15559,4151,6401,3330,10824,1515,1024,1,0,22,5,0,1,9899,360,119,0,0,4,6,1,221,7,2,2,11,2,8,377,356,6,16,6,17,59,30,13,4,32,0,190,30,63,10,15,9,19,54,1029,4,0,6,2,12,17,14,0,0,0,1,1,0,0,0,2,1,17,0,2,0,0,1,0,1,0,1,0,0,0,0,0,0,2,0,0,1,2,18,1,1,6,0,0,0,0,9,2,0,1,0
4151,16170,5208,12583,1151,460,1666,3,5,80,5,3,3,5252,2185,179,1,0,6,7,4,624,21,3,6,44,3,20,442,920,23,33,25,32,140,54,19,8,65,3,603,129,108,22,31,20,42,127,294,16,8,15,5,12,41,67,0,0,0,2,3,0,0,0,5,1,27,0,4,0,0,1,2,1,1,2,4,0,1,1,1,1,7,1,0,0,1,73,1,0,24,0,1,0,0,41,0,0,2,0
6401,5208,29581,6750,5854,8833,15191,2,3,26,1,2,3,350,25,35,0,0,1,3,3,250,5,1,1,10,1,6,176,261,6,16,3,11,62,20,11,2,323,3,197,38,16,9,11,8,13,220,109,4,6,212,2,735,49,132,1,0,1,0,2,1,0,0,12,0,16,0,3,0,0,0,2,1,0,0,0,0,1,1,0,0,2,2,0,0,1,43,0,2,5,0,0,0,0,32,0,0,1,0
3330,12583,6750,44666,1883,1749,16731,40,29,461,67,23,36,7069,14298,5377,4,0,62,100,44,870,33,28,57,102,41,30,463,943,682,88,100,74,1113,1254,231,74,254,9,662,249,3511,57,241,20,56,537,521,46,21,49,29,139,173,265,3,2,5,11,28,1,0,2,35,9,151,3,55,3,2,12,12,7,7,1,8,1,4,4,0,2,26,5,12,0,12,253,6,5,111,0,6,0,1,138,7,3,19,5
10824,1151,5854,1883,22003,18995,1520,3,2,37,2,0,2,4622,530,144,0,1,6,2,3,83,5,1,3,14,1,3,205,140,14,12,11,6,101,43,17,4,61,0,54,17,75,6,15,0,7,855,4645,3,0,0,2,46,14,30,0,0,2,0,3,0,0,0,1,1,13,0,1,0,0,0,1,2,0,0,1,0,1,0,0,0,0,1,0,0,1,22,1,1,12,1,2,0,0,5,0,2,1,0
1515,460,8833,1749,18995,37555,18302,0,9,9,0,1,0,483,289,167,0,0,1,1,3,28,1,9,12,4,26,2,100,51,5,2,3,1,1268,92,78,2,1291,6,18,3,27,5,7,2,1,6295,2919,0,4,14,3,210,84,104,0,0,0,0,5,0,0,0,5,1,21,0,3,0,1,1,1,1,0,1,1,0,2,0,0,0,2,0,1,0,1,55,0,1,16,0,1,0,0,56,8,0,1,0
1024,1666,15191,16731,1520,18302,48117,12,47,208,33,16,10,1156,447,1791,8,0,34,39,32,324,17,62,62,50,53,17,124,207,265,31,48,21,4998,699,376,42,6350,8,187,71,277,49,75,12,28,2968,212,18,20,70,21,540,310,840,1,3,4,14,16,3,1,1,48,10,172,2,51,4,4,15,7,10,3,1,7,0,7,5,0,2,21,3,5,0,18,325,14,5,123,1,2,0,0,229,6,4,18,5
1,3,2,40,3,0,12,27052,5065,109,1516,588,6133,98,76,499,1670,4148,1917,5455,297,3552,235,23,86,165,22,17,15,46,684,356,861,63,6,160,183,238,3,3,42,19,473,87,2238,60,117,0,2,16,0,1,0,0,0,3,11,23,13,186,7,0,5,0,1,1,6,11,47,18,16,1,22,40,9,4,8,0,1,1,0,7,4,1,5,0,16,7,7,3,5,0,5,0,0,0,0,0,7,2
0,5,3,29,2,9,47,5065,53735,98,521,1043,1052,37,13,143,536,89,4199,3636,691,1383,286,7472,8037,157,6474,44,17,29,62,165,562,58,180,1007,9981,245,566,55,31,30,79,461,308,43,216,52,4,18,0,4,5,1,9,22,106,249,148,2578,77,22,34,52,16,15,55,90,419,376,104,34,173,575,78,34,118,0,5,42,7,68,29,9,81,6,334,86,32,65,18,4,52,0,2,4,1,14,50,22
22,80,26,461,37,9,208,109,98,44520,2850,2317,227,260,293,1306,56,11,376,138,5419,4447,691,52,102,349,38,167,157,394,383,943,1180,112,180,1559,207,109,138,10,7639,7458,3040,317,180,197,1217,31,26,3888,0,1,3,0,7,16,1,2,5,7,16,1,0,0,5,4,36,0,71,2,5,7,10,7,3,3,4,0,3,6,0,1,8,0,3,0,2,56,5,6,37,1,10,0,1,7,1,2,11,2
5,5,1,67,2,0,33,1516,521,2850,4246,8075,611,39,47,571,172,110,1363,330,1964,3875,1380,7,80,121,12,33,19,56,181,113,320,47,27,290,24,67,16,6,171,141,384,127,139,170,312,4,1,105,0,1,0,0,0,2,0,0,0,5,5,0,0,0,1,0,4,0,10,1,2,1,1,5,0,2,1,0,0,1,1,0,2,0,3,1,0,5,2,2,3,1,6,0,0,2,0,0,1,0
0,3,2,23,0,1,16,588,1043,2317,8075,22745,6680,73,62,300,2902,248,1014,1112,8172,3299,5371,88,855,174,52,63,33,196,694,204,3407,48,31,233,63,368,16,2,306,409,726,326,531,176,670,1,3,355,0,0,0,0,1,2,1,3,11,17,2,1,2,0,1,0,9,6,35,19,5,2,9,29,2,5,4,0,0,1,0,5,1,0,17,0,1,9,1,14,2,3,13,0,1,0,1,0,3,0
1,3,3,36,2,0,10,6133,1052,227,611,6680,29307,426,227,478,6558,600,892,2288,1020,1419,280,20,427,61,32,14,34,270,1428,365,3940,31,9,133,64,62,4,1,96,126,1390,46,848,32,135,0,4,262,0,2,0,0,0,0,2,6,1,66,1,1,1,1,1,0,3,2,14,22,0,1,6,33,3,2,8,0,0,1,0,4,0,1,3,0,7,3,1,3,1,0,3,0,0,0,0,0,0,1
9899,5252,350,7069,4622,483,1156,98,37,260,39,73,426,56098,12850,1517,19,7,58,191,85,763,138,9,107,473,19,128,5382,27264,358,1881,1047,363,366,506,114,82,160,23,1071,828,8140,96,1631,72,281,190,13214,2257,5,12,17,2,42,97,2,0,3,9,26,1,1,0,22,13,108,0,36,4,2,6,14,24,4,5,10,0,6,6,1,3,23,1,19,1,6,135,6,22,70,2,16,0,0,30,2,3,14,1
360,2185,25,14298,530,289,447,76,13,293,47,62,227,12850,16474,1349,21,4,47,90,101,609,54,5,37,156,14,33,441,2070,225,503,390,83,113,335,42,43,43,8,684,665,15648,32,611,22,106,49,323,2993,3,4,2,1,11,21,0,0,1,3,7,0,2,0,5,0,37,0,14,1,0,0,0,3,1,2,6,0,1,1,0,1,5,2,7,1,1,54,6,9,24,0,2,0,0,10,1,2,2,2
119,179,35,5377,144,167,1791,499,143,1306,571,300,478,1517,1349,19130,392,201,2872,420,1043,917,97,15,51,157,30,31,184,542,9256,184,328,66,1469,5601,224,166,152,11,553,339,6494,68,758,14,76,289,86,130,11,33,21,4,85,131,1,2,8,16,43,0,2,2,39,18,147,1,133,7,7,14,28,17,18,9,14,2,2,13,2,9,32,6,9,0,7,254,32,6,122,0,8,1,0,53,7,8,40,12
0,1,0,4,0,0,8,1670,536,56,172,2902,6558,19,21,392,8116,1514,1114,62,4063,400,154,30,36,14,5,4,7,29,1764,50,503,4,4,66,45,16,4,1,16,24,239,16,55,14,60,0,0,29,0,0,0,0,0,2,0,4,15,18,6,1,1,0,1,0,1,2,22,1,1,1,12,4,2,0,0,0,0,1,0,0,2,0,0,0,5,11,3,1,4,1,1,0,0,0,0,0,1,0
0,0,0,0,1,0,0,4148,89,11,110,248,600,7,4,201,1514,1360,708,46,298,172,30,7,6,10,2,1,1,5,982,25,140,3,2,11,13,5,1,0,5,4,29,7,57,3,17,0,0,2,0,0,0,0,0,0,0,1,4,11,3,1,0,1,0,0,0,0,15,0,3,0,3,2,5,0,1,0,0,2,0,0,1,1,1,0,1,3,2,0,0,0,0,0,0,0,0,0,1,0
4,6,1,62,6,1,34,1917,4199,376,1363,1014,892,58,47,2872,1114,708,11599,1444,1914,1142,204,1431,579,148,249,13,14,72,3486,121,488,48,28,5597,1015,271,117,2,87,87,624,148,500,21,95,8,6,51,4,2,3,0,4,27,6,18,78,187,88,9,11,4,18,19,115,28,437,35,70,30,101,69,102,9,23,0,5,41,6,19,27,7,32,1,14,154,71,23,48,1,14,0,2,6,3,7,59,26
6,7,3,100,2,1,39,5455,3636,138,330,1112,2288,191,90,420,62,46,1444,19247,89,2148,894,96,3856,488,764,66,39,164,186,508,4986,141,66,605,105,4198,26,8,85,115,407,594,4476,107,392,15,5,107,0,2,3,0,2,11,56,16,5,339,8,0,7,40,4,4,18,0,35,426,2,12,20,843,1,31,89,1,0,5,9,160,0,5,221,8,8,16,1,105,6,2,53,1,6,3,0,1,7,1
1,4,3,44,3,3,32,297,691,5419,1964,8172,1020,85,101,1043,4063,298,1914,89,18942,894,394,146,62,40,8,28,44,345,1643,244,794,36,76,667,175,42,50,1,539,1103,4498,86,78,37,248,5,3,1596,1,2,2,1,1,1,1,4,14,25,10,0,0,1,2,0,14,8,100,2,7,4,28,5,8,0,1,0,1,4,0,2,9,1,1,0,2,32,4,2,3,0,2,0,0,2,2,1,7,2
221,624,250,870,83,28,324,3552,1383,4447,3875,3299,1419,763,609,917,400,172,1142,2148,894,14118,3793,59,1019,1689,218,941,4110,989,298,1059,832,934,174,741,114,984,147,102,10241,1384,1674,2317,1210,2997,1908,40,46,403,1,3,3,3,9,25,3,4,3,13,13,2,3,0,9,8,34,2,41,15,6,10,6,37,2,22,21,4,1,1,5,8,16,5,26,18,4,55,5,26,29,24,59,1,2,13,0,3,4,0
7,21,5,33,5,1,17,235,286,691,1380,5371,280,138,54,97,154,30,204,894,394,3793,11951,65,1458,1869,502,202,104,196,110,1086,2615,382,27,139,23,1721,32,37,280,198,204,3524,1642,3308,4703,6,3,102,0,0,1,0,2,1,1,0,2,10,0,0,2,2,0,0,6,0,6,11,0,10,1,46,0,27,48,0,0,1,3,21,0,1,32,8,0,5,0,40,0,6,68,1,0,0,0,0,2,0
2,3,1,28,1,9,62,23,7472,52,7,88,20,9,5,15,30,7,1431,96,146,59,65,8886,1344,36,1985,43,5,13,9,27,104,34,645,6281,5903,28,5364,109,19,25,26,349,20,2,38,68,3,10,4,2,2,0,4,14,6,16,33,150,34,4,8,4,7,2,60,20,195,29,24,15,52,85,29,14,37,1,3,19,2,24,13,6,34,1,12,63,26,22,20,2,35,0,4,3,2,5,18,5
2,6,1,57,3,12,62,86,8037,102,80,855,427,107,37,51,36,6,579,3856,62,1019,1458,1344,12578,462,14280,66,37,150,29,873,3296,211,305,724,355,1146,863,155,87,91,107,3650,463,56,799,260,5,83,0,4,10,0,9,13,56,23,5,216,4,7,40,43,7,19,51,3,49,566,3,67,47,1671,6,150,555,3,1,7,54,432,8,22,728,24,13,21,9,650,13,28,559,4,23,7,1,0,8,6
11,44,10,102,14,4,50,165,157,349,121,174,61,473,156,157,14,10,148,488,40,1689,1869,36,462,26555,402,149,186,416,63,6687,700,3380,35,176,41,4476,67,84,422,218,320,9362,5740,470,2124,18,8,77,0,1,0,0,1,1,0,2,1,6,5,1,6,1,0,4,7,1,9,7,1,55,4,43,1,576,248,13,0,4,333,77,0,1,67,106,1,4,6,118,5,219,1096,6,82,2,0,0,1,0
2,3,1,41,1,26,53,22,6474,38,12,52,32,19,14,30,5,2,249,764,8,218,502,1985,14280,402,31280,1565,46,47,9,488,385,747,464,692,1594,259,3497,5748,50,14,24,19566,263,73,533,1144,26,11,1,2,5,0,35,29,4,5,2,39,4,0,11,6,4,7,15,0,11,48,2,42,11,283,3,449,569,15,0,3,97,141,2,4,188,61,1,18,2,284,7,162,831,3,24,18,1,0,4,2
8,20,6,30,3,2,17,17,44,167,33,63,14,128,33,31,4,1,13,66,28,941,202,43,66,149,1565,55278,2089,327,9,201,86,12174,14,33,372,176,408,13021,626,125,61,939,249,7312,2620,104,14,41,0,0,0,0,2,0,0,1,0,1,1,0,0,0,0,0,0,0,4,2,1,8,0,8,0,13,23,138,0,0,6,1,0,0,1,107,2,1,1,3,1,539,112,7,5,4,0,0,0,0
377,442,176,463,205,100,124,15,17,157,19,33,34,5382,441,184,7,1,14,39,44,4110,104,5,37,186,46,2089,86658,13941,37,432,210,1073,69,138,45,42,54,232,18530,411,542,279,133,1067,1185,87,4847,175,0,1,2,0,5,8,0,1,0,0,2,0,0,0,4,1,14,0,7,0,0,2,0,1,1,0,3,3,0,1,2,1,2,1,1,4,1,24,1,4,5,19,14,0,0,1,0,1,3,0
356,920,261,943,140,51,207,46,29,394,56,196,270,27264,2070,542,29,5,72,164,345,989,196,13,150,416,47,327,13941,75919,199,2635,1616,498,140,417,104,106,102,33,12750,8206,4603,259,917,222,765,39,1129,2197,0,3,5,1,11,26,0,0,1,5,12,1,1,1,11,4,39,3,37,5,0,6,4,17,4,5,4,0,2,3,2,9,9,1,16,4,1,51,3,9,40,3,16,0,0,15,0,3,14,0
6,23,6,682,14,5,265,684,62,383,181,694,1428,358,225,9256,1764,982,3486,186,1643,298,110,9,29,63,9,9,37,199,13681,216,572,29,113,1202,122,39,50,1,184,166,9438,27,466,2,67,15,9,191,0,3,2,0,5,27,0,1,7,11,16,2,1,0,10,2,42,4,81,2,7,14,14,9,12,1,3,1,0,6,1,4,12,5,5,0,1,59,10,1,34,0,3,0,1,7,1,5,22,3
16,33,16,88,12,2,31,356,165,943,113,204,365,1881,503,184,50,25,121,508,244,1059,1086,27,873,6687,488,201,432,2635,216,45339,7440,2279,23,147,27,2028,38,36,971,975,1371,3783,7344,304,11783,8,32,953,1,0,0,0,1,2,0,2,0,8,3,0,1,2,0,0,9,0,11,9,1,38,3,84,1,341,168,11,0,4,187,58,3,2,70,108,1,4,5,90,7,137,664,4,49,1,0,1,1,0
6,25,3,100,11,3,48,861,562,1180,320,3407,3940,1047,390,328,503,140,488,4986,794,832,2615,104,3296,700,385,86,210,1616,572,7440,19146,195,50,337,37,2703,39,6,675,1079,1542,1683,7043,79,1681,6,20,1149,0,0,0,0,0,6,10,7,2,36,3,2,7,3,1,1,11,2,17,115,1,7,10,273,6,21,75,0,1,4,10,66,0,4,97,4,2,13,2,90,2,2,76,0,4,3,0,0,0,2
17,32,11,74,6,1,21,63,58,112,47,48,31,363,83,66,4,3,48,141,36,934,382,34,211,3380,747,12174,1073,498,29,2279,195,23123,24,81,144,707,203,7477,695,113,199,7047,1293,2383,5124,67,18,61,0,0,0,0,1,0,2,0,0,3,1,1,5,0,0,0,3,0,2,1,0,26,2,29,0,157,178,407,2,1,143,16,0,0,11,965,5,1,0,19,3,2705,968,38,116,3,0,0,0,2
59,140,62,1113,101,1268,4998,6,180,180,27,31,9,366,113,1469,4,2,28,66,76,174,27,645,305,35,464,14,69,140,113,23,50,24,14070,5222,2282,55,12169,19,80,51,175,116,36,7,33,5104,179,12,31,75,41,18,390,451,1,5,16,46,63,5,1,0,74,27,375,6,158,13,14,52,43,35,17,13,15,3,13,11,2,6,77,14,18,2,33,546,23,13,270,4,15,0,2,249,15,5,70,3
30,54,20,1254,43,92,699,160,1007,1559,290,233,133,506,335,5601,66,11,5597,605,667,741,139,6281,724,176,692,33,138,417,1202,147,337,81,5222,13385,3508,281,7399,37,489,350,1974,299,311,16,87,786,53,133,17,44,48,6,92,254,7,19,69,130,200,12,8,6,112,50,386,19,562,34,60,67,105,78,94,15,38,0,29,44,7,37,122,23,30,3,33,620,95,39,400,4,24,2,2,81,9,22,115,20
13,19,11,231,17,78,376,183,9981,207,24,63,64,114,42,224,45,13,1015,105,175,114,23,5903,355,41,1594,372,45,104,122,27,37,144,2282,3508,4501,22,11839,494,87,76,329,695,26,23,28,1074,22,27,4,11,23,5,68,100,8,45,83,648,167,18,15,8,28,36,171,30,717,11,129,42,168,36,136,8,13,2,7,52,4,22,49,12,2,3,51,495,158,6,277,7,18,1,3,62,4,20,111,35
4,8,2,74,4,2,42,238,245,109,67,368,62,82,43,166,16,5,271,4198,42,984,1721,28,1146,4476,259,176,42,106,39,2028,2703,707,55,281,22,14411,35,46,100,61,144,6645,3818,83,1247,15,2,42,0,1,4,0,1,6,3,3,4,19,5,4,13,3,1,8,21,1,10,45,2,41,17,279,2,151,234,1,0,6,18,120,4,8,245,5,3,19,1,255,13,10,214,2,13,4,0,0,4,1
32,65,323,254,61,1291,6350,3,566,138,16,16,4,160,43,152,4,1,117,26,50,147,32,5364,863,67,3497,408,54,102,50,38,39,203,12169,7399,11839,35,31782,805,74,37,157,1271,25,15,51,6610,147,19,16,38,21,14,105,162,0,4,21,27,71,3,2,2,45,15,243,4,169,11,9,36,35,15,15,12,26,3,13,11,3,10,44,6,13,4,23,352,14,13,219,12,33,4,4,93,11,9,46,6
0,3,3,9,0,6,8,3,55,10,6,2,1,23,8,11,1,0,2,8,1,102,37,109,155,84,5748,13021,232,33,1,36,6,7477,19,37,494,46,805,31946,75,9,10,11753,51,386,388,185,2,0,0,0,0,0,1,0,0,0,0,1,0,0,1,0,0,2,2,0,0,1,2,17,1,20,1,74,109,339,1,0,35,4,0,0,4,452,3,3,2,7,2,1796,516,15,32,1,0,0,0,1
190,603,197,662,54,18,187,42,31,7639,171,306,96,1071,684,553,16,5,87,85,539,10241,280,19,87,422,50,626,18530,12750,184,971,675,695,80,489,87,100,74,75,60091,13353,2175,538,223,709,1223,25,101,1680,0,0,5,1,3,14,0,0,1,1,6,0,0,0,4,1,29,0,36,3,1,6,2,4,1,10,8,1,1,2,4,0,6,2,6,4,3,33,3,3,19,21,17,1,1,7,0,0,5,0
30,129,38,249,17,3,71,19,30,7458,141,409,126,828,665,339,24,4,87,115,1103,1384,198,25,91,218,14,125,411,8206,166,975,1079,113,51,350,76,61,37,9,13353,26415,3804,180,202,79,626,10,26,12530,0,0,2,0,0,6,0,0,1,3,3,0,0,0,3,0,11,1,22,2,0,3,2,9,2,1,2,0,0,0,0,2,0,1,5,0,1,16,1,1,8,0,1,0,0,2,0,2,4,0
63,108,16,3511,75,27,277,473,79,3040,384,726,1390,8140,15648,6494,239,29,624,407,4498,1674,204,26,107,320,24,61,542,4603,9438,1371,1542,199,175,1974,329,144,157,10,2175,3804,55712,97,1919,40,286,34,89,11119,4,8,7,0,13,46,0,1,3,11,41,2,2,1,28,15,127,0,142,7,2,31,12,21,6,5,8,1,5,4,1,6,38,4,8,0,7,158,12,12,85,1,12,0,1,19,2,5,34,5
10,22,9,57,6,5,49,87,461,317,127,326,46,96,32,68,16,7,148,594,86,2317,3524,349,3650,9362,19566,939,279,259,27,3783,1683,7047,116,299,695,6645,1271,11753,538,180,97,42457,545,636,3567,462,21,66,0,0,4,0,10,22,2,4,4,22,7,7,30,6,5,9,24,3,15,36,6,149,14,215,1,1781,1052,108,1,8,681,249,7,15,356,591,7,12,5,473,15,1272,3444,25,262,19,0,1,2,5
15,31,11,241,15,7,75,2238,308,180,139,531,848,1631,611,758,55,57,500,4476,78,1210,1642,20,463,5740,263,249,133,917,466,7344,7043,1293,36,311,26,3818,25,51,223,202,1919,545,11949,103,1132,9,17,309,0,0,2,1,1,7,8,3,3,27,4,2,23,16,2,4,23,1,27,146,3,24,18,509,6,94,208,2,0,10,13,217,7,11,338,9,1,23,7,279,18,11,247,4,8,0,0,2,7,5
9,20,8,20,0,2,12,60,43,197,170,176,32,72,22,14,14,3,21,107,37,2997,3308,2,56,470,73,7312,1067,222,2,304,79,2383,7,16,23,83,15,386,709,79,40,636,103,10167,7104,10,4,17,0,0,0,0,0,0,0,0,0,1,0,0,0,0,0,0,1,0,1,2,0,2,1,6,0,7,6,32,0,1,3,1,0,0,1,44,0,0,0,4,1,154,30,2,3,0,0,0,1,0
19,42,13,56,7,1,28,117,216,1217,312,670,135,281,106,76,60,17,95,392,248,1908,4703,38,799,2124,533,2620,1185,765,67,11783,1681,5124,33,87,28,1247,51,388,1223,626,286,3567,1132,7104,25031,8,8,306,0,0,0,0,1,1,1,2,1,6,1,0,2,1,0,1,3,1,2,5,1,11,2,31,2,111,81,65,0,2,65,21,1,1,40,257,0,2,2,37,4,568,360,15,33,0,0,0,0,1
54,127,220,537,855,6295,2968,0,52,31,4,1,0,190,49,289,0,0,8,15,5,40,6,68,260,18,1144,104,87,39,15,8,6,67,5104,786,1074,15,6610,185,25,10,34,462,9,10,8,7241,559,3,9,31,14,10,162,113,1,2,3,1,6,0,0,0,14,4,56,2,17,1,1,4,3,1,0,4,4,1,2,5,0,3,9,1,4,2,7,112,1,1,35,7,2,0,0,135,9,0,3,0
1029,294,109,521,4645,2919,212,2,4,26,1,3,4,13214,323,86,0,0,6,5,3,46,3,3,5,8,26,14,4847,1129,9,32,20,18,179,53,22,2,147,2,101,26,89,21,17,4,8,559,13676,5,0,2,2,1,3,9,0,1,0,0,3,0,0,0,1,0,4,0,1,0,0,0,0,1,0,0,0,0,0,0,0,1,1,0,2,0,1,9,0,2,8,0,1,0,0,2,2,0,1,0
4,16,4,46,3,0,18,16,18,3888,105,355,262,2257,2993,130,29,2,51,107,1596,403,102,10,83,77,11,41,175,2197,191,953,1149,61,12,133,27,42,19,0,1680,12530,11119,66,309,17,306,3,5,15484,0,0,1,0,0,2,0,0,1,1,0,0,0,0,0,0,6,0,12,2,1,1,0,4,0,1,3,0,0,1,0,2,1,0,4,1,0,9,1,3,4,1,4,0,0,1,0,0,4,0
0,8,6,21,0,4,20,0,0,0,0,0,0,5,3,11,0,0,4,0,1,1,0,4,0,0,1,0,0,0,0,1,0,0,31,17,4,0,16,0,0,0,4,0,0,0,0,9,0,0,45710,12782,3316,8062,7408,2525,7,1,0,0,53,2,4,3,15061,51,147,2,10,6,1,74,1,2,1,26,0,0,79,4,8,14,209,6,22,13,16,146,6,15,53,1,3,3,3,70,8794,24,91,4
6,15,212,49,0,14,70,1,4,1,1,0,2,12,4,33,0,0,2,2,2,3,0,2,4,1,2,0,1,3,3,0,0,0,75,44,11,1,38,0,0,0,8,0,0,0,0,31,2,0,12782,68388,5156,13819,1688,11577,3,4,2,8,126,3,3,0,9800,63,120,0,9,10,4,301,7,9,4,19,0,2,176,6,5,14,663,7,17,10,16,245,13,8,61,0,5,16,5,145,283,123,370,14
2,5,2,29,2,3,21,0,5,3,0,0,0,17,2,21,0,0,3,3,2,3,1,2,10,0,5,0,2,5,2,0,0,0,41,48,23,4,21,0,5,2,7,4,2,0,0,14,2,1,3316,5156,32639,20,157,12232,63,20,7,20,372,11,18,35,22173,3482,4845,9,37,76,18,381,12,29,37,309,8,33,348,45,117,236,1510,122,268,110,32,396,118,89,80,4,46,18,59,60,1036,145,663,98
12,12,735,139,46,210,540,0,1,0,0,0,0,2,1,4,0,0,0,0,1,3,0,0,0,0,0,0,0,1,0,0,0,0,18,6,5,0,14,0,1,0,0,0,1,0,0,10,1,0,8062,13819,20,38755,13891,14006,1,0,0,2,3,0,1,0,73,0,14,0,0,0,0,7,2,2,0,1,0,0,2,0,1,2,11,0,2,0,1,80,0,1,35,0,0,0,0,407,18,0,5,0
17,41,49,173,14,84,310,0,9,7,0,1,0,42,11,85,0,0,4,2,1,9,2,4,9,1,35,2,5,11,5,1,0,1,390,92,68,1,105,1,3,0,13,10,1,0,1,162,3,0,7408,1688,157,13891,30541,8814,1,3,2,10,41,2,3,2,368,19,313,0,19,10,3,26,13,42,3,21,76,10,57,1,10,13,43,1,17,5,69,2822,5,18,3225,13,25,1,2,8289,1419,4,33,3
14,67,132,265,30,104,840,3,22,16,2,2,0,97,21,131,2,0,27,11,1,25,1,14,13,1,29,0,8,26,27,2,6,0,451,254,100,6,162,0,14,6,46,22,7,0,1,113,9,2,2525,11577,12232,14006,8814,49564,84,56,16,54,563,39,34,39,4547,469,4919,16,154,123,35,456,63,93,71,338,53,17,210,81,109,216,1019,177,333,105,177,5849,112,179,3072,5,77,29,45,1521,487,138,676,75
0,0,1,3,0,0,1,11,106,1,0,1,2,2,0,1,0,0,6,56,1,3,1,6,56,0,4,0,0,0,0,0,10,2,1,7,8,3,0,0,0,0,0,2,8,0,1,1,0,0,7,3,63,1,1,84,2855,5485,727,456,41,124,114,2558,41,20,532,935,534,2156,23,328,7,125,23,49,43,6,6,291,49,2260,23,179,198,42,23,22,12,16,0,2,43,16,25,4,3,8,17,7
0,0,0,2,0,0,3,23,249,2,0,3,6,0,0,2,4,1,18,16,4,4,0,16,23,2,5,1,1,0,1,2,7,0,5,19,45,3,4,0,0,0,1,4,3,0,2,2,1,0,1,4,20,0,3,56,5485,14824,3300,5181,246,492,507,1582,16,11,426,5220,1231,1966,180,1207,16,84,23,234,43,29,8,244,77,648,13,76,488,83,103,45,13,118,8,6,114,40,87,6,3,8,17,11
0,0,1,5,2,0,4,13,148,5,0,11,1,3,1,8,15,4,78,5,14,3,2,33,5,1,2,0,0,1,7,0,2,0,16,69,83,4,21,0,1,1,3,4,3,0,1,3,0,1,0,2,7,0,2,16,727,3300,7260,2151,621,444,427,476,8,9,421,3256,2653,510,728,530,33,86,682,200,22,4,3,2747,98,595,11,35,366,39,59,35,33,105,11,2,55,7,37,0,3,5,59,16
1,2,0,11,0,0,14,186,2578,7,5,17,66,9,3,16,18,11,187,339,25,13,10,150,216,6,39,1,0,5,11,8,36,3,46,130,648,19,27,1,1,3,11,22,27,1,6,1,0,1,0,8,20,2,10,54,456,5181,2151,53300,584,524,1051,1093,42,73,227,759,3025,4450,543,1409,9302,10310,143,308,2945,49,15,183,126,637,79,32,448,143,7060,351,64,404,222,10,348,44,116,17,7,35,179,67
1,3,2,28,3,5,16,7,77,16,5,2,1,26,7,43,6,3,88,8,10,13,0,34,4,5,4,1,2,12,16,3,3,1,63,200,167,5,71,0,6,3,41,7,4,0,1,6,3,0,53,126,372,3,41,563,41,246,621,584,42675,4727,2968,116,376,635,1972,417,1564,70,6505,4203,108,100,381,96,47,32,208,499,80,265,904,274,97,95,95,594,1436,71,430,13,242,135,209,74,49,21002,29489,9417
0,0,1,1,0,0,3,0,22,1,0,1,1,1,0,0,1,1,9,0,0,2,0,4,7,1,0,0,0,1,2,0,2,1,5,12,18,4,3,0,0,0,2,7,2,0,0,0,0,0,2,3,11,0,2,39,124,492,444,524,4727,6595,8550,328,18,71,255,1099,643,129,3725,6378,28,132,379,46,48,14,21,345,39,440,39,29,91,35,18,79,185,81,26,4,242,138,154,7,4,36,240,284
0,0,0,0,0,0,1,5,34,0,0,2,1,1,2,2,1,0,11,7,0,3,2,8,40,6,11,0,0,1,1,1,7,5,1,8,15,13,2,1,0,0,2,30,23,0,2,0,0,0,4,3,18,1,3,34,114,507,427,1051,2968,8550,23015,5095,20,129,328,5853,406,728,6858,8640,77,867,1263,152,214,29,16,954,185,9181,61,125,501,174,7,64,564,362,18,15,676,289,647,6,0,27,216,349
0,0,0,2,0,0,1,0,52,0,0,0,1,0,0,2,0,1,4,40,1,0,2,4,43,1,6,0,0,1,0,2,3,0,0,6,8,3,2,0,0,0,1,6,16,0,1,0,0,0,3,0,35,0,2,39,2558,1582,476,1093,116,328,5095,16178,20,52,441,5137,316,911,486,661,18,355,230,59,65,9,7,600,136,8962,16,187,214,52,6,14,69,64,3,5,119,43,110,1,4,4,37,25
2,5,12,35,1,5,48,1,16,5,1,1,1,22,5,39,1,0,18,4,2,9,0,7,7,0,4,0,4,11,10,0,1,0,74,112,28,1,45,0,4,3,28,5,2,0,0,14,1,0,15061,9800,22173,73,368,4547,41,16,8,42,376,18,20,20,68770,8698,2150,4,45,85,32,493,12,49,27,291,12,37,6091,66,147,218,17292,342,232,142,71,346,252,78,163,4,56,30,45,80,14945,345,1116,158
1,1,0,9,1,1,10,1,15,4,0,0,0,13,0,18,0,0,19,4,0,8,0,2,19,4,7,0,1,4,2,0,1,0,27,50,36,8,15,2,1,0,15,9,4,0,1,4,0,0,51,63,3482,0,19,469,20,11,9,73,635,71,129,52,8698,42856,4980,13,85,54,168,641,14,120,241,399,35,99,447,513,549,706,6096,6595,429,470,36,74,5991,70,101,24,158,62,272,16,108,221,4820,7952
17,27,16,151,13,21,172,6,55,36,4,9,3,108,37,147,1,0,115,18,14,34,6,60,51,7,15,0,14,39,42,9,11,3,375,386,171,21,243,2,29,11,127,24,23,1,3,56,4,6,147,120,4845,14,313,4919,532,426,421,227,1972,255,328,441,2150,4980,25024,301,4756,608,378,1135,103,187,1441,1267,61,56,271,9384,638,1573,1754,5110,1699,433,199,3385,824,415,869,9,212,37,204,744,189,274,1515,353
0,0,0,3,0,0,2,11,90,0,0,6,2,0,0,1,2,0,28,0,8,2,0,20,3,1,0,0,0,3,4,0,2,0,6,19,30,1,4,0,0,1,0,3,1,0,1,2,0,0,2,0,9,0,0,16,935,5220,3256,759,417,1099,5853,5137,4,13,301,7002,943,80,5504,939,32,43,1131,27,11,10,7,2920,72,973,16,38,184,24,54,42,68,27,4,4,44,23,52,2,1,10,54,50
2,4,3,55,1,3,51,47,419,71,10,35,14,36,14,133,22,15,437,35,100,41,6,195,49,9,11,4,7,37,81,11,17,2,158,562,717,10,169,0,36,22,142,15,27,1,2,17,1,12,10,9,37,0,19,154,534,1231,2653,3025,1564,643,406,316,45,85,4756,943,15990,979,807,981,3741,1010,696,431,236,15,34,507,121,604,181,40,618,85,504,3805,472,340,912,14,191,25,75,87,11,91,552,159
0,0,0,3,0,0,4,18,376,2,1,19,22,4,1,7,1,0,35,426,2,15,11,29,566,7,48,2,0,5,2,9,115,1,13,34,11,45,11,1,3,2,7,36,146,2,5,1,0,2,6,10,76,0,10,123,2156,1966,510,4450,70,129,728,911,85,54,608,80,979,11911,58,655,59,3626,59,489,470,28,8,181,206,2894,66,152,2543,145,50,135,55,3430,39,3,368,43,164,16,8,4,58,27
0,0,0,2,0,1,4,16,104,5,2,5,0,2,0,7,1,3,70,2,7,6,0,24,3,1,2,1,0,0,7,1,1,0,14,60,129,2,9,2,1,0,2,6,3,0,1,1,0,1,1,4,18,0,3,35,23,180,728,543,6505,3725,6858,486,32,168,378,5504,807,58,26577,1867,110,93,6696,52,35,21,17,2272,96,496,184,44,69,81,71,163,1289,35,61,11,145,73,209,8,6,76,1437,5543
1,1,0,12,0,1,15,1,34,7,1,2,1,6,0,14,1,0,30,12,4,10,10,15,67,55,42,8,2,6,14,38,7,26,52,67,42,41,36,17,6,3,31,149,24,2,11,4,0,1,74,301,381,7,26,456,328,1207,530,1409,4203,6378,8640,661,493,641,1135,939,981,655,1867,35613,142,1244,585,1698,1239,2061,2670,541,778,6388,1529,385,1244,1494,57,268,741,1944,188,189,6255,9138,8669,47,88,5364,2197,829
0,2,2,12,1,1,7,22,173,10,1,9,6,14,0,28,12,3,101,20,28,6,1,52,47,4,11,0,0,4,14,3,10,2,43,105,168,17,35,1,2,2,12,14,18,1,2,3,0,0,1,7,12,2,13,63,7,16,33,9302,108,28,77,18,12,14,103,32,3741,59,110,142,8329,2826,71,26,694,1,8,35,33,126,25,7,13,16,4723,2969,56,82,1603,28,225,3,31,49,4,8,49,24
1,1,1,7,2,1,10,40,575,7,5,29,33,24,3,17,4,2,69,843,5,37,46,85,1671,43,283,8,1,17,9,84,273,29,35,78,36,279,15,20,4,9,21,215,509,6,31,1,1,4,2,9,29,2,42,93,125,84,86,10310,100,132,867,355,49,120,187,43,1010,3626,93,1244,2826,20860,96,330,12792,124,22,78,346,2206,79,84,343,204,1285,691,103,877,1124,578,2025,54,317,234,24,6,52,49
0,1,0,7,0,0,3,9,78,3,0,2,3,4,1,18,2,5,102,1,8,2,0,29,6,1,3,0,1,4,12,1,6,0,17,94,136,2,15,1,1,2,6,1,6,0,2,0,0,0,1,4,37,0,3,71,23,23,682,143,381,379,1263,230,27,241,1441,1131,696,59,6696,585,71,96,4630,60,25,7,7,6123,170,642,84,542,133,71,32,186,1752,57,50,4,90,29,207,2,3,18,218,1431
1,2,0,1,0,1,1,4,34,3,2,5,2,5,2,9,0,0,9,31,0,22,27,14,150,576,449,13,0,5,1,341,21,157,13,15,8,151,12,74,10,1,5,1781,94,7,111,4,0,1,26,19,309,1,21,338,49,234,200,308,96,46,152,59,291,399,1267,27,431,489,52,1698,26,330,60,36810,1090,38,27,368,8507,2202,227,675,7758,7752,13,94,85,10805,39,80,10890,111,1515,30,26,25,108,44
0,4,0,8,1,1,7,8,118,4,1,4,8,10,6,14,0,1,23,89,1,21,48,37,555,248,569,23,3,4,3,168,75,178,15,38,13,234,26,109,8,2,8,1052,208,6,81,4,0,3,0,0,8,0,76,53,43,43,22,2945,47,48,214,65,12,35,61,11,236,470,35,1239,694,12792,25,1090,18338,1052,3,32,978,1335,28,40,818,354,1292,270,35,592,1231,6453,11045,79,645,608,33,9,27,17
0,0,0,1,0,0,0,0,0,0,0,0,0,0,0,2,0,0,0,1,0,4,0,1,3,13,15,138,3,0,1,11,0,407,3,0,2,1,3,339,1,0,1,108,2,32,65,1,0,0,0,2,33,0,10,17,6,29,4,49,32,14,29,9,37,99,56,10,15,28,21,2061,1,124,7,38,1052,49325,1780,17,105,130,363,54,46,11471,204,6,32,88,101,15816,718,21011,456,71,15,841,148,30
0,1,1,4,1,2,7,1,5,3,0,0,0,6,1,2,0,0,5,0,1,1,0,3,1,0,0,0,0,2,0,0,1,2,13,29,7,0,13,1,1,0,5,1,0,0,0,2,0,0,79,176,348,2,57,210,6,8,3,15,208,21,16,7,6091,447,271,7,34,8,17,2670,8,22,7,27,3,1780,141597,13,25,39,38697,65,27,199,20,42,80,12,43,30,54,1408,63,28,11988,19566,1723,104
0,1,1,4,0,0,5,1,42,6,1,1,1,6,1,13,1,2,41,5,4,1,1,19,7,4,3,0,1,3,6,4,4,1,11,44,52,6,11,0,2,0,4,8,10,1,2,5,0,1,4,6,45,0,1,81,291,244,2747,183,499,345,954,600,66,513,9384,2920,507,181,2272,541,35,78,6123,368,32,17,13,16596,446,1508,82,4455,841,216,28,48,1230,88,18,6,105,22,182,6,4,21,161,75
0,1,0,0,0,0,0,0,7,0,1,0,0,1,0,2,0,0,6,9,0,5,3,2,54,333,97,6,2,2,1,187,10,143,2,7,4,18,3,35,4,0,1,681,13,3,65,0,0,0,8,5,117,1,10,109,49,77,98,126,80,39,185,136,147,549,638,72,121,206,96,778,33,346,170,8507,978,105,25,446,33131,5116,175,587,3512,7492,8,43,300,1700,26,189,6783,316,12267,20,8,13,111,148
0,1,0,2,0,0,2,7,68,1,0,5,4,3,1,9,0,0,19,160,2,8,21,24,432,77,141,1,1,9,4,58,66,16,6,37,22,120,10,4,0,2,6,249,217,1,21,3,1,2,14,14,236,2,13,216,2260,648,595,637,265,440,9181,8962,218,706,1573,973,604,2894,496,6388,126,2206,642,2202,1335,130,39,1508,5116,31340,245,1109,13703,1226,22,109,584,2153,59,42,3005,166,6282,17,28,25,182,169
2,7,2,26,0,2,21,4,29,8,2,1,0,23,5,32,2,1,27,0,9,16,0,13,8,0,2,0,2,9,12,3,0,0,77,122,49,4,44,0,6,0,38,7,7,0,1,9,1,1,209,663,1510,11,43,1019,23,13,11,79,904,39,61,16,17292,6096,1754,16,181,66,184,1529,25,79,84,227,28,363,38697,82,175,245,112208,518,212,250,91,239,953,38,265,25,76,362,108,57,3424,16048,22949,1327
0,1,2,5,1,0,3,1,9,0,0,0,1,1,2,6,0,1,7,5,1,5,1,6,22,1,4,0,1,1,5,2,4,0,14,23,12,8,6,0,2,1,4,15,11,0,1,1,0,0,6,7,122,0,1,177,179,76,35,32,274,29,125,187,342,6595,5110,38,40,152,44,385,7,84,542,675,40,54,65,4455,587,1109,518,10125,929,440,13,20,1785,113,30,13,125,25,204,5,26,61,511,330
0,0,0,12,0,1,5,5,81,3,3,17,3,19,7,9,0,1,32,221,1,26,32,34,728,67,188,1,1,16,5,70,97,11,18,30,2,245,13,4,6,5,8,356,338,1,40,4,2,4,22,17,268,2,17,333,198,488,366,448,97,91,501,214,232,429,1699,184,618,2543,69,1244,13,343,133,7758,818,46,27,841,3512,13703,212,929,10151,746,12,84,166,3577,34,18,1429,61,450,17,17,14,111,72
1,0,0,0,0,0,0,0,6,0,1,0,0,1,1,0,0,0,1,8,0,18,8,1,24,106,61,107,4,4,0,108,4,965,2,3,3,5,4,452,4,0,0,591,9,44,257,2,0,1,13,10,110,0,5,105,42,83,39,143,95,35,174,52,142,470,433,24,85,145,81,1494,16,204,71,7752,354,11471,199,216,7492,1226,250,440,746,40550,12,41,171,1238,29,2536,9919,9307,6218,15,12,172,194,137
2,1,1,12,1,1,18,16,334,2,0,1,7,6,1,7,5,1,14,8,2,4,0,12,13,1,1,2,1,1,1,1,2,5,33,33,51,3,23,3,3,1,7,7,1,0,0,7,1,0,16,16,32,1,69,177,23,103,59,7060,95,18,7,6,71,36,199,54,504,50,71,57,4723,1285,32,13,1292,204,20,28,8,22,91,13,12,12,3398,1350,24,20,4457,456,185,5,9,636,13,13,65,16
18,73,43,253,22,55,325,7,86,56,5,9,3,135,54,254,11,3,154,16,32,55,5,63,21,4,18,1,24,51,59,4,13,1,546,620,495,19,352,3,33,16,158,12,23,0,2,112,9,9,146,245,396,80,2822,5849,22,45,35,351,594,79,64,14,346,74,3385,42,3805,135,163,268,2969,691,186,94,270,6,42,48,43,109,239,20,84,41,1350,21286,271,96,15648,18,137,8,43,5995,133,63,337,89
1,1,0,6,1,0,14,7,32,5,2,1,1,6,6,32,3,2,71,1,4,5,0,26,9,6,2,1,1,3,10,5,2,0,23,95,158,1,14,2,3,1,12,5,7,0,2,1,0,1,6,13,118,0,5,112,12,13,33,64,1436,185,564,69,252,5991,824,68,472,55,1289,741,56,103,1752,85,35,32,80,1230,300,584,953,1785,166,171,24,271,22701,70,225,13,165,71,363,5,16,101,2985,7857
1,0,2,5,1,1,5,3,65,6,2,14,3,22,9,6,1,0,23,105,2,26,40,22,650,118,284,3,4,9,1,90,90,19,13,39,6,255,13,7,3,1,12,473,279,4,37,1,2,3,15,8,89,1,18,179,16,118,105,404,71,81,362,64,78,70,415,27,340,3430,35,1944,82,877,57,10805,592,88,12,88,1700,2153,38,113,3577,1238,20,96,70,13630,57,60,11584,116,824,35,8,10,38,18
6,24,5,111,12,16,123,5,18,37,3,2,1,70,24,122,4,0,48,6,3,29,0,20,13,5,7,1,5,40,34,7,2,3,270,400,277,13,219,2,19,8,85,15,18,1,4,35,8,4,53,61,80,35,3225,3072,0,8,11,222,430,26,18,3,163,101,869,4,912,39,61,188,1603,1124,50,39,1231,101,43,18,26,59,265,30,34,29,4457,15648,225,57,26972,399,373,5,20,10763,184,54,278,65
0,0,0,0,1,0,1,0,4,1,1,3,0,2,0,0,1,0,1,2,0,24,6,2,28,219,162,539,19,3,0,137,2,2705,4,4,7,10,12,1796,21,0,1,1272,11,154,568,7,0,1,1,0,4,0,13,5,2,6,2,10,13,4,15,5,4,24,9,4,14,3,11,189,28,578,4,80,6453,15816,30,6,189,42,25,13,18,2536,456,18,13,60,399,39244,5890,404,325,245,12,15,14,10
0,1,0,6,2,1,2,5,52,10,6,13,3,16,2,8,1,0,14,53,2,59,68,35,559,1096,831,112,14,16,3,664,76,968,15,24,18,214,33,516,17,1,12,3444,247,30,360,2,1,4,3,5,46,0,25,77,43,114,55,348,242,242,676,119,56,158,212,44,191,368,145,6255,225,2025,90,10890,11045,718,54,105,6783,3005,76,125,1429,9919,185,137,165,11584,373,5890,40618,764,5164,227,23,36,109,114
0,0,0,0,0,0,0,0,0,0,0,0,0,0,0,1,0,0,0,1,0,1,1,0,4,6,3,7,0,0,0,4,0,38,0,2,1,2,4,15,1,0,0,25,4,2,15,0,0,0,3,16,18,0,1,29,16,40,7,44,135,138,289,43,30,62,37,23,25,43,73,9138,3,54,29,111,79,21011,1408,22,316,166,362,25,61,9307,5,8,71,116,5,404,764,22515,7188,0,14,994,226,80
0,0,0,1,0,0,0,0,2,1,0,1,0,0,0,0,0,0,2,6,0,2,0,4,23,82,24,5,0,0,1,49,4,116,2,2,3,13,4,32,1,0,1,262,8,3,33,0,0,0,3,5,59,0,2,45,25,87,37,116,209,154,647,110,45,272,204,52,75,164,209,8669,31,317,207,1515,645,456,63,182,12267,6282,108,204,450,6218,9,43,363,824,20,325,5164,7188,20540,10,3,49,149,191
9,41,32,138,5,56,229,0,4,7,2,0,0,30,10,53,0,0,6,3,2,13,0,3,7,2,18,4,1,15,7,1,3,3,249,81,62,4,93,1,7,2,19,19,0,0,0,135,2,1,70,145,60,407,8289,1521,4,6,0,17,74,7,6,1,80,16,744,2,87,16,8,47,49,234,2,30,608,71,28,6,20,17,57,5,17,15,636,5995,5,35,10763,245,227,0,10,8593,525,8,61,4
2,0,0,7,0,8,6,0,1,1,0,1,0,2,1,7,0,0,3,0,2,0,0,2,1,0,1,0,0,0,1,0,0,0,15,9,4,0,11,0,0,0,2,0,0,0,0,9,2,0,8794,283,1036,18,1419,487,3,3,3,7,49,4,0,4,14945,108,189,1,11,8,6,88,4,24,3,26,33,15,11988,4,8,28,3424,26,17,12,13,133,16,8,184,12,23,14,3,525,42922,239,309,9
0,0,0,3,2,0,4,0,14,2,0,0,0,3,2,8,0,0,7,1,1,3,0,5,0,0,0,0,1,3,5,1,0,0,5,22,20,0,9,0,0,2,5,1,2,0,0,0,0,0,24,123,145,0,4,138,8,8,5,35,21002,36,27,4,345,221,274,10,91,4,76,5364,8,6,18,25,9,841,19566,21,13,25,16048,61,14,172,13,63,101,10,54,15,36,994,49,8,239,55689,10502,292
1,2,1,19,1,1,18,7,50,11,1,3,0,14,2,40,1,1,59,7,7,4,2,18,8,1,4,0,3,14,22,1,0,0,70,115,111,4,46,0,5,4,34,2,7,1,0,3,1,4,91,370,663,5,33,676,17,17,59,179,29489,240,216,37,1116,4820,1515,54,552,58,1437,2197,49,52,218,108,27,148,1723,161,111,182,22949,511,111,194,65,337,2985,38,278,14,109,226,149,61,309,10502,50064,12591
0,0,0,5,0,0,5,2,22,2,0,0,1,1,2,12,0,0,26,1,2,0,0,5,6,0,2,0,0,0,3,0,2,2,3,20,35,1,6,1,0,0,5,5,5,0,1,0,0,0,4,14,98,0,3,75,7,11,16,67,9417,284,349,25,158,7952,353,50,159,27,5543,829,24,49,1431,44,17,30,104,75,148,169,1327,330,72,137,16,89,7857,18,65,10,114,80,191,4,9,292,12591,13773
