18268,3933,7491,1546,10921,1911,673,1,0,41,5,0,0,12359,58,70,0,0,2,3,0,609,1,0,0,3,2,2,114,268,4,5,3,5,29,15,12,1,14,2,258,158,4,1,7,8,5,21,1026,41,0,1,0,8,3,6,0,0,0,0,1,0,0,0,1,0,9,0,0,0,0,0,0,0,0,0,0,0,0,0,0,0,1,0,0,0,0,7,0,1,1,0,0,0,0,15,1,0,0,0
3933,16878,4132,12580,915,154,1113,2,3,98,11,2,0,6099,1352,143,2,0,3,2,0,774,5,1,4,8,0,6,178,595,14,11,8,10,112,51,13,4,27,5,376,336,20,4,20,11,12,22,242,90,1,9,1,3,11,14,0,0,0,3,0,0,0,0,4,0,8,0,1,0,0,1,0,1,0,0,0,0,0,0,0,0,2,0,0,0,2,34,0,1,10,0,1,0,0,52,0,0,1,0
7491,4132,24782,7141,3958,5073,12497,0,1,31,2,1,0,295,12,41,0,0,3,0,1,467,1,0,0,2,1,8,56,206,0,1,2,3,68,8,6,1,89,0,156,134,5,1,4,6,1,23,71,21,9,387,0,1827,37,117,0,0,0,0,0,0,0,0,0,0,10,0,0,0,0,0,0,1,0,0,0,0,1,1,0,0,0,0,0,0,1,15,0,0,2,0,0,0,0,39,0,0,1,0
1546,12580,7141,54500,1208,1994,17501,10,23,372,49,13,5,6316,3818,7386,1,0,38,50,20,532,18,47,54,69,22,16,162,498,96,33,35,21,759,558,214,53,110,5,247,250,1051,35,85,10,24,182,476,29,3,21,2,26,63,72,0,2,2,8,4,0,1,0,10,1,75,0,27,5,0,6,4,5,4,1,4,0,2,3,0,2,8,2,2,0,2,137,2,7,34,1,4,0,0,200,2,1,4,1
10921,915,3958,1208,21996,17706,923,0,2,28,2,1,0,6873,84,93,0,0,1,1,0,33,1,2,4,4,1,3,42,83,1,1,4,3,82,25,8,2,63,0,21,10,2,4,5,1,1,887,4023,2,1,0,0,33,9,7,0,0,0,1,0,0,0,0,1,0,7,0,0,0,0,0,0,0,0,0,0,1,0,0,0,0,0,0,0,0,0,10,0,0,5,0,0,0,0,15,0,0,0,0
1911,154,5073,1994,17706,31001,14586,0,3,10,2,0,0,223,310,37,1,0,0,0,0,22,1,15,10,0,5,1,48,7,0,2,3,1,1470,68,60,0,616,1,5,9,1,4,0,1,2,4516,3832,0,3,14,2,1147,207,240,0,0,0,0,0,0,0,0,2,0,11,0,0,0,0,0,0,3,0,1,1,0,0,1,0,1,0,0,0,0,1,27,0,0,8,0,0,0,0,106,7,0,0,0
673,1113,12497,17501,923,14586,56774,6,45,294,51,11,5,1079,187,4187,3,0,29,57,16,219,22,109,42,26,38,6,38,181,19,15,33,13,4444,696,404,44,2607,7,94,108,43,37,42,4,13,1259,212,17,9,53,11,259,187,1573,3,0,2,3,6,0,2,1,18,3,120,2,37,4,0,5,7,10,5,3,9,0,1,2,1,3,10,2,5,0,9,260,2,4,92,5,8,0,0,494,11,1,9,4
1,2,0,10,0,0,6,25181,3997,26,1462,674,4709,184,131,701,1597,5820,1290,4087,133,1989,183,52,49,149,14,17,34,60,955,154,819,34,7,63,347,96,2,2,12,28,408,85,2064,58,92,0,0,57,0,0,0,0,0,1,16,28,12,212,8,1,0,10,0,0,13,21,53,35,5,4,14,24,8,0,6,0,2,5,1,10,3,0,10,1,48,11,2,1,2,0,3,0,0,1,0,0,2,2
0,3,1,23,2,3,45,3997,55276,54,459,996,1032,21,6,190,562,80,4160,4321,378,1010,317,8648,7068,115,5172,25,24,10,50,149,831,56,114,920,11063,279,261,30,4,9,46,562,192,50,147,108,3,19,0,2,4,0,6,7,98,193,46,1711,29,7,23,119,4,5,40,69,233,459,31,22,104,534,54,36,124,3,2,39,10,75,11,3,104,5,298,35,27,67,13,0,65,1,5,15,0,1,19,12
41,98,31,372,28,10,294,26,54,39081,1856,1540,184,254,189,2102,307,8,260,99,6270,2432,753,57,67,243,30,146,40,101,497,1176,1118,172,196,1131,157,101,119,6,9472,12415,2505,259,121,344,1450,18,21,11440,1,4,2,0,8,5,0,1,3,6,6,0,1,1,7,1,45,3,48,3,2,8,6,9,3,3,6,1,2,2,0,3,7,0,10,0,2,38,11,2,16,0,4,0,0,9,1,1,8,1
5,11,2,49,2,2,51,1462,459,1856,5328,11180,1075,36,20,798,455,83,1077,457,2595,4124,2527,29,136,130,28,80,72,28,168,212,757,74,43,345,41,100,30,8,39,66,192,284,112,410,624,8,6,58,0,0,0,0,0,3,3,1,0,4,0,1,0,2,2,0,6,0,9,4,2,2,2,6,1,2,1,0,0,2,0,3,1,0,2,1,1,3,3,7,3,0,3,0,0,4,0,0,1,0
0,2,1,13,1,0,11,674,996,1540,11180,24347,11557,30,19,245,3129,388,562,993,8555,2998,6951,215,1088,97,80,38,55,51,578,215,9618,50,18,141,124,362,10,3,68,214,532,369,413,212,771,0,2,249,0,0,0,0,0,0,1,1,2,16,2,2,0,2,1,1,5,3,29,37,2,6,8,43,3,4,17,0,0,2,0,7,1,0,22,0,1,3,1,13,0,0,11,0,0,0,0,0,1,0
0,0,0,5,0,0,5,4709,1032,184,1075,11557,29585,311,254,384,6782,931,518,2010,947,833,198,21,249,40,25,12,36,245,1477,251,8963,18,5,52,147,30,6,4,34,101,1319,45,1115,58,99,0,2,406,0,0,0,0,0,0,7,8,4,60,2,2,1,5,0,0,1,4,10,42,0,0,6,37,5,1,8,0,0,2,0,2,2,0,5,1,16,1,0,2,2,0,1,0,1,0,0,0,1,0
12359,6099,295,6316,6873,223,1079,184,21,254,36,30,311,73027,14499,2683,16,3,30,67,27,914,85,15,59,672,27,135,5962,31282,1864,1261,601,288,263,331,142,83,101,13,946,895,3834,70,1186,73,214,53,16763,3436,5,14,4,0,17,35,3,0,0,5,2,1,2,4,17,4,81,1,21,6,3,8,5,22,1,7,11,1,2,2,1,7,11,0,20,0,1,88,1,13,47,1,19,0,0,66,3,2,4,0
58,1352,12,3818,84,310,187,131,6,189,20,19,254,14499,11987,2084,16,1,21,33,38,284,33,3,30,178,6,28,98,696,1568,417,282,69,29,47,18,39,5,1,266,441,11716,22,471,11,62,10,135,3909,0,1,1,0,2,2,2,0,0,2,2,0,1,0,0,1,3,0,4,2,0,1,1,5,2,4,3,0,0,0,0,5,0,1,7,0,1,15,0,6,3,0,5,0,0,7,1,0,3,0
70,143,41,7386,93,37,4187,701,190,2102,798,245,384,2683,2084,33190,418,761,3895,694,754,875,158,44,109,365,56,55,156,819,13802,289,345,97,1743,8160,343,506,109,11,573,763,11246,111,1649,35,112,129,113,188,5,22,17,2,32,58,3,5,9,34,19,4,2,7,29,10,165,4,130,20,4,9,16,25,14,5,22,0,5,17,2,10,21,4,22,0,10,189,14,24,88,1,16,0,1,105,5,2,17,5
0,2,0,1,0,1,3,1597,562,307,455,3129,6782,16,16,418,9218,1690,878,25,6268,198,157,36,17,5,2,0,3,8,1420,30,616,3,7,62,76,5,2,0,12,19,252,14,15,6,57,0,0,43,0,0,0,0,0,1,0,1,8,11,8,1,1,0,1,0,11,2,48,3,8,1,16,1,7,0,1,0,0,7,0,1,4,0,1,0,0,7,3,3,1,0,0,0,0,0,0,0,4,2
0,0,0,0,0,0,0,5820,80,8,83,388,931,3,1,761,1690,840,739,89,375,54,47,4,1,2,1,0,2,0,1673,22,163,1,1,12,29,8,1,0,1,2,135,8,60,2,16,0,0,1,0,0,1,0,0,2,0,1,5,8,1,1,1,0,2,2,5,2,23,1,4,1,6,1,10,0,1,0,1,4,0,0,3,1,0,0,0,6,5,0,2,0,0,0,0,0,0,0,4,1
2,3,3,38,1,0,29,1290,4160,260,1077,562,518,30,21,3895,878,739,13348,1393,939,663,177,1074,566,85,201,10,17,24,3805,85,360,33,27,4137,1140,232,93,3,36,51,379,218,451,24,81,8,4,32,0,1,4,0,0,9,8,6,38,129,40,2,6,8,9,5,85,14,278,42,25,15,43,56,49,9,17,1,2,24,1,21,19,1,24,0,15,68,69,22,26,1,15,2,1,10,0,5,35,8
3,2,0,50,1,0,57,4087,4321,99,457,993,2010,67,33,694,25,89,1393,19573,52,1318,624,39,4446,268,429,54,35,54,99,334,4880,90,26,421,320,3539,11,7,27,48,135,644,6748,110,320,8,0,77,0,1,1,0,0,3,120,86,3,650,4,1,21,145,0,3,15,3,37,591,0,8,32,968,2,18,112,2,0,1,11,95,4,3,191,4,110,13,3,106,10,1,78,0,3,2,1,0,1,0
0,0,1,20,0,0,16,133,378,6270,2595,8555,947,27,38,754,6268,375,939,52,18837,468,431,70,56,29,8,7,12,95,1147,160,882,27,50,392,120,29,42,0,151,923,3777,42,36,37,215,2,1,3450,0,1,0,0,1,0,0,0,7,6,8,0,1,0,0,1,28,4,92,3,3,3,13,2,10,3,1,0,0,12,0,3,5,0,0,0,0,15,8,3,1,0,1,0,0,1,0,0,6,1
609,774,467,532,33,22,219,1989,1010,2432,4124,2998,833,914,284,875,198,54,663,1318,468,14249,4256,43,740,1026,180,1078,2873,1226,241,960,623,906,127,430,121,591,65,127,16388,1392,587,2197,638,4343,1876,21,42,201,0,2,3,0,1,12,2,0,4,12,8,0,0,5,5,4,37,0,30,15,0,0,3,26,0,25,30,2,2,1,0,10,4,2,25,5,3,31,3,11,24,13,44,0,1,14,1,1,4,1
1,5,1,18,1,1,22,183,317,753,2527,6951,198,85,33,158,157,47,177,624,431,4256,13319,62,1679,1244,519,198,170,78,106,1333,2617,414,16,133,23,1538,10,35,97,132,127,3489,1274,2596,5573,7,6,101,0,0,1,0,1,1,3,0,2,9,0,0,5,2,1,0,8,1,7,21,0,1,4,53,0,29,51,1,1,1,4,27,0,3,77,5,1,4,1,49,1,9,65,0,3,4,0,0,0,0
0,1,0,47,2,15,109,52,8648,57,29,215,21,15,3,44,36,4,1074,39,70,43,62,9557,1013,26,1102,25,7,8,7,40,72,36,863,5864,5676,27,7055,63,7,17,17,214,11,3,29,398,10,6,1,1,0,0,7,8,8,6,8,53,9,0,3,5,3,1,24,7,53,24,5,6,8,56,8,7,42,0,1,4,2,11,0,2,21,0,9,35,10,21,20,0,21,0,1,23,3,0,10,2
0,4,0,54,4,10,42,49,7068,67,136,1088,249,59,30,109,17,1,566,4446,56,740,1679,1013,14307,292,13116,97,30,53,20,924,3589,233,184,675,581,1615,272,90,29,57,46,3167,327,136,957,191,4,96,3,4,8,0,19,9,105,18,10,251,7,7,48,160,11,14,44,1,53,734,6,48,64,1661,3,129,462,2,0,16,34,322,9,28,737,16,33,35,6,522,15,14,463,0,17,40,1,1,4,4
3,8,2,69,4,0,26,149,115,243,130,97,40,672,178,365,5,2,85,268,29,1026,1244,26,292,24859,628,142,97,464,197,6401,474,3293,21,99,32,5509,17,48,112,137,281,8937,6757,334,1417,8,16,278,0,0,0,0,1,2,1,1,0,7,3,1,4,2,0,1,8,0,5,6,2,43,2,44,2,495,277,10,1,7,197,62,1,1,140,55,1,3,4,103,2,78,949,3,75,1,0,0,1,4
2,0,1,22,1,5,38,14,5172,30,28,80,25,27,6,56,2,1,201,429,8,180,519,1102,13116,628,27973,847,20,14,9,674,416,500,180,398,1583,293,1744,5794,8,16,18,16913,365,71,491,919,12,8,0,5,1,0,26,15,12,1,1,63,3,2,16,15,4,7,28,3,19,105,2,38,20,568,6,254,387,16,0,9,46,112,1,13,303,40,8,38,1,269,21,64,549,4,21,84,1,0,2,0
2,6,8,16,3,1,6,17,25,146,80,38,12,135,28,55,0,0,10,54,7,1078,198,25,97,142,847,68705,1627,261,22,168,46,15102,10,19,247,158,193,14173,314,84,22,760,317,11563,3891,81,10,43,0,0,0,0,0,2,0,0,0,0,0,0,0,0,0,1,1,0,0,0,0,2,3,6,0,9,36,140,0,0,6,4,0,0,4,84,1,5,0,1,2,605,94,3,3,10,0,0,0,0
114,178,56,162,42,48,38,34,24,40,72,55,36,5962,98,156,3,2,17,35,12,2873,170,7,30,97,20,1627,40628,10431,39,203,80,534,34,81,32,24,28,104,17211,333,74,161,80,1659,545,20,4981,117,0,1,1,0,0,3,1,1,0,1,1,0,0,0,1,0,8,0,3,1,1,0,1,2,0,0,1,2,0,1,0,0,5,0,3,1,0,11,0,6,5,3,5,0,0,0,1,0,0,0
268,595,206,498,83,7,181,60,10,101,28,51,245,31282,696,819,8,0,24,54,95,1226,78,8,53,464,14,261,10431,72389,468,1447,705,328,96,323,141,53,63,16,11122,10540,1014,97,554,222,387,22,1656,2822,0,1,3,1,2,10,0,0,0,2,3,1,0,0,7,3,36,0,17,4,0,4,4,14,1,6,4,0,0,0,2,3,4,0,11,0,2,29,1,13,20,2,8,0,1,9,1,0,4,1
4,14,0,96,1,0,19,955,50,497,168,578,1477,1864,1568,13802,1420,1673,3805,99,1147,241,106,7,20,197,9,22,39,468,18582,210,512,47,27,472,171,88,34,3,223,398,20667,19,1035,13,91,2,8,394,0,0,0,0,0,6,1,0,3,7,8,0,0,0,4,0,34,5,73,4,6,4,13,16,10,2,4,0,2,11,0,2,4,2,7,0,0,26,6,0,11,0,7,0,0,3,0,1,2,2
5,11,1,33,1,2,15,154,149,1176,212,215,251,1261,417,289,30,22,85,334,160,960,1333,40,924,6401,674,168,203,1447,210,61241,12010,3116,16,107,11,2515,18,49,432,867,646,4593,6635,470,17569,5,22,1635,0,0,0,0,2,1,0,1,0,2,2,0,6,4,1,2,7,0,5,12,1,34,4,49,0,280,148,9,0,2,85,58,0,1,104,37,2,1,1,84,1,47,527,1,33,2,1,0,0,0
3,8,2,35,4,3,33,819,831,1118,757,9618,8963,601,282,345,616,163,360,4880,882,623,2617,72,3589,474,416,46,80,705,512,12010,22679,169,32,202,77,2097,16,8,295,775,894,1473,7702,108,4640,4,7,1549,0,1,2,0,1,3,54,12,3,91,2,0,6,49,3,2,13,4,17,364,0,8,19,443,2,21,121,0,1,4,2,71,0,6,153,3,21,4,4,109,4,2,89,0,5,1,0,1,1,0
5,10,3,21,3,1,13,34,56,172,74,50,18,288,69,97,3,1,33,90,27,906,414,36,233,3293,500,15102,534,328,47,3116,169,33972,8,53,93,704,71,8926,200,134,111,6617,1016,3336,9569,30,5,152,0,0,0,0,3,1,1,0,0,1,3,1,5,1,1,1,0,1,1,3,0,39,4,34,0,129,240,339,1,0,60,14,1,1,20,701,9,2,0,27,8,2357,915,30,82,6,0,0,0,1
29,112,68,759,82,1470,4444,7,114,196,43,18,5,263,29,1743,7,1,27,26,50,127,16,863,184,21,180,10,34,96,27,16,32,8,18854,6024,2015,36,8970,13,50,50,59,63,17,2,17,7964,267,23,13,84,23,4,266,232,0,2,6,17,16,1,4,2,46,5,278,2,69,6,4,13,17,26,3,4,22,1,5,11,0,5,31,4,15,1,21,608,15,11,183,6,11,1,1,897,11,5,13,1
15,51,8,558,25,68,696,63,920,1131,345,141,52,331,47,8160,62,12,4137,421,392,430,133,5864,675,99,398,19,81,323,472,107,202,53,6024,16627,4209,227,9083,38,232,286,596,296,163,20,99,1140,51,94,10,33,38,3,56,121,13,11,29,80,63,4,5,7,61,10,412,10,317,41,13,46,34,74,42,23,30,0,8,32,2,17,52,19,35,0,16,412,48,34,225,3,29,2,2,205,11,10,47,14
12,13,6,214,8,60,404,347,11063,157,41,124,147,142,18,343,76,29,1140,320,120,121,23,5676,581,32,1583,247,32,141,171,11,77,93,2015,4209,4102,15,10408,662,70,57,164,364,15,16,17,1324,29,32,0,12,2,3,40,24,28,140,20,1357,26,2,6,13,18,10,89,76,202,13,17,16,151,55,21,4,11,1,3,22,2,8,16,6,11,1,57,139,21,6,117,2,11,0,1,82,5,7,26,8
1,4,1,53,2,0,44,96,279,101,100,362,30,83,39,506,5,8,232,3539,29,591,1538,27,1615,5509,293,158,24,53,88,2515,2097,704,36,227,15,13520,11,38,28,54,145,6652,3787,131,1422,11,6,64,0,0,4,0,0,2,7,2,1,26,6,2,14,20,5,5,27,0,16,77,2,27,11,306,3,138,171,4,0,2,17,100,3,10,270,9,4,7,4,175,7,12,224,1,11,3,0,0,2,0
14,27,89,110,63,616,2607,2,261,119,30,10,6,101,5,109,2,1,93,11,42,65,10,7055,272,17,1744,193,28,63,34,18,16,71,8970,9083,10408,11,28869,720,36,34,44,377,3,11,9,8043,101,13,10,20,9,30,79,128,2,1,1,3,13,2,0,1,25,4,142,1,45,2,3,7,5,8,2,4,4,3,0,4,0,4,17,1,5,1,11,184,2,5,72,6,6,1,1,247,2,1,10,1
2,5,0,5,0,1,7,2,30,6,8,3,4,13,1,11,0,0,3,7,0,127,35,63,90,48,5794,14173,104,16,3,49,8,8926,13,38,662,38,720,40832,30,4,3,10049,42,790,336,300,4,5,0,0,0,0,2,2,0,0,0,0,1,1,0,0,0,0,1,1,1,0,1,11,5,13,0,47,188,459,0,0,39,6,0,0,1,510,9,8,1,10,12,2265,579,17,37,23,0,0,0,0
258,376,156,247,21,5,94,12,4,9472,39,68,34,946,266,573,12,1,36,27,151,16388,97,7,29,112,8,314,17211,11122,223,432,295,200,50,232,70,28,36,30,65829,12873,666,96,76,387,380,15,164,796,0,0,2,0,0,6,0,0,0,0,1,0,0,0,2,1,21,0,16,1,0,1,1,2,0,1,0,1,1,0,1,0,5,2,5,1,1,30,1,1,7,2,2,0,0,6,0,0,5,0
158,336,134,250,10,9,108,28,9,12415,66,214,101,895,441,763,19,2,51,48,923,1392,132,17,57,137,16,84,333,10540,398,867,775,134,50,286,57,54,34,4,12873,26847,2452,110,135,80,539,6,35,11705,0,1,0,0,1,8,1,0,0,2,3,0,0,0,2,1,18,1,14,7,1,1,2,3,3,5,0,0,0,1,0,3,0,1,3,1,0,5,2,1,6,0,1,0,0,3,0,0,0,0
4,20,5,1051,2,1,43,408,46,2505,192,532,1319,3834,11716,11246,252,135,379,135,3777,587,127,17,46,281,18,22,74,1014,20667,646,894,111,59,596,164,145,44,3,666,2452,56629,51,1038,12,144,7,14,6970,0,0,0,1,1,8,1,1,1,4,14,0,1,2,6,2,28,0,37,7,1,4,3,17,1,3,6,0,0,2,0,7,12,2,6,0,4,25,2,9,22,0,8,0,0,6,0,0,7,1
1,4,1,35,4,4,37,85,562,259,284,369,45,70,22,111,14,8,218,644,42,2197,3489,214,3167,8937,16913,760,161,97,19,4593,1473,6617,63,296,364,6652,377,10049,96,110,51,39476,439,1028,3096,231,3,100,0,2,2,0,6,7,7,4,1,25,6,8,13,6,5,5,33,4,14,38,3,103,11,274,4,954,594,80,1,14,266,173,0,16,413,296,3,8,5,270,17,517,1952,17,122,22,2,0,5,1
7,20,4,85,5,0,42,2064,192,121,112,413,1115,1186,471,1649,15,60,451,6748,36,638,1274,11,327,6757,365,317,80,554,1035,6635,7702,1016,17,163,15,3787,3,42,76,135,1038,439,12967,101,1079,4,18,480,0,0,3,0,0,6,29,6,1,35,3,1,21,46,6,14,19,3,27,283,0,19,19,571,2,74,212,4,0,3,7,141,5,12,352,6,1,6,3,260,4,9,223,0,14,5,0,0,0,1
8,11,6,10,1,1,4,58,50,344,410,212,58,73,11,35,6,2,24,110,37,4343,2596,3,136,334,71,11563,1659,222,13,470,108,3336,2,20,16,131,11,790,387,80,12,1028,101,11533,9451,3,3,22,0,0,0,0,0,0,1,0,0,0,0,0,0,0,0,0,3,0,1,1,0,1,0,3,0,6,8,14,0,1,3,1,0,1,3,13,0,0,0,5,1,59,20,0,0,0,0,0,0,0
5,12,1,24,1,2,13,92,147,1450,624,771,99,214,62,112,57,16,81,320,215,1876,5573,29,957,1417,491,3891,545,387,91,17569,4640,9569,17,99,17,1422,9,336,380,539,144,3096,1079,9451,44253,9,2,409,0,0,0,0,0,1,2,1,2,6,0,1,2,2,1,2,3,1,6,11,0,15,2,49,2,95,92,77,0,2,33,20,1,1,58,203,4,3,0,54,1,414,307,10,14,2,0,0,0,0
21,22,23,182,887,4516,1259,0,108,18,8,0,0,53,10,129,0,0,8,8,2,21,7,398,191,8,919,81,20,22,2,5,4,30,7964,1140,1324,11,8043,300,15,6,7,231,4,3,9,7838,761,1,5,24,4,3,131,52,0,1,1,4,1,0,0,0,6,2,46,0,11,0,0,2,2,5,2,1,1,1,0,1,0,2,2,0,2,1,5,150,1,1,31,2,6,1,0,348,19,2,3,0
1026,242,71,476,4023,3832,212,0,3,21,6,2,2,16763,135,113,0,0,4,0,1,42,6,10,4,16,12,10,4981,1656,8,22,7,5,267,51,29,6,101,4,164,35,14,3,18,3,2,761,11886,14,0,0,2,1,2,4,0,0,0,0,1,0,0,0,1,0,4,0,2,0,0,0,0,0,0,0,0,0,0,0,0,0,1,0,0,0,0,2,0,0,6,0,0,0,0,8,0,0,0,0
41,90,21,29,2,0,17,57,19,11440,58,249,406,3436,3909,188,43,1,32,77,3450,201,101,6,96,278,8,43,117,2822,394,1635,1549,152,23,94,32,64,13,5,796,11705,6970,100,480,22,409,1,14,13807,0,0,0,0,0,0,2,2,0,1,3,0,0,1,0,0,3,1,3,12,0,1,0,10,0,2,4,1,0,0,1,7,0,0,8,0,0,5,0,7,2,0,2,0,1,3,0,0,0,0
0,1,9,3,1,3,9,0,0,1,0,0,0,5,0,5,0,0,0,0,0,0,0,1,3,0,0,0,0,0,0,0,0,0,13,10,0,0,10,0,0,0,0,0,0,0,0,5,0,0,51054,12422,3172,9338,7440,2120,6,3,0,4,35,0,1,0,13599,12,97,0,5,9,1,20,1,4,1,13,1,2,112,0,4,14,147,3,16,6,4,186,5,7,24,0,1,1,2,67,6372,18,67,3
1,9,387,21,0,14,53,0,2,4,0,0,0,14,1,22,0,0,1,1,1,2,0,1,4,0,5,0,1,1,0,0,1,0,84,33,12,0,20,0,0,1,0,2,0,0,0,24,0,0,12422,81810,4172,13050,2268,8999,8,2,1,1,94,5,1,1,8219,23,174,3,14,7,0,85,4,4,2,27,2,2,65,1,8,8,274,10,14,8,14,624,5,8,64,1,7,9,1,150,239,46,139,8
0,1,0,2,0,2,11,0,4,2,0,0,0,4,1,17,0,1,4,1,0,3,1,0,8,0,1,0,1,3,0,0,2,0,23,38,2,4,9,0,2,0,0,2,3,0,0,4,2,0,3172,4172,30251,17,88,12120,55,11,2,28,301,18,14,40,18527,1588,2695,4,24,40,13,260,5,27,28,283,14,14,332,34,139,205,1543,110,276,108,16,528,78,88,65,3,42,27,37,25,1004,131,530,63
8,3,1827,26,33,1147,259,0,0,0,0,0,0,0,0,2,0,0,0,0,0,0,0,0,0,0,0,0,0,1,0,0,0,0,4,3,3,0,30,0,0,0,1,0,0,0,0,3,1,0,9338,13050,17,37626,13841,10526,0,0,0,1,1,1,0,0,50,0,13,0,0,0,0,4,1,0,0,7,3,0,0,0,1,2,3,0,0,2,0,117,0,5,171,0,2,0,0,1116,38,0,0,1
3,11,37,63,9,207,187,0,6,8,0,0,0,17,2,32,0,0,0,0,1,1,1,7,19,1,26,0,0,2,0,2,1,3,266,56,40,0,79,2,0,1,1,6,0,0,0,131,2,0,7440,2268,88,13841,25220,10679,3,2,0,9,18,2,2,0,306,3,303,0,18,4,3,11,19,67,1,12,84,9,42,2,3,4,20,0,6,1,36,3186,0,23,1628,29,72,0,3,9863,2337,3,14,1
6,14,117,72,7,240,1573,1,7,5,3,0,0,35,2,58,1,2,9,3,0,12,1,8,9,2,15,2,3,10,6,1,3,1,232,121,24,2,128,2,6,8,8,7,6,0,1,52,4,0,2120,8999,12120,10526,10679,44057,84,19,11,43,317,24,15,45,3878,480,3520,10,75,68,33,273,22,35,22,274,15,6,199,25,114,195,898,129,228,60,91,8512,50,144,1831,2,45,17,34,1289,403,100,453,53
0,0,0,0,0,0,3,16,98,0,3,1,7,3,2,3,0,0,8,120,0,2,3,8,105,1,12,0,1,0,1,0,54,1,0,13,28,7,2,0,0,1,1,7,29,1,2,0,0,2,6,8,55,0,3,84,3101,7227,602,620,30,126,141,3135,56,37,836,946,824,923,36,279,6,93,21,79,51,4,5,289,74,1595,37,198,279,32,21,36,17,34,6,2,65,15,53,7,3,6,17,6
0,0,0,2,0,0,0,28,193,1,1,1,8,0,0,5,1,1,6,86,0,0,0,6,18,1,1,0,1,0,0,1,12,0,2,11,140,2,1,0,0,0,1,4,6,0,1,1,0,2,3,2,11,0,2,19,7227,13604,2058,4655,107,649,219,809,12,6,343,4702,1146,1036,187,705,17,99,38,169,31,28,5,218,103,314,7,25,412,66,84,45,14,74,7,8,86,29,93,0,3,3,28,7
0,0,0,2,0,0,2,12,46,3,0,2,4,0,0,9,8,5,38,3,7,4,2,8,10,0,1,0,0,0,3,0,3,0,6,29,20,1,1,0,0,0,1,1,1,0,2,1,0,0,0,1,2,0,0,11,602,2058,3806,1486,152,221,346,213,5,11,527,3178,3821,134,551,186,21,25,447,53,10,3,3,1977,58,295,9,26,211,19,10,27,12,41,7,4,22,5,21,1,0,7,34,14
0,3,0,8,1,0,3,212,1711,6,4,16,60,5,2,34,11,8,129,650,6,12,9,53,251,7,63,0,1,2,7,2,91,1,17,80,1357,26,3,0,0,2,4,25,35,0,6,4,0,1,4,1,28,1,9,43,620,4655,1486,39462,569,735,533,469,61,48,215,560,3533,3768,428,956,11898,8100,126,220,2295,23,26,121,105,301,73,33,382,80,5656,186,60,528,174,14,432,31,93,24,7,30,149,49
1,0,0,4,0,0,6,8,29,6,0,2,2,2,2,19,8,1,40,4,8,8,0,9,7,3,3,0,1,3,8,2,2,3,16,63,26,6,13,1,1,3,14,6,3,0,0,1,1,3,35,94,301,1,18,317,30,107,152,569,39629,5597,2138,39,348,583,1980,351,1708,55,5319,3519,249,77,383,106,48,68,212,238,116,196,1094,167,71,111,49,636,1130,69,337,6,232,157,230,41,95,16826,25467,9170
0,0,0,0,0,0,0,1,7,0,1,2,2,1,0,4,1,1,2,1,0,0,0,0,7,1,2,0,0,1,0,0,0,1,1,4,2,2,2,1,0,0,0,8,1,0,1,0,0,0,0,5,18,1,2,24,126,649,221,735,5597,7595,7129,209,24,113,243,1063,585,80,3691,6073,39,60,569,48,29,36,31,262,35,209,104,36,52,46,10,64,341,64,17,1,200,85,134,2,2,69,429,357
0,0,0,1,0,0,2,0,23,1,0,0,1,2,1,2,1,1,6,21,1,0,5,3,48,4,16,0,0,0,0,6,6,5,4,5,6,14,0,0,0,0,1,13,21,0,2,0,0,0,1,1,14,0,2,15,141,219,346,533,2138,7129,23451,5054,33,168,446,3432,472,572,5946,7932,71,626,1691,136,132,54,16,1164,229,5675,54,117,434,146,16,49,644,270,11,8,511,152,542,4,2,25,191,310
0,0,0,0,0,0,1,10,119,1,2,2,5,4,0,7,0,0,8,145,0,5,2,5,160,2,15,0,0,0,0,4,49,1,2,7,13,20,1,0,0,0,2,6,46,0,2,0,0,1,0,1,40,0,0,45,3135,809,213,469,39,209,5054,11834,23,43,620,3284,308,625,185,389,20,321,155,64,76,15,2,520,216,5584,16,186,314,96,24,18,44,87,0,6,122,28,107,1,1,4,22,8
1,4,0,10,1,2,18,0,4,7,2,1,0,17,0,29,1,2,9,0,0,5,1,3,11,0,4,0,1,7,4,1,3,1,46,61,18,5,25,0,2,2,6,5,6,0,1,6,1,0,13599,8219,18527,50,306,3878,56,12,5,61,348,24,33,23,59131,9155,2328,14,69,43,49,415,14,29,55,322,17,47,5135,39,217,289,16081,504,242,175,38,520,416,80,174,4,57,55,92,52,14458,316,1479,216
0,0,0,1,0,0,3,0,5,1,0,1,0,4,1,10,0,2,5,3,1,4,0,1,14,1,7,1,0,3,0,2,2,1,5,10,10,5,4,0,1,1,2,5,14,0,2,2,0,0,12,23,1588,0,3,480,37,6,11,48,583,113,168,43,9155,39703,4262,22,93,73,326,532,21,122,415,332,39,63,260,483,641,588,6332,5061,364,374,10,86,4580,60,36,17,157,52,245,2,75,217,4750,8250
9,8,10,75,7,11,120,13,40,45,6,5,1,81,3,165,11,5,85,15,28,37,8,24,44,8,28,1,8,36,34,7,13,0,278,412,89,27,142,1,21,18,28,33,19,3,3,46,4,3,97,174,2695,13,303,3520,836,343,527,215,1980,243,446,620,2328,4262,32471,470,6081,387,359,998,193,233,1089,1137,98,51,253,11470,712,1491,1687,4277,1689,352,208,6246,632,544,1299,10,204,50,243,1135,171,292,1609,373
0,0,0,0,0,0,2,21,69,3,0,3,4,1,0,4,2,2,14,3,4,0,1,7,1,0,3,0,0,0,5,0,4,1,2,10,76,0,1,1,0,1,0,4,3,0,1,0,0,1,0,3,4,0,0,10,946,4702,3178,560,351,1063,3432,3284,14,22,470,6498,1247,72,4807,652,41,58,929,57,16,8,6,2733,99,855,17,44,120,56,15,30,68,25,8,5,67,13,70,2,0,7,62,51
0,1,0,27,0,0,37,53,233,48,9,29,10,21,4,130,48,23,278,37,92,30,7,53,53,5,19,0,3,17,73,5,17,1,69,317,202,16,45,1,16,14,37,14,27,1,6,11,2,3,5,14,24,0,18,75,824,1146,3821,3533,1708,585,472,308,69,93,6081,1247,14379,879,996,872,3470,922,879,366,184,24,34,1236,150,589,260,37,665,83,302,5359,707,532,768,12,211,27,89,87,9,97,651,258
0,0,0,5,0,0,4,35,459,3,4,37,42,6,2,20,3,1,42,591,3,15,21,24,734,6,105,0,1,4,4,12,364,3,6,41,13,77,2,0,1,7,7,38,283,1,11,0,0,12,9,7,40,0,4,68,923,1036,134,3768,55,80,572,625,43,73,387,72,879,11260,43,672,61,3337,49,374,451,30,13,109,202,1768,35,98,1888,114,112,148,68,2383,37,9,332,41,213,6,5,8,30,29
0,0,0,0,0,0,0,5,31,2,2,2,0,3,0,4,8,4,25,0,3,0,0,5,6,2,2,0,1,0,6,1,0,0,4,13,17,2,3,1,0,1,1,3,0,0,0,0,0,0,1,0,13,0,3,33,36,187,551,428,5319,3691,5946,185,49,326,359,4807,996,43,22761,1622,186,54,7905,55,25,18,21,1508,112,388,279,86,59,74,46,97,1549,39,39,5,126,57,200,13,4,93,1225,4143
0,1,0,6,0,0,5,4,22,8,2,6,0,8,1,9,1,1,15,8,3,0,1,6,48,43,38,2,0,4,4,34,8,39,13,46,16,27,7,11,1,1,4,103,19,1,15,2,0,1,20,85,260,4,11,273,279,705,186,956,3519,6073,7932,389,415,532,998,652,872,672,1622,35551,117,927,529,1950,1062,2288,2198,349,803,5435,1689,315,1383,1474,32,277,671,2015,127,255,5491,8838,7137,31,60,3276,2058,656
0,0,0,4,0,0,7,14,104,6,2,8,6,5,1,16,16,6,43,32,13,3,4,8,64,2,20,3,1,4,13,4,19,4,17,34,151,11,5,5,1,2,3,11,19,0,2,2,0,0,1,4,5,1,19,22,6,17,21,11898,249,39,71,20,14,21,193,41,3470,61,186,117,6784,3350,117,40,1249,52,9,49,32,118,50,7,32,12,3651,3183,80,110,1930,115,470,2,32,109,8,25,104,41
0,1,1,5,0,3,10,24,534,9,6,43,37,22,5,25,1,1,56,968,2,26,53,56,1661,44,568,6,2,14,16,49,443,34,26,74,55,306,8,13,2,3,17,274,571,3,49,5,0,10,4,4,27,0,67,35,93,99,25,8100,77,60,626,321,29,122,233,58,922,3337,54,927,3350,18104,74,295,13018,207,11,76,246,1406,47,88,589,146,1034,375,79,900,813,539,3457,37,252,352,27,9,38,43
0,0,0,4,0,0,5,8,54,3,1,3,5,1,2,14,7,10,49,2,10,0,0,8,3,2,6,0,0,1,10,0,2,0,3,42,21,3,2,0,0,3,1,4,2,0,2,2,0,0,1,2,28,0,1,22,21,38,447,126,383,569,1691,155,55,415,1089,929,879,49,7905,529,117,74,4149,51,24,15,13,3762,171,517,151,675,96,67,23,167,1855,50,68,4,85,17,159,2,2,29,286,1317
0,0,0,1,0,1,3,0,36,3,2,4,1,7,4,5,0,0,9,18,3,25,29,7,129,495,254,9,0,6,2,280,21,129,4,23,4,138,4,47,1,5,3,954,74,6,95,1,0,2,13,27,283,7,12,274,79,169,53,220,106,48,136,64,322,332,1137,57,366,374,55,1950,40,295,51,35778,1272,74,47,266,7636,1452,250,577,4618,7894,14,134,65,10002,51,84,7366,116,1577,21,18,29,163,56
0,0,0,4,0,1,9,6,124,6,1,17,8,11,3,22,1,1,17,112,1,30,51,42,462,277,387,36,1,4,4,148,121,240,22,30,11,171,4,188,0,0,6,594,212,8,92,1,0,4,1,2,14,3,84,15,51,31,10,2295,48,29,132,76,17,39,98,16,184,451,25,1062,1249,13018,24,1272,17288,1479,10,38,665,1121,20,28,985,384,751,163,47,770,1048,6498,17964,88,604,422,39,6,17,14
0,0,0,0,1,0,0,0,3,1,0,0,0,1,0,0,0,0,1,2,0,2,1,0,2,10,16,140,2,0,0,9,0,339,1,0,1,4,3,459,1,0,0,80,4,14,77,1,0,1,2,2,14,0,9,6,4,28,3,23,68,36,54,15,47,63,51,8,24,30,18,2288,52,207,15,74,1479,63253,800,21,88,105,334,39,44,11526,200,10,37,107,160,24832,1847,21602,585,55,11,516,142,25
0,0,1,2,0,0,1,2,2,2,0,0,0,2,0,5,0,1,2,0,0,2,1,1,0,1,0,0,0,0,2,0,1,1,5,8,3,0,0,0,1,0,0,1,0,0,0,0,0,0,112,65,332,0,42,199,5,5,3,26,212,31,16,2,5135,260,253,6,34,13,21,2198,9,11,13,47,10,800,73174,3,22,25,37623,48,23,138,9,56,91,18,22,20,49,1028,37,18,16020,17023,1456,89
0,0,1,3,0,1,2,5,39,2,2,2,2,2,0,17,7,4,24,1,12,1,1,4,16,7,9,0,1,0,11,2,4,0,11,32,22,2,4,0,0,1,2,14,3,1,2,1,0,0,0,1,34,0,2,25,289,218,1977,121,238,262,1164,520,39,483,11470,2733,1236,109,1508,349,49,76,3762,266,38,21,3,13340,425,1074,57,3448,605,145,25,67,627,76,26,12,100,11,190,16,5,12,93,34
0,0,0,0,0,0,1,1,10,0,0,0,0,1,0,2,0,0,1,11,0,0,4,2,34,197,46,6,0,2,0,85,2,60,0,2,2,17,0,39,1,0,0,266,7,3,33,0,0,1,4,8,139,1,3,114,74,103,58,105,116,35,229,216,217,641,712,99,150,202,112,803,32,246,171,7636,665,88,22,425,28076,4959,227,625,3489,6447,8,45,292,1614,23,147,4747,200,8626,9,12,29,169,154
0,0,0,2,0,1,3,10,75,3,3,7,2,7,5,10,1,0,21,95,3,10,27,11,322,62,112,4,0,3,2,58,71,14,5,17,8,100,4,6,0,3,7,173,141,1,20,2,0,7,14,8,205,2,4,195,1595,314,295,301,196,209,5675,5584,289,588,1491,855,589,1768,388,5435,118,1406,517,1452,1121,105,25,1074,4959,22040,230,882,10444,843,30,107,461,2142,37,51,2604,81,4953,18,22,21,175,166
1,2,0,8,0,0,10,3,11,7,1,1,2,11,0,21,4,3,19,4,5,4,0,0,9,1,1,0,5,4,4,0,0,1,31,52,16,3,17,0,5,0,12,0,5,0,1,2,1,0,147,274,1543,3,20,898,37,7,9,73,1094,104,54,16,16081,6332,1687,17,260,35,279,1689,50,47,151,250,20,334,37623,57,227,230,111973,522,132,285,31,298,1086,44,184,15,98,550,137,19,2860,12159,22829,1464
0,0,0,2,0,0,2,0,3,0,0,0,0,0,1,4,0,1,1,3,0,2,3,2,28,1,13,0,0,0,2,1,6,1,4,19,6,10,1,0,2,1,2,16,12,1,1,0,0,0,3,10,110,0,0,129,198,25,26,33,167,36,117,186,504,5061,4277,44,37,98,86,315,7,88,675,577,28,39,48,3448,625,882,522,11477,739,318,8,22,1487,121,23,9,131,13,188,3,15,54,366,165
0,0,0,2,0,0,5,10,104,10,2,22,5,20,7,22,1,0,24,191,0,25,77,21,737,140,303,4,3,11,7,104,153,20,15,35,11,270,5,1,5,3,6,413,352,3,58,2,0,8,16,14,276,0,6,228,279,412,211,382,71,52,434,314,242,364,1689,120,665,1888,59,1383,32,589,96,4618,985,44,23,605,3489,10444,132,739,11234,529,9,126,124,2644,31,23,1367,61,459,9,18,12,98,51
0,0,0,0,0,0,0,1,5,0,1,0,1,0,0,0,0,0,0,4,0,5,5,0,16,55,40,84,1,0,0,37,3,701,1,0,1,9,1,510,1,1,0,296,6,13,203,1,0,0,6,8,108,2,1,60,32,66,19,80,111,46,146,96,175,374,352,56,83,114,74,1474,12,146,67,7894,384,11526,138,145,6447,843,285,318,529,42406,15,30,133,918,21,3020,7808,13577,6507,9,9,147,171,102
0,2,1,2,0,1,9,48,298,2,1,1,16,1,1,10,0,0,15,110,0,3,1,9,33,1,8,1,0,2,0,2,21,9,21,16,57,4,11,9,1,0,4,3,1,0,4,5,0,0,4,14,16,0,36,91,21,84,10,5656,49,10,16,24,38,10,208,15,302,112,46,32,3651,1034,23,14,751,200,9,25,8,30,31,8,9,15,3688,691,29,15,3887,408,273,0,6,407,7,6,32,11
7,34,15,137,10,27,260,11,35,38,3,3,1,88,15,189,7,6,68,13,15,31,4,35,35,3,38,5,11,29,26,1,4,2,608,412,139,7,184,8,30,5,25,8,6,0,3,150,2,5,186,624,528,117,3186,8512,36,45,27,186,636,64,49,18,520,86,6246,30,5359,148,97,277,3183,375,167,134,163,10,56,67,45,107,298,22,126,30,691,22763,272,198,14747,14,97,11,22,6667,168,86,472,98
0,0,0,2,0,0,2,2,27,11,3,1,0,1,0,14,3,5,69,3,8,3,1,10,6,4,1,0,0,1,6,1,4,0,15,48,21,4,2,1,1,2,2,5,3,0,0,1,0,0,5,5,78,0,0,50,17,14,12,60,1130,341,644,44,416,4580,632,68,707,68,1549,671,80,79,1855,65,47,37,91,627,292,461,1086,1487,124,133,29,272,13195,47,146,9,147,50,290,6,26,127,2137,5335
1,1,0,7,0,0,4,1,67,2,7,13,2,13,6,24,3,0,22,106,3,11,49,21,522,103,269,1,6,13,0,84,109,27,11,34,6,175,5,10,1,1,9,270,260,5,54,1,0,7,7,8,88,5,23,144,34,74,41,528,69,64,270,87,80,60,544,25,532,2383,39,2015,110,900,50,10002,770,107,18,76,1614,2142,44,121,2644,918,15,198,47,14057,75,31,7901,85,786,35,12,9,43,42
1,10,2,34,5,8,92,2,13,16,3,0,2,47,3,88,1,2,26,10,1,24,1,20,15,2,21,2,5,20,11,1,4,8,183,225,117,7,72,12,7,6,22,17,4,1,1,31,6,2,24,64,65,171,1628,1831,6,7,7,174,337,17,11,0,174,36,1299,8,768,37,39,127,1930,813,68,51,1048,160,22,26,23,37,184,23,31,21,3887,14747,146,75,27501,399,615,11,31,10668,171,35,202,60
0,0,0,1,0,0,5,0,0,0,0,0,0,1,0,1,0,0,1,1,0,13,9,0,14,78,64,605,3,2,0,47,2,2357,6,3,2,12,6,2265,2,0,0,517,9,59,414,2,0,0,0,1,3,0,29,2,2,8,4,14,6,1,8,6,4,17,10,5,12,9,5,255,115,539,4,84,6498,24832,20,12,147,51,15,9,23,3020,408,14,9,31,399,47721,9153,637,279,129,8,14,14,4
0,1,0,4,0,0,8,3,65,4,3,11,1,19,5,16,0,0,15,78,1,44,65,21,463,949,549,94,5,8,7,527,89,915,11,29,11,224,6,579,2,1,8,1952,223,20,307,6,0,2,1,7,42,2,72,45,65,86,22,432,232,200,511,122,57,157,204,67,211,332,126,5491,470,3457,85,7366,17964,1847,49,100,4747,2604,98,131,1367,7808,273,97,147,7901,615,9153,35700,871,4693,290,33,54,118,99
0,0,0,0,0,0,0,0,1,0,0,0,0,0,0,0,0,0,2,0,0,0,0,0,0,3,4,3,0,0,0,1,0,30,1,2,0,1,1,17,0,0,0,17,0,0,10,1,0,0,1,9,27,0,0,17,15,29,5,31,157,85,152,28,55,52,50,13,27,41,57,8838,2,37,17,116,88,21602,1028,11,200,81,550,13,61,13577,0,11,50,85,11,637,871,23304,4114,2,10,845,276,50
0,0,0,0,0,0,0,0,5,0,0,0,1,0,0,1,0,0,1,3,0,1,3,1,17,75,21,3,0,1,0,33,5,82,1,2,1,11,1,37,0,0,0,122,14,0,14,0,0,1,2,1,37,0,3,34,53,93,21,93,230,134,542,107,92,245,243,70,89,213,200,7137,32,252,159,1577,604,585,37,190,8626,4953,137,188,459,6507,6,22,290,786,31,279,4693,4114,13445,5,2,57,166,176
15,52,39,200,15,106,494,1,15,9,4,0,0,66,7,105,0,0,10,2,1,14,4,23,40,1,84,10,0,9,3,2,1,6,897,205,82,3,247,23,6,3,6,22,5,0,2,348,8,3,67,150,25,1116,9863,1289,7,0,1,24,41,2,4,1,52,2,1135,2,87,6,13,31,109,352,2,21,422,55,18,16,9,18,19,3,9,9,407,6667,6,35,10668,129,290,2,5,8399,749,4,25,5
1,0,0,2,0,7,11,0,0,1,0,0,0,3,1,5,0,0,0,1,0,1,0,3,1,0,1,0,1,1,0,1,0,0,11,11,5,0,2,0,0,0,0,2,0,0,0,19,0,0,6372,239,1004,38,2337,403,3,3,0,7,95,2,2,1,14458,75,171,0,9,5,4,60,8,27,2,18,39,11,16020,5,12,22,2860,15,18,9,7,168,26,12,171,8,33,10,2,749,49435,363,1105,15
0,0,0,1,0,0,1,0,1,1,0,0,0,2,0,2,0,0,5,0,0,1,0,0,1,0,0,0,0,0,1,0,1,0,5,10,7,0,1,0,0,0,0,0,0,0,0,2,0,0,18,46,131,0,3,100,6,3,7,30,16826,69,25,4,316,217,292,7,97,8,93,3276,25,9,29,29,6,516,17023,12,29,21,12159,54,12,147,6,86,127,9,35,14,54,845,57,4,363,43536,9152,308
0,1,1,4,0,0,9,2,19,8,1,1,1,4,3,17,4,4,35,1,6,4,0,10,4,1,2,0,0,4,2,0,1,0,13,47,26,2,10,0,5,0,7,5,0,0,0,3,0,0,67,139,530,0,14,453,17,28,34,149,25467,429,191,22,1479,4750,1609,62,651,30,1225,2058,104,38,286,163,17,142,1456,93,169,175,22829,366,98,171,32,472,2137,43,202,14,118,276,166,25,1105,9152,43532,14408
0,0,0,1,0,0,4,2,12,1,0,0,0,0,0,5,2,1,8,0,1,1,0,2,4,4,0,0,0,1,2,0,0,1,1,14,8,0,1,0,0,0,1,1,1,0,0,0,0,0,3,8,63,1,1,53,6,7,14,49,9170,357,310,8,216,8250,373,51,258,29,4143,656,41,43,1317,56,14,25,89,34,154,166,1464,165,51,102,11,98,5335,42,60,4,99,50,176,5,15,308,14408,11870
