24310,8290,8695,5467,14478,3710,1651,12,21,74,9,7,12,9894,292,752,3,2,42,40,15,1018,16,1,11,44,10,143,2305,1565,53,41,34,61,241,37,85,100,200,32,1281,160,577,61,103,54,51,156,3080,55,38,387,33,52,109,123,1,1,0,8,6,2,0,0,91,13,134,2,24,2,1,18,0,4,0,0,0,0,21,1,0,1,13,41,2,2,3,179,6,0,78,1,6,3,1,126,30,5,7,2
8290,27298,15415,24093,551,866,1023,5,12,120,9,8,14,4462,2544,1101,3,4,37,37,15,710,9,4,16,32,9,36,558,597,52,24,25,17,165,35,99,84,124,7,697,153,526,50,91,19,20,116,217,63,38,193,51,75,144,160,2,1,1,8,5,2,0,0,111,19,127,2,17,3,3,11,1,1,2,1,2,0,31,2,0,0,14,37,1,0,5,191,2,0,87,0,2,0,0,143,31,4,12,1
8695,15415,42029,8250,5606,11173,13001,1,5,29,1,4,7,384,23,148,1,0,6,6,5,442,1,1,4,8,5,28,503,418,12,9,9,14,103,12,49,14,97,8,447,59,67,10,17,11,13,72,158,26,123,3496,47,1080,182,299,0,1,0,2,5,1,0,0,76,9,130,2,10,0,2,8,0,1,0,0,0,2,28,2,0,0,11,43,0,0,6,170,0,0,73,1,4,0,0,152,38,8,9,1
5467,24093,8250,36374,1366,4919,10233,40,120,341,26,17,28,4766,8940,9130,7,4,151,111,56,984,23,15,105,111,13,36,731,797,274,56,57,28,739,171,180,297,279,18,1053,329,2555,148,183,27,29,832,500,110,119,346,125,222,498,511,4,2,9,42,22,4,1,2,226,37,277,6,47,6,4,23,8,7,3,0,5,1,45,8,0,2,38,66,4,0,33,471,4,2,231,3,9,2,0,533,88,4,18,4
14478,551,5606,1366,22701,27079,2647,0,9,22,2,1,1,978,31,111,0,1,6,4,1,249,2,4,9,6,7,39,911,404,14,6,5,13,99,3,27,13,56,13,361,34,89,16,18,17,24,741,4664,18,12,54,12,29,65,40,0,1,2,2,1,0,0,0,20,6,25,0,5,1,1,2,1,0,0,1,2,0,8,0,0,1,5,5,0,0,0,41,0,0,21,0,0,0,1,63,15,1,2,0
3710,866,11173,4919,27079,34831,30174,1,20,62,4,0,1,337,640,630,0,0,9,9,5,147,2,18,26,6,49,22,283,140,68,4,5,7,894,24,163,11,1003,36,129,39,194,61,11,8,7,8733,2034,18,245,123,35,1158,306,322,0,0,3,5,5,1,1,0,47,16,61,0,16,2,4,5,0,4,4,0,1,0,16,2,1,1,9,15,6,2,5,122,0,0,52,1,1,0,1,238,32,3,4,1
1651,1023,13001,10233,2647,30174,18763,1,31,89,7,5,1,207,18,696,1,1,14,10,12,206,0,11,22,9,14,12,179,98,31,5,10,6,2284,25,88,25,323,7,174,32,104,34,14,1,6,1905,423,12,115,267,91,427,558,561,0,1,4,7,10,0,1,1,138,14,178,0,29,2,2,8,1,4,2,0,0,0,25,1,0,0,25,36,3,0,18,338,0,0,120,0,2,2,0,520,57,6,8,4
12,5,1,40,0,1,1,30332,5175,168,3100,1668,7751,213,119,1126,2875,4618,2334,6409,423,2697,745,200,151,107,25,27,66,81,1375,125,2461,31,21,109,163,549,33,10,43,39,482,167,2372,255,279,5,14,108,0,0,4,0,4,3,78,74,31,868,11,5,4,14,0,2,5,66,82,56,29,2,91,35,7,1,15,0,1,14,3,19,0,2,6,1,110,34,2,1,25,1,14,1,7,14,3,2,4,6
21,12,5,120,9,20,31,5175,55288,182,1408,2030,2758,83,30,1259,754,145,6467,5962,600,2401,853,8947,6863,169,1019,27,31,43,232,249,2705,77,577,2946,5122,429,602,48,45,37,364,592,678,348,468,91,15,42,2,4,16,3,11,23,613,629,167,8484,64,45,66,230,22,23,67,396,541,683,133,57,1033,605,49,11,154,0,9,132,9,153,12,41,53,5,815,232,24,22,137,5,94,5,18,38,8,6,25,28
74,120,29,341,22,62,89,168,182,31261,3513,2957,332,273,150,2170,237,23,623,95,5290,4245,802,72,68,30,20,19,635,265,795,357,1561,35,850,1435,493,48,813,7,14046,4281,3753,91,129,163,543,344,110,4093,7,15,15,17,17,33,1,1,12,20,18,11,4,2,29,14,62,4,164,4,8,12,12,8,18,0,0,1,11,29,0,3,10,41,4,1,36,156,12,1,74,1,10,1,0,26,7,7,18,5
9,9,1,26,2,4,7,3100,1408,3513,3872,7758,317,33,14,1246,372,225,1908,217,2409,4324,1771,109,55,32,8,22,33,51,473,49,546,20,90,369,150,48,136,3,177,103,221,88,94,206,208,16,2,32,0,1,0,0,3,2,0,4,11,23,13,3,1,4,4,0,8,8,52,4,12,5,11,3,9,1,3,0,1,15,3,2,1,5,4,0,18,40,6,0,15,0,5,0,0,5,1,2,8,3
7,8,4,17,1,0,5,1668,2030,2957,7758,24779,6944,70,46,472,5093,938,679,496,6099,3182,4414,208,534,52,59,29,85,212,606,151,6982,27,81,344,246,150,127,7,332,367,444,248,150,271,422,9,5,215,0,0,0,0,2,2,25,5,16,98,8,3,2,4,1,0,12,15,87,40,8,7,25,40,7,4,18,0,1,14,2,13,3,4,8,2,22,32,0,1,11,0,13,0,2,1,0,0,2,3
12,14,7,28,1,1,1,7751,2758,332,317,6944,19735,364,264,627,7808,2368,428,1873,523,815,335,84,192,14,25,10,161,495,1538,53,8105,8,18,61,82,55,21,2,220,464,606,87,217,60,97,13,13,674,0,0,1,0,1,1,44,42,6,509,3,1,2,9,0,1,9,16,29,35,9,5,65,20,1,0,4,0,0,4,2,4,0,1,1,0,41,12,0,0,6,0,10,0,0,0,0,1,0,0
9894,4462,384,4766,978,337,207,213,83,273,33,70,364,55881,12350,1344,96,141,207,487,217,570,85,7,151,295,17,129,8452,19774,328,549,838,118,266,122,157,463,291,22,960,1816,7600,208,1750,52,166,118,9568,3044,22,56,42,28,56,63,8,3,3,21,17,2,1,1,72,17,112,2,51,18,4,11,6,34,3,2,7,1,25,12,1,8,23,61,7,4,26,192,7,7,91,2,11,3,2,59,21,7,10,2
292,2544,23,8940,31,640,18,119,30,150,14,46,264,12350,14128,625,76,82,87,189,133,437,27,2,63,50,7,25,728,1742,158,140,427,18,57,49,32,145,33,8,737,754,8598,59,710,11,48,31,139,4777,2,4,3,2,6,10,4,1,2,4,2,0,1,1,7,3,10,0,19,8,0,3,2,12,0,0,0,0,4,2,1,5,0,5,3,1,3,19,0,1,7,0,8,0,0,2,3,1,2,1
752,1101,148,9130,111,630,696,1126,1259,2170,1246,472,627,1344,625,29070,664,1259,4854,1132,1511,1134,146,68,291,139,41,29,400,471,15891,98,636,31,4181,3955,555,542,724,11,933,422,11197,264,853,30,64,747,210,215,60,116,85,93,198,245,14,18,27,112,65,16,7,8,136,52,292,22,329,25,24,40,27,41,41,3,17,2,55,82,7,12,47,188,5,3,78,595,43,11,226,3,11,2,5,256,53,16,49,26
3,3,1,7,0,0,1,2875,754,237,372,5093,7808,96,76,664,8502,5320,548,119,3521,152,399,87,32,8,10,2,40,96,2814,34,1948,2,34,205,146,19,68,0,53,123,648,17,96,19,108,3,6,194,0,1,1,0,1,2,1,9,22,54,11,2,2,2,1,0,6,13,55,3,9,7,11,4,9,0,2,0,1,14,0,2,1,4,0,0,21,25,2,0,9,0,1,0,1,2,0,1,5,3
2,4,0,4,1,0,1,4618,145,23,225,938,2368,141,82,1259,5320,3847,581,135,419,113,101,34,11,3,1,1,35,54,3350,17,1175,0,3,25,42,12,7,1,15,30,291,7,174,7,46,0,6,108,0,0,0,0,0,1,0,8,8,54,3,2,2,1,0,2,8,17,36,4,7,3,15,1,3,0,0,0,0,1,0,3,1,0,0,1,17,20,3,1,13,0,0,0,1,2,1,0,1,1
42,37,6,151,6,9,14,2334,6467,623,1908,679,428,207,87,4854,548,581,7418,1564,1150,547,160,624,730,61,93,11,61,55,1285,55,375,17,139,2384,732,292,245,10,87,48,899,234,408,41,76,19,20,47,3,1,15,1,11,9,18,23,91,288,69,16,11,17,10,11,95,75,499,26,61,22,62,34,64,3,15,0,5,126,5,24,16,39,10,2,110,230,32,7,101,1,13,1,3,19,1,10,29,44
40,37,6,111,4,9,10,6409,5962,95,217,496,1873,487,189,1132,119,135,1564,27609,136,1209,667,65,1182,364,114,24,139,239,627,311,4291,56,97,490,68,8214,44,7,80,85,686,1268,7634,158,323,13,35,174,3,3,4,1,3,5,239,97,11,1055,10,7,44,139,18,6,15,15,71,639,4,40,112,885,5,17,117,3,5,16,13,202,1,20,87,7,20,34,5,33,9,2,92,0,15,6,2,2,4,2
15,15,5,56,1,5,12,423,600,5290,2409,6099,523,217,133,1511,3521,419,1150,136,19095,541,581,241,48,12,17,11,223,540,1438,119,1305,11,482,1487,976,43,524,8,840,1704,7260,38,179,51,213,71,23,2193,1,2,6,2,3,0,4,7,35,53,41,19,4,4,11,5,67,23,377,12,26,17,30,10,16,6,0,1,5,49,3,5,3,23,2,0,102,180,12,0,54,2,3,2,3,10,1,2,22,15
1018,710,442,984,249,147,206,2697,2401,4245,4324,3182,815,570,437,1134,152,113,547,1209,541,15943,6018,85,860,1013,578,1359,3064,563,464,1610,1411,1371,325,393,145,602,390,295,12780,1006,1916,3449,641,5523,3074,203,109,399,10,26,9,8,21,22,24,17,3,154,11,4,7,7,21,8,60,5,41,63,7,21,12,115,4,52,91,7,11,13,38,29,11,39,34,39,22,111,5,39,32,71,191,3,38,34,12,2,8,3
16,9,1,23,2,2,0,745,853,802,1771,4414,335,85,27,146,399,101,160,667,581,6018,8775,60,1565,844,809,166,125,242,129,1215,4197,296,31,93,43,993,28,33,259,204,130,2994,819,3474,4264,11,2,86,1,0,3,0,0,0,17,10,0,42,2,0,5,6,2,2,4,4,20,59,1,20,10,166,1,36,103,2,3,2,24,43,1,6,68,18,10,8,0,59,3,9,215,2,13,5,1,1,3,1
1,4,1,15,4,18,11,200,8947,72,109,208,84,7,2,68,87,34,624,65,241,85,60,6402,2120,52,1539,31,12,9,58,27,90,36,524,5295,4424,52,4961,234,10,7,55,574,22,19,47,216,29,11,3,3,6,0,5,6,20,38,44,530,46,15,5,12,7,10,51,62,332,30,32,19,107,64,33,3,34,2,5,54,7,29,7,22,26,7,149,142,6,12,48,10,46,0,3,11,2,9,24,10
11,16,4,105,9,26,22,151,6863,68,55,534,192,151,63,291,32,11,730,1182,48,860,1565,2120,7514,186,5021,50,66,125,52,481,3131,97,290,1193,370,741,599,86,52,64,139,2065,1080,254,690,110,24,71,2,1,15,2,5,7,205,76,17,811,7,15,121,154,30,18,38,26,132,1278,14,135,116,3526,7,118,710,5,7,23,63,606,6,26,483,29,51,37,10,296,19,17,713,5,47,18,9,2,6,11
44,32,8,111,6,6,9,107,169,30,32,52,14,295,50,139,8,3,61,364,12,1013,844,52,186,16436,544,104,122,135,54,12399,775,5752,22,81,15,3902,51,73,81,44,139,12782,1826,454,2064,16,24,49,1,0,1,0,2,0,2,3,1,27,4,3,8,4,15,9,4,3,17,16,5,96,18,167,6,484,608,10,4,5,272,169,7,4,194,171,7,13,2,283,17,71,1302,15,199,13,3,1,13,4
10,9,5,13,7,49,14,25,1019,20,8,59,25,17,7,41,10,1,93,114,17,578,809,1539,5021,544,19258,1531,40,25,20,909,531,636,202,404,1272,191,1974,5941,24,14,36,14894,233,289,833,406,62,6,1,1,10,3,23,6,14,9,3,105,9,4,11,11,18,14,10,5,43,198,6,126,79,1233,4,298,1540,40,11,5,186,259,16,12,412,149,38,42,5,434,48,135,1756,9,115,37,3,2,12,13
143,36,28,36,39,22,12,27,27,19,22,29,10,129,25,29,2,1,11,24,11,1359,166,31,50,104,1531,62565,731,293,10,179,62,12783,18,25,467,43,224,14516,531,94,71,1122,78,9349,4981,53,24,35,0,3,0,1,2,3,0,1,0,4,0,0,1,2,2,0,5,1,3,2,0,32,1,12,1,28,106,837,3,0,46,6,5,0,7,459,8,4,0,18,21,1774,280,104,47,11,1,3,1,2
2305,558,503,731,911,283,179,66,31,635,33,85,161,8452,728,400,40,35,61,139,223,3064,125,12,66,122,40,731,110674,12049,174,407,589,277,191,99,93,114,197,119,29888,1241,2053,234,519,861,453,124,10295,744,9,17,11,8,20,19,0,0,0,8,5,0,0,1,20,12,47,1,31,3,1,7,4,14,4,6,7,4,11,3,2,4,11,26,0,4,8,84,4,4,41,9,19,1,2,30,4,3,6,0
1565,597,418,797,404,140,98,81,43,265,51,212,495,19774,1742,471,96,54,55,239,540,563,242,9,125,135,25,293,12049,26503,218,775,1581,140,209,169,101,123,219,45,7616,4077,3792,184,897,173,470,92,1362,3263,2,26,12,12,8,19,1,0,2,9,12,2,0,1,17,7,46,1,31,15,4,4,1,28,4,4,12,1,9,5,4,2,12,29,15,5,12,103,3,1,40,1,25,3,1,19,14,2,4,2
53,52,12,274,14,68,31,1375,232,795,473,606,1538,328,158,15891,2814,3350,1285,627,1438,464,129,58,52,54,20,10,174,218,15167,116,1305,10,691,587,411,180,394,4,333,211,15909,52,1165,17,63,274,46,176,6,10,15,11,17,31,5,3,17,46,35,9,7,5,17,15,77,13,224,17,9,15,14,18,18,4,2,2,10,46,2,8,18,55,6,1,84,196,14,4,67,1,3,1,1,30,9,8,14,12
41,24,9,56,6,4,5,125,249,357,49,151,53,549,140,98,34,17,55,311,119,1610,1215,27,481,12399,909,179,407,775,116,41283,11803,4571,16,57,18,1407,32,136,389,424,195,6385,5662,1012,15329,14,41,326,1,0,2,0,0,2,4,6,3,34,3,2,7,0,16,11,8,3,10,35,4,96,24,156,2,559,507,31,7,4,411,170,10,5,193,332,9,13,3,255,13,143,1497,17,223,8,1,0,6,5
34,25,9,57,5,5,10,2461,2705,1561,546,6982,8105,838,427,636,1948,1175,375,4291,1305,1411,4197,90,3131,775,531,62,589,1581,1305,11803,28793,169,67,185,81,1482,48,23,1020,1600,899,2588,10282,265,6963,17,27,1300,0,0,2,1,1,0,78,31,8,401,9,10,23,59,16,4,13,12,37,337,5,30,48,440,6,35,124,1,3,18,16,108,1,8,91,17,22,21,1,59,12,3,168,2,19,2,3,2,3,2
61,17,14,28,13,7,6,31,77,35,20,27,8,118,18,31,2,0,17,56,11,1371,296,36,97,5752,636,12783,277,140,10,4571,169,40099,7,36,81,215,114,11395,253,66,79,9555,226,3905,17030,52,18,22,2,3,0,0,2,6,0,4,1,10,5,6,3,1,3,2,2,2,9,6,2,211,10,61,2,393,357,319,11,1,540,53,10,5,33,1998,17,6,3,63,24,2585,2314,253,457,10,2,5,13,3
241,165,103,739,99,894,2284,21,577,850,90,81,18,266,57,4181,34,3,139,97,482,325,31,524,290,22,202,18,191,209,691,16,67,7,5231,2261,884,80,6969,52,409,201,1740,175,37,11,20,3004,208,138,53,96,91,89,168,173,9,12,21,62,65,14,6,4,197,60,380,16,220,18,15,44,21,13,17,4,12,4,82,42,1,6,59,217,5,5,86,700,20,2,297,0,12,3,1,220,70,17,61,16
37,35,12,171,3,24,25,109,2946,1435,369,344,61,122,49,3955,205,25,2384,490,1487,393,93,5295,1193,81,404,25,99,169,587,57,185,36,2261,11807,2341,197,6613,72,314,170,1324,390,85,10,37,203,31,102,9,13,35,8,9,26,18,29,80,238,152,29,12,12,61,48,261,67,781,45,67,64,75,50,71,2,25,1,33,175,7,22,47,231,16,7,247,738,68,13,220,3,30,6,4,47,19,24,96,45
85,99,49,180,27,163,88,163,5122,493,150,246,82,157,32,555,146,42,732,68,976,145,43,4424,370,15,1272,467,93,101,411,18,81,81,884,2341,3314,10,6388,591,163,96,814,361,25,66,64,716,54,58,5,14,9,10,42,21,14,52,20,655,18,1,8,9,11,9,43,59,103,15,21,6,88,31,15,3,11,2,7,24,4,11,10,22,3,4,159,121,10,2,66,23,19,0,5,113,1,5,9,14
100,84,14,297,13,11,25,549,429,48,48,150,55,463,145,542,19,12,292,8214,43,602,993,52,741,3902,191,43,114,123,180,1407,1482,215,80,197,10,10277,45,25,74,40,513,7314,4421,125,706,18,47,53,0,0,4,2,1,2,17,9,6,77,4,6,23,14,10,20,11,5,39,187,6,88,23,859,6,77,492,3,5,6,46,216,6,10,302,14,11,16,4,267,15,4,587,1,38,6,0,2,7,7
200,124,97,279,56,1003,323,33,602,813,136,127,21,291,33,724,68,7,245,44,524,390,28,4961,599,51,1974,224,197,219,394,32,48,114,6969,6613,6388,45,30442,922,389,165,1029,1045,16,33,43,9465,178,107,48,83,76,61,109,138,4,11,55,114,101,17,6,6,167,68,430,41,687,18,45,61,57,32,44,7,20,6,75,110,8,18,68,238,14,14,233,838,37,13,534,25,43,7,8,127,54,31,64,26
32,7,8,18,13,36,7,10,48,7,3,7,2,22,8,11,0,1,10,7,8,295,33,234,86,73,5941,14516,119,45,4,136,23,11395,52,72,591,25,922,37991,82,13,20,12016,19,1000,1299,256,32,9,2,3,1,2,6,3,0,0,1,3,3,0,1,0,6,4,4,2,4,3,2,148,8,35,0,147,299,1002,19,1,200,9,16,1,18,1654,37,9,2,13,32,4779,1420,362,219,18,3,3,7,1
1281,697,447,1053,361,129,174,43,45,14046,177,332,220,960,737,933,53,15,87,80,840,12780,259,10,52,81,24,531,29888,7616,333,389,1020,253,409,314,163,74,389,82,66484,10171,3082,196,286,409,474,236,202,2002,5,26,4,9,17,32,1,1,2,8,4,2,1,1,18,9,33,0,44,8,2,4,2,7,1,3,5,1,8,12,4,1,15,18,1,9,10,96,3,4,42,13,15,1,2,28,9,1,8,4
160,153,59,329,34,39,32,39,37,4281,103,367,464,1816,754,422,123,30,48,85,1704,1006,204,7,64,44,14,94,1241,4077,211,424,1600,66,201,170,96,40,165,13,10171,15038,4468,75,365,97,377,113,50,12576,1,6,3,1,7,6,1,1,1,1,8,1,1,0,7,2,15,1,22,2,2,2,1,14,0,2,3,0,1,3,0,1,2,12,5,2,5,30,3,1,12,2,11,0,1,10,2,1,2,1
577,526,67,2555,89,194,104,482,364,3753,221,444,606,7600,8598,11197,648,291,899,686,7260,1916,130,55,139,139,36,71,2053,3792,15909,195,899,79,1740,1324,814,513,1029,20,3082,4468,62830,194,1317,52,129,815,454,16522,15,43,40,28,67,97,16,7,19,65,48,5,2,5,78,21,184,20,296,24,10,20,23,28,14,4,7,3,28,38,1,3,22,106,4,0,106,367,15,3,120,4,12,1,2,96,32,9,29,10
61,50,10,148,16,61,34,167,592,91,88,248,87,208,59,264,17,7,234,1268,38,3449,2994,574,2065,12782,14894,1122,234,184,52,6385,2588,9555,175,390,361,7314,1045,12016,196,75,194,48781,1301,1799,5932,361,73,66,3,4,9,2,21,13,22,17,4,149,18,22,38,14,45,42,28,20,66,155,25,480,89,1259,14,1598,2492,223,23,15,1235,545,48,27,739,1379,67,38,17,824,71,1244,5888,123,727,60,5,7,28,21
103,91,17,183,18,11,14,2372,678,129,94,150,217,1750,710,853,96,174,408,7634,179,641,819,22,1080,1826,233,78,519,897,1165,5662,10282,226,37,85,25,4421,16,19,286,365,1317,1301,11401,155,999,10,130,742,0,2,4,0,3,2,45,11,7,136,4,3,20,28,15,15,14,8,38,345,6,62,38,935,8,63,243,1,4,10,26,232,3,12,306,15,9,20,5,187,10,5,350,5,26,4,0,1,5,5
54,19,11,27,17,8,1,255,348,163,206,271,60,52,11,30,19,7,41,158,51,5523,3474,19,254,454,289,9349,861,173,17,1012,265,3905,11,10,66,125,33,1000,409,97,52,1799,155,14020,12528,8,7,26,0,0,0,0,1,0,5,0,1,23,1,0,1,3,0,0,3,3,8,7,0,29,2,26,0,39,62,40,2,0,56,4,5,1,10,331,2,2,0,11,8,319,320,33,55,1,0,1,1,0
51,20,13,29,24,7,6,279,468,543,208,422,97,166,48,64,108,46,76,323,213,3074,4264,47,690,2064,833,4981,453,470,63,15329,6963,17030,20,37,64,706,43,1299,474,377,129,5932,999,12528,45934,16,13,143,0,0,1,0,0,0,3,2,3,36,6,1,5,3,4,5,4,3,11,32,1,102,12,101,2,247,253,98,6,0,333,78,8,2,48,1016,12,8,2,80,8,803,1311,85,236,6,1,0,3,3
156,116,72,832,741,8733,1905,5,91,344,16,9,13,118,31,747,3,0,19,13,71,203,11,216,110,16,406,53,124,92,274,14,17,52,3004,203,716,18,9465,256,236,113,815,361,10,8,16,7647,606,47,19,48,32,44,129,108,1,1,9,10,10,4,0,0,36,8,75,2,33,0,3,6,3,3,2,1,5,0,19,6,1,2,9,20,2,3,15,113,3,1,53,5,11,1,1,168,21,4,3,2
3080,217,158,500,4664,2034,423,14,15,110,2,5,13,9568,139,210,6,6,20,35,23,109,2,29,24,24,62,24,10295,1362,46,41,27,18,208,31,54,47,178,32,202,50,454,73,130,7,13,606,17849,49,11,23,6,21,76,30,0,0,2,1,1,0,0,0,9,0,15,1,13,1,1,2,1,2,1,0,1,0,4,2,0,2,1,2,2,1,3,32,4,1,12,1,3,1,0,64,11,0,1,0
55,63,26,110,18,18,12,108,42,4093,32,215,674,3044,4777,215,194,108,47,174,2193,399,86,11,71,49,6,35,744,3263,176,326,1300,22,138,102,58,53,107,9,2002,12576,16522,66,742,26,143,47,49,17251,0,4,2,1,2,6,0,2,2,4,4,2,0,1,2,4,8,0,30,4,0,2,0,6,1,2,5,1,0,5,0,3,3,8,4,0,6,22,0,1,9,1,4,0,1,3,4,2,4,0
38,38,123,119,12,245,115,0,2,7,0,0,0,22,2,60,0,0,3,3,1,10,1,3,2,1,1,0,9,2,6,1,0,2,53,9,5,0,48,2,5,1,15,3,0,0,0,19,11,0,49738,17187,6173,16945,14751,5899,2,8,3,18,71,14,3,4,8970,195,601,2,27,34,7,245,2,40,6,14,4,111,1851,2,19,12,799,51,24,70,28,592,15,11,148,15,21,132,26,485,12828,223,237,31
387,193,3496,346,54,123,267,0,4,15,1,0,0,56,4,116,1,0,1,3,2,26,0,3,1,0,1,3,17,26,10,0,0,3,96,13,14,0,83,3,26,6,43,4,2,0,0,48,23,4,17187,69587,16120,15778,3039,10386,2,2,3,9,80,16,2,2,8441,173,573,5,36,47,8,508,1,29,4,20,2,63,1206,3,12,7,973,66,22,66,26,683,25,12,207,15,24,101,26,296,1757,255,511,57
33,51,47,125,12,35,91,4,16,15,0,0,1,42,3,85,1,0,15,4,6,9,3,6,15,1,10,0,11,12,15,2,2,0,91,35,9,4,76,1,4,3,40,9,4,0,1,32,6,2,6173,16120,40339,476,642,12790,43,68,28,127,432,72,27,25,23568,4990,7719,29,385,329,48,594,8,174,48,41,17,47,1259,53,38,61,851,690,109,45,83,1332,78,83,142,5,104,76,27,303,3136,405,1263,148
52,75,1080,222,29,1158,427,0,3,17,0,0,0,28,2,93,0,0,1,1,2,8,0,0,2,0,3,1,8,12,11,0,1,0,89,8,10,2,61,2,9,1,28,2,0,0,0,44,21,1,16945,15778,476,34518,20051,23569,0,2,0,7,32,2,0,0,328,51,145,1,19,20,4,192,1,11,2,8,3,39,472,2,3,6,377,17,9,22,14,418,19,7,389,6,6,55,15,1287,521,114,182,22
109,144,182,498,65,306,558,4,11,17,3,2,1,56,6,198,1,0,11,3,3,21,0,5,5,2,23,2,20,8,17,0,1,2,168,9,42,1,109,6,17,7,67,21,3,1,0,129,76,2,14751,3039,642,20051,31750,15081,0,0,0,13,49,7,4,0,881,61,337,1,15,10,1,50,16,64,1,6,42,16,206,1,2,5,98,23,4,11,81,2443,9,3,681,29,37,15,5,9290,6344,50,65,15
123,160,299,511,40,322,561,3,23,33,2,2,1,63,10,245,2,1,9,5,0,22,0,6,7,0,6,3,19,19,31,2,0,6,173,26,21,2,138,3,32,6,97,13,2,0,0,108,30,6,5899,10386,12790,23569,15081,37879,3,12,6,44,328,21,7,0,2595,167,1798,5,108,117,26,555,5,71,18,25,10,39,561,15,13,20,665,69,28,35,72,3409,47,40,292,9,35,61,19,1330,1079,357,892,100
1,2,0,4,0,0,0,78,613,1,0,25,44,8,4,14,1,0,18,239,4,24,17,20,205,2,14,0,0,1,5,4,78,0,9,18,14,17,4,0,1,1,16,22,45,5,3,1,0,0,2,2,43,0,0,3,4500,7612,916,751,19,100,366,5012,366,333,430,1503,458,2760,29,149,27,187,123,14,295,1,62,647,23,2759,75,494,167,1,61,15,40,27,4,1,23,3,29,0,28,7,39,30
1,1,1,2,1,0,1,74,629,1,4,5,42,3,1,18,9,8,23,97,7,17,10,38,76,3,9,1,0,0,3,6,31,4,12,29,52,9,11,0,1,1,7,17,11,0,2,1,0,2,8,2,68,2,0,12,7612,22267,5338,3706,124,819,479,2048,252,130,593,6356,1533,5079,78,1382,39,261,97,75,89,24,83,931,71,939,68,420,654,46,272,27,19,152,5,5,85,62,171,2,31,25,52,19
0,1,0,9,2,3,4,31,167,12,11,16,6,3,2,27,22,8,91,11,35,3,0,44,17,1,3,0,0,2,17,3,8,1,21,80,20,6,55,1,2,1,19,4,7,1,3,9,2,2,3,3,28,0,0,6,916,5338,4009,2348,194,1066,210,451,45,27,1212,4924,3436,778,179,1101,44,79,102,34,20,8,24,2864,64,340,21,136,290,27,280,47,24,60,63,6,45,40,127,1,7,19,50,21
8,8,2,42,2,5,7,868,8484,20,23,98,509,21,4,112,54,54,288,1055,53,154,42,530,811,27,105,4,8,9,46,34,401,10,62,238,655,77,114,3,8,1,65,149,136,23,36,10,1,4,18,9,127,7,13,44,751,3706,2348,47345,393,1075,1054,1419,76,60,400,2140,7176,3562,511,1647,11186,6471,149,125,3196,24,64,398,126,725,41,159,200,62,3219,457,69,149,116,28,549,94,267,51,19,35,109,84
6,5,5,22,1,5,10,11,64,18,13,8,3,17,2,65,11,3,69,10,41,11,2,46,7,4,9,0,5,12,35,3,9,5,65,152,18,4,101,3,4,8,48,18,4,1,6,10,1,4,71,80,432,32,49,328,19,124,194,393,37219,4899,1774,65,312,496,1742,212,1962,113,4720,3600,106,69,508,147,35,51,434,266,364,351,835,622,103,175,493,1021,975,60,261,10,214,281,822,134,82,22224,21969,5683
2,2,1,4,0,1,0,5,45,11,3,3,1,2,0,16,2,2,16,7,19,4,0,15,15,3,4,0,0,2,9,2,10,6,14,29,1,6,17,0,2,1,5,22,3,0,1,4,0,2,14,16,72,2,7,21,100,819,1066,1075,4899,6391,6849,259,56,75,433,1523,1433,272,6242,7224,61,127,524,77,38,29,112,374,129,346,132,130,57,94,147,201,239,45,58,6,156,174,366,23,5,165,427,412
0,0,0,1,0,1,1,4,66,4,1,2,2,1,1,7,2,2,11,44,4,7,5,5,121,8,11,1,0,0,7,7,23,3,6,12,8,23,6,1,1,1,2,38,20,1,5,0,0,0,3,2,27,0,4,7,366,479,210,1054,1774,6849,19699,7777,60,150,146,8596,365,1062,6432,8687,53,865,835,99,140,16,45,1076,182,6608,88,271,258,77,98,49,341,88,22,6,216,123,851,3,12,138,355,470
0,0,0,2,0,0,1,14,230,2,4,4,9,1,1,8,2,1,17,139,4,7,6,12,154,4,11,2,1,1,5,0,59,1,4,12,9,14,6,0,1,0,5,14,28,3,3,0,0,1,4,2,25,0,0,0,5012,2048,451,1419,65,259,7777,12486,139,248,237,8969,347,1120,587,566,42,365,260,27,222,3,32,1031,46,5433,64,325,101,8,61,15,102,24,10,1,36,10,83,2,11,14,73,89
91,111,76,226,20,47,138,0,22,29,4,1,0,72,7,136,1,0,10,18,11,21,2,7,30,15,18,2,20,17,17,16,16,3,197,61,11,10,167,6,18,7,78,45,15,0,4,36,9,2,8970,8441,23568,328,881,2595,366,252,45,76,312,56,60,139,90815,13871,2535,113,232,1460,53,714,7,311,41,431,46,112,8289,80,365,597,9349,3513,1793,111,135,986,541,741,396,15,157,124,145,339,14670,453,2109,668
13,19,9,37,6,16,14,2,23,14,0,0,1,17,3,52,0,2,11,6,5,8,2,10,18,9,14,0,12,7,15,11,4,2,60,48,9,20,68,4,9,2,21,42,15,0,5,8,0,4,195,173,4990,51,61,167,333,130,27,60,496,75,150,248,13871,44314,3552,178,210,826,206,825,4,178,114,338,37,90,2041,108,791,1351,4823,9334,2126,121,170,247,4422,384,90,12,131,106,430,72,849,424,5655,8084
134,127,130,277,25,61,178,5,67,62,8,12,9,112,10,292,6,8,95,15,67,60,4,51,38,4,10,5,47,46,77,8,13,2,380,261,43,11,430,4,33,15,184,28,14,3,4,75,15,8,601,573,7719,145,337,1798,430,593,1212,400,1742,433,146,237,2535,3552,21291,1038,5381,1067,229,911,30,285,519,68,24,26,547,6299,72,471,696,6324,442,58,410,2912,264,165,450,3,127,63,78,841,693,466,1437,245
2,2,2,6,0,0,0,66,396,4,8,15,16,2,0,22,13,17,75,15,23,5,4,62,26,3,5,1,1,1,13,3,12,2,16,67,59,5,41,2,0,1,20,20,8,3,3,2,1,0,2,5,29,1,1,5,1503,6356,4924,2140,212,1523,8596,8969,113,178,1038,11292,1713,331,4487,1978,178,114,1082,35,45,5,30,8163,116,3472,51,489,127,34,493,72,148,42,39,4,70,31,515,4,3,24,66,109
24,17,10,47,5,16,29,82,541,164,52,87,29,51,19,329,55,36,499,71,377,41,20,332,132,17,43,3,31,31,224,10,37,9,220,781,103,39,687,4,44,22,296,66,38,8,11,33,13,30,27,36,385,19,15,108,458,1533,3436,7176,1962,1433,365,347,232,210,5381,1713,17180,1824,1007,1153,1979,1564,1232,111,352,16,112,3412,86,570,228,882,291,54,2116,4372,461,140,641,51,365,36,141,44,44,192,663,439
2,3,0,6,1,2,2,56,683,4,4,40,35,18,8,25,3,4,26,639,12,63,59,30,1278,16,198,2,3,15,17,35,337,6,18,45,15,187,18,3,8,2,24,155,345,7,32,0,1,4,34,47,329,20,10,117,2760,5079,778,3562,113,272,1062,1120,1460,826,1067,331,1824,24098,74,1142,59,4422,126,366,440,21,307,605,242,4597,354,974,4712,72,60,158,71,3137,18,8,541,37,255,6,172,52,218,85
1,3,2,4,1,4,2,29,133,8,12,8,9,4,0,24,9,7,61,4,26,7,1,32,14,5,6,0,1,4,9,4,5,2,15,67,21,6,45,2,2,2,10,25,6,0,1,3,1,0,7,8,48,4,1,26,29,78,179,511,4720,6242,6432,587,53,206,229,4487,1007,74,8553,2625,160,67,5309,115,39,27,68,1765,402,1157,172,338,88,127,455,304,1400,50,109,11,160,167,979,15,4,198,1230,4105
18,11,8,23,2,5,8,2,57,12,5,7,5,11,3,40,7,3,22,40,17,21,20,19,135,96,126,32,7,4,15,96,30,211,44,64,6,88,61,148,4,2,20,480,62,29,102,6,2,2,245,508,594,192,50,555,149,1382,1101,1647,3600,7224,8687,566,714,825,911,1978,1153,1142,2625,35562,81,1574,640,1751,663,2128,4553,597,2072,5922,2089,668,1149,2513,176,433,598,1192,166,488,3599,10181,12086,114,156,3173,2551,826
0,1,0,8,1,0,1,91,1033,12,11,25,65,6,2,27,11,15,62,112,30,12,10,107,116,18,79,1,4,1,14,24,48,10,21,75,88,23,57,8,2,1,23,89,38,2,12,3,1,0,2,1,8,1,16,5,27,39,44,11186,106,61,53,42,7,4,30,178,1979,59,160,81,8264,4443,68,73,1782,22,10,59,27,65,14,13,18,42,4495,1117,25,15,999,163,481,9,41,161,18,11,39,27
4,1,1,7,0,4,4,35,605,8,3,40,20,34,12,41,4,1,34,885,10,115,166,64,3526,167,1233,12,14,28,18,156,440,61,13,50,31,859,32,35,7,14,28,1259,935,26,101,3,2,6,40,29,174,11,64,71,187,261,79,6471,69,127,865,365,311,178,285,114,1564,4422,67,1574,4443,10292,61,368,7183,176,91,101,331,3061,87,188,1181,149,1084,797,55,1051,1126,1057,4043,55,413,442,85,13,87,60
0,2,0,3,0,4,2,7,49,18,9,7,1,3,0,41,9,3,64,5,16,4,1,33,7,6,4,1,4,4,18,2,6,2,17,71,15,6,44,0,1,0,14,14,8,0,2,2,1,1,6,4,48,2,1,18,123,97,102,149,508,524,835,260,41,114,519,1082,1232,126,5309,640,68,61,5716,61,9,11,27,4885,282,856,91,1283,217,56,287,310,2139,54,109,1,69,48,408,7,5,34,339,2285
0,1,0,0,1,0,0,1,11,0,1,4,0,2,0,3,0,0,3,17,6,52,36,3,118,484,298,28,6,4,4,559,35,393,4,2,3,77,7,147,3,2,4,1598,63,39,247,1,0,2,14,20,41,8,6,25,14,75,34,125,147,77,99,27,431,338,68,35,111,366,115,1751,73,368,61,14065,882,125,225,36,5192,1013,350,168,3350,6894,60,39,107,6920,57,184,10451,282,1449,52,66,34,202,125
0,2,0,5,2,1,0,15,154,0,3,18,4,7,0,17,2,0,15,117,0,91,103,34,710,608,1540,106,7,12,2,507,124,357,12,25,11,492,20,299,5,3,7,2492,243,62,253,5,1,5,4,2,17,3,42,10,295,89,20,3196,35,38,140,222,46,37,24,45,352,440,39,663,1782,7183,9,882,14837,1504,32,17,512,602,28,17,281,714,665,265,16,194,818,7408,11561,113,504,361,15,11,36,21
0,0,2,1,0,0,0,0,0,1,0,0,0,1,0,2,0,0,0,3,1,7,2,2,5,10,40,837,4,1,2,31,1,319,4,1,2,3,6,1002,1,0,3,223,1,40,98,0,0,1,111,63,47,39,16,39,1,24,8,24,51,29,16,3,112,90,26,5,16,21,27,2128,22,176,11,125,1504,59999,3230,3,128,48,953,26,51,12605,349,40,31,79,190,20346,1399,18943,953,84,114,454,239,50
21,31,28,45,8,16,25,1,9,11,1,1,0,25,4,55,1,0,5,5,5,11,3,5,7,4,11,3,11,9,10,7,3,11,82,33,7,5,75,19,8,1,28,23,4,2,6,19,4,0,1851,1206,1259,472,206,561,62,83,24,64,434,112,45,32,8289,2041,547,30,112,307,68,4553,10,91,27,225,32,3230,151808,24,284,272,23396,795,627,567,79,318,406,272,133,182,138,1678,240,122,23694,20411,2924,502
1,2,2,8,0,2,1,14,132,29,15,14,4,12,2,82,14,1,126,16,49,13,2,54,23,5,5,0,3,5,46,4,18,1,42,175,24,6,110,1,12,3,38,15,10,0,0,6,2,5,2,3,53,2,1,15,647,931,2864,398,266,374,1076,1031,80,108,6299,8163,3412,605,1765,597,59,101,4885,36,17,3,24,13644,175,1689,33,3136,464,42,342,162,183,86,140,1,67,12,303,4,10,21,82,117
0,0,0,0,0,1,0,3,9,0,3,2,2,1,1,7,0,0,5,13,3,38,24,7,63,272,186,46,2,4,2,411,16,540,1,7,4,46,8,200,4,0,1,1235,26,56,333,1,0,0,19,12,38,3,2,13,23,71,64,126,364,129,182,46,365,791,72,116,86,242,402,2072,27,331,282,5192,512,128,284,175,31827,5579,581,339,6059,8589,37,26,537,1426,17,265,2404,570,9168,5,46,81,718,671
1,0,0,2,1,1,0,19,153,3,2,13,4,8,5,12,2,3,24,202,5,29,43,29,606,169,259,6,4,2,8,170,108,53,6,22,11,216,18,9,1,1,3,545,232,4,78,2,2,3,12,7,61,6,5,20,2759,939,340,725,351,346,6608,5433,597,1351,471,3472,570,4597,1157,5922,65,3061,856,1013,602,48,272,1689,5579,32159,539,1134,14440,319,71,68,740,2043,22,18,2156,117,6488,14,56,74,563,629
13,14,11,38,5,9,25,0,12,10,1,3,0,23,0,47,1,1,16,1,3,11,1,7,6,7,16,5,11,12,18,10,1,10,59,47,10,6,68,16,15,2,22,48,3,5,8,9,1,3,799,973,851,377,98,665,75,68,21,41,835,132,88,64,9349,4823,696,51,228,354,172,2089,14,87,91,350,28,953,23396,33,581,539,54979,1112,1145,541,166,362,1317,321,129,104,155,1015,447,99,1589,8434,18389,2429
41,37,43,66,5,15,36,2,41,41,5,4,1,61,5,188,4,0,39,20,23,39,6,22,26,4,12,0,26,29,55,5,8,5,217,231,22,10,238,1,18,12,106,27,12,1,2,20,2,8,51,66,690,17,23,69,494,420,136,159,622,130,271,325,3513,9334,6324,489,882,974,338,668,13,188,1283,168,17,26,795,3136,339,1134,1112,9187,1036,37,494,550,2887,219,249,4,85,66,235,116,289,280,1284,685
2,1,0,4,0,6,3,6,53,4,4,8,1,7,3,5,0,0,10,87,2,34,68,26,483,194,412,7,0,15,6,193,91,33,5,16,3,302,14,18,1,5,4,739,306,10,48,2,2,4,24,22,109,9,4,28,167,654,290,200,103,57,258,101,1793,2126,442,127,291,4712,88,1149,18,1181,217,3350,281,51,627,464,6059,14440,1145,1036,8958,316,26,28,299,2758,4,21,572,87,1247,3,203,77,613,370
2,0,0,0,0,2,0,1,5,1,0,2,0,4,1,3,0,1,2,7,0,39,18,7,29,171,149,459,4,5,1,332,17,1998,5,7,4,14,14,1654,9,2,0,1379,15,331,1016,3,1,0,70,66,45,22,11,35,1,46,27,62,175,94,77,8,111,121,58,34,54,72,127,2513,42,149,56,6894,714,12605,567,42,8589,319,541,37,316,58308,72,35,126,520,71,6192,7408,14397,6275,48,44,141,318,163
3,5,6,33,0,5,18,110,815,36,18,22,41,26,3,78,21,17,110,20,102,22,10,149,51,7,38,8,8,12,84,9,22,17,86,247,159,11,233,37,10,5,106,67,9,2,12,15,3,6,28,26,83,14,81,72,61,272,280,3219,493,147,98,61,135,170,410,493,2116,60,455,176,4495,1084,287,60,665,349,79,342,37,71,166,494,26,72,4080,3586,270,10,5290,1046,749,25,50,1038,74,98,392,221
179,191,170,471,41,122,338,34,232,156,40,32,12,192,19,595,25,20,230,34,180,111,8,142,37,13,42,4,84,103,196,13,21,6,700,738,121,16,838,9,96,30,367,38,20,2,8,113,32,22,592,683,1332,418,2443,3409,15,27,47,457,1021,201,49,15,986,247,2912,72,4372,158,304,433,1117,797,310,39,265,40,318,162,26,68,362,550,28,35,3586,15355,355,26,9466,84,218,22,48,6154,369,181,754,260
6,2,0,4,0,0,0,2,24,12,6,0,0,7,0,43,2,3,32,5,12,5,0,6,10,2,5,0,4,3,14,3,1,3,20,68,10,4,37,2,3,3,15,17,5,0,2,3,4,0,15,25,78,19,9,47,40,19,24,69,975,239,341,102,541,4422,264,148,461,71,1400,598,25,55,2139,107,16,31,406,183,537,740,1317,2887,299,126,270,355,26167,60,114,3,77,82,556,22,45,292,3783,6562
0,0,0,2,0,0,0,1,22,1,0,1,0,7,1,11,0,1,7,33,0,39,59,12,296,283,434,18,4,1,4,255,59,63,2,13,2,267,13,13,4,1,3,824,187,11,80,1,1,1,11,12,83,7,3,40,27,152,60,149,60,45,88,24,741,384,165,42,140,3137,50,1192,15,1051,54,6920,194,79,272,86,1426,2043,321,219,2758,520,10,26,60,15339,6,29,7628,65,788,6,89,26,132,94
78,87,73,231,21,52,120,25,137,74,15,11,6,91,7,226,9,13,101,9,54,32,3,48,19,17,48,21,41,40,67,13,12,24,297,220,66,15,534,32,42,12,120,71,10,8,8,53,12,9,148,207,142,389,681,292,4,5,63,116,261,58,22,10,396,90,450,39,641,18,109,166,999,1126,109,57,818,190,133,140,17,22,129,249,4,71,5290,9466,114,6,17534,876,814,16,32,9827,296,67,195,107
1,0,1,3,0,1,0,1,5,1,0,0,0,2,0,3,0,0,1,2,2,71,9,10,17,71,135,1774,9,1,1,143,3,2585,0,3,23,4,25,4779,13,2,4,1244,5,319,803,5,1,1,15,15,5,6,29,9,1,5,6,28,10,6,6,1,15,12,3,4,51,8,11,488,163,1057,1,184,7408,20346,182,1,265,18,104,4,21,6192,1046,84,3,29,876,44079,16201,1237,525,318,24,36,42,13
6,2,4,9,0,1,2,14,94,10,5,13,10,11,8,11,1,0,13,92,3,191,215,46,713,1302,1756,280,19,25,3,1497,168,2314,12,30,19,587,43,1420,15,11,12,5888,350,320,1311,11,3,4,21,24,104,6,37,35,23,85,45,549,214,156,216,36,157,131,127,70,365,541,160,3599,481,4043,69,10451,11561,1399,138,67,2404,2156,155,85,572,7408,749,218,77,7628,814,16201,34939,740,2401,487,69,43,181,124
3,0,0,2,0,0,2,1,5,1,0,0,0,3,0,2,0,0,1,0,2,3,2,0,5,15,9,104,1,3,1,17,2,253,3,6,0,1,7,362,1,0,1,123,5,33,85,1,1,0,132,101,76,55,15,61,3,62,40,94,281,174,123,10,124,106,63,31,36,37,167,10181,9,55,48,282,113,18943,1678,12,570,117,1015,66,87,14397,25,22,82,65,16,1237,740,19837,9131,14,61,446,465,164
1,0,0,0,1,1,0,7,18,0,0,2,0,2,0,5,1,1,3,15,3,38,13,3,47,199,115,47,2,1,1,223,19,457,1,4,5,38,8,219,2,1,2,727,26,55,236,1,0,1,26,26,27,15,5,19,29,171,127,267,822,366,851,83,145,430,78,515,141,255,979,12086,41,413,408,1449,504,953,240,303,9168,6488,447,235,1247,6275,50,48,556,788,32,525,2401,9131,25214,14,35,96,786,747
126,143,152,533,63,238,520,14,38,26,5,1,0,59,2,256,2,2,19,6,10,34,5,11,18,13,37,11,30,19,30,8,2,10,220,47,113,6,127,18,28,10,96,60,4,1,6,168,64,3,485,296,303,1287,9290,1330,0,2,1,51,134,23,3,2,339,72,841,4,44,6,15,114,161,442,7,52,361,84,122,4,5,14,99,116,3,48,1038,6154,22,6,9827,318,487,14,14,9112,764,37,109,23
30,31,38,88,15,32,57,3,8,7,1,0,0,21,3,53,0,1,1,2,1,12,1,2,9,3,3,1,4,14,9,1,3,2,70,19,1,0,54,3,9,2,32,5,0,0,1,21,11,4,12828,1757,3136,521,6344,1079,28,31,7,19,82,5,12,11,14670,849,693,3,44,172,4,156,18,85,5,66,15,114,23694,10,46,56,1589,289,203,44,74,369,45,89,296,24,69,61,35,764,45956,210,290,62
5,4,8,4,1,3,6,2,6,7,2,0,1,7,1,16,1,0,10,2,2,2,1,9,2,1,2,3,3,2,8,0,2,5,17,24,5,2,31,3,1,1,9,7,1,1,0,4,0,2,223,255,405,114,50,357,7,25,19,35,22224,165,138,14,453,424,466,24,192,52,198,3173,11,13,34,34,11,454,20411,21,81,74,8434,280,77,141,98,181,292,26,67,36,43,446,96,37,210,43889,6132,553
7,12,9,18,2,4,8,4,25,18,8,2,0,10,2,49,5,1,29,4,22,8,3,24,6,13,12,1,6,4,14,6,3,13,61,96,9,7,64,7,8,2,29,28,5,1,3,3,1,4,237,511,1263,182,65,892,39,52,50,109,21969,427,355,73,2109,5655,1437,66,663,218,1230,2551,39,87,339,202,36,239,2924,82,718,563,18389,1284,613,318,392,754,3783,132,195,42,181,465,786,109,290,6132,39632,13282
2,1,1,4,0,1,4,6,28,5,3,3,0,2,1,26,3,1,44,2,15,3,1,10,11,4,13,2,0,2,12,5,2,3,16,45,14,7,26,1,4,1,10,21,5,0,3,2,0,0,31,57,148,22,15,100,30,19,21,84,5683,412,470,89,668,8084,245,109,439,85,4105,826,27,60,2285,125,21,50,502,117,671,629,2429,685,370,163,221,260,6562,94,107,13,124,164,747,23,62,553,13282,10365
