20930,4156,6565,2479,17406,3271,917,13,6,71,8,2,5,19527,258,231,0,2,8,18,4,243,1,4,7,31,3,9,1421,1182,30,25,12,24,121,30,99,23,167,4,201,65,94,19,43,3,8,105,2058,19,8,52,44,253,46,84,0,0,0,2,3,1,1,1,27,16,53,0,0,2,0,5,0,3,1,0,2,0,9,1,0,1,12,8,0,0,6,47,0,1,10,2,2,0,0,38,11,2,2,0
4156,26768,12729,21963,3077,1581,1783,8,9,437,23,6,4,6892,3597,536,3,2,14,16,6,726,6,10,13,36,10,7,662,1067,27,7,18,22,447,52,75,25,343,3,569,372,63,20,25,5,7,325,401,58,58,313,152,201,316,486,1,0,0,3,6,0,0,0,79,34,93,0,4,3,1,12,0,6,0,0,4,1,18,1,0,1,32,14,3,0,20,68,0,0,32,2,7,0,0,192,30,3,3,2
6565,12729,45818,5420,9917,6538,14488,2,0,135,6,4,0,474,26,100,0,0,3,4,4,658,0,3,1,1,1,1,530,807,9,2,7,0,118,13,27,6,437,0,365,152,14,2,5,4,2,184,254,10,229,406,88,1330,291,427,0,0,0,0,3,1,0,0,48,12,68,0,0,0,0,14,0,1,0,0,0,0,49,1,0,1,29,5,1,0,4,34,0,0,15,0,2,0,1,110,36,7,11,0
2479,21963,5420,25743,2071,1553,9188,33,38,1105,120,36,21,4490,13125,7970,12,6,105,90,24,859,19,42,52,125,28,29,904,1555,219,49,73,85,1001,303,143,129,577,19,694,721,379,73,107,10,18,808,399,411,60,355,183,232,491,674,1,3,1,5,6,0,3,0,99,35,126,0,4,4,0,9,4,27,0,0,5,1,29,7,1,11,24,11,8,0,16,105,1,7,38,1,14,0,0,282,28,1,5,0
17406,3077,9917,2071,30394,25417,1442,1,5,52,2,3,4,4450,112,111,2,3,8,16,4,112,3,3,3,13,0,4,586,440,14,11,5,12,98,18,36,5,130,1,69,35,37,8,16,4,6,524,7019,9,7,28,23,670,40,71,0,0,0,0,2,1,0,0,13,8,30,1,1,0,0,2,0,2,0,0,1,0,3,0,0,1,9,5,0,0,3,17,0,1,10,0,0,0,0,17,2,2,2,1
3271,1581,6538,1553,25417,29007,22510,1,6,47,7,1,0,329,268,156,0,0,2,6,4,52,4,44,15,11,61,24,180,118,14,1,3,3,338,30,56,0,1205,38,57,35,32,79,4,3,9,7092,3294,13,30,128,47,1460,371,423,0,0,0,1,2,1,0,0,29,10,29,0,0,3,1,3,2,4,0,0,1,2,3,0,0,0,7,6,0,1,2,30,0,1,10,0,7,0,0,78,10,1,0,1
917,1783,14488,9188,1442,22510,33576,7,26,528,54,17,8,340,107,1920,4,3,29,20,19,328,6,47,24,46,12,13,176,361,23,13,27,18,2411,181,107,34,2434,2,232,211,37,25,18,0,10,1918,109,40,76,355,173,285,575,1147,0,0,0,1,16,1,1,0,85,29,93,1,5,5,1,8,1,7,0,1,4,1,26,2,1,1,34,15,2,0,21,83,2,6,27,2,8,0,0,327,31,3,5,0
13,8,2,33,1,1,7,38077,15436,136,2282,1016,12833,156,145,265,4646,7410,1911,6899,84,2087,375,272,468,177,185,21,30,74,928,213,2282,51,15,83,1433,159,29,2,17,49,224,117,1655,80,170,3,4,106,0,0,11,1,0,4,163,143,39,968,17,25,56,123,2,5,49,34,73,569,34,28,43,540,13,1,19,0,1,10,0,260,5,3,62,0,185,18,1,28,1,0,26,0,1,0,1,2,5,1
6,9,0,38,5,6,26,15436,60932,331,2813,3330,4333,61,66,290,2347,485,3866,8875,485,2561,1048,12998,6215,321,7316,116,25,37,218,327,2331,107,90,2135,15841,423,129,162,22,42,124,1004,676,154,472,29,5,28,0,6,40,0,2,13,461,484,127,4049,176,143,181,351,16,34,230,144,325,1231,248,100,172,1904,66,37,224,4,15,77,13,688,38,17,237,12,627,110,8,160,16,20,189,6,19,4,4,11,47,20
71,437,135,1105,52,47,528,136,331,65045,6987,7074,626,451,411,1077,804,223,685,172,12511,6365,825,262,268,272,61,116,541,790,716,1365,2971,137,757,1712,1330,224,1204,18,9980,19265,3205,494,791,44,962,217,38,4267,10,31,38,9,20,42,2,7,17,91,83,15,4,0,54,39,358,20,139,14,35,26,30,36,45,4,9,0,30,70,2,14,69,45,20,4,57,292,22,28,97,2,34,3,5,31,11,15,32,12
8,23,6,120,2,7,54,2282,2813,6987,7511,13255,1012,53,47,377,864,222,1440,401,937,3310,2130,216,390,44,51,23,20,41,272,89,969,12,133,787,468,59,217,1,43,96,159,127,73,134,280,30,2,28,2,4,7,0,3,12,6,11,10,107,42,12,11,7,8,8,81,9,55,25,25,8,15,45,12,3,7,0,12,12,2,23,15,10,15,1,24,57,3,8,18,1,9,0,1,3,1,4,13,5
2,6,4,36,3,1,17,1016,3330,7074,13255,26623,6917,19,24,69,13560,597,622,433,4144,1922,6044,485,1709,58,184,19,28,81,130,131,5251,22,40,276,750,75,68,3,149,183,118,175,158,151,483,2,1,48,0,0,6,1,0,3,6,27,21,214,37,21,18,4,4,8,76,20,138,55,44,15,20,187,13,5,19,0,3,32,1,47,9,2,35,3,45,24,1,30,2,1,29,0,3,1,2,5,12,3
5,4,0,21,4,0,8,12833,4333,626,1012,6917,32130,127,62,80,8503,1760,442,2082,528,392,335,138,2612,54,267,5,46,224,314,179,7758,12,15,83,841,56,23,1,61,363,291,82,588,21,78,4,2,409,1,1,5,0,0,2,85,61,10,468,6,13,42,56,1,5,30,9,38,333,12,8,20,546,3,2,18,0,0,7,4,171,5,1,62,2,83,15,0,46,1,0,36,0,2,0,1,0,3,0
19527,6892,474,4490,4450,329,340,156,61,451,53,19,127,68562,11865,861,17,96,170,411,41,509,29,12,127,317,30,112,6410,27285,359,519,308,242,355,165,415,135,470,27,514,2569,1922,100,1185,15,133,224,14713,6367,32,95,107,39,90,140,1,1,1,3,21,1,6,1,91,40,150,1,10,11,5,15,2,43,2,5,9,0,36,11,0,7,38,30,14,0,18,106,5,12,42,0,19,0,0,84,24,4,10,2
258,3597,26,13125,112,268,107,145,66,411,47,24,62,11865,11616,717,14,89,240,226,17,233,15,4,41,115,7,23,462,1204,417,108,92,60,170,187,80,68,115,15,240,1031,4138,44,384,4,31,69,107,6963,4,21,14,5,13,41,2,1,0,5,5,0,1,1,6,3,32,1,5,10,1,3,0,17,0,4,4,0,4,3,0,9,5,3,4,0,2,16,2,5,10,2,8,0,0,14,4,0,0,0
231,536,100,7970,111,156,1920,265,290,1077,377,69,80,861,717,24400,82,930,3092,187,137,316,30,57,97,91,19,24,170,326,11353,34,142,88,2843,3364,802,94,968,12,212,269,3168,82,135,6,35,496,66,108,39,191,162,77,201,301,2,2,2,31,94,7,6,4,189,109,595,5,43,15,15,44,12,37,16,1,6,0,72,44,1,14,104,72,10,3,64,458,22,9,137,3,14,0,0,156,43,21,42,9
0,3,0,12,2,0,4,4646,2347,804,864,13560,8503,17,14,82,12735,6739,644,84,7378,159,191,177,74,8,6,1,10,34,805,71,971,4,19,139,441,9,27,0,27,82,178,17,62,3,70,2,0,70,0,0,2,0,0,0,11,24,16,174,25,8,2,2,5,3,39,14,50,5,18,8,15,5,6,0,0,0,0,9,0,5,0,2,5,0,29,15,4,3,1,0,2,0,3,0,1,4,7,2
2,2,0,6,3,0,3,7410,485,223,222,597,1760,96,89,930,6739,7920,3468,119,617,89,72,86,33,13,4,2,18,74,5506,119,991,3,17,90,381,17,52,0,17,157,447,15,396,8,50,4,0,316,0,2,10,0,0,2,1,27,18,175,48,14,12,6,5,6,61,27,100,1,57,9,22,6,33,2,3,0,3,28,3,11,22,7,15,0,35,39,5,6,6,0,4,0,0,1,3,5,19,5
8,14,3,105,8,2,29,1911,3866,685,1440,622,442,170,240,3092,644,3468,6833,248,521,388,95,1336,511,36,83,4,23,66,4042,27,253,5,127,2533,1122,30,200,2,26,52,434,49,172,12,31,13,2,64,4,4,38,2,4,15,9,19,34,227,191,29,16,10,21,23,309,39,250,33,87,42,58,87,109,2,9,0,18,114,4,28,68,42,16,3,75,230,30,15,46,2,18,1,5,2,2,23,61,26
18,16,4,90,16,6,20,6899,8875,172,401,433,2082,411,226,187,84,119,248,29487,52,681,522,48,4078,715,556,40,91,246,364,232,5515,208,21,111,204,7112,13,19,63,187,331,532,6215,38,175,2,11,200,0,1,7,0,1,2,51,21,6,234,2,5,93,60,6,5,38,2,32,422,0,53,20,1445,5,25,126,1,0,10,14,395,4,3,335,4,58,29,5,230,8,2,262,1,9,6,1,1,3,0
4,6,4,24,4,4,19,84,485,12511,937,4144,528,41,17,137,7378,617,521,52,16273,247,314,311,118,42,17,12,116,707,462,395,1639,16,101,474,1350,26,371,2,282,1571,5620,67,318,8,229,22,4,1776,3,6,18,0,8,3,0,6,13,91,74,8,4,5,14,16,213,13,113,4,37,27,35,10,29,1,3,0,15,65,2,6,25,6,7,0,64,123,5,9,22,0,11,0,2,6,4,1,15,5
243,726,658,859,112,52,328,2087,2561,6365,3310,1922,392,509,233,316,159,89,388,681,247,26055,5162,113,1381,483,313,1127,7651,1376,196,618,510,590,133,220,294,273,289,108,10397,1568,344,1606,445,7942,1757,66,74,199,7,21,26,11,12,23,8,4,4,58,29,4,8,8,37,26,116,2,11,46,14,18,7,109,12,18,43,7,8,11,12,29,17,16,46,30,21,82,4,52,30,58,163,1,15,15,3,1,7,2
1,6,0,19,3,4,6,375,1048,825,2130,6044,335,29,15,30,191,72,95,522,314,5162,17212,223,2326,728,734,321,89,30,35,1015,6227,335,17,73,120,780,60,32,22,60,41,2993,546,4393,11468,12,1,17,0,0,4,1,3,0,1,4,0,36,7,1,10,3,1,3,11,2,8,29,9,32,4,237,2,45,120,1,0,2,17,80,4,2,120,26,8,11,1,158,3,23,293,2,12,1,0,0,1,0
4,10,3,42,3,44,47,272,12998,262,216,485,138,12,4,57,177,86,1336,48,311,113,223,7770,777,103,1523,84,7,12,91,62,346,39,234,4544,7404,108,3759,171,5,21,50,809,116,14,136,190,18,11,1,4,18,1,6,1,10,19,23,167,65,25,26,9,4,9,68,19,98,41,72,33,29,225,37,19,88,4,6,24,8,58,17,11,94,6,32,53,11,96,13,10,135,1,7,5,3,6,16,13
7,13,1,52,3,15,24,468,6215,268,390,1709,2612,127,41,97,74,33,511,4078,118,1381,2326,777,19381,874,13489,103,63,147,73,524,7882,258,50,393,386,2299,150,146,43,171,91,5477,2110,102,857,57,4,97,0,2,12,1,11,6,26,34,7,287,14,16,270,51,10,29,29,6,51,568,14,230,74,4262,7,155,871,5,4,16,78,985,16,6,1348,46,37,45,5,1154,42,59,1574,11,51,20,6,0,9,5
31,36,1,125,13,11,46,177,321,272,44,58,54,317,115,91,8,13,36,715,42,483,728,103,874,33573,833,104,97,201,67,7788,565,3925,18,45,32,11580,28,113,71,190,120,14526,4520,228,1908,20,8,106,0,0,4,0,1,2,4,4,2,30,13,9,11,5,7,6,11,6,6,12,11,214,8,237,4,735,912,28,7,4,335,127,8,1,123,213,7,7,1,697,5,140,2057,13,248,4,0,3,11,2
3,10,1,28,0,61,12,185,7316,61,51,184,267,30,7,19,6,4,83,556,17,313,734,1523,13489,833,17250,2678,14,21,23,502,1237,327,29,153,1934,426,964,4944,11,27,22,12669,752,111,705,337,36,18,1,2,7,3,9,6,6,6,3,119,9,4,68,33,3,5,7,2,21,188,5,113,32,1095,1,226,693,32,2,1,115,301,5,3,228,112,15,17,1,503,8,313,1297,15,87,12,1,3,1,2
9,7,1,29,4,24,13,21,116,116,23,19,5,112,23,24,1,2,4,40,12,1127,321,84,103,104,2678,56203,304,104,11,105,58,11132,3,6,667,59,409,27298,48,53,27,2250,198,17957,8778,169,11,20,0,0,0,0,4,2,1,1,0,3,1,1,0,0,0,0,2,0,0,0,0,16,0,11,2,24,67,70,1,0,27,4,0,0,1,72,4,2,0,18,1,505,205,12,28,4,0,0,1,0
1421,662,530,904,586,180,176,30,25,541,20,28,46,6410,462,170,10,18,23,91,116,7651,89,7,63,97,14,304,102362,16403,88,195,154,110,65,42,126,36,130,20,27222,797,356,70,272,884,166,63,5743,244,3,14,19,9,13,26,0,0,0,4,7,0,0,1,26,9,40,0,3,2,1,6,0,5,1,1,1,0,0,2,0,2,3,5,2,1,5,31,1,3,9,1,7,0,0,16,6,1,1,0
1182,1067,807,1555,440,118,361,74,37,790,41,81,224,27285,1204,326,34,74,66,246,707,1376,30,12,147,201,21,104,16403,48680,295,622,589,170,151,75,181,110,198,7,15044,12338,1354,96,921,62,174,75,1355,2429,11,22,32,12,19,56,0,0,0,5,12,1,3,1,31,17,60,1,7,6,2,5,2,17,6,3,6,0,12,6,1,10,8,11,8,0,8,67,0,11,34,1,17,0,0,18,1,1,5,0
30,27,9,219,14,14,23,928,218,716,272,130,314,359,417,11353,805,5506,4042,364,462,196,35,91,73,67,23,11,88,295,11113,88,277,48,310,1056,848,43,321,5,106,493,4842,43,498,5,33,49,18,1054,4,16,38,6,16,24,3,2,6,42,78,4,6,3,27,27,294,12,99,13,34,20,28,34,28,3,3,0,25,59,2,15,47,17,8,2,38,177,5,4,46,0,7,1,4,13,7,9,22,6
25,7,2,49,11,1,13,213,327,1365,89,131,179,519,108,34,71,119,27,232,395,618,1015,62,524,7788,502,105,195,622,88,48041,5342,6049,11,17,46,831,30,73,311,806,194,1810,8686,254,19380,8,15,413,0,1,1,0,3,1,2,3,1,16,6,8,12,1,4,2,7,3,5,16,6,127,8,171,7,315,395,38,0,3,166,86,2,2,84,226,9,6,2,342,3,296,1312,20,151,4,0,1,5,0
12,18,7,73,5,3,27,2282,2331,2971,969,5251,7758,308,92,142,971,991,253,5515,1639,510,6227,346,7882,565,1237,58,154,589,277,5342,20172,115,46,179,269,1515,86,7,320,1014,449,2080,11010,69,3638,17,6,704,0,0,11,0,2,2,20,19,7,142,13,9,64,28,9,3,20,7,29,286,11,85,14,1261,2,65,250,4,1,5,13,355,9,3,427,13,30,21,3,380,9,3,438,2,10,5,0,1,3,1
24,22,0,85,12,3,18,51,107,137,12,22,12,242,60,88,4,3,5,208,16,590,335,39,258,3925,327,11132,110,170,48,6049,115,36778,4,8,43,453,42,7023,50,80,63,6983,695,2194,16224,11,12,31,0,0,0,0,1,2,2,3,2,4,3,1,4,1,1,0,0,0,2,5,2,44,3,25,3,111,155,183,5,0,97,21,4,1,14,702,5,3,0,41,2,2107,1033,80,142,2,0,1,2,3
121,447,118,1001,98,338,2411,15,90,757,133,40,15,355,170,2843,19,17,127,21,101,133,17,234,50,18,29,3,65,151,310,11,46,4,5747,5376,811,32,5692,8,94,103,383,45,21,1,5,4898,79,25,41,156,148,88,208,353,0,1,1,9,36,1,1,0,108,54,279,0,12,8,7,21,13,16,6,1,4,0,34,15,0,5,62,26,4,0,43,216,3,8,82,0,6,0,0,161,32,10,15,2
30,52,13,303,18,30,181,83,2135,1712,787,276,83,165,187,3364,139,90,2533,111,474,220,73,4544,393,45,153,6,42,75,1056,17,179,8,5376,10226,1805,71,2418,18,72,118,712,160,42,7,31,152,8,44,17,42,67,11,25,60,3,7,6,71,114,16,13,8,89,86,516,15,130,34,38,46,53,86,82,1,15,1,62,77,2,23,96,87,23,1,82,474,40,18,136,1,22,3,3,40,13,17,48,14
99,75,27,143,36,56,107,1433,15841,1330,468,750,841,415,80,802,441,381,1122,204,1350,294,120,7404,386,32,1934,667,126,181,848,46,269,43,811,1805,3883,24,4842,751,203,236,756,709,75,31,87,701,35,106,6,35,77,12,32,58,219,228,44,1749,150,64,53,142,67,50,305,65,284,194,134,50,109,233,103,6,12,7,37,100,10,122,78,30,40,11,383,360,33,24,138,32,33,7,21,40,7,23,66,27
23,25,6,129,5,0,34,159,423,224,59,75,56,135,68,94,9,17,30,7112,26,273,780,108,2299,11580,426,59,36,110,43,831,1515,453,32,71,24,19187,30,25,43,101,82,8951,2252,50,865,11,5,41,0,1,8,0,7,4,2,8,2,35,6,10,33,7,5,12,10,5,18,23,6,172,14,552,1,308,654,6,5,5,49,246,10,5,345,35,10,12,4,816,9,25,1121,3,37,7,0,0,4,2
167,343,437,577,130,1205,2434,29,129,1204,217,68,23,470,115,968,27,52,200,13,371,289,60,3759,150,28,964,409,130,198,321,30,86,42,5692,2418,4842,30,19993,644,156,193,457,1142,22,17,68,11475,169,39,28,93,116,32,120,195,1,2,1,9,65,1,1,1,115,73,401,1,41,3,4,37,14,15,18,4,20,1,54,20,2,8,87,44,7,5,66,290,3,7,107,30,35,0,10,109,29,10,29,1
4,3,0,19,1,38,2,2,162,18,1,3,1,27,15,12,0,0,2,19,2,108,32,171,146,113,4944,27298,20,7,5,73,7,7023,8,18,751,25,644,42214,5,6,5,12544,44,245,385,238,21,3,0,1,2,1,7,5,0,0,1,0,1,1,1,0,0,0,4,2,0,3,2,30,0,21,3,97,205,519,6,0,91,3,1,0,4,745,0,4,0,23,5,5499,965,81,120,6,0,4,4,1
201,569,365,694,69,57,232,17,22,9980,43,149,61,514,240,212,27,17,26,63,282,10397,22,5,43,71,11,48,27222,15044,106,311,320,50,94,72,203,43,156,5,78832,9679,324,62,253,59,110,56,72,273,2,16,18,9,8,20,1,0,0,2,6,2,2,2,19,9,56,0,8,1,2,2,4,3,1,1,1,0,5,14,0,4,8,5,4,0,10,42,3,4,18,2,11,0,0,18,4,1,6,0
65,372,152,721,35,35,211,49,42,19265,96,183,363,2569,1031,269,82,157,52,187,1571,1568,60,21,171,190,27,53,797,12338,493,806,1014,80,103,118,236,101,193,6,9679,32468,2231,132,1027,9,197,76,16,13862,2,8,9,2,5,21,0,0,0,6,14,0,4,0,9,16,68,1,12,6,6,7,5,27,9,2,9,0,9,7,0,13,15,16,9,0,9,55,2,11,15,0,21,0,1,14,4,3,10,2
94,63,14,379,37,32,37,224,124,3205,159,118,291,1922,4138,3168,178,447,434,331,5620,344,41,50,91,120,22,27,356,1354,4842,194,449,63,383,712,756,82,457,5,324,2231,15711,46,676,6,55,96,36,8058,6,24,41,12,25,41,2,1,1,17,42,5,4,1,24,16,191,2,44,18,5,8,18,31,11,1,9,0,18,40,1,4,24,15,7,0,21,125,9,13,28,0,15,0,1,26,7,0,13,3
19,20,2,73,8,79,25,117,1004,494,127,175,82,100,44,82,17,15,49,532,67,1606,2993,809,5477,14526,12669,2250,70,96,43,1810,2080,6983,45,160,709,8951,1142,12544,62,132,46,43531,542,862,3700,450,50,46,0,5,10,5,19,17,8,13,5,74,28,25,48,9,12,23,21,13,23,26,33,586,36,793,16,1725,2574,292,12,10,869,358,25,4,406,1590,28,27,4,1484,29,2955,7392,127,844,27,0,7,22,9
43,25,5,107,16,4,18,1655,676,791,73,158,588,1185,384,135,62,396,172,6215,318,445,546,116,2110,4520,752,198,272,921,498,8686,11010,695,21,42,75,2252,22,44,253,1027,676,542,14091,41,965,5,30,952,0,0,13,1,3,2,7,5,2,59,10,8,46,9,15,13,23,6,11,77,10,144,19,1087,5,113,358,2,2,10,38,306,11,1,654,16,16,22,2,665,15,13,864,5,25,5,3,0,7,2
3,5,4,10,4,3,0,80,154,44,134,151,21,15,4,6,3,8,12,38,8,7942,4393,14,102,228,111,17957,884,62,5,254,69,2194,1,7,31,50,17,245,59,9,6,862,41,16411,10275,5,1,3,0,0,0,0,0,1,0,1,1,4,0,0,2,0,1,0,1,0,0,3,0,9,0,8,0,8,16,11,0,3,4,5,0,0,2,48,1,2,0,13,0,104,71,4,9,0,0,0,1,0
8,7,2,18,6,9,10,170,472,962,280,483,78,133,31,35,70,50,31,175,229,1757,11468,136,857,1908,705,8778,166,174,33,19380,3638,16224,5,31,87,865,68,385,110,197,55,3700,965,10275,51691,21,4,75,0,0,5,0,1,2,3,5,2,20,7,3,10,4,2,7,3,3,9,3,4,64,10,152,3,142,274,82,4,2,98,74,4,2,82,448,6,5,1,288,2,926,1040,33,113,3,0,1,0,2
105,325,184,808,524,7092,1918,3,29,217,30,2,4,224,69,496,2,4,13,2,22,66,12,190,57,20,337,169,63,75,49,8,17,11,4898,152,701,11,11475,238,56,76,96,450,5,5,21,6615,412,10,56,370,112,399,985,795,0,0,1,2,6,0,0,1,62,19,71,1,4,1,0,6,3,7,2,1,15,5,12,1,0,1,29,9,2,1,50,90,1,2,38,10,19,0,1,510,38,0,7,0
2058,401,254,399,7019,3294,109,4,5,38,2,1,2,14713,107,66,0,0,2,11,4,74,1,18,4,8,36,11,5743,1355,18,15,6,12,79,8,35,5,169,21,72,16,36,50,30,1,4,412,10518,9,1,6,4,10,12,24,0,0,0,1,2,0,0,0,8,1,12,0,0,0,0,0,0,0,0,0,1,1,2,1,0,0,1,2,0,1,0,8,0,1,2,1,0,0,0,6,4,0,1,0
19,58,10,411,9,13,40,106,28,4267,28,48,409,6367,6963,108,70,316,64,200,1776,199,17,11,97,106,18,20,244,2429,1054,413,704,31,25,44,106,41,39,3,273,13862,8058,46,952,3,75,10,9,11659,1,1,2,1,3,2,0,0,0,3,9,1,2,0,6,4,14,0,6,3,0,1,1,18,3,0,4,0,3,6,1,5,8,1,9,0,10,24,1,12,0,1,17,0,2,1,0,0,3,0
8,58,229,60,7,30,76,0,0,10,2,0,1,32,4,39,0,0,4,0,3,7,0,1,0,0,1,0,3,11,4,0,0,0,41,17,6,0,28,0,2,2,6,0,0,0,0,56,1,1,43347,16535,1733,12470,14441,1017,2,4,1,1,45,3,5,2,10646,154,152,2,6,9,2,162,4,13,2,19,9,5,1928,6,7,16,677,20,19,7,36,131,4,13,39,2,14,3,5,97,11787,74,68,11
52,313,406,355,28,128,355,0,6,31,4,0,1,95,21,191,0,2,4,1,6,21,0,4,2,0,2,0,14,22,16,1,0,0,156,42,35,1,93,1,16,8,24,5,0,0,0,370,6,1,16535,57233,9745,14195,3743,5986,3,7,3,10,272,11,4,1,3526,333,285,4,6,20,9,861,14,17,10,15,3,15,2178,16,13,21,2228,23,25,24,58,319,22,13,91,7,22,32,17,240,2614,273,417,28
44,152,88,183,23,47,173,11,40,38,7,6,5,107,14,162,2,10,38,7,18,26,4,18,12,4,7,0,19,32,38,1,11,0,148,67,77,8,116,2,18,9,41,10,13,0,5,112,4,2,1733,9745,27403,228,688,4620,58,82,21,62,661,61,53,60,14371,5354,6492,41,134,297,69,452,46,232,68,146,31,25,1516,354,86,217,1849,897,368,71,220,657,59,270,222,11,123,13,50,354,2625,192,525,51
253,201,1330,232,670,1460,285,1,0,9,0,1,0,39,5,77,0,0,2,0,0,11,1,1,1,0,3,0,9,12,6,0,0,0,88,11,12,0,32,1,9,2,12,5,1,0,0,399,10,1,12470,14195,228,41514,22425,23464,0,5,0,3,33,2,0,1,285,38,50,2,3,1,2,163,5,3,4,1,1,3,601,3,1,0,490,4,6,5,13,107,5,2,31,1,3,8,1,190,821,63,75,4
46,316,291,491,40,371,575,0,2,20,3,0,0,90,13,201,0,0,4,1,8,12,3,6,11,1,9,4,13,19,16,3,2,1,208,25,32,7,120,7,8,5,25,19,3,0,1,985,12,3,14441,3743,688,22425,25341,7495,3,6,0,16,70,7,4,2,761,135,281,2,12,11,3,126,37,68,6,1,159,26,333,5,4,4,385,25,4,12,176,1058,2,9,637,50,83,4,8,5952,4427,45,70,6
84,486,427,674,71,423,1147,4,13,42,12,3,2,140,41,301,0,2,15,2,3,23,0,1,6,2,6,2,26,56,24,1,2,2,353,60,58,4,195,5,20,21,41,17,2,1,2,795,24,2,1017,5986,4620,23464,7495,23850,6,10,0,17,176,7,8,6,771,199,819,3,21,37,12,132,25,49,11,20,7,5,332,14,15,36,439,22,45,8,127,1172,11,36,237,4,32,1,12,964,399,84,147,12
0,1,0,1,0,0,0,163,461,2,6,6,85,1,2,2,11,1,9,51,0,8,1,10,26,4,6,1,0,0,3,2,20,2,0,3,219,2,1,0,1,0,2,8,7,0,3,0,0,0,2,3,58,0,3,6,4277,9609,670,1035,24,143,443,4240,126,209,147,494,203,2006,35,254,98,260,56,24,16,1,23,533,36,2210,57,57,521,9,829,5,8,50,2,2,44,18,32,0,10,3,16,4
0,0,0,3,0,0,0,143,484,7,11,27,61,1,1,2,24,27,19,21,6,4,4,19,34,4,6,1,0,0,2,3,19,3,1,7,228,8,2,0,0,0,1,13,5,1,5,0,0,0,4,7,82,5,6,10,9609,25662,3811,2895,146,893,1489,3508,326,391,405,7086,683,2206,717,1337,182,162,220,152,30,21,54,1456,125,1532,150,94,1069,53,820,8,25,189,1,10,180,48,169,4,18,13,43,10
0,0,0,1,0,0,0,39,127,17,10,21,10,1,0,2,16,18,34,6,13,4,0,23,7,2,3,0,0,0,6,1,7,2,1,6,44,2,1,1,0,0,1,5,2,1,2,1,0,0,1,3,21,0,0,0,670,3811,4453,974,127,602,268,503,35,69,244,2537,1031,298,484,456,34,37,134,51,6,9,10,1559,38,375,19,33,397,18,131,4,2,64,1,0,36,8,34,1,3,2,19,4
2,3,0,5,0,1,1,968,4049,91,107,214,468,3,5,31,174,175,227,234,91,58,36,167,287,30,119,3,4,5,42,16,142,4,9,71,1749,35,9,0,2,6,17,74,59,4,20,2,1,3,1,10,62,3,16,17,1035,2895,974,50342,380,1189,1191,1665,30,58,514,877,1881,2636,767,1227,6196,6505,75,51,704,11,30,117,74,897,63,24,325,45,16181,542,10,160,86,33,347,30,116,10,10,23,65,18
3,6,3,6,2,2,16,17,176,83,42,37,6,21,5,94,25,48,191,2,74,29,7,65,14,13,9,1,7,12,78,6,13,3,36,114,150,6,65,1,6,14,42,28,10,0,7,6,2,9,45,272,661,33,70,176,24,146,127,380,45925,5785,1699,75,423,1021,2965,229,549,62,6435,2556,470,97,796,193,86,105,784,560,310,199,2274,495,137,282,881,702,191,113,361,27,377,193,475,121,301,15300,18509,3611
1,0,1,0,1,1,1,25,143,15,12,21,13,1,0,7,8,14,29,5,8,4,1,25,16,9,4,1,0,1,4,8,9,1,1,16,64,10,1,1,2,0,5,25,8,0,3,0,0,1,3,11,61,2,7,7,143,893,602,1189,5785,9093,8982,344,50,118,645,1318,606,190,3960,8740,192,171,225,52,70,32,76,375,39,172,224,38,98,68,329,84,24,149,31,11,381,201,313,17,4,77,379,159
1,0,0,3,0,0,1,56,181,4,11,18,42,6,1,6,2,12,16,93,4,8,10,26,270,11,68,0,0,3,6,12,64,4,1,13,53,33,1,1,2,4,4,48,46,2,10,0,0,2,5,4,53,0,4,8,443,1489,268,1191,1699,8982,24237,9708,94,240,279,7803,215,2433,8008,8326,129,2807,1128,95,376,32,57,529,141,5226,237,92,723,85,259,43,141,811,14,18,924,283,673,2,3,18,308,313
1,0,0,0,0,0,0,123,351,0,7,4,56,1,1,4,2,6,10,60,5,8,3,9,51,5,33,0,1,1,3,1,28,1,0,8,142,7,1,0,2,0,1,9,9,0,4,1,0,0,2,1,60,1,2,6,4240,3508,503,1665,75,344,9708,21802,168,271,202,4490,191,1811,774,621,67,687,370,8,60,7,19,657,44,5791,103,112,104,13,626,23,69,58,8,3,93,20,66,1,11,6,46,54
27,79,48,99,13,29,85,2,16,54,8,4,1,91,6,189,5,5,21,6,14,37,1,4,10,7,3,0,26,31,27,4,9,1,108,89,67,5,115,0,19,9,24,12,15,1,2,62,8,6,10646,3526,14371,285,761,771,126,326,35,30,423,50,94,168,39779,22393,1304,135,61,135,52,491,14,100,100,396,15,63,4245,343,324,524,9239,557,714,264,197,506,962,225,253,21,192,33,146,217,10057,203,539,254
16,34,12,35,8,10,29,5,34,39,8,8,5,40,3,109,3,6,23,5,16,26,3,9,29,6,5,0,9,17,27,2,3,0,54,86,50,12,73,0,9,16,16,23,13,0,7,19,1,4,154,333,5354,38,135,199,209,391,69,58,1021,118,240,271,22393,28691,2886,280,127,266,261,736,23,122,465,519,30,91,1439,1226,501,893,9804,5511,1005,347,183,295,7219,346,155,34,272,69,316,110,470,262,1956,3328
53,93,68,126,30,29,93,49,230,358,81,76,30,150,32,595,39,61,309,38,213,116,11,68,29,11,7,2,40,60,294,7,20,0,279,516,305,10,401,4,56,68,191,21,23,1,3,71,12,14,152,285,6492,50,281,819,147,405,244,514,2965,645,279,202,1304,2886,24502,786,2067,468,726,736,206,434,1098,75,50,12,591,5199,89,363,1411,5065,297,42,918,3986,823,157,569,6,139,16,94,505,267,340,1009,255
0,0,0,0,1,0,1,34,144,20,9,20,9,1,1,5,14,27,39,2,13,2,2,19,6,6,2,0,0,1,12,3,7,0,0,15,65,5,1,2,0,1,2,13,6,0,3,1,0,0,2,4,41,2,2,3,494,7086,2537,877,229,1318,7803,4490,135,280,786,10503,1019,129,4536,995,110,65,2036,49,11,9,20,5143,144,952,109,169,252,29,257,27,66,72,9,3,103,46,208,0,5,3,79,80
0,4,0,4,1,0,5,73,325,139,55,138,38,10,5,43,50,100,250,32,113,11,8,98,51,6,21,0,3,7,99,5,29,2,12,130,284,18,41,0,8,12,44,23,11,0,9,4,0,6,6,6,134,3,12,21,203,683,1031,1881,549,606,215,191,61,127,2067,1019,3224,411,815,313,1509,724,402,47,129,3,58,1557,42,294,156,84,206,21,1798,1683,84,88,240,21,137,9,44,10,13,40,144,72
2,3,0,4,0,3,5,569,1231,14,25,55,333,11,10,15,5,1,33,422,4,46,29,41,568,12,188,0,2,6,13,16,286,5,8,34,194,23,3,3,1,6,18,26,77,3,3,1,0,3,9,20,297,1,11,37,2006,2206,298,2636,62,190,2433,1811,135,266,468,129,411,23433,58,866,39,3222,49,128,199,18,44,349,130,8177,82,87,4925,47,900,92,10,1956,14,9,232,52,139,3,21,7,33,15
0,1,0,0,0,1,1,34,248,35,25,44,12,5,1,15,18,57,87,0,37,14,9,72,14,11,5,0,1,2,34,6,11,2,7,38,134,6,4,2,2,6,5,33,10,0,4,0,0,0,2,9,69,2,3,12,35,717,484,767,6435,3960,8008,774,52,261,726,4536,815,58,15180,2070,413,118,3232,70,52,52,127,455,175,444,785,48,79,146,706,175,197,99,49,20,352,190,553,6,9,87,1794,2322
5,12,14,9,2,3,8,28,100,26,8,15,8,15,3,44,8,9,42,53,27,18,32,33,230,214,113,16,6,5,20,127,85,44,21,46,50,172,37,30,2,7,8,586,144,9,64,6,0,1,162,861,452,163,126,132,254,1337,456,1227,2556,8740,8326,621,491,736,736,995,313,866,2070,39212,127,1931,753,713,1201,1940,4624,422,486,3915,2058,178,1507,1039,238,231,161,3299,124,383,6517,6754,9756,48,114,2922,1332,432
0,0,0,4,0,2,1,43,172,30,15,20,20,2,0,12,15,22,58,20,35,7,4,29,74,8,32,0,0,2,28,8,14,3,13,53,109,14,14,0,4,5,18,36,19,0,10,3,0,1,4,14,46,5,37,25,98,182,34,6196,470,192,129,67,14,23,206,110,1509,39,413,127,7377,2611,206,10,747,36,28,77,24,89,118,55,35,16,5096,4549,67,20,2301,285,255,10,38,79,11,34,139,62
3,6,1,27,2,4,7,540,1904,36,45,187,546,43,17,37,5,6,87,1445,10,109,237,225,4262,237,1095,11,5,17,34,171,1261,25,16,86,233,552,15,21,3,27,31,793,1087,8,152,7,0,18,13,17,232,3,68,49,260,162,37,6505,97,171,2807,687,100,122,434,65,724,3222,118,1931,2611,19154,69,196,12713,45,54,77,298,4784,106,42,1242,177,2106,609,19,691,543,686,2566,55,331,205,45,13,75,32
1,0,0,0,0,0,0,13,66,45,12,13,3,2,0,16,6,33,109,5,29,12,2,37,7,4,1,2,1,6,28,7,2,3,6,82,103,1,18,3,1,9,11,16,5,0,3,2,0,3,2,10,68,4,6,11,56,220,134,75,796,225,1128,370,100,465,1098,2036,402,49,3232,753,206,69,4744,88,26,40,150,3552,252,564,865,761,128,92,456,334,1544,76,163,11,192,109,443,5,11,65,1087,2900
0,0,0,0,0,0,1,1,37,4,3,5,2,5,4,1,0,2,2,25,1,18,45,19,155,735,226,24,1,3,3,315,65,111,1,1,6,308,4,97,1,2,1,1725,113,8,142,1,0,0,19,15,146,1,1,20,24,152,51,51,193,52,95,8,396,519,75,49,47,128,70,713,10,196,88,30462,398,42,144,145,7451,2553,631,60,6946,5754,15,13,41,12781,10,102,10719,58,817,5,33,63,254,73
2,4,0,5,1,1,4,19,224,9,7,19,18,9,4,6,0,3,9,126,3,43,120,88,871,912,693,67,1,6,3,395,250,155,4,15,12,654,20,205,1,9,9,2574,358,16,274,15,1,4,9,3,31,1,159,7,16,30,6,704,86,70,376,60,15,30,50,11,129,199,52,1201,747,12713,26,398,17110,712,26,13,592,834,63,11,257,432,1079,401,12,272,1341,9591,8382,96,613,610,62,15,41,32
0,1,0,1,0,2,1,0,4,0,0,0,0,0,0,0,0,0,0,1,0,7,1,4,5,28,32,70,0,0,0,38,4,183,0,1,7,6,1,519,0,0,0,292,2,11,82,5,1,0,5,15,25,3,26,5,1,21,9,11,105,32,32,7,63,91,12,9,3,18,52,1940,36,45,40,42,712,42124,905,11,67,83,315,14,73,9103,178,22,19,90,229,12308,488,13820,787,99,12,179,136,53
9,18,49,29,3,3,26,1,15,30,12,3,0,36,4,72,0,3,18,0,15,8,0,6,4,7,2,1,0,12,25,0,1,5,34,62,37,5,54,6,5,9,18,12,2,0,4,12,2,3,1928,2178,1516,601,333,332,23,54,10,30,784,76,57,19,4245,1439,591,20,58,44,127,4624,28,54,150,144,26,905,122693,87,165,141,33547,171,146,400,152,253,244,85,163,116,261,1223,443,94,16739,18121,1590,340
1,1,1,7,0,0,2,10,77,70,12,32,7,11,3,44,9,28,114,10,65,11,2,24,16,4,1,0,2,6,59,3,5,0,15,77,100,5,20,0,14,7,40,10,10,3,2,1,1,6,6,16,354,3,5,14,533,1456,1559,117,560,375,529,657,343,1226,5199,5143,1557,349,455,422,77,77,3552,145,13,11,87,8848,159,803,282,2099,808,62,200,148,620,166,89,5,84,28,161,6,30,34,164,86
0,0,0,1,0,0,1,0,13,2,2,1,4,0,0,1,0,3,4,14,2,12,17,8,78,335,115,27,0,1,2,166,13,97,0,2,10,49,2,91,0,0,1,869,38,4,98,0,0,1,7,13,86,1,4,15,36,125,38,74,310,39,141,44,324,501,89,144,42,130,175,486,24,298,252,7451,592,67,165,159,17139,5554,841,72,5131,10887,26,18,108,2028,24,180,5325,145,7820,6,23,42,416,221
1,1,1,11,1,0,1,260,688,14,23,47,171,7,9,14,5,11,28,395,6,29,80,58,985,127,301,4,2,10,15,86,355,21,5,23,122,246,8,3,4,13,4,358,306,5,74,1,0,5,16,21,217,0,4,36,2210,1532,375,897,199,172,5226,5791,524,893,363,952,294,8177,444,3915,89,4784,564,2553,834,83,141,803,5554,29718,653,190,19485,584,576,77,172,5770,18,35,3896,148,5714,12,52,32,244,227
12,32,29,24,9,7,34,5,38,69,15,9,5,38,5,104,0,22,68,4,25,17,4,17,16,8,5,0,3,8,47,2,9,4,62,96,78,10,87,1,8,15,24,25,11,0,4,29,1,8,677,2228,1849,490,385,439,57,150,19,63,2274,224,237,103,9239,9804,1411,109,156,82,785,2058,118,106,865,631,63,315,33547,282,841,653,49707,564,529,848,449,523,1644,230,268,92,478,259,608,143,1956,5940,13973,3349
8,14,5,11,5,6,15,3,17,45,10,2,1,30,3,72,2,7,42,3,6,16,2,11,6,1,3,0,5,11,17,2,3,1,26,87,30,5,44,0,5,16,15,4,1,0,2,9,2,1,20,23,897,4,25,22,57,94,33,24,495,38,92,112,557,5511,5065,169,84,87,48,178,55,42,761,60,11,14,171,2099,72,190,564,8225,205,32,162,232,2970,73,146,3,41,9,52,34,53,55,256,138
0,3,1,8,0,0,2,62,237,20,15,35,62,14,4,10,5,15,16,335,7,46,120,94,1348,123,228,1,2,8,8,84,427,14,4,23,40,345,7,4,4,9,7,406,654,2,82,2,0,9,19,25,368,6,4,45,521,1069,397,325,137,98,723,104,714,1005,297,252,206,4925,79,1507,35,1242,128,6946,257,73,146,808,5131,19485,529,205,17910,933,108,29,74,7219,13,35,1623,45,808,1,65,26,127,82
0,0,0,0,0,1,0,0,12,4,1,3,2,0,0,3,0,0,3,4,0,30,26,6,46,213,112,72,1,0,2,226,13,702,0,1,11,35,5,745,0,0,0,1590,16,48,448,1,1,0,7,24,71,5,12,8,9,53,18,45,282,68,85,13,264,347,42,29,21,47,146,1039,16,177,92,5754,432,9103,400,62,10887,584,848,32,933,39925,30,10,43,1546,31,3771,11273,6318,3822,17,30,127,384,132
6,20,4,16,3,2,21,185,627,57,24,45,83,18,2,64,29,35,75,58,64,21,8,32,37,7,15,4,5,8,38,9,30,5,43,82,383,10,66,0,10,9,21,28,16,1,6,50,0,10,36,58,220,13,176,127,829,820,131,16181,881,329,259,626,197,183,918,257,1798,900,706,238,5096,2106,456,15,1079,178,152,200,26,576,449,162,108,30,3163,3933,206,24,5015,434,202,19,55,934,55,96,365,154
47,68,34,105,17,30,83,18,110,292,57,24,15,106,16,458,15,39,230,29,123,82,11,53,45,7,17,2,31,67,177,6,21,3,216,474,360,12,290,4,42,55,125,27,22,2,5,90,8,24,131,319,657,107,1058,1172,5,8,4,542,702,84,43,23,506,295,3986,27,1683,92,175,231,4549,609,334,13,401,22,253,148,18,77,523,232,29,10,3933,9987,191,45,8232,109,176,8,27,3130,192,106,309,115
0,0,0,1,0,0,2,1,8,22,3,1,0,5,2,22,4,5,30,5,5,4,1,11,5,1,1,0,1,0,5,2,3,0,3,40,33,4,3,0,3,2,9,4,2,0,1,1,0,1,4,22,59,5,2,11,8,25,2,10,191,24,141,69,962,7219,823,66,84,10,197,161,67,19,1544,41,12,19,244,620,108,172,1644,2970,74,43,206,191,11833,30,82,5,62,42,150,5,18,47,794,2365
1,0,0,7,1,1,6,28,160,28,8,30,46,12,5,9,3,6,15,230,9,52,158,96,1154,697,503,18,3,11,4,342,380,41,8,18,24,816,7,23,4,11,13,1484,665,13,288,2,1,12,13,13,270,2,9,36,50,189,64,160,113,149,811,58,225,346,157,72,88,1956,99,3299,20,691,76,12781,272,90,85,166,2028,5770,230,73,7219,1546,24,45,30,25157,14,82,12219,80,1118,6,42,18,93,37
10,32,15,38,10,10,27,1,16,97,18,2,1,42,10,137,1,6,46,8,22,30,3,13,42,5,8,1,9,34,46,3,9,2,82,136,138,9,107,5,18,15,28,29,15,0,2,38,2,0,39,91,222,31,637,237,2,1,1,86,361,31,14,8,253,155,569,9,240,14,49,124,2301,543,163,10,1341,229,163,89,24,18,268,146,13,31,5015,8232,82,14,12509,664,447,13,37,8234,139,53,150,34
2,2,0,1,0,0,2,0,20,2,1,1,0,0,2,3,0,0,2,2,0,58,23,10,59,140,313,505,1,1,0,296,3,2107,0,1,32,25,30,5499,2,0,0,2955,13,104,926,10,1,1,2,7,11,1,50,4,2,10,0,33,27,11,18,3,21,34,6,3,21,9,20,383,285,686,11,102,9591,12308,116,5,180,35,92,3,35,3771,434,109,5,82,664,44606,11978,988,382,288,23,28,40,15
2,7,2,14,0,7,8,26,189,34,9,29,36,19,8,14,2,4,18,262,11,163,293,135,1574,2057,1297,205,7,17,7,1312,438,1033,6,22,33,1121,35,965,11,21,15,7392,864,71,1040,19,0,17,14,22,123,3,83,32,44,180,36,347,377,381,924,93,192,272,139,103,137,232,352,6517,255,2566,192,10719,8382,488,261,84,5325,3896,478,41,1623,11273,202,176,62,12219,447,11978,51009,1010,4379,236,48,93,295,149
0,0,0,0,0,0,0,0,6,3,0,0,0,0,0,0,0,0,1,1,0,1,2,1,11,13,15,12,0,0,1,20,2,80,0,3,7,3,0,81,0,0,0,127,5,4,33,0,0,0,3,32,13,8,4,1,18,48,8,30,193,201,283,20,33,69,16,46,9,52,190,6754,10,55,109,58,96,13820,1223,28,145,148,259,9,45,6318,19,8,42,80,13,988,1010,15248,6291,4,5,344,123,78
0,0,1,0,0,0,0,1,19,5,1,3,2,0,0,0,3,0,5,9,2,15,12,7,51,248,87,28,0,0,4,151,10,142,0,3,21,37,10,120,0,1,1,844,25,9,113,1,0,2,5,17,50,1,8,12,32,169,34,116,475,313,673,66,146,316,94,208,44,139,553,9756,38,331,443,817,613,787,443,161,7820,5714,608,52,808,3822,55,27,150,1118,37,382,4379,6291,18819,9,10,160,423,282
38,192,110,282,17,78,327,0,4,31,3,1,0,84,14,156,0,1,2,6,6,15,1,5,20,4,12,4,16,18,13,4,5,2,161,40,40,7,109,6,18,14,26,27,5,0,3,510,6,1,97,240,354,190,5952,964,0,4,1,10,121,17,2,1,217,110,505,0,10,3,6,48,79,205,5,5,610,99,94,6,6,12,143,34,1,17,934,3130,5,6,8234,288,236,4,9,7993,412,19,48,3
11,30,36,28,2,10,31,1,4,11,1,2,1,24,4,43,1,3,2,1,4,3,0,3,6,0,1,0,6,1,7,0,0,0,32,13,7,0,29,0,4,4,7,0,3,0,0,38,4,0,11787,2614,2625,821,4427,399,10,18,3,10,301,4,3,11,10057,470,267,5,13,21,9,114,11,45,11,33,62,12,16739,30,23,52,1956,53,65,30,55,192,18,42,139,23,48,5,10,412,42553,154,232,22
2,3,7,1,2,1,3,2,11,15,4,5,0,4,0,21,4,5,23,1,1,1,0,6,0,3,3,0,1,1,9,1,1,1,10,17,23,0,10,4,1,3,0,7,0,0,1,0,0,0,74,273,192,63,45,84,3,13,2,23,15300,77,18,6,203,262,340,3,40,7,87,2922,34,13,65,63,15,179,18121,34,42,32,5940,55,26,127,96,106,47,18,53,28,93,344,160,19,154,40947,4865,96
2,3,11,5,2,0,5,5,47,32,13,12,3,10,0,42,7,19,61,3,15,7,1,16,9,11,1,1,1,5,22,5,3,2,15,48,66,4,29,4,6,10,13,22,7,1,0,7,1,3,68,417,525,75,70,147,16,43,19,65,18509,379,308,46,539,1956,1009,79,144,33,1794,1332,139,75,1087,254,41,136,1590,164,416,244,13973,256,127,384,365,309,794,93,150,40,295,123,423,48,232,4865,28821,7565
0,2,0,0,1,1,0,1,20,12,5,3,0,2,0,9,2,5,26,0,5,2,0,13,5,2,2,0,0,0,6,0,1,3,2,14,27,2,1,1,0,2,3,9,2,0,2,0,0,0,11,28,51,4,6,12,4,10,4,18,3611,159,313,54,254,3328,255,80,72,15,2322,432,62,32,2900,73,32,53,340,86,221,227,3349,138,82,132,154,115,2365,37,34,15,149,78,282,3,22,96,7565,8757
