23232,7691,11989,4250,16749,4254,1391,11,6,222,9,15,4,11636,1116,618,0,0,4,38,28,680,19,0,14,48,3,208,781,1599,35,54,30,85,104,23,25,12,84,24,1372,218,396,56,86,66,66,206,1290,18,18,31,11,371,30,116,0,1,0,1,5,0,0,0,8,12,60,0,3,4,2,3,0,2,3,0,1,2,6,0,1,2,10,3,1,1,5,61,6,1,31,2,3,1,1,56,6,1,3,1
7691,45416,13179,27818,1316,3346,2807,3,5,444,9,16,7,6203,5485,597,0,0,5,33,40,997,23,0,8,22,8,120,377,1277,38,25,28,50,92,35,55,9,139,12,1703,560,234,42,33,48,55,636,186,36,100,157,55,79,91,496,0,0,1,1,6,0,0,0,34,21,151,0,3,2,1,11,0,4,1,0,2,0,14,1,1,1,27,11,2,2,8,153,3,0,42,2,1,2,0,204,17,5,6,1
11989,13179,42889,17274,7916,6523,10508,6,1,193,6,11,1,867,143,96,2,0,8,6,19,769,30,0,5,9,6,193,456,1135,10,18,10,47,31,19,33,1,156,13,1548,228,60,35,7,68,66,505,228,21,763,1003,62,1540,155,1015,0,0,0,0,2,0,0,0,45,15,101,0,0,0,0,13,0,2,1,1,0,2,39,0,0,1,59,6,0,6,3,106,4,1,28,4,3,5,2,146,34,16,8,1
4250,27818,17274,29175,2214,2946,15488,22,36,951,34,58,14,7391,9230,5940,2,0,21,165,53,1066,31,2,34,75,12,106,357,1060,154,60,50,72,324,107,146,32,299,22,1277,673,1640,108,123,40,68,1664,476,42,130,351,125,413,239,1079,2,1,1,6,9,0,1,0,91,28,315,0,13,4,1,17,2,17,7,0,2,1,22,3,0,4,43,25,7,1,15,317,26,4,106,3,4,0,0,431,57,6,14,3
16749,1316,7916,2214,24118,24578,2497,3,8,109,2,10,4,3561,425,405,1,1,10,17,9,194,6,3,8,25,31,93,568,779,29,27,17,30,188,20,47,10,196,17,499,57,237,52,44,35,28,841,3660,9,30,39,24,1175,48,140,0,0,0,0,1,0,0,1,24,13,75,0,3,0,0,10,0,4,0,0,1,1,11,0,0,1,13,8,2,1,6,82,14,0,36,0,1,0,0,60,17,5,6,4
4254,3346,6523,2946,24578,40859,23057,2,2,84,4,3,0,1362,2053,211,1,0,4,17,3,201,11,6,13,9,87,81,331,412,4,4,5,22,297,24,105,3,692,34,409,65,58,84,7,30,21,5334,2875,6,254,160,46,2896,176,688,0,0,0,0,9,2,0,0,34,12,106,0,2,0,1,6,2,1,2,0,1,6,18,2,0,1,29,4,2,2,6,84,10,0,31,3,1,0,0,156,30,4,5,0
1391,2807,10508,15488,2497,23057,29555,18,53,564,33,48,6,644,319,2239,5,1,56,114,39,458,21,10,52,49,27,53,133,276,106,24,44,33,2405,1152,355,24,1405,11,448,171,288,81,41,26,37,5216,568,27,189,431,149,910,299,2218,1,0,1,14,24,1,0,1,123,50,421,1,34,4,9,25,3,13,22,1,3,2,34,3,0,5,62,30,4,1,35,469,38,2,190,1,8,1,1,519,78,17,19,10
11,3,6,22,3,2,18,47650,5694,336,1412,3279,16298,152,63,475,3654,6357,2457,8609,226,3530,646,19,290,237,290,92,22,64,1688,344,2563,116,18,152,472,138,20,16,49,65,471,304,2510,234,282,10,6,44,0,0,2,0,0,1,134,134,24,1218,18,10,58,95,4,5,39,31,92,423,27,21,112,598,8,7,52,3,0,5,2,227,9,4,47,3,147,43,9,13,17,7,18,0,4,4,0,0,3,4
6,5,1,36,8,2,53,5694,65881,345,1158,2025,2203,87,49,330,490,245,4484,4927,154,1784,391,6541,5328,80,3423,58,19,41,155,69,519,64,107,1465,8318,115,198,124,43,54,293,726,169,123,250,34,7,32,3,0,9,0,2,8,640,992,279,8117,137,69,266,605,14,19,196,287,750,1348,247,113,663,2113,116,12,404,1,2,135,14,748,52,28,208,15,966,425,17,75,149,8,83,4,18,17,3,6,30,26
222,444,193,951,109,84,564,336,345,44822,5733,8447,179,453,492,2742,488,83,1113,145,11734,6473,1148,52,51,73,34,151,167,348,835,610,1219,153,703,1434,441,72,462,16,10571,7775,2737,452,118,241,1560,176,59,2516,4,3,4,9,2,12,1,9,16,87,18,3,2,2,12,10,107,7,95,8,18,15,16,18,28,6,13,1,9,22,2,5,23,13,12,13,49,183,24,6,103,6,23,0,1,12,7,2,7,4
9,9,6,34,2,4,33,1412,1158,5733,3402,6706,241,34,18,334,122,203,995,154,711,3041,1351,11,23,15,7,11,14,53,144,24,121,23,44,232,128,6,57,4,309,321,128,67,15,123,137,6,7,27,1,0,1,0,0,2,4,15,11,64,3,2,2,3,1,0,7,8,30,5,11,2,13,8,3,0,2,0,0,2,1,1,0,0,3,0,13,27,0,0,8,2,5,0,0,1,0,0,2,1
15,16,11,58,10,3,48,3279,2025,8447,6706,24012,6307,241,63,490,8934,1224,621,2858,7461,4087,6331,60,2082,54,447,55,53,453,2039,253,3611,56,68,295,497,438,80,9,669,1313,666,532,871,321,603,30,10,267,0,1,3,0,0,1,21,50,47,380,15,8,24,16,7,2,30,46,81,190,17,22,63,688,17,7,112,1,0,11,4,155,14,9,94,6,53,74,1,63,21,4,52,1,10,6,1,1,2,5
4,7,1,14,4,0,6,16298,2203,179,241,6307,27959,234,54,299,9354,1237,1054,2443,607,689,193,15,719,60,349,33,8,121,1554,312,4889,59,14,77,432,29,6,5,44,102,439,61,685,43,100,2,5,120,0,0,1,0,0,1,99,86,10,798,3,1,57,76,2,5,21,15,44,482,7,19,54,572,1,0,55,1,1,3,3,206,5,6,53,3,103,12,4,2,5,1,7,0,5,2,1,0,0,1
11636,6203,867,7391,3561,1362,644,152,87,453,34,241,234,52449,13608,2490,59,16,97,523,315,490,59,5,63,544,57,450,3811,17120,736,1757,1199,586,235,203,94,130,192,51,1132,438,6742,323,1778,58,744,214,8742,1335,21,13,21,39,20,53,2,1,1,20,9,0,5,3,17,10,83,1,26,22,6,13,4,92,7,7,29,1,6,2,5,17,22,6,25,5,8,79,15,12,68,4,20,1,7,45,11,4,6,5
1116,5485,143,9230,425,2053,319,63,49,492,18,63,54,13608,16372,2009,20,7,55,236,130,589,28,1,26,86,6,90,448,2424,478,180,225,79,92,91,32,33,58,19,1261,1284,10991,69,308,35,77,49,222,2773,9,3,2,9,10,15,2,1,0,4,3,0,1,0,2,3,19,1,8,3,0,3,1,12,2,0,1,0,1,3,0,3,7,2,7,1,2,16,1,2,20,2,1,0,1,10,2,1,2,0
618,597,96,5940,405,211,2239,475,330,2742,334,490,299,2490,2009,19995,347,127,2043,892,1196,1232,84,34,158,173,45,133,227,905,7338,178,382,121,2151,2284,413,116,808,24,952,818,11357,216,451,56,126,794,234,738,55,53,44,21,53,156,2,2,10,68,63,2,9,2,57,46,495,3,188,17,43,49,17,70,90,7,10,2,45,49,1,23,127,62,18,3,55,634,83,10,388,1,18,0,3,114,38,19,38,58
0,0,2,2,1,1,5,3654,490,488,122,8934,9354,59,20,347,14957,2332,699,105,6503,263,123,29,21,5,8,8,5,64,4337,108,865,11,7,100,317,10,36,0,80,213,658,37,118,15,80,1,1,88,0,0,1,0,1,0,13,28,24,289,10,0,11,12,2,1,30,20,99,7,18,8,38,11,18,0,5,0,1,7,0,4,4,0,2,0,44,62,1,1,9,2,0,0,1,3,0,2,0,4
0,0,0,0,1,0,1,6357,245,83,203,1224,1237,16,7,127,2332,3349,1374,234,129,172,60,8,8,12,8,0,1,8,3104,77,492,8,2,23,94,5,9,1,12,15,78,9,214,7,29,2,0,3,0,0,0,0,1,0,3,14,16,96,14,6,2,3,0,0,6,15,52,5,5,1,25,12,9,0,3,0,1,9,0,5,0,1,0,0,19,33,1,1,11,0,1,0,0,1,0,0,1,2
4,5,8,21,10,4,56,2457,4484,1113,995,621,1054,97,55,2043,699,1374,7209,1934,530,951,99,334,468,69,88,29,21,93,1472,140,659,45,220,4029,724,84,283,6,144,115,509,181,721,32,65,8,6,70,2,1,12,0,4,7,14,62,87,427,116,14,19,14,9,7,327,44,731,49,131,30,112,121,196,1,28,0,8,121,2,50,49,9,20,0,182,685,19,18,235,2,11,0,1,13,9,16,54,54
38,33,6,165,17,17,114,8609,4927,145,154,2858,2443,523,236,892,105,234,1934,22637,83,1496,827,82,2918,820,776,143,45,165,618,559,4739,275,104,634,183,4106,79,57,89,101,1246,1910,4139,128,297,31,28,102,1,2,7,0,4,4,69,59,27,651,5,10,113,77,18,27,52,12,128,700,13,81,104,2709,9,9,303,5,3,13,13,677,22,18,385,20,68,68,23,187,33,17,151,3,26,7,5,2,12,7
28,40,19,53,9,3,39,226,154,11734,711,7461,607,315,130,1196,6503,129,530,83,22766,1004,489,77,38,88,20,99,98,1070,2781,690,1141,136,151,546,492,34,424,15,1316,4623,7873,167,302,57,691,38,13,1900,2,0,7,0,1,3,2,6,27,100,30,2,5,3,10,4,178,7,261,5,30,17,26,19,68,2,10,1,1,39,2,5,36,12,9,0,52,312,13,4,124,4,13,0,0,8,2,4,12,22
680,997,769,1066,194,201,458,3530,1784,6473,3041,4087,689,490,589,1232,263,172,951,1496,1004,16464,6532,53,743,255,334,906,3440,464,410,343,472,584,293,568,212,387,313,154,9167,1080,1412,3019,318,4909,1958,150,37,123,2,2,9,11,5,28,4,10,1,71,12,1,10,3,6,12,74,5,61,34,9,25,12,113,22,36,88,11,3,9,20,31,22,10,39,70,29,113,26,21,86,96,117,7,28,9,8,6,6,22
19,23,30,31,6,11,21,646,391,1148,1351,6331,193,59,28,84,123,60,99,827,489,6532,13290,23,745,256,625,176,133,133,121,253,2392,227,31,95,39,519,54,68,344,358,124,2765,640,3511,5901,26,6,42,0,1,1,0,0,0,2,2,1,24,2,0,4,0,4,5,7,3,7,22,5,26,5,172,0,40,127,7,1,1,31,65,2,0,75,49,4,8,1,70,7,75,168,6,45,2,0,0,2,2
0,0,0,2,3,6,10,19,6541,52,11,60,15,5,1,34,29,8,334,82,77,53,23,4460,624,29,2447,88,4,13,24,30,74,58,111,3486,3483,37,2724,259,9,10,11,808,20,9,42,65,12,2,1,0,6,0,0,0,34,44,18,404,25,2,11,20,0,3,55,17,172,65,33,14,50,156,25,14,53,7,0,21,2,34,3,2,45,10,92,126,1,24,42,12,35,0,5,4,2,2,6,6
14,8,5,34,8,13,52,290,5328,51,23,2082,719,63,26,158,21,8,468,2918,38,743,745,624,7922,133,8628,131,26,45,67,283,1885,201,136,804,340,326,390,326,36,39,102,4080,594,90,247,150,19,15,3,0,5,0,2,4,78,49,25,559,11,8,144,86,43,49,53,10,164,1023,16,235,179,5630,25,90,1107,25,9,16,55,1161,48,31,964,80,43,82,47,628,43,93,731,7,87,18,10,3,11,8
48,22,9,75,25,9,49,237,80,73,15,54,60,544,86,173,5,12,69,820,88,255,256,29,133,18484,210,135,70,242,136,7852,484,2723,32,92,28,3842,38,148,85,83,396,7463,3374,94,2235,40,37,63,0,0,0,0,1,0,4,1,3,11,13,2,6,3,1,2,2,0,3,8,9,98,7,84,12,550,397,63,0,1,274,76,10,0,137,376,2,5,7,93,6,470,916,26,303,6,0,0,8,7
3,8,6,12,31,87,27,290,3423,34,7,447,349,57,6,45,8,8,88,776,20,334,625,2447,8628,210,20744,2463,42,25,27,446,1105,311,178,690,3391,338,3659,5149,28,24,42,13182,648,103,485,1260,125,10,1,0,1,0,2,3,18,10,9,153,9,2,30,17,12,9,25,2,70,336,8,232,95,2346,3,351,2335,129,6,7,146,589,22,15,797,200,18,51,16,716,39,454,1602,36,207,22,8,4,3,6
208,120,193,106,93,81,53,92,58,151,11,55,33,450,90,133,8,0,29,143,99,906,176,88,131,135,2463,46672,3013,744,58,296,174,10684,44,74,343,100,373,14205,1572,212,225,2784,203,13060,4982,162,69,53,0,0,0,4,1,0,0,0,1,3,5,0,0,0,2,3,4,0,4,3,2,19,6,29,2,40,92,709,1,5,32,13,4,4,12,326,7,16,1,13,19,1045,156,111,40,7,1,1,1,5
781,377,456,357,568,331,133,22,19,167,14,53,8,3811,448,227,5,1,21,45,98,3440,133,4,26,70,42,3013,107788,10090,67,222,133,380,75,63,45,19,113,157,19182,232,362,237,124,1053,425,190,7506,57,4,3,2,29,2,6,1,0,0,2,3,0,0,0,6,2,36,0,7,0,3,0,0,3,7,1,4,2,1,2,1,1,9,1,1,14,5,46,11,0,34,23,9,6,3,6,3,1,0,4
1599,1277,1135,1060,779,412,276,64,41,348,53,453,121,17120,2424,905,64,8,93,165,1070,464,133,13,45,242,25,744,10090,34442,430,1640,1066,424,152,221,128,85,221,49,13121,5012,3217,348,719,149,1096,109,1118,2216,4,5,4,41,7,22,1,0,1,7,6,0,2,1,7,14,81,2,25,7,1,10,2,30,16,2,13,2,8,10,3,9,7,10,8,2,13,114,12,3,63,6,9,1,2,19,4,4,7,6
35,38,10,154,29,4,106,1688,155,835,144,2039,1554,736,478,7338,4337,3104,1472,618,2781,410,121,24,67,136,27,58,67,430,8551,472,1579,89,210,407,137,64,173,7,282,576,9716,126,938,12,138,30,36,701,2,2,3,1,3,10,2,3,11,58,22,2,3,6,9,6,92,4,117,15,12,13,13,44,41,0,12,0,4,15,1,17,16,8,13,2,35,177,12,10,60,2,7,0,0,10,0,3,6,15
54,25,18,60,27,4,24,344,69,610,24,253,312,1757,180,178,108,77,140,559,690,343,253,30,283,7852,446,296,222,1640,472,27456,6724,3192,24,60,45,716,73,281,539,1012,576,5095,4468,136,13979,29,114,465,0,0,0,0,0,0,1,5,4,18,11,0,2,1,2,2,4,2,3,13,10,102,1,146,10,509,339,91,3,1,323,95,15,2,169,561,6,8,6,125,10,665,959,23,342,4,3,0,6,4
30,28,10,50,17,5,44,2563,519,1219,121,3611,4889,1199,225,382,865,492,659,4739,1141,472,2392,74,1885,484,1105,174,133,1066,1579,6724,24036,345,37,187,90,1647,55,36,506,1124,823,2940,8144,114,3073,37,53,519,1,1,0,1,1,1,19,18,6,161,3,4,15,18,5,10,18,5,45,301,6,64,43,1174,6,40,359,4,1,6,22,300,11,5,256,23,5,32,7,157,13,34,250,0,35,5,1,0,2,4
85,50,47,72,30,22,33,116,64,153,23,56,59,586,79,121,11,8,45,275,136,584,227,58,201,2723,311,10684,380,424,89,3192,345,27190,28,95,91,299,154,6331,377,211,308,11464,658,2814,13933,75,60,62,0,0,0,1,2,0,3,1,3,4,7,0,1,0,1,0,2,0,2,7,6,59,6,61,3,127,133,255,0,0,107,21,6,0,28,1584,3,6,1,38,5,1375,454,296,259,1,0,0,3,4
104,92,31,324,188,297,2405,18,107,703,44,68,14,235,92,2151,7,2,220,104,151,293,31,111,136,32,178,44,75,152,210,24,37,28,4242,3645,920,27,3969,30,240,152,632,189,29,11,34,3724,310,59,45,36,52,13,38,141,2,1,13,44,66,3,1,5,65,45,427,4,122,11,30,36,7,21,62,0,8,7,33,27,2,8,133,54,12,3,58,511,76,5,415,1,7,2,0,105,49,11,40,42
23,35,19,107,20,24,1152,152,1465,1434,232,295,77,203,91,2284,100,23,4029,634,546,568,95,3486,804,92,690,74,63,221,407,60,187,95,3645,6416,3611,103,2969,92,323,241,755,627,84,33,75,233,37,120,21,9,29,0,12,26,12,31,80,369,159,10,19,15,52,56,693,25,849,49,155,68,86,145,320,2,35,7,46,165,4,37,194,65,34,11,236,1378,115,29,689,5,37,2,9,55,31,47,97,149
25,55,33,146,47,105,355,472,8318,441,128,497,432,94,32,413,317,94,724,183,492,212,39,3483,340,28,3391,343,45,128,137,45,90,91,920,3611,4699,19,9732,901,173,149,209,1028,31,32,86,1339,72,35,16,11,24,2,16,60,33,51,50,495,51,10,18,32,21,17,201,39,258,83,58,19,87,112,78,5,21,17,9,45,4,29,43,16,21,16,159,384,31,7,204,39,29,3,5,58,12,4,31,18
12,9,1,32,10,3,24,138,115,72,6,438,29,130,33,116,10,5,84,4106,34,387,519,37,326,3842,338,100,19,85,64,716,1647,299,27,103,19,16813,34,44,42,65,154,9232,3638,81,445,12,10,25,0,1,2,0,0,0,1,5,2,18,4,1,5,0,3,3,10,0,13,30,2,94,14,522,4,66,453,8,0,0,27,176,6,3,303,36,2,14,2,232,9,41,375,3,61,9,3,1,0,0
84,139,156,299,196,692,1405,20,198,462,57,80,6,192,58,808,36,9,283,79,424,313,54,2724,390,38,3659,373,113,221,173,73,55,154,3969,2969,9732,34,20707,1130,318,200,497,2220,41,35,109,7039,271,83,58,60,76,17,32,212,1,10,41,106,104,9,8,5,117,84,793,12,424,13,81,85,37,59,158,13,48,16,73,80,9,31,257,89,23,27,136,1183,140,24,799,43,51,3,8,141,61,45,87,97
24,12,13,22,17,34,11,16,124,16,4,9,5,51,19,24,0,1,6,57,15,154,68,259,326,148,5149,14205,157,49,7,281,36,6331,30,92,901,44,1130,27005,76,23,28,13578,43,1006,1354,430,34,5,0,1,0,0,1,0,0,3,2,4,6,0,4,0,1,8,4,1,2,7,8,66,6,51,5,173,204,996,3,0,99,31,15,0,29,1451,11,13,3,38,17,3073,617,301,160,12,4,2,4,5
1372,1703,1548,1277,499,409,448,49,43,10571,309,669,44,1132,1261,952,80,12,144,89,1316,9167,344,9,36,85,28,1572,19182,13121,282,539,506,377,240,323,173,42,318,76,81025,10159,1602,401,194,640,983,105,133,492,6,3,6,35,9,23,0,1,3,6,13,0,0,0,9,11,98,2,61,2,8,5,5,11,18,2,9,4,2,9,1,5,23,14,4,16,15,125,13,2,91,26,14,0,5,14,5,7,9,8
218,560,228,673,57,65,171,65,54,7775,321,1313,102,438,1284,818,213,15,115,101,4623,1080,358,10,39,83,24,212,232,5012,576,1012,1124,211,152,241,149,65,200,23,10159,17990,4842,354,278,115,1240,53,16,5833,2,2,2,0,1,5,1,1,3,14,11,1,0,2,7,5,61,0,41,1,1,4,6,12,12,8,11,1,5,6,2,8,11,9,2,4,13,98,4,6,43,7,15,1,1,3,3,3,3,5
396,234,60,1640,237,58,288,471,293,2737,128,666,439,6742,10991,11357,658,78,509,1246,7873,1412,124,11,102,396,42,225,362,3217,9716,576,823,308,632,755,209,154,497,28,1602,4842,34226,299,1536,67,258,139,195,8396,9,6,10,2,6,40,3,4,7,40,25,0,7,5,13,19,193,0,64,29,13,26,9,79,25,3,17,2,21,12,3,39,46,25,21,3,23,230,32,10,163,4,18,1,1,20,10,8,15,7
56,42,35,108,52,84,81,304,726,452,67,532,61,323,69,216,37,9,181,1910,167,3019,2765,808,4080,7463,13182,2784,237,348,126,5095,2940,11464,189,627,1028,9232,2220,13578,401,354,299,66538,1860,1561,8336,1006,154,63,1,2,0,0,2,1,3,17,12,55,49,1,24,8,11,18,18,4,25,52,49,444,43,716,24,1942,2703,489,3,10,950,614,32,12,922,2314,21,23,28,683,43,2892,3950,239,1103,27,1,2,33,27
86,33,7,123,44,7,41,2510,169,118,15,871,685,1778,308,451,118,214,721,4139,302,318,640,20,594,3374,648,203,124,719,938,4468,8144,658,29,84,31,3638,41,43,194,278,1536,1860,12411,58,899,15,84,344,1,0,1,0,1,0,1,6,3,47,4,2,9,4,5,11,21,2,28,104,5,107,45,1268,4,72,525,8,1,6,32,252,11,9,484,29,6,27,12,336,16,45,488,7,51,5,2,1,6,2
66,48,68,40,35,30,26,234,123,241,123,321,43,58,35,56,15,7,32,128,57,4909,3511,9,90,94,103,13060,1053,149,12,136,114,2814,11,33,32,81,35,1006,640,115,67,1561,58,11681,5979,18,9,8,0,0,2,0,0,0,0,2,0,4,2,0,1,1,1,0,2,0,5,2,2,9,2,13,1,14,26,62,0,1,12,4,0,1,8,294,5,4,0,10,8,287,92,56,39,0,0,0,1,0
66,55,66,68,28,21,37,282,250,1560,137,603,100,744,77,126,80,29,65,297,691,1958,5901,42,247,2235,485,4982,425,1096,138,13979,3073,13933,34,75,86,445,109,1354,983,1240,258,8336,899,5979,36681,43,59,244,0,1,0,0,2,0,1,4,1,26,9,8,3,1,2,2,6,1,6,11,17,102,8,88,1,270,239,188,0,1,235,64,9,1,91,2192,7,13,6,81,15,1479,944,279,445,8,1,0,8,10
206,636,505,1664,841,5334,5216,10,34,176,6,30,2,214,49,794,1,2,8,31,38,150,26,65,150,40,1260,162,190,109,30,29,37,75,3724,233,1339,12,7039,430,105,53,139,1006,15,18,43,14519,1845,18,158,330,122,130,241,973,0,3,1,9,21,1,3,0,58,33,332,0,22,2,5,23,5,16,10,5,26,10,21,6,4,6,53,29,12,10,42,344,24,19,130,17,22,1,3,481,47,13,9,8
1290,186,228,476,3660,2875,568,6,7,59,7,10,5,8742,222,234,1,0,6,28,13,37,6,12,19,37,125,69,7506,1118,36,114,53,60,310,37,72,10,271,34,133,16,195,154,84,9,59,1845,12111,8,8,12,7,31,11,40,0,0,0,2,3,0,1,0,8,9,40,0,5,0,1,5,1,9,2,0,3,1,4,1,0,1,11,7,1,1,3,48,6,1,27,2,1,0,0,21,6,1,5,1
18,36,21,42,9,6,27,44,32,2516,27,267,120,1335,2773,738,88,3,70,102,1900,123,42,2,15,63,10,53,57,2216,701,465,519,62,59,120,35,25,83,5,492,5833,8396,63,344,8,244,18,8,12224,2,0,0,0,0,5,1,0,1,7,3,0,2,0,2,1,30,0,8,7,3,4,1,14,1,1,3,0,3,1,0,3,13,6,4,0,7,32,7,1,29,0,5,0,1,1,2,2,2,0
18,100,763,130,30,254,189,0,3,4,1,0,0,21,9,55,0,0,2,1,2,2,0,1,3,0,1,0,4,4,2,0,1,0,45,21,16,0,58,0,6,2,9,1,1,0,0,158,8,2,30404,12167,2943,15276,11732,3313,3,2,2,5,95,4,4,1,8846,160,591,0,10,19,8,322,2,17,7,9,5,111,1851,8,10,44,936,26,74,37,26,263,33,37,239,4,14,20,6,429,5935,322,154,32
31,157,1003,351,39,160,431,0,0,3,0,1,0,13,3,53,0,0,1,2,0,2,1,0,0,0,0,0,3,5,2,0,1,0,36,9,11,1,60,1,3,2,6,2,0,0,1,330,12,0,12167,94798,13448,16182,3983,9861,0,0,4,9,366,2,2,1,11283,112,359,1,16,10,15,1718,2,1,23,2,0,180,1296,8,3,13,3152,24,19,49,24,166,83,11,181,3,5,72,3,417,867,1139,1087,114
11,55,62,125,24,46,149,2,9,4,1,3,1,21,2,44,1,0,12,7,7,9,1,6,5,0,1,0,2,4,3,0,0,0,52,29,24,2,76,0,6,2,10,0,1,2,0,122,7,0,2943,13448,16203,370,806,4534,3,5,5,16,804,9,15,4,15227,2971,5814,3,53,38,36,553,1,18,17,13,5,39,574,35,14,82,1278,215,136,23,44,546,86,100,178,4,24,18,17,243,927,509,1072,144
371,79,1540,413,1175,2896,910,0,0,9,0,0,0,39,9,21,0,0,0,0,0,11,0,0,0,0,0,4,29,41,1,0,1,1,13,0,2,0,17,0,35,0,2,0,0,0,0,130,31,0,15276,16182,370,43482,25572,30704,0,0,0,0,41,0,1,0,479,18,86,0,6,1,2,413,0,6,2,1,2,79,887,2,5,2,1074,6,4,18,10,62,17,1,907,2,7,24,4,390,448,303,114,16
30,91,155,239,48,176,299,0,2,2,0,0,0,20,10,53,1,1,4,4,1,5,0,0,2,1,2,1,2,7,3,0,1,2,38,12,16,0,32,1,9,1,6,2,1,0,2,241,11,0,11732,3983,806,25572,30314,12045,0,0,1,4,59,0,2,0,1443,53,407,0,5,8,13,133,0,89,7,5,109,44,404,1,1,13,403,9,5,13,189,1349,48,8,1386,40,74,10,4,6422,2943,121,85,20
116,496,1015,1079,140,688,2218,1,8,12,2,1,1,53,15,156,0,0,7,4,3,28,0,0,4,0,3,0,6,22,10,0,1,0,141,26,60,0,212,0,23,5,40,1,0,0,0,973,40,5,3313,9861,4534,30704,12045,32579,0,1,0,7,568,6,2,1,3343,83,2639,1,15,11,16,548,2,19,15,3,13,57,382,6,4,14,953,21,18,10,70,1348,57,21,942,7,19,13,8,3127,461,478,665,118
0,0,0,2,0,0,1,134,640,1,4,21,99,2,2,2,13,3,14,69,2,4,2,34,78,4,18,0,1,1,2,1,19,3,2,12,33,1,1,0,0,1,3,3,1,0,1,0,0,1,3,0,3,0,0,0,2800,8189,1171,965,25,29,361,3769,15,23,244,386,264,1781,44,146,236,127,32,8,16,5,1,165,10,1921,15,84,210,11,208,12,41,49,14,5,24,2,17,1,1,4,1,6
1,0,0,1,0,0,0,134,992,9,15,50,86,1,1,2,28,14,62,59,6,10,2,44,49,1,10,0,0,0,3,5,18,1,1,31,51,5,10,3,1,1,4,17,6,2,4,3,0,0,2,0,5,0,0,1,8189,19973,6403,3405,203,378,1230,5256,12,17,296,5728,505,4496,431,1205,316,212,80,62,25,15,3,243,66,2032,15,59,1257,70,547,13,20,233,22,18,130,44,144,2,2,1,10,15
0,1,0,1,0,0,1,24,279,16,11,47,10,1,0,10,24,16,87,27,27,1,1,18,25,3,9,1,0,1,11,4,6,3,13,80,50,2,41,2,3,3,7,12,3,0,1,1,0,1,2,4,5,0,1,0,1171,6403,4184,1612,697,865,639,2092,18,34,373,1833,572,674,701,1359,39,64,168,38,23,18,2,1040,60,1291,28,67,772,57,212,31,31,56,21,11,98,28,95,6,2,22,24,22
1,1,0,6,0,0,14,1218,8117,87,64,380,798,20,4,68,289,96,427,651,100,71,24,404,559,11,153,3,2,7,58,18,161,4,44,369,495,18,106,4,6,14,40,55,47,4,26,9,2,7,5,9,16,0,4,7,965,3405,1612,50589,929,1157,2512,1832,28,32,521,764,4893,5858,1810,2370,5795,5539,309,83,950,32,10,256,58,1386,85,39,660,80,8815,354,26,410,103,44,409,61,231,12,6,30,111,72
5,6,2,9,1,9,24,18,137,18,3,15,3,9,3,63,10,14,116,5,30,12,2,25,11,13,9,5,3,6,22,11,3,7,66,159,51,4,104,6,13,11,25,49,4,2,9,21,3,3,95,366,804,41,59,568,25,203,697,929,34067,3172,2304,202,560,791,4714,173,2055,183,5197,4382,129,126,879,113,66,261,87,496,178,337,817,944,205,251,368,1014,1217,178,409,73,469,213,557,134,73,17090,10306,2892
0,0,0,0,0,2,1,10,69,3,2,8,1,0,0,2,0,6,14,10,2,1,0,2,8,2,2,0,0,0,2,0,4,0,3,10,10,1,9,0,0,1,0,1,2,0,8,1,0,0,4,2,9,0,0,6,29,378,865,1157,3172,4969,4764,248,10,32,520,99,674,130,3060,5415,63,90,170,29,17,16,8,123,21,158,47,55,65,40,84,65,52,48,9,12,101,79,131,6,3,52,122,139
0,0,0,1,0,0,0,58,266,2,2,24,57,5,1,9,11,2,19,113,5,10,4,11,144,6,30,0,0,2,3,2,15,1,1,19,18,5,8,4,0,0,7,24,9,1,3,3,1,2,4,2,15,1,2,2,361,1230,639,2512,2304,4764,14547,4942,37,40,369,2949,451,1467,7018,7468,135,1232,1403,55,122,37,15,1214,76,4551,86,118,270,93,154,73,142,164,19,22,237,141,297,4,6,17,123,148
0,0,0,0,1,0,1,95,605,2,3,16,76,3,0,2,12,3,14,77,3,3,0,20,86,3,17,0,0,1,6,1,18,0,5,15,32,0,5,0,0,2,5,8,4,1,1,0,0,0,1,1,4,0,0,1,3769,5256,2092,1832,202,248,4942,14630,30,72,625,8451,492,973,2846,451,198,303,837,13,27,5,12,1560,14,4468,51,265,83,16,263,21,236,12,21,5,30,9,42,5,8,1,19,42
8,34,45,91,24,34,123,4,14,12,1,7,2,17,2,57,2,0,9,18,10,6,4,0,43,1,12,2,6,7,9,2,5,1,65,52,21,3,117,1,9,7,13,11,5,1,2,58,8,2,8846,11283,15227,479,1443,3343,15,12,18,28,560,10,37,30,56122,9544,3177,8,84,134,48,762,4,79,61,174,18,352,5572,76,225,711,12870,517,1110,292,92,498,586,209,243,40,85,53,117,232,8690,574,977,158
12,21,15,28,13,12,50,5,19,10,0,2,5,10,3,46,1,0,7,27,4,12,5,3,49,2,9,3,2,14,6,2,10,0,45,56,17,3,84,8,11,5,19,18,11,0,2,33,9,1,160,112,2971,18,53,83,23,17,34,32,791,32,40,72,9544,19828,3722,12,96,147,78,624,4,109,321,147,18,267,568,279,421,991,5786,2150,1078,382,54,215,6411,136,177,33,76,15,204,102,496,398,1571,1851
60,151,101,315,75,106,421,39,196,107,7,30,21,83,19,495,30,6,327,52,178,74,7,55,53,2,25,4,36,81,92,4,18,2,427,693,201,10,793,4,98,61,193,18,21,2,6,332,40,30,591,359,5814,86,407,2639,244,296,373,521,4714,520,369,625,3177,3722,28440,274,3864,1266,1150,1841,51,268,1549,127,47,79,460,4468,193,1408,1950,4786,1478,168,497,4476,1777,592,1388,17,182,32,193,1479,560,712,1555,696
0,0,0,0,0,0,1,31,287,7,8,46,15,1,1,3,20,15,44,12,7,5,3,17,10,0,2,0,0,2,4,2,5,0,4,25,39,0,12,1,2,0,0,4,2,0,1,0,0,0,0,1,3,0,0,1,386,5728,1833,764,173,99,2949,8451,8,12,274,8064,361,72,3505,410,113,47,1486,6,5,3,0,3517,32,1302,10,73,51,7,220,24,49,9,17,1,16,14,54,2,1,1,15,12
3,3,0,13,3,2,34,92,750,95,30,81,44,26,8,188,99,52,731,128,261,61,7,172,164,3,70,4,7,25,117,3,45,2,122,849,258,13,424,2,61,41,64,25,28,5,6,22,5,8,10,16,53,6,5,15,264,505,572,4893,2055,674,451,492,84,96,3864,361,10432,1872,1471,1300,1257,906,927,47,241,17,34,783,66,899,321,152,536,55,1355,2709,124,444,236,31,294,23,118,16,26,123,367,261
4,2,0,4,0,0,4,423,1348,8,5,190,482,22,3,17,7,5,49,700,5,34,22,65,1023,8,336,3,0,7,15,13,301,7,11,49,83,30,13,7,2,1,29,52,104,2,11,2,0,7,19,10,38,1,8,11,1781,4496,674,5858,183,130,1467,973,134,147,1266,72,1872,26922,114,1368,118,3097,101,159,314,45,26,176,187,5542,112,261,4659,166,174,194,172,2606,24,22,387,23,285,11,31,15,46,52
2,1,0,1,0,1,9,27,247,18,11,17,7,6,0,43,18,5,131,13,30,9,5,33,16,9,8,2,3,1,12,10,6,6,30,155,58,2,81,8,8,1,13,49,5,2,17,5,1,3,8,15,36,2,13,16,44,431,701,1810,5197,3060,7018,2846,48,78,1150,3505,1471,114,21170,3450,223,111,6896,118,64,260,31,1795,334,1043,365,138,117,331,416,603,277,100,258,76,376,229,1062,26,9,151,758,2685
3,11,13,17,10,6,25,21,113,15,2,22,19,13,3,49,8,1,30,81,17,25,26,14,235,98,232,19,0,10,13,102,64,59,36,68,19,94,85,66,5,4,26,444,107,9,102,23,5,4,322,1718,553,413,133,548,146,1205,1359,2370,4382,5415,7468,451,762,624,1841,410,1300,1368,3450,46232,180,2785,1052,1687,1223,1533,2541,619,660,3710,1968,446,2119,1881,182,469,584,2917,319,503,6001,9055,6305,137,97,3839,995,827
0,0,0,2,0,2,3,112,663,16,13,63,54,4,1,17,38,25,112,104,26,12,5,50,179,7,95,6,0,2,13,1,43,6,7,86,87,14,37,6,5,6,9,43,45,2,8,5,1,1,2,2,1,0,0,2,236,316,39,5795,129,63,135,198,4,4,51,113,1257,118,223,180,5422,3142,66,21,598,27,2,45,18,252,16,4,43,29,2600,2057,7,93,552,181,391,10,46,36,1,14,22,14
2,4,2,17,4,1,13,598,2113,18,8,688,572,92,12,70,11,12,121,2709,19,113,172,156,5630,84,2346,29,3,30,44,146,1174,61,21,145,112,522,59,51,11,12,79,716,1268,13,88,16,9,14,17,1,18,6,89,19,127,212,64,5539,126,90,1232,303,79,109,268,47,906,3097,111,2785,3142,16562,117,140,10242,208,35,82,245,4971,159,87,950,280,1158,1299,128,1454,1816,1274,3465,64,636,692,54,10,68,69
3,1,1,7,0,2,22,8,116,28,3,17,1,7,2,90,18,9,196,9,68,22,0,25,25,12,3,2,7,16,41,10,6,3,62,320,78,4,158,5,18,12,25,24,4,1,1,10,2,1,7,23,17,2,7,15,32,80,168,309,879,170,1403,837,61,321,1549,1486,927,101,6896,1052,66,117,10984,92,23,169,44,9939,593,2008,883,1190,437,280,342,725,6602,70,424,29,122,53,650,32,13,109,1066,2484
0,0,1,0,0,0,1,7,12,6,0,7,0,7,0,7,0,0,1,9,2,36,40,14,90,550,351,40,1,2,0,509,40,127,0,2,5,66,13,173,2,8,3,1942,72,14,270,5,0,1,9,2,13,1,5,3,8,62,38,83,113,29,55,13,174,147,127,6,47,159,118,1687,21,140,92,21749,332,174,51,46,5528,857,341,128,7344,4850,24,25,138,3330,23,208,3870,140,1441,14,47,20,112,81
1,2,0,2,1,1,3,52,404,13,2,112,55,29,1,10,5,3,28,303,10,88,127,53,1107,397,2335,92,4,13,12,339,359,133,8,35,21,453,48,204,9,11,17,2703,525,26,239,26,3,3,5,0,5,2,109,13,16,25,23,950,66,17,122,27,18,18,47,5,241,314,64,1223,598,10242,23,332,17123,1034,14,13,321,1346,54,11,650,375,1263,418,24,263,1645,7049,8190,93,617,734,43,9,25,30
2,0,2,1,1,6,2,3,1,1,0,1,1,1,0,2,0,0,0,5,1,11,7,7,25,63,129,709,2,2,0,91,4,255,7,7,17,8,16,996,4,1,2,489,8,62,188,10,1,0,111,180,39,79,44,57,5,15,18,32,261,16,37,5,352,267,79,3,17,45,260,1533,27,208,169,174,1034,41115,3393,32,216,305,1990,50,324,11130,113,69,189,182,134,13566,1238,13720,702,75,83,1062,595,389
6,14,39,22,11,18,34,0,2,9,0,0,1,6,1,45,1,1,8,3,1,3,1,0,9,0,6,1,1,8,4,3,1,0,33,46,9,0,73,3,2,5,21,3,1,0,0,21,4,3,1851,1296,574,887,404,382,1,3,2,10,87,8,15,12,5572,568,460,0,34,26,31,2541,2,35,44,51,14,3393,105539,10,79,149,15600,119,207,424,42,215,182,35,170,60,60,932,68,100,11413,9599,282,114
0,1,0,3,0,2,3,5,135,22,2,11,3,2,3,49,7,9,121,13,39,9,1,21,16,1,7,5,2,10,15,1,6,0,27,165,45,0,80,0,9,6,12,10,6,1,1,6,1,1,8,8,35,2,1,6,165,243,1040,256,496,123,1214,1560,76,279,4468,3517,783,176,1795,619,45,82,9939,46,13,32,10,5941,229,1921,103,1871,578,113,137,148,996,49,100,7,53,11,260,8,12,32,118,131
1,1,0,0,0,0,0,2,14,2,1,4,3,5,0,1,0,0,2,13,2,20,31,2,55,274,146,32,1,3,1,323,22,107,2,4,4,27,9,99,1,2,3,950,32,12,235,4,0,0,10,3,14,5,1,4,10,66,60,58,178,21,76,14,225,421,193,32,66,187,334,660,18,245,593,5528,321,216,79,229,16092,4366,1100,187,6872,3905,15,34,623,875,31,232,2232,113,7826,19,50,28,434,410
2,1,1,4,1,1,5,227,748,5,1,155,206,17,3,23,4,5,50,677,5,31,65,34,1161,76,589,13,1,9,17,95,300,21,8,37,29,176,31,31,5,8,39,614,252,4,64,6,1,3,44,13,82,2,13,14,1921,2032,1291,1386,337,158,4551,4468,711,991,1408,1302,899,5542,1043,3710,252,4971,2008,857,1346,305,149,1921,4366,39211,1361,1170,18512,967,112,233,1725,4431,116,109,2660,93,5939,38,151,41,458,540
10,27,59,43,13,29,62,9,52,23,0,14,5,22,7,127,4,0,49,22,36,22,2,3,48,10,22,4,9,7,16,15,11,6,133,194,43,6,257,15,23,11,46,32,11,0,9,53,11,13,936,3152,1278,1074,403,953,15,15,28,85,817,47,86,51,12870,5786,1950,10,321,112,365,1968,16,159,883,341,54,1990,15600,103,1100,1361,59915,737,1216,1509,278,881,3780,159,582,203,309,328,569,183,802,11286,9138,3178
3,11,6,25,8,4,30,4,28,13,0,9,6,6,2,62,0,1,9,18,12,10,0,2,31,0,15,4,1,10,8,2,5,0,54,65,16,3,89,0,14,9,25,12,9,1,1,29,7,6,26,24,215,6,9,21,84,59,67,39,944,55,118,265,517,2150,4786,73,152,261,138,446,4,87,1190,128,11,50,119,1871,187,1170,737,3137,1548,136,48,188,3007,189,177,8,74,11,120,47,84,185,581,259
1,2,0,7,2,2,4,47,208,12,3,94,53,25,7,18,2,0,20,385,9,39,75,45,964,137,797,12,1,8,13,169,256,28,12,34,21,303,23,29,4,2,21,922,484,8,91,12,1,4,74,19,136,4,5,18,210,1257,772,660,205,65,270,83,1110,1078,1478,51,536,4659,117,2119,43,950,437,7344,650,324,207,578,6872,18512,1216,1548,24520,2634,27,82,1062,7000,59,123,2494,68,1896,40,264,75,250,155
1,2,6,1,1,2,1,3,15,13,0,6,3,5,1,3,0,0,0,20,0,70,49,10,80,376,200,326,14,2,2,561,23,1584,3,11,16,36,27,1451,16,4,3,2314,29,294,2192,10,1,0,37,49,23,18,13,10,11,70,57,80,251,40,93,16,292,382,168,7,55,166,331,1881,29,280,280,4850,375,11130,424,113,3905,967,1509,136,2634,42446,48,61,406,1041,93,3984,8539,8673,5983,50,71,193,488,339
5,8,3,15,6,6,35,147,966,49,13,53,103,8,2,55,44,19,182,68,52,29,4,92,43,2,18,7,5,13,35,6,5,3,58,236,159,2,136,11,15,13,23,21,6,5,7,42,3,7,26,24,44,10,189,70,208,547,212,8815,368,84,154,263,92,54,497,220,1355,174,416,182,2600,1158,342,24,1263,113,42,137,15,112,278,48,27,48,3911,3550,86,26,6860,478,226,8,34,2361,74,63,161,172
61,153,106,317,82,84,469,43,425,183,27,74,12,79,16,634,62,33,685,68,312,113,8,126,82,5,51,16,46,114,177,8,32,6,511,1378,384,14,1183,13,125,98,230,23,27,4,13,344,48,32,263,166,546,62,1349,1348,12,13,31,354,1014,65,73,21,498,215,4476,24,2709,194,603,469,2057,1299,725,25,418,69,215,148,34,233,881,188,82,61,3550,12700,326,249,7048,139,410,13,73,5056,344,188,499,453
6,3,4,26,14,10,38,9,17,24,0,1,4,15,1,83,1,1,19,23,13,26,1,1,47,7,16,1,11,12,12,6,7,1,76,115,31,2,140,3,13,4,32,28,12,0,6,24,6,7,33,83,86,17,48,57,41,20,31,26,1217,52,142,236,586,6411,1777,49,124,172,277,584,7,128,6602,138,24,189,182,996,623,1725,3780,3007,1062,406,86,326,16184,106,325,40,123,28,411,58,98,298,3519,6781
1,0,1,4,0,0,2,13,75,6,0,63,2,12,2,10,1,1,18,187,4,21,70,24,628,93,716,13,0,3,10,125,157,38,5,29,7,232,24,38,2,6,10,683,336,10,81,19,1,1,37,11,100,1,8,21,49,233,56,410,178,48,164,12,209,136,592,9,444,2606,100,2917,93,1454,70,3330,263,182,35,49,875,4431,159,189,7000,1041,26,249,106,13192,83,241,8468,109,1592,66,73,26,91,60
31,42,28,106,36,31,190,17,149,103,8,21,5,68,20,388,9,11,235,33,124,86,7,42,43,6,39,19,34,63,60,10,13,5,415,689,204,9,799,17,91,43,163,43,16,8,15,130,27,29,239,181,178,907,1386,942,14,22,21,103,409,9,19,21,243,177,1388,17,236,24,258,319,552,1816,424,23,1645,134,170,100,31,116,582,177,59,93,6860,7048,325,83,18201,732,732,17,82,7385,246,98,270,272
2,2,4,3,0,3,1,7,8,6,2,4,1,4,2,1,2,0,2,17,4,96,75,12,93,470,454,1045,23,6,2,665,34,1375,1,5,39,41,43,3073,26,7,4,2892,45,287,1479,17,2,0,4,3,4,2,40,7,5,18,11,44,73,12,22,5,40,33,17,1,31,22,76,503,181,1274,29,208,7049,13566,60,7,232,109,203,8,123,3984,478,139,40,241,732,23614,9664,873,566,296,33,23,85,49
3,1,3,4,1,1,8,18,83,23,5,52,7,20,1,18,0,1,11,151,13,117,168,35,731,916,1602,156,9,9,7,959,250,454,7,37,29,375,51,617,14,15,18,3950,488,92,944,22,1,5,14,5,24,7,74,19,24,130,98,409,469,101,237,30,85,76,182,16,294,387,376,6001,391,3465,122,3870,8190,1238,60,53,2232,2660,309,74,2494,8539,226,410,123,8468,732,9664,35038,1007,4411,448,54,52,220,178
1,2,5,0,0,0,1,0,4,0,0,1,0,1,0,0,0,0,0,3,0,7,6,0,7,26,36,111,6,1,0,23,0,296,2,2,3,3,3,301,0,1,1,239,7,56,279,1,0,0,20,72,18,24,10,13,2,44,28,61,213,79,141,9,53,15,32,14,23,23,229,9055,10,64,53,140,93,13720,932,11,113,93,328,11,68,8673,8,13,28,109,17,873,1007,15810,7218,10,7,550,79,84
1,0,2,0,0,0,1,4,18,1,0,10,5,7,1,3,1,0,1,26,0,28,45,5,87,303,207,40,3,2,0,342,35,259,0,9,5,61,8,160,5,1,1,1103,51,39,445,3,0,1,6,3,17,4,4,8,17,144,95,231,557,131,297,42,117,204,193,54,118,285,1062,6305,46,636,650,1441,617,702,68,260,7826,5939,569,120,1896,5983,34,73,411,1592,82,566,4411,7218,24423,39,36,56,339,561
56,204,146,431,60,156,519,4,17,12,1,6,2,45,10,114,3,1,13,7,8,9,2,4,18,6,22,7,6,19,10,4,5,1,105,55,58,9,141,12,14,3,20,27,5,0,8,481,21,1,429,417,243,390,6422,3127,1,2,6,12,134,6,4,5,232,102,1479,2,16,11,26,137,36,692,32,14,734,75,100,8,19,38,183,47,40,50,2361,5056,58,66,7385,296,448,10,39,11848,1047,60,89,31
6,17,34,57,17,30,78,0,3,7,0,1,1,11,2,38,0,0,9,5,2,8,0,2,10,0,8,1,3,4,0,3,1,0,49,31,12,3,61,4,5,3,10,1,2,0,1,47,6,2,5935,867,927,448,2943,461,1,2,2,6,73,3,6,8,8690,496,560,1,26,31,9,97,1,54,13,47,43,83,11413,12,50,151,802,84,264,71,74,344,98,73,246,33,54,7,36,1047,21870,72,135,20
1,5,16,6,5,4,17,0,6,2,0,1,0,4,1,19,2,0,16,2,4,6,0,2,3,0,4,1,1,4,3,0,0,0,11,47,4,1,45,2,7,3,8,2,1,0,0,13,1,2,322,1139,509,303,121,478,4,1,22,30,17090,52,17,1,574,398,712,1,123,15,151,3839,14,10,109,20,9,1062,9599,32,28,41,11286,185,75,193,63,188,298,26,98,23,52,550,56,60,72,35236,4287,581
3,6,8,14,6,5,19,3,30,7,2,2,0,6,2,38,0,1,54,12,12,6,2,6,11,8,3,1,0,7,6,6,2,3,40,97,31,0,87,4,9,3,15,33,6,1,8,9,5,2,154,1087,1072,114,85,665,1,10,24,111,10306,122,123,19,977,1571,1555,15,367,46,758,995,22,68,1066,112,25,595,282,118,434,458,9138,581,250,488,161,499,3519,91,270,85,220,79,339,89,135,4287,18852,11584
1,1,1,3,4,0,10,4,26,4,1,5,1,5,0,58,4,2,54,7,22,22,2,6,8,7,6,5,4,6,15,4,4,4,42,149,18,0,97,5,8,5,7,27,2,0,10,8,1,0,32,114,144,16,20,118,6,15,22,72,2892,139,148,42,158,1851,696,12,261,52,2685,827,14,69,2484,81,30,389,114,131,410,540,3178,259,155,339,172,453,6781,60,272,49,178,84,561,31,20,581,11584,9725
