14497,4882,8900,2212,10199,4789,675,3,1,299,34,0,5,11100,335,47,0,0,0,21,0,1734,1,2,1,2,1,0,1289,1944,24,10,1,0,74,2,61,5,54,0,574,375,51,3,1,0,0,255,4091,8,24,30,6,223,52,65,0,0,0,1,12,2,0,0,20,5,37,1,0,0,0,7,0,0,2,0,0,0,3,15,0,1,7,6,0,0,29,11,2,0,4,0,0,0,0,51,3,1,9,0
4882,17384,7079,12066,464,2428,710,4,0,548,67,0,3,3259,2208,41,0,0,0,19,1,679,2,2,0,0,0,1,200,479,8,6,2,0,43,3,34,5,33,0,279,387,24,0,0,0,0,472,286,9,31,60,15,49,86,112,0,0,1,0,12,0,0,0,37,2,30,0,1,0,0,8,2,0,1,0,0,0,8,3,0,0,13,4,1,0,43,18,1,0,7,0,0,0,0,82,9,2,18,0
8900,7079,43219,7976,6334,8226,9430,3,2,573,77,0,4,551,131,51,0,0,1,8,0,1031,0,5,1,0,0,2,313,696,15,6,1,0,91,2,46,3,39,0,436,382,19,2,2,0,0,1138,119,10,331,1505,25,1258,231,245,0,0,1,1,36,0,0,0,61,6,30,1,4,1,0,23,2,1,2,0,2,0,7,10,0,0,23,7,0,0,43,16,0,0,8,0,0,0,0,155,17,4,28,1
2212,12066,7976,44974,300,1099,6663,124,31,2031,385,0,27,3302,11101,5664,0,25,8,743,3,601,9,16,27,12,19,3,244,807,726,38,12,0,269,13,197,207,125,0,397,968,1211,25,8,0,0,787,264,96,40,62,17,48,84,131,0,0,8,5,25,3,0,0,38,6,61,6,13,3,3,9,7,0,3,1,2,0,10,25,0,1,21,8,1,0,82,17,2,1,13,0,1,0,0,103,11,5,15,3
10199,464,6334,300,12489,26078,253,0,0,71,16,0,2,2288,18,15,0,0,0,5,0,555,0,2,0,0,0,0,521,491,4,1,1,0,12,0,17,1,22,0,152,58,13,0,0,0,0,338,2670,1,6,8,3,818,11,26,0,0,0,0,1,0,0,0,3,0,6,0,0,0,0,1,0,0,0,0,0,0,0,1,0,1,0,1,0,0,8,5,0,0,0,0,0,0,0,13,1,0,1,0
4789,2428,8226,1099,26078,32593,12534,2,1,160,52,0,1,647,109,39,0,1,0,6,0,252,0,34,1,0,0,0,112,168,7,1,0,0,127,1,102,2,303,0,78,59,31,1,0,0,0,5716,3170,2,252,136,31,1959,299,243,0,1,0,2,23,1,0,0,68,5,39,1,1,1,0,17,1,0,0,0,0,0,9,12,0,0,11,6,0,0,50,18,1,0,10,0,1,0,0,168,20,5,20,0
675,710,9430,6663,253,12534,26817,8,72,565,278,0,2,381,129,3844,0,4,5,67,16,187,1,149,18,3,6,0,61,140,73,3,2,0,2579,97,580,17,671,2,65,84,90,14,1,0,0,3759,63,7,38,76,12,88,116,150,0,3,11,8,41,1,0,0,42,9,124,8,13,1,0,11,12,1,4,0,1,0,9,53,0,0,31,22,0,0,118,54,6,0,23,0,0,0,0,102,13,4,41,1
3,4,3,124,0,2,8,36517,2967,70,1869,225,6817,118,121,2111,1873,8902,2827,17754,242,1309,414,415,50,67,312,3,14,149,1662,194,512,1,5,20,5056,223,6,1,11,54,187,63,112,0,18,0,6,44,0,1,0,0,0,1,3,9,17,23,9,9,2,2,1,0,9,17,12,52,6,4,13,16,2,3,19,0,0,5,3,18,2,0,3,2,271,0,0,30,1,1,11,0,0,1,0,0,2,1
1,0,2,31,0,1,72,2967,40119,39,704,140,743,5,5,3260,93,59,11468,7334,16,601,240,16504,10686,27,1902,17,8,4,54,37,147,12,238,4640,10809,104,26,123,1,3,61,651,2,3,9,4,0,6,0,0,0,0,0,2,3,9,13,13,5,8,1,5,1,0,7,16,5,25,3,6,8,12,1,0,23,1,0,4,4,14,2,1,0,2,143,1,0,13,0,5,7,0,0,0,0,1,2,1
299,548,573,2031,71,160,565,70,39,31465,6623,1334,1150,326,685,1506,90,158,134,110,1765,5391,1474,37,17,64,28,1,213,382,797,924,1806,5,290,123,716,90,201,0,14013,14079,4937,53,9,1,168,123,89,4819,0,3,2,2,3,5,0,1,23,15,24,1,0,0,2,4,62,23,31,3,11,6,15,1,6,0,2,0,1,30,1,5,6,3,0,0,126,15,1,1,4,0,1,0,0,6,0,1,9,3
34,67,77,385,16,52,278,1869,704,6623,5129,12836,3039,59,49,2844,2683,1098,1963,908,2125,2154,5060,74,38,74,52,1,12,29,954,429,1034,9,189,126,561,143,220,1,20,114,528,117,6,11,209,111,9,44,1,0,0,0,1,0,0,1,18,17,14,4,1,2,1,2,19,13,13,7,15,1,11,1,6,2,3,0,0,14,0,3,2,2,0,0,110,7,1,4,3,0,1,0,0,1,0,0,3,3
0,0,0,0,0,0,0,225,140,1334,12836,15955,20674,1,2,76,12844,889,129,1211,4226,495,7613,27,162,14,158,1,6,11,376,214,6416,1,3,17,317,93,0,2,6,91,199,100,17,0,1019,0,0,30,0,0,0,0,0,0,2,2,5,4,2,3,1,1,0,0,2,4,0,33,3,1,5,11,0,2,24,0,0,0,1,13,0,0,8,0,34,0,1,5,0,0,2,0,0,0,0,0,0,0
5,3,4,27,2,1,2,6817,743,1150,3039,20674,19109,135,171,158,10853,3984,207,2590,770,422,3112,356,57,73,291,0,48,528,1160,810,8463,2,4,11,1994,427,6,0,62,731,1118,64,417,0,80,0,9,556,0,0,1,0,0,0,3,1,1,4,1,0,3,1,0,0,5,1,1,38,0,2,5,13,0,5,15,0,0,2,2,15,0,0,8,0,67,1,0,12,0,0,6,0,0,0,0,0,1,0
11100,3259,551,3302,2288,647,381,118,5,326,59,1,135,40277,4212,312,0,16,1,236,3,1109,11,14,6,37,13,1,2561,25664,244,159,72,0,327,13,252,117,340,0,489,573,826,7,25,1,2,427,16323,725,48,60,18,41,70,120,0,0,6,2,30,3,0,0,53,10,142,3,9,2,6,15,5,0,3,0,1,0,11,41,0,1,31,17,1,0,89,66,8,0,17,0,0,0,0,97,25,9,25,0
335,2208,131,11101,18,109,129,121,5,685,49,2,171,4212,19679,188,0,35,0,220,6,513,9,1,6,9,9,0,411,4182,734,73,48,0,38,1,38,73,28,0,403,1305,10317,5,14,0,0,65,57,3465,4,1,2,9,10,8,0,0,2,3,3,1,0,0,6,1,2,0,2,6,0,3,1,0,0,0,2,0,0,4,0,2,2,1,0,0,15,6,1,0,2,0,0,0,0,8,2,2,3,1
47,41,51,5664,15,39,3844,2111,3260,1506,2844,76,158,312,188,30617,37,898,4380,2220,329,661,65,1690,491,14,137,2,170,339,7498,22,29,1,2101,2675,3469,163,1001,6,159,315,4841,313,6,1,5,536,21,63,12,16,8,12,19,34,3,24,107,124,153,41,8,2,38,13,491,89,182,14,86,30,129,7,53,0,2,0,18,307,3,7,35,44,3,0,674,143,34,9,59,0,3,0,1,29,9,5,83,24
0,0,0,0,0,0,0,1873,93,90,2683,12844,10853,0,0,37,5933,3075,60,38,9163,129,472,42,10,2,10,0,2,1,1084,19,103,0,3,8,397,6,0,0,1,9,33,17,1,0,2,0,0,6,0,0,0,0,0,0,0,0,5,10,3,0,1,0,0,0,2,10,3,1,5,0,3,0,2,0,1,0,0,0,0,0,1,0,0,0,62,0,0,0,0,0,0,0,0,0,0,0,0,0
0,0,0,25,0,1,4,8902,59,158,1098,889,3984,16,35,898,3075,1780,853,259,2236,163,329,40,17,10,15,0,6,50,1589,37,82,0,8,34,870,25,5,0,7,48,333,23,7,0,11,1,0,60,0,0,0,0,0,2,0,7,15,39,20,3,3,1,0,0,18,31,19,4,18,2,32,4,6,0,3,0,0,18,1,4,0,0,3,0,175,1,2,2,0,0,3,0,1,0,0,0,4,0
0,0,1,8,0,0,5,2827,11468,134,1963,129,207,1,0,4380,60,853,6058,515,108,431,114,1137,150,9,52,0,4,4,543,17,21,2,10,1774,1755,27,5,0,0,8,149,86,0,0,7,1,1,2,0,1,0,0,1,0,3,15,58,82,39,17,6,1,3,2,41,76,48,9,38,6,36,5,11,0,7,0,1,32,1,5,0,2,1,0,392,7,5,5,3,0,1,0,2,0,0,0,7,4
21,19,8,743,5,6,67,17754,7334,110,908,1211,2590,236,220,2220,38,259,515,25047,37,1283,3146,441,5380,204,4495,3,40,217,483,995,8195,9,38,295,3271,13318,7,14,16,92,484,2268,2410,9,93,5,15,49,0,0,0,0,0,2,20,10,3,20,7,11,99,30,0,0,7,10,3,719,9,57,3,275,0,16,322,0,0,8,7,332,4,0,159,6,124,1,1,92,0,4,52,2,2,0,0,1,6,5
0,1,0,3,0,0,16,242,16,1765,2125,4226,770,3,6,329,9163,2236,108,37,11946,66,449,27,10,12,9,0,3,32,4624,86,379,0,26,94,536,24,9,0,15,213,13221,14,1,0,18,1,1,1030,0,1,0,0,0,0,0,3,14,22,11,8,1,0,0,0,17,20,15,3,8,1,14,1,5,0,1,0,0,12,0,1,0,1,0,0,135,1,1,1,1,0,2,0,0,0,0,1,3,0
1734,679,1031,601,555,252,187,1309,601,5391,2154,495,422,1109,513,661,129,163,431,1283,66,24491,3714,56,105,278,243,951,7538,2186,361,372,133,197,170,67,459,332,282,152,19903,1794,616,419,28,4580,241,91,345,83,10,20,4,26,21,33,0,0,15,10,32,6,0,0,13,11,142,5,20,6,12,19,9,4,12,14,17,0,5,81,17,5,25,17,2,18,78,49,8,7,24,24,25,2,1,24,4,1,20,6
1,2,0,9,0,0,1,414,240,1474,5060,7613,3112,11,9,65,472,329,114,3146,449,3714,26371,35,832,2578,2630,393,27,60,69,20371,7904,1514,2,8,121,3826,5,958,19,253,150,4217,541,5331,15795,0,2,44,0,1,0,0,0,0,1,1,2,1,3,1,12,1,0,1,0,0,2,102,2,59,2,73,0,135,198,6,0,2,111,91,1,0,24,155,10,0,0,236,0,188,183,13,31,0,0,0,2,0
2,2,5,16,2,34,149,415,16504,37,74,27,356,14,1,1690,42,40,1137,441,27,56,35,4303,1037,46,494,91,9,9,20,20,14,48,2221,5509,12831,62,9042,473,5,7,28,530,0,12,15,289,3,2,0,0,0,2,1,2,0,0,1,6,2,5,0,0,2,1,12,1,7,5,2,2,4,4,1,1,6,1,1,7,0,3,2,0,0,4,37,0,0,5,1,35,2,1,0,0,0,0,0,0
1,0,1,27,0,1,18,50,10686,17,38,162,57,6,6,491,10,17,150,5380,10,105,832,1037,25365,61,11023,3,1,10,15,174,794,7,51,404,328,502,5,8,1,6,19,7553,61,3,54,1,1,0,0,0,0,0,0,0,2,1,0,6,3,3,37,12,0,0,2,2,0,476,2,29,3,231,0,19,404,0,2,4,14,213,1,2,98,1,28,0,0,149,2,0,104,1,1,0,0,1,9,2
2,0,0,12,0,0,3,67,27,64,74,14,73,37,9,14,2,10,9,204,12,278,2578,46,61,17142,4135,477,8,34,6,16164,109,10546,2,1,14,12629,4,801,4,36,27,14441,986,245,1140,0,2,6,0,0,0,0,0,0,0,0,0,0,9,5,4,1,1,0,1,0,1,8,3,166,2,30,1,664,476,11,1,0,496,81,1,1,17,228,0,0,1,368,0,247,792,17,69,0,0,0,1,1
1,0,0,19,0,0,6,312,1902,28,52,158,291,13,9,137,10,15,52,4495,9,243,2630,494,11023,4135,34299,1146,5,11,19,2104,715,1239,16,77,694,3559,201,6805,0,18,27,38900,142,238,655,10,1,3,0,0,0,0,0,0,13,2,0,13,3,6,32,20,2,0,2,3,0,269,1,103,5,257,1,166,1249,26,0,5,128,293,1,0,72,39,20,0,0,471,1,471,227,2,12,0,0,0,2,1
0,1,2,3,0,0,0,3,17,1,1,1,0,1,0,2,0,0,0,3,0,951,393,91,3,477,1146,47838,82,1,0,499,1,8317,0,0,18,12,20,24545,4,2,1,473,1,31818,6132,2,1,0,0,0,0,0,0,0,0,0,0,0,0,0,0,0,0,0,0,0,0,0,0,7,0,0,0,6,32,12,0,0,11,0,0,0,0,18,0,0,0,2,0,272,13,5,7,0,0,0,0,0
1289,200,313,244,521,112,61,14,8,213,12,6,48,2561,411,170,2,6,4,40,3,7538,27,9,1,8,5,82,93636,9339,130,75,61,4,74,11,164,25,125,9,34694,743,284,5,7,299,6,46,4903,108,3,6,4,7,9,15,0,0,2,6,8,1,1,0,6,2,64,4,8,1,2,7,6,1,4,0,1,0,3,25,0,0,7,9,0,0,40,17,3,0,11,0,0,0,0,6,3,1,8,1
1944,479,696,807,491,168,140,149,4,382,29,11,528,25664,4182,339,1,50,4,217,32,2186,60,9,10,34,11,1,9339,58001,357,449,378,0,179,18,263,110,222,1,12809,9076,2139,8,33,3,9,124,4640,2192,6,16,5,16,20,24,0,0,8,6,15,1,0,2,15,3,89,2,8,3,2,11,10,0,4,0,2,0,4,36,0,0,11,14,0,0,65,31,5,2,14,0,0,0,0,30,5,3,10,3
24,8,15,726,4,7,73,1662,54,797,954,376,1160,244,734,7498,1084,1589,543,483,4624,361,69,20,15,6,19,0,130,357,16521,29,55,0,109,61,873,22,166,0,103,276,14429,13,8,0,2,31,6,267,5,8,3,9,5,12,1,6,43,45,75,11,3,2,14,8,231,31,98,4,37,16,52,1,19,1,3,0,4,170,1,3,15,18,1,0,220,66,12,1,44,0,1,0,0,10,8,7,35,5
10,6,6,38,1,1,3,194,37,924,429,214,810,159,73,22,19,37,17,995,86,372,20371,20,174,16164,2104,499,75,449,29,49665,4662,4850,4,0,19,9335,2,414,79,475,198,3013,9735,561,31227,0,3,131,0,0,0,0,0,0,0,3,0,1,5,5,20,0,0,0,1,1,0,51,1,135,1,109,1,344,428,7,0,2,284,212,2,0,56,161,9,0,2,657,0,143,436,7,33,0,0,0,2,2
1,2,1,12,1,0,2,512,147,1806,1034,6416,8463,72,48,29,103,82,21,8195,379,133,7904,14,794,109,715,1,61,378,55,4662,14364,2,4,8,276,2149,0,0,89,788,288,1117,3043,2,8522,3,3,180,0,0,0,0,0,1,1,0,0,1,1,0,16,3,0,1,0,1,0,128,3,16,1,67,0,7,71,0,0,2,3,77,0,0,34,1,24,1,0,48,0,1,34,0,0,0,0,0,1,1
0,0,0,0,0,0,0,1,12,5,9,1,2,0,0,1,0,0,2,9,0,197,1514,48,7,10546,1239,8317,4,0,0,4850,2,32202,1,0,2,17,3,11624,0,2,0,3925,1,6082,18089,1,0,0,0,0,0,0,0,0,0,0,0,0,1,0,0,0,0,0,0,0,0,0,0,100,0,0,0,85,95,43,0,0,127,2,0,0,0,457,1,0,0,5,0,667,120,32,67,0,0,0,0,0
74,43,91,269,12,127,2579,5,238,290,189,3,4,327,38,2101,3,8,10,38,26,170,2,2221,51,2,16,0,74,179,109,4,4,1,7706,5071,1566,5,12605,5,48,54,270,39,0,0,0,3119,14,21,15,14,8,5,10,30,0,2,18,8,45,2,1,0,19,6,189,5,30,1,9,10,14,1,12,0,0,0,4,61,0,2,19,15,0,0,152,53,11,0,20,0,0,0,0,20,8,2,25,3
2,3,2,13,0,1,97,20,4640,123,126,17,11,13,1,2675,8,34,1774,295,94,67,8,5509,404,1,77,0,11,18,61,0,8,0,5071,5073,2197,27,2398,2,11,27,102,212,2,0,0,20,1,6,1,0,1,0,2,3,0,3,31,32,28,9,3,1,1,2,40,28,48,3,16,6,35,1,9,0,4,0,0,42,1,5,2,1,2,0,270,13,4,9,3,0,1,0,0,0,2,0,6,2
61,34,46,197,17,102,580,5056,10809,716,561,317,1994,252,38,3469,397,870,1755,3271,536,459,121,12831,328,14,694,18,164,263,873,19,276,2,1566,2197,3002,13,7632,106,121,154,987,64,1,3,4,906,18,52,3,4,4,6,3,12,13,32,23,62,35,14,6,11,5,4,88,29,22,36,27,6,21,15,7,1,12,0,4,33,4,12,9,12,7,1,401,27,4,8,6,6,4,0,0,10,7,2,15,4
5,5,3,207,1,2,17,223,104,90,143,93,427,117,73,163,6,25,27,13318,24,332,3826,62,502,12629,3559,12,25,110,22,9335,2149,17,5,27,13,17229,3,21,15,66,162,27155,6776,17,252,0,4,34,0,0,0,0,0,0,0,1,0,11,17,12,74,6,5,0,3,8,1,243,9,223,4,380,0,206,607,3,3,6,174,504,1,2,151,22,22,0,2,962,0,15,499,3,25,0,1,0,10,3
54,33,39,125,22,303,671,6,26,201,220,0,6,340,28,1001,0,5,5,7,9,282,5,9042,5,4,201,20,125,222,166,2,0,3,12605,2398,7632,3,21378,114,64,62,305,27,0,0,2,8382,38,18,3,8,1,4,4,12,1,0,8,3,19,3,0,0,10,6,88,8,19,2,4,7,7,0,3,1,1,0,4,46,0,1,6,7,0,0,93,13,5,0,14,9,1,0,0,4,6,1,13,0
0,0,0,0,0,0,2,1,123,0,1,2,0,0,0,6,0,0,0,14,0,152,958,473,8,801,6805,24545,9,1,0,414,0,11624,5,2,106,21,114,37323,0,1,0,17646,2,4206,2289,1,0,0,0,0,0,0,0,0,0,0,0,0,0,0,0,0,0,0,0,0,0,1,0,110,3,0,0,92,232,166,0,0,117,2,0,0,0,384,0,0,0,7,0,2779,122,35,44,0,0,0,0,0
574,279,436,397,152,78,65,11,1,14013,20,6,62,489,403,159,1,7,0,16,15,19903,19,5,1,4,0,4,34694,12809,103,79,89,0,48,11,121,15,64,0,68128,6713,316,5,4,1,3,41,118,227,2,6,3,2,7,10,0,0,4,2,6,2,0,0,5,0,37,1,5,0,2,3,3,0,1,0,0,0,2,16,0,0,3,6,0,0,14,15,3,0,8,0,0,0,0,7,1,1,7,1
375,387,382,968,58,59,84,54,3,14079,114,91,731,573,1305,315,9,48,8,92,213,1794,253,7,6,36,18,2,743,9076,276,475,788,2,54,27,154,66,62,1,6713,12591,2735,5,13,2,48,28,39,6450,1,2,1,2,4,6,0,0,2,4,8,0,0,0,2,0,22,4,10,1,3,1,3,0,3,0,2,0,1,9,0,3,3,4,0,0,24,6,1,0,5,0,0,0,0,7,1,0,7,2
51,24,19,1211,13,31,90,187,61,4937,528,199,1118,826,10317,4841,33,333,149,484,13221,616,150,28,19,27,27,1,284,2139,14429,198,288,0,270,102,987,162,305,0,316,2735,30977,33,18,1,5,80,28,10700,5,3,1,2,9,16,0,3,30,27,64,13,2,0,11,1,267,22,57,3,13,17,29,0,6,0,4,0,6,146,1,4,17,13,2,0,171,45,8,3,42,0,2,0,0,9,1,5,26,7
3,0,2,25,0,1,14,63,651,53,117,100,64,7,5,313,17,23,86,2268,14,419,4217,530,7553,14441,38900,473,5,8,13,3013,1117,3925,39,212,64,27155,27,17646,5,5,33,71861,59,187,492,2,0,1,0,0,1,0,0,0,5,0,1,6,8,4,54,6,5,4,0,8,0,200,4,258,2,269,2,700,797,11,0,6,478,352,1,0,102,200,19,1,5,905,1,313,853,20,77,0,0,1,9,3
1,0,2,8,0,0,1,112,2,9,6,17,417,25,14,6,1,7,0,2410,1,28,541,0,61,986,142,1,7,33,8,9735,3043,1,0,2,1,6776,0,2,4,13,18,59,5389,1,13,0,1,9,0,0,0,0,0,0,1,0,0,1,1,0,8,2,0,0,0,0,0,44,0,12,0,36,0,4,51,0,0,0,7,30,0,0,14,0,1,0,0,45,1,0,24,0,0,0,0,0,1,0
0,0,0,0,0,0,0,0,3,1,11,0,0,1,0,1,0,0,0,9,0,4580,5331,12,3,245,238,31818,299,3,0,561,2,6082,0,0,3,17,0,4206,1,2,1,187,1,24853,13624,0,0,0,0,0,0,0,0,0,0,0,0,0,1,0,0,0,0,0,0,0,0,0,0,15,0,0,0,15,17,6,0,0,22,1,0,0,0,71,1,0,0,6,0,180,13,9,8,0,0,0,0,0
0,0,0,0,0,0,0,18,9,168,209,1019,80,2,0,5,2,11,7,93,18,241,15795,15,54,1140,655,6132,6,9,2,31227,8522,18089,0,0,4,252,2,2289,3,48,5,492,13,13624,59267,0,0,9,0,0,0,0,0,0,0,0,0,0,0,1,2,0,0,0,0,0,0,7,0,53,0,9,0,76,73,15,0,0,101,11,0,0,6,226,0,0,0,69,0,301,86,14,30,0,0,0,0,0
255,472,1138,787,338,5716,3759,0,4,123,111,0,0,427,65,536,0,1,1,5,1,91,0,289,1,0,10,2,46,124,31,0,3,1,3119,20,906,0,8382,1,41,28,80,2,0,0,0,14954,395,5,24,37,9,41,78,96,0,0,2,1,11,1,0,0,14,4,25,1,4,1,0,5,1,0,1,0,1,0,4,13,0,0,10,4,0,0,25,11,0,0,4,0,0,0,0,47,3,2,10,0
4091,286,119,264,2670,3170,63,6,0,89,9,0,9,16323,57,21,0,0,1,15,1,345,2,3,1,2,1,1,4903,4640,6,3,3,0,14,1,18,4,38,0,118,39,28,0,1,0,0,395,13617,4,2,2,1,1,7,6,0,0,0,0,2,1,0,0,2,1,2,1,1,1,0,0,0,0,0,1,0,0,0,2,0,0,1,2,0,0,6,2,0,0,1,0,0,0,0,7,1,0,4,0
8,9,10,96,1,2,7,44,6,4819,44,30,556,725,3465,63,6,60,2,49,1030,83,44,2,0,6,3,0,108,2192,267,131,180,0,21,6,52,34,18,0,227,6450,10700,1,9,0,9,5,4,9315,0,1,0,0,0,0,0,0,4,2,1,0,0,0,1,0,4,1,3,1,0,1,2,1,0,1,0,0,0,2,0,0,1,0,0,0,8,1,0,0,0,0,0,0,0,1,1,0,1,0
24,31,331,40,6,252,38,0,0,0,1,0,0,48,4,12,0,0,0,0,0,10,0,0,0,0,0,0,3,6,5,0,0,0,15,1,3,0,3,0,2,1,5,0,0,0,0,24,2,0,38139,13492,1256,16107,15006,2178,0,1,1,3,466,20,0,1,11538,125,122,1,2,107,0,762,7,1,0,1,0,0,838,4,0,1,511,8,4,0,155,121,2,8,85,0,1,0,0,366,10968,198,475,3
30,60,1505,62,8,136,76,1,0,3,0,0,0,60,1,16,0,0,1,0,1,20,1,0,0,0,0,0,6,16,8,0,0,0,14,0,4,0,8,0,6,2,3,0,0,0,0,37,2,1,13492,66432,4529,11336,2552,10652,0,1,4,3,1406,33,2,0,9767,156,70,2,2,33,1,750,10,1,1,3,0,1,370,6,2,5,827,4,4,0,148,101,6,2,56,0,2,0,0,623,747,249,1302,12
6,15,25,17,3,31,12,0,0,2,0,0,1,18,2,8,0,0,0,0,0,4,0,0,0,0,0,0,4,5,3,0,0,0,8,1,4,0,1,0,3,1,1,1,0,0,0,9,1,0,1256,4529,37436,112,315,9716,3,20,6,70,1445,103,6,0,12105,7414,7424,10,22,399,12,296,44,15,4,3,2,1,330,50,1,15,1002,255,32,0,137,182,39,24,60,0,7,0,0,184,517,146,1427,69
223,49,1258,48,818,1959,88,0,0,2,0,0,0,41,9,12,0,0,0,0,0,26,0,2,0,0,0,0,7,16,9,0,0,0,5,0,6,0,4,0,2,2,2,0,0,0,0,41,1,0,16107,11336,112,28117,14637,15647,0,0,0,1,387,2,1,0,469,20,14,0,1,15,1,331,3,1,0,0,0,1,140,1,1,1,291,0,1,0,52,50,1,2,20,0,0,0,0,294,249,105,348,0
52,86,231,84,11,299,116,0,0,3,1,0,0,70,10,19,0,0,1,0,0,21,0,1,0,0,0,0,9,20,5,0,0,0,10,2,3,0,4,0,7,4,9,0,0,0,0,78,7,0,15006,2552,315,14637,22591,7673,1,0,0,2,392,27,1,0,1339,32,105,1,1,24,3,159,30,3,0,0,0,2,116,2,0,1,246,0,0,0,201,394,2,1,681,0,0,0,0,8385,6567,71,281,2
65,112,245,131,26,243,150,1,2,5,0,0,0,120,8,34,0,2,0,2,0,33,0,2,0,0,0,0,15,24,12,0,1,0,30,3,12,0,12,0,10,6,16,0,0,0,0,96,6,0,2178,10652,9716,15647,7673,45287,0,9,11,76,1795,157,14,7,2256,93,3948,4,25,311,18,340,137,24,6,0,7,1,141,19,1,10,329,25,3,0,505,1263,13,14,284,0,9,0,0,2395,317,157,898,23
0,0,0,0,0,0,0,3,3,0,0,2,3,0,0,3,0,0,3,20,0,0,1,0,2,0,13,0,0,0,1,0,1,0,0,0,13,0,1,0,0,0,0,5,1,0,0,0,0,0,0,0,3,0,1,0,3561,3569,189,532,19,128,56,5230,12,18,21,2478,12,3421,19,110,153,95,18,79,156,0,4,261,14,2117,6,7,403,2,1022,2,33,78,0,1,16,2,2,0,0,0,19,22
0,0,0,0,0,1,3,9,9,1,1,2,1,0,0,24,0,7,15,10,3,0,1,0,1,0,2,0,0,0,6,3,0,0,2,3,32,1,0,0,0,0,3,0,0,0,0,0,0,0,1,1,20,0,0,9,3569,22175,10127,3731,85,1076,192,2227,47,42,733,9420,394,11058,44,753,1423,107,5,9,113,2,31,1423,27,289,25,61,56,4,3926,8,3,65,6,6,41,7,5,2,9,2,17,9
0,1,1,8,0,0,11,17,13,23,18,5,1,6,2,107,5,15,58,3,14,15,2,1,0,0,0,0,2,8,43,0,0,0,18,31,23,0,8,0,4,2,30,1,0,0,0,2,0,4,1,4,6,0,0,11,189,10127,4972,5955,629,1778,214,180,11,9,699,2524,2814,683,201,894,179,18,211,15,24,1,19,5537,20,99,3,12,70,1,1007,13,6,46,16,0,22,2,9,6,3,0,8,10
1,0,1,5,0,2,8,23,13,15,17,4,4,2,3,124,10,39,82,20,22,10,1,6,6,0,13,0,6,6,45,1,1,0,8,32,62,11,3,0,2,4,27,6,1,0,0,1,0,2,3,3,70,1,2,76,532,3731,5955,46545,593,2045,551,601,26,8,3478,678,3331,10425,422,1053,24746,11066,34,16,670,5,48,88,37,511,12,43,30,4,8766,71,19,111,33,1,183,13,11,10,7,1,47,32
12,12,36,25,1,23,41,9,5,24,14,2,1,30,3,153,3,20,39,7,11,32,3,2,3,9,3,0,8,15,75,5,1,1,45,28,35,17,19,0,6,8,64,8,1,1,0,11,2,1,466,1406,1445,387,392,1795,19,85,629,593,24851,4908,993,342,1072,934,2493,690,657,323,5858,1870,634,98,935,129,156,7,611,372,252,781,621,365,144,19,1396,918,775,367,866,17,233,49,36,418,335,26704,43913,3816
2,0,0,3,0,1,1,9,8,1,4,3,0,3,1,41,0,3,17,11,8,6,1,5,3,5,6,0,1,1,11,5,0,0,2,9,14,12,3,0,2,0,13,4,0,0,1,1,1,0,20,33,103,2,27,157,128,1076,1778,2045,4908,8493,8218,2923,56,60,1284,3801,995,762,9070,7386,553,390,342,46,113,2,10,235,127,1886,19,46,31,8,626,156,156,147,198,11,139,30,29,72,7,8,201,507
0,0,0,0,0,0,0,2,1,0,1,1,3,0,0,8,1,3,6,99,1,0,12,0,37,4,32,0,1,0,3,20,16,0,1,3,6,74,0,0,0,0,2,54,8,0,2,0,0,0,0,2,6,1,1,14,56,192,214,551,993,8218,15932,15489,9,37,87,7977,45,949,4646,8403,117,1009,127,50,262,2,6,104,253,13262,2,11,100,8,160,14,89,433,10,10,506,59,127,4,2,3,102,198
0,0,0,0,0,0,0,2,5,0,2,1,1,0,0,2,0,1,1,30,0,0,1,0,12,1,20,0,0,2,2,0,3,0,0,1,11,6,0,0,0,0,0,6,2,0,0,0,0,0,1,0,0,0,0,7,5230,2227,180,601,342,2923,15489,10816,6,19,49,12208,14,1490,1446,1455,95,333,87,18,193,2,9,86,70,10800,5,17,77,3,488,9,51,70,5,3,53,24,28,2,1,1,40,87
20,37,61,38,3,68,42,1,1,2,1,0,0,53,6,38,0,0,3,0,0,13,0,2,0,1,2,0,6,15,14,0,0,0,19,1,5,5,10,0,5,2,11,5,0,0,0,14,2,1,11538,9767,12105,469,1339,2256,12,47,11,26,1072,56,9,6,46713,7430,996,13,12,1587,16,719,33,13,44,38,7,0,4698,239,8,125,20779,554,244,0,488,339,342,168,295,1,19,1,2,450,9754,330,3277,1005
5,2,6,6,0,5,9,0,0,4,2,0,0,10,1,13,0,0,2,0,0,11,1,1,0,0,0,0,2,3,8,0,1,0,6,2,4,0,6,0,0,0,1,4,0,0,0,4,1,0,125,156,7414,20,32,93,18,42,9,8,934,60,37,19,7430,23575,2278,85,10,760,117,193,22,7,119,40,4,0,241,1021,23,218,1523,3785,239,0,150,96,4013,136,99,2,16,2,0,48,218,97,3273,10409
37,30,30,61,6,39,124,9,7,62,19,2,5,142,2,491,2,18,41,7,17,142,0,12,2,1,2,0,64,89,231,1,0,0,189,40,88,3,88,0,37,22,267,0,0,0,0,25,2,4,122,70,7424,14,105,3948,21,733,699,3478,2493,1284,87,49,996,2278,44401,335,7438,1369,471,581,1799,96,204,11,20,2,150,7667,12,60,590,4925,76,2,3620,5480,217,49,826,2,36,2,3,491,181,103,922,232
1,0,1,6,0,1,8,17,16,23,13,4,1,3,0,89,10,31,76,10,20,5,0,1,2,0,3,0,4,2,31,1,1,0,5,28,29,8,8,0,1,4,22,8,0,0,0,1,1,1,1,2,10,0,1,4,2478,9420,2524,678,690,3801,7977,12208,13,85,335,11909,515,384,9167,1014,379,63,2877,65,47,2,4,7201,75,1538,14,93,228,5,946,17,449,94,24,3,42,14,14,3,2,4,88,306
0,1,4,13,0,1,13,12,5,31,13,0,1,9,2,182,3,19,48,3,15,20,2,7,0,1,0,0,8,8,98,0,0,0,30,48,22,1,19,0,5,10,57,0,0,0,0,4,1,3,2,2,22,1,1,25,12,394,2814,3331,657,995,45,14,12,10,7438,515,6310,215,249,238,4520,18,65,2,7,1,5,1380,8,23,20,22,25,0,1385,2014,26,12,447,0,11,1,0,7,3,5,70,38
0,0,1,3,0,1,1,52,25,3,7,33,38,2,6,14,1,4,9,719,3,6,102,5,476,8,269,0,1,3,4,51,128,0,1,3,36,243,2,1,0,1,3,200,44,0,7,1,1,1,107,33,399,15,24,311,3421,11058,683,10425,323,762,949,1490,1587,760,1369,384,215,25498,109,2402,418,9943,50,488,3076,9,213,2351,157,15865,987,323,11519,31,2131,68,104,2790,27,20,874,38,31,17,236,63,699,193
0,0,0,3,0,0,0,6,3,11,15,3,0,6,0,86,5,18,38,9,8,12,2,2,2,3,1,0,2,2,37,1,3,0,9,16,27,9,4,0,2,3,13,4,0,0,0,0,0,0,0,1,12,1,3,18,19,44,201,422,5858,9070,4646,1446,16,117,471,9167,249,109,22143,1446,573,57,10518,66,59,2,4,1872,168,1035,28,71,43,4,841,95,1493,129,141,5,102,24,24,12,2,11,527,7228
7,8,23,9,1,17,11,4,6,6,1,1,2,15,3,30,0,2,6,57,1,19,59,2,29,166,103,7,7,11,16,135,16,100,10,6,6,223,7,110,3,1,17,258,12,15,53,5,0,1,762,750,296,331,159,340,110,753,894,1053,1870,7386,8403,1455,719,193,581,1014,238,2402,1446,47594,169,1941,247,1099,2485,1569,4302,173,15165,25052,2379,78,316,1484,354,206,152,1900,188,1578,2926,9487,7583,74,1308,2668,1738,363
0,2,2,7,0,1,12,13,8,15,11,5,5,5,1,129,3,32,36,3,14,9,2,4,3,2,5,0,6,10,52,1,1,0,14,35,21,4,7,3,3,3,29,2,0,0,0,1,0,2,7,10,44,3,30,137,153,1423,179,24746,634,553,117,95,33,22,1799,379,4520,418,573,169,7661,2679,95,9,446,0,10,114,15,67,22,11,10,5,12358,4525,39,61,2237,6,181,1,3,129,10,7,97,70
0,0,1,0,0,0,1,16,12,1,1,11,13,0,0,7,0,4,5,275,1,4,73,4,231,30,257,0,1,0,1,109,67,0,1,1,15,380,0,0,0,0,0,269,36,0,9,0,0,1,1,1,15,1,3,24,95,107,18,11066,98,390,1009,333,13,7,96,63,18,9943,57,1941,2679,32578,14,240,14623,12,10,13,304,2102,8,4,193,65,1136,20,5,2748,14,154,3156,24,50,4,4,0,26,14
2,1,2,3,0,0,4,2,1,6,6,0,0,3,0,53,2,6,11,0,5,12,0,1,0,1,1,0,4,4,19,1,0,0,12,9,7,0,3,0,1,3,6,2,0,0,0,1,0,0,0,1,4,0,0,6,18,5,211,34,935,342,127,87,44,119,204,2877,65,50,10518,247,95,14,8847,25,14,1,11,5912,61,428,65,105,51,4,257,80,4423,60,117,3,34,7,9,7,1,9,484,2362
0,0,0,1,0,0,0,3,0,0,2,2,5,0,0,0,0,0,0,16,0,14,135,1,19,664,166,6,0,0,1,344,7,85,0,0,1,206,1,92,0,0,0,700,4,15,76,0,1,1,1,3,3,0,0,0,79,9,15,16,129,46,50,18,38,40,11,65,2,488,66,1099,9,240,25,15345,3405,95,3,56,23460,1683,43,13,7095,2738,24,0,38,17152,3,800,19966,148,227,2,4,2,144,77
0,0,2,2,0,0,1,19,23,2,3,24,15,1,2,2,1,3,7,322,1,17,198,6,404,476,1249,32,1,2,3,428,71,95,0,4,12,607,1,232,0,2,4,797,51,17,73,1,0,0,0,0,2,0,0,7,156,113,24,670,156,113,262,193,7,4,20,47,7,3076,59,2485,446,14623,14,3405,30367,473,5,22,3000,2261,4,4,654,1376,225,1,9,5352,28,7027,26758,332,429,3,1,0,45,32
0,0,0,0,0,0,0,0,1,0,0,0,0,0,0,0,0,0,0,0,0,0,6,1,0,11,26,12,0,0,0,7,0,43,0,0,0,3,0,166,0,0,0,11,0,6,15,0,0,0,0,1,1,1,2,1,0,2,1,5,7,2,2,2,0,0,2,2,1,9,2,1569,0,12,1,95,473,37311,22,2,299,16,2,0,2,9036,3,0,2,94,0,30183,234,21852,1010,1,3,2,0,1
3,8,7,10,0,9,9,0,0,1,0,0,0,11,0,18,0,0,1,0,0,5,0,1,2,1,0,0,3,4,4,0,0,0,4,0,4,3,4,0,2,1,6,0,0,0,0,4,0,0,838,370,330,140,116,141,4,31,19,48,611,10,6,9,4698,241,150,4,5,213,4,4302,10,10,11,3,5,22,96709,31,4,23,16957,57,31,0,142,88,50,34,70,2,5,13,1,53,8003,30121,1385,21
15,3,10,25,1,12,53,5,4,30,14,0,2,41,4,307,0,18,32,8,12,81,2,7,4,0,5,0,25,36,170,2,2,0,61,42,33,6,46,0,16,9,146,6,0,0,0,13,2,2,4,6,50,1,2,19,261,1423,5537,88,372,235,104,86,239,1021,7667,7201,1380,2351,1872,173,114,13,5912,56,22,2,31,11635,21,330,189,3308,718,1,764,178,1461,207,210,1,13,2,1,29,16,19,377,317
0,0,0,0,0,0,0,3,4,1,0,1,2,0,0,3,0,1,1,7,0,17,111,0,14,496,128,11,0,0,1,284,3,127,0,1,4,174,0,117,0,0,1,478,7,22,101,0,0,0,0,2,1,1,0,1,14,27,20,37,252,127,253,70,8,23,12,75,8,157,168,15165,15,304,61,23460,3000,299,4,21,27809,5958,16,10,806,11889,18,1,31,2820,3,717,2529,1734,21927,1,1,4,102,96
1,0,0,1,1,0,0,18,14,5,3,13,15,1,2,7,0,4,5,332,1,5,91,3,213,81,293,0,0,0,3,212,77,2,2,5,12,504,1,2,0,3,4,352,30,1,11,0,0,0,1,5,15,1,1,10,2117,289,99,511,781,1886,13262,10800,125,218,60,1538,23,15865,1035,25052,67,2102,428,1683,2261,16,23,330,5958,32423,110,99,9386,99,291,12,340,5033,13,65,2357,279,5317,0,15,21,643,733
7,13,23,21,0,11,31,2,2,6,2,0,0,31,2,35,1,0,0,4,0,25,1,2,1,1,1,0,7,11,15,2,0,0,19,2,9,1,6,0,3,3,17,1,0,0,0,10,1,1,511,827,1002,291,246,329,6,25,3,12,621,19,2,5,20779,1523,590,14,20,987,28,2379,22,8,65,43,4,2,16957,189,16,110,69597,394,215,2,546,312,332,157,255,0,20,3,1,137,4238,14272,26297,199
6,4,7,8,1,6,22,0,1,3,2,0,0,17,1,44,0,0,2,0,1,17,0,0,2,1,0,0,9,14,18,0,0,0,15,1,12,2,7,0,6,4,13,0,0,0,0,4,2,0,8,4,255,0,0,25,7,61,12,43,365,46,11,17,554,3785,4925,93,22,323,71,78,11,4,105,13,4,0,57,3308,10,99,394,8378,81,0,429,157,5791,44,133,0,5,1,2,33,30,26,829,642
0,1,0,1,0,0,0,3,0,0,0,8,8,1,0,3,0,3,1,159,0,2,24,0,98,17,72,0,0,0,1,56,34,0,0,2,7,151,0,0,0,0,2,102,14,0,6,0,0,0,4,4,32,1,0,3,403,56,70,30,144,31,100,77,244,239,76,228,25,11519,43,316,10,193,51,7095,654,2,31,718,806,9386,215,81,20400,77,28,5,66,12109,2,7,294,5,14,0,27,8,369,146
0,0,0,0,0,0,0,2,2,0,0,0,0,0,0,0,0,0,0,6,0,18,155,4,1,228,39,18,0,0,0,161,1,457,0,0,1,22,0,384,0,0,0,200,0,71,226,0,0,0,0,0,0,0,0,0,2,4,1,4,19,8,8,3,0,0,2,5,0,31,4,1484,5,65,4,2738,1376,9036,0,1,11889,99,2,0,77,28746,3,0,2,711,4,12698,5857,12487,5682,0,0,0,7,7
29,43,43,82,8,50,118,271,143,126,110,34,67,89,15,674,62,175,392,124,135,78,10,37,28,0,20,0,40,65,220,9,24,1,152,270,401,22,93,0,14,24,171,19,1,1,0,25,6,8,155,148,137,52,201,505,1022,3926,1007,8766,1396,626,160,488,488,150,3620,946,1385,2131,841,354,12358,1136,257,24,225,3,142,764,18,291,546,429,28,3,6667,3421,241,79,8258,2,72,1,5,1866,192,85,603,192
11,18,16,17,5,18,54,0,1,15,7,0,1,66,6,143,0,1,7,1,1,49,0,0,0,0,0,0,17,31,66,0,1,0,53,13,27,0,13,0,15,6,45,1,0,0,0,11,2,1,121,101,182,50,394,1263,2,8,13,71,918,156,14,9,339,96,5480,17,2014,68,95,206,4525,20,80,0,1,0,88,178,1,12,312,157,5,0,3421,10977,87,4,7664,0,7,0,0,2705,128,51,444,84
2,1,0,2,0,1,6,0,0,1,1,1,0,8,1,34,0,2,5,1,1,8,0,0,0,1,0,0,3,5,12,2,0,0,11,4,4,2,5,0,3,1,8,5,0,0,0,0,0,0,2,6,39,1,2,13,33,3,6,19,775,156,89,51,342,4013,217,449,26,104,1493,152,39,5,4423,38,9,2,50,1461,31,340,332,5791,66,2,241,87,12252,70,96,0,19,4,8,5,25,39,2417,5888
0,0,0,1,0,0,0,30,13,1,4,5,12,0,0,9,0,2,5,92,1,7,236,5,149,368,471,2,0,2,1,657,48,5,0,9,8,962,0,7,0,0,3,905,45,6,69,0,0,0,8,2,24,2,1,14,78,65,46,111,367,147,433,70,168,136,49,94,12,2790,129,1900,61,2748,60,17152,5352,94,34,207,2820,5033,157,44,12109,711,79,4,70,38050,7,264,29236,112,146,1,28,13,358,167
4,7,8,13,0,10,23,1,0,4,3,0,0,17,2,59,0,0,3,0,1,24,0,1,2,0,1,0,11,14,44,0,0,0,20,3,6,0,14,0,8,5,42,1,1,0,0,4,1,0,85,56,60,20,681,284,0,6,16,33,866,198,10,5,295,99,826,24,447,27,141,188,2237,14,117,3,28,0,70,210,3,13,255,133,2,4,8258,7664,96,7,12318,1,5,1,0,9572,190,45,382,108
0,0,0,0,0,0,0,1,5,0,0,0,0,0,0,0,0,0,0,4,0,24,188,35,0,247,471,272,0,0,0,143,1,667,0,0,6,15,9,2779,0,0,0,313,0,180,301,0,0,0,0,0,0,0,0,0,1,6,0,1,17,11,10,3,1,2,2,3,0,20,5,1578,6,154,3,800,7027,30183,2,1,717,65,0,0,7,12698,2,0,0,264,1,46470,17091,5042,936,0,0,0,3,3
0,0,0,1,0,1,0,11,7,1,1,2,6,0,0,3,0,3,1,52,2,25,183,2,104,792,227,13,0,0,1,436,34,120,0,1,4,499,1,122,0,0,2,853,24,13,86,0,0,0,1,2,7,0,0,9,16,41,22,183,233,139,506,53,19,16,36,42,11,874,102,2926,181,3156,34,19966,26758,234,5,13,2529,2357,20,5,294,5857,72,7,19,29236,5,17091,40837,326,585,1,2,6,79,50
0,0,0,0,0,0,0,0,0,0,0,0,0,0,0,0,0,0,0,2,0,2,13,1,1,17,2,5,0,0,0,7,0,32,0,0,0,3,0,35,0,0,0,20,0,9,14,0,0,0,0,0,0,0,0,0,2,7,2,13,49,30,59,24,1,2,2,14,1,38,24,9487,1,24,7,148,332,21852,13,2,1734,279,3,1,5,12487,1,0,4,112,1,5042,326,37150,10961,0,0,1,7,6
0,0,0,0,0,0,0,0,0,0,0,0,0,0,0,1,0,1,2,2,0,1,31,0,1,69,12,7,0,0,0,33,0,67,0,0,0,25,0,44,0,0,0,77,0,8,30,0,0,0,0,0,0,0,0,0,2,5,9,11,36,29,127,28,2,0,3,14,0,31,24,7583,3,50,9,227,429,1010,1,1,21927,5317,1,2,14,5682,5,0,8,146,0,936,585,10961,11641,0,0,0,14,6
51,82,155,103,13,168,102,1,0,6,1,0,0,97,8,29,0,0,0,0,0,24,0,0,0,0,0,0,6,30,10,0,0,0,20,0,10,0,4,0,7,7,9,0,0,0,0,47,7,1,366,623,184,294,8385,2395,0,2,6,10,418,72,4,2,450,48,491,3,7,17,12,74,129,4,7,2,3,1,53,29,1,0,137,33,0,0,1866,2705,5,1,9572,0,1,0,0,10932,520,29,129,8
3,9,17,11,1,20,13,0,0,0,0,0,0,25,2,9,0,0,0,0,0,4,0,0,0,0,0,0,3,5,8,0,0,0,8,2,7,1,6,0,1,1,1,0,0,0,0,3,1,1,10968,747,517,249,6567,317,0,9,3,7,335,7,2,1,9754,218,181,2,3,236,2,1308,10,4,1,4,1,3,8003,16,1,15,4238,30,27,0,192,128,25,28,190,0,2,0,0,520,40493,452,1124,5
1,2,4,5,0,5,4,0,1,1,0,0,0,9,2,5,0,0,0,1,1,1,0,0,1,0,0,0,1,3,7,0,0,0,2,0,2,0,1,0,1,0,5,1,0,0,0,2,0,0,198,249,146,105,71,157,0,2,0,1,26704,8,3,1,330,97,103,4,5,63,11,2668,7,0,9,2,0,2,30121,19,4,21,14272,26,8,0,85,51,39,13,45,0,6,1,0,29,452,42763,2432,37
9,18,28,15,1,20,41,2,2,9,3,0,1,25,3,83,0,4,7,6,3,20,2,0,9,1,2,0,8,10,35,2,1,0,25,6,15,10,13,0,7,7,26,9,1,0,0,10,4,1,475,1302,1427,348,281,898,19,17,8,47,43913,201,102,40,3277,3273,922,88,70,699,527,1738,97,26,484,144,45,0,1385,377,102,643,26297,829,369,7,603,444,2417,358,382,3,79,7,14,129,1124,2432,32847,6649
0,0,1,3,0,0,1,1,1,3,3,0,0,0,1,24,0,0,4,5,0,6,0,0,2,1,1,0,1,3,5,2,1,0,3,2,4,3,0,0,1,2,7,3,0,0,0,0,0,0,3,12,69,0,2,23,22,9,10,32,3816,507,198,87,1005,10409,232,306,38,193,7228,363,70,14,2362,77,32,1,21,317,96,733,199,642,146,7,192,84,5888,167,108,3,50,6,6,8,5,37,6649,10561
