14485,3564,11107,3291,10379,2686,1205,10,6,75,5,0,0,13842,71,233,0,1,3,29,1,610,1,1,4,19,12,11,648,430,10,4,7,29,40,2,15,65,18,17,420,82,28,21,19,8,6,70,1959,1,18,137,4,24,65,25,1,0,1,1,1,0,0,0,8,2,14,0,3,1,0,3,0,0,1,0,0,0,5,1,0,1,4,1,1,0,9,52,0,0,12,0,0,0,0,87,10,2,6,0
3564,32053,13319,17353,364,2027,2278,4,4,352,9,0,1,5419,2330,291,0,0,1,10,0,889,0,2,8,12,9,1,173,363,9,3,5,6,74,6,8,26,32,5,488,462,21,20,15,2,4,105,194,17,56,44,14,55,156,74,0,0,0,2,4,0,0,0,21,2,34,0,2,2,1,5,1,2,0,0,2,0,6,0,0,0,12,0,0,0,15,111,0,3,16,0,0,0,0,279,12,3,3,0
11107,13319,30959,8846,4431,7644,9480,2,3,191,1,1,0,613,10,137,0,0,3,2,2,1316,0,1,0,4,4,6,443,624,9,2,4,6,58,6,6,5,91,1,706,378,12,8,4,7,2,107,263,4,283,1478,12,3094,300,88,0,0,0,1,3,1,0,0,35,3,21,0,2,1,1,19,0,1,1,0,0,1,48,0,0,0,39,1,0,0,12,105,0,0,8,0,0,5,1,224,68,25,11,1
3291,17353,8846,50254,1014,2479,21783,35,57,477,30,3,7,6811,16761,7432,3,6,26,117,5,712,12,10,34,78,81,21,291,652,212,23,38,76,185,31,17,232,56,37,493,465,667,169,81,7,11,289,352,62,78,103,24,83,309,151,0,0,1,6,6,2,1,0,25,8,59,0,10,4,0,6,2,5,1,0,0,1,12,0,0,1,12,1,6,0,18,222,3,1,35,0,1,0,0,623,40,7,7,3
10379,364,4431,1014,17331,16272,1184,4,4,40,5,0,0,3900,35,173,0,1,0,10,0,223,2,1,2,8,11,10,265,135,24,2,4,14,62,6,15,46,52,11,174,40,15,27,13,1,5,509,2896,0,13,66,7,18,43,28,0,0,1,0,2,0,1,0,9,3,17,0,0,1,0,2,0,2,0,0,1,0,7,0,0,0,2,0,0,0,5,58,0,0,8,0,1,0,0,70,8,2,4,0
2686,2027,7644,2479,16272,22901,24129,1,9,63,4,0,0,908,231,742,0,0,2,2,0,321,1,4,3,4,110,4,202,276,12,2,1,4,630,6,86,3,435,11,186,52,57,8,1,5,2,5612,2437,0,30,64,8,1861,290,586,0,0,0,0,0,0,0,0,11,1,22,1,2,1,0,2,0,1,0,0,1,0,5,0,0,0,8,1,0,0,11,59,1,0,6,0,0,0,0,224,15,2,3,0
1205,2278,9480,21783,1184,24129,26427,3,83,334,39,2,2,707,85,5681,3,2,32,20,6,413,4,56,81,28,122,4,151,316,166,4,12,10,2438,98,114,39,638,12,237,171,184,48,8,5,2,2155,163,4,158,151,49,569,722,335,2,1,0,12,13,4,1,0,67,13,115,0,44,4,0,11,5,5,0,0,1,2,22,2,0,0,22,7,0,2,54,431,1,4,61,0,2,0,0,1327,68,9,14,0
10,4,2,35,4,1,3,28788,4151,188,1219,277,4749,402,337,621,1010,8452,1935,6045,53,1079,131,165,47,7,39,7,19,143,1785,24,1432,11,24,115,430,188,69,5,32,51,920,21,517,33,33,4,19,286,0,0,0,0,1,1,33,109,63,673,16,14,9,18,4,2,6,66,124,24,32,19,117,27,28,2,2,1,2,17,3,10,8,4,3,0,71,40,9,7,14,0,4,0,1,0,0,3,12,8
6,4,3,57,4,9,83,4151,36165,170,818,607,1653,209,194,956,424,261,6904,6600,90,878,343,9445,10013,33,3926,8,15,31,383,86,1333,15,842,2787,3969,159,508,14,24,26,349,119,234,36,80,111,15,24,2,0,10,1,4,3,647,724,224,5187,47,88,92,279,27,21,37,290,308,629,103,89,1014,664,61,10,33,0,4,47,4,88,16,23,26,7,459,98,9,32,46,2,20,5,7,2,5,9,26,22
75,352,191,477,40,63,334,188,170,37225,3046,5450,470,397,198,1264,1052,114,361,106,2645,4514,962,87,144,172,350,108,93,300,577,1516,1590,123,732,690,274,200,647,48,10007,20029,1602,426,333,282,724,260,47,8544,4,5,7,1,10,10,4,4,13,41,32,5,3,2,12,29,80,7,180,10,13,31,15,9,21,6,12,1,7,13,4,9,20,9,11,2,54,155,18,13,77,1,7,1,4,13,8,11,22,17
5,9,1,30,5,4,39,1219,818,3046,10298,13666,1000,73,42,542,1436,221,1063,643,1659,4634,4167,50,222,47,287,70,33,25,279,258,2094,53,213,571,117,91,191,31,20,60,280,282,60,659,526,29,9,17,0,0,1,2,4,2,5,5,13,41,17,3,2,1,3,4,18,4,61,15,6,17,9,18,9,3,8,2,5,5,3,7,2,5,8,1,11,36,7,8,21,1,8,0,0,4,3,11,15,9
0,0,1,3,0,0,2,277,607,5450,13666,32122,13540,19,9,30,6885,402,81,373,9419,1842,3684,63,474,14,232,22,10,41,177,140,16364,14,23,55,140,42,46,10,22,86,164,85,37,204,219,0,2,8,0,0,1,0,0,0,10,20,7,88,3,3,3,2,1,1,3,7,26,54,3,4,10,26,5,0,3,0,0,1,1,6,2,0,6,1,8,9,2,7,5,0,3,0,1,0,1,1,1,0
0,1,0,7,0,0,2,4749,1653,470,1000,13540,18714,92,15,65,16495,2497,160,1780,677,390,419,189,125,23,80,4,25,319,618,227,30015,14,17,45,428,38,27,1,60,181,379,41,1061,42,90,3,6,124,1,0,0,0,1,0,28,76,31,407,10,8,6,5,1,1,2,34,28,23,12,9,69,19,4,1,2,0,1,7,1,4,0,1,5,0,46,12,1,2,5,2,2,0,0,0,1,0,2,3
13842,5419,613,6811,3900,908,707,402,209,397,73,19,92,70485,11756,1845,11,56,121,640,33,795,65,9,106,399,158,121,3864,18331,704,358,235,432,599,135,131,1353,289,199,1214,407,1112,473,889,28,132,348,15608,3568,48,27,29,24,137,66,3,4,1,24,23,3,1,1,77,28,162,0,42,18,1,23,4,52,2,0,7,0,20,3,2,13,27,19,14,2,139,413,6,14,160,0,7,0,0,163,54,19,20,2
71,2330,10,16761,35,231,85,337,194,198,42,9,15,11756,12677,4014,3,42,128,385,13,291,23,6,55,106,66,21,179,1599,619,40,68,87,104,57,12,499,26,26,243,282,2956,164,330,4,18,34,150,5157,3,2,2,4,15,13,7,8,0,8,2,1,1,4,5,3,17,2,4,12,1,6,3,10,0,1,1,0,1,0,0,3,2,2,5,0,9,36,2,5,12,0,2,0,0,33,5,0,2,0
233,291,137,7432,173,742,5681,621,956,1264,542,30,65,1845,4014,31313,35,434,8002,648,119,614,51,70,324,155,277,21,135,657,17932,57,146,155,2237,3660,202,474,385,66,380,365,13274,360,183,8,28,1041,154,95,153,42,66,98,440,200,14,5,14,68,80,4,4,2,125,79,322,9,224,26,13,43,20,27,32,0,6,1,39,28,1,17,68,51,9,1,147,793,39,9,218,1,4,6,1,757,80,35,73,34
0,0,0,3,0,0,3,1010,424,1052,1436,6885,16495,11,3,35,4798,745,191,57,7043,146,289,85,40,6,26,8,1,38,373,103,852,5,25,76,169,9,44,2,17,48,470,14,61,33,56,5,1,12,0,0,1,0,0,1,1,14,13,44,7,3,1,0,0,0,5,17,29,3,9,3,26,6,8,0,1,0,3,3,0,3,2,0,3,0,6,18,0,3,5,0,2,0,1,0,0,0,2,1
1,0,0,6,1,0,2,8452,261,114,221,402,2497,56,42,434,745,3449,1103,408,254,53,83,47,23,14,14,3,11,83,1462,138,676,7,22,109,93,91,78,2,28,59,669,21,437,3,35,1,3,112,0,0,5,0,0,0,1,4,16,53,20,2,2,0,3,3,6,7,83,5,9,6,11,3,15,0,2,1,2,4,1,2,7,2,0,0,14,36,9,4,4,0,1,0,0,0,0,4,7,10
3,1,3,26,0,2,32,1935,6904,361,1063,81,160,121,128,8002,191,1103,7192,1030,162,223,48,691,515,16,81,2,15,69,2301,16,120,12,266,4438,446,131,289,2,58,64,678,51,126,3,4,2,10,47,1,1,6,0,1,6,22,29,70,272,106,19,6,4,14,42,74,26,506,38,66,37,68,25,81,2,3,2,16,47,1,18,49,27,9,0,67,254,49,7,59,3,6,0,3,2,9,20,101,51
29,10,2,117,10,2,20,6045,6600,106,643,373,1780,640,385,648,57,408,1030,35078,32,991,763,53,6599,151,1162,15,51,263,782,161,6938,48,79,216,230,4352,25,9,52,80,703,1435,10134,64,96,3,34,230,2,0,4,0,1,1,456,232,29,1615,9,52,112,199,27,21,19,23,101,1179,10,119,316,1519,8,6,55,0,2,8,6,210,18,12,93,8,62,29,3,80,5,1,75,5,11,2,3,1,9,4
1,0,2,5,0,0,6,53,90,2645,1659,9419,677,33,13,119,7043,254,162,32,7185,176,319,54,43,53,47,18,22,290,1599,345,966,21,95,250,144,48,236,11,107,1643,9212,51,144,26,140,13,3,3981,0,0,3,0,0,0,1,1,11,31,18,4,1,0,2,4,13,6,98,3,6,5,7,4,9,1,4,0,3,3,1,2,7,2,3,0,21,35,10,3,11,0,1,0,0,0,1,4,12,1
610,889,1316,712,223,321,413,1079,878,4514,4634,1842,390,795,291,614,146,53,223,991,176,16003,7171,20,601,260,645,1014,3123,890,706,541,787,334,310,266,139,226,311,397,19767,2589,918,1167,210,3922,1427,74,57,136,4,11,2,3,17,11,8,6,0,39,25,8,4,4,18,27,74,3,93,28,6,36,9,44,9,19,22,4,8,6,9,15,23,24,15,10,35,142,13,20,65,8,25,1,0,15,14,7,24,11
1,0,0,12,2,1,4,131,343,962,4167,3684,419,65,23,51,289,83,48,763,319,7171,10828,18,2209,372,3742,466,264,59,64,2158,6171,231,51,54,57,821,34,159,90,70,73,1914,309,5084,5723,20,7,11,0,0,0,0,1,1,22,12,1,47,5,6,9,8,2,0,1,2,12,110,1,83,8,164,5,41,110,2,0,1,23,93,2,0,109,29,5,3,2,125,1,10,73,0,10,1,0,0,1,2
1,2,1,10,1,4,56,165,9445,87,50,63,189,9,6,70,85,47,691,53,54,20,18,3810,457,12,1494,0,2,14,35,11,63,14,862,2965,3550,6,3956,24,6,6,38,34,14,6,7,105,0,4,0,0,1,0,0,2,32,106,40,535,27,9,10,13,3,2,16,59,177,43,41,13,107,28,28,0,4,0,3,22,0,9,9,4,5,2,91,73,10,8,28,0,1,2,1,3,1,10,16,9
4,8,0,34,2,3,81,47,10013,144,222,474,125,106,55,324,40,23,515,6599,43,601,2209,457,11544,194,8124,15,27,139,59,275,4557,63,409,813,196,1692,154,17,39,54,68,2585,1224,113,292,41,12,21,1,1,6,2,2,1,387,131,35,1073,17,54,143,164,23,25,21,28,123,1509,11,178,200,2338,15,21,110,3,3,12,5,325,15,19,287,9,49,30,13,162,15,7,155,5,12,2,6,2,8,4
19,12,4,78,8,4,28,7,33,172,47,14,23,399,106,155,6,14,16,151,53,260,372,12,194,26579,1675,57,82,355,31,11485,630,10417,58,27,8,10298,31,308,80,87,127,14862,2556,222,2369,22,57,48,1,0,0,1,1,0,3,6,2,9,3,3,3,0,4,0,1,1,7,12,1,157,5,37,5,389,396,31,3,2,243,72,4,1,78,201,6,5,3,205,6,73,403,6,66,4,0,1,7,3
12,9,4,81,11,110,122,39,3926,350,287,232,80,158,66,277,26,14,81,1162,47,645,3742,1494,8124,1675,28125,274,55,126,37,2363,2422,802,1216,433,2457,2450,2342,3542,55,64,104,16785,1116,561,1627,1672,49,14,4,0,4,1,1,2,173,97,19,853,22,53,133,114,28,22,14,17,81,912,21,815,211,2373,13,637,1735,79,9,7,349,800,24,11,796,337,51,39,12,791,42,289,1056,23,158,13,6,10,19,12
11,1,6,21,10,4,4,7,8,108,70,22,4,121,21,21,8,3,2,15,18,1014,466,0,15,57,274,45058,741,126,13,237,97,7372,2,5,4,56,4,14827,269,28,18,138,101,8693,4964,3,9,7,0,0,0,0,0,0,0,0,0,1,1,1,0,1,0,0,0,0,1,1,0,5,1,3,0,9,17,17,1,0,5,3,0,0,6,37,2,1,0,6,3,25,4,1,1,0,0,1,0,0
648,173,443,291,265,202,151,19,15,93,33,10,25,3864,179,135,1,11,15,51,22,3123,264,2,27,82,55,741,85764,11282,139,240,89,147,79,54,32,97,67,165,27345,269,267,176,131,1142,272,24,4056,68,1,8,3,3,7,6,0,0,1,2,7,0,0,0,6,7,15,0,20,1,0,4,0,10,1,3,3,2,2,4,1,2,9,7,3,1,20,40,2,1,19,2,4,1,2,9,4,7,11,1
430,363,624,652,135,276,316,143,31,300,25,41,319,18331,1599,657,38,83,69,263,290,890,59,14,139,355,126,126,11282,50209,899,1272,715,241,410,230,146,553,281,84,10616,3470,2883,180,1081,46,292,108,1452,1705,14,11,9,4,15,6,2,2,2,16,32,6,1,1,31,31,102,0,64,21,0,20,1,29,7,4,5,0,12,4,0,8,23,23,13,1,105,248,14,8,126,0,11,2,1,18,28,20,40,11
10,9,9,212,24,12,166,1785,383,577,279,177,618,704,619,17932,373,1462,2301,782,1599,706,64,35,59,31,37,13,139,899,19788,179,459,19,758,726,172,270,388,11,373,641,15119,49,490,9,41,102,43,613,11,2,8,6,30,11,0,3,17,54,67,10,0,3,38,55,122,3,207,28,15,34,12,12,26,2,1,1,7,27,0,12,56,37,6,0,77,282,24,6,115,1,3,3,1,18,32,27,65,29
4,3,2,23,2,2,4,24,86,1516,258,140,227,358,40,57,103,138,16,161,345,541,2158,11,275,11485,2363,237,240,1272,179,34018,17147,3220,25,33,33,967,31,269,322,600,235,2643,7181,837,33629,8,39,60,1,0,1,0,1,0,2,5,0,19,4,5,2,0,2,2,2,0,8,17,1,103,3,52,4,159,178,13,1,1,85,82,1,0,113,99,8,4,0,210,13,36,160,1,32,0,1,1,2,1
7,5,4,38,4,1,12,1432,1333,1590,2094,16364,30015,235,68,146,852,676,120,6938,966,787,6171,63,4557,630,2422,97,89,715,459,17147,24324,217,80,123,277,1883,53,50,172,506,509,1453,16781,181,7397,10,32,93,1,1,0,0,0,0,153,60,14,385,8,23,61,60,6,11,10,11,37,744,4,80,95,772,6,14,70,0,2,10,10,124,5,2,122,9,25,21,2,85,3,2,65,3,11,4,1,2,3,2
29,6,6,76,14,4,10,11,15,123,53,14,14,432,87,155,5,7,12,48,21,334,231,14,63,10417,802,7372,147,241,19,3220,217,28196,34,16,6,769,13,26211,69,63,68,4738,648,1076,11926,11,60,36,0,0,1,0,1,0,0,1,0,6,1,1,1,1,0,1,0,0,1,3,1,85,3,15,1,79,90,40,0,0,84,36,2,0,29,414,6,3,0,71,4,298,128,19,43,1,0,0,5,1
40,74,58,185,62,630,2438,24,842,732,213,23,17,599,104,2237,25,22,266,79,95,310,51,862,409,58,1216,2,79,410,758,25,80,34,9272,6178,1876,61,11941,47,211,138,540,154,21,7,21,3429,85,20,61,20,35,24,117,65,9,8,22,90,81,16,5,1,108,87,277,18,249,31,17,49,17,28,28,1,7,1,36,27,1,9,78,76,6,1,266,651,30,3,335,1,6,2,0,176,82,30,96,25
2,6,6,31,6,6,98,115,2787,690,571,55,45,135,57,3660,76,109,4438,216,250,266,54,2965,813,27,433,5,54,230,726,33,123,16,6178,8406,1205,86,6141,12,177,150,591,131,36,6,18,107,13,34,6,3,20,2,7,7,20,32,64,251,165,26,12,8,49,81,200,24,663,73,60,59,71,30,71,1,4,1,37,59,4,19,67,79,13,2,152,455,103,15,164,0,4,2,5,6,33,50,125,77
15,8,6,17,15,86,114,430,3969,274,117,140,428,131,12,202,169,93,446,230,144,139,57,3550,196,8,2457,4,32,146,172,33,277,6,1876,1205,3361,11,7671,70,82,70,205,32,32,7,30,1814,31,19,4,0,5,1,3,3,142,134,53,1113,42,35,15,46,10,16,32,56,161,55,41,34,351,70,30,0,10,1,3,16,1,18,13,9,7,2,232,121,22,3,58,1,6,0,3,6,3,18,28,25
65,26,5,232,46,3,39,188,159,200,91,42,38,1353,499,474,9,91,131,4352,48,226,821,6,1692,10298,2450,56,97,553,270,967,1883,769,61,86,11,16502,16,81,103,149,514,17381,18570,70,403,9,142,233,0,1,2,0,2,1,11,5,6,35,7,14,40,4,7,4,3,1,25,255,2,289,35,684,1,49,390,7,0,0,23,329,2,2,558,19,7,13,1,371,13,8,188,14,19,3,2,2,2,4
18,32,91,56,52,435,638,69,508,647,191,46,27,289,26,385,44,78,289,25,236,311,34,3956,154,31,2342,4,67,281,388,31,53,13,11941,6141,7671,16,24967,95,194,176,366,83,23,14,18,8493,68,31,15,1,19,112,53,23,9,9,51,151,140,26,8,1,47,60,190,15,529,32,42,61,44,17,56,4,3,0,27,30,1,12,67,57,4,0,235,412,83,5,194,0,2,2,1,29,43,34,110,32
17,5,1,37,11,11,12,5,14,48,31,10,1,199,26,66,2,2,2,9,11,397,159,24,17,308,3542,14827,165,84,11,269,50,26211,47,12,70,81,95,33936,66,19,18,9347,100,1317,2557,111,27,15,0,0,2,0,2,1,1,5,0,11,7,7,0,3,3,0,0,0,4,4,4,236,12,32,1,284,603,584,5,0,318,27,6,1,10,1957,136,3,2,64,97,3524,822,103,161,10,0,2,7,5
420,488,706,493,174,186,237,32,24,10007,20,22,60,1214,243,380,17,28,58,52,107,19767,90,6,39,80,55,269,27345,10616,373,322,172,69,211,177,82,103,194,66,48743,7348,953,94,193,366,151,51,177,264,2,12,5,1,10,7,1,0,2,6,19,0,1,1,15,10,45,1,44,4,5,11,1,8,7,1,1,0,5,5,0,4,10,14,4,2,39,72,16,3,44,1,4,0,0,11,10,4,12,6
82,462,378,465,40,52,171,51,26,20029,60,86,181,407,282,365,48,59,64,80,1643,2589,70,6,54,87,64,28,269,3470,641,600,506,63,138,150,70,149,176,19,7348,30206,5776,84,396,25,121,41,25,7041,1,2,0,1,4,5,0,0,0,10,14,3,0,1,7,6,26,0,43,8,4,4,1,8,8,1,3,0,1,7,0,5,10,5,4,1,12,35,5,2,24,0,2,0,1,9,7,4,15,3
28,21,12,667,15,57,184,920,349,1602,280,164,379,1112,2956,13274,470,669,678,703,9212,918,73,38,68,127,104,18,267,2883,15119,235,509,68,540,591,205,514,366,18,953,5776,35399,126,622,9,51,102,58,11256,20,1,5,4,34,15,4,4,8,39,37,6,1,1,19,17,66,4,130,18,8,19,5,14,14,1,4,0,9,14,2,8,13,16,12,3,58,180,19,2,78,0,8,2,1,33,16,9,36,5
21,20,8,169,27,8,48,21,119,426,282,85,41,473,164,360,14,21,51,1435,51,1167,1914,34,2585,14862,16785,138,176,180,49,2643,1453,4738,154,131,32,17381,83,9347,94,84,126,70377,205,1173,2440,62,58,19,0,0,1,0,2,1,5,9,0,23,4,10,8,3,0,2,1,2,3,56,2,214,6,143,5,262,353,24,3,2,179,152,4,2,183,270,4,11,0,218,5,157,349,10,78,5,2,2,3,3
19,15,4,81,13,1,8,517,234,333,60,37,1061,889,330,183,61,437,126,10134,144,210,309,14,1224,2556,1116,101,131,1081,490,7181,16781,648,21,36,32,18570,23,100,193,396,622,205,22471,24,599,1,66,378,0,0,2,0,3,2,50,23,4,89,3,15,39,14,4,2,5,3,18,583,1,107,23,764,1,18,84,2,1,7,4,163,3,6,230,12,6,17,4,132,3,2,104,4,6,0,1,1,2,2
8,2,7,7,1,5,5,33,36,282,659,204,42,28,4,8,33,3,3,64,26,3922,5084,6,113,222,561,8693,1142,46,9,837,181,1076,7,6,7,70,14,1317,366,25,9,1173,24,6004,7933,3,1,3,0,0,0,0,0,0,1,0,0,2,1,0,1,0,0,0,0,0,3,7,0,17,0,10,0,15,13,7,0,0,18,4,0,0,6,39,3,1,2,17,0,33,25,3,9,0,0,0,0,1
6,4,2,11,5,2,2,33,80,724,526,219,90,132,18,28,56,35,4,96,140,1427,5723,7,292,2369,1627,4964,272,292,41,33629,7397,11926,21,18,30,403,18,2557,151,121,51,2440,599,7933,46734,9,17,26,0,0,0,0,0,0,2,2,0,8,1,2,2,1,0,1,1,0,0,17,0,79,4,24,1,92,106,23,0,0,61,37,0,0,57,238,7,0,1,85,10,140,122,25,35,1,0,1,5,2
70,105,107,289,509,5612,2155,4,111,260,29,0,3,348,34,1041,5,1,2,3,13,74,20,105,41,22,1672,3,24,108,102,8,10,11,3429,107,1814,9,8493,111,51,41,102,62,1,3,9,7280,295,6,17,10,3,16,68,20,3,0,0,7,3,1,1,1,13,4,27,1,13,8,0,6,2,2,0,0,1,0,2,1,0,1,5,3,1,1,26,75,0,1,21,0,1,1,0,151,15,3,6,0
1959,194,263,352,2896,2437,163,19,15,47,9,2,6,15608,150,154,1,3,10,34,3,57,7,0,12,57,49,9,4056,1452,43,39,32,60,85,13,31,142,68,27,177,25,58,58,66,1,17,295,14125,10,11,6,4,5,17,8,0,0,0,1,4,0,0,0,8,7,19,1,3,2,0,5,1,6,0,1,2,0,0,1,0,1,4,0,3,0,11,48,0,0,20,0,1,0,1,23,6,3,1,1
1,17,4,62,0,0,4,286,24,8544,17,8,124,3568,5157,95,12,112,47,230,3981,136,11,4,21,48,14,7,68,1705,613,60,93,36,20,34,19,233,31,15,264,7041,11256,19,378,3,26,6,10,11609,0,0,0,0,0,1,0,0,1,2,2,1,1,0,1,2,6,0,7,4,1,0,1,7,1,0,1,0,1,0,0,1,2,1,3,0,8,9,0,0,6,0,1,0,0,0,1,1,4,0
18,56,283,78,13,30,158,0,2,4,0,0,1,48,3,153,0,0,1,2,0,4,0,0,1,1,4,0,1,14,11,1,1,0,61,6,4,0,15,0,2,1,20,0,0,0,0,17,11,0,48401,18194,5793,12974,10116,3921,5,11,9,29,148,30,6,0,16772,150,504,2,108,55,2,257,1,8,6,20,6,72,774,4,13,43,535,6,36,41,77,710,13,53,41,2,7,53,10,326,5364,349,380,28
137,44,1478,103,66,64,151,0,0,5,0,0,0,27,2,42,0,0,1,0,0,11,0,0,1,0,0,0,8,11,2,0,1,0,20,3,0,1,1,0,12,2,1,0,0,0,0,10,6,0,18194,49056,9809,15560,3805,6561,6,3,3,4,80,25,2,0,5498,86,94,2,25,14,5,504,0,2,4,11,0,35,833,2,3,27,1097,1,17,27,34,151,8,15,11,1,1,59,4,206,1455,568,456,18
4,14,12,24,7,8,49,0,10,7,1,1,0,29,2,66,1,5,6,4,3,2,0,1,6,0,4,0,3,9,8,1,0,1,35,20,5,2,19,2,5,0,5,1,2,0,0,3,4,0,5793,9809,37220,255,3160,13291,53,63,39,116,272,81,16,7,18769,5717,7001,17,469,329,26,486,13,38,27,55,8,96,819,67,59,168,1936,59,154,42,104,1831,83,187,37,2,26,34,17,229,2128,559,1041,173
24,55,3094,83,18,1861,569,0,1,1,2,0,0,24,4,98,0,0,0,0,0,3,0,0,2,1,1,0,3,4,6,0,0,0,24,2,1,0,112,0,1,1,4,0,0,0,0,16,5,0,12974,15560,255,45655,26687,10903,0,0,0,1,35,6,0,0,222,12,13,1,4,2,0,224,0,0,0,2,1,26,503,1,1,6,414,0,1,15,10,85,4,1,69,1,1,35,7,383,636,302,194,5
65,156,300,309,43,290,722,1,4,10,4,0,1,137,15,440,0,0,1,1,0,17,1,0,2,1,1,0,7,15,30,1,0,1,117,7,3,2,53,2,10,4,34,2,3,0,0,68,17,0,10116,3805,3160,26687,26562,15341,2,2,3,11,173,20,5,0,1421,81,324,1,62,22,8,233,2,13,5,23,29,48,447,1,6,16,345,3,8,32,168,1560,8,46,478,40,25,29,3,3536,3420,342,324,23
25,74,88,151,28,586,335,1,3,10,2,0,0,66,13,200,1,0,6,1,0,11,1,2,1,0,2,0,6,6,11,0,0,0,65,7,3,1,23,1,7,5,15,1,2,0,0,20,8,1,3921,6561,13291,10903,15341,39209,2,3,6,40,320,58,6,1,1144,71,5262,2,113,64,17,407,3,23,7,25,2,56,384,13,12,42,884,7,26,31,85,1759,13,66,39,0,7,28,2,899,538,546,836,48
1,0,0,0,0,0,2,33,647,4,5,10,28,3,7,14,1,1,22,456,1,8,22,32,387,3,173,0,0,2,0,2,153,0,9,20,142,11,9,1,1,0,4,5,50,1,2,3,0,0,5,6,53,0,2,2,4109,7399,1288,584,21,534,386,2158,453,603,394,1300,250,3252,43,594,28,138,97,31,76,8,45,584,41,5039,342,524,1029,26,136,35,159,78,21,1,20,71,51,4,41,10,40,33
0,0,0,0,0,0,1,109,724,4,5,20,76,4,8,5,14,4,29,232,1,6,12,106,131,6,97,0,0,2,3,5,60,1,8,32,134,5,9,5,0,0,4,9,23,0,2,0,0,0,11,3,63,0,2,3,7399,35415,6812,6117,115,2490,742,3056,283,307,569,6370,894,5198,280,1557,63,121,229,68,62,9,18,778,36,671,81,514,560,30,549,95,75,339,19,5,42,118,36,2,29,16,45,12
1,0,0,1,1,0,0,63,224,13,13,7,31,1,0,14,13,16,70,29,11,0,1,40,35,2,19,0,1,2,17,0,14,0,22,64,53,6,51,0,2,0,8,0,4,0,0,0,0,1,9,3,39,0,3,6,1288,6812,3766,3068,610,2674,65,331,173,181,851,3903,1792,591,385,465,79,20,396,12,11,5,19,2329,13,258,52,240,218,16,457,34,55,68,52,4,11,29,19,1,22,37,94,46
1,2,1,6,0,0,12,673,5187,41,41,88,407,24,8,68,44,53,272,1615,31,39,47,535,1073,9,853,1,2,16,54,19,385,6,90,251,1113,35,151,11,6,10,39,23,89,2,8,7,1,2,29,4,116,1,11,40,584,6117,3068,41192,554,2496,1261,1042,117,106,564,1792,10657,4075,832,1391,8009,4852,320,81,927,20,12,266,40,512,71,88,134,69,5640,726,49,475,127,18,223,67,62,25,27,64,142,84
1,4,3,6,2,0,13,16,47,32,17,3,10,23,2,80,7,20,106,9,18,25,5,27,17,3,22,1,7,32,67,4,8,1,81,165,42,7,140,7,19,14,37,4,3,1,1,3,4,2,148,80,272,35,173,320,21,115,610,554,37230,5691,913,12,172,183,1249,124,2812,221,6670,2539,84,32,1011,60,38,85,128,155,77,254,714,63,57,75,1050,1350,95,202,625,1,54,135,98,275,65,15636,30966,5422
0,0,1,2,0,0,4,14,88,5,3,3,8,3,1,4,3,2,19,52,4,8,6,9,54,3,53,1,0,6,10,5,23,1,16,26,35,14,26,7,0,3,6,10,15,0,2,1,0,1,30,25,81,6,20,58,534,2490,2674,2496,5691,10439,4551,200,103,124,381,1061,1543,984,5742,6257,106,254,579,28,94,16,58,347,22,131,240,107,62,57,351,234,79,138,107,7,90,317,42,23,37,316,1284,743
0,0,0,1,1,0,1,9,92,3,2,3,6,1,1,4,1,2,6,112,1,4,9,10,143,3,133,0,0,1,0,2,61,1,5,12,15,40,8,0,1,0,1,8,39,1,2,1,0,1,6,2,16,0,5,6,386,742,65,1261,913,4551,12823,4321,79,143,76,3083,132,2101,6003,1771,74,580,926,13,144,2,7,519,10,10072,91,105,79,4,120,28,212,89,21,1,87,27,34,5,10,100,418,225
0,0,0,0,0,0,0,18,279,2,1,2,5,1,4,2,0,0,4,199,0,4,8,13,164,0,114,1,0,1,3,0,60,1,1,8,46,4,1,3,1,1,1,3,14,0,1,1,0,0,0,0,7,0,0,1,2158,3056,331,1042,12,200,4321,8713,43,69,93,11628,92,1195,1114,289,65,185,432,2,96,4,5,595,26,8114,29,131,208,20,110,11,62,39,2,0,12,13,48,1,4,6,6,10
8,21,35,25,9,11,67,4,27,12,3,1,1,77,5,125,0,3,14,27,2,18,2,3,23,4,28,0,6,31,38,2,6,0,108,49,10,7,47,3,15,7,19,0,4,0,0,13,8,1,16772,5498,18769,222,1421,1144,453,283,173,117,172,103,79,43,55817,17946,2431,104,613,725,62,501,7,51,204,396,20,364,3112,213,306,1108,25220,273,1338,364,357,1037,944,507,119,2,25,48,89,204,12693,266,1091,1460
2,2,3,8,3,1,13,2,21,29,4,1,1,28,3,79,0,3,42,21,4,27,0,2,25,0,22,0,7,31,55,2,11,1,87,81,16,4,60,0,10,6,17,2,2,0,1,4,7,2,150,86,5717,12,81,71,603,307,181,106,183,124,143,69,17946,63489,3864,178,573,616,172,458,5,30,910,141,19,107,559,600,188,1483,9820,3982,1203,172,363,509,7973,234,169,2,11,31,142,41,509,204,4862,16551
14,34,21,59,17,22,115,6,37,80,18,3,2,162,17,322,5,6,74,19,13,74,1,16,21,1,14,0,15,102,122,2,10,0,277,200,32,3,190,0,45,26,66,1,5,0,1,27,19,6,504,94,7001,13,324,5262,394,569,851,564,1249,381,76,93,2431,3864,26906,817,8824,625,202,414,46,101,729,30,17,19,233,4206,29,357,575,4685,247,17,584,10508,478,161,327,1,37,12,24,198,451,253,639,123
0,0,0,0,0,1,0,66,290,7,4,7,34,0,2,9,17,7,26,23,6,3,2,59,28,1,17,0,0,0,3,0,11,0,18,24,56,1,15,0,1,0,4,2,3,0,0,1,1,0,2,2,17,1,1,2,1300,6370,3903,1792,124,1061,3083,11628,104,178,817,7922,982,214,7078,352,138,39,4007,12,15,4,16,6408,33,1386,55,439,77,5,799,89,81,37,32,2,13,11,55,0,6,7,42,32
3,2,2,10,0,2,44,124,308,180,61,26,28,42,4,224,29,83,506,101,98,93,12,177,123,7,81,1,20,64,207,8,37,1,249,663,161,25,529,4,44,43,130,3,18,3,0,13,3,7,108,25,469,4,62,113,250,894,1792,10657,2812,1543,132,92,613,573,8824,982,21263,2024,662,1011,2571,1232,713,79,242,30,121,960,27,327,377,659,129,49,1522,7091,305,558,881,29,271,24,36,16,155,336,925,371
1,2,1,4,1,1,4,24,629,10,15,54,23,18,12,26,3,5,38,1179,3,28,110,43,1509,12,912,1,1,21,28,17,744,3,31,73,55,255,32,4,4,8,18,56,583,7,17,8,2,4,55,14,329,2,22,64,3252,5198,591,4075,221,984,2101,1195,725,616,625,214,2024,27322,100,3179,409,2918,136,342,456,20,66,269,228,9048,261,426,6008,107,174,446,107,5492,110,9,1003,112,356,27,100,46,113,52
0,1,1,0,0,0,0,32,103,13,6,3,12,1,1,13,9,9,66,10,6,6,1,41,11,1,21,0,0,0,15,1,4,1,17,60,41,2,42,4,5,4,8,2,1,0,0,0,0,1,2,5,26,0,8,17,43,280,385,832,6670,5742,6003,1114,62,172,202,7078,662,100,10584,1120,136,30,4426,26,29,26,42,1154,35,606,285,97,22,25,670,149,357,105,106,5,39,33,131,15,17,163,1543,7631
3,5,19,6,2,2,11,19,89,31,17,4,9,23,6,43,3,6,37,119,5,36,83,13,178,157,815,5,4,20,34,103,80,85,49,59,34,289,61,236,11,4,19,214,107,17,79,6,5,0,257,504,486,224,233,407,594,1557,465,1391,2539,6257,1771,289,501,458,414,352,1011,3179,1120,43138,217,1614,664,1761,2175,1767,4172,188,625,5999,3259,107,446,2294,430,554,377,3664,625,298,2074,13286,5541,204,251,3947,1806,834
0,1,0,2,0,0,5,117,1014,15,9,10,69,4,3,20,26,11,68,316,7,9,8,107,200,5,211,1,0,1,12,3,95,3,17,71,351,35,44,12,1,1,5,6,23,0,4,2,1,1,1,0,13,0,2,3,28,63,79,8009,84,106,74,65,7,5,46,138,2571,409,136,217,5113,4856,54,93,1307,48,3,29,23,101,17,2,30,145,5725,1407,14,367,1118,356,423,4,19,14,3,11,25,18
0,2,1,5,2,1,5,27,664,9,18,26,19,52,10,27,6,3,25,1519,4,44,164,28,2338,37,2373,3,10,29,12,52,772,15,28,30,70,684,17,32,8,8,14,143,764,10,24,2,6,7,8,2,38,0,13,23,138,121,20,4852,32,254,580,185,51,30,101,39,1232,2918,30,1614,4856,11110,32,355,9015,153,7,22,85,1907,15,20,834,536,1359,462,21,1832,623,1302,1967,38,120,40,11,7,25,17
1,0,1,1,0,0,0,28,61,21,9,5,4,2,0,32,8,15,81,8,9,9,5,28,15,5,13,0,1,7,26,4,6,1,28,71,30,1,56,1,7,8,14,5,1,0,1,0,0,1,6,4,27,0,5,7,97,229,396,320,1011,579,926,432,204,910,729,4007,713,136,4426,664,54,32,8465,26,26,25,54,5662,58,1044,415,1570,120,37,414,168,5235,115,129,3,22,22,178,4,22,70,704,3751
0,0,0,0,0,0,0,2,10,6,3,0,1,0,1,0,0,0,2,6,1,19,41,0,21,389,637,9,3,4,2,159,14,79,1,1,0,49,4,284,1,1,1,262,18,15,92,0,1,0,20,11,55,2,23,25,31,68,12,81,60,28,13,2,396,141,30,12,79,342,26,1761,93,355,26,10024,1328,56,66,11,6421,521,170,40,4869,4353,105,110,22,10516,365,841,13818,81,934,86,95,28,73,46
0,2,0,0,1,1,1,2,33,12,8,3,2,7,1,6,1,2,3,55,4,22,110,4,110,396,1735,17,3,5,1,178,70,90,7,4,10,390,3,603,1,3,4,353,84,13,106,1,2,1,6,0,8,1,29,2,76,62,11,927,38,94,144,96,20,19,17,15,242,456,29,2175,1307,9015,26,1328,15257,814,16,6,425,1356,32,11,777,2718,1710,320,14,2096,1956,8883,8189,107,474,168,7,9,42,28
0,0,1,1,0,0,2,1,0,1,2,0,0,0,0,1,0,1,2,0,0,4,2,0,3,31,79,17,2,0,1,13,0,40,1,1,1,7,0,584,0,0,0,24,2,7,23,0,0,0,72,35,96,26,48,56,8,9,5,20,85,16,2,4,364,107,19,4,30,20,26,1767,48,153,25,56,814,38544,1979,3,36,33,457,4,5,7202,530,81,27,43,641,19020,427,12867,333,103,191,382,167,73
5,6,48,12,7,5,22,2,4,7,5,0,1,20,1,39,3,2,16,2,3,8,0,3,3,3,9,1,2,12,7,1,2,0,36,37,3,0,27,5,5,1,9,3,1,0,0,2,0,1,774,833,819,503,447,384,45,18,19,12,128,58,7,5,3112,559,233,16,121,66,42,4172,3,7,54,66,16,1979,89612,5,71,226,18088,19,187,413,177,250,210,71,74,30,12,2185,108,89,12833,12231,1284,209
1,0,0,0,0,0,2,17,47,13,5,1,7,3,0,28,3,4,47,8,3,6,1,22,12,2,7,0,4,4,27,1,10,0,27,59,16,0,30,0,5,7,14,2,7,0,0,1,1,0,4,2,67,1,1,13,584,778,2329,266,155,347,519,595,213,600,4206,6408,960,269,1154,188,29,22,5662,11,6,3,5,12134,28,927,74,6192,281,7,223,166,596,44,35,0,6,2,67,1,19,19,69,41
0,0,0,0,0,0,0,3,4,4,3,1,1,2,0,1,0,1,1,6,1,9,23,0,5,243,349,5,1,0,0,85,10,84,1,4,1,23,1,318,0,0,2,179,4,18,61,0,0,0,13,3,59,1,6,12,41,36,13,40,77,22,10,26,306,188,29,33,27,228,35,625,23,85,58,6421,425,36,71,28,25760,2977,287,34,5242,15914,34,24,50,1291,70,147,475,182,5096,19,72,37,147,106
1,0,0,1,0,0,0,10,88,9,7,6,4,13,3,17,3,2,18,210,2,15,93,9,325,72,800,3,2,8,12,82,124,36,9,19,18,329,12,27,4,5,8,152,163,4,37,1,1,1,43,27,168,6,16,42,5039,671,258,512,254,131,10072,8114,1108,1483,357,1386,327,9048,606,5999,101,1907,1044,521,1356,33,226,927,2977,37049,1472,590,7580,506,126,162,848,3111,203,20,1052,43,5585,56,194,140,742,607
4,12,39,12,2,8,22,8,16,20,2,2,0,27,2,68,2,7,49,18,7,23,2,9,15,4,24,0,9,23,56,1,5,2,78,67,13,2,67,6,10,10,13,4,3,0,0,5,4,2,535,1097,1936,414,345,884,342,81,52,71,714,240,91,29,25220,9820,575,55,377,261,285,3259,17,15,415,170,32,457,18088,74,287,1472,46223,106,1165,404,459,565,2102,239,173,14,31,402,179,163,1370,8667,40544,4561
1,0,1,1,0,1,7,4,23,9,5,0,1,19,2,51,0,2,27,12,2,24,0,4,19,1,11,0,7,23,37,0,2,0,76,79,9,2,57,1,14,5,16,2,6,0,0,3,0,1,6,1,59,0,3,7,524,514,240,88,63,107,105,131,273,3982,4685,439,659,426,97,107,2,20,1570,40,11,4,19,6192,34,590,106,7185,455,21,224,214,963,115,125,0,6,4,40,9,35,13,48,25
1,0,0,6,0,0,0,3,26,11,8,6,5,14,5,9,3,0,9,93,3,15,109,5,287,78,796,6,3,13,6,113,122,29,6,13,7,558,4,10,4,4,12,183,230,6,57,1,3,3,36,17,154,1,8,26,1029,560,218,134,57,62,79,208,1338,1203,247,77,129,6008,22,446,30,834,120,4869,777,5,187,281,5242,7580,1165,455,11559,419,37,52,220,6930,56,14,275,29,510,8,192,55,236,144
0,0,0,0,0,0,2,0,7,2,1,1,0,2,0,1,0,0,0,8,0,10,29,2,9,201,337,37,1,1,0,99,9,414,1,2,2,19,0,1957,2,1,3,270,12,39,238,1,0,0,41,27,42,15,32,31,26,30,16,69,75,57,4,20,364,172,17,5,49,107,25,2294,145,536,37,4353,2718,7202,413,7,15914,506,404,21,419,56412,404,102,46,827,756,12909,4609,8085,3777,128,124,122,169,89
9,15,12,18,5,11,54,71,459,54,11,8,46,139,9,147,6,14,67,62,21,35,5,91,49,6,51,2,20,105,77,8,25,6,266,152,232,7,235,136,39,12,58,4,6,3,7,26,11,8,77,34,104,10,168,85,136,549,457,5640,1050,351,120,110,357,363,584,799,1522,174,670,430,5725,1359,414,105,1710,530,177,223,34,126,459,224,37,404,4750,3028,278,98,7255,2709,421,42,35,888,161,329,588,313
52,111,105,222,58,59,431,40,98,155,36,9,12,413,36,793,18,36,254,29,35,142,3,73,30,5,39,1,40,248,282,4,21,3,651,455,121,13,412,3,72,35,180,11,17,1,0,75,48,9,710,151,1831,85,1560,1759,35,95,34,726,1350,234,28,11,1037,509,10508,89,7091,446,149,554,1407,462,168,110,320,81,250,166,24,162,565,214,52,102,3028,19926,108,381,10429,107,204,17,35,3245,444,420,897,138
0,0,0,3,0,1,1,9,9,18,7,2,1,6,2,39,0,9,49,3,10,13,2,10,13,3,12,0,2,14,24,0,2,0,30,103,22,1,83,2,16,5,19,0,4,2,1,0,0,0,13,8,83,4,8,13,159,75,55,49,95,79,212,62,944,7973,478,81,305,107,357,377,14,21,5235,22,14,27,210,596,50,848,2102,963,220,46,278,108,15468,76,96,1,6,15,100,11,155,82,1246,5191
0,3,0,1,0,0,4,7,32,13,8,7,2,14,5,9,3,4,7,80,3,20,125,8,162,205,791,6,1,8,6,210,85,71,3,15,3,371,5,64,3,2,2,218,132,17,85,1,0,0,53,15,187,1,46,66,78,339,68,475,202,138,89,39,507,234,161,37,558,5492,105,3664,367,1832,115,10516,2096,43,71,44,1291,3111,239,115,6930,827,98,381,76,26774,599,68,23113,117,781,163,120,54,198,122
12,16,8,35,8,6,61,14,46,77,21,5,5,160,12,218,5,4,59,5,11,65,1,28,15,6,42,3,19,126,115,13,3,4,335,164,58,13,194,97,44,24,78,5,3,0,10,21,20,6,41,11,37,69,478,39,21,19,52,127,625,107,21,2,119,169,327,32,881,110,106,625,1118,623,129,365,1956,641,74,35,70,203,173,125,56,756,7255,10429,96,599,21978,2915,922,58,63,6212,90,167,429,116
0,0,0,0,0,0,0,0,2,1,1,0,2,0,0,1,0,0,3,1,0,8,10,0,7,73,289,25,2,0,1,36,2,298,1,0,1,8,0,3524,1,0,0,157,2,33,140,0,0,0,2,1,2,1,40,0,1,5,4,18,1,7,1,0,2,2,1,2,29,9,5,298,356,1302,3,841,8883,19020,30,0,147,20,14,0,14,12909,2709,107,1,68,2915,27519,7188,884,327,234,6,3,4,0
0,0,0,1,1,0,2,4,20,7,8,3,2,7,2,4,2,1,6,75,1,25,73,1,155,403,1056,4,4,11,3,160,65,128,6,4,6,188,2,822,4,2,8,349,104,25,122,1,1,1,7,1,26,1,25,7,20,42,11,223,54,90,87,12,25,11,37,13,271,1003,39,2074,423,1967,22,13818,8189,427,12,6,475,1052,31,6,275,4609,421,204,6,23113,922,7188,23920,93,546,132,10,15,58,38
0,0,5,0,0,0,0,0,5,1,0,0,0,0,0,6,0,0,0,5,0,1,0,2,5,6,23,1,1,2,3,1,3,19,2,2,0,14,2,103,0,0,2,10,4,3,25,1,0,0,53,59,34,35,29,28,71,118,29,67,135,317,27,13,48,31,12,11,24,112,33,13286,4,38,22,81,107,12867,2185,2,182,43,402,4,29,8085,42,17,15,117,58,884,93,18121,7813,7,108,527,142,51
0,0,1,0,0,0,0,1,7,4,0,1,0,0,0,1,1,0,3,11,0,0,10,1,12,66,158,1,2,1,1,32,11,43,0,5,3,19,1,161,0,1,1,78,6,9,35,0,1,0,10,4,17,7,3,2,51,36,19,62,98,42,34,48,89,142,24,55,36,356,131,5541,19,120,178,934,474,333,108,67,5096,5585,179,40,510,3777,35,35,100,781,63,327,546,7813,16258,9,33,39,177,152
87,279,224,623,70,224,1327,0,2,13,4,0,0,163,33,757,0,0,2,2,0,15,1,3,2,4,13,0,9,18,18,0,4,1,176,6,6,3,29,10,11,9,33,5,0,0,1,151,23,0,326,206,229,383,3536,899,4,2,1,25,275,23,5,1,204,41,198,0,16,27,15,204,14,40,4,86,168,103,89,1,19,56,163,9,8,128,888,3245,11,163,6212,234,132,7,9,9623,155,151,245,24
10,12,68,40,8,15,68,0,5,8,3,1,1,54,5,80,0,0,9,3,1,14,0,1,6,0,6,0,4,28,32,1,1,0,82,33,3,2,43,0,10,7,16,2,1,0,0,15,6,1,5364,1455,2128,636,3420,538,41,29,22,27,65,37,10,4,12693,509,451,6,155,100,17,251,3,11,22,95,7,191,12833,19,72,194,1370,35,192,124,161,444,155,120,90,6,10,108,33,155,35552,508,983,107
2,3,25,7,2,2,9,3,9,11,11,1,0,19,0,35,0,4,20,1,4,7,0,10,2,1,10,1,7,20,27,1,2,0,30,50,18,2,34,2,4,4,9,2,1,0,1,3,3,1,349,568,559,302,342,546,10,16,37,64,15636,316,100,6,266,204,253,7,336,46,163,3947,11,7,70,28,9,382,12231,19,37,140,8667,13,55,122,329,420,82,54,167,3,15,527,39,151,508,33770,4916,281
6,3,11,7,4,3,14,12,26,22,15,1,2,20,2,73,2,7,101,9,12,24,1,16,8,7,19,0,11,40,65,2,3,5,96,125,28,2,110,7,12,15,36,3,2,0,5,6,1,4,380,456,1041,194,324,836,40,45,94,142,30966,1284,418,6,1091,4862,639,42,925,113,1543,1806,25,25,704,73,42,167,1284,69,147,742,40544,48,236,169,588,897,1246,198,429,4,58,142,177,245,983,4916,28200,8916
0,0,1,3,0,0,0,8,22,17,9,0,3,2,0,34,1,10,51,4,1,11,2,9,4,3,12,0,1,11,29,1,2,1,25,77,25,4,32,5,6,3,5,3,2,1,2,0,1,0,28,18,173,5,23,48,33,12,46,84,5422,743,225,10,1460,16551,123,32,371,52,7631,834,18,17,3751,46,28,73,209,41,106,607,4561,25,144,89,313,138,5191,122,116,0,38,51,152,24,107,281,8916,12979
