11003,1349,6839,2732,13215,3969,873,12,9,64,6,1,4,8147,131,224,0,4,4,15,2,464,8,1,2,59,4,41,672,520,20,12,10,43,52,10,19,46,12,2,356,47,40,15,63,21,13,48,1409,1,39,26,10,44,50,65,1,1,1,1,10,0,0,0,18,5,46,0,6,0,0,2,1,2,0,0,0,0,9,1,0,3,9,6,0,0,1,63,0,0,11,0,2,0,2,52,8,0,2,0
1349,18037,6182,21930,453,993,1419,7,4,142,4,0,1,3890,770,161,0,1,5,6,1,587,5,0,5,12,1,11,139,279,12,1,10,20,47,11,14,19,8,2,446,137,31,6,25,5,7,56,124,6,78,39,14,217,113,151,0,1,0,1,10,0,0,0,32,12,56,0,4,1,0,0,0,2,1,0,1,0,8,1,0,1,11,2,0,0,1,92,0,0,10,1,0,2,0,154,10,1,6,0
6839,6182,34874,10557,4865,5825,7124,2,4,116,0,0,5,800,25,82,0,1,7,4,4,1282,6,0,3,12,1,55,703,991,13,7,10,21,44,12,17,8,18,3,1042,235,38,6,16,17,9,84,268,10,164,141,23,2264,195,219,0,0,1,6,5,1,0,0,44,14,47,0,10,1,1,10,1,0,0,0,0,2,19,1,0,1,28,3,1,1,7,127,0,0,7,0,1,1,0,200,30,7,5,0
2732,21930,10557,61960,1292,2118,20054,113,90,386,25,12,20,10773,11771,8185,1,13,46,118,5,937,30,3,42,305,17,113,394,777,189,43,55,141,177,56,57,277,49,7,835,337,1285,148,325,15,38,480,511,30,214,190,70,745,381,577,2,0,1,8,14,3,1,0,112,22,199,0,32,5,0,8,4,17,3,2,5,1,25,1,0,3,25,12,3,0,18,348,0,3,37,0,2,0,0,531,52,9,7,4
13215,453,4865,1292,19984,20005,1381,20,15,75,6,4,4,3610,94,266,0,3,5,31,0,236,5,1,1,96,6,45,444,275,25,14,12,104,83,15,35,75,28,3,232,45,41,38,95,9,11,185,2926,4,67,44,18,54,61,74,1,0,0,5,7,1,0,0,37,16,67,0,8,2,0,2,1,5,2,3,2,1,9,0,0,2,14,7,0,1,6,103,0,1,15,0,0,0,0,72,12,2,2,1
3969,993,5825,2118,20005,30806,26079,4,15,62,1,1,1,878,523,378,0,0,2,9,3,330,7,10,11,21,32,33,245,228,22,2,7,20,597,15,42,17,226,23,224,67,59,67,12,11,10,5768,2086,2,193,133,25,1568,258,753,0,0,0,0,8,0,0,0,35,9,63,0,8,4,1,6,2,6,0,0,2,0,12,1,1,1,15,2,1,1,6,138,0,1,14,2,3,0,0,288,24,2,1,0
873,1419,7124,20054,1381,26079,26893,13,143,365,29,13,6,732,127,2430,1,3,44,51,10,435,19,34,79,84,22,42,171,345,238,12,21,42,1473,113,125,71,162,5,383,163,254,75,50,11,17,3131,147,8,356,355,109,1114,785,2312,3,1,3,29,35,1,1,2,182,55,309,2,61,1,4,21,10,17,3,1,15,0,33,3,3,8,66,25,1,1,37,654,11,3,69,0,4,0,0,1249,60,8,24,3
12,7,2,113,20,4,13,32693,6513,195,3835,689,8072,556,569,495,1572,8044,1287,5682,150,1628,267,283,78,61,38,21,47,211,997,56,942,27,42,86,991,180,71,3,68,43,1278,110,1428,64,94,11,71,137,0,0,3,0,0,3,66,177,50,1121,35,17,19,25,2,5,5,32,63,104,72,18,172,90,13,4,14,0,3,15,2,55,5,3,15,6,172,18,2,6,24,1,10,0,1,2,1,2,14,3
9,4,4,90,15,15,143,6513,46837,240,2807,1853,1607,162,130,854,297,251,5568,3568,236,1434,549,8393,6194,103,3868,73,19,51,342,56,1024,95,599,3237,6587,223,801,70,43,35,462,713,246,76,165,75,25,7,2,5,4,0,2,8,568,899,113,6680,71,69,177,275,33,35,23,93,186,1208,115,115,1152,1278,25,23,209,4,12,47,9,639,30,21,90,17,697,59,7,62,32,8,70,11,13,2,10,5,12,6
64,142,116,386,75,62,365,195,240,43560,4705,4709,334,287,199,1250,287,101,679,119,3271,5052,969,74,89,68,48,126,61,359,372,652,1847,117,601,1066,555,224,510,13,8729,11929,2452,376,250,159,849,244,38,4847,13,4,4,10,8,14,5,10,42,106,40,2,4,0,40,26,42,8,145,17,29,6,16,15,10,11,16,1,15,9,7,12,25,7,13,2,107,86,6,13,45,1,16,5,3,10,12,4,18,3
6,4,0,25,6,1,29,3835,2807,4705,6018,15783,629,70,42,466,521,292,1969,1516,1842,3291,2271,118,165,49,63,79,20,85,229,116,846,59,117,512,261,164,71,7,188,221,405,248,184,233,385,19,4,25,1,0,1,0,0,3,5,24,6,155,11,2,3,6,3,2,8,5,22,23,14,9,35,32,4,7,17,2,2,2,2,15,3,1,6,5,28,12,4,18,9,2,13,0,4,0,2,3,4,2
1,0,0,12,4,1,13,689,1853,4709,15783,30420,7864,48,16,66,7093,435,156,1497,8723,807,4463,140,957,25,204,20,23,235,333,88,6937,21,40,103,507,264,86,2,214,593,880,269,252,125,424,7,1,108,0,0,2,0,0,1,17,47,16,375,7,7,6,8,2,8,3,10,27,129,10,22,74,242,7,3,43,0,0,12,1,57,3,1,23,6,73,4,1,22,9,1,23,2,2,0,1,0,1,2
4,1,5,20,4,1,6,8072,1607,334,629,7864,28457,287,106,43,4989,2105,76,1880,743,411,127,205,183,12,76,16,53,656,697,84,6492,8,21,66,841,46,37,0,168,258,677,40,565,14,73,2,19,206,2,0,1,0,1,3,113,165,11,1275,6,9,28,46,5,3,3,13,33,257,7,20,234,175,4,2,21,0,1,11,2,93,3,5,23,1,102,7,1,7,3,0,16,0,0,0,1,0,3,2
8147,3890,800,10773,3610,878,732,556,162,287,70,48,287,49903,12484,2235,10,117,87,533,53,632,92,11,89,933,37,411,4303,18481,768,821,568,700,481,215,299,850,202,17,1111,485,2994,262,2302,49,323,278,13821,1252,151,42,32,19,88,145,1,0,2,33,59,1,2,1,157,93,252,0,127,25,4,28,6,45,7,4,14,1,57,12,3,13,97,67,20,7,98,356,18,19,109,1,14,2,5,80,77,15,30,3
131,770,25,11771,94,523,127,569,130,199,42,16,106,12484,14429,1330,3,138,75,337,5,351,39,3,25,327,13,67,203,1917,482,120,116,184,76,70,21,410,26,5,516,406,6974,112,1046,5,54,45,263,3756,20,5,4,1,8,15,0,3,0,7,4,0,0,0,15,4,15,0,12,7,0,3,3,18,0,3,7,0,3,2,1,5,5,0,7,0,8,31,1,6,9,1,5,0,0,8,7,2,2,1
224,161,82,8185,266,378,2430,495,854,1250,466,66,43,2235,1330,29559,12,482,4852,544,100,762,72,44,212,553,61,126,266,790,18266,74,168,293,2414,4637,385,595,332,19,729,438,7125,319,517,14,56,724,211,59,207,161,69,67,221,317,2,4,13,88,123,8,6,4,223,122,359,1,338,23,18,38,30,59,39,5,12,3,98,22,5,29,163,86,10,3,155,621,32,19,180,2,18,6,4,295,88,39,57,13
0,0,0,1,0,0,1,1572,297,287,521,7093,4989,10,3,12,7647,920,47,23,4564,92,129,100,12,1,7,4,6,58,853,35,553,6,5,20,279,18,36,0,34,85,364,21,33,9,44,1,1,36,0,0,1,0,0,0,13,31,8,182,5,5,4,3,1,1,1,6,16,3,8,3,31,7,0,1,1,0,0,2,0,5,0,0,4,0,32,2,0,0,0,0,0,0,0,0,0,0,0,1
4,1,1,13,3,0,3,8044,251,101,292,435,2105,117,138,482,920,3587,1234,407,218,99,56,50,14,14,11,7,9,116,3088,64,555,20,16,44,129,33,59,0,33,25,907,9,604,7,39,2,4,98,0,0,3,0,0,2,3,40,26,134,16,5,0,1,1,2,4,7,36,10,27,4,23,16,17,1,2,0,3,3,1,7,6,2,5,0,33,27,2,3,12,0,4,2,1,0,0,1,6,4
4,5,7,46,5,2,44,1287,5568,679,1969,156,76,87,75,4852,47,1234,7451,831,245,298,43,864,366,30,87,14,53,114,2313,18,110,20,125,4259,627,120,341,4,162,107,887,87,190,7,18,9,8,32,0,2,3,0,3,4,12,48,129,415,106,14,7,10,12,23,36,28,415,34,97,33,79,41,70,4,13,1,27,29,4,28,41,4,12,4,169,151,18,12,77,0,12,4,4,3,1,19,49,26
15,6,4,118,31,9,51,5682,3568,119,1516,1497,1880,533,337,544,23,407,831,33650,58,1694,1391,79,2599,490,517,47,47,239,430,157,5758,127,110,370,234,5694,56,15,73,66,755,1286,9214,82,198,21,42,98,0,2,7,2,2,3,160,111,15,1245,16,28,93,59,30,34,15,13,52,1160,14,109,296,1817,6,16,232,7,6,22,12,497,19,13,142,8,57,20,13,94,10,3,100,11,17,0,3,4,9,3
2,1,4,5,0,3,10,150,236,3271,1842,8723,743,53,5,100,4564,218,245,58,12501,138,443,76,34,20,24,25,25,405,901,191,1146,35,47,185,294,62,178,1,224,1264,6480,71,103,29,201,8,0,1614,3,0,1,0,0,0,4,18,23,106,24,5,1,1,2,1,5,4,59,6,20,7,26,7,6,1,2,0,5,4,0,2,11,2,3,0,39,15,2,7,12,1,5,0,0,0,0,1,13,7
464,587,1282,937,236,330,435,1628,1434,5052,3291,807,411,632,351,762,92,99,298,1694,138,17392,6257,58,685,487,365,2833,5262,1420,499,684,556,1255,293,355,251,732,281,227,13271,1474,1237,2069,664,5686,1808,139,82,110,26,15,8,20,14,17,8,8,5,122,33,6,6,4,36,35,54,3,107,63,12,73,32,153,10,61,105,8,17,24,64,65,40,38,32,123,59,114,24,74,54,108,183,14,30,20,13,5,11,7
8,5,6,30,5,7,19,267,549,969,2271,4463,127,92,39,72,129,56,43,1391,443,6257,14071,98,1305,1057,1027,569,195,157,64,732,2683,1006,69,93,71,2289,104,87,140,209,212,5032,944,5730,5937,72,13,27,0,2,1,0,1,0,7,10,4,77,3,5,8,4,7,2,4,0,8,109,6,157,10,269,3,135,250,13,1,5,106,155,9,1,136,149,8,1,2,193,8,72,262,15,58,0,2,1,10,2
1,0,0,3,1,10,34,283,8393,74,118,140,205,11,3,44,100,50,864,79,76,58,98,4187,1097,73,2157,156,2,13,15,23,75,138,824,2864,2703,43,6345,331,13,14,41,817,19,19,26,227,4,4,1,0,1,0,0,3,32,93,53,523,42,11,9,13,6,9,5,14,89,67,30,25,127,87,15,5,41,3,2,13,5,47,5,2,16,12,125,30,2,17,25,21,22,2,3,0,1,9,12,9
2,5,3,42,1,11,79,78,6194,89,165,957,183,89,25,212,12,14,366,2599,34,685,1305,1097,6752,179,8382,99,14,83,21,106,2934,171,416,818,291,606,490,203,35,32,67,3476,627,65,238,167,18,15,4,1,5,0,1,6,90,54,20,790,14,34,139,40,37,43,16,12,61,1597,10,303,197,4056,12,75,1036,7,13,27,52,836,32,17,436,58,38,18,15,404,16,37,267,23,47,5,7,5,12,9
59,12,12,305,96,21,84,61,103,68,49,25,12,933,327,553,1,14,30,490,20,487,1057,73,179,17184,660,93,82,242,78,4332,430,6694,178,121,49,5306,122,65,73,31,351,7807,2924,141,1455,85,144,39,1,0,1,0,1,0,1,3,0,12,20,1,3,1,1,8,3,2,1,29,15,184,8,56,4,608,616,30,7,3,340,136,20,1,159,367,6,9,3,306,13,149,813,30,134,4,4,5,11,4
4,1,1,17,6,32,22,38,3868,48,63,204,76,37,13,61,7,11,87,517,24,365,1027,2157,8382,660,15170,1436,23,52,14,564,978,794,347,234,1131,688,1944,6302,22,29,46,8610,820,124,522,597,23,7,5,1,2,1,1,2,23,13,3,208,14,16,18,9,5,4,1,3,12,172,9,302,51,505,4,160,536,55,8,4,107,377,20,3,235,268,19,6,0,367,10,366,375,25,63,2,3,1,2,1
41,11,55,113,45,33,42,21,73,126,79,20,16,411,67,126,4,7,14,47,25,2833,569,156,99,93,1436,43089,1011,311,33,203,218,8034,69,35,252,60,368,8604,262,57,92,1338,209,11767,5193,231,81,15,1,0,0,0,0,2,0,3,0,9,0,1,3,0,0,1,2,0,9,6,1,35,3,14,1,36,90,181,2,0,34,13,7,1,10,257,16,4,2,15,7,752,126,22,29,4,0,4,2,0
672,139,703,394,444,245,171,47,19,61,20,23,53,4303,203,266,6,9,53,47,25,5262,195,2,14,82,23,1011,93505,10948,201,184,129,339,72,110,101,65,103,74,17432,162,495,126,213,1192,249,28,4600,48,6,5,5,6,9,8,1,4,2,9,16,0,0,0,30,17,31,0,44,3,3,8,4,15,2,2,7,1,14,4,2,2,20,9,1,10,30,55,7,4,30,6,16,1,3,15,9,3,7,0
520,279,991,777,275,228,345,211,51,359,85,235,656,18481,1917,790,58,116,114,239,405,1420,157,13,83,242,52,311,10948,50373,640,1142,1558,340,305,329,273,252,270,16,12303,3073,4538,164,1481,108,534,113,1349,1503,30,11,5,13,12,33,1,3,4,27,51,3,0,0,57,58,86,1,129,11,7,24,5,53,14,2,14,2,39,9,0,9,85,46,13,8,91,150,24,12,64,4,9,2,1,18,15,10,18,3
20,12,13,189,25,22,238,997,342,372,229,333,697,768,482,18266,853,3088,2313,430,901,499,64,15,21,78,14,33,201,640,18367,65,455,38,585,795,327,156,325,4,328,288,10186,44,461,23,47,96,60,358,43,9,4,1,13,20,6,6,27,77,80,3,1,2,69,61,94,5,222,15,30,25,24,22,22,3,9,3,52,25,1,10,96,36,5,1,128,233,24,7,101,0,7,1,2,11,18,9,33,8
12,1,7,43,14,2,12,56,56,652,116,88,84,821,120,74,35,64,18,157,191,684,732,23,106,4332,564,203,184,1142,65,28667,5815,5734,17,18,23,434,25,130,338,408,268,1160,4668,342,13363,16,64,124,2,0,0,0,0,1,0,6,1,27,9,2,4,1,4,2,0,1,6,19,4,146,6,64,1,280,324,30,4,3,270,103,5,2,106,479,5,2,1,227,11,232,559,24,111,1,1,1,6,3
10,10,10,55,12,7,21,942,1024,1847,846,6937,6492,568,116,168,553,555,110,5758,1146,556,2683,75,2934,430,978,218,129,1558,455,5815,32170,427,69,146,213,3159,88,24,522,986,920,2566,10529,237,5007,35,45,265,0,0,3,0,2,1,64,48,9,419,9,9,35,23,11,23,3,10,31,584,12,147,98,1170,6,46,284,6,7,11,47,310,20,7,163,32,41,11,8,212,7,8,143,4,17,2,9,0,2,0
43,20,21,141,104,20,42,27,95,117,59,21,8,700,184,293,6,20,20,127,35,1255,1006,138,171,6694,794,8034,339,340,38,5734,427,22228,114,56,123,554,258,5764,134,70,204,7150,1198,4105,11575,173,97,27,0,0,0,0,2,1,2,3,1,11,11,3,3,1,3,5,1,2,2,10,3,91,10,40,0,215,285,361,6,4,277,49,15,1,70,2010,13,5,4,99,11,2336,655,139,255,5,1,2,6,4
52,47,44,177,83,597,1473,42,599,601,117,40,21,481,76,2414,5,16,125,110,47,293,69,824,416,178,347,69,72,305,585,17,69,114,7160,5983,1309,154,9984,113,281,187,485,481,57,15,22,4871,115,15,153,70,32,23,91,133,6,20,10,92,88,6,2,2,195,96,267,3,268,17,10,36,18,62,18,5,20,3,74,22,2,18,157,94,12,5,204,419,26,16,171,4,14,5,7,156,77,30,41,7
10,11,12,56,15,15,113,86,3237,1066,512,103,66,215,70,4637,20,44,4259,370,185,355,93,2864,818,121,234,35,110,329,795,18,146,56,5983,9325,1328,214,5900,22,367,201,695,304,81,17,33,107,18,41,15,7,13,3,3,18,20,43,111,357,166,20,16,3,71,98,120,21,537,69,74,50,84,84,77,5,20,3,65,51,5,33,142,99,13,5,332,254,77,28,156,2,19,6,8,8,27,32,53,28
19,14,17,57,35,42,125,991,6587,555,261,507,841,299,21,385,279,129,627,234,294,251,71,2703,291,49,1131,252,101,273,327,23,213,123,1309,1328,2879,40,9201,718,228,132,481,558,50,21,42,1377,33,44,4,3,0,4,7,1,60,145,60,841,45,14,19,18,10,12,22,39,134,86,86,19,209,74,32,4,10,12,11,22,2,50,18,10,15,13,752,66,8,10,40,40,13,1,4,11,2,5,9,9
46,19,8,277,75,17,71,180,223,224,164,264,46,850,410,595,18,33,120,5694,62,732,2289,43,606,5306,688,60,65,252,156,434,3159,554,154,214,40,14461,69,16,109,103,544,6586,6445,98,563,46,91,46,4,0,3,1,2,2,4,6,6,27,10,9,14,3,7,8,7,1,16,174,8,343,15,745,2,118,444,9,2,3,73,466,14,3,428,67,7,10,2,576,17,22,349,12,51,1,3,2,8,3
12,8,18,49,28,226,162,71,801,510,71,86,37,202,26,332,36,59,341,56,178,281,104,6345,490,122,1944,368,103,270,325,25,88,258,9984,5900,9201,69,32600,1155,214,154,357,1303,31,40,39,7997,63,49,57,9,22,11,50,49,7,16,61,206,167,9,5,6,111,67,161,13,596,23,50,58,49,45,39,12,23,13,110,43,6,28,170,59,11,23,570,349,21,24,301,64,28,11,3,43,45,31,64,14
2,2,3,7,3,23,5,3,70,13,7,2,0,17,5,19,0,0,4,15,1,227,87,331,203,65,6302,8604,74,16,4,130,24,5764,113,22,718,16,1155,22875,13,1,8,9435,9,830,821,513,12,1,1,1,0,0,3,0,1,5,0,4,9,1,1,0,2,0,0,1,5,8,10,58,4,25,2,125,237,667,5,3,202,15,7,1,18,1820,25,5,2,12,24,4061,625,152,188,12,1,0,3,2
356,446,1042,835,232,224,383,68,43,8729,188,214,168,1111,516,729,34,33,162,73,224,13271,140,13,35,73,22,262,17432,12303,328,338,522,134,281,367,228,109,214,13,46962,9411,1591,122,320,183,225,129,122,340,13,4,4,12,9,23,2,2,5,31,23,2,2,0,35,25,40,1,90,10,7,3,7,14,5,1,3,3,15,13,1,6,31,17,2,5,60,89,7,2,39,2,6,1,0,11,10,7,11,1
47,137,235,337,45,67,163,43,35,11929,221,593,258,485,406,438,85,25,107,66,1264,1474,209,14,32,31,29,57,162,3073,288,408,986,70,187,201,132,103,154,1,9411,21601,5630,124,313,44,332,119,29,7389,5,1,2,3,10,9,1,3,6,18,14,1,0,2,12,7,15,2,58,6,6,8,5,13,3,2,3,1,5,2,2,6,15,4,6,0,20,32,6,6,17,1,3,0,0,5,4,1,6,1
40,31,38,1285,41,59,254,1278,462,2452,405,880,677,2994,6974,7125,364,907,887,755,6480,1237,212,41,67,351,46,92,495,4538,10186,268,920,204,485,695,481,544,357,8,1591,5630,25878,182,1404,32,198,138,162,12120,39,11,9,4,17,36,6,7,27,105,60,4,4,0,61,40,80,4,235,23,17,27,28,40,21,3,14,1,53,14,2,22,62,38,4,3,134,158,10,10,82,1,14,2,1,23,19,8,23,4
15,6,6,148,38,67,75,110,713,376,248,269,40,262,112,319,21,9,87,1286,71,2069,5032,817,3476,7807,8610,1338,126,164,44,1160,2566,7150,481,304,558,6586,1303,9435,122,124,182,36223,848,1114,2518,796,61,11,2,2,3,0,2,2,8,22,3,66,62,17,19,0,15,20,12,5,24,140,29,608,28,497,7,1030,1212,203,16,8,806,475,35,6,477,2058,23,16,8,812,27,1568,2122,111,413,11,6,8,39,18
63,25,16,325,95,12,50,1428,246,250,184,252,565,2302,1046,517,33,604,190,9214,103,664,944,19,627,2924,820,209,213,1481,461,4668,10529,1198,57,81,50,6445,31,9,320,313,1404,848,18535,53,940,6,233,376,2,1,0,1,0,1,16,14,7,102,12,10,39,7,12,8,7,3,22,462,5,244,31,1357,6,64,425,4,2,13,43,418,15,6,335,40,16,9,7,442,8,7,229,9,33,2,5,1,4,4
21,5,17,15,9,11,11,64,76,159,233,125,14,49,5,14,9,7,7,82,29,5686,5730,19,65,141,124,11767,1192,108,23,342,237,4105,15,17,21,98,40,830,183,44,32,1114,53,7902,7559,19,12,5,0,0,0,0,1,0,1,2,1,3,1,0,0,1,0,3,0,1,5,5,1,10,0,16,0,25,30,32,1,0,15,9,2,2,15,198,4,3,1,7,3,176,79,12,27,1,0,0,1,0
13,7,9,38,11,10,17,94,165,849,385,424,73,323,54,56,44,39,18,198,201,1808,5937,26,238,1455,522,5193,249,534,47,13363,5007,11575,22,33,42,563,39,821,225,332,198,2518,940,7559,35912,24,41,46,0,0,0,0,0,1,1,0,2,11,12,5,2,0,2,3,1,1,3,28,4,99,9,45,1,171,210,104,1,1,158,62,7,0,69,922,6,2,2,121,10,623,425,54,123,0,0,0,3,1
48,56,84,480,185,5768,3131,11,75,244,19,7,2,278,45,724,1,2,9,21,8,139,72,227,167,85,597,231,28,113,96,16,35,173,4871,107,1377,46,7997,513,129,119,138,796,6,19,24,8919,281,4,109,113,44,52,261,275,0,5,1,17,18,0,0,0,69,18,117,1,25,7,2,7,6,8,2,4,7,9,26,3,2,5,19,8,1,17,28,300,1,6,42,29,8,1,3,521,39,8,2,0
1409,124,268,511,2926,2086,147,71,25,38,4,1,19,13821,263,211,1,4,8,42,0,82,13,4,18,144,23,81,4600,1349,60,64,45,97,115,18,33,91,63,12,122,29,162,61,233,12,41,281,16563,10,29,11,9,6,12,27,0,0,0,4,4,1,0,1,21,17,28,0,11,2,0,4,2,4,0,1,1,0,5,0,1,2,17,8,3,0,6,48,0,2,16,1,0,0,0,16,4,0,3,0
1,6,10,30,4,2,8,137,7,4847,25,108,206,1252,3756,59,36,98,32,98,1614,110,27,4,15,39,7,15,48,1503,358,124,265,27,15,41,44,46,49,1,340,7389,12120,11,376,5,46,4,10,12301,3,0,1,0,0,1,0,0,3,10,8,1,0,0,1,0,3,0,22,2,0,2,4,6,0,0,1,0,1,2,1,3,2,2,1,0,9,1,1,4,5,0,1,0,0,0,0,0,4,1
39,78,164,214,67,193,356,0,2,13,1,0,2,151,20,207,0,0,0,0,3,26,0,1,4,1,5,1,6,30,43,2,0,0,153,15,4,4,57,1,13,5,39,2,2,0,0,109,29,3,35039,17256,4409,11905,17149,4329,1,11,21,57,237,10,5,1,14833,318,880,3,177,40,11,183,7,46,12,37,7,25,546,15,18,51,448,48,27,21,90,764,9,107,264,3,62,18,10,350,8827,168,260,23
26,39,141,190,44,133,355,0,5,4,0,0,0,42,5,161,0,0,2,2,0,15,2,0,1,0,1,0,5,11,9,0,0,0,70,7,3,0,9,1,4,1,11,2,1,0,0,113,11,0,17256,41733,10657,21005,3479,10258,2,2,3,10,518,18,2,0,6004,154,196,1,43,12,10,914,4,16,13,11,3,45,1377,0,11,9,1561,8,17,25,36,412,29,24,65,5,6,63,5,185,1381,508,897,36
10,14,23,70,18,25,109,3,4,4,1,2,1,32,4,69,1,3,3,7,1,8,1,1,5,1,2,0,5,5,4,0,3,0,32,13,0,3,22,0,4,2,9,3,0,0,0,44,9,1,4409,10657,34400,462,877,13227,7,28,57,85,653,12,8,1,17118,5874,6790,9,453,90,22,398,4,95,39,38,26,23,835,64,28,72,1641,166,40,47,65,765,51,122,100,4,82,37,12,188,1654,305,1050,81
44,217,2264,745,54,1568,1114,0,0,10,0,0,0,19,1,67,0,0,0,2,0,20,0,0,0,0,1,0,6,13,1,0,0,0,23,3,4,1,11,0,12,3,4,0,1,0,0,52,6,0,11905,21005,462,37438,25090,19074,1,0,1,1,126,10,0,0,350,32,49,0,11,0,5,318,0,3,3,3,1,22,555,2,5,3,600,3,6,10,11,120,4,4,238,0,2,28,6,169,557,214,247,10
50,113,195,381,61,258,785,0,2,8,0,0,1,88,8,221,0,0,3,2,0,14,1,0,1,1,1,0,9,12,13,0,2,2,91,3,7,2,50,3,9,10,17,2,0,1,0,261,12,0,17149,3479,877,25090,29415,14286,1,1,2,6,141,6,2,0,1298,111,232,1,36,4,8,131,4,16,7,7,48,23,276,1,2,9,278,14,8,20,67,1313,9,12,646,24,25,20,4,4896,3486,105,162,7
65,151,219,577,74,753,2312,3,8,14,3,1,3,145,15,317,0,2,4,3,0,17,0,3,6,0,2,2,8,33,20,1,1,1,133,18,1,2,49,0,23,9,36,2,1,0,1,275,27,1,4329,10258,13227,19074,14286,31861,4,8,18,42,827,30,9,2,2535,273,3828,3,344,38,23,506,6,78,29,32,13,40,655,15,20,37,1056,61,30,30,89,1538,21,61,497,4,42,39,9,766,679,428,1029,42
1,0,0,2,1,0,3,66,568,5,5,17,113,1,0,2,13,3,12,160,4,8,7,32,90,1,23,0,1,1,6,0,64,2,6,20,60,4,7,1,2,1,6,8,16,1,1,0,0,0,1,2,7,1,1,4,3928,8162,669,816,56,636,793,4435,189,416,171,1201,268,1957,115,187,192,89,141,17,47,9,51,764,32,3506,276,181,157,20,262,10,168,34,11,0,14,17,36,0,14,9,53,83
1,1,0,0,0,0,1,177,899,10,24,47,165,0,3,4,31,40,48,111,18,8,10,93,54,3,13,3,4,3,6,6,48,3,20,43,145,6,16,5,2,3,7,22,14,2,0,5,0,0,11,2,28,0,1,8,8162,29811,4657,4903,579,1715,1104,2304,395,674,390,4717,1250,2200,588,1369,551,208,326,50,62,48,94,2291,73,1541,358,480,292,55,743,47,306,146,54,6,143,151,112,2,69,17,84,102
1,0,1,1,0,0,3,50,113,42,6,16,11,2,0,13,8,26,129,15,23,5,4,53,20,0,3,0,2,4,27,1,9,1,10,111,60,6,61,0,5,6,27,3,7,1,2,1,0,3,21,3,57,1,2,18,669,4657,4042,3123,1167,1214,135,212,361,415,886,3840,1444,487,336,284,40,57,325,25,10,5,73,4553,32,365,188,335,199,18,180,34,122,84,20,1,30,18,23,0,69,24,46,33
1,1,6,8,5,0,29,1121,6680,106,155,375,1275,33,7,88,182,134,415,1245,106,122,77,523,790,12,208,9,9,27,77,27,419,11,92,357,841,27,206,4,31,18,105,66,102,3,11,17,4,10,57,10,85,1,6,42,816,4903,3123,43586,1290,1646,1636,1281,234,287,366,1103,8543,4614,1138,1566,10813,5214,284,75,395,34,44,487,77,1554,143,161,187,84,4084,418,62,426,90,10,442,159,145,12,56,66,140,57
10,10,5,14,7,8,35,35,71,40,11,7,6,59,4,123,5,16,106,16,24,33,3,42,14,20,14,0,16,51,80,9,9,11,88,166,45,10,167,9,23,14,60,62,12,1,12,18,4,8,237,518,653,126,141,827,56,579,1167,1290,50571,4751,4377,95,504,445,1202,780,2474,199,7499,3591,159,145,1002,147,136,227,284,326,253,396,577,135,167,276,896,903,340,117,427,19,405,568,414,188,170,13731,20318,2006
0,0,1,3,1,0,1,17,69,2,2,7,9,1,0,8,5,5,14,28,5,6,5,11,34,1,16,1,0,3,3,2,9,3,6,20,14,9,9,1,2,1,4,17,10,0,5,0,1,1,10,18,12,10,6,30,636,1715,1214,1646,4751,6607,8413,422,66,72,123,1912,664,599,5444,7304,108,203,273,19,70,38,83,393,24,902,104,52,48,54,209,71,46,71,43,7,152,287,97,9,17,110,310,115
0,0,0,1,0,0,1,19,177,4,3,6,28,2,0,6,4,0,7,93,1,6,8,9,139,3,18,3,0,0,1,4,35,3,2,16,19,14,5,1,2,0,4,19,39,0,2,0,0,0,5,2,8,0,2,9,793,1104,135,1636,4377,8413,10204,5025,56,92,48,6056,160,780,5317,4589,150,668,551,15,204,17,25,966,41,7380,117,37,71,31,182,31,109,60,18,2,156,185,96,6,15,136,300,142
0,0,0,0,0,0,2,25,275,0,6,8,46,1,0,4,3,1,10,59,1,4,4,13,40,1,9,0,0,0,2,1,23,1,2,3,18,3,6,0,0,2,0,0,7,1,0,0,1,0,1,0,1,0,0,2,4435,2304,212,1281,95,422,5025,10723,35,94,48,5626,115,322,857,187,236,67,139,4,27,3,6,564,17,3710,50,48,28,9,184,2,36,6,3,2,12,6,22,1,3,2,16,38
18,32,44,112,37,35,182,2,33,40,3,2,5,157,15,223,1,1,12,30,2,36,7,6,37,1,5,0,30,57,69,4,11,3,195,71,10,7,111,2,35,12,61,15,12,0,2,69,21,1,14833,6004,17118,350,1298,2535,189,395,361,234,504,66,56,35,58443,18620,3692,91,967,619,90,453,16,187,200,363,46,83,4620,293,206,493,13916,656,750,325,414,827,706,930,585,29,293,73,90,350,14676,290,1193,743
5,12,14,22,16,9,55,5,35,26,2,8,3,93,4,122,1,2,23,34,1,35,2,9,43,8,4,1,17,58,61,2,23,5,96,98,12,8,67,0,25,7,40,20,8,3,3,18,17,0,318,154,5874,32,111,273,416,674,415,287,445,72,92,94,18620,52411,5196,263,1077,775,329,384,15,178,974,366,60,58,821,926,412,873,10648,6908,1242,314,365,404,10883,626,353,8,202,96,221,156,740,200,4616,12545
46,56,47,199,67,63,309,5,23,42,8,3,3,252,15,359,1,4,36,15,5,54,4,5,16,3,1,2,31,86,94,0,3,1,267,120,22,7,161,0,40,15,80,12,7,0,1,117,28,3,880,196,6790,49,232,3828,171,390,886,366,1202,123,48,48,3692,5196,22959,380,5115,256,162,236,30,236,385,31,31,11,430,5292,49,210,1048,4591,157,41,349,4850,268,106,518,2,95,24,28,732,671,237,695,100
0,0,0,0,0,0,2,32,93,8,5,10,13,0,0,1,6,7,28,13,4,3,0,14,12,2,3,0,0,1,5,1,10,2,3,21,39,1,13,1,1,2,4,5,3,1,1,1,0,0,3,1,9,0,1,3,1201,4717,3840,1103,780,1912,6056,5626,91,263,380,7938,771,168,8161,796,161,72,937,13,25,5,16,6209,87,2156,125,209,124,40,227,35,119,21,40,4,42,71,152,3,11,14,97,83
6,4,10,32,8,8,61,63,186,145,22,27,33,127,12,338,16,36,415,52,59,107,8,89,61,1,12,9,44,129,222,6,31,2,268,537,134,16,596,5,90,58,235,24,22,5,3,25,11,22,177,43,453,11,36,344,268,1250,1444,8543,2474,664,160,115,967,1077,5115,771,19575,760,725,477,2492,1730,644,52,250,20,266,1855,65,401,534,899,205,70,1785,6292,229,223,1458,19,401,36,82,80,220,236,513,174
0,1,1,5,2,4,1,104,1208,17,23,129,257,25,7,23,3,10,34,1160,6,63,109,67,1597,29,172,6,3,11,15,19,584,10,17,69,86,174,23,8,10,6,23,140,462,5,28,7,2,2,40,12,90,0,4,38,1957,2200,487,4614,199,599,780,322,619,775,256,168,760,22371,97,1569,169,3203,217,372,529,37,152,575,575,10244,524,357,5365,265,126,80,244,5503,34,9,937,149,421,3,129,32,135,117
0,0,1,0,0,1,4,72,115,29,14,10,7,4,0,18,8,27,97,14,20,12,6,30,10,15,9,1,3,7,30,4,12,3,10,74,86,8,50,10,7,6,17,29,5,1,4,2,0,0,11,10,22,5,8,23,115,588,336,1138,7499,5444,5317,857,90,329,162,8161,725,97,15141,2567,203,93,6113,87,82,99,98,2048,209,1147,547,91,110,125,736,151,419,35,150,10,308,504,476,8,26,184,2020,3332
2,0,10,8,2,6,21,18,115,6,9,22,20,28,3,38,3,4,33,109,7,73,157,25,303,184,302,35,8,24,25,146,147,91,36,50,19,343,58,58,3,8,27,608,244,10,99,7,4,2,183,914,398,318,131,506,187,1369,284,1566,3591,7304,4589,187,453,384,236,796,477,1569,2567,43762,170,2370,614,770,2384,1516,3347,460,687,8183,939,89,477,1103,315,219,305,1378,371,193,4101,9572,4923,76,328,4742,2047,414
1,0,1,4,1,2,10,172,1152,16,35,74,234,6,3,30,31,23,79,296,26,32,10,127,197,8,51,3,4,5,24,6,98,10,18,84,209,15,49,4,7,5,28,28,31,0,9,6,2,4,7,4,4,0,4,6,192,551,40,10813,159,108,150,236,16,15,30,161,2492,169,203,170,5651,5412,68,34,1021,23,11,70,23,325,26,10,47,66,4866,1302,6,83,961,190,386,18,34,16,4,15,42,19
2,2,0,17,5,6,17,90,1278,15,32,242,175,45,18,59,7,16,41,1817,7,153,269,87,4056,56,505,14,15,53,22,64,1170,40,62,84,74,745,45,25,14,13,40,497,1357,16,45,8,4,6,46,16,95,3,16,78,89,208,57,5214,145,203,668,67,187,178,236,72,1730,3203,93,2370,5412,13442,47,151,9697,54,35,94,310,5507,129,88,784,211,928,770,46,978,1103,345,2318,132,388,101,52,17,71,36
0,1,0,3,2,0,3,13,25,10,4,7,4,7,0,39,0,17,70,6,6,10,3,15,12,4,4,1,2,14,22,1,6,0,18,77,32,2,39,2,5,3,21,7,6,0,1,2,0,0,12,13,39,3,7,29,141,326,325,284,1002,273,551,139,200,974,385,937,644,217,6113,614,68,47,9137,61,46,43,165,5520,198,811,933,1445,268,103,513,119,3519,75,180,5,124,154,226,3,33,95,1640,3826
0,0,0,2,3,0,1,4,23,11,7,3,2,4,3,5,1,1,4,16,1,61,135,5,75,608,160,36,2,2,3,280,46,215,5,5,4,118,12,125,1,2,3,1030,64,25,171,4,1,0,37,11,38,3,7,32,17,50,25,75,147,19,15,4,363,366,31,13,52,372,87,770,34,151,61,9732,782,26,268,54,8231,726,864,44,3159,4704,35,50,97,8251,110,59,3194,161,497,13,131,45,329,165
0,1,0,5,2,2,15,14,209,16,17,43,21,14,7,12,1,2,13,232,2,105,250,41,1036,616,536,90,7,14,9,324,284,285,20,20,10,444,23,237,3,3,14,1212,425,30,210,7,1,1,7,3,26,1,48,13,47,62,10,395,136,70,204,27,46,60,31,25,250,529,82,2384,1021,9697,46,782,15983,657,44,36,896,2194,107,15,906,1289,1029,279,21,1065,2119,6992,6459,201,737,280,29,21,104,39
0,0,2,1,1,0,0,0,4,1,2,0,0,1,0,3,0,0,1,7,0,8,13,3,7,30,55,181,1,2,3,30,6,361,3,3,12,9,13,667,3,1,1,203,4,32,104,9,0,0,25,45,23,22,23,40,9,48,5,34,227,38,17,3,83,58,11,5,20,37,99,1516,23,54,43,26,657,34109,1456,10,70,35,419,3,22,9925,146,21,22,29,174,10621,582,12051,279,39,68,314,346,63
9,8,19,25,9,12,33,3,12,15,2,0,1,57,3,98,0,3,27,6,5,17,1,2,13,7,8,2,14,39,52,4,7,6,74,65,11,2,110,5,15,5,53,16,2,1,1,26,5,1,546,1377,835,555,276,655,51,94,73,44,284,83,25,6,4620,821,430,16,266,152,98,3347,11,35,165,268,44,1456,138033,56,247,185,20958,90,440,546,310,263,387,314,326,63,175,2063,177,104,12190,24071,1711,256
1,1,1,1,0,1,3,15,47,9,2,12,11,12,2,22,2,3,29,22,4,24,5,13,27,3,4,0,4,9,25,3,11,4,22,51,22,3,43,3,13,2,14,8,13,0,1,3,0,2,15,0,64,2,1,15,764,2291,4553,487,326,393,966,564,293,926,5292,6209,1855,575,2048,460,70,94,5520,54,36,10,56,12193,179,1579,228,2368,525,71,236,94,788,110,79,2,63,62,203,8,26,19,158,160
0,0,0,0,0,1,3,2,9,7,2,1,2,3,1,5,0,1,4,12,0,64,106,5,52,340,107,34,2,0,1,270,47,277,2,5,2,73,6,202,1,2,2,806,43,15,158,2,1,1,18,11,28,5,2,20,32,73,32,77,253,24,41,17,206,412,49,87,65,575,209,687,23,310,198,8231,896,70,247,179,19098,3811,1032,60,6316,10619,37,26,198,1035,61,222,2021,695,7580,12,68,71,644,300
3,1,1,3,2,1,8,55,639,12,15,57,93,13,5,29,5,7,28,497,2,65,155,47,836,136,377,13,2,9,10,103,310,49,18,33,50,466,28,15,6,6,22,475,418,9,62,5,2,3,51,9,72,3,9,37,3506,1541,365,1554,396,902,7380,3710,493,873,210,2156,401,10244,1147,8183,325,5507,811,726,2194,35,185,1579,3811,34918,890,309,14101,426,260,107,549,2535,161,50,3149,465,7257,27,98,63,541,433
9,11,28,25,14,15,66,5,30,25,3,3,3,97,5,163,0,6,41,19,11,40,9,5,32,20,20,7,20,85,96,5,20,15,157,142,18,14,170,7,31,15,62,35,15,2,7,19,17,2,448,1561,1641,600,278,1056,276,358,188,143,577,104,117,50,13916,10648,1048,125,534,524,547,939,26,129,933,864,107,419,20958,228,1032,890,60596,357,2069,956,647,478,3134,824,582,37,397,371,441,215,1949,4732,22771,3184
6,2,3,12,7,2,25,3,21,7,1,1,5,67,0,86,0,2,4,13,2,38,1,2,17,1,3,1,9,46,36,2,7,1,94,99,10,3,59,1,17,4,38,6,6,2,0,8,8,2,48,8,166,3,14,61,181,480,335,161,135,52,37,48,656,6908,4591,209,899,357,91,89,10,88,1445,44,15,3,90,2368,60,309,357,6806,270,38,300,231,2053,142,204,0,43,17,51,48,89,21,136,117
0,0,1,3,0,1,1,15,90,13,6,23,23,20,7,10,4,5,12,142,3,32,136,16,436,159,235,10,1,13,5,106,163,70,12,13,15,428,11,18,2,6,4,477,335,15,69,1,3,1,27,17,40,6,8,30,157,292,199,187,167,48,71,28,750,1242,157,124,205,5365,110,477,47,784,268,3159,906,22,440,525,6316,14101,2069,270,10577,1524,72,43,456,2801,68,38,901,121,638,5,166,87,780,569
0,0,1,0,1,1,1,6,17,2,5,6,1,7,0,3,0,0,4,8,0,123,149,12,58,367,268,257,10,8,1,479,32,2010,5,5,13,67,23,1820,5,0,3,2058,40,198,922,17,0,0,21,25,47,10,20,30,20,55,18,84,276,54,31,9,325,314,41,40,70,265,125,1103,66,211,103,4704,1289,9925,546,71,10619,426,956,38,1524,43460,117,54,97,1554,266,4120,8102,4914,5221,45,136,136,458,206
1,1,7,18,6,6,37,172,697,107,28,73,102,98,8,155,32,33,169,57,39,59,8,125,38,6,19,16,30,91,128,5,41,13,204,332,752,7,570,25,60,20,134,23,16,4,6,28,6,9,90,36,65,11,67,89,262,743,180,4084,896,209,182,184,414,365,349,227,1785,126,736,315,4866,928,513,35,1029,146,310,236,37,260,647,300,72,117,4766,2193,210,52,7025,439,194,54,43,510,136,197,515,207
63,92,127,348,103,138,654,18,59,86,12,4,7,356,31,621,2,27,151,20,15,114,1,30,18,9,6,4,55,150,233,2,11,5,419,254,66,10,349,5,89,32,158,16,9,3,2,300,48,1,764,412,765,120,1313,1538,10,47,34,418,903,71,31,2,827,404,4850,35,6292,80,151,219,1302,770,119,50,279,21,263,94,26,107,478,231,43,54,2193,21182,53,129,14125,40,277,20,21,7134,375,170,414,80
0,0,0,0,0,0,11,2,7,6,4,1,1,18,1,32,0,2,18,13,2,24,2,2,15,3,0,2,7,24,24,1,8,4,26,77,8,2,21,2,7,6,10,8,7,1,2,1,0,1,9,29,51,4,9,21,168,306,122,62,340,46,109,36,706,10883,268,119,229,244,419,305,6,46,3519,97,21,22,387,788,198,549,3134,2053,456,97,210,53,11943,105,98,3,62,73,144,2,92,113,4189,6586
0,0,0,3,1,1,3,6,62,13,18,22,7,19,6,19,0,3,12,94,7,74,193,17,404,306,367,15,4,12,7,227,212,99,16,28,10,576,24,12,2,6,10,812,442,7,121,6,2,4,107,24,122,4,12,61,34,146,84,426,117,71,60,6,930,626,106,21,223,5503,35,1378,83,978,75,8251,1065,29,314,110,1035,2535,824,142,2801,1554,52,129,105,24193,192,38,9429,98,405,32,268,37,175,121
11,10,7,37,15,14,69,24,32,45,9,9,3,109,9,180,0,12,77,10,12,54,8,25,16,13,10,7,30,64,101,11,7,11,171,156,40,17,301,24,39,17,82,27,8,3,10,42,16,5,264,65,100,238,646,497,11,54,20,90,427,43,18,3,585,353,518,40,1458,34,150,371,961,1103,180,110,2119,174,326,79,61,161,582,204,68,266,7025,14125,98,192,22655,684,848,39,79,7803,222,131,231,94
0,1,0,0,0,2,0,1,8,1,2,1,0,1,1,2,0,0,0,3,1,108,72,21,37,149,366,752,6,4,0,232,8,2336,4,2,40,22,64,4061,2,1,1,1568,7,176,623,29,1,0,3,5,4,0,24,4,0,6,1,10,19,7,2,2,29,8,2,4,19,9,10,193,190,345,5,59,6992,10621,63,2,222,50,37,0,38,4120,439,40,3,38,684,26446,6197,1113,498,112,9,16,26,7
2,0,1,2,0,3,4,10,70,16,13,23,16,14,5,18,0,4,12,100,5,183,262,22,267,813,375,126,16,9,7,559,143,655,14,19,13,349,28,625,6,3,14,2122,229,79,425,8,0,1,62,6,82,2,25,42,14,143,30,442,405,152,156,12,293,202,95,42,401,937,308,4101,386,2318,124,3194,6459,582,175,63,2021,3149,397,43,901,8102,194,277,62,9429,848,6197,24004,574,1544,147,110,67,311,147
0,2,1,0,0,0,0,0,11,5,0,2,0,2,0,6,0,2,4,11,0,14,15,2,23,30,25,22,1,2,1,24,4,139,5,6,1,12,11,152,1,0,2,111,9,12,54,1,0,0,18,63,37,28,20,39,17,151,18,159,568,287,185,6,73,96,24,71,36,149,504,9572,18,132,154,161,201,12051,2063,62,695,465,371,17,121,4914,54,20,73,98,39,1113,574,19514,6980,9,38,535,396,124
2,0,0,0,0,0,0,1,13,3,4,2,0,5,0,4,0,1,4,17,0,30,58,3,47,134,63,29,3,1,2,111,17,255,7,8,4,51,3,188,0,0,1,413,33,27,123,3,0,0,10,5,12,6,4,9,36,112,23,145,414,97,96,22,90,221,28,152,82,421,476,4923,34,388,226,497,737,279,177,203,7580,7257,441,51,638,5221,43,21,144,405,79,498,1544,6980,15668,11,23,58,458,205
52,154,200,531,72,288,1249,2,2,10,0,0,0,80,8,295,0,0,3,0,0,20,0,0,5,4,2,4,15,18,11,1,2,5,156,8,11,1,43,12,11,5,23,11,2,1,0,521,16,0,350,185,188,169,4896,766,0,2,0,12,188,9,6,1,350,156,732,3,80,3,8,76,16,101,3,13,280,39,104,8,12,27,215,48,5,45,510,7134,2,32,7803,112,147,9,11,9487,791,53,101,18
8,10,30,52,12,24,60,1,10,12,2,1,1,77,7,88,0,0,1,3,0,13,2,1,7,4,3,0,9,15,18,1,9,1,77,27,2,3,45,1,10,4,19,6,5,0,0,39,4,0,8827,1381,1654,557,3486,679,14,69,69,56,170,17,15,3,14676,740,671,11,220,129,26,328,4,52,33,131,29,68,12190,26,68,98,1949,89,166,136,136,375,92,268,222,9,110,38,23,791,44502,557,576,62
0,1,7,9,2,2,8,2,5,4,3,0,0,15,2,39,0,1,19,4,1,5,1,9,5,5,1,4,3,10,9,1,0,2,30,32,5,2,31,0,7,1,8,8,1,0,0,8,0,0,168,508,305,214,105,428,9,17,24,66,13731,110,136,2,290,200,237,14,236,32,184,4742,15,17,95,45,21,314,24071,19,71,63,4732,21,87,136,197,170,113,37,131,16,67,535,58,53,557,42886,6938,230
2,6,5,7,2,1,24,14,12,18,4,1,3,30,2,57,0,6,49,9,13,11,10,12,12,11,2,2,7,18,33,6,2,6,41,53,9,8,64,3,11,6,23,39,4,1,3,2,3,4,260,897,1050,247,162,1029,53,84,46,140,20318,310,300,16,1193,4616,695,97,513,135,2020,2047,42,71,1640,329,104,346,1711,158,644,541,22771,136,780,458,515,414,4189,175,231,26,311,396,458,101,576,6938,28343,8895
0,0,0,4,1,0,3,3,6,3,2,2,2,3,1,13,1,4,26,3,7,7,2,9,9,4,1,0,0,3,8,3,0,4,7,28,9,3,14,2,1,1,4,18,4,0,1,0,0,1,23,36,81,10,7,42,83,102,33,57,2006,115,142,38,743,12545,100,83,174,117,3332,414,19,36,3826,165,39,63,256,160,300,433,3184,117,569,206,207,80,6586,121,94,7,147,124,205,18,62,230,8895,10524
