15535,6614,7899,1527,13523,1538,496,4,2,50,1,0,1,17993,104,200,0,1,7,4,1,507,3,3,2,0,2,13,734,779,9,8,1,6,24,5,15,1,10,2,251,203,35,2,13,6,3,17,2292,5,2,8,3,12,10,13,0,0,0,0,0,0,0,0,1,4,8,0,10,1,1,0,0,0,2,0,0,0,2,1,0,0,1,4,1,0,4,11,3,0,7,0,0,0,0,14,0,0,0,0
6614,18248,9247,10062,1543,734,730,16,8,192,10,1,4,3869,3912,387,1,6,20,15,5,892,0,2,8,3,3,5,546,795,22,19,7,2,142,12,60,5,35,3,287,412,65,7,33,7,1,102,648,37,13,69,50,17,91,50,0,0,1,1,5,0,1,0,21,16,57,0,13,0,1,1,0,2,2,0,1,0,12,5,0,0,9,30,2,0,9,108,7,1,52,0,1,0,0,112,5,2,3,5
7899,9247,24789,3277,4498,6765,7617,4,4,80,1,1,0,653,48,171,1,2,9,6,1,720,0,3,2,2,1,18,575,825,9,4,2,3,103,8,35,2,136,4,344,342,25,4,8,10,4,62,259,17,80,772,53,2057,139,188,0,1,0,1,2,0,0,1,13,15,25,0,7,1,1,6,1,0,1,0,0,0,13,5,0,0,11,20,4,0,12,90,2,0,32,0,1,0,0,90,3,3,2,0
1527,10062,3277,37734,1267,556,3965,101,48,622,39,5,13,2628,6080,4988,4,39,233,132,14,686,7,16,55,31,19,10,410,751,212,99,15,9,257,144,148,28,103,2,215,387,3139,62,166,8,21,256,592,146,16,161,117,38,209,138,2,2,1,5,8,1,0,0,45,29,125,0,32,3,0,6,5,3,2,1,7,0,17,13,0,5,28,41,6,2,31,198,11,3,102,1,7,0,2,283,10,3,5,7
13523,1543,4498,1267,22927,25609,610,15,2,101,4,0,0,5313,269,375,0,4,23,9,0,150,3,1,6,8,5,11,442,330,14,13,3,1,73,17,31,4,72,1,95,68,53,13,16,11,3,581,2980,25,2,18,11,56,13,15,0,0,0,1,1,0,0,1,2,5,7,0,6,1,0,0,1,1,1,0,0,0,3,2,1,0,1,6,1,0,3,31,3,0,12,0,0,0,0,22,2,0,2,0
1538,734,6765,556,25609,21633,12458,0,5,101,5,1,0,287,52,322,0,0,10,9,1,151,4,6,19,1,4,7,277,265,22,7,1,1,519,25,70,3,1747,5,96,70,41,20,5,3,4,6789,2426,17,75,183,86,1446,604,554,1,0,1,2,6,1,0,0,22,15,61,0,5,1,0,3,10,3,0,2,4,0,12,2,0,0,7,24,2,0,22,122,6,3,47,0,3,0,0,344,5,2,3,1
496,730,7617,3965,610,12458,27229,13,16,344,16,5,2,210,128,2581,1,4,39,23,3,322,9,13,41,7,8,1,116,257,19,20,6,0,2711,69,172,8,3756,0,101,164,35,30,23,2,7,2325,92,97,35,291,217,64,447,1086,1,1,2,5,11,2,0,1,72,51,178,0,23,5,0,9,11,7,4,1,2,0,23,21,2,1,25,56,4,0,34,348,14,3,112,0,6,0,0,559,15,9,15,1
4,16,4,101,15,0,13,36152,2342,175,1337,365,7637,150,300,317,2133,7282,1652,9681,284,2161,353,43,251,69,172,13,52,73,797,304,348,48,10,33,1477,187,31,12,19,42,603,195,1197,88,102,2,9,15,0,1,1,0,0,3,225,144,38,1023,29,32,32,166,3,5,8,49,106,656,23,23,46,318,14,8,89,0,2,23,4,146,11,6,59,2,572,17,6,18,4,2,29,0,6,1,2,1,8,5
2,8,4,48,2,5,16,2342,55163,364,686,716,607,23,51,246,405,81,7183,4030,421,1252,227,10197,7632,28,2164,12,54,61,184,72,154,49,47,847,19980,35,117,73,32,42,228,857,70,54,85,22,8,30,0,1,0,2,3,0,345,290,108,2020,73,81,41,153,9,11,13,109,217,575,65,35,82,254,23,14,71,0,3,34,7,131,14,4,57,9,1296,41,11,24,11,5,60,0,1,3,2,4,23,17
50,192,80,622,101,101,344,175,364,37055,6451,4288,138,389,712,1034,269,97,837,154,5040,4300,1274,245,88,54,71,17,158,607,790,645,1033,71,253,504,517,59,341,7,8856,11758,2772,379,122,256,887,267,91,5728,2,8,10,1,17,15,3,7,19,99,29,3,4,1,14,18,30,10,121,13,7,8,39,11,24,18,23,1,17,39,9,8,22,26,19,6,242,80,23,15,39,3,41,0,2,15,3,4,16,13
1,10,1,39,4,5,16,1337,686,6451,5698,12334,730,58,47,206,657,129,984,400,2514,4827,2545,81,96,28,66,15,38,130,161,64,368,47,28,137,124,34,58,12,42,105,313,172,26,212,232,18,2,55,1,1,0,1,0,0,1,1,2,41,6,1,2,2,1,1,6,0,25,7,2,5,9,5,5,3,7,0,3,6,3,5,4,1,4,4,57,12,7,6,8,1,15,0,0,0,0,2,1,2
0,1,1,5,0,1,5,365,716,4288,12334,28517,6490,52,68,22,3446,146,202,920,9203,1844,6002,117,669,50,306,11,47,335,120,237,5649,45,2,25,284,125,15,6,44,209,317,563,117,168,512,1,2,135,0,0,0,0,0,0,10,14,19,121,10,5,10,5,1,1,3,10,27,89,5,13,9,80,4,19,62,1,1,5,13,72,2,0,63,7,122,7,0,45,2,0,47,0,13,0,0,1,2,1
1,4,0,13,0,0,2,7637,607,138,730,6490,22875,110,166,43,8049,1097,203,1634,566,302,376,24,460,21,186,1,17,109,282,348,2796,11,3,15,410,29,5,5,12,27,268,122,325,35,101,0,1,28,0,1,0,0,1,0,69,42,6,286,5,2,16,55,0,2,2,12,15,347,4,11,10,163,2,4,60,0,1,2,4,88,0,1,34,0,120,0,1,15,1,0,15,1,3,0,0,0,1,0
17993,3869,653,2628,5313,287,210,150,23,389,58,52,110,81969,14590,867,36,96,220,249,167,531,36,40,62,58,54,22,5911,30044,495,709,396,25,349,193,638,46,308,8,399,927,2724,83,654,30,153,197,24470,2079,6,55,61,12,31,51,1,1,1,18,26,5,1,4,53,52,143,0,148,10,2,16,15,13,22,7,14,1,65,75,3,20,69,94,8,2,160,270,65,8,199,0,11,0,2,47,17,20,32,13
104,3912,48,6080,269,52,128,300,51,712,47,68,166,14590,25294,812,63,213,268,359,244,649,30,19,69,53,25,17,722,2620,873,504,366,21,123,116,199,55,93,4,445,823,11486,70,703,11,92,86,500,5720,2,28,26,4,28,20,0,0,0,14,10,0,2,3,11,15,52,3,49,12,2,5,12,20,7,4,14,0,16,19,5,17,19,28,13,0,58,70,10,16,50,1,13,1,2,26,2,5,8,4
200,387,171,4988,375,322,2581,317,246,1034,206,22,43,867,812,26504,19,325,5374,346,53,432,22,56,241,50,50,8,322,630,9510,86,21,24,2314,4567,673,65,423,5,177,212,4427,190,150,14,33,1126,188,190,20,171,147,37,137,159,0,1,8,20,47,6,1,4,75,65,201,2,180,14,9,27,30,10,31,7,8,0,44,79,0,16,53,88,9,2,166,427,79,11,236,0,14,3,3,215,23,14,32,20
0,1,1,4,0,0,1,2133,405,269,657,3446,8049,36,63,19,8097,3472,158,194,5630,276,439,40,51,7,23,0,12,83,1083,166,1124,11,2,15,99,12,7,1,7,35,356,49,80,25,107,0,1,35,0,0,0,0,0,0,9,19,9,156,2,7,4,3,1,0,1,16,20,13,3,3,7,10,4,2,10,0,1,5,0,13,0,0,1,1,103,4,4,3,0,0,12,0,1,0,0,0,1,0
1,6,2,39,4,0,4,7282,81,97,129,146,1097,96,213,325,3472,6381,3009,287,658,110,56,33,34,4,8,1,15,61,2620,130,413,4,0,29,146,11,12,0,23,20,742,32,252,5,24,1,8,17,0,0,0,0,0,0,6,4,11,73,26,4,0,3,3,5,6,11,62,12,5,1,28,9,13,2,2,0,1,18,1,7,7,2,3,0,114,10,6,5,4,0,6,1,0,0,0,1,10,5
7,20,9,233,23,10,39,1652,7183,837,984,202,203,220,268,5374,158,3009,13779,1837,388,631,86,1283,874,9,77,8,221,390,1975,61,79,15,109,2341,2298,26,245,18,137,230,1415,159,120,18,30,31,21,156,0,3,17,1,3,4,8,6,50,210,132,17,9,5,9,37,69,14,610,29,31,36,140,23,104,5,13,0,29,164,4,17,71,34,8,2,695,271,107,9,57,0,7,1,4,5,2,23,65,47
4,15,6,132,9,9,23,9681,4030,154,400,920,1634,249,359,346,194,287,1837,36761,160,1158,1113,284,2175,278,1560,22,90,209,512,1174,3406,143,33,216,1358,6836,44,21,25,50,591,1853,5364,161,354,11,14,36,0,2,3,1,0,0,166,69,19,603,16,20,200,273,11,10,12,34,97,1367,10,147,40,1251,15,39,564,4,10,20,38,978,4,21,498,15,235,21,8,175,6,4,185,3,30,1,0,2,5,4
1,5,1,14,0,1,3,284,421,5040,2514,9203,566,167,244,53,5630,658,388,160,13711,728,908,204,86,20,47,6,84,799,1911,448,1261,14,7,99,332,25,44,3,110,687,4151,128,109,51,342,1,2,1433,0,0,1,0,0,1,3,11,17,133,18,8,4,1,0,1,4,15,64,15,7,5,25,14,9,6,9,0,0,19,1,9,4,3,10,0,205,12,8,11,3,1,12,0,3,0,0,0,4,7
507,892,720,686,150,151,322,2161,1252,4300,4827,1844,302,531,649,432,276,110,631,1158,728,26620,4589,150,392,345,408,1401,4017,688,251,392,232,970,84,238,282,244,201,284,12706,1941,777,1889,150,5929,1265,77,152,414,0,6,4,1,5,7,3,5,5,36,22,2,11,4,10,14,25,2,103,41,7,17,29,37,31,37,40,1,11,42,26,34,17,17,44,41,88,80,38,39,30,38,133,1,15,6,1,6,10,13
3,0,0,7,3,4,9,353,227,1274,2545,6002,376,36,30,22,439,56,86,1113,908,4589,15272,85,932,648,1066,176,112,154,46,744,4224,581,8,32,93,745,89,85,40,132,113,4299,318,5574,8203,26,2,59,0,0,1,0,3,0,1,1,2,23,4,1,15,3,2,2,2,3,4,52,2,39,12,67,2,122,207,2,1,6,68,102,2,1,133,39,18,5,3,197,2,31,410,2,43,2,1,1,1,0
3,2,3,16,1,6,13,43,10197,245,81,117,24,40,19,56,40,33,1283,284,204,150,85,6117,1811,32,775,13,95,166,71,90,60,71,154,4768,4830,17,4395,279,58,125,131,1110,29,22,65,61,7,50,1,0,1,0,1,0,4,5,17,73,29,3,0,3,4,6,14,6,134,20,11,4,38,14,19,13,32,2,5,29,8,15,3,6,10,20,211,36,18,18,10,14,71,1,3,1,1,2,20,7
2,8,2,55,6,19,41,251,7632,88,96,669,460,62,69,241,51,34,874,2175,86,392,932,1811,13282,117,13498,18,25,98,112,391,1723,108,120,770,1845,515,348,146,6,24,148,4133,617,124,285,95,6,27,0,2,4,0,6,4,47,20,7,187,7,8,106,53,12,8,18,6,38,638,5,107,39,784,11,114,772,4,4,14,56,783,6,16,647,46,93,18,10,506,8,26,454,3,67,9,2,2,8,2
0,3,2,31,8,1,7,69,28,54,28,50,21,58,53,50,7,4,9,278,20,345,648,32,117,12667,269,22,18,44,38,8237,105,2596,9,23,39,5566,78,51,5,15,78,10952,2886,183,1034,23,2,6,0,0,1,0,2,0,0,1,0,2,2,3,1,2,4,1,0,1,2,4,7,45,3,30,3,257,293,5,1,1,183,23,2,0,22,180,1,1,2,73,0,129,1091,1,95,1,0,0,2,2
2,3,1,19,5,4,8,172,2164,71,66,306,186,54,25,50,23,8,77,1560,47,408,1066,775,13498,269,21212,386,34,59,29,816,1054,775,38,315,3555,660,2116,6520,7,22,58,13840,955,237,791,140,5,24,0,4,1,0,3,0,5,1,2,23,2,4,13,10,3,11,5,2,16,83,3,81,20,209,6,394,663,22,6,8,197,219,3,7,316,219,12,6,8,522,7,335,1331,4,127,8,0,0,2,3
13,5,18,10,11,7,1,13,12,17,15,11,1,22,17,8,0,1,8,22,6,1401,176,13,18,22,386,60555,1598,112,6,35,16,7991,8,14,110,3,125,13950,266,49,17,387,13,16300,4533,14,24,7,0,2,0,0,0,0,0,0,0,0,1,0,0,0,0,0,1,1,4,0,1,6,4,4,1,3,26,62,1,1,4,1,1,0,3,144,5,2,3,1,2,643,89,0,2,0,0,0,1,0
734,546,575,410,442,277,116,52,54,158,38,47,17,5911,722,322,12,15,221,90,84,4017,112,95,25,18,34,1598,100794,14092,203,195,92,276,91,229,377,24,191,178,22932,788,686,157,117,1984,189,78,8841,163,4,5,19,7,8,7,0,3,9,15,33,1,4,0,9,20,48,2,167,4,7,16,34,2,26,0,4,1,22,56,2,9,30,37,4,3,99,134,50,3,53,8,12,0,0,12,2,13,17,21
779,795,825,751,330,265,257,73,61,607,130,335,109,30044,2620,630,83,61,390,209,799,688,154,166,98,44,59,112,14092,64949,494,1324,1085,55,172,428,839,48,375,16,10111,8174,3520,167,621,121,390,108,2332,2290,1,15,37,6,7,9,1,0,10,22,42,3,4,3,27,35,98,1,245,16,10,22,34,16,51,6,21,2,36,107,0,20,47,67,23,2,197,262,94,17,131,3,15,0,5,23,8,14,43,29
9,22,9,212,14,22,19,797,184,790,161,120,282,495,873,9510,1083,2620,1975,512,1911,251,46,71,112,38,29,6,203,494,16803,210,231,12,91,563,399,71,166,4,95,166,12014,102,359,12,58,149,49,186,2,13,28,4,4,12,3,3,9,38,28,6,2,9,19,22,37,1,166,11,3,15,25,7,27,6,13,0,16,49,3,10,32,26,7,0,120,115,42,6,60,0,7,0,2,22,6,10,21,11
8,19,4,99,13,7,20,304,72,645,64,237,348,709,504,86,166,130,61,1174,448,392,744,90,391,8237,816,35,195,1324,210,45489,6936,3131,11,55,51,1469,130,59,105,319,679,5935,12992,336,13190,51,39,243,0,0,0,0,8,3,1,3,1,12,3,3,1,1,2,6,5,2,3,19,6,99,14,68,4,321,337,8,0,5,167,82,4,3,147,152,9,1,4,223,1,125,918,5,105,4,1,0,3,1
1,7,2,15,3,1,6,348,154,1033,368,5649,2796,396,366,21,1124,413,79,3406,1261,232,4224,60,1723,105,1054,16,92,1085,231,6936,13988,93,7,30,115,533,52,6,96,345,584,1868,2934,176,3405,14,14,315,0,0,1,0,0,0,9,10,4,68,3,7,36,22,3,9,5,6,15,245,3,80,14,270,4,91,278,2,1,9,41,269,3,9,211,15,40,4,1,179,2,12,202,3,40,3,0,0,4,1
6,2,3,9,1,1,0,48,49,71,47,45,11,25,21,24,11,4,15,143,14,970,581,71,108,2596,775,7991,276,55,12,3131,93,33741,10,36,219,120,349,6400,62,21,44,8579,374,6177,19353,38,4,14,0,1,0,0,5,0,0,0,2,2,2,3,5,0,0,1,0,0,3,4,0,39,1,14,4,115,170,85,0,2,117,10,1,0,12,1059,1,1,1,19,4,1439,956,16,60,1,0,0,2,1
24,142,103,257,73,519,2711,10,47,253,28,2,3,349,123,2314,2,0,109,33,7,84,8,154,120,9,38,8,91,172,91,11,7,10,8265,722,714,8,5734,19,31,50,216,96,7,3,7,7377,102,35,20,112,105,23,97,96,1,0,4,2,26,3,0,1,43,33,151,0,70,4,2,17,10,1,9,4,1,0,30,32,1,3,30,60,7,0,96,279,37,8,164,2,6,0,1,162,6,14,16,8
5,12,8,144,17,25,69,33,847,504,137,25,15,193,116,4567,15,29,2341,216,99,238,32,4768,770,23,315,14,229,428,563,55,30,36,722,12513,3204,11,3859,151,152,172,634,574,16,13,26,205,33,127,1,11,18,3,7,8,0,4,17,37,62,10,6,2,16,30,95,2,434,11,11,24,79,6,80,5,12,0,32,125,5,7,57,50,8,4,296,266,113,9,99,7,20,1,3,17,4,23,57,38
15,60,35,148,31,70,172,1477,19980,517,124,284,410,638,199,673,99,146,2298,1358,332,282,93,4830,1845,39,3555,110,377,839,399,51,115,219,714,3204,4663,9,7173,1303,206,249,710,941,33,39,74,500,47,257,1,16,15,2,17,14,50,37,14,236,23,8,6,32,6,15,32,7,130,59,5,12,41,37,29,9,23,1,15,49,2,29,33,21,11,18,1438,99,21,7,37,44,40,0,3,23,5,5,23,11
1,5,2,28,4,3,8,187,35,59,34,125,29,46,55,65,12,11,26,6836,25,244,745,17,515,5566,660,3,24,48,71,1469,533,120,8,11,9,18040,31,11,6,18,82,10633,4441,105,505,17,2,11,0,0,2,0,0,1,1,1,0,15,0,9,23,0,2,8,4,0,7,66,4,89,17,139,4,251,418,4,1,5,161,235,5,8,363,69,1,5,6,391,4,20,675,2,100,2,1,0,0,3
10,35,136,103,72,1747,3756,31,117,341,58,15,5,308,93,423,7,12,245,44,44,201,89,4395,348,78,2116,125,191,375,166,130,52,349,5734,3859,7173,31,30735,2113,95,106,266,2530,38,75,136,8504,96,78,2,21,17,4,35,16,0,0,11,18,19,2,1,1,16,28,51,2,170,5,6,16,24,4,17,22,30,5,20,69,14,9,38,42,14,33,147,141,55,19,82,69,83,0,8,39,3,12,18,14
2,3,4,2,1,5,0,12,73,7,12,6,5,8,4,5,1,0,18,21,3,284,85,279,146,51,6520,13950,178,16,4,59,6,6400,19,151,1303,11,2113,44858,33,14,10,11755,10,1931,586,191,8,3,0,2,0,0,7,1,0,0,0,0,0,1,1,0,0,0,0,0,3,1,2,26,5,16,1,47,280,429,1,2,80,6,2,1,4,1723,15,2,2,9,33,6571,963,45,51,8,0,0,1,2
251,287,344,215,95,96,101,19,32,8856,42,44,12,399,445,177,7,23,137,25,110,12706,40,58,6,5,7,266,22932,10111,95,105,96,62,31,152,206,6,95,33,68109,9832,394,33,41,236,77,26,191,610,1,1,5,2,1,6,1,1,3,14,17,1,2,0,10,8,18,1,73,3,6,5,16,1,12,1,2,0,4,32,1,2,9,12,1,1,47,47,35,1,18,0,4,0,0,3,0,3,8,2
203,412,342,387,68,70,164,42,42,11758,105,209,27,927,823,212,35,20,230,50,687,1941,132,125,24,15,22,49,788,8174,166,319,345,21,50,172,249,18,106,14,9832,16292,1230,80,109,66,221,30,59,7458,1,5,6,4,5,3,0,0,4,17,17,0,1,1,9,6,14,2,91,7,5,5,16,2,21,2,10,1,10,24,5,5,14,10,3,3,88,38,22,7,42,1,6,0,4,3,2,1,13,8
35,65,25,3139,53,41,35,603,228,2772,313,317,268,2724,11486,4427,356,742,1415,591,4151,777,113,131,148,78,58,17,686,3520,12014,679,584,44,216,634,710,82,266,10,394,1230,31853,151,719,23,169,195,135,7919,4,27,19,4,16,24,6,1,24,51,40,9,2,3,18,22,71,4,206,32,8,18,36,15,55,7,15,0,25,96,7,15,44,50,18,5,159,223,56,20,93,0,22,1,4,34,8,15,26,22
2,7,4,62,13,20,30,195,857,379,172,563,122,83,70,190,49,32,159,1853,128,1889,4299,1110,4133,10952,13840,387,157,167,102,5935,1868,8579,96,574,941,10633,2530,11755,33,80,151,70114,1811,1464,4780,462,14,39,0,2,4,5,31,9,5,8,5,38,14,14,26,2,18,24,4,10,18,56,31,273,30,237,13,1295,1615,94,3,9,799,293,9,7,507,1646,28,8,19,620,23,1534,5218,34,465,30,1,0,6,8
13,33,8,166,16,5,23,1197,70,122,26,117,325,654,703,150,80,252,120,5364,109,150,318,29,617,2886,955,13,117,621,359,12992,2934,374,7,16,33,4441,38,10,41,109,719,1811,6694,48,737,16,34,70,0,0,3,0,1,1,2,4,2,31,4,7,47,5,13,16,5,3,13,155,3,143,26,321,11,279,553,6,0,17,131,463,9,10,681,77,11,14,13,660,3,21,828,2,109,1,1,2,3,1
6,7,10,8,11,3,2,88,54,256,212,168,35,30,11,14,25,5,18,161,51,5929,5574,22,124,183,237,16300,1984,121,12,336,176,6177,3,13,39,105,75,1931,236,66,23,1464,48,20108,9175,7,19,18,0,0,0,0,0,0,0,0,0,2,2,0,6,1,1,1,2,0,3,6,0,5,1,8,3,23,30,10,0,0,22,9,0,0,3,111,3,2,2,19,2,143,129,4,18,0,0,0,0,1
3,1,4,21,3,4,7,102,85,887,232,512,101,153,92,33,107,24,30,354,342,1265,8203,65,285,1034,791,4533,189,390,58,13190,3405,19353,7,26,74,505,136,586,77,221,169,4780,737,9175,40026,35,13,108,0,0,1,0,2,0,0,1,2,4,4,0,5,1,3,2,1,2,1,5,2,67,2,32,2,214,224,20,0,0,114,51,1,1,80,365,10,0,3,136,3,364,811,4,73,2,0,0,0,0
17,102,62,256,581,6789,2325,2,22,267,18,1,0,197,86,1126,0,1,31,11,1,77,26,61,95,23,140,14,78,108,149,51,14,38,7377,205,500,17,8504,191,26,30,195,462,16,7,35,11066,1345,16,17,148,92,43,362,145,0,0,1,2,12,0,0,1,19,11,81,0,22,1,0,5,7,6,1,3,15,0,11,12,0,2,16,26,4,5,36,152,9,9,59,5,25,0,6,362,6,0,4,1
2292,648,259,592,2980,2426,92,9,8,91,2,2,1,24470,500,188,1,8,21,14,2,152,2,7,6,2,5,24,8841,2332,49,39,14,4,102,33,47,2,96,8,191,59,135,14,34,19,13,1345,16772,18,0,8,7,5,9,11,0,0,0,0,7,0,1,0,2,8,21,1,14,0,0,3,2,1,4,0,0,0,3,7,1,4,7,8,1,0,11,29,5,0,21,0,0,0,0,15,2,3,6,2
5,37,17,146,25,17,97,15,30,5728,55,135,28,2079,5720,190,35,17,156,36,1433,414,59,50,27,6,24,7,163,2290,186,243,315,14,35,127,257,11,78,3,610,7458,7919,39,70,18,108,16,18,10866,1,3,4,1,2,0,0,2,7,12,9,3,2,0,3,5,13,0,89,1,0,8,15,3,6,2,0,0,4,31,0,5,8,7,3,0,58,47,16,1,19,0,2,0,1,3,1,2,11,8
2,13,80,16,2,75,35,0,0,2,1,0,0,6,2,20,0,0,0,0,0,0,0,1,0,0,0,0,4,1,2,0,0,0,20,1,1,0,2,0,1,1,4,0,0,0,0,17,0,1,49039,17381,5892,12369,27137,1038,3,3,4,3,99,3,2,1,11589,508,223,1,22,3,3,206,15,7,5,2,3,9,1345,18,6,15,814,93,24,7,40,234,29,5,142,0,3,5,4,860,10671,235,170,30
8,69,772,161,18,183,291,1,1,8,1,0,1,55,28,171,0,0,3,2,0,6,0,0,2,0,4,2,5,15,13,0,0,1,112,11,16,0,21,2,1,5,27,2,0,0,0,148,8,3,17381,64916,9376,9130,2555,6346,4,3,3,8,619,16,6,3,10104,237,297,1,38,7,10,917,4,3,20,3,0,8,1224,23,3,7,1456,112,18,5,73,429,56,10,162,0,2,30,4,240,1021,614,1284,73
3,50,53,117,11,86,217,1,0,10,0,0,0,61,26,147,0,0,17,3,1,4,1,1,4,1,1,0,19,37,28,0,1,0,105,18,15,2,17,0,5,6,19,4,3,0,1,92,7,4,5892,9376,40876,244,611,6771,12,11,21,23,866,31,9,21,12401,7850,5235,5,116,60,15,684,22,30,29,38,11,8,1158,112,19,114,1083,545,182,16,196,1356,98,56,199,3,19,17,12,345,1827,414,1172,73
12,17,2057,38,56,1446,64,0,2,1,1,0,0,12,4,37,0,0,1,1,0,1,0,0,0,0,0,0,7,6,4,0,0,0,23,3,2,0,4,0,2,4,4,5,0,0,0,43,5,1,12369,9130,244,32007,22758,7722,0,0,1,1,60,1,0,1,147,30,76,1,10,6,2,107,8,2,6,2,3,3,244,6,4,10,409,17,9,1,31,405,9,6,54,1,4,2,0,1154,190,117,127,14
10,91,139,209,13,604,447,0,3,17,0,0,1,31,28,137,0,0,3,0,0,5,3,1,6,2,3,0,8,7,4,8,0,5,97,7,17,0,35,7,1,5,16,31,1,0,2,362,9,2,27137,2555,611,22758,24315,6809,0,3,2,5,76,4,2,5,211,40,201,2,22,21,1,45,69,20,4,7,13,1,75,10,1,9,86,26,21,2,96,2827,6,9,418,1,12,1,1,6036,5115,21,47,5
13,50,188,138,15,554,1086,3,0,15,0,0,0,51,20,159,0,0,4,0,1,7,0,0,4,0,0,0,7,9,12,3,0,0,96,8,14,1,16,1,6,3,24,9,1,0,0,145,11,0,1038,6346,6771,7722,6809,18171,1,5,4,11,165,7,1,4,169,76,531,6,19,29,3,130,19,9,5,6,12,0,121,17,4,21,163,43,32,0,78,1644,17,20,141,0,4,2,6,573,74,67,179,14
0,0,0,2,0,1,1,225,345,3,1,10,69,1,0,0,9,6,8,166,3,3,1,4,47,0,5,0,0,1,3,1,9,0,1,0,50,1,0,0,1,0,6,5,2,0,0,0,0,0,3,4,12,0,0,1,3926,5978,461,317,24,52,59,6550,12,18,53,1268,199,2709,17,168,10,45,10,26,26,2,5,232,27,1568,9,58,290,15,344,8,8,15,1,2,17,6,17,0,0,1,4,0
0,0,1,2,0,0,1,144,290,7,1,14,42,1,0,1,19,4,6,69,11,5,1,5,20,1,1,0,3,0,3,3,10,0,0,4,37,1,0,0,1,0,1,8,4,0,1,0,0,2,3,3,11,0,3,5,5978,15710,3999,3255,57,281,229,2553,7,22,90,7536,583,3249,88,830,8,104,22,44,28,6,5,156,43,906,5,59,515,39,466,11,5,51,4,6,50,19,49,1,1,0,9,2
0,1,0,1,0,1,2,38,108,19,2,19,6,1,0,8,9,11,50,19,17,5,2,17,7,0,2,0,9,10,9,1,4,2,4,17,14,0,11,0,3,4,24,5,2,0,2,1,0,7,4,3,21,1,2,4,461,3999,2248,2339,148,319,95,285,12,11,142,4139,2858,316,53,657,17,30,32,17,11,2,8,2247,18,279,13,56,145,25,343,37,10,20,14,5,18,9,31,5,3,5,25,8
0,1,1,5,1,2,5,1023,2020,99,41,121,286,18,14,20,156,73,210,603,133,36,23,73,187,2,23,0,15,22,38,12,68,2,2,37,236,15,18,0,14,17,51,38,31,2,4,2,0,12,3,8,23,1,5,11,317,3255,2339,51690,438,525,249,219,22,32,149,190,3463,6243,243,804,18044,7588,64,77,1378,8,12,66,62,406,40,38,285,52,17603,275,27,217,69,10,300,14,78,11,8,15,68,30
0,5,2,8,1,6,11,29,73,29,6,10,5,26,10,47,2,26,132,16,18,22,4,29,7,2,2,1,33,42,28,3,3,2,26,62,23,0,19,0,17,17,40,14,4,2,4,12,7,9,99,619,866,60,76,165,24,57,148,438,42719,5168,1154,40,426,687,441,287,921,60,9002,3222,406,43,1182,66,26,34,244,536,106,129,645,535,56,169,966,409,438,33,267,31,165,89,200,129,59,23806,28629,7564
0,0,0,1,0,1,2,32,81,3,1,5,2,5,0,6,7,4,17,20,8,2,1,3,8,3,4,0,1,3,6,3,7,3,3,10,8,9,2,1,1,0,9,14,7,0,0,0,0,3,3,16,31,1,4,7,52,281,319,525,5168,8746,7459,364,12,49,79,1907,449,96,9471,8745,104,85,763,33,55,12,35,421,59,280,69,40,43,113,221,67,119,67,32,20,142,106,245,13,8,29,149,113
0,1,0,0,0,0,0,32,41,4,2,10,16,1,2,1,4,0,9,200,4,11,15,0,106,1,13,0,4,4,2,1,36,5,0,6,6,23,1,1,2,1,2,26,47,6,5,0,1,2,2,6,9,0,2,1,59,229,95,249,1154,7459,20138,7116,34,75,44,4930,108,449,5448,7719,29,573,572,52,274,22,19,685,100,5082,37,74,128,140,116,14,146,94,8,23,195,113,364,1,2,10,55,68
0,0,1,0,1,0,1,166,153,1,2,5,55,4,3,4,3,3,5,273,1,4,3,3,53,2,10,0,0,3,9,1,22,0,1,2,32,0,1,0,0,1,3,2,5,1,1,1,0,0,1,3,21,1,5,4,6550,2553,285,219,40,364,7116,21460,83,179,75,5253,186,685,915,647,12,177,184,25,68,4,30,1059,20,3532,36,191,192,21,182,6,87,29,6,9,39,21,64,2,13,5,19,9
1,21,13,45,2,22,72,3,9,14,1,1,0,53,11,75,1,3,9,11,0,10,2,4,12,4,3,0,9,27,19,2,3,0,43,16,6,2,16,0,10,9,18,18,13,1,3,19,2,3,11589,10104,12401,147,211,169,12,7,12,22,426,12,34,83,65454,18905,499,8,85,64,18,558,24,21,123,175,31,23,9918,197,249,550,18189,1942,839,135,182,245,3008,148,184,10,64,35,154,83,11847,572,1142,455
4,16,15,29,5,15,51,5,11,18,1,1,2,52,15,65,0,5,37,10,1,14,2,6,8,1,11,0,20,35,22,6,9,1,33,30,15,8,28,0,8,6,22,24,16,1,2,11,8,5,508,237,7850,30,40,76,18,22,11,32,687,49,75,179,18905,33058,1301,19,187,97,101,549,30,37,386,163,43,20,1556,347,328,845,6008,5854,843,172,244,203,10695,163,167,17,100,28,260,70,773,386,2418,9225
8,57,25,125,7,61,178,8,13,30,6,3,2,143,52,201,1,6,69,12,4,25,2,14,18,0,5,1,48,98,37,5,5,0,151,95,32,4,51,0,18,14,71,4,5,2,1,81,21,13,223,297,5235,76,201,531,53,90,142,149,441,79,44,75,499,1301,10732,50,3684,190,32,256,59,98,195,36,35,5,308,4929,33,256,381,3783,314,14,609,3708,213,119,469,1,44,7,27,1067,147,112,258,72
0,0,0,0,0,0,0,49,109,10,0,10,12,0,3,2,16,11,14,34,15,2,3,6,6,1,2,1,2,1,1,2,6,0,0,2,7,0,2,0,1,2,4,10,3,0,2,0,1,0,1,1,5,1,2,6,1268,7536,4139,190,287,1907,4930,5253,8,19,50,12823,290,75,7240,1380,18,40,500,21,21,9,6,3552,50,1015,9,53,114,53,408,16,36,16,8,6,62,44,180,0,0,5,28,12
10,13,7,32,6,5,23,106,217,121,25,27,15,148,49,180,20,62,610,97,64,103,4,134,38,2,16,4,167,245,166,3,15,3,70,434,130,7,170,3,73,91,206,18,13,3,1,22,14,89,22,38,116,10,22,19,199,583,2858,3463,921,449,108,186,85,187,3684,290,13145,895,129,687,3817,648,438,42,141,3,148,4871,33,426,315,571,314,37,4205,3186,481,135,599,17,149,8,56,98,29,110,268,170
1,0,1,3,1,1,5,656,575,13,7,89,347,10,12,14,13,12,29,1367,15,41,52,20,638,4,83,0,4,16,11,19,245,4,4,11,59,66,5,1,3,7,32,56,155,6,5,1,0,1,3,7,60,6,21,29,2709,3249,316,6243,60,96,449,685,64,97,190,75,895,18209,26,668,198,4263,20,196,1094,8,32,94,146,7874,34,124,5008,85,712,117,28,2909,19,4,543,16,146,20,16,12,18,13
1,1,1,0,0,0,0,23,65,7,2,5,4,2,2,9,3,5,31,10,7,7,2,11,5,7,3,1,7,10,3,6,3,0,2,11,5,4,6,2,6,5,8,31,3,0,2,0,0,0,3,10,15,2,1,3,17,88,53,243,9002,9471,5448,915,18,101,32,7240,129,26,18201,3331,128,37,5274,112,45,37,51,2523,181,327,156,19,44,261,300,45,228,37,35,45,257,133,464,1,3,56,856,1270
0,1,6,6,0,3,9,23,35,8,5,13,11,16,5,27,3,1,36,147,5,17,39,4,107,45,81,6,16,22,15,99,80,39,17,24,12,89,16,26,5,5,18,273,143,5,67,5,3,8,206,917,684,107,45,130,168,830,657,804,3222,8745,7719,647,558,549,256,1380,687,668,3331,55781,137,821,1101,774,1168,2269,2468,711,1163,4794,1223,387,584,2570,293,211,594,925,119,541,2998,10189,12929,39,76,4438,2630,451
0,0,1,5,1,10,11,46,82,39,9,9,10,15,12,30,7,28,140,40,25,29,12,38,39,3,20,4,34,34,25,14,14,1,10,79,41,17,24,5,16,16,36,30,26,1,2,7,2,15,15,4,22,8,69,19,10,8,17,18044,406,104,29,12,24,30,59,18,3817,198,128,137,10613,4980,90,37,1348,12,24,68,24,103,83,25,31,24,10023,4493,75,80,2611,425,623,8,28,372,34,36,79,44
0,2,0,3,1,3,7,318,254,11,5,80,163,13,20,10,10,9,23,1251,14,37,67,14,784,30,209,4,2,16,7,68,270,14,1,6,37,139,4,16,1,2,15,237,321,8,32,6,1,3,7,3,30,2,20,9,45,104,30,7588,43,85,573,177,21,37,98,40,648,4263,37,821,4980,21638,21,158,15681,61,7,22,145,2274,25,43,422,131,1331,359,31,1613,650,1739,3070,35,243,142,12,5,8,9
2,2,1,2,1,0,4,14,23,24,5,4,2,22,7,31,4,13,104,15,9,31,2,19,11,3,6,1,26,51,27,4,4,4,9,80,29,4,17,1,12,21,55,13,11,3,2,1,4,6,5,20,29,6,4,5,10,22,32,64,1182,763,572,184,123,386,195,500,438,20,5274,1101,90,21,7428,99,38,27,120,3257,212,625,491,619,175,171,617,186,2439,74,156,25,134,53,382,13,10,101,819,2603
0,0,0,1,0,2,1,8,14,18,3,19,4,7,4,7,2,2,5,39,6,37,122,13,114,257,394,3,0,6,6,321,91,115,4,5,9,251,22,47,1,2,7,1295,279,23,214,3,0,2,2,3,38,2,7,6,26,44,17,77,66,33,52,25,175,163,36,21,42,196,112,774,37,158,99,32067,665,90,73,69,8525,967,158,102,5352,6856,19,27,91,10209,32,137,8456,52,895,12,9,15,60,75
0,1,0,7,0,4,2,89,71,23,7,62,60,14,14,8,10,2,13,564,9,40,207,32,772,293,663,26,4,21,13,337,278,170,1,12,23,418,30,280,2,10,15,1615,553,30,224,15,0,0,3,0,11,3,13,12,26,28,11,1378,26,55,274,68,31,43,35,21,141,1094,45,1168,1348,15681,38,665,23350,531,15,32,509,1627,25,23,995,683,709,172,26,955,1069,10415,14175,58,581,125,14,3,13,19
0,0,0,0,0,0,0,0,0,1,0,1,0,1,0,0,0,0,0,4,0,1,2,2,4,5,22,62,1,2,0,8,2,85,0,0,1,4,5,429,0,1,0,94,6,10,20,0,0,0,9,8,8,3,1,0,2,6,2,8,34,12,22,4,23,20,5,9,3,8,37,2269,12,61,27,90,531,48760,1341,14,306,45,66,10,38,9275,77,5,30,30,163,13161,267,19919,1109,6,12,397,29,16
2,12,13,17,3,12,23,2,3,17,3,1,1,65,16,44,1,1,29,10,0,11,1,5,4,1,6,1,22,36,16,0,1,0,30,32,15,1,20,1,4,10,25,3,0,0,0,11,3,4,1345,1224,1158,244,75,121,5,5,8,12,244,35,19,30,9918,1556,308,6,148,32,51,2468,24,7,120,73,15,1341,145440,145,91,169,30090,585,309,170,251,230,1050,55,200,40,35,1741,94,41,15396,25765,1415,425
1,5,5,13,2,2,21,23,34,39,6,5,2,75,19,79,5,18,164,20,19,42,6,29,14,1,8,1,56,107,49,5,9,2,32,125,49,5,69,2,32,24,96,9,17,0,0,12,7,31,18,23,112,6,10,17,232,156,2247,66,536,421,685,1059,197,347,4929,3552,4871,94,2523,711,68,22,3257,69,32,14,145,11835,180,1335,273,5461,481,86,686,227,1047,87,212,8,83,19,283,43,40,64,263,176
0,0,0,0,1,0,2,4,7,9,3,13,4,3,5,0,0,1,4,38,1,26,68,8,56,183,197,4,2,0,3,167,41,117,1,5,2,161,14,80,1,5,7,799,131,22,114,0,1,0,6,3,19,4,1,4,27,43,18,62,106,59,100,20,249,328,33,50,33,146,181,1163,24,145,212,8525,509,306,91,180,28492,5779,247,147,3426,8595,22,20,244,876,23,255,3217,637,11892,10,22,16,94,113
0,0,0,5,0,0,1,146,131,8,5,72,88,20,17,16,13,7,17,978,9,34,102,15,783,23,219,1,9,20,10,82,269,10,3,7,29,235,9,6,2,5,15,293,463,9,51,2,4,5,15,7,114,10,9,21,1568,906,279,406,129,280,5082,3532,550,845,256,1015,426,7874,327,4794,103,2274,625,967,1627,45,169,1335,5779,31484,374,632,14536,666,142,90,633,1557,46,40,1393,81,10050,15,66,36,111,154
1,9,11,28,1,7,25,11,14,22,4,2,0,69,19,53,0,7,71,4,4,17,2,3,6,2,3,1,30,47,32,4,3,1,30,57,33,5,38,2,9,14,44,9,9,0,1,16,7,8,814,1456,1083,409,86,163,9,5,13,40,645,69,37,36,18189,6008,381,9,315,34,156,1223,83,25,491,158,25,66,30090,273,247,374,71978,862,568,161,587,417,2472,88,373,18,109,154,146,68,3490,13470,31567,4150
4,30,20,41,6,24,56,6,4,26,1,0,1,94,28,88,0,2,34,21,3,17,1,6,16,0,7,0,37,67,26,3,9,0,60,50,21,8,42,1,12,10,50,7,10,0,1,26,8,7,93,112,545,17,26,43,58,59,56,38,535,40,74,191,1942,5854,3783,53,571,124,19,387,25,43,619,102,23,10,585,5461,147,632,862,10406,665,46,352,266,3772,129,260,4,44,12,118,66,238,179,523,104
1,2,4,6,1,2,4,59,57,19,4,63,34,8,13,9,1,3,8,498,10,44,133,10,647,22,316,3,4,23,7,147,211,12,7,8,11,363,14,4,1,3,18,507,681,3,80,4,1,3,24,18,182,9,21,32,290,515,145,285,56,43,128,192,839,843,314,114,314,5008,44,584,31,422,175,5352,995,38,309,481,3426,14536,568,665,26743,805,68,108,321,5198,32,43,1015,25,430,22,83,47,101,71
0,0,0,2,0,0,0,2,9,6,4,7,0,2,0,2,1,0,2,15,0,41,39,20,46,180,219,144,3,2,0,152,15,1059,0,4,18,69,33,1723,1,3,5,1646,77,111,365,5,0,0,7,5,16,1,2,0,15,39,25,52,169,113,140,21,135,172,14,53,37,85,261,2570,24,131,171,6856,683,9275,170,86,8595,666,161,46,805,39119,25,13,177,661,51,5249,5412,9482,7280,6,10,89,92,115
4,9,12,31,3,22,34,572,1296,242,57,122,120,160,58,166,103,114,695,235,205,88,18,211,93,1,12,5,99,197,120,9,40,1,96,296,1438,1,147,15,47,88,159,28,11,3,10,36,11,58,40,73,196,31,96,78,344,466,343,17603,966,221,116,182,182,244,609,408,4205,712,300,293,10023,1331,617,19,709,77,251,686,22,142,587,352,68,25,4790,4576,837,41,5263,691,221,18,37,505,60,145,524,319
11,108,90,198,31,122,348,17,41,80,12,7,0,270,70,427,4,10,271,21,12,80,5,36,18,1,6,2,134,262,115,1,4,1,279,266,99,5,141,2,47,38,223,8,14,2,0,152,29,47,234,429,1356,405,2827,1644,8,11,37,275,409,67,14,6,245,203,3708,16,3186,117,45,211,4493,359,186,27,172,5,230,227,20,90,417,266,108,13,4576,12835,360,90,10084,37,117,9,21,6295,158,104,247,102
3,7,2,11,3,6,14,6,11,23,7,0,1,65,10,79,4,6,107,8,8,38,3,18,10,2,8,3,50,94,42,4,1,1,37,113,21,6,55,2,35,22,56,19,13,2,3,9,5,16,29,56,98,9,6,17,8,5,10,27,438,119,146,87,3008,10695,213,36,481,28,228,594,75,31,2439,91,26,30,1050,1047,244,633,2472,3772,321,177,837,360,27876,53,267,19,95,53,352,40,178,258,1042,7729
0,1,0,3,0,3,3,18,24,15,6,45,15,8,16,11,3,5,9,175,11,39,197,18,506,73,522,1,3,17,6,223,179,19,8,9,7,391,19,9,1,7,20,620,660,19,136,9,0,1,5,10,56,6,9,20,15,51,20,217,33,67,94,29,148,163,119,16,135,2909,37,925,80,1613,74,10209,955,30,55,87,876,1557,88,129,5198,661,41,90,53,16459,51,45,7713,41,608,34,20,13,17,14
7,52,32,102,12,47,112,4,11,39,8,2,1,199,50,236,0,4,57,6,3,30,2,10,8,0,7,2,53,131,60,1,2,4,164,99,37,4,82,33,18,42,93,23,3,2,3,59,21,19,142,162,199,54,418,141,1,4,14,69,267,32,8,6,184,167,469,8,599,19,35,119,2611,650,156,32,1069,163,200,212,23,46,373,260,32,51,5263,10084,267,51,21011,1293,576,15,23,11232,249,70,169,86
0,0,0,1,0,0,0,2,5,3,1,0,0,0,1,0,0,0,0,4,1,38,31,14,26,129,335,643,8,3,0,125,12,1439,2,7,44,20,69,6571,0,1,0,1534,21,143,364,5,0,0,0,0,3,1,1,0,2,6,5,10,31,20,23,9,10,17,1,6,17,4,45,541,425,1739,25,137,10415,13161,40,8,255,40,18,4,43,5249,691,37,19,45,1293,62296,8220,2646,565,77,3,20,17,15
0,1,1,7,0,3,6,29,60,41,15,47,15,11,13,14,12,6,7,185,12,133,410,71,454,1091,1331,89,12,15,7,918,202,956,6,20,40,675,83,963,4,6,22,5218,828,129,811,25,0,2,3,2,19,4,12,4,17,50,18,300,165,142,195,39,64,100,44,62,149,543,257,2998,623,3070,134,8456,14175,267,35,83,3217,1393,109,44,1015,5412,221,117,95,7713,576,8220,38583,324,2217,104,12,20,94,87
0,0,0,0,0,0,0,0,0,0,0,0,1,0,1,3,0,1,1,3,0,1,2,1,3,1,4,0,0,0,0,5,3,16,0,1,0,2,0,45,0,0,1,34,2,4,4,0,0,0,5,30,17,2,1,2,6,19,9,14,89,106,113,21,35,28,7,44,8,16,133,10189,8,35,53,52,58,19919,1741,19,637,81,154,12,25,9482,18,9,53,41,15,2646,324,21964,8557,1,7,870,83,27
0,0,0,2,0,0,0,6,1,2,0,13,3,2,2,3,1,0,4,30,3,15,43,3,67,95,127,2,0,5,2,105,40,60,1,3,3,100,8,51,0,4,4,465,109,18,73,6,0,1,4,4,12,0,1,6,17,49,31,78,200,245,364,64,154,260,27,180,56,146,464,12929,28,243,382,895,581,1109,94,283,11892,10050,146,118,430,7280,37,21,352,608,23,565,2217,8557,24822,3,11,54,112,173
14,112,90,283,22,344,559,1,3,15,0,0,0,47,26,215,0,0,5,1,0,6,2,1,9,1,8,0,12,23,22,4,3,1,162,17,23,2,39,8,3,3,34,30,1,0,2,362,15,3,860,240,345,1154,6036,573,0,1,5,11,129,13,1,2,83,70,1067,0,98,20,1,39,372,142,13,12,125,6,41,43,10,15,68,66,22,6,505,6295,40,34,11232,77,104,1,3,9805,1237,19,51,17
0,5,3,10,2,5,15,2,2,3,0,0,0,17,2,23,0,0,2,0,0,1,1,1,2,0,0,0,2,8,6,1,0,0,6,4,5,1,3,0,0,2,8,1,1,0,0,6,2,1,10671,1021,1827,190,5115,74,0,1,3,8,59,8,2,13,11847,773,147,0,29,16,3,76,34,12,10,9,14,12,15396,40,22,66,3490,238,83,10,60,158,178,20,249,3,12,7,11,1237,49013,440,325,31
0,2,3,3,0,2,9,1,4,4,2,1,0,20,5,14,0,1,23,2,0,6,1,2,2,0,0,0,13,14,10,0,0,0,14,23,5,0,12,0,3,1,15,0,2,0,0,0,3,2,235,614,414,117,21,67,1,0,5,15,23806,29,10,5,572,386,112,5,110,12,56,4438,36,5,101,15,3,397,25765,64,16,36,13470,179,47,89,145,104,258,13,70,20,20,870,54,19,440,63160,7248,316
0,3,2,5,2,3,15,8,23,16,1,2,1,32,8,32,1,10,65,5,4,10,1,20,8,2,2,1,17,43,21,3,4,2,16,57,23,0,18,1,8,13,26,6,3,0,0,4,6,11,170,1284,1172,127,47,179,4,9,25,68,28629,149,55,19,1142,2418,258,28,268,18,856,2630,79,8,819,60,13,29,1415,263,94,111,31567,523,101,92,524,247,1042,17,169,17,94,83,112,51,325,7248,30308,9686
0,5,0,7,0,1,1,5,17,13,2,1,0,13,4,20,0,5,47,4,7,13,0,7,2,2,3,0,21,29,11,1,1,1,8,38,11,3,14,2,2,8,22,8,1,1,0,1,2,8,30,73,73,14,5,14,0,2,8,30,7564,113,68,9,455,9225,72,12,170,13,1270,451,44,9,2603,75,19,16,425,176,113,154,4150,104,71,115,319,102,7729,14,86,15,87,27,173,17,31,316,9686,19022
