21412,4035,9270,1930,14630,2689,796,2,1,89,0,0,1,9567,381,127,0,0,0,15,3,972,6,0,3,3,2,43,1233,275,11,8,8,11,59,4,23,1,46,6,405,53,50,6,23,31,7,92,1786,8,8,44,2,346,21,17,0,0,0,2,5,0,0,0,19,0,10,0,4,0,0,2,0,0,2,1,1,0,1,1,0,1,2,1,2,0,8,16,2,1,22,0,0,0,0,82,1,0,4,2
4035,26726,7643,23906,133,300,848,0,2,412,1,0,0,2304,3835,73,0,1,1,6,5,866,0,1,1,0,1,14,375,275,1,4,5,4,20,2,14,0,6,0,421,178,12,1,5,13,3,46,123,32,6,2,1,41,46,20,0,0,0,0,2,0,0,0,17,0,6,0,3,0,0,3,1,2,0,0,0,0,0,0,0,0,0,0,0,0,5,13,0,1,15,0,0,0,0,141,4,0,0,0
9270,7643,31216,6115,5936,6113,15340,0,1,113,0,0,0,911,81,23,0,0,2,0,0,707,1,0,2,0,0,14,569,175,1,0,1,5,9,3,4,0,16,9,266,57,1,0,1,16,3,28,265,3,24,106,0,3097,47,182,0,0,0,0,0,0,0,0,2,0,1,0,0,0,0,3,1,0,0,0,0,0,3,0,0,0,3,0,0,0,1,15,1,0,4,0,0,0,0,85,4,1,0,0
1930,23906,6115,43510,295,1469,11330,3,19,1988,4,4,2,5069,19338,5476,0,1,12,61,12,1145,11,4,38,6,5,30,666,797,163,25,36,12,366,61,92,20,106,4,809,696,1402,25,34,17,15,422,181,138,24,18,7,100,191,78,0,0,3,4,12,0,0,1,50,0,16,0,18,0,1,2,2,5,2,2,2,0,1,3,0,5,4,2,2,0,22,72,4,6,64,0,4,0,0,491,20,0,3,1
14630,133,5936,295,20579,22315,633,0,3,28,0,0,1,4227,66,73,0,0,1,0,1,170,0,16,4,0,12,15,558,58,2,2,5,3,94,8,15,3,129,6,102,7,9,12,6,12,7,474,2903,0,4,57,2,330,17,5,0,0,0,0,4,0,0,0,6,0,9,0,2,1,1,2,1,2,0,0,0,0,0,0,0,0,2,0,0,0,1,10,1,0,24,0,0,0,0,58,3,1,1,0
2689,300,6113,1469,22315,39807,25692,0,21,134,2,0,0,869,153,446,0,0,0,5,0,75,1,39,28,2,46,5,114,39,1,1,1,3,703,20,58,1,1656,19,41,14,12,13,1,2,1,3320,1555,0,381,93,2,4331,600,304,0,0,0,0,2,0,0,0,18,0,3,0,3,0,0,9,0,1,0,0,2,0,20,0,0,0,14,0,0,0,2,15,0,0,21,1,1,2,0,182,40,8,4,0
796,848,15340,11330,633,25692,23796,3,33,535,5,1,1,427,255,1919,0,0,12,17,16,264,5,11,17,1,3,6,150,181,50,5,4,2,1684,42,74,5,733,3,150,111,91,3,3,4,4,1499,124,21,33,42,12,662,440,644,1,0,0,4,12,1,0,0,77,1,40,0,17,2,0,6,4,8,4,0,3,0,4,0,1,0,12,2,1,0,15,110,4,1,105,1,1,0,0,846,41,0,4,4
2,0,0,3,0,0,3,27082,4172,101,2396,617,6206,59,93,396,1520,6025,1608,6558,100,2606,291,13,245,24,4,33,27,23,433,51,800,20,8,25,174,44,2,9,7,15,358,99,155,94,45,2,2,30,0,0,1,1,0,0,48,37,5,181,5,5,8,17,1,0,2,6,20,263,3,5,13,109,5,3,6,0,1,0,1,66,1,1,19,0,101,3,4,10,2,0,4,0,2,0,1,0,1,1
1,2,1,19,3,21,33,4172,51479,188,897,930,1266,20,29,460,555,188,6027,4101,315,1165,313,8091,9578,51,3231,38,18,29,88,74,612,52,251,1115,8735,81,428,110,19,24,108,666,78,105,138,82,15,9,1,2,13,1,6,3,187,192,35,872,33,14,48,110,30,6,16,38,117,1506,23,33,118,681,14,26,139,2,6,16,13,311,30,12,162,7,987,22,11,89,22,2,54,0,7,16,0,3,14,12
89,412,113,1988,28,134,535,101,188,35305,3980,1370,80,279,527,2997,150,34,553,250,4383,2985,914,77,136,72,21,87,191,224,348,614,1076,103,656,551,608,181,460,15,7894,6339,2737,329,268,258,639,185,31,2581,13,4,7,2,19,18,3,2,12,39,39,5,1,2,41,3,39,4,149,14,13,8,37,9,7,9,5,0,9,5,0,7,25,16,12,0,150,76,19,9,85,2,12,0,2,75,3,6,28,6
0,1,0,4,0,2,5,2396,897,3980,5143,12128,888,12,15,1040,577,446,935,591,2068,4203,2252,30,211,36,41,63,28,35,236,139,969,49,47,167,88,105,41,16,40,113,243,278,259,349,328,5,2,31,0,0,1,1,0,0,1,0,3,15,2,3,1,0,2,0,5,1,33,13,1,1,8,6,4,7,1,1,1,1,1,3,4,5,14,0,45,2,0,9,10,6,9,0,0,5,1,1,0,0
0,0,0,4,0,0,1,617,930,1370,12128,20941,8876,26,18,275,6457,446,363,964,5681,1462,4253,25,625,28,23,26,19,62,641,218,6864,38,20,65,167,137,12,10,33,165,767,224,358,184,303,0,0,122,0,0,0,0,1,0,1,1,5,16,10,1,3,1,0,0,3,1,20,19,3,4,15,12,1,0,12,0,1,0,0,5,0,0,7,0,101,2,0,7,2,0,6,2,1,1,0,0,4,0
1,0,0,2,1,0,1,6206,1266,80,888,8876,21592,221,105,393,3524,1728,239,1496,526,568,179,14,215,22,5,19,41,103,986,93,4545,13,4,18,48,26,3,1,30,48,819,50,442,36,41,0,2,157,0,0,0,0,0,0,3,5,0,15,1,2,2,1,1,1,1,0,8,64,0,2,5,39,3,3,2,0,0,0,0,16,0,0,9,0,29,1,1,5,0,0,3,0,1,0,0,0,1,0
9567,2304,911,5069,4227,869,427,59,20,279,12,26,221,54997,18901,1771,6,32,47,557,31,447,77,13,127,109,15,72,6525,11733,313,462,999,56,298,136,341,153,223,12,507,888,3023,71,1478,34,133,297,18441,1854,24,14,8,31,103,46,2,0,3,6,43,0,2,0,77,2,55,3,93,9,6,15,8,20,6,1,8,0,10,6,1,3,12,16,7,0,61,140,18,11,155,0,10,0,3,309,15,3,15,8
381,3835,81,19338,66,153,255,93,29,527,15,18,105,18901,27463,3191,3,19,17,376,40,460,53,5,104,50,11,27,585,1477,817,137,445,35,255,102,96,116,75,4,344,460,11165,48,676,10,65,115,198,5044,6,3,3,11,31,9,0,2,0,2,11,2,0,0,21,2,20,0,34,6,1,6,3,6,2,4,6,0,4,1,0,5,1,2,7,0,16,27,1,12,40,1,7,0,0,67,4,1,3,2
127,73,23,5476,73,446,1919,396,460,2997,1040,275,393,1771,3191,32216,282,626,3247,814,1022,476,87,54,263,15,21,17,312,526,14765,52,485,20,2776,1643,615,60,508,5,281,356,8454,56,215,15,35,773,166,139,30,19,22,38,148,83,4,3,4,30,88,4,4,7,136,4,135,3,238,37,10,29,27,18,16,2,5,0,27,17,0,10,51,37,9,2,128,258,61,5,296,3,4,0,1,436,20,17,37,21
0,0,0,0,0,0,0,1520,555,150,577,6457,3524,6,3,282,5910,999,276,52,4482,191,158,18,25,2,1,4,2,12,1203,20,583,2,6,29,95,6,8,1,10,34,347,18,25,8,21,0,0,24,0,0,0,0,0,0,0,1,3,11,3,1,3,1,2,0,1,4,12,1,1,0,13,0,0,0,0,0,0,1,0,1,0,1,0,0,59,2,2,0,1,0,0,0,0,1,0,0,3,0
0,1,0,1,0,0,0,6025,188,34,446,446,1728,32,19,626,999,2575,916,466,162,271,57,4,12,3,2,3,3,8,1991,26,483,4,3,7,37,5,1,0,2,9,218,8,192,6,14,0,1,9,0,0,1,0,0,1,1,0,3,5,2,0,0,4,0,0,1,2,17,4,5,0,10,3,0,0,0,0,1,1,0,1,0,0,3,0,46,2,1,0,2,0,0,0,0,0,0,1,0,1
0,1,2,12,1,0,12,1608,6027,553,935,363,239,47,17,3247,276,916,11046,824,835,243,81,1165,830,13,85,8,44,79,1806,32,235,12,147,1482,840,39,199,7,34,64,453,98,40,18,30,9,4,30,3,1,10,0,3,7,11,4,17,88,50,9,3,3,28,2,39,12,281,49,25,19,80,30,22,3,13,0,6,13,3,17,33,11,22,3,218,47,17,13,43,1,10,0,1,3,5,5,34,11
15,6,0,61,0,5,17,6558,4101,250,591,964,1496,557,376,814,52,466,824,19461,154,949,870,54,2432,222,81,89,105,238,675,336,4452,137,79,253,118,2995,47,23,77,108,1231,820,4749,151,242,14,15,142,0,1,4,1,1,1,24,28,1,135,7,4,29,28,31,2,14,2,42,647,3,48,33,670,0,29,107,4,3,7,18,299,20,12,324,6,59,9,6,224,8,1,117,0,15,5,4,0,1,3
3,5,0,12,1,0,16,100,315,4383,2068,5681,526,31,40,1022,4482,162,835,154,10566,266,449,74,97,33,7,27,52,193,1525,337,1046,40,70,268,612,49,82,2,120,959,4763,90,209,52,209,2,1,1011,2,0,2,0,2,6,3,3,10,40,28,8,1,0,8,2,14,2,115,27,8,9,42,2,4,2,2,0,5,3,0,2,11,7,6,0,175,12,7,9,12,1,4,0,0,0,1,5,12,1
972,866,707,1145,170,75,264,2606,1165,2985,4203,1462,568,447,460,476,191,271,243,949,266,20670,4322,30,637,399,181,1937,6128,479,81,535,702,721,133,104,245,385,150,373,11805,1400,381,2202,656,6405,1774,48,82,222,6,3,7,10,11,21,1,0,6,15,31,1,1,0,37,5,47,3,90,14,9,16,12,15,6,17,21,4,12,10,11,6,19,13,12,15,55,70,21,27,60,40,40,2,4,46,6,5,23,4
6,0,1,11,0,1,5,291,313,914,2252,4253,179,77,53,87,158,57,81,870,449,4322,17013,60,1298,503,477,476,88,122,109,2209,7180,432,14,45,34,1445,24,99,58,181,233,4040,1225,7378,11109,3,7,81,0,0,0,0,0,0,0,0,0,3,2,0,0,0,5,0,2,0,11,9,1,24,4,32,0,51,62,1,0,0,27,15,1,1,54,12,7,1,1,123,2,18,100,2,11,0,0,0,0,0
0,1,0,4,16,39,11,13,8091,77,30,25,14,13,5,54,18,4,1165,54,74,30,60,6941,1576,26,1354,42,26,47,13,50,55,52,576,5348,4988,15,10053,202,18,14,97,477,18,22,45,269,51,6,1,4,3,1,6,5,3,3,9,45,34,2,1,4,20,4,25,13,164,51,9,9,41,28,2,17,33,1,8,4,4,12,9,7,20,1,195,22,4,38,25,4,21,0,5,17,3,5,13,8
3,1,2,38,4,28,17,245,9578,136,211,625,215,127,104,263,25,12,830,2432,97,637,1298,1576,13775,137,8989,83,48,106,117,425,2285,188,239,803,660,345,395,157,34,75,221,3273,359,199,315,76,26,63,1,1,3,4,9,1,22,17,6,118,16,9,44,26,47,13,17,0,33,903,2,142,44,1365,4,142,589,13,6,6,72,430,16,9,967,26,138,9,7,954,11,16,602,8,47,12,4,1,4,3
3,0,0,6,0,2,1,24,51,72,36,28,22,109,50,15,2,3,13,222,33,399,503,26,137,24767,168,221,19,54,34,7319,348,6209,2,9,7,7239,24,186,20,41,123,10936,3479,320,1891,6,9,18,0,0,0,0,0,0,1,1,1,1,3,2,5,0,4,2,0,1,0,4,3,83,5,30,1,447,249,35,3,3,223,31,6,1,44,219,2,0,5,323,2,284,1022,13,111,1,1,0,1,1
2,1,0,5,12,46,3,4,3231,21,41,23,5,15,11,21,1,2,85,81,7,181,477,1354,8989,168,14934,703,11,12,8,420,254,507,76,199,816,181,1511,4699,4,13,25,14862,243,159,404,292,52,4,1,1,0,4,13,2,0,2,0,11,0,0,1,1,9,1,2,1,0,29,0,54,2,92,1,198,315,29,1,1,58,59,4,1,153,64,9,6,0,411,3,123,429,5,42,12,1,0,2,0
43,14,14,30,15,5,6,33,38,87,63,26,19,72,27,17,4,3,8,89,27,1937,476,42,83,221,703,77589,1129,112,20,395,140,11598,8,6,149,183,260,21467,246,64,46,1305,359,17659,8257,40,11,25,1,0,1,0,0,0,1,0,0,2,3,1,0,0,2,1,1,0,7,0,1,6,0,4,1,26,36,358,1,0,21,0,0,0,8,188,6,5,2,16,3,690,107,5,7,8,0,0,1,0
1233,375,569,666,558,114,150,27,18,191,28,19,41,6525,585,312,2,3,44,105,52,6128,88,26,48,19,11,1129,102070,15863,32,217,388,98,133,84,366,41,177,140,26714,1055,401,84,262,938,186,65,5681,260,4,5,6,15,12,7,1,1,3,10,31,2,1,0,30,4,38,1,147,7,6,5,6,5,8,1,2,1,5,4,0,2,13,17,3,3,78,68,21,6,65,1,2,1,0,43,2,4,12,9
275,275,175,797,58,39,181,23,29,224,35,62,103,11733,1477,526,12,8,79,238,193,479,122,47,106,54,12,112,15863,34022,85,686,1082,61,192,159,559,83,216,16,8570,4802,1398,133,664,84,293,48,669,1346,12,0,3,3,8,9,0,2,5,9,37,3,1,1,31,2,43,1,123,6,5,14,12,8,3,2,0,0,10,7,1,4,19,13,9,2,85,70,15,11,80,1,4,0,1,23,5,5,19,4
11,1,1,163,2,1,50,433,88,348,236,641,986,313,817,14765,1203,1991,1806,675,1525,81,109,13,117,34,8,20,32,85,15952,99,1000,29,284,289,388,95,99,0,36,59,9835,35,512,10,47,13,9,111,3,0,7,2,10,9,1,1,7,35,38,7,0,1,33,3,33,9,125,16,12,15,43,6,8,2,4,0,7,7,1,5,10,5,8,0,137,56,8,13,60,0,6,0,0,27,6,5,15,5
8,4,0,25,2,1,5,51,74,614,139,218,93,462,137,52,20,26,32,336,337,535,2209,50,425,7319,420,395,217,686,99,26439,6216,3733,9,34,26,2592,18,258,220,522,473,6006,7285,619,17333,4,18,318,0,0,0,0,0,1,0,0,0,1,3,1,0,1,3,0,2,1,3,10,2,40,2,28,0,191,134,30,0,0,112,17,3,0,51,139,9,1,0,195,0,169,560,8,43,0,0,0,1,0
8,5,1,36,5,1,4,800,612,1076,969,6864,4545,999,445,485,583,483,235,4452,1046,702,7180,55,2285,348,254,140,388,1082,1000,6216,24801,190,21,69,71,1442,17,31,338,890,1789,1739,11438,181,2175,6,23,883,0,0,2,1,0,1,0,3,1,16,2,1,5,4,7,1,0,1,19,132,1,10,9,132,1,21,50,0,0,2,9,39,1,4,91,3,32,2,4,109,3,3,65,0,5,1,0,0,1,0
11,4,5,12,3,3,2,20,52,103,49,38,13,56,35,20,2,4,12,137,40,721,432,52,188,6209,507,11598,98,61,29,3733,190,28826,8,16,68,633,114,10510,56,44,91,9881,838,3586,16188,28,10,20,0,0,0,1,1,1,0,1,2,1,2,0,0,0,0,1,0,1,1,3,3,35,0,10,0,99,71,176,0,1,130,6,1,0,7,741,1,0,0,38,1,1075,504,35,75,3,0,0,1,0
59,20,9,366,94,703,1684,8,251,656,47,20,4,298,255,2776,6,3,147,79,70,133,14,576,239,2,76,8,133,192,284,9,21,8,2335,2511,900,8,11234,14,106,90,517,34,8,7,2,3258,243,13,31,22,23,46,150,66,0,0,1,21,55,2,2,0,94,5,88,1,135,15,5,10,14,11,7,2,3,1,17,7,0,4,27,19,5,0,113,191,20,4,211,1,5,0,0,375,19,11,33,11
4,2,3,61,8,20,42,25,1115,551,167,65,18,136,102,1643,29,7,1482,253,268,104,45,5348,803,9,199,6,84,159,289,34,69,16,2511,5707,2221,16,6630,25,96,106,467,154,12,11,33,99,22,46,3,2,21,2,5,13,1,6,14,71,110,6,3,2,78,10,149,2,471,43,21,29,60,18,22,7,11,0,26,30,3,14,48,50,16,1,294,128,61,19,131,0,4,2,0,26,8,14,60,30
23,14,4,92,15,58,74,174,8735,608,88,167,48,341,96,615,95,37,840,118,612,245,34,4988,660,7,816,149,366,559,388,26,71,68,900,2221,2982,10,8558,680,252,212,1000,213,18,32,42,756,64,80,7,4,11,6,48,19,6,7,4,31,32,4,1,3,40,1,43,2,88,37,10,12,26,20,11,9,5,0,15,9,2,10,16,14,8,2,79,85,19,10,79,6,9,1,1,131,5,5,25,5
1,0,0,20,3,1,5,44,81,181,105,137,26,153,116,60,6,5,39,2995,49,385,1445,15,345,7239,181,183,41,83,95,2592,1442,633,8,16,10,16854,8,60,25,85,269,7349,3996,253,968,2,7,41,0,0,0,0,1,0,0,1,1,4,1,0,1,0,13,1,1,1,1,14,5,108,10,88,2,303,337,5,1,1,88,81,1,0,228,29,4,0,2,518,4,23,398,1,47,1,0,0,3,0
46,6,16,106,129,1656,733,2,428,460,41,12,3,223,75,508,8,1,199,47,82,150,24,10053,395,24,1511,260,177,216,99,18,17,114,11234,6630,8558,8,34937,1071,95,77,314,477,5,27,57,8628,537,29,15,10,20,19,68,37,0,2,11,23,118,4,2,1,132,12,136,2,381,21,13,41,24,14,23,4,4,4,33,25,2,7,54,38,4,3,279,260,64,8,233,8,9,2,0,266,12,17,55,14
6,0,9,4,6,19,3,9,110,15,16,10,1,12,4,5,1,0,7,23,2,373,99,202,157,186,4699,21467,140,16,0,258,31,10510,14,25,680,60,1071,46547,38,6,11,13030,57,1591,1363,146,18,1,0,0,0,1,6,0,1,0,0,0,2,0,0,0,3,0,0,0,1,0,1,33,1,5,0,109,116,551,8,0,140,0,3,0,5,990,5,2,0,45,4,3261,475,62,70,4,2,0,1,0
405,421,266,809,102,41,150,7,19,7894,40,33,30,507,344,281,10,2,34,77,120,11805,58,18,34,20,4,246,26714,8570,36,220,338,56,106,96,252,25,95,38,72691,7890,400,62,192,193,127,22,459,493,4,2,2,5,12,5,0,0,0,6,20,1,1,0,11,3,22,2,56,6,4,7,4,1,0,0,0,1,7,5,2,1,11,7,3,1,55,44,9,1,51,3,0,0,0,19,0,1,8,4
53,178,57,696,7,14,111,15,24,6339,113,165,48,888,460,356,34,9,64,108,959,1400,181,14,75,41,13,64,1055,4802,59,522,890,44,90,106,212,85,77,6,7890,19244,2007,120,235,108,276,16,95,5568,0,1,0,1,3,1,0,1,3,10,9,2,0,0,8,2,10,1,71,5,2,4,7,1,6,0,3,0,3,4,1,5,7,5,2,1,53,14,6,7,22,3,3,0,0,8,0,1,8,5
50,12,1,1402,9,12,91,358,108,2737,243,767,819,3023,11165,8454,347,218,453,1231,4763,381,233,97,221,123,25,46,401,1398,9835,473,1789,91,517,467,1000,269,314,11,400,2007,33078,150,1731,38,185,53,90,10675,2,2,6,2,16,3,2,1,5,40,59,8,2,3,38,5,59,6,231,25,11,26,33,9,8,4,19,0,16,15,2,15,18,15,15,0,178,77,20,19,84,0,16,1,0,19,3,7,23,11
6,1,0,25,12,13,3,99,666,329,278,224,50,71,48,56,18,8,98,820,90,2202,4040,477,3273,10936,14862,1305,84,133,35,6006,1739,9881,34,154,213,7349,477,13030,62,120,150,68028,1235,1862,4694,127,19,30,0,0,2,0,5,3,0,0,2,12,5,8,13,0,19,8,3,2,9,30,3,335,14,186,1,1414,1239,152,5,4,651,172,16,6,424,726,16,4,5,1494,7,942,3256,52,323,14,5,2,5,4
23,5,1,34,6,1,3,155,78,268,259,358,442,1478,676,215,25,192,40,4749,209,656,1225,18,359,3479,243,359,262,664,512,7285,11438,838,8,12,18,3996,5,57,192,235,1731,1235,13380,166,1067,1,50,325,0,0,1,0,0,0,0,0,2,7,2,2,6,3,11,0,2,0,6,80,0,65,5,195,0,208,240,6,2,0,49,107,3,2,309,17,6,2,0,474,2,11,273,1,26,2,0,1,1,2
31,13,16,17,12,2,4,94,105,258,349,184,36,34,10,15,8,6,18,151,52,6405,7378,22,199,320,159,17659,938,84,10,619,181,3586,7,11,32,253,27,1591,193,108,38,1862,166,20231,9178,4,4,21,0,0,0,0,0,1,0,0,0,0,0,0,0,0,0,0,3,0,6,2,1,7,2,3,0,17,13,15,1,0,27,5,0,0,8,73,3,0,0,13,2,98,72,6,9,2,0,1,0,0
7,3,3,15,7,1,4,45,138,639,328,303,41,133,65,35,21,14,30,242,209,1774,11109,45,315,1891,404,8257,186,293,47,17333,2175,16188,2,33,42,968,57,1363,127,276,185,4694,1067,9178,45986,8,5,81,0,0,0,0,0,0,0,0,0,1,3,2,1,0,2,0,2,0,1,4,0,23,0,15,0,140,95,87,2,0,124,17,2,0,24,493,3,1,0,91,2,565,507,30,61,2,0,0,1,0
92,46,28,422,474,3320,1499,2,82,185,5,0,0,297,115,773,0,0,9,14,2,48,3,269,76,6,292,40,65,48,13,4,6,28,3258,99,756,2,8628,146,22,16,53,127,1,4,8,10956,884,2,14,8,3,43,169,45,0,0,0,3,2,0,0,0,31,1,9,0,21,3,0,2,5,4,0,2,0,0,1,1,0,1,4,2,0,2,26,39,3,3,38,2,0,0,0,315,9,1,4,1
1786,123,265,181,2903,1555,124,2,15,31,2,0,2,18441,198,166,0,1,4,15,1,82,7,51,26,9,52,11,5681,669,9,18,23,10,243,22,64,7,537,18,459,95,90,19,50,4,5,884,11074,12,3,2,2,5,9,3,0,0,1,1,3,0,0,0,10,0,7,0,12,0,0,2,5,2,0,0,0,0,2,1,0,0,2,2,0,1,6,19,0,0,19,0,1,0,0,33,2,0,6,1
8,32,3,138,0,0,21,30,9,2581,31,122,157,1854,5044,139,24,9,30,142,1011,222,81,6,63,18,4,25,260,1346,111,318,883,20,13,46,80,41,29,1,493,5568,10675,30,325,21,81,2,12,11973,1,1,0,0,0,0,1,1,0,2,5,0,0,0,5,0,7,1,23,1,2,1,5,1,0,0,0,0,0,2,0,0,1,2,3,0,23,5,0,2,8,0,2,1,0,0,0,1,3,1
8,6,24,24,4,381,33,0,1,13,0,0,0,24,6,30,0,0,3,0,2,6,0,1,1,0,1,1,4,12,3,0,0,0,31,3,7,0,15,0,4,0,2,0,0,0,0,14,3,1,36807,15650,3701,11430,14196,3518,1,1,7,13,195,4,1,4,16848,114,419,0,20,33,12,169,21,27,4,2,3,7,459,16,7,21,234,47,29,3,42,400,34,29,100,1,9,3,4,185,7766,132,205,81
44,2,106,18,57,93,42,0,2,4,0,0,0,14,3,19,0,0,1,1,0,3,0,4,1,0,1,0,5,0,0,0,0,0,22,2,4,0,10,0,2,1,2,0,0,0,0,8,2,1,15650,99619,16712,16098,4122,13823,1,0,4,5,668,1,2,0,15208,61,220,0,28,26,16,807,8,8,6,1,1,8,690,6,12,16,737,28,29,8,41,327,52,12,64,2,3,17,11,116,617,626,879,101
2,1,0,7,2,2,12,1,13,7,1,0,0,8,3,22,0,1,10,4,2,7,0,3,3,0,0,1,6,3,7,0,2,0,23,21,11,0,20,0,2,0,6,2,1,0,0,3,2,0,3701,16712,51307,357,1075,17258,13,13,44,74,832,21,10,11,20092,11925,8575,5,243,291,52,426,134,125,34,20,10,7,505,127,22,63,584,613,151,4,137,2817,232,139,117,6,36,7,12,75,768,345,1055,224
346,41,3097,100,330,4331,662,1,1,2,1,0,0,31,11,38,0,0,0,1,0,10,0,1,4,0,4,0,15,3,2,0,1,1,46,2,6,0,19,1,5,1,2,0,0,0,0,43,5,0,11430,16098,357,54673,23164,23286,0,0,3,3,166,0,1,2,592,13,31,0,4,4,3,293,7,3,0,1,0,4,417,3,2,7,391,9,1,5,15,93,6,2,833,0,0,11,2,416,521,250,221,54
21,46,47,191,17,600,440,0,6,19,0,1,0,103,31,148,0,0,3,1,2,11,0,6,9,0,13,0,12,8,10,0,0,1,150,5,48,1,68,6,12,3,16,5,0,0,0,169,9,0,14196,4122,1075,23164,33882,10808,0,0,0,10,171,5,2,1,4151,24,354,0,33,11,6,65,52,107,5,5,69,2,130,7,9,6,143,21,6,1,139,902,28,15,2153,14,24,2,3,4742,3234,72,179,88
17,20,182,78,5,304,644,0,3,18,0,0,0,46,9,83,0,1,7,1,6,21,0,5,1,0,2,0,7,9,9,1,1,1,66,13,19,0,37,0,5,1,3,3,0,1,0,45,3,0,3518,13823,17258,23286,10808,43027,3,0,2,21,1007,11,5,1,5510,191,3888,0,56,51,54,522,56,33,24,2,4,7,442,33,15,22,603,72,41,4,71,1117,101,46,1448,1,13,14,9,525,305,453,1327,437
0,0,0,0,0,0,1,48,187,3,1,1,3,2,0,4,0,1,11,24,3,1,0,3,22,1,0,1,1,0,1,0,0,0,0,1,6,0,0,1,0,0,2,0,0,0,0,0,0,1,1,1,13,0,0,3,3876,5789,1528,974,33,69,109,4263,117,34,229,964,491,3144,15,129,17,40,21,4,6,2,7,112,8,1478,25,165,59,1,511,2,52,8,8,0,2,5,7,0,7,0,13,2
0,0,0,0,0,0,0,37,192,2,0,1,5,0,2,3,1,0,4,28,3,0,0,3,17,1,2,0,1,2,1,0,3,1,0,6,7,1,2,0,0,1,1,0,0,0,0,0,0,1,1,0,13,0,0,0,5789,8596,5290,4006,98,417,333,1626,64,23,160,2887,775,3558,55,652,51,98,14,5,14,3,6,54,19,457,18,72,167,13,802,1,12,49,8,4,17,28,30,0,1,4,16,6
0,0,0,3,0,0,0,5,35,12,3,5,0,3,0,4,3,3,17,1,10,6,0,9,6,1,0,0,3,5,7,0,1,2,1,14,4,1,11,0,0,3,5,2,2,0,0,0,1,0,7,4,44,3,0,2,1528,5290,3709,1856,450,1132,679,1538,172,73,476,2541,2745,546,597,1071,59,21,358,12,3,5,25,1745,47,667,38,133,289,13,343,9,54,47,24,4,24,56,43,0,13,5,56,34
2,0,0,4,0,0,4,181,872,39,15,16,15,6,2,30,11,5,88,135,40,15,3,45,118,1,11,2,10,9,35,1,16,1,21,71,31,4,23,0,6,10,40,12,7,0,1,3,1,2,13,5,74,3,10,21,974,4006,1856,33495,685,1290,1165,1077,203,74,237,508,6451,5433,745,1471,12621,6869,174,20,446,2,57,88,55,658,118,75,131,22,7552,123,81,86,114,8,93,78,92,21,19,22,127,79
5,2,0,12,4,2,12,5,33,39,2,10,1,43,11,88,3,2,50,7,28,31,2,34,16,3,0,3,31,37,38,3,2,2,55,110,32,1,118,2,20,9,59,5,2,0,3,2,3,5,195,668,832,166,171,1007,33,98,450,685,23266,3820,1361,54,1063,505,1949,286,2079,224,4706,3074,257,75,681,53,38,44,235,306,244,322,474,594,94,129,771,788,625,87,430,32,191,391,542,130,60,19336,20782,4330
0,0,0,0,0,0,1,5,14,5,3,1,2,0,2,4,1,0,9,4,8,1,0,2,9,2,0,1,2,3,7,1,1,0,2,6,4,0,4,0,1,2,8,8,2,0,2,0,0,0,4,1,21,0,5,11,69,417,1132,1290,3820,6670,7300,309,55,56,288,556,1037,187,3919,6564,166,106,469,27,39,19,42,516,75,570,65,97,36,38,266,43,193,55,51,11,106,176,231,2,6,28,278,312
0,0,0,0,0,0,0,8,48,1,1,3,2,2,0,4,3,0,3,29,1,1,0,1,44,5,1,0,1,1,0,0,5,0,2,3,1,1,2,0,1,0,2,13,6,0,1,0,0,0,1,2,10,1,2,5,109,333,679,1165,1361,7300,16431,5273,103,140,354,6422,689,753,3272,6583,71,494,844,17,52,13,47,2086,138,6511,162,146,203,39,181,19,403,140,17,10,128,174,294,4,3,23,201,299
0,0,0,1,0,0,0,17,110,2,0,1,1,0,0,7,1,4,3,28,0,0,0,4,26,0,1,0,0,1,1,1,4,0,0,2,3,0,1,0,0,0,3,0,3,0,0,0,0,0,4,0,11,2,1,1,4263,1626,1538,1077,54,309,5273,17672,193,95,447,8661,974,1297,339,539,30,286,230,18,34,5,23,1260,61,8616,131,290,266,10,410,9,201,37,9,0,26,21,41,0,8,8,37,51
19,17,2,50,6,18,77,1,30,41,2,0,1,77,21,136,2,0,28,31,8,37,5,20,47,4,9,2,30,31,33,3,7,0,94,78,40,13,132,3,11,8,38,19,11,0,2,31,10,5,16848,15208,20092,592,4151,5510,117,64,172,203,1063,55,103,193,106052,13103,4034,74,622,978,144,761,191,291,182,473,76,151,7122,646,759,1410,19984,3589,2505,231,422,2054,2003,780,499,34,208,51,207,300,15718,753,1843,541
0,0,0,0,0,0,1,0,6,3,0,0,1,2,2,4,0,0,2,2,2,5,0,4,13,2,1,1,4,2,3,0,1,1,5,10,1,1,12,0,3,2,5,8,0,0,0,1,0,0,114,61,11925,13,24,191,34,23,73,74,505,56,140,95,13103,40347,4877,47,314,362,210,478,24,88,334,108,23,15,470,588,469,683,6394,5600,410,77,87,192,8993,170,53,6,52,29,174,3,129,314,2711,5298
10,6,1,16,9,3,40,2,16,39,5,3,1,55,20,135,1,1,39,14,14,47,2,25,17,0,2,1,38,43,33,2,0,0,88,149,43,1,136,0,22,10,59,3,2,3,2,9,7,7,419,220,8575,31,354,3888,229,160,476,237,1949,288,354,447,4034,4877,36787,505,6152,739,642,536,73,134,710,57,14,11,430,7659,126,697,1089,9268,484,13,377,6973,1423,179,463,2,44,16,37,194,311,299,1138,516
0,0,0,0,0,0,0,6,38,4,1,1,0,3,0,3,4,2,12,2,2,3,0,13,0,1,1,0,1,1,9,1,1,1,1,2,2,1,2,0,2,1,6,2,0,0,0,0,0,1,0,0,5,0,0,0,964,2887,2541,508,286,556,6422,8661,74,47,505,7942,1238,77,4707,404,153,23,1755,9,5,4,14,2732,27,690,71,111,31,6,746,10,83,5,13,3,11,17,20,0,2,3,42,46
4,3,0,18,2,3,17,20,117,149,33,20,8,93,34,238,12,17,281,42,115,90,11,164,33,0,0,7,147,123,125,3,19,1,135,471,88,1,381,1,56,71,231,9,6,6,1,21,12,23,20,28,243,4,33,56,491,775,2745,6451,2079,1037,689,974,622,314,6152,1238,19785,1770,1754,656,4415,680,1072,32,77,6,191,2512,102,880,627,593,350,17,2055,4059,597,125,1229,4,86,21,68,65,56,126,693,402
0,0,0,0,1,0,2,263,1506,14,13,19,64,9,6,37,1,4,49,647,27,14,9,51,903,4,29,0,7,6,16,10,132,3,15,43,37,14,21,0,6,5,25,30,80,2,4,3,0,1,33,26,291,4,11,51,3144,3558,546,5433,224,187,753,1297,978,362,739,77,1770,16558,106,1001,295,4362,65,82,363,9,78,202,210,5225,240,421,1965,34,979,71,177,1073,36,6,125,44,152,8,52,34,155,71
0,0,0,1,1,0,0,3,23,13,1,3,0,6,1,10,1,5,25,3,8,9,1,9,2,3,0,1,6,5,12,2,1,3,5,21,10,5,13,1,4,2,11,3,0,1,0,0,0,2,12,16,52,3,6,54,15,55,597,745,4706,3919,3272,339,144,210,642,4707,1754,106,10806,1408,230,48,7865,38,23,31,69,2671,203,422,324,162,26,75,539,135,1224,33,157,22,72,130,268,9,7,93,956,4920
2,3,3,2,2,9,6,5,33,8,1,4,2,15,6,29,0,0,19,48,9,16,24,9,142,83,54,6,5,14,15,40,10,35,10,29,12,108,41,33,7,4,26,335,65,7,23,2,2,1,169,807,426,293,65,522,129,652,1071,1471,3074,6564,6583,539,761,478,536,404,656,1001,1408,52968,126,1265,406,573,1779,1822,3806,513,1987,6541,1729,217,672,1316,235,198,594,2041,155,246,4382,10970,9911,43,35,2973,1800,737
0,1,1,2,1,0,4,13,118,37,8,15,5,8,3,27,13,10,80,33,42,12,4,41,44,5,2,0,6,12,43,2,9,0,14,60,26,10,24,1,4,7,33,14,5,2,0,5,5,5,21,8,134,7,52,56,17,51,59,12621,257,166,71,30,191,24,73,153,4415,295,230,126,7851,3575,60,15,793,10,42,28,25,79,97,19,14,15,8106,2450,19,83,2218,64,245,4,29,106,27,5,93,52
0,2,0,5,2,1,8,109,681,9,6,12,39,20,6,18,0,3,30,670,2,15,32,28,1365,30,92,4,5,8,6,28,132,10,11,18,20,88,14,5,1,1,9,186,195,3,15,4,2,1,27,8,125,3,107,33,40,98,21,6869,75,106,494,286,291,88,134,23,680,4362,48,1265,3575,13714,16,127,12043,65,57,56,387,2024,135,88,208,100,1280,166,62,1013,1030,369,1316,34,299,287,66,12,55,30
2,0,0,2,0,0,4,5,14,7,4,1,3,6,2,16,0,0,22,0,4,6,0,2,4,1,1,1,8,3,8,0,1,0,7,22,11,2,23,0,0,6,8,1,0,0,0,0,0,0,4,6,34,0,5,24,21,14,358,174,681,469,844,230,182,334,710,1755,1072,65,7865,406,60,16,10446,26,9,21,51,7389,98,348,417,1889,86,21,230,127,6529,14,132,1,21,24,87,14,7,59,541,2673
1,0,0,2,0,0,0,3,26,9,7,0,3,1,4,2,0,0,3,29,2,17,51,17,142,447,198,26,1,2,2,191,21,99,2,7,9,303,4,109,0,0,4,1414,208,17,140,2,0,0,2,1,20,1,5,2,4,5,12,20,53,27,17,18,473,108,57,9,32,82,38,573,15,127,26,37758,1024,590,131,39,6277,736,446,67,4788,7946,30,3,82,8417,24,314,8007,181,535,10,31,19,94,44
1,0,0,2,0,2,3,6,139,5,1,12,2,8,6,5,0,0,13,107,2,21,62,33,589,249,315,36,2,0,4,134,50,71,3,11,5,337,4,116,0,3,19,1239,240,13,95,0,0,0,3,1,10,0,69,4,6,14,3,446,38,39,52,34,76,23,14,5,77,363,23,1779,793,12043,9,1024,20620,875,32,12,812,1012,47,14,643,765,1291,34,21,1937,830,7811,11454,117,660,155,16,8,34,10
0,0,0,0,0,0,0,0,2,0,1,0,0,0,0,0,0,0,0,4,0,4,1,1,13,35,29,358,1,0,0,30,0,176,1,0,0,5,4,551,1,0,0,152,6,15,87,0,0,0,7,8,7,4,2,7,2,3,5,2,44,19,13,5,151,15,11,4,6,9,31,1822,10,65,21,590,875,61211,2416,4,635,39,211,8,88,13168,121,3,11,224,63,19409,846,27050,1326,18,14,182,58,24
1,0,3,1,0,20,4,1,6,9,1,1,0,10,4,27,0,1,6,3,5,12,0,8,6,3,1,1,5,10,7,0,0,0,17,26,15,1,33,8,7,3,16,5,2,1,2,1,2,0,459,690,505,417,130,442,7,6,25,57,235,42,47,23,7122,470,430,14,191,78,69,3806,42,57,51,131,32,2416,165192,97,335,334,44785,227,369,452,179,262,368,103,144,111,78,2048,222,51,13980,22921,1603,102
1,0,0,3,0,0,0,0,16,5,1,0,0,6,1,17,1,1,13,7,3,10,0,4,6,3,1,0,4,7,7,0,2,1,7,30,9,1,25,0,5,4,15,4,0,0,0,1,1,2,16,6,127,3,7,33,112,54,1745,88,306,516,2086,1260,646,588,7659,2732,2512,202,2671,513,28,56,7389,39,12,4,97,16772,230,1393,460,4071,208,22,167,174,3672,41,79,2,30,13,115,5,27,49,315,350
0,0,0,0,0,0,1,1,13,0,1,0,0,1,0,0,0,0,3,18,0,11,27,4,72,223,58,21,0,1,1,112,9,130,0,3,2,88,2,140,2,1,2,651,49,27,124,0,0,0,7,12,22,2,9,15,8,19,47,55,244,75,138,61,759,469,126,27,102,210,203,1987,25,387,98,6277,812,635,335,230,16449,3060,1317,135,2491,11172,39,12,468,1553,39,382,4568,943,9918,3,36,77,509,260
1,0,0,5,0,0,0,66,311,7,3,5,16,3,5,10,1,1,17,299,2,6,15,12,430,31,59,0,2,4,5,17,39,6,4,14,10,81,7,0,1,5,15,172,107,5,17,1,0,0,21,16,63,7,6,22,1478,457,667,658,322,570,6511,8616,1410,683,697,690,880,5225,422,6541,79,2024,348,736,1012,39,334,1393,3060,27218,1592,637,16565,152,270,36,958,2741,33,17,2265,80,4335,6,60,73,497,358
2,0,3,4,2,14,12,1,30,25,4,0,0,12,1,51,0,0,33,20,11,19,1,9,16,6,4,0,13,19,10,3,1,1,27,48,16,1,54,3,11,7,18,16,3,0,2,4,2,1,234,737,584,391,143,603,25,18,38,118,474,65,162,131,19984,6394,1089,71,627,240,324,1729,97,135,417,446,47,211,44785,460,1317,1592,79405,1308,1127,319,519,490,3078,155,313,25,170,190,552,76,1219,7232,20979,815
1,0,0,2,0,0,2,1,12,16,5,0,0,16,2,37,1,0,11,12,7,13,1,7,9,1,1,0,17,13,5,0,4,0,19,50,14,0,38,0,7,5,15,6,2,0,0,2,2,2,47,28,613,9,21,72,165,72,133,75,594,97,146,290,3589,5600,9268,111,593,421,162,217,19,88,1889,67,14,8,227,4071,135,637,1308,16300,497,18,165,264,9982,130,157,2,28,7,33,13,82,105,548,223
2,0,0,2,0,0,1,19,162,12,14,7,9,7,7,9,0,3,22,324,6,12,54,20,967,44,153,8,3,9,8,51,91,7,5,16,8,228,4,5,3,2,15,424,309,8,24,0,0,3,29,29,151,1,6,41,59,167,289,131,94,36,203,266,2505,410,484,31,350,1965,26,672,14,208,86,4788,643,88,369,208,2491,16565,1127,497,18693,279,87,24,315,3401,16,39,699,37,373,1,107,64,163,69
0,0,0,0,0,0,0,0,7,0,0,0,0,0,0,2,0,0,3,6,0,15,12,1,26,219,64,188,3,2,0,139,3,741,0,1,2,29,3,990,1,1,0,726,17,73,493,2,1,0,3,8,4,5,1,4,1,13,13,22,129,38,39,10,231,77,13,6,17,34,75,1316,15,100,21,7946,765,13168,452,22,11172,152,319,18,279,38484,47,5,37,865,32,4398,6837,11799,6799,7,17,74,128,44
8,5,1,22,1,2,15,101,987,150,45,101,29,61,16,128,59,46,218,59,175,55,7,195,138,2,9,6,78,85,137,9,32,1,113,294,79,4,279,5,55,53,178,16,6,3,3,26,6,23,42,41,137,15,139,71,511,802,343,7552,771,266,181,410,422,87,377,746,2055,979,539,235,8106,1280,230,30,1291,121,179,167,39,270,519,165,87,47,2101,1254,301,51,4604,509,330,17,25,344,75,91,419,246
16,13,15,72,10,15,110,3,22,76,2,2,1,140,27,258,2,2,47,9,12,70,1,22,9,0,6,5,68,70,56,1,2,0,191,128,85,0,260,2,44,14,77,4,2,0,1,39,19,5,400,327,2817,93,902,1117,2,1,9,123,788,43,19,9,2054,192,6973,10,4059,71,135,198,2450,166,127,3,34,3,262,174,12,36,490,264,24,5,1254,15634,261,25,7697,5,21,9,10,2333,237,156,526,239
2,0,1,4,1,0,4,4,11,19,0,0,1,18,1,61,2,1,17,6,7,21,1,4,7,5,0,2,21,15,8,0,4,0,20,61,19,2,64,0,9,6,20,5,0,0,0,3,0,0,34,52,232,6,28,101,52,12,54,81,625,193,403,201,2003,8993,1423,83,597,177,1224,594,19,62,6529,82,21,11,368,3672,468,958,3078,9982,315,37,301,261,37595,64,268,5,34,21,196,41,37,220,2706,5644
1,1,0,6,0,0,1,10,89,9,9,7,5,11,12,5,0,0,13,224,9,27,123,38,954,323,411,16,6,11,13,195,109,38,4,19,10,518,8,45,1,7,19,1494,474,13,91,3,0,2,29,12,139,2,15,46,8,49,47,86,87,55,140,37,780,170,179,5,125,1073,33,2041,83,1013,14,8417,1937,224,103,41,1553,2741,155,130,3401,865,51,25,64,22912,53,156,13960,101,730,17,63,30,108,38
22,15,4,64,24,21,105,2,22,85,10,2,0,155,40,296,1,2,43,8,12,60,2,25,11,2,3,3,65,80,60,0,3,1,211,131,79,4,233,4,51,22,84,7,2,2,2,38,19,8,100,64,117,833,2153,1448,8,8,24,114,430,51,17,9,499,53,463,13,1229,36,157,155,2218,1030,132,24,830,63,144,79,39,33,313,157,16,32,4604,7697,268,53,17049,320,345,5,17,9577,298,80,276,146
0,0,0,0,0,1,1,0,2,2,6,0,0,0,1,3,0,0,1,1,1,40,18,4,16,284,123,690,1,1,0,169,3,1075,1,0,6,23,8,3261,3,3,0,942,11,98,565,2,0,0,1,2,6,0,14,1,0,4,4,8,32,11,10,0,34,6,2,3,4,6,22,246,64,369,1,314,7811,19409,111,2,382,17,25,2,39,4398,509,5,5,156,320,62045,9607,878,366,76,14,19,19,6
0,0,0,4,0,1,1,4,54,12,9,6,3,10,7,4,0,0,10,117,4,40,100,21,602,1022,429,107,2,4,6,560,65,504,5,4,9,398,9,475,0,3,16,3256,273,72,507,0,1,2,9,3,36,0,24,13,2,17,24,93,191,106,128,26,208,52,44,11,86,125,72,4382,245,1316,21,8007,11454,846,78,30,4568,2265,170,28,699,6837,330,21,34,13960,345,9607,42395,609,2266,93,23,25,116,60
0,0,0,0,0,2,0,0,0,0,0,2,0,0,0,0,0,0,0,0,0,2,2,0,8,13,5,5,1,0,0,8,0,35,0,2,1,1,2,62,0,0,1,52,1,6,30,0,0,1,3,17,7,11,2,14,5,28,56,78,391,176,174,21,51,29,16,17,21,44,130,10970,4,34,24,181,117,27050,2048,13,943,80,190,7,37,11799,17,9,21,101,5,878,609,31174,8795,0,3,302,200,67
0,0,0,0,0,0,0,2,7,2,0,1,1,3,0,1,0,0,1,15,0,4,11,5,47,111,42,7,0,1,0,43,5,75,0,0,1,47,0,70,0,0,0,323,26,9,61,0,0,0,4,11,12,2,3,9,7,30,43,92,542,231,294,41,207,174,37,20,68,152,268,9911,29,299,87,535,660,1326,222,115,9918,4335,552,33,373,6799,25,10,196,730,17,366,2266,8795,15042,6,14,74,443,251
82,141,85,491,58,182,846,0,16,75,5,1,0,309,67,436,1,0,3,5,0,46,0,17,12,1,12,8,43,23,27,0,1,3,375,26,131,1,266,4,19,8,19,14,2,2,2,315,33,0,185,116,75,416,4742,525,0,0,0,21,130,2,4,0,300,3,194,0,65,8,9,43,106,287,14,10,155,18,51,5,3,6,76,13,1,7,344,2333,41,17,9577,76,93,0,6,8913,595,26,85,32
1,4,4,20,3,40,41,1,0,3,1,0,0,15,4,20,0,0,5,4,1,6,0,3,4,1,1,0,2,5,6,0,0,0,19,8,5,0,12,2,0,0,3,5,0,0,0,9,2,0,7766,617,768,521,3234,305,7,1,13,19,60,6,3,8,15718,129,311,2,56,52,7,35,27,66,7,31,16,14,13980,27,36,60,1219,82,107,17,75,237,37,63,298,14,23,3,14,595,37747,109,385,22
0,0,1,0,1,8,0,0,3,6,1,0,0,3,1,17,0,1,5,0,5,5,0,5,1,0,0,0,4,5,5,0,0,0,11,14,5,0,17,0,1,1,7,2,1,1,0,1,0,1,132,626,345,250,72,453,0,4,5,22,19336,28,23,8,753,314,299,3,126,34,93,2973,5,12,59,19,8,182,22921,49,77,73,7232,105,64,74,91,156,220,30,80,19,25,302,74,26,109,45749,5928,349
4,0,0,3,1,4,4,1,14,28,0,4,1,15,3,37,3,0,34,1,12,23,0,13,4,1,2,1,12,19,15,1,1,1,33,60,25,3,55,1,8,8,23,5,1,0,1,4,6,3,205,879,1055,221,179,1327,13,16,56,127,20782,278,201,37,1843,2711,1138,42,693,155,956,1800,93,55,541,94,34,58,1603,315,509,497,20979,548,163,128,419,526,2706,108,276,19,116,200,443,85,385,5928,20882,6153
2,0,0,1,0,0,4,1,12,6,0,0,0,8,2,21,0,1,11,3,1,4,0,8,3,1,0,0,9,4,5,0,0,0,11,30,5,0,14,0,4,5,11,4,2,0,0,1,1,1,81,101,224,54,88,437,2,6,34,79,4330,312,299,51,541,5298,516,46,402,71,4920,737,52,30,2673,44,10,24,102,350,260,358,815,223,69,44,246,239,5644,38,146,6,60,67,251,32,22,349,6153,9519
