33571,9765,10053,3580,18493,8396,1466,3,4,88,3,3,2,15701,122,192,1,0,4,5,8,615,4,1,4,5,1,20,465,758,19,5,8,6,96,4,24,7,30,2,695,233,130,4,19,11,8,123,767,11,9,54,10,362,30,39,0,0,0,2,2,0,0,0,8,4,46,0,3,2,0,1,0,1,0,1,0,0,1,1,0,0,2,9,1,0,4,33,1,0,9,0,0,0,0,33,1,1,1,2
9765,23819,7297,16528,554,630,977,1,1,140,7,3,0,6703,1893,125,0,1,4,7,6,548,2,3,2,2,1,10,139,316,18,1,6,3,83,4,10,1,30,0,586,319,67,2,6,4,2,123,80,14,8,15,14,15,41,42,0,0,0,0,2,1,0,0,4,5,53,0,3,2,0,0,2,0,0,0,1,0,1,1,0,1,1,9,1,0,4,53,1,1,15,0,0,0,0,53,1,0,4,0
10053,7297,27187,3122,9177,8965,6330,1,2,118,6,3,0,756,42,77,1,0,2,4,11,602,1,1,0,0,0,11,236,468,20,3,4,5,135,9,23,2,34,0,647,265,65,3,9,4,2,241,104,28,16,1090,20,5098,106,131,0,1,0,1,1,0,0,0,11,12,73,0,4,2,1,4,0,1,1,0,0,0,3,1,0,0,2,21,1,0,8,73,4,0,6,0,0,0,0,93,2,1,10,0
3580,16528,3122,33014,1177,1759,11565,101,27,828,47,26,13,7294,6441,8959,9,11,97,169,48,721,12,9,18,38,13,8,258,690,377,30,53,18,300,80,135,89,74,1,985,699,2000,46,251,10,11,282,246,99,21,22,38,74,105,144,0,2,2,11,10,1,0,0,35,11,227,1,14,16,1,7,6,24,5,2,2,0,7,6,0,7,14,44,11,0,24,179,19,12,30,0,13,0,0,154,6,2,20,3
18493,554,9177,1177,26110,45835,1744,12,7,77,5,5,5,6125,176,282,2,0,14,20,11,205,2,3,2,8,7,16,379,479,60,15,16,10,164,13,29,12,49,3,306,79,274,7,59,9,5,425,4023,21,8,81,7,1068,31,30,0,2,0,2,5,1,0,0,11,3,76,0,7,3,1,5,2,4,2,0,2,0,1,1,0,1,4,17,2,0,1,52,5,1,9,0,1,0,0,43,3,0,3,0
8396,630,8965,1759,45835,31421,27184,2,21,84,12,2,0,1841,573,326,0,0,3,15,7,324,3,46,21,5,32,10,279,429,56,2,7,9,2616,32,124,7,925,13,382,118,113,37,10,8,4,5625,4592,14,32,96,34,2369,687,464,1,1,0,3,8,2,0,0,11,8,141,0,4,1,0,6,4,7,0,0,2,0,1,4,0,0,2,20,2,0,16,161,2,1,37,0,1,0,0,215,7,0,4,1
1466,977,6330,11565,1744,27184,26023,17,30,466,54,14,6,1025,138,1860,5,2,29,67,32,312,10,17,21,8,8,5,104,186,68,8,16,10,3067,50,221,26,471,1,331,201,147,25,39,1,9,2346,183,32,74,52,79,726,473,1299,1,0,2,10,20,0,1,0,46,39,497,0,8,17,2,16,7,14,3,2,3,0,7,15,0,1,12,89,4,0,44,412,15,4,81,0,3,0,1,422,12,1,28,6
3,1,1,101,12,2,17,36125,3389,221,2076,490,5857,183,106,952,2365,3934,1065,6542,508,1700,213,123,148,50,44,33,26,79,2197,94,778,42,14,116,781,183,39,3,35,50,663,135,911,80,114,5,15,14,4,0,7,0,5,7,159,105,74,803,60,18,11,30,1,1,67,25,159,520,25,14,131,163,23,4,39,0,0,75,0,101,0,6,52,3,330,38,20,16,9,0,18,1,1,8,2,0,4,3
4,1,2,27,7,21,30,3389,53028,109,360,209,303,17,6,268,231,29,4447,2856,179,447,155,11414,6850,57,3625,45,9,17,81,85,181,88,149,1338,13161,102,368,165,17,20,52,897,85,57,129,216,10,5,3,4,7,1,5,14,211,252,117,2196,63,32,13,39,2,5,91,47,201,902,39,33,291,612,20,11,278,5,3,73,2,136,1,11,128,13,813,50,9,52,7,10,92,0,6,18,2,1,3,6
88,140,118,828,77,84,466,221,109,32696,3491,5651,127,318,234,938,326,43,208,105,6748,4543,447,110,49,16,28,28,263,310,396,178,355,22,251,357,387,26,252,3,16157,9863,1556,87,80,83,303,87,26,3763,4,2,4,2,5,9,4,7,14,30,39,6,3,1,1,0,80,6,100,9,7,5,43,8,20,6,4,0,1,63,0,6,2,28,6,0,80,52,14,6,14,1,15,0,1,19,1,2,5,5
3,7,6,47,5,12,54,2076,360,3491,6632,10669,1262,43,13,439,2009,91,370,310,3705,3451,1468,87,63,15,22,34,30,78,296,70,454,29,64,200,145,38,86,2,99,216,335,120,53,119,195,36,4,43,0,0,0,0,1,2,6,6,12,32,9,2,3,0,0,2,18,4,38,15,2,5,19,13,3,4,3,0,1,11,2,6,0,4,7,0,25,13,6,12,7,1,10,0,1,7,0,0,0,0
3,3,3,26,5,2,14,490,209,5651,10669,23291,6193,46,41,92,9436,33,81,977,8691,2052,3780,24,568,28,76,29,35,151,413,153,4600,27,15,80,102,277,27,2,230,449,396,330,306,152,412,8,6,93,0,0,1,0,0,2,2,3,1,14,2,1,2,1,0,0,9,2,19,41,0,7,11,62,3,4,31,0,1,11,4,18,1,2,39,1,23,5,0,29,1,1,40,0,1,0,0,0,1,0
2,0,0,13,5,0,6,5857,303,127,1262,6193,25594,140,120,81,5309,940,73,1457,749,1042,408,14,276,21,54,48,23,121,741,203,4744,30,11,29,153,53,11,2,22,68,417,155,329,74,176,5,8,34,0,0,2,0,0,4,37,15,2,228,2,2,4,8,1,0,15,1,13,240,1,5,17,133,1,5,22,0,0,10,0,59,1,3,47,0,92,5,1,10,0,1,22,0,0,2,0,0,2,0
15701,6703,756,7294,6125,1841,1025,183,17,318,43,46,140,66220,10206,1328,30,58,55,285,193,522,38,10,41,49,19,54,3579,20418,393,377,419,85,230,67,176,82,141,5,779,810,5384,53,1111,27,106,186,13819,1087,13,12,13,9,33,34,3,2,3,8,7,6,0,0,9,8,122,0,16,16,4,9,10,37,5,3,12,1,4,10,1,12,5,44,25,1,28,122,13,19,25,1,20,0,0,55,4,0,17,3
122,1893,42,6441,176,573,138,106,6,234,13,41,120,10206,12316,857,23,43,30,134,236,222,10,0,13,22,4,1,183,1011,276,123,228,20,75,17,39,27,26,1,463,1217,10671,30,384,5,36,64,138,8972,2,0,3,0,2,8,0,0,0,3,1,0,0,0,3,2,41,0,10,6,0,1,3,17,2,2,2,0,0,3,0,5,1,17,11,0,6,13,0,4,8,0,4,0,1,10,1,0,3,0
192,125,77,8959,282,326,1860,952,268,938,439,92,81,1328,857,23733,151,516,4183,993,399,387,53,57,121,41,30,3,140,388,11233,61,150,34,2011,3114,847,166,582,6,383,274,6351,121,283,12,38,692,131,68,40,25,42,19,77,100,9,12,7,74,70,17,2,3,49,49,564,5,130,59,9,47,59,43,42,1,22,0,18,75,4,15,35,208,19,2,139,476,76,18,179,2,12,0,2,213,9,9,57,28
1,0,1,9,2,0,5,2365,231,326,2009,9436,5309,30,23,151,5178,1089,209,111,4228,624,410,49,25,5,7,10,10,65,2120,50,981,18,5,47,78,16,18,0,30,71,219,53,36,32,132,3,0,17,0,0,1,0,0,3,3,11,7,54,7,3,0,0,0,0,7,4,26,5,1,2,15,8,5,2,4,0,0,9,0,2,0,2,2,0,19,9,4,3,1,1,11,0,0,5,0,0,1,1
0,1,0,11,0,0,2,3934,29,43,91,33,940,58,43,516,1089,2198,418,176,119,49,9,21,7,6,6,2,3,13,3420,82,336,3,7,38,48,11,12,0,7,7,372,8,270,3,13,3,1,4,1,1,1,0,5,4,3,1,10,19,10,4,1,1,1,0,13,3,38,6,8,5,30,13,19,0,0,0,0,22,1,0,0,10,6,0,23,18,12,3,4,0,5,0,0,5,1,0,4,3
4,4,2,97,14,3,29,1065,4447,208,370,81,73,55,30,4183,209,418,10000,1756,434,223,34,133,318,14,56,3,13,42,2922,23,64,4,47,1730,505,63,79,3,48,38,418,85,75,6,26,23,3,8,3,3,4,1,7,9,20,11,33,114,53,22,3,4,4,1,88,11,179,50,31,8,92,44,65,0,15,0,2,100,1,16,2,18,17,1,107,73,46,10,22,1,18,0,3,12,2,2,13,10
5,7,4,169,20,15,67,6542,2856,105,310,977,1457,285,134,993,111,176,1756,33561,162,1117,693,182,1937,220,601,78,47,189,767,463,3775,141,117,657,541,4417,111,5,52,90,699,833,4885,179,580,30,27,46,5,4,18,3,6,33,150,102,9,934,15,16,32,51,8,45,121,5,104,1991,6,113,113,2455,17,30,358,5,1,29,23,582,3,31,857,12,267,39,15,206,9,7,252,3,13,7,5,1,21,6
8,6,11,48,11,7,32,508,179,6748,3705,8691,749,193,236,399,4228,119,434,162,22612,844,694,123,70,28,27,37,142,923,1224,328,1021,31,62,312,354,37,128,3,613,3061,4784,126,146,73,444,25,15,2728,1,0,0,1,3,7,5,9,11,46,19,4,0,2,1,2,60,8,80,10,7,8,40,15,13,3,6,0,2,41,0,5,1,8,13,0,55,46,12,15,7,2,21,0,1,2,1,0,12,1
615,548,602,721,205,324,312,1700,447,4543,3451,2052,1042,522,222,387,624,49,223,1117,844,22534,3836,44,505,227,278,1728,3729,705,272,574,784,989,106,178,213,333,152,144,13815,793,649,1821,326,4925,1883,64,100,102,1,4,4,9,5,10,4,1,0,22,13,2,2,2,3,3,85,0,35,34,4,19,9,71,4,29,34,6,1,16,11,30,5,33,59,18,38,80,18,44,27,29,108,3,8,16,2,2,7,4
4,2,1,12,2,3,10,213,155,447,1468,3780,408,38,10,53,410,9,34,693,694,3836,9502,38,726,324,477,505,90,113,85,693,2268,386,15,45,41,720,49,58,67,210,105,2919,366,3535,5771,42,2,37,0,1,1,0,0,0,1,1,0,9,2,4,4,1,0,0,3,1,5,19,0,39,8,91,0,70,85,7,1,3,22,78,1,1,110,25,4,1,0,173,2,22,296,2,12,1,1,0,1,0
1,3,1,9,3,46,17,123,11414,110,87,24,14,10,0,57,49,21,133,182,123,44,38,5043,854,13,1110,51,11,20,33,35,47,75,339,6636,6471,40,8954,316,18,25,45,407,29,6,52,301,17,2,1,0,1,2,4,5,15,15,28,135,22,16,0,8,1,1,47,7,101,64,16,7,75,103,15,2,49,1,1,47,1,14,0,7,24,10,119,36,6,23,6,7,36,1,1,11,1,0,7,3
4,2,0,18,2,21,21,148,6850,49,63,568,276,41,13,121,25,7,318,1937,70,505,726,854,9353,156,9885,77,16,71,44,454,1424,203,66,386,764,453,306,170,24,50,64,2814,587,95,487,239,11,23,6,1,26,1,3,13,48,36,4,467,4,22,39,33,18,37,80,9,92,1498,2,127,70,2875,1,112,855,13,1,14,52,642,2,23,1018,45,158,28,10,646,4,27,807,5,25,7,3,0,7,4
5,2,0,38,8,5,8,50,57,16,15,28,21,49,22,41,5,6,14,220,28,227,324,13,156,15664,405,91,16,30,63,7668,180,4687,5,26,36,1983,36,42,12,20,143,6310,1342,88,1147,20,5,4,0,0,2,0,1,1,2,1,2,6,6,8,22,7,1,5,4,1,5,17,4,247,14,104,1,446,398,17,0,6,201,301,1,8,255,167,5,5,5,553,0,166,1661,11,94,0,0,0,5,3
1,1,0,13,7,32,8,44,3625,28,22,76,54,19,4,30,7,6,56,601,27,278,477,1110,9885,405,15027,975,14,29,15,526,370,910,75,246,2001,593,1893,4406,11,31,27,14602,405,74,506,362,9,5,3,1,3,0,3,7,4,5,0,68,2,4,11,3,2,8,12,1,23,119,4,83,24,471,1,221,596,44,1,6,100,294,0,5,309,149,21,8,2,594,0,165,1313,20,55,3,1,0,4,1
20,10,11,8,16,10,5,33,45,28,34,29,48,54,1,3,10,2,3,78,37,1728,505,51,77,91,975,42354,1470,200,17,180,129,6801,12,21,298,52,321,12164,246,49,64,700,116,8546,2635,56,19,7,0,0,0,0,0,0,0,0,0,2,1,0,0,0,0,0,4,0,2,3,0,11,1,8,0,16,36,465,2,1,7,14,0,1,24,222,5,1,1,18,3,1189,99,29,8,1,0,0,3,0
465,139,236,258,379,279,104,26,9,263,30,35,23,3579,183,140,10,3,13,47,142,3729,90,11,16,16,14,1470,82055,15732,100,111,97,284,68,60,109,20,86,83,19444,751,675,100,143,1470,297,47,9881,204,1,1,1,1,1,7,0,0,0,0,9,2,0,0,1,3,34,0,19,2,2,1,6,1,1,3,2,0,0,14,0,1,1,15,1,2,14,31,8,4,11,2,2,1,0,19,0,0,5,2
758,316,468,690,479,429,186,79,17,310,78,151,121,20418,1011,388,65,13,42,189,923,705,113,20,71,30,29,200,15732,56392,230,571,649,81,138,161,256,48,175,12,11108,15130,3819,88,656,142,258,77,2425,2594,3,2,7,12,9,14,2,1,1,6,20,1,1,1,7,5,111,0,36,17,1,10,10,38,2,4,7,0,2,19,2,5,4,36,17,0,40,75,11,7,31,0,20,0,1,20,2,0,8,1
19,18,20,377,60,56,68,2197,81,396,296,413,741,393,276,11233,2120,3420,2922,767,1224,272,85,33,44,63,15,17,100,230,22819,169,763,38,298,338,551,166,313,1,234,157,13879,80,840,17,104,269,47,55,12,5,11,6,27,46,8,7,12,54,50,9,7,1,24,21,260,1,138,38,11,27,41,56,43,7,9,1,11,85,3,24,16,86,17,1,118,254,55,23,74,1,22,0,0,79,3,3,20,13
5,1,3,30,15,2,8,94,85,178,70,153,203,377,123,61,50,82,23,463,328,574,693,35,454,7668,526,180,111,571,169,34072,8810,3753,16,52,56,760,42,95,142,345,591,4693,3811,166,11456,27,35,87,0,0,1,1,1,0,1,2,0,4,5,3,15,6,1,3,12,5,6,22,2,174,15,131,2,403,282,32,1,6,167,300,0,2,240,191,7,2,4,520,1,167,1344,17,105,1,0,0,5,2
8,6,4,53,16,7,16,778,181,355,454,4600,4744,419,228,150,981,336,64,3775,1021,784,2268,47,1424,180,370,129,97,649,763,8810,25275,191,32,87,95,1324,55,15,198,552,851,1752,5160,219,4978,16,29,206,1,0,3,0,0,1,13,8,1,88,5,7,12,3,10,9,29,1,18,295,2,47,14,516,4,43,138,3,0,14,21,190,0,7,286,15,30,13,3,204,2,5,273,3,14,5,0,0,2,5
6,3,5,18,10,9,10,42,88,22,29,27,30,85,20,34,18,3,4,141,31,989,386,75,203,4687,910,6801,284,81,38,3753,191,21103,9,28,192,406,276,7309,94,33,161,5978,749,3185,7089,81,6,8,0,0,0,0,1,0,1,1,1,2,3,1,2,0,0,2,3,1,1,10,1,65,5,44,1,139,84,331,0,1,85,64,0,2,52,1335,6,2,0,103,2,1305,570,185,183,1,0,0,2,0
96,83,135,300,164,2616,3067,14,149,251,64,15,11,230,75,2011,5,7,47,117,62,106,15,339,66,5,75,12,68,138,298,16,32,9,12867,1183,1572,35,17252,38,142,76,477,79,23,1,7,8114,360,36,39,36,76,22,112,176,3,4,4,23,66,10,2,2,45,39,667,2,77,6,6,38,30,21,19,2,9,1,24,31,0,3,33,173,6,0,121,497,43,11,172,0,5,0,0,283,17,6,63,13
4,4,9,80,13,32,50,116,1338,357,200,80,29,67,17,3114,47,38,1730,657,312,178,45,6636,386,26,246,21,60,161,338,52,87,28,1183,15348,3755,124,6687,59,137,120,398,224,66,9,41,272,23,29,8,3,14,2,20,27,10,25,34,117,109,18,5,4,19,14,399,18,322,70,32,33,162,78,85,6,31,0,12,163,2,21,11,134,34,2,278,319,76,23,94,0,27,0,0,44,6,7,60,22
24,10,23,135,29,124,221,781,13161,387,145,102,153,176,39,847,78,48,505,541,354,213,41,6471,764,36,2001,298,109,256,551,56,95,192,1572,3755,7464,47,12063,1183,246,205,744,618,52,18,51,1928,22,93,6,5,8,3,16,18,14,24,12,179,40,13,6,7,7,9,89,12,69,98,10,16,49,59,15,5,26,6,3,31,1,18,5,22,15,8,274,104,22,14,45,16,26,1,0,53,5,1,3,8
7,1,2,89,12,7,26,183,102,26,38,277,53,82,27,166,16,11,63,4417,37,333,720,40,453,1983,593,52,20,48,166,760,1324,406,35,124,47,25414,50,18,14,27,246,9672,6304,72,692,27,13,10,1,1,10,2,3,3,3,5,1,29,8,3,18,6,6,11,22,4,11,189,2,158,6,649,1,139,301,8,0,9,64,371,2,19,552,37,11,9,4,554,5,10,751,5,46,4,0,2,7,0
30,30,34,74,49,925,471,39,368,252,86,27,11,141,26,582,18,12,79,111,128,152,49,8954,306,36,1893,321,86,175,313,42,55,276,17252,6687,12063,50,49149,1619,153,94,451,1066,24,17,69,15014,200,30,10,9,19,3,21,64,2,4,16,33,48,9,0,0,18,24,387,6,146,15,11,36,59,25,16,8,17,7,12,89,0,13,13,151,17,13,174,286,32,14,101,19,22,1,1,92,4,7,29,12
2,0,0,1,3,13,1,3,165,3,2,2,2,5,1,6,0,0,3,5,3,144,58,316,170,42,4406,12164,83,12,1,95,15,7309,38,59,1183,18,1619,35693,15,5,5,8162,18,788,362,303,4,0,1,0,0,0,0,2,0,0,0,1,5,2,1,2,0,0,3,1,1,4,2,54,1,15,0,94,85,1283,2,1,72,16,0,0,10,2245,2,0,0,23,2,4111,583,302,137,5,0,0,0,2
695,586,647,985,306,382,331,35,17,16157,99,230,22,779,463,383,30,7,48,52,613,13815,67,18,24,12,11,246,19444,11108,234,142,198,94,142,137,246,14,153,15,84185,13113,1098,40,130,204,154,59,110,614,2,1,2,19,11,9,0,2,0,5,14,6,0,0,4,3,61,1,39,6,1,7,6,6,9,1,1,0,3,31,2,5,3,31,1,1,40,70,19,7,21,2,5,2,1,19,3,1,5,3
233,319,265,699,79,118,201,50,20,9863,216,449,68,810,1217,274,71,7,38,90,3061,793,210,25,50,20,31,49,751,15130,157,345,552,33,76,120,205,27,94,5,13113,22046,3250,72,218,52,245,28,34,11737,0,2,1,4,4,8,0,0,3,10,10,1,2,1,3,2,33,0,30,7,1,1,14,16,4,2,0,0,0,27,0,4,3,17,15,0,32,39,5,7,19,1,16,0,1,8,0,1,7,3
130,67,65,2000,274,113,147,663,52,1556,335,396,417,5384,10671,6351,219,372,418,699,4784,649,105,45,64,143,27,64,675,3819,13879,591,851,161,477,398,744,246,451,5,1098,3250,53140,137,1745,19,177,321,304,11304,22,10,24,5,42,60,6,7,3,37,35,12,2,3,22,27,394,3,113,51,4,34,23,54,15,8,12,0,8,42,5,23,15,192,54,0,98,323,39,34,89,0,40,0,2,90,8,6,46,12
4,2,3,46,7,37,25,135,897,87,120,330,155,53,30,121,53,8,85,833,126,1821,2919,407,2814,6310,14602,700,100,88,80,4693,1752,5978,79,224,618,9672,1066,8162,40,72,137,51717,1423,728,4351,456,16,14,3,0,9,0,6,11,5,4,3,33,6,27,38,26,11,20,26,12,15,91,10,590,30,596,7,1544,1246,185,0,11,771,785,3,17,754,1627,17,11,9,1592,2,1505,6218,117,446,10,6,0,8,5
19,6,9,251,59,10,39,911,85,80,53,306,329,1111,384,283,36,270,75,4885,146,326,366,29,587,1342,405,116,143,656,840,3811,5160,749,23,66,52,6304,24,18,130,218,1745,1423,9181,54,700,14,94,59,4,2,14,0,3,8,4,8,2,50,10,18,33,15,16,24,38,6,26,322,5,158,25,992,6,161,283,15,3,10,79,449,3,24,821,43,8,9,5,694,3,10,741,5,38,3,0,0,9,3
11,4,4,10,9,8,1,80,57,83,119,152,74,27,5,12,32,3,6,179,73,4925,3535,6,95,88,74,8546,1470,142,17,166,219,3185,1,9,18,72,17,788,204,52,19,728,54,10398,6005,7,7,5,0,0,0,0,1,0,0,0,0,1,1,0,0,1,0,1,2,0,1,4,1,5,1,9,0,7,9,55,0,1,3,6,0,0,6,58,2,1,0,18,0,101,34,10,4,0,0,0,0,0
8,2,2,11,5,4,9,114,129,303,195,412,176,106,36,38,132,13,26,580,444,1883,5771,52,487,1147,506,2635,297,258,104,11456,4978,7089,7,41,51,692,69,362,154,245,177,4351,700,6005,31624,23,10,50,0,0,2,0,0,3,1,2,0,7,2,3,4,1,0,2,6,1,4,12,0,81,10,71,2,160,163,32,1,1,80,151,0,3,132,261,3,2,0,268,0,211,582,21,66,0,0,0,0,2
123,123,241,282,425,5625,2346,5,216,87,36,8,5,186,64,692,3,3,23,30,25,64,42,301,239,20,362,56,47,77,269,27,16,81,8114,272,1928,27,15014,303,59,28,321,456,14,7,23,9050,1011,11,74,77,79,39,347,303,0,1,2,5,23,3,2,0,47,21,391,0,16,11,2,24,9,13,4,4,5,3,8,7,1,5,11,78,7,4,57,424,15,9,82,6,17,0,0,523,14,5,25,9
767,80,104,246,4023,4592,183,15,10,26,4,6,8,13819,138,131,0,1,3,27,15,100,2,17,11,5,9,19,9881,2425,47,35,29,6,360,23,22,13,200,4,110,34,304,16,94,7,10,1011,21401,22,5,2,2,7,11,17,0,0,0,1,2,1,1,0,3,6,26,1,3,3,0,1,1,5,0,0,0,0,0,0,0,1,1,15,4,1,2,22,6,2,14,0,3,0,0,17,0,1,4,0
11,14,28,99,21,14,32,14,5,3763,43,93,34,1087,8972,68,17,4,8,46,2728,102,37,2,23,4,5,7,204,2594,55,87,206,8,36,29,93,10,30,0,614,11737,11304,14,59,5,50,11,22,12121,2,0,2,0,0,1,0,0,0,0,4,0,0,0,2,1,27,0,11,1,0,1,6,7,2,1,2,0,2,7,1,3,0,9,2,0,14,18,1,0,3,0,3,0,0,0,0,1,2,0
9,8,16,21,8,32,74,4,3,4,0,0,0,13,2,40,0,1,3,5,1,1,0,1,6,0,3,0,1,3,12,0,1,0,39,8,6,1,10,1,2,0,22,3,4,0,0,74,5,2,34419,10985,4757,14544,29809,1975,3,10,10,4,252,19,3,2,17197,1441,680,1,15,40,10,552,10,23,4,28,6,11,746,18,12,39,627,63,89,19,31,278,56,74,110,2,18,1,3,582,7823,148,789,99
54,15,1090,22,81,96,52,0,4,2,0,0,0,12,0,25,0,1,3,4,0,4,1,0,1,0,1,0,1,2,5,0,0,0,36,3,5,1,9,0,1,2,10,0,2,0,0,77,2,0,10985,54373,21937,14048,1611,7414,3,0,2,0,487,11,0,1,5283,290,201,0,8,13,5,595,6,5,10,13,0,7,280,7,8,19,362,44,37,10,18,158,85,33,44,1,19,0,1,138,438,103,1182,100
10,14,20,38,7,34,79,7,7,4,0,1,2,13,3,42,1,1,4,18,0,4,1,1,26,2,3,0,1,7,11,1,3,0,76,14,8,10,19,0,2,1,24,9,14,0,2,79,2,2,4757,21937,51954,426,934,9954,23,71,45,18,468,45,9,8,12418,12187,6768,5,64,168,9,278,5,34,22,64,12,18,212,99,20,120,287,139,289,37,39,114,131,266,41,2,75,1,3,115,754,49,682,147
362,15,5098,74,1068,2369,726,0,1,2,0,0,0,9,0,19,0,0,1,3,1,9,0,2,1,0,0,0,1,12,6,1,0,0,22,2,3,2,3,0,19,4,5,0,0,0,0,39,7,0,14544,14048,426,47999,22786,19608,2,1,0,0,160,10,0,1,710,95,98,0,7,4,3,466,2,2,3,5,1,3,244,4,1,8,214,17,13,3,7,100,18,12,277,0,4,0,0,853,264,77,554,29
30,41,106,105,31,687,473,5,5,5,1,0,0,33,2,77,0,5,7,6,3,5,0,4,3,1,3,0,1,9,27,1,0,1,112,20,16,3,21,0,11,4,42,6,3,1,0,347,11,0,29809,1611,934,22786,41593,7445,3,6,5,15,124,14,1,1,2553,779,541,3,24,31,4,259,78,54,22,8,18,7,216,14,1,20,221,41,25,3,349,1975,29,40,1515,6,25,1,1,11659,6478,56,311,30
39,42,131,144,30,464,1299,7,14,9,2,2,4,34,8,100,3,4,9,33,7,10,0,5,13,1,7,0,7,14,46,0,1,0,176,27,18,3,64,2,9,8,60,11,8,0,3,303,17,1,1975,7414,9954,19608,7445,41622,3,27,23,23,473,46,10,5,703,197,3710,5,60,155,17,244,28,81,34,31,15,9,118,30,13,73,147,67,107,17,119,1665,77,156,517,10,76,1,0,901,170,55,514,114
0,0,0,0,0,1,1,159,211,4,6,2,37,3,0,9,3,3,20,150,5,4,1,15,48,2,4,0,0,2,8,1,13,1,3,10,14,3,2,0,0,0,6,5,4,0,1,0,0,0,3,3,23,2,3,3,5104,7214,872,344,22,202,61,5864,19,59,337,1140,263,3418,19,269,37,52,11,26,11,6,4,1038,22,3652,2,183,106,4,189,2,23,9,3,2,36,7,13,1,2,1,6,1
0,0,1,2,2,1,0,105,252,7,6,3,15,2,0,12,11,1,11,102,9,1,1,15,36,1,5,0,0,1,7,2,8,1,4,25,24,5,4,0,2,0,7,4,8,0,2,1,0,0,10,0,71,1,6,27,7214,21937,2722,2813,126,734,138,2072,29,56,533,5996,373,3279,75,959,78,84,18,28,25,18,5,2298,30,580,5,134,508,14,313,6,10,32,2,4,57,20,25,4,7,0,9,9
0,0,0,2,0,0,2,74,117,14,12,1,2,3,0,7,7,10,33,9,11,0,0,28,4,2,0,0,0,1,12,0,1,1,4,34,12,1,16,0,0,3,3,3,2,0,0,2,0,0,10,2,45,0,5,23,872,2722,2446,1888,195,444,49,283,17,20,600,1385,2282,424,84,381,52,58,9,4,5,0,4,2251,7,109,1,47,71,5,181,8,6,12,3,0,19,5,8,0,4,0,6,6
2,0,1,11,2,3,10,803,2196,30,32,14,228,8,3,74,54,19,114,934,46,22,9,135,467,6,68,2,0,6,54,4,88,2,23,117,179,29,33,1,5,10,37,33,50,1,7,5,1,0,4,0,18,0,15,23,344,2813,1888,37720,149,452,220,312,8,13,175,267,3200,4174,168,922,17119,5168,28,23,1138,21,4,69,29,423,2,18,196,32,6135,133,21,106,30,11,237,18,45,59,3,2,12,9
2,2,1,10,5,8,20,60,63,39,9,2,2,7,1,70,7,10,53,15,19,13,2,22,4,6,2,1,9,20,50,5,5,3,66,109,40,8,48,5,14,10,35,6,10,1,2,23,2,4,252,487,468,160,124,473,22,126,195,149,42722,3714,940,133,331,1120,2214,618,717,54,5698,1750,221,76,1147,111,43,147,96,564,124,316,232,552,117,99,590,345,1434,26,198,12,209,70,140,126,69,31461,50748,16776
0,1,0,1,1,2,0,18,32,6,2,1,2,6,0,17,3,4,22,16,4,2,4,16,22,8,4,0,2,1,9,3,7,1,10,18,13,3,9,2,6,1,12,27,18,0,3,3,1,0,19,11,45,10,14,46,202,734,444,452,3714,11208,9281,1885,26,56,774,4637,647,294,10640,10028,192,218,610,31,80,49,13,563,58,1102,9,126,60,52,315,93,211,59,36,13,300,89,205,21,9,5,106,164
0,0,0,0,0,0,1,11,13,3,3,2,4,0,0,2,0,1,3,32,0,2,4,0,39,22,11,0,0,1,7,15,12,2,2,5,6,18,0,1,0,2,2,38,33,0,4,2,1,0,3,0,9,0,1,10,61,138,49,220,940,9281,21275,12720,7,39,56,6045,103,251,6614,10698,52,674,318,49,145,104,5,460,97,13796,3,59,119,69,53,15,147,119,3,13,605,187,356,0,5,0,46,61
0,0,0,0,0,0,0,30,39,1,0,1,8,0,0,3,0,1,4,51,2,2,1,8,33,7,3,0,0,1,1,6,3,0,2,4,7,6,0,2,0,1,3,26,15,1,1,0,0,0,2,1,8,1,1,5,5864,2072,283,312,133,1885,12720,15519,12,52,131,5524,96,682,544,2036,34,183,148,50,46,40,6,1266,109,14049,0,172,82,54,57,5,103,26,1,7,177,53,193,0,1,0,22,22
8,4,11,35,11,11,46,1,2,1,0,0,1,9,3,49,0,1,4,8,1,3,0,1,18,1,2,0,1,7,24,1,10,0,45,19,7,6,18,0,4,3,22,11,16,0,0,47,3,2,17197,5283,12418,710,2553,703,19,29,17,8,331,26,7,12,46369,20854,1755,6,24,90,16,569,4,53,32,129,8,33,4675,34,71,212,12622,503,419,54,52,114,577,155,81,4,54,3,11,200,13269,213,2919,902
4,5,12,11,3,8,39,1,5,0,2,0,0,8,2,49,0,0,1,45,2,3,0,1,37,5,8,0,3,5,21,3,9,2,39,14,9,11,24,0,3,2,27,20,24,1,2,21,6,1,1441,290,12187,95,779,197,59,56,20,13,1120,56,39,52,20854,60319,3841,14,28,144,26,444,8,259,145,399,29,111,655,84,274,1033,3715,7138,998,168,36,56,10994,229,67,18,167,9,69,67,826,80,6026,6476
46,53,73,227,76,141,497,67,91,80,18,9,15,122,41,564,7,13,88,121,60,85,3,47,80,4,12,4,34,111,260,12,29,3,667,399,89,22,387,3,61,33,394,26,38,2,6,391,26,27,680,201,6768,98,541,3710,337,533,600,175,2214,774,56,131,1755,3841,34706,220,4030,1039,219,727,107,291,451,125,31,18,169,7689,47,388,230,6409,651,54,794,2562,460,476,637,11,203,10,17,826,353,79,746,248
0,0,0,1,0,0,0,25,47,6,4,2,1,0,0,5,4,3,11,5,8,0,1,7,9,1,1,0,0,0,1,5,1,1,2,18,12,4,6,1,1,0,3,12,6,0,1,0,1,0,1,0,5,0,3,5,1140,5996,1385,267,618,4637,6045,5524,6,14,220,6301,269,31,6132,1725,75,58,542,19,19,25,3,4070,56,721,3,62,20,15,171,15,71,13,5,4,107,40,96,2,4,0,22,34
3,3,4,14,7,4,8,159,201,100,38,19,13,16,10,130,26,38,179,104,80,35,5,101,92,5,23,2,19,36,138,6,18,1,77,322,69,11,146,1,39,30,113,15,26,1,4,16,3,11,15,8,64,7,24,60,263,373,2282,3200,717,647,103,96,24,28,4030,269,14194,734,325,486,3692,1266,317,18,175,7,12,1417,20,203,11,119,97,7,1304,4015,187,74,185,5,214,8,15,32,9,3,73,69
2,2,2,16,3,1,17,520,902,9,15,41,240,16,6,59,5,6,50,1991,10,34,19,64,1498,17,119,3,2,17,38,22,295,10,6,70,98,189,15,4,6,7,51,91,322,4,12,11,3,1,40,13,168,4,31,155,3418,3279,424,4174,54,294,251,682,90,144,1039,31,734,22067,33,848,79,6456,24,155,280,41,6,231,133,6937,5,183,5872,64,334,107,36,2170,4,19,1368,25,88,12,19,6,26,19
0,0,1,1,1,0,2,25,39,7,2,0,1,4,0,9,1,8,31,6,7,4,0,16,2,4,4,0,2,1,11,2,2,1,6,32,10,2,11,2,1,1,4,10,5,1,0,2,0,0,10,5,9,3,4,17,19,75,84,168,5698,10640,6614,544,16,26,219,6132,325,33,15159,1905,174,54,2717,52,29,68,8,1957,79,463,18,32,35,64,356,49,721,18,14,11,147,47,146,8,9,13,346,3429
1,0,4,7,5,6,16,14,33,5,5,7,5,9,1,47,2,5,8,113,8,19,39,7,127,247,83,11,1,10,27,174,47,65,38,33,16,158,36,54,7,1,34,590,158,5,81,24,1,1,552,595,278,466,259,244,269,959,381,922,1750,10028,10698,2036,569,444,727,1725,486,848,1905,43136,127,1700,446,509,790,4821,2236,455,966,12578,745,381,476,1956,173,114,440,664,94,514,4087,9420,7607,64,272,3489,2533,314
0,2,0,6,2,4,7,131,291,43,19,11,17,10,3,59,15,30,92,113,40,9,8,75,70,14,24,1,6,10,41,15,14,5,30,162,49,6,59,1,6,14,23,30,25,1,10,9,1,6,10,6,5,2,78,28,37,78,52,17119,221,192,52,34,4,8,107,75,3692,79,174,127,8327,5899,170,23,663,21,2,136,18,114,2,37,45,25,8234,2813,82,55,2581,123,201,5,9,943,24,7,25,23
1,0,1,24,4,7,14,163,612,8,13,62,133,37,17,43,8,13,44,2455,15,71,91,103,2875,104,471,8,1,38,56,131,516,44,21,78,59,649,25,15,6,16,54,596,992,9,71,13,5,7,23,5,34,2,54,81,52,84,58,5168,76,218,674,183,53,259,291,58,1266,6456,54,1700,5899,21885,54,220,14054,109,23,111,255,3664,12,156,1158,143,1453,495,116,808,813,884,1915,39,169,492,17,8,84,73
0,0,1,5,2,0,3,23,20,20,3,3,1,5,2,42,5,19,65,17,13,4,0,15,1,1,1,0,1,2,43,2,4,1,19,85,15,1,16,0,9,4,15,7,6,0,2,4,0,2,4,10,22,3,22,34,11,18,9,28,1147,610,318,148,32,145,451,542,317,24,2717,446,170,54,11826,59,12,45,16,3301,91,380,42,1512,66,47,565,124,5250,8,65,5,54,28,72,15,8,20,691,3704
1,0,0,2,0,0,2,4,11,6,4,4,5,3,2,1,2,0,0,30,3,29,70,2,112,446,221,16,3,4,7,403,43,139,2,6,5,139,8,94,1,2,8,1544,161,7,160,4,0,1,28,13,64,5,8,31,26,28,4,23,111,31,49,50,129,399,125,19,18,155,52,509,23,220,59,26242,422,131,28,71,4315,2272,48,193,4538,5135,18,14,159,4997,7,195,9973,51,202,6,19,6,249,127
0,1,0,2,2,2,3,39,278,4,3,31,22,12,2,22,4,0,15,358,6,34,85,49,855,398,596,36,2,7,9,282,138,84,9,31,26,301,17,85,1,0,12,1246,283,9,163,5,0,2,6,0,12,1,18,15,11,25,5,1138,43,80,145,46,8,29,31,19,175,280,29,790,663,14054,12,422,16335,665,4,15,288,1107,4,14,502,328,972,137,25,391,737,4089,8235,64,181,275,3,2,24,18
0,0,0,0,0,0,0,0,5,0,0,0,0,1,0,0,0,0,0,5,0,6,7,1,13,17,44,465,0,0,1,32,3,331,1,0,6,8,7,1283,0,0,0,185,15,55,32,3,0,0,11,7,18,3,7,9,6,18,0,21,147,49,104,40,33,111,18,25,7,41,68,4821,21,109,45,131,665,30620,896,34,220,332,65,56,123,8159,98,9,91,40,82,11413,571,15031,1141,34,12,373,162,85
1,1,3,7,1,1,7,0,3,1,1,1,0,4,0,18,0,0,2,1,2,1,1,1,1,0,1,2,0,2,11,1,0,0,24,12,3,0,12,2,3,0,8,0,3,0,1,8,0,2,746,280,212,244,216,118,4,5,4,4,96,13,5,6,4675,655,169,3,12,6,8,2236,2,23,16,28,4,896,118877,13,18,36,31456,126,50,54,43,28,102,17,40,16,29,257,21,35,17712,20082,2814,76
1,1,1,6,1,4,15,75,73,63,11,11,10,10,3,75,9,22,100,29,41,16,3,47,14,6,6,1,14,19,85,6,14,1,31,163,31,9,89,1,31,27,42,11,10,1,1,7,0,7,18,7,99,4,14,30,1038,2298,2251,69,564,563,460,1266,34,84,7689,4070,1417,231,1957,455,136,111,3301,71,15,34,13,8577,148,1148,6,4442,378,46,466,108,453,44,56,2,78,12,77,12,13,8,87,55
0,0,0,0,0,0,0,0,2,0,2,4,0,1,0,4,0,1,1,23,0,11,22,1,52,201,100,7,0,2,3,167,21,85,0,2,1,64,0,72,2,0,5,771,79,3,80,1,0,1,12,8,20,1,1,13,22,30,7,29,124,58,97,109,71,274,47,56,20,133,79,966,18,255,91,4315,288,220,18,148,18650,6100,20,182,3027,4110,17,6,162,235,7,251,3260,230,12326,5,11,7,193,124
0,1,0,7,1,0,1,101,136,6,6,18,59,12,5,15,2,0,16,582,5,30,78,14,642,301,294,14,1,5,24,300,190,64,3,21,18,371,13,16,5,4,23,785,449,6,151,5,1,3,39,19,120,8,20,73,3652,580,109,423,316,1102,13796,14049,212,1033,388,721,203,6937,463,12578,114,3664,380,2272,1107,332,36,1148,6100,44191,60,933,19960,633,62,58,646,1523,12,53,4431,449,8209,22,16,11,343,349
2,1,2,14,4,2,12,0,1,2,0,1,1,5,1,35,0,0,2,3,1,5,1,0,2,1,0,0,1,4,16,0,0,0,33,11,5,2,13,0,3,3,15,3,3,0,0,11,1,0,627,362,287,214,221,147,2,5,1,2,232,9,3,0,12622,3715,230,3,11,5,18,745,2,12,42,48,4,65,31456,6,20,60,61056,176,78,33,31,52,275,28,40,6,19,9,5,33,3736,11605,30045,432
9,9,21,44,17,20,89,6,11,28,4,2,3,44,17,208,2,10,18,31,8,33,1,7,23,8,5,1,15,36,86,2,7,2,173,134,22,19,151,0,31,17,192,17,24,0,3,78,15,9,63,44,139,17,41,67,183,134,47,18,552,126,59,172,503,7138,6409,62,119,183,32,381,37,156,1512,193,14,56,126,4442,182,933,176,22019,662,92,333,135,9891,184,210,11,116,6,66,80,68,44,766,379
1,1,1,11,2,2,4,52,128,6,7,39,47,25,11,19,2,6,17,857,13,59,110,24,1018,255,309,24,1,17,17,240,286,52,6,34,15,552,17,10,1,15,54,754,821,6,132,7,4,2,89,37,289,13,25,107,106,508,71,196,117,60,119,82,419,998,651,20,97,5872,35,476,45,1158,66,4538,502,123,50,378,3027,19960,78,662,27739,500,35,23,192,5041,5,45,2046,28,139,11,58,10,318,124
0,0,0,0,0,0,0,3,13,0,0,1,0,1,0,2,0,0,1,12,0,18,25,10,45,167,149,222,2,0,1,191,15,1335,0,2,8,37,13,2245,1,0,0,1627,43,58,261,4,1,0,19,10,37,3,3,17,4,14,5,32,99,52,69,54,54,168,54,15,7,64,64,1956,25,143,47,5135,328,8159,54,46,4110,633,33,92,500,31028,42,5,64,184,23,3620,4386,6062,3001,10,7,27,137,88
4,4,8,24,1,16,44,330,813,80,25,23,92,28,6,139,19,23,107,267,55,38,4,119,158,5,21,5,14,40,118,7,30,6,121,278,274,11,174,2,40,32,98,17,8,2,3,57,2,14,31,18,39,7,349,119,189,313,181,6135,590,315,53,57,52,36,794,171,1304,334,356,173,8234,1453,565,18,972,98,43,466,17,62,31,333,35,42,6146,4379,486,15,7025,569,211,6,15,2546,36,17,160,184
33,53,73,179,52,161,412,38,50,52,13,5,5,122,13,476,9,18,73,39,46,80,1,36,28,5,8,1,31,75,254,2,13,2,497,319,104,9,286,0,70,39,323,11,9,1,2,424,22,18,278,158,114,100,1975,1665,2,6,8,133,345,93,15,5,114,56,2562,15,4015,107,49,114,2813,495,124,14,137,9,28,108,6,58,52,135,23,5,4379,29112,156,56,15080,44,85,0,3,7794,154,14,159,69
1,1,4,19,5,2,15,20,9,14,6,0,1,13,0,76,4,12,46,15,12,18,0,6,10,5,2,1,8,11,55,4,3,0,43,76,22,4,32,0,19,5,39,9,5,0,0,15,6,1,56,85,131,18,29,77,23,10,6,21,1434,211,147,103,577,10994,460,71,187,36,721,440,82,116,5250,159,25,91,102,453,162,646,275,9891,192,64,486,156,44705,36,75,5,100,24,95,27,56,45,4347,15746
0,1,0,12,1,1,4,16,52,6,12,29,10,19,4,18,3,3,10,206,15,44,173,23,646,553,594,18,4,7,23,520,204,103,11,23,14,554,14,23,7,7,34,1592,694,18,268,9,2,0,74,33,266,12,40,156,9,32,12,106,26,59,119,26,155,229,476,13,74,2170,18,664,55,808,8,4997,391,40,17,44,235,1523,28,184,5041,184,15,56,36,18602,9,35,13069,28,148,26,30,3,43,23
9,15,6,30,9,37,81,9,7,14,7,1,0,25,8,179,1,4,22,9,7,27,2,6,4,0,0,3,11,31,74,1,2,2,172,94,45,5,101,2,21,19,89,2,3,0,0,82,14,3,110,44,41,277,1515,517,3,2,3,30,198,36,3,1,81,67,637,5,185,4,14,94,2581,813,65,7,737,82,40,56,7,12,40,210,5,23,7025,15080,75,9,22481,449,175,2,6,19977,104,11,135,43
0,0,0,0,0,0,0,0,10,1,1,1,1,1,0,2,1,0,1,7,2,29,22,7,27,166,165,1189,2,0,1,167,5,1305,0,0,16,10,19,4111,2,1,0,1505,10,101,211,6,0,0,2,1,2,0,6,10,2,4,0,11,12,13,13,7,4,18,11,4,5,19,11,514,123,884,5,195,4089,11413,16,2,251,53,6,11,45,3620,569,44,5,35,449,40651,6811,764,275,127,2,7,15,7
0,0,0,13,1,1,3,18,92,15,10,40,22,20,4,12,11,5,18,252,21,108,296,36,807,1661,1313,99,2,20,22,1344,273,570,5,27,26,751,22,583,5,16,40,6218,741,34,582,17,3,3,18,19,75,4,25,76,36,57,19,237,209,300,605,177,54,167,203,107,214,1368,147,4087,201,1915,54,9973,8235,571,29,78,3260,4431,19,116,2046,4386,211,85,100,13069,175,6811,40809,326,1285,104,12,18,109,96
0,0,0,0,0,0,0,1,0,0,0,0,0,0,0,0,0,0,0,3,0,3,2,1,5,11,20,29,1,0,0,17,3,185,0,0,1,5,1,302,2,0,0,117,5,10,21,0,0,0,1,0,1,0,1,1,7,20,5,18,70,89,187,53,3,9,10,40,8,25,47,9420,5,39,28,51,64,15031,257,12,230,449,9,6,28,6062,6,0,24,28,2,764,326,19129,9749,0,3,97,25,22
0,0,0,0,0,0,1,1,6,1,1,1,0,0,1,2,0,0,3,13,1,8,12,1,25,94,55,8,0,1,0,105,14,183,0,0,0,46,1,137,1,1,2,446,38,4,66,0,0,0,3,1,3,0,1,0,13,25,8,45,140,205,356,193,11,69,17,96,15,88,146,7607,9,169,72,202,181,1141,21,77,12326,8209,5,66,139,3001,15,3,95,148,6,275,1285,9749,21165,1,0,9,73,67
33,53,93,154,43,215,422,8,18,19,7,0,2,55,10,213,5,5,12,7,2,16,1,11,7,0,3,1,19,20,79,1,5,1,283,44,53,4,92,5,19,8,90,10,3,0,0,523,17,0,582,138,115,853,11659,901,1,4,0,59,126,21,0,0,200,67,826,2,32,12,8,64,943,492,15,6,275,34,35,12,5,22,33,80,11,10,2546,7794,27,26,19977,127,104,0,1,14801,458,8,79,13
1,1,2,6,3,7,12,2,2,1,0,0,0,4,1,9,0,1,2,5,1,2,1,1,3,0,1,0,0,2,3,0,0,0,17,6,5,0,4,0,3,0,8,6,0,0,0,14,0,0,7823,438,754,264,6478,170,2,7,4,3,69,9,5,1,13269,826,353,4,9,19,9,272,24,17,8,19,3,12,17712,13,11,16,3736,68,58,7,36,154,56,30,104,2,12,3,0,458,48050,136,926,70
1,0,1,2,0,0,1,0,1,2,0,0,0,0,0,9,0,0,2,1,0,2,0,0,0,0,0,0,0,0,3,0,0,0,6,7,1,2,7,0,1,1,6,0,0,0,0,5,1,1,148,103,49,77,56,55,1,0,0,2,31461,5,0,0,213,80,79,0,3,6,13,3489,7,8,20,6,2,373,20082,8,7,11,11605,44,10,27,17,14,45,3,11,7,18,97,9,8,136,56903,7346,85
1,4,10,20,3,4,28,4,3,5,0,1,2,17,3,57,1,4,13,21,12,7,1,7,7,5,4,3,5,8,20,5,2,2,63,60,3,7,29,0,5,7,46,8,9,0,0,25,4,2,789,1182,682,554,311,514,6,9,6,12,50748,106,46,22,2919,6026,746,22,73,26,346,2533,25,84,691,249,24,162,2814,87,193,343,30045,766,318,137,160,159,4347,43,135,15,109,25,73,79,926,7346,35678,17672
2,0,0,3,0,1,6,3,6,5,0,0,0,3,0,28,1,3,10,6,1,4,0,3,4,3,1,0,2,1,13,2,5,0,13,22,8,0,12,2,3,3,12,5,3,0,2,9,0,0,99,100,147,29,30,114,1,9,6,9,16776,164,61,22,902,6476,248,34,69,19,3429,314,23,73,3704,127,18,85,76,55,124,349,432,379,124,88,184,69,15746,23,43,7,96,22,67,13,70,85,17672,13463
