26067,5603,9153,873,14023,1739,270,1,0,44,4,0,2,9093,784,201,0,0,0,14,2,681,7,4,1,7,1,10,572,774,3,6,8,2,39,3,14,2,23,2,863,51,17,4,1,17,4,245,443,7,2,0,2,107,44,9,0,0,0,0,1,0,0,0,4,0,3,0,0,1,0,0,1,0,0,0,1,0,2,0,0,0,0,0,0,0,2,13,0,0,0,1,1,0,0,133,0,0,1,1
5603,12263,5509,13450,104,94,308,2,1,28,6,0,1,7949,3605,153,0,1,1,8,1,375,0,4,3,4,0,0,168,253,3,7,2,0,20,0,10,0,9,0,430,74,5,2,1,2,1,288,8,4,2,0,2,13,6,5,0,0,0,0,0,0,0,0,1,0,3,0,1,0,0,0,0,1,0,0,0,0,0,0,0,0,0,1,0,0,1,1,0,0,0,0,0,0,0,67,0,0,0,0
9153,5509,22431,7612,4584,4388,3758,0,0,6,0,1,0,210,167,32,0,0,0,3,3,160,0,2,1,1,0,0,72,62,0,1,2,0,9,0,7,0,4,0,111,20,1,1,0,2,3,132,36,1,274,352,0,1800,37,31,0,0,0,0,2,0,0,0,3,0,1,0,0,0,0,22,0,0,0,1,0,0,3,0,0,0,7,0,0,0,2,2,0,0,0,0,0,0,0,49,9,2,2,0
873,13450,7612,50433,863,5589,25547,4,86,174,17,2,6,1160,12580,8390,1,2,7,73,16,649,18,130,76,47,16,3,185,253,78,21,32,10,1901,22,230,31,212,13,641,230,550,31,5,1,19,3432,33,21,4,5,3,384,43,233,0,1,1,0,0,1,0,0,13,4,17,0,1,6,0,3,0,5,0,1,1,0,0,1,1,2,0,1,3,0,25,23,0,1,0,0,2,0,0,486,0,0,0,0
14023,104,4584,863,29250,25347,1243,0,6,8,1,1,1,7399,126,69,0,1,1,7,0,488,6,4,4,1,1,24,2059,1607,2,8,10,1,29,0,15,1,12,3,837,23,13,7,3,33,5,716,5816,7,17,4,0,1358,184,6,0,0,0,1,0,0,0,0,1,2,1,0,0,1,0,0,0,0,0,1,0,0,1,0,0,0,0,0,0,0,2,4,0,0,0,0,0,0,0,79,6,1,0,0
1739,94,4388,5589,25347,12653,21324,0,3,9,2,0,0,55,25,390,0,0,0,5,0,69,3,40,18,4,28,1,165,61,0,3,1,1,333,0,53,2,269,15,46,16,3,9,0,2,3,5548,1923,0,10,2,0,3016,399,696,0,0,0,0,0,0,0,0,2,0,0,0,0,2,0,0,0,0,0,0,0,0,0,0,0,0,0,0,1,0,3,0,0,0,0,0,0,0,0,81,3,0,0,0
270,308,3758,25547,1243,21324,21147,2,119,48,4,1,2,193,214,7327,0,0,4,28,7,90,12,222,63,5,11,0,33,48,14,6,7,0,2827,86,337,8,640,1,66,43,148,10,1,1,7,2642,17,7,2,4,5,2357,284,4151,0,1,1,0,5,0,2,0,11,5,61,0,0,2,0,6,3,6,1,0,1,0,8,5,0,0,4,2,2,0,73,74,0,0,4,0,1,0,0,319,8,2,4,2
1,2,0,4,0,0,2,43833,9392,8,759,388,4071,138,177,158,2136,21762,72,23149,53,1006,214,29,103,73,234,7,12,153,2524,69,631,21,8,9,1781,73,7,14,16,9,660,53,165,35,44,3,1,6,0,0,4,0,0,0,178,192,16,212,1,12,16,86,3,6,8,68,4,146,0,14,102,47,1,1,18,0,2,4,2,31,0,1,3,0,317,2,0,11,0,1,4,0,0,0,1,1,0,2
0,1,0,86,6,3,119,9392,71469,133,1002,1501,2831,38,103,2541,623,1364,4760,7203,201,1206,696,9051,6056,105,3554,4,18,69,303,95,1863,32,1159,1386,15575,79,966,94,40,38,174,376,80,67,212,118,4,30,0,0,4,0,0,2,303,438,71,619,10,22,29,146,14,11,35,491,88,444,19,75,485,276,27,7,66,1,0,47,7,92,6,2,18,1,1507,26,6,26,2,1,39,1,1,19,0,1,4,6
44,28,6,174,8,9,48,8,133,27307,5661,1115,43,99,207,2109,26,23,105,93,4284,3861,385,80,41,29,54,9,256,56,542,207,425,22,201,55,744,40,287,11,4439,7439,631,139,27,42,326,345,2,4498,0,1,1,2,0,1,2,3,4,3,5,1,1,2,2,3,56,15,31,2,0,3,30,3,7,4,2,0,1,33,1,2,4,0,1,0,221,44,4,2,5,0,6,0,0,31,0,2,2,1
4,6,0,17,1,2,4,759,1002,5661,4781,7404,446,10,26,581,505,1391,182,147,1187,3506,2484,50,67,31,52,5,38,45,1642,64,688,17,19,33,156,54,31,10,210,355,122,155,26,121,439,29,2,201,0,0,0,0,0,0,7,3,4,5,0,3,0,0,0,0,6,17,5,10,0,1,15,6,2,0,2,0,0,6,0,3,0,0,2,0,68,2,0,3,0,1,4,0,1,1,0,0,0,0
0,0,1,2,1,0,1,388,1501,1115,7404,22872,5617,9,7,54,5598,521,18,412,3043,495,3171,22,129,10,66,3,15,31,114,63,5547,4,5,4,286,19,5,0,47,82,283,87,31,39,386,3,0,42,0,0,0,0,0,0,17,9,2,19,0,1,3,12,3,0,0,4,4,23,0,3,10,10,2,0,10,0,0,3,0,7,0,0,1,0,31,1,0,1,0,0,4,0,0,0,1,0,0,0
2,1,0,6,1,0,2,4071,2831,43,446,5617,21615,69,125,77,18304,5317,15,3657,577,485,313,17,353,32,297,13,33,332,348,306,19763,23,10,6,834,22,5,8,117,56,1170,56,567,33,229,1,1,52,0,0,0,0,0,0,88,58,0,80,1,7,10,62,3,3,6,15,1,150,1,11,17,74,0,3,17,0,2,8,3,35,0,0,0,0,110,2,1,2,0,0,6,3,0,1,0,0,1,0
9093,7949,210,1160,7399,55,193,138,38,99,10,9,69,67656,19881,1140,11,62,7,415,18,590,52,21,49,167,32,28,2658,17950,159,326,175,90,200,14,267,69,363,56,1243,571,1691,33,231,18,90,832,7841,1975,6,10,7,6,27,15,0,2,0,1,3,3,2,1,29,22,118,0,11,16,1,11,4,10,2,0,1,0,5,16,0,8,3,10,4,0,90,116,2,8,27,1,6,0,1,584,10,2,9,0
784,3605,167,12580,126,25,214,177,103,207,26,7,125,19881,36248,6581,19,132,21,493,36,756,49,34,64,154,25,21,395,2996,1141,219,191,64,170,9,179,79,134,37,1364,551,9176,56,216,13,61,434,47,2475,1,3,1,4,8,9,0,1,1,4,2,0,0,3,6,6,39,2,7,27,0,6,5,13,0,0,0,0,3,9,2,8,0,2,2,0,44,47,1,5,6,1,4,0,0,191,0,0,2,0
201,153,32,8390,69,390,7327,158,2541,2109,581,54,77,1140,6581,25338,28,267,7741,639,318,1167,71,821,308,47,72,4,238,421,10742,45,80,14,4329,2498,1419,52,1463,21,720,663,15832,79,26,11,60,1590,39,237,8,7,19,8,26,31,1,9,13,11,21,7,1,3,29,31,352,20,74,16,4,14,50,22,27,0,2,0,9,129,3,3,9,29,6,0,420,333,8,4,72,1,6,1,0,777,9,5,8,9
0,0,0,1,0,0,0,2136,623,26,505,5598,18304,11,19,28,12763,3156,51,131,6777,147,94,14,19,4,7,1,5,29,473,48,789,2,4,1,149,6,1,2,9,17,1606,14,52,4,75,0,0,12,0,0,0,0,0,0,1,11,3,20,1,2,0,4,1,0,0,29,5,1,1,3,35,2,4,1,0,0,0,8,0,0,2,0,0,0,80,1,0,0,0,0,1,0,0,0,0,0,0,0
0,1,0,2,1,0,0,21762,1364,23,1391,521,5317,62,132,267,3156,2653,364,1011,1343,408,81,25,19,13,13,2,12,115,4187,43,358,6,1,5,488,20,5,3,15,7,2914,21,106,6,26,2,0,5,0,0,0,0,0,0,9,45,21,70,4,5,1,6,1,0,8,165,44,20,7,1,143,4,24,0,1,0,1,30,0,6,5,0,0,0,443,7,0,1,0,0,0,0,0,0,0,0,0,3
0,1,0,7,1,0,4,72,4760,105,182,18,15,7,21,7741,51,364,4985,101,63,86,10,1208,39,3,6,0,5,12,131,5,10,1,120,888,305,6,280,2,18,24,42,16,0,1,6,3,0,9,0,1,0,0,0,0,1,2,8,8,1,2,0,1,2,2,29,34,32,3,6,1,41,0,18,0,0,0,0,35,0,1,2,0,1,1,200,21,0,0,5,0,0,0,0,0,0,0,2,0
14,8,3,73,7,5,28,23149,7203,93,147,412,3657,415,493,639,131,1011,101,33246,74,1169,1968,101,6629,645,1705,47,118,976,541,1167,8321,211,156,129,524,7341,104,108,237,79,1445,4817,5541,198,1313,27,8,85,0,0,10,0,0,4,295,84,1,128,3,36,101,168,28,24,17,11,6,1395,2,216,61,1325,1,18,119,2,5,8,34,410,13,1,101,2,73,10,8,87,1,5,107,2,18,3,3,0,3,3
2,1,3,16,0,0,7,53,201,4284,1187,3043,577,18,36,318,6777,1343,63,74,18332,427,342,51,28,12,15,7,64,131,2421,165,888,8,49,18,310,14,37,10,401,935,11018,44,42,9,288,23,0,2289,0,0,0,0,1,1,3,4,1,6,2,1,1,0,2,0,13,20,23,3,1,1,34,5,12,0,0,0,1,36,0,2,0,0,0,0,194,9,2,1,0,0,1,0,0,1,0,0,0,2
681,375,160,649,488,69,90,1006,1206,3861,3506,495,485,590,756,1167,147,408,86,1169,427,14263,5227,92,644,221,318,845,3779,458,474,430,586,217,134,45,603,250,255,199,9903,1525,576,934,203,3658,758,355,23,359,0,0,4,4,2,4,23,18,1,15,1,3,4,10,4,3,59,10,18,91,1,19,14,84,7,10,27,0,1,17,11,26,1,5,11,0,98,50,1,19,20,3,26,0,0,50,0,0,2,0
7,0,0,18,6,3,12,214,696,385,2484,3171,313,52,49,71,94,81,10,1968,342,5227,17337,131,1856,981,1256,77,204,133,44,2247,5265,285,36,26,118,1033,61,189,140,179,153,3132,371,3484,9838,40,5,98,0,0,1,0,0,0,23,9,0,16,2,2,10,13,5,3,5,1,0,199,1,67,13,198,0,51,97,1,0,0,22,105,0,0,82,2,14,2,0,106,1,8,128,2,9,3,0,0,0,1
4,4,2,130,4,40,222,29,9051,80,50,22,17,21,34,821,14,25,1208,101,51,92,131,10209,988,101,1550,28,28,26,23,70,58,52,5739,4494,7410,76,12251,306,21,24,47,351,20,13,101,2485,44,20,0,0,1,1,0,0,4,5,11,13,3,1,0,3,2,2,27,33,41,41,3,10,45,33,6,6,5,1,1,27,2,15,1,0,14,1,300,14,1,15,3,4,10,0,1,11,0,1,0,2
1,3,1,76,4,18,63,103,6056,41,67,129,353,49,64,308,19,19,39,6629,28,644,1856,988,16611,298,10705,20,35,118,22,483,2088,124,390,248,714,252,497,351,58,37,91,5422,310,114,1061,179,20,27,0,1,2,0,1,0,128,31,1,55,0,21,49,81,11,13,5,7,4,1201,3,215,36,1243,1,60,197,0,3,8,49,339,7,0,147,4,23,1,2,182,0,11,285,2,19,3,1,0,1,4
7,4,1,47,1,4,5,73,105,29,31,10,32,167,154,47,4,13,3,645,12,221,981,101,298,18390,711,47,35,112,69,14443,193,3519,44,20,8,5062,61,307,39,20,332,9783,5757,378,1172,83,12,14,0,0,1,0,0,0,1,0,0,5,0,3,1,2,0,0,1,0,0,25,1,122,3,95,1,186,350,6,1,1,181,67,3,0,47,31,4,0,1,147,0,89,414,2,35,0,1,0,2,1
1,0,0,16,1,28,11,234,3554,54,52,66,297,32,25,72,7,13,6,1705,15,318,1256,1550,10705,711,29610,603,40,56,13,817,749,598,182,82,1105,433,999,8927,25,24,58,15231,417,190,1131,1070,39,10,0,0,0,0,0,0,9,2,0,6,2,1,3,5,2,1,0,3,1,122,0,137,7,197,1,163,295,8,2,0,112,131,0,0,112,7,7,4,0,321,0,206,350,0,32,1,1,0,2,1
10,0,0,3,24,1,0,7,4,9,5,3,13,28,21,4,1,2,0,47,7,845,77,28,20,47,603,61643,515,101,3,61,32,8808,2,0,21,23,46,24479,105,14,51,114,63,15099,6237,70,2,7,0,0,0,0,0,0,1,2,0,0,0,0,0,0,0,0,0,0,0,2,0,1,0,2,0,11,20,238,0,0,8,0,0,0,0,2,1,0,0,3,0,60,19,0,0,0,0,0,1,0
572,168,72,185,2059,165,33,12,18,256,38,15,33,2658,395,238,5,12,5,118,64,3779,204,28,35,35,40,515,80194,10229,21,177,160,47,45,7,148,20,91,61,28238,1004,320,80,62,679,133,247,6720,209,0,1,1,13,12,0,3,1,0,1,2,0,0,0,1,3,33,0,3,3,0,4,0,1,1,1,0,0,0,4,0,2,1,1,0,0,30,25,1,2,4,0,2,0,0,29,0,1,1,0
774,253,62,253,1607,61,48,153,69,56,45,31,332,17950,2996,421,29,115,12,976,131,458,133,26,118,112,56,101,10229,52552,96,946,828,138,96,21,405,54,242,67,12455,10921,3913,98,546,79,381,255,1306,2553,1,0,2,11,2,7,2,1,2,3,7,1,4,2,10,11,69,2,16,38,2,5,10,27,2,4,4,0,1,22,0,14,3,7,5,0,113,63,3,11,28,0,5,0,0,78,2,1,3,1
3,3,0,78,2,0,14,2524,303,542,1642,114,348,159,1141,10742,473,4187,131,541,2421,474,44,23,22,69,13,3,21,96,26813,67,121,19,40,7,391,48,75,12,51,103,30749,11,94,6,24,44,1,44,0,0,4,0,0,4,12,12,9,8,7,2,0,4,6,4,87,40,53,18,3,4,42,13,20,3,1,0,0,59,0,7,7,3,0,0,222,50,1,3,14,0,0,0,0,17,0,1,1,5
6,7,1,21,8,3,6,69,95,207,64,63,306,326,219,45,48,43,5,1167,165,430,2247,70,483,14443,817,61,177,946,67,66833,4922,3707,47,19,18,1246,49,283,394,228,713,2487,9429,568,21280,27,10,159,0,0,0,0,0,0,2,1,0,2,2,2,2,1,0,1,1,1,0,76,0,100,2,110,2,152,249,9,1,2,141,69,2,0,72,15,3,0,1,158,2,72,365,3,25,0,0,0,4,1
8,2,2,32,10,1,7,631,1863,425,688,5547,19763,175,191,80,789,358,10,8321,888,586,5265,58,2088,193,749,32,160,828,121,4922,28797,91,33,24,383,286,35,25,486,369,1103,649,9712,97,4213,20,2,299,0,0,4,0,0,0,138,28,0,37,1,6,26,84,4,7,10,7,4,514,0,39,18,331,1,6,50,2,1,5,6,94,3,0,37,1,51,1,3,31,0,0,56,0,5,2,0,1,0,0
2,0,0,10,1,1,0,21,32,22,17,4,23,90,64,14,2,6,1,211,8,217,285,52,124,3519,598,8808,47,138,19,3707,91,17910,5,8,3,238,18,25148,36,25,179,2295,420,3368,13600,41,2,11,0,0,0,0,0,0,0,0,0,0,0,2,0,2,0,0,0,0,0,8,0,30,2,20,0,88,110,8,0,0,99,9,0,0,3,23,0,0,0,47,1,228,265,1,4,0,0,0,0,0
39,20,9,1901,29,333,2827,8,1159,201,19,5,10,200,170,4329,4,1,120,156,49,134,36,5739,390,44,182,2,45,96,40,47,33,5,9084,2303,1885,45,23433,17,75,66,317,130,7,4,47,2117,6,45,3,1,10,9,3,8,1,3,3,4,7,1,1,1,14,11,100,5,25,18,0,7,11,14,3,2,3,0,1,11,3,8,9,5,4,0,197,107,2,6,13,0,5,0,0,185,5,2,7,3
3,0,0,22,0,0,86,9,1386,55,33,4,6,14,9,2498,1,5,888,129,18,45,26,4494,248,20,82,0,7,21,7,19,24,8,2303,1540,674,28,4821,3,21,16,58,72,7,4,28,36,0,10,2,0,1,0,1,0,0,1,3,4,0,0,1,2,1,0,29,5,11,11,1,0,11,25,3,0,1,0,0,23,2,2,0,0,2,0,110,11,1,4,8,0,2,0,0,2,0,0,0,0
14,10,7,230,15,53,337,1781,15575,744,156,286,834,267,179,1419,149,488,305,524,310,603,118,7410,714,8,1105,21,148,405,391,18,383,3,1885,674,3697,13,4678,44,360,226,1238,88,16,11,33,1432,24,194,0,0,1,0,1,2,11,52,2,40,0,2,0,12,0,0,6,20,3,22,0,3,22,22,1,0,0,1,0,2,1,6,0,0,3,0,162,5,0,3,0,3,1,0,0,8,0,0,0,0
2,0,0,31,1,2,8,73,79,40,54,19,22,69,79,52,6,20,6,7341,14,250,1033,76,252,5062,433,23,20,54,48,1246,286,238,45,28,13,20842,55,72,23,16,155,9133,11253,68,620,32,7,10,0,0,0,0,0,0,3,3,1,7,1,1,5,2,3,1,2,0,1,234,0,164,10,255,1,86,199,1,0,1,48,168,2,0,187,0,7,0,0,221,1,7,210,0,13,0,0,0,0,0
23,9,4,212,12,269,640,7,966,287,31,5,5,363,134,1463,1,5,280,104,37,255,61,12251,497,61,999,46,91,242,75,49,35,18,23433,4821,4678,55,27616,176,218,183,369,214,7,6,53,15812,9,76,0,1,1,0,0,1,4,2,2,6,0,0,3,1,3,3,23,3,7,25,1,6,6,35,1,2,4,0,2,8,4,10,3,1,3,0,81,26,0,8,6,12,13,0,1,22,2,0,0,1
2,0,0,13,3,15,1,14,94,11,10,0,8,56,37,21,2,3,2,108,10,199,189,306,351,307,8927,24479,61,67,12,283,25,25148,17,3,44,72,176,30242,25,10,87,10494,158,3269,5272,337,17,7,0,0,0,0,0,0,1,0,0,0,1,1,0,0,0,0,1,1,0,10,0,42,4,26,0,152,338,57,0,0,177,9,0,0,3,107,11,0,0,29,4,2559,580,0,9,0,0,0,0,1
863,430,111,641,837,46,66,16,40,4439,210,47,117,1243,1364,720,9,15,18,237,401,9903,140,21,58,39,25,105,28238,12455,51,394,486,36,75,21,360,23,218,25,50699,12002,1088,74,162,155,255,367,59,1221,1,0,2,10,2,3,2,1,1,1,6,1,1,2,5,7,38,3,10,7,1,1,5,7,4,1,4,0,2,14,0,6,2,1,1,0,72,30,2,1,12,0,1,0,1,37,1,1,3,2
51,74,20,230,23,16,43,9,38,7439,355,82,56,571,551,663,17,7,24,79,935,1525,179,24,37,20,24,14,1004,10921,103,228,369,25,66,16,226,16,183,10,12002,23476,1041,70,54,29,246,235,9,5374,1,0,0,0,0,0,0,1,1,2,4,0,2,0,2,3,29,1,8,6,1,4,10,1,7,1,0,0,1,18,0,2,0,1,0,0,60,25,1,2,7,0,1,0,0,18,1,0,0,2
17,5,1,550,13,3,148,660,174,631,122,283,1170,1691,9176,15832,1606,2914,42,1445,11018,576,153,47,91,332,58,51,320,3913,30749,713,1103,179,317,58,1238,155,369,87,1088,1041,74058,86,670,26,263,398,5,6138,0,2,6,0,6,9,5,10,6,13,10,2,3,2,12,15,189,21,48,39,2,14,43,27,18,4,5,0,2,87,0,20,6,15,16,0,373,145,5,9,27,0,12,0,1,172,3,3,6,1
4,2,1,31,7,9,10,53,376,139,155,87,56,33,56,79,14,21,16,4817,44,934,3132,351,5422,9783,15231,114,80,98,11,2487,649,2295,130,72,88,9133,214,10494,74,70,86,56410,347,600,2659,251,21,49,0,0,0,0,0,0,6,3,0,8,2,10,9,5,2,0,0,3,1,165,0,282,11,370,1,392,692,18,0,2,344,207,5,0,185,37,10,0,0,439,3,207,853,5,50,3,0,3,1,4
1,1,0,5,3,0,1,165,80,27,26,31,567,231,216,26,52,106,0,5541,42,203,371,20,310,5757,417,63,62,546,94,9429,9712,420,7,7,16,11253,7,158,162,54,670,347,12895,48,618,10,4,38,0,0,1,0,0,0,8,2,0,3,0,6,13,12,1,2,2,0,0,411,1,92,16,404,0,55,75,1,0,0,23,153,0,0,123,1,4,1,0,143,1,0,175,0,13,1,1,0,2,0
17,2,2,1,33,2,1,35,67,42,121,39,33,18,13,11,4,6,1,198,9,3658,3484,13,114,378,190,15099,679,79,6,568,97,3368,4,4,11,68,6,3269,155,29,26,600,48,13620,9041,6,3,13,0,0,0,0,0,0,1,1,0,0,0,2,1,0,0,0,0,0,0,9,0,8,0,14,0,19,22,1,0,0,10,2,0,0,2,5,1,0,0,9,0,17,30,0,3,0,0,0,0,0
4,1,3,19,5,3,7,44,212,326,439,386,229,90,61,60,75,26,6,1313,288,758,9838,101,1061,1172,1131,6237,133,381,24,21280,4213,13600,47,28,33,620,53,5272,255,246,263,2659,618,9041,45171,36,4,148,0,0,0,0,0,0,5,7,0,1,1,2,4,1,1,0,2,1,1,130,0,69,2,133,0,78,103,2,0,0,63,83,2,0,54,7,4,1,0,149,0,45,156,1,9,1,0,0,1,1
245,288,132,3432,716,5548,2642,3,118,345,29,3,1,832,434,1590,0,2,3,27,23,355,40,2485,179,83,1070,70,247,255,44,27,20,41,2117,36,1432,32,15812,337,367,235,398,251,10,6,36,6421,550,51,0,0,3,41,18,6,0,0,0,2,0,0,0,0,4,1,4,1,1,4,0,4,0,5,0,1,1,1,0,3,2,2,0,0,3,0,20,7,0,4,1,8,3,0,0,130,0,0,0,0
443,8,36,33,5816,1923,17,1,4,2,2,0,1,7841,47,39,0,0,0,8,0,23,5,44,20,12,39,2,6720,1306,1,10,2,2,6,0,24,7,9,17,59,9,5,21,4,3,4,550,14142,1,1,0,0,8,51,0,0,0,0,0,0,0,1,0,0,0,2,0,0,2,0,0,0,0,0,1,0,0,0,0,0,0,0,0,0,0,1,3,0,1,0,0,1,0,0,15,1,0,0,0
7,4,1,21,7,0,7,6,30,4498,201,42,52,1975,2475,237,12,5,9,85,2289,359,98,20,27,14,10,7,209,2553,44,159,299,11,45,10,194,10,76,7,1221,5374,6138,49,38,13,148,51,1,12794,0,0,0,0,0,0,2,0,1,0,0,0,0,0,0,2,12,4,9,4,0,2,4,1,2,0,0,0,0,8,0,3,1,1,0,0,45,11,0,1,2,0,0,0,0,6,1,0,2,0
2,2,274,4,17,10,2,0,0,0,0,0,0,6,1,8,0,0,0,0,0,0,0,0,0,0,0,0,0,1,0,0,0,0,3,2,0,0,0,0,1,1,0,0,0,0,0,0,1,0,61647,17273,2623,15288,8786,1409,3,12,3,6,67,2,2,2,20339,67,25,9,5,39,1,822,14,3,0,7,0,3,1344,3,5,6,726,1,6,2,6,210,7,9,13,0,3,2,0,309,13148,401,127,20
0,0,352,5,4,2,4,0,0,1,0,0,0,10,3,7,0,0,1,0,0,0,0,0,1,0,0,0,1,0,0,0,0,0,1,0,0,0,1,0,0,0,2,0,0,0,0,0,0,0,17273,77915,14163,11402,1386,7158,3,4,2,8,353,3,1,3,11525,117,24,10,7,17,3,1062,14,2,4,1,2,2,772,5,6,4,865,0,3,0,11,227,20,6,11,1,1,4,0,407,1547,576,733,70
2,2,0,3,0,0,5,4,4,1,0,0,0,7,1,19,0,0,0,10,0,4,1,1,2,1,0,0,1,2,4,0,4,0,10,1,1,0,1,0,2,0,6,0,1,0,0,3,0,0,2623,14163,40995,198,126,10835,134,291,78,137,446,42,12,30,27427,5248,1345,279,86,465,19,363,89,23,15,40,6,2,631,367,33,83,1025,550,45,2,80,671,134,69,50,6,5,0,4,250,1353,283,696,303
107,13,1800,384,1358,3016,2357,0,0,2,0,0,0,6,4,8,0,0,0,0,0,4,0,1,0,0,0,0,13,11,0,0,0,0,9,0,0,0,0,0,10,0,0,0,0,0,0,41,8,0,15288,11402,198,36299,21072,13487,0,1,0,1,49,0,0,0,467,22,5,0,1,11,0,576,3,0,1,1,0,0,319,1,0,0,296,0,2,1,3,204,6,1,4,0,0,0,0,1328,332,221,103,18
44,6,37,43,184,399,284,0,0,0,0,0,0,27,8,26,0,0,0,0,1,2,0,0,1,0,0,0,12,2,0,0,0,0,3,1,1,0,0,0,2,0,6,0,0,0,0,18,51,0,8786,1386,126,21072,22973,14144,1,0,0,2,7,0,1,1,661,168,15,5,0,3,2,76,15,6,0,0,3,0,120,20,2,5,55,6,1,0,17,1334,50,2,2606,0,3,0,0,6949,4143,25,21,2
9,5,31,233,6,696,4151,0,2,1,0,0,0,15,9,31,0,0,0,4,1,4,0,0,0,0,0,0,0,7,4,0,0,0,8,0,2,0,1,0,3,0,9,0,0,0,0,6,0,0,1409,7158,10835,13487,14144,41422,11,29,27,71,246,21,2,8,2312,89,1991,27,81,134,8,153,161,9,10,4,2,0,187,41,11,17,312,42,3,0,60,7428,26,28,343,3,3,1,0,1111,437,130,333,104
0,0,0,0,0,0,0,178,303,2,7,17,88,0,0,1,1,9,1,295,3,23,23,4,128,1,9,1,3,2,12,2,138,0,1,0,11,3,4,1,2,0,5,6,8,1,5,0,0,2,3,3,134,0,1,11,6100,7794,45,1164,13,98,147,6625,336,216,288,8469,17,13644,1,206,310,620,12,74,358,4,52,327,149,5551,137,54,651,9,1021,11,64,87,5,12,45,4,6,3,28,20,25,12
0,0,0,1,0,0,1,192,438,3,3,9,58,2,1,9,11,45,2,84,4,18,9,5,31,0,2,2,1,1,12,1,28,0,3,1,52,3,2,0,1,1,10,3,2,1,7,0,0,0,12,4,291,1,0,29,7794,27135,9093,5541,56,659,203,1900,451,180,1144,17749,356,8447,14,783,629,115,14,41,94,5,54,504,41,178,106,134,28,6,2990,53,38,85,17,9,63,28,17,3,36,25,44,13
0,0,0,1,0,0,1,16,71,4,4,2,0,0,1,13,3,21,8,1,1,1,0,11,1,0,0,0,0,2,9,0,0,0,3,3,2,1,2,0,1,1,6,0,0,0,0,0,0,1,3,2,78,0,0,27,45,9093,5183,13564,118,761,39,28,82,25,4852,3091,1880,102,22,344,161,6,462,5,4,1,13,8461,19,12,12,81,1,0,388,100,4,11,22,1,10,5,2,5,6,6,15,16
0,0,0,0,1,0,0,212,619,3,5,19,80,1,4,11,20,70,8,128,6,15,16,13,55,5,6,0,1,3,8,2,37,0,4,4,40,7,6,0,1,2,13,8,3,0,1,2,0,0,6,8,137,1,2,71,1164,5541,13564,54430,66,1088,511,950,125,38,833,1139,4017,6411,32,1366,18270,6435,45,67,686,7,41,103,89,482,27,14,31,9,6489,323,13,183,14,12,187,35,31,10,17,15,21,14
1,0,2,0,0,0,5,1,10,5,0,0,1,3,2,21,1,4,1,3,2,1,2,3,0,0,2,0,2,7,7,2,1,0,7,0,0,1,0,1,6,4,10,2,0,0,1,0,0,0,67,353,446,49,7,246,13,56,118,66,49207,7376,765,135,267,303,1677,360,328,85,9204,2282,155,33,1500,53,21,15,33,305,238,282,347,30,18,23,230,662,962,31,295,17,60,44,60,160,31,28984,28641,9371
0,0,0,1,0,0,0,12,22,1,3,1,7,3,0,7,2,5,2,36,1,3,2,1,21,3,1,0,0,1,2,2,6,2,1,0,2,1,0,1,1,0,2,10,6,2,2,0,0,0,2,3,42,0,0,21,98,659,761,1088,7376,12230,8985,853,48,105,556,1971,867,262,10105,8567,275,285,2117,53,81,9,28,1252,258,641,88,12,11,7,221,113,825,76,35,11,111,83,197,8,5,92,403,1642
0,0,0,0,0,0,2,16,29,1,0,3,10,2,0,1,0,1,0,101,1,4,10,0,49,1,3,0,0,4,0,2,26,0,1,1,0,5,3,0,1,2,3,9,13,1,4,0,1,0,2,1,12,0,1,2,147,203,39,511,765,8985,15332,14566,45,137,57,3626,42,557,1625,8138,137,558,710,38,157,4,13,911,277,12046,77,11,25,14,193,17,188,72,5,7,111,75,1061,0,4,19,100,263
0,0,0,0,0,0,0,86,146,2,0,12,62,1,3,3,4,6,1,168,0,10,13,3,81,2,5,0,0,2,4,1,84,2,1,2,12,2,1,0,2,0,2,5,12,0,1,0,0,0,2,3,30,0,1,8,6625,1900,28,950,135,853,14566,10845,133,271,122,24533,25,2693,404,1372,276,606,419,35,193,4,29,783,113,29137,106,29,485,19,567,9,136,66,4,6,64,23,99,2,9,15,68,107
4,1,3,13,1,2,11,3,14,2,0,3,3,29,6,29,1,1,2,28,2,4,5,2,11,0,2,0,1,10,6,0,4,0,14,1,0,3,3,0,5,2,12,2,1,0,1,4,0,0,20339,11525,27427,467,661,2312,336,451,82,125,267,48,45,133,71167,26396,1499,558,70,1322,21,525,116,88,48,163,27,21,3407,594,279,458,10460,113,208,24,134,1024,893,204,171,46,36,8,20,1074,10670,343,697,250
0,0,0,4,2,0,5,6,11,3,0,0,3,22,6,31,0,0,2,24,0,3,3,2,13,0,1,0,3,11,4,1,7,0,11,0,0,1,3,0,7,3,15,0,2,0,0,1,0,2,67,117,5248,22,168,89,216,180,25,38,303,105,137,271,26396,56733,5741,404,22,744,57,618,21,93,121,89,37,12,606,1766,431,998,11350,3829,184,24,224,250,13101,67,157,32,32,16,54,110,105,417,2183,9857
3,3,1,17,1,0,61,8,35,56,6,0,6,118,39,352,0,8,29,17,13,59,5,27,5,1,0,0,33,69,87,1,10,0,100,29,6,2,23,1,38,29,189,0,2,0,2,4,2,12,25,24,1345,5,15,1991,288,1144,4852,833,1677,556,57,122,1499,5741,26891,1952,5836,749,141,450,640,34,845,22,14,4,154,20662,50,177,546,14722,54,3,1737,9378,733,54,858,7,20,5,9,242,85,179,534,392
0,0,0,0,0,0,0,68,491,15,17,4,15,0,2,20,29,165,34,11,20,10,1,33,7,0,3,0,0,2,40,1,7,0,5,5,20,0,3,1,3,1,21,3,0,0,1,1,0,4,9,10,279,0,5,27,8469,17749,3091,1139,360,1971,3626,24533,558,404,1952,17590,431,509,5079,728,631,53,3499,22,18,2,63,8263,46,903,143,248,154,8,1536,43,174,12,44,7,14,11,17,1,35,28,75,106
0,1,0,1,0,0,0,4,88,31,5,4,1,11,7,74,5,44,32,6,23,18,0,41,4,0,1,0,3,16,53,0,4,0,25,11,3,1,7,0,10,8,48,1,0,0,1,1,0,9,5,7,86,1,0,81,17,356,1880,4017,328,867,42,25,70,22,5836,431,11102,208,130,280,9736,14,167,5,3,0,14,644,11,17,46,16,2,0,1325,2253,23,15,498,1,10,3,9,7,7,9,40,60
1,0,0,6,1,2,2,146,444,2,10,23,150,16,27,16,1,20,3,1395,3,91,199,41,1201,25,122,2,3,38,18,76,514,8,18,11,22,234,25,10,7,6,39,165,411,9,130,4,2,4,39,17,465,11,3,134,13644,8447,102,6411,85,262,557,2693,1322,744,749,509,208,34691,15,1379,821,7569,28,2032,1396,48,242,269,999,12559,595,159,14846,79,1050,137,201,3084,36,113,979,17,117,14,154,70,130,59
0,0,0,0,0,0,0,0,19,0,0,0,1,1,0,4,1,7,6,2,1,1,1,3,3,1,0,0,0,2,3,0,0,0,0,1,0,0,1,0,1,1,2,0,1,0,0,0,0,0,1,3,19,0,2,8,1,14,22,32,9204,10105,1625,404,21,57,141,5079,130,15,19567,723,123,15,8087,16,7,5,8,2853,85,185,56,5,2,9,184,59,1093,11,31,3,23,11,28,4,0,71,742,3931
0,0,22,3,0,0,6,14,75,3,1,3,11,11,6,14,3,1,1,216,1,19,67,10,215,122,137,1,4,5,4,100,39,30,7,0,3,164,6,42,1,4,14,282,92,8,69,4,0,2,822,1062,363,576,76,153,206,783,344,1366,2282,8567,8138,1372,525,618,450,728,280,1379,723,38961,482,2573,543,1805,1837,4114,2194,579,8545,15770,1983,14,351,5347,424,245,513,2070,129,1825,3518,10273,18501,84,135,3653,2042,1148
1,0,0,0,0,0,3,102,485,30,15,10,17,4,5,50,35,143,41,61,34,14,13,45,36,3,7,0,0,10,42,2,18,2,11,11,22,10,6,4,5,10,43,11,16,0,2,0,0,4,14,14,89,3,15,161,310,629,161,18270,155,275,137,276,116,21,640,631,9736,821,123,482,9859,3987,98,99,491,13,20,167,80,299,58,4,38,18,17390,6540,36,391,5682,184,374,12,39,156,23,16,35,52
0,1,0,5,0,0,6,47,276,3,6,10,74,10,13,22,2,4,0,1325,5,84,198,33,1243,95,197,2,1,27,13,110,331,20,14,25,22,255,35,26,7,1,27,370,404,14,133,5,0,1,3,2,23,0,6,9,620,115,6,6435,33,285,558,606,88,93,34,53,14,7569,15,2573,3987,19314,12,316,14947,34,20,27,508,3617,69,9,512,68,645,19,27,2004,359,869,5019,29,205,40,5,7,25,30
0,0,0,0,0,0,1,1,27,7,2,2,0,2,0,27,4,24,18,1,12,7,0,6,1,1,1,0,1,2,20,2,1,0,3,3,1,1,1,0,4,7,18,1,0,0,0,0,0,2,0,4,15,1,0,10,12,14,462,45,1500,2117,710,419,48,121,845,3499,167,28,8087,543,98,12,14767,13,8,5,7,14229,96,276,103,1276,7,2,277,67,7282,10,58,3,16,11,33,0,2,34,275,3720
0,0,1,1,1,0,0,1,7,4,0,0,3,0,0,0,1,0,0,18,0,10,51,6,60,186,163,11,1,4,3,152,6,88,2,0,0,86,2,152,1,1,4,392,55,19,78,1,1,0,7,1,40,1,0,4,74,41,5,67,53,53,38,35,163,89,22,22,5,2032,16,1805,99,316,13,19647,542,51,59,39,18923,1386,133,8,7222,2901,28,22,48,9213,14,240,6255,56,337,4,35,15,44,35
1,0,0,1,0,0,1,18,66,2,2,10,17,1,0,2,0,1,0,119,0,27,97,5,197,350,295,20,0,4,1,249,50,110,3,1,0,199,4,338,4,0,5,692,75,22,103,1,0,0,0,2,6,0,3,2,358,94,4,686,21,81,157,193,27,37,14,18,3,1396,7,1837,491,14947,8,542,27043,179,6,7,839,835,29,1,359,166,562,3,18,775,311,11406,10606,38,381,19,5,8,11,28
0,0,0,0,0,0,0,0,1,0,0,0,0,0,0,0,0,0,0,2,0,0,1,1,0,6,8,238,0,0,0,9,2,8,0,0,1,1,0,57,0,0,0,18,1,1,2,1,0,0,3,2,2,0,0,0,4,5,1,7,15,9,4,4,21,12,4,2,0,48,5,4114,13,34,5,51,179,30773,40,4,1500,13,21,4,6,7924,7,0,8,13,5,22666,332,20570,2239,2,4,29,15,21
2,0,3,0,1,0,8,2,0,1,0,0,2,5,3,9,0,1,0,5,1,1,0,1,3,1,2,0,0,1,0,1,1,0,1,0,0,0,2,0,2,1,2,0,0,0,0,0,0,0,1344,772,631,319,120,187,52,54,13,41,33,28,13,29,3407,606,154,63,14,242,8,2194,20,20,7,59,6,40,70356,59,132,129,23509,16,29,7,57,186,117,41,63,20,11,78,13,178,18245,17831,437,89
0,0,0,1,0,0,5,4,47,33,6,3,8,16,9,129,8,30,35,8,36,17,0,27,8,1,0,0,4,22,59,2,5,0,11,23,2,1,8,0,14,18,87,2,0,0,0,3,0,8,3,5,367,1,20,41,327,504,8461,103,305,1252,911,783,594,1766,20662,8263,644,269,2853,579,167,27,14229,39,7,4,59,14498,135,601,300,4706,89,9,1155,302,2894,29,306,12,18,15,34,10,25,34,101,171
0,0,0,1,0,0,0,2,7,1,0,0,3,0,2,3,0,0,0,34,0,11,22,2,49,181,112,8,0,0,0,141,6,99,3,2,1,48,4,177,0,0,0,344,23,10,63,2,0,0,5,6,33,0,2,11,149,41,19,89,238,258,277,113,279,431,50,46,11,999,85,8545,80,508,96,18923,839,1500,132,135,52384,5348,629,23,3067,15749,33,14,197,1258,20,734,1527,2254,21427,5,27,89,271,267
0,0,0,2,0,0,0,31,92,2,3,7,35,8,8,3,0,6,1,410,2,26,105,15,339,67,131,0,2,14,7,69,94,9,8,2,6,168,10,9,6,2,20,207,153,2,83,2,0,3,6,4,83,0,5,17,5551,178,12,482,282,641,12046,29137,458,998,177,903,17,12559,185,15770,299,3617,276,1386,835,13,129,601,5348,32389,736,40,10026,26,188,36,491,1015,45,23,986,44,12802,5,28,98,306,408
0,0,7,0,0,0,4,0,6,4,0,0,0,3,0,9,2,5,2,13,0,1,0,1,7,3,0,0,1,3,7,2,3,0,9,0,0,2,3,0,2,0,6,5,0,0,2,0,0,1,726,865,1025,296,55,312,137,106,12,27,347,88,77,106,10460,11350,546,143,46,595,56,1983,58,69,103,133,29,21,23509,300,629,736,61709,64,141,50,159,406,1171,77,153,44,51,35,53,127,2293,13111,22409,2447
0,1,0,1,0,0,2,1,2,0,0,0,0,10,2,29,0,0,0,1,0,5,0,0,0,0,0,0,1,7,3,0,0,0,5,0,0,0,1,0,1,1,15,0,0,0,0,0,0,1,1,0,550,0,6,42,54,134,81,14,30,12,11,29,113,3829,14722,248,16,159,5,14,4,9,1276,8,1,4,16,4706,23,40,64,8705,12,1,189,92,4127,12,117,1,2,0,0,12,3,6,32,31
0,0,0,3,0,1,2,3,18,1,2,1,0,4,2,6,0,0,1,101,0,11,82,14,147,47,112,0,0,5,0,72,37,3,4,2,3,187,3,3,1,0,16,185,123,2,54,3,0,0,6,3,45,2,1,3,651,28,1,31,18,11,25,485,208,184,54,154,2,14846,2,351,38,512,7,7222,359,6,29,89,3067,10026,141,12,20537,14,15,15,71,4609,6,23,271,4,150,1,17,15,38,29
0,0,0,0,0,0,0,0,1,0,0,0,0,0,0,0,0,0,1,2,0,0,2,1,4,31,7,2,0,0,0,15,1,23,0,0,0,0,0,107,0,0,0,37,1,5,7,0,0,0,2,0,2,1,0,0,9,6,0,9,23,7,14,19,24,24,3,8,0,79,9,5347,18,68,2,2901,166,7924,7,9,15749,26,50,1,14,13382,8,0,13,78,3,9254,1848,8498,4851,0,0,10,21,24
2,1,2,25,2,3,73,317,1507,221,68,31,110,90,44,420,80,443,200,73,194,98,14,300,23,4,7,1,30,113,222,3,51,0,197,110,162,7,81,11,72,60,373,10,4,1,4,20,1,45,6,11,80,3,17,60,1021,2990,388,6489,230,221,193,567,134,224,1737,1536,1325,1050,184,424,17390,645,277,28,562,7,57,1155,33,188,159,189,15,8,4569,2724,116,37,4224,646,194,9,16,43,27,31,99,139
13,1,2,23,4,0,74,2,26,44,2,1,2,116,47,333,1,7,21,10,9,50,2,14,1,0,4,0,25,63,50,0,1,0,107,11,5,0,26,0,30,25,145,0,1,0,1,7,3,11,210,227,671,204,1334,7428,11,53,100,323,662,113,17,9,1024,250,9378,43,2253,137,59,245,6540,19,67,22,3,0,186,302,14,36,406,92,15,0,2724,19531,68,49,21738,2,8,2,3,7413,202,146,385,228
0,0,0,0,0,0,0,0,6,4,0,0,1,2,1,8,0,0,0,8,2,1,0,1,2,1,0,0,1,3,1,1,3,0,2,1,0,0,0,0,2,1,5,0,0,0,0,0,0,0,7,20,134,6,50,26,64,38,4,13,962,825,188,136,893,13101,733,174,23,201,1093,513,36,27,7282,48,18,8,117,2894,197,491,1171,4127,71,13,116,68,34637,18,73,9,33,17,38,27,15,145,1559,10059
0,0,0,1,0,0,0,11,26,2,3,1,2,8,5,4,0,1,0,87,1,19,106,15,182,147,321,3,2,11,3,158,31,47,6,4,3,221,8,29,1,2,9,439,143,9,149,4,1,1,9,6,69,1,2,28,87,85,11,183,31,76,72,66,204,67,54,12,15,3084,11,2070,391,2004,10,9213,775,13,41,29,1258,1015,77,12,4609,78,37,49,18,14399,47,61,14648,33,316,2,29,19,29,23
0,0,0,0,0,0,4,0,2,5,0,0,0,27,6,72,0,0,5,1,0,20,1,3,0,0,0,0,4,28,14,2,0,1,13,8,0,1,6,4,12,7,27,3,1,0,0,1,0,2,13,11,50,4,2606,343,5,17,22,14,295,35,5,4,171,157,858,44,498,36,31,129,5682,359,58,14,311,5,63,306,20,45,153,117,6,3,4224,21738,73,47,21290,132,144,0,8,9755,122,50,139,112
1,0,0,0,0,0,0,1,1,0,1,0,0,1,1,1,0,0,0,5,0,3,8,4,11,89,206,60,0,0,0,72,0,228,0,0,3,7,12,2559,0,0,0,207,0,17,45,8,0,0,0,1,6,0,0,3,12,9,1,12,17,11,7,6,46,32,7,7,1,113,3,1825,184,869,3,240,11406,22666,20,12,734,23,44,1,23,9254,646,2,9,61,132,50285,15316,1030,290,8,10,9,21,15
1,0,0,2,0,0,1,4,39,6,4,4,6,6,4,6,1,0,0,107,1,26,128,10,285,414,350,19,2,5,0,365,56,265,5,2,1,210,13,580,1,1,12,853,175,30,156,3,1,0,3,1,5,0,3,3,45,63,10,187,60,111,111,64,36,32,20,14,10,979,23,3518,374,5019,16,6255,10606,332,11,18,1527,986,51,2,271,1848,194,8,33,14648,144,15316,29993,76,521,8,5,14,42,37
0,0,0,0,0,0,0,0,1,0,0,0,3,0,0,1,0,0,0,2,0,0,2,0,2,2,0,0,0,0,0,3,0,1,0,0,0,0,0,0,0,0,0,5,0,0,1,0,0,0,2,4,0,0,0,1,4,28,5,35,44,83,75,23,8,16,5,11,3,17,11,10273,12,29,11,56,38,20570,78,15,2254,44,35,0,4,8498,9,2,17,33,0,1030,76,12272,8057,0,5,88,20,38
0,0,0,0,0,0,0,0,1,0,1,0,0,1,0,0,0,0,0,18,0,0,9,1,19,35,32,0,0,0,0,25,5,4,0,0,0,13,1,9,1,0,1,50,13,3,9,0,0,0,0,0,4,0,0,0,6,17,2,31,60,197,1061,99,20,54,9,17,9,117,28,18501,39,205,33,337,381,2239,13,34,21427,12802,53,0,150,4851,16,3,38,316,8,290,521,8057,28682,2,0,18,66,73
133,67,49,486,79,81,319,0,19,31,1,0,1,584,191,777,0,0,0,3,1,50,3,11,3,0,1,0,29,78,17,0,2,0,185,2,8,0,22,0,37,18,172,3,1,0,1,130,15,6,309,407,250,1328,6949,1111,3,3,5,10,160,8,0,2,1074,110,242,1,7,14,4,84,156,40,0,4,19,2,178,10,5,5,127,12,1,0,43,7413,27,2,9755,8,8,0,2,14713,544,63,116,55
0,0,9,0,6,3,8,1,0,0,0,1,0,10,0,9,0,0,0,3,0,0,0,0,1,1,1,0,0,2,0,0,0,0,5,0,0,0,2,0,1,1,3,0,1,0,0,0,1,1,13148,1547,1353,332,4143,437,28,36,6,17,31,5,4,9,10670,105,85,35,7,154,0,135,23,5,2,35,5,4,18245,25,27,28,2293,3,17,0,27,202,15,29,122,10,5,5,0,544,42623,578,178,15
0,0,2,0,1,0,2,1,1,2,0,0,0,2,0,5,0,0,0,0,0,0,0,1,0,0,0,0,1,1,1,0,1,0,2,0,0,0,0,0,1,0,3,3,0,0,0,0,0,0,401,576,283,221,25,130,20,25,6,15,28984,92,19,15,343,417,179,28,9,70,71,3653,16,7,34,15,8,29,17831,34,89,98,13111,6,15,10,31,146,145,19,50,9,14,88,18,63,578,47124,7546,488
1,0,2,0,0,0,4,0,4,2,0,0,1,9,2,8,0,0,2,3,0,2,0,0,1,2,2,1,1,3,1,4,0,0,7,0,0,0,0,0,3,0,6,1,2,0,1,0,0,2,127,733,696,103,21,333,25,44,15,21,28641,403,100,68,697,2183,534,75,40,130,742,2042,35,25,275,44,11,15,437,101,271,306,22409,32,38,21,99,385,1559,29,139,21,42,20,66,116,178,7546,33684,15263
1,0,0,0,0,0,2,2,6,1,0,0,0,0,0,9,0,3,0,3,2,0,1,2,4,1,1,0,0,1,5,1,0,0,3,0,0,0,1,1,2,2,1,4,0,0,1,0,0,0,20,70,303,18,2,104,12,13,16,14,9371,1642,263,107,250,9857,392,106,60,59,3931,1148,52,30,3720,35,28,21,89,171,267,408,2447,31,29,24,139,228,10059,23,112,15,37,38,73,55,15,488,15263,22175
