15725,6617,6936,5706,12740,4442,1960,12,10,181,4,5,0,7166,54,172,1,7,8,26,16,729,7,3,6,25,3,31,553,1120,22,18,15,18,142,21,12,12,183,2,847,239,42,10,48,11,17,178,1779,42,7,48,10,205,33,44,0,0,0,4,1,0,0,0,14,9,28,0,6,1,0,3,2,3,1,0,0,0,2,4,0,3,6,3,1,0,4,43,1,0,17,1,3,0,0,60,8,1,3,1
6617,34844,13643,24512,784,2290,1528,53,45,360,6,2,12,9688,1148,712,2,10,52,83,17,1056,15,3,11,62,5,26,389,1911,94,58,14,13,343,110,24,22,120,8,1056,479,124,25,75,15,28,169,685,71,9,34,13,30,58,47,0,1,1,14,5,0,1,1,15,10,22,0,9,7,1,6,4,7,2,3,4,0,2,2,0,10,7,5,3,1,7,47,0,1,20,0,3,0,0,78,7,4,5,0
6936,13643,42615,15976,7040,9981,13601,11,10,516,9,10,2,1462,27,163,3,2,14,22,25,2041,7,1,6,24,4,42,576,2472,11,23,7,12,228,21,14,8,552,3,2169,859,70,5,17,9,9,283,423,88,640,2204,73,2800,290,786,0,0,0,0,54,0,0,0,61,15,33,0,5,3,2,45,0,5,2,4,3,2,34,2,0,5,64,7,0,0,3,91,4,0,23,1,0,0,0,179,36,16,87,3
5706,24512,15976,40042,744,1355,11764,271,251,1441,86,56,53,10429,7400,11168,22,49,348,412,132,1524,43,22,56,230,15,72,481,3409,1299,222,119,77,1680,790,134,106,467,7,1637,1645,2293,78,325,15,91,501,726,438,18,153,24,85,115,96,1,6,4,40,19,1,2,1,36,14,75,9,64,31,7,18,10,43,13,5,10,0,15,14,3,30,25,8,4,2,23,154,3,9,64,1,16,0,0,237,14,9,11,3
12740,784,7040,744,15973,21411,1828,8,15,76,1,1,1,888,24,80,1,2,7,3,1,238,3,2,18,13,16,22,307,364,13,17,6,6,132,7,18,13,410,8,296,74,13,16,31,6,6,989,3488,4,5,136,9,328,38,31,0,1,1,0,2,0,0,1,6,6,21,0,6,1,0,1,1,2,0,1,0,0,2,0,0,0,6,5,0,0,2,31,1,2,13,0,0,0,0,67,5,2,3,0
4442,2290,9981,1355,21411,34779,16345,5,27,144,1,5,0,871,30,71,1,0,2,6,4,431,9,22,54,11,94,20,234,428,10,12,6,11,967,29,108,4,2619,14,473,105,40,78,11,3,11,5418,2885,10,121,210,41,1290,416,809,0,0,1,2,11,3,1,0,31,12,80,3,4,1,2,17,0,8,1,2,4,0,19,5,1,4,22,14,1,1,3,152,1,4,48,2,3,0,0,488,46,8,12,3
1960,1528,13601,11764,1828,16345,18399,20,50,841,18,13,3,755,73,2489,3,1,27,52,54,791,12,22,20,52,13,18,153,801,100,53,17,17,1930,186,109,30,3281,5,714,643,104,23,37,9,16,1516,252,109,143,215,48,1081,409,2152,0,3,8,5,29,3,1,0,58,33,111,1,21,9,3,25,5,15,3,2,5,3,19,6,0,7,37,14,3,0,16,196,4,8,84,2,4,0,0,339,22,8,28,6
12,53,11,271,8,5,20,26673,6934,105,974,933,6396,353,129,841,2997,4142,1714,5009,588,2224,263,79,90,155,31,33,29,181,1287,317,1032,43,30,185,253,156,38,4,21,19,929,41,1465,102,136,2,32,25,0,2,1,1,1,0,26,84,36,676,19,14,22,41,1,3,14,41,163,147,24,10,66,83,7,6,15,0,2,9,1,124,1,7,10,2,226,57,1,7,13,1,15,0,2,1,0,0,5,2
10,45,10,251,15,27,50,6934,56251,146,417,1422,1453,158,58,454,393,38,3518,5574,225,1396,427,9334,5229,341,4111,83,25,86,133,263,1461,103,282,5171,9403,209,820,102,41,45,244,1476,371,87,194,181,28,31,1,2,12,0,2,6,145,602,220,4408,49,55,151,216,20,32,54,181,607,1324,75,62,379,1510,28,45,321,4,8,38,29,859,15,25,208,13,1853,200,18,111,46,13,146,4,22,6,4,2,17,5
181,360,516,1441,76,144,841,105,146,32785,4206,3195,78,312,160,1712,172,24,519,82,4172,5834,705,130,45,52,35,216,81,568,707,197,269,59,993,1382,464,18,805,19,7970,8911,1719,100,72,271,479,206,52,2603,3,9,5,5,7,11,1,0,34,20,58,7,6,4,5,7,64,22,314,6,36,13,25,12,43,5,9,1,15,39,2,13,10,17,3,2,57,180,8,2,72,3,14,0,2,23,4,3,24,7
4,6,9,86,1,1,18,974,417,4206,3827,7850,203,47,21,517,133,81,642,137,609,3791,1443,119,36,20,16,48,23,66,219,27,99,16,107,445,120,25,122,3,115,145,222,32,43,196,91,8,4,30,0,0,2,0,0,1,0,4,22,20,15,2,2,1,3,0,7,13,73,5,10,0,6,11,11,0,2,0,0,14,1,4,0,0,0,1,31,22,2,2,14,2,5,0,0,2,0,1,3,3
5,2,10,56,1,5,13,933,1422,3195,7850,30054,7663,120,63,320,4366,511,343,1134,4257,2440,6907,231,1041,53,143,90,27,310,579,183,4698,38,78,366,362,213,185,7,145,392,740,108,365,280,436,11,1,179,0,0,0,0,0,1,4,28,59,225,16,18,21,4,5,11,19,43,184,139,20,9,64,333,12,10,35,1,2,22,3,102,5,2,26,3,141,46,8,18,13,5,24,2,3,0,2,1,3,7
0,12,2,53,1,0,3,6396,1453,78,203,7663,20878,173,109,665,8549,870,379,806,831,545,385,122,141,16,59,28,13,247,1097,220,3604,17,22,90,154,16,23,3,25,66,860,24,184,46,191,2,10,78,0,0,0,0,0,1,14,54,10,423,8,3,13,25,0,3,6,6,42,180,6,5,18,85,2,1,24,0,0,1,1,96,2,3,24,3,122,21,3,8,5,1,4,0,0,1,0,0,2,1
7166,9688,1462,10429,888,871,755,353,158,312,47,120,173,67616,10303,1808,71,85,272,385,188,727,77,14,67,377,25,257,5321,24050,670,769,572,157,711,302,126,124,346,33,1261,520,3454,98,1163,67,399,268,9752,2245,5,30,13,30,36,33,2,0,2,42,15,3,3,2,28,23,77,4,37,41,2,13,5,77,4,6,14,0,15,6,2,36,28,16,9,1,14,160,10,21,67,3,15,0,4,78,5,6,12,4
54,1148,27,7400,24,30,73,129,58,160,21,63,109,10303,11329,1007,54,42,131,134,161,258,35,5,22,72,8,39,163,4548,412,227,221,29,172,108,41,29,78,5,268,474,6731,25,297,11,128,50,230,3978,0,5,3,1,7,11,0,0,2,7,4,0,0,2,4,8,16,1,14,16,1,4,0,9,3,1,10,1,5,0,0,7,9,2,4,1,5,35,0,5,18,0,2,0,1,11,0,1,4,1
172,712,163,11168,80,71,2489,841,454,1712,517,320,665,1808,1007,22762,1131,666,5053,507,831,898,80,70,51,79,16,26,140,878,14186,188,431,18,3048,3669,304,46,499,2,515,382,5900,50,363,21,122,221,184,94,9,10,12,9,31,21,0,5,22,51,80,6,9,1,15,35,149,29,269,36,52,29,17,37,79,3,3,1,29,54,3,28,40,35,10,1,44,335,39,6,150,1,7,1,1,71,4,18,54,17
1,2,3,22,1,1,3,2997,393,172,133,4366,8549,71,54,1131,12187,4917,586,71,5457,246,209,74,33,4,10,8,4,130,3578,115,1181,7,26,140,131,14,64,3,25,59,1160,17,91,17,113,1,1,52,0,1,1,0,1,1,1,12,33,102,15,8,6,4,1,0,12,24,116,7,26,1,27,16,10,3,4,0,0,21,0,4,4,1,2,0,66,42,1,3,9,0,0,0,1,0,0,1,3,0
7,10,2,49,2,0,1,4142,38,24,81,511,870,85,42,666,4917,3004,500,47,490,105,35,15,13,2,4,4,3,44,2900,56,246,1,6,56,62,0,20,2,6,7,322,1,44,4,31,0,11,1,0,0,0,0,2,1,1,2,9,26,5,5,1,1,3,0,6,14,52,3,12,1,16,3,2,1,0,0,0,6,0,4,0,0,1,2,25,19,0,0,2,0,0,0,0,0,0,1,1,0
8,52,14,348,7,2,27,1714,3518,519,642,343,379,272,131,5053,586,500,9675,976,491,643,72,1109,190,72,56,20,17,109,2016,110,239,16,188,4709,724,56,206,6,71,64,1133,90,212,22,53,5,18,26,0,1,3,0,1,5,3,22,60,113,86,21,12,10,5,4,54,83,428,57,72,10,49,78,52,3,10,1,5,67,2,36,12,8,10,5,133,199,17,5,58,1,10,1,3,0,1,5,35,5
26,83,22,412,3,6,52,5009,5574,82,137,1134,806,385,134,507,71,47,976,27928,63,837,1215,121,1710,1075,543,108,38,198,275,1138,5083,184,129,452,180,4271,62,17,34,45,589,931,4547,139,469,11,48,35,2,0,8,0,2,3,14,80,37,656,10,15,135,45,27,47,45,12,154,1227,18,110,81,2712,11,28,280,4,19,15,31,971,35,31,303,10,108,76,30,173,13,4,173,6,28,4,2,1,22,17
16,17,25,132,1,4,54,588,225,4172,609,4257,831,188,161,831,5457,490,491,63,12052,602,626,152,29,13,17,66,40,1044,1876,213,625,17,236,677,552,11,489,8,457,1643,7854,48,96,73,322,19,9,2521,0,2,2,0,2,5,2,5,55,63,62,16,6,6,5,5,79,51,357,12,35,15,37,20,40,4,6,0,7,68,0,13,13,7,1,0,91,197,18,3,67,1,4,0,2,4,1,4,20,7
729,1056,2041,1524,238,431,791,2224,1396,5834,3791,2440,545,727,258,898,246,105,643,837,602,21116,6814,65,399,188,158,2306,2994,961,460,323,517,465,475,529,177,427,475,152,15138,1333,1126,710,359,5097,1391,142,93,173,4,33,6,33,11,16,0,5,15,27,24,3,4,0,13,18,56,6,76,33,13,25,13,72,13,14,25,5,11,16,17,31,20,12,4,15,34,124,17,20,59,35,67,0,8,46,5,6,29,5
7,15,7,43,3,9,12,263,427,705,1443,6907,385,77,35,80,209,35,72,1215,626,6814,19167,64,1397,304,311,744,160,305,92,472,5540,193,20,122,72,924,53,43,128,276,314,1379,728,8458,7075,15,13,162,1,1,2,0,0,0,1,6,2,42,4,2,11,1,3,5,8,2,35,76,2,37,7,428,2,61,108,5,2,3,29,150,3,5,48,14,10,17,2,110,4,21,197,2,23,0,2,0,4,2
3,3,1,22,2,22,22,79,9334,130,119,231,122,14,5,70,74,15,1109,121,152,65,64,6541,756,156,1089,78,1,13,36,75,131,60,212,5029,3621,31,4457,91,11,20,50,896,19,24,63,205,21,5,0,0,1,0,2,1,1,10,42,140,31,10,10,9,3,1,22,30,224,54,20,16,45,108,16,20,61,4,2,24,6,45,2,1,18,4,149,68,4,49,21,8,45,1,9,3,1,4,12,3
6,11,6,56,18,54,20,90,5229,45,36,1041,141,67,22,51,33,13,190,1710,29,399,1397,756,10248,504,7907,114,11,63,29,761,2585,151,94,608,318,576,540,124,20,25,77,5123,814,131,448,274,37,19,1,0,12,1,2,6,4,37,22,199,10,22,80,8,33,45,43,9,120,590,10,247,81,4465,3,123,665,11,14,12,39,1069,33,23,363,31,38,63,21,526,23,36,700,8,59,4,11,0,16,22
25,62,24,230,13,11,52,155,341,52,20,53,16,377,72,79,4,2,72,1075,13,188,304,156,504,27686,723,247,38,276,42,12581,112,6725,76,231,78,10941,171,122,53,33,184,13863,3068,567,3656,37,44,26,0,0,3,2,2,2,0,9,2,36,6,8,17,4,8,6,4,0,23,44,10,223,19,203,4,1013,700,32,3,0,464,223,3,3,124,303,5,20,7,495,26,311,1895,52,247,20,3,2,9,6
3,5,4,15,16,94,13,31,4111,35,16,143,59,25,8,16,10,4,56,543,17,158,311,1089,7907,723,15652,2771,16,49,12,496,406,634,79,384,1904,242,1506,7359,18,19,34,17482,255,274,562,555,80,9,0,1,3,0,1,1,0,4,4,46,3,2,8,1,2,2,5,3,30,43,3,107,15,380,3,287,613,23,3,2,141,204,3,4,87,71,21,13,3,368,17,263,699,25,70,9,3,0,3,2
31,26,42,72,22,20,18,33,83,216,48,90,28,257,39,26,8,4,20,108,66,2306,744,78,114,247,2771,67112,1507,590,15,285,122,7605,24,59,348,270,243,17075,445,264,118,1637,190,16176,7142,108,36,111,1,0,0,0,0,0,0,0,0,1,1,0,1,0,0,2,1,0,5,4,1,20,0,19,0,34,70,184,0,0,24,13,0,0,4,53,10,8,1,23,5,962,147,17,24,8,0,0,0,1
553,389,576,481,307,234,153,29,25,81,23,27,13,5321,163,140,4,3,17,38,40,2994,160,1,11,38,16,1507,102551,11994,67,92,61,147,141,39,49,24,130,79,27039,213,340,58,104,743,182,53,10833,56,2,5,3,9,1,4,0,0,0,4,6,0,0,0,6,6,13,1,10,1,2,3,1,9,4,4,1,0,5,2,0,2,7,4,0,1,3,41,4,3,36,6,4,0,0,17,0,0,9,2
1120,1911,2472,3409,364,428,801,181,86,568,66,310,247,24050,4548,878,130,44,109,198,1044,961,305,13,63,276,49,590,11994,48805,455,1318,987,221,529,227,158,88,463,41,11446,5479,6596,164,1126,148,955,172,1239,3049,4,21,9,23,21,28,0,4,4,20,28,5,6,1,22,20,69,4,57,23,2,19,10,68,6,10,19,1,18,17,3,25,30,28,8,0,22,172,14,15,79,9,18,0,6,53,4,5,19,9
22,94,11,1299,13,10,100,1287,133,707,219,579,1097,670,412,14186,3578,2900,2016,275,1876,460,92,36,29,42,12,15,67,455,19385,215,651,15,391,1105,233,21,203,7,206,164,12885,18,357,16,125,30,44,59,0,5,5,1,5,3,0,2,17,37,64,8,4,4,5,6,63,11,236,17,37,8,9,31,42,2,5,1,10,36,0,18,13,8,4,1,46,183,17,1,72,0,2,0,0,18,1,8,17,7
18,58,23,222,17,12,53,317,263,197,27,183,220,769,227,188,115,56,110,1138,213,323,472,75,761,12581,496,285,92,1318,215,31710,4245,3007,45,129,54,2729,109,180,234,404,804,4090,5417,453,14001,23,63,308,1,0,4,0,2,2,2,8,4,27,7,5,12,0,4,5,5,3,32,63,5,134,23,424,2,523,404,36,6,4,278,266,1,5,78,245,14,17,2,287,18,292,1229,44,162,8,4,1,4,3
15,14,7,119,6,6,17,1032,1461,269,99,4698,3604,572,221,431,1181,246,239,5083,625,517,5540,131,2585,112,406,122,61,987,651,4245,19064,57,37,182,116,1141,46,6,143,337,1192,436,5972,308,2076,1,34,312,2,0,2,1,0,0,5,23,15,234,7,3,36,12,7,22,13,3,60,497,6,53,43,1249,4,31,154,0,4,7,12,469,9,14,129,4,36,26,7,122,9,3,133,3,16,1,0,0,7,2
18,13,12,77,6,11,17,43,103,59,16,38,17,157,29,18,7,1,16,184,17,465,193,60,151,6725,634,7605,147,221,15,3007,57,23643,23,60,140,896,145,3893,92,62,68,8464,434,3004,8379,52,17,35,1,0,0,0,3,0,0,1,0,6,2,1,7,2,1,0,1,0,1,10,2,110,4,48,0,198,183,154,2,1,165,37,2,2,29,802,17,3,0,46,19,2407,1210,158,225,18,1,0,3,1
142,343,228,1680,132,967,1930,30,282,993,107,78,22,711,172,3048,26,6,188,129,236,475,20,212,94,76,79,24,141,529,391,45,37,23,5663,4498,792,22,6088,18,358,211,345,150,31,12,37,3778,217,41,23,35,32,9,58,68,0,6,15,39,82,9,7,0,48,50,209,18,163,28,22,35,14,30,34,0,7,3,45,40,2,15,66,49,6,1,58,473,46,5,242,3,6,1,4,205,16,14,51,20
21,110,21,790,7,29,186,185,5171,1382,445,366,90,302,108,3669,140,56,4709,452,677,529,122,5029,608,231,384,59,39,227,1105,129,182,60,4498,15886,3529,102,5520,47,237,201,1042,558,73,35,90,106,36,64,3,8,16,0,5,8,3,29,118,232,195,48,27,11,23,33,232,95,865,95,111,54,98,168,169,11,48,3,26,184,6,77,72,56,20,5,342,698,109,26,286,7,41,2,4,37,7,23,91,37
12,24,14,134,18,108,109,253,9403,464,120,362,154,126,41,304,131,62,724,180,552,177,72,3621,318,78,1904,348,49,158,233,54,116,140,792,3529,3227,23,8503,721,151,117,436,1063,31,72,66,1002,70,59,1,3,4,0,8,9,31,97,23,682,24,13,16,39,11,9,35,31,140,39,19,14,85,37,16,11,20,3,5,13,5,42,20,9,7,5,397,117,8,9,72,50,24,5,5,36,1,2,7,6
12,22,8,106,13,4,30,156,209,18,25,213,16,124,29,46,14,0,56,4271,11,427,924,31,576,10941,242,270,24,88,21,2729,1141,896,22,102,23,11105,39,58,18,17,81,6188,4243,194,997,14,17,7,2,1,8,0,2,4,0,5,6,45,3,6,12,3,17,17,14,5,49,82,7,199,39,947,3,263,689,4,3,2,105,555,9,8,252,45,7,38,6,648,21,23,701,8,84,5,4,1,2,5
183,120,552,467,410,2619,3281,38,820,805,122,185,23,346,78,499,64,20,206,62,489,475,53,4457,540,171,1506,243,130,463,203,109,46,145,6088,5520,8503,39,39181,558,344,181,590,1122,29,46,90,8684,299,68,15,25,31,40,47,64,1,8,34,60,165,20,2,2,47,79,355,20,450,9,44,65,31,36,76,15,32,2,63,100,4,21,102,93,11,2,197,816,66,22,404,31,39,4,5,172,19,27,99,18
2,8,3,7,8,14,5,4,102,19,3,7,3,33,5,2,3,2,6,17,8,152,43,91,124,122,7359,17075,79,41,7,180,6,3893,18,47,721,58,558,27385,30,21,9,14793,20,901,497,192,14,8,0,0,0,0,5,0,0,2,0,0,1,0,1,0,0,0,0,0,0,0,6,31,2,20,0,83,230,270,4,0,45,10,2,0,3,416,25,2,1,32,27,3594,483,74,63,24,0,0,0,0
847,1056,2169,1637,296,473,714,21,41,7970,115,145,25,1261,268,515,25,6,71,34,457,15138,128,11,20,53,18,445,27039,11446,206,234,143,92,358,237,151,18,344,30,88775,11799,1141,59,182,151,259,128,153,622,1,19,2,28,8,10,0,0,5,8,23,3,1,0,10,13,39,7,61,9,5,10,6,13,11,1,5,0,11,19,0,1,14,14,1,0,13,119,3,4,51,0,9,0,1,26,1,5,14,4
239,479,859,1645,74,105,643,19,45,8911,145,392,66,520,474,382,59,7,64,45,1643,1333,276,20,25,33,19,264,213,5479,164,404,337,62,211,201,117,17,181,21,11799,15836,3096,86,199,127,553,78,60,7331,0,4,3,6,3,2,0,0,4,7,19,3,2,0,3,4,27,8,78,5,2,8,5,18,4,2,11,0,4,15,2,8,5,6,3,2,15,60,4,4,18,3,14,0,0,7,0,0,5,5
42,124,70,2293,13,40,104,929,244,1719,222,740,860,3454,6731,5900,1160,322,1133,589,7854,1126,314,50,77,184,34,118,340,6596,12885,804,1192,68,345,1042,436,81,590,9,1141,3096,36639,60,1058,57,530,63,113,7949,4,5,6,3,6,6,1,8,21,54,84,12,4,2,14,22,124,18,274,37,22,26,12,86,53,5,13,0,19,65,3,45,40,21,9,1,67,309,34,12,159,1,10,1,2,25,4,11,44,15
10,25,5,78,16,78,23,41,1476,100,32,108,24,98,25,50,17,1,90,931,48,710,1379,896,5123,13863,17482,1637,58,164,18,4090,436,8464,150,558,1063,6188,1122,14793,59,86,60,54223,774,1942,4804,477,49,32,2,2,12,1,7,3,1,10,11,57,22,17,25,5,15,8,13,10,54,55,18,536,48,685,8,1730,1845,166,11,4,937,630,13,7,276,950,23,45,6,1094,66,1822,4360,152,577,26,9,3,15,9
48,75,17,325,31,11,37,1465,371,72,43,365,184,1163,297,363,91,44,212,4547,96,359,728,19,814,3068,255,190,104,1126,357,5417,5972,434,31,73,31,4243,29,20,182,199,1058,774,9924,146,1468,6,101,148,0,0,14,0,1,0,0,21,9,88,7,5,28,4,12,23,16,13,73,266,7,148,33,1790,9,79,329,3,8,4,41,544,11,10,212,18,17,39,10,263,10,9,375,6,32,3,4,2,11,7
11,15,9,15,6,3,9,102,87,271,196,280,46,67,11,21,17,4,22,139,73,5097,8458,24,131,567,274,16176,743,148,16,453,308,3004,12,35,72,194,46,901,151,127,57,1942,146,23746,11137,13,14,42,0,0,2,1,0,0,0,0,0,5,1,2,0,0,0,0,1,0,6,9,1,22,3,26,2,59,38,17,0,2,36,22,0,0,4,110,0,4,1,15,2,260,205,20,26,1,0,0,2,0
17,28,9,91,6,11,16,136,194,479,91,436,191,399,128,122,113,31,53,469,322,1391,7075,63,448,3656,562,7142,182,955,125,14001,2076,8379,37,90,66,997,90,497,259,553,530,4804,1468,11137,36471,36,26,334,0,0,4,0,2,1,0,3,4,19,7,2,6,2,1,4,5,2,17,24,2,119,10,211,4,327,306,43,7,2,184,131,2,4,61,357,6,17,9,209,13,605,915,75,144,3,3,0,1,6
178,169,283,501,989,5418,1516,2,181,206,8,11,2,268,50,221,1,0,5,11,19,142,15,205,274,37,555,108,53,172,30,23,1,52,3778,106,1002,14,8684,192,128,78,63,477,6,13,36,8119,707,6,27,73,39,40,153,149,0,1,1,12,14,0,0,0,26,15,65,1,25,4,2,10,5,8,4,6,11,2,11,4,3,1,18,12,2,1,11,145,2,7,50,10,18,1,2,296,11,4,11,1
1779,685,423,726,3488,2885,252,32,28,52,4,1,10,9752,230,184,1,11,18,48,9,93,13,21,37,44,80,36,10833,1239,44,63,34,17,217,36,70,17,299,14,153,60,113,49,101,14,26,707,15157,12,5,15,10,17,21,22,0,0,2,7,3,0,0,0,13,5,28,0,3,2,0,4,0,8,1,0,5,0,4,0,1,3,4,3,2,0,4,43,1,3,18,0,5,0,0,45,2,1,8,2
42,71,88,438,4,10,109,25,31,2603,30,179,78,2245,3978,94,52,1,26,35,2521,173,162,5,19,26,9,111,56,3049,59,308,312,35,41,64,59,7,68,8,622,7331,7949,32,148,42,334,6,12,9224,0,2,0,1,1,0,0,0,2,1,7,1,0,2,0,1,16,2,21,6,0,4,3,9,5,0,1,0,0,5,2,7,4,1,0,0,8,32,1,4,15,0,2,0,0,2,1,1,2,0
7,9,640,18,5,121,143,0,1,3,0,0,0,5,0,9,0,0,0,2,0,4,1,0,1,0,0,1,2,4,0,1,2,1,23,3,1,2,15,0,1,0,4,2,0,0,0,27,5,0,37733,15143,6478,12432,13643,4872,0,0,2,7,352,4,1,0,14645,132,516,1,6,23,5,690,5,20,7,18,17,24,1649,14,4,55,1001,38,15,5,16,407,9,16,73,8,19,16,6,243,9122,376,667,13
48,34,2204,153,136,210,215,2,2,9,0,0,0,30,5,10,1,0,1,0,2,33,1,0,0,0,1,0,5,21,5,0,0,0,35,8,3,1,25,0,19,4,5,2,0,0,0,73,15,2,15143,68302,15793,12239,4536,10510,0,3,0,6,1835,3,4,1,11766,157,345,1,25,17,21,1061,1,18,6,5,6,18,930,8,7,34,1810,24,18,1,22,287,26,8,39,2,1,13,6,232,971,701,2983,66
10,13,73,24,9,41,48,1,12,5,2,0,0,13,3,12,1,0,3,8,2,6,2,1,12,3,3,0,3,9,5,4,2,0,32,16,4,8,31,0,2,3,6,12,14,2,4,39,10,0,6478,15793,30690,484,763,5692,3,3,8,36,1172,26,12,4,23174,3138,9239,7,139,221,20,486,13,159,16,87,10,12,714,338,37,227,957,1030,148,21,35,1128,72,112,79,5,14,8,25,163,1413,264,1948,117
205,30,2800,85,328,1290,1081,1,0,5,0,0,0,30,1,9,0,0,0,0,0,33,0,0,1,2,0,0,9,23,1,0,1,0,9,0,0,0,40,0,28,6,3,1,0,1,0,40,17,1,12432,12239,484,30936,20444,18486,0,0,1,0,518,2,1,1,615,41,77,1,8,4,5,533,0,3,5,2,1,7,354,4,1,17,669,6,1,0,6,87,10,1,17,0,2,5,5,161,710,278,843,17
33,58,290,115,38,416,409,1,2,7,0,0,0,36,7,31,1,2,1,2,2,11,0,2,2,2,1,0,1,21,5,2,0,3,58,5,8,2,47,5,8,3,6,7,1,0,2,153,21,1,13643,4536,763,20444,32050,8456,0,2,0,5,398,6,5,0,1594,52,434,0,18,10,5,325,26,74,9,13,92,27,309,10,10,15,467,19,5,8,97,1663,14,7,1259,74,106,4,7,5467,6449,171,456,17
44,47,786,96,31,809,2152,0,6,11,1,1,1,33,11,21,1,1,5,3,5,16,0,1,6,2,1,0,4,28,3,2,0,0,68,8,9,4,64,0,10,2,6,3,0,0,1,149,22,0,4872,10510,5692,18486,8456,29126,0,1,2,6,1353,16,4,2,2578,134,2477,5,50,71,14,416,17,75,9,30,13,3,308,26,13,70,720,51,38,5,57,2164,21,44,412,3,15,2,7,651,447,251,1713,54
0,0,0,1,0,0,0,26,145,1,0,4,14,2,0,0,1,1,3,14,2,0,1,1,4,0,0,0,0,0,0,2,5,0,0,3,31,0,1,0,0,0,1,1,0,0,0,0,0,0,0,0,3,0,0,0,1738,3297,379,255,10,53,79,2594,9,11,31,755,102,957,23,47,27,14,5,1,4,1,7,30,4,549,2,23,294,4,105,5,2,16,3,0,3,5,6,0,0,2,1,0
0,1,0,6,1,0,3,84,602,0,4,28,54,0,0,5,12,2,22,80,5,5,6,10,37,9,4,0,0,4,2,8,23,1,6,29,97,5,8,2,0,0,8,10,21,0,3,1,0,0,0,3,3,0,2,1,3297,17790,3630,4252,97,1074,468,3469,14,28,147,3468,771,3518,137,711,163,155,47,42,43,29,3,103,71,2043,4,41,441,45,453,31,15,139,9,12,45,37,110,1,2,0,7,3
0,1,0,4,1,1,8,36,220,34,22,59,10,2,2,22,33,9,60,37,55,15,2,42,22,2,4,0,0,4,17,4,15,0,15,118,23,6,34,0,5,4,21,11,9,0,4,1,2,2,2,0,8,1,0,2,379,3630,5897,2049,312,1140,599,1528,18,33,432,2977,3723,675,259,465,70,121,421,29,32,29,4,2292,44,1421,7,59,292,40,242,56,21,114,27,12,27,22,76,1,5,2,21,7
4,14,0,40,0,2,5,676,4408,20,20,225,423,42,7,51,102,26,113,656,63,27,42,140,199,36,46,1,4,20,37,27,234,6,39,232,682,45,60,0,8,7,54,57,88,5,19,12,7,1,7,6,36,0,5,6,255,4252,2049,39847,237,1371,893,576,27,41,267,354,7069,7942,298,968,8255,4418,57,81,1702,35,17,43,65,1032,22,25,186,54,9435,660,21,159,117,30,192,44,122,13,3,5,31,18
1,5,54,19,2,11,29,19,49,58,15,16,8,15,4,80,15,5,86,10,62,24,4,31,10,6,3,1,6,28,64,7,7,2,82,195,24,3,165,1,23,19,84,22,7,1,7,14,3,7,352,1835,1172,518,398,1353,10,97,312,237,39886,4164,1076,41,800,372,2769,296,2168,102,5374,1990,110,101,1091,58,46,104,157,500,62,260,662,475,68,67,577,1807,971,47,510,55,66,62,127,199,94,22254,30371,3693
0,0,0,1,0,3,3,14,55,7,2,18,3,3,0,6,8,5,21,15,16,3,2,10,22,8,2,0,0,5,8,5,3,1,9,48,13,6,20,0,3,3,12,17,5,2,2,0,0,1,4,3,26,2,6,16,53,1074,1140,1371,4164,8856,8790,214,33,41,446,448,1579,142,4119,7532,253,147,269,15,41,39,7,103,40,636,33,89,33,22,240,234,89,51,76,14,64,117,138,9,3,12,137,71
0,1,0,2,0,1,1,22,151,6,2,21,13,3,0,9,6,1,12,135,6,4,11,10,80,17,8,1,0,6,4,12,36,7,7,27,16,12,2,1,1,2,4,25,28,0,6,0,0,0,1,4,12,1,5,4,79,468,599,893,1076,8790,20558,5543,27,86,261,2662,375,547,4016,7836,151,670,615,27,166,88,25,483,83,10642,45,173,165,84,158,59,206,113,29,25,135,208,419,5,4,3,115,96
0,1,0,1,1,0,0,41,216,4,1,4,25,2,2,1,4,1,10,45,6,0,1,9,8,4,1,0,0,1,4,0,12,2,0,11,39,3,2,0,0,0,2,5,4,0,2,0,0,2,0,1,4,1,0,2,2594,3469,1528,576,41,214,5543,11963,21,112,440,6568,580,696,401,218,76,81,182,9,35,18,12,449,15,3842,25,269,218,19,140,19,128,19,9,1,15,20,36,1,6,2,32,65
14,15,61,36,6,31,58,1,20,5,3,5,0,28,4,15,1,3,5,27,5,13,3,3,33,8,2,0,6,22,5,4,7,1,48,23,11,17,47,0,10,3,14,15,12,0,1,26,13,0,14645,11766,23174,615,1594,2578,9,14,18,27,800,33,27,21,78919,16774,4113,11,120,352,30,655,12,168,48,203,26,42,8289,273,92,749,12299,846,440,48,54,907,455,193,139,14,40,24,46,251,14473,416,1914,407
9,10,15,14,6,12,33,3,32,7,0,11,3,23,8,35,0,0,4,47,5,18,5,1,45,6,2,2,6,20,6,5,22,0,50,33,9,17,79,0,13,4,22,8,23,0,4,15,5,1,132,157,3138,41,52,134,11,28,33,41,372,41,86,112,16774,32374,2715,63,175,438,55,308,5,178,158,195,34,71,1369,613,129,1277,5664,4616,644,81,58,352,5442,220,201,31,42,23,94,146,706,140,3269,3575
28,22,33,75,21,80,111,14,54,64,7,19,6,77,16,149,12,6,54,45,79,56,8,22,43,4,5,1,13,69,63,5,13,1,209,232,35,14,355,0,39,27,124,13,16,1,5,65,28,16,516,345,9239,77,434,2477,31,147,432,267,2769,446,261,440,4113,2715,34039,506,6668,647,317,590,76,300,1661,86,56,32,469,8502,65,1027,786,5880,351,43,404,5196,535,182,540,13,32,29,77,580,369,259,1237,198
0,0,0,9,0,3,1,41,181,22,13,43,6,4,1,29,24,14,83,12,51,6,2,30,9,0,3,0,1,4,11,3,3,0,18,95,31,5,20,0,7,8,18,10,13,0,2,1,0,2,1,1,7,1,0,5,755,3468,2977,354,296,448,2662,6568,11,63,506,14179,992,77,3687,298,187,39,1073,5,20,13,10,3820,20,1256,25,163,26,20,257,91,121,13,50,9,16,17,63,3,1,1,38,43
6,9,5,64,6,4,21,163,607,314,73,184,42,37,14,269,116,52,428,154,357,76,35,224,120,23,30,5,10,57,236,32,60,1,163,865,140,49,450,0,61,78,274,54,73,6,17,25,3,21,6,25,139,8,18,50,102,771,3723,7069,2168,1579,375,580,120,175,6668,992,23088,1582,658,622,2877,1370,797,84,369,31,90,1995,96,1143,133,268,363,57,3315,6524,183,196,1754,29,142,21,105,47,25,60,276,72
1,7,3,31,1,1,9,147,1324,6,5,139,180,41,16,36,7,3,57,1227,12,33,76,54,590,44,43,4,1,23,17,63,497,10,28,95,39,82,9,0,9,5,37,55,266,9,24,4,2,6,23,17,221,4,10,71,957,3518,675,7942,102,142,547,696,352,438,647,77,1582,13013,52,666,141,3986,47,199,427,58,66,133,199,5830,116,354,1995,88,494,259,106,2170,37,18,230,65,153,20,59,19,87,64
0,1,2,7,0,2,3,24,75,36,10,20,6,2,1,52,26,12,72,18,35,13,2,20,10,10,3,1,2,2,37,5,6,2,22,111,19,7,44,6,5,2,22,18,7,1,2,2,0,0,5,21,20,5,5,14,23,137,259,298,5374,4119,4016,401,30,55,317,3687,658,52,15476,1252,147,81,3537,21,43,117,54,791,78,744,238,96,44,75,374,288,478,32,132,55,60,112,174,13,7,38,1258,5530
3,6,45,18,1,17,25,10,62,13,0,9,5,13,4,29,1,1,10,110,15,25,37,16,247,223,107,20,3,19,8,134,53,110,35,54,14,199,65,31,10,8,26,536,148,22,119,10,4,4,690,1061,486,533,325,416,47,711,465,968,1990,7532,7836,218,655,308,590,298,622,666,1252,55708,118,1523,386,359,1210,3234,3026,227,727,10075,1255,287,493,1129,128,450,310,882,234,534,1708,10165,10920,126,113,3945,1856,232
2,4,0,10,1,0,5,66,379,25,6,64,18,5,0,17,27,16,49,81,37,13,7,45,81,19,15,0,1,10,9,23,43,4,14,98,85,39,31,2,6,5,12,48,33,3,10,5,0,3,5,1,13,0,26,17,27,163,70,8255,110,253,151,76,12,5,76,187,2877,141,147,118,7671,3759,30,33,1014,11,5,27,52,171,8,8,27,38,5247,3341,4,37,2208,93,378,15,39,170,7,4,24,10
3,7,5,43,2,8,15,83,1510,12,11,333,85,77,9,37,16,3,78,2712,20,72,428,108,4465,203,380,19,9,68,31,424,1249,48,30,168,37,947,36,20,13,18,86,685,1790,26,211,8,8,9,20,18,159,3,74,75,14,155,121,4418,101,147,670,81,168,178,300,39,1370,3986,81,1523,3759,19584,58,420,11121,76,33,71,327,4891,84,111,607,204,691,931,91,1652,1685,506,2384,72,338,404,70,8,91,73
1,2,2,13,0,1,3,7,28,43,11,12,2,4,3,79,10,2,52,11,40,13,2,16,3,4,3,0,4,6,42,2,4,0,34,169,16,3,76,0,11,4,53,8,9,2,4,4,1,5,7,6,16,5,9,9,5,47,421,57,1091,269,615,182,48,158,1661,1073,797,47,3537,386,30,58,6335,20,20,41,108,5257,53,480,261,947,55,48,376,382,2871,14,182,21,23,42,107,11,7,49,749,2061
0,3,4,5,1,2,2,6,45,5,0,10,1,6,1,3,3,1,3,28,4,14,61,20,123,1013,287,34,4,10,2,523,31,198,0,11,11,263,15,83,1,2,5,1730,79,59,327,6,0,0,18,5,87,2,13,30,1,42,29,81,58,15,27,9,203,195,86,5,84,199,21,359,33,420,20,29142,1070,106,91,20,7046,937,204,70,2574,8221,50,60,52,4661,80,213,11482,112,328,36,57,7,124,76
0,4,3,10,0,4,5,15,321,9,2,35,24,14,10,3,4,0,10,280,6,25,108,61,665,700,613,70,1,19,5,404,154,183,7,48,20,689,32,230,5,11,13,1845,329,38,306,11,5,1,17,6,10,1,92,13,4,43,32,1702,46,41,166,35,26,34,56,20,369,427,43,1210,1014,11121,20,1070,15625,1161,22,20,858,1782,29,25,395,551,397,359,38,729,1469,7309,9588,194,642,563,60,1,54,31
0,0,2,0,0,0,3,0,4,1,0,1,0,0,1,1,0,0,1,4,0,5,5,4,11,32,23,184,0,1,1,36,0,154,3,3,3,4,2,270,0,0,0,166,3,17,43,2,0,0,24,18,12,7,27,3,1,29,29,35,104,39,88,18,42,71,32,13,31,58,117,3234,11,76,41,106,1161,45261,3023,20,253,293,230,33,67,8584,332,19,77,64,136,11185,376,15903,740,112,28,398,200,148
2,2,34,15,2,19,19,2,8,15,0,2,0,15,5,29,0,0,5,19,7,11,2,2,14,3,3,0,5,18,10,6,4,2,45,26,5,3,63,4,11,4,19,11,8,0,7,11,4,0,1649,930,714,354,309,308,7,3,4,17,157,7,25,12,8289,1369,469,10,90,66,54,3026,5,33,108,91,22,3023,178701,70,65,420,24007,277,206,149,74,323,498,47,158,186,43,938,82,135,12392,19086,973,307
4,2,2,14,0,5,6,9,38,39,14,22,1,6,0,54,21,6,67,15,68,16,3,24,12,0,2,0,2,17,36,4,7,1,40,184,13,2,100,0,19,15,65,4,4,2,2,4,0,5,14,8,338,4,10,26,30,103,2292,43,500,103,483,449,273,613,8502,3820,1995,133,791,227,27,71,5257,20,20,20,70,11596,27,709,109,4355,106,21,279,212,337,36,127,14,12,15,72,22,27,30,197,57
0,0,0,3,0,1,0,1,29,2,1,3,1,2,0,3,0,0,2,31,0,17,29,6,39,464,141,24,0,3,0,278,12,165,2,6,5,105,4,45,0,2,3,937,41,36,184,3,1,2,4,7,37,1,10,13,4,71,44,65,62,40,83,15,92,129,65,20,96,199,78,727,52,327,53,7046,858,253,65,27,24289,4538,131,70,2498,9375,46,50,77,1281,102,213,3299,625,9492,39,28,9,130,105
3,10,5,30,0,4,7,124,859,13,4,102,96,36,7,28,4,4,36,971,13,31,150,45,1069,223,204,13,2,25,18,266,469,37,15,77,42,555,21,10,1,8,45,630,544,22,131,1,3,7,55,34,227,17,15,70,549,2043,1421,1032,260,636,10642,3842,749,1277,1027,1256,1143,5830,744,10075,171,4891,480,937,1782,293,420,709,4538,50632,962,948,20929,923,348,219,874,3296,101,143,1721,490,8786,42,193,59,641,735
6,7,64,25,6,22,37,1,15,10,0,5,2,28,9,40,4,0,12,35,13,20,3,2,33,3,3,0,7,30,13,1,9,2,66,72,20,9,102,2,14,5,40,13,11,0,2,18,4,4,1001,1810,957,669,467,720,2,4,7,22,662,33,45,25,12299,5664,786,25,133,116,238,1255,8,84,261,204,29,230,24007,109,131,962,57752,551,379,126,135,605,1535,67,285,71,44,71,87,189,899,17715,17821,1711
3,5,7,8,5,14,14,7,25,17,0,2,3,16,2,35,1,0,8,31,7,12,5,1,23,3,4,0,4,28,8,5,14,2,49,56,9,8,93,0,14,6,21,7,10,0,4,12,3,1,38,24,1030,6,19,51,23,41,59,25,475,89,173,269,846,4616,5880,163,268,354,96,287,8,111,947,70,25,33,277,4355,70,948,551,12354,394,43,125,276,6285,148,164,13,23,25,85,69,117,86,541,554
1,3,0,4,0,1,3,10,208,3,0,26,24,9,4,10,2,1,10,303,1,4,48,18,363,124,87,4,0,8,4,78,129,29,6,20,7,252,11,3,1,3,9,276,212,4,61,2,2,0,15,18,148,1,5,38,294,441,292,186,68,33,165,218,440,644,351,26,363,1995,44,493,27,607,55,2574,395,67,206,106,2498,20929,379,394,7745,473,29,60,238,2469,30,47,429,55,395,12,110,15,233,185
0,1,0,2,0,1,0,2,13,2,1,3,3,1,1,1,0,2,5,10,0,15,14,4,31,303,71,53,1,0,1,245,4,802,1,5,5,45,2,416,0,2,1,950,18,110,357,1,0,0,5,1,21,0,8,5,4,45,40,54,67,22,84,19,48,81,43,20,57,88,75,1129,38,204,48,8221,551,8584,149,21,9375,923,126,43,473,40921,34,33,61,698,80,1409,10890,9241,5030,50,15,30,139,121
4,7,3,23,2,3,16,226,1853,57,31,141,122,14,5,44,66,25,133,108,91,34,10,149,38,5,21,10,3,22,46,14,36,17,58,342,397,7,197,25,13,15,67,23,17,0,6,11,4,8,16,22,35,6,97,57,105,453,242,9435,577,240,158,140,54,58,404,257,3315,494,374,128,5247,691,376,50,397,332,74,279,46,348,135,125,29,34,4039,4248,202,15,5712,724,242,4,33,949,44,54,216,92
43,47,91,154,31,152,196,57,200,180,22,46,21,160,35,335,42,19,199,76,197,124,17,68,63,20,13,8,41,172,183,17,26,3,473,698,117,38,816,2,119,60,309,45,39,4,17,145,43,32,407,287,1128,87,1663,2164,5,31,56,660,1807,234,59,19,907,352,5196,91,6524,259,288,450,3341,931,382,60,359,19,323,212,50,219,605,276,60,33,4248,24194,288,65,14533,49,225,16,31,4531,351,197,801,164
1,0,4,3,1,1,4,1,18,8,2,8,3,10,0,39,1,0,17,30,18,17,2,4,21,7,3,1,4,14,17,2,7,0,46,109,8,6,66,1,3,4,34,6,10,1,9,2,1,1,9,26,72,10,14,21,2,15,21,21,971,89,206,128,455,5442,535,121,183,106,478,310,4,91,2871,52,38,77,498,337,77,874,1535,6285,238,61,202,288,19328,26,186,28,30,39,149,31,103,113,2664,10908
0,1,0,9,2,4,8,7,111,2,2,18,8,21,5,6,3,0,5,173,3,20,110,49,526,495,368,23,3,15,1,287,122,46,5,26,9,648,22,32,4,4,12,1094,263,15,209,7,3,4,16,8,112,1,7,44,16,139,114,159,47,51,113,19,193,220,182,13,196,2170,32,882,37,1652,14,4661,729,64,47,36,1281,3296,67,148,2469,698,15,65,26,13104,33,114,9199,104,528,10,39,8,68,32
17,20,23,64,13,48,84,13,46,72,14,13,5,67,18,150,9,2,58,13,67,59,4,21,23,26,17,5,36,79,72,18,9,19,242,286,72,21,404,27,51,18,159,66,10,2,13,50,18,15,73,39,79,17,1259,412,3,9,27,117,510,76,29,9,139,201,540,50,1754,37,132,234,2208,1685,182,80,1469,136,158,127,102,101,285,164,30,80,5712,14533,186,33,23874,728,885,20,60,8377,350,76,278,64
1,0,1,1,0,2,2,1,13,3,2,5,1,3,0,1,0,0,1,4,1,35,21,8,36,311,263,962,6,9,0,292,3,2407,3,7,50,23,31,3594,0,3,1,1822,9,260,605,10,0,0,8,2,5,0,74,3,0,12,12,30,55,14,25,1,14,31,13,9,29,18,55,534,93,506,21,213,7309,11185,186,14,213,143,71,13,47,1409,724,49,28,114,728,31928,7555,1636,281,485,49,27,103,76
3,3,0,16,0,3,4,15,146,14,5,24,4,15,2,7,0,0,10,173,4,67,197,45,700,1895,699,147,4,18,2,1229,133,1210,6,41,24,701,39,483,9,14,10,4360,375,205,915,18,5,2,19,1,14,2,106,15,3,45,27,192,66,64,135,15,40,42,32,16,142,230,60,1708,378,2384,23,11482,9588,376,43,12,3299,1721,44,23,429,10890,242,225,30,9199,885,7555,39343,853,1709,473,69,17,74,40
0,0,0,0,0,0,0,0,4,0,0,2,0,0,0,1,0,0,1,6,0,0,2,1,8,52,25,17,0,0,0,44,3,158,1,2,5,8,4,74,0,0,1,152,6,20,75,1,0,0,16,13,8,5,4,2,5,37,22,44,62,117,208,20,24,23,29,17,21,65,112,10165,15,72,42,112,194,15903,938,15,625,490,71,25,55,9241,4,16,39,104,20,1636,853,26503,10040,12,8,227,58,44
0,0,0,0,0,0,0,2,22,2,0,3,0,4,1,1,1,0,3,28,2,8,23,9,59,247,70,24,0,6,0,162,16,225,4,4,5,84,5,63,1,0,2,577,32,26,144,2,0,0,6,6,25,5,7,7,6,110,76,122,127,138,419,36,46,94,77,63,105,153,174,10920,39,338,107,328,642,740,82,72,9492,8786,87,85,395,5030,33,31,149,528,60,281,1709,10040,24947,26,17,21,104,126
60,78,179,237,67,488,339,1,6,23,2,0,1,78,11,71,0,0,0,4,4,46,0,3,4,20,9,8,17,53,18,8,1,18,205,37,36,5,172,24,26,7,25,26,3,1,3,296,45,2,243,232,163,161,5467,651,0,1,1,13,199,9,5,1,251,146,580,3,47,20,13,126,170,404,11,36,563,112,135,22,39,42,189,69,12,50,949,4531,31,10,8377,485,473,12,26,12216,958,37,156,12
8,7,36,14,5,46,22,0,4,4,0,2,0,5,0,4,0,0,1,2,1,5,2,1,11,3,3,0,0,4,1,4,0,1,16,7,1,4,19,0,1,0,4,9,4,0,3,11,2,1,9122,971,1413,710,6449,447,0,2,5,3,94,3,4,6,14473,706,369,1,25,59,7,113,7,70,7,57,60,28,12392,27,28,193,899,117,110,15,44,351,103,39,350,49,69,8,17,958,41125,174,141,40
1,4,16,9,2,8,8,0,2,3,1,1,0,6,1,18,1,1,5,1,4,6,0,4,0,2,0,0,0,5,8,1,0,0,14,23,2,1,27,0,5,0,11,3,2,0,0,4,1,1,376,701,264,278,171,251,2,0,2,5,22254,12,3,2,416,140,259,1,60,19,38,3945,4,8,49,7,1,398,19086,30,9,59,17715,86,15,30,54,197,113,8,76,27,17,227,21,37,174,47931,7641,70
3,5,87,11,3,12,28,5,17,24,3,3,2,12,4,54,3,1,35,22,20,29,4,12,16,9,3,0,9,19,17,4,7,3,51,91,7,2,99,0,14,5,44,15,11,2,1,11,8,2,667,2983,1948,843,456,1713,1,7,21,31,30371,137,115,32,1914,3269,1237,38,276,87,1258,1856,24,91,749,124,54,200,973,197,130,641,17821,541,233,139,216,801,2664,68,278,103,74,58,104,156,141,7641,49431,12015
1,0,3,3,0,3,6,2,5,7,3,7,1,4,1,17,0,0,5,17,7,5,2,3,22,6,2,1,2,9,7,3,2,1,20,37,6,5,18,0,4,5,15,9,7,0,6,1,2,0,13,66,117,17,17,54,0,3,7,18,3693,71,96,65,407,3575,198,43,72,64,5530,232,10,73,2061,76,31,148,307,57,105,735,1711,554,185,121,92,164,10908,32,64,76,40,44,126,12,40,70,12015,16603
