11246,3737,8335,1554,13199,4194,382,4,3,23,1,0,1,9606,2240,154,1,0,1,10,4,317,1,0,2,0,5,21,359,823,6,5,1,6,12,5,8,4,12,8,332,68,59,10,4,11,8,71,1664,14,4,1,1,55,10,26,0,0,0,0,0,0,0,0,3,3,13,0,1,1,0,1,1,2,0,0,0,0,0,2,0,0,1,0,0,0,2,18,0,1,1,1,0,0,0,79,1,0,1,1
3737,10648,5270,8886,256,1083,797,6,1,75,2,0,1,3637,5686,100,0,0,1,8,0,710,1,1,1,2,1,10,86,488,6,8,3,8,26,4,9,3,20,1,482,262,70,7,7,5,9,147,77,29,10,22,19,65,59,103,0,0,0,0,1,0,0,1,19,1,22,1,3,1,0,3,1,2,0,0,0,0,1,4,0,0,2,0,0,1,5,45,0,2,11,0,1,0,1,377,3,1,5,0
8335,5270,24688,13246,8081,6002,6311,1,1,48,4,2,3,1871,291,45,1,0,0,6,9,923,3,2,0,2,5,46,262,1273,6,10,5,16,23,2,8,4,29,13,886,211,60,14,2,22,21,111,303,19,16,96,22,1185,65,157,1,0,0,0,1,0,0,0,21,6,14,0,0,2,0,3,4,0,0,0,0,0,1,2,0,1,2,0,1,0,2,27,0,0,6,0,2,0,0,306,4,1,10,0
1554,8886,13246,32909,1067,7678,17335,28,10,398,29,1,4,4354,10502,6621,3,0,31,120,11,920,12,17,54,39,22,23,120,663,115,45,3,14,215,133,126,72,163,2,708,526,858,80,38,18,21,945,258,75,34,75,84,725,196,432,2,0,1,4,18,1,0,5,92,30,107,1,9,8,1,10,10,3,0,0,3,0,4,12,1,8,15,5,0,2,28,230,0,7,49,1,7,0,0,1172,11,2,49,4
13199,256,8081,1067,20534,22922,348,4,3,33,0,2,1,5223,1612,250,0,0,1,14,1,80,2,4,8,5,4,13,150,246,14,8,3,2,41,12,12,7,30,1,109,42,68,10,8,4,5,887,4273,31,1,1,3,26,15,27,1,0,0,1,1,0,0,2,7,0,10,0,1,3,0,2,0,0,0,1,1,0,1,1,0,1,2,0,0,0,2,21,0,3,5,0,2,0,0,62,0,0,4,0
4194,1083,6002,7678,22922,28147,18792,0,5,38,2,2,3,1943,2721,275,0,0,4,7,2,145,3,40,3,1,27,12,92,359,13,12,1,8,258,19,40,11,384,8,197,59,53,7,6,8,8,7419,2253,13,8,36,29,409,392,187,0,0,1,0,4,0,0,1,34,5,28,0,4,1,0,5,8,4,0,2,1,0,0,1,0,0,4,1,0,0,17,68,0,2,15,2,4,0,0,717,5,0,14,0
382,797,6311,17335,348,18792,16309,4,15,142,24,6,1,871,1088,3323,4,1,26,63,20,199,6,99,62,17,29,5,41,237,34,16,6,5,4139,298,393,36,585,0,101,89,106,66,4,4,10,4164,203,9,34,67,82,325,191,410,3,1,2,5,21,2,0,1,109,31,170,0,14,3,1,11,14,1,3,1,3,0,5,25,0,4,10,5,0,1,49,293,1,3,53,1,2,0,1,954,17,7,44,5
4,6,1,28,4,0,4,25030,3751,59,1052,666,5840,290,265,414,2530,3525,959,4889,338,2253,276,115,48,17,76,23,9,102,1172,88,401,9,8,33,1353,59,14,8,22,51,1096,58,385,108,147,5,5,54,0,0,0,0,0,3,260,290,113,666,44,80,21,160,1,1,8,94,46,424,94,19,49,192,4,1,13,2,0,27,5,26,0,2,5,0,227,9,2,8,4,2,16,0,3,0,0,1,4,6
3,1,1,10,3,5,15,3751,30969,40,417,501,1700,21,26,453,505,60,5125,3274,152,908,180,9029,5086,10,3129,19,0,12,50,59,292,8,87,583,13790,17,330,65,7,13,69,508,82,75,114,84,0,11,1,0,2,0,3,3,381,750,270,1816,73,180,86,199,1,1,19,228,78,681,147,60,122,412,4,7,30,2,0,42,6,45,1,2,14,1,603,9,4,14,1,0,21,0,1,1,0,0,11,17
23,75,48,398,33,38,142,59,40,34335,2747,1527,122,242,745,1356,141,14,167,102,2556,2699,383,139,30,35,36,72,51,338,1020,759,455,48,354,512,727,31,278,8,7063,10671,3113,101,42,433,1203,29,11,5631,0,0,1,0,0,6,1,4,13,12,17,9,0,1,2,5,49,14,60,14,12,3,17,5,3,5,4,0,3,101,5,5,3,6,0,0,133,69,3,9,19,3,7,0,3,6,0,0,18,8
1,2,4,29,0,2,24,1052,417,2747,4091,10381,558,37,56,707,389,35,351,356,1996,5918,1842,90,48,15,39,109,19,37,398,182,371,36,102,262,233,35,95,16,37,75,708,124,23,803,918,9,1,69,0,0,0,0,0,2,5,5,11,25,8,7,1,3,1,2,13,13,19,10,10,6,5,4,1,2,3,0,0,19,8,8,1,5,1,0,33,14,1,10,5,3,5,0,1,0,0,0,4,4
0,0,2,1,2,2,6,666,501,1527,10381,25330,6192,34,12,51,4480,117,261,643,5910,4616,4159,142,300,19,176,109,13,111,176,250,6082,32,5,52,292,65,31,11,25,155,230,242,43,625,3658,1,0,145,0,0,0,0,0,0,21,16,24,63,14,11,10,16,1,1,5,34,33,85,27,9,15,43,0,7,17,1,0,12,5,36,0,1,13,1,75,4,0,16,3,3,23,0,0,1,0,0,4,3
1,1,3,4,1,3,1,5840,1700,122,558,6192,25257,293,107,138,4979,1160,126,1843,572,999,374,35,275,14,260,5,13,335,727,152,8013,5,6,17,1122,22,17,2,37,164,816,71,808,58,643,2,3,339,0,0,3,0,0,3,390,227,43,579,5,88,27,274,3,3,13,41,23,754,23,38,37,369,1,1,50,1,0,19,0,78,0,1,13,2,109,2,0,12,1,3,14,0,0,0,0,0,4,3
9606,3637,1871,4354,5223,1943,871,290,21,242,37,34,293,63090,20380,1119,71,82,43,348,252,444,46,13,32,220,88,83,2853,27361,224,1228,310,105,233,73,222,271,246,15,1118,784,5091,136,1313,47,219,466,16410,2840,13,8,24,34,30,101,4,1,1,5,16,4,2,7,45,20,94,4,18,18,2,24,2,12,2,4,11,0,3,38,4,20,13,6,5,1,39,144,3,13,56,0,15,0,1,123,3,0,33,7
2240,5686,291,10502,1612,2721,1088,265,26,745,56,12,107,20380,26146,1899,23,68,77,356,71,1063,19,10,49,79,51,41,299,2071,374,238,60,27,105,89,139,144,141,13,1117,1475,10422,103,348,20,60,275,624,7204,7,11,22,12,27,81,7,1,4,6,8,6,1,6,53,10,57,1,17,25,2,9,2,17,0,4,3,0,0,34,1,8,2,4,3,0,24,66,1,7,21,1,13,0,0,171,1,2,17,3
154,100,45,6621,250,275,3323,414,453,1356,707,51,138,1119,1899,29062,225,280,3903,1701,494,562,32,254,285,58,132,16,66,554,13585,114,89,21,1946,5318,1439,161,1456,8,309,330,7962,341,69,17,53,1700,138,150,20,14,78,20,48,248,20,14,28,21,91,23,4,20,137,101,474,27,183,67,27,45,41,36,14,5,14,1,6,398,3,12,46,76,2,0,311,641,34,14,217,0,3,0,1,182,10,10,163,52
1,0,1,3,0,0,4,2530,505,141,389,4480,4979,71,23,225,9208,2182,510,108,4451,594,393,161,24,8,23,13,3,96,1288,198,713,6,13,119,562,22,37,4,11,56,548,38,49,58,705,2,0,128,0,0,0,0,0,1,3,34,57,138,37,12,15,3,1,1,9,63,59,15,45,5,32,2,2,2,3,1,0,43,4,4,0,2,3,0,133,8,1,2,0,0,2,0,1,1,0,0,8,7
0,0,0,0,0,0,1,3525,60,14,35,117,1160,82,68,280,2182,2409,691,136,145,65,17,34,5,1,7,3,2,37,1643,43,171,2,4,6,120,2,9,1,5,15,606,6,167,5,54,3,0,47,0,0,0,0,0,0,2,8,19,36,12,7,4,0,1,0,2,15,18,2,21,2,15,2,6,0,0,0,0,10,2,2,1,0,1,0,39,6,0,0,0,0,1,0,0,0,0,0,4,3
1,1,0,31,1,4,26,959,5125,167,351,261,126,43,77,3903,510,691,9719,1891,485,624,56,1179,630,5,128,8,2,24,952,32,47,5,23,2541,2109,46,226,8,18,26,352,337,22,22,23,6,2,19,0,0,0,0,0,2,8,32,119,122,99,32,26,8,6,7,42,127,198,29,145,18,89,12,18,2,6,1,0,202,2,13,4,11,4,0,278,54,18,9,18,0,6,0,2,3,0,0,38,21
10,8,6,120,14,7,63,4889,3274,102,356,643,1843,348,356,1701,108,136,1891,25838,95,1733,791,284,2949,170,1679,40,12,141,1058,618,2211,35,95,589,698,2673,75,10,28,53,1158,607,5939,195,631,19,7,66,0,2,11,1,0,11,1032,283,24,728,37,144,93,761,25,24,55,51,50,2185,21,157,81,1397,2,7,163,0,0,72,16,469,3,9,133,2,100,40,6,72,6,1,175,1,6,3,1,2,10,3
4,0,9,11,1,2,20,338,152,2556,1996,5910,572,252,71,494,4451,145,485,95,10463,994,568,306,52,41,57,24,21,533,1462,860,658,50,75,414,1198,50,193,7,165,859,7265,96,91,169,1098,4,1,3615,0,0,0,0,0,3,3,5,52,57,57,14,6,4,2,3,37,67,172,21,49,14,51,8,7,1,4,0,2,158,5,13,2,11,2,1,301,42,5,14,22,0,6,1,0,0,0,1,13,23
317,710,923,920,80,145,199,2253,908,2699,5918,4616,999,444,1063,562,594,65,624,1733,994,25971,4995,48,576,420,833,2231,2177,869,268,811,498,477,123,144,230,558,119,293,25826,2975,1147,2365,251,5624,2016,54,14,646,1,0,2,15,3,9,26,20,5,50,8,20,15,29,11,9,16,11,14,83,4,66,12,70,3,70,69,3,0,34,51,147,1,7,47,21,28,27,3,141,18,21,118,1,14,12,2,1,10,7
1,1,3,12,2,3,6,276,180,383,1842,4159,374,46,19,32,393,17,56,791,568,4995,7864,33,410,402,1322,286,75,99,54,792,1402,129,14,23,46,954,11,67,58,101,110,2779,260,4786,5274,2,0,47,0,0,0,0,0,1,10,2,3,15,2,5,13,25,3,3,2,6,5,44,3,91,6,68,0,104,88,1,0,0,72,230,0,0,61,18,9,0,1,284,1,16,187,0,23,0,0,0,1,0
0,1,2,17,4,40,99,115,9029,139,90,142,35,13,10,254,161,34,1179,284,306,48,33,6248,2282,15,1201,16,1,24,95,55,14,12,819,4904,4404,26,7516,65,25,43,113,664,3,11,38,337,32,37,1,0,2,1,7,3,7,17,43,57,34,15,3,6,0,3,27,42,69,22,36,9,23,12,5,4,6,1,0,56,8,11,0,2,2,0,135,28,6,12,6,1,4,1,2,9,0,0,9,10
2,1,0,54,8,3,62,48,5086,30,48,300,275,32,49,285,24,5,630,2949,52,576,410,2282,4898,22,12946,29,6,32,43,442,1281,11,195,678,1111,42,256,28,11,26,106,2101,731,97,779,54,2,27,0,0,6,0,3,3,394,82,9,274,7,66,94,300,6,7,25,23,12,1213,4,135,40,883,2,10,234,0,0,24,16,466,0,5,242,4,61,11,0,154,0,3,214,0,5,10,0,0,5,4
0,2,2,39,5,1,17,17,10,35,15,19,14,220,79,58,8,1,5,170,41,420,402,15,22,10521,1255,58,21,109,56,10452,91,3360,16,22,21,2957,31,90,25,39,167,10248,509,358,1006,11,3,34,0,0,0,0,0,3,0,1,0,8,4,8,7,2,4,1,5,3,3,3,5,227,13,21,0,361,178,4,0,2,268,231,0,0,28,53,1,3,1,514,1,50,452,1,106,1,0,0,0,0
5,1,5,22,4,27,29,76,3129,36,39,176,260,88,51,132,23,7,128,1679,57,833,1322,1201,12946,1255,20883,507,25,69,73,3124,1006,411,151,243,1421,1135,2753,3831,25,50,146,20530,2144,415,2033,633,26,35,0,2,3,3,6,2,34,8,4,43,2,18,21,29,5,2,4,2,7,106,0,133,23,158,0,128,194,23,0,8,120,273,0,0,79,34,11,5,1,388,1,76,307,1,25,17,0,0,0,1
21,10,46,23,13,12,5,23,19,72,109,109,5,83,41,16,13,3,8,40,24,2231,286,16,29,58,507,71106,1127,472,5,218,28,11066,5,7,232,35,308,29318,970,154,61,304,35,19863,3894,38,1,36,0,0,0,0,0,1,0,0,1,1,0,0,1,0,1,1,1,0,1,1,0,6,0,4,0,13,14,115,0,0,15,7,0,0,3,52,7,2,0,16,1,278,26,4,4,1,0,0,0,0
359,86,262,120,150,92,41,9,0,51,19,13,13,2853,299,66,3,2,2,12,21,2177,75,1,6,21,25,1127,63321,9197,18,113,22,141,37,11,24,15,25,119,39689,242,204,114,44,587,212,44,3700,106,0,0,2,2,2,0,1,1,0,0,2,0,0,0,1,3,8,0,3,2,0,2,3,1,0,4,3,1,0,8,5,4,2,0,0,4,1,13,1,3,1,3,5,0,0,3,0,0,3,3
823,488,1273,663,246,359,237,102,12,338,37,111,335,27361,2071,554,96,37,24,141,533,869,99,24,32,109,69,472,9197,59173,312,1878,644,132,263,106,394,141,321,86,12835,7639,4660,190,1003,243,817,133,1942,3569,0,2,12,17,9,22,3,1,4,4,10,5,1,3,18,14,69,7,33,19,2,15,6,10,1,4,10,0,3,67,3,24,6,9,8,2,57,99,2,12,30,4,24,0,2,30,1,0,32,8
6,6,6,115,14,13,34,1172,50,1020,398,176,727,224,374,13585,1288,1643,952,1058,1462,268,54,95,43,56,73,5,18,312,22980,248,274,24,86,348,1024,195,435,5,148,184,12314,92,610,22,113,121,4,170,3,1,13,4,8,54,32,13,36,29,59,19,8,14,32,31,163,42,155,63,50,24,59,26,9,0,4,0,5,245,4,15,16,38,0,1,247,218,17,13,70,0,10,0,1,16,1,1,67,40
5,8,10,45,8,12,16,88,59,759,182,250,152,1228,238,114,198,43,32,618,860,811,792,55,442,10452,3124,218,113,1878,248,54574,4118,5350,36,51,82,2628,63,449,312,1010,771,10314,3867,1107,22901,13,11,790,0,0,0,2,0,3,10,6,2,7,11,10,27,15,7,4,7,6,11,65,7,283,18,95,0,636,312,24,0,12,604,396,0,2,129,126,12,7,4,689,2,148,809,4,163,2,0,0,2,3
1,3,5,3,3,1,6,401,292,455,371,6082,8013,310,60,89,713,171,47,2211,658,498,1402,14,1281,91,1006,28,22,644,274,4118,11599,24,5,22,126,286,23,11,125,514,504,512,4190,96,7655,1,3,588,0,1,3,0,0,3,306,47,4,72,7,47,39,247,9,14,22,8,13,991,7,70,18,559,0,7,108,0,0,26,7,314,0,5,103,1,21,15,1,64,0,1,97,1,1,0,0,0,1,1
6,8,16,14,2,8,5,9,8,48,36,32,5,105,27,21,6,2,5,35,50,477,129,12,11,3360,411,11066,141,132,24,5350,24,29757,10,3,42,291,60,14284,140,72,78,3868,96,2461,9252,12,0,17,0,0,0,0,0,1,1,0,0,1,3,2,2,0,0,0,1,1,0,1,0,64,4,7,0,175,67,125,0,0,222,16,1,0,2,636,1,0,0,35,1,1458,385,27,47,1,0,0,1,1
12,26,23,215,41,258,4139,8,87,354,102,5,6,233,105,1946,13,4,23,95,75,123,14,819,195,16,151,5,37,263,86,36,5,10,7266,3736,2439,23,9009,15,107,95,384,160,12,7,21,4682,126,58,12,11,50,13,36,190,0,1,16,9,42,20,0,1,120,76,341,8,78,7,2,31,13,4,2,3,5,1,8,187,1,3,42,46,0,0,197,488,8,5,145,0,3,0,1,200,2,9,147,21
5,4,2,133,12,19,298,33,583,512,262,52,17,73,89,5318,119,6,2541,589,414,144,23,4904,678,22,243,7,11,106,348,51,22,3,3736,12488,3387,56,5199,12,59,97,497,491,13,5,34,91,10,64,2,2,2,2,4,16,1,9,43,34,78,20,4,4,14,21,203,48,280,47,41,12,67,15,16,3,5,2,1,419,2,16,16,40,2,0,425,292,27,7,76,1,9,0,1,8,4,3,85,59
8,9,8,126,12,40,393,1353,13790,727,233,292,1122,222,139,1439,562,120,2109,698,1198,230,46,4404,1111,21,1421,232,24,394,1024,82,126,42,2439,3387,3425,16,8505,438,183,310,1364,334,28,25,96,315,15,296,0,2,1,4,8,11,55,57,19,227,18,22,14,40,6,12,44,18,44,111,19,13,44,154,1,4,14,10,1,52,5,9,1,7,5,3,250,78,10,7,26,16,13,0,1,11,1,2,26,7
4,3,4,72,7,11,36,59,17,31,35,65,22,271,144,161,22,2,46,2673,50,558,954,26,42,2957,1135,35,15,141,195,2628,286,291,23,56,16,9929,21,19,25,39,436,4914,1542,173,1195,3,6,37,1,0,3,1,0,0,2,1,2,7,2,8,26,17,10,7,4,4,2,54,1,135,10,89,0,84,188,6,0,4,59,334,0,1,120,3,3,5,0,385,5,4,291,1,25,1,0,0,2,1
12,20,29,163,30,384,585,14,330,278,95,31,17,246,141,1456,37,9,226,75,193,119,11,7516,256,31,2753,308,25,321,435,63,23,60,9009,5199,8505,21,29282,802,99,143,989,428,12,25,39,5976,72,117,3,6,16,3,14,62,2,7,19,18,51,19,1,2,37,33,214,19,138,18,17,24,34,6,2,3,4,9,5,219,4,7,17,37,1,1,281,284,14,5,91,30,3,0,0,27,0,4,82,17
8,1,13,2,1,8,0,8,65,8,16,11,2,15,13,8,4,1,8,10,7,293,67,65,28,90,3831,29318,119,86,5,449,11,14284,15,12,438,19,802,32858,142,26,18,9944,8,2228,1828,112,4,9,0,0,0,1,0,0,0,0,1,1,0,0,0,1,0,1,1,0,1,1,0,80,2,16,0,76,104,844,0,0,111,14,0,0,2,642,12,1,0,30,8,3751,337,81,28,2,0,0,2,1
332,482,886,708,109,197,101,22,7,7063,37,25,37,1118,1117,309,11,5,18,28,165,25826,58,25,11,25,25,970,39689,12835,148,312,125,140,107,59,183,25,99,142,50992,10812,1208,108,83,301,337,29,47,1154,0,0,2,9,0,6,0,1,2,3,12,2,0,1,4,3,18,0,11,6,4,3,3,2,0,1,1,0,0,31,1,3,1,6,0,1,38,35,1,4,12,3,0,0,1,9,0,0,9,3
68,262,211,526,42,59,89,51,13,10671,75,155,164,784,1475,330,56,15,26,53,859,2975,101,43,26,39,50,154,242,7639,184,1010,514,72,95,97,310,39,143,26,10812,29670,2646,112,187,182,769,23,20,11852,0,0,1,3,0,6,1,1,4,2,5,2,0,0,3,1,13,6,30,7,4,3,10,4,0,4,4,1,0,36,1,9,1,8,0,3,37,40,2,6,7,3,4,0,2,2,0,0,10,9
59,70,60,858,68,53,106,1096,69,3113,708,230,816,5091,10422,7962,548,606,352,1158,7265,1147,110,113,106,167,146,61,204,4660,12314,771,504,78,384,497,1364,436,989,18,1208,2646,42109,204,1141,54,296,261,56,10643,10,12,27,9,12,91,29,12,19,28,48,22,4,18,67,71,266,14,152,82,11,50,41,37,4,10,20,4,10,344,6,32,19,48,3,0,270,436,22,28,142,4,20,0,2,42,4,5,121,33
10,7,14,80,10,7,66,58,508,101,124,242,71,136,103,341,38,6,337,607,96,2365,2779,664,2101,10248,20530,304,114,190,92,10314,512,3868,160,491,334,4914,428,9944,108,112,204,45179,627,1710,5025,131,6,46,0,0,2,0,2,3,28,9,2,25,17,29,51,42,8,7,15,13,17,110,14,489,28,242,3,853,529,52,0,19,739,800,2,0,300,325,11,12,4,1191,5,537,1377,8,203,13,2,0,5,5
4,7,2,38,8,6,4,385,82,42,23,43,808,1313,348,69,49,167,22,5939,91,251,260,3,731,509,2144,35,44,1003,610,3867,4190,96,12,13,28,1542,12,8,83,187,1141,627,8720,57,654,3,8,440,0,0,0,0,0,3,70,7,6,17,6,25,87,68,3,7,12,10,10,557,6,172,18,473,1,14,254,4,0,13,16,551,0,3,484,3,6,8,2,331,1,1,415,0,7,1,0,0,4,0
11,5,22,18,4,8,4,108,75,433,803,625,58,47,20,17,58,5,22,195,169,5624,4786,11,97,358,415,19863,587,243,22,1107,96,2461,7,5,25,173,25,2228,301,182,54,1710,57,14099,10232,8,0,42,0,0,0,0,0,0,2,0,2,4,1,2,1,1,0,0,1,1,1,9,0,29,2,8,0,105,27,22,0,2,106,39,0,0,10,121,10,2,0,49,0,194,134,3,15,0,0,0,0,0
8,9,21,21,5,8,10,147,114,1203,918,3658,643,219,60,53,705,54,23,631,1098,2016,5274,38,779,1006,2033,3894,212,817,113,22901,7655,9252,21,34,96,1195,39,1828,337,769,296,5025,654,10232,36227,7,4,372,0,0,0,1,0,0,7,4,6,13,6,13,18,15,4,0,7,5,12,85,7,176,13,97,1,385,176,53,0,5,412,280,0,2,84,419,19,5,1,380,3,617,578,5,74,2,0,0,0,2
71,147,111,945,887,7419,4164,5,84,29,9,1,2,466,275,1700,2,3,6,19,4,54,2,337,54,11,633,38,44,133,121,13,1,12,4682,91,315,3,5976,112,29,23,261,131,3,8,7,9393,1328,17,18,35,40,77,192,198,0,0,2,1,8,0,0,0,52,12,81,2,7,1,0,5,5,1,0,2,1,0,4,15,0,2,1,3,0,0,26,170,0,3,53,4,3,0,0,657,4,2,21,0
1664,77,303,258,4273,2253,203,5,0,11,1,0,3,16410,624,138,0,0,2,7,1,14,0,32,2,3,26,1,3700,1942,4,11,3,0,126,10,15,6,72,4,47,20,56,6,8,0,4,1328,18778,21,0,2,0,3,12,5,0,0,0,0,2,0,0,0,4,0,2,0,0,0,0,0,2,1,0,0,1,0,0,3,1,0,1,0,0,0,1,4,0,0,0,0,1,0,0,24,1,0,0,0
14,29,19,75,31,13,9,54,11,5631,69,145,339,2840,7204,150,128,47,19,66,3615,646,47,37,27,34,35,36,106,3569,170,790,588,17,58,64,296,37,117,9,1154,11852,10643,46,440,42,372,17,21,20156,0,0,1,3,0,5,2,3,2,3,3,2,2,1,3,3,13,2,19,15,1,3,10,5,0,1,1,1,1,46,3,10,1,4,1,0,27,38,1,6,8,0,7,0,0,0,1,1,6,2
4,10,16,34,1,8,34,0,1,0,0,0,0,13,7,20,0,0,0,0,0,1,0,1,0,0,0,0,0,0,3,0,0,0,12,2,0,1,3,0,0,0,10,0,0,0,0,18,0,0,42867,8324,3090,14417,10234,1252,1,2,0,0,256,5,0,2,17791,55,48,2,5,32,0,652,5,1,0,5,7,0,773,11,4,5,221,2,4,0,34,108,2,34,26,0,6,0,0,210,5685,354,951,7
1,22,96,75,1,36,67,0,0,0,0,0,0,8,11,14,0,0,0,2,0,0,0,0,0,0,2,0,0,2,1,0,1,0,11,2,2,0,6,0,0,0,12,0,0,0,0,35,2,0,8324,84441,13969,22440,2408,4315,1,2,0,2,1573,0,0,1,8928,145,57,0,1,15,2,966,0,0,0,10,0,0,394,6,8,4,433,2,2,0,21,234,1,31,10,0,2,0,0,534,548,232,5453,20
1,19,22,84,3,29,82,0,2,1,0,0,3,24,22,78,0,0,0,11,0,2,0,2,6,0,3,0,2,12,13,0,3,0,50,2,1,3,16,0,2,1,27,2,0,0,0,40,0,1,3090,13969,50573,659,2800,14613,76,40,4,9,1669,59,1,7,22143,3179,2247,60,20,351,0,339,6,9,0,49,23,3,509,178,39,90,620,76,59,0,123,343,3,327,51,0,16,1,0,325,1036,216,1735,52
55,65,1185,725,26,409,325,0,0,0,0,0,0,34,12,20,0,0,0,1,0,15,0,1,0,0,3,0,2,17,4,2,0,0,13,2,4,1,3,1,9,3,9,0,0,0,1,77,3,3,14417,22440,659,38092,16221,21645,1,2,0,0,517,6,1,0,841,37,31,0,2,14,0,581,3,0,0,3,0,3,210,2,5,0,237,3,3,1,41,288,2,16,37,0,4,0,0,521,231,120,1488,14
10,59,65,196,15,392,191,0,3,0,0,0,0,30,27,48,0,0,0,0,0,3,0,7,3,0,6,0,2,9,8,0,0,0,36,4,8,0,14,0,0,0,12,2,0,0,0,192,12,0,10234,2408,2800,16221,20768,9673,1,0,0,0,197,3,0,0,2751,164,40,0,1,5,1,466,9,5,0,3,7,1,247,2,1,2,322,3,1,1,116,1141,0,10,303,1,6,0,2,4142,2989,151,518,6
26,103,157,432,27,187,410,3,3,6,2,0,3,101,81,248,1,0,2,11,3,9,1,3,3,3,2,1,0,22,54,3,3,1,190,16,11,0,62,0,6,6,91,3,3,0,0,198,5,5,1252,4315,14613,21645,9673,44518,10,9,14,23,1344,76,1,5,1814,93,2298,13,136,187,10,233,45,28,1,23,23,2,106,77,15,33,93,28,16,0,390,5249,15,179,269,0,26,2,1,1556,247,71,740,34
0,0,1,2,1,0,3,260,381,1,5,21,390,4,7,20,3,2,8,1032,3,26,10,7,394,0,34,0,1,3,32,10,306,1,0,1,55,2,2,0,0,1,29,28,70,2,7,0,0,2,1,1,76,1,1,10,5229,5125,323,326,18,200,38,4769,121,198,137,1370,57,1285,3,96,20,185,0,37,447,1,2,357,31,2527,3,59,540,4,62,2,4,132,1,3,15,0,3,0,2,0,9,4
0,0,0,0,0,0,1,290,750,4,5,16,227,1,1,14,34,8,32,283,5,20,2,17,82,1,8,0,1,1,13,6,47,0,1,9,57,1,7,0,1,1,12,9,7,0,4,0,0,3,2,2,40,2,0,9,5125,16821,6601,2841,53,1303,86,1179,50,31,322,5655,380,3489,52,323,43,111,3,5,48,18,3,867,26,50,2,33,69,8,719,34,3,45,6,2,20,9,6,0,4,1,16,2
0,0,0,1,0,1,2,113,270,13,11,24,43,1,4,28,57,19,119,24,52,5,3,43,9,0,4,1,0,4,36,2,4,0,16,43,19,2,19,1,2,4,19,2,6,2,6,2,0,2,0,0,4,0,0,14,323,6601,5147,3706,211,2312,128,130,4,5,400,2788,1763,552,154,501,70,34,7,14,22,14,1,2027,13,34,4,7,49,6,1011,33,8,34,24,1,9,7,9,1,1,0,25,18
0,0,0,4,1,0,5,666,1816,12,25,63,579,5,6,21,138,36,122,728,57,50,15,57,274,8,43,1,0,4,29,7,72,1,9,34,227,7,18,1,3,2,28,25,17,4,13,1,0,3,0,2,9,0,0,23,326,2841,3706,24339,152,2189,333,510,6,5,214,784,6138,4794,368,693,12879,8077,18,42,694,26,3,108,62,122,6,6,8,20,6672,191,11,136,67,4,291,8,25,22,0,0,18,24
0,1,1,18,1,4,21,44,73,17,8,14,5,16,8,91,37,12,99,37,57,8,2,34,7,4,2,0,2,10,59,11,7,3,42,78,18,2,51,0,12,5,48,17,6,1,6,8,2,3,256,1573,1669,517,197,1344,18,53,211,152,33278,3816,1818,288,2156,1260,2882,229,1086,127,5525,2012,289,45,253,126,78,371,49,1134,364,363,37,373,15,85,818,1212,571,89,279,19,111,216,181,88,118,20762,42927,5302
0,0,0,1,0,0,2,80,180,9,7,11,88,4,6,23,12,7,32,144,14,20,5,15,66,8,18,0,0,5,19,10,47,2,20,20,22,8,19,0,2,2,22,29,25,2,13,0,0,2,5,0,59,6,3,76,200,1303,2312,2189,3816,9440,12506,2011,46,67,710,1618,1407,589,6065,7813,180,503,216,81,317,128,5,816,216,2062,8,90,24,54,558,402,129,136,69,18,212,78,234,15,11,3,69,208
0,0,0,0,0,0,0,21,86,0,1,10,27,2,1,4,15,4,26,93,6,15,13,3,94,7,21,1,0,1,8,27,39,2,0,4,14,26,1,0,0,0,4,51,87,1,18,0,0,2,0,0,1,1,0,1,38,86,128,333,1818,12506,21005,15283,6,57,17,5433,70,382,5464,6032,101,688,227,48,517,67,0,721,170,11523,4,0,35,20,281,27,90,158,10,3,332,46,429,0,3,209,32,131
0,1,0,5,2,1,1,160,199,1,3,16,274,7,6,20,3,0,8,761,4,29,25,6,300,2,29,0,0,3,14,15,247,0,1,4,40,17,2,1,1,0,18,42,68,1,15,0,0,1,2,1,7,0,0,5,4769,1179,130,510,288,2011,15283,17960,20,179,45,19195,45,993,983,1194,45,567,85,39,683,14,2,816,224,8311,6,27,88,8,78,13,71,110,3,2,138,17,99,0,1,0,29,97
3,19,21,92,7,34,109,1,1,2,1,1,3,45,53,137,1,1,6,25,2,11,3,0,6,4,5,1,1,18,32,7,9,0,120,14,6,10,37,0,4,3,67,8,3,0,4,52,4,3,17791,8928,22143,841,2751,1814,121,50,4,6,2156,46,6,20,65719,14689,2739,91,33,326,7,1035,6,9,12,481,43,53,4941,225,482,575,23654,203,221,22,327,316,53,1050,162,2,66,10,16,165,15400,1234,6290,197
3,1,6,30,0,5,31,1,1,5,2,1,3,20,10,101,1,0,7,24,3,9,3,3,7,1,2,1,3,14,31,4,14,0,76,21,12,7,33,1,3,1,71,7,7,0,0,12,0,3,55,145,3179,37,164,93,198,31,5,5,1260,67,57,179,14689,46719,3855,485,32,150,90,250,11,10,79,298,55,213,389,2900,684,1578,9021,4563,166,41,377,209,6358,463,142,4,36,52,77,46,307,127,5682,7802
13,22,14,107,10,28,170,8,19,49,13,5,13,94,57,474,9,2,42,55,37,16,2,27,25,5,4,1,8,69,163,7,22,1,341,203,44,4,214,1,18,13,266,15,12,1,7,81,2,13,48,57,2247,31,40,2298,137,322,400,214,2882,710,17,45,2739,3855,24870,500,1813,1060,110,349,71,116,28,95,115,17,61,14896,96,303,162,4122,140,4,1025,5653,143,618,397,0,92,1,6,137,61,33,1161,321
0,1,0,1,0,0,0,94,228,14,13,34,41,4,1,27,63,15,127,51,67,11,6,42,23,3,2,0,0,7,42,6,8,1,8,48,18,4,19,0,0,6,14,13,10,1,5,2,0,2,2,0,60,0,0,13,1370,5655,2788,784,229,1618,5433,19195,91,485,500,11766,736,99,8186,672,141,43,784,34,49,31,0,7708,244,1764,0,247,107,10,760,27,41,88,12,4,37,21,90,0,1,1,33,68
1,3,0,9,1,4,14,46,78,60,19,33,23,18,17,183,59,18,198,50,172,14,5,69,12,3,7,1,3,33,155,11,13,0,78,280,44,2,138,1,11,30,152,17,10,1,12,7,0,19,5,1,20,2,1,136,57,380,1763,6138,1086,1407,70,45,33,32,1813,736,13314,991,338,413,3724,1049,84,10,232,8,8,1178,18,80,38,46,4,2,1908,3458,118,114,322,1,210,1,12,12,9,3,356,161
1,1,2,8,3,1,3,424,681,14,10,85,754,18,25,67,15,2,29,2185,21,83,44,22,1213,3,106,1,2,19,63,65,991,1,7,47,111,54,18,1,6,7,82,110,557,9,85,1,0,15,32,15,351,14,5,187,1285,3489,552,4794,127,589,382,993,326,150,1060,99,991,13069,34,700,104,6061,5,65,2080,12,10,1320,62,5342,10,106,2596,13,394,197,12,2815,19,3,1073,8,8,5,17,3,53,22
0,0,0,1,0,0,1,94,147,12,10,27,23,2,2,27,45,21,145,21,49,4,3,36,4,5,0,0,0,2,50,7,7,0,2,41,19,1,17,0,4,4,11,14,6,0,7,0,0,1,0,2,0,0,1,10,3,52,154,368,5525,6065,5464,983,7,90,110,8186,338,34,14993,1348,433,30,5097,115,59,270,2,4478,300,413,6,5,1,46,1552,189,802,31,45,11,70,137,179,2,1,0,165,2164
1,3,3,10,2,5,11,19,60,3,6,9,38,24,9,45,5,2,18,157,14,66,91,9,135,227,133,6,2,15,24,283,70,64,31,12,13,135,24,80,3,3,50,489,172,29,176,5,0,3,652,966,339,581,466,233,96,323,501,693,2012,7813,6032,1194,1035,250,349,672,413,700,1348,42846,172,1153,157,1842,2451,4571,2207,621,5140,15703,525,107,133,5100,233,232,148,2006,96,905,3251,11959,18698,36,413,3765,4986,435
1,1,4,10,0,8,14,49,122,17,5,15,37,2,2,41,32,15,89,81,51,12,6,23,40,13,23,0,3,6,59,18,18,4,13,67,44,10,34,2,3,10,41,28,18,2,13,5,2,10,5,0,6,3,9,45,20,43,70,12879,289,180,101,45,6,11,71,141,3724,104,433,172,8734,3294,76,135,1162,26,1,184,75,134,7,14,3,69,10572,1333,69,289,2585,211,848,6,26,163,14,3,180,106
2,2,0,3,0,4,1,192,412,5,4,43,369,12,17,36,2,2,12,1397,8,70,68,12,883,21,158,4,1,10,26,95,559,7,4,15,154,89,6,16,2,4,37,242,473,8,97,1,1,5,1,0,9,0,5,28,185,111,34,8077,45,503,688,567,9,10,116,43,1049,6061,30,1153,3294,18175,3,169,14044,246,0,50,113,1292,5,4,106,133,1515,163,7,376,352,1105,3260,16,43,103,3,0,12,10
0,0,0,0,0,0,3,4,4,3,1,0,1,2,0,14,2,6,18,2,7,3,0,5,2,0,0,0,0,1,9,0,0,0,2,16,1,0,2,0,0,0,4,3,1,0,1,0,0,0,0,0,0,0,0,1,0,3,7,18,253,216,227,85,12,79,28,784,84,5,5097,157,76,3,7167,15,6,45,1,5593,52,127,8,906,1,5,242,76,2919,2,33,0,6,12,30,1,1,0,80,3992
0,0,0,0,1,2,1,1,7,5,2,7,1,4,4,5,2,0,2,7,1,70,104,4,10,361,128,13,4,4,0,636,7,175,3,3,4,84,3,76,1,4,10,853,14,105,385,2,0,1,5,10,49,3,3,23,37,5,14,42,126,81,48,39,481,298,95,34,10,65,115,1842,135,169,15,14440,1471,65,14,33,11205,2156,111,11,2339,1100,55,15,47,8006,48,406,10515,41,428,14,6,4,168,201
0,0,0,3,1,1,3,13,30,4,3,17,50,11,3,14,3,0,6,163,4,69,88,6,234,178,194,14,3,10,4,312,108,67,5,5,14,188,4,104,1,4,20,529,254,27,176,1,1,1,7,0,23,0,7,23,447,48,22,694,78,317,517,683,43,55,115,49,232,2080,59,2451,1162,14044,6,1471,18249,843,1,71,1627,2593,11,8,819,361,351,64,14,2556,249,7459,17714,39,591,75,3,1,27,31
0,0,0,0,0,0,0,2,2,0,0,1,1,0,0,1,1,0,1,0,0,3,1,1,0,4,23,115,1,0,0,24,0,125,1,2,10,6,9,844,0,1,4,52,4,22,53,0,0,1,0,0,3,3,1,2,1,18,14,26,371,128,67,14,53,213,17,31,8,12,270,4571,26,246,45,65,843,43014,256,45,338,36,35,3,2,7745,258,6,89,38,103,17406,394,21416,577,22,4,91,155,376
0,1,1,4,1,0,5,0,0,3,0,0,0,3,0,6,0,0,0,0,2,0,0,0,0,0,0,0,0,3,5,0,0,0,8,1,1,0,5,0,0,0,10,0,0,0,0,4,0,1,773,394,509,210,247,106,2,3,1,3,49,5,0,2,4941,389,61,0,8,10,2,2207,1,0,1,14,1,256,87165,26,22,12,28786,12,0,50,42,45,8,15,22,13,4,108,5,11,11750,34468,1658,22
2,4,2,12,1,1,25,27,42,101,19,12,19,38,34,398,43,10,202,72,158,34,0,56,24,2,8,0,8,67,245,12,26,0,187,419,52,4,219,0,31,36,344,19,13,2,5,15,3,46,11,6,178,2,2,77,357,867,2027,108,1134,816,721,816,225,2900,14896,7708,1178,1320,4478,621,184,50,5593,33,71,45,26,14557,239,983,82,8951,138,19,1364,566,1988,199,238,1,49,27,123,16,14,18,675,797
0,0,0,1,0,0,0,5,6,5,8,5,0,4,1,3,4,2,2,16,5,51,72,8,16,268,120,15,5,3,4,604,7,222,1,2,5,59,4,111,1,1,6,739,16,106,412,0,1,3,4,8,39,5,1,15,31,26,13,62,364,216,170,224,482,684,96,244,18,62,300,5140,75,113,52,11205,1627,338,22,239,45898,6375,170,29,1083,10007,30,14,179,2758,33,605,1566,402,12184,6,19,9,304,529
0,0,1,8,1,0,4,26,45,5,8,36,78,20,8,12,4,2,13,469,13,147,230,11,466,231,273,7,4,24,15,396,314,16,3,16,9,334,7,14,3,9,32,800,551,39,280,2,0,10,5,4,90,0,2,33,2527,50,34,122,363,2062,11523,8311,575,1578,303,1764,80,5342,413,15703,134,1292,127,2156,2593,36,12,983,6375,40721,123,164,11933,60,80,51,256,6619,18,17,3126,43,8758,2,11,4,245,501
1,2,2,15,2,4,10,0,1,3,1,0,0,13,2,46,0,1,4,3,2,1,0,0,0,0,0,0,2,6,16,0,0,1,42,16,1,0,17,0,1,1,19,2,0,0,0,1,1,1,221,433,620,237,322,93,3,2,4,6,37,8,4,6,23654,9021,162,0,38,10,6,525,7,5,8,111,11,35,28786,82,170,123,50502,28,13,4,160,141,88,90,58,1,14,5,7,28,6738,9250,40234,890
0,0,0,5,0,1,5,2,2,6,5,1,1,6,4,76,2,0,11,9,11,7,0,2,5,0,0,0,0,9,38,2,5,0,46,40,7,1,37,0,6,8,48,0,3,0,2,3,0,4,2,2,76,3,3,28,59,33,7,6,373,90,0,27,203,4563,4122,247,46,106,5,107,14,4,906,11,8,3,12,8951,29,164,28,7494,33,2,212,126,739,83,74,0,3,2,4,1,1,13,270,134
0,0,1,0,0,0,0,5,14,0,1,13,13,5,3,2,3,1,4,133,2,47,61,2,242,28,79,3,0,8,0,129,103,2,0,2,5,120,1,2,0,0,3,300,484,10,84,0,0,1,4,2,59,3,1,16,540,69,49,8,15,24,35,88,221,166,140,107,4,2596,1,133,3,106,1,2339,819,2,0,138,1083,11933,13,33,5194,6,6,0,7,5411,0,2,162,0,10,0,3,0,13,17
0,1,0,2,0,0,1,0,1,0,0,1,2,1,0,0,0,0,0,2,1,21,18,0,4,53,34,52,4,2,1,126,1,636,0,0,3,3,1,642,1,3,0,325,3,121,419,0,0,0,0,0,0,1,1,0,4,8,6,20,85,54,20,8,22,41,4,10,2,13,46,5100,69,133,5,1100,361,7745,50,19,10007,60,4,2,6,36631,33,4,14,148,47,6082,1857,12885,3952,22,3,32,33,39
2,5,2,28,2,17,49,227,603,133,33,75,109,39,24,311,133,39,278,100,301,28,9,135,61,1,11,7,1,57,247,12,21,1,197,425,250,3,281,12,38,37,270,11,6,10,19,26,1,27,34,21,123,41,116,390,62,719,1011,6672,818,558,281,78,327,377,1025,760,1908,394,1552,233,10572,1515,242,55,351,258,42,1364,30,80,160,212,6,33,4206,4305,210,36,9228,661,281,16,24,530,23,33,715,428
18,45,27,230,21,68,293,9,9,69,14,4,2,144,66,641,8,6,54,40,42,27,0,28,11,3,5,2,13,99,218,7,15,0,488,292,78,5,284,1,35,40,436,12,8,2,5,170,4,38,108,234,343,288,1141,5249,2,34,33,191,1212,402,27,13,316,209,5653,27,3458,197,189,232,1333,163,76,15,64,6,45,566,14,51,141,126,0,4,4305,23104,266,136,16079,0,111,0,6,2610,179,26,827,407
0,0,0,0,0,0,1,2,4,3,1,0,0,3,1,34,1,0,18,6,5,3,1,6,0,1,1,0,1,2,17,4,1,0,8,27,10,0,14,0,1,2,22,4,2,0,1,0,0,1,2,1,3,2,0,15,4,3,8,11,571,129,90,71,53,6358,143,41,118,12,802,148,69,7,2919,47,14,89,8,1988,179,256,88,739,7,14,210,266,14472,27,87,1,14,33,64,4,1,8,892,15620
1,2,0,7,3,2,3,8,14,9,10,16,12,13,7,14,2,0,9,72,14,141,284,12,154,514,388,16,3,12,13,689,64,35,5,7,7,385,5,30,4,6,28,1191,331,49,380,3,0,6,34,31,327,16,10,179,132,45,34,136,89,136,158,110,1050,463,618,88,114,2815,31,2006,289,376,2,8006,2556,38,15,199,2758,6619,90,83,5411,148,36,136,27,14345,43,32,11005,18,511,11,21,7,96,94
1,11,6,49,5,15,53,4,1,19,5,3,1,56,21,217,0,0,18,6,22,18,1,6,0,1,1,1,1,30,70,2,0,1,145,76,26,5,91,8,12,7,142,5,1,0,3,53,0,8,26,10,51,37,303,269,1,6,24,67,279,69,10,3,162,142,397,12,322,19,45,96,2585,352,33,48,249,103,22,238,33,18,58,74,0,47,9228,16079,87,43,27290,406,289,7,6,13713,171,12,342,180
1,0,0,1,0,2,1,2,0,3,3,3,3,0,1,0,0,0,0,1,0,21,16,1,3,50,76,278,3,4,0,148,1,1458,0,1,16,4,30,3751,3,3,4,537,1,194,617,4,0,0,0,0,0,0,1,0,3,2,1,4,19,18,3,2,2,4,0,4,1,3,11,905,211,1105,0,406,7459,17406,13,1,605,17,1,0,2,6082,661,0,1,32,406,46084,9625,1273,199,87,3,8,6,14
0,1,2,7,2,4,2,16,21,7,5,23,14,15,13,3,2,1,6,175,6,118,187,4,214,452,307,26,5,24,10,809,97,385,3,9,13,291,3,337,0,4,20,1377,415,134,578,3,1,7,6,2,16,4,6,26,15,20,9,291,111,212,332,138,66,36,92,37,210,1073,70,3251,848,3260,6,10515,17714,394,4,49,1566,3126,14,3,162,1857,281,111,14,11005,289,9625,32906,96,534,83,2,0,29,44
0,0,0,0,0,0,0,0,0,0,0,0,0,0,0,0,0,0,0,1,1,1,0,1,0,1,1,4,0,0,0,4,1,27,0,0,0,1,0,81,0,0,0,8,0,3,5,0,0,0,0,0,1,0,0,2,0,9,7,8,216,78,46,17,10,52,1,21,1,8,137,11959,6,16,12,41,39,21416,108,27,402,43,5,2,0,12885,16,0,33,18,7,1273,96,24151,9445,0,1,51,41,108
0,1,0,0,0,0,1,3,1,3,1,0,0,1,0,1,1,0,2,6,0,14,23,2,5,106,25,4,0,2,1,163,1,47,1,1,1,25,0,28,1,2,2,203,7,15,74,0,0,0,0,0,0,0,2,1,3,6,9,25,181,234,429,99,16,77,6,90,12,8,179,18698,26,43,30,428,591,577,5,123,12184,8758,7,4,10,3952,24,6,64,511,6,199,534,9445,11607,3,0,0,53,146
79,377,306,1172,62,717,954,0,1,6,0,1,0,123,171,182,1,0,3,3,0,12,0,9,10,1,17,1,3,30,16,2,0,1,200,8,11,1,27,2,9,2,42,13,1,0,2,657,24,0,210,534,325,521,4142,1556,0,0,1,22,88,15,0,0,165,46,137,0,12,5,2,36,163,103,1,14,75,22,11,16,6,2,28,1,0,22,530,2610,4,11,13713,87,83,0,3,10495,768,5,61,5
1,3,4,11,0,5,17,0,0,0,0,0,0,3,1,10,0,0,0,1,0,2,0,0,0,0,0,0,0,1,1,0,0,0,2,4,1,0,0,0,0,0,4,2,0,0,0,4,1,1,5685,548,1036,231,2989,247,2,4,1,0,118,11,3,1,15400,307,61,1,9,17,1,413,14,3,1,6,3,4,11750,14,19,11,6738,1,3,3,23,179,1,21,171,3,2,1,0,768,48885,1043,998,13
0,1,1,2,0,0,7,1,0,0,0,0,0,0,2,10,0,0,0,2,1,1,0,0,0,0,0,0,0,0,1,0,0,0,9,3,2,0,4,0,0,0,5,0,0,0,0,2,0,1,354,232,216,120,151,71,0,1,0,0,20762,3,209,0,1234,127,33,1,3,3,0,3765,3,0,0,4,1,91,34468,18,9,4,9250,13,0,32,33,26,8,7,12,8,0,51,0,5,1043,41610,2416,28
1,5,10,49,4,14,44,4,11,18,4,4,4,33,17,163,8,4,38,10,13,10,1,9,5,0,0,0,3,32,67,2,1,1,147,85,26,2,82,2,9,10,121,5,4,0,0,21,0,6,951,5453,1735,1488,518,740,9,16,25,18,42927,69,32,29,6290,5682,1161,33,356,53,165,4986,180,12,80,168,27,155,1658,675,304,245,40234,270,13,33,715,827,892,96,342,6,29,41,53,61,998,2416,42762,13100
1,0,0,4,0,0,5,6,17,8,4,3,3,7,3,52,7,3,21,3,23,7,0,10,4,0,1,0,3,8,40,3,1,1,21,59,7,1,17,1,3,9,33,5,0,0,2,0,0,2,7,20,52,14,6,34,4,2,18,24,5302,208,131,97,197,7802,321,68,161,22,2164,435,106,10,3992,201,31,376,22,797,529,501,890,134,17,39,428,407,15620,94,180,14,44,108,146,5,13,28,13100,19156
