18548,8526,8462,2574,12637,6111,2113,7,5,66,1,1,10,14902,201,188,1,0,5,8,3,214,5,0,10,7,1,14,949,531,17,22,16,1,51,11,8,13,53,5,591,34,86,8,34,54,15,112,3368,25,1,0,1,4,3,9,0,0,0,0,1,0,0,0,2,0,4,0,0,1,0,0,0,0,0,0,0,0,0,0,0,0,0,0,0,0,1,5,0,1,3,0,0,0,0,5,0,0,1,0
8526,41074,8238,24354,1601,2277,1538,11,9,123,3,4,6,13248,2387,220,5,2,8,23,10,606,14,1,9,6,1,24,922,1062,27,32,30,3,38,17,8,12,52,4,1473,108,120,14,44,67,26,93,813,188,0,0,1,0,2,6,0,0,0,0,1,0,0,0,1,0,1,0,2,1,0,1,1,0,0,0,0,0,0,0,0,1,0,0,0,0,2,5,0,2,1,0,0,0,0,6,0,0,0,0
8462,8238,16678,6536,6657,8815,7801,4,5,178,2,1,9,1107,84,111,7,0,6,5,7,672,16,1,4,3,4,29,545,750,3,9,6,4,39,12,10,6,43,5,1577,96,23,8,16,99,22,138,592,49,11,33,1,162,21,342,0,0,0,0,0,1,0,0,2,0,2,0,2,0,0,0,1,1,0,0,1,0,1,0,0,0,0,1,0,0,1,7,0,0,5,0,0,0,0,8,4,2,0,0
2574,24354,6536,70237,1022,2148,19301,162,76,477,27,17,55,7061,12338,8636,36,19,102,165,53,557,19,9,84,95,23,29,1116,1914,479,243,145,19,629,330,32,179,491,14,1825,343,2681,114,366,77,98,564,713,1525,8,7,7,3,15,72,1,0,0,8,8,0,1,1,3,3,16,0,10,8,0,1,2,13,1,0,2,1,1,1,0,2,4,3,1,0,4,25,0,0,15,0,4,1,0,54,9,1,3,1
12637,1601,6657,1022,22761,24912,1331,11,2,50,2,1,2,3024,146,117,4,1,8,14,3,101,4,0,7,8,4,4,461,159,9,22,18,2,66,13,6,7,107,2,233,17,88,5,37,13,5,928,7946,29,3,1,1,3,4,13,0,0,0,1,0,0,0,0,1,4,2,0,0,1,0,1,0,0,1,0,2,0,0,0,0,1,0,0,0,0,0,7,0,1,8,0,0,0,0,6,3,0,1,0
6111,2277,8815,2148,24912,35771,26475,4,13,94,1,1,0,765,88,226,1,0,7,6,3,229,16,2,10,6,37,22,343,303,24,10,8,5,512,37,76,6,1180,23,686,52,59,22,16,67,25,8826,3328,26,2,2,3,297,8,74,0,0,0,0,1,0,0,0,3,1,4,0,0,0,0,0,0,1,0,0,0,0,0,0,0,1,5,1,1,0,1,5,0,0,3,0,1,0,0,24,3,0,0,1
2113,1538,7801,19301,1331,26475,15058,29,35,457,15,9,19,1096,304,3563,13,5,23,42,26,613,13,6,30,27,13,21,392,751,114,67,43,9,2759,181,37,28,1354,4,1416,228,342,40,94,57,51,1892,315,137,46,81,16,313,85,1171,0,0,0,2,5,0,0,0,12,6,14,1,6,2,2,0,2,2,0,0,4,1,3,0,0,1,6,2,0,0,0,48,0,1,16,0,1,1,0,109,21,5,5,2
7,11,4,162,11,4,29,44937,7214,212,1112,716,9173,161,215,2883,6006,4475,3068,5635,472,1669,182,72,126,14,42,2,42,75,2737,61,781,6,44,273,345,144,61,5,71,60,997,48,725,29,87,11,15,159,1,0,3,0,1,2,5,24,6,177,10,3,0,3,2,3,16,4,57,40,1,0,49,27,2,1,2,0,2,2,0,14,5,1,1,0,32,20,2,0,16,0,0,0,2,3,0,0,2,6
5,9,5,76,2,13,35,7214,33325,199,695,599,1191,56,43,695,348,48,6754,6163,248,1537,245,6186,4393,99,2647,21,20,42,203,165,1358,60,159,2256,3040,322,1220,129,59,29,188,630,548,26,170,81,10,48,2,1,11,1,3,9,34,71,16,1748,20,10,45,103,15,10,68,10,110,849,15,26,263,799,10,1,76,0,2,7,1,363,13,10,56,1,163,36,5,45,32,0,24,0,5,5,4,2,6,11
66,123,178,477,50,94,457,212,199,40688,3403,3894,339,248,161,813,889,18,558,97,7908,6541,809,46,163,43,151,35,384,436,507,214,1202,35,395,868,297,82,888,25,19650,10414,2442,358,125,168,803,244,38,12103,6,8,10,0,15,23,0,4,5,14,44,3,3,2,26,14,141,1,108,5,4,11,28,19,9,2,6,0,4,6,1,4,24,17,5,1,29,135,11,3,94,2,7,0,1,85,14,10,20,17
1,3,2,27,2,1,15,1112,695,3403,3731,9329,514,14,22,358,815,34,799,125,1819,3787,1288,35,48,13,47,7,29,27,138,17,325,9,43,336,72,24,170,6,363,73,115,75,54,60,146,18,3,33,1,0,5,0,3,5,0,1,2,18,13,1,1,1,2,4,28,0,34,5,6,3,10,4,7,1,0,0,2,3,0,2,6,5,4,0,6,32,4,2,25,0,1,0,0,7,4,2,5,6
1,4,1,17,1,1,9,716,599,3894,9329,24431,5341,44,47,186,4519,281,383,502,6489,3968,4114,57,598,19,137,5,41,218,460,67,4787,8,11,177,97,71,59,6,395,545,257,169,168,67,404,9,1,272,1,0,1,0,0,0,0,1,1,32,4,0,2,2,0,2,8,0,19,51,3,5,10,92,1,1,28,0,0,1,0,37,1,2,12,1,16,11,1,15,7,0,6,1,0,4,2,0,5,4
10,6,9,55,2,0,19,9173,1191,339,514,5341,12785,106,148,444,4682,531,437,3050,996,722,175,32,214,11,39,4,39,97,1181,80,3590,6,15,69,66,38,26,1,100,181,539,49,339,20,130,4,8,280,0,0,1,0,1,0,1,0,0,95,2,0,2,7,0,0,1,1,7,57,0,0,10,24,0,0,4,0,0,1,0,12,1,0,0,0,11,1,0,1,3,0,0,0,1,2,0,0,0,0
14902,13248,1107,7061,3024,765,1096,161,56,248,14,44,106,59788,15268,1154,44,27,95,160,135,281,36,10,99,62,27,51,5936,21686,224,282,320,20,307,208,88,92,392,5,1663,365,1765,88,388,95,194,200,8811,2372,7,4,11,1,17,34,1,1,1,9,15,1,0,1,13,12,41,1,19,6,3,2,9,13,2,1,2,1,5,1,0,2,7,7,3,0,9,66,3,2,39,0,2,0,0,48,12,2,10,0
201,2387,84,12338,146,88,304,215,43,161,22,47,148,15268,21784,2358,74,47,105,183,132,166,19,5,80,90,14,19,829,2965,438,261,267,19,254,181,27,149,238,5,736,422,8471,86,496,34,145,138,267,10692,4,0,2,0,7,7,0,0,0,3,6,1,1,0,5,2,17,0,4,7,1,0,4,14,1,0,2,0,0,1,0,1,1,3,3,0,4,21,4,2,12,0,2,0,0,21,2,0,6,3
188,220,111,8636,117,226,3563,2883,695,813,358,186,444,1154,2358,31170,1485,2737,16244,792,397,358,39,16,164,109,59,4,197,568,13610,260,324,23,4679,8247,173,327,1368,8,703,267,12912,149,810,26,88,598,157,517,22,7,26,4,32,37,1,5,1,31,45,4,0,1,31,17,132,2,62,5,4,6,14,36,8,0,5,0,9,8,0,2,22,32,4,0,28,159,23,3,125,0,1,0,1,132,19,9,36,21
1,5,7,36,4,1,13,6006,348,889,815,4519,4682,44,74,1485,7817,3477,1168,119,7181,341,175,25,36,5,20,1,19,85,2013,47,850,7,13,115,72,10,45,3,94,206,495,24,65,7,97,8,4,182,0,0,1,0,1,1,1,4,2,15,4,0,0,1,1,1,4,2,15,3,1,0,11,6,0,0,1,0,0,0,0,3,2,0,0,0,8,5,0,4,6,0,1,0,0,0,0,0,2,2
0,2,0,19,1,0,5,4475,48,18,34,281,531,27,47,2737,3477,1695,1180,59,251,21,18,8,14,0,3,0,3,16,2249,24,215,1,4,38,12,5,5,0,13,19,283,5,60,2,11,1,0,55,0,0,0,0,0,0,0,0,1,1,1,0,0,0,0,1,0,0,1,0,1,0,1,2,1,0,0,0,1,0,0,0,0,0,1,0,1,2,0,1,0,0,0,0,0,1,0,0,1,1
5,8,6,102,8,7,23,3068,6754,558,799,383,437,95,105,16244,1168,1180,12144,876,623,288,42,1518,325,50,157,2,21,89,2114,69,237,12,65,8155,504,154,601,40,147,77,694,125,336,4,71,23,3,91,2,0,3,0,1,7,2,18,10,123,32,4,6,5,10,13,73,8,155,10,16,5,87,24,7,0,3,0,8,4,0,11,21,11,7,0,48,82,13,2,58,0,4,1,0,13,4,4,29,28
8,23,5,165,14,6,42,5635,6163,97,125,502,3050,160,183,792,119,59,876,21148,134,1121,420,74,3632,311,248,8,43,92,931,396,3012,38,98,442,151,4521,127,7,66,67,700,1091,6070,32,326,15,12,151,1,2,14,0,0,0,24,15,2,548,5,8,44,51,12,17,26,4,27,598,2,15,54,750,5,3,76,0,1,3,1,351,4,4,107,0,30,15,6,72,9,5,49,0,3,4,3,0,2,1
3,10,7,53,3,3,26,472,248,7908,1819,6489,996,135,132,397,7181,251,623,134,25172,465,327,63,193,32,79,4,72,494,5644,262,1136,19,75,483,163,35,220,4,667,1903,11831,110,223,19,473,35,9,3298,3,2,5,0,4,5,0,8,0,21,18,2,0,0,3,6,30,1,67,9,3,0,31,24,0,0,4,0,4,1,0,4,2,2,3,1,17,32,3,5,24,2,2,0,0,10,2,1,9,5
214,606,672,557,101,229,613,1669,1537,6541,3787,3968,722,281,166,358,341,21,288,1121,465,18420,9315,28,432,93,225,394,3488,350,105,192,810,202,156,223,94,109,296,165,10309,252,283,713,167,4432,1125,85,55,132,2,2,7,1,3,15,1,1,0,39,18,1,3,2,5,10,37,0,21,25,2,3,10,29,4,2,15,1,2,3,0,10,9,7,5,5,8,45,5,5,29,3,9,2,2,32,2,5,9,5
5,14,16,19,4,16,13,182,245,809,1288,4114,175,36,19,39,175,18,42,420,327,9315,10290,34,843,274,683,189,150,84,59,336,3456,200,13,44,23,294,72,105,288,119,59,1895,243,4992,6737,22,5,44,0,0,0,0,0,0,2,0,0,7,0,3,1,0,3,0,0,0,5,23,0,6,1,105,2,7,55,2,0,0,5,24,0,0,15,4,2,3,2,27,0,17,25,2,6,2,0,0,0,1
0,1,1,9,0,2,6,72,6186,46,35,57,32,10,5,16,25,8,1518,74,63,28,34,2136,513,23,1363,7,4,11,21,58,56,32,33,3432,2273,26,4216,141,25,10,21,237,25,8,42,58,1,10,2,0,0,0,0,3,2,14,2,118,11,3,1,5,1,3,20,5,39,25,6,2,44,18,3,0,10,1,1,2,0,13,3,1,2,0,33,19,1,4,23,0,4,0,0,4,2,3,6,3
10,9,4,84,7,10,30,126,4393,163,48,598,214,99,80,164,36,14,325,3632,193,432,843,513,7782,247,4511,14,30,83,142,693,3049,92,117,656,249,903,622,112,101,108,224,2201,1437,28,773,112,15,116,0,1,12,0,1,7,13,10,0,202,2,9,31,33,15,26,25,2,7,428,6,33,24,1223,4,9,282,1,1,6,7,353,6,16,212,1,21,10,14,289,11,8,191,1,8,6,0,2,1,3
7,6,3,95,8,6,27,14,99,43,13,19,11,62,90,109,5,0,50,311,32,93,274,23,247,9362,499,32,19,35,82,13422,268,5658,38,110,29,4991,101,96,33,19,186,10282,690,42,1374,34,16,26,0,0,2,0,0,1,0,0,0,6,0,0,1,0,1,1,0,0,2,0,0,16,0,33,0,19,81,2,0,0,5,7,0,2,6,3,1,2,0,19,2,14,60,5,15,0,0,0,0,0
1,1,4,23,4,37,13,42,2647,151,47,137,39,27,14,59,20,3,157,248,79,225,683,1363,4511,499,14218,1153,15,48,37,1426,768,806,62,431,2091,223,2327,9517,88,52,65,9348,322,184,1461,601,40,32,0,1,5,0,0,1,1,1,0,44,3,9,9,15,6,9,10,1,0,69,1,54,7,415,2,66,777,19,2,2,43,145,2,11,98,13,10,8,4,226,12,77,291,20,59,4,0,1,2,1
14,24,29,29,4,22,21,2,21,35,7,5,4,51,19,4,1,0,2,8,4,394,189,7,14,32,1153,13739,687,86,5,104,20,3591,3,6,240,6,55,14020,384,21,9,712,9,6856,2154,49,1,8,0,0,0,0,0,0,0,0,0,1,1,0,0,0,0,0,2,0,1,0,0,8,1,5,0,23,41,20,1,0,8,2,0,0,0,24,0,1,0,8,0,75,32,19,36,1,0,0,0,0
949,922,545,1116,461,343,392,42,20,384,29,41,39,5936,829,197,19,3,21,43,72,3488,150,4,30,19,15,687,58899,5821,53,66,94,44,85,56,25,21,144,89,17492,251,374,54,85,1278,174,100,4460,243,1,1,3,0,2,5,0,0,0,1,4,0,0,0,3,1,27,0,5,5,0,1,2,1,0,0,3,0,0,0,0,1,3,5,0,0,3,26,5,2,10,0,1,0,0,19,5,1,3,0
531,1062,750,1914,159,303,751,75,42,436,27,218,97,21686,2965,568,85,16,89,92,494,350,84,11,83,35,48,86,5821,39573,194,193,456,32,227,228,119,49,389,18,10383,5734,1332,124,214,145,326,158,393,4062,7,1,14,0,7,28,0,0,0,4,13,1,2,1,6,7,49,0,43,6,2,4,4,13,2,0,6,0,3,1,0,5,5,10,5,0,5,68,3,4,44,0,1,0,0,40,8,2,9,3
17,27,3,479,9,24,114,2737,203,507,138,460,1181,224,438,13610,2013,2249,2114,931,5644,105,59,21,142,82,37,5,53,194,14542,373,962,13,875,1242,78,209,653,1,224,495,15638,83,1167,11,184,153,26,927,10,3,21,1,14,17,0,2,0,12,28,2,1,2,12,9,66,1,37,8,2,4,6,20,3,0,4,0,2,6,1,4,9,12,6,0,12,71,8,6,53,0,6,0,0,56,9,5,9,6
22,32,9,243,22,10,67,61,165,214,17,67,80,282,261,260,47,24,69,396,262,192,336,58,693,13422,1426,104,66,193,373,29924,4786,7491,48,144,63,1981,181,267,179,195,660,9653,5782,126,12107,95,33,294,0,1,1,0,0,0,0,0,0,6,2,1,1,0,2,0,2,0,1,10,2,17,2,51,0,33,136,4,0,0,22,15,1,1,5,20,2,1,2,51,4,58,90,10,34,1,0,0,1,1
16,30,6,145,18,8,43,781,1358,1202,325,4787,3590,320,267,324,850,215,237,3012,1136,810,3456,56,3049,268,768,20,94,456,962,4786,18641,111,35,143,80,708,116,37,470,716,880,1524,5682,79,4483,27,24,857,0,0,4,0,1,7,4,2,1,135,2,3,11,12,6,9,12,0,12,199,1,12,16,349,1,4,83,0,1,1,3,119,3,4,49,1,15,7,3,57,3,6,49,0,2,5,2,2,3,3
1,3,4,19,2,5,9,6,60,35,9,8,6,20,19,23,7,1,12,38,19,202,200,32,92,5658,806,3591,44,32,13,7491,111,30706,10,25,85,150,157,3608,85,19,51,9291,99,1488,14684,74,2,19,0,0,0,0,1,0,1,0,0,2,0,4,0,0,0,0,0,0,2,2,0,18,5,23,0,78,104,46,0,0,60,12,0,1,7,64,1,0,1,27,1,221,146,68,120,1,0,1,0,1
51,38,39,629,66,512,2759,44,159,395,43,11,15,307,254,4679,13,4,65,98,75,156,13,33,117,38,62,3,85,227,875,48,35,10,4386,7032,219,78,10514,16,349,146,1354,85,84,7,26,2911,136,135,13,5,18,3,28,40,0,0,0,13,13,0,0,0,25,10,51,0,24,12,0,3,6,5,4,0,2,0,4,1,0,7,8,9,1,0,12,90,3,1,40,0,2,0,0,138,17,4,11,11
11,17,12,330,13,37,181,273,2256,868,336,177,69,208,181,8247,115,38,8155,442,483,223,44,3432,656,110,431,6,56,228,1242,144,143,25,7032,15132,2014,257,8862,92,431,202,1398,389,149,18,71,252,35,142,13,7,23,2,14,37,2,16,9,145,97,6,6,4,53,35,213,8,224,31,38,10,107,35,32,2,5,0,14,10,0,13,56,30,5,0,107,247,44,2,172,0,5,0,0,115,20,17,46,51
8,8,10,32,6,76,37,345,3040,297,72,97,66,88,27,173,72,12,504,151,163,94,23,2273,249,29,2091,240,25,119,78,63,80,85,219,2014,2808,29,8913,994,191,85,187,370,24,26,91,2133,79,36,1,8,15,0,15,28,6,19,6,494,29,6,9,26,18,10,62,12,52,72,12,3,116,62,6,1,16,0,4,2,1,29,12,12,3,0,127,90,10,5,65,8,3,1,5,63,7,6,13,12
13,12,6,179,7,6,28,144,322,82,24,71,38,92,149,327,10,5,154,4521,35,109,294,26,903,4991,223,6,21,49,209,1981,708,150,78,257,29,6796,141,9,46,32,404,4756,3105,19,624,44,10,52,0,0,1,0,0,2,1,4,0,7,1,0,4,1,0,5,2,0,3,42,2,13,3,189,0,6,78,0,0,0,4,35,1,2,48,0,0,0,2,94,3,3,76,0,2,2,0,0,1,0
53,52,43,491,107,1180,1354,61,1220,888,170,59,26,392,238,1368,45,5,601,127,220,296,72,4216,622,101,2327,55,144,389,653,181,116,157,10514,8862,8913,141,36805,837,780,290,1434,906,120,40,190,9193,318,207,39,26,53,17,69,81,1,10,5,93,85,6,2,2,53,39,221,4,180,19,16,14,91,41,17,3,21,3,15,15,2,12,40,24,8,1,125,337,31,4,205,3,12,2,1,226,40,14,45,16
5,4,5,14,2,23,4,5,129,25,6,6,1,5,5,8,3,0,40,7,4,165,105,141,112,96,9517,14020,89,18,1,267,37,3608,16,92,994,9,837,34684,65,5,11,9384,13,1279,1995,406,21,4,0,0,1,0,1,0,0,0,0,6,0,0,1,0,0,1,0,1,0,2,3,44,3,17,1,166,314,126,0,1,92,17,2,0,13,185,1,2,1,59,6,573,290,146,232,0,0,1,0,1
591,1473,1577,1825,233,686,1416,71,59,19650,363,395,100,1663,736,703,94,13,147,66,667,10309,288,25,101,33,88,384,17492,10383,224,179,470,85,349,431,191,46,780,65,73291,7687,1058,176,130,1198,475,248,117,1392,16,1,22,8,21,22,0,1,1,13,35,2,1,0,17,7,98,0,53,6,6,4,11,10,9,1,6,1,6,2,1,6,16,14,0,2,19,102,7,3,72,0,2,1,2,76,12,8,17,11
34,108,96,343,17,52,228,60,29,10414,73,545,181,365,422,267,206,19,77,67,1903,252,119,10,108,19,52,21,251,5734,495,195,716,19,146,202,85,32,290,5,7687,15929,4612,130,126,44,409,89,26,14765,3,0,9,2,6,11,0,0,1,11,14,0,0,1,8,5,37,0,22,2,2,1,6,13,0,1,5,0,5,2,1,1,5,6,2,1,11,43,2,1,31,0,2,0,0,27,4,2,8,5
86,120,23,2681,88,59,342,997,188,2442,115,257,539,1765,8471,12912,495,283,694,700,11831,283,59,21,224,186,65,9,374,1332,15638,660,880,51,1354,1398,187,404,1434,11,1058,4612,54335,228,1442,30,337,338,131,16028,12,7,35,7,29,42,0,0,0,15,20,5,5,0,28,12,117,0,53,12,3,4,13,46,2,0,5,0,5,5,1,8,17,18,4,0,20,167,10,11,97,1,4,0,0,114,24,7,9,8
8,14,8,114,5,22,40,48,630,358,75,169,49,88,86,149,24,5,125,1091,110,713,1895,237,2201,10282,9348,712,54,124,83,9653,1524,9291,85,389,370,4756,906,9384,176,130,228,46587,918,776,7580,332,24,88,1,0,4,0,0,3,1,0,0,26,6,2,3,2,2,6,4,0,1,21,2,55,8,237,3,127,601,30,2,0,68,66,2,3,59,50,6,6,3,180,9,169,290,32,94,5,0,1,2,2
34,44,16,366,37,16,94,725,548,125,54,168,339,388,496,810,65,60,336,6070,223,167,243,25,1437,690,322,9,85,214,1167,5782,5682,99,84,149,24,3105,120,13,130,126,1442,918,6229,18,1069,27,43,417,0,1,5,0,2,1,0,0,0,38,4,4,14,10,9,7,5,1,8,113,1,11,9,356,3,2,73,1,1,2,1,107,3,3,58,0,8,9,0,89,2,1,57,0,2,6,0,0,5,1
54,67,99,77,13,67,57,29,26,168,60,67,20,95,34,26,7,2,4,32,19,4432,4992,8,28,42,184,6856,1278,145,11,126,79,1488,7,18,26,19,40,1279,1198,44,30,776,18,13885,8733,16,11,30,0,0,0,0,0,1,0,0,0,1,2,0,0,0,0,0,1,0,3,2,0,11,0,5,0,21,27,19,0,0,15,2,0,0,3,25,0,2,0,6,2,75,28,16,47,1,1,0,0,0
15,26,22,98,5,25,51,87,170,803,146,404,130,194,145,88,97,11,71,326,473,1125,6737,42,773,1374,1461,2154,174,326,184,12107,4483,14684,26,71,91,624,190,1995,475,409,337,7580,1069,8733,34248,66,18,359,0,0,2,0,1,2,0,0,1,4,2,0,1,0,1,1,6,0,3,15,1,37,1,57,0,74,164,63,0,0,66,24,0,0,13,100,2,4,0,47,3,263,166,88,163,2,3,0,0,0
112,93,138,564,928,8826,1892,11,81,244,18,9,4,200,138,598,8,1,23,15,35,85,22,58,112,34,601,49,100,158,153,95,27,74,2911,252,2133,44,9193,406,248,89,338,332,27,16,66,8591,934,65,16,13,15,1,37,35,0,1,0,3,9,2,0,0,9,3,28,0,14,0,0,0,1,7,2,1,6,0,3,1,1,1,6,5,1,0,15,63,2,1,28,2,4,0,2,134,8,0,3,1
3368,813,592,713,7946,3328,315,15,10,38,3,1,8,8811,267,157,4,0,3,12,9,55,5,1,15,16,40,1,4460,393,26,33,24,2,136,35,79,10,318,21,117,26,131,24,43,11,18,934,9421,44,1,0,3,0,10,3,0,0,0,1,1,1,0,0,2,0,8,0,2,1,0,0,1,3,0,0,0,0,1,0,0,0,1,1,1,0,1,6,0,0,11,1,0,0,0,18,2,0,1,0
25,188,49,1525,29,26,137,159,48,12103,33,272,280,2372,10692,517,182,55,91,151,3298,132,44,10,116,26,32,8,243,4062,927,294,857,19,135,142,36,52,207,4,1392,14765,16028,88,417,30,359,65,44,21343,2,0,1,0,3,11,0,1,0,6,6,4,0,1,3,2,24,0,10,5,3,2,5,14,2,0,4,0,1,2,0,3,5,6,3,1,6,23,1,4,17,0,1,0,1,19,1,2,6,0
1,0,11,8,3,2,46,1,2,6,1,1,0,7,4,22,0,0,2,1,3,2,0,2,0,0,0,0,1,7,10,0,0,0,13,13,1,0,39,0,16,3,12,1,0,0,0,16,1,2,30560,18039,3227,17397,12645,4018,2,7,2,3,129,6,5,5,10783,211,287,4,14,33,13,34,2,16,5,9,5,2,627,5,10,41,316,29,53,3,10,388,12,59,149,0,21,9,7,454,11058,90,146,52
0,0,33,7,1,2,81,0,1,8,0,0,0,4,0,7,0,0,0,2,2,2,0,0,1,0,1,0,1,1,3,1,0,0,5,7,8,0,26,0,1,0,7,0,1,0,0,13,0,0,18039,63139,13646,11598,4757,9870,0,4,2,6,187,3,3,3,12181,150,190,1,8,16,6,118,2,16,4,15,4,9,715,1,9,40,513,10,37,2,6,156,16,35,82,0,14,40,10,290,4151,251,275,25
1,1,1,7,1,3,16,3,11,10,5,1,1,11,2,26,1,0,3,14,5,7,0,0,12,2,5,0,3,14,21,1,4,0,18,23,15,1,53,1,22,9,35,4,5,0,2,15,3,1,3227,13646,41747,399,1197,23335,43,122,52,57,541,52,27,90,19143,4519,10407,36,165,400,57,192,10,187,37,91,27,8,708,124,38,391,959,740,497,8,33,1062,64,519,322,11,193,30,43,462,3006,281,651,191
4,0,162,3,3,297,313,0,1,0,0,0,0,1,0,4,0,0,0,0,0,1,0,0,0,0,0,0,0,0,1,0,0,0,3,2,0,0,17,0,8,2,7,0,0,0,0,1,0,0,17397,11598,399,37330,25406,18896,0,0,0,1,58,2,2,2,324,38,33,1,4,4,0,42,1,4,3,0,2,6,249,0,2,8,219,7,9,0,2,69,3,9,386,0,3,14,6,510,862,78,102,5
3,2,21,15,4,8,85,1,3,15,3,0,1,17,7,32,1,0,1,0,4,3,0,0,1,0,0,0,2,7,14,0,1,1,28,14,15,0,69,1,21,6,29,0,2,0,1,37,10,3,12645,4757,1197,25406,26417,9781,0,1,2,2,107,9,1,1,1231,45,267,2,29,7,9,38,20,51,9,8,113,8,160,5,5,7,123,31,9,1,133,1932,21,30,1059,14,41,6,3,7690,5189,64,118,32
9,6,342,72,13,74,1171,2,9,23,5,0,0,34,7,37,1,0,7,0,5,15,0,3,7,1,1,0,5,28,17,0,7,0,40,37,28,2,81,0,22,11,42,3,1,1,2,35,3,11,4018,9870,23335,18896,9781,44990,9,33,16,55,683,25,12,26,3753,433,7562,7,109,129,29,216,15,120,20,50,15,8,670,27,26,153,1118,173,179,5,22,2487,38,191,858,3,90,39,31,1076,1957,465,851,206
0,0,0,1,0,0,0,5,34,0,0,0,1,1,0,1,1,0,2,24,0,1,2,2,13,0,1,0,0,0,0,0,4,1,0,2,6,1,1,0,0,0,0,1,0,0,0,0,0,0,2,0,43,0,0,9,3670,7101,195,642,19,29,98,4322,66,92,439,393,192,2733,22,43,29,40,24,2,4,0,1,421,0,1105,4,142,26,1,20,11,64,10,3,1,6,0,2,0,10,4,6,8
0,0,0,0,0,0,0,24,71,4,1,1,0,1,0,5,4,0,18,15,8,1,0,14,10,0,1,0,0,0,2,0,2,0,0,16,19,4,10,0,1,0,0,0,0,0,0,1,0,1,7,4,122,0,1,33,7101,20747,4397,4104,261,529,547,6519,158,276,2442,5347,1531,4595,360,473,159,99,213,10,9,1,17,2147,15,1660,28,423,243,2,194,42,171,96,27,2,18,5,23,4,26,21,37,57
0,0,0,0,0,0,0,6,16,5,2,1,0,1,0,1,2,1,10,2,0,0,0,2,0,0,0,0,0,0,0,0,1,0,0,9,6,0,5,0,1,1,0,0,0,0,1,0,0,0,2,2,52,0,2,16,195,4397,2876,1567,276,315,114,463,50,90,2539,1851,1395,361,140,142,25,39,142,4,4,2,9,1877,2,382,10,144,74,0,28,25,68,34,20,1,9,0,10,4,6,11,20,37
0,0,0,8,1,0,2,177,1748,14,18,32,95,9,3,31,15,1,123,548,21,39,7,118,202,6,44,1,1,4,12,6,135,2,13,145,494,7,93,6,13,11,15,26,38,1,4,3,1,6,3,6,57,1,2,55,642,4104,1567,43515,281,385,353,1191,47,60,1107,492,5062,3284,279,307,8761,5313,75,9,226,4,17,143,12,806,44,49,102,6,3030,295,39,156,254,15,159,3,24,23,18,24,52,38
1,1,0,8,0,1,5,10,20,44,13,4,2,15,6,45,4,1,32,5,18,18,0,11,2,0,3,1,4,13,28,2,2,0,13,97,29,1,85,0,35,14,20,6,4,2,2,9,1,6,129,187,541,58,107,683,19,261,276,281,45315,3471,1359,200,612,480,2223,300,1194,73,4178,2523,224,117,737,46,95,60,1283,278,88,327,1563,303,116,35,215,696,452,172,607,29,172,139,235,255,523,17516,13022,6943
0,0,1,0,0,0,0,3,10,3,1,0,0,1,1,4,0,0,4,8,2,1,3,3,9,0,9,0,0,1,2,1,3,4,0,6,6,0,6,0,2,0,5,2,4,0,0,2,1,4,6,3,52,2,9,25,29,529,315,385,3471,6144,3759,942,44,77,604,1130,402,119,4981,8215,63,95,545,7,27,13,160,413,13,236,41,89,28,7,54,55,113,28,50,9,24,62,52,17,19,224,136,112
0,0,0,1,0,0,0,0,45,3,1,2,2,0,1,0,0,0,6,44,0,3,1,1,31,1,9,0,0,2,1,1,11,0,0,6,9,4,2,1,1,0,5,3,14,0,1,0,0,0,5,3,27,2,1,12,98,547,114,353,1359,3759,19125,10819,91,230,328,1883,142,429,7044,3768,49,345,703,19,32,11,21,784,34,5860,73,225,67,12,36,13,304,106,14,4,94,22,121,8,7,81,78,198
0,0,0,1,0,0,0,3,103,2,1,2,7,1,0,1,1,0,5,51,0,2,0,5,33,0,15,0,0,1,2,0,12,0,0,4,26,1,2,0,0,1,0,2,10,0,0,0,0,1,5,3,90,2,1,26,4322,6519,463,1191,200,942,10819,13716,243,441,985,4832,379,2950,1645,643,88,185,514,5,28,5,19,1196,26,11364,63,530,76,9,87,12,378,37,5,2,34,5,72,1,21,7,49,117
2,1,2,3,1,3,12,2,15,26,2,0,0,13,5,31,1,0,10,12,3,5,3,1,15,1,6,0,3,6,12,2,6,0,25,53,18,0,53,0,17,8,28,2,9,0,1,9,2,3,10783,12181,19143,324,1231,3753,66,158,50,47,612,44,91,243,60079,13656,2282,54,199,343,172,323,63,317,181,210,42,30,3149,145,203,1508,5350,667,1085,36,70,686,628,595,365,8,258,45,179,367,14641,511,1121,608
0,0,0,3,4,1,6,3,10,14,4,2,0,12,2,17,1,1,13,17,6,10,0,3,26,1,9,0,1,7,9,0,9,0,10,35,10,5,39,1,7,5,12,6,7,0,1,3,0,2,211,150,4519,38,45,433,92,276,90,60,480,77,230,441,13656,29107,5844,132,199,457,323,400,43,315,631,245,46,24,1078,607,264,2169,6173,6673,1077,37,50,325,5819,477,231,13,223,43,274,144,972,247,1968,3025
4,1,2,16,2,4,14,16,68,141,28,8,1,41,17,132,4,0,73,26,30,37,0,20,25,0,10,2,27,49,66,2,12,0,51,213,62,2,221,0,98,37,117,4,5,1,6,28,8,24,287,190,10407,33,267,7562,439,2442,2539,1107,2223,604,328,985,2282,5844,49385,2181,17186,1422,529,439,401,665,1779,93,63,13,415,6703,65,1808,835,10997,662,8,194,8533,1333,524,1362,9,241,21,87,1202,613,369,921,699
0,0,0,0,0,0,1,4,10,1,0,0,1,1,0,2,2,0,8,4,1,0,0,5,2,0,1,0,0,0,1,0,0,0,0,8,12,0,4,1,0,0,0,0,1,0,0,0,0,0,4,1,36,1,2,7,393,5347,1851,492,300,1130,1883,4832,54,132,2181,6151,925,70,3808,407,79,38,799,4,9,0,6,5006,13,494,28,298,31,1,74,19,422,14,20,1,16,2,43,2,10,9,33,67
0,2,2,10,0,0,6,57,110,108,34,19,7,19,4,62,15,1,155,27,67,21,5,39,7,2,0,1,5,43,37,1,12,2,24,224,52,3,180,0,53,22,53,1,8,3,3,14,2,10,14,8,165,4,29,109,192,1531,1395,5062,1194,402,142,379,199,199,17186,925,18052,827,464,229,4114,1263,344,6,175,8,92,838,17,371,272,227,135,3,653,5220,213,180,1240,16,249,11,27,224,64,116,389,251
1,1,0,8,1,0,2,40,849,5,5,51,57,6,7,5,3,0,10,598,9,25,23,25,428,0,69,0,5,6,8,10,199,2,12,31,72,42,19,2,6,2,12,21,113,2,15,0,1,5,33,16,400,4,7,129,2733,4595,361,3284,73,119,429,2950,343,457,1422,70,827,15803,61,394,291,5481,90,36,88,8,34,310,36,6054,70,481,4225,11,92,120,199,5061,19,8,695,7,78,16,65,17,54,78
0,0,0,0,0,0,2,1,15,4,6,3,0,3,1,4,1,1,16,2,3,2,0,6,6,0,1,0,0,2,2,2,1,0,0,38,12,2,16,3,6,2,3,2,1,0,1,0,0,3,13,6,57,0,9,29,22,360,140,279,4178,4981,7044,1645,172,323,529,3808,464,61,15710,942,191,98,6828,40,40,16,86,3660,104,832,396,254,97,31,98,110,882,120,95,9,110,31,205,39,74,142,1023,4671
0,1,0,1,1,0,0,0,26,11,3,5,0,2,0,6,0,0,5,15,0,3,6,2,33,16,54,8,1,4,4,17,12,18,3,10,3,13,14,44,4,1,4,55,11,11,37,0,0,2,34,118,192,42,38,216,43,473,142,307,2523,8215,3768,643,323,400,439,407,229,394,942,41166,64,994,361,610,1067,957,3500,267,567,8765,850,196,743,436,51,101,380,1633,106,487,2201,7307,9868,62,106,3001,642,360
0,1,1,2,0,0,2,49,263,28,10,10,10,9,4,14,11,1,87,54,31,10,1,44,24,0,7,1,2,4,6,2,16,5,6,107,116,3,91,3,11,6,13,8,9,0,1,1,1,5,2,2,10,1,20,15,29,159,25,8761,224,63,49,88,63,43,401,79,4114,291,191,64,7331,3790,83,31,1086,17,20,48,18,261,106,12,22,9,3155,2924,74,126,3546,71,369,9,34,127,25,23,107,90
0,0,1,13,0,1,2,27,799,19,4,92,24,13,14,36,6,2,24,750,24,29,105,18,1223,33,415,5,1,13,20,51,349,23,5,35,62,189,41,17,10,13,46,237,356,5,57,7,3,14,16,16,187,4,51,120,40,99,39,5313,117,95,345,185,317,315,665,38,1263,5481,98,994,3790,15607,85,114,8053,57,53,46,141,3606,125,172,758,65,712,789,200,2169,1823,353,4903,31,280,509,73,23,95,122
0,0,0,1,1,0,0,2,10,9,7,1,0,2,1,8,0,1,7,5,0,4,2,3,4,0,2,0,0,2,3,0,1,0,4,32,6,0,17,1,9,0,2,3,3,0,0,2,0,2,5,4,37,3,9,20,24,213,142,75,737,545,703,514,181,631,1779,799,344,90,6828,361,83,85,18616,39,25,4,104,7254,72,894,420,2782,174,13,48,89,12977,85,110,1,76,15,131,30,34,75,692,3658
0,0,0,0,0,0,0,1,1,2,1,1,0,1,0,0,0,0,0,3,0,2,7,0,9,19,66,23,0,0,0,33,4,78,0,2,1,6,3,166,1,1,0,127,2,21,74,1,0,0,9,15,91,0,8,50,2,10,4,9,46,7,19,5,210,245,93,4,6,36,40,610,31,114,39,15277,883,745,32,29,12352,1788,63,125,4963,8937,25,15,109,14046,43,880,13638,550,1157,24,34,22,42,49
0,0,1,2,2,0,4,2,76,6,0,28,4,2,2,5,1,0,3,76,4,15,55,10,282,81,777,41,3,6,4,136,83,104,2,5,16,78,21,314,6,5,5,601,73,27,164,6,0,4,5,4,27,2,113,15,4,9,4,226,95,27,32,28,42,46,63,9,175,88,40,1067,1086,8053,25,883,26069,1193,21,7,831,960,61,25,257,384,936,336,36,820,2458,8582,13137,190,1187,840,68,16,70,50
0,0,0,1,0,0,1,0,0,0,0,0,0,1,0,0,0,0,0,0,0,1,2,1,1,2,19,20,0,0,0,4,0,46,0,0,0,0,3,126,1,0,0,30,1,19,63,0,0,0,2,9,8,6,8,8,0,1,2,4,60,13,11,5,30,24,13,0,8,8,16,957,17,57,4,745,1193,35073,230,6,477,78,62,6,59,10636,88,7,8,234,43,21621,2283,16049,1906,32,11,112,41,13
0,0,1,1,0,0,3,2,2,4,2,0,0,5,0,9,0,1,8,1,4,2,0,1,1,0,2,1,0,3,2,0,1,0,4,14,4,0,15,0,6,5,5,2,1,0,0,3,1,1,627,715,708,249,160,670,1,17,9,17,1283,160,21,19,3149,1078,415,6,92,34,86,3500,20,53,104,32,21,230,68350,26,38,153,18266,119,96,18,24,208,219,76,111,27,61,494,128,100,6848,18528,3438,337
0,0,0,1,0,0,0,2,7,6,3,1,1,1,1,8,0,0,4,3,1,3,0,2,6,0,2,0,0,1,6,0,1,0,1,10,2,0,15,1,2,2,5,0,2,0,0,1,0,2,5,1,124,0,5,27,421,2147,1877,143,278,413,784,1196,145,607,6703,5006,838,310,3660,267,48,46,7254,29,7,6,26,4761,41,1459,60,3989,201,9,28,64,3178,84,40,1,47,3,84,25,26,19,82,359
0,0,0,0,0,0,0,0,1,1,0,0,0,0,0,0,0,0,0,1,0,0,5,0,7,5,43,8,0,0,1,22,3,60,0,0,1,4,2,92,1,1,1,68,1,15,66,1,0,0,10,9,38,2,5,26,0,15,2,12,88,13,34,26,203,264,65,13,17,36,104,567,18,141,72,12352,831,477,38,41,17589,3386,113,117,2340,9928,13,16,173,3098,38,860,3959,1041,9111,21,34,17,80,110
0,1,0,2,1,1,1,14,363,4,2,37,12,2,1,2,3,0,11,351,4,10,24,13,353,7,145,2,1,5,4,15,119,12,7,13,29,35,12,17,6,1,8,66,107,2,24,1,0,3,41,40,391,8,7,153,1105,1660,382,806,327,236,5860,11364,1508,2169,1808,494,371,6054,832,8765,261,3606,894,1788,960,78,153,1459,3386,61565,543,1838,13084,557,80,72,1777,3903,72,102,2741,194,9560,31,184,76,342,631
0,0,0,4,0,5,6,5,13,24,6,1,1,7,1,22,2,0,21,4,2,9,0,3,6,0,2,0,3,5,9,1,3,0,8,56,12,1,40,2,16,5,17,2,3,0,0,6,1,5,316,513,959,219,123,1118,4,28,10,44,1563,41,73,63,5350,6173,835,28,272,70,396,850,106,125,420,63,61,62,18266,60,113,543,43683,489,270,40,85,393,1278,174,302,19,101,141,157,193,1681,6093,15262,1626
0,0,1,3,0,1,2,1,10,17,5,2,0,7,3,32,0,0,11,4,2,7,0,1,16,2,11,0,5,10,12,1,4,1,9,30,12,2,24,0,14,6,18,3,3,0,0,5,1,6,29,10,740,7,31,173,142,423,144,49,303,89,225,530,667,6673,10997,298,227,481,254,196,12,172,2782,125,25,6,119,3989,117,1838,489,17451,773,17,38,312,7934,353,212,3,120,11,99,140,123,72,388,986
0,0,0,1,0,1,0,1,56,5,4,12,0,3,3,4,0,1,7,107,3,5,15,2,212,6,98,0,0,5,6,5,49,7,1,5,3,48,8,13,0,2,4,59,58,3,13,1,1,3,53,37,497,9,9,179,26,243,74,102,116,28,67,76,1085,1077,662,31,135,4225,97,743,22,758,174,4963,257,59,96,201,2340,13084,270,773,14085,232,10,33,537,3984,32,53,909,37,828,17,150,42,123,177
0,0,0,0,0,0,0,0,1,1,0,1,0,0,0,0,0,0,0,0,1,5,4,0,1,3,13,24,0,0,0,20,1,64,0,0,0,0,1,185,2,1,0,50,0,25,100,0,0,1,3,2,8,0,1,5,1,2,0,6,35,7,12,9,36,37,8,1,3,11,31,436,9,65,13,8937,384,10636,18,9,9928,557,40,17,232,59722,9,3,33,895,27,2977,8380,10361,5458,11,11,18,18,34
1,2,1,4,0,1,0,32,163,29,6,16,11,9,4,28,8,1,48,30,17,8,2,33,21,1,10,0,3,5,12,2,15,1,12,107,127,0,125,1,19,11,20,6,8,0,2,15,1,6,10,6,33,2,133,22,20,194,28,3030,215,54,36,87,70,50,194,74,653,92,98,51,3155,712,48,25,936,88,24,28,13,80,85,38,10,9,3410,865,75,32,5623,176,103,13,27,1617,55,24,84,72
5,5,7,25,7,5,48,20,36,135,32,11,1,66,21,159,5,2,82,15,32,45,3,19,10,2,8,1,26,68,71,1,7,0,90,247,90,0,337,2,102,43,167,6,9,2,4,63,6,23,388,156,1062,69,1932,2487,11,42,25,295,696,55,13,12,686,325,8533,19,5220,120,110,101,2924,789,89,15,336,7,208,64,16,72,393,312,33,3,865,26049,111,150,15826,23,209,7,20,6583,508,149,386,228
0,0,0,0,0,0,0,2,5,11,4,1,0,3,4,23,0,0,13,6,3,5,2,1,14,0,4,0,5,3,8,2,3,1,3,44,10,2,31,1,7,2,10,3,0,0,0,2,0,1,12,16,64,3,21,38,64,171,68,39,452,113,304,378,628,5819,1333,422,213,199,882,380,74,200,12977,109,36,8,219,3178,173,1777,1278,7934,537,33,75,111,15249,228,192,10,111,30,227,63,156,91,1503,9058
1,2,0,0,1,0,1,0,45,3,2,15,1,2,2,3,4,1,2,72,5,5,27,4,289,19,226,8,2,4,6,51,57,27,1,2,5,94,4,59,3,1,11,180,89,6,47,1,0,4,59,35,519,9,30,191,10,96,34,156,172,28,106,37,595,477,524,14,180,5061,120,1633,126,2169,85,14046,820,234,76,84,3098,3903,174,353,3984,895,32,150,228,17731,163,451,13016,198,1918,86,140,42,133,145
3,1,5,15,8,3,16,16,32,94,25,7,3,39,12,125,6,0,58,9,24,29,0,23,11,2,12,0,10,44,53,4,3,1,40,172,65,3,205,6,72,31,97,9,2,2,3,28,11,17,149,82,322,386,1059,858,3,27,20,254,607,50,14,5,365,231,1362,20,1240,19,95,106,3546,1823,110,43,2458,43,111,40,38,72,302,212,32,27,5623,15826,192,163,31825,247,509,19,68,10466,370,110,351,253
0,0,0,0,0,0,0,0,0,2,0,0,0,0,0,0,0,0,0,5,2,3,17,0,8,14,77,75,0,0,0,58,6,221,0,0,8,3,3,573,0,0,1,169,1,75,263,2,1,0,0,0,11,0,14,3,1,2,1,15,29,9,4,2,8,13,9,1,16,8,9,487,71,353,1,880,8582,21621,27,1,860,102,19,3,53,2977,176,23,10,451,247,34474,11015,3186,2514,131,5,13,16,8
0,0,0,4,0,1,1,0,24,7,1,6,0,2,2,1,1,0,4,49,2,9,25,4,191,60,291,32,1,1,6,90,49,146,2,5,3,76,12,290,2,2,4,290,57,28,166,4,0,1,21,14,193,3,41,90,6,18,9,159,172,24,94,34,258,223,241,16,249,695,110,2201,369,4903,76,13638,13137,2283,61,47,3959,2741,101,120,909,8380,103,209,111,13016,509,11015,38935,1662,4483,281,71,24,80,103
0,0,0,1,0,0,1,0,0,0,0,1,0,0,0,0,0,0,1,0,0,2,2,0,1,5,20,19,0,0,0,10,0,68,0,0,1,0,2,146,1,0,0,32,0,16,88,0,0,0,9,40,30,14,6,39,0,5,0,3,139,62,22,5,45,43,21,2,11,7,31,7307,9,31,15,550,190,16049,494,3,1041,194,141,11,37,10361,13,7,30,198,19,3186,1662,19536,17518,9,16,298,88,27
0,0,0,0,0,0,0,2,5,1,0,0,1,0,0,1,0,0,0,3,0,2,6,0,8,15,59,36,0,0,0,34,2,120,0,0,5,2,1,232,2,0,0,94,2,47,163,2,0,1,7,10,43,6,3,31,2,23,10,24,235,52,121,72,179,274,87,43,27,78,205,9868,34,280,131,1157,1187,1906,128,84,9111,9560,157,99,828,5458,27,20,227,1918,68,2514,4483,17518,42168,39,31,63,136,169
5,6,8,54,6,24,109,3,5,85,7,4,2,48,21,132,0,1,13,4,10,32,2,4,6,0,4,1,19,40,56,1,5,1,138,115,63,2,226,0,76,27,114,5,6,1,2,134,18,19,454,290,462,510,7690,1076,0,4,4,23,255,17,8,1,367,144,1202,2,224,16,39,62,127,509,30,24,840,32,100,25,21,31,193,140,17,11,1617,6583,63,86,10466,131,281,9,39,9684,1164,92,208,143
0,0,4,9,3,3,21,0,4,14,4,2,0,12,2,19,0,0,4,3,2,2,0,2,0,0,0,0,5,8,9,0,2,0,17,20,7,0,40,0,12,4,24,0,0,1,3,8,2,1,11058,4151,3006,862,5189,1957,10,26,6,18,523,19,7,21,14641,972,613,10,64,65,74,106,25,73,34,34,68,11,6848,26,34,184,1681,123,150,11,55,508,156,140,370,5,71,16,31,1164,28796,542,466,199
0,0,2,1,0,0,5,0,2,10,2,0,0,2,0,9,0,0,4,0,1,5,0,3,2,0,1,0,1,2,5,0,2,1,4,17,6,0,14,1,8,2,7,1,0,0,0,0,0,2,90,251,281,78,64,465,4,21,11,24,17516,224,81,7,511,247,369,9,116,17,142,3001,23,23,75,22,16,112,18528,19,17,76,6093,72,42,18,24,149,91,42,110,13,24,298,63,92,542,26404,3782,457
1,0,0,3,1,0,5,2,6,20,5,5,0,10,6,36,2,1,29,2,9,9,0,6,1,0,2,0,3,9,9,1,3,0,11,46,13,1,45,0,17,8,9,2,5,0,0,3,1,6,146,275,651,102,118,851,6,37,20,52,13022,136,78,49,1121,1968,921,33,389,54,1023,642,107,95,692,42,70,41,3438,82,80,342,15262,388,123,18,84,386,1503,133,351,16,80,88,136,208,466,3782,21709,6685
0,0,0,1,0,1,2,6,11,17,6,4,0,0,3,21,2,1,28,1,5,5,1,3,3,0,1,0,0,3,6,1,3,1,11,51,12,0,16,1,11,5,8,2,1,0,0,1,0,0,52,25,191,5,32,206,8,57,37,38,6943,112,198,117,608,3025,699,67,251,78,4671,360,90,122,3658,49,50,13,337,359,110,631,1626,986,177,34,72,228,9058,145,253,8,103,27,169,143,199,457,6685,12329
