19052,6311,6564,2350,11060,5400,619,0,3,72,2,0,0,17431,104,195,1,1,3,0,3,753,2,9,1,2,0,12,601,471,4,12,2,12,47,36,72,3,64,2,461,405,40,2,10,8,10,38,1077,11,5,24,12,25,20,14,0,0,2,5,7,0,0,0,13,0,23,1,34,1,2,4,10,0,2,0,0,0,0,4,0,0,4,7,0,0,21,29,1,1,40,0,1,0,1,23,1,0,3,2
6311,28806,3844,13348,553,819,551,3,6,343,10,8,0,4983,1842,467,0,1,4,1,16,877,6,3,0,13,0,8,228,202,12,9,11,17,64,18,93,6,81,0,774,585,79,4,25,7,12,87,147,73,19,72,36,29,68,85,1,0,1,1,5,0,0,0,30,7,70,0,13,1,1,5,4,1,1,1,0,0,5,4,1,1,7,8,0,0,18,77,3,1,111,0,0,1,0,113,8,1,9,1
6564,3844,26985,10874,4174,7171,6620,1,3,159,0,2,1,588,54,63,1,2,3,1,6,1155,4,3,3,1,3,17,221,228,3,6,6,6,53,18,58,0,47,2,774,603,18,2,2,6,4,121,86,14,21,204,13,774,49,68,0,0,0,5,7,0,0,0,21,0,44,1,11,0,1,3,5,0,1,0,0,0,1,2,0,0,7,7,0,0,15,56,2,0,70,0,0,0,0,84,7,1,3,1
2350,13348,10874,42904,784,3941,12071,45,20,1032,42,27,14,4028,14572,8406,2,10,15,55,57,940,30,25,26,178,14,31,208,319,54,228,69,194,223,61,321,98,251,14,843,1041,3677,71,403,9,98,806,147,145,68,226,112,171,335,279,1,4,9,22,20,4,4,0,77,8,203,7,36,8,4,13,20,11,4,3,5,0,7,9,0,10,12,9,16,1,59,236,10,12,301,0,15,1,2,759,15,4,8,9
11060,553,4174,784,16427,22696,311,1,2,33,0,0,0,4061,30,102,1,1,1,1,3,164,2,38,13,2,12,9,228,127,3,5,0,3,45,9,49,0,227,2,142,110,24,9,8,3,0,381,2679,1,3,9,2,73,12,9,2,0,3,2,2,0,0,0,6,0,12,0,20,0,1,0,3,0,1,0,0,0,1,1,0,1,0,3,0,0,11,9,0,0,15,0,1,0,0,18,3,0,0,0
5400,819,7171,3941,22696,26678,26249,5,9,75,2,0,0,597,44,168,0,1,6,2,0,190,0,71,18,6,31,5,133,97,9,6,3,6,485,8,136,0,721,9,139,104,25,15,2,1,2,6517,2822,5,23,54,14,750,92,62,1,0,0,1,5,0,0,0,15,1,28,1,13,2,0,0,2,1,0,0,0,0,3,0,0,0,1,4,0,0,8,37,0,1,45,0,5,0,0,172,8,1,0,0
619,551,6620,12071,311,26249,15374,0,13,293,23,16,1,313,38,1811,1,0,8,15,12,146,6,37,15,28,8,11,29,26,16,27,13,37,994,23,304,17,397,5,84,101,54,25,37,0,27,2764,64,7,31,128,43,77,184,149,0,4,6,16,21,3,1,0,39,3,96,3,48,2,3,8,13,4,3,0,1,0,3,7,1,1,9,17,2,0,38,124,2,2,137,0,2,0,0,406,17,5,5,5
0,3,1,45,1,5,0,36751,9534,163,2223,847,6203,59,128,338,2210,9608,2601,4247,373,2260,257,107,170,62,161,11,38,19,549,161,2415,43,29,96,1136,260,6,3,27,52,527,101,1576,83,108,3,1,35,0,1,3,0,1,0,367,171,74,1614,48,24,27,85,6,6,38,56,89,681,39,18,117,71,15,1,53,1,5,43,1,127,9,17,30,2,242,2,14,11,5,0,9,1,1,0,1,3,14,10
3,6,3,20,2,9,13,9534,57580,188,863,1214,1265,20,19,206,488,222,3693,5203,415,1005,272,9237,5601,100,7090,38,20,32,101,193,1590,85,307,1856,13187,268,232,133,34,54,134,932,198,66,244,38,9,24,2,4,6,2,2,1,640,444,133,3909,97,58,102,236,21,11,65,126,222,1499,66,40,252,423,31,20,251,4,13,79,17,346,15,47,154,18,664,17,12,84,15,12,102,1,11,3,5,4,20,19
72,343,159,1032,33,75,293,163,188,38475,4038,4566,173,558,550,2125,206,30,490,27,5441,7866,1870,112,39,88,21,234,252,194,366,401,581,196,964,920,500,76,487,22,9954,6284,1843,259,74,555,1220,276,32,2385,5,20,9,7,15,17,1,21,51,141,34,11,3,4,22,8,58,27,75,1,32,8,63,2,9,2,5,1,4,39,2,5,16,19,5,4,118,66,15,8,103,4,14,0,2,9,3,3,14,10
2,10,0,42,0,2,23,2223,863,4038,5099,14301,750,23,19,555,330,254,1112,202,1349,2852,2244,57,67,39,20,44,29,19,205,50,398,77,160,406,187,48,62,9,60,105,265,173,53,261,239,13,1,39,1,3,1,1,0,2,7,19,16,104,15,5,4,5,3,1,11,12,24,16,10,5,21,9,2,3,3,0,0,14,0,7,2,3,6,2,28,12,2,4,10,2,9,0,1,0,0,0,7,3
0,8,2,27,0,0,16,847,1214,4566,14301,35185,8186,65,68,237,4582,272,379,595,6683,2681,6970,142,948,53,97,44,37,137,140,147,3319,89,117,361,440,277,24,7,152,618,763,364,314,322,572,6,1,540,0,0,1,0,2,0,10,20,38,233,25,5,12,3,5,3,7,22,37,97,12,9,59,81,2,4,16,1,0,8,3,43,4,6,48,6,71,4,3,22,0,1,19,0,1,1,1,2,2,6
0,0,1,14,0,0,1,6203,1265,173,750,8186,27813,62,145,116,7453,1352,154,1135,744,489,175,20,117,11,97,7,10,47,267,130,6854,10,18,61,312,21,5,3,18,96,809,44,325,33,136,1,2,223,0,1,1,0,1,0,111,46,13,468,1,4,9,32,2,3,11,9,26,280,2,5,24,43,0,3,12,0,0,5,0,50,0,14,18,1,81,1,0,7,3,0,0,0,2,0,0,1,1,0
17431,4983,588,4028,4061,597,313,59,20,558,23,65,62,84245,16828,975,18,36,54,68,123,773,84,98,18,304,20,243,7279,32299,120,1048,296,512,595,241,679,135,791,30,1407,1770,1749,122,1001,46,418,152,18068,1135,80,197,110,90,204,182,1,9,27,56,53,6,2,2,207,40,464,9,236,14,10,19,69,9,31,6,6,1,30,63,4,8,57,100,17,2,244,526,63,9,785,2,15,0,2,117,37,15,24,28
104,1842,54,14572,30,44,38,128,19,550,19,68,145,16828,19784,878,57,205,29,122,142,330,59,28,29,232,14,91,326,1472,355,1013,409,286,115,76,170,132,126,5,429,1225,8408,73,1487,12,332,41,114,4224,11,14,10,13,24,24,0,3,8,25,11,2,1,1,27,4,58,3,35,13,2,5,14,7,6,1,4,0,9,12,2,12,9,17,13,2,66,73,9,8,112,0,18,1,1,9,4,2,7,4
195,467,63,8406,102,168,1811,338,206,2125,555,237,116,975,878,27547,143,969,2878,444,676,791,104,175,133,318,47,79,152,311,12510,350,278,332,1841,1949,761,309,683,29,422,653,10178,171,698,24,237,612,44,117,36,106,57,47,98,93,9,10,56,140,71,9,7,6,104,12,231,15,281,35,30,26,123,32,26,9,11,0,23,69,6,22,39,67,32,1,213,294,38,26,387,1,29,2,5,120,24,12,31,32
1,0,1,2,1,0,1,2210,488,206,330,4582,7453,18,57,143,7599,2654,186,33,4874,253,136,37,12,4,4,13,6,29,1521,52,878,21,16,64,301,8,8,0,12,103,718,14,34,14,73,1,0,146,1,0,1,0,1,0,5,18,18,131,12,2,0,2,1,2,3,11,19,6,8,1,20,2,2,1,1,0,1,5,0,1,2,1,2,1,33,0,5,0,0,0,1,0,0,0,0,0,0,2
1,1,2,10,1,1,0,9608,222,30,254,272,1352,36,205,969,2654,6081,1282,271,726,122,33,42,12,23,7,3,8,37,3172,178,572,26,18,55,148,29,11,2,21,34,1179,11,661,4,85,1,0,54,0,0,0,0,0,1,4,15,31,126,27,4,3,1,2,2,11,23,32,21,13,1,25,8,9,1,0,0,2,18,0,10,8,3,4,1,35,5,2,1,1,0,3,1,0,0,0,0,5,7
3,4,3,15,1,6,8,2601,3693,490,1112,379,154,54,29,2878,186,1282,10241,652,639,394,130,1976,399,97,218,29,74,162,3261,157,229,106,103,6277,678,224,134,9,105,244,632,213,365,14,131,3,2,44,1,4,5,1,2,6,20,35,85,349,78,12,9,11,10,7,69,39,329,50,41,16,148,26,16,4,17,2,8,72,4,27,19,20,31,2,173,53,21,24,37,2,24,1,1,1,5,8,34,26
0,1,1,55,1,2,15,4247,5203,27,202,595,1135,68,122,444,33,271,652,18016,31,610,394,30,2756,180,650,20,11,19,327,536,5910,114,119,477,148,2604,13,4,7,30,554,392,4741,88,399,4,2,21,1,0,12,0,1,2,295,61,23,1550,4,14,143,196,6,16,41,11,80,1930,2,66,123,677,5,18,228,3,0,17,7,662,1,31,345,6,134,9,6,81,9,6,61,3,16,2,3,0,4,3
3,16,6,57,3,0,12,373,415,5441,1349,6683,744,123,142,676,4874,726,639,31,17626,307,704,206,36,47,16,139,32,228,1341,481,808,220,273,682,689,58,72,9,334,1600,5165,112,79,98,661,12,3,2303,2,1,3,0,1,0,1,22,95,324,73,19,1,6,8,3,24,44,116,8,30,16,142,1,9,0,4,0,2,45,3,11,12,2,5,1,213,8,6,2,7,2,10,0,0,1,0,0,10,9
753,877,1155,940,164,190,146,2260,1005,7866,2852,2681,489,773,330,791,253,122,394,610,307,21968,5024,102,649,426,210,2440,5794,661,187,446,485,1309,289,420,201,638,298,287,15613,1389,554,2320,410,6247,2507,71,32,178,2,11,10,4,10,10,8,4,16,100,25,5,5,8,18,7,43,7,69,49,11,11,47,53,8,19,35,2,1,26,13,21,9,22,58,32,49,91,23,39,92,31,72,1,9,6,3,0,15,13
2,6,4,30,2,0,6,257,272,1870,2244,6970,175,84,59,104,136,33,130,394,704,5024,13025,65,1234,573,431,86,80,160,58,780,2281,317,39,157,55,1163,27,36,120,582,281,2847,707,2656,7913,4,1,235,0,0,0,0,1,0,2,6,4,47,8,1,13,3,1,6,3,5,8,77,2,32,13,94,0,40,90,4,0,0,26,54,1,8,151,25,3,2,2,135,1,19,170,2,12,0,1,0,2,1
9,3,3,25,38,71,37,107,9237,112,57,142,20,98,28,175,37,42,1976,30,206,102,65,8477,1267,25,1852,53,56,146,170,45,41,65,1076,4970,4190,26,8537,241,99,143,347,672,27,13,70,378,54,54,1,3,5,3,6,4,3,7,33,109,31,4,6,4,9,3,55,7,235,33,14,27,114,37,9,10,36,1,6,34,3,14,10,17,27,9,135,52,8,33,22,14,76,1,9,4,1,5,13,8
1,0,3,26,13,18,15,170,5601,39,67,948,117,18,29,133,12,12,399,2756,36,649,1234,1267,6687,223,8708,75,13,14,28,1030,3124,283,184,781,208,436,244,126,6,33,121,2268,1466,156,1129,103,9,24,2,4,13,2,1,7,55,25,18,563,12,7,172,95,15,27,47,6,65,1408,3,179,101,1911,11,116,551,9,2,25,83,875,5,52,1176,64,21,11,16,685,6,45,602,4,37,2,3,1,2,5
2,13,1,178,2,6,28,62,100,88,39,53,11,304,232,318,4,23,97,180,47,426,573,25,223,16546,175,56,38,91,169,5111,94,5579,25,103,8,11135,15,47,30,79,504,7092,1617,223,2061,10,8,32,0,0,3,0,2,0,0,1,0,15,3,2,7,7,5,6,9,1,4,30,2,66,11,131,1,333,427,41,2,0,236,78,1,6,130,274,5,1,3,333,3,288,1143,5,110,2,1,0,2,4
0,0,3,14,12,31,8,161,7090,21,20,97,97,20,14,47,4,7,218,650,16,210,431,1852,8708,175,18548,1367,15,14,22,417,396,598,133,484,1459,188,1425,7443,7,19,36,11215,335,102,414,224,20,8,1,0,12,3,4,3,11,7,1,221,11,6,26,12,7,13,11,3,22,186,3,131,55,568,5,464,1028,86,2,9,309,259,4,16,459,282,9,9,13,729,17,680,2365,9,122,4,1,1,3,5
12,8,17,31,9,5,11,11,38,234,44,44,7,243,91,79,13,3,29,20,139,2440,86,53,75,56,1367,62972,2601,388,17,119,21,8694,14,37,242,143,316,17237,672,274,85,1118,68,15985,5790,35,8,53,0,1,0,0,1,1,1,1,2,4,0,0,2,0,0,0,1,0,2,7,1,6,5,13,0,32,37,84,0,1,27,4,1,2,3,118,5,2,0,14,4,722,204,2,12,0,0,0,0,0
601,228,221,208,228,133,29,38,20,252,29,37,10,7279,326,152,6,8,74,11,32,5794,80,56,13,38,15,2601,102967,15063,49,161,81,310,82,138,95,11,131,134,26457,1020,230,83,101,1126,306,33,5895,173,1,7,1,5,1,5,1,0,12,24,6,1,0,1,13,4,33,5,59,4,14,0,21,0,6,0,1,1,2,11,1,2,4,9,0,4,21,43,5,2,40,8,6,0,0,7,1,5,5,6
471,202,228,319,127,97,26,19,32,194,19,137,47,32299,1472,311,29,37,162,19,228,661,160,146,14,91,14,388,15063,48691,191,1016,416,342,232,417,268,72,243,32,12601,6596,1042,113,323,94,669,23,1438,1951,2,4,8,8,9,7,0,7,23,80,34,2,5,0,15,13,62,16,139,4,17,8,51,1,17,0,3,0,4,38,0,6,19,24,8,2,84,77,8,10,64,1,5,0,0,2,2,4,17,7
4,12,3,54,3,9,16,549,101,366,205,140,267,120,355,12510,1521,3172,3261,327,1341,187,58,170,28,169,22,17,49,191,14204,246,391,151,354,637,499,202,203,5,117,260,13754,63,946,9,147,47,3,154,4,13,4,9,15,18,6,6,62,162,45,11,2,2,18,6,83,21,161,30,13,13,115,12,10,1,8,0,15,50,0,11,16,24,15,1,196,97,6,12,80,0,9,1,2,4,5,2,19,14
12,9,6,228,5,6,27,161,193,401,50,147,130,1048,1013,350,52,178,157,536,481,446,780,45,1030,5111,417,119,161,1016,246,23480,2149,4055,47,161,21,2072,31,112,227,901,1776,5388,8946,324,13851,8,16,745,0,0,2,0,0,0,3,1,4,39,0,3,6,3,5,6,4,0,12,82,2,59,15,139,3,209,198,27,0,2,124,98,1,10,201,188,7,2,2,270,6,214,821,4,67,1,3,1,0,2
2,11,6,69,0,3,13,2415,1590,581,398,3319,6854,296,409,278,878,572,229,5910,808,485,2281,41,3124,94,396,21,81,416,391,2149,12662,68,52,170,106,1379,15,10,159,762,1778,809,6200,91,2536,2,3,821,1,2,6,0,0,0,67,17,12,433,11,10,59,65,3,2,13,9,34,711,4,50,48,370,4,11,82,1,0,6,7,308,2,16,238,9,43,7,4,95,5,3,51,0,9,0,0,0,3,2
12,17,6,194,3,6,37,43,85,196,77,89,10,512,286,332,21,26,106,114,220,1309,317,65,283,5579,598,8694,310,342,151,4055,68,28462,32,79,36,1698,83,9442,155,266,513,12088,1030,3575,12888,15,7,107,1,0,0,0,0,0,0,0,1,15,3,0,4,2,0,3,5,0,0,19,0,33,8,78,0,149,205,161,3,0,124,32,1,0,53,588,2,1,6,91,16,1498,795,13,82,1,0,0,1,0
47,64,53,223,45,485,994,29,307,964,160,117,18,595,115,1841,16,18,103,119,273,289,39,1076,184,25,133,14,82,232,354,47,52,32,5572,2086,1736,39,7882,23,174,269,750,142,35,7,40,4466,42,73,64,132,80,79,159,167,3,7,37,82,57,5,12,1,146,32,357,9,257,13,27,21,73,8,25,3,5,1,34,65,1,13,61,81,23,2,238,435,40,5,582,4,12,0,3,148,49,13,28,23
36,18,18,61,9,8,23,96,1856,920,406,361,61,241,76,1949,64,55,6277,477,682,420,157,4970,781,103,484,37,138,417,637,161,170,79,2086,6438,1574,156,4160,67,230,449,1114,487,104,17,143,29,7,101,7,10,11,4,13,12,14,27,107,333,93,16,8,9,41,17,158,37,809,62,50,22,224,47,40,10,37,0,24,88,6,39,52,59,53,4,271,225,56,43,163,9,33,1,7,6,11,9,36,35
72,93,58,321,49,136,304,1136,13187,500,187,440,312,679,170,761,301,148,678,148,689,201,55,4190,208,8,1459,242,95,268,499,21,106,36,1736,1574,3786,5,5864,758,157,261,905,231,24,10,33,938,70,94,1,3,5,2,11,9,18,16,14,147,20,2,3,6,15,4,45,12,98,34,12,5,62,16,6,3,12,3,8,32,1,6,9,20,5,4,604,106,20,6,57,33,15,0,4,13,3,6,10,17
3,6,0,98,0,0,17,260,268,76,48,277,21,135,132,309,8,29,224,2604,58,638,1163,26,436,11135,188,143,11,72,202,2072,1379,1698,39,156,5,17531,16,44,26,78,564,7627,3249,138,1698,6,2,34,1,1,4,0,1,6,7,7,7,141,2,2,41,25,15,19,11,4,15,317,5,167,36,647,8,221,601,9,1,10,145,403,11,18,731,104,12,4,15,730,7,66,906,5,75,1,5,1,2,3
64,81,47,251,227,721,397,6,232,487,62,24,5,791,126,683,8,11,134,13,72,298,27,8537,244,15,1425,316,131,243,203,31,15,83,7882,4160,5864,16,39912,1100,171,243,490,551,13,15,26,9450,327,23,64,118,65,64,147,131,1,2,33,77,60,3,3,1,141,17,312,10,437,14,17,30,152,7,24,7,10,1,39,65,2,4,59,117,14,4,444,427,29,18,538,43,35,0,2,121,47,16,52,12
2,0,2,14,2,9,5,3,133,22,9,7,3,30,5,29,0,2,9,4,9,287,36,241,126,47,7443,17237,134,32,5,112,10,9442,23,67,758,44,1100,28517,43,21,21,7095,19,1380,891,128,8,0,1,0,0,0,1,1,0,1,1,1,1,0,3,3,0,1,1,0,3,6,2,23,19,61,1,107,255,614,1,0,78,11,2,0,12,576,16,0,1,37,40,4658,739,18,76,1,1,0,0,0
461,774,774,843,142,139,84,27,34,9954,60,152,18,1407,429,422,12,21,105,7,334,15613,120,99,6,30,7,672,26457,12601,117,227,159,155,174,230,157,26,171,43,59324,13527,614,55,125,273,310,27,97,1025,3,5,5,1,8,5,0,2,16,40,21,2,0,1,9,6,35,5,85,0,12,4,34,0,13,2,2,0,5,26,1,2,3,11,1,1,54,45,10,2,48,2,2,0,2,6,5,1,6,6
405,585,603,1041,110,104,101,52,54,6284,105,618,96,1770,1225,653,103,34,244,30,1600,1389,582,143,33,79,19,274,1020,6596,260,901,762,266,269,449,261,78,243,21,13527,31899,2562,155,288,201,1053,60,42,13336,2,5,0,2,13,5,0,9,41,89,37,8,7,0,18,3,43,17,95,6,18,4,72,4,6,2,2,0,3,29,2,3,20,17,4,1,79,46,20,2,33,2,10,0,1,5,4,3,12,9
40,79,18,3677,24,25,54,527,134,1843,265,763,809,1749,8408,10178,718,1179,632,554,5165,554,281,347,121,504,36,85,230,1042,13754,1776,1778,513,750,1114,905,564,490,21,614,2562,47985,207,3243,27,729,103,36,15135,19,43,24,19,37,53,8,12,95,257,73,6,2,4,39,15,160,32,291,39,29,28,196,26,15,14,25,1,22,94,3,36,40,44,49,5,314,151,19,34,148,2,40,1,2,17,15,5,41,15
2,4,2,71,9,15,25,101,932,259,173,364,44,122,73,171,14,11,213,392,112,2320,2847,672,2268,7092,11215,1118,83,113,63,5388,809,12088,142,487,231,7627,551,7095,55,155,207,52483,999,1427,5769,116,13,60,0,1,7,1,4,6,5,2,8,110,7,9,31,9,23,28,21,0,23,136,4,334,67,659,11,1224,1770,320,4,9,956,391,14,45,688,1512,16,9,27,928,47,2356,4824,24,452,5,7,2,8,11
10,25,2,403,8,2,37,1576,198,74,53,314,325,1001,1487,698,34,661,365,4741,79,410,707,27,1466,1617,335,68,101,323,946,8946,6200,1030,35,104,24,3249,13,19,125,288,3243,999,14036,66,1771,5,21,296,2,1,12,0,0,2,15,6,7,149,5,7,117,42,7,20,27,8,30,837,4,163,36,1104,2,87,201,8,3,21,68,632,4,34,1232,42,10,7,9,624,11,8,479,6,36,0,3,4,1,1
8,7,6,9,3,1,0,83,66,555,261,322,33,46,12,24,14,4,14,88,98,6247,2656,13,156,223,102,15985,1126,94,9,324,91,3575,7,17,10,138,15,1380,273,201,27,1427,66,9562,10625,3,5,42,0,0,0,0,0,0,0,0,1,6,0,0,2,1,0,0,1,0,0,2,0,7,2,12,0,19,9,29,0,1,6,6,1,1,10,62,1,0,0,8,1,174,81,0,10,0,0,0,0,0
10,12,4,98,0,2,27,108,244,1220,239,572,136,418,332,237,73,85,131,399,661,2507,7913,70,1129,2061,414,5790,306,669,147,13851,2536,12888,40,143,33,1698,26,891,310,1053,729,5769,1771,10625,32349,5,15,566,0,0,1,0,1,1,3,4,3,37,2,2,14,6,1,1,5,1,7,72,1,50,13,119,1,118,149,32,1,3,106,79,2,6,152,256,10,2,2,183,1,398,544,3,61,1,0,0,3,0
38,87,121,806,381,6517,2764,3,38,276,13,6,1,152,41,612,1,1,3,4,12,71,4,378,103,10,224,35,33,23,47,8,2,15,4466,29,938,6,9450,128,27,60,103,116,5,3,5,10330,588,2,25,92,33,93,213,143,1,0,0,7,10,0,0,0,25,3,80,0,19,2,2,4,11,3,0,0,1,0,4,4,2,0,2,7,1,1,38,89,5,2,99,4,5,0,1,461,6,1,5,3
1077,147,86,147,2679,2822,64,1,9,32,1,1,2,18068,114,44,0,0,2,2,3,32,1,54,9,8,20,8,5895,1438,3,16,3,7,42,7,70,2,327,8,97,42,36,13,21,5,15,588,13899,6,1,2,3,2,9,6,0,0,0,2,1,0,0,0,3,0,13,1,1,0,2,2,2,0,1,0,0,0,1,2,1,0,2,3,0,0,4,9,1,0,12,0,1,0,0,9,0,0,0,0
11,73,14,145,1,5,7,35,24,2385,39,540,223,1135,4224,117,146,54,44,21,2303,178,235,54,24,32,8,53,173,1951,154,745,821,107,73,101,94,34,23,0,1025,13336,15135,60,296,42,566,2,6,26693,1,1,0,0,1,2,0,1,6,29,5,2,1,0,0,0,11,4,29,6,1,1,13,2,3,3,0,0,1,5,1,2,2,1,4,0,20,3,0,3,3,0,3,0,0,1,0,0,4,0
5,19,21,68,3,23,31,0,2,5,1,0,0,80,11,36,1,0,1,1,2,2,0,1,2,0,1,0,1,2,4,0,1,1,64,7,1,1,64,1,3,2,19,0,2,0,0,25,1,1,51458,13331,2662,15734,16966,1016,2,1,2,4,179,2,3,0,13344,194,351,1,26,16,7,203,6,19,7,18,10,8,873,12,15,17,389,78,29,14,125,120,19,58,269,6,34,10,5,298,14106,99,180,84
24,72,204,226,9,54,128,1,4,20,3,0,1,197,14,106,0,0,4,0,1,11,0,3,4,0,0,1,7,4,13,0,2,0,132,10,3,1,118,0,5,5,43,1,1,0,0,92,2,1,13331,56738,20369,16404,2366,7690,3,0,3,9,463,17,2,1,11346,107,696,0,24,13,23,605,10,6,7,26,3,15,416,8,13,18,517,65,41,22,211,215,50,14,348,1,7,8,3,435,752,447,596,129
12,36,13,112,2,14,43,3,6,9,1,1,1,110,10,57,1,0,5,12,3,10,0,5,13,3,12,0,1,8,4,2,6,0,80,11,5,4,65,0,5,0,24,7,12,0,1,33,3,0,2662,20369,43309,509,1000,8489,10,12,15,26,538,23,25,10,18502,6219,3595,8,100,128,38,299,33,68,20,178,7,12,341,64,71,114,449,731,375,113,208,264,131,319,227,8,84,7,18,195,1011,264,482,194
25,29,774,171,73,750,77,0,2,7,1,0,0,90,13,47,0,0,1,0,0,4,0,3,2,0,3,0,5,8,9,0,0,0,79,4,2,0,64,0,1,2,19,1,0,0,0,93,2,0,15734,16404,509,37830,15142,19458,0,0,0,0,64,0,2,0,215,23,204,0,3,1,2,107,4,2,2,2,0,3,97,1,4,0,109,15,3,2,80,89,5,6,199,0,3,3,0,397,402,93,96,22
20,68,49,335,12,92,184,1,2,15,0,2,1,204,24,98,1,0,2,1,1,10,1,6,1,2,4,1,1,9,15,0,0,0,159,13,11,1,147,1,8,13,37,4,0,0,1,213,9,1,16966,2366,1000,15142,24008,11021,1,3,2,8,143,7,2,0,2482,68,590,0,35,6,14,191,23,44,15,22,54,32,262,7,8,12,344,54,13,18,256,1134,23,15,1747,39,52,6,4,6666,5421,166,143,47
14,85,68,279,9,62,149,0,1,17,2,0,0,182,24,93,0,1,6,2,0,10,0,4,7,0,3,1,5,7,18,0,0,0,167,12,9,6,131,1,5,5,53,6,2,0,1,143,6,2,1016,7690,8489,19458,11021,30343,1,3,4,13,413,13,5,1,514,65,2555,3,40,33,31,208,23,35,20,57,4,3,101,6,13,43,108,54,42,30,224,1993,49,63,469,4,32,2,6,998,121,171,269,175
0,1,0,1,2,1,0,367,640,1,7,10,111,1,0,9,5,4,20,295,1,8,2,3,55,0,11,1,1,0,6,3,67,0,3,14,18,7,1,0,0,0,8,5,15,0,3,1,0,0,2,3,10,0,1,1,3902,6836,1146,1355,39,122,113,5619,27,56,405,846,423,4735,25,162,128,53,62,15,24,5,5,451,24,3098,20,338,216,15,230,1,48,38,0,0,27,6,31,1,4,1,10,14
0,0,0,4,0,0,4,171,444,21,19,20,46,9,3,10,18,15,35,61,22,4,6,7,25,1,7,1,0,7,6,1,17,0,7,27,16,7,2,1,2,9,12,2,6,0,4,0,0,1,1,0,12,0,3,3,6836,16875,5144,4896,158,826,474,2348,21,22,256,4268,503,3571,222,725,106,61,40,28,17,13,10,302,52,512,7,166,537,44,387,2,39,86,2,6,37,37,72,1,4,4,11,21
2,1,0,9,3,0,6,74,133,51,16,38,13,27,8,56,18,31,85,23,95,16,4,33,18,0,1,2,12,23,62,4,12,1,37,107,14,7,33,1,16,41,95,8,7,1,3,0,0,6,2,3,15,0,2,4,1146,5144,9553,2613,805,1248,521,1022,19,36,1499,3568,3396,649,884,614,62,33,378,22,6,8,20,4174,59,615,43,224,447,29,208,12,127,65,10,5,13,17,60,0,5,22,67,93
5,1,5,22,2,1,16,1614,3909,141,104,233,468,56,25,140,131,126,349,1550,324,100,47,109,563,15,221,4,24,80,162,39,433,15,82,333,147,141,77,1,40,89,257,110,149,6,37,7,2,29,4,9,26,0,8,13,1355,4896,2613,56065,745,1248,1213,1283,47,54,380,808,3607,8768,692,1189,14070,5769,158,114,3232,44,69,424,108,1654,125,106,322,98,10779,100,136,305,64,49,591,57,131,10,11,55,163,184
7,5,7,20,2,5,21,48,97,34,15,25,1,53,11,71,12,27,78,4,73,25,8,31,12,3,11,0,6,34,45,0,11,3,57,93,20,2,60,1,21,37,73,7,5,0,2,10,1,5,179,463,538,64,143,413,39,158,805,745,35190,4566,2430,205,671,664,1948,442,1698,88,5286,2486,344,44,291,77,22,183,382,382,147,208,596,836,113,219,497,493,641,38,379,34,115,116,234,123,135,17237,20340,7517
0,0,0,4,0,0,3,24,58,11,5,5,4,6,2,9,2,4,12,14,19,5,1,4,7,2,6,0,1,2,11,3,10,0,5,16,2,2,3,0,2,8,6,9,7,0,2,0,0,2,2,17,23,0,7,13,122,826,1248,1248,4566,7390,9181,923,28,53,260,1603,570,163,8351,5462,103,88,186,26,21,45,29,494,25,340,40,124,33,62,152,46,295,32,25,7,77,82,125,4,7,67,221,620
0,0,0,4,0,0,1,27,102,3,4,12,9,2,1,7,0,3,9,143,1,5,13,6,172,7,26,2,0,5,2,6,59,4,12,8,3,41,3,3,0,7,2,31,117,2,14,0,0,1,3,2,25,2,2,5,113,474,521,1213,2430,9181,17814,9189,26,94,168,5521,224,1131,7091,8461,114,1186,325,37,129,65,26,965,79,7407,57,156,271,108,139,18,556,200,15,14,301,124,286,1,3,44,202,527
0,0,0,0,0,0,0,85,236,4,5,3,32,2,1,6,2,1,11,196,6,8,3,4,95,7,12,0,1,0,2,3,65,2,1,9,6,25,1,3,1,0,4,9,42,1,6,0,0,0,0,1,10,0,0,1,5619,2348,1022,1283,205,923,9189,17597,20,63,232,6735,245,1377,1080,782,124,281,250,22,68,24,6,1079,35,5715,16,278,210,39,165,12,197,24,4,4,61,51,97,2,0,6,20,90
13,30,21,77,6,15,39,6,21,22,3,5,2,207,27,104,1,2,10,6,8,18,1,9,15,5,7,0,13,15,18,5,3,0,146,41,15,15,141,0,9,18,39,23,7,0,1,25,3,0,13344,11346,18502,215,2482,514,27,21,19,47,671,28,26,20,74600,15177,1488,12,184,166,51,494,46,38,58,485,9,104,5818,126,296,283,22151,1955,1036,441,496,272,924,540,382,44,131,31,79,424,17377,452,965,369
0,7,0,8,0,1,3,6,11,8,1,3,3,40,4,12,2,2,7,16,3,7,6,3,27,6,13,0,4,13,6,6,2,3,32,17,4,19,17,1,6,3,15,28,20,0,1,3,0,0,194,107,6219,23,68,65,56,22,36,54,664,53,94,63,15177,47164,2384,31,218,228,145,630,62,47,216,503,25,195,1074,346,771,767,4324,9706,2057,630,185,79,7425,518,91,55,122,39,283,14,513,508,4102,3919
23,70,44,203,12,28,96,38,65,58,11,7,11,464,58,231,3,11,69,41,24,43,3,55,47,9,11,1,33,62,83,4,13,5,357,158,45,11,312,1,35,43,160,21,27,1,5,80,13,11,351,696,3595,204,590,2555,405,256,1499,380,1948,260,168,232,1488,2384,36218,218,7855,904,514,480,182,244,515,212,26,14,208,9991,141,531,364,8443,865,104,1191,5601,804,629,991,11,164,11,66,715,299,233,606,569
1,0,1,7,0,1,3,56,126,27,12,22,9,9,3,15,11,23,39,11,44,7,5,7,6,1,3,0,5,16,21,0,9,0,9,37,12,4,10,0,5,17,32,0,8,0,1,0,1,4,1,0,8,0,0,3,846,4268,3568,808,442,1603,5521,6735,12,31,218,14374,305,63,10925,727,103,30,1049,7,8,20,11,5487,39,494,27,73,109,29,230,10,262,6,6,10,27,21,70,0,1,10,89,283
34,13,11,36,20,13,48,89,222,75,24,37,26,236,35,281,19,32,329,80,116,69,8,235,65,4,22,2,59,139,161,12,34,0,257,809,98,15,437,3,85,95,291,23,30,0,7,19,1,29,26,24,100,3,35,40,423,503,3396,3607,1698,570,224,245,184,218,7855,305,12280,1136,1007,429,2843,417,521,70,128,12,143,2433,72,428,351,949,341,46,1178,2619,707,247,723,24,155,23,65,58,45,157,474,534
1,1,0,8,0,2,2,681,1499,1,16,97,280,14,13,35,6,21,50,1930,8,49,77,33,1408,30,186,7,4,4,30,82,711,19,13,62,34,317,14,6,0,6,39,136,837,2,72,2,0,6,16,13,128,1,6,33,4735,3571,649,8768,88,163,1131,1377,166,228,904,63,1136,23672,51,866,399,1941,78,229,618,21,17,413,219,7266,24,779,3544,157,266,45,125,3233,30,20,324,46,203,2,22,15,40,40
2,1,1,4,1,0,3,39,66,32,10,12,2,10,2,30,8,13,41,2,30,11,2,14,3,2,3,1,14,17,13,2,4,0,27,50,12,5,17,2,12,18,29,4,4,0,1,2,2,1,7,23,38,2,14,31,25,222,884,692,5286,8351,7091,1080,51,145,514,10925,1007,51,23652,1986,301,47,3607,92,18,253,68,1577,255,506,172,201,97,314,293,109,1043,35,70,38,119,120,395,9,14,155,974,5678
4,5,3,13,0,0,8,18,40,8,5,9,5,19,5,26,1,1,16,66,16,11,32,27,179,66,131,6,0,8,13,59,50,33,21,22,5,167,30,23,4,4,28,334,163,7,50,4,2,1,203,605,299,107,191,208,162,725,614,1189,2486,5462,8461,782,494,630,480,727,429,866,1986,49459,165,1432,274,717,612,2417,4868,418,796,9317,1951,406,935,2121,131,150,957,1307,114,381,3382,9937,7025,42,84,3569,1684,992
10,4,5,20,3,2,13,117,252,63,21,59,24,69,14,123,20,25,148,123,142,47,13,114,101,11,55,5,21,51,115,15,48,8,73,224,62,36,152,19,34,72,196,67,36,2,13,11,2,13,6,10,33,4,23,23,128,106,62,14070,344,103,114,124,46,62,182,103,2843,399,301,165,10902,2447,133,77,1392,64,68,174,71,256,147,57,48,78,5600,2848,144,83,1965,496,853,8,46,77,18,38,166,172
0,1,0,11,0,1,4,71,423,2,9,81,43,9,7,32,2,8,26,677,1,53,94,37,1911,131,568,13,0,1,12,139,370,78,8,47,16,647,7,61,0,4,26,659,1104,12,119,3,0,2,19,6,68,2,44,35,53,61,33,5769,44,88,1186,281,38,47,244,30,417,1941,47,1432,2447,14850,29,381,12591,199,15,50,378,3542,17,90,878,377,278,169,85,1832,519,1407,3276,59,328,62,52,11,13,41
2,1,1,4,1,0,3,15,31,9,2,2,0,31,6,26,2,9,16,5,9,8,0,9,11,1,5,0,6,17,10,3,4,0,25,40,6,8,24,1,13,6,15,11,2,0,1,0,1,3,7,7,20,2,15,20,62,40,378,158,291,186,325,250,58,216,515,1049,521,78,3607,274,133,29,9151,145,5,25,52,7673,248,586,230,1228,657,136,196,170,10846,61,117,17,35,13,98,18,15,66,622,6221
0,1,0,3,0,0,0,1,20,2,3,4,3,6,1,9,1,1,4,18,0,19,40,10,116,333,464,32,0,0,1,209,11,149,3,10,3,221,7,107,2,2,14,1224,87,19,118,0,0,3,18,26,178,2,22,57,15,28,22,114,77,26,37,22,485,503,212,7,70,229,92,717,77,381,145,20995,315,63,132,112,6062,442,408,515,5040,6982,24,26,354,12993,30,184,7784,50,587,10,84,38,163,138
0,0,0,5,0,0,1,53,251,5,3,16,12,6,4,11,1,0,17,228,4,35,90,36,551,427,1028,37,1,3,8,198,82,205,5,37,12,601,10,255,2,2,25,1770,201,9,149,1,0,0,10,3,7,0,54,4,24,17,6,3232,22,21,129,68,9,25,26,8,128,618,18,612,1392,12591,5,315,14402,779,9,12,378,717,13,21,348,464,761,94,15,292,938,6671,6135,39,251,74,40,8,11,11
0,0,0,0,0,0,0,1,4,1,0,1,0,1,0,0,0,0,2,3,0,2,4,1,9,41,86,84,1,0,0,27,1,161,1,0,3,9,1,614,0,0,1,320,8,29,32,0,0,0,8,15,12,3,32,3,5,13,8,44,183,45,65,24,104,195,14,20,12,21,253,2417,64,199,25,63,779,40066,2964,17,131,51,471,33,45,12152,127,10,142,40,333,18640,703,13868,1240,25,60,786,357,271
0,5,1,7,1,3,3,5,13,4,0,0,0,30,9,23,1,2,8,0,2,1,0,6,2,2,2,0,2,4,15,0,0,3,34,24,8,1,39,1,5,3,22,4,3,0,1,4,1,1,873,416,341,97,262,101,5,10,20,69,382,29,26,6,5818,1074,208,11,143,17,68,4868,68,15,52,132,9,2964,176803,28,193,104,25964,304,298,479,131,87,397,66,107,107,66,2601,190,40,19986,22033,3303,328
4,4,2,9,1,0,7,43,79,39,14,8,5,63,12,69,5,18,72,17,45,26,0,34,25,0,9,1,11,38,50,2,6,0,65,88,32,10,65,0,26,29,94,9,21,1,3,4,2,5,12,8,64,1,7,6,451,302,4174,424,382,494,965,1079,126,346,9991,5487,2433,413,1577,418,174,50,7673,112,12,17,28,22525,171,1219,93,7350,1195,105,275,74,2510,202,86,5,47,7,124,5,19,38,124,172
0,1,0,0,0,0,1,1,17,2,0,3,0,4,2,6,0,0,4,7,3,13,26,3,83,236,309,27,1,0,0,124,7,124,1,6,1,145,2,78,1,2,3,956,68,6,106,2,1,1,15,13,71,4,8,13,24,52,59,108,147,25,79,35,296,771,141,39,72,219,255,796,71,378,248,6062,378,131,193,171,20075,2929,607,468,5062,8840,24,21,924,1380,22,305,3907,82,7918,2,54,46,464,537
0,1,0,10,1,0,1,127,346,5,7,43,50,8,12,22,1,10,27,662,11,21,54,14,875,78,259,4,2,6,11,98,308,32,13,39,6,403,4,11,2,3,36,391,632,6,79,0,0,2,17,18,114,0,12,43,3098,512,615,1654,208,340,7407,5715,283,767,531,494,428,7266,506,9317,256,3542,586,442,717,51,104,1219,2929,37386,377,1162,14994,563,157,47,1715,1738,40,47,2137,109,3621,6,31,36,334,646
4,7,7,12,0,1,9,9,15,16,2,4,0,57,9,39,2,8,19,1,12,9,1,10,5,1,4,1,4,19,16,1,2,1,61,52,9,11,59,2,3,20,40,14,4,1,2,2,2,2,389,517,449,109,344,108,20,7,43,125,596,40,57,16,22151,4324,364,27,351,24,172,1951,147,17,230,408,13,471,25964,93,607,377,60453,821,847,777,266,185,1214,112,168,123,93,253,224,36,3041,14994,17517,1658
7,8,7,9,3,4,17,17,47,19,3,6,14,100,17,67,1,3,20,31,2,22,8,17,52,6,16,2,9,24,24,10,16,0,81,59,20,18,117,0,11,17,44,45,34,1,6,7,3,1,78,65,731,15,54,54,338,166,224,106,836,124,156,278,1955,9706,8443,73,949,779,201,406,57,90,1228,515,21,33,304,7350,468,1162,821,27838,2416,301,395,193,10384,932,213,22,156,18,178,20,250,212,789,1181
0,0,0,16,0,0,2,30,154,5,6,48,18,17,13,32,2,4,31,345,5,58,151,27,1176,130,459,3,0,8,15,201,238,53,23,53,5,731,14,12,1,4,49,688,1232,10,152,1,0,4,29,41,375,3,13,42,216,537,447,322,113,33,271,210,1036,2057,865,109,341,3544,97,935,48,878,657,5040,348,45,298,1195,5062,14994,847,2416,17989,1044,35,18,1192,5355,21,34,905,44,793,3,121,63,293,268
0,0,0,1,0,0,0,2,18,4,2,6,1,2,2,1,1,1,2,6,1,32,25,9,64,274,282,118,4,2,1,188,9,588,2,4,4,104,4,576,1,1,5,1512,42,62,256,1,0,0,14,22,113,2,18,30,15,44,29,98,219,62,108,39,441,630,104,29,46,157,314,2121,78,377,136,6982,464,12152,479,105,8840,563,777,301,1044,48353,36,18,464,1407,75,9007,8751,8912,6697,3,85,164,545,493
21,18,15,59,11,8,38,242,664,118,28,71,81,244,66,213,33,35,173,134,213,49,3,135,21,5,9,5,21,84,196,7,43,2,238,271,604,12,444,16,54,79,314,16,10,1,10,38,4,20,125,211,208,80,256,224,230,387,208,10779,497,152,139,165,496,185,1191,230,1178,266,293,131,5600,278,196,24,761,127,131,275,24,157,266,395,35,36,3581,3002,277,24,6138,354,180,4,25,302,126,86,213,238
29,77,56,236,9,37,124,2,17,66,12,4,1,526,73,294,0,5,53,9,8,91,2,52,11,1,9,2,43,77,97,2,7,1,435,225,106,4,427,0,45,46,151,9,7,0,2,89,9,3,120,215,264,89,1134,1993,1,2,12,100,493,46,18,12,272,79,5601,10,2619,45,109,150,2848,169,170,26,94,10,87,74,21,47,185,193,18,18,3002,17035,310,36,11453,36,101,4,10,4588,159,72,216,265
1,3,2,10,0,0,2,14,12,15,2,3,0,63,9,38,5,2,21,6,6,23,2,8,16,3,13,0,5,8,6,2,4,6,40,56,20,15,29,1,10,20,19,27,9,0,2,5,1,0,19,50,131,5,23,49,48,39,127,136,641,295,556,197,924,7425,804,262,707,125,1043,957,144,85,10846,354,15,142,397,2510,924,1715,1214,10384,1192,464,277,310,53462,182,179,39,114,52,605,29,112,248,2842,16092
1,1,0,12,0,1,2,11,84,8,4,22,7,9,8,26,0,1,24,81,2,39,135,33,685,333,729,14,2,10,12,270,95,91,5,43,6,730,18,37,2,2,34,928,624,8,183,2,0,3,58,14,319,6,15,63,38,86,65,305,38,32,200,24,540,518,629,6,247,3233,35,1307,83,1832,61,12993,292,40,66,202,1380,1738,112,932,5355,1407,24,36,182,25719,40,73,7361,44,516,14,68,25,64,50
40,111,70,301,15,45,137,5,15,103,10,0,3,785,112,387,0,1,37,9,7,92,1,22,6,3,17,4,40,64,80,6,5,16,582,163,57,7,538,40,48,33,148,47,11,1,1,99,12,3,269,348,227,199,1747,469,0,2,10,64,379,25,15,4,382,91,991,6,723,30,70,114,1965,519,117,30,938,333,107,86,22,40,168,213,21,75,6138,11453,179,40,26505,876,597,6,25,10785,685,71,157,114
0,0,0,0,0,0,0,0,12,4,2,1,0,2,0,1,0,0,2,6,2,31,19,14,45,288,680,722,8,1,0,214,3,1498,4,9,33,66,43,4658,2,2,2,2356,8,174,398,4,0,0,6,1,8,0,39,4,0,6,5,49,34,7,14,4,44,55,11,10,24,20,38,381,496,1407,17,184,6671,18640,107,5,305,47,123,22,34,9007,354,36,39,73,876,40572,8553,757,551,70,30,32,64,52
1,0,0,15,1,5,2,9,102,14,9,19,0,15,18,29,1,3,24,61,10,72,170,76,602,1143,2365,204,6,5,9,821,51,795,12,33,15,906,35,739,2,10,40,4824,479,81,544,5,1,3,34,7,84,3,52,32,27,37,13,591,115,77,301,61,131,122,164,27,155,324,119,3382,853,3276,35,7784,6135,703,66,47,3907,2137,93,156,905,8751,180,101,114,7361,597,8553,35991,294,2426,55,62,47,101,119
0,1,0,1,0,0,0,1,1,0,0,0,0,0,1,2,0,1,1,3,0,1,2,1,4,5,9,2,0,0,1,4,0,13,0,1,0,5,0,18,0,0,1,24,6,0,3,0,0,0,10,8,7,3,6,2,6,37,17,57,116,82,124,51,31,39,11,21,23,46,120,9937,8,59,13,50,39,13868,2601,7,82,109,253,18,44,8912,4,4,52,44,6,757,294,21091,7689,2,19,1035,146,92
1,0,0,2,0,0,0,1,11,2,1,1,2,2,1,5,0,0,1,16,0,9,12,9,37,110,122,12,0,0,2,67,9,82,3,7,4,75,2,76,2,1,2,452,36,10,61,1,0,0,5,3,18,0,4,6,31,72,60,131,234,125,286,97,79,283,66,70,65,203,395,7025,46,328,98,587,251,1240,190,124,7918,3621,224,178,793,6697,25,10,605,516,25,551,2426,7689,17412,5,14,101,342,500
23,113,84,759,18,172,406,0,3,9,0,1,0,117,9,120,0,0,1,2,1,6,0,4,2,2,4,0,7,2,4,1,0,1,148,6,13,1,121,1,6,5,17,5,0,0,1,461,9,1,298,435,195,397,6666,998,1,1,0,10,123,4,1,2,424,14,715,0,58,2,9,42,77,62,18,10,74,25,40,5,2,6,36,20,3,3,302,4588,29,14,10785,70,55,2,5,8810,1048,24,49,54
1,8,7,15,3,8,17,1,5,3,0,1,0,37,4,24,0,0,5,3,0,3,1,1,3,1,1,0,1,2,5,3,0,0,49,11,3,5,47,1,5,4,15,7,3,0,0,6,0,0,14106,752,1011,402,5421,121,4,4,5,11,135,7,3,0,17377,513,299,1,45,22,14,84,18,52,15,84,40,60,19986,19,54,31,3041,250,121,85,126,159,112,68,685,30,62,19,14,1048,50425,230,1660,74
0,1,1,4,0,1,5,3,4,3,0,2,1,15,2,12,0,0,8,0,0,0,0,5,1,0,1,0,5,4,2,1,0,0,13,9,6,1,16,0,1,3,5,2,4,0,0,1,0,0,99,447,264,93,166,171,1,4,22,55,17237,67,44,6,452,508,233,10,157,15,155,3569,38,11,66,38,8,786,22033,38,46,36,14994,212,63,164,86,72,248,25,71,32,47,1035,101,24,230,54844,7743,522
3,9,3,8,0,0,5,14,20,14,7,2,1,24,7,31,0,5,34,4,10,15,2,13,2,2,3,0,5,17,19,0,3,1,28,36,10,2,52,0,6,12,41,8,1,0,3,5,0,4,180,596,482,96,143,269,10,11,67,163,20340,221,202,20,965,4102,606,89,474,40,974,1684,166,13,622,163,11,357,3303,124,464,334,17517,789,293,545,213,216,2842,64,157,64,101,146,342,49,1660,7743,44333,10540
2,1,1,9,0,0,5,10,19,10,3,6,0,28,4,32,2,7,26,3,9,13,1,8,5,4,5,0,6,7,14,2,2,0,23,35,17,3,12,0,6,9,15,11,1,0,0,3,0,0,84,129,194,22,47,175,14,21,93,184,7517,620,527,90,369,3919,569,283,534,40,5678,992,172,41,6221,138,11,271,328,172,537,646,1658,1181,268,493,238,265,16092,50,114,52,119,92,500,54,74,522,10540,19849
