13196,6838,18020,1665,12553,4534,866,26,7,88,6,6,4,7983,712,197,4,7,9,19,11,520,9,1,3,21,4,20,501,1006,6,23,8,15,41,14,35,12,36,0,472,129,120,13,29,6,6,116,1838,11,15,32,40,43,29,111,0,1,2,1,7,0,0,0,36,21,34,0,7,0,1,2,2,0,0,0,0,0,11,1,0,0,6,17,0,0,10,63,3,0,14,0,1,0,0,33,7,4,6,0
6838,37631,9786,19779,1195,2446,2506,81,19,353,38,6,17,9779,5563,1042,13,27,43,73,27,980,15,1,9,68,5,34,351,976,38,76,26,38,167,69,71,47,81,3,656,316,309,21,81,7,17,306,435,35,77,81,99,191,90,389,0,0,0,0,26,3,0,0,98,37,107,0,11,1,2,6,3,0,4,0,0,0,17,6,0,1,14,41,1,0,35,134,5,1,22,1,0,0,0,106,20,6,15,2
18020,9786,25066,6875,7833,9945,12095,8,7,84,4,2,0,1263,101,114,0,0,3,5,6,870,1,1,2,8,1,27,418,1007,2,13,3,6,57,4,23,11,17,1,618,223,30,8,4,6,4,128,414,14,187,108,35,1556,75,564,0,0,0,0,4,0,0,0,37,20,31,0,1,0,0,3,2,0,0,0,0,0,9,1,0,0,7,10,1,0,8,53,5,0,11,0,1,0,0,53,6,2,6,3
1665,19779,6875,39244,887,2847,15410,288,75,844,107,29,76,3944,6880,9241,42,84,191,308,139,1003,46,18,59,241,27,33,284,1056,477,199,79,80,579,367,183,201,196,7,710,425,2961,99,278,13,37,1003,352,134,139,180,193,387,225,763,1,4,4,2,56,0,0,1,217,80,230,0,33,3,5,15,15,2,10,0,2,0,28,7,0,6,26,99,4,0,112,252,8,2,48,0,2,0,1,224,48,13,38,6
12553,1195,7833,887,22077,19591,734,18,5,62,3,1,3,4120,461,152,2,3,8,11,7,205,4,1,2,26,2,11,419,531,7,21,6,26,41,16,25,12,62,7,238,46,158,5,23,8,4,211,5163,7,21,23,24,55,26,83,0,0,0,1,4,0,0,0,28,13,53,0,6,0,0,0,2,1,2,1,0,1,10,2,0,1,8,21,0,0,8,75,4,1,28,0,0,0,0,28,12,1,8,0
4534,2446,9945,2847,19591,37223,16609,7,11,109,6,2,4,1378,436,266,3,2,8,10,6,400,2,9,5,9,18,15,285,440,5,10,7,7,450,21,42,3,200,6,340,91,47,25,6,10,2,3560,2633,8,52,90,63,489,105,464,0,0,0,2,20,0,0,0,69,39,70,0,7,0,0,5,4,1,0,0,0,0,16,0,0,0,8,32,0,0,21,94,1,3,21,0,0,0,0,123,25,1,8,1
866,2506,12095,15410,734,16609,21181,16,18,258,14,6,6,387,152,1526,5,5,16,40,46,209,2,23,18,26,9,10,69,188,22,23,12,10,1513,72,102,26,291,3,163,97,185,14,16,5,3,1509,169,31,111,156,140,964,227,1344,1,2,3,2,18,0,1,0,170,45,153,0,15,1,3,6,4,1,6,0,0,0,30,3,0,1,20,62,1,0,65,195,2,1,37,0,1,0,0,259,38,6,20,4
26,81,8,288,18,7,16,44322,5412,221,2352,1150,10637,275,197,704,4288,5153,3182,11106,1402,2978,399,116,613,801,449,102,29,130,914,1146,1237,289,51,202,645,468,42,28,53,108,1496,342,2798,58,292,8,18,84,1,1,4,0,0,2,21,97,60,162,20,10,12,5,6,4,11,13,44,116,26,7,47,130,28,2,11,0,3,19,0,87,3,4,83,1,469,8,3,13,1,1,11,0,1,3,0,1,10,3
7,19,7,75,5,11,18,5412,49622,147,760,692,2214,17,22,197,860,86,6103,3644,283,1527,203,7986,6178,123,2602,29,16,38,44,275,598,94,168,1490,8761,245,580,64,31,30,93,933,303,16,129,50,4,22,2,3,4,0,1,6,43,400,88,1918,23,11,21,28,12,6,9,40,147,306,44,14,142,170,28,1,17,1,3,21,3,145,10,10,133,1,2125,17,12,23,3,2,15,0,1,1,2,1,14,11
88,353,84,844,62,109,258,221,147,28960,4390,2863,237,385,481,1627,277,34,570,131,4462,5212,272,92,69,129,64,97,206,142,140,479,582,146,519,932,785,134,577,13,10348,6543,2236,271,121,48,329,320,81,3270,9,9,26,5,5,44,1,20,22,23,56,6,3,0,46,18,93,7,85,5,27,6,23,2,37,1,2,0,8,8,0,2,29,50,5,1,540,124,21,3,46,4,0,0,0,14,12,4,16,19
6,38,4,107,3,6,14,2352,760,4390,3952,9235,1055,95,57,362,1275,133,752,331,1950,4289,1097,25,142,80,79,42,25,64,110,135,582,67,67,243,100,123,90,14,174,183,343,241,71,88,181,26,6,61,1,1,1,0,2,2,0,7,9,12,4,0,0,0,5,2,11,0,17,5,5,2,5,2,7,0,2,0,1,2,0,2,2,2,1,0,71,17,7,1,3,0,1,0,0,2,0,0,5,5
6,6,2,29,1,2,6,1150,692,2863,9235,17410,6046,35,16,93,4723,128,196,1324,3819,1363,3661,52,1041,137,348,48,23,87,49,316,7724,86,30,111,132,591,36,10,135,372,173,793,348,78,426,5,3,126,0,0,0,0,0,0,0,5,8,8,0,1,1,2,0,0,2,0,6,7,2,2,3,11,2,2,22,0,0,1,0,5,1,0,11,0,92,3,0,1,0,2,4,0,1,0,0,0,1,1
4,17,0,76,3,4,6,10637,2214,237,1055,6046,20627,243,122,140,4803,481,227,2329,943,544,275,66,2120,157,818,27,27,224,216,658,4882,72,17,75,289,150,12,2,70,168,621,250,1764,25,139,4,8,166,0,0,1,0,0,0,3,11,5,33,0,2,3,2,3,2,3,0,6,78,2,2,9,80,4,3,8,1,0,3,0,44,2,1,58,0,50,0,4,13,1,0,12,1,1,0,0,0,0,3
7983,9779,1263,3944,4120,1378,387,275,17,385,95,35,243,63961,14369,1010,67,112,129,141,183,885,52,19,38,278,28,80,3198,23870,106,574,201,135,243,184,302,135,236,13,1310,1382,3487,73,473,14,115,296,10512,1961,45,55,47,47,32,120,2,2,5,6,46,1,0,1,101,47,169,1,40,1,7,11,12,3,8,0,5,0,31,8,0,0,25,77,2,0,136,209,17,1,64,1,1,0,1,40,21,6,28,17
712,5563,101,6880,461,436,152,197,22,481,57,16,122,14369,13334,1253,53,151,124,123,154,850,16,5,16,149,18,30,485,2390,163,243,92,55,99,95,83,76,67,2,871,910,10924,48,280,7,49,125,519,1650,19,25,28,17,23,57,0,0,5,2,12,0,0,0,29,8,53,0,8,1,0,2,4,1,2,0,0,0,6,1,0,0,7,19,1,0,37,41,1,1,9,1,3,0,0,24,5,2,4,2
197,1042,114,9241,152,266,1526,704,197,1627,362,93,140,1010,1253,22426,367,1099,2869,550,1126,589,39,28,101,129,28,13,135,500,7541,146,98,60,2165,3035,323,161,401,9,449,411,11850,82,223,4,30,564,140,165,70,75,104,53,52,184,0,8,7,14,72,2,0,3,152,68,275,2,93,7,9,20,20,8,31,0,2,0,39,14,0,8,40,128,8,1,276,279,30,9,93,0,3,0,1,78,32,10,51,26
4,13,0,42,2,3,5,4288,860,277,1275,4723,4803,67,53,367,4211,1595,503,194,8033,407,146,23,114,51,59,12,15,80,1472,236,974,23,19,81,109,50,22,5,42,96,608,99,178,2,85,1,6,133,1,0,0,0,0,0,2,8,10,23,5,1,1,1,0,1,1,4,5,1,4,2,5,0,4,1,0,0,0,1,0,3,1,2,6,0,129,4,1,1,0,0,2,0,0,0,0,0,3,0
7,27,0,84,3,2,5,5153,86,34,133,128,481,112,151,1099,1595,2667,2100,55,1366,159,19,8,20,60,18,2,10,65,2792,145,140,28,7,25,39,23,11,3,24,45,1278,25,221,1,23,4,9,41,0,0,0,0,0,1,1,10,5,11,3,1,0,1,0,1,2,0,7,1,2,0,0,0,3,0,1,0,3,1,0,0,0,2,1,0,48,2,1,0,1,0,0,0,0,0,1,0,3,0
9,43,3,191,8,8,16,3182,6103,570,752,196,227,129,124,2869,503,2100,11803,1583,910,464,74,934,658,103,154,14,34,127,1103,155,171,50,77,1283,679,190,205,14,100,119,1127,215,219,13,39,14,14,77,1,2,7,3,0,8,3,60,63,88,55,7,2,2,15,15,34,10,338,13,40,6,29,7,51,1,3,0,3,23,0,13,6,16,13,0,686,47,25,2,15,1,4,0,1,4,2,3,29,25
19,73,5,308,11,10,40,11106,3644,131,331,1324,2329,141,123,550,194,55,1583,17603,206,974,648,140,3838,369,884,40,33,93,139,435,3207,130,136,782,204,2299,105,16,49,84,632,1644,3082,76,158,12,12,58,0,2,5,2,2,4,6,8,3,46,6,2,9,10,5,3,5,2,14,94,5,12,16,159,4,3,82,0,2,3,0,95,7,7,132,2,50,8,7,36,2,2,22,1,1,1,1,0,4,2
11,27,6,139,7,6,46,1402,283,4462,1950,3819,943,183,154,1126,8033,1366,910,206,24644,665,229,85,119,250,73,93,85,478,1672,1033,1012,188,248,684,658,135,331,19,616,1958,5986,235,462,22,333,50,15,2773,4,5,8,0,1,5,1,13,18,26,33,2,2,0,17,5,37,3,58,5,11,4,22,0,24,0,4,0,6,10,0,0,13,12,6,1,490,36,8,2,14,0,0,0,1,4,7,0,17,9
520,980,870,1003,205,400,209,2978,1527,5212,4289,1363,544,885,850,589,407,159,464,974,665,15434,4203,58,715,491,500,3993,3583,658,107,390,358,1629,167,319,240,614,218,369,13028,766,1366,1869,322,7013,1443,152,170,264,13,3,10,9,7,25,1,9,10,18,26,1,1,0,33,16,77,1,39,3,11,6,7,9,25,7,13,0,9,4,7,6,10,48,5,17,161,70,10,3,20,50,22,1,7,10,3,3,14,13
9,15,1,46,4,2,2,399,203,272,1097,3661,275,52,16,39,146,19,74,648,229,4203,7330,58,540,1457,994,425,163,45,11,1083,2759,1166,9,55,25,1540,60,144,45,68,92,4904,506,2880,6819,20,5,21,0,0,0,0,0,0,0,0,0,0,3,0,0,1,0,1,0,0,1,1,0,2,2,6,0,5,31,2,0,0,10,4,0,1,7,13,7,0,0,17,0,28,17,1,2,0,0,0,1,0
1,1,1,18,1,9,23,116,7986,92,25,52,66,19,5,28,23,8,934,140,85,58,58,5625,1303,25,3404,37,18,33,3,72,81,78,306,5632,4430,54,6594,184,32,32,51,741,39,2,47,462,19,9,0,3,1,3,0,2,4,33,26,87,20,2,0,0,5,3,10,6,59,13,7,0,14,3,7,1,6,0,1,5,1,8,1,5,3,0,364,15,3,1,1,3,1,0,0,3,0,0,6,1
3,9,2,59,2,5,18,613,6178,69,142,1041,2120,38,16,101,114,20,658,3838,119,715,540,1303,5412,134,5555,58,24,49,13,270,2388,127,130,743,384,508,397,85,28,39,100,2907,853,50,158,78,6,29,1,0,0,0,0,0,4,8,3,49,4,0,9,7,12,11,2,1,13,93,2,3,16,142,2,7,97,0,2,5,5,100,5,1,120,1,43,3,4,23,0,5,21,0,0,0,0,0,3,0
21,68,8,241,26,9,26,801,123,129,80,137,157,278,149,129,51,60,103,369,250,491,1457,25,134,21503,712,181,51,165,115,11193,490,4698,24,108,24,4830,57,121,53,96,752,12226,2639,166,2161,41,38,48,0,1,0,0,1,3,0,0,0,1,1,0,0,0,0,1,1,0,2,0,2,8,0,0,1,37,33,3,0,0,24,6,0,0,5,24,8,5,1,28,0,49,50,3,15,0,1,0,1,0
4,5,1,27,2,18,9,449,2602,64,79,348,818,28,18,28,59,18,154,884,73,500,994,3404,5555,712,21393,1007,33,43,13,1377,1276,1135,88,333,1820,789,1432,7428,15,36,46,18882,1814,85,923,901,38,25,2,2,5,1,3,11,0,2,0,7,2,0,2,0,2,2,1,0,5,11,2,11,4,41,4,32,305,5,0,0,15,32,0,3,60,48,17,3,0,68,1,113,58,0,21,8,0,1,2,0
20,34,27,33,11,15,10,102,29,97,42,48,27,80,30,13,12,2,14,40,93,3993,425,37,58,181,1007,40333,1032,122,3,229,71,9983,3,18,79,123,87,14459,229,61,83,752,136,16261,7086,67,16,22,0,0,1,0,2,0,0,0,0,0,0,0,0,0,1,0,1,0,3,1,0,1,0,2,2,0,3,7,0,0,3,1,0,1,1,28,10,2,0,1,0,119,6,6,3,0,1,0,1,1
501,351,418,284,419,285,69,29,16,206,25,23,27,3198,485,135,15,10,34,33,85,3583,163,18,24,51,33,1032,100631,14254,10,99,39,178,35,79,122,38,84,59,24506,652,405,120,53,710,144,53,7895,128,5,2,12,5,2,12,0,1,0,0,12,0,0,0,14,7,46,1,25,1,5,0,7,0,6,0,1,1,8,5,0,1,4,17,1,2,57,47,1,2,17,9,1,0,0,5,3,2,8,7
1006,976,1007,1056,531,440,188,130,38,142,64,87,224,23870,2390,500,80,65,127,93,478,658,45,33,49,165,43,122,14254,46343,66,626,311,129,168,313,460,90,312,19,7712,5590,2616,99,339,25,169,172,2072,1946,18,8,26,8,11,32,0,7,6,1,43,2,1,1,62,32,143,2,67,4,11,8,17,0,31,2,3,0,19,11,0,0,26,72,2,1,222,153,21,1,59,0,0,0,0,19,5,10,40,22
6,38,2,477,7,5,22,914,44,140,110,49,216,106,163,7541,1472,2792,1103,139,1672,107,11,3,13,115,13,3,10,66,8390,141,68,45,94,224,74,55,63,0,32,82,12389,24,172,4,25,45,13,82,9,2,9,3,1,5,0,0,1,10,7,1,1,0,17,7,28,1,13,1,4,3,5,1,6,0,2,0,6,1,0,0,9,6,1,1,68,31,5,0,8,0,0,0,0,5,5,2,6,1
23,76,13,199,21,10,23,1146,275,479,135,316,658,574,243,146,236,145,155,435,1033,390,1083,72,270,11193,1377,229,99,626,141,28462,3769,5922,27,120,36,3231,80,179,226,540,913,6023,4096,103,13430,42,45,329,0,0,0,1,0,0,0,2,0,1,0,0,1,0,1,0,0,0,1,1,1,8,2,2,1,52,55,8,1,0,41,7,0,1,6,104,22,1,0,27,0,156,109,10,32,1,0,0,1,0
8,26,3,79,6,7,12,1237,598,582,582,7724,4882,201,92,98,974,140,171,3207,1012,358,2759,81,2388,490,1276,71,39,311,68,3769,17014,188,36,147,54,1835,75,21,164,404,378,2562,6234,57,2152,17,15,235,0,0,0,1,0,0,0,2,4,7,4,1,3,1,0,1,3,0,4,13,1,4,2,20,1,7,55,0,0,2,2,30,0,1,26,3,15,1,0,15,1,6,7,0,3,0,0,0,2,0
15,38,6,80,26,7,10,289,94,146,67,86,72,135,55,60,23,28,50,130,188,1629,1166,78,127,4698,1135,9983,178,129,45,5922,188,33182,13,73,85,780,135,11166,73,80,266,8766,598,3633,14635,86,18,48,0,0,0,0,0,1,0,0,0,1,1,0,0,0,0,0,2,0,2,0,0,7,1,5,0,26,28,55,0,0,59,2,0,0,1,449,9,2,1,7,0,1036,164,49,50,1,0,0,1,1
41,167,57,579,41,450,1513,51,168,519,67,30,17,243,99,2165,19,7,77,136,248,167,9,306,130,24,88,3,35,168,94,27,36,13,2674,1369,524,63,4525,8,133,133,731,83,27,2,11,1793,87,87,35,51,58,32,59,79,0,5,14,12,28,1,3,0,75,46,141,3,54,2,4,6,11,1,21,1,2,0,20,11,0,2,21,71,2,0,192,167,22,2,42,0,2,0,0,71,21,6,22,11
14,69,4,367,16,21,72,202,1490,932,243,111,75,184,95,3035,81,25,1283,782,684,319,55,5632,743,108,333,18,79,313,224,120,147,73,1369,10350,2617,247,5029,32,213,234,1210,342,108,9,34,227,37,139,10,7,22,3,5,19,3,33,47,51,115,6,5,2,78,43,159,7,211,11,42,18,41,7,72,2,4,0,27,30,2,11,36,75,17,0,993,189,61,5,53,0,2,0,1,13,11,5,49,62
35,71,23,183,25,42,102,645,8761,785,100,132,289,302,83,323,109,39,679,204,658,240,25,4430,384,24,1820,79,122,460,74,36,54,85,524,2617,4387,18,7710,449,276,293,801,283,20,6,21,1891,62,185,1,3,10,5,4,10,13,72,9,276,4,0,1,7,14,7,21,5,17,19,5,1,110,12,4,0,1,0,6,3,0,14,1,10,3,4,1940,20,1,2,10,3,1,1,0,22,2,0,2,2
12,47,11,201,12,3,26,468,245,134,123,591,150,135,76,161,50,23,190,2299,135,614,1540,54,508,4830,789,123,38,90,55,3231,1835,780,63,247,18,13881,89,45,41,82,325,9616,5292,79,1027,32,14,42,0,0,0,0,0,3,0,1,1,3,2,0,0,1,1,1,0,0,1,0,1,9,2,7,1,14,148,0,0,0,7,17,1,0,43,4,7,0,2,45,0,0,25,0,4,0,0,0,0,3
36,81,17,196,62,200,291,42,580,577,90,36,12,236,67,401,22,11,205,105,331,218,60,6594,397,57,1432,87,84,312,63,80,75,135,4525,5029,7710,89,21521,402,161,189,555,699,50,9,35,8050,180,79,39,48,51,16,28,82,1,14,25,18,75,1,1,2,118,44,210,3,85,4,11,17,18,4,31,4,2,0,47,13,0,3,17,102,9,2,657,212,24,2,53,4,4,0,1,52,29,4,41,14
0,3,1,7,7,6,3,28,64,13,14,10,2,13,2,9,5,3,14,16,19,369,144,184,85,121,7428,14459,59,19,0,179,21,11166,8,32,449,45,402,33734,18,8,15,10559,43,662,1027,287,12,3,1,0,0,1,0,0,0,0,1,1,0,0,0,0,0,0,0,0,1,0,0,1,0,3,0,7,28,88,0,0,18,2,0,0,2,370,1,1,0,4,0,1216,70,40,29,2,0,0,0,0
472,656,618,710,238,340,163,53,31,10348,174,135,70,1310,871,449,42,24,100,49,616,13028,45,32,28,53,15,229,24506,7712,32,226,164,73,133,213,276,41,161,18,54180,13025,1319,60,90,90,110,120,228,722,9,5,4,5,2,28,2,4,6,7,25,2,0,1,30,11,59,1,52,3,7,6,8,0,17,0,3,0,14,8,1,2,13,29,5,2,147,89,9,3,21,1,0,0,1,12,6,2,18,11
129,316,223,425,46,91,97,108,30,6543,183,372,168,1382,910,411,96,45,119,84,1958,766,68,32,39,96,36,61,652,5590,82,540,404,80,133,234,293,82,189,8,13025,17289,4052,129,183,21,166,102,48,9524,6,5,2,1,2,9,0,3,7,8,10,0,0,0,17,11,48,2,33,0,7,4,7,0,15,0,0,0,7,7,0,2,8,24,2,0,183,47,9,1,18,1,1,0,0,6,2,0,13,9
120,309,30,2961,158,47,185,1496,93,2236,343,173,621,3487,10924,11850,608,1278,1127,632,5986,1366,92,51,100,752,46,83,405,2616,12389,913,378,266,731,1210,801,325,555,15,1319,4052,48871,188,1089,14,178,359,215,11351,27,16,37,5,14,45,0,4,7,14,58,2,2,0,65,26,143,2,105,3,8,8,18,2,18,0,2,0,19,12,0,4,29,67,4,1,368,131,15,7,34,1,2,0,0,21,17,3,32,8
13,21,8,99,5,25,14,342,933,271,241,793,250,73,48,82,99,25,215,1644,235,1869,4904,741,2907,12226,18882,752,120,99,24,6023,2562,8766,83,342,283,9616,699,10559,60,129,188,56652,1551,620,4934,550,35,57,2,2,5,1,3,2,0,2,0,5,3,0,2,0,2,0,3,0,6,4,1,17,2,20,1,145,244,29,0,1,113,35,1,1,59,354,10,5,1,97,0,692,278,20,83,4,0,0,1,0
29,81,4,278,23,6,16,2798,303,121,71,348,1764,473,280,223,178,221,219,3082,462,322,506,39,853,2639,1814,136,53,339,172,4096,6234,598,27,108,20,5292,50,43,90,183,1089,1551,13164,38,565,19,33,178,0,0,0,0,0,0,1,0,3,4,3,1,0,1,5,4,0,0,1,7,0,18,2,24,2,19,348,0,0,4,5,28,1,1,88,1,26,2,1,64,0,1,41,0,7,0,0,0,1,1
6,7,6,13,8,10,5,58,16,48,88,78,25,14,7,4,2,1,13,76,22,7013,2880,2,50,166,85,16261,710,25,4,103,57,3633,2,9,6,79,9,662,90,21,14,620,38,9515,7587,8,7,3,0,0,0,0,0,1,0,0,0,0,0,0,0,0,0,0,3,0,0,0,0,0,0,0,0,0,3,2,0,0,0,0,0,0,0,14,1,3,0,1,0,38,5,0,1,0,0,0,0,0
6,17,4,37,4,2,3,292,129,329,181,426,139,115,49,30,85,23,39,158,333,1443,6819,47,158,2161,923,7086,144,169,25,13430,2152,14635,11,34,21,1027,35,1027,110,166,178,4934,565,7587,29363,22,5,73,0,0,0,0,0,1,0,0,1,0,1,0,0,0,0,0,1,0,3,2,0,3,1,1,1,31,24,15,0,0,30,5,0,1,4,142,6,1,0,14,1,343,74,12,29,0,0,0,1,0
116,306,128,1003,211,3560,1509,8,50,320,26,5,4,296,125,564,1,4,14,12,50,152,20,462,78,41,901,67,53,172,45,42,17,86,1793,227,1891,32,8050,287,120,102,359,550,19,8,22,9708,752,41,101,173,124,141,211,361,0,0,0,1,24,1,0,0,113,29,91,1,7,0,2,7,5,1,0,1,4,0,22,3,0,0,15,32,0,1,49,162,2,0,10,2,3,0,0,290,26,7,20,2
1838,435,414,352,5163,2633,169,18,4,81,6,3,8,10512,519,140,6,9,14,12,15,170,5,19,6,38,38,16,7895,2072,13,45,15,18,87,37,62,14,180,12,228,48,215,35,33,7,5,752,14324,20,10,8,21,10,9,18,0,1,1,0,6,0,0,2,22,15,38,0,4,0,0,2,2,0,6,0,0,0,5,1,0,0,4,21,0,0,17,34,2,0,19,1,0,0,0,13,5,4,6,2
11,35,14,134,7,8,31,84,22,3270,61,126,166,1961,1650,165,133,41,77,58,2773,264,21,9,29,48,25,22,128,1946,82,329,235,48,87,139,185,42,79,3,722,9524,11351,57,178,3,73,41,20,13456,2,1,4,2,2,6,0,2,4,1,12,0,0,0,7,5,18,0,18,0,2,3,1,0,2,0,3,0,3,6,0,1,3,5,2,0,103,20,2,1,5,0,1,0,0,2,0,1,3,2
15,77,187,139,21,52,111,1,2,9,1,0,0,45,19,70,1,0,1,0,4,13,0,0,1,0,2,0,5,18,9,0,0,0,35,10,1,0,39,1,9,6,27,2,0,0,0,101,10,2,43690,11023,1080,18313,14539,1846,1,11,8,5,136,9,4,2,14928,364,249,2,39,13,14,229,16,5,6,24,6,8,1501,5,4,18,722,44,60,11,51,256,11,36,106,10,39,9,4,437,9973,258,249,30
32,81,108,180,23,90,156,1,3,9,1,0,0,55,25,75,0,0,2,2,5,3,0,3,0,1,2,0,2,8,2,0,0,0,51,7,3,0,48,0,5,5,16,2,0,0,0,173,8,1,11023,75734,12503,20067,4311,14205,2,9,10,4,617,11,4,3,19300,492,450,2,54,19,25,667,45,10,26,16,14,15,1241,21,11,26,1289,56,48,9,103,367,39,53,97,7,45,7,9,260,983,415,1019,84
40,99,35,193,24,63,140,4,4,26,1,0,1,47,28,104,0,0,7,5,8,10,0,1,0,0,5,1,12,26,9,0,0,0,58,22,10,0,51,0,4,2,37,5,0,0,0,124,21,4,1080,12503,27153,758,354,12903,7,54,63,57,737,28,17,16,12080,9418,4686,25,449,99,76,275,119,69,78,34,49,9,608,99,23,119,993,585,157,23,161,765,82,159,235,7,160,6,13,408,557,222,1143,153
43,191,1556,387,55,489,964,0,0,5,0,0,0,47,17,53,0,0,3,2,0,9,0,3,0,0,1,0,5,8,3,1,1,0,32,3,5,0,16,1,5,1,5,1,0,0,0,141,10,2,18313,20067,758,46227,20276,17406,0,0,1,0,195,2,0,0,686,59,82,0,12,5,3,222,8,3,4,4,2,9,429,3,3,6,376,10,15,3,26,235,9,11,35,3,6,0,2,549,303,141,308,26
29,90,75,225,26,105,227,0,1,5,2,0,0,32,23,52,0,0,0,2,1,7,0,0,0,1,3,2,2,11,1,0,0,0,59,5,4,0,28,0,2,2,14,3,0,0,0,211,9,2,14539,4311,354,20276,30321,12862,1,1,0,2,165,4,2,0,2293,73,335,2,18,2,5,130,48,4,3,3,6,9,252,1,1,9,246,64,8,1,126,1063,9,2,331,0,12,2,1,4481,2047,84,190,16
111,389,564,763,83,464,1344,2,6,44,2,0,0,120,57,184,0,1,8,4,5,25,0,2,0,3,11,0,12,32,5,0,0,1,79,19,10,3,82,0,28,9,45,2,0,1,1,361,18,6,1846,14205,12903,17406,12862,29171,6,12,9,34,668,16,6,6,3471,259,4427,4,225,32,32,210,203,44,56,12,23,3,378,16,4,33,561,139,40,7,181,1340,34,66,202,7,72,11,6,559,307,170,814,86
0,0,0,1,0,0,1,21,43,1,0,0,3,2,0,0,2,1,3,6,1,1,0,4,4,0,0,0,0,0,0,0,0,0,0,3,13,0,1,0,2,0,0,0,1,0,0,0,0,0,1,2,7,0,1,6,2667,9029,407,470,16,27,237,3350,127,126,100,550,159,1211,45,33,125,151,97,34,18,3,22,324,15,3810,74,79,747,14,444,4,74,44,0,6,25,1,11,0,8,2,19,11
1,0,0,4,0,0,2,97,400,20,7,5,11,2,0,8,8,10,60,8,13,9,0,33,8,0,2,0,1,7,0,2,2,0,5,33,72,1,14,0,4,3,4,2,0,0,0,0,1,2,11,9,54,0,1,12,9029,31918,4064,4410,234,600,391,2627,266,211,305,5590,839,3506,522,441,709,238,375,162,73,41,38,826,91,1281,98,202,1806,80,1965,28,114,342,9,21,169,42,130,4,11,6,43,19
2,0,0,4,0,0,3,60,88,22,9,8,5,5,5,7,10,5,63,3,18,10,0,26,3,0,0,0,0,6,1,0,4,0,14,47,9,1,25,1,6,7,7,0,3,0,1,0,1,4,8,10,63,1,0,9,407,4064,3800,2204,274,514,222,669,365,311,583,1639,2591,337,618,198,213,86,1208,60,21,11,25,2683,32,535,85,237,547,16,819,48,107,77,21,9,60,14,33,3,15,5,35,30
1,0,0,2,1,2,2,162,1918,23,12,8,33,6,2,14,23,11,88,46,26,18,0,87,49,1,7,0,0,1,10,1,7,1,12,51,276,3,18,1,7,8,14,5,4,0,0,1,0,1,5,4,57,0,2,34,470,4410,2204,48683,250,524,600,1113,61,70,238,711,4765,3863,740,290,14623,5468,261,50,185,32,19,140,50,1352,37,70,257,60,5087,187,36,317,31,37,415,15,81,8,2,3,51,35
7,26,4,56,4,20,18,20,23,56,4,0,0,46,12,72,5,3,55,6,33,26,3,20,4,1,2,0,12,43,7,0,4,1,28,115,4,2,75,0,25,10,58,3,3,0,1,24,6,12,136,617,737,195,165,668,16,234,274,250,41011,3469,1142,210,635,639,1164,317,1245,81,6578,1872,191,114,962,324,110,171,291,200,389,504,600,278,254,297,1038,813,1019,129,435,84,444,179,562,264,65,31868,27558,8685
0,3,0,0,0,0,0,10,11,6,0,1,2,1,0,2,1,1,7,2,2,1,0,2,0,0,0,0,0,2,1,0,1,0,1,6,0,0,1,0,2,0,2,0,1,0,0,1,0,0,9,11,28,2,4,16,27,600,514,524,3469,4878,4260,650,33,44,208,586,486,141,6292,4513,139,142,424,37,70,29,32,154,39,458,21,40,66,41,207,47,35,66,26,12,138,91,128,5,1,21,140,88
0,0,0,0,0,0,1,12,21,3,0,1,3,0,0,0,1,0,2,9,2,1,0,0,9,0,2,0,0,1,1,1,3,0,3,5,1,0,1,0,0,0,2,2,0,0,0,0,0,0,4,4,17,0,2,6,237,391,222,600,1142,4260,12556,7238,37,67,55,2359,154,724,5663,5352,179,1144,711,83,170,43,24,331,126,11007,41,32,418,92,176,24,87,217,7,21,454,107,375,1,3,7,121,142
0,0,0,1,0,0,0,5,28,0,0,2,2,1,0,3,1,1,2,10,0,0,1,0,7,0,0,0,0,1,0,0,1,0,0,2,7,1,2,0,1,0,0,0,1,0,0,0,2,0,2,3,16,0,0,6,3350,2627,669,1113,210,650,7238,14295,87,157,111,6219,228,946,2484,483,188,651,679,46,46,16,31,799,52,6343,91,80,285,29,283,11,161,58,6,11,140,19,94,0,2,7,90,101
36,98,37,217,28,69,170,6,12,46,5,0,3,101,29,152,0,0,15,5,17,33,0,5,12,0,2,1,14,62,17,1,0,0,75,78,14,1,118,0,30,17,65,2,5,0,0,113,22,7,14928,19300,12080,686,2293,3471,127,266,365,61,635,33,37,87,68751,19267,1195,42,314,311,117,579,52,115,425,534,104,65,5367,477,132,538,15662,2088,2497,251,400,459,972,765,351,76,471,23,109,355,13665,449,1994,558
21,37,20,80,13,39,45,4,6,18,2,0,2,47,8,68,1,1,15,3,5,16,1,3,11,1,2,0,7,32,7,0,1,0,46,43,7,1,44,0,11,11,26,0,4,0,0,29,15,5,364,492,9418,59,73,259,126,211,311,70,639,44,67,157,19267,38007,4206,84,496,294,294,286,57,188,951,387,63,35,1397,804,172,590,11005,8863,1803,185,285,294,9527,453,210,25,322,16,117,292,433,249,4757,4962
34,107,31,230,53,70,153,11,9,93,11,2,3,169,53,275,1,2,34,5,37,77,0,10,2,1,1,1,46,143,28,0,3,2,141,159,21,0,210,0,59,48,143,3,0,3,1,91,38,18,249,450,4686,82,335,4427,100,305,583,238,1164,208,55,111,1195,4206,30018,130,6554,331,250,212,545,145,1275,68,47,5,154,4027,34,283,336,7992,595,46,808,5364,752,357,674,20,238,6,16,947,173,91,603,223
0,0,0,0,0,0,0,13,40,7,0,0,0,1,0,2,4,0,10,2,3,1,0,6,1,0,0,0,1,2,1,0,0,0,3,7,5,0,3,0,1,2,2,0,0,0,0,1,0,0,2,2,25,0,2,4,550,5590,1639,711,317,586,2359,6219,42,84,130,4941,351,109,6754,335,163,92,2109,24,28,9,8,1623,30,844,46,73,128,29,297,20,105,43,12,7,73,15,72,1,4,6,68,119
7,11,1,33,6,7,15,44,147,85,17,6,6,40,8,93,5,7,338,14,58,39,1,59,13,2,5,3,25,67,13,1,4,2,54,211,17,1,85,1,52,33,105,6,1,0,3,7,4,18,39,54,449,12,18,225,159,839,2591,4765,1245,486,154,228,314,496,6554,351,13467,871,915,270,5765,441,1592,79,105,16,80,2596,47,402,192,664,433,41,1800,3863,350,458,505,39,452,9,39,52,38,54,367,380
0,1,0,3,0,0,1,116,306,5,5,7,78,1,1,7,1,1,13,94,5,3,1,13,93,0,11,1,1,4,1,1,13,0,2,11,19,0,4,0,3,0,3,4,7,0,2,0,0,0,13,19,99,5,2,32,1211,3506,337,3863,81,141,724,946,311,294,331,109,871,12861,138,318,501,3749,179,64,78,12,40,309,23,4577,199,192,4293,37,779,56,166,1162,9,12,1516,15,29,1,23,9,94,87
1,2,0,5,0,0,3,26,44,27,5,2,2,7,0,9,4,2,40,5,11,11,0,7,2,2,2,0,5,11,4,1,1,0,4,42,5,1,11,0,7,7,8,1,0,0,0,2,0,2,14,25,76,3,5,32,45,522,618,740,6578,6292,5663,2484,117,294,250,6754,915,138,18391,1654,392,289,8042,233,101,85,110,1267,244,1525,323,143,308,203,1044,216,1093,164,133,45,329,103,465,21,7,70,1396,5534
2,6,3,15,0,5,6,7,14,6,2,2,2,11,2,20,2,0,6,12,4,6,2,0,3,8,11,1,0,8,3,8,4,7,6,18,1,9,17,1,6,4,8,17,18,0,3,7,2,3,229,667,275,222,130,210,33,441,198,290,1872,4513,5352,483,579,286,212,335,270,318,1654,27753,154,997,350,728,1860,1894,1356,165,1266,7591,962,88,1040,1212,156,139,152,1265,82,515,3935,8053,7380,46,76,3052,1820,228
2,3,2,15,2,4,4,47,142,23,5,3,9,12,4,20,5,0,29,16,22,7,2,14,16,0,4,0,7,17,5,2,2,1,11,41,110,2,18,0,8,7,18,2,2,0,1,5,2,1,16,45,119,8,48,203,125,709,213,14623,191,139,179,188,52,57,545,163,5765,501,392,154,9189,3654,269,40,904,17,12,87,38,528,47,48,152,48,7127,4533,45,112,1501,199,616,7,65,214,16,3,83,57
0,0,0,2,1,1,1,130,170,2,2,11,80,3,1,8,0,0,7,159,0,9,6,3,142,0,41,2,0,0,1,2,20,5,1,7,12,7,4,3,0,0,2,20,24,0,1,1,0,0,5,10,69,3,4,44,151,238,86,5468,114,142,1144,651,115,188,145,92,441,3749,289,997,3654,14229,178,183,7325,40,55,108,111,4026,188,69,1550,118,866,112,196,747,129,430,2123,38,227,33,19,8,151,168
0,4,0,10,2,0,6,28,28,37,7,2,4,8,2,31,4,3,51,4,24,25,0,7,2,1,4,2,6,31,6,1,1,0,21,72,4,1,31,0,17,15,18,1,2,0,1,0,6,2,6,26,78,4,3,56,97,375,1208,261,962,424,711,679,425,951,1275,2109,1592,179,8042,350,269,178,13687,290,78,34,130,9795,137,929,483,2010,1286,183,1490,407,8381,331,257,38,229,23,179,40,21,48,1275,5104
0,0,0,0,1,0,0,2,1,1,0,2,3,0,0,0,1,0,1,3,0,7,5,1,7,37,32,0,0,2,0,52,7,26,1,2,0,14,4,7,0,0,0,145,19,0,31,1,0,0,24,16,34,4,3,12,34,162,60,50,324,37,83,46,534,387,68,24,79,64,233,728,40,183,290,19697,2146,170,309,158,8939,1675,844,141,10712,6406,30,21,371,10075,12,269,7197,256,1709,2,74,62,554,321
0,0,0,2,0,0,0,11,17,2,2,22,8,5,0,2,0,1,3,82,4,13,31,6,97,33,305,3,1,3,2,55,55,28,2,4,1,148,2,28,3,0,2,244,348,3,24,4,0,3,6,14,49,2,6,23,18,73,21,185,110,70,170,46,104,63,47,28,105,78,101,1860,904,7325,78,2146,20826,560,26,28,1360,2888,77,44,3534,615,309,103,80,2552,239,7136,10746,153,2148,70,7,4,69,51
0,0,0,0,1,0,0,0,1,0,0,0,1,0,0,0,0,0,0,0,0,0,2,0,0,3,5,7,1,0,0,8,0,55,0,0,0,0,0,88,0,0,0,29,0,2,15,0,0,0,8,15,9,9,9,3,3,41,11,32,171,29,43,16,65,35,5,9,16,12,85,1894,17,40,34,170,560,45957,787,15,266,140,140,9,127,9367,15,6,32,74,13,12460,496,18062,1666,7,26,241,134,43
11,17,9,28,10,16,30,3,3,8,1,0,0,31,6,39,0,3,3,2,6,9,0,1,2,0,0,0,8,19,6,1,0,0,20,27,6,0,47,0,14,7,19,0,0,0,0,22,5,3,1501,1241,608,429,252,378,22,38,25,19,291,32,24,31,5367,1397,154,8,80,40,110,1356,12,55,130,309,26,787,158479,46,139,175,28046,203,619,271,166,131,396,170,103,104,167,578,140,67,21962,22512,2313,583
1,6,1,7,2,0,3,19,21,8,2,1,3,8,1,14,1,1,23,3,10,4,0,5,5,0,0,0,5,11,1,0,2,0,11,30,3,0,13,0,8,7,12,1,4,0,0,3,1,6,5,21,99,3,1,16,324,826,2683,140,200,154,331,799,477,804,4027,1623,2596,309,1267,165,87,108,9795,158,28,15,46,7081,69,896,167,1830,1235,48,409,157,971,240,75,16,134,15,65,23,18,12,101,316
0,0,0,0,0,0,0,0,3,0,0,0,0,0,0,0,0,0,0,0,0,7,10,1,5,24,15,3,0,0,0,41,2,59,0,2,0,7,0,18,1,0,0,113,5,0,30,0,0,0,4,11,23,3,1,4,15,91,32,50,389,39,126,52,132,172,34,30,47,23,244,1266,38,111,137,8939,1360,266,139,69,20066,1767,354,31,1761,7534,31,19,161,1009,15,428,3653,685,15435,1,20,38,377,224
0,1,0,6,1,0,1,87,145,2,2,5,44,0,0,8,3,0,13,95,0,6,4,8,100,6,32,1,1,0,0,7,30,2,2,11,14,17,3,2,2,2,4,35,28,0,5,0,0,1,18,26,119,6,9,33,3810,1281,535,1352,504,458,11007,6343,538,590,283,844,402,4577,1525,7591,528,4026,929,1675,2888,140,175,896,1767,28012,601,289,22955,586,570,57,677,2924,28,137,4180,300,6901,16,42,43,571,552
6,14,7,26,8,8,20,3,10,29,2,1,2,25,7,40,1,0,6,7,13,10,0,1,5,0,0,0,4,26,9,0,0,0,21,36,1,1,17,0,13,8,29,1,1,0,0,15,4,3,722,1289,993,376,246,561,74,98,85,37,600,21,41,91,15662,11005,336,46,192,199,323,962,47,188,483,844,77,140,28046,167,354,601,61074,788,2115,484,466,236,1429,357,170,77,331,58,230,112,2953,12875,28807,2238
17,41,10,99,21,32,62,4,10,50,2,0,1,77,19,128,2,2,16,7,12,48,1,5,1,0,3,1,17,72,6,1,1,0,71,75,10,0,102,0,29,24,67,1,1,0,1,32,21,5,44,56,585,10,64,139,79,202,237,70,278,40,32,80,2088,8863,7992,73,664,192,143,88,48,69,2010,141,44,9,203,1830,31,289,788,16332,887,61,536,460,5127,384,392,25,224,3,37,518,81,31,501,484
0,1,1,4,0,0,1,83,133,5,1,11,58,2,1,8,6,1,13,132,6,5,7,3,120,5,60,1,1,2,1,6,26,1,2,17,3,43,9,2,5,2,4,59,88,0,4,0,0,2,60,48,157,15,8,40,747,1806,547,257,254,66,418,285,2497,1803,595,128,433,4293,308,1040,152,1550,1286,10712,3534,127,619,1235,1761,22955,2115,887,27268,1369,251,47,1702,8910,30,220,3442,83,905,9,227,101,880,600
0,0,0,0,0,0,0,1,1,1,0,0,0,0,0,1,0,0,0,2,1,17,13,0,1,24,48,28,2,1,1,104,3,449,0,0,4,4,2,370,2,0,1,354,1,14,142,1,0,0,11,9,23,3,1,7,14,80,16,60,297,41,92,29,251,185,46,29,41,37,203,1212,48,118,183,6406,615,9367,271,48,7534,586,484,61,1369,40523,25,12,187,1390,15,4714,7028,7641,5575,4,31,61,358,211
10,35,8,112,8,21,65,469,2125,540,71,92,50,136,37,276,129,48,686,50,490,161,7,364,43,8,17,10,57,222,68,22,15,9,192,993,1940,7,657,1,147,183,368,10,26,1,6,49,17,103,51,103,161,26,126,181,444,1965,819,5087,1038,207,176,283,400,285,808,297,1800,779,1044,156,7127,866,1490,30,309,15,166,409,31,570,466,536,251,25,4450,2900,787,62,4666,88,124,9,34,1495,95,79,661,930
63,134,53,252,75,94,195,8,17,124,17,3,0,209,41,279,4,2,47,8,36,70,0,15,3,5,3,2,47,153,31,1,1,2,167,189,20,0,212,1,89,47,131,5,2,3,1,162,34,20,256,367,765,235,1063,1340,4,28,48,187,813,47,24,11,459,294,5364,20,3863,56,216,139,4533,112,407,21,103,6,131,157,19,57,236,460,47,12,2900,17172,226,73,9410,33,113,3,19,4047,252,73,412,282
3,5,5,8,4,1,2,3,12,21,7,0,4,17,1,30,1,1,25,7,8,10,0,3,4,1,0,0,1,21,5,0,0,1,22,61,1,2,24,0,9,9,15,1,1,0,0,2,2,2,11,39,82,9,9,34,74,114,107,36,1019,35,87,161,972,9527,752,105,350,166,1093,152,45,196,8381,371,80,32,396,971,161,677,1429,5127,1702,187,787,226,18404,390,229,54,257,17,158,48,53,115,3744,10120
0,1,0,2,1,3,1,13,23,3,1,1,13,1,1,9,1,0,2,36,2,3,17,1,23,28,68,1,2,1,0,27,15,7,2,5,2,45,2,4,3,1,7,97,64,1,14,0,0,1,36,53,159,11,2,66,44,342,77,317,129,66,217,58,765,453,357,43,458,1162,164,1265,112,747,331,10075,2552,74,170,240,1009,2924,357,384,8910,1390,62,73,390,17513,39,295,13981,117,1231,14,65,20,189,119
14,22,11,48,28,21,37,1,3,46,3,0,1,64,9,93,0,1,15,2,14,20,0,1,0,0,1,0,17,59,8,0,1,0,42,53,10,0,53,0,21,18,34,0,0,0,1,10,19,5,106,97,235,35,331,202,0,9,21,31,435,26,7,6,351,210,674,12,505,9,133,82,1501,129,257,12,239,13,103,75,15,28,170,392,30,15,4666,9410,229,39,14776,93,122,0,24,7155,174,39,270,197
0,1,0,0,0,0,0,1,2,4,0,2,0,1,1,0,0,0,1,2,0,50,28,3,5,49,113,119,9,0,0,156,6,1036,0,0,3,0,4,1216,1,1,1,692,1,38,343,2,1,0,10,7,7,3,0,7,6,21,9,37,84,12,21,11,76,25,20,7,39,12,45,515,199,430,38,269,7136,12460,104,16,428,137,77,25,220,4714,88,33,54,295,93,47704,9866,1441,758,41,8,30,72,35
1,0,1,2,0,0,1,11,15,0,1,4,12,1,3,3,2,0,4,22,0,22,17,1,21,50,58,6,1,0,0,109,7,164,2,2,1,25,4,70,0,1,2,278,41,5,74,3,0,1,39,45,160,6,12,72,25,169,60,415,444,138,454,140,471,322,238,73,452,1516,329,3935,616,2123,229,7197,10746,496,167,134,3653,4180,331,224,3442,7028,124,113,257,13981,122,9866,38095,1083,4985,34,63,49,305,223
0,0,0,0,0,0,0,0,0,0,0,0,1,0,0,0,0,0,0,1,0,1,1,0,0,3,0,6,0,0,0,10,0,49,0,0,1,0,0,40,0,0,0,20,0,0,12,0,0,0,9,7,6,0,2,11,1,42,14,15,179,91,107,19,23,16,6,15,9,15,103,8053,7,38,23,256,153,18062,578,15,685,300,58,3,83,7641,9,3,17,117,0,1441,1083,18104,8333,2,10,215,77,21
0,0,0,1,0,0,0,1,1,0,0,1,1,1,0,1,0,0,1,1,1,7,2,0,0,15,21,3,0,0,0,32,3,50,0,1,0,4,1,29,1,0,0,83,7,1,29,0,0,0,4,9,13,2,1,6,11,130,33,81,562,128,375,94,109,117,16,72,39,29,465,7380,65,227,179,1709,2148,1666,140,65,15435,6901,230,37,905,5575,34,19,158,1231,24,758,4985,8333,16524,7,13,42,373,201
33,106,53,224,28,123,259,3,1,14,2,0,0,40,24,78,0,0,4,1,4,10,0,3,0,0,8,0,5,19,5,1,0,1,71,13,22,0,52,2,12,6,21,4,0,0,0,290,13,2,437,260,408,549,4481,559,0,4,3,8,264,5,1,0,355,292,947,1,52,1,21,46,214,33,40,2,70,7,67,23,1,16,112,518,9,4,1495,4047,48,14,7155,41,34,2,7,8020,582,32,191,45
7,20,6,48,12,25,38,0,2,12,0,0,0,21,5,32,0,1,2,1,7,3,0,0,0,1,0,1,3,5,5,0,0,0,21,11,2,0,29,0,6,2,17,0,0,0,0,26,5,0,9973,983,557,303,2047,307,8,11,15,2,65,1,3,2,13665,433,173,4,38,23,7,76,16,19,21,74,7,26,21962,18,20,42,2953,81,227,31,95,252,53,65,174,8,63,10,13,582,43181,310,197,51
4,6,2,13,1,1,6,1,1,4,0,0,0,6,2,10,0,0,3,0,0,3,0,0,0,0,1,0,2,10,2,0,0,0,6,5,0,0,4,0,2,0,3,0,0,0,0,7,4,1,258,415,222,141,84,170,2,6,5,3,31868,21,7,7,449,249,91,6,54,9,70,3052,3,8,48,62,4,241,22512,12,38,43,12875,31,101,61,79,73,115,20,39,30,49,215,42,32,310,38449,5830,267
6,15,6,38,8,8,20,10,14,16,5,1,0,28,4,51,3,3,29,4,17,14,1,6,3,1,2,1,8,40,6,1,2,1,22,49,2,0,41,0,18,13,32,1,1,0,1,20,6,3,249,1019,1143,308,190,814,19,43,35,51,27558,140,121,90,1994,4757,603,68,367,94,1396,1820,83,151,1275,554,69,134,2313,101,377,571,28807,501,880,358,661,412,3744,189,270,72,305,77,373,191,197,5830,33236,14610
0,2,3,6,0,1,4,3,11,19,5,1,3,17,2,26,0,0,25,2,9,13,0,1,0,0,0,1,7,22,1,0,0,1,11,62,2,3,14,0,11,9,8,0,1,0,0,2,2,2,30,84,153,26,16,86,11,19,30,35,8685,88,142,101,558,4962,223,119,380,87,5534,228,57,168,5104,321,51,43,583,316,224,552,2238,484,600,211,930,282,10120,119,197,35,223,21,201,45,51,267,14610,20167
