21132,8955,9513,1970,11496,1494,338,1,2,128,19,0,1,17877,972,234,0,1,2,2,1,432,1,0,1,1,0,15,272,225,0,2,1,3,15,1,8,3,10,4,119,73,0,5,2,6,4,50,1552,0,0,0,0,3,1,0,0,0,0,0,0,0,0,0,0,0,0,0,0,0,0,0,0,0,0,0,0,0,0,0,0,0,0,0,0,0,3,1,0,0,0,0,0,0,0,3,0,0,0,0
8955,30757,7409,10572,500,115,643,0,0,334,14,1,0,7945,3797,188,0,0,1,0,1,443,2,3,0,0,1,8,125,159,4,1,0,3,26,2,16,1,6,2,110,131,5,4,2,3,0,49,127,0,0,0,1,1,0,0,0,0,0,0,0,0,0,0,1,0,0,0,1,0,0,0,0,0,0,0,0,0,0,0,0,0,0,0,0,0,2,0,0,0,0,0,0,0,0,11,0,0,0,0
9513,7409,34443,8537,4498,5809,6739,2,2,131,3,0,0,1115,181,29,0,0,1,1,0,228,1,0,0,0,1,7,75,64,0,0,1,1,8,3,2,1,4,0,65,70,0,3,1,1,1,16,127,0,431,1449,4,5834,130,201,0,0,0,0,0,0,0,0,1,0,1,0,1,0,0,0,0,1,0,0,0,0,0,0,0,0,0,0,0,0,2,0,0,0,0,0,0,0,0,1,14,0,0,0
1970,10572,8537,36980,699,1667,14881,14,15,514,135,1,6,4362,13570,9080,1,5,15,17,11,240,3,10,11,1,10,10,102,127,176,4,5,2,114,37,33,17,43,2,74,58,335,17,14,3,3,340,161,3,0,0,0,0,3,1,0,0,0,0,1,0,0,0,1,0,2,0,1,0,0,0,0,0,0,0,0,0,0,0,0,0,0,0,0,0,6,1,0,0,1,0,0,0,0,26,0,0,0,0
11496,500,4498,699,14226,15705,497,3,3,50,12,1,3,5876,438,172,1,0,4,3,0,117,1,5,0,3,3,2,85,68,4,1,3,0,25,7,15,1,10,3,33,19,1,6,10,4,0,128,1692,0,1,0,0,333,1,0,0,0,0,0,0,0,0,0,0,0,0,0,0,0,0,0,1,0,0,0,0,0,0,0,0,0,0,0,0,0,1,0,1,0,0,0,0,0,0,8,0,0,0,1
1494,115,5809,1667,15705,13606,20515,0,1,47,38,0,0,52,57,385,1,0,3,0,8,15,0,37,2,0,20,3,22,8,3,1,2,2,308,8,67,1,254,7,6,1,12,3,2,1,2,1818,725,2,145,89,0,2491,81,16,0,0,0,0,0,0,0,0,1,0,0,0,0,0,0,0,0,0,0,0,0,0,0,0,0,0,0,0,0,0,0,1,0,0,1,0,0,0,0,33,2,0,0,0
338,643,6739,14881,497,20515,23128,7,20,413,208,1,4,316,351,7053,2,2,10,14,16,144,2,28,10,5,8,4,46,85,5,3,14,2,2970,38,146,13,587,0,65,45,37,15,6,0,3,2100,48,3,3,3,1,1622,339,390,0,0,0,0,1,0,0,0,0,0,0,0,2,0,1,0,2,0,0,0,0,0,0,0,0,0,0,0,0,0,3,3,0,0,0,0,0,0,0,73,0,0,0,0
1,0,2,14,3,0,7,31473,3902,148,2884,1306,11334,164,806,830,3027,12298,4451,4216,592,2446,400,148,296,32,189,18,45,134,1387,89,1381,29,24,78,709,234,32,14,22,81,584,202,570,79,133,19,16,158,0,0,1,0,0,0,59,7,2,55,9,3,7,14,0,0,0,2,3,85,8,3,6,35,0,0,2,0,1,0,0,19,2,0,7,0,137,1,0,0,1,0,1,0,0,0,0,2,2,1
2,0,2,15,3,1,20,3902,48107,85,745,1248,2687,23,154,778,787,126,5645,1286,249,738,289,17599,7398,15,2369,14,17,25,133,82,831,23,180,1182,6386,63,227,15,7,44,132,405,125,34,100,37,3,27,0,0,2,0,0,0,105,34,13,769,13,9,14,26,2,0,2,4,15,104,10,10,30,50,2,2,6,0,0,2,0,21,3,1,10,2,1249,0,0,4,1,1,4,0,0,1,0,1,1,0
128,334,131,514,50,47,413,148,85,30812,3159,2401,295,293,3533,1134,529,24,153,81,1997,3483,403,95,112,60,132,33,175,595,92,277,1104,21,340,355,284,77,367,8,18119,28170,1459,240,136,50,353,339,26,14511,0,1,3,1,3,1,1,1,2,8,17,3,0,0,4,0,4,0,15,0,5,2,12,1,2,0,1,0,2,1,1,0,1,3,1,2,33,10,5,2,2,0,1,0,0,8,0,4,2,0
19,14,3,135,12,38,208,2884,745,3159,5664,15743,1001,88,375,1802,874,106,1285,532,1355,4625,3932,342,291,104,321,88,34,37,119,225,1125,90,706,1130,705,133,798,40,77,138,290,617,82,337,582,689,17,30,0,0,0,0,0,2,6,0,5,32,26,0,4,0,4,2,11,1,16,9,12,4,9,4,4,2,2,1,1,1,1,5,6,5,1,4,84,4,5,3,1,3,1,1,1,19,0,7,8,5
0,1,0,1,1,0,1,1306,1248,2401,15743,28902,13375,19,29,190,8819,131,590,978,6592,1543,6490,240,1182,45,694,45,54,74,45,158,7135,42,68,176,610,108,84,20,20,184,47,462,50,151,541,47,1,26,0,0,0,0,0,0,20,4,4,28,6,3,6,3,0,0,2,0,2,27,3,2,4,22,2,1,6,0,1,2,0,15,1,0,9,1,57,1,1,4,0,1,3,0,1,0,0,0,2,0
1,0,0,6,3,0,4,11334,2687,295,1001,13375,23421,326,322,117,9626,2304,174,4581,1292,351,280,121,1088,58,750,11,78,343,492,151,17400,15,18,42,763,84,21,3,41,302,676,111,1158,28,127,17,27,503,0,0,0,0,0,0,94,8,3,51,1,3,12,20,1,0,5,0,2,112,0,12,5,47,0,0,6,0,0,0,1,38,2,0,10,0,201,1,0,3,0,0,3,1,2,0,0,0,0,1
17877,7945,1115,4362,5876,52,316,164,23,293,88,19,326,84821,20451,1146,42,66,80,198,93,1014,34,20,66,126,84,211,5801,24467,232,157,306,50,205,101,118,186,152,30,894,816,890,177,513,82,92,285,17195,7080,1,1,3,4,6,2,0,0,3,3,5,1,1,0,6,0,4,0,7,2,0,0,2,1,1,0,0,0,2,0,1,2,3,6,2,0,19,8,1,1,4,0,2,0,1,41,1,4,2,0
972,3797,181,13570,438,57,351,806,154,3533,375,29,322,20451,12728,5863,55,167,579,671,162,1592,42,49,202,85,73,67,587,1359,1978,96,150,43,675,452,123,405,277,10,932,1527,11011,343,394,24,61,888,456,11355,1,0,1,5,5,5,3,1,1,2,1,1,0,1,4,1,4,0,5,2,1,1,4,2,0,0,1,0,1,0,0,0,2,2,1,0,9,10,0,2,1,0,2,1,0,47,0,1,0,1
234,188,29,9080,172,385,7053,830,778,1134,1802,190,117,1146,5863,32539,710,1230,8813,513,815,290,46,257,423,40,77,14,124,238,13587,33,136,14,4749,4489,332,187,785,8,119,143,11592,198,93,16,34,2252,102,128,1,0,3,2,6,2,7,1,1,8,6,0,1,2,3,0,2,0,4,8,5,2,3,0,2,0,1,0,0,1,0,3,1,1,0,0,35,6,0,1,0,0,0,0,0,61,1,0,1,0
0,0,0,1,1,1,2,3027,787,529,874,8819,9626,42,55,710,11648,5287,1022,162,12331,140,358,147,115,16,74,5,14,52,2246,80,1039,15,56,169,434,45,88,1,18,178,262,81,87,21,86,41,1,179,0,0,1,0,0,0,1,1,4,10,11,2,0,1,0,0,2,0,4,4,4,3,3,2,1,0,0,0,1,0,0,1,2,0,0,0,46,1,0,0,0,0,1,1,0,0,0,0,3,2
1,0,0,5,0,0,2,12298,126,24,106,131,2304,66,167,1230,5287,4626,1652,206,705,79,26,36,26,17,25,2,3,50,4600,23,197,1,11,32,192,54,16,2,5,43,461,34,104,3,12,6,7,208,0,0,0,0,0,0,1,3,7,20,8,1,0,1,1,0,1,0,12,0,3,2,2,0,2,0,0,0,0,0,0,1,0,0,1,0,25,0,1,1,0,0,0,1,0,1,1,0,2,1
2,1,1,15,4,3,10,4451,5645,153,1285,590,174,80,579,8813,1022,1652,13278,638,849,159,88,2852,894,11,122,9,21,82,2930,24,155,7,92,6426,726,88,247,2,23,41,606,178,32,12,37,66,7,101,1,0,1,0,0,0,2,2,3,37,15,1,1,2,2,1,5,1,13,9,7,2,12,2,3,0,1,0,3,0,0,1,7,0,0,0,57,3,4,0,0,0,0,0,1,1,0,1,2,0
2,0,1,17,3,0,14,4216,1286,81,532,978,4581,198,671,513,162,206,638,20411,253,1191,740,102,5128,77,2648,42,74,146,521,145,4164,50,27,132,452,2641,35,20,23,70,582,988,3274,105,187,21,21,138,1,0,0,0,0,0,441,29,1,128,1,11,120,130,2,1,3,6,6,622,3,48,9,299,4,1,38,1,0,3,2,331,0,2,100,0,140,5,1,51,0,3,29,2,5,0,2,0,2,0
1,1,0,11,0,8,16,592,249,1997,1355,6592,1292,93,162,815,12331,705,849,253,19780,131,386,208,126,96,145,23,33,202,1384,249,1257,39,292,539,556,163,398,4,50,944,6707,210,506,24,181,219,5,4317,0,1,1,0,2,0,1,1,7,12,10,1,0,0,1,0,3,0,17,6,8,3,16,2,3,0,1,0,1,2,0,1,5,1,2,1,60,2,1,0,0,0,0,0,0,5,1,0,5,1
432,443,228,240,117,15,144,2446,738,3483,4625,1543,351,1014,1592,290,140,79,159,1191,131,32097,4250,116,904,283,1333,2275,3506,1525,61,358,611,1104,127,166,201,405,178,753,24746,2286,126,3888,303,6184,1729,138,38,31,1,0,1,1,3,0,20,1,1,21,1,2,7,3,4,0,5,1,7,26,1,10,5,15,1,14,4,4,1,2,31,29,1,3,9,42,39,7,1,11,0,35,18,8,22,9,0,2,1,1
1,2,1,3,1,0,2,400,289,403,3932,6490,280,34,42,46,358,26,88,740,386,4250,13467,111,1830,417,3342,657,113,52,19,967,4928,623,23,66,94,770,39,261,31,70,42,4793,270,5173,6192,20,7,27,0,0,0,0,0,0,10,2,0,5,0,0,3,3,3,1,0,0,0,18,1,19,1,12,1,15,4,2,0,0,7,30,1,2,16,11,7,1,0,17,0,8,9,1,15,0,0,1,0,0
0,3,0,10,5,37,28,148,17599,95,342,240,121,20,49,257,147,36,2852,102,208,116,111,7190,2346,15,2566,44,28,33,30,59,322,16,1323,7231,5393,51,15947,120,24,19,45,431,92,19,88,1432,29,12,0,0,0,1,4,0,4,2,0,7,4,1,1,1,1,0,0,0,2,4,3,2,2,2,2,0,1,1,0,1,0,2,4,0,0,0,113,2,1,1,0,1,0,0,0,23,0,0,1,3
1,0,0,11,0,2,10,296,7398,112,291,1182,1088,66,202,423,115,26,894,5128,126,904,1830,2346,12972,139,9887,105,48,97,80,393,6853,112,127,672,1019,502,170,97,21,49,185,3401,2496,222,614,47,7,39,0,1,2,0,1,0,131,12,3,55,2,5,46,40,4,5,4,1,3,232,7,34,5,150,1,2,25,1,0,3,1,170,0,2,116,2,199,1,1,48,0,2,33,1,1,1,0,1,0,0
1,0,0,1,3,0,5,32,15,60,104,45,58,126,85,40,16,17,11,77,96,283,417,15,139,8334,1929,63,52,141,50,13216,1117,3176,9,15,11,4766,12,58,20,67,113,11835,2571,161,1154,4,11,57,0,0,0,0,0,0,2,0,0,0,0,0,0,0,0,0,0,0,0,0,0,17,0,0,0,8,1,1,0,0,7,7,0,0,4,5,3,0,0,6,0,0,1,0,7,0,0,1,0,0
0,1,1,10,3,20,8,189,2369,132,321,694,750,84,73,77,74,25,122,2648,145,1333,3342,2566,9887,1929,18210,763,85,92,49,2490,4823,649,178,286,1897,2259,1290,2978,39,41,131,10715,3179,581,3167,900,30,48,0,0,1,5,7,3,680,18,3,215,0,16,200,256,9,2,5,9,14,682,11,104,31,503,2,32,853,20,1,3,13,677,3,9,152,13,33,5,3,55,1,33,55,4,20,57,0,0,4,0
15,8,7,10,2,3,4,18,14,33,88,45,11,211,67,14,5,2,9,42,23,2275,657,44,105,63,763,57159,2320,289,10,341,75,10730,8,12,68,124,58,11980,591,67,12,982,50,14770,7338,22,5,2,0,0,0,0,0,0,2,0,0,0,1,1,0,0,2,0,0,0,1,0,0,3,2,2,0,1,17,418,4,0,4,0,1,0,1,124,0,0,0,1,0,295,43,35,24,1,0,0,0,0
272,125,75,102,85,22,46,45,17,175,34,54,78,5801,587,124,14,3,21,74,33,3506,113,28,48,52,85,2320,82030,13969,23,84,209,185,80,63,46,38,79,244,37930,514,68,265,162,923,192,61,5697,5,0,0,0,1,0,0,2,1,0,2,8,0,1,1,2,0,3,0,2,1,1,1,2,3,1,0,0,0,0,0,3,2,2,0,1,1,6,2,1,2,0,6,4,0,2,4,0,0,0,1
225,159,64,127,68,8,85,134,25,595,37,74,343,24467,1359,238,52,50,82,146,202,1525,52,33,97,141,92,289,13969,52331,131,242,707,78,102,122,106,131,142,51,14749,14486,561,168,512,148,150,130,1305,3351,1,0,1,0,0,2,0,0,0,1,8,0,0,0,4,0,2,0,8,0,1,2,5,2,1,0,0,0,1,2,0,3,2,0,1,1,16,1,2,1,0,0,2,0,1,2,0,0,1,2
0,4,0,176,4,3,5,1387,133,92,119,45,492,232,1978,13587,2246,4600,2930,521,1384,61,19,30,80,50,49,10,23,131,20933,40,129,13,100,237,95,186,71,1,14,166,14552,95,279,2,13,65,7,982,0,0,2,0,0,0,1,0,0,5,2,0,3,0,1,0,2,0,3,1,2,3,3,0,3,1,0,0,1,0,0,3,0,0,2,0,10,2,1,1,1,1,1,0,0,2,0,0,1,0
2,1,0,4,1,1,3,89,82,277,225,158,151,157,96,33,80,23,24,145,249,358,967,59,393,13216,2490,341,84,242,40,30581,10817,3562,17,49,29,1589,25,296,42,172,102,6521,5508,708,14642,18,21,79,0,0,0,0,1,0,1,0,0,1,0,0,1,0,0,0,1,0,0,0,0,16,0,1,0,16,1,2,0,0,16,4,0,0,4,15,1,0,0,12,0,16,7,3,20,1,0,0,1,0
1,0,1,5,3,2,14,1381,831,1104,1125,7135,17400,306,150,136,1039,197,155,4164,1257,611,4928,322,6853,1117,4823,75,209,707,129,10817,26429,201,76,171,363,1712,124,34,113,745,229,3583,8380,204,7513,41,14,315,0,1,0,0,0,0,127,9,3,33,5,5,37,41,3,1,2,0,2,227,1,18,2,137,2,0,22,0,1,4,0,149,3,0,83,2,50,3,2,33,0,1,25,0,1,3,0,0,0,1
3,3,1,2,0,2,2,29,23,21,90,42,15,50,43,14,15,1,7,50,39,1104,623,16,112,3176,649,10730,185,78,13,3562,201,38311,5,11,29,618,27,4863,75,33,33,7134,283,3034,14203,21,5,12,2,0,0,0,0,0,0,1,1,2,7,3,3,0,1,2,0,0,1,0,6,26,0,7,1,23,15,127,0,0,118,5,5,0,6,819,2,0,1,5,4,692,152,141,203,1,0,1,4,2
15,26,8,114,25,308,2970,24,180,340,706,68,18,205,675,4749,56,11,92,27,292,127,23,1323,127,9,178,8,80,102,100,17,76,5,8950,4552,766,41,15614,12,48,63,458,99,23,6,16,5530,49,47,1,0,1,2,4,5,5,1,0,7,5,0,0,1,5,0,2,0,3,2,1,1,2,2,0,0,0,0,1,0,0,1,0,3,0,0,33,5,2,0,2,0,0,0,0,62,1,1,1,0
1,2,3,37,7,8,38,78,1182,355,1130,176,42,101,452,4489,169,32,6426,132,539,166,66,7231,672,15,286,12,63,122,237,49,171,11,4552,11978,615,53,6420,12,46,39,662,263,31,13,47,453,22,46,0,0,1,0,1,1,3,0,0,8,2,1,0,3,0,1,4,0,6,1,2,1,11,0,1,0,0,0,1,2,0,0,5,1,0,0,39,7,3,1,2,0,1,0,0,3,0,2,1,1
8,16,2,33,15,67,146,709,6386,284,705,610,763,118,123,332,434,192,726,452,556,201,94,5393,1019,11,1897,68,46,106,95,29,363,29,766,615,2719,15,5849,183,43,50,158,124,79,11,57,2212,41,43,0,1,1,1,3,3,11,3,5,53,6,3,4,9,1,0,3,1,7,17,1,3,10,10,1,0,5,1,0,0,0,6,0,2,1,0,903,3,2,0,1,2,0,0,0,61,0,0,3,1
3,1,1,17,1,1,13,234,63,77,133,108,84,186,405,187,45,54,88,2641,163,405,770,51,502,4766,2259,124,38,131,186,1589,1712,618,41,53,15,12551,28,42,26,39,390,10881,3067,140,875,26,23,81,0,0,1,0,1,0,7,0,0,0,1,0,2,1,1,2,1,0,0,18,0,19,0,6,0,3,3,2,0,0,0,16,0,0,30,2,10,0,2,17,0,0,9,0,2,3,0,1,0,0
10,6,4,43,10,254,587,32,227,367,798,84,21,152,277,785,88,16,247,35,398,178,39,15947,170,12,1290,58,79,142,71,25,124,27,15614,6420,5849,28,21954,175,56,56,239,176,22,13,47,8670,51,45,1,1,3,3,6,1,1,0,0,3,11,0,0,0,4,0,2,0,8,2,1,1,7,0,0,0,0,1,0,0,0,0,4,1,1,0,21,1,0,0,0,6,0,0,0,16,1,1,2,1
4,2,0,2,3,7,0,14,15,8,40,20,3,30,10,8,1,2,2,20,4,753,261,120,97,58,2978,11980,244,51,1,296,34,4863,12,12,183,42,175,21089,73,14,4,8362,16,1880,3354,155,4,2,0,0,0,0,2,1,0,0,1,2,1,1,1,0,0,2,0,0,0,3,3,13,0,7,0,5,41,542,6,0,35,2,6,0,2,626,4,0,2,5,3,1441,172,168,157,5,1,2,1,1
119,110,65,74,33,6,65,22,7,18119,77,20,41,894,932,119,18,5,23,23,50,24746,31,24,21,20,39,591,37930,14749,14,42,113,75,48,46,43,26,56,73,85983,9359,49,132,71,194,85,50,89,97,0,0,0,0,0,0,0,0,0,4,2,0,0,0,0,0,0,0,7,0,0,2,0,0,2,0,0,0,0,0,0,0,2,0,1,2,7,1,1,0,1,1,0,1,2,0,0,0,1,1
73,131,70,58,19,1,45,81,44,28170,138,184,302,816,1527,143,178,43,41,70,944,2286,70,19,49,67,41,67,514,14486,166,172,745,33,63,39,50,39,56,14,9359,13766,1057,107,267,31,118,50,8,3175,0,0,1,0,0,0,0,0,0,1,0,0,0,0,0,0,0,0,2,0,3,1,0,0,0,0,0,0,1,0,0,0,1,1,0,0,7,0,0,1,0,0,0,0,2,1,0,0,1,1
0,5,0,335,1,12,37,584,132,1459,290,47,676,890,11011,11592,262,461,606,582,6707,126,42,45,185,113,131,12,68,561,14552,102,229,33,458,662,158,390,239,4,49,1057,31048,260,581,6,58,381,12,11168,0,1,0,0,0,0,2,1,0,6,6,1,2,1,1,0,3,0,1,5,0,0,3,1,0,0,0,0,1,0,0,2,1,1,1,0,13,5,1,3,1,0,1,1,0,14,0,0,1,2
5,4,3,17,6,3,15,202,405,240,617,462,111,177,343,198,81,34,178,988,210,3888,4793,431,3401,11835,10715,982,265,168,95,6521,3583,7134,99,263,124,10881,176,8362,132,107,260,56929,958,2334,8952,83,17,43,0,0,1,0,0,0,7,0,0,3,3,0,4,3,0,0,0,0,0,12,0,21,0,9,0,15,11,36,2,0,27,27,1,0,20,97,12,0,2,12,0,107,30,16,18,9,0,0,0,1
2,2,1,14,10,2,6,570,125,136,82,50,1158,513,394,93,87,104,32,3274,506,303,270,92,2496,2571,3179,50,162,512,279,5508,8380,283,23,31,79,3067,22,16,71,267,581,958,7398,58,483,9,36,370,0,0,0,0,0,0,25,2,0,9,3,1,16,11,1,2,0,1,0,43,0,17,1,47,0,0,10,1,0,1,2,57,2,0,76,0,14,0,0,34,0,1,24,0,4,0,0,0,0,0
6,3,1,3,4,1,0,79,34,50,337,151,28,82,24,16,21,3,12,105,24,6184,5173,19,222,161,581,14770,923,148,2,708,204,3034,6,13,11,140,13,1880,194,31,6,2334,58,13829,13913,16,2,1,0,0,0,0,0,0,4,0,0,0,2,0,1,2,2,0,0,0,1,2,1,11,0,2,0,3,3,15,1,0,22,3,2,0,3,134,1,0,0,3,0,138,18,18,38,1,0,1,0,0
4,0,1,3,0,2,3,133,100,353,582,541,127,92,61,34,86,12,37,187,181,1729,6192,88,614,1154,3167,7338,192,150,13,14642,7513,14203,16,47,57,875,47,3354,85,118,58,8952,483,13913,36291,39,6,30,0,0,0,0,0,0,1,1,1,3,3,1,3,0,3,0,0,0,0,4,0,30,2,4,0,36,12,48,7,0,107,9,9,0,7,463,5,0,2,20,0,346,90,57,134,5,0,1,2,1
50,49,16,340,128,1818,2100,19,37,339,689,47,17,285,888,2252,41,6,66,21,219,138,20,1432,47,4,900,22,61,130,65,18,41,21,5530,453,2212,26,8670,155,50,50,381,83,9,16,39,6639,272,41,0,3,2,12,52,9,0,0,0,3,1,0,0,0,9,0,3,1,0,1,0,0,0,0,0,0,0,0,0,1,0,1,0,0,0,0,14,3,0,0,3,2,0,0,0,454,1,1,0,0
1552,127,127,161,1692,725,48,16,3,26,17,1,27,17195,456,102,1,7,7,21,5,38,7,29,7,11,30,5,5697,1305,7,21,14,5,49,22,41,23,51,4,89,8,12,17,36,2,6,272,7169,2,0,0,0,1,2,1,0,0,0,0,1,0,0,0,2,0,0,0,1,0,1,0,2,0,0,0,0,0,0,0,0,0,0,0,0,0,4,2,0,0,0,0,0,0,0,6,0,1,0,0
0,0,0,3,0,2,3,158,27,14511,30,26,503,7080,11355,128,179,208,101,138,4317,31,27,12,39,57,48,2,5,3351,982,79,315,12,47,46,43,81,45,2,97,3175,11168,43,370,1,30,41,2,5659,0,0,0,0,0,0,0,0,0,1,1,0,0,0,0,0,0,0,1,0,1,0,0,0,1,0,0,0,0,0,0,0,0,0,0,0,4,0,0,0,0,0,0,0,0,0,0,0,0,0
0,0,431,0,1,145,3,0,0,0,0,0,0,1,1,1,0,0,1,1,0,1,0,0,0,0,0,0,0,1,0,0,0,2,1,0,0,0,1,0,0,0,0,0,0,0,0,0,0,0,49742,18744,2319,10855,17681,832,16,11,11,10,161,8,3,9,19870,226,115,2,28,12,15,53,16,22,5,5,19,15,481,23,7,31,321,86,52,15,45,247,26,9,103,4,21,12,5,435,12640,60,111,16
0,0,1449,0,0,89,3,0,0,1,0,0,0,1,0,0,0,0,0,0,1,0,0,0,1,0,0,0,0,0,0,0,1,0,0,0,1,0,1,0,0,0,1,0,0,0,0,3,0,0,18744,90634,16600,17667,1823,7229,22,9,4,7,182,5,2,5,12598,171,106,1,16,11,14,65,6,2,7,11,6,10,114,21,3,19,143,49,38,7,33,147,23,4,31,0,9,4,3,328,562,67,112,8
0,1,4,0,0,0,1,1,2,3,0,0,0,3,1,3,1,0,1,0,1,1,0,0,2,0,1,0,0,1,2,0,0,0,1,1,1,1,3,0,0,1,0,1,0,0,0,2,0,0,2319,16600,42916,209,2174,11695,217,90,82,121,816,39,48,108,20943,11359,4089,32,345,102,58,247,68,81,72,63,30,40,250,274,23,189,554,817,303,35,167,2464,333,97,220,8,90,15,17,775,585,211,433,105
3,1,5834,0,333,2491,1622,0,0,1,0,0,0,4,5,2,0,0,0,0,0,1,0,1,0,0,5,0,1,0,0,0,0,0,2,0,1,0,3,0,0,0,0,0,0,0,0,12,1,0,10855,17667,209,45035,16542,17891,2,0,0,0,48,1,1,0,107,5,4,0,1,0,4,9,1,2,2,0,1,2,13,0,1,2,16,1,0,0,17,10,4,1,55,0,4,1,0,945,174,15,32,7
1,0,130,3,1,81,339,0,0,3,0,0,0,6,5,6,0,0,0,0,2,3,0,4,1,0,7,0,0,0,0,1,0,0,4,1,3,1,6,2,0,0,0,0,0,0,0,52,2,0,17681,1823,2174,16542,30879,14411,18,5,5,16,234,7,8,8,1474,77,146,5,34,6,18,71,54,50,11,9,28,10,62,7,6,21,112,54,21,1,83,226,44,11,633,9,40,9,9,4348,3168,58,138,25
0,0,201,1,0,16,390,0,0,1,2,0,0,2,5,2,0,0,0,0,0,0,0,0,0,0,3,0,0,2,0,0,0,0,5,1,3,0,1,1,0,0,0,0,0,0,0,9,1,0,832,7229,11695,17891,14411,26440,54,26,15,45,675,19,8,14,1166,75,5577,6,121,36,41,156,26,26,21,16,13,12,93,108,6,44,229,133,97,9,110,658,40,35,215,5,34,12,2,2484,106,106,308,50
0,0,0,0,0,0,0,59,105,1,6,20,94,0,3,7,1,1,2,441,1,20,10,4,131,2,680,2,2,0,1,1,127,0,5,3,11,7,1,0,0,0,2,7,25,4,1,0,0,0,16,22,217,2,18,54,3699,6121,687,965,79,190,416,5412,369,177,535,334,358,2239,79,380,85,1265,38,34,940,9,15,502,10,2652,70,301,494,18,317,75,56,112,9,10,107,8,16,5,15,9,36,10
0,0,0,0,0,0,0,7,34,1,0,4,8,0,1,1,1,3,2,29,1,1,2,2,12,0,18,0,1,0,0,0,9,1,1,0,3,0,0,0,0,0,1,0,2,0,1,0,0,0,11,9,90,0,5,26,6121,14934,5942,4031,226,918,1258,3310,104,60,1130,7474,1393,1084,523,1162,67,206,126,65,79,18,12,1053,26,744,26,180,479,27,329,109,42,91,8,12,170,25,65,8,5,9,27,3
0,0,0,0,0,0,0,2,13,2,5,4,3,3,1,1,4,7,3,1,7,1,0,0,3,0,3,0,0,0,0,0,3,1,0,0,5,0,0,1,0,0,0,0,0,0,1,0,0,0,11,4,82,0,5,15,687,5942,2110,1240,356,1021,386,442,56,32,1159,2954,1896,143,542,456,19,46,203,26,44,18,6,2412,10,353,21,105,236,25,290,73,41,49,3,5,102,14,32,5,5,7,28,6
0,0,0,0,0,0,0,55,769,8,32,28,51,3,2,8,10,20,37,128,12,21,5,7,55,0,215,0,2,1,5,1,33,2,7,8,53,0,3,2,4,1,6,3,9,0,3,3,0,1,10,7,121,0,16,45,965,4031,1240,38279,810,1829,2389,2306,77,48,1018,1373,7502,2854,1859,1503,14830,7645,358,40,632,43,37,462,41,746,74,160,247,49,8318,789,156,156,152,27,381,60,137,55,10,23,118,42
0,0,0,1,0,0,1,9,13,17,26,6,1,5,1,6,11,8,15,1,10,1,0,4,2,0,0,1,8,8,2,0,5,7,5,2,6,1,11,1,2,0,6,3,3,2,3,1,1,1,161,182,816,48,234,675,79,226,356,810,34427,5726,2053,95,1277,757,683,183,1104,89,7526,3254,516,126,897,114,168,244,594,105,116,355,1157,408,232,255,1661,1321,1289,145,592,74,731,199,358,255,75,16677,25380,3158
0,0,0,0,0,0,0,3,9,3,0,3,3,1,1,0,2,1,1,11,1,2,0,1,5,0,16,1,0,0,0,0,5,3,0,1,3,0,0,1,0,0,1,0,1,0,1,0,0,0,8,5,39,1,7,19,190,918,1021,1829,5726,7081,5888,77,89,91,198,402,538,359,3986,6393,264,259,267,37,126,64,98,135,28,170,257,71,54,68,477,134,255,67,47,18,379,131,148,14,9,105,459,162
0,0,0,0,0,0,0,7,14,0,4,6,12,1,0,1,0,0,1,120,0,7,3,1,46,0,200,0,1,0,3,1,37,3,0,0,4,2,0,1,0,0,2,4,16,1,3,0,0,0,3,2,48,1,8,8,416,1258,386,2389,2053,5888,17816,8590,159,211,266,4645,328,1469,5606,8245,206,2590,768,40,834,59,81,442,68,4189,301,181,258,63,319,118,741,263,45,25,672,125,285,12,13,68,389,305
0,0,0,0,0,0,0,14,26,0,0,3,20,0,1,2,1,1,2,130,0,3,3,1,40,0,256,0,1,0,0,0,41,0,1,3,9,1,0,0,0,0,1,3,11,2,0,0,0,0,9,5,108,0,8,14,5412,3310,442,2306,95,77,8590,13395,277,211,371,3817,257,1337,2000,414,115,1597,158,8,664,4,22,561,4,2573,111,272,135,8,250,90,147,43,18,2,87,7,26,2,14,15,50,29
0,1,1,1,0,1,0,0,2,4,4,0,1,6,4,3,0,1,2,2,1,4,3,1,4,0,9,2,2,4,1,0,3,1,5,0,1,1,4,0,0,0,1,0,1,2,3,9,2,0,19870,12598,20943,107,1474,1166,369,104,56,77,1277,89,159,277,82998,11918,1041,86,199,129,201,871,51,168,289,421,109,201,5020,210,168,1146,15038,2702,1253,239,469,781,1851,237,344,34,342,131,178,518,13772,871,1823,1035
0,0,0,0,0,0,0,0,0,0,2,0,0,0,1,0,0,0,1,1,0,0,1,0,5,0,2,0,0,0,0,0,1,2,0,1,0,2,0,2,0,0,0,0,2,0,0,0,0,0,226,171,11359,5,77,75,177,60,32,48,757,91,211,211,11918,24336,4128,91,101,67,326,481,44,88,562,165,97,122,863,165,122,781,10850,10559,583,140,226,264,7194,139,181,10,239,70,158,82,281,360,2546,5751
0,0,1,2,0,0,0,0,2,4,11,2,5,4,4,2,2,1,5,3,3,5,0,0,4,0,5,0,3,2,2,1,2,0,2,4,3,1,2,0,0,0,3,0,0,0,0,3,0,0,115,106,4089,4,146,5577,535,1130,1159,1018,683,198,266,371,1041,4128,35606,985,7895,260,351,276,187,157,1470,50,32,18,57,12524,26,473,213,3010,393,17,340,13805,404,114,254,4,128,13,29,465,74,72,207,84
0,0,0,0,0,0,0,2,4,0,1,0,0,0,0,0,0,0,1,6,0,1,0,0,1,0,9,0,0,0,0,0,0,0,0,0,1,0,0,0,0,0,0,0,1,0,0,1,0,0,2,1,32,0,5,6,334,7474,2954,1373,183,402,4645,3817,86,91,985,9805,836,97,7714,496,49,98,1233,11,57,2,12,2760,22,693,63,140,91,16,112,58,276,30,16,2,69,24,61,5,2,6,50,44
0,1,1,1,0,0,2,3,15,15,16,2,2,7,5,4,4,12,13,6,17,7,0,2,3,0,14,1,2,8,3,0,2,1,3,6,7,0,8,0,7,2,1,0,0,1,0,0,1,1,28,16,345,1,34,121,358,1393,1896,7502,1104,538,328,257,199,101,7895,836,20214,379,742,384,4167,314,1219,17,33,11,61,3700,10,279,209,597,206,15,987,7245,520,92,283,5,137,17,32,91,33,57,273,152
0,0,0,0,0,0,0,85,104,0,9,27,112,2,2,8,4,0,9,622,6,26,18,4,232,0,682,0,1,0,1,0,227,0,2,1,17,18,2,3,0,0,5,12,43,2,4,1,0,0,12,11,102,0,6,36,2239,1084,143,2854,89,359,1469,1337,129,67,260,97,379,10895,87,981,216,4884,43,57,619,17,22,149,26,3291,37,146,2677,29,221,217,39,1434,17,6,851,29,41,18,11,7,26,14
0,0,0,0,0,0,1,8,10,5,12,3,0,0,1,5,4,3,7,3,8,1,1,3,7,0,11,0,1,1,2,0,1,6,1,2,1,0,1,3,0,3,0,0,0,1,0,0,1,1,15,14,58,4,18,41,79,523,542,1859,7526,3986,5606,2000,201,326,351,7714,742,87,18480,1449,461,104,4696,53,90,90,137,1151,77,464,653,212,66,90,1144,398,3893,65,209,27,320,101,178,41,16,188,1536,5049
0,0,0,0,0,0,0,3,10,2,4,2,12,0,1,2,3,2,2,48,3,10,19,2,34,17,104,3,1,2,3,16,18,26,1,1,3,19,1,13,2,1,0,21,17,11,30,0,0,0,53,65,247,9,71,156,380,1162,456,1503,3254,6393,8245,414,871,481,276,496,384,981,1449,35649,219,2146,397,648,3237,725,2950,223,517,4641,1571,268,753,758,438,286,638,1872,167,452,7729,6073,5297,115,56,1788,1701,419
0,0,0,0,1,0,2,6,30,12,9,4,5,2,4,3,3,2,12,9,16,5,1,2,5,0,31,2,2,5,3,0,2,0,2,11,10,0,7,0,0,0,3,0,1,0,2,0,2,0,16,6,68,1,54,26,85,67,19,14830,516,264,206,115,51,44,187,49,4167,216,461,219,7320,4968,272,30,475,20,42,155,24,196,136,76,67,23,6765,2892,138,65,1531,53,489,9,68,277,20,36,137,58
0,0,1,0,0,0,0,35,50,1,4,22,47,1,2,0,2,0,2,299,2,15,12,2,150,0,503,2,3,2,0,1,137,7,2,0,10,6,0,7,0,0,1,9,47,2,4,0,0,0,22,2,81,2,50,26,1265,206,46,7645,126,259,2590,1597,168,88,157,98,314,4884,104,2146,4968,18080,44,127,7634,152,43,79,150,5698,95,112,1006,69,2003,443,93,386,845,485,2866,74,256,269,24,14,83,45
0,0,0,0,0,0,0,0,2,2,4,2,0,1,0,2,1,2,3,4,3,1,1,2,1,0,2,0,1,1,3,0,2,1,0,1,1,0,0,0,2,0,0,0,0,0,0,0,0,1,5,7,72,2,11,21,38,126,203,358,897,267,768,158,289,562,1470,1233,1219,43,4696,397,272,44,5353,38,22,28,95,4225,23,262,522,1247,96,26,623,650,9418,41,288,4,81,32,56,46,18,92,689,3750
0,0,0,0,0,0,0,0,2,0,2,1,0,0,0,0,0,0,0,1,0,14,15,0,2,8,32,1,0,0,1,16,0,23,0,0,0,3,0,5,0,0,0,15,0,3,36,0,0,0,5,11,63,0,9,16,34,65,26,40,114,37,40,8,421,165,50,11,17,57,53,648,30,127,38,18430,2250,382,84,64,5222,1222,264,115,3046,6235,46,21,107,5834,30,202,9699,136,405,13,38,35,133,75
0,0,0,0,0,0,0,2,6,1,2,6,6,0,1,1,0,0,1,38,1,4,4,1,25,1,853,17,0,0,0,1,22,15,0,0,5,3,0,41,0,0,0,11,10,3,12,0,0,0,19,6,30,1,28,13,940,79,44,632,168,126,834,664,109,97,32,57,33,619,90,3237,475,7634,22,2250,10747,974,65,36,1842,3072,137,62,1852,454,1073,48,78,1035,360,4316,8725,199,2165,123,25,19,90,48
0,0,0,0,0,0,0,0,0,0,1,0,0,0,0,0,0,0,0,1,0,4,2,1,1,1,20,418,0,0,0,2,0,127,0,0,1,2,1,542,0,0,0,36,1,15,48,0,0,0,15,10,40,2,10,12,9,18,18,43,244,64,59,4,201,122,18,2,11,17,90,725,20,152,28,382,974,42860,2405,7,236,153,643,44,260,6957,124,17,100,431,39,12560,2806,16766,1336,19,33,357,223,109
0,0,0,0,0,0,0,1,0,2,1,1,0,2,1,0,1,0,3,0,1,1,0,0,0,0,1,4,0,1,1,0,1,0,1,1,0,0,0,6,0,1,1,2,0,1,7,0,0,0,481,114,250,13,62,93,15,12,6,37,594,98,81,22,5020,863,57,12,61,22,137,2950,42,43,95,84,65,2405,115887,13,53,154,30325,149,129,383,215,165,363,51,90,222,252,1975,122,53,11474,17683,2766,316
0,0,0,0,0,0,0,0,2,1,1,2,0,0,0,1,0,0,0,3,2,2,0,1,3,0,3,0,0,2,0,0,4,0,0,2,0,0,0,0,0,0,0,0,1,0,0,1,0,0,23,21,274,0,7,108,502,1053,2412,462,105,135,442,561,210,165,12524,2760,3700,149,1151,223,155,79,4225,64,36,7,13,7737,22,515,45,2356,368,20,196,753,627,81,56,4,104,12,37,15,12,11,58,62
0,0,0,0,0,0,0,0,0,1,1,0,1,1,0,0,0,0,0,2,0,31,7,0,1,7,13,4,3,0,0,16,0,118,0,0,0,0,0,35,0,0,0,27,2,22,107,0,0,0,7,3,23,1,6,6,10,26,10,41,116,28,68,4,168,122,26,22,10,26,77,517,24,150,23,5222,1842,236,53,22,9327,1866,170,58,1879,4229,50,12,101,1207,30,740,6947,468,6126,9,17,23,103,75
0,0,0,0,0,0,0,19,21,0,5,15,38,2,0,3,1,1,1,331,1,29,30,2,170,7,677,0,2,3,3,4,149,5,1,0,6,16,0,2,0,0,2,27,57,3,9,1,0,0,31,19,189,2,21,44,2652,744,353,746,355,170,4189,2573,1146,781,473,693,279,3291,464,4641,196,5698,262,1222,3072,153,154,515,1866,23817,741,673,15072,530,183,144,703,3414,73,55,5354,163,3445,26,105,93,360,321
0,0,0,0,0,0,0,2,3,1,6,1,2,3,2,1,2,0,7,0,5,1,1,4,0,0,3,1,2,2,0,0,3,5,0,5,0,0,4,6,2,1,1,1,2,2,9,0,0,0,321,143,554,16,112,229,70,26,21,74,1157,257,301,111,15038,10850,213,63,209,37,653,1571,136,95,522,264,137,643,30325,45,170,741,67537,919,536,410,815,516,2256,143,310,111,511,632,302,137,2617,8829,25272,1747
0,0,0,0,0,0,0,0,1,3,5,0,0,6,2,1,0,0,0,2,1,3,2,0,2,0,9,0,0,0,0,0,0,0,3,1,2,0,1,0,0,1,1,0,0,0,0,0,0,0,86,49,817,1,54,133,301,180,105,160,408,71,181,272,2702,10559,3010,140,597,146,212,268,76,112,1247,115,62,44,149,2356,58,673,919,30173,582,71,648,1072,15019,148,667,5,169,31,70,207,101,82,486,1102
0,0,0,0,0,0,0,7,10,1,1,9,10,2,1,0,0,1,0,100,2,9,16,0,116,4,152,1,1,1,2,4,83,6,0,0,1,30,1,2,1,0,1,20,76,3,7,0,0,0,52,38,303,0,21,97,494,479,236,247,232,54,258,135,1253,583,393,91,206,2677,66,753,67,1006,96,3046,1852,260,129,368,1879,15072,536,582,8922,758,71,133,323,3697,32,45,2350,50,452,22,100,53,237,150
0,0,0,0,0,0,0,0,2,2,4,1,0,0,0,0,0,0,0,0,1,42,11,0,2,5,13,124,1,1,0,15,2,819,0,0,0,2,0,626,2,0,0,97,0,134,463,0,0,0,15,7,35,0,1,9,18,27,25,49,255,68,63,8,239,140,17,16,15,29,90,758,23,69,26,6235,454,6957,383,20,4229,530,410,71,758,27242,34,21,116,1416,20,3915,8885,8193,3094,9,39,139,181,83
3,2,2,6,1,0,3,137,1249,33,84,57,201,19,9,35,46,25,57,140,60,39,7,113,199,3,33,0,6,16,10,1,50,2,33,39,903,10,21,4,7,7,13,12,14,1,5,14,4,4,45,33,167,17,83,110,317,329,290,8318,1661,477,319,250,469,226,340,112,987,221,1144,438,6765,2003,623,46,1073,124,215,196,50,183,815,648,71,34,4970,3134,1076,40,3776,194,478,34,84,597,99,192,767,641
1,0,0,1,0,1,3,1,0,10,4,1,1,8,10,6,1,0,3,5,2,7,1,2,1,0,5,0,2,1,2,0,3,0,5,7,3,0,1,0,1,0,5,0,0,0,0,3,2,0,247,147,2464,10,226,658,75,109,73,789,1321,134,118,90,781,264,13805,58,7245,217,398,286,2892,443,650,21,48,17,165,753,12,144,516,1072,133,21,3134,16471,846,105,8596,6,180,13,21,4908,129,154,503,294
0,0,0,0,1,0,0,0,0,5,5,1,0,1,0,0,0,1,4,1,1,1,0,1,1,0,3,0,1,2,1,0,2,1,2,3,2,2,0,2,1,0,1,2,0,0,2,0,0,0,26,23,333,4,44,40,56,42,41,156,1289,255,741,147,1851,7194,404,276,520,39,3893,638,138,93,9418,107,78,100,363,627,101,703,2256,15019,323,116,1076,846,52184,128,647,18,284,64,154,150,73,367,4629,18488
0,0,0,0,0,0,0,0,4,2,3,4,3,1,2,1,0,1,0,51,0,11,17,1,48,6,55,1,2,1,1,12,33,5,0,1,0,17,0,5,0,1,3,12,34,3,20,0,0,0,9,4,97,1,11,35,112,91,49,156,145,67,263,43,237,139,114,30,92,1434,65,1872,65,386,41,5834,1035,431,51,81,1207,3414,143,148,3697,1416,40,105,128,16612,34,99,11812,125,920,17,18,31,87,53
0,0,0,1,0,1,0,1,1,2,1,0,0,4,1,0,0,0,0,0,0,0,0,0,0,0,1,0,0,0,1,0,0,4,2,2,1,0,0,3,1,0,1,0,0,0,0,3,0,0,103,31,220,55,633,215,9,8,3,152,592,47,45,18,344,181,254,16,283,17,209,167,1531,845,288,30,360,39,90,56,30,73,310,667,32,20,3776,8596,647,34,14399,90,318,12,54,15710,127,82,287,265
0,0,0,0,0,0,0,0,1,0,3,1,0,0,0,0,0,0,0,3,0,35,8,1,2,0,33,295,6,0,1,16,1,692,0,0,2,0,6,1441,1,0,0,107,1,138,346,2,0,0,4,0,8,0,9,5,10,12,5,27,74,18,25,2,34,10,4,2,5,6,27,452,53,485,4,202,4316,12560,222,4,740,55,111,5,45,3915,194,6,18,99,90,26102,13084,1635,1659,14,10,52,38,27
0,0,0,0,0,0,0,1,4,1,1,3,3,2,2,0,1,0,0,29,0,18,9,0,33,1,55,43,4,2,1,7,25,152,0,1,0,9,0,172,0,0,1,30,24,18,90,0,0,0,21,9,90,4,40,34,107,170,102,381,731,379,672,87,342,239,128,69,137,851,320,7729,489,2866,81,9699,8725,2806,252,104,6947,5354,511,169,2350,8885,478,180,284,11812,318,13084,47839,1261,4816,149,45,152,337,170
0,0,0,0,0,0,0,0,0,0,1,0,1,0,1,0,1,1,0,2,0,8,1,0,1,0,4,35,0,0,0,3,0,141,0,0,0,0,0,168,1,0,1,16,0,18,57,0,0,0,12,4,15,1,9,12,8,25,14,60,199,131,125,7,131,70,13,24,17,29,101,6073,9,74,32,136,199,16766,1975,12,468,163,632,31,50,8193,34,13,64,125,12,1635,1261,13960,7213,7,20,499,185,48
0,0,0,0,0,0,0,0,0,0,1,1,2,1,0,0,0,0,1,5,0,22,15,0,1,7,20,24,2,1,0,20,1,203,0,0,0,2,0,157,2,2,0,18,4,38,134,0,0,0,5,3,17,0,9,2,16,65,32,137,358,148,285,26,178,158,29,61,32,41,178,5297,68,256,56,405,2165,1336,122,37,6126,3445,302,70,452,3094,84,21,154,920,54,1659,4816,7213,8954,18,21,65,219,140
3,11,1,26,8,33,73,0,1,8,19,0,0,41,47,61,0,1,1,0,5,9,0,23,1,0,57,1,4,2,2,1,3,1,62,3,61,3,16,5,0,1,14,9,0,1,5,454,6,0,435,328,775,945,4348,2484,5,8,5,55,255,14,12,2,518,82,465,5,91,18,41,115,277,269,46,13,123,19,53,15,9,26,137,207,22,9,597,4908,150,17,15710,14,149,7,18,12612,540,36,101,60
0,0,14,0,0,2,0,0,0,0,0,0,0,1,0,1,0,1,0,2,1,0,0,0,0,0,0,0,0,0,0,0,0,0,1,0,0,0,1,1,0,0,0,0,0,0,0,1,0,0,12640,562,585,174,3168,106,15,5,5,10,75,9,13,14,13772,281,74,2,33,11,16,56,20,24,18,38,25,33,11474,12,17,105,2617,101,100,39,99,129,73,18,127,10,45,20,21,540,51199,133,195,19
0,0,0,0,0,0,0,2,1,4,7,0,0,4,1,0,0,0,1,0,0,2,1,0,1,1,0,0,0,0,0,0,0,1,1,2,0,1,1,2,0,0,0,0,0,1,1,1,1,0,60,67,211,15,58,106,9,9,7,23,16677,105,68,15,871,360,72,6,57,7,188,1788,36,14,92,35,19,357,17683,11,23,93,8829,82,53,139,192,154,367,31,82,52,152,499,65,36,133,35670,6289,530
0,0,0,0,0,0,0,2,1,2,8,2,0,2,0,1,3,2,2,2,5,1,0,1,0,0,4,0,0,1,1,1,0,4,1,1,3,0,2,1,1,1,1,0,0,0,2,0,0,0,111,112,433,32,138,308,36,27,28,118,25380,459,389,50,1823,2546,207,50,273,26,1536,1701,137,83,689,133,90,223,2766,58,103,360,25272,486,237,181,767,503,4629,87,287,38,337,185,219,101,195,6289,24283,8181
0,0,0,0,1,0,0,1,0,0,5,0,1,0,1,0,2,1,0,0,1,1,0,3,0,0,0,0,1,2,0,0,1,2,0,1,1,0,1,1,1,1,2,1,0,0,1,0,0,0,16,8,105,7,25,50,10,3,6,42,3158,162,305,29,1035,5751,84,44,152,14,5049,419,58,45,3750,75,48,109,316,62,75,321,1747,1102,150,83,641,294,18488,53,265,27,170,48,140,60,19,530,8181,14213
