18071,5983,13147,1519,8147,1361,260,5,3,96,7,2,3,13972,553,158,0,1,1,2,1,405,16,1,2,8,11,144,788,363,1,1,5,47,61,1,23,6,22,19,515,28,10,51,6,120,40,46,2426,1,2,5,2,48,3,2,0,0,0,1,0,0,0,0,3,0,0,0,0,0,0,1,0,1,0,0,0,0,0,0,2,0,0,2,0,1,4,1,0,1,2,3,1,0,1,37,0,0,0,0
5983,32557,9638,11909,340,90,487,9,3,190,12,2,4,6523,3374,155,0,0,1,2,4,487,8,0,1,4,6,32,208,227,1,2,2,13,34,1,16,0,13,4,419,121,6,29,7,29,12,68,238,1,0,4,0,13,2,1,0,0,1,0,0,0,0,0,3,0,0,0,2,0,0,0,0,0,0,0,0,0,0,0,2,0,0,1,0,0,1,3,0,0,0,0,0,0,0,42,0,0,1,0
13147,9638,37257,12071,3151,5210,8823,3,4,70,4,1,0,2234,171,36,0,1,2,3,3,572,7,0,0,0,3,77,425,276,0,1,1,31,8,1,5,1,7,11,579,78,3,41,2,56,23,23,296,0,511,1681,2,4021,142,112,0,0,0,0,1,0,0,0,16,0,1,0,1,0,1,1,0,0,0,2,0,1,7,0,0,0,7,0,0,3,2,3,0,0,1,1,0,1,1,22,31,6,1,0
1519,11909,12071,36565,471,2140,12130,19,25,573,55,4,4,5028,10830,8343,3,1,16,28,22,395,8,20,32,1,9,28,192,202,186,7,14,11,376,82,46,9,129,7,341,118,866,31,24,30,18,369,378,5,4,8,5,65,10,13,0,0,1,0,0,0,0,0,6,0,1,0,0,2,0,0,0,1,0,0,0,0,0,0,1,0,1,1,0,0,5,2,1,0,1,1,0,0,0,202,4,0,0,0
8147,340,3151,471,9746,15744,544,2,0,23,3,0,1,2906,197,79,0,0,2,2,1,59,5,5,3,1,6,39,216,88,0,3,0,11,34,2,8,2,16,5,122,6,2,13,4,27,9,132,1868,0,0,1,0,3,8,2,0,0,0,0,0,0,0,0,0,0,0,0,0,0,0,0,1,0,0,0,0,0,1,0,1,0,0,0,1,0,3,2,0,0,2,1,1,1,0,14,1,0,1,0
1361,90,5210,2140,15744,11747,19580,0,6,40,14,2,0,140,52,322,0,0,3,0,6,19,5,33,7,0,36,7,34,31,1,2,4,4,647,14,54,3,493,3,24,10,21,15,2,3,7,2086,1256,2,470,234,3,3508,368,16,0,1,0,0,0,0,0,0,6,1,2,0,0,0,0,0,1,0,0,0,0,0,1,0,0,0,1,0,0,0,3,3,0,0,0,0,0,0,0,74,27,0,1,0
260,487,8823,12130,544,19580,27062,11,18,429,50,5,1,431,362,4490,1,2,15,7,16,211,3,31,21,2,14,10,84,103,10,1,10,5,3391,104,38,5,482,6,164,70,99,17,5,15,5,2051,127,9,7,29,19,1988,221,464,0,0,0,0,2,0,0,0,7,0,5,0,2,0,0,0,0,2,0,0,1,0,2,0,0,0,2,0,0,0,4,9,0,0,9,2,0,0,0,470,0,0,1,0
5,9,3,19,2,0,11,28117,5310,157,3054,1512,10767,358,763,888,2433,9551,3792,5102,826,2153,399,56,399,80,183,29,35,205,1201,80,1092,60,22,83,569,216,30,11,42,57,1636,187,1041,112,326,6,6,221,0,0,0,0,0,0,66,27,7,77,5,1,14,26,1,0,1,4,10,69,3,9,10,44,0,1,41,3,2,2,3,24,1,0,18,2,212,3,1,7,0,0,4,0,1,1,0,0,1,0
3,3,4,25,0,6,18,5310,57084,191,920,1736,4026,90,208,1414,1473,329,10667,2175,586,742,275,15370,7062,21,2533,43,22,86,173,77,843,41,561,2487,5426,54,799,63,33,52,419,386,143,88,268,93,3,44,0,0,1,0,0,1,145,81,26,197,8,5,30,57,2,1,4,6,25,183,12,17,30,131,6,2,211,4,0,7,5,59,4,4,42,1,920,4,3,16,4,3,13,2,0,1,0,1,1,1
96,190,70,573,23,40,429,157,191,34540,2948,2511,214,491,1489,1755,263,15,340,143,4864,3455,340,108,134,87,103,41,385,784,78,247,1219,80,1120,711,581,96,849,17,11120,11336,1041,277,176,91,785,343,44,4719,1,2,4,1,2,4,0,2,6,15,26,4,1,2,6,2,10,5,44,2,5,11,27,5,11,6,9,0,6,4,5,4,11,1,8,3,67,13,4,5,11,2,4,1,2,32,0,4,13,4
7,12,4,55,3,14,50,3054,920,2948,3984,11742,464,50,168,1168,333,191,1119,433,1159,4044,2043,86,244,51,181,65,51,54,136,96,737,87,398,517,304,61,460,31,198,116,261,358,64,324,606,120,17,24,1,1,2,1,0,0,10,4,3,28,11,3,0,9,2,0,5,3,24,25,6,11,10,16,7,1,11,0,0,5,8,7,1,2,5,2,47,3,2,5,1,2,5,0,5,4,0,0,3,3
2,2,1,4,0,2,5,1512,1736,2511,11742,25116,8099,54,78,206,4601,246,378,1255,5755,1389,5349,98,1485,55,883,32,38,145,129,124,5617,70,74,161,549,129,96,21,77,193,158,425,113,177,837,23,6,74,0,1,0,0,0,3,38,17,5,55,6,2,15,24,0,1,0,5,6,82,5,34,13,68,4,5,66,0,0,1,4,66,4,2,43,1,103,4,2,20,1,2,20,1,2,0,0,0,0,4
3,4,0,4,1,0,1,10767,4026,214,464,8099,26618,505,389,174,5938,1084,223,3885,1383,371,164,82,1411,36,995,9,53,475,704,100,6357,20,21,34,542,42,23,6,53,179,925,96,609,26,197,4,6,357,0,1,0,0,0,0,139,25,0,88,5,3,28,55,0,2,4,2,3,203,6,20,8,144,1,3,109,0,0,2,0,79,2,3,38,0,169,2,0,16,0,0,9,1,0,2,0,0,0,0
13972,6523,2234,5028,2906,140,431,358,90,491,50,54,505,75428,18429,1311,67,56,130,279,350,741,52,35,111,179,68,327,4843,25806,239,337,477,173,640,139,261,113,269,47,1517,571,2629,241,1061,232,310,369,13581,3869,8,10,14,11,9,26,0,0,1,2,8,1,2,0,14,6,5,0,14,1,1,5,5,9,2,2,17,1,5,4,3,8,6,7,12,2,23,19,7,10,11,2,7,1,5,143,3,1,2,1
553,3374,171,10830,197,52,362,763,208,1489,168,78,389,18429,14926,4172,68,94,378,411,258,1066,54,35,165,137,56,103,608,1685,993,131,170,126,738,282,115,191,253,20,1618,578,8286,182,662,68,124,281,369,5226,2,5,9,7,6,8,3,2,0,1,8,0,1,2,8,1,1,0,4,10,0,6,3,7,3,2,3,0,0,0,0,4,7,4,7,2,12,10,2,0,3,1,1,0,0,76,1,1,0,2
158,155,36,8343,79,322,4490,888,1414,1755,1168,206,174,1311,4172,34258,1318,1185,7519,379,1608,457,35,413,374,28,58,27,177,407,13097,34,164,20,4724,4004,210,59,585,4,398,208,14716,114,134,18,62,816,150,289,3,10,1,12,8,20,3,0,3,13,16,1,1,2,2,1,3,1,14,8,4,2,8,5,10,2,9,0,0,1,0,2,4,1,2,0,18,4,0,0,1,0,2,0,1,159,1,1,9,1
0,0,0,3,0,0,1,2433,1473,263,333,4601,5938,67,68,1318,8892,4481,1108,171,3797,84,213,61,134,18,56,1,11,118,3120,58,1556,10,49,108,420,19,58,0,15,96,338,41,156,10,193,9,2,123,0,0,0,0,0,0,6,4,0,21,4,1,0,3,0,0,1,0,5,2,1,3,9,3,3,2,3,0,0,0,0,2,1,1,1,0,71,3,0,2,0,0,0,1,0,1,0,0,0,1
1,0,1,1,0,0,2,9551,329,15,191,246,1084,56,94,1185,4481,3405,1178,95,435,87,27,11,15,10,8,2,3,48,4027,18,331,2,7,23,123,12,12,0,5,8,471,10,108,7,39,2,0,65,0,0,0,0,0,0,0,4,2,13,1,1,1,1,0,0,0,0,4,0,0,1,2,1,1,0,1,0,0,1,0,1,0,0,0,0,31,0,0,0,0,0,0,0,0,0,0,1,0,0
1,1,2,16,2,3,15,3792,10667,340,1119,378,223,130,378,7519,1108,1178,12826,479,1298,220,50,2548,904,10,90,8,36,126,1367,29,211,15,147,6464,639,31,461,13,60,77,860,144,93,8,58,30,8,90,0,0,3,0,0,1,8,4,14,43,27,2,2,1,1,1,3,4,28,3,15,4,15,8,7,1,8,0,4,3,1,3,10,2,4,1,69,6,0,1,0,0,1,0,2,0,2,2,7,4
2,2,3,28,2,0,7,5102,2175,143,433,1255,3885,279,411,379,171,95,479,20906,283,1115,777,101,2913,136,1073,58,52,201,282,222,4057,118,42,170,75,3064,46,17,63,64,676,1401,4783,164,536,14,8,104,1,0,1,2,0,0,156,22,2,66,4,1,62,83,6,4,1,7,5,268,6,58,3,258,0,3,97,0,3,1,6,228,5,5,182,3,35,2,2,86,0,2,52,2,4,0,1,0,1,1
1,4,3,22,1,6,16,826,586,4864,1159,5755,1383,350,258,1608,3797,435,1298,283,17407,186,346,119,166,112,102,19,98,868,1377,283,1849,46,358,567,750,105,457,9,309,1839,7799,179,774,40,503,127,10,2438,0,0,2,1,0,0,0,4,5,39,17,5,1,1,3,0,2,3,24,3,10,12,15,7,11,0,8,1,2,5,1,10,12,4,10,0,80,9,4,2,3,1,8,0,0,3,0,5,6,3
405,487,572,395,59,19,211,2153,742,3455,4044,1389,371,741,1066,457,84,87,220,1115,186,22940,4292,88,1090,264,1239,1242,2792,972,49,289,462,1067,324,176,196,414,282,308,16935,1325,261,3499,276,5802,1569,149,39,100,0,0,1,2,1,3,27,4,1,13,13,3,11,14,4,6,4,0,19,50,6,75,12,36,6,82,35,13,4,2,105,71,2,4,44,51,22,8,2,37,4,57,51,13,69,12,1,3,4,1
16,8,7,8,5,5,3,399,275,340,2043,5349,164,52,54,35,213,27,50,777,346,4292,6531,73,1156,272,1336,404,91,82,35,336,2615,611,52,44,53,487,78,103,624,73,71,3215,270,4713,4713,37,5,22,0,0,0,0,1,0,6,4,2,7,3,2,10,5,2,3,0,0,2,25,0,57,4,38,3,88,42,6,0,1,58,64,2,1,64,19,10,0,1,71,1,13,53,6,40,1,1,1,4,2
1,0,0,20,5,33,31,56,15370,108,86,98,82,35,35,413,61,11,2548,101,119,88,73,7314,2226,24,2190,95,29,35,11,40,171,45,1688,8220,3757,30,9774,224,45,20,47,485,80,28,123,638,25,13,1,0,1,1,1,0,6,4,3,23,10,2,3,3,2,0,2,3,15,13,5,7,9,7,5,1,10,2,0,0,0,4,4,1,7,1,97,5,0,1,6,4,3,0,1,3,0,0,4,1
2,1,0,32,3,7,21,399,7062,134,244,1485,1411,111,165,374,134,15,904,2913,166,1090,1156,2226,10231,137,6891,84,37,153,73,338,4065,132,347,876,624,396,477,85,62,57,283,3497,1489,173,907,111,8,39,1,1,6,1,2,4,173,26,4,82,4,8,100,93,8,16,0,7,9,318,6,111,13,371,3,12,272,3,3,3,15,349,10,8,281,3,105,3,8,164,0,3,126,9,13,5,0,0,5,1
8,4,0,1,1,0,2,80,21,87,51,55,36,179,137,28,18,10,10,136,112,264,272,24,137,9234,799,25,38,122,48,5512,741,2239,10,11,21,5628,28,34,42,38,185,7237,1736,83,1768,18,2,42,0,0,0,0,0,0,0,1,1,3,3,1,2,1,0,2,0,3,0,2,2,49,0,3,0,61,23,3,0,0,66,28,1,1,18,16,0,0,1,46,2,9,33,6,49,1,0,0,0,0
11,6,3,9,6,36,14,183,2533,103,181,883,995,68,56,58,56,8,90,1073,102,1239,1336,2190,6891,799,17195,1278,73,98,31,1102,2552,695,363,229,1856,514,1919,4065,91,44,96,11314,1320,355,2894,706,37,32,0,0,2,2,1,3,6,5,4,7,6,1,8,6,5,5,1,1,3,17,2,77,1,39,3,87,169,31,3,2,72,84,3,3,70,52,21,1,6,69,5,60,67,18,61,14,1,1,2,2
144,32,77,28,39,7,10,29,43,41,65,32,9,327,103,27,1,2,8,58,19,1242,404,95,84,25,1278,48781,2025,506,0,161,41,5071,34,18,145,44,180,14175,1208,102,19,1473,57,10475,3991,84,21,6,0,0,0,1,0,1,0,0,0,2,1,0,0,0,1,0,0,0,0,2,0,9,0,2,0,5,29,339,0,0,17,6,0,1,2,103,7,1,0,4,6,489,60,42,20,5,0,1,2,0
788,208,425,192,216,34,84,35,22,385,51,38,53,4843,608,177,11,3,36,52,98,2792,91,29,37,38,73,2025,70940,12223,13,74,167,186,169,67,103,26,107,113,30453,677,80,243,116,904,217,93,5595,51,0,1,0,0,0,5,0,0,1,2,6,5,0,0,5,1,3,2,13,1,3,7,6,2,6,4,4,5,2,0,10,5,0,3,2,6,7,9,1,5,3,13,4,0,4,13,0,0,3,2
363,227,276,202,88,31,103,205,86,784,54,145,475,25806,1685,407,118,48,126,201,868,972,82,35,153,122,98,506,12223,46211,147,374,987,172,234,165,242,95,194,47,10859,5059,1745,252,734,320,540,94,1563,2925,2,2,4,2,4,6,0,0,3,8,8,1,1,2,4,4,6,2,17,4,4,5,4,7,3,3,8,3,2,5,5,6,7,1,10,11,24,13,1,6,5,3,10,3,4,12,1,2,3,1
1,1,0,186,0,1,10,1201,173,78,136,129,704,239,993,13097,3120,4027,1367,282,1377,49,35,11,73,48,31,0,13,147,18293,50,222,18,171,214,50,53,52,1,17,66,13615,32,409,1,42,13,2,315,0,0,0,0,0,0,0,1,2,2,4,0,0,0,0,0,0,0,1,1,0,0,2,3,0,1,3,0,0,0,1,3,0,0,3,0,4,1,1,0,0,0,1,0,0,1,0,0,0,0
1,2,1,7,3,2,1,80,77,247,96,124,100,337,131,34,58,18,29,222,283,289,336,40,338,5512,1102,161,74,374,50,18554,5793,2866,18,12,26,1867,40,118,96,113,229,6102,3225,247,11748,23,12,105,0,0,0,0,0,0,0,1,0,7,4,0,4,1,0,0,0,1,0,3,2,79,2,6,1,105,36,10,4,0,126,39,7,0,24,39,2,0,4,47,1,26,42,11,71,0,0,2,5,2
5,2,1,14,0,4,10,1092,843,1219,737,5617,6357,477,170,164,1556,331,211,4057,1849,462,2615,171,4065,741,2552,41,167,987,222,5793,22016,208,101,117,158,1397,164,19,256,517,463,2966,5258,128,7277,43,18,321,0,0,1,1,0,1,38,11,4,23,12,2,48,39,8,8,1,1,6,122,4,79,7,179,3,14,156,2,1,5,15,208,10,6,226,2,31,4,6,98,0,6,89,3,10,5,1,0,1,3
47,13,31,11,11,4,5,60,41,80,87,70,20,173,126,20,10,2,15,118,46,1067,611,45,132,2239,695,5071,186,172,18,2866,208,21706,26,14,54,942,73,3671,327,72,93,7717,513,3095,13894,54,8,23,1,0,2,1,0,0,0,1,0,4,2,1,2,1,3,0,0,0,1,1,1,49,0,3,4,53,40,200,5,0,166,18,3,1,7,586,4,0,2,8,1,732,210,100,162,7,0,5,2,1
61,34,8,376,34,647,3391,22,561,1120,398,74,21,640,738,4724,49,7,147,42,358,324,52,1688,347,10,363,34,169,234,171,18,101,26,8256,4775,1016,20,13678,56,272,143,1065,205,48,20,51,3969,145,111,3,6,4,14,4,18,2,0,0,3,3,0,1,0,4,1,4,0,15,3,1,5,5,1,2,0,4,1,1,0,1,2,6,0,2,0,14,9,2,0,9,1,3,1,1,182,0,0,2,0
1,1,1,82,2,14,104,83,2487,711,517,161,34,139,282,4004,108,23,6464,170,567,176,44,8220,876,11,229,18,67,165,214,12,117,14,4775,10755,714,27,5827,11,128,98,677,250,38,6,64,268,28,53,0,0,2,0,2,1,0,0,3,13,20,0,2,0,3,1,9,4,40,4,4,5,24,1,8,1,5,2,0,3,0,3,11,0,2,0,43,18,2,1,3,1,1,0,0,4,0,4,10,3
23,16,5,46,8,54,38,569,5426,581,304,549,542,261,115,210,420,123,639,75,750,196,53,3757,624,21,1856,145,103,242,50,26,158,54,1016,714,3683,13,6434,258,193,139,244,193,24,41,129,1566,95,57,1,2,0,3,4,2,5,3,2,14,2,0,2,3,0,1,1,2,4,8,1,2,4,5,1,0,3,3,1,0,0,5,1,0,1,1,452,3,0,1,2,8,1,0,4,36,0,0,0,0
6,0,1,9,2,3,5,216,54,96,61,129,42,113,191,59,19,12,31,3064,105,414,487,30,396,5628,514,44,26,95,53,1867,1397,942,20,27,13,9725,23,17,35,30,250,5647,5195,111,1786,18,3,31,0,1,0,0,0,1,2,1,0,1,4,0,4,0,1,4,1,1,1,7,0,42,2,22,2,14,46,2,0,0,15,40,2,3,58,3,3,1,1,38,0,1,29,0,19,1,0,0,3,1
22,13,7,129,16,493,482,30,799,849,460,96,23,269,253,585,58,12,461,46,457,282,78,9774,477,28,1919,180,107,194,52,40,164,73,13678,5827,6434,23,19950,357,183,124,420,535,69,38,166,7196,105,73,3,2,3,1,3,2,0,2,0,8,19,2,2,0,2,2,4,3,42,0,8,8,18,2,5,0,3,3,5,2,0,3,8,2,3,6,47,17,3,1,23,6,2,0,1,30,1,4,7,2
19,4,11,7,5,3,6,11,63,17,31,21,6,47,20,4,0,0,13,17,9,308,103,224,85,34,4065,14175,113,47,1,118,19,3671,56,11,258,17,357,17822,143,25,7,7498,18,1385,2515,157,10,0,0,0,0,0,2,0,0,0,0,1,4,0,0,1,1,0,0,0,0,0,1,28,0,2,0,17,79,591,2,0,52,9,2,0,4,326,8,1,1,3,9,1098,114,91,53,10,0,1,2,0
515,419,579,341,122,24,164,42,33,11120,198,77,53,1517,1618,398,15,5,60,63,309,16935,624,45,62,42,91,1208,30453,10859,17,96,256,327,272,128,193,35,183,143,60574,9972,253,412,116,977,366,111,155,481,2,0,5,5,1,1,0,1,1,6,7,1,0,1,7,0,2,1,15,4,3,9,8,1,3,10,1,4,3,1,9,4,4,4,4,13,19,12,1,3,3,11,11,4,5,10,0,1,3,0
28,121,78,118,6,10,70,57,52,11336,116,193,179,571,578,208,96,8,77,64,1839,1325,73,20,57,38,44,102,677,5059,66,113,517,72,143,98,139,30,124,25,9972,17560,1344,173,127,84,282,58,14,4832,0,1,0,0,0,0,0,1,2,6,7,0,0,0,1,0,0,0,12,1,0,2,5,2,2,4,2,1,0,2,2,1,5,2,2,2,10,2,0,4,1,3,5,0,2,5,0,1,2,3
10,6,3,866,2,21,99,1636,419,1041,261,158,925,2629,8286,14716,338,471,860,676,7799,261,71,47,283,185,96,19,80,1745,13615,229,463,93,1065,677,244,250,420,7,253,1344,26299,230,1349,13,154,223,15,9179,2,5,5,0,1,0,6,0,2,8,8,1,3,3,1,3,3,0,16,6,4,8,6,10,3,0,14,1,2,0,0,16,3,0,10,0,21,13,2,6,2,0,4,0,1,17,2,0,0,1
51,29,41,31,13,15,17,187,386,277,358,425,96,241,182,114,41,10,144,1401,179,3499,3215,485,3497,7237,11314,1473,243,252,32,6102,2966,7717,205,250,193,5647,535,7498,412,173,230,51076,1630,1770,12935,283,20,46,0,1,1,3,1,2,6,5,1,15,15,7,13,2,5,8,2,3,6,10,5,203,2,23,3,134,108,76,4,3,264,119,9,5,93,166,9,0,6,90,3,220,140,41,139,17,1,6,3,6
6,7,2,24,4,2,5,1041,143,176,64,113,609,1061,662,134,156,108,93,4783,774,276,270,80,1489,1736,1320,57,116,734,409,3225,5258,513,48,38,24,5195,69,18,116,127,1349,1630,3372,60,1280,24,26,371,0,1,2,1,0,1,12,4,1,5,7,2,20,6,8,5,1,2,2,18,4,96,0,84,6,17,148,1,5,1,10,127,11,1,188,4,10,3,7,106,1,3,83,1,13,2,0,2,1,0
120,29,56,30,27,3,15,112,88,91,324,177,26,232,68,18,10,7,8,164,40,5802,4713,28,173,83,355,10475,904,320,1,247,128,3095,20,6,41,111,38,1385,977,84,13,1770,60,13806,8867,22,17,8,1,0,0,0,1,0,0,0,0,1,3,1,2,1,1,3,0,0,0,1,1,27,2,8,0,20,19,57,2,2,47,11,4,0,9,221,2,1,5,9,0,191,78,35,51,4,1,2,1,0
40,12,23,18,9,7,5,326,268,785,606,837,197,310,124,62,193,39,58,536,503,1569,4713,123,907,1768,2894,3991,217,540,42,11748,7277,13894,51,64,129,1786,166,2515,366,282,154,12935,1280,8867,27324,129,27,112,0,0,0,0,0,2,6,5,2,16,14,9,9,3,3,9,0,2,1,9,11,227,1,22,8,229,85,124,8,0,389,97,13,0,55,629,17,2,4,133,5,602,382,124,283,9,0,7,10,6
46,68,23,369,132,2086,2051,6,93,343,120,23,4,369,281,816,9,2,30,14,127,149,37,638,111,18,706,84,93,94,13,23,43,54,3969,268,1566,18,7196,157,111,58,223,283,24,22,129,4585,722,46,4,13,12,55,38,46,0,0,0,0,3,0,0,0,4,0,2,0,0,0,0,2,1,0,1,0,0,0,0,0,1,1,1,2,1,0,6,3,2,1,23,4,0,1,0,386,8,0,0,0
2426,238,296,378,1868,1256,127,6,3,44,17,6,6,13581,369,150,2,0,8,8,10,39,5,25,8,2,37,21,5595,1563,2,12,18,8,145,28,95,3,105,10,155,14,15,20,26,17,27,722,9186,1,1,0,3,6,6,8,0,0,1,0,3,1,0,0,1,1,0,0,3,0,0,3,0,0,1,0,1,0,0,0,1,0,3,1,1,0,2,1,0,0,1,0,0,0,0,21,0,0,2,0
1,1,0,5,0,2,9,221,44,4719,24,74,357,3869,5226,289,123,65,90,104,2438,100,22,13,39,42,32,6,51,2925,315,105,321,23,111,53,57,31,73,0,481,4832,9179,46,371,8,112,46,1,6905,0,1,0,0,2,0,1,1,0,2,5,0,0,0,1,1,1,1,4,2,2,3,4,2,2,0,2,0,0,0,0,0,4,0,1,0,8,4,0,0,0,0,2,0,0,4,1,1,0,0
2,0,511,4,0,470,7,0,0,1,1,0,0,8,2,3,0,0,0,1,0,0,0,1,1,0,0,0,0,2,0,0,0,1,3,0,1,0,3,0,2,0,2,0,0,1,0,4,1,0,47484,14610,2158,13005,15220,1408,26,10,1,17,177,12,6,15,16253,309,177,3,40,17,9,70,6,14,16,14,24,12,838,17,19,50,454,86,43,18,90,211,46,25,95,9,32,15,6,391,14140,80,101,28
5,4,1681,8,1,234,29,0,0,2,1,1,1,10,5,10,0,0,0,0,0,0,0,0,1,0,0,0,1,2,0,0,0,0,6,0,2,1,2,0,0,1,5,1,1,0,0,13,0,1,14610,101520,16379,16742,1063,7525,44,17,6,15,345,13,4,15,18805,500,307,3,39,22,16,175,5,12,24,12,11,20,429,25,9,28,540,129,41,5,48,297,83,34,96,2,24,22,6,583,970,199,223,38
2,0,2,5,0,3,19,0,1,4,2,0,0,14,9,1,0,0,3,1,2,1,0,1,6,0,2,0,0,4,0,0,1,2,4,2,0,0,3,0,5,0,5,1,2,0,0,12,3,0,2158,16379,39732,340,1139,14961,261,154,62,156,1038,37,55,128,17834,10770,6942,49,619,157,88,314,93,117,131,52,37,30,401,690,33,258,914,1176,280,25,276,3403,496,152,428,16,130,25,24,979,717,266,395,156
48,13,4021,65,3,3508,1988,0,0,1,1,0,0,11,7,12,0,0,0,2,1,2,0,1,1,0,2,1,0,2,0,0,1,1,14,0,3,0,1,0,5,0,0,3,1,0,0,55,6,0,13005,16742,340,38028,15204,15657,6,0,0,0,42,1,1,0,271,12,14,1,3,1,0,21,0,2,1,0,2,0,82,3,0,2,56,5,2,1,14,37,8,1,104,1,6,4,0,1153,477,27,18,2
3,2,142,10,8,368,221,0,0,2,0,0,0,9,6,8,0,0,0,0,0,1,1,1,2,0,1,0,0,4,0,0,0,0,4,2,4,0,3,2,1,0,1,1,0,1,0,38,6,2,15220,1063,1139,15204,24136,8659,13,10,4,10,217,12,8,6,1662,149,94,0,27,16,30,47,24,55,37,3,55,23,113,19,1,13,150,75,13,5,125,262,146,12,1246,25,32,3,6,4990,3438,52,80,38
2,1,112,13,2,16,464,0,1,4,0,3,0,26,8,20,0,0,1,0,0,3,0,0,4,0,3,1,5,6,0,0,1,0,18,1,2,1,2,0,1,0,0,2,1,0,2,46,8,0,1408,7525,14961,15657,8659,28891,86,42,21,52,789,24,14,27,2044,216,4911,8,150,54,50,228,23,21,57,7,13,18,179,176,7,64,373,174,79,6,157,953,222,52,328,5,46,16,5,3985,232,144,289,90
0,0,0,0,0,0,0,66,145,0,10,38,139,0,3,3,6,0,8,156,0,27,6,6,173,0,6,0,0,0,0,0,38,0,2,0,5,2,0,0,0,0,6,6,12,0,6,0,0,1,26,44,261,6,13,86,5406,9044,551,1492,59,70,427,5809,400,260,241,256,449,3575,36,293,118,1617,99,26,383,11,33,308,16,3296,118,553,690,11,369,80,168,173,17,8,136,14,19,14,29,19,41,13
0,0,0,0,0,1,0,27,81,2,4,17,25,0,2,0,4,4,4,22,4,4,4,4,26,1,5,0,0,0,1,1,11,1,0,0,3,1,2,0,1,1,0,5,4,0,5,0,0,1,10,17,154,0,10,42,9044,31460,7469,5833,163,559,1174,4960,137,135,410,8750,1939,1743,389,948,157,272,235,74,96,24,14,884,42,1344,56,564,600,31,1242,81,117,244,29,10,214,39,57,3,5,12,20,9
0,1,0,1,0,0,0,7,26,6,3,5,0,1,0,3,0,2,14,2,5,1,2,3,4,1,4,0,1,3,2,0,4,0,0,3,2,0,0,0,1,2,2,1,1,0,2,0,1,0,1,6,62,0,4,21,551,7469,4936,2689,251,567,356,890,41,36,945,5852,5352,191,315,445,37,45,574,26,27,8,8,4841,31,548,18,322,248,14,398,99,63,54,55,3,109,28,36,8,6,8,28,6
1,0,0,0,0,0,0,77,197,15,28,55,88,2,1,13,21,13,43,66,39,13,7,23,82,3,7,2,2,8,2,7,23,4,3,13,14,1,8,1,6,6,8,15,5,1,16,0,0,2,17,15,156,0,10,52,1492,5833,2689,49617,959,1623,2314,2798,98,90,844,1810,16520,2542,1379,1724,15057,4216,444,57,263,42,52,592,72,1108,113,311,348,42,6970,650,138,251,170,26,449,87,106,38,8,36,129,61
0,0,1,0,0,0,2,5,8,26,11,6,5,8,8,16,4,1,27,4,17,13,3,10,4,3,6,1,6,8,4,4,12,2,3,20,2,4,19,4,7,7,8,15,7,3,14,3,3,5,177,345,1038,42,217,789,59,163,251,959,46969,6104,2625,130,1164,1049,616,484,1580,73,8668,4093,462,121,1208,79,249,144,1062,209,160,388,1175,523,129,168,1795,1391,1012,91,1263,58,694,292,257,334,74,22482,20406,4699
0,0,0,0,0,0,0,1,5,4,3,2,3,1,0,1,1,1,2,1,5,3,2,2,8,1,1,0,5,1,0,0,2,1,0,0,0,0,2,0,1,0,1,7,2,1,9,0,1,0,12,13,37,1,12,24,70,559,567,1623,6104,6002,5934,282,53,89,106,714,616,130,4213,7938,207,171,268,20,101,25,109,106,27,198,193,68,22,47,400,96,145,29,108,14,285,207,99,17,1,104,311,155
0,0,0,0,0,0,0,14,30,1,0,15,28,2,1,1,0,1,2,62,1,11,10,3,100,2,8,0,0,1,0,4,48,2,1,2,2,4,2,0,0,0,3,13,20,2,9,0,0,0,6,4,55,1,8,14,427,1174,356,2314,2625,5934,23430,12912,104,218,118,5674,439,922,6374,9283,224,2453,868,35,597,33,82,482,74,5124,297,235,209,63,414,102,559,220,88,21,549,231,194,24,10,81,276,261
0,0,0,0,0,0,0,26,57,2,9,24,55,0,2,2,3,1,1,83,1,14,5,3,93,1,6,0,0,2,0,1,39,1,0,0,3,0,0,1,1,0,3,2,6,1,3,0,0,0,15,15,128,0,6,27,5809,4960,890,2798,130,282,12912,20080,358,399,235,8233,677,1367,4147,732,169,1948,396,29,688,11,33,702,29,6502,247,585,218,20,480,47,294,119,29,4,186,17,54,8,24,19,55,60
3,3,16,6,0,6,7,1,2,6,2,0,0,14,8,2,0,0,1,6,3,4,2,2,8,0,5,1,5,4,0,0,8,3,4,3,0,1,2,1,7,1,1,5,8,1,3,4,1,1,16253,18805,17834,271,1662,2044,400,137,41,98,1164,53,104,358,88785,14783,974,117,270,118,96,631,56,166,218,236,177,148,5094,176,210,852,13570,2698,728,131,496,934,1306,283,470,36,357,108,99,652,14408,765,1038,361
0,0,0,0,0,1,0,0,1,2,0,1,2,6,1,1,0,0,1,4,0,6,3,0,16,2,5,0,1,4,0,0,8,0,1,1,1,4,2,0,0,0,3,8,5,3,9,0,1,1,309,500,10770,12,149,216,260,135,36,90,1049,89,218,399,14783,28756,3751,182,210,105,528,583,46,129,1286,182,171,108,1150,369,228,993,9438,10463,514,159,372,416,11456,194,302,15,429,94,139,226,299,509,2506,3437
0,0,1,1,0,2,5,1,4,10,5,0,4,5,1,3,1,0,3,1,2,4,0,2,0,0,1,0,3,6,0,0,1,0,4,9,1,1,4,0,2,0,3,2,1,0,0,2,0,1,177,307,6942,14,94,4911,241,410,945,844,616,106,118,235,974,3751,19576,477,11707,207,246,165,317,165,978,27,31,9,86,10271,18,240,225,5307,168,9,377,16077,499,160,898,4,141,7,20,300,69,63,160,79
0,0,0,0,0,0,0,4,6,5,3,5,2,0,0,1,0,0,4,7,3,0,0,3,7,3,1,0,2,2,0,1,1,0,0,4,2,1,3,0,1,0,0,3,2,0,2,0,0,1,3,3,49,1,0,8,256,8750,5852,1810,484,714,5674,8233,117,182,477,13872,2857,138,8423,822,142,128,2267,30,90,16,43,3012,44,1265,124,395,109,24,400,120,463,44,93,5,121,25,71,12,5,19,129,208
0,2,1,0,0,0,2,10,25,44,24,6,3,14,4,14,5,4,28,5,24,19,2,15,9,0,3,0,13,17,1,0,6,1,15,40,4,1,42,0,15,12,16,6,2,0,1,0,3,4,40,39,619,3,27,150,449,1939,5352,16520,1580,616,439,677,270,210,11707,2857,30586,459,1014,540,5189,413,2124,22,69,14,81,6913,34,590,254,1416,249,20,1249,5979,426,150,537,13,221,24,20,103,33,87,231,158
0,0,0,2,0,0,0,69,183,2,25,82,203,1,10,8,2,0,3,268,3,50,25,13,318,2,17,2,1,4,1,3,122,1,3,4,8,7,0,0,4,1,6,10,18,1,9,0,0,2,17,22,157,1,16,54,3575,1743,191,2542,73,130,922,1367,118,105,207,138,459,12458,69,724,288,7039,62,53,725,15,9,155,48,3838,48,288,4311,29,187,170,65,1977,42,9,1364,26,51,17,9,9,25,17
0,0,1,0,0,0,0,3,12,5,6,5,6,1,0,4,1,0,15,6,10,6,0,5,6,2,2,0,3,4,0,2,4,1,1,4,1,0,8,1,3,0,4,5,4,1,11,0,0,2,9,16,88,0,30,50,36,389,315,1379,8668,4213,6374,4147,96,528,246,8423,1014,69,21243,1621,426,151,16964,46,154,65,217,2017,111,665,785,164,65,72,1375,528,3278,67,630,26,344,124,171,104,15,265,1277,7724
1,0,1,0,0,0,0,9,17,11,11,34,20,5,6,2,3,1,4,58,12,75,57,7,111,49,77,9,7,5,0,79,79,49,5,5,2,42,8,28,9,2,8,203,96,27,227,2,3,3,70,175,314,21,47,228,293,948,445,1724,4093,7938,9283,732,631,583,165,822,540,724,1621,43637,219,2208,508,491,2704,1005,4167,261,940,8241,1513,284,589,1190,432,287,640,1171,289,546,7560,8490,5861,110,49,3628,1534,495
0,0,0,0,1,1,0,10,30,27,10,13,8,5,3,8,9,2,15,3,15,12,4,9,13,0,1,0,6,4,2,2,7,0,5,24,4,2,18,0,8,5,6,2,0,2,1,1,0,4,6,5,93,0,24,23,118,157,37,15057,462,207,224,169,56,46,317,142,5189,288,426,219,5366,5181,286,22,295,16,34,109,36,199,124,72,53,24,6085,2471,102,61,1411,36,332,16,34,121,13,26,95,48
1,0,0,1,0,0,2,44,131,5,16,68,144,9,7,5,3,1,8,258,7,36,38,7,371,3,39,2,2,7,3,6,179,3,1,1,5,22,2,2,1,2,10,23,84,8,22,0,0,2,14,12,117,2,55,21,1617,272,45,4216,121,171,2453,1948,166,129,165,128,413,7039,151,2208,5181,13551,111,133,6598,108,42,91,179,6784,195,181,1569,93,1931,629,153,577,1188,414,1720,102,215,317,29,23,53,61
0,0,0,0,0,0,0,0,6,11,7,4,1,2,3,10,3,1,7,0,11,6,3,5,3,0,3,0,6,3,0,1,3,4,2,8,1,2,5,0,3,2,3,3,6,0,8,1,1,2,16,24,131,1,37,57,99,235,574,444,1208,268,868,396,218,1286,978,2267,2124,62,16964,508,286,111,21311,66,90,49,158,7614,95,654,892,1144,184,57,1296,1115,12442,75,1099,14,218,64,102,163,16,123,845,6430
0,0,2,0,0,0,0,1,2,6,1,5,3,2,2,2,2,0,1,3,0,82,88,1,12,61,87,5,4,3,1,105,14,53,0,1,0,14,0,17,10,4,0,134,17,20,229,0,0,0,14,12,52,0,3,7,26,74,26,57,79,20,35,29,236,182,27,30,22,53,46,491,22,133,66,18778,1559,795,67,42,6058,1988,275,125,3133,11998,41,19,140,9187,52,352,9422,171,452,18,19,30,70,53
0,0,0,0,0,0,1,41,211,9,11,66,109,17,3,9,3,1,8,97,8,35,42,10,272,23,169,29,4,8,3,36,156,40,4,5,3,46,3,79,1,2,14,108,148,19,85,0,1,2,24,11,37,2,55,13,383,96,27,263,249,101,597,688,177,171,31,90,69,725,154,2704,295,6598,90,1559,13002,1058,79,39,1522,2995,300,99,1853,698,1098,169,184,1260,706,6122,6839,240,1380,342,37,46,147,105
0,0,1,0,0,0,0,3,4,0,0,0,0,1,0,0,0,0,0,0,1,13,6,2,3,3,31,339,5,3,0,10,2,200,1,2,3,2,3,591,4,1,1,76,1,57,124,0,0,0,12,20,30,0,23,18,11,24,8,42,144,25,33,11,148,108,9,16,14,15,65,1005,16,108,49,795,1058,41652,2226,11,418,264,679,48,252,8047,139,19,93,516,84,13103,2586,20878,1048,71,27,431,142,65
0,0,7,0,1,1,2,2,0,6,0,0,0,5,0,0,0,0,4,3,2,4,0,0,3,0,3,0,2,2,0,4,1,5,1,0,1,0,5,2,3,0,2,4,5,2,8,0,0,0,838,429,401,82,113,179,33,14,8,52,1062,109,82,33,5094,1150,86,43,81,9,217,4167,34,42,158,67,79,2226,131231,32,74,162,33534,213,85,356,255,179,430,55,195,193,316,2154,139,95,14234,18635,2766,528
0,0,0,0,0,0,0,2,7,4,5,1,2,4,0,1,0,1,3,1,5,2,1,0,3,0,2,0,0,5,0,0,5,0,0,3,0,0,2,0,1,2,0,3,1,2,0,0,0,0,17,25,690,3,19,176,308,884,4841,592,209,106,482,702,176,369,10271,3012,6913,155,2017,261,109,91,7614,42,39,11,32,10606,51,658,183,3271,249,21,365,1071,2049,82,240,1,106,13,46,60,15,28,109,311
2,2,0,1,1,0,0,3,5,5,8,4,0,3,0,0,0,0,1,6,1,105,58,0,15,66,72,17,10,5,1,126,15,166,1,0,0,15,0,52,9,2,0,264,10,47,389,1,1,0,19,9,33,0,1,7,16,42,31,72,160,27,74,29,210,228,18,44,34,48,111,940,36,179,95,6058,1522,418,74,51,12812,4031,316,106,2871,7034,74,34,196,1576,91,631,8819,650,5497,38,21,50,116,119
0,0,0,0,0,0,0,24,59,4,7,66,79,8,4,2,2,1,3,228,10,71,64,4,349,28,84,6,5,6,3,39,208,18,2,3,5,40,3,9,4,1,16,119,127,11,97,1,0,0,50,28,258,2,13,64,3296,1344,548,1108,388,198,5124,6502,852,993,240,1265,590,3838,665,8241,199,6784,654,1988,2995,264,162,658,4031,29296,854,889,17357,887,222,154,1016,3470,134,111,7114,347,6199,48,59,89,297,274
0,0,7,1,0,1,2,1,4,11,1,4,2,6,7,4,1,0,10,5,12,2,2,4,10,1,3,0,0,7,0,7,10,3,6,11,1,2,8,2,4,5,3,9,11,4,13,1,3,4,454,540,914,56,150,373,118,56,18,113,1175,193,297,247,13570,9438,225,124,254,48,785,1513,124,195,892,275,300,679,33534,183,316,854,65326,1127,505,411,1075,495,2125,199,592,95,713,747,286,240,2561,8128,22406,1813
2,1,0,1,0,0,0,0,4,1,2,2,3,7,4,1,1,0,2,5,4,4,1,1,8,1,3,1,3,1,0,0,6,1,0,0,0,3,2,0,4,2,0,5,1,0,0,2,1,0,86,129,1176,5,75,174,553,564,322,311,523,68,235,585,2698,10463,5307,395,1416,288,164,284,72,181,1144,125,99,48,213,3271,106,889,1127,26386,646,56,461,1250,11482,314,588,14,289,23,66,333,105,126,341,361
0,0,0,0,1,0,0,18,42,8,5,43,38,12,7,2,1,0,4,182,10,44,64,7,281,18,70,2,2,10,3,24,226,7,2,2,1,58,3,4,4,2,10,93,188,9,55,1,1,1,43,41,280,2,13,79,690,600,248,348,129,22,209,218,728,514,168,109,249,4311,65,589,53,1569,184,3133,1853,252,85,249,2871,17357,505,646,11633,686,62,101,344,5847,29,91,2572,56,506,15,39,45,122,91
1,0,3,0,0,0,0,2,1,3,2,1,0,2,2,0,0,0,1,3,0,51,19,1,3,16,52,103,6,11,0,39,2,586,0,0,1,3,6,326,13,2,0,166,4,221,629,0,0,0,18,5,25,1,5,6,11,31,14,42,168,47,63,20,131,159,9,24,20,29,72,1190,24,93,57,11998,698,8047,356,21,7034,887,411,56,686,30835,62,12,131,2596,59,3339,12532,6247,2659,48,14,186,110,77
4,1,2,5,3,3,4,212,920,67,47,103,169,23,12,18,71,31,69,35,80,22,10,97,105,0,21,7,7,24,4,2,31,4,14,43,452,3,47,8,19,10,21,9,10,2,17,6,2,8,90,48,276,14,125,157,369,1242,398,6970,1795,400,414,480,496,372,377,400,1249,187,1375,432,6085,1931,1296,41,1098,139,255,365,74,222,1075,461,62,62,4152,2489,852,45,4129,564,309,52,74,1075,81,214,676,442
1,3,3,2,2,3,9,3,4,13,3,4,2,19,10,4,3,0,6,2,9,8,0,5,3,0,1,1,9,13,1,0,4,0,9,18,3,1,17,1,12,2,13,0,3,1,2,3,1,4,211,297,3403,37,262,953,80,81,99,650,1391,96,102,47,934,416,16077,120,5979,170,528,287,2471,629,1115,19,169,19,179,1071,34,154,495,1250,101,12,2489,21099,1021,133,9295,38,215,16,18,3874,140,146,374,233
0,0,0,1,0,0,0,1,3,4,2,2,0,7,2,0,0,0,0,2,4,2,1,0,8,1,6,0,1,1,1,4,6,2,2,2,0,1,3,1,1,0,2,6,7,5,4,2,0,0,46,83,496,8,146,222,168,117,63,138,1012,145,559,294,1306,11456,499,463,426,65,3278,640,102,153,12442,140,184,93,430,2049,196,1016,2125,11482,344,131,852,1021,49011,176,929,30,412,90,179,459,62,462,3461,16206
1,0,0,0,0,0,0,7,16,5,5,20,16,10,0,0,2,0,1,86,2,37,71,1,164,46,69,4,5,6,0,47,98,8,0,1,1,38,1,3,3,4,6,90,106,9,133,1,0,0,25,34,152,1,12,52,173,244,54,251,91,29,220,119,283,194,160,44,150,1977,67,1171,61,577,75,9187,1260,516,55,82,1576,3470,199,314,5847,2596,45,133,176,15532,46,254,13009,132,622,23,19,24,71,44
2,0,1,1,2,0,9,0,4,11,1,1,0,11,3,1,0,0,0,0,3,4,1,6,0,2,5,6,3,5,0,1,0,1,9,3,2,0,23,9,3,1,2,3,1,0,5,23,1,0,95,96,428,104,1246,328,17,29,55,170,1263,108,88,29,470,302,898,93,537,42,630,289,1411,1188,1099,52,706,84,195,240,91,134,592,588,29,59,4129,9295,929,46,12734,373,403,40,54,13787,144,171,412,303
3,0,1,1,1,0,2,0,3,2,2,2,0,2,1,0,0,0,0,2,1,57,13,4,3,9,60,489,13,3,0,26,6,732,1,1,8,1,6,1098,11,3,0,220,3,191,602,4,0,0,9,2,16,1,25,5,8,10,3,26,58,14,21,4,36,15,4,5,13,9,26,546,36,414,14,352,6122,13103,193,1,631,111,95,14,91,3339,564,38,30,254,373,28074,11414,2048,1017,222,12,71,40,19
1,0,0,0,1,0,0,4,13,4,5,20,9,7,1,2,0,0,1,52,8,51,53,3,126,33,67,60,4,10,1,42,89,210,3,1,1,29,2,114,11,5,4,140,83,78,382,0,0,2,32,24,130,6,32,46,136,214,109,449,694,285,549,186,357,429,141,121,221,1364,344,7560,332,1720,218,9422,6839,2586,316,106,8819,7114,713,289,2572,12532,309,215,412,13009,403,11414,41373,1879,4594,201,33,218,302,255
0,0,1,0,1,0,0,0,2,1,0,1,1,1,0,0,1,0,0,2,0,13,6,0,9,6,18,42,0,3,0,11,3,100,1,0,0,0,0,91,4,0,0,41,1,35,124,1,0,0,15,22,25,4,3,16,14,39,28,87,292,207,231,17,108,94,7,25,24,26,124,8490,16,102,64,171,240,20878,2154,13,650,347,747,23,56,6247,52,16,90,132,40,2048,1879,17708,8014,16,10,596,178,68
1,0,1,0,0,0,0,1,0,2,5,2,0,5,0,1,0,0,2,4,0,69,40,1,13,49,61,20,4,4,0,71,10,162,1,0,4,19,1,53,5,2,1,139,13,51,283,0,0,0,6,6,24,0,6,5,19,57,36,106,257,99,194,54,99,139,20,71,20,51,171,5861,34,215,102,452,1380,1048,139,46,5497,6199,286,66,506,2659,74,18,179,622,54,1017,4594,8014,10840,39,11,82,106,97
37,42,22,202,14,74,470,1,1,32,4,0,2,143,76,159,1,0,0,0,3,12,1,3,5,1,14,5,13,12,1,0,5,7,182,4,36,1,30,10,10,5,17,17,2,4,9,386,21,4,391,583,979,1153,4990,3985,14,3,8,38,334,17,24,8,652,226,300,12,103,17,104,110,121,317,163,18,342,71,95,60,38,48,240,333,15,48,1075,3874,459,23,13787,222,201,16,39,9103,490,75,151,97
0,0,31,4,1,27,0,0,0,0,0,0,0,3,1,1,0,0,2,1,0,1,1,0,0,0,1,0,0,1,0,0,1,0,0,0,0,0,1,0,0,0,2,1,0,1,0,8,0,1,14140,970,717,477,3438,232,29,5,6,8,74,1,10,24,14408,299,69,5,33,9,15,49,13,29,16,19,37,27,14234,15,21,59,2561,105,39,14,81,140,62,19,144,12,33,10,11,490,45476,190,154,26
0,0,6,0,0,0,0,0,1,4,0,0,0,1,1,1,0,1,2,0,5,3,1,0,0,0,1,1,0,2,0,2,0,5,0,4,0,0,4,1,1,1,0,6,2,2,7,0,0,1,80,199,266,27,52,144,19,12,8,36,22482,104,81,19,765,509,63,19,87,9,265,3628,26,23,123,30,46,431,18635,28,50,89,8128,126,45,186,214,146,462,24,171,71,218,596,82,75,190,45961,7565,940
0,1,1,0,1,1,1,1,1,13,3,0,0,2,0,9,0,0,7,1,6,4,4,4,5,0,2,2,3,3,0,5,1,2,2,10,0,3,7,2,3,2,0,3,1,1,10,0,2,0,101,223,395,18,80,289,41,20,28,129,20406,311,276,55,1038,2506,160,129,231,25,1277,1534,95,53,845,70,147,142,2766,109,116,297,22406,341,122,110,676,374,3461,71,412,40,302,178,106,151,154,7565,23647,8589
0,0,0,0,0,0,0,0,1,4,3,4,0,1,2,1,1,0,4,1,3,1,2,1,1,0,2,0,2,1,0,2,3,1,0,3,0,1,2,0,0,3,1,6,0,0,6,0,0,0,28,38,156,2,38,90,13,9,6,61,4699,155,261,60,361,3437,79,208,158,17,7724,495,48,61,6430,53,105,65,528,311,119,274,1813,361,91,77,442,233,16206,44,303,19,255,68,97,97,26,940,8589,13882
