21157,4758,13105,2250,13663,1546,456,10,1,123,2,1,4,17374,2078,220,0,4,2,23,11,1117,20,3,3,71,8,83,956,1001,15,35,13,95,87,8,16,24,119,13,1402,339,156,12,99,45,34,114,2676,36,19,79,10,33,24,69,0,0,1,3,6,0,0,0,55,21,17,1,9,2,0,7,3,2,3,1,4,0,10,4,0,2,15,6,4,0,1,50,6,3,55,1,7,0,1,59,21,2,5,3
4758,18240,8706,13576,437,761,566,0,0,349,9,0,1,3193,2856,105,0,1,3,3,14,1082,2,1,4,10,4,31,179,365,6,15,3,21,125,7,19,1,100,2,1213,641,40,9,14,6,11,178,155,71,78,379,39,175,145,293,0,0,2,1,5,1,0,0,183,30,26,1,10,1,2,9,1,4,7,0,1,0,15,3,1,1,28,6,2,0,8,88,3,0,107,0,5,0,0,205,36,3,9,3
13105,8706,22714,12548,14000,6946,5448,3,3,324,6,3,2,1906,492,188,2,0,7,6,18,1687,7,0,2,20,8,106,731,1021,10,31,8,54,133,5,28,7,101,21,2094,563,64,24,25,45,46,230,804,90,273,814,49,1050,272,530,0,0,0,5,8,0,0,0,266,49,35,0,9,1,2,11,2,2,6,3,4,1,44,5,0,0,48,7,1,2,5,136,14,2,108,2,5,0,1,409,92,11,5,9
2250,13576,12548,33908,801,3553,14217,12,29,1448,16,10,4,7351,10446,5027,9,3,29,70,87,1489,81,9,20,191,26,86,402,743,116,80,60,198,832,88,77,100,313,13,1961,2075,1106,66,164,38,61,856,546,474,153,718,61,532,232,526,2,2,2,16,23,4,1,0,319,36,38,1,51,9,6,14,10,14,8,4,16,2,36,8,3,5,44,5,29,3,16,153,7,8,175,1,17,0,2,508,85,5,23,9
13663,437,14000,801,26917,20378,1500,4,4,49,0,1,3,4382,195,120,0,0,0,5,15,439,11,1,14,27,24,77,931,691,13,34,4,61,67,7,10,6,118,10,651,83,77,25,68,37,31,307,5436,21,9,82,15,39,30,41,0,0,0,2,8,0,0,1,57,7,9,2,4,1,1,2,1,0,3,0,4,0,6,2,0,1,17,5,3,0,2,27,4,0,42,0,1,0,0,45,14,3,5,4
1546,761,6946,3553,20378,22710,18231,2,16,148,7,1,1,1125,1183,308,1,0,3,4,31,251,14,19,43,20,115,65,396,257,24,13,6,29,237,18,112,8,574,54,320,97,149,78,13,18,21,2826,3829,28,224,235,15,862,596,479,0,0,1,2,7,0,0,0,61,5,8,0,10,1,2,4,3,2,2,2,7,1,27,2,1,0,24,1,1,6,5,28,5,2,38,3,5,1,0,244,43,5,5,9
456,566,5448,14217,1500,18231,16409,3,17,590,13,6,4,740,340,1090,4,1,25,12,82,566,25,36,33,37,28,33,146,299,54,34,12,52,1593,41,188,24,614,9,594,421,188,58,26,8,13,1871,438,79,118,789,56,343,412,579,1,4,16,10,18,2,1,0,216,29,33,2,57,4,9,15,14,9,16,4,14,1,37,7,4,6,46,6,11,2,19,147,7,5,157,1,10,0,1,606,86,3,16,8
10,0,3,12,4,2,3,33145,4928,80,2091,1341,6897,312,305,427,5230,8133,3691,3487,242,2104,279,125,39,52,106,22,32,98,779,84,870,18,15,58,781,149,25,2,48,52,819,36,643,35,40,0,8,170,7,4,21,1,1,8,526,391,46,2337,35,62,104,206,33,27,27,119,88,1077,77,98,89,77,23,5,45,1,4,17,6,282,16,10,252,3,373,38,9,12,21,1,18,4,7,6,14,3,6,9
1,0,3,29,4,16,17,4928,29570,90,1100,2110,2571,27,14,280,1229,210,11745,3246,199,2331,647,6641,3013,114,4682,62,29,18,78,129,1857,92,132,1236,5533,270,549,67,28,25,96,389,399,72,114,73,12,14,11,8,55,1,5,19,1407,1421,67,8105,40,174,412,558,88,105,73,192,113,4873,143,308,203,1521,36,30,346,3,17,42,28,1661,35,19,1705,20,1702,54,14,127,35,23,143,10,18,7,25,1,12,25
123,349,324,1448,49,148,590,80,90,33677,3788,1727,109,316,368,1182,311,30,557,67,10033,4952,1579,80,27,72,28,364,92,147,216,1243,496,131,540,525,754,41,1406,7,11388,7000,1274,90,138,729,1081,907,154,5019,16,37,25,19,20,42,2,6,53,53,102,14,2,2,86,52,136,28,325,11,78,48,39,9,82,9,2,1,66,57,9,13,150,39,23,8,62,317,89,7,302,2,7,1,5,54,17,20,80,61
2,9,6,16,0,7,13,2091,1100,3788,4022,12555,995,21,18,254,863,178,1905,420,1810,3312,1898,75,26,8,47,52,15,17,108,72,456,17,74,272,307,9,298,4,46,70,87,34,64,124,112,20,2,31,1,2,7,0,1,7,36,41,16,138,17,13,12,11,8,5,18,31,72,79,39,15,21,19,16,3,4,0,10,20,2,27,16,2,37,0,33,27,11,7,36,1,7,2,2,6,2,5,8,9
1,0,3,10,1,1,6,1341,2110,1727,12555,22979,7214,18,8,196,8470,338,731,695,8499,2218,8109,91,154,15,250,68,13,38,648,159,4757,15,27,73,379,43,69,2,69,163,155,55,146,193,296,7,5,119,1,1,0,0,3,0,25,44,15,256,19,18,13,13,2,1,15,26,39,170,26,23,25,64,7,2,34,1,2,6,2,84,10,1,96,3,46,8,2,10,12,0,15,1,1,3,0,1,4,3
4,1,2,4,3,1,4,6897,2571,109,995,7214,23101,237,108,342,3554,791,491,872,360,925,492,39,67,35,257,11,25,120,988,165,4980,15,11,40,507,25,36,2,45,86,476,19,906,27,60,2,6,345,1,3,11,0,2,4,264,76,8,1207,14,9,54,107,20,14,17,23,34,1017,6,55,25,155,12,6,62,0,11,7,3,318,13,2,266,3,127,16,5,12,4,2,11,1,6,3,6,1,2,3
17374,3193,1906,7351,4382,1125,740,312,27,316,21,18,237,66143,17594,2197,16,78,31,370,125,1217,161,8,21,1086,54,432,6567,19374,268,984,316,1001,1016,116,176,177,1553,54,2143,878,4729,108,3619,126,396,739,10758,6022,130,293,98,75,102,220,3,3,1,13,91,5,2,0,465,129,192,5,62,20,19,48,6,15,47,29,27,2,151,39,13,22,226,49,62,11,26,541,78,33,549,4,54,5,10,259,91,34,69,64
2078,2856,492,10446,195,1183,340,305,14,368,18,8,108,17594,13418,1871,6,81,13,366,50,674,74,1,8,361,18,71,306,1288,178,137,77,265,228,63,35,165,229,11,1007,1318,7383,37,1365,16,61,253,430,3740,47,114,28,26,35,93,1,0,1,8,18,1,1,0,131,32,36,2,31,15,5,18,2,14,11,5,11,0,27,10,4,7,37,7,33,3,11,105,10,13,125,1,17,0,5,88,35,3,15,9
220,105,188,5027,120,308,1090,427,280,1182,254,196,342,2197,1871,21627,618,667,2358,465,801,795,186,40,30,248,49,81,167,700,9642,159,327,242,3646,2925,587,362,830,14,788,620,9640,135,470,35,85,392,158,220,47,138,49,36,42,107,13,9,38,69,138,13,4,5,161,58,208,20,498,64,64,58,42,48,108,16,20,2,97,106,11,32,184,47,84,5,85,448,142,27,325,2,24,3,12,120,43,47,79,79
0,0,2,9,0,1,4,5230,1229,311,863,8470,3554,16,6,618,13534,1587,2111,47,5829,426,524,106,33,7,30,13,10,55,1782,131,1078,4,14,82,447,9,56,3,39,100,125,25,44,25,112,1,1,48,1,1,2,0,1,6,21,68,42,224,35,27,13,8,5,1,6,48,89,30,52,16,40,8,17,3,2,0,2,15,0,11,7,1,22,2,54,17,2,4,24,1,3,1,3,7,2,2,3,5
4,1,0,3,0,0,1,8133,210,30,178,338,791,78,81,667,1587,3818,1341,149,148,76,49,30,4,10,12,2,5,19,1806,36,289,3,5,29,187,7,16,3,9,9,274,7,273,2,6,2,5,59,1,0,2,0,0,3,9,47,27,134,27,21,9,5,3,2,6,29,60,6,63,11,25,3,14,1,1,3,1,10,0,6,4,0,22,2,42,20,0,1,13,0,3,1,0,7,0,2,6,3
2,3,7,29,0,3,25,3691,11745,557,1905,731,491,31,13,2358,2111,1341,14707,1052,2037,1233,304,2126,221,150,389,89,55,100,2101,218,362,115,52,3837,2160,322,422,34,176,86,227,338,445,43,130,27,7,54,7,18,55,3,25,52,44,162,268,667,290,127,54,34,40,23,204,218,1316,141,391,132,230,110,271,26,56,7,55,205,22,102,145,24,246,18,325,339,76,69,230,11,81,2,13,56,10,45,128,74
23,3,6,70,5,4,12,3487,3246,67,420,695,872,370,366,465,47,149,1052,19396,81,1457,1457,25,374,679,601,117,36,121,475,267,2578,450,67,369,256,3513,37,13,78,102,994,469,2876,86,203,11,22,149,2,9,17,0,5,13,218,25,5,1377,3,35,185,121,25,32,25,25,32,2235,11,170,67,1495,17,38,198,3,9,20,20,1054,17,15,1572,14,70,33,13,249,10,11,131,3,16,3,9,5,8,9
11,14,18,87,15,31,82,242,199,10033,1810,8499,360,125,50,801,5829,148,2037,81,14393,443,771,137,27,24,41,54,57,264,871,532,671,40,253,900,1293,21,1253,9,486,1686,3146,38,88,118,369,220,25,3582,7,16,8,5,9,15,6,21,96,119,122,28,4,3,30,24,98,58,485,12,113,40,78,15,94,7,5,1,48,73,9,21,85,23,36,1,101,228,52,8,153,4,9,3,2,22,5,22,67,44
1117,1082,1687,1489,439,251,566,2104,2331,4952,3312,2218,925,1217,674,795,426,76,1233,1457,443,14911,3817,161,558,1322,925,1605,5589,976,271,2085,665,1212,344,393,368,703,1037,323,17075,926,1668,4194,901,4348,2603,323,103,218,9,19,24,16,15,33,25,25,17,186,78,9,14,14,79,52,114,17,194,159,40,60,28,130,62,136,83,8,71,48,85,109,141,22,176,132,49,256,94,76,207,126,247,20,49,44,19,32,56,54
20,2,7,81,11,14,25,279,647,1579,1898,8109,492,161,74,186,524,49,304,1457,771,3817,13883,96,1136,881,684,245,80,129,119,1939,5882,128,51,180,78,1018,138,29,143,226,180,3307,1186,2703,9017,35,23,134,2,2,5,0,2,2,4,2,6,64,5,4,8,8,12,16,11,5,23,80,5,34,9,158,6,126,140,2,4,6,50,119,11,2,308,24,12,13,9,154,11,14,252,4,30,4,2,1,3,1
3,1,0,9,1,19,36,125,6641,80,75,91,39,8,1,40,106,30,2126,25,137,161,96,4294,698,84,1691,83,9,10,61,60,27,85,101,3428,2243,23,4236,108,16,16,13,394,21,15,66,140,12,6,0,4,4,1,2,6,14,30,58,166,53,21,15,4,12,9,42,35,204,53,57,31,62,35,34,37,43,6,11,37,16,46,18,5,86,19,82,53,11,43,37,21,72,4,11,5,4,6,15,11
3,4,2,20,14,43,33,39,3013,27,26,154,67,21,8,30,33,4,221,374,27,558,1136,698,4595,215,7555,124,17,19,20,474,1355,227,58,277,75,315,636,259,28,27,24,2217,655,57,320,196,26,26,5,6,17,4,3,12,9,10,6,190,8,14,116,9,31,46,15,5,42,430,12,265,80,2014,12,168,588,5,11,9,82,781,43,3,2306,71,13,23,9,924,7,61,759,8,55,5,11,4,5,2
71,10,20,191,27,20,37,52,114,72,8,15,35,1086,361,248,7,10,150,679,24,1322,881,84,215,20173,1258,272,122,628,107,7705,217,6643,49,122,20,6371,131,140,234,281,562,9210,3411,408,1924,33,72,399,3,4,5,1,3,4,2,1,3,22,9,8,13,5,27,69,11,4,25,28,6,255,25,144,8,1729,697,21,29,7,1014,285,79,6,433,513,11,18,11,466,21,362,2463,35,478,5,14,10,17,11
8,4,8,26,24,115,28,106,4682,28,47,250,257,54,18,49,30,12,389,601,41,925,684,1691,7555,1258,20026,2951,32,31,17,857,834,471,73,428,2642,718,3078,6767,37,28,42,13347,881,170,524,587,80,17,7,5,8,1,8,14,35,7,5,300,6,13,49,23,40,64,9,7,25,377,4,157,35,567,8,539,839,34,22,9,230,424,48,3,926,241,13,15,11,546,13,332,1103,30,125,11,19,4,10,4
83,31,106,86,77,65,33,22,62,364,52,68,11,432,71,81,13,2,89,117,54,1605,245,83,124,272,2951,52336,3720,852,18,246,41,13997,32,83,494,147,903,22103,1292,270,157,2197,170,14332,6032,185,60,67,0,3,0,2,1,2,0,1,0,2,5,0,0,0,1,1,4,0,17,3,4,4,4,11,6,27,17,52,6,4,19,8,8,1,10,131,7,19,7,8,11,348,97,17,20,4,1,0,4,4
956,179,731,402,931,396,146,32,29,92,15,13,25,6567,306,167,10,5,55,36,57,5589,80,9,17,122,32,3720,133085,22195,69,256,44,661,82,48,58,20,202,359,22612,218,436,134,284,1788,287,195,10024,146,3,10,3,4,8,9,0,1,1,1,7,1,2,0,28,10,33,1,51,1,7,10,4,4,16,2,6,3,14,10,2,2,32,6,5,12,13,69,17,3,46,17,15,0,4,17,7,9,16,7
1001,365,1021,743,691,257,299,98,18,147,17,38,120,19374,1288,700,55,19,100,121,264,976,129,10,19,628,31,852,22195,51914,235,1829,381,750,324,199,144,41,859,89,15231,2423,2610,105,1782,355,661,163,1478,2333,11,26,18,14,17,25,2,2,2,2,80,2,1,0,95,54,112,3,167,12,24,42,17,14,53,17,17,3,83,47,10,12,150,32,48,17,43,245,97,14,262,11,23,3,5,33,23,32,56,65
15,6,10,116,13,24,54,779,78,216,108,648,988,268,178,9642,1782,1806,2101,475,871,271,119,61,20,107,17,18,69,235,10921,142,720,56,431,867,463,126,495,3,265,116,8627,20,1118,10,54,91,26,75,10,18,9,2,10,19,5,9,33,51,83,16,9,4,17,29,77,29,317,24,53,34,37,24,82,6,8,1,58,57,5,12,78,11,44,2,70,181,64,7,133,3,9,2,1,27,8,24,55,46
35,15,31,80,34,13,34,84,129,1243,72,159,165,984,137,159,131,36,218,267,532,2085,1939,60,474,7705,857,246,256,1829,142,36053,4665,4854,61,145,70,982,117,142,788,1899,282,2912,5008,1278,16036,39,95,1090,0,2,5,1,3,6,1,2,6,18,20,6,2,3,21,40,14,9,31,27,11,131,19,106,7,864,384,23,20,2,543,169,47,3,455,607,12,31,7,318,20,465,1537,52,296,5,10,12,10,11
13,3,8,60,4,6,12,870,1857,496,456,4757,4980,316,77,327,1078,289,362,2578,671,665,5882,27,1355,217,834,41,44,381,720,4665,22020,60,39,123,172,468,92,5,198,749,515,373,8485,62,2059,27,27,770,2,1,7,1,1,10,42,10,3,485,7,13,69,39,17,11,16,10,49,800,10,73,29,739,18,24,173,0,8,10,16,406,18,6,824,7,26,24,7,175,20,8,159,2,8,2,8,1,6,11
95,21,54,198,61,29,52,18,92,131,17,15,15,1001,265,242,4,3,115,450,40,1212,128,85,227,6643,471,13997,661,750,56,4854,60,37778,46,115,70,1062,192,11501,659,281,391,6559,855,4121,14289,32,98,208,0,1,2,1,3,1,1,0,0,4,6,2,2,1,2,4,7,3,10,5,4,22,5,24,7,171,78,248,23,2,144,12,13,2,43,1556,10,17,4,37,12,2100,543,265,129,5,1,6,8,5
87,125,133,832,67,237,1593,15,132,540,74,27,11,1016,228,3646,14,5,52,67,253,344,51,101,58,49,73,32,82,324,431,61,39,46,4036,541,480,74,5681,11,254,150,1114,84,47,9,38,1834,123,100,34,52,28,19,29,61,3,6,10,24,65,6,3,1,131,68,147,8,125,15,38,32,12,26,36,12,17,2,89,41,9,16,138,30,33,4,23,290,81,13,309,1,22,5,6,87,46,32,63,78
8,7,5,88,7,18,41,58,1236,525,272,73,40,116,63,2925,82,29,3837,369,900,393,180,3428,277,122,428,83,48,199,867,145,123,115,541,6573,1659,242,3135,40,243,106,887,388,106,26,104,173,18,91,12,15,22,4,10,14,6,15,74,119,140,15,14,5,28,41,237,43,820,98,126,86,103,89,163,36,54,5,100,185,17,67,201,46,162,15,159,457,150,64,253,7,65,7,8,36,6,58,133,99
16,19,28,77,10,112,188,781,5533,754,307,379,507,176,35,587,447,187,2160,256,1293,368,78,2243,75,20,2642,494,58,144,463,70,172,70,480,1659,2889,16,7131,486,198,153,776,294,74,27,43,947,67,160,14,24,9,10,18,22,125,27,29,502,82,19,14,40,36,36,60,38,153,200,48,30,41,18,76,5,13,3,30,48,4,85,100,25,58,9,267,182,63,3,210,22,7,4,0,54,15,23,68,65
24,1,7,100,6,8,24,149,270,41,9,43,25,177,165,362,9,7,322,3513,21,703,1018,23,315,6371,718,147,20,41,126,982,468,1062,74,242,16,22751,81,22,37,36,587,8480,2843,91,819,10,13,22,4,8,7,0,2,4,1,9,2,43,8,12,25,4,51,86,15,4,22,77,9,240,38,430,9,542,957,8,32,16,210,446,121,6,1344,104,2,24,19,851,10,61,1178,5,108,3,21,8,18,17
119,100,101,313,118,574,614,25,549,1406,298,69,36,1553,229,830,56,16,422,37,1253,1037,138,4236,636,131,3078,903,202,859,495,117,92,192,5681,3135,7131,81,24265,1025,713,366,1466,1047,108,66,133,9351,330,205,48,90,47,17,39,86,4,17,66,61,241,17,6,1,208,92,340,20,787,22,140,112,76,21,196,40,41,10,220,145,34,40,364,86,87,22,218,771,198,28,859,46,75,6,22,117,80,73,169,139
13,2,21,13,10,54,9,2,67,7,4,2,2,54,11,14,3,3,34,13,9,323,29,108,259,140,6767,22103,359,89,3,142,5,11501,11,40,486,22,1025,37450,188,15,26,9003,18,657,346,199,22,6,1,1,0,0,1,3,0,1,2,6,5,3,1,0,3,3,0,1,5,2,4,24,4,24,2,79,81,466,12,1,59,3,9,0,17,1309,10,2,0,13,7,3394,453,227,94,4,0,8,3,1
1402,1213,2094,1961,651,320,594,48,28,11388,46,69,45,2143,1007,788,39,9,176,78,486,17075,143,16,28,234,37,1292,22612,15231,265,788,198,659,254,243,198,37,713,188,111327,9387,1759,177,492,852,616,243,217,1400,9,28,13,17,11,27,0,4,14,12,71,2,1,0,83,44,115,6,232,4,27,23,27,8,56,6,6,3,53,55,6,8,122,22,21,18,35,237,93,4,194,19,15,6,4,46,17,25,44,45
339,641,563,2075,83,97,421,52,25,7000,70,163,86,878,1318,620,100,9,86,102,1686,926,226,16,27,281,28,270,218,2423,116,1899,749,281,150,106,153,36,366,15,9387,15005,2937,62,947,207,630,281,60,15263,9,17,7,10,9,14,0,2,9,10,36,5,1,1,32,18,41,1,118,8,15,17,10,16,24,5,7,1,31,25,8,11,56,13,29,4,28,115,26,6,116,3,9,2,6,26,13,8,20,31
156,40,64,1106,77,149,188,819,96,1274,87,155,476,4729,7383,9640,125,274,227,994,3146,1668,180,13,24,562,42,157,436,2610,8627,282,515,391,1114,887,776,587,1466,26,1759,2937,39772,108,2360,62,156,503,179,16741,54,104,29,26,44,91,5,9,15,62,164,5,8,4,145,66,265,8,447,63,59,85,22,57,100,21,26,2,177,98,14,37,256,51,96,11,134,560,148,39,515,7,38,6,8,105,57,54,132,89
12,9,24,66,25,78,58,36,389,90,34,55,19,108,37,135,25,7,338,469,38,4194,3307,394,2217,9210,13347,2197,134,105,20,2912,373,6559,84,388,294,8480,1047,9003,177,62,108,40182,585,1229,2404,357,57,24,5,10,12,1,4,15,2,5,2,45,27,8,35,9,54,114,23,16,36,53,10,489,69,398,9,2917,1381,156,54,7,1548,470,140,6,1308,1729,15,34,22,1058,30,1837,4715,184,786,11,22,10,26,14
99,14,25,164,68,13,26,643,399,138,64,146,906,3619,1365,470,44,273,445,2876,88,901,1186,21,655,3411,881,170,284,1782,1118,5008,8485,855,47,106,74,2843,108,18,492,947,2360,585,13330,105,767,27,169,2358,4,4,23,1,3,15,19,16,8,231,17,19,100,22,57,82,39,13,76,527,8,310,84,1565,22,293,841,4,32,27,94,920,97,15,3019,48,20,48,27,1272,44,29,1061,11,64,10,20,7,20,24
45,6,45,38,37,18,8,35,72,729,124,193,27,126,16,35,25,2,43,86,118,4348,2703,15,57,408,170,14332,1788,355,10,1278,62,4121,9,26,27,91,66,657,852,207,62,1229,105,21571,10043,29,11,37,0,0,0,0,0,0,1,1,1,5,1,1,0,0,0,2,8,0,8,1,2,10,2,15,6,27,8,12,3,3,18,7,2,1,9,108,3,8,1,6,10,182,69,16,18,0,0,3,1,2
34,11,46,61,31,21,13,40,114,1081,112,296,60,396,61,85,112,6,130,203,369,2603,9017,66,320,1924,524,6032,287,661,54,16036,2059,14289,38,104,43,819,133,346,616,630,156,2404,767,10043,30413,35,33,233,2,0,1,2,2,4,0,1,0,11,4,4,6,0,7,18,6,2,18,14,4,56,13,61,2,270,250,67,10,3,156,58,18,1,196,773,8,17,1,156,9,598,541,100,129,2,4,5,8,8
114,178,230,856,307,2826,1871,0,73,907,20,7,2,739,253,392,1,2,27,11,220,323,35,140,196,33,587,185,195,163,91,39,27,32,1834,173,947,10,9351,199,243,281,503,357,27,29,35,6624,1620,85,28,137,16,55,61,122,0,0,3,2,17,1,0,0,65,8,14,2,29,1,9,8,3,3,7,6,10,3,19,5,1,6,13,1,8,5,10,59,8,6,109,13,16,1,5,168,17,2,10,3
2676,155,804,546,5436,3829,438,8,12,154,2,5,6,10758,430,158,1,5,7,22,25,103,23,12,26,72,80,60,10024,1478,26,95,27,98,123,18,67,13,330,22,217,60,179,57,169,11,33,1620,10893,66,16,71,14,29,38,45,0,0,0,1,7,0,0,0,47,9,11,1,3,2,1,5,1,2,3,2,4,0,11,1,1,4,18,6,6,2,1,33,4,0,53,2,2,0,2,42,16,0,3,6
36,71,90,474,21,28,79,170,14,5019,31,119,345,6022,3740,220,48,59,54,149,3582,218,134,6,26,399,17,67,146,2333,75,1090,770,208,100,91,160,22,205,6,1400,15263,16741,24,2358,37,233,85,66,21278,3,10,4,2,2,4,0,1,4,8,24,1,2,0,20,7,34,4,65,6,12,20,3,31,17,7,14,0,13,10,3,15,43,8,23,4,21,70,12,9,69,2,9,0,0,8,9,7,25,7
19,78,273,153,9,224,118,7,11,16,1,1,1,130,47,47,1,1,7,2,7,9,2,0,5,3,7,0,3,11,10,0,2,0,34,12,14,4,48,1,9,9,54,5,4,0,2,28,16,3,41679,17708,1774,19819,12774,2864,5,31,9,13,94,5,15,4,9974,113,152,5,10,16,17,285,22,23,23,28,15,24,1491,8,13,37,645,20,40,66,34,381,46,32,184,12,71,45,22,649,10381,215,214,131
79,379,814,718,82,235,789,4,8,37,2,1,3,293,114,138,1,0,18,9,16,19,2,4,6,4,5,3,10,26,18,2,1,1,52,15,24,8,90,1,28,17,104,10,4,0,0,137,71,10,17708,69634,13899,8841,4431,10038,5,16,8,23,831,5,7,4,13496,624,229,6,32,43,35,1524,39,35,23,39,19,36,2628,11,25,26,2853,28,64,71,47,511,143,45,106,28,100,83,63,773,3803,1270,2060,811
10,39,49,61,15,15,56,21,55,25,7,0,11,98,28,49,2,2,55,17,8,24,5,4,17,5,8,0,3,18,9,5,7,2,28,22,9,7,47,0,13,7,29,12,23,0,1,16,14,4,1774,13899,17786,838,1396,5849,22,75,24,155,463,22,26,17,14059,5291,3658,35,150,257,92,446,70,154,83,49,45,6,1074,136,34,155,1293,170,158,45,82,804,242,168,109,12,217,8,28,186,2880,310,587,705
33,175,1050,532,39,862,343,1,1,19,0,0,0,75,26,36,0,0,3,0,5,16,0,1,4,1,1,2,4,14,2,1,1,1,19,4,10,0,17,0,17,10,26,1,1,0,2,55,29,2,19819,8841,838,43270,30006,13201,0,3,4,4,114,1,0,0,395,29,10,0,3,1,6,288,7,6,8,7,12,12,1038,2,2,5,726,3,5,34,12,85,13,7,106,11,17,29,14,1784,1629,261,241,129
24,145,272,232,30,596,412,1,5,20,1,3,2,102,35,42,1,0,25,5,9,15,2,2,3,3,8,1,8,17,10,3,1,3,29,10,18,2,39,1,11,9,44,4,3,0,2,61,38,2,12774,4431,1396,30006,30679,8209,0,6,1,10,174,5,6,2,1347,85,42,5,16,7,32,109,60,76,35,19,84,27,294,8,12,23,433,2,25,19,127,886,43,12,862,39,67,6,14,6378,5319,107,245,291
69,293,530,526,41,479,579,8,19,42,7,0,4,220,93,107,6,3,52,13,15,33,2,6,12,4,14,2,9,25,19,6,10,1,61,14,22,4,86,3,27,14,91,15,15,0,4,122,45,4,2864,10038,5849,13201,8209,16095,8,17,4,71,959,16,12,6,3038,316,584,18,88,67,100,660,167,88,74,41,45,21,875,33,39,67,1437,15,68,46,106,1728,249,77,251,19,132,17,34,1200,1263,530,1634,1703
0,0,0,2,0,0,1,526,1407,2,36,25,264,3,1,13,21,9,44,218,6,25,4,14,9,2,35,0,0,2,5,1,42,1,3,6,125,1,4,0,0,0,5,2,19,1,0,0,0,0,5,5,22,0,0,8,4284,7422,557,1375,29,142,180,2847,119,722,454,1311,494,3860,72,185,136,53,102,21,98,2,49,367,41,3164,144,215,553,10,641,18,235,40,11,0,19,7,21,1,25,12,20,43
0,0,0,2,0,0,4,391,1421,6,41,44,76,3,0,9,68,47,162,25,21,25,2,30,10,1,7,1,1,2,9,2,10,0,6,15,27,9,17,1,4,2,9,5,16,1,1,0,0,1,31,16,75,3,6,17,7422,20794,3745,4734,113,1039,961,2432,473,1157,656,10243,1172,1842,508,1105,207,48,189,40,48,11,138,1000,64,828,282,397,531,26,1159,51,357,122,41,9,75,33,105,10,151,30,43,66
1,2,0,2,0,1,16,46,67,53,16,15,8,1,1,38,42,27,268,5,96,17,6,58,6,3,5,0,1,2,33,6,3,0,10,74,29,2,66,2,14,9,15,2,8,1,0,3,0,4,9,8,24,4,1,4,557,3745,5108,1486,138,269,96,189,144,350,726,2959,2823,440,384,244,84,27,357,28,6,4,25,1915,65,318,78,143,683,15,309,56,101,36,76,2,16,10,40,8,37,15,39,30
3,1,5,16,2,2,10,2337,8105,53,138,256,1207,13,8,69,224,134,667,1377,119,186,64,166,190,22,300,2,1,2,51,18,485,4,24,119,502,43,61,6,12,10,62,45,231,5,11,2,1,8,13,23,155,4,10,71,1375,4734,1486,30524,301,2014,2400,3087,206,280,332,2419,4413,6142,1284,2027,6420,2578,278,48,2122,20,57,365,98,3332,99,97,645,75,8173,510,72,230,146,41,374,52,118,25,66,27,60,79
6,5,8,23,8,7,18,35,40,102,17,19,14,91,18,138,35,27,290,3,122,78,5,53,8,9,6,5,7,80,83,20,7,6,65,140,82,8,241,5,71,36,164,27,17,1,4,17,7,24,94,831,463,114,174,959,29,113,138,301,34346,3384,526,36,222,829,1198,147,1584,68,3911,1696,164,50,279,263,47,422,119,178,427,158,478,279,261,423,722,932,348,77,805,67,204,286,523,163,71,22662,20019,3715
0,1,0,4,0,0,2,62,174,14,13,18,9,5,1,13,27,21,127,35,28,9,4,21,14,8,13,0,1,2,16,6,13,2,6,15,19,12,17,3,2,5,5,8,19,1,4,1,0,1,5,5,22,1,5,16,142,1039,269,2014,3384,8425,7668,695,29,31,115,798,706,382,4157,7997,122,138,225,55,99,51,17,107,77,787,44,16,119,134,374,69,14,59,58,25,164,287,425,9,5,32,79,47
0,0,0,1,0,0,1,104,412,2,12,13,54,2,1,4,13,9,54,185,4,14,8,15,116,13,49,0,2,1,9,2,69,2,3,14,14,25,6,1,1,1,8,35,100,0,6,0,0,2,15,7,26,0,6,12,180,961,96,2400,526,7668,16786,4457,41,41,76,3633,219,874,4059,8804,114,951,456,62,579,50,29,525,150,12875,31,16,345,139,256,32,18,147,24,24,338,319,774,12,15,23,47,35
0,0,0,0,1,0,0,206,558,2,11,13,107,0,0,5,8,5,34,121,3,14,8,4,9,5,23,0,0,0,4,3,39,1,1,5,40,4,1,0,0,1,4,9,22,0,0,0,0,0,4,4,17,0,2,6,2847,2432,189,3087,36,695,4457,8470,43,101,137,7654,165,1024,448,539,56,132,209,22,165,11,15,489,118,8950,20,32,237,32,272,21,38,17,7,1,44,40,225,2,12,6,8,15
55,183,266,319,57,61,216,33,88,86,8,2,20,465,131,161,5,3,40,25,30,79,12,12,31,27,40,1,28,95,17,21,17,2,131,28,36,51,208,3,83,32,145,54,57,0,7,65,47,20,9974,13496,14059,395,1347,3038,119,473,144,206,222,29,41,43,55246,13434,1956,56,134,429,63,437,60,107,197,464,86,38,5493,125,79,312,14549,702,1464,258,85,1288,504,584,536,39,496,45,74,880,13581,251,312,353
21,30,49,36,7,5,29,27,105,52,5,1,14,129,32,58,1,2,23,32,24,52,16,9,46,69,64,1,10,54,29,40,11,4,68,41,36,86,92,3,44,18,66,114,82,2,18,8,9,7,113,624,5291,29,85,316,722,1157,350,280,829,31,41,101,13434,38352,3217,298,280,948,253,733,18,91,1974,1837,114,68,801,1263,695,1202,9082,4411,6636,614,99,398,14146,1078,237,83,567,44,218,148,337,431,2300,7624
17,26,35,38,9,8,33,27,73,136,18,15,17,192,36,208,6,6,204,25,98,114,11,42,15,11,9,4,33,112,77,14,16,7,147,237,60,15,340,0,115,41,265,23,39,8,6,14,11,34,152,229,3658,10,42,584,454,656,726,332,1198,115,76,137,1956,3217,10924,561,3300,725,557,470,75,131,2767,180,46,23,596,7395,213,564,1399,3195,1379,92,229,3887,1661,185,535,11,142,34,103,197,416,302,794,1104
1,1,0,1,2,0,2,119,192,28,31,26,23,5,2,20,48,29,218,25,58,17,5,35,5,4,7,0,1,3,29,9,10,3,8,43,38,4,20,1,6,1,8,16,13,0,2,2,1,4,5,6,35,0,5,18,1311,10243,2959,2419,147,798,3633,7654,56,298,561,15972,1841,365,6560,580,192,66,1493,68,44,22,19,4117,272,2097,72,152,622,66,424,102,253,42,65,7,68,52,347,7,16,14,22,69
9,10,9,51,4,10,57,88,113,325,72,39,34,62,31,498,89,60,1316,32,485,194,23,204,42,25,25,17,51,167,317,31,49,10,125,820,153,22,787,5,232,118,447,36,76,8,18,29,3,65,10,32,150,3,16,88,494,1172,2823,4413,1584,706,219,165,134,280,3300,1841,10740,953,3153,731,2016,430,3144,93,175,15,203,2177,157,628,620,129,1015,73,1910,4858,424,126,1382,30,251,29,85,138,39,220,672,523
2,1,1,9,1,1,4,1077,4873,11,79,170,1017,20,15,64,30,6,141,2235,12,159,80,53,430,28,377,3,1,12,24,27,800,5,15,98,200,77,22,2,4,8,63,53,527,1,14,1,2,6,16,43,257,1,7,67,3860,1842,440,6142,68,382,874,1024,429,948,725,365,953,18724,73,1206,184,1639,136,144,995,7,65,338,267,7219,238,285,6443,127,474,181,261,3266,26,19,820,50,161,16,87,22,51,92
0,2,2,6,1,2,9,77,143,78,39,26,6,19,5,64,52,63,391,11,113,40,5,57,12,6,4,4,7,24,53,11,10,4,38,126,48,9,140,4,27,15,59,10,8,2,4,9,1,12,17,35,92,6,32,100,72,508,384,1284,3911,4157,4059,448,63,253,557,6560,3153,73,17193,1924,362,47,8340,326,51,410,58,1536,757,594,245,66,270,504,1115,436,477,72,447,55,259,385,1040,37,21,161,766,6595
7,9,11,14,2,4,15,98,308,48,15,23,55,48,18,58,16,11,132,170,40,60,34,31,265,255,157,4,10,42,34,131,73,22,32,86,30,240,112,24,23,17,85,489,310,10,56,8,5,20,285,1524,446,288,109,660,185,1105,244,2027,1696,7997,8804,539,437,733,470,580,731,1206,1924,32879,202,1684,525,1077,1696,217,4151,271,1251,6303,2226,147,1170,948,312,395,205,1319,303,344,4980,4713,8330,91,122,3670,1041,350
3,1,2,10,1,3,14,89,203,39,21,25,25,6,2,42,40,25,230,67,78,28,9,62,80,25,35,4,4,17,37,19,29,5,12,103,41,38,76,4,27,10,22,69,84,2,13,3,1,3,22,39,70,7,60,167,136,207,84,6420,164,122,114,56,60,18,75,192,2016,184,362,202,5740,2780,106,26,851,16,31,65,30,220,58,4,95,65,4065,1374,26,23,1738,121,569,12,42,507,77,17,67,48
2,4,2,14,0,2,9,77,1521,9,19,64,155,15,14,48,8,3,110,1495,15,130,158,35,2014,144,567,11,4,14,24,106,739,24,26,89,18,430,21,24,8,16,57,398,1565,15,61,3,2,31,23,35,154,6,76,88,53,48,27,2578,50,138,951,132,107,91,131,66,430,1639,47,1684,2780,12837,68,211,7690,75,37,62,213,3008,62,25,1266,214,445,355,30,1560,638,867,2249,61,218,373,90,16,23,48
3,7,6,8,3,2,16,23,36,82,16,7,12,47,11,108,17,14,271,17,94,62,6,34,12,8,8,6,16,53,82,7,18,7,36,163,76,9,196,2,56,24,100,9,22,6,2,7,3,17,23,23,83,8,35,74,102,189,357,278,279,225,456,209,197,1974,2767,1493,3144,136,8340,525,106,68,5985,222,40,78,99,10362,716,809,554,940,795,245,589,674,5048,45,700,19,128,101,651,93,38,80,382,4090
1,0,3,4,0,2,4,5,30,9,3,2,6,29,5,16,3,1,26,38,7,136,126,37,168,1729,539,27,2,17,6,864,24,171,12,36,5,542,40,79,6,5,21,2917,293,27,270,6,2,7,28,39,49,7,19,41,21,40,28,48,263,55,62,22,464,1837,180,68,93,144,326,1077,26,211,222,24234,1563,95,660,165,7150,466,3305,100,4630,5678,63,41,368,8419,72,472,7568,175,540,37,116,139,545,790
4,1,4,16,4,7,14,45,346,2,4,34,62,27,11,20,2,1,56,198,5,83,140,43,588,697,839,17,6,17,8,384,173,78,17,54,13,957,41,81,6,7,26,1381,841,8,250,10,4,14,15,19,45,12,84,45,98,48,6,2122,47,99,579,165,86,114,46,44,175,995,51,1696,851,7690,40,1563,16601,561,61,34,825,1914,160,9,1724,519,641,154,27,846,783,5084,10082,144,509,493,95,28,34,30
0,0,1,2,0,1,1,1,3,1,0,1,0,2,0,2,0,3,7,3,1,8,2,6,5,21,34,52,3,3,1,23,0,248,2,5,3,8,10,466,3,1,2,156,4,12,67,3,0,0,24,36,6,12,27,21,2,11,4,20,422,51,50,11,38,68,23,22,15,7,410,217,16,75,78,95,561,39846,4187,12,72,17,528,1,38,13895,291,10,33,19,129,15173,300,13402,530,173,39,162,223,171
10,15,44,36,6,27,37,4,17,66,10,2,11,151,27,97,2,1,55,9,48,71,4,11,11,29,22,6,14,83,58,20,8,23,89,100,30,32,220,12,53,31,177,54,32,3,10,19,11,13,1491,2628,1074,1038,294,875,49,138,25,57,119,17,29,15,5493,801,596,19,203,65,58,4151,31,37,99,660,61,4187,171105,90,176,134,29837,187,847,2226,140,545,166,249,464,507,461,3748,805,234,18204,14585,543,207
4,3,5,8,2,2,7,17,42,57,20,6,7,39,10,106,15,10,205,20,73,48,6,37,9,7,9,4,10,47,57,2,10,2,41,185,48,16,145,1,55,25,98,7,27,3,3,5,1,10,8,11,136,2,8,33,367,1000,1915,365,178,107,525,489,125,1263,7395,4117,2177,338,1536,271,65,62,10362,165,34,12,90,10747,506,1033,281,1864,1539,98,330,407,2750,71,279,6,70,32,356,35,27,45,123,363
0,1,0,3,0,1,4,6,28,9,2,2,3,13,4,11,0,0,22,20,9,85,50,16,82,1014,230,19,2,10,5,543,16,144,9,17,4,210,34,59,6,8,14,1548,94,18,156,1,1,3,13,25,34,2,12,39,41,64,65,98,427,77,150,118,79,695,213,272,157,267,757,1251,30,213,716,7150,825,72,176,506,18235,3318,1085,82,2651,4234,59,76,496,373,56,630,1735,330,9821,27,27,124,570,857
2,1,0,5,1,0,6,282,1661,13,27,84,318,22,7,32,11,6,102,1054,21,109,119,46,781,285,424,8,2,12,12,169,406,12,16,67,85,446,40,3,8,11,37,470,920,7,58,6,4,15,37,26,155,5,23,67,3164,828,318,3332,158,787,12875,8950,312,1202,564,2097,628,7219,594,6303,220,3008,809,466,1914,17,134,1033,3318,23109,672,209,16322,145,302,126,519,1478,78,24,1985,93,4541,35,108,38,194,354
15,28,48,44,17,24,46,16,35,150,16,10,13,226,37,184,7,4,145,17,85,141,11,18,43,79,48,8,32,150,78,47,18,13,138,201,100,121,364,9,122,56,256,140,97,2,18,13,18,43,645,2853,1293,726,433,1437,144,282,78,99,478,44,31,20,14549,9082,1399,72,620,238,245,2226,58,62,554,3305,160,528,29837,281,1085,672,70932,654,4973,2065,409,1105,2150,702,957,350,680,788,647,361,727,13103,11625,2498
6,6,7,5,5,1,6,10,19,39,2,1,2,49,7,47,1,0,24,15,23,22,2,5,3,6,3,1,6,32,11,3,6,2,30,46,25,6,86,0,22,13,51,6,15,1,1,1,6,8,20,28,170,3,2,15,215,397,143,97,279,16,16,32,702,4411,3195,152,129,285,66,147,4,25,940,100,9,1,187,1864,82,209,654,1481,783,32,51,114,2686,126,164,3,78,6,42,30,71,101,251,461
4,2,1,29,3,1,11,252,1705,23,37,96,266,62,33,84,22,22,246,1572,36,176,308,86,2306,433,926,10,5,48,44,455,824,43,33,162,58,1344,87,17,21,29,96,1308,3019,9,196,8,6,23,40,64,158,5,25,68,553,531,683,645,261,119,345,237,1464,6636,1379,622,1015,6443,270,1170,95,1266,795,4630,1724,38,847,1539,2651,16322,4973,783,24462,737,206,160,2016,4532,151,87,1458,41,615,40,272,211,704,1300
0,0,2,3,0,6,2,3,20,8,0,3,3,11,3,5,2,2,18,14,1,132,24,19,71,513,241,131,12,17,2,607,7,1556,4,15,9,104,22,1309,18,4,11,1729,48,108,773,5,2,4,66,71,45,34,19,46,10,26,15,75,423,134,139,32,258,614,92,66,73,127,504,948,65,214,245,5678,519,13895,2226,98,4234,145,2065,32,737,29413,42,60,139,854,41,9950,6541,9886,3827,34,96,444,450,470
1,8,5,16,2,5,19,373,1702,62,33,46,127,26,11,85,54,42,325,70,101,49,12,82,13,11,13,7,13,43,70,12,26,10,23,159,267,2,218,10,35,28,134,15,20,3,8,10,1,21,34,47,82,12,127,106,641,1159,309,8173,722,374,256,272,85,99,229,424,1910,474,1115,312,4065,445,589,63,641,291,140,330,59,302,409,51,206,42,2448,1472,224,31,4641,405,227,18,43,1230,87,113,350,285
50,88,136,153,27,28,147,38,54,317,27,8,16,541,105,448,17,20,339,33,228,256,13,53,23,18,15,19,69,245,181,31,24,17,290,457,182,24,771,2,237,115,560,34,48,8,17,59,33,70,381,511,804,85,886,1728,18,51,56,510,932,69,32,21,1288,398,3887,102,4858,181,436,395,1374,355,674,41,154,10,545,407,76,126,1105,114,160,60,1472,7567,589,63,7446,33,203,20,40,3083,492,296,712,776
6,3,14,7,4,5,7,9,14,89,11,2,5,78,10,142,2,0,76,13,52,94,9,11,9,11,11,7,17,97,64,7,7,4,81,150,63,19,198,0,93,26,148,22,27,1,1,8,4,12,46,143,242,13,43,249,235,357,101,72,348,14,18,38,504,14146,1661,253,424,261,477,205,26,30,5048,368,27,33,166,2750,496,519,2150,2686,2016,139,224,589,17755,169,482,13,106,20,155,122,65,125,758,6907
3,0,2,8,0,2,5,12,127,7,7,10,12,33,13,27,4,1,69,249,8,76,154,43,924,466,546,8,3,14,7,318,175,37,13,64,3,851,28,13,4,6,39,1058,1272,6,156,6,0,9,32,45,168,7,12,77,40,122,36,230,77,59,147,17,584,1078,185,42,126,3266,72,1319,23,1560,45,8419,846,19,249,71,373,1478,702,126,4532,854,31,63,169,17692,26,94,9954,79,488,10,199,75,96,106
55,107,108,175,42,38,157,21,35,302,36,12,4,549,125,325,24,13,230,10,153,207,11,37,7,21,13,11,46,262,133,20,20,12,309,253,210,10,859,7,194,116,515,30,44,10,9,109,53,69,184,106,109,106,862,251,11,41,76,146,805,58,24,7,536,237,535,65,1382,26,447,303,1738,638,700,72,783,129,464,279,56,78,957,164,151,41,4641,7446,482,26,18197,308,259,24,35,9233,498,202,503,535
1,0,2,1,0,3,1,1,23,2,1,0,2,4,1,2,1,0,11,11,4,126,14,21,61,362,332,348,17,11,3,465,8,2100,1,7,22,61,46,3394,19,3,7,1837,29,182,598,13,2,2,12,28,12,11,39,19,0,9,2,41,67,25,24,1,39,83,11,7,30,19,55,344,121,867,19,472,5084,15173,507,6,630,24,350,3,87,9950,405,33,13,94,308,35954,9163,2158,653,232,47,87,73,42
7,5,5,17,1,5,10,18,143,7,7,15,11,54,17,24,3,3,81,131,9,247,252,72,759,2463,1103,97,15,23,9,1537,159,543,22,65,7,1178,75,453,15,9,38,4715,1061,69,541,16,2,9,71,100,217,17,67,132,19,75,16,374,204,164,338,44,496,567,142,68,251,820,259,4980,569,2249,128,7568,10082,300,461,70,1735,1985,680,78,1458,6541,227,203,106,9954,259,9163,35692,903,1629,201,203,210,123,154
0,0,0,0,0,1,0,4,10,1,2,1,1,5,0,3,1,1,2,3,3,20,4,4,8,35,30,17,0,3,2,52,2,265,5,7,4,5,6,227,6,2,6,184,11,16,100,1,0,0,45,83,8,29,6,17,7,33,10,52,286,287,319,40,45,44,34,52,29,50,385,4713,12,61,101,175,144,13402,3748,32,330,93,788,6,41,9886,18,20,20,79,24,2158,903,21034,7332,13,34,670,94,68
1,0,1,2,0,0,1,7,18,5,2,1,6,10,5,12,3,0,13,16,2,49,30,11,55,478,125,20,4,5,1,296,8,129,6,8,0,108,22,94,4,6,8,786,64,18,129,5,2,0,22,63,28,14,14,34,21,105,40,118,523,425,774,225,74,218,103,347,85,161,1040,8330,42,218,651,540,509,530,805,356,9821,4541,647,42,615,3827,43,40,155,488,35,653,1629,7332,13063,19,48,354,299,417
59,205,409,508,45,244,606,6,7,54,6,3,3,259,88,120,7,7,56,3,22,44,4,5,5,5,11,4,17,33,27,5,2,5,87,36,54,3,117,4,46,26,105,11,10,0,2,168,42,8,649,773,186,1784,6378,1200,1,10,8,25,163,9,12,2,880,148,197,7,138,16,37,91,507,373,93,37,493,173,234,35,27,35,361,30,40,34,1230,3083,122,10,9233,232,201,13,19,13110,1512,76,171,147
21,36,92,85,14,43,86,14,25,17,2,0,6,91,35,43,2,0,10,9,5,19,2,4,11,14,19,1,7,23,8,10,8,1,46,6,15,21,80,0,17,13,57,22,20,0,4,17,16,9,10381,3803,2880,1629,5319,1263,25,151,37,66,71,5,15,12,13581,337,416,16,39,87,21,122,77,90,38,116,95,39,18204,27,27,108,727,71,272,96,87,492,65,199,498,47,203,34,48,1512,39417,55,85,99
2,3,11,5,3,5,3,3,1,20,5,1,1,34,3,47,2,2,45,5,22,32,1,6,4,10,4,0,9,32,24,12,1,6,32,58,23,8,73,8,25,8,54,10,7,3,5,2,0,7,215,1270,310,261,107,530,12,30,15,27,22662,32,23,6,251,431,302,14,220,22,161,3670,17,16,80,139,28,162,14585,45,124,38,13103,101,211,444,113,296,125,75,202,87,210,670,354,76,55,71329,6314,802
5,9,5,23,5,5,16,6,12,80,8,4,2,69,15,79,3,6,128,8,67,56,3,15,5,17,10,4,16,56,55,10,6,8,63,133,68,18,169,3,44,20,132,26,20,1,8,10,3,25,214,2060,587,241,245,1634,20,43,39,60,20019,79,47,8,312,2300,794,22,672,51,766,1041,67,23,382,545,34,223,543,123,570,194,11625,251,704,450,350,712,758,96,503,73,123,94,299,171,85,6314,18123,6219
3,3,9,9,4,9,8,9,25,61,9,3,3,64,9,79,5,3,74,9,44,54,1,11,2,11,4,4,7,65,46,11,11,5,78,99,65,17,139,1,45,31,89,14,24,2,8,3,6,7,131,811,705,129,291,1703,43,66,30,79,3715,47,35,15,353,7624,1104,69,523,92,6595,350,48,48,4090,790,30,171,207,363,857,354,2498,461,1300,470,285,776,6907,106,535,42,154,68,417,147,99,802,6219,10451
