20247,14834,11875,3257,10205,1697,467,31,5,36,0,3,8,11461,1624,221,2,0,25,39,12,185,11,2,23,90,1,46,1225,861,51,52,22,82,114,9,5,50,28,11,717,112,167,33,72,28,48,151,1023,89,1,9,7,179,17,15,0,0,0,2,0,0,1,0,3,0,3,0,1,0,0,0,3,4,0,0,1,0,3,0,1,0,3,0,0,1,1,8,2,0,9,0,3,0,0,26,4,2,3,0
14834,85772,46090,34234,1156,1937,2915,54,40,156,3,7,27,14420,8760,693,7,9,54,101,34,772,40,13,43,248,16,69,1021,1180,101,120,69,182,526,23,28,131,159,15,1865,459,240,128,208,33,162,1261,365,251,12,93,27,416,98,171,0,1,1,6,9,3,0,0,21,4,51,0,7,2,3,4,3,8,0,3,1,1,15,1,0,1,7,9,1,2,5,89,2,4,43,0,9,0,0,213,33,2,8,0
11875,46090,84442,19500,12537,17461,11218,13,8,54,2,3,9,1650,629,112,1,1,6,26,6,351,20,2,12,55,7,48,1213,901,20,49,21,73,129,7,7,25,51,7,1170,200,67,34,52,29,87,643,489,60,624,1589,24,4877,267,794,0,0,0,0,7,0,1,1,21,1,27,0,0,1,0,20,1,2,0,1,1,1,125,0,1,0,53,4,1,12,1,58,4,2,18,4,14,8,14,145,69,25,12,0
3257,34234,19500,81591,1899,4921,29642,215,154,471,20,46,64,7905,14381,14654,37,28,342,433,99,918,120,86,260,895,61,109,969,1900,921,410,193,480,2112,167,78,515,499,15,1838,818,2735,421,694,41,261,2680,566,725,19,114,48,477,147,364,4,2,6,27,23,6,1,0,36,12,64,2,12,6,7,16,18,49,4,4,13,0,16,5,1,5,6,22,8,0,5,152,5,6,88,2,19,0,1,268,37,8,24,1
10205,1156,12537,1899,28039,24618,2874,34,18,105,1,5,11,2911,1746,224,7,1,30,48,18,116,9,4,20,142,6,44,812,349,59,73,28,65,181,10,13,78,127,7,334,176,314,46,106,12,44,740,6872,152,6,27,6,604,15,53,0,0,0,2,4,0,0,0,14,4,17,1,1,0,0,3,0,3,0,0,2,0,2,0,0,0,5,5,0,2,1,22,1,1,21,0,3,0,0,47,4,0,4,0
1697,1937,17461,4921,24618,37469,19494,1,4,53,1,1,0,488,193,67,2,0,5,6,7,74,6,4,2,16,14,14,298,160,12,11,5,7,343,3,81,12,677,8,140,33,39,14,6,4,15,6274,2223,17,251,137,14,3199,100,246,0,0,0,0,6,1,0,0,5,4,15,0,0,0,1,3,2,2,0,1,4,0,35,0,0,0,6,5,1,0,2,26,1,1,16,0,2,1,3,84,30,8,2,1
467,2915,11218,29642,2874,19494,30745,27,37,187,11,15,8,338,276,3813,18,2,61,67,42,274,22,72,72,204,36,24,185,171,313,101,43,113,4479,68,75,98,1072,7,411,188,228,104,102,12,55,1898,192,102,12,79,18,456,87,1047,1,2,4,15,17,3,0,0,25,12,42,0,15,1,3,6,5,14,4,1,4,0,12,5,2,2,10,10,2,1,6,86,5,0,86,1,9,1,1,180,22,4,12,3
31,54,13,215,34,1,27,39979,8819,120,705,1439,8781,364,226,918,3352,9040,1324,8267,349,1861,286,64,329,250,22,28,77,439,2093,257,1964,84,40,124,295,536,83,3,173,163,1166,79,1579,59,134,10,23,318,0,1,0,0,0,0,9,17,8,312,17,8,7,17,1,3,11,6,34,31,3,14,100,63,3,0,11,0,1,4,1,8,1,2,5,1,30,13,1,7,3,1,4,0,7,1,1,1,3,0
5,40,8,154,18,4,37,8819,65313,180,708,2533,3501,103,55,1284,1193,706,7665,5701,440,1730,434,7586,8012,254,1515,43,49,83,642,266,1472,151,166,1115,3096,364,749,40,80,44,326,678,300,58,236,71,8,28,0,4,21,2,3,12,216,224,45,5396,65,40,127,184,6,16,55,81,183,451,62,100,1181,948,29,16,181,5,4,38,7,134,7,20,53,4,201,106,16,46,56,9,78,1,15,32,3,3,24,2
36,156,54,471,105,53,187,120,180,44453,3663,2378,216,278,179,685,410,22,301,147,5730,4018,780,68,159,71,56,128,353,417,447,577,788,119,852,620,468,88,1521,11,14152,8348,2961,214,105,262,975,432,56,8163,10,12,12,8,12,29,0,3,6,14,98,14,0,0,15,17,90,1,43,2,25,26,16,25,11,8,12,2,27,19,1,4,28,63,7,6,65,178,62,9,235,2,16,3,8,130,16,23,56,24
0,3,2,20,1,1,11,705,708,3663,3305,6383,507,19,6,194,890,100,348,126,1447,6054,1435,48,114,17,26,40,26,39,100,60,250,23,38,201,54,29,100,2,151,111,136,118,12,153,247,11,2,35,1,1,0,1,1,0,0,3,5,21,11,0,1,1,0,1,6,1,15,1,7,4,15,11,6,1,2,0,1,5,0,0,1,2,2,0,13,14,3,4,12,0,11,1,0,2,0,3,7,3
3,7,3,46,5,1,15,1439,2533,2378,6383,28125,13406,34,26,192,7172,554,390,956,6438,1262,4049,89,1390,19,83,24,103,147,552,156,5309,28,31,141,118,156,164,6,414,314,708,179,69,68,426,21,1,148,0,0,0,1,2,0,6,1,8,146,16,8,7,4,0,0,5,4,20,24,9,20,43,153,4,3,19,0,3,4,2,20,1,3,12,4,21,20,5,6,16,1,19,0,2,3,0,1,4,2
8,27,9,64,11,0,8,8781,3501,216,507,13406,20039,160,114,246,11388,2055,504,2874,966,443,315,47,682,43,24,6,139,607,1475,156,6449,14,21,59,92,56,39,3,289,379,953,50,479,27,153,11,9,404,0,0,1,0,1,1,6,3,0,288,3,2,3,10,0,0,3,2,11,34,5,5,60,96,1,0,5,0,2,3,1,12,0,3,3,1,12,8,2,3,9,0,11,0,0,3,0,0,3,2
11461,14420,1650,7905,2911,488,338,364,103,278,19,34,160,60394,23520,1514,63,33,234,460,98,401,55,20,112,662,18,108,6299,17433,829,577,308,278,458,58,32,340,254,11,1497,1546,5248,155,956,45,208,301,8282,4586,2,21,10,33,20,44,1,1,3,8,30,2,2,0,12,10,32,0,5,10,7,12,5,28,2,0,13,1,10,4,0,5,9,11,2,0,8,82,12,7,84,2,7,0,3,84,13,5,17,2
1624,8760,629,14381,1746,193,276,226,55,179,6,26,114,23520,23647,3860,52,24,162,302,71,436,31,13,66,301,15,59,1169,6271,833,219,155,142,300,49,19,194,103,8,1431,1216,9839,76,681,30,104,232,646,9317,2,16,9,16,14,31,1,0,0,8,12,0,0,0,12,2,19,0,2,1,0,2,2,23,0,1,4,1,3,2,0,1,0,5,1,0,1,47,0,3,11,0,6,0,1,48,10,4,3,1
221,693,112,14654,224,67,3813,918,1284,685,194,192,246,1514,3860,24617,1068,667,7956,851,1036,625,66,248,303,332,46,30,276,756,26049,164,181,163,7706,3116,123,290,1013,6,490,283,7399,255,348,19,110,547,137,419,10,34,17,18,40,86,1,0,8,26,89,10,3,4,17,12,78,1,62,7,30,27,35,24,11,5,10,2,31,12,0,10,30,33,3,3,36,166,41,8,173,2,14,0,2,157,10,22,58,14
2,7,1,37,7,2,18,3352,1193,410,890,7172,11388,63,52,1068,7909,2846,1682,173,8103,245,260,84,75,20,12,5,42,164,4492,158,899,9,66,304,183,40,226,0,200,178,960,42,113,9,135,12,7,158,1,0,3,1,0,2,0,3,5,46,22,5,1,0,2,0,27,6,44,4,9,6,30,13,6,0,6,0,5,7,1,4,3,6,0,1,24,24,7,2,13,1,4,0,1,2,1,0,7,0
0,9,1,28,1,0,2,9040,706,22,100,554,2055,33,24,667,2846,2116,721,303,172,165,38,31,21,13,4,3,9,41,1597,48,255,5,9,32,103,24,32,1,15,18,222,4,111,2,20,1,1,44,0,0,0,0,0,0,0,3,3,28,6,2,1,0,0,0,4,3,8,1,7,3,28,2,0,0,0,0,0,4,0,1,0,0,0,0,9,3,0,0,2,0,0,0,1,2,0,0,0,1
25,54,6,342,30,5,61,1324,7665,301,348,390,504,234,162,7956,1682,721,5232,1751,947,691,71,1956,783,91,28,13,42,163,5628,75,215,37,284,4914,142,210,494,5,68,63,1139,198,205,6,58,18,20,98,0,1,4,2,2,2,0,8,18,62,61,13,4,3,0,1,59,14,113,7,47,14,59,24,18,1,3,0,7,33,0,4,9,13,4,1,61,94,14,3,42,0,5,0,2,6,0,13,36,13
39,101,26,433,48,6,67,8267,5701,147,126,956,2874,460,302,851,173,303,1751,27775,145,1138,1026,493,8352,1097,362,64,152,723,1388,561,6980,423,135,689,62,7814,131,15,298,248,1208,1519,5385,66,320,21,31,371,0,1,4,1,0,4,47,1,2,546,10,4,40,39,1,4,14,1,19,211,6,81,111,1029,2,13,84,0,2,3,8,163,0,5,94,8,12,15,5,52,13,2,63,0,6,3,2,2,2,1
12,34,6,99,18,7,42,349,440,5730,1447,6438,966,98,71,1036,8103,172,947,145,17269,275,273,136,107,52,23,27,176,425,2853,312,772,54,258,689,376,49,916,7,1206,1369,7045,55,180,27,274,110,10,1746,1,4,1,1,5,7,1,1,15,32,98,18,4,0,2,3,59,2,99,1,27,15,58,20,11,0,2,2,15,11,0,7,10,24,3,1,64,111,21,10,90,0,7,1,0,40,4,16,37,13
185,772,351,918,116,74,274,1861,1730,4018,6054,1262,443,401,436,625,245,165,691,1138,275,22270,5934,129,961,170,310,162,2273,370,351,278,344,242,374,355,168,436,677,22,13747,1240,720,1812,177,3131,1123,275,60,335,0,14,13,14,10,13,1,1,3,27,39,10,0,2,4,7,48,0,16,8,11,26,11,86,6,20,46,5,13,11,9,9,10,33,21,13,19,86,42,25,128,14,73,3,8,56,6,10,18,7
11,40,20,120,9,6,22,286,434,780,1435,4049,315,55,31,66,260,38,71,1026,273,5934,10560,173,2119,298,887,411,348,168,82,267,3127,219,47,75,114,1039,215,21,692,202,193,2842,189,4969,4730,58,13,52,1,1,2,0,0,1,5,1,1,34,3,0,3,0,1,1,3,0,3,33,1,52,21,296,1,77,199,7,4,2,21,38,3,0,73,18,2,3,2,132,6,10,246,2,24,3,0,0,1,0
2,13,2,86,4,4,72,64,7586,68,48,89,47,20,13,248,84,31,1956,493,136,129,173,6721,1741,192,1501,34,11,11,95,253,171,139,574,2651,4127,140,4448,71,24,12,77,1003,40,30,165,164,1,9,0,2,13,0,3,11,46,87,60,777,72,26,20,42,7,8,66,66,167,64,71,37,292,223,43,14,79,2,9,57,5,43,16,6,32,3,104,92,21,45,47,2,48,1,13,10,1,5,33,6
23,43,12,260,20,2,72,329,8012,159,114,1390,682,112,66,303,75,21,783,8352,107,961,2119,1741,20390,616,4347,92,110,234,177,818,4761,414,172,748,129,1368,357,109,195,145,250,6480,1520,129,876,62,13,66,1,1,15,0,3,1,154,8,5,1277,9,9,123,106,13,18,19,4,36,518,11,287,328,3716,2,82,696,5,15,4,22,581,13,14,531,24,24,35,12,429,15,21,511,5,34,7,3,1,9,2
90,248,55,895,142,16,204,250,254,71,17,19,43,662,301,332,20,13,91,1097,52,170,298,192,616,20568,1884,342,213,727,342,9916,861,6562,151,118,261,10386,350,59,253,160,669,9365,3437,131,1143,162,72,178,0,3,0,2,6,1,1,1,0,32,8,3,2,0,3,9,4,1,7,10,2,224,8,97,1,797,375,72,13,2,293,53,10,2,94,187,13,12,5,304,7,200,1971,8,205,16,4,1,2,2
1,16,7,61,6,14,36,22,1515,56,26,83,24,18,15,46,12,4,28,362,23,310,887,1501,4347,1884,10778,990,62,50,28,1979,603,825,110,143,1830,806,1875,4133,137,34,42,12239,355,230,1223,261,8,12,0,4,3,2,2,5,9,2,2,122,10,2,8,2,4,13,3,0,8,74,8,331,73,1071,1,339,916,38,12,2,120,167,17,6,303,108,11,16,9,632,20,87,1112,12,131,10,1,3,12,2
46,69,48,109,44,14,24,28,43,128,40,24,6,108,59,30,5,3,13,64,27,162,411,34,92,342,990,58131,659,360,22,665,119,9954,22,19,636,157,138,13920,904,107,108,1272,99,6975,3663,56,43,53,1,0,0,2,0,2,0,0,0,1,1,0,0,0,1,0,0,0,5,3,1,25,1,12,1,56,42,1635,7,0,77,6,2,2,6,589,2,3,2,16,3,459,185,93,54,3,0,1,3,0
1225,1021,1213,969,812,298,185,77,49,353,26,103,139,6299,1169,276,42,9,42,152,176,2273,348,11,110,213,62,659,58863,13128,271,543,377,524,127,19,36,117,134,86,15401,833,1511,467,395,859,964,126,6501,677,3,5,1,19,6,11,0,1,0,1,9,1,0,0,5,3,14,0,2,5,3,7,1,13,0,9,6,6,4,2,8,3,5,13,7,15,6,30,9,6,34,14,27,3,2,33,3,4,4,1
861,1180,901,1900,349,160,171,439,83,417,39,147,607,17433,6271,756,164,41,163,723,425,370,168,11,234,727,50,360,13128,53370,1017,1595,1402,421,253,63,64,360,277,30,14563,7190,7611,194,1910,201,741,179,464,5557,1,8,3,19,12,19,0,0,0,3,36,2,1,0,11,4,39,0,6,8,13,18,7,62,2,5,19,4,12,3,1,6,9,23,6,5,10,60,25,11,80,6,21,2,5,71,5,8,33,7
51,101,20,921,59,12,313,2093,642,447,100,552,1475,829,833,26049,4492,1597,5628,1388,2853,351,82,95,177,342,28,22,271,1017,34745,215,554,127,2037,1270,143,461,452,4,629,583,23267,146,993,18,97,100,65,1370,1,12,9,6,11,23,2,0,3,31,87,16,5,0,9,6,65,2,40,9,18,27,31,33,8,1,13,2,22,16,2,4,15,35,4,4,16,105,13,5,126,0,12,2,1,76,4,15,59,7
52,120,49,410,73,11,101,257,266,577,60,156,156,577,219,164,158,48,75,561,312,278,267,253,818,9916,1979,665,543,1595,215,30766,12078,5176,84,90,258,1744,382,150,1146,715,677,6171,3893,323,16352,122,47,392,1,4,1,1,1,2,1,1,0,16,1,2,1,0,3,2,3,0,6,9,0,183,15,106,2,604,313,63,7,5,294,41,8,4,50,262,2,7,4,230,16,212,1420,7,175,9,0,2,6,1
22,69,21,193,28,5,43,1964,1472,788,250,5309,6449,308,155,181,899,255,215,6980,772,344,3127,171,4761,861,603,119,377,1402,554,12078,22084,339,69,144,90,1800,174,11,1092,946,842,1956,5652,52,4394,46,16,425,0,2,1,4,0,1,21,4,0,280,5,6,17,16,3,6,10,0,6,112,0,66,65,801,2,22,171,4,1,1,10,105,4,3,81,5,9,15,4,87,9,8,111,1,13,10,2,0,1,0
82,182,73,480,65,7,113,84,151,119,23,28,14,278,142,163,9,5,37,423,54,242,219,139,414,6562,825,9954,524,421,127,5176,339,27004,75,81,120,1369,217,3934,867,157,244,9505,361,1701,9211,79,51,92,9,16,3,5,3,2,0,3,0,10,3,0,0,0,4,7,3,2,3,9,0,112,9,52,0,333,207,363,31,1,435,22,10,3,27,1688,10,8,2,70,14,855,1082,95,350,6,1,6,6,1
114,526,129,2112,181,343,4479,40,166,852,38,31,21,458,300,7706,66,9,284,135,258,374,47,574,172,151,110,22,127,253,2037,84,69,75,9822,2616,401,83,12493,18,344,221,1226,170,77,16,81,4507,211,213,11,77,29,45,91,152,4,2,3,40,133,8,3,1,40,19,141,4,38,5,23,43,33,18,16,7,10,0,52,22,5,3,45,67,5,3,53,261,50,6,301,3,10,2,6,332,42,43,81,10
9,23,7,167,10,3,68,124,1115,620,201,141,59,58,49,3116,304,32,4914,689,689,355,75,2651,748,118,143,19,19,63,1270,90,144,81,2616,7121,414,166,6380,15,86,51,723,441,67,19,84,27,6,62,0,2,7,0,1,9,9,13,39,108,172,34,7,10,4,6,121,19,215,7,77,38,125,53,46,6,20,3,19,54,4,9,34,43,12,2,126,206,72,14,142,1,18,1,4,34,3,21,78,26
5,28,7,78,13,81,75,295,3096,468,54,118,92,32,19,123,183,103,142,62,376,168,114,4127,129,261,1830,636,36,64,143,258,90,120,401,414,4680,126,10569,1055,171,135,601,951,26,22,150,1926,29,117,3,18,19,7,24,29,11,33,27,327,152,24,10,13,16,15,96,34,151,15,80,38,127,43,54,14,33,11,17,69,5,10,13,29,8,10,435,204,53,13,283,13,37,1,11,212,7,29,63,36
50,131,25,515,78,12,98,536,364,88,29,156,56,340,194,290,40,24,210,7814,49,436,1039,140,1368,10386,806,157,117,360,461,1744,1800,1369,83,166,126,16875,189,18,178,124,549,9660,7956,89,1048,76,36,125,0,0,2,0,2,2,3,0,1,65,3,2,4,0,0,8,7,0,9,77,2,198,27,488,2,199,526,9,1,5,33,132,16,4,195,26,6,8,3,453,11,8,648,2,66,10,1,1,4,1
28,159,51,499,127,677,1072,83,749,1521,100,164,39,254,103,1013,226,32,494,131,916,677,215,4448,357,350,1875,138,134,277,452,382,174,217,12493,6380,10569,189,45068,456,534,298,1295,1029,83,56,284,9711,238,301,23,90,77,45,97,169,3,23,41,184,500,59,17,4,80,55,425,24,307,23,142,114,171,78,110,16,59,9,122,111,10,19,136,218,21,16,343,758,229,33,932,5,65,4,19,569,63,99,274,87
11,15,7,15,7,8,7,3,40,11,2,6,3,11,8,6,0,1,5,15,7,22,21,71,109,59,4133,13920,86,30,4,150,11,3934,18,15,1055,18,456,19129,135,10,12,8155,7,283,549,89,5,11,12,3,1,2,1,3,0,2,0,8,1,1,1,0,2,1,4,1,2,4,2,44,10,18,1,153,98,485,27,0,284,4,15,3,4,1504,6,3,0,7,8,894,684,105,200,6,0,7,1,1
717,1865,1170,1838,334,140,411,173,80,14152,151,414,289,1497,1431,490,200,15,68,298,1206,13747,692,24,195,253,137,904,15401,14563,629,1146,1092,867,344,86,171,178,534,135,63796,14349,4025,874,646,1155,1857,351,177,3176,5,5,14,17,13,17,2,0,0,9,46,5,1,0,7,5,45,1,16,1,7,21,6,40,8,16,13,12,9,6,12,5,17,35,8,27,26,66,19,8,97,17,52,1,12,77,3,15,21,7
112,459,200,818,176,33,188,163,44,8348,111,314,379,1546,1216,283,178,18,63,248,1369,1240,202,12,145,160,34,107,833,7190,583,715,946,157,221,51,135,124,298,10,14349,27378,6441,138,600,80,480,193,63,13653,2,3,3,7,7,7,1,0,0,6,29,1,0,0,5,3,24,1,7,1,5,7,1,23,7,4,7,0,12,5,1,3,3,10,4,3,11,54,10,2,74,3,19,0,1,44,1,8,19,6
167,240,67,2735,314,39,228,1166,326,2961,136,708,953,5248,9839,7399,960,222,1139,1208,7045,720,193,77,250,669,42,108,1511,7611,23267,677,842,244,1226,723,601,549,1295,12,4025,6441,59738,167,1938,60,309,339,266,16706,7,16,18,11,19,30,2,1,9,37,226,26,1,0,15,11,124,0,72,3,50,48,31,61,13,3,16,1,42,28,3,5,46,46,6,5,62,300,39,5,273,4,17,1,5,160,15,39,111,17
33,128,34,421,46,14,104,79,678,214,118,179,50,155,76,255,42,4,198,1519,55,1812,2842,1003,6480,9365,12239,1272,467,194,146,6171,1956,9505,170,441,951,9660,1029,8155,874,138,167,59561,423,1654,4935,311,27,54,6,11,9,7,6,3,3,10,4,73,16,6,6,5,18,24,12,0,8,56,8,615,76,483,2,1835,1151,286,40,1,897,167,29,10,273,957,18,32,16,871,39,980,4959,54,581,21,3,12,16,3
72,208,52,694,106,6,102,1579,300,105,12,69,479,956,681,348,113,111,205,5385,180,177,189,40,1520,3437,355,99,395,1910,993,3893,5652,361,77,67,26,7956,83,7,646,600,1938,423,8422,25,480,51,75,896,0,1,1,4,3,0,3,1,1,94,4,0,8,3,4,1,7,1,6,97,4,40,27,730,0,14,200,3,2,2,3,89,7,1,129,5,4,4,1,139,6,1,154,2,11,9,0,0,3,5
28,33,29,41,12,4,12,59,58,262,153,68,27,45,30,19,9,2,6,66,27,3131,4969,30,129,131,230,6975,859,201,18,323,52,1701,16,19,22,89,56,283,1155,80,60,1654,25,8262,8007,10,14,31,0,0,1,0,0,0,0,0,0,3,0,0,0,0,0,0,1,0,0,0,0,11,1,6,0,24,16,24,2,0,21,4,0,1,0,88,1,6,0,15,2,42,73,6,17,2,0,1,0,0
48,162,87,261,44,15,55,134,236,975,247,426,153,208,104,110,135,20,58,320,274,1123,4730,165,876,1143,1223,3663,964,741,97,16352,4394,9211,81,84,150,1048,284,549,1857,480,309,4935,480,8007,30970,92,35,159,10,5,0,4,3,0,1,6,0,33,5,2,2,0,1,2,4,0,5,11,2,130,16,104,2,360,303,195,23,0,372,41,15,1,57,1016,8,5,3,176,17,558,958,44,250,10,0,9,1,0
151,1261,643,2680,740,6274,1898,10,71,432,11,21,11,301,232,547,12,1,18,21,110,275,58,164,62,162,261,56,126,179,100,122,46,79,4507,27,1926,76,9711,89,351,193,339,311,51,10,92,13487,1098,133,25,156,47,90,126,245,1,2,4,20,51,3,2,4,35,12,80,1,17,2,6,24,21,16,5,3,14,2,29,9,4,3,12,20,2,6,20,171,13,9,136,1,12,2,3,373,36,22,32,3
1023,365,489,566,6872,2223,192,23,8,56,2,1,9,8282,646,137,7,1,20,31,10,60,13,1,13,72,8,43,6501,464,65,47,16,51,211,6,29,36,238,5,177,63,266,27,75,14,35,1098,11271,60,0,2,2,16,3,6,0,0,0,3,3,1,0,0,0,0,6,0,0,0,0,0,1,6,1,0,0,0,3,0,0,0,0,2,1,1,1,5,0,2,11,0,3,0,0,16,1,0,2,0
89,251,60,725,152,17,102,318,28,8163,35,148,404,4586,9317,419,158,44,98,371,1746,335,52,9,66,178,12,53,677,5557,1370,392,425,92,213,62,117,125,301,11,3176,13653,16706,54,896,31,159,133,60,24319,2,9,4,4,5,18,0,0,1,5,37,2,0,0,5,5,25,1,11,5,3,7,5,12,3,1,5,0,12,3,0,2,8,12,0,0,13,57,6,2,58,1,6,3,0,38,5,8,32,4
1,12,624,19,6,251,12,0,0,10,1,0,0,2,2,10,1,0,0,0,1,0,1,0,1,0,0,1,3,1,1,1,0,9,11,0,3,0,23,12,5,2,7,6,0,0,10,25,0,2,35584,18812,2042,19199,5933,3103,2,17,8,13,48,1,2,4,7270,538,334,3,7,19,9,277,4,18,4,41,16,105,3628,10,24,27,900,44,31,141,10,309,15,26,77,28,121,154,143,382,11588,370,165,16
9,93,1589,114,27,137,79,1,4,12,1,0,0,21,16,34,0,0,1,1,4,14,1,2,1,3,4,0,5,8,12,4,2,16,77,2,18,0,90,3,5,3,16,11,1,0,5,156,2,9,18812,135446,14973,30767,4410,8353,4,27,19,17,286,10,8,9,11699,719,376,7,20,14,23,1495,7,23,5,78,28,90,2709,15,68,40,1880,37,36,210,24,428,23,43,116,43,263,174,291,664,1840,1539,1361,44
7,27,24,48,6,14,18,0,21,12,0,0,1,10,9,17,3,0,4,4,1,13,2,13,15,0,3,0,1,3,9,1,1,3,29,7,19,2,77,1,14,3,18,9,1,1,0,47,2,4,2042,14973,24467,1377,827,9650,33,214,111,137,513,37,24,23,14718,7657,10138,44,158,190,83,649,6,175,53,83,36,35,1092,315,43,124,742,772,85,74,37,1703,71,146,181,6,174,62,116,304,1703,609,1057,47
179,416,4877,477,604,3199,456,0,2,8,1,1,0,33,16,18,1,0,2,1,1,14,0,0,0,2,2,2,19,19,6,1,4,5,45,0,7,0,45,2,17,7,11,7,4,0,4,90,16,4,19199,30767,1377,71520,21260,34504,0,11,5,6,56,0,1,2,542,66,138,2,7,11,4,283,3,9,3,12,7,45,1349,5,12,14,451,9,15,57,14,471,8,16,832,14,59,59,71,1274,1257,297,226,8
17,98,267,147,15,100,87,0,3,12,1,2,1,20,14,40,0,0,2,0,5,10,0,3,3,6,2,0,6,12,11,1,0,3,91,1,24,2,97,1,13,7,19,6,3,0,3,126,3,5,5933,4410,827,21260,18304,8778,5,2,3,29,98,2,1,0,1116,96,288,1,9,6,10,87,39,78,4,14,70,13,296,5,7,9,62,26,4,10,116,2197,13,10,1268,24,98,8,16,7169,1512,61,93,7
15,171,794,364,53,246,1047,0,12,29,0,0,1,44,31,86,2,0,2,4,7,13,1,11,1,1,5,2,11,19,23,2,1,2,152,9,29,2,169,3,17,7,30,3,0,0,0,245,6,18,3103,8353,9650,34504,8778,40536,5,53,34,38,295,14,12,9,1656,368,1775,7,33,61,40,498,25,77,10,45,19,18,645,57,21,57,429,60,30,44,35,2504,26,41,917,17,109,41,88,1346,916,470,659,20
0,0,0,4,0,0,1,9,216,0,0,6,6,1,1,1,0,0,0,47,1,1,5,46,154,1,9,0,0,0,2,1,21,0,4,9,11,3,3,0,2,1,2,3,3,0,1,1,0,0,2,4,33,0,5,5,3057,4137,367,555,17,49,994,5298,218,313,158,1106,45,3906,16,241,63,825,140,18,22,9,104,545,4,1534,194,454,741,9,53,11,153,60,6,1,42,6,35,0,26,2,31,15
0,1,0,2,0,0,2,17,224,3,3,1,3,1,0,0,3,3,8,1,1,1,1,87,8,1,2,0,1,0,0,1,4,3,2,13,33,0,23,2,0,0,1,10,1,0,6,2,0,0,17,27,214,11,2,53,4137,18824,4281,2448,174,801,1286,2569,689,1206,759,4305,445,2145,84,2416,151,142,395,67,30,200,223,2245,99,701,308,1950,314,100,375,49,343,145,19,12,71,122,445,6,184,23,90,12
0,1,0,6,0,0,4,8,45,6,5,8,0,3,0,8,5,3,18,2,15,3,1,60,5,0,2,0,0,0,3,0,0,0,3,39,27,1,41,0,0,0,9,4,1,0,0,4,0,1,8,19,111,5,3,34,367,4281,5750,2963,484,607,216,414,101,268,974,1467,1486,797,336,947,150,378,370,22,20,7,35,3078,7,246,42,620,142,12,220,111,70,85,85,3,48,14,46,1,24,18,47,12
2,6,0,27,2,0,15,312,5396,14,21,146,288,8,8,26,46,28,62,546,32,27,34,777,1277,32,122,1,1,3,31,16,280,10,40,108,327,65,184,8,9,6,37,73,94,3,33,20,3,5,13,17,137,6,29,38,555,2448,2963,49137,502,1017,2248,1714,91,253,730,1308,2457,4050,463,3363,10206,6940,160,144,1117,131,37,374,90,1044,58,462,223,81,2461,403,74,348,383,105,1033,73,331,204,44,21,99,18
0,9,7,23,4,6,17,17,65,98,11,16,3,30,12,89,22,6,61,10,98,39,3,72,9,8,10,1,9,36,87,1,5,3,133,172,152,3,500,1,46,29,226,16,4,0,5,51,3,37,48,286,513,56,98,295,17,174,484,502,26943,4390,882,81,180,701,2788,152,1150,73,3349,2458,249,74,67,125,33,243,128,647,135,183,385,662,80,106,568,1385,411,47,1644,12,111,152,687,439,84,11867,10925,1164
0,3,0,6,0,1,3,8,40,14,0,8,2,2,0,10,5,2,13,4,18,10,0,26,9,3,2,0,1,2,16,2,6,0,8,34,24,2,59,1,5,1,26,6,0,0,2,3,1,2,1,10,37,0,2,14,49,801,607,1017,4390,4478,3871,235,22,42,301,418,362,237,2076,6149,105,125,59,24,28,36,18,194,27,125,45,76,21,32,166,126,58,40,197,3,69,102,229,27,5,66,194,18
1,0,1,1,0,0,0,7,127,0,1,7,3,2,0,3,1,1,4,40,4,0,3,20,123,2,8,0,0,1,5,1,17,0,3,7,10,4,17,1,1,0,1,6,8,0,2,2,0,0,2,8,24,1,1,12,994,1286,216,2248,882,3871,11984,8128,106,274,190,4218,123,1442,1753,4483,79,906,487,17,44,16,89,1395,10,2631,274,415,48,18,46,57,718,37,28,1,68,12,88,6,11,14,273,84
0,0,1,0,0,0,0,17,184,0,1,4,10,0,0,4,0,0,3,39,0,2,0,42,106,0,2,0,0,0,0,0,16,0,1,10,13,0,4,0,0,0,0,5,3,0,0,4,0,0,4,9,23,2,0,9,5298,2569,414,1714,81,235,8128,9534,279,620,227,6572,86,2194,662,615,54,553,564,7,17,3,171,1975,9,2340,572,826,247,6,43,16,552,27,12,3,18,5,29,2,35,17,157,55
3,21,21,36,14,5,25,1,6,15,0,0,0,12,12,17,2,0,0,1,2,4,1,7,13,3,4,1,5,11,9,3,3,4,40,4,16,0,80,2,7,5,15,18,4,0,1,35,0,5,7270,11699,14718,542,1116,1656,218,689,101,91,180,22,106,279,34008,17869,998,96,39,228,93,407,6,58,115,353,17,48,4659,142,126,688,6215,1364,1030,119,21,467,1056,477,196,5,158,55,159,258,5807,350,911,137
0,4,1,12,4,4,12,3,16,17,1,0,0,10,2,12,0,0,1,4,3,7,1,8,18,9,13,0,3,4,6,2,6,7,19,6,15,8,55,1,5,3,11,24,1,0,2,12,0,5,538,719,7657,66,96,368,313,1206,268,253,701,42,274,620,17869,34592,3976,235,133,427,325,778,16,179,456,400,25,51,2073,714,162,1446,6763,7811,1246,155,22,315,8005,465,145,11,178,67,285,91,1335,786,5237,3000
3,51,27,64,17,15,42,11,55,90,6,5,3,32,19,78,27,4,59,14,59,48,3,66,19,4,3,0,14,39,65,3,10,3,141,121,96,7,425,4,45,24,124,12,7,1,4,80,6,25,334,376,10138,138,288,1775,158,759,974,730,2788,301,190,227,998,3976,18215,333,5702,445,946,878,222,445,1509,122,64,25,551,5592,54,387,484,8833,191,57,234,7471,664,184,1327,13,248,38,157,559,453,531,1459,182
0,0,0,2,1,0,0,6,81,1,1,4,2,0,0,1,6,3,14,1,2,0,0,66,4,1,0,0,0,0,2,0,0,2,4,19,34,0,24,1,1,1,0,0,1,0,0,1,0,1,3,7,44,2,1,7,1106,4305,1467,1308,152,418,4218,6572,96,235,333,11208,277,97,1308,477,119,34,1530,8,8,8,25,4342,15,298,80,576,21,13,238,49,293,19,27,4,21,3,31,4,24,5,47,23
1,7,0,12,1,0,15,34,183,43,15,20,11,5,2,62,44,8,113,19,99,16,3,167,36,7,8,5,2,6,40,6,6,3,38,215,151,9,307,2,16,7,72,8,6,0,5,17,0,11,7,20,158,7,9,33,45,445,1486,2457,1150,362,123,86,39,133,5702,277,7427,476,960,452,3783,804,496,34,149,17,49,710,27,155,98,313,71,16,729,1716,175,113,484,27,254,6,59,35,13,70,319,56
0,2,1,6,0,0,1,31,451,2,1,24,34,10,1,7,4,1,7,211,1,8,33,64,518,10,74,3,5,8,9,9,112,9,5,7,15,77,23,4,1,1,3,56,97,0,11,2,0,5,19,14,190,11,6,61,3906,2145,797,4050,73,237,1442,2194,228,427,445,97,476,21460,48,2556,177,6816,126,945,83,120,79,301,383,5363,127,651,8306,250,102,36,127,5648,15,3,1108,50,526,9,64,14,74,11
0,3,0,7,0,1,3,3,62,25,7,9,5,7,0,30,9,7,47,6,27,11,1,71,11,2,8,1,3,13,18,0,0,0,23,77,80,2,142,2,7,5,50,8,4,0,2,6,0,3,9,23,83,4,10,40,16,84,336,463,3349,2076,1753,662,93,325,946,1308,960,48,8036,884,274,45,3338,68,18,69,74,1347,91,362,372,483,83,85,301,505,2309,36,394,4,49,44,362,61,26,56,1260,1433
0,4,20,16,3,3,6,14,100,26,4,20,5,12,2,27,6,3,14,81,15,26,52,37,287,224,331,25,7,18,27,183,66,112,43,38,38,198,114,44,21,7,48,615,40,11,130,24,0,7,277,1495,649,283,87,498,241,2416,947,3363,2458,6149,4483,615,407,778,878,477,452,2556,884,31802,301,3582,226,1344,1431,315,1212,429,725,2824,1435,598,727,807,190,410,615,2519,472,202,5452,2325,9243,220,96,2943,985,208
3,3,1,18,0,2,5,100,1181,16,15,43,60,5,2,35,30,28,59,111,58,11,21,292,328,8,73,1,1,7,31,15,65,9,33,125,127,27,171,10,6,1,31,76,27,1,16,21,1,5,4,7,6,3,39,25,63,151,150,10206,249,105,79,54,6,16,222,119,3783,177,274,301,8281,3374,117,79,1299,59,22,123,55,184,24,16,46,40,5292,3075,31,102,1935,214,1090,12,80,417,16,21,83,11
4,8,2,49,3,2,14,63,948,25,11,153,96,28,23,24,13,2,24,1029,20,86,296,223,3716,97,1071,12,13,62,33,106,801,52,18,53,43,488,78,18,40,23,61,483,730,6,104,16,6,12,18,23,175,9,78,77,825,142,378,6940,74,125,906,553,58,179,445,34,804,6816,45,3582,3374,10434,19,326,6849,161,56,76,268,5904,113,240,2585,167,1128,646,76,1033,1015,435,3936,43,532,457,41,19,85,24
0,0,0,4,0,0,4,3,29,11,6,4,1,2,0,11,6,0,18,2,11,6,1,43,2,1,1,1,0,2,8,2,2,0,16,46,54,2,110,1,8,7,13,2,0,0,2,5,1,3,4,5,53,3,4,10,140,395,370,160,67,59,487,564,115,456,1509,1530,496,126,3338,226,117,19,7500,71,6,9,50,13211,46,587,316,3732,216,42,155,315,6321,76,258,1,24,7,83,35,19,24,210,516
0,3,1,4,0,1,1,0,16,8,1,3,0,0,1,5,0,0,1,13,0,20,77,14,82,797,339,56,9,5,1,604,22,333,7,6,14,199,16,153,16,4,3,1835,14,24,360,3,0,1,41,78,83,12,14,45,18,67,22,144,125,24,17,7,353,400,122,8,34,945,68,1344,79,326,71,26998,575,301,515,41,4675,2343,838,257,3501,7464,82,66,442,7311,111,146,8805,112,646,55,93,71,301,75
1,1,1,13,2,4,4,11,181,12,2,19,5,13,4,10,6,0,3,84,2,46,199,79,696,375,916,42,6,19,13,313,171,207,10,20,33,526,59,98,13,7,16,1151,200,16,303,14,0,5,16,28,36,7,70,19,22,30,20,1117,33,28,44,17,17,25,64,8,149,83,18,1431,1299,6849,6,575,10805,915,77,9,285,625,66,15,272,265,1621,440,22,503,1377,4427,11655,56,443,638,20,16,42,10
0,1,1,0,0,0,0,0,5,2,0,0,0,1,1,2,0,0,0,0,2,5,7,2,5,72,38,1635,6,4,2,63,4,363,0,3,11,9,9,485,12,0,1,286,3,24,195,2,0,0,105,90,35,45,13,18,9,200,7,131,243,36,16,3,48,51,25,8,17,120,69,315,59,161,9,301,915,33894,1880,13,265,157,252,25,84,5298,409,61,67,111,215,15911,1601,7811,383,144,40,107,224,40
3,15,125,16,2,35,12,1,4,27,1,3,2,10,3,31,5,0,7,2,15,13,4,9,15,13,12,7,4,12,22,7,1,31,52,19,17,1,122,27,9,12,42,40,2,2,23,29,3,12,3628,2709,1092,1349,296,645,104,223,35,37,128,18,89,171,4659,2073,551,25,49,79,74,1212,22,56,50,515,77,1880,66698,58,253,705,11939,466,929,1064,82,410,469,433,331,246,381,1249,932,305,9462,7607,1036,287
0,1,0,5,0,0,5,4,38,19,5,4,3,4,2,12,7,4,33,3,11,11,2,57,4,2,2,0,2,3,16,5,1,1,22,54,69,5,111,0,6,5,28,1,2,0,0,9,0,3,10,15,315,5,5,57,545,2245,3078,374,647,194,1395,1975,142,714,5592,4342,710,301,1347,429,123,76,13211,41,9,13,58,14613,52,1265,103,11908,258,29,212,358,1043,74,254,1,30,5,110,22,42,30,153,34
1,0,1,1,0,0,2,1,7,1,0,2,1,0,0,0,1,0,0,8,0,9,21,5,22,293,120,77,8,1,2,294,10,435,5,4,5,33,10,284,12,1,3,897,3,21,372,4,0,0,24,68,43,12,7,21,4,99,7,90,135,27,10,9,126,162,54,15,27,383,91,725,55,268,46,4675,285,265,253,52,16110,3603,428,101,1731,4607,25,33,255,884,41,293,2666,241,6661,30,28,50,290,110
0,1,0,5,0,0,2,8,134,4,0,20,12,5,1,10,4,1,4,163,7,9,38,43,581,53,167,6,3,6,4,41,105,22,3,9,10,132,19,4,5,3,5,167,89,4,41,3,0,2,27,40,124,14,9,57,1534,701,246,1044,183,125,2631,2340,688,1446,387,298,155,5363,362,2824,184,5904,587,2343,625,157,705,1265,3603,26437,1917,1107,10098,681,46,80,1530,2362,48,21,2002,58,3351,27,105,76,920,372
3,7,53,6,5,6,10,1,7,28,1,1,0,9,0,30,3,0,9,0,10,10,3,16,13,10,17,2,5,9,15,8,4,10,45,34,13,16,136,15,17,3,46,29,7,0,15,12,0,8,900,1880,742,451,62,429,194,308,42,58,385,45,274,572,6215,6763,484,80,98,127,372,1435,24,113,316,838,66,252,11939,103,428,1917,32303,1373,1938,460,66,368,3517,574,346,58,363,376,761,175,413,6514,11357,2418
0,9,4,22,5,5,10,2,20,63,2,3,3,11,5,33,6,0,13,5,24,33,0,6,14,2,6,2,13,23,35,4,3,3,67,43,29,4,218,3,35,10,46,10,1,1,1,20,2,12,44,37,772,9,26,60,454,1950,620,462,662,76,415,826,1364,7811,8833,576,313,651,483,598,16,240,3732,257,15,25,466,11908,101,1107,1373,17672,728,68,50,611,5203,403,537,4,145,20,172,151,244,266,1141,407
0,1,1,8,0,1,2,5,53,7,2,12,3,2,1,3,0,0,4,94,3,21,73,32,531,94,303,6,7,6,4,50,81,27,5,12,8,195,21,4,8,4,6,273,129,0,57,2,1,0,31,36,85,15,4,30,741,314,142,223,80,21,48,247,1030,1246,191,21,71,8306,83,727,46,2585,216,3501,272,84,929,258,1731,10098,1938,728,8426,306,33,33,688,4521,13,8,1025,37,549,16,199,61,442,140
1,2,12,0,2,0,1,1,4,6,0,4,1,0,0,3,1,0,1,8,1,13,18,3,24,187,108,589,15,5,4,262,5,1688,3,2,10,26,16,1504,27,3,5,957,5,88,1016,6,1,0,141,210,74,57,10,44,9,100,12,81,106,32,18,6,119,155,57,13,16,250,85,807,40,167,42,7464,265,5298,1064,29,4607,681,460,68,306,22405,38,39,177,631,59,1363,2598,3837,2354,26,29,176,251,71
1,5,1,5,1,2,6,30,201,65,13,21,12,8,1,36,24,9,61,12,64,19,2,104,24,13,11,2,6,10,16,2,9,10,53,126,435,6,343,6,26,11,62,18,4,1,8,20,1,13,10,24,37,14,116,35,53,375,220,2461,568,166,46,43,21,22,234,238,729,102,301,190,5292,1128,155,82,1621,409,82,212,25,46,66,50,33,38,5969,2632,136,52,7361,676,838,7,48,2334,46,48,165,51
8,89,58,152,22,26,86,13,106,178,14,20,8,82,47,166,24,3,94,15,111,86,3,92,35,12,16,3,30,60,105,7,15,8,261,206,204,8,758,3,66,54,300,32,4,6,5,171,5,57,309,428,1703,471,2197,2504,11,49,111,403,1385,126,57,16,467,315,7471,49,1716,36,505,410,3075,646,315,66,440,61,410,358,33,80,368,611,33,39,2632,8283,520,65,6996,119,476,29,85,3427,439,333,831,224
2,2,4,5,1,1,5,1,16,62,3,5,2,12,0,41,7,0,14,5,21,42,2,21,12,5,9,2,9,25,13,4,4,2,50,72,53,3,229,0,19,10,39,16,1,0,3,13,0,6,15,23,71,8,13,26,153,343,70,74,411,58,718,552,1056,8005,664,293,175,127,2309,615,31,76,6321,442,22,67,469,1043,255,1530,3517,5203,688,177,136,520,30474,403,557,5,136,29,395,104,113,116,3285,9080
0,4,2,6,1,1,0,7,46,9,4,6,3,7,3,8,2,0,3,52,10,25,132,45,429,304,632,16,6,11,5,230,87,70,6,14,13,453,33,7,8,2,5,871,139,15,176,9,2,2,26,43,146,16,10,41,60,145,85,348,47,40,37,27,477,465,184,19,113,5648,36,2519,102,1033,76,7311,503,111,433,74,884,2362,574,403,4521,631,52,65,403,18284,56,46,8397,62,1003,49,154,43,144,38
9,43,18,88,21,16,86,3,56,235,12,16,9,84,11,173,13,2,42,13,90,128,6,47,15,7,20,3,34,80,126,16,9,14,301,142,283,11,932,8,97,74,273,39,6,2,17,136,11,58,77,116,181,832,1268,917,6,19,85,383,1644,197,28,12,196,145,1327,27,484,15,394,472,1935,1015,258,111,1377,215,331,254,41,48,346,537,13,59,7361,6996,557,56,17563,392,1234,22,93,8859,335,325,834,243
0,0,4,2,0,0,1,1,9,2,0,1,0,2,0,2,1,0,0,2,0,14,10,2,21,200,87,459,14,6,0,212,8,855,3,1,13,8,5,894,17,3,4,980,1,42,558,1,0,1,28,43,6,14,24,17,1,12,3,105,12,3,1,3,5,11,13,4,27,3,4,202,214,435,1,146,4427,15911,246,1,293,21,58,4,8,1363,676,119,5,46,392,22840,7445,693,302,199,7,33,17,1
3,9,14,19,3,2,9,4,78,16,11,19,11,7,6,14,4,0,5,63,7,73,246,48,511,1971,1112,185,27,21,12,1420,111,1082,10,18,37,648,65,684,52,19,17,4959,154,73,958,12,3,6,121,263,174,59,98,109,42,71,48,1033,111,69,68,18,158,178,248,21,254,1108,49,5452,1090,3936,24,8805,11655,1601,381,30,2666,2002,363,145,1025,2598,838,476,136,8397,1234,7445,41824,378,2087,660,63,144,151,19
0,0,8,0,0,1,1,0,1,3,1,0,0,0,0,0,0,0,0,0,1,3,2,1,5,8,12,93,3,2,2,7,1,95,2,1,1,2,4,105,1,0,1,54,2,6,44,2,0,3,154,174,62,59,8,41,6,122,14,73,152,102,12,5,55,67,38,3,6,50,44,2325,12,43,7,112,56,7811,1249,5,241,58,376,20,37,3837,7,29,29,62,22,693,378,11384,7708,16,18,269,122,20
0,0,14,1,0,3,1,7,15,8,0,2,0,3,1,2,1,1,2,6,0,8,24,13,34,205,131,54,2,5,1,175,13,350,6,4,11,66,19,200,12,1,5,581,11,17,250,3,0,0,143,291,116,71,16,88,35,445,46,331,687,229,88,29,159,285,157,31,59,526,362,9243,80,532,83,646,443,383,932,110,6661,3351,761,172,549,2354,48,85,395,1003,93,302,2087,7708,13030,59,44,238,624,188
26,213,145,268,47,84,180,1,32,130,2,3,3,84,48,157,2,2,6,3,40,56,3,10,7,16,10,3,33,71,76,9,10,6,332,34,212,10,569,6,77,44,160,21,9,2,10,373,16,38,382,664,304,1274,7169,1346,0,6,1,204,439,27,6,2,258,91,559,4,35,9,61,220,417,457,35,55,638,144,305,22,30,27,175,151,16,26,2334,3427,104,49,8859,199,660,16,59,7483,918,153,349,61
4,33,69,37,4,30,22,1,3,16,0,0,0,13,10,10,1,0,0,2,4,6,0,1,3,4,1,0,3,5,4,0,2,1,42,3,7,1,63,0,3,1,15,3,0,0,0,36,1,5,11588,1840,1703,1257,1512,916,26,184,24,44,84,5,11,35,5807,1335,453,24,13,64,26,96,16,41,19,93,20,40,9462,42,28,105,413,244,199,29,46,439,113,154,335,7,63,18,44,918,13573,51,69,10
2,2,25,8,0,8,4,1,3,23,3,1,0,5,4,22,0,0,13,2,16,10,0,5,1,1,3,1,4,8,15,2,0,6,43,21,29,1,99,7,15,8,39,12,0,1,9,22,0,8,370,1539,609,297,61,470,2,23,18,21,11867,66,14,17,350,786,531,5,70,14,56,2943,21,19,24,71,16,107,7607,30,50,76,6514,266,61,176,48,333,116,43,325,33,144,269,238,153,51,29342,3126,86
3,8,12,24,4,2,12,3,24,56,7,4,3,17,3,58,7,0,36,2,37,18,1,33,9,2,12,3,4,33,59,6,1,6,81,78,63,4,274,1,21,19,111,16,3,0,1,32,2,32,165,1361,1057,226,93,659,31,90,47,99,10925,194,273,157,911,5237,1459,47,319,74,1260,985,83,85,210,301,42,224,1036,153,290,920,11357,1141,442,251,165,831,3285,144,834,17,151,122,624,349,69,3126,27123,7740
0,0,0,1,0,1,3,0,2,24,3,2,2,2,1,14,0,1,13,1,13,7,0,6,2,2,2,0,1,7,7,1,0,1,10,26,36,1,87,1,7,6,17,3,5,0,0,3,0,4,16,44,47,8,7,20,15,12,12,18,1164,18,84,55,137,3000,182,23,56,11,1433,208,11,24,516,75,10,40,287,34,110,372,2418,407,140,71,51,224,9080,38,243,1,19,20,188,61,10,86,7740,7037
