14351,6374,7244,1092,11949,796,647,2,3,29,4,2,1,12676,1837,50,0,0,2,4,3,124,6,0,3,11,4,37,896,599,2,7,3,4,24,9,18,2,12,4,534,102,17,6,13,32,6,27,2568,9,4,7,2,17,5,12,0,0,1,0,9,0,0,0,13,2,15,1,3,1,0,2,0,0,4,0,0,0,4,3,0,0,6,3,0,0,7,32,1,2,17,1,1,0,0,6,6,4,3,4
6374,53096,11372,20990,506,1316,4437,4,4,260,7,5,7,7629,11251,459,3,1,27,14,14,353,5,4,20,54,8,22,302,519,12,32,15,11,136,60,87,25,57,6,951,425,117,15,55,28,17,146,309,43,30,33,16,183,19,64,1,0,2,4,27,1,0,0,100,31,90,1,13,2,0,6,2,6,10,0,3,0,29,6,0,3,34,17,1,0,12,126,27,3,81,0,1,1,0,44,77,15,27,15
7244,11372,20910,6910,9011,6255,4056,1,2,64,0,1,2,1731,581,48,2,0,6,0,5,250,8,1,5,9,3,34,468,539,5,7,7,7,28,14,34,3,21,2,734,200,41,3,8,36,9,87,646,16,15,12,9,81,6,34,0,0,0,0,5,0,1,0,36,9,37,0,4,2,0,1,2,1,5,0,1,0,11,7,0,0,7,5,1,0,5,51,7,1,41,0,0,0,0,22,16,8,7,8
1092,20990,6910,46259,598,1953,20886,32,58,663,23,25,38,6902,15844,8888,11,4,165,133,43,407,30,44,152,352,43,26,366,522,143,185,76,98,913,656,390,169,379,11,892,562,1812,84,381,28,64,793,603,115,74,69,55,823,41,148,5,4,10,13,47,4,1,2,222,62,192,1,59,7,5,26,8,19,17,5,9,2,58,14,2,8,71,49,7,2,37,298,38,6,198,2,13,0,1,110,124,30,70,32
11949,506,9011,598,19823,19177,845,0,1,33,0,0,3,2892,365,50,0,0,1,3,5,42,4,0,14,10,12,21,399,220,3,6,0,5,38,13,31,2,40,4,186,34,14,8,4,9,6,237,3889,9,10,13,3,38,12,25,0,0,0,0,4,0,0,0,26,7,16,0,3,0,1,1,2,1,2,0,0,0,4,4,1,1,9,3,1,0,4,36,5,1,20,0,1,0,2,35,12,3,13,5
796,1316,6255,1953,19177,26753,18394,3,20,54,6,2,1,831,617,151,0,0,5,6,1,55,10,11,57,27,88,19,210,96,17,25,9,24,470,35,216,22,437,49,134,33,69,56,11,16,16,4990,2992,11,56,53,24,119,49,113,2,1,2,1,11,0,1,1,94,21,74,3,16,2,2,10,2,2,13,0,2,1,22,9,0,1,36,13,2,0,14,149,14,0,74,1,2,2,2,127,53,16,26,17
647,4437,4056,20886,845,18394,21182,5,33,293,13,6,11,1393,1521,3022,3,1,60,25,28,191,10,42,75,98,52,10,101,211,21,49,24,29,2045,385,293,36,538,7,386,207,143,46,73,15,24,3610,323,41,138,121,109,451,80,262,3,4,6,6,55,2,1,1,364,81,266,2,42,9,5,30,10,16,17,4,4,4,96,21,2,3,110,49,7,0,33,450,41,10,313,2,12,2,6,208,215,38,83,32
2,4,1,32,0,3,5,35376,7609,89,374,358,7706,385,439,678,4508,3817,2768,6982,653,1374,105,87,505,94,73,3,31,125,1829,115,948,19,16,67,518,123,19,2,36,55,1394,53,956,30,60,2,8,97,2,1,1,0,1,0,46,63,29,231,16,10,5,12,2,3,6,8,50,134,7,14,26,282,5,7,4,0,0,6,2,26,3,2,16,1,120,12,3,5,3,1,11,0,4,0,1,0,7,8
3,4,2,58,1,20,33,7609,61891,135,302,330,604,59,82,483,242,35,10503,4740,266,1046,172,10204,10532,382,2936,16,19,27,202,217,450,128,133,1452,8613,392,891,66,25,40,303,451,390,56,139,124,19,22,2,1,5,0,2,1,301,517,71,1674,31,30,43,140,12,18,29,42,149,767,25,43,152,1737,31,38,35,1,2,14,15,138,9,4,102,7,672,70,6,54,9,5,79,0,13,4,0,5,18,9
29,260,64,663,33,54,293,89,135,30881,2817,1639,208,594,595,1325,209,10,1078,108,3004,5733,780,57,115,128,96,195,190,366,299,295,370,94,351,826,553,82,589,34,10458,7527,1886,182,134,606,512,353,75,2337,8,1,8,4,2,13,6,15,41,51,74,10,3,5,19,31,67,8,158,11,16,19,30,12,46,4,7,0,15,32,4,11,23,20,10,2,36,146,53,3,58,3,18,1,3,10,12,25,63,36
4,7,0,23,0,6,13,374,302,2817,3811,8296,705,38,46,278,592,19,615,171,1795,4209,1685,31,148,36,53,74,25,39,116,57,502,22,34,128,59,42,51,8,129,118,185,96,57,524,252,25,3,64,0,2,1,1,0,2,5,2,6,15,7,1,1,1,1,2,8,0,11,8,3,1,8,17,4,5,7,1,2,3,2,14,8,1,5,0,6,15,3,5,3,1,8,0,1,0,0,2,3,2
2,5,1,25,0,2,6,358,330,1639,8296,16982,7388,105,54,99,3411,61,303,570,7250,3552,5524,80,1327,73,234,60,42,129,346,225,5106,51,11,82,133,110,45,8,94,256,632,264,239,520,613,13,1,215,0,0,0,0,1,1,14,6,5,32,8,1,3,4,0,1,6,2,24,31,1,9,12,134,7,9,16,0,1,1,5,26,1,4,46,2,13,18,1,20,0,1,38,0,3,0,0,1,0,2
1,7,2,38,3,1,11,7706,604,208,705,7388,17621,640,446,314,4906,402,532,3099,2579,676,305,55,760,55,159,8,53,354,1310,236,5320,28,10,47,189,38,19,1,84,229,1580,72,465,57,148,3,12,362,0,0,1,1,0,0,14,25,7,64,9,2,11,8,1,4,3,5,23,84,2,8,10,239,4,4,14,0,0,0,3,23,1,1,20,0,37,7,2,13,2,0,14,0,1,0,1,0,0,2
12676,7629,1731,6902,2892,831,1393,385,59,594,38,105,640,66965,20798,1424,66,34,400,527,170,410,119,25,175,750,65,155,9446,20917,404,969,717,236,482,620,942,265,580,28,2122,1033,5406,139,2009,145,356,356,11132,2153,65,63,71,55,26,97,4,9,27,22,218,7,4,6,201,139,409,12,217,20,27,87,22,39,140,11,15,0,94,111,5,24,192,116,24,4,125,678,224,20,333,4,34,4,10,69,102,77,264,176
1837,11251,581,15844,365,617,1521,439,82,595,46,54,446,20798,21309,1701,80,49,486,540,181,381,61,25,146,433,44,38,614,1749,605,484,464,137,338,503,307,240,244,8,908,1323,16463,102,1354,61,166,280,513,4324,29,29,27,43,20,61,8,5,11,18,51,0,2,1,106,46,128,5,54,16,5,19,11,20,29,3,7,4,31,24,1,10,62,31,12,1,42,205,43,11,110,1,10,2,2,30,45,29,59,51
50,459,48,8888,50,151,3022,678,483,1325,278,99,314,1424,1701,35424,529,1705,8899,669,458,411,46,95,381,314,70,21,109,359,14788,193,219,101,4564,5475,553,281,696,17,384,354,11438,140,456,28,69,663,129,154,26,20,36,19,10,49,10,26,52,68,119,11,5,9,87,56,161,10,186,28,28,36,32,51,70,8,9,1,36,56,3,18,85,40,18,4,59,278,46,7,141,1,16,0,7,42,46,29,121,71
0,3,2,11,0,0,3,4508,242,209,592,3411,4906,66,80,529,4734,2244,1005,115,3846,450,211,31,78,17,23,10,7,57,2758,98,1109,9,7,36,148,13,13,3,24,82,969,35,113,44,108,2,2,100,0,0,0,0,0,0,2,7,13,22,10,4,1,0,1,1,6,5,24,5,1,3,7,14,6,3,1,0,0,3,1,4,2,0,2,1,30,11,1,1,2,0,4,0,0,0,0,0,2,1
0,1,0,4,0,0,1,3817,35,10,19,61,402,34,49,1705,2244,2100,2133,75,481,65,5,11,16,5,2,0,0,14,3240,32,153,2,3,10,27,5,6,0,4,11,505,1,68,2,9,0,1,13,0,0,0,0,0,0,0,4,4,8,4,2,1,1,0,0,3,1,8,1,3,1,4,1,4,1,0,0,1,1,0,2,1,0,1,0,3,2,0,0,0,0,2,0,0,0,0,1,0,4
2,27,6,165,1,5,60,2768,10503,1078,615,303,532,400,486,8899,1005,2133,16179,2033,912,730,126,1714,2088,408,325,32,37,211,4121,215,426,139,223,6173,1526,486,298,37,185,290,2387,399,477,43,114,31,13,160,2,7,13,2,3,17,48,118,175,390,218,44,25,27,25,23,89,44,464,79,101,68,134,159,103,12,18,1,6,50,7,44,52,18,33,1,187,298,26,23,64,7,35,1,8,12,9,21,103,65
4,14,0,133,3,6,25,6982,4740,108,171,570,3099,527,540,669,115,75,2033,25940,155,504,342,160,6972,886,684,16,50,145,839,405,2765,185,52,267,253,3763,60,11,60,101,1294,657,6076,50,214,23,14,113,0,1,7,0,0,1,146,73,9,296,18,6,56,65,17,7,15,7,56,395,14,68,50,1492,12,41,109,0,5,4,20,296,9,5,343,13,46,39,3,137,8,8,252,1,20,2,4,4,11,5
3,14,5,43,5,1,28,653,266,3004,1795,7250,2579,170,181,458,3846,481,912,155,22443,1060,882,126,193,80,76,93,23,321,2237,538,1669,64,61,302,415,48,102,13,413,1795,7136,123,346,315,595,18,7,2582,1,1,5,0,0,2,9,22,43,92,51,5,2,5,6,5,21,19,128,12,15,9,42,21,23,6,5,0,4,11,1,11,11,5,11,1,40,64,3,4,12,1,15,0,1,0,4,6,29,12
124,353,250,407,42,55,191,1374,1046,5733,4209,3552,676,410,381,411,450,65,730,504,1060,22149,7859,68,905,300,457,896,3250,497,178,373,701,216,72,202,140,176,157,85,13992,1127,547,827,251,6551,1065,73,40,241,2,0,4,5,1,5,8,8,6,18,19,4,6,2,3,5,23,4,23,15,3,12,10,65,14,25,28,2,5,6,7,11,9,4,24,5,19,41,13,32,16,15,49,1,7,0,3,6,16,15
6,5,8,30,4,10,10,105,172,780,1685,5524,305,119,61,46,211,5,126,342,882,7859,13458,78,1291,359,752,324,359,218,86,466,3733,239,17,77,67,421,129,63,632,336,308,1165,369,5668,5709,45,7,198,0,1,1,0,0,0,3,4,3,3,7,3,5,3,2,3,2,0,7,7,4,15,4,113,2,57,79,2,0,1,17,38,0,0,65,24,5,13,0,77,7,15,91,0,10,2,0,0,4,1
0,4,1,44,0,11,42,87,10204,57,31,80,55,25,25,95,31,11,1714,160,126,68,78,5820,2683,242,1359,41,7,47,35,163,85,111,211,5523,2921,77,4083,154,32,51,95,392,72,19,86,85,12,32,0,2,3,1,0,1,18,15,25,89,31,6,5,9,7,3,12,2,77,50,13,12,29,135,16,19,30,0,1,12,8,15,2,3,23,6,55,36,4,18,9,4,27,0,6,2,1,4,8,8
3,20,5,152,14,57,75,505,10532,115,148,1327,760,175,146,381,78,16,2088,6972,193,905,1291,2683,13712,1364,8948,64,40,102,137,960,3736,457,209,1122,991,1555,870,155,65,102,436,3613,1875,141,592,250,64,100,6,1,7,0,1,7,213,71,8,352,24,22,148,67,34,29,27,8,70,682,9,218,79,3299,14,223,541,6,11,8,52,679,16,4,865,33,60,58,10,488,19,23,790,1,61,7,2,2,20,13
11,54,9,352,10,27,98,94,382,128,36,73,55,750,433,314,17,5,408,886,80,300,359,242,1364,31880,2255,164,86,174,198,11283,579,8435,103,337,112,9372,455,196,99,78,729,12424,5631,175,1905,186,61,66,0,1,3,1,2,0,5,8,2,9,20,3,10,6,9,8,8,1,12,13,7,101,11,144,5,749,344,21,4,4,198,88,10,2,78,123,7,13,0,157,11,218,1034,10,141,6,2,0,14,4
4,8,3,43,12,88,52,73,2936,96,53,234,159,65,44,70,23,2,325,684,76,457,752,1359,8948,2255,16793,1763,45,57,41,1588,760,1714,162,898,1922,623,3373,11957,63,50,135,9883,700,246,986,845,134,41,3,1,3,0,0,6,28,8,4,72,24,18,26,19,7,12,8,4,16,86,5,163,26,454,6,772,680,32,3,8,191,182,11,3,156,150,10,25,5,288,14,315,1149,8,150,15,4,3,19,9
37,22,34,26,21,19,10,3,16,195,74,60,8,155,38,21,10,0,32,16,93,896,324,41,64,164,1763,48459,1356,395,6,460,41,8133,19,71,505,19,593,12200,1023,115,55,950,65,16797,3756,203,37,42,0,0,0,0,1,2,0,0,0,1,2,0,2,1,0,0,1,0,3,1,0,40,1,14,0,90,96,66,4,1,93,4,5,1,3,251,8,5,5,12,9,624,298,5,51,5,0,2,2,1
896,302,468,366,399,210,101,31,19,190,25,42,53,9446,614,109,7,0,37,50,23,3250,359,7,40,86,45,1356,75516,11394,31,138,78,84,62,70,133,28,94,64,17253,356,280,110,131,2360,210,60,8820,52,5,5,8,4,1,16,1,1,10,6,34,0,1,0,21,21,53,2,31,3,4,9,1,5,14,2,2,0,7,19,2,2,19,14,2,2,14,80,23,3,35,4,2,1,0,7,9,11,38,18
599,519,539,522,220,96,211,125,27,366,39,129,354,20917,1749,359,57,14,211,145,321,497,218,47,102,174,57,395,11394,49032,210,591,524,93,153,380,744,47,346,24,15551,5827,2480,97,640,460,351,87,631,1626,5,5,13,11,4,20,5,8,27,16,110,7,4,5,25,36,188,6,201,11,15,47,14,19,100,5,4,1,27,97,5,9,47,48,10,2,57,315,76,4,86,2,13,1,4,16,19,34,125,72
2,12,5,143,3,17,21,1829,202,299,116,346,1310,404,605,14788,2758,3240,4121,839,2237,178,86,35,137,198,41,6,31,210,12868,313,815,47,525,1027,229,146,198,6,123,176,9766,60,1003,17,117,83,21,168,2,2,8,0,1,7,7,13,22,44,55,6,3,4,17,11,48,4,77,21,11,12,15,38,29,5,7,0,5,32,1,13,19,15,14,0,27,91,13,10,28,1,11,0,2,6,7,5,39,16
7,32,7,185,6,25,49,115,217,295,57,225,236,969,484,193,98,32,215,405,538,373,466,163,960,11283,1588,460,138,591,313,22602,5372,8714,64,212,104,1325,328,467,239,455,1290,5316,5216,706,10803,116,47,510,0,0,2,1,0,0,8,3,3,11,5,3,4,0,7,7,2,1,7,19,1,58,7,94,1,334,164,21,1,1,117,42,3,0,57,122,10,12,1,83,2,141,512,7,73,0,0,2,5,5
3,15,7,76,0,9,24,948,450,370,502,5106,5320,717,464,219,1109,153,426,2765,1669,701,3733,85,3736,579,760,41,78,524,815,5372,18596,211,37,140,130,481,105,31,177,524,1756,1039,7893,237,2689,37,20,594,0,0,0,0,0,0,22,12,2,43,5,3,22,19,2,4,6,1,33,124,1,39,14,512,4,46,82,4,0,6,18,129,4,2,150,7,13,19,5,77,4,8,150,0,12,0,2,2,5,3
4,11,7,98,5,24,29,19,128,94,22,51,28,236,137,101,9,2,139,185,64,216,239,111,457,8435,1714,8133,84,93,47,8714,211,45207,53,175,158,833,465,9880,152,67,225,10431,679,2384,12835,162,36,41,2,0,0,0,2,0,1,0,0,5,10,2,3,2,3,4,1,0,1,2,1,95,1,41,2,295,179,90,4,0,241,28,4,1,19,726,5,8,2,34,9,1053,785,20,188,5,0,3,6,2
24,136,28,913,38,470,2045,16,133,351,34,11,10,482,338,4564,7,3,223,52,61,72,17,211,209,103,162,19,62,153,525,64,37,53,5449,4131,752,48,6493,33,109,116,1263,118,42,4,28,3621,126,38,35,21,40,25,8,58,3,9,14,19,54,2,4,4,91,35,130,9,97,7,14,34,12,19,40,5,4,0,29,22,1,9,57,32,7,0,43,220,27,7,121,1,6,1,4,43,55,29,71,31
9,60,14,656,13,35,385,67,1452,826,128,82,47,620,503,5475,36,10,6173,267,302,202,77,5523,1122,337,898,71,70,380,1027,212,140,175,4131,19621,3005,218,10760,206,232,349,2221,477,123,36,110,397,42,182,9,4,20,4,9,26,25,30,104,124,196,16,14,9,35,38,160,21,380,31,63,45,73,76,132,21,15,3,28,107,8,32,62,34,22,3,111,363,58,16,81,6,25,1,10,15,23,40,141,93
18,87,34,390,31,216,293,518,8613,553,59,133,189,942,307,553,148,27,1526,253,415,140,67,2921,991,112,1922,505,133,744,229,104,130,158,752,3005,3452,41,10945,831,302,362,1091,232,69,78,82,2619,226,245,6,8,10,4,0,7,34,108,55,445,95,10,13,21,20,40,50,22,134,64,38,29,46,137,86,6,12,1,8,55,4,20,40,32,12,7,209,205,60,4,56,15,19,4,5,12,11,27,74,77
2,25,3,169,2,22,36,123,392,82,42,110,38,265,240,281,13,5,486,3763,48,176,421,77,1555,9372,623,19,28,47,146,1325,481,833,48,218,41,15072,190,33,39,41,429,8343,4980,49,443,73,25,22,0,0,4,0,0,2,5,5,0,14,19,3,8,0,10,11,8,3,18,12,5,65,22,216,4,267,326,9,2,1,48,126,4,1,171,39,10,12,1,259,9,40,440,2,59,3,3,1,6,6
12,57,21,379,40,437,538,19,891,589,51,45,19,580,244,696,13,6,298,60,102,157,129,4083,870,455,3373,593,94,346,198,328,105,465,6493,10760,10945,190,38869,1483,187,214,783,1049,89,83,244,7149,235,107,34,22,30,23,11,47,8,20,31,62,186,16,7,8,110,78,223,17,249,28,28,57,37,47,107,14,16,4,35,93,6,17,85,58,19,14,105,366,78,27,114,20,33,4,11,22,51,32,140,66
4,6,2,11,4,49,7,2,66,34,8,8,1,28,8,17,3,0,37,11,13,85,63,154,155,196,11957,12200,64,24,6,467,31,9880,33,206,831,33,1483,32210,71,21,33,8492,35,1779,1756,453,48,11,0,2,0,1,0,1,0,2,0,6,10,1,6,0,4,4,2,1,3,5,5,138,7,30,4,486,470,209,15,1,482,23,21,1,17,1181,14,8,2,38,26,2418,1453,47,287,12,1,6,9,2
534,951,734,892,186,134,386,36,25,10458,129,94,84,2122,908,384,24,4,185,60,413,13992,632,32,65,99,63,1023,17253,15551,123,239,177,152,109,232,302,39,187,71,67140,9101,969,152,179,2273,445,69,151,668,7,4,7,9,1,7,5,4,13,12,59,5,4,1,18,17,51,5,64,12,7,10,13,5,27,9,2,2,9,33,6,4,17,14,3,5,24,113,20,4,36,6,22,0,2,4,6,11,51,24
102,425,200,562,34,33,207,55,40,7527,118,256,229,1033,1323,354,82,11,290,101,1795,1127,336,51,102,78,50,115,356,5827,176,455,524,67,116,349,362,41,214,21,9101,23025,4702,96,279,235,437,62,47,10930,0,0,5,9,2,5,4,6,30,24,48,7,3,3,11,11,41,4,100,4,14,16,26,6,39,5,5,0,4,27,2,6,22,9,7,1,21,99,18,4,31,3,6,0,4,7,4,10,38,17
17,117,41,1812,14,69,143,1394,303,1886,185,632,1580,5406,16463,11438,969,505,2387,1294,7136,547,308,95,436,729,135,55,280,2480,9766,1290,1756,225,1263,2221,1091,429,783,33,969,4702,41281,231,2672,92,562,467,109,13277,12,12,21,7,8,16,11,24,64,70,160,9,9,4,60,59,158,10,275,43,33,49,41,65,95,7,13,1,20,86,4,21,68,29,27,3,74,323,60,23,116,6,27,0,8,14,28,41,125,79
6,15,3,84,8,56,46,53,451,182,96,264,72,139,102,140,35,1,399,657,123,827,1165,392,3613,12424,9883,950,110,97,60,5316,1039,10431,118,477,232,8343,1049,8492,152,96,231,34053,1306,742,3696,408,77,71,4,5,2,2,2,2,5,6,1,29,22,4,19,3,11,11,8,2,10,37,5,186,22,290,12,927,635,63,10,5,424,114,10,2,160,408,10,16,3,213,27,626,1563,17,229,7,2,8,14,7
13,55,8,381,4,11,73,956,390,134,57,239,465,2009,1354,456,113,68,477,6076,346,251,369,72,1875,5631,700,65,131,640,1003,5216,7893,679,42,123,69,4980,89,35,179,279,2672,1306,13241,64,874,49,66,407,3,1,4,1,1,3,28,8,3,32,23,7,29,9,9,15,18,1,32,88,5,80,32,737,10,138,280,7,2,1,35,218,13,3,386,24,9,30,2,246,10,17,369,1,35,8,1,3,12,7
32,28,36,28,9,16,15,30,56,606,524,520,57,145,61,28,44,2,43,50,315,6551,5668,19,141,175,246,16797,2360,460,17,706,237,2384,4,36,78,49,83,1779,2273,235,92,742,64,17133,9634,40,11,81,0,0,0,0,0,0,1,1,1,1,2,1,0,1,2,2,2,0,1,0,0,13,3,14,0,35,14,15,1,0,34,2,0,0,8,93,1,6,1,8,3,125,104,3,25,0,0,1,3,1
6,17,9,64,6,16,24,60,139,512,252,613,148,356,166,69,108,9,114,214,595,1065,5709,86,592,1905,986,3756,210,351,117,10803,2689,12835,28,110,82,443,244,1756,445,437,562,3696,874,9634,20201,94,21,330,0,1,1,0,1,0,1,0,0,13,4,1,6,1,2,6,2,1,6,12,0,53,5,66,1,208,111,28,5,0,124,18,3,1,39,335,4,5,2,43,8,456,479,16,92,2,1,2,3,2
27,146,87,793,237,4990,3610,2,124,353,25,13,3,356,280,663,2,0,31,23,18,73,45,85,250,186,845,203,60,87,83,116,37,162,3621,397,2619,73,7149,453,69,62,467,408,49,40,94,10700,724,21,42,50,34,44,42,105,1,5,5,7,29,5,1,0,124,27,101,1,33,5,2,21,8,12,10,11,9,4,29,14,5,3,40,11,6,5,23,182,14,5,123,10,16,1,3,144,82,24,37,15
2568,309,646,603,3889,2992,323,8,19,75,3,1,12,11132,513,129,2,1,13,14,7,40,7,12,64,61,134,37,8820,631,21,47,20,36,126,42,226,25,235,48,151,47,109,77,66,11,21,724,18550,17,17,20,5,13,13,29,2,0,0,2,13,0,1,0,24,10,34,1,14,0,1,8,2,2,5,1,2,0,8,8,0,1,16,7,2,0,8,56,17,3,33,1,4,0,2,37,19,10,26,16
9,43,16,115,9,11,41,97,22,2337,64,215,362,2153,4324,154,100,13,160,113,2582,241,198,32,100,66,41,42,52,1626,168,510,594,41,38,182,245,22,107,11,668,10930,13277,71,407,81,330,21,17,13500,0,0,5,0,1,7,4,5,19,17,34,1,0,2,3,4,29,2,54,6,4,12,9,8,21,3,3,0,4,18,1,8,5,3,4,0,23,59,8,0,14,1,5,1,1,4,2,4,21,5
4,30,15,74,10,56,138,2,2,8,0,0,0,65,29,26,0,0,2,0,1,2,0,0,6,0,3,0,5,5,2,0,0,2,35,9,6,0,34,0,7,0,12,4,3,0,0,42,17,0,35864,14805,2386,18520,16296,5350,16,7,0,2,85,1,3,1,11887,109,219,4,13,32,8,188,9,22,9,42,7,24,1261,5,20,35,574,11,46,21,23,419,11,23,189,5,21,35,12,627,8718,273,265,32
7,33,12,69,13,53,121,1,1,1,2,0,0,63,29,20,0,0,7,1,1,0,1,2,1,1,1,0,5,5,2,0,0,0,21,4,8,0,22,2,4,0,12,5,1,0,1,50,20,0,14805,71466,8497,12270,4153,5297,8,3,1,7,302,4,8,5,10752,121,131,3,28,14,9,647,9,23,15,33,6,42,1105,6,23,28,1742,16,26,33,52,359,22,6,130,10,24,66,36,322,1845,1113,1091,49
2,16,9,55,3,24,109,1,5,8,1,0,1,71,27,36,0,0,13,7,5,4,1,3,7,3,3,0,8,13,8,2,0,0,40,20,10,4,30,0,7,5,21,2,4,0,1,34,5,5,2386,8497,28925,411,688,15646,60,47,39,22,403,23,16,24,17288,4943,3585,24,154,217,40,249,26,127,90,188,26,32,515,54,60,163,711,235,298,44,110,883,71,134,255,10,100,21,35,230,1675,400,1064,151
17,183,81,823,38,119,451,0,0,4,1,0,1,55,43,19,0,0,2,0,0,5,0,1,0,1,0,0,4,11,0,1,0,0,25,4,4,0,23,1,9,9,7,2,1,0,0,44,13,0,18520,12270,411,42196,22138,19918,3,3,1,3,138,6,1,3,1050,63,87,3,15,11,4,320,9,15,10,17,10,38,841,2,11,19,1006,11,17,18,22,341,14,10,127,6,28,56,19,2180,1444,521,466,32
5,19,6,41,12,49,80,1,2,2,0,1,0,26,20,10,0,0,3,0,0,1,0,0,1,2,0,1,1,4,1,0,0,2,8,9,0,0,11,0,1,2,8,2,1,0,1,42,13,1,16296,4153,688,22138,36819,10336,1,2,1,8,84,2,4,2,2118,79,156,2,16,13,11,78,13,87,18,25,198,29,349,2,11,24,191,21,28,15,143,1436,36,19,886,99,77,6,11,7758,5404,102,149,39
12,64,34,148,25,113,262,0,1,13,2,1,0,97,61,49,0,0,17,1,2,5,0,1,7,0,6,2,16,20,7,0,0,0,58,26,7,2,47,1,7,5,16,2,3,0,0,105,29,7,5350,5297,15646,19918,10336,32983,22,18,7,18,592,14,12,7,5920,337,2896,6,86,78,38,417,33,140,61,86,35,26,530,16,27,85,750,46,137,30,91,3603,70,92,588,20,96,37,24,1707,1511,729,1587,170
0,1,0,5,0,2,3,46,301,6,5,14,14,4,8,10,2,0,48,146,9,8,3,18,213,5,28,0,1,5,7,8,22,1,3,25,34,5,8,0,5,4,11,5,28,1,1,1,2,4,16,8,60,3,1,22,4943,6884,811,632,50,100,525,5708,596,953,498,842,439,2912,63,216,78,1207,161,57,69,5,57,390,40,2825,181,296,362,13,329,78,190,77,21,3,115,7,31,9,63,28,109,71
0,0,0,4,0,1,4,63,517,15,2,6,25,9,5,26,7,4,118,73,22,8,4,15,71,8,8,0,1,8,13,3,12,0,9,30,108,5,20,2,4,6,24,6,8,1,0,5,0,5,7,3,47,3,2,18,6884,27276,6862,6077,190,776,977,3689,426,866,983,7309,2180,5625,494,971,326,942,585,51,34,6,29,988,50,1215,101,404,432,14,1413,110,197,80,33,10,91,33,96,6,32,16,98,71
1,2,0,10,0,2,6,29,71,41,6,5,7,27,11,52,13,4,175,9,43,6,3,25,8,2,4,0,10,27,22,3,2,0,14,104,55,0,31,0,13,30,64,1,3,1,0,5,0,19,0,1,39,1,1,7,811,6862,6408,2535,335,626,270,666,130,386,1227,4232,2183,727,338,294,136,125,604,24,13,3,13,2046,31,400,33,320,160,11,440,121,107,29,42,11,32,7,43,5,17,19,92,57
0,4,0,13,0,1,6,231,1674,51,15,32,64,22,18,68,22,8,390,296,92,18,3,89,352,9,72,1,6,16,44,11,43,5,19,124,445,14,62,6,12,24,70,29,32,1,13,7,2,17,2,7,22,3,8,18,632,6077,2535,42573,348,675,458,896,67,97,266,941,7092,3354,560,1013,9415,11189,263,59,345,6,14,124,31,471,39,60,218,27,7130,431,55,159,129,72,251,21,79,23,17,28,103,66
9,27,5,47,4,11,55,16,31,74,7,8,9,218,51,119,10,4,218,18,51,19,7,31,24,20,24,2,34,110,55,5,5,10,54,196,95,19,186,10,59,48,160,22,23,2,4,29,13,34,85,302,403,138,84,592,50,190,335,348,36114,3256,1255,139,412,648,1387,368,1762,130,5293,3079,212,154,1362,159,144,60,376,136,179,308,659,196,166,115,1051,1440,441,85,845,62,311,163,438,215,103,14933,17268,6422
0,1,0,4,0,0,2,10,30,10,1,1,2,7,0,11,4,2,44,6,5,4,3,6,22,3,18,0,0,7,6,3,3,2,2,16,10,3,16,1,5,7,9,4,7,1,1,5,0,1,1,4,23,6,2,14,100,776,626,675,3256,6411,6343,334,36,123,184,1109,453,209,5280,7120,84,301,907,59,38,18,17,162,51,461,58,43,58,33,170,131,125,37,39,8,149,84,222,9,3,102,282,338
0,0,1,1,0,1,1,5,43,3,1,3,11,4,2,5,1,1,25,56,2,6,5,5,148,10,26,2,1,4,3,4,22,3,4,14,13,8,7,6,4,3,9,19,29,0,6,1,1,0,3,8,16,1,4,12,525,977,270,458,1255,6343,11985,6218,92,262,193,2829,354,490,6436,6080,80,1584,1553,109,152,18,14,498,91,4575,110,88,283,47,177,112,278,160,42,19,495,114,482,14,6,44,257,373
0,0,0,2,0,1,1,12,140,5,1,4,8,6,1,9,0,1,27,65,5,2,3,9,67,6,19,1,0,5,4,0,19,2,4,9,21,0,8,0,1,3,4,3,9,1,1,0,0,2,1,5,24,3,2,7,5708,3689,666,896,139,334,6218,11963,242,599,377,4865,425,728,1629,436,94,1145,561,26,48,4,13,589,39,3538,110,185,102,14,338,60,209,35,16,5,90,6,81,2,11,10,106,98
13,100,36,222,26,94,364,2,12,19,1,0,1,201,106,87,1,0,25,17,6,3,2,7,34,9,7,0,21,25,17,7,2,3,91,35,20,10,110,4,18,11,60,11,9,2,2,124,24,3,11887,10752,17288,1050,2118,5920,596,426,130,67,412,36,92,242,84971,20309,2511,155,291,539,100,400,28,202,283,985,41,132,8100,192,767,1622,23041,988,1759,310,251,1250,337,231,691,60,227,95,314,608,16832,495,1421,440
2,31,9,62,7,21,81,3,18,31,2,1,4,139,46,56,1,0,23,7,5,5,3,3,29,8,12,0,21,36,11,7,4,4,35,38,40,11,78,4,17,11,59,11,15,2,6,27,10,4,109,121,4943,63,79,337,953,866,386,97,648,123,262,599,20309,49504,7399,488,725,884,378,463,31,300,1238,676,66,88,552,959,705,2007,6320,7769,1649,279,257,768,8065,355,342,47,360,67,480,132,533,340,5480,6589
15,90,37,192,16,74,266,6,29,67,8,6,3,409,128,161,6,3,89,15,21,23,2,12,27,8,8,1,53,188,48,2,6,1,130,160,50,8,223,2,51,41,158,8,18,2,2,101,34,29,219,131,3585,87,156,2896,498,983,1227,266,1387,184,193,377,2511,7399,37456,820,5051,1052,333,506,129,420,1965,289,64,31,319,7827,131,649,848,6035,745,73,462,5974,1573,306,1048,32,247,21,116,730,474,416,1535,811
1,1,0,1,0,3,2,8,42,8,0,2,5,12,5,10,5,1,44,7,19,4,0,2,8,1,4,0,2,6,4,1,1,0,9,21,22,3,17,1,5,4,10,2,1,0,1,1,1,2,4,3,24,3,2,6,842,7309,4232,941,368,1109,2829,4865,155,488,820,4508,889,159,3567,465,100,204,2893,26,22,2,19,4571,30,967,82,247,49,16,321,91,240,17,24,6,48,14,98,5,17,18,137,171
3,13,4,59,3,16,42,50,149,158,11,24,23,217,54,186,24,8,464,56,128,23,7,77,70,12,16,3,31,201,77,7,33,1,97,380,134,18,249,3,64,100,275,10,32,1,6,33,14,54,13,28,154,15,16,86,439,2180,2183,7092,1762,453,354,425,291,725,5051,889,13803,2149,778,593,3151,2464,1600,155,223,18,99,2036,69,689,366,581,446,27,1268,3083,427,386,420,70,405,21,107,80,57,184,769,532
1,2,2,7,0,2,9,134,767,11,8,31,84,20,16,28,5,1,79,395,12,15,7,50,682,13,86,1,3,11,21,19,124,2,7,31,64,12,28,5,12,4,43,37,88,0,12,5,0,6,32,14,217,11,13,78,2912,5625,727,3354,130,209,490,728,539,884,1052,159,2149,19738,80,585,175,6131,156,294,102,18,47,254,109,2857,130,390,4932,52,384,245,162,2092,58,14,1203,16,98,25,82,31,161,78
0,0,0,5,1,2,5,7,25,16,3,1,2,27,5,28,1,3,101,14,15,3,4,13,9,7,5,0,4,15,11,1,1,1,14,63,38,5,28,5,7,14,33,5,5,0,0,2,1,4,8,9,40,4,11,38,63,494,338,560,5293,5280,6436,1629,100,378,333,3567,778,80,10833,1193,179,177,7428,52,56,26,39,1355,85,807,234,110,81,52,483,304,443,25,135,21,139,77,274,34,10,110,949,4091
2,6,1,26,1,10,30,14,43,19,1,9,8,87,19,36,3,1,68,68,9,12,15,12,218,101,163,40,9,47,12,58,39,95,34,45,29,65,57,138,10,16,49,186,80,13,53,21,8,12,188,647,249,320,78,417,216,971,294,1013,3079,7120,6080,436,400,463,506,465,593,585,1193,40748,161,1924,721,1178,996,947,3666,212,958,4570,1799,117,802,1391,341,514,358,773,319,538,3777,6365,9087,103,116,3457,1424,527
0,2,2,8,2,2,10,26,152,30,8,12,10,22,11,32,7,4,134,50,42,10,4,29,79,11,26,1,1,14,15,7,14,1,12,73,46,22,37,7,13,26,41,22,32,3,5,8,2,9,9,9,26,9,13,33,78,326,136,9415,212,84,80,94,28,31,129,100,3151,175,179,161,7639,4488,147,44,901,20,14,30,24,189,33,14,62,17,3184,2586,19,65,753,297,333,3,50,106,24,23,97,68
0,6,1,19,1,2,16,282,1737,12,17,134,239,39,20,51,14,1,159,1492,21,65,113,135,3299,144,454,14,5,19,38,94,512,41,19,76,137,216,47,30,5,6,65,290,737,14,66,12,2,8,22,23,127,15,87,140,1207,942,125,11189,154,301,1584,1145,202,300,420,204,2464,6131,177,1924,4488,22202,156,354,10691,80,61,69,234,4713,145,86,1002,128,2039,2098,77,595,1214,981,3040,37,413,394,83,45,172,109
4,10,5,17,2,13,17,5,31,46,4,7,4,140,29,70,6,4,103,12,23,14,2,16,14,5,6,0,14,100,29,1,4,2,40,132,86,4,107,4,27,39,95,12,10,0,1,10,5,21,9,15,90,10,18,61,161,585,604,263,1362,907,1553,561,283,1238,1965,2893,1600,156,7428,721,147,156,8920,92,75,29,67,6589,155,805,418,1803,152,80,628,753,5298,57,373,26,112,55,295,85,34,88,1149,3406
0,0,0,5,0,0,4,7,38,4,5,9,4,11,3,8,3,1,12,41,6,25,57,19,223,749,772,90,2,5,5,334,46,295,5,21,6,267,14,486,9,5,7,927,138,35,208,11,1,3,42,33,188,17,25,86,57,51,24,59,159,59,109,26,985,676,289,26,155,294,52,1178,44,354,92,21352,886,191,171,57,5487,1659,481,139,4845,8203,52,180,95,5707,137,442,9343,89,1078,103,199,77,279,134
0,3,1,9,0,2,4,4,35,7,7,16,14,15,7,9,1,0,18,109,5,28,79,30,541,344,680,96,2,4,7,164,82,179,4,15,12,326,16,470,2,5,13,635,280,14,111,9,2,3,7,6,26,10,198,35,69,34,13,345,144,38,152,48,41,66,64,22,223,102,56,996,901,10691,75,886,17609,1061,59,27,572,976,89,10,362,352,1410,857,48,411,2824,10585,8635,51,663,1199,124,34,122,79
0,0,0,2,0,1,4,0,1,0,1,0,0,0,4,1,0,0,1,0,0,2,2,0,6,21,32,66,0,1,0,21,4,90,0,3,1,9,4,209,2,0,1,63,7,15,28,4,0,0,24,42,32,38,29,26,5,6,3,6,60,18,18,4,132,88,31,2,18,18,26,947,20,80,29,191,1061,23129,2618,16,221,59,666,10,74,6123,281,49,34,73,235,15716,1350,16370,941,208,106,316,201,64
4,29,11,58,4,22,96,0,2,15,2,1,0,94,31,36,0,1,6,5,4,5,0,1,11,4,3,4,7,27,5,1,0,4,29,28,8,2,35,15,9,4,20,10,2,1,5,29,8,4,1261,1105,515,841,349,530,57,29,13,14,376,17,14,13,8100,552,319,19,99,47,39,3666,14,61,67,171,59,2618,124453,21,225,238,34778,94,205,582,159,352,145,36,317,212,172,3087,428,167,16072,11237,2027,156
3,6,7,14,4,9,21,6,14,32,3,1,0,111,24,56,3,1,50,4,11,6,1,12,8,4,8,1,19,97,32,1,6,0,22,107,55,1,93,1,33,27,86,5,1,0,0,14,8,18,5,6,54,2,2,16,390,988,2046,124,136,162,498,589,192,959,7827,4571,2036,254,1355,212,30,69,6589,57,27,16,21,10751,70,621,92,4003,175,26,239,284,651,46,136,10,49,5,110,26,26,22,123,166
0,0,0,2,1,0,2,2,15,4,2,5,3,5,1,3,1,0,7,20,1,7,17,8,52,198,191,93,2,5,1,117,18,241,1,8,4,48,6,482,6,2,4,424,35,34,124,5,0,1,20,23,60,11,11,27,40,50,31,31,179,51,91,39,767,705,131,30,69,109,85,958,24,234,155,5487,572,221,225,70,11439,4699,716,72,3587,8428,38,94,230,555,76,646,4407,178,5898,54,97,73,438,275
0,3,0,8,1,1,3,26,138,11,14,26,23,24,10,18,4,2,44,296,11,11,38,15,679,88,182,4,2,9,13,42,129,28,9,32,20,126,17,23,4,6,21,114,218,2,18,3,1,8,35,28,163,19,24,85,2825,1215,400,471,308,461,4575,3538,1622,2007,649,967,689,2857,807,4570,189,4713,805,1659,976,59,238,621,4699,28525,1075,405,12513,630,256,348,782,1780,133,45,3963,145,3499,62,177,87,713,578
6,34,7,71,9,36,110,3,9,23,8,1,1,192,62,85,2,1,52,9,11,9,0,2,16,10,11,5,19,47,19,3,4,4,57,62,40,4,85,21,17,22,68,10,13,0,3,40,16,5,574,1742,711,1006,191,750,181,101,33,39,659,58,110,110,23041,6320,848,82,366,130,234,1799,33,145,418,481,89,666,34778,92,716,1075,54174,453,715,516,459,721,1355,110,644,146,298,1000,674,164,2180,7538,25047,2189
3,17,5,49,3,13,49,2,4,20,1,4,1,116,31,40,0,0,18,5,5,4,0,3,4,2,3,1,14,48,15,0,2,1,32,34,32,1,58,1,14,9,29,2,3,0,1,11,7,3,11,16,235,11,21,46,296,404,320,60,196,43,88,185,988,7769,6035,247,581,390,110,117,14,86,1803,139,10,10,94,4003,72,405,453,11186,408,33,236,375,3836,110,269,10,68,14,63,68,69,90,489,438
0,1,1,7,1,2,7,16,102,10,5,46,20,24,12,18,2,1,33,343,11,24,65,23,865,78,156,3,2,10,14,57,150,19,7,22,12,171,19,17,3,7,27,160,386,8,39,6,2,4,46,26,298,17,28,137,362,432,160,218,166,58,283,102,1759,1649,745,49,446,4932,81,802,62,1002,152,4845,362,74,205,175,3587,12513,715,408,13436,710,94,199,234,3597,94,78,1731,22,635,46,275,79,388,152
0,0,0,2,0,0,0,1,7,2,0,2,0,4,1,4,1,0,1,13,1,5,24,6,33,123,150,251,2,2,0,122,7,726,0,3,7,39,14,1181,5,1,3,408,24,93,335,5,0,0,21,33,44,18,15,30,13,14,11,27,115,33,47,14,310,279,73,16,27,52,52,1391,17,128,80,8203,352,6123,582,26,8428,630,516,33,710,33505,37,45,101,467,77,5488,8588,4300,5877,53,69,175,244,157
7,12,5,37,4,14,33,120,672,36,6,13,37,125,42,59,30,3,187,46,40,19,5,55,60,7,10,8,14,57,27,10,13,5,43,111,209,10,105,14,24,21,74,10,9,1,4,23,8,23,23,52,110,22,143,91,329,1413,440,7130,1051,170,177,338,251,257,462,321,1268,384,483,341,3184,2039,628,52,1410,281,159,239,38,256,459,236,94,37,2683,3269,670,43,5018,845,209,22,64,1426,132,272,784,720
32,126,51,298,36,149,450,12,70,146,15,18,7,678,205,278,11,2,298,39,64,41,13,36,58,13,25,5,80,315,91,12,19,8,220,363,205,12,366,8,113,99,323,16,30,6,5,182,56,59,419,359,883,341,1436,3603,78,110,121,431,1440,131,112,60,1250,768,5974,91,3083,245,304,514,2586,2098,753,180,857,49,352,284,94,348,721,375,199,45,3269,21949,660,257,13302,347,590,21,80,7252,647,451,1339,706
1,27,7,38,5,14,41,3,6,53,3,1,2,224,43,46,1,0,26,3,3,13,0,4,10,0,5,5,23,76,13,1,5,2,27,58,60,1,78,2,20,18,60,3,2,1,2,14,17,8,11,22,71,14,36,70,190,197,107,55,441,125,278,209,337,8065,1573,240,427,162,443,358,19,77,5298,95,48,34,145,651,230,782,1355,3836,234,101,670,660,30606,66,605,17,131,57,327,133,43,104,3137,9968
2,3,1,6,1,0,10,5,54,3,5,20,13,20,11,7,1,0,23,137,4,32,77,18,488,157,288,12,3,4,10,83,77,34,7,16,4,259,27,38,4,4,23,213,246,8,43,5,3,0,23,6,134,10,19,92,77,80,29,159,85,37,160,35,231,355,306,17,386,2092,25,773,65,595,57,5707,411,73,36,46,555,1780,110,110,3597,467,43,257,66,11772,93,93,9793,22,394,86,51,30,131,45
17,81,41,198,20,74,313,3,9,58,3,0,2,333,110,141,2,0,64,8,12,16,7,9,19,11,14,9,35,86,28,2,4,9,121,81,56,9,114,26,36,31,116,27,10,3,8,123,33,14,189,130,255,127,886,588,21,33,42,129,845,39,42,16,691,342,1048,24,420,58,135,319,753,1214,373,137,2824,235,317,136,76,133,644,269,94,77,5018,13302,605,93,22346,1707,665,32,98,11645,687,319,892,574
1,0,0,2,0,1,2,1,5,3,1,1,0,4,1,1,0,0,7,8,1,15,15,4,23,218,315,624,4,2,1,141,8,1053,1,6,15,40,20,2418,6,3,6,626,17,125,456,10,1,1,5,10,10,6,99,20,3,10,11,72,62,8,19,5,60,47,32,6,70,14,21,538,297,981,26,442,10585,15716,212,10,646,45,146,10,78,5488,845,347,17,93,1707,36088,8335,1020,972,783,89,76,84,27
1,1,0,13,1,2,12,11,79,18,8,38,14,34,10,16,4,2,35,252,15,49,91,27,790,1034,1149,298,2,13,11,512,150,785,6,25,19,440,33,1453,22,6,27,1563,369,104,479,16,4,5,21,24,100,28,77,96,115,91,32,251,311,149,495,90,227,360,247,48,405,1203,139,3777,333,3040,112,9343,8635,1350,172,49,4407,3963,298,68,1731,8588,209,590,131,9793,665,8335,32207,426,3236,420,99,110,302,199
0,1,0,0,0,2,2,0,0,1,0,0,0,4,2,0,0,0,1,1,0,1,0,0,1,10,8,5,1,1,0,7,0,20,1,1,4,2,4,47,0,0,0,17,1,3,16,1,0,1,35,66,21,56,6,37,7,33,7,21,163,84,114,6,95,67,21,14,21,16,77,6365,3,37,55,89,51,16370,3087,5,178,145,1000,14,22,4300,22,21,57,22,32,1020,426,18258,6930,8,90,658,296,99
0,0,0,1,2,2,6,4,13,3,1,3,1,10,2,7,0,0,8,20,1,7,10,6,61,141,150,51,0,4,2,73,12,188,4,10,5,59,11,287,2,4,8,229,35,25,92,3,2,1,12,36,35,19,11,24,31,96,43,79,438,222,482,81,314,480,116,98,107,98,274,9087,50,413,295,1078,663,941,428,110,5898,3499,674,63,635,5877,64,80,327,394,98,972,3236,6930,18669,55,57,192,602,419
6,44,22,110,35,127,208,0,4,10,0,0,0,69,30,42,0,0,12,2,0,0,2,2,7,6,15,5,7,16,6,0,0,5,43,15,12,3,22,12,4,7,14,7,8,0,2,144,37,4,627,322,230,2180,7758,1707,9,6,5,23,215,9,14,2,608,132,730,5,80,25,34,103,106,394,85,103,1199,208,167,26,54,62,164,68,46,53,1426,7252,133,86,11645,783,420,8,55,12748,1135,106,279,143
6,77,16,124,12,53,215,1,0,12,0,0,1,102,45,46,0,0,9,4,4,3,0,1,2,2,4,0,9,19,7,0,2,0,55,23,11,3,51,1,6,4,28,2,1,0,1,82,19,2,8718,1845,1675,1444,5404,1511,63,32,17,17,103,3,6,11,16832,533,474,17,57,82,10,116,24,83,34,199,124,106,16072,26,97,177,2180,69,275,69,132,647,43,51,687,89,99,90,57,1135,45040,193,416,66
4,15,8,30,3,16,38,0,5,25,2,1,0,77,29,29,0,1,21,4,6,6,0,4,2,0,3,2,11,34,5,2,2,3,29,40,27,1,32,6,11,10,41,8,3,1,2,24,10,4,273,1113,400,521,102,729,28,16,19,28,14933,102,44,10,495,340,416,18,184,31,110,3457,23,45,88,77,34,316,11237,22,73,87,7538,90,79,175,272,451,104,30,319,76,110,658,192,106,193,36327,7707,322
3,27,7,70,13,26,83,7,18,63,3,0,0,264,59,121,2,0,103,11,29,16,4,8,20,14,19,2,38,125,39,5,5,6,71,141,74,6,140,9,51,38,125,14,12,3,3,37,26,21,265,1091,1064,466,149,1587,109,98,92,103,17268,282,257,106,1421,5480,1535,137,769,161,949,1424,97,172,1149,279,122,201,2027,123,438,713,25047,489,388,244,784,1339,3137,131,892,84,302,296,602,279,416,7707,36322,10601
4,15,8,32,5,17,32,8,9,36,2,2,2,176,51,71,1,4,65,5,12,15,1,8,13,4,9,1,18,72,16,5,3,2,31,93,77,6,66,2,24,17,79,7,7,1,2,15,16,5,32,49,151,32,39,170,71,71,57,66,6422,338,373,98,440,6589,811,171,532,78,4091,527,68,109,3406,134,79,64,156,166,275,578,2189,438,152,157,720,706,9968,45,574,27,199,99,419,143,66,322,10601,16085
