22010,10310,8739,1590,18359,2971,244,5,1,47,1,3,6,20946,1131,189,0,1,7,7,2,159,7,2,4,1,4,56,660,132,10,7,5,6,29,2,16,2,32,2,292,31,145,12,17,28,18,32,2642,9,3,9,8,57,3,20,0,0,0,0,4,0,0,0,6,1,22,0,1,0,0,0,0,2,0,1,0,0,3,0,0,0,0,0,0,0,1,22,0,0,6,0,1,0,0,37,2,0,2,0
10310,35871,11014,16253,732,205,358,9,5,68,3,11,4,8220,4337,245,1,4,5,10,8,355,15,1,3,14,3,41,403,209,10,9,20,8,54,10,33,5,49,6,510,81,179,7,17,31,29,36,292,15,5,9,9,10,10,39,0,0,0,2,5,0,1,0,17,4,41,0,5,0,0,2,1,1,0,0,1,0,2,0,1,1,2,1,0,3,2,55,0,0,13,0,2,0,0,57,2,0,1,0
8739,11014,20861,8640,5859,4089,9219,1,4,62,3,2,3,1024,303,127,0,0,3,3,3,247,4,2,4,4,2,31,282,128,7,3,3,17,55,2,22,0,34,4,354,35,36,5,3,21,23,49,247,11,14,63,28,783,39,998,0,0,0,0,4,0,0,0,19,6,34,0,2,0,0,2,0,2,0,0,0,1,3,1,0,0,2,0,0,0,6,49,0,0,13,0,1,0,1,101,8,9,2,1
1590,16253,8640,45265,396,738,12242,69,47,443,29,45,35,3157,16146,10989,10,16,106,64,78,575,35,16,37,43,14,63,466,342,113,54,57,30,345,104,113,38,207,10,933,196,3019,35,173,32,84,261,223,129,28,95,86,29,39,221,1,0,0,3,11,0,1,0,59,17,158,0,18,2,1,3,6,8,0,0,2,0,16,2,1,1,11,10,2,0,19,228,3,0,54,0,2,0,1,360,21,3,10,0
18359,732,5859,396,17282,19443,423,4,2,18,1,0,2,4898,298,96,1,1,6,2,2,28,2,6,4,2,5,13,236,18,7,6,5,4,45,10,16,2,30,1,47,10,123,3,6,10,1,197,2770,6,3,10,6,44,0,12,0,0,0,1,1,0,0,0,12,0,8,0,0,0,0,1,0,1,1,0,0,0,0,0,0,0,0,3,0,0,1,22,0,0,6,0,0,0,0,23,2,0,0,0
2971,205,4089,738,19443,15078,22110,4,12,89,3,6,2,403,61,649,0,3,5,6,20,50,7,30,17,6,66,18,76,20,6,5,9,4,801,22,69,10,598,22,76,13,37,40,15,2,11,2955,1888,5,10,25,15,229,38,144,0,0,0,0,1,0,0,0,11,5,30,0,3,1,0,0,2,1,0,0,2,0,2,0,0,2,2,0,0,0,5,37,0,0,35,0,3,0,1,151,4,0,1,0
244,358,9219,12242,423,22110,21501,16,17,312,10,5,10,141,128,4353,3,2,28,16,44,211,11,51,32,14,7,17,102,85,22,27,24,13,2449,93,128,9,948,5,268,62,117,13,55,6,18,1678,76,31,39,147,98,467,87,1271,0,0,2,2,5,0,1,0,49,9,129,0,11,2,2,6,1,9,2,0,3,1,10,2,0,1,7,5,0,1,23,168,2,1,44,0,2,0,1,661,13,6,11,2
5,9,1,69,4,4,16,19631,5601,215,632,1850,6527,234,298,382,2411,4566,1054,5681,411,1602,491,128,230,124,29,29,117,183,793,144,1572,60,24,64,426,168,32,7,98,64,1198,152,904,86,254,10,10,131,1,0,2,0,0,0,24,20,0,107,8,3,1,4,1,0,10,4,28,34,2,7,16,60,2,1,9,1,0,1,7,10,2,1,9,2,77,6,0,5,0,2,11,0,3,0,0,0,1,1
1,5,4,47,2,12,17,5601,49454,209,411,2409,2817,39,69,516,787,198,4879,3816,481,1030,599,10978,7565,181,2543,50,56,66,190,125,1586,86,94,638,5260,217,270,52,55,34,353,644,669,95,371,39,11,24,0,0,6,2,0,6,126,144,7,2244,18,13,47,40,3,7,43,15,134,404,13,52,247,771,6,8,93,2,3,11,8,160,3,6,86,5,541,49,6,40,8,3,33,3,15,5,2,4,9,2
47,68,62,443,18,89,312,215,209,30736,2322,3692,440,264,532,1119,258,55,912,114,8739,5445,951,138,151,170,61,108,447,208,383,171,832,102,556,598,862,79,913,37,17062,3619,3438,310,147,243,1012,389,27,4892,4,12,9,3,4,28,1,2,6,11,34,2,0,1,27,1,79,3,105,3,2,13,10,14,9,5,7,0,4,14,3,6,8,19,3,12,97,116,15,5,29,4,21,1,6,26,2,3,13,5
1,3,3,29,1,3,10,632,411,2322,1460,6036,410,30,57,195,130,67,635,78,836,2534,927,44,30,25,34,21,54,19,91,14,108,24,26,119,125,24,59,10,114,18,271,84,36,100,102,9,1,17,0,2,0,0,0,0,1,0,1,12,6,1,0,1,1,2,10,0,22,0,1,3,5,5,3,1,2,0,0,1,3,1,1,4,1,1,9,5,5,1,3,1,5,0,0,0,1,1,4,2
3,11,2,45,0,6,5,1850,2409,3692,6036,22228,11015,118,100,233,2533,645,806,1052,4488,2971,5371,176,1085,90,123,47,172,279,513,92,4474,56,56,151,444,86,79,28,419,280,872,230,399,215,484,10,12,106,0,0,0,0,1,1,10,10,0,45,8,4,8,2,1,1,8,2,45,55,3,16,8,131,1,4,19,1,0,5,4,34,1,4,24,5,30,16,1,6,1,5,17,0,4,2,0,0,1,2
6,4,3,35,2,2,10,6527,2817,440,410,11015,23243,375,255,225,3679,1122,434,1516,402,440,466,101,301,37,27,9,169,714,643,32,3718,21,30,48,400,38,31,5,225,299,989,57,200,32,132,13,23,372,0,0,0,0,0,2,20,18,1,83,2,1,5,9,1,1,4,2,12,57,2,8,7,63,1,0,4,1,0,0,0,9,0,1,12,0,42,6,0,3,1,0,2,0,1,1,1,0,0,1
20946,8220,1024,3157,4898,403,141,234,39,264,30,118,375,79022,18307,876,45,153,131,269,105,550,77,22,200,125,35,390,15262,30614,238,534,842,164,202,102,201,61,225,23,1818,670,3844,109,1027,152,689,116,14104,2069,14,14,32,9,7,54,1,0,0,3,23,1,1,1,46,8,113,1,23,3,1,6,0,28,2,0,5,1,15,1,0,4,11,12,8,5,42,142,7,7,51,6,9,0,3,58,17,6,19,1
1131,4337,303,16146,298,61,128,298,69,532,57,100,255,18307,24513,2769,41,232,360,244,112,658,70,24,83,100,21,132,1115,4166,424,220,326,65,200,155,112,76,113,17,1422,946,18640,67,764,52,249,99,424,6965,14,26,30,10,12,71,1,2,0,5,18,0,0,1,29,11,109,0,7,4,0,5,0,15,0,1,4,1,15,1,2,2,9,10,2,0,15,130,3,3,34,2,8,0,1,112,19,1,11,2
189,245,127,10989,96,649,4353,382,516,1119,195,233,225,876,2769,26136,138,568,5552,395,527,564,109,174,206,168,40,41,268,249,10332,197,226,66,2427,4314,456,137,610,8,653,195,11041,131,526,25,181,762,107,133,36,99,78,26,49,224,1,5,3,10,54,2,4,0,89,19,249,0,74,7,2,19,6,36,4,1,6,2,13,17,1,6,23,19,9,1,117,404,15,2,95,1,4,3,3,392,32,12,23,8
0,1,0,10,1,0,3,2411,787,258,130,2533,3679,45,41,138,5336,1451,490,66,2362,114,189,41,29,12,12,5,28,119,803,10,341,4,25,64,130,3,28,0,53,77,542,14,24,13,49,2,2,78,0,0,0,0,0,0,2,1,0,8,3,0,0,0,1,0,4,0,6,0,1,2,0,5,1,0,2,0,0,1,0,0,0,1,1,0,17,5,0,1,0,0,1,0,0,0,1,0,0,1
1,4,0,16,1,3,2,4566,198,55,67,645,1122,153,232,568,1451,3133,2069,227,189,93,86,8,28,13,4,6,35,238,2047,49,474,5,9,19,36,7,9,2,59,52,1322,8,274,5,58,3,5,208,0,0,0,0,0,0,0,0,0,3,1,0,0,0,0,0,1,0,3,2,0,3,1,5,0,0,0,0,0,0,0,0,1,0,0,0,6,1,0,2,0,0,1,0,0,0,0,0,0,0
7,5,3,106,6,5,28,1054,4879,912,635,806,434,131,360,5552,490,2069,12894,655,965,685,210,1146,502,90,115,22,61,82,3291,86,334,30,168,2358,954,167,182,11,181,69,2717,183,348,36,145,24,10,56,1,0,5,0,2,1,3,4,12,59,59,5,5,2,8,9,81,4,234,14,5,26,17,36,15,1,9,2,7,33,0,8,26,10,21,2,222,115,22,9,15,0,6,0,1,4,1,7,20,9
7,10,3,64,2,6,16,5681,3816,114,78,1052,1516,269,244,395,66,227,655,24601,105,459,1114,185,2156,677,277,36,105,344,272,537,3511,222,54,171,284,5420,71,22,152,139,854,1439,7466,72,1003,19,18,116,0,2,6,0,2,2,50,45,1,156,7,5,38,13,3,6,19,2,34,190,4,33,31,598,1,11,83,0,0,2,8,178,0,3,135,4,31,23,3,60,0,4,39,1,22,2,1,1,1,3
2,8,3,78,2,20,44,411,481,8739,836,4488,402,105,112,527,2362,189,965,105,12216,526,436,203,92,44,36,55,203,559,497,78,548,39,200,497,1106,27,508,11,1261,1646,6225,95,116,48,393,108,5,1638,2,2,2,0,1,7,1,0,1,16,23,2,1,0,5,1,40,2,93,0,1,9,13,9,5,1,3,0,6,10,1,7,6,8,1,1,121,56,8,3,14,1,4,0,3,10,4,7,11,3
159,355,247,575,28,50,211,1602,1030,5445,2534,2971,440,550,658,564,114,93,685,459,526,15377,4463,108,477,524,227,1547,4213,334,185,219,348,588,203,263,398,255,348,247,11241,467,1022,1112,289,5179,1266,145,34,230,3,6,8,1,4,4,1,3,2,26,20,5,3,1,9,5,60,0,84,16,4,15,13,51,7,21,28,14,4,11,13,19,4,8,15,24,52,65,7,19,15,27,37,3,42,26,1,3,12,4
7,15,4,35,2,7,11,491,599,951,927,5371,466,77,70,109,189,86,210,1114,436,4463,9085,146,2122,918,903,188,232,128,109,381,1782,281,35,73,92,1194,140,93,267,129,272,2606,959,3046,5434,36,9,45,0,0,1,0,0,4,1,7,1,18,3,2,6,2,1,3,6,0,12,30,1,38,14,298,1,41,123,11,1,2,44,61,1,3,96,27,12,7,2,76,2,21,146,8,58,2,0,0,3,4
2,1,2,16,6,30,51,128,10978,138,44,176,101,22,24,174,41,8,1146,185,203,108,146,6166,1742,55,1937,122,20,34,69,50,126,53,425,6305,3544,57,9248,251,55,19,162,559,82,21,172,261,17,8,1,2,1,0,0,2,6,10,4,37,29,4,4,1,3,2,40,2,105,27,5,21,11,88,8,6,21,2,7,15,8,14,11,7,30,6,125,63,13,20,10,1,26,2,13,7,2,3,11,2
4,3,4,37,4,17,32,230,7565,151,30,1085,301,200,83,206,29,28,502,2156,92,477,2122,1742,11340,497,8899,86,122,333,76,418,2978,229,105,329,298,1310,511,205,138,132,287,4507,1565,121,1441,181,28,94,0,0,4,0,1,2,54,23,0,119,5,6,64,15,9,14,31,0,43,286,3,108,56,1746,1,52,381,2,2,3,38,337,7,8,445,22,19,23,7,193,3,12,209,5,80,5,2,1,8,4
1,14,4,43,2,6,14,124,181,170,25,90,37,125,100,168,12,13,90,677,44,524,918,55,497,13208,370,193,103,152,49,12424,282,4961,29,57,30,4006,71,169,118,58,285,9048,2686,600,5169,55,12,41,0,0,1,0,1,0,1,3,0,3,5,2,3,0,1,2,6,0,4,4,2,79,6,142,2,137,208,18,1,2,91,47,4,0,45,87,5,5,1,172,2,89,366,15,217,3,0,1,6,2
4,3,2,14,5,66,7,29,2543,61,34,123,27,35,21,40,12,4,115,277,36,227,903,1937,8899,370,16081,1797,53,48,10,432,390,456,70,176,2229,329,2181,6446,51,16,51,13292,599,141,1501,828,30,13,0,1,2,0,1,1,4,3,1,19,10,2,5,5,3,12,6,1,15,27,5,100,14,483,2,151,504,38,5,1,122,102,4,5,156,107,6,13,5,324,4,94,569,9,208,11,0,3,8,5
56,41,31,63,13,18,17,29,50,108,21,47,9,390,132,41,5,6,22,36,55,1547,188,122,86,193,1797,47997,3417,439,18,276,129,4503,23,36,555,79,852,7661,1148,111,123,1487,131,12694,4228,375,27,40,0,0,0,0,1,2,0,0,2,3,2,0,0,0,1,0,7,0,7,1,0,13,0,12,0,12,25,322,0,0,12,3,3,4,2,174,7,9,1,13,6,352,79,63,94,3,1,1,3,0
660,403,282,466,236,76,102,117,56,447,54,172,169,15262,1115,268,28,35,61,105,203,4213,232,20,122,103,53,3417,102670,10090,74,191,472,337,117,57,271,32,212,111,28675,724,1029,189,328,1844,699,89,7102,363,3,7,11,1,1,11,1,0,4,1,9,0,0,0,7,6,52,0,45,5,3,4,3,15,2,1,6,3,4,8,2,1,9,8,4,7,51,78,7,1,11,12,10,1,12,22,3,3,10,1
132,209,128,342,18,20,85,183,66,208,19,279,714,30614,4166,249,119,238,82,344,559,334,128,34,333,152,48,439,10090,44948,366,597,2007,179,111,68,305,53,125,39,10948,6944,5477,203,1169,171,1349,74,625,4287,6,3,7,1,2,11,2,1,5,3,9,0,0,1,5,3,41,0,39,9,1,9,4,23,1,2,6,2,3,12,1,4,7,3,4,5,46,58,6,6,10,5,17,0,3,10,4,2,4,1
10,10,7,113,7,6,22,793,190,383,91,513,643,238,424,10332,803,2047,3291,272,497,185,109,69,76,49,10,18,74,366,11236,91,413,28,272,712,210,33,172,2,161,182,17702,46,386,9,118,42,10,390,3,7,10,3,2,16,1,0,0,9,12,0,0,0,11,3,33,0,19,2,0,7,0,11,0,0,2,1,7,3,2,5,6,3,1,0,34,53,5,4,15,0,5,2,3,20,5,4,5,6
7,9,3,54,6,5,27,144,125,171,14,92,32,534,220,197,10,49,86,537,78,219,381,50,418,12424,432,276,191,597,91,29114,3048,4463,33,29,26,1494,62,139,262,206,571,2463,7252,211,14199,27,33,148,0,0,1,0,0,0,2,0,0,5,1,0,1,1,5,2,3,0,2,3,3,47,7,136,0,76,126,19,1,2,62,31,1,3,45,80,7,6,2,90,0,77,242,12,120,2,0,1,3,2
5,20,3,57,5,9,24,1572,1586,832,108,4474,3718,842,326,226,341,474,334,3511,548,348,1782,126,2978,282,390,129,472,2007,413,3048,18523,246,50,113,204,873,104,31,876,1038,1074,719,9832,104,4626,41,46,622,0,1,2,1,0,1,21,12,2,58,1,5,12,7,3,2,17,0,16,129,1,27,14,386,1,9,55,2,0,3,3,79,0,5,75,11,14,8,2,28,3,5,31,0,13,2,0,0,2,0
6,8,17,30,4,4,13,60,86,102,24,56,21,164,65,66,4,5,30,222,39,588,281,53,229,4961,456,4503,337,179,28,4463,246,23125,15,16,61,521,143,2625,282,73,172,4304,709,2005,14460,68,10,34,0,0,0,0,0,0,0,0,1,4,2,3,0,0,2,0,6,0,2,0,1,58,0,36,1,73,74,326,7,0,80,11,2,0,10,736,4,4,1,22,4,1019,250,217,476,4,0,2,0,1
29,54,55,345,45,801,2449,24,94,556,26,56,30,202,200,2427,25,9,168,54,200,203,35,425,105,29,70,23,117,111,272,33,50,15,6325,1983,439,26,8214,21,271,80,683,63,82,15,46,3664,103,39,28,68,68,31,46,177,1,0,1,3,17,1,1,1,51,8,132,0,35,1,2,6,3,14,4,1,4,2,8,4,0,2,15,10,5,0,44,204,3,2,55,0,2,0,2,417,24,2,15,1
2,10,2,104,10,22,93,64,638,598,119,151,48,102,155,4314,64,19,2358,171,497,263,73,6305,329,57,176,36,57,68,712,29,113,16,1983,10139,1286,63,8836,39,147,33,1232,168,101,12,70,158,18,24,7,5,11,3,1,12,0,2,7,25,82,2,1,1,25,5,161,1,189,7,1,27,8,24,8,0,10,3,28,18,0,8,20,15,9,1,264,232,18,6,30,2,8,0,2,24,11,7,33,13
16,33,22,113,16,69,128,426,5260,862,125,444,400,201,112,456,130,36,954,284,1106,398,92,3544,298,30,2229,555,271,305,210,26,204,61,439,1286,3680,19,6575,550,524,145,897,329,59,44,99,930,37,69,1,6,7,1,2,12,8,17,5,113,21,2,5,5,14,6,43,2,65,7,2,11,9,23,7,3,6,4,6,11,2,1,9,11,6,3,315,89,6,3,22,6,6,2,3,27,9,2,16,4
2,5,0,38,2,10,9,168,217,79,24,86,38,61,76,137,3,7,167,5420,27,255,1194,57,1310,4006,329,79,32,53,33,1494,873,521,26,63,19,16153,82,36,59,23,215,6374,6205,100,2252,51,6,24,0,0,2,0,2,1,1,3,0,4,10,2,5,0,3,5,6,0,7,14,2,51,18,388,0,70,206,6,1,1,38,58,8,3,129,27,7,6,6,169,2,22,199,2,68,3,2,0,3,1
32,49,34,207,30,598,948,32,270,913,59,79,31,225,113,610,28,9,182,71,508,348,140,9248,511,71,2181,852,212,125,172,62,104,143,8214,8836,6575,82,28239,945,355,95,736,1028,104,47,212,8207,144,51,21,29,34,13,19,79,1,0,2,9,49,1,2,1,26,8,144,3,124,3,4,33,10,22,3,1,16,8,20,17,5,8,22,10,4,8,162,230,10,7,40,13,21,2,9,138,20,12,32,7
2,6,4,10,1,22,5,7,52,37,10,28,5,23,17,8,0,2,11,22,11,247,93,251,205,169,6446,7661,111,39,2,139,31,2625,21,39,550,36,945,16860,79,20,19,7422,39,949,2643,368,11,5,0,0,0,0,1,0,0,0,0,2,3,2,1,0,1,1,0,0,1,0,2,76,1,29,0,78,77,382,1,1,60,7,2,1,3,656,6,2,2,27,3,856,339,138,427,4,0,3,1,0
292,510,354,933,47,76,268,98,55,17062,114,419,225,1818,1422,653,53,59,181,152,1261,11241,267,55,138,118,51,1148,28675,10948,161,262,876,282,271,147,524,59,355,79,70745,8143,2732,232,364,556,1015,178,112,3571,3,6,2,0,3,15,0,1,4,3,26,0,0,0,9,5,68,0,72,4,2,7,4,13,3,4,8,2,5,11,3,1,7,3,5,14,88,76,6,4,23,9,9,4,11,16,3,2,10,4
31,81,35,196,10,13,62,64,34,3619,18,280,299,670,946,195,77,52,69,139,1646,467,129,19,132,58,16,111,724,6944,182,206,1038,73,80,33,145,23,95,20,8143,12941,4404,112,321,105,665,40,36,10023,1,1,4,0,3,4,0,0,0,1,3,0,1,0,2,1,8,0,13,0,0,2,0,7,1,4,0,1,1,3,1,3,5,2,3,5,10,18,0,2,1,1,4,1,7,7,1,0,2,0
145,179,36,3019,123,37,117,1198,353,3438,271,872,989,3844,18640,11041,542,1322,2717,854,6225,1022,272,162,287,285,51,123,1029,5477,17702,571,1074,172,683,1232,897,215,736,19,2732,4404,80320,159,1810,83,597,296,188,17328,11,22,25,10,13,47,7,1,4,15,33,3,0,2,22,9,119,0,112,15,2,13,9,54,3,0,15,1,12,14,3,12,16,8,10,1,117,162,9,7,27,5,10,1,4,79,12,9,24,3
12,7,5,35,3,40,13,152,644,310,84,230,57,109,67,131,14,8,183,1439,95,1112,2606,559,4507,9048,13292,1487,189,203,46,2463,719,4304,63,168,329,6374,1028,7422,232,112,159,40770,1427,1329,8522,534,35,45,1,2,2,0,3,3,2,6,3,17,16,4,10,1,7,14,8,3,9,12,14,227,13,407,3,488,696,127,7,2,318,115,7,9,156,492,12,10,12,480,7,496,1361,72,821,8,0,5,14,9
17,17,3,173,6,15,55,904,669,147,36,399,200,1027,764,526,24,274,348,7466,116,289,959,82,1565,2686,599,131,328,1169,386,7252,9832,709,82,101,59,6205,104,39,364,321,1810,1427,16632,101,4245,65,64,429,3,1,6,0,5,3,14,11,1,32,12,5,19,6,12,8,27,3,22,103,8,75,20,812,0,57,244,4,1,3,41,130,9,5,241,29,20,17,5,203,10,10,208,1,68,7,0,0,10,3
28,31,21,32,10,2,6,86,95,243,100,215,32,152,52,25,13,5,36,72,48,5179,3046,21,121,600,141,12694,1844,171,9,211,104,2005,15,12,44,100,47,949,556,105,83,1329,101,10596,10559,22,4,20,0,0,0,0,0,0,1,1,0,3,1,0,0,0,0,1,7,0,1,1,0,26,2,15,0,31,31,80,4,1,21,3,1,1,4,216,5,6,0,11,3,234,134,49,148,2,0,1,0,1
18,29,23,84,1,11,18,254,371,1012,102,484,132,689,249,181,49,58,145,1003,393,1266,5434,172,1441,5169,1501,4228,699,1349,118,14199,4626,14460,46,70,99,2252,212,2643,1015,665,597,8522,4245,10559,41938,101,54,290,0,0,2,0,1,1,1,4,1,8,6,1,4,1,4,4,8,1,9,11,5,131,9,193,5,217,237,262,9,1,137,42,3,4,69,883,7,12,8,145,6,847,695,159,721,3,1,7,8,3
32,36,49,261,197,2955,1678,10,39,389,9,10,13,116,99,762,2,3,24,19,108,145,36,261,181,55,828,375,89,74,42,27,41,68,3664,158,930,51,8207,368,178,40,296,534,65,22,101,7178,412,27,12,52,30,20,50,120,0,0,0,2,5,0,0,0,22,1,54,1,8,0,1,6,1,13,0,3,6,1,8,0,1,0,5,3,4,3,24,80,1,5,21,7,7,2,2,413,2,2,4,1
2642,292,247,223,2770,1888,76,10,11,27,1,12,23,14104,424,107,2,5,10,18,5,34,9,17,28,12,30,27,7102,625,10,33,46,10,103,18,37,6,144,11,112,36,188,35,64,4,54,412,13529,14,0,5,2,2,1,5,0,0,0,1,4,0,0,0,4,0,14,0,2,1,0,5,0,1,0,0,2,0,2,1,0,0,2,1,3,0,2,15,1,0,9,1,2,0,0,8,3,0,0,0
9,15,11,129,6,5,31,131,24,4892,17,106,372,2069,6965,133,78,208,56,116,1638,230,45,8,94,41,13,40,363,4287,390,148,622,34,39,24,69,24,51,5,3571,10023,17328,45,429,20,290,27,14,18391,0,1,1,0,0,0,0,0,2,2,5,0,0,0,1,1,5,0,3,3,0,0,0,8,1,0,1,0,0,2,0,1,1,0,0,0,12,13,1,1,1,0,4,0,2,2,0,0,0,0
3,5,14,28,3,10,39,1,0,4,0,0,0,14,14,36,0,0,1,0,2,3,0,1,0,0,0,0,3,6,3,0,0,0,28,7,1,0,21,0,3,1,11,1,3,0,0,12,0,0,43398,16047,2734,17271,13630,2660,1,8,0,11,113,3,4,2,17452,465,538,2,9,7,2,125,2,12,4,14,3,12,743,5,7,18,315,44,41,9,34,212,31,17,72,0,16,9,7,150,12600,87,127,15
9,9,63,95,10,25,147,0,0,12,2,0,0,14,26,99,0,0,0,2,2,6,0,2,0,0,1,0,7,3,7,0,1,0,68,5,6,0,29,0,6,1,22,2,1,0,0,52,5,1,16047,78311,21730,9897,846,7193,0,4,0,7,393,4,0,0,12745,442,397,1,17,4,1,454,0,6,2,3,4,33,500,3,10,7,431,33,19,18,46,203,38,7,57,2,9,17,16,468,963,266,409,44
8,9,28,86,6,15,98,2,6,9,0,0,0,32,30,78,0,0,5,6,2,8,1,1,4,1,2,0,11,7,10,1,2,0,68,11,7,2,34,0,2,4,25,2,6,0,2,30,2,1,2734,21730,48775,497,323,12243,35,95,14,140,797,32,32,18,25091,16430,7038,21,202,75,46,546,8,111,35,49,19,39,789,37,35,127,954,590,233,39,83,791,163,131,58,2,55,25,52,306,1159,401,1014,126
57,10,783,29,44,229,467,0,2,3,0,0,0,9,10,26,0,0,0,0,0,1,0,0,0,0,0,0,1,1,3,0,1,0,31,3,1,0,13,0,0,0,10,0,0,0,0,20,2,0,17271,9897,497,33638,16268,22567,0,0,0,3,71,0,1,0,356,18,158,0,2,1,0,109,2,4,1,1,1,2,95,1,0,6,67,5,6,2,9,188,7,3,1106,2,1,6,4,421,736,48,70,10
3,10,39,39,0,38,87,0,0,4,0,1,0,7,12,49,0,0,2,2,1,4,0,0,1,1,1,1,1,2,2,0,0,0,46,1,2,2,19,1,3,3,13,3,5,0,1,50,1,0,13630,846,323,16268,19211,4742,0,1,0,14,71,2,4,0,485,61,747,1,23,2,2,35,21,90,8,7,127,20,89,7,10,11,38,11,11,16,135,2028,34,20,1793,74,41,4,18,3868,4460,18,71,12
20,39,998,221,12,144,1271,0,6,28,0,1,2,54,71,224,0,0,1,2,7,4,4,2,2,0,1,2,11,11,16,0,1,0,177,12,12,1,79,0,15,4,47,3,3,0,1,120,5,0,2660,7193,12243,22567,4742,41618,9,21,2,52,761,14,17,6,2238,1976,6586,7,37,17,25,475,12,58,18,13,10,13,298,8,27,41,451,89,100,13,121,3513,157,62,1402,2,31,15,32,2006,507,281,711,98
0,0,0,1,0,0,0,24,126,1,1,10,20,1,1,1,2,0,3,50,1,1,1,6,54,1,4,0,1,2,1,2,21,0,1,0,8,1,1,0,0,0,7,2,14,1,1,0,0,0,1,0,35,0,0,9,4715,6436,569,1089,29,99,538,7595,111,167,589,1045,577,1509,297,138,35,323,39,4,112,1,34,364,14,4791,45,256,332,2,192,45,17,21,1,2,7,2,26,2,13,11,27,3
0,0,0,0,0,0,0,20,144,2,0,10,18,0,2,5,1,0,4,45,0,3,7,10,23,3,3,0,0,1,0,0,12,0,0,2,17,3,0,0,1,0,1,6,11,1,4,0,0,0,8,4,95,0,1,21,6436,27674,5403,7864,246,697,892,2760,101,159,923,7801,1825,1154,1329,1228,171,366,128,21,65,5,29,573,68,1318,32,249,654,17,619,96,56,113,9,2,72,29,199,1,16,13,31,19
0,0,0,0,0,0,2,0,7,6,1,0,1,0,0,3,0,0,12,1,1,2,1,4,0,0,1,2,4,5,0,0,2,1,1,7,5,0,2,0,4,0,4,3,1,0,1,0,0,2,0,0,14,0,0,2,569,5403,2371,1411,168,251,185,423,10,33,810,2918,2517,103,384,347,12,63,370,9,10,1,3,2468,46,368,4,57,343,6,143,56,42,29,15,2,6,6,77,0,2,8,7,23
0,2,0,3,1,0,2,107,2244,11,12,45,83,3,5,10,8,3,59,156,16,26,18,37,119,3,19,3,1,3,9,5,58,4,3,25,113,4,9,2,3,1,15,17,32,3,8,2,1,2,11,7,140,3,14,52,1089,7864,1411,35902,619,948,1241,1741,79,135,1112,922,7645,2146,1327,1721,9948,6823,218,37,700,12,26,225,55,962,54,142,450,34,5783,516,133,154,60,14,156,50,246,33,14,27,62,64
4,5,4,11,1,1,5,8,18,34,6,8,2,23,18,54,3,1,59,7,23,20,3,29,5,5,10,2,9,9,12,1,1,2,17,82,21,10,49,3,26,3,33,16,12,1,6,5,4,5,113,393,797,71,71,761,29,246,168,619,39218,4437,1785,180,405,893,1814,209,1823,48,6927,3707,123,219,669,94,157,30,259,192,182,281,302,578,219,155,1055,1315,2543,139,451,30,263,209,785,184,75,19132,29191,5940
0,0,0,0,0,0,0,3,13,2,1,4,1,1,0,2,0,0,5,5,2,5,2,4,6,2,2,0,0,0,0,0,5,3,1,2,2,2,1,2,0,0,3,4,5,0,1,0,0,0,3,4,32,0,2,14,99,697,251,948,4437,5777,5810,439,21,71,282,490,750,115,7084,8036,58,198,368,17,56,9,16,230,15,642,22,89,50,34,218,87,284,42,37,13,79,91,206,4,1,42,146,457
0,1,0,1,0,0,1,1,47,0,0,8,5,1,0,4,0,0,5,38,1,3,6,4,64,3,5,0,0,0,0,1,12,0,1,1,5,5,2,1,0,1,0,10,19,0,4,0,0,0,4,0,32,1,4,17,538,892,185,1241,1785,5810,11499,7929,35,87,291,2231,355,702,6776,6643,54,1170,448,20,159,12,11,543,52,5520,24,106,334,40,126,61,281,93,19,1,111,80,418,10,4,34,80,234
0,0,0,0,0,0,0,4,40,1,1,2,9,1,1,0,0,0,2,13,0,1,2,1,15,0,5,0,0,1,0,1,7,0,1,1,5,0,1,0,0,0,2,1,6,0,1,0,0,0,2,0,18,0,0,6,7595,2760,423,1741,180,439,7929,14869,42,90,385,6003,400,549,3914,577,40,284,195,6,57,4,10,650,29,4713,30,181,200,5,135,39,77,25,4,0,16,21,122,3,3,11,27,35
6,17,19,59,12,11,49,1,3,27,1,1,1,46,29,89,1,0,8,3,5,9,1,3,9,1,3,1,7,5,11,5,3,2,51,25,14,3,26,1,9,2,22,7,12,0,4,22,4,1,17452,12745,25091,356,485,2238,111,101,10,79,405,21,35,42,82039,13707,3543,24,127,78,36,430,11,105,65,259,52,103,7061,100,450,367,15691,2463,1122,225,185,578,498,265,121,10,115,56,299,302,17551,308,1157,112
1,4,6,17,0,5,9,0,7,1,2,1,1,8,11,19,0,0,9,6,1,5,3,2,14,2,12,0,6,3,3,2,2,0,8,5,6,5,8,1,5,1,9,14,8,1,4,1,0,1,465,442,16430,18,61,1976,167,159,33,135,893,71,87,90,13707,56330,7305,74,239,129,186,647,14,170,367,387,91,49,1266,457,1003,963,7695,17898,1922,360,158,430,12410,241,51,6,127,56,959,63,725,508,3840,2755
22,41,34,158,8,30,129,10,43,79,10,8,4,113,109,249,4,1,81,19,40,60,6,40,31,6,6,7,52,41,33,3,17,6,132,161,43,6,144,0,68,8,119,8,27,7,8,54,14,5,538,397,7038,158,747,6586,589,923,810,1112,1814,282,291,385,3543,7305,52038,372,10958,439,493,1083,70,569,1113,192,77,37,648,6778,327,1142,1371,17323,1781,125,791,11131,1608,441,437,5,171,38,398,932,508,462,1648,382
0,0,0,0,0,0,0,4,15,3,0,2,2,1,0,0,0,0,4,2,2,0,0,2,0,0,1,0,0,0,0,0,0,0,0,1,2,0,3,0,0,0,0,3,3,0,1,1,0,0,2,1,21,0,1,7,1045,7801,2918,922,209,490,2231,6003,24,74,372,6363,755,71,9171,736,36,98,1485,10,19,4,5,2683,44,1080,19,138,163,9,91,48,132,33,9,2,19,17,234,1,3,9,28,136
1,5,2,18,0,3,11,28,134,105,22,45,12,23,7,74,6,3,234,34,93,84,12,105,43,4,15,7,45,39,19,2,16,2,35,189,65,7,124,1,72,13,112,9,22,1,9,8,2,3,9,17,202,2,23,37,577,1825,2517,7645,1823,750,355,400,127,239,10958,755,17051,526,1087,1155,3818,1480,1222,57,131,7,74,4031,108,717,189,462,818,44,2367,7288,604,196,774,23,142,24,228,79,19,126,527,331
0,0,0,2,0,1,2,34,404,3,0,55,57,3,4,7,0,2,14,190,0,16,30,27,286,4,27,1,5,9,2,3,129,0,1,7,7,14,3,0,4,0,15,12,103,1,11,0,1,3,7,4,75,1,2,17,1509,1154,103,2146,48,115,702,549,78,129,439,71,526,5095,47,474,147,5475,25,21,356,6,23,66,26,2796,31,141,4260,6,100,61,28,1306,13,2,101,12,111,14,16,7,21,7
0,0,0,1,0,0,2,2,13,2,1,3,2,1,0,2,1,0,5,4,1,4,1,5,3,2,5,0,3,1,0,3,1,1,2,1,2,2,4,2,2,0,2,14,8,0,5,1,0,0,2,1,46,0,2,25,297,1329,384,1327,6927,7084,6776,3914,36,186,493,9171,1087,47,16234,2690,87,169,5494,34,93,15,25,1846,129,642,68,253,79,83,415,215,1495,75,80,9,145,157,726,17,6,98,403,4716
0,2,2,3,1,0,6,7,52,13,3,16,8,6,5,19,2,3,26,33,9,15,38,21,108,79,100,13,4,9,7,47,27,58,6,27,11,51,33,76,7,2,13,227,75,26,131,6,5,0,125,454,546,109,35,475,138,1228,347,1721,3707,8036,6643,577,430,647,1083,736,1155,474,2690,35083,162,2784,543,635,1424,1293,2919,347,348,4958,781,387,826,1632,496,561,906,1237,193,506,2939,6226,12596,113,50,2696,1922,625
0,1,0,6,0,2,1,16,247,10,5,8,7,0,0,6,0,1,17,31,13,13,14,11,56,6,14,0,3,4,0,7,14,0,3,8,9,18,10,1,4,0,9,13,20,2,9,1,0,0,2,0,8,2,21,12,35,171,12,9948,123,58,54,40,11,14,70,36,3818,147,87,162,7170,4481,30,35,476,18,2,16,49,169,21,9,70,36,3425,3172,20,71,683,180,259,3,97,180,5,13,41,17
2,1,2,8,1,1,9,60,771,14,5,131,63,28,15,36,5,5,36,598,9,51,298,88,1746,142,483,12,15,23,11,136,386,36,14,24,23,388,22,29,13,7,54,407,812,15,193,13,1,8,12,6,111,4,90,58,323,366,63,6823,219,198,1170,284,105,170,569,98,1480,5475,169,2784,4481,21218,91,723,11541,159,31,74,699,4754,94,124,2913,518,883,1073,177,2516,848,1389,3134,82,1546,608,29,18,104,69
0,0,0,0,1,0,2,2,6,9,3,1,1,2,0,4,1,0,15,1,5,7,1,8,1,2,2,0,2,1,0,0,1,1,4,8,7,0,3,0,3,1,3,3,0,0,5,0,0,1,4,2,35,1,8,18,39,128,370,218,669,368,448,195,65,367,1113,1485,1222,25,5494,543,30,91,11126,31,49,5,34,6035,139,568,125,986,160,63,461,350,6715,35,128,4,46,34,457,22,12,59,336,2322
1,0,0,0,0,0,0,1,8,5,1,4,0,0,1,1,0,0,1,11,1,21,41,6,52,137,151,12,1,2,0,76,9,73,1,0,3,70,1,78,4,4,0,488,57,31,217,3,0,0,14,3,49,1,7,13,4,21,9,37,94,17,20,6,259,387,192,10,57,21,34,635,35,723,31,16518,1521,94,142,49,6940,201,329,206,2726,5271,31,50,78,8404,71,283,7240,120,2161,47,49,51,164,42
0,1,0,2,0,2,3,9,93,7,2,19,4,5,4,6,2,0,9,83,3,28,123,21,381,208,504,25,6,6,2,126,55,74,4,10,6,206,16,77,8,0,15,696,244,31,237,6,2,1,3,4,19,1,127,10,112,65,10,700,157,56,159,57,52,91,77,19,131,356,93,1424,476,11541,49,1521,13429,1156,48,32,1463,1272,60,60,1026,1079,747,293,77,1690,1199,6302,7538,155,3008,744,16,28,73,64
0,0,1,0,0,0,1,1,2,0,0,1,1,1,1,2,0,0,2,0,0,14,11,2,2,18,38,322,3,2,1,19,2,326,2,3,4,6,8,382,2,1,1,127,4,80,262,1,0,0,12,33,39,2,20,13,1,5,1,12,30,9,12,4,103,49,37,4,7,6,15,1293,18,159,5,94,1156,45627,4896,4,149,14,380,19,32,10011,142,33,33,57,159,15013,1035,13607,1335,163,32,474,151,17
3,2,3,16,0,2,10,0,3,4,0,0,0,15,15,13,0,0,7,0,6,4,1,7,2,1,5,0,4,3,7,1,0,7,8,28,6,1,20,1,5,1,12,7,1,4,9,8,2,0,743,500,789,95,89,298,34,29,3,26,259,16,11,10,7061,1266,648,5,74,23,25,2919,2,31,34,142,48,4896,116460,19,194,135,22356,494,300,633,129,244,378,72,79,137,99,2024,426,65,10490,25873,2300,103
0,0,1,2,0,0,2,1,11,14,1,5,0,1,1,17,1,0,33,2,10,11,2,15,3,2,1,0,8,12,3,2,3,0,4,18,11,1,17,1,11,3,14,2,3,1,1,0,1,2,5,3,37,1,7,8,364,573,2468,225,192,230,543,650,100,457,6778,2683,4031,66,1846,347,16,74,6035,49,32,4,19,8074,182,1140,97,2060,587,35,370,337,543,49,78,1,33,25,367,10,4,14,90,274
0,1,0,1,0,0,0,7,8,3,3,4,0,0,2,1,0,0,0,8,1,13,44,8,38,91,122,12,2,1,2,62,3,80,0,0,2,38,5,60,3,1,3,318,41,21,137,1,0,0,7,10,35,0,10,27,14,68,46,55,182,15,52,29,450,1003,327,44,108,26,129,348,49,699,139,6940,1463,149,194,182,10708,1349,786,526,4823,6584,48,58,426,2045,81,394,4303,82,10532,55,65,123,595,181
0,1,0,1,0,2,1,10,160,6,1,34,9,4,2,6,0,0,8,178,7,19,61,14,337,47,102,3,1,4,5,31,79,11,2,8,1,58,8,7,1,3,12,115,130,3,42,0,0,1,18,7,127,6,11,41,4791,1318,368,962,281,642,5520,4713,367,963,1142,1080,717,2796,642,4958,169,4754,568,201,1272,14,135,1140,1349,19568,464,929,11383,169,161,174,688,1566,44,34,1236,76,4621,49,59,72,330,214
0,2,2,11,0,2,7,2,3,8,1,1,0,11,9,23,0,1,26,0,6,4,1,11,7,4,4,3,9,7,6,1,0,2,15,20,9,8,22,2,7,5,16,7,9,1,3,5,2,1,315,431,954,67,38,451,45,32,4,54,302,22,24,30,15691,7695,1371,19,189,31,68,781,21,94,125,329,60,380,22356,97,786,464,58600,1645,907,490,265,336,1616,166,115,25,111,268,706,57,1651,7281,17310,938
0,1,0,10,3,0,5,1,6,19,4,4,1,12,10,19,1,0,10,3,8,8,3,7,8,0,5,4,8,3,3,3,5,0,10,15,11,3,10,1,3,2,8,9,5,1,4,3,1,0,44,33,590,5,11,89,256,249,57,142,578,89,106,181,2463,17898,17323,138,462,141,253,387,9,124,986,206,60,19,494,2060,526,929,1645,13985,1436,160,254,495,13150,171,74,3,68,31,526,47,201,235,1454,690
0,0,0,2,0,0,0,9,86,3,1,24,12,8,2,9,1,0,21,135,1,15,96,30,445,45,156,2,4,4,1,45,75,10,5,9,6,129,4,3,5,3,10,156,241,4,69,4,3,0,41,19,233,6,11,100,332,654,343,450,219,50,334,200,1122,1922,1781,163,818,4260,79,826,70,2913,160,2726,1026,32,300,587,4823,11383,907,1436,14192,511,77,165,354,5749,45,29,1369,29,1733,29,146,134,522,97
0,3,0,0,0,0,1,2,5,12,1,5,0,5,0,1,0,0,2,4,1,24,27,6,22,87,107,174,7,5,0,80,11,736,0,1,3,27,8,656,14,5,1,492,29,216,883,3,0,0,9,18,39,2,16,13,2,17,6,34,155,34,40,5,225,360,125,9,44,6,83,1632,36,518,63,5271,1079,10011,633,35,6584,169,490,160,511,41868,78,59,177,1842,155,3410,7944,6739,8565,90,32,208,388,101
1,2,6,19,1,5,23,77,541,97,9,30,42,42,15,117,17,6,222,31,121,52,12,125,19,5,6,7,51,46,34,7,14,4,44,264,315,7,162,6,88,10,117,12,20,5,7,24,2,12,34,46,83,9,135,121,192,619,143,5783,1055,218,126,135,185,158,791,91,2367,100,415,496,3425,883,461,31,747,142,129,370,48,161,265,254,77,78,4311,2713,522,42,4060,519,139,26,131,1031,38,181,565,227
22,55,49,228,22,37,168,6,49,116,5,16,6,142,130,404,5,1,115,23,56,65,7,63,23,5,13,9,78,58,53,6,8,4,204,232,89,6,230,2,76,18,162,10,17,6,12,80,15,13,212,203,791,188,2028,3513,45,96,56,516,1315,87,61,39,578,430,11131,48,7288,61,215,561,3172,1073,350,50,293,33,244,337,58,174,336,495,165,59,2713,23746,776,130,13236,135,204,18,113,8235,252,245,754,250
0,0,0,3,0,0,2,0,6,15,5,1,0,7,3,15,0,0,22,3,8,7,2,13,7,1,5,1,7,6,5,2,2,1,3,18,6,6,10,2,6,0,9,12,5,0,8,1,1,1,31,38,163,7,34,157,17,56,42,133,2543,284,281,77,498,12410,1608,132,604,28,1495,906,20,177,6715,78,77,33,378,543,426,688,1616,13150,354,177,522,776,42927,90,249,11,105,102,1181,82,53,585,6432,10308
0,0,0,0,0,0,1,5,40,5,1,6,3,7,3,2,1,2,9,60,3,19,76,20,193,172,324,13,1,6,4,90,28,22,2,6,3,169,7,27,4,2,7,480,203,11,145,5,0,1,17,7,131,3,20,62,21,113,29,154,139,42,93,25,265,241,441,33,196,1306,75,1237,71,2516,35,8404,1690,57,72,49,2045,1566,166,171,5749,1842,42,130,90,25338,56,89,11232,95,1739,75,49,53,130,46
6,13,13,54,6,35,44,0,8,29,3,1,1,51,34,95,0,0,15,0,14,15,2,10,3,2,4,6,11,10,15,0,3,4,55,30,22,2,40,3,23,1,27,7,10,3,6,21,9,1,72,57,58,1106,1793,1402,1,9,15,60,451,37,19,4,121,51,437,9,774,13,80,193,683,848,128,71,1199,159,79,78,81,44,115,74,45,155,4060,13236,249,56,12885,822,338,15,160,8230,114,68,245,80
0,0,0,0,0,0,0,2,3,4,1,5,0,6,2,1,0,0,0,4,1,27,21,1,12,89,94,352,12,5,0,77,5,1019,0,2,6,22,13,856,9,1,5,496,10,234,847,7,1,0,0,2,2,2,74,2,2,2,2,14,30,13,1,0,10,6,5,2,23,2,9,506,180,1389,4,283,6302,15013,137,1,394,34,25,3,29,3410,519,135,11,89,822,34955,6565,840,1788,513,14,23,23,6
1,2,1,2,0,3,2,11,33,21,5,17,2,9,8,4,1,1,6,39,4,37,146,26,209,366,569,79,10,17,5,242,31,250,2,8,6,199,21,339,9,4,10,1361,208,134,695,7,2,4,16,9,55,1,41,31,7,72,6,156,263,79,111,16,115,127,171,19,142,101,145,2939,259,3134,46,7240,7538,1035,99,33,4303,1236,111,68,1369,7944,139,204,105,11232,338,6565,28022,502,6358,298,26,46,183,94
0,0,0,0,0,0,0,0,3,1,0,0,0,0,0,3,0,0,0,1,0,3,8,2,5,15,9,63,1,0,2,12,0,217,0,0,2,2,2,138,4,1,1,72,1,49,159,2,0,0,9,17,25,6,4,15,2,29,6,50,209,91,80,21,56,56,38,17,24,12,157,6226,3,82,34,120,155,13607,2024,25,82,76,268,31,29,6739,26,18,102,95,15,840,502,13236,9111,7,11,453,191,95
0,0,1,1,0,1,1,3,15,6,0,4,1,3,1,3,0,0,1,22,3,42,58,13,80,217,208,94,12,3,3,120,13,476,2,2,3,68,9,427,11,7,4,821,68,148,721,2,0,2,7,16,52,4,18,32,26,199,77,246,785,206,418,122,299,959,398,234,228,111,726,12596,97,1546,457,2161,3008,1335,426,367,10532,4621,706,526,1733,8565,131,113,1181,1739,160,1788,6358,9111,28141,118,39,239,865,629
37,57,101,360,23,151,661,0,5,26,0,2,1,58,112,392,0,0,4,2,10,26,2,7,5,3,11,3,22,10,20,2,2,4,417,24,27,3,138,4,16,7,79,8,7,2,3,413,8,2,150,468,306,421,3868,2006,2,1,0,33,184,4,10,3,302,63,932,1,79,14,17,113,180,608,22,47,744,163,65,10,55,49,57,47,29,90,1031,8235,82,75,8230,513,298,7,118,8884,453,36,129,29
2,2,8,21,2,4,13,0,2,2,1,0,1,17,19,32,1,0,1,1,4,1,0,2,2,0,0,1,3,4,5,0,0,0,24,11,9,2,20,0,3,1,12,0,0,0,1,2,3,0,12600,963,1159,736,4460,507,13,16,2,14,75,1,4,3,17551,725,508,3,19,16,6,50,5,29,12,49,16,32,10490,4,65,59,1651,201,146,32,38,252,53,49,114,14,26,11,39,453,29493,45,177,16
0,0,9,3,0,0,6,0,4,3,1,0,0,6,1,12,0,0,7,1,7,3,0,3,1,1,3,1,3,2,4,1,0,2,2,7,2,0,12,3,2,0,9,5,0,1,7,2,0,0,87,266,401,48,18,281,11,13,8,27,19132,42,34,11,308,508,462,9,126,7,98,2696,13,18,59,51,28,474,25873,14,123,72,7281,235,134,208,181,245,585,53,68,23,46,453,239,36,45,45272,11040,623
2,1,2,10,0,1,11,1,9,13,4,1,0,19,11,23,0,0,20,1,11,12,3,11,8,6,8,3,10,4,5,3,2,0,15,33,16,3,32,1,10,2,24,14,10,0,8,4,0,0,127,409,1014,70,71,711,27,31,7,62,29191,146,80,27,1157,3840,1648,28,527,21,403,1922,41,104,336,164,73,151,2300,90,595,330,17310,1454,522,388,565,754,6432,130,245,23,183,191,865,129,177,11040,33087,10281
0,0,1,0,0,0,2,1,2,5,2,2,1,1,2,8,1,0,9,3,3,4,4,2,4,2,5,0,1,1,6,2,0,1,1,13,4,1,7,0,4,0,3,9,3,1,3,1,0,0,15,44,126,10,12,98,3,19,23,64,5940,457,234,35,112,2755,382,136,331,7,4716,625,17,69,2322,42,64,17,103,274,181,214,938,690,97,101,227,250,10308,46,80,6,94,95,629,29,16,623,10281,10364
