16351,4274,7834,1848,13455,1480,361,0,0,22,2,1,0,15401,156,83,0,0,5,1,1,256,0,2,1,2,1,73,953,930,6,1,0,7,26,10,12,2,14,6,419,128,7,8,2,19,2,16,2455,4,0,4,4,7,11,6,0,0,0,1,0,0,0,0,5,1,6,0,7,0,0,1,1,0,1,0,0,0,2,0,0,0,0,0,0,0,4,11,0,0,6,0,0,0,0,14,1,0,1,0
4274,33737,6221,20617,1056,471,952,2,3,172,6,0,0,6979,3740,308,0,2,19,5,4,715,1,3,1,1,4,82,728,1112,20,7,2,17,179,70,47,3,73,8,929,341,55,21,11,18,7,101,695,25,5,17,20,21,33,36,0,0,0,1,3,0,0,0,34,6,44,0,11,1,1,2,11,3,3,0,0,0,15,1,0,1,10,3,0,2,8,102,2,0,37,0,1,0,0,106,12,5,3,0
7834,6221,15099,9405,8751,5547,13102,0,1,58,0,0,0,414,34,53,0,0,7,5,0,442,0,0,1,1,1,58,309,607,8,4,2,16,31,16,15,0,15,12,501,187,9,8,2,16,5,19,314,9,196,166,27,2207,29,274,0,0,0,1,4,0,0,0,10,3,12,0,3,0,0,1,2,0,0,0,0,0,17,3,0,0,2,0,0,0,7,20,1,0,8,1,0,1,0,35,13,1,4,1
1848,20617,9405,57690,1018,3315,16067,3,27,775,44,2,0,2729,12016,11038,4,3,39,15,12,1073,3,19,5,3,7,78,565,963,467,9,6,14,558,312,72,8,111,6,1419,711,1998,9,14,17,16,172,471,142,12,32,54,102,78,68,0,1,2,4,8,0,0,0,71,20,74,0,21,0,0,3,6,2,2,0,3,0,21,3,0,0,17,11,1,0,22,223,3,3,91,3,0,1,1,189,22,4,10,5
13455,1056,8751,1018,19733,25049,501,0,2,8,2,1,2,5225,89,85,1,0,1,5,1,89,4,1,3,0,1,29,666,393,4,11,1,5,28,10,8,3,19,3,140,43,1,3,13,7,6,27,5252,4,1,3,2,35,3,2,0,0,0,1,1,0,0,0,4,3,6,0,0,0,0,0,3,1,0,0,0,0,2,0,0,0,2,0,0,0,4,17,1,0,6,0,2,0,0,5,2,0,0,0
1480,471,5547,3315,25049,23587,16739,0,5,50,5,0,0,81,34,159,0,1,2,1,1,46,1,8,2,0,9,6,53,46,2,2,1,1,353,50,53,1,248,7,45,24,9,6,0,2,3,1847,2973,6,3,10,5,1513,24,11,0,0,0,0,0,0,0,0,8,1,9,0,3,0,1,2,3,0,0,0,0,0,4,0,0,0,2,0,0,0,5,29,0,0,14,0,0,0,0,79,5,0,0,0
361,952,13102,16067,501,16739,14614,1,12,542,36,2,1,626,750,4406,0,1,36,7,24,377,1,21,8,1,12,29,164,295,17,6,2,4,2123,651,87,3,446,8,479,275,113,10,9,7,3,1042,254,43,52,165,191,2353,172,802,0,0,0,3,5,0,0,0,109,28,81,1,22,0,0,4,15,1,6,0,2,0,38,3,1,1,37,9,1,1,35,266,3,1,114,0,5,2,1,312,36,12,16,8
0,2,0,3,0,0,1,33143,5498,99,1987,780,9749,89,94,276,3735,10132,1364,6333,117,2186,173,88,81,20,43,29,29,99,2453,71,1066,24,4,22,358,50,11,6,44,83,948,44,771,26,80,1,10,290,0,0,0,0,0,0,18,26,10,224,5,5,2,7,1,0,1,3,11,75,10,7,25,41,4,2,10,0,0,2,0,16,3,0,21,0,99,0,1,4,2,1,6,1,1,0,0,0,0,0
0,3,1,27,2,5,12,5498,69915,220,1641,2675,3639,200,285,275,926,961,7625,7141,250,1916,516,9694,6902,86,4985,112,56,61,914,292,1749,190,87,688,7188,303,129,241,46,44,634,734,321,77,384,22,14,66,0,0,2,0,1,1,159,226,62,5036,40,18,71,77,3,13,17,28,70,778,47,44,279,755,21,8,154,2,4,26,8,227,11,7,314,10,935,26,14,31,21,5,54,3,13,0,1,1,18,8
22,172,58,775,8,50,542,99,220,46330,4912,3008,450,74,348,1328,659,47,555,259,6686,5878,437,169,90,26,55,97,295,55,819,583,968,66,519,839,594,131,511,21,17007,10574,4182,128,377,64,529,242,20,12069,1,2,11,6,5,8,0,6,19,36,25,0,1,0,10,18,41,2,85,3,6,8,55,9,14,4,7,0,12,20,0,2,24,14,5,1,45,75,25,5,79,2,10,2,5,30,5,12,17,13
2,6,0,44,2,5,36,1987,1641,4912,6037,14207,1116,47,67,704,665,133,2457,1188,878,4106,2021,307,128,62,134,293,33,25,212,207,1071,125,245,829,502,170,301,21,148,63,326,344,224,421,696,96,11,22,1,0,2,1,2,3,2,10,16,86,15,4,1,2,3,8,14,2,28,15,21,7,32,19,19,9,11,3,7,9,4,9,8,6,9,5,54,39,10,7,29,2,16,2,5,12,0,3,11,10
1,0,0,2,1,0,2,780,2675,3008,14207,24447,7861,11,21,59,4746,475,619,1764,3776,1274,4871,280,692,25,215,97,12,19,194,189,6480,70,40,176,598,185,48,10,49,193,177,220,300,197,672,6,3,70,0,0,1,0,0,0,7,11,8,100,4,3,3,1,0,0,2,2,12,34,4,5,12,76,2,3,16,0,0,0,0,13,1,1,31,1,67,6,1,9,0,1,15,2,5,0,0,0,3,1
0,0,0,0,2,0,1,9749,3639,450,1116,7861,18321,23,8,33,7659,2423,252,4301,464,517,306,67,193,14,64,21,22,86,829,103,9571,17,13,33,297,49,16,0,90,289,407,44,360,27,161,6,13,448,0,0,1,0,0,0,10,16,1,216,0,0,5,5,0,3,4,0,4,83,0,4,16,68,1,1,14,1,1,0,0,16,0,0,31,1,59,2,1,6,2,0,3,0,1,0,0,0,1,0
15401,6979,414,2729,5225,81,626,89,200,74,47,11,23,63893,11844,1302,8,10,239,266,16,251,69,24,46,151,32,145,5523,19997,163,241,101,152,642,391,92,164,419,15,509,1049,1391,109,444,34,134,234,12676,7451,8,19,37,12,53,43,0,0,0,10,24,1,0,0,59,20,109,0,31,1,2,11,25,14,7,4,4,0,41,4,2,2,45,18,2,0,32,228,14,6,137,0,4,1,1,111,25,9,15,18
156,3740,34,12016,89,34,750,94,285,348,67,21,8,11844,13426,6321,15,12,451,278,43,269,59,26,43,65,31,46,511,1398,619,107,53,56,465,656,68,183,220,8,574,694,11830,111,207,16,63,173,291,9120,14,14,22,7,34,30,0,1,3,11,13,1,0,1,58,13,75,1,37,2,1,5,11,11,3,2,7,0,25,5,0,2,30,9,4,0,21,135,8,1,98,0,4,1,3,83,17,6,19,3
83,308,53,11038,85,159,4406,276,275,1328,704,59,33,1302,6321,28401,55,98,6296,161,315,519,16,81,73,11,39,49,329,618,12679,40,44,23,2938,5259,260,46,493,7,721,438,12520,47,75,21,30,517,221,179,9,34,61,13,72,61,0,3,4,25,28,2,2,0,94,45,120,0,94,4,19,13,50,8,18,0,6,1,40,25,1,4,50,28,6,0,44,271,40,3,217,2,3,2,2,204,29,23,41,26
0,0,0,4,1,0,0,3735,926,659,665,4746,7659,8,15,55,6951,4860,525,202,3826,157,382,173,50,5,40,20,5,14,494,129,1689,17,22,104,280,48,34,4,30,110,308,47,90,26,228,10,0,90,0,0,1,0,0,0,0,6,5,37,5,2,0,0,1,1,1,1,6,4,5,3,14,3,2,2,2,0,0,5,0,0,2,1,2,2,38,4,1,6,5,0,3,1,1,1,0,0,2,1
0,2,0,3,0,1,1,10132,961,47,133,475,2423,10,12,98,4860,2485,934,369,167,58,94,111,28,3,11,6,7,9,1469,76,718,11,9,45,184,23,21,1,10,64,306,19,141,5,86,2,0,118,0,0,0,0,0,0,2,9,13,20,4,5,1,0,1,1,1,0,4,6,9,2,5,5,3,0,1,0,0,2,0,2,3,0,0,0,13,1,1,3,1,0,0,0,0,0,0,1,2,1
5,19,7,39,1,2,36,1364,7625,555,2457,619,252,239,451,6296,525,934,22755,1044,675,775,130,1210,453,36,219,44,80,136,6496,86,201,55,228,11369,1084,251,459,41,128,149,1738,196,235,19,81,35,20,279,2,1,6,0,3,1,3,17,69,161,84,13,6,2,6,14,42,19,166,16,66,14,155,34,94,1,14,0,12,74,2,12,30,21,16,1,79,78,46,6,83,1,12,0,2,10,1,21,53,34
1,5,5,15,5,1,7,6333,7141,259,1188,1764,4301,266,278,161,202,369,1044,22125,163,1853,1411,275,1943,221,1036,211,105,328,1207,976,7323,248,15,129,284,4531,41,20,143,337,1161,998,6654,168,718,9,27,776,0,0,4,0,0,0,75,62,26,826,9,7,58,48,12,22,10,7,36,644,18,91,132,1519,9,19,266,3,4,13,11,427,12,12,647,15,122,13,7,145,9,6,173,2,17,1,2,2,3,4
1,4,0,12,1,1,24,117,250,6686,878,3776,464,16,43,315,3826,167,675,163,8363,76,280,158,57,8,32,28,11,29,1439,246,737,30,185,580,395,52,175,8,158,1044,5168,72,154,13,288,47,0,1975,0,1,1,0,1,0,0,3,12,24,12,0,0,1,4,3,4,1,32,3,11,6,36,6,7,2,2,0,2,10,0,0,3,2,2,2,13,23,4,2,28,0,6,0,1,3,0,1,7,3
256,715,442,1073,89,46,377,2186,1916,5878,4106,1274,517,251,269,519,157,58,775,1853,76,19364,3339,176,559,610,1113,3604,3977,351,245,448,482,1450,199,245,241,804,327,479,15981,968,582,3091,709,4151,1523,105,46,152,1,0,4,1,2,7,4,6,7,58,26,2,2,0,14,11,33,2,40,19,11,39,30,80,11,66,113,12,13,11,44,23,16,13,42,65,44,64,23,45,55,80,165,27,49,13,6,1,21,11
0,1,0,3,4,1,1,173,516,437,2021,4871,306,69,59,16,382,94,130,1411,280,3339,7770,151,972,469,1571,721,45,44,80,421,4253,385,14,46,85,1700,76,63,31,93,76,2500,1256,4242,5752,16,9,52,0,0,1,0,2,0,1,2,1,21,2,0,4,2,1,2,3,1,2,10,1,48,7,82,1,75,133,7,1,0,25,24,0,1,45,26,10,3,0,66,1,30,145,5,30,2,0,2,0,2
2,3,0,19,1,8,21,88,9694,169,307,280,67,24,26,81,173,111,1210,275,158,176,151,6283,866,39,2849,176,16,19,125,155,130,186,540,10330,5074,91,8835,701,40,26,81,663,63,27,171,165,14,21,2,0,5,0,4,0,14,34,32,262,23,2,2,7,4,6,26,7,60,58,33,15,70,46,31,5,19,2,6,24,4,17,16,6,18,7,142,39,12,8,41,2,16,0,6,7,1,4,18,17
1,1,1,5,3,2,8,81,6902,90,128,692,193,46,43,73,50,28,453,1943,57,559,972,866,4165,57,5414,103,12,54,31,243,2247,111,43,182,218,204,81,54,26,72,84,753,584,97,368,21,14,55,0,0,5,0,2,2,40,10,6,348,2,2,65,29,5,22,9,7,27,353,6,109,71,1613,2,24,406,5,8,5,13,306,6,6,541,11,57,19,7,216,5,7,239,4,31,4,4,0,0,7
2,1,1,3,0,0,1,20,86,26,62,25,14,151,65,11,5,3,36,221,8,610,469,39,57,18719,444,262,58,83,57,6981,132,5396,10,15,12,4578,37,50,43,38,125,4597,3767,457,1836,9,15,85,0,0,0,0,1,0,0,1,0,4,0,1,2,0,1,0,0,0,2,2,2,24,5,11,0,107,99,15,1,0,60,3,0,1,11,53,2,4,0,44,2,28,216,9,57,2,0,0,1,1
1,4,1,7,1,9,12,43,4985,55,134,215,64,32,31,39,40,11,219,1036,32,1113,1571,2849,5414,444,19168,2088,34,28,32,2174,944,1503,95,230,1918,498,2045,7519,36,42,29,11030,754,231,2427,285,13,22,0,1,5,2,3,5,8,5,5,155,7,4,17,8,10,8,13,2,14,102,6,120,57,476,4,172,545,45,2,2,67,112,2,2,162,92,23,24,4,200,14,79,432,20,116,23,3,1,3,3
73,82,58,78,29,6,29,29,112,97,293,97,21,145,46,49,20,6,44,211,28,3604,721,176,103,262,2088,55442,1970,448,51,677,221,8862,32,45,435,344,548,9266,1500,218,59,1337,562,8328,4080,118,41,66,1,1,1,1,0,1,0,0,1,2,3,0,0,0,2,0,6,0,5,2,1,12,6,15,1,12,38,139,1,3,16,1,1,1,8,176,7,17,3,13,17,229,99,35,24,7,1,0,3,2
953,728,309,565,666,53,164,29,56,295,33,12,22,5523,511,329,5,7,80,105,11,3977,45,16,12,58,34,1970,107922,20780,108,175,74,174,159,157,104,57,173,79,25910,556,348,73,258,1278,153,48,8389,157,1,1,3,1,7,5,0,2,0,6,14,0,0,0,12,3,49,1,37,0,2,4,14,6,3,1,3,0,10,5,0,0,7,11,0,4,20,71,13,0,60,3,3,0,0,17,4,5,13,17
930,1112,607,963,393,46,295,99,61,55,25,19,86,19997,1398,618,14,9,136,328,29,351,44,19,54,83,28,448,20780,55066,221,596,281,160,244,260,181,90,311,51,7895,8982,892,61,640,140,246,90,2090,2093,0,4,16,1,11,6,0,0,1,8,21,2,0,0,18,11,57,1,44,1,5,5,17,8,20,1,7,1,22,11,1,2,40,23,1,0,63,115,29,5,106,0,4,0,4,28,12,19,12,22
6,20,8,467,4,2,17,2453,914,819,212,194,829,163,619,12679,494,1469,6496,1207,1439,245,80,125,31,57,32,51,108,221,21288,159,428,44,161,770,371,171,220,13,288,454,19189,64,1008,10,102,54,13,504,1,4,4,1,2,2,0,1,21,43,26,7,2,0,6,15,45,6,78,5,15,9,76,15,27,1,8,0,13,16,1,3,10,13,2,1,40,68,19,3,88,0,6,0,1,11,4,14,21,17
1,7,4,9,11,2,6,71,292,583,207,189,103,241,107,40,129,76,86,976,246,448,421,155,243,6981,2174,677,175,596,159,34502,8998,4969,13,52,93,3203,158,207,324,783,339,4641,9105,338,17789,38,53,741,0,1,0,0,2,0,1,2,0,15,3,0,1,0,2,3,3,0,2,2,2,95,12,52,0,393,292,80,8,1,187,21,14,0,37,321,7,4,1,145,3,281,827,94,211,4,1,2,3,0
0,2,2,6,1,1,2,1066,1749,968,1071,6480,9571,101,53,44,1689,718,201,7323,737,482,4253,130,2247,132,944,221,74,281,428,8998,15558,207,28,65,261,1253,31,20,254,879,478,783,7553,149,5972,16,18,751,1,0,0,1,0,1,10,8,3,153,2,2,11,8,3,5,2,1,8,121,1,34,26,385,4,16,108,4,1,1,4,68,4,1,119,12,53,4,2,69,6,6,102,2,13,1,0,0,0,1
7,17,16,14,5,1,4,24,190,66,125,70,17,152,56,23,17,11,55,248,30,1450,385,186,111,5396,1503,8862,174,160,44,4969,207,27863,13,41,143,1562,275,5542,310,101,99,7059,1846,2220,6644,67,23,83,0,0,1,0,1,2,0,0,0,7,1,2,2,0,3,4,2,0,4,5,3,31,9,25,3,81,149,388,5,0,70,9,9,3,24,982,9,8,2,29,11,1341,428,295,141,5,1,4,2,1
26,179,31,558,28,353,2123,4,87,519,245,40,13,642,465,2938,22,9,228,15,185,199,14,540,43,10,95,32,159,244,161,13,28,13,2700,3059,598,10,5911,76,239,133,338,54,14,8,31,2954,203,48,14,27,62,21,63,44,2,0,2,30,39,2,1,1,78,38,117,2,71,0,9,14,38,4,23,2,5,2,39,9,0,0,39,19,2,2,60,300,33,3,191,0,2,0,1,180,24,20,26,22
10,70,16,312,10,50,651,22,688,839,829,176,33,391,656,5259,104,45,11369,129,580,245,46,10330,182,15,230,45,157,260,770,52,65,41,3059,15862,1559,72,7874,81,300,169,931,169,37,15,51,603,65,86,6,14,22,7,18,13,2,3,17,67,52,3,1,2,27,29,106,3,167,6,41,24,96,13,52,2,9,4,40,50,0,4,53,33,4,2,124,217,57,5,162,1,18,3,1,55,7,14,53,46
12,47,15,72,8,53,87,358,7188,594,502,598,297,92,68,260,280,184,1084,284,395,241,85,5074,218,12,1918,435,104,181,371,93,261,143,598,1559,5888,38,11100,968,229,115,416,338,47,29,117,1678,34,50,1,5,3,4,6,9,29,48,5,724,15,2,7,14,8,6,22,6,51,70,9,8,83,51,7,1,29,3,5,12,0,32,13,11,29,3,794,58,18,2,50,2,6,2,4,46,3,4,16,9
2,3,0,8,3,1,3,50,303,131,170,185,49,164,183,46,48,23,251,4531,52,804,1700,91,204,4578,498,344,57,90,171,3203,1253,1562,10,72,38,7936,43,49,45,72,266,7672,4978,191,2542,8,33,62,0,0,1,0,1,1,1,4,3,16,3,1,3,0,2,2,3,0,0,19,1,56,9,175,2,62,183,9,2,0,22,40,1,0,59,16,4,1,0,82,5,13,155,5,43,2,0,0,4,2
14,73,15,111,19,248,446,11,129,511,301,48,16,419,220,493,34,21,459,41,175,327,76,8835,81,37,2045,548,173,311,220,158,31,275,5911,7874,11100,43,27050,1685,266,118,337,682,24,34,179,10296,234,35,4,15,31,9,23,30,0,1,12,36,47,4,1,1,49,19,142,6,145,4,23,25,66,7,32,2,6,6,42,33,2,4,56,30,3,9,107,246,44,4,247,10,14,2,1,117,21,25,50,40
6,8,12,6,3,7,8,6,241,21,21,10,0,15,8,7,4,1,41,20,8,479,63,701,54,50,7519,9266,79,51,13,207,20,5542,76,81,968,49,1685,17076,113,19,7,6913,60,765,831,295,10,3,0,1,1,1,3,2,0,0,0,2,0,0,1,1,1,1,3,1,1,0,1,14,2,4,0,37,72,332,6,0,32,0,6,0,6,618,14,5,1,6,7,764,223,143,59,15,1,0,2,4
419,929,501,1419,140,45,479,44,46,17007,148,49,90,509,574,721,30,10,128,143,158,15981,31,40,26,43,36,1500,25910,7895,288,324,254,310,239,300,229,45,266,113,90809,12975,986,143,300,727,293,88,194,1658,2,1,6,4,3,4,0,1,4,14,15,5,1,0,14,9,40,0,53,2,13,2,21,10,16,3,1,3,16,10,3,1,30,10,2,5,40,77,16,2,82,11,3,1,2,16,7,6,11,13
128,341,187,711,43,24,275,83,44,10574,63,193,289,1049,694,438,110,64,149,337,1044,968,93,26,72,38,42,218,556,8982,454,783,879,101,133,169,115,72,118,19,12975,15120,3904,101,590,44,384,49,24,11305,0,1,3,0,2,2,0,0,0,4,9,0,0,0,5,4,15,0,25,6,3,1,15,5,10,0,3,0,8,5,0,0,13,7,1,1,10,28,7,1,34,0,4,0,2,11,2,4,3,5
7,55,9,1998,1,9,113,948,634,4182,326,177,407,1391,11830,12520,308,306,1738,1161,5168,582,76,81,84,125,29,59,348,892,19189,339,478,99,338,931,416,266,337,7,986,3904,68531,101,1494,20,160,128,76,13706,1,2,6,0,14,8,1,2,10,29,25,3,1,0,18,12,56,3,86,3,13,12,58,13,15,3,6,0,22,14,0,4,31,12,8,0,50,122,14,5,104,0,6,0,4,30,7,13,23,6
8,21,8,9,3,6,10,44,734,128,344,220,44,109,111,47,47,19,196,998,72,3091,2500,663,753,4597,11030,1337,73,61,64,4641,783,7059,54,169,338,7672,682,6913,143,101,101,33752,1035,1411,6038,175,29,38,2,0,0,0,4,2,2,2,5,26,5,4,5,1,4,8,7,1,6,16,8,132,23,133,5,476,495,144,9,2,250,28,9,2,83,736,11,14,0,193,13,748,1120,186,381,14,0,4,6,6
2,11,2,14,13,0,9,771,321,377,224,300,360,444,207,75,90,141,235,6654,154,709,1256,63,584,3767,754,562,258,640,1008,9105,7553,1846,14,37,47,4978,24,60,300,590,1494,1035,19030,117,2320,12,81,1243,0,0,2,0,0,2,3,3,4,29,4,4,12,0,4,9,3,1,12,57,3,106,13,563,1,54,348,2,1,2,24,96,5,3,218,30,9,1,1,215,8,11,281,6,59,1,2,0,1,0
19,18,16,17,7,2,7,26,77,64,421,197,27,34,16,21,26,5,19,168,13,4151,4242,27,97,457,231,8328,1278,140,10,338,149,2220,8,15,29,191,34,765,727,44,20,1411,117,9349,6141,3,12,15,0,0,0,0,0,0,0,2,0,0,3,0,0,0,0,0,1,0,2,0,1,3,2,6,0,9,16,20,1,0,10,2,1,0,1,83,0,2,1,7,3,67,56,19,15,1,0,1,0,2
2,7,5,16,6,3,3,80,384,529,696,672,161,134,63,30,228,86,81,718,288,1523,5752,171,368,1836,2427,4080,153,246,102,17789,5972,6644,31,51,117,2542,179,831,293,384,160,6038,2320,6141,26829,51,35,228,1,0,0,1,2,1,1,3,1,25,2,0,2,0,2,4,3,1,2,6,3,74,9,47,2,257,244,191,3,6,140,5,9,0,51,681,8,3,4,105,7,576,620,178,201,6,0,5,7,3
16,101,19,172,27,1847,1042,1,22,242,96,6,6,234,173,517,10,2,35,9,47,105,16,165,21,9,285,118,48,90,54,38,16,67,2954,603,1678,8,10296,295,88,49,128,175,12,3,51,7271,550,18,12,20,26,11,72,27,0,0,1,5,5,1,1,0,39,6,50,0,13,1,5,3,8,1,2,0,0,1,27,0,0,0,14,4,1,3,18,137,3,1,72,2,0,0,2,237,11,5,8,4
2455,695,314,471,5252,2973,254,10,14,20,11,3,13,12676,291,221,0,0,20,27,0,46,9,14,14,15,13,41,8389,2090,13,53,18,23,203,65,34,33,234,10,194,24,76,29,81,12,35,550,17041,14,1,1,6,2,9,8,0,0,0,1,2,0,0,0,5,0,11,1,6,1,2,0,3,2,1,0,2,0,2,1,0,0,9,4,0,0,5,29,0,1,26,0,1,0,0,24,2,2,1,3
4,25,9,142,4,6,43,290,66,12069,22,70,448,7451,9120,179,90,118,279,776,1975,152,52,21,55,85,22,66,157,2093,504,741,751,83,48,86,50,62,35,3,1658,11305,13706,38,1243,15,228,18,14,17393,0,2,0,1,0,0,0,0,0,5,5,0,0,0,2,2,12,2,9,3,2,5,7,11,0,5,3,1,3,1,1,2,0,1,7,0,4,7,2,6,12,1,5,0,0,1,0,2,2,1
0,5,196,12,1,3,52,0,0,1,1,0,0,8,14,9,0,0,2,0,0,1,0,2,0,0,0,1,1,0,1,0,1,0,14,6,1,0,4,0,2,0,1,2,0,0,1,12,1,0,40762,20152,3170,17147,8438,2861,1,6,0,17,26,2,3,0,14787,266,265,0,26,3,8,30,14,5,5,11,0,35,1315,3,1,6,321,6,9,16,8,434,10,15,67,3,12,10,8,321,11645,49,43,21
4,17,166,32,3,10,165,0,0,2,0,0,0,19,14,34,0,0,1,0,1,0,0,0,0,0,1,1,1,4,4,1,0,0,27,14,5,0,15,1,1,1,2,0,0,0,0,20,1,2,20152,50573,13395,19375,1973,7904,0,1,0,11,57,0,2,1,9620,219,130,0,27,2,5,155,13,6,5,7,3,39,1587,2,5,8,815,7,12,19,7,290,8,12,33,4,9,38,13,162,2736,228,137,30
4,20,27,54,2,5,191,0,2,11,2,1,1,37,22,61,1,0,6,4,1,4,1,5,5,0,5,1,3,16,4,0,0,1,62,22,3,1,31,1,6,3,6,0,2,0,0,26,6,0,3170,13395,34731,687,1113,20412,15,23,35,192,247,7,11,5,16931,11080,7824,19,500,66,52,184,111,77,61,55,22,34,1140,33,16,37,1004,219,140,43,44,3187,149,175,91,8,124,27,27,175,2181,335,374,179
7,21,2207,102,35,1513,2353,0,0,6,1,0,0,12,7,13,0,0,0,0,0,1,0,0,0,0,2,1,1,1,1,0,1,0,21,7,4,0,9,1,4,0,0,0,0,0,1,11,2,1,17147,19375,687,36302,15444,16658,0,0,1,3,30,1,1,0,412,40,31,0,7,1,1,46,6,2,3,4,2,22,708,0,2,2,376,2,3,11,8,121,3,4,134,4,5,22,8,178,1027,102,49,16
11,33,29,78,3,24,172,0,1,5,2,0,0,53,34,72,0,0,3,0,1,2,2,4,2,1,3,0,7,11,2,2,0,1,63,18,6,1,23,3,3,2,14,4,0,0,2,72,9,0,8438,1973,1113,15444,28944,8395,0,0,2,23,78,4,1,1,470,100,227,3,61,2,9,38,71,24,14,11,51,17,251,5,2,10,255,13,12,12,68,2709,32,25,912,11,31,7,6,6123,5786,82,115,77
6,36,274,68,2,11,802,0,1,8,3,0,0,43,30,61,0,0,1,0,0,7,0,0,2,0,5,1,5,6,2,0,1,2,44,13,9,1,30,2,4,2,8,2,2,0,1,27,8,0,2861,7904,20412,16658,8395,28650,4,7,6,43,212,5,3,2,2323,506,1938,1,80,10,13,208,38,22,15,20,3,26,853,6,4,15,893,25,37,27,29,6767,38,46,217,4,45,29,10,419,993,337,374,175
0,0,0,0,0,0,0,18,159,0,2,7,10,0,0,0,0,2,3,75,0,4,1,14,40,0,8,0,0,0,0,1,10,0,2,2,29,1,0,0,0,0,1,2,3,0,1,0,0,0,1,0,15,0,0,4,2685,5923,933,1836,24,44,258,2746,91,283,119,1567,443,2433,408,139,14,113,189,11,25,6,26,500,16,821,68,244,2387,15,140,5,93,40,6,0,21,6,35,0,8,11,18,18
0,0,0,1,0,0,0,26,226,6,10,11,16,0,1,3,6,9,17,62,3,6,2,34,10,1,5,0,2,0,1,2,8,0,0,3,48,4,1,0,1,0,2,2,3,2,3,0,0,0,6,1,23,0,0,7,5923,24809,4222,6557,179,435,604,2739,113,293,170,5171,1184,3652,931,991,112,123,299,43,20,14,39,1472,47,973,47,282,724,22,961,15,112,120,10,3,61,30,106,1,17,10,29,30
0,0,0,2,0,0,0,10,62,19,16,8,1,0,3,4,5,13,69,26,12,7,1,32,6,0,5,1,0,1,21,0,3,0,2,17,5,3,12,0,4,0,10,5,4,0,1,1,0,0,0,0,35,1,2,6,933,4222,3880,2184,217,186,335,788,76,204,666,3872,2351,578,865,328,178,92,959,40,20,14,30,5997,50,712,55,307,684,38,492,32,179,90,28,3,50,6,119,2,13,18,46,57
1,1,1,4,1,0,3,224,5036,36,86,100,216,10,11,25,37,20,161,826,24,58,21,262,348,4,155,2,6,8,43,15,153,7,30,67,724,16,36,2,14,4,29,26,29,0,25,5,1,5,17,11,192,3,23,43,1836,6557,2184,54210,1550,1987,2728,2561,280,528,983,1528,10177,5537,3066,2043,12182,6807,967,78,1363,42,134,667,108,2000,281,298,1119,89,7066,271,417,529,178,45,549,61,306,48,68,118,348,321
0,3,4,8,1,0,5,5,40,25,15,4,0,24,13,28,5,4,84,9,12,26,2,23,2,0,7,3,14,21,26,3,2,1,39,52,15,3,47,0,15,9,25,5,4,3,2,5,2,5,26,57,247,30,78,212,24,179,217,1550,32737,4149,1026,55,229,620,915,240,1669,97,4961,3366,909,100,840,77,55,100,637,154,70,271,875,318,127,223,1070,718,376,137,592,27,246,337,459,111,65,12885,16562,7481
0,0,0,0,0,0,0,5,18,0,4,3,0,1,1,2,2,5,13,7,0,2,0,2,2,1,4,0,0,2,7,0,2,2,2,3,2,1,4,0,5,0,3,4,4,0,0,1,0,0,2,0,7,1,4,5,44,435,186,1987,4149,6146,3603,87,10,47,68,221,396,177,4172,6540,325,139,360,26,34,26,42,96,15,310,83,29,75,58,333,44,116,73,38,10,153,156,180,4,3,76,283,275
0,0,0,0,0,0,0,2,71,1,1,3,5,0,0,2,0,1,6,58,0,2,4,2,65,2,17,0,0,0,2,1,11,2,1,1,7,3,1,1,1,0,1,5,12,0,2,1,0,0,3,2,11,1,1,3,258,604,335,2728,1026,3603,8986,4708,29,145,68,2012,259,994,4874,3595,154,1324,541,23,141,22,41,456,50,5556,198,99,403,53,193,19,270,193,21,5,238,109,306,7,3,41,219,243
0,0,0,0,0,0,0,7,77,0,2,1,5,0,1,0,0,0,2,48,1,0,2,7,29,0,8,0,0,0,0,0,8,0,1,2,14,0,1,1,0,0,0,1,0,0,0,0,0,0,0,1,5,0,1,2,2746,2739,788,2561,55,87,4708,8946,29,192,56,3114,307,1567,1820,368,63,363,258,13,50,7,16,642,39,4041,104,187,459,10,81,8,132,34,8,0,31,6,89,1,2,6,34,57
5,34,10,71,4,8,109,1,3,10,3,0,0,59,58,94,1,1,6,12,4,14,1,4,5,1,10,2,12,18,6,2,3,3,78,27,8,2,49,1,14,5,18,4,4,0,2,39,5,2,14787,9620,16931,412,470,2323,91,113,76,280,229,10,29,29,61863,15746,2275,21,558,151,68,286,117,111,97,394,35,157,6419,64,106,351,14204,768,846,201,76,1615,382,455,234,10,216,44,157,283,17842,310,718,368
1,6,3,20,3,1,28,0,13,18,8,0,3,20,13,45,1,1,14,22,3,11,2,6,22,0,8,0,3,11,15,3,5,4,38,29,6,2,19,1,9,4,12,8,9,0,4,6,0,2,266,219,11080,40,100,506,283,293,204,528,620,47,145,192,15746,42057,5941,105,1467,372,289,560,155,223,566,748,61,275,2932,402,352,1102,11263,8933,2063,464,161,710,10124,634,177,26,332,104,553,93,1271,655,3208,4004
6,44,12,74,6,9,81,1,17,41,14,2,4,109,75,120,1,1,42,10,4,33,3,26,9,0,13,6,49,57,45,3,2,2,117,106,22,3,142,3,40,15,56,7,3,1,3,50,11,12,265,130,7824,31,227,1938,119,170,666,983,915,68,68,56,2275,5941,31408,139,14141,217,360,340,377,152,1082,114,34,50,852,4609,29,178,1346,3907,388,72,286,6609,1690,331,390,5,165,41,63,537,607,460,928,690
0,0,0,0,0,0,1,3,28,2,2,2,0,0,1,0,1,0,19,7,1,2,1,7,7,0,2,0,1,1,6,0,1,0,2,3,6,0,6,1,0,0,3,1,1,0,1,0,1,2,0,0,19,0,3,1,1567,5171,3872,1528,240,221,2012,3114,21,105,139,9024,863,141,4957,355,169,75,1059,15,13,9,11,5098,38,937,45,166,148,28,285,18,131,35,19,3,51,20,134,2,4,8,44,70
7,11,3,21,0,3,22,11,70,85,28,12,4,31,37,94,6,4,166,36,32,40,2,60,27,2,14,5,37,44,78,2,8,4,71,167,51,0,145,1,53,25,86,6,12,2,2,13,6,9,26,27,500,7,61,80,443,1184,2351,10177,1669,396,259,307,558,1467,14141,863,20146,655,1603,582,4173,695,2651,75,123,33,257,4627,45,444,692,1488,663,45,924,5533,1573,286,882,10,224,18,113,149,124,322,724,596
0,1,0,0,0,0,0,75,778,3,15,34,83,1,2,4,4,6,16,644,3,19,10,58,353,2,102,2,0,1,5,2,121,5,0,6,70,19,4,0,2,6,3,16,57,0,6,1,1,3,3,2,66,1,2,10,2433,3652,578,5537,97,177,994,1567,151,372,217,141,655,9335,151,864,244,3563,134,150,159,23,60,259,79,2985,86,261,5539,77,137,27,137,3273,10,3,909,30,196,7,37,16,34,40
0,1,0,0,0,1,0,10,47,6,21,4,0,2,1,19,5,9,66,18,11,11,1,33,6,2,6,1,2,5,15,2,1,3,9,41,9,1,23,1,13,3,13,8,3,1,3,5,2,2,8,5,52,1,9,13,408,931,865,3066,4961,4172,4874,1820,68,289,360,4957,1603,151,13326,2134,1107,150,5225,73,58,134,155,1841,147,1168,595,224,240,222,1315,305,978,120,384,27,230,281,760,32,17,328,1572,5267
1,2,1,3,0,2,4,7,44,8,7,5,4,11,5,13,3,2,14,91,6,39,48,15,109,24,120,12,4,5,9,95,34,31,14,24,8,56,25,14,2,1,12,132,106,3,74,3,0,5,30,155,184,46,38,208,139,991,328,2043,3366,6540,3595,368,286,560,340,355,582,864,2134,32616,344,2232,405,802,2235,1126,4454,172,350,3828,1616,164,971,1332,290,216,354,3134,231,250,5855,7067,5870,74,64,2984,1342,605
1,11,2,6,3,3,15,25,279,55,32,12,16,25,11,50,14,5,155,132,36,30,7,70,71,5,57,6,14,17,76,12,26,9,38,96,83,9,66,2,21,15,58,23,13,2,9,8,3,7,14,13,111,6,71,38,14,112,178,12182,909,325,154,63,117,155,377,169,4173,244,1107,344,8830,5564,820,107,1957,68,113,227,63,224,315,96,130,68,4570,4054,287,145,2192,275,641,31,144,127,42,140,391,318
0,3,0,2,1,0,1,41,755,9,19,76,68,14,11,8,3,5,34,1519,6,80,82,46,1613,11,476,15,6,8,15,52,385,25,4,13,51,175,7,4,10,5,13,133,563,6,47,1,2,11,5,6,77,2,24,22,113,123,92,6807,100,139,1324,363,111,223,152,75,695,3563,150,2232,5564,11410,99,255,7576,153,46,88,181,4383,115,70,2072,208,951,222,97,642,670,1075,2728,69,549,111,33,22,48,39
1,3,0,2,0,0,6,4,21,14,19,2,1,7,3,18,2,3,94,9,7,11,1,31,2,0,4,1,3,20,27,0,4,3,23,52,7,2,32,0,16,10,15,5,1,0,2,2,1,0,5,5,61,3,14,15,189,299,959,967,840,360,541,258,97,566,1082,1059,2651,134,5225,405,820,99,9741,111,29,78,146,5031,117,507,729,1942,504,148,1020,539,5151,98,699,11,77,41,331,61,22,222,1267,2721
0,0,0,0,0,0,0,2,8,4,9,3,1,4,2,0,2,0,1,19,2,66,75,5,24,107,172,12,1,1,1,393,16,81,2,2,1,62,2,37,3,0,3,476,54,9,257,0,0,5,11,7,55,4,11,20,11,43,40,78,77,26,23,13,394,748,114,15,75,150,73,802,107,255,111,13983,1229,562,291,68,6446,463,643,156,8029,6654,72,32,220,15470,60,179,5968,250,981,26,76,80,148,128
0,0,0,3,0,0,2,10,154,7,11,16,14,4,7,6,2,1,14,266,2,113,133,19,406,99,545,38,3,7,8,292,108,149,5,9,29,183,6,72,1,3,6,495,348,16,244,0,2,3,0,3,22,2,51,3,25,20,20,1363,55,34,141,50,35,61,34,13,123,159,58,2235,1957,7576,29,1229,16284,1745,45,19,765,1254,58,22,1333,750,1804,112,23,953,1014,12280,8255,177,1661,252,19,12,36,18
0,0,0,0,0,0,0,0,2,0,3,0,1,0,0,1,0,0,0,3,0,12,7,2,5,15,45,139,0,1,0,80,4,388,2,4,3,9,6,332,3,0,0,144,2,20,191,1,0,1,35,39,34,22,17,26,6,14,14,42,100,26,22,7,157,275,50,9,33,23,134,1126,68,153,78,562,1745,32517,4452,11,596,73,1086,52,337,5809,221,28,105,536,97,12320,1388,11643,972,36,37,889,244,145
2,15,17,21,2,4,38,0,4,12,7,0,1,41,25,40,0,0,12,4,2,13,1,6,8,1,2,1,10,22,13,8,1,5,39,40,5,2,42,6,16,8,22,9,1,1,3,27,2,3,1315,1587,1140,708,251,853,26,39,30,134,637,42,41,16,6419,2932,852,11,257,60,155,4454,113,46,146,291,45,4452,149421,41,130,304,35444,400,479,847,206,567,459,201,260,141,192,2350,455,161,19170,18896,2189,477
0,1,3,3,0,0,3,2,26,20,9,0,0,4,5,25,5,2,74,13,10,11,0,24,5,0,2,3,5,11,16,1,1,0,9,50,12,0,33,0,10,5,14,2,2,0,6,0,1,1,3,2,33,0,5,6,500,1472,5997,667,154,96,456,642,64,402,4609,5098,4627,259,1841,172,227,88,5031,68,19,11,41,7085,69,773,126,3355,639,51,394,90,1434,114,121,4,56,8,182,6,16,30,117,167
0,0,0,0,0,0,1,0,8,0,4,0,0,2,0,1,0,0,2,11,0,44,25,4,13,60,67,16,0,1,1,187,4,70,0,0,0,22,2,32,3,0,0,250,24,10,140,0,0,1,1,5,16,2,2,4,16,47,50,108,70,15,50,39,106,352,29,38,45,79,147,350,63,181,117,6446,765,596,130,69,16834,999,463,77,2487,9251,30,9,152,2414,31,173,3626,263,4920,6,21,35,152,176
0,1,0,0,0,0,1,16,227,2,9,13,16,2,2,4,0,2,12,427,0,23,24,17,306,3,112,1,0,2,3,21,68,9,0,4,32,40,4,0,1,0,4,28,96,2,5,0,0,2,6,8,37,2,10,15,821,973,712,2000,271,310,5556,4041,351,1102,178,937,444,2985,1168,3828,224,4383,507,463,1254,73,304,773,999,22118,1012,475,11526,304,152,45,647,2722,68,25,2519,76,3239,17,46,84,403,387
0,10,2,17,2,2,37,3,11,24,8,1,0,45,30,50,2,3,30,12,3,16,0,16,6,0,2,1,7,40,10,14,4,9,39,53,13,1,56,6,30,13,31,9,5,1,9,14,9,0,321,815,1004,376,255,893,68,47,55,281,875,83,198,104,14204,11263,1346,45,692,86,595,1616,315,115,729,643,58,1086,35444,126,463,1012,56058,1393,1352,922,551,807,2686,272,571,89,283,808,1051,183,1087,6772,18336,3015
0,3,0,11,0,0,9,0,7,14,6,1,0,18,9,28,1,0,21,12,2,13,1,6,6,1,2,1,11,23,13,0,1,3,19,33,11,0,30,0,10,7,12,2,3,0,0,4,4,1,6,7,219,2,13,25,244,282,307,298,318,29,99,187,768,8933,3907,166,1488,261,224,164,96,70,1942,156,22,52,400,3355,77,475,1393,8654,761,74,269,178,7459,208,219,1,77,20,146,32,106,179,625,740
0,0,0,1,0,0,1,21,314,5,9,31,31,2,4,6,2,0,16,647,2,42,45,18,541,11,162,8,0,1,2,37,119,24,2,4,29,59,3,6,2,1,8,83,218,1,51,1,0,7,9,12,140,3,12,37,2387,724,684,1119,127,75,403,459,846,2063,388,148,663,5539,240,971,130,2072,504,8029,1333,337,479,639,2487,11526,1352,761,19473,1517,89,66,662,8146,63,67,3047,96,1642,17,151,107,310,292
0,2,0,0,0,0,1,0,10,1,5,1,1,0,0,0,2,0,1,15,2,65,26,7,11,53,92,176,4,0,1,321,12,982,2,2,3,16,9,618,5,1,0,736,30,83,681,3,0,0,16,19,43,11,12,27,15,22,38,89,223,58,53,10,201,464,72,28,45,77,222,1332,68,208,148,6654,750,5809,847,51,9251,304,922,74,1517,25891,79,39,174,2897,75,1995,4620,3854,3279,36,34,319,333,235
4,8,7,22,4,5,35,99,935,45,54,67,59,32,21,44,38,13,79,122,13,44,10,142,57,2,23,7,20,63,40,7,53,9,60,124,794,4,107,14,40,10,50,11,9,0,8,18,5,4,8,7,44,8,68,29,140,961,492,7066,1070,333,193,81,76,161,286,285,924,137,1315,290,4570,951,1020,72,1804,221,206,394,30,152,551,269,89,79,5716,1466,891,91,4560,863,351,36,92,827,28,257,608,618
11,102,20,223,17,29,266,0,26,75,39,6,2,228,135,271,4,1,78,13,23,64,3,39,19,4,24,17,71,115,68,4,4,8,300,217,58,1,246,5,77,28,122,14,1,2,3,137,29,7,434,290,3187,121,2709,6767,5,15,32,271,718,44,19,8,1615,710,6609,18,5533,27,305,216,4054,222,539,32,112,28,567,90,9,45,807,178,66,39,1466,19736,848,90,7653,21,97,33,29,6957,602,352,742,569
0,2,1,3,1,0,3,1,14,25,10,1,1,14,8,40,1,1,46,7,4,23,0,12,7,0,4,3,13,29,19,1,2,2,33,57,18,0,44,1,16,7,14,0,1,1,4,3,0,2,10,8,149,3,32,38,93,112,179,417,376,116,270,132,382,10124,1690,131,1573,137,978,354,287,97,5151,220,23,105,459,1434,152,647,2686,7459,662,174,891,848,26311,131,1061,4,98,55,405,123,40,225,2597,6711
0,0,0,3,0,0,1,4,31,5,7,9,6,6,1,3,6,3,6,145,2,45,66,8,216,44,200,13,0,5,3,145,69,29,3,5,2,82,4,6,2,1,5,193,215,7,105,1,1,6,15,12,175,4,25,46,40,120,90,529,137,73,193,34,455,634,331,35,286,3273,120,3134,145,642,98,15470,953,536,201,114,2414,2722,272,208,8146,2897,91,90,131,19973,94,186,11230,188,2406,46,117,54,90,56
6,37,8,91,6,14,114,2,21,79,29,0,2,137,98,217,5,1,83,9,28,55,1,41,5,2,14,17,60,106,88,3,6,11,191,162,50,5,247,7,82,34,104,13,8,3,7,72,26,12,67,33,91,134,912,217,6,10,28,178,592,38,21,8,234,177,390,19,882,10,384,231,2192,670,699,60,1014,97,260,121,31,68,571,219,63,75,4560,7653,1061,94,12861,409,322,18,76,13945,244,295,620,564
0,0,1,3,0,0,0,1,5,2,2,1,0,0,0,2,0,0,1,6,0,80,30,2,7,28,79,229,3,0,0,281,6,1341,0,1,2,13,10,764,11,0,0,748,11,67,576,2,0,1,3,4,8,4,11,4,0,3,3,45,27,10,5,0,10,26,5,3,10,3,27,250,275,1075,11,179,12280,12320,141,4,173,25,89,1,67,1995,863,21,4,186,409,29830,8714,811,482,149,3,51,22,16
0,1,0,0,2,0,5,6,54,10,16,15,3,4,4,3,3,0,12,173,6,165,145,16,239,216,432,99,3,4,6,827,102,428,2,18,6,155,14,223,3,4,6,1120,281,56,620,0,1,5,12,9,124,5,31,45,21,61,50,549,246,153,238,31,216,332,165,51,224,909,230,5855,641,2728,77,5968,8255,1388,192,56,3626,2519,283,77,3047,4620,351,97,98,11230,322,8714,23353,978,4944,120,54,86,153,95
0,0,1,1,0,0,2,1,3,2,2,2,0,1,1,2,1,0,0,2,0,27,5,0,4,9,20,35,0,0,0,94,2,295,0,3,2,5,2,143,1,0,0,186,6,19,178,0,0,0,10,38,27,22,7,29,6,30,6,61,337,156,109,6,44,104,41,20,18,30,281,7067,31,69,41,250,177,11643,2350,8,263,76,808,20,96,3854,36,33,55,188,18,811,978,11014,3744,11,12,1057,337,140
0,0,0,1,0,0,1,1,13,5,5,5,1,1,3,2,1,0,2,17,1,49,30,6,31,57,116,24,0,4,1,211,13,141,1,1,4,43,1,59,2,2,4,381,59,15,201,2,0,0,8,13,27,8,6,10,35,106,119,306,459,180,306,89,157,553,63,134,113,196,760,5870,144,549,331,981,1661,972,455,182,4920,3239,1051,146,1642,3279,92,29,405,2406,76,482,4944,3744,10987,24,37,196,585,560
14,106,35,189,5,79,312,0,0,30,12,0,0,111,83,204,1,0,10,1,3,13,2,7,4,2,23,7,17,28,11,4,1,5,180,55,46,2,117,15,16,11,30,14,1,1,6,237,24,1,321,162,175,178,6123,419,0,1,2,48,111,4,7,1,283,93,537,2,149,7,32,74,127,111,61,26,252,36,161,6,6,17,183,32,17,36,827,6957,123,46,13945,149,120,11,24,9095,1033,73,149,108
1,12,13,22,2,5,36,0,1,5,0,0,0,25,17,29,0,0,1,2,0,6,0,1,4,0,3,1,4,12,4,1,0,1,24,7,3,0,21,1,7,2,7,0,2,0,0,11,2,0,11645,2736,2181,1027,5786,993,8,17,13,68,65,3,3,2,17842,1271,607,4,124,37,17,64,42,33,22,76,19,37,19170,16,21,46,1087,106,151,34,28,602,40,117,244,3,54,12,37,1033,43457,146,199,54
0,5,1,4,0,0,12,0,1,12,3,0,0,9,6,23,0,1,21,2,1,1,2,4,0,0,1,0,5,19,14,2,0,4,20,14,4,0,25,0,6,4,13,4,0,1,5,5,2,2,49,228,335,102,82,337,11,10,18,118,12885,76,41,6,310,655,460,8,322,16,328,2984,140,22,222,80,12,889,18896,30,35,84,6772,179,107,319,257,352,225,54,295,51,86,1057,196,73,146,31486,7615,849
1,3,4,10,0,0,16,0,18,17,11,3,1,15,19,41,2,2,53,3,7,21,0,18,0,1,3,3,13,12,21,3,0,2,26,53,16,4,50,2,11,3,23,6,1,0,7,8,1,2,43,137,374,49,115,374,18,29,46,348,16562,283,219,34,718,3208,928,44,724,34,1572,1342,391,48,1267,148,36,244,2189,117,152,403,18336,625,310,333,608,742,2597,90,620,22,153,337,585,149,199,7615,19552,8383
0,0,1,5,0,0,8,0,8,13,10,1,0,18,3,26,1,1,34,4,3,11,2,17,7,1,3,2,17,22,17,0,1,1,22,46,9,2,40,4,13,5,6,6,0,2,3,4,3,1,21,30,179,16,77,175,18,30,57,321,7481,275,243,57,368,4004,690,70,596,40,5267,605,318,39,2721,128,18,145,477,167,176,387,3015,740,292,235,618,569,6711,56,564,16,95,140,560,108,54,849,8383,11631
