12512,4372,5784,802,11885,2170,235,0,0,12,0,1,0,9956,22,16,0,0,1,1,0,157,0,0,0,1,1,27,735,504,1,1,0,6,7,10,8,0,6,0,127,23,5,2,3,8,2,14,2029,2,0,4,3,36,5,4,0,0,1,1,2,0,0,0,3,1,7,0,0,0,0,0,0,0,0,0,0,0,3,0,0,0,2,0,0,0,0,11,1,0,0,0,0,0,0,12,4,1,3,0
4372,33423,4886,21848,1201,253,977,3,5,196,4,2,1,7324,2045,293,3,1,18,9,3,819,1,8,8,5,3,46,698,937,23,5,4,5,201,80,140,3,151,2,697,318,60,6,13,9,9,179,656,25,18,85,54,54,69,128,0,0,2,4,5,2,0,0,64,15,113,0,16,0,1,4,2,1,3,0,0,1,32,2,0,0,19,7,0,0,8,124,3,3,24,0,0,0,0,144,16,3,9,7
5784,4886,22130,7014,7244,6133,13193,0,1,97,1,3,1,451,32,24,0,1,8,1,2,529,1,0,0,3,2,27,345,629,4,1,2,5,40,12,40,3,72,2,462,153,14,2,2,11,3,139,320,7,8,94,18,2146,33,210,0,0,0,3,3,0,0,0,18,6,25,0,2,0,1,3,2,0,2,0,0,0,6,0,0,0,8,1,0,1,3,37,1,1,2,0,0,1,0,71,8,2,2,0
802,21848,7014,48393,736,1649,14293,25,69,1018,33,11,6,3784,8614,8221,11,1,161,51,48,1215,11,40,46,13,20,62,792,1215,300,49,37,21,663,550,351,49,355,6,1502,999,1897,40,68,24,16,779,512,160,34,235,137,221,243,339,0,1,8,10,12,2,1,0,260,48,294,1,43,2,5,18,12,5,10,1,4,1,64,8,0,0,53,31,5,0,13,327,10,5,37,1,2,0,2,549,42,16,24,14
11885,1201,7244,736,17294,19488,825,2,0,13,1,0,0,4253,20,39,0,0,2,0,1,63,1,3,1,0,0,16,474,260,0,1,1,5,61,9,13,0,97,1,51,11,7,2,1,9,0,433,5699,0,1,6,1,165,7,8,0,0,0,0,1,0,0,0,4,1,11,0,1,1,0,1,1,0,1,0,0,0,3,0,0,0,2,1,0,0,0,13,0,1,2,0,0,0,0,12,1,0,0,2
2170,253,6133,1649,19488,17403,17026,0,0,32,4,0,1,65,28,74,1,0,2,2,4,42,0,10,3,0,4,2,37,26,2,2,2,1,206,42,34,0,521,3,37,23,9,6,0,1,0,2680,1946,5,77,24,13,860,28,93,0,0,0,0,3,0,0,0,16,3,24,0,4,0,1,0,0,0,0,0,0,0,6,0,0,0,3,2,0,0,0,21,1,0,4,0,0,1,0,58,7,1,0,0
235,977,13193,14293,825,17026,17232,12,33,675,38,8,2,776,741,2457,3,2,92,21,30,561,8,39,15,6,10,23,270,404,40,15,12,13,2659,431,304,25,577,1,604,411,233,24,37,8,7,1974,280,99,32,188,156,1930,216,515,0,0,2,5,23,0,1,1,205,32,205,0,37,2,5,10,8,5,6,1,5,0,52,1,2,0,44,29,1,0,9,272,6,3,47,0,3,1,1,534,20,10,19,8
0,3,0,25,2,0,12,39016,6886,134,1300,726,6850,294,545,375,4787,8796,766,5976,168,2349,372,177,349,21,131,29,69,196,1914,118,934,16,7,32,2482,86,17,5,102,194,1159,84,821,59,68,4,5,396,0,0,1,0,0,0,244,168,33,774,16,11,59,204,6,7,7,11,49,421,21,29,34,370,11,5,38,1,3,8,3,199,4,3,298,1,367,3,8,28,2,0,10,2,2,1,0,4,6,1
0,5,1,69,0,0,33,6886,67151,416,1123,3419,4879,290,465,254,1473,559,6896,4596,632,2285,953,11588,9278,82,4866,66,59,116,633,311,2172,79,37,534,12546,239,88,181,97,143,594,732,463,111,260,7,7,99,0,3,5,1,1,2,428,381,111,4158,64,33,140,418,6,13,29,25,302,785,76,78,65,977,38,23,132,6,8,32,5,473,20,9,723,3,847,29,18,105,9,2,61,5,22,4,1,8,18,13
12,196,97,1018,13,32,675,134,416,39098,5120,3721,419,158,303,1237,532,74,1020,226,8619,5599,782,294,192,62,152,81,614,97,497,617,963,66,431,1595,1174,171,891,23,19766,8320,2739,207,476,264,496,187,29,5868,2,7,11,10,3,9,5,5,52,71,94,7,1,1,16,17,77,5,198,8,44,27,40,15,43,8,12,1,19,35,2,2,49,22,12,2,30,130,29,12,30,3,15,1,7,19,4,14,66,22
0,4,1,33,1,4,38,1300,1123,5120,4642,12822,694,34,32,300,647,102,1630,272,1351,3172,1616,168,147,22,95,86,19,13,107,106,424,37,70,499,536,80,189,9,61,55,106,137,100,253,246,28,8,12,0,1,3,0,0,3,2,14,25,34,27,10,1,2,1,7,23,4,60,2,19,12,11,14,28,2,6,0,5,13,3,9,11,6,7,0,18,35,11,4,5,4,3,0,2,5,2,10,17,3
1,2,3,11,0,0,8,726,3419,3721,12822,23202,8752,26,35,42,4743,256,564,1282,4612,2431,6075,280,2155,53,447,108,18,46,161,355,7924,56,12,169,1029,290,55,12,108,307,276,405,705,434,667,4,3,93,0,1,1,0,0,1,6,13,15,60,13,7,6,9,2,4,1,3,32,28,13,10,8,87,4,14,33,0,0,4,4,27,5,1,55,5,34,9,3,45,1,5,30,1,10,0,0,0,5,1
0,1,1,6,0,1,2,6850,4879,419,694,8752,20753,25,58,24,6296,650,214,3481,623,486,434,85,1057,23,220,19,15,72,667,305,6192,23,7,37,933,45,20,1,88,235,325,75,815,41,141,2,0,268,0,0,2,0,1,0,75,57,7,263,3,6,37,69,1,7,5,2,24,200,3,21,11,281,4,5,32,4,3,4,0,121,2,4,219,1,126,3,2,46,1,0,18,0,5,1,0,0,0,2
9956,7324,451,3784,4253,65,776,294,290,158,34,26,25,66767,9319,1868,10,21,425,352,41,316,76,32,100,169,46,195,6252,21041,485,303,183,200,674,660,585,429,706,57,438,783,1966,178,940,40,135,205,12432,4275,19,98,93,42,85,138,0,0,2,33,54,1,2,0,193,68,373,2,105,8,8,22,14,20,14,3,11,6,109,6,0,5,115,83,15,0,20,393,37,12,95,3,16,1,5,198,47,23,34,25
22,2045,32,8614,20,28,741,545,465,303,32,35,58,9319,11408,2679,21,52,730,506,62,273,68,39,105,115,45,60,347,1118,567,227,164,104,345,653,367,288,257,28,436,1057,11116,141,1036,13,70,138,107,6196,14,48,35,14,45,75,0,3,6,10,12,1,2,4,80,26,133,0,30,2,5,21,11,16,4,2,6,3,33,3,2,5,36,27,15,0,16,147,6,7,26,1,11,0,4,95,16,6,15,5
16,293,24,8221,39,74,2457,375,254,1237,300,42,24,1868,2679,30234,73,183,8064,165,268,442,31,74,69,27,15,28,303,545,12003,43,58,17,658,4271,584,94,392,10,522,556,7452,49,196,2,20,185,138,254,12,34,31,20,41,57,0,2,21,27,64,2,3,0,94,38,166,1,197,9,18,31,28,10,44,2,3,2,50,12,2,3,83,35,8,0,34,210,39,6,38,0,3,1,1,88,14,19,53,29
0,3,0,11,0,1,3,4787,1473,532,647,4743,6296,10,21,73,7885,1978,624,146,4656,186,547,116,82,10,36,9,6,24,1800,133,1874,6,8,67,585,26,17,2,33,112,312,54,97,45,125,0,1,110,0,0,1,0,0,0,2,10,5,36,10,4,1,2,0,1,2,1,5,3,6,5,2,7,8,2,4,0,0,1,0,3,1,0,6,0,15,2,1,2,1,0,5,0,1,1,0,1,1,0
0,1,1,1,0,0,2,8796,559,74,102,256,650,21,52,183,1978,3505,1111,209,546,97,103,55,24,5,12,5,5,17,3334,65,421,5,4,32,303,18,16,1,17,59,222,14,153,3,33,1,0,93,0,0,0,0,1,0,1,6,21,34,16,4,2,0,0,0,3,4,20,3,16,7,7,4,12,0,2,1,1,6,0,4,3,2,8,0,9,5,3,3,1,0,1,0,1,2,0,1,11,0
1,18,8,161,2,2,92,766,6896,1020,1630,564,214,425,730,8064,624,1111,18747,569,1668,903,170,1066,966,41,246,29,85,161,6171,101,261,28,86,6150,2377,155,294,32,204,270,1438,244,183,22,71,11,14,239,2,8,14,2,8,5,6,14,198,196,252,30,14,5,20,23,100,21,880,33,108,54,140,47,161,3,15,3,35,82,6,20,71,38,52,1,64,210,62,23,52,1,11,0,9,15,5,42,98,65
1,9,1,51,0,2,21,5976,4596,226,272,1282,3481,352,506,165,146,209,569,17846,238,1003,1129,87,3149,154,1164,85,106,327,631,1390,6706,146,11,78,492,2665,35,19,230,427,834,1245,6193,133,350,6,6,534,0,0,4,0,2,3,126,75,19,321,11,8,99,117,5,22,9,6,66,535,10,122,28,1255,11,26,203,3,4,19,8,465,17,9,902,6,151,12,10,319,3,1,161,1,36,4,0,3,7,3
0,3,2,48,1,4,30,168,632,8619,1351,4612,623,41,62,268,4656,546,1668,238,13666,297,697,345,159,18,96,34,19,57,1248,480,1211,21,74,666,1174,107,301,8,561,1165,8455,100,389,113,325,27,5,1371,0,1,3,0,0,1,0,11,52,46,58,13,3,1,4,4,13,6,120,3,22,17,28,12,31,4,3,0,7,19,2,4,5,7,12,0,7,25,21,8,5,0,9,0,2,5,0,12,16,3
157,819,529,1215,63,42,561,2349,2285,5599,3172,2431,486,316,273,442,186,97,903,1003,297,16662,2971,125,935,774,1291,3987,6452,904,207,651,395,1850,165,470,548,772,414,470,14156,1418,585,2668,886,4469,1538,71,66,212,1,13,7,16,7,8,8,9,10,59,39,1,8,5,18,21,81,2,98,19,22,39,30,81,18,66,75,5,22,21,26,21,51,41,64,45,21,112,43,75,40,69,149,19,61,18,4,11,22,19
0,1,1,11,1,0,8,372,953,782,1616,6075,434,76,68,31,547,103,170,1129,697,2971,9931,114,1804,901,1880,364,31,50,59,941,2912,429,7,55,191,1294,79,106,62,98,121,2602,1183,4445,9086,14,2,33,0,0,2,1,0,0,7,0,2,19,2,0,4,5,3,2,1,1,7,22,3,54,5,79,1,78,94,4,2,2,26,18,2,2,47,21,7,3,1,99,0,31,193,7,69,2,1,0,1,2
0,8,0,40,3,10,39,177,11588,294,168,280,85,32,39,74,116,55,1066,87,345,125,114,9502,1409,36,1271,54,15,27,198,137,115,45,148,4830,4783,51,5429,280,33,60,106,438,57,21,100,96,12,19,0,1,3,0,4,1,14,6,29,118,43,5,7,12,6,3,18,4,137,20,17,16,25,45,31,4,11,1,5,20,0,17,23,7,24,0,48,33,6,10,7,2,17,0,2,6,1,6,20,7
0,8,0,46,1,3,15,349,9278,192,147,2155,1057,100,105,69,82,24,966,3149,159,935,1804,1409,5854,70,9960,75,33,83,65,404,3043,98,35,404,607,264,180,86,86,164,146,1183,911,162,385,34,7,125,0,3,5,0,0,2,79,29,12,243,3,3,71,54,13,22,18,5,79,361,13,153,22,1334,13,43,308,2,5,13,15,345,17,12,813,7,82,13,11,356,5,7,226,4,41,7,1,1,7,5
1,5,3,13,0,0,6,21,82,62,22,53,23,169,115,27,10,5,41,154,18,774,901,36,70,21208,1025,257,36,64,13,14463,177,2873,6,12,47,6925,39,131,46,45,96,5539,6803,433,2268,3,4,35,0,1,0,0,1,0,0,0,1,2,2,0,1,1,2,1,0,0,5,4,2,43,2,14,0,184,93,10,2,0,88,14,2,1,16,70,1,1,5,98,1,95,358,27,98,2,1,0,3,0
1,3,2,20,0,4,10,131,4866,152,95,447,220,46,45,15,36,12,246,1164,96,1291,1880,1271,9960,1025,22319,1944,32,50,43,3480,1011,1322,22,165,2110,784,1454,9681,49,50,56,14313,1731,306,3130,89,20,21,0,3,2,1,4,5,19,8,4,113,5,5,38,27,5,15,11,2,28,181,5,100,29,545,5,165,462,35,2,6,65,219,9,2,363,59,24,14,5,236,2,102,416,23,153,14,4,3,3,3
27,46,27,62,16,2,23,29,66,81,86,108,19,195,60,28,9,5,29,85,34,3987,364,54,75,257,1944,46506,3862,700,16,980,97,9581,7,29,494,321,437,10952,1055,81,42,926,608,15495,7068,24,29,18,0,0,0,1,1,2,0,0,1,0,2,0,1,0,2,1,3,0,4,3,0,4,1,9,0,18,31,143,0,2,13,2,2,5,7,87,4,3,1,8,3,354,65,25,16,3,1,0,1,1
735,698,345,792,474,37,270,69,59,614,19,18,15,6252,347,303,6,5,85,106,19,6452,31,15,33,36,32,3862,123079,17803,110,156,72,334,164,197,200,97,209,148,32014,469,421,90,300,1555,160,47,8112,100,5,13,6,6,20,16,0,0,2,2,15,0,0,0,32,14,57,0,42,3,3,8,5,2,12,3,6,1,13,5,0,0,28,23,6,4,15,96,17,2,28,7,5,2,0,21,5,7,22,10
504,937,629,1215,260,26,404,196,116,97,13,46,72,21041,1118,545,24,17,161,327,57,904,50,27,83,64,50,700,17803,41782,198,443,297,183,178,276,309,126,336,58,8416,8540,1046,81,805,153,127,74,2810,1611,0,12,18,17,16,21,1,0,2,7,27,2,1,0,49,30,103,0,76,3,3,14,18,20,11,0,9,2,30,1,2,1,40,47,5,3,10,126,37,9,45,3,13,0,2,34,8,15,27,33
1,23,4,300,0,2,40,1914,633,497,107,161,667,485,567,12003,1800,3334,6171,631,1248,207,59,198,65,13,43,16,110,198,15112,147,480,35,119,954,1220,110,270,8,247,459,14312,55,747,5,38,22,32,465,2,12,9,2,7,14,3,10,81,73,97,17,11,2,15,18,71,10,223,13,50,33,55,15,67,4,9,1,34,33,2,5,49,32,15,2,34,144,25,11,30,1,6,2,5,18,5,18,48,20
1,5,1,49,1,2,15,118,311,617,106,355,305,303,227,43,133,65,101,1390,480,651,941,137,404,14463,3480,980,156,443,147,39380,8395,6214,6,62,205,3844,198,643,359,734,376,5882,8466,662,16286,20,16,430,0,1,2,1,2,1,1,3,1,8,4,0,5,2,2,4,1,1,7,4,4,106,6,52,1,355,238,48,3,0,152,22,5,2,42,334,5,6,1,183,3,363,919,119,260,6,0,0,3,3
0,4,2,37,1,2,12,934,2172,963,424,7924,6192,183,164,58,1874,421,261,6706,1211,395,2912,115,3043,177,1011,97,72,297,480,8395,14484,152,12,86,366,1338,70,32,409,927,583,1112,8720,293,3421,5,5,721,1,0,1,0,0,0,26,7,6,73,2,2,20,25,1,3,4,2,20,89,3,50,7,266,6,35,84,3,2,3,10,73,5,2,174,10,36,6,7,103,1,10,88,0,28,0,0,0,3,2
6,5,5,21,5,1,13,16,79,66,37,56,23,200,104,17,6,5,28,146,21,1850,429,45,98,2873,1322,9581,334,183,35,6214,152,30110,3,18,180,1047,194,7607,212,63,57,7315,1534,4006,8540,13,13,35,0,1,0,0,0,0,0,1,1,2,3,3,1,0,0,2,1,0,7,4,0,32,1,18,0,77,86,214,2,0,69,3,3,0,10,559,4,2,0,29,6,1081,430,161,106,3,0,1,4,1
7,201,40,663,61,206,2659,7,37,431,70,12,7,674,345,658,8,4,86,11,74,165,7,148,35,6,22,7,164,178,119,6,12,3,2311,1631,577,11,2745,5,190,145,255,14,13,1,5,3045,195,34,11,47,34,18,47,66,0,1,8,4,26,2,0,0,73,25,141,0,58,1,4,16,15,5,8,1,1,2,54,7,1,2,32,34,4,1,13,184,21,1,42,0,1,0,4,85,8,12,24,11
10,80,12,550,9,42,431,32,534,1595,499,169,37,660,653,4271,67,32,6150,78,666,470,55,4830,404,12,165,29,197,276,954,62,86,18,1631,12263,2351,67,6900,55,406,429,1197,164,65,8,28,384,110,166,6,26,15,7,19,32,3,5,47,69,110,12,4,0,68,50,184,8,437,14,43,38,65,17,81,4,10,1,80,40,2,8,110,101,15,1,63,334,100,12,80,2,6,2,3,77,21,30,97,57
8,140,40,351,13,34,304,2482,12546,1174,536,1029,933,585,367,584,585,303,2377,492,1174,548,191,4783,607,47,2110,494,200,309,1220,205,366,180,577,2351,5318,59,9940,1612,416,382,1174,599,131,57,188,610,69,235,5,21,19,7,28,13,79,119,40,965,64,15,28,89,33,22,57,11,172,97,27,22,64,82,39,6,8,8,17,19,4,59,33,22,64,4,1013,117,33,9,35,13,10,2,2,68,7,9,34,26
0,3,3,49,0,0,25,86,239,171,80,290,45,429,288,94,26,18,155,2665,107,772,1294,51,264,6925,784,321,97,126,110,3844,1338,1047,11,67,59,11102,53,122,89,99,194,7455,7087,173,1871,7,17,61,0,0,2,0,0,0,1,3,3,8,3,4,4,1,2,3,6,0,8,9,1,74,5,83,4,82,139,6,1,0,34,27,1,1,72,9,1,1,2,129,1,13,163,7,76,1,0,0,0,0
6,151,72,355,97,521,577,17,88,891,189,55,20,706,257,392,17,16,294,35,301,414,79,5429,180,39,1454,437,209,336,270,198,70,194,2745,6900,9940,53,27698,1490,363,332,818,693,64,57,172,6559,494,131,6,43,36,19,31,40,0,0,19,52,82,8,3,0,83,61,195,1,251,2,17,27,26,7,49,6,6,7,65,22,1,7,81,64,7,6,37,278,43,9,80,11,9,2,4,64,17,26,76,38
0,2,2,6,1,3,1,5,181,23,9,12,1,57,28,10,2,1,32,19,8,470,106,280,86,131,9681,10952,148,58,8,643,32,7607,5,55,1612,122,1490,23194,66,12,20,8948,191,754,1202,77,7,6,0,0,0,1,0,1,1,0,1,2,2,1,1,0,3,0,1,0,1,0,1,13,3,13,0,43,83,491,6,0,36,2,1,2,9,442,9,5,2,23,5,1602,311,114,60,8,1,2,0,1
127,697,462,1502,51,37,604,102,97,19766,61,108,88,438,436,522,33,17,204,230,561,14156,62,33,86,46,49,1055,32014,8416,247,359,409,212,190,406,416,89,363,66,90193,14619,1243,91,509,347,191,78,157,1650,2,7,12,11,11,7,1,1,7,9,28,1,1,0,24,15,61,1,88,3,9,11,12,7,12,1,3,1,24,6,1,4,32,30,8,1,12,84,22,4,25,4,7,1,4,20,3,5,26,18
23,318,153,999,11,23,411,194,143,8320,55,307,235,783,1057,556,112,59,270,427,1165,1418,98,60,164,45,50,81,469,8540,459,734,927,63,145,429,382,99,332,12,14619,16318,4413,67,916,62,240,72,23,10993,0,3,2,3,4,3,2,1,8,19,23,3,2,1,2,11,26,1,54,7,3,10,9,18,11,1,4,2,14,8,0,3,19,18,8,1,8,45,15,4,20,1,13,0,1,9,3,6,14,10
5,60,14,1897,7,9,233,1159,594,2739,106,276,325,1966,11116,7452,312,222,1438,834,8455,585,121,106,146,96,56,42,421,1046,14312,376,583,57,255,1197,1174,194,818,20,1243,4413,51087,94,1265,30,108,77,77,14316,3,16,7,1,8,16,0,1,18,44,65,2,4,2,26,13,90,1,217,8,14,32,22,22,30,1,12,0,37,27,1,9,41,29,10,0,30,142,18,12,39,3,13,0,2,19,4,24,41,18
2,6,2,40,2,6,24,84,732,207,137,405,75,178,141,49,54,14,244,1245,100,2668,2602,438,1183,5539,14313,926,90,81,55,5882,1112,7315,14,164,599,7455,693,8948,91,67,94,31143,1447,1436,5581,66,18,24,0,1,0,2,1,7,1,1,0,9,9,4,5,1,5,8,6,0,14,15,4,187,12,111,5,568,413,108,14,3,264,42,8,1,101,642,7,8,3,309,11,878,1529,197,444,15,0,3,6,3
3,13,2,68,1,0,37,821,463,476,100,705,815,940,1036,196,97,153,183,6193,389,886,1183,57,911,6803,1731,608,300,805,747,8466,8720,1534,13,65,131,7087,64,191,509,916,1265,1447,23996,144,1546,10,15,870,0,0,1,0,1,3,10,4,5,44,2,7,19,6,10,8,10,1,21,123,7,151,11,639,2,119,369,8,8,7,49,121,11,5,388,26,12,12,4,399,4,24,333,7,108,5,2,1,2,4
8,9,11,24,9,1,8,59,111,264,253,434,41,40,13,2,45,3,22,133,113,4469,4445,21,162,433,306,15495,1555,153,5,662,293,4006,1,8,57,173,57,754,347,62,30,1436,144,10927,10021,2,10,15,0,0,2,0,0,0,1,1,0,3,2,1,0,0,2,0,2,0,2,3,1,6,0,7,0,25,22,23,0,0,9,4,1,1,2,90,0,3,1,15,0,149,100,23,18,0,0,3,4,0
2,9,3,16,0,0,7,68,260,496,246,667,141,135,70,20,125,33,71,350,325,1538,9086,100,385,2268,3130,7068,160,127,38,16286,3421,8540,5,28,188,1871,172,1202,191,240,108,5581,1546,10021,29910,15,3,86,0,0,0,1,1,0,1,2,0,9,4,1,1,0,1,1,1,0,4,4,2,81,2,33,0,257,162,121,2,3,102,26,2,2,41,459,4,2,2,128,7,718,729,113,236,6,0,0,1,2
14,179,139,779,433,2680,1974,4,7,187,28,4,2,205,138,185,0,1,11,6,27,71,14,96,34,3,89,24,47,74,22,20,5,13,3045,384,610,7,6559,77,78,72,77,66,10,2,15,4854,965,24,15,79,52,40,79,112,0,0,3,7,7,1,1,0,74,12,112,0,22,0,1,3,7,4,6,1,0,1,20,1,0,1,22,10,0,0,3,123,4,2,9,1,5,1,0,241,13,3,8,2
2029,656,320,512,5699,1946,280,5,7,29,8,3,0,12432,107,138,1,0,14,6,5,66,2,12,7,4,20,29,8112,2810,32,16,5,13,195,110,69,17,494,7,157,23,77,18,15,10,3,965,18606,3,4,17,17,3,9,11,0,0,0,0,1,1,0,0,15,2,22,0,8,0,1,4,2,0,1,0,0,0,8,0,0,0,10,4,0,1,2,26,3,0,6,0,1,0,0,20,4,0,3,1
2,25,7,160,0,5,99,396,99,5868,12,93,268,4275,6196,254,110,93,239,534,1371,212,33,19,125,35,21,18,100,1611,465,430,721,35,34,166,235,61,131,6,1650,10993,14316,24,870,15,86,24,3,16757,0,0,0,0,0,1,2,0,3,4,13,1,1,0,2,2,7,0,14,3,2,3,4,19,4,1,2,1,4,3,0,3,5,5,4,1,6,15,2,10,4,0,2,0,0,1,0,2,3,2
0,18,8,34,1,77,32,0,0,2,0,0,0,19,14,12,0,0,2,0,0,1,0,0,0,0,0,0,5,0,2,0,1,0,11,6,5,0,6,0,2,0,3,0,0,0,0,15,4,0,31634,15409,2758,14516,8827,2481,1,0,1,7,27,0,2,0,10586,133,309,0,25,4,7,71,14,13,2,9,5,18,1686,2,1,0,437,10,10,8,14,307,12,16,67,5,13,6,3,281,14187,55,49,20
4,85,94,235,6,24,188,0,3,7,1,1,0,98,48,34,0,0,8,0,1,13,0,1,3,1,3,0,13,12,12,1,0,1,47,26,21,0,43,0,7,3,16,1,0,0,0,79,17,0,15409,39446,10232,14378,1449,5731,0,4,5,16,124,1,3,1,8883,235,259,0,40,2,10,372,10,6,12,9,6,54,2701,2,3,3,1514,18,13,18,33,202,16,25,27,8,19,36,15,293,3057,257,253,32
3,54,18,137,1,13,156,1,5,11,3,1,2,93,35,31,1,0,14,4,3,7,2,3,5,0,2,0,6,18,9,2,1,0,34,15,19,2,36,0,12,2,7,0,1,2,0,52,17,0,2758,10232,29899,778,624,13711,8,6,32,95,254,10,9,3,13267,5849,6151,6,358,54,41,201,40,113,45,50,40,37,1753,26,15,30,1256,80,97,26,66,1114,96,251,41,11,106,17,30,224,2713,219,422,170
36,54,2146,221,165,860,1930,0,1,10,0,0,0,42,14,20,0,0,2,0,0,16,1,0,0,0,1,1,6,17,2,1,0,0,18,7,7,0,19,1,11,3,1,2,0,0,1,40,3,0,14516,14378,778,23798,12600,16875,0,1,0,1,35,1,2,0,325,50,91,0,9,0,2,107,4,5,2,8,2,17,736,0,3,1,490,1,8,2,8,228,3,7,326,2,12,13,2,348,815,79,64,12
5,69,33,243,7,28,216,0,1,3,0,0,1,85,45,41,0,1,8,2,0,7,0,4,0,1,4,1,20,16,7,2,0,0,47,19,28,0,31,0,11,4,8,1,1,0,1,79,9,0,8827,1449,624,12600,19345,7228,0,2,2,19,90,2,2,0,267,41,581,0,86,3,9,40,59,33,20,9,41,8,207,1,2,4,172,10,8,4,72,4772,26,29,875,13,25,2,7,6207,5305,38,102,77
4,128,210,339,8,93,515,0,2,9,3,1,0,138,75,57,0,0,5,3,1,8,0,1,2,0,5,2,16,21,14,1,0,0,66,32,13,0,40,1,7,3,16,7,3,0,0,112,11,1,2481,5731,13711,16875,7228,22666,3,1,6,25,270,5,3,1,1430,372,711,1,67,8,14,213,20,35,16,19,17,27,889,6,4,11,964,16,27,7,32,2200,44,61,625,5,31,10,9,665,707,192,395,183
0,0,0,0,0,0,0,244,428,5,2,6,75,0,0,0,2,1,6,126,0,8,7,14,79,0,19,0,0,1,3,1,26,0,0,3,79,1,0,1,1,2,0,1,10,1,1,0,0,2,1,0,8,0,0,3,2569,6645,843,1583,31,32,369,3747,67,361,84,603,377,1578,151,160,27,277,174,13,81,3,37,482,9,1276,60,223,1866,7,281,4,172,19,1,2,16,5,24,1,7,4,17,25
0,0,0,1,0,0,0,168,381,5,14,13,57,0,3,2,10,6,14,75,11,9,0,6,29,0,8,0,0,0,10,3,7,1,1,5,119,3,0,0,1,1,1,1,4,1,2,0,0,0,0,4,6,1,2,1,6645,25719,4993,7781,199,703,1032,3617,73,337,155,6416,841,2889,954,1423,126,296,539,65,76,14,41,2065,39,964,77,269,1009,18,1182,12,211,213,8,5,86,34,129,1,13,10,37,39
1,2,0,8,0,0,2,33,111,52,25,15,7,2,6,21,5,21,198,19,52,10,2,29,12,1,4,1,2,2,81,1,6,1,8,47,40,3,19,1,7,8,18,0,5,0,0,3,0,3,1,5,32,0,2,6,843,4993,6252,3285,445,867,583,596,57,217,433,3141,3607,623,1313,840,153,257,1301,74,45,11,32,5204,42,595,75,286,763,21,978,49,255,246,39,2,68,17,119,6,7,33,96,90
1,4,3,10,0,0,5,774,4158,71,34,60,263,33,10,27,36,34,196,321,46,59,19,118,243,2,113,0,2,7,73,8,73,2,4,69,965,8,52,2,9,19,44,9,44,3,9,7,0,4,7,16,95,1,19,25,1583,7781,3285,54856,963,1914,2982,2778,121,275,512,1364,7923,3213,2147,2463,10556,9615,633,85,1540,39,94,495,87,1413,204,194,857,50,12137,289,267,503,83,47,371,58,266,33,31,75,258,214
2,5,3,12,1,3,23,16,64,94,27,13,3,54,12,64,10,16,252,11,58,39,2,43,3,2,5,2,15,27,97,4,2,3,26,110,64,3,82,2,28,23,65,9,2,2,4,7,1,13,27,124,254,35,90,270,31,199,445,963,35240,2994,1004,81,211,456,1469,98,2256,94,4413,2783,359,176,1078,148,87,146,518,155,140,226,723,310,187,223,1702,941,585,188,406,48,273,295,691,246,59,22197,18265,6269
0,2,0,2,0,0,0,11,33,7,10,7,6,1,1,2,4,4,30,8,13,1,0,5,3,0,5,0,0,2,17,0,2,3,2,12,15,4,8,1,1,3,2,4,7,1,1,1,1,1,0,1,10,1,2,5,32,703,867,1914,2994,6980,6282,265,18,39,96,189,580,151,2951,6958,171,192,252,27,73,29,27,70,35,298,53,33,86,47,607,62,77,149,20,21,194,136,238,11,3,51,190,108
0,0,0,1,0,0,1,59,140,1,1,6,37,2,2,3,1,2,14,99,3,8,4,7,71,1,38,1,0,1,11,5,20,1,0,4,28,4,3,1,1,2,4,5,19,0,1,1,0,1,2,3,9,2,2,3,369,1032,583,2982,1004,6282,10966,4929,16,75,68,2443,315,904,5547,6713,111,2093,1022,66,313,49,39,468,157,6588,110,95,625,86,403,33,276,392,12,21,273,181,607,1,3,28,183,201
0,0,0,0,0,0,1,204,418,1,2,9,69,0,4,0,2,0,5,117,1,5,5,12,54,1,27,0,0,0,2,2,25,0,0,0,89,1,0,0,0,1,2,1,6,0,0,0,0,0,0,1,3,0,0,1,3747,3617,596,2778,81,265,4929,13342,10,91,35,3892,264,1320,974,587,32,665,336,15,123,5,7,504,28,3335,33,92,741,10,295,5,128,51,2,3,39,13,84,1,1,3,23,36
3,64,18,260,4,16,205,6,6,16,1,2,1,193,80,94,0,0,20,5,4,18,3,6,13,2,5,2,32,49,15,2,1,0,73,68,33,2,83,3,24,2,26,5,10,2,1,74,15,2,10586,8883,13267,325,267,1430,67,73,57,121,211,18,16,10,45650,12596,2525,9,488,114,45,288,56,161,66,348,60,100,6753,59,86,196,9755,372,547,104,103,895,326,507,120,23,214,23,89,314,12524,162,464,297
1,15,6,48,1,3,32,7,13,17,7,4,7,68,26,38,1,0,23,22,4,21,2,3,22,1,15,1,14,30,18,4,3,2,25,50,22,3,61,0,15,11,13,8,8,0,1,12,2,2,133,235,5849,50,41,372,361,337,217,275,456,39,75,91,12596,36948,3228,42,1313,325,155,570,46,276,420,815,92,167,2589,436,323,775,10609,4174,1920,227,191,431,10420,990,102,51,305,66,341,91,744,345,2458,3933
7,113,25,294,11,24,205,7,29,77,23,1,5,373,133,166,2,3,100,9,13,81,1,18,18,0,11,3,57,103,71,1,4,1,141,184,57,6,195,1,61,26,90,6,10,2,1,112,22,7,309,259,6151,91,581,711,84,155,433,512,1469,96,68,35,2525,3228,25536,77,11432,197,339,443,111,269,952,126,84,39,1134,5130,49,174,1685,4229,340,45,403,3353,1738,429,356,14,212,27,71,1024,687,459,1228,970
0,0,0,1,0,0,0,11,25,5,4,3,2,2,0,1,1,4,21,6,6,2,1,4,5,0,2,0,0,0,10,1,2,0,0,8,11,0,1,0,1,1,1,0,1,0,0,0,0,0,0,0,6,0,0,1,603,6416,3141,1364,98,189,2443,3892,9,42,77,10644,602,103,3346,439,57,85,1598,20,23,7,9,4041,36,668,27,89,154,8,294,21,165,43,5,2,32,12,104,1,1,5,34,71
0,16,2,43,1,4,37,49,302,198,60,32,24,105,30,197,5,20,880,66,120,98,7,137,79,5,28,4,42,76,223,7,20,7,58,437,172,8,251,1,88,54,217,14,21,2,4,22,8,14,25,40,358,9,86,67,377,841,3607,7923,2256,580,315,264,488,1313,11432,602,15653,564,1930,803,3289,1262,3242,132,379,34,332,3734,72,490,819,1437,759,47,2161,2703,1553,543,892,30,290,15,160,255,122,308,1043,601
0,0,0,2,1,0,2,421,785,8,2,28,200,8,2,9,3,3,33,535,3,19,22,20,361,4,181,3,3,3,13,4,89,4,1,14,97,9,2,0,3,7,8,15,123,3,4,0,0,3,4,2,54,0,3,8,1578,2889,623,3213,94,151,904,1320,114,325,197,103,564,9503,123,890,76,3944,143,199,616,31,55,336,58,2342,122,227,3493,62,414,22,178,4845,9,10,458,48,197,4,17,20,61,57
0,1,1,5,0,1,5,21,76,44,19,13,3,8,5,18,6,16,108,10,22,22,3,17,13,2,5,0,3,3,50,4,3,0,4,43,27,1,17,1,9,3,14,4,7,1,2,1,1,2,7,10,41,2,9,14,151,954,1313,2147,4413,2951,5547,974,45,155,339,3346,1930,123,12191,1967,372,196,7085,83,90,175,96,1221,174,734,341,159,243,201,1537,317,1041,105,126,28,168,203,834,54,13,230,1294,3983
0,4,3,18,1,0,10,29,78,27,12,10,21,22,21,31,5,7,54,122,17,39,54,16,153,43,100,4,8,14,33,106,50,32,16,38,22,74,27,13,11,10,32,187,151,6,81,3,4,3,71,372,201,107,40,213,160,1423,840,2463,2783,6958,6713,587,288,570,443,439,803,890,1967,36362,209,3402,550,806,3253,1371,2985,230,619,4818,1805,227,1218,1076,488,250,363,3680,194,436,5727,6270,6717,121,53,2335,1308,494
0,2,2,12,1,0,8,34,65,40,11,8,11,14,11,28,2,7,140,28,28,30,5,25,22,2,29,1,5,18,55,6,7,1,15,65,64,5,26,3,12,9,22,12,11,0,2,7,2,4,14,10,40,4,59,20,27,126,153,10556,359,171,111,32,56,46,111,57,3289,76,372,209,8159,3315,228,55,1148,25,59,88,38,116,131,27,86,24,4415,3152,81,72,2145,212,267,13,116,151,31,53,162,77
0,1,0,5,0,0,5,370,977,15,14,87,281,20,16,10,7,4,47,1255,12,81,79,45,1334,14,545,9,2,20,15,52,266,18,5,17,82,83,7,13,7,18,22,111,639,7,33,4,0,19,13,6,113,5,33,35,277,296,257,9615,176,192,2093,665,161,276,269,85,1262,3944,196,3402,3315,19401,184,425,12015,196,92,142,252,5114,203,128,3474,155,1900,446,206,2063,715,832,3157,118,989,221,48,33,141,112
0,3,2,10,1,0,6,11,38,43,28,4,4,14,4,44,8,12,161,11,31,18,1,31,13,0,5,0,12,11,67,1,6,0,8,81,39,4,49,0,12,11,30,5,2,0,0,6,1,4,2,12,45,2,20,16,174,539,1301,633,1078,252,1022,336,66,420,952,1598,3242,143,7085,550,228,184,9461,141,62,93,129,4907,183,607,706,1795,535,131,1290,537,6544,166,245,16,93,64,422,111,11,155,1431,3091
0,0,0,1,0,0,1,5,23,8,2,14,5,3,2,2,2,0,3,26,4,66,78,4,43,184,165,18,3,0,4,355,35,77,1,4,6,82,6,43,1,1,1,568,119,25,257,1,0,1,9,9,50,8,9,19,13,65,74,85,148,27,66,15,348,815,126,20,132,199,83,806,55,425,141,11949,1698,977,318,89,10793,683,875,136,8142,6929,35,32,253,12895,49,384,5472,371,1267,33,43,80,236,208
0,0,0,4,0,0,5,38,132,12,6,33,32,11,6,3,4,2,15,203,3,75,94,11,308,93,462,31,6,9,9,238,84,86,1,10,8,139,6,83,3,4,12,413,369,22,162,0,0,2,5,6,40,2,41,17,81,76,45,1540,87,73,313,123,60,92,84,23,379,616,90,3253,1148,12015,62,1698,19825,1077,60,25,1027,1917,86,30,2368,553,1631,215,53,1464,1236,11171,10978,251,2867,519,49,22,54,43
0,1,0,1,0,0,0,1,6,1,0,0,4,6,3,2,0,1,3,3,0,5,4,1,2,10,35,143,1,2,1,48,3,214,2,1,8,6,7,491,1,2,0,108,8,23,121,1,0,1,18,54,37,17,8,27,3,14,11,39,146,29,49,5,100,167,39,7,34,31,175,1371,25,196,93,977,1077,32077,4845,18,797,78,929,30,427,8995,177,34,91,580,124,12224,1721,14324,1029,87,23,552,353,179
3,32,6,64,3,6,52,3,8,19,5,0,3,109,33,50,0,1,35,4,7,22,2,5,5,2,2,0,13,30,34,3,2,2,54,80,17,1,65,6,24,14,37,14,8,0,2,20,8,4,1686,2701,1753,736,207,889,37,41,32,94,518,27,39,7,6753,2589,1134,9,332,55,96,2985,59,92,129,318,60,4845,192015,29,147,198,35486,351,434,548,278,535,395,276,206,201,299,1630,314,201,20710,24104,2496,384
0,2,0,8,0,0,1,8,32,35,13,4,4,6,3,12,1,6,82,19,19,21,2,20,13,0,6,2,5,1,33,0,3,0,7,40,19,0,22,0,6,8,27,3,7,0,3,1,0,3,2,2,26,0,1,6,482,2065,5204,495,155,70,468,504,59,436,5130,4041,3734,336,1221,230,88,142,4907,89,25,18,29,5724,63,584,108,5151,836,34,376,83,2270,299,46,3,68,11,139,14,8,20,89,145
0,0,0,0,0,0,2,3,5,2,3,4,0,0,2,2,0,0,6,8,2,26,26,0,15,88,65,13,0,2,2,152,10,69,1,2,4,34,1,36,1,0,1,264,49,9,102,0,0,0,1,3,15,3,2,4,9,39,42,87,140,35,157,28,86,323,49,36,72,58,174,619,38,252,183,10793,1027,797,147,63,17122,1184,510,65,3293,10946,36,23,215,2404,43,372,4883,815,5353,23,18,47,227,234
0,0,0,0,0,0,0,199,473,2,9,27,121,5,5,3,3,4,20,465,4,21,18,17,345,14,219,2,0,1,5,22,73,3,2,8,59,27,7,2,4,3,9,42,121,4,26,1,0,3,0,3,30,1,4,11,1276,964,595,1413,226,298,6588,3335,196,775,174,668,490,2342,734,4818,116,5114,607,683,1917,78,198,584,1184,21415,692,326,13050,241,258,42,638,2783,36,37,1987,103,3227,17,23,72,371,410
2,19,8,53,2,3,44,4,20,49,11,5,2,115,36,83,1,3,71,17,5,51,2,23,17,2,9,2,28,40,49,5,5,3,32,110,33,1,81,1,32,19,41,8,11,1,2,22,10,5,437,1514,1256,490,172,964,60,77,75,204,723,53,110,33,9755,10609,1685,27,819,122,341,1805,131,203,706,875,86,929,35486,108,510,692,58793,1064,1316,575,691,828,2298,429,254,108,377,433,763,257,971,9572,20326,3260
0,7,1,31,1,2,29,3,9,22,6,1,4,83,27,35,0,2,38,9,7,41,2,7,12,1,2,5,23,47,32,2,2,0,34,101,22,1,64,2,30,18,29,1,5,1,2,10,4,5,10,18,80,1,10,16,223,269,286,194,310,33,95,92,372,4174,4229,89,1437,227,159,227,27,128,1795,136,30,30,351,5151,65,326,1064,7185,691,45,245,215,6055,442,148,7,91,12,103,50,57,115,519,911
0,0,0,5,0,0,1,298,723,12,7,55,219,15,15,8,6,8,52,902,12,64,47,24,813,16,363,7,6,5,15,42,174,10,4,15,64,72,7,9,8,8,10,101,388,2,41,0,0,4,10,13,97,8,8,27,1866,1009,763,857,187,86,625,741,547,1920,340,154,759,3493,243,1218,86,3474,535,8142,2368,427,434,836,3293,13050,1316,691,21589,1293,216,51,935,7755,78,121,2917,142,2283,32,62,93,412,423
0,0,1,0,0,0,0,1,3,2,0,5,1,0,0,0,0,0,1,6,0,45,21,0,7,70,59,87,4,3,2,334,10,559,1,1,4,9,6,442,1,1,0,642,26,90,459,0,1,1,8,18,26,2,4,7,7,18,21,50,223,47,86,10,104,227,45,8,47,62,201,1076,24,155,131,6929,553,8995,548,34,10946,241,575,45,1293,23511,37,19,131,2190,44,3049,5247,5648,2877,28,18,147,241,197
0,8,3,13,0,0,9,367,847,30,18,34,126,20,16,34,15,9,64,151,7,21,7,48,82,1,24,4,15,10,34,5,36,4,13,63,1013,1,37,9,12,8,30,7,12,0,4,3,2,6,14,33,66,8,72,32,281,1182,978,12137,1702,607,403,295,103,191,403,294,2161,414,1537,488,4415,1900,1290,35,1631,177,278,376,36,258,691,245,216,37,4354,2686,984,94,5671,519,182,23,81,750,45,309,1059,616
11,124,37,327,13,21,272,3,29,130,35,9,3,393,147,210,2,5,210,12,25,112,3,33,13,1,14,3,96,126,144,6,6,2,184,334,117,1,278,5,84,45,142,8,12,3,2,123,26,15,307,202,1114,228,4772,2200,4,12,49,289,941,62,33,5,895,431,3353,21,2703,22,317,250,3152,446,537,32,215,34,535,83,23,42,828,215,51,19,2686,14342,610,72,8747,70,128,21,54,7870,557,252,764,518
1,3,1,10,0,1,6,8,18,29,11,3,2,37,6,39,1,3,62,10,21,43,1,6,11,5,5,1,17,37,25,1,7,0,21,100,33,2,43,2,22,15,18,3,4,1,2,4,3,2,12,16,96,3,26,44,172,211,255,267,585,77,276,128,326,10420,1738,165,1553,178,1041,363,81,206,6544,253,53,91,395,2270,215,638,2298,6055,935,131,984,610,31096,255,351,17,135,44,448,215,38,216,3292,10712
0,3,1,5,1,0,3,28,105,12,4,45,46,12,7,6,2,3,23,319,8,75,99,10,356,98,236,8,2,9,11,183,103,29,1,12,9,129,9,23,4,4,12,309,399,15,128,2,0,10,16,25,251,7,29,61,19,213,246,503,188,149,392,51,507,990,429,43,543,4845,105,3680,72,2063,166,12895,1464,580,276,299,2404,2783,429,442,7755,2190,94,72,255,24625,69,364,12804,214,2599,30,89,55,164,109
0,24,2,37,2,4,47,2,9,30,5,1,1,95,26,38,1,1,52,3,5,40,0,7,5,1,2,3,28,45,30,3,1,6,42,80,35,1,80,5,25,20,39,11,4,0,7,9,6,4,67,27,41,326,875,625,1,8,39,83,406,20,12,2,120,102,356,5,892,9,126,194,2145,715,245,49,1236,124,206,46,43,36,254,148,78,44,5671,8747,351,69,13374,603,360,15,113,7456,171,98,295,240
0,0,0,1,0,0,0,0,2,3,4,5,0,3,1,0,0,0,1,1,0,69,31,2,7,95,102,354,7,3,1,363,10,1081,0,2,13,13,11,1602,4,1,3,878,24,149,718,1,0,0,5,8,11,2,13,5,2,5,2,47,48,21,21,3,23,51,14,2,30,10,28,436,212,832,16,384,11171,12224,201,3,372,37,108,7,121,3049,519,70,17,364,603,35501,10572,1510,599,347,32,39,46,23
0,0,0,2,0,0,3,10,61,15,3,30,18,16,11,3,5,1,11,161,9,149,193,17,226,358,416,65,5,13,6,919,88,430,1,6,10,163,9,311,7,13,13,1529,333,100,729,5,1,2,13,19,106,12,25,31,16,86,68,371,273,194,273,39,214,305,212,32,290,458,168,5727,267,3157,93,5472,10978,1721,299,68,4883,1987,377,91,2917,5247,182,128,135,12804,360,10572,28268,1590,5777,170,43,99,169,114
0,0,1,0,0,1,1,2,5,1,0,1,0,1,0,1,0,0,0,1,0,19,7,0,4,27,23,25,2,0,2,119,0,161,0,2,2,7,2,114,1,0,0,197,7,23,113,1,0,0,6,36,17,13,2,10,5,34,17,58,295,136,181,13,23,66,27,12,15,48,203,6270,13,118,64,371,251,14324,1630,11,815,103,433,12,142,5648,23,21,44,214,15,1510,1590,15273,5598,10,6,371,204,92
0,0,0,2,0,0,1,2,22,7,2,10,5,5,4,1,1,1,9,36,2,61,69,2,41,98,153,16,0,2,5,260,28,106,4,3,2,76,4,60,4,1,2,444,108,18,236,0,0,0,3,15,30,2,7,9,24,129,119,266,691,238,607,84,89,341,71,104,160,197,834,6717,116,989,422,1267,2867,1029,314,139,5353,3227,763,103,2283,2877,81,54,448,2599,113,599,5777,5598,13056,52,17,150,736,513
12,144,71,549,12,58,534,1,4,19,5,0,1,198,95,88,1,2,15,4,5,18,2,6,7,2,14,3,21,34,18,6,0,3,85,77,68,1,64,8,20,9,19,15,5,0,6,241,20,1,281,293,224,348,6207,665,1,1,6,33,246,11,1,1,314,91,1024,1,255,4,54,121,151,221,111,33,519,87,201,14,23,17,257,50,32,28,750,7870,215,30,7456,347,170,10,52,8162,1072,61,239,174
4,16,8,42,1,7,20,0,1,4,2,0,0,47,16,14,0,0,5,0,0,4,1,1,1,1,4,1,5,8,5,0,0,0,8,21,7,0,17,1,3,3,4,0,2,0,0,13,4,0,14187,3057,2713,815,5305,707,7,13,7,31,59,3,3,1,12524,744,687,1,122,17,13,53,31,48,11,43,49,23,20710,8,18,23,971,57,62,18,45,557,38,89,171,32,43,6,17,1072,49043,67,98,60
1,3,2,16,0,1,10,4,8,14,10,0,0,23,6,19,1,1,42,3,12,11,0,6,1,0,3,0,7,15,18,0,0,1,12,30,9,0,26,2,5,6,24,3,1,3,0,3,0,2,55,257,219,79,38,192,4,10,33,75,22197,51,28,3,162,345,459,5,308,20,230,2335,53,33,155,80,22,552,24104,20,47,72,9572,115,93,147,309,252,216,55,98,39,99,371,150,61,67,43712,8216,491
3,9,2,24,0,0,19,6,18,66,17,5,0,34,15,53,1,11,98,7,16,22,1,20,7,3,3,1,22,27,48,3,3,4,24,97,34,0,76,0,26,14,41,6,2,4,1,8,3,3,49,253,422,64,102,395,17,37,96,258,18265,190,183,23,464,2458,1228,34,1043,61,1294,1308,162,141,1431,236,54,353,2496,89,227,371,20326,519,412,241,1059,764,3292,164,295,46,169,204,736,239,98,8216,24947,8460
0,7,0,14,2,0,8,1,13,22,3,1,2,25,5,29,0,0,65,3,3,19,2,7,5,0,3,1,10,33,20,3,2,1,11,57,26,0,38,1,18,10,18,3,4,0,2,2,1,2,20,32,170,12,77,183,25,39,90,214,6269,108,201,36,297,3933,970,71,601,57,3983,494,77,112,3091,208,43,179,384,145,234,410,3260,911,423,197,616,518,10712,109,240,23,114,92,513,174,60,491,8460,10092
