27531,11490,11765,983,23002,6456,567,13,1,36,0,1,2,20471,111,238,0,1,25,8,1,349,4,3,1,2,2,31,282,473,20,9,6,5,57,12,15,1,22,5,237,226,51,5,5,21,14,67,1255,13,6,14,11,11,7,13,1,0,1,2,5,0,1,0,17,3,16,0,9,1,0,2,3,0,0,0,1,0,8,5,0,0,5,5,2,0,3,18,0,0,1,0,0,0,0,43,5,0,1,1
11490,16867,9274,13676,1576,1388,1227,9,7,123,3,1,3,4210,1774,348,0,2,37,10,1,652,2,8,5,2,2,23,187,506,17,10,8,5,309,29,37,1,79,3,367,437,64,6,7,10,8,202,235,49,56,84,56,11,42,99,1,0,3,2,9,0,0,0,105,8,52,0,15,1,0,7,2,2,0,0,2,0,12,12,0,1,9,16,1,0,15,94,1,1,28,1,0,0,0,281,40,5,13,2
11765,9274,27057,3162,4968,8344,7741,4,0,42,0,2,0,554,47,110,1,2,17,2,0,368,4,4,1,1,2,24,152,309,11,2,2,3,164,14,17,3,43,2,232,226,31,6,2,11,11,102,164,15,80,237,26,1981,42,185,0,1,1,0,7,0,0,0,43,1,23,0,6,0,1,2,2,1,1,0,2,0,8,7,0,0,7,8,0,1,9,44,0,0,15,0,1,0,0,152,17,2,9,0
983,13676,3162,55600,862,2696,10512,42,22,515,11,3,5,3039,9776,7749,3,7,172,56,9,591,10,13,15,9,9,14,193,698,114,18,10,8,436,95,90,9,136,6,408,733,629,16,9,12,23,667,229,114,102,208,112,84,95,230,1,1,3,5,26,3,1,0,162,8,95,0,33,4,1,12,8,4,1,2,5,0,33,29,1,3,26,37,1,1,24,200,1,0,73,3,1,0,0,689,70,4,33,1
23002,1576,4968,862,27926,25957,399,14,5,64,3,1,1,8712,114,380,0,0,29,15,1,98,4,12,1,7,2,10,233,308,25,13,3,4,120,22,18,5,85,5,83,104,118,1,11,4,8,471,3921,10,12,11,7,6,0,15,0,0,0,0,5,0,0,0,29,2,18,0,7,1,0,4,1,0,0,0,2,0,3,6,0,0,5,12,1,0,1,15,0,1,9,0,0,0,0,30,14,1,2,1
6456,1388,8344,2696,25957,39983,27261,5,3,168,1,3,0,1305,177,484,0,1,11,8,1,271,7,122,5,4,43,36,237,353,58,9,1,17,551,45,81,6,1345,59,245,188,88,32,5,15,17,6505,5110,17,65,111,32,722,87,83,0,0,1,2,8,0,0,0,37,2,22,0,13,1,0,4,2,4,0,0,4,0,9,15,1,0,10,14,0,3,18,58,0,0,28,2,3,0,2,396,18,2,5,2
567,1227,7741,10512,399,27261,26091,5,6,235,3,1,2,239,51,4199,0,0,47,10,10,188,7,24,14,3,3,3,48,220,18,7,5,1,3125,92,70,5,159,5,146,248,22,8,1,6,9,1793,42,24,61,96,47,516,67,120,1,1,1,4,10,1,0,1,70,7,46,0,8,0,1,6,2,5,0,1,6,0,12,17,1,3,10,16,0,0,4,90,0,0,44,1,1,0,1,469,36,4,12,1
13,9,4,42,14,5,5,22377,2684,329,2558,1443,7917,483,819,574,3117,11994,1656,6035,434,1797,308,265,305,40,161,18,41,290,1098,187,860,8,5,30,953,120,11,6,39,99,353,54,658,83,122,6,37,133,1,0,0,0,0,0,79,298,25,723,15,6,15,42,1,0,6,26,45,423,16,17,42,69,2,1,17,1,3,4,3,25,4,1,18,2,131,8,0,8,1,1,13,0,6,0,1,0,4,0
1,7,0,22,5,3,6,2684,53352,138,917,1078,1128,34,40,76,878,115,4586,2239,405,782,293,11602,9743,53,1459,19,25,19,77,85,406,33,43,314,8431,59,49,96,13,19,53,346,60,41,172,10,7,12,0,1,7,1,0,2,144,717,91,2711,50,56,47,63,11,2,14,84,121,620,70,75,187,194,5,6,76,0,0,11,6,85,11,6,30,7,665,13,2,24,11,0,30,3,12,0,0,1,22,4
36,123,42,515,64,168,235,329,138,31220,2739,2383,100,175,219,1623,658,88,1596,181,5534,4590,1018,157,45,106,81,42,98,101,430,158,252,21,322,797,292,102,493,13,7406,12170,1954,202,50,243,712,496,29,4643,15,8,11,1,3,6,3,12,28,53,30,4,1,2,39,4,60,2,119,7,9,14,29,10,3,2,22,0,14,27,0,8,27,10,1,1,66,48,1,2,55,1,13,0,7,18,21,3,23,8
0,3,0,11,3,1,3,2558,917,2739,3635,10328,419,19,46,321,619,150,1184,313,1330,2013,1741,89,60,28,47,14,23,25,202,17,468,10,9,133,135,44,32,3,22,58,106,67,28,138,85,5,1,23,0,1,0,0,0,1,5,19,7,64,8,7,1,3,6,0,3,1,28,10,2,3,10,15,1,2,6,0,2,2,1,4,2,0,0,0,16,6,0,4,6,2,3,0,0,0,1,3,6,1
1,1,2,3,1,3,1,1443,1078,2383,10328,25628,5766,9,9,37,4274,594,352,882,3573,1991,6479,138,683,41,381,17,23,31,153,27,3380,15,5,43,167,81,12,2,26,119,156,115,32,214,220,3,2,59,0,0,2,0,0,1,41,29,4,115,7,3,10,10,0,0,0,4,15,146,2,3,9,122,0,2,29,0,0,2,1,47,1,1,17,2,18,1,0,9,1,0,4,0,1,1,0,0,1,2
2,3,0,5,1,0,2,7917,1128,100,419,5766,21140,147,142,73,4305,1906,215,3306,156,363,269,119,1145,13,549,11,18,147,191,107,4523,6,4,13,557,78,4,0,10,66,119,38,671,42,181,2,14,136,0,0,1,0,0,0,97,179,7,355,7,2,14,27,2,0,1,4,14,409,3,17,7,145,0,1,48,0,0,1,2,69,1,3,11,1,66,2,0,6,0,0,1,0,3,0,1,0,0,0
20471,4210,554,3039,8712,1305,239,483,34,175,19,9,147,95595,17734,1270,7,293,280,169,22,281,81,29,56,30,65,101,3152,43702,782,551,297,14,494,235,345,132,447,3,283,448,1816,72,389,38,364,233,22873,2638,41,37,41,3,4,39,1,4,3,12,53,1,3,0,129,12,171,0,80,14,2,28,8,35,3,1,22,2,33,77,4,15,62,37,8,0,38,82,2,16,70,1,8,1,1,53,72,10,46,4
111,1774,47,9776,114,177,51,819,40,219,46,9,142,17734,27721,1260,14,408,393,215,20,406,69,16,37,26,38,69,260,2559,1764,328,228,12,200,144,109,96,208,5,255,1016,17676,40,353,26,181,149,372,4884,22,15,16,0,2,22,0,3,1,3,18,0,1,0,43,4,50,0,33,8,0,14,8,21,0,0,5,0,23,24,1,6,22,19,7,0,24,50,1,6,22,0,4,0,3,21,19,2,20,1
238,348,110,7749,380,484,4199,574,76,1623,321,37,73,1270,1260,30977,44,1084,11756,325,144,600,43,86,97,18,32,20,152,770,11626,52,71,10,3650,6538,322,31,766,4,349,941,4436,25,23,16,69,2117,164,134,53,50,31,11,13,63,3,7,11,32,62,2,1,1,102,13,164,6,129,19,9,20,15,18,6,2,5,0,34,50,1,7,56,36,6,1,73,126,2,4,81,1,4,1,4,116,58,9,41,4
0,0,1,3,0,0,0,3117,878,658,619,4274,4305,7,14,44,6887,2321,381,124,5780,181,253,109,22,8,10,1,3,28,915,9,260,1,3,30,153,11,11,1,10,82,246,20,8,22,78,3,3,62,0,0,1,0,0,0,3,21,10,78,2,2,1,0,0,0,2,5,20,6,2,3,14,5,0,0,2,0,1,1,0,2,1,0,0,1,24,2,0,1,3,0,1,0,0,0,0,1,3,1
1,2,2,7,0,1,0,11994,115,88,150,594,1906,293,408,1084,2321,3629,3015,102,537,97,363,61,28,22,31,11,25,291,3341,116,1117,9,4,49,75,70,13,0,25,146,877,57,264,19,351,4,14,460,0,0,0,0,0,0,2,14,11,65,9,1,1,0,0,0,6,2,28,5,1,3,10,10,0,0,4,0,0,2,1,4,4,0,2,0,27,7,0,2,0,0,5,0,0,0,0,0,8,0
25,37,17,172,29,11,47,1656,4586,1596,1184,352,215,280,393,11756,381,3015,17057,1916,944,538,171,1087,1318,19,98,19,89,252,3862,55,239,9,191,5292,931,70,336,16,145,283,1255,62,45,27,115,53,41,56,3,4,10,0,2,6,8,36,108,356,126,21,10,6,26,8,186,10,468,49,40,44,131,74,16,2,20,1,37,49,8,37,88,13,14,1,267,170,5,28,124,0,4,1,4,13,13,14,96,19
8,10,2,56,15,8,10,6035,2239,181,313,882,3306,169,215,325,124,102,1916,26648,90,1271,843,95,5799,180,1769,73,31,85,408,536,6317,42,52,319,299,5269,61,13,42,64,185,665,5198,139,411,9,21,49,2,1,5,0,0,0,337,268,14,635,16,8,84,107,10,2,26,7,77,1457,9,97,35,1042,2,4,204,0,6,6,8,433,10,2,147,4,103,27,0,73,12,1,42,2,24,3,3,0,5,2
1,1,0,9,1,1,10,434,405,5534,1330,3573,156,22,20,144,5780,537,944,90,14833,316,644,266,29,28,33,6,14,119,2863,49,294,3,55,280,211,38,97,2,112,1209,4571,62,10,61,303,25,0,3621,1,1,0,0,0,0,0,17,37,74,19,6,0,2,1,1,18,3,104,8,7,5,52,6,2,0,4,0,2,2,0,4,9,0,4,1,57,10,0,5,12,1,3,1,0,1,3,1,3,1
349,652,368,591,98,271,188,1797,782,4590,2013,1991,363,281,406,600,181,97,538,1271,316,17250,3699,171,720,703,956,1829,5943,465,267,347,471,676,153,232,214,978,242,622,11323,1103,444,1915,281,6562,1104,173,49,228,6,11,9,1,2,7,51,45,10,96,14,7,12,18,23,4,50,7,77,172,8,55,21,163,5,34,143,5,9,17,39,94,20,11,70,46,46,30,1,81,36,49,117,9,52,6,13,1,22,2
4,2,4,10,4,7,7,308,293,1018,1741,6479,269,81,69,43,253,363,171,843,644,3699,13593,171,1369,1060,1946,135,67,155,129,612,2467,182,12,58,43,2563,38,106,95,421,182,3879,485,3158,4385,29,11,214,0,2,3,0,0,1,12,12,6,34,6,2,11,8,8,7,11,3,29,160,3,78,29,319,0,50,295,3,3,1,59,187,0,1,147,22,11,3,2,202,4,16,178,9,62,3,2,1,7,1
3,8,4,13,12,122,24,265,11602,157,89,138,119,29,16,86,109,61,1087,95,266,171,171,7634,1518,57,1374,64,35,58,213,105,116,81,521,4986,7178,36,10612,590,29,43,69,675,40,32,210,881,46,13,3,4,6,1,11,4,10,47,31,230,34,9,2,3,13,1,27,9,152,46,10,18,62,57,2,4,54,0,13,11,7,29,12,3,19,4,184,39,2,27,31,2,21,0,6,45,1,7,30,7
1,5,1,15,1,5,14,305,9743,45,60,683,1145,56,37,97,22,28,1318,5799,29,720,1369,1518,13955,118,7264,31,29,49,25,196,3389,46,52,303,766,671,100,50,17,51,21,1675,748,99,497,20,3,33,1,0,4,0,0,0,264,213,19,552,6,9,77,79,6,2,13,7,45,1533,5,153,57,1543,0,12,512,1,3,5,14,585,2,2,233,2,86,9,1,217,5,3,113,5,40,5,2,2,5,1
2,2,1,9,7,4,3,40,53,106,28,41,13,30,26,18,8,22,19,180,28,703,1060,57,118,9422,465,190,23,30,14,6524,121,3641,4,8,9,6560,25,112,22,51,15,4886,479,467,2521,9,4,23,0,0,0,1,0,0,2,4,1,4,4,1,1,1,7,2,1,1,2,11,1,57,6,52,1,114,351,4,2,2,147,46,5,2,34,52,0,2,0,145,5,29,382,13,125,4,0,1,4,0
2,2,2,9,2,43,3,161,1459,81,47,381,549,65,38,32,10,31,98,1769,33,956,1946,1374,7264,465,19929,1400,48,77,31,846,2022,993,14,58,2258,833,1067,8777,23,59,40,14798,1029,390,1916,455,36,41,1,0,3,1,4,4,19,22,3,47,13,0,16,7,24,5,5,4,14,129,3,145,37,329,4,119,1055,8,5,3,135,220,8,5,196,63,19,6,0,384,7,77,788,16,181,34,1,2,13,5
31,23,24,14,10,36,3,18,19,42,14,17,11,101,69,20,1,11,19,73,6,1829,135,64,31,190,1400,68751,2227,362,21,354,56,6476,7,16,245,197,219,19329,554,202,32,992,142,14144,5431,105,30,53,1,0,0,0,1,0,0,0,0,4,5,0,1,0,2,1,9,0,7,5,1,16,0,4,1,14,51,72,3,2,28,0,0,0,3,263,3,0,0,5,4,487,139,145,61,3,0,0,2,0
282,187,152,193,233,237,48,41,25,98,23,23,18,3152,260,152,3,25,89,31,14,5943,67,35,29,23,48,2227,71099,10301,114,73,38,203,58,94,84,44,103,313,19016,730,183,106,38,763,245,55,6435,116,5,3,4,1,0,5,1,0,2,3,18,1,0,0,10,2,46,0,67,6,0,11,4,10,1,2,11,1,6,14,3,5,12,8,3,4,23,30,1,2,17,8,11,2,2,3,3,1,11,0
473,506,309,698,308,353,220,290,19,101,25,31,147,43702,2559,770,28,291,252,85,119,465,155,58,49,30,77,362,10301,74344,857,537,437,64,280,336,431,148,434,52,7765,12251,1639,118,255,172,705,200,4504,2764,29,15,13,2,4,18,0,3,16,15,47,6,1,0,87,6,179,0,179,20,1,24,20,45,4,2,14,1,34,55,1,23,48,30,9,3,93,87,2,12,71,5,11,0,4,17,34,6,51,3
20,17,11,114,25,58,18,1098,77,430,202,153,191,782,1764,11626,915,3341,3862,408,2863,267,129,213,25,14,31,21,114,857,20908,87,203,7,242,1327,470,52,379,3,142,529,11620,16,123,12,114,163,71,1229,22,8,20,1,8,13,5,6,42,55,98,6,4,2,76,3,199,2,421,24,12,29,55,31,8,1,9,2,32,61,5,14,71,30,3,1,241,86,2,13,101,2,5,1,0,27,34,5,59,8
9,10,2,18,13,9,7,187,85,158,17,27,107,551,328,52,9,116,55,536,49,347,612,105,196,6524,846,354,73,537,87,34129,2939,2906,13,29,18,4005,46,270,71,262,102,3057,4133,360,9107,32,51,267,1,0,3,0,1,0,3,11,3,4,10,4,3,1,7,8,6,1,10,17,2,87,10,88,1,142,479,8,1,6,203,73,12,6,86,107,7,3,1,146,5,78,503,33,188,5,1,1,11,9
6,8,2,10,3,1,5,860,406,252,468,3380,4523,297,228,71,260,1117,239,6317,294,471,2467,116,3389,121,2022,56,38,437,203,2939,17380,23,25,99,88,2778,24,5,57,321,272,1667,8738,98,2481,6,34,511,1,0,3,0,0,1,122,64,11,150,5,5,40,47,5,0,8,4,22,818,3,65,26,733,1,9,194,1,2,0,10,336,5,4,153,2,19,5,1,92,5,3,55,0,20,1,1,0,4,0
5,5,3,8,4,17,1,8,33,21,10,15,6,14,12,10,1,9,9,42,3,676,182,81,46,3641,993,6476,203,64,7,2906,23,27768,2,8,87,496,99,9728,84,38,9,6366,39,2397,15727,77,1,8,0,0,0,0,0,1,1,3,0,3,6,1,1,1,1,1,1,1,1,1,4,33,1,10,1,106,109,50,1,4,134,15,2,1,5,488,0,1,0,9,3,768,421,150,250,8,0,0,4,5
57,309,164,436,120,551,3125,5,43,322,9,5,4,494,200,3650,3,4,191,52,55,153,12,521,52,4,14,7,58,280,242,13,25,2,7306,4046,398,6,11080,9,90,169,182,13,7,2,17,5370,107,25,28,20,9,2,8,21,0,6,14,16,42,3,0,0,46,8,60,0,82,9,2,6,9,7,1,0,5,0,19,30,1,4,21,17,0,0,55,41,1,2,43,0,0,1,1,50,22,0,16,3
12,29,14,95,22,45,92,30,314,797,133,43,13,235,144,6538,30,49,5292,319,280,232,58,4986,303,8,58,16,94,336,1327,29,99,8,4046,13296,1349,28,4755,13,146,255,748,29,19,20,41,267,30,35,8,5,9,1,2,6,2,10,47,86,82,10,0,2,57,10,209,3,410,22,19,18,52,32,10,1,18,5,37,48,3,23,75,21,3,0,341,139,5,14,113,1,6,0,1,16,31,6,47,7
15,37,17,90,18,81,70,953,8431,292,135,167,557,345,109,322,153,75,931,299,211,214,43,7178,766,9,2258,245,84,431,470,18,88,87,398,1349,3708,13,4984,699,114,139,250,204,20,30,82,1028,61,59,6,5,5,0,9,9,5,37,9,260,13,6,3,4,17,1,30,6,62,46,16,7,23,25,3,2,11,0,5,8,2,10,9,6,2,0,471,34,1,5,27,8,7,0,2,28,4,1,10,1
1,1,3,9,5,6,5,120,59,102,44,81,78,132,96,31,11,70,70,5269,38,978,2563,36,671,6560,833,197,44,148,52,4005,2778,496,6,28,13,19270,13,24,35,88,40,8313,4951,322,3166,2,11,82,3,0,7,1,0,5,10,19,5,34,9,5,5,7,28,11,12,1,20,188,6,160,56,512,4,85,633,0,10,8,83,340,15,7,379,16,12,3,2,501,8,17,487,10,121,6,4,2,13,8
22,79,43,136,85,1345,159,11,49,493,32,12,4,447,208,766,11,13,336,61,97,242,38,10612,100,25,1067,219,103,434,379,46,24,99,11080,4755,4984,13,33332,962,134,232,221,394,4,38,126,11417,206,49,21,23,13,0,18,28,1,6,15,21,51,5,3,0,50,8,145,3,218,10,6,15,36,17,6,3,14,1,34,59,4,16,46,23,6,3,247,100,3,8,93,4,12,1,6,131,38,6,37,7
5,3,2,6,5,59,5,6,96,13,3,2,0,3,5,4,1,0,16,13,2,622,106,590,50,112,8777,19329,313,52,3,270,5,9728,9,13,699,24,962,33356,118,34,3,10058,12,1626,2152,519,34,4,1,0,0,1,2,1,1,2,0,0,3,1,0,0,0,2,4,0,3,2,2,54,4,10,1,81,144,135,5,0,127,4,2,0,5,897,1,4,1,12,3,1875,635,307,288,27,3,2,4,4
237,367,232,408,83,245,146,39,13,7406,22,26,10,283,255,349,10,25,145,42,112,11323,95,29,17,22,23,554,19016,7765,142,71,57,84,90,146,114,35,134,118,53108,10648,426,72,19,351,292,114,240,442,9,4,2,0,1,3,1,1,9,8,16,0,0,0,16,4,37,1,51,4,0,6,5,3,3,2,12,1,3,13,2,1,8,4,1,3,30,25,2,1,9,4,1,3,1,7,8,3,7,3
226,437,226,733,104,188,248,99,19,12170,58,119,66,448,1016,941,82,146,283,64,1209,1103,421,43,51,51,59,202,730,12251,529,262,321,38,169,255,139,88,232,34,10648,21992,2905,139,126,226,859,246,91,12954,8,6,5,0,2,6,0,1,13,18,11,2,0,1,23,9,54,0,73,4,2,8,9,7,2,2,15,0,9,19,3,11,18,13,3,1,42,24,1,3,18,1,13,1,3,10,9,3,18,3
51,64,31,629,118,88,22,353,53,1954,106,156,119,1816,17676,4436,246,877,1255,185,4571,444,182,69,21,15,40,32,183,1639,11620,102,272,9,182,748,250,40,221,3,426,2905,35641,36,114,32,226,115,119,15581,10,4,10,4,6,7,0,4,20,13,32,2,1,1,32,1,67,0,147,10,2,14,20,13,3,1,6,0,14,26,2,4,32,15,2,1,80,44,0,5,33,2,2,0,0,11,17,4,26,2
5,6,6,16,1,32,8,54,346,202,67,115,38,72,40,25,20,57,62,665,62,1915,3879,675,1675,4886,14798,992,106,118,16,3057,1667,6366,13,29,204,8313,394,10058,72,139,36,41942,623,1405,6236,221,25,90,0,1,7,1,3,4,8,20,4,35,20,8,12,3,21,12,7,7,23,108,12,272,51,493,3,374,1873,32,8,5,569,326,13,9,378,428,14,16,2,608,12,442,1676,105,595,23,4,2,21,15
5,7,2,9,11,5,1,658,60,50,28,32,671,389,353,23,8,264,45,5198,10,281,485,40,748,479,1029,142,38,255,123,4133,8738,39,7,19,20,4951,4,12,19,126,114,623,7913,52,1042,7,23,178,0,0,1,0,0,1,6,15,4,44,7,4,21,6,10,7,5,4,21,269,6,139,47,745,3,10,355,1,1,7,16,361,3,1,322,5,10,2,3,351,4,2,179,3,44,2,0,0,4,3
21,10,11,12,4,15,6,83,41,243,138,214,42,38,26,16,22,19,27,139,61,6562,3158,32,99,467,390,14144,763,172,12,360,98,2397,2,20,30,322,38,1626,351,226,32,1405,52,14967,9252,16,6,48,2,1,0,0,1,0,3,4,0,5,3,0,1,0,3,0,3,1,5,23,1,18,1,29,0,36,60,7,4,1,35,18,1,0,8,133,1,0,0,17,3,193,126,38,83,0,0,0,4,1
14,8,11,23,8,17,9,122,172,712,85,220,181,364,181,69,78,351,115,411,303,1104,4385,210,497,2521,1916,5431,245,705,114,9107,2481,15727,17,41,82,3166,126,2152,292,859,226,6236,1042,9252,32873,76,42,540,0,1,6,0,2,1,1,10,7,21,12,6,4,3,7,3,4,5,14,32,3,85,6,124,4,195,483,50,2,3,260,97,7,0,70,485,12,6,0,138,6,582,731,139,311,3,2,0,12,6
67,202,102,667,471,6505,1793,6,10,496,5,3,2,233,149,2117,3,4,53,9,25,173,29,881,20,9,455,105,55,200,163,32,6,77,5370,267,1028,2,11417,519,114,246,115,221,7,16,76,10632,611,25,94,210,91,44,181,244,0,0,4,6,29,1,0,0,126,5,97,0,33,2,2,6,8,12,0,2,25,0,24,19,2,4,15,25,1,4,93,221,0,2,111,6,10,2,0,1427,47,6,23,0
1255,235,164,229,3921,5110,42,37,7,29,1,2,14,22873,372,164,3,14,41,21,0,49,11,46,3,4,36,30,6435,4504,71,51,34,1,107,30,61,11,206,34,240,91,119,25,23,6,42,611,20142,18,7,14,5,2,7,9,3,0,1,1,2,0,0,0,23,2,20,0,11,0,0,1,2,5,0,0,2,0,4,7,0,4,4,3,2,0,9,18,0,3,12,0,0,0,0,33,8,2,5,2
13,49,15,114,10,17,24,133,12,4643,23,59,136,2638,4884,134,62,460,56,49,3621,228,214,13,33,23,41,53,116,2764,1229,267,511,8,25,35,59,82,49,4,442,12954,15581,90,178,48,540,25,18,21816,1,0,1,0,0,2,0,1,2,4,10,0,0,0,5,0,13,0,15,3,1,5,2,11,0,1,15,0,2,8,1,7,6,6,5,0,9,4,0,4,3,1,11,0,1,0,4,1,1,0
6,56,80,102,12,65,61,1,0,15,0,0,0,41,22,53,0,0,3,2,1,6,0,3,1,0,1,1,5,29,22,1,1,0,28,8,6,3,21,1,9,8,10,0,0,2,0,94,7,1,58330,23445,2732,15214,23986,949,1,6,25,5,96,7,0,0,23135,192,431,3,65,16,3,84,16,12,0,13,3,8,640,11,25,15,434,41,7,12,55,300,1,34,318,3,10,6,5,325,10463,53,205,9
14,84,237,208,11,111,96,0,1,8,1,0,0,37,15,50,0,0,4,1,1,11,2,4,0,0,0,0,3,15,8,0,0,0,20,5,5,0,23,0,4,6,4,1,0,1,1,210,14,0,23445,70745,10410,20038,3685,5446,0,2,14,9,204,9,0,2,4759,44,192,3,37,1,5,345,8,8,3,3,4,29,750,2,9,7,797,13,5,7,35,201,4,11,148,3,4,13,8,458,1282,150,508,16
11,56,26,112,7,32,47,0,7,11,0,2,1,41,16,31,1,0,10,5,0,9,3,6,4,0,3,0,4,13,20,3,3,0,9,9,5,7,13,0,2,5,10,7,1,0,6,91,5,1,2732,10410,50248,173,479,10899,11,90,224,100,511,27,20,17,14791,7458,5530,28,473,148,21,324,15,95,31,60,42,17,740,249,108,182,975,494,53,27,41,307,29,245,151,5,76,17,31,240,1277,134,1026,102
11,11,1981,84,6,722,516,0,1,1,0,0,0,3,0,11,0,0,0,0,0,1,0,1,0,1,1,0,1,2,1,0,0,0,2,1,0,1,0,1,0,0,4,1,0,0,0,44,2,0,15214,20038,173,47696,27092,19251,0,0,2,0,16,2,0,0,242,4,23,0,5,0,1,49,1,0,1,2,1,6,182,3,1,0,180,1,1,1,4,28,0,1,16,1,0,3,1,164,361,32,72,2
7,42,42,95,0,87,67,0,0,3,0,0,0,4,2,13,0,0,2,0,0,2,0,11,0,0,4,1,0,4,8,1,0,0,8,2,9,0,18,2,1,2,6,3,0,1,2,181,7,0,23986,3685,479,27092,34628,8710,0,0,2,6,84,1,2,0,724,6,158,0,35,2,2,27,21,28,5,1,25,1,139,19,8,12,96,17,2,4,65,974,1,3,677,5,3,2,4,5415,4999,20,77,7
13,99,185,230,15,83,120,0,2,6,1,1,0,39,22,63,0,0,6,0,0,7,1,4,0,0,4,0,5,18,13,0,1,1,21,6,9,5,28,1,3,6,7,4,1,0,1,244,9,2,949,5446,10899,19251,8710,35931,1,20,29,13,372,6,6,0,802,38,1737,2,162,20,6,214,13,20,11,18,13,10,311,14,21,50,520,23,13,5,57,1598,4,67,218,4,21,4,13,2060,339,82,575,36
1,1,0,1,0,0,1,79,144,3,5,41,97,1,0,3,3,2,8,337,0,51,12,10,264,2,19,0,1,0,5,3,122,1,0,2,5,10,1,1,1,0,0,8,6,3,1,0,3,0,1,0,11,0,0,1,5245,5422,249,1009,12,45,494,4407,34,32,60,2047,49,2647,91,131,64,434,13,21,416,2,8,188,98,2617,9,29,207,7,279,7,1,50,1,3,35,12,46,2,4,0,13,8
0,0,1,1,0,0,1,298,717,12,19,29,179,4,3,7,21,14,36,268,17,45,12,47,213,4,22,0,0,3,6,11,64,3,6,10,37,19,6,2,1,1,4,20,15,4,10,0,0,1,6,2,90,0,0,20,5422,21372,2860,4247,449,1472,851,3340,185,160,273,5915,289,4337,572,1584,186,185,76,180,203,12,27,723,371,1825,46,150,453,90,730,12,14,301,15,12,154,52,156,6,18,16,86,38
1,3,1,3,0,1,1,25,91,28,7,4,7,3,1,11,10,11,108,14,37,10,6,31,19,1,3,0,2,16,42,3,11,0,14,47,9,5,15,0,9,13,20,4,4,0,7,4,1,2,25,14,224,2,2,29,249,2860,6780,6241,416,541,214,330,345,243,2684,3306,2361,628,485,396,52,270,299,41,36,5,53,12360,98,442,108,281,143,18,226,42,35,111,19,3,82,21,86,6,38,29,192,84
2,2,0,5,0,2,4,723,2711,53,64,115,355,12,3,32,78,65,356,635,74,96,34,230,552,4,47,4,3,15,55,4,150,3,16,86,260,34,21,0,8,18,13,35,44,5,21,6,1,4,5,9,100,0,6,13,1009,4247,6241,41323,966,1867,1571,1744,114,61,289,1380,5631,5556,2073,1853,11383,5208,150,59,1554,8,46,184,133,1271,133,43,132,37,7936,167,26,198,133,14,198,65,182,35,25,32,291,108
5,9,7,26,5,8,10,15,50,30,8,7,7,53,18,62,2,9,126,16,19,14,6,34,6,4,13,5,18,47,98,10,5,6,42,82,13,9,51,3,16,11,32,20,7,3,12,29,2,10,96,204,511,16,84,372,12,449,416,966,38672,4449,1572,122,545,544,1048,382,1635,134,5292,2549,345,127,677,103,101,81,488,307,214,196,636,310,42,133,530,645,1206,44,616,46,200,116,192,350,146,22879,37206,6888
0,0,0,3,0,0,1,6,56,4,7,3,2,1,0,2,2,1,21,8,6,7,2,9,9,1,0,0,1,6,6,4,5,1,3,10,6,5,5,1,0,2,2,8,4,0,6,1,0,0,7,9,27,2,1,6,45,1472,541,1867,4449,7021,6309,288,61,63,173,786,482,266,5573,7633,131,147,194,16,91,18,35,213,36,462,46,53,17,27,209,72,15,39,53,11,112,130,211,22,10,28,221,95
1,0,0,1,0,0,0,15,47,1,1,10,14,3,1,1,1,1,10,84,0,12,11,2,77,1,16,1,0,1,4,3,40,1,0,0,3,5,3,0,0,0,1,12,21,1,4,0,0,0,0,0,20,0,2,6,494,851,214,1571,1572,6309,10602,8408,54,85,73,2816,148,1192,5465,6000,106,1030,291,9,258,12,26,368,33,4828,45,44,41,23,176,22,28,43,8,4,97,119,305,0,6,12,181,132
0,0,0,0,0,0,1,42,63,2,3,10,27,0,0,1,0,0,6,107,2,18,8,3,79,1,7,0,0,0,2,1,47,1,0,2,4,7,0,0,0,1,1,3,6,0,3,0,0,0,0,2,17,0,0,0,4407,3340,330,1744,122,288,8408,9977,45,61,74,7573,82,2028,2070,519,60,611,69,6,159,1,8,323,40,7945,18,46,69,5,176,7,13,31,5,1,32,9,84,0,5,1,42,41
17,105,43,162,29,37,70,1,11,39,6,0,2,129,43,102,0,0,26,10,1,23,8,13,6,7,24,2,10,87,76,7,5,1,46,57,17,28,50,0,16,23,32,21,10,3,7,126,23,5,23135,4759,14791,242,724,802,34,185,345,114,545,61,54,45,114945,21106,2001,87,496,184,55,363,53,90,148,320,118,31,6453,451,492,294,16084,1600,186,132,194,634,451,305,668,16,165,35,114,265,13163,212,2217,1106
3,8,1,8,2,2,7,0,2,4,0,0,0,12,4,13,0,0,8,2,1,4,7,1,2,2,5,1,2,6,3,8,0,1,8,10,1,11,8,2,4,9,1,12,7,0,3,5,2,0,192,44,7458,4,6,38,32,160,243,61,544,63,85,61,21106,58334,3433,147,202,97,169,255,15,54,680,171,70,29,608,920,413,276,3526,14290,145,112,35,52,8250,178,83,17,114,54,117,20,382,90,3811,8601
16,52,23,95,18,22,46,6,14,60,3,0,1,171,50,164,2,6,186,26,18,50,11,27,13,1,5,9,46,179,199,6,8,1,60,209,30,12,145,4,37,54,67,7,5,3,4,97,20,13,431,192,5530,23,158,1737,60,273,2684,289,1048,173,73,74,2001,3433,39607,448,10966,314,164,359,83,244,355,71,57,16,379,9655,127,311,619,6174,94,40,351,11614,145,169,1043,4,80,25,68,746,481,145,928,235
0,0,0,0,0,0,0,26,84,2,1,4,4,0,0,6,5,2,10,7,3,7,3,9,7,1,4,0,0,0,2,1,4,1,0,3,6,1,3,0,1,0,0,7,4,1,5,0,0,0,3,3,28,0,0,2,2047,5915,3306,1380,382,786,2816,7573,87,147,448,13382,503,154,9444,683,83,65,926,19,32,12,24,4751,85,916,52,128,43,21,218,25,37,16,11,8,45,48,152,8,5,6,121,157
9,15,6,33,7,13,8,45,121,119,28,15,14,80,33,129,20,28,468,77,104,77,29,152,45,2,14,7,67,179,421,10,22,1,82,410,62,20,218,3,51,73,147,23,21,5,14,33,11,15,65,37,473,5,35,162,49,289,2361,5631,1635,482,148,82,496,202,10966,503,19709,565,857,453,2711,1433,675,32,178,13,263,2875,105,460,527,326,108,26,1251,3448,177,141,705,1,120,33,78,174,131,113,1053,466
1,1,0,4,1,1,0,423,620,7,10,146,409,14,8,19,6,5,49,1457,8,172,160,46,1533,11,129,5,6,20,24,17,818,1,9,22,46,188,10,2,4,4,10,108,269,23,32,2,0,3,16,1,148,0,2,20,2647,4337,628,5556,134,266,1192,2028,184,97,314,154,565,16909,120,1104,149,10543,35,164,1445,10,28,153,361,7021,41,93,3736,55,418,39,11,4565,21,6,321,60,220,7,22,5,73,29
0,0,1,1,0,0,1,16,70,9,2,2,3,2,0,9,2,1,40,9,7,8,3,10,5,1,3,1,0,1,12,2,3,4,2,19,16,6,6,2,0,2,2,12,6,1,3,2,0,1,3,5,21,1,2,6,91,572,485,2073,5292,5573,5465,2070,55,169,164,9444,857,120,17167,1358,408,114,4292,58,81,44,49,2238,159,516,130,59,16,97,472,111,233,29,85,30,176,153,249,12,10,35,864,4724
2,7,2,12,4,4,6,17,75,14,3,3,17,28,14,20,3,3,44,97,5,55,78,18,153,57,145,16,11,24,29,87,65,33,6,18,7,160,15,54,6,8,14,272,139,18,85,6,1,5,84,345,324,49,27,214,131,1584,396,1853,2549,7633,6000,519,363,255,359,683,453,1104,1358,39851,180,2223,236,219,1775,1267,2785,297,661,2942,907,141,188,537,213,210,38,565,194,295,2831,6640,8415,93,79,4508,2424,197
3,2,2,8,1,2,2,42,187,29,10,9,7,8,8,15,14,10,131,35,52,21,29,62,57,6,37,0,4,20,55,10,26,1,9,52,23,56,36,4,5,9,20,51,47,1,6,8,2,2,16,8,15,1,21,13,64,186,52,11383,345,131,106,60,53,15,83,83,2711,149,408,180,10002,2485,103,18,790,7,63,31,99,324,143,10,44,21,7802,3665,26,31,5911,38,208,12,85,300,25,28,292,106
0,2,1,4,0,4,5,69,194,10,15,122,145,35,21,18,5,10,74,1042,6,163,319,57,1543,52,329,4,10,45,31,88,733,10,7,32,25,512,17,10,3,7,13,493,745,29,124,12,5,11,12,8,95,0,28,20,434,185,270,5208,127,147,1030,611,90,54,244,65,1433,10543,114,2223,2485,19178,32,143,14262,24,27,54,640,8140,51,40,1618,156,925,179,8,1439,651,371,1697,126,871,293,26,3,77,38
0,0,1,1,0,0,0,2,5,3,1,0,0,3,0,6,0,0,16,2,2,5,0,2,0,1,4,1,1,4,8,1,1,1,1,10,3,4,6,1,3,2,3,3,3,0,4,0,0,0,0,3,31,1,5,11,13,76,299,150,677,194,291,69,148,680,355,926,675,35,4292,236,103,32,4450,47,38,15,82,7371,147,194,258,1246,24,67,111,124,4997,20,127,13,50,55,105,25,7,18,940,5257
0,0,0,2,0,0,1,1,6,2,2,2,1,1,0,2,0,0,2,4,0,34,50,4,12,114,119,14,2,2,1,142,9,106,0,1,2,85,3,81,2,2,1,374,10,36,195,2,0,1,13,3,60,2,1,18,21,180,41,59,103,16,9,6,320,171,71,19,32,164,58,219,18,143,47,15223,876,180,123,91,4583,1307,287,109,2384,7890,21,25,24,6155,36,273,11585,158,618,27,70,22,317,180
1,2,2,5,2,4,6,17,76,22,6,29,48,22,5,5,2,4,20,204,4,143,295,54,512,351,1055,51,11,14,9,479,194,109,5,18,11,633,14,144,12,15,6,1873,355,60,483,25,2,15,3,4,42,1,25,13,416,203,36,1554,101,91,258,159,118,70,57,32,178,1445,81,1775,790,14262,38,876,15712,796,57,54,2326,2493,78,41,1245,970,640,54,14,1168,804,5331,7149,364,2414,517,32,13,161,70
0,0,0,0,0,0,0,1,0,0,0,0,0,2,0,0,0,0,1,0,0,5,3,0,1,4,8,72,1,1,2,8,1,50,0,5,0,0,1,135,1,0,0,32,1,7,50,0,0,0,8,29,17,6,1,10,2,12,5,8,81,18,12,1,31,29,16,12,13,10,44,1267,7,24,15,180,796,60904,1815,9,64,16,502,16,15,8324,12,4,10,30,15,13979,890,8074,297,5,15,351,261,67
8,12,8,33,3,9,12,3,0,14,2,0,0,33,23,34,1,0,37,6,2,9,3,13,3,2,5,3,6,34,32,1,2,1,19,37,5,10,34,5,3,9,14,8,1,4,2,24,4,2,640,750,740,182,139,311,8,27,53,46,488,35,26,8,6453,608,379,24,263,28,49,2785,63,27,82,123,57,1815,124733,62,201,66,19657,235,47,247,141,203,101,53,266,157,128,737,136,133,12388,18734,2596,427
5,12,7,29,6,15,17,4,11,27,2,2,1,77,24,50,1,2,49,6,2,17,1,11,5,2,3,2,14,55,61,6,0,4,30,48,8,8,59,0,13,19,26,5,7,1,3,19,7,8,11,2,249,3,19,14,188,723,12360,184,307,213,368,323,451,920,9655,4751,2875,153,2238,297,31,54,7371,91,54,9,62,17318,206,489,209,3869,127,48,102,194,1189,101,273,5,80,36,134,203,44,20,341,569
0,0,0,1,0,1,1,3,6,0,1,1,2,4,1,1,0,1,8,8,0,39,59,7,14,147,135,28,3,1,5,203,10,134,1,3,2,83,4,127,2,3,2,569,16,35,260,2,0,1,25,9,108,1,8,21,98,371,98,133,214,36,33,40,492,413,127,85,105,361,159,661,99,640,147,4583,2326,64,201,206,15030,3903,666,223,2864,6278,46,24,63,2566,114,462,8670,271,7505,81,100,44,750,501
0,1,0,3,0,0,3,25,85,8,4,47,69,15,6,7,2,4,37,433,4,94,187,29,585,46,220,0,5,23,14,73,336,15,4,23,10,340,16,4,1,11,4,326,361,18,97,4,4,7,15,7,182,0,12,50,2617,1825,442,1271,196,462,4828,7945,294,276,311,916,460,7021,516,2942,324,8140,194,1307,2493,16,66,489,3903,18583,195,194,14160,161,166,88,41,3514,67,32,3707,221,3796,44,35,13,279,205
5,9,7,26,5,10,10,4,11,27,2,1,1,62,22,56,1,4,88,10,9,20,0,12,2,5,8,0,12,48,71,12,5,2,21,75,9,15,46,2,8,18,32,13,3,1,7,15,4,6,434,797,975,180,96,520,9,46,108,133,636,46,45,18,16084,3526,619,52,527,41,130,907,143,51,258,287,78,502,19657,209,666,195,69163,612,115,257,309,320,460,117,380,65,134,243,152,156,3832,12710,23356,3514
5,16,8,37,12,14,16,1,6,10,0,1,3,37,19,36,0,0,13,2,0,11,1,3,2,2,5,0,8,30,30,6,4,1,17,21,6,7,23,0,4,13,15,9,1,0,0,25,3,6,41,13,494,1,17,23,29,150,281,43,310,53,44,46,1600,14290,6174,128,326,93,59,141,10,40,1246,109,41,16,235,3869,223,194,612,17448,100,57,37,117,1180,93,206,3,43,34,65,119,97,38,944,861
2,1,0,1,1,0,0,18,30,1,0,17,11,8,7,6,0,2,14,147,4,70,147,19,233,34,196,3,3,9,3,86,153,5,0,3,2,379,6,5,1,3,2,378,322,8,70,1,2,5,7,5,53,1,2,13,207,453,143,132,42,17,41,69,186,145,94,43,108,3736,16,188,44,1618,24,2384,1245,15,47,127,2864,14160,115,100,6421,251,13,28,15,4161,23,10,1061,32,258,5,21,7,124,77
0,0,1,1,0,3,0,2,7,1,0,2,1,0,0,1,1,0,1,4,1,46,22,4,2,52,63,263,4,3,1,107,2,488,0,0,0,16,3,897,3,1,1,428,5,133,485,4,0,0,12,7,27,1,4,5,7,90,18,37,133,27,23,5,132,112,40,21,26,55,97,537,21,156,67,7890,970,8324,247,48,6278,161,257,57,251,33345,18,9,22,801,39,5675,11941,8789,4284,29,30,53,313,172
3,15,9,24,1,18,4,131,665,66,16,18,66,38,24,73,24,27,267,103,57,46,11,184,86,0,19,3,23,93,241,7,19,0,55,341,471,12,247,1,30,42,80,14,10,1,12,93,9,9,55,35,41,4,65,57,279,730,226,7936,530,209,176,176,194,35,351,218,1251,418,472,213,7802,925,111,21,640,12,141,102,46,166,309,37,13,18,4477,1598,49,44,5576,92,62,16,52,836,85,48,417,116
18,94,44,200,15,58,90,8,13,48,6,1,2,82,50,126,2,7,170,27,10,30,3,39,9,2,6,0,30,87,86,3,5,1,41,139,34,3,100,4,25,24,44,16,2,0,6,221,18,4,300,201,307,28,974,1598,7,12,42,167,645,72,22,7,634,52,11614,25,3448,39,111,210,3665,179,124,25,54,4,203,194,24,88,320,117,28,9,1598,26568,48,30,15603,3,34,8,23,8008,293,54,474,102
0,1,0,1,0,0,0,0,2,1,0,0,0,2,1,2,0,0,5,0,0,1,2,2,1,0,0,0,1,2,2,1,1,0,1,5,1,2,3,1,2,1,0,2,3,0,0,0,0,0,1,4,29,0,1,4,1,14,35,26,1206,15,28,13,451,8250,145,37,177,11,233,38,26,8,4997,24,14,10,101,1189,63,41,460,1180,15,22,49,48,19279,16,79,3,25,18,32,8,23,21,1762,9082
0,1,0,0,1,0,0,8,24,2,4,9,6,16,6,4,1,2,28,73,5,81,202,27,217,145,384,5,2,12,13,146,92,9,2,14,5,501,8,12,1,3,5,608,351,17,138,2,3,4,34,11,245,1,3,67,50,301,111,198,44,39,43,31,305,178,169,16,141,4565,29,565,31,1439,20,6155,1168,30,53,101,2566,3514,117,93,4161,801,44,30,16,16363,17,40,13645,96,608,22,32,11,103,45
1,28,15,73,9,28,44,1,11,55,6,1,0,70,22,81,3,0,124,12,12,36,4,31,5,5,7,4,17,71,101,5,5,3,43,113,27,8,93,3,9,18,33,12,4,3,6,111,12,3,318,148,151,16,677,218,1,15,19,133,616,53,8,5,668,83,1043,11,705,21,85,194,5911,651,127,36,804,15,266,273,114,67,380,206,23,39,5576,15603,79,17,25002,140,88,22,67,13513,465,72,518,140
0,1,0,3,0,2,1,1,0,1,2,0,0,1,0,1,0,0,0,1,1,49,16,2,3,29,77,487,8,5,2,78,3,768,0,1,8,17,4,1875,4,1,2,442,2,193,582,6,0,1,3,3,5,1,5,4,3,12,3,14,46,11,4,1,16,17,4,8,1,6,30,295,38,371,13,273,5331,13979,157,5,462,32,65,3,10,5675,92,3,3,40,140,35677,8448,2614,1028,77,4,25,80,28
0,0,1,1,0,3,1,13,30,13,3,4,1,8,4,4,1,5,4,42,3,117,178,21,113,382,788,139,11,11,5,503,55,421,0,6,7,487,12,635,1,13,2,1676,179,126,731,10,0,11,10,4,76,0,3,21,35,154,82,198,200,112,97,32,165,114,80,45,120,321,176,2831,208,1697,50,11585,7149,890,128,80,8670,3707,134,43,1061,11941,62,34,25,13645,88,8448,44384,1979,5449,61,24,25,261,117
0,0,0,0,0,0,0,0,3,0,0,0,0,1,0,1,0,0,1,2,1,9,9,0,5,13,16,145,2,0,1,33,0,150,1,0,0,10,1,307,3,1,0,105,3,38,139,2,0,0,6,13,17,3,2,4,12,52,21,65,116,130,119,9,35,54,25,48,33,60,153,6640,12,126,55,158,364,8074,737,36,271,221,243,34,32,8789,16,8,18,96,22,2614,1979,18126,9282,10,8,183,183,99
0,0,0,0,0,2,1,6,12,7,0,1,3,1,3,4,0,0,4,24,0,52,62,6,40,125,181,61,2,4,0,188,20,250,1,1,2,121,6,288,1,3,0,595,44,83,311,0,0,1,5,8,31,1,4,13,46,156,86,182,192,211,305,84,114,117,68,152,78,220,249,8415,85,871,105,618,2414,297,136,134,7505,3796,152,65,258,4284,52,23,32,608,67,1028,5449,9282,16797,37,22,39,255,230
43,281,152,689,30,396,469,0,0,18,0,1,0,53,21,116,0,0,13,3,1,6,3,45,5,4,34,3,3,17,27,5,1,8,50,16,28,6,131,27,7,10,11,23,2,0,3,1427,33,0,325,458,240,164,5415,2060,2,6,6,35,350,22,0,0,265,20,746,8,174,7,12,93,300,293,25,27,517,5,133,203,81,44,156,119,5,29,836,8008,8,22,13513,77,61,10,37,14770,756,34,256,20
5,40,17,70,14,18,36,1,0,21,1,0,1,72,19,58,0,0,13,3,3,13,2,1,2,0,1,0,3,34,34,1,1,0,22,31,4,4,38,3,8,9,17,4,0,0,2,47,8,4,10463,1282,1277,361,4999,339,4,18,38,25,146,10,6,5,13163,382,481,5,131,22,10,79,25,26,7,70,32,15,12388,44,100,35,3832,97,21,30,85,293,23,32,465,4,24,8,22,756,58451,118,1581,111
0,5,2,4,1,2,4,0,1,3,3,0,0,10,2,9,1,0,14,0,1,1,1,7,2,1,2,0,1,6,5,1,0,0,0,6,1,2,6,2,3,3,4,2,0,0,0,6,2,1,53,150,134,32,20,82,0,16,29,32,22879,28,12,1,212,90,145,6,113,5,35,4508,28,3,18,22,13,351,18734,20,44,13,12710,38,7,53,48,54,21,11,72,25,25,183,39,34,118,59492,5504,93
1,13,9,33,2,5,12,4,22,23,6,1,0,46,20,41,3,8,96,5,3,22,7,30,5,4,13,2,11,51,59,11,4,4,16,47,10,13,37,4,7,18,26,21,4,4,12,23,5,1,205,508,1026,72,77,575,13,86,192,291,37206,221,181,42,2217,3811,928,121,1053,73,864,2424,292,77,940,317,161,261,2596,341,750,279,23356,944,124,313,417,474,1762,103,518,80,261,183,255,256,1581,5504,39749,11565
1,2,0,1,1,2,1,0,4,8,1,2,0,4,1,4,1,0,19,2,1,2,1,7,1,0,5,0,0,3,8,9,0,5,3,7,1,8,7,4,3,3,2,15,3,1,6,0,2,0,9,16,102,2,7,36,8,38,84,108,6888,95,132,41,1106,8601,235,157,466,29,4724,197,106,38,5257,180,70,67,427,569,501,205,3514,861,77,172,116,102,9082,45,140,28,117,99,230,20,111,93,11565,13380
