27639,6806,6114,558,17990,2946,552,4,3,245,22,0,0,14635,463,78,0,1,11,8,1,552,0,1,2,6,1,1,432,648,22,1,0,9,65,28,23,0,66,0,178,57,17,1,5,0,3,123,2395,6,0,18,3,56,11,25,0,0,0,2,2,0,0,1,11,1,7,0,0,0,0,3,0,0,0,0,0,0,3,0,0,0,4,0,0,0,11,14,0,0,6,0,0,0,0,37,1,0,4,0
6806,22570,5726,13828,1547,816,1961,6,19,834,87,1,5,4285,2545,282,1,11,17,19,13,552,0,11,5,21,4,1,218,796,54,9,7,25,552,74,100,4,132,2,296,285,40,7,17,0,10,278,292,80,23,173,60,63,122,75,1,0,1,1,12,2,1,0,92,9,98,1,6,2,0,11,0,1,1,3,0,0,5,4,0,3,18,19,0,0,22,151,2,1,48,0,3,0,0,441,5,2,6,1
6114,5726,12496,2576,4143,5559,4758,0,4,440,45,0,2,720,43,54,1,2,9,1,1,628,0,2,0,0,0,1,236,581,14,3,2,3,90,21,21,1,284,1,183,109,14,1,0,0,2,74,190,9,276,613,12,3422,398,253,0,0,0,0,14,0,0,0,47,4,27,0,3,0,0,17,0,0,1,2,0,0,18,0,0,1,14,0,0,0,9,35,0,1,17,0,0,0,0,161,14,4,6,0
558,13828,2576,33699,623,2071,14554,66,52,1188,230,11,19,3182,14631,5245,15,33,161,225,30,407,35,26,45,104,31,2,232,903,485,60,68,126,1911,238,208,32,356,4,244,338,973,34,182,2,30,370,395,232,37,213,68,193,203,268,5,1,5,13,25,1,0,2,90,20,111,1,30,13,6,12,8,24,2,6,15,0,9,20,1,24,30,26,10,1,55,214,4,13,74,0,12,0,2,683,6,3,11,2
17990,1547,4143,623,25967,28921,2968,0,1,96,9,0,1,5059,187,73,1,0,5,4,0,429,0,5,2,4,1,1,651,600,9,3,1,6,201,40,38,0,378,4,168,30,15,4,5,1,1,1725,4679,1,10,23,3,306,23,70,0,0,1,0,0,0,0,0,3,0,6,0,0,0,0,0,0,0,0,0,0,0,2,0,0,0,3,6,0,0,5,14,0,2,5,0,1,0,0,37,1,1,0,0
2946,816,5559,2071,28921,23345,12061,1,14,282,27,1,1,850,73,172,1,4,14,8,3,392,4,63,7,10,21,3,309,486,13,5,8,18,1186,200,182,2,1571,25,118,59,2,28,11,0,0,7046,3484,8,115,191,37,923,702,188,0,1,2,1,7,1,2,0,47,3,34,1,4,0,0,4,0,3,0,0,0,0,12,2,2,3,5,8,0,1,13,76,0,1,53,1,7,0,0,775,18,2,5,1
552,1961,4758,14554,2968,12061,18900,4,16,389,80,0,2,578,228,1562,2,4,18,19,1,276,5,23,14,15,10,1,121,291,31,13,11,21,3372,204,142,9,1863,1,91,91,12,8,26,2,3,1468,153,23,43,183,39,468,310,1146,2,0,2,2,14,1,1,1,66,6,84,0,16,1,1,14,2,2,1,0,0,0,7,4,0,1,15,14,3,0,27,123,2,0,76,0,1,0,0,564,10,4,4,0
4,6,0,66,0,1,4,23977,1611,110,1734,464,6581,111,374,511,631,6803,2192,5257,63,1009,356,48,108,175,81,16,13,50,1759,492,1518,150,6,15,1321,23,17,13,6,11,517,80,500,54,125,1,6,59,0,3,3,1,1,1,403,226,36,1001,39,27,87,232,5,6,17,130,83,327,74,42,122,112,29,6,13,0,2,26,13,215,7,4,23,4,437,26,7,22,6,2,32,0,6,2,0,0,8,2
3,19,4,52,1,14,16,1611,51276,179,907,853,908,39,47,242,559,236,4625,5950,122,654,378,12486,4213,178,4637,15,25,52,131,100,684,172,60,659,17097,163,352,30,14,23,48,855,192,54,105,39,4,19,1,4,14,0,2,4,777,595,98,2483,78,67,180,414,13,10,65,380,204,625,223,98,288,355,48,31,142,2,7,96,21,439,11,12,110,17,1115,67,8,74,35,5,69,3,12,15,1,1,17,8
245,834,440,1188,96,282,389,110,179,49127,6283,2779,279,634,835,1037,1090,176,1034,104,6403,3459,556,144,35,58,62,120,375,1478,1021,299,291,255,282,435,467,29,382,21,11388,22495,1607,123,54,177,435,127,47,4918,3,10,6,13,4,8,4,0,7,20,27,2,3,6,21,9,35,17,70,8,14,10,12,11,23,21,12,0,6,26,11,24,19,14,7,0,51,66,7,12,40,3,23,0,4,29,4,1,14,5
22,87,45,230,9,27,80,1734,907,6283,9658,14213,2885,136,198,681,2844,324,1957,560,1450,4106,3024,145,86,37,45,52,61,101,535,87,682,62,111,325,463,36,210,6,29,74,243,117,37,204,206,50,9,61,0,3,3,0,3,2,13,13,13,76,12,3,7,8,3,6,8,20,58,17,16,14,22,13,17,8,10,0,2,11,9,23,8,5,13,1,45,33,5,12,20,1,12,0,4,14,0,1,5,2
0,1,0,11,0,1,0,464,853,2779,14213,22976,17514,15,19,47,8147,269,231,775,2422,1364,7250,84,557,32,141,46,20,60,73,91,10873,53,14,48,450,36,28,14,11,31,21,167,41,236,429,4,1,36,0,0,2,0,0,0,29,28,10,107,12,4,12,18,0,0,5,27,28,61,10,13,14,54,9,12,20,1,0,11,10,65,3,2,34,9,65,20,2,19,7,0,43,0,4,1,1,0,2,0
0,5,2,19,1,1,2,6581,908,279,2885,17514,17543,50,128,91,5432,1644,222,1042,495,559,1200,30,131,32,61,25,22,85,536,538,7458,52,5,25,924,23,26,11,18,94,284,77,72,70,366,2,3,262,0,0,5,0,0,1,277,110,14,550,6,7,53,140,1,0,13,69,31,245,17,35,49,85,4,11,21,1,4,9,12,133,3,3,26,8,320,12,0,15,11,1,22,0,4,3,1,1,2,0
14635,4285,720,3182,5059,850,578,111,39,634,136,15,50,89340,18088,1459,6,52,238,218,63,1299,31,33,26,186,33,20,6106,27811,964,211,107,336,821,486,535,46,699,16,849,354,1189,69,315,7,118,457,19576,2127,16,60,49,20,23,27,7,6,5,5,21,7,0,2,117,20,108,5,28,13,3,29,2,7,10,8,8,1,27,14,2,26,52,66,10,0,119,184,12,12,118,1,16,0,2,196,11,6,29,1
463,2545,43,14631,187,73,228,374,47,835,198,19,128,18088,21417,1196,7,137,282,320,76,366,38,10,46,271,39,9,348,1412,2279,408,180,391,293,114,128,43,134,9,230,329,11272,76,465,1,153,158,665,2546,7,30,14,7,13,9,4,4,2,19,9,2,3,2,28,5,33,1,16,10,2,13,3,22,5,8,15,0,8,8,4,24,15,14,17,0,34,67,1,12,31,0,16,0,2,81,8,1,11,2
78,282,54,5245,73,172,1562,511,242,1037,681,47,91,1459,1196,20879,36,433,6201,670,224,464,49,71,154,123,58,7,382,1118,14310,79,153,152,3086,2378,648,66,410,8,273,302,1413,80,223,5,55,476,97,200,21,58,50,13,43,41,12,12,8,42,47,9,4,6,94,25,137,11,77,29,19,38,7,34,27,4,12,0,32,33,6,28,69,71,27,2,115,216,31,18,148,1,10,0,2,184,13,8,28,12
0,1,1,15,1,1,2,631,559,1090,2844,8147,5432,6,7,36,16381,3537,219,68,6993,265,558,79,29,14,18,34,6,31,655,86,383,45,3,49,437,13,21,6,7,21,24,32,7,64,139,4,0,23,0,0,1,0,1,1,4,34,21,126,24,8,8,13,2,1,6,36,62,1,32,7,37,9,16,1,4,0,3,18,5,19,5,2,7,4,64,14,3,12,4,2,6,1,1,2,0,0,1,1
1,11,2,33,0,4,4,6803,236,176,324,269,1644,52,137,433,3537,5936,1758,169,437,93,135,103,18,18,14,6,16,72,4313,129,282,45,15,58,395,6,47,3,28,79,369,18,45,25,141,3,2,191,0,0,5,0,0,0,11,20,27,63,42,8,10,6,7,9,28,28,116,11,40,11,28,10,48,2,8,0,6,56,2,17,16,2,8,2,68,39,5,6,15,1,14,0,1,7,4,2,13,5
11,17,9,161,5,14,18,2192,4625,1034,1957,231,222,238,282,6201,219,1758,16479,2154,433,546,118,428,312,121,116,11,247,452,4096,92,311,132,70,3624,1518,118,509,7,194,152,513,107,223,26,55,61,16,112,6,3,21,4,8,5,40,34,51,133,118,25,20,21,55,28,139,43,340,65,75,69,37,68,113,9,30,2,57,125,6,91,86,67,44,7,216,304,62,25,182,2,31,0,4,57,12,13,65,31
8,19,1,225,4,8,19,5257,5950,104,560,775,1042,218,320,670,68,169,2154,39595,58,970,1134,90,3439,1448,1103,35,48,80,606,1159,5201,924,73,254,952,8261,54,36,21,26,350,1563,7957,119,300,28,14,41,3,13,30,0,2,1,885,135,27,1167,26,21,279,398,47,43,69,49,125,1391,12,216,185,1353,17,109,275,1,8,68,66,1440,19,36,625,37,351,49,6,321,15,13,254,4,35,7,4,0,6,4
1,13,1,30,0,3,1,63,122,6403,1450,2422,495,63,76,224,6993,437,433,58,18210,215,369,111,32,39,31,67,63,455,1039,214,314,161,31,124,400,11,117,29,131,796,2888,69,16,82,336,25,1,2722,0,0,5,0,1,0,3,5,14,21,24,3,2,2,2,4,23,14,81,4,10,15,9,5,15,16,7,0,8,23,6,10,12,5,5,2,36,33,2,9,15,4,14,0,5,4,2,2,13,1
552,552,628,407,429,392,276,1009,654,3459,4106,1364,559,1299,366,464,265,93,546,970,215,24311,4325,75,339,135,225,1679,4667,1541,341,362,341,591,240,323,246,177,408,359,14831,1320,309,991,63,5269,1266,138,217,193,5,8,12,13,11,9,15,4,2,31,8,3,6,13,31,5,53,3,37,24,6,22,8,32,22,28,40,3,18,19,21,45,32,25,31,14,43,84,14,26,55,17,38,0,10,54,8,2,13,3
0,0,0,35,0,4,5,356,378,556,3024,7250,1200,31,38,49,558,135,118,1134,369,4325,19929,102,927,368,951,469,170,76,70,1786,7100,519,12,46,89,508,57,126,13,47,45,1805,145,7036,10746,9,1,70,0,0,3,0,0,0,10,5,1,36,2,6,7,12,1,3,5,11,6,40,1,115,5,151,7,279,172,4,0,9,174,360,3,4,187,63,27,4,2,362,1,26,402,4,69,3,0,0,5,2
1,11,2,26,5,63,23,48,12486,144,145,84,30,33,10,71,79,103,428,90,111,75,102,3894,534,61,1542,18,28,36,66,35,166,97,151,4949,5314,100,11861,98,18,18,31,452,112,7,45,494,5,17,2,1,2,1,6,3,4,19,16,79,30,7,7,6,15,5,25,31,89,20,30,13,17,46,16,12,16,0,2,38,10,38,9,1,27,3,70,41,2,26,18,1,24,1,5,12,4,2,11,4
2,5,0,45,2,7,14,108,4213,35,86,557,131,26,46,154,29,18,312,3439,32,339,927,534,10625,465,10785,28,12,26,78,243,2713,486,51,259,175,1027,111,108,6,12,41,3655,844,74,210,18,2,23,2,4,15,0,1,4,141,34,8,270,23,13,123,73,35,45,40,32,58,651,9,206,77,1481,12,129,550,2,5,66,73,1010,11,38,875,37,22,25,8,491,16,10,411,1,38,9,0,0,5,9
6,21,0,104,4,10,15,175,178,58,37,32,32,186,271,123,14,18,121,1448,39,135,368,61,465,24136,1338,30,20,91,232,6718,203,5464,30,54,30,9904,59,122,19,19,264,10473,4742,139,751,21,11,64,0,2,2,0,0,1,5,3,1,31,11,3,29,7,13,19,4,18,5,28,10,420,24,257,15,1454,1213,24,0,18,914,499,8,5,208,225,5,5,4,549,21,349,1981,19,429,9,1,0,7,6
1,4,0,31,1,21,10,81,4637,62,45,141,61,33,39,58,18,14,116,1103,31,225,951,1542,10785,1338,23716,690,23,30,46,1054,876,951,24,136,1527,1772,979,6151,5,15,31,18762,1498,172,700,176,5,21,0,6,9,2,3,1,13,7,2,41,4,3,14,9,16,8,6,6,16,103,3,182,26,497,7,342,687,26,1,14,203,457,2,3,366,113,11,6,1,449,6,199,654,11,105,10,0,1,0,2
1,1,1,2,1,3,1,16,15,120,52,46,25,20,9,7,34,6,11,35,67,1679,469,18,28,30,690,77028,768,65,11,429,42,13892,1,7,225,20,268,29597,20,18,20,412,12,15638,10178,35,2,26,0,0,0,0,0,0,1,0,0,3,0,0,0,0,0,0,1,1,0,2,1,14,4,6,1,8,99,140,3,1,19,8,0,0,3,125,17,0,0,6,19,587,60,16,23,3,0,0,0,0
432,218,236,232,651,309,121,13,25,375,61,20,22,6106,348,382,6,16,247,48,63,4667,170,28,12,20,23,768,89853,12203,226,57,35,113,132,260,217,12,318,125,26175,424,225,68,19,676,137,93,7051,117,2,2,7,6,5,9,3,0,0,2,19,2,2,1,14,6,30,0,25,4,4,14,3,4,7,2,4,0,7,7,0,5,19,26,0,0,33,77,11,1,58,2,3,0,1,38,3,1,11,7
648,796,581,903,600,486,291,50,52,1478,101,60,85,27811,1412,1118,31,72,452,80,455,1541,76,36,26,91,30,65,12203,58984,805,403,193,255,368,528,512,12,606,9,19394,11955,1066,86,100,53,283,212,3801,3343,7,28,13,13,7,16,0,4,2,6,30,0,3,4,53,11,83,2,39,4,3,23,5,12,21,8,11,0,18,16,6,19,42,44,3,0,106,140,12,12,112,2,21,0,4,62,13,4,22,6
22,54,14,485,9,13,31,1759,131,1021,535,73,536,964,2279,14310,655,4313,4096,606,1039,341,70,66,78,232,46,11,226,805,19868,267,199,220,132,270,446,73,157,12,195,395,12547,54,405,11,107,34,57,1624,3,8,11,1,3,3,8,6,14,38,41,2,9,6,24,8,60,8,156,29,28,22,14,39,32,8,14,0,22,45,8,30,37,23,17,0,78,102,19,23,61,3,19,1,6,32,7,7,24,12
1,9,3,60,3,5,13,492,100,299,87,91,538,211,408,79,86,129,92,1159,214,362,1786,35,243,6718,1054,429,57,403,267,37369,6334,3937,16,23,44,508,65,196,50,157,472,2939,5278,1489,17754,20,4,462,0,2,3,0,0,0,5,5,2,22,7,4,15,10,2,11,6,6,8,29,15,283,8,149,11,851,593,27,1,13,604,433,6,3,195,259,15,3,0,473,10,260,1144,23,323,1,1,1,7,3
0,7,2,68,1,8,11,1518,684,291,682,10873,7458,107,180,153,383,282,311,5201,314,341,7100,166,2713,203,876,42,35,193,199,6334,17832,180,27,117,235,430,86,20,27,120,211,872,3077,194,6992,19,7,235,1,3,10,0,1,2,159,27,11,190,8,7,69,62,14,18,16,9,32,318,4,177,41,577,16,204,211,2,3,32,116,652,7,12,402,60,84,12,2,391,6,6,384,5,31,4,0,0,5,1
9,25,3,126,6,18,21,150,172,255,62,53,52,336,391,152,45,45,132,924,161,591,519,97,486,5464,951,13892,113,255,220,3937,180,54137,49,59,104,1021,177,12387,48,81,368,10746,1085,3802,22954,58,14,162,0,0,4,0,3,0,2,2,0,7,6,7,13,1,0,6,0,10,4,11,8,190,8,96,5,331,309,236,3,5,417,114,1,3,60,1177,19,3,1,114,24,1758,939,195,497,6,1,0,4,1
65,552,90,1911,201,1186,3372,6,60,282,111,14,5,821,293,3086,3,15,70,73,31,240,12,151,51,30,24,1,132,368,132,16,27,49,4419,3143,713,19,7854,1,64,71,32,35,34,3,10,6108,75,19,24,160,75,28,81,61,1,3,4,6,29,2,1,2,139,19,172,2,41,8,6,34,11,9,10,1,2,0,27,16,1,7,46,52,7,2,106,292,15,9,146,0,3,0,0,529,20,13,18,3
28,74,21,238,40,200,204,15,659,435,325,48,25,486,114,2378,49,58,3624,254,124,323,46,4949,259,54,136,7,260,528,270,23,117,59,3143,16082,2689,45,7351,14,140,98,109,141,52,4,25,1338,41,54,11,41,45,13,27,19,4,6,14,41,77,12,6,7,95,29,164,23,202,23,25,58,32,42,58,10,15,0,59,70,1,32,94,74,27,4,216,304,46,9,228,1,14,0,0,121,21,14,56,23
23,100,21,208,38,182,142,1321,17097,467,463,450,924,535,128,648,437,395,1518,952,400,246,89,5314,175,30,1527,225,217,512,446,44,235,104,713,2689,5244,37,10146,806,155,148,149,275,26,30,52,2282,44,106,10,17,7,8,23,5,150,119,21,566,29,16,31,118,27,10,35,59,98,92,51,24,74,22,35,6,11,2,5,40,4,73,18,12,9,5,661,84,6,12,41,17,7,1,7,81,2,3,13,7
0,4,1,32,0,2,9,23,163,29,36,36,23,46,43,66,13,6,118,8261,11,177,508,100,1027,9904,1772,20,12,12,73,508,430,1021,19,45,37,15806,61,34,3,2,35,8622,2692,76,300,23,2,14,0,4,9,2,1,2,13,9,5,27,11,18,39,12,9,18,6,17,13,57,23,513,28,568,11,924,811,8,2,22,445,1030,9,11,674,152,14,12,1,1136,9,49,1255,10,158,8,1,1,6,5
66,132,284,356,378,1571,1863,17,352,382,210,28,26,699,134,410,21,47,509,54,117,408,57,11861,111,59,979,268,318,606,157,65,86,177,7854,7351,10146,61,46080,1275,204,117,118,627,49,15,37,16429,136,79,13,53,54,25,57,44,4,5,23,21,65,11,2,1,116,44,219,9,163,13,22,60,13,12,53,13,12,3,49,77,6,23,119,106,10,8,317,355,38,21,235,29,18,1,4,210,18,21,63,13
0,2,1,4,4,25,1,13,30,21,6,14,11,16,9,8,6,3,7,36,29,359,126,98,108,122,6151,29597,125,9,12,196,20,12387,1,14,806,34,1275,42364,6,2,16,10883,27,1767,1805,229,4,15,0,1,1,1,1,0,0,3,0,3,2,2,10,1,1,8,1,3,0,1,6,119,9,33,2,147,462,790,2,2,230,39,2,1,9,1644,102,1,0,22,80,4690,723,302,462,25,0,0,2,2
178,296,183,244,168,118,91,6,14,11388,29,11,18,849,230,273,7,28,194,21,131,14831,13,18,6,19,5,20,26175,19394,195,50,27,48,64,140,155,3,204,6,76515,8779,169,9,11,17,35,57,98,287,3,5,6,2,1,7,0,0,0,2,6,1,2,0,9,4,17,2,21,4,6,5,2,2,8,2,0,0,7,7,0,5,14,9,2,0,22,33,6,1,28,1,1,0,0,9,5,2,9,1
57,285,109,338,30,59,91,11,23,22495,74,31,94,354,329,302,21,79,152,26,796,1320,47,18,12,19,15,18,424,11955,395,157,120,81,71,98,148,2,117,2,8779,14066,1076,24,18,26,148,39,16,7532,0,2,5,4,2,3,0,1,1,4,8,2,0,0,6,0,18,2,15,2,0,7,0,0,3,4,2,0,5,6,3,5,5,6,5,0,23,18,2,6,16,1,6,1,1,5,2,1,5,0
17,40,14,973,15,2,12,517,48,1607,243,21,284,1189,11272,1413,24,369,513,350,2888,309,45,31,41,264,31,20,225,1066,12547,472,211,368,32,109,149,35,118,16,169,1076,22362,60,429,11,195,27,67,11577,0,3,4,2,0,4,6,3,0,15,14,1,2,3,7,4,18,5,24,16,1,14,7,25,9,10,13,0,7,8,4,23,10,12,11,2,34,30,6,16,29,2,21,0,4,9,2,2,8,7
1,7,1,34,4,28,8,80,855,123,117,167,77,69,76,80,32,18,107,1563,69,991,1805,452,3655,10473,18762,412,68,86,54,2939,872,10746,35,141,275,8622,627,10883,9,24,60,63593,648,892,2094,201,1,63,1,5,7,1,2,2,10,7,0,39,17,11,52,11,18,10,8,22,18,61,40,525,31,514,16,1694,1275,86,1,18,1220,802,9,5,513,769,18,7,4,977,23,1032,2747,70,640,14,2,2,10,10
5,17,0,182,5,11,26,500,192,54,37,41,72,315,465,223,7,45,223,7957,16,63,145,112,844,4742,1498,12,19,100,405,5278,3077,1085,34,52,26,2692,49,27,11,18,429,648,7139,28,288,17,18,62,1,1,7,1,3,0,21,11,2,62,9,10,50,18,15,14,15,21,21,122,14,322,33,610,8,398,413,7,0,28,239,989,8,6,670,145,9,16,3,778,15,20,809,8,60,1,1,2,3,2
0,0,0,2,1,0,2,54,54,177,204,236,70,7,1,5,64,25,26,119,82,5269,7036,7,74,139,172,15638,676,53,11,1489,194,3802,3,4,30,76,15,1767,17,26,11,892,28,17667,15458,6,2,25,0,0,1,0,0,0,4,1,1,8,1,0,1,3,1,0,0,1,3,3,1,16,1,14,1,34,29,22,0,1,17,19,0,0,10,135,4,0,0,21,3,173,92,21,45,0,0,0,1,0
3,10,2,30,1,0,3,125,105,435,206,429,366,118,153,55,139,141,55,300,336,1266,10746,45,210,751,700,10178,137,283,107,17754,6992,22954,10,25,52,300,37,1805,35,148,195,2094,288,15458,52896,15,3,254,0,0,0,1,1,0,4,5,3,14,6,5,10,2,1,1,2,6,8,17,7,197,7,134,5,417,299,81,0,6,299,285,3,1,163,561,15,3,0,294,6,591,659,74,255,1,1,0,1,1
123,278,74,370,1725,7046,1468,1,39,127,50,4,2,457,158,476,4,3,61,28,25,138,9,494,18,21,176,35,93,212,34,20,19,58,6108,1338,2282,23,16429,229,57,39,27,201,17,6,15,12030,544,10,22,140,56,35,148,43,0,4,1,4,16,1,1,2,104,9,135,2,24,4,2,20,2,5,4,4,4,2,26,14,2,5,33,44,4,1,139,191,4,5,95,7,2,0,1,676,9,8,22,5
2395,292,190,395,4679,3484,153,6,4,47,9,1,3,19576,665,97,0,2,16,14,1,217,1,5,2,11,5,2,7051,3801,57,4,7,14,75,41,44,2,136,4,98,16,67,1,18,2,3,544,12744,4,0,8,5,4,11,4,1,0,1,0,4,0,0,0,9,0,17,0,1,5,0,2,0,1,0,0,2,0,2,1,0,0,10,3,0,0,8,20,2,1,7,0,2,0,0,22,0,0,2,0
6,80,9,232,1,8,23,59,19,4918,61,36,262,2127,2546,200,23,191,112,41,2722,193,70,17,23,64,21,26,117,3343,1624,462,235,162,19,54,106,14,79,15,287,7532,11577,63,62,25,254,10,4,27474,0,0,2,1,0,0,1,1,1,3,4,2,0,1,4,1,9,0,10,1,1,10,2,3,3,15,13,0,3,2,2,8,6,3,1,1,18,14,4,12,12,0,16,0,4,2,2,0,4,0
0,23,276,37,10,115,43,0,1,3,0,0,0,16,7,21,0,0,6,3,0,5,0,2,2,0,0,0,2,7,3,0,1,0,24,11,10,0,13,0,3,0,0,1,1,0,0,22,0,0,50260,12727,322,8774,17576,286,2,0,6,0,288,10,0,2,13811,106,144,0,14,5,5,661,2,4,9,10,3,5,1723,10,2,7,1282,42,19,10,40,206,12,7,140,1,2,0,0,327,9749,264,247,11
18,173,613,213,23,191,183,3,4,10,3,0,0,60,30,58,0,0,3,13,0,8,0,1,4,2,6,0,2,28,8,2,3,0,160,41,17,4,53,1,5,2,3,5,1,0,0,140,8,0,12727,55079,12800,7091,2908,4638,11,8,19,6,1394,39,3,0,8564,243,778,0,48,26,15,730,6,10,16,45,9,3,769,48,16,32,838,94,59,38,85,878,21,34,257,1,7,0,0,726,758,247,643,41
3,60,12,68,3,37,39,3,14,6,3,2,5,49,14,50,1,5,21,30,5,12,3,2,15,2,9,0,7,13,11,3,10,4,75,45,7,9,54,1,6,5,4,7,7,1,0,56,5,2,322,12800,38852,111,172,5060,72,40,81,27,960,70,16,12,8215,5025,10566,16,235,120,32,233,23,34,59,201,24,17,265,511,51,148,399,945,308,175,141,996,96,173,220,4,37,4,13,151,171,96,463,48
56,63,3422,193,306,923,468,1,0,13,0,0,0,20,7,13,0,0,4,0,0,13,0,1,0,0,2,0,6,13,1,0,0,0,28,13,8,2,25,1,2,4,2,1,1,0,1,35,4,1,8774,7091,111,22220,13572,6193,2,2,2,1,226,4,0,0,447,34,100,0,7,4,4,350,2,1,5,8,3,1,431,8,3,2,434,15,5,1,23,179,4,1,867,1,2,1,1,498,415,108,164,8
11,122,398,203,23,702,310,1,2,4,3,0,0,23,13,43,1,0,8,2,1,11,0,6,1,0,3,0,5,7,3,0,1,3,81,27,23,1,57,1,1,2,0,2,3,0,1,148,11,0,17576,2908,172,13572,19702,5694,1,1,3,3,173,6,0,0,234,21,271,1,35,5,8,106,12,12,11,12,13,6,165,6,2,9,144,19,6,5,123,1933,10,10,2481,10,16,2,2,4231,4961,42,91,7
25,75,253,268,70,188,1146,1,4,8,2,0,1,27,9,41,1,0,5,1,0,9,0,3,4,1,1,0,9,16,3,0,2,0,61,19,5,2,44,0,7,3,4,2,0,0,0,43,4,0,286,4638,5060,6193,5694,23815,10,6,5,7,459,24,2,1,280,34,1914,4,64,21,4,131,14,5,10,33,6,1,60,14,12,15,79,28,51,39,86,1565,12,43,365,3,9,0,2,541,41,30,105,11
0,1,0,5,0,0,2,403,777,4,13,29,277,7,4,12,4,11,40,885,3,15,10,4,141,5,13,1,3,0,8,5,159,2,1,4,150,13,4,0,0,0,6,10,21,4,4,0,1,1,2,11,72,2,1,10,4852,9640,508,657,48,55,208,7163,57,59,359,373,216,3021,17,152,182,217,10,37,136,1,6,757,32,3435,11,101,259,20,1269,14,6,50,3,1,36,3,13,2,3,2,6,0
0,0,0,1,0,1,0,226,595,0,13,28,110,6,4,12,34,20,34,135,5,4,5,19,34,3,7,0,0,4,6,5,27,2,3,6,119,9,5,3,0,1,3,7,11,1,5,4,0,1,0,8,40,2,1,6,9640,20386,2082,2587,123,893,426,2373,35,45,308,5468,291,2328,271,866,249,90,29,103,35,5,7,867,54,865,12,56,525,47,966,19,2,89,15,2,47,17,15,3,4,0,5,4
0,1,0,5,1,2,2,36,98,7,13,10,14,5,2,8,21,27,51,27,14,2,1,16,8,1,2,0,0,2,14,2,11,0,4,14,21,5,23,0,0,1,0,0,2,1,3,1,1,1,6,19,81,2,3,5,508,2082,2816,1804,582,850,131,390,48,35,439,4499,1021,148,249,577,30,32,58,16,18,1,7,4153,19,313,18,106,195,14,336,31,5,33,26,1,22,4,9,6,1,4,29,12
2,1,0,13,0,1,2,1001,2483,20,76,107,550,5,19,42,126,63,133,1167,21,31,36,79,270,31,41,3,2,6,38,22,190,7,6,41,566,27,21,3,2,4,15,39,62,8,14,4,0,3,0,6,27,1,3,7,657,2587,1804,33168,596,1038,942,989,16,21,158,823,4497,6799,893,1317,10824,3676,149,147,1454,10,18,116,58,1066,25,30,212,72,16594,161,21,342,71,17,324,20,44,6,4,7,44,23
2,12,14,25,0,7,14,39,78,27,12,12,6,21,9,47,24,42,118,26,24,8,2,30,23,11,4,0,19,30,41,7,8,6,29,77,29,11,65,2,6,8,14,17,9,1,6,16,4,4,288,1394,960,226,173,459,48,123,582,596,41302,3811,965,81,1574,993,1848,535,1341,78,6375,1735,297,72,1482,103,96,21,177,389,96,182,600,511,119,86,958,1119,1159,119,432,15,265,90,105,129,117,17075,20709,6830
0,2,0,1,0,1,1,27,67,2,3,4,7,7,2,9,8,8,25,21,3,3,6,7,13,3,3,0,2,0,2,4,7,7,2,12,16,18,11,2,1,2,1,11,10,0,5,1,0,2,10,39,70,4,6,24,55,893,850,1038,3811,9698,9537,532,66,70,472,2816,501,129,8494,7854,214,113,844,29,68,13,19,377,36,574,48,80,37,37,246,153,42,53,56,16,181,96,60,15,6,12,151,71
0,1,0,0,0,2,1,87,180,3,7,12,53,0,3,4,8,10,20,279,2,6,7,7,123,29,14,0,2,3,9,15,69,13,1,6,31,39,2,10,2,0,2,52,50,1,10,1,0,0,0,3,16,0,0,2,208,426,131,942,965,9537,20390,7346,13,45,55,6277,143,461,6315,11492,178,791,724,35,243,42,5,311,88,8684,24,34,63,78,430,36,46,140,23,31,348,183,195,5,2,5,58,69
1,0,0,2,0,0,1,232,414,6,8,18,140,2,2,6,13,6,21,398,2,13,12,6,73,7,9,0,1,4,6,10,62,1,2,7,118,12,1,1,0,0,3,11,18,3,2,2,0,1,2,0,12,0,0,1,7163,2373,390,989,81,532,7346,12478,24,96,102,6632,114,528,495,918,215,360,152,15,102,7,4,674,34,4873,7,68,24,32,834,14,21,37,12,6,59,27,58,1,2,2,15,9
11,92,47,90,3,47,66,5,13,21,3,0,1,117,28,94,2,7,55,47,2,31,1,15,35,13,16,0,14,53,24,2,14,0,139,95,27,9,116,1,9,6,7,18,15,1,1,104,9,4,13811,8564,8215,447,234,280,57,35,48,16,1574,66,13,24,60603,19238,1282,17,174,79,52,751,10,55,236,484,52,38,7153,766,201,361,16018,1580,746,443,370,883,819,161,585,12,98,23,43,367,12505,363,1127,385
1,9,4,20,0,3,6,6,10,9,6,0,0,20,5,25,1,9,28,43,4,5,3,5,45,19,8,0,6,11,8,11,18,6,19,29,10,18,44,8,4,0,4,10,14,0,1,9,0,1,106,243,5025,34,21,34,59,45,35,21,993,70,45,96,19238,52173,1485,50,127,61,267,337,22,107,1082,401,83,52,1107,1331,331,735,8769,9721,779,392,186,186,17038,136,165,23,152,29,63,74,221,198,1985,5944
7,98,27,111,6,34,84,17,65,35,8,5,13,108,33,137,6,28,139,69,23,53,5,25,40,4,6,1,30,83,60,6,16,0,172,164,35,6,219,1,17,18,18,8,15,0,2,135,17,9,144,778,10566,100,271,1914,359,308,439,158,1848,472,55,102,1282,1485,40641,462,6288,443,126,570,41,64,291,170,43,6,309,11378,49,331,544,10514,433,144,635,14424,179,251,1106,11,47,5,23,634,177,108,416,92
0,1,0,1,0,1,0,130,380,17,20,27,69,5,1,11,36,28,43,49,14,3,11,31,32,18,6,1,0,2,8,6,9,10,2,23,59,17,9,3,2,2,5,22,21,1,6,2,0,0,0,0,16,0,1,4,373,5468,4499,823,535,2816,6277,6632,17,50,462,10967,453,56,7929,1457,244,85,1813,26,43,19,4,7424,79,1363,11,62,57,49,506,41,55,55,45,11,89,33,105,4,1,1,32,52
0,6,3,30,0,4,16,83,204,70,58,28,31,28,16,77,62,116,340,125,81,37,6,89,58,5,16,0,25,39,156,8,32,4,41,202,98,13,163,0,21,15,24,18,21,3,8,24,1,10,14,48,235,7,35,64,216,291,1021,4497,1341,501,143,114,174,127,6288,453,19226,1408,620,547,3441,416,522,89,160,3,127,2497,44,460,253,296,159,49,3457,4706,114,312,799,10,144,13,17,102,38,49,317,119
0,2,0,13,0,0,1,327,625,8,17,61,245,13,10,29,1,11,65,1391,4,24,40,20,651,28,103,2,4,4,29,29,318,11,8,23,92,57,13,1,4,2,16,61,122,3,17,4,5,1,5,26,120,4,5,21,3021,2328,148,6799,78,129,461,528,79,61,443,56,1408,18157,43,784,302,2740,41,334,638,13,13,182,187,5723,30,141,3428,159,1178,195,10,3708,30,11,192,20,42,17,6,6,16,11
0,0,0,6,0,0,1,74,223,14,16,10,17,3,2,19,32,40,75,12,10,6,1,30,9,10,3,1,4,3,28,15,4,8,6,25,51,23,22,6,6,0,1,40,14,1,7,2,0,1,5,15,32,4,8,4,17,271,249,893,6375,8494,6315,495,52,267,126,7929,620,43,19821,1990,334,85,7045,71,122,47,95,866,109,360,267,25,51,93,787,217,1156,90,175,21,322,111,124,19,4,150,2134,5700
3,11,17,12,0,4,14,42,98,10,14,13,35,29,13,38,7,11,69,216,15,22,115,13,206,420,182,14,14,23,22,283,177,190,34,58,24,513,60,119,5,7,14,525,322,16,197,20,2,10,661,730,233,350,106,131,152,866,577,1317,1735,7854,11492,918,751,337,570,1457,547,784,1990,61540,192,1317,926,499,1227,3984,3780,444,656,13382,1805,253,264,1790,449,347,205,835,261,733,2996,9153,8592,96,307,3770,1090,188
0,0,0,8,0,0,2,122,288,12,22,14,49,2,3,7,37,28,37,185,9,8,5,17,77,24,26,4,3,5,14,8,41,8,11,32,74,28,13,9,2,0,7,31,33,1,7,2,0,2,2,6,23,2,12,14,182,249,30,10824,297,214,178,215,10,22,41,244,3441,302,334,192,4824,4635,109,118,1008,17,13,62,54,321,22,13,39,69,8589,3533,21,92,2360,128,458,7,26,103,5,4,43,21
0,1,0,24,0,3,2,112,355,11,13,54,85,7,22,34,9,10,68,1353,5,32,151,46,1481,257,497,6,4,12,39,149,577,96,9,42,22,568,12,33,2,0,25,514,610,14,134,5,1,3,4,10,34,1,12,5,217,90,32,3676,72,113,791,360,55,107,64,85,416,2740,85,1317,4635,19410,93,643,14179,67,14,145,403,4303,35,40,675,408,1795,134,23,2212,723,751,4195,45,239,74,8,5,34,20
0,1,1,2,0,0,1,29,48,23,17,9,4,10,5,27,16,48,113,17,15,22,7,16,12,15,7,1,7,21,32,11,16,5,10,58,35,11,53,2,8,3,9,16,8,1,5,4,0,3,9,16,59,5,11,10,10,29,58,149,1482,844,724,152,236,1082,291,1813,522,41,7045,926,109,93,13231,92,87,42,184,4250,119,440,568,1429,139,139,762,334,2931,75,342,25,177,54,84,34,30,92,1138,4295
0,3,2,6,0,0,0,6,31,21,8,12,11,8,8,4,1,2,9,109,16,28,279,12,129,1454,342,8,2,8,8,851,204,331,1,10,6,924,13,147,2,4,10,1694,398,34,417,4,0,15,10,45,201,8,12,33,37,103,16,147,103,29,35,15,484,401,170,26,89,334,71,499,118,643,92,33456,2017,44,99,193,8206,919,201,192,4542,3531,67,66,29,9458,121,206,7329,61,575,33,35,14,101,39
0,0,0,15,0,0,0,13,142,12,10,20,21,8,15,12,4,8,30,275,7,40,172,16,550,1213,687,99,4,11,14,593,211,309,2,15,11,811,12,462,0,2,13,1275,413,29,299,4,2,13,3,9,24,3,13,6,136,35,18,1454,96,68,243,102,52,83,43,43,160,638,122,1227,1008,14179,87,2017,18566,636,15,53,1332,1864,53,21,903,774,939,74,24,1217,1082,8102,12941,139,731,134,11,6,52,23
0,0,0,0,0,0,0,0,2,0,0,1,1,1,0,0,0,0,2,1,0,3,4,0,2,24,26,140,0,0,0,27,2,236,0,0,2,8,3,790,0,0,0,86,7,22,81,2,0,0,5,3,17,1,6,1,1,5,1,10,21,13,42,7,38,52,6,19,3,13,47,3984,17,67,42,44,636,50171,927,32,84,126,60,15,12,9815,134,3,10,20,151,22821,571,21131,1147,18,7,189,25,14
3,5,18,9,2,12,7,2,7,6,2,0,4,27,8,32,3,6,57,8,8,18,0,2,5,0,1,3,7,18,22,1,3,3,27,59,5,2,49,2,7,5,7,1,0,0,0,26,2,3,1723,769,265,431,165,60,6,7,7,18,177,19,5,4,7153,1107,309,4,127,13,95,3780,13,14,184,99,15,927,101535,85,55,60,23912,262,141,181,222,316,332,24,268,120,40,198,14,97,13482,15920,1466,327
0,4,0,20,0,2,4,26,96,26,11,11,9,14,8,33,18,56,125,68,23,19,9,38,66,18,14,1,7,16,45,13,32,5,16,70,40,22,77,2,7,6,8,18,28,1,6,14,1,2,10,48,511,8,6,14,757,867,4153,116,389,377,311,674,766,1331,11378,7424,2497,182,866,444,62,145,4250,193,53,32,85,14469,190,1785,166,7968,826,209,494,205,480,159,152,12,101,18,69,23,34,19,114,121
0,0,0,1,0,2,0,13,21,11,9,10,12,2,4,6,5,2,6,66,6,21,174,10,73,914,203,19,0,6,8,604,116,417,1,1,4,445,6,230,0,3,4,1220,239,17,299,2,0,2,2,16,51,3,2,12,32,54,19,58,96,36,88,34,201,331,49,79,44,187,109,656,54,403,119,8206,1332,84,55,190,31576,4652,113,82,4238,8070,69,29,27,877,120,478,3167,208,10601,19,16,8,84,36
0,3,1,24,0,3,1,215,439,24,23,65,133,26,24,28,19,17,91,1440,10,45,360,38,1010,499,457,8,5,19,30,433,652,114,7,32,73,1030,23,39,5,5,23,802,989,19,285,5,0,8,7,32,148,2,9,15,3435,865,313,1066,182,574,8684,4873,361,735,331,1363,460,5723,360,13382,321,4303,440,919,1864,126,60,1785,4652,50531,144,315,11932,536,774,177,120,2655,96,85,2616,234,7679,25,16,23,127,82
4,18,14,30,3,5,15,7,11,19,8,3,3,52,15,69,5,16,86,19,12,32,3,9,11,8,2,0,19,42,37,6,7,1,46,94,18,9,119,2,14,5,10,9,8,0,3,33,10,6,1282,838,399,434,144,79,11,12,18,25,600,48,24,7,16018,8769,544,11,253,30,267,1805,22,35,568,201,53,60,23912,166,113,144,53190,570,345,243,509,619,1056,52,507,28,109,25,29,156,1937,10075,19351,2159
0,19,0,26,6,8,14,4,12,14,5,2,3,66,14,71,2,2,67,36,5,25,4,1,38,5,3,0,26,44,23,3,12,3,52,74,12,11,106,1,9,6,12,5,6,0,1,44,3,3,42,94,945,15,19,28,101,56,106,30,511,80,34,68,1580,9721,10514,62,296,141,25,253,13,40,1429,192,21,15,262,7968,82,315,570,20982,367,186,360,652,5123,138,358,13,49,10,19,124,107,71,323,168
0,0,0,10,0,0,3,23,110,7,13,34,26,10,17,27,7,8,44,625,5,31,187,27,875,208,366,3,0,3,17,195,402,60,7,27,9,674,10,9,2,5,11,513,670,10,163,4,0,1,19,59,308,5,6,51,259,525,195,212,119,37,63,24,746,779,433,57,159,3428,51,264,39,675,139,4542,903,12,141,826,4238,11932,345,367,16825,501,75,63,53,5592,42,7,865,4,264,9,47,31,160,66
0,0,0,1,0,1,0,4,17,0,1,9,8,0,0,2,4,2,7,37,2,14,63,3,37,225,113,125,0,0,0,259,60,1177,2,4,5,152,8,1644,0,0,2,769,145,135,561,1,0,1,10,38,175,1,5,39,20,47,14,72,86,37,78,32,443,392,144,49,49,159,93,1790,69,408,139,3531,774,9815,181,209,8070,536,243,186,501,46630,67,51,41,642,87,7620,5859,17688,10799,29,40,48,110,49
11,22,9,55,5,13,27,437,1115,51,45,65,320,119,34,115,64,68,216,351,36,43,27,70,22,5,11,17,33,106,78,15,84,19,106,216,661,14,317,102,22,23,34,18,9,4,15,139,8,18,40,85,141,23,123,86,1269,966,336,16594,958,246,430,834,370,186,635,506,3457,1178,787,449,8589,1795,762,67,939,134,222,494,69,774,509,360,75,67,8772,4170,347,67,6071,763,199,25,46,1047,107,60,327,192
14,151,35,214,14,76,123,26,67,66,33,20,12,184,67,216,14,39,304,49,33,84,4,41,25,5,6,0,77,140,102,3,12,3,292,304,84,12,355,1,33,18,30,7,16,0,3,191,20,14,206,878,996,179,1933,1565,14,19,31,161,1119,153,36,14,883,186,14424,41,4706,195,217,347,3533,134,334,66,74,3,316,205,29,177,619,652,63,51,4170,23154,238,123,13207,9,99,2,9,3628,217,103,426,124
0,2,0,4,0,0,2,7,8,7,5,2,0,12,1,31,3,5,62,6,2,14,2,2,8,4,1,0,11,12,19,0,2,1,15,46,6,1,38,0,6,2,6,4,3,0,0,4,2,4,12,21,96,4,10,12,6,2,5,21,1159,42,46,21,819,17038,179,55,114,10,1156,205,21,23,2931,29,24,10,332,480,27,120,1056,5123,53,41,347,238,28891,12,293,8,36,7,14,61,50,130,2279,11343
0,1,1,13,2,1,0,22,74,12,12,19,15,12,12,18,12,6,25,321,9,26,362,26,491,549,449,6,1,12,23,473,391,114,9,9,12,1136,21,22,1,6,16,977,778,21,294,5,1,12,7,34,173,1,10,43,50,89,33,342,119,53,140,37,161,136,251,55,312,3708,90,835,92,2212,75,9458,1217,20,24,159,877,2655,52,138,5592,642,67,123,12,32116,81,41,12234,51,315,23,8,4,37,21
6,48,17,74,5,53,76,6,35,40,20,7,11,118,31,148,4,15,182,15,15,55,1,18,16,21,6,19,58,112,61,10,6,24,146,228,41,9,235,80,28,16,29,23,15,3,6,95,7,12,140,257,220,867,2481,365,3,15,26,71,432,56,23,12,585,165,1106,45,799,30,175,261,2360,723,342,121,1082,151,268,152,120,96,507,358,42,87,6071,13207,293,81,20527,871,560,30,74,13306,619,73,281,139
0,0,0,0,0,1,0,2,5,3,1,0,1,1,0,1,2,1,2,13,4,17,26,1,10,349,199,587,2,2,3,260,6,1758,0,1,17,49,29,4690,1,1,2,1032,20,173,591,7,0,0,1,1,4,1,10,3,1,2,1,17,15,16,31,6,12,23,11,11,10,11,21,733,128,751,25,206,8102,22821,120,12,478,85,28,13,7,7620,763,9,8,41,871,45653,10415,1574,976,108,6,37,25,15
0,3,0,12,1,7,1,32,69,23,12,43,22,16,16,10,6,14,31,254,14,38,402,24,411,1981,654,60,3,21,19,1144,384,939,3,14,7,1255,18,723,1,6,21,2747,809,92,659,2,2,16,2,7,37,2,16,9,36,47,22,324,265,181,348,59,98,152,47,89,144,192,322,2996,458,4195,177,7329,12941,571,40,101,3167,2616,109,49,865,5859,199,99,36,12234,560,10415,39640,489,2169,112,13,11,102,55
0,0,0,0,0,0,0,0,3,0,0,0,0,0,0,0,1,0,0,4,0,0,4,1,1,19,11,16,0,0,1,23,5,195,0,0,1,10,1,302,0,1,0,70,8,21,74,0,0,0,0,0,4,1,2,0,3,17,4,20,90,96,183,27,23,29,5,33,13,20,111,9153,7,45,54,61,139,21131,198,18,208,234,25,10,4,17688,25,2,7,51,30,1574,489,30798,14498,3,0,51,30,11
0,0,0,2,0,0,0,6,12,4,4,4,4,2,2,2,1,1,4,35,5,10,69,5,38,429,105,23,1,4,6,323,31,497,0,0,7,158,4,462,0,1,4,640,60,45,255,1,0,4,0,0,13,1,2,2,13,15,9,44,105,60,195,58,43,63,23,105,17,42,124,8592,26,239,84,575,731,1147,14,69,10601,7679,29,19,264,10799,46,9,14,315,74,976,2169,14498,43365,13,0,3,44,21
37,441,161,683,37,775,564,2,15,29,14,1,3,196,81,184,2,7,57,7,4,54,3,12,9,9,10,3,38,62,32,1,4,6,529,121,81,8,210,25,9,5,9,14,1,0,1,676,22,2,327,726,151,498,4231,541,2,3,6,6,129,15,5,1,367,74,634,4,102,17,19,96,103,74,34,33,134,18,97,23,19,25,156,124,9,29,1047,3628,61,23,13306,108,112,3,13,10340,1006,16,71,19
1,5,14,6,1,18,10,0,1,4,0,1,1,11,8,13,0,4,12,4,2,8,0,4,0,1,0,0,3,13,7,1,0,1,20,21,2,1,18,0,5,2,2,2,1,0,1,9,0,2,9749,758,171,415,4961,41,3,4,1,4,117,6,2,2,12505,221,177,1,38,6,4,307,5,8,30,35,11,7,13482,34,16,16,1937,107,47,40,107,217,50,8,619,6,13,0,0,1006,41874,212,294,18
0,2,4,3,1,2,4,0,1,1,1,0,1,6,1,8,0,2,13,0,2,2,0,2,0,0,1,0,1,4,7,1,0,0,13,14,3,1,21,0,2,1,2,2,2,0,0,8,0,0,264,247,96,108,42,30,2,0,4,7,17075,12,5,2,363,198,108,1,49,6,150,3770,4,5,92,14,6,189,15920,19,8,23,10075,71,31,48,60,103,130,4,73,37,11,51,3,16,212,43592,5361,253
4,6,6,11,0,5,4,8,17,14,5,2,2,29,11,28,1,13,65,6,13,13,5,11,5,7,0,0,11,22,24,7,5,4,18,56,13,6,63,2,9,5,8,10,3,1,1,22,2,4,247,643,463,164,91,105,6,5,29,44,20709,151,58,15,1127,1985,416,32,317,16,2134,1090,43,34,1138,101,52,25,1466,114,84,127,19351,323,160,110,327,426,2279,37,281,25,102,30,44,71,294,5361,24552,9542
0,1,0,2,0,1,0,2,8,5,2,0,0,1,2,12,1,5,31,4,1,3,2,4,9,6,2,0,7,6,12,3,1,1,3,23,7,5,13,2,1,0,7,10,2,0,1,5,0,0,11,41,48,8,7,11,0,4,12,23,6830,71,69,9,385,5944,92,52,119,11,5700,188,21,20,4295,39,23,14,327,121,36,82,2159,168,66,49,192,124,11343,21,139,15,55,11,21,19,18,253,9542,10285
