15831,2012,7573,2596,14406,2573,1400,9,3,134,7,3,2,15834,245,612,0,2,3,12,4,443,7,6,8,17,7,81,554,502,34,7,9,38,85,18,35,2,34,23,453,147,86,28,36,46,35,83,964,14,3,8,2,38,6,42,0,0,1,1,5,0,0,0,10,0,13,0,8,0,1,1,1,0,0,0,0,0,1,0,0,1,5,2,0,1,2,21,1,0,3,0,3,0,0,58,1,0,3,0
2012,26306,4661,24612,133,77,1547,3,3,186,4,1,2,7560,4939,448,0,1,8,6,0,388,1,3,3,12,1,24,138,331,18,3,6,13,62,16,24,4,25,8,427,245,56,6,22,18,12,70,57,25,5,12,3,19,10,31,0,0,0,1,0,0,1,0,6,1,16,0,6,0,0,1,0,0,0,0,1,0,0,0,0,0,3,1,1,1,2,17,0,0,3,1,1,0,0,69,4,1,2,0
7573,4661,26752,6632,4185,7901,9604,5,1,99,3,1,2,1513,55,85,0,0,4,6,3,495,2,2,2,5,1,50,262,375,6,5,3,25,36,4,13,1,72,13,511,184,13,21,14,41,20,40,67,16,36,448,13,1527,44,1044,0,0,0,0,3,0,0,0,9,1,12,0,0,0,0,2,0,1,0,0,0,0,1,0,0,0,1,0,1,2,4,15,0,0,3,1,0,0,0,40,3,0,1,0
2596,24612,6632,52598,291,266,8385,26,21,558,19,9,5,10212,14084,9086,2,2,20,54,15,457,11,28,17,35,7,31,226,614,823,40,32,26,223,136,102,40,55,11,469,407,1794,45,78,16,34,306,122,54,12,23,11,71,32,136,1,0,0,6,10,0,1,0,15,3,48,0,19,8,1,6,3,3,2,1,4,1,3,0,0,1,6,10,1,0,19,67,0,1,25,3,1,0,1,144,1,5,10,1
14406,133,4185,291,17626,25692,1151,5,3,37,2,2,0,5936,89,214,0,0,2,7,1,55,3,3,3,4,8,15,216,145,26,5,6,5,176,8,16,9,137,5,73,20,60,5,16,10,10,1364,2953,5,2,3,2,46,4,18,0,0,0,0,0,0,0,0,1,0,5,0,1,0,0,0,0,1,0,0,0,0,1,0,0,0,2,1,0,1,3,6,0,0,5,0,0,0,0,21,0,0,1,0
2573,77,7901,266,25692,30745,13512,1,3,32,3,0,0,274,13,143,1,0,0,3,0,41,3,5,6,4,15,3,60,29,2,4,1,7,779,13,27,3,3645,13,24,7,8,10,1,5,3,5265,2856,2,21,80,22,535,83,301,0,0,0,0,0,0,0,0,29,1,22,0,2,0,0,3,1,1,0,0,2,1,1,0,1,0,4,6,0,0,24,54,1,1,17,3,0,0,0,234,6,1,0,1
1400,1547,9604,8385,1151,13512,28806,14,18,360,18,6,3,1639,262,2114,4,1,8,16,9,325,5,69,30,24,18,23,120,434,37,17,15,25,2524,41,188,18,5949,6,287,208,69,29,45,6,23,2178,118,34,44,98,47,534,114,2855,0,1,1,9,16,4,1,0,70,10,124,0,24,1,3,8,4,3,2,4,7,1,8,0,0,1,15,21,1,1,44,192,1,3,86,5,4,0,4,538,6,10,15,5
9,3,5,26,5,1,14,25443,5720,264,2067,890,3753,763,1566,282,3296,10789,937,6978,463,3063,745,136,252,55,106,66,54,200,1139,54,425,33,16,73,1448,182,32,12,85,155,505,174,746,169,282,2,22,272,1,0,13,0,0,5,186,606,81,1113,51,38,49,122,12,6,23,102,110,352,104,61,58,106,28,3,21,2,1,27,5,103,20,10,25,3,189,13,1,7,8,1,18,1,7,1,1,3,25,12
3,3,1,21,3,3,18,5720,48677,171,597,1021,1716,83,122,225,1119,396,5903,5705,615,1206,475,9396,5308,253,4474,90,18,39,220,219,1283,147,163,673,10369,339,832,338,29,50,197,1026,343,102,430,203,14,43,1,0,8,0,1,9,435,1037,77,2588,71,49,125,200,25,18,38,106,151,1109,80,127,131,652,30,17,156,2,7,32,11,386,24,14,168,15,641,18,4,49,13,5,77,3,24,2,0,3,29,14
134,186,99,558,37,32,360,264,171,33232,3863,5295,913,601,779,2252,291,64,874,141,7316,3653,846,112,134,53,105,75,161,817,1031,332,2458,89,832,1316,1062,86,738,19,10599,15573,2932,160,316,141,1321,334,45,4525,4,1,17,1,9,16,0,7,9,37,66,5,3,1,31,18,172,2,187,14,13,30,26,18,11,5,11,0,12,4,3,12,59,32,14,6,58,233,17,4,139,1,12,2,2,32,8,16,56,29
7,4,3,19,2,3,18,2067,597,3863,3139,8848,767,66,90,504,450,234,1463,205,1209,2742,1314,71,73,25,78,35,18,51,251,31,456,12,129,387,396,47,177,15,55,82,202,105,62,130,319,39,1,42,0,0,1,0,0,4,3,12,9,36,21,6,6,4,11,9,40,1,63,6,3,13,7,2,7,2,8,2,1,3,7,5,16,5,9,3,22,50,3,2,23,0,3,2,1,6,1,1,20,3
3,1,1,9,2,0,6,890,1021,5295,8848,19464,6801,98,75,85,2868,94,436,619,6302,1474,5121,194,1226,30,188,15,18,222,229,41,5403,20,33,225,760,135,85,2,52,423,695,169,312,93,588,7,1,213,0,0,0,0,0,2,6,30,20,60,17,10,11,10,6,7,8,12,46,90,7,32,10,123,5,5,41,1,0,4,4,71,10,7,71,1,32,9,2,21,3,2,19,2,4,2,0,1,7,4
2,2,2,5,0,0,3,3753,1716,913,767,6801,26388,516,530,132,5102,987,240,1491,1725,488,458,116,788,13,232,13,45,464,609,37,5290,14,15,74,735,39,29,6,80,681,755,67,168,36,139,7,10,910,0,0,3,0,0,3,163,140,10,446,5,8,46,66,7,5,16,10,42,543,6,42,21,340,3,1,43,0,2,6,3,190,2,8,62,3,105,6,1,14,3,2,25,0,5,3,1,0,3,2
15834,7560,1513,10212,5936,274,1639,763,83,601,66,98,516,84409,29200,3952,52,145,108,836,120,808,109,47,176,234,55,271,8627,29370,1127,750,1906,330,635,354,288,239,256,76,1514,1575,3679,192,2649,209,599,363,15818,3158,15,33,28,13,20,78,6,1,2,15,53,4,8,3,48,20,176,2,70,21,2,22,9,37,2,4,18,0,8,4,2,19,51,32,32,6,38,166,3,15,100,2,16,1,5,122,12,7,44,15
245,4939,55,14084,89,13,262,1566,122,779,90,75,530,29200,33870,2468,37,373,141,1089,107,444,52,20,68,146,21,49,371,1845,1957,267,675,101,156,239,126,175,70,14,926,1412,16182,81,1736,39,127,59,112,7985,2,1,3,0,3,12,5,6,4,25,14,2,2,1,10,4,41,1,25,17,3,5,4,20,1,3,9,0,1,1,1,12,16,11,18,5,14,47,3,6,29,2,11,0,1,22,3,4,7,5
612,448,85,9086,214,143,2114,282,225,2252,504,85,132,3952,2468,23082,90,362,1908,371,289,572,46,151,97,147,27,26,220,981,15058,80,139,65,2388,5165,600,177,504,16,492,649,5385,125,231,26,58,1374,145,487,22,35,60,10,43,123,0,7,8,23,114,4,4,2,77,27,312,3,244,19,10,39,18,18,10,3,10,1,10,4,1,16,71,60,7,2,103,342,9,4,167,2,10,0,1,207,10,20,76,19
0,0,0,2,0,1,4,3296,1119,291,450,2868,5102,52,37,90,6327,1423,292,107,4016,147,129,78,22,2,13,5,7,51,789,6,554,3,11,44,457,11,21,1,12,77,292,17,33,11,86,0,0,72,0,0,2,0,1,1,17,79,27,95,8,11,4,5,3,1,15,29,26,7,21,5,6,8,11,2,0,0,2,5,2,2,5,2,2,0,21,6,2,1,1,1,0,1,0,0,0,1,6,2
2,1,0,2,0,0,1,10789,396,64,234,94,987,145,373,362,1423,2778,1099,636,507,163,24,24,21,4,4,3,13,76,2051,7,283,2,6,17,224,20,24,0,18,114,591,11,251,3,19,0,6,420,0,0,6,0,0,2,2,24,19,70,12,3,2,4,3,2,16,12,47,11,17,13,9,7,9,1,2,0,0,3,0,10,8,0,1,2,18,19,1,0,8,0,2,1,0,5,0,0,9,8
3,8,4,20,2,0,8,937,5903,874,1463,436,240,108,141,1908,292,1099,16579,1445,774,585,147,1212,626,190,72,13,13,95,3108,88,322,64,235,2545,1161,355,279,6,47,109,664,262,218,19,119,15,1,79,3,2,14,2,0,15,5,41,45,126,99,10,9,8,13,20,103,10,357,54,32,39,44,49,25,2,17,0,4,12,0,38,47,20,31,4,135,143,9,14,63,0,11,1,3,10,2,8,46,15
12,6,6,54,7,3,16,6978,5705,141,205,619,1491,836,1089,371,107,636,1445,19549,60,997,584,92,5206,284,414,13,60,214,663,205,2464,91,24,141,459,3967,23,5,70,151,444,858,4101,51,331,15,18,256,2,1,4,1,0,3,232,245,16,772,11,14,139,123,21,23,27,11,44,1092,18,118,81,1055,9,25,172,3,1,8,12,669,20,17,447,14,93,10,14,72,2,4,74,1,31,1,0,0,7,9
4,0,3,15,1,0,9,463,615,7316,1209,6302,1725,120,107,289,4016,507,774,60,12775,176,311,220,55,12,31,8,20,294,1422,61,1104,8,143,531,1459,14,224,1,106,1131,4105,31,55,19,235,14,3,1057,1,1,6,0,3,3,3,23,39,71,42,14,6,2,13,4,46,16,133,3,29,25,24,7,11,0,5,1,6,11,1,9,20,7,3,2,66,34,2,0,16,0,0,0,2,2,0,3,19,4
443,388,495,457,55,41,325,3063,1206,3653,2742,1474,488,808,444,572,147,163,585,997,176,15337,2730,118,901,416,914,1099,2839,968,218,464,554,1067,239,278,400,368,309,586,12877,1097,445,2162,537,5031,2100,138,21,115,4,3,4,7,3,21,20,27,8,70,29,5,11,14,15,15,59,6,65,70,5,57,17,83,4,41,69,2,7,3,45,49,18,11,55,88,25,97,7,28,48,60,117,11,71,21,0,5,21,10
7,1,2,11,3,3,5,745,475,846,1314,5121,458,109,52,46,129,24,147,584,311,2730,9982,120,1345,332,1320,175,56,98,52,336,3070,241,38,100,134,744,131,106,55,100,101,2010,782,4091,5771,73,8,43,0,1,2,0,1,0,3,9,1,32,2,2,8,2,2,9,6,1,5,51,2,48,6,77,1,75,87,2,0,5,41,73,5,2,114,25,4,3,5,55,0,13,131,7,35,1,0,0,6,1
6,3,2,28,3,5,69,136,9396,112,71,194,116,47,20,151,78,24,1212,92,220,118,120,6209,694,131,791,12,3,23,68,116,235,62,408,5355,3475,64,2802,139,16,21,83,545,34,17,177,141,9,5,3,1,4,0,3,2,16,18,10,81,17,5,5,6,8,1,26,3,55,37,5,18,10,33,4,10,22,1,2,4,6,21,4,4,25,5,52,19,5,10,6,2,21,2,6,7,3,3,13,7
8,3,2,17,3,6,30,252,5308,134,73,1226,788,176,68,97,22,21,626,5206,55,901,1345,694,8066,387,5369,32,29,158,58,508,4939,206,102,400,316,1334,269,133,29,120,76,2878,1145,76,1065,156,12,72,0,3,6,1,0,6,65,44,10,290,9,12,93,42,28,43,18,6,21,700,8,216,33,1192,5,71,423,5,4,8,44,695,26,24,859,25,21,18,13,216,8,5,282,11,62,7,4,1,13,15
17,12,5,35,4,4,24,55,253,53,25,30,13,234,146,147,2,4,190,284,12,416,332,131,387,18507,1253,43,33,64,49,5668,231,2964,58,184,71,3190,188,354,39,33,85,9609,1954,190,2126,79,13,18,0,0,0,0,1,1,1,3,4,5,2,0,5,0,6,5,2,1,6,18,1,89,7,51,2,236,154,17,0,0,146,46,6,4,60,180,2,4,2,69,4,90,440,24,159,6,0,1,1,0
7,1,1,7,8,15,18,106,4474,105,78,188,232,55,21,27,13,4,72,414,31,914,1320,791,5369,1253,17354,1316,34,54,19,1606,1478,1095,193,139,1538,438,1604,7918,55,41,28,9733,644,319,2651,565,17,27,1,0,0,1,1,3,3,7,1,26,6,3,9,3,11,8,9,1,9,53,3,142,6,112,1,249,382,13,5,2,95,161,5,7,294,101,8,2,2,216,6,54,462,16,125,11,1,2,2,4
81,24,50,31,15,3,23,66,90,75,35,15,13,271,49,26,5,3,13,13,8,1099,175,12,32,43,1316,70196,1994,518,12,56,53,10188,39,24,315,25,409,17245,694,100,30,876,83,24077,6248,142,14,18,0,0,0,0,0,1,0,0,0,4,0,0,0,0,0,0,4,1,1,1,0,7,0,4,0,13,19,11,0,0,16,1,0,1,1,136,0,2,0,3,2,109,43,18,33,4,0,1,0,0
554,138,262,226,216,60,120,54,18,161,18,18,45,8627,371,220,7,13,13,60,20,2839,56,3,29,33,34,1994,107746,10944,83,77,217,324,75,59,55,21,47,208,26113,378,238,111,198,1896,328,83,5570,112,2,2,3,0,0,2,0,1,0,2,8,0,0,0,9,2,20,0,9,2,1,3,1,3,0,2,5,1,1,0,0,3,5,7,1,5,9,23,0,1,11,10,11,1,6,6,1,0,4,1
502,331,375,614,145,29,434,200,39,817,51,222,464,29370,1845,981,51,76,95,214,294,968,98,23,158,64,54,518,10944,50011,502,483,2192,295,366,304,289,74,196,114,12388,11541,1513,111,920,493,828,114,1115,3059,6,0,4,1,1,15,1,2,4,7,35,1,0,2,24,6,79,0,50,8,2,10,3,13,4,6,12,0,7,2,4,8,24,21,22,8,32,77,5,4,54,9,6,2,1,17,4,4,29,3
34,18,6,823,26,2,37,1139,220,1031,251,229,609,1127,1957,15058,789,2051,3108,663,1422,218,52,68,58,49,19,12,83,502,16550,56,322,22,186,782,875,104,312,3,207,607,9614,40,334,18,65,64,33,1364,7,3,10,0,5,17,5,7,19,60,83,6,3,5,32,10,105,2,263,23,15,28,32,20,11,3,2,1,6,5,1,17,34,21,6,0,103,101,8,1,50,0,5,0,1,27,4,11,36,7
7,3,5,40,5,4,17,54,219,332,31,41,37,750,267,80,6,7,88,205,61,464,336,116,508,5668,1606,56,77,483,56,25304,4232,3156,51,105,84,959,218,442,132,345,102,3869,5512,178,14618,103,20,203,1,1,0,0,0,0,4,3,2,9,2,1,7,0,2,9,3,2,6,21,2,86,5,36,4,203,188,8,5,1,155,60,5,4,86,242,6,2,2,89,6,117,445,25,160,5,0,2,2,3
9,6,3,32,6,1,15,425,1283,2458,456,5403,5290,1906,675,139,554,283,322,2464,1104,554,3070,235,4939,231,1478,53,217,2192,322,4232,23534,276,93,222,265,1396,168,45,394,2347,699,1720,9227,151,5898,72,35,1738,0,0,3,0,0,4,32,27,11,148,12,10,44,11,23,33,21,7,26,476,4,115,15,709,3,64,227,3,3,8,32,370,16,11,439,17,26,5,9,124,7,4,166,8,32,5,1,0,3,15
38,13,25,26,5,7,25,33,147,89,12,20,14,330,101,65,3,2,64,91,8,1067,241,62,206,2964,1095,10188,324,295,22,3156,276,24528,44,86,130,393,212,6858,382,108,51,5607,780,3634,16846,102,10,24,0,1,0,0,0,1,0,0,0,4,3,1,3,0,2,1,1,0,1,6,3,91,4,24,2,115,123,39,5,0,93,26,9,0,29,802,9,1,4,19,10,622,374,145,220,8,1,1,7,2
85,62,36,223,176,779,2524,16,163,832,129,33,15,635,156,2388,11,6,235,24,143,239,38,408,102,58,193,39,75,366,186,51,93,44,6572,3791,1355,32,7077,83,213,306,818,166,25,24,74,6078,211,171,26,32,53,14,33,119,1,3,2,24,123,6,0,2,99,40,434,1,147,7,2,40,9,14,17,3,16,2,18,0,2,5,102,102,5,3,67,423,13,3,236,2,8,2,3,211,20,26,78,24
18,16,4,136,8,13,41,73,673,1316,387,225,74,354,239,5165,44,17,2545,141,531,278,100,5355,400,184,139,24,59,304,782,105,222,86,3791,8486,2094,202,3789,30,173,287,1205,351,78,11,153,116,13,120,9,6,18,0,4,27,4,6,15,57,144,5,2,3,30,28,263,3,403,21,18,60,38,22,27,4,13,1,15,6,5,27,71,37,28,3,221,334,23,10,156,0,7,1,5,29,4,19,90,33
35,24,13,102,16,27,188,1448,10369,1062,396,760,735,288,126,600,457,224,1161,459,1459,400,134,3475,316,71,1538,315,55,289,875,84,265,130,1355,2094,5217,41,7721,768,176,315,1467,293,66,42,210,1344,29,179,7,5,22,2,14,23,31,155,35,337,95,20,23,27,32,8,84,28,252,54,57,34,71,20,31,4,9,0,8,10,4,35,51,16,5,3,473,162,15,5,83,10,11,2,1,69,9,20,41,34
2,4,1,40,9,3,18,182,339,86,47,135,39,239,175,177,11,20,355,3967,14,368,744,64,1334,3190,438,25,21,74,104,959,1396,393,32,202,41,11835,52,25,32,34,107,7799,3130,50,1017,31,5,26,0,0,3,0,1,1,5,4,0,22,2,4,9,4,11,15,6,4,9,70,5,111,7,171,4,101,242,5,0,1,51,170,11,6,270,38,6,3,6,143,6,6,223,7,65,3,1,2,5,5
34,25,72,55,137,3645,5949,32,832,738,177,85,29,256,70,504,21,24,279,23,224,309,131,2802,269,188,1604,409,47,196,312,218,168,212,7077,3789,7721,52,31014,1146,128,169,672,752,42,45,348,7520,114,69,15,11,28,5,11,85,0,2,6,16,152,9,0,0,65,19,307,0,255,6,3,40,23,16,19,6,15,1,14,2,3,7,73,67,10,11,159,302,9,7,182,6,19,2,3,80,6,11,76,21
23,8,13,11,5,13,6,12,338,19,15,2,6,76,14,16,1,0,6,5,1,586,106,139,133,354,7918,17245,208,114,3,442,45,6858,83,30,768,25,1146,27450,193,52,12,9126,46,1701,2472,404,16,5,0,0,0,0,0,0,0,2,0,1,2,1,1,0,1,1,4,0,3,1,2,42,2,13,2,52,70,73,7,1,59,11,7,0,5,586,8,2,0,11,9,711,217,110,128,12,0,4,3,1
453,427,511,469,73,24,287,85,29,10599,55,52,80,1514,926,492,12,18,47,70,106,12877,55,16,29,39,55,694,26113,12388,207,132,394,382,213,173,176,32,128,193,64880,7412,485,123,280,747,493,69,67,396,0,3,10,4,1,12,0,2,0,1,17,2,1,0,13,4,46,0,39,2,2,4,2,7,1,1,6,0,0,2,2,2,10,11,5,10,18,58,1,3,25,9,14,0,4,14,5,2,16,3
147,245,184,407,20,7,208,155,50,15573,82,423,681,1575,1412,649,77,114,109,151,1131,1097,100,21,120,33,41,100,378,11541,607,345,2347,108,306,287,315,34,169,52,7412,24683,2907,101,650,122,653,87,20,10746,1,2,6,1,5,5,0,2,2,5,24,0,0,2,7,4,60,0,43,8,1,10,6,11,4,3,6,0,1,2,2,5,12,13,8,6,22,55,2,3,36,8,9,3,4,8,1,0,12,4
86,56,13,1794,60,8,69,505,197,2932,202,695,755,3679,16182,5385,292,591,664,444,4105,445,101,83,76,85,28,30,238,1513,9614,102,699,51,818,1205,1467,107,672,12,485,2907,35364,77,483,28,140,167,75,11105,10,6,23,2,9,28,4,4,6,22,98,5,1,2,35,15,217,3,228,23,9,37,33,8,7,4,2,2,8,5,0,10,50,42,6,2,152,179,6,2,120,0,5,2,0,26,10,13,70,17
28,6,21,45,5,10,29,174,1026,160,105,169,67,192,81,125,17,11,262,858,31,2162,2010,545,2878,9609,9733,876,111,111,40,3869,1720,5607,166,351,293,7799,752,9126,123,101,77,35014,802,1012,6458,372,19,40,1,1,1,0,1,3,4,9,2,34,18,6,6,2,16,17,7,1,7,46,13,207,16,156,5,529,511,46,7,10,341,193,11,6,230,536,10,13,5,237,10,371,985,86,378,22,2,7,9,7
36,22,14,78,16,1,45,746,343,316,62,312,168,2649,1736,231,33,251,218,4101,55,537,782,34,1145,1954,644,83,198,920,334,5512,9227,780,25,78,66,3130,42,46,280,650,483,802,11344,56,1637,17,58,888,2,0,7,0,1,2,11,13,3,61,8,12,31,6,37,38,20,1,19,211,4,175,20,477,7,105,304,12,0,12,54,333,22,21,603,39,7,10,9,228,8,6,269,10,82,4,5,3,12,14
46,18,41,16,10,5,6,169,102,141,130,93,36,209,39,26,11,3,19,51,19,5031,4091,17,76,190,319,24077,1896,493,18,178,151,3634,24,11,42,50,45,1701,747,122,28,1012,56,16320,10089,21,4,10,0,0,0,0,0,0,1,3,0,4,1,0,0,1,0,1,2,0,1,1,2,9,2,8,1,18,18,8,2,0,10,3,3,0,8,86,1,3,0,2,1,60,41,14,26,1,0,1,0,2
35,12,20,34,10,3,23,282,430,1321,319,588,139,599,127,58,86,19,119,331,235,2100,5771,177,1065,2126,2651,6248,328,828,65,14618,5898,16846,74,153,210,1017,348,2472,493,653,140,6458,1637,10089,42059,177,22,221,1,1,1,0,2,4,3,3,4,21,4,5,5,2,6,2,4,1,5,37,7,134,9,74,1,191,203,32,9,1,159,85,9,1,97,622,11,3,1,80,9,372,450,114,209,4,1,5,7,3
83,70,40,306,1364,5265,2178,2,203,334,39,7,7,363,59,1374,0,0,15,15,14,138,73,141,156,79,565,142,83,114,64,103,72,102,6078,116,1344,31,7520,404,69,87,167,372,17,21,177,10154,1149,38,29,70,33,31,88,152,0,0,1,5,22,1,0,0,46,9,109,1,26,4,1,5,4,5,1,2,13,0,5,0,1,3,11,22,4,6,35,168,3,0,58,6,16,1,1,372,15,3,19,3
964,57,67,122,2953,2856,118,22,14,45,1,1,10,15818,112,145,0,6,1,18,3,21,8,9,12,13,17,14,5570,1115,33,20,35,10,211,13,29,5,114,16,67,20,75,19,58,4,22,1149,13355,10,0,6,2,4,6,7,0,0,0,0,3,1,1,0,2,0,2,0,5,0,1,2,1,1,0,0,0,0,1,0,0,1,2,2,0,1,1,13,0,3,6,1,0,0,0,17,0,1,3,1
14,25,16,54,5,2,34,272,43,4525,42,213,910,3158,7985,487,72,420,79,256,1057,115,43,5,72,18,27,18,112,3059,1364,203,1738,24,171,120,179,26,69,5,396,10746,11105,40,888,10,221,38,10,16203,0,1,0,1,1,3,0,3,1,11,29,1,0,0,5,5,41,0,25,4,0,7,2,9,0,0,3,0,2,1,0,5,5,9,7,0,21,31,4,2,15,0,1,0,1,3,2,4,16,2
3,5,36,12,2,21,44,1,1,4,0,0,0,15,2,22,0,0,3,2,1,4,0,3,0,0,1,0,2,6,7,1,0,0,26,9,7,0,15,0,0,1,10,1,2,0,1,29,0,0,31934,14146,2343,11112,12158,3115,4,5,5,15,93,7,4,4,13897,158,574,2,49,27,5,99,11,20,8,13,15,16,621,7,19,38,558,93,32,22,41,314,10,34,106,7,36,10,20,540,8061,104,142,19
8,12,448,23,3,80,98,0,0,1,0,0,0,33,1,35,0,0,2,1,1,3,1,1,3,0,0,0,2,0,3,1,0,1,32,6,5,0,11,0,3,2,6,1,0,0,1,70,6,1,14146,57149,11588,11025,1220,12285,1,1,1,6,241,6,1,0,7957,103,335,0,28,21,5,317,6,8,5,12,2,13,411,3,8,19,685,48,28,16,35,255,10,22,48,10,33,26,7,234,785,172,298,18
2,3,13,11,2,22,47,13,8,17,1,0,3,28,3,60,2,6,14,4,6,4,2,4,6,0,0,0,3,4,10,0,3,0,53,18,22,3,28,0,10,6,23,1,7,0,1,33,2,0,2343,11588,56105,123,128,10239,31,48,21,104,608,60,21,13,22532,9688,7352,9,281,234,64,318,23,78,54,88,25,28,471,36,41,146,1153,1350,192,47,146,618,75,147,94,23,111,19,44,158,1029,235,717,136
38,19,1527,71,46,535,534,0,0,1,0,0,0,13,0,10,0,0,2,1,0,7,0,0,1,0,1,0,0,1,0,0,0,0,14,0,2,0,5,0,4,1,2,0,0,0,0,31,4,1,11112,11025,123,34463,21512,18199,0,0,0,3,6,0,0,0,213,4,67,0,7,2,1,6,4,2,0,2,1,2,22,0,0,2,40,1,2,1,9,171,0,4,27,2,5,2,0,731,70,10,19,2
6,10,44,32,4,83,114,0,1,9,0,0,0,20,3,43,1,0,0,0,3,3,1,3,0,1,1,0,0,1,5,0,0,0,33,4,14,1,11,0,1,5,9,1,1,0,2,88,6,1,12158,1220,128,21512,32663,9961,1,0,2,10,27,2,1,0,501,8,324,0,41,15,5,28,15,36,6,2,41,3,54,1,4,13,39,22,3,10,48,2129,4,8,749,13,29,4,3,5054,3301,6,44,15
42,31,1044,136,18,301,2855,5,9,16,4,2,3,78,12,123,1,2,15,3,3,21,0,2,6,1,3,1,2,15,17,0,4,1,119,27,23,1,85,0,12,5,28,3,2,0,4,152,7,3,3115,12285,10239,18199,9961,29736,2,9,11,52,241,20,4,3,3529,111,2788,2,198,60,25,138,51,56,18,23,16,12,198,2,18,59,500,54,25,18,106,3412,16,51,825,7,65,10,13,1017,343,104,319,45
0,0,0,1,0,0,0,186,435,0,3,6,163,6,5,0,17,2,5,232,3,20,3,16,65,1,3,0,0,1,5,4,32,0,1,4,31,5,0,0,0,0,4,4,11,1,3,0,0,0,4,1,31,0,1,2,3692,5953,632,550,24,38,245,4066,155,299,410,650,284,2680,71,86,140,203,42,14,157,3,6,767,6,1102,44,461,185,6,746,10,133,18,7,0,21,4,12,1,9,5,32,29
0,0,0,0,0,0,1,606,1037,7,12,30,140,1,6,7,79,24,41,245,23,27,9,18,44,3,7,0,1,2,7,3,27,0,3,6,155,4,2,2,2,2,4,9,13,3,3,0,0,3,5,1,48,0,0,9,5953,23589,3244,4973,109,859,604,2456,105,177,666,5820,625,6096,663,1671,376,308,127,101,89,56,17,1023,43,808,42,388,548,44,2561,17,65,252,8,8,147,77,121,6,7,8,49,26
1,0,0,0,0,0,1,81,77,9,9,20,10,2,4,8,27,19,45,16,39,8,1,10,10,4,1,0,0,4,19,2,11,0,2,15,35,0,6,0,0,2,6,2,3,0,4,1,0,1,5,1,21,0,2,11,632,3244,2713,2659,200,998,216,355,55,56,425,2485,1357,701,628,1063,129,79,196,28,25,15,12,1029,21,444,34,110,236,27,446,14,36,41,21,5,39,23,80,0,9,6,29,24
1,1,0,6,0,0,9,1113,2588,37,36,60,446,15,25,23,95,70,126,772,71,70,32,81,290,5,26,4,2,7,60,9,148,4,24,57,337,22,16,1,1,5,22,34,61,4,21,5,0,11,15,6,104,3,10,52,550,4973,2659,51842,427,1192,1130,1349,132,92,688,1049,4886,4474,1713,2059,6526,5906,285,74,1785,44,33,189,51,1195,158,150,148,42,10625,234,71,149,111,49,486,59,181,49,23,32,166,110
5,0,3,10,0,0,16,51,71,66,21,17,5,53,14,114,8,12,99,11,42,29,2,17,9,2,6,0,8,35,83,2,12,3,123,144,95,2,152,2,17,24,98,18,8,1,4,22,3,29,93,241,608,6,27,241,24,109,200,427,41102,3146,814,45,611,930,2860,112,1719,110,4384,2612,307,73,473,98,82,236,177,111,135,390,526,1256,211,144,1218,603,618,84,473,33,215,220,265,140,62,18831,20316,7089
0,0,0,0,0,0,4,38,49,5,6,10,8,4,2,4,11,3,10,14,14,5,2,5,12,0,3,0,0,1,6,1,10,1,6,5,20,4,9,1,2,0,5,6,12,0,5,1,1,1,7,6,60,0,2,20,38,859,998,1192,3146,5997,6422,206,72,70,447,680,884,249,7544,7690,143,157,734,27,98,74,22,270,29,389,51,138,39,36,354,56,83,41,27,21,135,176,210,9,9,28,181,167
0,1,0,1,0,0,1,49,125,3,6,11,46,8,2,4,4,2,9,139,6,11,8,5,93,5,9,0,0,0,3,7,44,3,0,2,23,9,0,1,1,0,1,6,31,0,5,0,1,0,4,1,21,0,1,4,245,604,216,1130,814,6422,11441,4931,52,82,167,2526,215,1187,8670,5704,111,1287,1071,17,399,61,9,692,33,6318,35,103,116,50,515,22,147,63,12,13,163,144,277,8,3,8,115,213
0,0,0,0,0,0,0,122,200,1,4,10,66,3,1,2,5,4,8,123,2,14,2,6,42,0,3,0,0,2,5,0,11,0,2,3,27,4,0,0,0,2,2,2,6,1,2,0,0,0,4,0,13,0,0,3,4066,2456,355,1349,45,206,4931,10259,47,128,228,3010,172,1166,1901,430,131,380,165,11,203,8,3,593,24,3975,23,209,91,19,704,8,139,9,7,3,44,26,176,1,2,0,20,42
10,6,9,15,1,29,70,12,25,31,11,6,7,48,10,77,3,3,13,21,13,15,2,8,28,6,11,0,9,24,32,2,23,2,99,30,32,11,65,1,13,7,35,16,37,0,6,46,2,5,13897,7957,22532,213,501,3529,155,105,55,132,611,72,52,47,86456,18192,3443,20,395,482,76,618,44,128,115,437,67,120,7113,73,442,1006,17651,2275,1528,305,252,640,924,337,233,70,239,92,251,254,14143,549,1188,731
0,1,1,3,0,1,10,6,18,18,9,7,5,20,4,27,1,2,20,23,4,15,9,1,43,5,8,0,2,6,10,9,33,1,40,28,8,15,19,1,4,4,15,17,38,1,2,9,0,5,158,103,9688,4,8,111,299,177,56,92,930,70,82,128,18192,46487,2999,53,316,578,195,496,39,156,322,386,90,141,571,175,531,1957,6210,8796,2200,307,177,135,7657,249,94,37,153,72,353,58,325,372,3554,8589
13,16,12,48,5,22,124,23,38,172,40,8,16,176,41,312,15,16,103,27,46,59,6,26,18,2,9,4,20,79,105,3,21,1,434,263,84,6,307,4,46,60,217,7,20,2,4,109,2,41,574,335,7352,67,324,2788,410,666,425,688,2860,447,167,228,3443,2999,23449,412,7287,951,571,1014,135,237,1040,178,75,33,333,4237,111,827,1490,10526,757,85,689,4795,1087,299,842,26,187,41,116,936,462,413,1871,924
0,0,0,0,0,0,0,102,106,2,1,12,10,2,1,3,29,12,10,11,16,6,1,3,6,1,1,1,0,0,2,2,7,0,1,3,28,4,0,0,0,0,3,1,1,0,1,1,0,0,2,0,9,0,0,2,650,5820,2485,1049,112,680,2526,3010,20,53,412,4593,510,183,4916,711,126,76,838,13,24,23,3,3253,27,1192,12,112,54,27,552,5,68,10,5,5,40,45,193,1,4,5,20,40
8,6,0,19,1,2,24,110,151,187,63,46,42,70,25,244,26,47,357,44,133,65,5,55,21,6,9,1,9,50,263,6,26,1,147,403,252,9,255,3,39,43,228,7,19,1,5,26,5,25,49,28,281,7,41,198,284,625,1357,4886,1719,884,215,172,395,316,7287,510,15360,921,1100,973,3399,990,1021,74,339,30,112,2036,73,633,800,519,213,67,2919,4954,372,157,2042,58,426,33,162,195,61,192,842,625
0,0,0,8,0,0,1,352,1109,14,6,90,543,21,17,19,7,11,54,1092,3,70,51,37,700,18,53,1,2,8,23,21,476,6,7,21,54,70,6,1,2,8,23,46,211,1,37,4,0,4,27,21,234,2,15,60,2680,6096,701,4474,110,249,1187,1166,482,578,951,183,921,24868,193,1517,252,3882,82,456,880,58,40,474,224,5830,199,737,5354,205,795,65,231,3307,37,31,1219,87,342,16,32,26,149,124
1,0,0,1,0,0,3,104,80,13,3,7,6,2,3,10,21,17,32,18,29,5,2,5,8,1,3,0,1,2,15,2,4,3,2,18,57,5,3,2,2,1,9,13,4,2,7,1,1,0,5,5,64,1,5,25,71,663,628,1713,4384,7544,8670,1901,76,195,571,4916,1100,193,18619,2994,426,119,6906,71,113,191,37,1271,136,1392,208,244,92,164,1077,117,871,40,51,22,174,224,494,23,11,79,898,7735
1,1,2,6,0,3,8,61,127,30,13,32,42,22,5,39,5,13,39,118,25,57,48,18,216,89,142,7,3,10,28,86,115,91,40,60,34,111,40,42,4,10,37,207,175,9,134,5,2,7,99,317,318,6,28,138,86,1671,1063,2059,2612,7690,5704,430,618,496,1014,711,973,1517,2994,41375,283,1817,671,1142,2116,1466,2671,444,510,4320,1474,436,886,1378,618,231,294,948,266,799,4318,6913,6826,149,64,3695,1961,423
1,0,0,3,0,1,4,58,131,26,7,10,21,9,4,18,6,9,44,81,24,17,6,10,33,7,6,0,1,3,32,5,15,4,9,38,71,7,23,2,2,6,33,16,20,2,9,4,1,2,11,6,23,4,15,51,140,376,129,6526,307,143,111,131,44,39,135,126,3399,252,426,283,6152,2529,162,39,980,27,20,69,38,236,185,20,39,43,3598,2798,42,44,1914,158,360,20,119,229,21,46,176,87
0,0,1,3,1,1,3,106,652,18,2,123,340,37,20,18,8,7,49,1055,7,83,77,33,1192,51,112,4,3,13,20,36,709,24,14,22,20,171,16,13,7,11,8,156,477,8,74,5,1,9,20,8,78,2,36,56,203,308,79,5906,73,157,1287,380,128,156,237,76,990,3882,119,1817,2529,13432,42,214,10306,109,11,42,218,4594,120,92,983,210,1866,577,66,738,943,589,1574,96,547,359,23,14,83,100
0,0,0,2,0,0,2,28,30,11,7,5,3,2,1,10,11,9,25,9,11,4,1,4,5,2,1,0,0,4,11,4,3,2,17,27,31,4,19,2,1,4,7,5,7,1,1,1,0,0,8,5,54,0,6,18,42,127,196,285,473,734,1071,165,115,322,1040,838,1021,82,6906,671,162,42,5773,37,45,88,22,4024,90,894,209,773,127,110,553,169,3230,29,123,18,77,79,327,19,10,25,502,5014
0,0,0,1,0,0,4,3,17,5,2,5,1,4,3,3,2,1,2,25,0,41,75,10,71,236,249,13,2,6,3,203,64,115,3,4,4,101,6,52,1,3,4,529,105,18,191,2,0,0,13,12,88,2,2,23,14,101,28,74,98,27,17,11,437,386,178,13,74,456,71,1142,39,214,37,12622,754,147,87,59,7703,771,330,208,2982,6276,56,34,89,5262,71,369,6499,279,1899,40,44,39,182,107
0,1,0,4,0,2,7,21,156,11,8,41,43,18,9,10,0,2,17,172,5,69,87,22,423,154,382,19,5,12,2,188,227,123,16,13,9,242,15,70,6,6,2,511,304,18,203,13,0,3,15,2,25,1,41,16,157,89,25,1785,82,98,399,203,67,90,75,24,339,880,113,2116,980,10306,45,754,19468,1352,46,20,751,2688,96,56,871,832,1430,443,43,551,1624,6114,9144,273,1419,734,27,20,71,67
0,0,0,1,0,1,1,2,2,0,2,1,0,0,0,1,0,0,0,3,1,2,2,1,5,17,13,11,1,0,1,8,3,39,2,1,0,5,1,73,0,0,2,46,12,8,32,0,0,0,16,13,28,2,3,12,3,56,15,44,236,74,61,8,120,141,33,23,30,58,191,1466,27,109,88,147,1352,53031,3635,22,275,189,796,35,106,14955,153,36,64,59,182,11078,805,18881,1882,112,34,773,307,167
1,0,1,3,1,1,8,1,7,12,1,0,2,8,1,10,2,0,4,1,6,7,0,2,4,0,5,0,1,7,6,5,3,5,18,15,8,0,14,7,0,1,8,7,0,2,9,5,1,2,621,411,471,22,54,198,6,17,12,33,177,22,9,3,7113,571,333,3,112,40,37,2671,20,11,22,87,46,3635,128624,7,65,120,25157,189,134,593,129,109,94,37,80,440,173,1633,235,56,15503,20456,1064,196
0,0,0,0,0,0,0,27,32,4,3,4,6,4,1,4,5,3,12,8,11,3,5,4,8,0,2,0,0,2,5,1,8,0,0,6,10,1,2,1,2,2,5,10,12,0,1,0,0,1,7,3,36,0,1,2,767,1023,1029,189,111,270,692,593,73,175,4237,3253,2036,474,1271,444,69,42,4024,59,20,22,7,9804,96,1757,27,3143,646,53,138,15,1063,34,10,7,51,42,276,0,6,7,40,295
0,0,0,0,0,1,0,5,11,3,7,4,3,2,1,1,2,0,0,12,1,45,41,6,44,146,95,16,0,4,1,155,32,93,2,5,4,51,3,59,2,2,0,341,54,10,159,1,0,0,19,8,41,0,4,18,6,43,21,51,135,29,33,24,442,531,111,27,73,224,136,510,38,218,90,7703,751,275,65,96,23563,3002,584,197,5305,10928,44,26,206,823,60,422,3504,470,8171,41,34,55,248,306
1,0,0,1,0,0,1,103,386,12,5,71,190,19,12,16,2,10,38,669,9,49,73,21,695,46,161,1,3,8,17,60,370,26,5,27,35,170,7,11,2,5,10,193,333,3,85,3,1,5,38,19,146,2,13,59,1102,808,444,1195,390,389,6318,3975,1006,1957,827,1192,633,5830,1392,4320,236,4594,894,771,2688,189,120,1757,3002,25890,1160,1234,12258,1079,620,87,1409,1517,121,107,3101,390,7279,72,57,72,628,1193
5,3,1,6,2,4,15,20,24,59,16,10,2,51,16,71,5,8,47,20,20,18,5,4,26,6,5,0,5,24,34,5,16,9,102,71,51,11,73,7,10,12,50,11,22,3,9,11,2,5,558,685,1153,40,39,500,44,42,34,158,526,51,35,23,17651,6210,1490,12,800,199,208,1474,185,120,209,330,96,796,25157,27,584,1160,74603,1397,1104,642,763,452,1161,146,359,204,202,542,465,121,3164,6956,22601,2437
2,1,0,10,1,6,21,10,14,32,5,7,8,32,11,60,2,0,20,17,7,11,2,4,24,4,7,1,7,21,21,4,11,0,102,37,16,6,67,0,11,13,42,6,21,0,1,22,2,9,93,48,1350,1,22,54,461,388,110,150,1256,138,103,209,2275,8796,10526,112,519,737,244,436,20,92,773,208,56,35,189,3143,197,1234,1397,13851,1391,130,142,170,7741,237,185,20,123,37,152,156,133,249,1593,2121
0,1,1,1,0,0,1,25,168,14,9,71,62,32,18,7,2,1,31,447,3,55,114,25,859,60,294,1,1,22,6,86,439,29,5,28,5,270,10,5,5,8,6,230,603,8,97,4,0,7,32,28,192,2,3,25,185,548,236,148,211,39,116,91,1528,2200,757,54,213,5354,92,886,39,983,127,2982,871,106,134,646,5305,12258,1104,1391,11552,926,97,33,712,3188,33,84,931,90,1603,26,71,105,510,482
1,1,2,0,1,0,1,3,15,6,3,1,3,6,5,2,0,2,4,14,2,88,25,5,25,180,101,136,5,8,0,242,17,802,3,3,3,38,11,586,10,6,2,536,39,86,622,6,1,0,22,16,47,1,10,18,6,44,27,42,144,36,50,19,305,307,85,27,67,205,164,1378,43,210,110,6276,832,14955,593,53,10928,1079,642,130,926,49316,78,30,148,719,105,8611,8495,10880,7974,60,36,312,319,232
2,2,4,19,3,24,44,189,641,58,22,32,105,38,14,103,21,18,135,93,66,25,4,52,21,2,8,0,9,32,103,6,26,9,67,221,473,6,159,8,18,22,152,10,7,1,11,35,1,21,41,35,146,9,48,106,746,2561,446,10625,1218,354,515,704,252,177,689,552,2919,795,1077,618,3598,1866,553,56,1430,153,129,138,44,620,763,142,97,78,3749,3686,249,52,6550,586,325,61,118,703,56,187,921,497
21,17,15,67,6,54,192,13,18,233,50,9,6,166,47,342,6,19,143,10,34,97,3,19,18,4,2,2,23,77,101,2,5,1,423,334,162,3,302,2,58,55,179,13,10,3,3,168,13,31,314,255,618,171,2129,3412,10,17,14,234,603,56,22,8,640,135,4795,5,4954,65,117,231,2798,577,169,34,443,36,109,15,26,87,452,170,33,30,3686,16028,115,51,12126,119,259,13,49,5342,235,122,436,203
1,0,0,0,0,1,1,1,4,17,3,2,1,3,3,9,2,1,9,14,2,7,5,5,13,2,2,0,0,5,8,2,9,4,13,23,15,6,9,0,1,2,6,5,9,0,1,3,0,4,10,10,75,0,4,16,133,65,36,71,618,83,147,139,924,7657,1087,68,372,231,871,294,42,66,3230,89,43,64,94,1063,206,1409,1161,7741,712,148,249,115,30846,54,99,17,79,55,302,23,29,79,1972,11377
0,0,0,1,0,1,3,7,49,4,2,21,14,15,6,4,1,0,14,72,0,28,55,10,216,69,216,3,1,4,1,89,124,19,3,10,5,143,7,11,3,3,2,237,228,2,80,0,3,2,34,22,147,4,8,51,18,252,41,149,84,41,63,9,337,249,299,10,157,3307,40,948,44,738,29,5262,551,59,37,34,823,1517,146,237,3188,719,52,51,54,15208,59,113,7685,91,781,38,39,29,113,43
3,3,3,25,5,17,86,8,13,139,23,3,3,100,29,167,1,8,63,2,16,48,0,6,8,4,6,2,11,54,50,6,7,10,236,156,83,6,182,9,25,36,120,10,8,1,9,58,6,15,106,48,94,27,749,825,7,8,21,111,473,27,12,7,233,94,842,5,2042,37,51,266,1914,943,123,71,1624,182,80,10,60,121,359,185,33,105,6550,12126,99,59,22753,730,585,34,146,10044,171,93,338,149
0,1,1,3,0,3,5,1,5,1,0,2,2,2,2,2,1,0,0,4,0,60,13,2,5,90,54,109,10,9,0,117,4,622,2,0,10,6,6,711,9,8,0,371,6,60,372,6,1,0,7,10,23,2,13,7,0,8,5,49,33,21,13,3,70,37,26,5,58,31,22,799,158,589,18,369,6114,11078,440,7,422,107,204,20,84,8611,586,119,17,113,730,35717,8008,2767,1617,305,15,169,101,27
3,1,0,1,0,0,4,18,77,12,3,19,25,16,11,10,0,2,11,74,0,117,131,21,282,440,462,43,11,6,5,445,166,374,8,7,11,223,19,217,14,9,5,985,269,41,450,16,0,1,36,33,111,5,29,65,21,147,39,486,215,135,163,44,239,153,187,40,426,1219,174,4318,360,1574,77,6499,9144,805,173,51,3504,3101,202,123,931,8495,325,259,79,7685,585,8008,21588,1338,5100,295,32,84,183,137
0,0,0,0,0,0,0,1,3,2,2,2,0,1,0,0,1,1,1,1,0,11,7,2,11,24,16,18,1,2,0,25,8,145,2,1,2,7,2,110,0,3,2,86,10,14,114,1,0,0,10,26,19,2,4,10,4,77,23,59,220,176,144,26,92,72,41,45,33,87,224,6913,20,96,79,279,273,18881,1633,42,470,390,542,37,90,10880,61,13,55,91,34,2767,1338,19761,10663,23,18,714,285,103
0,0,0,1,0,0,4,7,24,2,1,4,5,5,1,1,0,0,3,31,2,71,35,6,62,159,125,33,6,1,1,160,32,220,3,5,1,65,3,128,4,4,0,378,82,26,209,1,0,1,20,7,44,0,3,13,12,121,80,181,265,210,277,176,251,353,116,193,162,342,494,6826,119,547,327,1899,1419,1882,235,276,8171,7279,465,152,1603,7974,118,49,302,781,146,1617,5100,10663,31929,76,21,146,333,487
58,69,40,144,21,234,538,1,2,32,6,2,3,122,22,207,0,5,10,1,2,21,1,7,7,6,11,4,6,17,27,5,5,8,211,29,69,3,80,12,14,8,26,22,4,1,4,372,17,3,540,234,158,731,5054,1017,1,6,0,49,140,9,8,1,254,58,936,1,195,16,23,149,229,359,19,40,734,112,56,0,41,72,121,156,26,60,703,5342,23,38,10044,305,295,23,76,8738,753,32,138,38
1,4,3,1,0,6,6,1,0,8,1,0,1,12,3,10,0,0,2,0,0,0,0,3,4,0,1,0,1,4,4,0,1,1,20,4,9,1,6,0,5,1,10,2,5,0,1,15,0,2,8061,785,1029,70,3301,343,9,7,9,23,62,9,3,2,14143,325,462,4,61,32,11,64,21,23,10,44,27,34,15503,6,34,57,3164,133,71,36,56,235,29,39,171,15,32,18,21,753,48063,114,74,34
0,1,0,5,0,1,10,3,3,16,1,1,0,7,4,20,1,0,8,0,3,5,0,3,1,1,2,1,0,4,11,2,0,1,26,19,20,2,11,4,2,0,13,7,3,1,5,3,1,4,104,172,235,10,6,104,5,8,6,32,18831,28,8,0,549,372,413,5,192,26,79,3695,46,14,25,39,20,773,20456,7,55,72,6956,249,105,312,187,122,79,29,93,169,84,714,146,32,114,55287,11219,251
3,2,1,10,1,0,15,25,29,56,20,7,3,44,7,76,6,9,46,7,19,21,6,13,13,1,2,0,4,29,36,2,3,7,78,90,41,5,76,3,16,12,70,9,12,0,7,19,3,16,142,298,717,19,44,319,32,49,29,166,20316,181,115,20,1188,3554,1871,20,842,149,898,1961,176,83,502,182,71,307,1064,40,248,628,22601,1593,510,319,921,436,1972,113,338,101,183,285,333,138,74,11219,30675,9582
0,0,0,1,0,1,5,12,14,29,3,4,2,15,5,19,2,8,15,9,4,10,1,7,15,0,4,0,1,3,7,3,15,2,24,33,34,5,21,1,3,4,17,7,14,2,3,3,1,2,19,18,136,2,15,45,29,26,24,110,7089,167,213,42,731,8589,924,40,625,124,7735,423,87,100,5014,107,67,167,196,295,306,1193,2437,2121,482,232,497,203,11377,43,149,27,137,103,487,38,34,251,9582,17946
