13982,2022,6145,3416,13609,1892,1598,10,5,112,5,3,8,8860,323,474,1,1,7,18,4,650,5,2,5,17,7,117,928,723,20,15,14,37,100,19,21,7,32,25,515,109,139,31,38,88,48,160,761,16,9,15,11,38,9,68,0,0,0,2,1,0,0,0,10,2,18,0,8,0,0,0,2,0,0,0,1,0,4,0,0,1,5,4,0,1,2,19,1,0,6,1,1,0,1,46,1,1,3,0
2022,17188,3610,17764,109,75,1471,2,4,131,2,3,3,3489,3199,198,0,0,4,2,3,500,1,1,2,3,4,28,188,507,9,6,6,4,38,5,13,2,18,5,434,189,72,3,18,23,4,81,52,31,6,9,5,40,11,50,0,0,0,0,1,0,0,0,7,1,10,0,1,0,0,0,1,1,0,0,0,0,0,0,0,0,0,4,0,0,1,16,0,0,4,0,1,0,0,33,1,0,2,0
6145,3610,23378,5263,4335,4478,7420,0,2,48,1,0,3,875,39,36,0,0,0,2,1,532,2,0,1,3,2,39,292,319,4,4,7,23,11,4,6,0,27,9,339,89,8,13,8,36,18,83,53,15,163,114,3,2139,24,532,0,0,0,0,0,0,0,0,10,0,4,0,0,0,0,0,1,0,0,0,0,0,0,0,0,0,3,0,0,1,1,10,0,1,2,1,1,0,0,32,1,2,0,0
3416,17764,5263,35049,477,700,7763,49,37,618,36,16,19,10193,9819,7061,1,13,54,73,45,797,21,4,29,52,7,42,405,1055,304,40,57,52,364,154,102,50,74,10,673,498,1925,71,138,32,43,555,117,121,21,40,23,197,38,306,1,2,1,9,16,0,0,0,39,7,71,0,30,5,2,9,4,6,3,1,2,1,7,1,1,7,16,15,5,0,8,77,3,3,18,2,3,0,0,172,4,5,11,1
13609,109,4335,477,17475,20651,2492,6,1,26,2,0,1,3105,58,116,2,0,2,9,3,200,4,0,6,5,8,57,719,303,11,5,8,14,107,12,14,4,97,7,156,30,84,14,27,42,20,1023,2201,8,3,8,2,96,12,45,0,0,0,0,0,0,0,0,2,1,5,0,2,0,0,1,0,0,0,0,0,0,0,0,0,0,3,4,1,0,1,10,0,0,2,0,1,0,0,17,0,1,1,0
1892,75,4478,700,20651,22343,14223,0,2,21,0,0,2,300,8,94,1,0,1,1,1,70,4,2,7,6,13,8,193,68,1,2,8,5,432,8,25,3,1611,11,32,11,9,13,9,6,8,4843,2097,2,24,60,8,1469,163,1310,0,0,0,2,2,0,0,1,11,3,12,0,3,0,0,1,0,0,0,1,1,0,4,0,0,0,2,3,1,0,11,21,1,2,6,0,0,0,0,101,8,1,3,0
1598,1471,7420,7763,2492,14223,28190,9,19,293,11,9,11,1256,370,2239,2,2,21,36,20,374,19,17,23,29,19,20,190,442,24,27,32,30,1621,149,217,23,4089,15,317,172,105,41,42,11,32,3770,211,65,67,175,68,650,174,1675,0,2,1,10,21,0,0,0,99,18,159,0,42,2,0,12,3,5,3,1,3,0,12,1,0,5,34,27,3,1,16,206,3,6,54,1,4,0,0,473,38,4,15,3
10,2,0,49,6,0,9,32066,4958,204,2670,1289,5251,760,1092,332,5217,7324,1197,8326,767,4347,759,109,227,53,252,36,66,218,679,45,579,27,17,89,1424,99,74,11,101,112,1124,153,874,181,222,4,9,393,0,1,6,0,2,3,191,349,92,1008,27,14,38,101,12,11,52,54,142,242,87,25,57,114,64,7,44,0,5,17,3,108,18,15,31,0,102,20,11,10,11,0,19,0,6,2,1,4,20,8
5,4,2,37,1,2,19,4958,48500,119,482,1271,2238,87,71,195,1287,268,8123,6689,648,1591,429,5768,3835,184,4307,64,18,48,120,165,1630,126,256,1349,9128,298,594,306,21,52,217,844,307,78,332,95,3,52,3,0,11,0,1,8,335,629,136,1816,48,37,77,184,15,16,70,92,227,608,117,82,129,566,88,7,255,2,6,30,8,337,33,26,112,13,223,18,29,28,7,4,60,4,21,2,4,8,30,24
112,131,48,618,26,21,293,204,119,32311,4357,2612,813,584,619,2807,183,46,927,161,6319,5240,686,60,113,59,91,103,239,600,587,319,2315,128,874,983,945,63,433,36,9368,7826,3180,222,300,256,1274,247,40,2939,3,3,14,3,1,28,1,4,18,32,63,0,2,0,31,19,134,1,155,2,8,19,19,11,14,10,5,1,9,9,3,6,38,34,15,4,62,142,11,6,73,0,11,3,5,18,8,18,58,19
5,2,1,36,2,0,11,2670,482,4357,4943,7790,554,54,75,750,389,392,1668,217,1403,2537,1496,33,81,19,49,22,18,59,305,22,343,21,94,261,221,29,111,9,120,141,292,106,51,174,314,11,1,52,0,0,0,0,0,2,5,3,6,43,10,1,2,4,7,4,23,7,54,4,9,5,6,7,8,4,8,0,1,1,1,5,7,1,6,1,12,20,4,3,9,0,7,1,0,2,1,1,6,11
3,3,0,16,0,0,9,1289,1271,2612,7790,16156,5148,102,66,132,2573,275,485,840,5732,2032,5003,82,1330,37,302,18,42,267,215,55,3913,34,59,235,433,185,116,5,152,428,515,290,373,164,722,15,4,244,0,0,2,0,0,4,13,16,18,78,8,6,11,5,3,10,28,4,57,65,13,17,7,94,13,2,50,0,0,7,4,59,10,9,97,1,30,9,6,36,2,3,28,0,4,1,1,1,4,3
8,3,3,19,1,2,11,5251,2238,813,554,5148,26035,762,627,339,7720,1164,473,1958,2520,614,326,51,948,15,616,11,74,732,1086,41,5552,24,31,90,877,33,52,8,148,919,1138,81,342,41,161,9,7,1487,1,0,4,0,1,0,158,139,13,442,12,6,59,70,8,9,19,7,48,354,7,42,27,281,11,2,128,0,1,5,0,158,7,12,52,7,35,7,8,15,9,0,17,2,5,1,0,0,8,2
8860,3489,875,10193,3105,300,1256,760,87,584,54,102,762,46778,18625,3269,44,158,116,973,195,1071,103,14,174,287,58,493,7220,28512,565,612,1910,375,517,209,261,194,186,81,1173,944,5593,191,2792,253,506,381,14322,3192,14,24,30,10,21,119,3,3,0,21,26,2,0,0,36,21,114,2,57,24,0,28,4,52,4,4,21,0,7,2,2,22,41,39,45,2,19,137,6,14,72,2,19,1,9,84,5,11,23,4
323,3199,39,9819,58,8,370,1092,71,619,75,66,627,18625,19988,2354,48,265,107,792,125,513,32,9,38,123,23,63,386,1566,763,164,527,99,147,178,77,115,33,10,642,840,12095,65,1233,44,80,67,103,5963,1,1,3,2,4,15,1,3,0,15,10,2,1,1,5,3,23,0,25,15,2,2,1,11,3,3,6,0,1,1,0,9,4,4,15,1,12,21,1,9,11,0,7,0,0,19,0,3,4,2
474,198,36,7061,116,94,2239,332,195,2807,750,132,339,3269,2354,25160,199,630,3621,391,640,847,48,80,84,134,38,41,252,929,10174,108,235,73,1928,2917,525,183,352,21,639,705,10396,152,249,20,75,667,131,728,29,30,36,11,19,139,1,8,6,33,118,5,2,2,56,28,290,2,268,13,8,36,27,21,16,2,6,1,13,4,3,15,72,45,11,4,93,275,14,11,164,1,8,4,2,91,12,28,79,38
1,0,0,1,2,1,2,5217,1287,183,389,2573,7720,44,48,199,8125,2136,515,173,4546,204,142,48,32,3,32,6,7,48,2034,6,740,3,15,64,431,10,62,0,9,86,356,15,48,8,85,3,0,128,0,0,0,0,0,1,11,15,18,95,10,3,2,6,1,1,10,10,38,8,9,8,11,15,10,0,6,0,1,3,0,9,1,1,3,0,32,10,5,0,1,0,2,0,0,0,0,1,6,3
1,0,0,13,0,0,2,7324,268,46,392,275,1164,158,265,630,2136,3157,1251,615,498,259,57,51,18,3,2,0,8,43,2556,4,176,3,6,38,191,6,57,0,17,63,629,16,164,5,26,2,1,269,0,1,4,0,0,2,3,18,37,69,11,4,1,4,3,4,26,21,77,8,31,4,30,4,36,0,2,0,1,9,1,9,18,5,2,0,27,9,10,0,6,1,1,0,1,1,1,2,11,12
7,4,0,54,2,1,21,1197,8123,927,1668,485,473,116,107,3621,515,1251,18122,1926,1071,714,158,1784,802,228,174,11,15,85,3097,141,488,79,237,1436,1283,428,294,24,92,92,965,462,270,18,160,15,6,85,4,5,21,1,6,17,12,27,43,169,109,6,16,12,17,22,138,23,399,54,43,44,52,52,73,5,27,1,7,12,5,42,74,21,36,5,135,136,28,10,56,1,26,2,4,11,5,18,69,57
18,2,2,73,9,1,36,8326,6689,161,217,840,1958,973,792,391,173,615,1926,24406,111,1315,563,77,4643,478,759,52,82,291,378,313,3220,169,55,196,426,3141,70,27,95,172,934,1277,3620,65,332,31,11,344,0,1,4,0,0,6,146,130,11,502,5,13,73,67,22,21,16,10,39,650,11,103,43,759,12,12,227,2,0,7,13,405,20,23,336,7,18,12,16,66,8,2,71,3,21,2,1,4,8,10
4,3,1,45,3,1,20,767,648,6319,1403,5732,2520,195,125,640,4546,498,1071,111,16973,240,462,138,65,5,33,20,47,577,1610,66,1504,30,202,622,1146,19,309,7,359,1701,4630,61,98,28,390,26,2,1298,1,1,7,1,1,7,5,17,54,106,54,6,5,2,10,6,90,9,243,9,29,20,27,12,47,2,2,1,1,17,1,16,26,10,8,2,113,53,10,5,18,2,6,1,1,2,2,5,24,14
650,500,532,797,200,70,374,4347,1591,5240,2537,2032,614,1071,513,847,204,259,714,1315,240,14527,3251,106,1230,418,894,1636,3904,1307,195,645,920,1197,399,400,515,279,339,541,10646,1176,982,2455,705,6513,2528,172,34,197,1,5,6,3,3,19,20,26,6,84,32,3,9,7,10,15,69,4,75,65,9,28,8,89,4,42,65,7,4,1,10,76,21,25,66,46,17,87,12,34,45,36,119,13,33,13,4,8,30,11
5,1,2,21,4,4,19,759,429,686,1496,5003,326,103,32,48,142,57,158,563,462,3251,10471,114,1160,373,1122,330,81,153,55,373,2569,298,91,179,131,553,210,107,94,161,150,2464,675,4953,6484,91,2,56,0,0,2,0,1,0,4,3,1,20,3,3,2,2,7,3,6,2,9,25,3,42,4,71,2,34,73,3,0,1,27,55,3,5,76,19,4,3,3,57,5,13,124,3,40,2,0,0,2,1
2,1,0,4,0,2,17,109,5768,60,33,82,51,14,9,80,48,51,1784,77,138,106,114,6198,387,95,716,27,5,8,61,109,231,92,468,4498,2909,49,2579,211,4,10,44,503,46,16,136,97,2,6,0,0,4,0,0,1,11,13,13,72,14,2,3,2,4,2,30,3,86,16,10,15,9,31,21,12,29,1,0,4,7,23,10,7,25,4,38,10,5,13,7,0,13,1,5,4,0,1,11,8
5,2,1,29,6,7,23,227,3835,113,81,1330,948,174,38,84,32,18,802,4643,65,1230,1160,387,10688,432,6472,102,33,124,14,406,4976,303,133,493,299,970,289,311,35,85,98,2483,1076,79,804,170,20,76,1,0,5,0,1,8,62,36,6,217,8,16,70,31,38,55,15,4,23,594,6,199,42,1128,8,49,375,4,2,3,29,505,48,26,709,19,12,7,27,212,6,10,335,8,57,3,3,2,13,22
17,3,3,52,5,6,29,53,184,59,19,37,15,287,123,134,3,3,228,478,5,418,373,95,432,15090,946,86,32,93,34,7479,429,3984,92,262,77,4373,241,286,43,39,153,10732,2328,238,2352,127,9,31,0,0,0,0,1,1,1,2,2,5,1,0,2,1,2,2,0,0,5,13,6,68,3,48,6,173,124,9,2,0,96,60,7,1,77,127,3,3,1,86,6,92,408,18,139,4,0,3,5,3
7,4,2,7,8,13,19,252,4307,91,49,302,616,58,23,38,32,2,174,759,33,894,1122,716,6472,946,15194,1356,23,68,14,1288,1870,1081,346,329,1413,458,1717,9866,31,46,55,9853,567,294,1942,681,23,26,0,0,4,0,0,1,3,8,2,30,7,2,6,4,6,9,6,2,3,56,1,151,14,159,4,148,277,15,3,2,60,203,14,9,260,87,3,4,6,202,6,77,418,12,97,4,3,4,4,7
117,28,39,42,57,8,20,36,64,103,22,18,11,493,63,41,6,0,11,52,20,1636,330,27,102,86,1356,79147,2044,741,9,181,215,12063,50,45,277,58,335,19532,488,122,78,1175,219,26936,8421,197,16,40,0,0,1,0,0,1,0,0,0,2,1,0,0,0,1,0,3,0,4,3,0,12,1,3,0,11,33,59,1,0,6,4,2,2,11,85,1,2,1,9,0,111,59,13,22,5,0,1,1,0
928,188,292,405,719,193,190,66,18,239,18,42,74,7220,386,252,7,8,15,82,47,3904,81,5,33,32,23,2044,95895,12807,41,78,257,247,124,42,83,25,50,129,22484,523,457,94,224,1754,239,241,7948,125,1,0,3,0,1,11,1,0,0,0,4,0,0,0,6,2,17,1,5,2,0,4,0,4,1,0,4,0,0,0,0,1,8,11,2,2,7,27,1,1,16,1,2,0,5,9,2,2,1,2
723,507,319,1055,303,68,442,218,48,600,59,267,732,28512,1566,929,48,43,85,291,577,1307,153,8,124,93,68,741,12807,45483,301,431,2486,308,293,188,289,80,109,114,13494,5797,2777,183,1142,481,902,112,1377,2550,2,3,8,4,2,21,2,2,0,3,21,0,2,0,11,8,54,1,36,10,1,10,1,20,6,6,12,2,1,2,4,8,25,20,27,2,21,73,3,9,26,3,16,0,2,18,0,4,21,9
20,9,4,304,11,1,24,679,120,587,305,215,1086,565,763,10174,2034,2556,3097,378,1610,195,55,61,14,34,14,9,41,301,14264,33,349,14,90,274,484,34,239,5,124,412,11031,29,191,8,47,21,9,1248,3,1,12,0,2,18,2,3,20,49,55,4,5,0,16,8,93,5,224,3,17,28,15,5,24,0,3,0,3,10,0,13,22,25,6,0,89,68,12,1,24,1,3,0,4,9,4,8,34,10
15,6,4,40,5,2,27,45,165,319,22,55,41,612,164,108,6,4,141,313,66,645,373,109,406,7479,1288,181,78,431,33,36402,6587,4763,93,187,80,894,212,381,156,311,141,4883,8155,191,18483,149,14,222,0,0,0,0,0,0,2,7,0,10,4,0,1,0,2,3,4,0,5,8,3,80,7,35,1,178,153,16,3,0,106,57,5,1,84,158,3,5,4,73,5,108,412,21,141,1,0,1,4,4
14,6,7,57,8,8,32,579,1630,2315,343,3913,5552,1910,527,235,740,176,488,3220,1504,920,2569,231,4976,429,1870,215,257,2486,349,6587,26378,545,163,503,288,1352,328,56,675,2438,850,2829,13071,178,7259,121,36,2086,1,0,2,0,0,5,45,17,7,145,5,8,44,26,10,29,16,5,27,409,9,134,16,671,9,38,249,5,0,6,34,277,23,18,367,25,13,10,16,141,6,11,203,7,41,4,0,1,4,11
37,4,23,52,14,5,30,27,126,128,21,34,24,375,99,73,3,3,79,169,30,1197,298,92,303,3984,1081,12063,247,308,14,4763,545,27372,83,141,105,399,231,9640,190,116,119,6493,1031,3990,18942,125,11,64,0,0,0,0,0,0,1,1,0,4,2,1,2,1,0,2,0,0,2,8,2,50,2,19,3,79,99,44,4,0,73,21,6,1,28,459,4,0,2,29,9,497,360,80,153,3,0,3,1,3
100,38,11,364,107,432,1621,17,256,874,94,59,31,517,147,1928,15,6,237,55,202,399,91,468,133,92,346,50,124,293,90,93,163,83,5459,1488,1687,55,6390,199,237,217,600,272,49,18,118,4688,143,110,17,28,38,12,23,138,0,1,5,28,94,4,2,1,57,41,313,1,175,7,16,37,14,30,11,6,9,1,17,5,5,12,95,83,7,4,71,345,9,13,161,4,15,1,2,80,12,25,81,20
19,5,4,154,12,8,149,89,1349,983,261,235,90,209,178,2917,64,38,1436,196,622,400,179,4498,493,262,329,45,42,188,274,187,503,141,1488,5852,1856,248,3450,104,151,163,956,627,109,19,254,94,11,99,6,3,19,0,13,43,7,11,22,71,128,4,6,4,28,26,240,6,418,17,20,34,39,41,37,4,20,2,11,9,5,27,83,37,35,2,144,233,26,13,112,0,27,1,9,15,6,32,78,42
21,13,6,102,14,25,217,1424,9128,945,221,433,877,261,77,525,431,191,1283,426,1146,515,131,2909,299,77,1413,277,83,289,484,80,288,105,1687,1856,2957,35,7148,967,237,269,1028,299,48,39,154,1827,41,151,3,3,11,3,3,18,6,20,15,87,41,4,5,8,11,11,50,10,132,2,20,13,22,15,31,1,11,1,7,4,1,12,34,13,10,2,14,69,21,5,31,2,12,5,5,9,4,11,33,27
7,2,0,50,4,3,23,99,298,63,29,185,33,194,115,183,10,6,428,3141,19,279,553,49,970,4373,458,58,25,80,34,894,1352,399,55,248,35,13485,91,39,28,38,190,8580,3142,34,691,62,12,43,1,0,1,0,3,1,2,10,2,18,7,3,5,2,17,21,3,1,7,54,7,108,6,165,5,97,203,11,1,2,45,166,22,11,295,39,12,2,12,212,2,15,268,14,83,1,0,3,8,6
32,18,27,74,97,1611,4089,74,594,433,111,116,52,186,33,352,62,57,294,70,309,339,210,2579,289,241,1717,335,50,109,239,212,328,231,6390,3450,7148,91,19362,1444,86,98,339,879,67,49,343,6601,92,42,4,10,22,2,4,51,3,4,11,35,91,6,2,2,31,17,194,2,211,12,8,46,16,27,11,7,14,0,13,3,5,13,43,60,18,1,100,166,6,9,88,7,27,2,8,29,10,12,48,13
25,5,9,10,7,11,15,11,306,36,9,5,8,81,10,21,0,0,24,27,7,541,107,211,311,286,9866,19532,129,114,5,381,56,9640,199,104,967,39,1444,43904,94,25,28,10144,72,2192,2927,829,20,12,1,0,0,0,0,0,0,0,1,3,4,2,1,0,0,0,0,0,2,5,1,53,1,10,1,43,97,58,5,0,60,17,4,1,7,583,15,1,2,19,7,948,272,103,122,7,0,6,4,4
515,434,339,673,156,32,317,101,21,9368,120,152,148,1173,642,639,9,17,92,95,359,10646,94,4,35,43,31,488,22484,13494,124,156,675,190,237,151,237,28,86,94,57942,10080,968,86,358,441,394,94,41,736,2,2,5,2,1,12,0,1,2,2,21,0,0,0,7,8,38,0,34,4,2,2,1,10,1,1,5,0,2,1,2,4,9,20,8,4,11,45,1,4,25,1,6,0,2,6,3,5,15,4
109,189,89,498,30,11,172,112,52,7826,141,428,919,944,840,705,86,63,92,172,1701,1176,161,10,85,39,46,122,523,5797,412,311,2438,116,217,163,269,38,98,25,10080,21423,3726,119,591,126,779,78,5,9379,2,1,1,0,2,11,1,1,1,6,14,0,0,0,5,3,40,0,38,7,3,8,5,8,3,4,8,0,0,2,0,9,15,10,15,3,18,37,6,4,10,2,13,0,1,2,0,2,8,4
139,72,8,1925,84,9,105,1124,217,3180,292,515,1138,5593,12095,10396,356,629,965,934,4630,982,150,44,98,153,55,78,457,2777,11031,141,850,119,600,956,1028,190,339,28,968,3726,34945,126,882,49,183,103,98,11384,8,8,9,3,11,42,6,4,7,42,74,9,3,1,28,7,181,1,265,16,14,23,17,23,10,1,12,0,9,8,4,17,55,28,14,3,112,123,5,7,56,0,13,0,1,19,2,13,34,18
31,3,13,71,14,13,41,153,844,222,106,290,81,191,65,152,15,16,462,1277,61,2455,2464,503,2483,10732,9853,1175,94,183,29,4883,2829,6493,272,627,299,8580,879,10144,86,119,126,44737,1278,1459,6729,422,16,48,0,2,0,0,0,1,1,9,0,32,9,9,11,1,14,12,6,2,11,41,9,233,6,147,5,413,433,52,3,3,241,197,18,15,265,399,4,9,10,268,18,339,991,57,319,7,1,4,10,13
38,18,8,138,27,9,42,874,307,300,51,373,342,2792,1233,249,48,164,270,3620,98,705,675,46,1076,2328,567,219,224,1142,191,8155,13071,1031,49,109,48,3142,67,72,358,591,882,1278,15946,76,1487,57,57,1064,0,0,4,0,0,4,12,12,6,71,8,6,22,2,23,47,17,1,24,212,5,181,12,493,10,66,206,5,3,2,39,296,37,22,525,31,3,3,15,256,6,12,315,17,69,5,4,1,17,17
88,23,36,32,42,6,11,181,78,256,174,164,41,253,44,20,8,5,18,65,28,6513,4953,16,79,238,294,26936,1754,481,8,191,178,3990,18,19,39,34,49,2192,441,126,49,1459,76,18192,9926,34,10,30,0,0,0,0,0,1,0,1,0,5,0,1,2,0,1,0,2,0,2,4,0,7,0,7,0,10,13,0,1,0,9,4,1,2,9,48,3,7,0,4,1,44,49,9,14,1,0,1,3,1
48,4,18,43,20,8,32,222,332,1274,314,722,161,506,80,75,85,26,160,332,390,2528,6484,136,804,2352,1942,8421,239,902,47,18483,7259,18942,118,254,154,691,343,2927,394,779,183,6729,1487,9926,53830,221,9,274,0,1,2,0,1,0,3,4,0,9,4,3,1,0,6,2,3,0,10,18,2,92,8,66,4,154,166,17,2,1,88,72,5,1,99,253,8,4,5,83,7,268,406,34,148,3,0,2,3,0
160,81,83,555,1023,4843,3770,4,95,247,11,15,9,381,67,667,3,2,15,31,26,172,91,97,170,127,681,197,241,112,21,149,121,125,4688,94,1827,62,6601,829,94,78,103,422,57,34,221,7756,640,19,25,51,20,20,31,132,0,1,1,6,13,1,1,0,21,6,66,1,27,2,1,11,5,3,1,4,6,2,7,0,3,4,15,7,4,3,16,68,0,2,18,5,5,1,0,128,12,3,9,4
761,52,53,117,2201,2097,211,9,3,40,1,4,7,14322,103,131,0,1,6,11,2,34,2,2,20,9,23,16,7948,1377,9,14,36,11,143,11,41,12,92,20,41,5,98,16,57,10,9,640,12990,5,1,2,2,2,3,11,0,0,0,0,1,0,0,0,8,0,7,0,2,0,1,0,1,2,1,0,0,0,1,0,0,2,1,4,1,0,0,10,1,0,4,0,1,0,0,3,2,1,3,1
16,31,15,121,8,2,65,393,52,2939,52,244,1487,3192,5963,728,128,269,85,344,1298,197,56,6,76,31,26,40,125,2550,1248,222,2086,64,110,99,151,43,42,12,736,9379,11384,48,1064,30,274,19,5,18976,1,1,5,0,0,4,0,0,1,4,12,1,1,3,3,2,25,0,24,6,0,8,0,10,0,2,9,0,0,1,0,10,3,5,7,0,6,14,0,4,7,0,9,0,1,5,0,3,1,3
9,6,163,21,3,24,67,0,3,3,0,0,1,14,1,29,0,0,4,0,1,1,0,0,1,0,0,0,1,2,3,0,1,0,17,6,3,1,4,1,2,2,8,0,0,0,0,25,1,1,27962,9328,1561,12960,7032,2847,4,6,0,18,76,3,2,2,12084,106,300,0,25,14,8,80,11,13,9,17,5,30,900,3,11,22,685,35,17,25,14,162,9,28,57,9,19,30,9,359,7363,181,110,20
15,9,114,40,8,60,175,1,0,3,0,0,0,24,1,30,0,1,5,1,1,5,0,0,0,0,0,0,0,3,1,0,0,0,28,3,3,0,10,0,2,1,8,2,0,0,1,51,2,1,9328,50446,10904,7576,821,14530,4,5,1,19,110,3,1,2,11568,94,350,0,32,14,4,234,6,19,6,15,7,35,717,0,13,24,1168,30,24,26,31,232,15,15,35,21,24,58,12,368,1095,280,249,24
11,5,3,23,2,8,68,6,11,14,0,2,4,30,3,36,0,4,21,4,7,6,2,4,5,0,4,1,3,8,12,0,2,0,38,19,11,1,22,0,5,1,9,0,4,0,2,20,2,5,1561,10904,30914,81,651,8046,51,62,9,150,429,33,18,22,25780,8444,6831,15,192,189,32,250,50,78,66,93,30,25,744,25,52,166,1824,1049,219,69,114,395,142,133,111,12,101,27,66,175,1219,331,598,149
38,40,2139,197,96,1469,650,0,0,3,0,0,0,10,2,11,0,0,1,0,1,3,0,0,0,0,0,0,0,4,0,0,0,0,12,0,3,0,2,0,2,0,3,0,0,0,0,20,2,0,12960,7576,81,32899,14846,16605,0,0,0,5,8,2,0,1,237,12,33,0,6,0,2,30,3,2,2,0,2,5,174,0,3,5,213,2,2,12,13,174,4,6,22,4,4,8,1,1811,320,43,34,4
9,11,24,38,12,163,174,2,1,1,0,0,1,21,4,19,0,0,6,0,1,3,1,0,1,1,0,0,1,2,2,0,0,0,23,13,3,3,4,0,1,2,11,0,0,0,1,31,3,0,7032,821,651,14846,27124,7778,2,2,0,21,53,2,1,0,467,21,332,0,43,6,2,34,26,41,7,11,46,11,133,0,6,20,99,38,9,9,102,1576,4,9,826,24,59,4,9,11980,3531,30,46,16
68,50,532,306,45,1310,1675,3,8,28,2,4,0,119,15,139,1,2,17,6,7,19,0,1,8,1,1,1,11,21,18,0,5,0,138,43,18,1,51,0,12,11,42,1,4,1,0,132,11,4,2847,14530,8046,16605,7778,24580,5,11,2,131,234,16,9,3,5724,143,3490,4,281,55,31,142,123,122,33,48,50,16,277,5,21,78,703,69,40,30,273,4341,33,83,1225,16,94,16,41,2352,617,158,295,64
0,0,0,1,0,0,0,191,335,1,5,13,158,3,1,1,11,3,12,146,5,20,4,11,62,1,3,0,1,2,2,2,45,1,0,7,6,2,3,0,0,1,6,1,12,0,3,0,0,0,4,4,51,0,2,5,2943,7491,643,813,33,32,336,2003,250,489,799,547,310,2550,78,137,304,360,81,14,392,6,10,313,17,1649,108,938,168,7,531,6,271,63,4,4,42,6,21,2,10,22,38,30
0,0,0,2,0,0,2,349,629,4,3,16,139,3,3,8,15,18,27,130,17,26,3,13,36,2,8,0,0,2,3,7,17,1,1,11,20,10,4,0,1,1,4,9,12,1,4,1,0,0,6,5,62,0,2,11,7491,24812,5770,4658,125,926,673,2113,132,208,1246,5317,1115,5219,919,1410,433,465,192,92,141,39,21,472,57,1122,65,760,620,49,1754,15,174,292,5,18,121,62,112,3,13,13,39,40
0,0,0,1,0,0,1,92,136,18,6,18,13,0,0,6,18,37,43,11,54,6,1,13,6,2,2,0,0,0,20,0,7,0,5,22,15,2,11,1,2,1,7,0,6,0,0,1,0,1,0,1,9,0,0,2,643,5770,4054,4005,242,1155,266,461,23,24,584,2522,1437,825,764,784,110,101,367,17,30,4,2,706,25,465,29,121,237,12,437,6,40,69,12,2,57,22,34,3,3,8,34,25
2,0,0,9,0,2,10,1008,1816,32,43,78,442,21,15,33,95,69,169,502,106,84,20,72,217,5,30,2,0,3,49,10,145,4,28,71,87,18,35,3,2,6,42,32,71,5,9,6,0,4,18,19,150,5,21,131,813,4658,4005,52618,423,1200,1618,1826,158,103,995,1064,4129,2865,1552,1939,9315,5406,425,52,2556,32,31,111,48,1752,153,187,231,55,8797,332,112,218,131,37,389,57,145,51,33,35,148,136
1,1,0,16,0,2,21,27,48,63,10,8,12,26,10,118,10,11,109,5,54,32,3,14,8,1,7,1,4,21,55,4,5,2,94,128,41,7,91,4,21,14,74,9,8,0,4,13,1,12,76,110,429,8,53,234,33,125,242,423,46054,3201,587,45,589,735,3203,44,1786,93,4425,2493,154,85,708,90,108,177,282,154,120,411,615,1353,205,125,914,594,489,64,431,37,270,312,344,191,56,20525,18910,6221
0,0,0,0,0,0,0,14,37,0,1,6,6,2,2,5,3,4,6,13,6,3,3,2,16,0,2,0,0,0,4,0,8,1,4,4,4,3,6,2,0,0,9,9,6,1,3,1,0,1,3,3,33,2,2,16,32,926,1155,1200,3201,4972,6051,182,82,92,715,389,1095,300,4778,6526,94,250,1039,24,90,35,37,173,15,374,94,228,47,30,246,42,220,36,24,9,134,154,157,9,7,49,262,288
0,0,0,0,0,0,0,38,77,2,2,11,59,0,1,2,2,1,16,73,5,9,2,3,70,2,6,0,0,2,5,1,44,2,2,6,5,5,2,1,0,0,3,11,22,2,1,1,0,1,2,1,18,0,1,9,336,673,266,1618,587,6051,11247,6768,51,106,258,1959,236,832,8267,6557,140,1109,2122,21,424,34,14,451,48,7043,79,216,157,56,301,21,359,71,10,13,162,149,326,10,3,29,137,340
0,0,0,0,0,1,0,101,184,0,4,5,70,0,1,2,6,4,12,67,2,7,2,2,31,1,4,0,0,0,0,0,26,1,1,4,8,2,2,0,0,0,1,1,2,0,0,0,0,3,2,2,22,1,0,3,2003,2113,461,1826,45,182,6768,13913,62,171,471,5069,227,632,2632,514,249,516,474,10,329,5,5,606,12,3840,76,504,81,15,573,4,247,25,10,5,53,14,67,2,4,4,21,53
10,7,10,39,2,11,99,12,15,31,7,3,8,36,5,56,1,3,17,22,10,10,7,4,38,2,6,1,6,11,16,2,10,0,57,28,11,17,31,0,7,5,28,14,23,1,6,21,8,3,12084,11568,25780,237,467,5724,250,132,23,158,589,82,51,62,70491,14817,2901,39,276,527,68,537,55,171,110,340,88,86,5025,31,370,844,18583,1682,1401,224,196,481,543,302,172,50,200,84,229,283,10139,469,874,426
2,1,0,7,1,3,18,11,16,19,4,10,9,21,3,28,1,4,22,21,6,15,3,2,55,2,9,0,2,8,8,3,29,2,41,26,11,21,17,0,8,3,7,12,47,0,2,6,0,2,106,94,8444,12,21,143,489,208,24,103,735,92,106,171,14817,45270,3809,61,258,787,148,637,29,278,350,309,150,133,825,177,503,2336,10685,9869,2571,262,157,124,5964,256,130,61,207,108,510,99,367,491,2192,5635
18,10,4,71,5,12,159,52,70,134,23,28,19,114,23,290,10,26,138,16,90,69,6,30,15,0,6,3,17,54,93,4,16,0,313,240,50,3,194,0,38,40,181,6,17,2,3,66,7,25,300,350,6831,33,332,3490,799,1246,584,995,3203,715,258,471,2901,3809,27700,924,7672,1206,720,1134,206,383,1858,139,107,43,432,3957,120,1271,1862,10140,872,91,698,4139,1407,291,734,29,282,47,182,791,448,607,1742,1018
0,0,0,0,0,0,0,54,92,1,7,4,7,2,0,2,10,21,23,10,9,4,2,3,4,0,2,0,1,1,5,0,5,0,1,6,10,1,2,0,0,0,1,2,1,0,0,1,0,0,0,0,15,0,0,4,547,5317,2522,1064,44,389,1959,5069,39,61,924,5118,712,124,4780,448,120,67,1100,6,19,5,4,2544,14,965,17,338,57,11,495,5,107,6,7,3,19,16,68,4,2,3,19,39
8,1,0,30,2,3,42,142,227,155,54,57,48,57,25,268,38,77,399,39,243,75,9,86,23,5,3,4,5,36,224,5,27,2,175,418,132,7,211,2,34,38,265,11,24,2,10,27,2,24,25,32,192,6,43,281,310,1115,1437,4129,1786,1095,236,227,276,258,7672,712,15135,738,1074,981,5173,1114,1060,79,321,38,111,736,48,663,865,424,261,66,2808,4027,441,247,1308,45,429,50,129,171,48,222,711,591
0,0,0,5,0,0,2,242,608,2,4,65,354,24,15,13,8,8,54,650,9,65,25,16,594,13,56,3,2,10,3,8,409,8,7,17,2,54,12,5,4,7,16,41,212,4,18,2,0,6,14,14,189,0,6,55,2550,5219,825,2865,93,300,832,632,527,787,1206,124,738,19652,102,1238,368,5163,122,319,813,28,57,213,229,4740,305,1140,4514,171,407,62,373,3248,22,20,1014,63,319,38,43,43,113,106
0,0,0,2,0,0,0,87,117,8,9,13,7,0,2,8,9,31,43,11,29,9,3,10,6,6,1,0,0,1,17,3,9,2,16,20,20,7,8,1,2,3,14,9,5,0,2,1,1,0,8,4,32,2,2,31,78,919,764,1552,4425,4778,8267,2632,68,148,720,4780,1074,102,15369,2184,271,133,9024,55,87,130,37,1247,105,1556,221,395,136,101,968,101,1003,29,52,33,193,273,379,15,11,102,866,7447
0,0,0,9,1,1,12,25,82,19,5,17,42,28,2,36,8,4,44,103,20,28,42,15,199,68,151,12,4,10,28,80,134,50,37,34,13,108,46,53,2,8,23,233,181,7,92,11,0,8,80,234,250,30,34,142,137,1410,784,1939,2493,6526,6557,514,537,637,1134,448,981,1238,2184,44877,206,2326,1105,899,1944,1691,1931,331,751,6408,1517,725,884,1616,404,258,699,923,319,690,4086,9517,8356,171,67,3110,2437,820
2,1,1,4,0,0,3,57,129,19,6,7,27,4,1,27,11,30,52,43,27,8,4,9,42,3,14,1,0,1,15,7,16,2,14,39,22,6,16,1,1,5,17,6,12,0,8,5,1,0,11,6,50,3,26,123,304,433,110,9315,154,94,140,249,55,29,206,120,5173,368,271,206,6991,2637,157,24,974,25,15,21,23,364,76,37,56,34,3316,2077,55,47,1516,209,317,19,68,226,11,25,87,71
0,1,0,6,0,0,5,114,566,11,7,94,281,52,11,21,15,4,52,759,12,89,71,31,1128,48,159,3,4,20,5,35,671,19,30,41,15,165,27,10,10,8,23,147,493,7,66,3,2,10,13,19,78,2,41,122,360,465,101,5406,85,250,1109,516,171,278,383,67,1114,5163,133,2326,2637,14966,106,214,9689,116,35,51,204,5453,345,249,1301,242,692,605,215,1405,697,910,2315,113,623,262,40,35,127,178
0,0,0,3,0,0,3,64,88,14,8,13,11,4,3,16,10,36,73,12,47,4,2,21,8,6,4,0,1,6,24,1,9,3,11,37,31,5,11,1,1,3,10,5,10,0,4,1,1,0,9,6,66,2,7,33,81,192,367,425,708,1039,2122,474,110,350,1858,1100,1060,122,9024,1105,157,106,9001,73,63,75,39,5776,171,1477,246,2336,267,126,688,118,6125,25,85,21,127,127,398,21,6,76,557,3347
0,0,0,1,0,1,1,7,7,10,4,2,2,4,3,2,0,0,5,12,2,42,34,12,49,173,148,11,0,6,0,178,38,79,6,4,1,97,7,43,1,4,1,413,66,10,154,4,0,2,17,15,93,0,11,48,14,92,17,52,90,24,21,10,340,309,139,6,79,319,55,899,24,214,73,13787,638,158,52,17,9955,671,332,209,2761,5025,29,33,157,4976,77,327,6537,279,1907,72,24,48,116,110
1,0,0,2,0,1,3,44,255,5,8,50,128,21,6,6,6,2,27,227,2,65,73,29,375,124,277,33,4,12,3,153,249,99,9,20,11,203,14,97,5,8,12,433,206,13,166,6,0,9,5,7,30,2,46,50,392,141,30,2556,108,90,424,329,88,150,107,19,321,813,87,1944,974,9689,63,638,19229,715,33,22,531,2873,136,82,846,695,985,414,71,574,1156,5933,9529,244,1341,468,34,27,101,111
0,0,0,1,0,0,0,0,2,1,0,0,0,0,0,1,0,0,1,2,1,7,3,1,4,9,15,59,0,2,0,16,5,44,1,2,1,11,0,58,0,0,0,52,5,0,17,2,0,0,30,35,25,5,11,16,6,39,4,32,177,35,34,5,86,133,43,5,38,28,130,1691,25,116,75,158,715,66233,3044,7,288,315,813,65,108,13826,173,23,117,70,105,16910,1082,21352,2450,51,50,1135,312,231
4,0,0,7,0,4,12,5,6,9,1,0,1,7,1,13,1,1,7,0,1,4,0,0,2,2,3,1,0,1,3,3,0,4,17,11,7,1,13,5,2,0,9,3,3,1,2,7,1,0,900,717,744,174,133,277,10,21,2,31,282,37,14,5,5025,825,432,4,111,57,37,1931,15,35,39,52,33,3044,151285,6,87,168,33299,253,189,524,110,93,143,37,67,348,107,1622,232,95,15263,25323,1461,282
0,0,0,1,0,0,1,17,30,9,1,7,5,2,1,4,3,9,12,7,17,1,1,4,3,0,2,0,0,2,10,0,6,0,5,9,4,2,3,0,1,2,8,3,2,0,1,0,0,1,3,0,25,0,0,5,313,472,706,111,154,173,451,606,31,177,3957,2544,736,213,1247,331,21,51,5776,17,22,7,6,5850,36,1059,53,2364,300,35,93,13,562,24,12,3,32,24,122,1,3,19,52,66
0,0,0,1,0,0,0,3,8,3,1,4,0,2,0,3,0,1,5,13,1,10,27,7,29,96,60,6,0,4,0,106,34,73,5,5,1,45,5,60,2,0,4,241,39,9,88,3,0,0,11,13,52,3,6,21,17,57,25,48,120,15,48,12,370,503,120,14,48,229,105,751,23,204,171,9955,531,288,87,36,23615,2609,652,263,6697,9842,47,28,372,913,48,408,3156,888,8009,41,30,62,217,294
1,0,0,7,0,0,5,108,337,6,5,59,158,22,9,15,9,9,42,405,16,76,55,23,505,60,203,4,1,8,13,57,277,21,12,27,12,166,13,17,4,9,17,197,296,4,72,4,2,10,22,24,166,5,20,78,1649,1122,465,1752,411,374,7043,3840,844,2336,1271,965,663,4740,1556,6408,364,5453,1477,671,2873,315,168,1059,2609,31613,1791,2341,13881,1236,473,139,2512,1641,184,147,3172,627,9722,97,72,142,704,1419
5,0,3,16,3,2,34,18,33,38,7,10,7,41,4,72,1,18,74,20,26,21,3,10,48,7,14,2,8,25,22,5,23,6,95,83,34,22,43,4,9,15,55,18,37,1,5,15,1,3,685,1168,1824,213,99,703,108,65,29,153,615,94,79,76,18583,10685,1862,17,865,305,221,1517,76,345,246,332,136,813,33299,53,652,1791,91180,2177,1732,632,761,525,2334,172,383,210,298,643,689,287,4490,11810,23141,4691
4,4,0,15,4,3,27,15,26,34,1,9,12,39,4,45,1,5,21,23,10,25,5,7,26,1,9,2,11,20,25,1,18,1,83,37,13,11,60,1,20,10,28,15,22,2,1,7,4,5,35,30,1049,2,38,69,938,760,121,187,1353,228,216,504,1682,9869,10140,338,424,1140,395,725,37,249,2336,209,82,65,253,2364,263,2341,2177,18915,2013,179,191,176,12090,262,244,33,182,61,336,181,125,352,1370,1754
0,0,0,5,1,1,3,31,112,15,6,97,52,45,15,11,3,2,36,336,8,66,76,25,709,77,260,11,2,27,6,84,367,28,7,35,10,295,18,7,8,15,14,265,525,9,99,4,1,7,17,24,219,2,9,40,168,620,237,231,205,47,157,81,1401,2571,872,57,261,4514,136,884,56,1301,267,2761,846,108,189,300,6697,13881,1732,2013,14912,1030,71,35,1280,3677,72,86,1037,96,2255,61,123,146,476,515
1,0,1,0,0,0,1,0,13,4,1,1,7,2,1,4,0,0,5,7,2,46,19,4,19,127,87,85,2,2,0,158,25,459,4,2,2,39,1,583,4,3,3,399,31,48,253,3,0,0,25,26,69,12,9,30,7,49,12,55,125,30,56,15,224,262,91,11,66,171,101,1616,34,242,126,5025,695,13826,524,35,9842,1236,632,179,1030,64233,58,43,249,931,102,8667,9439,13800,10766,62,28,327,258,232
2,1,1,8,1,11,16,102,223,62,12,30,35,19,12,93,32,27,135,18,113,17,4,38,12,3,3,1,7,21,89,3,13,4,71,144,14,12,100,15,11,18,112,4,3,3,8,16,0,6,14,31,114,13,102,273,531,1754,437,8797,914,246,301,573,196,157,698,495,2808,407,968,404,3316,692,688,29,985,173,110,93,47,473,761,191,71,58,4159,3399,348,42,7632,909,327,50,103,1188,108,243,705,552
19,16,10,77,10,21,206,20,18,142,20,9,7,137,21,275,10,9,136,12,53,87,3,10,7,3,4,2,27,73,68,5,10,0,345,233,69,2,166,1,45,37,123,9,3,7,4,68,10,14,162,232,395,174,1576,4341,6,15,6,332,594,42,21,4,481,124,4139,5,4027,62,101,258,2077,605,118,33,414,23,93,13,28,139,525,176,35,43,3399,14346,110,55,11283,109,283,22,73,4130,253,154,474,230
1,0,0,3,0,1,3,11,29,11,4,6,8,6,1,14,5,10,28,16,10,12,3,5,27,1,6,1,1,3,12,4,16,2,9,26,21,12,6,2,1,6,5,10,15,0,5,0,1,0,9,15,142,4,4,33,271,174,40,112,489,220,359,247,543,5964,1407,107,441,373,1003,699,55,215,6125,157,71,117,143,562,372,2512,2334,12090,1280,249,348,110,29687,91,54,39,153,112,638,24,31,139,2359,11022
0,0,1,3,0,2,6,10,28,6,3,36,15,14,9,11,0,0,10,66,5,34,57,13,212,86,202,9,1,9,1,73,141,29,13,13,5,212,9,19,4,4,7,268,256,4,83,2,0,4,28,15,133,6,9,83,63,292,69,218,64,36,71,25,302,256,291,6,247,3248,29,923,47,1405,25,4976,574,70,37,24,913,1641,172,262,3677,931,42,55,91,16152,94,124,9292,78,849,58,46,33,95,68
6,4,2,18,2,6,54,11,7,73,9,2,9,72,11,164,1,6,56,8,18,45,5,7,6,6,6,0,16,26,24,5,6,9,161,112,31,2,88,7,25,10,56,18,6,1,7,18,4,7,57,35,111,22,826,1225,4,5,12,131,431,24,10,10,172,130,734,7,1308,22,52,319,1516,697,85,77,1156,105,67,12,48,184,383,244,72,102,7632,11283,54,94,18374,702,685,45,141,7467,214,122,377,175
1,0,1,2,0,0,1,0,4,0,0,3,0,2,0,1,0,1,1,2,2,36,13,0,10,92,77,111,1,3,1,108,11,497,4,0,2,15,7,948,1,2,0,339,12,44,268,5,0,0,9,21,12,4,24,16,4,18,2,37,37,9,13,5,50,61,29,3,45,20,33,690,209,910,21,327,5933,16910,348,3,408,147,210,33,86,8667,909,109,39,124,702,48813,10016,2473,1620,320,24,171,80,46
1,1,1,3,1,0,4,19,60,11,7,28,17,19,7,8,2,1,26,71,6,119,124,13,335,408,418,59,2,16,3,412,203,360,15,27,12,268,27,272,6,13,13,991,315,49,406,5,1,9,19,24,101,4,59,94,42,121,57,389,270,134,162,53,200,207,282,19,429,1014,193,4086,317,2315,127,6537,9529,1082,107,32,3156,3172,298,182,1037,9439,327,283,153,9292,685,10016,32648,1570,5937,319,41,76,207,197
0,0,0,0,0,0,0,0,4,3,1,0,2,1,0,4,0,0,2,3,1,13,3,1,8,18,12,13,0,0,0,21,7,80,1,1,5,14,2,103,0,0,0,57,17,9,34,1,0,0,30,58,27,8,4,16,6,62,22,57,312,154,149,14,84,108,47,16,50,63,273,9517,19,113,127,279,244,21352,1622,24,888,627,643,61,96,13800,50,22,112,78,45,2473,1570,27814,15058,26,11,889,352,247
1,0,0,0,0,0,0,6,21,5,0,4,5,9,0,2,0,1,4,21,1,33,40,5,57,139,97,22,5,2,4,141,41,153,2,9,5,83,8,122,2,1,1,319,69,14,148,0,0,1,9,12,66,1,9,41,21,112,34,145,344,157,326,67,229,510,182,68,129,319,379,8356,68,623,398,1907,1341,2450,232,122,8009,9722,689,336,2255,10766,103,73,638,849,141,1620,5937,15058,35221,83,38,164,374,553
46,33,32,172,17,101,473,2,2,18,2,1,1,84,19,91,0,1,11,2,2,13,2,4,3,4,4,5,9,18,9,1,4,3,80,15,9,1,29,7,6,2,19,7,5,1,3,128,3,5,359,368,175,1811,11980,2352,2,3,3,51,191,9,10,2,283,99,791,4,171,38,15,171,226,262,21,72,468,51,95,1,41,97,287,181,61,62,1188,4130,24,58,7467,320,319,26,83,8456,867,76,197,82
1,1,1,4,0,8,38,1,4,8,1,1,0,5,0,12,0,1,5,1,2,4,0,0,3,0,3,0,2,0,4,0,0,0,12,6,4,0,10,0,3,0,2,1,4,0,0,12,2,0,7363,1095,1219,320,3531,617,10,13,3,33,56,7,3,4,10139,367,448,2,48,43,11,67,11,40,6,24,34,50,15263,3,30,72,4490,125,123,28,108,253,31,46,214,24,41,11,38,867,49313,229,259,35
1,0,2,5,1,1,4,4,8,18,1,1,0,11,3,28,1,2,18,4,5,8,0,1,2,3,4,1,2,4,8,1,1,3,25,32,11,3,12,6,5,2,13,4,1,1,2,3,1,3,181,280,331,43,30,158,22,13,8,35,20525,49,29,4,469,491,607,3,222,43,102,3110,25,35,76,48,27,1135,25323,19,62,142,11810,352,146,327,243,154,139,33,122,171,76,889,164,76,229,63682,9980,516
3,2,0,11,1,3,15,20,30,58,6,4,8,23,4,79,6,11,69,8,24,30,2,11,13,5,4,1,1,21,34,4,4,1,81,78,33,8,48,4,15,8,34,10,17,3,3,9,3,1,110,249,598,34,46,295,38,39,34,148,18910,262,137,21,874,2192,1742,19,711,113,866,2437,87,127,557,116,101,312,1461,52,217,704,23141,1370,476,258,705,474,2359,95,377,80,207,352,374,197,259,9980,32901,9928
0,0,0,1,0,0,3,8,24,19,11,3,2,4,2,38,3,12,57,10,14,11,1,8,22,3,7,0,2,9,10,4,11,3,20,42,27,6,13,4,4,4,18,13,17,1,0,4,1,3,20,24,149,4,16,64,30,40,25,136,6221,288,340,53,426,5635,1018,39,591,106,7447,820,71,178,3347,110,111,231,282,66,294,1419,4691,1754,515,232,552,230,11022,68,175,46,197,247,553,82,35,516,9928,13780
