9938,10144,6402,1334,11601,3921,454,2,5,12,0,2,2,13924,1231,169,1,0,7,4,0,183,2,0,2,1,0,0,148,762,14,0,0,1,41,6,7,1,21,0,142,41,28,1,8,1,1,79,1566,3,1,0,1,0,1,3,0,0,0,0,4,0,0,0,2,2,2,0,0,0,0,0,0,0,0,0,0,0,0,0,0,0,0,1,0,0,1,2,0,0,4,0,0,0,0,8,1,0,0,0
10144,44335,10173,20367,1841,1034,921,0,1,69,1,2,0,9177,3368,269,2,0,6,0,7,581,0,0,0,0,1,0,224,993,13,6,5,1,68,13,23,0,58,0,818,279,44,3,9,4,4,154,271,16,4,3,5,3,25,7,0,0,0,0,1,0,0,0,9,4,8,0,2,0,0,1,0,0,2,0,0,0,0,5,1,0,3,3,0,0,7,14,1,0,3,0,0,0,0,58,1,1,2,0
6402,10173,28134,8367,7337,7360,4473,2,0,19,0,1,1,1258,188,43,2,0,3,2,2,353,0,1,0,0,0,2,92,490,2,0,1,0,30,1,17,0,107,1,361,107,12,0,1,6,4,117,101,1,2,1,2,30,6,3,0,0,0,0,0,0,0,0,4,0,4,0,1,0,0,0,0,0,1,0,0,0,0,1,0,0,0,2,0,0,0,1,0,0,2,0,0,0,0,18,1,0,1,0
1334,20367,8367,49339,1157,2661,9732,15,32,243,3,3,14,6145,11705,9414,2,2,82,38,25,783,6,1,17,6,6,5,286,1580,277,26,16,3,489,43,82,5,172,0,1153,564,1683,7,48,5,11,344,243,110,6,7,26,33,86,30,0,0,0,0,6,0,0,0,20,10,37,0,3,0,1,3,2,0,4,0,0,0,5,4,0,0,7,13,0,0,10,40,4,0,12,0,0,0,1,143,9,0,4,0
11601,1841,7337,1157,19995,38653,1915,1,5,11,0,1,2,5040,318,237,0,0,5,1,3,59,0,2,1,1,0,0,148,454,11,4,1,0,75,4,7,1,113,0,86,23,23,1,5,1,1,1247,2775,4,0,0,5,6,9,6,0,0,0,0,1,0,0,0,1,1,5,0,1,0,0,0,0,0,1,0,0,0,0,0,0,0,2,3,0,0,1,9,0,0,3,0,0,0,0,16,2,0,4,0
3921,1034,7360,2661,38653,32458,21901,0,14,30,1,1,0,636,92,419,0,0,1,1,6,115,0,9,6,1,14,4,82,178,15,1,1,1,844,11,29,0,2832,9,82,60,28,7,2,0,1,8359,2014,7,6,1,8,268,74,6,0,0,0,0,3,0,0,0,2,2,3,0,2,0,0,0,0,0,0,0,2,0,0,0,0,0,0,5,0,0,0,8,0,0,1,0,0,0,0,66,7,0,0,1
454,921,4473,9732,1915,21901,16190,1,5,94,2,1,1,478,178,4082,2,0,17,10,8,292,3,5,6,0,4,0,81,321,11,1,7,0,2018,32,71,2,1273,0,311,161,43,2,9,1,1,2261,64,23,14,23,41,94,152,62,0,0,1,0,4,0,0,0,23,13,24,1,2,0,0,3,1,1,0,0,0,0,4,3,0,0,10,5,0,0,5,32,0,0,10,0,0,0,0,250,18,0,3,0
2,0,2,15,1,0,1,43494,5243,178,1464,1276,11218,86,116,216,5204,6562,1598,5881,534,2023,217,70,253,37,483,4,7,57,1111,403,1359,3,13,39,1775,50,32,1,32,64,350,52,1301,23,140,3,4,89,0,0,1,0,0,1,13,12,9,60,29,5,15,12,1,3,2,18,14,191,30,15,7,59,12,1,62,0,0,18,1,109,1,0,47,0,141,3,3,8,1,0,2,0,1,2,0,1,6,3
5,1,0,32,5,14,5,5243,48882,237,820,1587,2466,69,75,155,872,75,3813,4124,487,1161,364,10618,6603,105,6761,56,4,44,85,420,1111,105,85,708,11427,134,1330,192,46,64,124,618,517,33,280,76,6,53,0,0,4,0,2,2,40,42,17,174,33,12,39,42,1,5,9,32,23,358,39,33,15,213,20,12,372,3,1,16,13,164,1,4,153,5,476,4,4,50,3,2,28,1,11,3,1,0,18,6
12,69,19,243,11,30,94,178,237,38301,3935,3202,792,109,271,1683,494,55,1888,149,8711,4269,228,135,126,31,46,14,107,210,586,430,1043,11,543,873,1388,39,1776,1,15492,13855,1266,73,224,42,418,154,15,3961,5,4,24,1,15,22,1,3,33,6,80,5,4,5,23,49,141,16,118,5,59,16,15,2,87,4,12,0,18,87,1,8,45,94,6,0,221,118,31,4,67,0,1,1,2,23,3,6,81,25
0,1,0,3,0,1,2,1464,820,3935,2827,8835,1159,45,46,206,474,77,1028,365,1075,2470,867,69,158,19,71,6,5,40,130,56,380,1,32,158,298,14,146,4,116,159,76,53,47,47,178,5,0,51,0,0,0,0,1,0,2,1,12,12,15,2,4,0,1,3,3,9,6,12,19,3,1,9,13,1,11,0,0,10,0,10,1,3,7,0,33,4,2,5,3,0,0,0,1,0,0,1,9,4
2,2,1,3,1,1,1,1276,1587,3202,8835,21103,10245,47,49,74,4966,284,624,1116,6155,3053,4499,128,1526,70,458,10,11,79,140,378,3650,21,24,116,572,241,129,12,138,313,177,434,369,120,936,1,0,166,0,0,0,0,0,0,2,4,15,11,18,4,1,3,1,4,3,14,8,21,14,10,2,47,4,9,56,0,2,8,7,37,0,2,23,3,69,1,2,42,0,1,25,0,10,0,0,0,5,3
2,0,1,14,2,0,1,11218,2466,792,1159,10245,29927,294,280,170,7097,1139,571,4538,1971,678,287,54,1380,18,517,5,29,336,757,621,6796,5,22,69,687,44,58,1,183,479,634,55,1467,20,137,4,7,517,1,0,1,0,0,1,5,6,8,33,11,3,12,8,2,5,1,3,16,145,12,7,5,111,4,2,101,0,1,9,1,91,1,0,71,1,54,2,2,17,1,0,8,1,4,3,1,1,6,4
13924,9177,1258,6145,5040,636,478,86,69,109,45,47,294,69068,18490,2516,44,25,224,174,159,398,11,8,55,29,17,5,1786,26526,462,209,156,7,494,111,236,24,290,0,783,600,2200,14,344,4,42,184,16058,2873,3,12,34,5,28,27,0,0,0,1,12,0,0,0,26,29,79,0,18,1,2,3,2,3,3,2,5,0,15,10,0,0,12,56,1,0,19,81,8,4,35,0,2,0,0,112,4,1,20,6
1231,3368,188,11705,318,92,178,116,75,271,46,49,280,18490,20422,2548,38,30,299,211,122,553,19,7,39,33,14,3,270,2611,800,183,134,9,420,124,159,36,208,1,1000,817,11807,9,424,3,31,111,164,4134,4,9,24,0,27,27,1,2,3,1,10,0,0,0,11,21,57,0,15,1,1,5,0,1,6,1,3,0,6,4,0,2,12,25,0,0,13,45,4,2,31,0,2,0,1,91,5,1,13,1
169,269,43,9414,237,419,4082,216,155,1683,206,74,170,2516,2548,30927,97,375,6684,228,593,617,25,39,53,17,19,1,198,1186,12728,59,95,5,3643,3009,703,28,892,0,1066,979,10505,22,162,7,26,721,148,579,12,21,108,8,112,99,0,3,8,7,69,1,2,1,88,121,261,2,66,4,12,32,6,3,29,0,2,0,41,51,0,5,81,168,6,0,127,288,41,2,155,0,1,0,0,321,19,8,107,14
1,2,2,2,0,0,2,5204,872,494,474,4966,7097,44,38,97,9142,3130,695,156,5750,274,72,52,67,4,16,1,3,57,1415,78,414,1,11,56,430,8,72,1,51,155,198,12,82,6,51,3,1,173,0,0,0,0,0,0,2,9,9,4,16,4,1,2,0,0,1,14,16,4,27,0,2,3,13,0,1,0,0,3,0,3,0,2,3,0,42,3,0,1,0,0,2,0,0,1,0,0,3,5
0,0,0,2,0,0,0,6562,75,55,77,284,1139,25,30,375,3130,1212,1277,60,618,58,10,15,16,2,3,0,4,22,2471,70,196,1,5,17,121,7,23,0,7,23,281,2,125,1,17,0,1,58,0,0,0,0,0,1,0,1,6,4,13,1,0,0,0,1,1,4,8,1,16,2,2,0,10,0,2,0,1,7,0,0,0,1,1,0,33,3,2,0,0,0,1,0,0,0,0,0,11,2
7,6,3,82,5,1,17,1598,3813,1888,1028,624,571,224,299,6684,695,1277,10689,1140,1754,514,79,588,219,14,83,2,33,136,4599,80,290,7,616,4695,1159,86,638,2,226,288,1486,37,352,5,37,22,7,156,2,3,5,1,3,5,1,4,44,16,89,5,6,2,5,14,62,28,155,13,86,19,12,19,94,2,13,0,8,116,0,25,17,51,14,0,251,65,15,12,21,0,4,0,1,4,3,4,93,36
4,0,2,38,1,1,10,5881,4124,149,365,1116,4538,174,211,228,156,60,1140,21550,188,828,690,92,2806,454,1525,22,16,118,297,1112,3751,98,49,173,483,5720,104,8,57,99,324,578,7180,37,415,10,3,82,0,0,5,0,0,2,19,5,6,74,6,11,61,26,4,9,9,6,16,450,11,67,18,502,4,9,378,1,0,15,7,401,6,7,381,6,36,7,4,160,1,1,57,0,19,0,0,0,6,3
0,7,2,25,3,6,8,534,487,8711,1075,6155,1971,159,122,593,5750,618,1754,188,16868,425,156,175,161,15,43,2,44,281,2470,400,1285,4,151,514,1322,27,895,0,451,1503,4907,38,248,10,268,23,3,1862,0,0,5,0,5,2,2,2,36,8,88,7,1,4,3,13,34,30,98,5,65,10,17,9,51,2,6,0,6,102,2,7,11,28,4,1,310,34,3,5,20,0,2,0,5,1,3,1,49,9
183,581,353,783,59,115,292,2023,1161,4269,2470,3053,678,398,553,617,274,58,514,828,425,19662,4834,88,761,403,723,2031,3876,773,234,691,484,1022,198,155,618,182,467,407,24878,1411,547,1669,319,5000,3444,68,24,186,3,8,21,0,9,16,4,2,3,9,35,3,8,6,18,47,92,7,43,16,17,29,7,37,26,33,70,3,17,36,19,29,28,86,28,22,75,96,36,38,62,12,69,2,31,37,4,2,48,12
2,0,0,6,0,0,3,217,364,228,867,4499,287,11,19,25,72,10,79,690,156,4834,8374,79,1081,545,875,134,27,14,21,738,2659,148,9,35,58,351,65,70,25,46,37,1503,371,2237,4275,3,2,17,0,0,0,0,0,0,0,0,1,2,1,2,1,1,1,0,0,0,1,12,0,19,4,29,1,40,88,1,0,0,27,31,1,0,29,14,3,2,1,82,1,2,46,3,35,1,0,0,1,0
0,0,1,1,2,9,5,70,10618,135,69,128,54,8,7,39,52,15,588,92,175,88,79,6787,1096,53,1809,30,7,5,14,143,115,64,50,1264,3750,31,10105,114,23,33,20,388,29,9,119,78,5,4,0,0,0,0,1,0,3,2,5,3,11,0,1,0,1,1,3,6,6,4,5,6,4,13,8,8,26,1,0,11,3,14,0,5,9,0,65,4,1,27,0,3,17,0,7,0,0,0,9,2
2,0,0,17,1,6,6,253,6603,126,158,1526,1380,55,39,53,67,16,219,2806,161,761,1081,1096,10064,476,10855,52,9,57,29,1216,3673,217,44,228,332,989,634,151,26,94,62,1746,1933,55,844,24,2,84,0,0,0,0,1,2,0,7,2,46,3,6,39,8,3,7,3,1,12,234,11,74,32,626,4,31,818,5,0,11,16,285,12,5,334,8,22,6,10,299,0,7,144,0,39,0,2,1,4,5
1,0,0,6,1,1,0,37,105,31,19,70,18,29,33,17,4,2,14,454,15,403,545,53,476,11264,1085,88,6,19,26,7854,321,3010,7,12,34,4405,76,103,24,15,32,6304,2261,90,2137,5,1,9,0,0,1,0,0,0,1,1,1,4,3,1,3,1,0,0,0,1,1,3,2,44,5,39,0,233,247,6,1,1,119,53,1,0,20,56,2,0,0,177,5,18,224,2,138,2,0,0,3,2
0,1,0,6,0,14,4,483,6761,46,71,458,517,17,14,19,16,3,83,1525,43,723,875,1809,10855,1085,20360,1345,12,15,12,2000,1277,1392,16,97,471,905,823,6788,12,27,33,11508,1062,158,1689,93,4,17,0,2,1,0,0,0,0,1,2,16,3,1,6,2,2,4,2,0,3,53,9,89,7,158,5,227,675,25,1,4,146,153,5,2,91,48,5,1,2,404,4,57,382,7,185,3,0,0,1,1
0,0,2,5,0,4,0,4,56,14,6,10,5,5,3,1,1,0,2,22,2,2031,134,30,52,88,1345,46161,798,26,3,197,35,7863,0,3,159,26,116,9781,207,7,3,922,24,14049,7781,19,2,1,0,0,0,0,0,0,0,0,0,0,0,0,0,0,0,1,0,0,0,1,1,10,1,15,0,21,88,157,0,1,32,0,0,0,3,234,1,0,2,13,3,713,219,48,75,0,0,1,0,1
148,224,92,286,148,82,81,7,4,107,5,11,29,1786,270,198,3,4,33,16,44,3876,27,7,9,6,12,798,121644,10240,66,37,16,195,77,29,211,2,158,57,25162,616,189,50,21,747,328,105,11005,94,2,4,6,0,3,6,0,0,0,1,8,1,0,1,6,9,32,0,24,1,2,6,1,2,11,2,2,0,5,21,1,1,6,26,0,2,26,22,4,1,20,1,1,0,1,10,0,1,24,4
762,993,490,1580,454,178,321,57,44,210,40,79,336,26526,2611,1186,57,22,136,118,281,773,14,5,57,19,15,26,10240,54911,351,276,241,21,392,134,477,11,464,0,15570,13000,1473,13,259,28,97,118,2011,1128,3,6,28,2,15,24,0,1,3,0,33,0,0,1,16,33,126,0,41,2,5,13,5,2,17,0,1,2,21,31,0,3,31,95,2,1,65,115,40,4,57,0,1,0,0,44,3,4,52,7
14,13,2,277,11,15,11,1111,85,586,130,140,757,462,800,12728,1415,2471,4599,297,2470,234,21,14,29,26,12,3,66,351,13015,144,178,2,315,300,490,17,321,1,265,434,19466,8,356,2,22,103,17,874,3,7,9,2,13,20,0,3,9,1,55,2,0,2,13,27,71,5,48,2,17,12,6,3,35,2,2,0,13,41,0,7,17,65,0,0,72,71,23,2,41,0,0,0,0,49,2,0,61,7
0,6,0,26,4,1,1,403,420,430,56,378,621,209,183,59,78,70,80,1112,400,691,738,143,1216,7854,2000,197,37,276,144,31338,8004,2132,18,44,105,1749,194,196,196,332,301,5499,6745,159,8440,17,8,262,0,0,4,0,0,0,0,1,2,4,5,3,10,0,0,1,2,0,1,14,7,82,3,92,2,243,362,12,2,3,174,95,1,3,47,87,9,2,2,257,2,26,353,8,193,1,1,0,4,2
0,5,1,16,1,1,7,1359,1111,1043,380,3650,6796,156,134,95,414,196,290,3751,1285,484,2659,115,3673,321,1277,35,16,241,178,8004,14400,63,20,102,206,803,151,26,238,534,344,1393,6685,129,3093,10,5,373,0,0,4,0,0,0,2,4,3,12,8,0,16,0,1,3,3,4,10,63,2,33,11,162,0,42,183,1,0,7,29,102,1,1,114,12,18,3,3,126,3,4,64,1,33,1,0,0,5,0
1,1,0,3,0,1,0,3,105,11,1,21,5,7,9,5,1,1,7,98,4,1022,148,64,217,3010,1392,7863,195,21,2,2132,63,20404,0,11,133,345,130,9062,86,7,5,7605,191,1693,8748,23,1,3,0,0,0,0,0,0,0,0,0,0,0,1,0,0,0,0,2,0,1,1,0,34,1,19,1,74,102,36,0,0,89,10,1,0,5,348,1,0,0,51,1,260,378,29,127,2,0,1,2,1
41,68,30,489,75,844,2018,13,85,543,32,24,22,494,420,3643,11,5,616,49,151,198,9,50,44,7,16,0,77,392,315,18,20,0,9664,4872,726,7,12367,4,392,322,760,11,34,2,5,6480,139,184,13,19,70,15,119,84,0,0,3,3,36,1,0,0,71,53,131,1,21,3,2,12,1,2,7,1,0,1,29,17,0,0,43,71,1,0,40,189,11,3,103,0,1,0,1,327,13,3,50,9
6,13,1,43,4,11,32,39,708,873,158,116,69,111,124,3009,56,17,4695,173,514,155,35,1264,228,12,97,3,29,134,300,44,102,11,4872,6307,1364,25,10040,5,214,238,481,74,63,0,21,97,11,70,1,1,10,0,3,15,1,1,5,6,53,0,1,1,10,48,88,2,53,11,8,10,5,5,23,1,6,1,14,43,1,6,25,96,3,0,117,89,27,3,50,0,1,0,3,22,6,1,63,8
7,23,17,82,7,29,71,1775,11427,1388,298,572,687,236,159,703,430,121,1159,483,1322,618,58,3750,332,34,471,159,211,477,490,105,206,133,726,1364,4970,25,10509,392,944,636,829,174,101,22,117,503,30,252,7,11,12,4,3,12,8,24,40,45,102,14,6,10,7,38,121,27,122,23,80,17,17,14,82,1,7,2,15,85,2,17,39,84,11,3,890,111,50,6,82,3,8,1,2,33,4,4,78,26
1,0,0,5,1,0,2,50,134,39,14,241,44,24,36,28,8,7,86,5720,27,182,351,31,989,4405,905,26,2,11,17,1749,803,345,7,25,25,14659,34,17,5,27,48,5830,3269,27,663,5,0,13,0,0,0,0,0,0,0,0,0,1,1,1,4,0,3,3,1,0,0,13,1,62,4,86,1,88,201,1,1,1,33,66,4,2,54,13,4,1,2,180,1,7,153,0,68,0,0,0,2,3
21,58,107,172,113,2832,1273,32,1330,1776,146,129,58,290,208,892,72,23,638,104,895,467,65,10105,634,76,823,116,158,464,321,194,151,130,12367,10040,10509,34,41020,303,787,755,720,395,81,10,123,11612,283,303,8,6,77,2,56,57,0,2,6,4,68,6,0,2,48,76,214,3,68,7,12,25,5,5,25,4,26,0,35,54,1,8,63,166,10,4,164,208,19,17,134,7,11,0,8,154,11,5,97,8
0,0,1,0,0,9,0,1,192,1,4,12,1,0,1,0,1,0,2,8,0,407,70,114,151,103,6788,9781,57,0,1,196,26,9062,4,5,392,17,303,27163,31,0,0,10049,7,471,859,58,4,0,0,0,1,0,1,0,0,0,1,3,0,1,0,0,0,0,0,0,2,0,2,34,6,22,0,117,207,258,3,0,91,10,0,0,4,719,6,0,0,40,12,1409,701,81,221,4,0,1,1,0
142,818,361,1153,86,82,311,32,46,15492,116,138,183,783,1000,1066,51,7,226,57,451,24878,25,23,26,24,12,207,25162,15570,265,196,238,86,392,214,944,5,787,31,87774,13407,913,16,143,195,224,79,33,677,0,4,30,1,5,25,0,0,4,2,47,2,0,1,15,69,136,2,69,2,7,12,4,1,25,1,1,0,21,59,0,4,34,99,1,0,107,107,45,2,68,1,2,0,1,48,4,3,86,15
41,279,107,564,23,60,161,64,64,13855,159,313,479,600,817,979,155,23,288,99,1503,1411,46,33,94,15,27,7,616,13000,434,332,534,7,322,238,636,27,755,0,13407,12590,1751,35,245,14,160,99,12,7722,3,2,24,3,11,15,0,0,8,5,32,1,0,0,5,32,81,5,46,0,10,15,5,2,21,0,3,0,17,33,2,3,26,60,1,1,74,89,15,3,51,0,3,0,1,32,2,5,54,12
28,44,12,1683,23,28,43,350,124,1266,76,177,634,2200,11807,10505,198,281,1486,324,4907,547,37,20,62,32,33,3,189,1473,19466,301,344,5,760,481,829,48,720,0,913,1751,55698,19,557,3,56,148,58,8894,6,10,27,4,19,25,2,0,10,5,72,3,0,1,18,41,102,4,63,5,12,13,8,1,33,1,5,0,10,72,0,3,32,82,3,0,116,106,10,2,61,0,5,0,2,69,3,4,70,7
1,3,0,7,1,7,2,52,618,73,53,434,55,14,9,22,12,2,37,578,38,1669,1503,388,1746,6304,11508,922,50,13,8,5499,1393,7605,11,74,174,5830,395,10049,16,35,19,37698,567,496,5050,44,3,11,0,0,1,0,1,0,1,3,0,3,4,3,4,0,1,3,0,0,3,9,6,136,3,105,1,459,572,32,2,4,287,114,5,0,34,271,3,1,1,410,5,131,720,14,390,1,1,0,5,3
8,9,1,48,5,2,9,1301,517,224,47,369,1467,344,424,162,82,125,352,7180,248,319,371,29,1933,2261,1062,24,21,259,356,6745,6685,191,34,63,101,3269,81,7,143,245,557,567,8383,14,677,9,6,248,0,0,3,0,0,1,1,3,0,16,4,2,13,2,3,8,2,2,3,62,6,60,12,214,3,59,307,3,2,3,25,119,5,6,123,20,12,2,4,273,1,5,170,0,49,1,0,0,4,2
1,4,6,5,1,0,1,23,33,42,47,120,20,4,3,7,6,1,5,37,10,5000,2237,9,55,90,158,14049,747,28,2,159,129,1693,2,0,22,27,10,471,195,14,3,496,14,7118,7336,2,2,1,0,0,0,0,0,0,0,0,0,0,0,0,0,0,0,0,0,0,0,0,0,1,1,8,0,11,10,3,0,0,10,2,0,0,2,18,0,0,0,7,1,9,28,2,3,0,0,0,1,0
1,4,4,11,1,1,1,140,280,418,178,936,137,42,31,26,51,17,37,415,268,3444,4275,119,844,2137,1689,7781,328,97,22,8440,3093,8748,5,21,117,663,123,859,224,160,56,5050,677,7336,23860,9,1,81,0,0,0,0,0,0,0,2,0,0,3,0,2,0,0,2,2,1,2,8,4,42,1,31,2,159,166,19,0,3,110,41,0,0,21,187,3,0,0,108,1,99,342,13,143,0,0,0,1,0
79,154,117,344,1247,8359,2261,3,76,154,5,1,4,184,111,721,3,0,22,10,23,68,3,78,24,5,93,19,105,118,103,17,10,23,6480,97,503,5,11612,58,79,99,148,44,9,2,9,7755,860,62,11,11,28,10,208,38,0,0,0,0,12,0,0,0,21,14,36,0,5,0,0,0,1,0,0,0,0,0,4,1,0,1,10,8,0,0,10,35,1,0,17,0,1,0,0,275,14,1,8,1
1566,271,101,243,2775,2014,64,4,6,15,0,0,7,16058,164,148,1,1,7,3,3,24,2,5,2,1,4,2,11005,2011,17,8,5,1,139,11,30,0,283,4,33,12,58,3,6,2,1,860,15439,8,0,0,4,0,4,4,0,0,0,0,2,0,0,0,2,2,7,1,0,0,0,1,0,0,0,0,0,0,1,0,0,0,2,5,0,0,1,3,0,1,2,0,0,0,0,10,1,0,1,0
3,16,1,110,4,7,23,89,53,3961,51,166,517,2873,4134,579,173,58,156,82,1862,186,17,4,84,9,17,1,94,1128,874,262,373,3,184,70,252,13,303,0,677,7722,8894,11,248,1,81,62,8,22619,1,1,5,1,4,4,1,0,1,0,9,0,0,1,9,5,21,1,13,2,4,2,1,2,9,0,4,0,3,13,0,3,7,21,2,0,38,22,1,2,23,0,1,0,0,10,1,0,16,1
1,4,2,6,0,6,14,0,0,5,0,0,1,3,4,12,0,0,2,0,0,3,0,0,0,0,0,0,2,3,3,0,0,0,13,1,7,0,8,0,0,3,6,0,0,0,0,11,0,1,40473,17859,2637,15067,17619,1308,0,4,1,4,86,2,0,0,14493,310,191,0,6,12,5,77,7,4,2,2,6,1,451,1,3,9,357,16,7,0,23,239,1,26,116,0,3,0,1,995,7811,18,244,15
0,3,1,7,0,1,23,0,0,4,0,0,0,12,9,21,0,0,3,0,0,8,0,0,0,0,2,0,4,6,7,0,0,0,19,1,11,0,6,0,4,2,10,0,0,0,0,11,0,1,17859,77657,15339,14810,3327,10627,0,0,0,2,330,4,0,1,11523,454,158,3,21,3,14,411,6,1,10,3,2,3,826,6,1,9,1182,14,1,6,54,179,19,13,51,0,2,2,4,188,1304,127,1047,57
1,5,2,26,5,8,41,1,4,24,0,0,1,34,24,108,0,0,5,5,5,21,0,0,0,1,1,0,6,28,9,4,4,0,70,10,12,0,77,1,30,24,27,1,3,0,0,28,4,5,2637,15339,41499,336,1121,12599,1,34,6,32,638,13,18,4,13205,5455,5302,10,225,112,26,313,55,69,35,14,24,7,593,103,17,88,1097,545,49,4,138,1036,40,217,248,0,50,2,14,462,1307,115,1706,278
0,3,30,33,6,268,94,0,0,1,0,0,0,5,0,8,0,0,1,0,0,0,0,0,0,0,0,0,0,2,2,0,0,0,15,0,4,0,2,0,1,3,4,0,0,0,0,10,0,1,15067,14810,336,41533,21553,9284,0,0,1,0,103,0,0,0,467,36,51,0,7,0,5,160,3,1,3,0,1,0,270,2,0,2,442,7,4,0,12,65,6,1,16,0,4,1,0,917,334,44,354,6
1,25,6,86,9,74,152,0,2,15,1,0,0,28,27,112,0,0,3,0,5,9,0,1,1,0,0,0,3,15,13,0,0,0,119,3,3,0,56,1,5,11,19,1,0,0,0,208,4,4,17619,3327,1121,21553,23245,7876,1,2,0,13,103,0,0,0,649,95,380,2,36,4,3,49,11,31,5,1,19,1,84,5,1,7,113,44,2,6,95,1770,3,9,1036,12,31,1,4,3741,2531,13,157,8
3,7,3,30,6,6,62,1,2,22,0,0,1,27,27,99,0,1,5,2,2,16,0,0,2,0,0,0,6,24,20,0,0,0,84,15,12,0,57,0,25,15,25,0,1,0,0,38,4,4,1308,10627,12599,9284,7876,25573,1,10,3,8,541,5,0,0,1281,331,3315,5,84,16,19,327,28,15,21,2,4,4,307,20,1,15,505,96,10,5,97,1757,15,40,639,0,20,1,3,906,335,121,1220,121
0,0,0,0,0,0,0,13,40,1,2,2,5,0,1,0,2,0,1,19,2,4,0,3,0,1,0,0,0,0,0,0,2,0,0,1,8,0,0,0,0,0,2,1,1,0,0,0,0,1,0,0,1,0,1,1,2830,10484,261,808,12,75,65,2779,13,105,28,837,112,4267,32,77,49,26,41,10,48,0,9,384,4,570,29,66,490,3,657,1,52,77,1,0,7,0,8,1,3,0,17,6
0,0,0,0,0,0,0,12,42,3,1,4,6,0,2,3,9,1,4,5,2,2,0,2,7,1,1,0,0,1,3,1,4,0,0,1,24,0,2,0,0,0,0,3,3,0,2,0,0,0,4,0,34,0,2,10,10484,21406,3024,3069,102,1015,802,5405,49,125,104,6796,456,4050,249,813,106,133,56,47,57,17,10,1279,44,952,30,182,685,35,1764,14,25,206,4,1,59,17,83,2,5,3,14,6
0,0,0,0,0,0,1,9,17,33,12,15,8,0,3,8,9,6,44,6,36,3,1,5,2,1,2,0,0,3,9,2,3,0,3,5,40,0,6,1,4,8,10,0,0,0,0,0,0,1,1,0,6,1,0,3,261,3024,3668,1507,211,684,145,308,15,32,362,2274,3965,348,465,353,124,62,768,9,13,5,5,3175,11,183,9,64,155,8,687,28,20,57,18,2,8,1,19,2,3,1,29,19
0,0,0,0,0,0,0,60,174,6,12,11,33,1,1,7,4,4,16,74,8,9,2,3,46,4,16,0,1,0,1,4,12,0,3,6,45,1,4,3,2,5,5,3,16,0,0,0,0,0,4,2,32,0,13,8,808,3069,1507,46326,256,1215,1355,1727,19,50,119,968,3436,3111,775,820,14726,5253,100,28,2952,10,7,255,40,1588,21,55,207,33,11817,95,30,118,71,21,189,8,94,13,4,2,59,39
4,1,0,6,1,3,4,29,33,80,15,18,11,12,10,69,16,13,89,6,88,35,1,11,3,3,3,0,8,33,55,5,8,0,36,53,102,1,68,0,47,32,72,4,4,0,3,12,2,9,86,330,638,103,103,541,12,102,211,256,28177,3463,1270,133,246,342,1301,523,1203,70,3543,1890,398,69,516,22,39,29,113,335,47,276,192,134,40,38,1381,1104,172,64,710,4,68,27,181,143,86,19276,38603,2715
0,0,0,0,0,0,0,5,12,5,2,4,3,0,0,1,4,1,5,11,7,3,2,0,6,1,1,0,1,0,2,3,0,1,1,0,14,1,6,1,2,1,3,3,2,0,0,0,0,0,2,4,13,0,0,5,75,1015,684,1215,3463,5454,7464,779,9,40,93,1141,501,419,5677,7022,151,183,170,5,100,23,10,179,24,634,20,18,59,34,641,63,55,85,55,3,97,38,245,11,0,9,174,174
0,0,0,0,0,0,0,15,39,4,4,1,12,0,0,2,1,0,6,61,1,8,1,1,39,3,6,0,0,0,0,10,16,0,0,1,6,4,0,0,0,0,0,4,13,0,2,0,0,0,0,0,18,0,0,0,65,802,145,1355,1270,7464,16545,8282,16,36,22,3639,172,1909,6686,8385,163,1099,369,21,494,40,14,775,50,6053,28,35,241,45,446,18,86,183,8,3,212,35,517,1,2,3,120,131
0,0,0,0,0,0,0,12,42,5,0,3,8,0,0,1,2,0,2,26,4,6,1,0,8,1,2,0,1,1,2,0,0,0,0,1,10,0,2,0,1,0,1,0,2,0,0,0,0,1,0,1,4,0,0,0,2779,5405,308,1727,133,779,8282,14505,17,106,40,9510,193,2087,1704,450,114,188,352,21,173,7,17,1435,20,4205,48,102,226,11,667,16,181,23,11,0,31,4,41,1,1,0,86,71
2,9,4,20,1,2,23,1,1,23,1,1,2,26,11,88,0,0,5,4,3,18,1,1,3,0,2,0,6,16,13,0,1,0,71,10,7,3,48,0,15,5,18,1,3,0,0,21,2,9,14493,11523,13205,467,649,1281,13,49,15,19,246,9,16,17,78724,16343,1315,10,131,113,19,173,27,52,26,25,13,4,7446,111,16,88,8715,392,84,9,109,572,87,224,165,2,69,0,22,365,14740,60,869,143
2,4,0,10,1,2,13,3,5,49,3,4,5,29,21,121,0,1,14,9,13,47,0,1,7,0,4,1,9,33,27,1,3,0,53,48,38,3,76,0,69,32,41,3,8,0,2,14,2,5,310,454,5455,36,95,331,105,125,32,50,342,40,36,106,16343,36486,3039,38,296,303,70,245,42,88,403,115,47,17,1711,737,57,398,11126,5962,775,54,323,644,8999,748,276,12,157,4,62,174,893,76,1960,2572
2,8,4,37,5,3,24,2,9,141,3,3,1,79,57,261,1,1,62,9,34,92,0,3,3,0,2,0,32,126,71,2,3,2,131,88,121,1,214,0,136,81,102,0,2,0,2,36,7,21,191,158,5302,51,380,3315,28,104,362,119,1301,93,22,40,1315,3039,32070,121,8699,205,236,263,133,102,626,9,22,5,277,7368,10,131,593,8359,85,9,848,6740,147,151,691,3,52,1,17,648,256,78,1365,210
0,0,0,0,0,0,1,18,32,16,9,14,3,0,0,2,14,4,28,6,30,7,0,6,1,1,0,0,0,0,5,0,4,0,1,2,27,0,3,0,2,5,4,0,2,0,1,0,1,1,0,3,10,0,2,5,837,6796,2274,968,523,1141,3639,9510,10,38,121,10883,826,242,10672,570,170,58,618,23,35,16,5,3281,51,1097,12,35,264,29,801,33,47,89,18,6,17,8,120,1,2,1,86,102
0,2,1,3,1,2,2,14,23,118,6,8,16,18,15,66,16,8,155,16,98,43,1,6,12,1,3,0,24,41,48,1,10,1,21,53,122,0,68,2,69,46,63,3,3,0,2,5,0,13,6,21,225,7,36,84,112,456,3965,3436,1203,501,172,193,131,296,8699,826,18162,731,1448,486,5032,593,1571,24,129,8,49,3986,25,411,127,479,185,16,2847,6006,154,162,1483,7,114,4,57,73,30,36,566,252
0,0,0,0,0,0,0,191,358,5,12,21,145,1,1,4,4,1,13,450,5,16,12,4,234,3,53,1,1,2,2,14,63,1,3,11,23,13,7,0,2,0,5,9,62,0,8,0,0,2,12,3,112,0,4,16,4267,4050,348,3111,70,419,1909,2087,113,303,205,242,731,17034,145,1139,526,4971,113,72,1821,21,51,589,70,6014,87,304,3739,56,891,78,131,2172,25,7,387,21,214,12,21,3,92,55
0,0,0,1,0,0,0,30,39,59,19,14,12,2,1,12,27,16,86,11,65,17,0,5,11,2,9,1,2,5,17,7,2,0,2,8,80,1,12,2,7,10,12,6,6,0,4,0,0,4,5,14,26,5,3,19,32,249,465,775,3543,5677,6686,1704,19,70,236,10672,1448,145,31054,2503,860,224,2939,86,107,127,30,2031,336,2286,75,88,128,177,2135,227,246,111,214,18,182,59,860,12,2,14,1152,4113
0,1,0,3,0,0,3,15,33,16,3,10,7,3,5,32,0,2,19,67,10,29,19,6,74,44,89,10,6,13,12,82,33,34,12,10,17,62,25,34,12,15,13,136,60,1,42,0,1,2,77,411,313,160,49,327,77,813,353,820,1890,7022,8385,450,173,245,263,570,486,1139,2503,40474,234,2274,265,299,1736,1968,3515,256,495,3660,949,91,638,1298,408,213,174,1609,134,252,2730,6771,10212,49,97,4543,3077,300
0,0,0,2,0,0,1,7,15,15,1,2,5,2,0,6,2,2,12,18,17,7,4,4,32,5,7,1,1,5,6,3,11,1,1,5,17,4,5,6,4,5,8,3,12,1,1,1,0,1,7,6,55,3,11,28,49,106,124,14726,398,151,163,114,27,42,133,170,5032,526,860,234,7663,4793,364,50,903,23,13,257,68,463,31,37,90,29,5886,4317,57,129,2822,104,463,4,92,43,8,14,234,145
0,0,0,0,0,0,1,59,213,2,9,47,111,3,1,3,3,0,19,502,9,37,29,13,626,39,158,15,2,2,3,92,162,19,2,5,14,86,5,22,1,2,1,105,214,8,31,0,0,2,4,1,69,1,31,15,26,133,62,5253,69,183,1099,188,52,88,102,58,593,4971,224,2274,4793,19151,79,396,16314,207,27,97,521,4725,51,65,920,379,942,236,110,1516,977,887,3698,48,1002,182,22,5,101,90
0,2,1,4,1,0,0,12,20,87,13,4,4,3,6,29,13,10,94,4,51,26,1,8,4,0,5,0,11,17,35,2,0,1,7,23,82,1,25,0,25,21,33,1,3,0,2,0,0,9,2,10,35,3,5,21,41,56,768,100,516,170,369,352,26,403,626,618,1571,113,2939,265,364,79,14684,64,32,32,75,13211,108,911,366,1589,263,90,1456,267,5602,101,327,7,63,6,168,11,9,11,1629,3557
0,0,0,0,0,0,0,1,12,4,1,9,2,2,1,0,0,0,2,9,2,33,40,8,31,233,227,21,2,0,2,243,42,74,1,1,1,88,4,117,1,0,1,459,59,11,159,0,0,0,2,3,14,0,1,2,10,47,9,28,22,5,21,21,25,115,9,23,24,72,86,299,50,396,64,17227,1975,125,44,55,5680,1175,144,42,4582,4676,40,12,143,7112,43,151,6073,28,485,24,9,4,222,117
0,0,0,0,0,2,0,62,372,12,11,56,101,5,3,2,1,2,13,378,6,70,88,26,818,247,675,88,2,1,2,362,183,102,0,6,7,201,26,207,1,3,5,572,307,10,166,0,0,4,6,2,24,1,19,4,48,57,13,2952,39,100,494,173,13,47,22,35,129,1821,107,1736,903,16314,32,1975,22954,775,17,32,1432,2571,31,26,1179,920,549,74,34,2106,573,5505,13014,120,2162,211,6,5,46,30
0,0,0,0,0,0,0,0,3,0,0,0,0,0,0,0,0,0,0,1,0,3,1,1,5,6,25,157,0,2,0,12,1,36,1,1,2,1,0,258,0,0,0,32,3,3,19,0,0,0,1,3,7,0,1,4,0,17,5,10,29,23,40,7,4,17,5,16,8,21,127,1968,23,207,32,125,775,44982,2260,13,221,130,89,8,86,11331,97,7,39,141,75,9854,1445,13597,2637,30,8,357,115,49
0,0,0,5,0,0,4,0,1,18,0,2,1,15,6,41,0,1,8,0,6,17,0,0,0,1,1,0,5,21,13,2,0,0,29,14,15,1,35,3,21,17,10,2,2,0,0,4,1,3,451,826,593,270,84,307,9,10,5,7,113,10,14,17,7446,1711,277,5,49,51,30,3515,13,27,75,44,17,2260,188952,44,31,111,30934,288,168,313,122,220,446,181,95,91,99,768,201,54,18826,20523,3430,161
0,5,1,4,0,0,3,18,16,87,10,8,9,10,4,51,3,7,116,15,102,36,0,11,11,1,4,1,21,31,41,3,7,0,17,43,85,1,54,0,59,33,72,4,3,0,3,1,0,13,1,6,103,2,5,20,384,1279,3175,255,335,179,775,1435,111,737,7368,3281,3986,589,2031,256,257,97,13211,55,32,13,44,10044,60,1280,150,3310,793,45,923,334,1634,316,167,4,64,5,95,20,13,17,320,139
0,1,0,0,0,0,0,1,13,1,0,7,1,0,0,0,0,0,0,7,2,19,27,3,16,119,146,32,1,0,0,174,29,89,0,1,2,33,1,91,0,2,0,287,25,10,110,0,0,0,3,1,17,0,1,1,4,44,11,40,47,24,50,20,16,57,10,51,25,70,336,495,68,521,108,5680,1432,221,31,60,12630,1882,85,25,1256,4003,47,10,116,1196,58,198,4374,99,7969,24,5,5,177,141
0,0,0,0,0,0,0,109,164,8,10,37,91,0,2,5,3,0,25,401,7,29,31,14,285,53,153,0,1,3,7,95,102,10,0,6,17,66,8,10,4,3,3,114,119,2,41,1,0,3,9,9,88,2,7,15,570,952,183,1588,276,634,6053,4205,88,398,131,1097,411,6014,2286,3660,463,4725,911,1175,2571,130,111,1280,1882,28419,368,208,14538,584,567,58,835,2893,79,50,2365,64,4551,19,12,12,823,603
0,3,0,7,2,0,10,1,1,45,1,0,1,12,12,81,0,0,17,6,11,28,1,0,12,1,5,0,6,31,17,1,1,1,43,25,39,4,63,0,34,26,32,5,5,0,0,10,2,7,357,1182,1097,442,113,505,29,30,9,21,192,20,28,48,8715,11126,593,12,127,87,75,949,31,51,366,144,31,89,30934,150,85,368,95218,896,518,82,194,448,2320,516,226,19,166,37,91,105,2060,12526,34296,1413
1,3,2,13,3,5,5,0,4,94,3,2,0,56,25,168,2,1,51,7,28,86,0,5,5,0,2,0,26,95,65,3,1,0,71,96,84,2,166,0,99,60,82,0,6,0,0,8,5,21,16,14,545,7,44,96,66,182,64,55,134,18,35,102,392,5962,8359,35,479,304,88,91,37,65,1589,42,26,8,288,3310,25,208,896,11830,363,24,479,693,6565,255,359,0,47,1,31,106,69,13,637,308
0,0,0,0,0,0,0,47,153,6,7,23,71,1,0,6,3,1,14,381,4,28,29,9,334,20,91,3,0,2,0,47,114,5,1,3,11,54,10,4,1,1,3,34,123,2,21,0,0,2,7,1,49,4,2,10,490,685,155,207,40,59,241,226,84,775,85,264,185,3739,128,638,90,920,263,4582,1179,86,168,793,1256,14538,518,363,10009,571,128,13,669,4564,30,34,1140,14,478,6,27,10,515,271
0,0,0,0,0,0,0,0,5,0,0,3,1,0,0,0,0,0,0,6,1,22,14,0,8,56,48,234,2,1,0,87,12,348,0,0,3,13,4,719,0,1,0,271,20,18,187,0,0,0,0,6,4,0,6,5,3,35,8,33,38,34,45,11,9,54,9,29,16,56,177,1298,29,379,90,4676,920,11331,313,45,4003,584,82,24,571,25860,31,10,60,892,32,4799,8920,5856,6684,14,5,104,161,108
1,7,0,10,1,0,5,141,476,221,33,69,54,19,13,127,42,33,251,36,310,75,3,65,22,2,5,1,26,65,72,9,18,1,40,117,890,4,164,6,107,74,116,3,12,0,3,10,1,38,23,54,138,12,95,97,657,1764,687,11817,1381,641,446,667,109,323,848,801,2847,891,2135,408,5886,942,1456,40,549,97,122,923,47,567,194,479,128,31,5407,3077,598,78,8578,339,243,10,81,1135,34,69,1238,549
2,14,1,40,9,8,32,3,4,118,4,1,2,81,45,288,3,3,65,7,34,96,2,4,6,0,1,0,22,115,71,2,3,0,189,89,111,1,208,0,107,89,106,1,2,0,0,35,3,22,239,179,1036,65,1770,1757,1,14,28,95,1104,63,18,16,572,644,6740,33,6006,78,227,213,4317,236,267,12,74,7,220,334,10,58,448,693,13,10,3077,20633,135,41,13473,14,59,1,15,6945,266,62,989,190
0,1,0,4,0,0,0,3,4,31,2,2,2,8,4,41,0,2,15,4,3,36,1,1,10,0,2,2,4,40,23,2,3,0,11,27,50,2,19,0,45,15,10,1,4,0,0,1,0,1,1,19,40,6,3,15,52,25,20,30,172,55,86,181,87,8999,147,47,154,131,246,174,57,110,5602,143,34,39,446,1634,116,835,2320,6565,669,60,598,135,35250,223,208,5,84,7,122,12,34,24,4475,12035
0,0,0,0,0,0,0,8,50,4,5,42,17,4,2,2,1,0,12,160,5,38,82,27,299,177,404,13,1,4,2,257,126,51,3,3,6,180,17,40,2,3,2,410,273,7,108,0,1,2,26,13,217,1,9,40,77,206,57,118,64,85,183,23,224,748,151,89,162,2172,111,1609,129,1516,101,7112,2106,141,181,316,1196,2893,516,255,4564,892,78,41,223,24546,117,113,13889,27,1169,64,67,11,266,122
4,3,2,12,3,1,10,1,3,67,3,0,1,35,31,155,0,0,21,1,20,62,1,0,0,5,4,3,20,57,41,2,3,1,103,50,82,1,134,12,68,51,61,5,1,1,1,17,2,23,116,51,248,16,1036,639,1,4,18,71,710,55,8,11,165,276,691,18,1483,25,214,134,2822,977,327,43,573,75,95,167,58,79,226,359,30,32,8578,13473,208,117,28815,341,447,5,53,14537,313,38,696,202
0,0,0,0,0,0,0,0,2,0,0,1,0,0,0,0,0,0,0,1,0,12,2,3,7,18,57,713,1,0,0,26,4,260,0,0,3,7,7,1409,1,0,0,131,5,9,99,0,0,0,0,0,0,0,12,0,0,1,2,21,4,3,3,0,2,12,3,6,7,7,18,252,104,887,7,151,5505,9854,91,4,198,50,19,0,34,4799,339,14,5,113,341,25939,8674,620,492,100,3,10,25,4
0,0,0,0,0,0,0,2,28,1,0,25,8,2,2,1,2,1,4,57,2,69,46,17,144,224,382,219,1,1,0,353,64,378,1,1,8,153,11,701,2,3,5,720,170,28,342,1,0,1,3,2,50,4,31,20,7,59,8,189,68,97,212,31,69,157,52,17,114,387,182,2730,463,3698,63,6073,13014,1445,99,64,4374,2365,166,47,1140,8920,243,59,84,13889,447,8674,42229,379,3686,189,25,17,168,82
0,0,0,0,0,0,0,0,1,1,0,0,1,0,0,0,0,0,0,0,0,2,3,0,0,2,7,48,0,0,0,8,1,29,0,0,1,0,0,81,0,0,0,14,0,2,13,0,0,0,0,2,2,1,1,1,0,17,1,8,27,38,35,4,0,4,1,8,4,21,59,6771,4,48,6,28,120,13597,768,5,99,64,37,1,14,5856,10,1,7,27,5,620,379,12061,6629,0,0,260,40,14
0,0,0,1,0,0,0,1,11,2,1,10,4,0,1,0,0,0,1,19,5,31,35,7,39,138,185,75,1,0,0,193,33,127,1,3,2,68,8,221,1,1,2,390,49,3,143,0,0,0,1,4,14,0,4,3,8,83,19,94,181,245,517,41,22,62,17,120,57,214,860,10212,92,1002,168,485,2162,2637,201,95,7969,4551,91,31,478,6684,81,15,122,1169,53,492,3686,6629,22971,23,11,63,223,147
8,58,18,143,16,66,250,2,3,23,0,0,3,112,91,321,1,0,4,0,1,37,1,0,0,2,3,0,10,44,49,1,1,2,327,22,33,0,154,4,48,32,69,1,1,0,0,275,10,10,995,188,462,917,3741,906,1,2,2,13,143,11,1,1,365,174,648,1,73,12,12,49,43,182,11,24,211,30,54,20,24,19,105,106,6,14,1135,6945,12,64,14537,100,189,0,23,7363,814,9,134,17
1,1,1,9,2,7,18,0,1,3,0,0,1,4,5,19,0,0,3,0,3,4,0,0,2,0,0,0,0,3,2,1,0,0,13,6,4,0,11,0,4,2,3,1,0,0,0,14,1,1,7811,1304,1307,334,2531,335,3,5,3,4,86,0,2,1,14740,893,256,2,30,21,2,97,8,22,9,9,6,8,18826,13,5,12,2060,69,27,5,34,266,34,67,313,3,25,0,11,814,40499,85,430,27
0,1,0,0,0,0,0,1,0,6,1,0,1,1,1,8,0,0,4,0,1,2,0,0,1,0,0,1,1,4,0,0,0,1,3,1,4,0,5,1,3,5,4,0,0,0,0,1,0,0,18,127,115,44,13,121,0,3,1,2,19276,9,3,0,60,76,78,1,36,3,14,4543,14,5,11,4,5,357,20523,17,5,12,12526,13,10,104,69,62,24,11,38,10,17,260,63,9,85,44488,4540,69
0,2,1,4,4,0,3,6,18,81,9,5,6,20,13,107,3,11,93,6,49,48,1,9,4,3,1,0,24,52,61,4,5,2,50,63,78,2,97,1,86,54,70,5,4,1,1,8,1,16,244,1047,1706,354,157,1220,17,14,29,59,38603,174,120,86,869,1960,1365,86,566,92,1152,3077,234,101,1629,222,46,115,3430,320,177,823,34296,637,515,161,1238,989,4475,266,696,25,168,40,223,134,430,4540,38791,17113
0,0,0,0,0,1,0,3,6,25,4,3,4,6,1,14,5,2,36,3,9,12,0,2,5,2,1,1,4,7,7,2,0,1,9,8,26,3,8,0,15,12,7,3,2,0,0,1,0,1,15,57,278,6,8,121,6,6,19,39,2715,174,131,71,143,2572,210,102,252,55,4113,300,145,90,3557,117,30,49,161,139,141,603,1413,308,271,108,549,190,12035,122,202,4,82,14,147,17,27,69,17113,31326
