23842,7033,10461,1304,14564,2956,373,0,3,340,18,0,0,21729,520,176,1,7,3,10,2,368,1,1,2,0,2,0,242,287,13,15,13,1,54,8,25,0,28,0,141,428,10,1,0,0,0,59,975,15,5,16,5,6,9,24,1,0,0,0,2,0,0,0,8,1,13,0,2,2,0,1,1,0,0,0,0,0,1,0,0,1,2,1,0,0,1,32,2,0,7,0,0,0,0,68,4,1,2,0
7033,14357,4407,14680,390,354,875,0,0,641,28,0,0,6160,5192,58,0,2,0,2,0,171,0,1,0,0,2,1,35,54,2,2,2,0,47,5,13,0,8,0,37,270,3,0,0,1,0,117,49,15,19,41,4,15,49,93,0,0,0,0,0,0,0,0,18,1,18,0,0,2,0,3,0,0,2,0,0,0,2,1,0,0,0,1,0,0,3,42,0,0,12,0,0,0,0,156,12,1,3,1
10461,4407,18999,7196,6340,5619,10627,0,0,446,12,0,0,587,175,14,0,0,0,1,0,122,0,0,0,0,1,0,29,40,2,0,1,0,19,5,10,0,11,0,30,194,2,0,0,0,0,213,58,4,111,630,3,1321,80,169,0,0,0,0,2,1,0,0,13,1,9,0,0,1,0,0,1,0,0,0,0,0,5,0,0,0,3,1,0,0,1,22,1,0,2,0,0,0,0,141,17,0,1,0
1304,14680,7196,40205,465,1036,14239,20,43,1876,242,15,18,2192,13853,5558,9,42,36,208,25,301,19,36,35,1,19,0,69,190,226,63,74,1,583,139,133,13,115,4,64,890,797,3,1,2,1,1123,110,253,44,198,36,42,129,364,1,1,1,3,9,1,0,2,76,3,62,1,6,10,3,8,3,1,2,1,0,0,8,5,0,4,5,11,0,0,12,176,12,3,77,0,0,0,0,622,38,1,10,1
14564,390,6340,465,24495,26953,303,2,2,70,7,1,2,10021,245,156,3,4,1,16,0,215,0,14,1,2,7,0,220,335,9,16,7,1,75,4,47,2,80,1,107,235,13,1,0,1,0,656,1989,7,2,8,7,4,7,19,1,0,0,0,0,0,0,0,8,0,22,1,1,0,0,0,0,0,1,0,0,0,0,0,0,0,2,3,0,0,1,29,2,0,17,0,0,0,0,57,3,0,3,0
2956,354,5619,1036,26953,33911,22273,0,6,49,13,1,0,523,69,42,0,0,1,5,1,14,0,31,0,1,2,2,34,35,6,1,0,0,169,7,17,2,280,3,7,35,6,3,0,1,0,4318,1087,3,18,40,1,422,265,79,0,0,0,0,0,0,0,0,4,0,8,0,0,0,0,1,1,0,0,0,0,0,1,0,0,0,0,1,0,0,3,15,0,0,7,0,0,0,0,176,37,0,1,0
373,875,10627,14239,303,22273,27449,2,13,690,173,1,1,419,388,2987,1,13,5,16,17,110,5,35,11,1,4,0,29,41,125,7,16,1,2986,184,223,3,215,1,17,270,85,1,0,0,0,4019,61,50,47,185,43,235,221,437,2,0,1,0,6,0,1,1,91,3,84,1,7,4,1,7,4,1,2,0,0,0,13,1,0,2,9,10,0,0,10,211,8,0,85,0,0,0,0,845,50,10,8,1
0,0,0,20,2,0,2,20065,3790,87,1171,343,4521,15,116,770,797,8926,746,8610,82,539,264,1126,75,15,86,3,9,32,430,193,1722,6,11,64,1115,49,19,11,5,24,27,38,6,24,40,1,3,49,0,1,1,0,0,0,241,158,35,329,8,21,53,78,5,4,10,44,15,259,17,38,8,51,2,2,4,1,2,13,0,54,4,5,8,0,4,4,5,11,1,0,4,0,1,0,2,1,3,4
3,0,0,43,2,6,13,3790,46290,154,1486,1258,2096,9,119,455,784,647,3438,10784,212,906,925,18287,8790,53,3248,14,13,13,116,261,2535,16,91,1372,3617,158,220,45,3,30,76,113,18,51,114,36,7,44,2,0,4,0,0,5,296,186,41,395,10,21,70,81,12,4,11,59,23,490,45,51,12,131,8,5,8,0,2,16,1,154,12,4,42,2,7,4,9,38,1,0,7,1,6,2,0,2,5,3
340,641,446,1876,70,49,690,87,154,38715,4885,2556,566,419,1511,1396,967,1328,157,140,4990,2163,1183,171,72,89,104,9,87,78,631,292,593,17,893,849,915,58,1246,14,31784,44411,2031,115,1,157,229,108,50,17807,5,13,11,2,7,28,7,3,9,7,51,12,3,3,28,5,75,33,66,9,33,14,8,1,57,2,1,0,8,80,0,9,17,28,4,0,15,133,43,8,57,2,5,0,1,47,5,12,25,21
18,28,12,242,7,13,173,1171,1486,4885,7624,12326,3554,36,160,1283,4420,2457,732,518,2999,2807,5163,433,269,108,171,11,13,14,441,287,1757,39,295,901,755,85,676,13,6,189,328,153,2,203,324,36,9,106,1,2,2,0,3,4,17,12,14,27,34,10,9,2,6,0,26,28,61,35,22,11,7,4,29,1,0,0,3,47,0,14,6,5,1,2,7,31,9,8,21,0,5,0,3,5,1,4,18,6
0,0,0,15,1,1,1,343,1258,2556,12326,28205,24491,5,26,165,12273,2761,190,498,5956,584,5737,299,676,63,226,4,5,12,61,199,14376,12,16,195,350,73,88,9,56,373,254,86,10,113,212,1,0,98,0,0,0,0,0,0,9,1,5,9,6,0,4,6,1,1,4,6,14,29,4,8,0,12,2,3,3,0,0,6,0,13,0,1,7,0,0,2,0,9,0,0,4,0,1,0,1,0,1,2
0,0,0,18,2,0,1,4521,2096,566,3554,24491,16341,34,99,148,14648,7305,152,2483,682,299,1464,315,388,29,125,2,12,72,299,334,25220,8,17,101,407,65,54,8,7,151,107,43,44,55,275,1,7,341,0,0,0,0,1,0,53,36,8,80,3,6,5,12,4,1,6,20,9,52,13,11,4,12,4,4,0,0,1,13,0,17,1,3,7,0,1,1,1,10,0,0,2,0,1,0,0,3,1,3
21729,6160,587,2192,10021,523,419,15,9,419,36,5,34,69697,23396,517,4,202,6,116,27,1491,24,12,25,8,13,1,4130,26061,374,202,245,4,180,65,177,23,158,1,2133,5433,392,12,4,8,14,147,14564,2050,8,39,21,12,19,64,0,0,1,1,7,0,0,1,37,6,51,3,5,1,1,2,1,2,2,1,0,0,5,4,0,2,4,8,0,0,7,109,12,0,47,0,0,0,0,122,5,3,8,1
520,5192,175,13853,245,69,388,116,119,1511,160,26,99,23396,49992,2947,29,356,138,946,93,315,77,42,71,8,42,3,524,3543,3488,427,558,6,654,386,328,58,240,1,434,1625,8611,23,6,6,17,181,575,11891,8,34,26,12,30,91,13,6,2,12,16,1,1,1,56,3,58,4,7,16,1,1,7,6,7,0,0,0,11,13,1,8,14,9,2,0,7,152,19,4,91,0,2,0,0,170,14,6,11,6
176,58,14,5558,156,42,2987,770,455,1396,1283,165,148,517,2947,29494,401,2027,2421,1340,431,299,108,172,65,13,20,2,46,134,8921,81,166,2,3933,2917,1056,35,588,1,36,464,2805,13,4,13,17,332,64,293,14,50,30,14,28,123,12,8,13,15,50,5,12,2,91,13,149,27,60,23,21,24,12,7,51,0,0,0,13,83,1,6,18,48,1,1,29,275,41,5,144,0,2,1,1,206,13,13,37,11
1,0,0,9,3,0,1,797,784,967,4420,12273,14648,4,29,401,19345,7686,503,43,16291,271,542,322,33,18,33,4,1,14,5569,53,329,4,17,120,360,21,35,2,3,37,230,22,4,42,51,0,0,28,0,0,1,0,0,0,3,13,22,11,9,7,4,3,2,1,4,21,18,3,22,2,0,1,4,0,1,0,1,13,1,1,0,0,1,0,2,1,1,1,1,0,1,1,0,0,0,0,4,4
7,2,0,42,4,0,13,8926,647,1328,2457,2761,7305,202,356,2027,7686,6026,2856,1314,3911,226,731,764,86,32,76,5,46,442,5047,318,1460,10,128,713,1435,39,426,9,48,352,728,69,21,56,140,9,36,1826,0,2,2,0,1,1,7,40,83,49,65,33,17,8,5,1,28,98,108,25,86,10,11,5,38,0,3,0,3,90,1,8,7,6,6,0,12,15,9,6,4,0,1,0,1,2,0,7,14,13
3,0,0,36,1,1,5,746,3438,157,732,190,152,6,138,2421,503,2856,9800,588,167,202,116,698,100,12,21,0,4,9,1651,29,108,3,52,3154,846,13,75,2,2,24,51,12,1,14,15,0,0,21,0,0,1,0,0,0,5,6,22,11,16,13,6,3,1,0,6,29,45,16,24,6,3,1,22,1,0,0,1,54,0,5,2,1,1,0,7,14,3,4,2,0,0,0,0,1,0,2,10,4
10,2,1,208,16,5,16,8610,10784,140,518,498,2483,116,946,1340,43,1314,588,19713,57,456,1218,246,3957,215,895,19,25,115,1806,2542,20794,53,56,271,623,5975,62,34,12,90,218,409,8473,50,166,5,14,166,1,0,3,0,0,0,182,73,15,171,24,10,64,68,11,8,14,24,31,546,25,65,10,153,16,17,26,0,1,29,6,187,11,2,78,1,7,8,6,62,3,0,23,2,3,0,0,3,8,3
2,0,0,25,0,1,17,82,212,4990,2999,5956,682,27,93,431,16291,3911,167,57,41004,172,739,200,70,62,70,3,7,52,3742,204,481,15,222,665,719,62,675,11,11,881,9947,64,2,96,140,17,1,6347,0,0,0,1,0,4,0,2,6,0,7,4,1,2,2,0,6,15,39,3,6,2,2,1,15,1,0,0,0,25,0,5,2,1,1,0,8,16,1,5,4,0,1,0,0,1,2,1,7,5
368,171,122,301,215,14,110,539,906,2163,2807,584,299,1491,315,299,271,226,202,456,172,23056,4668,87,283,561,346,901,7226,669,141,550,309,639,129,180,359,222,265,369,29609,3286,89,822,5,7853,1177,18,557,88,2,8,10,0,1,20,6,7,6,10,18,4,3,1,31,4,61,9,32,10,16,8,4,6,28,3,7,1,3,31,4,4,11,24,1,1,10,93,26,7,42,3,20,0,5,27,3,5,8,9
1,0,0,19,0,0,5,264,925,1183,5163,5737,1464,24,77,108,542,731,116,1218,739,4668,22563,113,2470,820,1873,116,51,37,68,2534,20415,253,13,97,138,1015,57,151,4,206,74,1359,45,3936,6012,7,2,175,0,0,0,0,0,1,11,5,4,4,4,3,5,1,0,2,2,1,5,33,3,17,1,52,3,29,14,0,2,0,13,76,1,0,20,4,2,3,1,120,0,8,50,1,6,1,1,0,4,1
1,1,0,36,14,31,35,1126,18287,171,433,299,315,12,42,172,322,764,698,246,200,87,113,5387,734,18,279,7,6,8,114,55,203,13,337,8399,13348,42,5638,44,3,31,73,39,1,10,17,193,11,19,0,2,2,0,1,2,47,49,16,93,12,8,16,12,3,2,13,26,14,39,10,10,4,16,8,1,1,0,2,10,0,21,3,1,8,0,2,8,0,13,1,1,5,1,1,3,3,1,5,2
2,0,0,35,1,0,11,75,8790,72,269,676,388,25,71,65,33,86,100,3957,70,283,2470,734,17801,371,8521,35,9,33,43,1628,4502,180,21,200,72,6357,41,78,3,45,45,2329,104,103,482,9,8,50,1,1,1,0,0,0,2,1,1,24,7,2,4,1,6,5,1,2,6,74,3,94,5,177,2,78,129,0,1,2,27,245,4,1,83,8,1,3,3,358,2,4,148,2,24,0,1,1,3,1
0,0,0,1,2,1,1,15,53,89,108,63,29,8,8,13,18,32,12,215,62,561,820,18,371,13776,541,30,2,9,2,8849,226,7761,2,8,16,7637,11,217,3,25,9,5640,132,192,1780,2,0,17,0,0,0,0,0,0,0,0,0,4,0,1,0,1,1,0,1,0,3,3,2,64,6,52,0,134,116,6,0,0,72,46,2,0,2,45,0,1,2,130,1,74,461,6,81,0,0,0,0,0
2,2,1,19,7,2,4,86,3248,104,171,226,125,13,42,20,33,76,21,895,70,346,1873,279,8521,541,21756,880,7,24,28,983,1770,455,8,33,1065,643,460,7361,4,32,27,8972,179,152,790,170,11,50,0,0,0,0,1,1,32,73,2,78,5,6,8,1,4,3,4,7,16,40,9,112,17,204,2,200,409,20,3,3,107,256,5,0,61,59,6,1,1,655,3,289,621,15,89,3,3,4,7,4
0,1,0,0,0,2,0,3,14,9,11,4,2,1,3,2,4,5,0,19,3,901,116,7,35,30,880,54845,164,3,1,172,33,9410,0,1,104,24,43,25941,6,4,0,231,2,28967,7368,16,1,6,0,0,0,0,1,0,0,0,0,1,0,0,0,0,0,0,0,0,0,0,0,3,0,10,0,6,36,16,0,0,2,1,1,0,0,26,3,1,0,4,5,328,42,4,6,3,1,0,0,1
242,35,29,69,220,34,29,9,13,87,13,5,12,4130,524,46,1,46,4,25,7,7226,51,6,9,2,7,164,114478,14294,33,44,53,13,32,26,54,4,42,13,48297,2583,31,6,0,1021,16,15,10654,139,1,1,5,1,0,8,0,0,0,0,0,1,0,0,4,1,8,1,3,1,3,2,0,0,0,0,0,0,2,6,0,1,5,3,0,0,4,10,2,1,10,0,1,0,0,9,0,1,0,0
287,54,40,190,335,35,41,32,13,78,14,12,72,26061,3543,134,14,442,9,115,52,669,37,8,33,9,24,3,14294,37220,391,271,419,3,100,94,210,27,209,4,11844,17058,661,22,5,5,44,10,2858,4440,3,4,3,0,3,12,0,1,2,0,5,1,0,0,13,4,37,2,6,3,3,3,4,1,5,0,0,1,3,11,0,1,1,10,1,0,4,41,4,2,16,0,0,0,1,13,0,3,3,2
13,2,2,226,9,6,125,430,116,631,441,61,299,374,3488,8921,5569,5047,1651,1806,3742,141,68,114,43,2,28,1,33,391,26003,139,255,2,1221,1041,1174,36,1096,3,34,416,12431,10,2,4,11,121,45,1585,7,10,29,0,7,35,8,7,17,9,45,6,4,4,48,7,131,23,73,8,17,22,4,2,47,2,1,0,14,77,0,8,21,28,1,0,27,178,21,2,87,0,1,1,1,50,3,11,29,22
15,2,0,63,16,1,7,193,261,292,287,199,334,202,427,81,53,318,29,2542,204,550,2534,55,1628,8849,983,172,44,271,139,55858,10994,3051,18,40,46,11678,23,407,37,229,105,1912,3761,670,26968,4,46,385,0,0,0,0,0,0,0,0,1,8,5,0,1,0,4,2,2,1,6,10,5,45,9,54,0,69,97,9,0,1,51,65,2,0,15,29,0,3,2,237,2,61,258,3,51,1,0,2,0,3
13,2,1,74,7,0,16,1722,2535,593,1757,14376,25220,245,558,166,329,1460,108,20794,481,309,20415,203,4502,226,1770,33,53,419,255,10994,29950,70,22,136,199,5176,52,27,49,465,161,539,6134,312,11113,5,47,851,0,0,3,0,0,1,17,14,1,23,4,1,9,10,4,1,2,4,12,114,5,59,3,112,2,48,44,0,0,3,15,177,0,0,74,7,5,5,4,173,2,3,66,1,13,2,0,1,4,5
1,0,0,1,1,0,1,6,16,17,39,12,8,4,6,2,4,10,3,53,15,639,253,13,180,7761,455,9410,13,3,2,3051,70,27981,1,2,24,377,10,20440,1,6,1,4943,4,5623,21940,6,0,5,1,0,0,0,0,0,0,0,0,2,1,0,0,0,0,0,0,0,0,0,0,10,1,15,0,27,45,19,0,0,25,9,0,0,1,104,0,0,0,28,2,331,249,15,31,2,0,2,0,0
54,47,19,583,75,169,2986,11,91,893,295,16,17,180,654,3933,17,128,52,56,222,129,13,337,21,2,8,0,32,100,1221,18,22,1,4966,2584,1289,6,8450,3,34,371,772,2,0,2,0,6247,94,206,40,75,29,29,70,194,0,1,5,1,22,3,2,2,72,5,140,4,26,7,6,8,10,1,6,0,0,0,22,22,0,1,14,29,0,0,25,273,30,1,135,1,0,0,0,478,30,7,26,3
8,5,5,139,4,7,184,64,1372,849,901,195,101,65,386,2917,120,713,3154,271,665,180,97,8399,200,8,33,1,26,94,1041,40,136,2,2584,19134,2181,21,5886,3,19,253,619,16,4,10,19,39,22,173,2,7,10,2,4,24,11,5,17,8,35,12,3,3,27,5,79,14,74,22,16,7,5,3,49,1,1,0,7,58,0,9,7,19,2,0,25,105,22,4,57,0,0,0,0,14,3,11,21,13
25,13,10,133,47,17,223,1115,3617,915,755,350,407,177,328,1056,360,1435,846,623,719,359,138,13348,72,16,1065,104,54,210,1174,46,199,24,1289,2181,1496,12,10126,679,67,540,1253,156,1,20,42,450,54,289,0,11,22,0,5,25,171,272,183,474,164,90,90,68,42,29,187,391,289,221,293,74,59,68,135,4,9,1,28,145,3,137,47,48,20,3,242,335,122,12,140,10,7,1,6,34,5,30,72,39
0,0,0,13,2,2,3,49,158,58,85,73,65,23,58,35,21,39,13,5975,62,222,1015,42,6357,7637,643,24,4,27,36,11678,5176,377,6,21,12,7650,5,66,2,31,27,12347,9989,89,540,4,4,52,0,0,0,0,0,0,2,1,1,11,6,3,2,0,0,0,1,0,4,6,4,56,6,68,0,77,145,5,0,0,27,113,0,0,24,8,1,0,1,289,0,11,153,0,34,1,0,0,2,1
28,8,11,115,80,280,215,19,220,1246,676,88,54,158,240,588,35,426,75,62,675,265,57,5638,41,11,460,43,42,209,1096,23,52,10,8450,5886,10126,5,57399,349,48,503,933,129,1,8,16,13955,382,342,18,35,25,4,23,89,2,1,3,3,24,5,1,2,61,2,126,5,34,4,6,12,7,2,15,0,2,0,12,29,0,6,8,16,0,1,33,159,23,4,73,5,1,1,0,186,14,9,12,8
0,0,0,4,1,3,1,11,45,14,13,9,8,1,1,1,2,9,2,34,11,369,151,44,78,217,7361,25941,13,4,3,407,27,20440,3,3,679,66,349,50461,0,3,3,10716,1,2878,2933,137,7,4,0,0,0,0,3,1,0,0,1,6,1,0,0,0,0,0,0,0,2,0,0,39,10,78,0,95,217,189,2,0,68,9,2,0,3,621,25,0,0,78,17,3127,923,67,89,16,0,0,2,0
141,37,30,64,107,7,17,5,3,31784,6,56,7,2133,434,36,3,48,2,12,11,29609,4,3,3,3,4,6,48297,11844,34,37,49,1,34,19,67,2,48,0,70878,9283,33,4,1,19,5,4,856,226,2,1,0,0,0,6,0,0,0,0,0,0,0,0,3,0,10,0,4,1,1,1,1,0,5,0,0,0,1,3,0,1,2,0,0,0,0,7,4,0,7,0,0,0,0,9,1,1,0,2
428,270,194,890,235,35,270,24,30,44411,189,373,151,5433,1625,464,37,352,24,90,881,3286,206,31,45,25,32,4,2583,17058,416,229,465,6,371,253,540,31,503,3,9283,17253,1285,38,7,29,113,50,1125,5474,2,6,8,1,7,23,1,1,5,3,23,3,2,0,31,3,76,5,39,6,16,10,5,0,30,1,3,0,10,30,1,4,8,28,1,0,7,110,28,2,52,0,2,0,1,37,5,11,24,8
10,3,2,797,13,6,85,27,76,2031,328,254,107,392,8611,2805,230,728,51,218,9947,89,74,73,45,9,27,0,31,661,12431,105,161,1,772,619,1253,27,933,3,33,1285,41270,16,2,6,19,89,28,12281,6,8,14,1,4,38,7,0,2,3,23,4,1,2,40,7,138,2,29,10,7,18,4,3,8,2,2,0,11,42,0,3,18,29,1,0,22,135,25,0,56,0,0,0,0,33,8,11,19,13
1,0,0,3,1,3,1,38,113,115,153,86,43,12,23,13,22,69,12,409,64,822,1359,39,2329,5640,8972,231,6,22,10,1912,539,4943,2,16,156,12347,129,10716,4,38,16,35783,13,496,2188,43,5,56,0,0,0,0,0,0,1,3,1,22,5,4,3,0,3,2,0,2,3,6,7,132,11,154,3,299,310,38,2,1,166,141,2,0,15,214,2,1,1,427,5,607,1363,33,141,1,0,1,6,3
0,0,0,1,0,0,0,6,18,1,2,10,44,4,6,4,4,21,1,8473,2,5,45,1,104,132,179,2,0,5,2,3761,6134,4,0,4,1,9989,1,1,1,7,2,13,3054,1,15,0,0,6,0,0,0,0,0,0,0,1,0,0,0,0,0,0,0,0,0,0,1,3,0,4,0,10,0,1,2,0,0,0,0,14,0,0,7,0,0,0,0,8,0,0,3,0,0,0,0,0,0,0
0,1,0,2,1,1,0,24,51,157,203,113,55,8,6,13,42,56,14,50,96,7853,3936,10,103,192,152,28967,1021,5,4,670,312,5623,2,10,20,89,8,2878,19,29,6,496,1,19611,22987,0,2,25,0,0,0,0,0,0,0,0,1,0,0,0,0,0,0,0,0,0,1,1,0,1,0,4,0,3,3,0,0,1,3,6,0,0,0,2,0,0,0,4,1,12,19,0,0,0,0,0,0,0
0,0,0,1,0,0,0,40,114,229,324,212,275,14,17,17,51,140,15,166,140,1177,6012,17,482,1780,790,7368,16,44,11,26968,11113,21940,0,19,42,540,16,2933,5,113,19,2188,15,22987,80175,10,2,122,0,0,0,0,0,0,0,0,0,0,0,1,0,0,0,0,0,2,2,6,1,13,1,22,1,31,29,9,0,0,18,33,0,0,10,22,0,1,0,93,0,66,146,2,24,0,0,0,0,0
59,117,213,1123,656,4318,4019,1,36,108,36,1,1,147,181,332,0,9,0,5,17,18,7,193,9,2,170,16,15,10,121,4,5,6,6247,39,450,4,13955,137,4,50,89,43,0,0,10,10283,676,18,75,303,25,118,529,504,0,0,0,2,4,0,0,0,53,3,41,0,1,0,2,4,13,1,0,0,1,0,15,1,0,0,2,1,0,0,9,148,3,1,47,3,3,1,0,996,113,5,3,1
975,49,58,110,1989,1087,61,3,7,50,9,0,7,14564,575,64,0,36,0,14,1,557,2,11,8,0,11,1,10654,2858,45,46,47,0,94,22,54,4,382,7,856,1125,28,5,0,2,2,676,10772,129,2,5,2,0,6,7,0,0,0,1,0,0,0,0,4,1,12,0,1,1,1,0,0,0,4,0,0,0,1,2,0,1,0,1,0,0,3,17,2,0,10,0,0,0,0,22,0,1,1,0
15,15,4,253,7,3,50,49,44,17807,106,98,341,2050,11891,293,28,1826,21,166,6347,88,175,19,50,17,50,6,139,4440,1585,385,851,5,206,173,289,52,342,4,226,5474,12281,56,6,25,122,18,129,17128,1,1,2,0,0,5,0,1,1,1,8,2,2,0,4,2,14,4,8,1,4,6,0,0,6,1,3,0,0,8,0,1,4,6,1,0,6,25,7,3,14,0,2,0,0,5,1,0,5,3
5,19,111,44,2,18,47,0,2,5,1,0,0,8,8,14,0,0,0,1,0,2,0,0,1,0,0,0,1,3,7,0,0,1,40,2,0,0,18,0,2,2,6,0,0,0,0,75,2,1,33176,14052,1192,11364,10987,1075,2,9,6,1,66,6,2,2,8411,57,118,8,8,20,4,84,41,4,3,2,3,1,388,10,3,9,138,11,10,0,22,93,3,12,35,1,3,10,1,241,9341,113,82,9
16,41,630,198,8,40,185,1,0,13,2,0,0,39,34,50,0,2,0,0,0,8,0,2,1,0,0,0,1,4,10,0,0,0,75,7,11,0,35,0,1,6,8,0,0,0,0,303,5,1,14052,58955,6424,8838,853,5064,2,6,8,3,278,13,4,2,8609,50,201,11,14,41,12,348,6,6,12,1,2,2,633,14,5,13,465,6,7,0,45,186,13,11,31,0,3,13,3,565,1064,333,337,19
5,4,3,36,7,1,43,1,4,11,2,0,0,21,26,30,1,2,1,3,0,10,0,2,1,0,0,0,5,3,29,0,3,0,29,10,22,0,25,0,0,8,14,0,0,0,0,25,2,2,1192,6424,18625,31,67,2766,20,119,124,58,361,36,21,26,13648,2254,5393,140,136,471,67,294,19,18,70,28,13,3,515,254,15,109,572,227,37,4,154,360,96,84,68,2,16,9,7,117,1138,353,733,108
6,15,1321,42,4,422,235,0,0,2,0,0,0,12,12,14,0,0,0,0,1,0,0,0,0,0,0,0,1,0,0,0,0,0,29,2,0,0,4,0,0,1,1,0,0,0,0,118,0,0,11364,8838,31,41531,24207,14448,0,1,0,0,15,0,0,0,145,3,6,1,1,2,0,42,15,0,0,0,0,1,109,0,0,1,72,1,1,0,7,51,1,1,49,0,1,1,0,824,235,59,26,3
9,49,80,129,7,265,221,0,0,7,3,0,1,19,30,28,0,1,0,0,0,1,0,1,0,0,1,1,0,3,7,0,0,0,70,4,5,0,23,3,0,7,4,0,0,0,0,529,6,0,10987,853,67,24207,26402,5833,1,1,0,4,21,0,1,0,83,3,49,0,8,7,5,13,198,17,3,0,11,3,27,2,1,0,12,5,1,3,78,721,13,10,690,37,20,2,0,5286,3413,12,23,4
24,93,169,364,19,79,437,0,5,28,4,0,0,64,91,123,0,1,0,0,4,20,1,2,0,0,1,0,8,12,35,0,1,0,194,24,25,0,89,1,6,23,38,0,0,0,0,504,7,5,1075,5064,2766,14448,5833,15446,7,14,37,13,472,36,9,7,1486,45,1257,14,66,114,30,290,28,8,28,8,6,0,283,39,3,30,338,17,8,2,170,2923,32,20,298,3,2,7,6,2134,308,358,604,97
1,0,0,1,1,0,2,241,296,7,17,9,53,0,13,12,3,7,5,182,0,6,11,47,2,0,32,0,0,0,8,0,17,0,0,11,171,2,2,0,0,1,7,1,0,0,0,0,0,0,2,2,20,0,1,7,3704,6776,172,1526,19,96,128,3492,315,258,94,1925,53,10810,46,137,77,142,67,17,290,0,21,86,10,1428,142,52,171,3,793,8,229,13,8,0,7,6,12,7,8,9,75,52
0,0,0,1,0,0,0,158,186,3,12,1,36,0,6,8,13,40,6,73,2,7,5,49,1,0,73,0,0,1,7,0,14,0,1,5,272,1,1,0,0,1,0,3,1,0,0,0,0,1,9,6,119,1,1,14,6776,22439,4253,2990,133,930,1148,2398,768,488,267,9554,184,8073,385,1383,158,61,156,57,121,6,61,333,16,604,156,174,99,11,1640,36,249,182,19,7,25,37,30,6,28,38,100,44
0,0,0,1,0,0,1,35,41,9,14,5,8,1,2,13,22,83,22,15,6,6,4,16,1,0,2,0,0,2,17,1,1,0,5,17,183,1,3,1,0,5,2,1,0,1,0,0,0,1,6,8,124,0,0,37,172,4253,6351,4971,342,1150,550,192,211,184,769,3211,4158,748,1647,791,152,31,805,16,9,8,27,5870,10,286,46,168,26,6,1006,72,132,48,54,1,30,38,22,3,22,25,76,88
0,0,0,3,0,0,0,329,395,7,27,9,80,1,12,15,11,49,11,171,0,10,4,93,24,4,78,1,0,0,9,8,23,2,1,8,474,11,3,6,0,3,3,22,0,0,0,2,1,1,1,3,58,0,4,13,1526,2990,4971,41940,134,637,1386,1210,36,30,208,1145,6440,5499,483,1114,11288,9431,70,38,3983,11,18,250,25,1153,28,23,70,16,7097,161,51,203,53,88,379,31,61,7,4,10,53,40
2,0,2,9,0,0,6,8,10,51,34,6,3,7,16,50,9,65,16,24,7,18,4,12,7,0,5,0,0,5,45,5,4,1,22,35,164,6,24,1,0,23,23,5,0,0,0,4,0,8,66,278,361,15,21,472,19,133,342,134,30064,3743,1793,60,317,156,1661,501,1079,150,3821,2436,212,107,262,80,51,31,464,583,60,294,387,137,40,51,1590,948,186,240,464,21,155,217,124,90,48,19234,18444,3757
0,0,1,1,0,0,0,21,21,12,10,0,6,0,1,5,7,33,13,10,4,4,3,8,2,1,6,0,1,1,6,0,1,0,3,12,90,3,5,0,0,3,4,4,0,0,1,0,0,2,6,13,36,0,0,36,96,930,1150,637,3743,6579,7107,92,36,33,320,1285,653,326,4110,7947,60,110,126,33,33,10,34,293,10,370,61,19,48,24,358,129,67,128,67,6,73,158,84,5,7,123,405,248
0,0,0,0,0,0,1,53,70,3,9,4,5,0,1,12,4,17,6,64,1,3,5,16,4,0,8,0,0,0,4,1,9,0,2,3,90,2,1,0,0,2,1,3,0,0,0,0,0,2,2,4,21,0,1,9,128,1148,550,1386,1793,7107,17368,8120,83,153,131,6584,309,2004,7458,6857,61,506,937,53,244,12,43,523,34,5013,187,62,187,28,387,45,378,163,21,1,74,130,189,3,6,54,261,289
0,0,0,2,0,0,1,78,81,3,2,6,12,1,1,2,3,8,3,68,2,1,1,12,1,1,1,0,0,0,4,0,10,0,2,3,68,0,2,0,0,0,2,0,0,0,0,0,0,0,2,2,26,0,0,7,3492,2398,192,1210,60,92,8120,12327,172,205,95,8810,71,1244,367,400,63,148,282,18,110,2,46,283,36,5928,191,58,195,11,330,11,318,32,6,1,8,9,29,1,0,24,135,123
8,18,13,76,8,4,91,5,12,28,6,1,4,37,56,91,2,5,1,11,2,31,0,3,6,1,4,0,4,13,48,4,4,0,72,27,42,0,61,0,3,31,40,3,0,0,0,53,4,4,8411,8609,13648,145,83,1486,315,768,211,36,317,36,83,172,68614,9193,1794,1283,113,1354,231,489,27,38,475,207,49,5,3720,409,116,1371,17795,1035,672,33,358,499,1012,246,236,4,42,35,59,213,10222,424,875,309
1,1,1,3,0,0,3,4,4,5,0,1,1,6,3,13,1,1,0,8,0,4,2,2,5,0,3,0,1,4,7,2,1,0,5,5,29,0,2,0,0,3,7,2,0,0,0,3,1,2,57,50,2254,3,3,45,258,488,184,30,156,33,153,205,9193,32559,2945,1347,106,1076,344,272,10,36,987,107,39,1,505,756,52,1086,5107,5040,350,22,149,122,6456,114,40,1,21,12,44,29,161,200,3162,7462
13,18,9,62,22,8,84,10,11,75,26,4,6,51,58,149,4,28,6,14,6,61,2,13,1,1,4,0,8,37,131,2,2,0,140,79,187,1,126,0,10,76,138,0,0,0,0,41,12,14,118,201,5393,6,49,1257,94,267,769,208,1661,320,131,95,1794,2945,22963,948,5282,741,737,511,160,29,1809,28,29,1,358,7785,14,245,707,5488,52,6,955,2986,1612,74,350,6,16,7,12,234,205,505,1430,676
0,0,0,1,1,0,1,44,59,33,28,6,20,3,4,27,21,98,29,24,15,9,1,26,2,0,7,0,1,2,23,1,4,0,4,14,391,0,5,0,0,5,2,2,0,0,2,0,0,4,8,11,140,1,0,14,1925,9554,3211,1145,501,1285,6584,8810,1283,1347,948,17188,897,703,14136,739,166,39,3065,14,23,7,120,9190,5,1366,507,611,94,8,1335,83,1124,39,36,2,13,17,41,3,57,55,265,208
2,0,0,6,1,0,7,15,23,66,61,14,9,5,7,60,18,108,45,31,39,32,5,14,6,3,16,0,3,6,73,6,12,0,26,74,289,4,34,2,4,39,29,3,1,1,2,1,1,8,8,14,136,1,8,66,53,184,4158,6440,1079,653,309,71,113,106,5282,897,20438,1457,1829,437,6481,717,795,29,373,1,72,2139,11,284,143,102,20,12,4117,4609,162,151,1446,21,123,18,31,37,11,131,406,365
2,2,1,10,0,0,4,259,490,9,35,29,52,1,16,23,3,25,16,546,3,10,33,39,74,3,40,0,1,3,8,10,114,0,7,22,221,6,4,0,1,6,10,6,3,1,6,0,1,1,20,41,471,2,7,114,10810,8073,748,5499,150,326,2004,1244,1354,1076,741,703,1457,17483,205,2215,170,4386,280,427,1981,23,169,415,172,10064,509,458,7288,80,449,143,629,3272,39,9,399,74,235,10,66,89,339,197
0,0,0,3,0,0,1,17,45,33,22,4,13,1,1,21,22,86,24,25,6,16,3,10,3,2,9,0,3,3,17,5,5,0,6,16,293,4,6,0,1,16,7,7,0,0,1,2,1,4,4,12,67,0,5,30,46,385,1647,483,3821,4110,7458,367,231,344,737,14136,1829,205,17128,2190,198,107,5804,45,42,16,137,3719,41,1040,590,132,45,41,1379,330,940,162,208,9,107,140,137,14,15,157,1284,4845
1,3,0,8,0,1,7,38,51,14,11,8,11,2,1,24,2,10,6,65,2,8,17,10,94,64,112,3,2,3,22,45,59,10,8,7,74,56,12,39,1,10,18,132,4,1,13,4,0,6,84,348,294,42,13,290,137,1383,791,1114,2436,7947,6857,400,489,272,511,739,437,2215,2190,46584,169,1878,542,1244,998,964,3556,239,405,12950,1196,103,645,808,497,268,465,3166,125,248,2689,8263,8503,35,117,3832,2141,826
1,0,1,3,0,1,4,8,12,8,7,0,4,1,7,12,0,11,3,10,2,4,1,4,5,6,17,0,0,4,4,9,3,1,10,5,59,6,7,10,1,5,4,11,0,0,1,13,0,0,41,6,19,15,198,28,77,158,152,11288,212,60,61,63,27,10,160,166,6481,170,198,169,7107,3287,83,23,1255,16,23,89,24,173,20,8,13,34,7793,4881,32,162,3883,339,429,12,39,576,266,32,87,58
0,0,0,1,0,0,1,51,131,1,4,12,12,2,6,7,1,5,1,153,1,6,52,16,177,52,204,10,0,1,2,54,112,15,1,3,68,68,2,78,0,0,3,154,10,4,22,1,0,0,4,6,18,0,17,8,142,61,31,9431,107,110,506,148,38,36,29,39,717,4386,107,1878,3287,21099,38,235,16180,88,16,16,192,2819,75,4,191,197,818,145,43,2662,673,1757,6032,80,313,189,23,17,96,46
0,2,0,2,1,0,2,2,8,57,29,2,4,2,7,51,4,38,22,16,15,28,3,8,2,0,2,0,0,5,47,0,2,0,6,49,135,0,15,0,5,30,8,3,0,0,1,0,4,6,3,12,70,0,3,28,67,156,805,70,262,126,937,282,475,987,1809,3065,795,280,5804,542,83,38,16528,46,23,1,149,13008,22,968,828,1863,69,12,1044,348,10912,68,203,0,28,25,72,21,20,97,892,2743
0,0,0,1,0,0,0,2,5,2,1,3,4,1,0,0,0,0,1,17,1,3,29,1,78,134,200,6,0,0,2,69,48,27,0,1,4,77,0,95,0,1,2,299,1,3,31,0,0,1,2,1,28,0,0,8,17,57,16,38,80,33,53,18,207,107,28,14,29,427,45,1244,23,235,46,19942,377,202,30,9,11073,2260,86,42,1812,13015,17,5,114,10355,7,109,8588,206,1264,11,12,30,103,59
0,0,0,0,0,0,0,4,8,1,0,3,0,0,0,0,1,3,0,26,0,7,14,1,129,116,409,36,0,0,1,97,44,45,0,1,9,145,2,217,0,3,2,310,2,3,29,1,0,3,3,2,13,0,11,6,290,121,9,3983,51,33,244,110,49,39,29,23,373,1981,42,998,1255,16180,23,377,15263,170,18,7,186,1381,53,13,488,363,311,52,46,1998,324,7981,11337,158,320,168,25,16,44,26
0,0,0,0,0,0,0,1,0,0,0,0,0,0,0,0,0,0,0,0,0,1,0,0,0,6,20,16,0,1,0,9,0,19,0,0,1,5,0,189,0,0,0,38,0,0,9,0,0,0,1,2,3,1,3,0,0,6,8,11,31,10,12,2,5,1,1,7,1,23,16,964,16,88,1,202,170,67050,1073,1,190,60,49,0,6,16901,31,2,2,133,31,19585,1195,20917,919,16,13,135,19,10
1,2,5,8,0,1,13,2,2,8,3,0,1,5,11,13,1,3,1,1,0,3,2,2,1,0,3,0,2,3,14,0,0,0,22,7,28,0,12,2,1,10,11,2,0,0,0,15,1,0,388,633,515,109,27,283,21,61,27,18,464,34,43,46,3720,505,358,120,72,169,137,3556,23,16,149,30,18,1073,143036,41,38,390,27078,82,94,195,163,202,304,67,79,59,43,2721,86,41,16256,21683,2313,443
0,1,0,5,0,0,1,13,16,80,47,6,13,4,13,83,13,90,54,29,25,31,0,10,2,0,3,0,6,11,77,1,3,0,22,58,145,0,29,0,3,30,42,1,0,1,0,1,2,8,10,14,254,0,2,39,86,333,5870,250,583,293,523,283,409,756,7785,9190,2139,415,3719,239,89,16,13008,9,7,1,41,14390,5,489,105,3472,36,3,847,161,1254,19,66,2,6,6,19,10,19,84,238,209
0,0,0,0,0,0,0,0,1,0,0,0,0,0,1,1,1,1,0,6,0,4,13,0,27,72,107,2,0,0,0,51,15,25,0,0,3,27,0,68,0,1,0,166,0,3,18,0,0,0,3,5,15,0,1,3,10,16,10,25,60,10,34,36,116,52,14,5,11,172,41,405,24,192,22,11073,186,190,38,5,16248,5518,131,8,2080,8018,7,5,77,3050,4,127,1652,174,5987,3,8,43,119,69
1,0,0,4,0,0,2,54,154,9,14,13,17,2,8,6,1,8,5,187,5,4,76,21,245,46,256,1,1,1,8,65,177,9,1,9,137,113,6,9,1,4,3,141,14,6,33,0,1,1,9,13,109,1,0,30,1428,604,286,1153,294,370,5013,5928,1371,1086,245,1366,284,10064,1040,12950,173,2819,968,2260,1381,60,390,489,5518,40140,1570,203,15649,844,386,91,1395,5512,54,44,1410,173,7832,8,81,199,1190,889
2,0,3,5,2,0,9,4,12,17,6,0,1,4,14,18,0,7,2,11,2,11,1,3,4,2,5,1,5,1,21,2,0,0,14,7,47,0,8,2,2,8,18,2,0,0,0,2,0,4,138,465,572,72,12,338,142,156,46,28,387,61,187,191,17795,5107,707,507,143,509,590,1196,20,75,828,86,53,49,27078,105,131,1570,42194,271,352,55,381,332,1496,133,142,8,60,200,107,37,1263,7556,16628,3078
1,1,1,11,3,1,10,5,4,28,5,1,3,8,9,48,0,6,1,2,1,24,0,1,1,0,0,0,3,10,28,0,0,0,29,19,48,0,16,0,0,28,29,0,0,0,0,1,1,6,11,6,227,1,5,17,52,174,168,23,137,19,62,58,1035,5040,5488,611,102,458,132,103,8,4,1863,42,13,0,82,3472,8,203,271,11227,61,1,255,117,3886,63,89,2,14,2,11,44,54,67,275,246
0,0,0,0,0,0,0,8,42,4,1,7,7,0,2,1,1,6,1,78,1,1,20,8,83,2,61,0,0,1,1,15,74,1,0,2,20,24,0,3,0,1,1,15,7,0,10,0,0,1,10,7,37,1,1,8,171,99,26,70,40,48,187,195,672,350,52,94,20,7288,45,645,13,191,69,1812,488,6,94,36,2080,15649,352,61,6911,175,33,13,239,4103,6,5,155,23,211,4,35,46,126,85
0,0,0,0,0,0,0,0,2,0,2,0,0,0,0,1,0,0,0,1,0,1,4,0,8,45,59,26,0,0,0,29,7,104,0,0,3,8,1,621,0,0,0,214,0,2,22,0,0,0,0,0,4,0,3,2,3,11,6,16,51,24,28,11,33,22,6,8,12,80,41,808,34,197,12,13015,363,16901,195,3,8018,844,55,1,175,43504,26,4,29,592,43,5705,4559,16676,5313,30,8,43,45,29
1,3,1,12,1,3,10,4,7,15,7,0,1,7,7,29,2,12,7,7,8,10,2,2,1,0,6,3,4,4,27,0,5,0,25,25,242,1,33,25,0,7,22,2,0,0,0,9,3,6,22,45,154,7,78,170,793,1640,1006,7097,1590,358,387,330,358,149,955,1335,4117,449,1379,497,7793,818,1044,17,311,31,163,847,7,386,381,255,33,26,2494,4195,853,35,5934,489,80,27,32,716,54,301,761,645
32,42,22,176,29,15,211,4,4,133,31,2,1,109,152,275,1,15,14,8,16,93,3,8,3,1,1,1,10,41,178,3,5,0,273,105,335,0,159,0,7,110,135,1,0,0,1,148,17,25,93,186,360,51,721,2923,8,36,72,161,948,129,45,11,499,122,2986,83,4609,143,330,268,4881,145,348,5,52,2,202,161,5,91,332,117,13,4,4195,23842,486,30,13771,20,37,14,10,2746,131,273,709,311
2,0,1,12,2,0,8,5,9,43,9,0,1,12,19,41,1,9,3,6,1,26,1,0,3,2,1,0,2,4,21,2,4,0,30,22,122,1,23,0,4,28,25,1,0,0,0,3,2,7,3,13,96,1,13,32,229,249,132,51,186,67,378,318,1012,6456,1612,1124,162,629,940,465,32,43,10912,114,46,2,304,1254,77,1395,1496,3886,239,29,853,486,29206,118,337,4,43,27,92,219,47,196,2228,6844
0,0,0,3,0,0,0,11,38,8,8,9,10,0,4,5,1,6,4,62,5,7,120,13,358,130,655,4,1,2,2,237,173,28,1,4,12,289,4,78,0,2,0,427,8,4,93,1,0,3,12,11,84,1,10,20,13,182,48,203,240,128,163,32,246,114,74,39,151,3272,162,3166,162,2662,68,10355,1998,133,67,19,3050,5512,133,63,4103,592,35,30,118,24342,42,260,12179,227,1158,28,29,51,189,119
7,12,2,77,17,7,85,1,1,57,21,0,0,47,91,144,1,4,2,3,4,42,0,1,2,1,3,5,10,16,87,2,2,2,135,57,140,0,73,17,7,52,56,5,0,1,0,47,10,14,35,31,68,49,690,298,8,19,54,53,464,67,21,6,236,40,350,36,1446,39,208,125,3883,673,203,7,324,31,79,66,4,54,142,89,6,43,5934,13771,337,42,21073,794,227,14,10,10551,183,118,279,156
0,0,0,0,0,0,0,0,0,2,0,0,0,0,0,0,0,0,0,0,0,3,8,1,4,74,289,328,0,0,0,61,3,331,1,0,10,11,5,3127,0,0,0,607,0,12,66,3,0,0,1,0,2,0,37,3,0,7,1,88,21,6,1,1,4,1,6,2,21,9,9,248,339,1757,0,109,7981,19585,59,2,127,44,8,2,5,5705,489,20,4,260,794,45355,11713,2033,382,486,24,13,11,6
0,0,0,0,0,0,0,4,7,5,5,4,2,0,2,2,1,1,0,23,1,20,50,5,148,461,621,42,1,0,1,258,66,249,0,0,7,153,1,923,0,2,0,1363,3,19,146,3,0,2,3,3,16,1,20,2,7,25,30,379,155,73,74,8,42,21,16,13,123,399,107,2689,429,6032,28,8588,11337,1195,43,6,1652,1410,60,14,155,4559,80,37,43,12179,227,11713,45487,749,1432,203,30,28,144,73
0,0,0,0,0,0,0,0,1,0,0,0,0,0,0,1,1,0,0,2,0,0,1,1,2,6,15,4,0,0,1,3,1,15,0,0,1,0,1,67,0,0,0,33,0,0,2,1,0,0,10,13,9,1,2,7,6,37,38,31,217,158,130,9,35,12,7,17,18,74,140,8263,12,80,25,206,158,20917,2721,6,174,173,200,2,23,16676,27,14,27,227,14,2033,749,28196,8520,5,29,561,153,80
0,0,0,0,0,0,0,1,6,1,3,1,1,0,0,1,0,1,0,3,0,5,6,1,24,81,89,6,0,1,1,51,13,31,0,0,6,34,0,89,0,1,0,141,0,0,24,0,0,0,1,3,7,0,0,6,12,30,22,61,124,84,189,29,59,44,12,41,31,235,137,8503,39,313,72,1264,320,919,86,19,5987,7832,107,11,211,5313,32,10,92,1158,10,382,1432,8520,16985,4,9,39,198,99
68,156,141,622,57,176,845,0,2,47,5,0,0,122,170,206,0,2,1,0,1,27,1,3,0,0,3,3,9,13,50,1,2,2,478,14,34,1,186,16,9,37,33,1,0,0,0,996,22,5,241,565,117,824,5286,2134,7,6,3,7,90,5,3,1,213,29,234,3,37,10,14,35,576,189,21,11,168,16,41,10,3,8,37,44,4,30,716,2746,219,28,10551,486,203,5,4,11838,502,33,80,32
4,12,17,38,3,37,50,2,0,5,1,1,0,5,14,13,0,0,0,0,2,3,1,3,1,0,3,1,0,0,3,0,0,0,30,3,5,0,14,0,1,5,8,0,0,0,0,113,0,1,9341,1064,1138,235,3413,308,8,28,22,4,48,7,6,0,10222,161,205,57,11,66,15,117,266,23,20,12,25,13,16256,19,8,81,1263,54,35,8,54,131,47,29,183,24,30,29,9,502,39808,250,473,39
1,1,0,1,0,0,10,1,2,12,4,0,3,3,6,13,0,7,2,3,1,5,0,1,1,0,4,0,1,3,11,2,1,2,7,11,30,0,9,0,1,11,11,1,0,0,0,5,1,0,113,333,353,59,12,358,9,38,25,10,19234,123,54,24,424,200,505,55,131,89,157,3832,32,17,97,30,16,135,21683,84,43,199,7556,67,46,43,301,273,196,51,118,13,28,561,39,33,250,39233,7757,467
2,3,1,10,3,1,8,3,5,25,18,1,1,8,11,37,4,14,10,8,7,8,4,5,3,0,7,0,0,3,29,0,4,0,26,21,72,2,12,2,0,24,19,6,0,0,0,3,1,5,82,337,733,26,23,604,75,100,76,53,18444,405,261,135,875,3162,1430,265,406,339,1284,2141,87,96,892,103,44,19,2313,238,119,1190,16628,275,126,45,761,709,2228,189,279,11,144,153,198,80,473,7757,20809,8097
0,1,0,1,0,0,1,4,3,21,6,2,3,1,6,11,4,13,4,3,5,9,1,2,1,0,4,1,0,2,22,3,5,0,3,13,39,1,8,0,2,8,13,3,0,0,0,1,0,3,9,19,108,3,4,97,52,44,88,40,3757,248,289,123,309,7462,676,208,365,197,4845,826,58,46,2743,59,26,10,443,209,69,889,3078,246,85,29,645,311,6844,119,156,6,73,80,99,32,39,467,8097,10978
