11154,4000,11183,1023,11343,1208,421,0,1,23,1,2,3,10604,171,96,0,1,9,1,1,442,1,2,3,3,2,21,970,1608,3,5,5,5,68,10,33,2,47,5,498,72,18,1,7,12,6,54,2647,9,2,28,15,61,14,29,0,0,0,1,3,0,0,0,35,5,9,0,1,0,1,1,0,1,0,0,0,1,6,0,0,0,6,5,0,0,1,11,1,1,8,0,0,0,0,13,8,0,6,0
4000,23733,10301,18864,992,971,2696,10,8,153,3,4,12,12677,3876,699,2,1,60,19,9,859,2,4,16,15,3,20,545,2193,42,17,9,10,505,56,79,17,260,3,915,386,92,18,23,11,17,232,487,41,65,177,110,54,41,142,0,0,2,2,19,1,0,0,213,30,66,0,11,0,0,10,1,1,0,1,1,1,24,4,2,0,34,15,1,1,3,74,3,0,53,2,0,1,0,55,34,1,27,4
11183,10301,39023,8562,8071,6939,7915,4,8,110,1,4,3,2278,75,124,1,0,10,5,3,1138,1,4,8,3,4,47,899,3053,10,7,7,9,201,22,62,6,133,10,1328,218,39,8,5,19,17,163,642,18,41,110,75,275,32,112,0,0,1,0,15,0,0,0,170,22,27,0,10,0,0,6,0,0,0,1,1,0,8,4,0,1,37,10,0,0,3,64,2,1,35,0,0,0,0,35,31,2,19,5
1023,18864,8562,39016,775,2189,15038,61,80,511,23,24,93,9608,12402,9249,35,7,437,112,65,1077,25,27,85,74,20,30,637,3213,385,116,123,18,1574,330,104,136,420,9,1237,1140,1538,89,188,14,57,549,601,212,80,304,193,99,115,271,2,1,3,9,23,1,0,0,319,33,99,2,28,3,1,17,0,4,1,4,3,0,19,4,1,1,60,20,1,4,8,129,8,1,79,1,7,2,1,95,63,16,32,4
11343,992,8071,775,17258,14489,743,0,4,26,1,1,5,3835,210,134,1,0,13,4,3,252,2,4,2,5,2,25,771,1011,14,2,3,9,130,25,22,5,117,10,320,43,37,11,8,13,5,343,5811,13,19,48,34,120,13,32,0,0,0,1,7,0,0,0,62,7,17,0,0,0,0,3,0,0,1,0,1,0,5,0,0,0,9,4,0,0,1,18,5,0,10,0,0,1,0,17,6,2,5,1
1208,971,6939,2189,14489,28082,13414,3,14,79,1,3,3,996,84,97,1,0,10,3,3,227,7,12,20,12,88,47,439,697,7,12,6,18,514,35,101,2,449,74,261,110,53,52,8,8,13,5690,2268,27,23,85,50,109,41,76,0,0,0,1,5,1,0,0,71,10,19,0,3,0,0,4,0,1,1,0,1,0,10,0,0,0,10,2,0,1,2,24,1,1,21,3,0,0,0,30,20,1,5,3
421,2696,7915,15038,743,13414,18262,19,36,328,18,12,29,1772,352,3175,14,1,106,43,29,671,11,18,45,21,5,16,257,1287,131,41,44,2,2583,183,90,36,265,7,674,539,282,24,39,4,14,1128,274,166,92,269,189,86,75,277,0,0,4,6,23,1,0,0,285,29,90,1,17,4,2,16,3,4,0,2,3,2,19,2,0,0,31,23,1,0,3,119,5,0,54,1,3,1,0,85,46,12,34,2
0,10,4,61,0,3,19,43176,9029,163,1199,774,12864,228,175,547,4336,6992,1934,6904,545,1762,302,101,870,328,97,40,15,124,597,1058,2204,70,23,75,213,597,30,12,31,56,535,280,2527,37,410,3,4,84,0,0,5,0,0,4,84,117,31,704,4,3,50,51,8,21,39,14,83,585,16,13,23,360,9,8,15,1,3,10,5,192,11,22,55,3,76,11,7,43,3,3,44,1,6,1,1,2,4,1
1,8,8,80,4,14,36,9029,57075,328,1092,1485,3631,157,122,591,2102,360,7344,4375,1496,1823,395,6949,10143,222,2974,57,15,136,381,403,999,125,172,2186,2446,576,437,255,62,122,502,932,589,66,379,32,7,131,2,3,22,2,4,2,213,567,173,3283,40,15,126,132,21,57,106,63,323,1471,71,40,104,775,30,30,45,2,2,37,27,358,27,34,185,13,388,36,30,106,8,8,144,1,12,2,0,3,30,10
23,153,110,511,26,79,328,163,328,22676,5044,3135,369,262,195,1256,249,13,1272,87,3278,6350,845,223,127,112,67,42,72,254,225,288,727,49,718,818,790,94,951,40,7026,9774,1279,228,83,187,819,280,52,6272,6,22,17,8,6,19,0,20,59,85,83,9,3,7,83,44,189,15,343,9,29,24,13,16,30,8,10,4,22,58,7,7,77,84,7,8,78,115,83,9,36,4,21,3,7,16,10,26,89,15
1,3,1,23,1,1,18,1199,1092,5044,3755,6955,638,36,47,145,256,58,625,177,1049,2952,1450,44,171,39,31,7,17,95,72,31,372,12,37,80,68,35,55,3,247,452,253,71,46,50,117,11,3,195,0,2,4,0,1,1,2,12,15,40,7,0,2,4,2,5,11,3,48,22,3,2,6,27,9,5,1,0,0,4,2,9,3,4,8,0,18,3,7,5,3,1,7,0,4,0,2,2,6,1
2,4,4,24,1,3,12,774,1485,3135,6955,17951,7996,113,133,164,2625,127,677,728,5304,2274,5529,134,1845,139,314,30,17,279,279,216,5581,50,53,134,114,312,80,24,150,773,1034,498,302,143,726,8,3,581,0,0,1,0,0,0,5,13,19,81,9,2,9,7,3,1,17,6,42,42,8,9,6,119,12,10,21,2,2,10,9,48,4,2,42,3,32,3,12,54,2,9,81,0,9,0,1,1,5,1
3,12,3,93,5,3,29,12864,3631,369,638,7996,23775,587,528,615,9752,816,1693,3038,1551,727,535,105,2919,119,314,22,40,715,1133,541,4873,33,27,122,156,260,44,10,96,358,1462,277,944,40,370,7,8,472,0,0,5,1,0,0,28,21,9,145,14,3,38,11,7,8,18,2,56,292,7,11,10,371,2,8,24,0,3,5,5,180,5,10,130,2,19,11,8,76,1,5,65,0,7,0,0,4,13,5
10604,12677,2278,9608,3835,996,1772,228,157,262,36,113,587,60920,13612,3268,136,19,593,164,210,800,58,41,132,245,44,96,5203,25750,978,765,561,61,1179,357,412,234,786,19,1099,1352,4534,185,573,48,474,456,11900,1634,58,194,156,65,43,149,0,2,3,20,44,1,1,1,346,54,90,2,53,4,1,27,3,11,5,6,7,1,39,15,2,3,106,39,4,1,23,146,26,13,88,3,21,1,5,52,40,23,58,10
171,3876,75,12402,210,84,352,175,122,195,47,133,528,13612,21020,2347,190,31,609,131,317,458,54,29,90,127,25,22,351,3396,1343,477,468,24,334,210,168,115,219,10,463,1347,16324,115,376,13,258,112,328,3683,13,31,25,6,15,27,1,3,3,11,16,3,1,1,46,12,41,0,30,5,1,8,4,5,5,1,2,0,6,6,2,3,24,18,3,1,11,35,7,5,19,3,5,0,1,11,11,7,19,1
96,699,124,9249,134,97,3175,547,591,1256,145,164,615,3268,2347,32621,561,162,5874,579,848,848,51,122,324,108,49,12,254,1601,17160,246,306,26,971,3382,177,254,199,8,701,1057,13112,156,335,11,103,106,264,409,11,27,16,5,9,22,3,18,11,41,25,3,2,2,41,27,78,7,132,19,11,12,10,24,16,3,5,1,16,19,4,18,47,46,6,4,16,80,41,5,21,0,7,0,3,13,7,9,38,8
0,2,1,35,1,1,14,4336,2102,249,256,2625,9752,136,190,561,8189,1214,2625,113,10022,337,118,101,85,35,18,4,9,175,2654,240,629,5,24,99,82,26,30,5,35,140,1331,69,187,15,122,3,3,206,0,0,0,0,0,0,2,19,18,92,6,0,3,1,3,2,15,7,29,15,8,2,6,7,4,3,3,0,2,4,0,7,2,3,3,0,37,5,6,2,1,0,5,0,2,1,0,0,4,3
1,1,0,7,0,0,1,6992,360,13,58,127,816,19,31,162,1214,854,1465,42,244,65,13,14,27,13,7,1,2,27,456,60,145,0,3,14,7,10,2,0,3,11,97,9,76,4,30,1,0,6,0,0,0,0,0,0,1,21,7,64,1,2,1,2,0,1,4,5,4,4,6,0,4,4,0,1,3,0,0,3,0,0,1,1,0,0,7,2,2,0,1,0,2,0,1,0,0,0,3,1
9,60,10,437,13,10,106,1934,7344,1272,625,677,1693,593,609,5874,2625,1465,23731,1666,3527,1057,118,2246,1070,112,115,14,55,452,5943,325,694,26,228,3070,483,385,324,24,257,457,2692,253,505,23,171,23,27,330,1,8,11,1,3,7,7,90,124,304,80,17,11,9,35,44,203,44,490,66,70,22,38,54,81,11,8,1,9,76,9,33,72,78,11,7,135,112,112,19,27,0,21,3,4,6,1,15,97,26
1,19,5,112,4,3,43,6904,4375,87,177,728,3038,164,131,579,113,42,1666,15642,70,551,369,127,2347,361,412,17,12,131,200,684,5296,61,50,291,66,3712,67,10,37,68,310,1059,2947,35,304,11,3,56,1,1,4,0,0,3,19,28,12,126,12,4,51,20,6,12,32,6,55,305,6,37,16,657,9,15,48,3,2,7,12,343,7,19,300,8,7,17,20,205,1,8,199,1,19,3,2,3,7,6
1,9,3,65,3,3,29,545,1496,3278,1049,5304,1551,210,317,848,10022,244,3527,70,14536,594,448,246,92,50,45,13,14,371,3387,213,720,26,96,314,284,34,212,19,165,1045,8452,104,79,38,361,13,3,1884,1,1,6,1,0,1,2,46,74,148,23,5,5,1,9,16,63,26,145,6,39,5,17,9,30,3,3,0,4,27,7,9,17,15,6,3,72,36,37,1,7,1,12,0,5,1,0,4,22,10
442,859,1138,1077,252,227,671,1762,1823,6350,2952,2274,727,800,458,848,337,65,1057,551,594,18304,6247,129,925,531,339,3401,4014,1838,224,403,650,1427,435,447,365,381,612,619,11894,1337,590,1073,495,7048,1933,179,82,271,13,53,23,12,14,34,3,21,25,78,71,3,6,8,104,63,143,8,144,31,14,22,17,71,22,22,23,9,22,26,25,36,93,75,53,51,23,126,69,37,57,56,89,4,22,23,18,22,61,14
1,2,1,25,2,7,11,302,395,845,1450,5529,535,58,54,51,118,13,118,369,448,6247,12084,41,830,1248,500,456,107,178,55,799,4794,391,21,40,36,486,51,217,109,421,195,2025,393,3427,5279,5,4,260,0,0,0,1,0,0,5,4,5,14,4,0,7,1,3,2,2,1,11,15,1,13,2,68,1,77,56,7,0,3,70,35,2,1,33,32,3,1,3,47,0,41,168,3,48,0,0,0,7,0
2,4,4,27,4,12,18,101,6949,223,44,134,105,41,29,122,101,14,2246,127,246,129,41,6942,1386,60,1165,67,8,71,52,78,134,115,344,3821,2089,60,4003,318,62,84,160,552,45,9,94,54,5,70,0,1,3,4,1,2,11,43,33,201,23,6,8,8,11,12,59,8,119,64,11,7,13,53,22,6,12,1,8,22,6,23,17,23,13,3,67,39,24,19,7,2,23,3,9,2,2,8,25,8
3,16,8,85,2,20,45,870,10143,127,171,1845,2919,132,90,324,85,27,1070,2347,92,925,830,1386,11322,430,9592,75,32,174,98,736,4744,302,181,853,224,962,592,284,42,88,218,4605,1121,61,618,55,19,107,3,3,8,0,1,8,53,52,8,218,15,2,108,33,27,22,25,10,61,541,13,151,30,1597,10,116,289,14,3,9,94,704,8,22,834,40,19,14,22,606,10,30,754,2,84,2,3,1,8,3
3,15,3,74,5,12,21,328,222,112,39,139,119,245,127,108,35,13,112,361,50,531,1248,60,430,20121,1018,320,40,250,65,12279,724,7106,24,53,62,3897,153,1070,74,116,178,13193,3761,404,4682,23,18,85,0,0,1,0,0,1,1,1,2,4,11,4,4,1,12,4,6,0,6,3,2,71,3,48,2,266,188,24,2,0,292,22,5,1,12,228,6,9,2,54,4,227,581,10,219,2,0,0,7,2
2,3,4,20,2,88,5,97,2974,67,31,314,314,44,25,49,18,7,115,412,45,339,500,1165,9592,1018,20876,1529,20,70,25,1005,1060,1741,105,289,1549,317,1605,9428,22,66,58,12419,479,136,1195,206,31,50,1,2,11,0,2,3,1,2,1,15,6,1,8,0,11,5,2,1,10,14,0,47,3,214,0,243,305,14,1,2,137,106,3,7,103,87,7,8,5,255,1,101,642,9,144,2,4,0,3,2
21,20,47,30,25,47,16,40,57,42,7,30,22,96,22,12,4,1,14,17,13,3401,456,67,75,320,1529,65584,669,231,7,203,51,10356,22,12,371,43,304,19218,317,55,32,1118,59,12518,10551,63,19,33,0,1,1,0,1,0,0,0,1,2,0,0,0,0,4,1,8,0,6,1,0,7,0,10,1,14,54,101,0,0,27,2,1,1,1,316,6,3,1,5,7,1075,96,9,38,5,1,0,1,0
970,545,899,637,771,439,257,15,15,72,17,17,40,5203,351,254,9,2,55,12,14,4014,107,8,32,40,20,669,68823,16824,66,94,62,76,154,74,111,30,173,78,15698,280,201,51,59,686,144,124,5888,19,6,20,15,16,8,18,0,0,1,0,14,2,0,1,47,9,38,0,22,3,1,5,1,0,3,1,2,1,10,6,0,0,33,21,2,3,4,33,11,2,14,3,1,0,0,14,5,5,17,2
1608,2193,3053,3213,1011,697,1287,124,136,254,95,279,715,25750,3396,1601,175,27,452,131,371,1838,178,71,174,250,70,231,16824,75201,803,1154,893,94,937,546,737,170,932,48,11712,4467,3930,263,497,151,1023,415,1191,1322,35,85,89,47,27,70,1,5,15,23,67,6,2,1,229,92,199,5,170,10,7,33,11,17,17,7,12,2,37,32,9,7,165,133,6,6,32,205,71,4,92,3,15,2,5,24,29,29,107,18
3,42,10,385,14,7,131,597,381,225,72,279,1133,978,1343,17160,2654,456,5943,200,3387,224,55,52,98,65,25,7,66,803,17646,334,481,17,232,384,152,94,144,8,131,284,16705,101,394,8,160,24,29,365,1,4,1,0,0,0,0,5,26,48,26,1,3,3,14,11,50,9,82,12,10,6,9,7,6,1,2,0,3,11,0,1,28,21,3,1,31,27,21,7,7,1,11,0,2,1,1,7,20,2
5,17,7,116,2,12,41,1058,403,288,31,216,541,765,477,246,240,60,325,684,213,403,799,78,736,12279,1005,203,94,1154,334,25300,4632,2445,39,73,82,1811,123,937,176,541,848,4886,7091,461,15807,24,18,545,1,1,1,1,1,1,1,4,5,12,6,3,8,1,5,2,8,1,21,11,3,43,2,50,1,206,170,29,0,5,235,18,6,5,11,281,4,6,2,79,6,275,628,19,245,2,0,2,8,1
5,9,7,123,3,6,44,2204,999,727,372,5581,4873,561,468,306,629,145,694,5296,720,650,4794,134,4744,724,1060,51,62,893,481,4632,15609,158,53,135,58,1631,73,67,185,719,1101,2948,8916,167,4438,19,8,691,1,1,0,0,0,1,6,12,10,32,5,1,16,4,10,7,11,0,41,81,7,42,8,316,3,69,123,5,4,4,55,125,9,8,157,20,11,5,5,218,2,23,314,0,39,0,0,2,6,0
5,10,9,18,9,18,2,70,125,49,12,50,33,61,24,26,5,0,26,61,26,1427,391,115,302,7106,1741,10356,76,94,17,2445,158,27853,20,55,202,319,344,16023,49,52,57,8712,198,3247,20121,71,21,40,0,5,1,2,0,0,0,1,1,3,5,3,2,1,1,5,2,2,2,2,3,55,5,25,1,92,88,74,1,1,158,9,4,3,13,962,1,2,3,38,4,1341,483,22,291,0,0,5,3,5
68,505,201,1574,130,514,2583,23,172,718,37,53,27,1179,334,971,24,3,228,50,96,435,21,344,181,24,105,22,154,937,232,39,53,20,2854,1972,215,51,4173,33,509,662,722,113,29,7,25,1684,220,325,27,75,63,41,41,88,1,2,4,18,19,1,4,0,118,21,58,3,56,4,1,10,4,5,7,1,3,0,16,7,0,5,27,24,4,1,18,63,15,1,40,2,4,1,1,45,20,3,29,5
10,56,22,330,25,35,183,75,2186,818,80,134,122,357,210,3382,99,14,3070,291,314,447,40,3821,853,53,289,12,74,546,384,73,135,55,1972,8511,690,129,5517,69,339,590,1068,310,73,4,66,186,32,314,2,14,17,5,5,11,3,21,35,67,62,7,6,5,70,36,151,17,217,19,16,20,14,31,32,8,9,0,20,26,5,14,89,63,19,0,46,107,54,17,32,2,21,1,7,12,7,13,82,19
33,79,62,104,22,101,90,213,2446,790,68,114,156,412,168,177,82,7,483,66,284,365,36,2089,224,62,1549,371,111,737,152,82,58,202,215,690,3318,22,4618,993,458,555,937,280,28,30,96,611,75,399,2,9,12,4,2,13,5,29,12,204,16,1,4,3,37,19,28,8,46,17,7,9,3,8,7,2,3,1,8,4,1,8,36,24,1,2,25,22,19,3,15,15,6,0,4,9,3,11,25,4
2,17,6,136,5,2,36,597,576,94,35,312,260,234,115,254,26,10,385,3712,34,381,486,60,962,3897,317,43,30,170,94,1811,1631,319,51,129,22,6293,74,49,39,86,232,7514,3084,55,926,10,14,70,0,0,2,2,1,0,2,2,5,6,10,1,5,1,6,8,17,1,37,18,6,32,11,158,6,80,102,5,0,3,47,70,6,10,100,23,4,17,15,127,1,22,229,0,38,3,1,1,5,2
47,260,133,420,117,449,265,30,437,951,55,80,44,786,219,199,30,2,324,67,212,612,51,4003,592,153,1605,304,173,932,144,123,73,344,4173,5517,4618,74,19176,1047,581,775,970,882,56,32,185,5461,321,450,32,86,65,18,32,66,1,10,11,32,54,4,3,3,213,48,170,8,176,15,11,29,7,18,12,9,12,2,41,27,4,7,114,57,2,5,50,128,40,15,62,11,19,2,7,56,38,24,75,5
5,3,10,9,10,74,7,12,255,40,3,24,10,19,10,8,5,0,24,10,19,619,217,318,284,1070,9428,19218,78,48,8,937,67,16023,33,69,993,49,1047,38451,48,35,32,13837,37,1234,3090,234,36,25,0,1,2,0,3,3,0,2,0,6,2,2,1,1,5,2,1,0,2,4,2,51,4,18,0,60,108,127,1,1,93,2,2,2,1,882,5,4,3,27,5,2056,452,28,177,3,1,2,7,2
498,915,1328,1237,320,261,674,31,62,7026,247,150,96,1099,463,701,35,3,257,37,165,11894,109,62,42,74,22,317,15698,11712,131,176,185,49,509,339,458,39,581,48,47755,11929,513,84,76,162,255,231,147,386,8,31,39,13,9,34,0,1,9,13,56,2,1,2,108,52,123,4,113,4,8,20,6,6,13,1,6,0,26,19,2,7,82,75,2,1,25,90,37,3,36,6,4,0,3,21,22,14,66,16
72,386,218,1140,43,110,539,56,122,9774,452,773,358,1352,1347,1057,140,11,457,68,1045,1337,421,84,88,116,66,55,280,4467,284,541,719,52,662,590,555,86,775,35,11929,12365,2381,204,158,161,950,269,56,6085,8,38,29,9,12,31,4,11,32,34,58,3,2,1,93,47,145,2,210,12,17,20,17,11,39,7,4,1,29,32,5,10,100,69,5,4,39,104,57,9,41,2,13,0,5,18,17,17,66,17
18,92,39,1538,37,53,282,535,502,1279,253,1034,1462,4534,16324,13112,1331,97,2692,310,8452,590,195,160,218,178,58,32,201,3930,16705,848,1101,57,722,1068,937,232,970,32,513,2381,33690,225,681,44,655,210,100,10117,5,14,18,4,7,21,3,22,41,73,80,5,9,1,85,44,215,13,239,18,14,35,18,15,22,8,10,4,29,44,9,8,117,76,11,3,44,103,68,13,36,3,15,3,8,8,9,32,114,16
1,18,8,89,11,52,24,280,932,228,71,498,277,185,115,156,69,9,253,1059,104,1073,2025,552,4605,13193,12419,1118,51,263,101,4886,2948,8712,113,310,280,7514,882,13837,84,204,225,55180,1993,774,5274,142,41,161,2,3,5,0,0,2,2,5,4,17,22,7,19,5,25,26,18,4,19,18,15,147,10,358,10,678,645,54,8,8,506,139,18,9,127,471,9,17,15,439,11,464,1597,19,536,5,3,2,15,5
7,23,5,188,8,8,39,2527,589,83,46,302,944,573,376,335,187,76,505,2947,79,495,393,45,1121,3761,479,59,59,497,394,7091,8916,198,29,73,28,3084,56,37,76,158,681,1993,6819,46,1265,11,22,183,0,0,2,1,0,0,2,6,8,14,7,1,17,2,10,13,18,2,41,27,4,31,10,217,3,47,107,1,3,5,20,113,5,9,160,14,4,10,12,143,2,9,264,0,33,1,2,2,4,0
12,11,19,14,13,8,4,37,66,187,50,143,40,48,13,11,15,4,23,35,38,7048,3427,9,61,404,136,12518,686,151,8,461,167,3247,7,4,30,55,32,1234,162,161,44,774,46,13931,9250,10,6,81,0,1,0,0,0,0,0,0,0,0,0,0,1,0,0,0,0,0,7,1,0,6,0,6,0,8,13,5,2,0,25,2,0,1,2,98,0,2,2,5,0,137,60,4,27,1,0,0,2,1
6,17,17,57,5,13,14,410,379,819,117,726,370,474,258,103,122,30,171,304,361,1933,5279,94,618,4682,1195,10551,144,1023,160,15807,4438,20121,25,66,96,926,185,3090,255,950,655,5274,1265,9250,43559,36,11,804,0,3,1,0,2,2,0,7,5,6,9,2,6,1,5,1,8,1,20,5,5,52,2,46,2,204,153,49,3,1,191,18,4,3,22,637,4,4,7,78,2,755,589,26,234,1,0,0,7,5
54,232,163,549,343,5690,1128,3,32,280,11,8,7,456,112,106,3,1,23,11,13,179,5,54,55,23,206,63,124,415,24,24,19,71,1684,186,611,10,5461,234,231,269,210,142,11,10,36,4889,657,122,40,201,116,94,104,210,0,0,1,3,17,0,0,0,106,16,59,1,5,0,1,6,3,4,1,0,3,0,12,2,0,2,25,10,1,0,4,74,1,1,42,5,5,0,1,90,36,13,16,2
2647,487,642,601,5811,2268,274,4,7,52,3,3,8,11900,328,264,3,0,27,3,3,82,4,5,19,18,31,19,5888,1191,29,18,8,21,220,32,75,14,321,36,147,56,100,41,22,6,11,657,14626,24,16,33,17,13,10,26,0,0,0,2,4,0,0,0,52,5,9,0,1,0,1,1,0,1,0,0,0,0,7,0,0,1,11,10,0,0,0,14,1,1,13,1,1,0,1,7,2,3,10,1
9,41,18,212,13,27,166,84,131,6272,195,581,472,1634,3683,409,206,6,330,56,1884,271,260,70,107,85,50,33,19,1322,365,545,691,40,325,314,399,70,450,25,386,6085,10117,161,183,81,804,122,24,11124,5,12,9,2,6,7,0,9,16,12,31,6,2,2,36,29,70,2,130,3,7,12,11,8,17,10,5,2,8,16,1,2,52,30,3,3,22,52,37,5,14,3,15,1,9,9,10,9,43,8
2,65,41,80,19,23,92,0,2,6,0,0,0,58,13,11,0,0,1,1,1,13,0,0,3,0,1,0,6,35,1,1,1,0,27,2,2,0,32,0,8,8,5,2,0,0,0,40,16,5,31643,13990,2579,15167,5783,1861,3,5,1,2,187,8,1,2,8784,140,499,1,26,14,4,372,1,21,1,12,13,43,1011,5,14,3,689,61,27,18,39,281,7,43,179,14,33,50,18,242,8971,356,280,9
28,177,110,304,48,85,269,0,3,22,2,0,0,194,31,27,0,0,8,1,1,53,0,1,3,0,2,1,20,85,4,1,1,5,75,14,9,0,86,1,31,38,14,3,0,1,3,201,33,12,13990,77062,13777,18423,2168,6697,2,11,3,3,885,23,6,2,7480,183,748,1,36,16,1,1389,7,14,2,23,12,104,1089,7,19,10,1885,28,16,31,87,531,23,50,251,23,41,83,42,304,1882,1213,1091,21
15,110,75,193,34,50,189,5,22,17,4,1,5,156,25,16,0,0,11,4,6,23,0,3,8,1,11,1,15,89,1,1,0,1,63,17,12,2,65,2,39,29,18,5,2,0,1,116,17,9,2579,13777,24113,1192,518,7400,25,41,21,46,946,30,27,14,11619,2975,9849,5,326,204,6,491,14,211,10,128,25,23,475,104,54,60,1033,1337,245,50,133,1705,43,504,543,14,331,23,37,630,1179,470,1521,79
61,54,275,99,120,109,86,0,2,8,0,0,1,65,6,5,0,0,1,0,1,12,1,4,0,0,0,0,16,47,0,1,0,2,41,5,4,2,18,0,13,9,4,0,1,0,0,94,13,2,15167,18423,1192,32405,10984,11491,0,3,0,4,200,3,3,1,740,53,416,1,9,2,1,469,2,2,1,2,8,52,694,1,5,4,813,13,5,17,27,248,5,10,99,7,10,69,23,212,871,480,257,13
14,41,32,115,13,41,75,0,4,6,1,0,0,43,15,9,0,0,3,0,0,14,0,1,1,0,2,1,8,27,0,1,0,0,41,5,2,1,32,3,9,12,7,0,0,0,2,104,10,6,5783,2168,518,10984,20055,7755,1,1,2,4,141,1,2,2,863,101,872,2,40,8,0,75,8,33,5,8,94,48,133,3,5,4,217,86,7,7,200,1186,34,11,492,101,34,7,3,2666,2366,68,224,19
29,142,112,271,32,76,277,4,2,19,1,0,0,149,27,22,0,0,7,3,1,34,0,2,8,1,3,0,18,70,0,1,1,0,88,11,13,0,66,3,34,31,21,2,0,0,2,210,26,7,1861,6697,7400,11491,7755,28617,1,10,3,15,638,20,4,3,1279,204,4640,2,61,19,5,346,4,36,2,26,11,23,223,6,15,10,746,106,27,8,59,1754,23,66,304,5,57,14,12,827,302,329,918,56
0,0,0,2,0,0,0,84,213,0,2,5,28,0,1,3,2,1,7,19,2,3,5,11,53,1,1,0,0,1,0,1,6,0,1,3,5,2,1,0,0,4,3,2,2,0,0,0,0,0,3,2,25,0,1,1,2257,5373,290,544,10,82,753,5008,226,358,217,469,195,1148,41,60,46,180,78,51,22,1,21,289,33,2442,49,378,210,12,60,7,154,55,1,1,34,1,17,0,8,6,25,7
0,0,0,1,0,0,0,117,567,20,12,13,21,2,3,18,19,21,90,28,46,21,4,43,52,1,2,0,0,5,5,4,12,1,2,21,29,2,10,2,1,11,22,5,6,0,7,0,0,9,5,11,41,3,1,10,5373,24181,4488,4580,114,661,1261,4276,312,639,710,6759,1244,4246,496,916,199,282,317,502,46,27,42,1487,306,2408,92,826,1688,114,482,14,336,867,10,12,282,21,203,0,3,11,52,23
0,2,1,3,0,0,4,31,173,59,15,19,9,3,3,11,18,7,124,12,74,25,5,33,8,2,1,1,1,15,26,5,10,1,4,35,12,5,11,0,9,32,41,4,8,0,5,1,0,16,1,3,21,0,2,3,290,4488,3334,1901,204,666,207,414,60,195,271,1532,987,561,436,332,60,72,162,92,20,5,5,1553,70,337,23,292,281,23,326,16,114,116,10,6,55,7,61,2,1,10,48,24
1,2,0,9,1,1,6,704,3283,85,40,81,145,20,11,41,92,64,304,126,148,78,14,201,218,4,15,2,0,23,48,12,32,3,18,67,204,6,32,6,13,34,73,17,14,0,6,3,2,12,2,3,46,4,4,15,544,4580,1901,36741,211,769,965,1242,58,117,762,1033,6999,5238,790,815,5267,4865,110,106,601,28,27,95,130,762,50,124,375,63,5752,325,98,377,126,85,451,19,142,21,8,11,115,38
3,19,15,23,7,5,23,4,40,83,7,9,14,44,16,25,6,1,80,12,23,71,4,23,15,11,6,0,14,67,26,6,5,5,19,62,16,10,54,2,56,58,80,22,7,0,9,17,4,31,187,885,946,200,141,638,10,114,204,211,45863,5345,1117,60,788,505,2528,83,1999,77,2377,2163,177,111,81,154,124,181,261,108,411,198,552,186,70,376,1124,1540,420,116,941,85,278,140,915,381,95,7621,19266,2269
0,1,0,1,0,1,1,3,15,9,0,2,3,1,3,3,0,2,17,4,5,3,0,6,2,4,1,0,2,6,1,3,1,3,1,7,1,1,4,2,2,3,5,7,1,0,2,0,0,6,8,23,30,3,1,20,82,661,666,769,5345,10355,6085,314,35,83,215,256,527,89,4404,8971,35,111,79,24,41,53,55,88,54,340,52,70,36,62,103,60,125,43,29,23,147,176,408,3,6,80,355,157
0,0,0,0,0,0,0,50,126,3,2,9,38,1,1,2,3,1,11,51,5,6,7,8,108,4,8,0,0,2,3,8,16,2,4,6,4,5,3,1,1,2,9,19,17,1,6,0,0,2,1,6,27,3,2,4,753,1261,207,965,1117,6085,13101,6625,66,269,154,3351,257,789,7475,5871,60,1136,623,63,206,65,24,385,215,6421,67,183,190,125,124,27,442,151,14,23,318,148,939,5,5,22,212,216
0,0,0,0,0,0,0,51,132,7,4,7,11,1,1,2,1,2,9,20,1,8,1,8,33,1,0,0,1,1,3,1,4,1,0,5,3,1,3,1,2,1,1,5,2,0,1,0,0,2,2,2,14,1,2,3,5008,4276,414,1242,60,314,6625,9753,187,380,289,3462,215,1141,755,510,45,265,316,61,43,9,15,692,118,5605,66,450,228,20,91,9,301,36,11,9,63,5,122,1,4,11,56,36
35,213,170,319,62,71,285,8,21,83,2,3,7,346,46,41,3,0,35,6,9,104,3,11,27,12,11,4,47,229,14,5,10,1,118,70,37,6,213,5,108,93,85,25,10,0,5,106,52,36,8784,7480,11619,740,863,1279,226,312,60,58,788,35,66,187,49168,16567,2394,100,355,276,41,712,28,192,77,1174,81,181,6086,154,602,426,11849,1690,906,418,525,1724,730,1358,1246,78,588,82,259,545,11678,841,1596,490
5,30,22,33,7,10,29,21,57,44,5,1,8,54,12,27,2,1,44,12,16,63,2,12,22,4,5,1,9,92,11,2,7,5,21,36,19,8,48,2,52,47,44,26,13,0,1,16,5,29,140,183,2975,53,101,204,358,639,195,117,505,83,269,380,16567,41029,4876,330,888,550,295,441,32,327,421,1236,81,118,816,698,1141,934,6832,12241,1302,624,573,991,9366,1520,575,68,719,44,607,284,346,417,8076,7518
9,66,27,99,17,19,90,39,106,189,11,17,18,90,41,78,15,4,203,32,63,143,2,59,25,6,2,8,38,199,50,8,11,2,58,151,28,17,170,1,123,145,215,18,18,0,8,59,9,70,499,748,9849,416,872,4640,217,710,271,762,2528,215,154,289,2394,4876,32470,667,9137,703,239,447,210,587,1061,182,145,38,322,4253,152,422,1224,13058,378,66,1016,6191,1684,384,981,52,330,25,114,517,304,447,2321,326
0,0,0,2,0,0,1,14,63,15,3,6,2,2,0,7,7,5,44,6,26,8,1,8,10,0,1,0,0,5,9,1,0,2,3,17,8,1,8,0,4,2,13,4,2,0,1,1,0,2,1,1,5,1,2,2,469,6759,1532,1033,83,256,3351,3462,100,330,667,11275,544,84,3758,460,51,70,1619,66,17,11,11,4572,161,1206,47,737,102,41,205,19,588,25,12,5,48,6,186,2,1,6,49,71
1,11,10,28,0,3,17,83,323,343,48,42,56,53,30,132,29,4,490,55,145,144,11,119,61,6,10,6,22,170,82,21,41,2,56,217,46,37,176,2,113,210,239,19,41,7,20,5,1,130,26,36,326,9,40,61,195,1244,987,6999,1999,527,257,215,355,888,9137,544,13903,1803,727,395,2697,2241,761,132,498,38,102,1227,128,460,484,1241,317,51,3014,2602,1042,481,1226,141,690,16,84,126,41,187,1131,290
0,0,0,3,0,0,4,585,1471,9,22,42,292,4,5,19,15,4,66,305,6,31,15,64,541,3,14,1,3,10,12,11,81,2,4,19,17,18,15,4,4,12,18,18,27,1,5,0,0,3,14,16,204,2,8,19,1148,4246,561,5238,77,89,789,1141,276,550,703,84,1803,14354,66,286,171,5625,43,148,212,5,20,143,86,3586,68,572,3970,37,247,99,112,3167,23,12,1213,9,76,12,17,24,54,15
1,0,0,1,0,0,2,16,71,29,3,8,7,1,1,11,8,6,70,6,39,14,1,11,13,2,0,0,1,7,10,3,7,3,1,16,7,6,11,2,8,17,14,15,4,0,5,1,1,7,4,1,6,1,0,5,41,496,436,790,2377,4404,7475,755,41,295,239,3758,727,66,16057,1523,155,136,3390,110,55,75,17,448,410,1144,136,174,76,267,443,90,1401,51,43,39,171,64,820,14,2,31,720,2557
1,10,6,17,3,4,16,13,40,24,2,9,11,27,8,12,2,0,22,37,5,22,13,7,151,71,47,7,5,33,6,43,42,55,10,20,9,32,29,51,20,20,35,147,31,6,52,6,1,12,372,1389,491,469,75,346,60,916,332,815,2163,8971,5871,510,712,441,447,460,395,286,1523,33203,45,1198,278,473,798,1820,2193,164,555,3015,1538,196,525,1234,163,282,349,1008,193,590,2829,8008,9759,73,53,2061,1380,278
0,1,0,0,0,0,3,23,104,13,6,6,10,3,4,10,6,4,38,16,17,17,2,13,30,3,3,0,1,11,9,2,8,5,4,14,3,11,7,4,6,17,18,10,10,0,2,3,0,11,1,7,14,2,8,4,46,199,60,5267,177,35,60,45,28,32,210,51,2697,171,155,45,3583,2262,73,26,905,34,9,32,37,84,62,33,25,26,3293,2200,78,32,1098,266,259,3,27,99,9,15,118,39
1,1,0,4,0,1,4,360,775,16,27,119,371,11,5,24,7,4,54,657,9,71,68,53,1597,48,214,10,0,17,7,50,316,25,5,31,8,158,18,18,6,11,15,358,217,6,46,4,1,8,21,14,211,2,33,36,180,282,72,4865,111,111,1136,265,192,327,587,70,2241,5625,136,1198,2262,16197,58,364,9688,92,23,56,500,4356,97,228,1618,232,493,958,124,1288,694,644,5709,29,687,165,23,16,97,34
0,0,0,1,1,1,0,9,30,30,9,12,2,5,5,16,4,0,81,9,30,22,1,22,10,2,0,1,3,17,6,1,3,1,7,32,7,6,12,0,13,39,22,10,3,0,2,1,0,17,1,2,10,1,5,2,78,317,162,110,81,79,623,316,77,421,1061,1619,761,43,3390,278,73,58,2450,211,39,23,17,2933,374,772,107,1242,142,159,434,152,2435,53,79,24,84,18,383,10,3,8,153,842
0,1,1,4,0,0,2,8,30,8,5,10,8,6,1,3,3,1,11,15,3,22,77,6,116,266,243,14,1,7,1,206,69,92,1,8,2,80,9,60,1,7,8,678,47,8,204,0,0,10,12,23,128,2,8,26,51,502,92,106,154,24,63,61,1174,1236,182,66,132,148,110,473,26,364,211,25483,1521,434,146,176,8245,1559,697,550,5305,11706,50,63,541,15098,57,395,14655,76,1280,22,72,73,448,206
0,1,1,3,1,1,3,15,45,10,1,21,24,7,2,5,3,3,8,48,3,23,56,12,289,188,305,54,2,12,2,170,123,88,3,9,3,102,12,108,6,4,10,645,107,13,153,3,0,5,13,12,25,8,94,11,22,46,20,601,124,41,206,43,81,81,145,17,498,212,55,798,905,9688,39,1521,17143,904,29,20,1757,1070,73,71,515,863,849,741,97,869,1390,8735,9250,117,1608,383,30,16,114,49
1,1,0,0,0,0,2,1,2,4,0,2,0,1,0,1,0,0,1,3,0,9,7,1,14,24,14,101,1,2,0,29,5,74,0,0,1,5,2,127,0,1,4,54,1,5,49,0,0,2,43,104,23,52,48,23,1,27,5,28,181,53,65,9,181,118,38,11,38,5,75,1820,34,92,23,434,904,57096,769,16,816,74,407,44,63,17707,204,53,82,270,177,16709,2141,19353,3052,104,41,398,240,95
6,24,8,19,5,10,19,3,2,22,0,2,3,39,6,16,2,0,9,2,4,22,0,8,3,2,1,0,10,37,3,0,4,1,16,20,8,0,41,1,26,29,29,8,3,2,3,12,7,8,1011,1089,475,694,133,223,21,42,5,27,261,55,24,15,6086,816,322,11,102,20,17,2193,9,23,17,146,29,769,107979,14,148,59,20734,141,93,190,225,315,165,139,269,90,142,895,216,120,17058,19474,849,81
0,4,4,4,0,0,2,10,37,58,4,10,5,15,6,19,4,3,76,7,27,26,3,22,9,0,2,0,6,32,11,5,4,1,7,26,4,3,27,1,19,32,44,8,5,0,1,2,0,16,5,7,104,1,3,6,289,1487,1553,95,108,88,385,692,154,698,4253,4572,1227,143,448,164,32,56,2933,176,20,16,14,5855,252,774,53,4872,261,57,221,43,1190,78,34,13,60,9,171,10,6,12,46,37
0,2,0,1,0,0,0,5,27,7,2,9,5,2,2,4,0,0,9,12,7,25,70,6,94,292,137,27,0,9,0,235,55,158,0,5,1,47,4,93,2,5,9,506,20,25,191,0,0,1,14,19,54,5,5,15,33,306,70,130,411,54,215,118,602,1141,152,161,128,86,410,555,37,500,374,8245,1757,816,148,252,18242,3621,783,474,2154,16145,62,60,846,2847,80,994,8877,314,9374,19,47,71,994,452
0,0,1,1,0,0,0,192,358,7,9,48,180,3,3,18,7,0,33,343,9,36,35,23,704,22,106,2,0,7,1,18,125,9,5,14,8,70,7,2,7,10,8,139,113,2,18,2,1,2,3,10,60,4,4,10,2442,2408,337,762,198,340,6421,5605,426,934,422,1206,460,3586,1144,3015,84,4356,772,1559,1070,74,59,774,3621,22631,344,808,10515,475,117,63,893,2825,37,71,2644,55,5430,15,21,37,338,238
6,34,37,60,9,10,31,11,27,77,3,4,5,106,24,47,2,1,72,7,17,93,2,17,8,5,3,1,33,165,28,6,9,4,27,89,36,6,114,2,82,100,117,18,5,0,4,25,11,52,689,1885,1033,813,217,746,49,92,23,50,552,52,67,66,11849,6832,1224,47,484,68,136,1538,62,97,107,697,73,407,20734,53,783,344,50462,790,319,584,1018,1129,1482,386,868,119,260,317,471,350,867,8753,15884,756
5,15,10,20,4,2,23,22,34,84,4,2,10,39,18,46,3,1,78,19,15,75,1,23,22,1,7,1,21,133,21,5,8,3,24,63,24,10,57,2,75,69,76,9,9,1,3,10,10,30,61,28,1337,13,86,106,378,826,292,124,186,70,183,450,1690,12241,13058,737,1241,572,174,196,33,228,1242,550,71,44,141,4872,474,808,790,23587,999,177,774,939,6898,960,557,29,407,18,262,199,94,66,618,254
0,1,0,1,0,0,1,55,185,7,8,42,130,4,3,6,3,0,11,300,6,53,33,13,834,12,103,1,2,6,3,11,157,13,4,19,1,100,2,1,2,5,11,127,160,2,22,1,0,3,27,16,245,5,7,27,210,1688,281,375,70,36,190,228,906,1302,378,102,317,3970,76,525,25,1618,142,5305,515,63,93,261,2154,10515,319,999,9795,678,48,45,416,4151,27,57,1588,19,620,12,51,40,174,86
0,1,0,4,0,1,0,3,13,8,0,3,2,1,1,4,0,0,7,8,3,51,32,3,40,228,87,316,3,6,1,281,20,962,1,0,2,23,5,882,1,4,3,471,14,98,637,0,0,3,18,31,50,17,7,8,12,114,23,63,376,62,125,20,418,624,66,41,51,37,267,1234,26,232,159,11706,863,17707,190,57,16145,475,584,177,678,57399,41,57,372,2016,61,7274,11771,8154,11986,23,23,119,671,262
1,3,3,8,1,2,3,76,388,78,18,32,19,23,11,16,37,7,135,7,72,23,3,67,19,6,7,6,4,32,31,4,11,1,18,46,25,4,50,5,25,39,44,9,4,0,4,4,0,22,39,87,133,27,200,59,60,482,326,5752,1124,103,124,91,525,573,1016,205,3014,247,443,163,3293,493,434,50,849,204,225,221,62,117,1018,774,48,41,3857,2420,1123,45,5883,456,145,21,59,1233,132,221,1057,341
11,74,64,129,18,24,119,11,36,115,3,3,11,146,35,80,5,2,112,17,36,126,1,39,14,9,8,3,33,205,27,6,5,2,63,107,22,17,128,4,90,104,103,17,10,2,4,74,14,52,281,531,1705,248,1186,1754,7,14,16,325,1540,60,27,9,1724,991,6191,19,2602,99,90,282,2200,958,152,63,741,53,315,43,60,63,1129,939,45,57,2420,11370,572,127,8300,247,395,12,55,2059,255,357,1608,262
1,3,2,8,5,1,5,7,30,83,7,12,8,26,7,41,6,2,112,20,37,69,3,24,22,2,5,1,11,71,21,2,5,3,15,54,19,15,40,3,37,57,68,15,12,2,7,1,1,37,7,23,43,5,34,23,154,336,114,98,420,125,442,301,730,9366,1684,588,1042,112,1401,349,78,124,2435,541,97,82,165,1190,846,893,1482,6898,416,372,1123,572,11782,226,549,64,212,31,633,131,24,123,3338,5204
1,0,1,1,0,1,0,43,106,9,5,54,76,13,5,5,2,0,19,205,1,37,47,19,606,54,255,5,2,4,7,79,218,38,1,17,3,127,15,27,3,9,13,439,143,5,78,1,1,5,43,50,504,10,11,66,55,867,116,377,116,43,151,36,1358,1520,384,25,481,3167,51,1008,32,1288,53,15098,869,270,139,78,2847,2825,386,960,4151,2016,45,127,226,17426,82,236,10608,82,1526,28,107,42,175,59
8,53,35,79,10,21,54,3,8,36,3,2,1,88,19,21,1,1,27,1,7,57,0,7,10,4,1,7,14,92,7,6,2,4,40,32,15,1,62,5,36,41,36,11,2,0,2,42,13,14,179,251,543,99,492,304,1,10,10,126,941,29,14,11,1246,575,981,12,1226,23,43,193,1098,694,79,57,1390,177,269,34,80,37,868,557,27,61,5883,8300,549,82,11380,877,451,25,69,5146,310,248,1009,190
0,2,0,1,0,3,1,3,8,4,1,9,5,3,3,0,0,0,0,8,1,56,41,2,30,227,101,1075,3,3,1,275,23,1341,2,2,15,22,11,2056,6,2,3,464,9,137,755,5,1,3,14,23,14,7,101,5,1,12,6,85,85,23,23,9,78,68,52,5,141,12,39,590,266,644,24,395,8735,16709,90,13,994,71,119,29,57,7274,456,247,64,236,877,55993,15213,1618,1810,328,33,59,126,37
0,0,0,7,0,0,3,44,144,21,7,81,65,21,5,7,5,2,21,199,12,89,168,23,754,581,642,96,1,15,11,628,314,483,4,21,6,229,19,452,4,13,15,1597,264,60,589,5,1,15,33,41,331,10,34,57,34,282,55,451,278,147,318,63,588,719,330,48,690,1213,171,2829,259,5709,84,14655,9250,2141,142,60,8877,2644,260,407,1588,11771,145,395,212,10608,451,15213,45240,641,6147,125,64,60,349,126
0,1,0,2,1,0,1,1,1,3,0,0,0,1,0,0,0,0,3,1,0,4,3,3,2,10,9,9,0,2,0,19,0,22,1,1,0,0,2,28,0,0,3,19,0,4,26,0,0,1,50,83,23,69,7,14,1,21,7,19,140,176,148,5,82,44,25,6,16,9,64,8008,3,29,18,76,117,19353,895,9,314,55,317,18,19,8154,21,12,31,82,25,1618,641,16470,11385,4,21,572,190,50
0,0,0,1,0,0,0,6,12,7,4,9,7,5,1,3,2,1,4,19,5,22,48,9,84,219,144,38,0,5,2,245,39,291,1,7,4,38,7,177,3,5,8,536,33,27,234,1,1,9,18,42,37,23,3,12,17,203,61,142,915,408,939,122,259,607,114,186,84,76,820,9759,27,687,383,1280,1608,3052,216,171,9374,5430,471,262,620,11986,59,55,633,1526,69,1810,6147,11385,30403,19,7,128,1011,463
13,55,35,95,17,30,85,1,2,16,0,0,0,52,11,13,1,0,6,3,1,23,0,2,2,2,2,5,14,24,1,2,0,0,45,12,9,3,56,3,21,18,8,5,1,1,1,90,7,9,242,304,630,212,2666,827,0,0,2,21,381,3,5,1,545,284,517,2,126,12,14,73,99,165,10,22,383,104,120,10,19,15,350,199,12,23,1233,2059,131,28,5146,328,125,4,19,4058,537,101,455,50
8,34,31,63,6,20,46,1,0,10,2,1,0,40,11,7,0,0,1,2,0,18,0,2,3,0,4,1,5,29,1,0,0,0,20,7,3,1,38,1,22,17,9,3,2,0,0,36,2,10,8971,1882,1179,871,2366,302,8,3,1,8,95,6,5,4,11678,346,304,1,41,17,2,53,9,23,3,72,30,41,17058,6,47,21,867,94,51,23,132,255,24,107,310,33,64,21,7,537,34819,196,150,13
0,1,2,16,2,1,12,2,3,26,2,1,4,23,7,9,0,0,15,3,4,22,0,8,1,0,0,0,5,29,7,2,2,5,3,13,11,1,24,2,14,17,32,2,2,0,0,13,3,9,356,1213,470,480,68,329,6,11,10,11,7621,80,22,11,841,417,447,6,187,24,31,2061,15,16,8,73,16,398,19474,12,71,37,8753,66,40,119,221,357,123,42,248,59,60,572,128,101,196,37896,5423,133
6,27,19,32,5,5,34,4,30,89,6,5,13,58,19,38,4,3,97,7,22,61,7,25,8,7,3,1,17,107,20,8,6,3,29,82,25,5,75,7,66,66,114,15,4,2,7,16,10,43,280,1091,1521,257,224,918,25,52,48,115,19266,355,212,56,1596,8076,2321,49,1131,54,720,1380,118,97,153,448,114,240,849,46,994,338,15884,618,174,671,1057,1608,3338,175,1009,126,349,190,1011,455,150,5423,31206,9811
0,4,5,4,1,3,2,1,10,15,1,1,5,10,1,8,3,1,26,6,10,14,0,8,3,2,2,0,2,18,2,1,0,5,5,19,4,2,5,2,16,17,16,5,0,1,5,2,1,8,9,21,79,13,19,56,7,23,24,38,2269,157,216,36,490,7518,326,71,290,15,2557,278,39,34,842,206,49,95,81,37,452,238,756,254,86,262,341,262,5204,59,190,37,126,50,463,50,13,133,9811,7328
