19578,8207,7183,2683,10713,510,249,3,5,29,0,1,4,15232,1910,44,0,1,2,2,1,135,5,2,2,12,0,18,421,1079,7,11,9,12,35,10,36,2,20,4,213,38,49,3,14,16,10,155,1150,10,12,16,14,133,8,53,0,1,0,1,1,0,0,0,18,5,57,0,4,0,0,3,0,0,0,0,0,1,1,1,0,1,0,7,0,0,6,33,0,1,9,0,0,0,0,27,10,0,1,1
8207,27432,7422,17875,653,87,535,6,5,47,3,1,2,7512,5361,19,0,0,2,2,4,423,1,2,0,2,1,23,400,687,1,2,6,7,29,4,13,2,6,4,460,115,16,2,2,34,0,312,189,8,21,46,22,42,30,94,0,0,0,0,0,0,0,0,28,2,70,0,3,0,0,3,1,0,0,0,0,0,3,0,0,0,0,12,0,0,3,30,0,0,8,0,0,0,0,63,5,0,0,1
7183,7422,31314,8526,6965,5415,8793,2,4,24,1,2,1,1228,239,13,0,1,0,2,2,232,2,0,1,0,2,22,386,791,1,1,2,1,14,2,11,0,9,2,277,55,11,0,1,30,0,527,372,3,850,1962,113,5371,496,2141,0,0,1,0,3,0,0,0,163,4,61,0,1,0,0,40,0,0,0,0,0,22,121,0,0,1,51,13,0,0,4,53,1,1,22,0,0,12,0,293,73,37,18,3
2683,17875,8526,33866,1224,3040,11060,32,71,353,30,25,13,3926,11126,7021,6,6,96,51,41,767,29,72,18,52,15,31,454,900,54,36,27,84,740,306,348,40,158,39,661,357,1386,69,30,35,39,3894,373,71,91,252,152,407,143,537,1,1,0,5,11,3,1,0,215,30,504,0,45,2,2,17,5,5,2,0,2,2,30,4,0,1,9,85,1,0,70,262,4,3,52,0,1,4,1,458,49,4,10,4
10713,653,6965,1224,21413,20779,797,2,8,26,3,1,4,6416,852,99,2,4,7,9,2,50,1,2,3,14,4,11,233,825,13,14,7,24,53,15,43,7,24,9,54,30,67,9,13,5,16,672,6445,8,10,25,10,352,10,72,0,0,1,0,2,0,0,0,33,10,73,0,9,0,2,1,1,0,0,0,1,1,4,0,0,0,1,15,0,0,4,52,1,0,10,0,0,0,0,37,7,2,6,0
510,87,5415,3040,20779,26593,14400,0,4,7,0,0,0,172,43,77,0,0,5,9,0,8,7,2,29,2,43,4,111,149,2,0,3,1,177,8,37,3,516,23,12,4,10,16,2,0,2,4965,2248,0,30,65,13,1626,43,154,0,0,0,0,1,0,0,0,15,3,30,0,0,0,0,3,0,1,0,0,2,0,2,0,0,0,4,2,0,0,3,13,0,1,9,1,0,0,0,58,7,1,2,0
249,535,8793,11060,797,14400,16029,5,23,88,12,6,3,283,184,1488,0,0,37,14,9,154,16,93,22,10,69,5,73,117,16,5,12,9,3207,345,554,4,3134,37,112,58,132,43,5,6,7,6718,88,7,168,245,89,1197,175,1152,0,0,4,1,11,1,1,1,173,19,303,0,24,1,3,15,3,2,1,0,3,2,28,7,0,0,11,67,1,0,73,179,0,0,24,1,0,0,0,351,44,10,8,1
3,6,2,32,2,0,5,29763,8281,150,1816,1284,12575,314,139,702,5482,6444,1624,9010,721,2481,247,167,173,399,47,33,57,95,1227,266,1779,247,14,70,64,955,4,54,53,56,1392,222,903,42,247,6,9,65,1,0,2,0,2,2,8,24,15,412,5,8,6,12,0,1,9,7,24,123,3,9,51,160,3,0,35,0,2,2,0,13,0,3,16,1,122,4,2,2,1,0,3,0,2,0,0,0,0,2
5,5,4,71,8,4,23,8281,54867,377,1674,2402,2390,252,165,605,1812,816,9237,3354,1476,2288,482,9195,4853,157,1026,16,66,103,713,160,991,81,76,1513,2345,515,277,172,84,92,1246,525,130,71,212,29,10,51,3,1,5,0,1,3,71,268,152,5661,49,43,55,67,18,14,82,71,370,583,93,68,679,1072,44,6,1455,0,2,43,6,65,5,32,80,6,2076,35,20,46,12,4,21,3,4,1,2,5,21,17
29,47,24,353,26,7,88,150,377,38283,4480,4092,121,306,295,1265,88,22,872,108,4701,7254,1256,116,51,32,41,17,373,528,314,178,404,33,194,656,490,59,173,18,12244,17085,3845,87,28,122,226,114,11,4544,1,1,3,1,0,4,1,4,28,35,12,3,0,0,9,4,52,2,101,4,14,4,24,2,10,0,2,0,5,20,1,5,6,15,4,0,124,40,5,6,12,0,2,1,0,9,3,2,6,8
0,3,1,30,3,0,12,1816,1674,4480,4832,8098,203,38,35,471,184,192,822,392,848,5142,1199,101,203,16,21,11,84,49,129,9,116,13,14,167,111,76,16,4,248,296,417,64,18,122,23,11,1,63,0,0,0,0,0,0,1,1,11,41,4,0,0,3,1,0,10,2,37,10,6,2,16,7,5,0,4,0,1,9,0,3,1,0,3,1,52,13,1,1,2,0,1,0,0,0,1,0,1,6
1,1,2,25,1,0,6,1284,2402,4092,8098,36169,10122,192,50,155,6411,403,425,1243,9185,3192,4359,253,936,38,212,14,159,474,365,371,10579,17,22,125,174,410,26,5,393,520,1366,376,145,112,1155,6,2,284,0,0,0,0,0,1,4,2,34,68,7,3,4,1,1,1,11,5,58,14,12,5,40,26,7,1,16,0,0,4,0,5,2,4,5,2,177,13,2,14,2,0,4,0,0,0,0,0,3,5
4,2,1,13,4,0,3,12575,2390,121,203,10122,27380,321,93,161,11743,2262,131,5320,1652,467,205,185,548,67,65,18,49,305,1218,388,8103,132,6,42,68,129,6,12,99,150,1312,94,286,18,325,0,2,231,0,0,0,1,0,0,4,3,4,142,2,2,1,4,0,0,8,1,11,44,2,5,12,70,1,0,18,0,0,2,0,7,0,1,4,0,59,0,0,0,1,0,2,0,0,0,0,0,1,1
15232,7512,1228,3926,6416,172,283,314,252,306,38,192,321,77158,25481,666,65,151,202,444,154,461,136,39,75,402,38,95,1484,29054,208,864,853,494,207,187,510,243,151,85,740,1628,4437,274,559,35,671,331,13068,5548,28,53,50,59,29,102,1,0,3,10,11,4,1,0,139,33,299,0,81,11,1,19,5,12,4,0,3,0,20,9,0,2,8,76,1,0,94,218,10,5,36,0,3,1,0,81,28,4,13,8
1910,5361,239,11126,852,43,184,139,165,295,35,50,93,25481,20429,1456,21,88,130,147,71,631,36,33,38,106,13,32,577,2421,229,112,143,128,171,193,166,96,50,44,743,698,8856,101,154,44,80,333,588,4649,12,32,23,24,15,58,0,1,0,5,5,0,0,0,49,10,105,0,26,5,2,3,10,4,1,0,3,0,11,1,0,1,5,24,3,0,40,46,2,1,13,0,2,0,0,61,7,3,5,0
44,19,13,7021,99,77,1488,702,605,1265,471,155,161,666,1456,24448,195,1272,7304,351,660,732,55,249,80,110,30,11,121,272,12362,53,125,72,2039,4838,1006,136,450,37,250,200,10953,111,84,21,44,1008,79,77,20,73,69,47,35,129,2,2,15,30,46,8,3,5,228,66,544,1,318,10,9,43,28,8,30,1,4,5,35,63,0,6,33,145,7,2,211,423,17,5,94,1,3,2,1,132,49,23,41,36
0,0,0,6,2,0,0,5482,1812,88,184,6411,11743,65,21,195,9694,5324,329,287,11946,233,82,220,39,16,10,2,9,84,4132,66,800,11,4,41,109,23,2,3,25,38,1103,11,112,4,40,1,0,47,0,0,0,0,0,0,0,2,11,52,1,1,0,1,2,0,6,0,19,2,4,0,27,1,1,0,1,0,0,2,0,2,0,0,1,0,90,3,0,1,0,0,0,0,0,0,0,0,1,1
1,0,1,6,4,0,0,6444,816,22,192,403,2262,151,88,1272,5324,4487,1506,200,1140,122,15,59,11,22,6,2,13,37,6653,38,197,6,5,31,42,32,0,3,20,21,1190,17,89,2,26,1,2,38,0,0,0,0,0,0,1,1,14,42,2,2,0,1,0,0,2,5,17,2,2,3,20,0,2,0,0,0,0,2,0,1,0,0,0,0,15,4,0,1,0,0,1,0,0,1,0,0,0,0
2,2,0,96,7,5,37,1624,9237,872,822,425,131,202,130,7304,329,1506,14636,615,1095,533,99,1544,244,76,20,9,38,67,2441,51,138,58,145,5812,330,191,86,18,99,86,1559,179,45,13,55,10,6,78,0,0,4,0,1,4,2,9,56,90,28,5,7,5,28,11,124,4,351,20,34,15,55,29,28,2,9,0,5,44,1,12,11,25,5,0,219,117,23,19,31,1,6,0,1,5,0,6,23,31
2,2,2,51,9,9,14,9010,3354,108,392,1243,5320,444,147,351,287,200,615,20184,248,817,1157,120,1875,1242,337,92,60,264,641,1325,6555,879,29,154,36,6608,80,165,84,82,1039,1928,5133,83,1184,25,14,159,0,1,1,0,0,0,23,4,12,170,4,10,37,21,8,6,11,1,45,209,5,51,33,501,5,0,184,0,0,4,2,68,0,5,66,1,82,12,1,34,0,5,26,1,2,1,0,0,4,4
1,4,2,41,2,0,9,721,1476,4701,848,9185,1652,154,71,660,11946,1140,1095,248,19060,908,308,332,52,30,21,15,217,628,2220,129,890,22,42,394,482,67,41,4,575,1191,8967,49,93,26,139,8,0,2051,0,0,4,0,0,1,1,4,28,68,22,3,5,2,4,3,42,7,162,7,13,6,71,7,14,1,8,0,3,26,0,3,6,7,9,1,269,29,4,8,6,0,4,1,0,2,1,2,5,11
135,423,232,767,50,8,154,2481,2288,7254,5142,3192,467,461,631,732,233,122,533,817,908,22405,7630,175,598,121,446,494,6983,662,264,195,530,186,153,359,276,257,129,126,12685,2323,2468,772,105,5463,272,112,20,465,3,5,2,5,2,8,2,2,11,56,5,0,0,3,22,0,60,1,57,12,6,7,15,19,3,2,21,0,7,10,2,3,5,12,3,0,60,51,5,4,13,4,6,0,1,14,4,5,1,10
5,1,2,29,1,7,16,247,482,1256,1199,4359,205,136,36,55,82,15,99,1157,308,7630,10292,218,904,760,2131,57,121,374,36,963,4117,278,32,196,60,1721,180,135,344,383,271,4369,386,4335,7158,38,8,148,0,0,1,0,0,1,3,2,3,15,1,2,4,4,0,1,1,0,13,10,2,10,7,72,0,6,121,0,0,1,2,10,1,0,8,2,15,3,1,12,2,13,35,0,8,2,0,0,1,0
2,2,0,72,2,2,93,167,9195,116,101,253,185,39,33,249,220,59,1544,120,332,175,218,9441,794,79,763,4,9,20,75,70,168,78,398,7072,4240,78,4956,296,34,28,228,614,17,18,105,73,1,27,1,0,7,0,2,1,6,47,75,1025,31,7,17,16,14,9,69,34,278,56,54,28,288,86,37,5,127,1,5,27,0,21,10,10,19,5,812,63,8,18,13,2,22,0,1,4,2,5,13,19
2,0,1,18,3,29,22,173,4853,51,203,936,548,75,38,80,39,11,244,1875,52,598,904,794,3697,136,3312,6,22,95,26,180,1590,78,62,252,68,779,426,138,46,59,107,2488,102,57,274,167,20,35,0,0,1,0,0,0,30,13,4,331,4,29,60,56,13,7,26,3,69,400,4,123,72,1165,8,2,931,0,1,4,4,115,2,10,118,4,159,4,4,84,3,11,63,0,7,3,0,0,4,3
12,2,0,52,14,2,10,399,157,32,16,38,67,402,106,110,16,22,76,1242,30,121,760,79,136,22746,531,132,35,132,103,23553,1123,6327,13,99,8,14893,37,329,38,33,450,16464,4716,150,4318,11,13,28,0,0,1,0,0,0,0,0,1,3,0,0,0,0,1,0,2,2,2,3,0,6,3,15,0,2,42,0,1,0,2,2,0,1,2,0,12,3,1,3,1,7,30,0,2,0,0,0,0,0
0,1,2,15,4,43,69,47,1026,41,21,212,65,38,13,30,10,6,20,337,21,446,2131,763,3312,531,23255,88,18,37,6,958,828,384,124,272,845,299,1635,10672,24,33,56,7717,216,138,1057,435,23,20,0,1,3,0,0,4,6,2,0,49,5,23,104,27,10,8,11,0,42,157,8,415,58,1436,4,41,3420,6,4,4,37,262,7,3,160,73,62,9,5,289,10,119,604,5,61,2,1,5,7,5
18,23,22,31,11,4,5,33,16,17,11,14,18,95,32,11,2,2,9,92,15,494,57,4,6,132,88,42105,662,137,4,220,34,7785,4,8,89,69,32,12033,244,69,87,176,108,11422,3501,7,2,29,0,0,1,1,0,1,0,0,0,3,2,0,1,1,0,1,2,0,2,5,0,0,1,15,0,3,68,27,0,0,0,3,1,0,1,8,17,4,0,3,1,153,19,0,2,1,0,0,0,1
421,400,386,454,233,111,73,57,66,373,84,159,49,1484,577,121,9,13,38,60,217,6983,121,9,22,35,18,662,78818,9043,38,130,215,87,35,44,106,35,35,29,22115,1598,759,37,46,825,139,78,9475,561,3,5,4,10,1,7,0,0,1,5,2,0,0,0,15,4,33,0,18,1,0,1,2,0,3,0,0,0,1,5,0,1,0,12,1,0,23,30,0,2,5,0,0,0,0,9,1,0,4,0
1079,687,791,900,825,149,117,95,103,528,49,474,305,29054,2421,272,84,37,67,264,628,662,374,20,95,132,37,137,9043,53244,82,739,1091,232,101,124,274,164,77,35,11617,19886,2903,155,242,129,546,81,2258,5279,5,9,19,23,6,36,0,1,3,5,8,1,1,0,47,10,122,2,56,1,2,6,2,5,5,2,3,0,2,8,0,0,2,31,0,0,48,90,2,2,13,0,0,0,0,25,2,3,15,4
7,1,1,54,13,2,16,1227,713,314,129,365,1218,208,229,12362,4132,6653,2441,641,2220,264,36,75,26,103,6,4,38,82,16162,118,406,86,127,631,286,181,51,28,106,95,18315,67,339,9,97,28,5,124,5,3,11,0,4,9,0,1,16,22,13,4,2,0,74,10,135,2,107,8,3,9,17,9,8,1,1,1,9,23,0,1,5,39,3,3,108,105,7,1,24,0,1,1,1,10,13,5,14,5
11,2,1,36,14,0,5,266,160,178,9,371,388,864,112,53,66,38,51,1325,129,195,963,70,180,23553,958,220,130,739,118,35342,10936,7935,12,58,21,1259,35,224,206,220,476,4300,3822,140,20537,10,9,236,0,0,0,0,0,0,0,0,2,5,0,0,0,1,0,0,2,1,8,3,1,3,3,9,1,2,45,0,0,1,1,2,0,0,1,2,5,1,0,3,0,3,18,0,2,0,0,0,1,0
9,6,2,27,7,3,12,1779,991,404,116,10579,8103,853,143,125,800,197,138,6555,890,530,4117,168,1590,1123,828,34,215,1091,406,10936,22202,370,24,163,61,2383,57,52,384,480,1055,3084,3007,54,8507,13,11,471,0,0,0,0,0,2,1,1,3,20,2,1,1,0,1,0,10,2,20,22,5,3,5,46,1,0,30,0,0,1,0,4,0,1,6,0,42,4,1,11,0,0,9,0,0,0,0,0,1,1
12,7,1,84,24,1,9,247,81,33,13,17,132,494,128,72,11,6,58,879,22,186,278,78,78,6327,384,7785,87,232,86,7935,370,22231,21,94,26,1368,64,13102,94,44,368,9255,1530,2101,16286,24,20,46,0,0,0,0,0,0,0,0,0,4,0,0,0,0,1,0,1,0,1,1,0,6,3,10,0,4,103,1,0,0,2,5,0,0,1,9,7,0,0,5,0,103,51,0,6,0,0,0,0,0
35,29,14,740,53,177,3207,14,76,194,14,22,6,207,171,2039,4,5,145,29,42,153,32,398,62,13,124,4,35,101,127,12,24,21,3904,3983,1275,13,6278,50,64,50,499,73,5,1,13,2264,35,15,12,26,46,6,11,64,0,0,3,12,27,2,0,0,122,23,250,0,67,5,3,18,11,3,4,0,4,2,21,14,0,2,14,76,3,3,156,191,2,0,30,0,1,1,0,40,34,13,22,5
10,4,2,306,15,8,345,70,1513,656,167,125,42,187,193,4838,41,31,5812,154,394,359,196,7072,252,99,272,8,44,124,631,58,163,94,3983,9914,3277,92,5454,122,132,118,1885,387,23,10,79,124,4,76,4,8,25,5,8,12,4,5,28,65,86,12,4,10,139,34,390,3,544,4,20,63,50,23,29,2,23,3,37,84,0,9,29,110,12,2,392,380,23,18,72,1,7,2,0,13,38,15,48,41
36,13,11,348,43,37,554,64,2345,490,111,174,68,510,166,1006,109,42,330,36,482,276,60,4240,68,8,845,89,106,274,286,21,61,26,1275,3277,4944,16,5250,1034,191,165,1169,98,6,12,35,397,43,103,7,2,12,0,2,20,0,8,5,230,38,2,2,2,54,19,199,5,212,5,15,22,51,7,12,0,50,2,16,32,2,1,15,51,2,1,685,318,15,5,63,11,6,2,1,8,19,15,35,18
2,2,0,40,7,3,4,955,515,59,76,410,129,243,96,136,23,32,191,6608,67,257,1721,78,779,14893,299,69,35,164,181,1259,2383,1368,13,92,16,23964,17,284,64,47,515,14782,9078,65,1011,7,10,48,0,0,2,0,0,1,0,2,3,8,4,2,2,3,2,2,4,1,9,5,0,24,10,61,1,0,39,0,0,1,0,17,0,2,17,4,11,3,0,9,1,2,17,0,0,0,0,0,1,0
20,6,9,158,24,516,3134,4,277,173,16,26,6,151,50,450,2,0,86,80,41,129,180,4956,426,37,1635,32,35,77,51,35,57,64,6278,5454,5250,17,28999,1143,45,57,249,417,7,21,58,4669,14,16,7,11,29,12,6,107,0,0,5,16,19,3,1,0,79,17,239,1,138,4,2,24,6,35,5,1,76,4,19,24,0,6,10,69,7,0,167,182,3,9,36,5,14,1,2,44,23,20,27,8
4,4,2,39,9,23,37,54,172,18,4,5,12,85,44,37,3,3,18,165,4,126,135,296,138,329,10672,12033,29,35,28,224,52,13102,50,122,1034,284,1143,39143,28,16,116,4248,236,1133,1797,308,12,7,0,0,0,0,0,3,0,2,1,11,1,1,6,6,3,2,0,0,10,28,3,85,14,179,0,49,1716,59,0,0,64,52,0,2,37,148,59,1,0,62,9,1776,718,8,50,8,0,0,1,0
213,460,277,661,54,12,112,53,84,12244,248,393,99,740,743,250,25,20,99,84,575,12685,344,34,46,38,24,244,22115,11617,106,206,384,94,64,132,191,64,45,28,53490,14040,1810,60,78,294,171,60,33,1406,2,4,5,3,6,9,0,1,2,4,4,1,2,0,13,1,35,0,29,1,2,4,6,0,4,1,1,0,2,3,0,2,1,9,3,0,40,37,1,3,8,0,0,1,0,8,4,2,4,1
38,115,55,357,30,4,58,56,92,17085,296,520,150,1628,698,200,38,21,86,82,1191,2323,383,28,59,33,33,69,1598,19886,95,220,480,44,50,118,165,47,57,16,14040,32526,3112,50,51,110,167,29,99,11935,0,3,2,0,1,2,1,1,5,5,7,0,1,1,4,4,21,1,32,2,0,2,4,0,3,0,1,0,2,6,0,0,3,6,0,1,34,15,2,3,4,0,0,0,0,4,1,0,1,3
49,16,11,1386,67,10,132,1392,1246,3845,417,1366,1312,4437,8856,10953,1103,1190,1559,1039,8967,2468,271,228,107,450,56,87,759,2903,18315,476,1055,368,499,1885,1169,515,249,116,1810,3112,97804,353,688,79,374,166,71,10658,6,21,36,13,11,42,1,3,20,43,39,12,3,4,125,25,279,1,247,24,8,23,40,35,12,0,9,1,18,44,1,5,19,78,8,0,279,227,4,9,36,0,3,0,2,31,26,19,30,13
3,2,0,69,9,16,43,222,525,87,64,376,94,274,101,111,11,17,179,1928,49,772,4369,614,2488,16464,7717,176,37,155,67,4300,3084,9255,73,387,98,14782,417,4248,60,50,353,100453,1079,730,4308,105,16,33,0,0,1,0,0,1,2,1,2,20,2,2,15,4,2,2,10,1,20,20,2,79,11,209,2,14,490,4,0,1,10,49,0,4,36,16,20,7,2,51,3,87,180,4,23,1,0,1,3,0
14,2,1,30,13,2,5,903,130,28,18,145,286,559,154,84,112,89,45,5133,93,105,386,17,102,4716,216,108,46,242,339,3822,3007,1530,5,23,6,9078,7,236,78,51,688,1079,8852,25,1655,4,12,145,0,0,0,0,0,0,0,0,0,6,1,1,2,1,1,1,1,0,4,5,1,7,3,40,0,1,19,0,0,0,0,8,0,2,1,1,3,3,0,9,1,1,9,0,0,0,0,0,0,0
16,34,30,35,5,0,6,42,71,122,122,112,18,35,44,21,4,2,13,83,26,5463,4335,18,57,150,138,11422,825,129,9,140,54,2101,1,10,12,65,21,1133,294,110,79,730,25,9993,10405,5,2,30,0,0,0,0,1,0,0,0,1,1,0,0,0,0,0,1,1,0,3,1,1,2,1,2,0,0,26,0,0,0,1,1,0,0,0,5,4,3,1,1,1,16,20,1,1,1,1,0,1,0
10,0,0,39,16,2,7,247,212,226,23,1155,325,671,80,44,40,26,55,1184,139,272,7158,105,274,4318,1057,3501,139,546,97,20537,8507,16286,13,79,35,1011,58,1797,171,167,374,4308,1655,10405,40091,14,11,137,0,0,0,0,0,0,0,1,0,5,1,0,0,0,0,0,2,0,1,5,0,3,5,16,2,7,55,1,0,2,2,5,0,0,4,4,10,0,0,5,1,15,31,0,2,0,0,0,1,0
155,312,527,3894,672,4965,6718,6,29,114,11,6,0,331,333,1008,1,1,10,25,8,112,38,73,167,11,435,7,78,81,28,10,13,24,2264,124,397,7,4669,308,60,29,166,105,4,5,14,8881,584,6,41,146,67,158,100,297,0,0,0,0,1,0,0,1,70,11,160,0,9,0,0,5,2,5,0,0,19,0,9,2,0,1,7,31,2,1,23,128,0,2,26,2,4,0,0,285,27,3,0,4
1150,189,372,373,6445,2248,88,9,10,11,1,2,2,13068,588,79,0,2,6,14,0,20,8,1,20,13,23,2,9475,2258,5,9,11,20,35,4,43,10,14,12,33,99,71,16,12,2,11,584,16878,2,9,25,8,37,11,33,0,0,0,0,2,2,0,0,10,4,20,0,3,1,0,1,1,2,0,0,0,0,4,0,0,0,1,8,0,0,5,10,1,0,4,0,0,0,0,23,7,1,1,1
10,8,3,71,8,0,7,65,51,4544,63,284,231,5548,4649,77,47,38,78,159,2051,465,148,27,35,28,20,29,561,5279,124,236,471,46,15,76,103,48,16,7,1406,11935,10658,33,145,30,137,6,2,20709,0,1,0,0,1,0,0,0,2,6,1,0,0,0,1,0,7,0,18,3,1,2,2,0,0,0,0,0,1,3,0,0,0,1,0,0,17,6,1,3,1,0,0,0,0,1,0,0,0,2
12,21,850,91,10,30,168,1,3,1,0,0,0,28,12,20,0,0,0,0,0,3,0,1,0,0,0,0,3,5,5,0,0,0,12,4,7,0,7,0,2,0,6,0,0,0,0,41,9,0,46220,12660,2126,12025,9314,2913,1,0,9,4,23,3,0,0,16146,73,643,2,7,0,2,134,6,3,4,4,8,105,2080,4,3,21,449,19,13,8,72,258,12,7,191,1,11,53,3,268,19644,186,81,17
16,46,1962,252,25,65,245,0,1,1,0,0,0,53,32,73,0,0,0,1,0,5,0,0,0,0,1,0,5,9,3,0,0,0,26,8,2,0,11,0,4,3,21,0,0,0,0,146,25,1,12660,53802,16306,8192,1512,6434,1,0,6,4,64,15,5,2,8426,79,381,2,11,3,5,609,1,0,5,1,3,206,1285,2,5,15,506,26,7,12,96,219,19,2,115,0,3,145,10,662,967,639,381,36
14,22,113,152,10,13,89,2,5,3,0,0,0,50,23,69,0,0,4,1,4,2,1,7,1,1,3,1,4,19,11,0,0,0,46,25,12,2,29,0,5,2,36,1,0,0,0,67,8,0,2126,16306,35412,539,221,8136,0,9,25,31,179,37,7,5,14217,9096,6021,8,88,25,26,452,19,10,16,12,7,63,499,21,13,51,234,559,29,11,216,527,37,48,63,0,31,74,13,401,776,374,480,65
133,42,5371,407,352,1626,1197,0,0,1,0,0,1,59,24,47,0,0,0,0,0,5,0,0,0,0,0,1,10,23,0,0,0,0,6,5,0,0,12,0,3,0,13,0,0,0,0,158,37,0,12025,8192,539,18858,17378,11071,0,3,2,2,19,1,1,0,822,25,188,0,1,1,3,143,1,0,1,1,2,112,770,1,1,2,243,6,4,5,44,452,3,0,921,2,2,61,3,1130,669,229,96,12
8,30,496,143,10,43,175,2,1,0,0,0,0,29,15,35,0,0,1,0,0,2,0,2,0,0,0,0,1,6,4,0,0,0,11,8,2,0,6,0,6,1,11,0,0,1,0,100,11,1,9314,1512,221,17378,19572,10316,1,4,1,11,12,2,5,1,1009,19,740,1,8,6,1,59,31,8,3,4,71,31,477,0,2,8,70,7,8,7,99,3360,4,6,1873,10,40,13,2,5278,6005,36,21,9
53,94,2141,537,72,154,1152,2,3,4,0,1,0,102,58,129,0,0,4,0,1,8,1,1,0,0,4,1,7,36,9,0,2,0,64,12,20,1,107,3,9,2,42,1,0,0,0,297,33,0,2913,6434,8136,11071,10316,24087,0,2,5,3,79,4,2,1,1486,39,1313,0,13,0,2,168,23,2,2,2,10,45,309,4,4,3,110,13,2,1,218,3088,11,5,2307,1,6,23,4,3894,463,155,149,18
0,0,0,1,0,0,0,8,71,1,1,4,4,1,0,2,0,1,2,23,1,2,3,6,30,0,6,0,0,0,0,0,1,0,0,4,0,0,0,0,0,1,1,2,0,0,0,0,0,0,1,1,0,0,1,0,4129,6498,960,314,18,162,291,5194,155,224,166,1463,69,3566,78,332,6,145,199,51,18,4,11,383,52,3945,8,243,515,50,14,4,105,57,1,4,31,17,46,1,4,4,15,9
1,0,0,1,0,0,0,24,268,4,1,2,3,0,1,2,2,1,9,4,4,2,2,47,13,0,2,0,0,1,1,0,1,0,0,5,8,2,0,2,1,1,3,1,0,0,1,0,0,0,0,0,9,3,4,2,6498,24334,4408,2678,88,1120,536,4600,144,181,226,7605,366,2614,369,1696,22,52,208,26,20,9,12,885,22,697,16,315,234,36,72,6,50,172,5,4,42,40,34,5,9,18,32,16
0,0,1,0,1,0,4,15,152,28,11,34,4,3,0,15,11,14,56,12,28,11,3,75,4,1,0,0,1,3,16,2,3,0,3,28,5,3,5,1,2,5,20,2,0,1,0,0,0,2,9,6,25,2,1,5,960,4408,1922,4077,261,1073,311,948,314,328,664,2685,2899,803,786,895,104,41,459,17,7,12,35,1611,13,310,14,616,172,16,95,17,84,93,9,2,20,11,17,4,17,45,58,30
1,0,0,5,0,0,1,412,5661,35,41,68,142,10,5,30,52,42,90,170,68,56,15,1025,331,3,49,3,5,5,22,5,20,4,12,65,230,8,16,11,4,5,43,20,6,1,5,0,0,6,4,4,31,2,11,3,314,2678,4077,45593,278,1259,1228,1605,113,98,403,1352,7511,2998,1144,1843,7266,5361,165,62,1458,11,25,330,63,767,23,230,293,89,5636,166,47,544,82,45,265,46,62,5,14,25,76,67
1,0,3,11,2,1,11,5,49,12,4,7,2,11,5,46,1,2,28,4,22,5,1,31,4,0,5,2,2,8,13,0,2,0,27,86,38,4,19,1,4,7,39,2,1,0,1,1,2,1,23,64,179,19,12,79,18,88,261,278,40588,5230,436,44,442,758,2078,78,2125,89,3633,3753,174,73,222,28,44,58,219,304,43,223,206,725,72,90,470,498,680,115,103,2,124,110,105,110,29,23319,18917,5852
0,0,0,3,0,0,1,8,43,3,0,3,2,4,0,8,1,2,5,10,3,0,2,7,29,0,23,0,0,1,4,0,1,0,2,12,2,2,3,1,1,0,12,2,1,0,0,0,2,0,3,15,37,1,2,4,162,1120,1073,1259,5230,12326,8932,259,65,125,474,385,939,537,3874,8374,106,281,349,16,43,30,117,442,13,154,61,168,134,40,77,85,222,164,14,2,110,197,49,12,2,358,459,615
0,0,0,1,0,0,1,6,55,0,0,4,1,1,0,3,0,0,7,37,5,0,4,17,60,0,104,1,0,1,2,0,1,0,0,4,2,2,1,6,2,1,3,15,2,0,0,0,0,0,0,5,7,1,5,2,291,536,311,1228,436,8932,24521,6455,133,274,159,1786,304,1656,8236,7929,114,1062,1582,15,88,11,17,715,51,8568,99,199,402,60,40,37,607,444,7,6,189,56,166,7,1,33,112,378
0,0,0,0,0,0,1,12,67,0,3,1,4,0,0,5,1,1,5,21,2,3,4,16,56,0,27,1,0,0,0,1,0,0,0,10,2,3,0,6,0,1,4,4,1,0,0,1,0,0,0,2,5,0,1,1,5194,4600,948,1605,44,259,6455,24940,135,431,288,16422,255,3463,3937,814,63,980,1609,21,46,10,28,1553,46,13637,69,399,694,53,68,26,607,195,4,3,61,10,66,2,6,10,58,139
18,28,163,215,33,15,173,0,18,9,1,1,0,139,49,228,2,0,28,8,4,22,0,14,13,1,10,0,15,47,74,0,1,1,122,139,54,2,79,3,13,4,125,2,1,0,0,70,10,1,16146,8426,14217,822,1009,1486,155,144,314,113,442,65,133,135,109659,15536,2244,203,315,264,152,978,33,58,279,348,22,190,3627,260,271,1757,4753,1259,916,400,504,555,1384,413,124,22,170,112,225,390,12362,749,1188,862
5,2,4,30,10,3,19,1,14,4,0,1,0,33,10,66,0,0,11,6,3,0,1,9,7,0,8,1,4,10,10,0,0,0,23,34,19,2,17,2,1,4,25,2,1,1,0,11,4,0,73,79,9096,25,19,39,224,181,328,98,758,125,274,431,15536,44570,2823,261,332,363,246,1231,30,78,425,215,19,94,857,374,198,2143,3552,7625,839,269,185,133,9784,370,21,11,117,106,224,47,171,696,7590,9737
57,70,61,504,73,30,303,9,82,52,10,11,8,299,105,544,6,2,124,11,42,60,1,69,26,2,11,2,33,122,135,2,10,1,250,390,199,4,239,0,35,21,279,10,1,1,2,160,20,7,643,381,6021,188,740,1313,166,226,664,403,2078,474,159,288,2244,2823,30348,213,10621,444,436,955,488,146,1495,114,57,40,297,8018,69,645,227,16203,379,120,1830,7246,823,432,386,18,120,56,79,2386,340,444,808,565
0,0,0,0,0,0,0,7,71,2,2,5,1,0,0,1,0,5,4,1,7,1,0,34,3,2,0,0,0,2,2,1,2,0,0,3,5,1,1,0,0,1,1,1,0,0,0,0,0,0,2,2,8,0,1,0,1463,7605,2685,1352,78,385,1786,16422,203,261,213,13307,291,247,7603,561,87,38,2998,7,6,5,25,9173,5,427,36,347,103,11,47,5,218,15,3,1,15,15,22,1,15,8,42,30
4,3,1,45,9,0,24,24,370,101,37,58,11,81,26,318,19,17,351,45,162,57,13,278,69,2,42,2,18,56,107,8,20,1,67,544,212,9,138,10,29,32,247,20,4,3,1,9,3,18,7,11,88,1,8,13,69,366,2899,7511,2125,939,304,255,315,332,10621,291,20888,672,1264,1025,6932,694,1317,99,402,26,118,2115,118,595,132,861,181,172,3954,3910,779,339,744,56,444,24,141,65,22,182,467,888
0,0,0,2,0,0,1,123,583,4,10,14,44,11,5,10,2,2,20,209,7,12,10,56,400,3,157,5,1,1,8,3,22,1,5,4,5,5,4,28,1,2,24,20,5,1,5,0,1,3,0,3,25,1,6,0,3566,2614,803,2998,89,537,1656,3463,264,363,444,247,672,7867,171,1872,114,2351,260,436,294,17,23,451,311,10096,39,453,4260,348,130,30,164,4797,13,15,867,36,236,4,9,13,58,53
0,0,0,2,2,0,3,3,93,14,6,12,2,1,2,9,4,2,34,5,13,6,2,54,4,0,8,0,0,2,3,1,5,0,3,20,15,0,2,3,2,0,8,2,1,1,0,0,0,1,2,5,26,3,1,2,78,369,786,1144,3633,3874,8236,3937,152,246,436,7603,1264,171,23704,1669,242,82,10619,16,23,17,84,2420,35,401,214,339,91,58,231,154,1263,103,24,0,63,40,75,7,6,137,821,7932
3,3,40,17,1,3,15,9,68,4,2,5,5,19,3,43,0,3,15,51,6,7,10,28,123,6,415,0,1,6,9,3,3,6,18,63,22,24,24,85,4,2,23,79,7,2,3,5,1,2,134,609,452,143,59,168,332,1696,895,1843,3753,8374,7929,814,978,1231,955,561,1025,1872,1669,52391,405,1900,698,589,1182,2652,4603,315,363,5726,1737,698,928,1323,287,346,805,2254,265,162,4185,10159,8383,205,44,4186,2554,1438
0,1,0,5,1,0,3,51,679,24,16,40,12,5,10,28,27,20,55,33,71,15,7,288,72,3,58,1,2,2,17,3,5,3,11,50,51,10,6,14,6,4,40,11,3,1,5,2,1,2,6,1,19,1,31,23,6,22,104,7266,174,106,114,63,33,30,488,87,6932,114,242,405,9163,2101,84,64,2318,18,14,40,46,256,21,36,60,132,6450,2425,40,83,1923,230,583,13,105,252,8,16,71,68
0,0,0,5,0,1,2,160,1072,2,7,26,70,12,4,8,1,0,29,501,7,19,72,86,1165,15,1436,15,0,5,9,9,46,10,3,23,7,61,35,179,0,0,35,209,40,2,16,5,2,0,3,0,10,0,8,2,145,52,41,5361,73,281,1062,980,58,78,146,38,694,2351,82,1900,2101,10417,58,209,12204,40,15,19,215,2115,30,44,426,444,621,173,43,1844,309,486,3732,41,348,108,5,12,54,54
0,0,0,2,0,0,1,3,44,10,5,7,1,4,1,30,1,2,28,5,14,3,0,37,8,0,4,0,3,5,8,1,1,0,4,29,12,1,5,0,4,3,12,2,0,0,2,0,0,0,4,5,16,1,3,2,199,208,459,165,222,349,1582,1609,279,425,1495,2998,1317,260,10619,698,84,58,12675,46,12,17,51,8458,79,1301,152,2657,277,83,241,158,9630,90,17,3,41,12,126,3,12,28,196,3421
0,0,0,0,0,0,0,0,6,0,0,1,0,0,0,1,0,0,2,0,1,2,6,5,2,2,41,3,0,2,1,2,0,4,0,2,0,0,1,49,1,0,0,14,1,0,7,0,0,0,4,1,12,1,4,2,51,26,17,62,28,16,15,21,348,215,114,7,99,436,16,589,64,209,46,23676,377,70,42,24,9666,1278,61,194,9387,7011,30,14,46,13514,34,53,10588,48,371,21,23,13,44,13
0,0,0,2,1,2,3,35,1455,2,4,16,18,3,3,4,1,0,9,184,8,21,121,127,931,42,3420,68,0,3,1,45,30,103,4,23,50,39,76,1716,1,1,9,490,19,26,55,19,0,0,8,3,7,2,71,10,18,20,7,1458,44,43,88,46,22,19,57,6,402,294,23,1182,2318,12204,12,377,23728,525,14,5,427,549,23,18,324,1322,1259,577,13,1123,2119,11706,15657,68,625,675,23,9,43,30
1,0,22,2,1,0,2,0,0,0,0,0,0,0,0,5,0,0,0,0,0,0,0,1,0,0,6,27,0,0,1,0,0,1,2,3,2,0,4,59,0,0,1,4,0,0,1,0,0,0,105,206,63,112,31,45,4,9,12,11,58,30,11,10,190,94,40,5,26,17,17,2652,18,40,17,70,525,33165,2566,4,83,59,332,36,47,5886,27,18,48,118,22,26959,843,13449,207,12,28,342,203,77
1,3,121,30,4,2,28,2,2,5,1,0,0,20,11,35,0,0,5,0,3,7,0,5,1,1,4,0,1,2,9,0,0,0,21,37,16,0,19,0,2,2,18,0,0,0,0,9,4,1,2080,1285,499,770,477,309,11,12,35,25,219,117,17,28,3627,857,297,25,118,23,84,4603,14,15,51,42,14,2566,108471,30,46,294,13189,184,107,83,127,112,375,55,26,15,48,508,64,138,11180,12007,3095,723
1,0,0,4,0,0,7,2,43,20,9,4,2,9,1,63,2,2,44,4,26,10,1,27,4,0,4,0,5,8,23,1,1,0,14,84,32,1,24,0,3,6,44,1,0,0,2,2,0,3,4,2,21,1,0,4,383,885,1611,330,304,442,715,1553,260,374,8018,9173,2115,451,2420,315,40,19,8458,24,5,4,30,14174,43,871,29,6767,188,23,180,50,675,102,19,0,21,6,34,6,12,27,51,42
0,0,0,0,0,0,0,0,6,1,0,0,0,0,0,0,0,0,1,2,0,2,2,0,4,2,37,0,0,0,0,1,0,2,0,0,2,0,0,64,0,0,1,10,0,1,2,0,0,0,3,5,13,1,2,4,52,22,13,63,43,13,51,46,271,198,69,5,118,311,35,363,46,215,79,9666,427,83,46,43,16825,2649,123,108,6684,10275,26,26,106,2164,42,47,2019,183,12359,25,15,15,99,84
1,0,1,1,0,0,0,13,65,5,3,5,7,2,1,6,2,1,12,68,3,3,10,21,115,2,262,3,1,0,1,2,4,5,2,9,1,17,6,52,2,0,5,49,8,1,5,1,0,0,21,15,51,2,8,3,3945,697,310,767,223,154,8568,13637,1757,2143,645,427,595,10096,401,5726,256,2115,1301,1278,549,59,294,871,2649,24870,762,1040,9699,1473,98,111,1246,3093,96,27,1932,58,6860,56,77,131,676,610
0,0,51,9,1,4,11,0,5,6,1,2,0,8,5,33,0,0,11,0,6,5,1,10,2,0,7,1,0,2,5,0,0,0,14,29,15,0,10,0,1,3,19,0,0,0,0,7,1,0,449,506,234,243,70,110,8,16,14,23,206,61,99,69,4753,3552,227,36,132,39,214,1737,21,30,152,61,23,332,13189,29,123,762,48767,198,207,140,149,99,1393,54,41,9,51,153,133,31,453,5603,24809,3310
7,12,13,85,15,2,67,3,32,15,0,4,1,76,24,145,0,0,25,5,7,12,0,10,10,1,3,0,12,31,39,0,1,0,76,110,51,2,69,2,9,6,78,4,2,0,0,31,8,1,19,26,559,6,7,13,243,315,616,230,725,168,199,399,1259,7625,16203,347,861,453,339,698,36,44,2657,194,18,36,184,6767,108,1040,198,14042,622,190,401,230,4544,478,62,8,119,38,103,122,59,338,774,254
0,0,0,1,0,0,1,16,80,4,3,5,4,1,3,7,1,0,5,66,9,3,8,19,118,2,160,1,1,0,3,1,6,1,3,12,2,17,7,37,3,0,8,36,1,0,4,2,0,0,13,7,29,4,8,2,515,234,172,293,72,134,402,694,916,839,379,103,181,4260,91,928,60,426,277,9387,324,47,107,188,6684,9699,207,622,16159,2100,45,37,272,6115,43,45,1106,32,1685,18,38,47,151,92
0,0,0,0,0,0,0,1,6,0,1,2,0,0,0,2,0,0,0,1,1,0,2,5,4,0,73,8,0,0,3,2,0,9,3,2,1,4,0,148,0,1,0,16,1,5,4,1,0,0,8,12,11,5,7,1,50,36,16,89,90,40,60,53,400,269,120,11,172,348,58,1323,132,444,83,7011,1322,5886,83,23,10275,1473,140,190,2100,39553,37,72,126,2833,121,6824,10571,2796,5038,72,27,42,167,179
6,3,4,70,4,3,73,122,2076,124,52,177,59,94,40,211,90,15,219,82,269,60,15,812,159,12,62,17,23,48,108,5,42,7,156,392,685,11,167,59,40,34,279,20,3,4,10,23,5,17,72,96,216,44,99,218,14,72,95,5636,470,77,40,68,504,185,1830,47,3954,130,231,287,6450,621,241,30,1259,27,127,180,26,98,149,401,45,37,7702,5841,280,65,6623,210,289,26,38,963,83,149,346,459
33,30,53,262,52,13,179,4,35,40,13,13,0,218,46,423,3,4,117,12,29,51,3,63,4,3,9,4,30,90,105,1,4,0,191,380,318,3,182,1,37,15,227,7,3,3,0,128,10,6,258,219,527,452,3360,3088,4,6,17,166,498,85,37,26,555,133,7246,5,3910,30,154,346,2425,173,158,14,577,18,112,50,26,111,99,230,37,72,5841,24760,213,59,14538,77,297,24,35,8548,140,119,267,315
0,0,1,4,1,0,0,2,20,5,1,2,0,10,2,17,0,0,23,1,4,5,1,8,4,1,5,0,0,2,7,0,1,0,2,23,15,0,3,0,1,2,4,2,0,1,0,0,1,1,12,19,37,3,4,11,105,50,84,47,680,222,607,607,1384,9784,823,218,779,164,1263,805,40,43,9630,46,13,48,375,675,106,1246,1393,4544,272,126,280,213,24845,84,30,4,43,31,173,16,58,273,2166,16626
1,0,1,3,0,1,0,2,46,6,1,14,0,5,1,5,1,1,19,34,8,4,12,18,84,3,289,3,2,2,1,3,11,5,0,18,5,9,9,62,3,3,9,51,9,1,5,2,0,3,7,2,48,0,6,5,57,172,93,544,115,164,444,195,413,370,432,15,339,4797,103,2254,83,1844,90,13514,1123,118,55,102,2164,3093,54,478,6115,2833,65,59,84,29782,45,151,13289,58,917,31,36,27,93,67
9,8,22,52,10,9,24,1,12,12,2,2,1,36,13,94,0,0,31,0,6,13,2,13,3,1,10,1,5,13,24,0,0,0,30,72,63,1,36,9,8,4,36,3,1,1,1,26,4,1,191,115,63,921,1873,2307,1,5,9,82,103,14,7,4,124,21,386,3,744,13,24,265,1923,309,17,34,2119,22,26,19,42,96,41,62,43,121,6623,14538,30,45,20785,348,685,13,85,8758,57,21,69,57
0,0,0,0,0,1,1,0,4,0,0,0,0,0,0,1,0,0,1,5,0,4,13,2,11,7,119,153,0,0,0,3,0,103,0,1,11,2,5,1776,0,0,0,87,1,16,15,2,0,0,1,0,0,2,10,1,4,4,2,45,2,2,6,3,22,11,18,1,56,15,0,162,230,486,3,53,11706,26959,15,0,47,27,9,8,45,6824,210,77,4,151,348,41005,10559,401,220,116,2,3,14,4
0,0,0,1,0,0,0,3,21,2,1,4,2,3,2,3,0,1,6,26,4,6,35,22,63,30,604,19,0,0,1,18,9,51,1,7,6,17,14,718,0,0,3,180,9,20,31,4,0,0,11,3,31,2,40,6,31,42,20,265,124,110,189,61,170,117,120,15,444,867,63,4185,583,3732,41,10588,15657,843,48,21,2019,1932,51,119,1106,10571,289,297,43,13289,685,10559,71041,618,2300,312,23,24,95,95
0,0,12,4,0,0,0,0,3,1,0,0,0,1,0,2,0,0,0,1,1,0,0,0,0,0,5,0,0,0,1,0,0,0,1,2,2,0,1,8,1,0,0,4,0,1,0,0,0,0,53,145,74,61,13,23,17,40,11,46,110,197,56,10,112,106,56,15,24,36,40,10159,13,41,12,48,68,13449,508,6,183,58,153,38,32,2796,26,24,31,58,13,401,618,18360,10786,9,6,141,135,81
0,0,0,1,0,0,0,2,4,0,0,0,0,0,0,1,0,0,1,2,0,1,8,1,7,2,61,2,0,0,1,2,0,6,0,0,1,0,2,50,0,0,2,23,0,1,2,0,0,0,3,10,13,3,2,4,46,34,17,62,105,49,166,66,225,224,79,22,141,236,75,8383,105,348,126,371,625,207,64,34,12359,6860,133,103,1685,5038,38,35,173,917,85,220,2300,10786,23900,33,10,44,140,202
27,63,293,458,37,58,351,0,1,9,0,0,0,81,61,132,0,1,5,1,2,14,2,4,3,0,2,1,9,25,10,0,0,0,40,13,8,0,44,8,8,4,31,1,0,1,0,285,23,1,268,662,401,1130,5278,3894,1,5,4,5,110,12,7,2,390,47,2386,1,65,4,7,205,252,108,3,21,675,12,138,6,25,56,31,122,18,72,963,8548,16,31,8758,116,312,9,33,14393,936,43,92,22
10,5,73,49,7,7,44,0,2,3,1,0,0,28,7,49,0,0,0,0,1,4,0,2,0,0,1,0,1,2,13,0,0,0,34,38,19,0,23,0,4,1,26,0,0,1,0,27,7,0,19644,967,776,669,6005,463,4,9,17,14,29,2,1,6,12362,171,340,15,22,9,6,44,8,5,12,23,23,28,11180,12,15,77,453,59,38,27,83,140,58,36,57,2,23,6,10,936,32285,69,76,25
0,0,37,4,2,1,10,0,5,2,0,0,0,4,3,23,0,0,6,0,2,5,0,5,0,0,5,0,0,3,5,0,0,0,13,15,15,0,20,0,2,0,19,1,0,0,0,3,1,0,186,639,374,229,36,155,4,18,45,25,23319,358,33,10,749,696,444,8,182,13,137,4186,16,12,28,13,9,342,12007,27,15,131,5603,338,47,42,149,119,273,27,21,3,24,141,44,43,69,34846,6836,598
1,0,18,10,6,2,8,0,21,6,1,3,1,13,5,41,1,0,23,4,5,1,1,13,4,0,7,0,4,15,14,1,1,0,22,48,35,1,27,1,4,1,30,3,0,1,1,0,1,0,81,381,480,96,21,149,15,32,58,76,18917,459,112,58,1188,7590,808,42,467,58,821,2554,71,54,196,44,43,203,3095,51,99,676,24809,774,151,167,346,267,2166,93,69,14,95,135,140,92,76,6836,41263,13202
1,1,3,4,0,0,1,2,17,8,6,5,1,8,0,36,1,0,31,4,11,10,0,19,3,0,5,1,0,4,5,0,1,0,5,41,18,0,8,0,1,3,13,0,0,0,0,4,1,2,17,36,65,12,9,18,9,16,30,67,5852,615,378,139,862,9737,565,30,888,53,7932,1438,68,54,3421,13,30,77,723,42,84,610,3310,254,92,179,459,315,16626,67,57,4,95,81,202,22,25,598,13202,30037
