21078,6727,7298,3091,8920,2011,746,10,4,150,4,4,5,11546,1144,235,1,0,5,19,3,644,12,1,10,4,3,113,1402,500,25,26,11,21,65,8,10,15,26,29,589,87,191,19,70,42,29,45,1870,17,1,10,1,171,9,5,0,0,0,1,1,0,0,0,1,1,0,0,0,1,0,0,1,1,0,1,0,0,0,0,0,0,0,1,1,0,2,5,0,1,0,1,0,0,0,21,0,0,0,0
6727,31529,10753,18870,447,402,668,18,8,366,18,6,13,5039,5441,876,0,10,16,70,8,1218,15,0,9,9,1,100,579,404,48,52,24,28,96,11,14,25,39,23,615,198,421,20,156,27,28,71,145,28,0,28,1,23,23,17,0,1,0,0,1,0,0,0,3,2,4,0,0,0,0,0,0,1,0,0,3,0,0,0,0,0,1,3,2,0,1,5,0,0,6,0,1,0,0,67,2,0,0,0
7298,10753,33394,9125,3361,6816,13980,4,4,180,8,2,2,260,101,141,0,3,3,23,3,492,15,2,6,9,6,58,284,145,14,25,6,14,188,10,14,14,66,17,261,64,77,14,78,16,17,169,69,10,176,1353,11,6479,74,55,0,1,0,0,1,0,0,0,5,5,4,0,0,0,0,0,0,2,0,1,0,1,1,0,0,0,1,2,1,0,2,22,0,0,5,0,2,0,0,92,5,1,1,0
3091,18870,9125,27515,630,1285,8044,134,58,1100,84,15,37,3618,11384,5385,12,19,128,452,50,1311,41,4,80,90,22,80,429,465,265,198,96,67,806,106,85,158,188,28,559,279,2591,76,736,20,68,356,174,86,5,6,16,476,70,34,1,1,0,8,2,0,1,2,4,6,9,1,1,10,1,4,2,11,0,2,6,0,5,0,0,1,3,9,11,0,5,33,0,12,9,0,4,0,0,149,1,1,1,0
8920,447,3361,630,17607,18988,2042,3,6,34,0,0,1,2352,303,73,0,2,3,11,1,69,2,1,7,2,14,14,356,91,10,18,8,5,140,4,8,6,66,7,79,11,51,11,33,8,4,860,3393,0,0,6,1,590,15,1,0,0,0,0,0,0,1,0,0,1,1,0,0,0,0,2,0,0,0,1,1,0,0,0,0,1,0,0,0,1,0,4,0,0,0,1,0,0,0,17,2,0,1,0
2011,402,6816,1285,18988,22886,22713,2,14,50,4,3,2,78,259,142,0,1,2,6,5,39,3,8,28,6,67,9,105,8,12,16,9,5,1020,32,68,9,778,6,16,6,26,27,26,1,11,3730,2220,1,104,50,14,4833,180,327,0,0,0,0,2,0,1,0,3,4,2,0,1,0,0,3,1,0,0,1,2,0,4,0,1,1,2,1,1,0,7,14,1,3,14,1,0,0,0,117,7,1,0,0
746,668,13980,8044,2042,22713,27886,33,85,326,42,19,10,153,135,4225,6,2,34,112,42,276,21,26,76,37,61,28,72,64,160,61,50,22,3949,210,181,72,1879,14,87,39,279,57,205,8,34,2093,107,11,16,11,14,2887,225,576,1,1,0,3,7,0,2,0,6,7,12,1,2,1,1,7,0,9,0,2,4,0,3,0,0,0,5,15,1,0,15,43,0,5,12,0,5,0,0,179,7,0,8,0
10,18,4,134,3,2,33,36907,5515,142,758,566,9229,59,87,696,3145,4250,1093,5624,415,1631,316,148,265,17,32,27,28,16,1499,236,1702,30,38,230,381,117,134,6,15,14,660,73,1102,40,144,2,4,16,0,0,1,2,1,0,29,66,15,282,9,6,8,9,0,1,6,12,25,66,2,5,11,56,0,1,8,0,1,1,0,6,3,1,7,2,47,11,0,2,2,1,3,1,0,8,2,1,0,0
4,8,4,58,6,14,85,5515,50055,91,371,901,1281,36,28,523,220,32,3814,6577,190,1061,613,9695,6494,37,1421,26,28,34,99,219,1514,53,274,2299,5315,136,1114,40,11,30,132,448,219,84,320,126,17,12,0,3,17,4,5,17,308,580,102,2270,16,26,109,139,13,8,39,95,253,971,23,63,154,1409,11,25,395,2,1,16,3,260,4,16,215,4,287,83,6,92,22,5,49,2,17,27,1,4,7,3
150,366,180,1100,34,50,326,142,91,50864,4354,4721,168,414,901,1298,204,22,123,154,4599,5658,1136,37,219,36,119,94,451,329,532,643,605,62,371,682,239,57,380,19,13083,8859,3848,280,167,433,1190,111,30,6490,0,1,0,10,3,4,1,1,1,5,2,1,1,0,4,0,3,0,2,5,1,5,0,10,1,9,7,0,0,0,3,4,1,2,3,0,7,9,1,12,3,0,11,0,3,16,1,1,1,0
4,18,8,84,0,4,42,758,371,4354,5584,10103,556,35,41,655,599,67,416,124,1110,4930,1706,27,89,9,38,23,39,35,291,55,283,19,93,459,78,23,103,3,52,46,394,77,28,140,182,31,8,36,0,0,1,0,0,0,2,0,1,4,0,0,0,1,0,2,0,0,3,2,0,1,0,4,0,1,1,0,1,0,2,0,0,1,4,0,3,3,0,3,0,0,2,0,1,7,0,0,1,0
4,6,2,15,0,3,19,566,901,4721,10103,29887,9475,90,52,163,5919,142,239,553,7664,3069,6246,102,567,10,55,37,72,151,373,117,8925,24,69,354,194,36,154,6,120,286,626,123,76,247,461,4,3,143,0,0,0,0,0,2,1,5,2,16,0,0,0,3,0,0,0,5,2,22,0,1,2,28,0,2,6,0,1,0,2,10,0,0,8,2,7,0,0,5,1,1,7,1,1,2,0,0,0,0
5,13,2,37,1,2,10,9229,1281,168,556,9475,28684,158,156,228,6429,447,160,1120,1139,816,633,46,234,3,23,18,46,103,1009,175,11506,14,17,86,99,23,36,4,38,67,716,43,189,52,313,1,10,79,0,0,0,0,0,0,19,28,4,114,0,1,10,9,0,0,3,1,13,79,0,2,9,87,0,0,18,1,0,0,1,19,0,0,12,1,8,2,0,3,0,0,3,0,1,1,0,0,0,0
11546,5039,260,3618,2352,78,153,59,36,414,35,90,158,66777,23231,490,48,8,20,349,267,978,89,6,201,91,28,231,10096,24221,165,1119,662,124,141,45,73,66,103,39,1860,1336,3939,115,1131,86,335,64,14763,4908,1,0,4,4,10,7,2,1,0,5,3,0,0,0,4,2,4,1,2,15,0,4,0,19,1,4,5,0,2,0,1,5,0,3,13,1,2,14,0,4,5,2,7,0,0,58,1,2,2,0
1144,5441,101,11384,303,259,135,87,28,901,41,52,156,23231,28880,960,50,21,48,321,126,1513,39,3,55,31,14,105,1162,2693,331,255,299,42,67,37,24,63,24,22,1164,1085,14197,42,543,44,81,19,418,4775,0,0,2,1,7,3,2,1,0,1,2,0,1,0,1,2,0,0,0,3,0,1,0,11,0,2,2,0,0,0,1,1,0,1,2,1,1,7,0,4,3,1,2,0,1,13,0,0,0,0
235,876,141,5385,73,142,4225,696,523,1298,655,163,228,490,960,25497,316,412,3412,951,463,728,85,33,297,97,39,51,149,136,12194,182,256,46,3765,2463,396,240,421,26,170,97,5531,130,598,17,148,550,120,62,11,7,16,12,43,32,2,2,5,20,21,5,1,5,25,11,25,2,8,18,5,19,6,22,2,4,7,2,10,2,3,9,12,18,12,0,26,67,0,10,27,3,15,0,1,180,6,11,13,3
1,0,0,12,0,0,6,3145,220,204,599,5919,6429,48,50,316,8013,3043,232,33,7438,397,321,45,36,1,9,3,15,35,1854,50,548,2,22,109,64,5,70,1,21,39,582,15,26,17,135,2,2,42,0,0,0,0,0,0,0,2,1,1,0,0,1,1,1,1,0,0,2,0,0,0,2,1,0,0,0,0,1,0,0,1,0,0,0,0,4,1,0,0,1,0,2,0,1,1,0,0,0,0
0,10,3,19,2,1,2,4250,32,22,67,142,447,8,21,412,3043,1796,387,46,332,83,29,13,5,0,3,0,1,6,1976,38,173,0,8,73,42,2,27,1,4,4,256,7,46,2,28,0,0,5,0,0,0,0,0,0,0,1,2,0,0,0,0,0,0,0,0,0,0,0,0,0,1,0,0,0,0,0,0,0,0,0,0,0,0,0,1,0,0,0,0,0,0,0,0,0,0,1,0,0
5,16,3,128,3,2,34,1093,3814,123,416,239,160,20,48,3412,232,387,6036,410,374,384,66,701,311,6,24,8,7,8,1317,44,118,4,58,3371,285,32,90,2,13,8,454,41,50,13,39,8,2,12,0,0,0,0,0,0,5,3,6,29,5,1,0,5,1,0,2,3,10,12,1,6,1,20,0,1,8,0,0,0,0,2,1,0,3,1,19,6,0,5,1,0,2,0,1,1,0,1,1,0
19,70,23,452,11,6,112,5624,6577,154,124,553,1120,349,321,951,33,46,410,30476,90,516,900,56,4746,194,83,96,78,139,794,1143,4996,155,130,508,107,3516,51,45,60,88,1287,760,4182,54,693,14,38,66,1,0,2,0,0,4,65,57,10,296,2,2,66,36,4,4,16,8,30,528,3,29,20,746,4,20,103,2,0,1,7,203,1,10,261,8,12,10,4,113,3,3,42,1,10,10,0,4,0,1
3,8,3,50,1,5,42,415,190,4599,1110,7664,1139,267,126,463,7438,332,374,90,21466,744,558,89,103,12,49,11,127,442,1536,259,754,16,138,778,318,22,333,2,432,1330,6576,72,57,55,407,14,14,3064,1,0,0,0,0,0,0,1,1,0,1,0,1,0,0,0,0,1,3,2,0,1,0,4,0,2,2,0,0,0,0,0,1,0,3,0,6,1,0,3,0,1,4,0,1,3,0,0,0,0
644,1218,492,1311,69,39,276,1631,1061,5658,4930,3069,816,978,1513,728,397,83,384,516,744,19979,4749,31,580,132,260,2636,2823,322,382,642,605,992,199,357,112,131,208,432,16043,1098,1674,1164,251,3509,1679,78,32,478,0,0,1,13,4,1,5,2,0,5,1,0,3,0,2,3,2,0,4,7,2,8,3,27,0,42,9,2,1,0,9,11,2,4,16,20,5,8,0,21,2,20,52,0,7,17,1,0,0,0
12,15,15,41,2,3,21,316,613,1136,1706,6246,633,89,39,85,321,29,66,900,558,4749,15357,71,2738,188,857,434,224,137,86,1366,5073,324,30,109,32,524,103,138,146,230,170,2236,615,5014,8827,20,10,92,0,0,0,0,0,0,2,0,0,12,0,0,4,4,0,0,0,0,8,23,0,21,3,81,1,85,52,4,0,0,20,35,0,1,84,20,3,2,1,81,2,18,103,0,14,1,0,0,0,0
1,0,2,4,1,8,26,148,9695,37,27,102,46,6,3,33,45,13,701,56,89,31,71,6015,733,14,697,10,5,4,37,107,55,25,126,3803,2867,21,3270,59,2,2,32,240,21,18,56,89,3,5,0,1,1,1,1,4,7,20,14,102,2,3,9,10,2,2,7,24,18,38,5,8,16,75,0,17,28,1,4,0,1,12,0,1,40,4,29,11,0,24,2,1,33,0,3,9,0,0,1,1
10,9,6,80,7,28,76,265,6494,219,89,567,234,201,55,297,36,5,311,4746,103,580,2738,733,14542,321,8276,133,80,191,71,2033,2717,292,214,922,209,2992,800,170,109,148,179,3636,938,196,1923,358,42,91,0,1,12,0,2,8,34,57,20,234,3,4,150,28,9,11,21,11,71,586,4,144,48,1952,6,121,385,8,3,9,25,574,6,25,1151,18,3,30,6,684,7,17,341,3,56,13,0,2,3,2
4,9,9,90,2,6,37,17,37,36,9,10,3,91,31,97,1,0,6,194,12,132,188,14,321,18945,520,291,41,28,31,8678,199,5963,21,22,31,6178,53,284,25,17,107,13474,2253,170,935,18,28,12,0,0,1,2,0,2,1,3,2,11,1,0,2,1,1,2,1,4,0,6,0,65,3,36,3,499,130,23,0,1,137,36,2,2,60,123,1,3,2,187,4,93,612,2,89,5,0,0,3,1
3,1,6,22,14,67,61,32,1421,119,38,55,23,28,14,39,9,3,24,83,49,260,857,697,8276,520,16579,1083,58,53,30,1952,112,590,174,175,2379,265,3883,4059,49,52,59,10224,242,371,1124,1312,85,15,0,1,3,0,3,6,7,8,4,43,0,2,21,7,7,2,4,9,13,25,2,165,16,217,5,708,471,40,3,4,123,135,7,5,372,132,3,7,2,613,9,104,843,9,147,10,1,2,1,1
113,100,58,80,14,9,28,27,26,94,23,37,18,231,105,51,3,0,8,96,11,2636,434,10,133,291,1083,75295,1594,142,25,616,77,19817,31,27,316,243,292,14881,447,77,93,898,363,14552,8317,87,10,14,0,0,0,0,0,1,0,1,0,2,1,0,2,0,0,0,1,0,0,1,1,7,2,6,0,38,21,406,1,0,17,3,2,0,8,123,3,0,0,19,4,859,188,7,14,4,0,0,1,0
1402,579,284,429,356,105,72,28,28,451,39,72,46,10096,1162,149,15,1,7,78,127,2823,224,5,80,41,58,1594,110338,9429,75,391,184,290,86,49,50,16,78,214,45553,803,845,174,207,812,350,82,6875,286,1,1,1,2,2,2,0,0,1,0,3,0,0,0,2,2,2,1,2,1,1,3,0,3,0,0,2,2,1,0,1,1,2,2,3,3,2,6,0,2,2,8,2,0,3,9,1,2,0,0
500,404,145,465,91,8,64,16,34,329,35,151,103,24221,2693,136,35,6,8,139,442,322,137,4,191,28,53,142,9429,35795,94,853,618,82,71,59,75,48,84,22,9873,7222,2243,116,401,95,504,30,628,1904,1,1,2,1,4,0,0,0,0,2,1,1,0,0,0,1,0,1,0,5,0,1,0,12,0,3,3,0,1,0,1,3,0,0,7,0,2,5,0,7,2,1,5,0,2,9,0,0,1,1
25,48,14,265,10,12,160,1499,99,532,291,373,1009,165,331,12194,1854,1976,1317,794,1536,382,86,37,71,31,30,25,75,94,19152,234,714,30,368,756,240,103,239,7,80,84,9828,41,597,8,109,92,30,75,1,0,6,4,8,10,1,1,1,7,8,1,0,0,8,5,11,1,4,5,0,8,1,12,0,0,5,0,7,0,1,1,9,4,8,1,13,25,0,4,8,1,1,0,0,52,2,2,4,3
26,52,25,198,18,16,61,236,219,643,55,117,175,1119,255,182,50,38,44,1143,259,642,1366,107,2033,8678,1952,616,391,853,234,53370,8068,4755,67,114,85,1439,176,456,428,614,634,8974,6809,1613,24696,61,181,385,0,0,2,1,0,3,3,4,1,14,2,3,11,4,0,1,7,3,1,17,1,94,4,82,2,622,203,20,1,2,134,64,0,3,141,156,2,0,1,293,2,92,731,7,111,7,1,3,2,0
11,24,6,96,8,9,50,1702,1514,605,283,8925,11506,662,299,256,548,173,118,4996,754,605,5073,55,2717,199,112,77,184,618,714,8068,22791,167,50,175,49,263,57,14,320,550,1045,354,5571,110,5476,9,42,442,0,0,1,1,0,1,19,12,3,60,0,2,16,10,1,0,2,2,8,155,1,10,6,227,0,7,35,2,0,1,1,39,0,4,92,3,3,1,0,31,0,3,21,0,1,2,0,0,0,0
21,28,14,67,5,5,22,30,53,62,19,24,14,124,42,46,2,0,4,155,16,992,324,25,292,5963,590,19817,290,82,30,4755,167,52028,11,22,79,725,160,11480,101,41,62,11034,733,4633,17266,37,17,22,0,0,0,2,1,0,1,2,0,4,0,1,1,0,0,1,1,0,3,1,3,57,5,34,1,272,114,193,8,2,124,17,0,0,27,686,3,1,2,69,9,1491,1191,28,114,4,1,1,2,0
65,96,188,806,140,1020,3949,38,274,371,93,69,17,141,67,3765,22,8,58,130,138,199,30,126,214,21,174,31,86,71,368,67,50,11,6596,2681,819,57,6313,19,78,53,438,103,84,10,37,5010,207,26,19,8,30,27,90,39,1,3,2,10,20,5,2,2,21,18,40,7,9,11,3,25,3,11,1,7,9,2,9,5,0,5,4,35,15,2,34,117,0,9,44,2,11,1,0,336,7,9,11,2
8,11,10,106,4,32,210,230,2299,682,459,354,86,45,37,2463,109,73,3371,508,778,357,109,3803,922,22,175,27,49,59,756,114,175,22,2681,15202,1578,119,4314,15,66,81,662,187,95,19,126,169,19,50,5,1,4,0,7,3,3,7,7,50,29,5,6,2,7,2,8,6,19,31,6,14,6,53,1,7,14,0,6,1,1,12,4,8,27,0,70,21,0,21,7,4,17,0,1,27,5,4,8,3
10,14,14,85,8,68,181,381,5315,239,78,194,99,73,24,396,64,42,285,107,318,112,32,2867,209,31,2379,316,50,75,240,85,49,79,819,1578,3582,14,9166,587,55,74,530,401,21,29,52,988,52,53,2,1,4,3,7,8,20,31,7,150,15,2,4,10,1,2,5,8,15,23,2,11,14,27,0,9,10,2,2,1,1,5,7,3,11,5,50,15,0,6,2,7,15,0,0,50,0,0,4,1
15,25,14,158,6,9,72,117,136,57,23,36,23,66,63,240,5,2,32,3516,22,131,524,21,2992,6178,265,243,16,48,103,1439,263,725,57,119,14,13031,48,115,24,36,203,12329,4799,86,702,29,10,15,0,0,2,0,1,3,1,11,1,18,2,1,15,1,4,2,1,2,7,28,0,45,10,198,0,179,190,6,2,1,35,95,6,1,246,26,1,7,1,309,3,15,254,3,53,6,1,1,2,0
26,39,66,188,66,778,1879,134,1114,380,103,154,36,103,24,421,70,27,90,51,333,208,103,3270,800,53,3883,292,78,84,239,176,57,160,6313,4314,9166,48,37781,830,83,89,502,778,48,44,112,6713,184,55,12,0,12,19,17,23,1,8,11,39,23,5,0,1,12,7,17,8,19,5,5,27,11,26,0,18,12,1,12,0,2,8,19,28,18,4,76,62,2,18,30,12,41,0,5,173,8,10,17,5
29,23,17,28,7,6,14,6,40,19,3,6,4,39,22,26,1,1,2,45,2,432,138,59,170,284,4059,14881,214,22,7,456,14,11480,19,15,587,115,830,44831,60,21,21,11488,141,2491,1683,230,22,4,0,0,0,0,0,1,1,1,2,10,1,4,1,0,1,1,0,0,4,4,3,43,10,26,0,255,102,490,3,1,111,7,1,0,14,824,11,1,1,49,15,3004,1191,41,119,2,0,1,3,1
589,615,261,559,79,16,87,15,11,13083,52,120,38,1860,1164,170,21,4,13,60,432,16043,146,2,109,25,49,447,45553,9873,80,428,320,101,78,66,55,24,83,60,84088,10878,1204,126,146,229,423,15,69,1719,0,1,0,3,2,2,0,0,0,1,0,0,0,0,0,0,0,0,2,2,1,1,1,3,0,2,2,0,0,1,1,1,0,1,0,3,1,5,0,2,1,3,4,0,0,14,0,0,0,0
87,198,64,279,11,6,39,14,30,8859,46,286,67,1336,1085,97,39,4,8,88,1330,1098,230,2,148,17,52,77,803,7222,84,614,550,41,53,81,74,36,89,21,10878,25039,2950,108,176,86,602,16,30,10701,0,0,0,2,1,0,0,0,0,0,1,1,2,0,0,0,0,0,1,7,0,2,0,9,0,6,1,1,0,0,1,2,0,1,5,1,3,1,0,10,0,0,6,0,3,7,0,0,0,0
191,421,77,2591,51,26,279,660,132,3848,394,626,716,3939,14197,5531,582,256,454,1287,6576,1674,170,32,179,107,59,93,845,2243,9828,634,1045,62,438,662,530,203,502,21,1204,2950,44808,118,1563,45,336,171,177,13553,5,2,7,2,17,12,0,3,1,9,14,1,0,3,6,8,10,0,6,18,1,22,0,18,1,8,11,2,8,2,3,3,13,19,13,1,26,39,1,6,23,1,5,0,0,86,3,11,5,1
19,20,14,76,11,27,57,73,448,280,77,123,43,115,42,130,15,7,41,760,72,1164,2236,240,3636,13474,10224,898,174,116,41,8974,354,11034,103,187,401,12329,778,11488,126,108,118,60349,1530,2104,5251,309,29,70,4,0,0,1,3,2,3,19,5,34,6,11,28,6,5,5,10,5,12,42,6,288,18,273,10,1848,675,145,8,2,473,169,7,12,292,753,11,12,4,704,17,809,2558,22,352,26,1,1,3,3
70,156,78,736,33,26,205,1102,219,167,28,76,189,1131,543,598,26,46,50,4182,57,251,615,21,938,2253,242,363,207,401,597,6809,5571,733,84,95,21,4799,48,141,146,176,1563,1530,9371,97,1011,31,141,171,1,0,1,4,1,3,2,6,2,31,2,2,22,8,3,5,3,1,18,42,1,34,10,297,2,79,116,8,1,1,18,111,6,5,344,9,1,5,4,216,5,10,150,2,22,3,1,0,2,1
42,27,16,20,8,1,8,40,84,433,140,247,52,86,44,17,17,2,13,54,55,3509,5014,18,196,170,371,14552,812,95,8,1613,110,4633,10,19,29,86,44,2491,229,86,45,2104,97,17525,13426,12,6,28,0,0,0,0,0,0,0,3,0,4,0,0,1,0,1,0,0,1,0,3,0,8,4,7,0,68,17,19,2,0,23,2,0,0,12,109,0,0,0,26,2,149,153,2,22,2,0,0,0,0
29,28,17,68,4,11,34,144,320,1190,182,461,313,335,81,148,135,28,39,693,407,1679,8827,56,1923,935,1124,8317,350,504,109,24696,5476,17266,37,126,52,702,112,1683,423,602,336,5251,1011,13426,62828,34,40,324,0,0,0,0,0,1,0,8,0,10,0,2,6,4,3,2,0,1,2,13,0,42,3,77,0,306,109,44,0,0,101,27,0,3,84,231,0,5,0,142,2,327,546,7,71,4,0,0,2,0
45,71,169,356,860,3730,2093,2,126,111,31,4,1,64,19,550,2,0,8,14,14,78,20,89,358,18,1312,87,82,30,92,61,9,37,5010,169,988,29,6713,230,15,16,171,309,31,12,34,6996,851,19,14,10,16,23,107,41,1,0,1,2,9,1,1,0,9,5,13,5,5,2,0,6,2,5,1,11,1,0,5,0,0,2,4,12,2,2,12,44,0,6,7,2,12,1,0,205,2,2,2,1
1870,145,69,174,3393,2220,107,4,17,30,8,3,10,14763,418,120,2,0,2,38,14,32,10,3,42,28,85,10,6875,628,30,181,42,17,207,19,52,10,184,22,69,30,177,29,141,6,40,851,8751,20,2,1,4,2,4,6,0,0,0,0,1,0,1,0,4,1,2,0,1,1,1,3,2,3,0,1,3,0,2,1,0,1,2,7,2,0,0,6,0,3,5,0,1,0,0,22,1,0,0,0
17,28,10,86,0,1,11,16,12,6490,36,143,79,4908,4775,62,42,5,12,66,3064,478,92,5,91,12,15,14,286,1904,75,385,442,22,26,50,53,15,55,4,1719,10701,13553,70,171,28,324,19,20,23649,0,0,1,1,0,0,0,0,0,2,1,0,0,0,0,0,1,0,0,2,0,2,0,5,0,0,0,0,0,0,0,0,0,0,6,0,2,0,0,2,0,0,7,0,0,2,0,0,0,0
1,0,176,5,0,104,16,0,0,0,0,0,0,1,0,11,0,0,0,1,1,0,0,0,0,0,0,0,1,1,1,0,0,0,19,5,2,0,12,0,0,0,5,4,1,0,0,14,2,0,41185,25654,6105,10917,11310,4906,7,6,4,8,81,27,18,14,12522,346,384,10,50,13,27,105,3,13,28,47,13,24,960,19,20,39,393,145,78,27,30,315,41,16,46,7,13,25,17,829,10060,103,92,37
10,28,1353,6,6,50,11,0,3,1,0,0,0,0,0,7,0,0,0,0,0,0,0,1,1,0,1,0,1,1,0,0,0,0,8,1,1,0,0,0,1,0,2,0,0,0,0,10,1,0,25654,85420,16410,15167,417,13803,5,3,3,2,51,9,1,1,6597,244,157,5,16,5,9,105,2,3,12,16,1,17,412,4,10,13,244,57,35,13,6,130,16,4,7,6,7,15,18,96,834,94,78,33
1,1,11,16,1,14,14,1,17,0,1,0,0,4,2,16,0,0,0,2,0,1,0,1,12,1,3,0,1,2,6,2,1,0,30,4,4,2,12,0,0,0,7,0,1,0,0,16,4,1,6105,16410,52695,896,467,16838,30,20,36,34,232,90,39,41,22690,11731,8494,51,259,87,102,219,26,50,66,93,24,31,477,129,69,151,629,1570,253,54,69,1114,128,60,35,4,28,14,39,207,952,118,167,115
171,23,6479,476,590,4833,2887,2,4,10,0,0,0,4,1,12,0,0,0,0,0,13,0,1,0,2,0,0,2,1,4,1,1,2,27,0,3,0,19,0,3,2,2,1,4,0,0,23,2,1,10917,15167,896,46519,12935,29111,3,1,1,3,67,5,2,5,359,60,97,1,17,2,6,65,4,6,6,18,3,6,122,6,5,14,125,30,31,11,16,360,10,14,787,2,7,4,5,746,261,39,63,22
9,23,74,70,15,180,225,1,5,3,0,0,0,10,7,43,0,0,0,0,0,4,0,1,2,0,3,0,2,4,8,0,0,1,90,7,7,1,17,0,2,1,17,3,1,0,0,107,4,0,11310,417,467,12935,31742,11990,3,2,5,15,101,18,9,4,143,49,222,1,42,8,15,108,24,34,13,23,76,48,139,2,9,19,115,66,38,15,170,950,11,25,1383,81,92,7,9,11068,3494,57,63,25
5,17,55,34,1,327,576,0,17,4,0,2,0,7,3,32,0,0,0,4,0,1,0,4,8,2,6,1,2,0,10,3,1,0,39,3,8,3,23,1,2,0,12,2,3,0,1,41,6,0,4906,13803,16838,29111,11990,47822,25,12,13,32,317,71,42,20,3895,566,3845,29,205,55,88,289,45,48,40,89,21,44,488,39,34,90,681,254,194,56,80,3274,69,72,546,4,37,27,34,1308,602,185,316,98
0,0,0,1,0,0,1,29,308,1,2,1,19,2,2,2,0,0,5,65,0,5,2,7,34,1,7,0,0,0,1,3,19,1,1,3,20,1,1,1,0,0,0,3,2,0,0,1,0,0,7,5,30,3,3,25,3470,5893,502,862,12,32,435,4763,62,47,235,626,185,1962,40,133,145,393,61,54,89,14,5,245,41,1969,17,185,580,23,152,26,19,39,6,3,20,10,42,10,9,3,13,2
0,1,1,1,0,0,1,66,580,1,0,5,28,1,1,2,2,1,3,57,1,2,0,20,57,3,8,1,0,0,1,4,12,2,3,7,31,11,8,1,0,0,3,19,6,3,8,0,0,0,6,3,20,1,2,12,5893,31231,4463,5191,37,417,1344,3601,45,37,219,6443,371,5401,178,997,286,366,146,328,75,87,16,851,134,1276,16,128,2352,138,748,56,38,447,19,14,127,52,165,21,1,13,17,16
0,0,0,0,0,0,0,15,102,1,1,2,4,0,0,5,1,2,6,10,1,0,0,14,20,2,4,0,1,0,1,1,3,0,2,7,7,1,11,2,0,0,1,5,2,0,0,1,0,0,4,3,36,1,5,13,502,4463,5401,3764,427,1103,469,431,45,46,1321,1847,2941,737,721,753,128,204,373,99,39,35,17,2214,101,521,37,299,785,53,404,44,90,147,41,6,50,30,77,17,7,17,59,38
1,0,0,8,0,0,3,282,2270,5,4,16,114,5,1,20,1,0,29,296,0,5,12,102,234,11,43,2,0,2,7,14,60,4,10,50,150,18,39,10,1,0,9,34,31,4,10,2,0,2,8,2,34,3,15,32,862,5191,3764,42153,252,964,869,946,50,34,218,852,3632,4586,512,1164,3809,8606,100,164,1400,69,35,96,101,869,83,79,629,82,3884,160,73,396,99,69,605,33,176,58,10,32,100,76
1,1,1,2,0,2,7,9,16,2,0,0,0,3,2,21,0,0,5,2,1,1,0,2,3,1,0,1,3,1,8,2,0,0,20,29,15,2,23,1,0,1,14,6,2,0,0,9,1,1,81,51,232,67,101,317,12,37,427,252,39040,3265,615,36,366,344,1039,121,1168,30,2837,2432,123,56,1377,86,47,166,728,151,95,114,1191,519,83,116,817,745,681,38,519,25,101,87,150,431,62,16348,13805,3846
0,0,0,0,0,0,0,6,26,1,0,0,1,0,0,5,0,0,1,2,0,0,0,3,4,0,2,0,0,1,1,3,2,1,5,5,2,1,5,4,0,1,1,11,2,0,2,1,0,0,27,9,90,5,18,71,32,417,1103,964,3265,6028,5200,92,110,89,525,427,926,68,4282,5106,86,63,541,44,56,131,86,145,46,87,124,237,38,76,323,168,226,50,87,21,98,139,126,70,13,155,284,245
0,0,0,1,1,1,2,8,109,1,0,0,10,0,1,1,1,0,0,66,1,3,4,9,150,2,21,2,0,0,0,11,16,1,2,6,4,15,0,1,0,2,0,28,22,1,6,1,1,0,18,1,39,2,9,42,435,1344,469,869,615,5200,19546,7087,127,194,323,5250,402,1107,5881,6270,78,1366,1689,88,216,300,100,1126,166,6192,139,782,549,141,106,71,632,382,24,33,320,310,615,32,11,50,145,232
0,0,0,2,0,0,0,9,139,0,1,3,9,0,0,5,1,0,5,36,0,0,4,10,28,1,7,0,0,0,0,4,10,0,2,2,10,1,1,0,0,0,3,6,8,0,4,0,0,0,14,1,41,5,4,20,4763,3601,431,946,36,92,7087,13698,95,125,254,4190,194,1346,446,568,80,576,322,24,66,54,30,505,59,3238,50,405,262,38,84,24,162,36,7,6,34,36,121,11,7,7,19,36
1,3,5,4,0,3,6,0,13,4,0,0,0,4,1,25,1,0,1,4,0,2,0,2,9,1,7,0,2,0,8,0,1,0,21,7,1,4,12,1,0,0,6,5,3,1,3,9,4,0,12522,6597,22690,359,143,3895,62,45,45,50,366,110,127,95,73630,19412,1954,104,170,74,182,349,21,66,217,438,36,136,4152,154,350,550,10707,1935,870,232,63,553,1097,108,76,12,62,62,163,173,6950,315,1149,1714
1,2,5,6,1,4,7,1,8,0,2,0,0,2,2,11,1,0,0,4,0,3,0,2,11,2,2,0,2,1,5,1,0,1,18,2,2,2,7,1,0,0,8,5,5,0,2,5,1,0,346,244,11731,60,49,566,47,37,46,34,344,89,194,125,19412,49683,4438,128,147,70,204,393,10,55,309,300,21,140,1209,245,390,691,5432,7955,703,196,30,289,5252,78,37,15,68,47,259,121,348,324,3944,8586
0,4,4,9,1,2,12,6,39,3,0,0,3,4,0,25,0,0,2,16,0,2,0,7,21,1,4,1,2,0,11,7,2,1,40,8,5,1,17,0,0,0,10,10,3,0,0,13,2,1,384,157,8494,97,222,3845,235,219,1321,218,1039,525,323,254,1954,4438,30247,591,8476,404,670,606,57,162,592,347,55,69,266,4715,222,644,394,9389,1208,128,142,5801,345,195,110,7,70,25,143,358,196,195,308,126
0,0,0,1,0,0,1,12,95,0,0,5,1,1,0,2,0,0,3,8,1,0,0,24,11,4,9,0,1,1,1,3,2,0,7,6,8,2,8,0,0,0,0,5,1,1,1,5,0,0,10,5,51,1,1,29,626,6443,1847,852,121,427,5250,4190,104,128,591,10290,514,96,4288,973,117,97,2697,54,15,47,31,5041,91,850,37,754,302,40,341,62,239,42,17,7,47,33,173,17,5,15,30,42
0,0,0,1,0,1,2,25,253,2,3,2,13,2,0,8,2,0,10,30,3,4,8,18,71,0,13,0,2,0,4,1,8,3,9,19,15,7,19,4,2,1,6,12,18,0,2,5,1,0,50,16,259,17,42,205,185,371,2941,3632,1168,926,402,194,170,147,8476,514,15083,952,930,620,2110,1043,254,188,283,39,112,473,68,493,184,419,564,85,1040,5050,93,305,365,14,272,26,101,259,24,138,243,125
1,0,0,10,0,0,1,66,971,5,2,22,79,15,3,18,0,0,12,528,2,7,23,38,586,6,25,1,1,5,5,17,155,1,11,31,23,28,5,4,2,7,18,42,42,3,13,2,1,2,13,5,87,2,8,55,1962,5401,737,4586,30,68,1107,1346,74,70,404,96,952,20515,34,587,101,3506,44,434,461,66,14,84,155,4562,30,165,3085,190,97,101,46,3168,25,21,541,36,203,44,14,10,17,12
0,0,0,1,0,0,1,2,23,1,0,0,0,0,0,5,0,0,1,3,0,2,0,5,4,0,2,1,1,0,0,1,1,3,3,6,2,0,5,3,1,0,1,6,1,0,0,0,1,0,27,9,102,6,15,88,40,178,721,512,2837,4282,5881,446,182,204,670,4288,930,34,14158,1341,66,49,6153,61,37,186,133,1766,98,240,231,741,51,82,292,151,1134,35,72,17,71,108,206,57,23,189,527,3294
0,0,0,4,2,3,7,5,63,5,1,1,2,4,1,19,0,0,6,29,1,8,21,8,144,65,165,7,3,1,8,94,10,57,25,14,11,45,27,43,1,2,22,288,34,8,42,6,3,2,105,105,219,65,108,289,133,997,753,1164,2432,5106,6270,568,349,393,606,973,620,587,1341,32529,135,1184,936,971,1064,1610,2562,454,582,2853,1466,676,530,1518,279,358,752,1234,340,446,2920,6092,7840,277,77,1984,1485,657
1,0,0,2,0,1,0,11,154,0,0,2,9,0,0,6,2,1,1,20,0,3,3,16,48,3,16,2,0,0,1,4,6,5,3,6,14,10,11,10,1,0,0,18,10,4,3,2,2,0,3,2,26,4,24,45,145,286,128,3809,123,86,78,80,21,10,57,117,2110,101,66,135,7712,2624,14,72,1427,98,22,9,40,167,24,21,60,45,1759,2570,11,74,2173,527,733,9,68,472,8,22,39,7
1,1,2,11,0,0,9,56,1409,10,4,28,87,19,11,22,1,0,20,746,4,27,81,75,1952,36,217,6,3,12,12,82,227,34,11,53,27,198,26,26,3,9,18,273,297,7,77,5,3,5,13,3,50,6,34,48,393,366,204,8606,56,63,1366,576,66,55,162,97,1043,3506,49,1184,2624,23679,81,337,14914,182,28,81,206,3436,48,146,1521,194,494,466,88,852,669,1072,5716,41,493,533,26,12,37,29
0,0,0,0,0,0,0,0,11,1,0,0,0,1,0,2,0,0,0,4,0,0,1,0,6,3,5,0,0,0,0,2,0,1,1,1,0,0,0,0,0,0,1,10,2,0,0,1,0,0,28,12,66,6,13,40,61,146,373,100,1377,541,1689,322,217,309,592,2697,254,44,6153,936,14,81,13543,82,21,114,308,4730,180,609,606,3423,255,98,74,55,9285,36,22,10,66,75,259,19,23,262,1305,4010
1,0,1,2,1,1,2,1,25,9,1,2,0,4,2,4,0,0,1,20,2,42,85,17,121,499,708,38,0,3,0,622,7,272,7,7,9,179,18,255,2,6,8,1848,79,68,306,11,1,0,47,16,93,18,23,89,54,328,99,164,86,44,88,24,438,300,347,54,188,434,61,971,72,337,82,19119,1037,267,215,142,4657,440,401,442,4524,9043,71,87,157,7469,103,206,6131,91,764,102,76,82,146,74
0,3,0,6,1,2,4,8,395,7,1,6,18,5,2,7,0,0,8,103,2,9,52,28,385,130,471,21,2,3,5,203,35,114,9,14,10,190,12,102,2,1,11,675,116,17,109,1,3,0,13,1,24,3,76,21,89,75,39,1400,47,56,216,66,36,21,55,15,283,461,37,1064,1427,14914,21,1037,15149,1027,28,28,418,976,28,45,892,397,900,301,33,770,1107,6384,11710,52,635,721,26,13,31,10
0,0,1,0,0,0,0,0,2,0,0,0,1,0,0,2,0,0,0,2,0,2,4,1,8,23,40,406,2,0,0,20,2,193,2,0,2,6,1,490,0,1,2,145,8,19,44,0,0,0,24,17,31,6,48,44,14,87,35,69,166,131,300,54,136,140,69,47,39,66,186,1610,98,182,114,267,1027,48650,1953,55,357,131,490,142,224,12870,709,34,191,241,406,18029,2036,14821,1608,275,42,350,286,158
0,0,1,5,0,4,3,1,1,0,1,1,0,2,0,10,1,0,0,0,0,1,0,4,3,0,3,1,1,1,7,1,0,8,9,6,2,2,12,3,0,0,8,8,1,2,0,5,2,0,960,412,477,122,139,488,5,16,17,35,728,86,100,30,4152,1209,266,31,112,14,133,2562,22,28,308,215,28,1953,150614,41,216,200,25273,563,232,521,129,198,846,52,100,196,125,900,287,167,10524,17297,3753,934
0,0,0,0,0,0,0,1,16,0,0,0,0,0,0,2,0,0,0,1,0,0,0,0,9,1,4,0,0,0,0,2,1,2,5,1,1,1,0,1,1,0,2,2,1,0,0,0,1,0,19,4,129,6,2,39,245,851,2214,96,151,145,1126,505,154,245,4715,5041,473,84,1766,454,9,81,4730,142,28,55,41,8314,200,832,59,5390,775,91,29,39,606,54,10,4,43,24,212,15,18,16,64,37
0,0,0,0,0,1,0,0,3,3,2,2,1,1,1,3,0,0,0,7,0,9,20,1,25,137,123,17,1,1,1,134,1,124,0,1,1,35,2,111,1,1,3,473,18,23,101,0,0,0,20,10,69,5,9,34,41,134,101,101,95,46,166,59,350,390,222,91,68,155,98,582,40,206,180,4657,418,357,216,200,14760,2116,461,706,2679,7510,19,39,424,969,53,175,2664,203,5027,38,34,83,247,195
0,0,0,1,1,1,0,6,260,4,0,10,19,5,1,9,1,0,2,203,0,11,35,12,574,36,135,3,1,3,1,64,39,17,5,12,5,95,8,7,1,2,3,169,111,2,27,2,1,0,39,13,151,14,19,90,1969,1276,521,869,114,87,6192,3238,550,691,644,850,493,4562,240,2853,167,3436,609,440,976,131,200,832,2116,25188,512,1487,10814,340,57,125,838,2736,82,38,2307,109,3994,85,57,84,290,308
0,1,1,3,0,2,5,3,4,1,0,0,0,0,0,12,0,0,1,1,1,2,0,0,6,2,7,2,2,0,9,0,0,0,4,4,7,6,19,1,0,0,13,7,6,0,0,4,2,0,393,244,629,125,115,681,17,16,37,83,1191,124,139,50,10707,5432,394,37,184,30,231,1466,24,48,606,401,28,490,25273,59,461,512,63036,1377,533,410,162,290,2446,79,110,55,79,264,329,163,712,9300,20693,3610
1,3,2,9,0,1,15,1,16,2,1,0,0,3,1,18,0,0,0,10,0,4,1,1,25,2,5,0,2,0,4,3,4,0,35,8,3,1,28,0,1,1,19,12,5,0,3,12,7,0,145,57,1570,30,66,254,185,128,299,79,519,237,782,405,1935,7955,9389,754,419,165,741,676,21,146,3423,442,45,142,563,5390,706,1487,1377,35641,1393,282,75,363,10356,123,102,9,106,72,448,261,189,190,689,845
1,2,1,11,0,1,1,7,215,3,4,8,12,13,2,12,0,0,3,261,3,16,84,40,1151,60,372,8,3,7,8,141,92,27,15,27,11,246,18,14,0,5,13,292,344,12,84,2,2,6,78,35,253,31,38,194,580,2352,785,629,83,38,549,262,870,703,1208,302,564,3085,51,530,60,1521,255,4524,892,224,232,775,2679,10814,533,1393,12627,1095,40,134,355,5613,79,48,1374,58,886,124,103,70,178,140
0,0,0,0,1,0,0,2,4,0,0,2,1,1,1,0,0,0,1,8,0,20,20,4,18,123,132,123,3,0,1,156,3,686,2,0,5,26,4,824,3,1,1,753,9,109,231,2,0,0,27,13,54,11,15,56,23,138,53,82,116,76,141,38,232,196,128,40,85,190,82,1518,45,194,98,9043,397,12870,521,91,7510,340,410,282,1095,38887,69,45,170,1602,102,1562,5099,7884,5205,72,41,138,209,123
2,1,2,5,0,7,15,47,287,7,3,7,8,2,1,26,4,1,19,12,6,5,3,29,3,1,3,3,2,2,13,2,3,3,34,70,50,1,76,11,1,3,26,11,1,0,0,12,0,2,30,6,69,16,170,80,152,748,404,3884,817,323,106,84,63,30,142,341,1040,97,292,279,1759,494,74,71,900,709,129,29,19,57,162,75,40,69,2642,952,35,59,3155,973,584,21,33,1565,78,143,217,69
5,5,22,33,4,14,43,11,83,9,3,0,2,14,7,67,1,0,6,10,1,8,2,11,30,3,7,0,6,5,25,0,1,1,117,21,15,7,62,1,5,1,39,12,5,0,5,44,6,0,315,130,1114,360,950,3274,26,56,44,160,745,168,71,24,553,289,5801,62,5050,101,151,358,2570,466,55,87,301,34,198,39,39,125,290,363,134,45,952,19984,53,85,7510,80,243,11,44,5279,133,206,319,84
0,0,0,0,0,1,0,0,6,1,0,0,0,0,0,0,0,0,0,4,0,0,1,0,6,2,2,0,0,0,0,1,0,2,0,0,0,1,2,1,0,0,1,4,4,0,0,0,0,0,41,16,128,10,11,69,19,38,90,73,681,226,632,162,1097,5252,345,239,93,46,1134,752,11,88,9285,157,33,191,846,606,424,838,2446,10356,355,170,35,53,31270,43,22,18,80,73,356,19,104,388,2148,7717
1,0,0,12,0,3,5,2,92,12,3,5,3,4,4,10,0,0,5,113,3,21,81,24,684,187,613,19,2,7,4,293,31,69,9,21,6,309,18,49,2,10,6,704,216,26,142,6,3,2,16,4,60,14,25,72,39,447,147,396,38,50,382,36,108,78,195,42,305,3168,35,1234,74,852,36,7469,770,241,52,54,969,2736,79,123,5613,1602,59,85,43,21177,92,126,8081,91,1246,96,22,17,47,28
0,6,5,9,0,14,12,2,22,3,0,1,0,5,3,27,1,0,1,3,0,2,2,2,7,4,9,4,2,2,8,2,0,9,44,7,2,3,30,15,1,0,23,17,5,2,2,7,5,0,46,7,35,787,1383,546,6,19,41,99,519,87,24,7,76,37,110,17,365,25,72,340,2173,669,22,103,1107,406,100,10,53,82,110,102,79,102,3155,7510,22,92,17049,1083,864,14,65,5323,76,103,174,33
1,0,0,0,1,1,0,1,5,0,0,1,0,2,1,3,0,0,0,3,1,20,18,1,17,93,104,859,8,1,1,92,3,1491,2,4,7,15,12,3004,3,0,1,809,10,149,327,2,0,0,7,6,4,2,81,4,3,14,6,69,25,21,33,6,12,15,7,7,14,21,17,446,527,1072,10,206,6384,18029,196,4,175,38,55,9,48,1562,973,80,18,126,1083,50188,13161,660,394,539,36,38,30,11
0,1,2,4,0,0,5,3,49,11,2,7,3,7,2,15,2,0,2,42,4,52,103,33,341,612,843,188,2,5,1,731,21,1191,11,17,15,254,41,1191,4,6,5,2558,150,153,546,12,1,7,13,7,28,7,92,37,20,127,50,605,101,98,320,34,62,68,70,47,272,541,71,2920,733,5716,66,6131,11710,2036,125,43,2664,2307,79,106,1374,5099,584,243,80,8081,864,13161,34478,357,2982,702,49,51,61,58
0,0,0,0,0,0,0,1,2,0,0,1,0,0,0,0,0,0,0,1,0,0,0,0,3,2,9,7,0,0,0,7,0,28,1,0,0,3,0,41,0,0,0,22,2,2,7,1,0,0,25,15,14,4,7,27,10,52,30,33,87,139,310,36,62,47,25,33,26,36,108,6092,9,41,75,91,52,14821,900,24,203,109,264,72,58,7884,21,11,73,91,14,660,357,19367,6265,11,9,208,166,86
0,0,0,0,0,0,0,0,17,3,1,1,1,0,1,1,1,0,1,10,1,7,14,3,56,89,147,14,3,2,0,111,1,114,0,1,0,53,5,119,0,3,0,352,22,22,71,0,0,0,17,18,39,5,9,34,42,165,77,176,150,126,615,121,163,259,143,173,101,203,206,7840,68,493,259,764,635,1608,287,212,5027,3994,329,448,886,5205,33,44,356,1246,65,394,2982,6265,16228,50,27,101,229,213
21,67,92,149,17,117,179,8,27,16,7,2,1,58,13,180,1,0,1,10,3,17,1,9,13,5,10,4,9,9,52,7,2,4,336,27,50,6,173,2,14,7,86,26,3,2,4,205,22,2,829,96,207,746,11068,1308,10,21,17,58,431,70,32,11,173,121,358,17,259,44,57,277,472,533,19,102,721,275,167,15,38,85,163,261,124,72,1565,5279,19,96,5323,539,702,11,50,8337,595,132,182,39
0,2,5,1,2,7,7,2,1,1,0,0,0,1,0,6,0,0,0,0,0,1,0,0,0,0,1,0,1,0,2,1,0,1,7,5,0,1,8,0,0,0,3,1,1,0,0,2,1,0,10060,834,952,261,3494,602,9,1,7,10,62,13,11,7,6950,348,196,5,24,14,23,77,8,26,23,76,26,42,10524,18,34,57,712,189,103,41,78,133,104,22,76,36,49,9,27,595,32344,96,95,72
0,0,1,1,0,1,0,1,4,1,0,0,0,2,0,11,0,1,1,4,0,0,0,0,2,0,2,0,2,0,2,3,0,1,9,4,0,1,10,1,0,0,11,1,0,0,0,2,0,0,103,94,118,39,57,185,3,13,17,32,16348,155,50,7,315,324,195,15,138,10,189,1984,22,12,262,82,13,350,17297,16,83,84,9300,190,70,138,143,206,388,17,103,38,51,208,101,132,96,43915,10248,925
0,0,1,1,1,0,8,0,7,1,1,0,0,2,0,13,0,0,1,0,0,0,0,1,3,3,1,1,0,1,4,2,0,2,11,8,4,2,17,3,0,0,5,3,2,0,2,2,0,0,92,78,167,63,63,316,13,17,59,100,13805,284,145,19,1149,3944,308,30,243,17,527,1485,39,37,1305,146,31,286,3753,64,247,290,20693,689,178,209,217,319,2148,47,174,30,61,166,229,182,95,10248,36908,10888
0,0,0,0,0,0,0,0,3,0,0,0,0,0,0,3,0,0,0,1,0,0,0,1,2,1,1,0,0,1,3,0,0,0,2,3,1,0,5,1,0,0,1,3,1,0,0,1,0,0,37,33,115,22,25,98,2,16,38,76,3846,245,232,36,1714,8586,126,42,125,12,3294,657,7,29,4010,74,10,158,934,37,195,308,3610,845,140,123,69,84,7717,28,33,11,58,86,213,39,72,925,10888,17121
