31257,9832,8890,3225,9050,1795,685,25,9,259,12,1,23,9664,1681,355,6,1,19,80,19,1185,13,1,13,27,8,216,1358,822,66,79,32,56,81,14,11,24,19,24,886,150,317,27,210,65,55,113,1144,27,0,0,0,126,4,0,0,1,0,0,0,0,0,0,0,0,2,0,0,1,0,0,0,1,0,2,2,0,0,0,0,0,1,0,3,0,0,7,0,1,2,4,1,0,0,16,1,0,0,0
9832,38734,14472,21872,181,98,471,25,13,394,15,5,12,8158,7675,957,3,2,23,88,14,1060,18,1,17,23,5,66,300,508,55,45,30,25,62,15,4,35,15,14,478,215,324,18,194,30,26,40,55,42,0,1,0,21,4,2,0,0,0,1,0,0,0,0,0,0,0,0,0,1,0,1,0,1,0,1,0,0,0,0,0,0,0,0,1,0,0,3,0,0,0,1,1,0,0,8,0,0,1,0
8890,14472,49603,11154,4926,6397,12392,10,11,239,9,3,6,383,140,190,1,2,16,54,2,715,6,2,7,17,3,55,225,249,29,22,14,27,136,17,8,19,27,12,332,97,96,10,84,18,20,157,46,9,367,592,8,4093,50,209,0,0,0,1,1,2,0,0,4,0,1,0,0,0,0,3,1,2,0,0,1,0,3,0,0,0,1,1,0,0,2,5,0,1,3,0,0,1,0,21,2,2,1,0
3225,21872,11154,34632,605,1201,9240,161,111,891,116,17,40,3782,11995,6447,24,8,152,431,42,826,62,7,75,107,22,70,207,564,298,183,89,96,747,123,31,158,119,16,419,238,2231,88,654,31,81,395,74,104,0,0,2,173,24,10,0,0,0,5,3,0,3,0,1,0,6,0,0,3,0,2,0,14,0,1,2,0,0,0,0,2,3,0,2,0,7,14,1,1,9,1,5,0,0,58,0,0,0,0
9050,181,4926,605,24026,18292,2323,4,9,36,3,0,1,2060,499,106,1,0,2,18,0,85,1,1,12,4,27,34,544,128,9,12,5,6,140,12,10,6,63,10,110,12,41,4,26,11,6,1409,3406,5,3,1,0,690,4,3,0,0,0,2,0,0,0,0,0,0,0,0,0,0,0,0,0,0,0,1,0,1,0,0,0,0,0,0,0,0,1,2,0,0,0,1,0,0,0,8,0,0,0,0
1795,98,6397,1201,18292,25844,21351,3,38,35,18,0,1,194,78,437,1,0,6,13,3,53,7,9,62,4,135,29,82,21,28,7,8,10,1558,52,99,10,685,39,13,13,46,53,22,3,13,5976,1724,3,68,5,14,3538,301,652,0,0,0,2,1,0,0,0,2,1,5,0,1,0,0,0,1,0,0,1,1,0,0,1,0,1,0,1,2,1,2,9,0,1,8,3,1,0,0,94,1,1,0,0
685,471,12392,9240,2323,21351,24624,21,131,220,55,17,12,216,175,5211,6,3,47,107,27,194,25,17,78,23,51,26,40,91,98,49,31,26,4316,258,114,42,1254,14,76,50,189,54,147,5,25,2576,95,12,18,12,31,1365,187,2136,0,2,1,3,2,1,1,0,10,1,8,0,3,0,1,3,0,3,0,2,1,0,2,0,0,1,4,0,6,0,10,37,0,4,34,0,2,0,0,104,2,1,0,0
25,25,10,161,4,3,21,38156,6085,163,1794,523,8394,101,115,1330,3341,3533,2469,7076,722,2204,442,119,310,41,62,27,12,40,1377,216,2003,39,60,286,329,140,103,7,18,21,774,76,1336,50,132,11,6,15,0,0,0,0,1,1,21,26,0,143,3,2,3,10,1,0,6,2,7,41,3,3,14,66,0,2,5,0,1,0,1,12,1,0,14,0,30,5,0,7,1,1,8,0,0,2,1,0,0,0
9,13,11,111,9,38,131,6085,53225,69,444,710,845,35,41,763,220,25,5979,4236,198,880,580,8336,5475,43,3784,80,15,40,119,217,1214,65,640,3386,3331,117,2014,77,19,21,171,600,196,60,249,179,16,13,3,0,7,2,2,4,175,193,38,2067,6,10,67,73,3,5,33,4,85,648,3,45,222,1017,2,36,130,2,1,8,6,229,1,2,175,16,337,51,0,88,7,11,89,2,16,13,0,1,1,3
259,394,239,891,36,35,220,163,69,51586,4463,3755,154,618,883,983,188,11,114,159,4710,5069,781,17,148,53,64,54,331,1075,468,599,615,71,425,357,78,81,266,12,12283,11073,3593,290,199,200,890,145,28,7988,0,0,0,0,2,0,1,0,0,1,0,0,0,0,1,0,1,0,0,0,0,3,0,4,0,9,3,1,2,0,1,4,0,0,3,1,2,3,0,3,2,1,12,0,3,8,0,0,0,0
12,15,9,116,3,18,55,1794,444,4463,6778,9095,665,55,54,1100,516,61,703,217,1446,5243,2013,28,70,12,22,19,29,64,386,102,449,24,201,437,72,33,129,12,64,91,692,120,48,156,323,49,6,53,0,0,0,0,1,0,0,0,0,1,0,0,0,0,0,0,1,0,0,0,0,2,1,2,0,4,2,1,0,0,1,2,0,0,1,0,4,1,0,5,2,2,3,0,0,2,0,0,0,0
1,5,3,17,0,0,17,523,710,3755,9095,33399,8737,84,23,191,5437,120,192,531,10107,2315,6416,53,390,26,57,18,25,195,319,107,7389,22,72,214,85,35,98,8,73,184,630,94,85,116,324,7,4,118,0,0,0,0,0,0,3,2,0,6,0,0,0,2,0,0,1,1,1,15,1,4,1,22,0,4,0,0,0,0,2,2,0,0,7,1,5,1,0,3,0,0,6,0,1,1,0,0,0,0
23,12,6,40,1,1,12,8394,845,154,665,8737,27544,196,141,308,6120,410,209,1390,964,747,563,23,203,14,62,10,21,140,1114,143,9293,15,22,64,31,19,18,6,37,53,829,60,233,55,200,2,5,87,0,0,0,0,0,0,8,7,1,61,0,0,3,2,2,0,2,0,2,47,0,3,5,68,0,1,3,0,0,1,0,13,1,0,6,0,8,2,0,2,0,0,5,0,0,0,0,0,0,0
9664,8158,383,3782,2060,194,216,101,35,618,55,84,196,85170,17866,638,115,17,37,505,326,1156,105,2,235,186,20,250,7836,37799,221,1197,899,162,129,42,13,71,73,42,1612,1088,4414,136,1179,91,417,70,16198,5860,0,0,0,11,10,2,0,0,0,2,2,0,0,0,1,0,0,0,0,2,0,2,0,8,0,0,6,1,1,0,0,5,2,0,3,1,0,10,0,3,1,2,7,0,0,20,0,0,0,0
1681,7675,140,11995,499,78,175,115,41,883,54,23,141,17866,27930,1425,47,21,76,303,152,697,41,3,41,58,8,49,377,2165,407,217,282,36,61,40,8,47,22,12,600,659,11245,29,590,21,58,34,130,9319,0,1,0,1,5,2,0,0,0,1,0,0,0,0,0,0,3,0,1,2,0,2,0,7,0,2,1,0,0,0,0,2,0,0,2,0,0,7,0,2,2,0,0,0,2,5,0,0,0,0
355,957,190,6447,106,437,5211,1330,763,983,1100,191,308,638,1425,24059,559,335,4119,1107,552,719,116,85,291,101,48,55,137,264,12610,207,335,94,4715,3828,202,229,1386,19,180,134,6537,141,551,21,117,1132,110,51,1,1,4,10,58,23,4,1,0,15,9,1,3,2,3,2,14,0,5,10,1,8,1,22,1,4,5,0,1,0,1,5,4,1,4,0,14,42,1,7,14,2,8,1,0,138,2,2,3,0
6,3,1,24,1,1,6,3341,220,188,516,5437,6120,115,47,559,8299,2903,332,55,8360,338,309,30,27,1,2,4,12,73,2748,56,1004,2,34,114,65,8,48,3,16,48,1143,17,31,16,142,3,2,73,0,0,0,0,0,0,0,1,2,2,0,0,0,0,0,0,0,0,0,1,0,1,2,2,0,0,0,0,0,0,0,0,0,0,0,0,9,0,0,0,0,0,3,0,0,1,0,0,0,0
1,2,2,8,0,0,3,3533,25,11,61,120,410,17,21,335,2903,1337,203,19,635,76,24,4,5,2,2,0,0,8,1161,10,219,1,2,15,12,1,15,1,2,2,122,1,16,0,21,1,1,3,0,0,0,0,0,0,0,0,0,1,0,0,0,0,0,0,0,0,0,0,0,0,0,0,0,0,0,0,0,0,0,0,0,0,0,1,1,0,0,0,0,0,0,0,0,0,0,0,0,0
19,23,16,152,2,6,47,2469,5979,114,703,192,209,37,76,4119,332,203,5380,587,367,412,77,792,279,11,39,3,5,18,1353,36,190,10,136,5199,294,37,181,9,4,14,553,67,65,15,48,16,2,7,0,0,1,0,1,1,4,2,2,19,1,1,3,1,0,1,1,0,5,9,1,2,2,19,0,1,3,0,0,0,1,3,1,0,11,0,24,7,0,3,0,0,7,0,1,0,0,0,0,0
80,88,54,431,18,13,107,7076,4236,159,217,531,1390,505,303,1107,55,19,587,27364,76,578,1162,18,2990,323,157,67,60,235,629,1036,4645,208,147,433,32,4345,60,29,59,80,1039,1503,5156,76,782,24,26,67,1,0,2,0,1,1,28,22,3,154,2,1,33,17,1,1,11,2,9,225,2,26,24,441,0,9,43,0,0,4,3,111,1,1,126,3,9,3,2,93,0,4,61,1,8,6,1,0,3,2
19,14,2,42,0,3,27,722,198,4710,1446,10107,964,326,152,552,8360,635,367,76,21774,543,490,31,57,10,12,14,62,591,2159,168,827,23,176,287,124,15,195,5,189,951,6600,41,48,18,229,22,10,2688,0,0,0,0,2,0,0,0,0,0,1,0,0,0,0,0,0,0,0,1,0,0,0,3,0,0,1,0,0,0,0,1,0,0,0,1,2,4,0,3,0,0,4,0,0,2,0,0,0,0
1185,1060,715,826,85,53,194,2204,880,5069,5243,2315,747,1156,697,719,338,76,412,578,543,16442,4655,23,346,145,242,1950,3234,527,325,432,665,1042,187,237,53,128,128,497,14321,900,1264,1261,222,3322,1461,71,35,271,0,0,0,7,4,0,1,0,1,9,0,0,0,0,0,0,1,0,1,7,0,4,2,14,0,31,15,7,1,0,14,3,1,0,5,31,0,5,0,8,0,44,84,2,12,10,0,1,1,0
13,18,6,62,1,7,25,442,580,781,2013,6416,563,105,41,116,309,24,77,1162,490,4655,15738,43,2174,326,655,349,91,191,104,1037,4621,471,52,127,33,818,72,146,89,136,180,2534,846,5003,8602,24,5,77,0,0,1,1,1,1,0,3,1,13,0,1,2,1,0,2,0,0,3,22,0,23,3,57,0,101,47,8,0,0,27,31,0,0,45,36,2,1,1,55,1,27,145,0,27,1,0,0,1,1
1,1,2,7,1,9,17,119,8336,17,28,53,23,2,3,85,30,4,792,18,31,23,43,4402,508,8,892,32,2,4,13,48,33,16,247,3572,2782,12,3747,43,1,3,16,189,10,6,43,44,3,3,0,0,1,0,0,0,10,12,2,140,2,1,1,4,1,0,2,0,8,33,0,2,20,58,1,9,14,0,0,0,2,15,1,0,25,1,82,11,0,13,1,1,13,0,4,3,0,0,0,0
13,17,7,75,12,62,78,310,5475,148,70,390,203,235,41,291,27,5,279,2990,57,346,2174,508,14005,246,7293,122,57,229,58,1334,2301,245,278,596,165,1289,846,195,64,123,105,3347,682,152,1469,286,29,73,1,0,6,1,2,3,21,26,24,198,2,6,72,19,7,8,20,2,33,369,1,132,68,1262,6,153,345,12,1,10,51,400,4,17,770,29,9,22,10,518,7,24,386,3,36,7,1,1,2,1
27,23,17,107,4,4,23,41,43,53,12,26,14,186,58,101,1,2,11,323,10,145,326,8,246,19907,395,167,22,87,40,6759,222,4810,29,29,18,5063,46,115,25,31,125,10499,2383,204,1092,19,8,10,0,0,0,0,0,0,1,7,1,1,2,0,6,0,2,0,2,1,1,4,1,71,6,30,0,388,134,18,1,0,125,37,0,1,42,133,1,0,1,102,3,84,497,3,86,2,0,0,0,0
8,5,3,22,27,135,51,62,3784,64,22,57,62,20,8,48,2,2,39,157,12,242,655,892,7293,395,15480,927,25,45,11,1097,104,577,297,186,1795,186,3805,3410,18,22,17,9826,176,271,925,848,71,9,1,1,5,0,3,3,43,24,4,223,0,0,17,17,4,6,7,3,14,103,1,151,32,315,1,685,432,34,2,1,181,173,4,10,250,166,8,8,6,433,4,162,918,8,159,6,1,2,3,1
216,66,55,70,34,29,26,27,80,54,19,18,10,250,49,55,4,0,3,67,14,1950,349,32,122,167,927,73051,899,202,22,391,58,16991,36,18,275,139,394,18440,330,45,76,1425,220,13144,7207,173,17,13,0,0,0,0,0,0,0,0,0,1,0,0,0,1,0,0,0,0,0,1,0,21,1,10,1,35,64,351,3,0,20,1,2,0,6,227,7,0,0,9,1,1688,249,18,23,6,1,0,0,2
1358,300,225,207,544,82,40,12,15,331,29,25,21,7836,377,137,12,0,5,60,62,3234,91,2,57,22,25,899,91060,10226,64,205,130,140,75,23,16,22,38,165,24971,491,478,89,148,432,186,50,5679,180,0,0,0,2,0,0,0,0,0,1,0,0,0,0,0,0,0,0,0,0,0,0,2,0,0,2,1,2,0,0,1,1,0,0,0,2,0,0,0,2,0,10,4,0,0,2,0,0,0,0
822,508,249,564,128,21,91,40,40,1075,64,195,140,37799,2165,264,73,8,18,235,591,527,191,4,229,87,45,202,10226,50719,163,1189,833,103,135,54,27,71,95,44,9419,8682,2416,236,515,109,736,34,1160,2461,0,0,1,3,1,1,0,0,0,1,0,0,1,0,0,0,1,0,0,1,0,5,1,4,0,5,2,2,0,0,2,1,0,0,3,2,0,1,0,8,2,2,10,0,0,4,0,0,0,0
66,55,29,298,9,28,98,1377,119,468,386,319,1114,221,407,12610,2748,1161,1353,629,2159,325,104,13,58,40,11,22,64,163,16641,139,868,29,184,295,73,65,120,2,91,79,11576,31,499,6,82,165,16,91,0,0,1,1,6,4,1,0,0,3,2,1,0,0,2,0,5,0,1,5,0,1,1,11,0,3,0,0,1,0,1,3,0,0,4,1,5,7,0,0,4,1,1,0,0,18,0,0,1,0
79,45,22,183,12,7,49,216,217,599,102,107,143,1197,217,207,56,10,36,1036,168,432,1037,48,1334,6759,1097,391,205,1189,139,52367,6817,3461,68,113,38,1751,134,245,322,516,490,7370,7077,992,19144,45,51,294,0,0,1,1,0,1,2,2,1,11,1,1,6,1,0,3,2,2,2,7,1,74,10,61,4,432,164,28,1,0,149,56,2,1,98,160,2,4,1,152,4,114,631,6,116,2,1,1,1,1
32,30,14,89,5,8,31,2003,1214,615,449,7389,9293,899,282,335,1004,219,190,4645,827,665,4621,33,2301,222,104,58,130,833,868,6817,17724,154,58,142,34,284,39,19,201,403,1132,438,5838,107,6465,15,20,406,0,0,0,0,0,1,9,3,0,31,0,0,6,1,0,1,4,0,0,62,0,9,3,120,2,4,15,0,0,0,5,41,0,0,30,5,5,0,0,30,0,2,19,0,4,2,0,0,0,0
56,25,27,96,6,10,26,39,65,71,24,22,15,162,36,94,2,1,10,208,23,1042,471,16,245,4810,577,16991,140,103,29,3461,154,47002,35,33,81,813,175,6433,61,47,97,10933,692,3877,14822,92,6,31,0,0,0,0,1,0,0,6,0,4,0,4,6,1,0,3,0,2,1,2,1,54,9,25,2,260,136,138,1,1,157,14,1,1,21,838,7,2,0,38,7,1274,1075,27,106,5,0,1,2,0
81,62,136,747,140,1558,4316,60,640,425,201,72,22,129,61,4715,34,2,136,147,176,187,52,247,278,29,297,36,75,135,184,68,58,35,7389,3083,653,35,10739,68,78,70,399,142,58,11,62,4995,127,46,7,1,7,11,65,19,1,3,0,11,10,1,5,1,1,0,20,0,10,6,2,12,6,16,0,3,5,1,3,0,2,10,1,3,10,1,38,61,0,13,13,1,8,0,0,167,1,1,5,1
14,15,17,123,12,52,258,286,3386,357,437,214,64,42,40,3828,114,15,5199,433,287,237,127,3572,596,29,186,18,23,54,295,113,142,33,3083,14906,820,76,5366,21,33,33,362,211,60,11,100,194,12,19,0,0,0,0,6,1,6,1,4,50,8,1,2,4,0,0,4,0,9,27,2,1,9,39,0,7,14,0,0,0,0,2,0,1,15,2,55,11,1,13,4,1,10,0,2,19,0,2,2,0
11,4,8,31,10,99,114,329,3331,78,72,85,31,13,8,202,65,12,294,32,124,53,33,2782,165,18,1795,275,16,27,73,38,34,81,653,820,4123,7,9197,564,19,15,93,338,9,35,35,1109,31,7,0,0,0,1,4,0,5,8,2,79,1,2,1,4,2,2,2,0,3,7,1,4,12,6,0,4,7,3,0,1,1,3,0,0,4,5,86,4,0,10,0,9,7,0,1,17,0,0,0,0
24,35,19,158,6,10,42,140,117,81,33,35,19,71,47,229,8,1,37,4345,15,128,818,12,1289,5063,186,139,22,71,65,1751,284,813,35,76,7,13465,31,56,18,37,164,10365,3383,126,904,17,2,9,0,0,2,0,0,0,2,4,3,19,1,1,3,2,4,0,0,0,3,19,1,67,11,106,2,173,184,4,0,0,35,88,3,6,147,30,3,6,1,228,1,7,240,2,65,4,0,1,2,0
19,15,27,119,63,685,1254,103,2014,266,129,98,18,73,22,1386,48,15,181,60,195,128,72,3747,846,46,3805,394,38,95,120,134,39,175,10739,5366,9197,31,37034,1152,55,45,262,754,20,44,103,6596,100,21,1,0,0,9,17,10,1,2,7,44,14,4,2,2,4,0,6,2,16,6,2,11,18,19,2,16,18,2,1,1,9,6,3,2,12,11,117,23,1,15,7,22,23,0,6,64,1,3,2,1
24,14,12,16,10,39,14,7,77,12,12,8,6,42,12,19,3,1,9,29,5,497,146,43,195,115,3410,18440,165,44,2,245,19,6433,68,21,564,56,1152,41547,65,11,8,12441,50,1350,802,381,19,4,0,0,0,0,1,0,1,2,0,7,0,3,6,1,1,1,1,0,0,3,3,48,3,24,1,295,146,502,2,1,150,6,2,2,16,1188,8,0,2,30,8,3190,1256,54,134,6,0,0,2,4
886,478,332,419,110,13,76,18,19,12283,64,73,37,1612,600,180,16,2,4,59,189,14321,89,1,64,25,18,330,24971,9419,91,322,201,61,78,33,19,18,55,65,69597,10586,721,94,117,181,246,30,91,1034,1,0,0,2,1,0,0,0,0,1,0,0,0,0,0,0,0,0,0,1,0,0,0,1,0,3,0,2,0,0,1,0,0,0,2,0,1,2,0,0,0,4,5,0,0,5,0,0,0,0
150,215,97,238,12,13,50,21,21,11073,91,184,53,1088,659,134,48,2,14,80,951,900,136,3,123,31,22,45,491,8682,79,516,403,47,70,33,15,37,45,11,10586,22576,2015,112,147,47,393,24,27,9140,0,0,0,1,0,1,0,0,0,0,1,0,0,0,0,0,0,0,0,1,0,1,0,1,0,6,2,0,0,0,2,1,0,0,3,0,1,1,0,1,0,1,6,0,0,6,0,0,0,0
317,324,96,2231,41,46,189,774,171,3593,692,630,829,4414,11245,6537,1143,122,553,1039,6600,1264,180,16,105,125,17,76,478,2416,11576,490,1132,97,399,362,93,164,262,8,721,2015,61022,84,1310,37,216,263,79,11564,0,0,1,3,10,5,0,0,0,6,4,3,1,1,0,0,6,0,1,12,0,4,0,18,0,5,2,0,3,0,0,3,1,0,5,0,2,16,0,5,2,0,6,0,4,54,2,0,1,0
27,18,10,88,4,53,54,76,600,290,120,94,60,136,29,141,17,1,67,1503,41,1261,2534,189,3347,10499,9826,1425,89,236,31,7370,438,10933,142,211,338,10365,754,12441,94,112,84,60758,1048,1959,4828,413,27,53,0,0,5,1,3,0,3,5,5,53,7,5,19,6,3,2,10,6,12,33,3,299,42,212,10,1817,714,144,2,3,553,196,12,12,240,990,15,9,10,591,18,968,3045,37,438,12,1,1,6,2
210,194,84,654,26,22,147,1336,196,199,48,85,233,1179,590,551,31,16,65,5156,48,222,846,10,682,2383,176,220,148,515,499,7077,5838,692,58,60,9,3383,20,50,117,147,1310,1048,9227,108,1127,21,52,132,0,0,0,2,2,2,3,3,1,27,0,0,18,0,2,1,5,0,7,44,1,35,16,200,4,65,105,0,1,0,14,73,4,2,190,11,2,0,1,150,1,11,119,1,30,2,0,0,0,2
65,30,18,31,11,3,5,50,60,200,156,116,55,91,21,21,16,0,15,76,18,3322,5003,6,152,204,271,13144,432,109,6,992,107,3877,11,11,35,126,44,1350,181,47,37,1959,108,18063,10303,26,6,13,0,0,0,0,0,0,0,0,0,1,0,0,1,1,0,0,0,0,1,1,0,14,1,3,0,66,25,31,0,1,31,1,1,1,3,166,0,0,2,12,1,192,212,6,24,0,0,0,0,0
55,26,20,81,6,13,25,132,249,890,323,324,200,417,58,117,142,21,48,782,229,1461,8602,43,1469,1092,925,7207,186,736,82,19144,6465,14822,62,100,35,904,103,802,246,393,216,4828,1127,10303,56714,44,15,170,0,0,1,0,0,0,1,5,0,5,1,0,9,0,2,0,1,1,0,10,0,72,7,42,1,332,109,39,0,0,125,22,0,3,53,408,3,2,2,100,2,339,680,9,94,3,0,0,2,2
113,40,157,395,1409,5976,2576,11,179,145,49,7,2,70,34,1132,3,1,16,24,22,71,24,44,286,19,848,173,50,34,165,45,15,92,4995,194,1109,17,6596,381,30,24,263,413,21,26,44,7838,601,5,0,2,3,28,62,22,1,0,0,11,5,2,1,0,2,1,17,0,3,1,0,4,3,7,0,8,6,2,3,1,0,0,1,2,10,3,17,38,2,4,5,10,7,0,1,113,1,2,1,0
1144,55,46,74,3406,1724,95,6,16,28,6,4,5,16198,130,110,2,1,2,26,10,35,5,3,29,8,71,17,5679,1160,16,51,20,6,127,12,31,2,100,19,91,27,79,27,52,6,15,601,10914,11,0,0,0,12,2,1,0,0,0,0,0,0,0,0,0,0,1,0,0,0,0,0,2,0,0,1,0,0,0,0,0,0,0,0,0,0,0,1,0,1,1,3,0,0,0,3,0,0,0,0
27,42,9,104,5,3,12,15,13,7988,53,118,87,5860,9319,51,73,3,7,67,2688,271,77,3,73,10,9,13,180,2461,91,294,406,31,46,19,7,9,21,4,1034,9140,11564,53,132,13,170,5,11,23935,0,0,0,0,1,0,0,0,0,0,0,0,1,0,1,0,0,0,0,1,0,0,0,2,0,1,2,0,0,0,1,1,0,0,1,0,3,0,0,2,0,1,2,0,1,0,0,0,0,0
0,0,367,0,3,68,18,0,3,0,0,0,0,0,0,1,0,0,0,1,0,0,0,0,1,0,1,0,0,0,0,0,0,0,7,0,0,0,1,0,1,0,0,0,0,0,0,0,0,0,58705,23261,5867,15055,13636,3150,2,2,5,7,53,11,10,11,14572,387,285,10,20,7,11,140,5,3,9,53,2,28,801,23,18,47,506,134,58,25,7,152,42,15,30,4,6,24,11,248,7840,134,90,37
0,1,592,0,1,5,12,0,0,0,0,0,0,0,1,1,0,0,0,0,0,0,0,0,0,0,1,0,0,0,0,0,0,0,1,0,0,0,0,0,0,0,0,0,0,0,0,2,0,0,23261,91910,16595,15872,259,10397,1,2,2,0,36,7,2,3,6501,226,130,2,5,6,7,94,3,3,8,15,1,21,291,6,6,13,237,36,23,10,4,53,15,8,4,4,3,9,6,30,598,73,43,20
0,0,8,2,0,14,31,0,7,0,0,0,0,0,0,4,0,0,1,2,0,0,1,1,6,0,5,0,0,1,1,1,0,0,7,0,0,2,0,0,0,0,1,5,0,0,1,3,0,0,5867,16595,48995,1102,1895,14122,38,40,59,37,366,115,70,57,20478,9978,9038,55,275,75,108,275,24,43,108,182,15,27,272,201,89,201,789,1644,371,64,29,1711,298,95,38,5,41,12,64,112,469,91,301,214
126,21,4093,173,690,3538,1365,0,2,0,0,0,0,11,1,10,0,0,0,0,0,7,1,0,1,0,0,0,2,3,1,1,0,0,11,0,1,0,9,0,2,1,3,1,2,0,0,28,12,0,15055,15872,1102,47793,18356,25006,6,1,0,0,34,4,3,1,329,27,142,2,8,6,8,75,1,4,7,17,2,10,107,4,3,11,103,18,10,7,2,283,7,9,1188,1,1,10,3,1305,257,44,50,8
4,4,50,24,4,301,187,1,2,2,1,0,0,10,5,58,0,0,1,1,2,4,1,0,2,0,3,0,0,1,6,0,0,1,65,6,4,0,17,1,1,0,10,3,2,0,0,62,2,1,13636,259,1895,18356,30152,13610,2,2,0,6,61,11,6,1,81,18,302,2,73,2,7,77,50,45,5,33,82,30,56,4,11,13,47,25,29,19,161,1248,3,30,1300,78,102,4,13,8855,3282,12,33,6
0,2,209,10,3,652,2136,1,4,0,0,0,0,2,2,23,0,0,1,1,0,0,1,0,3,0,3,0,0,1,4,1,1,0,19,1,0,0,10,0,0,1,5,0,2,0,0,22,1,0,3150,10397,14122,25006,13610,43174,15,7,14,22,181,48,28,21,2595,464,2769,18,185,31,42,194,20,17,22,75,9,19,180,26,31,55,397,162,112,29,10,3271,49,55,2053,2,24,10,13,860,258,81,161,46
0,0,0,0,0,0,0,21,175,1,0,3,8,0,0,4,0,0,4,28,0,1,0,10,21,1,43,0,0,0,1,2,9,0,1,6,5,2,1,1,0,0,0,3,3,0,1,1,0,0,2,1,38,6,2,15,5088,8176,591,705,12,50,734,4837,44,37,321,379,208,2854,63,199,64,314,58,60,142,39,6,277,36,3232,11,162,537,20,116,22,16,42,3,0,22,19,47,5,4,3,6,3
1,0,0,0,0,0,2,26,193,0,0,2,7,0,0,1,1,0,2,22,0,0,3,12,26,7,24,0,0,0,0,2,3,6,3,1,8,4,2,2,0,0,0,5,3,0,5,0,0,0,2,2,40,1,2,7,8176,26324,3682,4305,100,407,1939,4305,43,33,486,4765,455,4419,792,1056,127,259,349,430,68,120,14,1191,207,1549,16,233,2379,117,343,45,49,434,9,18,122,44,185,8,3,3,13,10
0,0,0,0,0,0,1,0,38,0,0,0,1,0,0,0,2,0,2,3,0,1,1,2,24,1,4,0,0,0,0,1,0,0,0,4,2,3,7,0,0,0,0,5,1,0,0,0,0,0,5,2,59,0,0,14,591,3682,6612,4587,399,897,646,557,38,43,2008,1911,2655,597,644,590,109,162,381,156,40,31,12,3218,101,727,33,416,803,44,146,41,62,153,3,0,72,17,91,14,3,15,38,19
0,1,1,5,2,2,3,143,2067,1,1,6,61,2,1,15,2,1,19,154,0,9,13,140,198,1,223,1,1,1,3,11,31,4,11,50,79,19,44,7,1,0,6,53,27,1,5,11,0,0,7,0,37,0,6,22,705,4305,4587,43796,212,392,773,806,29,21,470,379,3856,4955,400,802,3490,6566,95,294,1751,105,12,101,170,892,47,80,601,137,2325,171,26,490,52,61,604,41,185,50,4,20,58,32
0,0,1,3,0,1,2,3,6,0,0,0,0,2,0,9,0,0,1,2,1,0,0,2,2,2,0,0,0,0,2,1,0,0,10,8,1,1,14,0,0,1,4,7,0,0,1,5,0,0,53,36,366,34,61,181,12,100,399,212,46309,3091,376,24,369,329,1308,63,1078,20,3117,2690,117,59,1337,76,56,186,493,153,67,86,1156,522,66,107,329,742,719,15,442,41,91,91,100,453,55,15985,19804,3504
0,0,2,0,0,0,1,2,10,0,0,0,0,0,0,1,0,0,1,1,0,0,1,1,6,0,0,0,0,0,1,1,0,4,1,1,2,1,4,3,0,0,3,5,0,0,0,2,0,0,11,7,115,4,11,48,50,407,897,392,3091,6398,4404,84,104,108,655,268,748,46,4058,7659,59,50,695,35,36,108,64,232,41,83,105,273,41,68,154,183,226,23,72,21,84,116,114,61,9,120,328,321
0,0,0,3,0,0,1,3,67,0,0,0,3,0,0,3,0,0,3,33,0,0,2,1,72,6,17,0,0,1,0,6,6,6,5,2,1,3,2,6,0,0,1,19,18,1,9,1,0,1,10,2,70,3,6,28,734,1939,646,773,376,4404,21854,7546,104,150,494,4974,308,1027,5408,6796,74,1207,1663,70,204,241,66,1187,94,6226,125,787,346,113,68,62,371,161,21,18,329,258,454,24,9,52,168,176
0,0,0,0,0,0,0,10,73,0,0,2,2,0,0,2,0,0,1,17,0,0,1,4,19,0,17,1,0,0,0,1,1,1,1,4,4,2,2,1,0,0,1,6,0,1,0,0,0,0,11,3,57,1,1,21,4837,4305,557,806,24,84,7546,14641,83,95,454,4049,203,992,403,617,36,392,365,32,108,44,21,699,32,4735,52,510,237,25,63,25,144,25,4,5,59,18,101,7,6,13,43,29
0,0,4,1,0,2,10,1,3,1,0,0,2,1,0,3,0,0,0,1,0,0,0,1,7,2,4,0,0,0,2,0,0,0,1,0,2,4,4,1,0,0,0,3,2,0,2,2,0,1,14572,6501,20478,329,81,2595,44,43,38,29,369,104,104,83,91637,16890,1738,57,104,54,129,366,14,40,201,496,22,141,2112,126,408,456,16200,2001,781,238,20,366,1238,115,27,15,71,50,210,80,9217,252,1921,1705
0,0,0,0,0,1,1,0,5,0,0,0,0,0,0,2,0,0,1,1,0,0,2,0,8,0,6,0,0,0,0,3,1,3,0,0,2,0,0,1,0,0,0,2,1,0,0,1,0,0,387,226,9978,27,18,464,37,33,43,21,329,108,150,95,16890,41387,4611,71,86,31,156,389,9,37,347,356,21,104,688,198,346,604,5463,8057,678,169,14,234,5804,61,22,11,61,35,235,24,238,213,6406,7056
2,0,1,6,0,5,8,6,33,1,1,1,2,0,3,14,0,0,1,11,0,1,0,2,20,2,7,0,0,1,5,2,4,0,20,4,2,0,6,1,0,0,6,10,5,0,1,17,1,0,285,130,9038,142,302,2769,321,486,2008,470,1308,655,494,454,1738,4611,28798,750,8572,451,614,771,202,201,654,464,71,73,167,5127,274,960,458,8318,1320,151,94,10451,634,265,191,10,128,33,203,557,121,130,327,152
0,0,0,0,0,0,0,2,4,0,0,1,0,0,0,0,0,0,0,2,0,0,0,0,2,1,3,0,0,0,0,2,0,2,0,0,0,0,2,0,0,0,0,6,0,0,1,0,0,0,10,2,55,2,2,18,379,4765,1911,379,63,268,4974,4049,57,71,750,8943,289,77,5748,702,23,45,2673,32,21,36,13,5921,56,804,38,903,165,34,81,29,223,19,3,4,38,22,160,5,4,9,25,28
0,0,0,0,0,1,3,7,85,0,0,1,2,0,1,5,0,0,5,9,0,1,3,8,33,1,14,0,0,0,1,2,0,1,10,9,3,3,16,0,0,0,1,12,7,1,0,3,0,0,20,5,275,8,73,185,208,455,2655,3856,1078,748,308,203,104,86,8572,289,17516,611,528,667,3252,501,177,206,179,39,62,729,101,469,122,224,564,77,361,6997,58,284,223,14,210,19,77,327,26,69,151,45
1,1,0,3,0,0,0,41,648,0,0,15,47,2,2,10,1,0,9,225,1,7,22,33,369,4,103,1,0,1,5,7,62,2,6,27,7,19,6,3,1,1,12,33,44,1,10,1,0,1,7,6,75,6,2,31,2854,4419,597,4955,20,46,1027,992,54,31,451,77,611,15433,27,570,94,3235,50,603,394,76,9,85,145,4301,16,123,3125,154,67,72,26,2931,11,14,793,27,211,14,9,8,13,12
0,0,0,0,0,0,1,3,3,0,0,1,0,0,0,1,0,0,1,2,0,0,0,0,1,1,1,0,0,0,0,1,0,1,2,2,1,1,2,3,0,0,0,3,1,0,0,0,0,0,11,7,108,8,7,42,63,792,644,400,3117,4058,5408,403,129,156,614,5748,528,27,20121,1269,42,52,7715,55,17,175,154,1915,104,329,303,813,66,90,137,90,1163,21,35,13,54,77,149,31,24,251,1159,5070
0,1,3,2,0,0,3,3,45,3,2,4,3,2,2,8,1,0,2,26,0,4,23,2,132,71,151,21,0,5,1,74,9,54,12,1,4,67,11,48,0,1,4,299,35,14,72,4,0,0,140,94,275,75,77,194,199,1056,590,802,2690,7659,6796,617,366,389,771,702,667,570,1269,42181,170,1194,1043,959,1020,2168,1952,532,670,3106,1183,779,592,1916,175,372,610,1091,274,631,2987,6086,7995,338,54,1698,1862,578
0,0,1,0,0,1,0,14,222,0,1,1,5,0,0,1,2,0,2,24,0,2,3,20,68,6,32,1,2,1,1,10,3,9,6,9,12,11,18,3,0,0,0,42,16,1,7,3,2,0,5,3,24,1,50,20,64,127,109,3490,117,59,74,36,14,9,202,23,3252,94,42,170,8866,3285,26,84,1483,33,11,13,45,218,18,20,137,42,3158,2657,5,134,1372,229,673,9,63,409,8,10,24,4
1,1,2,14,0,0,3,66,1017,4,2,22,68,8,7,22,2,0,19,441,3,14,57,58,1262,30,315,10,0,4,11,61,120,25,16,39,6,106,19,24,1,1,18,212,200,3,42,7,0,2,3,3,43,4,45,17,314,259,162,6566,59,50,1207,392,40,37,201,45,501,3235,52,1194,3285,18262,64,337,10016,110,21,82,194,3541,25,112,1379,167,597,471,43,910,661,741,3079,43,462,513,11,6,23,13
0,0,0,0,0,0,0,0,2,0,0,0,0,0,0,1,0,0,0,0,0,0,0,1,6,0,1,1,0,0,0,4,2,2,0,0,0,2,2,1,0,0,0,10,4,0,1,0,0,0,9,8,108,7,5,22,58,349,381,95,1337,695,1663,365,201,347,654,2673,177,50,7715,1043,26,64,17638,104,23,150,351,4999,221,830,806,5239,313,109,49,47,10725,41,7,21,94,80,346,25,44,291,1683,3977
2,1,0,1,1,1,2,2,36,9,4,4,1,0,2,4,0,0,1,9,0,31,101,9,153,388,685,35,2,5,3,432,4,260,3,7,4,173,16,295,3,6,5,1817,65,66,332,8,1,1,53,15,182,17,33,75,60,430,156,294,76,35,70,32,496,356,464,32,206,603,55,959,84,337,104,24956,1026,324,167,164,5527,561,447,445,6505,8307,49,103,112,8123,113,319,7338,154,918,135,95,61,181,77
2,0,1,2,0,1,1,5,130,3,2,0,3,6,1,5,0,0,3,43,1,15,47,14,345,134,432,64,1,2,0,164,15,136,5,14,7,184,18,146,0,2,2,714,105,25,109,6,0,2,2,1,15,2,82,9,142,68,40,1751,56,36,204,108,22,21,71,21,179,394,17,1020,1483,10016,23,1026,14761,561,18,25,443,1076,31,42,909,474,838,332,20,713,925,5975,11326,90,648,737,29,9,22,9
0,0,0,0,1,0,0,0,2,1,1,0,0,1,0,0,0,0,0,0,0,7,8,0,12,18,34,351,2,2,0,28,0,138,1,0,3,4,2,502,2,0,0,144,0,31,39,2,0,0,28,21,27,10,30,19,39,120,31,105,186,108,241,44,141,104,73,36,39,76,175,2168,33,110,150,324,561,59922,1477,43,454,126,436,133,179,17172,424,26,83,217,148,15697,1358,15551,1992,169,42,327,394,170
0,0,3,0,0,0,2,1,1,2,0,0,0,1,0,1,0,0,0,0,0,1,0,0,1,1,2,3,0,0,1,1,0,1,3,0,0,0,1,2,0,0,3,2,1,0,0,3,0,0,801,291,272,107,56,180,6,14,12,12,493,64,66,21,2112,688,167,13,62,9,154,1952,11,21,351,167,18,1477,128113,29,201,163,25826,359,134,359,34,94,491,34,46,144,92,688,190,117,11156,11770,3141,665
0,0,0,0,0,1,0,0,8,0,0,0,1,0,0,0,0,0,0,4,0,0,0,0,10,0,1,0,0,0,0,0,0,1,0,0,1,0,1,1,0,0,0,3,0,1,0,1,0,0,23,6,201,4,4,26,277,1191,3218,101,153,232,1187,699,126,198,5127,5921,729,85,1915,532,13,82,4999,164,25,43,29,7265,171,1073,46,4196,708,77,34,47,389,36,7,0,55,32,205,14,16,19,53,25
0,0,0,0,0,0,0,1,6,1,1,2,0,0,0,1,0,0,1,3,0,14,27,2,51,125,181,20,1,2,1,149,5,157,2,0,1,35,9,150,1,2,0,553,14,31,125,0,0,1,18,6,89,3,11,31,36,207,101,170,67,41,94,32,408,346,274,56,101,145,104,670,45,194,221,5527,443,454,201,171,16020,1496,569,542,3623,9008,26,57,276,1001,45,262,2791,300,4166,77,73,78,331,166
0,0,0,2,0,1,1,12,229,4,2,2,13,5,2,5,0,0,3,111,1,3,31,15,400,37,173,1,1,1,3,56,41,14,10,2,3,88,6,6,0,1,3,196,73,1,22,0,0,1,47,13,201,11,13,55,3232,1549,727,892,86,83,6226,4735,456,604,960,804,469,4301,329,3106,218,3541,830,561,1076,126,163,1073,1496,22543,483,1661,12490,240,68,144,651,2082,64,30,2434,97,4259,94,56,64,326,269
1,0,1,3,0,0,4,1,1,0,0,0,1,2,0,4,0,0,1,1,0,1,0,1,4,0,4,2,0,0,0,2,0,1,1,0,0,3,3,2,0,0,1,12,4,1,0,1,0,0,506,237,789,103,47,397,11,16,33,47,1156,105,125,52,16200,5463,458,38,122,16,303,1183,18,25,806,447,31,436,25826,46,569,483,80906,1356,478,373,52,214,2132,59,89,49,89,194,366,199,773,8569,23579,2864
0,0,1,0,0,1,0,0,2,0,0,0,0,0,0,1,0,0,0,1,0,0,0,0,17,1,10,0,0,0,0,1,0,1,3,1,0,6,2,2,0,0,0,12,2,1,3,2,0,0,134,36,1644,18,25,162,162,233,416,80,522,273,787,510,2001,8057,8318,903,224,123,813,779,20,112,5239,445,42,133,359,4196,542,1661,1356,28849,1278,224,29,189,16024,117,28,14,113,51,462,48,131,189,1023,1040
3,1,0,2,0,2,6,14,175,3,1,7,6,3,2,4,0,0,11,126,0,5,45,25,770,42,250,6,0,3,4,98,30,21,10,15,4,147,12,16,2,3,5,240,190,3,53,10,0,1,58,23,371,10,29,112,537,2379,803,601,66,41,346,237,781,678,1320,165,564,3125,66,592,137,1379,313,6505,909,179,134,708,3623,12490,478,1278,13543,964,51,158,244,5893,58,47,1429,43,1141,97,68,35,218,112
0,0,0,0,0,1,0,0,16,1,0,1,0,1,0,0,0,1,0,3,1,31,36,1,29,133,166,227,2,2,1,160,5,838,1,2,5,30,11,1188,0,0,0,990,11,166,408,3,0,0,25,10,64,7,19,29,20,117,44,137,107,68,113,25,238,169,151,34,77,154,90,1916,42,167,109,8307,474,17172,359,77,9008,240,373,224,964,46826,58,55,103,1258,109,3097,5831,8440,3458,87,38,155,217,75
0,0,2,7,1,2,10,30,337,2,4,5,8,0,0,14,9,1,24,9,2,0,2,82,9,1,8,7,0,0,5,2,5,7,38,55,86,3,117,8,1,1,2,15,2,0,3,17,0,3,7,4,29,2,161,10,116,343,146,2325,329,154,68,63,20,14,94,81,361,67,137,175,3158,597,49,49,838,424,34,34,26,68,52,29,51,58,1049,991,14,47,2584,845,442,12,33,1372,22,42,61,14
7,3,5,14,2,9,37,5,51,3,1,1,2,10,7,42,0,0,7,3,4,5,1,11,22,0,8,0,0,1,7,4,0,2,61,11,4,6,23,0,2,1,16,9,0,0,2,38,1,0,152,53,1711,283,1248,3271,22,45,41,171,742,183,62,25,366,234,10451,29,6997,72,90,372,2657,471,47,103,332,26,94,47,57,144,214,189,158,55,991,19007,78,123,6729,70,230,19,51,5703,83,130,197,56
0,0,0,1,0,0,0,0,0,0,0,0,0,0,0,1,0,0,0,2,0,0,1,0,10,1,6,0,0,0,0,1,0,0,0,1,0,1,1,2,0,0,0,10,1,2,2,2,0,0,42,15,298,7,3,49,16,49,62,26,719,226,371,144,1238,5804,634,223,58,26,1163,610,5,43,10725,112,20,83,491,389,276,651,2132,16024,244,103,14,78,28242,30,11,14,43,64,281,38,80,248,2330,7757
1,0,1,1,0,1,4,7,88,3,5,3,2,3,2,7,0,0,3,93,3,8,55,13,518,102,433,9,2,8,0,152,30,38,13,13,10,228,15,30,0,1,5,591,150,12,100,4,1,2,15,8,95,9,30,55,42,434,153,490,15,23,161,25,115,61,265,19,284,2931,21,1091,134,910,41,8123,713,217,34,36,1001,2082,59,117,5893,1258,47,123,30,17920,106,101,7022,75,1175,122,18,8,40,4
2,0,3,9,0,8,34,1,7,2,2,0,0,1,2,14,0,0,0,0,0,0,1,1,7,3,4,1,0,2,4,4,0,7,13,4,0,1,7,8,0,0,2,18,1,1,2,5,1,0,30,4,38,1188,1300,2053,3,9,3,52,442,72,21,4,27,22,191,3,223,11,35,274,1372,661,7,113,925,148,46,7,45,64,89,28,58,109,2584,6729,11,106,15974,772,648,5,46,6361,50,72,103,14
4,1,0,1,1,3,0,1,11,1,2,0,0,2,0,2,0,0,0,4,0,44,27,1,24,84,162,1688,10,2,1,114,2,1274,1,1,9,7,22,3190,4,1,0,968,11,192,339,10,3,1,4,4,5,1,78,2,0,18,0,61,41,21,18,5,15,11,10,4,14,14,13,631,229,741,21,319,5975,15697,144,0,262,30,49,14,47,3097,845,70,14,101,772,50545,12549,830,568,574,14,31,40,13
1,1,0,5,0,1,2,8,89,12,3,6,5,7,0,8,3,0,7,61,4,84,145,13,386,497,918,249,4,10,1,631,19,1075,8,10,7,240,23,1256,5,6,6,3045,119,212,680,7,0,2,6,3,41,1,102,24,22,122,72,604,91,84,329,59,71,61,128,38,210,793,54,2987,673,3079,94,7338,11326,1358,92,55,2791,2434,89,113,1429,5831,442,230,43,7022,648,12549,34654,477,2810,559,35,32,74,54
0,0,1,0,0,0,0,0,2,0,0,0,0,0,0,1,0,0,0,1,0,2,0,0,3,3,8,18,0,0,0,6,0,27,0,0,0,2,0,54,0,0,0,37,1,6,9,0,0,0,24,9,12,10,4,10,19,44,17,41,91,116,258,18,50,35,33,22,19,27,77,6086,9,43,80,154,90,15551,688,32,300,97,194,51,43,8440,12,19,64,75,5,830,477,15447,8222,14,11,172,200,57
0,0,0,0,0,0,0,0,16,3,0,1,0,0,2,0,0,0,1,8,0,12,27,4,36,86,159,23,0,0,0,116,4,106,0,2,1,65,6,134,0,0,4,438,30,24,94,1,0,1,11,6,64,3,13,13,47,185,91,185,100,114,454,101,210,235,203,160,77,211,149,7995,63,462,346,918,648,1992,190,205,4166,4259,366,462,1141,3458,33,51,281,1175,46,568,2810,8222,21295,64,34,84,289,181
16,8,21,58,8,94,104,2,13,8,2,1,0,20,5,138,1,0,0,6,2,10,1,3,7,2,6,6,2,4,18,2,2,5,167,19,17,4,64,6,5,6,54,12,2,0,3,113,3,0,248,30,112,1305,8855,860,5,8,14,50,453,61,24,7,80,24,557,5,327,14,31,338,409,513,25,135,737,169,117,14,77,94,199,48,97,87,1372,5703,38,122,6361,574,559,14,64,8446,442,135,204,43
1,0,2,0,0,1,2,1,0,0,0,0,0,0,0,2,0,0,0,1,0,0,0,0,1,0,1,1,0,0,0,1,0,0,1,0,0,0,1,0,0,0,2,1,0,0,0,1,0,0,7840,598,469,257,3282,258,4,3,3,4,55,9,9,6,9217,238,121,4,26,9,24,54,8,11,44,95,29,42,11156,16,73,56,773,131,68,38,22,83,80,18,50,14,35,11,34,442,33753,113,151,70
0,0,2,0,0,1,1,0,1,0,0,0,0,0,0,2,0,0,0,0,0,1,0,0,1,0,2,0,0,0,0,1,0,1,1,2,0,1,3,0,0,0,0,1,0,0,0,2,0,0,134,73,91,44,12,81,3,3,15,20,15985,120,52,13,252,213,130,9,69,8,251,1698,10,6,291,61,9,327,11770,19,78,64,8569,189,35,155,42,130,248,8,72,31,32,172,84,135,113,42027,12669,607
0,1,1,0,0,0,0,0,1,0,0,0,0,0,0,3,0,0,0,3,0,1,1,0,2,0,3,0,0,0,1,1,0,2,5,2,0,2,2,2,0,0,1,6,0,0,2,1,0,0,90,43,301,50,33,161,6,13,38,58,19804,328,168,43,1921,6406,327,25,151,13,1159,1862,24,23,1683,181,22,394,3141,53,331,326,23579,1023,218,217,61,197,2330,40,103,40,74,200,289,204,151,12669,40993,11291
0,0,0,0,0,0,0,0,3,0,0,0,0,0,0,0,0,0,0,2,0,0,1,0,1,0,1,2,0,0,0,1,0,0,1,0,0,0,1,4,0,0,0,2,2,0,2,0,0,0,37,20,214,8,6,46,3,10,19,32,3504,321,176,29,1705,7056,152,28,45,12,5070,578,4,13,3977,77,9,170,665,25,166,269,2864,1040,112,75,14,56,7757,4,14,13,54,57,181,43,70,607,11291,22549
