14163,3129,3796,2353,11501,2137,438,4,0,42,7,2,3,14602,386,178,1,0,10,16,4,305,4,2,3,4,2,54,691,477,9,8,3,9,32,6,59,6,75,7,371,31,93,9,21,11,3,97,1704,6,27,33,21,30,17,66,0,0,0,0,19,0,0,0,85,9,22,0,4,1,2,16,1,0,2,1,0,1,16,2,0,1,21,8,4,1,0,22,2,2,36,0,2,0,0,23,12,8,28,1
3129,20481,2040,14037,193,162,243,5,2,58,6,0,0,2611,1552,285,2,0,5,15,5,274,1,1,3,4,2,17,196,291,10,8,2,2,43,8,64,7,75,2,209,49,121,10,19,7,3,64,122,26,60,47,37,35,35,109,0,0,0,0,17,1,0,0,99,6,45,0,2,1,0,23,1,1,2,0,1,1,22,0,0,1,29,3,2,1,4,30,1,0,42,1,0,0,0,50,20,10,35,6
3796,2040,30501,7781,2906,6925,4618,1,3,52,5,1,0,863,72,85,0,1,2,4,3,468,0,3,1,0,1,33,438,363,7,9,2,11,49,3,50,2,67,7,390,45,37,3,11,9,11,218,345,10,176,253,28,2141,104,219,0,3,0,0,19,0,0,0,70,11,35,0,3,2,2,23,0,0,0,2,0,2,24,3,0,2,29,11,1,1,8,28,2,2,35,1,1,2,0,47,17,8,27,2
2353,14037,7781,34697,929,1718,8853,105,25,342,51,17,30,7364,11199,8154,20,55,151,330,44,613,20,19,54,58,22,41,567,1420,339,124,62,59,333,98,121,108,303,4,616,290,2055,97,312,20,36,531,350,274,125,193,109,138,177,414,2,1,2,4,44,2,1,0,239,17,110,0,14,5,1,35,2,5,0,3,2,2,46,3,0,5,57,45,4,0,16,83,3,4,96,2,4,0,1,246,49,14,52,3
11501,193,2906,929,13408,20380,930,2,4,13,2,1,1,5352,189,99,1,1,4,14,3,83,0,3,0,5,4,19,360,235,17,5,2,8,45,5,69,4,99,1,78,14,70,4,22,7,5,1081,1584,6,13,14,4,45,9,23,0,0,0,0,19,1,0,0,34,4,20,0,5,1,0,13,0,0,1,0,0,1,6,1,0,0,15,6,2,1,1,25,0,1,27,1,0,0,0,21,8,4,23,1
2137,162,6925,1718,20380,27904,14172,1,5,56,14,2,0,551,33,310,1,1,22,22,5,113,3,6,11,2,15,7,260,185,19,11,8,6,405,27,52,8,475,10,111,29,60,16,24,5,7,5432,1381,16,186,90,21,2225,253,740,0,0,0,0,7,1,0,1,46,6,14,0,4,1,1,6,1,1,2,3,0,0,13,0,1,0,16,4,2,2,8,17,0,1,25,2,3,0,0,111,29,4,13,0
438,243,4618,8853,930,14172,17937,17,21,232,49,7,5,444,172,2327,7,11,80,90,28,216,9,33,28,29,35,18,172,486,121,54,14,30,2926,135,115,32,3031,8,192,107,335,47,94,3,19,2693,106,76,104,134,90,461,197,666,0,1,2,4,24,3,2,0,161,7,67,1,13,3,1,26,3,3,0,3,3,1,26,2,1,2,27,28,3,2,20,66,5,5,58,2,2,0,1,311,41,11,28,2
4,5,1,105,2,1,17,32641,4658,170,1577,404,6212,132,267,630,5681,8118,2488,6035,558,2130,220,335,193,59,69,17,43,49,1188,178,1014,35,63,78,496,229,107,6,24,20,914,66,1274,31,52,18,9,41,1,0,0,0,0,3,0,7,15,75,9,2,1,0,3,2,5,2,25,31,6,7,10,5,0,0,6,0,0,1,1,5,3,1,3,1,165,6,0,5,1,0,2,0,1,1,0,0,4,0
0,2,3,25,4,5,21,4658,39582,114,467,1479,1853,68,63,387,1801,414,5124,3383,702,956,277,9317,4713,59,4440,35,28,44,344,114,992,73,266,1384,6023,95,573,240,22,31,360,563,193,32,113,59,3,46,0,1,1,0,1,6,33,34,28,309,13,6,25,23,2,1,10,9,44,169,10,32,37,144,0,1,39,0,2,3,4,58,7,3,16,4,447,4,3,12,8,3,24,0,9,1,1,0,13,2
42,58,52,342,13,56,232,170,114,45778,6342,6716,89,348,437,500,301,24,434,189,9349,4738,700,102,103,307,191,90,226,512,130,929,879,198,601,375,127,162,1331,33,11125,9139,3319,602,417,172,865,181,26,6566,13,13,6,9,9,20,1,2,9,5,43,4,1,0,30,7,49,2,70,7,2,20,8,3,1,6,10,1,11,2,9,7,17,7,7,3,40,49,2,5,43,18,23,0,10,13,7,6,29,5
7,6,5,51,2,14,49,1577,467,6342,5579,9035,193,61,69,236,606,153,750,761,2728,3574,2053,62,121,113,138,50,41,75,147,190,331,70,177,267,88,79,547,17,148,165,443,256,141,182,258,65,10,194,2,2,4,3,2,3,1,0,7,5,23,3,3,1,8,3,19,0,43,6,3,20,3,1,2,4,7,0,6,2,6,11,6,6,8,3,35,27,0,5,13,3,17,0,4,4,0,4,9,3
2,0,1,17,1,2,7,404,1479,6716,9035,28399,9175,49,88,142,4641,178,235,2099,6056,3121,5259,147,1153,135,545,27,61,158,601,372,7519,90,70,103,197,204,213,11,169,355,891,353,398,124,468,9,2,344,2,0,0,0,1,0,0,1,0,44,6,1,10,1,6,1,3,0,16,28,1,11,3,63,2,2,25,0,0,1,5,14,1,0,7,8,23,2,1,7,3,8,16,0,5,1,0,0,0,0
3,0,0,30,1,0,5,6212,1853,89,193,9175,19220,64,110,133,6878,789,169,4703,930,241,205,99,837,83,483,8,17,43,681,477,8620,23,26,40,711,155,39,0,20,47,505,90,1129,9,87,2,5,74,1,0,0,1,0,0,3,4,0,103,2,0,15,9,0,0,2,2,6,100,1,6,3,52,1,0,12,0,0,0,1,17,1,0,5,1,9,0,2,3,2,0,7,0,1,0,0,0,0,0
14602,2611,863,7364,5352,551,444,132,68,348,61,49,64,76928,16411,1969,52,76,179,560,345,714,48,42,107,137,47,185,6562,29973,414,636,259,123,455,116,315,211,771,24,1269,500,4012,186,1004,54,136,238,17736,2071,77,77,32,47,44,115,1,5,6,1,92,1,1,1,169,20,137,1,27,8,2,101,5,2,5,6,5,0,45,15,1,6,102,41,2,3,29,133,7,4,189,1,9,3,2,49,23,23,138,14
386,1552,72,11199,189,33,172,267,63,437,69,88,110,16411,27865,2273,68,174,302,639,379,574,39,14,70,109,37,73,803,3359,822,445,239,74,180,90,75,193,189,11,758,933,14070,144,758,24,87,85,378,6214,18,22,17,5,14,39,1,0,2,4,14,1,0,0,58,6,35,0,7,6,3,12,0,0,2,0,0,4,8,2,0,2,21,7,2,1,9,24,1,1,27,1,1,0,1,21,12,2,15,0
178,285,85,8154,99,310,2327,630,387,500,236,142,133,1969,2273,33450,123,759,5447,893,463,406,51,181,189,161,83,35,195,664,13480,235,171,101,5441,4280,211,217,1100,19,247,183,7122,185,561,12,82,835,122,226,80,82,71,59,101,221,0,1,4,13,58,4,3,2,166,13,82,0,82,12,4,57,4,6,2,4,4,2,24,10,2,6,36,31,1,0,63,69,2,5,78,2,4,1,0,104,32,14,64,2
1,2,0,20,1,1,7,5681,1801,301,606,4641,6878,52,68,123,12799,1816,385,534,6577,330,194,202,129,27,47,7,13,40,1769,326,1184,13,28,90,67,58,87,2,14,38,519,39,431,5,84,6,1,86,0,0,0,1,0,0,0,0,1,6,1,0,1,0,0,0,1,0,2,3,0,4,0,4,1,0,0,0,0,0,0,1,0,0,0,1,31,1,0,1,2,0,3,0,0,0,0,0,1,0
0,0,1,55,1,1,11,8118,414,24,153,178,789,76,174,759,1816,5881,1968,485,333,138,35,60,26,11,13,3,7,30,1980,135,335,10,24,29,40,46,28,2,11,6,1043,7,390,2,19,7,2,35,1,1,2,0,0,2,0,0,0,5,3,0,1,0,0,0,2,0,0,0,2,5,0,0,0,0,0,0,1,0,0,0,1,1,2,0,9,2,0,0,2,1,2,0,0,0,1,0,0,0
10,5,2,151,4,22,80,2488,5124,434,750,235,169,179,302,5447,385,1968,16283,1556,1152,432,64,744,456,53,101,10,36,103,3835,99,183,29,865,6400,420,107,1092,13,55,55,2036,112,295,9,39,81,7,75,3,3,3,2,5,8,1,3,11,25,55,7,5,0,8,4,24,0,144,9,10,46,17,1,4,3,2,1,2,13,2,9,6,3,2,0,185,40,2,2,19,0,4,0,1,3,3,3,18,1
16,15,4,330,14,22,90,6035,3383,189,761,2099,4703,560,639,893,534,485,1556,34391,468,1819,904,155,2647,704,1131,54,100,276,953,556,6353,233,228,374,256,2306,202,18,89,95,1714,838,3846,56,219,58,18,228,2,6,2,2,2,13,10,9,11,95,7,6,27,7,15,1,14,1,25,112,0,37,19,291,2,4,52,1,2,5,3,61,1,7,26,5,64,13,0,20,10,2,50,1,5,6,0,1,4,1
4,5,3,44,3,5,28,558,702,9349,2728,6056,930,345,379,463,6577,333,1152,468,18244,865,537,366,159,94,87,21,77,464,2204,720,1156,54,280,614,133,143,1544,10,323,1134,8488,184,566,37,346,33,8,3827,1,1,1,4,2,1,0,3,19,14,37,6,2,1,1,3,16,1,85,4,3,23,11,10,4,0,6,1,0,3,2,4,3,0,2,0,110,8,1,5,10,2,5,0,3,4,0,0,11,0
305,274,468,613,83,113,216,2130,956,4738,3574,3121,241,714,574,406,330,138,432,1819,865,17900,5652,123,765,744,827,2832,5033,1274,160,960,617,1913,288,201,115,532,649,439,18466,1157,762,1894,844,4531,1291,137,40,375,12,10,10,6,6,18,0,2,8,28,34,5,12,4,24,3,36,4,56,36,7,83,9,93,6,18,60,10,8,7,51,53,17,15,28,95,39,42,6,20,33,169,101,1,65,9,5,11,22,7
4,1,0,20,0,3,9,220,277,700,2053,5259,205,48,39,51,194,35,64,904,537,5652,10542,48,1012,1015,1416,654,88,71,81,1115,5282,990,24,40,48,925,172,255,65,116,221,3249,1063,4542,6147,30,1,98,0,1,1,0,1,2,0,1,1,19,12,3,10,0,0,9,3,1,4,12,6,91,1,79,1,20,89,6,1,0,64,74,1,4,20,77,6,1,5,37,4,132,162,2,85,3,1,0,6,5
2,1,3,19,3,6,33,335,9317,102,62,147,99,42,14,181,202,60,744,155,366,123,48,8548,753,22,1608,104,14,60,75,56,98,48,424,3439,5157,11,5558,440,28,31,103,359,30,19,86,85,5,46,2,0,2,1,0,2,1,4,18,36,8,4,2,3,3,0,7,0,24,19,4,18,7,18,1,0,6,0,1,1,0,4,1,1,2,2,142,7,1,2,6,12,11,0,1,1,0,0,5,0
3,3,1,54,0,11,28,193,4713,103,121,1153,837,107,70,189,129,26,456,2647,159,765,1012,753,5241,159,6233,26,32,83,114,229,2958,95,163,418,275,315,285,68,34,38,215,1245,475,51,309,56,12,72,0,0,1,0,4,6,1,8,3,85,5,3,54,3,11,2,7,1,17,93,0,65,19,453,2,3,109,1,2,2,6,85,4,3,43,8,20,6,1,51,11,3,91,0,9,3,0,1,7,1
4,4,0,58,5,2,29,59,59,307,113,135,83,137,109,161,27,11,53,704,94,744,1015,22,159,16809,244,159,52,178,91,10451,653,5640,45,42,16,4502,79,155,71,140,282,7872,1291,209,2880,15,3,110,1,2,2,2,2,4,0,1,0,2,9,0,1,0,4,8,2,0,1,5,1,55,2,9,0,24,29,5,0,0,55,25,0,2,7,76,4,1,3,5,5,108,86,1,44,3,0,1,5,3
2,2,1,22,4,15,35,69,4440,191,138,545,483,47,37,83,47,13,101,1131,87,827,1416,1608,6233,244,15978,1475,39,97,44,905,1806,573,208,299,1297,308,1372,5533,60,85,86,7349,517,156,1396,246,20,54,2,2,2,4,3,7,0,0,0,46,15,4,40,5,6,9,5,1,10,49,6,168,15,274,0,28,233,23,1,3,28,172,9,3,64,36,7,6,4,71,11,158,170,3,60,18,2,4,7,5
54,17,33,41,19,7,18,17,35,90,50,27,8,185,73,35,7,3,10,54,21,2832,654,104,26,159,1475,62088,1663,335,13,215,74,9514,24,25,283,57,316,9402,558,41,66,936,116,14236,7021,32,15,26,0,0,0,0,1,1,0,0,0,0,4,0,1,0,2,1,1,0,1,0,1,13,1,6,0,6,54,397,0,1,7,4,1,0,1,109,9,3,0,0,10,898,23,12,9,0,0,0,2,0
691,196,438,567,360,260,172,43,28,226,41,61,17,6562,803,195,13,7,36,100,77,5033,88,14,32,52,39,1663,119977,14002,57,210,69,214,131,27,54,43,269,107,35944,542,432,116,163,516,182,231,6280,188,9,3,4,4,3,7,0,0,1,2,22,0,0,1,12,2,27,0,8,3,1,17,4,0,1,0,1,0,3,2,3,2,8,7,0,3,12,26,2,1,29,8,4,0,0,10,3,5,24,0
477,291,363,1420,235,185,486,49,44,512,75,158,43,29973,3359,664,40,30,103,276,464,1274,71,60,83,178,97,335,14002,64725,202,976,341,122,447,86,125,189,716,28,12165,7619,1869,253,726,93,312,174,976,1159,14,15,6,8,14,17,0,1,4,2,53,0,0,0,25,9,73,1,45,8,2,47,6,2,3,0,3,0,18,10,1,0,25,19,1,2,40,65,4,3,98,7,4,0,2,21,6,14,61,5
9,10,7,339,17,19,121,1188,344,130,147,601,681,414,822,13480,1769,1980,3835,953,2204,160,81,75,114,91,44,13,57,202,13943,285,452,51,546,341,84,183,461,7,64,51,13320,111,799,13,61,73,37,79,10,10,7,2,6,13,0,3,3,6,21,1,1,0,14,6,20,0,32,1,0,18,4,2,2,1,0,1,3,6,2,4,9,4,3,0,39,19,1,1,15,0,1,1,2,6,6,4,7,0
8,8,9,124,5,11,54,178,114,929,190,372,477,636,445,235,326,135,99,556,720,960,1115,56,229,10451,905,215,210,976,285,48160,5575,5277,86,52,47,1160,199,586,338,903,859,5787,8492,517,15068,47,16,1019,1,2,3,0,3,5,0,1,2,9,15,4,4,1,5,8,6,0,4,2,4,146,3,31,5,48,51,24,2,2,109,63,5,4,21,259,5,4,11,22,4,449,425,6,143,4,0,1,20,9
3,2,2,62,2,8,14,1014,992,879,331,7519,8620,259,239,171,1184,335,183,6353,1156,617,5282,98,2958,653,1806,74,69,341,452,5575,23583,312,61,62,167,2063,136,60,164,438,895,1821,11436,152,3892,26,3,617,1,2,1,1,0,5,1,1,0,65,7,2,18,2,6,4,7,2,9,52,2,54,10,200,2,12,84,2,0,1,10,64,1,1,19,9,11,1,1,29,7,18,82,1,23,6,1,1,3,3
9,2,11,59,8,6,30,35,73,198,70,90,23,123,74,101,13,10,29,233,54,1913,990,48,95,5640,573,9514,214,122,51,5277,312,24777,53,41,90,436,181,7886,103,87,170,4696,452,3952,14613,24,5,62,0,0,1,0,0,1,0,0,0,2,4,0,3,0,1,0,2,1,4,3,2,44,0,8,1,26,45,103,0,0,38,16,1,4,4,467,4,1,1,3,8,1078,129,17,77,2,0,0,4,1
32,43,49,333,45,405,2926,63,266,601,177,70,26,455,180,5441,28,24,865,228,280,288,24,424,163,45,208,24,131,447,546,86,61,53,7398,3257,494,65,10328,44,213,173,1079,211,134,9,36,2970,102,106,55,58,35,38,47,160,1,0,6,4,53,4,1,1,125,19,78,0,36,7,3,49,3,6,2,4,3,2,23,8,1,9,37,20,5,5,40,67,3,2,87,2,4,1,1,82,18,11,52,6
6,8,3,98,5,27,135,78,1384,375,267,103,40,116,90,4280,90,29,6400,374,614,201,40,3439,418,42,299,25,27,86,341,52,62,41,3257,8537,739,35,5233,59,70,53,616,195,44,10,32,139,24,72,4,2,2,5,6,10,0,2,14,23,72,6,2,0,15,2,47,1,125,11,9,55,14,9,4,1,4,0,7,11,0,2,14,4,2,1,171,49,4,3,21,2,2,0,1,7,3,10,27,3
59,64,50,121,69,52,115,496,6023,127,88,197,711,315,75,211,67,40,420,256,133,115,48,5157,275,16,1297,283,54,125,84,47,167,90,494,739,4034,11,3893,765,60,34,167,268,27,32,91,414,48,26,5,10,3,5,13,22,284,185,15,1296,14,19,90,158,15,4,15,24,46,821,13,15,85,84,2,1,10,0,3,9,3,161,6,5,14,7,1444,13,1,6,18,11,10,1,4,33,2,3,12,0
6,7,2,108,4,8,32,229,95,162,79,204,155,211,193,217,58,46,107,2306,143,532,925,11,315,4502,308,57,43,189,183,1160,2063,436,65,35,11,8077,65,31,62,123,477,3794,2574,39,644,33,11,137,3,4,1,1,2,4,0,1,0,5,6,1,6,0,3,1,3,1,3,9,0,34,5,36,0,8,68,1,0,2,4,31,2,1,15,3,3,3,0,20,1,13,39,0,15,2,0,0,2,0
75,75,67,303,99,475,3031,107,573,1331,547,213,39,771,189,1100,87,28,1092,202,1544,649,172,5558,285,79,1372,316,269,716,461,199,136,181,10328,5233,3893,65,39210,932,375,338,1371,870,159,61,236,9586,203,282,71,64,52,27,53,120,0,3,23,27,97,9,0,2,122,9,117,0,124,10,6,78,17,10,4,2,18,5,31,30,4,9,56,25,7,4,433,103,8,13,84,21,18,1,3,115,22,14,68,11
7,2,7,4,1,10,8,6,240,33,17,11,0,24,11,19,2,2,13,18,10,439,255,440,68,155,5533,9402,107,28,7,586,60,7886,44,59,765,31,932,24907,46,10,17,8062,24,1207,1753,96,7,5,0,2,0,1,0,1,0,1,0,1,6,0,3,0,1,3,2,3,0,3,1,60,3,16,1,24,259,740,0,2,61,14,6,2,9,655,21,2,1,0,35,3753,191,37,79,9,0,1,6,0
371,209,390,616,78,111,192,24,22,11125,148,169,20,1269,758,247,14,11,55,89,323,18466,65,28,34,71,60,558,35944,12165,64,338,164,103,213,70,60,62,375,46,72683,5704,734,164,205,157,216,74,141,620,2,6,1,5,5,18,0,0,3,3,29,0,1,0,10,2,38,2,26,4,1,23,2,1,4,0,2,0,5,9,2,3,11,6,0,2,18,33,0,1,34,1,4,0,2,2,2,1,18,2
31,49,45,290,14,29,107,20,31,9139,165,355,47,500,933,183,38,6,55,95,1134,1157,116,31,38,140,85,41,542,7619,51,903,438,87,173,53,34,123,338,10,5704,17476,1747,317,444,42,363,62,42,7056,5,3,2,2,4,4,0,0,3,7,11,2,1,0,7,0,11,1,20,0,4,12,1,6,0,1,3,1,7,3,3,3,6,4,2,4,11,11,0,2,17,6,7,0,4,4,0,2,6,1
93,121,37,2055,70,60,335,914,360,3319,443,891,505,4012,14070,7122,519,1043,2036,1714,8488,762,221,103,215,282,86,66,432,1869,13320,859,895,170,1079,616,167,477,1371,17,734,1747,59354,340,1590,22,230,225,141,12404,22,33,27,12,17,56,1,1,7,17,51,6,3,1,56,3,42,0,55,14,1,41,8,9,3,1,3,1,12,14,0,2,23,13,1,1,48,29,1,4,63,0,7,0,2,27,8,10,37,3
9,10,3,97,4,16,47,66,563,602,256,353,90,186,144,185,39,7,112,838,184,1894,3249,359,1245,7872,7349,936,116,253,111,5787,1821,4696,211,195,268,3794,870,8062,164,317,340,31671,515,1181,6060,173,13,199,6,1,3,1,6,2,0,1,2,15,30,13,19,1,9,8,1,0,4,19,12,246,10,108,5,74,224,64,2,6,145,185,2,11,66,465,5,6,7,75,9,914,456,8,228,14,0,2,14,11
21,19,11,312,22,24,94,1274,193,417,141,398,1129,1004,758,561,431,390,295,3846,566,844,1063,30,475,1291,517,116,163,726,799,8492,11436,452,134,44,27,2574,159,24,205,444,1590,515,11680,55,813,50,32,862,10,4,8,7,4,13,0,1,0,14,3,0,11,0,9,1,5,0,6,25,0,23,9,105,0,2,36,0,0,0,10,21,2,6,15,7,7,5,0,22,11,5,45,0,7,10,2,0,5,1
11,7,9,20,7,5,3,31,32,172,182,124,9,54,24,12,5,2,9,56,37,4531,4542,19,51,209,156,14236,516,93,13,517,152,3952,9,10,32,39,61,1207,157,42,22,1181,55,11395,7612,6,3,5,0,0,0,0,0,1,0,0,0,0,2,0,0,0,1,1,0,1,0,2,0,21,1,5,0,6,16,15,1,1,11,8,0,0,3,142,0,1,1,3,1,293,59,3,27,0,0,1,0,0
3,3,11,36,5,7,19,52,113,865,258,468,87,136,87,82,84,19,39,219,346,1291,6147,86,309,2880,1396,7021,182,312,61,15068,3892,14613,36,32,91,644,236,1753,216,363,230,6060,813,7612,32368,48,8,256,1,0,1,1,1,0,0,2,2,5,15,4,5,0,2,4,7,1,6,7,7,147,6,49,4,75,106,42,4,2,140,95,4,6,18,404,4,2,7,23,8,828,375,5,156,2,0,1,18,11
97,64,218,531,1081,5432,2693,18,59,181,65,9,2,238,85,835,6,7,81,58,33,137,30,85,56,15,246,32,231,174,73,47,26,24,2970,139,414,33,9586,96,74,62,225,173,50,6,48,9037,754,32,57,73,57,84,169,232,0,1,1,2,13,1,1,0,110,4,37,1,2,2,2,19,2,7,1,4,3,1,13,5,1,1,23,13,1,1,20,43,4,7,50,3,6,0,1,274,31,4,23,3
1704,122,345,350,1584,1381,106,9,3,26,10,2,5,17736,378,122,1,2,7,18,8,40,1,5,12,3,20,15,6280,976,37,16,3,5,102,24,48,11,203,7,141,42,141,13,32,3,8,754,9439,10,9,5,3,5,8,13,0,1,1,0,6,0,0,0,19,4,27,0,5,0,1,6,2,0,0,0,0,1,9,1,0,0,15,3,0,0,6,24,1,0,20,0,1,0,1,7,4,2,20,1
6,26,10,274,6,16,76,41,46,6566,194,344,74,2071,6214,226,86,35,75,228,3827,375,98,46,72,110,54,26,188,1159,79,1019,617,62,106,72,26,137,282,5,620,7056,12404,199,862,5,256,32,10,19761,2,0,0,2,1,2,0,0,3,2,11,3,0,0,10,1,8,0,15,2,0,6,0,3,1,0,1,0,2,0,0,2,4,1,1,1,13,7,1,2,4,0,5,0,1,1,0,2,6,0
27,60,176,125,13,186,104,1,0,13,2,2,1,77,18,80,0,1,3,2,1,12,0,2,0,1,2,0,9,14,10,1,1,0,55,4,5,3,71,0,2,5,22,6,10,0,1,57,9,2,37523,14304,1779,13284,17929,2833,6,12,6,9,84,3,6,2,11744,281,609,6,27,23,7,280,5,15,6,50,14,58,1162,18,11,33,601,129,41,35,54,256,25,30,235,7,31,31,7,691,10197,238,335,34
33,47,253,193,14,90,134,0,1,13,2,0,0,77,22,82,0,1,3,6,1,10,1,0,0,2,2,0,3,15,10,2,2,0,58,2,10,4,64,2,6,3,33,1,4,0,0,73,5,0,14304,47905,10673,10599,1047,6734,4,4,4,6,124,11,4,1,9524,267,489,1,18,16,7,372,2,7,6,28,1,58,717,8,11,24,830,60,37,45,39,281,26,32,202,6,32,34,16,207,642,230,509,45
21,37,28,109,4,21,90,0,1,6,4,0,0,32,17,71,0,2,3,2,1,10,1,2,1,2,2,0,4,6,7,3,1,1,35,2,3,1,52,0,1,2,27,3,8,0,1,57,3,0,1779,10673,28775,618,208,11170,44,103,84,39,288,43,37,28,14343,4583,4656,39,143,190,43,341,10,34,111,266,15,31,565,141,64,248,804,1430,368,116,55,290,196,271,203,11,135,13,36,310,645,147,770,168
30,35,2141,138,45,2225,461,0,0,9,3,0,1,47,5,59,1,0,2,2,4,6,0,1,0,2,4,0,4,8,2,0,1,0,38,5,5,1,27,1,5,2,12,1,7,0,1,84,5,2,13284,10599,618,51965,25105,23351,2,6,1,2,63,7,0,0,565,61,182,2,14,7,6,197,4,4,8,19,4,47,424,5,8,17,401,18,22,37,20,201,11,19,1454,7,17,23,6,413,408,175,247,19
17,35,104,177,9,253,197,0,1,9,2,1,0,44,14,101,0,0,5,2,2,6,1,0,4,2,3,1,3,14,6,3,0,0,47,6,13,2,53,0,5,4,17,6,4,0,1,169,8,1,17929,1047,208,25105,29265,5861,4,16,14,29,145,14,8,3,972,54,493,1,52,40,8,130,25,73,11,54,54,16,291,7,13,45,152,32,36,21,117,1333,25,56,1335,32,61,4,7,6924,4934,38,188,39
66,109,219,414,23,740,666,3,6,20,3,0,0,115,39,221,0,2,8,13,1,18,2,2,6,4,7,1,7,17,13,5,5,1,160,10,22,4,120,1,18,4,56,2,13,1,0,232,13,2,2833,6734,11170,23351,5861,35964,25,74,78,37,439,37,33,13,2875,481,5478,26,138,174,43,413,8,32,52,317,23,32,419,82,54,192,920,353,297,122,55,1709,99,266,530,12,136,16,25,884,374,197,1042,160
0,0,0,2,0,0,0,0,33,1,1,0,3,1,1,0,0,0,1,10,0,0,0,1,1,0,0,0,0,0,0,0,1,0,1,0,284,0,0,0,0,0,1,0,0,0,0,0,0,0,6,4,44,2,4,25,2889,6008,369,456,42,125,271,3827,46,73,200,660,134,2041,33,125,52,58,17,12,18,3,6,182,8,662,10,147,146,10,146,18,23,19,11,0,16,2,8,5,4,0,11,6
0,0,3,1,0,0,1,7,34,2,0,1,4,5,0,1,0,0,3,9,3,2,1,4,8,1,0,0,0,1,3,1,1,0,0,2,185,1,3,1,0,0,1,1,1,0,2,1,1,0,12,4,103,6,16,74,6008,22293,4239,2355,530,2459,1534,3025,82,141,438,8852,425,3797,270,1886,177,111,132,60,33,7,17,474,46,841,27,329,486,42,546,68,48,207,88,10,67,13,50,47,8,11,59,21
0,0,0,2,0,0,2,15,28,9,7,0,0,6,2,4,1,0,11,11,19,8,1,18,3,0,0,0,1,4,3,2,0,0,6,14,15,0,23,0,3,3,7,2,0,0,2,1,1,3,6,4,84,1,14,78,369,4239,6993,3092,622,961,320,289,75,121,760,3739,2742,862,324,963,31,65,395,79,10,8,15,2361,35,377,42,283,425,42,238,63,58,187,71,4,82,6,37,21,13,13,70,22
0,0,0,4,0,0,4,75,309,5,5,44,103,1,4,13,6,5,25,95,14,28,19,36,85,2,46,0,2,2,6,9,65,2,4,23,1296,5,27,1,3,7,17,15,14,0,5,2,0,2,9,6,39,2,29,37,456,2355,3092,33612,336,1224,2157,962,32,36,387,1277,7486,2701,979,1238,6935,3716,104,79,1686,6,10,98,82,1342,29,70,210,80,3882,186,26,154,305,107,388,10,87,73,7,10,88,18
19,17,19,44,19,7,24,9,13,43,23,6,2,92,14,58,1,3,55,7,37,34,12,8,5,9,15,4,22,53,21,15,7,4,53,72,14,6,97,6,29,11,51,30,3,2,15,13,6,11,84,124,288,63,145,439,42,530,622,336,37804,5180,2371,115,364,479,1150,526,1584,156,9113,3888,147,133,1220,225,175,96,241,280,186,262,513,369,127,386,717,867,587,171,1457,59,529,80,252,444,62,11986,19570,4554
0,1,0,2,1,1,3,2,6,4,3,1,0,1,1,4,0,0,7,6,6,5,3,4,3,0,4,0,0,0,1,4,2,0,4,6,19,1,9,0,0,2,6,13,0,0,4,1,0,3,3,11,43,7,14,37,125,2459,961,1224,5180,7541,7531,257,54,141,286,815,619,361,4903,6691,162,119,494,61,54,20,25,156,28,395,49,152,82,118,405,87,355,68,139,22,165,47,139,32,6,37,450,464
0,0,0,1,0,0,2,1,25,1,3,10,15,1,0,3,1,1,5,27,2,12,10,2,54,1,40,1,0,0,1,4,18,3,1,2,90,6,0,3,1,1,3,19,11,0,5,1,0,0,6,4,37,0,8,33,271,1534,320,2157,2371,7531,21551,7010,58,275,426,6577,420,1938,7827,8117,321,1506,995,143,462,33,21,950,119,6896,78,416,560,199,460,49,445,326,88,22,405,41,389,22,6,30,231,240
0,0,0,0,0,1,0,0,23,0,1,1,9,1,0,2,0,0,0,7,1,4,0,3,3,0,5,0,1,0,0,1,2,0,1,0,158,0,2,0,0,0,1,1,0,0,0,0,0,0,2,1,28,0,3,13,3827,3025,289,962,115,257,7010,9297,41,101,274,6845,160,1592,694,254,121,224,122,24,98,1,3,395,29,2698,13,210,153,33,225,17,67,38,15,3,48,4,33,5,4,4,23,15
85,99,70,239,34,46,161,3,2,30,8,6,0,169,58,166,0,0,8,15,1,24,0,3,11,4,6,2,12,25,14,5,6,1,125,15,15,3,122,1,10,7,56,9,9,1,2,110,19,10,11744,9524,14343,565,972,2875,46,82,75,32,364,54,58,41,68856,15047,3361,62,189,191,68,533,16,36,128,401,22,108,5617,165,154,384,19186,1764,526,222,189,669,590,322,739,26,176,46,75,537,13782,426,1135,349
9,6,11,17,4,6,7,2,1,7,3,1,0,20,6,13,0,0,4,1,3,3,9,0,2,8,9,1,2,9,6,8,4,0,19,2,4,1,9,3,2,0,3,8,1,1,4,4,4,1,281,267,4583,61,54,481,73,141,121,36,479,141,275,101,15047,49033,2662,132,179,227,366,682,20,95,722,557,75,76,1460,454,459,1050,8633,9299,807,526,106,142,12636,384,196,46,393,38,233,102,428,275,6373,6637
22,45,35,110,20,14,67,5,10,49,19,3,2,137,35,82,1,2,24,14,16,36,3,7,7,2,5,1,27,73,20,6,7,2,78,47,15,3,117,2,38,11,42,1,5,0,7,37,27,8,609,489,4656,182,493,5478,200,438,760,387,1150,286,426,274,3361,2662,42064,683,10668,856,382,820,168,179,1939,458,57,32,457,6626,235,1044,778,10348,902,245,519,5683,1356,552,1409,25,285,26,105,778,386,191,945,519
0,0,0,0,0,0,1,2,9,2,0,0,2,1,0,0,0,0,0,1,1,4,1,0,1,0,1,0,0,1,0,0,2,1,0,1,24,1,0,3,2,1,0,0,0,1,1,1,0,0,6,1,39,2,1,26,660,8852,3739,1277,526,815,6577,6845,62,132,683,10081,651,427,4211,485,221,78,1431,36,31,3,13,4292,63,1313,21,410,201,49,432,37,149,48,22,3,45,1,87,10,5,4,43,41
4,2,3,14,5,4,13,25,44,70,43,16,6,27,7,82,2,0,144,25,85,56,4,24,17,1,10,1,8,45,32,4,9,4,36,125,46,3,124,0,26,20,55,4,6,0,6,2,5,15,27,18,143,14,52,138,134,425,2742,7486,1584,619,420,160,189,179,10668,651,17530,1574,1100,1373,2292,593,1083,192,146,12,71,2494,66,573,154,316,434,101,1619,2913,139,317,1337,24,251,9,57,169,25,73,404,108
1,1,2,5,1,1,3,31,169,7,6,28,100,8,6,12,3,0,9,112,4,36,12,19,93,5,49,0,3,8,1,2,52,3,7,11,821,9,10,3,4,0,14,19,25,2,7,2,0,2,23,16,190,7,40,174,2041,3797,862,2701,156,361,1938,1592,191,227,856,427,1574,22303,172,1236,301,1604,78,451,378,30,28,241,239,5554,79,369,3524,235,485,184,86,4467,151,26,948,21,158,87,27,18,81,29
2,0,2,1,0,1,1,6,10,2,3,1,1,2,3,4,0,2,10,0,3,7,6,4,0,1,6,1,1,2,0,4,2,2,3,9,13,0,6,1,1,4,1,12,0,0,7,2,1,0,7,7,43,6,8,43,33,270,324,979,9113,4903,7827,694,68,366,382,4211,1100,172,19611,1528,261,82,6815,105,85,29,37,833,154,547,110,308,61,258,685,145,2495,60,306,29,266,45,250,41,4,56,1267,6546
16,23,23,35,13,6,26,7,32,20,20,11,6,101,12,57,4,5,46,37,23,83,91,18,65,55,168,13,17,47,18,146,54,44,49,55,15,34,78,60,23,12,41,246,23,21,147,19,6,6,280,372,341,197,130,413,125,1886,963,1238,3888,6691,8117,254,533,682,820,485,1373,1236,1528,40076,232,1623,538,1346,1745,3167,2526,335,601,4511,1249,456,1138,4054,476,441,579,1438,797,704,4282,5913,8735,258,119,2262,2546,574
1,1,0,2,0,1,3,10,37,8,3,3,3,5,0,4,0,0,17,19,11,9,1,7,19,2,15,1,4,6,4,3,10,0,3,14,85,5,17,3,2,1,8,10,9,1,6,2,2,0,5,2,10,4,25,8,52,177,31,6935,147,162,321,121,16,20,168,221,2292,301,261,232,6588,1725,57,32,609,19,14,25,30,305,27,10,42,59,5906,2133,12,47,1824,130,358,1,45,122,14,10,57,12
0,1,0,5,0,1,3,5,144,3,1,63,52,2,0,6,4,0,1,291,10,93,79,18,453,9,274,6,0,2,2,31,200,8,6,9,84,36,10,16,1,6,9,108,105,5,49,7,0,3,15,7,34,4,73,32,58,111,65,3716,133,119,1506,224,36,95,179,78,593,1604,82,1623,1725,14893,37,274,7430,72,15,51,278,3311,56,70,415,370,1312,198,71,410,1157,953,2613,13,338,304,21,8,77,26
2,2,0,0,1,2,0,0,0,1,2,2,1,5,2,2,1,0,4,2,4,6,1,1,2,0,0,0,1,3,2,5,2,1,2,4,2,0,4,1,4,0,3,5,0,0,4,1,0,1,6,6,111,8,11,52,17,132,395,104,1220,494,995,122,128,722,1939,1431,1083,78,6815,538,57,37,9866,94,37,19,52,6753,135,447,177,2289,75,174,203,130,4907,67,243,20,129,15,169,60,15,51,1044,2967
1,0,2,3,0,3,3,0,1,6,4,2,0,6,0,4,0,0,3,4,0,18,20,0,3,24,28,6,0,0,1,48,12,26,4,1,1,8,2,24,0,1,1,74,2,6,75,4,0,0,50,28,266,19,54,317,12,60,79,79,225,61,143,24,401,557,458,36,192,451,105,1346,32,274,94,19229,447,49,134,140,3235,2997,345,381,5772,3959,49,94,220,8371,107,109,6625,46,1180,83,47,50,469,195
0,1,0,2,0,0,3,6,39,10,7,25,12,5,0,4,0,0,2,52,6,60,89,6,109,29,233,54,1,3,0,51,84,45,3,4,10,68,18,259,2,3,3,224,36,16,106,3,0,1,14,1,15,4,54,23,18,33,10,1686,175,54,462,98,22,75,57,31,146,378,85,1745,609,7430,37,447,11906,765,22,24,517,2605,54,46,607,590,1413,89,49,262,1332,5135,6520,27,852,268,16,11,137,71
1,1,2,2,1,0,1,0,0,1,0,0,0,0,4,2,0,0,1,1,1,10,6,0,1,5,23,397,0,0,1,24,2,103,2,0,0,1,5,740,0,1,1,64,0,15,42,1,1,0,58,58,31,47,16,32,3,7,8,6,96,20,33,1,108,76,32,3,12,30,29,3167,19,72,19,49,765,52747,1828,11,60,81,396,31,25,14023,152,17,38,33,191,10096,309,21705,1902,43,47,668,185,52
16,22,24,46,6,13,26,0,2,11,6,0,0,45,8,24,0,1,2,2,0,8,1,1,2,0,1,0,3,18,3,2,0,0,23,7,3,0,31,0,5,7,12,2,0,1,4,13,9,2,1162,717,565,424,291,419,6,17,15,10,241,25,21,3,5617,1460,457,13,71,28,37,2526,14,15,52,134,22,1828,190052,32,66,115,35030,318,108,387,122,186,278,67,264,87,109,814,128,144,12837,26049,2803,284
2,0,3,3,1,0,2,1,3,2,2,1,0,15,2,10,0,0,13,5,3,7,0,1,2,0,3,1,2,10,6,2,1,0,8,11,9,2,30,2,9,3,14,6,0,1,2,5,1,0,18,8,141,5,7,82,182,474,2361,98,280,156,950,395,165,454,6626,4292,2494,241,833,335,25,51,6753,140,24,11,32,9401,210,1026,93,2838,476,161,79,62,1215,117,110,7,96,5,119,16,14,19,156,242
0,0,0,0,0,1,1,1,4,9,6,5,1,1,0,2,0,0,2,3,2,51,64,0,6,55,28,7,3,1,2,109,10,38,1,0,3,4,4,61,2,3,0,145,10,11,140,1,0,0,11,11,64,8,13,54,8,46,35,82,186,28,119,29,154,459,235,63,66,239,154,601,30,278,135,3235,517,60,66,210,11796,4432,183,334,2551,4941,38,29,311,594,74,358,3218,80,6427,41,12,29,398,215
1,1,2,5,0,0,2,5,58,7,11,14,17,6,2,6,1,0,9,61,4,53,74,4,85,25,172,4,2,0,4,63,64,16,9,2,161,31,9,14,3,3,2,185,21,8,95,1,0,2,33,24,248,17,45,192,662,841,377,1342,262,395,6896,2698,384,1050,1044,1313,573,5554,547,4511,305,3311,447,2997,2605,81,115,1026,4432,31221,357,1152,16949,1740,313,127,687,4000,244,144,4171,74,5572,99,48,31,498,262
21,29,29,57,15,16,27,3,7,17,6,1,1,102,21,36,0,1,6,1,3,17,1,1,4,0,9,1,8,25,9,5,1,1,37,14,6,2,56,6,11,6,23,2,2,0,4,23,15,4,601,830,804,401,152,920,10,27,42,29,513,49,78,13,19186,8633,778,21,154,79,110,1249,27,56,177,345,54,396,35030,93,183,357,60278,726,268,396,252,305,996,172,449,36,318,148,91,145,1971,9474,25771,1733
8,3,11,45,6,4,28,1,3,7,6,0,0,41,7,31,0,1,3,7,0,15,4,1,3,2,3,0,7,19,4,4,1,4,20,4,5,1,25,2,6,4,13,11,6,0,6,13,3,1,129,60,1430,18,32,353,147,329,283,70,369,152,416,210,1764,9299,10348,410,316,369,308,456,10,70,2289,381,46,31,318,2838,334,1152,726,18120,798,314,114,152,10249,338,206,27,271,26,182,122,124,100,737,937
4,2,1,4,2,2,3,3,16,7,8,7,5,2,2,1,0,2,2,26,2,28,20,2,43,7,64,1,0,1,3,21,19,4,5,2,14,15,7,9,0,2,1,66,15,3,18,1,0,1,41,37,368,22,36,297,146,486,425,210,127,82,560,153,526,807,902,201,434,3524,61,1138,42,415,75,5772,607,25,108,476,2551,16949,268,798,11045,994,38,132,289,5936,118,55,1706,20,392,108,54,24,284,116
1,1,1,0,1,2,2,1,4,3,3,8,1,3,1,0,1,0,0,5,0,95,77,2,8,76,36,109,3,2,0,259,9,467,5,1,7,3,4,655,2,4,1,465,7,142,404,1,0,1,35,45,116,37,21,122,10,42,42,80,386,118,199,33,222,526,245,49,101,235,258,4054,59,370,174,3959,590,14023,387,161,4941,1740,396,314,994,48241,94,48,331,542,158,6853,6385,7488,7188,67,32,165,571,332
0,4,8,16,1,8,20,165,447,40,35,23,9,29,9,63,31,9,185,64,110,39,6,142,20,4,7,9,12,40,39,5,11,4,40,171,1444,3,433,21,18,11,48,5,7,0,4,20,6,13,54,39,55,20,117,55,146,546,238,3882,717,405,460,225,189,106,519,432,1619,485,685,476,5906,1312,203,49,1413,152,122,79,38,313,252,114,38,94,2896,1486,69,52,6303,675,278,10,41,906,53,80,448,115
22,30,28,83,25,17,66,6,4,49,27,2,0,133,24,69,1,2,40,13,8,42,1,7,6,1,6,3,26,65,19,4,1,1,67,49,13,3,103,2,33,11,29,6,5,1,2,43,24,7,256,281,290,201,1333,1709,18,68,63,186,867,87,49,17,669,142,5683,37,2913,184,145,441,2133,198,130,94,89,17,186,62,29,127,305,152,132,48,1486,15264,74,162,11013,37,159,14,31,2788,117,117,566,127
2,1,2,3,0,0,5,0,3,2,0,1,2,7,1,2,0,0,2,0,1,6,5,1,1,3,4,0,2,4,1,11,1,1,3,4,1,0,8,1,0,0,1,7,0,1,7,4,1,1,25,26,196,11,25,99,23,48,58,26,587,355,445,67,590,12636,1356,149,139,86,2495,579,12,71,4907,220,49,38,278,1215,311,687,996,10249,289,331,69,74,40331,107,115,29,243,33,254,62,49,98,2732,8962
2,0,2,4,1,1,5,5,12,5,5,7,3,4,1,5,1,0,2,20,5,20,37,2,51,5,71,0,1,3,1,22,29,3,2,3,6,20,13,0,1,2,4,75,22,3,23,7,0,2,30,32,271,19,56,266,19,207,187,154,171,68,326,38,322,384,552,48,317,4467,60,1438,47,410,67,8371,262,33,67,117,594,4000,172,338,5936,542,52,162,107,19827,149,37,6593,21,650,120,30,28,215,76
36,42,35,96,27,25,58,1,8,43,13,3,2,189,27,78,2,2,19,10,10,33,4,6,11,5,11,10,29,98,15,4,7,8,87,21,18,1,84,35,34,17,63,9,11,1,8,50,20,4,235,202,203,1454,1335,530,11,88,71,305,1457,139,88,15,739,196,1409,22,1337,151,306,797,1824,1157,243,107,1332,191,264,110,74,244,449,206,118,158,6303,11013,115,149,18608,889,530,13,110,7623,204,187,942,236
0,1,1,2,1,2,2,0,3,18,3,8,0,1,1,2,0,1,0,2,2,169,132,12,3,108,158,898,8,7,0,449,18,1078,2,2,11,13,21,3753,1,6,0,914,5,293,828,3,0,0,7,6,11,7,32,12,0,10,4,107,59,22,22,3,26,46,25,3,24,26,29,704,130,953,20,109,5135,10096,87,7,358,144,36,27,55,6853,675,37,29,37,889,31742,6102,865,1132,174,16,44,89,39
2,0,1,4,0,3,2,2,24,23,17,16,7,9,1,4,3,2,4,50,5,101,162,11,91,86,170,23,4,4,1,425,82,129,4,2,10,39,18,191,4,7,7,456,45,59,375,6,1,5,31,32,135,17,61,136,16,67,82,388,529,165,405,48,176,393,285,45,251,948,266,4282,358,2613,129,6625,6520,309,109,96,3218,4171,318,271,1706,6385,278,159,243,6593,530,6102,29952,169,3446,239,34,55,630,313
0,0,2,0,0,0,0,0,0,0,0,0,0,3,0,1,0,0,0,1,0,1,2,0,0,1,3,12,0,0,1,6,1,17,1,0,1,0,1,37,0,0,0,8,0,3,5,0,0,0,31,34,13,23,4,16,2,13,6,10,80,47,41,4,46,38,26,1,9,21,45,5913,1,13,15,46,27,21705,814,5,80,74,148,26,20,7488,10,14,33,21,13,865,169,13339,7283,7,21,329,93,23
0,0,0,1,0,0,1,1,9,10,4,5,1,2,1,0,0,0,1,5,3,65,85,1,9,44,60,9,0,2,2,143,23,77,1,1,4,15,3,79,2,4,2,228,7,27,156,1,1,1,7,16,36,6,7,25,8,50,37,87,252,139,389,33,75,233,105,87,57,158,250,8735,45,338,169,1180,852,1902,128,119,6427,5572,91,182,392,7188,41,31,254,650,110,1132,3446,7283,15635,33,13,56,248,169
23,50,47,246,21,111,311,1,1,13,4,1,0,49,21,104,0,0,3,6,4,9,3,1,3,3,18,0,10,21,6,4,6,2,82,7,33,2,115,9,2,4,27,14,10,0,2,274,7,1,691,207,310,413,6924,884,5,47,21,73,444,32,22,5,537,102,778,10,169,87,41,258,122,304,60,83,268,43,144,16,41,99,145,122,108,67,906,2788,62,120,7623,174,239,7,33,9336,770,62,390,94
12,20,17,49,8,29,41,0,1,7,0,0,0,23,12,32,0,1,3,0,0,5,1,0,0,0,2,0,3,6,6,0,1,0,18,3,2,0,22,0,2,0,8,0,2,0,0,31,4,0,10197,642,645,408,4934,374,4,8,13,7,62,6,6,4,13782,428,386,5,25,27,4,119,14,21,15,47,16,47,12837,14,12,48,1971,124,54,32,53,117,49,30,204,16,34,21,13,770,41439,440,313,32
8,10,8,14,4,4,11,0,0,6,4,0,0,23,2,14,0,0,3,1,0,11,0,0,1,1,4,0,5,14,4,1,1,0,11,10,3,0,14,1,1,2,10,2,0,1,1,4,2,2,238,230,147,175,38,197,0,11,13,10,11986,37,30,4,426,275,191,4,73,18,56,2262,10,8,51,50,11,668,26049,19,29,31,9474,100,24,165,80,117,98,28,187,44,55,329,56,62,440,37295,5915,193
28,35,27,52,23,13,28,4,13,29,9,0,0,138,15,64,1,0,18,4,11,22,6,5,7,5,7,2,24,61,7,20,3,4,52,27,12,2,68,6,18,6,37,14,5,0,18,23,20,6,335,509,770,247,188,1042,11,59,70,88,19570,450,231,23,1135,6373,945,43,404,81,1267,2546,57,77,1044,469,137,185,2803,156,398,498,25771,737,284,571,448,566,2732,215,942,89,630,93,248,390,313,5915,41949,12510
1,6,2,3,1,0,2,0,2,5,3,0,0,14,0,2,0,0,1,1,0,7,5,0,1,3,5,0,0,5,0,9,3,1,6,3,0,0,11,0,2,1,3,11,1,0,11,3,1,0,34,45,168,19,39,160,6,21,22,18,4554,464,240,15,349,6637,519,41,108,29,6546,574,12,26,2967,195,71,52,284,242,215,262,1733,937,116,332,115,127,8962,76,236,39,313,23,169,94,32,193,12510,18468
