13521,4943,4603,1455,11475,369,206,5,1,44,2,1,1,14295,140,233,0,1,10,18,1,298,3,2,4,4,2,13,460,378,9,6,3,5,88,16,115,10,146,4,230,28,126,5,12,7,2,59,1904,8,44,99,34,111,29,65,0,0,0,1,32,1,0,0,70,7,46,1,6,0,0,21,1,0,0,1,1,0,18,0,0,1,23,20,2,0,11,38,1,0,29,1,1,0,0,61,15,8,20,2
4943,40050,6587,17215,663,112,400,3,4,114,6,0,0,5267,2182,527,0,2,10,12,3,532,3,3,5,2,6,12,240,338,11,7,4,8,87,3,71,3,167,1,369,96,175,7,11,7,3,83,161,12,83,182,80,104,77,149,1,2,0,1,17,1,1,0,151,13,63,0,5,0,1,28,0,2,0,2,1,1,23,1,1,1,39,34,3,0,17,50,4,1,41,1,1,2,0,126,30,12,32,4
4603,6587,35706,11700,4321,5109,6786,1,0,59,3,0,0,627,32,107,0,1,6,1,1,395,1,1,3,0,2,11,195,215,6,2,2,2,63,7,26,5,64,3,247,38,30,4,4,8,1,94,169,8,150,332,25,2832,132,416,0,0,0,0,11,0,0,1,78,4,37,0,1,1,1,9,0,1,0,0,0,0,33,1,0,2,23,21,1,1,9,21,0,1,13,0,2,1,1,89,29,7,12,1
1455,17215,11700,32727,765,1096,8836,101,42,504,51,20,9,8045,10234,8060,9,32,161,250,27,792,13,9,42,36,26,42,502,1234,278,83,52,42,382,103,130,145,211,9,618,283,2457,67,200,18,24,356,233,180,176,410,200,348,252,432,1,0,1,4,36,1,1,1,270,16,98,2,12,3,2,47,2,2,4,4,2,2,40,4,0,8,51,99,4,2,21,90,3,2,43,1,2,0,1,388,82,14,31,4
11475,663,4321,765,23304,20007,808,2,1,24,0,0,0,5962,52,111,0,0,7,11,1,52,4,3,3,0,6,4,202,152,3,11,1,1,79,7,59,3,140,1,60,14,71,2,8,0,2,544,3474,0,17,34,14,233,12,34,0,0,0,0,18,0,0,0,37,3,17,0,3,0,1,15,0,0,1,0,0,0,8,0,0,1,4,9,0,0,4,19,0,0,7,0,0,0,0,24,6,3,11,1
369,112,5109,1096,20007,22821,11098,1,12,82,16,4,3,108,11,392,2,0,29,29,5,51,5,22,12,8,36,6,126,54,27,14,7,6,674,42,45,11,273,13,36,17,66,16,24,0,7,2142,1420,12,37,95,41,2838,92,286,0,0,3,0,4,0,0,0,61,1,24,0,0,1,0,5,2,0,0,0,0,0,10,0,1,2,8,12,0,1,13,22,0,2,13,0,1,0,1,178,28,4,8,1
206,400,6786,8836,808,11098,16873,17,43,270,51,8,9,456,123,2786,3,4,119,96,27,251,10,45,38,21,35,10,103,314,166,33,29,18,2624,191,121,61,2489,12,142,95,405,53,111,3,15,1728,110,53,172,316,150,1496,276,1487,0,2,3,0,22,0,1,0,210,12,73,0,13,2,0,37,0,1,1,4,1,1,30,1,2,4,25,46,8,1,26,67,2,4,38,3,5,0,0,454,59,12,36,4
5,3,1,101,2,1,17,30500,4273,187,2058,616,5923,132,323,860,5519,7413,2026,6222,403,972,172,108,244,56,68,14,17,48,1751,175,995,20,57,104,385,493,64,9,25,37,973,91,1572,11,61,17,8,45,2,0,2,1,2,1,1,1,3,57,4,0,5,5,1,0,6,1,17,12,2,7,4,9,1,0,4,0,0,2,0,2,0,0,1,3,99,6,0,3,2,0,1,0,3,3,0,0,1,0
1,4,0,42,1,12,43,4273,39508,145,682,2335,1998,49,74,327,2116,225,3371,4118,660,527,317,10074,4651,50,2014,46,15,26,480,139,1353,52,340,2466,3241,174,625,115,16,42,411,350,250,19,86,50,2,56,1,2,5,2,2,4,26,25,8,443,13,7,56,29,6,3,11,11,77,198,15,34,57,135,7,4,164,3,2,5,2,81,3,1,35,3,251,9,1,27,5,2,10,0,6,7,2,5,7,2
44,114,59,504,24,82,270,187,145,47721,6950,5479,134,485,546,667,444,27,554,236,10012,5631,1001,40,166,198,236,115,365,497,137,1026,1366,118,682,425,397,328,1057,23,12413,8951,2843,563,504,167,901,254,33,4269,17,39,17,18,14,24,0,3,6,8,34,2,1,1,28,7,80,1,68,7,2,26,6,5,1,2,10,1,10,8,7,6,14,16,3,3,36,63,2,3,35,6,17,2,4,25,8,16,18,2
2,6,3,51,0,16,51,2058,682,6950,5474,9721,654,82,124,193,929,119,614,758,2584,3907,2341,30,136,48,106,44,30,72,147,138,687,58,168,228,103,112,328,9,140,256,427,198,142,94,230,67,10,162,7,9,3,6,3,4,2,1,0,7,14,0,0,0,3,1,16,0,33,6,0,8,4,5,4,2,7,0,1,0,2,2,5,6,0,3,14,18,0,1,18,4,7,3,0,7,1,5,7,1
1,0,0,20,0,4,8,616,2335,5479,9721,28592,9414,54,170,138,6863,116,198,1743,5434,2224,5929,87,1276,80,407,74,21,120,680,323,11626,111,55,126,282,261,65,28,102,252,854,430,346,119,559,9,1,193,0,1,1,1,1,0,0,1,3,38,2,1,4,4,2,1,2,1,12,35,1,16,6,49,0,1,49,0,1,1,2,34,0,0,9,3,16,2,0,5,4,2,16,2,4,1,0,1,1,0
1,0,0,9,0,3,9,5923,1998,134,654,9414,19496,36,68,128,9186,500,179,4173,603,260,372,60,831,29,322,16,2,22,500,335,9544,19,33,43,727,147,34,2,12,32,311,90,784,17,75,9,5,49,0,1,2,0,0,0,8,7,1,118,0,0,19,8,0,0,3,2,9,95,0,10,5,50,1,1,43,0,1,0,2,37,0,0,8,1,136,4,0,5,0,0,7,0,4,1,0,0,1,0
14295,5267,627,8045,5962,108,456,132,49,485,82,54,36,85803,16449,1895,34,64,170,513,260,1034,61,17,128,117,58,102,6658,32551,294,623,412,84,482,143,422,355,660,19,1349,881,3708,198,962,56,136,231,16699,1544,92,238,84,97,73,145,0,1,5,5,75,6,1,0,188,17,146,1,26,7,2,76,12,7,4,1,3,2,51,18,0,5,73,72,8,0,82,132,9,2,102,1,0,2,0,124,38,25,68,5
140,2182,32,10234,52,11,123,323,74,546,124,170,68,16449,18925,1513,107,164,271,634,397,460,86,8,91,90,45,45,526,2301,968,416,516,56,145,87,93,304,126,16,647,1107,16081,146,906,19,83,52,137,4863,24,42,18,16,10,37,0,0,2,0,14,0,0,0,32,2,11,0,5,3,0,8,2,2,0,5,1,1,5,1,0,4,9,15,0,1,10,15,1,3,15,0,1,0,1,20,10,4,11,1
233,527,107,8060,111,392,2786,860,327,667,193,138,128,1895,1513,31275,193,1215,4743,791,399,298,58,82,184,107,55,28,158,514,15572,221,244,79,4758,3077,305,330,694,18,250,177,7855,206,537,14,70,644,94,173,122,252,104,127,102,229,1,0,6,14,38,7,0,0,166,14,98,1,52,6,2,56,3,2,0,3,3,0,32,6,2,8,34,65,3,2,50,64,2,4,53,0,6,1,3,204,41,21,43,2
0,0,0,9,0,2,3,5519,2116,444,929,6863,9186,34,107,193,14221,1654,445,535,4132,159,414,219,158,21,66,11,5,25,1943,236,1554,19,40,164,295,64,54,6,16,45,487,43,357,22,84,6,2,70,0,0,0,0,0,0,0,0,3,7,1,1,0,1,0,0,1,0,2,3,0,2,5,4,0,0,3,0,0,0,0,1,0,0,0,1,29,1,0,0,1,1,4,0,1,1,0,0,0,0
1,2,1,32,0,0,4,7413,225,27,119,116,500,64,164,1215,1654,3509,2273,415,178,37,33,10,33,13,13,1,8,20,2353,140,415,6,33,26,19,61,18,1,2,8,552,16,420,2,14,3,0,26,0,2,0,0,0,0,0,0,0,3,0,0,0,0,0,0,1,1,1,0,0,0,0,0,0,0,1,0,0,0,0,0,0,0,1,0,1,0,0,0,1,0,0,0,0,1,0,1,0,0
10,10,6,161,7,29,119,2026,3371,554,614,198,179,170,271,4743,445,2273,9522,1152,1088,186,61,699,363,35,67,13,23,76,4868,104,266,27,804,5670,401,176,417,6,42,63,2131,106,360,4,27,91,11,52,4,7,7,5,4,8,0,1,10,14,46,9,1,0,6,2,50,1,257,7,5,31,16,7,1,2,0,0,2,8,1,7,6,4,1,1,59,48,2,1,21,2,1,0,0,12,2,8,16,5
18,12,1,250,11,29,96,6222,4118,236,758,1743,4173,513,634,791,535,415,1152,32441,380,1425,861,104,3847,216,952,64,50,214,1092,486,5791,171,261,421,506,3682,183,34,64,110,1456,1986,3929,58,274,63,14,175,4,9,5,10,5,10,2,2,4,121,8,2,25,12,17,3,17,3,26,113,1,54,11,218,1,3,112,0,1,2,6,62,6,5,27,5,81,14,0,30,8,5,37,2,6,9,1,1,7,3
1,3,1,27,1,5,27,403,660,10012,2584,5434,603,260,397,399,4132,178,1088,380,13065,493,750,151,175,72,103,36,65,510,1444,711,1440,59,322,994,588,208,609,8,324,1888,9587,211,499,46,348,47,11,3188,0,2,1,0,1,2,0,1,6,8,16,3,1,0,3,1,7,0,41,5,1,21,11,4,2,2,6,0,5,1,1,2,4,5,1,0,28,5,0,6,5,4,1,0,4,3,2,2,7,0
298,532,395,792,52,51,251,972,527,5631,3907,2224,260,1034,460,298,159,37,186,1425,493,18746,4758,42,831,446,805,2755,5696,1832,143,582,734,1373,208,132,295,761,489,332,19922,1229,652,2294,847,5396,1167,113,39,247,15,39,13,22,14,15,3,0,4,24,32,4,7,2,27,10,60,1,42,19,3,78,7,40,1,33,58,8,12,9,44,26,15,15,11,72,33,58,5,26,42,163,92,1,35,20,9,6,21,3
3,3,1,13,4,5,10,172,317,1001,2341,5929,372,61,86,58,414,33,61,861,750,4758,12404,44,1272,641,1575,1216,82,100,123,892,5948,1134,29,40,65,1202,124,264,112,180,306,3487,855,4390,7825,17,1,102,0,0,1,0,2,1,0,0,0,16,4,0,7,2,2,3,1,0,7,11,1,68,3,46,1,24,90,8,1,0,53,51,1,2,14,53,4,0,1,29,5,119,142,1,56,1,0,3,4,1
2,3,1,9,3,22,45,108,10074,40,30,87,60,17,8,82,219,10,699,104,151,42,44,5504,755,9,1423,52,6,13,40,42,103,28,351,3405,3294,25,4961,262,5,8,44,222,17,6,37,98,9,12,2,3,2,2,1,0,1,0,4,19,11,1,4,1,4,1,9,3,33,6,1,8,10,11,1,1,5,1,0,1,0,5,1,0,1,3,28,5,0,6,4,4,4,0,0,5,2,1,1,0
4,5,3,42,3,12,38,244,4651,166,136,1276,831,128,91,184,158,33,363,3847,175,831,1272,755,9035,101,6417,45,13,91,152,386,3992,101,200,664,281,899,380,62,37,93,283,2137,465,66,438,45,3,110,0,2,3,1,1,3,7,3,2,130,8,5,24,13,9,5,5,1,33,138,4,113,27,369,1,12,307,0,0,4,8,122,4,8,65,13,21,4,1,95,7,7,139,2,22,5,0,0,4,5
4,2,0,36,0,8,21,56,50,198,48,80,29,117,90,107,21,13,35,216,72,446,641,9,101,13572,311,120,32,125,69,10600,525,3300,32,23,16,7226,57,166,62,113,176,5606,1921,262,2704,12,4,101,1,0,0,0,3,3,0,1,0,2,6,1,0,0,5,1,2,0,3,0,1,29,0,4,0,22,22,10,0,0,39,13,1,2,2,74,2,2,1,1,0,114,102,2,47,1,0,1,0,0
2,6,2,26,6,36,35,68,2014,236,106,407,322,58,45,55,66,13,67,952,103,805,1575,1423,6417,311,22830,2535,25,82,40,1378,1738,636,201,315,1968,517,2122,7405,55,95,81,8030,319,223,1621,228,24,71,1,7,2,1,17,9,0,2,1,91,14,9,17,8,3,9,5,4,15,91,4,195,21,189,3,58,413,72,2,3,49,179,7,4,79,105,12,2,2,119,19,304,356,5,115,14,1,1,10,6
13,12,11,42,4,6,10,14,46,115,44,74,16,102,45,28,11,1,13,64,36,2755,1216,52,45,120,2535,70677,1110,173,21,375,155,8572,21,14,241,174,294,11265,283,64,39,877,128,20174,8157,28,5,23,1,1,1,1,2,0,0,0,0,5,1,0,0,1,0,0,1,0,1,1,0,13,1,7,0,6,62,320,0,0,7,6,0,0,2,81,20,1,0,3,6,646,35,4,10,5,0,0,0,0
460,240,195,502,202,126,103,17,15,365,30,21,2,6658,526,158,5,8,23,50,65,5696,82,6,13,32,25,1110,118488,16941,27,125,72,135,81,14,102,56,150,71,33716,470,293,93,107,644,149,119,6691,96,8,15,3,8,2,12,0,0,0,1,14,0,0,0,17,2,25,0,8,2,0,18,1,1,0,0,1,1,5,4,1,0,7,10,0,1,18,21,0,1,18,4,5,0,1,7,4,3,5,0
378,338,215,1234,152,54,314,48,26,497,72,120,22,32551,2301,514,25,20,76,214,510,1832,100,13,91,125,82,173,16941,80676,117,864,474,104,286,94,370,250,497,21,17376,8225,1474,243,624,90,333,154,2030,807,21,29,19,18,11,39,0,1,5,2,42,2,1,0,31,2,58,0,45,3,2,29,8,4,2,2,0,0,16,9,1,4,19,16,1,1,63,69,4,2,36,6,9,1,3,36,10,4,27,5
9,11,6,278,3,27,166,1751,480,137,147,680,500,294,968,15572,1943,2353,4868,1092,1444,143,123,40,152,69,40,21,27,117,11706,303,735,49,606,487,188,362,217,7,34,56,10252,128,773,2,97,60,13,108,10,18,8,11,11,11,0,1,2,3,11,0,1,0,22,1,11,0,14,3,1,13,1,6,1,0,3,0,4,2,0,0,8,2,0,0,20,15,0,3,2,0,1,0,0,15,5,1,5,1
6,7,2,83,11,14,33,175,139,1026,138,323,335,623,416,221,236,140,104,486,711,582,892,42,386,10600,1378,375,125,864,303,42610,8140,3671,90,45,62,2956,167,519,337,925,730,6414,9615,378,15516,28,17,946,1,5,3,0,2,2,0,2,1,3,4,3,0,0,3,2,4,2,3,5,3,64,2,19,1,45,87,10,1,1,68,32,1,1,5,125,6,0,0,15,3,189,203,3,85,2,0,0,2,2
3,4,2,52,1,7,29,995,1353,1366,687,11626,9544,412,516,244,1554,415,266,5791,1440,734,5948,103,3992,525,1738,155,72,474,735,8140,27666,331,70,107,289,2584,107,75,225,688,1325,2172,12025,188,6836,29,10,812,0,0,0,0,0,2,5,1,0,71,1,4,17,6,1,0,5,0,9,68,1,58,9,154,0,14,143,2,0,3,10,56,2,4,16,8,20,4,0,37,2,12,61,0,17,1,1,2,3,3
5,8,2,42,1,6,18,20,52,118,58,111,19,84,56,79,19,6,27,171,59,1373,1134,28,101,3300,636,8572,135,104,49,3671,331,21215,48,25,54,1173,153,7650,77,72,107,5301,522,3309,13734,19,4,43,0,0,1,1,1,0,0,1,0,2,2,2,2,0,1,0,1,0,1,1,0,34,1,6,0,13,67,56,1,1,31,9,1,4,2,260,13,1,2,4,5,685,84,7,30,5,0,3,0,0
88,87,63,382,79,674,2624,57,340,682,168,55,33,482,145,4758,40,33,804,261,322,208,29,351,200,32,201,21,81,286,606,90,70,48,8992,4033,725,126,11792,42,193,177,1272,130,169,6,36,3495,119,96,73,167,94,77,72,140,1,0,5,5,61,2,0,2,125,10,99,2,43,11,3,49,7,1,2,3,4,0,31,10,2,5,51,63,3,2,56,91,5,8,72,2,3,2,0,148,28,14,49,5
16,3,7,103,7,42,191,104,2466,425,228,126,43,143,87,3077,164,26,5670,421,994,132,40,3405,664,23,315,14,14,94,487,45,107,25,4033,10902,1429,64,7916,59,50,76,836,177,60,0,39,176,18,49,4,10,6,11,10,14,2,3,13,32,84,6,2,1,10,3,77,2,240,18,5,77,33,7,3,2,10,0,10,24,1,11,15,7,2,3,107,59,3,3,36,1,6,1,0,12,4,12,35,5
115,71,26,130,59,45,121,385,3241,397,103,282,727,422,93,305,295,19,401,506,588,295,65,3294,281,16,1968,241,102,370,188,62,289,54,725,1429,2874,37,8280,615,208,177,443,199,38,19,76,379,56,88,13,21,12,13,15,28,45,30,20,696,39,8,61,60,12,3,41,16,129,215,32,49,112,89,11,9,7,2,11,8,4,130,11,13,20,8,1743,68,1,12,29,24,14,2,2,63,5,11,25,7
10,3,5,145,3,11,61,493,174,328,112,261,147,355,304,330,64,61,176,3682,208,761,1202,25,899,7226,517,174,56,250,362,2956,2584,1173,126,64,37,14651,128,111,104,209,630,12085,4574,133,1624,49,11,204,4,9,6,4,4,12,0,1,1,6,9,2,2,0,5,2,11,1,3,6,2,65,3,49,5,23,105,7,4,1,34,52,5,1,21,22,1,8,0,36,2,30,108,1,46,11,0,1,4,2
146,167,64,211,140,273,2489,64,625,1057,328,65,34,660,126,694,54,18,417,183,609,489,124,4961,380,57,2122,294,150,497,217,167,107,153,11792,7916,8280,128,50872,959,289,239,747,618,124,41,149,4978,249,106,91,121,61,62,68,114,2,2,10,15,87,4,2,1,138,14,118,2,75,15,1,107,11,5,2,5,10,4,43,14,0,10,54,25,6,5,118,90,3,6,71,20,10,3,5,122,36,21,54,5
4,1,3,9,1,13,12,9,115,23,9,28,2,19,16,18,6,1,6,34,8,332,264,262,62,166,7405,11265,71,21,7,519,75,7650,42,59,615,111,959,28938,24,6,23,7798,65,1224,1712,67,8,9,2,3,3,0,3,1,0,0,1,5,1,4,4,0,1,2,2,0,0,3,2,46,6,32,1,23,329,883,4,0,41,14,3,2,3,583,80,0,1,5,52,3703,247,36,85,9,0,0,0,2
230,369,247,618,60,36,142,25,16,12413,140,102,12,1349,647,250,16,2,42,64,324,19922,112,5,37,62,55,283,33716,17376,34,337,225,77,193,50,208,104,289,24,86402,5079,494,159,206,135,211,65,111,341,8,21,11,6,7,10,0,1,3,4,23,1,0,0,16,0,45,0,27,3,0,17,4,2,0,4,1,0,3,10,0,1,13,4,1,2,28,32,1,2,21,0,5,0,0,13,3,7,18,3
28,96,38,283,14,17,95,37,42,8951,256,252,32,881,1107,177,45,8,63,110,1888,1229,180,8,93,113,95,64,470,8225,56,925,688,72,177,76,177,209,239,6,5079,15209,2295,274,480,53,344,63,12,6264,6,12,4,4,3,9,0,0,3,3,10,0,1,0,14,1,16,0,20,0,1,18,3,3,2,1,8,0,1,3,1,3,5,6,1,3,12,12,1,5,19,2,3,0,1,5,2,1,10,2
126,175,30,2457,71,66,405,973,411,2843,427,854,311,3708,16081,7855,487,552,2131,1456,9587,652,306,44,283,176,81,39,293,1474,10252,730,1325,107,1272,836,443,630,747,23,494,2295,54364,285,1458,32,214,209,97,11768,30,55,30,23,20,44,2,1,3,10,30,2,0,1,34,3,27,0,36,6,1,43,5,2,1,7,6,0,11,7,2,5,12,17,2,3,43,40,2,3,19,3,6,1,1,44,7,2,20,2
5,7,4,67,2,16,53,91,350,563,198,430,90,198,146,206,43,16,106,1986,211,2294,3487,222,2137,5606,8030,877,93,243,128,6414,2172,5301,130,177,199,12085,618,7798,159,274,285,43368,820,1549,6345,112,11,163,3,3,5,2,6,2,0,3,0,17,5,6,9,0,4,7,3,2,8,17,4,191,9,73,3,92,338,52,8,2,123,144,9,8,34,331,21,5,8,71,9,781,458,10,191,11,2,0,6,7
12,11,4,200,8,24,111,1572,250,504,142,346,784,962,906,537,357,420,360,3929,499,847,855,17,465,1921,319,128,107,624,773,9615,12025,522,169,60,38,4574,124,65,206,480,1458,820,9862,78,961,59,30,835,5,15,5,12,5,14,0,0,1,3,5,1,0,2,21,3,2,0,2,8,1,22,4,42,1,4,28,0,2,0,3,15,4,7,8,2,7,4,0,14,5,6,29,0,7,10,3,0,2,0
7,7,8,18,0,0,3,11,19,167,94,119,17,56,19,14,22,2,4,58,46,5396,4390,6,66,262,223,20174,644,90,2,378,188,3309,6,0,19,133,41,1224,135,53,32,1549,78,10339,13218,3,3,18,0,0,0,0,1,0,0,0,0,2,2,1,0,0,0,0,0,0,1,3,0,17,0,2,0,6,15,15,1,0,14,4,0,0,3,72,2,0,0,2,0,166,49,1,23,1,0,0,0,0
2,3,1,24,2,7,15,61,86,901,230,559,75,136,83,70,84,14,27,274,348,1167,7825,37,438,2704,1621,8157,149,333,97,15516,6836,13734,36,39,76,1624,149,1712,211,344,214,6345,961,13218,40521,25,1,200,3,0,2,1,1,1,0,0,0,2,11,1,4,0,1,1,3,0,6,3,2,74,1,23,4,55,105,27,1,1,55,53,1,3,7,210,8,0,1,20,7,395,184,3,96,4,0,0,4,4
59,83,94,356,544,2142,1728,17,50,254,67,9,9,231,52,644,6,3,91,63,47,113,17,98,45,12,228,28,119,154,60,28,29,19,3495,176,379,49,4978,67,65,63,209,112,59,3,25,6667,1215,24,49,81,36,72,115,130,0,0,2,0,10,1,1,0,56,4,22,0,6,1,1,15,0,3,1,2,2,0,12,1,0,2,8,9,1,4,21,19,0,2,17,2,1,1,1,178,20,4,9,0
1904,161,169,233,3474,1420,110,8,2,33,10,1,5,16699,137,94,2,0,11,14,11,39,1,9,3,4,24,5,6691,2030,13,17,10,4,119,18,56,11,249,8,111,12,97,11,30,3,1,1215,11245,16,11,14,14,10,12,22,0,0,1,1,19,1,0,0,21,6,21,0,3,1,0,11,1,0,0,1,0,0,8,2,0,0,12,13,1,0,5,21,1,0,14,0,1,0,0,15,7,5,14,0
8,12,8,180,0,12,53,45,56,4269,162,193,49,1544,4863,173,70,26,52,175,3188,247,102,12,110,101,71,23,96,807,108,946,812,43,96,49,88,204,106,9,341,6264,11768,163,835,18,200,24,16,9836,5,6,5,4,2,4,0,0,0,2,6,0,0,0,5,0,8,0,4,3,0,5,0,1,1,1,3,0,2,1,1,1,2,1,2,0,17,3,1,0,3,1,1,0,2,0,1,1,4,0
44,83,150,176,17,37,172,2,1,17,7,0,0,92,24,122,0,0,4,4,0,15,0,2,0,1,1,1,8,21,10,1,0,0,73,4,13,4,91,2,8,6,30,3,5,0,3,49,11,5,31451,16315,1789,10562,12563,1869,7,11,14,12,96,10,3,5,10592,218,508,9,38,29,5,287,5,12,18,52,8,54,925,10,13,29,547,179,53,39,77,294,53,42,227,4,24,31,11,578,9422,196,162,34
99,182,332,410,34,95,316,0,2,39,9,1,1,238,42,252,0,2,7,9,2,39,0,3,2,0,7,1,15,29,18,5,0,0,167,10,21,9,121,3,21,12,55,3,15,0,0,81,14,6,16315,53306,12994,11041,1589,6819,4,13,13,10,129,8,7,0,8933,194,622,3,36,30,4,506,4,13,17,47,7,59,945,7,13,39,907,103,57,43,119,433,49,48,276,3,34,47,26,453,949,306,431,55
34,80,25,200,14,41,150,2,5,17,3,1,2,84,18,104,0,0,7,5,1,13,1,2,3,0,2,1,3,19,8,3,0,1,94,6,12,6,61,3,11,4,30,5,5,0,2,36,14,5,1789,12994,27973,364,177,8852,57,220,171,53,461,76,88,39,13525,6268,4564,111,171,247,58,417,9,46,286,356,15,18,550,237,100,298,747,2477,482,128,84,416,379,448,256,3,159,28,65,415,755,207,643,273
111,104,2832,348,233,2838,1496,1,2,18,6,1,0,97,16,127,0,0,5,10,0,22,0,2,1,0,1,1,8,18,11,0,0,1,77,11,13,4,62,0,6,4,23,2,12,0,1,72,10,4,10562,11041,364,48355,24171,19937,1,5,1,2,48,2,4,4,370,53,202,2,20,8,4,193,1,6,9,20,5,34,474,7,7,12,377,22,24,35,45,212,16,31,1684,7,10,25,9,721,630,149,133,23
29,77,132,252,12,92,276,2,2,14,3,1,0,73,10,102,0,0,4,5,1,14,2,1,1,3,17,2,2,11,11,2,0,1,72,10,15,4,68,3,7,3,20,6,5,1,1,115,12,2,12563,1589,177,24171,29578,7571,1,12,5,15,135,6,3,2,457,38,344,8,43,33,8,110,39,42,5,37,36,14,442,10,8,25,161,49,37,19,97,1055,27,50,1285,16,39,10,9,6616,4649,62,136,36
65,149,416,432,34,286,1487,1,4,24,4,0,0,145,37,229,0,0,8,10,2,15,1,0,3,3,9,0,12,39,11,2,2,0,140,14,28,12,114,1,10,9,44,2,14,0,1,130,22,4,1869,6819,8852,19937,7571,23214,14,91,75,48,458,30,18,21,2070,400,3573,40,141,164,42,399,4,33,68,270,7,25,427,51,53,154,616,281,263,72,76,2157,160,291,781,7,90,21,35,1082,369,179,629,189
0,1,0,1,0,0,0,1,26,0,2,0,8,0,0,1,0,0,0,2,0,3,0,1,7,0,0,0,0,0,0,0,5,0,1,2,45,0,2,0,0,0,2,0,0,0,0,0,0,0,7,4,57,1,1,14,2125,5686,477,581,24,76,197,3379,42,53,164,757,179,2109,35,89,17,31,12,7,14,0,5,119,8,527,10,130,75,12,716,7,27,35,13,2,10,2,11,6,4,4,8,7
0,2,0,0,0,0,2,1,25,3,1,1,7,1,0,0,0,0,1,2,1,0,0,0,3,1,2,0,0,1,1,2,1,1,0,3,30,1,2,0,1,0,1,3,0,0,0,0,0,0,11,13,220,5,12,91,5686,22758,4781,3634,207,1548,1027,3696,107,130,512,6171,830,2803,151,1498,37,71,48,91,40,21,20,357,56,867,25,390,581,63,310,43,46,275,15,4,84,18,70,23,18,13,38,17
0,0,0,1,0,3,3,3,8,6,0,3,1,5,2,6,3,0,10,4,6,4,0,4,2,0,1,0,0,5,2,1,0,0,5,13,20,1,10,1,3,3,3,0,1,0,0,2,1,0,14,13,171,1,5,75,477,4781,5573,2291,603,1082,307,378,87,128,864,3738,4357,1021,142,910,25,84,248,89,18,5,24,2618,38,410,23,417,425,41,143,61,77,142,50,3,65,8,43,17,14,21,78,25
1,1,0,4,0,0,0,57,443,8,7,38,118,5,0,14,7,3,14,121,8,24,16,19,130,2,91,5,1,2,3,3,71,2,5,32,696,6,15,5,4,3,10,17,3,2,2,0,1,2,12,10,53,2,15,48,581,3634,2291,30977,294,750,2074,1162,60,56,494,1299,5288,4356,511,1496,7733,4690,110,159,1674,26,19,50,94,1311,39,102,258,121,4114,277,43,209,251,81,561,22,153,89,9,15,89,49
32,17,11,36,18,4,22,4,13,34,14,2,0,75,14,38,1,0,46,8,16,32,4,11,8,6,14,1,14,42,11,4,1,2,61,84,39,9,87,1,23,10,30,5,5,2,11,10,19,6,96,129,461,48,135,458,24,207,603,294,34398,3745,1331,28,455,455,1469,213,2122,143,7548,3129,107,152,1228,306,143,92,477,275,225,407,635,493,153,430,800,723,631,175,1101,32,355,64,293,544,84,8822,17184,4457
1,1,0,1,0,0,0,0,7,2,0,1,0,6,0,7,1,0,9,2,3,4,0,1,5,1,9,0,0,2,0,3,4,2,2,6,8,2,4,4,1,0,2,6,1,1,1,1,1,0,10,8,76,2,6,30,76,1548,1082,750,3745,6426,4464,103,72,193,321,443,649,252,3219,5052,37,82,381,98,73,43,80,113,40,172,114,254,75,128,102,47,430,78,64,16,168,64,157,36,4,70,529,604
0,1,0,1,0,0,1,5,56,1,0,4,19,1,0,0,0,0,1,25,1,7,7,4,24,0,17,0,0,1,1,0,17,2,0,2,61,2,2,4,0,1,0,9,0,0,4,1,0,0,3,7,88,4,3,18,197,1027,307,2074,1331,4464,18168,5274,77,384,483,5553,433,1818,5274,5914,104,1244,1301,171,241,43,49,1141,105,5870,146,578,442,157,361,28,573,235,45,15,248,46,319,17,8,39,418,531
0,0,1,1,0,0,0,5,29,1,0,4,8,0,0,0,1,0,0,12,0,2,2,1,13,0,8,1,0,0,0,0,6,0,2,1,60,0,1,0,0,0,1,0,2,0,0,0,0,0,5,0,39,4,2,21,3379,3696,378,1162,28,103,5274,12577,48,88,221,6703,207,1568,674,243,36,214,119,27,76,3,2,392,35,3382,9,206,193,31,780,18,69,35,16,2,26,7,33,11,6,3,15,17
70,151,78,270,37,61,210,1,6,28,3,2,0,188,32,166,0,0,6,17,3,27,2,4,9,5,3,0,17,31,22,3,1,1,125,10,12,5,138,1,16,14,34,4,21,0,1,56,21,5,10592,8933,13525,370,457,2070,42,107,87,60,455,72,77,48,69904,11051,2164,85,160,222,83,562,9,71,355,444,28,56,4813,141,163,444,16989,2691,555,227,205,722,1037,373,667,12,169,53,89,627,12354,349,1065,435
7,13,4,16,3,1,12,0,3,7,1,1,0,17,2,14,0,0,2,3,1,10,3,1,5,1,9,0,2,2,1,2,0,0,10,3,3,2,14,2,0,1,3,7,3,0,1,4,6,0,218,194,6268,53,38,400,53,130,128,56,455,193,384,88,11051,45219,2904,190,171,241,411,788,24,127,1226,666,71,48,1009,415,546,1160,6349,10227,869,535,77,128,12366,306,130,19,230,52,284,82,379,269,4885,6413
46,63,37,98,17,24,73,6,11,80,16,2,3,146,11,98,1,1,50,17,7,60,1,9,5,2,5,1,25,58,11,4,5,1,99,77,41,11,118,2,45,16,27,3,2,0,3,22,21,8,508,622,4564,202,344,3573,164,512,864,494,1469,321,483,221,2164,2904,44451,956,11474,839,319,939,191,186,1891,413,87,20,404,6639,217,945,581,12470,805,187,706,5287,1238,555,984,11,207,24,171,916,331,197,693,379
1,0,0,2,0,0,0,1,11,1,0,1,2,1,0,1,0,1,1,3,0,1,0,3,1,0,4,0,0,0,0,2,0,0,2,2,16,1,2,0,0,0,0,2,0,0,0,0,0,0,9,3,111,2,8,40,757,6171,3738,1299,213,443,5553,6703,85,190,956,10268,1230,423,4310,503,43,58,1222,46,23,6,8,5073,55,982,19,631,161,56,204,23,164,48,6,5,45,5,112,6,14,10,69,93
6,5,1,12,3,0,13,17,77,68,33,12,9,26,5,52,2,1,257,26,41,42,7,33,33,3,15,1,8,45,14,3,9,1,43,240,129,3,75,0,27,20,36,8,2,1,6,6,3,4,38,36,171,20,43,141,179,830,4357,5288,2122,649,433,207,160,171,11474,1230,15150,1651,419,1268,2930,652,805,238,218,12,84,3439,95,709,152,436,623,98,1499,2688,128,447,838,33,334,11,99,212,30,117,432,146
0,0,1,3,0,1,2,12,198,7,6,35,95,7,3,6,3,0,7,113,5,19,11,6,138,0,91,1,2,3,3,5,68,1,11,18,215,6,15,3,3,0,6,17,8,3,3,1,1,3,29,30,247,8,33,164,2109,2803,1021,4356,143,252,1818,1568,222,241,839,423,1651,19578,101,1465,189,1961,68,657,379,30,56,228,303,5435,67,485,3160,316,977,151,101,4235,120,18,864,31,266,82,25,16,88,43
0,1,1,2,1,0,0,2,15,2,0,1,0,2,0,2,0,0,5,1,1,3,1,1,4,1,4,0,0,2,1,3,1,0,3,5,32,2,1,2,0,1,1,4,1,0,2,1,0,0,5,4,58,4,8,42,35,151,142,511,7548,3219,5274,674,83,411,319,4310,419,101,16689,1124,96,72,6020,252,78,30,95,1792,185,409,269,407,124,301,182,56,1661,87,73,15,167,20,204,34,6,83,1555,6823
21,28,9,47,15,5,37,7,34,26,8,16,10,76,8,56,2,0,31,54,21,78,68,8,113,29,195,13,18,29,13,64,58,34,49,77,49,65,107,46,17,18,43,191,22,17,74,15,11,5,287,506,417,193,110,399,89,1498,910,1496,3129,5052,5914,243,562,788,939,503,1268,1465,1124,38691,256,2207,590,1374,1786,2337,3014,344,453,4951,1907,714,1260,3964,443,408,746,1744,717,557,3314,5777,8215,308,114,3348,1775,815
1,0,0,2,0,2,0,4,57,6,4,6,5,12,2,3,5,0,16,11,11,7,3,10,27,0,21,1,1,8,1,2,9,1,7,33,112,3,11,6,4,3,5,9,4,0,1,0,1,0,5,4,9,1,39,4,17,37,25,7733,107,37,104,36,9,24,191,43,2930,189,96,256,8709,2465,39,85,994,40,15,18,48,259,13,13,47,74,5896,3427,17,47,2662,243,636,4,86,311,14,9,37,21
0,2,1,2,0,0,1,9,135,5,5,49,50,7,2,2,4,0,7,218,4,40,46,11,369,4,189,7,1,4,6,19,154,6,1,7,89,49,5,32,2,3,2,73,42,2,23,3,0,1,12,13,46,6,42,33,31,71,84,4690,152,82,1244,214,71,127,186,58,652,1961,72,2207,2465,9458,47,435,7846,128,25,57,323,3339,70,111,544,412,1142,190,56,604,987,811,3397,39,438,293,18,16,76,69
0,0,0,4,1,0,1,1,7,1,4,0,1,4,0,0,0,0,1,1,2,1,1,1,1,0,3,0,0,2,1,1,0,0,2,3,11,5,2,1,0,2,1,3,1,0,4,1,0,1,18,17,286,9,5,68,12,48,248,110,1228,381,1301,119,355,1226,1891,1222,805,68,6020,590,39,47,15920,240,36,25,168,6639,257,574,487,2411,134,287,91,72,8628,67,65,10,140,25,262,41,27,78,1375,2880
1,2,0,4,0,0,4,0,4,2,2,1,1,1,5,3,0,0,2,3,2,33,24,1,12,22,58,6,0,2,0,45,14,13,3,2,9,23,5,23,4,1,7,92,4,6,55,2,1,1,52,47,356,20,37,270,7,91,89,159,306,98,171,27,444,666,413,46,238,657,252,1374,85,435,240,24304,742,73,148,115,5304,2796,392,470,4725,6244,66,86,280,9303,139,120,7236,69,1534,91,48,72,518,378
1,1,0,2,0,0,1,4,164,10,7,49,43,3,1,3,3,1,0,112,6,58,90,5,307,22,413,62,1,0,3,87,143,67,4,10,7,105,10,329,1,8,6,338,28,15,105,2,0,3,8,7,15,5,36,7,14,40,18,1674,143,73,241,76,28,71,87,23,218,379,78,1786,994,7846,36,742,12854,580,34,37,641,1858,41,44,513,780,1110,95,37,325,1166,5415,7701,43,1136,268,12,16,82,64
0,1,0,2,0,0,1,0,3,1,0,0,0,2,1,0,0,0,0,0,0,8,8,1,0,10,72,320,1,0,0,10,2,56,0,0,2,7,4,883,0,0,0,52,0,15,27,0,0,0,54,59,18,34,14,25,0,21,5,26,92,43,43,3,56,48,20,6,12,30,30,2337,40,128,25,73,580,46170,1280,8,57,40,607,28,35,12856,282,17,31,36,234,13011,578,14698,1339,31,22,594,149,46
18,23,33,40,8,10,30,0,2,10,1,1,1,51,5,32,0,0,2,1,5,12,1,0,0,0,2,0,5,16,4,1,0,1,31,10,11,4,43,4,3,1,11,8,2,1,1,12,8,2,925,945,550,474,442,427,5,20,24,19,477,80,49,2,4813,1009,404,8,84,56,95,3014,15,25,168,148,34,1280,119694,22,113,117,30544,467,119,421,139,232,475,80,303,77,106,830,130,229,10378,22326,2761,412
0,1,1,4,0,0,1,2,5,8,0,1,0,18,1,6,0,0,8,2,1,9,0,1,4,0,3,0,4,9,2,1,3,1,10,24,8,1,14,0,10,3,7,2,0,0,1,1,2,1,10,7,237,7,10,51,119,357,2618,50,275,113,1141,392,141,415,6639,5073,3439,228,1792,344,18,57,6639,115,37,8,22,7633,205,866,75,2778,332,131,121,86,679,77,80,4,60,10,138,17,15,21,144,197
0,1,0,0,0,1,2,0,2,7,2,2,2,0,0,2,0,0,1,6,1,44,53,0,8,39,49,7,1,1,0,68,10,31,2,1,4,34,0,41,0,1,2,123,3,14,55,0,0,1,13,13,100,7,8,53,8,56,38,94,225,40,105,35,163,546,217,55,95,303,185,453,48,323,257,5304,641,57,113,205,11100,3888,258,398,2113,5213,53,17,344,786,65,335,3228,95,5288,34,15,49,408,317
1,1,2,8,1,2,4,2,81,6,2,34,37,5,4,8,1,0,7,62,2,26,51,5,122,13,179,6,0,4,0,32,56,9,5,11,130,52,10,14,1,3,5,144,15,4,53,2,0,1,29,39,298,12,25,154,527,867,410,1311,407,172,5870,3382,444,1160,945,982,709,5435,409,4951,259,3339,574,2796,1858,40,117,866,3888,28955,385,1142,15171,1036,425,124,611,3698,175,87,2539,61,3366,113,49,45,464,418
23,39,23,51,4,8,25,0,3,14,5,0,0,73,9,34,0,0,6,6,4,15,1,1,4,1,7,0,7,19,8,1,2,1,51,15,11,5,54,3,13,5,12,9,4,0,1,8,12,2,547,907,747,377,161,616,10,25,23,39,635,114,146,9,16989,6349,581,19,152,67,269,1907,13,70,487,392,41,607,30544,75,258,385,53666,978,308,492,250,309,1544,135,411,51,162,439,169,202,2083,6292,21395,2264
20,34,21,99,9,12,46,0,1,16,6,0,0,72,15,65,0,0,4,5,5,15,2,0,8,2,4,0,10,16,2,1,4,4,63,7,13,1,25,2,4,6,17,8,7,0,3,9,13,1,179,103,2477,22,49,281,130,390,417,102,493,254,578,206,2691,10227,12470,631,436,485,407,714,13,111,2411,470,44,28,467,2778,398,1142,978,27241,924,347,126,235,13097,443,206,7,219,23,270,178,294,143,881,1027
2,3,1,4,0,0,8,1,35,3,0,9,8,8,0,3,0,1,1,27,1,11,14,1,65,2,79,2,0,1,0,5,16,2,3,2,20,21,6,3,1,1,2,34,8,3,7,1,1,2,53,57,482,24,37,263,75,581,425,258,153,75,442,193,555,869,805,161,623,3160,124,1260,47,544,134,4725,513,35,119,332,2113,15171,308,924,8169,648,48,92,297,6066,115,26,1075,24,546,85,72,42,298,175
0,0,1,2,0,1,1,3,3,3,3,3,1,0,1,2,1,0,1,5,0,72,53,3,13,74,105,81,1,1,0,125,8,260,2,3,8,22,5,583,2,3,3,331,2,72,210,4,0,0,39,43,128,35,19,72,12,63,41,121,430,128,157,31,227,535,187,56,98,316,301,3964,74,412,287,6244,780,12856,421,131,5213,1036,492,347,648,41875,82,48,379,726,135,5880,6679,6390,7622,55,27,244,536,462
11,17,9,21,4,13,26,99,251,36,14,16,136,82,10,50,29,1,59,81,28,33,4,28,21,2,12,20,18,63,20,6,20,13,56,107,1743,1,118,80,28,12,43,21,7,2,8,21,5,17,77,119,84,45,97,76,716,310,143,4114,800,102,361,780,205,77,706,204,1499,977,182,443,5896,1142,91,66,1110,282,139,121,53,425,250,126,48,82,3356,2065,48,71,5269,791,349,19,62,785,68,180,409,90
38,50,21,90,19,22,67,6,9,63,18,2,4,132,15,64,1,0,48,14,5,58,0,5,4,2,2,1,21,69,15,0,4,1,91,59,68,8,90,0,32,12,40,5,4,0,0,19,21,3,294,433,416,212,1055,2157,7,43,61,277,723,47,28,18,722,128,5287,23,2688,151,56,408,3427,190,72,86,95,17,232,86,17,124,309,235,92,48,2065,14746,93,130,10204,29,153,10,24,2716,204,139,397,106
1,4,0,3,0,0,2,0,1,2,0,0,0,9,1,2,0,0,2,0,0,5,1,0,1,1,2,0,0,4,0,0,0,2,5,3,1,0,3,1,1,1,2,8,0,0,1,0,1,1,53,49,379,16,27,160,27,46,77,43,631,430,573,69,1037,12366,1238,164,128,101,1661,746,17,56,8628,280,37,31,475,679,344,611,1544,13097,297,379,48,93,30935,105,90,15,162,23,258,88,76,143,2738,9636
0,1,1,2,0,2,4,3,27,3,1,5,5,2,3,4,0,0,1,30,6,26,29,6,95,1,119,3,1,2,3,15,37,4,8,3,12,36,6,5,2,5,3,71,14,2,20,2,0,0,42,48,448,31,50,291,35,275,142,209,175,78,235,35,373,306,555,48,447,4235,87,1744,47,604,67,9303,325,36,80,77,786,3698,135,443,6066,726,71,130,105,20184,130,44,6254,31,809,90,58,24,165,90
29,41,13,43,7,13,38,2,5,35,18,4,0,102,15,53,1,1,21,8,5,42,5,4,7,0,19,6,18,36,2,3,2,5,72,36,29,2,71,52,21,19,19,9,5,0,7,17,14,3,227,276,256,1684,1285,781,13,15,50,251,1101,64,45,16,667,130,984,6,838,120,73,717,2662,987,65,139,1166,234,303,80,65,175,411,206,115,135,5269,10204,90,130,22862,903,550,21,85,7558,254,233,647,131
1,1,0,1,0,0,3,0,2,6,4,2,0,1,0,0,1,0,2,5,4,163,119,4,7,114,304,646,4,6,0,189,12,685,2,1,24,30,20,3703,0,2,3,781,6,166,395,2,0,1,4,3,3,7,16,7,2,4,3,81,32,16,15,2,12,19,11,5,33,18,15,557,243,811,10,120,5415,13011,77,4,335,87,51,7,26,5880,791,29,15,44,903,38227,7678,608,913,160,12,36,39,17
1,1,2,2,0,1,5,1,10,17,7,16,7,0,1,6,4,0,1,37,1,92,142,4,139,102,356,35,5,9,1,203,61,84,3,6,14,108,10,247,5,3,6,458,29,49,184,1,1,1,24,34,159,10,39,90,10,84,65,561,355,168,248,26,169,230,207,45,334,864,167,3314,636,3397,140,7236,7701,578,106,60,3228,2539,162,219,1075,6679,349,153,162,6254,550,7678,25563,222,3496,254,31,60,319,228
0,2,1,0,0,0,0,0,0,2,3,2,0,2,0,1,0,0,0,2,0,1,1,0,2,2,5,4,0,1,0,3,0,7,2,1,2,1,3,36,0,0,1,10,0,1,3,1,0,0,31,47,28,25,10,21,2,18,8,22,64,64,46,7,53,52,24,5,11,31,20,5777,4,39,25,69,43,14698,830,10,95,61,439,23,24,6390,19,10,23,31,21,608,222,14666,5893,15,15,483,139,35
0,0,1,1,0,1,0,3,6,4,0,4,4,0,1,3,1,0,0,6,4,35,56,0,22,47,115,10,1,3,0,85,17,30,0,0,2,46,5,85,0,1,1,191,7,23,96,1,0,2,11,26,65,9,9,35,11,70,43,153,293,157,319,33,89,284,171,112,99,266,204,8215,86,438,262,1534,1136,1339,130,138,5288,3366,169,270,546,7622,62,24,258,809,85,913,3496,5893,14064,45,8,77,253,230
61,126,89,388,24,178,454,3,7,25,7,1,1,124,20,204,1,1,12,9,3,20,1,5,5,1,14,5,7,36,15,2,1,5,148,12,63,11,122,9,13,5,44,11,10,1,4,178,15,0,578,453,415,721,6616,1082,6,23,17,89,544,36,17,11,627,82,916,6,212,82,34,308,311,293,41,91,268,31,229,17,34,113,202,178,85,55,785,2716,88,90,7558,160,254,15,45,9028,839,114,369,92
15,30,29,82,6,28,59,0,2,8,1,0,0,38,10,41,0,0,2,1,2,9,0,2,0,0,1,0,4,10,5,0,1,0,28,4,5,0,36,0,3,2,7,2,3,0,0,20,7,1,9422,949,755,630,4649,369,4,18,14,9,84,4,8,6,12354,379,331,14,30,25,6,114,14,18,27,48,12,22,10378,15,15,49,2083,294,72,27,68,204,76,58,254,12,31,15,8,839,39655,612,333,43
8,12,7,14,3,4,12,0,5,16,5,1,0,25,4,21,0,1,8,1,2,6,3,1,0,1,1,0,3,4,1,0,2,3,14,12,11,1,21,0,7,1,2,0,0,0,0,4,5,1,196,306,207,149,62,179,4,13,21,15,8822,70,39,3,349,269,197,10,117,16,83,3348,9,16,78,72,16,594,22326,21,49,45,6292,143,42,244,180,139,143,24,233,36,60,483,77,114,612,39856,4807,299
20,32,12,31,11,8,36,1,7,18,7,1,1,68,11,43,0,0,16,7,7,21,4,1,4,0,10,0,5,27,5,2,3,0,49,35,25,4,54,0,18,10,20,6,2,0,4,9,14,4,162,431,643,133,136,629,8,38,78,89,17184,529,418,15,1065,4885,693,69,432,88,1555,1775,37,76,1375,518,82,149,2761,144,408,464,21395,881,298,536,409,397,2738,165,647,39,319,139,253,369,333,4807,29687,12456
2,4,1,4,1,1,4,0,2,2,1,0,0,5,1,2,0,0,5,3,0,3,1,0,5,0,6,0,0,5,1,2,3,0,5,5,7,2,5,2,3,2,2,7,0,0,4,0,0,0,34,55,273,23,36,189,7,17,25,49,4457,604,531,17,435,6413,379,93,146,43,6823,815,21,69,2880,378,64,46,412,197,317,418,2264,1027,175,462,90,106,9636,90,131,17,228,35,230,92,43,299,12456,16067
