15437,9566,14882,1274,8326,838,282,4,0,29,0,2,2,13052,685,25,1,0,1,8,3,113,1,0,2,0,0,40,1054,796,0,2,2,21,23,8,3,8,6,1,480,19,18,6,16,22,14,48,2978,5,7,10,10,14,15,44,0,0,0,0,4,0,0,0,27,3,27,0,1,0,0,0,0,2,0,0,1,1,8,0,0,0,4,2,0,0,1,35,0,0,3,1,0,0,0,25,5,2,3,0
9566,47287,10220,14719,1375,297,2099,35,33,369,16,20,17,11912,10164,530,8,9,40,98,34,1014,9,9,41,20,6,148,1134,1030,28,28,40,74,250,200,45,86,56,22,1763,180,112,68,177,88,67,530,1121,40,30,100,138,80,111,533,1,2,0,4,13,1,0,1,194,35,144,1,5,6,0,13,1,9,3,3,5,0,67,2,0,2,29,26,3,0,11,378,5,5,44,0,7,2,0,117,45,18,13,7
14882,10220,37369,3308,6609,8311,9338,7,4,65,4,6,4,4189,943,21,0,1,4,2,8,405,6,1,1,5,1,134,1324,1256,7,10,4,48,49,12,7,3,16,14,1125,61,28,19,12,66,38,412,1282,26,23,263,56,994,102,444,0,0,0,1,11,0,0,0,86,5,64,0,2,0,2,10,0,3,1,0,0,0,25,0,0,0,10,2,1,0,5,129,2,0,17,2,3,2,0,60,16,5,8,1
1274,14719,3308,26356,721,2609,10634,440,235,1210,46,96,172,11654,15157,8745,44,98,370,670,83,1408,36,23,191,78,34,129,1060,1589,936,171,226,115,1172,1296,158,508,221,15,2387,452,2919,245,1032,75,161,1438,824,235,40,135,169,109,169,724,0,0,5,21,44,4,0,1,311,65,303,0,17,13,4,20,3,59,13,9,16,1,98,7,3,7,49,51,10,1,26,651,12,16,115,3,16,3,2,180,59,43,28,9
8326,1375,6609,721,7735,10252,954,3,1,28,0,0,0,1181,118,23,0,0,1,6,0,63,1,1,4,1,12,25,730,520,4,5,1,8,36,15,13,3,26,5,249,7,6,9,13,10,1,545,3100,5,0,1,8,86,7,15,0,0,0,1,0,0,0,0,7,0,8,0,0,0,0,0,1,0,0,0,0,0,3,0,0,0,1,1,0,0,0,11,0,0,1,0,1,1,0,3,1,1,0,0
838,297,8311,2609,10252,15526,13062,0,9,8,1,1,1,242,61,6,0,0,3,4,0,33,0,9,20,2,185,54,228,143,5,0,1,16,282,9,64,1,288,129,88,3,4,60,2,4,4,3479,2450,2,117,42,17,852,77,141,0,0,0,0,3,0,0,0,29,4,24,0,1,0,0,3,1,2,0,0,3,1,14,0,0,0,0,2,0,2,1,56,0,1,5,1,0,0,0,25,13,1,2,0
282,2099,9338,10634,954,13062,13417,56,464,893,60,45,28,729,676,1973,20,14,249,346,55,694,20,980,436,27,930,125,311,234,214,42,52,66,3816,2531,2030,188,9409,410,756,86,563,333,198,38,61,4989,552,33,64,231,265,346,266,1607,4,8,10,44,107,6,1,1,403,131,566,2,100,15,16,59,11,75,49,17,27,7,133,14,4,7,102,117,9,3,117,1115,47,21,239,4,18,2,8,209,92,81,81,28
4,35,7,440,3,0,56,45990,10003,144,738,1143,9713,627,368,1312,5591,5667,3105,12881,1268,3969,196,24,185,47,49,18,49,156,1501,252,1721,57,38,197,71,886,17,4,109,54,953,294,2830,91,269,2,9,52,0,1,1,0,0,0,17,22,20,227,13,4,7,7,5,1,13,6,51,72,7,13,19,314,9,15,59,0,1,4,6,44,3,2,30,3,64,43,3,55,4,2,48,1,3,0,0,1,2,0
0,33,4,235,1,9,464,10003,80628,285,583,1760,2558,126,71,618,906,171,6579,6868,408,2460,253,7233,11112,57,4829,32,32,66,180,177,961,74,375,2559,5119,505,739,139,98,51,318,1182,509,95,350,70,20,23,0,1,4,1,1,7,407,296,121,5111,75,48,98,73,49,10,130,37,454,1076,66,88,359,5233,53,87,1034,5,10,36,42,414,23,18,472,19,2554,176,6,639,32,15,573,10,37,5,1,14,23,8
29,369,65,1210,28,8,893,144,285,36041,5916,7498,276,521,478,1562,539,40,692,269,7009,5598,423,41,130,74,72,72,500,552,584,317,657,138,547,1215,180,134,429,14,12408,4038,3845,292,294,339,802,77,37,2753,0,1,5,1,2,15,2,7,14,48,13,1,0,0,13,8,54,1,77,8,4,6,12,26,10,9,9,0,1,11,4,3,3,11,13,3,38,81,2,10,18,5,28,0,0,6,1,6,7,0
0,16,4,46,0,1,60,738,583,5916,4876,11405,352,43,23,401,595,51,644,229,1335,5069,1009,9,48,32,39,45,31,47,87,36,149,58,46,210,17,55,36,8,328,84,233,184,99,241,232,3,3,40,0,0,1,0,0,0,1,3,7,16,0,1,0,0,2,0,3,0,12,2,2,3,7,17,3,7,6,0,1,1,2,0,0,0,2,2,15,4,0,5,1,2,13,0,5,1,0,0,2,1
2,20,6,96,0,1,45,1143,1760,7498,11405,23852,6561,323,123,142,7962,210,352,1390,7901,4356,4854,35,772,93,203,88,199,532,323,315,3906,167,34,163,47,676,37,25,1216,531,930,993,1150,695,1752,9,6,249,1,0,0,0,0,0,2,8,7,47,4,1,4,0,3,1,11,5,32,14,2,17,5,108,3,25,77,1,1,5,11,15,1,0,61,5,19,20,1,67,1,6,72,3,10,4,1,1,1,1
2,17,4,172,0,1,28,9713,2558,276,352,6561,28935,924,428,393,4973,587,374,2760,959,997,197,28,287,50,50,24,102,512,704,489,11401,40,21,106,34,300,23,6,312,185,778,295,1553,75,693,3,7,142,0,0,0,0,0,0,11,8,5,92,4,1,3,2,5,1,9,1,21,70,0,10,9,357,2,11,76,0,3,1,5,26,6,3,52,6,37,13,4,66,1,1,59,1,4,0,0,1,0,0
13052,11912,4189,11654,1181,242,729,627,126,521,43,323,924,56869,15432,1004,227,208,245,529,455,849,88,17,130,121,44,157,5167,28835,512,1167,1418,204,198,206,172,369,124,17,2754,1694,3718,329,2742,123,708,239,7439,3200,8,25,53,18,21,160,0,2,2,9,31,1,0,0,95,49,168,0,20,5,6,25,1,45,7,19,26,1,38,3,5,6,28,36,22,4,14,317,5,17,57,2,33,2,3,45,14,19,23,9
685,10164,943,15157,118,61,676,368,71,478,23,123,428,15432,18439,2212,132,188,185,249,285,628,26,3,35,20,16,69,741,3194,1025,223,462,58,110,197,59,147,42,7,1851,2042,13202,91,656,46,170,107,350,7992,4,10,22,17,18,109,0,0,0,2,10,0,1,0,38,10,68,0,8,6,1,10,1,17,1,3,8,1,23,1,0,6,10,11,7,3,5,125,4,5,10,2,10,0,1,23,7,5,8,1
25,530,21,8745,23,6,1973,1312,618,1562,401,142,393,1004,2212,28643,319,1214,3301,1066,438,1299,36,21,135,28,34,33,217,355,13548,99,250,37,2964,5437,151,385,231,7,759,157,11474,196,718,35,92,55,52,99,1,9,21,5,9,47,4,7,15,41,65,4,3,3,39,55,218,3,84,14,7,22,7,56,40,7,17,0,29,18,2,8,25,66,11,2,53,344,29,19,89,2,7,3,0,21,4,35,37,21
1,8,0,44,0,0,20,5591,906,539,595,7962,4973,227,132,319,6451,3441,572,179,3202,711,198,10,52,23,29,14,46,192,1387,105,1095,12,6,55,31,48,12,4,203,122,574,84,170,71,369,1,0,91,0,0,0,0,0,0,0,4,7,37,2,1,0,1,0,1,9,4,27,4,3,1,5,4,6,2,3,0,0,0,3,3,3,0,5,2,11,15,0,6,2,0,5,0,1,0,0,1,4,0
0,9,1,98,0,0,14,5667,171,40,51,210,587,208,188,1214,3441,3427,1189,154,715,189,18,1,10,4,3,3,10,51,3065,32,192,4,12,76,27,26,3,0,26,20,565,12,145,6,32,0,2,28,0,0,0,0,0,0,0,5,8,31,6,5,2,1,0,1,7,0,19,0,2,1,4,4,7,0,2,0,2,1,0,3,0,0,0,0,12,14,3,1,1,0,2,0,0,1,0,0,0,0
1,40,4,370,1,3,249,3105,6579,692,644,352,374,245,185,3301,572,1189,5362,2116,818,1547,49,624,634,18,178,14,52,89,1696,51,246,20,280,2138,691,348,200,11,227,48,1094,299,297,26,113,12,8,41,1,3,12,0,3,13,27,66,83,337,147,20,17,16,18,12,208,16,455,81,51,28,50,193,148,13,39,3,24,43,6,42,22,30,69,3,210,391,30,63,60,2,29,2,10,6,0,22,42,16
8,98,2,670,6,4,346,12881,6868,269,229,1390,2760,529,249,1066,179,154,2116,31547,161,1498,379,101,1602,88,168,34,72,167,358,470,3606,79,282,1086,74,5973,235,12,181,91,578,1424,6557,149,564,16,23,50,0,1,0,0,1,3,19,10,7,265,15,2,32,10,9,12,42,1,57,312,4,45,23,2017,10,50,325,0,9,7,27,167,17,10,330,11,62,48,6,455,13,19,374,5,34,4,0,6,10,2
3,34,8,83,0,0,55,1268,408,7009,1335,7901,959,455,285,438,3202,715,818,161,7649,1087,414,25,65,43,40,52,233,953,1091,193,735,64,43,232,133,75,84,6,1594,1166,6572,175,194,161,579,4,7,855,0,0,0,0,0,1,1,7,19,71,19,3,1,0,2,7,29,2,64,14,5,6,12,23,10,6,9,0,1,13,3,2,1,3,8,3,37,47,2,3,9,1,16,0,0,0,0,5,1,0
113,1014,405,1408,63,33,694,3969,2460,5598,5069,4356,997,849,628,1299,711,189,1547,1498,1087,21111,5649,46,509,1061,385,1431,4523,501,394,572,733,2223,348,750,141,985,309,298,12688,675,922,3863,1470,5267,2143,89,72,226,1,2,7,2,0,16,4,5,9,34,22,1,2,1,14,10,59,4,24,10,5,27,10,76,7,111,118,14,4,6,58,13,4,16,33,106,36,86,6,42,13,142,320,9,41,9,3,2,3,3
1,9,6,36,1,0,20,196,253,423,1009,4854,197,88,26,36,198,18,49,379,414,5649,9481,12,454,857,770,294,87,91,28,429,900,686,12,47,17,830,26,105,217,78,103,3491,1097,6239,3953,9,3,34,1,0,0,0,0,0,0,0,2,5,1,1,2,1,6,1,4,0,3,3,3,26,3,55,1,148,161,0,1,0,55,11,0,0,48,54,2,5,1,71,1,25,351,2,26,4,0,0,2,1
0,9,1,23,1,9,980,24,7233,41,9,35,28,17,3,21,10,1,624,101,25,46,12,6929,1297,12,3650,76,12,9,11,20,30,80,316,2458,4324,25,4522,751,36,7,42,496,19,14,33,109,13,2,1,0,2,1,0,6,16,29,30,293,30,9,10,4,8,8,81,9,155,35,2,5,23,161,27,13,73,2,1,19,11,15,7,7,21,7,276,130,4,21,15,3,40,0,3,1,0,6,4,3
2,41,1,191,4,20,436,185,11112,130,48,772,287,130,35,135,52,10,634,1602,65,509,454,1297,6044,72,6548,18,29,90,40,344,1163,74,286,1262,254,342,889,130,113,24,112,2643,344,91,512,265,53,21,2,0,2,0,3,5,13,14,3,247,6,1,47,11,37,11,37,1,64,306,4,189,52,3782,5,298,1898,6,8,2,97,336,13,8,1105,39,64,63,7,1310,24,29,1365,7,99,5,2,3,7,1
0,20,5,78,1,2,27,47,57,74,32,93,50,121,20,28,23,4,18,88,43,1061,857,12,72,13479,248,49,56,75,16,10008,384,4210,18,50,6,6362,30,59,72,30,41,6849,3634,790,5086,5,6,13,0,0,0,0,0,0,0,1,0,4,4,2,6,1,0,1,4,2,7,2,8,86,14,33,0,528,304,18,0,1,227,8,6,0,42,205,2,14,0,49,6,113,1115,11,124,3,0,2,5,0
0,6,1,34,12,185,930,49,4829,72,39,203,50,44,16,34,29,3,178,168,40,385,770,3650,6548,248,22247,2080,53,46,9,804,779,544,144,706,1476,204,3621,6870,61,23,42,7780,627,188,1159,1627,207,4,1,2,2,0,0,2,6,4,3,77,8,3,12,1,27,7,24,2,52,82,5,271,124,1365,12,1099,2711,35,11,4,343,199,25,4,796,194,26,68,1,1006,38,150,2396,23,326,18,3,5,16,4
40,148,134,129,25,54,125,18,32,72,45,88,24,157,69,33,14,3,14,34,52,1431,294,76,18,49,2080,51909,1105,271,18,56,63,6951,22,48,1068,28,663,10726,1000,90,92,976,79,12987,5754,371,41,32,0,1,0,0,0,0,0,0,1,2,1,0,0,0,2,3,14,0,1,0,0,11,1,7,0,15,35,810,1,1,17,1,1,2,2,292,5,18,2,7,3,867,146,64,24,3,2,0,3,0
1054,1134,1324,1060,730,228,311,49,32,500,31,199,102,5167,741,217,46,10,52,72,233,4523,87,12,29,56,53,1105,71344,12863,114,249,265,353,87,141,129,73,114,94,22093,628,648,193,305,666,407,169,6781,276,0,1,8,4,0,25,0,1,1,0,21,0,0,0,24,23,73,0,17,0,1,6,1,7,7,4,9,2,9,3,0,2,6,17,5,8,7,111,8,3,21,12,20,1,2,12,1,8,6,7
796,1030,1256,1589,520,143,234,156,66,552,47,532,512,28835,3194,355,192,51,89,167,953,501,91,9,90,75,46,271,12863,42732,382,679,1000,148,101,149,122,153,111,16,8037,3778,3793,235,732,144,649,66,1189,2719,2,1,9,4,2,21,1,1,2,3,17,0,0,0,27,25,85,0,12,3,3,6,3,9,8,2,12,1,14,4,1,5,11,20,11,2,16,136,9,3,32,3,14,1,1,11,3,5,9,9
0,28,7,936,4,5,214,1501,180,584,87,323,704,512,1025,13548,1387,3065,1696,358,1091,394,28,11,40,16,9,18,114,382,10207,128,458,20,189,757,169,130,82,3,371,238,8708,52,530,17,146,2,7,284,0,1,6,0,0,5,2,0,15,33,24,3,2,1,5,11,120,2,73,8,5,14,7,14,20,4,6,0,13,5,0,2,8,23,12,0,34,153,7,10,29,0,7,0,2,2,0,12,8,3
2,28,10,171,5,0,42,252,177,317,36,315,489,1167,223,99,105,32,51,470,193,572,429,20,344,10008,804,56,249,679,128,34108,6774,3118,18,59,15,2962,50,151,436,198,263,6412,10950,485,18164,5,22,97,0,0,0,0,0,0,0,0,2,15,1,0,3,2,10,2,9,1,8,6,3,103,14,81,3,617,417,17,3,1,228,27,5,0,111,292,4,11,1,147,15,192,1323,27,173,6,0,2,3,2
2,40,4,226,1,1,52,1721,961,657,149,3906,11401,1418,462,250,1095,192,246,3606,735,733,900,30,1163,384,779,63,265,1000,458,6774,19662,362,39,143,25,2338,45,23,729,407,674,3079,16055,408,5476,4,13,224,0,0,2,0,0,1,2,6,3,32,1,1,7,1,1,2,7,0,19,45,1,28,15,318,5,109,270,0,0,3,21,42,3,2,191,12,15,22,0,202,2,9,253,0,23,3,1,1,0,0
21,74,48,115,8,16,66,57,74,138,58,167,40,204,58,37,12,4,20,79,64,2223,686,80,74,4210,544,6951,353,148,20,3118,362,17926,17,39,135,1110,286,8559,429,65,75,9047,1855,6509,12343,164,24,22,0,0,0,0,2,2,1,3,0,4,4,1,3,0,0,0,7,0,4,3,6,100,15,36,2,367,234,601,2,0,260,8,1,1,19,2192,4,9,1,23,13,3378,2007,215,256,13,0,1,0,2
23,250,49,1172,36,282,3816,38,375,547,46,34,21,198,110,2964,6,12,280,282,43,348,12,316,286,18,144,22,87,101,189,18,39,17,3108,4863,479,136,3013,42,304,38,412,177,89,12,36,1325,112,15,11,30,52,28,39,179,2,4,9,42,52,2,3,1,101,55,242,2,61,7,6,24,5,42,26,2,12,3,35,20,3,13,31,49,9,1,53,439,28,9,98,4,12,2,0,54,20,24,36,21
8,200,12,1296,15,9,2531,197,2559,1215,210,163,106,206,197,5437,55,76,2138,1086,232,750,47,2458,1262,50,706,48,141,149,757,59,143,39,4863,9557,2188,297,4491,93,531,92,1304,516,157,28,102,86,23,43,4,6,20,7,11,52,27,44,52,270,159,19,9,12,56,76,551,13,501,65,40,52,46,251,174,15,60,3,42,48,13,31,54,164,52,2,354,831,82,70,193,4,60,4,6,17,4,58,93,42
3,45,7,158,13,64,2030,71,5119,180,17,47,34,172,59,151,31,27,691,74,133,141,17,4324,254,6,1476,1068,129,122,169,15,25,135,479,2188,1920,18,9920,1230,183,24,521,433,35,27,39,1716,82,28,0,3,11,1,4,22,5,8,4,105,31,2,1,0,11,15,70,0,56,16,5,12,11,104,15,8,36,12,11,4,5,10,6,33,11,6,177,160,9,15,33,7,38,0,5,12,4,13,13,5
8,86,3,508,3,1,188,886,505,134,55,676,300,369,147,385,48,26,348,5973,75,985,830,25,342,6362,204,28,73,153,130,2962,2338,1110,136,297,18,10483,119,29,123,38,286,7395,9030,233,2745,11,15,25,2,0,1,0,0,1,4,0,5,18,7,1,9,2,8,2,6,2,17,34,2,76,21,357,2,219,458,1,2,5,73,71,8,7,249,42,15,24,3,261,4,12,433,9,61,3,3,0,2,2
6,56,16,221,26,288,9409,17,739,429,36,37,23,124,42,231,12,3,200,235,84,309,26,4522,889,30,3621,663,114,111,82,50,45,286,3013,4491,9920,119,26669,2311,288,40,361,1065,53,27,90,5955,244,26,10,22,66,28,114,198,10,11,18,100,117,14,4,1,109,129,546,2,216,22,17,71,19,89,73,22,43,21,73,23,6,10,65,150,21,17,253,964,58,34,210,19,78,4,6,58,13,55,74,36
1,22,14,15,5,129,410,4,139,14,8,25,6,17,7,7,4,0,11,12,6,298,105,751,130,59,6870,10726,94,16,3,151,23,8559,42,93,1230,29,2311,22476,65,6,9,12320,27,1001,1369,1226,120,8,1,1,0,0,0,0,0,1,0,7,6,1,0,0,0,0,3,0,4,0,2,58,5,15,0,209,239,958,4,0,138,2,1,2,16,1195,13,10,0,17,6,2627,1155,127,141,12,0,2,0,4
480,1763,1125,2387,249,88,756,109,98,12408,328,1216,312,2754,1851,759,203,26,227,181,1594,12688,217,36,113,72,61,1000,22093,8037,371,436,729,429,304,531,183,123,288,65,57770,10297,2953,301,437,651,828,68,191,2625,2,3,14,1,4,23,1,2,5,13,19,0,1,0,28,18,122,1,40,3,4,11,4,19,17,5,15,7,10,6,4,3,7,30,5,10,30,165,16,7,28,12,20,2,3,8,2,11,12,7
19,180,61,452,7,3,86,54,51,4038,84,531,185,1694,2042,157,122,20,48,91,1166,675,78,7,24,30,23,90,628,3778,238,198,407,65,38,92,24,38,40,6,10297,17140,4102,102,174,104,324,8,17,9607,1,1,0,0,0,3,1,0,6,1,2,0,0,0,1,3,8,0,14,0,2,2,1,5,5,4,4,0,1,2,1,0,1,2,5,1,8,15,2,6,1,3,10,0,1,0,0,1,2,0
18,112,28,2919,6,4,563,953,318,3845,233,930,778,3718,13202,11474,574,565,1094,578,6572,922,103,42,112,41,42,92,648,3793,8708,263,674,75,412,1304,521,286,361,9,2953,4102,30546,173,982,91,341,26,14,9017,0,1,5,3,3,25,2,3,19,41,70,7,2,1,28,38,297,5,121,14,9,22,8,28,34,6,9,1,23,23,2,8,31,94,12,4,110,427,31,13,76,3,23,0,1,8,1,22,35,10
6,68,19,245,9,60,333,294,1182,292,184,993,295,329,91,196,84,12,299,1424,175,3863,3491,496,2643,6849,7780,976,193,235,52,6412,3079,9047,177,516,433,7395,1065,12320,301,102,173,47113,4191,2833,10676,666,79,47,1,0,4,0,3,3,11,10,5,73,32,7,45,9,28,7,26,10,37,49,23,585,99,996,15,2391,2840,190,13,4,1039,276,14,4,845,1413,38,93,1,999,63,1502,5913,80,776,38,5,3,20,9
16,177,12,1032,13,2,198,2830,509,294,99,1150,1553,2742,656,718,170,145,297,6557,194,1470,1097,19,344,3634,627,79,305,732,530,10950,16055,1855,89,157,35,9030,53,27,437,174,982,4191,23909,266,4475,14,74,92,0,0,2,0,1,3,3,6,6,36,7,0,11,2,21,11,7,1,33,44,5,118,31,438,9,351,661,1,4,1,111,131,11,1,405,42,18,39,3,423,13,10,579,8,85,6,1,3,2,3
22,88,66,75,10,4,38,91,95,339,241,695,75,123,46,35,71,6,26,149,161,5267,6239,14,91,790,188,12987,666,144,17,485,408,6509,12,28,27,233,27,1001,651,104,91,2833,266,12381,14429,21,10,32,0,0,0,0,0,0,0,0,0,1,4,0,2,0,1,0,4,0,4,3,2,25,3,15,1,122,74,72,1,1,64,4,0,2,15,327,2,11,0,15,2,389,394,29,48,0,0,0,2,0
14,67,38,161,1,4,61,269,350,802,232,1752,693,708,170,92,369,32,113,564,579,2143,3953,33,512,5086,1159,5754,407,649,146,18164,5476,12343,36,102,39,2745,90,1369,828,324,341,10676,4475,14429,44921,31,24,161,0,0,2,0,0,0,1,2,0,14,4,1,3,0,2,3,6,0,13,10,6,113,14,106,2,525,404,146,2,2,288,34,3,1,138,997,9,19,2,138,7,1064,1629,73,207,8,1,0,4,1
48,530,412,1438,545,3479,4989,2,70,77,3,9,3,239,107,55,1,0,12,16,4,89,9,109,265,5,1627,371,169,66,2,5,4,164,1325,86,1716,11,5955,1226,68,8,26,666,14,21,31,5847,1325,2,30,111,122,72,123,515,0,0,1,2,20,1,0,0,210,46,235,1,12,3,2,21,2,18,2,10,15,9,60,1,3,0,32,41,4,7,19,461,3,11,53,12,50,1,3,122,37,23,21,2
2978,1121,1282,824,3100,2450,552,9,20,37,3,6,7,7439,350,52,0,2,8,23,7,72,3,13,53,6,207,41,6781,1189,7,22,13,24,112,23,82,15,244,120,191,17,14,79,74,10,24,1325,17815,7,0,4,2,10,3,21,0,0,0,1,2,0,0,0,13,2,10,0,4,1,0,1,0,4,1,4,4,1,3,1,0,0,4,3,0,1,1,30,1,1,8,1,2,1,0,8,3,1,0,3
5,40,26,235,5,2,33,52,23,2753,40,249,142,3200,7992,99,91,28,41,50,855,226,34,2,21,13,4,32,276,2719,284,97,224,22,15,43,28,25,26,8,2625,9607,9017,47,92,32,161,2,7,11464,0,0,0,0,2,0,0,0,0,4,1,0,0,0,0,0,17,0,8,0,0,2,1,2,3,1,6,0,0,1,1,0,0,3,1,0,5,12,1,1,0,1,4,0,0,0,0,0,1,0
7,30,23,40,0,117,64,0,0,0,0,1,0,8,4,1,0,0,1,0,0,1,1,1,2,0,1,0,0,2,0,0,0,0,11,4,0,2,10,1,2,1,0,1,0,0,0,30,0,0,30882,15768,1048,11084,5550,3209,5,4,5,6,29,1,2,2,6940,24,109,0,4,17,2,203,0,4,4,9,4,78,4678,4,6,5,699,12,41,22,7,135,8,17,58,8,8,67,8,284,14581,351,126,11
10,100,263,135,1,42,231,1,1,1,0,0,0,25,10,9,0,0,3,1,0,2,0,0,0,0,2,1,1,1,1,0,0,0,30,6,3,0,22,1,3,1,1,0,0,0,0,111,4,0,15768,50128,6430,24355,1851,8882,3,5,6,8,201,1,3,1,9208,53,369,0,9,8,8,668,2,10,28,14,5,134,4241,6,7,11,1539,20,39,37,16,245,28,7,17,10,6,178,16,337,2715,1244,611,23
10,138,56,169,8,17,265,1,4,5,1,0,0,53,22,21,0,0,12,0,0,7,0,2,2,0,2,0,8,9,6,0,2,0,52,20,11,1,66,0,14,0,5,4,2,0,2,122,2,0,1048,6430,24999,295,305,9024,4,8,21,48,496,17,11,3,15672,2470,9466,2,50,74,26,388,6,55,47,17,8,31,1456,15,12,24,1667,318,65,15,35,1302,65,85,57,3,42,51,11,257,913,778,990,137
14,80,994,109,86,852,346,0,1,1,0,0,0,18,17,5,0,0,0,0,0,2,0,1,0,0,0,0,4,4,0,0,0,0,28,7,1,0,28,0,1,0,3,0,0,0,0,72,10,0,11084,24355,295,28005,12061,14659,2,3,1,1,114,5,0,0,509,20,108,0,1,3,8,244,1,6,8,8,1,69,1503,5,5,2,604,7,8,22,10,537,13,2,655,2,4,91,5,1661,1149,555,257,12
15,111,102,169,7,77,266,0,1,2,0,0,0,21,18,9,0,0,3,1,0,0,0,0,3,0,0,0,0,2,0,0,0,2,39,11,4,0,114,0,4,0,3,3,1,0,0,123,3,2,5550,1851,305,12061,20335,14081,0,0,2,4,49,0,1,0,432,21,258,0,1,0,0,48,9,60,4,6,59,29,543,1,2,1,115,4,4,9,60,3349,4,0,1489,86,59,6,3,7795,2963,64,64,13
44,533,444,724,15,141,1607,0,7,15,0,0,0,160,109,47,0,0,13,3,1,16,0,6,5,0,2,0,25,21,5,0,1,2,179,52,22,1,198,0,23,3,25,3,3,0,0,515,21,0,3209,8882,9024,14659,14081,22562,5,6,7,17,902,18,11,5,4569,206,1945,5,31,24,40,631,16,43,76,16,12,69,2190,15,12,21,1664,87,55,22,84,4073,89,37,1265,7,34,121,8,2510,1245,1362,1389,163
0,1,0,0,0,0,4,17,407,2,1,2,11,0,0,4,0,0,27,19,1,4,0,16,13,0,6,0,0,1,2,0,2,1,2,27,5,4,10,0,1,1,2,11,3,0,1,0,0,0,5,3,4,2,0,5,5900,10349,1414,1352,46,164,671,4587,473,257,494,561,105,3775,98,592,15,210,138,78,16,9,74,258,105,4401,249,240,602,32,98,20,107,246,2,2,44,55,85,0,22,18,76,48
0,2,0,0,0,0,8,22,296,7,3,8,8,2,0,7,4,5,66,10,7,5,0,29,14,1,4,0,1,1,0,0,6,3,4,44,8,0,11,1,2,0,3,10,6,0,2,0,0,0,4,5,8,3,0,6,10349,21244,5230,4675,118,666,1041,2944,448,262,649,3781,378,5576,381,1699,17,274,187,141,14,21,84,699,184,1482,154,176,1708,48,207,27,64,325,4,8,57,119,182,2,26,27,52,23
0,0,0,5,0,0,10,20,121,14,7,7,5,2,0,15,7,8,83,7,19,9,2,30,3,0,3,1,1,2,15,2,3,0,9,52,4,5,18,0,5,6,19,5,6,0,0,1,0,0,5,6,21,1,2,7,1414,5230,3764,2200,259,874,407,843,390,274,807,1422,554,516,317,1039,16,59,131,68,6,8,89,313,96,701,132,143,722,23,153,28,38,69,2,2,38,50,69,0,26,38,53,28
0,4,1,21,1,0,44,227,5111,48,16,47,92,9,2,41,37,31,337,265,71,34,5,293,247,4,77,2,0,3,33,15,32,4,42,270,105,18,100,7,13,1,41,73,36,1,14,2,1,4,6,8,48,1,4,17,1352,4675,2200,63815,507,1226,1296,834,465,246,1274,418,6974,5535,701,2154,6922,14555,184,109,2867,26,85,169,163,810,109,109,825,63,8324,647,27,600,98,68,378,137,210,23,17,51,76,37
4,13,11,44,0,3,107,13,75,13,0,4,4,31,10,65,2,6,147,15,19,22,1,30,6,4,8,1,21,17,24,1,1,4,52,159,31,7,117,6,19,2,70,32,7,4,4,20,2,1,29,201,496,114,49,902,46,118,259,507,44979,6060,1953,117,476,221,4339,202,1236,174,9158,3776,73,130,2709,292,58,96,799,289,388,356,818,660,356,226,742,2263,603,101,278,28,218,599,528,220,29,14685,10660,3536
0,1,0,4,0,0,6,4,48,1,1,1,1,1,0,4,1,5,20,2,3,1,1,9,1,2,3,0,0,0,3,0,1,1,2,19,2,1,14,1,0,0,7,7,0,0,1,1,0,0,1,1,17,5,0,18,164,666,874,1226,6060,6715,4716,136,99,70,1047,348,747,227,4795,6029,40,102,698,28,21,31,47,280,33,143,144,106,113,38,123,151,54,77,6,9,74,231,125,8,4,168,318,124
0,0,0,0,0,0,1,7,98,0,0,4,3,0,1,3,0,2,17,32,1,2,2,10,47,6,12,0,0,0,2,3,7,3,3,9,1,9,4,0,1,0,2,45,11,2,3,0,0,0,2,3,11,0,1,11,671,1041,407,1296,1953,4716,13956,5360,167,147,393,3128,225,1333,7877,6627,54,1019,1912,125,106,59,96,1333,319,7005,326,167,1213,102,74,54,142,742,7,13,366,589,729,6,8,118,375,260
0,1,0,1,0,0,1,7,73,0,0,0,2,0,0,3,1,1,16,10,0,1,1,4,11,1,1,0,0,0,1,2,1,0,1,12,0,2,1,0,0,0,1,9,2,0,0,0,0,0,2,1,3,0,0,5,4587,2944,843,834,117,136,5360,13598,126,118,334,3927,123,630,1644,514,14,261,666,70,16,5,28,904,130,8512,115,177,552,21,33,15,102,78,2,1,46,33,184,0,5,15,79,68
27,194,86,311,7,29,403,5,49,13,2,3,5,95,38,39,0,0,18,9,2,14,6,8,37,0,27,2,24,27,5,10,1,0,101,56,11,8,109,0,28,1,28,28,21,1,2,210,13,0,6940,9208,15672,509,432,4569,473,448,390,465,476,99,167,126,63575,7099,8264,67,330,939,93,770,7,235,531,597,41,116,9597,527,310,731,11225,859,2673,169,89,1669,745,775,220,3,332,180,164,369,7865,1361,1509,228
3,35,5,65,0,4,131,1,10,8,0,1,1,49,10,55,1,1,12,12,7,10,1,8,11,1,7,3,23,25,11,2,2,0,55,76,15,2,129,0,18,3,38,7,11,0,3,46,2,0,24,53,2470,20,21,206,257,262,274,246,221,70,147,118,7099,19425,5895,47,213,454,103,208,3,106,907,178,12,13,668,702,169,432,4557,2527,889,47,87,637,5258,244,195,1,91,30,99,105,119,198,2211,3349
27,144,64,303,8,24,566,13,130,54,3,11,9,168,68,218,9,7,208,42,29,59,4,81,37,4,24,14,73,85,120,9,7,7,242,551,70,6,546,3,122,8,297,26,7,4,6,235,10,17,109,369,9466,108,258,1945,494,649,807,1274,4339,1047,393,334,8264,5895,24094,331,2620,1089,624,1212,74,833,2709,127,60,29,1009,4406,157,598,1993,4701,823,51,595,3900,1243,488,616,4,135,95,116,356,250,1063,1699,751
0,1,0,0,0,0,2,6,37,1,0,5,1,0,0,3,4,0,16,1,2,4,0,9,1,2,2,0,0,0,2,1,0,0,2,13,0,2,2,0,1,0,5,10,1,0,0,1,0,0,0,0,2,0,0,5,561,3781,1422,418,202,348,3128,3927,67,47,331,4741,183,88,4795,496,17,20,1929,26,11,5,17,2275,66,853,43,70,118,11,78,22,28,21,3,1,13,45,141,1,3,13,35,27
1,5,2,17,0,1,100,51,454,77,12,32,21,20,8,84,27,19,455,57,64,24,3,155,64,7,52,1,17,12,73,8,19,4,61,501,56,17,216,4,40,14,121,37,33,4,13,12,4,8,4,9,50,1,1,31,105,378,554,6974,1236,747,225,123,330,213,2620,183,9194,1148,469,706,3618,3038,440,99,316,7,99,397,82,199,134,118,238,41,1992,1815,77,632,104,26,565,31,63,4,22,164,198,79
0,6,0,13,0,0,15,72,1076,8,2,14,70,5,6,14,4,0,81,312,14,10,3,35,306,2,82,0,0,3,8,6,45,3,7,65,16,34,22,0,3,0,14,49,44,3,10,3,1,0,17,8,74,3,0,24,3775,5576,516,5535,174,227,1333,630,939,454,1089,88,1148,21433,155,1072,51,2853,134,308,132,15,217,126,390,4525,258,182,3869,85,142,126,94,5276,8,3,264,114,291,3,65,62,117,52
0,0,2,4,0,0,16,7,66,4,2,2,0,6,1,7,3,2,51,4,5,5,3,2,4,8,5,0,1,3,5,3,1,6,6,40,5,2,17,2,4,2,9,23,5,2,6,2,0,0,2,8,26,8,0,40,98,381,317,701,9158,4795,7877,1644,93,103,624,4795,469,155,24535,2287,62,102,5012,243,47,78,150,1474,496,767,370,176,311,171,209,210,293,104,31,16,162,552,708,20,6,439,1070,3266
0,13,10,20,0,3,59,13,88,6,3,17,10,25,10,22,1,1,28,45,6,27,26,5,189,86,271,11,6,6,14,103,28,100,24,52,12,76,71,58,11,2,22,585,118,25,113,21,1,2,203,668,388,244,48,631,592,1699,1039,2154,3776,6029,6627,514,770,208,1212,496,706,1072,2287,40979,78,884,951,1513,1377,1632,5454,341,1089,2022,1130,230,1852,1933,181,561,251,1682,158,395,3521,13983,8264,117,58,3621,1062,354
0,1,0,3,1,1,11,19,359,12,7,5,9,1,1,7,5,4,50,23,12,10,3,23,52,14,124,1,1,3,7,14,15,15,5,46,11,21,19,5,4,1,8,99,31,3,14,2,0,1,0,2,6,1,9,16,15,17,16,6922,73,40,54,14,7,3,74,17,3618,51,62,78,8090,5977,32,63,1630,18,10,11,70,43,10,5,28,79,4477,2083,6,77,929,445,638,8,70,139,11,5,7,1
2,9,3,59,0,2,75,314,5233,26,17,108,357,45,17,56,4,4,193,2017,23,76,55,161,3782,33,1365,7,7,9,14,81,318,36,42,251,104,357,89,15,19,5,28,996,438,15,106,18,4,2,4,10,55,6,60,43,210,274,59,14555,130,102,1019,261,235,106,833,20,3038,2853,102,884,5977,17565,72,175,11427,37,62,35,233,1621,77,39,526,113,2117,1879,24,1246,1755,938,2050,55,286,647,64,22,58,34
0,3,1,13,0,0,49,9,53,10,3,3,2,7,1,40,6,7,148,10,10,7,1,27,5,0,12,0,7,8,20,3,5,2,26,174,15,2,73,0,17,5,34,15,9,1,2,2,1,3,4,28,47,8,4,76,138,187,131,184,2709,698,1912,666,531,907,2709,1929,440,134,5012,951,32,72,7115,303,18,34,286,5376,487,999,1274,2678,766,124,329,459,4177,96,65,8,103,153,528,35,15,522,2104,4151
0,3,0,9,0,0,17,15,87,9,7,25,11,19,3,7,2,0,13,50,6,111,148,13,298,528,1099,15,4,2,4,617,109,367,2,15,8,219,22,209,5,4,6,2391,351,122,525,10,4,1,9,14,17,8,6,16,78,141,68,109,292,28,125,70,597,178,127,26,99,308,243,1513,63,175,303,35396,1223,80,224,62,10176,1503,802,72,11293,8914,41,118,125,10261,91,106,16149,155,1550,76,56,131,443,254
1,5,0,16,0,3,27,59,1034,9,6,77,76,26,8,17,3,2,39,325,9,118,161,73,1898,304,2711,35,9,12,6,417,270,234,12,60,36,458,43,239,15,4,9,2840,661,74,404,15,4,6,4,5,8,1,59,12,16,14,6,2867,58,21,106,16,41,12,60,11,316,132,47,1377,1630,11427,18,1223,18254,1755,37,3,1347,726,29,8,649,755,866,617,8,494,1429,9059,11348,122,1101,791,53,11,17,15
1,0,0,1,0,1,7,0,5,0,0,1,0,1,1,0,0,0,3,0,0,14,0,2,6,18,35,810,2,1,0,17,0,601,3,3,12,1,21,958,7,0,1,190,1,72,146,9,1,0,78,134,31,69,29,69,9,21,8,26,96,31,59,5,116,13,29,5,7,15,78,1632,18,37,34,80,1755,31413,2997,6,272,19,245,7,49,8623,228,36,11,21,97,15112,694,15934,511,275,41,363,113,36
8,67,25,98,3,14,133,1,10,1,1,1,3,38,23,29,0,2,24,9,1,4,1,1,8,0,11,1,9,14,13,3,0,2,35,42,11,2,73,4,10,1,23,13,4,1,2,60,3,0,4678,4241,1456,1503,543,2190,74,84,89,85,799,47,96,28,9597,668,1009,17,99,217,150,5454,10,62,286,224,37,2997,147180,85,172,207,22522,216,680,407,101,719,332,160,197,98,128,2776,170,455,20125,19752,4042,622
0,2,0,7,0,0,14,4,36,11,1,5,1,3,1,18,0,1,43,7,13,6,0,19,2,1,4,1,3,4,5,1,3,0,20,48,4,5,23,0,6,2,23,4,1,1,2,1,1,1,4,6,15,5,1,15,258,699,313,169,289,280,1333,904,527,702,4406,2275,397,126,1474,341,11,35,5376,62,3,6,85,6447,135,814,273,2963,350,18,104,77,477,36,21,0,23,37,163,20,18,61,159,125
0,0,0,3,0,0,4,6,42,4,2,11,5,5,0,2,3,0,6,27,3,58,55,11,97,227,343,17,0,1,0,228,21,260,3,13,5,73,6,138,4,1,2,1039,111,64,288,3,0,1,6,7,12,5,2,12,105,184,96,163,388,33,319,130,310,169,157,66,82,390,496,1089,70,233,487,10176,1347,272,172,135,15265,1829,801,87,6589,4324,43,96,170,1868,76,207,7161,447,5531,68,21,120,536,381
0,2,0,7,0,0,7,44,414,3,0,15,26,6,6,8,3,3,42,167,2,13,11,15,336,8,199,1,2,5,2,27,42,8,13,31,10,71,10,2,3,0,8,276,131,4,34,0,0,0,5,11,24,2,1,21,4401,1482,701,810,356,143,7005,8512,731,432,598,853,199,4525,767,2022,43,1621,999,1503,726,19,207,814,1829,22452,890,388,23412,207,57,68,344,2913,9,7,1310,107,1684,5,40,87,444,400
4,29,10,49,1,0,102,3,23,3,0,1,6,28,10,25,3,0,22,17,1,4,0,7,13,6,25,1,6,11,8,5,3,1,31,54,6,8,65,1,7,1,31,14,11,0,3,32,4,0,699,1539,1667,604,115,1664,249,154,132,109,818,144,326,115,11225,4557,1993,43,134,258,370,1130,10,77,1274,802,29,245,22522,273,801,890,36929,729,2331,308,167,886,2173,181,157,19,165,386,417,157,1115,6633,18361,2050
2,26,2,51,1,2,117,2,18,11,0,0,3,36,11,66,0,0,30,10,3,16,0,7,8,0,4,2,17,20,23,0,2,1,49,164,33,7,150,2,30,2,94,4,1,2,1,41,3,3,12,20,318,7,4,87,240,176,143,109,660,106,167,177,859,2527,4701,70,118,182,176,230,5,39,2678,72,8,7,216,2963,87,388,729,6717,440,24,191,413,3702,60,179,2,22,23,75,217,35,194,656,1111
0,3,1,10,0,0,9,30,472,13,2,61,52,22,7,11,5,0,69,330,8,33,48,21,1105,42,796,2,5,11,12,111,191,19,9,52,11,249,21,16,5,5,12,845,405,15,138,4,0,1,41,39,65,8,4,55,602,1708,722,825,356,113,1213,552,2673,889,823,118,238,3869,311,1852,28,526,766,11293,649,49,680,350,6589,23412,2331,440,25978,1229,40,89,421,5863,11,8,3216,140,1817,12,205,218,869,619
0,0,0,1,0,2,3,3,19,3,2,5,6,4,3,2,2,0,3,11,3,106,54,7,39,205,194,292,8,2,0,292,12,2192,1,2,6,42,17,1195,10,1,4,1413,42,327,997,7,1,0,22,37,15,22,9,22,32,48,23,63,226,38,102,21,169,47,51,11,41,85,171,1933,79,113,124,8914,755,8623,407,18,4324,207,308,24,1229,28472,55,81,48,902,104,2339,9542,7900,2692,85,13,132,188,104
1,11,5,26,0,1,117,64,2554,38,15,19,37,14,5,53,11,12,210,62,37,36,2,276,64,2,26,5,7,16,34,4,15,4,53,354,177,15,253,13,30,8,110,38,18,2,9,19,1,5,7,16,35,10,60,84,98,207,153,8324,742,123,74,33,89,87,595,78,1992,142,209,181,4477,2117,329,41,866,228,101,104,43,57,167,191,40,55,3782,5324,183,44,6800,758,328,29,42,1056,20,189,283,156
35,378,129,651,11,56,1115,43,176,81,4,20,13,317,125,344,15,14,391,48,47,86,5,130,63,14,68,18,111,136,153,11,22,9,439,831,160,24,964,10,165,15,427,93,39,11,19,461,30,12,135,245,1302,537,3349,4073,20,27,28,647,2263,151,54,15,1669,637,3900,22,1815,126,210,561,2083,1879,459,118,617,36,719,77,96,68,886,413,89,81,5324,17349,341,220,9450,223,592,59,83,6529,283,907,1112,375
0,5,2,12,0,0,47,3,6,2,0,1,4,5,4,29,0,3,30,6,2,6,1,4,7,0,1,2,8,9,7,1,0,1,28,82,9,3,58,0,16,2,31,1,3,0,2,3,1,1,8,28,65,13,4,89,107,64,38,27,603,54,142,102,745,5258,1243,28,77,94,293,251,6,24,4177,125,8,11,332,477,170,344,2173,3702,421,48,183,341,15622,51,59,0,19,34,117,33,17,266,2429,9255
0,5,0,16,0,1,21,55,639,10,5,67,66,17,5,19,6,1,63,455,3,42,71,21,1310,49,1006,7,3,3,10,147,202,23,9,70,15,261,34,17,7,6,13,999,423,15,138,11,1,1,17,7,85,2,0,37,246,325,69,600,101,77,742,78,775,244,488,21,632,5276,104,1682,77,1246,96,10261,494,21,160,36,1868,2913,181,60,5863,902,44,220,51,13283,15,23,7758,109,1236,6,54,51,111,28
3,44,17,115,1,5,239,4,32,18,1,1,1,57,10,89,2,1,60,13,9,13,1,15,24,6,38,3,21,32,29,15,2,13,98,193,33,4,210,6,28,1,76,63,13,2,7,53,8,0,58,17,57,655,1489,1265,2,4,2,98,278,6,7,2,220,195,616,3,104,8,31,158,929,1755,65,91,1429,97,197,21,76,9,157,179,11,104,6800,9450,59,15,12950,1407,718,18,79,5567,121,138,169,81
1,0,2,3,0,1,4,2,15,5,2,6,1,2,2,2,0,0,2,19,1,142,25,3,29,113,150,867,12,3,0,192,9,3378,4,4,7,12,19,2627,12,3,3,1502,10,389,1064,12,1,1,8,10,3,2,86,7,2,8,2,68,28,9,13,1,3,1,4,1,26,3,16,395,445,938,8,106,9059,15112,98,0,207,7,19,2,8,2339,758,223,0,23,1407,25797,6761,1198,378,1480,72,21,9,8
0,7,3,16,1,0,18,48,573,28,13,72,59,33,10,7,5,2,29,374,16,320,351,40,1365,1115,2396,146,20,14,7,1323,253,2007,12,60,38,433,78,1155,20,10,23,5913,579,394,1629,50,2,4,8,6,42,4,59,34,44,57,38,378,218,74,366,46,332,91,135,13,565,264,162,3521,638,2050,103,16149,11348,694,128,23,7161,1310,165,22,3216,9542,328,592,19,7758,718,6761,37923,829,5196,660,69,57,129,55
0,2,2,3,1,0,2,1,10,0,0,3,1,2,0,3,0,0,2,5,0,9,2,0,7,11,23,64,1,1,0,27,0,215,2,4,0,9,4,127,2,0,0,80,8,29,73,1,1,0,67,178,51,91,6,121,55,119,50,137,599,231,589,33,180,30,95,45,31,114,552,13983,8,55,153,155,122,15934,2776,37,447,107,386,23,140,7900,29,59,34,109,18,1198,829,24841,3901,23,21,683,274,94
0,0,0,2,0,0,8,3,37,0,5,10,4,3,1,0,1,0,10,34,0,41,26,3,99,124,326,24,2,1,2,173,23,256,0,6,5,61,6,141,3,1,1,776,85,48,207,3,0,0,8,16,11,5,3,8,85,182,69,210,528,125,729,184,164,99,116,141,63,291,708,8264,70,286,528,1550,1101,511,170,163,5531,1684,417,75,1817,2692,42,83,117,1236,79,378,5196,3901,12704,77,21,112,349,246
25,117,60,180,3,25,209,0,5,6,1,4,0,45,23,21,0,1,6,4,0,9,4,1,5,3,18,3,12,11,2,6,3,13,54,17,12,3,58,12,8,0,8,38,6,0,8,122,8,0,284,337,257,1661,7795,2510,0,2,0,23,220,8,6,0,369,105,356,1,4,3,20,117,139,647,35,76,791,275,455,20,68,5,157,217,12,85,1056,6529,33,6,5567,1480,660,23,77,7796,917,144,163,87
5,45,16,59,1,13,92,0,1,1,0,1,0,14,7,4,0,0,0,0,0,3,0,0,2,0,3,2,1,3,0,0,1,0,20,4,4,3,13,0,2,0,1,5,1,0,1,37,3,0,14581,2715,913,1149,2963,1245,22,26,26,17,29,4,8,5,7865,119,250,3,22,65,6,58,11,64,15,56,53,41,20125,18,21,40,1115,35,205,13,20,283,17,54,121,72,69,21,21,917,35222,96,156,16
2,18,5,43,1,1,81,1,14,6,0,1,1,19,5,35,1,0,22,6,5,2,0,6,3,2,5,0,8,5,12,2,1,1,24,58,13,0,55,2,11,1,22,3,3,0,0,23,1,0,351,1244,778,555,64,1362,18,27,38,51,14685,168,118,15,1361,198,1063,13,164,62,439,3621,5,22,522,131,11,363,19752,61,120,87,6633,194,218,132,189,907,266,51,138,21,57,683,112,144,96,41192,10930,938
3,13,8,28,0,2,81,2,23,7,2,1,0,23,8,37,4,0,42,10,1,3,2,4,7,5,16,3,6,9,8,3,0,0,36,93,13,2,74,0,12,2,35,20,2,2,4,21,0,1,126,611,990,257,64,1389,76,52,53,76,10660,318,375,79,1509,2211,1699,35,198,117,1070,1062,7,58,2104,443,17,113,4042,159,536,444,18361,656,869,188,283,1112,2429,111,169,9,129,274,349,163,156,10930,27245,9397
0,7,1,9,0,0,28,0,8,0,1,1,0,9,1,21,0,0,16,2,0,3,1,3,1,0,4,0,7,9,3,2,0,2,21,42,5,2,36,4,7,0,10,9,3,0,1,2,3,0,11,23,137,12,13,163,48,23,28,37,3536,124,260,68,228,3349,751,27,79,52,3266,354,1,34,4151,254,15,36,622,125,381,400,2050,1111,619,104,156,375,9255,28,81,8,55,94,246,87,16,938,9397,8950
