23359,7083,9474,1065,12184,3833,218,0,1,63,0,0,0,19164,852,14,0,1,0,0,1,209,0,3,1,0,0,7,339,446,0,1,1,0,21,2,11,1,10,0,177,30,0,1,0,3,0,36,1103,0,1,100,2,7,3,3,0,0,0,0,2,0,0,0,3,1,3,0,0,0,0,0,0,0,0,0,0,0,3,0,0,0,0,3,0,0,0,12,0,0,1,0,0,0,0,13,0,0,3,0
7083,43608,6949,14838,799,401,1687,11,3,740,7,1,5,12459,5293,192,1,7,6,7,4,572,0,18,10,1,1,4,275,412,11,3,0,2,308,16,80,7,119,2,446,286,13,10,5,1,1,189,409,6,4,44,30,6,99,95,0,0,0,1,13,1,0,0,56,50,100,0,3,0,0,8,2,1,2,0,0,0,14,22,1,0,8,26,0,0,10,160,5,1,32,0,0,1,0,120,11,3,15,5
9474,6949,25937,2831,2763,7497,8713,2,3,309,3,2,1,4283,915,47,0,2,5,4,5,681,0,10,0,0,0,10,855,1223,8,2,0,0,112,10,44,0,72,1,745,310,10,1,2,4,3,124,688,14,154,1035,13,385,45,99,0,0,0,0,6,0,0,0,17,10,32,0,0,0,2,9,0,1,0,1,0,1,10,6,0,0,3,6,0,0,3,43,1,1,10,0,0,0,0,48,4,3,7,2
1065,14838,2831,49207,1285,783,9665,119,40,1703,74,9,52,6904,13385,12001,4,59,62,118,13,454,7,51,50,13,18,7,341,614,151,49,45,15,956,225,193,152,150,0,485,677,411,108,193,5,36,286,596,302,5,22,30,7,81,89,1,1,1,1,29,1,0,0,41,40,91,1,8,3,1,10,0,5,0,6,11,0,12,46,0,4,18,22,5,0,18,134,12,11,31,0,6,0,0,108,6,11,17,2
12184,799,2763,1285,13516,17829,155,1,1,71,2,0,0,6346,127,59,0,0,2,0,0,66,1,4,0,0,0,1,216,195,3,1,0,0,33,3,11,5,76,0,45,18,1,3,4,1,2,967,2877,1,0,36,3,3,7,6,0,0,0,0,2,0,0,0,4,0,1,0,1,1,0,2,0,0,1,0,0,0,2,1,0,0,0,1,0,0,0,6,1,0,2,0,0,0,0,2,0,0,1,0
3833,401,7497,783,17829,19530,15648,0,1,32,1,0,2,702,83,18,0,2,1,1,3,256,0,10,1,0,1,4,456,532,3,4,1,0,211,5,30,1,271,0,247,53,4,2,0,3,0,2859,2157,3,16,56,29,152,244,108,0,0,0,0,2,0,0,0,15,6,34,0,0,0,1,1,1,0,0,1,0,1,3,5,0,1,1,7,0,0,4,82,1,0,21,0,0,0,0,175,6,0,1,1
218,1687,8713,9665,155,15648,22809,25,32,716,99,5,4,478,174,3997,1,9,36,53,12,241,3,179,50,5,5,3,90,108,69,17,8,8,4872,330,680,53,8130,2,114,96,23,54,41,0,6,2690,69,9,12,51,64,20,260,1014,0,0,2,3,50,4,0,0,95,83,219,1,16,3,1,23,5,4,1,1,2,0,32,63,0,0,30,62,4,0,35,297,12,2,88,0,5,0,3,330,19,9,52,8
0,11,2,119,1,0,25,37586,5897,84,1518,508,7258,293,165,904,3311,6157,1525,8135,236,1376,209,65,79,43,63,6,21,41,736,98,606,43,32,59,1054,293,8,4,17,44,93,143,1383,52,95,0,9,54,1,0,0,1,0,0,141,104,53,324,66,19,34,89,4,10,13,136,71,323,40,27,57,203,9,22,286,0,0,39,10,167,1,4,80,11,443,10,1,42,2,2,42,0,10,0,0,0,10,17
1,3,3,40,1,1,32,5897,72125,328,1965,1211,1173,49,29,851,476,626,4273,6717,309,1861,418,18470,9519,72,5157,17,16,44,253,151,878,90,247,644,11785,229,133,52,26,53,41,818,187,122,259,6,5,32,0,0,3,0,1,0,396,238,114,1727,110,61,78,229,12,23,27,251,177,884,120,63,200,795,24,74,2074,1,3,106,37,425,10,8,174,20,1949,51,9,147,7,7,150,2,31,0,1,2,22,21
63,740,309,1703,71,32,716,84,328,49902,5164,4794,705,730,1031,1939,1415,507,272,174,10972,2949,522,541,71,77,51,24,189,200,1131,355,738,79,1363,1079,639,102,842,10,17989,22942,1636,214,164,170,418,158,53,9166,0,3,2,1,5,7,5,11,14,29,30,4,0,0,6,14,43,11,44,9,6,12,9,10,12,14,16,0,10,70,7,10,6,23,18,0,60,64,7,24,12,0,39,1,6,7,3,5,9,3
0,7,3,74,2,1,99,1518,1965,5164,6704,17043,2895,43,43,990,3983,548,803,608,2701,4397,3145,520,93,68,89,27,21,37,382,95,716,53,326,648,530,111,273,6,50,188,245,319,87,411,286,51,2,52,1,0,1,1,1,1,10,20,9,49,19,3,2,1,2,7,18,28,33,29,3,10,10,17,6,27,23,0,2,23,14,5,1,6,17,6,100,17,2,11,0,1,29,0,8,3,0,1,3,1
0,1,2,9,0,0,5,508,1211,4794,17043,24218,16197,72,29,98,11860,322,192,894,6266,2385,6637,453,502,137,344,39,31,82,95,186,5999,95,51,116,542,470,60,7,75,459,53,880,309,611,822,2,1,65,0,0,0,0,0,1,12,14,22,50,22,3,9,3,2,4,6,32,28,30,5,31,13,39,4,106,86,1,1,23,44,48,0,1,97,17,128,7,1,87,0,0,104,1,16,0,1,2,0,2
0,5,1,52,0,2,4,7258,1173,705,2895,16197,32604,773,574,125,6670,2785,163,3735,698,821,594,86,251,52,143,16,88,413,151,428,12355,81,15,39,685,175,22,4,111,537,139,219,1134,133,471,0,14,537,0,0,0,0,0,0,152,41,15,217,16,13,34,91,15,4,5,28,31,342,18,26,18,259,6,44,437,2,2,20,23,228,3,1,153,11,337,5,1,107,0,2,110,0,15,1,0,0,3,4
19164,12459,4283,6904,6346,702,478,293,49,730,43,72,773,91946,12447,1332,72,483,41,155,364,858,37,74,55,93,52,25,3679,44848,547,741,738,119,568,145,438,248,268,11,802,1348,937,197,980,28,303,78,17412,5561,2,77,33,5,22,56,0,3,2,6,58,4,5,1,59,91,124,3,20,7,5,35,10,24,3,35,27,1,30,68,9,26,25,49,68,1,42,179,33,37,68,3,46,0,4,34,5,9,42,14
852,5293,915,13385,127,83,174,165,29,1031,43,29,574,12447,13031,4965,36,515,31,93,399,402,11,18,26,25,28,2,361,1615,1079,200,370,39,79,57,56,118,33,2,452,1451,2761,57,343,5,108,11,84,13935,0,11,3,0,5,7,0,0,1,1,5,2,1,0,5,4,16,0,4,2,0,5,0,3,1,7,10,0,3,12,2,7,4,4,9,4,4,18,2,11,4,0,11,0,1,8,1,1,5,3
14,192,47,12001,59,18,3997,904,851,1939,990,98,125,1332,4965,38307,90,855,4787,1363,147,583,42,207,337,69,61,5,187,370,15361,154,159,40,3666,9470,600,706,404,2,327,500,3675,408,521,20,113,117,74,947,5,13,26,2,29,47,2,7,4,12,67,8,5,2,45,83,178,9,57,18,13,22,6,30,7,27,33,0,37,116,7,15,27,73,33,0,86,255,36,30,59,1,31,0,6,66,1,11,48,14
0,1,0,4,0,0,1,3311,476,1415,3983,11860,6670,72,36,90,9522,3791,413,101,4776,692,664,161,22,21,30,4,28,68,242,60,612,10,18,35,426,44,37,1,43,231,47,102,43,71,203,1,0,86,0,1,1,0,0,0,3,49,23,107,26,5,2,5,4,2,5,60,44,25,18,5,29,14,4,7,5,0,0,27,4,7,0,1,12,2,118,5,1,11,1,1,14,0,8,0,1,0,2,3
1,7,2,59,0,2,9,6157,626,507,548,322,2785,483,515,855,3791,4878,2291,270,2828,333,73,160,20,20,20,5,36,242,1957,151,432,32,26,80,344,97,53,1,76,475,946,57,416,31,146,0,8,602,0,1,2,1,0,0,16,23,39,75,32,8,5,6,2,6,12,47,51,24,16,8,29,26,17,10,18,0,3,57,10,10,0,3,21,2,75,20,5,15,4,1,16,0,7,2,0,3,3,8
0,6,5,62,2,1,36,1525,4273,272,803,192,163,41,31,4787,413,2291,7922,1272,251,539,50,1272,500,11,71,6,20,26,2156,24,72,8,263,2356,1241,138,153,3,16,33,43,187,68,14,26,5,0,19,0,1,3,2,1,0,16,36,36,94,52,12,6,3,4,6,34,44,116,35,20,6,35,23,14,7,42,1,3,109,4,17,4,5,20,1,126,51,7,27,12,0,14,0,1,0,1,4,10,11
0,7,4,118,0,1,53,8135,6717,174,608,894,3735,155,93,1363,101,270,1272,30436,77,1055,544,362,2580,110,430,7,22,51,413,286,3508,80,315,443,443,5957,158,15,23,50,56,2333,7381,156,388,6,4,32,1,0,2,0,0,2,264,42,16,218,29,13,110,127,23,34,11,29,37,868,21,88,28,927,8,114,1007,4,6,48,67,650,7,10,539,39,341,18,6,388,1,6,398,1,67,1,1,2,22,27
1,4,5,13,0,3,12,236,309,10972,2701,6266,698,364,399,147,4776,2828,251,77,21444,566,317,527,29,21,22,6,100,318,2586,121,374,24,151,334,781,29,289,2,236,2815,5914,74,47,54,165,6,6,6727,0,0,2,0,0,1,13,24,27,56,33,3,3,2,2,2,10,37,60,18,8,15,22,12,9,8,6,0,6,60,4,6,2,5,7,5,99,31,2,16,6,0,10,0,1,0,0,2,9,4
209,572,681,454,66,256,241,1376,1861,2949,4397,2385,821,858,402,583,692,333,539,1055,566,21069,3418,345,274,525,445,2933,4647,783,385,369,621,2107,358,289,454,594,472,464,16411,1084,279,2350,332,6804,2216,69,108,145,1,14,4,0,2,2,9,11,2,26,35,3,3,6,9,29,90,13,37,25,10,35,12,23,10,147,79,36,21,78,65,45,12,68,52,128,70,112,32,51,31,101,226,3,51,9,2,6,29,12
0,0,0,7,1,0,3,209,418,522,3145,6637,594,37,11,42,664,73,50,544,317,3418,12436,91,352,889,923,273,34,28,19,537,3475,437,22,24,80,950,17,55,17,110,9,3325,439,4492,6253,3,2,28,0,0,0,0,1,0,6,5,8,17,1,3,7,3,1,3,1,6,3,16,2,80,7,19,1,348,161,4,0,2,148,65,3,0,101,59,14,4,0,140,0,15,265,3,97,0,0,0,8,3
3,18,10,51,4,10,179,65,18470,541,520,453,86,74,18,207,161,160,1272,362,527,345,91,7237,3269,51,4104,70,85,109,152,95,116,115,2097,6783,8291,87,13427,361,101,82,90,1201,38,21,124,337,17,13,1,2,5,0,43,14,18,8,13,55,28,5,1,5,10,9,23,13,42,37,12,13,12,45,6,43,184,7,8,54,23,18,4,6,22,8,173,49,6,38,14,12,48,5,14,47,3,4,10,4
1,10,0,50,0,1,50,79,9519,71,93,502,251,55,26,337,22,20,500,2580,29,274,352,3269,5094,66,7450,4,11,29,37,213,1218,53,334,365,268,421,272,34,14,22,18,1972,182,55,232,23,1,10,0,0,2,0,2,0,22,6,1,36,10,3,43,12,15,17,5,4,16,120,2,87,12,773,0,211,738,0,5,16,80,267,8,3,413,21,62,8,2,512,3,3,553,1,60,10,3,1,10,9
0,1,0,13,0,0,5,43,72,77,68,137,52,93,25,69,21,20,11,110,21,525,889,51,66,17143,940,32,22,43,20,8147,439,3969,13,9,13,4254,15,41,12,45,5,8272,947,550,2472,6,1,11,0,0,0,0,0,0,4,5,2,7,8,4,9,5,3,3,1,4,1,13,18,264,14,21,2,1143,357,24,0,4,449,21,3,0,61,345,5,1,1,169,1,70,1140,13,277,0,0,2,5,3
0,1,0,18,0,1,5,63,5157,51,89,344,143,52,28,61,30,20,71,430,22,445,923,4104,7450,940,29092,1335,22,33,14,1757,996,1259,74,77,1113,968,1030,6298,8,27,5,16176,783,286,1597,271,3,14,0,0,0,1,21,1,8,4,1,17,13,3,16,4,11,14,3,2,6,18,3,219,22,253,2,1109,575,64,2,9,450,76,5,0,216,216,11,13,1,454,2,164,1248,10,268,19,1,1,6,2
7,4,10,7,1,4,3,6,17,24,27,39,16,25,2,5,4,5,6,7,6,2933,273,70,4,32,1335,47904,1082,121,6,56,60,5774,8,8,469,21,310,7530,76,24,0,330,27,17381,6827,46,4,3,0,2,0,0,2,2,0,0,0,0,3,0,0,1,0,0,0,0,0,1,1,5,6,13,0,16,62,965,1,1,10,0,0,0,3,167,13,0,0,2,8,1481,110,67,8,4,1,0,0,0
339,275,855,341,216,456,90,21,16,189,21,31,88,3679,361,187,28,36,20,22,100,4647,34,85,11,22,22,1082,69032,12000,179,150,127,135,198,124,236,39,221,73,24361,1195,159,75,84,777,138,46,5268,175,0,19,2,2,3,6,1,1,1,2,12,2,3,0,9,24,49,0,16,1,1,8,1,2,3,3,2,6,9,56,0,2,12,42,6,4,16,68,16,4,15,7,11,0,1,5,1,2,11,6
446,412,1223,614,195,532,108,41,44,200,37,82,413,44848,1615,370,68,242,26,51,318,783,28,109,29,43,33,121,12000,49905,341,380,463,48,258,171,321,84,260,6,10645,19042,354,96,249,47,200,23,1441,5605,0,24,0,1,4,11,1,0,0,3,24,2,2,0,12,34,58,2,15,3,3,9,2,4,8,8,15,2,8,50,5,7,5,34,10,0,32,65,16,7,23,0,16,0,2,9,0,6,17,3
0,11,8,151,3,3,69,736,253,1131,382,95,151,547,1079,15361,242,1957,2156,413,2586,385,19,152,37,20,14,6,179,341,17603,44,113,15,227,767,434,203,207,0,182,697,6519,75,303,10,28,6,4,1837,1,2,0,1,0,1,4,4,9,12,19,4,3,0,6,15,29,2,36,13,2,14,11,7,11,5,9,0,11,87,4,13,4,14,15,2,44,59,9,12,5,0,10,0,3,0,0,5,13,7
1,3,2,49,1,4,17,98,151,355,95,186,428,741,200,154,60,151,24,286,121,369,537,95,213,8147,1757,56,150,380,44,30725,8487,3139,39,25,46,3031,33,87,89,341,35,5860,4070,641,13998,4,43,156,0,0,1,0,0,0,0,8,1,11,10,4,19,6,13,5,2,2,7,12,15,336,16,41,4,1734,539,29,1,12,694,67,7,1,175,526,13,2,2,326,0,133,1594,13,444,3,0,1,7,5
1,0,0,45,0,1,8,606,878,738,716,5999,12355,738,370,159,612,432,72,3508,374,621,3475,116,1218,439,996,60,127,463,113,8487,20276,450,40,50,78,3018,38,27,161,595,61,2830,8227,633,8980,3,18,371,1,0,2,0,1,0,44,12,7,44,20,5,78,17,17,11,2,13,17,176,12,173,17,400,4,497,452,5,3,27,188,417,6,0,630,37,30,2,5,520,0,9,549,4,114,1,0,2,10,8
0,2,0,15,0,0,8,43,90,79,53,95,81,119,39,40,10,32,8,80,24,2107,437,115,53,3969,1259,5774,135,48,15,3139,450,17925,12,10,267,558,238,4164,30,37,14,5967,579,7136,13049,58,7,13,0,2,0,0,0,0,3,5,0,9,8,1,8,4,0,1,2,2,2,8,6,118,16,27,0,425,230,1011,4,2,272,14,0,0,29,2374,14,3,1,35,3,3756,1787,253,332,7,0,0,4,1
21,308,112,956,33,211,4872,32,247,1363,326,51,15,568,79,3666,18,26,263,315,151,358,22,2097,334,13,74,8,198,258,227,39,40,12,4783,9458,1746,152,9295,5,208,141,110,190,61,1,36,2847,63,34,9,52,81,10,198,207,5,3,9,11,145,11,1,3,138,218,351,3,38,14,4,55,12,22,21,15,22,0,69,166,5,5,54,143,12,2,115,517,70,18,180,0,16,1,3,277,11,27,93,33
2,16,10,225,3,5,330,59,644,1079,648,116,39,145,57,9470,35,80,2356,443,334,289,24,6783,365,9,77,8,124,171,767,25,50,10,9458,10394,2322,104,6862,10,161,166,144,172,39,4,21,33,5,62,1,1,4,1,4,8,5,7,9,16,54,10,2,5,9,46,105,8,71,8,7,27,8,5,16,5,19,0,35,158,2,7,9,80,12,1,113,145,35,5,37,0,10,0,6,10,0,8,28,11
11,80,44,193,11,30,680,1054,11785,639,530,542,685,438,56,600,426,344,1241,443,781,454,80,8291,268,13,1113,469,236,321,434,46,78,267,1746,2322,1405,60,8903,1069,228,103,223,605,70,59,70,847,28,38,4,13,11,3,44,35,32,61,10,107,58,9,8,20,28,43,79,42,41,36,19,21,17,26,8,8,17,27,28,60,4,17,5,50,11,10,383,165,27,8,37,51,22,2,6,88,1,9,26,14
1,7,0,152,5,1,53,293,229,102,111,470,175,248,118,706,44,97,138,5957,29,594,950,87,421,4254,968,21,39,84,203,3031,3018,558,152,104,60,14389,88,7,29,75,60,7228,5409,141,2127,7,5,38,0,0,5,0,1,1,12,8,1,24,23,6,24,11,14,10,6,10,6,28,4,268,24,212,4,861,482,5,3,10,331,181,5,2,485,75,17,7,4,529,2,13,716,4,255,2,0,1,12,7
10,119,72,150,76,271,8130,8,133,842,273,60,22,268,33,404,37,53,153,158,289,472,17,13427,272,15,1030,310,221,260,207,33,38,238,9295,6862,8903,88,41978,763,216,120,98,568,18,32,45,11040,147,19,7,21,29,47,215,101,2,5,3,8,135,7,1,0,62,100,250,2,46,6,3,48,9,4,14,11,18,20,76,192,5,3,37,107,3,12,208,330,42,10,255,46,15,0,2,183,10,38,82,21
0,2,1,0,0,0,2,4,52,10,6,7,4,11,2,2,1,1,3,15,2,464,55,361,34,41,6298,7530,73,6,0,87,27,4164,5,10,1069,7,763,12869,2,4,0,7152,27,1031,650,168,2,2,0,0,0,0,5,0,0,1,0,1,1,0,0,1,0,0,1,0,0,1,5,38,17,30,1,167,121,1361,4,0,87,5,0,0,1,942,36,2,0,9,23,3135,589,164,98,9,1,1,0,0
177,446,745,485,45,247,114,17,26,17989,50,75,111,802,452,327,43,76,16,23,236,16411,17,101,14,12,8,76,24361,10645,182,89,161,30,208,161,228,29,216,2,59167,11437,166,34,54,35,66,24,38,352,1,10,0,0,2,2,0,0,2,0,15,4,0,0,11,17,34,2,22,1,1,5,3,1,3,4,2,1,15,39,3,3,9,26,4,0,26,43,13,4,14,0,7,0,1,8,0,4,4,8
30,286,310,677,18,53,96,44,53,22942,188,459,537,1348,1451,500,231,475,33,50,2815,1084,110,82,22,45,27,24,1195,19042,697,341,595,37,141,166,103,75,120,4,11437,20686,1332,110,150,39,233,19,21,10435,0,3,0,0,2,1,1,1,1,6,10,2,0,1,0,7,10,1,13,2,2,8,0,3,0,9,3,0,3,17,5,3,3,13,8,0,10,29,3,3,9,0,16,0,3,2,2,3,5,3
0,13,10,411,1,4,23,93,41,1636,245,53,139,937,2761,3675,47,946,43,56,5914,279,9,90,18,5,5,0,159,354,6519,35,61,14,110,144,223,60,98,0,166,1332,13974,26,107,1,19,5,14,7005,0,0,0,1,1,2,1,2,2,1,13,0,0,0,3,4,14,0,11,0,0,5,2,3,3,7,2,0,6,18,0,0,0,5,3,0,11,14,7,3,7,0,3,0,1,2,0,1,3,0
1,10,1,108,3,2,54,143,818,214,319,880,219,197,57,408,102,57,187,2333,74,2350,3325,1201,1972,8272,16176,330,75,96,75,5860,2830,5967,190,172,605,7228,568,7152,34,110,26,42424,1446,1946,6906,151,12,61,1,0,7,0,12,3,14,14,0,27,18,7,41,11,25,19,7,4,18,45,24,644,48,264,8,2895,1278,216,0,22,1214,243,12,2,679,1468,23,15,2,876,6,797,3370,50,876,8,4,1,19,18
0,5,2,193,4,0,41,1383,187,164,87,309,1134,980,343,521,43,416,68,7381,47,332,439,38,182,947,783,27,84,249,303,4070,8227,579,61,39,70,5409,18,27,54,150,107,1446,14336,60,1306,1,45,128,1,0,2,0,1,1,19,20,11,34,22,5,71,17,22,13,2,14,22,103,10,340,25,463,7,988,567,5,5,25,377,485,13,0,831,82,28,11,6,887,2,11,823,6,282,1,3,0,18,8
3,1,4,5,1,3,0,52,122,170,411,611,133,28,5,20,71,31,14,156,54,6804,4492,21,55,550,286,17381,777,47,10,641,633,7136,1,4,59,141,32,1031,35,39,1,1946,60,17928,15190,5,0,13,0,0,0,0,0,0,0,1,5,7,1,3,0,1,2,1,0,3,4,4,4,32,1,14,1,227,55,94,0,1,98,4,0,0,18,370,8,0,0,15,1,332,358,15,110,0,0,0,0,0
0,1,3,36,2,0,6,95,259,418,286,822,471,303,108,113,203,146,26,388,165,2216,6253,124,232,2472,1597,6827,138,200,28,13998,8980,13049,36,21,70,2127,45,650,66,233,19,6906,1306,15190,33083,3,19,95,0,0,0,0,1,0,8,8,5,11,16,5,15,2,7,4,3,12,5,22,8,267,14,50,5,1267,401,189,2,13,618,60,3,2,113,1460,17,5,0,221,4,950,1783,71,467,0,0,0,11,8
36,189,124,286,967,2859,2690,0,6,158,51,2,0,78,11,117,1,0,5,6,6,69,3,337,23,6,271,46,46,23,6,4,3,58,2847,33,847,7,11040,168,24,19,5,151,1,5,3,8648,543,1,13,65,92,16,541,285,0,0,0,1,43,2,0,0,82,73,184,1,2,1,1,14,1,1,1,0,0,5,35,29,1,0,22,29,2,2,12,302,4,2,71,6,7,1,1,705,30,7,32,6
1103,409,688,596,2877,2157,69,9,5,53,2,1,14,17412,84,74,0,8,0,4,6,108,2,17,1,1,3,4,5268,1441,4,43,18,7,63,5,28,5,147,2,38,21,14,12,45,0,19,543,14707,5,0,11,1,0,4,3,2,0,0,0,3,1,0,0,3,6,12,0,1,0,0,2,0,2,0,3,2,0,5,12,1,2,1,5,0,0,4,15,3,0,7,0,3,0,0,2,0,1,6,0
0,6,14,302,1,3,9,54,32,9166,52,65,537,5561,13935,947,86,602,19,32,6727,145,28,13,10,11,14,3,175,5605,1837,156,371,13,34,62,38,38,19,2,352,10435,7005,61,128,13,95,1,5,19003,0,1,0,0,0,0,2,0,2,0,0,0,0,0,0,1,1,1,2,1,0,0,0,2,1,5,4,0,0,2,1,6,0,1,4,0,10,5,0,8,1,1,6,0,2,0,0,0,0,1
1,4,154,5,0,16,12,1,0,0,1,0,0,2,0,5,0,0,0,1,0,1,0,1,0,0,0,0,0,0,1,0,1,0,9,1,4,0,7,0,1,0,0,1,1,0,0,13,0,0,49343,12344,560,12633,10960,1429,0,6,2,13,138,0,0,0,18276,67,150,3,3,15,0,214,0,3,2,6,0,14,2166,32,3,7,721,1,13,2,16,56,7,20,62,0,4,7,2,133,12402,232,488,7
100,44,1035,22,36,56,51,0,0,3,0,0,0,77,11,13,1,1,1,0,0,14,0,2,0,0,0,2,19,24,2,0,0,2,52,1,13,0,21,0,10,3,0,0,0,0,0,65,11,1,12344,41089,12100,22762,2778,12069,0,1,0,0,808,3,0,0,6505,77,393,1,2,4,4,458,5,5,4,3,1,5,827,11,0,3,391,11,8,0,20,103,10,4,24,0,2,9,0,102,831,276,953,57
2,30,13,30,3,29,64,0,3,2,1,0,0,33,3,26,1,2,3,2,2,4,0,5,2,0,0,0,2,0,0,1,2,0,81,4,11,5,29,0,0,0,0,7,2,0,0,92,1,0,560,12100,40407,296,866,14598,1,10,21,33,1040,9,4,0,13540,7622,15765,3,53,59,18,234,11,31,14,17,9,7,489,340,7,6,487,248,37,2,44,469,66,77,81,1,24,1,5,90,397,187,1012,169
7,6,385,7,3,152,20,1,0,1,1,0,0,5,0,2,0,1,2,0,0,0,0,0,0,0,1,0,2,1,1,0,0,0,10,1,3,0,47,0,0,0,1,0,0,0,0,16,0,0,12633,22762,296,27886,22232,10649,0,1,2,1,245,1,0,0,442,51,67,1,2,1,1,200,1,1,1,1,0,5,326,6,0,1,211,3,1,0,17,270,12,0,2017,1,3,8,0,1134,543,157,426,29
3,99,45,81,7,244,260,0,1,5,1,0,0,22,5,29,0,0,1,0,0,2,1,43,2,0,21,2,3,4,0,0,1,0,198,4,44,1,215,5,2,2,1,12,1,0,1,541,4,0,10960,2778,866,22232,25421,13291,0,0,0,3,300,7,0,0,819,62,760,0,4,3,9,73,21,7,7,0,2,4,248,8,1,1,126,15,5,0,32,2846,6,3,3083,1,7,1,0,4365,3439,65,265,42
3,95,99,89,6,108,1014,0,0,7,1,1,0,56,7,47,0,0,0,2,1,2,0,14,0,0,1,2,6,11,1,0,0,0,207,8,35,1,101,0,2,1,2,3,1,0,0,285,3,0,1429,12069,14598,10649,13291,37336,0,2,8,12,1634,10,2,0,2830,322,2256,1,13,6,22,430,13,7,17,7,2,8,668,46,10,4,546,28,23,3,66,4539,41,25,3768,0,9,3,6,527,398,445,1712,437
0,0,0,1,0,0,0,141,396,5,10,12,152,0,0,2,3,16,16,264,13,9,6,18,22,4,8,0,1,1,4,0,44,3,5,5,32,12,2,0,0,1,1,14,19,0,8,0,2,2,0,0,1,0,0,0,5297,7289,1127,253,74,233,157,4083,49,129,43,1789,71,3492,106,349,28,122,33,242,380,13,10,1456,93,4196,40,4,1150,49,885,6,48,84,0,6,52,7,56,0,2,5,59,112
0,0,0,1,0,0,0,104,238,11,20,14,41,3,0,7,49,23,36,42,24,11,5,8,6,5,4,0,1,0,4,8,12,5,3,7,61,8,5,1,0,1,2,14,20,1,8,0,0,0,6,1,10,1,0,2,7289,18411,2604,3313,248,731,242,1518,128,140,116,3450,257,5190,233,993,95,105,24,133,68,25,17,1552,110,381,36,10,655,60,1224,12,18,215,2,12,85,29,151,1,13,5,57,33
0,0,0,1,0,0,2,53,114,14,9,22,15,2,1,4,23,39,36,16,27,2,8,13,1,2,1,0,1,0,9,1,7,0,9,9,10,1,3,0,2,1,2,0,11,5,5,0,0,2,2,0,21,2,0,8,1127,2604,2085,1669,166,344,104,282,160,202,907,935,1762,295,129,323,58,47,99,38,17,11,30,4572,27,93,32,11,70,18,474,43,22,35,1,2,25,17,48,0,13,8,55,20
0,1,0,1,0,0,3,324,1727,29,49,50,217,6,1,12,107,75,94,218,56,26,17,55,36,7,17,0,2,3,12,11,44,9,11,16,107,24,8,1,0,6,1,27,34,7,11,1,0,0,13,0,33,1,3,12,253,3313,1669,48409,882,1641,585,246,176,241,352,360,2398,5834,1042,1251,16280,12763,55,132,2168,48,33,1151,157,286,34,29,119,119,10131,275,22,359,41,27,522,36,186,12,11,8,51,33
2,13,6,29,2,2,50,66,110,30,19,22,16,58,5,67,26,32,52,29,33,35,1,28,10,8,13,3,12,24,19,10,20,8,145,54,58,23,135,1,15,10,13,18,22,1,16,43,3,0,138,808,1040,245,300,1634,74,248,166,882,54424,7411,2608,240,916,441,2769,667,908,233,10788,3492,502,140,1475,301,81,87,193,1524,284,434,136,278,305,167,1606,1284,511,175,565,18,170,164,490,178,46,28049,30381,18267
0,1,0,1,0,0,4,19,61,4,3,3,13,4,2,8,5,8,12,13,3,3,3,5,3,4,3,0,2,2,4,4,5,1,11,10,9,6,7,0,4,2,0,7,5,3,5,2,1,0,0,3,9,1,7,10,233,731,344,1641,7411,8518,8310,916,21,64,368,2167,554,494,7509,7643,167,203,260,54,120,46,11,749,72,524,27,25,88,60,372,159,63,89,46,7,146,116,313,4,3,16,166,179
0,0,0,0,0,0,0,34,78,0,2,9,34,5,1,5,2,5,6,110,3,3,7,1,43,9,16,0,3,2,3,19,78,8,1,2,8,24,1,0,0,0,0,41,71,0,15,0,0,0,0,0,4,0,0,2,157,242,104,585,2608,8310,16051,8714,22,72,24,4667,102,845,8234,9380,56,1011,236,147,534,105,5,683,297,7733,15,6,449,139,216,26,46,521,7,11,601,228,1153,0,3,7,140,184
0,0,0,0,0,0,0,89,229,0,1,3,91,1,0,2,5,6,3,127,2,6,3,5,12,5,4,1,0,0,0,6,17,4,3,5,20,11,0,1,0,1,0,11,17,1,2,0,0,0,0,0,0,0,0,0,4083,1518,282,246,240,916,8714,14063,13,38,12,9895,41,1615,5714,1276,23,266,81,142,242,12,5,632,219,13299,11,0,813,55,431,2,16,116,1,6,127,41,363,0,1,3,50,78
3,56,17,41,4,15,95,4,12,6,2,2,15,59,5,45,4,2,4,23,2,9,1,10,15,3,11,0,9,12,6,13,17,0,138,9,28,14,62,0,11,0,3,25,22,2,7,82,3,0,18276,6505,13540,442,819,2830,49,128,160,176,916,21,22,13,90239,18845,3166,39,122,301,26,430,18,105,45,286,79,27,8495,829,108,190,20434,239,740,34,167,570,509,454,112,3,152,17,33,92,9512,553,2721,774
1,50,10,40,0,6,83,10,23,14,7,4,4,91,4,83,2,6,6,34,2,29,3,9,17,3,14,0,24,34,15,5,11,1,218,46,43,10,100,0,17,7,4,19,13,1,4,73,6,1,67,77,7622,51,62,322,129,140,202,241,441,64,72,38,18845,35528,7771,67,271,313,103,284,44,141,374,371,84,12,601,3362,216,442,5933,1556,599,73,316,646,10149,439,115,2,120,6,99,78,220,146,4512,11334
3,100,32,91,1,34,219,13,27,43,18,6,5,124,16,178,5,12,34,11,10,90,1,23,5,1,3,0,49,58,29,2,2,2,351,105,79,6,250,1,34,10,14,7,2,0,3,184,12,1,150,393,15765,67,760,2256,43,116,907,352,2769,368,24,12,3166,7771,26621,86,4906,256,204,464,139,195,241,18,29,9,470,8851,28,54,685,6179,58,6,1158,3648,1046,110,340,0,58,2,25,474,180,246,1659,977
0,0,0,1,0,0,1,136,251,11,28,32,28,3,0,9,60,47,44,29,37,13,6,13,4,4,2,0,0,2,2,2,13,2,3,8,42,10,2,0,2,1,0,4,14,3,12,1,0,1,3,1,3,1,0,1,1789,3450,935,360,667,2167,4667,9895,39,67,86,6525,160,90,10137,1152,137,56,297,61,33,27,10,2989,171,560,18,5,60,49,682,18,42,33,5,5,58,59,231,0,1,7,74,131
0,3,0,8,1,0,16,71,177,44,33,28,31,20,4,57,44,51,116,37,60,37,3,42,16,1,6,0,16,15,36,7,17,2,38,71,41,6,46,0,22,13,11,18,22,4,5,2,1,2,3,2,53,2,4,13,71,257,1762,2398,908,554,102,41,122,271,4906,160,5522,967,288,495,4836,1249,119,50,235,8,61,1423,36,78,27,85,68,17,2377,2980,60,387,187,4,264,15,38,8,7,23,118,100
0,0,0,3,1,0,3,323,884,9,29,30,342,7,2,18,25,24,35,868,18,25,16,37,120,13,18,1,1,3,13,12,176,8,14,8,36,28,6,1,1,2,0,45,103,4,22,1,0,1,15,4,59,1,3,6,3492,5190,295,5834,233,494,845,1615,301,313,256,90,967,19241,185,1190,99,5554,19,439,2174,42,62,1296,372,3090,75,25,4611,183,961,118,39,3532,5,29,690,64,374,2,21,14,95,56
0,0,2,1,0,1,1,40,120,6,3,5,18,5,0,13,18,16,20,21,8,10,2,12,2,18,3,1,1,3,2,15,12,6,4,7,19,4,3,5,1,2,0,24,10,4,8,1,0,0,0,4,18,1,9,22,106,233,129,1042,10788,7509,8234,5714,26,103,204,10137,288,185,26602,3219,249,131,3048,312,122,119,24,1307,481,1429,65,29,152,227,795,145,195,107,77,22,215,189,855,9,0,90,1649,9354
0,8,9,10,2,1,23,27,63,12,10,31,26,35,5,22,5,8,6,88,15,35,80,13,87,264,219,5,8,9,14,336,173,118,55,27,21,268,48,38,5,8,5,644,340,32,267,14,2,0,214,458,234,200,73,430,349,993,323,1251,3492,7643,9380,1276,430,284,464,1152,495,1190,3219,41401,211,1031,389,1475,2228,2301,2265,974,2245,2542,247,76,820,2302,385,260,154,1198,101,454,3777,13718,10566,24,41,4403,2482,456
0,2,0,0,0,1,5,57,200,9,10,13,18,10,0,6,29,29,35,28,22,12,7,12,12,14,22,6,1,2,11,16,17,16,12,8,17,24,9,17,3,0,2,48,25,1,14,1,0,0,0,5,11,1,21,13,28,95,58,16280,502,167,56,23,18,44,139,137,4836,99,249,211,6497,8955,88,257,1765,88,24,223,188,54,15,9,50,150,11631,5633,10,129,6112,567,1024,12,71,270,21,25,72,58
0,1,1,5,0,0,4,203,795,10,17,39,259,24,3,30,14,26,23,927,12,23,19,45,773,21,253,13,2,4,7,41,400,27,22,5,26,212,4,30,1,3,3,264,463,14,50,1,2,2,3,5,31,1,7,7,122,105,47,12763,140,203,1011,266,105,141,195,56,1249,5554,131,1031,8955,22890,27,349,19046,202,21,186,458,1700,26,15,624,205,1671,367,17,938,230,1427,1983,63,395,49,7,3,56,57
0,2,0,0,1,0,1,9,24,12,6,4,6,3,1,7,4,17,14,8,9,10,1,6,0,2,2,0,3,8,11,4,4,0,21,16,8,4,14,1,3,0,3,8,7,1,5,1,0,1,2,4,14,1,7,17,33,24,99,55,1475,260,236,81,45,374,241,297,119,19,3048,389,88,27,10194,179,28,10,162,7612,167,318,109,357,98,60,447,140,6112,33,148,1,43,24,146,7,3,87,924,5716
0,0,1,6,0,1,1,22,74,14,27,106,44,35,7,27,7,10,7,114,8,147,348,43,211,1143,1109,16,3,8,5,1734,497,425,15,5,8,861,11,167,4,9,7,2895,988,227,1267,0,3,5,6,3,17,1,0,7,242,133,38,132,301,54,147,142,286,371,18,61,50,439,312,1475,257,349,179,37020,3346,99,54,392,9636,2622,203,4,10564,8547,69,61,142,9880,33,168,16548,104,1457,12,23,33,455,479
0,0,0,11,0,0,2,286,2074,16,23,86,437,27,10,33,5,18,42,1007,6,79,161,184,738,357,575,62,2,15,9,539,452,230,22,19,17,482,18,121,2,3,2,1278,567,55,401,0,2,4,0,1,9,0,2,2,380,68,17,2168,81,120,534,242,79,84,29,33,235,2174,122,2228,1765,19046,28,3346,19490,621,23,82,2774,1828,44,8,1677,1310,361,136,14,2054,256,8594,16043,126,1777,43,2,9,76,64
0,0,1,0,0,1,0,0,1,0,0,1,2,1,0,0,0,0,1,4,0,36,4,7,0,24,64,965,6,2,0,29,5,1011,0,0,27,5,20,1361,1,0,0,216,5,94,189,5,0,0,14,5,7,5,4,8,13,25,11,48,87,46,105,12,27,12,9,27,8,42,119,2301,88,202,10,99,621,30122,2116,22,102,44,77,1,44,12006,255,9,4,52,158,9313,642,20074,822,27,12,428,76,13
3,14,10,12,2,3,32,0,3,10,2,1,2,30,3,37,0,3,3,6,6,21,0,8,5,0,2,1,9,8,11,1,3,4,69,35,28,3,76,4,15,3,6,0,5,0,2,35,5,0,2166,827,489,326,248,668,10,17,30,33,193,11,5,5,8495,601,470,10,61,62,24,2265,24,21,162,54,23,2116,124611,192,22,31,21490,102,132,69,239,201,237,79,99,23,40,1574,68,102,12212,23733,3398,144
0,22,6,46,1,5,63,39,106,70,23,23,20,68,12,116,27,57,109,48,60,78,2,54,16,4,9,1,56,50,87,12,27,2,166,158,60,10,192,0,39,17,18,22,25,1,13,29,12,2,32,11,340,6,8,46,1456,1552,4572,1151,1524,749,683,632,829,3362,8851,2989,1423,1296,1307,974,223,186,7612,392,82,22,192,10994,389,987,236,2722,1221,98,1013,411,1920,390,173,5,118,25,290,75,48,124,716,1704
0,1,0,0,0,0,0,10,37,7,14,44,23,9,2,7,4,10,4,67,4,65,148,23,80,449,450,10,0,5,4,694,188,272,5,2,4,331,5,87,3,5,0,1214,377,98,618,1,1,1,3,0,7,0,1,10,93,110,27,157,284,72,297,219,108,216,28,171,36,372,481,2245,188,458,167,9636,2774,102,22,389,23105,2831,79,7,4883,4389,58,38,106,1652,32,225,6267,407,8667,2,2,16,282,371
0,0,0,4,0,1,0,167,425,10,5,48,228,26,7,15,7,10,17,650,6,45,65,18,267,21,76,0,2,7,13,67,417,14,5,7,17,181,3,5,3,3,0,243,485,4,60,0,2,6,7,3,6,1,1,4,4196,381,93,286,434,524,7733,13299,190,442,54,560,78,3090,1429,2542,54,1700,318,2622,1828,44,31,987,2831,28541,163,9,20446,280,300,36,229,2434,7,30,1729,48,1849,1,8,35,475,702
0,8,3,18,0,1,30,1,10,6,1,0,3,25,4,27,0,0,4,7,2,12,3,4,8,3,5,0,12,5,4,7,6,0,54,9,5,5,37,0,9,3,0,12,13,0,3,22,1,0,721,391,487,211,126,546,40,36,32,34,136,27,15,11,20434,5933,685,18,27,75,65,247,15,26,109,203,44,77,21490,236,79,163,37463,87,357,36,138,181,242,155,68,2,58,51,55,29,2340,5707,14197,1016
3,26,6,22,1,7,62,4,8,23,6,1,1,49,4,73,1,3,5,10,5,68,0,6,3,0,0,0,42,34,14,1,0,0,143,80,50,2,107,0,26,13,5,2,0,0,2,29,5,1,1,11,248,3,15,28,4,10,11,29,278,25,6,0,239,1556,6179,5,85,25,29,76,9,15,357,4,8,1,102,2722,7,9,87,4959,9,0,492,258,1404,22,104,0,7,2,2,67,18,48,226,537
0,0,0,5,0,0,4,80,174,18,17,97,153,68,9,33,12,21,20,539,7,52,101,22,413,61,216,3,6,10,15,175,630,29,12,12,11,485,3,1,4,8,3,679,831,18,113,2,0,4,13,8,37,1,5,23,1150,655,70,119,305,88,449,813,740,599,58,60,68,4611,152,820,50,624,98,10564,1677,44,132,1221,4883,20446,357,9,22225,577,148,31,110,3598,9,23,1418,53,813,6,54,36,439,373
0,0,0,0,0,0,0,11,20,0,6,17,11,1,4,0,2,2,1,39,5,128,59,8,21,345,216,167,4,0,2,526,37,2374,2,1,10,75,12,942,0,0,0,1468,82,370,1460,2,0,0,2,0,2,0,0,3,49,60,18,119,167,60,139,55,34,73,6,49,17,183,227,2302,150,205,60,8547,1310,12006,69,98,4389,280,36,0,577,26157,34,24,20,717,47,1779,6102,8841,2608,11,1,37,106,122
0,10,3,18,0,4,35,443,1949,60,100,128,337,42,4,86,118,75,126,341,99,70,14,173,62,5,11,13,16,32,44,13,30,14,115,113,383,17,208,36,26,10,11,23,28,8,17,12,4,10,16,20,44,17,32,66,885,1224,474,10131,1606,372,216,431,167,316,1158,682,2377,961,795,385,11631,1671,447,69,361,255,239,1013,58,300,138,492,148,34,2141,4708,319,182,5557,553,202,28,68,411,10,140,494,306
12,160,43,134,6,82,297,10,51,64,17,7,5,179,18,255,5,20,51,18,31,112,4,49,8,1,13,0,68,65,59,2,2,3,517,145,165,7,330,2,43,29,14,15,11,0,5,302,15,5,56,103,469,270,2846,4539,6,12,43,275,1284,159,26,2,570,646,3648,18,2980,118,145,260,5633,367,140,61,136,9,201,411,38,36,181,258,31,24,4708,32528,129,148,15803,5,210,4,25,7217,217,124,536,209
0,5,1,12,1,1,12,1,9,7,2,1,1,33,2,36,1,5,7,6,2,32,0,6,2,1,1,0,16,16,9,2,5,1,70,35,27,4,42,0,13,3,7,2,6,0,0,4,3,0,7,10,66,12,6,41,48,18,22,22,511,63,46,16,509,10149,1046,42,60,39,195,154,10,17,6112,142,14,4,237,1920,106,229,242,1404,110,20,319,129,24639,58,89,2,23,6,41,13,19,83,1047,15095
0,1,1,11,0,0,2,42,147,24,11,87,107,37,11,30,11,15,27,388,16,51,140,38,512,169,454,2,4,7,12,326,520,35,18,5,8,529,10,9,4,3,3,876,887,15,221,2,0,8,20,4,77,0,3,25,84,215,35,359,175,89,521,116,454,439,110,33,387,3532,107,1198,129,938,33,9880,2054,52,79,390,1652,2434,155,22,3598,717,182,148,58,14123,9,36,11980,42,857,9,40,23,196,106
1,32,10,31,2,21,88,2,7,12,0,0,0,68,4,59,1,4,12,1,6,31,0,14,3,1,2,8,15,23,5,0,0,3,180,37,37,2,255,23,14,9,7,6,2,1,4,71,7,1,62,24,81,2017,3083,3768,0,2,1,41,565,46,7,1,112,115,340,5,187,5,77,101,6112,230,148,33,256,158,99,173,32,7,68,104,9,47,5557,15803,89,9,22776,442,139,19,26,8657,159,59,221,146
0,0,0,0,0,0,0,2,7,0,1,0,2,3,0,1,1,1,0,6,0,101,15,12,3,70,164,1481,7,0,0,133,9,3756,0,0,51,13,46,3135,0,0,0,797,11,332,950,6,0,1,0,0,1,1,1,0,6,12,2,27,18,7,11,6,3,2,0,5,4,29,22,454,567,1427,1,168,8594,9313,23,5,225,30,2,0,23,1779,553,5,2,36,442,26165,5751,1026,452,71,2,9,10,4
0,0,0,6,0,0,5,42,150,39,29,104,110,46,11,31,14,16,14,398,10,226,265,48,553,1140,1248,110,11,16,10,1594,549,1787,16,10,22,716,15,589,7,16,3,3370,823,358,1783,7,3,6,4,2,24,3,7,9,52,85,25,522,170,146,601,127,152,120,58,58,264,690,215,3777,1024,1983,43,16548,16043,642,40,118,6267,1729,58,7,1418,6102,202,210,23,11980,139,5751,32118,475,3430,43,14,13,91,66
0,1,0,0,0,0,0,0,2,1,0,1,0,0,0,0,0,0,0,1,0,3,3,5,1,13,10,67,0,0,0,13,4,253,1,0,2,4,0,164,0,0,0,50,6,15,71,1,0,0,7,9,1,8,1,3,7,29,17,36,164,116,228,41,17,6,2,59,15,64,189,13718,12,63,24,104,126,20074,1574,25,407,48,51,2,53,8841,28,4,6,42,19,1026,475,26226,5558,3,7,513,75,25
0,0,0,0,0,0,3,10,31,6,8,16,15,4,1,6,8,7,1,67,1,51,97,14,60,277,268,8,1,2,3,444,114,332,3,6,6,255,2,98,1,3,1,876,282,110,467,1,0,2,2,0,5,0,0,6,56,151,48,186,490,313,1153,363,33,99,25,231,38,374,855,10566,71,395,146,1457,1777,822,68,290,8667,1849,55,2,813,2608,68,25,41,857,26,452,3430,5558,10464,8,3,35,165,219
13,120,48,108,2,175,330,0,0,7,3,0,1,34,8,66,0,2,0,1,0,9,0,47,10,0,19,4,5,9,0,3,1,7,277,10,88,2,183,9,8,2,2,8,1,0,0,705,2,0,133,102,90,1134,4365,527,0,1,0,12,178,4,0,0,92,78,474,0,8,2,9,24,270,49,7,12,43,27,102,75,2,1,29,67,6,11,411,7217,13,9,8657,71,43,3,8,7804,781,10,67,33
0,11,4,6,0,6,19,0,1,3,0,1,0,5,1,1,1,0,1,1,0,2,0,3,3,0,1,1,1,0,0,0,0,0,11,0,1,0,10,1,0,2,0,4,3,0,0,30,0,0,12402,831,397,543,3439,398,2,13,13,11,46,3,3,1,9512,220,180,1,7,21,0,41,21,7,3,23,2,12,12212,48,2,8,2340,18,54,1,10,217,19,40,159,2,14,7,3,781,35242,162,478,15
0,3,3,11,0,0,9,0,2,5,1,2,0,9,1,11,0,3,4,2,2,6,0,4,1,2,1,0,2,6,5,1,2,0,27,8,9,1,38,1,4,3,1,1,0,0,0,7,1,0,232,276,187,157,65,445,5,5,8,8,28049,16,7,3,553,146,246,7,23,14,90,4403,25,3,87,33,9,428,23733,124,16,35,5707,48,36,37,140,124,83,23,59,9,13,513,35,10,162,57340,9860,424
3,15,7,17,1,1,52,10,22,9,3,0,3,42,5,48,2,3,10,22,9,29,8,10,10,5,6,0,11,17,13,7,10,4,93,28,26,12,82,0,4,5,3,19,18,0,11,32,6,0,488,953,1012,426,265,1712,59,57,55,51,30381,166,140,50,2721,4512,1659,74,118,95,1649,2482,72,56,924,455,76,76,3398,716,282,475,14197,226,439,106,494,536,1047,196,221,10,91,75,165,67,478,9860,39656,14116
0,5,2,2,0,1,8,17,21,3,1,2,4,14,3,14,3,8,11,27,4,12,3,4,9,3,2,0,6,3,7,5,8,1,33,11,14,7,21,0,8,3,0,18,8,0,8,6,0,1,7,57,169,29,42,437,112,33,20,33,18267,179,184,78,774,11334,977,131,100,56,9354,456,58,57,5716,479,64,13,144,1704,371,702,1016,537,373,122,306,209,15095,106,146,4,66,25,219,33,15,424,14116,18762
