26119,4383,10227,3243,10604,1128,355,1,1,274,13,1,1,20615,1541,229,0,1,1,3,0,425,0,5,0,0,0,0,181,429,12,2,0,0,9,2,27,0,12,0,202,432,39,0,0,0,0,35,1424,32,1,0,2,41,0,20,0,0,0,0,2,0,0,0,3,2,4,0,5,0,0,0,1,0,0,0,0,0,0,3,0,0,0,1,0,0,4,10,1,0,6,0,0,0,0,7,0,0,3,1
4383,10407,6487,11955,357,253,429,0,0,256,21,0,2,5829,2953,203,0,0,0,0,0,246,0,2,0,3,0,0,69,260,5,0,0,0,13,2,15,0,8,0,85,337,51,0,0,0,0,38,119,49,0,0,1,3,0,20,0,0,0,1,2,0,0,0,6,0,3,0,0,0,1,0,6,0,0,0,0,0,0,1,0,0,1,3,0,0,8,6,0,0,8,0,0,0,0,9,0,0,0,0
10227,6487,25285,7550,3186,5769,5687,1,0,484,17,0,2,2302,790,77,1,0,1,2,0,620,1,4,0,1,0,2,143,437,1,0,0,0,31,2,17,1,57,0,193,772,12,1,0,0,1,44,227,79,34,427,0,4197,1,660,0,0,0,0,3,0,0,0,7,2,8,0,0,0,0,0,2,0,0,0,1,0,0,2,0,0,2,1,0,0,6,9,1,0,7,0,0,0,0,5,1,0,2,1
3243,11955,7550,44312,311,4592,24793,6,13,1068,220,2,5,3113,12451,7457,1,1,5,17,1,391,4,11,2,7,3,5,96,301,96,3,5,6,248,11,176,10,153,2,152,553,1425,5,15,0,3,191,137,124,9,13,17,145,3,395,0,0,2,0,28,1,0,0,36,7,60,2,6,0,0,2,15,0,0,0,0,0,4,20,0,0,7,7,0,0,69,118,4,0,56,0,0,0,0,59,3,0,10,2
10604,357,3186,311,18235,18582,240,0,0,70,6,0,0,12769,322,166,0,0,0,1,0,166,0,9,0,0,0,2,198,449,10,1,0,1,27,6,44,0,92,0,140,79,29,2,0,0,1,577,2849,7,0,0,1,113,0,18,0,0,2,0,3,1,0,0,6,2,6,0,3,1,1,1,0,0,1,0,0,0,0,6,0,0,1,0,0,0,12,12,0,0,7,0,0,0,0,12,1,0,2,1
1128,253,5769,4592,18582,14004,21733,2,3,187,11,0,0,1204,157,308,0,1,0,0,0,250,1,31,3,0,2,0,59,118,10,0,2,0,594,6,57,0,1064,0,73,238,11,0,1,1,1,2804,1103,25,49,11,2,1769,219,1266,0,0,0,0,0,0,0,0,4,3,6,1,1,0,0,1,1,0,0,0,0,0,0,0,0,0,1,1,0,0,5,7,1,0,9,0,0,0,0,17,1,0,0,0
355,429,5687,24793,240,21733,20430,1,5,177,32,0,1,249,154,5738,2,4,4,2,2,139,1,53,2,1,8,1,14,71,2,2,3,1,3849,22,212,4,2708,2,20,197,20,6,0,0,0,1859,30,19,6,6,7,878,41,2962,0,0,1,2,8,3,0,0,21,4,49,0,2,1,0,3,7,0,0,0,0,0,3,11,0,0,2,3,1,0,45,124,0,0,59,1,0,0,0,125,1,0,3,1
1,0,1,6,0,2,1,33344,7098,93,2884,680,6648,26,137,1512,2008,11704,991,7700,138,1791,657,490,100,94,122,9,6,24,693,161,597,19,4,39,2434,28,14,4,5,50,268,55,649,2,100,12,9,453,0,0,0,1,0,3,64,110,19,181,104,58,52,74,10,11,13,214,19,307,103,24,78,21,15,5,20,0,1,38,7,136,4,3,12,0,732,10,8,7,6,2,3,0,11,2,0,1,26,13
1,0,0,13,0,3,5,7098,45843,153,954,696,1851,5,16,687,449,366,4312,5048,230,990,565,14981,7384,288,6668,342,7,5,56,142,830,169,167,1468,7591,420,232,1661,6,12,41,1998,107,24,149,40,8,26,1,0,1,0,0,1,56,93,15,107,108,64,45,57,3,16,9,169,20,350,103,38,82,28,11,6,102,3,1,59,6,176,3,7,33,9,663,15,9,15,8,12,15,1,17,2,1,1,10,17
274,256,484,1068,70,187,177,93,153,45443,6610,1698,549,559,1891,2250,561,173,217,171,2811,3051,276,356,78,81,73,25,278,114,604,381,1488,23,567,406,1137,38,675,10,16279,30512,4552,53,175,5,294,302,81,15442,3,10,7,4,1,29,2,16,69,39,110,29,10,7,79,56,106,91,132,15,59,26,143,2,19,0,10,0,12,174,2,13,31,36,1,1,189,147,48,4,114,0,4,0,8,21,8,7,65,35
13,21,17,220,6,11,32,2884,954,6610,4082,11072,1787,93,221,1886,2030,420,905,274,2199,3382,1713,353,47,53,45,11,13,25,244,129,1145,13,274,420,863,34,453,7,13,66,380,75,17,11,323,119,16,101,3,1,4,0,1,13,3,49,50,44,135,32,10,15,27,30,41,133,74,26,90,14,98,5,21,2,4,0,7,115,5,21,11,15,2,1,173,51,16,1,36,0,0,0,4,8,4,1,54,25
1,0,0,2,0,0,0,680,696,1698,11072,21101,12745,1,7,132,12094,591,164,525,4829,771,5642,201,181,47,134,2,0,1,65,67,7493,3,12,51,421,35,13,1,1,42,113,44,28,4,386,0,1,68,0,0,0,0,0,0,7,31,13,48,58,22,15,15,4,4,5,79,6,15,31,4,30,4,9,0,10,0,0,21,1,9,0,0,1,0,198,3,2,0,3,1,2,0,2,1,0,1,7,6
1,2,2,5,0,0,1,6648,1851,549,1787,12745,18188,4,58,101,6975,4396,87,4032,637,576,650,187,208,41,120,16,2,22,428,314,6094,13,8,18,819,23,6,2,8,259,752,46,1201,3,134,0,5,1292,0,0,1,0,0,0,30,51,2,63,18,23,17,24,3,9,4,37,6,176,24,3,14,11,2,6,17,0,0,8,0,75,1,1,10,2,254,0,3,5,2,0,5,0,2,1,0,0,1,6
20615,5829,2302,3113,12769,1204,249,26,5,559,93,1,4,78051,20471,1654,0,12,2,50,4,1198,1,22,4,23,3,9,2646,33337,199,24,7,7,357,60,350,10,179,4,1433,1057,630,5,54,3,3,264,17292,3059,7,18,15,5,2,58,0,1,7,2,44,9,0,0,89,30,95,3,15,1,3,18,22,0,1,1,2,0,12,70,1,0,10,15,2,0,131,127,5,2,73,0,0,0,0,34,2,3,11,7
1541,2953,790,12451,322,157,154,137,16,1891,221,7,58,20471,29747,4145,1,65,3,178,16,370,18,28,24,127,18,18,342,2603,2145,128,42,73,332,72,303,84,228,17,298,1264,25712,33,290,3,44,181,495,12412,2,14,11,4,3,47,0,0,2,1,33,3,0,0,61,35,84,4,18,2,6,10,25,0,1,0,3,0,8,49,0,0,16,14,1,0,87,104,10,1,101,0,1,0,2,32,3,5,12,9
229,203,77,7457,166,308,5738,1512,687,2250,1886,132,101,1654,4145,35892,95,703,10532,1920,381,824,106,584,357,217,142,20,142,422,15414,139,199,81,6308,4971,2115,302,1586,35,162,752,12734,261,311,3,65,1652,173,453,24,56,69,46,14,170,4,10,47,18,177,24,5,8,211,116,319,60,173,16,56,42,154,6,15,2,7,1,28,267,2,17,65,54,5,1,441,589,51,4,353,0,8,1,5,243,22,7,83,60
0,0,1,1,0,0,2,2008,449,561,2030,12094,6975,0,1,95,5563,2512,135,37,9963,123,195,154,9,11,9,1,0,2,1270,15,345,1,8,37,372,6,11,2,1,20,334,6,7,0,36,0,0,46,0,0,0,0,0,0,6,34,21,44,40,29,15,24,2,4,5,87,14,4,50,6,32,2,5,0,3,0,0,21,1,6,4,0,0,1,161,6,4,0,2,0,2,0,3,1,0,0,5,1
1,0,0,1,0,1,4,11704,366,173,420,591,4396,12,65,703,2512,2301,1743,642,1751,123,80,179,14,18,19,3,1,15,2579,49,284,6,18,64,506,7,18,1,2,85,1654,11,203,1,24,1,1,479,1,0,2,0,0,4,11,54,36,73,132,60,24,24,9,22,8,206,48,7,134,17,94,6,23,1,4,0,4,65,4,22,5,1,1,1,208,18,9,0,10,0,4,0,7,2,3,3,22,19
1,0,1,5,0,0,4,991,4312,217,905,164,87,2,3,10532,135,1743,10151,701,274,389,73,1693,501,124,196,9,8,14,385,47,118,38,59,5054,974,225,91,12,14,34,112,247,51,0,26,5,2,35,0,1,3,0,0,4,1,23,63,47,106,14,10,16,15,23,30,102,77,12,63,8,141,1,10,1,6,0,4,93,4,8,15,4,1,0,162,49,21,1,35,2,1,0,1,5,1,5,47,26
3,0,2,17,1,0,2,7700,5048,171,274,525,4032,50,178,1920,37,642,701,16613,112,763,1478,172,3791,439,2227,31,3,43,847,611,4846,91,57,236,840,1814,42,24,5,75,350,1086,9123,6,226,13,5,307,0,1,2,0,0,0,79,9,4,71,10,9,13,32,9,20,3,13,7,663,12,57,12,140,1,10,194,0,2,22,6,380,2,5,109,3,180,5,0,48,3,2,30,2,24,0,1,0,4,2
0,0,0,1,0,0,2,138,230,2811,2199,4829,637,4,16,381,9963,1751,274,112,8983,85,144,380,48,17,40,3,3,1,2030,148,964,7,60,255,744,10,146,2,9,298,7576,20,128,3,97,10,0,2651,0,0,0,0,0,1,5,35,30,44,114,39,8,14,9,13,17,107,39,9,58,12,104,3,12,1,3,0,1,70,2,11,7,4,1,1,245,20,13,3,8,0,0,1,2,2,2,0,27,13
425,246,620,391,166,250,139,1791,990,3051,3382,771,576,1198,370,824,123,123,389,763,85,18104,4063,157,182,189,171,3289,6435,1045,121,218,312,360,218,154,494,63,239,291,14156,3163,161,220,50,2059,791,112,476,125,1,2,12,6,5,32,7,12,14,23,64,10,5,9,45,39,72,33,64,40,21,14,43,7,9,3,22,5,10,68,11,19,15,23,6,12,87,106,27,1,74,16,8,0,7,14,4,5,28,13
0,0,1,4,0,1,1,657,565,276,1713,5642,650,1,18,106,195,80,73,1478,144,4063,10274,217,911,2117,1541,811,0,1,37,2560,8798,770,20,45,92,718,36,320,1,25,41,1965,630,3471,13022,5,0,49,0,0,0,0,0,1,5,3,1,5,3,3,3,0,1,5,1,3,1,53,3,15,8,18,1,35,118,7,0,7,39,48,1,1,17,58,22,0,1,24,0,43,53,3,31,1,0,0,0,0
5,2,4,11,9,31,53,490,14981,356,353,201,187,22,28,584,154,179,1693,172,380,157,217,6641,1335,260,2583,208,26,35,233,102,154,143,1316,5502,9136,264,22142,1174,22,143,281,1961,47,16,128,724,12,86,0,4,1,1,12,14,2,4,10,9,19,10,8,1,11,12,19,34,16,16,16,10,27,3,1,2,25,1,0,24,2,13,6,1,1,1,88,43,2,4,22,2,7,1,4,83,1,3,6,4
0,0,0,2,0,3,2,100,7384,78,47,181,208,4,24,357,9,14,501,3791,48,182,911,1335,9311,224,9805,23,2,5,48,126,1452,50,95,461,1037,519,100,141,1,36,64,2311,279,4,193,10,2,86,0,0,2,0,0,0,13,2,1,13,1,0,6,5,1,10,2,4,1,160,5,34,8,67,1,14,309,0,0,5,10,98,1,4,33,1,41,3,1,53,0,0,49,0,33,1,1,0,1,1
0,3,1,7,0,0,1,94,288,81,53,47,41,23,127,217,11,18,124,439,17,189,2117,260,224,7985,2071,197,3,22,348,6214,376,3638,51,99,21,2728,59,488,1,30,218,7628,1723,69,2176,20,4,54,0,0,0,0,1,2,0,0,0,0,5,1,1,1,1,3,1,0,2,8,2,25,4,10,1,152,325,15,0,1,157,28,0,0,19,129,2,1,0,55,2,105,256,5,108,3,0,0,1,1
0,0,0,3,0,2,8,122,6668,73,45,134,120,3,18,142,9,19,196,2227,40,171,1541,2583,9805,2071,16858,1294,0,5,51,1110,1377,778,87,225,677,1280,295,7605,1,22,66,18131,1462,61,1012,55,2,78,0,0,0,0,0,1,0,1,0,3,3,0,1,1,2,3,2,0,1,15,1,9,3,15,1,34,187,7,0,5,27,26,1,1,11,29,7,1,2,28,0,44,52,3,28,3,0,0,1,0
0,0,2,5,2,0,1,9,342,25,11,2,16,9,18,20,1,3,9,31,3,3289,811,208,23,197,1294,43364,320,19,43,171,90,5983,10,3,124,26,144,14632,56,10,21,699,42,16780,6889,34,7,16,0,0,0,0,1,1,0,0,0,0,2,0,0,0,0,0,1,0,0,0,0,3,0,0,0,4,22,942,0,0,14,1,0,0,1,144,0,2,0,1,1,227,20,11,37,6,0,0,0,1
181,69,143,96,198,59,14,6,7,278,13,0,2,2646,342,142,0,1,8,3,3,6435,0,26,2,3,0,320,85282,10788,31,0,1,3,54,24,109,1,44,12,26382,636,36,2,7,76,11,33,6875,88,3,1,3,3,1,4,0,0,2,4,16,2,0,0,15,6,12,4,22,0,3,1,19,0,2,0,0,0,0,25,0,1,5,8,0,0,35,31,5,0,25,0,1,0,0,5,1,1,8,4
429,260,437,301,449,118,71,24,5,114,25,1,22,33337,2603,422,2,15,14,43,1,1045,1,35,5,22,5,19,10788,69537,179,40,18,4,206,54,277,7,125,4,16016,21404,204,1,82,6,6,72,5293,8177,1,14,7,2,1,27,0,0,6,1,30,1,0,0,46,21,51,3,22,1,5,10,18,1,1,0,2,0,5,32,0,2,15,15,0,0,64,87,15,1,54,0,0,0,0,11,3,0,12,11
12,5,1,96,10,10,2,693,56,604,244,65,428,199,2145,15414,1270,2579,385,847,2030,121,37,233,48,348,51,43,31,179,13892,289,142,169,167,434,836,237,308,30,35,260,30135,111,763,1,97,111,24,1134,3,4,12,0,0,25,3,10,47,28,94,14,4,2,61,44,70,37,88,6,41,16,125,3,8,1,6,0,9,113,0,9,20,20,2,0,162,91,25,1,96,1,0,0,2,8,6,1,49,34
2,0,0,3,1,0,2,161,142,381,129,67,314,24,128,139,15,49,47,611,148,218,2560,102,126,6214,1110,171,0,40,289,26479,5029,4233,20,29,17,768,23,155,6,138,261,1040,2410,70,14955,8,3,370,0,0,0,0,0,0,1,1,1,1,4,0,0,3,1,1,1,5,2,9,2,29,2,9,0,125,256,20,0,1,180,23,1,0,8,110,6,1,0,46,3,137,258,1,73,1,0,0,1,3
0,0,0,5,0,2,3,597,830,1488,1145,7493,6094,7,42,199,345,284,118,4846,964,312,8798,154,1452,376,1377,90,1,18,142,5029,18307,95,35,68,195,730,40,23,9,501,448,818,5128,25,4256,13,2,931,0,1,1,0,0,0,10,2,3,18,1,1,3,4,2,5,1,6,2,111,7,21,6,47,0,13,122,1,0,5,5,85,0,1,34,2,44,0,1,28,1,2,24,1,26,1,0,0,0,1
0,0,0,6,1,0,1,19,169,23,13,3,13,7,73,81,1,6,38,91,7,360,770,143,50,3638,778,5983,3,4,169,4233,95,21986,18,30,29,177,51,4971,4,21,76,4149,194,1166,12625,21,2,24,0,0,0,0,1,1,0,0,0,0,2,0,0,0,0,0,0,1,0,1,1,11,0,4,0,31,79,52,0,0,82,5,0,0,1,435,3,0,1,2,0,456,111,33,111,0,0,0,1,0
9,13,31,248,27,594,3849,4,167,567,274,12,8,357,332,6308,8,18,59,57,60,218,20,1316,95,51,87,10,54,206,167,20,35,18,11308,4879,1480,66,11783,19,71,210,268,129,31,0,15,8391,48,113,7,20,25,5,9,101,0,4,6,4,74,12,2,0,90,32,132,6,40,4,7,18,57,0,1,1,4,3,11,86,0,2,20,17,1,0,201,235,12,0,142,1,2,0,0,137,5,4,36,12
2,2,2,11,6,6,22,39,1468,406,420,51,18,60,72,4971,37,64,5054,236,255,154,45,5502,461,99,225,3,24,54,434,29,68,30,4879,16789,1748,215,4213,17,33,175,390,305,34,1,24,156,4,168,3,6,8,0,0,8,2,3,16,9,72,8,2,3,59,38,71,39,71,6,24,14,79,4,7,3,10,0,7,85,2,10,21,6,0,0,204,117,9,3,65,1,3,0,1,10,4,2,38,13
27,15,17,176,44,57,212,2434,7591,1137,863,421,819,350,303,2115,372,506,974,840,744,494,92,9136,1037,21,677,124,109,277,836,17,195,29,1480,1748,3765,14,5979,201,127,512,1480,115,30,8,33,2259,127,427,1,4,2,0,6,13,4,8,6,13,19,9,6,7,11,2,17,24,10,22,14,7,16,2,5,0,10,0,0,17,0,10,3,6,1,0,57,45,5,1,22,2,0,0,0,69,0,0,5,7
0,0,1,10,0,0,4,28,420,38,34,35,23,10,84,302,6,7,225,1814,10,63,718,264,519,2728,1280,26,1,7,237,768,730,177,66,215,14,8479,108,24,1,8,124,3498,5766,1,610,19,1,10,0,0,0,0,1,0,1,0,0,1,3,1,0,0,1,0,0,1,0,16,0,16,3,18,0,27,112,0,0,1,16,40,0,2,8,6,5,1,0,42,2,3,39,1,30,0,0,0,2,1
12,8,57,153,92,1064,2708,14,232,675,453,13,6,179,228,1586,11,18,91,42,146,239,36,22142,100,59,295,144,44,125,308,23,40,51,11783,4213,5979,108,22332,333,70,300,435,250,26,6,43,14310,63,222,2,12,17,29,16,58,1,1,15,3,55,7,1,1,65,26,84,13,51,5,14,16,53,1,5,1,5,2,14,83,0,2,22,18,0,5,157,133,17,0,132,2,2,0,0,200,1,0,20,13
0,0,0,2,0,0,2,4,1661,10,7,1,2,4,17,35,2,1,12,24,2,291,320,1174,141,488,7605,14632,12,4,30,155,23,4971,19,17,201,24,333,19842,2,2,11,9827,15,792,1060,115,1,7,0,0,0,0,4,2,0,1,0,0,0,0,0,0,0,0,2,0,0,1,2,2,0,1,0,35,83,189,0,0,83,2,0,0,1,569,0,4,0,2,2,942,107,62,73,16,0,0,0,1
202,85,193,152,140,73,20,5,6,16279,13,1,8,1433,298,162,1,2,14,5,9,14156,1,22,1,1,1,56,26382,16016,35,6,9,4,71,33,127,1,70,2,67148,12040,79,0,7,16,0,34,577,561,1,1,0,0,0,10,0,0,3,1,20,1,1,0,22,15,29,4,17,1,2,2,14,0,2,0,0,0,1,27,0,0,8,5,0,0,30,35,4,0,32,0,0,0,0,4,2,2,13,4
432,337,772,553,79,238,197,50,12,30512,66,42,259,1057,1264,752,20,85,34,75,298,3163,25,143,36,30,22,10,636,21404,260,138,501,21,210,175,512,8,300,2,12040,22285,1574,10,133,0,45,69,142,11219,1,3,5,7,3,18,1,0,15,3,47,10,1,1,41,37,67,23,65,3,14,9,50,1,6,2,4,0,7,70,0,6,20,17,1,0,68,93,23,2,60,1,1,0,1,19,3,7,21,19
39,51,12,1425,29,11,20,268,41,4552,380,113,752,630,25712,12734,334,1654,112,350,7576,161,41,281,64,218,66,21,36,204,30135,261,448,76,268,390,1480,124,435,11,79,1574,70905,81,470,1,52,110,42,10832,3,9,9,0,2,25,2,2,35,16,133,14,0,1,60,34,93,39,100,7,22,22,98,6,7,0,7,0,18,135,0,3,23,27,2,1,269,119,18,0,124,0,3,0,2,23,12,2,38,24
0,0,1,5,2,0,6,55,1998,53,75,44,46,5,33,261,6,11,247,1086,20,220,1965,1961,2311,7628,18131,699,2,1,111,1040,818,4149,129,305,115,3498,250,9827,0,10,81,22301,418,148,1957,77,1,18,0,0,0,0,1,2,0,0,0,2,1,3,0,0,6,1,2,2,1,21,6,29,2,18,0,156,551,39,0,5,195,54,2,0,23,282,8,4,2,49,1,297,281,17,142,7,0,0,2,4
0,0,0,15,0,1,0,649,107,175,17,28,1201,54,290,311,7,203,51,9123,128,50,630,47,279,1723,1462,42,7,82,763,2410,5128,194,31,34,30,5766,26,15,7,133,470,418,1896,4,341,9,6,598,0,0,0,0,1,0,4,1,1,2,2,3,4,1,3,1,4,4,3,67,1,41,3,70,1,24,239,1,0,4,17,85,0,0,42,3,7,1,1,62,1,0,59,0,42,1,2,0,0,4
0,0,0,0,0,1,0,2,24,5,11,4,3,3,3,3,0,1,0,6,3,2059,3471,16,4,69,61,16780,76,6,1,70,25,1166,0,1,8,1,6,792,16,0,1,148,4,13499,9031,1,4,0,0,0,0,0,0,0,0,0,0,0,0,0,0,0,0,0,0,0,0,1,0,0,0,0,0,0,2,2,0,0,2,0,0,0,0,14,0,0,0,0,0,18,3,1,2,0,0,0,0,0
0,0,1,3,1,1,0,100,149,294,323,386,134,3,44,65,36,24,26,226,97,791,13022,128,193,2176,1012,6889,11,6,97,14955,4256,12625,15,24,33,610,43,1060,0,45,52,1957,341,9031,36290,4,1,78,0,1,0,0,0,0,2,1,0,0,0,0,0,3,1,0,0,2,0,4,1,12,5,4,0,53,166,32,0,1,135,12,0,1,6,350,3,2,0,19,0,367,197,13,102,2,0,0,0,0
35,38,44,191,577,2804,1859,12,40,302,119,0,0,264,181,1652,0,1,5,13,10,112,5,724,10,20,55,34,33,72,111,8,13,21,8391,156,2259,19,14310,115,34,69,110,77,9,1,4,9137,430,41,16,26,26,5,52,101,0,2,2,1,34,1,0,1,47,11,69,5,5,1,1,4,15,3,0,0,1,0,3,16,0,2,2,4,0,0,123,329,0,0,165,1,0,0,0,675,2,1,11,2
1424,119,227,137,2849,1103,30,9,8,81,16,1,5,17292,495,173,0,1,2,5,0,476,0,12,2,4,2,7,6875,5293,24,3,2,2,48,4,127,1,63,1,577,142,42,1,6,4,1,430,19442,34,0,0,1,1,0,7,0,0,0,0,11,5,0,0,12,9,13,0,12,0,1,2,12,0,0,0,0,0,2,23,0,0,3,1,0,1,25,14,3,0,12,0,0,0,0,7,0,1,6,2
32,49,79,124,7,25,19,453,26,15442,101,68,1292,3059,12412,453,46,479,35,307,2651,125,49,86,86,54,78,16,88,8177,1134,370,931,24,113,168,427,10,222,7,561,11219,10832,18,598,0,78,41,34,18384,3,0,3,2,0,9,2,1,14,4,19,4,0,0,13,13,30,9,39,5,14,5,32,5,2,0,6,0,7,52,2,6,9,10,2,1,56,46,17,0,35,0,0,0,1,2,3,1,18,8
1,0,34,9,0,49,6,0,1,3,3,0,0,7,2,24,0,1,0,0,0,1,0,0,0,0,0,0,3,1,3,0,0,0,7,3,1,0,2,0,1,1,3,0,0,0,0,16,0,3,36194,16990,1911,12854,19477,620,0,0,1,1,91,5,2,1,27154,325,289,1,3,32,2,43,8,4,3,10,3,1,430,15,1,5,506,15,10,2,52,213,1,15,42,2,8,0,1,88,5060,21,117,32
0,0,427,13,0,11,6,0,0,10,1,0,0,18,14,56,0,0,1,1,0,2,0,4,0,0,0,0,1,14,4,0,1,0,20,6,4,0,12,0,1,3,9,0,0,0,1,26,0,0,16990,59293,8999,20634,777,5444,1,0,0,1,322,10,0,0,12491,96,157,1,3,20,2,123,21,3,0,6,5,2,105,12,2,2,127,8,4,1,70,364,5,20,65,1,5,3,0,248,186,24,239,40
2,1,0,17,1,2,7,0,1,7,4,0,1,15,11,69,0,2,3,2,0,12,0,1,2,0,0,0,3,7,12,0,1,0,25,8,2,0,17,0,0,5,9,0,0,0,0,26,1,3,1911,8999,37414,169,154,6914,11,3,5,14,479,22,2,1,15627,1796,2573,4,25,178,13,175,37,13,4,41,11,3,248,66,19,38,350,258,58,16,106,650,29,99,126,2,33,0,3,103,407,53,475,89
41,3,4197,145,113,1769,878,1,0,4,0,0,0,5,4,46,0,0,0,0,0,6,0,1,0,0,0,0,3,2,0,0,0,0,5,0,0,0,29,0,0,7,0,0,0,0,0,5,1,2,12854,20634,169,38244,15721,19458,0,0,0,0,53,3,0,0,742,17,23,0,3,4,0,21,0,0,0,2,0,0,9,1,1,0,10,2,1,0,10,193,0,0,514,0,2,0,0,214,26,3,26,3
0,0,1,3,0,219,41,0,0,1,1,0,0,2,3,14,0,0,0,0,0,5,0,12,0,1,0,1,1,1,0,0,0,1,9,0,6,1,16,4,0,3,2,1,1,0,0,52,0,0,19477,777,154,15721,19304,3583,0,0,1,0,18,2,0,0,738,19,106,0,0,3,1,3,34,6,1,1,3,1,9,7,1,1,19,1,2,0,31,682,0,1,779,1,1,0,1,3405,2976,1,6,5
20,20,660,395,18,1266,2962,3,1,29,13,0,0,58,47,170,0,4,4,0,1,32,1,14,0,2,1,1,4,27,25,0,0,1,101,8,13,0,58,2,10,18,25,2,0,0,0,101,7,9,620,5444,6914,19458,3583,33950,5,3,6,12,456,31,1,4,789,99,2137,4,35,75,18,92,111,10,4,26,10,4,56,52,12,27,119,66,16,12,196,9683,12,76,639,1,25,0,5,692,63,34,317,51
0,0,0,0,0,0,0,64,56,2,3,7,30,0,0,4,6,11,1,79,5,7,5,2,13,0,0,0,0,0,3,1,10,0,0,2,4,1,1,0,0,1,2,0,4,0,2,0,0,2,0,1,11,0,0,5,2108,5205,142,546,19,34,309,1735,40,217,58,2518,33,4429,48,87,250,87,20,47,189,6,8,503,54,2303,15,150,144,9,1248,9,16,24,5,5,19,0,57,1,1,0,22,14
0,0,0,0,0,0,0,110,93,16,49,31,51,1,0,10,34,54,23,9,35,12,3,4,2,0,1,0,0,0,10,1,2,0,4,3,8,0,1,1,0,0,2,0,1,0,1,2,0,1,0,0,3,0,0,3,5205,18298,4765,2678,109,700,384,1271,26,73,85,15991,159,11651,196,611,1047,32,16,16,32,3,4,696,42,399,5,76,89,17,2287,9,3,26,10,2,34,16,86,0,2,2,9,6
0,0,0,2,2,0,1,19,15,69,50,13,2,7,2,47,21,36,63,4,30,14,1,10,1,0,0,0,2,6,47,1,3,0,6,16,6,0,15,0,3,15,35,0,1,0,0,2,0,14,1,0,5,0,1,6,142,4765,3748,3341,148,251,63,67,17,29,1239,2024,2760,536,92,121,318,46,121,9,14,2,5,11650,14,77,7,14,30,4,407,35,6,28,43,0,34,1,21,1,2,2,35,23
0,1,0,0,0,0,2,181,107,39,44,48,63,2,1,18,44,73,47,71,44,23,5,9,13,0,3,0,4,1,28,1,18,0,4,9,13,1,3,0,1,3,16,2,2,0,0,1,0,4,1,1,14,0,0,12,546,2678,3341,31315,248,759,718,812,25,34,352,878,4726,3623,279,902,16147,4225,27,53,932,7,13,465,56,768,3,31,80,23,6634,53,10,88,22,4,206,13,160,4,3,2,22,17
2,2,3,28,3,0,8,104,108,110,135,58,18,44,33,177,40,132,106,10,114,64,3,19,1,5,3,2,16,30,94,4,1,2,74,72,19,3,55,0,20,47,133,1,2,0,0,34,11,19,91,322,479,53,18,456,19,109,148,248,36073,6431,2387,758,625,2568,1253,1164,625,133,5856,2881,824,62,434,140,104,65,239,986,307,626,252,544,62,155,1444,825,4316,88,808,31,142,44,504,190,206,27881,51077,12713
0,0,0,1,1,0,3,58,64,29,32,22,23,9,3,24,29,60,14,9,39,10,3,10,0,1,0,0,2,1,14,0,1,0,12,8,9,1,7,0,1,10,14,3,3,0,0,1,5,4,5,10,22,3,2,31,34,700,251,759,6431,9168,6690,1676,47,117,236,1906,410,187,8215,9100,532,63,324,33,51,15,10,479,56,1208,9,31,12,31,629,112,41,21,101,11,61,42,280,23,50,10,122,142
0,0,0,0,0,0,0,52,45,10,10,15,17,0,0,5,15,24,10,13,8,5,3,8,6,1,1,0,0,0,4,0,3,0,2,2,6,0,1,0,1,1,0,0,4,0,0,0,0,0,2,0,2,0,0,1,309,384,63,718,2387,6690,21028,13942,13,93,22,5313,79,447,5497,7392,309,74,179,27,93,15,8,381,72,10104,12,23,12,28,739,16,32,15,13,10,52,34,321,0,1,2,67,84
0,0,0,0,0,0,0,74,57,7,15,15,24,0,0,8,24,24,16,32,14,9,0,1,5,1,1,0,0,0,2,3,4,0,0,3,7,0,1,0,0,1,1,0,1,0,3,1,0,0,1,0,1,0,0,4,1735,1271,67,812,758,1676,13942,11981,17,118,29,10985,43,1267,2851,1450,299,57,105,22,74,4,6,316,68,9182,9,38,10,34,1138,11,21,12,9,8,35,14,319,1,2,2,44,62
3,6,7,36,6,4,21,10,3,79,27,4,3,89,61,211,2,9,15,9,9,45,1,11,1,1,2,0,15,46,61,1,2,0,90,59,11,1,65,0,22,41,60,6,3,0,1,47,12,13,27154,12491,15627,742,738,789,40,26,17,25,625,47,13,17,91999,19345,4549,39,105,605,40,499,85,42,14,155,63,24,5616,539,116,159,22501,810,206,67,867,540,135,353,622,9,75,3,35,129,20080,330,2407,1133
2,0,2,7,2,3,4,11,16,56,30,4,9,30,35,116,4,22,23,20,13,39,5,12,10,3,3,0,6,21,44,1,5,0,32,38,2,0,26,0,15,37,34,1,1,0,0,11,9,13,325,96,1796,17,19,99,217,73,29,34,2568,117,93,118,19345,62844,5679,210,121,1018,692,324,130,123,335,364,151,50,796,2651,464,932,5333,6939,540,179,728,217,12634,427,375,25,127,12,253,32,611,171,4274,11060
4,3,8,60,6,6,49,13,9,106,41,5,4,95,84,319,5,8,30,3,17,72,1,19,2,1,2,1,12,51,70,1,1,0,132,71,17,0,84,2,29,67,93,2,4,0,0,69,13,30,289,157,2573,23,106,2137,58,85,1239,352,1253,236,22,29,4549,5679,30376,196,9662,940,122,269,1272,125,70,134,81,8,239,10610,68,186,474,12164,173,39,796,16975,269,343,646,16,189,2,19,333,266,61,794,246
0,0,0,2,0,1,0,214,169,91,133,79,37,3,4,60,87,206,102,13,107,33,3,34,4,0,0,0,4,3,37,5,6,1,6,39,24,1,13,0,4,23,39,2,4,0,2,5,0,9,1,1,4,0,0,4,2518,15991,2024,878,1164,1906,5313,10985,39,210,196,10603,410,439,16932,832,1033,58,2269,90,49,17,8,5061,153,1166,12,134,146,54,2056,59,123,61,74,16,41,14,253,6,2,3,61,152
5,0,0,6,3,1,2,19,20,132,74,6,6,15,18,173,14,48,77,7,39,64,1,16,1,2,1,0,22,22,88,2,2,0,40,71,10,0,51,0,17,65,100,1,3,0,0,5,12,39,3,3,25,3,0,35,33,159,2760,4726,625,410,79,43,105,121,9662,410,14041,707,256,187,5008,221,71,39,70,4,26,3233,14,106,74,74,47,12,1083,4268,80,102,284,3,142,2,32,17,10,8,163,122
0,0,0,0,1,0,1,307,350,15,26,15,176,1,2,16,4,7,12,663,9,40,53,16,160,8,15,0,0,1,6,9,111,1,4,6,22,16,5,1,1,3,7,21,67,1,4,1,0,5,32,20,178,4,3,75,4429,11651,536,3623,133,187,447,1267,605,1018,940,439,707,19381,76,940,859,5266,90,397,3528,26,54,1936,307,6691,97,883,4120,97,3421,135,60,2454,17,20,2143,14,391,2,49,12,153,76
0,1,0,0,1,0,0,103,103,59,90,31,24,3,6,56,50,134,63,12,58,21,3,16,5,2,1,0,3,5,41,2,7,1,7,24,14,0,14,2,2,14,22,6,1,0,1,1,1,14,2,2,13,0,1,18,48,196,92,279,5856,8215,5497,2851,40,692,122,16932,256,76,16575,1744,873,94,9319,138,93,67,20,4714,387,1047,42,103,49,180,1403,123,4838,71,295,36,100,35,566,11,5,26,520,6953
0,0,0,2,1,1,3,24,38,26,14,4,3,18,10,42,6,17,8,57,12,14,15,10,34,25,9,3,1,10,16,29,21,11,18,14,7,16,16,2,2,9,22,29,41,0,12,4,2,5,43,123,175,21,3,92,87,611,121,902,2881,9100,7392,1450,499,324,269,832,187,940,1744,45884,259,1153,145,684,1492,1990,3626,374,1290,10943,675,104,237,625,403,132,117,374,121,286,1283,5365,12507,16,403,4326,2917,307
1,6,2,15,0,1,7,78,82,143,98,30,14,22,25,154,32,94,141,12,104,43,8,27,8,4,3,0,19,18,125,2,6,0,57,79,16,3,53,0,14,50,98,2,3,0,5,15,12,32,8,21,37,0,34,111,250,1047,318,16147,824,532,309,299,85,130,1272,1033,5008,859,873,259,12513,5251,158,213,581,16,31,497,80,259,58,35,54,79,10796,4692,89,355,2829,86,934,11,119,342,13,15,209,162
0,0,0,0,0,0,0,21,28,2,5,4,11,0,0,6,2,6,1,140,3,7,18,3,67,10,15,0,0,1,3,9,47,4,0,4,2,18,1,1,0,1,6,18,70,0,4,3,0,5,4,3,13,0,6,10,87,32,46,4225,62,63,74,57,42,123,125,58,221,5266,94,1153,5251,13990,26,178,11894,58,7,199,326,2478,12,53,477,127,1203,39,28,360,218,717,2294,25,1080,37,5,1,31,41
0,0,0,0,1,0,0,15,11,19,21,9,2,1,1,15,5,23,10,1,12,9,1,1,1,1,1,0,2,1,8,0,0,0,1,7,5,0,5,0,2,6,7,0,1,0,0,0,0,2,3,0,4,0,1,4,20,16,121,27,434,324,179,105,14,335,70,2269,71,90,9319,145,158,26,9320,46,22,11,7,12478,66,158,10,3536,40,26,357,33,3378,35,102,5,18,4,90,1,0,6,68,1617
0,0,0,0,0,0,0,5,6,0,2,0,6,1,0,2,0,1,1,10,1,3,35,2,14,152,34,4,0,0,1,125,13,31,1,3,0,27,1,35,0,2,0,156,24,0,53,0,0,0,10,6,41,2,1,26,47,16,9,53,140,33,27,22,155,364,134,90,39,397,138,684,213,178,46,8379,1825,105,21,268,9632,3415,58,145,3186,3340,50,25,72,4970,13,251,5540,85,828,7,14,7,139,89
0,0,1,0,0,0,0,20,102,10,4,10,17,2,3,7,3,4,6,194,3,22,118,25,309,325,187,22,0,2,6,256,122,79,4,10,10,112,5,83,0,4,7,551,239,2,166,1,0,6,3,5,11,0,3,10,189,32,14,932,104,51,93,74,63,151,81,49,70,3528,93,1492,581,11894,22,1825,13630,291,9,172,1645,2806,15,73,1132,862,197,37,23,1770,53,4812,11342,89,2387,10,5,3,65,52
0,0,0,0,0,0,0,0,3,0,0,0,0,0,0,1,0,0,0,0,0,5,7,1,0,15,7,942,0,0,0,20,1,52,3,0,0,0,2,189,0,0,0,39,1,2,32,0,0,0,1,2,3,0,1,4,6,3,2,7,65,15,15,4,24,50,8,17,4,26,67,1990,16,58,11,105,291,49932,1121,27,502,125,30,9,30,7485,25,3,12,48,17,13761,312,16913,2117,3,3,313,49,24
0,0,0,4,0,0,3,1,1,12,7,0,0,12,8,28,0,4,4,2,1,10,0,0,0,0,0,0,0,5,9,0,0,0,11,7,0,0,14,0,1,7,18,0,0,0,0,3,2,7,430,105,248,9,9,56,8,4,5,13,239,10,8,6,5616,796,239,8,26,54,20,3626,31,7,7,21,9,1121,131882,78,27,32,25492,75,29,41,181,53,45,28,103,32,11,743,48,10,10941,32430,4216,267
3,1,2,20,6,0,11,38,59,174,115,21,8,70,49,267,21,65,93,22,70,68,7,24,5,1,5,0,25,32,113,1,5,0,86,85,17,1,83,0,27,70,135,5,4,0,1,16,23,52,15,12,66,1,7,52,503,696,11650,465,986,479,381,316,539,2651,10610,5061,3233,1936,4714,374,497,199,12478,268,172,27,78,24433,315,1554,149,6384,527,105,1302,613,4289,402,401,20,191,6,328,33,48,29,383,648
0,0,0,0,0,0,0,7,6,2,5,1,0,1,0,2,1,4,4,6,2,11,39,2,10,157,27,14,0,0,0,180,5,82,0,2,0,16,0,83,0,0,0,195,17,2,135,0,0,2,1,2,19,1,1,12,54,42,14,56,307,56,72,68,116,464,68,153,14,307,387,1290,80,326,66,9632,1645,502,27,315,33695,4662,67,132,2672,17800,64,13,109,934,11,1130,3089,407,13676,2,16,12,211,260
0,0,0,0,0,0,0,136,176,13,21,9,75,0,0,17,6,22,8,380,11,19,48,13,98,28,26,1,1,2,9,23,85,5,2,10,10,40,2,2,0,6,3,54,85,0,12,2,0,6,5,2,38,0,1,27,2303,399,77,768,626,1208,10104,9182,159,932,186,1166,106,6691,1047,10943,259,2478,158,3415,2806,125,32,1554,4662,28250,64,377,8423,590,1181,36,163,1615,25,83,1215,52,9850,3,13,13,168,275
0,1,2,7,1,1,2,4,3,31,11,0,1,10,16,65,4,5,15,2,7,15,1,6,1,0,1,0,5,15,20,1,0,0,20,21,3,0,22,0,8,20,23,2,0,0,0,2,3,9,506,127,350,10,19,119,15,5,7,3,252,9,12,9,22501,5333,474,12,74,97,42,675,58,12,10,58,15,30,25492,149,67,64,60320,158,53,32,451,123,115,74,262,9,15,11,29,20,4669,11800,57457,2390
1,3,1,7,0,1,3,3,7,36,15,0,1,15,14,54,0,1,4,5,4,23,1,1,4,0,1,0,8,15,20,0,1,0,17,6,6,2,18,0,5,17,27,0,0,0,1,4,1,10,15,8,258,2,1,66,150,76,14,31,544,31,23,38,810,6939,12164,134,74,883,103,104,35,53,3536,145,73,9,75,6384,132,377,158,16201,272,47,332,70,1738,273,147,13,57,1,55,9,46,19,401,387
0,0,0,0,0,0,1,12,33,1,2,1,10,2,1,5,0,1,1,109,1,6,17,1,33,19,11,1,0,0,2,8,34,1,1,0,1,8,0,1,0,1,2,23,42,0,6,0,0,2,10,4,58,1,2,16,144,89,30,80,62,12,12,10,206,540,173,146,47,4120,49,237,54,477,40,3186,1132,30,29,527,2672,8423,53,272,2835,314,139,20,41,3834,4,26,203,11,313,5,16,7,83,56
0,0,0,0,0,0,0,0,9,1,1,0,2,0,0,1,1,1,0,3,1,12,58,1,1,129,29,144,0,0,0,110,2,435,0,0,0,6,5,569,0,0,1,282,3,14,350,0,1,1,2,1,16,0,0,12,9,17,4,23,155,31,28,34,67,179,39,54,12,97,180,625,79,127,26,3340,862,7485,41,105,17800,590,32,47,314,35257,20,7,36,396,8,5072,4028,7159,7379,2,8,11,93,98
4,8,6,69,12,5,45,732,663,189,173,198,254,131,87,441,161,208,162,180,245,87,22,88,41,2,7,0,35,64,162,6,44,3,201,204,57,5,157,0,30,68,269,8,7,0,3,123,25,56,52,70,106,10,31,196,1248,2287,407,6634,1444,629,739,1138,867,728,796,2056,1083,3421,1403,403,10796,1203,357,50,197,25,181,1302,64,1181,451,332,139,20,2525,1993,862,56,6424,95,66,7,96,339,123,71,697,653
10,6,9,118,12,7,124,10,15,147,51,3,0,127,104,589,6,18,49,5,20,106,0,43,3,1,1,2,31,87,91,1,0,0,235,117,45,1,133,4,35,93,119,4,1,0,2,329,14,46,213,364,650,193,682,9683,9,9,35,53,825,112,16,11,540,217,16975,59,4268,135,123,132,4692,39,33,25,37,3,53,613,13,36,123,70,20,7,1993,19640,149,89,14461,9,56,0,8,5291,61,27,317,148
1,0,1,4,0,1,0,8,9,48,16,2,3,5,10,51,4,9,21,0,13,27,1,2,1,0,2,0,5,15,25,0,1,1,12,9,5,0,17,0,4,23,18,2,1,0,0,0,3,17,1,5,29,0,0,12,16,3,6,10,4316,41,32,21,135,12634,269,123,80,60,4838,117,89,28,3378,72,23,12,45,4289,109,163,115,1738,41,36,862,149,33250,59,508,14,24,7,73,12,12,54,2579,17812
0,0,0,0,0,0,0,7,15,4,1,0,5,2,1,4,0,0,1,48,3,1,24,4,53,55,28,1,0,1,1,46,28,2,0,3,1,42,0,2,0,2,0,49,62,0,19,0,0,0,15,20,99,0,1,76,24,26,28,88,88,21,15,12,353,427,343,61,102,2454,71,374,355,360,35,4970,1770,48,28,402,934,1615,74,273,3834,396,56,89,59,5961,17,98,6501,16,558,4,25,6,99,67
6,8,7,56,7,9,59,6,8,114,36,3,2,73,101,353,2,10,35,3,8,74,0,22,0,2,0,1,25,54,96,3,1,0,142,65,22,2,132,2,32,60,124,1,1,0,0,165,12,35,42,65,126,514,779,639,5,10,43,22,808,101,13,9,622,375,646,74,284,17,295,121,2829,218,102,13,53,17,103,401,11,25,262,147,4,8,6424,14461,508,17,24759,66,27,1,10,14565,76,34,437,355
0,0,0,0,0,0,1,2,12,0,0,1,0,0,0,0,0,0,2,2,0,16,43,2,0,105,44,227,0,0,1,137,2,456,1,1,2,3,2,942,0,1,0,297,0,18,367,1,0,0,2,1,2,0,1,1,5,2,0,4,31,11,10,8,9,25,16,16,3,20,36,286,86,717,5,251,4812,13761,32,20,1130,83,9,13,26,5072,95,9,14,98,66,35768,4834,1016,1525,18,0,19,21,22
0,0,0,0,0,0,0,3,15,4,0,2,5,0,1,8,2,4,1,30,0,8,53,7,49,256,52,20,1,0,0,258,24,111,2,3,0,39,2,107,0,1,3,281,59,3,197,0,0,0,8,5,33,2,1,25,19,34,34,206,142,61,52,35,75,127,189,41,142,2143,100,1283,934,2294,18,5540,11342,312,11,191,3089,1215,15,57,203,4028,66,56,24,6501,27,4834,18172,260,2294,5,8,2,50,43
0,0,0,0,0,0,0,0,1,0,0,0,0,0,0,1,0,0,0,2,1,0,3,1,0,5,3,11,0,0,0,1,1,33,0,0,0,1,0,62,0,0,0,17,0,1,13,0,0,0,0,3,0,0,0,0,0,16,1,13,44,42,34,14,3,12,2,14,2,14,35,5365,11,25,4,85,89,16913,743,6,407,52,11,1,11,7159,7,0,7,16,1,1016,260,15485,9678,0,1,189,13,8
0,0,0,0,0,0,0,11,17,8,4,2,2,0,2,5,3,7,1,24,2,7,31,4,33,108,28,37,0,0,2,73,26,111,0,1,0,30,0,73,0,1,2,142,42,2,102,0,0,1,1,0,3,0,1,5,57,86,21,160,504,280,321,319,35,253,19,253,32,391,566,12507,119,1080,90,828,2387,2117,48,328,13676,9850,29,55,313,7379,96,8,73,558,10,1525,2294,9678,27314,3,4,11,109,173
7,9,5,59,12,17,125,2,2,21,8,1,1,34,32,243,1,2,5,0,2,14,1,83,1,3,3,6,5,11,8,1,1,0,137,10,69,0,200,16,4,19,23,7,1,0,2,675,7,2,88,248,103,214,3405,692,1,0,1,4,190,23,0,1,129,32,333,6,17,2,11,16,342,37,1,7,10,3,10,33,2,3,20,9,5,2,339,5291,12,4,14565,18,5,0,3,8054,85,4,49,15
0,0,1,3,1,1,1,0,1,8,4,0,0,2,3,22,0,3,1,1,2,4,0,1,1,0,0,0,1,3,6,0,0,0,5,4,0,0,1,0,2,3,12,0,2,0,0,2,0,3,5060,186,407,26,2976,63,1,2,2,3,206,50,1,2,20080,611,266,2,10,49,5,403,13,5,0,14,5,3,10941,48,16,13,4669,46,16,8,123,61,12,25,76,0,8,1,4,85,50256,733,894,53
0,0,0,0,0,0,0,1,1,7,1,1,0,3,5,7,0,3,5,0,0,5,0,3,0,0,0,0,1,0,1,0,0,0,4,2,0,0,0,0,2,7,2,0,0,0,0,1,1,1,21,24,53,3,1,34,0,2,2,2,27881,10,2,2,330,171,61,3,8,12,26,4326,15,1,6,7,3,313,32430,29,12,13,11800,19,7,11,71,27,54,6,34,19,2,189,11,4,733,49579,4488,149
3,0,2,10,2,0,3,26,10,65,54,7,1,11,12,83,5,22,47,4,27,28,0,6,1,1,1,0,8,12,49,1,0,1,36,38,5,2,20,0,13,21,38,2,0,0,0,11,6,18,117,239,475,26,6,317,22,9,35,22,51077,122,67,44,2407,4274,794,61,163,153,520,2917,209,31,68,139,65,49,4216,383,211,168,57457,401,83,93,697,317,2579,99,437,21,50,13,109,49,894,4488,24626,8801
1,0,1,2,1,0,1,13,17,35,25,6,6,7,9,60,1,19,26,2,13,13,0,4,1,1,0,1,4,11,34,3,1,0,12,13,7,1,13,1,4,19,24,4,4,0,0,2,2,8,32,40,89,3,5,51,14,6,23,17,12713,142,84,62,1133,11060,246,152,122,76,6953,307,162,41,1617,89,52,24,267,648,260,275,2390,387,56,98,653,148,17812,67,355,22,43,8,173,15,53,149,8801,16706
