12097,8983,9497,1346,10689,1041,817,17,12,84,4,9,7,6170,241,74,0,1,22,27,12,251,14,1,9,15,5,96,658,1291,18,19,13,38,82,32,20,7,79,9,361,47,90,43,33,134,102,79,1842,7,4,4,8,14,13,18,0,0,0,1,9,0,0,0,14,5,1,1,1,0,0,1,0,1,4,3,2,0,13,1,0,0,15,6,1,2,3,45,6,0,12,4,1,0,0,11,6,4,11,4
8983,36429,12222,20042,3172,387,2655,27,23,330,17,19,13,5858,2980,285,1,2,38,53,22,633,40,4,13,22,8,103,668,2020,24,38,25,51,343,68,32,12,189,9,1148,159,233,55,39,166,130,370,808,101,18,28,27,38,74,116,0,0,0,4,29,0,0,0,80,11,44,0,7,0,5,7,5,2,2,2,1,0,29,0,0,0,32,9,0,4,1,120,10,2,39,2,1,0,1,73,26,7,13,9
9497,12222,26000,6806,12710,3100,11542,14,11,238,5,9,6,839,184,54,0,1,10,12,14,615,38,1,12,13,7,97,684,1504,11,32,11,49,212,28,16,3,117,18,1005,138,62,59,25,222,156,509,1059,33,17,51,41,376,97,177,0,0,0,0,10,0,0,0,66,15,36,0,3,0,0,2,0,0,1,0,1,0,23,0,2,0,26,10,1,2,3,134,7,0,40,3,4,0,1,98,34,6,15,9
1346,20042,6806,36830,725,611,10178,220,159,1098,60,71,74,7505,14545,5391,20,11,307,339,134,914,55,51,106,66,38,73,564,2938,614,128,121,44,1990,757,155,64,1037,13,1469,444,2541,68,242,119,152,912,540,842,36,44,62,44,91,139,2,2,0,13,94,0,1,2,129,40,84,1,22,6,7,12,5,14,14,2,10,1,85,1,4,3,106,13,4,3,19,255,46,2,99,0,3,2,1,125,45,28,47,29
10689,3172,12710,725,19329,15931,2415,7,1,40,3,1,3,2546,76,38,2,1,4,7,3,70,8,2,3,4,3,41,413,520,4,9,4,13,113,14,8,2,219,5,131,12,47,19,7,68,30,489,5604,6,2,7,7,28,10,22,0,0,0,0,8,0,0,0,9,4,7,0,4,0,0,1,0,0,1,0,0,2,5,0,1,0,3,4,0,1,0,13,2,0,7,1,0,0,1,12,3,3,3,3
1041,387,3100,611,15931,18475,20000,2,5,93,6,4,6,215,68,92,1,0,4,2,25,57,9,2,39,2,37,32,259,180,19,8,9,18,889,40,102,4,1675,34,99,30,85,85,3,22,38,3793,2582,19,6,18,15,83,103,131,0,0,0,2,8,0,0,0,18,11,16,0,1,1,1,0,0,2,0,0,2,0,5,0,1,0,11,3,0,0,3,37,3,1,18,2,1,0,0,29,12,3,4,1
817,2655,11542,10178,2415,20000,27864,48,41,632,29,20,14,939,786,2238,4,3,74,71,67,412,15,16,35,18,21,31,290,681,116,47,44,12,2489,284,78,17,2395,4,546,179,283,33,59,41,66,3560,901,102,49,80,87,290,188,569,0,2,0,3,54,0,0,0,127,44,77,1,11,0,9,9,1,2,10,0,4,2,70,0,0,1,77,20,1,1,13,294,29,0,86,0,1,2,4,195,68,14,36,26
17,27,14,220,7,2,48,52149,7763,564,1824,2963,14074,796,690,1217,8280,7666,6349,7366,2668,3830,543,146,337,44,243,17,81,1476,2809,179,1981,22,61,351,570,266,80,6,248,624,2276,114,1661,85,359,13,23,1636,0,0,3,0,0,0,30,28,9,576,19,10,6,17,2,3,7,5,38,41,20,11,19,98,7,7,13,0,3,0,1,27,7,1,11,0,39,16,1,6,1,0,2,0,2,1,0,3,6,2
12,23,11,159,1,5,41,7763,42366,607,906,3107,4014,201,227,660,2427,136,9471,3109,1392,1756,454,5727,4109,65,3848,36,32,284,595,147,1261,29,145,3185,2824,135,429,57,133,182,858,411,353,102,328,29,12,250,1,0,5,0,0,3,126,196,22,3155,63,38,63,101,9,11,20,31,243,199,50,44,180,545,20,8,93,0,16,2,9,143,19,5,80,5,158,45,7,30,4,7,19,2,14,1,1,9,16,7
84,330,238,1098,40,93,632,564,607,42311,4088,3409,618,378,403,1324,334,34,1660,410,10138,7550,1298,195,260,54,86,50,412,817,460,545,1155,40,1050,2514,596,107,1887,20,11791,6021,3810,225,457,347,1515,467,81,3501,4,5,11,3,1,12,2,1,3,36,165,10,2,0,30,12,38,2,135,1,25,11,23,22,47,6,13,1,68,2,0,4,99,15,6,1,55,173,58,8,58,5,17,2,4,22,12,30,72,46
4,17,5,60,3,6,29,1824,906,4088,5613,7755,252,40,41,341,167,49,1608,247,917,3301,1533,108,114,12,37,6,25,96,131,31,220,11,96,544,140,40,187,8,201,125,229,105,61,77,187,12,5,64,0,0,3,0,0,0,0,3,3,36,26,1,3,0,1,3,1,3,35,3,12,1,5,8,5,2,7,0,9,0,3,3,7,1,0,2,8,21,1,4,6,1,4,0,1,2,3,4,6,2
9,19,9,71,1,4,20,2963,3107,3409,7755,18938,4523,96,68,235,4836,427,1484,1729,5859,3281,3871,199,1557,35,406,10,61,477,529,342,3767,18,63,630,288,239,239,11,517,407,537,309,379,147,774,22,4,177,0,1,1,0,0,1,4,4,2,114,38,3,10,6,1,3,8,1,36,30,13,7,9,163,4,7,35,0,8,0,3,22,10,0,30,1,22,17,5,25,9,2,16,0,5,2,1,0,7,1
7,13,6,74,3,6,14,14074,4014,618,252,4523,18623,290,174,301,9848,444,696,4518,2111,425,207,118,941,32,387,13,70,1342,1006,353,3868,12,20,214,273,170,61,3,328,776,866,100,1157,29,286,9,10,726,0,0,1,0,0,1,23,18,1,292,16,2,9,10,1,2,1,1,14,31,0,7,7,120,0,4,18,0,2,0,1,33,4,1,15,1,15,10,0,7,1,0,2,0,4,0,1,1,2,1
6170,5858,839,7505,2546,215,939,796,201,378,40,96,290,34970,8502,1021,56,64,467,664,202,324,75,23,95,179,20,158,3544,22690,279,620,472,83,487,503,251,150,642,16,606,274,3070,100,1294,183,495,255,8635,1279,7,5,20,8,12,29,0,0,1,9,84,1,1,1,50,20,63,0,36,2,18,14,6,9,27,3,9,3,67,1,1,4,107,12,4,4,16,215,55,4,90,4,3,2,4,49,21,43,70,58
241,2980,184,14545,76,68,786,690,227,403,41,68,174,8502,12540,2120,48,48,591,487,198,391,47,21,88,80,20,40,365,3516,849,198,190,30,603,607,101,81,439,10,670,716,11701,54,522,55,131,207,236,8455,6,8,14,4,12,15,0,1,0,11,44,0,3,0,34,12,26,1,12,2,4,7,2,5,5,3,2,2,35,0,0,0,39,4,5,2,6,81,15,3,33,0,6,1,1,39,11,12,25,21
74,285,54,5391,38,92,2238,1217,660,1324,341,235,301,1021,2120,24178,556,805,4387,409,1590,381,44,66,115,40,35,19,103,898,14446,76,142,12,4411,5829,201,55,1344,5,374,455,8682,50,179,25,72,273,88,1250,11,10,21,4,12,36,2,0,1,33,111,1,1,4,51,15,50,1,52,1,15,12,7,12,22,1,3,2,61,1,0,1,89,17,1,2,20,193,43,4,63,2,6,2,1,53,27,36,45,30
0,1,0,20,2,1,4,8280,2427,334,167,4836,9848,56,48,556,8685,4110,1377,279,7708,215,85,52,82,8,21,2,12,212,2968,86,605,0,9,196,155,19,60,1,97,146,410,25,189,6,96,5,0,190,0,0,1,0,0,1,0,1,3,61,6,2,0,0,1,0,1,1,7,0,1,0,4,13,2,1,1,0,0,0,0,2,5,0,1,0,6,4,0,1,0,0,0,0,0,0,0,1,0,0
1,2,1,11,1,0,3,7666,136,34,49,427,444,64,48,805,4110,3866,2136,34,1333,67,8,6,13,2,5,0,7,177,2761,8,64,0,10,54,58,1,7,1,22,113,351,2,26,1,16,0,1,257,0,0,0,0,0,0,0,0,1,15,0,3,0,0,0,0,0,0,2,0,0,2,1,2,0,0,0,0,0,0,0,0,0,0,0,0,3,0,1,0,0,0,0,0,0,0,0,0,2,1
22,38,10,307,4,4,74,6349,9471,1660,1608,1484,696,467,591,4387,1377,2136,16826,888,3447,898,180,982,448,11,124,11,45,559,5088,56,330,9,176,4487,330,66,287,24,191,334,2609,102,158,33,144,16,24,759,2,5,9,3,2,2,6,8,13,227,164,14,11,3,10,11,24,8,366,5,54,12,73,36,30,0,9,0,32,5,1,8,66,6,5,2,49,114,20,4,23,4,6,2,4,3,3,29,59,29
27,53,12,339,7,2,71,7366,3109,410,247,1729,4518,664,487,409,279,34,888,29353,531,1181,774,68,2173,754,646,53,93,980,578,1244,7696,125,42,364,88,6794,100,14,231,328,1420,1622,9811,92,950,22,25,650,0,0,2,0,0,2,33,28,1,400,19,1,31,27,7,5,6,4,34,160,8,20,22,678,6,16,103,0,4,1,20,163,11,2,191,6,14,22,2,81,7,1,49,1,11,1,2,4,3,1
12,22,14,134,3,25,67,2668,1392,10138,917,5859,2111,202,198,1590,7708,1333,3447,531,23288,667,504,227,202,58,68,22,158,1538,4932,483,1148,17,292,2121,489,80,1028,14,1836,2572,12498,107,709,86,645,107,20,3743,2,0,3,1,0,2,0,2,4,45,103,9,5,2,5,6,11,2,86,2,18,4,17,21,28,4,5,0,32,2,0,5,54,1,3,3,33,70,19,6,19,1,7,0,1,4,2,20,44,13
251,633,615,914,70,57,412,3830,1756,7550,3301,3281,425,324,391,381,215,67,898,1181,667,16939,7271,100,931,374,346,573,2277,910,207,539,494,411,299,621,196,587,553,125,10584,1106,782,2384,461,4068,2581,141,58,258,1,1,3,3,0,4,3,3,2,51,61,5,5,2,14,4,15,3,43,5,12,14,17,71,19,77,73,7,29,1,48,13,41,4,19,59,14,83,20,50,30,26,164,4,37,6,5,17,30,15
14,40,38,55,8,9,15,543,454,1298,1533,3871,207,75,47,44,85,8,180,774,504,7271,12370,65,1642,488,598,67,169,279,57,297,1863,108,19,121,58,1141,136,22,445,215,166,3030,458,3988,4719,38,12,70,0,0,0,0,2,1,1,1,1,27,4,0,2,1,2,1,0,0,9,7,1,10,6,217,2,94,195,1,1,0,33,22,8,0,61,28,2,7,1,167,4,8,195,1,30,5,0,0,2,1
1,4,1,51,2,2,16,146,5727,195,108,199,118,23,21,66,52,6,982,68,227,100,65,5107,955,35,2013,148,10,40,48,69,124,62,90,4777,1296,19,2814,526,37,17,119,598,77,15,101,28,3,16,0,2,4,0,0,2,5,16,13,329,66,10,13,10,6,6,8,13,124,17,35,11,52,76,22,9,32,8,11,2,2,22,19,1,10,5,53,37,6,13,7,21,16,3,9,2,2,13,32,9
9,13,12,106,3,39,35,337,4109,260,114,1557,941,95,88,115,82,13,448,2173,202,931,1642,955,6765,644,7948,156,55,235,69,1420,4116,215,78,832,160,1501,644,255,124,127,316,6398,2062,146,1741,196,30,84,0,2,5,0,1,1,30,12,0,273,9,6,46,32,8,11,8,3,33,171,3,64,28,1791,2,114,511,10,7,2,51,363,12,6,524,48,18,26,3,433,18,39,277,7,68,5,1,3,10,6
15,22,13,66,4,2,18,44,65,54,12,35,32,179,80,40,8,2,11,754,58,374,488,35,644,30363,663,252,38,194,46,10027,166,4233,11,37,42,5720,121,101,63,43,194,15431,4833,220,3514,54,18,77,0,0,0,0,2,0,1,0,0,7,7,1,1,1,1,1,0,1,4,4,0,36,4,228,3,423,424,33,3,0,286,12,6,0,69,244,3,4,0,305,11,81,850,23,238,2,3,0,6,2
5,8,7,38,3,37,21,243,3848,86,37,406,387,20,20,35,21,5,124,646,68,346,598,2013,7948,663,13317,3799,28,77,36,1112,906,872,57,729,1263,330,2366,9055,50,26,69,11664,863,186,1464,318,34,17,1,0,0,0,2,1,9,2,0,126,6,1,10,16,2,5,1,0,16,55,0,27,9,565,4,127,524,79,1,0,103,78,7,3,137,144,9,20,5,335,10,279,453,12,95,9,1,0,4,1
96,103,97,73,41,32,31,17,36,50,6,10,13,158,40,19,2,0,11,53,22,573,67,148,156,252,3799,61522,1310,489,9,469,28,8002,20,79,633,107,829,18346,423,45,65,3693,136,7069,11199,145,38,27,1,1,0,0,0,0,0,0,0,1,2,0,1,1,2,1,0,0,3,0,0,7,3,15,0,41,83,567,4,0,56,1,2,0,1,241,3,2,1,10,6,1675,205,45,60,7,2,1,1,2
658,668,684,564,413,259,290,81,32,412,25,61,70,3544,365,103,12,7,45,93,158,2277,169,10,55,38,28,1310,79546,14964,38,169,143,226,112,92,83,38,207,80,13795,524,393,172,160,1796,551,173,10815,149,0,3,4,3,6,8,0,0,0,1,16,0,0,0,10,1,9,1,8,0,5,4,8,6,4,3,4,2,7,0,4,2,14,4,4,11,5,30,9,4,17,6,18,0,2,9,1,7,13,11
1291,2020,1504,2938,520,180,681,1476,284,817,96,477,1342,22690,3516,898,212,177,559,980,1538,910,279,40,235,194,77,489,14964,49720,637,1550,1766,186,424,686,369,197,799,56,10971,7518,6715,227,2350,688,1599,229,1603,4566,8,6,17,4,6,10,2,0,1,18,116,5,3,0,33,8,46,0,48,5,18,14,10,30,17,5,8,1,43,4,4,1,112,16,8,4,26,170,70,5,64,10,11,1,3,25,14,36,64,55
18,24,11,614,4,19,116,2809,595,460,131,529,1006,279,849,14446,2968,2761,5088,578,4932,207,57,48,69,46,36,9,38,637,21752,108,350,12,789,1566,202,65,589,2,177,571,16635,46,393,8,80,108,21,1435,5,6,15,2,6,12,2,0,0,18,74,1,0,0,22,6,29,1,20,3,9,7,5,13,17,0,3,1,37,1,0,1,54,7,4,0,13,86,29,5,34,0,4,0,5,15,6,21,33,32
19,38,32,128,9,8,47,179,147,545,31,342,353,620,198,76,86,8,56,1244,483,539,297,69,1420,10027,1112,469,169,1550,108,25210,4059,3508,19,73,99,3017,237,197,496,521,539,10581,7013,336,12312,79,24,377,0,1,1,0,1,0,1,0,0,8,6,0,3,1,1,1,1,0,11,5,2,38,13,256,2,580,477,66,6,1,440,32,14,3,71,606,5,5,3,289,13,281,1315,34,422,2,0,7,2,0
13,25,11,121,4,9,44,1981,1261,1155,220,3767,3868,472,190,142,605,64,330,7696,1148,494,1863,124,4116,166,906,28,143,1766,350,4059,15472,43,46,227,56,1487,191,7,637,803,707,1366,6350,75,2362,49,19,586,0,0,0,0,0,0,9,4,0,93,13,0,10,7,0,1,1,0,20,46,1,8,9,448,3,21,108,1,2,1,11,67,1,2,127,9,5,7,3,96,3,1,50,0,19,2,0,1,1,4
38,51,49,44,13,18,12,22,29,40,11,18,12,83,30,12,0,0,9,125,17,411,108,62,215,4233,872,8002,226,186,12,3508,43,24162,14,40,129,399,252,7237,177,28,69,15404,365,1512,11244,91,15,11,0,0,0,0,2,0,0,0,0,3,3,0,1,1,3,0,0,1,3,1,3,24,1,32,1,186,170,287,8,0,189,3,6,0,7,983,4,5,0,26,6,1432,819,92,242,6,1,2,1,0
82,343,212,1990,113,889,2489,61,145,1050,96,63,20,487,603,4411,9,10,176,42,292,299,19,90,78,11,57,20,112,424,789,19,46,14,6903,2643,331,7,6723,32,330,233,1829,52,33,20,43,5329,344,227,24,32,61,30,54,131,1,1,1,20,127,4,0,1,144,35,91,1,39,0,24,17,4,4,21,0,4,2,117,1,3,1,142,20,2,4,39,319,61,1,138,1,3,4,0,124,57,49,76,52
32,68,28,757,14,40,284,351,3185,2514,544,630,214,503,607,5829,196,54,4487,364,2121,621,121,4777,832,37,729,79,92,686,1566,73,227,40,2643,10916,1112,53,6697,213,531,431,3775,395,112,46,137,169,41,529,9,6,18,3,1,13,6,15,16,246,299,27,22,8,44,16,79,9,363,8,81,34,79,86,111,4,19,1,109,9,6,13,184,35,14,4,82,330,84,12,97,10,13,6,6,28,17,92,159,120
20,32,16,155,8,102,78,570,2824,596,140,288,273,251,101,201,155,58,330,88,489,196,58,1296,160,42,1263,633,83,369,202,99,56,129,331,1112,2034,12,7222,1116,236,201,773,566,41,40,117,1228,77,145,3,7,19,1,8,15,6,20,13,338,185,19,15,5,47,19,44,10,103,1,54,27,75,30,52,6,9,9,73,2,4,4,105,15,8,8,129,160,78,3,78,37,13,6,8,45,9,39,89,60
7,12,3,64,2,4,17,266,135,107,40,239,170,150,81,55,19,1,66,6794,80,587,1141,19,1501,5720,330,107,38,197,65,3017,1487,399,7,53,12,10282,53,6,55,63,238,5776,4295,157,1991,21,11,76,1,0,0,0,0,2,1,1,0,14,1,0,2,1,1,3,2,0,4,15,3,26,5,418,0,130,280,5,1,0,61,49,5,0,142,29,5,6,1,289,15,5,231,4,51,3,0,3,3,1
79,189,117,1037,219,1675,2395,80,429,1887,187,239,61,642,439,1344,60,7,287,100,1028,553,136,2814,644,121,2366,829,207,799,589,237,191,252,6723,6697,7222,53,32852,1792,624,399,2211,1877,115,89,302,7553,426,360,31,29,46,15,47,73,0,3,9,76,411,14,14,5,169,65,165,5,198,5,81,44,55,64,113,6,25,24,213,6,10,10,296,52,9,24,121,511,133,17,221,56,37,10,15,103,39,128,215,159
9,9,18,13,5,34,4,6,57,20,8,11,3,16,10,5,1,1,24,14,14,125,22,526,255,101,9055,18346,80,56,2,197,7,7237,32,213,1116,6,1792,30724,39,11,19,13126,14,473,604,358,25,7,0,1,1,0,2,0,0,0,0,3,8,0,0,0,0,1,0,0,1,0,1,25,2,19,1,135,190,736,11,0,187,3,5,0,3,1126,10,2,5,12,9,3333,878,114,254,6,2,1,4,1
361,1148,1005,1469,131,99,546,248,133,11791,201,517,328,606,670,374,97,22,191,231,1836,10584,445,37,124,63,50,423,13795,10971,177,496,637,177,330,531,236,55,624,39,47570,10081,1998,244,448,1008,1163,171,74,1338,1,0,4,1,1,4,0,0,2,7,55,0,3,1,14,4,13,1,40,1,11,4,5,13,22,6,6,3,28,1,4,1,43,8,1,6,18,65,19,6,28,8,12,0,3,11,5,12,29,10
47,159,138,444,12,30,179,624,182,6021,125,407,776,274,716,455,146,113,334,328,2572,1106,215,17,127,43,26,45,524,7518,571,521,803,28,233,431,201,63,399,11,10081,18084,6062,99,748,137,675,103,22,9305,0,1,2,0,1,5,0,0,1,10,41,0,1,1,6,6,10,2,22,2,7,2,7,7,11,4,5,0,8,0,1,0,18,5,1,2,7,30,10,3,15,0,6,0,0,7,1,9,22,15
90,233,62,2541,47,85,283,2276,858,3810,229,537,866,3070,11701,8682,410,351,2609,1420,12498,782,166,119,316,194,69,65,393,6715,16635,539,707,69,1829,3775,773,238,2211,19,1998,6062,68653,127,1309,92,372,468,170,19758,13,8,27,7,8,38,1,2,1,45,218,4,4,5,78,17,71,1,88,6,20,25,18,28,64,3,11,2,134,0,2,8,192,22,8,5,44,312,89,8,115,4,11,2,3,42,26,51,111,62
43,55,59,68,19,85,33,114,411,225,105,309,100,100,54,50,25,2,102,1622,107,2384,3030,598,6398,15431,11664,3693,172,227,46,10581,1366,15404,52,395,566,5776,1877,13126,244,99,127,58043,1304,1463,11745,480,56,32,1,0,7,0,2,1,0,6,0,44,18,1,7,2,11,10,5,1,17,11,9,120,20,760,6,1375,1414,285,15,1,952,110,34,2,246,1401,10,25,8,851,40,1268,3043,96,830,15,3,4,8,8
33,39,25,242,7,3,59,1661,353,457,61,379,1157,1294,522,179,189,26,158,9811,709,461,458,77,2062,4833,863,136,160,2350,393,7013,6350,365,33,112,41,4295,115,14,448,748,1309,1304,9469,82,1957,34,44,1078,0,0,3,0,2,0,1,4,2,24,8,2,4,1,3,2,4,0,10,31,3,17,13,911,1,61,272,6,2,1,28,109,4,2,244,27,6,14,0,376,10,8,184,2,42,6,1,0,2,1
134,166,222,119,68,22,41,85,102,347,77,147,29,183,55,25,6,1,33,92,86,4068,3988,15,146,220,186,7069,1796,688,8,336,75,1512,20,46,40,157,89,473,1008,137,92,1463,82,9833,9277,14,28,32,0,0,0,0,0,1,1,0,0,3,3,0,0,0,1,0,1,0,1,0,0,5,1,23,0,50,40,14,0,0,34,4,3,0,5,67,4,5,1,21,4,99,127,6,33,1,0,2,1,1
102,130,156,152,30,38,66,359,328,1515,187,774,286,495,131,72,96,16,144,950,645,2581,4719,101,1741,3514,1464,11199,551,1599,80,12312,2362,11244,43,137,117,1991,302,604,1163,675,372,11745,1957,9277,26101,89,37,270,0,0,0,0,0,0,0,2,0,21,14,1,2,2,1,2,2,0,5,4,2,44,2,286,5,466,436,113,5,0,340,34,8,1,73,724,12,14,2,270,15,486,1167,41,319,7,1,2,7,2
79,370,509,912,489,3793,3560,13,29,467,12,22,9,255,207,273,5,0,16,22,107,141,38,28,196,54,318,145,173,229,108,79,49,91,5329,169,1228,21,7553,358,171,103,468,480,34,14,89,6357,1241,90,34,76,90,35,157,202,0,1,1,5,46,0,1,1,110,47,69,0,17,0,9,7,4,8,12,2,12,2,63,1,2,1,81,12,2,3,18,255,34,4,106,15,7,2,4,190,56,23,35,17
1842,808,1059,540,5604,2582,901,23,12,81,5,4,10,8635,236,88,0,1,24,25,20,58,12,3,30,18,34,38,10815,1603,21,24,19,15,344,41,77,11,426,25,74,22,170,56,44,28,37,1241,18511,24,2,4,11,7,13,20,0,0,1,1,14,0,0,0,21,3,15,0,3,0,0,0,0,1,5,0,1,0,11,0,0,2,14,8,1,0,4,49,9,1,20,0,1,1,1,17,3,6,10,8
7,101,33,842,6,19,102,1636,250,3501,64,177,726,1279,8455,1250,190,257,759,650,3743,258,70,16,84,77,17,27,149,4566,1435,377,586,11,227,529,145,76,360,7,1338,9305,19758,32,1078,32,270,90,24,20262,0,0,1,0,1,2,1,1,0,11,36,1,1,0,8,2,5,0,9,6,3,3,5,8,6,0,3,0,20,0,0,1,28,0,4,0,12,35,10,6,6,1,3,1,1,3,1,11,15,10
4,18,17,36,2,6,49,0,1,4,0,0,0,7,6,11,0,0,2,0,2,1,0,0,0,0,1,1,0,8,5,0,0,0,24,9,3,1,31,0,1,0,13,1,0,0,0,34,2,0,27102,19057,3031,14774,6285,5770,2,0,1,12,115,2,6,1,9818,106,210,1,26,7,9,223,8,24,9,5,11,100,2394,1,3,17,907,32,21,27,24,323,16,18,122,17,3,108,40,301,11193,474,122,16
4,28,51,44,7,18,80,0,0,5,0,1,0,5,8,10,0,0,5,0,0,1,0,2,2,0,0,1,3,6,6,1,0,0,32,6,7,0,29,1,0,1,8,0,0,0,0,76,4,0,19057,62096,12412,10693,1043,5030,3,8,1,18,468,5,6,3,15313,215,198,0,28,18,19,578,3,20,12,14,3,91,2661,0,16,28,1906,44,49,34,45,260,17,52,90,13,18,117,69,287,1911,1195,452,26
8,27,41,62,7,15,87,3,5,11,3,1,1,20,14,21,1,0,9,2,3,3,0,4,5,0,0,0,4,17,15,1,0,0,61,18,19,0,46,1,4,2,27,7,3,0,0,90,11,1,3031,12412,29477,1149,306,7707,9,28,24,297,692,21,32,17,26418,4454,6577,11,213,57,64,255,103,260,111,41,20,51,2335,17,47,109,2176,1128,103,30,83,1916,136,191,507,5,36,49,43,772,2510,631,436,123
14,38,376,44,28,83,290,0,0,3,0,0,0,8,4,4,0,0,3,0,1,3,0,0,0,0,0,0,3,4,2,0,0,0,30,3,1,0,15,0,1,0,7,0,0,0,0,35,7,0,14774,10693,1149,22750,17365,19026,2,3,3,10,197,3,0,2,1122,55,85,0,8,5,4,151,0,9,7,6,7,33,647,0,3,5,398,17,12,11,19,391,9,12,51,2,4,33,16,657,2256,312,122,12
13,74,97,91,10,103,188,0,0,1,0,0,0,12,12,12,0,0,2,0,0,0,2,0,1,2,2,0,6,6,6,1,0,2,54,1,8,0,47,2,1,1,8,2,2,0,0,157,13,1,6285,1043,306,17365,26143,10716,0,1,1,10,204,2,4,0,416,93,380,1,16,2,18,44,19,99,16,13,133,34,241,2,8,10,194,37,9,16,213,3271,90,11,953,60,54,8,17,5619,5309,121,110,83
18,116,177,139,22,131,569,0,3,12,0,1,1,29,15,36,1,0,2,2,2,4,1,2,1,0,1,0,8,10,12,0,0,0,131,13,15,2,73,0,4,5,38,1,0,1,0,202,20,2,5770,5030,7707,19026,10716,24042,6,8,3,76,775,4,9,4,4286,286,1777,6,56,21,32,244,27,84,30,26,17,37,1222,4,12,42,1180,98,50,17,61,3240,111,90,479,13,27,44,44,1736,1897,758,539,158
0,0,0,2,0,0,0,30,126,2,0,4,23,0,0,2,0,0,6,33,0,3,1,5,30,1,9,0,0,2,2,1,9,0,1,6,6,1,0,0,0,0,1,0,1,1,0,0,0,1,2,3,9,2,0,6,3737,9723,492,1927,18,17,430,4405,167,517,332,667,397,1027,38,62,35,177,420,5,55,0,46,310,18,2861,439,186,173,2,31,26,200,20,1,1,12,6,24,4,12,9,67,84
0,0,0,2,0,0,2,28,196,1,3,4,18,0,1,0,1,0,8,28,2,3,1,16,12,0,2,0,0,0,0,0,4,0,1,15,20,1,3,0,0,0,2,6,4,0,2,1,0,1,0,8,28,3,1,8,9723,20294,4453,7592,123,341,799,4489,211,607,483,7369,1006,2261,247,721,36,174,540,23,40,9,64,713,49,1560,350,273,934,19,133,44,179,177,10,3,24,61,147,3,8,16,49,53
0,0,0,0,0,0,0,9,22,3,3,2,1,1,0,1,3,1,13,1,4,2,1,13,0,0,0,0,0,1,0,0,0,0,1,16,13,0,9,0,2,1,1,0,2,0,0,1,1,0,1,1,24,3,1,3,492,4453,3981,2638,196,539,465,779,68,150,423,3165,2412,183,400,507,12,42,902,17,7,3,13,1353,46,432,70,98,331,6,44,31,60,38,4,2,14,18,82,2,4,13,27,16
1,4,0,13,0,2,3,576,3155,36,36,114,292,9,11,33,61,15,227,400,45,51,27,329,273,7,126,1,1,18,18,8,93,3,20,246,338,14,76,3,7,10,45,44,24,3,21,5,1,11,12,18,297,10,10,76,1927,7592,2638,43491,798,1466,2210,3871,369,636,968,2092,8298,2006,1203,2006,5658,5250,624,56,2101,34,113,302,176,2441,284,386,782,61,3266,1327,169,413,201,38,123,104,500,25,44,68,100,97
9,29,10,94,8,8,54,19,63,165,26,38,16,84,44,111,6,0,164,19,103,61,4,66,9,7,6,2,16,116,74,6,13,3,127,299,185,1,411,8,55,41,218,18,8,3,14,46,14,36,115,468,692,197,204,775,18,123,196,798,38957,4883,3007,193,622,761,1054,324,2475,44,5347,3582,180,248,873,120,168,144,716,78,235,319,1296,513,222,122,1473,1942,243,158,1136,30,265,534,1210,560,136,18335,13764,3255
0,0,0,0,0,0,0,10,38,10,1,3,2,1,0,1,2,3,14,1,9,5,0,10,6,1,1,0,0,5,1,0,0,0,4,27,19,0,14,0,0,0,4,1,2,0,1,0,0,1,2,5,21,3,2,4,17,341,539,1466,4883,8672,6652,308,25,74,160,821,962,30,5991,7279,64,110,582,5,24,10,50,149,23,274,109,72,33,7,290,99,100,22,46,3,20,94,175,5,3,88,205,127
0,0,0,1,0,0,0,6,63,2,3,10,9,1,3,1,0,0,11,31,5,5,2,13,46,1,10,1,0,3,0,3,10,1,0,22,15,2,14,0,3,1,4,7,4,0,2,1,0,1,6,6,32,0,4,9,430,799,465,2210,3007,6652,12124,6025,52,143,195,3595,490,323,5433,6072,37,694,1699,19,91,11,62,567,51,4057,339,85,112,18,188,78,314,96,28,3,56,136,357,13,4,165,365,340
0,0,0,2,0,0,0,17,101,0,0,6,10,1,0,4,0,0,3,27,2,2,1,10,32,1,16,1,0,0,0,1,7,1,1,8,5,1,5,0,1,1,5,2,1,0,2,1,0,0,1,3,17,2,0,4,4405,4489,779,3871,193,308,6025,11633,85,230,275,4327,522,673,981,532,31,456,1062,9,88,6,45,580,44,5200,271,132,316,5,71,35,238,48,11,3,8,17,136,3,8,21,125,127
14,80,66,129,9,18,127,2,9,30,1,1,1,50,34,51,1,0,10,7,5,14,2,6,8,1,2,2,10,33,22,1,0,3,144,44,47,1,169,0,14,6,78,11,3,1,1,110,21,8,9818,15313,26418,1122,416,4286,167,211,68,369,622,25,52,85,57798,14772,1722,47,314,292,73,384,46,290,168,261,33,120,9602,86,211,383,18963,1182,1114,107,154,1155,193,765,524,17,80,101,144,786,10478,755,636,168
5,11,15,40,4,11,44,3,11,12,3,3,2,20,12,15,0,0,11,5,6,4,1,6,11,1,5,1,1,8,6,1,1,0,35,16,19,3,65,1,4,6,17,10,2,0,2,47,3,2,106,215,4454,55,93,286,517,607,150,636,761,74,143,230,14772,37205,6108,175,703,545,191,269,99,357,692,303,40,36,1512,405,430,752,12499,11056,2265,76,139,1419,7856,665,344,7,67,43,276,448,484,630,2247,5104
1,44,36,84,7,16,77,7,20,38,1,8,1,63,26,50,1,0,24,6,11,15,0,8,8,0,1,0,9,46,29,1,1,0,91,79,44,2,165,0,13,10,71,5,4,1,2,69,15,5,210,198,6577,85,380,1777,332,483,423,968,1054,160,195,275,1722,6108,21244,388,5555,258,409,238,179,285,3557,48,31,19,688,4885,111,386,1845,11198,632,13,199,5773,3317,179,531,5,31,16,119,630,319,332,824,1312
1,0,0,1,0,0,1,5,31,2,3,1,1,0,1,1,1,0,8,4,2,3,0,13,3,1,0,0,1,0,1,0,0,1,1,9,10,0,5,0,1,2,1,1,0,0,0,0,0,0,1,0,11,0,1,6,667,7369,3165,2092,324,821,3595,4327,47,175,388,8158,1377,50,4136,621,38,125,3396,4,10,9,34,4786,41,784,192,130,140,6,165,46,197,19,10,2,10,12,115,4,1,22,123,134
1,7,3,22,4,1,11,38,243,135,35,36,14,36,12,52,7,2,366,34,86,43,9,124,33,4,16,3,8,48,20,11,20,3,39,363,103,4,198,1,40,22,88,17,10,1,5,17,3,9,26,28,213,8,16,56,397,1006,2412,8298,2475,962,490,522,314,703,5555,1377,21438,292,1497,514,3187,1981,4511,45,192,21,343,2586,113,569,955,667,381,30,959,6975,885,203,333,13,73,37,177,70,51,317,617,534
0,0,0,6,0,1,0,41,199,1,3,30,31,2,2,1,0,0,5,160,2,5,7,17,171,4,55,0,0,5,3,5,46,1,0,8,1,15,5,0,1,2,6,11,31,0,4,0,0,6,7,18,57,5,2,21,1027,2261,183,2006,44,30,323,673,292,545,258,50,292,10841,16,246,21,1798,195,75,172,9,98,150,94,4313,447,163,3839,24,12,46,143,3890,8,0,45,21,173,6,21,35,69,60
0,5,0,7,0,1,9,20,50,25,12,13,0,18,4,15,1,0,54,8,18,12,1,35,3,0,0,0,5,18,9,2,1,3,24,81,54,3,81,1,11,7,20,9,3,0,2,9,0,3,9,19,64,4,18,32,38,247,400,1203,5347,5991,5433,981,73,191,409,4136,1497,16,17636,1386,113,177,4547,80,70,48,245,624,286,716,805,112,211,73,716,440,474,61,215,8,83,164,754,60,13,257,1595,3733
1,7,2,12,1,0,9,11,44,11,1,7,7,14,7,12,0,2,12,20,4,14,10,11,64,36,27,7,4,14,7,38,8,24,17,34,27,26,44,25,4,2,25,120,17,5,44,7,0,3,223,578,255,151,44,244,62,721,507,2006,3582,7279,6072,532,384,269,238,621,514,246,1386,35951,55,2207,717,293,680,1003,2158,227,386,4100,1071,122,302,444,203,241,228,793,137,138,1351,7362,8096,62,88,1833,886,292
0,5,0,5,0,0,1,19,180,23,5,9,7,6,2,7,4,1,73,22,17,17,6,52,28,4,9,3,8,10,5,13,9,1,4,79,75,5,55,2,5,7,18,20,13,1,2,4,0,5,8,3,103,0,19,27,35,36,12,5658,180,64,37,31,46,99,179,38,3187,21,113,55,6486,1898,64,26,535,40,39,9,32,62,94,72,36,25,2359,4153,32,22,1340,134,95,5,39,118,20,35,55,39
1,2,0,14,0,2,2,98,545,22,8,163,120,9,5,12,13,2,36,678,21,71,217,76,1791,228,565,15,6,30,13,256,448,32,4,86,30,418,64,19,13,7,28,760,911,23,286,8,1,8,24,20,260,9,99,84,177,174,42,5250,248,110,694,456,290,357,285,125,1981,1798,177,2207,1898,13784,174,1103,12330,205,127,38,1457,5298,326,215,2453,570,767,1333,112,2621,1432,626,1932,100,1753,459,98,68,175,96
4,2,1,14,1,0,10,7,20,47,5,4,0,27,5,22,2,0,30,6,28,19,2,22,2,3,4,0,4,17,17,2,3,1,21,111,52,0,113,1,22,11,64,6,1,0,5,12,5,6,9,12,111,7,16,30,420,540,902,624,873,582,1699,1062,168,692,3557,3396,4511,195,4547,717,64,174,6265,192,65,20,228,9443,572,1460,1058,1344,1195,60,499,1050,3355,126,363,12,45,70,641,81,29,144,1371,4048
3,2,0,2,0,0,0,7,8,6,2,7,4,3,3,1,1,0,0,16,4,77,94,9,114,423,127,41,3,5,0,580,21,186,0,4,6,130,6,135,6,4,3,1375,61,50,466,2,0,0,5,14,41,6,13,26,5,23,17,56,120,5,19,9,261,303,48,4,45,75,80,293,26,1103,192,16092,2327,540,282,18,7255,658,1184,50,2788,7228,76,81,142,8498,141,281,14626,65,856,60,45,85,169,152
2,1,1,10,0,2,4,13,93,13,7,35,18,9,2,3,1,0,9,103,5,73,195,32,511,424,524,83,4,8,3,477,108,170,4,19,9,280,25,190,6,5,11,1414,272,40,436,12,1,3,11,3,20,7,133,17,55,40,7,2101,168,24,91,88,33,40,31,10,192,172,70,680,535,12330,65,2327,20987,2553,80,6,2378,609,163,15,463,1472,1713,659,43,770,2058,6304,9302,198,1831,671,112,34,85,43
0,0,0,1,2,0,2,0,0,1,0,0,0,3,2,2,0,0,0,0,0,7,1,8,10,33,79,567,2,1,1,66,1,287,2,1,9,5,24,736,3,0,2,285,6,14,113,2,0,0,100,91,51,33,34,37,0,9,3,34,144,10,11,6,120,36,19,9,21,9,48,1003,40,205,20,540,2553,44721,3561,2,422,27,439,18,57,16957,395,60,20,218,219,13067,2839,14073,1215,174,128,477,109,45
13,29,23,85,5,5,70,3,16,68,9,8,2,67,35,61,0,0,32,4,32,29,1,11,7,3,1,4,7,43,37,6,2,8,117,109,73,1,213,11,28,8,134,15,2,0,5,63,11,20,2394,2661,2335,647,241,1222,46,64,13,113,716,50,62,45,9602,1512,688,34,343,98,245,2158,39,127,228,282,80,3561,161117,20,463,247,30360,535,827,453,364,852,363,281,531,226,160,1698,729,454,17502,18331,1571,518
1,0,0,1,0,0,0,0,2,2,0,0,0,1,0,1,0,0,5,1,2,1,0,2,2,0,0,0,0,4,1,1,1,0,1,9,2,0,6,0,1,0,0,1,1,0,0,1,0,0,1,0,17,0,2,4,310,713,1353,302,78,149,567,580,86,405,4885,4786,2586,150,624,227,9,38,9443,18,6,2,20,9118,64,505,180,1671,364,8,57,135,613,43,21,2,9,6,113,4,2,11,80,201
0,0,2,4,1,1,0,1,9,0,3,3,1,1,0,0,0,0,1,20,0,48,33,2,51,286,103,56,4,4,0,440,11,189,3,6,4,61,10,187,4,1,2,952,28,34,340,2,0,0,3,16,47,3,8,12,18,49,46,176,235,23,51,44,211,430,111,41,113,94,286,386,32,1457,572,7255,2378,422,463,64,13860,3297,2354,79,4259,6046,76,97,438,1739,142,366,7648,173,5138,70,52,88,510,447
0,0,0,3,0,0,1,27,143,4,3,22,33,4,0,1,2,0,8,163,5,13,22,22,363,12,78,1,2,1,1,32,67,3,1,13,4,49,10,3,1,0,8,110,109,4,34,1,2,1,17,28,109,5,10,42,2861,1560,432,2441,319,274,4057,5200,383,752,386,784,569,4313,716,4100,62,5298,1460,658,609,27,247,505,3297,18544,1333,296,13260,144,60,147,755,1744,54,7,761,84,3343,34,30,92,423,463
15,32,26,106,3,11,77,7,19,99,7,10,4,107,39,89,5,0,66,11,54,41,8,19,12,6,7,2,14,112,54,14,1,6,142,184,105,5,296,5,43,18,192,34,4,3,8,81,14,28,907,1906,2176,398,194,1180,439,350,70,284,1296,109,339,271,18963,12499,1845,192,955,447,805,1071,94,326,1058,1184,163,439,30360,180,2354,1333,64253,2650,4731,447,760,1465,3345,869,856,57,238,435,1491,660,1868,12237,14715,3973
6,9,10,13,4,3,20,1,5,15,1,0,1,12,4,17,0,0,6,2,1,4,0,1,6,0,3,0,4,16,7,3,2,0,20,35,15,0,52,0,8,5,22,2,2,0,1,12,8,0,32,44,1128,17,37,98,186,273,98,386,513,72,85,132,1182,11056,11198,130,667,163,112,122,72,215,1344,50,15,18,535,1671,79,296,2650,12312,418,9,122,1488,7630,188,243,6,19,12,88,268,119,284,788,1605
1,0,1,4,0,0,1,11,80,6,0,30,15,4,5,1,1,0,5,191,3,19,61,10,524,69,137,1,4,8,4,71,127,7,2,14,8,142,9,3,1,1,8,246,244,5,73,2,1,4,21,49,103,12,9,50,173,934,331,782,222,33,112,316,1114,2265,632,140,381,3839,211,302,36,2453,1195,2788,463,57,827,364,4259,13260,4731,418,9090,341,40,104,1030,2889,53,14,500,30,1162,23,124,230,647,665
2,4,2,3,1,0,1,0,5,1,2,1,1,4,2,2,0,0,2,6,3,59,28,5,48,244,144,241,11,4,0,606,9,983,4,4,8,29,24,1126,6,2,5,1401,27,67,724,3,0,0,27,34,30,11,16,17,2,19,6,61,122,7,18,5,107,76,13,6,30,24,73,444,25,570,60,7228,1472,16957,453,8,6046,144,447,9,341,38216,83,52,47,1681,130,3242,14676,5179,5158,75,35,133,135,55
3,1,3,19,0,3,13,39,158,55,8,22,15,16,6,20,6,3,49,14,33,14,2,53,18,3,9,3,5,26,13,5,5,4,39,82,129,5,121,10,18,7,44,10,6,4,12,18,4,12,24,45,83,19,213,61,31,133,44,3266,1473,290,188,71,154,139,199,165,959,12,716,203,2359,767,499,76,1713,395,364,57,76,60,760,122,40,83,3048,3459,506,35,6463,605,256,38,115,1510,147,350,707,459
45,120,134,255,13,37,294,16,45,173,21,17,10,215,81,193,4,0,114,22,70,83,7,37,26,4,20,2,30,170,86,5,7,5,319,330,160,6,511,2,65,30,312,25,14,5,14,255,49,35,323,260,1916,391,3271,3240,26,44,31,1327,1942,99,78,35,1155,1419,5773,46,6975,46,440,241,4153,1333,1050,81,659,60,852,135,97,147,1465,1488,104,52,3459,16673,1273,99,10975,160,177,33,122,4719,606,551,1009,855
6,10,7,46,2,3,29,1,7,58,1,5,0,55,15,43,0,1,20,2,19,20,1,6,3,0,5,1,9,70,29,3,3,0,61,84,78,1,133,5,19,10,89,8,0,1,2,34,9,10,16,17,136,9,90,111,200,179,60,169,243,100,314,238,193,7856,3317,197,885,143,474,228,32,112,3355,142,43,20,363,613,438,755,3345,7630,1030,47,506,1273,18605,150,554,10,33,25,391,337,67,144,2783,9338
0,2,0,2,0,1,0,6,30,8,4,25,7,4,3,4,1,0,4,81,6,50,167,13,433,305,335,10,4,5,5,289,96,26,1,12,3,289,17,12,6,3,8,851,376,21,270,4,1,6,18,52,191,12,11,90,20,177,38,413,158,22,96,48,765,665,179,19,203,3890,61,793,22,2621,126,8498,770,218,281,43,1739,1744,869,188,2889,1681,35,99,150,24661,69,63,13042,51,1291,46,88,94,167,101
12,39,40,99,7,18,86,1,4,58,6,9,1,90,33,63,0,0,23,7,19,30,4,7,18,11,10,6,17,64,34,13,3,6,138,97,78,15,221,9,28,15,115,40,10,4,15,106,20,6,122,90,507,51,953,479,1,10,4,201,1136,46,28,11,524,344,531,10,333,8,215,137,1340,1432,363,141,2058,219,531,21,142,54,856,243,53,130,6463,10975,554,69,20346,746,498,31,152,10058,539,327,593,444
4,2,3,0,1,2,0,0,7,5,1,2,0,4,0,2,0,0,4,1,1,26,8,21,39,81,279,1675,6,10,0,281,1,1432,1,10,37,5,56,3333,8,0,4,1268,8,99,486,15,0,1,17,13,5,2,60,13,1,3,2,38,30,3,3,3,17,7,5,2,13,0,8,138,134,626,12,281,6304,13067,226,2,366,7,57,6,14,3242,605,160,10,63,746,30459,12773,1014,468,323,45,33,27,10
1,1,4,3,0,1,1,2,19,17,4,16,2,3,6,6,0,0,6,49,7,164,195,16,277,850,453,205,18,11,4,1315,50,819,3,13,13,231,37,878,12,6,11,3043,184,127,1167,7,1,3,3,18,36,4,54,27,12,24,14,123,265,20,56,8,80,67,31,10,73,45,83,1351,95,1932,45,14626,9302,2839,160,9,7648,761,238,19,500,14676,256,177,33,13042,498,12773,36745,696,5038,268,55,65,141,49
0,0,0,2,0,0,2,0,2,2,0,0,0,2,1,2,0,0,2,1,0,4,1,3,7,23,12,45,0,1,0,34,0,92,4,6,6,4,10,114,0,0,2,96,2,6,41,2,1,1,108,117,49,33,8,44,6,61,18,104,534,94,136,17,101,43,16,12,37,21,164,7362,5,100,70,65,198,14073,1698,6,173,84,435,12,30,5179,38,33,25,51,31,1014,696,14466,10229,18,64,540,243,63
0,1,1,1,1,0,4,2,14,4,1,5,4,4,1,1,0,0,4,11,1,37,30,9,68,238,95,60,2,3,5,422,19,242,0,6,8,51,15,254,3,0,3,830,42,33,319,4,1,1,40,69,43,16,17,44,24,147,82,500,1210,175,357,136,144,276,119,115,177,173,754,8096,39,1753,641,856,1831,1215,729,113,5138,3343,1491,88,1162,5158,115,122,391,1291,152,468,5038,10229,21764,89,46,284,839,530
11,73,98,125,12,29,195,1,1,22,2,2,0,49,39,53,0,0,3,1,4,6,5,2,5,2,9,7,9,25,15,2,2,6,124,28,45,3,103,6,11,7,42,15,6,1,7,190,17,3,301,287,772,657,5619,1736,4,3,2,25,560,5,13,3,786,448,630,4,70,6,60,62,118,459,81,60,671,174,454,4,70,34,660,268,23,75,1510,4719,337,46,10058,323,268,18,89,6756,1114,243,375,270
6,26,34,45,3,12,68,0,1,12,3,1,1,21,11,27,0,0,3,2,2,5,0,2,1,3,1,2,1,14,6,0,0,1,57,17,9,0,39,2,5,1,26,3,1,0,1,56,3,1,11193,1911,2510,2256,5309,1897,12,8,4,44,136,3,4,8,10478,484,319,1,51,21,13,88,20,98,29,45,112,128,17502,2,52,30,1868,119,124,35,147,606,67,88,539,45,55,64,46,1114,35618,309,160,50
4,7,6,28,3,3,14,3,9,30,4,0,1,43,12,36,1,0,29,4,20,17,0,13,3,0,0,1,7,36,21,7,1,2,49,92,39,3,128,1,12,9,51,4,0,2,2,23,6,11,474,1195,631,312,121,758,9,16,13,68,18335,88,165,21,755,630,332,22,317,35,257,1833,35,68,144,85,34,477,18331,11,88,92,12237,284,230,133,350,551,144,94,327,33,65,540,284,243,309,49189,9329,317
11,13,15,47,3,4,36,6,16,72,6,7,2,70,25,45,0,2,59,3,44,30,2,32,10,6,4,1,13,64,33,2,1,1,76,159,89,3,215,4,29,22,111,8,2,1,7,35,10,15,122,452,436,122,110,539,67,49,27,100,13764,205,365,125,636,2247,824,123,617,69,1595,886,55,175,1371,169,85,109,1571,80,510,423,14715,788,647,135,707,1009,2783,167,593,27,141,243,839,375,160,9329,27378,7872
4,9,9,29,3,1,26,2,7,46,2,1,1,58,21,30,0,1,29,1,13,15,1,9,6,2,1,2,11,55,32,0,4,0,52,120,60,1,159,1,10,15,62,8,1,1,2,17,8,10,16,26,123,12,83,158,84,53,16,97,3255,127,340,127,168,5104,1312,134,534,60,3733,292,39,96,4048,152,43,45,518,201,447,463,3973,1605,665,55,459,855,9338,101,444,10,49,63,530,270,50,317,7872,14874
