7600,4018,4788,605,7196,1008,351,1,1,337,15,0,1,3750,72,50,0,1,4,9,0,870,0,7,0,3,1,0,355,802,12,1,0,0,26,9,37,1,22,0,565,28,7,0,0,0,0,17,1788,13,2,0,2,16,1,21,0,0,0,0,1,0,0,0,2,0,4,0,0,0,0,0,0,0,0,0,0,0,1,0,0,0,1,1,0,0,4,3,0,0,2,0,0,0,0,15,0,1,0,0
4018,28103,5272,10609,1833,217,221,7,16,1374,92,3,6,2735,1633,353,0,2,9,37,9,1016,2,31,1,2,1,1,316,1174,53,1,0,0,169,20,128,3,59,0,816,109,60,1,0,0,0,138,582,170,8,11,13,11,6,13,0,0,0,0,7,0,0,0,18,7,23,0,0,0,0,0,0,0,0,0,0,0,4,1,0,0,4,1,0,0,25,24,2,0,21,0,0,0,0,182,4,0,3,3
4788,5272,14033,5256,5174,2820,6283,4,3,866,46,1,2,187,181,79,0,2,4,10,1,871,0,19,0,0,1,0,137,549,10,0,0,0,70,7,63,0,99,0,492,50,6,0,1,1,0,96,281,54,4,6,6,433,2,113,0,0,0,0,2,0,0,0,7,0,4,0,0,0,0,2,0,0,0,0,0,0,2,0,0,0,0,2,0,0,14,12,0,0,7,0,0,0,0,99,1,1,2,1
605,10609,5256,27647,877,2896,14278,18,47,1544,206,5,22,1897,12732,6330,4,6,23,311,62,449,4,77,19,18,10,1,147,1021,984,4,11,1,999,65,342,7,228,0,479,225,1092,0,1,0,1,1140,206,597,27,27,29,142,22,163,0,0,0,1,13,0,0,0,45,3,73,0,1,0,1,0,2,1,1,0,2,0,8,0,0,1,10,2,0,0,52,71,1,0,59,0,0,0,0,470,14,3,8,2
7196,1833,5174,877,10554,17966,2419,1,2,104,5,0,0,1608,52,45,0,0,2,6,3,483,1,16,0,1,1,0,242,397,4,0,0,0,49,5,34,0,209,1,226,10,8,0,0,0,0,253,3275,6,0,1,0,7,3,89,0,0,0,0,0,0,0,0,0,1,2,0,0,0,0,1,0,0,0,0,0,0,0,0,0,0,0,0,0,0,1,3,0,0,1,0,0,0,0,9,2,0,0,1
1008,217,2820,2896,17966,13200,18818,1,2,107,17,1,0,58,39,411,0,2,0,5,3,115,0,57,0,0,5,0,41,66,24,0,0,0,994,5,76,1,1247,0,55,10,193,0,0,0,0,3350,2114,3,111,8,1,865,208,249,0,0,0,0,1,0,0,0,5,0,4,0,1,0,1,0,0,0,0,0,0,0,1,0,0,0,3,0,0,0,7,7,0,0,3,0,0,0,0,69,7,0,0,0
351,221,6283,14278,2419,18818,14650,4,4,267,26,2,1,57,43,1647,0,0,0,12,5,173,0,43,0,0,1,0,20,75,8,0,1,0,1352,10,80,0,602,0,93,18,30,0,0,0,0,1343,201,12,9,4,6,39,141,619,0,0,0,0,3,0,0,0,8,1,10,0,1,0,0,1,1,0,0,0,0,0,0,1,0,0,7,0,0,0,15,11,2,0,12,0,0,0,0,151,10,2,1,0
1,7,4,18,1,1,4,47836,3010,239,3689,804,6795,114,39,1765,4434,10375,2863,22888,365,721,254,381,96,33,1122,5,18,406,2861,52,845,3,17,31,5104,43,20,1,71,295,394,44,21,6,38,11,5,1030,0,0,0,1,0,1,0,0,0,7,0,0,0,0,0,0,0,0,2,4,0,0,2,2,0,1,2,0,0,0,2,1,1,0,3,0,72,4,0,0,0,0,2,0,1,1,0,0,1,0
1,16,3,47,2,2,4,3010,36959,210,2016,1139,2070,13,51,1311,776,1169,8002,3634,247,569,461,8643,4331,234,5222,28,7,24,41,175,914,24,50,1238,7725,168,271,37,14,30,127,546,130,17,44,8,0,26,0,0,0,0,0,0,1,2,0,418,2,0,1,1,0,0,1,1,0,3,0,3,35,4,0,3,14,0,0,0,2,10,0,0,3,1,32,0,0,12,2,1,6,0,2,2,0,0,1,0
337,1374,866,1544,104,107,267,239,210,40945,4901,2837,1501,228,717,2568,566,659,434,395,7486,4994,992,266,54,185,102,52,45,358,863,611,1393,42,725,651,1454,84,1251,17,17088,15294,2260,75,62,49,406,354,50,4536,3,6,5,7,4,16,0,0,0,2,8,1,0,0,14,4,33,0,14,2,1,3,4,0,0,5,5,0,1,3,4,3,6,5,3,2,43,52,7,4,21,0,4,0,2,28,4,3,10,2
15,92,46,206,5,17,26,3689,2016,4901,5785,13451,2582,43,83,1858,1092,522,2429,1445,1275,2686,2656,337,385,98,422,13,14,44,368,312,1608,15,191,436,1478,170,483,7,49,86,172,158,50,37,306,63,19,39,1,0,1,2,0,5,1,0,1,4,3,0,0,1,2,0,3,0,0,2,0,0,2,2,0,3,7,0,1,1,2,3,0,0,11,0,19,7,1,11,4,1,14,0,3,6,2,0,2,2
0,3,1,5,0,1,2,804,1139,2837,13451,20037,9781,2,7,410,10704,279,861,1992,3331,246,4426,95,534,75,579,5,2,39,34,288,13243,10,24,98,415,109,70,2,80,195,88,68,30,11,349,3,1,17,0,0,0,0,0,0,0,0,0,1,0,0,0,0,0,0,0,0,0,1,0,1,1,2,0,0,2,0,0,0,4,3,0,0,0,0,4,0,0,7,0,0,1,0,0,0,0,0,0,0
1,6,2,22,0,0,1,6795,2070,1501,2582,9781,13211,40,36,363,15030,5876,212,5938,1093,220,913,80,373,137,675,12,26,555,96,256,15268,5,12,41,799,39,35,4,311,1171,227,26,420,6,105,3,1,407,0,0,1,0,0,0,0,0,0,2,0,1,0,1,0,0,0,0,0,0,0,0,0,1,0,0,2,0,0,0,2,1,0,0,1,0,8,0,0,1,2,1,0,0,1,0,0,0,0,0
3750,2735,187,1897,1608,58,57,114,13,228,43,2,40,19439,6784,559,2,37,5,220,12,1146,4,47,7,26,8,6,2517,21130,138,12,21,4,210,75,418,9,176,2,849,140,154,0,8,1,1,103,7427,2950,11,9,14,0,2,13,0,0,0,1,10,0,0,0,24,1,51,0,8,2,0,3,2,0,1,0,0,0,3,3,0,0,12,4,0,0,27,50,1,1,35,0,0,0,0,71,11,1,6,7
72,1633,181,12732,52,39,43,39,51,717,83,7,36,6784,12512,2032,7,9,29,378,104,345,7,47,21,29,20,0,252,2561,1634,6,25,2,215,78,247,15,170,1,417,386,5306,2,10,1,2,161,101,6709,11,3,9,4,6,14,0,0,0,0,5,0,0,0,6,2,42,0,1,0,1,0,0,2,0,0,0,0,6,0,0,1,7,6,0,0,15,23,3,1,18,0,0,0,0,64,2,1,2,1
50,353,79,6330,45,411,1647,1765,1311,2568,1858,410,363,559,2032,25594,271,739,6018,1834,2120,248,64,915,202,24,114,1,46,571,9159,23,113,0,4357,6906,1593,19,2123,1,230,461,10812,18,17,2,16,591,65,589,14,19,22,7,16,26,1,0,1,0,14,0,0,0,37,4,61,0,4,1,1,1,0,0,0,0,0,0,10,2,0,0,14,6,0,0,68,77,1,1,57,0,1,0,0,213,14,1,9,6
0,0,0,4,0,0,0,4434,776,566,1092,10704,15030,2,7,271,10191,3347,591,56,12693,41,247,40,20,13,15,2,2,48,3503,39,360,1,10,46,128,3,49,0,36,160,468,8,7,1,14,2,0,25,0,0,1,0,0,0,0,0,0,0,0,0,0,0,0,0,0,0,0,1,0,0,0,0,0,0,0,0,1,0,0,0,1,0,0,0,2,0,0,0,0,0,0,0,0,0,0,0,0,0
1,2,2,6,0,2,0,10375,1169,659,522,279,5876,37,9,739,3347,1512,1217,123,1599,94,30,41,4,4,3,0,14,399,1642,6,34,0,10,24,285,6,15,0,106,1116,709,3,2,0,5,2,0,824,0,0,0,0,0,0,0,0,0,0,1,0,0,0,0,0,0,0,0,0,0,0,0,0,0,0,0,0,0,0,0,0,0,0,0,0,2,0,0,0,0,0,0,0,0,0,0,0,0,0
4,9,4,23,2,0,0,2863,8002,434,2429,861,212,5,29,6018,591,1217,14547,424,1410,144,92,2103,301,12,171,7,2,28,1401,30,120,2,28,3248,2115,19,179,3,16,49,165,16,13,3,18,3,0,23,0,0,0,0,0,0,0,0,0,3,0,0,1,0,0,0,0,0,2,0,0,0,0,0,0,1,0,0,0,0,1,0,0,0,0,0,12,0,0,1,0,0,0,0,0,0,0,0,0,0
9,37,10,311,6,5,12,22888,3634,395,1445,1992,5938,220,378,1834,56,123,424,28267,242,855,2123,96,8135,2210,3358,125,23,633,1440,841,6678,124,56,132,562,5032,64,36,170,391,941,1891,8288,68,195,24,19,789,0,2,0,0,0,1,2,1,1,3,2,1,0,3,1,0,1,0,2,25,1,8,0,32,0,8,44,1,0,0,7,20,0,0,28,2,4,1,1,41,0,0,8,0,4,1,0,1,0,0
0,9,1,62,3,3,5,365,247,7486,1275,3331,1093,12,104,2120,12693,1599,1410,242,22750,96,145,186,36,43,27,11,7,214,3268,130,482,9,285,505,845,17,546,2,344,2175,7009,8,30,4,54,76,4,1026,0,0,0,0,0,0,0,0,0,1,1,0,0,0,1,1,1,0,2,0,0,0,0,0,0,0,0,0,0,0,0,1,1,0,0,0,9,2,0,0,3,1,0,0,0,0,2,0,0,1
870,1016,871,449,483,115,173,721,569,4994,2686,246,220,1146,345,248,41,94,144,855,96,19327,2299,101,426,674,707,425,5608,2028,75,810,243,329,164,163,464,265,331,203,20627,436,120,832,69,8559,670,41,245,205,4,3,4,5,0,15,0,0,0,4,11,2,1,0,6,5,26,0,2,3,0,15,5,17,0,30,23,2,2,2,38,20,9,1,14,12,23,36,1,34,17,9,52,0,22,22,3,0,4,1
0,2,0,4,1,0,0,254,461,992,2656,4426,913,4,7,64,247,30,92,2123,145,2299,15638,69,1639,2043,2877,496,8,56,19,7886,14048,408,4,17,86,1948,12,189,78,99,26,2642,327,3199,9404,2,0,9,0,0,0,0,0,1,0,0,3,3,2,1,1,2,0,0,1,0,0,6,1,39,1,55,1,141,160,7,0,0,152,85,1,0,50,31,1,0,1,151,0,22,199,2,94,0,0,0,1,0
7,31,19,77,16,57,43,381,8643,266,337,95,80,47,47,915,40,41,2103,96,186,101,69,5392,800,82,1174,11,10,113,10,47,116,16,1453,6051,7254,57,16061,56,36,44,164,222,42,3,14,572,54,34,0,0,0,1,2,2,0,0,0,12,0,0,0,0,1,0,1,0,0,1,0,0,0,1,0,3,2,0,0,0,1,3,1,0,1,0,5,0,0,1,0,2,3,0,1,11,1,0,0,0
0,1,0,19,0,0,0,96,4331,54,385,534,373,7,21,202,20,4,301,8135,36,426,1639,800,11921,1162,10903,57,1,19,2,718,2356,71,15,199,257,1154,65,242,9,15,34,4246,774,19,191,3,1,6,0,0,0,0,0,0,0,0,0,6,1,3,2,0,1,0,0,0,0,13,0,12,1,23,1,20,86,0,1,1,30,42,0,0,29,5,3,0,0,88,0,10,35,0,18,0,0,0,2,0
3,2,0,18,1,0,0,33,234,185,98,75,137,26,29,24,13,4,12,2210,43,674,2043,82,1162,23647,4597,856,4,97,23,33253,407,9346,1,7,36,17290,8,995,49,91,52,22991,10871,603,1468,2,0,61,0,0,0,0,0,0,1,2,1,4,6,7,6,0,1,0,0,0,0,3,0,104,2,78,0,381,303,18,1,2,402,151,4,0,85,134,0,1,1,262,1,131,552,16,216,0,0,0,2,0
1,1,1,10,1,5,1,1122,5222,102,422,579,675,8,20,114,15,3,171,3358,27,707,2877,1174,10903,4597,18161,1016,3,25,42,4101,1902,502,14,129,750,2023,223,8640,14,29,31,17174,1907,250,1211,39,3,17,0,0,0,0,0,0,3,2,1,5,0,4,6,5,0,0,1,0,1,35,1,35,9,80,0,103,270,17,2,0,130,108,2,1,78,35,4,0,0,230,2,322,159,7,55,2,0,2,0,0
0,1,0,1,0,0,0,5,28,52,13,5,12,6,0,1,2,0,7,125,11,425,496,11,57,856,1016,63415,31,48,0,3023,51,10488,0,0,5,71,5,22936,20,24,1,1355,110,20308,5890,0,0,14,0,0,0,0,0,0,0,0,0,0,0,0,0,0,0,0,0,0,0,0,0,3,0,2,0,9,72,11,0,0,17,1,0,0,0,7,0,0,0,8,0,207,23,2,5,0,0,0,0,0
355,316,137,147,242,41,20,18,7,45,14,2,26,2517,252,46,2,14,2,23,7,5608,8,10,1,4,3,31,74118,9543,17,10,9,6,20,17,89,1,41,6,27167,95,14,1,2,687,4,40,5233,112,1,1,0,0,0,3,0,0,0,0,1,0,0,0,2,1,8,0,0,0,0,2,0,0,0,0,0,0,0,0,0,0,3,0,0,0,11,11,0,0,6,0,0,0,0,5,0,0,1,0
802,1174,549,1021,397,66,75,406,24,358,44,39,555,21130,2561,571,48,399,28,633,214,2028,56,113,19,97,25,48,9543,46802,253,161,306,20,273,224,763,11,550,9,8516,12128,343,6,90,20,43,142,1912,3226,3,4,4,5,2,10,0,0,0,3,8,0,0,0,9,5,58,0,10,0,1,2,4,0,0,0,0,0,6,1,1,0,16,8,0,0,45,61,7,0,43,0,0,0,0,33,6,1,6,5
12,53,10,984,4,24,8,2861,41,863,368,34,96,138,1634,9159,3503,1642,1401,1440,3268,75,19,10,2,23,42,0,17,253,14492,8,26,1,66,151,149,26,41,0,89,584,21689,4,11,1,1,50,16,2349,2,0,0,0,0,1,0,0,0,0,1,0,0,0,2,1,5,0,0,0,0,1,0,0,1,0,0,0,2,0,0,0,0,0,1,0,9,4,0,0,6,0,0,0,0,10,2,2,1,1
1,1,0,4,0,0,0,52,175,611,312,288,256,12,6,23,39,6,30,841,130,810,7886,47,718,33253,4101,3023,10,161,8,35275,4694,8846,1,3,44,1771,9,1095,108,218,19,4098,1291,2495,30807,2,0,44,0,0,0,0,0,0,0,1,0,5,5,7,5,2,1,0,0,2,0,5,0,83,1,76,1,304,258,9,0,1,406,142,3,0,72,125,0,0,2,271,0,115,536,12,232,0,0,0,3,2
0,0,0,11,0,0,1,845,914,1393,1608,13243,15268,21,25,113,360,34,120,6678,482,243,14048,116,2356,407,1902,51,9,306,26,4694,19340,31,11,49,199,740,22,14,223,464,79,440,7143,47,4818,1,0,92,0,0,0,0,0,0,1,0,0,5,0,1,2,2,0,1,0,0,0,24,2,14,1,27,1,15,37,0,0,2,21,40,1,0,53,1,1,0,0,57,0,1,21,0,16,0,1,0,0,1
0,0,0,1,0,0,0,3,24,42,15,10,5,4,2,0,1,0,2,124,9,329,408,16,71,9346,502,10488,6,20,1,8846,31,26142,0,2,5,109,5,14364,11,15,4,6545,127,4925,10786,0,0,6,0,0,0,0,0,0,0,0,0,0,0,0,2,0,0,0,0,0,0,1,0,4,3,7,0,22,42,1,0,0,45,2,0,0,2,59,0,0,0,13,0,80,67,7,24,0,0,0,0,0
26,169,70,999,49,994,1352,17,50,725,191,24,12,210,215,4357,10,10,28,56,285,164,4,1453,15,1,14,0,20,273,66,1,11,0,8688,2922,981,6,13503,0,99,142,630,2,0,0,1,3370,114,98,10,18,22,4,7,28,0,0,0,0,15,1,0,0,22,5,44,0,3,1,1,8,1,0,1,0,0,0,9,0,0,0,7,4,0,0,46,54,8,0,39,0,0,0,0,176,12,3,4,8
9,20,7,65,5,5,10,31,1238,651,436,98,41,75,78,6906,46,24,3248,132,505,163,17,6051,199,7,129,0,17,224,151,3,49,2,2922,14547,1600,12,9446,1,88,113,454,18,5,0,3,124,5,65,1,0,0,0,0,0,1,0,0,0,1,0,0,0,1,0,6,0,4,0,0,1,1,0,0,0,0,0,0,0,0,0,0,0,0,0,10,6,0,1,1,0,0,0,0,4,0,0,0,0
37,128,63,342,34,76,80,5104,7725,1454,1478,415,799,418,247,1593,128,285,2115,562,845,464,86,7254,257,36,750,5,89,763,149,44,199,5,981,1600,3103,23,5525,25,201,273,1005,52,20,7,15,874,45,185,3,0,1,0,4,2,1,0,0,45,3,0,0,0,1,0,4,0,5,0,0,1,0,1,0,0,2,1,0,0,0,2,0,1,1,0,31,3,1,2,3,4,1,0,0,12,2,0,1,0
1,3,0,7,0,1,0,43,168,84,170,109,39,9,15,19,3,6,19,5032,17,265,1948,57,1154,17290,2023,71,1,11,26,1771,740,109,6,12,23,11604,9,24,9,16,16,11022,3013,44,381,0,3,16,1,0,0,0,0,0,1,0,1,6,2,4,5,0,2,1,0,0,0,16,2,57,2,65,0,67,191,2,0,3,81,122,2,0,113,7,0,0,1,191,1,5,121,2,37,0,0,0,0,1
22,59,99,228,209,1247,602,20,271,1251,483,70,35,176,170,2123,49,15,179,64,546,331,12,16061,65,8,223,5,41,550,41,9,22,5,13503,9446,5525,9,33182,13,183,206,539,13,3,1,4,11627,271,110,4,1,4,1,2,17,0,0,0,0,4,1,0,0,4,1,7,0,4,0,0,2,1,0,0,0,1,1,4,1,0,1,1,3,0,0,22,22,1,0,3,1,0,0,0,24,2,0,5,0
0,0,0,0,1,0,0,1,37,17,7,2,4,2,1,1,0,0,3,36,2,203,189,56,242,995,8640,22936,6,9,0,1095,14,14364,0,1,25,24,13,22070,3,3,0,14897,35,2299,1313,1,0,1,0,0,0,0,0,0,0,0,0,0,1,0,0,0,0,0,0,0,0,0,0,12,10,23,0,39,241,30,0,1,53,2,0,0,1,84,0,0,0,9,1,966,84,9,27,0,0,0,0,1
565,816,492,479,226,55,93,71,14,17088,49,80,311,849,417,230,36,106,16,170,344,20627,78,36,9,49,14,20,27167,8516,89,108,223,11,99,88,201,9,183,3,66341,8158,204,3,27,18,39,57,168,505,1,0,2,3,0,12,0,0,1,0,6,0,0,0,2,2,17,0,1,1,0,1,0,0,0,0,2,0,0,1,0,1,4,1,0,0,12,15,4,0,11,0,0,0,1,9,0,2,3,1
28,109,50,225,10,10,18,295,30,15294,86,195,1171,140,386,461,160,1116,49,391,2175,436,99,44,15,91,29,24,95,12128,584,218,464,15,142,113,273,16,206,3,8158,12488,2313,8,51,9,71,56,9,7767,1,1,0,1,0,2,0,0,0,1,0,0,0,0,2,1,5,0,3,0,0,0,0,1,0,0,0,0,1,0,0,0,1,1,2,0,1,9,1,0,6,0,0,0,0,3,0,0,1,2
7,60,6,1092,8,193,30,394,127,2260,172,88,227,154,5306,10812,468,709,165,941,7009,120,26,164,34,52,31,1,14,343,21689,19,79,4,630,454,1005,16,539,0,204,2313,49213,5,20,2,8,405,34,6609,9,9,9,5,8,13,0,0,0,0,10,0,0,0,18,4,37,0,3,2,1,3,0,0,0,0,0,0,3,0,0,0,7,4,0,0,41,48,3,0,36,0,0,0,0,107,7,3,11,2
0,1,0,0,0,0,0,44,546,75,158,68,26,0,2,18,8,3,16,1891,8,832,2642,222,4246,22991,17174,1355,1,6,4,4098,440,6545,2,18,52,11022,13,14897,3,8,5,88310,286,633,1193,5,0,5,0,0,0,0,0,0,0,0,1,2,4,0,7,0,0,0,0,1,1,2,1,73,8,59,0,264,325,19,1,1,366,120,1,0,61,137,1,0,1,243,0,321,450,14,188,0,0,0,1,0
0,0,1,1,0,0,0,21,130,62,50,30,420,8,10,17,7,2,13,8288,30,69,327,42,774,10871,1907,110,2,90,11,1291,7143,127,0,5,20,3013,3,35,27,51,20,286,13046,33,66,0,1,34,0,0,0,0,0,0,0,0,0,3,2,1,1,2,0,0,0,1,0,16,0,16,3,38,1,14,58,0,0,3,8,52,0,0,48,3,2,0,2,90,0,2,28,0,3,0,0,0,4,1
0,0,1,0,0,0,0,6,17,49,37,11,6,1,1,2,1,0,3,68,4,8559,3199,3,19,603,250,20308,687,20,1,2495,47,4925,0,0,7,44,1,2299,18,9,2,633,33,10432,9464,0,2,2,0,0,0,0,0,0,0,0,0,0,1,0,0,0,0,0,0,0,0,0,0,1,0,1,0,11,6,2,1,0,11,2,0,0,2,11,0,0,0,6,0,21,18,0,4,0,0,0,0,0
0,0,0,1,0,0,0,38,44,406,306,349,105,1,2,16,14,5,18,195,54,670,9404,14,191,1468,1211,5890,4,43,1,30807,4818,10786,1,3,15,381,4,1313,39,71,8,1193,66,9464,34754,0,0,8,0,0,0,0,0,0,0,0,0,1,3,0,1,1,0,0,0,0,0,1,0,16,0,17,0,91,80,4,0,0,136,29,0,0,11,38,0,0,0,73,0,45,139,5,76,0,0,0,2,0
17,138,96,1140,253,3350,1343,11,8,354,63,3,3,103,161,591,2,2,3,24,76,41,2,572,3,2,39,0,40,142,50,2,1,0,3370,124,874,0,11627,1,57,56,405,5,0,0,0,6267,637,39,6,8,9,3,11,15,0,0,1,1,4,0,0,0,15,4,32,0,2,0,0,1,1,0,0,0,1,0,2,1,0,0,4,3,0,0,15,26,2,0,31,0,0,0,0,143,4,1,1,1
1788,582,281,206,3275,2114,201,5,0,50,19,1,1,7427,101,65,0,0,0,19,4,245,0,54,1,0,3,0,5233,1912,16,0,0,0,114,5,45,3,271,0,168,9,34,0,1,2,0,637,12012,33,3,0,0,0,0,4,0,0,0,0,1,0,0,0,1,1,5,0,0,0,0,0,0,0,0,0,0,0,1,0,0,0,0,0,0,0,3,5,1,0,5,0,0,0,0,8,0,0,0,0
13,170,54,597,6,3,12,1030,26,4536,39,17,407,2950,6709,589,25,824,23,789,1026,205,9,34,6,61,17,14,112,3226,2349,44,92,6,98,65,185,16,110,1,505,7767,6609,5,34,2,8,39,33,16758,3,1,3,1,0,3,0,0,0,0,7,0,0,0,2,1,9,0,1,0,0,2,0,0,0,0,0,0,1,0,1,0,0,0,0,0,12,14,1,1,13,0,0,0,0,10,1,0,3,2
2,8,4,27,0,111,9,0,0,3,1,0,0,11,11,14,0,0,0,0,0,4,0,0,0,0,0,0,1,3,2,0,0,0,10,1,3,1,4,0,1,1,9,0,0,0,0,6,3,3,42411,21927,4273,11724,12581,3484,7,9,4,30,116,9,5,9,17940,103,107,1,27,74,3,54,9,15,5,1,4,0,438,20,1,26,357,17,6,0,32,335,11,20,133,0,3,0,1,727,9447,55,113,10
0,11,6,27,1,8,4,0,0,6,0,0,0,9,3,19,0,0,0,2,0,3,0,0,0,0,0,0,1,4,0,0,0,0,18,0,0,0,1,0,0,1,9,0,0,0,0,8,0,1,21927,53478,13027,8363,2885,4352,6,20,0,18,233,11,4,6,12426,72,66,0,9,65,6,143,10,8,3,0,4,0,385,18,3,19,461,3,3,0,29,273,12,22,104,0,1,0,1,1297,1298,135,205,22
2,13,6,29,0,1,6,0,0,5,1,0,1,14,9,22,1,0,0,0,0,4,0,0,0,0,0,0,0,4,0,0,0,0,22,0,1,0,4,0,2,0,9,0,0,0,0,9,0,3,4273,13027,32015,414,880,9982,19,84,21,175,537,24,14,67,24350,6356,2614,16,179,376,20,184,63,57,12,5,13,0,723,225,11,72,1584,556,38,0,91,1292,64,90,298,0,5,0,7,764,2067,214,567,87
16,11,433,142,7,865,39,1,0,7,2,0,0,0,4,7,0,0,0,0,0,5,0,1,0,0,0,0,0,5,0,0,0,0,4,0,0,0,1,0,3,1,5,0,0,0,0,3,0,1,11724,8363,414,28179,20091,13416,0,5,0,7,85,3,4,3,399,17,24,0,11,32,2,33,3,4,0,1,1,0,65,3,0,9,99,2,2,0,17,210,5,7,39,0,0,1,0,947,387,34,58,6
1,6,2,22,3,208,141,0,0,4,0,0,0,2,6,16,0,0,0,0,0,0,0,2,0,0,0,0,0,2,0,0,0,0,7,0,4,0,2,0,0,0,8,0,0,0,0,11,0,0,12581,2885,880,20091,30908,11035,2,3,0,7,76,5,2,5,493,43,77,1,6,17,2,12,19,6,1,1,1,0,42,4,0,2,70,8,3,0,50,1149,9,5,369,0,2,0,0,9749,5405,10,43,13
21,13,113,163,89,249,619,1,0,16,5,0,0,13,14,26,0,0,0,1,0,15,1,2,0,0,0,0,3,10,1,0,0,0,28,0,2,0,17,0,12,2,13,0,0,0,0,15,4,3,3484,4352,9982,13416,11035,19039,6,22,7,78,608,32,6,25,2363,125,1367,5,67,206,12,177,52,28,6,2,10,0,297,36,2,43,525,17,13,0,135,3118,34,53,380,0,7,0,1,2068,690,144,399,60
0,0,0,0,0,0,0,0,1,0,1,0,0,0,0,1,0,0,0,2,0,0,0,0,0,1,3,0,0,0,0,0,1,0,0,1,1,1,0,0,0,0,0,0,0,0,0,0,0,0,7,6,19,0,2,6,2550,4005,461,2961,38,28,67,4475,139,135,38,3204,96,4979,29,57,376,387,41,28,804,2,36,983,55,2191,184,19,1420,3,893,21,81,76,6,0,8,1,22,2,13,11,62,32
0,0,0,0,0,0,0,0,2,0,0,0,0,0,0,0,0,0,0,1,0,0,0,0,0,2,2,0,0,0,0,1,0,0,0,0,0,0,0,0,0,0,0,0,0,0,0,0,0,0,9,20,84,5,3,22,4005,20632,5471,6400,86,327,152,898,343,263,255,7338,617,3888,77,330,866,143,22,7,382,11,37,1819,37,208,168,98,79,8,2170,31,22,43,16,6,37,20,69,0,33,10,47,17
0,0,0,0,0,0,0,0,0,0,1,0,0,0,0,1,0,0,0,1,0,0,3,0,0,1,1,0,0,0,0,0,0,0,0,0,0,1,0,0,1,0,0,1,0,0,0,1,0,0,4,0,21,0,0,7,461,5471,5487,4189,441,757,220,126,31,39,691,2051,2898,365,244,415,104,55,64,8,35,7,7,3624,14,112,15,27,35,4,407,37,22,17,39,3,29,18,67,6,1,6,22,21
0,0,0,1,0,0,0,7,418,2,4,1,2,1,0,0,0,0,3,3,1,4,3,12,6,4,5,0,0,3,0,5,5,0,0,0,45,6,0,0,0,1,0,2,3,0,1,1,0,0,30,18,175,7,7,78,2961,6400,4189,41903,892,1391,1344,2544,237,195,433,3335,6914,7780,1235,832,16842,3042,330,45,1152,22,37,414,127,1031,136,113,257,17,5042,416,104,157,88,12,205,26,170,11,38,37,160,99
1,7,2,13,0,1,3,0,2,8,3,0,0,10,5,14,0,1,0,2,1,11,2,0,1,6,0,0,1,8,1,5,0,0,15,1,3,2,4,1,6,0,10,4,2,1,3,4,1,7,116,233,537,85,76,608,38,86,441,892,50393,7385,1911,173,809,591,553,443,1853,259,9809,2966,1122,245,1702,43,112,24,377,357,101,803,694,182,136,34,1346,1477,861,242,2094,17,157,77,394,260,95,35556,38681,7485
0,0,0,0,0,0,0,0,0,1,0,0,1,0,0,0,0,0,0,1,0,2,1,0,3,7,4,0,0,0,0,7,1,0,1,0,0,4,1,0,0,0,0,0,1,0,0,0,0,0,9,11,24,3,5,32,28,327,757,1391,7385,11709,8055,652,36,69,121,1394,1111,373,8178,9270,442,487,890,17,139,8,36,575,38,1440,142,25,32,10,278,273,181,81,240,7,105,45,272,14,8,65,445,406
0,0,0,0,0,0,0,0,1,0,0,0,0,0,0,0,0,0,1,0,0,1,1,0,2,6,6,0,0,0,0,5,2,2,0,0,0,5,0,0,0,0,0,7,1,0,1,0,0,0,5,4,14,4,2,6,67,152,220,1344,1911,8055,13603,6657,44,59,34,3910,228,755,6899,5847,202,791,799,14,238,10,28,847,52,10083,102,17,89,12,113,74,153,85,72,3,93,39,373,1,9,21,224,240
0,0,0,0,0,0,0,0,1,0,1,0,1,0,0,0,0,0,0,3,0,0,2,0,0,0,5,0,0,0,0,2,2,0,0,0,0,0,0,0,0,0,0,0,2,0,1,0,0,0,9,6,67,3,5,25,4475,898,126,2544,173,652,6657,11219,131,105,45,12481,94,3011,1667,885,191,785,150,24,603,5,27,518,41,8204,125,31,723,9,279,28,112,68,11,5,31,9,129,4,15,11,109,95
2,18,7,45,0,5,8,0,0,14,2,0,0,24,6,37,0,0,0,1,1,6,0,1,1,1,0,0,2,9,2,1,0,0,22,1,1,2,4,0,2,2,18,0,0,0,0,15,1,2,17940,12426,24350,399,493,2363,139,343,31,237,809,36,44,131,80032,13480,1550,40,239,1255,30,362,69,96,48,82,36,1,4363,1350,69,374,23451,918,480,4,227,832,235,645,668,3,6,5,42,762,15002,461,1270,273
0,7,0,3,1,0,1,0,0,4,0,0,0,1,2,4,0,0,0,0,1,5,0,0,0,0,0,0,1,5,1,0,1,0,5,0,0,1,1,0,2,1,4,0,0,0,0,4,1,1,103,72,6356,17,43,125,135,263,39,195,591,69,59,105,13480,49077,5461,51,275,726,91,208,52,82,179,52,28,2,604,2414,79,352,8293,11880,434,9,154,757,7627,324,494,3,19,5,64,108,356,292,3646,7170
4,23,4,73,2,4,10,0,1,33,3,0,0,51,42,61,0,0,0,1,1,26,1,1,0,0,1,0,8,58,5,0,0,0,44,6,4,0,7,0,17,5,37,0,0,0,0,32,5,9,107,66,2614,24,77,1367,38,255,691,433,553,121,34,45,1550,5461,20980,128,4474,336,95,90,162,40,687,5,14,1,180,9385,10,79,935,8636,34,2,413,10574,1657,41,1308,0,11,0,8,484,138,80,586,478
0,0,0,0,0,0,0,0,1,0,0,0,0,0,0,0,0,0,0,0,0,0,0,0,0,0,0,0,0,0,0,2,0,0,0,0,0,0,0,0,0,0,0,1,1,0,0,0,0,0,1,0,16,0,1,5,3204,7338,2051,3335,443,1394,3910,12481,40,51,128,9576,928,461,10934,518,380,102,3150,22,39,1,13,3780,40,1002,60,16,344,3,96,28,68,63,22,3,18,7,61,1,6,8,55,77
0,0,0,1,0,1,1,2,0,14,0,0,0,8,1,4,0,0,2,2,2,2,0,0,0,0,1,0,0,10,0,0,0,0,3,4,5,0,4,0,1,3,3,1,0,0,0,2,0,1,27,9,179,11,6,67,96,617,2898,6914,1853,1111,228,94,239,275,4474,928,20500,558,756,370,7464,91,593,7,35,1,82,4846,16,90,298,272,27,4,1785,6132,425,46,604,4,19,9,32,54,48,44,412,311
0,0,0,0,0,0,0,4,3,2,2,1,0,2,0,1,1,0,0,25,0,3,6,1,13,3,35,0,0,0,0,5,24,1,1,0,0,16,0,0,1,0,2,2,16,0,1,0,0,0,74,65,376,32,17,206,4979,3888,365,7780,259,373,755,3011,1255,726,336,461,558,16875,101,1010,372,5117,67,101,3291,15,223,980,154,7845,914,196,5465,13,468,218,241,4518,41,6,221,12,162,13,159,56,291,110
0,0,0,1,0,1,0,0,0,1,0,0,0,0,1,1,0,0,0,1,0,0,1,0,0,0,1,0,0,1,0,0,2,0,1,0,0,2,0,0,0,0,1,1,0,0,0,0,0,0,3,6,20,2,2,12,29,77,244,1235,9809,8178,6899,1667,30,91,95,10934,756,101,21526,1143,835,149,9592,24,55,5,56,1908,40,858,232,12,56,2,421,312,1045,64,384,4,66,34,166,15,6,102,1027,8598
0,0,2,0,1,0,1,0,3,3,0,1,0,3,0,1,0,0,0,8,0,15,39,0,12,104,35,3,2,2,1,83,14,4,8,1,1,57,2,12,1,0,3,73,16,1,16,1,0,2,54,143,184,33,12,177,57,330,415,832,2966,9270,5847,885,362,208,90,518,370,1010,1143,38756,237,3018,430,233,1245,2907,3163,577,1439,18828,977,37,227,3198,197,182,269,865,247,1005,1763,6856,10975,44,97,2708,1531,433
0,0,0,2,0,0,1,2,35,4,2,1,0,2,0,0,0,0,0,0,0,5,1,0,1,2,9,0,0,4,0,1,1,3,1,1,0,2,1,10,0,0,0,8,3,0,0,1,0,0,9,10,63,3,19,52,376,866,104,16842,1122,442,202,191,69,52,162,380,7464,372,835,237,5503,1491,236,76,450,12,41,157,87,228,140,32,65,49,11259,3605,102,127,1719,159,202,18,60,192,23,40,246,155
0,0,0,1,0,0,0,2,4,0,2,2,1,0,2,0,0,0,0,32,0,17,55,1,23,78,80,2,0,0,0,76,27,7,0,0,1,65,0,23,0,1,0,59,38,1,17,0,0,0,15,8,57,4,6,28,387,143,55,3042,245,487,791,785,96,82,40,102,91,5117,149,3018,1491,24994,65,793,15822,60,37,130,952,4079,170,26,1133,274,362,39,87,5247,21,562,5645,63,731,2,22,18,171,103
0,0,0,1,0,0,0,0,0,0,0,0,0,1,0,0,0,0,0,0,0,0,1,0,1,0,0,0,0,0,1,1,1,0,1,0,0,0,0,0,0,0,0,0,1,0,0,0,0,0,5,3,12,0,1,6,41,22,64,330,1702,890,799,150,48,179,687,3150,593,67,9592,430,236,65,12543,17,23,3,53,7291,37,363,330,664,96,4,217,303,5668,48,354,1,21,15,80,13,9,63,833,2574
0,0,0,0,0,0,0,1,3,5,3,0,0,0,0,0,0,0,1,8,0,30,141,3,20,381,103,9,0,0,0,304,15,22,0,0,0,67,0,39,0,0,0,264,14,11,91,0,0,0,1,0,5,1,1,2,28,7,8,45,43,17,14,24,82,52,5,22,7,101,24,233,76,793,17,14785,2700,356,38,70,9700,522,209,9,4219,14284,8,5,36,10523,3,1039,8769,103,291,0,18,13,95,53
0,0,0,2,0,0,0,2,14,5,7,2,2,0,0,0,0,0,0,44,0,23,160,2,86,303,270,72,0,0,0,258,37,42,0,0,2,191,1,241,2,0,0,325,58,6,80,1,0,0,4,4,13,1,1,10,804,382,35,1152,112,139,238,603,36,28,14,39,35,3291,55,1245,450,15822,23,2700,24810,251,14,62,2994,1816,74,12,1910,1062,318,11,25,3881,19,4511,13632,257,1655,6,14,4,52,33
0,0,0,0,0,0,0,0,0,0,0,0,0,0,0,0,0,0,0,1,0,2,7,0,0,18,17,11,0,0,0,9,0,1,0,0,1,2,1,30,0,0,0,19,0,2,4,0,0,0,0,0,0,0,0,0,2,11,7,22,24,8,10,5,1,2,1,1,1,15,5,2907,12,60,3,356,251,51578,47,3,1512,87,11,1,22,18395,5,0,3,141,3,29356,617,15470,2661,0,1,7,13,18
1,4,2,8,0,1,0,0,0,1,1,0,0,3,6,10,1,0,0,0,0,2,0,0,1,1,2,0,0,6,2,0,0,0,9,0,0,0,4,0,0,1,3,1,0,1,0,2,1,1,438,385,723,65,42,297,36,37,7,37,377,36,28,27,4363,604,180,13,82,223,56,3163,41,37,53,38,14,47,158085,184,41,166,36249,101,214,5,191,245,242,267,515,6,16,248,47,97,17503,37413,1204,180
0,1,0,0,0,0,1,0,0,3,1,0,0,3,0,2,0,0,0,0,0,2,0,0,1,2,0,0,0,1,0,1,2,0,0,0,0,3,1,1,1,0,0,1,3,0,0,1,0,0,20,18,225,3,4,36,983,1819,3624,414,357,575,847,518,1350,2414,9385,3780,4846,980,1908,577,157,130,7291,70,62,3,184,10431,101,944,1167,3325,984,5,146,734,2913,165,262,0,23,8,104,30,65,55,677,688
0,0,0,0,0,0,0,2,2,4,2,4,2,0,0,0,0,0,1,7,0,38,152,1,30,402,130,17,0,1,0,406,21,45,0,0,0,81,0,53,0,0,0,366,8,11,136,0,0,1,1,3,11,0,0,2,55,37,14,127,101,38,52,41,69,79,10,40,16,154,40,1439,87,952,37,9700,2994,1512,41,101,18088,3759,277,6,2322,10876,12,15,85,1622,10,1402,5961,1611,16601,5,9,14,136,110
0,0,0,1,0,0,0,1,10,3,3,3,1,0,1,0,0,0,0,20,1,20,85,3,42,151,108,1,0,0,0,142,40,2,0,0,2,122,1,2,1,0,0,120,52,2,29,0,0,0,26,19,72,9,2,43,2191,208,112,1031,803,1440,10083,8204,374,352,79,1002,90,7845,858,18828,228,4079,363,522,1816,87,166,944,3759,26594,947,71,10299,182,98,76,506,829,65,55,915,183,13884,3,67,69,588,505
1,4,0,10,0,3,7,1,0,6,0,0,0,12,7,14,1,0,0,0,1,9,1,1,0,4,2,0,3,16,0,3,1,0,7,0,0,2,1,0,4,1,7,1,0,0,0,4,0,0,357,461,1584,99,70,525,184,168,15,136,694,142,102,125,23451,8293,935,60,298,914,232,977,140,170,330,209,74,11,36249,1167,277,947,92563,741,1204,20,579,959,2071,1061,1722,8,47,38,181,211,3625,16391,26025,3091
1,1,2,2,0,0,0,0,0,5,0,0,0,4,6,6,0,0,0,0,0,1,0,0,0,0,1,0,0,8,0,0,0,0,4,0,1,0,3,0,1,1,4,0,0,0,0,3,0,0,17,3,556,2,8,17,19,98,27,113,182,25,17,31,918,11880,8636,16,272,196,12,37,32,26,664,9,12,1,101,3325,6,71,741,14591,52,1,89,737,9700,82,404,0,3,0,14,74,48,54,470,703
0,0,0,0,0,0,0,3,3,3,11,0,1,0,0,0,0,0,0,28,0,14,50,1,29,85,78,0,0,0,1,72,53,2,0,0,1,113,0,1,0,2,0,61,48,2,11,0,0,0,6,3,38,2,3,13,1420,79,35,257,136,32,89,723,480,434,34,344,27,5465,56,227,65,1133,96,4219,1910,22,214,984,2322,10299,1204,52,12403,146,48,19,332,8499,34,46,591,11,183,7,67,51,371,272
0,0,0,0,0,0,0,0,1,2,0,0,0,0,0,0,0,0,0,2,0,12,31,0,5,134,35,7,0,0,0,125,1,59,0,0,0,7,0,84,0,0,0,137,3,11,38,0,0,0,0,0,0,0,0,0,3,8,4,17,34,10,12,9,4,9,2,3,4,13,2,3198,49,274,4,14284,1062,18395,5,5,10876,182,20,1,146,46764,4,0,7,948,0,16141,10175,11357,6864,0,1,2,11,11
4,25,14,52,1,7,15,72,32,43,19,4,8,27,15,68,2,2,12,4,9,23,1,5,3,0,4,0,11,45,9,0,1,0,46,10,31,0,22,0,12,1,41,1,2,0,0,15,3,12,32,29,91,17,50,135,893,2170,407,5042,1346,278,113,279,227,154,413,96,1785,468,421,197,11259,362,217,8,318,5,191,146,12,98,579,89,48,4,2701,1702,382,29,6931,24,30,4,16,991,97,133,814,409
3,24,12,71,3,7,11,4,0,52,7,0,0,50,23,77,0,0,0,1,2,36,0,0,0,1,0,0,11,61,4,0,0,0,54,6,3,0,22,0,15,9,48,0,0,0,0,26,5,14,335,273,1292,210,1149,3118,21,31,37,416,1477,273,74,28,832,757,10574,28,6132,218,312,182,3605,39,303,5,11,0,245,734,15,76,959,737,19,0,1702,23748,981,32,13652,1,7,4,20,4355,233,166,978,564
0,2,0,1,0,0,2,0,0,7,1,0,0,1,3,1,0,0,0,1,0,1,1,0,0,1,0,0,0,7,0,2,0,0,8,0,1,1,1,0,4,1,3,1,2,0,0,2,1,1,11,12,64,5,9,34,81,22,22,104,861,181,153,112,235,7627,1657,68,425,241,1045,269,102,87,5668,36,25,3,242,2913,85,506,2071,9700,332,7,382,981,29175,314,2064,2,14,9,92,159,48,180,4490,13814
0,0,0,0,0,0,0,0,12,4,11,7,1,1,1,1,0,0,1,41,0,34,151,1,88,262,230,8,0,0,0,271,57,13,0,1,2,191,0,9,0,0,0,243,90,6,73,0,0,1,20,22,90,7,5,53,76,43,17,157,242,81,85,68,645,324,41,63,46,4518,64,865,127,5247,48,10523,3881,141,267,165,1622,829,1061,82,8499,948,29,32,314,26075,18,232,20271,65,466,5,120,64,334,168
2,21,7,59,1,3,12,0,2,21,4,0,2,35,18,57,0,0,0,0,3,17,0,0,0,1,2,0,6,43,6,0,0,0,39,1,3,1,3,1,11,6,36,0,0,0,0,31,5,13,133,104,298,39,369,380,6,16,39,88,2094,240,72,11,668,494,1308,22,604,41,384,247,1719,21,354,3,19,3,515,262,10,65,1722,404,34,0,6931,13652,2064,18,19306,4,17,2,24,12167,353,250,1924,1289
0,0,0,0,0,0,0,0,1,0,1,0,1,0,0,0,0,0,0,0,1,9,22,2,10,131,322,207,0,0,0,115,1,80,0,0,4,5,1,966,0,0,0,321,2,21,45,0,0,0,0,0,0,0,0,0,0,6,3,12,17,7,3,5,3,3,0,3,4,6,4,1005,159,562,1,1039,4511,29356,6,0,1402,55,8,0,46,16141,24,1,2,232,4,32657,14360,2763,1141,0,0,1,6,4
0,0,0,0,0,0,0,2,6,4,14,1,0,0,0,1,0,0,0,8,0,52,199,3,35,552,159,23,0,0,0,536,21,67,0,0,1,121,0,84,0,0,0,450,28,18,139,0,0,0,3,1,5,0,2,7,8,37,29,205,157,105,93,31,6,19,11,18,19,221,66,1763,202,5645,21,8769,13632,617,16,23,5961,915,47,3,591,10175,30,7,14,20271,17,14360,42131,396,2180,1,4,9,55,40
0,0,0,0,0,0,0,0,0,0,0,0,0,0,0,0,0,0,0,0,0,0,2,0,0,16,7,2,0,0,0,12,0,7,0,0,0,2,0,9,0,0,0,14,0,0,5,0,0,0,0,0,0,1,0,0,1,20,18,26,77,45,39,9,5,5,0,7,9,12,34,6856,18,63,15,103,257,15470,248,8,1611,183,38,0,11,11357,4,4,9,65,2,2763,396,14687,7542,0,1,20,37,24
0,0,0,0,0,0,0,1,2,2,3,0,1,0,0,0,0,0,0,4,0,22,94,1,18,216,55,5,0,0,0,232,16,24,0,0,0,37,0,27,1,0,0,188,3,4,76,0,0,0,1,1,7,0,0,1,22,69,67,170,394,272,373,129,42,64,8,61,32,162,166,10975,60,731,80,291,1655,2661,47,104,16601,13884,181,14,183,6864,16,20,92,466,24,1141,2180,7542,22988,0,6,20,206,165
15,182,99,470,9,69,151,1,2,28,6,0,0,71,64,213,0,0,0,1,0,22,0,11,0,0,2,0,5,33,10,0,0,0,176,4,12,0,24,0,9,3,107,0,0,0,0,143,8,10,727,1297,764,947,9749,2068,2,0,6,11,260,14,1,4,762,108,484,1,54,13,15,44,192,2,13,0,6,0,97,30,5,3,211,74,7,0,991,4355,159,5,12167,0,1,0,0,15222,1037,47,181,110
0,4,1,14,2,7,10,0,0,4,2,0,0,11,2,14,0,0,0,0,2,3,0,1,0,0,0,0,0,6,2,0,1,0,12,0,2,0,2,0,0,0,7,0,0,0,0,4,0,1,9447,1298,2067,387,5405,690,13,33,1,38,95,8,9,15,15002,356,138,6,48,159,6,97,23,22,9,18,14,1,17503,65,9,67,3625,48,67,1,97,233,48,120,353,0,4,1,6,1037,49990,442,468,51
1,0,1,3,0,0,2,0,0,3,0,0,0,1,1,1,0,0,0,1,0,0,0,0,0,0,2,0,0,1,2,0,0,0,3,0,0,0,0,0,2,0,3,0,0,0,0,1,0,0,55,135,214,34,10,144,11,10,6,37,35556,65,21,11,461,292,80,8,44,56,102,2708,40,18,63,13,4,7,37413,55,14,69,16391,54,51,2,133,166,180,64,250,1,9,20,20,47,442,59229,7185,359
0,3,2,8,0,0,1,1,1,10,2,0,0,6,2,9,0,0,0,0,0,4,1,0,2,2,0,0,1,6,1,3,0,0,4,0,1,0,5,0,3,1,11,1,4,0,2,1,0,3,113,205,567,58,43,399,62,47,22,160,38681,445,224,109,1270,3646,586,55,412,291,1027,1531,246,171,833,95,52,13,1204,677,136,588,26025,470,371,11,814,978,4490,334,1924,6,55,37,206,181,468,7185,31677,11658
0,3,1,2,1,0,0,0,0,2,2,0,0,7,1,6,0,0,0,0,1,1,0,0,0,0,0,0,0,5,1,2,1,0,8,0,0,1,0,1,1,2,2,0,1,0,0,1,0,2,10,22,87,6,13,60,32,17,21,99,7485,406,240,95,273,7170,478,77,311,110,8598,433,155,103,2574,53,33,18,180,688,110,505,3091,703,272,11,409,564,13814,168,1289,4,40,24,165,110,51,359,11658,18970
