8174,2491,4893,1912,6648,911,354,4,9,112,12,0,1,5474,129,84,1,6,1,26,3,718,0,22,4,1,2,0,410,423,17,5,4,0,233,6,33,4,45,0,389,74,12,0,2,1,1,213,789,15,1,1,1,62,3,6,0,0,0,0,1,0,0,0,1,2,2,0,0,0,0,2,0,0,0,0,0,0,0,2,0,0,1,1,0,0,4,2,0,0,1,0,0,0,0,16,0,0,2,1
2491,17558,5694,11425,455,324,564,2,7,509,21,3,2,2975,1341,192,1,3,2,16,6,659,4,12,3,4,3,0,205,333,26,2,4,1,212,11,34,1,32,0,359,294,14,0,5,0,1,199,123,40,0,6,4,16,5,11,0,0,0,0,0,0,0,0,3,2,2,0,1,0,0,3,0,0,0,0,0,0,1,1,0,0,1,1,0,0,2,4,1,0,0,0,0,0,0,15,0,0,1,0
4893,5694,33687,3845,4582,5755,6687,4,0,343,11,1,3,542,24,18,0,0,2,6,2,1292,3,7,3,0,1,1,501,520,8,0,3,0,74,3,19,1,59,0,686,161,9,1,0,1,0,179,221,28,458,759,8,4998,91,162,1,0,0,0,11,1,0,0,31,5,6,0,0,2,0,27,1,0,0,0,1,1,17,1,0,0,17,0,0,0,3,12,1,0,3,0,0,0,0,18,5,9,19,4
1912,11425,3845,23690,710,1264,9470,38,76,905,72,13,10,4479,6805,5390,8,27,21,195,24,886,11,81,10,27,24,1,272,667,137,15,32,3,1355,85,137,21,202,3,485,503,234,10,15,0,4,695,262,177,2,19,6,56,12,16,1,0,0,3,1,1,0,0,11,4,11,0,4,0,0,2,1,1,0,0,1,0,0,3,0,0,3,3,0,0,6,10,2,0,3,0,0,0,0,25,1,3,4,1
6648,455,4582,710,15447,19425,280,10,25,63,7,1,1,4022,82,127,0,5,4,29,1,552,1,27,8,3,5,0,390,445,21,5,3,3,177,10,37,2,112,1,305,51,14,1,2,0,0,901,2310,9,0,3,2,2782,16,3,0,1,0,0,0,0,0,0,0,2,2,0,0,0,0,2,0,0,0,0,0,0,1,2,0,0,0,2,0,0,1,1,0,0,0,0,0,0,0,11,0,0,0,0
911,324,5755,1264,19425,27531,20729,3,5,50,5,1,3,379,90,27,1,1,0,18,7,166,0,14,3,0,4,0,91,70,6,5,7,0,385,8,45,0,2150,1,71,14,14,0,1,1,1,5715,1878,8,6,32,8,4852,395,460,0,0,0,0,1,0,0,0,7,5,16,0,4,0,0,3,1,0,0,0,0,0,1,2,0,0,6,5,0,0,5,10,2,0,5,0,0,0,0,61,0,1,2,2
354,564,6687,9470,280,20729,23572,28,122,285,46,8,12,401,95,2872,8,12,81,122,12,245,10,72,14,12,21,1,63,148,232,12,18,4,5689,430,185,16,2276,1,107,103,152,5,22,0,0,1512,35,37,6,36,21,615,248,418,0,1,0,0,3,0,0,0,11,4,22,0,0,0,0,8,3,0,0,0,0,0,1,4,0,0,5,5,0,0,10,21,1,0,7,0,0,0,0,72,2,2,8,3
4,2,4,38,10,3,28,50074,8604,106,731,289,4753,172,80,403,1748,15402,856,23240,45,657,382,2794,167,283,595,6,18,131,1344,344,1243,61,65,149,3086,161,182,22,29,54,88,113,861,22,92,61,8,37,1,1,1,0,0,0,3,10,0,2,1,0,2,0,1,2,1,0,0,5,0,5,4,7,0,0,15,0,0,2,3,10,0,1,9,0,16,1,0,6,0,1,4,0,1,1,0,0,0,1
9,7,0,76,25,5,122,8604,90101,232,1330,1140,2002,166,79,651,354,978,8503,16068,130,1198,1033,18951,6660,254,3498,15,34,73,262,464,1723,86,599,3487,4092,366,1261,109,38,47,85,679,163,48,218,124,8,27,0,5,2,2,2,4,2,5,1,6,1,0,2,1,0,3,7,1,4,5,0,5,1,4,1,3,17,0,1,4,4,10,0,2,13,2,22,3,0,16,5,7,7,0,0,7,0,2,0,1
112,509,343,905,63,50,285,106,232,33665,5127,2718,652,613,603,1421,785,174,182,169,3860,3758,503,126,45,42,96,3,125,370,1266,183,901,18,863,476,485,48,801,4,22326,15139,1958,50,44,17,85,167,136,7500,0,11,6,3,4,14,0,1,1,1,2,0,0,0,7,11,18,0,10,0,1,3,1,0,1,0,2,0,0,1,0,0,2,2,1,0,14,19,2,1,8,0,0,0,0,20,0,3,3,7
12,21,11,72,7,5,46,731,1330,5127,6423,11382,2804,111,89,515,2858,922,463,467,3560,3630,2412,227,311,51,302,8,23,90,1048,272,1635,30,259,444,489,76,426,14,68,181,601,121,30,75,250,52,12,288,0,1,2,2,2,5,1,1,0,0,0,0,1,0,0,2,8,0,4,1,0,2,0,1,0,0,3,0,0,0,0,3,0,3,2,1,9,3,3,1,7,1,4,0,2,4,0,3,2,1
0,3,1,13,1,1,8,289,1140,2718,11382,24198,20296,53,18,126,8847,627,230,894,6384,1002,7182,169,626,54,383,8,24,185,737,273,9149,27,76,205,325,88,136,14,79,321,232,108,33,56,508,18,3,193,0,1,1,0,0,0,0,1,0,2,0,1,0,0,1,0,2,0,0,0,0,1,1,2,0,0,3,0,0,1,2,4,0,0,6,0,6,1,0,0,0,0,3,0,0,1,0,0,0,1
1,2,3,10,1,3,12,4753,2002,652,2804,20296,21659,92,32,88,13092,5411,142,2431,487,352,1686,325,381,93,238,5,35,278,707,311,11142,19,61,125,389,66,112,14,82,383,237,89,213,45,187,26,5,255,1,1,0,0,0,2,1,1,0,1,0,0,0,2,0,1,3,0,1,3,0,2,0,2,0,0,6,0,0,1,0,5,0,0,2,0,9,3,1,1,1,1,3,0,1,3,0,0,1,0
5474,2975,542,4479,4022,379,401,172,166,613,111,53,92,52496,4657,2000,47,134,70,585,71,2280,37,188,37,140,69,1,4386,24858,806,160,176,28,1030,146,365,68,327,6,2402,1479,1209,26,114,2,14,461,16866,1960,5,29,19,14,18,22,0,0,0,1,4,3,0,0,8,7,23,0,3,0,1,9,5,0,0,1,1,0,2,4,0,1,3,2,0,0,13,29,3,1,10,0,0,0,0,47,1,1,3,8
129,1341,24,6805,82,90,95,80,79,603,89,18,32,4657,18018,3216,13,71,95,263,55,411,8,61,11,22,18,0,249,1472,751,26,40,9,332,73,157,15,105,1,383,627,6227,6,23,1,3,58,120,3683,0,1,0,1,1,0,0,0,0,0,4,0,0,1,0,0,3,0,1,0,0,1,0,0,0,0,0,0,0,4,0,1,1,1,0,0,3,2,0,0,0,0,0,0,0,4,0,0,2,1
84,192,18,5390,127,27,2872,403,651,1421,515,126,88,2000,3216,24198,66,424,14576,1064,296,555,74,302,49,71,106,0,166,629,16380,75,146,18,3280,2631,986,68,933,10,341,504,4779,29,85,5,21,320,118,314,2,34,13,19,9,15,1,2,0,2,7,3,0,0,7,20,68,2,12,2,1,9,8,2,0,0,0,0,2,18,0,2,9,19,4,0,39,52,9,2,16,0,1,0,0,48,2,4,14,10
1,1,0,8,0,1,8,1748,354,785,2858,8847,13092,47,13,66,14265,7113,129,45,5414,273,264,44,18,9,27,1,22,152,5188,35,244,2,25,91,142,5,98,5,43,224,259,15,4,4,36,14,1,191,0,1,0,1,0,0,0,0,0,1,0,0,0,0,1,0,3,0,0,0,0,1,0,0,0,0,0,0,0,1,0,0,2,0,0,0,0,1,0,0,0,0,0,0,0,2,0,0,1,2
6,3,0,27,5,1,12,15402,978,174,922,627,5411,134,71,424,7113,4990,521,904,548,368,264,122,56,80,86,2,39,250,3495,194,655,18,59,137,587,41,215,5,58,156,175,24,184,12,36,48,11,163,0,4,3,1,0,3,1,0,0,1,1,0,0,0,0,0,5,0,0,0,0,2,2,1,0,0,0,1,0,1,0,0,0,0,1,0,2,7,2,0,1,0,0,0,0,4,0,0,1,1
1,2,2,21,4,0,81,856,8503,182,463,230,142,70,95,14576,129,521,11313,435,127,319,126,425,21,16,44,0,7,39,3554,57,162,7,286,7083,430,26,266,3,12,24,245,19,24,8,33,27,4,16,0,0,1,0,1,1,0,1,0,1,0,0,0,0,2,1,8,1,90,0,1,1,1,1,0,0,0,0,0,3,0,0,0,1,0,0,15,3,2,1,3,0,1,0,0,5,0,0,4,0
26,16,6,195,29,18,122,23240,16068,169,467,894,2431,585,263,1064,45,904,435,31711,55,411,774,893,7219,1304,4582,10,80,327,491,1888,11138,179,322,743,1407,5207,381,61,92,170,240,1966,7096,38,165,336,54,109,1,3,3,1,2,4,6,11,0,11,1,4,7,3,2,6,3,2,3,32,0,14,3,18,1,4,47,0,0,2,6,67,2,0,91,5,28,1,2,51,1,6,20,0,7,3,0,0,2,1
3,6,2,24,1,7,12,45,130,3860,3560,6384,487,71,55,296,5414,548,127,55,12137,359,273,66,24,11,38,0,34,267,3036,44,391,5,119,185,246,14,283,4,131,693,4615,18,9,10,38,69,4,2407,1,1,1,1,0,0,1,0,0,0,0,0,0,0,0,2,6,0,6,0,0,0,1,0,0,0,0,0,1,3,0,1,0,3,0,0,9,8,1,1,1,0,0,0,0,6,1,0,3,1
718,659,1292,886,552,166,245,657,1198,3758,3630,1002,352,2280,411,555,273,368,319,411,359,22286,5126,179,380,228,664,732,4249,2908,454,793,566,307,424,282,321,161,348,230,20398,2520,372,633,56,3355,1347,171,659,457,2,11,9,36,12,16,1,1,0,2,1,3,0,1,4,11,16,0,2,2,0,8,2,2,2,1,8,0,1,6,10,2,1,3,3,2,16,22,4,4,9,12,31,1,3,18,0,3,0,4
0,4,3,11,1,0,10,382,1033,503,2412,7182,1686,37,8,74,264,264,126,774,273,5126,13244,130,1065,685,2130,295,35,59,157,4111,16538,562,45,104,187,649,81,355,40,81,76,1418,101,2687,11574,18,3,49,0,0,0,0,0,0,1,3,0,4,1,1,2,1,0,2,1,0,0,5,0,7,1,6,0,8,23,2,0,0,13,18,0,0,15,5,2,1,0,28,0,15,39,0,5,0,0,0,0,1
22,12,7,81,27,14,72,2794,18951,126,227,169,325,188,61,302,44,122,425,893,66,179,130,6842,342,63,680,2,12,41,159,83,223,38,790,11661,11610,79,9845,44,19,31,89,156,41,9,46,403,19,18,1,1,4,2,3,2,2,6,0,5,1,3,0,2,5,3,6,0,14,6,0,4,3,3,0,0,15,0,0,1,2,7,1,1,10,1,16,2,1,6,1,0,4,1,1,5,0,0,0,0
4,3,3,10,8,3,14,167,6660,45,311,626,381,37,11,49,18,56,21,7219,24,380,1065,342,15264,263,11873,3,10,49,49,383,2498,70,74,191,228,1853,158,113,7,42,14,2488,277,27,127,22,5,16,0,1,0,0,0,0,1,0,0,1,0,0,1,0,0,0,1,0,0,8,0,2,0,5,0,4,6,0,0,0,2,7,0,0,18,1,0,1,1,11,0,2,5,0,1,1,0,0,0,0
1,4,0,27,3,0,12,283,254,42,51,54,93,140,22,71,9,80,16,1304,11,228,685,63,263,21045,3415,11,18,98,70,13327,784,2537,40,46,108,10205,44,130,17,25,45,10506,3026,55,611,60,7,17,0,4,0,1,0,0,2,0,0,9,0,4,0,1,1,1,0,0,0,8,0,60,3,9,0,43,90,2,2,0,86,31,0,0,21,78,3,0,1,81,1,110,323,8,34,2,0,0,2,1
2,3,1,24,5,4,21,595,3498,96,302,383,238,69,18,106,27,86,44,4582,38,664,2130,680,11873,3415,29501,84,15,56,89,3471,2490,952,67,193,1120,3951,379,5247,13,31,32,24666,3495,192,1035,76,10,14,0,2,1,0,1,0,11,15,1,22,4,10,12,6,3,5,1,2,3,86,2,86,7,48,0,30,162,10,1,2,64,144,5,3,197,42,30,1,5,192,0,147,241,7,40,3,1,0,2,5
0,0,1,1,0,0,1,6,15,3,8,8,5,1,0,0,1,2,0,10,0,732,295,2,3,11,84,66358,46,4,4,198,18,5610,3,1,6,10,2,28413,2,2,0,127,4,23287,5949,1,2,0,0,0,0,0,0,0,0,0,0,0,0,0,0,0,0,0,0,0,0,1,0,1,1,0,0,0,41,33,0,0,1,0,0,0,0,13,1,0,0,1,0,321,13,18,0,0,0,0,0,0
410,205,501,272,390,91,63,18,34,125,23,24,35,4386,249,166,22,39,7,80,34,4249,35,12,10,18,15,46,123346,11649,177,43,75,7,104,13,39,5,59,5,55549,1172,251,8,18,121,11,60,5672,248,0,5,4,14,1,1,0,0,1,0,1,2,0,0,0,0,7,0,3,0,0,2,0,0,0,0,1,0,0,0,1,0,2,0,0,0,0,3,0,0,2,0,2,0,0,2,0,0,0,0
423,333,520,667,445,70,148,131,73,370,90,185,278,24858,1472,629,152,250,39,327,267,2908,59,41,49,98,56,4,11649,56183,1108,247,558,31,350,71,125,22,131,2,15836,12571,1759,30,144,14,29,131,2754,4375,0,4,3,12,8,6,0,0,0,1,0,0,0,0,5,3,12,1,1,0,0,0,2,1,0,0,1,0,0,2,0,1,0,0,0,0,5,12,4,0,3,0,1,0,1,11,0,0,3,5
17,26,8,137,21,6,232,1344,262,1266,1048,737,707,806,751,16380,5188,3495,3554,491,3036,454,157,159,49,70,89,4,177,1108,21080,101,341,19,608,347,832,34,801,4,278,519,10746,15,81,3,23,173,55,992,6,20,14,4,17,26,0,1,0,7,8,2,0,0,17,31,62,0,10,0,2,6,5,2,1,0,0,0,2,15,0,2,12,20,2,0,27,34,10,0,20,0,1,0,0,36,2,0,5,9
5,2,0,15,5,5,12,344,464,183,272,273,311,160,26,75,35,194,57,1888,44,793,4111,83,383,13327,3471,198,43,247,101,24870,5520,5863,56,46,142,1314,90,466,52,142,89,3470,2653,736,24836,68,9,92,1,2,4,0,1,2,2,1,0,5,0,3,6,2,2,1,6,0,2,7,1,70,1,24,0,63,122,7,0,2,137,29,2,1,29,85,4,2,0,98,2,123,421,11,42,8,0,1,4,4
4,4,3,32,3,7,18,1243,1723,901,1635,9149,11142,176,40,146,244,655,162,11138,391,566,16538,223,2498,784,2490,18,75,558,341,5520,14340,148,82,189,404,787,182,64,187,662,194,1074,3546,209,13920,66,16,402,0,1,0,2,3,3,5,4,0,7,1,2,6,3,1,6,4,0,0,12,1,16,2,14,0,6,27,1,0,1,6,55,1,0,59,4,17,0,1,36,1,5,22,0,5,5,0,0,3,4
0,1,0,3,3,0,4,61,86,18,30,27,19,28,9,18,2,18,7,179,5,307,562,38,70,2537,952,5610,7,31,19,5863,148,26084,12,11,50,160,22,18354,7,15,15,10553,90,5395,15877,18,0,1,0,0,0,1,0,0,0,0,0,0,0,0,2,1,0,0,0,0,0,0,0,15,2,4,0,23,71,26,0,0,51,5,0,0,0,153,0,0,0,13,0,516,254,22,15,0,0,0,1,1
233,212,74,1355,177,385,5689,65,599,863,259,76,61,1030,332,3280,25,59,286,322,119,424,45,790,74,40,67,3,104,350,608,56,82,12,11750,3028,1304,39,9776,7,195,251,349,36,52,3,4,5060,80,90,12,97,60,42,69,96,0,4,1,14,21,3,1,1,39,56,112,2,5,2,3,24,5,1,2,0,3,0,13,19,0,4,24,38,0,0,56,144,10,3,53,0,0,0,0,183,9,11,20,25
6,11,3,85,10,8,430,149,3487,476,444,205,125,146,73,2631,91,137,7083,743,185,282,104,11661,191,46,193,1,13,71,347,46,189,11,3028,17452,1577,101,5565,11,57,89,203,85,50,2,15,85,10,51,2,6,2,2,2,9,0,3,0,4,11,1,0,0,6,8,30,1,573,0,0,4,2,1,2,0,1,0,2,13,0,0,3,2,2,0,25,38,5,1,12,0,0,0,0,10,2,3,6,9
33,34,19,137,37,45,185,3086,4092,485,489,325,389,365,157,986,142,587,430,1407,246,321,187,11610,228,108,1120,6,39,125,832,142,404,50,1304,1577,4981,54,10917,51,67,90,760,67,111,11,50,994,21,64,9,53,41,21,22,51,13,28,4,52,27,4,2,5,35,55,138,8,32,33,2,20,23,10,4,1,42,1,18,24,0,13,21,51,8,0,147,189,32,20,50,5,7,0,1,103,3,7,30,33
4,1,1,21,2,0,16,161,366,48,76,88,66,68,15,68,5,41,26,5207,14,161,649,79,1853,10205,3951,10,5,22,34,1314,787,160,39,101,54,22850,41,82,4,16,10,12033,7799,36,190,51,7,12,0,0,0,0,0,0,0,1,0,2,0,0,1,1,0,0,0,0,1,4,0,5,1,8,0,4,26,0,0,0,5,26,0,0,20,4,6,1,0,32,0,3,17,1,4,0,0,0,0,1
45,32,59,202,112,2150,2276,182,1261,801,426,136,112,327,105,933,98,215,266,381,283,348,81,9845,158,44,379,2,59,131,801,90,182,22,9776,5565,10917,41,49345,15,95,114,671,89,50,6,15,13910,80,104,5,30,20,25,27,14,0,2,0,3,10,1,0,1,8,21,73,2,5,1,4,14,6,1,0,0,6,0,2,16,0,5,13,23,0,0,33,80,14,2,20,0,2,0,0,57,3,2,5,14
0,0,0,3,1,1,1,22,109,4,14,14,14,6,1,10,5,5,3,61,4,230,355,44,113,130,5247,28413,5,2,4,466,64,18354,7,11,51,82,15,25919,3,4,1,14313,28,5533,3726,4,1,1,0,0,0,0,0,1,0,1,0,1,0,0,1,0,0,0,1,0,0,2,0,23,3,6,0,12,186,169,1,1,42,5,0,0,1,159,1,0,0,9,3,1584,260,90,5,1,0,0,0,0
389,359,686,485,305,71,107,29,38,22326,68,79,82,2402,383,341,43,58,12,92,131,20398,40,19,7,17,13,2,55549,15836,278,52,187,7,195,57,67,4,95,3,75876,9516,407,12,20,15,3,68,760,800,0,2,1,17,1,4,0,0,0,1,0,0,0,0,2,0,5,1,1,0,0,0,0,0,0,0,1,0,0,1,0,0,1,0,0,0,3,6,0,0,5,0,0,0,0,5,1,0,2,2
74,294,161,503,51,14,103,54,47,15139,181,321,383,1479,627,504,224,156,24,170,693,2520,81,31,42,25,31,2,1172,12571,519,142,662,15,251,89,90,16,114,4,9516,17221,1597,23,44,4,38,48,964,8545,0,1,1,2,1,2,0,0,0,0,1,1,0,0,2,1,7,0,0,0,0,0,0,0,0,0,1,1,0,3,0,1,0,1,0,0,1,5,0,0,3,0,0,0,0,2,0,0,3,1
12,14,9,234,14,14,152,88,85,1958,601,232,237,1209,6227,4779,259,175,245,240,4615,372,76,89,14,45,32,0,251,1759,10746,89,194,15,349,203,760,10,671,1,407,1597,23373,13,37,4,11,198,67,7776,2,45,16,13,30,26,0,1,0,6,12,0,0,0,25,22,67,0,8,1,0,7,4,1,0,0,1,0,5,12,1,1,11,22,1,0,21,53,9,0,11,0,0,0,0,67,7,2,14,7
0,0,1,10,1,0,5,113,679,50,121,108,89,26,6,29,15,24,19,1966,18,633,1418,156,2488,10506,24666,127,8,30,15,3470,1074,10553,36,85,67,12033,89,14313,12,23,13,62792,277,471,1020,21,0,7,0,0,0,0,0,0,2,2,0,8,0,0,2,0,0,2,1,0,1,4,1,99,5,15,0,101,192,51,0,0,247,31,1,1,18,336,4,0,1,90,0,1016,872,44,47,0,0,0,1,0
2,5,0,15,2,1,22,861,163,44,30,33,213,114,23,85,4,184,24,7096,9,56,101,41,277,3026,3495,4,18,144,81,2653,3546,90,52,50,111,7799,50,28,20,44,37,277,7240,7,41,54,10,37,0,0,0,1,0,2,1,2,0,4,0,2,6,1,3,1,2,1,0,14,0,6,1,7,0,3,41,1,0,1,3,55,0,0,80,1,9,0,0,54,0,3,11,1,7,1,0,0,1,1
1,0,1,0,0,1,0,22,48,17,75,56,45,2,1,5,4,12,8,38,10,3355,2687,9,27,55,192,23287,121,14,3,736,209,5395,3,2,11,36,6,5533,15,4,4,471,7,14554,15139,1,1,2,0,0,0,0,0,0,0,0,0,0,0,0,0,0,0,0,0,0,0,0,0,4,0,2,0,1,15,14,0,0,0,0,0,0,0,13,0,0,0,0,0,109,12,5,0,0,0,0,0,0
1,1,0,4,0,1,0,92,218,85,250,508,187,14,3,21,36,36,33,165,38,1347,11574,46,127,611,1035,5949,11,29,23,24836,13920,15877,4,15,50,190,15,3726,3,38,11,1020,41,15139,71844,10,1,11,0,0,1,0,0,1,1,0,1,0,1,0,1,0,0,1,2,0,0,0,0,11,1,1,0,19,33,4,0,0,34,6,0,0,1,62,0,1,0,23,1,148,142,6,13,0,0,0,0,0
213,199,179,695,901,5715,1512,61,124,167,52,18,26,461,58,320,14,48,27,336,69,171,18,403,22,60,76,1,60,131,173,68,66,18,5060,85,994,51,13910,4,68,48,198,21,54,1,10,11679,517,37,34,297,104,145,225,281,0,6,1,22,21,2,1,3,80,50,139,4,15,3,2,40,13,1,0,0,4,0,23,12,0,0,42,27,1,0,41,132,16,1,40,0,1,0,0,485,4,4,21,16
789,123,221,262,2310,1878,35,8,8,136,12,3,5,16866,120,118,1,11,4,54,4,659,3,19,5,7,10,2,5672,2754,55,9,16,0,80,10,21,7,80,1,760,964,67,0,10,1,1,517,10423,60,0,3,1,7,1,2,0,0,0,0,1,0,0,0,0,1,0,0,0,0,0,1,0,0,0,0,0,0,0,0,0,1,0,1,0,0,2,1,0,0,0,0,0,0,0,10,0,0,2,0
15,40,28,177,9,8,37,37,27,7500,288,193,255,1960,3683,314,191,163,16,109,2407,457,49,18,16,17,14,0,248,4375,992,92,402,1,90,51,64,12,104,1,800,8545,7776,7,37,2,11,37,60,18555,1,3,0,0,2,0,0,1,0,3,0,0,0,0,2,2,5,0,0,0,0,1,1,0,0,0,1,0,0,2,0,0,2,1,0,0,1,5,0,0,1,0,1,0,0,4,0,0,0,0
1,0,458,2,0,6,6,1,0,0,0,0,1,5,0,2,0,0,0,1,1,2,0,1,0,0,0,0,0,0,6,1,0,0,12,2,9,0,5,0,0,0,2,0,0,0,0,34,0,1,34306,8797,1551,10839,11218,644,3,14,0,24,187,5,2,4,11808,162,286,2,6,20,4,965,44,11,0,1,9,1,1207,7,4,14,931,18,13,0,65,172,8,12,60,0,0,1,0,418,8069,339,504,46
1,6,759,19,3,32,36,1,5,11,1,1,1,29,1,34,1,4,0,3,1,11,0,1,1,4,2,0,5,4,20,2,1,0,97,6,53,0,30,0,2,1,45,0,0,0,0,297,3,3,8797,55698,5727,13324,1996,6751,1,16,1,19,874,28,0,4,6275,137,238,3,7,9,4,1507,58,17,1,2,10,2,649,8,4,16,1277,9,22,0,211,522,11,17,110,0,1,0,0,1092,631,374,1134,83
1,4,8,6,2,8,21,1,2,6,2,1,0,19,0,13,0,3,1,3,1,9,0,4,0,0,1,0,4,3,14,4,0,0,60,2,41,0,20,0,1,1,16,0,0,0,1,104,1,0,1551,5727,19288,510,1380,3351,10,71,6,161,484,32,6,9,9242,2350,3301,13,50,74,9,497,177,38,3,5,35,4,367,25,6,51,615,137,47,3,330,1014,19,46,200,3,21,1,2,789,648,168,671,109
62,16,4998,56,2782,4852,615,0,2,3,2,0,0,14,1,19,1,1,0,1,1,36,0,2,0,1,0,0,14,12,4,0,2,1,42,2,21,0,25,0,17,2,13,0,1,0,0,145,7,0,10839,13324,510,33081,23774,16710,0,1,0,9,197,3,0,1,937,35,44,2,4,3,0,740,16,3,0,0,3,1,257,4,1,6,501,4,4,1,77,340,6,5,232,0,3,0,0,1315,247,142,334,9
3,5,91,12,16,395,248,0,2,4,2,0,0,18,1,9,0,0,1,2,0,12,0,3,0,0,1,0,1,8,17,1,3,0,69,2,22,0,27,0,1,1,30,0,0,0,0,225,1,2,11218,1996,1380,23774,23488,8530,1,10,0,29,108,4,1,2,2008,101,127,1,7,10,4,394,87,15,0,1,18,0,178,4,4,10,290,8,6,0,221,1501,2,8,908,3,5,1,0,7037,3789,93,182,17
6,11,162,16,3,460,418,0,4,14,5,0,2,22,0,15,0,3,1,4,0,16,0,2,0,0,0,0,1,6,26,2,3,0,96,9,51,0,14,1,4,2,26,0,2,0,1,281,2,0,644,6751,3351,16710,8530,29215,1,17,2,93,263,24,3,2,612,64,1160,5,53,29,4,381,176,35,0,4,26,0,165,9,4,24,310,10,12,1,369,2547,11,19,1067,2,6,0,1,2535,101,85,294,40
0,0,1,1,0,0,0,3,2,0,1,0,1,0,0,1,0,1,0,6,1,1,1,2,1,2,11,0,0,0,0,2,5,0,0,0,13,0,0,0,0,0,0,2,1,0,1,0,0,0,3,1,10,0,1,1,2809,5546,202,1261,37,196,130,2517,72,614,68,8272,34,5409,24,275,258,481,9,50,229,11,15,239,46,6798,72,90,1767,31,508,27,110,120,3,18,76,18,62,8,12,4,55,55
0,0,0,0,1,0,1,10,5,1,1,1,1,0,0,2,0,0,1,11,0,1,3,6,0,0,15,0,0,0,1,1,4,0,4,3,28,1,2,1,0,0,1,2,2,0,0,6,0,1,14,16,71,1,10,17,5546,17141,6893,6490,101,526,129,1450,407,873,528,11866,567,11167,33,425,475,329,4,19,244,8,50,563,43,878,165,139,194,21,2925,33,56,164,22,25,66,14,41,33,45,19,96,71
0,0,0,0,0,0,0,0,1,1,0,0,0,0,0,0,0,0,0,0,0,0,0,0,0,0,1,0,1,0,0,0,0,0,1,0,4,0,0,0,0,0,0,0,0,0,1,1,0,0,0,1,6,0,0,2,202,6893,2866,10347,51,258,69,101,31,76,2644,1180,3811,37,94,179,30,21,17,5,21,4,5,6326,8,48,8,12,21,3,88,11,11,15,6,2,15,4,12,4,2,3,6,16
0,0,0,3,0,0,0,2,6,1,0,2,1,1,0,2,1,1,1,11,0,2,4,5,1,9,22,0,0,1,7,5,7,0,14,4,52,2,3,1,1,0,6,8,4,0,0,22,0,3,24,19,161,9,29,93,1261,6490,10347,85615,370,962,523,1144,287,495,4066,1899,13559,6007,246,1041,14058,13601,25,43,2266,15,43,320,107,1609,114,110,337,42,13051,2673,116,771,854,58,829,29,101,163,31,11,148,156
1,0,11,1,0,1,3,1,1,2,0,0,0,4,4,7,0,1,0,1,0,1,1,1,0,0,4,0,1,0,8,0,1,0,21,11,27,0,10,0,0,1,12,0,0,0,1,21,1,0,187,874,484,197,108,263,37,101,51,370,30211,4025,1029,235,776,1172,2214,551,538,68,4128,1478,480,129,260,24,106,13,92,295,84,287,452,268,83,39,589,745,448,114,373,26,99,32,81,216,129,19589,19238,6671
0,0,1,1,0,0,0,0,0,0,0,1,0,3,0,3,0,0,0,4,0,3,1,3,0,4,10,0,2,0,2,3,2,0,3,1,4,0,1,0,0,1,0,0,2,0,0,2,0,0,5,28,32,3,4,24,196,526,258,962,4025,8594,6745,1322,75,208,1043,1374,897,165,7693,6909,405,550,228,35,385,25,16,407,180,977,70,46,93,84,268,155,244,269,87,47,269,98,303,32,5,31,353,1176
0,0,0,0,0,0,0,2,2,0,1,0,0,0,0,0,0,0,0,7,0,0,2,0,1,0,12,0,0,0,0,6,6,2,1,0,2,1,0,1,0,0,0,2,6,0,1,1,0,0,2,0,6,0,1,3,130,129,69,523,1029,6745,18342,13102,31,201,238,2381,261,314,5316,4356,148,934,278,22,371,22,7,367,140,6368,24,26,72,54,79,18,267,182,14,34,182,54,336,7,2,8,115,619
0,0,0,0,0,0,0,0,1,0,0,0,2,0,1,0,0,0,0,3,0,1,1,2,0,1,6,0,0,0,0,2,3,1,1,0,5,1,1,0,0,0,0,0,1,0,0,3,0,0,4,4,9,1,2,2,2517,1450,101,1144,235,1322,13102,12771,36,251,148,13944,165,433,885,1132,228,691,129,20,228,14,6,404,107,15648,23,41,138,43,197,26,217,119,11,19,110,39,170,11,2,5,82,259
1,3,31,11,0,7,11,1,0,7,0,1,0,8,0,7,1,0,2,2,0,4,0,5,0,1,3,0,0,5,17,2,1,0,39,6,35,0,8,0,2,2,25,0,3,0,0,80,0,2,11808,6275,9242,937,2008,612,72,407,31,287,776,75,31,36,51916,8620,1662,101,57,272,23,1359,260,97,5,36,94,5,5410,128,25,238,13313,405,290,9,429,556,76,203,211,15,48,4,6,568,10723,695,2006,407
2,2,5,4,2,5,4,2,3,11,2,0,1,7,0,20,0,0,1,6,2,11,2,3,0,1,5,0,0,3,31,1,6,0,56,8,55,0,21,0,0,1,22,2,1,0,1,50,1,2,162,137,2350,35,101,64,614,873,76,495,1172,208,201,251,8620,35666,2505,533,89,515,90,757,266,327,17,140,221,18,454,1190,154,1656,3325,3554,993,64,535,472,7584,417,230,79,169,12,61,286,207,274,3410,6907
2,2,6,11,2,16,22,1,7,18,8,2,3,23,3,68,3,5,8,3,6,16,1,6,1,0,1,0,7,12,62,6,4,0,112,30,138,0,73,1,5,7,67,1,2,0,2,139,0,5,286,238,3301,44,127,1160,68,528,2644,4066,2214,1043,238,148,1662,2505,34758,832,22489,342,932,1242,2191,401,185,15,206,10,189,9542,31,300,453,5181,98,6,2421,12610,884,187,2358,7,96,9,33,863,165,172,1067,827
0,0,0,0,0,0,0,0,1,0,0,0,0,0,0,2,0,0,1,2,0,0,0,0,0,0,2,0,0,1,0,0,0,0,2,1,8,0,2,0,1,0,0,0,1,0,0,4,0,0,2,3,13,2,1,5,8272,11866,1180,1899,551,1374,2381,13944,101,533,832,10688,886,66,9927,701,497,147,2579,11,107,8,24,7979,35,624,71,188,41,26,684,53,360,61,65,10,45,12,68,20,5,7,62,330
0,1,0,4,0,4,0,0,4,10,4,0,1,3,1,12,0,0,90,3,6,2,0,14,0,0,3,0,3,1,10,2,0,0,5,573,32,1,5,0,1,0,8,1,0,0,0,15,0,0,6,7,50,4,7,53,34,567,3811,13559,538,897,261,165,57,89,22489,886,23777,141,525,751,8363,387,45,8,171,12,12,936,21,141,32,14,39,19,2133,3425,43,111,595,12,97,12,19,67,11,10,120,155
0,0,2,0,0,0,0,5,5,0,1,0,3,0,0,2,0,0,0,32,0,2,5,6,8,8,86,1,0,0,0,7,12,0,2,0,33,4,1,2,0,0,1,4,14,0,0,3,0,0,20,9,74,3,10,29,5409,11167,37,6007,68,165,314,433,272,515,342,66,141,16011,15,324,230,8630,6,119,2266,15,50,119,81,7420,115,83,5483,46,632,152,69,3786,50,30,676,18,58,29,47,9,57,67
0,0,0,0,0,0,0,0,0,1,0,0,0,1,0,1,0,0,1,0,0,0,0,0,0,0,2,0,0,0,2,1,1,0,3,0,2,0,4,0,0,0,0,1,0,0,0,2,0,0,4,4,9,0,4,4,24,33,94,246,4128,7693,5316,885,23,90,932,9927,525,15,9468,1061,236,74,2133,10,74,16,6,2216,64,440,19,33,21,21,184,95,2790,51,56,11,45,26,75,20,3,24,237,8439
2,3,27,2,2,3,8,5,5,3,2,1,2,9,1,9,1,2,1,14,0,8,7,4,2,60,86,1,2,0,6,70,16,15,24,4,20,5,14,23,0,0,7,99,6,4,11,40,1,1,965,1507,497,740,394,381,275,425,179,1041,1478,6909,4356,1132,1359,757,1242,701,751,324,1061,51074,526,1578,135,709,2731,1854,1712,411,5013,14022,1836,150,222,4084,387,409,271,2006,209,1393,2602,8584,13991,190,437,2824,2250,796
0,0,1,1,0,1,3,4,1,1,0,1,0,5,0,8,0,2,1,3,1,2,1,3,0,3,7,1,0,2,5,1,2,2,5,2,23,1,6,3,0,0,4,5,1,0,1,13,0,1,44,58,177,16,87,176,258,475,30,14058,480,405,148,228,260,266,2191,497,8363,230,236,526,10013,2959,50,32,1491,9,56,205,71,466,126,76,127,47,11285,7392,141,360,7218,94,540,9,67,1363,31,36,237,228
0,0,0,1,0,0,0,7,4,0,1,2,2,0,0,2,0,1,1,18,0,2,6,3,5,9,48,0,0,1,2,24,14,4,1,1,10,8,1,6,0,0,1,15,7,2,1,1,0,0,11,17,38,3,15,35,481,329,21,13601,129,550,934,691,97,327,401,147,387,8630,74,1578,2959,32682,17,197,15008,23,24,96,353,4453,100,40,1790,157,1228,573,123,2220,242,344,5614,42,462,72,14,9,98,126
0,0,0,0,0,0,0,0,1,1,0,0,0,0,0,0,0,0,0,1,0,2,0,0,0,0,0,0,0,0,1,0,0,0,2,2,4,0,0,0,0,0,0,0,0,0,0,0,0,0,0,1,3,0,0,0,9,4,17,25,260,228,278,129,5,17,185,2579,45,6,2133,135,50,17,4899,2,10,1,0,9468,6,86,5,283,13,7,102,28,2353,8,18,4,8,5,9,3,0,2,13,1183
0,0,0,0,0,0,0,0,3,0,0,0,0,1,0,0,0,0,0,4,0,1,8,0,4,43,30,0,0,0,0,63,6,23,0,0,1,4,0,12,0,0,0,101,3,1,19,0,0,0,1,2,5,0,1,4,50,19,5,43,24,35,22,20,36,140,15,11,8,119,10,709,32,197,2,9852,665,39,8,4,7091,496,62,8,5235,1106,11,6,54,10337,3,158,9173,57,135,4,5,2,47,52
0,0,1,1,0,0,0,15,17,2,3,3,6,1,0,0,0,0,0,47,0,8,23,15,6,90,162,41,1,1,0,122,27,71,3,1,42,26,6,186,1,1,1,192,41,15,33,4,0,1,9,10,35,3,18,26,229,244,21,2266,106,385,371,228,94,221,206,107,171,2266,74,2731,1491,15008,10,665,23478,132,26,56,1293,2954,78,26,2022,717,528,252,93,5055,291,4377,24747,152,1200,124,13,7,97,154
0,0,1,0,0,0,0,0,0,0,0,0,0,0,0,0,0,1,0,0,0,0,2,0,0,2,10,33,0,0,0,7,1,26,0,0,1,0,0,169,0,1,0,51,1,14,4,0,0,0,1,2,4,1,0,0,11,8,4,15,13,25,22,14,5,18,10,8,12,15,16,1854,9,23,1,39,132,53555,68,3,471,82,8,0,1,7604,4,2,11,22,1,30514,115,19847,288,0,8,10,5,23
0,1,17,0,1,1,1,0,1,0,0,0,0,2,0,2,0,0,0,0,1,1,0,0,0,2,1,0,0,0,2,0,0,0,13,2,18,0,2,1,0,0,5,0,0,0,0,23,0,0,1207,649,367,257,178,165,15,50,5,43,92,16,7,6,5410,454,189,24,12,50,6,1712,56,24,0,8,26,68,145894,30,10,79,22462,27,109,10,97,116,36,62,55,16,17,182,1,119,13991,19999,1328,85
2,1,1,3,2,2,4,2,4,1,0,1,1,4,4,18,1,1,3,2,3,6,0,1,0,0,2,0,0,2,15,2,1,0,19,13,24,0,16,1,1,3,12,0,1,0,0,12,0,2,7,8,25,4,4,9,239,563,6326,320,295,407,367,404,128,1190,9542,7979,936,119,2216,411,205,96,9468,4,56,3,30,10437,21,450,47,4930,76,9,532,196,1296,52,154,7,33,4,30,47,13,25,135,232
0,0,0,0,0,0,0,3,4,0,0,2,0,0,0,0,0,0,0,6,0,10,13,2,2,86,64,1,1,0,0,137,6,51,0,0,0,5,0,42,0,0,1,247,3,0,34,0,0,0,4,4,6,1,4,4,46,43,8,107,84,180,140,107,25,154,31,35,21,81,64,5013,71,353,6,7091,1293,471,10,21,18247,2645,59,14,1989,14984,16,8,93,2704,8,635,3384,1150,14806,3,3,5,82,129
0,0,0,0,0,0,0,10,10,0,3,4,5,1,1,2,0,0,0,67,1,2,18,7,7,31,144,0,0,1,2,29,55,5,4,0,13,26,5,5,0,1,1,31,55,0,6,0,1,0,14,16,51,6,10,24,6798,878,48,1609,287,977,6368,15648,238,1656,300,624,141,7420,440,14022,466,4453,86,496,2954,82,79,450,2645,34713,307,245,7180,278,292,106,1030,2723,49,169,1807,154,7174,39,39,41,342,666
1,1,17,3,0,6,5,0,0,2,0,0,0,3,1,9,2,0,0,2,0,1,0,1,0,0,5,0,2,0,12,2,1,0,24,3,21,0,13,0,1,0,11,1,0,0,0,42,0,2,931,1277,615,501,290,310,72,165,8,114,452,70,24,23,13313,3325,453,71,32,115,19,1836,126,100,5,62,78,8,22462,47,59,307,53861,125,419,31,277,294,241,197,148,40,55,12,12,169,4663,10885,17648,657
1,1,0,3,2,5,5,1,2,2,3,0,0,2,1,19,0,0,1,0,3,3,0,1,0,0,3,0,0,0,20,1,0,0,38,2,51,0,23,0,0,1,22,1,0,0,0,27,1,1,18,9,137,4,8,10,90,139,12,110,268,46,26,41,405,3554,5181,188,14,83,33,150,76,40,283,8,26,0,27,4930,14,245,125,6315,68,3,301,210,2906,41,177,6,12,0,4,112,25,38,226,231
0,0,0,0,0,0,0,9,13,1,2,6,2,0,0,4,0,1,0,91,0,3,15,10,18,21,197,0,0,0,2,29,59,0,0,2,8,20,0,1,0,0,1,18,80,0,1,1,0,0,13,22,47,4,6,12,1767,194,21,337,83,93,72,138,290,993,98,41,39,5483,21,222,127,1790,13,5235,2022,1,109,76,1989,7180,419,68,18273,43,51,38,173,11805,19,32,942,1,115,12,48,39,236,173
0,0,0,0,0,0,0,0,2,0,1,0,0,0,0,0,0,0,0,5,0,2,5,1,1,78,42,13,0,0,0,85,4,153,0,0,0,4,0,159,0,0,0,336,1,13,62,0,0,0,0,0,3,1,0,1,31,21,3,42,39,84,54,43,9,64,6,26,19,46,21,4084,47,157,7,1106,717,7604,10,9,14984,278,31,3,43,29446,4,2,52,301,6,12115,2749,11939,3226,1,3,3,28,54
4,2,3,6,1,5,10,16,22,14,9,6,9,13,3,39,0,2,15,28,9,16,2,16,0,3,30,1,0,5,27,4,17,0,56,25,147,6,33,1,3,1,21,4,9,0,0,41,2,1,65,211,330,77,221,369,508,2925,88,13051,589,268,79,197,429,535,2421,684,2133,632,184,387,11285,1228,102,11,528,4,97,532,16,292,277,301,51,4,4833,3660,300,87,7731,14,83,2,17,2468,66,68,378,350
2,4,12,10,1,10,21,1,3,19,3,1,3,29,2,52,1,7,3,1,8,22,1,2,1,0,1,0,3,12,34,2,0,0,144,38,189,1,80,0,6,5,53,0,0,0,1,132,1,5,172,522,1014,340,1501,2547,27,33,11,2673,745,155,18,26,556,472,12610,53,3425,152,95,409,7392,573,28,6,252,2,116,196,8,106,294,210,38,2,3660,30649,345,135,17544,3,80,1,5,4316,75,96,520,403
0,1,1,2,0,2,1,0,0,2,3,0,1,3,0,9,0,2,2,2,1,4,0,1,1,1,5,0,0,4,10,0,1,0,10,5,32,0,14,0,0,0,9,1,0,0,0,16,0,0,8,11,19,6,2,11,110,56,11,116,448,244,267,217,76,7584,884,360,43,69,2790,271,141,123,2353,54,93,11,36,1296,93,1030,241,2906,173,52,300,345,23132,153,190,35,81,15,53,45,6,41,743,6861
0,0,0,0,0,0,0,6,16,1,1,0,1,1,0,2,0,0,1,51,1,4,28,6,11,81,192,1,0,0,0,98,36,13,3,1,20,32,2,9,0,0,0,90,54,0,23,1,0,0,12,17,46,5,8,19,120,164,15,771,114,269,182,119,203,417,187,61,111,3786,51,2006,360,2220,8,10337,5055,22,62,52,2704,2723,197,41,11805,301,87,135,153,36166,67,169,26146,43,830,28,32,23,160,142
1,0,3,3,0,5,7,0,5,8,7,0,1,10,0,16,0,1,3,1,1,9,0,1,0,1,0,0,2,3,20,2,1,0,53,12,50,0,20,3,5,3,11,0,0,0,1,40,0,1,60,110,200,232,908,1067,3,22,6,854,373,87,14,11,211,230,2358,65,595,50,56,209,7218,242,18,3,291,1,55,154,8,49,148,177,19,6,7731,17544,190,67,23331,11,48,1,4,11931,48,42,291,258
0,0,0,0,0,0,0,1,7,0,1,0,1,0,0,0,0,0,0,6,0,12,15,0,2,110,147,321,0,0,0,123,5,516,0,0,5,3,0,1584,0,0,0,1016,3,109,148,0,0,0,0,0,3,0,3,2,18,25,2,58,26,47,34,19,15,79,7,10,12,30,11,1393,94,344,4,158,4377,30514,16,7,635,169,40,6,32,12115,14,3,35,169,11,25403,9143,6804,329,6,2,8,35,67
0,0,0,0,0,0,0,4,7,0,4,3,3,0,0,1,0,0,1,20,0,31,39,4,5,323,241,13,2,1,1,421,22,254,0,0,7,17,2,260,0,0,0,872,11,12,142,1,0,1,0,1,21,3,5,6,76,66,15,829,99,269,182,110,48,169,96,45,97,676,45,2602,540,5614,8,9173,24747,115,17,33,3384,1807,55,12,942,2749,83,80,81,26146,48,9143,64177,227,1021,19,10,16,88,118
0,0,0,0,0,0,0,0,0,0,0,0,0,0,0,0,0,0,0,0,0,1,0,1,0,8,7,18,0,0,0,11,0,22,0,0,0,1,0,90,0,0,0,44,1,5,6,0,0,0,1,0,1,0,1,0,18,14,4,29,32,98,54,39,4,12,9,12,12,18,26,8584,9,42,5,57,152,19847,182,4,1150,154,12,0,1,11939,2,1,15,43,1,6804,227,25881,4740,1,1,69,8,29
0,0,0,0,0,0,0,1,0,0,2,0,1,0,0,0,0,0,0,7,0,3,5,1,1,34,40,0,0,1,0,42,5,15,0,0,1,4,0,5,0,0,0,47,7,0,13,0,0,0,0,0,2,0,0,1,62,41,12,101,81,303,336,170,6,61,33,68,19,58,75,13991,67,462,9,135,1200,288,1,30,14806,7174,12,4,115,3226,17,5,53,830,4,329,1021,4740,17460,1,0,5,25,125
16,15,18,25,11,61,72,1,7,20,4,1,3,47,4,48,2,4,5,3,6,18,0,5,1,2,3,0,2,11,36,8,5,0,183,10,103,0,57,1,5,2,67,0,1,0,0,485,10,4,418,1092,789,1315,7037,2535,8,33,4,163,216,32,7,11,568,286,863,20,67,29,20,190,1363,72,3,4,124,0,119,47,3,39,169,112,12,1,2468,4316,45,28,11931,6,19,1,1,13448,472,37,185,87
0,0,5,1,0,0,2,0,0,0,0,0,0,1,0,2,0,0,0,0,1,0,0,0,0,0,1,0,0,0,2,0,0,0,9,2,3,0,3,0,1,0,7,0,0,0,0,4,0,0,8069,631,648,247,3789,101,12,45,2,31,129,5,2,2,10723,207,165,5,11,47,3,437,31,14,0,5,13,8,13991,13,3,39,4663,25,48,3,66,75,6,32,48,2,10,1,0,472,34104,569,990,35
0,0,9,3,0,1,2,0,2,3,3,0,0,1,0,4,0,0,0,0,0,3,0,0,0,0,0,0,0,0,0,1,0,0,11,3,7,0,2,0,0,0,2,0,0,0,0,4,0,0,339,374,168,142,93,85,4,19,3,11,19589,31,8,5,695,274,172,7,10,9,24,2824,36,9,2,2,7,10,19999,25,5,41,10885,38,39,3,68,96,41,23,42,8,16,69,5,37,569,44701,6560,200
2,1,19,4,0,2,8,0,0,3,2,0,1,3,2,14,1,1,4,2,3,0,0,0,0,2,2,0,0,3,5,4,3,1,20,6,30,0,5,0,2,3,14,1,1,0,0,21,2,0,504,1134,671,334,182,294,55,96,6,148,19238,353,115,82,2006,3410,1067,62,120,57,237,2250,237,98,13,47,97,5,1328,135,82,342,17648,226,236,28,378,520,743,160,291,35,88,8,25,185,990,6560,33092,8889
1,0,4,1,0,2,3,1,1,7,1,1,0,8,1,10,2,1,0,1,1,4,1,0,0,1,5,0,0,5,9,4,4,1,25,9,33,1,14,0,2,1,7,0,1,0,0,16,0,0,46,83,109,9,17,40,55,71,16,156,6671,1176,619,259,407,6907,827,330,155,67,8439,796,228,126,1183,52,154,23,85,232,129,666,657,231,173,54,350,403,6861,142,258,67,118,29,125,87,35,200,8889,12479
