20105,11390,10799,1130,12429,1568,607,10,4,146,2,2,4,13250,728,155,1,0,26,17,3,275,7,8,2,17,8,26,643,601,25,29,8,4,101,18,26,10,142,2,324,111,158,8,29,34,9,80,3220,11,5,29,20,65,16,48,0,0,0,1,0,0,0,0,35,7,47,0,10,1,0,4,1,2,0,0,0,0,2,3,0,1,10,12,1,0,1,31,2,0,6,1,0,0,0,28,4,4,2,1
11390,43782,14977,14864,2034,1567,2474,8,11,706,10,6,4,7506,7446,275,4,0,32,14,21,696,8,9,10,15,5,18,440,535,20,26,14,7,375,19,77,6,271,2,745,423,154,4,18,32,18,345,587,44,46,245,177,74,128,334,0,1,1,5,7,1,0,0,112,27,180,1,13,0,3,6,2,2,0,0,1,1,14,1,0,0,21,47,1,0,9,108,3,0,54,0,0,0,1,217,17,7,7,3
10799,14977,23728,2513,6621,5383,5780,2,2,297,5,1,5,1121,207,72,1,0,11,3,4,450,12,3,2,2,2,29,378,413,11,10,3,3,212,9,44,3,115,1,513,197,48,3,4,19,9,384,356,15,42,192,129,338,132,537,0,0,0,2,7,2,0,0,100,19,132,0,6,0,0,5,1,1,0,0,0,0,6,1,0,0,17,31,0,0,2,72,0,0,22,2,0,0,0,186,9,3,6,3
1130,14864,2513,29342,562,1091,11832,45,67,1604,52,49,20,3312,15076,10401,10,4,297,77,85,756,21,136,57,83,26,24,281,569,220,114,54,20,665,189,263,81,544,6,531,551,3257,39,102,19,36,780,306,676,52,288,151,48,137,427,3,0,4,12,14,1,0,2,157,27,239,2,20,4,3,8,4,8,1,1,1,1,11,4,0,1,26,50,4,1,12,135,8,0,50,4,3,0,0,261,22,8,12,10
12429,2034,6621,562,20623,18407,1154,6,3,66,3,2,4,3629,274,104,1,0,13,5,7,86,4,5,10,9,4,8,368,341,19,8,3,3,81,14,28,1,113,2,135,41,103,3,6,4,1,1271,5873,6,3,22,11,1098,6,48,0,0,0,0,4,0,0,0,22,4,28,0,2,0,1,0,0,0,0,0,0,0,0,0,0,0,4,9,0,0,2,15,1,0,7,0,0,0,0,16,2,0,0,2
1568,1567,5383,1091,18407,17503,16224,2,7,112,4,3,2,304,72,97,2,0,12,3,12,79,2,23,30,7,96,16,195,152,34,7,6,7,473,20,139,7,1038,18,104,47,86,30,4,13,10,6923,2718,5,32,109,54,939,126,416,0,0,1,1,4,0,0,0,26,6,38,0,3,0,1,0,1,0,0,0,0,1,5,0,0,0,6,14,0,0,4,25,0,1,6,0,0,0,0,93,10,1,3,0
607,2474,5780,11832,1154,16224,13342,21,47,622,37,36,6,644,579,3547,6,1,122,25,62,241,12,184,61,15,60,10,85,138,149,30,39,6,3008,193,364,31,869,2,176,119,304,24,27,3,16,2589,162,25,64,371,193,214,217,822,0,2,1,5,15,0,1,0,165,37,264,1,32,4,3,11,2,6,4,0,2,2,15,2,0,0,27,60,4,0,9,172,4,2,56,2,1,2,1,377,14,11,11,3
10,8,2,45,6,2,21,32267,4212,142,700,615,7548,509,102,246,5188,5538,2385,7408,369,773,222,205,405,197,112,32,42,178,2479,260,613,47,24,85,1416,589,52,4,51,87,448,159,806,23,74,5,11,50,1,2,8,1,0,2,80,72,30,414,25,8,14,48,3,7,20,23,80,92,32,17,37,75,3,5,14,2,1,2,0,49,6,7,25,0,60,25,9,6,15,0,12,1,3,3,1,3,11,5
4,11,2,67,3,7,47,4212,24801,68,263,676,831,49,23,269,223,29,3337,3512,94,386,221,10506,4942,153,2708,18,19,35,281,220,857,47,105,1494,5377,367,322,24,11,15,209,365,290,15,82,30,2,8,1,2,14,0,0,3,107,74,20,545,16,6,56,80,9,11,37,28,71,259,22,32,68,301,4,11,52,2,5,4,3,131,11,18,79,1,71,26,4,29,12,1,27,0,6,2,2,5,9,10
146,706,297,1604,66,112,622,142,68,50282,3759,3913,416,524,1155,913,567,8,484,130,8903,6885,718,57,166,74,81,76,366,256,367,893,1280,78,627,246,1107,56,1721,11,15556,9942,3190,169,250,193,675,528,69,5382,11,21,23,5,5,36,0,5,14,9,25,1,5,0,56,33,101,2,107,7,11,13,10,12,9,5,8,0,13,9,0,5,31,72,6,0,13,86,36,5,27,0,9,0,0,28,0,11,24,18
2,10,5,52,3,4,37,700,263,3759,4905,9477,642,49,28,201,873,35,729,60,1347,4434,1704,67,80,7,30,26,60,27,176,90,432,12,78,166,352,18,315,7,64,95,254,64,14,130,228,57,6,18,0,2,1,2,1,2,1,15,6,23,19,2,0,3,10,4,14,2,39,6,14,3,8,14,3,2,1,0,0,2,1,6,8,2,9,0,4,19,7,1,5,0,1,0,1,2,0,0,10,3
2,6,1,49,2,3,36,615,676,3913,9477,29021,9557,58,28,122,10002,114,687,503,7590,3837,7041,214,1021,19,320,36,48,82,420,270,7686,25,47,232,1070,50,317,4,324,284,737,140,104,177,603,26,4,63,1,0,4,0,0,2,8,16,19,74,20,6,12,8,7,12,18,7,66,91,13,21,17,131,9,0,15,1,4,5,0,44,11,9,38,0,13,16,1,10,9,0,13,0,5,1,1,4,7,2
4,4,5,20,4,2,6,7548,831,416,642,9557,21820,642,119,100,8556,483,682,3006,898,572,408,113,420,27,197,9,64,523,1286,177,5064,13,20,46,681,37,57,1,99,430,689,42,261,29,102,5,11,208,1,0,0,0,0,1,29,18,4,126,3,5,12,18,6,2,2,8,14,73,2,11,14,72,1,1,5,0,0,1,0,40,3,2,11,1,8,6,1,2,1,0,7,1,2,1,0,0,2,3
13250,7506,1121,3312,3629,304,644,509,49,524,49,58,642,73432,16072,1232,60,12,536,774,74,506,51,35,77,374,26,122,5495,35291,1006,1003,476,93,697,188,740,221,1332,7,1110,1026,5553,100,1147,77,121,476,14457,1510,35,117,128,24,29,175,1,2,2,9,32,4,1,0,288,92,372,1,110,7,3,22,5,14,0,6,6,4,38,10,2,4,88,217,7,0,21,217,28,4,90,3,7,2,1,119,17,25,35,24
728,7446,207,15076,274,72,579,102,23,1155,28,28,119,16072,26055,821,21,3,225,120,84,699,11,14,18,54,8,27,493,1420,366,92,68,16,191,61,108,58,233,0,777,1381,10194,22,154,29,25,140,343,5053,7,30,26,7,17,43,0,0,1,2,3,0,0,0,59,10,69,0,19,3,0,2,0,5,1,0,1,1,8,1,0,2,16,18,2,0,6,34,4,1,12,0,3,0,0,38,1,4,5,3
155,275,72,10401,104,97,3547,246,269,913,201,122,100,1232,821,29918,215,47,8077,178,267,278,27,349,147,55,39,18,149,369,15779,69,91,22,2206,6573,538,98,1124,2,172,183,5148,72,83,14,23,467,114,87,31,64,71,5,18,85,3,7,7,17,23,2,2,6,159,60,203,3,86,8,8,17,8,13,2,1,2,0,25,12,2,3,66,116,5,0,9,142,32,3,53,0,6,2,0,81,7,13,23,28
1,4,1,10,1,2,6,5188,223,567,873,10002,8556,60,21,215,8699,1863,1324,81,6197,325,393,83,40,7,28,5,11,56,3314,62,900,2,22,105,429,7,94,0,27,85,438,15,33,22,85,8,0,41,2,2,2,0,0,3,2,14,15,43,17,1,0,5,4,4,11,8,27,7,12,1,10,1,2,0,0,0,1,0,1,0,4,3,3,0,5,12,2,0,3,0,1,0,0,1,1,3,3,1
0,0,0,4,0,0,1,5538,29,8,35,114,483,12,3,47,1863,2181,887,20,92,28,25,13,6,3,2,0,3,3,1440,15,129,0,1,5,60,0,6,1,1,3,14,2,11,0,11,0,1,2,0,0,0,0,0,0,0,2,2,10,3,0,1,0,0,0,1,1,10,2,3,0,1,0,2,1,0,0,0,0,0,1,0,1,2,0,1,1,1,0,4,0,0,0,0,0,0,0,3,2
26,32,11,297,13,12,122,2385,3337,484,729,687,682,536,225,8077,1324,887,12847,642,1247,320,111,1146,560,55,108,14,107,260,7309,119,292,28,271,5465,1201,128,693,8,88,125,1933,118,139,17,62,78,23,50,4,11,13,1,2,20,6,13,24,67,76,14,6,8,51,56,120,10,287,17,37,27,40,27,26,0,11,1,21,10,2,16,74,100,8,0,12,132,80,2,58,1,4,3,4,6,3,35,49,47
17,14,3,77,5,3,25,7408,3512,130,60,503,3006,774,120,178,81,20,642,21429,115,215,408,287,4582,327,826,40,88,414,661,684,5433,117,43,171,372,3968,76,5,91,180,498,868,3727,22,197,18,26,87,1,1,8,0,0,1,65,16,1,201,11,3,86,46,17,9,19,7,40,340,4,66,42,761,5,24,77,2,1,4,4,263,6,14,304,1,16,9,9,102,3,3,40,1,14,1,1,3,6,3
3,21,4,85,7,12,62,369,94,8903,1347,7590,898,74,84,267,6197,92,1247,115,21254,465,341,86,117,47,87,24,59,180,2758,492,1018,33,133,339,1523,36,859,7,344,1342,7657,52,167,39,243,89,9,614,1,2,4,0,0,3,0,10,11,32,12,2,4,1,17,11,31,6,102,11,20,15,12,7,9,2,3,1,7,8,1,3,15,18,6,2,10,32,17,1,11,1,2,1,2,3,1,5,17,6
275,696,450,756,86,79,241,773,386,6885,4434,3837,572,506,699,278,325,28,320,215,465,16257,7758,47,368,112,209,2182,5860,487,165,888,832,505,173,114,328,87,447,134,12168,1180,583,783,125,8361,2629,132,134,186,4,6,21,1,2,12,3,2,3,22,14,1,1,4,20,26,58,3,48,5,4,11,8,28,3,19,23,9,11,1,3,7,9,37,12,5,7,50,15,6,26,15,72,0,1,10,1,13,12,12
7,8,12,21,4,2,12,222,221,718,1704,7041,408,51,11,27,393,25,111,408,341,7758,14347,75,1406,119,382,427,240,70,95,553,5884,132,10,36,91,305,55,42,135,123,127,944,246,5732,6122,5,2,23,0,0,1,0,0,0,6,1,3,18,1,0,6,5,2,1,2,0,6,22,2,10,4,80,0,26,58,5,0,0,5,33,1,1,47,3,0,2,2,39,1,12,87,1,20,0,0,0,0,1
8,9,3,136,5,23,184,205,10506,57,67,214,113,35,14,349,83,13,1146,287,86,47,75,6648,1404,47,1153,32,9,27,56,91,269,33,376,4798,6893,85,3957,78,14,19,112,274,55,5,51,108,5,3,1,2,1,1,1,5,8,17,10,69,11,2,8,6,7,6,13,5,39,26,17,12,11,36,3,7,17,0,3,2,2,11,2,6,20,1,9,15,4,10,5,2,19,0,5,3,0,6,9,1
2,10,2,57,10,30,61,405,4942,166,80,1021,420,77,18,147,40,6,560,4582,117,368,1406,1404,14559,698,7876,83,31,69,126,1463,3890,269,95,464,695,2467,444,43,43,97,212,4728,1298,70,697,92,13,20,2,4,8,1,0,5,69,17,7,188,8,6,98,48,17,25,22,4,55,420,10,137,75,1487,8,135,445,7,2,5,42,507,11,26,643,20,17,18,24,354,16,13,380,4,73,3,0,4,17,8
17,15,2,83,9,7,15,197,153,74,7,19,27,374,54,55,7,3,55,327,47,112,119,47,698,20345,919,182,41,221,98,8468,342,4576,18,35,86,6856,110,72,58,110,191,17725,4017,54,711,41,18,30,0,1,2,0,0,0,2,1,1,13,4,2,3,1,4,3,5,0,9,4,2,50,8,108,2,240,307,13,1,1,83,21,5,3,42,39,5,9,7,92,5,46,703,6,76,1,0,3,3,3
8,5,2,26,4,96,60,112,2708,81,30,320,197,26,8,39,28,2,108,826,87,209,382,1153,7876,919,14927,2725,34,19,33,1323,1035,504,104,231,2354,790,2250,6361,14,35,44,8435,452,143,573,599,32,15,1,0,4,0,1,4,33,6,4,82,11,3,39,24,15,12,5,2,36,149,10,111,41,614,10,245,809,90,5,4,95,157,4,11,268,51,13,13,13,264,23,105,928,10,87,2,1,1,3,9
26,18,29,24,8,16,10,32,18,76,26,36,9,122,27,18,5,0,14,40,24,2182,427,32,83,182,2725,53977,2946,198,12,684,75,8757,9,12,330,127,295,16815,821,124,39,1743,85,20605,10073,88,26,13,0,0,0,0,0,0,0,0,0,1,0,0,2,0,1,0,4,0,2,1,0,7,2,13,0,22,62,791,1,0,13,3,0,3,4,40,2,2,0,16,2,311,273,4,3,0,0,0,0,1
643,440,378,281,368,195,85,42,19,366,60,48,64,5495,493,149,11,3,107,88,59,5860,240,9,31,41,34,2946,116034,14357,120,226,126,214,90,100,275,27,285,104,20730,1074,425,87,130,1682,361,171,10790,114,5,4,11,5,4,10,0,0,0,2,11,0,0,0,48,26,67,0,50,2,2,5,2,1,1,1,2,8,9,4,0,2,21,48,0,1,3,45,28,0,14,2,14,0,0,12,3,7,11,13
601,535,413,569,341,152,138,178,35,256,27,82,523,35291,1420,369,56,3,260,414,180,487,70,27,69,221,19,198,14357,43106,445,921,557,84,228,179,606,96,734,11,13251,7247,2579,83,743,145,215,204,3686,990,16,34,30,7,3,28,0,0,2,10,31,1,1,1,107,80,184,3,106,2,10,19,5,5,5,2,3,2,19,18,0,3,82,129,7,1,15,117,58,3,42,1,7,2,0,34,7,21,18,23
25,20,11,220,19,34,149,2479,281,367,176,420,1286,1006,366,15779,3314,1440,7309,661,2758,165,95,56,126,98,33,12,120,445,14789,199,425,28,562,828,605,139,896,3,139,502,15753,43,425,11,56,214,25,385,6,12,22,0,3,16,2,3,9,27,33,4,3,3,66,30,77,1,73,13,14,12,10,16,10,2,6,1,18,2,1,8,34,41,5,1,9,54,26,2,29,0,6,1,4,12,2,10,18,16
29,26,10,114,8,7,30,260,220,893,90,270,177,1003,92,69,62,15,119,684,492,888,553,91,1463,8468,1323,684,226,921,199,24216,5644,8336,21,54,127,1382,186,208,392,901,504,8379,5671,784,10957,66,41,264,0,0,3,0,1,1,3,4,2,8,5,1,6,3,7,4,7,0,9,22,6,68,18,155,5,270,331,34,1,0,73,24,8,4,85,55,4,8,7,130,14,132,967,10,73,2,1,2,2,4
8,14,3,54,3,6,39,613,857,1280,432,7686,5064,476,68,91,900,129,292,5433,1018,832,5884,269,3890,342,1035,75,126,557,425,5644,21480,136,23,94,375,585,132,9,251,780,643,1034,6008,271,3898,22,4,238,1,0,4,0,0,2,32,8,2,88,1,0,39,20,5,7,8,6,17,207,5,35,18,400,4,28,101,1,1,1,9,169,5,7,153,4,10,7,6,61,4,3,72,1,14,1,0,1,3,4
4,7,3,20,3,7,6,47,47,78,12,25,13,93,16,22,2,0,28,117,33,505,132,33,269,4576,504,8757,214,84,28,8336,136,27485,5,13,58,767,76,4825,121,68,63,10622,461,2066,14203,21,6,17,0,0,0,0,0,0,0,0,0,0,3,0,2,0,2,2,2,0,1,7,2,8,4,45,0,116,145,132,3,0,37,4,0,3,18,175,5,4,1,19,3,692,819,7,24,0,0,0,2,0
101,375,212,665,81,473,3008,24,105,627,78,47,20,697,191,2206,22,1,271,43,133,173,10,376,95,18,104,9,90,228,562,21,23,5,4867,3502,600,34,5153,8,100,138,922,49,31,4,12,2577,85,45,17,83,67,6,29,107,2,1,5,4,24,0,0,0,105,36,161,2,30,4,2,11,1,6,3,0,4,0,11,4,1,1,36,78,1,0,11,75,13,2,33,1,4,1,2,83,7,10,9,9
18,19,9,189,14,20,193,85,1494,246,166,232,46,188,61,6573,105,5,5465,171,339,114,36,4798,464,35,231,12,100,179,828,54,94,13,3502,14584,1955,67,5099,23,80,96,804,113,28,11,17,129,22,15,5,18,10,1,3,11,5,6,20,22,54,3,0,3,58,35,102,5,149,14,15,12,12,21,8,0,7,1,22,5,2,6,48,77,7,1,17,84,49,1,33,0,9,1,3,8,2,20,28,33
26,77,44,263,28,139,364,1416,5377,1107,352,1070,681,740,108,538,429,60,1201,372,1523,328,91,6893,695,86,2354,330,275,606,605,127,375,58,600,1955,6879,101,7103,635,423,416,1525,503,113,25,71,1418,71,108,7,24,42,1,6,36,46,89,38,337,186,11,31,42,124,64,196,58,358,92,101,50,95,71,54,4,34,13,40,18,5,31,100,116,14,1,68,223,110,8,137,6,21,6,12,37,7,44,78,80
10,6,3,81,1,7,31,589,367,56,18,50,37,221,58,98,7,0,128,3968,36,87,305,85,2467,6856,790,127,27,96,139,1382,585,767,34,67,101,16012,127,35,34,38,240,14709,4660,42,403,59,17,13,0,1,1,0,0,1,1,3,0,18,5,4,12,2,9,20,8,1,11,33,7,92,19,428,7,198,461,18,7,1,58,85,12,4,209,25,7,17,7,211,13,16,385,5,86,1,0,3,6,8
142,271,115,544,113,1038,869,52,322,1721,315,317,57,1332,233,1124,94,6,693,76,859,447,55,3957,444,110,2250,295,285,734,896,186,132,76,5153,5099,7103,127,38878,633,337,438,1931,815,74,34,83,7923,276,73,23,32,42,0,14,35,1,3,4,9,25,0,7,3,112,44,173,2,88,13,5,12,9,12,5,4,7,18,22,4,1,3,47,82,9,2,19,89,18,6,37,5,12,2,4,42,6,8,21,24
2,2,1,6,2,18,2,4,24,11,7,4,1,7,0,2,0,1,8,5,7,134,42,78,43,72,6361,16815,104,11,3,208,9,4825,8,23,635,35,633,34618,47,7,12,11889,21,1263,871,198,9,0,1,0,1,0,0,0,0,0,0,1,0,0,0,0,0,0,1,0,1,1,1,5,5,33,0,86,165,924,3,0,43,1,2,1,5,222,7,2,0,14,3,1576,1292,19,18,5,0,0,0,0
324,745,513,531,135,104,176,51,11,15556,64,324,99,1110,777,172,27,1,88,91,344,12168,135,14,43,58,14,821,20730,13251,139,392,251,121,100,80,423,34,337,47,84450,12976,848,76,170,730,273,93,103,813,2,8,9,2,3,13,1,0,2,3,11,1,0,1,35,24,72,0,58,1,4,5,3,6,4,1,4,0,9,4,0,1,26,39,0,0,7,40,34,4,16,1,8,0,1,7,0,8,12,10
111,423,197,551,41,47,119,87,15,9942,95,284,430,1026,1381,183,85,3,125,180,1342,1180,123,19,97,110,35,124,1074,7247,502,901,780,68,138,96,416,38,438,7,12976,26989,4279,87,419,117,288,115,156,9828,4,10,10,1,1,4,0,1,3,4,13,1,0,0,43,28,55,2,52,4,1,7,1,11,4,2,5,0,13,4,0,4,24,46,3,0,3,45,31,5,22,0,5,1,2,9,1,6,12,9
158,154,48,3257,103,86,304,448,209,3190,254,737,689,5553,10194,5148,438,14,1933,498,7657,583,127,112,212,191,44,39,425,2579,15753,504,643,63,922,804,1525,240,1931,12,848,4279,55829,105,504,32,146,515,162,9977,12,28,27,1,3,29,1,2,10,25,28,5,1,2,100,21,127,2,99,13,4,10,5,18,2,0,9,2,31,7,2,6,39,63,6,1,14,64,11,6,37,0,9,0,2,35,4,21,18,18
8,4,3,39,3,30,24,159,365,169,64,140,42,100,22,72,15,2,118,868,52,783,944,274,4728,17725,8435,1743,87,83,43,8379,1034,10622,49,113,503,14709,815,11889,76,87,105,64312,872,885,4132,320,17,17,0,0,5,0,2,4,3,5,1,30,16,3,8,2,21,8,4,1,12,26,10,148,28,485,4,774,1099,226,8,0,258,64,8,6,193,212,17,16,12,328,24,934,3511,30,209,7,1,6,8,11
29,18,4,102,6,4,27,806,290,250,14,104,261,1147,154,83,33,11,139,3727,167,125,246,55,1298,4017,452,85,130,743,425,5671,6008,461,31,28,113,4660,74,21,170,419,504,872,7617,34,384,19,48,132,1,1,4,1,1,1,4,5,2,23,4,4,11,5,6,6,6,0,17,38,4,39,10,244,4,44,141,3,1,1,21,46,1,4,127,7,4,5,5,104,2,2,147,2,21,1,1,0,1,3
34,32,19,19,4,13,3,23,15,193,130,177,29,77,29,14,22,0,17,22,39,8361,5732,5,70,54,143,20605,1682,145,11,784,271,2066,4,11,25,42,34,1263,730,117,32,885,34,20131,13740,9,11,14,0,0,0,0,1,3,0,0,0,1,1,0,0,0,0,0,3,0,5,0,0,2,2,6,0,14,23,42,0,0,10,1,0,1,2,22,1,3,0,6,0,140,137,3,6,1,0,1,0,0
9,18,9,36,1,10,16,74,82,675,228,603,102,121,25,23,85,11,62,197,243,2629,6122,51,697,711,573,10073,361,215,56,10957,3898,14203,12,17,71,403,83,871,273,288,146,4132,384,13740,31386,28,13,50,0,0,0,0,0,0,3,2,0,4,0,1,0,0,3,3,2,1,4,9,2,24,2,63,3,129,129,33,0,1,43,15,3,0,23,70,3,5,2,45,8,239,531,6,31,1,0,1,1,1
80,345,384,780,1271,6923,2589,5,30,528,57,26,5,476,140,467,8,0,78,18,89,132,5,108,92,41,599,88,171,204,214,66,22,21,2577,129,1418,59,7923,198,93,115,515,320,19,9,28,7015,695,24,47,216,131,42,132,365,0,0,1,2,5,1,2,0,105,34,181,1,15,0,3,7,2,2,0,4,2,2,15,2,1,1,15,45,1,1,18,124,1,0,40,3,7,0,2,231,18,5,12,6
3220,587,356,306,5873,2718,162,11,2,69,6,4,11,14457,343,114,0,1,23,26,9,134,2,5,13,18,32,26,10790,3686,25,41,4,6,85,22,71,17,276,9,103,156,162,17,48,11,13,695,16418,7,1,9,13,21,2,14,0,0,1,0,4,0,0,0,15,7,24,0,9,0,0,0,0,1,0,1,1,0,0,0,0,1,2,13,1,0,2,15,2,1,4,0,1,0,0,7,1,2,3,1
11,44,15,676,6,5,25,50,8,5382,18,63,208,1510,5053,87,41,2,50,87,614,186,23,3,20,30,15,13,114,990,385,264,238,17,45,15,108,13,73,0,813,9828,9977,17,132,14,50,24,7,13816,0,0,2,1,1,1,0,0,0,1,2,0,1,0,4,3,13,0,5,0,1,1,0,2,1,0,2,0,2,0,1,1,3,4,4,0,3,7,2,0,2,0,0,0,0,1,1,0,1,1
5,46,42,52,3,32,64,1,1,11,0,1,1,35,7,31,2,0,4,1,1,4,0,1,2,0,1,0,5,16,6,0,1,0,17,5,7,0,23,1,2,4,12,0,1,0,0,47,1,0,33064,22290,2960,16989,4901,2365,3,16,7,14,109,6,5,1,7073,157,407,8,21,12,5,157,2,13,3,15,2,64,1391,2,7,11,887,64,22,29,27,128,53,7,82,7,25,89,29,238,10148,294,176,76
29,245,192,288,22,109,371,2,2,21,2,0,0,117,30,64,2,0,11,1,2,6,0,2,4,1,0,0,4,34,12,0,0,0,83,18,24,1,32,0,8,10,28,0,1,0,0,216,9,0,22290,80395,8222,6095,2897,6529,5,15,13,16,335,10,3,5,11708,376,578,6,42,15,17,433,7,19,6,26,5,69,1109,4,21,18,1973,99,37,42,55,297,96,16,188,15,53,120,63,597,2081,806,525,141
20,177,129,151,11,54,193,8,14,23,1,4,0,128,26,71,2,0,13,8,4,21,1,1,8,2,4,0,11,30,22,3,4,0,67,10,42,1,42,1,9,10,27,5,4,0,0,131,13,2,2960,8222,27520,497,499,12319,34,192,165,139,693,63,38,33,14840,3940,5360,78,203,191,97,457,70,115,48,84,27,47,595,35,60,102,1568,847,187,34,172,520,353,97,346,9,59,56,63,595,1063,568,613,290
65,74,338,48,1098,939,214,1,0,5,2,0,0,24,7,5,0,0,1,0,0,1,0,1,1,0,0,0,5,7,0,0,0,0,6,1,1,0,0,0,2,1,1,0,1,0,0,42,21,1,16989,6095,497,19889,13545,12737,0,1,1,1,32,1,1,0,336,28,113,1,6,6,0,57,1,0,0,2,1,15,263,0,4,5,244,16,5,5,11,65,11,1,23,2,4,21,11,287,1454,129,56,16
16,128,132,137,6,126,217,0,0,5,1,0,0,29,17,18,0,0,2,0,0,2,0,1,0,0,1,0,4,3,3,1,0,0,29,3,6,0,14,0,3,1,3,2,1,1,0,132,2,1,4901,2897,499,13545,20199,7590,0,1,0,2,38,1,2,2,494,23,544,2,31,1,6,26,11,44,3,4,104,31,319,1,3,6,163,40,7,3,105,673,18,3,506,97,84,6,5,2889,4364,55,38,24
48,334,537,427,48,416,822,2,3,36,2,2,1,175,43,85,3,0,20,1,3,12,0,5,5,0,4,0,10,28,16,1,2,0,107,11,36,1,35,0,13,4,29,4,1,3,0,365,14,1,2365,6529,12319,12737,7590,30219,6,25,19,30,354,13,10,8,2303,268,4855,12,123,34,30,182,34,47,15,16,12,29,351,2,8,22,658,203,23,10,90,1507,170,21,374,4,32,36,29,1671,615,283,293,186
0,0,0,3,0,0,0,80,107,0,1,8,29,1,0,3,2,0,6,65,0,3,6,8,69,2,33,0,0,0,2,3,32,0,2,5,46,1,1,0,1,0,1,3,4,0,3,0,0,0,3,5,34,0,0,6,4151,4765,240,687,10,15,171,3855,145,195,187,557,152,2828,69,63,74,414,140,42,134,3,8,436,16,1271,40,298,677,2,233,13,90,70,14,0,24,3,25,4,3,3,12,11
0,1,0,0,0,0,2,72,74,5,15,16,18,2,0,7,14,2,13,16,10,2,1,17,17,1,6,0,0,0,3,4,8,0,1,6,89,3,3,0,0,1,2,5,5,0,2,0,0,0,16,15,192,1,1,25,4765,15810,2901,3743,64,203,392,3026,331,315,396,6174,437,1708,340,512,56,103,225,103,19,6,23,475,52,659,63,532,686,13,525,20,112,82,17,0,57,9,99,3,7,10,20,18
0,1,0,4,0,1,1,30,20,14,6,19,4,2,1,7,15,2,24,1,11,3,3,10,7,1,4,0,0,2,9,2,2,0,5,20,38,0,4,0,2,3,10,1,2,0,0,1,1,0,7,13,165,1,0,19,240,2901,3539,3500,254,384,221,433,203,274,620,3057,2073,612,493,537,64,77,537,29,18,2,19,1268,25,217,56,658,239,7,147,65,161,37,53,2,32,11,57,3,7,30,24,28
1,5,2,12,0,1,5,414,545,9,23,74,126,9,2,17,43,10,67,201,32,22,18,69,188,13,82,1,2,10,27,8,88,0,4,22,337,18,9,1,3,4,25,30,23,1,4,2,0,1,14,16,139,1,2,30,687,3743,3500,32684,222,422,689,1499,138,168,583,957,6025,3969,605,998,8030,4223,126,145,525,22,39,75,83,703,35,313,543,31,4713,212,77,273,173,19,240,19,147,17,4,23,43,47
0,7,7,14,4,4,15,25,16,25,19,20,3,32,3,23,17,3,76,11,12,14,1,11,8,4,11,0,11,31,33,5,1,3,24,54,186,5,25,0,11,13,28,16,4,1,0,5,4,2,109,335,693,32,38,354,10,64,254,222,49438,3697,587,58,566,363,2052,54,2389,60,6118,3635,98,157,362,149,101,184,571,122,471,250,1134,313,178,175,823,714,601,126,591,27,593,238,711,210,71,11682,10788,2244
0,1,2,1,0,0,0,8,6,1,2,6,5,4,0,2,1,0,14,3,2,1,0,2,6,2,3,0,0,1,4,1,0,0,0,3,11,4,0,0,1,1,5,3,4,0,1,1,0,0,6,10,63,1,1,13,15,203,384,422,3697,6000,4778,135,56,65,202,149,665,79,3489,6529,37,75,117,26,34,18,31,70,41,192,68,127,25,9,100,54,130,37,46,7,115,74,123,8,6,157,96,138
0,0,0,0,0,0,1,14,56,5,0,12,12,1,0,2,0,1,6,86,4,1,6,8,98,3,39,2,0,1,3,6,39,2,0,0,31,12,7,0,0,0,1,8,11,0,0,2,0,1,5,3,38,1,2,10,171,392,221,689,587,4778,18530,4345,59,126,131,1976,315,630,5701,4600,91,970,687,30,186,24,23,277,75,3808,60,225,114,32,131,41,289,138,41,5,179,63,476,8,0,32,49,150
0,0,0,2,0,0,0,48,80,0,3,8,18,0,0,6,5,0,8,46,1,4,5,6,48,1,24,0,0,1,3,3,20,0,0,3,42,2,3,0,1,0,2,2,5,0,0,0,0,0,1,5,33,0,2,8,3855,3026,433,1499,58,135,4345,17760,144,362,297,4593,273,844,840,521,72,377,732,18,100,9,13,1074,32,2967,81,567,133,3,313,27,380,36,24,1,38,13,114,1,1,10,37,86
35,112,100,157,22,26,165,3,9,56,10,7,6,288,59,159,4,0,51,17,17,20,2,7,17,4,15,1,48,107,66,7,5,2,105,58,124,9,112,0,35,43,100,21,6,0,3,105,15,4,7073,11708,14840,336,494,2303,145,331,203,138,566,56,59,144,57566,15456,2471,155,351,213,85,588,46,133,70,752,45,161,4906,54,469,464,18883,1857,1338,152,258,603,852,278,556,25,189,190,387,586,7752,1024,1241,616
7,27,19,27,4,6,37,7,11,33,4,12,2,92,10,60,4,0,56,9,11,26,1,6,25,3,12,0,26,80,30,4,7,2,36,35,64,20,44,0,24,28,21,8,6,0,3,34,7,3,157,376,3940,28,23,268,195,315,274,168,363,65,126,362,15456,25271,2975,244,397,281,148,405,38,220,273,499,50,94,943,356,623,900,7062,4836,1363,143,303,262,7237,245,228,10,179,56,627,147,100,374,3011,3567
47,180,132,239,28,38,264,20,37,101,14,18,2,372,69,203,11,1,120,19,31,58,2,13,22,5,5,4,67,184,77,7,8,2,161,102,196,8,173,1,72,55,127,4,6,3,2,181,24,13,407,578,5360,113,544,4855,187,396,620,583,2052,202,131,297,2471,2975,29382,538,7725,520,420,704,321,273,1052,105,61,34,341,2114,85,375,885,13173,498,24,698,3273,1349,98,1736,24,97,43,154,1792,243,486,632,430
0,1,0,2,0,0,1,23,28,2,2,7,8,1,0,3,8,1,10,7,6,3,0,5,4,0,2,0,0,3,1,0,6,0,2,5,58,1,2,0,0,2,2,1,0,0,1,1,0,0,8,6,78,1,2,12,557,6174,3057,957,54,149,1976,4593,155,244,538,8778,739,135,4480,416,36,60,3094,15,11,5,8,4005,35,656,34,728,114,7,197,21,199,25,15,1,29,7,126,2,4,7,16,21
10,13,6,20,2,3,32,80,71,107,39,66,14,110,19,86,27,10,287,40,102,48,6,39,55,9,36,2,50,106,73,9,17,1,30,149,358,11,88,1,58,52,99,12,17,5,4,15,9,5,21,42,203,6,31,123,152,437,2073,6025,2389,665,315,273,351,397,7725,739,23830,1186,1230,866,3207,1155,1313,117,231,29,189,981,98,521,512,1032,358,38,1738,3482,769,242,1584,40,272,26,154,160,28,360,503,399
1,0,0,4,0,0,4,92,259,7,6,91,73,7,3,8,7,2,17,340,11,5,22,26,420,4,149,1,2,2,13,22,207,7,4,14,92,33,13,1,1,4,13,26,38,0,9,0,0,0,12,15,191,6,1,34,2828,1708,612,3969,60,79,630,844,213,281,520,135,1186,18441,121,472,293,4308,81,489,375,21,17,172,200,3964,68,452,7256,57,287,102,160,2392,61,8,266,13,285,28,6,24,38,54
0,3,0,3,1,1,3,32,22,11,14,13,2,3,0,8,12,3,37,4,20,4,2,17,10,2,10,0,2,10,14,6,5,2,2,15,101,7,5,1,4,1,4,10,4,0,2,3,0,1,5,17,97,0,6,30,69,340,493,605,6118,3489,5701,840,85,148,420,4480,1230,121,15755,1493,86,155,5397,127,69,97,62,846,335,769,155,388,146,106,510,211,453,122,125,12,268,58,582,19,4,181,373,1976
4,6,5,8,0,0,11,17,32,13,3,21,11,22,2,17,1,0,27,66,15,11,10,12,137,50,111,7,5,19,12,68,35,8,11,12,50,92,12,5,5,7,10,148,39,2,24,7,0,1,157,433,457,57,26,182,63,512,537,998,3635,6529,4600,521,588,405,704,416,866,472,1493,39879,115,1469,302,475,936,570,2082,126,459,3969,1402,344,373,551,203,237,467,920,216,77,2922,7067,7401,108,56,3369,780,481
1,2,1,4,0,1,2,37,68,10,8,17,14,5,0,8,10,1,40,42,12,8,4,11,75,8,41,2,2,5,10,18,18,4,1,12,95,19,9,5,3,1,5,28,10,2,2,2,0,0,2,7,70,1,11,34,74,56,64,8030,98,37,91,72,46,38,321,36,3207,293,86,115,5770,3536,37,45,850,38,13,6,48,237,27,34,109,11,3253,1715,30,63,1767,186,320,5,73,66,4,17,24,28
2,2,1,8,0,0,6,75,301,12,14,131,72,14,5,13,1,0,27,761,7,28,80,36,1487,108,614,13,1,5,16,155,400,45,6,21,71,428,12,33,6,11,18,485,244,6,63,2,1,2,13,19,115,0,44,47,414,103,77,4223,157,75,970,377,133,220,273,60,1155,4308,155,1469,3536,18223,90,609,8753,183,39,65,467,4319,102,244,2678,175,1185,685,239,2190,1300,521,4487,89,916,270,11,26,83,144
0,0,0,1,0,0,4,3,4,9,3,9,1,0,1,2,2,2,26,5,9,3,0,3,8,2,10,0,1,5,10,5,4,0,3,8,54,7,5,0,4,4,2,4,4,0,3,0,0,1,3,6,48,0,3,15,140,225,537,126,362,117,687,732,70,273,1052,3094,1313,81,5397,302,37,90,6734,109,31,18,34,4679,173,675,105,1863,194,39,258,125,795,67,85,7,68,12,295,11,1,47,144,835
0,0,0,1,0,0,0,5,11,5,2,0,1,6,0,1,0,1,0,24,2,19,26,7,135,240,245,22,1,2,2,270,28,116,0,0,4,198,4,86,1,2,0,774,44,14,129,4,1,0,15,26,84,2,4,16,42,103,29,145,149,26,30,18,752,499,105,15,117,489,127,475,45,609,109,25852,599,589,118,55,5107,562,508,258,4519,7124,34,42,439,7315,52,126,12408,218,926,28,20,60,233,259
0,1,0,1,0,0,2,14,52,8,1,15,5,6,1,2,0,0,11,77,3,23,58,17,445,307,809,62,2,3,6,331,101,145,4,7,34,461,7,165,4,5,9,1099,141,23,129,2,1,2,2,5,27,1,104,12,134,19,18,525,101,34,186,100,45,50,61,11,231,375,69,936,850,8753,31,599,15203,953,27,10,471,759,47,46,592,204,1452,340,66,515,1768,4865,12118,105,792,502,8,24,38,46
0,1,0,1,0,1,2,2,2,0,0,1,0,4,1,0,0,0,1,2,1,9,5,0,7,13,90,791,8,2,1,34,1,132,0,1,13,18,18,924,0,0,2,226,3,42,33,2,0,0,64,69,47,15,31,29,3,6,2,22,184,18,24,9,161,94,34,5,29,21,97,570,38,183,18,589,953,37845,2158,2,353,66,626,24,99,6548,585,41,57,128,341,15220,3564,12717,839,176,57,654,228,98
2,14,6,11,0,5,15,1,5,13,0,4,0,38,8,25,1,0,21,1,7,11,0,3,2,1,5,1,9,19,18,1,1,3,11,22,40,7,22,3,9,13,31,8,1,0,0,15,0,2,1391,1109,595,263,319,351,8,23,19,39,571,31,23,13,4906,943,341,8,189,17,62,2082,13,39,34,118,27,2158,109531,20,133,93,25372,202,143,379,149,146,226,44,146,164,269,1134,346,162,11423,10437,2554,296
3,1,1,4,0,0,2,2,4,9,2,5,1,10,1,12,0,0,10,4,8,1,0,2,5,1,4,0,4,18,2,0,1,0,4,5,18,1,4,0,4,4,7,0,1,0,1,2,0,0,2,4,35,0,1,2,436,475,1268,75,122,70,277,1074,54,356,2114,4005,981,172,846,126,6,65,4679,55,10,2,20,4501,85,650,41,3452,453,17,60,24,612,29,33,2,31,5,150,7,0,18,36,82
0,0,0,0,0,0,0,0,3,0,1,0,0,2,0,2,1,0,2,4,1,3,5,2,42,83,95,13,0,0,1,73,9,37,1,2,5,58,1,43,0,0,2,258,21,10,43,1,0,1,7,21,60,4,3,8,16,52,25,83,471,41,75,32,469,623,85,35,98,200,335,459,48,467,173,5107,471,353,133,85,14390,4398,593,321,2314,7118,26,38,640,930,36,64,4073,483,7948,11,8,99,405,577
1,0,0,1,0,0,0,49,131,5,6,44,40,4,2,3,0,1,16,263,3,7,33,11,507,21,157,3,2,3,8,24,169,4,1,6,31,85,3,1,1,4,6,64,46,1,15,1,1,1,11,18,102,5,6,22,1271,659,217,703,250,192,3808,2967,464,900,375,656,521,3964,769,3969,237,4319,675,562,759,66,93,650,4398,24754,463,836,5736,227,113,107,1008,1660,106,12,997,100,7263,30,3,47,257,478
10,21,17,26,4,6,27,6,11,31,8,11,3,88,16,66,4,0,74,6,15,9,1,2,11,5,4,0,21,82,34,8,5,0,36,48,100,12,47,2,26,24,39,8,1,0,3,15,2,3,887,1973,1568,244,163,658,40,63,56,35,1134,68,60,81,18883,7062,885,34,512,68,155,1402,27,102,105,508,47,626,25372,41,593,463,45598,1049,709,361,372,381,1354,150,374,91,368,771,709,177,544,8873,17378,2038
12,47,31,50,9,14,60,7,18,72,2,9,2,217,18,116,3,1,100,14,18,37,1,6,26,3,11,3,48,129,41,4,7,3,78,77,116,4,82,1,39,46,63,6,4,1,0,45,13,4,64,99,847,16,40,203,298,532,658,313,313,127,225,567,1857,4836,13173,728,1032,452,388,344,34,244,1863,258,46,24,202,3452,321,836,1049,15144,1108,49,376,332,3123,170,279,6,82,20,363,199,48,120,409,377
1,1,0,4,0,0,4,25,79,6,9,38,11,7,2,5,3,2,8,304,6,12,47,20,643,42,268,4,0,7,5,85,153,18,1,7,14,209,9,5,0,3,6,193,127,2,23,1,1,4,22,37,187,5,7,23,677,686,239,543,178,25,114,133,1338,1363,498,114,358,7256,146,373,109,2678,194,4519,592,99,143,453,2314,5736,709,1108,13229,464,81,62,941,9230,80,17,1125,41,1021,27,27,72,275,359
0,0,0,1,0,0,0,0,1,0,0,0,1,0,0,0,0,0,0,1,2,5,3,1,20,39,51,40,1,1,1,55,4,175,0,1,1,25,2,222,0,0,1,212,7,22,70,1,0,0,29,42,34,5,3,10,2,13,7,31,175,9,32,3,152,143,24,7,38,57,106,551,11,175,39,7124,204,6548,379,17,7118,227,361,49,464,28896,17,19,114,416,18,528,6949,6217,3853,13,19,197,159,125
1,9,2,12,2,4,9,60,71,13,4,13,8,21,6,9,5,1,12,16,10,7,0,9,17,5,13,2,3,15,9,4,10,5,11,17,68,7,19,7,7,3,14,17,4,1,3,18,2,3,27,55,172,11,105,90,233,525,147,4713,823,100,131,313,258,303,698,197,1738,287,510,203,3253,1185,258,34,1452,585,149,60,26,113,372,376,81,17,6586,2041,419,29,6845,1136,371,22,40,1002,29,205,336,358
31,108,72,135,15,25,172,25,26,86,19,16,6,217,34,142,12,1,132,9,32,50,2,15,18,9,13,2,45,117,54,8,7,4,75,84,223,17,89,2,40,45,64,16,5,3,5,124,15,7,128,297,520,65,673,1507,13,20,65,212,714,54,41,27,603,262,3273,21,3482,102,211,237,1715,685,125,42,340,41,146,24,38,107,381,332,62,19,2041,8500,333,57,8282,121,231,15,65,3198,122,191,285,265
2,3,0,8,1,0,4,9,4,36,7,1,1,28,4,32,2,1,80,9,17,15,2,4,24,7,13,0,28,58,26,7,6,1,13,49,110,7,18,0,34,31,11,12,5,0,2,1,2,2,53,96,353,11,18,170,90,112,161,77,601,130,289,380,852,7237,1349,199,769,160,453,467,30,239,795,439,66,57,226,612,640,1008,1354,3123,941,114,419,333,16687,200,333,8,164,48,773,82,36,184,1825,7938
0,0,0,0,0,1,2,6,29,5,1,10,2,4,1,3,0,0,2,102,1,6,39,10,354,92,264,16,0,3,2,130,61,19,2,1,8,211,6,14,4,5,6,328,104,6,45,0,1,0,7,16,97,1,3,21,70,82,37,273,126,37,138,36,278,245,98,25,242,2392,122,920,63,2190,67,7315,515,128,44,29,930,1660,150,170,9230,416,29,57,200,25562,83,37,6869,54,1192,29,7,30,83,132
6,54,22,50,7,6,56,15,12,27,5,9,1,90,12,53,3,4,58,3,11,26,1,5,16,5,23,2,14,42,29,14,4,3,33,33,137,13,37,3,16,22,37,24,2,0,8,40,4,2,82,188,346,23,506,374,14,17,53,173,591,46,41,24,556,228,1736,15,1584,61,125,216,1767,1300,85,52,1768,341,146,33,36,106,374,279,80,18,6845,8282,333,83,19204,1277,736,22,82,6472,145,169,297,266
1,0,2,4,0,0,2,0,1,0,0,0,0,3,0,0,0,0,1,3,1,15,12,2,13,46,105,311,2,1,0,132,3,692,1,0,6,16,5,1576,1,0,0,934,2,140,239,3,0,0,7,15,9,2,97,4,0,0,2,19,27,7,5,1,25,10,24,1,40,8,12,77,186,521,7,126,4865,15220,164,2,64,12,91,6,17,528,1136,121,8,37,1277,30050,9763,1042,195,479,6,46,25,11
0,0,0,3,0,0,1,12,27,9,1,13,7,7,3,6,1,0,4,40,2,72,87,19,380,703,928,273,14,7,6,967,72,819,4,9,21,385,12,1292,8,5,9,3511,147,137,531,7,1,0,25,53,59,4,84,32,24,57,32,240,593,115,179,38,189,179,97,29,272,266,268,2922,320,4487,68,12408,12118,3564,269,31,4073,997,368,82,1125,6949,371,231,164,6869,736,9763,53772,1691,4737,383,16,178,211,178
0,0,0,0,0,0,2,1,0,0,0,0,1,2,0,2,0,0,3,1,1,0,1,0,4,6,10,4,0,2,1,10,1,7,1,1,6,5,2,19,0,1,0,30,2,3,6,0,0,0,89,120,56,21,6,36,3,9,11,19,238,74,63,13,190,56,43,7,26,13,58,7067,5,89,12,218,105,12717,1134,5,483,100,771,20,41,6217,22,15,48,54,22,1042,1691,17648,7221,10,40,766,272,67
0,1,0,0,0,0,1,3,6,0,1,5,2,1,0,0,0,0,4,14,2,1,20,5,73,76,87,3,0,0,4,73,14,24,2,3,12,86,4,18,1,2,2,209,21,6,31,2,0,0,29,63,63,11,5,29,25,99,57,147,711,123,476,114,387,627,154,126,154,285,582,7401,73,916,295,926,792,839,346,150,7948,7263,709,363,1021,3853,40,65,773,1192,82,195,4737,7221,18786,27,15,304,526,649
28,217,186,261,16,93,377,3,2,28,2,1,1,119,38,81,1,0,6,1,3,10,0,3,3,1,2,0,12,34,12,2,1,0,83,8,37,1,42,5,7,9,35,7,1,1,1,231,7,1,238,597,595,287,2889,1671,4,3,3,17,210,8,8,1,586,147,1792,2,160,28,19,108,66,270,11,28,502,176,162,7,11,30,177,199,27,13,1002,3198,82,29,6472,479,383,10,27,6811,652,94,110,72
4,17,9,22,2,10,14,1,2,0,0,1,0,17,1,7,1,0,3,1,1,1,0,0,0,0,1,0,3,7,2,1,0,0,7,2,7,0,6,0,0,1,4,1,1,0,0,18,1,1,10148,2081,1063,1454,4364,615,3,7,7,4,71,6,0,1,7752,100,243,4,28,6,4,56,4,11,1,20,8,57,11423,0,8,3,544,48,27,19,29,122,36,7,145,6,16,40,15,652,31156,107,70,30
4,7,3,8,0,1,11,3,5,11,0,4,0,25,4,13,3,0,35,3,5,13,0,6,4,3,1,0,7,21,10,2,1,0,10,20,44,3,8,0,8,6,21,6,0,1,1,5,2,0,294,806,568,129,55,283,3,10,30,23,11682,157,32,10,1024,374,486,7,360,24,181,3369,17,26,47,60,24,654,10437,18,99,47,8873,120,72,197,205,191,184,30,169,46,178,766,304,94,107,34536,5060,298
2,7,6,12,0,3,11,11,9,24,10,7,2,35,5,23,3,3,49,6,17,12,0,9,17,3,3,0,11,18,18,2,3,2,9,28,78,6,21,0,12,12,18,8,1,0,1,12,3,1,176,525,613,56,38,293,12,20,24,43,10788,96,49,37,1241,3011,632,16,503,38,373,780,24,83,144,233,38,228,2554,36,405,257,17378,409,275,159,336,285,1825,83,297,25,211,272,526,110,70,5060,27163,6011
1,3,3,10,2,0,3,5,10,18,3,2,3,24,3,28,1,2,47,3,6,12,1,1,8,3,9,1,13,23,16,4,4,0,9,33,80,8,24,0,10,9,18,11,3,0,1,6,1,1,76,141,290,16,24,186,11,18,28,47,2244,138,150,86,616,3567,430,21,399,54,1976,481,28,144,835,259,46,98,296,82,577,478,2038,377,359,125,358,265,7938,132,266,11,178,67,649,72,30,298,6011,5104
