19138,7348,6470,926,11142,7840,567,2,0,75,1,0,1,20496,184,232,0,0,2,2,5,775,1,2,2,0,0,36,585,694,41,2,2,18,49,0,18,3,21,6,1034,69,60,2,4,19,10,52,1948,10,5,23,10,137,11,9,0,1,0,0,2,0,0,0,5,2,3,0,0,0,0,1,0,0,1,0,0,0,1,1,0,0,1,2,1,0,2,9,1,0,2,0,0,0,0,12,1,0,0,0
7348,35195,13504,23226,497,951,1625,1,3,248,2,1,2,9329,3360,940,1,0,3,0,8,929,3,3,1,0,0,18,201,293,41,2,2,4,102,4,25,1,40,2,1090,108,45,2,0,5,8,112,149,47,12,19,14,74,19,24,0,0,0,0,2,0,0,0,6,5,8,0,0,1,0,2,0,0,0,0,0,0,4,2,0,0,3,1,0,0,4,26,1,0,7,0,0,0,0,37,3,1,1,0
6470,13504,32861,12568,4005,9555,6502,1,0,151,0,1,0,1138,78,67,1,0,4,3,1,1014,2,1,2,0,1,26,201,239,17,2,4,5,29,1,25,2,40,2,1111,103,15,2,1,3,6,133,78,37,64,651,69,4868,177,906,0,0,1,0,5,0,0,0,28,5,13,0,2,0,0,7,2,0,0,0,0,0,8,0,1,0,3,1,0,0,5,31,0,1,6,0,0,0,0,81,6,3,2,0
926,23226,12568,34182,266,1397,12203,4,8,718,16,4,5,3563,8024,7593,3,4,11,23,13,900,0,17,13,5,7,17,174,301,702,8,10,9,339,18,67,6,129,2,1235,158,492,20,9,5,10,680,139,163,26,34,53,119,74,108,1,0,2,0,8,2,0,1,59,11,37,0,3,4,1,7,4,2,4,0,3,0,11,1,0,1,15,0,4,0,16,115,7,3,24,0,4,0,0,222,13,6,2,3
11142,497,4005,266,18328,28435,140,0,2,32,2,0,0,4432,77,203,0,0,5,8,2,105,0,3,3,0,2,11,173,183,87,1,2,2,60,4,18,2,55,0,134,12,121,4,2,2,3,262,2086,14,6,8,5,48,9,11,0,0,0,0,3,0,0,0,13,0,6,0,0,1,0,4,1,0,0,0,1,0,3,0,0,1,1,0,0,0,6,13,1,0,5,0,0,0,0,12,1,0,1,0
7840,951,9555,1397,28435,36214,19899,2,21,132,20,2,2,1041,96,355,2,0,9,6,8,390,3,20,30,4,96,24,291,184,147,3,6,9,677,48,233,1,4162,35,436,34,95,110,2,8,12,10721,3447,29,55,63,68,1065,233,250,0,1,0,1,7,1,0,0,59,16,49,0,0,0,1,9,2,4,1,0,2,0,10,1,0,0,9,8,0,0,37,162,7,2,33,1,7,0,1,604,18,7,5,2
567,1625,6502,12203,140,19899,28311,1,5,286,20,2,3,604,226,1144,5,1,6,10,5,425,2,17,12,0,3,8,93,116,34,2,4,0,3104,20,110,2,2364,1,456,50,39,7,1,3,5,2742,73,50,74,62,110,97,181,195,1,2,1,1,11,1,0,0,102,31,71,0,6,1,1,19,2,4,0,0,1,0,24,3,0,0,17,2,0,1,33,206,8,2,47,2,1,0,0,568,32,14,4,3
2,1,1,4,0,2,1,25451,3125,84,776,278,5919,82,47,207,1290,5424,3041,3158,87,1681,221,42,105,56,53,16,12,26,873,219,733,32,16,27,641,457,28,2,26,31,452,209,519,47,217,5,2,54,0,0,2,0,0,4,68,86,49,286,7,5,9,25,5,2,17,23,39,111,16,5,16,60,10,5,21,1,1,21,1,25,2,2,22,0,161,14,1,16,3,0,24,0,2,1,0,0,3,6
0,3,0,8,2,21,5,3125,31030,98,373,391,623,32,19,567,154,23,8579,3186,42,897,154,7185,8724,38,4238,9,4,14,199,137,573,17,191,826,8288,116,609,31,27,13,47,570,104,39,175,111,5,5,1,0,9,0,1,17,393,324,103,2082,21,11,111,113,19,9,62,33,85,1048,22,34,83,863,23,9,378,0,2,35,5,239,4,8,116,4,865,26,10,77,15,1,108,0,13,2,2,1,9,3
75,248,151,718,32,132,286,84,98,55853,6393,4840,703,605,539,1017,979,24,144,113,8449,4694,966,32,129,154,98,71,318,828,980,1289,2639,113,210,143,594,243,506,15,15167,12246,3504,722,324,208,1593,331,34,5911,4,1,15,3,3,23,3,13,29,23,28,5,2,1,19,18,86,8,54,10,2,16,9,19,16,8,12,0,5,42,2,10,12,6,11,2,91,63,8,26,31,5,37,0,3,10,6,2,18,9
1,2,0,16,2,20,20,776,373,6393,4446,12589,1006,61,32,283,1331,20,319,151,1420,3921,2359,10,51,45,39,35,26,54,178,170,630,52,89,128,168,65,182,7,279,105,186,315,38,196,588,106,8,48,2,1,2,1,1,7,3,3,13,7,9,6,1,5,3,5,15,1,21,7,0,5,5,11,4,3,8,0,1,10,3,3,5,1,4,2,28,21,0,7,9,3,15,0,2,4,0,1,5,2
0,1,1,4,0,2,2,278,391,4840,12589,23776,8484,33,13,75,6311,85,196,712,5759,3259,5760,28,522,29,276,15,17,83,128,142,4990,29,21,51,477,112,38,4,194,161,278,337,62,145,536,9,0,54,1,1,10,0,0,3,18,12,57,69,12,5,7,6,7,5,40,26,51,128,4,4,12,119,9,5,27,0,0,31,3,24,4,0,30,3,50,22,3,14,9,0,20,0,1,3,0,0,3,1
1,2,0,5,0,2,3,5919,623,703,1006,8484,36473,326,120,192,8541,1755,281,2130,1262,1091,428,33,240,33,159,10,47,184,788,319,8933,14,10,22,407,82,38,3,164,326,1161,118,418,53,192,11,4,459,0,0,4,0,1,1,146,84,10,419,3,1,16,37,1,2,18,5,19,304,2,3,8,148,2,3,48,0,0,14,1,52,1,3,15,1,134,6,0,7,2,0,26,0,1,1,1,0,1,0
20496,9329,1138,3563,4432,1041,604,82,32,605,61,33,326,86008,16076,2357,22,24,45,168,216,1424,44,19,61,137,54,223,7557,37027,1208,575,646,119,462,74,437,234,574,24,3304,1556,5290,159,656,59,211,627,13389,3790,26,20,88,26,22,99,3,8,9,9,26,5,3,0,107,39,153,0,21,19,4,31,3,15,2,6,14,1,35,13,2,4,35,12,3,1,74,163,27,19,79,2,21,0,0,54,25,13,17,12
184,3360,78,8024,77,96,226,47,19,539,32,13,120,16076,23184,2770,5,15,27,95,84,649,6,15,37,36,19,30,282,1180,1406,124,204,18,202,36,95,80,113,2,1484,575,16753,55,218,6,45,142,115,10874,7,3,12,5,8,26,1,1,0,5,5,0,2,0,16,6,11,0,3,7,0,4,2,5,2,2,7,1,3,5,0,2,3,6,2,1,8,26,3,4,5,1,10,1,1,16,0,2,1,2
232,940,67,7593,203,355,1144,207,567,1017,283,75,192,2357,2770,18583,140,71,3899,970,260,734,38,90,258,17,58,17,210,394,13026,58,183,16,3137,2431,775,163,1040,5,733,190,3729,146,85,6,27,1407,168,157,38,19,86,17,48,143,9,4,48,38,75,11,5,2,132,42,223,11,73,36,16,30,16,38,20,2,19,5,37,62,2,14,62,14,15,2,121,249,27,9,77,0,11,1,4,99,26,16,39,18
0,1,1,3,0,2,5,1290,154,979,1331,6311,8541,22,5,140,8201,2340,244,65,5764,857,320,33,28,9,19,4,6,30,1164,88,1165,4,17,56,376,26,23,1,56,71,279,72,38,15,159,6,2,28,0,0,2,0,1,1,5,13,35,33,10,3,1,0,2,3,17,11,25,9,4,3,12,3,6,0,2,0,0,15,0,3,4,0,3,0,37,17,2,6,4,0,7,0,0,0,1,2,3,3
0,0,0,4,0,0,1,5424,23,24,20,85,1755,24,15,71,2340,1418,876,116,133,63,11,3,10,7,5,0,6,13,527,35,327,3,3,2,61,27,7,0,16,22,328,6,101,0,12,3,0,48,0,1,0,0,0,3,2,2,12,10,10,1,0,0,1,0,15,2,14,8,4,3,9,5,8,0,4,0,0,14,0,1,0,1,1,0,10,16,0,1,5,0,3,0,0,0,0,0,3,2
2,3,4,11,5,9,6,3041,8579,144,319,196,281,45,27,3899,244,876,9957,1620,140,568,55,1404,884,9,174,3,11,20,1564,27,154,9,454,5382,1324,109,266,0,42,16,287,131,73,6,36,36,6,15,3,0,20,2,4,34,18,53,176,125,85,10,17,10,36,14,151,44,168,40,45,20,38,47,54,1,22,0,17,109,2,25,30,3,30,3,137,152,14,17,41,0,16,0,4,10,1,13,30,23
2,0,3,23,8,6,10,3158,3186,113,151,712,2130,168,95,970,65,116,1620,23360,93,1337,533,63,2577,175,840,11,19,64,933,559,5696,43,145,375,524,5349,156,4,56,41,569,1075,3236,70,159,26,4,91,0,1,24,0,2,9,439,191,34,1310,31,5,156,190,45,16,110,9,79,1577,14,70,49,1411,22,15,302,0,8,68,10,540,15,13,301,13,203,44,20,121,14,5,132,1,18,8,2,5,10,7
5,8,1,13,2,8,5,87,42,8449,1420,5759,1262,216,84,260,5764,133,140,93,18241,578,356,9,59,65,38,23,92,445,425,541,1934,29,35,90,398,95,130,5,834,1693,5654,156,307,31,339,37,8,2263,0,1,9,2,2,7,4,6,50,14,31,2,5,1,8,4,66,15,44,10,10,13,9,15,10,2,7,2,1,33,1,4,10,5,12,2,65,40,8,15,16,1,11,0,3,3,3,4,12,8
775,929,1014,900,105,390,425,1681,897,4694,3921,3259,1091,1424,649,734,857,63,568,1337,578,25336,4778,17,531,331,258,2155,3577,592,553,840,794,1102,226,137,360,464,411,302,14272,862,1002,2470,163,5269,3378,276,112,329,13,12,27,28,6,21,17,14,7,42,28,8,6,7,38,19,63,7,12,67,7,18,7,77,10,26,61,3,19,19,20,27,24,6,35,47,35,78,15,33,28,51,99,2,15,23,5,7,17,12
1,3,2,0,0,3,2,221,154,966,2359,5760,428,44,6,38,320,11,55,533,356,4778,10100,22,930,345,622,115,56,42,50,862,3325,267,7,17,44,763,39,53,110,57,81,3382,246,2765,6600,3,1,22,0,0,1,0,0,0,9,2,0,14,1,1,10,4,4,3,10,5,3,72,0,16,3,144,5,29,100,1,1,6,27,53,1,1,91,25,6,5,3,107,1,19,234,0,19,3,0,1,3,2
2,3,1,17,3,20,17,42,7185,32,10,28,33,19,15,90,33,3,1404,63,9,17,22,3944,1650,9,1232,12,7,10,26,10,64,8,359,3768,3893,17,11859,57,9,2,14,451,25,3,17,173,5,1,0,0,4,0,2,5,13,12,23,54,8,1,8,2,11,2,18,5,20,51,6,7,4,78,5,3,41,0,2,1,4,11,4,1,28,4,40,19,1,23,5,2,50,0,6,9,2,1,1,0
2,1,2,13,3,30,12,105,8724,129,51,522,240,61,37,258,28,10,884,2577,59,531,930,1650,5321,98,6179,13,5,33,182,444,3438,55,185,541,717,1157,556,20,40,29,129,3266,1072,72,320,147,7,20,6,1,20,0,5,9,157,73,13,625,25,10,163,76,61,43,65,12,65,1224,5,158,67,2203,27,56,713,2,8,67,53,616,27,17,890,30,80,16,27,647,12,7,617,1,51,12,2,1,15,7
0,0,0,5,0,4,0,56,38,154,45,29,33,137,36,17,9,7,9,175,65,331,345,9,98,8921,275,58,27,98,60,5916,359,5438,6,5,26,4704,38,122,64,51,187,10245,2217,174,1684,24,4,47,0,0,0,0,0,0,0,2,0,6,6,4,7,1,2,7,7,2,9,9,8,47,5,37,3,277,285,4,1,2,164,48,3,3,53,144,5,3,0,174,3,77,986,3,146,4,1,1,2,2
0,0,1,7,2,96,3,53,4238,98,39,276,159,54,19,58,19,5,174,840,38,258,622,1232,6179,275,14204,1211,28,40,55,405,1338,477,72,158,2722,601,2704,5140,36,24,65,10608,759,166,644,625,51,14,0,1,4,0,7,4,19,13,6,126,12,9,48,16,19,10,9,5,14,207,6,76,27,618,5,168,688,11,1,22,134,187,7,3,297,123,14,6,4,558,5,127,1182,1,78,41,2,1,6,5
36,18,26,17,11,24,8,16,9,71,35,15,10,223,30,17,4,0,3,11,23,2155,115,12,13,58,1211,42311,2167,199,15,160,59,7875,13,5,223,27,302,9070,1008,100,40,380,59,9763,4493,93,9,13,0,0,0,0,0,0,0,0,0,0,1,1,0,0,2,0,3,1,0,0,1,4,0,2,0,3,40,190,2,1,19,1,2,0,1,140,3,4,0,4,9,790,112,7,23,5,1,0,0,1
585,201,201,174,173,291,93,12,4,318,26,17,47,7557,282,210,6,6,11,19,92,3577,56,7,5,27,28,2167,74320,9987,136,162,139,473,77,25,127,31,150,169,26926,990,383,129,51,846,619,163,9724,206,3,0,13,7,2,14,0,0,2,1,12,1,1,0,18,11,31,1,9,1,1,2,0,2,1,0,2,0,7,7,2,0,9,4,2,5,25,32,3,0,16,12,12,1,2,6,3,3,2,4
694,293,239,301,183,184,116,26,14,828,54,83,184,37027,1180,394,30,13,20,64,445,592,42,10,33,98,40,199,9987,39979,298,593,661,109,154,57,297,131,316,30,12683,14629,1442,191,388,66,347,224,2773,1114,8,3,25,3,2,24,0,1,3,5,15,4,1,1,29,14,69,4,11,5,0,13,2,9,5,3,7,1,10,12,1,4,28,5,6,5,35,74,10,13,35,1,7,0,2,12,10,6,12,7
41,41,17,702,87,147,34,873,199,980,178,128,788,1208,1406,13026,1164,527,1564,933,425,553,50,26,182,60,55,15,136,298,20653,111,569,36,285,234,420,402,421,3,618,203,11677,255,313,12,61,454,78,267,10,7,38,4,12,52,23,11,41,49,47,11,10,8,68,29,112,3,51,47,7,16,14,51,11,2,16,1,24,41,0,17,34,10,11,1,63,139,21,14,43,1,13,1,4,32,8,10,21,18
2,2,2,8,1,3,2,219,137,1289,170,142,319,575,124,58,88,35,27,559,541,840,862,10,444,5916,405,160,162,593,111,28420,6670,3740,11,6,55,1238,51,235,430,542,476,3570,3200,479,15938,22,4,334,0,0,2,1,1,3,8,4,5,12,2,3,12,3,8,3,9,2,7,45,4,27,2,100,2,157,160,9,3,5,122,60,3,1,102,136,8,8,2,179,5,135,655,3,106,6,0,1,5,4
2,2,4,10,2,6,4,733,573,2639,630,4990,8933,646,204,183,1165,327,154,5696,1934,794,3325,64,3438,359,1338,59,139,661,569,6670,23588,172,39,72,163,2647,70,8,489,835,1310,3250,5931,167,6429,25,9,696,0,0,6,0,0,5,106,42,17,364,12,5,72,50,20,15,40,5,38,841,4,52,31,969,12,38,333,0,3,47,16,266,16,11,327,17,50,15,8,230,6,9,246,1,22,4,0,2,7,8
18,4,5,9,2,9,0,32,17,113,52,29,14,119,18,16,4,3,9,43,29,1102,267,8,55,5438,477,7875,473,109,36,3740,172,25683,4,2,82,686,121,5793,262,58,90,7637,499,2096,16987,48,6,21,0,0,2,2,0,1,1,3,0,1,3,2,2,0,1,0,0,3,1,6,3,54,5,24,4,113,173,234,4,1,340,35,2,0,19,1807,10,2,0,57,14,2994,1206,125,467,6,0,0,2,3
49,102,29,339,60,677,3104,16,191,210,89,21,10,462,202,3137,17,3,454,145,35,226,7,359,185,6,72,13,77,154,285,11,39,4,5544,1775,710,37,5441,5,192,90,209,98,11,5,6,5427,71,59,31,21,84,21,50,130,4,6,18,12,39,7,2,2,91,25,132,2,30,12,10,17,7,9,5,1,4,1,26,24,0,5,32,8,7,1,70,161,12,5,57,0,7,0,0,124,21,16,14,6
0,4,1,18,4,48,20,27,826,143,128,51,22,74,36,2431,56,2,5382,375,90,137,17,3768,541,5,158,5,25,57,234,6,72,2,1775,4163,1462,63,5161,5,106,32,191,162,24,9,8,269,23,24,3,3,22,0,6,21,6,15,53,41,54,9,4,3,31,14,122,19,78,26,17,17,22,32,18,5,20,1,15,47,1,11,30,4,14,0,109,112,18,18,43,0,14,1,0,4,7,1,33,23
18,25,25,67,18,233,110,641,8288,594,168,477,407,437,95,775,376,61,1324,524,398,360,44,3893,717,26,2722,223,127,297,420,55,163,82,710,1462,6450,58,13211,616,470,233,564,756,52,29,67,1416,46,167,17,12,37,8,54,88,32,53,22,312,51,5,11,15,69,27,99,14,46,53,14,15,33,43,27,4,25,1,25,29,8,17,40,5,6,12,738,175,30,16,60,13,41,1,4,235,22,11,38,25
3,1,2,6,2,1,2,457,116,243,65,112,82,234,80,163,26,27,109,5349,95,464,763,17,1157,4704,601,27,31,131,402,1238,2647,686,37,63,58,16998,52,19,78,77,536,10447,7262,109,723,18,8,102,1,0,9,0,1,3,15,13,10,59,9,9,41,5,33,29,29,4,27,259,10,96,36,746,17,141,455,1,7,26,104,218,11,12,518,68,17,13,12,612,8,20,853,0,72,4,3,3,13,11
21,40,40,129,55,4162,2364,28,609,506,182,38,38,574,113,1040,23,7,266,156,130,411,39,11859,556,38,2704,302,150,316,421,51,70,121,5441,5161,13211,52,41183,1025,402,186,503,1641,48,35,94,13021,329,129,25,6,89,8,19,84,6,8,41,26,84,22,2,1,106,38,271,14,59,24,11,48,15,29,25,11,30,6,47,38,3,9,61,16,15,16,227,266,27,24,125,17,64,2,1,83,26,27,39,30
6,2,2,2,0,35,1,2,31,15,7,4,3,24,2,5,1,0,0,4,5,302,53,57,20,122,5140,9070,169,30,3,235,8,5793,5,5,616,19,1025,29243,76,4,8,8428,13,570,1610,235,17,1,1,0,0,0,1,2,0,0,0,2,5,3,1,0,3,0,0,0,1,1,1,42,4,15,1,74,152,497,1,0,220,12,2,1,4,1513,15,5,0,19,22,4167,1018,94,285,12,1,0,0,1
1034,1090,1111,1235,134,436,456,26,27,15167,279,194,164,3304,1484,733,56,16,42,56,834,14272,110,9,40,64,36,1008,26926,12683,618,430,489,262,192,106,470,78,402,76,91415,14370,1856,206,158,426,582,265,165,1081,8,7,31,31,5,22,4,2,6,2,31,9,1,1,27,10,80,1,21,7,3,17,2,5,7,2,6,2,14,15,1,0,17,6,3,6,67,81,12,8,42,4,14,0,1,12,9,3,12,7
69,108,103,158,12,34,50,31,13,12246,105,161,326,1556,575,190,71,22,16,41,1693,862,57,2,29,51,24,100,990,14629,203,542,835,58,90,32,233,77,186,4,14370,26784,3556,132,240,40,272,122,16,9146,3,1,12,6,3,9,2,1,4,2,5,3,0,1,9,4,35,0,9,5,0,5,3,8,0,2,5,1,8,6,1,4,7,2,2,1,28,38,5,10,11,1,10,0,2,3,4,3,7,2
60,45,15,492,121,95,39,452,47,3504,186,278,1161,5290,16753,3729,279,328,287,569,5654,1002,81,14,129,187,65,40,383,1442,11677,476,1310,90,209,191,564,536,503,8,1856,3556,38741,288,873,14,163,280,171,13154,9,2,32,2,8,31,10,7,22,32,26,7,3,7,47,18,123,10,45,39,7,15,11,48,12,2,19,0,17,39,2,28,11,9,23,3,75,96,13,21,45,1,28,0,2,11,14,13,22,8
2,2,2,20,4,110,7,209,570,722,315,337,118,159,55,146,72,6,131,1075,156,2470,3382,451,3266,10245,10608,380,129,191,255,3570,3250,7637,98,162,756,10447,1641,8428,206,132,288,37900,1744,1401,6001,643,31,81,4,0,8,2,16,10,17,24,9,66,36,18,55,12,40,21,32,5,26,137,25,218,42,637,26,1177,1810,56,8,16,886,363,17,18,573,986,24,19,16,1266,28,1075,5258,43,715,45,8,7,20,17
4,0,1,9,2,2,1,519,104,324,38,62,418,656,218,85,38,101,73,3236,307,163,246,25,1072,2217,759,59,51,388,313,3200,5931,499,11,24,52,7262,48,13,158,240,873,1744,8320,50,672,21,8,372,1,1,6,0,0,1,25,12,6,65,12,7,46,11,33,16,23,5,24,377,4,56,21,715,10,58,273,2,7,37,36,222,10,8,421,29,14,6,11,378,3,7,421,3,27,3,1,4,8,4
19,5,3,5,2,8,3,47,39,208,196,145,53,59,6,6,15,0,6,70,31,5269,2765,3,72,174,166,9763,846,66,12,479,167,2096,5,9,29,109,35,570,426,40,14,1401,50,10111,8337,7,0,10,0,0,0,0,1,1,0,0,0,3,2,0,0,0,0,0,2,0,1,5,0,4,1,7,0,11,30,23,0,2,17,6,0,0,8,88,2,1,0,18,0,166,95,3,23,0,0,1,0,2
10,8,6,10,3,12,5,217,175,1593,588,536,192,211,45,27,159,12,36,159,339,3378,6600,17,320,1684,644,4493,619,347,61,15938,6429,16987,6,8,67,723,94,1610,582,272,163,6001,672,8337,41690,24,6,97,0,0,0,1,0,0,7,1,1,6,9,1,6,0,2,1,5,2,1,22,8,50,6,75,3,127,200,83,1,2,284,40,1,0,60,1008,9,4,3,117,6,1235,1031,59,309,6,1,0,3,4
52,112,133,680,262,10721,2742,5,111,331,106,9,11,627,142,1407,6,3,36,26,37,276,3,173,147,24,625,93,163,224,454,22,25,48,5427,269,1416,18,13021,235,265,122,280,643,21,7,24,21776,1061,95,141,123,228,87,389,505,2,5,1,6,43,6,0,0,252,42,160,1,15,6,7,34,8,18,4,2,11,8,55,7,4,3,47,13,2,5,111,505,10,10,105,7,35,0,7,1413,71,12,14,6
1948,149,78,139,2086,3447,73,2,5,34,8,0,4,13389,115,168,2,0,6,4,8,112,1,5,7,4,51,9,9724,2773,78,4,9,6,71,23,46,8,329,17,165,16,171,31,8,0,6,1061,12239,24,5,5,5,2,6,9,0,0,0,1,1,1,0,0,5,4,8,0,0,1,0,0,0,3,1,0,2,0,2,1,0,0,2,1,0,0,4,14,0,1,5,0,1,0,0,13,0,1,0,1
10,47,37,163,14,29,50,54,5,5911,48,54,459,3790,10874,157,28,48,15,91,2263,329,22,1,20,47,14,13,206,1114,267,334,696,21,59,24,167,102,129,1,1081,9146,13154,81,372,10,97,95,24,17638,1,0,10,1,1,10,0,1,7,3,5,0,0,0,9,2,33,2,13,6,2,3,2,6,3,0,3,0,1,5,0,1,5,1,6,0,25,24,4,3,14,0,7,0,1,4,5,2,1,1
5,12,64,26,6,55,74,0,1,4,2,1,0,26,7,38,0,0,3,0,0,13,0,0,6,0,0,0,3,8,10,0,0,0,31,3,17,1,25,1,8,3,9,4,1,0,0,141,5,1,53434,22418,3556,13067,22785,1261,3,1,3,4,270,9,1,3,25420,84,126,1,13,10,7,444,5,9,3,11,6,98,2102,15,4,12,679,7,27,25,76,217,7,22,123,3,16,16,7,298,16916,302,135,21
23,19,651,34,8,63,62,0,0,1,1,1,0,20,3,19,0,1,0,1,1,12,0,0,1,0,1,0,0,3,7,0,0,0,21,3,12,0,6,0,7,1,2,0,1,0,0,123,5,0,22418,117128,20386,24546,5188,6868,0,5,0,0,700,14,2,0,18033,53,37,0,2,2,4,741,1,1,5,4,1,55,753,4,2,7,432,3,5,9,36,103,12,4,49,2,4,9,5,374,728,405,255,24
10,14,69,53,5,68,110,2,9,15,2,10,4,88,12,86,2,0,20,24,9,27,1,4,20,0,4,0,13,25,38,2,6,2,84,22,37,9,89,0,31,12,32,8,6,0,0,228,5,10,3556,20386,55507,948,1773,13359,84,69,69,44,1718,163,24,16,25863,8556,4774,23,112,139,63,594,17,42,66,69,20,59,1053,242,37,101,820,43,232,47,264,743,178,180,298,4,83,20,32,562,975,428,623,187
137,74,4868,119,48,1065,97,0,0,3,1,0,0,26,5,17,0,0,2,0,2,28,0,0,0,0,0,0,7,3,4,1,0,2,21,0,8,0,8,0,31,6,2,2,0,0,1,87,2,1,13067,24546,948,45950,25313,20073,1,1,0,0,218,4,0,0,616,20,13,0,2,0,3,263,2,3,0,1,1,23,229,0,3,2,172,1,0,5,8,71,4,0,35,2,2,6,3,401,303,137,106,11
11,19,177,74,9,233,181,0,1,3,1,0,1,22,8,48,1,0,4,2,2,6,0,2,5,0,7,0,2,2,12,1,0,0,50,6,54,1,19,1,5,3,8,16,0,1,0,389,6,1,22785,5188,1773,25313,41755,7396,0,3,1,12,412,20,3,0,2872,100,97,0,8,4,7,429,49,76,10,9,91,74,518,8,5,9,328,5,10,24,132,1812,24,8,1310,36,93,13,12,11037,7299,262,201,35
9,24,906,108,11,250,195,4,17,23,7,3,1,99,26,143,1,3,34,9,7,21,0,5,9,0,4,0,14,24,52,3,5,1,130,21,88,3,84,2,22,9,31,10,1,1,0,505,9,10,1261,6868,13359,20073,7396,30519,23,40,31,110,1064,170,14,10,2249,173,1327,22,175,129,72,341,88,95,38,8,19,27,272,101,11,30,330,26,32,7,399,6305,91,46,598,6,61,7,15,2058,315,211,355,153
0,0,0,1,0,0,1,68,393,3,3,18,146,3,1,9,5,2,18,439,4,17,9,13,157,0,19,0,0,0,23,8,106,1,4,6,32,15,6,0,4,2,10,17,25,0,7,2,0,0,3,0,84,1,0,23,4813,6894,1073,200,35,66,375,7677,105,105,764,472,166,1248,38,205,19,119,37,25,139,2,14,1082,71,2428,19,101,435,16,237,14,60,50,6,2,57,4,56,4,2,6,6,10
1,0,0,0,0,1,2,86,324,13,3,12,84,8,1,4,13,2,53,191,6,14,2,12,73,2,13,0,0,1,11,4,42,3,6,15,53,13,8,0,2,1,7,24,12,0,1,5,0,1,1,5,69,1,3,40,6894,33662,4813,3690,159,766,436,1247,45,33,755,4777,257,3297,439,1585,117,92,49,38,65,15,7,975,45,397,10,39,563,45,889,34,23,243,12,8,168,31,117,4,3,10,21,17
0,0,1,2,0,0,1,49,103,29,13,57,10,9,0,48,35,12,176,34,50,7,0,23,13,0,6,0,2,3,41,5,17,0,18,53,22,10,41,0,6,4,22,9,6,0,1,1,0,7,3,0,69,0,1,31,1073,4813,4701,1828,526,1017,246,234,46,24,802,2468,589,685,580,897,44,119,176,19,35,6,17,2214,23,214,45,32,248,16,890,46,37,85,73,5,82,7,52,5,1,15,56,39
0,0,0,0,0,1,1,286,2082,23,7,69,419,9,5,38,33,10,125,1310,14,42,14,54,625,6,126,0,1,5,49,12,364,1,12,41,312,59,26,2,2,2,32,66,65,3,6,6,1,3,4,0,44,0,12,110,200,3690,1828,32865,239,490,748,380,44,16,557,414,5521,3224,681,925,11187,6890,154,36,2881,10,14,76,31,344,31,8,108,39,9014,269,30,210,105,15,422,12,87,32,7,13,48,40
2,2,5,8,3,7,11,7,21,28,9,12,3,26,5,75,10,10,85,31,31,28,1,8,25,6,12,1,12,15,47,2,12,3,39,54,51,9,84,5,31,5,26,36,12,2,9,43,1,5,270,700,1718,218,412,1064,35,159,526,239,49170,4036,751,67,1617,745,1957,297,427,95,5582,2930,136,101,1264,128,95,95,351,347,199,309,624,200,173,161,1070,759,687,166,419,33,580,53,456,133,119,16457,11751,5868
0,0,0,2,0,1,1,5,11,5,6,5,1,5,0,11,3,1,10,5,2,8,1,1,10,4,9,1,1,4,11,3,5,2,7,9,5,9,22,3,9,3,7,18,7,0,1,6,1,0,9,14,163,4,20,170,66,766,1017,490,4036,8872,4463,207,122,76,932,1002,380,149,6605,8040,108,74,702,31,37,28,26,313,35,249,61,45,30,61,284,185,120,62,48,13,220,76,296,26,8,33,178,174
0,0,0,0,0,0,0,9,111,2,1,7,16,3,2,5,1,0,17,156,5,6,10,8,163,7,48,0,1,1,10,12,72,2,2,4,11,41,2,1,1,0,3,55,46,0,6,0,0,0,1,2,24,0,3,14,375,436,246,748,751,4463,13193,4828,44,51,155,3314,103,829,7307,9322,80,771,807,58,323,36,15,598,125,5706,27,24,128,100,188,36,141,190,13,9,551,91,922,9,3,9,64,76
0,0,0,1,0,0,0,25,113,1,5,6,37,0,0,2,0,0,10,190,1,7,4,2,76,1,16,0,0,1,8,3,50,0,2,3,15,5,1,0,1,1,7,12,11,0,0,0,0,0,3,0,16,0,0,10,7677,1247,234,380,67,207,4828,15017,31,31,192,6951,64,335,2513,502,18,190,133,15,125,12,5,825,93,3881,7,24,87,34,112,6,52,25,4,2,89,8,142,2,4,1,5,12
5,6,28,59,13,59,102,5,19,19,3,7,1,107,16,132,2,1,36,45,8,38,4,11,61,2,19,2,18,29,68,8,20,1,91,31,69,33,106,3,27,9,47,40,33,0,2,252,5,9,25420,18033,25863,616,2872,2249,105,45,46,44,1617,122,44,31,128357,21818,2124,28,110,193,63,1271,35,109,246,364,63,194,15159,376,330,544,24052,883,1129,288,684,811,1429,479,617,17,243,56,163,465,14823,917,1288,348
2,5,5,11,0,16,31,2,9,18,5,5,2,39,6,42,3,0,14,16,4,19,3,2,43,7,10,0,11,14,29,3,15,0,25,14,27,29,38,0,10,4,18,21,16,0,1,42,4,2,84,53,8556,20,100,173,105,33,24,16,745,76,51,31,21818,44949,1833,41,59,125,194,452,24,83,597,228,51,69,920,529,312,498,8323,1501,764,231,347,280,5346,244,260,20,163,20,212,114,267,369,3523,5552
3,8,13,37,6,49,71,17,62,86,15,40,18,153,11,223,17,15,151,110,66,63,10,18,65,7,9,3,31,69,112,9,40,0,132,122,99,29,271,0,80,35,123,32,23,2,5,160,8,33,126,37,4774,13,97,1327,764,755,802,557,1957,932,155,192,2124,1833,18898,665,5904,873,427,777,97,323,401,98,73,42,424,9169,88,375,744,2449,618,68,1049,6967,861,456,686,7,259,19,84,399,196,236,662,561
0,0,0,0,0,0,0,23,33,8,1,26,5,0,0,11,11,2,44,9,15,7,5,5,12,2,5,1,1,4,3,2,5,3,2,19,14,4,14,0,1,0,10,5,5,0,2,1,0,2,1,0,23,0,0,22,472,4777,2468,414,297,1002,3314,6951,28,41,665,5430,200,76,7016,854,101,63,1565,19,21,12,7,4311,59,1299,16,34,48,26,325,30,78,31,18,5,88,18,219,4,2,7,19,46
0,0,2,3,0,0,6,39,85,54,21,51,19,21,3,73,25,14,168,79,44,12,3,20,65,9,14,0,9,11,51,7,38,1,30,78,46,27,59,1,21,9,45,26,24,1,1,15,0,13,13,2,112,2,8,175,166,257,589,5521,427,380,103,64,110,59,5904,200,9198,678,389,300,1814,1195,186,15,225,4,47,739,15,141,105,36,91,10,1435,1275,85,111,108,7,233,5,35,31,11,49,146,97
0,1,0,4,1,0,1,111,1048,10,7,128,304,19,7,36,9,8,40,1577,10,67,72,51,1224,9,207,0,1,5,47,45,841,6,12,26,53,259,24,1,7,5,39,137,377,5,22,6,1,6,10,2,139,0,4,129,1248,3297,685,3224,95,149,829,335,193,125,873,76,678,21579,89,898,76,1670,95,195,558,18,36,394,256,3184,53,103,3189,162,181,111,82,5026,19,12,988,32,346,13,18,15,47,48
0,0,0,1,0,1,1,16,22,2,0,4,2,4,0,16,4,4,45,14,10,7,0,6,5,8,6,1,1,0,7,4,4,3,10,17,14,10,11,1,3,0,7,25,4,0,8,7,0,2,7,4,63,3,7,72,38,439,580,681,5582,6605,7307,2513,63,194,427,7016,389,89,17365,2853,224,87,8482,75,78,72,42,1833,160,1042,135,15,102,136,820,182,641,82,77,14,351,51,604,13,6,123,868,3630
1,2,7,7,4,9,19,5,34,16,5,4,3,31,4,30,3,3,20,70,13,18,16,7,158,47,76,4,2,13,16,27,52,54,17,17,15,96,48,42,17,5,15,218,56,4,50,34,0,3,444,741,594,263,429,341,205,1585,897,925,2930,8040,9322,502,1271,452,777,854,300,898,2853,30073,100,804,748,373,624,1908,2896,403,391,4526,1172,77,196,1536,304,258,328,794,176,264,3157,5549,9425,72,94,2665,1457,511
0,0,2,4,1,2,2,16,83,9,5,12,8,3,2,16,12,9,38,49,9,7,3,4,67,5,27,0,0,2,14,2,31,5,7,22,33,36,15,4,2,3,11,42,21,1,6,8,0,2,5,1,17,2,49,88,19,117,44,11187,136,108,80,18,35,24,97,101,1814,76,224,100,6742,3896,90,31,1001,9,10,37,27,87,29,1,15,21,6006,1600,23,60,1092,154,629,4,34,212,39,17,40,48
0,0,0,2,0,4,4,60,863,19,11,119,148,15,5,38,3,5,47,1411,15,77,144,78,2203,37,618,2,2,9,51,100,969,24,9,32,43,746,29,15,5,8,48,637,715,7,75,18,3,6,9,1,42,3,76,95,119,92,119,6890,101,74,771,190,109,83,323,63,1195,1670,87,804,3896,11679,97,142,10067,71,20,98,205,1840,44,22,442,147,1038,419,57,1285,662,778,2816,21,307,362,69,12,45,46
1,0,0,4,0,1,0,10,23,16,4,9,2,2,2,20,6,8,54,22,10,10,5,5,27,3,5,0,1,5,11,2,12,4,5,18,27,17,25,1,7,0,12,26,10,0,3,4,1,3,3,5,66,0,10,38,37,49,176,154,1264,702,807,133,246,597,401,1565,186,95,8482,748,90,97,10278,150,64,76,80,5675,299,1001,295,324,335,226,678,214,4992,106,145,14,239,22,475,16,10,155,1015,5330
0,0,0,0,0,0,0,5,9,8,3,5,3,6,2,2,0,0,1,15,2,26,29,3,56,277,168,3,0,3,2,157,38,113,1,5,4,141,11,74,2,2,2,1177,58,11,127,2,0,0,11,4,69,1,9,8,25,38,19,36,128,31,58,15,364,228,98,19,15,195,75,373,31,142,150,9402,413,22,98,121,5864,739,225,81,3159,3968,43,13,154,7292,49,75,6827,25,1035,36,41,41,128,124
0,0,0,3,1,2,1,21,378,12,8,27,48,14,7,19,2,4,22,302,7,61,100,41,713,285,688,40,2,7,16,160,333,173,4,20,25,455,30,152,6,5,19,1810,273,30,200,11,2,3,6,1,20,1,91,19,139,65,35,2881,95,37,323,125,63,51,73,21,225,558,78,624,1001,10067,64,413,10642,727,27,59,366,1116,39,15,683,428,1251,184,39,594,1522,4952,8514,25,452,600,70,18,48,41
0,0,0,0,0,0,0,1,0,0,0,0,0,1,1,5,0,0,0,0,2,3,1,0,2,4,11,190,0,1,1,9,0,234,1,1,1,1,6,497,2,1,0,56,2,23,83,8,0,0,98,55,59,23,74,27,2,15,6,10,95,28,36,12,194,69,42,12,4,18,72,1908,9,71,76,22,727,29585,2430,27,56,104,538,8,29,7387,169,28,35,21,135,12270,428,9698,1358,42,77,716,149,72
1,4,8,11,3,10,24,1,2,5,1,0,0,35,3,37,0,0,17,8,1,19,1,2,8,1,1,2,7,10,24,3,3,4,26,15,25,7,47,1,14,8,17,8,7,0,1,55,2,1,2102,753,1053,229,518,272,14,7,17,14,351,26,15,5,15159,920,424,7,47,36,42,2896,10,20,80,98,27,2430,116741,77,110,87,30808,119,221,390,317,259,276,84,246,121,95,783,206,112,25672,21007,1663,220
1,2,0,1,0,1,3,21,35,42,10,31,14,13,5,62,15,14,109,68,33,19,6,1,67,2,22,1,7,12,41,5,47,1,24,47,29,26,38,0,15,6,39,16,37,2,2,7,1,5,15,4,242,0,8,101,1082,975,2214,76,347,313,598,825,376,529,9169,4311,739,394,1833,403,37,98,5675,121,59,27,77,16460,405,1730,111,3702,1221,147,484,107,1031,191,95,8,143,18,253,23,19,22,102,107
0,0,1,0,0,0,0,1,5,2,3,3,1,2,0,2,0,0,2,10,1,20,27,4,53,164,134,19,2,1,0,122,16,340,0,1,8,104,3,220,1,1,2,886,36,17,284,4,0,0,4,2,37,3,5,11,71,45,23,31,199,35,125,93,330,312,88,59,15,256,160,391,27,205,299,5864,366,56,110,405,24731,3730,229,82,3022,8414,38,18,230,1116,37,195,3525,42,8249,23,26,48,202,244
0,0,0,1,1,0,0,25,239,10,3,24,52,4,2,14,3,1,25,540,4,27,53,11,616,48,187,1,0,4,17,60,266,35,5,11,17,218,9,12,0,4,28,363,222,6,40,3,0,1,12,7,101,2,9,30,2428,397,214,344,309,249,5706,3881,544,498,375,1299,141,3184,1042,4526,87,1840,1001,739,1116,104,87,1730,3730,27253,238,192,9363,932,124,48,494,1594,42,43,2530,73,7021,23,24,82,266,365
1,3,3,15,1,9,17,2,4,12,5,4,1,35,3,62,4,0,30,15,10,24,1,4,27,3,7,2,9,28,34,3,16,2,32,30,40,11,61,2,17,7,11,17,10,0,1,47,2,5,679,432,820,172,328,330,19,10,45,31,624,61,27,7,24052,8323,744,16,105,53,135,1172,29,44,295,225,39,538,30808,111,229,238,70678,399,413,272,659,426,1055,129,401,35,169,140,173,86,2622,5458,19739,797
2,1,1,0,0,8,2,2,8,6,1,0,3,12,6,14,0,1,3,13,5,6,1,1,17,3,3,0,4,5,10,1,11,0,8,4,5,12,16,1,6,2,9,18,8,0,0,13,1,1,7,3,43,1,5,26,101,39,32,8,200,45,24,24,883,1501,2449,34,36,103,15,77,1,22,324,81,15,8,119,3702,82,192,399,2447,302,48,88,73,5094,197,104,3,72,4,37,18,33,42,330,613
1,0,0,4,0,0,0,22,116,11,4,30,15,3,2,15,3,1,30,301,12,35,91,28,890,53,297,1,2,6,11,102,327,19,7,14,6,518,15,4,3,2,23,573,421,8,60,2,0,6,27,5,232,0,10,32,435,563,248,108,173,30,128,87,1129,764,618,48,91,3189,102,196,15,442,335,3159,683,29,221,1221,3022,9363,413,302,10473,899,39,27,435,3488,18,16,1459,5,392,11,76,83,216,195
0,0,0,0,0,0,1,0,4,2,2,3,1,1,1,2,0,0,3,13,2,47,25,4,30,144,123,140,5,5,1,136,17,1807,1,0,12,68,16,1513,6,1,3,986,29,88,1008,5,0,0,25,9,47,5,24,7,16,45,16,39,161,61,100,34,288,231,68,26,10,162,136,1536,21,147,226,3968,428,7387,390,147,8414,932,272,48,899,39079,76,15,144,1453,70,2572,5035,7079,8875,31,28,138,190,179
2,4,5,16,6,37,33,161,865,91,28,50,134,74,8,121,37,10,137,203,65,35,6,40,80,5,14,3,25,35,63,8,50,10,70,109,738,17,227,15,67,28,75,24,14,2,9,111,4,25,76,36,264,8,132,399,237,889,890,9014,1070,284,188,112,684,347,1049,325,1435,181,820,304,6006,1038,678,43,1251,169,317,484,38,124,659,88,39,76,3175,3889,379,43,4872,828,621,7,64,748,130,220,664,516
9,26,31,115,13,162,206,14,26,63,21,22,6,163,26,249,17,16,152,44,40,78,5,19,16,3,6,4,32,74,139,8,15,2,161,112,175,13,266,5,81,38,96,19,6,1,4,505,14,24,217,103,743,71,1812,6305,14,34,46,269,759,185,36,6,811,280,6967,30,1275,111,182,258,1600,419,214,13,184,28,259,107,18,48,426,73,27,15,3889,18665,238,47,13565,56,218,8,19,5752,314,130,372,275
1,1,0,7,1,7,8,1,10,8,0,3,0,27,3,27,2,0,14,20,8,15,3,1,27,0,4,0,3,10,21,2,8,0,12,18,30,12,27,0,12,5,13,16,11,0,3,10,0,4,7,12,178,4,24,91,60,23,37,30,687,120,141,52,1429,5346,861,78,85,82,641,328,23,57,4992,154,39,35,276,1031,230,494,1055,5094,435,144,379,238,30290,183,246,9,141,18,239,46,54,246,2348,12531
0,0,1,3,0,2,2,16,77,26,7,14,7,19,4,9,6,1,17,121,15,33,107,23,647,174,558,4,0,13,14,179,230,57,5,18,16,612,24,19,8,10,21,1266,378,18,117,10,1,3,22,4,180,0,8,46,50,243,85,210,166,62,190,25,479,244,456,31,111,5026,82,794,60,1285,106,7292,594,21,84,191,1116,1594,129,197,3488,1453,43,47,183,24469,27,30,9606,25,719,38,39,28,69,75
2,7,6,24,5,33,47,3,15,31,9,9,2,79,5,77,4,5,41,14,16,28,1,5,12,3,5,9,16,35,43,5,6,14,57,43,60,8,125,22,42,11,45,28,3,0,6,105,5,14,123,49,298,35,1310,598,6,12,73,105,419,48,13,4,617,260,686,18,108,19,77,176,1092,662,145,49,1522,135,246,95,37,42,401,104,18,70,4872,13565,246,27,20127,1094,896,9,36,12286,347,127,270,242
0,0,0,0,0,1,2,0,1,5,3,0,0,2,1,0,0,0,0,5,1,51,19,2,7,77,127,790,12,1,1,135,9,2994,0,0,13,20,17,4167,4,1,1,1075,7,166,1235,7,0,0,3,2,4,2,36,6,2,8,5,15,33,13,9,2,17,20,7,5,7,12,14,264,154,778,14,75,4952,12270,121,8,195,43,35,3,16,2572,828,56,9,30,1094,30955,7161,469,906,266,28,35,22,11
0,0,0,4,0,7,1,24,108,37,15,20,26,21,10,11,7,3,16,132,11,99,234,50,617,986,1182,112,12,7,13,655,246,1206,7,14,41,853,64,1018,14,10,28,5258,421,95,1031,35,1,7,16,4,83,2,93,61,57,168,82,422,580,220,551,89,243,163,259,88,233,988,351,3157,629,2816,239,6827,8514,428,95,143,3525,2530,169,72,1459,5035,621,218,141,9606,896,7161,26296,217,4316,474,96,72,240,246
0,0,0,0,0,0,0,0,0,0,0,0,0,0,1,1,0,0,0,1,0,2,0,0,1,3,1,7,1,0,1,3,1,125,0,1,1,0,2,94,0,0,0,43,3,3,59,0,0,0,16,9,20,6,13,7,4,31,7,12,53,76,91,8,56,20,19,18,5,32,51,5549,4,21,22,25,25,9698,783,18,42,73,140,4,5,7079,7,8,18,25,9,469,217,10658,6131,3,12,287,56,21
0,0,0,0,0,1,0,2,13,3,2,1,1,0,1,4,0,0,4,18,3,15,19,6,51,146,78,23,2,2,4,106,22,467,0,0,4,72,1,285,1,2,2,715,27,23,309,7,0,1,7,5,32,3,12,15,56,117,52,87,456,296,922,142,163,212,84,219,35,346,604,9425,34,307,475,1035,452,1358,206,253,8249,7021,173,37,392,8875,64,19,239,719,36,906,4316,6131,24230,41,11,109,217,284
12,37,81,222,12,604,568,1,2,10,4,3,1,54,16,99,0,0,10,8,3,23,3,9,12,4,41,5,6,12,32,6,4,6,124,4,235,4,83,12,12,3,11,45,3,0,6,1413,13,4,298,374,562,401,11037,2058,4,4,5,32,133,26,9,2,465,114,399,4,31,13,13,72,212,362,16,36,600,42,112,23,23,23,86,18,11,31,748,5752,46,38,12286,266,474,3,41,23367,1306,31,45,28
1,3,6,13,1,18,32,0,2,6,0,0,1,25,0,26,1,0,1,2,3,5,0,2,2,1,2,1,3,10,8,0,0,0,21,7,22,3,26,1,9,4,14,8,1,0,1,71,0,5,16916,728,975,303,7299,315,2,3,1,7,119,8,3,4,14823,267,196,2,11,18,6,94,39,69,10,41,70,77,25672,19,26,24,2622,33,76,28,130,314,54,39,347,28,96,12,11,1306,52070,410,445,35
0,1,3,6,0,7,14,0,1,2,1,0,0,13,2,16,2,0,13,5,4,7,1,1,1,1,1,0,3,6,10,1,2,0,16,1,11,3,27,0,3,3,13,7,4,1,0,12,1,2,302,405,428,137,262,211,6,10,15,13,16457,33,9,1,917,369,236,7,49,15,123,2665,17,12,155,41,18,716,21007,22,48,82,5458,42,83,138,220,130,246,28,127,35,72,287,109,31,410,45043,7893,932
0,1,2,2,1,5,4,3,9,18,5,3,1,17,1,39,3,3,30,10,12,17,3,1,15,2,6,0,2,12,21,5,7,2,14,33,38,13,39,0,12,7,22,20,8,0,3,14,0,1,135,255,623,106,201,355,6,21,56,48,11751,178,64,5,1288,3523,662,19,146,47,868,1457,40,45,1015,128,48,149,1663,102,202,266,19739,330,216,190,664,372,2348,69,270,22,240,56,217,45,445,7893,44090,8311
0,0,0,3,0,2,3,6,3,9,2,1,0,12,2,18,3,2,23,7,8,12,2,0,7,2,5,1,4,7,18,4,8,3,6,23,25,11,30,1,7,2,8,17,4,2,4,6,1,1,21,24,187,11,35,153,10,17,39,40,5868,174,76,12,348,5552,561,46,97,48,3630,511,48,46,5330,124,41,72,220,107,244,365,797,613,195,179,516,275,12531,75,242,11,246,21,284,28,35,932,8311,20344
