31417,7421,8748,1079,14811,2013,218,12,2,23,0,2,3,17252,179,165,0,4,3,10,5,239,4,6,9,5,3,32,1351,1105,14,46,24,4,34,5,13,6,17,0,347,38,56,2,33,38,24,97,2879,12,3,6,6,5,11,27,0,0,0,0,5,0,0,0,3,1,13,0,3,1,0,1,1,1,1,0,0,1,2,1,0,0,1,7,0,0,1,12,2,0,6,1,0,0,0,19,2,2,2,0
7421,22189,11650,12965,893,754,1155,13,4,138,18,10,4,6517,4224,266,4,5,5,22,14,592,4,1,12,10,3,19,580,1016,10,35,7,4,65,12,27,4,37,2,791,189,105,3,50,22,17,421,415,23,38,93,51,68,155,267,0,0,0,1,9,0,0,1,73,6,139,0,8,1,1,11,4,1,3,0,0,0,29,5,0,0,11,26,1,0,3,96,8,0,36,0,0,0,0,171,21,4,10,1
8748,11650,33564,5308,5221,7615,7407,14,7,137,18,24,2,1523,134,104,2,1,8,13,11,770,14,4,5,2,2,58,1206,1586,12,15,11,10,71,10,26,2,45,1,1339,198,57,1,17,66,11,517,665,20,258,139,53,1146,228,412,0,0,0,0,4,1,0,0,97,10,147,0,6,0,1,17,2,3,5,0,0,2,43,6,0,0,24,34,1,0,3,132,4,0,43,0,0,0,0,222,63,14,15,1
1079,12965,5308,30660,730,1575,9580,107,47,675,47,48,21,5130,14097,6646,4,29,31,178,49,878,18,34,68,66,14,14,550,1413,161,172,44,30,321,102,118,55,169,4,1072,568,1345,27,311,30,57,1251,338,78,45,83,47,69,155,371,1,2,1,11,17,1,0,2,83,6,174,2,18,3,3,23,6,5,11,1,3,0,44,5,1,3,25,31,5,0,6,142,6,0,48,0,3,1,0,214,19,8,20,2
14811,893,5221,730,14700,24596,846,5,1,10,1,0,1,4057,67,69,0,1,3,6,1,65,1,0,4,6,3,11,379,253,7,17,2,4,23,2,10,1,15,0,89,9,29,1,19,4,5,200,3843,6,0,4,3,104,5,12,0,0,0,1,1,0,0,0,2,1,7,0,1,0,1,0,0,1,0,0,0,0,2,0,0,0,0,4,0,0,1,1,0,0,1,0,0,0,0,7,1,0,1,0
2013,754,7615,1575,24596,23681,13019,4,25,33,1,1,1,693,29,128,0,0,3,6,9,73,5,11,60,6,43,8,312,184,5,6,5,5,280,20,238,6,776,14,121,25,20,16,9,11,12,4630,6722,6,97,115,54,1280,321,453,1,1,0,5,8,2,0,0,61,10,101,3,5,0,3,9,7,2,1,2,4,2,29,1,0,0,16,21,1,0,1,127,3,1,27,0,1,0,0,285,27,4,12,0
218,1155,7407,9580,846,13019,27171,14,25,198,9,8,4,922,187,1539,4,5,13,25,24,290,6,70,28,10,20,3,135,368,42,29,14,5,3315,101,345,12,2605,3,303,168,84,8,40,8,8,3476,230,21,25,69,41,63,135,634,0,0,0,6,19,3,1,0,95,18,156,5,21,2,7,22,3,2,9,1,0,2,40,15,0,1,41,53,2,0,14,109,10,1,55,0,1,2,1,190,22,12,28,3
12,13,14,107,5,4,14,39995,3639,158,481,1503,5736,363,365,1291,3002,6503,1083,6393,858,1429,239,208,232,85,33,4,27,152,1278,242,1324,20,25,40,618,182,57,3,58,78,813,25,792,13,128,4,6,59,0,0,5,1,1,0,103,187,34,898,45,59,19,49,9,5,34,86,104,115,44,22,85,73,21,3,7,0,8,8,1,38,15,12,29,2,120,13,3,1,6,1,5,0,0,1,2,1,26,8
2,4,7,47,1,25,25,3639,56734,171,230,1113,1718,74,72,1339,663,412,7049,5281,791,1049,286,10229,8753,79,2184,10,34,71,349,193,1096,37,256,1203,6509,146,389,41,50,65,372,216,277,23,202,88,12,44,3,0,9,0,3,2,268,749,180,3511,86,139,90,191,10,14,103,380,333,381,97,51,426,449,63,14,64,0,11,28,8,115,25,20,98,5,625,49,15,28,16,1,46,2,5,6,1,8,25,15
23,138,137,675,10,33,198,158,171,26014,4360,4703,99,326,412,1489,187,54,360,133,5160,5444,761,98,171,85,92,50,553,336,329,265,490,30,537,724,659,110,710,13,21018,11010,2401,192,101,192,514,160,55,4739,0,2,3,0,3,12,5,4,10,47,75,13,5,2,20,10,115,22,145,8,37,14,12,17,60,4,6,1,16,41,0,9,25,28,8,1,32,86,27,3,55,0,9,0,1,7,2,7,31,13
0,18,18,47,1,1,9,481,230,4360,3361,6052,294,31,30,204,693,131,182,135,2687,3211,1507,23,84,35,50,21,40,88,90,65,332,7,35,97,95,53,74,4,223,316,233,82,35,102,204,8,8,97,0,0,0,0,0,0,3,3,1,12,9,6,5,0,0,0,10,5,20,8,7,4,6,5,14,2,2,0,2,0,0,2,2,4,5,0,2,10,5,2,6,0,4,0,0,0,1,1,6,1
2,10,24,48,0,1,8,1503,1113,4703,6052,22609,10218,130,79,299,9760,574,293,941,9525,3236,2595,108,917,55,170,28,64,283,423,318,7223,23,84,175,377,147,140,10,464,545,638,209,232,130,744,13,5,267,0,0,1,0,0,0,13,18,13,96,12,14,10,15,2,2,23,25,46,42,11,8,19,70,14,3,19,0,2,7,1,25,2,7,26,1,15,12,1,6,5,0,12,0,1,2,0,1,5,2
3,4,2,21,1,1,4,5736,1718,99,294,10218,17066,225,141,261,3418,750,198,1990,967,449,143,70,351,21,51,8,23,188,426,379,7057,5,21,52,305,54,28,0,59,92,350,24,600,12,140,7,1,77,0,0,0,0,0,0,45,74,2,303,5,8,10,18,0,3,7,10,10,78,4,3,20,59,2,0,3,0,0,4,2,17,2,3,11,1,24,2,1,6,0,0,2,0,0,0,0,0,3,0
17252,6517,1523,5130,4057,693,922,363,74,326,31,130,225,87580,11061,1682,22,128,89,608,273,588,103,35,222,149,72,66,4338,23443,268,1222,608,67,501,142,335,119,441,7,1254,1350,3686,83,1231,113,468,696,11538,4679,29,34,58,18,62,188,0,4,1,17,34,5,5,2,112,23,259,1,47,23,3,40,11,35,24,4,4,0,51,9,0,5,46,94,11,2,10,174,37,11,100,1,5,1,0,163,32,11,45,12
179,4224,134,14097,67,29,187,365,72,412,30,79,141,11061,18128,1762,16,151,107,544,180,438,44,19,116,122,30,14,343,2355,577,482,259,43,112,117,102,106,65,2,708,808,12329,33,800,21,131,70,101,2899,4,2,1,4,5,8,0,2,1,13,8,0,2,3,5,3,21,1,20,10,3,5,4,13,9,1,4,0,3,9,0,4,0,8,8,0,8,16,7,4,10,0,6,1,0,14,2,0,8,1
165,266,104,6646,69,128,1539,1291,1339,1489,204,299,261,1682,1762,28071,122,2582,7970,1189,1172,788,129,336,496,156,67,21,297,1031,12570,366,362,59,3355,3313,911,242,1104,16,759,684,8444,90,701,25,163,1313,117,325,20,19,39,13,24,71,10,21,13,127,127,36,14,5,64,36,316,25,253,19,33,54,49,26,141,3,6,3,46,48,2,16,72,110,13,2,56,253,62,9,142,0,8,6,2,101,22,29,108,34
0,4,2,4,0,0,4,3002,663,187,693,9760,3418,22,16,122,2848,501,184,110,5241,284,351,70,52,5,12,4,10,33,898,122,1117,4,18,32,94,14,27,1,19,34,142,21,61,5,167,1,0,20,0,0,0,0,0,0,1,10,16,70,17,18,3,3,0,2,12,34,23,5,9,4,15,10,1,0,1,0,0,1,0,3,1,1,4,0,8,2,3,2,4,0,0,0,0,0,1,0,2,1
4,5,1,29,1,0,5,6503,412,54,131,574,750,128,151,2582,501,2855,1664,392,568,154,54,46,29,9,11,3,5,68,2652,145,413,3,11,26,111,20,43,1,26,26,446,8,270,7,74,3,1,29,0,1,2,0,2,0,7,24,21,77,33,23,10,9,5,5,27,33,69,8,43,10,31,11,28,1,1,1,1,3,1,3,8,3,5,0,17,16,1,0,11,0,3,0,1,1,2,3,9,3
3,5,8,31,3,3,13,1083,7049,360,182,293,198,89,107,7970,184,1664,10639,918,1156,409,99,1398,801,64,89,5,22,114,1080,100,212,22,119,1873,801,122,279,12,87,124,733,55,188,11,91,10,2,69,0,3,9,0,3,4,21,32,31,266,111,38,25,11,13,16,119,68,252,52,73,18,72,41,76,4,7,2,18,28,1,19,20,17,13,0,54,84,14,5,34,0,5,0,1,4,2,14,51,20
10,22,13,178,6,6,25,6393,5281,133,135,941,1990,608,544,1189,110,392,918,20011,225,757,731,52,1978,725,384,19,77,399,938,1330,7363,193,62,159,579,4404,72,9,107,150,1243,765,4783,53,666,19,13,123,0,0,1,1,2,3,106,94,5,408,16,22,54,96,2,8,17,21,53,379,13,34,23,557,21,30,75,1,2,12,8,164,4,16,158,9,33,14,6,64,6,0,57,1,4,2,0,0,7,3
5,14,11,49,1,9,24,858,791,5160,2687,9525,967,273,180,1172,5241,568,1156,225,16830,1169,835,173,171,54,71,26,83,678,2932,527,1332,23,249,563,706,76,559,11,560,1707,5657,129,229,89,603,33,9,2922,0,3,3,0,1,3,4,12,23,84,81,49,12,4,9,10,89,65,168,14,45,19,39,17,67,1,5,0,7,37,1,5,22,18,12,0,30,44,18,6,21,0,6,0,1,6,2,10,44,24
239,592,770,878,65,73,290,1429,1049,5444,3211,3236,449,588,438,788,284,154,409,757,1169,14349,6599,60,503,395,238,659,8446,1197,242,302,393,311,253,319,307,173,331,118,26656,1542,945,879,201,4938,798,106,336,317,5,1,8,3,5,13,6,15,6,56,23,9,5,3,17,7,68,20,54,33,19,17,19,31,20,12,15,2,17,11,5,15,12,19,17,2,10,63,16,6,41,12,37,0,4,11,7,4,28,5
4,4,14,18,1,5,6,239,286,761,1507,2595,143,103,44,129,351,54,99,731,835,6599,13817,62,2119,851,1428,447,243,203,102,1354,3700,203,36,60,150,1026,110,77,252,285,222,2462,646,4000,8091,46,4,119,0,0,0,0,0,0,4,2,0,28,10,3,17,4,1,7,9,4,16,61,9,22,9,149,7,62,90,2,2,2,18,35,4,1,112,14,4,2,6,81,1,12,142,0,8,1,0,1,2,1
6,1,4,34,0,11,70,208,10229,98,23,108,70,35,19,336,70,46,1398,52,173,60,62,8930,1382,31,654,16,16,43,76,73,81,33,752,5663,3686,25,5326,77,39,34,125,156,39,17,92,60,0,11,4,0,0,0,0,2,12,53,22,316,46,41,10,12,7,5,47,58,80,26,32,18,58,35,35,8,14,0,3,8,3,16,3,12,22,1,108,18,2,8,14,3,17,1,2,3,2,2,15,3
9,12,5,68,4,60,28,232,8753,171,84,917,351,222,116,496,52,29,801,1978,171,503,2119,1382,10501,663,6383,39,50,260,178,1559,3071,239,215,596,1265,1591,569,43,93,174,348,2797,755,135,1303,345,35,94,1,0,4,0,5,0,63,79,3,408,19,40,183,111,12,27,42,21,50,637,15,116,83,1625,35,102,463,2,4,15,28,405,14,37,649,25,45,7,18,313,6,7,300,0,15,2,2,1,14,9
5,10,2,66,6,6,10,85,79,85,35,55,21,149,122,156,5,9,64,725,54,395,851,31,663,18668,708,132,35,97,111,15371,301,5039,16,22,55,8982,74,151,41,55,261,5863,4292,627,4158,31,5,34,0,0,0,0,0,0,3,1,0,16,6,1,20,2,3,3,3,0,7,21,6,78,3,54,6,153,153,4,2,4,54,56,4,3,113,61,5,2,5,145,3,65,417,3,43,3,1,1,4,8
3,3,2,14,3,43,20,33,2184,92,50,170,51,72,30,67,12,11,89,384,71,238,1428,654,6383,708,16578,1849,29,70,30,1995,576,1209,181,186,2841,598,2119,7940,39,40,84,6568,943,621,2275,333,14,29,0,0,3,0,2,0,11,8,1,74,8,10,47,15,10,14,11,3,17,109,8,149,17,306,14,185,468,25,2,5,81,159,8,11,279,87,7,5,6,350,9,132,616,3,46,3,0,0,12,9
32,19,58,14,11,8,3,4,10,50,21,28,8,66,14,21,4,3,5,19,26,659,447,16,39,132,1849,52095,1424,270,6,358,39,9188,15,10,149,59,183,10735,815,44,24,647,40,8669,4417,25,6,16,0,0,0,1,0,0,0,0,0,1,0,1,0,0,0,0,4,0,1,1,2,12,1,4,0,22,92,379,1,0,30,7,1,0,6,108,5,1,1,2,6,462,153,2,15,2,0,0,1,0
1351,580,1206,550,379,312,135,27,34,553,40,64,23,4338,343,297,10,5,22,77,83,8446,243,16,50,35,29,1424,121287,13014,51,147,85,220,138,55,100,19,119,66,38650,478,411,91,113,3329,256,139,7756,104,2,3,4,2,8,13,3,0,0,1,10,1,1,1,11,5,25,2,14,1,1,8,3,7,9,1,2,0,7,5,0,3,3,15,0,1,6,32,5,1,22,1,7,0,0,8,5,4,6,2
1105,1016,1586,1413,253,184,368,152,71,336,88,283,188,23443,2355,1031,33,68,114,399,678,1197,203,43,260,97,70,270,13014,59209,331,1156,783,69,420,248,420,135,458,15,11834,9778,4071,121,659,419,636,194,1899,3228,12,8,19,3,11,36,3,0,3,18,41,3,2,5,27,17,126,10,67,12,7,23,14,18,38,2,6,2,26,16,1,8,29,44,6,1,28,92,35,9,67,0,5,0,0,33,10,5,32,12
14,10,12,161,7,5,42,1278,349,329,90,423,426,268,577,12570,898,2652,1080,938,2932,242,102,76,178,111,30,6,51,331,16865,341,476,43,322,500,264,151,168,3,185,251,13704,49,746,9,151,42,9,205,0,7,4,0,4,1,6,10,6,52,43,7,4,5,6,8,73,11,60,13,16,15,9,16,53,1,3,2,13,15,1,3,16,14,8,0,17,54,15,10,24,1,3,0,1,13,6,5,29,8
46,35,15,172,17,6,29,242,193,265,65,318,379,1222,482,366,122,145,100,1330,527,302,1354,73,1559,15371,1995,358,147,1156,341,33161,6738,5095,58,55,174,3297,164,473,312,470,773,5875,7603,1037,19252,49,23,313,0,0,1,0,0,1,5,5,0,34,6,6,31,7,5,5,11,2,18,53,5,83,10,175,13,158,196,11,2,4,70,91,6,8,194,72,7,7,8,220,4,54,466,5,55,1,1,1,8,10
24,7,11,44,2,5,14,1324,1096,490,332,7223,7057,608,259,362,1117,413,212,7363,1332,393,3700,81,3071,301,576,39,85,783,476,6738,16395,82,60,95,461,674,103,9,249,600,705,717,7602,158,2966,32,7,395,0,0,0,0,2,1,47,34,1,118,6,6,33,30,4,7,28,7,37,199,4,25,12,282,18,12,62,0,1,11,5,74,2,10,139,2,23,11,5,48,7,1,44,0,4,0,1,1,7,2
4,4,10,30,4,5,5,20,37,30,7,23,5,67,43,59,4,3,22,193,23,311,203,33,239,5039,1209,9188,220,69,43,5095,82,20184,14,16,126,857,182,9436,167,16,105,7819,536,4946,13395,25,1,11,0,0,0,0,1,0,2,0,0,5,2,4,2,0,0,1,4,0,2,10,0,31,0,22,1,75,113,52,0,0,65,18,0,2,17,233,3,0,0,33,1,485,525,13,68,1,0,0,1,0
34,65,71,321,23,280,3315,25,256,537,35,84,21,501,112,3355,18,11,119,62,249,253,36,752,215,16,181,15,138,420,322,58,60,14,4112,1003,1499,21,8031,51,285,281,765,56,36,21,39,3864,179,117,10,14,49,14,33,77,1,5,8,45,73,13,4,4,86,50,292,19,89,10,18,43,23,11,72,1,4,1,67,30,1,10,64,132,6,1,43,275,89,1,181,2,5,4,0,88,20,31,91,25
5,12,10,102,2,20,101,40,1203,724,97,175,52,142,117,3313,32,26,1873,159,563,319,60,5663,596,22,186,10,55,248,500,55,95,16,1003,12825,1627,46,5802,42,255,305,983,83,50,13,64,119,15,121,3,3,15,1,6,8,13,18,20,140,119,43,10,5,28,15,205,53,254,24,59,32,47,25,121,4,6,1,19,56,2,15,40,51,8,0,81,133,52,2,86,0,8,1,0,15,8,20,77,28
13,27,26,118,10,238,345,618,6509,659,95,377,305,335,102,911,94,111,801,579,706,307,150,3686,1265,55,2841,149,100,420,264,174,461,126,1499,1627,5120,73,8001,507,327,319,808,285,102,51,174,1185,129,151,6,8,19,1,16,24,86,173,23,900,206,44,20,34,37,26,280,51,414,89,100,53,165,101,160,8,18,1,43,55,10,23,67,70,39,3,286,357,81,8,167,5,24,2,1,53,14,43,120,54
6,4,2,55,1,6,12,182,146,110,53,147,54,119,106,242,14,20,122,4404,76,173,1026,25,1591,8982,598,59,19,135,151,3297,674,857,21,46,73,10325,53,41,38,71,326,6484,3804,177,1769,20,4,37,0,0,2,0,1,1,3,2,0,37,7,11,43,9,9,6,6,4,8,51,5,73,13,240,6,86,201,1,3,4,41,114,9,5,319,27,2,1,4,293,7,7,318,1,15,1,0,1,11,8
17,37,45,169,15,776,2605,57,389,710,74,140,28,441,65,1104,27,43,279,72,559,331,110,5326,569,74,2119,183,119,458,168,164,103,182,8031,5802,8001,53,41503,826,282,339,710,496,80,79,266,9359,145,147,5,11,38,16,21,46,2,11,9,46,109,19,7,2,65,41,394,24,183,12,35,63,32,12,110,10,11,2,57,63,4,6,69,151,16,3,75,241,71,4,148,11,20,3,2,61,19,22,91,27
0,2,1,4,0,14,3,3,41,13,4,10,0,7,2,16,1,1,12,9,11,118,77,77,43,151,7940,10735,66,15,3,473,9,9436,51,42,507,41,826,32643,44,5,9,8599,22,1533,1796,124,4,1,1,0,0,0,1,0,1,0,0,4,1,1,3,1,2,2,2,0,0,1,2,66,4,17,2,101,354,235,2,0,99,15,1,1,12,419,14,1,0,19,19,1433,911,26,108,0,2,0,3,0
347,791,1339,1072,89,121,303,58,50,21018,223,464,59,1254,708,759,19,26,87,107,560,26656,252,39,93,41,39,815,38650,11834,185,312,249,167,285,255,327,38,282,44,87449,8829,1479,107,186,1873,317,146,369,893,1,2,9,4,4,15,0,1,5,9,25,6,1,2,16,9,78,7,50,4,8,8,4,11,11,0,2,2,6,17,1,2,13,22,4,1,20,54,11,2,36,0,9,0,0,16,4,4,22,7
38,189,198,568,9,25,168,78,65,11010,316,545,92,1350,808,684,34,26,124,150,1707,1542,285,34,174,55,40,44,478,9778,251,470,600,16,281,305,319,71,339,5,8829,24627,4530,138,202,120,477,102,35,7229,3,0,2,0,3,6,4,4,3,18,30,5,1,2,8,5,68,4,61,4,11,8,8,15,36,0,4,0,7,21,0,2,14,24,6,0,17,36,8,3,19,0,3,1,0,6,2,3,21,9
56,105,57,1345,29,20,84,813,372,2401,233,638,350,3686,12329,8444,142,446,733,1243,5657,945,222,125,348,261,84,24,411,4071,13704,773,705,105,765,983,808,326,710,9,1479,4530,49661,109,1406,51,371,136,45,13341,3,6,11,4,9,16,6,8,3,53,90,21,7,7,20,10,193,20,164,22,25,36,20,31,78,2,6,1,21,43,3,12,27,48,13,1,51,114,28,10,59,0,11,0,0,10,9,8,50,17
2,3,1,27,1,16,8,25,216,192,82,209,24,83,33,90,21,8,55,765,129,879,2462,156,2797,5863,6568,647,91,121,49,5875,717,7819,56,83,285,6484,496,8599,107,138,109,39152,623,2309,7583,125,6,47,0,0,1,0,2,0,2,9,1,35,15,3,33,6,8,12,8,3,4,51,10,225,17,152,11,445,484,35,6,6,191,183,9,7,236,251,11,2,6,446,11,240,1325,6,125,5,3,1,18,10
33,50,17,311,19,9,40,792,277,101,35,232,600,1231,800,701,61,270,188,4783,229,201,646,39,755,4292,943,40,113,659,746,7603,7602,536,36,50,102,3804,80,22,186,202,1406,623,11304,80,1263,40,19,173,1,0,2,1,2,0,9,11,2,65,17,5,73,10,8,12,11,15,29,107,8,68,18,420,16,51,161,1,5,7,20,128,6,12,418,13,10,2,4,239,6,2,163,0,6,2,2,1,9,5
38,22,66,30,4,11,8,13,23,192,102,130,12,113,21,25,5,7,11,53,89,4938,4000,17,135,627,621,8669,3329,419,9,1037,158,4946,21,13,51,177,79,1533,1873,120,51,2309,80,16186,13540,20,5,41,0,0,0,0,1,0,1,0,0,1,1,0,3,2,0,3,1,0,7,0,0,17,1,7,3,38,40,9,0,0,28,4,1,3,12,55,0,1,1,11,3,116,210,5,23,0,0,0,1,1
24,17,11,57,5,12,8,128,202,514,204,744,140,468,131,163,167,74,91,666,603,798,8091,92,1303,4158,2275,4417,256,636,151,19252,2966,13395,39,64,174,1769,266,1796,317,477,371,7583,1263,13540,37240,45,7,228,0,0,0,0,0,0,3,4,1,12,3,5,21,5,3,3,9,4,11,32,5,88,8,78,6,164,135,22,1,3,87,65,4,5,81,140,3,5,3,124,10,153,630,6,68,1,0,0,5,2
97,421,517,1251,200,4630,3476,4,88,160,8,13,7,696,70,1313,1,3,10,19,33,106,46,60,345,31,333,25,139,194,42,49,32,25,3864,119,1185,20,9359,124,146,102,136,125,40,20,45,13594,710,29,60,139,108,123,265,582,0,2,1,20,25,4,1,2,211,39,375,4,19,3,2,36,20,13,12,2,8,1,90,12,1,2,53,100,3,3,16,344,30,4,123,1,7,1,0,564,65,18,47,5
2879,415,665,338,3843,6722,230,6,12,55,8,5,1,11538,101,117,0,1,2,13,9,336,4,0,35,5,14,6,7756,1899,9,23,7,1,179,15,129,4,145,4,369,35,45,6,19,5,7,710,9627,7,6,7,5,11,9,18,0,0,1,5,2,0,0,0,2,0,11,0,1,1,1,1,2,0,1,0,0,0,4,0,0,0,0,3,0,0,1,12,1,0,1,0,1,0,0,14,0,0,1,0
12,23,20,78,6,6,21,59,44,4739,97,267,77,4679,2899,325,20,29,69,123,2922,317,119,11,94,34,29,16,104,3228,205,313,395,11,117,121,151,37,147,1,893,7229,13341,47,173,41,228,29,7,13462,1,1,0,0,0,1,0,1,2,8,7,4,1,0,3,2,27,2,18,2,3,3,3,5,14,3,2,0,3,6,2,5,4,5,4,0,12,13,1,2,5,0,3,0,0,2,0,0,2,2
3,38,258,45,0,97,25,0,3,0,0,0,0,29,4,20,0,0,0,0,0,5,0,4,1,0,0,0,2,12,0,0,0,0,10,3,6,0,5,1,1,3,3,0,1,0,0,60,6,1,35856,23261,3086,13672,15091,2449,3,1,0,10,50,1,1,2,12705,57,426,1,12,6,4,239,21,25,19,9,16,29,2042,6,9,8,496,44,26,19,39,303,19,6,282,9,24,36,2,449,11569,166,259,9
6,93,139,83,4,115,69,0,0,2,0,0,0,34,2,19,0,1,3,0,3,1,0,0,0,0,0,0,3,8,7,0,0,0,14,3,8,0,11,0,2,0,6,0,0,0,0,139,7,1,23261,59988,8112,10372,1436,2822,2,0,2,9,206,10,2,0,5820,104,290,3,17,8,10,731,7,2,18,3,4,62,2188,3,7,3,1246,48,19,32,23,209,36,1,241,6,5,61,11,285,2429,447,743,32
6,51,53,47,3,54,41,5,9,3,0,1,0,58,1,39,0,2,9,1,3,8,0,0,4,0,3,0,4,19,4,1,0,0,49,15,19,2,38,0,9,2,11,1,2,0,0,108,5,0,3086,8112,35065,339,351,5048,63,34,10,71,607,33,28,25,14412,4273,6194,19,109,154,40,451,40,49,119,42,14,39,1490,99,22,85,864,1185,241,20,61,312,164,25,123,4,27,23,12,240,1431,336,953,98
5,68,1146,69,104,1280,63,1,0,0,0,0,0,18,4,13,0,0,0,1,0,3,0,0,0,0,0,1,2,3,0,0,0,0,14,1,1,0,16,0,4,0,4,0,1,0,0,123,11,0,13672,10372,339,35675,16089,9258,0,0,0,5,64,8,2,1,604,26,235,1,8,6,5,389,7,3,11,1,2,52,1456,3,3,1,805,27,9,29,20,538,17,0,1982,2,6,43,5,1108,1531,240,281,12
11,155,228,155,5,321,135,1,3,3,0,0,0,62,5,24,0,2,3,2,1,5,0,0,5,0,2,0,8,11,4,0,2,1,33,6,16,1,21,1,4,3,9,2,2,1,0,265,9,0,15091,1436,351,16089,25852,7142,1,1,2,27,49,6,8,3,565,30,741,2,17,23,7,115,126,168,20,21,191,21,276,6,20,30,142,71,17,21,232,3686,16,25,2737,54,204,4,18,7486,5979,56,112,17
27,267,412,371,12,453,634,0,2,12,0,0,0,188,8,71,0,0,4,3,3,13,0,2,0,0,0,0,13,36,1,1,1,0,77,8,24,1,46,0,15,6,16,0,0,0,0,582,18,1,2449,2822,5048,9258,7142,27589,4,4,0,35,371,15,8,3,1967,113,4349,3,37,25,26,457,37,24,47,6,5,22,968,12,6,10,669,85,34,11,59,4490,37,5,2548,2,11,26,7,1781,840,246,681,64
0,0,0,1,0,1,0,103,268,5,3,13,45,0,0,10,1,7,21,106,4,6,4,12,63,3,11,0,3,3,6,5,47,2,1,13,86,3,2,1,0,4,6,2,9,1,3,0,0,0,3,2,63,0,1,4,1339,4418,249,1289,20,49,187,1320,131,238,193,794,137,1533,19,51,19,207,108,25,37,1,20,475,11,973,30,358,414,10,256,7,92,39,2,0,23,1,3,2,9,7,18,18
0,0,0,2,0,1,0,187,749,4,3,18,74,4,2,21,10,24,32,94,12,15,2,53,79,1,8,0,0,0,10,5,34,0,5,18,173,2,11,0,1,4,8,9,11,0,4,2,0,1,1,0,34,0,1,4,4418,16328,3778,5413,40,687,257,2279,30,77,245,8324,253,5060,53,365,20,178,74,92,56,3,3,425,41,420,15,232,809,19,274,2,35,131,3,4,84,6,25,1,1,2,10,6
0,0,0,1,0,0,0,34,180,10,1,13,2,1,1,13,16,21,31,5,23,6,0,22,3,0,1,0,0,3,6,0,1,0,8,20,23,0,9,0,5,3,3,1,2,0,1,1,1,2,0,2,10,0,2,0,249,3778,2629,4226,98,701,127,177,10,23,244,1736,2576,143,142,386,27,27,161,10,2,0,2,1292,8,85,5,113,74,3,44,13,38,3,4,1,23,1,11,0,2,7,16,7
0,1,0,11,1,5,6,898,3511,47,12,96,303,17,13,127,70,77,266,408,84,56,28,316,408,16,74,1,1,18,52,34,118,5,45,140,900,37,46,4,9,18,53,35,65,1,12,20,5,8,10,9,71,5,27,35,1289,5413,4226,52548,405,1975,824,1485,59,88,1524,1588,7459,7258,623,1148,7169,9009,264,170,883,3,66,288,104,904,93,310,925,51,5304,173,83,245,141,9,517,22,59,40,22,20,122,61
5,9,4,17,1,8,19,45,86,75,9,12,5,34,8,127,17,33,111,16,81,23,10,46,19,6,8,0,10,41,43,6,6,2,73,119,206,7,109,1,25,30,90,15,17,1,3,25,2,7,50,206,607,64,49,371,20,40,98,405,38217,4995,1339,90,459,724,2431,466,1207,106,5008,2754,211,146,1824,68,104,25,429,255,73,203,497,843,159,43,743,456,655,57,373,13,271,84,83,136,101,14701,17539,6233
0,0,1,1,0,2,3,59,139,13,6,14,8,5,0,36,18,23,38,22,49,9,3,41,40,1,10,1,1,3,7,6,6,4,13,43,44,11,19,1,6,5,21,3,5,0,5,4,0,4,1,10,33,8,6,15,49,687,701,1975,4995,9173,7850,615,44,107,484,1504,973,264,7939,8017,126,231,1074,27,46,13,79,186,41,554,158,197,111,19,137,50,148,43,46,4,165,54,92,8,6,89,472,558
0,0,0,0,0,0,1,19,90,5,5,10,10,5,2,14,3,10,25,54,12,5,17,10,183,20,47,0,1,2,4,31,33,2,4,10,20,43,7,3,1,1,7,33,73,3,21,1,0,1,1,2,28,2,8,8,187,257,127,824,1339,7850,19713,8313,45,202,218,4896,293,994,7066,6630,74,1721,1898,142,369,14,40,341,227,11960,109,264,963,76,103,25,253,340,42,10,741,96,344,17,7,10,151,392
0,1,0,2,0,0,0,49,191,2,0,15,18,2,3,5,3,9,11,96,4,3,4,12,111,2,15,0,1,5,5,7,30,0,4,5,34,9,2,1,2,2,7,6,10,2,5,2,0,0,2,0,25,1,3,3,1320,2279,177,1485,90,615,8313,12346,64,167,146,3107,112,821,545,362,47,582,638,29,77,1,21,382,60,4178,45,282,472,12,145,4,93,54,3,3,101,9,36,4,5,7,48,61
3,73,97,83,2,61,95,9,10,20,0,2,0,112,5,64,0,5,13,2,9,17,1,7,12,3,10,0,11,27,6,5,4,0,86,28,37,9,65,2,16,8,20,8,8,0,3,211,2,3,12705,5820,14412,604,565,1967,131,30,10,59,459,44,45,64,56650,11260,1580,29,133,226,36,579,42,96,189,201,27,65,8420,103,157,269,10719,1164,911,67,142,527,566,57,229,10,79,54,47,337,8001,341,1521,524
1,6,10,6,1,10,18,5,14,10,0,2,3,23,3,36,2,5,16,8,10,7,7,5,27,3,14,0,5,17,8,5,7,1,50,15,26,6,41,2,9,5,10,12,12,3,3,39,0,2,57,104,4273,26,30,113,238,77,23,88,724,107,202,167,11260,35834,1837,85,183,291,143,606,40,184,808,188,66,24,1172,352,151,600,4916,5919,1093,63,100,153,6974,71,97,5,146,22,68,109,200,279,2195,4871
13,139,147,174,7,101,156,34,103,115,10,23,7,259,21,316,12,27,119,17,89,68,9,47,42,3,11,4,25,126,73,11,28,4,292,205,280,6,394,2,78,68,193,8,11,1,9,375,11,27,426,290,6194,235,741,4349,193,245,244,1524,2431,484,218,146,1580,1837,34935,342,10468,903,715,802,781,466,2211,79,61,24,789,8520,41,288,935,10030,428,26,681,6515,1129,84,981,7,101,32,15,1068,475,437,1409,404
0,0,0,2,0,3,5,86,380,22,5,25,10,1,1,25,34,33,68,21,65,20,4,58,21,0,3,0,2,10,11,2,7,0,19,53,51,4,24,0,7,4,20,3,15,0,4,4,0,2,1,3,19,1,2,3,794,8324,1736,1588,466,1504,4896,3107,29,85,342,8411,788,295,7713,458,103,112,3780,30,24,4,17,4431,31,870,50,337,342,2,121,26,120,29,11,0,52,5,44,8,4,12,58,92
3,8,6,18,1,5,21,104,333,145,20,46,10,47,20,253,23,69,252,53,168,54,16,80,50,7,17,1,14,67,60,18,37,2,89,254,414,8,183,0,50,61,164,4,29,7,11,19,1,18,12,17,109,8,17,37,137,253,2576,7459,1207,973,293,112,133,183,10468,788,13594,1263,1178,460,4125,1125,1621,43,195,4,126,2359,32,236,265,600,182,20,1364,5676,211,89,1127,11,240,9,21,135,40,82,442,208
1,1,0,3,0,0,2,115,381,8,8,42,78,23,10,19,5,8,52,379,14,33,61,26,637,21,109,1,1,12,13,53,199,10,10,24,89,51,12,1,4,4,22,51,107,0,32,3,1,2,6,8,154,6,23,25,1533,5060,143,7258,106,264,994,821,226,291,903,295,1263,13911,96,612,98,2410,216,320,179,5,80,386,108,5178,143,641,4035,101,322,51,201,2203,22,4,350,9,57,18,29,21,103,58
0,1,1,3,1,3,7,44,97,37,7,11,4,3,3,33,9,43,73,13,45,19,9,32,15,6,8,2,1,7,16,5,4,0,18,59,100,5,35,2,8,11,25,10,8,0,5,2,1,3,4,10,40,5,7,26,19,53,142,623,5008,7939,7066,545,36,143,715,7713,1178,96,14906,1182,152,133,12044,56,69,4,61,1562,67,515,182,249,118,25,319,93,323,44,74,11,176,44,96,13,14,66,704,5740
1,11,17,23,0,9,22,22,51,14,4,8,3,40,5,54,4,10,18,34,19,17,22,18,116,78,149,12,8,23,15,83,25,31,43,32,53,73,63,66,8,8,36,225,68,17,88,36,1,3,239,731,451,389,115,457,51,365,386,1148,2754,8017,6630,362,579,606,802,458,460,612,1182,38545,163,1334,807,850,1171,1110,6144,164,783,6285,1464,505,1161,1311,206,245,431,732,242,412,4121,7269,6154,135,235,2792,1929,560
1,4,2,6,0,7,3,85,426,12,6,19,20,11,4,49,15,31,72,23,39,19,9,58,83,3,17,1,3,14,9,10,12,0,23,47,165,13,32,4,4,8,20,17,18,1,8,20,2,3,21,7,40,7,126,37,19,20,27,7169,211,126,74,47,42,40,781,103,4125,98,152,163,8855,3485,129,69,1104,33,35,26,69,153,59,59,47,42,5155,4195,26,38,2112,319,629,5,46,421,97,11,103,30
1,1,3,5,1,2,2,73,449,17,5,70,59,35,13,26,10,11,41,557,17,31,149,35,1625,54,306,4,7,18,16,175,282,22,11,25,101,240,12,17,11,15,31,152,420,7,78,13,0,5,25,2,49,3,168,24,207,178,27,9009,146,231,1721,582,96,184,466,112,1125,2410,133,1334,3485,16151,214,444,9456,79,52,76,321,3359,146,200,1289,229,1415,297,136,1043,700,487,3870,29,175,282,121,15,122,98
1,3,5,11,0,1,9,21,63,60,14,14,2,24,9,141,1,28,76,21,67,20,7,35,35,6,14,0,9,38,53,13,18,1,72,121,160,6,110,2,11,36,78,11,16,3,6,12,1,14,19,18,119,11,20,47,108,74,161,264,1824,1074,1898,638,189,808,2211,3780,1621,216,12044,807,129,214,12893,83,95,12,325,9330,136,1079,1346,2554,418,42,625,248,11158,73,283,7,259,48,132,71,80,137,2051,3516
0,0,0,1,0,2,1,3,14,4,2,3,0,4,1,3,0,1,4,30,1,12,62,8,102,153,185,22,1,2,1,158,12,75,1,4,8,86,10,101,0,0,2,445,51,38,164,2,0,3,9,3,42,1,21,6,25,92,10,170,68,27,142,29,201,188,79,30,43,320,56,850,69,444,83,26357,775,120,110,36,7063,868,247,148,4771,12817,31,17,90,5689,68,182,7509,53,633,38,29,16,135,97
0,0,0,3,0,4,0,7,64,6,2,19,3,4,4,6,1,1,7,75,5,15,90,14,463,153,468,92,2,6,3,196,62,113,4,6,18,201,11,354,2,4,6,484,161,40,135,8,0,2,16,4,14,2,191,5,37,56,2,883,104,46,369,77,27,66,61,24,195,179,69,1171,1104,9456,95,775,11755,1058,34,20,959,1029,63,44,425,889,1109,173,61,462,993,8068,9247,65,680,344,113,10,96,79
1,0,2,0,0,2,2,0,0,1,0,0,0,0,0,3,0,1,2,1,0,2,2,0,2,4,25,379,0,2,2,11,0,52,1,1,1,1,2,235,2,0,1,35,1,9,22,1,0,0,29,62,39,52,21,22,1,3,0,3,25,13,14,1,65,24,24,4,4,5,4,1110,33,79,12,120,1058,35125,4469,2,212,30,415,12,17,9409,97,20,12,20,108,14603,1860,16166,1160,33,72,441,65,18
2,29,43,44,2,29,40,8,11,16,2,2,0,51,3,46,0,1,18,2,7,17,2,3,4,2,2,1,7,26,13,2,1,0,67,19,43,3,57,2,6,7,21,6,5,0,1,90,4,3,2042,2188,1490,1456,276,968,20,3,2,66,429,79,40,21,8420,1172,789,17,126,80,61,6144,35,52,325,110,34,4469,135393,42,101,119,31513,446,346,505,159,293,608,37,195,128,106,2484,132,200,13170,20128,2994,442
1,5,6,5,0,1,15,8,28,41,0,7,4,9,9,48,1,3,28,12,37,11,2,8,15,4,5,0,5,16,15,4,11,0,30,56,55,4,63,0,17,21,43,6,7,0,3,12,0,6,6,3,99,3,6,12,475,425,1292,288,255,186,341,382,103,352,8520,4431,2359,386,1562,164,26,76,9330,36,20,2,42,7312,45,506,82,4725,553,15,92,79,759,26,43,1,33,3,23,24,19,21,131,63
0,0,0,1,0,0,0,1,8,0,0,1,2,0,0,2,0,1,1,8,1,5,18,3,28,54,81,30,0,1,1,70,5,65,1,2,10,41,4,99,1,0,3,191,20,28,87,1,0,2,9,7,22,3,20,6,11,41,8,104,73,41,227,60,157,151,41,31,32,108,67,783,69,321,136,7063,959,212,101,45,12756,3091,213,108,2699,7526,39,26,94,556,100,326,5194,282,5663,44,27,15,156,118
0,0,0,3,0,0,1,38,115,9,2,25,17,5,4,16,3,3,19,164,5,15,35,16,405,56,159,7,3,8,3,91,74,18,10,15,23,114,6,15,2,2,12,183,128,4,65,2,0,5,8,3,85,1,30,10,973,420,85,904,203,554,11960,4178,269,600,288,870,236,5178,515,6285,153,3359,1079,868,1029,30,119,506,3091,28692,304,732,14029,444,137,26,417,1295,91,50,3029,159,3775,49,40,17,205,242
1,11,24,25,0,16,41,15,25,25,2,2,2,46,0,72,1,8,20,4,22,12,4,3,14,4,8,1,3,29,16,6,2,0,64,40,67,9,69,1,13,14,27,9,6,1,4,53,0,4,496,1246,864,805,142,669,30,15,5,93,497,158,109,45,10719,4916,935,50,265,143,182,1464,59,146,1346,247,63,415,31513,82,213,304,67103,850,670,179,293,338,2451,61,204,39,205,250,98,154,1522,7214,23027,2795
7,26,34,31,4,21,53,12,20,28,4,7,3,94,8,110,1,3,17,16,18,19,1,12,37,3,11,0,15,44,14,8,10,2,132,51,70,5,151,1,22,24,48,7,12,3,5,100,3,5,44,48,1185,27,71,85,358,232,113,310,843,197,264,282,1164,5919,10030,337,600,641,249,505,59,200,2554,148,44,12,446,4725,108,732,850,13971,1042,47,225,395,11321,93,226,4,126,18,62,313,124,206,924,519
0,1,1,5,0,1,2,29,98,8,5,26,11,11,8,13,4,5,13,158,12,17,112,22,649,113,279,6,0,6,8,194,139,17,6,8,39,319,16,12,4,6,13,236,418,12,81,3,0,4,26,19,241,9,17,34,414,809,74,925,159,111,963,472,911,1093,428,342,182,4035,118,1161,47,1289,418,4771,425,17,346,553,2699,14029,670,1042,13623,712,61,16,355,2842,31,23,1007,25,251,14,93,54,306,221
0,0,0,0,0,0,0,2,5,1,0,1,1,2,0,2,0,0,0,9,0,2,14,1,25,61,87,108,1,1,0,72,2,233,1,0,3,27,3,419,1,0,1,251,13,55,140,3,0,0,19,32,20,29,21,11,10,19,3,51,43,19,76,12,67,63,26,2,20,101,25,1311,42,229,42,12817,889,9409,505,15,7526,444,179,47,712,33622,42,14,38,946,81,2584,10892,9255,4866,45,33,103,74,36
1,3,3,6,1,1,14,120,625,32,2,15,24,10,8,56,8,17,54,33,30,10,4,108,45,5,7,5,6,28,17,7,23,3,43,81,286,2,75,14,20,17,51,11,10,0,3,16,1,12,39,23,61,20,232,59,256,274,44,5304,743,137,103,145,142,100,681,121,1364,322,319,206,5155,1415,625,31,1109,97,159,92,39,137,293,225,61,42,3452,1932,277,35,2693,560,315,7,36,859,129,113,502,177
12,96,132,142,1,127,109,13,49,86,10,12,2,174,16,253,2,16,84,14,44,63,2,18,7,2,5,1,32,92,54,7,11,0,275,133,357,1,241,1,54,36,114,2,2,1,5,344,12,13,303,209,312,538,3686,4490,7,2,13,173,456,50,25,4,527,153,6515,26,5676,51,93,245,4195,297,248,17,173,20,293,79,26,26,338,395,16,14,1932,17739,219,16,15840,41,143,7,17,8008,302,120,418,82
2,8,4,6,0,3,10,3,15,27,5,1,1,37,7,62,3,1,14,6,18,16,6,2,18,5,6,1,5,35,15,8,5,0,89,52,81,4,71,0,11,8,28,6,4,1,3,30,1,1,19,36,164,17,16,37,92,35,38,83,655,148,253,93,566,6974,1129,120,211,201,323,431,26,136,11158,90,61,12,608,759,94,417,2451,11321,355,38,277,219,27708,55,207,5,165,28,81,132,96,155,2687,11346
0,0,0,0,0,1,1,1,28,3,2,6,6,11,4,9,2,0,5,64,6,6,81,8,313,145,350,2,1,9,10,220,48,33,1,2,8,293,4,19,2,3,10,446,239,11,124,4,0,2,6,1,25,0,25,5,39,131,3,245,57,43,340,54,57,71,84,29,89,2203,44,732,38,1043,73,5689,462,20,37,26,556,1295,61,93,2842,946,35,16,55,18261,48,35,9677,16,140,33,27,8,44,65
6,36,43,48,1,27,55,6,16,55,6,5,0,100,10,142,4,11,34,6,21,41,1,14,6,3,9,6,22,67,24,4,7,1,181,86,167,7,148,19,36,19,59,11,6,3,10,123,1,5,282,241,123,1982,2737,2548,2,3,4,141,373,46,42,3,229,97,981,11,1127,22,74,242,2112,700,283,68,993,108,195,43,100,91,204,226,31,81,2693,15840,207,48,18051,583,682,13,71,9286,384,90,323,106
1,0,0,0,0,0,0,1,1,0,0,0,0,1,0,0,0,0,0,0,0,12,12,3,7,65,132,462,1,0,1,54,1,485,2,0,5,7,11,1433,0,0,0,240,2,116,153,1,0,0,9,6,4,2,54,2,0,4,1,9,13,4,10,3,10,5,7,0,11,4,11,412,319,487,7,182,8068,14603,128,1,326,50,39,4,23,2584,560,41,5,35,583,36805,11498,1205,712,118,26,18,19,8
0,0,0,3,0,1,1,5,46,9,4,12,2,5,6,8,0,3,5,57,6,37,142,17,300,417,616,153,7,5,3,466,44,525,5,8,24,318,20,911,9,3,11,1325,163,210,630,7,1,3,24,5,27,6,204,11,23,84,23,517,271,165,741,101,79,146,101,52,240,350,176,4121,629,3870,259,7509,9247,1860,106,33,5194,3029,205,126,1007,10892,315,143,165,9677,682,11498,46626,507,3513,355,100,22,207,217
0,0,0,1,0,0,2,0,2,0,0,0,0,1,1,6,0,0,0,1,0,0,0,1,0,3,3,2,0,0,0,5,0,13,4,1,2,1,3,26,0,1,0,6,0,5,6,1,0,0,36,61,23,43,4,26,1,6,1,22,84,54,96,9,54,22,32,5,9,9,44,7269,5,29,48,53,65,16166,2484,3,282,159,250,18,25,9255,7,7,28,16,13,1205,507,20092,6224,7,46,366,89,38
0,0,0,0,0,0,1,0,5,1,0,1,0,0,0,2,0,1,1,4,1,4,8,2,15,43,46,15,0,0,1,55,4,68,0,0,1,15,2,108,0,0,0,125,6,23,68,0,0,0,2,11,12,5,18,7,3,25,11,59,83,92,344,36,47,68,15,44,21,57,96,6154,46,175,132,633,680,1160,132,23,5663,3775,98,62,251,4866,36,17,81,140,71,712,3513,6224,12210,30,18,27,69,103
19,171,222,214,7,285,190,1,6,7,0,2,0,163,14,101,0,1,4,2,6,11,1,3,2,3,3,2,8,33,13,1,0,1,88,15,53,1,61,0,16,6,10,5,2,0,1,564,14,2,449,285,240,1108,7486,1781,2,1,0,40,136,8,17,4,337,109,1068,8,135,18,13,135,421,282,71,38,344,33,200,24,44,49,154,313,14,45,859,8008,132,33,9286,118,355,7,30,10458,1000,51,163,49
2,21,63,19,1,27,22,2,1,2,1,0,0,32,2,22,1,2,2,0,2,7,0,2,2,1,0,0,5,10,6,1,1,0,20,8,14,0,19,2,4,2,9,3,2,0,0,65,0,0,11569,2429,1431,1531,5979,840,9,1,2,22,101,6,7,5,8001,200,475,4,40,29,14,235,97,121,80,29,113,72,13170,19,27,40,1522,124,93,33,129,302,96,27,384,26,100,46,18,1000,39719,224,3654,83
2,4,14,8,0,4,12,1,8,7,1,1,0,11,0,29,0,3,14,0,10,4,1,2,1,1,0,0,4,5,5,1,1,0,31,20,43,1,22,0,4,3,8,1,1,0,0,18,0,0,166,447,336,240,56,246,7,2,7,20,14701,89,10,7,341,279,437,12,82,21,66,2792,11,15,137,16,10,441,20128,21,15,17,7214,206,54,103,113,120,155,8,90,18,22,366,27,51,224,35713,6073,240
2,10,15,20,1,12,28,26,25,31,6,5,3,45,8,108,2,9,51,7,44,28,2,15,14,4,12,1,6,32,29,8,7,1,91,77,120,11,91,3,22,21,50,18,9,1,5,47,1,2,259,743,953,281,112,681,18,10,16,122,17539,472,151,48,1521,2195,1409,58,442,103,704,1929,103,122,2051,135,96,65,2994,131,156,205,23027,924,306,74,502,418,2687,44,323,19,207,89,69,163,3654,6073,35756,9400
0,1,1,2,0,0,3,8,15,13,1,2,0,12,1,34,1,3,20,3,24,5,1,3,9,8,9,0,2,12,8,10,2,0,25,28,54,8,27,0,7,9,17,10,5,1,2,5,0,2,9,32,98,12,17,64,18,6,7,61,6233,558,392,61,524,4871,404,92,208,58,5740,560,30,98,3516,97,79,18,442,63,118,242,2795,519,221,36,177,82,11346,65,106,8,217,38,103,49,83,240,9400,16068
