25227,7184,7211,1704,15793,3404,784,3,1,70,9,1,4,14469,361,143,1,0,1,10,0,784,2,2,3,7,7,20,1296,1091,11,10,4,2,31,9,11,2,26,1,451,83,51,1,28,17,6,39,4183,5,1,2,0,8,9,2,0,0,0,0,6,0,0,0,4,1,7,0,2,0,0,1,1,0,1,1,1,0,3,0,0,0,0,3,0,0,0,19,1,0,6,0,0,0,0,12,0,2,1,2
7184,18402,13434,15408,639,1070,1597,6,2,309,28,2,2,4679,3637,325,0,3,3,19,7,1008,1,9,10,14,4,8,328,729,18,21,6,5,90,14,23,5,46,0,395,335,88,1,32,2,4,162,231,25,4,10,8,18,37,52,0,0,1,0,8,0,0,0,15,5,47,0,3,0,0,1,1,0,4,0,0,0,7,0,1,2,4,11,0,0,5,81,0,0,18,0,0,0,0,50,7,4,5,0
7211,13434,38710,6976,6165,11330,8558,4,0,334,23,2,1,1523,429,96,2,0,2,8,5,2316,1,5,2,7,5,20,613,1052,6,14,6,2,107,10,26,4,91,0,1012,469,31,4,15,9,3,288,346,16,151,101,14,1498,173,105,0,1,0,2,10,1,0,0,26,8,88,0,6,2,2,7,1,0,1,1,0,0,37,2,0,0,17,14,2,0,1,161,1,0,34,0,0,1,1,114,19,5,4,0
1704,15408,6976,34242,603,1235,16314,65,27,1150,200,12,12,5241,14504,8272,5,19,23,128,40,1070,13,114,46,131,16,8,387,1127,337,135,30,28,399,195,160,71,162,0,527,800,2207,13,337,8,31,472,210,166,3,33,14,42,99,98,1,1,0,2,14,10,2,2,29,10,134,6,23,1,6,13,2,5,16,1,1,0,19,4,0,1,17,15,4,0,5,163,8,2,50,1,3,1,0,96,4,4,20,5
15793,639,6165,603,13625,20658,740,0,0,36,4,0,0,2719,136,127,0,1,0,1,2,241,0,7,6,6,4,5,295,241,1,6,2,4,22,4,14,3,42,0,115,23,29,1,6,7,0,214,3340,4,0,0,1,292,2,5,0,0,0,0,2,0,0,0,4,0,7,2,2,0,0,1,0,0,1,1,0,0,1,1,0,0,1,0,0,0,1,4,1,0,7,0,0,0,0,0,0,2,0,0
3404,1070,11330,1235,20658,20161,10446,0,7,39,4,1,0,722,101,112,0,0,0,0,4,192,4,23,30,5,67,6,71,97,5,12,0,1,341,11,204,2,1584,14,57,32,14,12,3,2,8,4691,3423,1,32,49,26,2008,279,211,0,0,0,3,11,0,0,0,30,11,103,0,3,2,1,2,3,1,3,0,4,2,10,0,1,0,10,5,1,0,4,178,1,0,41,3,6,0,0,161,3,1,7,1
784,1597,8558,16314,740,10446,27645,13,18,686,140,10,5,1730,956,6128,1,7,13,41,49,632,11,160,13,53,41,8,152,464,78,41,14,22,3760,180,362,14,4568,3,272,399,159,10,118,2,7,2779,118,48,11,41,45,69,148,397,1,0,1,7,59,9,3,0,61,32,287,3,17,2,8,22,15,2,20,2,3,2,43,10,2,2,28,55,0,0,17,329,30,2,89,1,4,0,0,143,14,7,42,11
3,6,4,65,0,0,13,45529,5518,90,1069,1514,6028,235,281,1964,3722,8145,1500,6581,1192,1687,356,164,141,54,95,10,18,142,2399,105,839,11,20,85,1094,91,48,3,25,75,442,29,485,34,96,2,4,132,0,0,2,0,2,2,76,161,45,521,35,35,28,56,3,3,42,42,148,144,59,22,78,33,41,7,7,0,3,9,1,53,8,4,33,2,23,19,7,3,3,0,5,0,0,2,0,3,11,6
1,2,0,27,0,7,18,5518,61614,133,464,933,1486,37,42,715,620,268,5708,6769,630,1136,409,13106,7693,128,4011,13,10,41,354,178,1012,41,163,995,8331,221,166,7,19,54,246,265,157,28,143,20,0,37,1,2,6,0,7,0,299,529,98,2051,78,69,114,216,5,13,134,103,358,658,90,52,264,187,60,30,26,0,9,31,15,317,19,24,143,3,62,49,6,36,15,1,27,1,5,3,0,1,25,14
70,309,334,1150,36,39,686,90,133,30917,2929,4635,104,651,942,1541,364,39,348,116,7783,4535,576,154,143,75,97,42,132,246,879,362,464,25,650,936,770,88,725,5,21428,14389,4439,134,158,230,453,206,22,6058,1,3,9,3,10,11,3,7,11,18,119,39,4,7,8,23,136,7,169,11,46,22,33,10,79,2,1,0,16,37,5,10,35,39,7,0,19,151,39,7,71,0,7,1,3,22,2,13,60,27
9,28,23,200,4,4,140,1069,464,2929,4211,10264,1106,92,117,970,1653,207,581,433,2786,4256,3381,116,186,93,117,55,18,89,430,208,1171,43,193,470,334,108,268,6,43,245,373,207,47,407,547,49,1,117,0,1,5,0,4,1,4,8,8,35,47,9,6,3,5,12,69,10,84,15,40,11,18,8,30,5,6,1,7,10,2,12,13,10,12,1,8,55,17,7,28,0,19,0,3,12,1,4,18,11
1,2,2,12,0,1,10,1514,933,4635,10264,25058,13149,28,38,241,10835,631,267,539,9285,2708,4299,129,619,64,207,35,15,139,403,264,8080,14,70,230,629,94,152,6,72,475,227,151,88,274,588,11,2,228,0,1,2,1,2,2,8,23,15,68,30,14,19,11,2,5,39,16,74,52,27,11,18,39,26,12,6,0,5,7,1,48,3,3,27,1,5,18,7,14,4,2,8,0,1,0,0,1,2,4
4,2,1,12,0,0,5,6028,1486,104,1106,13149,17412,106,107,145,5650,1246,103,2990,1078,435,314,111,269,52,129,2,16,145,347,309,9641,5,12,60,708,45,19,1,25,93,153,34,898,21,90,3,0,145,0,0,1,0,1,0,81,89,2,279,5,8,16,57,1,7,8,5,25,210,1,5,25,41,3,7,8,0,0,13,2,92,0,3,36,0,10,5,6,2,2,0,2,1,1,0,0,0,1,2
14469,4679,1523,5241,2719,722,1730,235,37,651,92,28,106,76394,15936,1423,30,101,41,431,72,1467,31,48,165,248,61,77,5941,30837,378,735,248,80,481,122,199,117,425,0,1170,2009,2211,66,1144,38,130,490,14837,5822,8,18,24,22,77,87,1,4,0,6,46,4,3,2,46,23,198,1,26,8,5,19,14,10,19,3,5,0,28,11,1,15,35,58,10,0,7,243,20,3,98,0,3,5,0,94,16,13,33,10
361,3637,429,14504,136,101,956,281,42,942,117,38,107,15936,15905,4074,31,134,47,429,199,763,30,42,88,209,46,6,381,3382,900,338,209,50,170,146,99,117,84,4,462,1631,15176,31,856,7,57,80,118,9251,0,4,5,1,8,8,0,1,3,7,11,2,2,2,6,3,33,2,10,6,3,3,0,5,7,2,0,0,3,3,1,7,6,4,6,0,2,31,5,3,17,0,3,0,0,11,1,1,6,4
143,325,96,8272,127,112,6128,1964,715,1541,970,241,145,1423,4074,27112,193,3024,8446,954,911,1045,120,394,299,202,97,18,189,649,18706,176,240,74,4166,4951,711,208,659,2,271,465,7101,72,504,20,78,873,63,289,2,14,22,8,45,44,6,14,12,50,123,16,8,9,30,22,253,11,164,42,52,24,39,12,85,6,1,1,26,28,3,17,47,36,16,3,17,239,40,5,117,2,10,2,1,72,10,18,55,20
1,0,2,5,0,0,1,3722,620,364,1653,10835,5650,30,31,193,5572,786,218,64,7999,395,355,84,40,12,32,5,2,46,1549,126,1100,5,18,69,297,20,41,1,12,123,101,32,28,38,165,1,0,51,0,1,1,0,0,1,3,14,20,62,22,8,9,5,0,1,17,22,71,7,26,3,21,3,13,2,0,0,3,3,2,2,5,3,7,0,4,5,3,2,6,0,1,0,1,0,1,3,6,0
0,3,0,19,1,0,7,8145,268,39,207,631,1246,101,134,3024,786,2735,1624,260,785,90,73,49,33,15,20,2,9,91,4130,154,741,4,11,61,209,17,37,0,17,54,271,8,333,2,50,0,3,128,0,0,5,0,1,0,4,15,14,61,27,19,3,9,0,4,38,15,85,8,41,4,23,2,23,2,1,0,2,9,1,10,8,4,4,0,4,13,4,0,4,0,0,0,0,1,0,3,15,5
1,3,2,23,0,0,13,1500,5708,348,581,267,103,41,47,8446,218,1624,9730,868,734,495,141,550,547,73,105,9,10,65,1731,84,163,17,109,1908,555,94,142,11,18,88,377,78,138,12,47,4,0,42,0,0,3,1,5,2,20,33,26,104,95,29,10,16,9,10,100,40,175,52,72,18,60,19,71,7,4,0,9,21,1,27,14,17,16,0,13,69,19,8,35,0,3,1,1,9,1,3,39,13
10,19,8,128,1,0,41,6581,6769,116,433,539,2990,431,429,954,64,260,868,26396,133,972,884,119,3357,732,1321,22,51,418,1032,1259,8193,168,82,279,756,3596,47,1,76,172,851,959,10792,46,356,15,3,235,0,1,4,2,1,1,211,196,17,645,18,15,162,147,11,7,57,10,87,1036,20,46,28,515,33,42,33,0,2,27,21,683,8,29,375,10,28,19,14,79,4,0,51,3,6,4,0,1,7,3
0,7,5,40,2,4,49,1192,630,7783,2786,9285,1078,72,199,911,7999,785,734,133,30078,743,680,331,181,56,134,22,17,442,4307,468,1129,24,322,883,1554,84,638,6,181,2574,6461,130,110,153,492,39,1,3044,1,2,3,1,1,2,1,25,49,74,135,40,14,10,7,6,137,43,288,20,71,26,58,9,105,1,3,0,19,33,4,14,24,27,15,1,20,103,17,7,36,0,8,0,1,8,1,8,49,24
784,1008,2316,1070,241,192,632,1687,1136,4535,4256,2708,435,1467,763,1045,395,90,495,972,743,11752,4357,126,451,458,413,2134,3824,903,490,411,492,1086,380,408,383,227,501,173,36607,1571,844,1179,226,5912,1548,191,99,182,2,5,5,8,17,13,6,16,8,56,85,20,11,12,19,22,140,9,96,52,28,16,19,25,69,50,8,5,29,18,31,40,37,32,21,28,5,141,36,19,85,31,80,4,18,27,3,6,50,17
2,1,1,13,0,4,11,356,409,576,3381,4299,314,31,30,120,355,73,141,884,680,4357,14807,198,3048,1365,2315,340,85,114,131,1772,4647,314,29,111,129,1491,117,77,30,265,99,4029,513,4088,11724,38,2,72,0,1,2,1,1,1,7,13,5,22,6,3,36,4,4,6,13,1,16,60,12,53,5,97,10,186,56,4,1,9,79,134,11,8,249,44,1,5,6,159,2,13,183,3,29,0,1,0,5,5
2,9,5,114,7,23,160,164,13106,154,116,129,111,48,42,394,84,49,550,119,331,126,198,11346,1964,111,1977,24,12,51,194,156,145,43,758,5683,6282,82,6294,26,22,61,171,227,65,15,122,133,1,18,1,0,3,1,7,10,13,46,42,220,91,35,31,17,8,11,97,45,200,48,66,19,65,25,65,20,12,2,7,17,4,31,27,15,28,2,20,53,14,15,21,2,10,2,3,10,1,5,29,16
3,10,2,46,6,30,13,141,7693,143,186,619,269,165,88,299,40,33,547,3357,181,451,3048,1964,9040,745,11086,43,35,260,242,1829,2588,289,136,476,759,1551,591,68,54,135,236,3030,767,131,1150,214,5,99,1,6,3,3,2,7,31,37,8,220,13,9,160,35,17,24,43,9,54,435,13,124,32,682,26,199,120,2,10,11,53,645,23,29,909,26,4,17,22,371,6,3,222,3,22,5,3,0,10,6
7,14,7,131,6,5,53,54,128,75,93,64,52,248,209,202,12,15,73,732,56,458,1365,111,745,22353,1036,99,42,180,182,10533,489,6693,37,65,48,10686,109,85,45,86,373,7086,3779,524,2252,31,7,85,0,0,2,0,1,0,4,8,1,12,14,9,22,3,10,6,9,1,11,23,14,161,11,49,11,797,210,27,5,3,376,158,23,10,253,230,2,4,9,303,9,89,932,14,172,0,2,0,9,5
7,4,5,16,4,67,41,95,4011,97,117,207,129,61,46,97,32,20,105,1321,134,413,2315,1977,11086,1036,17941,1840,14,93,88,2082,869,1349,114,259,1699,976,2802,4811,25,76,95,9520,1291,392,1893,506,11,45,1,1,4,3,4,6,21,24,5,162,11,6,89,27,9,16,29,6,29,372,15,120,29,496,12,412,228,19,10,10,160,427,19,31,414,85,8,9,10,361,4,126,440,10,60,6,2,0,15,6
20,8,20,8,5,6,8,10,13,42,55,35,2,77,6,18,5,2,9,22,22,2134,340,24,43,99,1840,52583,1658,130,13,195,12,12019,9,18,260,30,303,11212,313,16,16,1013,24,12020,5421,56,0,1,0,0,0,0,2,0,0,0,0,0,2,0,2,0,0,0,0,0,1,1,2,12,1,2,1,36,117,262,2,0,50,5,0,2,4,323,8,6,1,3,9,1174,207,42,43,9,0,0,1,1
1296,328,613,387,295,71,152,18,10,132,18,15,16,5941,381,189,2,9,10,51,17,3824,85,12,35,42,14,1658,104128,13080,84,129,52,183,119,61,76,22,146,25,31992,234,204,43,123,1140,106,85,6467,35,2,3,7,2,10,5,0,0,1,3,18,3,0,0,10,8,43,1,18,1,3,5,5,1,8,2,0,1,8,7,0,1,9,12,0,1,3,56,10,0,36,2,4,0,0,14,4,1,7,4
1091,729,1052,1127,241,97,464,142,41,246,89,139,145,30837,3382,649,46,91,65,418,442,903,114,51,260,180,93,130,13080,59127,462,1094,656,52,359,242,318,130,480,4,14751,15465,2428,94,984,114,271,182,1774,4512,1,4,14,9,9,12,2,2,0,7,50,7,5,2,20,15,141,6,52,6,11,18,7,13,40,6,3,0,23,21,1,12,21,39,18,0,13,132,29,8,57,0,3,0,2,31,10,6,34,13
11,18,6,337,1,5,78,2399,354,879,430,403,347,378,900,18706,1549,4130,1731,1032,4307,490,131,194,242,182,88,13,84,462,18578,268,484,52,1024,1824,676,216,368,4,165,482,19548,62,901,12,108,64,3,756,3,3,10,3,10,10,7,15,14,27,108,23,13,9,8,13,144,19,165,29,61,20,34,15,88,8,3,1,11,22,3,15,27,34,14,1,18,119,27,6,58,0,6,1,2,15,2,6,47,18
10,21,14,135,6,12,41,105,178,362,208,264,309,735,338,176,126,154,84,1259,468,411,1772,156,1829,10533,2082,195,129,1094,268,35158,6840,3034,24,89,106,2390,139,135,204,688,359,4907,7073,872,16180,51,7,420,0,0,1,0,2,1,1,9,0,17,12,10,30,11,10,9,11,2,23,44,15,140,14,92,14,710,175,19,8,6,301,182,14,11,354,156,2,8,11,339,6,52,746,10,154,3,3,2,12,6
4,6,6,30,2,0,14,839,1012,464,1171,8080,9641,248,209,240,1100,741,163,8193,1129,492,4647,145,2588,489,869,12,52,656,484,6840,18762,61,48,120,534,429,79,2,136,656,311,415,8896,77,2494,16,5,567,0,1,2,0,2,0,56,50,8,140,13,9,63,40,3,10,29,3,37,310,9,43,16,199,13,31,23,1,3,10,18,280,10,17,229,5,9,10,6,68,6,0,36,0,4,1,0,2,5,2
2,5,2,28,4,1,22,11,41,25,43,14,5,80,50,74,5,4,17,168,24,1086,314,43,289,6693,1349,12019,183,52,52,3034,61,31964,13,26,73,739,136,3776,57,22,91,6415,381,4974,10937,33,1,12,0,0,0,0,3,0,0,1,0,2,3,3,4,1,0,3,5,0,1,4,3,98,3,15,6,289,135,246,11,3,338,36,5,3,40,1091,5,4,3,50,7,1199,1037,152,341,2,0,2,3,4
31,90,107,399,22,341,3760,20,163,650,193,70,12,481,170,4166,18,11,109,82,322,380,29,758,136,37,114,9,119,359,1024,24,48,13,4796,2097,943,25,7886,7,163,200,847,19,45,6,13,4022,48,64,12,41,37,21,107,93,2,6,2,18,143,23,5,3,83,59,411,5,91,9,39,46,24,3,53,1,2,4,89,28,0,8,80,111,5,2,32,412,75,1,206,2,4,4,1,141,21,20,78,28
9,14,10,195,4,11,180,85,995,936,470,230,60,122,146,4951,69,61,1908,279,883,408,111,5683,476,65,259,18,61,242,1824,89,120,26,2097,17239,1706,83,5810,16,126,222,1265,78,71,9,54,85,3,101,0,5,10,1,9,7,7,16,24,66,173,40,10,9,11,15,218,44,274,31,85,35,66,23,133,2,0,2,21,49,3,15,49,34,19,2,24,175,45,6,78,0,4,3,1,14,1,13,91,36
11,23,26,160,14,204,362,1094,8331,770,334,629,708,199,99,711,297,209,555,756,1554,383,129,6282,759,48,1699,260,76,318,676,106,534,73,943,1706,3110,39,8476,328,162,254,653,210,80,34,101,1301,15,61,7,12,43,8,94,62,75,147,82,817,358,146,62,64,41,54,486,83,982,173,300,54,400,59,293,14,12,6,47,86,7,91,103,87,50,5,386,595,86,16,331,17,19,5,9,142,21,18,178,85
2,5,4,71,3,2,14,91,221,88,108,94,45,117,117,208,20,17,94,3596,84,227,1491,82,1551,10686,976,30,22,130,216,2390,429,739,25,83,39,14778,55,4,31,90,291,7442,5103,66,945,22,2,54,0,0,1,0,0,2,2,6,2,19,8,8,29,3,5,8,10,4,17,35,7,77,6,112,14,223,88,2,4,3,72,172,16,14,419,21,2,5,6,330,2,4,203,1,17,1,2,0,6,3
26,46,91,162,42,1584,4568,48,166,725,268,152,19,425,84,659,41,37,142,47,638,501,117,6294,591,109,2802,303,146,480,368,139,79,136,7886,5810,8476,55,42670,384,173,264,519,377,56,38,129,9710,61,54,4,17,42,11,56,52,6,10,15,39,250,54,10,3,38,52,493,20,349,14,82,64,70,8,150,13,6,4,83,64,2,16,93,130,14,7,56,496,102,11,265,18,16,2,2,87,11,26,133,50
1,0,0,0,0,14,3,3,7,5,6,6,1,0,4,2,1,0,11,1,6,173,77,26,68,85,4811,11212,25,4,4,135,2,3776,7,16,328,4,384,26103,8,0,3,9487,6,985,835,68,0,1,0,0,0,0,6,1,0,0,0,0,2,1,1,0,1,0,0,0,0,1,0,34,3,5,0,99,165,380,3,0,160,14,1,0,4,734,17,0,0,7,22,2008,551,110,125,5,2,4,2,0
451,395,1012,527,115,57,272,25,19,21428,43,72,25,1170,462,271,12,17,18,76,181,36607,30,22,54,45,25,313,31992,14751,165,204,136,57,163,126,162,31,173,8,93477,7135,587,20,147,218,95,72,218,327,0,0,4,3,4,4,1,2,1,1,21,5,1,0,6,3,54,0,20,1,8,8,7,4,19,2,0,0,5,6,0,4,8,16,4,1,3,47,10,1,16,1,2,0,0,10,3,6,18,5
83,335,469,800,23,32,399,75,54,14389,245,475,93,2009,1631,465,123,54,88,172,2574,1571,265,61,135,86,76,16,234,15465,482,688,656,22,200,222,254,90,264,0,7135,24799,4758,104,384,89,314,74,20,5834,0,0,2,2,5,3,1,1,5,11,42,9,1,1,12,6,59,1,61,5,24,9,18,5,26,5,0,3,11,6,1,7,11,12,7,1,4,57,13,7,38,0,7,0,3,9,2,1,25,8
51,88,31,2207,29,14,159,442,246,4439,373,227,153,2211,15176,7101,101,271,377,851,6461,844,99,171,236,373,95,16,204,2428,19548,359,311,91,847,1265,653,291,519,3,587,4758,57758,68,1252,21,107,84,33,14723,0,2,8,2,9,10,6,11,3,26,98,30,6,1,9,15,133,5,107,24,40,17,18,11,50,1,2,1,23,14,2,13,14,24,22,1,10,104,29,10,47,0,7,0,1,11,2,9,45,14
1,1,4,13,1,12,10,29,265,134,207,151,34,66,31,72,32,8,78,959,130,1179,4029,227,3030,7086,9520,1013,43,94,62,4907,415,6415,19,78,210,7442,377,9487,20,104,68,48815,327,1689,5249,123,3,33,0,0,5,1,4,0,3,11,2,24,13,12,34,6,13,17,8,1,6,34,21,252,17,90,13,1398,406,79,10,2,679,225,22,11,378,638,8,7,19,433,8,446,1964,41,388,4,2,1,20,12
28,32,15,337,6,3,118,485,157,158,47,88,898,1144,856,504,28,333,138,10792,110,226,513,65,767,3779,1291,24,123,984,901,7073,8896,381,45,71,80,5103,56,6,147,384,1252,327,13542,30,451,34,16,542,0,0,1,0,1,1,8,12,4,52,10,8,62,10,15,9,21,7,30,108,20,101,17,312,35,129,81,1,6,14,35,326,13,16,798,20,7,12,10,290,1,4,178,1,5,2,0,1,6,9
17,2,9,8,7,2,2,34,28,230,407,274,21,38,7,20,38,2,12,46,153,5912,4088,15,131,524,392,12020,1140,114,12,872,77,4974,6,9,34,66,38,985,218,89,21,1689,30,16494,11125,5,1,18,0,0,0,0,0,1,0,0,0,0,1,2,3,1,1,1,1,1,6,3,2,38,1,10,2,120,32,44,1,0,165,13,3,1,14,301,0,1,0,13,4,228,426,16,103,3,0,0,0,1
6,4,3,31,0,8,7,96,143,453,547,588,90,130,57,78,165,50,47,356,492,1548,11724,122,1150,2252,1893,5421,106,271,108,16180,2494,10937,13,54,101,945,129,835,95,314,107,5249,451,11125,42129,45,2,99,0,1,2,0,0,0,4,4,2,13,12,5,16,5,2,12,7,6,8,27,9,116,8,46,7,545,100,59,1,6,382,103,15,10,173,459,7,5,12,166,3,323,961,38,213,4,0,3,8,5
39,162,288,472,214,4691,2779,2,20,206,49,11,3,490,80,873,1,0,4,15,39,191,38,133,214,31,506,56,85,182,64,51,16,33,4022,85,1301,22,9710,68,72,74,84,123,34,5,45,12446,429,12,31,129,96,157,550,461,0,0,3,5,69,10,3,1,148,40,538,2,26,5,7,32,19,7,11,4,12,4,86,14,1,3,70,105,3,4,22,926,24,3,268,2,13,3,1,607,35,11,47,13
4183,231,346,210,3340,3423,118,4,0,22,1,2,0,14837,118,63,0,3,0,3,1,99,2,1,5,7,11,0,6467,1774,3,7,5,1,48,3,15,2,61,0,218,20,33,3,16,1,2,429,7479,4,3,1,3,10,2,3,0,0,0,0,2,0,0,0,5,1,6,0,1,0,0,1,0,0,1,0,0,0,1,1,0,2,3,4,0,0,1,9,3,1,3,0,1,0,0,2,0,0,2,0
5,25,16,166,4,1,48,132,37,6058,117,228,145,5822,9251,289,51,128,42,235,3044,182,72,18,99,85,45,1,35,4512,756,420,567,12,64,101,61,54,54,1,327,5834,14723,33,542,18,99,12,4,16965,0,0,0,0,0,0,0,1,0,1,8,2,0,1,0,1,10,2,13,5,9,2,4,8,6,1,1,0,2,1,0,4,1,1,10,0,2,5,1,4,1,0,1,0,0,1,1,0,5,1
1,4,151,3,0,32,11,0,1,1,0,0,0,8,0,2,0,0,0,0,1,2,0,1,1,0,1,0,2,1,3,0,0,0,12,0,7,0,4,0,0,0,0,0,0,0,0,31,3,0,37970,20607,2324,12355,9580,2245,0,2,1,3,92,3,0,1,8046,63,439,1,5,3,3,240,10,4,3,10,3,62,2513,3,4,2,386,16,9,24,12,153,5,3,94,5,8,49,6,314,14582,147,170,7
2,10,101,33,0,49,41,0,2,3,1,1,0,18,4,14,1,0,0,1,2,5,1,0,6,0,1,0,3,4,3,0,1,0,41,5,12,0,17,0,0,0,2,0,0,0,1,129,1,0,20607,57430,12133,11377,1594,6171,2,1,1,11,631,7,2,2,5346,112,731,1,19,3,10,898,7,7,10,13,6,61,2136,8,4,5,1137,34,24,38,13,231,16,3,174,6,5,70,11,103,2400,404,958,11
0,8,14,14,1,26,45,2,6,9,5,2,1,24,5,22,1,5,3,4,3,5,2,3,3,2,4,0,7,14,10,1,2,0,37,10,43,1,42,0,4,2,8,5,1,0,2,96,3,0,2324,12133,32678,616,440,10789,38,40,11,32,1083,35,10,23,16623,5662,7618,14,99,117,34,405,38,36,70,109,16,30,1761,159,31,105,1155,2144,323,33,40,504,183,47,105,1,38,33,20,103,1475,226,1200,184
8,18,1498,42,292,2008,69,0,0,3,0,1,0,22,1,8,0,0,1,2,1,8,1,1,3,0,3,0,2,9,3,0,0,0,21,1,8,0,11,0,3,2,2,1,0,0,0,157,10,0,12355,11377,616,36291,20275,11615,1,1,1,3,184,3,1,1,466,37,394,1,9,3,3,369,3,3,2,6,1,44,981,2,4,2,577,17,7,20,6,463,10,2,753,5,10,41,13,156,1027,235,346,14
9,37,173,99,2,279,148,2,7,10,4,2,1,77,8,45,0,1,5,1,1,17,1,7,2,1,4,2,10,9,10,2,2,3,107,9,94,0,56,6,4,5,9,4,1,0,0,550,2,0,9580,1594,440,20275,23450,5187,0,1,1,14,205,15,3,2,610,44,1697,3,35,16,24,94,121,56,27,21,118,24,372,5,25,15,280,48,17,13,135,2763,22,8,2282,69,121,21,16,5685,4535,76,227,31
2,52,105,98,5,211,397,2,0,11,1,2,0,87,8,44,1,0,2,1,2,13,1,10,7,0,6,0,5,12,10,1,0,0,93,7,62,2,52,1,4,3,10,0,1,1,0,461,3,0,2245,6171,10789,11615,5187,32122,6,5,2,11,644,6,4,1,2641,161,5770,5,28,28,21,401,37,23,22,25,8,31,1018,15,6,18,666,96,55,20,28,3838,24,11,3173,5,10,26,6,534,890,202,717,58
0,0,0,1,0,0,1,76,299,3,4,8,81,1,0,6,3,4,20,211,1,6,7,13,31,4,21,0,0,2,7,1,56,0,2,7,75,2,6,0,1,1,6,3,8,0,4,0,0,0,0,2,38,1,0,6,2002,4277,289,390,13,39,243,3073,61,93,207,234,206,792,16,42,31,62,155,17,84,1,24,393,21,1469,21,275,297,3,145,9,61,10,2,1,6,1,7,1,4,0,15,3
0,0,1,1,0,0,0,161,529,7,8,23,89,4,1,14,14,15,33,196,25,16,13,46,37,8,24,0,0,2,15,9,50,1,6,16,147,6,10,0,2,1,11,11,12,0,4,0,0,1,2,1,40,1,1,5,4277,20692,4302,4132,72,888,505,4543,45,133,457,7295,1102,3154,190,622,116,157,626,111,112,3,14,1445,72,1031,23,440,949,18,234,8,109,95,7,3,134,9,40,1,3,6,29,20
0,1,0,0,0,0,1,45,98,11,8,15,2,0,3,12,20,14,26,17,49,8,5,42,8,1,5,0,1,0,14,0,8,0,2,24,82,2,15,0,1,5,3,2,4,0,2,3,0,0,1,1,11,1,1,2,289,4302,2876,1832,75,604,214,534,9,30,219,3143,2395,389,241,290,52,32,673,28,20,0,7,3089,33,239,24,175,206,12,89,13,39,15,15,1,38,8,29,2,0,2,22,11
0,0,2,2,0,3,7,521,2051,18,35,68,279,6,7,50,62,61,104,645,74,56,22,220,220,12,162,0,3,7,27,17,140,2,18,66,817,19,39,0,1,11,26,24,52,0,13,5,0,1,3,11,32,3,14,11,390,4132,1832,51579,167,703,796,1565,33,54,1109,797,6709,5792,415,624,8892,9318,210,118,1503,14,35,191,87,1076,78,136,437,23,4943,144,46,132,63,6,402,11,49,28,5,8,92,59
6,8,10,14,2,11,59,35,78,119,47,30,5,46,11,123,22,27,95,18,135,85,6,91,13,14,11,2,18,50,108,12,13,3,143,173,358,8,250,2,21,42,98,13,10,1,12,69,2,8,92,631,1083,184,205,644,13,72,75,167,32714,2909,761,55,918,1368,3351,179,1254,95,3271,1387,330,82,777,76,97,18,278,310,99,160,468,1248,204,44,518,1038,880,63,676,11,268,62,94,285,79,18076,20019,11896
0,0,1,10,0,0,9,35,69,39,9,14,8,4,2,16,8,19,29,15,40,20,3,35,9,9,6,0,3,7,23,10,9,3,23,40,146,8,54,1,5,9,30,12,8,2,5,10,0,2,3,7,35,3,15,6,39,888,604,703,2909,9706,6736,459,28,63,809,815,1233,131,5572,7291,195,78,467,46,80,5,38,255,81,450,61,146,79,31,169,160,90,48,88,7,173,47,173,26,5,9,145,141
0,0,0,2,0,0,3,28,114,4,6,19,16,3,2,8,9,3,10,162,14,11,36,31,160,22,89,2,0,5,13,30,63,4,5,10,62,29,10,1,1,1,6,34,62,3,16,3,0,0,0,2,10,1,3,4,243,505,214,796,761,6736,22394,8847,34,61,229,2669,411,813,6488,7463,104,963,1629,98,378,14,14,283,235,8302,50,175,348,51,83,33,181,179,26,11,412,87,415,13,1,4,52,155
0,0,0,2,0,0,0,56,216,7,3,11,57,2,2,9,5,9,16,147,10,12,4,17,35,3,27,0,0,2,9,11,40,1,3,9,64,3,3,0,0,1,1,6,10,1,5,1,0,1,1,2,23,1,2,1,3073,4543,534,1565,55,459,8847,15800,63,102,206,4287,299,770,604,335,83,173,921,33,119,3,20,720,79,4941,56,301,250,15,143,16,119,30,7,2,72,13,41,2,2,3,19,34
4,15,26,29,4,30,61,3,5,8,5,2,1,46,6,30,0,0,9,11,7,19,4,8,17,10,9,0,10,20,8,10,3,0,83,11,41,5,38,1,6,12,9,13,15,1,2,148,5,0,8046,5346,16623,466,610,2641,61,45,9,33,918,28,34,63,43876,15213,2458,25,73,152,39,506,38,64,122,357,29,65,9623,90,187,319,14866,1176,898,95,60,356,1100,81,145,7,80,64,23,159,6613,321,1833,1612
1,5,8,10,0,11,32,3,13,23,12,5,7,23,3,22,1,4,10,7,6,22,6,11,24,6,16,0,8,15,13,9,10,3,59,15,54,8,52,0,3,6,15,17,9,1,12,40,1,1,63,112,5662,37,44,161,93,133,30,54,1368,63,61,102,15213,31975,5329,47,157,267,106,376,62,92,308,316,71,57,1369,495,230,483,5712,5828,1082,86,54,368,8319,109,121,5,119,34,44,76,195,222,4381,7185
7,47,88,134,7,103,287,42,134,136,69,39,8,198,33,253,17,38,100,57,137,140,13,97,43,9,29,0,43,141,144,11,29,5,411,218,486,10,493,0,54,59,133,8,21,1,7,538,6,10,439,731,7618,394,1697,5770,207,457,219,1109,3351,809,229,206,2458,5329,31588,381,10745,1185,1147,755,823,635,2634,190,149,43,1077,8719,93,504,1220,12461,723,54,644,7963,1296,149,1016,13,188,41,42,883,454,282,1843,558
0,0,0,6,2,0,3,42,103,7,10,16,5,1,2,11,22,15,40,10,43,9,1,45,9,1,6,0,1,6,19,2,3,0,5,44,83,4,20,0,0,1,5,1,7,1,6,2,0,2,1,1,14,1,3,5,234,7295,3143,797,179,815,2669,4287,25,47,381,6064,1146,147,3012,263,143,40,2754,29,20,3,4,3545,43,708,19,316,113,3,106,49,122,20,28,1,71,12,56,4,0,3,19,31
2,3,6,23,2,3,17,148,358,169,84,74,25,26,10,164,71,85,175,87,288,96,16,200,54,11,29,1,18,52,165,23,37,1,91,274,982,17,349,0,20,61,107,6,30,6,8,26,1,13,5,19,99,9,35,28,206,1102,2395,6709,1254,1233,411,299,73,157,10745,1146,20341,1653,1373,622,6339,1597,1834,89,355,6,142,1783,73,503,357,557,388,25,1559,5680,314,154,1478,21,302,14,41,172,18,46,530,235
0,0,2,1,0,2,2,144,658,11,15,52,210,8,6,42,7,8,52,1036,20,52,60,48,435,23,372,1,1,6,29,44,310,4,9,31,173,35,14,1,1,5,24,34,108,3,27,5,0,5,3,3,117,3,16,28,792,3154,389,5792,95,131,813,770,152,267,1185,147,1653,19797,120,566,149,4907,207,508,848,15,74,508,168,4372,133,601,4882,87,360,98,208,2365,30,5,344,11,48,21,10,9,86,52
0,0,2,6,0,1,8,59,90,46,40,27,1,5,3,52,26,41,72,20,71,28,12,66,13,14,15,2,3,11,61,15,9,3,39,85,300,7,82,0,8,24,40,21,20,2,9,7,0,9,3,10,34,3,24,21,16,190,241,415,3271,5572,6488,604,39,106,1147,3012,1373,120,14648,1218,322,101,8676,102,123,19,87,517,181,746,252,214,132,64,381,280,696,64,173,9,301,70,283,40,7,44,1309,5807
1,1,7,13,1,2,22,22,52,22,11,11,5,19,3,24,3,4,18,46,26,16,53,19,124,161,120,12,5,18,20,140,43,98,46,35,54,77,64,34,8,9,17,252,101,38,116,32,1,2,240,898,405,369,94,401,42,622,290,624,1387,7291,7463,335,506,376,755,263,622,566,1218,44651,128,726,470,728,1023,974,1720,203,1744,4194,1036,365,870,1198,109,235,278,762,194,309,2975,6611,8194,117,111,4492,1952,231
1,1,1,2,0,3,15,78,264,33,18,18,25,14,0,39,21,23,60,28,58,19,5,65,32,11,29,1,5,7,34,14,16,3,24,66,400,6,70,3,7,18,18,17,17,1,8,19,0,4,10,7,38,3,121,37,31,116,52,8892,330,195,104,83,38,62,823,143,6339,149,322,128,9748,3920,265,100,1042,18,44,43,86,152,100,65,70,45,4707,5765,39,63,3058,94,853,6,40,392,25,16,156,53
0,0,0,5,0,1,2,33,187,10,8,39,41,10,5,12,3,2,19,515,9,25,97,25,682,49,496,2,1,13,15,92,199,15,3,23,59,112,8,5,4,5,11,90,312,10,46,7,0,8,4,7,36,3,56,23,62,157,32,9318,82,78,963,173,64,92,635,40,1597,4907,101,726,3920,13030,149,454,8885,26,42,74,330,3256,113,163,1274,149,1278,312,98,1105,483,185,4104,25,147,223,24,9,86,55
1,4,1,16,1,3,20,41,60,79,30,26,3,19,7,85,13,23,71,33,105,69,10,65,26,11,12,1,8,40,88,14,13,6,53,133,293,14,150,0,19,26,50,13,35,2,7,11,1,6,3,10,70,2,27,22,155,626,673,210,777,467,1629,921,122,308,2634,2754,1834,207,8676,470,265,149,11900,152,92,33,146,8138,277,1373,655,4365,523,71,410,422,7128,79,318,7,184,54,228,72,4,42,1149,4554
1,0,1,1,1,0,2,7,30,2,5,12,7,3,2,6,2,2,7,42,1,50,186,20,199,797,412,36,2,6,8,710,31,289,1,2,14,223,13,99,2,5,1,1398,129,120,545,4,0,1,10,13,109,6,21,25,17,111,28,118,76,46,98,33,357,316,190,29,89,508,102,728,100,454,152,28899,1337,137,246,102,7235,1246,565,368,6392,9727,53,32,210,6535,79,184,8895,114,578,59,34,23,225,117
1,0,0,1,0,4,3,7,26,1,6,6,8,5,0,1,0,1,4,33,3,8,56,12,120,210,228,117,0,3,3,175,23,135,2,0,12,88,6,165,0,0,2,406,81,32,100,12,0,1,3,6,16,1,118,8,84,112,20,1503,97,80,378,119,29,71,149,20,355,848,123,1023,1042,8885,92,1337,10021,624,41,22,1189,1372,121,93,959,719,1377,210,70,874,1006,5872,10198,96,671,510,24,6,102,59
0,0,0,0,0,2,2,0,0,0,1,0,0,0,0,1,0,0,0,0,0,5,4,2,2,27,19,262,1,0,1,19,1,246,4,2,6,2,4,380,0,3,1,79,1,44,59,4,0,0,62,61,30,44,24,31,1,3,0,14,18,5,14,3,65,57,43,3,6,15,19,974,18,26,33,137,624,41217,3140,6,136,44,310,36,53,10224,107,27,32,32,94,11255,891,15738,592,67,81,556,146,26
3,7,37,19,1,10,43,3,9,16,7,5,0,28,3,26,3,2,9,2,19,29,1,7,10,5,10,2,8,23,11,8,3,11,89,21,47,4,83,3,5,11,23,10,6,1,1,86,1,2,2513,2136,1761,981,372,1018,24,14,7,35,278,38,14,20,9623,1369,1077,4,142,74,87,1720,44,42,146,246,41,3140,152246,49,189,221,19723,494,472,618,93,398,607,43,233,96,127,1760,198,172,13693,16899,1921,224
0,0,2,4,1,0,10,9,31,37,10,7,13,11,3,28,3,9,21,27,33,18,9,17,11,3,10,0,7,21,22,6,10,3,28,49,86,3,64,0,6,6,14,2,14,0,6,14,1,1,3,8,159,2,5,15,393,1445,3089,191,310,255,283,720,90,495,8719,3545,1783,508,517,203,43,74,8138,102,22,6,49,9570,131,689,106,4038,778,22,61,139,1180,78,62,1,50,4,37,26,13,27,163,89
0,1,0,0,0,1,2,1,15,5,2,1,2,1,1,3,2,1,1,21,4,31,79,4,53,376,160,50,0,1,3,301,18,338,0,3,7,72,2,160,0,1,2,679,35,165,382,1,0,0,4,4,31,4,25,6,21,72,33,87,99,81,235,79,187,230,93,43,73,168,181,1744,86,330,277,7235,1189,136,189,131,12367,4617,535,250,3836,6931,44,24,273,620,73,402,5317,434,5873,69,23,28,247,206
0,2,0,1,0,0,2,53,317,10,12,48,92,15,7,17,2,10,27,683,14,40,134,31,645,158,427,5,1,12,15,182,280,36,8,15,91,172,16,14,4,7,13,225,326,13,103,3,2,4,2,5,105,2,15,18,1469,1031,239,1076,160,450,8302,4941,319,483,504,708,503,4372,746,4194,152,3256,1373,1246,1372,44,221,689,4617,28167,539,906,13703,266,154,56,645,1468,58,38,2301,151,4058,38,21,24,252,249
0,4,17,17,1,10,28,8,19,35,13,3,0,35,6,47,5,8,14,8,24,37,11,27,23,23,19,0,9,21,27,14,10,5,80,49,103,16,93,1,8,11,14,22,13,3,15,70,3,1,386,1137,1155,577,280,666,21,23,24,78,468,61,50,56,14866,5712,1220,19,357,133,252,1036,100,113,655,565,121,310,19723,106,535,539,60539,1178,1182,225,185,375,2923,98,271,26,306,264,156,140,662,9113,19562,2104
3,11,14,15,0,5,55,4,24,39,10,3,3,58,4,36,3,4,17,29,27,32,8,15,29,10,31,2,12,39,34,11,17,3,111,34,87,14,130,0,16,12,24,11,16,1,10,105,4,1,16,34,2144,17,48,96,275,440,175,136,1248,146,175,301,1176,5828,12461,316,557,601,214,365,65,163,4365,368,93,36,494,4038,250,906,1178,17699,1426,77,147,566,10007,156,223,4,130,27,76,143,65,132,1008,985
0,0,2,4,0,1,0,33,143,7,12,27,36,10,6,16,7,4,16,375,15,21,249,28,909,253,414,4,0,18,14,354,229,40,5,19,50,419,14,4,4,7,22,378,798,14,173,3,0,10,9,24,323,7,17,55,297,949,206,437,204,79,348,250,898,1082,723,113,388,4882,132,870,70,1274,523,6392,959,53,472,778,3836,13703,1182,1426,14173,608,91,50,713,3924,30,18,934,43,221,23,65,46,398,254
0,0,0,0,0,0,0,2,3,0,1,1,0,0,0,3,0,0,0,10,1,28,44,2,26,230,85,323,1,0,1,156,5,1091,2,2,5,21,7,734,1,1,1,638,20,301,459,4,0,0,24,38,33,20,13,20,3,18,12,23,44,31,51,15,95,86,54,3,25,87,64,1198,45,149,71,9727,719,10224,618,22,6931,266,225,77,608,31710,44,21,55,579,56,2364,8437,8870,4479,35,21,194,114,45
0,5,1,5,1,4,17,23,62,19,8,5,10,7,2,17,4,4,13,28,20,5,1,20,4,2,8,8,3,13,18,2,9,5,32,24,386,2,56,17,3,4,10,8,7,0,7,22,1,2,12,13,40,6,135,28,145,234,89,4943,518,169,83,143,60,54,644,106,1559,360,381,109,4707,1278,410,53,1377,107,93,61,44,154,185,147,91,44,3747,1864,212,29,4073,397,311,4,25,907,44,35,319,163
19,81,161,163,4,178,329,19,49,151,55,18,5,243,31,239,5,13,69,19,103,141,5,53,17,4,9,6,56,132,119,8,10,4,412,175,595,5,496,0,47,57,104,7,12,1,5,926,9,5,153,231,504,463,2763,3838,9,8,13,144,1038,160,33,16,356,368,7963,49,5680,98,280,235,5765,312,422,32,210,27,398,139,24,56,375,566,50,21,1864,20231,274,39,13058,41,152,18,9,6911,260,104,574,186
1,0,1,8,1,1,30,7,6,39,17,7,6,20,5,40,3,4,19,14,17,36,6,14,22,9,10,1,10,29,27,11,6,3,75,45,86,6,102,0,10,13,29,19,10,0,12,24,3,1,5,16,183,10,22,24,61,109,39,46,880,90,181,119,1100,8319,1296,122,314,208,696,278,39,98,7128,210,70,32,607,1180,273,645,2923,10007,713,55,212,274,32869,87,255,7,152,22,129,85,35,94,2235,10860
0,0,0,2,0,0,2,3,36,7,7,14,2,3,3,5,2,0,8,79,7,19,159,15,371,303,361,3,0,8,6,339,68,50,1,6,16,330,11,7,1,7,10,433,290,13,166,3,1,4,3,3,47,2,8,11,10,95,15,132,63,48,179,30,81,109,149,20,154,2365,64,762,63,1105,79,6535,874,32,43,78,620,1468,98,156,3924,579,29,39,87,19609,44,31,9060,32,169,34,4,7,61,45
6,18,34,50,7,41,89,3,15,71,28,4,2,98,17,117,6,4,35,4,36,85,2,21,6,9,4,9,36,57,58,6,6,7,206,78,331,2,265,22,16,38,47,8,1,4,3,268,3,1,94,174,105,753,2282,3173,2,7,15,63,676,88,26,7,145,121,1016,28,1478,30,173,194,3058,483,318,79,1006,94,233,62,73,58,271,223,30,56,4073,13058,255,44,16799,488,539,17,44,8836,284,85,340,116
0,0,0,1,0,3,1,0,1,0,0,2,0,0,0,2,0,0,0,0,0,31,13,2,3,89,126,1174,2,0,0,52,0,1199,2,0,17,4,18,2008,1,0,0,446,4,228,323,2,0,0,5,6,1,5,69,5,1,3,1,6,11,7,11,2,7,5,13,1,21,5,9,309,94,185,7,184,5872,11255,96,1,402,38,26,4,18,2364,397,41,7,31,488,37775,11050,1555,550,247,18,34,17,11
0,0,0,3,0,6,4,5,27,7,19,8,2,3,3,10,1,0,3,51,8,80,183,10,222,932,440,207,4,3,6,746,36,1037,4,4,19,203,16,551,2,7,7,1964,178,426,961,13,1,1,8,5,38,10,121,10,6,134,38,402,268,173,412,72,80,119,188,71,302,344,301,2975,853,4104,184,8895,10198,891,127,50,5317,2301,306,130,934,8437,311,152,152,9060,539,11050,44839,623,2504,343,51,39,241,174
0,0,1,1,0,0,0,0,1,1,0,0,1,5,0,2,0,0,1,3,0,4,3,2,3,14,10,42,0,0,1,10,0,152,4,3,5,1,2,110,0,0,0,41,1,16,38,3,0,0,49,70,33,41,21,26,1,9,8,11,62,47,87,13,64,34,41,12,14,11,70,6611,6,25,54,114,96,15738,1760,4,434,151,264,27,43,8870,4,18,22,32,17,1555,623,19595,7906,5,37,791,181,25
0,0,1,0,0,0,0,0,5,3,3,1,1,0,0,1,1,0,1,6,1,18,29,3,22,172,60,43,0,2,2,154,4,341,1,1,9,17,2,125,0,3,1,388,5,103,213,1,0,0,6,11,20,13,16,6,7,40,29,49,94,173,415,41,23,44,42,56,41,48,283,8194,40,147,228,578,671,592,198,37,5873,4058,156,76,221,4479,25,9,129,169,44,550,2504,7906,17671,29,7,98,107,100
12,50,114,96,0,161,143,2,3,22,12,0,0,94,11,72,0,1,9,4,8,27,0,10,5,0,6,9,14,31,15,3,1,2,141,14,142,1,87,5,10,9,11,4,2,3,4,607,2,1,314,103,103,156,5685,534,1,1,2,28,285,26,13,2,159,76,883,4,172,21,40,117,392,223,72,59,510,67,172,26,69,38,140,143,23,35,907,6911,85,34,8836,247,343,5,29,6992,1513,42,130,45
0,7,19,4,0,3,14,0,0,2,1,0,0,16,1,10,1,0,1,0,1,3,1,1,3,2,2,0,4,10,2,3,0,0,21,1,21,2,11,2,3,2,2,2,0,0,0,35,0,1,14582,2400,1475,1027,4535,890,4,3,0,5,79,5,1,2,6613,195,454,0,18,10,7,111,25,24,4,34,24,81,13693,13,23,21,662,65,65,21,44,260,35,4,284,18,51,37,7,1513,39512,101,121,20
2,4,5,4,2,1,7,3,1,13,4,1,0,13,1,18,3,3,3,1,8,6,0,5,0,0,0,0,1,6,6,2,2,2,20,13,18,0,26,4,6,1,9,1,1,0,3,11,0,0,147,404,226,235,76,202,0,6,2,8,18076,9,4,3,321,222,282,3,46,9,44,4492,16,9,42,23,6,556,16899,27,28,24,9113,132,46,194,35,104,94,7,85,34,39,791,98,42,101,45236,5002,120
1,5,4,20,0,7,42,11,25,60,18,2,1,33,6,55,6,15,39,7,49,50,5,29,10,9,15,1,7,34,47,12,5,3,78,91,178,6,133,2,18,25,45,20,6,0,8,47,2,5,170,958,1200,346,227,717,15,29,22,92,20019,145,52,19,1833,4381,1843,19,530,86,1309,1952,156,86,1149,225,102,146,1921,163,247,252,19562,1008,398,114,319,574,2235,61,340,17,241,181,107,130,121,5002,36250,9832
2,0,0,5,0,1,11,6,14,27,11,4,2,10,4,20,0,5,13,3,24,17,5,16,6,5,6,1,4,13,18,6,2,4,28,36,85,3,50,0,5,8,14,12,9,1,5,13,0,1,7,11,184,14,31,58,3,20,11,59,11896,141,155,34,1612,7185,558,31,235,52,5807,231,53,55,4554,117,59,26,224,89,206,249,2104,985,254,45,163,186,10860,45,116,11,174,25,100,45,20,120,9832,15733
