17825,7872,9275,1441,14186,4374,1807,5,3,101,3,2,0,16580,141,182,0,0,6,8,7,382,3,5,6,3,5,43,925,799,13,5,7,16,64,17,7,7,52,10,513,110,36,6,28,10,13,56,1126,11,6,81,1,183,22,43,0,0,0,0,2,0,0,0,14,0,13,1,5,0,0,0,1,0,0,0,1,0,0,1,0,0,5,4,0,0,4,38,0,1,14,2,0,0,0,57,1,1,2,0
7872,32465,9494,13273,923,884,2775,13,4,429,9,7,5,6731,1585,584,2,0,29,27,18,760,12,8,10,14,7,43,635,1247,38,17,20,27,265,44,28,17,60,14,1037,403,49,15,70,10,32,150,244,42,18,48,7,64,102,83,0,1,0,0,10,0,0,0,33,1,66,1,9,0,0,3,6,1,3,1,0,0,4,4,0,1,5,6,2,0,9,175,5,2,62,1,2,0,0,337,7,4,4,0
9275,9494,23733,4641,6830,8106,10853,4,6,96,5,2,1,1182,71,89,0,0,10,2,7,640,2,0,2,4,4,64,819,947,13,2,2,26,75,8,7,0,147,16,886,176,8,14,8,19,29,54,276,18,543,1290,7,5524,198,599,0,0,0,1,12,0,0,0,29,1,12,0,5,0,1,24,1,1,0,0,0,1,36,1,0,0,49,1,0,1,1,43,3,0,21,4,1,1,0,110,31,21,18,0
1441,13273,4641,41297,1076,1793,6417,151,43,1188,88,19,34,6470,12775,7417,14,14,254,235,76,724,30,18,54,69,18,38,654,1431,498,90,70,63,367,236,66,143,88,15,985,610,993,41,670,18,82,229,333,162,20,59,7,80,113,103,2,0,2,7,14,2,0,0,61,5,77,1,33,3,5,10,13,16,6,3,10,1,4,8,4,6,23,9,9,1,23,210,8,13,102,3,17,0,1,332,9,4,10,7
14186,923,6830,1076,18120,25016,2840,0,4,85,4,1,2,8078,43,159,0,0,8,8,5,91,3,4,21,7,43,25,573,446,19,7,4,6,244,24,27,7,192,21,164,60,23,45,28,4,13,754,3132,8,9,42,0,266,22,78,0,0,0,0,0,0,0,0,8,0,19,0,0,0,1,1,2,0,0,2,0,0,3,0,0,0,4,3,0,0,2,27,0,1,11,0,0,0,0,52,1,0,2,0
4374,884,8106,1793,25016,25460,23597,3,3,42,2,1,0,1260,19,276,0,0,2,6,2,80,5,2,32,6,62,21,422,268,6,5,4,16,855,16,64,3,1263,50,137,22,10,56,7,4,6,3497,3897,4,417,184,13,6435,726,585,0,0,1,1,5,1,0,0,47,1,40,0,6,3,0,14,3,3,1,0,3,1,28,1,0,0,42,6,1,0,7,106,2,1,34,2,4,0,0,403,48,13,11,0
1807,2775,10853,6417,2840,23597,21110,4,10,170,13,0,1,526,107,1287,2,0,16,14,8,183,4,17,12,5,12,14,351,295,11,11,5,13,2247,44,54,12,932,7,216,78,14,9,18,2,8,1665,256,10,53,145,21,1581,489,1437,0,0,3,5,19,0,0,1,84,6,97,0,20,0,3,10,10,3,2,0,2,0,7,5,0,1,20,10,3,1,21,336,5,8,111,1,2,0,1,718,13,4,8,1
5,13,4,151,0,3,4,29199,4419,164,3634,2038,7565,222,174,460,2978,5122,3970,4852,634,2955,401,70,377,31,30,20,41,83,1916,46,1670,22,6,80,282,137,37,2,33,54,400,63,1121,119,151,1,8,91,0,0,3,1,1,2,130,224,45,1625,20,26,30,119,2,1,18,96,85,525,45,31,143,345,14,3,15,1,1,13,4,186,3,4,54,2,219,19,4,25,12,0,26,1,12,1,0,0,2,2
3,4,6,43,4,3,10,4419,50810,124,1491,2493,1653,23,18,266,985,45,4209,3364,493,1527,452,10154,10354,82,2326,25,35,30,90,88,1014,63,100,697,8425,106,278,30,25,27,55,444,195,182,260,27,4,20,3,2,5,0,0,9,513,899,159,7200,61,86,164,394,8,9,46,357,191,1504,110,89,605,1016,33,14,93,3,1,58,15,571,9,6,119,13,1676,50,9,93,30,6,109,7,32,2,2,1,7,3
101,429,96,1188,85,42,170,164,124,44417,4374,3343,156,769,450,2597,145,28,658,146,4860,3928,1006,224,111,75,51,59,440,512,1142,536,1319,50,235,884,256,44,312,17,8941,6663,1720,163,307,441,1278,53,65,6755,3,7,0,12,5,4,3,14,40,87,40,15,6,1,15,4,43,26,134,10,35,10,85,12,30,5,7,1,7,33,6,8,12,9,8,1,68,89,13,11,69,4,18,0,2,13,1,2,10,9
3,9,5,88,4,2,13,3634,1491,4374,5547,14198,437,86,51,574,317,183,1025,679,2643,4686,2643,90,223,51,35,68,49,78,316,102,729,58,47,213,90,44,68,15,90,177,164,149,116,431,460,5,2,59,0,1,0,0,3,1,9,28,18,176,21,5,7,12,2,2,13,22,50,17,15,4,33,27,10,7,6,0,0,16,2,9,2,1,13,1,42,24,6,9,12,3,13,2,5,2,0,0,5,0
2,7,2,19,1,1,0,2038,2493,3343,14198,24711,4826,77,68,174,5031,257,680,1081,5342,1382,5892,182,847,26,53,19,34,215,384,56,4901,21,31,203,167,41,33,6,139,593,347,122,192,177,363,3,3,442,0,0,2,0,1,0,16,52,28,342,16,6,1,12,3,2,8,35,50,42,29,9,63,54,9,3,13,0,0,6,2,18,2,0,31,1,57,8,1,28,6,2,26,1,1,1,1,3,2,3
0,5,1,34,2,0,1,7565,1653,156,437,4826,25293,268,172,107,6762,1059,457,2123,431,272,91,25,360,4,13,2,40,193,680,13,3898,5,5,35,156,3,8,1,45,139,507,11,331,14,34,1,6,405,0,0,0,0,0,3,75,59,5,657,3,1,15,31,4,0,10,11,21,344,8,9,47,224,3,0,8,1,0,6,0,104,1,2,24,0,99,6,0,27,5,0,14,0,0,2,0,0,1,2
16580,6731,1182,6470,8078,1260,526,222,23,769,86,77,268,71950,13023,1300,77,32,153,607,311,578,90,16,95,137,26,93,4281,22548,794,675,867,159,489,232,140,71,280,18,1061,912,2234,60,2941,29,455,367,16051,2846,15,21,6,27,32,34,1,1,3,7,16,1,1,1,56,17,124,0,46,3,5,15,11,9,7,14,15,0,9,9,11,19,41,20,25,3,40,266,24,30,236,2,47,0,4,120,12,11,14,2
141,1585,71,12775,43,19,107,174,18,450,51,68,172,13023,15059,2237,39,22,121,355,178,222,30,3,24,29,5,16,266,1529,974,206,393,47,57,71,19,37,24,2,299,481,7410,24,1300,12,105,34,81,7425,0,0,2,5,5,2,1,0,1,4,5,0,0,0,7,2,9,0,10,2,1,4,3,8,0,2,7,0,1,2,0,2,6,1,12,0,4,25,2,13,27,0,9,0,2,11,6,1,1,1
182,584,89,7417,159,276,1287,460,266,2597,574,174,107,1300,2237,30057,157,148,5209,464,748,851,92,73,199,146,34,56,369,1206,13741,161,222,145,736,3943,253,283,283,13,793,570,8114,112,893,23,156,649,144,188,41,46,19,25,80,90,4,13,16,66,100,16,9,6,168,38,294,21,193,18,41,39,62,41,52,2,14,2,38,48,9,28,124,51,21,3,91,662,72,35,494,0,32,2,5,374,27,23,47,26
0,2,0,14,0,0,2,2978,985,145,317,5031,6762,77,39,157,9836,2832,1009,95,4625,236,159,77,40,5,4,1,14,65,1528,9,1451,3,5,102,86,6,15,1,24,64,269,5,34,14,59,0,1,150,0,0,0,0,0,0,7,33,24,229,9,7,7,16,2,0,2,35,31,8,13,4,34,5,8,0,0,0,0,7,0,6,1,0,4,0,48,5,1,5,4,0,2,2,0,0,1,0,1,0
0,0,0,14,0,0,0,5122,45,28,183,257,1059,32,22,148,2832,2571,659,112,316,155,31,7,17,2,3,1,5,9,1124,10,426,2,1,10,28,1,5,1,7,9,126,4,139,6,16,1,2,25,0,0,0,0,0,0,3,53,17,152,8,6,7,3,0,1,1,22,17,2,17,1,24,4,5,0,0,0,0,5,0,2,0,0,2,0,14,3,1,1,3,0,1,0,0,0,0,0,0,1
6,29,10,254,8,2,16,3970,4209,658,1025,680,457,153,121,5209,1009,659,10464,1055,1790,986,171,948,1212,48,87,13,66,106,3009,46,490,27,64,3951,714,115,282,8,120,86,406,97,389,37,105,6,11,51,3,4,5,2,9,3,23,119,134,645,235,79,36,24,17,9,78,159,429,48,251,63,332,80,156,1,24,1,6,140,5,49,31,23,45,1,290,187,38,39,133,2,33,2,7,17,3,8,53,23
8,27,2,235,8,6,14,4852,3364,146,679,1081,2123,607,355,464,95,112,1055,21689,115,1263,1172,134,4306,432,497,62,75,323,778,608,5914,235,42,298,87,4760,44,17,85,108,506,814,5794,207,802,8,20,327,1,1,3,0,1,5,49,30,12,326,13,9,31,17,42,38,15,11,49,700,19,92,79,1512,11,28,268,5,3,8,21,418,29,10,710,14,150,24,21,578,12,4,491,3,40,3,1,2,14,9
7,18,7,76,5,2,8,634,493,4860,2643,5342,431,311,178,748,4625,316,1790,115,18633,553,567,310,76,18,26,13,70,685,2304,86,974,11,89,603,303,20,195,3,356,2112,3050,35,111,40,275,4,2,3406,0,3,1,1,1,3,2,39,63,204,32,16,5,9,6,3,27,44,156,6,43,10,113,11,30,0,7,0,2,36,1,8,12,9,7,0,72,54,7,5,37,0,11,1,2,3,0,1,7,4
382,760,640,724,91,80,183,2955,1527,3928,4686,1382,272,578,222,851,236,155,986,1263,553,20684,2411,111,975,721,588,2148,4244,773,439,607,378,1864,158,341,134,288,201,531,9038,738,403,1945,595,3977,2057,79,89,139,1,15,2,20,2,5,3,19,11,85,21,4,4,7,16,4,32,12,57,13,17,20,38,38,10,33,46,6,6,10,17,27,24,6,32,29,41,77,14,56,56,27,141,6,38,19,3,3,13,4
3,12,2,30,3,5,4,401,452,1006,2643,5892,91,90,30,92,159,31,171,1172,567,2411,10863,102,1743,1167,857,310,77,233,56,606,3572,420,18,85,34,609,82,69,116,302,72,2918,1107,3930,5556,24,6,153,0,1,0,0,2,1,1,6,3,55,7,3,0,4,6,3,4,9,7,5,6,33,19,54,2,103,116,2,0,1,60,49,3,1,89,40,18,6,2,145,2,18,291,5,84,0,0,0,1,3
5,8,0,18,4,2,17,70,10154,224,90,182,25,16,3,73,77,7,948,134,310,111,102,5915,2732,58,1404,35,27,27,66,61,79,56,650,5735,3232,38,4895,166,50,42,36,388,45,23,122,81,3,7,1,2,1,0,3,2,35,82,64,553,85,34,11,17,5,2,28,71,138,82,52,19,155,69,56,10,35,1,2,50,8,31,8,2,23,4,220,68,14,27,72,4,53,0,11,8,0,2,16,6
6,10,2,54,21,32,12,377,10354,111,223,847,360,95,24,199,40,17,1212,4306,76,975,1743,2732,10810,433,9687,112,42,164,49,775,3771,329,178,772,629,586,670,167,53,85,49,2653,1144,337,1360,283,37,71,7,1,2,1,14,4,42,48,8,396,16,11,28,19,88,50,40,10,68,589,21,188,143,2239,5,119,1095,11,9,19,100,572,83,13,1235,55,527,38,21,1207,9,17,1370,11,150,14,5,2,30,15
3,14,4,69,7,6,5,31,82,75,51,26,4,137,29,146,5,2,48,432,18,721,1167,58,433,17658,1350,248,45,90,43,6376,193,8062,22,69,36,5628,107,177,40,56,41,6767,2152,666,3404,67,9,39,0,0,1,1,4,0,0,1,1,8,10,2,4,1,5,4,6,3,2,6,8,134,13,58,5,651,433,20,1,8,376,74,8,2,104,315,6,4,6,351,7,148,1613,29,488,11,0,1,7,4
5,7,4,18,43,62,12,30,2326,51,35,53,13,26,5,34,4,3,87,497,26,588,857,1404,9687,1350,19193,1558,49,41,27,830,274,1061,139,296,2480,360,2546,8851,32,27,27,13663,435,294,1350,890,60,25,0,1,2,1,15,4,1,3,0,28,8,2,2,1,10,5,10,2,11,20,12,105,32,196,5,416,683,32,2,4,260,140,11,3,290,217,24,13,6,678,9,181,1365,24,279,27,3,0,11,0
43,43,64,38,25,21,14,20,25,59,68,19,2,93,16,56,1,1,13,62,13,2148,310,35,112,248,1558,62741,1960,307,19,193,40,8982,26,38,323,52,441,20676,617,92,24,1281,180,10345,5097,165,22,20,0,2,0,1,1,1,0,0,1,2,1,0,0,0,1,0,3,0,11,1,0,10,2,6,0,15,20,278,2,0,16,8,0,1,6,158,8,9,4,14,5,756,102,41,28,5,0,0,1,0
925,635,819,654,573,422,351,41,35,440,49,34,40,4281,266,369,14,5,66,75,70,4244,77,27,42,45,49,1960,79908,10221,183,158,177,261,193,236,118,16,173,307,17220,702,294,103,291,798,305,110,6665,205,1,25,1,28,12,9,0,3,3,7,20,1,0,0,13,10,50,1,64,1,12,3,14,2,7,2,2,4,4,9,1,2,20,13,1,4,42,89,18,2,90,15,6,0,2,28,2,4,17,8
799,1247,947,1431,446,268,295,83,30,512,78,215,193,22548,1529,1206,65,9,106,323,685,773,233,27,164,90,41,307,10221,80427,557,1018,1555,164,471,472,264,46,288,56,14682,9362,1385,112,1658,164,1036,184,1361,3857,2,21,4,39,17,19,0,2,5,8,44,2,2,1,45,15,91,1,107,2,15,23,18,19,10,2,13,1,27,19,5,7,61,23,21,0,66,234,30,24,247,3,24,1,9,41,25,12,23,6
13,38,13,498,19,6,11,1916,90,1142,316,384,680,794,974,13741,1528,1124,3009,778,2304,439,56,66,49,43,27,19,183,557,19558,86,685,36,74,511,196,81,110,9,322,286,10029,38,1272,14,74,51,25,743,7,5,6,0,2,4,7,12,23,80,54,5,5,2,27,12,108,24,194,17,33,23,55,28,41,2,11,1,11,41,4,16,35,25,17,1,99,151,27,10,154,1,17,0,6,31,8,5,34,17
5,17,2,90,7,5,11,46,88,536,102,56,13,675,206,161,9,10,46,608,86,607,606,61,775,6376,830,193,158,1018,86,36987,5350,4016,26,49,24,576,61,132,276,616,133,2748,6331,614,13223,42,14,510,0,0,0,1,0,1,1,1,1,10,6,0,2,1,3,0,2,1,5,1,5,91,8,31,2,250,206,13,2,4,189,50,5,2,100,180,7,6,5,250,1,101,754,15,253,4,1,1,5,2
7,20,2,70,4,4,5,1670,1014,1319,729,4901,3898,867,393,222,1451,426,490,5914,974,378,3572,79,3771,193,274,40,177,1555,685,5350,24666,117,25,136,63,473,55,17,416,1419,746,709,10339,115,5446,10,14,1779,1,0,3,1,0,2,18,25,10,140,10,6,7,5,14,9,10,7,29,182,9,37,32,490,6,30,125,1,3,9,20,122,9,1,294,11,73,18,9,242,15,2,229,2,28,2,1,1,6,2
16,27,26,63,6,16,13,22,63,50,58,21,5,159,47,145,3,2,27,235,11,1864,420,56,329,8062,1061,8982,261,164,36,4016,117,26621,15,43,153,687,322,8766,178,67,57,8583,1405,4963,9608,148,17,29,1,2,0,1,4,1,1,0,1,3,5,2,1,1,3,3,0,1,6,2,8,61,10,27,2,179,159,141,2,3,191,31,4,1,36,956,7,5,1,90,13,1350,1208,106,437,5,0,2,1,5
64,265,75,367,244,855,2247,6,100,235,47,31,5,489,57,736,5,1,64,42,89,158,18,650,178,22,139,26,193,471,74,26,25,15,9861,2050,834,22,6988,36,191,90,88,86,38,5,33,7460,350,33,51,71,25,23,189,138,4,7,14,39,79,5,4,1,223,31,367,11,183,7,24,33,49,5,27,5,9,0,48,31,1,12,132,60,10,2,108,884,77,16,672,2,14,0,2,744,37,35,60,21
17,44,8,236,24,16,44,80,697,884,213,203,35,232,71,3943,102,10,3951,298,603,341,85,5735,772,69,296,38,236,472,511,49,136,43,2050,9321,1768,87,3405,61,345,199,530,187,134,21,94,160,24,73,12,14,8,8,20,11,14,32,65,239,190,30,17,8,72,33,191,58,488,28,131,39,243,37,138,4,19,2,27,122,3,33,126,52,29,3,300,491,100,33,381,0,24,2,7,57,14,30,92,44
7,28,7,66,27,64,54,282,8425,256,90,167,156,140,19,253,86,28,714,87,303,134,34,3232,629,36,2480,323,118,264,196,24,63,153,834,1768,4036,18,7936,926,135,73,153,439,22,20,52,1838,64,18,3,5,3,2,32,9,21,41,21,496,31,6,6,20,9,5,27,25,55,48,22,9,63,30,9,4,3,0,3,11,2,19,15,10,8,3,152,60,13,6,62,10,11,0,2,70,1,3,7,3
7,17,0,143,7,3,12,137,106,44,44,41,3,71,37,283,6,1,115,4760,20,288,609,38,586,5628,360,52,16,46,81,576,473,687,22,87,18,15444,31,9,20,25,77,5346,3728,101,872,19,10,20,0,6,3,0,2,3,1,1,0,12,1,1,2,2,25,15,5,2,14,3,3,66,26,157,4,178,323,4,2,3,80,124,13,5,244,46,7,11,5,445,9,11,593,7,123,4,2,1,9,5
52,60,147,88,192,1263,932,37,278,312,68,33,8,280,24,283,15,5,282,44,195,201,82,4895,670,107,2546,441,173,288,110,61,55,322,6988,3405,7936,31,36283,1695,185,65,98,1336,42,48,123,10046,226,26,25,21,16,21,29,28,0,5,22,37,67,8,2,1,144,28,233,14,248,5,37,30,91,7,29,23,10,5,39,34,12,3,119,55,7,9,187,552,67,21,519,12,53,0,9,145,17,28,58,20
10,14,16,15,21,50,7,2,30,17,15,6,1,18,2,13,1,1,8,17,3,531,69,166,167,177,8851,20676,307,56,9,132,17,8766,36,61,926,9,1695,32030,116,15,8,11790,26,800,545,600,28,5,1,1,0,1,7,1,0,1,0,4,2,0,0,0,3,0,2,0,3,0,0,54,4,14,0,55,124,491,12,1,86,8,5,0,4,1027,7,7,1,10,13,3950,819,206,269,13,0,5,1,1
513,1037,886,985,164,137,216,33,25,8941,90,139,45,1061,299,793,24,7,120,85,356,9038,116,50,53,40,32,617,17220,14682,322,276,416,178,191,345,135,20,185,116,56587,10016,505,77,328,227,472,79,148,842,3,27,3,29,4,7,0,0,3,14,15,0,1,0,16,9,44,3,64,1,8,5,29,6,9,2,7,0,8,16,1,2,21,8,9,1,41,86,22,4,84,7,13,1,1,22,3,4,18,5
110,403,176,610,60,22,78,54,27,6663,177,593,139,912,481,570,64,9,86,108,2112,738,302,42,85,56,27,92,702,9362,286,616,1419,67,90,199,73,25,65,15,10016,18751,1287,79,426,114,907,21,21,8522,0,3,0,5,1,2,0,3,5,16,2,0,0,0,5,4,18,6,36,2,7,3,13,8,4,1,6,0,6,6,1,2,7,4,5,0,16,35,3,5,24,1,11,0,6,4,1,0,6,0
36,49,8,993,23,10,14,400,55,1720,164,347,507,2234,7410,8114,269,126,406,506,3050,403,72,36,49,41,27,24,294,1385,10029,133,746,57,88,530,153,77,98,8,505,1287,33723,28,1287,9,121,57,35,14451,0,2,0,0,2,5,2,1,5,14,29,1,0,0,10,3,48,3,114,3,7,8,21,11,12,1,7,1,6,29,0,2,24,8,9,3,54,93,12,10,71,1,9,1,2,14,9,2,17,5
6,15,14,41,45,56,9,63,444,163,149,122,11,60,24,112,5,4,97,814,35,1945,2918,388,2653,6767,13663,1281,103,112,38,2748,709,8583,86,187,439,5346,1336,11790,77,79,28,39051,1000,1711,5361,678,42,48,2,2,1,2,11,7,1,3,1,34,20,5,8,4,17,20,5,0,8,7,19,263,33,172,6,794,928,118,8,5,556,209,15,3,345,903,15,15,16,717,17,974,2867,79,842,22,0,4,13,10
28,70,8,670,28,7,18,1121,195,307,116,192,331,2941,1300,893,34,139,389,5794,111,595,1107,45,1144,2152,435,180,291,1658,1272,6331,10339,1405,38,134,22,3728,42,26,328,426,1287,1000,10146,207,2831,26,71,1195,4,2,6,1,4,4,3,4,3,34,11,5,4,2,52,29,18,0,27,20,13,142,64,613,7,161,521,12,8,9,120,256,37,5,742,59,13,23,5,777,8,14,913,12,157,4,4,1,16,6
10,10,19,18,4,4,2,119,182,441,431,177,14,29,12,23,14,6,37,207,40,3977,3930,23,337,666,294,10345,798,164,14,614,115,4963,5,21,20,101,48,800,227,114,9,1711,207,11082,8035,12,4,15,0,2,0,0,1,0,0,0,1,10,1,1,1,2,0,0,0,1,4,6,2,11,2,10,0,39,23,18,0,0,21,12,0,0,15,97,4,5,0,29,2,160,143,7,47,2,0,1,1,0
13,32,29,82,13,6,8,151,260,1278,460,363,34,455,105,156,59,16,105,802,275,2057,5556,122,1360,3404,1350,5097,305,1036,74,13223,5446,9608,33,94,52,872,123,545,472,907,121,5361,2831,8035,33038,48,11,523,0,1,0,0,2,0,2,5,1,20,8,2,3,2,7,10,8,6,9,2,3,74,12,47,5,296,248,31,1,5,169,59,5,1,105,328,8,8,3,258,4,226,870,32,299,8,0,1,3,10
56,150,54,229,754,3497,1665,1,27,53,5,3,1,367,34,649,0,1,6,8,4,79,24,81,283,67,890,165,110,184,51,42,10,148,7460,160,1838,19,10046,600,79,21,57,678,26,12,48,9995,1213,10,25,69,9,27,281,106,0,1,3,9,11,2,1,0,63,7,105,0,27,1,1,5,11,3,2,3,5,1,13,4,2,1,15,12,2,4,26,289,7,7,140,4,25,0,1,604,12,5,11,4
1126,244,276,333,3132,3897,256,8,4,65,2,3,6,16051,81,144,1,2,11,20,2,89,6,3,37,9,60,22,6665,1361,25,14,14,17,350,24,64,10,226,28,148,21,35,42,71,4,11,1213,17761,16,4,8,0,8,15,11,0,0,0,1,4,0,0,0,4,1,16,0,10,0,1,1,1,1,0,0,2,0,3,1,0,0,6,1,0,0,3,31,1,3,23,1,0,0,2,21,3,1,1,0
11,42,18,162,8,4,10,91,20,6755,59,442,405,2846,7425,188,150,25,51,327,3406,139,153,7,71,39,25,20,205,3857,743,510,1779,29,33,73,18,20,26,5,842,8522,14451,48,1195,15,523,10,16,20528,0,0,0,0,0,1,0,1,0,6,3,0,0,0,7,0,6,0,15,1,1,0,9,17,3,2,6,0,3,2,4,3,3,1,5,0,5,9,1,15,10,0,13,0,4,2,1,1,3,0
6,18,543,20,9,417,53,0,3,3,0,0,0,15,0,41,0,0,3,1,0,1,0,1,7,0,0,0,1,2,7,0,1,1,51,12,3,0,25,1,3,0,0,2,4,0,0,25,4,0,61260,13544,1943,12461,23571,2684,7,3,4,14,262,10,2,1,17423,133,824,3,43,13,6,424,8,14,5,10,11,30,1065,8,10,18,1106,86,63,13,49,635,17,62,118,6,34,20,3,619,11880,447,394,20
81,48,1290,59,42,184,145,0,2,7,1,0,0,21,0,46,0,0,4,1,3,15,1,2,1,0,1,2,25,21,5,0,0,2,71,14,5,6,21,1,27,3,2,2,2,2,1,69,8,0,13544,61653,10821,10367,4084,6797,3,6,4,11,898,14,6,2,12035,172,588,2,45,11,19,1028,3,7,10,11,3,34,579,9,9,20,1069,57,44,9,18,543,54,56,108,5,31,25,14,303,634,772,1195,101
1,7,7,7,0,13,21,3,5,0,0,2,0,6,2,19,0,0,5,3,1,2,0,1,2,1,2,0,1,4,6,0,3,0,25,8,3,3,16,0,3,0,0,1,6,0,0,9,0,0,1943,10821,32464,331,948,7256,17,37,20,28,481,17,8,3,13610,3643,8669,4,114,62,17,173,17,24,7,13,13,12,99,39,5,40,257,427,142,5,20,1049,33,254,31,5,92,4,12,67,180,154,451,56
183,64,5524,80,266,6435,1581,1,0,12,0,0,0,27,5,25,0,0,2,0,1,20,0,0,1,1,1,1,28,39,0,1,1,1,23,8,2,0,21,1,29,5,0,2,1,0,0,27,8,0,12461,10367,331,44751,21831,22796,0,0,0,2,138,5,2,0,646,25,116,1,14,1,8,391,4,1,3,2,3,37,442,3,3,5,613,17,9,6,11,309,10,15,1018,7,9,19,4,676,767,364,244,12
22,102,198,113,22,726,489,1,0,5,3,1,0,32,5,80,0,0,9,1,1,2,2,3,14,4,15,1,12,17,2,0,0,4,189,20,32,2,29,7,4,1,2,11,4,1,2,281,15,0,23571,4084,948,21831,29648,8203,0,3,0,12,162,11,0,2,2962,69,599,1,60,6,14,83,37,84,4,9,99,25,187,1,7,15,244,30,18,6,174,2011,41,48,1366,40,107,3,10,8070,5255,103,153,18
43,83,599,103,78,585,1437,2,9,4,1,0,3,34,2,90,0,0,3,5,3,5,1,2,4,0,4,1,9,19,4,1,2,1,138,11,9,3,28,1,7,2,5,7,4,0,0,106,11,1,2684,6797,7256,22796,8203,24077,3,6,5,10,480,17,4,2,2395,87,1510,2,63,17,21,272,15,16,4,10,7,6,115,4,5,26,229,81,32,3,25,2255,25,73,165,2,68,6,7,566,215,179,407,37
0,0,0,2,0,0,0,130,513,3,9,16,75,1,1,4,7,3,23,49,2,3,1,35,42,0,1,0,0,0,7,1,18,1,4,14,21,1,0,0,0,0,2,1,3,0,2,0,0,0,7,3,17,0,0,3,3977,8601,502,230,54,204,281,4415,146,130,259,318,150,2316,38,279,10,17,19,0,6,4,3,315,6,1984,24,119,362,3,103,3,28,16,2,2,8,12,22,1,3,8,23,3
0,1,0,0,0,0,0,224,899,14,28,52,59,1,0,13,33,53,119,30,39,19,6,82,48,1,3,0,3,2,12,1,25,0,7,32,41,1,5,1,0,3,1,3,4,0,5,1,0,1,3,6,37,0,3,6,8601,17398,2263,1702,279,801,662,2153,180,130,499,4221,454,3681,229,1475,35,96,226,6,17,14,12,545,10,1025,30,119,1112,34,335,12,19,243,14,6,51,47,92,1,3,10,28,10
0,0,0,2,0,1,3,45,159,40,18,28,5,3,1,16,24,17,134,12,63,11,3,64,8,1,0,1,3,5,23,1,10,1,14,65,21,0,22,0,3,5,5,1,3,1,1,3,0,0,4,4,20,0,0,5,502,2263,1897,850,433,661,222,445,62,62,537,1601,1075,427,197,709,28,101,110,5,9,8,4,1899,9,582,17,72,631,9,230,10,26,86,9,3,27,9,44,1,3,5,15,10
0,0,1,7,0,1,5,1625,7200,87,176,342,657,7,4,66,229,152,645,326,204,85,55,553,396,8,28,2,7,8,80,10,140,3,39,239,496,12,37,4,14,16,14,34,34,10,20,9,1,6,14,11,28,2,12,10,230,1702,850,48237,549,745,762,533,52,25,271,374,4633,1608,615,1235,15229,5222,60,21,1330,50,8,100,48,682,28,21,148,77,6918,185,23,307,95,25,361,88,177,23,7,13,35,16
2,10,12,14,0,5,19,20,61,40,21,16,3,16,5,100,9,8,235,13,32,21,7,85,16,10,8,1,20,44,54,6,10,5,79,190,31,1,67,2,15,2,29,20,11,1,8,11,4,3,262,898,481,138,162,480,54,279,433,549,36038,4883,1390,86,1306,639,3593,402,1903,158,6448,4034,457,138,419,120,51,146,341,869,213,658,786,852,311,202,631,952,672,174,334,35,239,396,733,122,68,15860,17854,5395
0,0,0,2,0,1,0,26,86,15,5,6,1,1,0,16,7,6,79,9,16,4,3,34,11,2,2,0,1,2,5,0,6,2,5,30,6,1,8,0,0,0,1,5,5,1,2,2,0,0,10,14,17,5,11,17,204,801,661,745,4883,8639,5872,415,50,39,454,1068,692,410,5880,9772,125,156,431,10,28,40,17,371,15,573,28,35,171,38,171,70,114,82,37,8,104,162,229,3,6,19,122,91
0,0,0,0,0,0,0,30,164,6,7,1,15,1,0,9,7,7,36,31,5,4,0,11,28,4,2,0,0,2,5,2,7,1,4,17,6,2,2,0,1,0,0,8,4,1,3,1,0,0,2,6,8,2,0,4,281,662,222,762,1390,5872,15800,4933,31,58,167,6127,170,886,7021,5848,68,656,1282,13,52,31,9,1211,42,5868,58,102,121,51,87,18,347,83,14,4,96,134,234,2,1,16,164,172
0,0,0,0,0,0,1,119,394,1,12,12,31,1,0,6,16,3,24,17,9,7,4,17,19,1,1,0,0,1,2,1,5,1,1,8,20,2,1,0,0,0,0,4,2,2,2,0,0,0,1,2,3,0,2,2,4415,2153,445,533,86,415,4933,9570,28,69,183,6061,104,716,1390,526,44,117,281,8,7,4,1,729,11,3465,31,76,63,4,103,3,93,10,3,2,22,20,49,0,1,5,41,30
14,33,29,61,8,47,84,2,8,15,2,3,4,56,7,168,2,0,17,42,6,16,6,5,88,5,10,1,13,45,27,3,14,3,223,72,9,25,144,3,16,5,10,17,52,0,7,63,4,7,17423,12035,13610,646,2962,2395,146,180,62,52,1306,50,31,28,84831,23194,5006,30,280,225,95,644,34,71,64,234,33,78,4800,277,196,587,21354,2678,3188,117,181,1602,1464,1128,370,42,309,31,78,451,15471,903,2041,473
0,1,1,5,0,1,6,1,9,4,2,2,0,17,2,38,0,1,9,38,3,4,3,2,50,4,5,0,10,15,12,0,9,3,31,33,5,15,28,0,9,4,3,20,29,0,10,7,1,0,133,172,3643,25,69,87,130,130,62,25,639,39,58,69,23194,31917,3226,49,150,177,170,284,15,115,170,193,28,29,388,517,251,1089,8991,7280,3042,88,80,195,10797,564,99,18,170,18,126,120,171,278,2267,3831
13,66,12,77,19,40,97,18,46,43,13,8,10,124,9,294,2,1,78,15,27,32,4,28,40,6,10,3,50,91,108,2,10,0,367,191,27,5,233,2,44,18,48,5,18,0,8,105,16,6,824,588,8669,116,599,1510,259,499,537,271,3593,454,167,183,5006,3226,30792,316,4829,429,443,801,115,194,881,37,31,21,351,7641,45,573,1132,4950,1156,25,355,5605,919,669,406,5,291,17,47,843,304,383,1281,309
1,1,0,1,0,0,0,96,357,26,22,35,11,0,0,21,35,22,159,11,44,12,9,71,10,3,2,0,1,1,24,1,7,1,11,58,25,2,14,0,3,6,3,0,0,1,6,0,0,0,3,2,4,1,1,2,318,4221,1601,374,402,1068,6127,6061,30,49,316,7310,255,83,6547,881,89,22,787,6,6,4,5,2064,20,1456,32,35,62,15,283,14,50,12,9,1,27,26,133,1,3,2,49,37
5,9,5,33,0,6,20,85,191,134,50,50,21,46,10,193,31,17,429,49,156,57,7,138,68,2,11,11,64,107,194,5,29,6,183,488,55,14,248,3,64,36,114,8,27,4,9,27,10,15,43,45,114,14,60,63,150,454,1075,4633,1903,692,170,104,280,150,4829,255,9765,433,799,704,5421,953,366,14,119,14,88,896,21,280,344,206,369,15,1402,4216,204,263,898,14,346,7,59,139,24,117,573,186
0,0,0,3,0,3,0,525,1504,10,17,42,344,3,2,18,8,2,48,700,6,13,5,82,589,6,20,1,1,2,17,1,182,2,7,28,48,3,5,0,1,2,3,7,20,6,2,1,0,1,13,11,62,1,6,17,2316,3681,427,1608,158,410,886,716,225,177,429,83,433,9395,67,1120,60,3410,36,26,143,15,7,287,50,4948,63,162,2475,30,329,46,64,2563,6,11,214,44,125,1,8,12,55,40
0,0,1,5,1,0,3,45,110,35,15,29,8,5,1,41,13,17,251,19,43,17,6,52,21,8,12,0,12,15,33,5,9,8,24,131,22,3,37,0,8,7,7,19,13,2,3,1,1,1,6,19,17,8,14,21,38,229,197,615,6448,5880,7021,1390,95,170,443,6547,799,67,21635,2512,299,116,4879,112,42,78,70,2192,205,1380,453,104,230,123,500,185,949,77,147,27,153,224,662,5,16,163,1713,3297
0,3,24,10,1,14,10,31,89,10,4,9,9,15,4,39,4,1,63,92,10,20,33,19,188,134,105,10,3,23,23,91,37,61,33,39,9,66,30,54,5,3,8,263,142,11,74,5,1,0,424,1028,173,391,83,272,279,1475,709,1235,4034,9772,5848,526,644,284,801,881,704,1120,2512,43975,174,1620,440,325,1170,2747,3362,451,437,6673,835,245,1057,1454,181,240,504,1065,141,582,3340,7662,11058,46,78,4684,1315,363
1,6,1,13,2,3,10,143,605,85,33,63,47,11,3,62,34,24,332,79,113,38,19,155,143,13,32,2,14,18,55,8,32,10,49,243,63,26,91,4,29,13,21,33,64,2,12,11,1,9,8,3,17,4,37,15,10,35,28,15229,457,125,68,44,34,15,115,89,5421,60,299,174,9122,2684,114,35,1114,9,9,69,47,220,44,19,53,35,9353,2268,36,128,1909,78,755,17,104,131,4,22,96,41
0,1,1,16,0,3,3,345,1016,12,27,54,224,9,8,41,5,4,80,1512,11,38,54,69,2239,58,196,6,2,19,28,31,490,27,5,37,30,157,7,14,6,8,11,172,613,10,47,3,1,17,14,7,24,1,84,16,17,96,101,5222,138,156,656,117,71,115,194,22,953,3410,116,1620,2684,13579,57,124,11847,111,27,56,232,2955,157,27,513,145,2157,292,114,1010,824,906,2896,80,526,354,29,14,144,106
0,3,0,6,0,1,2,14,33,30,10,9,3,7,0,52,8,5,156,11,30,10,2,56,5,5,5,0,7,10,41,2,6,2,27,138,9,4,29,0,9,4,12,6,7,0,5,2,0,3,5,10,7,3,4,4,19,226,110,60,419,431,1282,281,64,170,881,787,366,36,4879,440,114,57,4942,45,25,12,40,5168,97,954,198,848,240,30,346,103,4156,25,108,4,52,26,202,3,4,60,374,3406
0,1,0,3,2,0,0,3,14,5,7,3,0,14,2,2,0,0,1,28,0,33,103,10,119,651,416,15,2,2,2,250,30,179,5,4,4,178,23,55,2,1,1,794,161,39,296,3,0,2,10,11,13,2,9,10,0,6,5,21,120,10,13,8,234,193,37,6,14,26,112,325,35,124,45,16810,589,130,73,34,5485,964,458,21,3554,9413,46,15,122,4448,31,94,7602,57,821,16,25,43,288,143
1,0,0,10,0,3,2,15,93,7,6,13,8,15,7,14,0,0,24,268,7,46,116,35,1095,433,683,20,2,13,11,206,125,159,9,19,3,323,10,124,7,6,7,928,521,23,248,5,2,6,11,3,13,3,99,7,6,17,9,1330,51,28,52,7,33,28,31,6,119,143,42,1170,1114,11847,25,589,18639,725,29,15,704,1042,56,7,589,681,1284,121,36,596,949,7651,10773,131,1258,489,28,16,46,28
0,0,1,1,0,1,0,1,3,1,0,0,1,0,0,2,0,0,1,5,0,6,2,1,11,20,32,278,4,1,1,13,1,141,0,2,0,4,5,491,0,0,1,118,12,18,31,1,0,0,30,34,12,37,25,6,4,14,8,50,146,40,31,4,78,29,21,4,14,15,78,2747,9,111,12,130,725,43539,2985,8,171,72,319,8,72,7854,244,11,37,92,130,12984,707,17985,1381,99,11,990,173,45
0,4,36,4,3,28,7,1,1,7,0,0,0,9,1,38,0,0,6,3,2,6,0,2,9,1,2,2,4,27,11,2,3,2,48,27,3,2,39,12,8,6,6,8,8,0,1,13,3,3,1065,579,99,442,187,115,3,12,4,8,341,17,9,1,4800,388,351,5,88,7,70,3362,9,27,40,73,29,2985,115603,46,54,123,30828,172,311,250,108,198,277,67,112,310,80,1112,136,54,13290,19871,1797,163
1,4,1,8,0,1,5,13,58,33,16,6,6,9,2,48,7,5,140,8,36,10,1,50,19,8,4,0,9,19,41,4,9,3,31,122,11,3,34,1,16,6,29,5,9,0,5,4,1,2,8,9,39,3,1,4,315,545,1899,100,869,371,1211,729,277,517,7641,2064,896,287,2192,451,69,56,5168,34,15,8,46,10125,80,1769,202,2974,1341,19,280,48,675,142,84,6,57,18,150,12,15,51,249,99
0,0,0,4,0,0,0,4,15,6,2,2,0,11,0,9,0,0,5,21,1,17,60,8,100,376,260,16,1,5,4,189,20,191,1,3,2,80,12,86,1,1,0,556,120,21,169,2,0,4,10,9,5,3,7,5,6,10,9,48,213,15,42,11,196,251,45,20,21,50,205,437,47,232,97,5485,704,171,54,80,17866,2160,427,53,3856,7948,57,22,233,1090,34,220,4107,183,8039,25,14,45,400,236
0,1,0,6,0,0,1,186,571,8,9,18,104,19,2,28,6,2,49,418,8,27,49,31,572,74,140,8,2,7,16,50,122,31,12,33,19,124,3,8,2,2,2,209,256,12,59,1,0,3,18,20,40,5,15,26,1984,1025,582,682,658,573,5868,3465,587,1089,573,1456,280,4948,1380,6673,220,2955,954,964,1042,72,123,1769,2160,31206,965,545,20197,348,165,74,1533,2170,61,50,2432,180,6062,23,35,83,1042,787
5,5,49,23,4,42,20,3,9,12,2,2,1,41,6,124,1,0,31,29,12,24,3,8,83,8,11,0,20,61,35,5,9,4,132,126,15,13,119,5,21,7,24,15,37,0,5,15,6,3,1106,1069,257,613,244,229,24,30,17,28,786,28,58,31,21354,8991,1132,32,344,63,453,835,44,157,198,458,56,319,30828,202,427,965,97987,844,2313,223,405,705,1711,525,424,79,200,130,259,174,2530,10833,23812,1272
4,6,1,9,3,6,10,4,6,9,1,0,2,20,1,51,0,0,23,10,9,6,1,2,13,2,3,1,13,23,25,2,1,1,60,52,10,5,55,0,8,4,8,3,5,0,1,12,1,1,86,57,427,17,30,81,119,119,72,21,852,35,102,76,2678,7280,4950,35,206,162,104,245,19,27,848,21,7,8,172,2974,53,545,844,11315,934,10,139,173,5517,296,133,2,63,8,47,135,105,245,778,579
0,2,0,9,0,1,3,54,119,8,13,31,24,25,12,21,4,2,45,710,7,32,89,23,1235,104,290,6,1,21,17,100,294,36,10,29,8,244,7,4,9,5,9,345,742,15,105,2,0,5,63,44,142,9,18,32,362,1112,631,148,311,171,121,63,3188,3042,1156,62,369,2475,230,1057,53,513,240,3554,589,72,311,1341,3856,20197,2313,934,14193,1013,58,34,1077,4232,27,68,1662,48,745,12,118,115,846,516
0,0,1,1,0,0,1,2,13,1,1,1,0,3,0,3,0,0,1,14,0,29,40,4,55,315,217,158,4,0,1,180,11,956,2,3,3,46,9,1027,1,0,3,903,59,97,328,4,0,0,13,9,5,6,6,3,3,34,9,77,202,38,51,4,117,88,25,15,15,30,123,1454,35,145,30,9413,681,7854,250,19,7948,348,223,10,1013,39959,49,9,73,1065,50,5338,9523,9286,7965,20,13,149,169,93
4,9,1,23,2,7,21,219,1676,68,42,57,99,40,4,91,48,14,290,150,72,41,18,220,527,6,24,8,42,66,99,7,73,7,108,300,152,7,187,7,41,16,54,15,13,4,8,26,3,5,49,18,20,11,174,25,103,335,230,6918,631,171,87,103,181,80,355,283,1402,329,500,181,9353,2157,346,46,1284,244,108,280,57,165,405,139,58,49,5949,2818,310,39,7202,664,418,18,64,1220,48,91,304,140
38,175,43,210,27,106,336,19,50,89,24,8,6,266,25,662,5,3,187,24,54,77,6,68,38,4,13,9,89,234,151,6,18,5,884,491,60,11,552,7,86,35,93,15,23,5,8,289,31,9,635,543,1049,309,2011,2255,3,12,10,185,952,70,18,3,1602,195,5605,14,4216,46,185,240,2268,292,103,15,121,11,198,48,22,74,705,173,34,9,2818,16834,217,112,13616,24,258,7,30,7521,233,176,475,138
0,5,3,8,0,2,5,4,9,13,6,1,0,24,2,72,1,1,38,21,7,14,2,14,21,6,6,4,18,30,27,5,9,1,77,100,13,5,67,1,22,3,12,16,5,0,3,7,1,1,17,54,33,10,41,25,28,19,26,23,672,114,347,93,1464,10797,919,50,204,64,949,504,36,114,4156,122,36,37,277,675,233,1533,1711,5517,1077,73,310,217,29829,114,238,10,104,45,283,93,67,258,2830,17570
1,2,0,13,1,1,8,25,93,11,9,28,27,30,13,35,5,1,39,578,5,56,145,27,1207,351,678,14,2,24,10,250,242,90,16,33,6,445,21,10,4,5,10,717,777,29,258,7,3,15,62,56,254,15,48,73,16,243,86,307,174,82,83,10,1128,564,669,12,263,2563,77,1065,128,1010,25,4448,596,92,67,142,1090,2170,525,296,4232,1065,39,112,114,16958,33,86,8636,53,735,23,56,57,271,90
14,62,21,102,11,34,111,12,30,69,12,6,5,236,27,494,4,3,133,12,37,56,2,72,9,7,9,5,90,247,154,1,15,13,672,381,62,9,519,13,84,24,71,17,8,2,4,140,23,10,118,108,31,1018,1366,165,2,14,9,95,334,37,14,3,370,99,406,9,898,6,147,141,1909,824,108,31,949,130,112,84,34,61,424,133,27,50,7202,13616,238,33,22019,425,590,9,74,15145,189,82,246,84
2,1,4,3,0,2,1,0,6,4,3,2,0,2,0,0,0,0,2,4,0,27,18,4,17,148,181,756,15,3,1,101,2,1350,2,0,10,11,12,3950,7,1,1,974,14,160,226,4,1,0,6,5,5,7,40,2,2,6,3,25,35,8,4,2,42,18,5,1,14,11,27,582,78,906,4,94,7651,12984,310,6,220,50,79,2,68,5338,664,24,10,86,425,42409,12027,2085,952,228,10,124,40,12
0,2,1,17,0,4,2,26,109,18,13,26,14,47,9,32,2,1,33,491,11,141,291,53,1370,1613,1365,102,6,24,17,754,229,1208,14,24,11,593,53,819,13,11,9,2867,913,143,870,25,0,13,34,31,92,9,107,68,8,51,27,361,239,104,96,22,309,170,291,27,346,214,153,3340,755,2896,52,7602,10773,707,80,57,4107,2432,200,63,1662,9523,418,258,104,8636,590,12027,35853,619,5113,317,43,52,197,92
0,0,1,0,0,0,0,1,7,0,2,1,0,0,0,2,2,0,2,3,1,6,5,0,11,29,24,41,0,1,0,15,2,106,0,2,0,7,0,206,1,0,1,79,12,7,32,0,0,0,20,25,4,19,3,6,12,47,9,88,396,162,134,20,31,18,17,26,7,44,224,7662,17,80,26,57,131,17985,1112,18,183,180,130,8,48,9286,18,7,45,53,9,2085,619,21754,10818,6,4,706,148,50
0,0,0,1,0,0,1,12,32,2,5,1,0,4,2,5,0,0,7,40,2,38,84,11,150,488,279,28,2,9,6,253,28,437,2,7,2,123,9,269,1,6,2,842,157,47,299,1,2,4,3,14,12,4,10,7,22,92,44,177,733,229,234,49,78,126,47,133,59,125,662,11058,104,526,202,821,1258,1381,136,150,8039,6062,259,47,745,7965,64,30,283,735,74,952,5113,10818,30290,45,6,100,371,288
57,337,110,332,52,403,718,1,2,13,2,1,2,120,11,374,0,0,17,3,3,19,0,8,14,11,27,5,28,41,31,4,2,5,744,57,70,4,145,13,22,4,14,22,4,2,8,604,21,2,619,303,67,676,8070,566,1,1,1,23,122,3,2,0,451,120,843,1,139,1,5,46,131,354,3,16,489,99,54,12,25,23,174,135,12,20,1220,7521,93,23,15145,228,317,6,45,13143,1001,34,87,25
1,7,31,9,1,48,13,0,2,1,0,1,0,12,6,27,1,0,3,1,0,3,0,0,5,0,3,0,2,25,8,1,1,0,37,14,1,2,17,0,3,1,9,0,4,0,0,12,3,1,11880,634,180,767,5255,215,3,3,3,7,68,6,1,1,15471,171,304,3,24,8,16,78,4,29,4,25,28,11,13290,15,14,35,2530,105,118,13,48,233,67,56,189,10,43,4,6,1001,55182,155,415,21
1,4,21,4,0,13,4,0,1,2,0,3,0,11,1,23,0,0,8,2,1,3,0,2,2,1,0,0,4,12,5,1,1,2,35,30,3,1,28,5,4,0,2,4,1,1,1,5,1,1,447,772,154,364,103,179,8,10,5,13,15860,19,16,5,903,278,383,2,117,12,163,4684,22,14,60,43,16,990,19871,51,45,83,10833,245,115,149,91,176,258,57,82,124,52,706,100,34,155,49627,10710,527
2,4,18,10,2,11,8,2,7,10,5,2,1,14,1,47,1,0,53,14,7,13,1,16,30,7,11,1,17,23,34,5,6,1,60,92,7,9,58,1,18,6,17,13,16,1,3,11,1,3,394,1195,451,244,153,407,23,28,15,35,17854,122,164,41,2041,2267,1281,49,573,55,1713,1315,96,144,374,288,46,173,1797,249,400,1042,23812,778,846,169,304,475,2830,271,246,40,197,148,371,87,415,10710,39591,9517
0,0,0,7,0,0,1,2,3,9,0,3,2,2,1,26,0,1,23,9,4,4,3,6,15,4,0,0,8,6,17,2,2,5,21,44,3,5,20,1,5,0,5,10,6,0,10,4,0,0,20,101,56,12,18,37,3,10,10,16,5395,91,172,30,473,3831,309,37,186,40,3297,363,41,106,3406,143,28,45,163,99,236,787,1272,579,516,93,140,138,17570,90,84,12,92,50,288,25,21,527,9517,16789
