15014,4032,6388,1325,11855,4498,1477,1,0,52,2,0,0,14919,191,178,0,0,2,4,2,362,7,0,2,2,1,29,734,629,3,6,2,1,51,0,26,2,51,0,713,106,59,1,12,30,8,82,2280,3,5,15,4,6,30,17,0,0,0,0,1,0,0,0,4,5,14,0,0,1,1,1,0,0,1,0,0,0,3,1,0,1,7,16,0,0,2,14,3,0,7,0,1,0,0,29,0,0,3,0
4032,28702,9393,17604,701,1197,489,3,1,149,6,4,1,3487,780,198,1,0,2,3,5,505,4,0,0,0,3,21,325,605,12,5,8,4,157,7,45,1,35,0,781,273,65,2,10,21,2,111,325,12,10,111,31,50,163,105,0,0,0,0,3,1,1,0,27,17,37,0,0,2,0,8,0,2,5,1,1,2,11,2,0,3,16,47,1,0,5,58,23,0,14,0,1,0,0,122,7,3,8,3
6388,9393,22681,4900,5077,7791,10390,1,1,103,5,3,0,360,70,140,0,0,2,4,7,436,6,0,3,0,1,21,246,435,5,1,6,0,172,3,43,1,233,0,705,224,38,4,2,27,2,671,241,12,222,2092,71,1442,622,897,1,0,0,0,12,0,0,0,57,19,63,0,1,3,0,20,0,1,3,1,0,0,24,2,0,3,50,66,0,0,13,88,20,0,25,0,0,0,0,348,12,22,23,5
1325,17604,4900,48469,619,1146,8218,24,6,752,49,8,11,4812,10278,7251,6,6,19,69,38,1093,26,4,25,27,21,37,403,674,97,80,42,33,466,46,199,18,129,3,1182,668,848,19,133,22,19,880,471,52,40,328,77,142,533,267,0,0,5,1,17,2,1,0,95,41,133,2,7,6,3,19,3,16,13,4,7,0,23,11,0,5,45,144,10,1,26,200,61,13,50,0,12,0,0,472,14,11,28,6
11855,701,5077,619,30031,24567,4483,0,0,32,3,0,0,6988,50,122,0,0,0,5,3,75,0,2,3,2,3,4,382,203,5,3,1,1,87,4,38,0,157,2,155,41,48,3,8,8,2,341,4723,4,1,20,8,13,39,28,0,0,0,0,1,0,0,0,7,2,13,0,0,1,0,1,0,0,1,0,1,0,4,1,0,1,3,15,1,0,7,14,6,1,9,0,0,0,0,39,1,3,1,2
4498,1197,7791,1146,24567,20013,18866,1,3,29,4,0,0,382,72,307,2,0,1,2,2,83,0,15,11,2,14,16,146,103,10,2,2,1,436,8,105,0,1255,6,160,31,48,20,1,10,1,4304,2896,4,160,211,22,2056,547,160,0,1,0,0,1,0,0,0,11,10,25,0,0,0,0,5,0,3,2,0,0,0,9,0,0,1,14,24,1,1,11,35,4,2,8,1,1,0,0,191,9,2,8,0
1477,489,10390,8218,4483,18866,28997,5,10,281,40,8,7,248,151,2565,7,2,29,41,50,217,8,37,56,10,12,12,58,105,53,18,28,11,5294,131,338,11,1380,0,208,124,200,24,20,2,6,6213,175,20,41,493,117,538,836,1278,1,2,4,8,21,1,2,0,102,69,200,2,6,10,1,29,3,12,18,1,6,0,31,13,0,10,56,149,1,0,53,226,64,8,61,0,2,0,2,766,20,13,33,16
1,3,1,24,0,1,5,21083,2635,106,1263,992,7609,53,68,525,2225,6169,1732,5672,541,2243,573,72,194,52,135,20,42,45,1568,126,790,22,23,55,1617,219,23,8,21,75,337,137,1199,110,127,0,2,67,1,0,0,0,0,3,431,405,104,700,39,41,65,206,2,0,35,95,84,853,58,79,60,363,20,8,19,1,1,20,5,366,4,10,145,2,443,24,7,70,5,0,25,0,6,2,0,1,4,8
0,1,1,6,0,3,10,2635,41973,150,459,1051,1040,6,11,280,1130,238,5461,1492,496,929,263,14006,7575,44,2287,18,13,17,102,84,274,44,127,789,12648,78,197,33,23,54,106,404,94,50,58,79,4,20,0,2,2,2,0,3,591,685,77,1158,37,56,53,289,0,1,39,122,104,656,80,65,66,272,20,19,40,1,2,23,5,219,2,6,103,11,719,16,8,65,8,2,50,1,4,1,0,0,6,7
52,149,103,752,32,29,281,106,150,31881,4041,2967,326,284,586,1255,294,51,401,82,3086,7737,600,48,61,26,47,32,566,222,314,163,474,17,502,469,768,74,482,1,16278,8671,3520,142,81,132,415,168,24,5956,3,0,7,1,6,11,7,38,58,62,55,24,10,8,7,12,115,39,104,17,41,19,45,12,45,4,7,1,2,49,5,11,5,36,13,1,110,126,45,11,39,3,7,0,2,4,2,9,17,15
2,6,5,49,3,4,40,1263,459,4041,5768,11265,692,38,53,898,995,172,727,154,2071,4899,1553,47,58,12,30,12,45,33,241,31,229,6,163,319,437,39,157,1,83,107,285,77,39,146,128,42,8,25,1,0,1,1,0,1,23,37,37,83,21,20,4,12,2,2,25,26,41,21,20,13,28,15,19,1,5,0,4,12,4,15,2,7,8,1,75,32,17,9,9,0,3,0,1,2,0,0,4,3
0,4,3,8,0,0,8,992,1051,2967,11265,30314,8515,13,14,137,5135,285,500,418,5019,2169,4050,59,348,27,97,14,22,76,103,67,5667,14,41,117,482,133,37,1,84,296,139,186,137,149,324,1,3,52,0,0,0,1,0,0,23,60,37,135,10,13,14,19,0,1,12,34,38,49,22,18,17,51,6,6,17,0,1,10,0,27,0,2,25,3,96,9,3,30,1,0,22,0,5,3,0,1,1,5
0,1,0,11,0,0,7,7609,1040,326,692,8515,22558,84,125,141,6515,1001,153,1210,786,728,565,12,262,18,236,10,23,153,869,292,4217,10,11,36,701,75,13,0,58,211,411,95,313,50,186,6,2,222,0,0,1,1,0,1,116,84,6,162,5,9,24,65,0,2,11,8,20,395,4,29,14,278,3,7,6,0,1,12,1,128,3,2,121,2,104,11,2,42,5,0,8,0,2,0,0,1,2,1
14919,3487,360,4812,6988,382,248,53,6,284,38,13,84,64959,11954,914,13,21,14,118,44,480,34,0,16,16,20,55,5684,25424,111,176,222,14,455,31,180,18,142,2,1164,499,1477,21,385,48,40,176,16948,626,7,71,32,24,61,76,1,2,2,2,7,1,2,0,38,32,104,1,6,15,6,9,5,20,24,1,7,0,12,17,2,14,39,138,16,0,18,140,60,17,54,1,6,0,0,95,7,7,10,8
191,780,70,10278,50,72,151,68,11,586,53,14,125,11954,17117,1201,35,51,17,186,63,570,36,2,10,33,24,29,483,2655,425,209,251,24,285,22,165,24,83,1,1025,1278,10948,17,480,18,28,120,249,5428,7,45,36,24,51,51,1,0,2,1,6,2,1,0,28,32,92,3,10,7,2,15,5,27,18,10,12,0,12,11,2,12,28,88,10,0,25,114,36,19,50,1,19,0,1,67,8,1,16,7
178,198,140,7251,122,307,2565,525,280,1255,898,137,141,914,1201,31430,385,687,5314,619,734,765,88,58,183,102,44,52,119,339,10691,170,175,88,2518,2100,1031,116,534,5,429,380,7782,69,341,26,66,829,138,75,31,91,71,32,116,145,21,36,81,53,116,25,11,10,79,81,432,29,175,69,50,63,60,43,149,10,14,0,41,115,7,44,82,236,43,6,199,557,260,43,236,0,27,2,5,167,13,19,90,64
0,1,0,6,0,2,7,2225,1130,294,995,5135,6515,13,35,385,11290,3634,696,95,6109,350,405,52,72,6,13,2,12,60,2865,57,922,1,28,104,374,19,43,0,39,153,205,33,55,18,114,0,0,106,0,1,1,0,0,3,41,95,37,142,25,17,8,32,1,0,26,31,41,27,21,17,20,10,13,0,2,0,0,7,2,9,0,0,12,0,105,11,3,7,7,1,6,0,1,0,0,1,1,6
0,0,0,6,0,0,2,6169,238,51,172,285,1001,21,51,687,3634,3289,623,170,1076,204,81,27,29,3,6,1,8,47,4395,68,488,3,21,77,259,21,47,2,15,82,291,20,115,10,30,2,0,122,0,1,0,0,0,3,27,93,68,159,27,27,16,22,2,2,25,40,73,19,49,21,22,10,24,2,1,0,2,25,2,16,5,3,6,1,85,30,3,3,10,0,8,0,1,0,1,3,5,4
2,2,2,19,0,1,29,1732,5461,401,727,500,153,14,17,5314,696,623,12194,998,1522,487,127,686,700,22,82,9,7,43,1782,40,150,21,284,2092,1643,71,228,15,55,66,337,117,70,13,44,29,1,29,1,2,11,3,5,15,38,130,149,205,135,58,13,30,9,17,197,96,256,50,113,61,105,33,120,9,4,1,7,91,8,46,35,30,37,6,260,185,54,26,71,1,18,3,4,6,1,12,50,37
4,3,4,69,5,2,41,5672,1492,82,154,418,1210,118,186,619,95,170,998,20156,104,730,629,62,1786,222,721,45,39,175,593,661,3833,88,111,298,509,3406,43,3,46,108,731,769,3766,75,237,21,10,120,1,1,14,0,1,5,72,36,7,100,5,9,51,39,12,26,32,5,29,832,4,158,40,1449,26,32,89,1,5,26,13,597,19,8,831,15,82,19,30,285,12,4,103,1,13,2,0,4,17,7
2,5,7,38,3,2,50,541,496,3086,2071,5019,786,44,63,734,6109,1076,1522,104,23965,576,549,96,106,11,38,11,41,294,1299,165,881,7,200,597,1279,66,385,1,389,1758,7244,104,59,42,262,37,4,1775,0,0,3,0,2,4,20,71,109,167,69,36,11,7,6,3,140,67,164,34,66,37,67,24,53,4,5,0,2,47,2,27,6,18,13,4,194,100,15,20,35,0,12,0,6,0,1,2,22,13
362,505,436,1093,75,83,217,2243,929,7737,4899,2169,728,480,570,765,350,204,487,730,576,19320,6767,38,324,269,186,1176,6466,441,232,288,645,162,240,199,394,318,200,51,14142,1266,1099,1027,205,7265,885,82,61,278,3,7,10,3,5,9,25,34,22,59,24,6,6,13,3,14,60,12,38,68,18,21,15,62,21,18,22,0,7,11,7,40,7,31,41,9,53,87,54,26,35,12,44,0,3,9,2,2,11,6
7,4,6,26,0,0,8,573,263,600,1553,4050,565,34,36,88,405,81,127,629,549,6767,15153,42,775,629,624,209,218,128,69,583,6608,194,33,52,90,1317,52,54,144,263,142,2699,713,6936,8244,23,2,39,0,0,0,0,0,3,5,11,3,15,5,1,7,6,0,1,8,1,4,24,1,22,4,110,4,63,102,0,0,8,25,70,1,0,72,34,14,1,4,213,2,18,223,0,7,1,0,1,2,0
0,0,0,4,2,15,37,72,14006,48,47,59,12,0,2,58,52,27,686,62,96,38,42,8543,1887,23,1712,42,1,5,39,56,54,43,524,6903,5305,39,6517,265,3,13,28,555,16,6,19,224,10,3,0,1,3,0,6,2,4,21,20,56,11,6,4,0,3,2,21,17,29,16,12,6,16,36,10,7,21,0,1,8,0,9,3,0,11,4,71,17,2,24,5,2,23,0,2,3,0,2,3,5
2,0,3,25,3,11,56,194,7575,61,58,348,262,16,10,183,72,29,700,1786,106,324,775,1887,9741,106,13579,42,17,53,60,394,1808,106,266,966,1398,380,451,47,27,78,129,3144,277,55,238,170,9,34,1,2,14,1,3,9,21,25,6,62,11,12,43,21,15,24,31,5,29,382,10,223,56,1529,20,181,625,3,5,38,63,576,19,19,685,57,42,22,29,787,7,22,544,0,24,5,2,1,16,12
2,0,0,27,2,2,10,52,44,26,12,27,18,16,33,102,6,3,22,222,11,269,629,23,106,23728,228,93,14,29,57,12129,155,5459,28,38,25,6554,45,39,10,25,163,5028,2615,196,1548,28,3,9,0,0,0,0,2,0,1,1,0,3,1,2,1,1,1,4,1,0,1,3,2,12,6,83,3,270,214,9,0,1,118,17,0,0,25,84,1,1,1,389,3,140,1122,1,38,0,0,0,1,0
1,3,1,21,3,14,12,135,2287,47,30,97,236,20,24,44,13,6,82,721,38,186,624,1712,13579,228,27620,1318,9,26,25,557,725,402,68,162,1707,531,1647,7779,24,41,71,12520,436,115,371,506,14,16,0,2,1,3,6,1,4,1,0,9,4,0,4,4,3,3,9,1,4,33,1,54,14,351,4,247,481,25,1,2,95,62,3,2,111,119,7,3,2,614,4,252,1030,3,39,6,0,1,5,4
29,21,21,37,4,16,12,20,18,32,12,14,10,55,29,52,2,1,9,45,11,1176,209,42,42,93,1318,63070,1033,183,18,361,76,8866,19,16,294,204,322,13324,515,65,94,1302,252,25380,5480,89,12,14,0,0,0,0,0,1,0,1,0,0,2,0,0,0,1,0,1,1,2,0,0,1,1,8,1,14,25,60,1,0,17,2,0,3,0,103,2,3,1,15,6,377,78,5,12,2,0,0,0,0
734,325,246,403,382,146,58,42,13,566,45,22,23,5684,483,119,12,8,7,39,41,6466,218,1,17,14,9,1033,79182,11927,28,74,73,36,80,11,80,22,51,22,21117,510,240,62,65,1046,97,78,6657,78,0,5,3,0,2,7,1,3,1,0,7,0,1,0,6,8,20,1,5,5,1,2,3,8,9,2,4,1,1,4,0,1,14,27,4,0,11,47,23,4,27,2,2,0,0,11,1,0,1,6
629,605,435,674,203,103,105,45,17,222,33,76,153,25424,2655,339,60,47,43,175,294,441,128,5,53,29,26,183,11927,57608,150,429,700,19,289,76,292,36,172,7,9076,7167,1472,55,475,129,233,110,2633,1216,7,12,19,4,12,28,0,7,6,3,22,1,3,0,23,17,119,2,20,14,3,18,7,34,39,5,11,0,19,9,2,18,27,76,26,4,38,122,87,22,75,2,15,1,2,19,3,10,23,21
3,12,5,97,5,10,53,1568,102,314,241,103,869,111,425,10691,2865,4395,1782,593,1299,232,69,39,60,57,25,18,28,150,19258,195,342,52,284,351,860,82,331,0,132,179,12607,39,699,9,42,121,11,253,4,10,25,4,8,30,31,51,115,70,94,24,8,14,21,16,223,40,150,43,37,38,54,34,89,4,20,1,9,86,7,29,23,81,30,9,158,238,74,32,99,1,27,1,4,11,1,8,36,34
6,5,1,80,3,2,18,126,84,163,31,67,292,176,209,170,57,68,40,661,165,288,583,56,394,12129,557,361,74,429,195,32518,5949,3255,50,75,61,3184,58,78,131,441,506,5188,7389,284,15463,26,8,244,0,0,1,0,0,0,2,8,0,2,4,0,2,3,0,1,6,0,2,12,2,45,6,127,5,239,198,9,0,2,106,40,1,2,55,158,9,9,2,341,4,166,735,4,49,1,0,0,5,0
2,8,6,42,1,2,28,790,274,474,229,5667,4217,222,251,175,922,488,150,3833,881,645,6608,54,1808,155,725,76,73,700,342,5949,27274,63,64,108,209,1474,41,9,235,973,682,1630,7956,264,3446,20,7,569,0,0,5,0,1,1,13,30,6,32,15,4,12,9,3,5,16,7,18,185,5,81,11,459,7,93,148,1,1,13,25,210,0,6,274,37,28,14,16,309,5,7,198,3,13,1,0,0,10,4
1,4,0,33,1,1,11,22,44,17,6,14,10,14,24,88,1,3,21,88,7,162,194,43,106,5459,402,8866,36,19,52,3255,63,18713,37,42,93,1340,140,3001,28,17,164,8519,569,2684,8606,50,0,8,0,0,0,0,0,0,0,0,0,1,1,0,0,0,0,0,1,1,0,1,0,13,4,21,1,69,75,74,1,1,75,8,0,0,6,536,4,1,0,41,3,702,405,16,99,1,0,0,1,1
51,157,172,466,87,436,5294,23,127,502,163,41,11,455,285,2518,28,21,284,111,200,240,33,524,266,28,68,19,80,289,284,50,64,37,9946,3902,1845,33,6646,11,228,181,1091,136,38,13,13,6623,150,49,23,111,66,55,189,149,2,16,34,18,68,10,4,3,71,69,393,7,68,14,24,61,28,22,87,8,9,1,34,65,3,12,87,327,13,2,132,458,263,23,235,0,12,1,3,269,17,27,65,33
0,7,3,46,4,8,131,55,789,469,319,117,36,31,22,2100,104,77,2092,298,597,199,52,6903,966,38,162,16,11,76,351,75,108,42,3902,13903,4638,70,6217,14,113,100,649,261,19,7,18,180,9,28,6,3,22,2,3,29,27,59,117,112,112,33,9,9,24,27,377,45,186,33,65,59,88,50,136,8,17,0,14,121,8,30,36,109,31,2,324,396,125,41,166,1,23,1,7,17,4,20,66,38
26,45,43,199,38,105,338,1617,12648,768,437,482,701,180,165,1031,374,259,1643,509,1279,394,90,5305,1398,25,1707,294,80,292,860,61,209,93,1845,4638,5881,22,9215,845,307,356,1786,552,37,23,55,1350,45,111,3,11,13,7,33,14,112,168,45,310,29,20,26,65,12,18,99,49,82,87,50,24,33,61,35,8,5,1,7,21,5,48,16,59,26,3,446,163,116,10,68,10,8,0,2,47,2,1,15,19
2,1,1,18,0,0,11,219,78,74,39,133,75,18,24,116,19,21,71,3406,66,318,1317,39,380,6554,531,204,22,36,82,3184,1474,1340,33,70,22,21551,72,33,34,58,185,9093,3869,152,931,45,3,19,0,2,3,3,1,2,0,5,4,5,3,2,17,2,1,4,10,4,12,92,3,172,17,561,11,355,467,11,2,9,96,217,10,1,296,96,7,6,10,997,5,66,1160,2,40,2,1,1,5,7
51,35,233,129,157,1255,1380,23,197,482,157,37,13,142,83,534,43,47,228,43,385,200,52,6517,451,45,1647,322,51,172,331,58,41,140,6646,6217,9215,72,32754,1275,186,205,777,1479,12,22,50,6500,146,37,8,22,27,12,35,32,0,5,23,14,61,10,5,1,24,34,355,5,60,12,15,32,19,14,77,7,16,3,20,74,1,12,54,182,10,14,125,318,135,42,209,14,31,0,3,59,4,21,60,21
0,0,0,3,2,6,0,8,33,1,1,1,0,2,1,5,0,2,15,3,1,51,54,265,47,39,7779,13324,22,7,0,78,9,3001,11,14,845,33,1275,27448,10,1,13,8597,13,695,603,289,10,1,0,2,1,0,2,0,0,0,0,0,0,0,0,0,0,0,0,0,0,0,0,6,2,18,0,48,101,196,0,0,80,2,1,1,1,635,8,2,0,14,4,1535,392,24,76,1,0,0,0,1
713,781,705,1182,155,160,208,21,23,16278,83,84,58,1164,1025,429,39,15,55,46,389,14142,144,3,27,10,24,515,21117,9076,132,131,235,28,228,113,307,34,186,10,66585,16569,1459,74,111,396,149,83,182,1010,1,9,7,5,7,17,5,8,18,4,25,1,1,1,8,14,88,3,27,5,4,14,11,8,35,0,3,0,6,28,1,8,13,55,10,0,29,98,64,3,70,0,7,0,0,13,1,3,17,9
106,273,224,668,41,31,124,75,54,8671,107,296,211,499,1278,380,153,82,66,108,1758,1266,263,13,78,25,41,65,510,7167,179,441,973,17,181,100,356,58,205,1,16569,28337,4087,102,235,109,350,49,31,11813,2,1,4,1,1,7,4,9,26,11,27,4,1,2,4,8,84,8,34,12,10,10,18,30,30,6,7,0,2,24,3,11,6,18,13,1,42,81,26,10,29,1,7,0,1,5,1,3,10,9
59,65,38,848,48,48,200,337,106,3520,285,139,411,1477,10948,7782,205,291,337,731,7244,1099,142,28,129,163,71,94,240,1472,12607,506,682,164,1091,649,1786,185,777,13,1459,4087,47071,114,1437,27,182,522,116,9571,19,61,56,21,39,92,14,16,46,32,94,11,5,8,65,70,502,18,120,60,21,64,56,88,126,13,36,1,40,107,10,50,87,303,48,6,221,495,227,91,268,1,43,0,5,90,13,12,72,45
1,2,4,19,3,20,24,137,404,142,77,186,95,21,17,69,33,20,117,769,104,1027,2699,555,3144,5028,12520,1302,62,55,39,5188,1630,8519,136,261,552,9093,1479,8597,74,102,114,44888,531,1343,3493,660,24,23,0,3,1,1,5,1,3,7,1,9,5,2,7,2,1,4,6,4,2,24,5,127,17,523,5,989,917,92,0,3,470,140,2,4,148,892,9,12,4,919,15,1242,3519,14,262,8,0,0,7,4
12,10,2,133,8,1,20,1199,94,81,39,137,313,385,480,341,55,115,70,3766,59,205,713,16,277,2615,436,252,65,475,699,7389,7956,569,38,19,37,3869,12,13,111,235,1437,531,12944,65,707,5,11,330,1,3,9,0,1,2,6,9,2,28,6,4,21,9,5,14,25,7,11,146,5,210,30,814,23,240,354,3,3,25,71,374,17,8,425,85,16,11,20,790,4,34,560,0,43,1,1,1,10,4
30,21,27,22,8,10,2,110,50,132,146,149,50,48,18,26,18,10,13,75,42,7265,6936,6,55,196,115,25380,1046,129,9,284,264,2684,13,7,23,152,22,695,396,109,27,1343,65,14874,11142,4,1,10,0,1,0,0,0,0,1,1,0,2,0,1,0,1,0,1,3,0,0,4,1,4,0,6,0,5,8,5,0,3,8,4,0,0,4,22,4,5,2,12,4,32,45,0,3,0,0,0,0,1
8,2,2,19,2,1,6,127,58,415,128,324,186,40,28,66,114,30,44,237,262,885,8244,19,238,1548,371,5480,97,233,42,15463,3446,8606,13,18,55,931,50,603,149,350,182,3493,707,11142,36939,21,3,79,0,0,0,0,0,0,2,3,2,3,1,0,0,0,0,3,1,2,1,10,0,12,1,38,0,91,77,22,0,2,42,11,0,0,21,164,9,0,1,144,1,200,329,1,37,1,0,0,0,0
82,111,671,880,341,4304,6213,0,79,168,42,1,6,176,120,829,0,2,29,21,37,82,23,224,170,28,506,89,78,110,121,26,20,50,6623,180,1350,45,6500,289,83,49,522,660,5,4,21,10141,880,11,12,349,66,239,929,327,1,1,4,2,15,2,0,1,54,31,137,1,13,2,0,13,3,9,21,2,6,2,15,11,1,5,40,95,2,2,43,132,31,9,61,3,16,0,1,603,9,9,19,3
2280,325,241,471,4723,2896,175,2,4,24,8,3,2,16948,249,138,0,0,1,10,4,61,2,10,9,3,14,12,6657,2633,11,8,7,0,150,9,45,3,146,10,182,31,116,24,11,1,3,880,21071,4,3,8,1,4,7,8,0,0,0,0,3,0,0,0,11,2,7,0,0,2,2,3,0,1,0,0,0,0,0,2,0,1,6,10,0,0,3,18,10,1,8,0,2,0,0,8,1,0,1,1
3,12,12,52,4,4,20,67,20,5956,25,52,222,626,5428,75,106,122,29,120,1775,278,39,3,34,9,16,14,78,1216,253,244,569,8,49,28,111,19,37,1,1010,11813,9571,23,330,10,79,11,4,17266,0,4,2,0,0,1,1,1,4,1,8,1,1,0,2,4,26,2,9,7,1,5,5,25,8,2,5,0,2,6,0,10,1,7,17,0,9,23,5,7,11,0,6,0,1,2,0,0,2,4
5,10,222,40,1,160,41,1,0,3,1,0,0,7,7,31,0,0,1,1,0,3,0,0,1,0,0,0,0,7,4,0,0,0,23,6,3,0,8,0,1,2,19,0,1,0,0,12,3,0,62072,14490,1000,14087,9766,738,1,1,2,2,90,1,1,1,19299,118,159,1,5,10,2,351,3,6,7,6,5,9,3017,15,0,7,1465,43,7,7,70,168,39,14,65,1,4,10,2,150,12219,288,266,15
15,111,2092,328,20,211,493,0,2,0,0,0,0,71,45,91,1,1,2,1,0,7,0,1,2,0,2,0,5,12,10,0,0,0,111,3,11,2,22,2,9,1,61,3,3,1,0,349,8,4,14490,65749,5872,14028,1675,7563,0,4,1,1,404,14,1,0,11278,175,164,1,5,7,6,1151,5,5,9,0,2,13,1342,12,6,10,1870,18,8,9,108,365,36,9,82,1,2,6,4,413,958,773,1095,56
4,31,71,77,8,22,117,0,2,7,1,0,1,32,36,71,1,0,11,14,3,10,0,3,14,0,1,0,3,19,25,1,5,0,66,22,13,3,27,1,7,4,56,1,9,0,0,66,1,2,1000,5872,34138,268,863,11588,11,28,43,9,776,24,5,4,7102,9215,6466,14,38,120,33,449,12,48,78,5,12,2,453,273,11,66,788,429,78,13,153,384,215,106,83,2,18,3,4,242,372,348,983,228
6,50,1442,142,13,2056,538,0,2,1,1,1,1,24,24,32,0,0,3,0,0,3,0,0,1,0,3,0,0,4,4,0,0,0,55,2,7,3,12,0,5,1,21,1,0,0,0,239,4,0,14087,14028,268,36475,22483,19150,0,1,2,1,129,5,1,0,541,25,56,1,3,6,4,284,0,5,13,1,0,5,440,4,4,1,639,15,4,1,32,142,17,4,303,0,3,4,0,1494,371,242,257,37
30,163,622,533,39,547,836,0,0,6,0,0,0,61,51,116,0,0,5,1,2,5,0,6,3,2,6,0,2,12,8,0,1,0,189,3,33,1,35,2,7,1,39,5,1,0,0,929,7,0,9766,1675,863,22483,23261,9874,0,1,5,1,188,12,1,1,386,124,165,2,9,6,10,88,45,45,40,1,45,9,99,6,4,6,90,42,5,3,109,1094,59,7,1019,31,48,2,1,5725,5617,35,100,67
17,105,897,267,28,160,1278,3,3,11,1,0,1,76,51,145,3,3,15,5,4,9,3,2,9,0,1,1,7,28,30,0,1,0,149,29,14,2,32,0,17,7,92,1,2,0,0,327,8,1,738,7563,11588,19150,9874,31756,4,17,18,15,1076,27,7,2,816,144,1770,10,56,80,56,676,87,82,135,9,17,1,173,61,12,41,317,112,31,8,303,4836,271,46,367,3,18,2,9,1430,108,308,810,323
0,0,1,0,0,0,1,431,591,7,23,23,116,1,1,21,41,27,38,72,20,25,5,4,21,1,4,0,1,0,31,2,13,0,2,27,112,0,0,0,5,4,14,3,6,1,2,1,0,1,1,0,11,0,0,4,5230,9018,647,684,17,127,177,7180,19,64,134,1425,74,5252,62,198,93,185,80,23,6,0,7,859,25,2099,29,58,302,7,1208,10,77,40,3,0,14,1,18,1,3,5,17,13
0,0,0,0,0,1,2,405,685,38,37,60,84,2,0,36,95,93,130,36,71,34,11,21,25,1,1,1,3,7,51,8,30,0,16,59,168,5,5,0,8,9,16,7,9,1,3,1,0,1,1,4,28,1,1,17,9018,31279,3585,5422,268,1008,1009,3480,21,59,467,8381,366,4298,592,1468,228,392,156,50,28,5,15,1748,80,877,21,94,524,36,1637,40,70,147,10,6,83,24,91,1,5,6,26,24
0,0,0,5,0,0,4,104,77,58,37,37,6,2,2,81,37,68,149,7,109,22,3,20,6,0,0,0,1,6,115,0,6,0,34,117,45,4,23,0,18,26,46,1,2,0,2,4,0,4,2,1,43,2,5,18,647,3585,5999,2360,506,595,161,335,17,41,1152,2972,2800,429,409,536,95,87,577,26,8,2,11,4559,65,277,13,129,234,11,358,77,59,41,78,1,13,1,24,2,4,8,33,21
0,0,0,1,0,0,8,700,1158,62,83,135,162,2,1,53,142,159,205,100,167,59,15,56,62,3,9,0,0,3,70,2,32,1,18,112,310,5,14,0,4,11,32,9,28,2,3,2,0,1,2,1,9,1,1,15,684,5422,2360,43873,226,764,947,1502,5,7,532,1522,6610,5202,656,1230,13657,6505,131,17,253,4,8,89,20,582,7,17,89,16,8484,220,31,75,44,23,129,16,49,12,2,2,27,27
1,3,12,17,1,1,21,39,37,55,21,10,5,7,6,116,25,27,135,5,69,24,5,11,11,1,4,2,7,22,94,4,15,1,68,112,29,3,61,0,25,27,94,5,6,0,1,15,3,8,90,404,776,129,188,1076,17,268,506,226,27018,5012,2242,68,357,498,1946,325,572,78,4423,2795,282,73,904,57,31,32,415,339,118,158,126,473,60,82,559,1168,816,110,404,15,172,35,165,94,30,20947,20286,9681
0,1,0,2,0,0,1,41,56,24,20,13,9,1,2,25,17,27,58,9,36,6,1,6,12,2,0,0,0,1,24,0,4,0,10,33,20,2,10,0,1,4,11,2,4,1,0,2,0,1,1,14,24,5,12,27,127,1008,595,764,5012,6278,8345,395,5,10,423,1080,450,204,8025,6368,160,100,952,18,14,7,9,174,34,338,11,28,24,11,222,142,102,51,57,4,78,40,69,8,1,33,193,437
0,1,0,1,0,0,2,65,53,10,4,14,24,2,1,11,8,16,13,51,11,6,7,4,43,1,4,0,1,3,8,2,12,0,4,9,26,17,5,0,1,1,5,7,21,0,0,0,0,1,1,1,5,1,1,7,177,1009,161,947,2242,8345,23890,6277,2,8,141,9270,162,1264,8309,10323,117,941,988,33,101,19,6,297,60,4024,11,27,98,24,184,50,126,129,18,10,168,93,248,0,1,9,105,153
0,0,0,0,0,0,0,206,289,8,12,19,65,0,0,10,32,22,30,39,7,13,6,0,21,1,4,0,0,0,14,3,9,0,3,9,65,2,1,0,1,2,8,2,9,1,0,1,0,0,1,0,4,0,1,2,7180,3480,335,1502,68,395,6277,17243,12,30,109,10859,124,1607,741,670,105,411,235,41,14,6,3,500,62,5011,16,32,411,17,592,17,62,35,6,1,31,12,63,0,1,4,36,26
4,27,57,95,7,11,102,2,0,7,2,0,0,38,28,79,1,2,9,12,6,3,0,3,15,1,3,1,6,23,21,0,3,0,71,24,12,1,24,0,8,4,65,1,5,0,0,54,11,2,19299,11278,7102,541,386,816,19,21,17,5,357,5,2,12,51121,7782,515,13,22,60,6,369,9,22,42,53,14,12,6229,240,56,63,15501,542,115,69,188,446,609,115,135,7,20,8,7,237,13184,279,1451,183
5,17,19,41,2,10,69,0,1,12,2,1,2,32,32,81,0,2,17,26,3,14,1,2,24,4,3,0,8,17,16,1,5,0,69,27,18,4,34,0,14,8,70,4,14,1,3,31,2,4,118,175,9215,25,124,144,64,59,41,7,498,10,8,30,7782,22802,1837,61,24,132,32,339,9,40,171,121,17,14,648,501,129,178,4342,4404,261,138,154,300,9598,157,178,12,28,4,35,142,214,262,3372,1781
14,37,63,133,13,25,200,35,39,115,25,12,11,104,92,432,26,25,197,32,140,60,8,21,31,1,9,1,20,119,223,6,16,1,393,377,99,10,355,0,88,84,502,6,25,3,1,137,7,26,159,164,6466,56,165,1770,134,467,1152,532,1946,423,141,109,515,1837,26103,627,5012,1054,591,800,353,533,1799,42,69,6,190,5235,59,330,386,8751,311,32,1022,8584,1086,232,832,9,68,8,50,603,78,230,935,559
0,0,0,2,0,0,2,95,122,39,26,34,8,1,3,29,31,40,96,5,67,12,1,17,5,0,1,1,1,2,40,0,7,1,7,45,49,4,5,0,3,8,18,4,7,0,2,1,0,2,1,1,14,1,2,10,1425,8381,2972,1522,325,1080,9270,10859,13,61,627,14837,578,177,8205,1136,169,105,2779,13,19,12,19,6427,53,1169,32,96,145,19,287,97,310,49,39,3,37,19,101,3,2,6,118,140
0,0,1,7,0,0,6,84,104,104,41,38,20,6,10,175,41,73,256,29,164,38,4,29,29,1,4,2,5,20,150,2,18,0,68,186,82,12,60,0,27,34,120,2,11,0,1,13,0,9,5,5,38,3,9,56,74,366,2800,6610,572,450,162,124,22,24,5012,578,10597,666,682,374,5571,618,625,20,83,2,16,1061,33,159,68,88,92,12,1478,4979,102,58,679,10,52,3,31,13,6,20,152,125
1,2,3,6,1,0,10,853,656,17,21,49,395,15,7,69,27,19,50,832,34,68,24,16,382,3,33,0,5,14,43,12,185,1,14,33,87,92,12,0,5,12,60,24,146,4,10,2,2,7,10,7,120,6,6,80,5252,4298,429,5202,78,204,1264,1607,60,132,1054,177,666,17627,78,1379,226,6626,145,196,180,13,27,683,253,6833,53,213,3134,142,1548,243,125,2704,41,20,375,15,101,12,9,8,57,26
1,0,0,3,0,0,1,58,80,41,20,22,4,6,2,50,21,49,113,4,66,18,1,12,10,2,1,0,1,3,37,2,5,0,24,65,50,3,15,0,4,10,21,5,5,1,0,0,2,1,2,6,33,4,10,56,62,592,409,656,4423,8025,8309,741,6,32,591,8205,682,78,19208,2180,386,86,13726,39,27,39,11,652,140,362,34,66,43,64,509,383,414,86,129,12,173,37,214,11,1,35,581,4252
1,8,20,19,1,5,29,79,65,19,13,18,29,9,15,63,17,21,61,158,37,21,22,6,223,12,54,1,2,18,38,45,81,13,61,59,24,172,32,6,14,10,64,127,210,4,12,13,3,5,351,1151,449,284,88,676,198,1468,536,1230,2795,6368,10323,670,369,339,800,1136,374,1379,2180,55540,213,2534,1244,598,756,1776,3399,360,567,6090,876,270,446,513,287,473,445,1438,149,377,2924,10654,7301,55,67,2606,1180,341
0,0,0,3,0,0,3,60,66,45,28,17,14,5,5,60,20,22,105,40,67,15,4,16,56,6,14,1,3,7,54,6,11,4,28,88,33,17,19,2,11,18,56,17,30,0,1,3,0,5,3,5,12,0,45,87,93,228,95,13657,282,160,117,105,9,9,353,169,5571,226,386,213,12798,2969,186,27,715,22,11,61,32,183,27,17,49,27,8781,3407,44,85,2276,211,452,2,16,252,44,12,86,61
0,2,1,16,0,3,12,363,272,12,15,51,278,20,27,43,10,10,33,1449,24,62,110,36,1529,83,351,8,8,34,34,127,459,21,22,50,61,561,14,18,8,30,88,523,814,6,38,9,1,25,6,5,48,5,45,82,185,392,87,6505,73,100,941,411,22,40,533,105,618,6626,86,2534,2969,21032,130,289,13785,53,16,114,251,5424,39,72,1696,228,3553,352,89,1677,575,1436,4158,30,204,156,27,5,63,57
1,5,3,13,1,2,18,20,20,45,19,6,3,24,18,149,13,24,120,26,53,21,4,10,20,3,4,1,9,39,89,5,7,1,87,136,35,11,77,0,35,30,126,5,23,0,0,21,0,8,7,9,78,13,40,135,80,156,577,131,904,952,988,235,42,171,1799,2779,625,145,13726,1244,186,130,24079,117,44,33,53,12651,319,1221,159,938,268,145,725,960,13672,246,489,15,127,43,305,55,10,77,1766,3650
0,1,1,4,0,0,1,8,19,4,1,6,7,1,10,10,0,2,9,32,4,18,63,7,181,270,247,14,2,5,4,239,93,69,8,8,8,355,7,48,0,6,13,989,240,5,91,2,0,2,6,0,5,1,1,9,23,50,26,17,57,18,33,41,53,121,42,13,20,196,39,598,27,289,117,9277,274,63,35,133,6509,516,121,45,3481,5406,37,19,295,6876,41,162,3919,26,642,10,6,22,241,136
0,1,0,7,1,0,6,19,40,7,5,17,6,7,12,14,2,1,4,89,5,22,102,21,625,214,481,25,4,11,20,198,148,75,9,17,5,467,16,101,3,7,36,917,354,8,77,6,0,5,5,2,12,0,45,17,6,28,8,253,31,14,101,14,14,17,69,19,83,180,27,756,715,13785,44,274,15759,462,5,28,212,797,21,24,417,309,1197,103,54,690,1234,7693,10855,24,237,299,30,4,29,28
0,2,0,0,0,0,0,1,1,1,0,0,0,0,0,0,0,0,1,1,0,0,0,0,3,9,25,60,1,0,1,9,1,74,1,0,1,11,3,196,0,0,1,92,3,5,22,2,0,0,9,13,2,5,9,1,0,5,2,4,32,7,19,6,12,14,6,12,2,13,39,1776,22,53,33,63,462,39766,818,11,168,29,110,6,41,7190,135,10,41,35,153,11191,360,28495,1770,51,11,205,76,30
3,11,24,23,4,9,31,1,2,2,4,1,1,12,12,41,0,2,7,5,2,7,0,1,5,0,1,1,1,19,9,0,1,1,34,14,7,2,20,0,6,2,40,0,3,0,0,15,0,2,3017,1342,453,440,99,173,7,15,11,8,415,9,6,3,6229,648,190,19,16,27,11,3399,11,16,53,35,5,818,143146,37,52,35,26866,236,67,65,74,209,390,56,114,11,16,667,21,83,22705,18004,2399,88
1,2,2,11,1,0,13,20,23,49,12,10,12,17,11,115,7,25,91,26,47,11,8,8,38,1,2,0,4,9,86,2,13,1,65,121,21,9,74,0,28,24,107,3,25,3,2,11,2,6,15,12,273,4,6,61,859,1748,4559,89,339,174,297,500,240,501,5235,6427,1061,683,652,360,61,114,12651,133,28,11,37,16918,231,1197,151,2419,1022,90,244,303,2345,285,162,13,59,10,99,32,23,46,204,116
0,0,0,0,0,0,0,5,5,5,4,0,1,2,2,7,2,2,8,13,2,7,25,0,63,118,95,17,0,2,7,106,25,75,3,8,5,96,1,80,1,3,10,470,71,8,42,1,0,0,0,6,11,4,4,12,25,80,65,20,118,34,60,62,56,129,59,53,33,253,140,567,32,251,319,6509,212,168,52,231,17281,1207,160,56,3587,4045,27,28,607,1629,28,431,2424,151,7125,8,12,28,570,319
1,3,3,5,1,1,10,366,219,11,15,27,128,14,12,44,9,16,46,597,27,40,70,9,576,17,62,2,1,18,29,40,210,8,12,30,48,217,12,2,8,11,50,140,374,4,11,5,1,10,7,10,66,1,6,41,2099,877,277,582,158,338,4024,5011,63,178,330,1169,159,6833,362,6090,183,5424,1221,516,797,29,35,1197,1207,28130,115,200,10013,280,458,116,845,1785,48,38,1060,66,2386,14,6,15,281,226
7,16,50,45,3,14,56,4,2,5,2,0,3,39,28,82,0,5,35,19,6,7,1,3,19,0,3,0,14,27,23,1,0,0,87,36,16,10,54,1,13,6,87,2,17,0,0,40,6,1,1465,1870,788,639,90,317,29,21,13,7,126,11,11,16,15501,4342,386,32,68,53,34,876,27,39,159,121,21,110,26866,151,160,115,82697,634,191,221,242,449,1273,134,208,13,35,80,39,116,2022,5697,26520,434
16,47,66,144,15,24,149,10,6,36,7,2,2,138,88,236,0,3,30,8,18,31,0,0,19,0,2,3,27,76,81,2,6,0,327,109,59,1,182,1,55,18,303,4,8,0,0,95,10,7,43,18,429,15,42,112,58,94,129,17,473,28,27,32,542,4404,8751,96,88,213,66,270,17,72,938,45,24,6,236,2419,56,200,634,12217,201,40,452,1131,7453,144,709,4,27,4,14,429,92,112,625,386
0,1,0,10,1,1,1,145,103,13,8,25,121,16,10,43,12,6,37,831,13,41,72,11,685,25,111,0,4,26,30,55,274,6,13,31,26,296,10,1,10,13,48,148,425,4,21,2,0,17,7,8,78,4,5,31,302,524,234,89,60,24,98,411,115,261,311,145,92,3134,43,446,49,1696,268,3481,417,41,67,1022,3587,10013,191,201,11261,1179,159,63,569,3297,16,81,525,8,255,7,16,21,355,212
0,0,0,1,0,1,0,2,11,1,1,3,2,0,0,6,0,1,6,15,4,9,34,4,57,84,119,103,0,4,9,158,37,536,2,2,3,96,14,635,0,1,6,892,85,22,164,2,0,0,7,9,13,1,3,8,7,36,11,16,82,11,24,17,69,138,32,19,12,142,64,513,27,228,145,5406,309,7190,65,90,4045,280,221,40,1179,29833,28,9,356,1255,39,5054,5098,4232,4463,6,9,35,482,225
2,5,13,26,7,11,53,443,719,110,75,96,104,18,25,199,105,85,260,82,194,53,14,71,42,1,7,2,11,38,158,9,28,4,132,324,446,7,125,8,29,42,221,9,16,4,9,43,3,9,70,108,153,32,109,303,1208,1637,358,8484,559,222,184,592,188,154,1022,287,1478,1548,509,287,8781,3553,725,37,1197,135,74,244,27,458,242,452,159,28,3741,3827,803,74,4670,534,395,6,39,856,49,67,327,330
14,58,88,200,14,35,226,24,16,126,32,9,11,140,114,557,11,30,185,19,100,87,1,17,22,1,3,3,47,122,238,9,14,1,458,396,163,6,318,2,98,81,495,12,11,5,0,132,18,23,168,365,384,142,1094,4836,10,40,77,220,1168,142,50,17,446,300,8584,97,4979,243,383,473,3407,352,960,19,103,10,209,303,28,116,449,1131,63,9,3827,17782,849,65,12126,48,114,3,19,6295,176,180,633,419
3,23,20,61,6,4,64,7,8,45,17,3,2,60,36,260,3,3,54,30,15,54,4,2,29,1,2,1,23,87,74,2,16,0,263,125,116,10,135,0,64,26,227,4,20,2,1,31,10,5,39,36,215,17,59,271,77,70,59,31,816,102,126,62,609,9598,1086,310,102,125,414,445,44,89,13672,295,54,41,390,2345,607,845,1273,7453,569,356,803,849,54045,190,780,21,104,20,264,152,123,165,5107,11122
0,0,0,13,1,2,8,70,65,11,9,30,42,17,19,43,7,3,26,285,20,26,213,24,787,389,614,15,4,22,32,341,309,41,23,41,10,997,42,14,3,10,91,919,790,12,144,9,1,7,14,9,106,4,7,46,40,147,41,75,110,51,129,35,115,157,232,49,58,2704,86,1438,85,1677,246,6876,690,35,56,285,1629,1785,134,144,3297,1255,74,65,190,15992,45,147,9079,38,351,26,18,17,163,89
7,14,25,50,9,8,61,5,8,39,9,1,5,54,50,236,7,10,71,12,35,35,2,5,7,3,4,6,27,75,99,4,5,3,235,166,68,5,209,4,70,29,268,15,4,4,1,61,8,11,65,82,83,303,1019,367,3,10,78,44,404,57,18,6,135,178,832,39,679,41,129,149,2276,575,489,41,1234,153,114,162,28,48,208,709,16,39,4670,12126,780,45,18700,787,659,3,32,10014,366,77,277,216
0,0,0,0,0,1,0,0,2,3,0,0,0,1,1,0,1,0,1,4,0,12,18,2,22,140,252,377,2,2,1,166,7,702,0,1,10,66,14,1535,0,1,1,1242,34,32,200,3,0,0,1,1,2,0,31,3,0,6,1,23,15,4,10,1,7,12,9,3,10,20,12,377,211,1436,15,162,7693,11191,11,13,431,38,13,4,81,5054,534,48,21,147,787,37199,10141,489,1091,207,20,5,35,16
1,1,0,12,0,1,2,25,50,7,3,22,8,6,19,27,6,8,18,103,12,44,223,23,544,1122,1030,78,2,15,27,735,198,405,12,23,8,1160,31,392,7,7,43,3519,560,45,329,16,2,6,4,2,18,3,48,18,14,83,13,129,172,78,168,31,20,28,68,37,52,375,173,2924,452,4158,127,3919,10855,360,16,59,2424,1060,35,27,525,5098,395,114,104,9079,659,10141,31755,171,2469,180,26,17,137,91
0,0,0,0,0,0,0,0,1,0,0,0,0,0,0,2,0,0,3,1,0,0,0,0,0,1,3,5,0,1,1,4,3,16,1,1,0,2,0,24,0,0,0,14,0,0,1,0,0,0,10,6,3,4,2,2,1,24,1,16,35,40,93,12,8,4,8,19,3,15,37,10654,2,30,43,26,24,28495,667,10,151,66,80,4,8,4232,6,3,20,38,3,489,171,17966,7752,0,3,257,47,25
0,0,0,0,0,0,2,6,4,2,1,5,2,0,1,5,1,1,4,13,6,3,7,2,24,38,39,12,0,2,4,49,13,99,3,7,2,40,3,76,0,1,5,262,43,3,37,1,0,1,2,4,4,0,1,9,18,91,24,49,165,69,248,63,7,35,50,101,31,101,214,7301,16,204,305,642,237,1770,21,99,7125,2386,39,14,255,4463,39,19,264,351,32,1091,2469,7752,26213,5,2,14,251,215
29,122,348,472,39,191,766,2,1,4,2,3,0,95,67,167,0,0,6,2,0,9,1,3,5,0,6,2,11,19,11,1,1,1,269,17,47,2,59,1,13,5,90,8,1,0,1,603,8,2,150,413,242,1494,5725,1430,1,1,2,12,94,8,0,0,237,142,603,3,13,12,11,55,252,156,55,10,299,51,83,32,8,14,116,429,7,6,856,6295,152,26,10014,207,180,0,5,10638,1061,30,77,31
0,7,12,14,1,9,20,0,0,2,0,0,0,7,8,13,0,1,1,0,1,2,0,0,2,0,0,0,1,3,1,0,0,0,17,4,2,1,4,0,1,1,13,0,1,0,0,9,1,0,12219,958,372,371,5617,108,3,5,4,2,30,1,1,1,13184,214,78,2,6,9,1,67,44,27,10,6,30,11,22705,23,12,6,2022,92,16,9,49,176,123,18,366,20,26,3,2,1061,54557,43,108,17
0,3,22,11,3,2,13,1,0,9,0,1,1,7,1,19,1,3,12,4,2,2,1,2,1,0,1,0,0,10,8,0,0,0,27,20,1,1,21,0,3,3,12,0,1,0,0,9,0,0,288,773,348,242,35,308,5,6,8,2,20947,33,9,4,279,262,230,6,20,8,35,2606,12,5,77,22,4,205,18004,46,28,15,5697,112,21,35,67,180,165,17,77,5,17,257,14,30,43,40118,5736,355
3,8,23,28,1,8,33,4,6,17,4,1,2,10,16,90,1,5,50,17,22,11,2,3,16,1,5,0,1,23,36,5,10,1,65,66,15,5,60,0,17,10,72,7,10,0,0,19,1,2,266,1095,983,257,100,810,17,26,33,27,20286,193,105,36,1451,3372,935,118,152,57,581,1180,86,63,1766,241,29,76,2399,204,570,281,26520,625,355,482,327,633,5107,163,277,35,137,47,251,77,108,5736,36831,15063
0,3,5,6,2,0,16,8,7,15,3,5,1,8,7,64,6,4,37,7,13,6,0,5,12,0,4,0,6,21,34,0,4,1,33,38,19,7,21,1,9,9,45,4,4,1,0,3,1,4,15,56,228,37,67,323,13,24,21,27,9681,437,153,26,183,1781,559,140,125,26,4252,341,61,57,3650,136,28,30,88,116,319,226,434,386,212,225,330,419,11122,89,216,16,91,25,215,31,17,355,15063,16017
