18107,4918,8881,2998,9751,4655,744,9,5,112,2,2,10,11249,664,364,2,7,21,36,9,536,1,7,30,1,0,25,608,1099,20,7,4,13,94,19,17,13,28,6,444,248,84,12,15,20,14,112,1009,96,7,32,20,254,66,63,0,0,0,0,2,0,0,0,45,3,93,2,5,0,0,9,4,3,2,0,0,1,4,11,0,0,11,27,2,0,3,55,2,1,27,1,1,0,0,102,2,2,15,2
4918,17364,12752,10421,594,507,743,8,9,162,5,2,3,5340,3809,325,1,5,11,11,9,504,1,6,13,1,0,11,123,269,19,4,5,5,84,6,19,5,17,0,289,299,55,5,19,4,7,71,82,145,11,59,21,76,127,86,0,0,0,3,4,1,0,0,85,8,138,1,5,0,0,7,13,0,3,0,0,0,7,23,0,0,20,29,0,0,7,82,0,0,29,1,3,0,0,211,6,4,8,2
8881,12752,47688,6643,7265,11569,5984,2,0,218,0,3,6,1851,312,134,0,0,3,8,12,953,2,5,2,0,3,24,389,649,11,0,3,10,81,12,10,2,112,2,683,592,67,7,15,21,16,129,253,167,427,625,50,5304,305,272,0,0,1,3,7,0,0,0,138,12,164,1,2,2,1,19,10,6,0,0,2,1,9,26,1,1,30,33,0,0,11,134,0,0,39,0,3,0,0,277,16,10,27,3
2998,10421,6643,25588,1384,3345,23378,17,68,385,14,7,17,5568,14353,6038,5,7,91,91,45,559,11,60,102,7,5,20,198,513,111,9,21,5,712,91,96,26,153,1,369,360,513,49,27,10,12,755,201,460,55,209,105,156,521,419,0,2,7,4,22,5,0,0,270,33,429,0,27,13,3,14,29,17,6,1,5,0,10,38,0,3,58,64,3,0,41,257,4,5,125,0,4,0,0,605,25,8,22,7
9751,594,7265,1384,15354,28095,1805,8,9,68,3,2,4,3307,277,227,4,3,14,12,7,232,2,17,32,7,8,19,548,731,21,9,6,6,97,9,18,7,54,10,213,122,64,20,10,21,10,499,2917,68,7,20,9,280,51,38,0,0,0,4,3,0,0,1,33,3,47,0,10,2,0,5,4,2,0,0,3,1,3,6,1,0,5,9,1,0,2,38,1,0,19,1,4,0,0,58,0,1,6,1
4655,507,11569,3345,28095,25612,26981,1,7,80,1,0,0,1404,313,482,1,4,6,9,7,292,5,34,25,2,15,24,325,435,13,0,2,10,539,15,29,1,1095,13,268,180,54,9,5,15,10,2567,2519,64,45,113,40,2064,694,398,0,1,1,4,7,1,0,0,96,14,186,1,6,3,1,6,14,3,2,0,0,0,4,29,0,0,20,24,1,0,20,123,2,0,53,6,0,0,0,403,16,4,12,1
744,743,5984,23378,1805,26981,30911,6,45,162,11,4,6,1034,584,9553,2,7,31,28,21,310,11,113,84,6,6,13,112,210,41,7,10,5,2653,100,138,9,1356,1,191,156,110,24,8,6,3,2716,186,146,59,259,98,578,852,1788,0,1,4,11,25,6,1,1,272,31,453,3,21,5,1,19,41,6,4,1,2,1,17,55,0,1,62,83,2,1,49,317,4,5,144,3,4,0,1,858,22,5,19,3
9,8,2,17,8,1,6,33420,1945,249,1665,887,10181,254,166,731,2896,5420,2114,6362,358,1826,291,165,262,43,43,20,20,91,723,79,678,53,10,25,1348,241,19,5,25,35,458,103,586,84,133,1,6,136,0,0,7,0,0,0,315,254,73,887,77,71,30,182,12,6,42,186,171,568,141,52,266,362,66,6,11,0,3,94,7,75,2,4,33,3,106,17,18,18,19,0,25,0,4,3,0,1,17,33
5,9,0,68,9,7,45,1945,54600,198,481,963,1056,124,148,598,586,168,5499,5475,471,499,162,12846,8638,26,2156,32,15,50,109,71,384,37,207,384,16092,56,113,201,12,26,299,381,75,70,136,32,4,26,0,3,6,2,6,3,471,485,190,2244,197,171,71,249,10,8,97,595,368,674,384,113,656,340,145,10,22,1,4,262,7,103,7,13,58,3,300,42,37,30,49,4,50,3,9,8,4,0,29,52
112,162,218,385,68,80,162,249,198,33830,3072,2206,160,469,676,2056,168,140,1105,227,6697,4948,460,405,116,89,28,74,205,519,1366,997,413,75,391,895,426,125,562,10,6887,7353,2733,352,446,270,1141,113,30,5617,4,9,4,1,11,16,2,5,56,17,74,16,3,4,16,5,176,30,265,32,27,36,137,33,31,4,15,2,12,170,5,15,30,42,15,1,150,136,52,18,115,2,34,0,2,14,5,14,90,52
2,5,0,14,3,1,11,1665,481,3072,2901,6502,454,39,40,391,169,484,905,274,1735,2485,1251,186,85,15,15,23,11,25,314,73,270,32,36,79,127,35,74,7,28,39,170,111,37,273,249,17,2,34,1,0,0,2,0,0,0,7,10,35,27,10,1,2,1,1,13,34,69,25,21,12,59,14,20,1,1,1,0,43,0,5,4,3,6,0,30,10,7,8,15,1,13,0,0,4,0,1,7,11
2,2,3,7,2,0,4,887,963,2206,6502,20006,6629,35,30,99,3029,343,213,1744,9092,1639,4250,221,1012,17,74,25,13,50,245,194,4636,27,22,46,491,134,24,6,11,113,522,220,170,224,541,7,2,60,0,0,2,0,1,3,43,24,35,122,39,11,17,43,4,2,21,68,78,286,38,31,98,207,25,2,15,1,1,70,3,71,1,2,31,1,36,5,5,17,5,1,14,1,3,2,0,1,6,8
10,3,6,17,4,0,6,10181,1056,160,454,6629,33757,365,150,209,6086,3184,269,3069,998,626,308,128,349,28,47,8,41,314,815,121,4453,26,7,17,1388,45,16,5,37,164,839,66,240,24,145,1,5,655,0,0,3,0,0,2,370,219,23,799,13,38,25,209,6,0,22,104,48,921,36,49,124,545,14,2,5,0,1,30,4,101,1,4,38,0,68,8,3,10,2,1,18,1,1,2,0,0,7,3
11249,5340,1851,5568,3307,1404,1034,254,124,469,39,35,365,52924,14983,2704,64,177,434,564,109,774,53,41,240,97,21,94,3057,20747,719,270,217,89,680,234,223,204,411,16,754,987,3028,183,594,49,120,404,10807,3531,26,80,53,56,188,140,1,4,4,17,37,5,2,6,229,27,499,4,38,46,7,36,30,52,1,2,12,0,27,116,1,20,73,118,20,1,46,287,13,21,174,3,23,0,2,260,18,9,60,20
664,3809,312,14353,277,313,584,166,148,676,40,30,150,14983,22387,5004,35,105,477,409,87,714,27,33,226,43,20,31,206,1575,762,82,136,44,337,209,111,105,108,7,452,730,8592,115,230,13,35,180,185,5118,12,25,27,17,72,52,6,2,4,12,11,3,2,2,85,12,201,6,29,33,1,16,24,29,4,2,7,0,7,57,1,8,36,41,10,1,24,112,7,13,89,1,14,0,1,105,9,6,23,5
364,325,134,6038,227,482,9553,731,598,2056,391,99,209,2704,5004,24038,159,589,3588,469,398,495,42,225,345,14,12,16,237,939,11556,54,116,11,2876,2530,491,53,461,1,308,524,7865,119,88,19,45,700,121,467,41,109,64,50,194,171,8,9,19,21,86,15,5,2,291,76,754,22,214,34,15,60,82,32,31,2,10,1,50,205,5,10,150,217,9,0,129,556,99,7,430,0,8,0,2,384,29,22,122,54
2,1,0,5,4,1,2,2896,586,168,169,3029,6086,64,35,159,9365,6214,336,232,2299,135,209,152,61,8,19,7,10,108,1319,197,1511,13,15,25,497,23,15,0,14,108,376,46,156,47,308,2,2,166,0,0,1,0,1,0,20,30,48,199,50,39,4,19,2,3,20,154,112,41,80,34,135,23,45,0,2,1,0,83,2,10,2,0,6,1,48,16,8,5,14,2,11,0,0,1,2,1,22,13
7,5,0,7,3,4,7,5420,168,140,484,343,3184,177,105,589,6214,5825,816,357,343,330,56,47,28,11,8,5,14,171,4436,129,1090,12,8,7,191,29,13,1,28,81,648,29,461,22,68,3,3,452,1,2,1,0,1,5,7,15,40,69,44,21,4,7,0,1,25,89,89,34,53,12,102,25,53,0,1,1,3,86,0,14,2,2,6,0,30,11,13,7,16,0,2,1,1,1,1,1,17,17
21,11,3,91,14,6,31,2114,5499,1105,905,213,269,434,477,3588,336,816,11249,1073,685,439,70,1826,712,12,35,8,46,180,1395,45,114,12,207,2186,981,46,128,1,72,138,1232,130,51,14,56,21,15,142,3,3,7,2,10,12,10,14,109,100,135,30,5,12,16,9,209,88,471,55,66,66,312,48,70,2,4,2,8,326,2,12,26,52,5,0,260,152,108,7,117,0,8,0,1,20,3,15,105,89
36,11,8,91,12,9,28,6362,5475,227,274,1744,3069,564,409,469,232,357,1073,24813,291,1390,1395,533,4982,450,856,109,54,257,478,767,4866,296,64,101,2667,5819,29,25,41,160,773,1653,4435,93,562,13,14,312,3,4,8,1,7,7,496,233,32,968,30,44,125,423,35,28,58,72,104,3176,42,152,208,2455,20,22,80,1,1,54,11,786,8,15,546,7,49,26,15,178,13,5,222,3,7,6,3,0,17,8
9,9,12,45,7,7,21,358,471,6697,1735,9092,998,109,87,398,2299,343,685,291,13636,471,887,475,184,48,33,41,42,408,1098,801,1504,45,175,410,507,69,249,5,158,1134,3109,202,431,142,855,26,2,1164,1,2,1,4,3,5,7,15,83,84,104,47,7,8,10,6,114,107,319,74,75,40,263,36,66,3,12,0,2,248,1,19,7,25,24,1,162,53,27,27,50,0,31,0,4,4,1,8,45,51
536,504,953,559,232,292,310,1826,499,4948,2485,1639,626,774,714,495,135,330,439,1390,471,14574,4976,108,885,334,241,1000,4772,638,371,636,439,650,125,160,202,357,201,168,13658,1417,811,1515,362,3855,1550,39,30,970,1,4,4,13,17,12,12,5,6,36,17,4,5,12,17,6,89,14,46,121,11,31,29,117,9,23,37,8,6,46,20,47,22,12,70,18,21,53,16,65,44,21,96,1,9,14,3,6,17,9
1,1,2,11,2,5,11,291,162,460,1251,4250,308,53,27,42,209,56,70,1395,887,4976,10203,63,1232,201,447,162,119,46,83,799,3209,178,11,10,103,642,32,41,104,89,188,2013,435,5529,5109,10,2,50,1,0,2,0,1,1,10,6,4,27,9,8,17,20,11,16,17,16,15,259,10,56,35,365,6,24,118,2,0,17,16,135,5,6,190,7,11,3,7,213,2,8,256,0,4,1,1,0,3,5
7,6,5,60,17,34,113,165,12846,405,186,221,128,41,33,225,152,47,1826,533,475,108,63,8685,3736,30,943,59,21,52,92,47,58,64,1174,5521,6517,56,6782,489,26,82,165,595,31,24,74,737,49,37,1,5,3,2,23,11,10,24,50,103,69,26,3,11,13,4,100,50,250,79,23,33,228,75,31,5,21,0,3,179,1,19,15,20,27,2,212,62,26,42,63,3,42,1,0,31,1,6,48,40
30,13,2,102,32,25,84,262,8638,116,85,1012,349,240,226,345,61,28,712,4982,184,885,1232,3736,15302,158,13182,29,31,86,88,528,3200,200,288,363,2969,579,676,446,20,61,316,6328,746,115,546,298,51,64,1,7,9,6,28,18,101,48,8,307,20,30,152,250,30,25,52,73,54,3041,17,218,257,3735,10,47,424,2,4,32,38,983,15,10,934,11,35,24,13,465,22,13,762,4,20,36,4,1,12,11
1,1,0,7,7,2,6,43,26,89,15,17,28,97,43,14,8,11,12,450,48,334,201,30,158,16127,544,192,39,133,17,8288,86,5705,12,8,12,4475,30,87,27,63,73,6120,2958,224,870,10,7,83,0,0,2,0,1,0,0,2,0,7,4,4,7,3,3,12,4,9,1,39,6,244,8,174,1,526,331,23,2,7,424,339,3,3,288,81,1,0,1,815,0,115,1770,12,144,4,1,0,8,3
0,0,3,5,8,15,6,43,2156,28,15,74,47,21,20,12,19,8,35,856,33,241,447,943,13182,544,14341,829,22,20,19,524,449,681,47,36,1937,558,1918,7748,10,18,38,13227,533,143,453,428,22,15,0,8,3,6,27,6,8,2,2,36,6,4,37,17,13,11,16,12,7,362,2,149,49,1122,2,169,599,11,2,8,94,308,11,10,357,58,10,11,5,663,6,66,1082,3,41,47,4,0,7,4
25,11,24,20,19,24,13,20,32,74,23,25,8,94,31,16,7,5,8,109,41,1000,162,59,29,192,829,46101,885,287,15,595,31,13062,10,12,309,106,397,14249,472,73,48,423,205,10687,4595,166,17,54,1,2,0,1,7,4,0,0,2,1,0,0,1,0,3,1,3,1,1,5,0,23,2,28,0,46,69,331,2,4,56,11,0,2,10,291,2,8,2,14,5,1690,312,18,19,26,0,0,1,1
608,123,389,198,548,325,112,20,15,205,11,13,41,3057,206,237,10,14,46,54,42,4772,119,21,31,39,22,885,92614,9438,184,125,35,249,96,125,66,21,149,105,21867,570,432,119,97,1103,261,86,6895,197,1,9,3,9,15,15,0,0,1,1,8,6,0,0,18,4,77,0,22,11,1,8,3,5,0,0,1,0,2,19,1,5,17,23,4,6,9,54,9,1,28,6,11,0,1,24,1,1,11,7
1099,269,649,513,731,435,210,91,50,519,25,50,314,20747,1575,939,108,171,180,257,408,638,46,52,86,133,20,287,9438,43483,723,809,420,201,479,470,339,134,522,37,8144,10192,2517,192,1007,236,418,148,1102,3265,11,14,17,24,46,31,1,0,3,3,53,8,1,2,67,16,292,3,67,30,5,28,19,24,8,4,7,1,21,81,5,18,63,72,22,3,50,169,27,19,152,3,28,0,1,53,12,10,53,20
20,19,11,111,21,13,41,723,109,1366,314,245,815,719,762,11556,1319,4436,1395,478,1098,371,83,92,88,17,19,15,184,723,26555,121,633,16,220,399,254,93,313,3,228,425,17659,52,257,18,116,75,17,511,6,5,13,3,23,21,6,2,23,23,65,11,0,9,50,30,294,20,179,33,17,42,85,23,30,1,2,0,19,158,2,5,52,93,9,0,98,182,71,6,135,0,10,0,2,46,9,13,95,54
7,4,0,9,9,0,7,79,71,997,73,194,121,270,82,54,197,129,45,767,801,636,799,47,528,8288,524,595,125,809,121,29014,3096,3685,16,32,50,636,46,204,112,779,496,2790,5180,1105,17307,11,6,674,0,3,4,0,1,0,4,1,5,23,3,5,17,11,17,21,19,20,10,211,11,213,30,432,5,422,336,25,2,18,281,366,10,7,388,115,9,6,4,712,4,95,1307,10,89,4,1,0,8,8
4,5,3,21,6,2,10,678,384,413,270,4636,4453,217,136,116,1511,1090,114,4866,1504,439,3209,58,3200,86,449,31,35,420,633,3096,13742,80,22,35,588,902,27,10,44,402,970,1280,5866,113,3088,3,4,758,0,0,3,0,1,4,118,38,14,192,13,13,73,197,16,10,25,31,43,1819,6,90,98,1392,10,13,68,1,3,22,13,532,6,7,365,1,18,14,8,113,6,0,174,3,5,0,1,0,3,8
13,5,10,5,6,10,5,53,37,75,32,27,26,89,44,11,13,12,12,296,45,650,178,64,200,5705,681,13062,249,201,16,3685,80,32085,11,8,60,631,212,12905,165,69,60,9027,734,3155,10220,87,9,70,0,1,1,1,2,1,2,4,1,4,11,4,6,4,7,6,2,10,1,16,2,264,3,91,0,801,251,228,1,3,829,118,4,3,56,1698,5,7,3,181,2,1978,2529,52,225,14,0,1,9,10
94,84,81,712,97,539,2653,10,207,391,36,22,7,680,337,2876,15,8,207,64,175,125,11,1174,288,12,47,10,96,479,220,16,22,11,6527,3883,1014,12,11515,52,127,190,688,76,11,6,18,4731,144,163,32,101,69,63,300,181,0,0,23,19,66,7,0,0,294,58,919,7,111,14,5,48,62,8,19,1,3,2,41,167,0,6,155,170,2,0,105,521,36,3,463,3,4,0,2,544,32,23,98,29
19,6,12,91,9,15,100,25,384,895,79,46,17,234,209,2530,25,7,2186,101,410,160,10,5521,363,8,36,12,125,470,399,32,35,8,3883,15821,1098,17,7925,15,175,367,712,97,22,8,21,139,10,239,3,10,9,4,27,19,3,5,25,23,103,20,2,1,45,30,438,22,300,18,6,62,113,5,22,2,1,0,32,254,2,6,104,151,9,0,233,289,94,4,207,1,13,1,0,45,8,24,175,83
17,19,10,96,18,29,138,1348,16092,426,127,491,1388,223,111,491,497,191,981,2667,507,202,103,6517,2969,12,1937,309,66,339,254,50,588,60,1014,1098,3100,27,3949,823,99,186,334,240,78,38,78,447,19,148,2,4,7,5,18,10,77,88,22,421,19,34,12,56,20,13,78,110,64,97,81,30,102,96,20,3,6,2,5,51,5,38,14,14,25,1,76,61,9,16,68,3,12,0,2,66,2,4,16,17
13,5,2,26,7,1,9,241,56,125,35,134,45,204,105,53,23,29,46,5819,69,357,642,56,579,4475,558,106,21,134,93,636,902,631,12,17,27,16123,13,32,20,75,171,8804,3011,105,554,11,4,81,1,3,2,1,1,3,8,8,3,26,6,9,54,31,16,41,7,38,11,493,5,254,50,867,1,141,582,8,1,13,59,446,23,8,698,24,6,2,12,931,5,20,1094,4,28,4,0,1,22,11
28,17,112,153,54,1095,1356,19,113,562,74,24,16,411,108,461,15,13,128,29,249,201,32,6782,676,30,1918,397,149,522,313,46,27,212,11515,7925,3949,13,26495,2001,186,314,496,650,22,31,40,6803,121,209,17,34,25,35,118,59,0,3,32,13,120,19,0,4,125,30,568,16,270,19,10,79,151,23,19,7,4,2,38,233,3,12,125,164,3,8,276,397,50,14,305,16,16,1,5,190,16,21,177,60
6,0,2,1,10,13,1,5,201,10,7,6,5,16,7,1,0,1,1,25,5,168,41,489,446,87,7748,14249,105,37,3,204,10,12905,52,15,823,32,2001,45961,57,12,5,11777,35,1084,885,656,48,5,1,7,5,8,53,10,0,2,1,4,2,2,0,0,8,1,16,2,0,13,3,165,8,111,0,460,337,893,1,1,453,76,3,2,36,1918,11,17,2,146,15,7747,2257,114,154,119,0,2,3,3
444,289,683,369,213,268,191,25,12,6887,28,11,37,754,452,308,14,28,72,41,158,13658,104,26,20,27,10,472,21867,8144,228,112,44,165,127,175,99,20,186,57,32025,5414,567,87,66,651,229,37,55,1372,2,2,1,15,13,5,0,0,2,2,12,2,0,0,20,4,77,3,28,3,2,5,9,3,1,1,3,1,7,25,2,3,12,20,3,0,11,51,6,7,33,2,9,1,1,17,0,5,28,12
248,299,592,360,122,180,156,35,26,7353,39,113,164,987,730,524,108,81,138,160,1134,1417,89,82,61,63,18,73,570,10192,425,779,402,69,190,367,186,75,314,12,5414,16742,2272,149,627,71,435,37,32,8350,1,2,4,6,9,11,0,2,3,3,22,3,4,3,16,7,96,7,65,18,4,25,16,11,9,3,3,3,7,42,4,9,27,38,16,0,42,58,16,5,63,2,13,1,1,15,2,8,30,10
84,55,67,513,64,54,110,458,299,2733,170,522,839,3028,8592,7865,376,648,1232,773,3109,811,188,165,316,73,38,48,432,2517,17659,496,970,60,688,712,334,171,496,5,567,2272,38719,231,674,58,351,175,69,13631,2,21,14,11,40,39,5,5,22,19,61,8,0,8,77,22,288,21,157,68,10,39,68,74,25,0,6,0,16,158,2,30,53,93,22,0,121,182,47,14,155,0,25,1,0,74,12,21,78,49
12,5,7,49,20,9,24,103,381,352,111,220,66,183,115,119,46,29,130,1653,202,1515,2013,595,6328,6120,13227,423,119,192,52,2790,1280,9027,76,97,240,8804,650,11777,87,149,231,63678,1253,973,2084,242,22,113,1,6,3,3,22,6,11,9,4,69,18,20,59,38,28,50,28,64,21,583,12,713,102,1442,12,1333,1469,80,3,34,935,1024,28,20,1247,497,14,15,13,2533,16,488,4909,30,356,47,3,3,32,20
15,19,15,27,10,5,8,586,75,446,37,170,240,594,230,88,156,461,51,4435,431,362,435,31,746,2958,533,205,97,1007,257,5180,5866,734,11,22,78,3011,22,35,66,627,674,1253,11269,91,871,8,13,1094,0,3,7,3,5,4,21,6,5,66,14,17,46,56,18,29,19,40,23,860,11,173,91,1306,7,84,352,3,4,28,40,460,17,5,634,20,24,2,9,569,13,4,727,8,15,1,3,1,16,9
20,4,21,10,21,15,6,84,70,270,273,224,24,49,13,19,47,22,14,93,142,3855,5529,24,115,224,143,10687,1103,236,18,1105,113,3155,6,8,38,105,31,1084,651,71,58,973,91,14346,8700,14,6,25,0,2,0,0,2,0,1,3,2,5,2,1,2,5,1,0,2,4,7,14,7,19,7,34,1,80,51,63,0,4,71,22,2,2,21,449,2,4,2,36,2,479,360,13,27,0,0,1,3,3
14,7,16,12,10,10,3,133,136,1141,249,541,145,120,35,45,308,68,56,562,855,1550,5109,74,546,870,453,4595,261,418,116,17307,3088,10220,18,21,78,554,40,885,229,435,351,2084,871,8700,41744,13,4,277,1,0,3,1,2,0,7,1,8,22,11,12,17,13,10,14,10,33,28,202,6,178,27,314,8,341,276,56,2,16,309,199,4,11,278,410,10,3,8,430,5,397,1116,14,72,1,1,1,4,8
112,71,129,755,499,2567,2716,1,32,113,17,7,1,404,180,700,2,3,21,13,26,39,10,737,298,10,428,166,86,148,75,11,3,87,4731,139,447,11,6803,656,37,37,175,242,8,14,13,9948,834,34,37,156,71,116,650,258,0,2,10,10,26,3,0,0,210,25,391,10,38,4,2,23,66,5,3,1,4,3,9,73,0,3,48,77,3,2,80,230,2,7,148,6,13,0,0,877,18,6,35,9
1009,82,253,201,2917,2519,186,6,4,30,2,2,5,10807,185,121,2,3,15,14,2,30,2,49,51,7,22,17,6895,1102,17,6,4,9,144,10,19,4,121,48,55,32,69,22,13,6,4,834,11507,25,2,8,1,9,21,9,0,0,0,0,0,0,0,1,13,1,12,0,4,3,0,0,2,2,0,0,1,0,1,5,0,0,3,3,0,0,4,16,0,1,8,0,0,0,0,10,1,1,3,0
96,145,167,460,68,64,146,136,26,5617,34,60,655,3531,5118,467,166,452,142,312,1164,970,50,37,64,83,15,54,197,3265,511,674,758,70,163,239,148,81,209,5,1372,8350,13631,113,1094,25,277,34,25,22534,2,3,2,3,10,4,3,2,1,7,26,2,2,1,16,5,56,3,43,27,2,13,17,33,6,1,6,0,7,25,2,13,13,17,15,0,16,43,7,11,30,2,15,0,0,14,2,4,20,5
7,11,427,55,7,45,59,0,0,4,1,0,0,26,12,41,0,1,3,3,1,1,1,1,1,0,0,1,1,11,6,0,0,0,32,3,2,1,17,1,2,1,2,1,0,0,1,37,2,2,45134,19749,5293,20762,24355,2986,0,5,6,5,216,7,2,1,23309,63,294,6,8,13,0,520,14,20,1,8,2,6,630,18,4,8,728,25,12,2,10,98,17,14,24,1,9,0,0,294,7377,268,573,18
32,59,625,209,20,113,259,0,3,9,0,0,0,80,25,109,0,2,3,4,2,4,0,5,7,0,8,2,9,14,5,3,0,1,101,10,4,3,34,7,2,2,21,6,3,2,0,156,8,3,19749,75977,12725,17850,1523,5044,3,13,1,8,1072,9,4,1,9238,106,305,8,12,38,7,1055,28,19,3,23,3,3,252,41,9,13,681,64,49,3,24,139,52,41,47,0,5,2,0,413,407,347,1684,85
20,21,50,105,9,40,98,7,6,4,0,2,3,53,27,64,1,1,7,8,1,4,2,3,9,2,3,0,3,17,13,4,3,1,69,9,7,2,25,5,1,4,14,3,7,0,3,71,1,2,5293,12725,35410,803,1379,23261,9,36,34,22,703,21,2,14,18442,4750,7535,18,50,134,5,405,21,63,6,31,3,8,180,122,12,51,312,252,90,14,26,204,88,81,30,1,37,1,1,169,419,147,792,83
254,76,5304,156,280,2064,578,0,2,1,2,0,0,56,17,50,0,0,2,1,4,13,0,2,6,0,6,1,9,24,3,0,0,1,63,4,5,1,35,8,15,6,11,3,3,0,1,116,9,3,20762,17850,803,42964,23182,17230,1,2,1,5,309,2,0,1,1084,38,161,4,5,8,0,715,9,13,5,8,1,9,432,15,2,3,633,24,13,0,19,77,8,4,61,1,6,2,0,684,528,337,773,41
66,127,305,521,51,694,852,0,6,11,0,1,0,188,72,194,1,1,10,7,3,17,1,23,28,1,27,7,15,46,23,1,1,2,300,27,18,1,118,53,13,9,40,22,5,2,2,650,21,10,24355,1523,1379,23182,29574,13750,5,12,9,77,198,22,2,2,1585,151,1339,8,45,52,8,263,222,75,11,12,29,7,153,66,4,18,247,62,16,4,104,1148,103,11,531,12,36,2,3,5518,4990,97,369,241
63,86,272,419,38,398,1788,0,3,16,0,3,2,140,52,171,0,5,12,7,5,12,1,11,18,0,6,4,15,31,21,0,4,1,181,19,10,3,59,10,5,11,39,6,4,0,0,258,9,4,2986,5044,23261,17230,13750,45137,9,22,11,33,997,21,9,15,2331,219,6039,12,64,99,8,537,81,74,9,32,5,2,118,71,12,48,266,61,75,2,74,1480,75,55,484,0,25,1,0,925,174,149,804,115
0,0,0,0,0,0,0,315,471,2,0,43,370,1,6,8,20,7,10,496,7,12,10,10,101,0,8,0,0,1,6,4,118,2,0,3,77,8,0,0,0,0,5,11,21,1,7,0,0,3,0,3,9,1,5,9,6783,7534,282,267,26,182,48,7678,123,167,300,1666,104,5821,29,160,47,127,4,24,6,4,7,310,13,1035,40,91,271,9,195,8,4,43,3,3,24,5,2,0,5,3,21,5
0,0,0,2,0,1,1,254,485,5,7,24,219,4,2,9,30,15,14,233,15,5,6,24,48,2,2,0,0,0,2,1,38,4,0,5,88,8,3,2,0,2,5,9,6,3,1,2,0,2,5,13,36,2,12,22,7534,23412,3981,2631,105,1737,291,4353,394,291,1232,8171,755,3535,246,1341,123,95,20,29,16,24,10,1051,21,393,95,252,264,14,489,23,19,89,10,2,98,30,9,3,25,6,32,12
0,0,1,7,0,1,4,73,190,56,10,35,23,4,4,19,48,40,109,32,83,6,4,50,8,0,2,2,1,3,23,5,14,1,23,25,22,3,32,1,2,3,22,4,5,2,8,10,0,1,6,1,34,1,9,11,282,3981,3897,2840,331,1225,109,211,123,79,1774,4524,2958,709,447,716,109,52,147,9,7,6,6,5970,17,80,28,70,69,8,326,22,39,38,26,2,26,16,11,4,10,6,46,57
0,3,3,4,4,4,11,887,2244,17,35,122,799,17,12,21,199,69,100,968,84,36,27,103,307,7,36,1,1,3,23,23,192,4,19,23,421,26,13,4,2,3,19,69,66,5,22,10,0,7,5,8,22,5,77,33,267,2631,2840,48834,208,1417,637,1201,74,41,340,1278,3575,2575,931,1368,21506,6900,83,41,737,22,4,95,33,382,16,36,44,23,4785,111,29,92,819,45,424,28,36,322,14,2,17,44
2,4,7,22,3,7,25,77,197,74,27,39,13,37,11,86,50,44,135,30,104,17,9,69,20,4,6,0,8,53,65,3,13,11,66,103,19,6,120,2,12,22,61,18,14,2,11,26,0,26,216,1072,703,309,198,997,26,105,331,208,26255,3937,773,49,838,1989,2041,795,1076,107,7173,3026,491,56,772,88,30,106,24,784,129,134,135,795,90,71,830,705,847,112,430,15,313,125,124,104,47,25967,19065,10251
0,1,0,5,0,1,6,71,171,16,10,11,38,5,3,15,39,21,30,44,47,4,8,26,30,4,4,0,6,8,11,5,13,4,7,20,34,9,19,2,2,3,8,20,17,1,12,3,0,2,7,9,21,2,22,21,182,1737,1225,1417,3937,6568,7431,545,55,63,650,3490,916,568,8382,6874,362,292,402,48,33,72,5,406,59,708,18,74,53,29,288,108,268,73,54,10,207,119,81,15,6,6,90,311
0,0,0,0,0,0,1,30,71,3,1,17,25,2,2,5,4,4,5,125,7,5,17,3,152,7,37,1,0,1,0,17,73,6,0,2,12,54,0,0,0,4,0,59,46,2,17,0,0,2,2,4,2,0,2,9,48,291,109,637,773,7431,11534,6817,24,27,61,7124,101,671,4513,7330,159,1105,116,48,110,85,0,176,117,6030,4,21,107,34,79,16,120,136,7,7,412,125,186,2,2,1,20,48
0,0,0,0,1,0,1,182,249,4,2,43,209,6,2,2,19,7,12,423,8,12,20,11,250,3,17,0,0,2,9,11,197,4,0,1,56,31,4,0,0,3,8,38,56,5,13,0,1,1,1,1,14,1,2,15,7678,4353,211,1201,49,545,6817,28277,93,146,161,16394,108,2707,1300,878,133,1175,19,47,30,18,7,264,96,6457,39,74,572,12,171,12,29,74,4,2,122,17,37,1,6,2,20,6
45,85,138,270,33,96,272,12,10,16,1,4,6,229,85,291,2,0,16,35,10,17,11,13,30,3,13,3,18,67,50,17,16,7,294,45,20,16,125,8,20,16,77,28,18,1,10,210,13,16,23309,9238,18442,1084,1585,2331,123,394,123,74,838,55,24,93,71495,12247,4349,157,96,496,23,974,39,164,18,282,14,43,4319,642,91,182,15583,1503,547,63,120,556,433,477,268,8,79,9,6,534,15194,578,1344,143
3,8,12,33,3,14,31,6,8,5,1,2,0,27,12,76,3,1,9,28,6,6,16,4,25,12,11,1,4,16,30,21,10,6,58,30,13,41,30,1,4,7,22,50,29,0,14,25,1,5,63,106,4750,38,151,219,167,291,79,41,1989,63,27,146,12247,59510,4656,411,78,422,51,890,22,124,96,379,41,85,375,1944,378,568,8274,9438,1198,121,102,146,11894,411,97,11,168,27,106,98,229,357,5053,5814
93,138,164,429,47,186,453,42,97,176,13,21,22,499,201,754,20,25,209,58,114,89,17,100,52,4,16,3,77,292,294,19,25,2,919,438,78,7,568,16,77,96,288,28,19,2,10,391,12,56,294,305,7535,161,1339,6039,300,1232,1774,340,2041,650,61,161,4349,4656,58054,1318,8062,1040,247,958,575,253,405,107,11,23,255,10537,37,206,889,7533,343,19,1021,8811,906,275,901,1,81,7,9,1794,236,187,1168,745
2,1,1,0,0,1,3,186,595,30,34,68,104,4,6,22,154,89,88,72,107,14,16,50,73,9,12,1,0,3,20,20,31,10,7,22,110,38,16,2,3,7,21,64,40,4,33,10,0,3,6,8,18,4,8,12,1666,8171,4524,1278,795,3490,7124,16394,157,411,1318,17264,900,700,11368,1872,367,281,2202,124,34,47,9,10281,359,4192,57,425,1227,65,637,45,697,150,34,9,248,61,208,5,11,7,57,448
5,5,2,27,10,6,21,171,368,265,69,78,48,38,29,214,112,89,471,104,319,46,15,250,54,1,7,1,22,67,179,10,43,1,111,300,64,11,270,0,28,65,157,21,23,7,28,38,4,43,8,12,50,5,45,64,104,755,2958,3575,1076,916,101,108,96,78,8062,900,14022,1285,700,708,6033,851,826,13,22,7,32,1628,9,116,67,110,57,9,2368,3031,353,67,923,2,87,11,8,38,13,22,338,389
0,0,2,13,2,3,5,568,674,32,25,286,921,46,33,34,41,34,55,3176,74,121,259,79,3041,39,362,5,11,30,33,211,1819,16,14,18,97,493,19,13,3,18,68,583,860,14,202,4,3,27,13,38,134,8,52,99,5821,3535,709,2575,107,568,671,2707,496,422,1040,700,1285,27249,110,1589,461,6318,45,378,165,32,25,478,143,5650,143,246,4939,85,170,117,51,3717,23,15,1149,31,41,7,42,4,69,26
0,0,1,3,0,1,1,141,384,27,21,38,36,7,1,15,80,53,66,42,75,11,10,23,17,6,2,0,1,5,17,11,6,2,5,6,81,5,10,3,2,4,10,12,11,7,6,2,0,2,0,7,5,0,8,8,29,246,447,931,7173,8382,4513,1300,23,51,247,11368,700,110,13286,1619,944,87,3141,65,35,81,1,1230,118,272,14,55,32,73,580,104,1231,72,122,11,221,112,122,5,1,21,246,4259
9,7,19,14,5,6,19,52,113,36,12,31,49,36,16,60,34,12,66,152,40,31,56,33,218,244,149,23,8,28,42,213,90,264,48,62,30,254,79,165,5,25,39,713,173,19,178,23,0,13,520,1055,405,715,263,537,160,1341,716,1368,3026,6874,7330,878,974,890,958,1872,708,1589,1619,42037,376,2350,366,1654,867,4234,1280,584,1888,11070,540,436,818,2411,372,268,798,2223,181,461,6330,10013,6610,78,227,4954,4071,955
4,13,10,29,4,14,41,266,656,137,59,98,124,30,24,82,135,102,312,208,263,29,35,228,257,8,49,2,3,19,85,30,98,3,62,113,102,50,151,8,9,16,68,102,91,7,27,66,2,17,14,28,21,9,222,81,47,123,109,21506,491,362,159,133,39,22,575,367,6033,461,944,376,10466,3887,470,39,631,20,11,373,27,338,30,25,35,22,9596,2667,146,114,3469,55,655,7,22,998,36,17,166,255
3,0,6,17,2,3,6,362,340,33,14,207,545,52,29,32,23,25,48,2455,36,117,365,75,3735,174,1122,28,5,24,23,432,1392,91,8,5,96,867,23,111,3,11,74,1442,1306,34,314,5,2,33,20,19,63,13,75,74,127,95,52,6900,56,292,1105,1175,164,124,253,281,851,6318,87,2350,3887,22961,42,168,9614,294,8,84,169,3939,51,40,282,139,302,145,72,1002,306,1457,6223,44,120,173,17,3,54,69
2,3,0,6,0,2,4,66,145,31,20,25,14,1,4,31,45,53,70,20,66,9,6,31,10,1,2,0,0,8,30,5,10,0,19,22,20,1,19,0,1,9,25,12,7,1,8,3,0,6,1,3,6,5,11,9,4,20,147,83,772,402,116,19,18,96,405,2202,826,45,3141,366,470,42,4543,16,10,20,2,7080,65,186,31,135,18,26,503,143,3268,18,164,3,43,15,42,4,6,14,282,1821
0,0,0,1,0,0,1,6,10,4,1,2,2,2,2,2,0,0,2,22,3,23,24,5,47,526,169,46,0,4,1,422,13,801,1,2,3,141,7,460,1,3,0,1333,84,80,341,1,0,1,8,23,31,8,12,32,24,29,9,41,88,48,48,47,282,379,107,124,13,378,65,1654,39,168,16,26032,519,159,53,96,7517,1244,332,83,8572,5207,10,12,98,11170,12,443,4606,123,268,8,49,20,234,162
0,0,2,5,3,0,2,11,22,15,1,15,5,12,7,10,2,1,4,80,12,37,118,21,424,331,599,69,1,7,2,336,68,251,3,1,6,582,4,337,3,3,6,1469,352,51,276,4,1,6,2,3,3,1,29,5,6,16,7,737,30,33,110,30,14,41,11,34,22,165,35,867,631,9614,10,519,18891,918,4,15,319,884,28,11,261,297,217,8,28,817,316,7699,13989,42,161,176,3,2,30,43
1,0,1,0,1,0,1,0,1,2,1,1,0,0,0,1,1,1,2,1,0,8,2,0,2,23,11,331,0,1,0,25,1,228,2,0,2,8,2,893,1,3,0,80,3,63,56,3,0,0,6,3,8,9,7,2,4,24,6,22,106,72,85,18,43,85,23,47,7,32,81,4234,20,294,20,159,918,33332,1474,21,229,175,135,15,68,12554,68,2,68,83,39,15132,1793,18593,821,24,34,721,147,145
4,7,9,10,3,4,17,3,4,12,0,1,1,27,7,50,0,3,8,1,2,6,0,3,4,2,2,2,2,21,19,2,3,1,41,32,5,1,38,1,7,7,16,3,4,0,2,9,1,7,630,252,180,432,153,118,7,10,6,4,24,5,0,7,4319,375,255,9,32,25,1,1280,11,8,2,53,4,1474,98259,101,42,29,14750,160,103,180,75,97,91,43,88,54,35,194,13,40,17060,13237,1638,41
11,23,26,38,6,29,55,94,262,170,43,70,30,116,57,205,83,86,326,54,248,46,17,179,32,7,8,4,19,81,158,18,22,3,167,254,51,13,233,1,25,42,158,34,28,4,16,73,5,25,18,41,122,15,66,71,310,1051,5970,95,784,406,176,264,642,1944,10537,10281,1628,478,1230,584,373,84,7080,96,15,21,101,15485,165,624,324,8021,531,39,887,399,1659,197,468,7,93,12,89,152,65,60,562,661
0,0,1,0,1,0,0,7,7,5,0,3,4,1,1,5,2,0,2,11,1,20,16,1,38,424,94,56,1,5,2,281,13,829,0,2,5,59,3,453,2,4,2,935,40,71,309,0,0,2,4,9,12,2,4,12,13,21,17,33,129,59,117,96,91,378,37,359,9,143,118,1888,27,169,65,7517,319,229,42,165,21361,3996,287,83,3132,6723,24,7,306,1201,6,482,2584,835,14008,3,19,15,338,353
0,0,1,3,0,0,1,75,103,15,5,71,101,20,8,10,10,14,12,786,19,47,135,19,983,339,308,11,5,18,5,366,532,118,6,6,38,446,12,76,3,9,30,1024,460,22,199,3,0,13,8,13,51,3,18,48,1035,393,80,382,134,708,6030,6457,182,568,206,4192,116,5650,272,11070,338,3939,186,1244,884,175,29,624,3996,42694,220,292,16018,415,121,35,458,3207,16,57,4543,175,3834,9,17,15,257,303
11,20,30,58,5,20,62,2,7,30,4,1,1,73,36,150,2,2,26,8,7,22,5,15,15,3,11,0,17,63,52,10,6,4,155,104,14,23,125,3,12,27,53,28,17,2,4,48,3,13,728,681,312,633,247,266,40,95,28,16,135,18,4,39,15583,8274,889,57,67,143,14,540,30,51,31,332,28,135,14750,324,287,220,70420,681,580,148,166,293,517,206,253,19,112,23,26,146,6688,10184,15268,325
27,29,33,64,9,24,83,4,13,42,3,2,4,118,41,217,0,2,52,15,25,12,6,20,10,3,10,2,23,72,93,7,7,3,170,151,14,8,164,2,20,38,93,20,5,2,11,77,3,17,25,64,252,24,62,61,91,252,70,36,795,74,21,74,1503,9438,7533,425,110,246,55,436,25,40,135,83,11,15,160,8021,83,292,681,16429,319,28,316,289,2734,184,366,2,53,7,27,177,102,107,823,249
2,0,0,3,1,1,2,33,58,15,6,31,38,20,10,9,6,6,5,546,24,70,190,27,934,288,357,10,4,22,9,388,365,56,2,9,25,698,3,36,3,16,22,1247,634,21,278,3,0,15,12,49,90,13,16,75,271,264,69,44,90,53,107,572,547,1198,343,1227,57,4939,32,818,35,282,18,8572,261,68,103,531,3132,16018,580,319,18586,365,66,19,199,7441,8,27,442,30,61,2,68,27,360,142
0,0,0,0,0,0,1,3,3,1,0,1,0,1,1,0,1,0,0,7,1,18,7,2,11,81,58,291,6,3,0,115,1,1698,0,0,1,24,8,1918,0,0,0,497,20,449,410,2,0,0,2,3,14,0,4,2,9,14,8,23,71,29,34,12,63,121,19,65,9,85,73,2411,22,139,26,5207,297,12554,180,39,6723,415,148,28,365,40982,12,3,86,410,7,4003,6731,16930,4220,3,20,113,179,163
3,7,11,41,2,20,49,106,300,150,30,36,68,46,24,129,48,30,260,49,162,21,11,212,35,1,10,2,9,50,98,9,18,5,105,233,76,6,276,11,11,42,121,14,24,2,10,80,4,16,10,24,26,19,104,74,195,489,326,4785,830,288,79,171,120,102,1021,637,2368,170,580,372,9596,302,503,10,217,68,75,887,24,121,166,316,66,12,900,1920,719,31,5170,145,145,3,7,966,29,58,572,663
55,82,134,257,38,123,317,17,42,136,10,5,8,287,112,556,16,11,152,26,53,53,3,62,24,0,11,8,54,169,182,6,14,7,521,289,61,2,397,17,51,58,182,15,2,4,3,230,16,43,98,139,204,77,1148,1480,8,23,22,111,705,108,16,12,556,146,8811,45,3031,117,104,268,2667,145,143,12,8,2,97,399,7,35,293,289,19,3,1920,16941,273,32,13122,2,26,0,3,6375,122,55,421,316
2,0,0,4,1,2,4,18,37,52,7,5,3,13,7,99,8,13,108,15,27,16,7,26,13,1,5,2,9,27,71,4,8,3,36,94,9,12,50,2,6,16,47,13,9,2,8,2,0,7,17,52,88,8,103,75,4,19,39,29,847,268,120,29,433,11894,906,697,353,51,1231,798,146,72,3268,98,28,68,91,1659,306,458,517,2734,199,86,719,273,29309,60,335,10,154,68,156,15,18,114,3019,11439
1,0,0,5,0,0,5,18,30,18,8,17,10,21,13,7,5,7,7,178,27,65,213,42,465,815,663,14,1,19,6,712,113,181,3,4,16,931,14,146,7,5,14,2533,569,36,430,7,1,11,14,41,81,4,11,55,43,89,38,92,112,73,136,74,477,411,275,150,67,3717,72,2223,114,1002,18,11170,817,83,43,197,1201,3207,206,184,7441,410,31,32,60,22067,11,31,11727,73,229,11,59,11,117,84
27,29,39,125,19,53,144,19,49,115,15,5,2,174,89,430,14,16,117,13,50,44,2,63,22,0,6,5,28,152,135,4,6,2,463,207,68,5,305,15,33,63,155,16,13,2,5,148,8,30,24,47,30,61,531,484,3,10,26,819,430,54,7,4,268,97,901,34,923,23,122,181,3469,306,164,12,316,39,88,468,6,16,253,366,8,7,5170,13122,335,11,26926,117,237,4,6,10368,90,54,300,307
1,1,0,0,1,6,3,0,4,2,1,1,1,3,1,0,2,0,0,5,0,21,8,3,13,115,66,1690,6,3,0,95,0,1978,3,1,3,20,16,7747,2,2,0,488,4,479,397,6,0,2,1,0,1,1,12,0,3,2,2,45,15,10,7,2,8,11,1,9,2,15,11,461,55,1457,3,443,7699,15132,54,7,482,57,19,2,27,4003,145,2,10,31,117,57904,14770,770,223,88,2,26,22,16
1,3,3,4,4,0,4,25,50,34,13,14,18,23,14,8,11,2,8,222,31,96,256,42,762,1770,1082,312,11,28,10,1307,174,2529,4,13,12,1094,16,2257,9,13,25,4909,727,360,1116,13,0,15,9,5,37,6,36,25,24,98,26,424,313,207,412,122,79,168,81,248,87,1149,221,6330,655,6223,43,4606,13989,1793,35,93,2584,4543,112,53,442,6731,145,26,154,11727,237,14770,51970,744,1272,138,18,14,207,289
0,0,0,0,0,0,0,0,3,0,0,1,1,0,0,0,0,1,0,3,0,1,0,1,4,12,3,18,0,0,0,10,3,52,0,1,0,4,1,114,1,1,1,30,8,13,14,0,0,0,0,2,1,2,2,1,5,30,16,28,125,119,125,17,9,27,7,61,11,31,112,10013,7,44,15,123,42,18593,194,12,835,175,23,7,30,16930,3,0,68,73,4,770,744,15628,8203,0,1,153,48,97
0,0,0,0,0,0,1,4,9,2,0,3,1,2,1,2,0,1,1,7,4,9,4,0,20,144,41,19,1,1,2,89,5,225,2,0,2,28,5,154,1,1,0,356,15,27,72,0,0,0,0,0,1,0,3,0,2,9,11,36,124,81,186,37,6,106,9,208,8,41,122,6610,22,120,42,268,161,821,13,89,14008,3834,26,27,61,4220,7,3,156,229,6,223,1272,8203,15057,0,1,14,101,181
102,211,277,605,58,403,858,3,8,14,4,2,2,260,105,384,1,1,20,6,4,14,1,31,36,4,47,26,24,53,46,4,0,14,544,45,66,4,190,119,17,15,74,47,1,0,1,877,10,14,294,413,169,684,5518,925,0,3,4,322,104,15,2,1,534,98,1794,5,38,7,5,78,998,173,4,8,176,24,40,152,3,9,146,177,2,3,966,6375,15,11,10368,88,138,0,0,10727,447,19,94,36
2,6,16,25,0,16,22,0,4,5,0,0,0,18,9,29,2,1,3,3,1,3,1,1,4,1,4,0,1,12,9,1,1,0,32,8,2,0,16,0,0,2,12,3,3,0,1,18,1,2,7377,407,419,528,4990,174,5,25,10,14,47,6,2,6,15194,229,236,11,13,42,1,227,36,17,6,49,3,34,17060,65,19,17,6688,102,68,20,29,122,18,59,90,2,18,1,1,447,50206,757,1088,13
2,4,10,8,1,4,5,1,0,14,1,1,0,9,6,22,1,1,15,0,8,6,0,6,1,0,0,0,1,10,13,0,0,1,23,24,4,1,21,2,5,8,21,3,1,1,1,6,1,4,268,347,147,337,97,149,3,6,6,2,25967,6,1,2,578,357,187,7,22,4,21,4954,17,3,14,20,2,721,13237,60,15,15,10184,107,27,113,58,55,114,11,54,26,14,153,14,19,757,50334,7857,499
15,8,27,22,6,12,19,17,29,90,7,6,7,60,23,122,22,17,105,17,45,17,3,48,12,8,7,1,11,53,95,8,3,9,98,175,16,22,177,3,28,30,78,32,16,3,4,35,3,20,573,1684,792,773,369,804,21,32,46,17,19065,90,20,20,1344,5053,1168,57,338,69,246,4071,166,54,282,234,30,147,1638,562,338,257,15268,823,360,179,572,421,3019,117,300,22,207,48,101,94,1088,7857,35180,10876
2,2,3,7,1,1,3,33,52,52,11,8,3,20,5,54,13,17,89,8,51,9,5,40,11,3,4,1,7,20,54,8,8,10,29,83,17,11,60,3,12,10,49,20,9,3,8,9,0,5,18,85,83,41,241,115,5,12,57,44,10251,311,48,6,143,5814,745,448,389,26,4259,955,255,69,1821,162,43,145,41,661,353,303,325,249,142,163,663,316,11439,84,307,16,289,97,181,36,13,499,10876,19210
