11265,4140,6037,2436,8716,5731,751,8,0,183,33,1,0,9737,198,304,0,1,3,39,2,105,1,3,2,2,3,0,84,97,33,1,2,0,27,23,59,2,33,0,55,47,78,0,1,0,0,71,937,7,13,6,8,4,5,35,0,0,0,0,14,0,0,0,12,6,10,0,0,0,0,2,1,0,0,0,0,0,1,1,0,0,1,1,0,0,8,27,3,0,9,0,0,0,0,16,0,0,0,0
4140,14973,7309,12854,1393,4957,1153,3,0,523,48,0,1,2571,2893,243,0,0,4,7,2,126,0,2,0,1,0,0,82,142,16,0,2,0,10,13,57,0,47,0,97,111,34,0,1,0,0,67,165,9,6,16,13,7,7,22,0,0,0,0,10,1,0,0,9,2,16,0,0,0,0,3,0,0,0,0,0,0,0,0,0,0,5,1,0,0,15,19,1,0,5,0,0,0,0,16,0,0,5,0
6037,7309,24975,6881,2389,17396,8349,1,0,269,25,0,0,377,26,19,0,1,5,1,1,53,0,4,0,0,0,0,23,39,5,0,0,0,9,2,40,0,92,0,33,38,3,0,0,0,0,120,91,2,4,19,10,318,12,73,0,0,0,0,11,0,0,0,17,1,13,0,0,1,0,3,0,0,0,0,0,0,0,0,0,0,1,2,0,0,10,14,0,0,8,0,0,0,0,24,1,0,3,0
2436,12854,6881,57551,1320,4663,14894,21,5,1405,223,3,0,3491,11553,5012,1,0,22,68,3,236,2,14,4,2,3,0,152,259,195,1,3,0,73,34,175,2,108,0,176,251,1643,1,2,1,0,316,249,122,32,36,47,31,36,152,0,0,0,1,30,1,0,0,36,13,61,0,3,0,0,5,6,0,0,0,0,0,3,0,0,0,10,10,0,0,46,104,4,0,23,0,0,0,0,81,3,2,22,2
8716,1393,2389,1320,12129,13133,382,21,3,154,43,0,0,7005,269,303,0,0,10,101,0,96,1,9,1,2,3,0,117,137,55,1,3,0,66,55,99,1,74,0,49,51,123,0,3,0,0,239,1919,6,6,16,11,6,9,48,0,0,0,0,20,2,0,0,14,4,14,0,1,0,0,1,1,0,0,0,0,0,1,3,0,0,4,4,0,0,14,29,3,0,7,0,0,0,0,10,0,0,5,1
5731,4957,17396,4663,13133,31638,19522,7,7,1300,133,0,0,1248,607,128,4,2,19,10,4,407,1,52,2,0,2,1,172,263,32,1,4,0,67,61,268,2,1106,0,294,300,36,1,0,1,0,8615,1167,40,27,50,45,172,86,143,0,0,0,0,37,3,0,1,38,10,58,0,1,0,0,4,7,0,1,0,0,0,0,2,0,0,17,11,0,0,37,105,5,0,56,0,0,0,0,104,1,3,21,2
751,1153,8349,14894,382,19522,24830,8,4,828,182,6,2,547,248,2581,2,1,21,32,8,170,3,33,3,1,1,2,35,61,37,2,4,0,2499,183,448,2,2064,0,67,84,28,1,1,2,0,2056,71,44,39,65,79,42,72,252,0,0,0,0,36,2,0,0,55,19,106,0,2,0,1,12,5,1,0,0,0,0,5,3,0,0,11,13,0,0,62,166,1,0,53,0,0,0,0,150,6,1,19,1
8,3,1,21,21,7,8,44453,4871,228,1562,987,6390,189,103,1261,2578,4582,1397,12021,168,1046,580,4655,223,128,912,11,26,59,3376,346,822,10,20,99,3386,212,77,16,22,71,304,307,68,70,76,8,24,96,0,1,0,0,1,0,0,0,0,0,2,1,0,0,0,0,0,0,0,2,0,0,1,2,0,1,3,0,0,0,0,1,0,0,0,1,5,1,0,8,0,0,2,0,0,1,1,0,1,0
0,0,0,5,3,7,4,4871,61692,73,497,439,845,16,4,104,150,36,4670,6860,59,392,494,23780,16718,115,4343,12,5,4,97,217,562,12,6,94,3221,101,173,11,2,17,19,738,50,55,62,3,2,15,0,0,0,0,0,0,0,0,0,1,1,0,0,0,0,0,0,0,0,2,0,0,0,1,0,1,4,0,0,0,0,1,0,1,1,0,5,0,0,3,0,0,2,0,0,0,0,0,0,0
183,523,269,1405,154,1300,828,228,73,55040,4627,4256,664,1069,1119,1220,986,168,545,328,4177,2420,542,676,82,97,127,17,237,445,932,528,1162,16,230,769,2056,166,637,8,23455,31359,4369,98,113,55,116,133,169,7837,11,16,22,12,21,36,0,0,0,0,36,7,0,0,34,8,33,0,1,1,0,15,3,1,0,0,0,0,2,6,0,0,10,12,0,0,42,61,19,2,24,0,3,0,0,18,7,0,19,2
33,48,25,223,43,133,182,1562,497,4627,5925,8609,2406,143,101,1005,1439,377,850,225,2035,5300,2565,674,88,100,155,6,26,43,384,532,1632,16,222,723,1025,131,451,6,30,93,211,217,33,102,174,160,13,29,0,3,0,3,3,5,0,1,0,0,2,2,0,0,0,2,9,0,0,1,0,3,0,1,0,1,1,0,0,1,0,0,1,3,1,0,9,5,0,2,0,0,1,0,0,5,0,0,0,0
1,0,0,3,0,0,6,987,439,4256,8609,28942,20910,12,2,22,2077,730,203,375,2230,916,5849,567,246,122,287,3,15,18,111,821,12239,10,2,32,765,236,20,4,55,103,38,256,37,69,340,0,1,21,0,0,0,0,0,0,1,0,0,0,0,0,0,0,0,0,0,0,1,0,0,0,0,0,0,0,1,0,0,0,1,1,0,0,0,0,0,1,0,1,0,0,0,0,0,0,0,0,0,0
0,1,0,0,0,0,2,6390,845,664,2406,20910,18170,25,10,20,5099,3005,124,1326,654,602,1975,319,149,79,303,7,13,21,487,336,11974,7,2,19,414,137,11,5,23,104,66,151,200,48,126,1,3,96,0,0,0,0,0,0,0,0,0,0,1,0,0,0,0,0,0,0,0,1,0,0,0,3,0,0,0,0,0,0,1,0,0,0,0,1,1,0,0,3,0,0,2,0,0,0,0,0,1,0
9737,2571,377,3491,7005,1248,547,189,16,1069,143,12,25,64037,11418,1578,6,14,71,1272,27,1302,4,33,36,43,67,2,3704,19338,1274,33,121,3,113,185,519,121,220,1,1713,8994,2843,17,104,3,4,143,18100,2903,17,17,33,20,21,63,0,0,0,0,22,8,0,0,30,11,39,0,5,0,1,8,0,0,0,0,0,0,3,3,0,0,12,8,0,0,46,70,1,0,22,0,0,0,0,19,3,1,15,3
198,2893,26,11553,269,607,248,103,4,1119,101,2,10,11418,14844,2958,10,15,39,592,22,266,4,10,21,9,41,2,209,920,1632,11,49,3,46,64,194,41,63,1,267,1389,14025,8,40,0,1,55,245,7414,3,4,7,2,4,15,0,0,0,0,11,0,0,0,2,2,6,1,0,1,0,2,0,0,1,0,0,0,1,2,0,0,3,3,0,0,8,14,1,0,4,0,0,0,0,7,0,0,4,0
304,243,19,5012,303,128,2581,1261,104,1220,1005,22,20,1578,2958,27436,42,201,12628,473,93,273,34,362,27,5,20,2,86,208,9515,7,26,0,2055,5268,1231,12,1191,0,124,246,4106,16,4,3,2,895,139,224,23,30,36,21,28,131,0,0,0,0,37,8,0,0,44,15,68,0,2,3,2,6,5,0,0,0,0,0,5,2,0,0,9,11,0,0,80,93,7,0,33,0,0,0,0,47,5,1,26,1
0,0,0,1,0,4,2,2578,150,986,1439,2077,5099,6,10,42,8079,3516,248,45,10241,198,252,391,8,14,31,0,3,12,682,82,336,3,4,64,517,21,49,0,16,87,254,23,11,8,24,6,1,41,0,0,0,0,0,0,0,0,0,0,0,0,0,0,0,0,0,0,0,0,0,0,0,1,0,0,0,0,0,0,0,0,0,0,0,0,0,0,0,0,0,0,0,0,0,0,0,0,0,0
1,0,1,0,0,2,1,4582,36,168,377,730,3005,14,15,201,3516,1690,643,134,762,148,99,228,29,17,39,1,3,12,1584,68,509,2,5,74,285,48,38,0,14,53,81,15,121,6,14,6,0,84,0,0,0,0,0,0,0,0,0,0,1,0,0,0,0,0,0,0,0,0,0,1,0,0,0,0,0,0,0,0,0,0,0,0,0,0,0,0,0,1,0,0,0,0,0,0,0,0,1,0
3,4,5,22,10,19,21,1397,4670,545,850,203,124,71,39,12628,248,643,17212,627,291,435,94,2569,343,10,66,1,31,53,4214,46,83,2,274,3090,1262,27,299,2,62,118,309,163,10,11,10,23,16,66,5,1,4,0,3,5,0,0,0,0,11,2,0,0,2,1,8,0,2,0,0,2,0,0,0,0,0,0,1,2,0,0,3,0,0,0,7,8,1,0,2,0,0,0,0,1,0,0,3,2
39,7,1,68,101,10,32,12021,6860,328,225,375,1326,1272,592,473,45,134,627,24374,198,361,1047,885,6686,430,4953,69,118,404,1647,798,4624,68,10,80,1229,9137,33,41,163,519,826,2621,7435,68,97,5,166,628,1,0,0,0,0,0,0,0,0,0,0,0,0,0,0,0,1,0,1,4,0,0,1,4,0,2,16,0,0,0,0,5,0,0,1,0,1,1,0,11,0,0,7,0,0,0,1,0,1,0
2,2,1,3,0,4,8,168,59,4177,2035,2230,654,27,22,93,10241,762,291,198,9803,269,317,660,57,41,79,5,9,44,1808,206,981,7,25,150,1005,88,164,1,71,479,10654,51,64,13,35,9,1,2192,0,0,0,0,0,1,0,0,0,0,1,1,0,0,1,0,2,0,0,0,0,2,0,1,0,0,0,0,0,0,0,0,0,0,0,0,0,0,0,0,0,0,0,0,0,0,0,0,0,0
105,126,53,236,96,407,170,1046,392,2420,5300,916,602,1302,266,273,198,148,435,361,269,18292,6088,300,93,187,215,575,5810,1825,205,407,257,431,94,382,726,175,249,258,25895,1163,196,536,71,3884,639,60,909,112,10,10,14,1,8,31,0,0,0,1,26,2,0,1,13,12,25,0,4,0,2,7,2,0,1,8,1,0,1,9,5,1,8,8,1,10,28,34,9,2,18,3,11,1,0,7,4,2,15,2
1,0,0,2,1,1,3,580,494,542,2565,5849,1975,4,4,34,252,99,94,1047,317,6088,9942,169,826,2081,2251,204,200,6,36,12967,13090,561,5,26,184,1357,16,312,6,44,14,3943,361,4282,8819,3,0,10,0,0,0,0,0,0,1,1,0,0,1,1,0,0,0,0,1,0,0,5,0,10,3,4,0,68,44,0,0,0,64,26,0,0,19,21,6,0,0,70,1,37,104,0,10,0,0,0,0,0
3,2,4,14,9,52,33,4655,23780,676,674,567,319,33,10,362,391,228,2569,885,660,300,169,6362,3228,91,842,4,29,21,496,117,171,4,361,6046,17002,79,6702,12,41,83,69,1452,21,8,32,161,10,44,0,0,0,4,3,4,0,0,0,0,2,2,0,0,1,0,4,0,0,0,0,1,1,0,0,0,2,0,0,2,0,0,1,0,0,0,8,5,0,3,5,0,1,0,1,10,0,0,1,0
2,0,0,4,1,2,3,223,16718,82,88,246,149,36,21,27,8,29,343,6686,57,93,826,3228,25080,193,12963,2,7,23,55,371,1466,10,1,25,181,685,4,63,16,82,43,5504,201,29,73,3,3,73,0,0,0,1,0,0,0,0,0,0,0,0,0,0,0,0,1,0,0,2,0,2,2,0,0,4,9,0,0,0,1,0,0,0,1,1,2,0,0,8,1,1,3,0,0,0,0,0,0,0
2,1,0,2,2,0,1,128,115,97,100,122,79,43,9,5,14,17,10,430,41,187,2081,91,193,24258,3176,149,17,20,21,18063,367,4362,0,4,74,6343,7,465,18,70,26,7682,3676,260,796,0,1,45,0,0,0,0,0,0,0,2,0,1,3,1,0,1,0,0,0,0,0,6,4,79,0,11,0,161,77,4,0,0,149,51,0,0,48,35,3,0,0,155,2,49,246,5,23,0,0,0,0,0
3,0,0,3,3,2,1,912,4343,127,155,287,303,67,41,20,31,39,66,4953,79,215,2251,842,12963,3176,23101,174,18,44,63,5310,1806,605,2,9,1548,4586,211,2326,35,111,56,30166,1530,263,864,6,12,68,0,0,0,0,1,0,1,4,0,2,1,2,0,2,0,0,0,0,0,5,0,25,3,1,0,47,102,37,0,0,38,20,0,0,24,28,13,0,0,56,2,244,81,4,8,0,0,0,0,1
0,0,0,0,0,1,2,11,12,17,6,3,7,2,2,2,0,1,1,69,5,575,204,4,2,149,174,53400,290,5,7,303,25,8560,0,1,10,31,0,28097,4,11,4,395,17,20478,6104,0,3,3,0,0,0,0,0,0,0,0,0,1,0,0,0,0,0,0,0,0,0,0,0,2,0,0,0,11,12,11,0,0,6,1,0,0,2,21,0,0,0,5,0,136,20,2,2,0,0,0,0,0
84,82,23,152,117,172,35,26,5,237,26,15,13,3704,209,86,3,3,31,118,9,5810,200,29,7,17,18,290,53499,12107,102,34,36,42,18,50,176,25,48,29,37332,544,159,24,16,1072,65,10,7345,72,3,7,3,1,3,7,0,0,0,0,4,2,0,0,6,3,8,0,0,0,0,2,0,1,0,0,0,0,1,1,0,0,1,3,0,0,4,5,0,2,7,3,0,0,0,3,0,0,3,2
97,142,39,259,137,263,61,59,4,445,43,18,21,19338,920,208,12,12,53,404,44,1825,6,21,23,20,44,5,12107,35066,300,29,95,3,27,101,303,67,65,2,14534,19513,470,13,53,9,5,23,2930,1400,4,2,1,1,6,10,0,1,0,0,9,0,0,0,9,2,9,0,0,0,1,2,0,0,0,0,0,0,0,1,0,0,1,5,0,0,6,11,1,0,0,0,0,0,0,3,1,1,2,0
33,16,5,195,55,32,37,3376,97,932,384,111,487,1274,1632,9515,682,1584,4214,1647,1808,205,36,496,55,21,63,7,102,300,13826,43,256,4,187,1147,1579,94,569,3,162,872,19378,20,147,3,4,108,87,2206,2,4,5,5,10,11,0,0,0,0,8,1,0,0,10,2,13,0,0,0,0,3,1,0,0,1,0,0,1,1,0,0,2,3,0,0,9,22,1,1,7,0,0,0,0,4,1,0,10,0
1,0,0,1,1,1,2,346,217,528,532,821,336,33,11,7,82,68,46,798,206,407,12967,117,371,18063,5310,303,34,29,43,38311,10209,3979,1,4,102,3363,11,657,33,105,33,5878,6041,2219,24287,0,3,64,0,0,0,0,0,0,0,2,0,0,0,1,0,2,0,0,0,1,0,13,2,54,6,10,1,241,134,2,0,0,182,51,0,0,61,74,5,0,0,232,1,80,343,3,23,0,0,0,1,0
2,2,0,3,3,4,4,822,562,1162,1632,12239,11974,121,49,26,336,509,83,4624,981,257,13090,171,1466,367,1806,25,36,95,256,10209,20510,29,2,21,250,1757,25,14,108,498,197,842,4793,73,4451,2,12,380,0,0,0,0,0,1,0,0,0,0,0,0,0,1,0,0,1,0,0,2,0,0,1,0,0,8,3,0,0,0,3,0,1,0,0,0,4,0,0,8,0,3,6,0,0,0,0,0,0,0
0,0,0,0,0,0,0,10,12,16,16,10,7,3,3,0,3,2,2,68,7,431,561,4,10,4362,605,8560,42,3,4,3979,29,28297,0,1,5,29,1,15896,3,6,3,3997,20,3062,9712,0,2,2,0,0,0,0,0,0,0,0,0,0,0,2,0,0,0,0,0,0,0,0,0,36,0,8,0,139,35,7,0,0,112,8,0,0,1,165,0,0,0,19,0,267,267,4,7,0,0,0,0,0
27,10,9,73,66,67,2499,20,6,230,222,2,2,113,46,2055,4,5,274,10,25,94,5,361,1,0,2,0,18,27,187,1,2,0,3139,4664,1063,0,5564,0,27,47,67,2,0,0,1,2184,43,32,9,6,21,6,11,40,0,1,0,0,15,4,0,0,17,3,26,1,0,0,0,2,2,0,0,0,0,0,1,4,0,0,6,11,0,0,45,24,1,0,12,0,1,0,0,25,5,0,11,0
23,13,2,34,55,61,183,99,94,769,723,32,19,185,64,5268,64,74,3090,80,150,382,26,6046,25,4,9,1,50,101,1147,4,21,1,4664,8931,2073,4,3854,0,104,223,353,17,5,2,3,932,78,136,12,9,15,5,14,34,0,0,0,0,25,8,0,0,27,8,27,0,1,0,0,11,3,0,3,0,0,0,1,1,0,1,7,4,0,0,65,28,5,3,18,0,0,0,0,11,2,2,16,3
59,57,40,175,99,268,448,3386,3221,2056,1025,765,414,519,194,1231,517,285,1262,1229,1005,726,184,17002,181,74,1548,10,176,303,1579,102,250,5,1063,2073,3622,96,6744,15,306,648,960,149,33,12,35,1648,131,486,17,16,19,12,27,66,0,0,0,0,36,2,0,1,27,24,58,0,6,1,3,13,9,0,2,1,6,0,3,6,0,2,11,17,1,0,30,118,9,2,53,0,3,0,0,91,5,3,16,5
2,0,0,2,1,2,2,212,101,166,131,236,137,121,41,12,21,48,27,9137,88,175,1357,79,685,6343,4586,31,25,67,94,3363,1757,29,0,4,96,10130,11,13,31,154,78,9959,12020,19,123,1,13,132,0,0,0,0,0,0,0,0,0,0,0,0,0,0,0,0,0,0,0,2,1,5,0,0,0,8,8,1,0,0,3,3,0,0,6,0,2,0,0,4,0,1,4,2,0,0,0,0,0,0
33,47,92,108,74,1106,2064,77,173,637,451,20,11,220,63,1191,49,38,299,33,164,249,16,6702,4,7,211,0,48,65,569,11,25,1,5564,3854,6744,11,25269,0,100,214,338,13,3,1,3,10569,102,146,7,6,8,6,14,31,0,0,1,0,20,1,0,0,12,5,9,0,1,0,0,6,3,1,0,1,0,0,0,5,0,0,1,3,0,0,37,21,1,0,12,0,0,0,0,35,1,1,10,0
0,0,0,0,0,0,0,16,11,8,6,4,5,1,1,0,0,0,2,41,1,258,312,12,63,465,2326,28097,29,2,3,657,14,15896,0,0,15,13,0,36972,0,8,2,17115,12,3962,3438,1,2,2,0,0,0,0,0,0,1,0,0,0,0,1,0,0,0,0,0,0,0,0,0,60,0,7,0,141,173,178,0,0,113,6,0,0,4,394,1,0,0,18,0,2062,444,40,20,0,0,0,0,0
55,97,33,176,49,294,67,22,2,23455,30,55,23,1713,267,124,16,14,62,163,71,25895,6,41,16,18,35,4,37332,14534,162,33,108,3,27,104,306,31,100,0,55695,10616,328,14,35,8,3,23,457,308,3,3,9,3,2,13,0,0,0,1,2,3,0,0,6,0,11,0,0,0,0,2,0,0,0,0,0,0,0,1,0,0,1,1,0,0,7,9,2,0,7,0,0,0,0,1,2,0,7,0
47,111,38,251,51,300,84,71,17,31359,93,103,104,8994,1389,246,87,53,118,519,479,1163,44,83,82,70,111,11,544,19513,872,105,498,6,47,223,648,154,214,8,10616,20132,3032,37,169,5,15,33,443,9100,6,2,8,1,7,11,0,0,1,0,13,2,0,0,5,2,8,0,1,0,0,2,0,0,0,0,0,0,0,1,0,0,3,3,0,0,10,19,6,0,5,0,0,0,0,4,0,1,8,2
78,34,3,1643,123,36,28,304,19,4369,211,38,66,2843,14025,4106,254,81,309,826,10654,196,14,69,43,26,56,4,159,470,19378,33,197,3,67,353,960,78,338,2,328,3032,39795,13,70,1,1,46,180,12735,3,1,3,0,1,4,0,0,0,0,13,1,0,0,7,0,16,0,1,0,0,2,0,1,1,0,0,0,0,3,0,0,3,0,0,0,17,6,2,0,2,0,0,0,0,6,0,0,2,1
0,0,0,1,0,1,1,307,738,98,217,256,151,17,8,16,23,15,163,2621,51,536,3943,1452,5504,7682,30166,395,24,13,20,5878,842,3997,2,17,149,9959,13,17115,14,37,13,68276,328,656,1368,2,6,21,0,0,0,0,0,0,1,2,0,2,1,5,0,1,0,0,1,0,1,11,1,96,9,16,0,488,196,18,0,0,356,50,0,0,75,249,5,0,0,241,2,329,642,10,35,0,0,0,0,0
1,1,0,2,3,0,1,68,50,113,33,37,200,104,40,4,11,121,10,7435,64,71,361,21,201,3676,1530,17,16,53,147,6041,4793,20,0,5,33,12020,3,12,35,169,70,328,9198,7,43,0,8,128,0,0,0,0,0,0,0,1,0,0,0,0,0,0,0,0,0,0,0,0,0,1,0,0,0,3,6,0,0,0,0,1,0,0,1,0,0,0,0,1,0,0,2,0,0,0,0,0,0,0
0,0,0,1,0,1,2,70,55,55,102,69,48,3,0,3,8,6,11,68,13,3884,4282,8,29,260,263,20478,1072,9,3,2219,73,3062,0,2,12,19,1,3962,8,5,1,656,7,16712,16642,0,1,1,0,0,0,0,0,0,0,0,0,0,0,0,0,0,0,0,1,0,0,0,0,15,0,0,0,61,11,4,0,0,39,1,0,0,1,50,1,0,0,7,0,100,92,1,5,0,0,0,0,0
0,0,0,0,0,0,0,76,62,116,174,340,126,4,1,2,24,14,10,97,35,639,8819,32,73,796,864,6104,65,5,4,24287,4451,9712,1,3,35,123,3,3438,3,15,1,1368,43,16642,42051,0,0,2,0,0,0,0,0,0,1,1,0,1,0,0,0,0,0,0,0,0,0,3,0,37,1,5,0,128,43,4,0,0,121,12,0,0,14,132,0,0,0,53,0,191,258,5,8,0,0,0,0,0
71,67,120,316,239,8615,2056,8,3,133,160,0,1,143,55,895,6,6,23,5,9,60,3,161,3,0,6,0,10,23,108,0,2,0,2184,932,1648,1,10569,1,23,33,46,2,0,0,0,7807,180,20,51,84,74,75,113,414,0,0,0,1,24,4,0,0,59,20,106,0,1,1,0,8,28,0,0,0,0,0,1,1,0,0,8,14,0,0,67,312,3,0,136,0,0,0,0,493,6,1,16,0
937,165,91,249,1919,1167,71,24,2,169,13,1,3,18100,245,139,1,0,16,166,1,909,0,10,3,1,12,3,7345,2930,87,3,12,2,43,78,131,13,102,2,457,443,180,6,8,1,0,180,12016,15,5,3,11,3,9,16,0,0,0,0,13,1,0,0,11,6,16,0,0,0,1,1,0,0,0,0,0,0,0,1,0,0,3,4,0,0,15,21,0,0,8,0,0,0,0,4,2,1,3,0
7,9,2,122,6,40,44,96,15,7837,29,21,96,2903,7414,224,41,84,66,628,2192,112,10,44,73,45,68,3,72,1400,2206,64,380,2,32,136,486,132,146,2,308,9100,12735,21,128,1,2,20,15,17321,3,2,4,4,4,7,0,0,1,0,8,0,0,0,3,1,5,0,1,0,1,1,0,1,0,0,0,0,0,0,0,0,1,4,0,0,16,3,1,0,5,0,0,0,0,0,0,1,5,0
13,6,4,32,6,27,39,0,0,11,0,0,0,17,3,23,0,0,5,1,0,10,0,0,0,0,0,0,3,4,2,0,0,0,9,12,17,0,7,0,3,6,3,0,0,0,0,51,5,3,42569,9209,2034,10621,17173,1204,2,8,0,5,614,60,1,0,17738,226,172,3,8,40,9,262,16,1,3,0,0,0,519,57,0,0,1364,17,0,0,158,83,26,7,83,0,1,0,0,203,9136,222,980,29
6,16,19,36,16,50,65,1,0,16,3,0,0,17,4,30,0,0,1,0,0,10,0,0,0,0,0,0,7,2,4,0,0,0,6,9,16,0,6,0,3,2,1,0,0,0,0,84,3,2,9209,52572,7039,16508,3940,4215,0,3,2,1,1571,109,0,0,5721,97,68,0,4,19,1,129,9,2,2,0,0,0,56,20,0,0,246,8,2,0,117,45,11,1,42,0,0,0,0,119,253,39,572,14
8,13,10,47,11,45,79,0,0,22,0,0,0,33,7,36,0,0,4,0,0,14,0,0,0,0,0,0,3,1,5,0,0,0,21,15,19,0,8,0,9,8,3,0,0,0,0,74,11,4,2034,7039,38386,347,1151,12252,5,83,7,29,1511,157,3,4,16299,13328,3331,16,33,256,26,128,61,9,19,1,3,1,164,249,1,8,514,332,3,0,251,264,155,24,171,0,7,0,0,162,477,71,668,98
4,7,318,31,6,172,42,0,0,12,3,0,0,20,2,21,0,0,0,0,0,1,0,4,1,0,0,0,1,1,5,0,0,0,6,5,12,0,6,0,3,1,0,0,0,0,0,75,3,4,10621,16508,347,28294,16121,13276,1,0,1,2,549,45,1,0,572,32,29,0,4,2,2,86,7,1,0,0,1,0,20,7,0,0,102,1,0,0,49,135,15,3,41,0,1,0,0,679,147,21,242,8
5,7,12,36,9,86,72,1,0,21,3,0,0,21,4,28,0,0,3,0,0,8,0,3,0,0,1,0,3,6,10,0,0,0,11,14,27,0,14,0,2,7,1,0,0,0,0,113,9,4,17173,3940,1151,16121,25164,3127,1,0,2,5,1056,111,0,0,2417,86,279,0,12,6,1,272,123,1,5,0,0,0,87,15,0,2,315,15,0,0,152,946,46,1,582,0,0,0,0,6752,3598,56,561,34
35,22,73,152,48,143,252,0,0,36,5,0,0,63,15,131,0,0,5,0,1,31,0,4,0,0,0,0,7,10,11,0,1,0,40,34,66,0,31,0,13,11,4,0,0,0,0,414,16,7,1204,4215,12252,13276,3127,33400,0,5,0,4,1177,219,0,2,1180,83,3626,2,13,40,19,70,64,10,11,0,1,0,36,41,0,1,155,29,0,0,417,700,51,7,592,0,1,0,0,1079,115,16,316,56
0,0,0,0,0,0,0,0,0,0,0,1,0,0,0,0,0,0,0,0,0,0,1,0,0,0,1,0,0,0,0,0,0,0,0,0,0,0,0,1,0,0,0,1,0,0,1,0,0,0,2,0,5,1,1,0,4434,7093,208,685,51,468,128,2616,7,15,79,3554,54,9132,187,627,703,590,372,78,887,4,2,1288,65,6924,29,18,1344,7,988,8,16,363,4,8,106,12,17,1,0,0,30,46
0,0,0,0,0,0,0,0,0,0,1,0,0,0,0,0,0,0,0,0,0,0,1,0,0,2,4,0,0,1,0,2,0,0,1,0,0,0,0,0,0,0,0,2,1,0,1,0,0,0,8,3,83,0,0,5,7093,21116,8548,1813,91,964,143,354,96,174,1195,6598,896,6201,603,935,1489,106,271,38,128,4,0,886,76,156,24,371,66,10,2330,21,18,144,14,3,61,13,10,1,4,0,17,5
0,0,0,0,0,0,0,0,0,0,0,0,0,0,0,0,0,0,0,0,0,0,0,0,0,0,0,0,0,0,0,0,0,0,0,0,0,0,1,0,0,1,0,0,0,0,0,0,0,1,0,2,7,1,2,0,208,8548,3394,3977,87,333,18,32,6,20,2703,2676,2486,353,121,189,248,17,201,2,14,0,0,3458,6,26,6,611,12,2,303,6,51,10,2,3,2,1,2,0,1,0,9,5
0,0,0,1,0,0,0,0,1,0,0,0,0,0,0,0,0,0,0,0,0,1,0,0,0,1,2,1,0,0,0,0,0,0,0,0,0,0,0,0,1,0,0,2,0,0,1,1,0,0,5,1,29,2,5,4,685,1813,3977,47594,129,648,129,335,33,63,1115,173,4723,12128,217,700,16570,8785,26,23,978,4,3,82,44,228,14,142,69,4,2254,299,7,169,25,3,122,4,5,5,4,0,9,15
14,10,11,30,20,37,36,2,1,36,2,0,1,22,11,37,0,1,11,0,1,26,1,2,0,3,1,0,4,9,8,0,0,0,15,25,36,0,20,0,2,13,13,1,0,0,0,24,13,8,614,1571,1511,549,1056,1177,51,91,87,129,51186,2591,2022,782,2020,2218,2047,301,463,165,5007,1116,573,70,899,44,82,14,447,666,132,564,493,658,104,12,1371,953,1901,196,529,6,60,20,45,158,268,29259,42080,11882
0,1,0,1,2,3,2,1,0,7,2,0,0,8,0,8,0,0,2,0,1,2,1,2,0,1,2,0,2,0,1,1,0,2,4,8,2,0,1,1,3,2,1,5,0,0,0,4,1,0,60,109,157,45,111,219,468,964,333,648,2591,6990,4770,5527,180,192,1181,1789,683,405,8551,8158,675,216,167,81,184,12,23,342,252,2326,71,263,105,14,893,421,102,372,246,17,182,28,72,40,33,8,109,77
0,0,0,0,0,0,0,0,0,0,0,0,0,0,0,0,0,0,0,0,0,0,0,0,0,0,0,0,0,0,0,0,0,0,0,0,0,0,0,0,0,0,0,0,0,0,0,0,0,0,1,0,3,1,0,0,128,143,18,129,2022,4770,11003,22723,4,0,36,2793,41,416,3526,6294,91,379,45,48,220,5,1,42,199,16771,0,7,75,7,117,6,5,240,2,7,135,17,70,0,0,20,40,8
0,0,0,0,0,1,0,0,0,0,0,0,0,0,0,0,0,0,0,0,0,1,0,0,0,1,2,0,0,0,0,2,1,0,0,0,1,0,0,0,0,0,0,1,0,0,0,0,0,0,0,0,4,0,0,2,2616,354,32,335,782,5527,22723,10893,5,4,49,5549,58,1461,3819,3224,216,282,120,51,284,13,0,100,234,12734,5,3,124,24,205,4,13,264,11,6,138,37,82,0,0,0,10,36
12,9,17,36,14,38,55,0,0,34,0,0,0,30,2,44,0,0,2,0,1,13,0,1,0,0,0,0,6,9,10,0,0,0,17,27,27,0,12,0,6,5,7,0,0,0,0,59,11,3,17738,5721,16299,572,2417,1180,7,96,6,33,2020,180,4,5,44254,12439,946,31,41,415,11,377,77,17,10,5,9,1,2804,956,0,4,19298,340,50,2,624,279,358,102,252,2,7,0,0,155,11262,602,4015,58
6,2,1,13,4,10,19,0,0,8,2,0,0,11,2,15,0,0,1,0,0,12,0,0,0,0,0,0,3,2,2,0,0,0,3,8,24,0,5,0,0,2,0,0,0,0,0,20,6,1,226,97,13328,32,86,83,15,174,20,63,2218,192,0,4,12439,41651,3242,68,64,577,36,79,90,24,125,16,17,1,139,3600,4,15,6542,6207,87,0,473,204,13306,122,171,0,14,2,0,77,263,54,2194,7166
10,16,13,61,14,58,106,0,0,33,9,0,0,39,6,68,0,0,8,1,2,25,1,4,1,0,0,0,8,9,13,0,1,0,26,27,58,0,9,0,11,8,16,1,0,1,0,106,16,5,172,68,3331,29,279,3626,79,1195,2703,1115,2047,1181,36,49,946,3242,30126,505,2960,532,439,490,995,96,385,6,23,1,37,3842,5,58,440,12557,14,1,2110,9051,429,65,1884,1,36,2,2,817,100,25,554,307
0,0,0,0,0,0,0,0,0,0,0,0,0,0,1,0,0,0,0,0,0,0,0,0,0,0,0,0,0,0,0,1,0,0,1,0,0,0,0,0,0,0,0,0,0,0,0,0,0,0,3,0,16,0,0,2,3554,6598,2676,173,301,1789,2793,5549,31,68,505,5348,275,1364,9502,444,176,172,2128,53,115,2,0,3434,19,397,21,117,339,11,309,17,7,196,2,4,24,3,7,1,3,2,13,31
0,0,0,3,1,1,2,0,0,1,0,1,0,5,0,2,0,0,2,1,0,4,0,0,0,0,0,0,0,0,0,0,0,0,0,1,6,0,1,0,0,1,1,1,0,0,0,1,0,1,8,4,33,4,12,13,54,896,2486,4723,463,683,41,58,41,64,2960,275,6771,705,419,352,6180,418,237,6,39,0,6,231,9,65,75,87,18,3,1436,1498,50,135,826,0,107,2,2,71,9,3,148,93
0,0,1,0,0,0,0,2,2,1,1,0,1,0,1,3,0,0,0,4,0,0,5,0,2,6,5,0,0,0,0,13,2,0,0,0,1,2,0,0,0,0,0,11,0,0,3,1,0,0,40,19,256,2,6,40,9132,6201,353,12128,165,405,416,1461,415,577,532,1364,705,20609,125,1685,2464,17871,27,270,5164,11,25,2083,120,9418,201,471,13776,17,1501,77,82,4307,23,23,2022,16,21,7,27,12,99,61
0,0,0,0,0,0,1,0,0,0,0,0,0,1,0,2,0,0,0,0,0,2,0,0,0,4,0,0,0,1,0,2,0,0,0,0,3,1,0,0,0,0,0,1,0,0,0,0,1,1,9,1,26,2,1,19,187,603,121,217,5007,8551,3526,3819,11,36,439,9502,419,125,15613,1647,551,135,8045,81,106,11,2,2442,243,1246,12,68,184,21,720,141,705,346,79,12,133,46,72,6,4,1,77,6812
2,3,3,5,1,4,12,0,0,15,3,0,0,8,2,6,0,1,2,0,2,7,10,1,2,79,25,2,2,2,3,54,0,36,2,11,13,5,6,60,2,2,2,96,1,15,37,8,1,1,262,129,128,86,272,70,627,935,189,700,1116,8158,6294,3224,377,79,490,444,352,1685,1647,40871,298,1182,78,1558,1764,2038,2344,152,12331,31575,505,85,917,3048,529,146,43,2812,106,1885,2491,9736,6741,24,417,1095,990,56
1,0,0,6,1,7,5,1,0,3,0,0,0,0,0,5,0,0,0,1,0,2,3,1,2,0,3,0,0,0,1,6,1,0,2,3,9,0,3,0,0,0,0,9,0,0,1,28,0,0,16,9,61,7,123,64,703,1489,248,16570,573,675,91,216,77,90,995,176,6180,2464,551,298,6711,2614,169,17,685,2,3,160,23,213,119,113,42,0,19005,5057,45,197,4117,1,166,6,4,757,26,5,174,101
0,0,0,0,0,0,1,2,1,1,1,0,3,0,0,0,1,0,0,4,1,0,4,0,0,11,1,0,1,0,0,10,0,8,0,0,0,0,1,7,0,0,1,16,0,0,5,0,0,1,1,2,9,1,1,10,590,106,17,8785,70,216,379,282,17,24,96,172,418,17871,135,1182,2614,48872,33,144,10286,13,2,157,102,3277,24,18,1689,46,605,55,11,3581,188,195,7734,6,19,5,2,0,32,27
0,0,0,0,0,1,0,0,0,0,0,0,0,0,1,0,0,0,0,0,0,1,0,0,0,0,0,0,0,0,0,1,0,0,0,3,2,0,0,0,0,0,1,0,0,0,0,0,0,0,3,2,19,0,5,11,372,271,201,26,899,167,45,120,10,125,385,2128,237,27,8045,78,169,33,19075,28,23,4,3,8189,23,191,12,815,73,4,230,83,6149,91,60,3,25,2,12,11,4,2,130,4630
0,0,0,0,0,0,0,1,1,0,1,0,0,0,0,0,0,0,0,2,0,8,68,0,4,161,47,11,0,0,1,241,8,139,0,0,1,8,1,141,0,0,0,488,3,61,128,0,0,0,0,0,1,0,0,0,78,38,2,23,44,81,48,51,5,16,6,53,6,270,81,1558,17,144,28,23807,2107,179,3,83,14472,1000,42,1,15084,6639,19,0,14,11260,2,1173,9135,147,220,0,4,1,25,48
0,0,0,0,0,0,0,3,4,0,1,1,0,0,0,0,0,0,0,16,0,1,44,2,9,77,102,12,0,0,0,134,3,35,0,0,6,8,0,173,0,0,0,196,6,11,43,0,0,0,0,0,3,1,0,1,887,128,14,978,82,184,220,284,9,17,23,115,39,5164,106,1764,685,10286,23,2107,18940,124,0,94,1411,2784,20,5,2783,307,234,5,8,6613,40,1964,19962,51,177,3,0,0,15,34
0,0,0,0,0,0,0,0,0,0,0,0,0,0,0,0,0,0,0,0,0,0,0,0,0,4,37,11,0,0,0,2,0,7,0,0,0,1,0,178,0,0,0,18,0,4,4,0,0,0,0,0,1,0,0,0,4,4,0,4,14,12,5,13,1,1,1,2,0,11,11,2038,2,13,4,179,124,45846,16,9,924,88,1,0,22,7841,3,0,2,102,0,30345,233,18439,1131,0,0,0,3,6
1,0,0,3,1,0,5,0,0,2,0,0,0,3,1,5,0,0,1,0,0,1,0,0,0,0,0,0,1,0,1,0,0,0,1,1,3,0,0,0,0,0,0,0,0,0,0,1,0,0,519,56,164,20,87,36,2,0,0,3,447,23,1,0,2804,139,37,0,6,25,2,2344,3,2,3,3,0,16,97686,44,3,0,26159,16,4,1,68,27,6,8,23,0,1,27,1,5,10274,35250,2436,4
1,0,0,0,3,2,3,0,0,6,1,0,0,3,2,2,0,0,2,0,0,9,0,2,0,0,0,0,1,1,1,0,0,0,4,1,6,0,5,0,1,1,3,0,0,0,0,1,1,0,57,20,249,7,15,41,1288,886,3458,82,666,342,42,100,956,3600,3842,3434,231,2083,2442,152,160,157,8189,83,94,9,44,4891,39,542,657,6017,444,16,488,417,2647,409,202,7,44,5,8,28,53,14,427,1212
0,0,0,0,0,0,0,0,0,0,0,1,1,0,0,0,0,0,0,0,0,5,64,0,1,149,38,6,0,0,0,182,3,112,0,0,0,3,0,113,0,0,0,356,0,39,121,0,0,0,0,0,1,0,0,0,65,76,6,44,132,252,199,234,0,4,5,19,9,120,243,12331,23,102,23,14472,1411,924,3,39,20980,5433,7,1,2383,10812,28,2,12,2163,4,1133,1970,3030,22952,0,0,1,30,40
0,0,0,0,0,0,0,1,1,0,0,1,0,0,0,0,0,0,0,5,0,1,26,0,0,51,20,1,0,0,0,51,0,8,0,1,2,3,0,6,0,0,0,50,1,1,12,0,0,0,0,0,8,0,2,1,6924,156,26,228,564,2326,16771,12734,4,15,58,397,65,9418,1246,31575,213,3277,191,1000,2784,88,0,542,5433,41571,54,6,8288,122,182,8,38,3901,8,108,1769,164,7434,0,1,0,69,172
1,5,1,10,4,17,11,0,0,10,1,0,0,12,3,9,0,0,3,0,0,8,0,1,0,0,0,0,1,1,2,0,1,0,6,7,11,0,1,0,1,3,3,0,0,0,0,8,3,1,1364,246,514,102,315,155,29,24,6,14,493,71,0,5,19298,6542,440,21,75,201,12,505,119,24,12,42,20,1,26159,657,7,54,79730,208,191,6,474,190,546,180,185,3,18,1,0,60,7051,9676,32237,810
1,1,2,10,4,11,13,0,1,12,3,0,0,8,3,11,0,0,0,0,0,8,0,0,0,0,0,0,3,5,3,0,0,0,11,4,17,0,3,0,1,3,0,0,0,0,0,14,4,4,17,8,332,1,15,29,18,371,611,142,658,263,7,3,340,6207,12557,117,87,471,68,85,113,18,815,1,5,0,16,6017,1,6,208,15133,0,0,613,290,6253,13,257,1,10,0,0,102,16,4,258,804
0,0,0,0,0,0,0,0,1,0,1,0,0,0,0,0,0,0,0,1,0,1,19,0,1,48,24,2,0,0,0,61,0,1,0,0,1,6,0,4,0,0,0,75,1,1,14,0,0,0,0,2,3,0,0,0,1344,66,12,69,104,105,75,124,50,87,14,339,18,13776,184,917,42,1689,73,15084,2783,22,4,444,2383,8288,191,0,31358,79,56,1,57,14595,3,39,608,19,47,0,0,3,142,176
0,0,0,0,0,0,0,1,0,0,0,0,1,0,0,0,0,0,0,0,0,10,21,0,1,35,28,21,0,0,0,74,0,165,0,0,0,0,0,394,0,0,0,249,0,50,132,0,0,0,0,0,0,0,0,0,7,10,2,4,12,14,7,24,2,0,1,11,3,17,21,3048,0,46,4,6639,307,7841,1,16,10812,122,6,0,79,41381,2,1,2,504,1,18699,3159,12297,2805,0,0,0,3,5
8,15,10,46,14,37,62,5,5,42,9,0,1,46,8,80,0,0,7,1,0,28,6,8,2,3,13,0,4,6,9,5,4,0,45,65,30,2,37,1,7,10,17,5,0,1,0,67,15,16,158,117,251,49,152,417,988,2330,303,2254,1371,893,117,205,624,473,2110,309,1436,1501,720,529,19005,605,230,19,234,3,68,488,28,182,474,613,56,2,3501,2957,539,90,6901,1,59,2,5,896,101,42,647,398
27,19,14,104,29,105,166,1,0,61,5,1,0,70,14,93,0,0,8,1,0,34,0,5,0,0,0,0,5,11,22,0,0,0,24,28,118,0,21,0,9,19,6,0,0,0,0,312,21,3,83,45,264,135,946,700,8,21,6,299,953,421,6,4,279,204,9051,17,1498,77,141,146,5057,55,83,0,5,0,27,417,2,8,190,290,1,1,2957,14033,165,15,10135,0,15,0,0,2928,38,12,314,154
3,1,0,4,3,5,1,0,0,19,0,0,0,1,1,7,0,0,1,0,0,9,0,0,0,0,0,0,0,1,1,0,0,0,1,5,9,0,1,0,2,6,2,0,0,0,0,3,0,1,26,11,155,15,46,51,16,18,51,7,1901,102,5,13,358,13306,429,7,50,82,705,43,45,11,6149,14,8,2,6,2647,12,38,546,6253,57,2,539,165,34407,62,213,4,7,1,1,106,23,6,992,17752
0,0,0,0,0,0,0,8,3,2,2,1,3,0,0,0,0,1,0,11,0,2,70,3,8,155,56,5,2,0,1,232,8,19,0,3,2,4,0,18,0,0,0,241,1,7,53,0,0,0,7,1,24,3,1,7,363,144,10,169,196,372,240,264,102,122,65,196,135,4307,346,2812,197,3581,91,11260,6613,102,8,409,2163,3901,180,13,14595,504,90,15,62,27632,12,374,16802,83,200,0,10,6,130,188
9,5,8,23,7,56,53,0,0,24,0,0,0,22,4,33,0,0,2,0,0,18,1,5,1,2,2,0,7,0,7,1,0,0,12,18,53,0,12,0,7,5,2,2,0,0,0,136,8,5,83,42,171,41,582,592,4,14,2,25,529,246,2,11,252,171,1884,2,826,23,79,106,4117,188,60,2,40,0,23,202,4,8,185,257,3,1,6901,10135,213,12,14919,0,5,0,0,8677,60,16,250,175
0,0,0,0,0,0,0,0,0,0,0,0,0,0,0,0,0,0,0,0,0,3,37,0,1,49,244,136,3,0,0,80,3,267,0,0,0,1,0,2062,0,0,0,329,0,100,191,0,0,0,0,0,0,0,0,0,8,3,3,3,6,17,7,6,2,0,1,4,0,23,12,1885,1,195,3,1173,1964,30345,0,7,1133,108,3,1,39,18699,1,0,4,374,0,33104,12258,5818,842,0,0,0,2,8
0,0,0,0,0,0,0,2,2,3,1,0,2,0,0,0,0,0,0,7,0,11,104,1,3,246,81,20,0,0,0,343,6,267,1,0,3,4,0,444,0,0,0,642,2,92,258,0,0,0,1,0,7,1,0,1,106,61,2,122,60,182,135,138,7,14,36,24,107,2022,133,2491,166,7734,25,9135,19962,233,1,44,1970,1769,18,10,608,3159,59,15,7,16802,5,12258,50703,229,304,0,4,0,18,30
0,0,0,0,0,0,0,0,0,0,0,0,0,0,0,0,0,0,0,0,0,1,0,0,0,5,4,2,0,0,0,3,0,4,0,0,0,2,0,40,0,0,0,10,0,1,5,0,0,0,0,0,0,0,0,0,12,13,1,4,20,28,17,37,0,2,2,3,2,16,46,9736,6,6,2,147,51,18439,27,5,3030,164,1,0,19,12297,2,0,1,83,0,5818,229,18998,8488,0,0,2,2,5
0,0,0,0,0,0,0,0,0,0,0,0,0,0,0,0,0,0,0,0,0,0,10,1,0,23,8,2,0,0,0,23,0,7,0,0,0,0,0,20,0,0,0,35,0,5,8,0,0,0,0,0,0,0,0,0,17,10,2,5,45,72,70,82,0,0,2,7,2,21,72,6741,4,19,12,220,177,1131,1,8,22952,7434,0,0,47,2805,5,0,1,200,0,842,304,8488,17591,0,0,0,3,6
16,16,24,81,10,104,150,1,0,18,5,0,0,19,7,47,0,0,1,0,0,7,0,10,0,0,0,0,3,3,4,0,0,0,25,11,91,0,35,0,1,4,6,0,0,0,0,493,4,0,203,119,162,679,6752,1079,1,1,0,5,158,40,0,0,155,77,817,1,71,7,6,24,757,5,11,0,3,0,5,28,0,0,60,102,0,0,896,2928,106,0,8677,0,0,0,0,14072,280,6,91,61
0,0,1,3,0,1,6,1,0,7,0,0,0,3,0,5,0,0,0,1,0,4,0,0,0,0,0,0,0,1,1,0,0,0,5,2,5,0,1,0,2,0,0,0,0,0,0,6,2,0,9136,253,477,147,3598,115,0,4,1,4,268,33,0,0,11262,263,100,3,9,27,4,417,26,2,4,4,0,0,10274,53,0,1,7051,16,0,0,101,38,23,10,60,0,4,0,0,280,32946,1018,1805,8
0,0,0,2,0,3,1,0,0,0,0,0,0,1,0,1,0,0,0,0,0,2,0,0,0,0,0,0,0,1,0,0,0,0,0,2,3,0,1,0,0,1,0,0,0,0,0,1,1,1,222,39,71,21,56,16,0,0,0,0,29259,8,20,0,602,54,25,2,3,12,1,1095,5,0,2,1,0,0,35250,14,1,0,9676,4,3,0,42,12,6,6,16,0,0,2,0,6,1018,58575,3901,22
0,5,3,22,5,21,19,1,0,19,0,0,1,15,4,26,0,1,3,1,0,15,0,1,0,0,0,0,3,2,10,1,0,0,11,16,16,0,10,0,7,8,2,0,0,0,0,16,3,5,980,572,668,242,561,316,30,17,9,9,42080,109,40,10,4015,2194,554,13,148,99,77,990,174,32,130,25,15,3,2436,427,30,69,32237,258,142,3,647,314,992,130,250,2,18,2,3,91,1805,3901,20478,2317
0,0,0,2,1,2,1,0,0,2,0,0,0,3,0,1,0,0,2,0,0,2,0,0,0,0,1,0,2,0,0,0,0,0,0,3,5,0,0,0,0,2,1,0,0,0,0,0,0,0,29,14,98,8,34,56,46,5,5,15,11882,77,8,36,58,7166,307,31,93,61,6812,56,101,27,4630,48,34,6,4,1212,40,172,810,804,176,5,398,154,17752,188,175,8,30,5,6,61,8,22,2317,17371
