9022,7732,10600,3643,11396,3532,1112,1,2,143,5,1,2,9696,352,289,0,2,7,23,2,393,3,4,10,7,2,10,564,418,15,9,17,19,46,21,21,16,56,0,249,58,156,5,36,33,12,64,1630,12,11,18,19,36,36,68,0,0,0,0,7,0,0,0,28,7,22,0,4,1,0,2,0,0,0,0,2,0,5,0,0,0,12,5,0,0,2,37,2,0,9,0,1,0,0,25,3,1,3,3
7732,20310,11490,15608,1342,5762,1995,4,1,272,0,4,1,5020,2581,189,1,2,4,11,6,571,1,1,2,1,0,15,448,638,8,7,5,10,33,14,12,0,60,2,574,187,85,8,10,37,13,68,253,17,12,34,10,57,44,128,0,0,0,0,2,0,0,0,26,3,27,0,3,0,0,3,1,1,0,0,0,0,2,0,0,0,9,13,1,0,7,31,1,0,1,1,0,0,0,29,6,2,3,0
10600,11490,32498,12586,5664,15462,11037,3,1,148,0,1,1,1031,106,26,1,1,4,2,5,536,4,1,0,1,0,9,457,475,5,9,4,8,18,6,8,2,84,1,409,97,16,2,2,35,15,90,385,9,27,49,27,1152,99,159,0,0,0,0,2,0,0,0,44,7,27,1,0,0,0,2,1,0,0,0,0,0,10,0,0,0,4,5,0,1,2,53,0,0,8,0,1,0,1,56,14,4,8,2
3643,15608,12586,49180,1306,3691,14216,15,12,1310,38,22,10,8405,11551,7051,10,4,53,66,32,929,7,24,20,12,10,18,561,968,75,23,19,27,255,121,97,54,197,5,766,397,1304,33,58,37,18,312,524,58,57,143,59,211,239,414,0,2,2,2,19,1,0,1,123,27,118,0,11,3,3,11,3,4,4,1,1,1,26,2,0,1,32,29,0,0,27,127,5,3,29,1,1,1,0,120,29,14,17,8
11396,1342,5664,1306,20072,26376,555,2,11,89,3,2,2,4905,231,251,1,0,3,10,2,124,1,6,13,2,52,10,340,194,9,6,3,6,74,35,46,4,132,12,114,25,124,24,7,6,4,770,2714,7,7,8,11,22,17,38,0,0,0,0,7,0,0,0,22,1,15,0,3,0,0,5,0,2,0,1,0,0,1,0,0,0,9,1,0,0,3,15,0,0,6,0,1,0,0,7,4,3,2,0
3532,5762,15462,3691,26376,30227,23948,2,16,512,11,7,2,1152,627,250,4,3,11,2,22,996,9,40,40,5,159,29,754,838,15,15,7,23,328,107,210,0,1348,75,1107,332,87,83,10,68,26,7664,3024,31,56,109,60,480,280,407,0,0,1,2,16,1,0,0,88,20,69,0,7,0,1,10,3,1,1,2,3,1,17,0,0,0,35,22,2,1,26,90,4,1,23,2,2,1,1,140,39,7,18,2
1112,1995,11037,14216,555,23948,22360,5,8,770,31,17,2,1299,512,2470,10,1,45,27,55,394,3,51,26,8,16,4,192,321,46,5,8,8,1574,215,201,15,1035,2,316,170,229,41,22,15,6,2164,482,59,122,261,134,1188,521,969,0,1,0,3,34,0,0,0,218,46,158,0,19,2,2,28,5,6,1,0,3,1,33,5,0,1,67,36,3,1,44,294,9,3,61,2,2,1,0,313,68,25,23,7
1,4,3,15,2,2,5,35957,8244,267,908,1771,6710,182,97,429,3293,3828,2438,5356,173,3308,292,67,351,69,149,6,30,49,805,210,1088,45,10,73,2142,202,31,4,28,23,610,131,651,74,246,0,8,60,0,0,9,0,1,2,85,109,38,444,47,17,17,95,8,8,39,22,157,263,44,25,46,155,28,7,15,0,7,17,0,102,21,11,38,2,463,67,2,5,12,0,8,0,2,2,0,2,12,11
2,1,1,12,11,16,8,8244,54553,170,423,1287,1194,31,12,90,502,78,5472,4347,79,1864,214,10340,7840,77,3424,14,15,24,68,176,745,59,54,509,15091,212,437,114,10,15,64,1106,200,79,186,80,17,13,0,1,10,1,0,2,137,176,32,801,35,22,29,146,5,6,42,36,186,596,57,24,55,411,28,11,52,2,8,20,5,265,24,13,128,7,909,57,5,24,16,9,30,2,2,2,1,0,8,9
143,272,148,1310,89,512,770,267,170,54432,4764,4032,290,747,733,2380,471,48,977,198,5933,4825,851,99,98,120,52,44,500,801,791,1320,1330,104,501,1140,1538,129,679,8,14154,9289,4592,359,258,333,1558,240,66,5847,5,5,17,10,13,24,3,10,27,69,59,9,6,3,31,26,105,14,247,10,28,20,35,24,33,10,15,0,11,14,2,13,39,34,24,4,79,153,29,6,69,2,19,1,0,13,7,8,37,20
5,0,0,38,3,11,31,908,423,4764,4665,10133,555,37,25,411,503,101,769,167,1096,6625,1860,34,81,49,24,5,17,33,104,195,511,31,60,281,338,38,103,0,35,39,142,214,69,246,572,34,5,23,1,0,2,0,0,3,1,18,9,36,11,3,4,2,2,5,18,5,43,11,11,5,8,13,2,8,9,0,0,5,1,5,8,4,0,0,33,10,2,4,4,1,10,0,1,1,1,1,4,1
1,4,1,22,2,7,17,1771,1287,4032,10133,26093,8778,154,41,193,6377,813,703,542,5030,6920,3648,82,857,97,77,20,76,288,541,467,7747,77,32,188,971,266,72,11,186,471,552,428,394,208,801,14,7,383,1,0,2,0,1,2,3,29,26,87,18,9,3,6,3,3,23,11,71,42,26,10,12,115,12,9,22,0,2,7,3,28,9,6,38,4,92,27,2,15,11,0,20,1,1,1,1,0,7,3
2,1,1,10,2,2,2,6710,1194,290,555,8778,24318,317,157,243,4732,1927,613,1121,864,1479,232,17,389,27,151,12,33,199,1790,354,5524,22,7,41,339,64,24,1,44,137,1137,82,239,46,202,6,12,370,0,0,0,0,2,1,17,12,3,89,2,0,4,22,3,0,9,2,15,122,2,8,7,80,0,2,10,0,0,3,0,44,1,3,33,2,69,9,1,4,4,1,5,0,2,1,0,2,2,1
9696,5020,1031,8405,4905,1152,1299,182,31,747,37,154,317,62645,13263,2104,43,33,249,700,180,944,72,26,281,297,31,70,5103,19068,431,808,926,256,431,268,271,372,519,16,1049,1204,6548,159,1746,162,226,283,12440,5413,29,53,49,45,68,152,1,1,3,8,30,1,1,4,129,47,137,2,51,14,2,14,4,67,6,6,12,0,24,7,0,16,51,49,23,2,32,171,31,17,48,4,17,1,3,48,17,17,21,15
352,2581,106,11551,231,627,512,97,12,733,25,41,157,13263,21583,3044,29,22,155,236,77,561,15,14,73,56,4,14,582,2142,336,170,371,32,98,87,83,115,83,7,597,572,15055,43,620,35,59,51,297,4919,11,7,7,7,19,19,1,0,0,2,5,0,1,0,22,3,20,0,6,4,1,5,1,10,0,0,3,0,3,1,0,4,12,15,10,1,6,28,1,2,8,1,5,0,0,12,1,4,3,2
289,189,26,7051,251,250,2470,429,90,2380,411,193,243,2104,3044,24300,268,106,5147,637,891,994,37,158,140,40,39,8,289,578,15101,62,184,38,1827,2437,678,137,642,7,400,327,7420,149,277,41,44,808,231,334,46,67,45,73,103,257,1,3,3,14,43,3,2,4,174,46,185,3,129,10,12,25,16,13,9,2,9,1,30,16,0,5,81,48,6,1,68,253,33,2,79,1,5,3,1,68,19,12,36,21
0,1,1,10,1,4,10,3293,502,471,503,6377,4732,43,29,268,5396,2115,890,59,4560,599,122,26,36,11,6,3,13,48,1209,179,793,10,23,123,363,15,55,1,36,72,416,32,102,21,168,2,1,96,0,0,2,0,0,0,3,20,11,49,17,2,0,2,3,3,15,4,58,2,9,4,14,4,6,0,3,0,3,7,1,3,10,5,5,2,38,24,4,2,11,0,4,0,0,2,1,4,2,6
2,2,1,4,0,3,1,3828,78,48,101,813,1927,33,22,106,2115,1327,323,102,203,195,22,11,11,2,2,0,6,13,1328,77,529,6,5,15,127,3,4,1,3,7,228,13,103,6,29,0,1,14,0,0,0,0,0,2,0,8,6,20,20,6,2,1,3,2,11,2,36,6,11,1,4,5,2,2,0,0,2,4,0,0,0,0,3,0,12,9,1,1,1,0,0,0,0,0,0,1,3,2
7,4,4,53,3,11,45,2438,5472,977,769,703,613,249,155,5147,890,323,11304,1772,967,1424,88,921,1327,77,201,8,75,133,3109,92,322,36,290,2055,2244,185,447,30,138,140,1684,422,236,31,68,19,11,163,3,3,16,0,5,17,11,37,36,120,103,15,9,7,28,30,139,21,720,44,46,24,76,54,43,2,11,2,11,33,1,27,78,42,28,4,105,270,39,6,89,2,16,1,0,11,9,20,61,37
23,11,2,66,10,2,27,5356,4347,198,167,542,1121,700,236,637,59,102,1772,24948,120,1011,353,137,2417,280,721,8,77,221,929,217,2060,91,42,293,760,3331,49,4,69,85,1155,898,4009,35,132,9,35,161,1,1,5,2,3,3,91,42,3,283,8,6,36,107,14,24,25,2,65,721,7,32,34,1253,5,19,148,1,1,9,6,527,27,17,349,12,136,23,7,84,10,3,128,2,4,2,1,1,3,1
2,6,5,32,2,22,55,173,79,5933,1096,5030,864,180,77,891,4560,203,967,120,8948,488,243,37,68,54,10,15,76,415,1224,656,1137,46,168,687,849,60,325,4,277,922,2922,109,238,42,460,58,13,3302,3,1,10,2,1,12,1,5,14,38,36,4,2,2,8,10,54,7,142,4,18,12,34,10,13,6,7,0,3,12,1,6,29,11,7,1,35,72,15,2,25,1,9,0,1,4,1,3,22,10
393,571,536,929,124,996,394,3308,1864,4825,6625,6920,1479,944,561,994,599,195,1424,1011,488,25738,6885,91,764,925,235,341,3864,1224,350,1697,1411,1122,210,446,463,637,402,187,19302,1687,940,3218,557,5744,2222,90,88,256,8,10,13,9,17,29,3,4,3,28,26,2,5,9,31,27,69,4,65,50,11,30,14,122,8,60,76,2,9,6,27,42,27,19,62,31,36,87,18,39,31,26,108,0,16,8,5,3,10,15
3,1,4,7,1,9,3,292,214,851,1860,3648,232,72,15,37,122,22,88,353,243,6885,8118,36,794,1065,254,97,120,126,31,1475,3544,478,10,36,69,922,18,65,85,90,56,3281,639,4212,6046,4,4,35,0,0,3,0,0,0,1,3,2,6,0,2,7,0,2,4,2,0,8,14,1,32,2,108,1,108,123,2,0,0,23,40,2,4,65,28,5,3,2,79,2,18,175,0,21,2,0,0,3,2
4,1,1,24,6,40,51,67,10340,99,34,82,17,26,14,158,26,11,921,137,37,91,36,7637,1747,50,1592,21,13,12,21,36,48,110,281,2782,6013,34,3688,177,16,10,47,1452,16,20,30,180,30,12,3,0,1,1,4,4,4,12,11,43,13,8,5,2,6,7,28,1,94,16,12,14,25,36,12,9,26,1,4,7,2,14,18,9,17,7,36,47,5,17,15,10,39,1,3,1,0,4,12,8
10,2,0,20,13,40,26,351,7840,98,81,857,389,281,73,140,36,11,1327,2417,68,764,794,1747,12515,199,10645,18,63,198,85,316,2702,137,88,552,802,793,687,126,66,98,162,4175,765,68,214,280,74,110,1,4,16,5,5,9,41,17,17,171,19,10,76,71,36,59,29,7,64,745,16,196,51,3565,14,110,782,2,8,18,36,883,42,46,1065,46,38,22,20,579,8,43,721,5,24,3,3,4,14,11
7,1,1,12,2,5,8,69,77,120,49,97,27,297,56,40,11,2,77,280,54,925,1065,50,199,17837,418,50,94,153,73,8704,697,7000,10,54,24,6313,33,123,58,43,180,9338,2362,251,1837,13,17,58,0,0,4,0,1,1,2,1,1,7,8,8,9,2,2,7,4,0,3,17,11,156,9,153,0,744,455,14,1,3,171,107,2,2,189,175,5,4,2,194,7,131,864,3,139,1,2,2,2,3
2,0,0,10,52,159,16,149,3424,52,24,77,151,31,4,39,6,2,201,721,10,235,254,1592,10645,418,15485,1056,19,19,19,407,412,609,120,266,2226,185,2316,5790,8,10,46,12114,173,109,336,1275,170,10,0,4,3,7,4,8,0,2,2,11,10,7,4,7,6,6,3,1,11,28,3,109,16,376,6,352,669,26,2,1,72,132,10,8,248,162,7,13,6,346,8,176,679,5,74,4,2,0,3,3
10,15,9,18,10,29,4,6,14,44,5,20,12,70,14,8,3,0,8,8,15,341,97,21,18,50,1056,63454,1474,287,6,103,84,11926,4,4,551,17,149,14962,183,28,18,373,55,16798,3764,121,22,9,0,0,0,1,4,1,0,0,0,0,0,0,0,0,1,0,3,0,2,1,0,17,3,12,1,18,88,313,1,0,16,2,2,1,3,366,14,1,0,2,6,1314,90,40,15,8,1,3,0,2
564,448,457,561,340,754,192,30,15,500,17,76,33,5103,582,289,13,6,75,77,76,3864,120,13,63,94,19,1474,122527,25082,69,305,183,688,79,106,156,55,155,192,25407,862,662,251,225,3323,665,98,9209,218,6,5,10,5,12,20,0,0,2,3,14,0,0,0,19,5,40,0,15,1,2,4,2,12,2,7,6,2,5,4,3,0,16,15,7,11,8,56,5,2,19,8,9,1,3,8,3,4,8,5
418,638,475,968,194,838,321,49,24,801,33,288,199,19068,2142,578,48,13,133,221,415,1224,126,12,198,153,19,287,25082,62037,200,1027,836,320,130,239,344,149,244,67,9382,6640,2849,224,737,921,603,64,1904,3204,4,4,8,5,10,30,0,1,1,3,17,1,0,1,30,10,53,4,52,16,3,9,5,36,4,12,13,0,10,6,3,12,20,27,13,3,19,75,10,13,37,5,20,0,1,6,4,6,9,4
15,8,5,75,9,15,46,805,68,791,104,541,1790,431,336,15101,1209,1328,3109,929,1224,350,31,21,85,73,19,6,69,200,8396,210,1052,41,240,740,360,180,185,1,116,164,12042,65,760,10,53,41,22,342,7,5,11,4,10,16,2,4,7,9,28,2,3,1,30,13,48,3,73,9,10,6,15,28,7,2,5,0,8,8,1,9,28,14,13,1,35,85,19,3,30,1,4,1,0,2,1,4,19,10
9,7,9,23,6,15,5,210,176,1320,195,467,354,808,170,62,179,77,92,217,656,1697,1475,36,316,8704,407,103,305,1027,210,37162,11779,5866,11,46,67,1622,40,319,375,646,503,4997,6224,791,13420,19,36,568,0,0,0,0,1,2,0,2,1,6,8,2,6,2,5,1,8,0,11,18,3,121,10,163,1,722,378,11,2,2,211,89,7,5,173,229,8,9,6,196,8,202,943,6,161,1,3,0,3,1
17,5,4,19,3,7,8,1088,745,1330,511,7747,5524,926,371,184,793,529,322,2060,1137,1411,3544,48,2702,697,412,84,183,836,1052,11779,17922,435,24,81,187,1525,30,24,291,620,1473,2366,5857,182,4699,9,35,949,0,0,3,0,0,0,20,10,5,47,5,3,12,13,8,9,10,2,23,180,5,36,12,578,1,55,147,4,1,0,6,175,14,15,207,17,26,12,6,94,8,6,139,0,9,1,0,0,2,3
19,10,8,27,6,23,8,45,59,104,31,77,22,256,32,38,10,6,36,91,46,1122,478,110,137,7000,609,11926,688,320,41,5866,435,23005,10,37,214,923,148,7850,223,60,101,12186,706,5788,11739,92,42,44,0,0,0,0,1,3,0,0,1,3,4,1,5,2,3,1,1,0,7,4,1,125,15,111,1,432,235,133,14,1,254,32,3,1,52,1530,13,9,1,72,4,1459,900,97,172,6,2,11,1,2
46,33,18,255,74,328,1574,10,54,501,60,32,7,431,98,1827,23,5,290,42,168,210,10,281,88,10,120,4,79,130,240,11,24,10,2551,1640,714,17,4047,15,115,93,467,139,9,8,9,3138,148,104,28,42,26,50,74,156,3,0,2,8,30,0,1,0,87,26,95,1,54,1,5,20,2,3,13,1,4,2,16,4,1,0,37,39,1,0,44,153,15,4,44,0,2,1,0,74,16,8,18,6
21,14,6,121,35,107,215,73,509,1140,281,188,41,268,87,2437,123,15,2055,293,687,446,36,2782,552,54,266,4,106,239,740,46,81,37,1640,6377,2489,67,2556,31,203,209,978,570,34,15,42,416,78,214,19,11,23,10,21,55,1,9,13,42,89,6,5,3,83,59,219,7,299,10,29,35,39,28,35,0,7,1,33,19,1,14,120,85,12,4,94,349,66,7,133,1,10,1,0,19,15,23,59,39
21,12,8,97,46,210,201,2142,15091,1538,338,971,339,271,83,678,363,127,2244,760,849,463,69,6013,802,24,2226,551,156,344,360,67,187,214,714,2489,2692,23,7855,1416,367,354,883,696,44,96,110,2201,161,369,11,13,17,15,17,45,43,73,15,329,106,6,11,52,48,42,187,9,350,112,52,26,65,43,47,9,14,2,35,27,5,53,128,40,17,9,1467,463,68,6,167,23,15,7,2,27,12,23,75,62
16,0,2,54,4,0,15,202,212,129,38,266,64,372,115,137,15,3,185,3331,60,637,922,34,793,6313,185,17,55,149,180,1622,1525,923,17,67,23,11447,13,23,47,64,344,6907,5059,99,686,5,23,58,0,0,1,0,0,1,3,3,2,19,9,4,11,10,9,15,9,2,20,57,6,90,8,595,3,159,311,5,1,11,34,183,11,12,345,53,2,6,11,260,5,27,381,3,38,0,3,4,5,4
56,60,84,197,132,1348,1035,31,437,679,103,72,24,519,83,642,55,4,447,49,325,402,18,3688,687,33,2316,149,155,244,185,40,30,148,4047,2556,7855,13,19983,1027,227,175,627,1090,16,36,66,6350,339,233,19,15,27,22,34,81,1,1,6,13,53,2,1,0,70,36,190,3,155,2,8,37,10,5,12,16,14,7,33,21,3,6,88,68,8,7,72,300,40,5,87,15,22,1,1,32,15,16,36,26
0,2,1,5,12,75,2,4,114,8,0,11,1,16,7,7,1,1,30,4,4,187,65,177,126,123,5790,14962,192,67,1,319,24,7850,15,31,1416,23,1027,40260,57,4,7,6445,28,1489,1340,684,57,2,1,1,0,1,6,1,0,0,0,5,1,2,2,2,1,1,2,0,4,1,2,153,37,93,0,386,351,452,19,2,299,16,15,1,25,2313,32,6,4,40,25,3917,1121,232,212,17,0,4,2,1
249,574,409,766,114,1107,316,28,10,14154,35,186,44,1049,597,400,36,3,138,69,277,19302,85,16,66,58,8,183,25407,9382,116,375,291,223,115,203,367,47,227,57,52818,12087,1164,160,163,792,396,57,116,695,5,1,6,1,11,25,2,0,6,7,22,1,0,0,20,9,41,2,59,4,2,7,5,4,5,5,3,1,10,3,1,4,21,15,2,4,16,63,12,1,19,8,13,0,2,2,3,7,15,5
58,187,97,397,25,332,170,23,15,9289,39,471,137,1204,572,327,72,7,140,85,922,1687,90,10,98,43,10,28,862,6640,164,646,620,60,93,209,354,64,175,4,12087,19703,3838,112,254,113,366,48,25,7785,2,2,2,1,2,5,0,0,5,4,23,1,1,0,13,11,34,0,45,5,3,3,6,13,2,2,7,0,6,7,1,6,18,7,9,1,21,49,1,3,10,3,5,0,0,8,2,2,5,2
156,85,16,1304,124,87,229,610,64,4592,142,552,1137,6548,15055,7420,416,228,1684,1155,2922,940,56,47,162,180,46,18,662,2849,12042,503,1473,101,467,978,883,344,627,7,1164,3838,33863,146,1669,47,159,186,188,14410,13,8,15,5,27,42,1,2,5,22,45,2,3,4,53,31,177,1,110,21,2,23,6,52,16,7,8,0,17,8,1,12,54,54,17,0,56,182,26,11,70,2,11,0,1,14,9,10,24,17
5,8,2,33,24,83,41,131,1106,359,214,428,82,159,43,149,32,13,422,898,109,3218,3281,1452,4175,9338,12114,373,251,224,65,4997,2366,12186,139,570,696,6907,1090,6445,160,112,146,41021,689,1326,4779,628,99,72,3,2,11,6,6,8,2,6,4,35,40,12,38,9,40,31,19,6,24,68,16,610,46,1240,9,2466,2091,90,20,12,775,495,40,30,850,968,10,20,22,1142,17,1008,3737,45,602,14,7,5,14,22
36,10,2,58,7,10,22,651,200,258,69,394,239,1746,620,277,102,103,236,4009,238,557,639,16,765,2362,173,55,225,737,760,6224,5857,706,9,34,44,5059,16,28,163,254,1669,689,5042,65,657,8,90,522,1,0,7,0,1,3,4,3,4,33,5,4,22,10,16,24,7,2,23,130,9,53,10,790,5,57,163,0,5,11,19,210,12,11,302,23,12,17,12,184,3,5,248,1,15,0,1,1,3,3
33,37,35,37,6,68,15,74,79,333,246,208,46,162,35,41,21,6,31,35,42,5744,4212,20,68,251,109,16798,3323,921,10,791,182,5788,8,15,96,99,36,1489,792,113,47,1326,65,19957,11516,30,56,35,0,1,0,0,0,1,0,0,1,0,1,1,1,0,2,1,1,0,0,1,0,9,0,11,0,42,23,18,2,0,33,7,0,0,9,150,7,1,0,9,1,142,99,6,22,0,0,1,0,0
12,13,15,18,4,26,6,246,186,1558,572,801,202,226,59,44,168,29,68,132,460,2222,6046,30,214,1837,336,3764,665,603,53,13420,4699,11739,9,42,110,686,66,1340,396,366,159,4779,657,11516,36865,37,37,176,1,0,1,0,0,0,0,4,1,8,4,1,4,2,0,3,2,0,17,6,2,83,8,71,0,425,199,32,5,1,178,43,4,1,47,595,10,3,1,102,4,463,604,22,109,3,0,1,2,1
64,68,90,312,770,7664,2164,0,80,240,34,14,6,283,51,808,2,0,19,9,58,90,4,180,280,13,1275,121,98,64,41,19,9,92,3138,416,2201,5,6350,684,57,48,186,628,8,30,37,10181,1667,42,52,117,50,190,215,353,0,0,1,0,11,1,0,0,65,15,55,0,7,1,2,5,1,5,0,9,5,2,14,3,0,2,23,11,2,6,42,111,3,1,23,7,13,1,1,137,25,6,12,4
1630,253,385,524,2714,3024,482,8,17,66,5,7,12,12440,297,231,1,1,11,35,13,88,4,30,74,17,170,22,9209,1904,22,36,35,42,148,78,161,23,339,57,116,25,188,99,90,56,37,1667,13503,17,7,6,6,6,11,21,0,0,0,1,6,0,1,0,18,11,16,0,8,1,0,3,2,5,0,1,1,0,3,0,0,0,15,4,2,0,5,34,4,0,5,2,3,1,0,6,2,4,7,4
12,17,9,58,7,31,59,60,13,5847,23,383,370,5413,4919,334,96,14,163,161,3302,256,35,12,110,58,10,9,218,3204,342,568,949,44,104,214,369,58,233,2,695,7785,14410,72,522,35,176,42,17,23907,2,0,3,1,4,11,0,2,2,6,6,1,2,0,13,6,31,1,38,14,0,5,6,27,1,1,7,1,2,6,0,2,22,10,9,1,13,44,10,5,10,0,8,0,2,1,2,5,11,6
11,12,27,57,7,56,122,0,0,5,1,1,0,29,11,46,0,0,3,1,3,8,0,3,1,0,0,0,6,4,7,0,0,0,28,19,11,0,19,1,5,2,13,3,1,0,1,52,7,2,26368,11080,1407,9534,12968,2102,5,2,2,3,193,4,2,1,11857,127,248,2,23,7,6,183,0,24,6,35,18,14,1935,6,2,7,773,17,47,49,34,243,29,14,141,15,17,28,4,302,9620,280,243,32
18,34,49,143,8,109,261,0,1,5,0,0,0,53,7,67,0,0,3,1,1,10,0,0,4,0,4,0,5,4,5,0,0,0,42,11,13,0,15,1,1,2,8,2,0,1,0,117,6,0,11080,73423,9527,21153,5388,9368,1,1,2,4,364,3,1,1,10673,50,156,2,12,4,7,423,7,6,8,17,2,17,780,2,5,10,823,19,28,26,39,115,28,9,38,5,5,40,5,149,904,547,513,55
19,10,27,59,11,60,134,9,10,17,2,2,0,49,7,45,2,0,16,5,10,13,3,1,16,4,3,0,10,8,11,0,3,0,26,23,17,1,27,0,6,2,15,11,7,0,1,50,6,3,1407,9527,29055,201,459,11000,23,38,21,21,786,53,18,17,20188,6563,5360,43,141,121,56,341,15,95,38,140,23,10,776,71,15,100,979,579,298,68,140,489,66,184,118,7,37,10,6,168,1163,426,717,103
36,57,1152,211,22,480,1188,0,1,10,0,0,0,45,7,73,0,0,0,2,2,9,0,1,5,0,7,1,5,5,4,0,0,0,50,10,15,0,22,1,1,1,5,6,0,0,0,190,6,1,9534,21153,201,31131,17144,18792,0,2,0,0,74,0,1,1,420,11,50,1,4,1,0,80,1,5,1,4,0,5,293,0,2,0,219,2,2,6,17,137,1,2,150,1,2,8,4,1284,314,102,83,17
36,44,99,239,17,280,521,1,0,13,0,1,2,68,19,103,0,0,5,3,1,17,0,4,5,1,4,4,12,10,10,1,0,1,74,21,17,0,34,6,11,2,27,6,1,0,0,215,11,4,12968,5388,459,17144,28439,6095,0,3,1,8,326,7,7,1,2889,123,383,2,19,4,15,337,19,119,11,15,152,47,699,6,6,15,1123,40,18,39,166,1483,40,13,1283,64,70,39,18,7163,3852,579,448,92
68,128,159,414,38,407,969,2,2,24,3,2,1,152,19,257,0,2,17,3,12,29,0,4,9,1,8,1,20,30,16,2,0,3,156,55,45,1,81,1,25,5,42,8,3,1,0,353,21,11,2102,9368,11000,18792,6095,21402,1,14,5,17,1192,23,17,5,4786,198,2299,12,63,38,35,410,19,46,37,37,12,13,513,15,8,29,1005,107,62,45,156,1327,102,65,396,6,28,20,7,1469,697,444,1010,280
0,0,0,0,0,0,0,85,137,3,1,3,17,1,1,1,3,0,11,91,1,3,1,4,41,2,0,0,0,0,2,0,20,0,3,1,43,3,1,0,2,0,1,2,4,0,0,0,0,0,5,1,23,0,0,1,1932,6592,576,754,25,80,136,2048,72,88,226,283,262,1152,38,273,31,122,102,19,25,3,6,262,10,1101,21,196,157,5,530,8,30,15,1,2,11,7,14,0,5,5,17,8
0,0,0,2,0,0,1,109,176,10,18,29,12,1,0,3,20,8,37,42,5,4,3,12,17,1,2,0,0,1,4,2,10,0,0,9,73,3,1,0,0,0,2,6,3,0,4,0,0,2,2,1,38,2,3,14,6592,22170,5748,4195,158,588,560,2181,145,216,607,4434,980,2456,784,1507,92,243,700,39,53,6,12,1136,47,1047,70,539,581,20,1877,36,68,52,6,6,55,28,39,2,8,12,30,15
0,0,0,2,0,1,0,38,32,27,9,26,3,3,0,3,11,6,36,3,14,3,2,11,17,1,2,0,2,1,7,1,5,1,2,13,15,2,6,0,6,5,5,4,4,1,1,1,0,2,2,2,21,0,1,5,576,5748,3184,3336,225,449,102,569,59,87,564,2773,1649,263,251,479,22,63,337,43,14,3,12,2119,23,655,41,265,542,23,297,15,36,60,2,1,26,3,10,0,9,14,26,21
0,0,0,2,0,2,3,444,801,69,36,87,89,8,2,14,49,20,120,283,38,28,6,43,171,7,11,0,3,3,9,6,47,3,8,42,329,19,13,5,7,4,22,35,33,0,8,0,1,6,3,4,21,0,8,17,754,4195,3336,50095,367,720,1011,1126,27,44,303,630,3820,7049,700,1888,9628,6113,278,145,836,18,12,207,53,799,66,76,686,100,15633,233,29,372,52,59,392,38,63,12,8,14,75,28
7,2,2,19,7,16,34,47,35,59,11,18,2,30,5,43,17,20,103,8,36,26,0,13,19,8,10,0,14,17,28,8,5,4,30,89,106,9,53,1,22,23,45,40,5,1,4,11,6,6,193,364,786,74,326,1192,25,158,225,367,42059,4181,1635,104,1074,1010,3263,337,2079,66,5466,3775,231,196,292,237,145,117,412,383,318,335,988,1126,512,220,835,1479,1213,142,551,35,398,250,262,195,122,21011,16250,5134
0,0,0,1,0,1,0,17,22,9,3,9,0,1,0,3,2,6,15,6,4,2,2,8,10,8,7,0,0,1,2,2,3,1,0,6,6,4,2,2,1,1,2,12,4,1,1,1,0,1,4,3,53,0,7,23,80,588,449,720,4181,5910,7943,390,43,62,365,753,721,109,5009,8494,81,179,203,42,63,27,17,216,48,376,44,161,88,27,292,87,52,44,32,10,150,101,104,6,3,25,98,61
0,0,0,0,0,0,0,17,29,6,4,3,4,1,1,2,0,2,9,36,2,5,7,5,76,9,4,0,0,0,3,6,12,5,1,5,11,11,1,2,0,1,3,38,22,1,4,0,1,2,2,1,18,1,7,17,136,560,102,1011,1635,7943,15306,6599,35,88,122,3045,190,416,5206,8635,56,1018,602,111,187,37,10,621,232,6498,55,139,301,101,365,59,156,191,22,27,338,146,262,2,4,12,93,193
0,0,0,1,0,0,0,95,146,3,2,6,22,4,0,4,2,1,7,107,2,9,0,2,71,2,7,0,0,1,1,2,13,2,0,3,52,10,0,2,0,0,4,9,10,0,2,0,0,0,1,1,17,1,1,5,2048,2181,569,1126,104,390,6599,12286,58,168,187,4821,188,433,851,1093,56,487,458,45,124,10,8,974,70,5955,45,358,342,21,567,14,131,43,3,5,78,20,60,3,6,11,27,38
28,26,44,123,22,88,218,8,5,31,2,3,3,129,22,174,3,3,28,14,8,31,2,6,36,2,6,1,19,30,30,5,8,3,87,83,48,9,70,1,20,13,53,40,16,2,0,65,18,13,11857,10673,20188,420,2889,4786,72,145,59,27,1074,43,35,58,52344,11694,2131,80,217,148,67,695,7,126,132,474,33,64,6167,138,70,383,15993,665,1129,340,307,743,602,345,305,14,75,96,42,328,11872,898,1258,155
7,3,7,27,1,20,46,8,6,26,5,3,0,47,3,46,3,2,30,24,10,27,4,7,59,7,6,0,5,10,13,1,9,1,26,59,42,15,36,1,9,11,31,31,24,1,3,15,11,6,127,50,6563,11,123,198,88,216,87,44,1010,62,88,168,11694,34127,2427,140,247,159,171,535,20,244,1030,488,69,40,835,270,217,952,11867,3075,1870,271,237,460,17068,303,177,23,157,30,81,90,302,614,2967,3633
22,27,27,118,15,69,158,39,42,105,18,23,9,137,20,185,15,11,139,25,54,69,2,28,29,4,3,3,40,53,48,8,10,1,95,219,187,9,190,2,41,34,177,19,7,1,2,55,16,31,248,156,5360,50,383,2299,226,607,564,303,3263,365,122,187,2131,2427,24693,547,3854,431,513,768,130,342,638,196,80,16,426,2400,38,505,1497,7317,785,103,806,3885,713,282,524,13,87,22,27,697,334,382,1306,650
0,0,1,0,0,0,0,22,36,14,5,11,2,2,0,3,4,2,21,2,7,4,0,1,7,0,1,0,0,4,3,0,2,0,1,7,9,2,3,0,2,0,1,6,2,0,0,0,0,1,2,2,43,1,2,12,283,4434,2773,630,337,753,3045,4821,80,140,547,4512,703,40,4851,771,59,68,2662,30,16,5,19,3539,47,830,47,538,172,17,354,52,174,25,16,0,48,19,36,4,8,10,57,134
4,3,0,11,3,7,19,157,186,247,43,71,15,51,6,129,58,36,720,65,142,65,8,94,64,3,11,2,15,52,73,11,23,7,54,299,350,20,155,4,59,45,110,24,23,0,17,7,8,38,23,12,141,4,19,63,262,980,1649,3820,2079,721,190,188,217,247,3854,703,10529,963,1004,767,3451,1427,697,171,329,22,190,904,39,473,836,532,539,77,2180,1617,331,391,300,46,332,16,35,51,39,141,672,383
1,0,0,3,0,0,2,263,596,10,11,42,122,14,4,10,2,6,44,721,4,50,14,16,745,17,28,1,1,16,9,18,180,4,1,10,112,57,2,1,4,5,21,68,130,1,6,1,1,14,7,4,121,1,4,38,1152,2456,263,7049,66,109,416,433,148,159,431,40,963,17679,40,788,479,5892,47,323,505,15,20,109,91,3544,56,244,7001,130,1286,111,58,3456,24,9,372,24,71,8,12,11,38,26
0,0,0,3,0,1,2,44,57,28,11,26,2,2,1,12,9,11,46,7,18,11,1,12,16,11,3,0,2,3,10,3,5,1,5,29,52,6,8,2,2,3,2,16,9,0,2,2,0,0,6,7,56,0,15,35,38,784,251,700,5466,5009,5206,851,67,171,513,4851,1004,40,11341,2009,138,186,3788,163,91,77,34,1613,307,595,309,256,355,151,794,293,863,99,113,20,245,119,215,25,8,83,683,3054
2,3,2,11,5,10,28,25,24,20,5,10,8,14,5,25,4,1,24,32,12,30,32,14,196,156,109,17,4,9,6,121,36,125,20,35,26,90,37,153,7,3,23,610,53,9,83,5,3,5,183,423,341,80,337,410,273,1507,479,1888,3775,8494,8635,1093,695,535,768,771,767,788,2009,45620,144,2090,329,1923,1284,928,3581,323,1931,5912,1643,338,1431,2498,315,365,269,1454,171,612,4876,8756,9014,68,99,3707,1203,363
0,1,1,3,0,3,5,46,55,35,8,12,7,4,1,16,14,4,76,34,34,14,2,25,51,9,16,3,2,5,15,10,12,15,2,39,65,8,10,37,5,6,6,46,10,0,8,1,2,6,0,7,15,1,19,19,31,92,22,9628,231,81,56,56,7,20,130,59,3451,479,138,144,7868,3876,53,112,1454,46,9,44,18,263,70,13,92,73,4692,2393,15,97,1666,267,649,10,37,100,17,16,63,33
0,1,0,4,2,1,6,155,411,24,13,115,80,67,10,13,4,5,54,1253,10,122,108,36,3565,153,376,12,12,36,28,163,578,111,3,28,43,595,5,93,4,13,52,1240,790,11,71,5,5,27,24,6,95,5,119,46,122,243,63,6113,196,179,1018,487,126,244,342,68,1427,5892,186,2090,3876,21802,95,424,13730,161,43,137,246,5042,226,198,2498,281,2732,679,136,1628,993,1242,5213,50,267,363,80,24,86,102
0,0,0,4,0,1,1,28,28,33,2,12,0,6,0,9,6,2,43,5,13,8,1,12,14,0,6,1,2,4,7,1,1,1,13,35,47,3,12,0,5,2,16,9,5,0,0,0,0,1,6,8,38,1,11,37,102,700,337,278,292,203,602,458,132,1030,638,2662,697,47,3788,329,53,95,5409,79,32,21,58,5803,100,622,827,868,384,50,433,299,6113,54,119,5,87,18,79,17,11,36,345,1890
0,0,0,1,1,2,0,7,11,10,8,9,2,6,0,2,0,2,2,19,6,60,108,9,110,744,352,18,7,12,2,722,55,432,1,0,9,159,16,386,5,2,7,2466,57,42,425,9,1,1,35,17,140,4,15,37,19,39,43,145,237,42,111,45,474,488,196,30,171,323,163,1923,112,424,79,24777,1034,126,188,78,6137,1176,661,347,4973,6538,40,69,217,7520,64,325,7625,196,1548,25,69,69,169,137
2,0,0,1,0,3,3,15,52,15,9,22,10,12,3,9,3,0,11,148,7,76,123,26,782,455,669,88,6,13,5,378,147,235,4,7,14,311,14,351,3,7,8,2091,163,23,199,5,1,7,18,2,23,0,152,12,25,53,14,836,145,63,187,124,33,69,80,16,329,505,91,1284,1454,13730,32,1034,11670,1438,36,26,352,1549,89,49,765,544,683,297,41,509,951,6475,6830,88,418,493,86,20,62,40
0,0,0,1,0,1,1,0,2,0,0,0,0,0,0,1,0,0,2,1,0,2,2,1,2,14,26,313,2,0,0,11,4,133,2,1,2,5,7,452,1,0,0,90,0,18,32,2,0,1,14,17,10,5,47,13,3,6,3,18,117,27,37,10,64,40,16,5,22,15,77,928,46,161,21,126,1438,62529,3870,10,207,119,311,15,88,9572,191,28,40,22,116,18777,646,23541,498,85,40,546,95,48
5,2,10,26,1,17,33,7,8,11,0,2,0,24,3,30,3,2,11,1,3,9,0,4,8,1,2,1,5,10,8,2,1,14,16,33,35,1,33,19,10,6,17,20,5,2,5,14,3,2,1935,780,776,293,699,513,6,12,12,12,412,17,10,8,6167,835,426,19,190,20,34,3581,9,43,58,188,36,3870,150609,19,133,94,28596,189,328,1267,161,351,297,64,134,367,190,3418,269,78,17592,24535,1510,157
0,0,0,2,0,0,5,17,20,14,5,7,3,7,1,16,7,4,33,9,12,6,0,7,18,3,1,0,4,6,8,2,0,1,4,19,27,11,21,2,3,7,8,12,11,0,1,3,0,6,6,2,71,0,6,15,262,1136,2119,207,383,216,621,974,138,270,2400,3539,904,109,1613,323,44,137,5803,78,26,10,19,6806,108,1370,95,3384,830,59,221,159,444,100,51,5,71,6,64,14,7,24,78,111
0,0,0,0,0,0,0,0,5,2,1,3,0,0,0,0,1,0,1,6,1,27,23,2,36,171,72,16,3,3,1,211,6,254,1,1,5,34,3,299,1,1,1,775,19,33,178,0,0,0,2,5,15,2,6,8,10,47,23,53,318,48,232,70,70,217,38,47,39,91,307,1931,18,246,100,6137,352,207,133,108,20181,4160,367,127,4434,6285,15,12,205,385,9,301,1916,474,10385,2,15,46,176,244
0,0,0,1,0,0,1,102,265,13,5,28,44,16,4,5,3,0,27,527,6,42,40,14,883,107,132,2,0,12,9,89,175,32,0,14,53,183,6,16,4,6,12,495,210,7,43,2,0,2,7,10,100,0,15,29,1101,1047,655,799,335,376,6498,5955,383,952,505,830,473,3544,595,5912,263,5042,622,1176,1549,119,94,1370,4160,31164,641,1164,17336,602,453,72,627,2442,41,51,2809,99,3559,12,27,49,212,308
12,9,4,32,9,35,67,21,24,39,8,9,1,51,12,81,10,0,78,27,29,27,2,18,42,2,10,2,16,20,28,7,14,3,37,120,128,11,88,15,21,18,54,40,12,0,4,23,15,22,773,823,979,219,1123,1005,21,70,41,66,988,44,55,45,15993,11867,1497,47,836,56,309,1643,70,226,827,661,89,311,28596,95,367,641,74999,1287,1903,735,613,1115,5442,210,424,79,288,484,193,143,2337,7816,14046,2673
5,13,5,29,1,22,36,11,13,34,4,6,3,49,15,48,5,0,42,17,11,19,4,9,46,2,8,1,15,27,14,5,15,1,39,85,40,12,68,1,15,7,54,30,11,0,1,11,4,10,17,19,579,2,40,107,196,539,265,76,1126,161,139,358,665,3075,7317,538,532,244,256,338,13,198,868,347,49,15,189,3384,127,1164,1287,8738,1704,192,242,619,3478,315,207,5,114,18,56,85,74,133,576,639
0,1,0,0,0,2,3,38,128,24,0,38,33,23,10,6,5,3,28,349,7,62,65,17,1065,189,248,3,7,13,13,173,207,52,1,12,17,345,8,25,2,9,17,850,302,9,47,2,2,9,47,28,298,2,18,62,157,581,542,686,512,88,301,342,1129,1870,785,172,539,7001,355,1431,92,2498,384,4973,765,88,328,830,4434,17336,1903,1704,21683,1588,132,56,794,5532,19,43,1103,56,979,11,113,129,411,437
0,0,1,0,0,1,1,2,7,4,0,4,2,2,1,1,2,0,4,12,1,31,28,7,46,175,162,366,11,3,1,229,17,1530,0,4,9,53,7,2313,4,1,0,968,23,150,595,6,0,1,49,26,68,6,39,45,5,20,23,100,220,27,101,21,340,271,103,17,77,130,151,2498,73,281,50,6538,544,9572,1267,59,6285,602,735,192,1588,41411,28,56,140,820,36,5217,4230,8909,2370,20,57,440,203,124
2,7,2,27,3,26,44,463,909,79,33,92,69,32,6,68,38,12,105,136,35,36,5,36,38,5,7,14,8,19,35,8,26,13,44,94,1467,2,72,32,16,21,56,10,12,7,10,42,5,13,34,39,140,17,166,156,530,1877,297,15633,835,292,365,567,307,237,806,354,2180,1286,794,315,4692,2732,433,40,683,191,161,221,15,453,613,242,132,28,3670,2995,343,32,5961,393,174,43,12,1496,168,131,484,332
37,31,53,127,15,90,294,67,57,153,10,27,9,171,28,253,24,9,270,23,72,87,3,47,22,4,13,1,56,75,85,9,12,9,153,349,463,6,300,6,63,49,182,20,17,1,3,111,34,44,243,115,489,137,1483,1327,8,36,15,233,1479,87,59,14,743,460,3885,52,1617,111,293,365,2393,679,299,69,297,28,351,159,12,72,1115,619,56,56,2995,9661,508,117,6792,85,205,20,14,3746,395,237,842,507
2,1,0,5,0,4,9,2,5,29,2,2,1,31,1,33,4,1,39,7,15,18,2,5,20,2,6,0,5,10,19,6,6,1,15,66,68,11,40,4,12,1,26,22,12,0,1,3,4,10,29,28,66,1,40,102,30,68,36,29,1213,52,156,131,602,17068,713,174,331,58,863,269,15,136,6113,217,41,40,297,444,205,627,5442,3478,794,140,343,508,18871,129,232,12,117,35,79,41,40,200,2792,9355
0,0,0,3,0,1,3,5,24,6,4,15,4,17,2,2,2,1,6,84,2,39,79,17,579,194,346,2,2,13,3,196,94,72,4,7,6,260,5,40,1,3,11,1142,184,9,102,1,0,5,14,9,184,2,13,65,15,52,60,372,142,44,191,43,345,303,282,25,391,3456,99,1454,97,1628,54,7520,509,22,64,100,385,2442,210,315,5532,820,32,117,129,17877,35,45,6176,28,382,17,43,35,89,93
9,1,8,29,6,23,61,12,16,69,4,11,4,48,8,79,11,1,89,10,25,31,2,15,8,7,8,6,19,37,30,8,8,4,44,133,167,5,87,25,19,10,70,17,3,1,4,23,5,10,141,38,118,150,1283,396,1,6,2,52,551,32,22,3,305,177,524,16,300,24,113,171,1666,993,119,64,951,116,134,51,9,41,424,207,19,36,5961,6792,232,35,13847,382,326,12,13,5616,365,95,282,210
0,1,0,1,0,2,2,0,9,2,1,0,1,4,1,1,0,0,2,3,1,26,18,10,43,131,176,1314,8,5,1,202,6,1459,0,1,23,27,15,3917,8,3,2,1008,5,142,463,7,2,0,15,5,7,1,64,6,2,6,1,59,35,10,27,5,14,23,13,0,46,9,20,612,267,1242,5,325,6475,18777,367,5,301,51,79,5,43,5217,393,85,12,45,382,32547,5798,988,297,287,33,71,23,15
1,0,1,1,1,2,2,8,30,19,10,20,5,17,5,5,4,0,16,128,9,108,175,39,721,864,679,90,9,20,4,943,139,900,2,10,15,381,22,1121,13,5,11,3737,248,99,604,13,3,8,17,5,37,2,70,28,11,55,26,392,398,150,338,78,75,157,87,48,332,372,245,4876,649,5213,87,7625,6830,646,190,71,1916,2809,288,114,1103,4230,174,205,117,6176,326,5798,22679,582,2245,201,51,86,165,122
0,0,0,1,0,1,1,0,2,1,0,1,0,1,0,3,0,0,1,2,0,0,0,1,5,3,5,40,1,0,1,6,0,97,1,1,7,3,1,232,0,0,0,45,1,6,22,1,1,0,28,40,10,8,39,20,7,28,3,38,250,101,146,20,96,30,22,19,16,24,119,8756,10,50,18,196,88,23541,3418,6,474,99,484,18,56,8909,43,20,35,28,12,988,582,27349,7765,12,34,923,138,42
0,0,1,0,0,1,0,2,2,0,1,1,2,3,0,1,0,0,0,4,1,16,21,3,24,139,74,15,3,1,0,161,9,172,0,0,2,38,1,212,2,0,1,602,15,22,109,1,0,2,4,5,6,4,18,7,14,39,10,63,262,104,262,60,42,81,27,36,35,71,215,9014,37,267,79,1548,418,498,269,64,10385,3559,193,56,979,2370,12,14,79,382,13,297,2245,7765,20712,13,4,130,115,97
25,29,56,120,7,140,313,2,2,13,1,1,1,48,12,68,2,0,11,2,4,8,2,1,3,1,4,8,8,6,2,1,1,6,74,19,27,0,32,17,2,8,14,14,0,0,3,137,6,1,302,149,168,1284,7163,1469,0,2,0,12,195,6,2,3,328,90,697,4,51,8,25,68,100,363,17,25,493,85,78,14,2,12,143,85,11,20,1496,3746,41,17,5616,287,201,12,13,13463,1026,32,99,41
3,6,14,29,4,39,68,0,1,7,1,1,0,17,1,19,1,0,9,1,1,5,0,0,3,2,2,1,3,4,1,3,0,2,16,15,12,3,15,0,3,2,9,7,1,0,0,25,2,2,9620,904,1163,314,3852,697,5,8,9,8,122,3,4,6,11872,302,334,8,39,12,8,99,17,80,11,69,86,40,17592,7,15,27,2337,74,113,57,168,395,40,43,365,33,51,34,4,1026,29996,203,154,31
1,2,4,14,3,7,25,2,0,8,1,0,2,17,4,12,4,1,20,1,3,3,0,4,4,2,0,3,4,6,4,0,0,11,8,23,23,4,16,4,7,2,10,5,1,1,1,6,4,5,280,547,426,102,579,444,5,12,14,14,21011,25,12,11,898,614,382,10,141,11,83,3707,16,24,36,69,20,546,24535,24,46,49,7816,133,129,440,131,237,200,35,95,71,86,923,130,32,203,49572,8317,342
3,3,8,17,2,18,23,12,8,37,4,7,2,21,3,36,2,3,61,3,22,10,3,12,14,2,3,0,8,9,19,3,2,1,18,59,75,5,36,2,15,5,24,14,3,0,2,12,7,11,243,513,717,83,448,1010,17,30,26,75,16250,98,93,27,1258,2967,1306,57,672,38,683,1203,63,86,345,169,62,95,1510,78,176,212,14046,576,411,203,484,842,2792,89,282,23,165,138,115,99,154,8317,25730,4942
3,0,2,8,0,2,7,11,9,20,1,3,1,15,2,21,6,2,37,1,10,15,2,8,11,3,3,2,5,4,10,1,3,2,6,39,62,4,26,1,5,2,17,22,3,0,1,4,4,6,32,55,103,17,92,280,8,15,21,28,5134,61,193,38,155,3633,650,134,383,26,3054,363,33,102,1890,137,40,48,157,111,244,308,2673,639,437,124,332,507,9355,93,210,15,122,42,97,41,31,342,4942,6120
