20279,6712,11692,3298,12429,5749,618,5,4,105,1,1,3,17908,1926,877,1,0,8,33,11,425,5,11,10,19,9,72,521,478,92,58,30,63,56,39,33,17,48,15,1019,330,943,26,54,50,36,99,678,35,6,23,6,26,57,33,0,0,1,4,2,0,0,0,13,2,22,0,11,1,1,1,4,3,2,1,1,0,7,5,0,0,3,10,1,4,3,48,1,0,14,3,4,0,1,172,3,4,5,0
6712,15886,5769,13125,330,444,393,5,3,80,4,2,0,4720,5684,224,1,0,2,0,4,415,7,2,1,3,1,31,185,265,21,11,2,25,30,14,12,0,24,13,862,326,157,14,6,27,17,73,70,32,10,58,19,55,123,65,0,0,0,2,1,0,0,0,7,1,18,0,2,0,0,1,0,1,1,4,0,0,8,1,0,1,3,1,0,1,4,30,1,0,11,1,3,0,1,305,1,0,2,0
11692,5769,16443,9375,3524,7474,7421,2,1,42,0,1,1,1057,137,111,0,0,3,1,1,263,4,1,0,2,0,49,164,199,17,7,2,32,29,4,7,2,83,7,678,192,48,11,2,31,26,123,37,10,9,413,10,1377,107,336,0,1,1,0,2,0,0,0,5,0,7,0,4,0,0,2,1,0,0,1,0,2,1,0,1,0,1,1,0,1,3,22,1,0,3,6,2,0,0,223,5,1,2,0
3298,13125,9375,37310,1152,2779,12302,23,13,436,9,8,14,5552,23948,5114,2,1,17,46,25,704,11,14,10,37,14,65,321,477,320,66,39,92,467,104,61,23,125,20,1497,785,1678,50,78,47,60,451,100,150,30,142,47,355,224,250,0,1,4,4,12,0,1,1,26,3,58,1,19,3,1,6,9,4,2,2,0,0,13,3,0,4,15,8,1,4,13,124,1,5,38,4,6,0,3,704,10,6,9,2
12429,330,3524,1152,23044,29927,648,7,7,62,2,7,7,7139,633,654,0,0,3,14,6,56,2,5,9,5,8,22,291,190,110,38,18,28,177,40,20,12,165,7,166,72,613,27,39,12,30,543,2998,13,2,37,2,11,19,30,0,2,1,2,1,0,1,0,4,1,16,1,12,1,1,3,4,2,0,0,1,0,3,2,0,1,7,5,1,0,3,49,2,2,16,0,1,0,0,66,4,3,0,2
5749,444,7474,2779,29927,26420,23314,2,4,22,2,0,0,1023,191,655,0,0,2,5,1,39,3,18,7,4,14,11,86,45,44,4,3,17,831,41,48,5,2867,31,118,35,70,34,3,4,4,2390,1924,3,3,32,12,93,512,270,0,0,1,1,1,0,0,0,4,0,10,0,5,0,0,2,2,0,1,0,1,2,3,1,0,0,4,0,0,0,6,33,1,0,15,0,0,0,0,180,4,2,3,0
618,393,7421,12302,648,23314,29308,7,44,135,12,15,2,341,153,8997,3,0,31,14,26,156,11,104,40,29,12,14,65,92,74,23,23,51,4338,263,211,17,1696,7,255,121,216,48,21,5,26,3644,100,14,32,152,31,437,406,648,1,1,11,8,24,2,0,2,38,5,132,2,62,4,4,12,20,7,5,1,4,2,26,16,0,5,17,10,6,1,34,247,6,3,95,0,10,1,0,898,24,10,12,5
5,5,2,23,7,2,7,44345,4617,363,1904,1922,9094,113,141,1130,6064,7203,1564,8953,3758,5026,367,266,180,41,64,19,9,27,4700,207,1346,26,7,64,710,152,20,9,37,29,517,125,944,101,102,3,0,33,0,0,2,1,3,6,63,151,100,718,103,24,23,46,1,3,12,103,100,195,79,43,104,161,46,2,5,0,4,40,0,66,15,2,15,0,145,41,9,11,7,1,18,1,4,8,1,15,27,11
4,3,1,13,7,4,44,4617,49043,285,684,1553,1500,36,22,416,1214,122,3808,9582,889,2032,315,10597,7374,75,3377,30,11,19,312,101,887,97,111,616,8679,182,363,54,45,43,116,711,144,81,177,23,7,25,0,2,8,0,9,14,541,627,182,5174,146,84,223,317,15,6,34,230,183,2449,141,147,322,2732,66,13,253,4,11,86,5,647,16,6,131,6,1082,68,23,81,19,5,72,4,23,10,1,23,33,12
105,80,42,436,62,22,135,363,285,34140,5015,3324,107,400,421,1345,166,30,840,173,3971,6435,1370,334,71,136,79,353,330,146,1262,506,663,189,253,621,680,124,498,30,11595,8589,4353,723,92,867,1284,134,25,9703,7,3,4,4,13,22,4,21,118,131,103,20,6,5,18,7,84,32,285,5,58,54,141,21,56,17,18,4,39,73,7,31,51,27,16,10,138,217,73,23,112,6,35,6,10,24,2,37,67,25
1,4,0,9,2,2,12,1904,684,5015,5903,9490,565,32,14,327,270,42,648,586,1525,4204,1232,227,39,21,18,16,13,15,255,28,159,20,20,160,255,36,67,1,148,73,204,80,56,134,88,13,0,34,0,0,2,0,3,4,2,20,24,89,38,13,4,4,4,1,7,29,59,11,28,8,29,17,17,1,2,0,5,21,1,2,11,4,4,1,33,29,12,1,12,2,5,0,4,2,0,5,20,4
1,2,1,8,7,0,15,1922,1553,3324,9490,15713,6829,53,59,188,6231,171,548,2455,7781,4091,3006,417,965,49,168,23,15,53,283,97,4867,36,11,136,555,385,52,9,159,329,527,530,465,119,340,4,1,242,0,1,1,0,0,5,16,53,54,233,35,14,34,16,1,4,13,36,73,82,16,29,61,215,17,5,31,3,1,15,0,64,7,0,54,1,62,18,5,35,6,2,24,0,7,3,0,5,11,3
3,0,1,14,7,0,2,9094,1500,107,565,6829,27532,247,233,134,6294,432,169,4812,1844,755,194,92,152,23,155,11,19,95,919,235,9151,14,2,18,439,42,4,2,51,75,726,57,225,14,126,0,15,199,0,0,1,0,0,1,32,53,4,453,6,5,17,31,0,0,2,20,11,315,6,13,22,235,5,0,11,1,0,3,1,69,1,0,11,2,82,4,4,8,5,0,3,0,1,2,0,1,3,2
17908,4720,1057,5552,7139,1023,341,113,36,400,32,53,247,99120,28584,1902,18,7,45,345,170,400,52,43,91,130,28,256,8775,45475,925,1020,857,222,133,172,182,139,239,26,2174,1301,6105,159,677,90,495,106,15704,3403,13,11,8,13,26,39,2,1,6,16,20,3,3,3,23,5,110,3,66,11,10,23,16,32,11,3,3,5,28,19,1,11,26,27,4,4,44,177,40,8,104,3,14,0,4,109,11,7,19,15
1926,5684,137,23948,633,191,153,141,22,421,14,59,233,28584,28997,2279,35,10,34,196,142,370,31,13,35,71,19,85,541,1369,1421,451,592,95,72,102,61,82,83,12,1032,749,18893,75,408,36,187,76,174,5130,5,8,8,11,26,28,1,0,4,5,9,0,1,1,7,1,44,1,31,0,2,12,2,14,4,3,8,1,6,10,0,7,9,11,5,4,14,70,6,3,32,2,8,0,1,109,4,2,5,6
877,224,111,5114,654,655,8997,1130,416,1345,327,188,134,1902,2279,22898,148,660,5844,633,572,718,103,171,196,187,38,88,263,443,5742,225,265,260,2837,4562,507,273,969,20,1178,627,13136,209,315,40,140,1478,124,148,50,97,53,53,145,232,2,9,51,78,121,8,4,7,104,23,298,18,274,15,43,58,96,71,42,3,9,5,65,65,1,24,82,59,16,8,115,638,146,23,323,6,15,9,4,724,35,48,88,39
1,1,0,2,0,0,3,6064,1214,166,270,6231,6294,18,35,148,5078,1027,283,306,6802,358,179,197,32,8,10,2,3,10,805,56,1008,8,2,43,410,17,9,2,12,32,309,36,25,12,111,1,0,46,0,0,1,0,0,2,7,43,18,206,21,13,0,7,0,0,1,26,19,10,13,7,21,13,4,0,0,0,0,7,1,4,2,0,1,0,58,9,3,4,5,0,0,0,1,0,0,1,7,2
0,0,0,1,0,0,0,7203,122,30,42,171,432,7,10,660,1027,2235,1151,78,841,40,19,8,2,1,0,1,1,1,4114,21,243,3,4,17,25,4,1,0,5,4,92,4,23,0,43,2,0,4,0,0,0,0,3,1,1,5,7,19,14,4,0,0,0,0,3,4,10,1,9,6,11,3,1,0,0,0,0,5,1,1,3,0,1,1,7,8,1,0,3,0,1,0,0,0,0,1,5,3
8,2,3,17,3,2,31,1564,3808,840,648,548,169,45,34,5844,283,1151,6194,1107,1100,681,131,705,536,77,54,11,17,28,1588,68,237,55,67,3683,594,201,294,8,125,78,340,228,120,18,88,7,5,28,3,2,9,0,18,27,7,51,116,213,153,22,19,20,4,11,38,52,278,32,112,63,120,74,98,4,16,2,22,85,3,52,42,20,18,4,125,164,64,10,73,1,14,3,7,18,5,39,92,46
33,0,1,46,14,5,14,8953,9582,173,586,2455,4812,345,196,633,306,78,1107,28675,216,3196,1141,166,2274,318,758,39,41,130,1283,708,7639,188,26,215,336,3823,60,4,95,116,617,1238,5273,90,467,9,24,118,2,1,3,0,4,6,206,115,26,1231,20,17,364,245,7,10,34,23,58,1528,11,174,136,3036,11,11,90,3,8,18,15,974,18,5,411,14,87,30,1,246,3,2,106,2,29,2,2,3,11,8
11,4,1,25,6,1,26,3758,889,3971,1525,7781,1844,170,142,572,6802,841,1100,216,23587,784,884,635,64,65,45,68,62,231,1222,236,1391,70,79,373,934,79,213,16,580,1775,9715,258,78,87,647,10,9,4120,3,0,3,1,8,11,7,54,145,273,104,19,14,15,10,5,60,64,293,7,64,56,190,23,60,5,4,3,10,65,2,24,28,12,9,4,160,100,32,9,43,1,22,1,4,5,5,24,56,22
425,415,263,704,56,39,156,5026,2032,6435,4204,4091,755,400,370,718,358,40,681,3196,784,19812,5024,243,669,363,465,563,3206,165,618,510,476,927,118,287,339,547,350,350,10468,858,1282,2810,500,4174,1098,76,10,167,5,5,3,1,6,12,16,25,23,126,43,13,25,17,15,7,63,17,101,78,26,74,44,218,28,72,97,18,9,27,48,74,25,17,61,91,57,106,43,67,70,77,198,9,45,21,6,14,40,22
5,7,4,11,2,3,11,367,315,1370,1232,3006,194,52,31,103,179,19,131,1141,884,5024,7531,150,1135,666,678,184,36,59,116,490,1588,428,13,61,80,1129,127,135,167,297,211,3935,632,6666,3344,44,7,152,0,0,0,0,2,0,1,5,9,42,6,4,21,4,6,4,5,4,13,41,5,98,31,211,9,88,177,8,5,5,46,128,4,2,118,38,7,6,3,174,5,23,280,3,53,5,0,0,4,2
11,2,1,14,5,18,104,266,10597,334,227,417,92,43,13,171,197,8,705,166,635,243,150,3903,1876,72,2316,109,14,39,89,113,125,145,290,4772,4204,74,10787,610,96,62,159,847,32,43,197,134,6,36,3,1,7,0,11,18,19,53,98,302,126,28,12,16,10,4,64,47,216,64,96,59,144,136,73,12,42,9,14,72,3,60,31,12,26,14,175,153,39,37,62,15,52,3,8,25,2,31,72,15
10,1,0,10,9,7,40,180,7374,71,39,965,152,91,35,196,32,2,536,2274,64,669,1135,1876,9754,143,4841,39,25,52,85,355,2250,147,64,389,430,261,447,88,42,49,116,3008,359,56,423,65,11,59,3,7,4,0,8,4,96,52,18,671,12,25,518,178,24,29,35,22,77,1310,10,385,143,5180,13,44,549,13,18,33,33,1410,42,15,826,31,44,41,21,594,16,7,570,4,55,11,4,8,22,6
19,3,2,37,5,4,29,41,75,136,21,49,23,130,71,187,8,1,77,318,65,363,666,72,143,19860,453,64,20,91,461,10531,444,8367,19,62,37,5144,90,70,66,134,280,6883,3211,137,2520,36,9,97,2,0,1,1,2,2,0,2,0,13,14,6,9,3,2,6,5,3,10,12,8,222,17,109,2,257,293,11,3,5,87,170,3,4,130,73,4,7,4,288,8,60,582,9,120,3,2,3,9,5
9,1,0,14,8,14,12,64,3377,79,18,168,155,28,19,38,10,0,54,758,45,465,678,2316,4841,453,9792,1206,24,26,34,760,1132,582,50,130,2518,235,2273,4825,46,58,49,5983,328,174,1037,458,20,32,0,1,1,4,7,7,9,10,3,56,5,7,34,12,6,1,13,3,16,128,4,210,47,571,0,124,489,27,4,7,50,256,9,3,239,89,11,13,8,419,7,79,528,9,71,13,0,0,4,3
72,31,49,65,22,11,14,19,30,353,16,23,11,256,85,88,2,1,11,39,68,563,184,109,39,64,1206,44804,1581,381,205,126,100,8365,21,53,885,51,803,9678,1882,427,242,743,106,6847,2324,283,17,92,2,1,0,2,2,5,0,0,2,0,8,3,3,0,2,0,13,2,13,3,3,26,5,10,0,32,43,764,5,2,18,9,6,4,7,165,5,16,14,8,21,343,81,20,53,3,0,6,5,1
521,185,164,321,291,86,65,9,11,330,13,15,19,8775,541,263,3,1,17,41,62,3206,36,14,25,20,24,1581,71553,10020,204,159,117,370,73,82,73,33,166,79,22819,623,649,118,55,813,194,39,4902,363,4,4,4,1,7,9,0,1,4,2,13,0,0,0,3,9,34,3,43,1,2,7,10,4,6,1,3,7,11,14,3,2,14,15,1,12,10,71,31,4,52,14,14,0,3,23,6,6,9,3
478,265,199,477,190,45,92,27,19,146,15,53,95,45475,1369,443,10,1,28,130,231,165,59,39,52,91,26,381,10020,30452,352,767,626,226,91,130,179,97,233,32,7125,7142,2062,243,235,151,608,43,1467,3369,6,6,8,3,6,19,1,0,11,11,24,1,4,1,12,12,72,1,65,4,2,17,22,16,10,3,4,5,19,17,2,7,22,17,10,12,45,121,38,8,90,6,8,2,2,30,5,13,27,8
92,21,17,320,110,44,74,4700,312,1262,255,283,919,925,1421,5742,805,4114,1588,1283,1222,618,116,89,85,461,34,205,204,352,20076,858,933,498,189,687,353,465,529,20,763,504,13155,226,1538,34,433,278,64,341,19,18,15,5,25,62,6,8,49,61,107,9,6,2,43,10,195,15,217,26,30,48,79,69,63,2,11,1,43,66,2,29,67,62,19,5,79,376,102,11,224,5,16,4,6,110,23,41,63,28
58,11,7,66,38,4,23,207,101,506,28,97,235,1020,451,225,56,21,68,708,236,510,490,113,355,10531,760,126,159,767,858,26624,9278,4273,28,65,60,1603,158,461,382,935,1113,6149,5135,253,15239,53,77,870,1,2,0,1,1,3,1,5,1,29,8,2,8,1,4,4,10,2,7,25,4,185,22,169,9,226,305,30,2,3,117,147,11,4,122,181,4,10,4,275,5,163,618,12,122,5,0,3,6,3
30,2,2,39,18,3,23,1346,887,663,159,4867,9151,857,592,265,1008,243,237,7639,1391,476,1588,125,2250,444,1132,100,117,626,933,9278,21625,232,14,102,105,2271,107,20,305,793,1546,3077,6323,129,5859,24,49,1166,1,1,1,0,2,10,36,17,6,159,11,7,94,52,2,3,11,7,35,502,6,103,31,1176,4,41,153,3,1,9,11,414,10,4,241,24,15,17,4,226,3,8,163,0,18,2,0,4,7,3
63,25,32,92,28,17,51,26,97,189,20,36,14,222,95,260,8,3,55,188,70,927,428,145,147,8367,582,8365,370,226,498,4273,232,44996,35,70,187,1109,460,8603,1070,407,394,14725,605,3493,15841,139,13,99,0,2,0,1,6,5,0,4,0,6,10,6,7,2,5,3,15,3,5,4,7,165,21,48,4,227,205,764,14,3,211,46,11,3,29,1277,21,23,11,43,43,1752,726,134,364,11,6,21,12,7
56,30,29,467,177,831,4338,7,111,253,20,11,2,133,72,2837,2,4,67,26,79,118,13,290,64,19,50,21,73,91,189,28,14,35,4502,4518,688,19,8637,19,244,88,328,76,19,4,40,7356,128,22,42,62,34,29,123,165,3,2,21,27,52,2,2,3,74,16,313,6,125,3,10,40,37,20,17,2,4,5,58,48,1,7,78,63,2,6,66,508,54,1,295,1,9,4,4,617,32,32,55,15
39,14,4,104,40,41,263,64,616,621,160,136,18,172,102,4562,43,17,3683,215,373,287,61,4772,389,62,130,53,82,130,687,65,102,70,4518,6985,1331,79,6931,53,365,175,791,214,43,21,69,337,27,51,17,8,18,3,36,76,4,17,84,94,150,13,9,9,47,14,268,24,409,19,50,70,144,40,71,4,6,9,52,114,4,23,97,84,10,7,230,461,169,14,263,2,15,9,10,95,16,61,120,54
33,12,7,61,20,48,211,710,8679,680,255,555,439,182,61,507,410,25,594,336,934,339,80,4204,430,37,2518,885,73,179,353,60,105,187,688,1331,5191,19,10702,1872,325,201,608,349,28,91,165,1707,26,76,7,9,6,8,28,13,13,25,53,230,57,11,6,9,13,7,40,34,75,40,58,28,46,55,30,2,10,14,8,30,2,18,18,10,7,7,126,106,51,7,66,14,17,4,5,58,5,17,41,22
17,0,2,23,12,5,17,152,182,124,36,385,42,139,82,273,17,4,201,3823,79,547,1129,74,261,5144,235,51,33,97,465,1603,2271,1109,19,79,19,21678,38,22,49,131,249,9708,4211,58,1196,12,11,131,2,0,1,0,3,2,0,4,2,36,7,6,41,6,5,12,7,4,13,49,4,154,39,463,6,89,279,9,1,10,25,225,10,0,300,28,1,13,4,360,4,12,338,2,50,1,1,0,8,3
48,24,83,125,165,2867,1696,20,363,498,67,52,4,239,83,969,9,1,294,60,213,350,127,10787,447,90,2273,803,166,233,529,158,107,460,8637,6931,10702,38,40964,2402,516,222,678,1456,19,111,360,13850,180,65,49,24,34,17,252,140,3,13,94,97,183,16,6,6,74,28,521,27,595,11,45,102,188,43,78,13,35,34,128,168,8,39,147,144,17,29,410,850,247,33,526,14,53,9,22,310,47,92,171,70
15,13,7,20,7,31,7,9,54,30,1,9,2,26,12,20,2,0,8,4,16,350,135,610,88,70,4825,9678,79,32,20,461,20,8603,19,53,1872,22,2402,24512,259,79,28,7694,2,1232,2761,666,28,12,2,8,1,2,6,3,1,3,2,3,14,2,5,1,5,2,7,2,8,2,5,129,15,27,6,129,150,770,12,2,134,21,21,4,8,995,13,6,7,17,22,1468,525,115,312,9,3,8,14,5
1019,862,678,1497,166,118,255,37,45,11595,148,159,51,2174,1032,1178,12,5,125,95,580,10468,167,96,42,66,46,1882,22819,7125,763,382,305,1070,244,365,325,49,516,259,61966,12798,2816,386,134,1357,854,120,113,1483,9,13,9,2,16,38,0,5,24,28,55,6,1,4,26,18,139,7,142,6,8,31,52,19,27,10,11,21,22,48,9,13,62,58,2,54,69,246,96,8,175,51,31,6,13,60,10,30,63,23
330,326,192,785,72,35,121,29,43,8589,73,329,75,1301,749,627,32,4,78,116,1775,858,297,62,49,134,58,427,623,7142,504,935,793,407,88,175,201,131,222,79,12798,25544,4573,641,197,395,1282,59,24,10843,2,2,6,0,10,20,0,2,14,13,22,0,1,1,10,4,58,6,89,5,15,16,33,25,12,13,21,2,8,22,3,15,16,13,8,10,43,99,42,14,90,23,38,1,13,17,7,11,32,15
943,157,48,1678,613,70,216,517,116,4353,204,527,726,6105,18893,13136,309,92,340,617,9715,1282,211,159,116,280,49,242,649,2062,13155,1113,1546,394,328,791,608,249,678,28,2816,4573,67251,280,1115,96,664,255,151,16689,27,22,21,3,48,85,0,13,55,56,83,8,9,5,53,12,294,13,247,17,19,56,92,46,42,5,10,5,41,67,2,27,71,58,14,8,142,474,85,11,262,4,22,4,4,174,33,40,78,36
26,14,11,50,27,34,48,125,711,723,80,530,57,159,75,209,36,4,228,1238,258,2810,3935,847,3008,6883,5983,743,118,243,226,6149,3077,14725,76,214,349,9708,1456,7694,386,641,280,57346,899,2100,11245,394,35,362,0,1,4,2,12,7,8,8,8,67,39,17,59,15,11,16,19,11,31,114,20,650,89,938,9,838,1028,135,12,22,392,532,39,11,551,559,16,23,11,822,19,568,1873,34,447,24,5,10,28,10
54,6,2,78,39,3,21,944,144,92,56,465,225,677,408,315,25,23,120,5273,78,500,632,32,359,3211,328,106,55,235,1538,5135,6323,605,19,43,28,4211,19,2,134,197,1115,899,4091,28,838,8,29,217,1,2,4,0,1,2,5,4,7,39,5,4,72,7,5,9,8,5,16,128,4,116,22,703,3,20,187,2,5,9,13,258,20,7,268,15,4,12,7,263,3,5,254,4,7,3,1,2,6,2
50,27,31,47,12,4,5,101,81,867,134,119,14,90,36,40,12,0,18,90,87,4174,6666,43,56,137,174,6847,813,151,34,253,129,3493,4,21,91,58,111,1232,1357,395,96,2100,28,11000,9491,35,5,81,0,0,1,0,1,3,0,1,0,11,2,0,2,0,2,0,3,0,5,2,3,48,7,13,4,68,48,128,1,3,61,13,9,0,5,329,7,12,6,20,13,385,196,17,83,2,1,2,10,1
36,17,26,60,30,4,26,102,177,1284,88,340,126,495,187,140,111,43,88,467,647,1098,3344,197,423,2520,1037,2324,194,608,433,15239,5859,15841,40,69,165,1196,360,2761,854,1282,664,11245,838,9491,37096,119,36,902,3,3,1,2,3,3,2,5,3,32,19,7,15,3,5,3,10,6,21,24,16,230,28,141,5,280,336,335,7,5,237,109,14,2,105,1199,8,14,10,199,24,1304,869,74,433,12,2,11,17,6
99,73,123,451,543,2390,3644,3,23,134,13,4,0,106,76,1478,1,2,7,9,10,76,44,134,65,36,458,283,39,43,278,53,24,139,7356,337,1707,12,13850,666,120,59,255,394,8,35,119,6761,383,13,30,124,42,134,219,214,0,1,9,8,14,0,0,1,33,3,82,1,45,2,2,8,14,8,1,7,11,6,16,13,0,8,21,15,4,6,25,210,12,3,79,8,11,2,1,860,16,10,5,4
678,70,37,100,2998,1924,100,0,7,25,0,1,15,15704,174,124,0,0,5,24,9,10,7,6,11,9,20,17,4902,1467,64,77,49,13,128,27,26,11,180,28,113,24,151,35,29,5,36,383,11422,41,2,5,2,1,3,5,0,0,2,0,2,0,0,1,2,0,13,1,12,0,0,2,2,2,1,0,1,0,3,1,1,1,4,3,1,0,7,17,5,1,17,0,2,0,0,16,3,1,4,3
35,32,10,150,13,3,14,33,25,9703,34,242,199,3403,5130,148,46,4,28,118,4120,167,152,36,59,97,32,92,363,3369,341,870,1166,99,22,51,76,131,65,12,1483,10843,16689,362,217,81,902,13,41,20127,2,0,0,0,3,5,0,1,6,11,8,1,4,0,2,1,21,1,21,3,3,9,8,22,4,5,16,2,6,5,4,10,2,8,9,3,13,35,6,13,17,2,17,1,3,3,0,2,5,7
6,10,9,30,2,3,32,0,0,7,0,0,0,13,5,50,0,0,3,2,3,5,0,3,3,2,0,2,4,6,19,1,1,0,42,17,7,2,49,2,9,2,27,0,1,0,3,30,2,2,39604,16812,4345,12336,13470,3639,5,3,7,4,127,10,3,3,14238,132,723,0,67,20,6,103,15,25,6,8,4,78,2252,26,8,46,702,167,49,39,31,557,41,25,87,11,21,40,28,681,9805,169,230,45
23,58,413,142,37,32,152,0,2,3,0,1,0,11,8,97,0,0,2,1,0,5,0,1,7,0,1,1,4,6,18,2,1,2,62,8,9,0,24,8,13,2,22,1,2,0,3,124,5,0,16812,39433,10102,9224,1273,10125,1,5,3,3,312,5,1,0,9965,65,240,3,22,7,2,608,12,7,6,7,1,87,1581,10,6,9,1136,31,16,72,15,440,14,2,28,13,38,97,35,911,1335,790,814,53
6,19,10,47,2,12,31,2,8,4,2,1,1,8,8,53,1,0,9,3,3,3,0,7,4,1,1,0,4,8,15,0,1,0,34,18,6,1,34,1,9,6,21,4,4,1,1,42,2,0,4345,10102,42475,295,224,16511,11,4,6,6,383,10,8,9,18869,5583,4023,2,130,30,11,254,21,22,19,23,10,46,1081,108,12,85,1072,478,59,40,50,763,56,27,40,6,37,35,31,487,1208,431,691,81
26,55,1377,355,11,93,437,1,0,4,0,0,0,13,11,53,0,0,0,0,1,1,0,0,0,1,4,2,1,3,5,1,0,1,29,3,8,0,17,2,2,0,3,2,0,0,2,134,1,0,12336,9224,295,41599,22519,13962,0,0,1,1,47,0,1,0,167,5,20,1,3,0,0,79,1,7,0,0,0,19,271,2,3,4,171,2,0,18,8,128,2,1,218,2,7,10,7,679,289,126,105,7
57,123,107,224,19,512,406,3,9,13,3,0,0,26,26,145,0,3,18,4,8,6,2,11,8,2,7,2,7,6,25,1,2,6,123,36,28,3,252,6,16,10,48,12,1,1,3,219,3,3,13470,1273,224,22519,24627,8919,0,4,3,9,106,2,5,1,214,17,135,3,69,20,15,66,86,72,13,8,82,31,88,13,13,26,109,11,7,25,167,2679,22,15,1325,63,65,11,20,7290,3219,70,106,18
33,65,336,250,30,270,648,6,14,22,4,5,1,39,28,232,2,1,27,6,11,12,0,18,4,2,7,5,9,19,62,3,10,5,165,76,13,2,140,3,38,20,85,7,2,3,3,214,5,5,3639,10125,16511,13962,8919,46330,6,11,13,30,792,28,17,10,3957,310,4235,16,351,74,37,455,138,122,42,23,12,64,955,73,15,86,891,378,56,62,222,9442,114,70,1083,14,83,58,38,2493,808,699,1267,249
0,0,0,0,0,0,1,63,541,4,2,16,32,2,1,2,7,1,7,206,7,16,1,19,96,0,9,0,0,1,6,1,36,0,3,4,13,0,3,1,0,0,0,8,5,0,2,0,0,0,5,1,11,0,0,6,3822,8757,501,405,21,49,479,7604,86,49,101,1147,155,2174,20,207,88,196,61,3,26,6,18,707,7,2044,30,58,89,10,229,12,31,29,0,1,22,3,15,0,9,5,13,9
0,0,1,1,2,0,1,151,627,21,20,53,53,1,0,9,43,5,51,115,54,25,5,53,52,2,10,0,1,0,8,5,17,4,2,17,25,4,13,3,5,2,13,8,4,1,5,1,0,1,3,5,4,0,4,11,8757,29678,3804,4247,293,580,1025,3222,32,17,165,8837,533,5766,370,2098,166,212,160,33,28,35,17,1652,23,1922,23,37,808,50,923,18,40,277,21,12,123,68,115,0,1,26,39,42
1,0,1,4,1,1,11,100,182,118,24,54,4,6,4,51,18,7,116,26,145,23,9,98,18,0,3,2,4,11,49,1,6,0,21,84,53,2,94,2,24,14,55,8,7,0,3,9,2,6,7,3,6,1,3,13,501,3804,5155,4540,485,607,187,364,15,12,346,4177,1341,549,546,1277,120,446,284,13,9,9,20,3331,7,494,40,28,167,26,425,25,44,80,23,4,51,19,25,1,3,39,119,56
4,2,0,4,2,1,8,718,5174,131,89,233,453,16,5,78,206,19,213,1231,273,126,42,302,671,13,56,0,2,11,61,29,159,6,27,94,230,36,97,3,28,13,56,67,39,11,32,8,0,11,4,3,6,1,9,30,405,4247,4540,43239,556,769,644,1029,25,11,84,1605,3954,4496,713,1593,11258,10641,139,39,794,29,18,166,35,561,30,19,188,62,8358,163,57,144,57,19,275,48,86,18,2,46,98,58
2,1,2,12,1,1,24,103,146,103,38,35,6,20,9,121,21,14,153,20,104,43,6,126,12,14,5,8,13,24,107,8,11,10,52,150,57,7,183,14,55,22,83,39,5,2,19,14,2,8,127,312,383,47,106,792,21,293,485,556,44681,6608,630,116,485,302,1760,792,1147,111,4849,4690,389,83,1119,111,74,339,317,662,75,321,373,679,93,211,1428,699,1024,52,308,69,407,325,399,96,73,13601,12338,5943
0,0,0,0,0,0,2,24,84,20,13,14,5,3,0,8,13,4,22,17,19,13,4,28,25,6,7,3,0,1,9,2,7,6,2,13,11,6,16,2,6,0,8,17,4,0,7,0,0,1,10,5,10,0,2,28,49,580,607,769,6608,9910,6315,310,25,17,127,3126,403,181,5200,8139,95,130,490,39,46,129,28,342,18,174,25,23,32,91,479,58,121,39,29,35,218,171,177,4,4,104,199,205
0,0,0,1,1,0,0,23,223,6,4,34,17,3,1,4,0,0,19,364,14,25,21,12,518,9,34,3,0,4,6,8,94,7,2,9,6,41,6,5,1,1,9,59,72,2,15,0,0,4,3,1,8,1,5,17,479,1025,187,644,630,6315,12479,6777,62,94,93,8099,195,1324,1690,6155,85,2092,431,61,274,44,27,711,32,5268,70,64,296,89,160,44,334,522,16,16,607,147,326,5,7,27,116,167
0,0,0,1,0,0,2,46,317,5,4,16,31,3,1,7,7,0,20,245,15,17,4,16,178,3,12,0,0,1,2,1,52,2,3,9,9,6,6,1,4,1,5,15,7,0,3,1,1,0,3,0,9,0,1,10,7604,3222,364,1029,116,310,6777,18755,111,143,94,6663,169,1572,342,814,74,732,189,17,73,14,21,1086,16,5379,68,96,71,40,297,18,155,51,7,6,74,23,144,3,6,9,41,20
13,7,5,26,4,4,38,1,15,18,4,1,0,23,7,104,0,0,4,7,10,15,6,10,24,2,6,2,3,12,43,4,2,5,74,47,13,5,74,5,26,10,53,11,5,2,5,33,2,2,14238,9965,18869,167,214,3957,86,32,15,25,485,25,62,111,70259,11203,5304,31,251,142,33,338,28,71,86,128,15,181,9179,459,133,948,19782,3132,760,258,143,1103,1544,228,136,18,107,71,112,237,11468,473,1069,586
2,1,0,3,1,0,5,3,6,7,1,4,0,5,1,23,0,0,11,10,5,7,4,4,29,6,1,0,9,12,10,4,3,3,16,14,7,12,28,2,18,4,12,16,9,0,3,3,0,1,132,65,5583,5,17,310,49,17,12,11,302,17,94,143,11203,30234,3742,33,116,93,70,336,22,69,199,125,28,163,1045,516,175,1488,10996,8784,759,298,94,119,18866,136,42,9,136,46,215,10,252,246,2631,5300
22,18,7,58,16,10,132,12,34,84,7,13,2,110,44,298,1,3,38,34,60,63,5,64,35,5,13,13,34,72,195,10,11,15,313,268,40,7,521,7,139,58,294,19,8,3,10,82,13,21,723,240,4023,20,135,4235,101,165,346,84,1760,127,93,94,5304,3742,25120,230,5496,352,179,717,138,224,309,128,17,155,1038,4695,89,546,1444,9153,503,235,437,9810,1147,387,476,15,155,63,83,502,718,742,1337,404
0,0,0,1,1,0,2,103,230,32,29,36,20,3,1,18,26,4,52,23,64,17,4,47,22,3,3,2,3,1,15,2,7,3,6,24,34,4,27,2,7,6,13,11,5,0,6,1,1,1,0,3,2,1,3,16,1147,8837,4177,1605,792,3126,8099,6663,31,33,230,16353,795,239,6320,1991,130,112,618,25,29,36,17,5576,22,815,20,38,26,44,719,34,176,25,14,9,112,85,183,6,6,21,74,95
11,2,4,19,12,5,62,100,183,285,59,73,11,66,31,274,19,10,278,58,293,101,13,216,77,10,16,13,43,65,217,7,35,5,125,409,75,13,595,8,142,89,247,31,16,5,21,45,12,21,67,22,130,3,69,351,155,533,1341,3954,1147,403,195,169,251,116,5496,795,10726,684,631,823,2696,1021,444,71,71,42,178,3992,47,515,324,273,211,76,1120,7385,539,293,830,23,260,21,72,114,74,256,521,227
1,0,0,3,1,0,4,195,2449,5,11,82,315,11,0,15,10,1,32,1528,7,78,41,64,1310,12,128,3,1,4,26,25,502,4,3,19,40,49,11,2,6,5,17,114,128,2,24,2,0,3,20,7,30,0,20,74,2174,5766,549,4496,111,181,1324,1572,142,93,352,239,684,23149,36,1135,356,7533,71,248,185,51,61,764,141,5763,94,122,5339,200,276,114,65,5270,6,11,615,35,189,9,29,13,67,19
1,0,0,1,1,0,4,79,141,58,28,16,6,10,2,43,13,9,112,11,64,26,5,96,10,8,4,3,2,2,30,4,6,7,10,50,58,4,45,5,8,15,19,20,4,3,16,2,0,3,6,2,11,0,15,37,20,370,546,713,4849,5200,1690,342,33,70,179,6320,631,36,10097,2224,282,42,3698,72,51,376,31,2203,68,350,88,57,64,181,1068,145,1582,24,52,31,204,192,359,7,4,146,589,2568
1,1,2,6,3,2,12,43,147,54,8,29,13,23,12,58,7,6,63,174,56,74,98,59,385,222,210,26,7,17,48,185,103,165,40,70,28,154,102,129,31,16,56,650,116,48,230,8,2,9,103,608,254,79,66,455,207,2098,1277,1593,4690,8139,6155,814,338,336,717,1991,823,1135,2224,40142,321,2163,607,1072,2029,609,3335,712,364,4741,1387,275,726,1390,409,382,692,1713,166,493,6474,6583,5975,68,50,3695,2152,693
4,0,1,9,4,2,20,104,322,141,29,61,22,16,2,96,21,11,120,136,190,44,31,144,143,17,47,5,10,22,79,22,31,21,37,144,46,39,188,15,52,33,92,89,22,7,28,14,2,8,15,12,21,1,86,138,88,166,120,11258,389,95,85,74,28,22,138,130,2696,356,282,321,9857,5187,155,60,927,87,45,118,68,300,97,21,62,115,4474,5505,99,73,2823,469,426,16,121,194,35,84,188,74
3,1,0,4,2,0,7,161,2732,21,17,215,235,32,14,71,13,3,74,3036,23,218,211,136,5180,109,571,10,4,16,69,169,1176,48,20,40,55,463,43,27,19,25,46,938,703,13,141,8,2,22,25,7,22,7,72,122,196,212,446,10641,83,130,2092,732,71,69,224,112,1021,7533,42,2163,5187,18189,51,177,6698,228,48,131,186,4140,104,40,823,235,535,624,68,1732,681,1626,2842,36,396,133,40,24,80,37
2,1,0,2,0,1,5,46,66,56,17,17,5,11,4,42,4,1,98,11,60,28,9,73,13,2,0,0,6,10,63,9,4,4,17,71,30,6,78,6,27,12,42,9,3,4,5,1,1,4,6,6,19,0,13,42,61,160,284,139,1119,490,431,189,86,199,309,618,444,71,3698,607,155,51,7912,75,28,148,59,5734,75,782,156,733,260,129,564,154,5374,90,64,13,98,36,187,9,12,98,625,1145
1,4,1,2,0,0,1,2,13,17,1,5,0,3,3,3,0,0,4,11,5,72,88,12,44,257,124,32,1,3,2,226,41,227,2,4,2,89,13,129,10,13,5,838,20,68,280,7,0,5,8,7,23,0,8,23,3,33,13,39,111,39,61,17,128,125,128,25,71,248,72,1072,60,177,75,11040,735,251,103,110,6242,931,248,90,2897,7374,7,38,76,8534,30,182,8369,71,1374,9,44,35,131,58
1,0,0,0,1,1,4,5,253,18,2,31,11,3,8,9,0,0,16,90,4,97,177,42,549,293,489,43,3,4,11,305,153,205,4,6,10,279,35,150,11,21,10,1028,187,48,336,11,1,16,4,1,10,0,82,12,26,28,9,794,74,46,274,73,15,28,17,29,71,185,51,2029,927,6698,28,735,10850,2085,25,29,601,1824,55,10,604,775,1173,225,40,520,1706,9596,5098,93,1229,390,100,25,69,40
0,0,2,0,0,2,2,0,4,4,0,3,1,5,1,5,0,0,2,3,3,18,8,9,13,11,27,764,7,5,1,30,3,764,5,9,14,9,34,770,21,2,5,135,2,128,335,6,0,2,78,87,46,19,31,64,6,35,9,29,339,129,44,14,181,163,155,36,42,51,376,609,87,228,148,251,2085,44155,3476,103,145,225,1389,74,258,7639,435,58,175,382,487,16892,1297,11678,895,171,87,820,698,217
7,8,1,13,3,3,26,4,11,39,5,1,0,28,6,65,0,0,22,8,10,9,5,14,18,3,4,5,11,19,43,2,1,14,58,52,8,1,128,12,22,8,41,12,5,1,7,16,3,6,2252,1581,1081,271,88,955,18,17,20,18,317,28,27,21,9179,1045,1038,17,178,61,31,3335,45,48,59,103,25,3476,106585,110,140,666,33577,519,500,813,195,421,412,99,152,171,198,1427,403,63,15360,12690,2580,328
5,1,0,3,2,1,16,40,86,73,21,15,3,19,10,65,7,5,85,18,65,27,5,72,33,5,7,2,14,17,66,3,9,3,48,114,30,10,168,2,48,22,67,22,9,3,5,13,1,5,26,10,108,2,13,73,707,1652,3331,166,662,342,711,1086,459,516,4695,5576,3992,764,2203,712,118,131,5734,110,29,103,110,13057,114,2164,309,1809,1039,162,361,179,2347,458,133,12,163,34,175,58,67,154,385,337
0,0,1,0,0,0,0,0,5,7,1,0,1,1,0,1,1,1,3,15,2,48,46,3,33,87,50,18,3,2,2,117,11,211,1,4,2,25,8,134,9,3,2,392,13,61,237,0,1,4,8,6,12,3,13,15,7,23,7,35,75,18,32,16,133,175,89,22,47,141,68,364,68,186,75,6242,601,145,140,114,17356,3321,321,57,3865,9706,26,45,139,1413,32,817,4872,130,4291,5,33,34,217,105
0,1,0,4,1,0,5,66,647,31,2,64,69,11,7,24,4,1,52,974,24,74,128,60,1410,170,256,9,2,7,29,147,414,46,7,23,18,225,39,21,13,15,27,532,258,13,109,8,1,10,46,9,85,4,26,86,2044,1922,494,561,321,174,5268,5379,948,1488,546,815,515,5763,350,4741,300,4140,782,931,1824,225,666,2164,3321,29211,1640,565,14297,1425,175,174,1242,4914,71,71,6317,109,4605,33,171,161,986,556
3,3,1,15,7,4,17,15,16,51,11,7,1,26,9,82,2,3,42,18,28,25,4,31,42,3,9,6,14,22,67,11,10,11,78,97,18,10,147,21,62,16,71,39,20,9,14,21,4,2,702,1136,1072,171,109,891,30,23,40,30,373,25,70,68,19782,10996,1444,20,324,94,88,1387,97,104,156,248,55,1389,33577,309,321,1640,87343,1120,1292,899,422,544,1570,194,221,111,284,740,539,79,1456,5784,28218,4495
10,1,1,8,5,0,10,2,6,27,4,0,0,27,11,59,0,0,20,5,12,17,2,12,15,4,3,4,15,17,62,4,4,3,63,84,10,0,144,4,58,13,58,11,7,0,2,15,3,8,167,31,478,2,11,378,58,37,28,19,679,23,64,96,3132,8784,9153,38,273,122,57,275,21,40,733,90,10,74,519,1809,57,565,1120,11540,409,132,206,154,4186,130,156,9,64,19,73,23,297,299,844,245
1,0,0,1,1,0,6,15,131,16,4,54,11,4,5,16,1,1,18,411,9,61,118,26,826,130,239,7,1,10,19,122,241,29,2,10,7,300,17,8,2,8,14,551,268,5,105,4,1,9,49,16,59,0,7,56,89,808,167,188,93,32,296,71,760,759,503,26,211,5339,64,726,62,823,260,2897,604,258,500,1039,3865,14297,1292,409,12450,1679,20,49,306,5107,23,25,1726,43,473,7,174,138,377,191
4,1,1,4,0,0,1,0,6,10,1,1,2,4,4,8,0,1,4,14,4,91,38,14,31,73,89,165,12,12,5,181,24,1277,6,7,7,28,29,995,54,10,8,559,15,329,1199,6,0,3,39,72,40,18,25,62,10,50,26,62,211,91,89,40,258,298,235,44,76,200,181,1390,115,235,129,7374,775,7639,813,162,9706,1425,899,132,1679,33058,84,97,218,2189,152,4490,9177,3983,5912,43,76,296,505,177
3,4,3,13,3,6,34,145,1082,138,33,62,82,44,14,115,58,7,125,87,160,57,7,175,44,4,11,5,10,45,79,4,15,21,66,230,126,1,410,13,69,43,142,16,4,7,8,25,7,13,31,15,50,8,167,222,229,923,425,8358,1428,479,160,297,143,94,437,719,1120,276,1068,409,4474,535,564,7,1173,435,195,361,26,175,422,206,20,84,2716,2958,927,18,5873,935,104,39,75,902,107,347,728,401
48,30,22,124,49,33,247,41,68,217,29,18,4,177,70,638,9,8,164,30,100,106,6,153,41,7,13,16,71,121,376,10,17,23,508,461,106,13,850,6,246,99,474,23,12,12,14,210,17,35,557,440,763,128,2679,9442,12,18,25,163,699,58,44,18,1103,119,9810,34,7385,114,145,382,5505,624,154,38,225,58,421,179,45,174,544,154,49,97,2958,29407,356,124,15938,120,305,32,75,5431,521,339,554,195
1,1,1,1,2,1,6,9,23,73,12,5,4,40,6,146,3,1,64,1,32,43,3,39,21,4,8,14,31,38,102,4,4,11,54,169,51,4,247,7,96,42,85,11,7,6,10,12,5,6,41,14,56,2,22,114,31,40,44,57,1024,121,334,155,1544,18866,1147,176,539,65,1582,692,99,68,5374,76,40,175,412,2347,139,1242,1570,4186,306,218,927,356,45630,78,357,12,158,66,343,34,84,342,4856,10278
0,0,0,5,2,0,3,11,81,23,1,35,8,8,3,23,4,0,10,246,9,67,174,37,594,288,419,8,4,8,11,275,226,43,1,14,7,360,33,17,8,14,11,822,263,20,199,3,1,13,25,2,27,1,15,70,29,277,80,144,52,39,522,51,228,136,387,25,293,5270,24,1713,73,1732,90,8534,520,382,99,458,1413,4914,194,130,5107,2189,18,124,78,19689,24,44,10665,57,856,21,54,24,92,39
14,11,3,38,16,15,95,7,19,112,12,6,5,104,32,323,5,3,73,3,43,70,5,62,16,8,7,21,52,90,224,5,3,43,295,263,66,4,526,22,175,90,262,19,3,13,24,79,17,17,87,28,40,218,1325,1083,0,21,23,57,308,29,16,7,136,42,476,14,830,6,52,166,2823,681,64,30,1706,487,152,133,32,71,221,156,23,152,5873,15938,357,24,29367,1803,346,18,115,20256,625,117,216,112
3,1,6,4,0,0,0,1,5,6,2,2,0,3,2,6,0,0,1,2,1,77,23,15,7,60,79,343,14,6,5,163,8,1752,1,2,14,12,14,1468,51,23,4,568,5,385,1304,8,0,2,11,13,6,2,63,14,1,12,4,19,69,35,16,6,18,9,15,9,23,11,31,493,469,1626,13,182,9596,16892,171,12,817,71,111,9,25,4490,935,120,12,44,1803,30168,12584,740,1505,379,107,60,124,22
4,3,2,6,1,0,10,18,72,35,5,24,3,14,8,15,0,1,14,106,22,198,280,52,570,582,528,81,14,8,16,618,163,726,9,15,17,338,53,525,31,38,22,1873,254,196,869,11,2,17,21,38,37,7,65,83,22,123,51,275,407,218,607,74,107,136,155,112,260,615,204,6474,426,2842,98,8369,5098,1297,198,163,4872,6317,284,64,1726,9177,104,305,158,10665,346,12584,37088,546,6284,110,40,105,332,134
0,0,0,0,0,0,1,1,4,6,0,0,0,0,0,9,0,0,3,2,1,9,3,3,4,9,9,20,0,2,4,12,0,134,4,9,4,2,9,115,6,1,4,34,4,17,74,2,0,1,40,97,35,10,11,58,3,68,19,48,325,171,147,23,71,46,63,85,21,35,192,6583,16,36,36,71,93,11678,1427,34,130,109,740,19,43,3983,39,32,66,57,18,740,546,12643,6453,12,9,730,498,71
1,1,0,3,0,0,0,4,23,10,4,7,1,4,1,4,1,0,7,29,4,45,53,8,55,120,71,53,3,2,6,122,18,364,4,10,5,50,22,312,13,13,4,447,7,83,433,1,0,3,28,35,31,7,20,38,15,115,25,86,399,177,326,144,112,215,83,183,72,189,359,5975,121,396,187,1374,1229,895,403,175,4291,4605,539,73,473,5912,75,75,343,856,115,1505,6284,6453,12885,43,33,216,649,266
172,305,223,704,66,180,898,8,10,24,2,3,2,109,109,724,0,0,18,2,5,21,5,25,11,3,13,3,23,30,110,5,2,11,617,95,58,1,310,9,60,17,174,24,3,2,12,860,16,3,681,911,487,679,7290,2493,0,0,1,18,96,4,5,3,237,10,502,6,114,9,7,68,194,133,9,9,390,171,63,58,5,33,79,23,7,43,902,5431,34,21,20256,379,110,12,43,10697,1556,41,68,15
3,1,5,10,4,4,24,1,1,2,0,0,0,11,4,35,0,0,5,2,5,6,0,2,4,2,0,0,6,5,23,0,0,6,32,16,5,1,47,3,10,7,33,5,1,1,2,16,3,0,9805,1335,1208,289,3219,808,9,1,3,2,73,4,7,6,11468,252,718,6,74,29,4,50,35,40,12,44,100,87,15360,67,33,171,1456,297,174,76,107,521,84,54,625,107,40,9,33,1556,32589,63,114,47
4,0,1,6,3,2,10,15,23,37,5,5,1,7,2,48,1,1,39,3,24,14,0,31,8,3,0,6,6,13,41,3,4,21,32,61,17,0,92,8,30,11,40,10,2,2,11,10,1,2,169,790,431,126,70,699,5,26,39,46,13601,104,27,9,473,246,742,21,256,13,146,3695,84,24,98,35,25,820,12690,154,34,161,5784,299,138,296,347,339,342,24,117,60,105,730,216,41,63,31470,9010,588
5,2,2,9,0,3,12,27,33,67,20,11,3,19,5,88,7,5,92,11,56,40,4,72,22,9,4,5,9,27,63,6,7,12,55,120,41,8,171,14,63,32,78,28,6,10,17,5,4,5,230,814,691,105,106,1267,13,39,119,98,12338,199,116,41,1069,2631,1337,74,521,67,589,2152,188,80,625,131,69,698,2580,385,217,986,28218,844,377,505,728,554,4856,92,216,124,332,498,649,68,114,9010,40855,13983
0,0,0,2,2,0,5,11,12,25,4,3,2,15,6,39,2,3,46,8,22,22,2,15,6,5,3,1,3,8,28,3,3,7,15,54,22,3,70,5,23,15,36,10,2,1,6,4,3,7,45,53,81,7,18,249,9,42,56,58,5943,205,167,20,586,5300,404,95,227,19,2568,693,74,37,1145,58,40,217,328,337,105,556,4495,245,191,177,401,195,10278,39,112,22,134,71,266,15,47,588,13983,11421
