37663,9002,10049,1608,15274,7168,450,0,1,93,13,0,0,25986,520,537,0,0,1,0,0,153,0,2,0,1,0,1,95,120,13,3,0,0,64,4,4,0,12,0,67,40,20,0,1,1,2,19,774,3,1,0,0,41,1,3,0,0,1,0,1,0,0,0,6,0,12,0,6,0,0,1,0,0,0,0,0,0,0,5,0,0,0,0,0,0,4,8,0,0,2,0,1,0,0,2,0,0,2,2
9002,34298,12679,16562,1059,2660,872,0,0,413,6,0,0,5988,3262,513,0,0,0,3,0,141,0,4,0,0,0,2,67,133,6,1,0,0,56,4,13,0,13,1,72,155,39,0,3,0,1,15,197,7,0,1,0,7,3,1,0,0,2,0,1,0,0,0,1,0,13,0,4,0,0,0,3,0,0,0,0,0,0,5,0,0,0,0,0,0,4,12,0,0,1,0,0,0,0,1,0,0,4,2
10049,12679,39583,8884,5758,8845,6784,4,4,1743,32,0,0,419,183,317,0,2,0,4,2,167,0,12,0,2,0,1,45,69,41,4,1,1,142,22,72,0,44,0,84,211,21,0,1,0,4,60,75,19,15,217,2,2991,16,114,0,1,5,5,15,0,0,0,2,0,39,0,20,2,0,2,6,0,1,0,0,0,3,26,0,0,2,0,0,0,11,30,0,0,14,0,0,0,0,7,1,1,14,15
1608,16562,8884,50157,750,2930,27263,6,1,626,40,1,3,2957,6116,12869,1,4,3,10,1,78,0,6,0,3,0,5,67,116,129,6,2,1,192,20,66,0,64,1,46,78,2601,1,7,0,8,81,203,103,0,1,5,6,24,27,0,0,9,1,8,1,0,0,14,4,99,1,34,0,1,6,8,0,1,0,0,0,2,39,0,1,4,4,0,0,19,76,2,1,27,0,1,0,1,14,4,3,16,8
15274,1059,5758,750,36123,35134,155,0,3,61,7,0,0,11691,197,504,0,0,2,6,0,124,0,5,0,2,0,3,129,221,22,4,0,0,41,5,19,1,45,1,52,24,20,0,1,1,1,198,2574,4,0,0,0,179,2,0,0,0,2,0,0,1,0,0,2,0,9,0,6,0,0,0,3,0,0,0,0,0,0,6,0,0,0,0,0,0,6,4,0,1,4,0,0,0,0,2,0,0,6,1
7168,2660,8845,2930,35134,30827,22507,4,12,1210,37,0,0,1705,188,1022,2,6,8,11,0,434,0,33,0,2,10,5,123,207,71,1,1,1,2274,112,257,0,1713,6,198,312,22,0,0,2,3,8305,1584,6,29,8,17,2512,118,179,0,6,36,5,31,4,0,0,38,8,190,5,95,4,3,11,15,0,7,0,0,0,4,103,0,0,9,2,0,0,92,172,6,0,80,0,0,0,0,77,13,5,49,26
450,872,6784,27263,155,22507,31884,3,7,263,50,1,0,181,91,9598,0,1,4,12,0,33,0,8,0,3,0,0,15,13,48,0,0,0,5282,59,155,1,716,0,7,10,580,2,1,0,0,686,26,1,5,10,19,107,94,312,0,5,29,5,39,5,0,0,36,11,415,2,79,2,1,9,26,2,4,1,0,1,2,128,1,0,8,2,0,0,95,325,2,0,94,0,0,0,0,123,12,4,62,32
0,0,4,6,0,4,3,34104,2497,94,964,233,6513,30,43,1537,695,10145,1245,20331,17,857,238,183,33,92,143,15,15,11,2056,440,929,26,31,83,979,50,11,7,4,21,21,42,959,95,152,1,3,21,0,1,0,0,2,0,12,278,23,340,32,13,3,8,2,1,5,36,16,331,12,6,61,55,1,9,9,0,1,19,8,44,1,0,23,2,50,3,2,24,1,1,12,0,1,2,0,0,7,2
1,0,4,1,3,12,7,2497,50173,149,313,45,42,14,1,764,21,141,2738,9308,33,192,72,15928,11109,64,3428,27,11,16,89,36,43,47,104,227,4907,67,123,82,7,4,9,708,16,14,50,18,7,0,0,0,1,0,2,0,15,290,72,376,58,16,1,5,2,1,16,61,33,215,16,9,107,22,4,21,17,2,2,34,10,25,0,1,15,6,79,8,4,42,5,2,38,1,4,7,1,1,17,4
93,413,1743,626,61,1210,263,94,149,54011,4659,2691,126,901,1462,1629,367,200,230,113,6212,2346,423,339,13,105,63,133,272,765,587,848,506,63,75,129,361,61,130,23,15244,44476,3344,177,170,298,930,56,125,16946,1,0,1,7,1,3,0,30,46,73,26,5,1,0,2,4,16,20,27,21,1,6,49,13,2,5,4,1,0,18,7,12,1,1,11,4,50,10,4,5,9,1,14,0,1,5,2,1,15,5
13,6,32,40,7,37,50,964,313,4659,9982,12035,1720,74,108,2129,4191,405,309,747,2686,5646,3798,131,23,120,82,132,50,19,662,335,899,117,288,342,269,126,348,49,22,44,617,290,37,820,869,62,18,20,2,2,0,1,10,6,2,20,14,40,12,1,0,2,13,2,24,8,27,28,0,3,13,5,3,12,7,1,0,19,11,19,4,1,13,7,28,20,1,12,16,3,15,0,0,2,2,0,7,8
0,0,0,1,0,0,1,233,45,2691,12035,19964,11452,2,1,7,7898,268,7,687,2583,1813,5129,16,116,60,159,32,18,0,9,145,5847,40,3,1,24,180,1,17,1,2,40,203,39,346,380,0,0,1,0,0,0,0,0,0,2,9,0,8,1,0,0,0,0,0,1,0,0,26,0,4,1,9,0,7,11,0,0,2,4,18,0,0,22,2,2,0,0,34,0,0,16,1,1,0,0,0,0,0
0,0,0,3,0,0,0,6513,42,126,1720,11452,20882,18,20,17,11720,3585,18,4916,175,672,1252,5,234,32,333,20,12,10,119,334,11785,25,0,1,66,75,0,9,1,17,11,109,244,152,236,0,2,28,0,0,0,0,0,0,9,12,1,40,3,2,6,4,1,1,0,3,0,262,1,5,0,89,0,4,14,0,0,5,1,126,0,0,57,0,6,0,1,58,0,1,24,0,2,0,0,0,2,0
25986,5988,419,2957,11691,1705,181,30,14,901,74,2,18,82108,11304,2117,4,28,43,43,33,939,7,157,0,32,2,24,3942,28430,437,114,33,9,148,122,383,12,158,1,870,1706,843,4,35,20,70,82,19621,3674,7,1,1,2,8,2,0,4,48,16,27,0,0,0,6,1,31,11,76,1,0,4,38,1,2,0,0,0,2,44,0,1,4,1,3,0,90,45,6,1,16,0,1,0,0,3,1,0,47,15
520,3262,183,6116,197,188,91,43,1,1462,108,1,20,11304,21449,2444,5,39,4,48,24,198,0,10,1,32,2,6,211,449,1222,84,22,4,39,17,55,16,21,0,140,1020,11504,2,44,1,46,9,383,17439,0,0,0,0,4,4,0,0,6,0,5,1,0,0,1,2,11,1,4,0,0,2,4,0,0,0,0,0,0,9,1,1,0,1,1,0,14,7,0,2,4,0,1,0,0,1,3,0,5,4
537,513,317,12869,504,1022,9598,1537,764,1629,2129,7,17,2117,2444,37658,10,929,7882,1259,38,247,27,542,18,210,15,43,152,221,18243,263,18,52,5319,8765,1548,92,1413,4,86,98,4083,31,180,9,149,1584,318,87,39,55,77,61,295,438,0,23,132,50,142,16,2,3,171,50,1279,30,377,13,12,35,119,6,21,3,2,0,28,512,4,4,57,10,3,2,390,1108,16,5,339,1,9,0,0,332,60,14,256,128
0,0,0,1,0,2,0,695,21,367,4191,7898,11720,4,5,10,10330,1041,11,67,8881,505,1060,19,8,16,19,23,4,4,613,82,608,10,3,3,41,30,1,4,0,7,316,29,10,74,147,0,0,11,0,0,0,0,0,0,0,6,0,14,0,2,0,1,0,0,0,2,2,6,1,1,2,2,0,0,0,0,0,1,0,2,0,0,1,0,2,0,0,3,0,1,5,0,1,0,0,0,0,0
0,0,2,4,0,6,1,10145,141,200,405,268,3585,28,39,929,1041,3188,1112,88,1802,172,216,112,8,28,35,31,13,11,2067,259,501,9,14,23,256,28,8,1,4,25,386,24,93,38,204,3,3,55,0,0,0,0,0,1,1,68,22,98,16,0,0,2,1,1,3,15,13,13,5,5,47,2,2,4,3,1,0,16,0,3,0,0,3,0,20,4,1,9,2,0,4,0,0,0,0,0,6,1
1,0,0,3,2,8,4,1245,2738,230,309,7,18,43,4,7882,11,1112,8318,293,29,136,3,1403,5,3,8,1,25,34,2425,13,6,0,53,860,628,3,85,0,12,26,12,6,4,9,14,10,12,2,0,0,0,0,1,2,1,31,80,51,37,6,0,0,3,2,15,29,54,4,4,2,68,0,3,0,1,0,3,26,0,1,2,1,1,0,136,11,1,2,9,0,1,0,0,4,0,1,36,10
0,3,4,10,6,11,12,20331,9308,113,747,687,4916,43,48,1259,67,88,293,37155,42,1093,1323,496,8991,711,3869,38,28,22,1423,458,4484,88,153,349,2802,5001,135,27,4,12,30,1616,9470,204,258,18,14,21,0,1,0,0,4,3,91,210,9,754,42,18,47,78,1,10,10,33,20,2332,15,88,60,830,2,41,221,7,0,86,29,1312,0,2,742,15,84,12,3,553,2,4,303,3,8,5,1,0,10,35
0,0,2,1,0,0,0,17,33,6212,2686,2583,175,33,24,38,8881,1802,29,42,28816,249,336,90,4,28,19,34,2,16,1146,182,285,15,6,13,81,18,9,2,7,159,10664,32,13,81,270,0,0,2832,0,0,0,0,0,0,0,5,4,8,3,1,0,1,0,0,1,6,1,4,1,1,13,2,0,1,1,0,0,1,2,2,0,0,3,0,13,1,0,4,0,1,2,0,0,0,0,0,1,0
153,141,167,78,124,434,33,857,192,2346,5646,1813,672,939,198,247,505,172,136,1093,249,22442,4905,178,93,265,247,1293,4483,1028,165,338,279,394,45,65,208,366,95,273,19877,2290,52,938,117,5696,979,55,317,22,0,2,1,3,3,2,0,5,40,19,17,2,1,1,5,1,21,11,38,12,6,16,29,3,5,15,6,9,1,28,31,18,0,1,9,27,56,25,2,27,7,31,42,4,4,2,3,0,15,9
0,0,0,0,0,0,0,238,72,423,3798,5129,1252,7,0,27,1060,216,3,1323,336,4905,14193,54,233,757,795,193,119,10,20,938,6731,255,0,5,7,1746,2,77,10,6,6,2066,404,4574,4104,0,0,7,0,0,0,0,0,0,1,1,0,5,0,1,0,0,0,1,1,1,1,14,0,13,2,10,0,67,27,3,0,8,61,59,0,0,33,18,2,0,0,166,0,15,131,0,12,0,0,0,1,2
2,4,12,6,5,33,8,183,15928,339,131,16,5,157,10,542,19,112,1403,496,90,178,54,8879,1936,86,918,44,94,109,284,48,45,45,166,5538,11229,42,11372,127,50,67,28,615,10,13,57,175,32,9,0,0,1,0,14,11,0,57,99,110,35,9,0,0,4,0,36,34,57,9,4,10,115,3,3,20,10,2,0,44,14,9,0,0,12,5,284,28,8,34,14,3,23,0,4,22,1,1,28,12
0,0,0,0,0,0,0,33,11109,13,23,116,234,0,1,18,8,8,5,8991,4,93,233,1936,21875,36,12073,3,4,1,1,27,307,19,7,17,1099,244,10,22,0,1,0,915,62,24,27,0,0,2,0,0,0,0,0,0,5,12,0,53,7,3,4,5,0,2,2,8,0,280,1,9,6,125,0,20,71,0,0,12,12,188,0,1,146,3,9,0,0,194,0,4,95,2,5,0,0,0,0,9
1,0,2,3,2,2,3,92,64,105,120,60,32,32,32,210,16,28,3,711,28,265,757,86,36,23757,1061,133,22,11,154,9529,342,5941,13,14,21,9703,14,63,7,9,13,9460,4439,266,1291,1,2,11,0,0,0,0,1,0,5,7,1,10,15,6,5,1,0,2,2,7,2,17,8,289,4,33,0,1053,198,17,2,12,775,212,0,1,77,119,1,3,0,688,1,82,1194,7,170,0,0,0,0,4
0,0,0,0,0,10,0,143,3428,63,82,159,333,2,2,15,19,35,8,3869,19,247,795,918,12073,1061,34041,1377,21,1,6,636,934,742,4,16,1877,1653,217,5498,2,6,7,19505,978,264,772,55,3,4,0,0,0,0,1,1,6,2,1,83,6,5,4,5,0,1,3,5,2,287,2,52,10,185,1,263,320,31,0,18,195,179,0,1,122,126,8,5,0,637,1,104,612,12,40,6,0,0,2,6
1,2,1,5,3,5,0,15,27,133,132,32,20,24,6,43,23,31,1,38,34,1293,193,44,3,133,1377,59677,885,83,30,229,50,4626,3,1,470,91,41,11432,163,35,3,310,17,10631,3393,5,6,2,0,0,0,0,0,1,1,2,0,0,0,2,1,1,0,0,0,1,0,5,1,26,1,10,0,28,33,867,0,0,65,9,0,0,6,366,16,0,2,23,1,1326,124,167,84,0,0,0,1,0
95,67,45,67,129,123,15,15,11,272,50,18,12,3942,211,152,4,13,25,28,2,4483,119,94,4,22,21,885,73622,7483,84,39,10,50,20,34,113,23,46,72,22786,636,47,51,11,1268,107,16,7103,34,0,0,0,0,2,1,1,1,28,7,4,0,0,0,1,1,9,5,19,0,0,4,12,0,0,1,0,4,0,12,3,0,0,0,1,3,32,5,1,3,4,1,4,0,0,3,1,0,10,5
120,133,69,116,221,207,13,11,16,765,19,0,10,28430,449,221,4,11,34,22,16,1028,10,109,1,11,1,83,7483,38871,178,55,21,9,22,37,203,4,58,10,9024,10624,201,5,20,73,46,12,2734,1118,0,0,0,0,2,2,0,1,26,6,11,0,0,0,2,0,6,9,22,0,0,1,21,0,0,0,0,0,2,15,0,1,0,1,0,0,61,14,1,2,5,0,1,0,0,4,0,0,18,4
13,6,41,129,22,71,48,2056,89,587,662,9,119,437,1222,18243,613,2067,2425,1423,1146,165,20,284,1,154,6,30,84,178,30493,169,22,24,116,628,644,66,209,3,37,210,16254,14,169,9,113,67,61,501,6,3,5,4,16,10,0,27,115,52,43,6,1,0,23,6,85,39,128,8,6,12,86,3,4,3,1,0,8,84,2,3,7,3,0,0,159,65,8,4,27,0,2,1,0,16,6,1,65,19
3,1,4,6,4,1,0,440,36,848,335,145,334,114,84,263,82,259,13,458,182,338,938,48,27,9529,636,229,39,55,169,39571,7426,3133,10,7,23,1016,9,299,5,82,40,1294,5176,643,16615,1,15,47,0,0,0,0,0,0,3,3,1,8,7,6,1,1,0,1,1,7,2,10,4,206,3,14,0,732,122,27,0,8,741,138,0,0,47,185,1,2,0,445,0,143,844,9,145,0,0,0,0,5
0,0,1,2,0,1,0,929,43,506,899,5847,11785,33,22,18,608,501,6,4484,285,279,6731,45,307,342,934,50,10,21,22,7426,11159,51,1,1,9,1160,1,24,2,30,13,941,3476,215,5499,0,3,33,0,0,0,0,0,0,4,9,1,10,7,7,3,4,2,2,5,5,0,56,4,38,4,60,0,67,89,3,0,36,46,220,0,0,179,6,4,1,1,394,0,2,216,3,18,0,1,0,2,7
0,0,1,1,0,1,0,26,47,63,117,40,25,9,4,52,10,9,0,88,15,394,255,45,19,5941,742,4626,50,9,24,3133,51,29311,3,3,150,314,19,6004,7,6,2,3653,39,1498,9068,4,2,1,0,0,0,0,0,0,3,3,0,3,10,3,5,2,0,3,2,6,0,10,4,83,1,14,1,283,78,174,0,3,559,35,0,0,9,1099,5,0,1,49,0,1096,715,160,308,0,0,0,0,1
64,56,142,192,41,2274,5282,31,104,75,288,3,0,148,39,5319,3,14,53,153,6,45,0,166,7,13,4,3,20,22,116,10,1,3,12091,8784,478,17,16952,1,10,13,21,10,11,1,16,3463,43,1,6,11,21,11,100,183,0,0,23,17,53,7,0,0,50,13,542,4,101,9,1,16,44,4,1,0,2,0,6,167,1,1,12,2,0,0,181,432,4,1,257,0,2,0,0,155,17,3,68,36
4,4,22,20,5,112,59,83,227,129,342,1,1,122,17,8765,3,23,860,349,13,65,5,5538,17,14,16,1,34,37,628,7,1,3,8784,17972,1122,17,8084,2,27,30,36,15,12,3,12,197,27,1,5,6,4,2,16,24,0,5,68,22,35,2,0,0,26,8,97,7,117,1,3,15,44,0,6,0,0,0,10,99,1,0,7,3,0,0,149,104,6,2,39,0,1,0,0,17,11,1,57,19
4,13,72,66,19,257,155,979,4907,361,269,24,66,383,55,1548,41,256,628,2802,81,208,7,11229,1099,21,1877,470,113,203,644,23,9,150,478,1122,3812,11,4550,676,57,78,164,207,6,43,91,640,66,9,2,4,6,1,20,28,11,57,22,350,21,4,3,5,13,2,90,11,26,438,4,4,43,69,1,4,37,8,2,28,7,7,0,2,0,9,504,82,3,4,41,8,9,1,3,50,4,0,14,6
0,0,0,0,1,0,1,50,67,61,126,180,75,12,16,92,30,28,3,5001,18,366,1746,42,244,9703,1653,91,23,4,66,1016,1160,314,17,17,11,12392,4,30,1,6,7,8015,4579,222,783,2,2,5,0,0,0,0,2,0,3,9,0,12,10,11,8,4,0,7,1,7,1,45,1,100,6,50,0,339,268,14,0,30,233,256,0,1,161,59,0,0,2,957,0,12,834,4,51,0,0,0,3,13
12,13,44,64,45,1713,716,11,123,130,348,1,0,158,21,1413,1,8,85,135,9,95,2,11372,10,14,217,41,46,58,209,9,1,19,16952,8084,4550,4,41254,91,31,28,43,59,1,7,9,7544,89,2,11,10,16,13,72,125,0,5,67,13,62,8,0,0,54,7,494,4,175,5,0,22,62,5,7,0,0,0,7,202,0,2,10,7,0,1,261,340,7,3,275,1,2,0,0,144,14,3,115,40
0,1,0,1,1,6,0,7,82,23,49,17,9,1,0,4,4,1,0,27,2,273,77,127,22,63,5498,11432,72,10,3,299,24,6004,1,2,676,30,91,36594,19,3,0,5766,14,1211,2223,10,2,0,0,0,0,0,0,0,5,2,1,5,1,2,3,2,0,0,2,0,0,7,4,67,4,10,0,185,99,550,0,2,462,20,0,1,3,1159,12,1,1,23,1,1678,644,209,249,0,0,0,0,6
67,72,84,46,52,198,7,4,7,15244,22,1,1,870,140,86,0,4,12,4,7,19877,10,50,0,7,2,163,22786,9024,37,5,2,7,10,27,57,1,31,19,62642,9919,29,5,2,187,22,10,363,18,0,0,0,0,0,2,0,0,9,2,3,0,0,0,0,0,3,5,5,2,0,1,6,0,0,1,0,0,0,3,0,0,0,0,0,0,23,4,0,1,1,4,0,0,0,0,0,0,6,2
40,155,211,78,24,312,10,21,4,44476,44,2,17,1706,1020,98,7,25,26,12,159,2290,6,67,1,9,6,35,636,10624,210,82,30,6,13,30,78,6,28,3,9919,16549,790,10,24,32,51,7,92,6067,0,0,0,0,1,0,0,1,11,3,4,3,0,0,0,0,2,1,13,0,1,3,8,0,0,0,1,0,0,2,0,1,0,0,0,0,12,3,0,2,4,0,0,0,0,0,0,1,6,1
20,39,21,2601,20,22,580,21,9,3344,617,40,11,843,11504,4083,316,386,12,30,10664,52,6,28,0,13,7,3,47,201,16254,40,13,2,21,36,164,7,43,0,29,790,46147,0,12,1,19,3,72,6441,0,0,0,0,0,0,0,1,8,2,10,0,0,0,2,1,5,1,15,1,0,2,8,0,1,0,0,0,1,22,0,0,0,0,0,0,38,5,0,2,4,0,0,0,0,1,0,1,7,2
0,0,0,1,0,0,2,42,708,177,290,203,109,4,2,31,29,24,6,1616,32,938,2066,615,915,9460,19505,310,51,5,14,1294,941,3653,10,15,207,8015,59,5766,5,10,0,47537,229,852,1928,14,2,5,0,0,0,0,1,0,7,10,2,16,20,5,8,3,0,2,4,5,0,36,7,220,15,60,2,1149,222,29,0,17,929,215,0,0,121,314,2,1,4,627,2,243,1477,18,171,0,0,0,1,9
1,3,1,7,1,0,1,959,16,170,37,39,244,35,44,180,10,93,4,9470,13,117,404,10,62,4439,978,17,11,20,169,5176,3476,39,11,12,6,4579,1,14,2,24,12,229,9080,47,484,1,4,16,0,0,0,0,1,0,6,9,0,9,6,7,6,3,0,3,2,9,0,41,2,37,3,35,1,100,131,7,0,21,99,198,0,0,157,22,2,0,2,510,0,8,309,0,9,0,0,2,4,10
1,0,0,0,1,2,0,95,14,298,820,346,152,20,1,9,74,38,9,204,81,5696,4574,13,24,266,264,10631,1268,73,9,643,215,1498,1,3,43,222,7,1211,187,32,1,852,47,20232,11444,2,3,7,0,0,0,0,0,0,0,0,0,1,0,0,0,1,0,0,1,0,0,3,1,20,0,6,1,45,22,90,0,0,81,10,0,0,9,343,4,0,1,28,0,291,123,45,70,0,0,0,0,0
2,1,4,8,1,3,0,152,50,930,869,380,236,70,46,149,147,204,14,258,270,979,4104,57,27,1291,772,3393,107,46,113,16615,5499,9068,16,12,91,783,9,2223,22,51,19,1928,484,11444,40457,1,5,35,0,0,0,0,0,0,2,6,0,6,5,3,2,5,0,0,1,3,0,14,4,110,2,20,0,395,112,136,0,8,759,72,0,0,21,910,4,0,1,210,0,827,784,93,278,1,0,1,2,2
19,15,60,81,198,8305,686,1,18,56,62,0,0,82,9,1584,0,3,10,18,0,55,0,175,0,1,55,5,16,12,67,1,0,4,3463,197,640,2,7544,10,10,7,3,14,1,2,1,7791,512,1,10,5,15,7,85,101,0,3,27,9,45,2,0,1,26,9,286,5,89,4,0,11,64,9,2,0,0,0,3,103,1,0,6,6,0,0,190,226,4,1,125,0,0,0,0,218,9,2,73,36
774,197,75,203,2574,1584,26,3,7,125,18,0,2,19621,383,318,0,3,12,14,0,317,0,32,0,2,3,6,7103,2734,61,15,3,2,43,27,66,2,89,2,363,92,72,2,4,3,5,512,12920,38,0,0,0,1,0,1,0,0,9,2,7,0,0,0,5,0,11,1,10,0,0,3,9,0,0,0,0,0,0,12,0,0,4,0,0,0,19,15,0,0,8,1,0,0,0,3,0,0,4,1
3,7,19,103,4,6,1,21,0,16946,20,1,28,3674,17439,87,11,55,2,21,2832,22,7,9,2,11,4,2,34,1118,501,47,33,1,1,1,9,5,2,0,18,6067,6441,5,16,7,35,1,38,8410,0,0,0,0,0,0,0,0,0,1,1,0,0,0,0,0,1,0,0,0,0,0,2,0,0,1,0,0,0,0,0,3,0,0,0,0,4,0,0,1,0,0,0,0,0,0,0,0,1,1
1,0,15,0,0,29,5,0,0,1,2,0,0,7,0,39,0,0,0,0,0,0,0,0,0,0,0,0,0,0,6,0,0,0,6,5,2,0,11,0,0,0,0,0,0,0,0,10,0,0,33139,16664,1770,13648,16763,410,0,2,6,6,182,4,0,0,21508,239,172,1,41,4,0,92,6,0,1,0,0,0,299,45,1,0,301,12,0,0,50,134,0,4,46,0,0,0,0,230,6095,92,454,60
0,1,217,1,0,8,10,1,0,0,2,0,0,1,0,55,0,0,0,1,0,2,0,0,0,0,0,0,0,0,3,0,0,0,11,6,4,0,10,0,0,0,0,0,0,0,0,5,0,0,16664,62030,15329,21052,4708,5904,0,0,5,1,1980,24,0,0,3920,118,350,4,11,1,0,82,13,1,0,0,0,2,97,46,3,2,56,15,0,0,36,112,2,1,15,0,0,0,0,49,290,36,666,197
0,0,2,5,0,17,19,0,1,1,0,0,0,1,0,77,0,0,0,0,0,1,0,1,0,0,0,0,0,0,5,0,0,0,21,4,6,0,16,0,0,0,0,0,0,0,0,15,0,0,1770,15329,40801,580,2888,6687,0,1,3,1,450,14,0,0,4522,6783,5862,0,8,2,0,14,5,0,0,0,0,0,62,100,1,2,38,87,1,0,20,470,3,3,12,0,0,0,0,58,213,16,192,96
41,7,2991,6,179,2512,107,0,0,7,1,0,0,2,0,61,0,0,0,0,0,3,0,0,0,0,0,0,0,0,4,0,0,0,11,2,1,0,13,0,0,0,0,0,0,0,0,7,1,0,13648,21052,580,43706,15503,10498,0,2,3,5,943,8,1,0,837,39,162,0,16,1,0,74,10,1,0,0,0,0,56,15,0,0,24,3,0,0,37,368,5,2,249,0,1,0,0,1600,192,22,361,79
1,3,16,24,2,118,94,2,2,1,10,0,0,8,4,295,0,0,1,4,0,3,0,14,0,1,1,0,2,2,16,0,0,0,100,16,20,2,72,0,0,1,0,1,1,0,0,85,0,0,16763,4708,2888,15503,26426,4173,0,5,12,6,496,20,1,0,3199,506,899,3,87,9,3,93,107,8,0,0,1,0,130,99,1,3,251,17,0,0,300,3117,1,2,1403,1,4,0,0,7146,4501,39,363,84
3,1,114,27,0,179,312,0,0,3,6,0,0,2,4,438,0,1,2,3,0,2,0,11,0,0,1,1,1,2,10,0,0,0,183,24,28,0,125,0,2,0,0,0,0,0,0,101,1,0,410,5904,6687,10498,4173,47239,1,5,4,15,891,52,0,0,382,128,5313,0,25,15,2,60,21,0,0,0,0,0,30,113,1,0,23,9,1,1,72,3432,0,6,279,0,3,1,0,227,79,12,214,93
0,0,0,0,0,0,0,12,15,0,2,2,9,0,0,0,0,1,1,91,0,0,1,0,5,5,6,1,1,0,0,3,4,3,0,0,11,3,0,5,0,0,0,7,6,0,2,0,0,0,0,0,0,0,0,1,1835,3160,8,44,483,3521,987,2465,0,5,1,3599,10,6520,1235,1306,6,28,18,11,23,47,2,119,92,4960,2,0,91,58,19,0,15,48,0,21,104,78,249,0,1,2,4,53
0,0,1,0,0,6,5,278,290,30,20,9,12,4,0,23,6,68,31,210,5,5,1,57,12,7,2,2,1,1,27,3,9,3,0,5,57,9,5,2,0,1,1,10,9,0,6,3,0,0,2,0,1,2,5,5,3160,20734,6039,5015,366,866,71,467,4,7,508,10478,230,12289,252,700,146,48,233,107,41,20,2,3723,87,1268,1,13,638,39,672,18,8,58,8,11,83,28,60,5,1,3,39,24
1,2,5,9,2,36,29,23,72,46,14,0,1,48,6,132,0,22,80,9,4,40,0,99,0,1,1,0,28,26,115,1,1,0,23,68,22,0,67,1,9,11,8,2,0,0,0,27,9,0,6,5,3,3,12,4,8,6039,6120,3261,807,571,15,8,26,3,2487,1110,1811,238,72,237,356,14,209,4,5,6,21,5682,8,16,18,159,6,4,863,55,18,9,119,3,10,4,7,25,16,5,347,71
0,0,5,1,0,5,5,340,376,73,40,8,40,16,0,50,14,98,51,754,8,19,5,110,53,10,83,0,7,6,52,8,10,3,17,22,350,12,13,5,2,3,2,16,9,1,6,9,2,1,6,1,1,5,6,15,44,5015,3261,44609,481,575,54,59,8,10,210,134,4531,4922,198,443,13089,10964,8,26,1182,5,2,66,61,124,4,0,20,21,4141,43,6,128,21,38,482,21,34,43,6,1,60,38
1,1,15,8,0,31,39,32,58,26,12,1,3,27,5,142,0,16,37,42,3,17,0,35,7,15,6,0,4,11,43,7,7,10,53,35,21,10,62,1,3,4,10,20,6,0,5,45,7,1,182,1980,450,943,496,891,483,366,807,481,32723,3292,840,642,631,934,1933,1057,762,123,5994,1505,771,28,273,72,51,61,166,2110,216,332,205,439,23,118,488,518,1048,84,286,53,257,49,169,224,235,28496,65039,12470
0,0,0,1,1,4,5,13,16,5,1,0,2,0,1,16,2,0,6,18,1,2,1,9,3,6,5,2,0,0,6,6,7,3,7,2,4,11,8,2,0,3,0,5,7,0,3,2,0,0,4,24,14,8,20,52,3521,866,571,575,3292,8860,7098,5643,18,43,410,1681,338,356,8559,8579,184,57,66,34,46,33,20,480,121,1589,2,21,40,52,121,77,66,130,76,24,207,117,291,40,8,8,50,166
0,0,0,0,0,0,0,3,1,1,0,0,6,0,0,2,0,0,0,47,0,1,0,0,4,5,4,1,0,0,1,1,3,5,0,0,3,8,0,3,0,0,0,8,6,0,2,0,0,0,0,0,0,1,1,0,987,71,15,54,840,7098,18825,18127,0,5,5,1830,7,129,4116,8940,14,147,6,31,78,40,3,23,109,13611,0,1,36,68,14,3,6,95,1,23,161,119,302,1,0,0,2,35
0,0,0,0,0,0,0,8,5,0,2,0,4,0,0,3,1,2,0,78,1,1,0,0,5,1,5,1,0,0,0,1,4,2,0,0,5,4,0,2,0,0,0,3,3,1,5,1,0,0,0,0,0,0,0,0,2465,467,8,59,642,5643,18127,7483,0,2,1,10997,6,296,3018,2300,9,112,7,21,47,12,0,33,68,8727,1,0,43,28,13,0,3,38,1,12,77,58,184,0,0,3,1,20
6,1,2,14,2,38,36,2,2,2,13,0,1,6,1,171,0,1,3,1,0,5,0,4,0,0,0,0,1,2,23,0,2,0,50,26,13,0,54,0,0,0,2,0,0,0,0,26,5,0,21508,3920,4522,837,3199,382,0,4,26,8,631,18,0,0,40680,18171,2829,4,168,9,0,260,35,3,9,3,2,3,3657,501,9,4,13862,503,2,2,297,385,19,20,143,0,1,1,1,488,12287,637,6619,1221
0,0,0,4,0,8,11,1,1,4,2,0,1,1,2,50,0,1,2,10,0,1,1,0,2,2,1,0,1,0,6,1,2,3,13,8,2,7,7,0,0,0,1,2,3,0,0,9,0,0,239,118,6783,39,506,128,5,7,3,10,934,43,5,2,18171,45893,8452,74,28,29,68,71,21,4,30,17,10,2,305,2338,29,84,3318,7711,38,12,61,187,7232,86,61,2,13,6,14,319,342,72,2362,6979
12,13,39,99,9,190,415,5,16,16,24,1,0,31,11,1279,0,3,15,10,1,21,1,36,2,2,3,0,9,6,85,1,5,2,542,97,90,1,494,2,3,2,5,4,2,1,1,286,11,1,172,350,5862,162,899,5313,1,508,2487,210,1933,410,5,1,2829,8452,54151,66,6133,461,17,185,155,60,15,4,8,1,126,18573,18,17,156,8085,17,2,535,8221,18,138,509,0,17,4,3,1163,212,35,720,378
0,0,0,1,0,5,2,36,61,20,8,0,3,11,1,30,2,15,29,33,6,11,1,34,8,7,5,1,5,9,39,7,5,6,4,7,11,7,4,0,5,1,1,5,9,0,3,5,1,0,1,4,0,0,3,0,3599,10478,1110,134,1057,1681,1830,10997,4,74,66,13018,59,173,8450,748,253,20,273,74,33,38,1,5751,133,733,1,88,333,48,249,11,221,85,10,20,81,44,126,5,3,3,66,385
6,4,20,34,6,95,79,16,33,27,27,0,0,76,4,377,2,13,54,20,1,38,1,57,0,2,2,0,19,22,128,2,0,0,101,117,26,1,175,0,5,13,15,0,0,0,0,89,10,0,41,11,8,16,87,25,10,230,1811,4531,762,338,7,6,168,28,6133,59,14820,364,59,192,9129,204,62,5,21,0,46,2664,11,15,58,56,3,5,1782,1870,53,34,1062,1,30,0,3,186,47,18,571,201
0,0,2,0,0,4,2,331,215,21,28,26,262,1,0,13,6,13,4,2332,4,12,14,9,280,17,287,5,0,0,8,10,56,10,9,1,438,45,5,7,2,0,1,36,41,3,14,4,0,0,4,1,2,1,9,15,6520,12289,238,4922,123,356,129,296,9,29,461,173,364,19397,40,1020,105,6377,2,227,1516,33,4,1208,213,4789,3,7,8342,93,1013,86,7,3653,40,25,1330,77,147,7,3,5,21,33
0,0,0,1,0,3,1,12,16,1,0,0,1,0,0,12,1,5,4,15,1,6,0,4,1,8,2,1,0,0,6,4,4,4,1,3,4,1,0,4,0,1,0,7,2,1,4,0,0,0,0,0,0,0,3,2,1235,252,72,198,5994,8559,4116,3018,0,68,17,8450,59,40,27600,1708,185,15,2038,46,24,64,2,772,189,364,1,30,13,106,82,3,914,54,8,43,210,79,207,2,0,2,270,3025
1,0,2,6,0,11,9,6,9,6,3,4,5,4,2,35,1,5,2,88,1,16,13,10,9,289,52,26,4,1,12,206,38,83,16,15,4,100,22,67,1,3,2,220,37,20,110,11,3,0,92,82,14,74,93,60,1306,700,237,443,1505,8579,8940,2300,260,71,185,748,192,1020,1708,44733,130,285,49,502,444,3819,2586,253,1305,15805,399,22,280,1265,102,142,65,952,55,471,2563,9016,11138,105,636,3835,1664,201
0,3,6,8,3,15,26,61,107,49,13,1,0,38,4,119,2,47,68,60,13,29,2,115,6,4,10,1,12,21,86,3,4,1,44,44,43,6,62,4,6,8,8,15,3,0,2,64,9,2,6,13,5,10,107,21,6,146,356,13089,771,184,14,9,35,21,155,253,9129,105,185,130,4903,1389,58,16,330,38,25,305,36,74,20,8,12,21,12001,6085,32,92,3691,43,303,4,14,429,34,11,276,98
0,0,0,0,0,0,2,55,22,13,5,9,89,1,0,6,2,2,0,830,2,3,10,3,125,33,185,10,0,0,3,14,60,14,4,0,69,50,5,10,0,0,0,60,35,6,20,9,0,0,0,1,0,1,8,0,28,48,14,10964,28,57,147,112,3,4,60,20,204,6377,15,285,1389,29151,3,80,16690,379,2,34,123,1308,0,0,311,85,2449,29,3,614,379,971,3450,28,61,63,3,2,5,10
0,0,1,1,0,7,4,1,4,2,3,0,0,2,0,21,0,2,3,2,0,5,0,3,0,0,1,0,0,0,4,0,0,1,1,6,1,0,7,0,0,0,1,2,1,1,0,2,0,0,1,0,0,0,0,0,18,233,209,8,273,66,6,7,9,30,15,273,62,2,2038,49,58,3,6957,4,3,2,2,5006,8,33,3,1010,1,6,73,18,7028,9,9,5,4,0,6,1,6,2,156,1024
0,0,0,0,0,0,1,9,21,5,12,7,4,0,0,3,0,4,0,41,1,15,67,20,20,1053,263,28,1,0,3,732,67,283,0,0,4,339,0,185,1,0,0,1149,100,45,395,0,0,1,0,0,0,0,0,0,11,107,4,26,72,34,31,21,3,17,4,74,5,227,46,502,16,80,4,25584,852,97,0,223,5869,1432,1,5,6967,4810,21,2,11,5353,5,132,7669,47,273,2,2,0,8,75
0,0,0,0,0,0,0,9,17,4,7,11,14,0,0,2,0,3,1,221,1,6,27,10,71,198,320,33,0,0,1,122,89,78,2,0,37,268,0,99,0,1,0,222,131,22,112,0,0,0,0,0,0,0,1,0,23,41,5,1182,51,46,78,47,2,10,8,33,21,1516,24,444,330,16690,3,852,24458,1160,3,58,514,1452,0,1,774,326,137,1,5,1495,15,6688,17279,70,184,1,0,0,7,23
0,0,0,0,0,0,1,0,2,1,1,0,0,0,0,0,0,1,0,7,0,9,3,2,0,17,31,867,4,0,0,27,3,174,0,0,8,14,0,550,0,0,0,29,7,90,136,0,0,0,0,2,0,0,0,0,47,20,6,5,61,33,40,12,3,2,1,38,0,33,64,3819,38,379,2,97,1160,47889,1394,18,268,222,6,0,26,8084,583,0,13,57,23,14656,578,13619,1206,0,2,637,8,28
0,0,3,2,0,4,2,1,2,0,0,0,0,2,0,28,0,0,3,0,0,1,0,0,0,2,0,0,0,2,8,0,0,0,6,10,2,0,7,0,0,0,1,0,0,0,0,3,0,0,299,97,62,56,130,30,2,2,21,2,166,20,3,0,3657,305,126,1,46,4,2,2586,25,2,2,0,3,1394,100985,71,7,9,24548,48,1,13,54,61,5,7,22,8,10,404,15,43,7752,23167,5194,78
5,5,26,39,6,103,128,19,34,18,19,2,5,44,9,512,1,16,26,86,1,28,8,44,12,12,18,0,12,15,84,8,36,3,167,99,28,30,202,2,3,2,22,17,21,0,8,103,12,0,45,46,100,15,99,113,119,3723,5682,66,2110,480,23,33,501,2338,18573,5751,2664,1208,772,253,305,34,5006,223,58,18,71,18094,193,807,94,4247,712,53,628,229,2491,828,191,7,58,16,49,138,93,30,703,1455
0,0,0,0,0,0,1,8,10,7,11,4,1,0,1,4,0,0,0,29,2,31,61,14,12,775,195,65,3,0,2,741,46,559,1,1,7,233,0,462,0,0,0,929,99,81,759,1,0,0,1,3,1,0,1,1,92,87,8,61,216,121,109,68,9,29,18,133,11,213,189,1305,36,123,8,5869,514,268,7,193,32788,4982,3,5,5121,8381,21,2,26,1044,0,490,3826,493,7773,1,0,2,27,164
0,0,0,1,0,0,0,44,25,12,19,18,126,1,1,4,2,3,1,1312,2,18,59,9,188,212,179,9,0,1,3,138,220,35,1,0,7,256,2,20,0,1,0,215,198,10,72,0,0,3,0,2,2,0,3,0,4960,1268,16,124,332,1589,13611,8727,4,84,17,733,15,4789,364,15805,74,1308,33,1432,1452,222,9,807,4982,44425,0,16,8627,441,11,3,83,1723,0,85,1682,339,7360,3,1,4,45,309
0,0,2,4,0,9,8,1,0,1,4,0,0,4,0,57,0,0,2,0,0,0,0,0,0,0,0,0,0,0,7,0,0,0,12,7,0,0,10,0,0,0,0,0,0,0,0,6,4,0,301,56,38,24,251,23,2,1,18,4,205,2,0,1,13862,3318,156,1,58,3,1,399,20,0,3,1,0,6,24548,94,3,0,40721,48,3,0,97,60,4,1,33,0,0,3,1,31,3081,14791,30120,2660
0,0,0,4,0,2,2,0,1,1,1,0,0,1,1,10,0,0,1,2,0,1,0,0,1,1,1,0,0,1,3,0,0,0,2,3,2,1,7,1,0,0,0,0,0,0,0,6,0,0,12,15,87,3,17,9,0,13,159,0,439,21,1,0,503,7711,8085,88,56,7,30,22,8,0,1010,5,1,0,48,4247,5,16,48,19735,6,0,41,16,6591,16,16,0,2,0,1,25,57,14,312,942
0,0,0,0,0,0,0,23,15,11,13,22,57,3,1,3,1,3,1,742,3,9,33,12,146,77,122,6,1,0,0,47,179,9,0,0,0,161,0,3,0,0,0,121,157,9,21,0,0,0,0,0,1,0,0,1,91,638,6,20,23,40,36,43,2,38,17,333,3,8342,13,280,12,311,1,6967,774,26,1,712,5121,8627,3,6,20468,96,7,1,10,3383,0,16,236,31,219,0,1,1,22,116
0,0,0,0,0,0,0,2,6,4,7,2,0,0,0,2,0,0,0,15,0,27,18,5,3,119,126,366,3,0,0,185,6,1099,0,0,9,59,1,1159,0,0,0,314,22,343,910,0,0,0,0,0,0,0,0,1,58,39,4,21,118,52,68,28,2,12,2,48,5,93,106,1265,21,85,6,4810,326,8084,13,53,8381,441,0,0,96,34429,29,1,9,571,4,3046,5952,6102,4079,0,0,4,8,74
4,4,11,19,6,92,95,50,79,50,28,2,6,90,14,390,2,20,136,84,13,56,2,284,9,1,8,16,32,61,159,1,4,5,181,149,504,0,261,12,23,12,38,2,2,4,4,190,19,4,50,36,20,37,300,72,19,672,863,4141,488,121,14,13,297,61,535,249,1782,1013,82,102,12001,2449,73,21,137,583,54,628,21,11,97,41,7,29,1878,2077,52,12,4489,520,74,7,12,1281,61,25,375,209
8,12,30,76,4,172,325,3,8,10,20,0,0,45,7,1108,0,4,11,12,1,25,0,28,0,3,5,0,5,14,65,2,1,0,432,104,82,0,340,1,4,3,5,1,0,0,0,226,15,0,134,112,470,368,3117,3432,0,18,55,43,518,77,3,0,385,187,8221,11,1870,86,3,142,6085,29,18,2,1,0,61,229,2,3,60,16,1,1,2077,36283,14,23,15899,0,16,0,1,3849,84,15,452,145
0,0,0,2,0,6,2,2,4,4,1,0,1,6,0,16,0,1,1,3,0,2,0,8,0,0,0,2,1,1,8,0,1,1,4,6,3,2,7,1,0,0,0,4,2,1,1,4,0,0,0,2,3,5,1,0,15,8,18,6,1048,66,6,3,19,7232,18,221,53,7,914,65,32,3,7028,11,5,13,5,2491,26,83,4,6591,10,9,52,14,29067,25,18,2,11,6,13,27,4,1,431,17148
0,0,0,1,1,0,0,24,42,5,12,34,58,1,2,5,3,9,2,553,4,27,166,34,194,688,637,23,3,2,4,445,394,49,1,2,4,957,3,23,1,2,2,627,510,28,210,1,0,1,4,1,3,2,2,6,48,58,9,128,84,130,95,38,20,86,138,85,34,3653,54,952,92,614,9,5353,1495,57,7,828,1044,1723,1,16,3383,571,12,23,25,12497,12,43,16056,80,287,8,2,4,46,169
2,1,14,27,4,80,94,1,5,9,16,0,0,16,4,339,0,2,9,2,0,7,0,14,0,1,1,1,4,5,27,0,0,0,257,39,41,0,275,1,1,4,4,2,0,0,0,125,8,0,46,15,12,249,1403,279,0,8,119,21,286,76,1,1,143,61,509,10,1062,40,8,55,3691,379,9,5,15,23,22,191,0,0,33,16,0,4,4489,15899,18,12,20252,25,5,0,0,9389,86,8,175,89
0,0,0,0,0,0,0,1,2,1,3,0,1,0,0,1,1,0,0,4,1,31,15,3,4,82,104,1326,1,0,0,143,2,1096,0,0,8,12,1,1678,4,0,0,243,8,291,827,0,1,0,0,0,0,0,1,0,21,11,3,38,53,24,23,12,0,2,0,20,1,25,43,471,43,971,5,132,6688,14656,8,7,490,85,0,0,16,3046,520,0,2,43,25,35476,7005,800,832,0,1,4,3,11
1,0,0,1,0,0,0,12,38,14,15,16,24,1,1,9,5,4,1,303,2,42,131,23,95,1194,612,124,4,1,2,844,216,715,2,1,9,834,2,644,0,0,0,1477,309,123,784,0,0,0,0,0,0,1,4,3,104,83,10,482,257,207,161,77,1,13,17,81,30,1330,210,2563,303,3450,4,7669,17279,578,10,58,3826,1682,0,2,236,5952,74,16,11,16056,5,7005,43662,435,1687,2,0,5,17,47
0,0,0,0,0,0,0,0,1,0,0,1,0,0,0,0,0,0,0,3,0,4,0,0,2,7,12,167,0,0,1,9,3,160,0,0,1,4,0,209,0,0,0,18,0,45,93,0,0,0,0,0,0,0,0,1,78,28,4,21,49,117,119,58,1,6,4,44,0,77,79,9016,4,28,0,47,70,13619,404,16,493,339,3,0,31,6102,7,0,6,80,0,800,435,14686,9419,0,1,222,2,16
0,0,0,1,0,0,0,1,4,1,0,1,2,0,0,0,1,0,0,8,0,4,12,4,5,170,40,84,0,0,0,145,18,308,0,0,3,51,0,249,0,0,0,171,9,70,278,0,0,0,0,0,0,0,0,0,249,60,7,34,169,291,302,184,1,14,3,126,3,147,207,11138,14,61,6,273,184,1206,15,49,7773,7360,1,1,219,4079,12,1,13,287,0,832,1687,9419,22774,3,0,7,16,63
2,1,7,14,2,77,123,2,7,5,2,0,0,3,1,332,0,0,4,5,0,2,0,22,0,0,6,0,3,4,16,0,0,0,155,17,50,0,144,0,0,0,1,0,0,0,1,218,3,0,230,49,58,1600,7146,227,0,5,25,43,224,40,1,0,488,319,1163,5,186,7,2,105,429,63,1,2,1,0,43,138,1,3,31,25,0,0,1281,3849,27,8,9389,0,2,0,3,9976,128,28,269,53
0,0,1,4,0,13,12,0,1,2,2,0,0,1,3,60,0,0,0,1,0,3,0,1,0,0,0,0,1,0,6,0,1,0,17,11,4,0,14,0,0,0,0,0,0,0,0,9,0,0,6095,290,213,192,4501,79,1,1,16,6,235,8,0,0,12287,342,212,3,47,3,0,636,34,3,6,2,0,2,7752,93,0,1,3081,57,1,0,61,84,4,2,86,1,0,1,0,128,30608,1311,2843,94
0,0,1,3,0,5,4,0,1,1,0,0,0,0,0,14,0,0,1,0,0,0,0,1,0,0,0,0,0,0,1,0,0,0,3,1,0,0,3,0,0,1,1,0,2,0,1,2,0,0,92,36,16,22,39,12,2,3,5,1,28496,8,0,3,637,72,35,3,18,5,2,3835,11,2,2,0,0,637,23167,30,2,4,14791,14,1,4,25,15,1,4,8,4,5,222,7,28,1311,43671,5589,25
2,4,14,16,6,49,62,7,17,15,7,0,2,47,5,256,0,6,36,10,1,15,1,28,0,0,2,1,10,18,65,0,2,0,68,57,14,3,115,0,6,6,7,1,4,0,2,73,4,1,454,666,192,361,363,214,4,39,347,60,65039,50,2,1,6619,2362,720,66,571,21,270,1664,276,5,156,8,7,8,5194,703,27,45,30120,312,22,8,375,452,431,46,175,3,17,2,16,269,2843,5589,29571,5843
2,2,15,8,1,26,32,2,4,5,8,0,0,15,4,128,0,1,10,35,0,9,2,12,9,4,6,0,5,4,19,5,7,1,36,19,6,13,40,6,2,1,2,9,10,0,2,36,1,1,60,197,96,79,84,93,53,24,71,38,12470,166,35,20,1221,6979,378,385,201,33,3025,201,98,10,1024,75,23,28,78,1455,164,309,2660,942,116,74,209,145,17148,169,89,11,47,16,63,53,94,25,5843,18544
