12150,4158,9793,2518,9938,909,494,11,13,59,6,5,6,5142,341,81,2,4,22,17,7,163,3,4,7,6,2,35,461,320,9,7,4,11,25,12,9,4,13,4,379,74,34,17,3,6,12,61,2290,13,8,21,6,60,7,28,0,0,1,2,4,0,0,0,12,2,33,1,5,0,0,4,2,1,1,0,0,0,2,0,1,0,3,1,0,0,4,29,0,0,2,0,0,0,0,20,1,0,2,2
4158,37337,15616,20124,1950,401,1455,26,28,263,5,7,10,8633,2765,198,4,14,37,36,27,561,7,3,27,20,9,49,520,657,14,24,30,21,52,18,36,8,39,11,958,329,105,32,33,11,20,160,1278,71,15,58,34,50,31,94,0,2,2,6,31,1,1,1,36,3,88,1,21,4,1,8,2,7,0,0,1,1,6,3,2,0,22,2,1,1,10,101,6,1,13,1,1,0,1,91,5,3,8,1
9793,15616,44616,12557,6353,5535,11978,6,15,107,5,3,1,751,62,32,2,4,10,5,7,336,6,4,9,6,6,41,339,344,6,9,10,13,35,7,21,4,37,2,564,123,28,5,6,16,12,250,719,25,1110,391,42,2891,503,260,1,1,1,2,14,2,0,0,45,3,76,1,11,1,2,13,5,2,3,0,0,0,15,3,0,0,12,4,2,1,6,89,1,1,10,0,2,0,0,95,45,2,4,1
2518,20124,12557,50136,1783,2919,18662,511,673,1278,158,112,112,8811,13166,10195,68,194,737,559,177,1101,56,96,276,183,84,113,924,1827,594,119,211,180,893,417,277,103,322,42,1785,816,2094,280,244,43,82,1224,1675,342,67,229,134,156,141,328,1,4,9,48,125,6,12,7,125,20,413,11,96,34,14,47,25,37,18,3,11,2,35,43,2,18,42,23,9,5,67,450,13,8,76,3,8,5,3,345,37,12,39,14
9938,1950,6353,1783,18532,16003,1739,34,19,59,7,4,6,2360,261,120,3,11,27,25,8,82,2,5,14,14,15,21,271,153,11,15,14,26,39,6,33,11,32,15,169,55,123,18,23,6,8,521,3893,17,24,28,8,443,34,42,0,1,1,1,23,0,0,0,16,2,71,3,16,3,3,6,1,2,6,0,2,0,8,4,1,2,9,6,0,0,10,83,2,0,12,0,2,0,0,30,3,2,10,2
909,401,5535,2919,16003,26186,20073,2,22,50,7,0,1,228,274,74,1,3,6,3,4,42,9,20,19,14,42,33,113,51,8,15,9,28,259,16,82,3,129,76,65,13,23,66,3,10,23,2736,1623,6,26,68,22,523,71,77,0,0,1,4,7,1,0,0,17,0,45,0,5,1,2,8,4,2,0,0,1,0,8,3,2,0,5,2,0,0,4,63,0,2,9,2,0,0,0,102,9,3,5,2
494,1455,11978,18662,1739,20073,23383,72,414,547,78,84,26,561,252,4166,34,45,181,112,120,346,45,343,174,83,141,39,153,387,125,61,59,92,5198,589,677,23,1657,49,411,218,259,242,31,20,42,5239,393,49,88,339,147,243,228,443,2,8,17,29,159,11,4,3,146,29,465,12,131,21,30,58,25,22,28,0,9,5,45,36,2,6,42,29,9,2,80,558,21,4,99,4,10,0,0,567,49,25,37,10
11,26,6,511,34,2,72,36422,3662,109,688,2075,8259,918,834,1506,3622,6826,1987,7061,970,1977,422,63,529,210,99,33,114,352,2413,263,2657,125,76,117,670,178,38,13,133,64,1678,136,1329,85,192,19,77,102,2,3,5,1,1,5,128,85,15,562,29,10,102,99,2,5,18,27,68,338,31,34,43,150,5,3,22,1,2,17,3,212,6,1,44,6,441,13,3,15,6,2,13,1,4,1,2,1,3,3
13,28,15,673,19,22,414,3662,46702,96,396,1583,1443,199,202,1732,688,292,5377,3862,427,671,218,10358,5437,129,2998,41,36,79,145,146,783,98,716,1727,8593,85,712,205,29,31,318,529,147,34,136,154,49,24,5,10,18,5,2,10,486,366,39,2580,54,35,248,365,22,8,37,64,115,1138,57,78,124,527,13,10,80,10,7,46,9,662,16,9,136,18,1733,37,5,15,9,8,37,4,7,12,7,1,30,5
59,263,107,1278,59,50,547,109,96,25275,2795,1319,190,441,315,660,102,40,88,109,2737,6440,569,44,261,153,201,79,509,533,123,753,1163,109,303,284,454,216,348,19,9911,7196,1306,413,246,188,820,226,75,2427,3,4,6,5,5,16,0,2,8,12,89,9,3,2,7,4,106,15,143,8,17,27,16,13,24,10,10,0,3,40,8,13,9,19,8,2,81,125,11,8,52,3,8,2,5,4,2,2,15,9
6,5,5,158,7,7,78,688,396,2795,5482,7373,288,53,53,754,235,118,276,155,1866,5225,1942,40,108,75,108,46,31,106,244,104,569,55,201,251,222,72,164,13,228,283,309,150,53,213,340,55,10,107,1,1,1,3,1,7,5,5,4,11,36,3,4,2,4,6,40,4,45,13,17,11,13,7,19,7,7,0,3,15,5,11,5,12,5,6,54,64,9,5,18,9,8,0,2,6,0,4,11,3
5,7,3,112,4,0,84,2075,1583,1319,7373,20453,5363,95,57,306,4176,840,823,1046,6124,1878,4061,156,1276,74,407,36,35,197,391,254,7032,67,88,305,948,197,90,16,214,287,595,249,565,150,464,28,7,187,0,1,0,0,1,4,19,30,25,115,27,15,55,32,7,2,11,24,75,155,33,47,26,181,12,6,34,1,9,12,7,139,5,0,64,9,317,17,6,42,4,1,21,2,9,3,1,1,11,4
6,10,1,112,6,1,26,8259,1443,190,288,5363,28999,466,297,395,11062,2085,287,2846,1721,389,200,35,875,85,297,15,103,371,1642,382,9962,52,23,38,407,100,15,6,132,182,1670,82,1740,12,133,11,29,329,1,2,10,0,2,2,69,35,6,294,19,10,148,107,9,6,7,10,20,488,11,33,7,264,6,1,28,1,2,10,7,308,6,2,78,1,142,3,1,16,1,1,9,3,6,0,1,0,7,1
5142,8633,751,8811,2360,228,561,918,199,441,53,95,466,57133,20551,1144,95,479,546,664,398,418,78,16,196,475,104,216,6079,20873,625,726,777,564,128,103,166,182,72,59,2094,1682,6220,163,1199,54,313,136,10614,3904,5,26,22,15,10,42,5,3,9,20,88,8,8,6,32,9,166,6,57,42,9,33,11,30,16,2,8,2,11,24,2,22,23,17,10,6,48,144,4,11,51,1,11,2,3,42,6,10,13,4
341,2765,62,13166,261,274,252,834,202,315,53,57,297,20551,20833,2100,53,338,502,533,192,366,34,14,101,201,48,72,691,2612,852,203,383,180,101,86,75,83,34,13,999,680,9501,89,555,30,76,85,678,4604,5,18,16,7,6,28,2,2,2,17,48,4,6,4,9,0,81,0,20,26,2,24,2,16,4,2,3,0,8,7,2,13,4,8,11,1,17,54,4,6,15,1,5,0,2,23,1,1,2,1
81,198,32,10195,120,74,4166,1506,1732,660,754,306,395,1144,2100,29662,476,889,3338,853,666,599,48,259,400,103,69,33,157,314,10390,80,267,84,4427,3333,560,76,650,29,302,159,6772,147,362,15,63,424,236,77,6,25,21,8,16,48,4,13,22,49,209,27,9,9,30,15,310,33,330,29,58,40,19,23,62,2,8,5,22,74,1,29,24,53,9,7,159,361,33,2,142,0,9,0,2,41,14,15,53,15
2,4,2,68,3,1,34,3622,688,102,235,4176,11062,95,53,476,11742,4948,751,282,6606,108,156,38,88,48,31,1,22,106,2807,103,1886,26,46,173,537,21,49,4,47,60,739,35,351,7,58,5,3,95,0,0,0,0,0,2,9,29,7,101,11,5,6,5,1,0,3,14,33,22,10,2,11,15,1,0,0,0,0,4,0,8,1,0,3,2,217,14,0,0,0,0,1,0,0,2,0,0,0,1
4,14,4,194,11,3,45,6826,292,40,118,840,2085,479,338,889,4948,3807,1555,266,1232,187,66,45,49,27,29,10,67,190,2808,79,945,19,49,110,360,23,36,8,99,41,953,21,291,13,44,5,41,49,0,0,1,1,0,4,4,15,15,51,16,7,3,9,0,1,9,9,31,11,13,10,12,8,5,2,0,0,0,5,0,3,1,0,2,1,173,8,0,4,2,0,5,0,0,2,1,0,0,0
22,37,10,737,27,6,181,1987,5377,88,276,823,287,546,502,3338,751,1555,5403,794,919,336,85,1026,516,61,83,23,62,156,1509,55,237,55,384,3243,823,45,212,31,83,42,965,145,116,31,49,32,71,40,0,3,6,0,3,5,5,23,33,108,55,26,15,9,4,4,37,33,154,29,73,21,40,20,12,4,7,0,3,26,4,21,9,6,5,2,215,57,1,5,14,0,9,3,4,7,1,2,5,2
17,36,5,559,25,3,112,7061,3862,109,155,1046,2846,664,533,853,282,266,794,25499,211,784,461,184,4546,592,583,30,100,324,624,235,4173,337,163,282,290,2329,64,32,120,97,864,502,5047,41,138,18,58,98,1,6,7,1,0,10,115,58,12,394,54,13,313,167,40,27,20,40,46,861,48,138,43,778,21,11,70,1,17,24,8,741,33,10,302,9,174,17,15,94,4,4,56,8,14,4,4,8,28,14
7,27,7,177,8,4,120,970,427,2737,1866,6124,1721,398,192,666,6606,1232,919,211,15341,480,353,94,184,47,90,19,171,893,3587,387,1826,49,192,504,797,72,179,5,733,1618,6648,118,388,36,249,23,22,3120,0,2,2,0,1,3,3,13,17,45,38,13,9,4,5,2,24,26,169,12,40,18,38,9,8,1,3,0,1,31,2,15,2,1,9,2,205,22,0,8,13,3,9,1,1,2,1,1,7,2
163,561,336,1101,82,42,346,1977,671,6440,5225,1878,389,418,366,599,108,187,336,784,480,23507,5712,65,645,313,462,3151,5102,648,170,307,694,707,208,307,214,226,227,199,11862,1152,566,806,336,4277,1087,110,55,360,2,3,6,1,1,6,15,6,5,48,47,6,24,16,11,8,58,7,85,87,21,35,9,81,17,29,23,2,3,14,30,67,8,10,25,44,44,77,8,37,22,17,30,3,25,5,1,4,14,5
3,7,6,56,2,9,45,422,218,569,1942,4061,200,78,34,48,156,66,85,461,353,5712,7265,106,1668,670,1332,370,70,138,50,587,4655,398,31,70,71,959,122,136,147,194,110,1797,775,3807,4387,73,14,63,0,0,4,0,0,1,2,2,3,21,12,3,19,5,5,4,5,5,7,64,11,94,5,133,7,77,84,11,1,6,77,114,10,3,111,81,19,5,4,116,2,19,110,14,52,2,2,0,4,3
4,3,4,96,5,20,343,63,10358,44,40,156,35,16,14,259,38,45,1026,184,94,65,106,4971,1261,183,1382,82,3,15,19,165,126,185,679,1344,3946,45,3513,327,14,14,28,859,25,30,139,355,12,7,1,1,1,1,1,5,7,24,8,86,17,6,9,11,1,2,4,15,36,35,14,17,15,29,4,9,6,3,1,3,5,28,0,0,8,11,185,9,1,16,5,6,15,1,3,4,0,0,2,0
7,27,9,276,14,19,174,529,5437,261,108,1276,875,196,101,400,88,49,516,4546,184,645,1668,1261,12781,581,8250,106,77,287,73,971,4976,449,275,605,475,975,258,601,161,207,206,6951,1138,127,687,78,30,143,6,6,13,0,0,15,29,47,14,231,71,31,248,103,85,58,25,49,35,798,56,503,28,1396,33,59,230,17,27,30,49,841,66,15,543,93,141,21,14,455,11,25,244,16,52,4,10,11,46,29
6,20,6,183,14,14,83,210,129,153,75,74,85,475,201,103,48,27,61,592,47,313,670,183,581,15776,1395,289,85,285,91,6571,755,4654,80,97,50,7572,211,296,132,77,265,7130,2671,420,2606,98,46,77,1,1,1,0,1,0,1,5,2,9,37,7,6,3,5,2,8,5,7,14,13,118,5,35,4,307,129,25,2,1,237,88,6,2,75,195,11,1,3,201,0,44,210,33,141,2,1,2,9,4
2,9,6,84,15,42,141,99,2998,201,108,407,297,104,48,69,31,29,83,583,90,462,1332,1382,8250,1395,16270,1681,53,122,23,1928,1953,982,198,289,1212,966,1319,9340,90,103,66,8418,1035,346,1921,618,48,63,1,2,0,2,2,4,7,9,2,40,25,2,33,15,8,3,10,7,2,55,6,112,10,93,4,111,126,33,7,5,89,135,6,1,63,144,19,6,5,118,2,82,141,23,70,3,1,1,5,4
35,49,41,113,21,33,39,33,41,79,46,36,15,216,72,33,1,10,23,30,19,3151,370,82,106,289,1681,42832,2295,397,13,227,125,11586,35,32,255,152,370,13284,1222,116,100,886,201,13163,4195,313,46,52,0,0,0,0,1,0,0,0,0,0,6,0,0,0,0,1,4,0,2,1,2,16,3,8,0,15,22,169,2,3,10,3,1,1,1,220,5,4,1,7,4,517,40,43,28,7,1,0,2,1
461,520,339,924,271,113,153,114,36,509,31,35,103,6079,691,157,22,67,62,100,171,5102,70,3,77,85,53,2295,92704,12536,77,262,232,285,37,24,65,53,35,86,23783,846,956,83,205,595,233,51,8804,456,3,3,3,11,1,7,0,1,0,2,26,4,0,0,4,6,34,3,35,3,3,9,2,15,1,1,1,0,1,7,1,2,2,6,0,5,7,52,3,3,18,1,2,1,0,6,0,3,3,2
320,657,344,1827,153,51,387,352,79,533,106,197,371,20873,2612,314,106,190,156,324,893,648,138,15,287,285,122,397,12536,34426,267,1337,1218,446,67,49,104,201,86,48,13974,4755,4700,233,1027,125,559,74,431,3338,2,6,3,8,6,16,1,4,0,10,45,8,4,3,10,3,65,4,57,14,8,17,4,22,20,3,8,0,4,12,3,16,4,9,6,2,25,82,4,11,29,2,12,0,2,14,1,2,9,5
9,14,6,594,11,8,125,2413,145,123,244,391,1642,625,852,10390,2807,2808,1509,624,3587,170,50,19,73,91,23,13,77,267,16071,146,990,62,190,224,252,59,130,6,111,78,13554,27,848,6,46,104,43,139,0,3,1,1,2,1,0,1,5,27,59,5,4,1,8,3,61,8,78,14,14,13,12,16,9,0,2,1,1,9,2,12,2,8,4,1,52,75,1,5,17,0,4,1,1,4,2,2,9,5
7,24,9,119,15,15,61,263,146,753,104,254,382,726,203,80,103,79,55,235,387,307,587,165,971,6571,1928,227,262,1337,146,26563,8138,3202,64,80,75,1516,196,226,678,777,561,4567,4624,363,14573,156,38,639,0,4,2,0,0,1,2,3,0,8,29,0,15,5,3,2,4,5,7,29,18,108,1,43,4,221,114,19,1,6,173,82,1,3,63,183,9,5,2,141,4,48,185,30,92,3,1,0,4,6
4,30,10,211,14,9,59,2657,783,1163,569,7032,9962,777,383,267,1886,945,237,4173,1826,694,4655,126,4976,755,1953,125,232,1218,990,8138,25402,448,64,94,205,1974,97,50,680,1043,1781,1852,11235,246,3506,86,42,1000,1,1,11,0,0,6,23,16,6,117,31,10,180,59,29,20,10,29,14,497,32,191,10,619,9,54,121,10,8,25,47,489,22,3,252,55,56,11,9,188,8,12,102,6,38,2,1,7,18,11
11,21,13,180,26,28,92,125,98,109,55,67,52,564,180,84,26,19,55,337,49,707,398,185,449,4654,982,11586,285,446,62,3202,448,18718,78,109,93,1610,343,6526,295,118,198,3846,1248,3340,10173,217,90,108,0,0,0,2,3,2,1,1,1,2,9,2,6,1,2,3,6,4,5,11,7,77,6,20,2,74,80,192,1,1,104,15,2,1,13,1260,9,5,1,30,4,727,174,246,200,9,0,0,4,0
25,52,35,893,39,259,5198,76,716,303,201,88,23,128,101,4427,46,49,384,163,192,208,31,679,275,80,198,35,37,67,190,64,64,78,8293,3363,1550,28,9981,97,114,75,302,290,15,13,62,3149,145,26,11,36,36,14,12,76,1,10,9,35,239,24,7,5,41,14,369,23,311,19,46,45,18,11,59,1,2,2,18,72,10,10,19,43,9,2,99,319,22,6,154,2,10,1,4,82,7,16,35,11
12,18,7,417,6,16,589,117,1727,284,251,305,38,103,86,3333,173,110,3243,282,504,307,70,1344,605,97,289,32,24,49,224,80,94,109,3363,16442,1595,57,4683,80,87,55,324,417,31,13,76,254,23,25,1,9,6,1,2,20,4,10,18,41,162,27,15,7,6,5,159,19,370,16,51,33,31,16,49,3,1,1,11,84,1,18,13,11,5,4,238,177,7,10,44,4,11,0,1,7,3,8,22,12
9,36,21,277,33,82,677,670,8593,454,222,948,407,166,75,560,537,360,823,290,797,214,71,3946,475,50,1212,255,65,104,252,75,205,93,1550,1595,2516,24,7591,600,179,125,447,235,48,36,75,1617,59,50,0,7,9,3,5,11,79,63,29,416,35,14,25,46,8,6,29,25,93,71,60,19,33,48,6,4,8,2,2,17,6,53,12,2,5,9,658,76,2,2,16,14,12,0,1,11,1,3,10,4
4,8,4,103,11,3,23,178,85,216,72,197,100,182,83,76,21,23,45,2329,72,226,959,45,975,7572,966,152,53,201,59,1516,1974,1610,28,57,24,14096,39,173,139,132,155,5542,2468,132,906,33,20,78,0,0,2,0,0,1,2,2,2,7,20,3,23,3,11,11,7,11,8,62,10,185,2,133,6,82,93,17,5,4,64,162,8,2,147,72,4,2,2,172,0,20,118,5,56,1,1,1,13,2
13,39,37,322,32,129,1657,38,712,348,164,90,15,72,34,650,49,36,212,64,179,227,122,3513,258,211,1319,370,35,86,130,196,97,343,9981,4683,7591,39,23105,1373,130,74,187,891,20,56,223,4959,54,23,2,5,10,4,11,18,3,6,17,23,185,14,2,0,13,9,157,15,215,8,19,33,22,10,28,11,12,12,8,36,15,12,9,19,10,27,144,148,2,12,74,19,19,7,7,24,6,8,21,7
4,11,2,42,15,76,49,13,205,19,13,16,6,59,13,29,4,8,31,32,5,199,136,327,601,296,9340,13284,86,48,6,226,50,6526,97,80,600,173,1373,31555,63,13,11,9937,82,976,1247,1173,53,5,0,1,1,0,2,3,1,0,0,0,9,3,7,0,0,1,3,1,5,3,4,53,7,22,1,35,97,317,3,1,75,11,3,0,6,1062,19,3,1,19,11,1235,184,232,155,10,2,1,7,1
379,958,564,1785,169,65,411,133,29,9911,228,214,132,2094,999,302,47,99,83,120,733,11862,147,14,161,132,90,1222,23783,13974,111,678,680,295,114,87,179,139,130,63,52081,10890,1745,211,346,363,515,102,200,2492,0,3,4,1,4,17,0,0,3,7,53,4,1,1,5,8,69,4,63,12,11,12,13,13,9,10,7,1,2,15,6,3,4,10,8,5,31,71,6,6,26,4,5,0,2,7,2,6,9,1
74,329,123,816,55,13,218,64,31,7196,283,287,182,1682,680,159,60,41,42,97,1618,1152,194,14,207,77,103,116,846,4755,78,777,1043,118,75,55,125,132,74,13,10890,17230,2459,236,358,77,498,58,63,11624,0,1,0,1,0,4,0,1,2,4,26,5,4,2,1,0,26,5,29,7,5,10,5,10,3,1,3,0,2,6,0,7,1,3,4,2,19,23,1,8,11,2,6,0,1,4,1,1,3,0
34,105,28,2094,123,23,259,1678,318,1306,309,595,1670,6220,9501,6772,739,953,965,864,6648,566,110,28,206,265,66,100,956,4700,13554,561,1781,198,302,324,447,155,187,11,1745,2459,45306,129,1458,31,190,200,272,12418,2,9,17,0,8,16,3,5,6,35,106,16,5,4,20,7,141,16,107,35,14,18,31,19,13,3,6,2,9,27,1,26,11,17,14,3,78,115,8,14,43,1,8,0,4,10,4,12,21,4
17,32,5,280,18,66,242,136,529,413,150,249,82,163,89,147,35,21,145,502,118,806,1797,859,6951,7130,8418,886,83,233,27,4567,1852,3846,290,417,235,5542,891,9937,211,236,129,29732,574,1068,3917,463,75,100,0,3,5,0,2,7,6,7,4,18,49,7,19,4,11,6,9,13,12,39,26,238,8,132,8,370,269,79,4,5,356,159,4,2,144,692,25,7,3,304,11,217,426,89,247,12,1,0,23,10
3,33,6,244,23,3,31,1329,147,246,53,565,1740,1199,555,362,351,291,116,5047,388,336,775,25,1138,2671,1035,201,205,1027,848,4624,11235,1248,15,31,48,2468,20,82,346,358,1458,574,11077,63,899,18,61,495,0,3,8,2,1,7,6,6,5,32,29,11,97,19,32,25,23,25,24,302,29,247,14,553,12,35,93,9,12,19,46,363,39,8,219,32,21,9,4,207,4,5,146,3,36,1,6,4,24,20
6,11,16,43,6,10,20,85,34,188,213,150,12,54,30,15,7,13,31,41,36,4277,3807,30,127,420,346,13163,595,125,6,363,246,3340,13,13,36,132,56,976,363,77,31,1068,63,7508,7963,56,6,29,0,0,0,1,2,0,0,1,0,0,8,1,3,0,0,0,1,0,0,3,2,24,0,6,1,33,21,24,1,0,34,3,2,1,14,289,2,2,0,22,2,114,69,35,45,0,0,0,0,2
12,20,12,82,8,23,42,192,136,820,340,464,133,313,76,63,58,44,49,138,249,1087,4387,139,687,2606,1921,4195,233,559,46,14573,3506,10173,62,76,75,906,223,1247,515,498,190,3917,899,7963,24422,194,23,236,0,0,0,2,0,3,0,2,1,7,29,3,5,2,2,0,3,3,3,15,8,135,10,41,3,210,153,82,3,1,194,54,2,1,56,754,11,7,2,129,2,324,260,125,185,2,0,0,8,3
61,160,250,1224,521,2736,5239,19,154,226,55,28,11,136,85,424,5,5,32,18,23,110,73,355,78,98,618,313,51,74,104,156,86,217,3149,254,1617,33,4959,1173,102,58,200,463,18,56,194,5643,497,14,39,157,50,88,90,187,2,1,0,4,44,5,0,1,62,7,114,4,22,6,7,14,5,6,7,12,6,4,9,6,5,6,17,7,0,23,41,223,8,10,35,21,16,3,11,233,7,4,11,3
2290,1278,719,1675,3893,1623,393,77,49,75,10,7,29,10614,678,236,3,41,71,58,22,55,14,12,30,46,48,46,8804,431,43,38,42,90,145,23,59,20,54,53,200,63,272,75,61,6,23,497,12854,25,2,12,9,44,19,30,0,0,1,4,24,0,2,1,14,3,57,0,19,5,3,9,0,3,7,0,0,1,1,6,0,4,5,7,2,2,6,75,3,3,23,2,1,0,1,29,5,7,5,5
13,71,25,342,17,6,49,102,24,2427,107,187,329,3904,4604,77,95,49,40,98,3120,360,63,7,143,77,63,52,456,3338,139,639,1000,108,26,25,50,78,23,5,2492,11624,12418,100,495,29,236,14,25,16239,0,0,0,0,0,0,1,0,2,4,7,1,2,1,0,1,6,2,13,4,2,9,1,14,3,0,0,1,2,1,1,5,0,0,4,3,6,8,1,5,1,3,2,0,0,2,0,0,1,0
8,15,1110,67,24,26,88,2,5,3,1,0,1,5,5,6,0,0,0,1,0,2,0,1,6,1,1,0,3,2,0,0,1,0,11,1,0,0,2,0,0,0,2,0,0,0,0,39,2,0,22419,14942,2667,10274,9480,2480,5,17,32,30,117,4,4,6,7362,129,299,15,41,25,11,217,18,17,13,7,10,15,502,22,7,25,307,30,33,18,7,231,31,17,15,7,16,5,5,137,5206,67,91,11
21,58,391,229,28,68,339,3,10,4,1,1,2,26,18,25,0,0,3,6,2,3,0,1,6,1,2,0,3,6,3,4,1,0,36,9,7,0,5,1,3,1,9,3,3,0,0,157,12,0,14942,74739,17332,14192,2429,7740,8,28,47,49,445,9,4,9,12523,143,490,19,101,50,10,1017,35,36,10,13,21,79,1142,38,14,51,867,44,46,43,30,586,39,32,56,7,23,23,13,510,1410,337,420,36
6,34,42,134,8,22,147,5,18,6,1,0,10,22,16,21,0,1,6,7,2,6,4,1,13,1,0,0,3,3,1,2,11,0,36,6,9,2,10,1,4,0,17,5,8,0,0,50,9,0,2667,17332,36233,1201,302,9335,84,136,251,246,487,46,17,56,14014,2195,5846,149,459,305,39,435,106,129,56,27,31,53,806,362,44,168,687,281,223,99,67,684,154,112,61,19,90,16,31,203,989,152,302,67
60,50,2891,156,443,523,243,1,5,5,3,0,0,15,7,8,0,1,0,1,0,1,0,1,0,0,2,0,11,8,1,0,0,2,14,1,3,0,4,0,1,1,0,0,2,1,2,88,44,0,10274,14192,1201,33974,18440,20260,2,12,15,15,114,1,0,3,793,18,131,4,27,15,5,161,11,9,6,4,7,11,184,8,1,12,133,9,14,12,15,376,13,9,26,4,19,2,4,488,457,55,78,9
7,31,503,141,34,71,228,1,2,5,1,1,2,10,6,16,0,0,3,0,1,1,0,1,0,1,2,1,1,6,2,0,0,3,12,2,5,0,11,2,4,0,8,2,1,2,0,90,19,0,9480,2429,302,18440,24503,11980,2,3,7,34,81,5,4,2,646,13,259,5,59,9,12,56,43,49,9,10,91,37,74,15,12,26,31,18,7,18,97,1506,12,6,207,95,41,2,8,3003,2737,10,31,9
28,94,260,328,42,77,443,5,10,16,7,4,2,42,28,48,2,4,5,10,3,6,1,5,15,0,4,0,7,16,1,1,6,2,76,20,11,1,18,3,17,4,16,7,7,0,3,187,30,0,2480,7740,9335,20260,11980,22133,37,50,136,168,381,22,12,15,2156,123,1555,52,348,148,42,291,166,139,49,16,50,38,273,108,16,106,269,52,78,61,106,2635,77,55,129,24,100,3,16,1252,441,113,173,33
0,0,1,1,0,0,2,128,486,0,5,19,69,5,2,4,9,4,5,115,3,15,2,7,29,1,7,0,0,1,0,2,23,1,1,4,79,2,3,1,0,0,3,6,6,0,0,2,0,1,5,8,84,2,2,37,5360,9270,551,1396,44,101,195,5940,242,94,236,1108,310,3923,56,154,59,151,72,14,51,6,40,606,16,2951,31,98,255,13,723,36,18,38,6,7,27,5,8,3,24,11,21,10
0,2,1,4,1,0,8,85,366,2,5,30,35,3,2,13,29,15,23,58,13,6,2,24,47,5,9,0,1,4,1,3,16,1,10,10,63,2,6,0,0,1,5,7,6,1,2,1,0,0,17,28,136,12,3,50,9270,33047,6659,5868,142,766,671,4577,227,99,448,10165,1173,3998,526,985,232,231,103,30,36,27,33,1238,53,1109,48,118,591,75,1421,150,24,123,29,12,99,24,43,12,23,6,31,14
1,2,1,9,1,1,17,15,39,8,4,25,6,9,2,22,7,15,33,12,17,5,3,8,14,2,2,0,0,0,5,0,6,1,9,18,29,2,17,0,3,2,6,4,5,0,1,0,1,2,32,47,251,15,7,136,551,6659,4941,2752,318,754,194,537,257,69,595,4232,2951,505,646,354,292,90,109,14,30,13,35,1797,26,286,36,117,197,24,566,359,27,23,66,6,33,21,39,25,25,3,29,19
2,6,2,48,1,4,29,562,2580,12,11,115,294,20,17,49,101,51,108,394,45,48,21,86,231,9,40,0,2,10,27,8,117,2,35,41,416,7,23,0,7,4,35,18,32,0,7,4,4,4,30,49,246,15,34,168,1396,5868,2752,47670,356,1108,1568,1991,176,42,724,1851,9843,8365,1714,1352,10650,5564,115,23,726,46,31,934,86,1407,32,73,333,115,8556,744,46,144,234,78,245,53,83,59,26,14,56,29
4,31,14,125,23,7,159,29,54,89,36,27,19,88,48,209,11,16,55,54,38,47,12,17,71,37,25,6,26,45,59,29,31,9,239,162,35,20,185,9,53,26,106,49,29,8,29,44,24,7,117,445,487,114,81,381,44,142,318,356,41296,3135,498,74,899,605,1908,411,2105,253,4876,2802,248,472,1010,160,494,385,535,797,234,410,560,381,359,638,763,737,637,176,377,100,788,285,449,324,100,15273,26090,8153
0,1,2,6,0,1,11,10,35,9,3,15,10,8,4,27,5,7,26,13,13,6,3,6,31,7,2,0,4,8,5,0,10,2,24,27,14,3,14,3,4,5,16,7,11,1,3,5,0,1,4,9,46,1,5,22,101,766,754,1108,3135,7238,5626,425,39,27,248,745,777,211,5498,7316,184,158,129,18,68,50,26,269,36,432,39,30,48,81,390,139,47,24,66,25,140,142,157,23,5,20,139,70
0,1,0,12,0,0,4,102,248,3,4,55,148,8,6,9,6,3,15,313,9,24,19,9,248,6,33,0,0,4,4,15,180,6,7,15,25,23,2,7,1,4,5,19,97,3,5,0,2,2,4,4,17,0,4,12,195,671,194,1568,498,5626,14939,7905,57,50,65,3937,227,1665,7019,5457,131,1930,226,66,394,99,25,216,193,8621,45,35,382,195,361,63,76,112,24,29,255,246,380,10,9,9,93,96
0,1,0,7,0,0,3,99,365,2,2,32,107,6,4,9,5,9,9,167,4,16,5,11,103,3,15,0,0,3,1,5,59,1,5,7,46,3,0,0,1,2,4,4,19,0,2,1,1,1,6,9,56,3,2,15,5940,4577,537,1991,74,425,7905,23530,197,140,166,4933,262,1806,1420,569,120,611,150,27,179,17,38,484,101,7912,59,106,297,77,637,37,42,44,12,7,80,24,113,5,14,9,50,32
12,36,45,125,16,17,146,2,22,7,4,7,9,32,9,30,1,0,4,40,5,11,5,1,85,5,8,0,4,10,8,3,29,2,41,6,8,11,13,0,5,1,20,11,32,0,2,62,14,0,7362,12523,14014,793,646,2156,242,227,257,176,899,39,57,197,74875,17411,3484,381,336,483,170,1002,90,268,621,122,74,230,9458,653,144,682,15244,1240,940,338,65,456,1823,223,66,38,147,60,94,326,12003,512,1249,1124
2,3,3,20,2,0,29,5,8,4,6,2,6,9,0,15,0,1,4,27,2,8,4,2,58,2,3,1,6,3,3,2,20,3,14,5,6,11,9,1,8,0,7,6,25,0,0,7,3,1,129,143,2195,18,13,123,94,99,69,42,605,27,50,140,17411,26219,2697,410,182,200,436,655,43,240,1450,67,55,138,2082,675,157,618,6194,2835,643,251,87,101,10157,97,32,12,74,56,90,55,507,324,4050,6182
33,88,76,413,71,45,465,18,37,106,40,11,7,166,81,310,3,9,37,20,24,58,5,4,25,8,10,4,34,65,61,4,10,6,369,159,29,7,157,3,69,26,141,9,23,1,3,114,57,6,299,490,5846,131,259,1555,236,448,595,724,1908,248,65,166,3484,2697,31422,951,4939,567,354,347,1186,255,1375,34,43,37,482,7385,63,320,586,3043,404,98,556,4927,995,100,442,16,95,25,38,795,446,155,375,366
1,1,1,11,3,0,12,27,64,15,4,24,10,6,0,33,14,9,33,40,26,7,5,15,49,5,7,0,3,4,8,5,29,4,23,19,25,11,15,1,4,5,16,13,25,0,3,4,0,2,15,19,149,4,5,52,1108,10165,4232,1851,411,745,3937,4933,381,410,951,15565,2006,538,10395,805,332,286,2125,59,82,60,88,5963,228,2101,149,421,746,209,681,237,205,101,97,19,97,97,231,25,26,27,192,260
5,21,11,96,16,5,131,68,115,143,45,75,20,57,20,330,33,31,154,46,169,85,7,36,35,7,2,2,35,57,78,7,14,5,311,370,93,8,215,5,63,29,107,12,24,0,3,22,19,13,41,101,459,27,59,348,310,1173,2951,9843,2105,777,227,262,336,182,4939,2006,16920,989,1727,386,4313,664,876,24,230,46,99,5018,39,317,145,392,175,69,1801,5909,191,66,1250,85,169,18,58,208,56,67,237,179
0,4,1,34,3,1,21,338,1138,8,13,155,488,42,26,29,22,11,29,861,12,87,64,35,798,14,55,1,3,14,14,29,497,11,19,16,71,62,8,3,12,7,35,39,302,3,15,6,5,4,25,50,305,15,9,148,3923,3998,505,8365,253,211,1665,1806,483,200,567,538,989,32215,257,978,684,6700,187,179,483,100,92,909,238,7267,147,185,3865,442,556,345,72,4429,71,59,1178,43,162,23,44,20,117,84
0,1,2,14,3,2,30,31,57,17,17,33,11,9,2,58,10,13,73,48,40,21,11,14,56,13,6,2,3,8,14,18,32,7,46,51,60,10,19,4,11,5,14,26,29,2,8,7,3,2,11,10,39,5,12,42,56,526,646,1714,4876,5498,7019,1420,170,436,354,10395,1727,257,23797,2740,526,444,6522,114,250,254,268,2631,354,1455,551,155,297,502,1348,388,1248,114,204,59,421,381,683,62,25,225,2339,6488
4,8,13,47,6,8,58,34,78,27,11,47,33,33,24,40,2,10,21,138,18,35,94,17,503,118,112,16,9,17,13,108,191,77,45,33,19,185,33,53,12,10,18,238,247,24,135,14,9,9,217,1017,435,161,56,291,154,985,354,1352,2802,7316,5457,569,1002,655,347,805,386,978,2740,33809,194,2931,416,612,2095,5114,2979,255,722,8413,1779,170,913,1586,319,182,345,1078,224,637,3633,10260,4804,116,68,1963,1587,445
2,2,5,25,1,4,25,43,124,16,13,26,7,11,2,19,11,12,40,43,38,9,5,15,28,5,10,3,2,4,12,1,10,6,18,31,33,2,22,7,13,5,31,8,14,0,10,5,0,1,18,35,106,11,43,166,59,232,292,10650,248,184,131,120,90,43,1186,332,4313,684,526,194,8371,3360,113,20,803,73,17,730,65,200,30,61,51,94,5093,2425,18,40,1994,309,287,22,55,198,25,12,39,26
1,7,2,37,2,2,22,150,527,13,7,181,264,30,16,23,15,8,20,778,9,81,133,29,1396,35,93,8,15,22,16,43,619,20,11,16,48,133,10,22,13,10,19,132,553,6,41,6,3,14,17,36,129,9,49,139,151,231,90,5564,472,158,1930,611,268,240,255,286,664,6700,444,2931,3360,15193,195,160,8528,251,115,241,376,5989,307,74,1123,499,1181,528,88,1213,1015,1139,2726,132,459,204,57,69,336,167
1,0,3,18,6,0,28,5,13,24,19,12,6,16,4,62,1,5,12,21,8,17,7,4,33,4,4,0,1,20,9,4,9,2,59,49,6,6,28,1,9,3,13,8,12,1,3,7,7,3,13,10,56,6,9,49,72,103,109,115,1010,129,226,150,621,1450,1375,2125,876,187,6522,416,113,195,9310,50,64,75,364,6505,141,527,903,2901,326,195,440,255,5161,70,185,24,93,61,149,85,38,126,1382,4101
0,0,0,3,0,0,0,3,10,10,7,6,1,2,2,2,0,2,4,11,1,29,77,9,59,307,111,15,1,3,0,221,54,74,1,3,4,82,11,35,10,1,3,370,35,33,210,12,0,0,7,13,27,4,10,16,14,30,14,23,160,18,66,27,122,67,34,59,24,179,114,612,20,160,50,4994,940,198,45,57,6465,1002,79,28,3115,6510,17,9,19,4573,40,113,3040,212,481,36,19,27,93,35
0,1,0,11,2,1,9,22,80,10,7,34,28,8,3,8,0,0,7,70,3,23,84,6,230,129,126,22,1,8,2,114,121,80,2,1,8,93,12,97,7,3,6,269,93,21,153,6,0,0,10,21,31,7,91,50,51,36,30,726,494,68,394,179,74,55,43,82,230,483,250,2095,803,8528,64,940,14070,1722,51,36,1267,1909,107,17,530,1315,1314,341,30,793,1336,7599,6606,324,1044,507,54,33,189,82
0,1,0,2,0,0,5,1,10,0,0,1,1,2,0,5,0,0,0,1,0,2,11,3,17,25,33,169,0,0,1,19,10,192,2,1,2,17,12,317,1,0,2,79,9,24,82,4,1,1,15,79,53,11,37,38,6,27,13,46,385,50,99,17,230,138,37,60,46,100,254,5114,73,251,75,198,1722,37787,2748,56,180,343,725,27,223,12221,533,51,65,243,257,13064,1312,18123,1347,230,52,448,372,108
2,6,15,35,8,8,45,2,7,3,3,9,2,11,8,22,0,0,3,17,1,3,1,1,27,2,7,2,1,4,1,1,8,1,18,11,2,5,8,3,2,2,9,4,12,1,3,9,1,2,502,1142,806,184,74,273,40,33,35,31,535,26,25,38,9458,2082,482,88,99,92,268,2979,17,115,364,45,51,2748,163097,135,74,210,27550,273,275,303,60,91,676,73,30,50,81,857,80,61,16252,23921,2473,596
0,3,3,43,4,3,36,17,46,40,15,12,10,24,7,74,4,5,26,24,31,14,6,3,30,1,5,3,7,12,9,6,25,1,72,84,17,4,36,1,15,6,27,5,19,0,1,6,6,1,22,38,362,8,15,108,606,1238,1797,934,797,269,216,484,653,675,7385,5963,5018,909,2631,255,730,241,6505,57,36,56,135,8444,128,739,227,1923,690,148,401,501,768,122,115,15,95,34,75,71,54,37,236,493
1,2,0,2,1,2,2,3,9,8,5,7,7,2,2,1,0,0,4,8,2,30,77,5,49,237,89,10,1,3,2,173,47,104,10,1,6,64,15,75,6,0,1,356,46,34,194,5,0,1,7,14,44,1,12,16,16,53,26,86,234,36,193,101,144,157,63,228,39,238,354,722,65,376,141,6465,1267,180,74,128,11545,5728,156,45,2976,5302,35,32,74,1218,93,207,2591,612,9596,47,26,20,144,102
0,0,0,18,2,0,6,212,662,13,11,139,308,22,13,29,8,3,21,741,15,67,114,28,841,88,135,3,2,16,12,82,489,15,10,18,53,162,12,11,3,7,26,159,363,3,54,6,4,5,25,51,168,12,26,106,2951,1109,286,1407,410,432,8621,7912,682,618,320,2101,317,7267,1455,8413,200,5989,527,1002,1909,343,210,739,5728,39018,440,271,18611,1879,413,98,199,1364,98,92,2109,554,6507,45,76,46,339,252
3,22,12,42,9,5,42,6,16,9,5,5,6,23,4,24,1,1,9,33,2,8,10,0,66,6,6,1,2,4,2,1,22,2,19,13,12,8,9,3,4,1,11,4,39,2,2,17,5,0,307,867,687,133,31,269,31,48,36,32,560,39,45,59,15244,6194,586,149,145,147,551,1779,30,307,903,79,107,725,27550,227,156,440,60509,475,515,373,113,126,1559,101,42,33,149,276,142,73,2333,13484,18327,2154
1,2,4,23,6,2,29,1,9,19,12,0,2,17,8,53,0,0,6,10,1,10,3,0,15,2,1,1,6,9,8,3,3,1,43,11,2,2,19,0,10,3,17,2,8,1,1,7,7,0,30,44,281,9,18,52,98,118,117,73,381,30,35,106,1240,2835,3043,421,392,185,155,170,61,74,2901,28,17,27,273,1923,45,271,475,5781,243,66,190,153,2987,63,51,6,21,14,32,69,109,52,221,562
0,1,2,9,0,0,9,44,136,8,5,64,78,10,11,9,3,2,5,302,9,25,111,8,543,75,63,1,0,6,4,63,252,13,9,5,5,147,10,6,8,4,14,144,219,14,56,0,2,4,33,46,223,14,7,78,255,591,197,333,359,48,382,297,940,643,404,746,175,3865,297,913,51,1123,326,3115,530,223,275,690,2976,18611,515,243,9605,2318,86,46,139,2705,26,87,794,123,622,24,85,75,320,161
0,1,1,5,0,0,2,6,18,2,6,9,1,6,1,7,2,1,2,9,2,44,81,11,93,195,144,220,5,2,1,183,55,1260,2,4,9,72,27,1062,5,2,3,692,32,289,754,23,2,3,18,43,99,12,18,61,13,75,24,115,638,81,195,77,338,251,98,209,69,442,502,1586,94,499,195,6510,1315,12221,303,148,5302,1879,373,66,2318,33548,91,62,115,3070,154,3365,6827,8989,3881,80,51,114,417,214
4,10,6,67,10,4,80,441,1733,81,54,317,142,48,17,159,217,173,215,174,205,44,19,185,141,11,19,5,7,25,52,9,56,9,99,238,658,4,144,19,31,19,78,25,21,2,11,41,6,6,7,30,67,15,97,106,723,1421,566,8556,763,390,361,637,65,87,556,681,1801,556,1348,319,5093,1181,440,17,1314,533,60,401,35,413,113,190,86,91,2773,2651,117,41,7212,811,129,36,54,1421,58,53,205,127
29,101,89,450,83,63,558,13,37,125,64,17,3,144,54,361,14,8,57,17,22,77,5,9,21,1,6,4,52,82,75,5,11,5,319,177,76,2,148,3,71,23,115,7,9,2,7,223,75,8,231,586,684,376,1506,2635,36,150,359,744,737,139,63,37,456,101,4927,237,5909,345,388,182,2425,528,255,9,341,51,91,501,32,98,126,153,46,62,2651,16303,136,34,12142,182,166,10,45,5295,269,54,145,76
0,6,1,13,2,0,21,3,5,11,9,6,1,4,4,33,0,0,1,15,0,8,4,1,14,3,5,1,3,4,1,2,9,1,22,7,2,2,2,1,6,1,8,3,4,0,2,8,3,1,31,39,154,13,12,77,18,24,27,46,637,47,76,42,1823,10157,995,205,191,72,1248,345,18,88,5161,19,30,65,676,768,74,199,1559,2987,139,115,117,136,14866,34,47,6,60,36,81,71,127,173,2497,7055
0,1,1,8,0,2,4,15,15,8,5,42,16,11,6,2,0,4,5,94,8,37,116,16,455,201,118,7,3,11,5,141,188,30,6,10,2,172,12,19,6,8,14,304,207,22,129,10,3,5,17,32,112,9,6,55,38,123,23,144,176,24,112,44,223,97,100,101,66,4429,114,1078,40,1213,70,4573,793,243,73,122,1218,1364,101,63,2705,3070,41,34,34,15520,53,127,11414,145,442,42,27,16,95,33
2,13,10,76,12,9,99,6,9,52,18,4,1,51,15,142,0,2,14,4,13,22,2,5,11,0,2,4,18,29,17,4,8,4,154,44,16,0,74,11,26,11,43,11,4,2,2,35,23,1,15,56,61,26,207,129,6,29,66,234,377,66,24,12,66,32,442,97,1250,71,204,224,1994,1015,185,40,1336,257,30,115,93,98,42,51,26,154,7212,12142,47,53,20782,1066,279,26,83,6558,107,17,92,60
0,1,0,3,0,2,4,2,8,3,9,1,1,1,1,0,0,0,0,4,3,17,19,6,25,44,82,517,1,2,0,48,12,727,2,4,14,20,19,1235,4,2,1,217,5,114,324,21,2,3,7,7,19,4,95,24,7,12,6,78,100,25,29,7,38,12,16,19,85,59,59,637,309,1139,24,113,7599,13064,50,15,207,92,33,6,87,3365,811,182,6,127,1066,32548,5034,1095,588,745,75,10,38,14
0,1,2,8,2,0,10,13,37,8,8,21,9,11,5,9,1,5,9,56,9,30,110,15,244,210,141,40,2,12,4,185,102,174,10,11,12,118,19,184,5,6,8,426,146,69,260,16,1,2,16,23,90,19,41,100,27,99,33,245,788,140,255,80,147,74,95,97,169,1178,421,3633,287,2726,93,3040,6606,1312,81,95,2591,2109,149,21,794,6827,129,166,60,11414,279,5034,17919,1000,2084,122,31,61,329,98
0,0,0,5,0,0,0,1,4,2,0,2,3,2,0,0,0,0,3,8,1,3,14,1,16,33,23,43,1,0,1,30,6,246,1,0,0,5,7,232,0,0,0,89,3,35,125,3,0,0,5,23,16,2,2,3,5,24,21,53,285,142,246,24,60,56,25,97,18,43,381,10260,22,132,61,212,324,18123,857,34,612,554,276,14,123,8989,36,10,36,145,26,1095,1000,18952,7470,20,7,211,183,53
0,1,0,3,0,0,0,4,7,5,2,9,6,3,2,2,0,0,4,14,1,25,52,3,52,141,70,28,0,2,1,92,38,200,4,1,1,56,7,155,2,1,4,247,36,45,185,11,1,0,5,13,31,4,8,16,8,43,39,83,449,157,380,113,94,90,38,231,58,162,683,4804,55,459,149,481,1044,1347,80,75,9596,6507,142,32,622,3881,54,45,81,442,83,588,2084,7470,12548,51,13,36,188,100
20,91,95,345,30,102,567,1,12,4,6,3,0,42,23,41,2,2,7,4,2,5,2,4,4,2,3,7,6,14,4,3,2,9,82,7,11,1,24,10,7,4,10,12,1,0,2,233,29,2,137,510,203,488,3003,1252,3,12,25,59,324,23,10,5,326,55,795,25,208,23,62,116,198,204,85,36,507,230,61,71,47,45,73,69,24,80,1421,5295,71,42,6558,745,122,20,51,7377,693,36,81,38
1,5,45,37,3,9,49,2,7,2,0,1,1,6,1,14,0,1,1,4,1,1,2,0,10,1,1,1,0,1,2,1,1,0,7,3,1,1,6,2,2,1,4,1,6,0,0,7,5,0,5206,1410,989,457,2737,441,24,23,25,26,100,5,9,14,12003,507,446,26,56,44,25,68,25,57,38,19,54,52,16252,54,26,76,2333,109,85,51,58,269,127,27,107,75,31,7,13,693,37303,111,130,41
0,3,2,12,2,3,25,1,1,2,4,1,0,10,1,15,0,0,2,8,1,4,0,0,11,2,1,0,3,2,2,0,7,0,16,8,3,1,8,1,6,1,12,0,4,0,0,4,7,0,67,337,152,55,10,113,11,6,3,14,15273,20,9,9,512,324,155,27,67,20,225,1963,12,69,126,27,33,448,23921,37,20,46,13484,52,75,114,53,54,173,16,17,10,61,211,36,36,111,29970,4852,310
2,8,4,39,10,5,37,3,30,15,11,11,7,13,2,53,0,0,5,28,7,14,4,2,46,9,5,2,3,9,9,4,18,4,35,22,10,13,21,7,9,3,21,23,24,0,8,11,5,1,91,420,302,78,31,173,21,31,29,56,26090,139,93,50,1249,4050,375,192,237,117,2339,1587,39,336,1382,93,189,372,2473,236,144,339,18327,221,320,417,205,145,2497,95,92,38,329,183,188,81,130,4852,31142,10227
2,1,1,14,2,2,10,3,5,9,3,4,1,4,1,15,1,0,2,14,2,5,3,0,29,4,4,1,2,5,5,6,11,0,11,12,4,2,7,1,1,0,4,10,20,2,3,3,5,0,11,36,67,9,9,33,10,14,19,29,8153,70,96,32,1124,6182,366,260,179,84,6488,445,26,167,4101,35,82,108,596,493,102,252,2154,562,161,214,127,76,7055,33,60,14,98,53,100,38,41,310,10227,9922
