11501,4443,8356,2520,10596,1225,669,4,6,92,5,3,1,6223,348,38,0,1,6,6,2,482,1,1,1,5,2,19,356,320,2,10,10,5,22,7,20,5,27,3,427,150,40,6,4,2,3,39,2483,11,10,41,11,114,29,37,0,0,0,4,4,1,0,0,12,6,41,0,4,1,1,1,0,2,1,0,1,0,3,3,0,0,0,6,0,0,2,38,1,1,5,0,0,0,0,31,7,0,2,1
4443,31466,12036,20915,1464,520,1396,13,23,403,11,7,3,5078,2077,117,2,5,22,22,12,858,6,8,11,11,19,25,366,621,10,20,23,15,50,17,81,4,78,2,746,507,97,19,18,7,12,206,699,55,48,152,50,94,168,217,0,1,1,6,28,1,0,2,53,9,173,2,10,6,1,8,2,7,4,0,1,0,23,6,0,3,19,28,4,3,6,145,1,0,17,2,1,1,0,225,29,4,9,2
8356,12036,26375,7738,5724,5176,8952,3,5,129,4,2,1,586,54,18,1,2,7,7,3,603,2,2,7,3,2,9,193,245,0,6,6,5,33,3,37,0,29,2,475,211,14,7,2,7,6,262,325,6,677,216,36,1930,420,184,0,0,0,2,6,0,0,0,38,8,70,1,3,0,2,3,2,2,0,0,1,0,9,3,0,0,5,12,0,0,3,61,6,1,4,0,0,1,0,163,40,3,3,0
2520,20915,7738,50182,2424,2707,16128,272,507,1316,203,82,46,8550,12632,9573,34,88,457,364,97,1419,47,93,301,142,140,66,768,1788,360,100,121,141,1158,688,350,87,516,33,1405,1027,2915,232,137,24,57,1249,1549,179,98,342,128,203,374,520,5,5,4,20,55,8,8,11,132,34,480,3,45,25,18,36,16,26,17,2,7,3,56,27,0,36,42,78,17,6,28,370,12,10,57,4,10,1,6,486,60,17,24,8
10596,1464,5724,2424,15321,21634,3147,8,8,78,1,2,0,2509,132,57,1,1,6,10,3,166,3,8,7,5,6,12,196,152,5,5,2,7,41,6,23,3,70,16,172,68,36,11,3,1,7,318,4214,6,9,48,12,304,50,49,0,0,2,1,4,0,0,0,10,2,41,0,2,0,0,3,0,2,2,0,0,0,3,2,0,1,6,1,0,0,1,25,1,0,7,1,0,1,0,41,5,2,1,0
1225,520,5176,2707,21634,21698,19664,2,21,53,14,1,0,234,49,40,2,3,5,8,4,87,17,56,20,27,57,50,156,60,12,23,12,43,219,15,89,4,309,91,71,29,13,74,3,6,20,3566,2932,4,15,52,13,1135,166,79,0,0,0,3,2,1,0,0,9,2,43,0,5,2,0,3,0,1,1,0,0,1,4,0,1,0,1,4,2,1,8,30,2,0,1,6,3,0,2,87,6,0,2,0
669,1396,8952,16128,3147,19664,25493,26,276,397,76,42,8,643,300,1480,10,24,106,86,62,336,41,281,233,65,173,36,157,406,69,54,61,86,4661,655,579,29,1367,36,276,234,191,221,29,8,30,6403,351,48,105,410,119,235,527,570,3,7,9,17,64,7,4,4,124,40,468,3,51,12,16,30,11,24,16,2,7,3,43,31,3,16,33,90,4,5,42,371,21,9,47,3,12,2,3,740,57,15,31,10
4,13,3,272,8,2,26,36904,2846,149,1445,1390,8340,497,942,1539,4844,6882,1561,5440,849,2755,303,120,366,154,401,32,86,248,2012,167,2358,79,52,186,714,169,55,11,73,68,1426,127,1123,85,139,11,40,98,1,2,8,2,1,4,137,94,37,599,12,17,105,127,15,5,19,31,66,287,39,39,34,246,10,3,14,0,2,9,3,284,4,6,39,10,105,28,3,14,7,4,10,3,6,1,0,0,2,3
6,23,5,507,8,21,276,2846,44670,125,687,2174,1970,150,216,824,1278,485,2702,3422,592,1606,233,10749,5178,126,5967,70,35,74,131,126,812,119,558,3547,9048,105,438,253,52,47,362,493,156,54,144,70,22,29,3,7,15,3,5,7,605,421,62,2831,33,35,352,472,33,17,75,109,98,815,113,81,97,764,20,5,95,2,13,16,10,804,14,24,105,16,418,59,12,27,15,7,18,5,14,8,5,6,9,11
92,403,129,1316,78,53,397,149,125,29338,4581,1440,284,479,506,262,157,60,68,83,3275,9018,1042,56,206,85,240,79,582,572,136,745,1183,128,223,226,661,182,507,13,12454,13139,2123,470,334,253,966,342,97,5085,0,3,9,2,6,11,1,4,8,20,37,4,3,2,13,17,150,6,82,6,28,19,10,18,24,8,12,1,7,20,7,11,6,60,11,6,49,108,24,14,33,4,20,5,12,9,1,3,10,15
5,11,4,203,1,14,76,1445,687,4581,6174,10028,766,78,111,396,223,188,375,351,1438,6402,1667,31,250,38,197,46,46,70,237,111,600,50,163,380,310,86,304,12,156,271,681,217,112,217,302,87,10,74,0,1,3,1,1,7,4,3,5,35,28,3,14,6,1,8,97,13,47,19,19,17,13,24,24,10,9,1,4,13,5,34,5,22,12,6,29,72,12,13,23,3,7,0,5,3,4,1,11,6
3,7,2,82,2,1,42,1390,2174,1440,10028,16820,7655,67,66,149,4694,710,586,998,6798,3057,4863,137,2138,87,1084,39,22,117,156,276,8125,54,84,372,819,292,85,12,105,344,429,363,613,184,608,18,9,178,0,3,5,0,3,3,18,41,20,130,9,14,62,18,7,6,13,16,42,148,31,60,22,241,5,8,43,1,2,5,6,152,9,3,73,15,57,23,7,39,8,1,38,4,9,0,1,0,4,1
1,3,1,46,0,0,8,8340,1970,284,766,7655,30209,278,262,133,10346,2373,188,1993,1380,551,235,29,898,91,1125,23,55,295,728,293,8784,61,13,58,439,69,11,9,62,258,1141,97,1369,34,159,6,12,398,1,1,8,0,1,4,112,35,7,405,3,6,161,111,15,7,16,18,17,431,14,50,18,527,7,3,48,0,2,9,4,504,5,5,107,7,68,1,5,23,3,2,13,0,6,0,3,0,2,2
6223,5078,586,8550,2509,234,643,497,150,479,78,67,278,60853,21001,612,46,165,334,624,200,741,87,15,201,503,135,206,5920,24099,292,779,605,492,152,126,411,196,163,45,1426,1277,4325,159,1081,50,357,148,12643,2157,15,72,39,27,54,101,4,8,3,16,80,4,9,5,38,22,300,8,47,36,10,31,9,49,18,4,13,3,25,40,4,22,27,85,22,4,28,193,23,13,50,2,13,1,4,75,13,13,24,14
348,2077,54,12632,132,49,300,942,216,506,111,66,262,21001,14310,1456,46,319,608,801,142,671,43,11,161,296,71,83,698,2604,634,226,366,206,139,176,144,185,66,18,825,966,11201,98,703,22,126,77,821,2421,14,25,14,13,26,51,3,3,2,19,18,1,5,5,15,8,118,2,12,18,5,14,1,33,5,1,7,0,8,11,1,34,8,30,18,4,8,60,5,10,11,2,6,1,3,39,8,3,10,1
38,117,18,9573,57,40,1480,1539,824,262,396,149,133,612,1456,28343,241,1881,3340,564,254,501,43,77,251,93,91,20,103,226,8062,49,136,63,2306,4114,463,72,368,22,133,101,6835,114,173,15,34,254,150,40,8,10,19,9,18,53,4,15,15,46,122,8,15,9,31,38,418,11,202,32,39,31,28,30,63,2,3,0,25,71,4,31,33,117,14,6,72,302,32,4,82,3,4,1,3,41,14,22,44,18
0,2,1,34,1,2,10,4844,1278,157,223,4694,10346,46,46,241,14512,5449,620,239,4290,135,171,53,120,24,54,4,7,67,2213,116,1824,13,27,186,402,27,25,2,24,79,482,33,238,16,99,7,4,98,0,0,2,0,0,1,12,26,7,66,6,3,8,9,1,2,5,7,16,9,16,4,10,15,4,1,1,0,1,3,2,18,1,0,4,2,29,10,3,3,1,0,4,0,5,0,0,0,2,0
1,5,2,88,1,3,24,6882,485,60,188,710,2373,165,319,1881,5449,6521,2521,425,820,288,62,66,84,48,43,9,18,80,3573,164,1251,27,69,252,307,38,46,4,35,39,1109,41,485,7,68,0,9,53,0,2,2,0,4,5,5,18,20,61,11,6,7,10,7,2,8,16,37,14,26,8,16,13,2,1,4,0,1,3,1,13,1,2,10,2,26,10,3,2,2,1,0,0,4,1,0,0,1,3
6,22,7,457,6,5,106,1561,2702,68,375,586,188,334,608,3340,620,2521,5376,570,591,666,77,229,395,50,98,13,30,134,840,36,176,27,240,2060,712,44,115,16,54,43,890,114,63,41,50,20,27,24,2,3,4,2,4,11,7,38,43,97,30,26,16,11,12,11,31,37,139,14,97,22,32,30,19,1,4,0,7,9,1,21,13,7,8,5,67,72,9,3,23,1,6,2,6,8,0,2,11,10
6,22,7,364,10,8,86,5440,3422,83,351,998,1993,624,801,564,239,425,570,25282,158,1192,524,40,3525,741,1247,48,83,333,708,219,3226,360,98,295,194,2504,48,22,110,112,981,494,3737,55,161,16,62,144,1,2,13,1,2,14,104,58,11,339,26,21,254,127,32,29,35,39,72,688,44,171,27,1025,37,13,102,4,14,24,8,807,27,10,308,12,72,28,13,108,6,6,57,3,20,2,7,3,4,18
2,12,3,97,3,4,62,849,592,3275,1438,6798,1380,200,142,254,4290,820,591,158,14092,574,673,93,170,35,105,21,74,513,1060,460,1751,40,154,513,875,78,277,6,331,1678,4228,163,297,49,419,43,10,1856,1,0,4,0,2,4,3,22,20,48,24,16,5,4,5,6,32,13,81,21,38,22,14,15,20,1,7,1,5,16,1,11,4,9,12,2,58,33,4,8,7,1,7,1,4,2,1,1,5,4
482,858,603,1419,166,87,336,2755,1606,9018,6402,3057,551,741,671,501,135,288,666,1192,574,29220,5132,70,1431,274,909,4277,6161,1014,175,409,749,1029,194,421,488,391,322,299,11863,1908,879,1120,642,9226,1348,166,82,459,6,14,8,10,18,27,10,6,14,53,53,8,37,9,13,21,171,9,77,71,23,74,9,151,45,51,49,8,9,27,30,155,25,56,65,66,53,127,29,54,46,57,64,15,33,18,10,9,12,22
1,6,2,47,3,17,41,303,233,1042,1667,4863,235,87,43,43,171,62,77,524,673,5132,11865,81,1665,468,1629,527,68,188,33,652,5160,274,43,91,94,788,124,87,129,336,158,2084,672,4168,5902,78,12,111,2,0,3,1,0,1,1,3,1,15,5,1,18,4,8,5,7,1,7,50,10,88,5,94,6,93,97,10,4,2,63,121,7,2,124,69,2,4,3,123,3,20,115,13,76,2,0,0,5,7
1,8,2,93,8,56,281,120,10749,56,31,137,29,15,11,77,53,66,229,40,93,70,81,6565,1306,135,1716,128,4,18,17,113,80,239,960,2455,4500,29,4168,369,5,22,19,641,28,26,128,433,25,3,1,1,5,1,3,5,15,24,9,69,10,1,10,8,5,1,21,11,27,17,13,14,10,13,4,8,8,2,4,6,9,24,2,4,19,18,27,17,0,17,2,11,15,4,6,8,1,1,1,1
1,11,7,301,7,20,233,366,5178,206,250,2138,898,201,161,251,120,84,395,3525,170,1431,1665,1306,8570,748,10699,152,59,248,75,630,5228,525,270,875,414,1193,238,430,98,194,269,3084,1010,130,571,75,30,195,7,6,21,4,6,25,46,49,8,224,27,13,243,63,52,45,52,39,79,705,59,423,65,1425,39,54,256,10,14,30,48,871,55,27,622,78,43,40,21,528,14,28,237,16,93,7,17,5,39,24
5,11,3,142,5,27,65,154,126,85,38,87,91,503,296,93,24,48,50,741,35,274,468,135,748,16524,1965,379,82,293,98,11156,623,4985,59,111,44,6958,173,291,79,89,298,8658,2594,457,2989,139,53,88,0,1,1,0,3,1,1,3,1,12,24,3,10,4,5,3,8,4,5,18,18,153,11,74,5,393,261,28,2,5,216,133,6,2,138,254,3,7,4,215,8,124,473,43,242,5,0,2,14,11
2,19,2,140,6,57,173,401,5967,240,197,1084,1125,135,71,91,54,43,98,1247,105,909,1629,1716,10699,1965,21251,2839,38,139,24,2292,3087,1106,263,458,2094,1123,1664,10929,91,142,134,8122,1260,321,1759,529,54,83,1,5,5,0,2,6,14,15,4,71,43,6,71,25,17,16,12,16,18,125,21,212,17,395,18,142,184,32,10,8,93,370,13,4,257,205,15,11,10,207,7,192,224,27,146,8,2,8,12,11
19,25,9,66,12,50,36,32,70,79,46,39,23,206,83,20,4,9,13,48,21,4277,527,128,152,379,2839,52357,1742,368,17,332,103,14058,46,42,310,171,520,15085,670,121,86,1484,138,16873,4725,313,41,35,0,1,1,0,2,0,0,1,0,1,5,1,2,0,0,1,5,0,4,5,1,14,2,13,1,37,64,118,0,1,13,11,2,2,3,244,9,1,1,6,9,806,58,49,40,10,1,0,2,1
356,366,193,768,196,156,157,86,35,582,46,22,55,5920,698,103,7,18,30,83,74,6161,68,4,59,82,38,1742,104991,15384,38,209,166,204,35,23,129,41,70,66,21463,798,741,77,194,511,192,92,11170,254,2,7,7,11,5,19,0,1,3,2,16,1,2,3,7,6,71,1,28,8,6,8,2,8,14,1,2,0,4,12,1,3,6,27,3,5,10,71,6,9,12,1,9,1,0,10,3,4,10,4
320,621,245,1788,152,60,406,248,74,572,70,117,295,24099,2604,226,67,80,134,333,513,1014,188,18,248,293,139,368,15384,38617,160,1219,1020,411,74,62,418,202,188,36,13376,5987,3418,247,950,114,690,142,1488,2442,7,17,17,9,12,39,2,1,7,16,57,4,4,3,7,17,224,7,80,14,16,32,8,30,34,5,8,0,11,39,5,23,12,76,14,6,45,121,22,15,48,5,8,1,4,14,8,8,17,8
2,10,0,360,5,12,69,2012,131,136,237,156,728,292,634,8062,2213,3573,840,708,1060,175,33,17,75,98,24,17,38,160,12864,106,502,49,188,215,269,91,72,3,67,66,12524,22,597,5,32,33,21,100,0,3,4,2,2,7,2,4,3,28,45,4,4,8,7,15,134,7,87,11,8,21,6,21,30,1,4,2,7,29,2,13,15,55,12,0,33,74,9,2,30,1,4,2,0,6,6,7,9,10
10,20,6,100,5,23,54,167,126,745,111,276,293,779,226,49,116,164,36,219,460,409,652,113,630,11156,2292,332,209,1219,106,31182,7056,3848,52,73,103,1383,184,228,424,936,678,4802,6009,516,16063,85,33,717,0,0,1,0,1,1,4,2,3,4,17,5,14,2,3,2,3,5,5,23,17,132,4,62,5,277,231,29,3,1,165,96,7,3,135,289,4,9,3,185,2,133,388,39,160,0,0,4,11,6
10,23,6,121,2,12,61,2358,812,1183,600,8125,8784,605,366,136,1824,1251,176,3226,1751,749,5160,80,5228,623,3087,103,166,1020,502,7056,26981,363,46,121,170,1646,80,33,363,1178,1614,1707,13370,206,5390,44,24,1206,2,5,16,0,3,9,36,26,6,134,24,12,145,44,30,19,14,14,29,450,35,193,19,773,15,36,143,8,9,17,32,571,17,12,336,43,23,12,11,249,5,10,125,10,54,1,4,2,18,5
5,15,5,141,7,43,86,79,119,128,50,54,61,492,206,63,13,27,27,360,40,1029,274,239,525,4985,1106,14058,204,411,49,3848,363,23285,118,111,124,1337,457,7548,167,144,208,6410,706,3763,12583,224,65,98,2,0,0,0,2,0,0,1,1,3,3,2,2,0,1,3,4,1,5,11,6,32,4,34,1,91,80,145,2,2,64,20,2,2,27,995,10,8,0,37,12,930,244,194,210,5,1,0,4,1
22,50,33,1158,41,219,4661,52,558,223,163,84,13,152,139,2306,27,69,240,98,154,194,43,960,270,59,263,46,35,74,188,52,46,118,9848,3101,1630,18,9785,121,66,61,431,276,25,13,60,3488,132,22,13,50,28,10,44,59,4,10,15,25,118,14,5,7,34,32,473,9,149,8,26,55,23,15,58,3,7,4,26,68,2,11,35,161,5,4,88,332,39,4,102,6,6,1,8,72,18,18,47,20
7,17,3,688,6,15,655,186,3547,226,380,372,58,126,176,4114,186,252,2060,295,513,421,91,2455,875,111,458,42,23,62,215,73,121,111,3101,14778,1900,73,5023,83,49,68,492,418,40,21,82,141,18,27,2,5,23,1,7,26,9,23,40,64,86,21,23,5,17,23,199,29,247,33,65,36,49,31,67,2,4,2,13,35,3,31,24,56,16,7,128,239,37,15,73,4,16,3,12,12,3,10,37,28
20,81,37,350,23,89,579,714,9048,661,310,819,439,411,144,463,402,307,712,194,875,488,94,4500,414,44,2094,310,129,418,269,103,170,124,1630,1900,3614,27,7487,702,277,256,483,267,32,32,97,1564,75,93,3,7,5,2,4,15,168,163,36,1045,29,9,69,164,7,7,57,53,64,73,44,17,71,66,15,4,9,4,2,6,4,81,6,20,18,11,467,59,12,7,29,28,8,1,6,19,1,1,9,11
5,4,0,87,3,4,29,169,105,182,86,292,69,196,185,72,27,38,44,2504,78,391,788,29,1193,6958,1123,171,41,202,91,1383,1646,1337,18,73,27,12822,20,112,64,145,210,5242,1558,83,710,10,21,77,1,1,6,0,0,2,3,4,1,7,27,1,17,2,11,13,3,6,14,57,13,196,6,192,11,83,135,11,2,9,65,246,15,5,288,128,5,6,4,270,3,17,166,16,87,2,1,1,13,10
27,78,29,516,70,309,1367,55,438,507,304,85,11,163,66,368,25,46,115,48,277,322,124,4168,238,173,1664,520,70,188,72,184,80,457,9785,5023,7487,20,26433,1709,136,130,171,814,24,67,209,5551,125,45,4,8,15,4,4,21,1,7,8,19,61,9,3,2,24,15,195,8,134,6,23,30,13,9,38,15,13,4,8,41,4,13,19,72,6,20,83,127,20,9,53,47,19,8,6,17,6,3,26,11
3,2,2,33,16,91,36,11,253,13,12,12,9,45,18,22,2,4,16,22,6,299,87,369,430,291,10929,15085,66,36,3,228,33,7548,121,83,702,112,1709,33211,30,15,19,11578,44,1043,1226,869,73,7,0,0,0,1,6,1,0,1,1,4,4,1,4,0,1,1,3,1,2,5,1,35,8,28,1,73,125,236,0,1,35,9,0,0,18,1118,16,3,1,25,16,2027,171,205,175,8,1,1,1,2
427,746,475,1405,172,71,276,73,52,12454,156,105,62,1426,825,133,24,35,54,110,331,11863,129,5,98,79,91,670,21463,13376,67,424,363,167,66,49,277,64,136,30,58118,10626,1104,141,256,176,339,111,166,1196,2,9,9,4,9,20,2,2,3,7,35,3,1,0,15,14,108,2,47,6,9,12,6,12,18,6,7,1,8,16,5,10,9,46,3,1,20,89,9,7,35,2,3,1,4,10,5,5,11,7
150,507,211,1027,68,29,234,68,47,13139,271,344,258,1277,966,101,79,39,43,112,1678,1908,336,22,194,89,142,121,798,5987,66,936,1178,144,61,68,256,145,130,15,10626,26614,3253,293,467,117,670,120,75,9789,3,2,5,1,4,12,0,0,1,5,11,4,4,1,5,7,69,3,29,9,11,16,3,16,11,4,12,0,3,8,4,16,6,23,14,5,12,32,11,8,18,2,5,2,8,7,1,3,11,7
40,97,14,2915,36,13,191,1426,362,2123,681,429,1141,4325,11201,6835,482,1109,890,981,4228,879,158,19,269,298,134,86,741,3418,12524,678,1614,208,431,492,483,210,171,19,1104,3253,38074,150,1445,21,280,81,225,11895,4,10,12,6,3,12,6,6,3,18,47,5,12,8,14,8,137,4,74,33,11,20,6,40,14,3,10,3,6,18,1,27,11,53,23,4,38,87,13,10,30,2,12,1,4,9,8,12,18,5
6,19,7,232,11,74,221,127,493,470,217,363,97,159,98,114,33,41,114,494,163,1120,2084,641,3084,8658,8122,1484,77,247,22,4802,1707,6410,276,418,267,5242,814,11578,141,293,150,30275,358,1515,4835,341,44,112,1,3,3,1,5,7,3,4,2,34,27,3,14,9,13,5,11,4,17,62,16,171,7,144,10,436,305,63,5,1,246,202,9,4,180,658,20,14,3,223,12,403,566,110,300,9,1,2,11,15
4,18,2,137,3,3,29,1123,156,334,112,613,1369,1081,703,173,238,485,63,3737,297,642,672,28,1010,2594,1260,138,194,950,597,6009,13370,706,25,40,32,1558,24,44,256,467,1445,358,8975,84,916,15,54,622,3,0,11,1,1,7,5,11,6,52,21,12,89,17,21,18,16,10,21,245,20,214,20,570,15,30,103,4,10,13,15,342,24,7,327,59,17,20,7,258,7,6,123,10,32,1,3,4,20,9
2,7,7,24,1,6,8,85,54,253,217,184,34,50,22,15,16,7,41,55,49,9226,4168,26,130,457,321,16873,511,114,5,516,206,3763,13,21,32,83,67,1043,176,117,21,1515,84,12408,8390,48,6,31,0,0,1,0,1,1,0,0,0,3,1,1,2,0,0,0,2,1,2,2,2,13,1,8,0,36,11,18,0,0,17,12,2,0,6,167,2,1,0,10,3,96,58,29,46,0,0,0,1,1
3,12,6,57,7,20,30,139,144,966,302,608,159,357,126,34,99,68,50,161,419,1348,5902,128,571,2989,1759,4725,192,690,32,16063,5390,12583,60,82,97,710,209,1226,339,670,280,4835,916,8390,28864,128,38,322,0,0,1,0,2,2,2,4,2,12,10,0,9,1,2,3,5,1,8,12,13,95,3,54,3,203,137,61,3,2,102,76,3,2,75,594,4,4,1,106,6,436,293,114,207,3,0,2,6,4
39,206,262,1249,318,3566,6403,11,70,342,87,18,6,148,77,254,7,0,20,16,43,166,78,433,75,139,529,313,92,142,33,85,44,224,3488,141,1564,10,5551,869,111,120,81,341,15,48,128,10333,391,26,30,97,35,70,146,163,0,0,2,4,5,1,2,0,26,5,95,0,5,3,2,3,1,5,1,4,4,6,12,2,2,4,6,9,5,17,9,85,5,6,12,33,8,1,5,184,12,4,10,4
2483,699,325,1549,4214,2932,351,40,22,97,10,9,12,12643,821,150,4,9,27,62,10,82,12,25,30,53,54,41,11170,1488,21,33,24,65,132,18,75,21,125,73,166,75,225,44,54,6,38,391,11986,13,5,21,9,50,25,43,0,2,2,2,13,4,1,1,12,14,85,0,13,8,3,10,1,2,6,1,0,0,9,11,0,1,2,24,2,2,3,71,6,0,14,4,0,0,1,29,11,5,3,2
11,55,6,179,6,4,48,98,29,5085,74,178,398,2157,2421,40,98,53,24,144,1856,459,111,3,195,88,83,35,254,2442,100,717,1206,98,22,27,93,77,45,7,1196,9789,11895,112,622,31,322,26,13,18833,0,0,3,0,0,0,0,0,3,2,6,1,2,1,3,1,16,1,11,12,7,3,2,13,2,2,4,0,0,3,2,8,0,5,9,4,1,8,1,6,4,2,4,1,2,0,0,2,1,0
10,48,677,98,9,15,105,1,3,0,0,0,1,15,14,8,0,0,2,1,1,6,2,1,7,0,1,0,2,7,0,0,2,2,13,2,3,1,4,0,2,3,4,1,3,0,0,30,5,0,24152,17255,3098,10548,8863,3075,9,22,10,16,77,8,8,8,8876,243,378,8,30,32,13,94,4,12,6,6,7,20,694,15,3,30,221,62,57,30,27,138,48,22,26,7,17,11,8,233,6530,60,70,20
41,152,216,342,48,52,410,2,7,3,1,3,1,72,25,10,0,2,3,2,0,14,0,1,6,1,5,1,7,17,3,0,5,0,50,5,7,1,8,0,9,2,10,3,0,0,0,97,21,0,17255,80568,17860,9671,3952,5949,8,23,13,22,301,15,6,6,16292,257,524,8,42,34,24,578,14,41,15,11,14,63,1411,15,10,50,837,63,57,58,50,319,57,29,39,17,28,63,14,634,2384,414,313,30
11,50,36,128,12,13,119,8,15,9,3,5,8,39,14,19,2,2,4,13,4,8,3,5,21,1,5,1,7,17,4,1,16,0,28,23,5,6,15,0,9,5,12,3,11,1,1,35,9,3,3098,17860,30002,684,340,8013,88,176,97,149,316,30,43,66,15122,4109,5762,114,203,214,73,347,42,160,58,46,31,75,869,265,23,211,738,465,316,147,125,336,240,153,63,22,106,38,42,266,1846,226,273,66
114,94,1930,203,304,1135,235,2,3,2,1,0,0,27,13,9,0,0,2,1,0,10,1,1,4,0,0,0,11,9,2,0,0,0,10,1,2,0,4,1,4,1,6,1,1,0,0,70,50,0,10548,9671,684,26911,18285,21259,2,5,6,7,53,3,2,3,409,33,135,2,17,13,9,77,7,16,6,0,8,10,138,2,1,8,78,10,8,10,12,199,10,3,13,5,16,2,4,674,482,37,43,10
29,168,420,374,50,166,527,1,5,6,1,3,1,54,26,18,0,4,4,2,2,18,0,3,6,3,2,2,5,12,2,1,3,2,44,7,4,0,4,6,9,4,3,5,1,1,2,146,25,0,8863,3952,340,18285,28706,12760,1,6,2,31,121,15,3,2,561,43,368,3,54,12,26,96,37,87,16,15,162,44,103,20,13,29,90,47,16,41,197,1398,17,22,304,204,89,12,24,4524,3809,40,60,18
37,217,184,520,49,79,570,4,7,11,7,3,4,101,51,53,1,5,11,14,4,27,1,5,25,1,6,0,19,39,7,1,9,0,59,26,15,2,21,1,20,12,12,7,7,1,2,163,43,0,3075,5949,8013,21259,12760,20116,24,42,33,186,268,34,26,18,2071,213,2937,36,286,99,75,239,129,213,35,25,70,28,281,77,17,113,298,146,84,70,206,2679,66,85,190,38,118,17,21,1785,535,146,189,39
0,0,0,5,0,0,3,137,605,1,4,18,112,4,3,4,12,5,7,104,3,10,1,15,46,1,14,0,0,2,2,4,36,0,4,9,168,3,1,0,2,0,6,3,5,0,2,0,0,0,9,8,88,2,1,24,4020,7497,327,856,53,61,384,5402,157,110,347,912,149,1426,102,212,21,181,109,12,57,8,25,440,17,3106,17,131,188,29,536,6,26,69,5,7,29,7,24,4,23,5,12,8
0,1,0,5,0,0,7,94,421,4,3,41,35,8,3,15,26,18,38,58,22,6,3,24,49,3,15,1,1,1,4,2,26,1,10,23,163,4,7,1,2,0,6,4,11,0,4,0,2,0,22,23,176,5,6,42,7497,24028,3508,3594,304,883,1124,4423,191,130,995,9993,874,2565,833,1378,71,285,239,39,52,16,37,928,39,1962,37,213,720,87,1200,31,53,189,10,10,84,47,90,10,24,8,37,26
0,1,0,4,2,0,9,37,62,8,5,20,7,3,2,15,7,20,43,11,20,14,1,9,8,1,4,0,3,7,3,3,6,1,15,40,36,1,8,1,3,1,3,2,6,0,2,2,2,3,10,13,97,6,2,33,327,3508,4200,1869,561,664,174,314,86,65,770,1926,1785,270,648,363,29,80,147,7,12,4,18,1443,24,297,28,110,152,24,343,29,25,31,5,9,19,14,38,8,19,11,24,17
4,6,2,20,1,3,17,599,2831,20,35,130,405,16,19,46,66,61,97,339,48,53,15,69,224,12,71,1,2,16,28,4,134,3,25,64,1045,7,19,4,7,5,18,34,52,3,12,4,2,2,16,22,149,7,31,186,856,3594,1869,46525,343,694,1415,1566,81,49,664,1546,5892,3422,1239,983,11189,5932,110,23,796,27,24,132,42,1360,42,37,227,100,7892,613,49,137,258,100,175,42,78,65,17,14,42,46
4,28,6,55,4,2,64,12,33,37,28,9,3,80,18,122,6,11,30,26,24,53,5,10,27,24,43,5,16,57,45,17,24,3,118,86,29,27,61,4,35,11,47,27,21,1,10,5,13,6,77,301,316,53,121,268,53,304,561,343,36509,4805,1171,75,479,452,1708,322,1363,169,7944,4564,93,287,706,71,358,250,1504,307,167,454,911,208,331,401,1042,488,769,204,373,63,652,510,639,363,121,13142,12217,5214
1,1,0,8,0,1,7,17,35,4,3,14,6,4,1,8,3,6,26,21,16,8,1,1,13,3,6,1,1,4,4,5,12,2,14,21,9,1,9,1,3,4,5,3,12,1,0,1,4,1,8,15,30,3,15,34,61,883,664,694,4805,7988,5006,80,26,34,292,391,573,114,4481,8414,59,94,109,11,74,30,67,96,18,229,53,20,61,54,354,62,36,29,29,19,111,255,162,17,9,78,234,110
0,0,0,8,0,0,4,105,352,3,14,62,161,9,5,15,8,7,16,254,5,37,18,10,243,10,71,2,2,4,4,14,145,2,5,23,69,17,3,4,1,4,12,14,89,2,9,2,1,2,8,6,43,2,3,26,384,1124,174,1415,1171,5006,17850,5650,92,104,143,3471,252,1242,8543,6434,97,1839,316,38,866,60,47,271,111,7552,85,77,373,158,585,43,100,150,18,23,235,271,502,7,9,33,136,169
0,2,0,11,0,0,4,127,472,2,6,18,111,5,5,9,9,10,11,127,4,9,4,8,63,4,25,0,3,3,8,2,44,0,7,5,164,2,2,0,0,1,8,9,17,0,1,0,1,1,8,6,66,3,2,18,5402,4423,314,1566,75,80,5650,21875,232,210,361,4345,151,815,906,301,57,466,322,9,231,9,47,691,43,6113,77,232,206,52,730,11,81,29,4,10,43,15,93,4,34,13,29,61
12,53,38,132,10,9,124,15,33,13,1,7,15,38,15,31,1,7,12,32,5,13,8,5,52,5,17,0,7,7,7,3,30,1,34,17,7,11,24,1,15,5,14,13,21,0,2,26,12,3,8876,16292,15122,409,561,2071,157,191,86,81,479,26,92,232,68213,17430,2797,226,190,323,161,598,31,237,580,90,65,163,6785,335,173,876,14195,1772,1055,420,230,236,2540,210,63,39,149,100,138,222,13863,497,921,633
6,9,8,34,2,2,40,5,17,17,8,6,7,22,8,38,2,2,11,29,6,21,5,1,45,3,16,1,6,17,15,2,19,3,32,23,7,13,15,1,14,7,8,5,18,0,3,5,14,1,243,257,4109,33,43,213,110,130,65,49,452,34,104,210,17430,31804,2476,336,138,246,481,558,14,205,1539,81,74,139,2388,710,188,947,7487,5095,818,327,258,78,9623,123,70,25,118,116,200,69,946,434,2706,6033
41,173,70,480,41,43,468,19,75,150,97,13,16,300,118,418,5,8,31,35,32,171,7,21,52,8,12,5,71,224,134,3,14,4,473,199,57,3,195,3,108,69,137,11,16,2,5,95,85,16,378,524,5762,135,368,2937,347,995,770,664,1708,292,143,361,2797,2476,28637,1271,2386,680,532,577,152,392,1411,58,81,52,525,5240,53,634,649,4039,599,182,1090,4170,789,168,801,41,115,39,76,1230,557,222,526,242
0,2,1,3,0,0,3,31,109,6,13,16,18,8,2,11,7,16,37,39,13,9,1,11,39,4,16,0,1,7,7,5,14,1,9,29,53,6,8,1,2,3,4,4,10,1,1,0,0,1,8,8,114,2,3,36,912,9993,1926,1546,322,391,3471,4345,226,336,1271,14901,832,299,6834,593,92,190,1456,28,61,15,65,5530,98,2503,124,496,521,117,735,67,199,46,41,12,50,38,179,12,31,20,108,161
4,10,3,45,2,5,51,66,98,82,47,42,17,47,12,202,16,37,139,72,81,77,7,27,79,5,18,4,28,80,87,5,29,5,149,247,64,14,134,2,47,29,74,17,21,2,8,5,13,11,30,42,203,17,54,286,149,874,1785,5892,1363,573,252,151,190,138,2386,832,9561,779,1528,540,4441,1455,685,25,325,42,125,852,41,373,200,193,155,126,2297,5348,181,105,1585,157,242,39,92,171,34,92,233,183
1,6,0,25,0,2,12,287,815,6,19,148,431,36,18,32,9,14,14,688,21,71,50,17,705,18,125,5,8,14,11,23,450,11,8,33,73,57,6,5,6,9,33,62,245,2,12,3,8,12,32,34,214,13,12,99,1426,2565,270,3422,169,114,1242,815,323,246,680,299,779,27109,218,1035,101,4167,198,246,806,74,104,364,182,7686,161,172,3638,644,361,120,81,4400,47,71,1120,68,255,29,48,19,86,83
1,1,2,18,0,0,16,39,113,28,19,31,14,10,5,39,16,26,97,44,38,23,10,13,59,18,21,1,6,16,8,17,35,6,26,65,44,13,23,1,9,11,11,16,20,2,13,2,3,7,13,24,73,9,26,75,102,833,648,1239,7944,4481,8543,906,161,481,532,6834,1528,218,25636,2696,211,378,6766,58,243,139,308,1266,234,1677,704,268,392,314,1539,228,1239,117,127,51,319,361,730,43,32,286,1620,3845
1,8,3,36,3,3,30,39,81,19,17,60,50,31,14,31,4,8,22,171,22,74,88,14,423,153,212,14,8,32,21,132,193,32,55,36,17,196,30,35,12,16,20,171,214,13,95,3,10,3,94,578,347,77,96,239,212,1378,363,983,4564,8414,6434,301,598,558,577,593,540,1035,2696,35053,148,2157,490,422,2034,2734,4029,232,449,5213,1364,183,1280,1319,422,189,346,1112,202,367,3304,10257,4891,137,70,4349,1526,591
0,2,2,16,0,0,11,34,97,10,13,22,18,9,1,28,10,16,32,27,14,9,5,10,65,11,17,2,2,8,6,4,19,4,23,49,71,6,13,8,6,3,6,7,20,1,3,1,1,2,4,14,42,7,37,129,21,71,29,11189,93,59,97,57,31,14,152,92,4441,101,211,148,8263,2699,46,24,682,47,13,10,28,163,26,8,50,114,4911,2859,10,45,2693,420,318,28,50,154,12,11,24,19
2,7,2,26,2,1,24,246,764,18,24,241,527,49,33,30,15,13,30,1025,15,151,94,13,1425,74,395,13,8,30,21,62,773,34,15,31,66,192,9,28,12,16,40,144,570,8,54,5,2,13,12,41,160,16,87,213,181,285,80,5932,287,94,1839,466,237,205,392,190,1455,4167,378,2157,2699,18242,175,206,9510,255,122,102,284,5261,258,68,981,849,853,725,115,1447,886,2552,3106,191,565,186,50,59,186,169
1,4,0,17,2,1,16,10,20,24,24,5,7,18,5,63,4,2,19,37,20,45,6,4,39,5,18,1,14,34,30,5,15,1,58,67,15,11,38,1,18,11,14,10,15,0,3,1,6,2,6,15,58,6,16,35,109,239,147,110,706,109,316,322,580,1539,1411,1456,685,198,6766,490,46,175,5417,56,76,77,420,3543,177,948,1183,2001,580,239,900,233,3532,124,179,24,114,86,319,61,77,154,1141,4237
0,0,0,2,0,0,2,3,5,8,10,8,3,4,1,2,1,1,1,13,1,51,93,8,54,393,142,37,1,5,1,277,36,91,3,2,4,83,15,73,6,4,3,436,30,36,203,4,1,2,6,11,46,0,15,25,12,39,7,23,71,11,38,9,90,81,58,28,25,246,58,422,24,206,56,3918,752,150,47,54,4088,607,95,26,2263,6933,32,28,27,3207,36,145,2621,181,648,28,21,20,51,48
1,1,1,7,0,0,7,14,95,12,9,43,48,13,7,3,1,4,4,102,7,49,97,8,256,261,184,64,2,8,4,231,143,80,7,4,9,135,13,125,7,12,10,305,103,11,137,4,0,4,7,14,31,8,162,70,57,52,12,796,358,74,866,231,65,74,81,61,325,806,243,2034,682,9510,76,752,15402,1190,89,45,791,3065,154,30,1022,1589,784,347,54,1094,1195,11202,6935,358,1301,389,33,63,179,138
0,0,0,3,0,1,3,0,2,1,1,1,0,3,0,0,0,0,0,4,1,8,10,2,10,28,32,118,0,0,2,29,8,145,4,2,4,11,4,236,1,0,3,63,4,18,61,6,0,0,20,63,75,10,44,28,8,16,4,27,250,30,60,9,163,139,52,15,42,74,139,2734,47,255,77,150,1190,45890,2980,18,102,171,972,23,183,13243,209,59,72,157,227,14527,1099,16925,948,110,46,1126,404,140
3,23,9,56,3,4,43,2,13,7,4,2,2,25,8,25,1,1,7,14,5,9,4,4,14,2,10,0,4,11,7,3,9,2,26,13,2,2,8,0,8,3,6,5,10,0,3,12,9,0,694,1411,869,138,103,281,25,37,18,24,1504,67,47,47,6785,2388,525,65,125,104,308,4029,13,122,420,47,89,2980,154327,87,93,309,31115,422,323,297,193,73,917,71,71,50,137,1301,134,92,18450,25181,3119,978
3,6,3,27,2,0,31,9,16,20,13,5,9,40,11,71,3,3,9,24,16,27,2,6,30,5,8,1,12,39,29,1,17,2,68,35,6,9,41,1,16,8,18,1,13,0,2,2,11,3,15,15,265,2,20,77,440,928,1443,132,307,96,271,691,335,710,5240,5530,852,364,1266,232,10,102,3543,54,45,18,87,8690,91,1123,140,2040,687,127,393,117,547,100,85,8,56,37,99,56,51,26,142,250
0,0,0,0,0,1,3,3,10,7,5,6,4,4,1,4,2,1,1,8,1,30,63,9,48,216,93,13,1,5,2,165,32,64,2,3,4,65,4,35,5,4,1,246,15,17,102,2,0,2,3,10,23,1,13,17,17,39,24,42,167,18,111,43,173,188,53,98,41,182,234,449,28,284,177,4088,791,102,93,91,10727,4549,204,54,3805,5483,37,25,72,742,39,158,2019,924,6624,34,32,29,162,172
0,3,0,36,1,0,16,284,804,11,34,152,504,22,34,31,18,13,21,807,11,155,121,24,871,133,370,11,3,23,13,96,571,20,11,31,81,246,13,9,10,16,27,202,342,12,76,4,1,8,30,50,211,8,29,113,3106,1962,297,1360,454,229,7552,6113,876,947,634,2503,373,7686,1677,5213,163,5261,948,607,3065,171,309,1123,4549,42170,606,500,15823,1833,606,107,369,1458,86,105,1633,571,9011,47,133,91,395,448
0,19,5,42,6,1,33,4,14,6,5,9,5,27,8,33,1,1,13,27,4,25,7,2,55,6,13,2,6,12,15,7,17,2,35,24,6,15,19,0,9,6,11,9,24,2,3,6,2,0,221,837,738,78,90,298,17,37,28,42,911,53,85,77,14195,7487,649,124,200,161,704,1364,26,258,1183,95,154,972,31115,140,204,606,43172,731,634,487,387,154,2199,143,108,42,198,497,266,142,2669,6919,15128,3835
6,28,12,78,1,4,90,6,24,60,22,3,5,85,30,117,0,2,7,10,9,56,2,4,27,2,4,2,27,76,55,3,12,2,161,56,20,5,72,0,46,23,53,4,7,0,2,9,24,5,62,63,465,10,47,146,131,213,110,37,208,20,77,232,1772,5095,4039,496,193,172,268,183,8,68,2001,26,30,23,422,2040,54,500,731,5960,406,83,561,177,3991,53,189,10,34,17,54,207,266,87,235,539
0,4,0,17,0,2,4,39,105,11,12,73,107,22,18,14,4,10,8,308,12,65,124,19,622,138,257,3,3,14,12,135,336,27,5,16,18,288,6,18,3,14,23,180,327,6,75,5,2,9,57,57,316,8,16,84,188,720,152,227,331,61,373,206,1055,818,599,521,155,3638,392,1280,50,981,580,2263,1022,183,323,687,3805,15823,634,406,11282,3416,91,45,223,4403,45,84,975,204,1311,22,181,128,340,289
0,3,0,6,0,1,5,10,16,6,6,15,7,4,4,6,2,2,5,12,2,66,69,18,78,254,205,244,5,6,0,289,43,995,4,7,11,128,20,1118,1,5,4,658,59,167,594,17,2,4,30,58,147,10,41,70,29,87,24,100,401,54,158,52,420,327,182,117,126,644,314,1319,114,849,239,6933,1589,13243,297,127,5483,1833,487,83,3416,34978,129,115,134,3612,243,5471,8849,8007,5628,110,75,155,322,242
2,6,3,28,1,8,42,105,418,49,29,57,68,28,8,72,29,26,67,72,58,53,2,27,43,3,15,9,10,45,33,4,23,10,88,128,467,5,83,16,20,12,38,20,17,2,4,9,3,1,27,50,125,12,197,206,536,1200,343,7892,1042,354,585,730,230,258,1090,735,2297,361,1539,422,4911,853,900,32,784,209,193,393,37,606,387,561,91,129,4765,3480,428,39,6158,859,146,61,81,1046,86,154,412,390
38,145,61,370,25,30,371,28,59,108,72,23,1,193,60,302,10,10,72,28,33,127,4,17,40,7,11,1,71,121,74,9,12,8,332,239,59,6,127,3,89,32,87,14,20,1,4,85,71,8,138,319,336,199,1398,2679,6,31,29,613,488,62,43,11,236,78,4170,67,5348,120,228,189,2859,725,233,28,347,59,73,117,25,107,154,177,45,115,3480,12168,104,32,11754,283,259,23,49,4450,197,59,164,97
1,1,6,12,1,2,21,3,12,24,12,7,5,23,5,32,3,3,9,13,4,29,3,0,21,4,10,1,6,22,9,3,11,0,39,37,12,4,20,1,9,11,13,3,7,0,1,5,6,1,48,57,240,10,17,66,26,53,25,49,769,36,100,81,2540,9623,789,199,181,81,1239,346,10,115,3532,27,54,72,917,547,72,369,2199,3991,223,134,428,104,15131,53,103,5,56,75,149,87,303,233,2196,6724
1,0,1,10,0,0,9,14,27,14,13,39,23,13,10,4,3,2,3,108,8,54,123,17,528,215,207,6,9,15,2,185,249,37,4,15,7,270,9,25,7,8,10,223,258,10,106,6,0,6,22,29,153,3,22,85,69,189,31,137,204,29,150,29,210,123,168,46,105,4400,117,1112,45,1447,124,3207,1094,157,71,100,742,1458,143,53,4403,3612,39,32,53,17821,34,158,7349,169,568,23,30,29,107,87
5,17,4,57,7,1,47,7,15,33,23,8,3,50,11,82,1,2,23,6,7,46,3,2,14,8,7,9,12,48,30,2,5,12,102,73,29,3,53,16,35,18,30,12,7,3,6,12,14,4,26,39,63,13,304,190,5,10,5,258,373,29,18,4,63,70,801,41,1585,47,127,202,2693,886,179,36,1195,227,71,85,39,86,108,189,45,243,6158,11754,103,34,23044,1411,451,34,94,4946,64,42,132,80
0,2,0,4,1,6,3,4,7,4,3,1,2,2,2,3,0,1,1,6,1,57,20,11,28,124,192,806,1,5,1,133,10,930,6,4,28,17,47,2027,2,2,2,403,6,96,436,33,4,2,7,17,22,5,204,38,7,10,9,100,63,19,23,10,39,25,41,12,157,71,51,367,420,2552,24,145,11202,14527,50,8,158,105,42,10,84,5471,859,283,5,158,1411,45075,6921,1401,749,568,74,36,36,13
0,1,0,10,0,3,12,10,18,20,7,38,13,13,6,4,4,0,6,57,7,64,115,15,237,473,224,58,9,8,4,388,125,244,6,16,8,166,19,171,3,5,12,566,123,58,293,8,0,4,17,28,106,16,89,118,29,84,19,175,652,111,235,43,149,118,115,50,242,1120,319,3304,318,3106,114,2621,6935,1099,137,56,2019,1633,198,34,975,8849,146,259,56,7349,451,6921,18363,1249,1965,163,53,88,339,147
0,1,1,1,1,0,2,3,5,5,0,4,0,1,1,1,0,0,2,3,1,15,13,4,16,43,27,49,1,1,2,39,10,194,1,3,1,16,8,205,1,2,1,110,10,29,114,1,0,1,11,63,38,2,12,17,7,47,14,42,510,255,271,15,100,116,39,38,39,68,361,10257,28,191,86,181,358,16925,1301,37,924,571,497,17,204,8007,61,23,75,169,34,1401,1249,21346,7975,36,15,711,361,144
0,0,0,6,0,2,3,6,14,12,5,9,6,4,3,3,5,4,6,20,4,33,76,6,93,242,146,40,0,4,0,160,54,210,8,12,6,87,6,175,4,8,4,300,32,46,207,5,1,2,8,14,42,4,24,21,24,90,38,78,639,162,502,93,138,200,76,179,92,255,730,4891,50,565,319,648,1301,948,134,99,6624,9011,266,54,1311,5628,81,49,149,568,94,749,1965,7975,14045,42,20,82,329,305
31,225,163,486,41,87,740,1,8,9,3,0,0,75,39,41,0,1,8,2,2,18,2,8,7,5,8,10,10,14,6,0,1,5,72,12,19,2,17,8,10,7,9,9,1,0,3,184,29,0,233,634,266,674,4524,1785,4,10,8,65,363,17,7,4,222,69,1230,12,171,29,43,137,154,186,61,28,389,110,92,56,34,47,142,207,22,110,1046,4450,87,23,4946,568,163,36,42,8772,616,86,144,66
7,29,40,60,5,6,57,0,5,1,4,1,3,13,8,14,0,0,0,7,1,10,0,1,17,0,2,1,3,8,6,0,4,1,18,3,1,1,6,1,5,1,8,1,3,0,0,12,11,0,6530,2384,1846,482,3809,535,23,24,19,17,121,9,9,34,13863,946,557,31,34,48,32,70,12,50,77,21,33,46,18450,51,32,133,2669,266,181,75,86,197,303,30,64,74,53,15,20,616,39945,291,190,61
0,4,3,17,2,0,15,0,6,3,1,0,0,13,3,22,0,0,2,3,1,9,0,1,5,2,8,0,4,8,7,4,2,0,18,10,1,1,3,1,5,3,12,2,4,0,2,4,5,2,60,414,226,37,40,146,5,8,11,14,13142,78,33,13,497,434,222,20,92,19,286,4349,11,59,154,20,63,1126,25181,26,29,91,6919,87,128,155,154,59,233,29,42,36,88,711,82,86,291,34678,5716,583
2,9,3,24,1,2,31,2,9,10,11,4,2,24,10,44,2,1,11,4,5,12,5,1,39,14,12,2,10,17,9,11,18,4,47,37,9,13,26,1,11,11,18,11,20,1,6,10,3,1,70,313,273,43,60,189,12,37,24,42,12217,234,136,29,921,2706,526,108,233,86,1620,1526,24,186,1141,51,179,404,3119,142,162,395,15128,235,340,322,412,164,2196,107,132,36,339,361,329,144,190,5716,17306,10861
1,2,0,8,0,0,10,3,11,15,6,1,2,14,1,18,0,3,10,18,4,22,7,1,24,11,11,1,4,8,10,6,5,1,20,28,11,10,11,2,7,7,5,15,9,1,4,4,2,0,20,30,66,10,18,39,8,26,17,46,5214,110,169,61,633,6033,242,161,183,83,3845,591,19,169,4237,48,138,140,978,250,172,448,3835,539,289,242,390,97,6724,87,80,13,147,144,305,66,61,583,10861,11296
