10674,7965,8227,2553,8299,2329,885,17,4,143,19,0,0,9311,581,532,0,3,16,18,5,1545,5,1,11,13,3,46,881,766,61,7,9,24,95,21,15,13,47,10,467,45,149,20,8,6,19,43,3835,19,13,12,6,30,28,24,0,0,1,0,9,0,0,0,10,1,32,0,3,0,0,0,5,3,0,0,0,0,3,3,0,0,5,5,1,0,5,59,2,1,22,0,0,0,1,39,11,2,4,4
7965,36074,13646,19464,794,1238,1328,5,8,608,33,2,2,8247,2236,598,3,2,10,13,11,2055,2,2,10,2,4,15,477,815,47,3,3,7,121,21,32,5,89,3,602,142,100,9,2,6,5,86,670,54,36,50,22,97,98,102,0,1,3,3,3,3,0,1,30,3,64,0,9,1,1,1,6,0,0,0,3,0,7,20,0,1,7,10,1,0,7,129,1,3,56,0,2,0,1,177,15,3,8,0
8227,13646,36804,14047,7193,11379,8462,5,5,253,21,1,1,1631,211,235,1,1,10,9,9,2111,0,2,11,3,2,35,705,759,31,7,4,9,102,17,29,6,74,6,560,56,22,10,8,9,5,110,998,17,56,56,17,1166,111,110,0,1,0,2,11,0,0,0,21,3,50,0,6,1,4,3,6,4,3,0,1,1,10,11,0,0,13,4,0,0,9,108,0,0,55,0,3,0,0,181,17,2,2,1
2553,19464,14047,38805,940,7055,11153,101,31,1683,228,14,9,10756,9316,7355,19,46,123,215,39,962,25,9,128,99,11,34,360,899,600,45,33,67,225,79,67,103,110,7,486,318,947,133,55,11,45,238,1068,162,62,95,36,386,220,191,1,2,6,10,18,3,0,1,38,7,99,4,22,8,3,4,19,13,5,4,8,1,7,21,3,5,16,6,8,0,22,209,4,13,102,2,18,0,2,416,29,3,7,4
8299,794,7193,940,11416,17770,1292,6,3,83,14,0,2,2125,297,309,1,2,10,20,4,699,1,5,10,2,6,25,702,346,41,2,2,6,52,13,7,6,52,2,268,23,94,8,7,6,9,116,3636,11,10,8,3,16,21,19,0,0,1,0,3,0,0,0,10,1,9,1,4,0,0,1,4,4,0,0,0,0,2,3,0,0,5,3,2,1,6,35,0,1,18,0,1,0,0,26,2,0,0,0
2329,1238,11379,7055,17770,31750,17820,4,11,75,33,0,0,1532,1663,561,1,2,8,13,6,283,0,11,16,9,12,8,189,107,43,3,1,13,603,27,30,10,82,11,95,7,101,20,2,0,2,2358,2982,5,76,47,7,2348,527,355,0,0,0,0,1,0,0,0,8,0,22,1,3,0,0,0,4,1,0,0,2,1,4,5,0,0,1,0,1,0,6,44,0,0,32,0,5,0,0,165,26,0,2,1
885,1328,8462,11153,1292,17820,13535,14,42,460,173,10,1,1337,410,2746,5,9,47,54,20,276,11,137,108,24,44,24,106,180,126,12,12,17,1999,254,166,32,1961,13,103,70,79,83,10,5,11,2669,513,34,59,124,31,736,405,273,0,1,5,1,15,3,0,2,27,4,85,5,22,1,4,8,18,11,2,1,3,1,7,16,1,0,14,6,2,0,27,206,2,2,70,2,11,0,1,591,25,0,3,7
17,5,5,101,6,4,14,41384,7580,145,2862,1374,7998,365,818,304,3997,12011,1203,6456,510,2164,311,78,614,77,77,63,58,232,762,112,1158,67,15,48,1140,332,12,5,39,51,737,158,1064,121,150,2,90,101,8,2,12,0,0,2,336,708,57,2036,43,70,270,497,35,19,28,90,63,1030,122,55,306,443,6,8,70,0,3,25,12,356,8,11,86,4,236,5,5,79,5,0,49,0,21,0,14,1,6,5
4,8,5,31,3,11,42,7580,52107,184,1037,2008,2640,46,73,774,1691,518,5056,2694,407,930,260,6706,8638,34,3370,71,8,38,171,66,615,40,69,860,13908,60,303,78,19,12,68,681,47,61,103,90,24,11,13,5,27,2,4,9,734,1982,93,6523,65,120,553,1090,65,64,34,198,106,2152,174,136,718,1275,9,20,408,1,7,43,34,748,23,26,205,12,1109,23,20,167,3,5,153,2,29,5,28,1,13,6
143,608,253,1683,83,75,460,145,184,51384,5796,2014,256,594,864,1903,382,116,339,142,3363,5343,493,56,132,107,102,243,408,561,816,1219,766,277,191,252,791,58,289,22,12136,6425,1531,750,135,774,2238,361,152,5605,18,24,18,18,39,46,3,17,50,75,78,17,7,4,23,8,153,68,224,15,59,23,105,18,42,18,25,4,9,129,14,26,23,18,15,4,176,143,13,34,90,5,65,1,13,92,20,3,16,18
19,33,21,228,14,33,173,2862,1037,5796,8422,11006,2596,103,114,1636,1384,502,1316,368,1725,5649,2049,82,166,64,64,259,28,63,542,101,544,91,116,365,637,29,616,23,104,78,476,380,44,806,480,412,52,19,14,16,12,20,49,43,7,44,37,171,37,17,13,14,23,10,90,35,106,19,44,18,62,23,25,4,13,2,13,61,6,16,31,10,7,8,68,146,14,13,67,6,22,0,5,97,15,3,16,19
0,2,1,14,0,0,10,1374,2008,2014,11006,17644,11333,22,31,177,7528,253,502,1586,4627,1604,5356,180,2003,28,399,45,10,69,87,130,8093,39,12,182,968,67,37,2,16,93,69,287,108,383,987,4,5,21,1,0,0,0,1,2,45,76,29,359,19,15,52,43,3,7,13,26,38,358,34,46,80,357,8,6,103,0,4,20,10,142,4,9,81,2,64,10,4,82,2,1,60,1,12,2,2,0,5,1
0,2,1,9,2,0,1,7998,2640,256,2596,11333,28587,129,138,52,8789,1294,110,1101,886,559,442,19,399,23,145,17,40,412,338,197,7543,24,1,17,603,28,7,2,30,258,443,76,316,74,294,2,12,231,3,3,9,0,2,1,130,216,9,714,5,12,115,197,19,18,6,17,29,612,13,46,101,355,3,4,50,0,1,8,6,180,1,5,45,3,144,2,1,37,0,1,32,0,4,0,2,0,0,1
9311,8247,1631,10756,2125,1532,1337,365,46,594,103,22,129,61955,17172,4044,30,202,135,479,54,1054,35,23,158,196,37,114,3022,19918,590,347,203,179,298,224,303,217,512,28,664,284,2198,182,424,31,189,146,16896,823,57,44,24,66,93,101,1,6,3,20,70,5,5,3,90,18,401,3,146,11,22,26,41,38,14,4,8,1,51,127,4,17,68,57,20,1,139,551,17,14,227,3,32,0,5,141,72,11,38,18
581,2236,211,9316,297,1663,410,818,73,864,114,31,138,17172,20147,2849,73,467,280,664,80,698,27,5,128,168,22,51,773,3259,1041,171,167,115,48,71,87,266,79,11,417,1078,11737,140,453,20,88,73,1314,4256,7,3,3,7,7,13,4,5,3,27,11,2,5,7,14,3,86,6,41,22,6,14,15,50,7,3,8,2,8,34,5,24,11,11,17,0,46,97,9,16,29,0,28,1,5,19,8,0,4,5
532,598,235,7355,309,561,2746,304,774,1903,1636,177,52,4044,2849,23638,243,470,4343,940,398,543,63,567,954,220,118,42,231,914,14859,122,96,104,2317,3582,781,266,844,13,190,213,4292,581,64,16,101,1572,698,141,42,62,35,76,154,158,8,7,49,56,84,13,13,5,80,21,443,56,417,19,64,27,111,41,74,10,25,1,34,203,15,34,74,64,17,6,214,558,63,33,192,5,39,2,9,306,57,8,49,52
0,3,1,19,1,1,5,3997,1691,382,1384,7528,8789,30,73,243,8694,4503,805,196,6118,218,699,91,78,24,33,15,12,114,1434,275,1833,36,13,101,628,26,23,3,23,135,403,88,86,107,1055,7,4,114,0,0,3,0,0,0,17,82,35,332,25,19,12,17,3,1,15,29,63,21,42,5,67,20,10,2,7,0,0,13,5,25,1,1,9,1,45,11,0,11,6,1,25,4,4,1,0,0,2,5
3,2,1,46,2,2,9,12011,518,116,502,253,1294,202,467,470,4503,9475,2671,813,369,225,73,38,75,39,14,13,30,143,4000,171,735,31,7,43,248,137,15,3,19,48,917,61,369,11,329,3,26,81,0,0,4,1,1,1,12,45,45,172,36,16,18,12,1,2,21,60,79,21,81,19,62,23,25,6,6,0,6,44,4,15,3,4,8,0,60,24,7,9,5,0,12,2,11,0,0,1,10,7
16,10,10,123,10,8,47,1203,5056,339,1316,502,110,135,280,4343,805,2671,10804,1610,758,300,61,482,1326,45,127,17,51,198,4412,66,121,28,42,1719,1007,128,91,5,54,59,768,418,40,15,115,9,24,29,2,1,12,1,2,3,12,52,107,239,103,39,22,22,11,8,199,105,416,33,120,28,188,48,78,5,10,5,9,160,9,39,21,18,7,2,201,134,48,15,45,1,23,3,10,4,2,11,38,34
18,13,9,215,20,13,54,6456,2694,142,368,1586,1101,479,664,940,196,813,1610,24386,102,1491,1032,106,2595,599,729,144,71,404,671,814,6325,349,32,224,283,5526,30,16,41,97,614,1967,4909,168,447,19,122,128,4,2,10,1,2,8,121,116,11,491,13,21,336,201,35,30,43,23,45,1408,18,245,152,1781,10,56,364,7,5,44,49,842,19,27,631,13,65,21,15,633,6,9,426,1,76,3,10,0,5,5
5,11,9,39,4,6,20,510,407,3363,1725,4627,886,54,80,398,6118,369,758,102,16633,373,588,83,72,31,29,37,56,729,963,563,1088,62,26,263,701,26,134,4,245,1902,4242,126,98,160,1341,15,8,2190,0,1,2,0,1,4,5,33,34,151,46,24,7,10,4,3,72,65,206,16,59,8,124,21,23,6,14,0,3,86,10,14,9,3,6,3,106,40,13,18,17,3,24,0,11,4,5,2,10,15
1545,2055,2111,962,699,283,276,2164,930,5343,5649,1604,559,1054,698,543,218,225,300,1491,373,20615,3846,57,784,594,469,2896,3611,1309,176,693,485,2129,58,131,205,203,176,529,10810,1534,539,3403,285,7224,1947,84,106,326,8,11,10,11,12,14,11,10,9,59,35,8,18,13,10,5,99,2,76,110,15,28,30,118,16,42,76,12,11,44,57,48,14,12,36,66,36,119,8,70,40,49,186,4,51,26,10,1,9,11
5,2,0,25,1,0,11,311,260,493,2049,5356,442,35,27,63,699,73,61,1032,588,3846,10122,59,1911,289,510,341,26,79,33,721,4747,234,11,40,61,391,34,38,24,69,51,2885,480,4632,4896,13,14,28,0,0,3,0,2,1,4,8,2,35,4,1,11,4,5,6,8,4,8,59,3,53,17,177,2,27,114,4,0,3,28,82,1,1,116,13,9,1,3,197,2,11,218,1,35,2,2,1,1,2
1,2,2,9,5,11,137,78,6706,56,82,180,19,23,5,567,91,38,482,106,83,57,59,3315,1963,43,1614,111,4,18,60,53,45,52,297,3530,3334,33,6455,287,3,10,22,909,9,18,75,553,51,5,3,0,5,5,11,7,9,24,31,130,20,14,9,14,3,2,30,38,106,34,46,18,73,45,15,7,37,2,1,36,13,32,9,5,15,7,113,27,7,45,25,13,54,2,10,22,2,3,9,5
11,10,11,128,10,16,108,614,8638,132,166,2003,399,158,128,954,78,75,1326,2595,72,784,1911,1963,13782,200,9565,124,26,177,222,554,5404,230,157,1052,401,431,794,190,26,71,179,6135,504,182,985,282,60,55,8,6,9,5,20,27,67,84,12,323,15,15,246,69,47,35,43,19,34,1103,25,555,163,3109,12,162,1109,12,21,48,164,1176,32,34,1542,60,37,33,13,1812,14,43,1684,8,230,34,8,0,8,12
13,2,3,99,2,9,24,77,34,107,64,28,23,196,168,220,24,39,45,599,31,594,289,43,200,5231,829,137,27,173,133,2618,386,3388,11,47,16,3971,52,92,21,56,163,7043,1144,320,995,34,62,36,1,2,0,0,3,2,0,7,0,10,9,1,6,0,6,4,4,1,3,11,11,82,16,75,5,393,313,13,1,3,437,113,10,2,82,117,3,3,1,370,5,78,1396,6,293,7,3,0,2,3
3,4,2,11,6,12,44,77,3370,102,64,399,145,37,22,118,33,14,127,729,29,469,510,1614,9565,829,12726,2371,33,88,33,920,1029,670,53,330,1064,437,1469,5677,19,29,46,15955,549,205,1097,575,41,17,3,4,1,9,10,9,5,6,2,30,1,3,11,5,2,7,7,5,6,62,4,79,21,232,2,128,348,42,1,9,137,149,1,4,134,136,13,8,2,378,8,193,865,11,113,27,2,0,0,3
46,15,35,34,25,8,24,63,71,243,259,45,17,114,51,42,15,13,17,144,37,2896,341,111,124,137,2371,69948,1148,305,24,298,176,17367,11,17,631,100,597,16814,172,74,41,1807,218,11607,10742,296,36,35,1,1,2,7,15,6,1,0,0,6,3,1,0,0,3,2,6,1,5,4,6,12,3,15,3,45,63,614,4,0,54,25,1,1,13,212,8,6,1,49,5,886,300,36,46,19,2,0,1,0
881,477,705,360,702,189,106,58,8,408,28,10,40,3022,773,231,12,30,51,71,56,3611,26,4,26,27,33,1148,96103,12499,83,175,87,232,21,38,120,32,64,143,21997,550,356,97,93,637,193,22,7221,131,7,2,6,4,10,6,0,3,3,6,13,0,0,2,4,1,58,0,31,2,3,6,7,8,6,2,1,0,4,27,3,5,8,12,3,4,30,75,3,8,26,3,5,0,1,15,2,2,7,5
766,815,759,899,346,107,180,232,38,561,63,69,412,19918,3259,914,114,143,198,404,729,1309,79,18,177,173,88,305,12499,37515,352,1599,1161,406,76,308,602,137,292,52,3590,5750,2229,414,644,167,1058,59,1637,1848,12,11,15,16,19,23,2,4,17,22,75,11,0,8,24,15,341,19,328,16,23,32,52,45,24,6,22,2,21,169,4,22,51,48,33,1,158,395,42,50,137,2,37,1,10,35,33,14,34,33
61,47,31,600,41,43,126,762,171,816,542,87,338,590,1041,14859,1434,4000,4412,671,963,176,33,60,222,133,33,24,83,352,22947,175,360,79,119,291,496,170,206,8,75,111,9649,176,347,14,197,276,162,88,17,20,11,13,24,38,9,11,42,41,77,7,5,3,30,11,236,46,360,18,43,21,129,40,43,8,13,3,16,143,7,22,32,35,22,4,180,272,32,25,98,2,24,2,8,66,38,3,23,15
7,3,7,45,2,3,12,112,66,1219,101,130,197,347,171,122,275,171,66,814,563,693,721,53,554,2618,920,298,175,1599,175,23958,7001,3546,13,38,45,932,35,97,158,1113,289,3767,4816,588,10540,18,51,469,0,0,3,2,1,1,0,7,2,9,8,5,5,2,11,4,10,5,13,17,10,127,18,141,6,471,505,16,1,9,480,183,11,3,137,190,12,10,5,620,8,111,1764,17,388,4,1,0,0,4
9,3,4,33,2,1,12,1158,615,766,544,8093,7543,203,167,96,1833,735,121,6325,1088,485,4747,45,5404,386,1029,176,87,1161,360,7001,23270,521,8,38,191,1008,22,40,123,883,453,2414,6420,302,6124,8,25,493,0,0,6,1,1,4,39,27,2,133,6,8,117,59,16,15,18,11,23,582,13,130,60,929,2,27,236,3,1,15,50,373,10,10,363,11,33,6,8,468,5,4,357,3,49,5,7,0,4,1
24,7,9,67,6,13,17,67,40,277,91,39,24,179,115,104,36,31,28,349,62,2129,234,52,230,3388,670,17367,232,406,79,3546,521,31914,6,24,46,723,81,7172,66,164,118,5810,826,4481,14161,52,47,70,1,1,2,0,7,2,0,2,0,5,10,5,4,1,1,5,5,5,2,1,23,79,14,65,7,348,356,260,6,3,532,52,7,1,36,1790,8,5,3,167,15,1625,1965,229,453,2,0,2,7,2
95,121,102,225,52,603,1999,15,69,191,116,12,1,298,48,2317,13,7,42,32,26,58,11,297,157,11,53,11,21,76,119,13,8,6,2482,1793,437,18,5238,15,18,18,81,105,3,6,14,2966,202,2,23,41,10,57,112,96,2,3,7,14,15,1,0,0,32,11,81,3,35,8,6,4,24,6,4,0,2,0,11,47,3,8,15,12,4,3,61,170,4,7,66,2,7,1,0,197,25,2,8,4
21,21,17,79,13,27,254,48,860,252,365,182,17,224,71,3582,101,43,1719,224,263,131,40,3530,1052,47,330,17,38,308,291,38,38,24,1793,6815,2394,66,5483,26,35,55,225,492,15,13,62,357,50,41,10,6,14,8,15,20,5,21,49,103,105,14,15,7,14,18,344,63,471,14,78,26,141,33,85,12,14,1,23,212,12,39,35,53,17,4,298,342,73,22,100,0,30,1,10,30,21,8,40,41
15,32,29,67,7,30,166,1140,13908,791,637,968,603,303,87,781,628,248,1007,283,701,205,61,3334,401,16,1064,631,120,602,496,45,191,46,437,2394,2696,21,7033,475,107,181,538,274,25,42,74,1285,82,120,7,22,4,30,57,46,25,80,18,313,12,16,30,34,9,0,30,19,37,57,21,6,55,34,11,2,11,2,2,12,4,20,5,8,11,0,75,73,6,10,20,13,15,1,7,112,9,2,8,3
13,5,6,103,6,10,32,332,60,58,29,67,28,217,266,266,26,137,128,5526,26,203,391,33,431,3971,437,100,32,137,170,932,1008,723,18,66,21,9757,9,34,20,37,181,7053,4582,56,657,12,72,27,0,0,2,2,1,2,3,5,5,17,0,3,8,2,6,3,2,5,4,49,4,101,17,279,4,110,309,4,3,7,112,188,5,5,224,16,4,3,1,452,4,9,616,5,114,3,3,0,0,0
47,89,74,110,52,82,1961,12,303,289,616,37,7,512,79,844,23,15,91,30,134,176,34,6455,794,52,1469,597,64,292,206,35,22,81,5238,5483,7033,9,21948,893,47,42,169,900,4,22,64,7421,305,14,22,17,11,20,48,37,2,14,35,74,70,13,7,2,28,6,255,45,284,10,41,12,105,17,18,12,20,10,20,146,9,12,33,40,5,6,265,291,26,16,116,27,41,1,13,65,29,2,24,15
10,3,6,7,2,11,13,5,78,22,23,2,2,28,11,13,3,3,5,16,4,529,38,287,190,92,5677,16814,143,52,8,97,40,7172,15,26,475,34,893,26418,17,7,11,11524,41,874,1132,393,23,4,1,0,0,3,13,10,0,2,0,1,4,2,0,0,2,2,1,1,3,0,5,10,2,16,1,55,125,858,8,0,112,17,8,0,4,913,8,6,0,23,10,2682,675,169,111,20,3,0,2,4
467,602,560,486,268,95,103,39,19,12136,104,16,30,664,417,190,23,19,54,41,245,10810,24,3,26,21,19,172,21997,3590,75,158,123,66,18,35,107,20,47,17,52508,7226,303,71,50,65,232,27,329,587,0,1,1,3,10,7,2,2,4,5,9,0,2,0,2,1,40,1,55,1,3,3,15,4,8,1,3,1,1,25,3,4,4,4,6,2,27,55,7,7,15,1,8,0,1,9,1,1,2,6
45,142,56,318,23,7,70,51,12,6425,78,93,258,284,1078,213,135,48,59,97,1902,1534,69,10,71,56,29,74,550,5750,111,1113,883,164,18,55,181,37,42,7,7226,12822,3118,235,184,112,939,20,44,6949,2,0,1,2,1,3,0,4,9,13,9,1,1,2,1,2,45,5,71,1,5,9,19,13,5,8,11,1,4,32,8,6,6,6,10,1,39,31,7,17,17,2,31,0,3,4,1,2,4,3
149,100,22,947,94,101,79,737,68,1531,476,69,443,2198,11737,4292,403,917,768,614,4242,539,51,22,179,163,46,41,356,2229,9649,289,453,118,81,225,538,181,169,11,303,3118,17343,153,399,17,232,179,613,6420,6,16,10,11,24,22,3,10,22,24,41,8,5,1,18,4,241,14,269,18,24,23,55,41,21,5,15,1,20,107,7,28,18,28,25,1,147,249,18,23,70,2,25,0,8,38,15,1,19,16
20,9,10,133,8,20,83,158,681,750,380,287,76,182,140,581,88,61,418,1967,126,3403,2885,909,6135,7043,15955,1807,97,414,176,3767,2414,5810,105,492,274,7053,900,11524,71,235,153,46483,786,1868,5800,521,109,93,3,10,10,10,33,15,5,15,5,41,22,9,37,4,17,16,29,8,27,65,40,387,70,652,10,1359,1365,194,14,17,1413,582,22,12,446,1232,30,38,17,1524,26,1063,5343,116,1095,62,6,3,17,11
8,2,8,55,7,2,10,1064,47,135,44,108,316,424,453,64,86,369,40,4909,98,285,480,9,504,1144,549,218,93,644,347,4816,6420,826,3,15,25,4582,4,41,50,184,399,786,3514,74,793,2,100,192,1,0,4,1,1,0,10,18,3,52,3,0,50,20,7,9,8,5,11,124,10,151,33,552,3,91,256,4,0,11,66,260,10,13,367,11,6,7,2,571,2,8,617,1,100,0,8,1,1,2
6,6,9,11,6,0,5,121,61,774,806,383,74,31,20,16,107,11,15,168,160,7224,4632,18,182,320,205,11607,637,167,14,588,302,4481,6,13,42,56,22,874,65,112,17,1868,74,17494,8944,17,2,29,0,0,1,0,1,0,2,1,4,15,1,0,3,0,0,0,1,0,2,10,1,11,2,13,0,29,53,31,1,1,57,6,0,2,13,297,5,0,1,36,5,175,282,32,51,0,0,0,3,1
19,5,5,45,9,2,11,150,103,2238,480,987,294,189,88,101,1055,329,115,447,1341,1947,4896,75,985,995,1097,10742,193,1058,197,10540,6124,14161,14,62,74,657,64,1132,232,939,232,5800,793,8944,39971,28,36,344,2,1,0,1,2,3,2,10,3,22,12,3,9,4,5,11,8,8,17,24,16,118,24,144,12,357,464,119,5,8,516,126,5,6,131,1155,14,8,6,443,11,665,2137,122,419,5,4,1,7,11
43,86,110,238,116,2358,2669,2,90,361,412,4,2,146,73,1572,7,3,9,19,15,84,13,553,282,34,575,296,22,59,276,18,8,52,2966,357,1285,12,7421,393,27,20,179,521,2,17,28,7228,1229,10,15,64,13,88,267,150,0,3,4,11,4,2,0,0,10,1,52,2,21,0,6,5,11,6,2,1,5,9,7,17,3,5,7,3,2,7,21,95,1,5,33,16,23,1,4,371,34,2,1,6
3835,670,998,1068,3636,2982,513,90,24,152,52,5,12,16896,1314,698,4,26,24,122,8,106,14,51,60,62,41,36,7221,1637,162,51,25,47,202,50,82,72,305,23,329,44,613,109,100,2,36,1229,11760,37,13,22,14,14,30,18,0,1,2,7,10,1,1,0,12,9,49,1,20,3,1,6,9,9,3,0,2,0,6,17,1,3,12,9,8,0,10,89,1,10,48,1,5,0,0,49,16,2,5,5
19,54,17,162,11,5,34,101,11,5605,19,21,231,823,4256,141,114,81,29,128,2190,326,28,5,55,36,17,35,131,1848,88,469,493,70,2,41,120,27,14,4,587,6949,6420,93,192,29,344,10,37,11477,0,1,4,1,2,1,1,1,7,6,8,2,1,1,1,0,29,3,52,2,8,2,11,22,1,2,4,0,2,14,3,8,1,5,6,0,15,25,4,11,11,0,10,0,2,1,1,1,4,1
13,36,56,62,10,76,59,8,13,18,14,1,3,57,7,42,0,0,2,4,0,8,0,3,8,1,3,1,7,12,17,0,0,1,23,10,7,0,22,1,0,2,6,3,1,0,2,15,13,0,43983,19897,3903,11414,11230,4986,4,30,14,68,164,12,10,15,15147,520,390,2,33,60,17,321,54,77,11,25,12,51,1064,26,16,26,599,72,21,30,17,394,34,77,196,6,134,49,14,270,9762,214,172,74
12,50,56,95,8,47,124,2,5,24,16,0,3,44,3,62,0,0,1,2,1,11,0,0,6,2,4,1,2,11,20,0,0,1,41,6,22,0,17,0,1,0,16,10,0,0,1,64,22,1,19897,82385,18370,18069,5118,12062,1,6,8,21,826,3,3,1,12379,214,246,0,8,22,16,1408,28,29,9,7,2,56,1171,6,17,11,1095,21,4,23,22,466,36,17,176,1,49,61,9,254,1212,645,737,173
6,22,17,36,3,7,31,12,27,18,12,0,9,24,3,35,3,4,12,10,2,10,3,5,9,0,1,2,6,15,11,3,6,2,10,14,4,2,11,0,1,1,10,10,4,1,0,13,14,4,3903,18370,35305,1122,2617,11921,17,153,120,378,723,34,32,42,18974,8369,6502,34,202,285,63,378,292,341,22,25,27,14,567,336,29,72,685,278,23,22,73,1120,74,157,133,3,307,14,17,150,1202,168,459,167
30,97,1166,386,16,2348,736,0,2,18,20,0,0,66,7,76,0,1,1,1,0,11,0,5,5,0,9,7,4,16,13,2,1,0,57,8,30,2,20,3,3,2,11,10,1,0,1,88,14,1,11414,18069,1122,56128,26965,21623,0,1,0,5,208,0,0,0,519,24,59,0,2,4,9,288,9,10,4,6,3,13,311,1,2,1,313,9,3,13,6,316,9,2,640,1,20,16,2,1012,414,132,172,78
28,98,111,220,21,527,405,0,4,39,49,1,2,93,7,154,0,1,2,2,1,12,2,11,20,3,10,15,10,19,24,1,1,7,112,15,57,1,48,13,10,1,24,33,1,1,2,267,30,2,11230,5118,2617,26965,24736,16584,2,5,4,24,117,7,2,4,4423,595,193,2,12,19,14,73,34,55,6,7,24,8,220,10,5,9,315,18,3,3,37,1219,35,11,1175,5,60,13,5,4091,4575,76,104,130
24,102,110,191,19,355,273,2,9,46,43,2,1,101,13,158,0,1,3,8,4,14,1,7,27,2,9,6,6,23,38,1,4,2,96,20,46,2,37,10,7,3,22,15,0,0,3,150,18,1,4986,12062,11921,21623,16584,32897,5,28,10,118,964,14,12,9,5757,515,1987,9,63,72,35,477,182,170,20,13,13,34,412,67,26,46,642,56,5,11,38,4225,58,51,1197,3,198,16,11,805,800,187,686,242
0,0,0,1,0,0,0,336,734,3,7,45,130,1,4,8,17,12,12,121,5,11,4,9,67,0,5,1,0,2,9,0,39,0,2,5,25,3,2,0,2,0,3,5,10,2,2,0,0,1,4,1,17,0,2,5,2987,5456,665,707,18,53,667,4397,144,217,390,1832,184,1504,139,146,47,121,28,16,51,0,47,554,28,1652,52,318,386,2,290,6,86,26,4,0,25,5,47,0,32,5,20,22
0,1,1,2,0,0,1,708,1982,17,44,76,216,6,5,7,82,45,52,116,33,10,8,24,84,7,6,0,3,4,11,7,27,2,3,21,80,5,14,2,2,4,10,15,18,1,10,3,1,1,30,6,153,1,5,28,5456,22846,4603,4772,124,530,920,4175,383,607,1136,6738,899,3764,487,829,204,413,57,83,72,22,49,1305,90,838,91,955,500,25,765,25,112,514,14,2,227,58,97,0,75,6,36,22
1,3,0,6,1,0,5,57,93,50,37,29,9,3,3,49,35,45,107,11,34,9,2,31,12,0,2,0,3,17,42,2,2,0,7,49,18,5,35,0,4,9,22,5,3,4,3,4,2,7,14,8,120,0,4,10,665,4603,3476,1634,187,771,227,490,196,240,1209,3266,1168,166,723,466,94,27,62,35,5,17,21,2050,95,410,40,264,274,15,394,35,24,55,21,1,51,15,81,4,27,3,34,23
0,3,2,10,0,0,1,2036,6523,75,171,359,714,20,27,56,332,172,239,491,151,59,35,130,323,10,30,6,6,22,41,9,133,5,14,103,313,17,74,1,5,13,24,41,52,15,22,11,7,6,68,21,378,5,24,118,707,4772,1634,44653,460,1750,2755,2498,359,251,552,1836,3548,3603,2488,1526,12123,7032,95,42,882,31,40,230,108,1184,82,194,174,36,8432,108,42,392,31,15,615,65,198,6,64,12,46,63
9,3,11,18,3,1,15,43,65,78,37,19,5,70,11,84,25,36,103,13,46,35,4,20,15,9,1,3,13,75,77,8,6,10,15,105,12,0,70,4,9,9,41,22,3,1,12,4,10,8,164,826,723,208,117,964,18,124,187,460,34275,3563,378,53,806,1463,1418,205,1074,75,4026,3192,564,74,595,140,60,525,571,210,308,134,709,491,40,316,1031,610,1038,121,509,59,755,746,427,64,70,31185,28840,7962
0,3,0,3,0,0,3,70,120,17,17,15,12,5,2,13,19,16,39,21,24,8,1,14,15,1,3,1,0,11,7,5,8,5,1,14,16,3,13,2,0,1,8,9,0,0,3,2,1,2,12,3,34,0,7,14,53,530,771,1750,3563,5971,6368,464,23,29,416,605,1046,93,5308,9872,465,127,189,14,38,76,14,135,48,307,22,26,14,57,504,82,63,40,49,12,262,446,397,7,5,9,54,83
0,0,0,0,0,0,0,270,553,7,13,52,115,5,5,13,12,18,22,336,7,18,11,9,246,6,11,0,0,0,5,5,117,4,0,15,30,8,7,0,2,1,5,37,50,3,9,0,1,1,10,3,32,0,2,12,667,920,227,2755,378,6368,20233,12587,62,55,143,5148,220,1127,5381,10451,327,1699,335,38,480,159,18,510,145,7521,24,67,98,89,443,25,97,189,7,10,486,710,866,4,17,5,25,62
0,1,0,1,0,0,2,497,1090,4,14,43,197,3,7,5,17,12,22,201,10,13,4,14,69,0,5,0,2,8,3,2,59,1,0,7,34,2,2,0,0,2,1,4,20,0,4,0,0,1,15,1,42,0,4,9,4397,4175,490,2498,53,464,12587,20764,131,202,444,4877,175,1460,792,963,138,580,103,18,119,10,37,754,47,4291,49,292,100,19,693,8,89,51,6,1,92,58,213,0,21,6,20,22
10,30,21,38,10,8,27,35,65,23,23,3,19,90,14,80,3,1,11,35,4,10,5,3,47,6,2,3,4,24,30,11,16,1,32,14,9,6,28,2,2,1,18,17,7,0,5,10,12,1,15147,12379,18974,519,4423,5757,144,383,196,359,806,23,62,131,53126,17651,2097,62,147,557,83,725,149,318,204,465,35,106,4645,282,407,370,18200,1411,428,196,149,629,1710,838,244,23,875,38,94,109,11107,381,1027,1317
1,3,3,7,1,0,4,19,64,8,10,7,18,18,3,21,1,2,8,30,3,5,6,2,35,4,7,2,1,15,11,4,15,5,11,18,0,3,6,2,1,2,4,16,9,0,11,1,9,0,520,214,8369,24,595,515,217,607,240,251,1463,29,55,202,17651,32252,2437,141,155,495,206,711,63,177,569,638,33,242,2008,500,875,722,9903,3868,608,347,113,169,10041,603,93,34,490,58,201,20,1194,413,3721,12887
32,64,50,99,9,22,85,28,34,153,90,13,6,401,86,443,15,21,199,43,72,99,8,30,43,4,7,6,58,341,236,10,18,5,81,344,30,2,255,1,40,45,241,29,8,1,8,52,49,29,390,246,6502,59,193,1987,390,1136,1209,552,1418,416,143,444,2097,2437,20551,1346,1977,334,391,401,475,242,456,96,26,32,341,12703,204,541,683,5070,387,48,572,3285,413,183,1073,3,209,31,143,318,426,113,490,363
0,0,0,4,1,1,5,90,198,68,35,26,17,3,6,56,29,60,105,23,65,2,4,38,19,1,5,1,0,19,46,5,11,5,3,63,19,5,45,1,1,5,14,8,5,0,8,2,1,3,2,0,34,0,2,9,1832,6738,3266,1836,205,605,5148,4877,62,141,1346,13921,733,106,8115,977,381,98,645,30,27,38,19,5524,180,1356,37,384,90,43,542,38,137,38,32,3,86,56,455,1,9,6,46,125
3,9,6,22,4,3,22,63,106,224,106,38,29,146,41,417,63,79,416,45,206,76,8,106,34,3,6,5,31,328,360,13,23,2,35,471,37,4,284,3,55,71,269,27,11,2,17,21,20,52,33,8,202,2,12,63,184,899,1168,3548,1074,1046,220,175,147,155,1977,733,11313,350,1681,497,5247,852,409,27,97,15,46,623,56,187,115,129,88,21,1240,828,226,51,503,12,289,34,79,9,31,16,154,182
0,1,1,8,0,0,1,1030,2152,15,19,358,612,11,22,19,21,21,33,1408,16,110,59,34,1103,11,62,4,2,16,18,17,582,1,8,14,57,49,10,0,1,1,18,65,124,10,24,0,3,2,60,22,285,4,19,72,1504,3764,166,3603,75,93,1127,1460,557,495,334,106,350,19146,90,805,264,4046,37,177,688,15,106,228,214,6378,166,365,2290,67,380,34,80,5251,7,6,863,30,198,4,136,10,60,26
0,1,4,3,0,0,4,122,174,59,44,34,13,22,6,64,42,81,120,18,59,15,3,46,25,11,4,6,3,23,43,10,13,23,6,78,21,4,41,5,3,5,24,40,10,1,16,6,1,8,17,16,63,9,14,35,139,487,723,2488,4026,5308,5381,792,83,206,391,8115,1681,90,28709,3460,1190,176,6044,135,59,674,160,1635,491,762,392,118,33,358,1540,189,1782,76,180,54,702,947,1284,8,39,52,744,8144
0,1,3,4,1,0,8,55,136,23,18,46,46,26,14,27,5,19,28,245,8,28,53,18,555,82,79,12,6,32,21,127,130,79,4,26,6,101,12,10,3,9,23,387,151,11,118,5,6,2,321,1408,378,288,73,477,146,829,466,1526,3192,9872,10451,963,725,711,401,977,497,805,3460,45153,293,2907,686,388,1061,1650,2290,613,788,5560,1077,228,347,700,231,116,448,1266,95,113,4701,9276,12129,15,69,6080,2562,722
5,6,6,19,4,4,18,306,718,105,62,80,101,41,15,111,67,62,188,152,124,30,17,73,163,16,21,3,7,52,129,18,60,14,24,141,55,17,105,2,15,19,55,70,33,2,24,11,9,11,54,28,292,9,34,182,47,204,94,12123,564,465,327,138,149,63,475,381,5247,264,1190,293,10321,5819,258,25,821,23,37,231,68,197,112,35,28,45,7431,1968,118,33,878,80,1238,27,100,70,37,21,119,121
3,0,4,13,4,1,11,443,1275,18,23,357,355,38,50,41,20,23,48,1781,21,118,177,45,3109,75,232,15,8,45,40,141,929,65,6,33,34,279,17,16,4,13,41,652,552,13,144,6,9,22,77,29,341,10,55,170,121,413,27,7032,74,127,1699,580,318,177,242,98,852,4046,176,2907,5819,17353,63,105,10727,108,39,113,275,3433,70,85,679,106,1768,621,44,1434,1669,407,5329,78,627,248,109,10,35,25
0,0,3,5,0,0,2,6,9,42,25,8,3,14,7,74,10,25,78,10,23,16,2,15,12,5,2,3,6,24,43,6,2,7,4,85,11,4,18,1,8,5,21,10,3,0,12,2,3,1,11,9,22,4,6,20,28,57,62,95,595,189,335,103,204,569,456,645,409,37,6044,686,258,63,5558,91,20,247,263,4041,363,487,637,383,56,156,647,171,3479,45,127,8,164,207,542,3,62,36,628,2287
0,0,0,4,0,0,1,8,20,18,4,6,4,4,3,10,2,6,5,56,6,42,27,7,162,393,128,45,2,6,8,471,27,348,0,12,2,110,12,55,1,8,5,1359,91,29,357,1,0,2,25,7,25,6,7,13,16,83,35,42,140,14,38,18,465,638,96,30,27,177,135,388,25,105,91,9035,577,107,499,132,10673,1445,976,195,1493,3174,31,10,228,6529,14,122,6459,137,783,4,216,41,202,293
0,3,1,8,0,2,3,70,408,25,13,103,50,8,8,25,7,6,10,364,14,76,114,37,1109,313,348,63,1,22,13,505,236,356,2,14,11,309,20,125,3,11,15,1365,256,53,464,5,2,4,12,2,27,3,24,13,51,72,5,882,60,38,480,119,35,33,26,27,97,688,59,1061,821,10727,20,577,17628,1191,20,33,713,1155,32,19,485,407,1113,145,19,777,1244,7289,13329,116,750,268,39,6,27,23
0,0,1,1,0,1,1,0,1,4,2,0,0,1,2,1,0,0,5,7,0,12,4,2,12,13,42,614,0,2,3,16,3,260,0,1,2,4,10,858,1,1,1,194,4,31,119,9,0,0,51,56,14,13,8,34,0,22,17,31,525,76,159,10,106,242,32,38,15,15,674,1650,23,108,247,107,1191,52778,2277,60,417,70,879,44,18,21593,319,21,235,26,138,12134,1439,24636,1421,23,68,232,490,483
3,7,10,7,2,4,7,3,7,9,13,4,1,51,8,34,0,6,9,5,3,11,0,1,21,1,1,4,4,21,16,1,1,6,11,23,2,3,20,8,1,4,20,14,0,1,5,7,6,2,1064,1171,567,311,220,412,47,49,21,40,571,14,18,37,4645,2008,341,19,46,106,160,2290,37,39,263,499,20,2277,209185,90,624,257,27832,375,194,629,150,203,1190,333,148,178,410,1569,184,50,13707,24698,1398,948
3,20,11,21,3,5,16,25,43,129,61,20,8,127,34,203,13,44,160,44,86,44,3,36,48,3,9,0,27,169,143,9,15,3,47,212,12,7,146,0,25,32,107,17,11,1,8,17,17,14,26,6,336,1,10,67,554,1305,2050,230,210,135,510,754,282,500,12703,5524,623,228,1635,613,231,113,4041,132,33,60,90,15618,387,1321,202,3285,466,89,672,201,326,132,280,4,128,69,527,19,76,24,142,127
0,0,0,3,0,0,1,12,34,14,6,10,6,4,5,15,5,4,9,49,10,57,28,13,164,437,137,54,3,4,7,480,50,532,3,12,4,112,9,112,3,8,7,1413,66,57,516,3,1,3,16,17,29,2,5,26,28,90,95,108,308,48,145,47,407,875,204,180,56,214,491,788,68,275,363,10673,713,417,624,387,23868,3924,1346,317,2075,7551,67,24,584,1841,23,338,5523,576,12233,6,212,74,438,716
0,1,0,5,0,0,0,356,748,26,16,142,180,17,24,34,25,15,39,842,14,48,82,32,1176,113,149,25,5,22,22,183,373,52,8,39,20,188,12,17,4,6,28,582,260,6,126,5,3,8,26,11,72,1,9,46,1652,838,410,1184,134,307,7521,4291,370,722,541,1356,187,6378,762,5560,197,3433,487,1445,1155,70,257,1321,3924,23605,547,572,13128,326,307,25,634,3127,24,30,3179,100,7097,4,128,21,161,344
5,7,13,16,5,1,14,8,23,23,31,4,1,68,11,74,1,3,21,19,9,14,1,9,32,10,1,1,8,51,32,11,10,7,15,35,5,5,33,8,4,6,18,22,10,0,5,7,12,1,599,1095,685,313,315,642,52,91,40,82,709,22,24,49,18200,9903,683,37,115,166,392,1077,112,70,637,976,32,879,27832,202,1346,547,66244,907,379,718,412,415,3095,592,295,80,594,318,271,39,699,16562,23478,4312
5,10,4,6,3,0,6,11,26,18,10,9,5,57,11,64,1,4,18,27,3,12,1,5,34,2,4,1,12,48,35,3,10,1,12,53,8,5,40,0,4,6,28,12,13,2,6,3,9,5,72,21,278,9,18,56,318,955,264,194,491,26,67,292,1411,3868,5070,384,129,365,118,228,35,85,383,195,19,44,375,3285,317,572,907,5651,567,64,179,89,3878,312,135,9,162,25,139,15,281,99,356,633
1,1,0,8,2,1,2,86,205,15,7,81,45,20,17,17,9,8,7,631,6,36,116,15,1542,82,134,13,3,33,22,137,363,36,4,17,11,224,5,4,6,10,25,446,367,13,131,2,8,6,21,4,23,3,3,5,386,500,274,174,40,14,98,100,428,608,387,90,88,2290,33,347,28,679,56,1493,485,18,194,466,2075,13128,379,567,6701,161,63,5,269,4194,8,6,706,12,474,0,132,11,44,101
0,0,0,0,1,0,0,4,12,4,8,2,3,1,0,6,1,0,2,13,3,66,13,7,60,117,136,212,4,1,4,190,11,1790,3,4,0,16,6,913,2,1,1,1232,11,297,1155,7,0,0,30,23,22,13,3,11,2,25,15,36,316,57,89,19,196,347,48,43,21,67,358,700,45,106,156,3174,407,21593,629,89,7551,326,718,64,161,45914,42,19,181,482,49,4100,7664,11492,6198,13,143,88,266,295
5,7,9,22,6,6,27,236,1109,176,68,64,144,139,46,214,45,60,201,65,106,36,9,113,37,3,13,8,30,158,180,12,33,8,61,298,75,4,265,8,27,39,147,30,6,5,14,21,10,15,17,22,73,6,37,38,290,765,394,8432,1031,504,443,693,149,113,572,542,1240,380,1540,231,7431,1768,647,31,1113,319,150,672,67,307,412,179,63,42,2722,1895,454,41,4427,508,475,33,72,230,68,63,365,354
59,129,108,209,35,44,206,5,23,143,146,10,2,551,97,558,11,24,134,21,40,119,1,27,33,3,8,6,75,395,272,10,6,5,170,342,73,3,291,6,55,31,249,38,7,0,8,95,89,25,394,466,1120,316,1219,4225,6,25,35,108,610,82,25,8,629,169,3285,38,828,34,189,116,1968,621,171,10,145,21,203,201,24,25,415,89,5,19,1895,8876,163,18,11080,32,323,12,27,3689,294,46,260,226
2,1,0,4,0,0,2,5,20,13,14,4,1,17,9,63,0,7,48,15,13,8,3,7,13,1,2,1,3,42,32,5,8,3,4,73,6,1,26,0,7,7,18,17,2,1,6,1,1,4,34,36,74,9,35,58,86,112,24,42,1038,63,97,89,1710,10041,413,137,226,80,1782,448,118,44,3479,228,19,235,1190,326,584,634,3095,3878,269,181,454,163,15389,132,131,17,192,109,353,12,384,152,2091,12467
1,3,0,13,1,0,2,79,167,34,13,82,37,14,16,33,11,9,15,633,18,70,197,45,1812,370,378,49,8,50,25,620,468,167,7,22,10,452,16,23,7,17,23,1524,571,36,443,5,10,11,77,17,157,2,11,51,26,514,55,392,121,40,189,51,838,603,183,38,51,5251,76,1266,33,1434,45,6529,777,26,333,132,1841,3127,592,312,4194,482,41,18,132,25090,9,34,14213,58,912,3,346,33,111,102
22,56,55,102,18,32,70,5,3,90,67,2,0,227,29,192,6,5,45,6,17,40,2,25,14,5,8,5,26,137,98,8,5,15,66,100,20,4,116,10,15,17,70,26,2,5,11,33,48,11,196,176,133,640,1175,1197,4,14,21,31,509,49,7,6,244,93,1073,32,503,7,180,95,878,1669,127,14,1244,138,148,280,23,24,295,135,8,49,4427,11080,131,9,15373,401,872,15,23,7589,384,59,276,183
0,0,0,2,0,0,2,0,5,5,6,1,1,3,0,5,1,0,1,9,3,49,11,13,43,78,193,886,3,2,2,111,4,1625,2,0,13,9,27,2682,1,2,2,1063,8,175,665,16,1,0,6,1,3,1,5,3,0,2,1,15,59,12,10,1,23,34,3,3,12,6,54,113,80,407,8,122,7289,12134,178,4,338,30,80,9,6,4100,508,32,17,34,401,30800,10482,927,381,74,31,9,37,32
0,2,3,18,1,5,11,49,153,65,22,60,32,32,28,39,25,12,23,426,24,186,218,54,1684,1396,865,300,5,37,24,1764,357,1965,7,30,15,616,41,675,8,31,25,5343,617,282,2137,23,5,10,134,49,307,20,60,198,25,227,51,615,755,262,486,92,875,490,209,86,289,863,702,4701,1238,5329,164,6459,13329,1439,410,128,5523,3179,594,162,706,7664,475,323,192,14213,872,10482,44516,1336,4505,201,427,53,277,279
0,0,0,0,0,0,0,0,2,1,0,1,0,0,1,2,4,2,3,1,0,4,1,2,8,6,11,36,0,1,2,17,3,229,1,1,1,5,1,169,0,0,0,116,1,32,122,1,0,0,49,61,14,16,13,16,5,58,15,65,746,446,710,58,38,58,31,56,34,30,947,9276,27,78,207,137,116,24636,1569,69,576,100,318,25,12,11492,33,12,109,58,15,927,1336,26524,9668,1,15,232,176,197
1,1,0,2,0,0,1,21,29,13,5,12,4,5,5,9,4,11,10,76,11,51,35,10,230,293,113,46,1,10,8,388,49,453,0,10,7,114,13,111,1,3,8,1095,100,51,419,4,0,2,14,9,17,2,5,11,47,97,81,198,427,397,866,213,94,201,143,455,79,198,1284,12129,100,627,542,783,750,1421,184,527,12233,7097,271,139,474,6198,72,27,353,912,23,381,4505,9668,28876,1,33,44,196,354
39,177,181,416,26,165,591,0,5,92,97,2,0,141,19,306,1,0,4,3,4,26,2,22,34,7,27,19,15,35,66,4,5,2,197,30,112,3,65,20,9,4,38,62,0,0,5,371,49,1,270,254,150,1012,4091,805,0,0,4,6,64,7,4,0,109,20,318,1,9,4,8,15,70,248,3,4,268,23,50,19,6,4,39,15,0,13,230,3689,12,3,7589,74,201,1,1,8679,1054,7,42,36
11,15,17,29,2,26,25,14,28,20,15,2,2,72,8,57,0,0,2,10,5,10,2,2,8,3,2,2,2,33,38,1,7,0,25,21,9,3,29,3,1,1,15,6,8,0,4,34,16,1,9762,1212,1202,414,4575,800,32,75,27,64,70,5,17,21,11107,1194,426,9,31,136,39,69,37,109,62,216,39,68,13707,76,212,128,699,281,132,143,68,294,384,346,384,31,427,15,33,1054,38207,37,101,135
2,3,2,3,0,0,0,1,1,3,3,0,0,11,0,8,0,1,11,0,2,1,1,3,0,0,0,0,2,14,3,0,0,2,2,8,2,0,2,0,1,2,1,3,1,0,1,2,2,1,214,645,168,132,76,187,5,6,3,12,31185,9,5,6,381,413,113,6,16,10,52,6080,21,10,36,41,6,232,24698,24,74,21,16562,99,11,88,63,46,152,33,59,9,53,232,44,7,37,41462,4513,575
4,8,2,7,0,2,3,6,13,16,16,5,0,38,4,49,2,10,38,5,10,9,1,9,8,2,0,1,7,34,23,0,4,7,8,40,8,0,24,2,2,4,19,17,1,3,7,1,5,4,172,737,459,172,104,686,20,36,34,46,28840,54,25,20,1027,3721,490,46,154,60,744,2562,119,35,628,202,27,490,1398,142,438,161,23478,356,44,266,365,260,2091,111,276,37,277,176,196,42,101,4513,22995,11110
4,0,1,4,0,1,7,5,6,18,19,1,1,18,5,52,5,7,34,5,15,11,2,5,12,3,3,0,5,33,15,4,1,2,4,41,3,0,15,4,6,3,16,11,2,1,11,6,5,1,74,173,167,78,130,242,22,22,23,63,7962,83,62,22,1317,12887,363,125,182,26,8144,722,121,25,2287,293,23,483,948,127,716,344,4312,633,101,295,354,226,12467,102,183,32,279,197,354,36,135,575,11110,17877
