23801,9305,10910,952,17553,4639,519,6,2,455,2,2,7,7388,20,50,0,2,0,42,1,1516,1,3,6,3,1,0,263,1717,9,2,8,0,78,0,170,3,42,0,943,206,9,2,9,0,0,570,1869,27,1,0,1,79,24,2,0,0,0,0,0,0,0,0,1,0,1,0,0,0,0,0,0,0,0,0,0,0,0,0,0,0,0,0,0,0,2,0,0,0,0,0,0,0,0,73,0,0,0,0
9305,26088,8614,13649,608,1841,334,14,33,558,6,2,9,7784,2001,763,0,4,3,250,4,554,3,18,21,6,6,0,56,862,86,1,13,0,80,1,211,7,62,0,347,170,25,7,7,1,0,1193,42,39,1,0,0,5,19,1,0,0,0,0,0,0,0,0,0,0,1,0,0,0,0,0,0,0,0,0,0,0,1,1,0,0,0,0,0,0,3,0,0,0,0,0,0,0,0,69,0,0,1,0
10910,8614,38671,6064,7460,5399,4519,1,1,114,1,2,2,99,5,7,0,0,0,5,0,215,0,0,1,0,0,0,13,152,3,0,0,0,20,0,77,0,12,0,94,27,0,0,1,0,0,430,24,8,349,825,3,2468,51,6,0,0,0,0,8,0,0,0,3,0,0,0,0,0,0,14,0,0,0,0,0,0,5,0,0,0,7,0,0,0,1,0,0,0,0,0,0,0,0,79,7,1,12,0
952,13649,6064,45502,201,5549,22605,94,90,929,30,6,22,4349,20195,12277,3,3,8,694,16,534,16,45,28,12,16,0,42,1511,989,9,30,0,1038,2,294,16,166,0,442,567,1183,28,23,0,1,1825,41,386,1,0,0,60,20,50,0,0,0,0,0,0,0,0,0,1,0,0,0,0,0,1,0,0,0,0,0,0,0,0,0,0,0,0,1,0,0,0,0,0,0,0,0,0,0,25,0,0,1,0
17553,608,7460,201,23009,18099,225,1,2,42,3,2,0,2826,2,2,0,0,0,6,0,599,0,5,2,1,2,0,173,463,2,1,2,0,36,0,19,0,35,0,282,24,1,2,3,1,0,644,4510,3,0,1,0,414,5,0,0,0,0,0,0,0,0,0,1,0,1,0,0,0,0,0,0,0,0,0,0,0,0,0,0,0,1,0,0,0,0,0,0,0,0,0,0,0,0,25,0,0,0,0
4639,1841,5399,5549,18099,21281,16157,1,1,22,0,0,1,142,0,23,0,0,0,2,1,118,1,15,0,1,1,0,46,25,0,0,1,0,273,0,80,0,203,0,26,9,0,1,1,0,0,3790,2787,1,2,0,0,835,247,10,0,0,0,0,0,0,0,0,1,2,0,0,0,0,0,0,0,0,0,0,0,0,0,0,0,0,0,0,0,0,1,0,0,0,1,0,0,0,0,171,2,0,1,0
519,334,4519,22605,225,16157,25729,1,5,162,5,3,0,90,114,4476,0,2,0,13,8,71,0,28,4,0,1,0,2,84,9,1,4,1,1498,8,83,0,574,0,51,38,72,0,2,0,0,471,4,25,1,1,4,296,348,1066,0,0,0,0,0,0,0,0,0,0,2,0,0,0,0,1,0,0,0,0,0,0,0,0,0,0,1,0,0,0,0,7,0,0,0,0,0,0,0,5,0,0,0,0
6,14,1,94,1,1,1,30466,8537,105,796,635,4239,404,374,1427,2710,16321,241,21033,163,175,170,4002,124,46,122,0,8,605,715,58,580,2,6,21,1664,26,39,0,97,106,508,79,235,7,23,5,2,81,0,0,0,0,0,0,0,0,0,0,0,0,0,0,0,0,0,0,0,1,0,1,0,0,0,0,4,0,0,0,0,0,0,0,1,0,3,0,0,0,0,0,0,0,0,0,0,0,0,0
2,33,1,90,2,1,5,8537,66775,116,942,1999,4041,105,57,5841,1054,442,1813,11305,276,239,1057,19733,12118,124,1379,1,4,140,76,179,2672,1,142,928,2969,131,324,5,27,41,174,340,293,5,67,6,0,70,0,0,0,0,0,0,0,0,0,1,0,0,0,0,0,0,0,0,0,0,0,0,0,0,0,0,8,0,0,0,0,1,0,0,0,0,2,0,0,1,0,0,1,0,0,0,0,0,0,0
455,558,114,929,42,22,162,105,116,24572,3278,2008,306,342,255,2224,61,72,40,349,5693,4436,600,44,298,81,218,1,6,290,123,352,1102,6,310,45,287,131,665,4,21171,6684,680,192,586,11,128,334,15,4096,0,0,1,0,0,0,0,0,0,0,1,0,0,0,0,0,0,0,0,0,1,0,0,0,0,0,3,0,0,0,0,0,0,0,0,0,1,0,0,1,0,0,1,0,0,2,0,0,0,0
2,6,1,30,3,0,5,796,942,3278,3967,7888,1112,27,23,1044,332,472,327,328,2671,2961,1478,157,205,66,168,0,6,18,164,239,1361,1,28,25,223,57,91,0,34,106,249,146,87,13,89,12,0,332,0,0,0,0,0,0,0,0,0,0,0,0,0,0,0,0,0,0,0,0,0,0,0,0,0,0,1,0,0,0,0,0,0,0,0,0,1,0,0,1,0,0,0,0,0,0,0,0,0,0
2,2,2,6,2,0,3,635,1999,2008,7888,22421,19131,16,17,384,2156,389,333,759,4383,529,4943,540,361,82,249,1,1,29,146,381,11947,1,15,48,492,56,59,2,219,100,267,183,106,10,190,1,0,195,0,0,0,0,0,0,0,0,0,1,0,0,0,0,0,0,0,0,0,0,0,0,0,0,0,0,3,0,0,0,0,1,0,0,0,0,3,0,0,0,0,0,0,0,0,0,0,0,0,0
7,9,2,22,0,1,0,4239,4041,306,1112,19131,20325,174,190,215,21527,2295,85,7220,1328,143,1030,884,333,107,159,2,10,400,1217,171,25240,3,3,23,813,62,42,1,96,194,789,98,1590,2,46,4,2,304,0,0,0,0,0,0,0,0,0,0,0,0,0,0,0,0,0,0,0,0,0,0,0,0,0,0,0,0,0,1,0,0,0,0,0,0,0,0,0,1,0,0,0,0,0,0,0,0,0,0
7388,7784,99,4349,2826,142,90,404,105,342,27,16,174,62865,14795,671,3,59,12,1129,31,1616,11,31,44,39,31,0,2123,30575,660,18,118,2,118,2,425,21,458,0,1797,2730,583,19,214,2,1,419,12080,4607,0,0,0,0,4,0,0,0,0,0,1,0,0,0,0,0,2,0,0,0,0,0,0,0,0,0,0,0,0,0,0,0,0,0,0,0,1,0,0,0,0,0,0,0,0,13,0,0,0,0
20,2001,5,20195,2,0,114,374,57,255,23,17,190,14795,20125,1867,9,75,16,742,79,223,10,25,19,26,20,0,26,1964,2707,18,79,1,210,4,228,10,322,1,298,2011,13712,11,199,0,2,208,5,5003,0,0,1,0,0,0,0,0,0,0,0,0,0,0,0,0,0,0,0,0,0,0,0,0,0,0,0,0,0,0,0,0,0,0,0,0,2,0,0,0,0,0,0,0,0,3,0,0,0,0
50,763,7,12277,2,23,4476,1427,5841,2224,1044,384,215,671,1867,38390,337,771,8478,1185,1151,600,138,4440,383,33,61,0,36,807,11866,48,176,1,4292,7350,3000,49,6317,2,269,266,11558,72,71,0,22,383,13,429,4,1,6,1,13,1,0,0,0,0,3,1,0,0,4,1,6,0,0,0,1,0,0,0,0,1,0,0,0,2,0,0,0,0,0,0,6,1,0,0,0,0,0,0,0,22,1,0,0,1
0,0,0,3,0,0,0,2710,1054,61,332,2156,21527,3,9,337,9931,3381,282,61,16044,32,123,509,28,11,22,0,0,14,4198,33,325,0,1,27,803,9,69,0,4,13,736,13,54,0,10,0,0,37,0,0,0,0,0,0,0,0,0,0,0,0,0,0,0,0,0,0,0,0,0,0,0,0,0,0,0,0,0,0,0,0,0,0,0,0,0,0,0,0,0,0,0,0,0,0,0,0,0,0
2,4,0,3,0,0,2,16321,442,72,472,389,2295,59,75,771,3381,1775,253,675,694,234,100,900,26,13,24,0,2,113,2772,22,87,0,2,18,1314,9,44,0,17,27,210,32,37,2,15,1,1,19,0,0,0,0,0,0,0,0,0,0,0,0,0,0,0,0,0,0,0,0,0,0,0,0,0,0,0,0,0,0,0,0,0,0,0,0,0,0,0,0,0,0,0,0,0,0,0,0,0,0
0,3,0,8,0,0,0,241,1813,40,327,333,85,12,16,8478,282,253,13329,50,170,145,48,2261,13,6,5,0,0,4,545,10,48,0,4,3884,638,4,124,0,2,4,65,5,12,1,3,0,0,5,0,0,0,0,0,0,0,0,0,0,0,0,0,0,0,0,0,0,0,0,0,0,0,0,0,0,1,0,0,0,0,0,0,0,0,0,0,0,0,0,0,0,0,0,0,0,0,0,0,0
42,250,5,694,6,2,13,21033,11305,349,328,759,7220,1129,742,1185,61,675,50,19217,184,333,1374,265,3504,1172,2019,4,25,1533,544,399,11230,24,33,69,345,5029,36,16,259,307,1530,1490,16762,7,141,11,13,357,0,0,0,0,0,0,1,0,0,0,0,0,0,0,0,0,0,0,0,1,0,1,0,0,0,3,7,0,0,0,0,3,0,0,0,0,6,0,0,5,0,0,0,0,0,0,0,0,0,0
1,4,0,16,0,1,8,163,276,5693,2671,4383,1328,31,79,1151,16044,694,170,184,24295,361,511,262,138,40,95,1,0,42,3081,188,1096,2,47,122,1031,43,689,2,62,211,5502,90,297,7,52,21,0,4681,0,0,0,0,0,0,0,0,0,0,1,1,0,0,0,0,0,0,0,0,0,0,0,0,0,0,1,0,0,2,0,1,0,0,0,0,11,0,0,0,0,0,0,0,0,0,0,0,0,0
1516,554,215,534,599,118,71,175,239,4436,2961,529,143,1616,223,600,32,234,145,333,361,27612,4256,42,152,185,230,361,7055,3645,102,228,306,31,122,21,279,77,300,82,30524,1790,199,373,197,4027,110,206,410,550,2,0,0,0,2,0,0,0,0,1,0,1,0,0,0,0,0,0,0,0,0,0,0,0,0,1,2,0,0,0,0,0,0,0,0,0,6,0,0,0,0,0,0,0,0,13,0,0,0,0
1,3,0,16,0,1,0,170,1057,600,1478,4943,1030,11,10,138,123,100,48,1374,511,4256,11520,69,1517,1514,3276,457,19,35,37,8260,17273,659,7,8,133,461,18,591,24,62,94,2821,438,2081,5176,4,0,107,0,0,0,0,0,0,0,0,0,0,0,0,0,0,0,0,0,1,0,4,0,1,1,1,0,7,13,0,0,0,3,7,0,0,0,0,10,0,0,8,0,5,3,0,6,0,0,0,0,0
3,18,0,45,5,15,28,4002,19733,44,157,540,884,31,25,4440,509,900,2261,265,262,42,69,8152,328,11,71,0,3,23,48,17,105,0,717,9619,12518,14,11935,0,3,4,79,46,31,1,6,83,3,13,0,0,0,0,1,0,0,0,0,0,0,0,0,0,0,0,0,0,0,0,0,0,0,0,0,0,4,0,0,0,0,0,0,0,0,0,2,0,0,0,0,0,0,0,0,0,0,0,0,0
6,21,1,28,2,0,4,124,12118,298,205,361,333,44,19,383,28,26,13,3504,138,152,1517,328,19198,518,10051,4,1,136,19,427,2487,14,45,137,55,2362,52,56,64,84,96,5732,1231,8,202,6,0,112,0,0,0,0,0,0,1,0,0,0,0,1,1,0,0,0,0,0,0,2,0,0,0,1,0,0,17,0,0,0,1,1,0,0,2,0,7,0,0,4,0,2,0,0,0,0,0,0,0,0
3,6,0,12,1,1,0,46,124,81,66,82,107,39,26,33,11,13,6,1172,40,185,1514,11,518,36491,5209,1253,2,100,9,18529,458,4633,2,3,20,3277,9,2817,29,27,91,19049,7555,897,1843,1,1,36,0,0,0,0,0,0,1,0,0,1,0,0,0,1,0,0,0,0,0,5,0,4,0,2,0,9,37,2,0,0,3,3,0,0,0,0,25,0,0,12,0,4,9,0,4,0,0,0,0,0
1,6,0,16,2,1,1,122,1379,218,168,249,159,31,20,61,22,24,5,2019,95,230,3276,71,10051,5209,32312,261,5,78,11,4533,2166,263,4,9,525,2921,44,2476,38,49,65,22025,4024,153,1629,4,0,73,0,0,0,0,0,0,9,2,0,3,0,3,3,2,0,0,0,1,0,35,0,22,8,7,0,23,350,61,0,0,13,30,0,0,6,8,43,0,0,55,0,130,71,3,17,0,0,0,0,0
0,0,0,0,0,0,0,0,1,1,0,1,2,0,0,0,0,0,0,4,1,361,457,0,4,1253,261,35404,18,2,0,1786,8,7890,0,0,0,4,0,27054,3,1,0,854,5,17040,3513,0,1,0,0,0,0,0,0,0,0,0,0,0,0,0,0,0,0,0,0,0,0,0,0,2,0,0,0,0,7,13,0,0,1,0,0,0,0,0,0,0,0,1,0,26,4,0,0,0,0,0,0,0
263,56,13,42,173,46,2,8,4,6,6,1,10,2123,26,36,0,2,0,25,0,7055,19,3,1,2,5,18,75920,9449,7,4,10,1,21,0,16,1,36,2,31806,26,16,0,17,193,1,31,13837,9,0,0,0,0,1,0,0,0,0,0,0,0,0,0,0,0,0,0,0,0,0,0,0,0,0,0,0,0,0,0,0,0,0,0,0,0,0,0,0,0,0,0,0,0,0,1,0,0,0,0
1717,862,152,1511,463,25,84,605,140,290,18,29,400,30575,1964,807,14,113,4,1533,42,3645,35,23,136,100,78,2,9449,53117,602,60,486,1,243,4,391,63,717,0,22165,8516,898,57,772,19,18,290,2452,2416,0,0,0,1,2,0,0,0,0,0,0,0,0,0,0,0,1,0,0,0,0,0,0,0,0,0,1,0,0,0,0,0,0,0,0,0,1,0,0,0,0,0,0,0,0,4,0,0,0,0
9,86,3,989,2,0,9,715,76,123,164,146,1217,660,2707,11866,4198,2772,545,544,3081,102,37,48,19,9,11,0,7,602,19225,20,288,0,61,79,1193,11,874,0,112,129,27881,12,199,1,6,25,6,130,1,0,1,1,0,1,0,0,0,0,1,0,0,0,0,1,0,0,0,0,1,0,0,0,1,0,0,0,0,2,0,0,1,0,0,0,4,0,0,0,0,0,0,0,0,5,0,0,1,2
2,1,0,9,1,0,1,58,179,352,239,381,171,18,18,48,33,22,10,399,188,228,8260,17,427,18529,4533,1786,4,60,20,28158,5344,8946,1,1,35,287,10,2025,51,51,83,5394,3608,2043,24961,1,1,77,0,0,0,0,0,0,0,0,0,1,0,1,0,0,0,0,0,0,0,1,1,9,0,1,0,11,25,2,0,0,9,11,0,0,0,0,16,0,0,17,0,9,7,0,13,0,0,0,0,0
8,13,0,30,2,1,4,580,2672,1102,1361,11947,25240,118,79,176,325,87,48,11230,1096,306,17273,105,2487,458,2166,8,10,486,288,5344,17308,22,10,18,321,778,49,26,201,401,754,1158,9094,35,7548,5,0,685,0,0,0,0,0,0,1,0,0,1,0,0,0,0,0,0,0,0,0,4,0,1,0,1,0,2,19,0,0,0,1,1,0,0,0,0,15,0,1,5,0,0,1,0,0,0,0,0,0,0
0,0,0,0,0,0,1,2,1,6,1,1,3,2,1,1,0,0,0,24,2,31,659,0,14,4633,263,7890,1,1,0,8946,22,13099,0,0,0,10,0,11842,0,1,2,3028,31,1534,5117,0,0,2,0,0,0,0,0,0,0,0,0,0,0,0,0,0,0,0,0,0,0,0,0,3,0,0,0,1,6,6,0,0,2,0,0,0,0,1,0,0,0,2,0,10,0,0,0,0,0,0,0,0
78,80,20,1038,36,273,1498,6,142,310,28,15,3,118,210,4292,1,2,4,33,47,122,7,717,45,2,4,0,21,243,61,1,10,0,5290,5817,387,4,20594,0,104,64,329,5,7,0,1,1988,1,57,0,0,0,0,0,0,0,0,0,0,0,0,0,0,0,0,0,0,0,0,0,0,0,0,0,0,0,0,0,0,0,0,1,0,0,0,0,0,0,0,0,0,0,0,0,4,0,0,1,0
0,1,0,2,0,0,8,21,928,45,25,48,23,2,4,7350,27,18,3884,69,122,21,8,9619,137,3,9,0,0,4,79,1,18,0,5817,9151,338,6,3484,0,2,3,39,13,7,1,1,12,0,14,0,0,0,0,0,0,0,0,0,0,0,0,0,0,0,0,0,0,0,0,0,0,0,0,0,0,0,0,0,0,0,0,0,0,0,0,0,0,0,0,0,0,0,0,0,0,0,0,0,0
170,211,77,294,19,80,83,1664,2969,287,223,492,813,425,228,3000,803,1314,638,345,1031,279,133,12518,55,20,525,0,16,391,1193,35,321,0,387,338,4822,15,4262,1,110,67,617,47,59,2,8,1130,15,70,0,0,0,1,2,0,1,0,0,0,2,4,0,1,0,0,3,0,1,0,3,1,0,0,2,2,5,0,0,7,0,1,0,0,1,0,16,0,4,10,0,0,1,0,0,0,0,0,3,6
3,7,0,16,0,0,0,26,131,131,57,56,62,21,10,49,9,9,4,5029,43,77,461,14,2362,3277,2921,4,1,63,11,287,778,10,4,6,15,11477,7,5,18,36,47,9485,6308,13,55,3,0,34,0,0,0,0,0,0,0,0,1,3,0,0,0,0,0,0,0,1,0,4,0,1,1,0,0,0,26,0,0,0,0,0,0,0,1,0,12,0,0,4,0,0,0,0,0,0,0,0,0,0
42,62,12,166,35,203,574,39,324,665,91,59,42,458,322,6317,69,44,124,36,689,300,18,11935,52,9,44,0,36,717,874,10,49,0,20594,3484,4262,7,40222,1,212,128,1243,12,28,0,1,18990,121,213,0,0,0,0,0,0,0,0,0,0,0,0,0,0,0,0,0,0,0,0,0,0,0,0,0,0,0,0,0,2,0,0,0,0,0,0,1,1,0,0,0,0,0,0,0,4,0,0,0,0
0,0,0,0,0,0,0,0,5,4,0,2,1,0,1,2,0,0,0,16,2,82,591,0,56,2817,2476,27054,2,0,0,2025,26,11842,0,0,1,5,1,13728,1,1,3,12626,14,2031,1596,0,0,0,0,0,0,0,0,0,0,0,0,0,0,1,0,0,0,0,0,0,0,0,0,18,1,13,0,21,223,214,0,0,20,5,0,0,0,28,1,0,0,24,0,413,107,8,4,0,0,0,0,0
943,347,94,442,282,26,51,97,27,21171,34,219,96,1797,298,269,4,17,2,259,62,30524,24,3,64,29,38,3,31806,22165,112,51,201,0,104,2,110,18,212,1,60584,4916,182,25,274,27,5,140,372,745,0,0,0,0,4,0,0,0,0,0,0,1,0,0,0,0,1,0,0,0,0,0,0,0,0,0,0,0,0,0,0,0,0,0,0,0,1,0,0,0,0,0,0,0,0,1,0,0,0,0
206,170,27,567,24,9,38,106,41,6684,106,100,194,2730,2011,266,13,27,4,307,211,1790,62,4,84,27,49,1,26,8516,129,51,401,1,64,3,67,36,128,1,4916,11986,418,34,418,1,18,95,4,10199,0,0,0,0,0,0,0,0,0,1,0,0,0,0,0,0,0,0,0,0,0,0,0,0,0,0,0,0,0,0,0,0,0,0,0,0,1,0,0,0,0,0,0,0,0,0,0,0,0,0
9,25,0,1183,1,0,72,508,174,680,249,267,789,583,13712,11558,736,210,65,1530,5502,199,94,79,96,91,65,0,16,898,27881,83,754,2,329,39,617,47,1243,3,182,418,41006,66,633,1,17,226,2,3686,0,0,0,0,0,0,0,0,0,0,1,1,0,1,0,0,1,0,0,0,1,0,0,0,1,0,0,0,0,1,0,0,0,0,0,0,7,0,0,0,0,0,0,0,0,0,0,0,0,0
2,7,0,28,2,1,0,79,340,192,146,183,98,19,11,72,13,32,5,1490,90,373,2821,46,5732,19049,22025,854,0,57,12,5394,1158,3028,5,13,47,9485,12,12626,25,34,66,79984,1729,475,1363,1,2,54,0,0,0,0,0,0,2,0,0,4,0,3,0,1,0,0,0,0,0,7,0,19,0,3,0,29,60,5,0,0,26,22,0,0,0,0,36,0,0,49,0,26,37,0,13,0,0,0,0,0
9,7,1,23,3,1,2,235,293,586,87,106,1590,214,199,71,54,37,12,16762,297,197,438,31,1231,7555,4024,5,17,772,199,3608,9094,31,7,7,59,6308,28,14,274,418,633,1729,18613,18,418,3,3,600,0,0,0,0,0,0,2,3,0,0,0,0,1,3,0,0,0,0,0,9,1,0,2,2,0,1,70,0,0,0,0,5,0,0,1,0,29,0,1,7,0,0,1,0,1,0,0,0,0,0
0,1,0,0,1,0,0,7,5,11,13,10,2,2,0,0,0,2,1,7,7,4027,2081,1,8,897,153,17040,193,19,1,2043,35,1534,0,1,2,13,0,2031,27,1,1,475,18,6787,3935,0,1,3,0,0,0,0,0,0,0,0,0,0,0,0,0,0,0,0,0,0,0,0,0,0,0,0,0,2,2,0,0,0,0,1,0,0,0,0,0,0,0,2,0,5,2,0,1,0,0,0,0,0
0,0,0,1,0,0,0,23,67,128,89,190,46,1,2,22,10,15,3,141,52,110,5176,6,202,1843,1629,3513,1,18,6,24961,7548,5117,1,1,8,55,1,1596,5,18,17,1363,418,3935,24751,1,0,23,0,0,0,0,0,0,2,0,0,0,0,0,0,0,0,0,0,0,0,0,0,4,0,1,0,3,2,3,0,0,3,7,0,0,1,0,4,0,0,8,0,10,7,0,4,0,0,0,0,0
570,1193,430,1825,644,3790,471,5,6,334,12,1,4,419,208,383,0,1,0,11,21,206,4,83,6,1,4,0,31,290,25,1,5,0,1988,12,1130,3,18990,0,140,95,226,1,3,0,1,11784,626,52,2,0,0,4,66,1,0,0,0,0,0,0,0,0,1,0,0,0,0,0,0,1,0,0,0,0,0,0,0,1,0,0,1,0,0,0,1,0,0,0,0,0,0,0,0,194,1,0,0,0
1869,42,24,41,4510,2787,4,2,0,15,0,0,2,12080,5,13,0,1,0,13,0,410,0,3,0,1,0,1,13837,2452,6,1,0,0,1,0,15,0,121,0,372,4,2,2,3,1,0,626,18615,1,0,0,0,2,4,0,0,0,0,0,0,0,0,0,0,0,0,0,0,0,0,0,0,0,0,0,0,0,0,0,0,0,0,0,0,0,1,0,0,0,0,0,0,0,0,18,0,0,0,0
27,39,8,386,3,1,25,81,70,4096,332,195,304,4607,5003,429,37,19,5,357,4681,550,107,13,112,36,73,0,9,2416,130,77,685,2,57,14,70,34,213,0,745,10199,3686,54,600,3,23,52,1,13731,0,0,0,0,0,0,0,0,0,0,0,0,0,0,0,0,0,0,0,0,0,0,0,0,0,0,0,0,0,0,0,0,0,0,0,0,1,0,0,0,0,0,0,0,0,1,0,0,0,0
1,1,349,1,0,2,1,0,0,0,0,0,0,0,0,4,0,0,0,0,0,2,0,0,0,0,0,0,0,0,1,0,0,0,0,0,0,0,0,0,0,0,0,0,0,0,0,2,0,0,40480,15917,2375,12698,11953,457,2,5,0,1,336,9,0,2,6158,27,31,2,0,8,0,1002,2,0,0,1,1,0,1290,15,0,2,966,2,2,0,18,134,6,0,12,0,0,0,0,554,10516,226,437,34
0,0,825,0,1,0,1,0,0,0,0,0,0,0,0,1,0,0,0,0,0,0,0,0,0,0,0,0,0,0,0,0,0,0,0,0,0,0,0,0,0,0,0,0,0,0,0,0,0,0,15917,58076,11273,9840,874,3263,2,2,0,2,851,22,2,2,6127,31,34,2,0,4,1,740,0,1,0,0,0,0,409,27,0,1,913,0,3,0,13,79,9,0,20,0,1,0,0,177,587,102,927,68
1,0,3,0,0,0,4,0,0,1,0,0,0,0,1,6,0,0,0,0,0,0,0,0,0,0,0,0,0,0,1,0,0,0,0,0,0,0,0,0,0,0,0,0,0,0,0,0,0,0,2375,11273,22960,1183,3055,10021,5,22,3,37,1247,74,1,3,18010,7024,1547,1,1,97,4,320,33,0,0,0,0,0,302,201,0,6,812,40,5,0,40,1086,47,5,103,0,1,0,0,932,664,79,1108,394
79,5,2468,60,414,835,296,0,0,0,0,0,0,0,0,1,0,0,0,0,0,0,0,0,0,0,0,0,0,1,1,0,0,0,0,0,1,0,0,0,0,0,0,0,0,0,0,4,2,0,12698,9840,1183,30847,17693,10334,0,1,0,1,298,8,0,0,324,3,25,1,0,1,0,347,0,0,0,1,1,0,113,8,0,1,289,1,0,0,11,402,4,0,12,0,0,0,0,658,236,50,250,34
24,19,51,20,5,247,348,0,0,0,0,0,0,4,0,13,0,0,0,0,0,2,0,1,0,0,0,0,1,2,0,0,0,0,0,0,2,0,0,0,4,0,0,0,0,0,0,66,4,0,11953,874,3055,17693,22163,8944,0,1,0,0,123,4,1,0,733,6,54,2,0,2,0,331,0,1,0,0,0,0,273,8,0,0,207,1,0,0,67,981,1,0,43,0,0,0,0,4425,5583,49,135,6
2,1,6,50,0,10,1066,0,0,0,0,0,0,0,0,1,0,0,0,0,0,0,0,0,0,0,0,0,0,0,1,0,0,0,0,0,0,0,0,0,0,0,0,0,0,0,0,1,0,0,457,3263,10021,10334,8944,36917,2,0,1,9,558,46,3,0,346,59,6764,3,1,12,3,167,5,1,0,0,0,0,55,23,0,2,188,9,0,0,18,2113,22,0,35,0,1,0,0,912,73,25,307,103
0,0,0,0,0,0,0,0,0,0,0,0,0,0,0,0,0,0,0,1,0,0,0,0,1,1,9,0,0,0,0,0,1,0,0,0,1,0,0,0,0,0,0,2,2,0,2,0,0,0,2,2,5,0,0,2,3884,7571,219,2413,66,306,286,2595,520,512,55,8787,8,11978,42,118,1027,255,93,41,475,0,13,745,12,3025,129,128,676,0,828,12,595,161,20,0,47,0,13,3,2,1,323,424
0,0,0,0,0,0,0,0,0,0,0,0,0,0,0,0,0,0,0,0,0,0,0,0,0,0,2,0,0,0,0,0,0,0,0,0,0,0,0,0,0,0,0,0,3,0,0,0,0,0,5,2,22,1,1,0,7571,23958,7202,5081,32,439,112,863,188,78,313,11524,47,20202,25,125,3101,56,23,11,120,0,15,1582,3,112,213,10,27,0,1456,14,35,94,31,1,23,0,7,4,6,0,136,44
0,0,0,0,0,0,0,0,0,0,0,0,0,0,0,0,0,0,0,0,0,0,0,0,0,0,0,0,0,0,0,0,0,0,0,0,0,1,0,0,0,0,0,0,0,0,0,0,0,0,0,0,3,0,0,1,219,7202,5625,2431,62,897,88,131,10,10,1799,2790,902,655,240,221,892,37,436,8,67,0,7,2422,6,150,2,5,36,0,326,4,21,81,69,1,29,0,7,0,0,1,4,25
0,0,0,0,0,0,0,0,1,0,0,1,0,0,0,0,0,0,0,0,0,1,0,0,0,1,3,0,0,0,0,1,1,0,0,0,0,3,0,0,0,1,0,4,0,0,0,0,0,0,1,2,37,1,0,9,2413,5081,2431,47894,62,1510,598,790,45,43,1880,1142,3621,13776,170,290,20477,8693,45,35,633,1,2,369,16,391,6,27,138,0,1351,175,47,927,209,15,589,0,9,11,2,0,20,45
0,0,8,0,0,0,0,0,0,1,0,0,0,1,0,3,0,0,0,0,1,0,0,0,0,0,0,0,0,0,1,0,0,0,0,0,2,0,0,0,0,0,1,0,0,0,0,0,0,0,336,851,1247,298,123,558,66,32,62,62,30977,5092,2076,447,505,397,1693,1361,79,315,5945,851,125,94,126,24,53,0,144,1335,13,1025,285,50,355,2,494,492,794,208,1271,2,70,1,31,363,60,27879,28041,10108
0,0,0,0,0,0,0,0,0,0,0,0,0,0,0,1,0,0,0,0,1,1,0,0,1,0,3,0,0,0,0,1,0,0,0,0,4,0,0,1,1,0,1,3,0,0,0,0,0,0,9,22,74,8,4,46,306,439,897,1510,5092,7811,6938,880,47,76,671,4091,149,1971,7367,7696,803,492,208,84,376,1,7,840,107,4620,10,15,637,2,492,63,549,699,273,10,234,5,130,25,4,9,115,1949
0,0,0,0,0,0,0,0,0,0,0,0,0,0,0,0,0,0,0,0,0,0,0,0,1,0,3,0,0,0,0,0,0,0,0,0,0,0,0,0,0,0,0,0,1,0,0,0,0,0,0,2,1,0,1,3,286,112,88,598,2076,6938,10861,8690,36,31,59,5859,9,2045,4563,3973,188,260,107,17,263,0,2,96,58,17409,14,23,315,1,103,5,339,199,32,1,59,1,198,2,0,4,127,551
0,0,0,0,0,0,0,0,0,0,0,0,0,0,0,0,0,0,0,0,0,0,0,0,0,1,2,0,0,0,0,0,0,0,0,0,1,0,0,0,0,0,1,1,3,0,0,0,0,0,2,2,3,0,0,0,2595,863,131,790,447,880,8690,16681,149,182,38,18581,18,6611,1824,195,300,245,502,33,264,0,2,343,5,16881,25,188,802,0,234,3,845,157,37,2,93,1,9,0,0,1,108,327
1,0,3,0,1,1,0,0,0,0,0,0,0,0,0,4,0,0,0,0,0,0,0,0,0,0,0,0,0,0,0,0,0,0,0,0,0,0,0,0,0,0,0,0,0,0,0,1,0,0,6158,6127,18010,324,733,346,520,188,10,45,505,47,36,149,83503,13865,1538,120,10,359,15,807,22,13,18,5,15,1,4700,4466,0,200,17855,771,214,0,136,372,4168,36,372,0,7,0,1,553,13540,283,5096,9125
0,0,0,1,0,2,0,0,0,0,0,0,0,0,0,1,0,0,0,0,0,0,0,0,0,0,0,0,0,0,1,0,0,0,0,0,0,0,0,0,0,0,0,0,0,0,0,0,0,0,27,31,7024,3,6,59,512,78,10,43,397,76,31,182,13865,27245,10170,165,7,363,31,60,30,28,6,3,20,0,32,3463,0,183,3121,7464,176,0,123,524,10867,23,563,0,5,0,1,875,34,17,2384,4823
1,1,0,0,1,0,2,0,0,0,0,0,0,2,0,6,0,0,0,0,0,0,0,0,0,0,0,0,0,1,0,0,0,0,0,0,3,0,0,0,1,0,1,0,0,0,0,0,0,0,31,34,1547,25,54,6764,55,313,1799,1880,1693,671,59,38,1538,10170,37253,117,5891,656,431,167,1803,24,426,1,11,0,66,14713,1,56,449,14537,18,0,1710,13953,826,29,4316,0,5,0,0,647,44,21,597,824
0,0,0,0,0,0,0,0,0,0,0,0,0,0,0,0,0,0,0,0,0,0,1,0,0,0,1,0,0,0,0,0,0,0,0,0,0,1,0,0,0,0,0,0,0,0,0,0,0,0,2,2,1,1,2,3,8787,11524,2790,1142,1361,4091,5859,18581,120,165,117,21283,187,520,18538,346,1389,50,4356,11,29,0,5,8819,10,503,29,142,88,1,397,10,675,69,63,0,24,0,8,1,1,0,62,420
0,0,0,0,0,0,0,0,0,0,0,0,0,0,0,0,0,0,0,0,0,0,0,0,0,0,0,0,0,0,0,0,0,0,0,0,1,0,0,0,0,0,0,0,0,0,0,0,0,0,0,0,1,0,0,1,8,47,902,3621,79,149,9,18,10,7,5891,187,12785,100,156,32,7248,9,124,0,1,0,0,529,0,9,9,2,3,1,228,3731,58,9,1026,0,3,0,0,1,0,0,9,51
0,0,0,0,0,0,0,1,0,0,0,0,0,0,0,0,0,0,0,1,0,0,4,0,2,5,35,0,0,0,0,1,4,0,0,0,0,4,0,0,0,0,0,7,9,0,0,0,0,0,8,4,97,1,2,12,11978,20202,655,13776,315,1971,2045,6611,359,363,656,520,100,30479,136,1772,1865,8392,23,620,2792,0,30,1538,69,10780,239,62,10320,0,480,126,223,8938,129,7,1509,1,55,19,12,4,300,414
0,0,0,0,0,0,0,0,0,1,0,0,0,0,0,1,0,0,0,0,0,0,0,0,0,0,0,0,0,0,1,1,0,0,0,0,3,0,0,0,0,0,1,0,1,0,0,0,0,0,0,1,4,0,0,3,42,25,240,170,5945,7367,4563,1824,15,31,431,18538,156,136,17816,340,510,36,11091,9,29,1,0,5125,11,802,2,108,172,1,296,45,968,80,360,0,33,0,13,3,0,2,54,8533
0,0,14,1,0,0,1,1,0,0,0,0,0,0,0,0,0,0,0,1,0,0,1,0,0,4,22,2,0,0,0,9,1,3,0,0,1,1,0,18,0,0,0,19,0,0,4,1,0,0,1002,740,320,347,331,167,118,125,221,290,851,7696,3973,195,807,60,167,346,32,1772,340,40526,155,562,28,2473,1850,3139,5026,130,9025,30364,2497,8,957,3891,104,90,107,1888,137,3275,1878,4575,6732,167,919,1015,1775,299
0,0,0,0,0,0,0,0,0,0,0,0,0,0,0,0,0,0,0,0,0,0,1,0,0,0,8,0,0,0,0,0,0,0,0,0,0,1,0,1,0,0,0,0,2,0,0,0,0,0,2,0,33,0,0,5,1027,3101,892,20477,125,803,188,300,22,30,1803,1389,7248,1865,510,155,6726,825,322,20,200,0,2,312,9,170,4,7,53,0,19036,7361,76,253,3422,1,97,0,3,55,2,1,17,103
0,0,0,0,0,0,0,0,0,0,0,0,0,0,0,0,0,0,0,0,0,0,1,0,1,2,7,0,0,0,0,1,1,0,0,0,0,0,0,13,0,0,0,3,2,0,1,0,0,0,0,1,0,0,1,1,255,56,37,8693,94,492,260,245,13,28,24,50,9,8392,36,562,825,34752,6,219,14217,3,1,13,34,1104,9,1,770,11,142,6,56,7367,8,386,11344,0,14,4,0,0,32,127
0,0,0,0,0,0,0,0,0,0,0,0,0,0,0,0,0,0,0,0,0,0,0,0,0,0,0,0,0,0,1,0,0,0,0,0,2,0,0,0,0,0,1,0,0,0,0,0,0,0,0,0,0,0,0,0,93,23,436,45,126,208,107,502,18,6,426,4356,124,23,11091,28,322,6,17036,0,6,0,1,20039,2,80,2,786,36,0,238,37,7325,9,423,0,4,0,2,3,0,0,9,3023
0,0,0,0,0,0,0,0,0,0,0,0,0,0,0,1,0,0,0,3,0,1,7,0,0,9,23,0,0,0,0,11,2,1,0,0,2,0,0,21,0,0,0,29,1,2,3,0,0,0,1,0,0,1,0,0,41,11,8,35,24,84,17,33,5,3,1,11,0,620,9,2473,20,219,0,34742,1859,359,1,6,6116,588,4,2,2820,1410,7,1,10,12825,3,2101,8283,226,732,0,0,0,10,18
0,0,0,0,0,0,0,4,8,3,1,3,0,0,0,0,0,0,1,7,1,2,13,4,17,37,350,7,0,1,0,25,19,6,0,0,5,26,0,223,0,0,0,60,70,2,2,0,0,0,1,0,0,1,0,0,475,120,67,633,53,376,263,264,15,20,11,29,1,2792,29,1850,200,14217,6,1859,18752,113,0,11,697,2348,7,1,983,93,25,1,36,17629,11,5431,25811,15,527,1,0,0,26,76
0,0,0,0,0,0,0,0,0,0,0,0,0,0,0,0,0,0,0,0,0,0,0,0,0,2,61,13,0,0,0,2,0,6,0,0,0,0,0,214,0,0,0,5,0,0,3,0,0,0,0,0,0,0,0,0,0,0,0,1,0,1,0,0,1,0,0,0,0,0,1,3139,0,3,0,359,113,27088,5,0,1292,33,2,0,1,4953,0,0,0,36,0,22557,378,9173,639,0,0,0,0,0
0,1,5,0,0,0,0,0,0,0,0,0,0,0,0,0,0,0,0,0,0,0,0,0,0,0,0,0,0,0,0,0,0,0,0,0,0,0,0,0,0,0,0,0,0,0,0,0,0,0,1290,409,302,113,273,55,13,15,7,2,144,7,2,2,4700,32,66,5,0,30,0,5026,2,1,1,1,0,5,108132,97,2,4,22054,3,7,0,33,70,4,2,96,0,0,20,0,112,12169,22562,1015,5
0,1,0,0,0,0,0,0,0,0,0,0,1,0,0,2,0,0,0,0,2,0,0,0,0,0,0,0,0,0,2,0,0,0,0,0,7,0,2,0,0,0,1,0,0,0,0,1,0,0,15,27,201,8,8,23,745,1582,2422,369,1335,840,96,343,4466,3463,14713,8819,529,1538,5125,130,312,13,20039,6,11,0,97,15454,1,86,1039,6321,47,0,973,235,1982,16,1188,0,3,0,0,99,63,23,586,694
0,0,0,0,0,0,0,0,0,0,0,0,0,0,0,0,0,0,0,0,0,0,3,0,1,3,13,1,0,0,0,9,1,2,0,0,0,0,0,20,0,0,0,26,0,0,3,0,0,0,0,0,0,0,0,0,12,3,6,16,13,107,58,5,0,0,1,10,0,69,11,9025,9,34,2,6116,697,1292,2,1,16938,4098,2,0,2093,6393,5,0,2,712,0,1906,806,1380,16636,0,0,0,3,7
0,0,0,0,0,0,0,0,1,0,0,1,0,0,0,0,0,0,0,3,1,0,7,0,1,3,30,0,0,0,0,11,1,0,0,0,1,0,0,5,0,0,0,22,5,1,7,0,0,0,2,1,6,1,0,2,3025,112,150,391,1025,4620,17409,16881,200,183,56,503,9,10780,802,30364,170,1104,80,588,2348,33,4,86,4098,20114,88,40,4324,47,71,8,590,3251,39,167,683,31,9557,3,0,4,335,1071
0,0,7,0,1,0,1,0,0,0,0,0,0,0,0,0,0,0,0,0,0,0,0,0,0,0,0,0,0,0,1,0,0,0,1,0,0,0,0,0,0,0,0,0,0,0,0,1,0,0,966,913,812,289,207,188,129,213,2,6,285,10,14,25,17855,3121,449,29,9,239,2,2497,4,9,2,4,7,2,22054,1039,2,88,65104,33,112,0,178,296,157,22,654,0,8,4,0,351,2898,6836,26607,1779
0,0,0,0,0,0,0,0,0,0,0,0,0,0,0,0,0,0,0,0,0,0,0,0,0,0,0,0,0,0,0,0,0,0,0,0,0,0,0,0,0,0,0,0,0,0,0,0,0,0,2,0,40,1,1,9,128,10,5,27,50,15,23,188,771,7464,14537,142,2,62,108,8,7,1,786,2,1,0,3,6321,0,40,33,22645,28,0,87,205,6105,5,473,0,2,0,0,98,0,0,147,198
0,0,0,1,0,0,0,1,0,0,0,0,0,0,0,0,0,0,0,0,0,0,0,0,2,0,6,0,0,0,0,0,0,0,0,0,1,1,0,0,0,0,0,0,1,0,1,0,0,0,2,3,5,0,0,0,676,27,36,138,355,637,315,802,214,176,18,88,3,10320,172,957,53,770,36,2820,983,1,7,47,2093,4324,112,28,16412,2,23,9,464,6693,15,0,409,0,438,4,0,4,301,739
0,0,0,0,0,0,0,0,0,0,0,0,0,0,0,0,0,0,0,0,0,0,0,0,0,0,8,0,0,0,0,0,0,1,0,0,0,0,0,28,0,0,0,0,0,0,0,0,0,0,0,0,0,0,0,0,0,0,0,0,2,2,1,0,0,0,0,1,1,0,1,3891,0,11,0,1410,93,4953,0,0,6393,47,0,0,2,12702,0,0,1,56,0,9119,1569,6062,3316,0,0,0,0,0
2,3,1,0,0,1,0,3,2,1,1,3,0,1,2,6,0,0,0,6,11,6,10,2,7,25,43,0,0,1,4,16,15,0,0,0,16,12,1,1,1,1,7,36,29,0,4,1,1,1,18,13,40,11,67,18,828,1456,326,1351,494,492,103,234,136,123,1710,397,228,480,296,104,19036,142,238,7,25,0,33,973,5,71,178,87,23,0,3369,429,402,36,6810,0,5,0,3,695,12,11,263,337
0,0,0,0,0,0,7,0,0,0,0,0,0,0,0,1,0,0,0,0,0,0,0,0,0,0,0,0,0,0,0,0,0,0,0,0,0,0,1,0,0,0,0,0,0,0,0,0,0,0,134,79,1086,402,981,2113,12,14,4,175,492,63,5,3,372,524,13953,10,3731,126,45,90,7361,6,37,1,1,0,70,235,0,8,296,205,9,0,429,19461,196,3,14920,0,3,0,1,1104,84,22,278,196
0,0,0,0,0,0,0,0,0,0,0,0,0,0,0,0,0,0,0,0,0,0,0,0,0,0,0,0,0,0,0,0,1,0,0,0,4,0,0,0,0,0,0,0,1,0,0,0,0,0,6,9,47,4,1,22,595,35,21,47,794,549,339,845,4168,10867,826,675,58,223,968,107,76,56,7325,10,36,0,4,1982,2,590,157,6105,464,1,402,196,33780,103,1012,0,43,0,9,46,1,6,1531,6946
0,0,0,0,0,0,0,0,1,1,1,0,1,0,0,0,0,0,0,5,0,0,8,0,4,12,55,1,0,0,0,17,5,2,0,0,10,4,0,24,0,0,0,49,7,2,8,0,0,0,0,0,5,0,0,0,161,94,81,927,208,699,199,157,36,23,29,69,9,8938,80,1888,253,7367,9,12825,17629,36,2,16,712,3251,22,5,6693,56,36,3,103,26170,17,905,29272,6,338,5,0,0,79,231
0,0,0,0,0,1,0,0,0,0,0,0,0,0,0,0,0,0,0,0,0,0,0,0,0,0,0,0,0,0,0,0,0,0,0,0,0,0,0,0,0,0,0,0,0,0,0,0,0,0,12,20,103,12,43,35,20,31,69,209,1271,273,32,37,372,563,4316,63,1026,129,360,137,3422,8,423,3,11,0,96,1188,0,39,654,473,15,0,6810,14920,1012,17,27279,1,2,0,0,10951,29,41,598,891
0,0,0,0,0,0,0,0,0,0,0,0,0,0,0,0,0,0,0,0,0,0,5,0,2,4,130,26,0,0,0,9,0,10,0,0,0,0,0,413,0,0,0,26,0,5,10,0,0,0,0,0,0,0,0,0,0,1,1,15,2,10,1,2,0,0,0,0,0,7,0,3275,1,386,0,2101,5431,22557,0,0,1906,167,0,0,0,9119,0,0,0,905,1,20539,11310,1598,747,0,0,0,0,2
0,0,0,0,0,0,0,0,1,1,0,0,0,0,0,0,0,0,0,0,0,0,3,0,0,9,71,4,0,0,0,7,1,0,0,0,1,0,0,107,0,0,0,37,1,2,7,0,0,0,0,1,1,0,0,1,47,23,29,589,70,234,59,93,7,5,5,24,3,1509,33,1878,97,11344,4,8283,25811,378,0,3,806,683,8,2,409,1569,5,3,43,29272,2,11310,46264,123,404,1,0,0,33,73
0,0,0,0,0,0,0,0,0,0,0,0,0,0,0,0,0,0,0,0,0,0,0,0,0,0,3,0,0,0,0,0,0,0,0,0,0,0,0,8,0,0,0,0,0,0,0,0,0,0,0,0,0,0,0,0,0,0,0,0,1,5,1,1,0,0,0,0,0,1,0,4575,0,0,0,226,15,9173,20,0,1380,31,4,0,0,6062,0,0,0,6,0,1598,123,7305,3268,0,4,0,0,0
0,0,0,0,0,0,0,0,0,0,0,0,0,0,0,0,0,0,0,0,0,0,6,0,0,4,17,0,0,0,0,13,0,0,0,0,0,0,0,4,0,0,0,13,1,1,4,0,0,0,0,0,0,0,0,0,13,7,7,9,31,130,198,9,1,1,0,8,0,55,13,6732,3,14,2,732,527,639,0,0,16636,9557,0,0,438,3316,3,1,9,338,0,747,404,3268,8872,0,0,0,2,10
73,69,79,25,25,171,5,0,0,2,0,0,0,13,3,22,0,0,0,0,0,13,0,0,0,0,0,0,1,4,5,0,0,0,4,0,0,0,4,0,1,0,0,0,0,0,0,194,18,1,554,177,932,658,4425,912,3,4,0,11,363,25,2,0,553,875,647,1,1,19,3,167,55,4,3,0,1,0,112,99,0,3,351,98,4,0,695,1104,46,5,10951,0,1,0,0,12800,312,29,257,67
0,0,7,0,0,2,0,0,0,0,0,0,0,0,0,1,0,0,0,0,0,0,0,0,0,0,0,0,0,0,0,0,0,0,0,0,0,0,0,0,0,0,0,0,0,0,0,1,0,0,10516,587,664,236,5583,73,2,6,0,2,60,4,0,0,13540,34,44,1,0,12,0,919,2,0,0,0,0,0,12169,63,0,0,2898,0,0,0,12,84,1,0,29,0,0,4,0,312,40294,590,440,11
0,0,1,0,0,0,0,0,0,0,0,0,0,0,0,0,0,0,0,0,0,0,0,0,0,0,0,0,0,0,0,0,0,0,0,0,0,0,0,0,0,0,0,0,0,0,0,0,0,0,226,102,79,50,49,25,1,0,1,0,27879,9,4,1,283,17,21,0,0,4,2,1015,1,0,0,0,0,0,22562,23,0,4,6836,0,4,0,11,22,6,0,41,0,0,0,0,29,590,40688,2367,70
0,1,12,1,0,1,0,0,0,0,0,0,0,0,0,0,0,0,0,0,0,0,0,0,0,0,0,0,0,0,1,0,0,0,1,0,3,0,0,0,0,0,0,0,0,0,0,0,0,0,437,927,1108,250,135,307,323,136,4,20,28041,115,127,108,5096,2384,597,62,9,300,54,1775,17,32,9,10,26,0,1015,586,3,335,26607,147,301,0,263,278,1531,79,598,0,33,0,2,257,440,2367,27769,7377
0,0,0,0,0,0,0,0,0,0,0,0,0,0,0,1,0,0,0,0,0,0,0,0,0,0,0,0,0,0,2,0,0,0,0,0,6,0,0,0,0,0,0,0,0,0,0,0,0,0,34,68,394,34,6,103,424,44,25,45,10108,1949,551,327,9125,4823,824,420,51,414,8533,299,103,127,3023,18,76,0,5,694,7,1071,1779,198,739,0,337,196,6946,231,891,2,73,0,10,67,11,70,7377,12434
