12543,5617,6782,2970,7460,426,618,7,3,45,1,2,3,8929,1257,577,0,3,4,9,7,290,5,3,5,6,2,20,393,406,36,5,6,6,120,12,35,10,117,4,219,46,342,14,9,11,5,240,2286,2,28,41,30,49,45,115,0,0,1,3,3,0,0,0,57,11,49,2,6,1,2,4,1,1,1,0,0,0,11,1,0,0,9,15,1,0,4,56,2,0,17,0,1,0,0,43,19,2,4,2
5617,32993,8139,23732,1228,542,1506,4,2,64,0,1,1,5188,5217,1004,1,1,6,3,5,738,7,4,3,2,3,30,290,451,22,4,1,4,119,8,55,2,111,0,422,124,280,13,15,24,14,404,599,7,72,75,75,38,110,214,0,0,0,1,5,0,0,0,69,14,49,1,11,0,1,5,0,1,1,0,1,0,5,1,0,0,5,12,3,0,6,69,1,0,13,1,0,0,0,106,20,3,9,2
6782,8139,18318,12070,6529,6496,6706,2,0,30,0,0,3,319,63,42,0,1,1,0,1,267,2,0,1,2,0,12,115,152,3,1,2,4,30,6,7,3,20,2,177,53,15,4,3,8,7,107,317,3,803,179,22,1471,110,100,0,0,0,0,0,0,0,0,20,1,7,0,4,0,0,2,1,0,0,0,0,0,3,0,0,0,3,0,0,1,0,9,0,0,0,0,2,0,0,33,28,1,1,1
2970,23732,12070,36337,886,1005,6348,60,21,407,16,19,20,5718,11697,5567,21,14,93,44,35,1130,13,9,43,17,11,36,369,980,207,42,31,29,394,153,160,63,354,9,746,477,2380,61,161,24,47,809,537,55,88,111,99,135,168,354,2,1,1,3,13,2,3,0,112,23,82,0,29,1,4,11,2,6,2,0,2,0,18,0,0,1,8,23,3,0,15,95,1,2,33,2,2,0,0,167,35,5,14,4
7460,1228,6529,886,18026,18581,1321,1,2,20,2,1,1,2676,521,218,0,0,8,2,2,53,2,5,3,2,5,4,156,101,16,5,5,4,111,16,42,5,153,0,58,21,233,7,15,3,2,263,4120,4,13,15,23,128,33,64,1,0,0,2,12,1,0,0,39,15,37,0,8,1,1,6,2,0,0,0,0,0,13,1,0,0,2,13,0,0,5,42,1,1,27,1,2,0,0,16,8,4,7,2
426,542,6496,1005,18581,28220,31492,3,1,50,0,1,2,101,17,76,0,0,4,0,0,66,0,3,5,1,10,5,51,75,5,0,3,0,812,9,45,3,365,2,35,23,31,7,5,2,2,2740,2240,2,234,42,18,1173,565,173,0,0,0,0,2,0,0,0,20,4,18,0,0,0,1,2,0,2,0,0,0,1,8,0,0,0,1,1,0,0,4,21,0,0,7,1,1,0,0,82,30,0,2,1
618,1506,6706,6348,1321,31492,20788,29,30,388,13,14,9,595,439,2010,9,5,57,24,26,511,10,42,29,14,16,21,161,550,149,22,17,25,5709,193,218,30,2300,5,445,286,508,76,68,8,18,2644,284,26,110,194,146,692,504,703,1,0,0,5,18,0,0,1,147,27,124,0,24,4,6,13,4,3,3,1,4,0,28,1,0,0,20,32,3,0,16,149,3,4,72,2,1,1,1,286,54,10,24,3
7,4,2,60,1,3,29,44002,8083,188,476,1793,11466,633,677,1379,4111,7923,2796,8473,829,1884,131,282,589,10,82,13,46,444,1681,90,2041,10,14,241,909,449,31,8,98,210,1712,163,1259,34,147,7,18,285,0,0,1,0,0,0,134,58,16,323,14,11,25,45,5,6,9,8,40,194,16,35,10,138,4,0,56,0,1,3,1,129,2,1,33,1,352,5,2,10,2,0,9,1,2,1,0,2,5,2
3,2,0,21,2,1,30,8083,56096,176,509,1153,3225,53,42,468,1367,219,3007,7883,660,1661,208,8179,7218,22,1982,34,22,90,137,100,1280,18,154,3984,4154,271,1002,71,51,129,212,588,658,32,157,75,9,61,0,0,2,0,0,1,206,121,27,724,24,22,52,89,4,13,4,13,40,388,24,59,31,341,16,7,418,1,0,11,9,222,5,7,70,1,926,4,4,30,5,2,27,3,0,2,0,0,6,4
45,64,30,407,20,50,388,188,176,26178,2070,1702,176,405,480,1968,366,32,869,78,5616,5807,759,118,106,98,78,104,314,278,263,255,525,55,423,1156,1239,81,1184,19,13226,11793,1933,398,156,398,639,460,62,7295,4,6,12,1,2,4,2,12,16,40,86,4,4,1,44,18,88,5,200,6,23,25,8,6,29,2,24,1,13,16,1,2,21,23,4,1,133,88,20,5,70,0,8,0,4,9,7,15,45,25
1,0,0,16,2,0,13,476,509,2070,3307,6813,293,35,15,397,391,15,444,114,1222,3428,1635,90,73,66,53,65,55,57,51,66,481,16,23,228,190,38,90,10,77,202,110,201,59,274,274,19,4,65,0,0,0,0,0,0,0,3,5,10,7,0,0,1,0,0,6,1,8,12,11,4,0,5,1,4,7,0,0,2,1,4,0,1,3,0,24,5,2,2,2,1,5,0,1,1,1,1,5,2
2,1,0,19,1,1,14,1793,1153,1702,6813,18905,8386,54,49,143,6411,118,250,874,6405,3877,3714,132,1063,61,184,66,83,224,158,375,6938,32,25,206,278,162,43,12,217,631,320,494,564,295,950,11,4,350,0,0,0,0,0,0,9,4,2,28,6,1,6,3,3,4,3,4,18,54,5,8,1,61,0,5,143,0,1,1,0,39,3,2,19,0,29,2,1,16,0,1,12,0,2,1,0,0,0,1
3,1,3,20,1,2,9,11466,3225,176,293,8386,24821,495,321,313,4728,766,441,2946,1099,976,326,105,813,21,115,12,61,656,782,303,6568,9,13,149,195,131,23,8,105,434,928,159,1293,50,378,9,8,394,0,0,2,1,0,0,49,20,3,114,6,2,19,22,1,6,1,4,15,147,5,24,1,127,0,3,75,0,0,2,0,109,1,2,28,0,90,1,0,8,1,0,4,1,0,0,0,1,1,3
8929,5188,319,5718,2676,101,595,633,53,405,35,54,495,54014,13847,2007,78,182,277,370,189,745,57,16,162,71,58,119,3572,24289,575,330,394,107,475,356,524,187,798,24,1118,1026,4344,184,1525,133,294,542,12329,1834,33,26,30,7,32,84,2,2,2,10,58,10,1,0,129,23,150,3,81,5,10,35,5,11,6,0,16,2,35,4,0,6,40,33,6,1,35,171,17,4,108,4,7,2,1,36,25,25,49,15
1257,5217,63,11697,521,17,439,677,42,480,15,49,321,13847,17251,2816,90,252,371,289,292,767,31,16,85,53,25,52,421,1649,966,115,222,65,262,215,214,131,254,8,783,1307,8528,107,889,35,107,376,597,5176,28,25,36,7,22,65,3,0,2,5,12,1,0,1,43,16,38,1,23,3,3,6,0,7,0,2,14,0,8,1,2,2,7,15,3,0,8,38,1,3,20,2,3,1,2,30,10,8,17,2
577,1004,42,5567,218,76,2010,1379,468,1968,397,143,313,2007,2816,28552,742,1541,7894,556,810,1018,45,107,359,62,63,35,185,669,13845,93,211,79,3980,5352,651,302,1757,15,467,540,16094,246,514,25,107,766,231,438,44,44,41,21,39,118,8,5,8,27,56,9,2,6,82,31,110,4,158,13,13,38,5,16,12,2,24,0,26,9,2,17,31,26,8,0,57,128,23,10,64,1,8,1,0,56,21,20,36,16
0,1,0,21,0,0,9,4111,1367,366,391,6411,4728,78,90,742,6859,1496,877,168,7323,505,244,135,97,20,26,13,15,203,1128,177,1078,10,40,282,289,37,53,4,68,319,481,95,290,49,261,7,4,322,0,0,1,0,0,0,2,1,4,25,10,4,1,1,1,4,2,1,17,3,6,4,2,2,1,1,12,0,3,4,0,4,0,2,5,0,60,3,2,1,4,0,1,0,0,0,0,2,4,3
3,1,1,14,0,0,5,7923,219,32,15,118,766,182,252,1541,1496,4411,1849,191,189,69,19,32,29,5,6,1,9,104,2619,24,217,3,6,44,57,26,6,0,15,51,684,10,238,0,27,1,6,160,0,1,1,0,0,0,0,2,2,3,2,0,0,0,2,0,1,0,3,2,3,2,0,7,1,1,3,0,0,0,0,2,1,0,1,0,8,0,1,0,0,0,0,0,0,0,0,0,2,0
4,6,1,93,8,4,57,2796,3007,869,444,250,441,277,371,7894,877,1849,9997,1335,1033,649,63,374,832,16,78,7,47,222,2862,56,292,23,133,3207,669,360,229,10,137,175,1577,268,360,15,73,16,26,157,0,1,3,0,0,2,16,11,15,52,38,4,7,1,6,8,28,2,125,14,26,27,10,27,14,3,27,1,4,9,2,30,6,3,5,0,106,34,14,3,22,1,2,1,0,2,0,8,21,14
9,3,0,44,2,0,24,8473,7883,78,114,874,2946,370,289,556,168,191,1335,28046,152,1123,323,173,7266,31,278,15,39,250,504,90,5273,25,49,730,204,4800,62,11,60,122,786,622,4642,37,132,15,14,102,0,0,3,0,0,1,169,41,4,363,2,7,67,74,19,14,6,12,21,520,4,80,13,496,5,4,603,1,3,6,7,382,10,13,149,1,134,3,5,30,3,0,20,0,6,1,1,2,6,10
7,5,1,35,2,0,26,829,660,5616,1222,6405,1099,189,292,810,7323,189,1033,152,12101,907,561,214,161,55,76,63,131,875,1429,429,1279,53,107,913,1123,89,278,21,605,3400,4451,319,612,276,852,21,5,5500,0,0,3,0,0,3,3,11,23,35,49,8,4,2,4,12,11,7,125,5,32,16,6,5,15,3,21,0,3,10,0,1,6,4,5,2,132,20,11,3,9,1,9,2,0,5,1,11,17,9
290,738,267,1130,53,66,511,1884,1661,5807,3428,3877,976,745,767,1018,505,69,649,1123,907,18989,7804,100,1038,672,529,2231,6821,743,200,557,968,413,275,579,553,473,643,289,17617,2059,1371,3286,907,5581,1022,211,48,378,7,6,14,0,6,15,16,9,9,59,60,7,7,8,39,10,69,8,114,38,13,30,13,59,19,23,102,6,18,10,13,30,23,13,31,12,85,63,20,23,54,18,47,3,6,6,6,12,27,15
5,7,2,13,2,0,10,131,208,759,1635,3714,326,57,31,45,244,19,63,323,561,7804,8297,66,1055,506,1062,527,461,193,57,586,3701,164,20,84,43,568,69,86,268,323,127,3460,744,3421,3971,19,2,108,0,0,1,0,0,0,2,2,0,10,2,1,1,0,1,1,1,1,2,11,1,11,1,36,0,17,145,2,1,0,12,22,1,2,37,3,6,0,1,46,0,8,85,0,16,2,0,0,2,0
3,4,0,9,5,3,42,282,8179,118,90,132,105,16,16,107,135,32,374,173,214,100,66,3825,763,13,2196,61,13,37,36,28,95,29,100,3884,3568,45,5212,188,30,50,73,609,69,15,84,158,13,18,0,0,1,0,1,1,4,2,2,22,4,2,3,1,2,2,2,2,15,8,1,5,1,12,1,5,35,0,2,1,3,7,0,1,8,1,74,3,0,8,1,3,15,0,1,1,1,0,4,0
5,3,1,43,3,5,29,589,7218,106,73,1063,813,162,85,359,97,29,832,7266,161,1038,1055,763,9542,94,7003,51,48,209,153,423,4003,110,117,1598,140,1055,581,120,54,131,388,3770,2247,162,795,95,19,89,0,0,1,0,0,0,40,4,2,140,3,5,26,17,17,13,3,11,24,277,8,95,14,630,8,24,1255,2,3,8,15,274,8,7,353,14,55,5,14,237,1,9,133,3,12,4,2,2,7,6
6,2,2,17,2,1,14,10,22,98,66,61,21,71,53,62,20,5,16,31,55,672,506,13,94,8358,506,301,84,54,73,9701,155,4716,7,13,10,4252,23,221,86,59,179,8573,1129,908,3696,11,4,16,0,0,1,0,0,0,1,1,0,4,0,0,3,1,2,1,1,0,3,4,2,19,0,12,1,123,141,11,0,1,62,20,1,0,32,25,1,1,2,61,2,23,241,2,50,1,0,1,1,2
2,3,0,11,5,10,16,82,1982,78,53,184,115,58,25,63,26,6,78,278,76,529,1062,2196,7003,506,16656,1074,44,58,59,864,784,466,45,407,809,1193,937,5506,36,75,117,12262,1088,391,1556,477,42,20,2,2,3,0,1,6,2,0,1,18,5,0,2,3,4,5,1,1,17,32,1,56,14,92,3,111,544,16,3,2,69,43,3,4,119,41,5,4,6,181,0,138,404,11,56,2,0,1,8,3
20,30,12,36,4,5,21,13,34,104,65,66,12,119,52,35,13,1,7,15,63,2231,527,61,51,301,1074,57792,1883,339,20,589,65,9663,8,20,263,155,109,11922,854,168,94,2167,198,16624,8597,84,11,22,0,0,0,0,0,0,0,0,0,2,3,0,0,0,1,0,1,0,3,1,0,1,1,1,0,14,24,14,1,0,4,0,1,0,2,31,1,0,0,5,2,124,37,0,6,0,0,0,1,0
393,290,115,369,156,51,161,46,22,314,55,83,61,3572,421,185,15,9,47,39,131,6821,461,13,48,84,44,1883,112721,10704,62,140,103,153,89,64,144,50,156,147,29716,1345,488,513,149,2098,270,177,8013,195,4,4,2,2,2,5,0,1,0,2,7,0,0,0,13,3,30,0,23,0,0,7,4,0,2,3,7,1,7,1,1,1,12,5,3,2,13,22,4,4,11,9,8,0,3,4,0,4,17,5
406,451,152,980,101,75,550,444,90,278,57,224,656,24289,1649,669,203,104,222,250,875,743,193,37,209,54,58,339,10704,50431,454,592,760,92,290,330,661,140,548,35,7969,6652,2697,363,1481,408,636,231,992,2427,6,8,9,4,2,8,1,1,7,17,53,6,1,0,54,20,98,1,153,6,15,28,11,10,18,1,32,0,21,7,0,3,26,21,10,0,48,100,20,3,66,0,11,1,4,5,13,17,44,20
36,22,3,207,16,5,149,1681,137,263,51,158,782,575,966,13845,1128,2619,2862,504,1429,200,57,36,153,73,59,20,62,454,14105,212,393,135,405,938,386,296,370,17,168,556,15218,194,1458,36,184,163,36,1214,3,1,3,2,2,4,7,2,6,17,27,2,0,1,10,4,19,1,65,13,9,3,0,10,12,1,18,1,6,2,0,10,4,6,7,1,45,27,4,8,13,0,2,0,2,0,0,5,10,5
5,4,1,42,5,0,22,90,100,255,66,375,303,330,115,93,177,24,56,90,429,557,586,28,423,9701,864,589,140,592,212,29215,6687,4142,12,48,27,1325,59,490,191,529,426,6733,9589,1886,19133,24,22,210,2,0,3,0,0,0,0,0,0,5,6,1,4,1,1,2,2,1,3,10,2,18,0,20,2,131,152,9,2,1,53,25,2,0,49,75,3,2,0,67,1,70,285,5,45,2,0,0,3,1
6,1,2,31,5,3,17,2041,1280,525,481,6938,6568,394,222,211,1078,217,292,5273,1279,968,3701,95,4003,155,784,65,103,760,393,6687,17619,139,28,221,86,1292,80,30,261,920,719,3048,11496,353,4212,15,10,543,0,1,0,0,0,0,33,8,1,75,2,10,32,17,5,9,5,4,21,202,4,45,6,235,2,9,511,0,2,2,5,157,5,5,105,4,30,3,6,55,1,3,50,1,13,1,0,1,9,2
6,4,4,29,4,0,25,10,18,55,16,32,9,107,65,79,10,3,23,25,53,413,164,29,110,4716,466,9663,153,92,135,4142,139,16736,12,27,27,1247,33,3900,112,49,251,10792,784,2917,14529,19,11,16,0,0,0,0,0,0,0,2,1,3,1,0,1,1,0,0,1,0,0,2,0,9,4,9,0,53,96,41,2,0,30,5,1,0,6,239,6,0,1,15,2,534,249,8,38,5,0,0,2,1
120,119,30,394,111,812,5709,14,154,423,23,25,13,475,262,3980,40,6,133,49,107,275,20,100,117,7,45,8,89,290,405,12,28,12,6729,3318,554,33,12234,4,196,140,1232,75,45,6,18,4538,175,35,43,32,53,17,37,117,1,1,0,3,35,5,2,0,72,22,92,1,52,2,5,16,3,5,9,3,11,1,18,5,0,5,19,18,2,0,22,87,13,0,43,0,1,0,1,54,18,16,31,9
12,8,6,153,16,9,193,241,3984,1156,228,206,149,356,215,5352,282,44,3207,730,913,579,84,3884,1598,13,407,20,64,330,938,48,221,27,3318,8612,2549,234,4405,31,262,315,1547,654,177,24,88,170,37,172,2,2,9,0,2,5,13,10,12,48,113,11,7,5,37,16,89,7,351,25,29,39,9,22,32,2,34,0,18,20,0,20,30,20,7,0,184,110,19,5,79,1,9,1,1,3,7,20,58,32
35,55,7,160,42,45,218,909,4154,1239,190,278,195,524,214,651,289,57,669,204,1123,553,43,3568,140,10,809,263,144,661,386,27,86,27,554,2549,2036,30,6886,631,410,513,1269,352,70,28,74,1151,94,239,2,9,23,1,1,10,29,13,7,115,108,14,7,17,80,23,125,6,167,23,28,37,18,16,24,1,12,2,28,10,1,12,39,33,1,5,889,147,35,6,97,24,15,0,5,11,16,29,66,48
10,2,3,63,5,3,30,449,271,81,38,162,131,187,131,302,37,26,360,4800,89,473,568,45,1055,4252,1193,155,50,140,296,1325,1292,1247,33,234,30,16269,80,109,66,91,585,15279,4086,256,1322,25,16,67,0,0,0,0,0,0,3,5,3,23,6,2,6,3,11,5,3,2,8,72,6,56,10,160,7,92,565,2,1,4,47,93,6,7,138,27,5,1,9,217,2,15,302,2,44,1,1,3,5,5
117,111,20,354,153,365,2300,31,1002,1184,90,43,23,798,254,1757,53,6,229,62,278,643,69,5212,581,23,937,109,156,548,370,59,80,33,12234,4405,6886,80,22231,349,344,287,1401,778,88,38,81,5664,326,94,14,14,25,6,16,39,2,2,5,24,57,3,3,1,77,20,112,3,162,6,13,40,10,10,10,7,18,4,26,6,4,6,28,24,6,3,79,131,11,10,56,10,11,0,0,28,16,16,57,17
4,0,2,9,0,2,5,8,71,19,10,12,8,24,8,15,4,0,10,11,21,289,86,188,120,221,5506,11922,147,35,17,490,30,3900,4,31,631,109,349,21908,97,25,24,11083,74,2265,3126,232,15,5,0,0,0,0,1,2,0,0,0,1,2,0,0,0,0,0,1,0,1,2,0,10,5,7,1,34,104,129,1,0,25,1,4,0,6,267,10,1,0,11,3,1288,307,12,40,12,0,0,4,0
219,422,177,746,58,35,445,98,51,13226,77,217,105,1118,783,467,68,15,137,60,605,17617,268,30,54,86,36,854,29716,7969,168,191,261,112,196,262,410,66,344,97,66518,13057,1232,380,284,907,353,183,48,727,5,3,9,1,4,10,0,3,3,8,44,4,2,0,22,9,43,1,92,1,11,8,4,2,7,3,11,0,6,5,2,1,7,8,6,2,39,34,8,1,37,3,9,0,0,1,7,7,17,11
46,124,53,477,21,23,286,210,129,11793,202,631,434,1026,1307,540,319,51,175,122,3400,2059,323,50,131,59,75,168,1345,6652,556,529,920,49,140,315,513,91,287,25,13057,21775,3702,286,660,338,707,117,48,11536,0,2,7,1,1,10,0,3,8,14,24,5,2,1,16,5,31,2,82,3,8,13,5,6,10,2,12,1,8,5,3,3,7,3,3,2,49,29,10,2,21,2,5,0,1,2,3,3,9,9
342,280,15,2380,233,31,508,1712,212,1933,110,320,928,4344,8528,16094,481,684,1577,786,4451,1371,127,73,388,179,117,94,488,2697,15218,426,719,251,1232,1547,1269,585,1401,24,1232,3702,29125,456,2413,122,445,889,308,10813,32,21,29,9,21,95,7,2,3,28,69,8,4,3,97,25,106,2,174,30,11,38,8,19,17,3,53,1,26,4,4,16,26,11,14,2,82,95,1,20,70,0,15,1,2,38,18,15,51,19
14,13,4,61,7,7,76,163,588,398,201,494,159,184,107,246,95,10,268,622,319,3286,3460,609,3770,8573,12262,2167,513,363,194,6733,3048,10792,75,654,352,15279,778,11083,380,286,456,53068,2998,4514,12651,328,18,109,3,2,1,1,2,4,6,2,0,24,12,6,16,1,8,10,6,4,12,43,19,110,14,174,5,471,777,51,2,2,237,100,11,4,229,265,11,10,7,304,5,445,1107,28,209,9,3,2,6,10
9,15,3,161,15,5,68,1259,658,156,59,564,1293,1525,889,514,290,238,360,4642,612,907,744,69,2247,1129,1088,198,149,1481,1458,9589,11496,784,45,177,70,4086,88,74,284,660,2413,2998,13122,401,3563,56,84,531,1,0,4,0,0,1,9,7,0,45,9,1,11,5,11,14,8,8,12,135,13,66,11,299,6,36,737,3,4,1,16,124,3,5,220,8,19,2,5,182,3,8,156,1,25,1,1,2,4,10
11,24,8,24,3,2,8,34,32,398,274,295,50,133,35,25,49,0,15,37,276,5581,3421,15,162,908,391,16624,2098,408,36,1886,353,2917,6,24,28,256,38,2265,907,338,122,4514,401,14826,11529,9,5,59,0,0,0,0,1,0,1,0,1,3,1,0,0,1,2,0,0,0,5,2,0,9,1,3,0,43,45,14,1,0,23,5,0,1,8,80,2,4,2,11,1,128,119,3,23,1,0,0,1,0
5,14,7,47,2,2,18,147,157,639,274,950,378,294,107,107,261,27,73,132,852,1022,3971,84,795,3696,1556,8597,270,636,184,19133,4212,14529,18,88,74,1322,81,3126,353,707,445,12651,3563,11529,31133,39,11,268,0,0,0,0,0,3,0,1,3,2,4,0,2,1,3,2,1,1,8,10,4,19,6,37,2,137,270,44,2,2,63,25,1,1,59,289,10,0,1,100,10,422,472,11,67,4,1,2,4,2
240,404,107,809,263,2740,2644,7,75,460,19,11,9,542,376,766,7,1,16,15,21,211,19,158,95,11,477,84,177,231,163,24,15,19,4538,170,1151,25,5664,232,183,117,889,328,56,9,39,7980,1802,25,50,113,59,58,200,285,0,1,0,2,3,1,0,0,61,14,51,1,14,1,3,3,3,2,1,3,7,2,9,0,3,1,4,7,1,2,9,86,2,4,27,13,9,0,2,196,26,3,3,4
2286,599,317,537,4120,2240,284,18,9,62,4,4,8,12329,597,231,4,6,26,14,5,48,2,13,19,4,42,11,8013,992,36,22,10,11,175,37,94,16,326,15,48,48,308,18,84,5,11,1802,16242,11,8,5,8,7,22,17,0,0,0,0,6,1,0,1,27,8,31,1,5,0,2,3,1,0,0,0,1,0,0,1,0,1,6,11,1,0,2,39,2,1,14,1,3,0,0,8,8,2,13,1
2,7,3,55,4,2,26,285,61,7295,65,350,394,1834,5176,438,322,160,157,102,5500,378,108,18,89,16,20,22,195,2427,1214,210,543,16,35,172,239,67,94,5,727,11536,10813,109,531,59,268,25,11,12219,1,0,0,0,0,1,2,0,2,6,9,0,0,1,3,5,12,1,28,2,3,6,4,1,3,0,7,0,0,1,0,1,4,2,1,0,25,6,3,2,6,0,1,0,1,0,0,5,6,2
28,72,803,88,13,234,110,0,0,4,0,0,0,33,28,44,0,0,0,0,0,7,0,0,0,0,2,0,4,6,3,2,0,0,43,2,2,0,14,0,5,0,32,3,1,0,0,50,8,1,23629,12532,4306,15371,9514,4215,6,8,2,3,46,4,7,1,11495,309,315,2,49,11,9,161,2,5,6,13,2,15,904,0,7,21,279,85,17,5,21,199,8,21,90,4,13,7,7,256,6798,126,97,21
41,75,179,111,15,42,194,0,0,6,0,0,0,26,25,44,0,1,1,0,0,6,0,0,0,0,2,0,4,8,1,0,1,0,32,2,9,0,14,0,3,2,21,2,0,0,0,113,5,0,12532,61589,15533,8241,1632,10142,5,2,1,8,148,11,1,3,8187,178,155,4,25,10,8,684,4,8,9,13,8,26,987,2,7,5,696,33,11,15,21,179,9,7,66,1,8,16,8,262,1193,496,425,29
30,75,22,99,23,18,146,1,2,12,0,0,2,30,36,41,1,1,3,3,3,14,1,1,1,1,3,0,2,9,3,3,0,0,53,9,23,0,25,0,9,7,29,1,4,0,0,59,8,0,4306,15533,35669,374,470,8903,44,53,8,47,542,37,14,13,22712,5884,3587,37,469,114,74,553,30,76,42,75,40,26,997,25,40,87,1010,589,213,16,85,776,108,156,213,10,97,20,32,470,1737,490,1019,172
49,38,1471,135,128,1173,692,0,0,1,0,0,1,7,7,21,0,0,0,0,0,0,0,0,0,0,0,0,2,4,2,0,0,0,17,0,1,0,6,0,1,1,9,1,0,0,0,58,7,0,15371,8241,374,28240,21832,31004,0,0,0,1,38,2,1,0,540,19,89,0,10,2,2,160,0,1,0,6,4,8,304,2,0,3,165,5,4,4,7,125,3,1,25,2,4,7,3,526,876,116,85,6
45,110,110,168,33,565,504,0,0,2,0,0,0,32,22,39,0,0,0,0,0,6,0,1,0,0,1,0,2,2,2,0,0,0,37,2,1,0,16,1,4,1,21,2,0,1,0,200,22,0,9514,1632,470,21832,30846,10469,0,4,0,6,86,5,0,1,1798,65,237,1,23,6,6,38,21,27,2,5,36,14,212,2,1,3,77,21,6,1,56,1100,6,9,315,23,40,3,2,3668,6074,44,102,16
115,214,100,354,64,173,703,0,1,4,0,0,0,84,65,118,0,0,2,1,3,15,0,1,0,0,6,0,5,8,4,0,0,0,117,5,10,0,39,2,10,10,95,4,1,0,3,285,17,1,4215,10142,8903,31004,10469,30147,21,16,9,24,460,28,6,4,3715,298,1520,10,152,45,21,482,19,19,17,39,16,15,667,9,14,27,914,65,90,14,57,3432,51,58,307,3,42,6,10,1940,627,402,869,127
0,0,0,2,1,0,1,134,206,2,0,9,49,2,3,8,2,0,16,169,3,16,2,4,40,1,2,0,0,1,7,0,33,0,1,13,29,3,2,0,0,0,7,6,9,1,0,0,0,2,6,5,44,0,0,21,5424,10338,994,1958,55,85,569,4342,395,614,227,1561,721,2714,33,322,156,737,209,29,157,5,53,538,56,3072,88,501,313,9,868,13,260,78,19,2,43,7,26,5,9,15,73,47
0,0,0,1,0,0,0,58,121,12,3,4,20,2,0,5,1,2,11,41,11,9,2,2,4,1,0,0,1,1,2,0,8,2,1,10,13,5,2,0,3,3,2,2,7,0,1,1,0,0,8,2,53,0,4,16,10338,31143,5758,6796,170,772,684,2423,208,307,200,7653,1548,2167,417,1734,308,259,174,56,74,19,36,781,109,1248,34,352,414,17,1663,28,115,163,15,5,102,30,103,10,10,24,55,24
1,0,0,1,0,0,0,16,27,16,5,2,3,2,2,8,4,2,15,4,23,9,0,2,2,0,1,0,0,7,6,0,1,1,0,12,7,3,5,0,3,8,3,0,0,1,3,0,0,2,2,1,8,0,0,9,994,5758,7698,2526,687,784,268,455,66,158,205,5117,2155,597,738,630,70,107,387,22,34,5,14,2815,65,549,29,232,308,18,419,18,116,139,17,4,68,12,67,8,5,32,87,59
3,1,0,3,2,0,5,323,724,40,10,28,114,10,5,27,25,3,52,363,35,59,10,22,140,4,18,2,2,17,17,5,75,3,3,48,115,23,24,1,8,14,28,24,45,3,2,2,0,6,3,8,47,1,6,24,1958,6796,2526,66314,532,1138,1715,1925,74,119,237,1395,3705,5401,1457,2113,9200,5553,349,102,1663,30,37,218,107,1928,38,106,422,46,10570,189,83,626,109,51,729,62,146,28,8,33,123,107
3,5,0,13,12,2,18,14,24,86,7,6,6,58,12,56,10,2,38,2,49,60,2,4,3,0,5,3,7,53,27,6,2,1,35,113,108,6,57,2,44,24,69,12,9,1,4,3,6,9,46,148,542,38,86,460,55,170,687,532,29925,3664,1581,85,297,515,910,189,3316,74,5119,2605,167,68,916,153,193,153,305,221,203,195,290,511,196,104,1004,629,678,197,1172,35,431,203,319,506,35,17550,11984,5673
0,0,0,2,1,0,0,11,22,4,0,1,2,10,1,9,4,0,4,7,8,7,1,2,5,0,0,0,0,6,2,1,10,0,5,11,14,2,3,0,4,5,8,6,1,0,0,1,1,0,4,11,37,2,5,28,85,772,784,1138,3664,4616,6218,262,56,95,149,357,941,125,2820,5140,89,126,198,27,67,26,44,100,45,365,36,122,64,26,248,68,92,70,105,5,112,87,123,45,4,92,228,201
0,0,0,3,0,0,0,25,52,4,0,6,19,1,0,2,1,0,7,67,4,7,1,3,26,3,2,0,0,1,0,4,32,1,2,7,7,6,3,0,2,2,4,16,11,0,2,0,0,0,7,1,14,1,0,6,569,684,268,1715,1581,6218,12881,7482,49,102,78,4136,401,493,7237,7164,105,888,697,128,303,56,33,244,194,6617,54,80,329,63,317,26,239,207,31,11,250,253,523,5,4,39,130,268
0,0,0,0,0,0,1,45,89,1,1,3,22,0,1,6,1,0,1,74,2,8,0,1,17,1,3,0,0,0,1,1,17,1,0,5,17,3,1,0,0,1,3,1,5,1,1,0,1,1,1,3,13,0,1,4,4342,2423,455,1925,85,262,7482,15594,154,240,109,6616,345,547,746,834,107,603,339,35,157,10,27,396,112,3803,79,172,273,27,509,9,242,75,10,2,65,25,160,2,2,17,85,104
57,69,20,112,39,20,147,5,4,44,0,3,1,129,43,82,1,2,6,19,4,39,1,2,17,2,4,1,13,54,10,1,5,0,72,37,80,11,77,0,22,16,97,8,11,2,3,61,27,3,11495,8187,22712,540,1798,3715,395,208,66,74,297,56,49,154,76251,18203,1742,239,662,544,98,542,21,283,186,358,126,84,8354,290,289,851,12513,3368,1562,115,214,582,2083,538,548,11,281,37,155,581,10810,489,1057,650
11,14,1,23,15,4,27,6,13,18,0,4,6,23,16,31,4,0,8,14,12,10,1,2,13,1,5,0,3,20,4,2,9,0,22,16,23,5,20,0,9,5,25,10,14,0,2,14,8,5,309,178,5884,19,65,298,614,307,158,119,515,95,102,240,18203,28566,2666,395,1275,655,256,579,30,314,510,328,161,84,1350,693,443,1130,4500,7948,1604,125,120,248,9231,607,249,20,294,41,266,255,535,425,3786,4263
49,49,7,82,37,18,124,9,4,88,6,3,1,150,38,110,2,1,28,6,11,69,1,2,3,1,1,1,30,98,19,2,5,1,92,89,125,3,112,1,43,31,106,6,8,0,1,51,31,12,315,155,3587,89,237,1520,227,200,205,237,910,149,78,109,1742,2666,17463,310,7791,271,296,322,63,158,1359,65,62,11,283,3528,75,375,337,11309,339,19,352,6689,1513,182,1118,4,78,2,63,871,295,204,723,380
2,1,0,0,0,0,0,8,13,5,1,4,4,3,1,4,1,0,2,12,7,8,1,2,11,0,1,0,0,1,1,1,4,0,1,7,6,2,3,0,1,2,2,4,8,0,1,1,1,1,2,4,37,0,1,10,1561,7653,5117,1395,189,357,4136,6616,239,395,310,12453,1234,161,6411,861,99,166,2793,76,62,18,34,5032,210,1769,70,489,331,41,337,30,411,98,36,3,109,39,334,5,11,14,93,125
6,11,4,29,8,0,24,40,40,200,8,18,15,81,23,158,17,3,125,21,125,114,2,15,24,3,17,3,23,153,65,3,21,0,52,351,167,8,162,1,92,82,174,12,12,5,8,14,5,28,49,25,469,10,23,152,721,1548,2155,3705,3316,941,401,345,662,1275,7791,1234,21523,1062,2158,1000,2527,1056,2902,139,343,37,196,4855,149,844,376,2657,620,52,2745,2848,1524,601,1957,36,501,40,135,193,63,410,1285,1031
1,0,0,1,1,0,4,194,388,6,12,54,147,5,3,13,3,2,14,520,5,38,11,8,277,4,32,1,0,6,13,10,202,2,2,25,23,72,6,2,1,3,30,43,135,2,10,1,0,2,11,10,114,2,6,45,2714,2167,597,5401,74,125,493,547,544,655,271,161,1062,22192,74,884,131,4450,205,137,1073,16,89,273,179,5122,217,632,5078,39,424,54,300,3807,57,17,610,15,108,30,37,28,160,87
2,1,0,4,1,1,6,16,24,23,11,5,5,10,3,13,6,3,26,4,32,13,1,1,8,2,1,0,0,15,9,2,4,0,5,29,28,6,13,0,11,8,11,19,13,0,4,3,2,3,9,8,74,2,6,21,33,417,738,1457,5119,2820,7237,746,98,256,296,6411,2158,74,10784,2086,373,144,5188,111,149,92,67,1555,260,711,152,215,207,106,937,180,696,152,276,16,310,163,585,37,10,125,858,5297
4,5,2,11,6,2,13,35,59,25,4,8,24,35,6,38,4,2,27,80,16,30,11,5,95,19,56,1,7,28,3,18,45,9,16,39,37,56,40,10,8,13,38,110,66,9,19,3,3,6,161,684,553,160,38,482,322,1734,630,2113,2605,5140,7164,834,542,579,322,861,1000,884,2086,41607,162,1835,529,1403,1495,2895,6374,181,1755,7234,2267,324,1821,1572,419,196,405,1909,338,282,3734,8608,7441,189,63,3350,2033,730
1,0,1,2,2,0,4,10,31,8,0,1,1,5,0,5,2,0,10,13,6,13,1,1,14,0,14,1,4,11,0,0,6,4,3,9,18,10,10,5,4,5,8,14,11,1,6,3,1,4,2,4,30,0,21,19,156,308,70,9200,167,89,105,107,21,30,63,99,2527,131,373,162,8695,2649,103,35,1247,38,12,46,23,169,18,20,49,33,4539,1794,27,122,1885,250,685,17,49,175,13,20,61,48
1,1,0,6,0,2,3,138,341,6,5,61,127,11,7,16,2,7,27,496,5,59,36,12,630,12,92,1,0,10,10,20,235,9,5,22,16,160,10,7,2,6,19,174,299,3,37,2,0,1,5,8,76,1,27,19,737,259,107,5553,68,126,888,603,283,314,158,166,1056,4450,144,1835,2649,19761,206,141,13244,115,88,81,222,4974,189,195,974,134,1001,206,219,1399,469,840,2870,32,246,205,25,39,177,134
1,1,0,2,0,0,3,4,16,29,1,0,0,6,0,12,1,1,14,5,15,19,0,1,8,1,3,0,2,18,12,2,2,0,9,32,24,7,10,1,7,10,17,5,6,0,2,1,0,3,6,9,42,0,2,17,209,174,387,349,916,198,697,339,186,510,1359,2793,2902,205,5188,529,103,206,10212,196,128,47,87,6051,382,865,268,989,653,120,655,223,6777,203,456,6,203,72,367,52,12,84,1151,3471
0,0,0,0,0,0,1,0,7,2,4,5,3,0,2,2,1,1,3,4,3,23,17,5,24,123,111,14,3,1,1,131,9,53,3,2,1,92,7,34,3,2,3,471,36,43,137,3,0,0,13,13,75,6,5,39,29,56,22,102,153,27,128,35,358,328,65,76,139,137,111,1403,35,141,196,16949,1080,495,157,47,9120,1223,196,169,4035,11274,25,18,186,6719,31,493,7360,319,2176,30,28,64,223,158
0,1,0,2,0,0,4,56,418,24,7,143,75,16,14,24,12,3,27,603,21,102,145,35,1255,141,544,24,7,32,18,152,511,96,11,34,12,565,18,104,11,12,53,777,737,45,270,7,1,7,2,8,40,4,36,16,157,74,34,1663,193,67,303,157,126,161,62,62,343,1073,149,1495,1247,13244,128,1080,14697,1210,72,42,723,2098,89,88,1241,498,947,152,115,1507,819,7166,11707,100,1023,498,39,43,191,147
0,0,0,0,0,1,0,0,1,1,0,0,0,2,0,0,0,0,1,1,0,6,2,0,2,11,16,14,1,0,1,9,0,41,1,0,2,2,4,129,0,1,1,51,3,14,44,2,0,0,15,26,26,8,14,15,5,19,5,30,153,26,56,10,84,84,11,18,37,16,92,2895,38,115,47,495,1210,47051,3229,6,342,181,405,16,94,14166,204,23,54,95,128,18174,2583,15785,2040,168,35,532,226,149
11,5,3,18,13,8,28,1,0,13,0,1,0,35,8,26,3,0,4,3,3,18,1,2,3,0,3,1,7,21,6,2,2,2,18,18,28,1,26,1,6,8,26,2,4,1,2,9,0,0,904,987,997,304,212,667,53,36,14,37,305,44,33,27,8354,1350,283,34,196,89,67,6374,12,88,87,157,72,3229,106877,37,214,208,25160,364,343,820,143,160,376,115,188,159,315,2055,448,189,17833,27253,2505,344
1,1,0,0,1,0,1,3,11,16,2,1,2,4,1,9,4,0,9,6,10,10,0,1,8,1,2,0,1,7,2,1,2,0,5,20,10,4,6,0,5,5,4,2,1,0,2,0,1,1,0,2,25,2,2,9,538,781,2815,218,221,100,244,396,290,693,3528,5032,4855,273,1555,181,46,81,6051,47,42,6,37,7932,123,661,65,3055,438,25,196,70,1072,96,107,1,57,7,100,9,9,26,111,162
0,0,0,0,0,0,0,1,9,1,1,0,0,0,2,2,0,0,2,7,0,13,12,3,15,62,69,4,1,0,0,53,5,30,0,0,1,47,4,25,2,3,4,237,16,23,63,3,0,0,7,7,40,0,1,14,56,109,65,107,203,45,194,112,289,443,75,210,149,179,260,1755,23,222,382,9120,723,342,214,123,15739,5102,387,120,6431,5057,32,11,470,997,26,396,4004,381,6465,19,20,73,527,494
0,0,0,1,0,0,0,129,222,2,4,39,109,6,2,17,4,2,30,382,1,30,22,7,274,20,43,0,1,3,10,25,157,5,5,20,12,93,6,1,1,3,16,100,124,5,25,1,1,1,21,5,87,3,3,27,3072,1248,549,1928,195,365,6617,3803,851,1130,375,1769,844,5122,711,7234,169,4974,865,1223,2098,181,208,661,5102,31969,450,636,14296,687,349,49,1023,2632,50,65,2047,351,6183,30,35,73,465,488
9,5,3,8,2,1,20,2,5,21,0,3,1,40,7,31,0,1,6,10,6,23,1,0,8,1,3,1,12,26,4,2,5,1,19,30,39,6,28,4,7,7,26,11,3,0,1,4,6,4,279,696,1010,165,77,914,88,34,29,38,290,36,54,79,12513,4500,337,70,376,217,152,2267,18,189,268,196,89,405,25160,65,387,450,47787,738,653,222,221,210,1248,167,279,49,200,244,264,211,799,6939,16888,1629
15,12,0,23,13,1,32,1,7,23,1,2,2,33,15,26,2,0,3,13,4,13,2,1,7,0,4,0,5,21,6,0,5,0,18,20,33,7,24,0,8,3,11,4,5,1,1,7,11,2,85,33,589,5,21,65,501,352,232,106,511,122,80,172,3368,7948,11309,489,2657,632,215,324,20,195,989,169,88,16,364,3055,120,636,738,13711,940,36,185,303,5336,426,213,7,208,13,80,184,160,211,1018,582
1,3,0,3,0,0,3,33,70,4,3,19,28,6,3,8,5,1,5,149,5,31,37,8,353,32,119,2,3,10,7,49,105,6,2,7,1,138,6,6,6,3,14,229,220,8,59,1,1,1,17,11,213,4,6,90,313,414,308,422,196,64,329,273,1562,1604,339,331,620,5078,207,1821,49,974,653,4035,1241,94,343,438,6431,14296,653,940,16296,571,97,35,752,5220,44,48,1040,104,958,30,106,135,623,431
0,0,1,0,0,0,0,1,1,1,0,0,0,1,0,0,0,0,0,1,2,12,3,1,14,25,41,31,2,0,1,75,4,239,0,0,5,27,3,267,2,2,2,265,8,80,289,2,0,0,5,15,16,4,1,14,9,17,18,46,104,26,63,27,115,125,19,41,52,39,106,1572,33,134,120,11274,498,14166,820,25,5057,687,222,36,571,28439,27,18,123,595,35,2094,9964,8092,6038,21,14,165,213,159
4,6,0,15,5,4,16,352,926,133,24,29,90,35,8,57,60,8,106,134,132,85,6,74,55,1,5,1,13,48,45,3,30,6,22,184,889,5,79,10,39,49,82,11,19,2,10,9,2,25,21,21,85,7,56,57,868,1663,419,10570,1004,248,317,509,214,120,352,337,2745,424,937,419,4539,1001,655,25,947,204,143,196,32,349,221,185,97,27,2885,2420,638,88,5376,450,294,18,65,1014,56,212,507,504
56,69,9,95,42,21,149,5,4,88,5,2,1,171,38,128,3,0,34,3,20,63,0,3,5,1,4,0,22,100,27,2,3,0,87,110,147,1,131,1,34,29,95,10,2,4,0,86,39,6,199,179,776,125,1100,3432,13,28,18,189,629,68,26,9,582,248,6689,30,2848,54,180,196,1794,206,223,18,152,23,160,70,11,49,210,303,35,18,2420,15439,262,69,8900,27,158,8,14,4518,208,140,454,234
2,1,0,1,1,0,3,2,4,20,2,1,0,17,1,23,2,1,14,5,11,20,1,0,14,2,6,0,4,20,4,0,6,1,13,19,35,9,11,0,8,10,1,7,5,2,1,2,2,3,8,9,108,3,6,51,260,115,116,83,678,92,239,242,2083,9231,1513,411,1524,300,696,405,27,219,6777,186,115,54,376,1072,470,1023,1248,5336,752,123,638,262,27326,246,573,10,184,70,396,123,43,192,3314,11337
0,0,0,2,1,0,4,10,30,5,2,16,8,4,3,10,1,0,3,30,3,23,46,8,237,61,181,5,4,3,8,67,55,15,0,5,6,217,10,11,1,2,20,304,182,11,100,4,1,2,21,7,156,1,9,58,78,163,139,626,197,70,207,75,538,607,182,98,601,3807,152,1909,122,1399,203,6719,1507,95,115,96,997,2632,167,426,5220,595,88,69,246,19028,81,124,8825,99,1033,57,58,49,274,224
17,13,0,33,27,7,72,2,5,70,2,0,1,108,20,64,4,0,22,3,9,54,0,1,1,2,0,2,11,66,13,1,1,2,43,79,97,2,56,3,37,21,70,5,3,1,10,27,14,6,90,66,213,25,315,307,19,15,17,109,1172,105,31,10,548,249,1118,36,1957,57,276,338,1885,469,456,31,819,128,188,107,26,50,279,213,44,35,5376,8900,573,81,16256,402,505,8,44,9869,203,300,832,461
0,1,0,2,1,1,2,0,2,0,1,1,0,4,2,1,0,0,1,0,1,18,8,3,9,23,138,124,9,0,0,70,3,534,0,1,24,15,10,1288,3,2,0,445,8,128,422,13,1,0,4,1,10,2,23,3,2,5,4,51,35,5,11,2,11,20,4,3,36,17,16,282,250,840,6,493,7166,18174,159,1,396,65,49,7,48,2094,450,27,10,124,402,32963,10620,1012,563,410,15,31,34,12
1,0,2,2,2,1,1,9,27,8,5,12,4,7,3,8,1,0,2,20,9,47,85,15,133,241,404,37,8,11,2,285,50,249,1,9,15,302,11,307,9,5,15,1107,156,119,472,9,3,1,13,8,97,4,40,42,43,102,68,729,431,112,250,65,281,294,78,109,501,610,310,3734,685,2870,203,7360,11707,2583,315,57,4004,2047,200,208,1040,9964,294,158,184,8825,505,10620,29467,1104,4690,359,43,112,358,325
0,0,0,0,0,0,1,1,3,0,0,0,1,2,1,1,0,0,1,0,2,3,0,0,3,2,11,0,0,1,0,5,1,8,0,1,0,2,0,12,0,0,1,28,1,3,11,0,0,0,7,16,20,7,3,6,7,30,12,62,203,87,253,25,37,41,2,39,40,15,163,8608,17,32,72,319,100,15785,2055,7,381,351,244,13,104,8092,18,8,70,99,8,1012,1104,15535,11677,8,12,402,158,121
0,0,0,0,0,0,1,2,0,4,1,2,0,1,2,0,0,0,0,6,0,6,16,1,12,50,56,6,3,4,2,45,13,38,1,1,5,44,0,40,0,1,2,209,25,23,67,2,0,1,7,8,32,3,2,10,26,103,67,146,319,123,523,160,155,266,63,334,135,108,585,7441,49,246,367,2176,1023,2040,448,100,6465,6183,264,80,958,6038,65,14,396,1033,44,563,4690,11677,21864,24,8,124,414,481
43,106,33,167,16,82,286,1,2,9,1,1,0,36,30,56,0,0,2,1,5,6,2,1,4,1,2,0,4,5,0,2,1,5,54,3,11,1,28,12,1,2,38,9,1,1,4,196,8,0,256,262,470,526,3668,1940,5,10,8,28,506,45,5,2,581,255,871,5,193,30,37,189,175,205,52,30,498,168,189,9,19,30,211,184,30,21,1014,4518,123,57,9869,410,359,8,24,7872,1198,173,505,155
19,20,28,35,8,30,54,0,0,7,1,0,0,25,10,21,0,0,0,1,1,6,0,1,2,0,0,0,0,13,0,0,0,0,18,7,16,1,16,0,7,3,18,3,1,0,1,26,8,0,6798,1193,1737,876,6074,627,9,10,5,8,35,4,4,2,10810,535,295,11,63,37,10,63,13,25,12,28,39,35,17833,9,20,35,799,160,106,14,56,208,43,58,203,15,43,12,8,1198,35216,116,80,26
2,3,1,5,4,0,10,2,0,15,1,0,1,25,8,20,2,0,8,2,11,12,0,0,2,1,1,0,4,17,5,0,1,0,16,20,29,3,16,0,7,3,15,2,2,0,2,3,2,5,126,496,490,116,44,402,15,24,32,33,17550,92,39,17,489,425,204,14,410,28,125,3350,20,39,84,64,43,532,27253,26,73,73,6939,211,135,165,212,140,192,49,300,31,112,402,124,173,116,64293,8204,548
4,9,1,14,7,2,24,5,6,45,5,0,1,49,17,36,4,2,21,6,17,27,2,4,7,1,8,1,17,44,10,3,9,2,31,58,66,5,57,4,17,9,51,6,4,1,4,3,13,6,97,425,1019,85,102,869,73,55,87,123,11984,228,130,85,1057,3786,723,93,1285,160,858,2033,61,177,1151,223,191,226,2505,111,527,465,16888,1018,623,213,507,454,3314,274,832,34,358,158,414,505,80,8204,28200,10790
2,2,1,4,2,1,3,2,4,25,2,1,3,15,2,16,3,0,14,10,9,15,0,0,6,2,3,0,5,20,5,1,2,1,9,32,48,5,17,0,11,9,19,10,10,0,2,4,1,2,21,29,172,6,16,127,47,24,59,107,5673,201,268,104,650,4263,380,125,1031,87,5297,730,48,134,3471,158,147,149,344,162,494,488,1629,582,431,159,504,234,11337,224,461,12,325,121,481,155,26,548,10790,14789
