12763,1141,4149,1799,12281,1562,334,5,6,60,12,1,0,13812,34,60,1,0,5,9,0,410,1,2,0,1,2,0,333,293,14,0,0,0,39,2,32,15,13,0,137,354,25,1,2,0,0,65,1032,5,6,12,24,10,9,39,0,0,0,0,0,0,0,0,19,5,10,0,0,0,0,7,0,0,0,0,0,0,10,1,0,0,2,3,0,0,1,8,0,0,0,0,0,0,0,5,3,1,1,0
1141,14947,5221,13706,186,162,753,0,1,351,59,0,0,2561,253,36,0,0,3,2,2,369,0,0,0,0,0,0,36,69,4,0,0,0,37,3,21,0,26,0,32,476,13,0,0,0,0,44,49,14,11,31,68,29,52,85,0,0,0,0,1,0,0,0,40,10,18,0,1,0,0,3,0,0,0,0,0,0,9,1,0,0,4,3,0,0,0,17,0,0,3,0,0,0,0,15,10,1,3,0
4149,5221,34269,4977,3502,9401,6615,0,1,192,44,0,0,475,3,25,0,0,1,0,0,292,0,2,0,0,0,0,38,59,3,0,0,0,19,2,28,1,22,0,31,352,2,0,0,0,0,51,43,9,77,46,71,831,89,207,0,0,0,0,0,0,0,0,41,9,16,0,1,1,0,1,0,0,0,0,1,1,13,0,0,0,8,6,0,0,0,22,0,0,2,0,0,0,0,17,8,1,0,0
1799,13706,4977,34831,532,394,7130,15,37,911,151,5,1,5716,10501,6943,0,0,55,99,6,517,5,2,4,6,3,0,123,178,78,3,5,0,244,55,116,34,105,0,107,768,927,3,0,1,1,239,230,52,49,89,150,63,117,247,0,0,0,0,2,0,1,0,119,40,55,0,3,0,0,3,2,1,2,0,0,1,25,0,0,0,14,10,0,0,4,81,4,0,5,1,0,0,0,45,26,2,3,5
12281,186,3502,532,17569,20952,173,1,3,39,7,1,1,8698,28,52,0,0,2,8,1,279,1,4,0,0,0,0,245,342,9,0,2,0,34,1,11,4,38,0,89,158,17,0,3,0,0,322,2227,2,4,7,17,40,9,30,0,0,0,0,0,0,0,0,19,5,7,0,0,0,0,1,0,0,0,0,0,0,7,0,0,0,1,4,0,0,0,11,0,0,0,0,0,0,0,0,4,0,4,0
1562,162,9401,394,20952,25977,20949,0,1,60,13,1,0,471,124,31,0,1,0,0,3,64,0,61,0,0,1,0,25,21,13,0,0,0,392,12,49,1,553,0,8,78,12,0,0,0,0,5310,2183,1,9,52,66,634,161,514,0,0,0,0,1,0,0,0,26,12,12,0,1,0,0,1,5,1,0,0,0,0,9,0,0,0,4,8,0,0,2,17,0,0,3,0,0,0,0,50,5,0,0,0
334,753,6615,7130,173,20949,25591,0,0,156,31,0,0,170,33,1691,0,0,1,1,3,109,0,57,0,0,0,0,12,23,21,0,1,0,2577,53,127,1,863,0,10,124,13,0,0,0,0,2105,25,5,63,113,169,398,259,2687,0,0,0,0,1,0,0,0,109,34,54,0,1,0,0,9,6,0,0,0,0,2,46,0,0,0,29,22,1,0,2,51,1,0,2,0,0,0,0,95,30,2,6,1
5,0,0,15,1,0,0,32320,4823,75,1630,314,9222,207,72,1625,2330,4918,1378,8435,141,833,661,1012,24,55,822,9,24,80,1533,124,962,5,3,33,6667,117,4,0,8,246,111,26,136,39,94,1,8,118,0,0,0,0,0,0,54,77,0,8,5,1,0,12,0,0,1,2,4,51,1,2,0,0,2,2,0,0,0,0,1,6,0,0,4,0,24,1,1,1,0,0,2,0,0,0,0,0,0,0
6,1,1,37,3,1,0,4823,40708,88,488,410,2643,55,80,220,746,158,5261,3827,194,533,617,9499,3392,165,1884,8,9,5,184,618,1260,12,65,2266,7001,253,200,1,3,44,124,118,244,45,211,9,6,15,1,0,0,0,1,1,5,12,2,2,9,0,2,2,1,0,3,1,21,4,0,0,0,0,4,7,1,0,0,1,3,1,1,2,0,0,2,2,2,1,0,0,1,0,3,1,0,1,2,0
60,351,192,911,39,60,156,75,88,35419,1482,2174,895,253,170,671,726,141,346,73,5001,3306,302,209,13,77,64,14,19,33,862,609,759,4,904,740,1603,70,1546,0,25493,36967,4203,42,101,39,315,537,34,9338,1,10,21,8,7,19,0,3,5,1,32,6,1,0,24,24,114,8,39,3,12,13,1,0,34,2,0,0,13,34,3,2,24,66,1,0,26,64,26,0,7,1,1,0,3,5,1,1,23,10
12,59,44,151,7,13,31,1630,488,1482,2481,8003,2276,70,42,653,1725,17,1617,221,2262,2156,1010,297,18,82,133,32,56,12,323,226,736,19,251,570,937,40,468,3,5,54,208,63,4,96,434,120,7,11,3,0,2,0,1,6,0,2,8,3,19,2,1,0,9,11,52,10,62,2,6,1,3,0,15,1,2,0,5,14,3,1,13,25,0,0,23,22,15,0,5,2,0,1,1,0,3,4,13,10
1,0,0,5,1,1,0,314,410,2174,8003,16186,9539,9,8,130,6491,20,1035,278,6080,1487,2633,588,45,77,183,4,2,3,37,273,4566,3,32,321,1306,72,200,0,1,68,289,64,5,68,1880,3,0,13,0,0,1,0,1,0,0,3,8,2,17,4,1,0,2,1,14,9,14,0,6,5,2,0,21,2,1,0,1,9,0,2,1,1,1,0,20,3,4,2,0,0,0,0,2,0,0,1,5,1
0,0,0,1,1,0,0,9222,2643,895,2276,9539,17472,87,11,83,12155,1436,318,2818,588,279,1738,156,27,48,240,7,11,99,136,177,8921,5,6,28,826,40,14,0,11,834,166,35,36,35,472,0,4,201,0,0,0,0,0,0,0,4,0,0,1,1,0,0,0,0,2,0,2,5,0,0,1,0,0,1,0,0,0,0,0,0,0,0,0,0,3,0,0,0,0,0,2,0,0,0,0,0,0,0
13812,2561,475,5716,8698,471,170,207,55,253,70,9,87,87340,7465,996,5,5,207,546,18,1434,42,17,13,90,37,1,3903,36274,861,74,74,0,404,74,311,652,368,0,1425,4298,950,22,233,2,8,459,22857,511,46,62,141,36,49,156,0,0,0,0,10,0,0,1,199,70,119,0,8,4,0,13,1,0,1,0,0,1,60,3,0,0,47,78,1,0,6,104,4,0,13,0,0,0,0,33,31,7,21,3
34,253,3,10501,28,124,33,72,80,170,42,8,11,7465,32247,1091,8,1,182,189,27,98,15,6,5,8,11,0,27,168,1477,8,9,0,134,123,131,68,97,0,31,633,6276,2,20,1,3,49,45,8000,0,4,9,1,5,11,0,0,0,0,0,0,0,0,14,5,17,1,1,0,0,5,0,0,0,1,0,0,9,1,0,0,12,6,0,0,2,10,1,0,1,0,0,0,0,0,1,2,3,4
60,36,25,6943,52,31,1691,1625,220,671,653,130,83,996,1091,32405,135,206,6492,700,438,315,89,122,13,11,30,0,48,126,15779,22,44,0,5123,5739,1178,81,1102,1,41,488,6316,9,16,4,8,609,55,349,15,21,48,13,28,62,0,0,4,0,48,0,0,0,61,55,258,4,41,6,4,24,3,0,22,0,0,0,37,28,1,2,43,128,0,1,25,141,40,0,43,0,0,0,1,21,13,9,49,29
1,0,0,0,0,0,0,2330,746,726,1725,6491,12155,5,8,135,9726,1309,995,113,10093,166,778,267,15,27,43,4,4,17,390,181,1247,1,14,150,414,24,69,1,3,340,1294,20,50,35,366,1,1,109,0,0,0,0,1,0,0,3,3,1,8,2,2,0,0,0,5,5,12,1,5,0,0,0,8,0,1,0,0,1,0,0,1,1,0,0,15,1,2,0,0,0,1,0,0,0,0,0,0,2
0,0,0,0,0,1,0,4918,158,141,17,20,1436,5,1,206,1309,729,983,224,64,7,14,91,2,7,4,0,0,11,312,26,474,0,7,31,119,3,22,0,1,471,65,1,90,2,13,1,1,206,0,0,0,0,0,0,0,0,0,1,0,0,0,0,0,0,1,1,1,0,0,0,0,0,0,0,0,0,0,0,0,0,0,1,0,0,0,2,0,0,0,0,0,0,0,0,0,0,0,0
5,3,1,55,2,0,1,1378,5261,346,1617,1035,318,207,182,6492,995,983,12813,367,1525,679,167,2587,51,26,57,0,9,23,2564,119,230,2,83,6586,1709,26,82,0,2,133,590,22,38,13,81,8,11,79,1,0,4,0,1,1,0,1,13,1,20,4,0,0,2,3,31,7,369,0,10,5,1,0,24,0,0,0,3,21,0,0,1,8,0,0,24,2,9,0,3,0,1,0,1,0,0,0,11,7
9,2,0,99,8,0,1,8435,3827,73,221,278,2818,546,189,700,113,224,367,24724,143,553,829,77,600,130,2716,24,55,123,1074,558,5181,10,27,257,1374,5751,18,0,20,279,207,462,2397,80,244,6,27,173,0,0,0,0,0,0,1,6,2,0,1,0,0,1,2,0,5,2,2,2,1,3,1,0,3,1,3,0,1,1,1,2,2,1,1,1,3,2,1,1,0,0,1,0,1,0,1,0,2,0
0,2,0,6,1,3,3,141,194,5001,2262,6080,588,18,27,438,10093,64,1525,143,10014,219,369,574,17,20,48,3,0,4,2279,201,466,0,162,778,2000,12,631,0,9,609,8794,6,41,12,143,21,0,1337,0,0,1,0,0,0,0,0,9,1,26,4,4,3,5,4,37,10,49,2,11,7,4,0,30,0,1,0,3,21,1,1,3,7,0,1,34,7,19,0,3,2,1,0,0,0,2,0,6,9
410,369,292,517,279,64,109,833,533,3306,2156,1487,279,1434,98,315,166,7,679,553,219,17820,5365,102,116,407,567,1752,4432,1694,263,340,529,473,237,103,469,360,366,142,24756,3616,207,472,65,5492,845,152,515,43,17,18,43,11,14,35,2,1,2,2,9,1,0,0,53,45,71,2,8,1,2,12,2,0,3,21,8,1,19,4,10,6,20,68,10,2,8,67,3,9,15,7,4,0,10,12,9,3,15,6
1,0,0,5,1,0,0,661,617,302,1010,2633,1738,42,15,89,778,14,167,829,369,5365,3616,76,158,1290,1098,266,41,6,57,1844,3474,180,1,26,131,597,6,54,1,41,78,957,152,7135,8573,0,4,8,0,0,0,0,0,0,2,2,0,1,1,1,0,0,0,0,1,3,1,2,0,7,0,3,2,50,10,0,0,0,26,16,0,0,16,6,2,0,0,8,0,11,20,1,18,0,0,0,0,1
2,0,2,2,4,61,57,1012,9499,209,297,588,156,17,6,122,267,91,2587,77,574,102,76,3880,118,12,777,1,2,5,304,61,82,0,567,4599,8817,23,6135,0,2,33,93,19,8,4,20,500,5,7,6,18,25,11,47,55,0,0,0,0,1,0,0,1,6,4,11,1,90,1,0,1,2,0,2,2,1,0,3,4,0,0,2,3,0,0,6,13,0,0,2,0,0,0,0,21,0,0,2,0
0,0,0,4,0,0,0,24,3392,13,18,45,27,13,5,13,15,2,51,600,17,116,158,118,6831,51,4178,4,2,9,12,376,328,3,4,56,59,644,6,0,0,27,9,773,462,20,168,2,0,7,0,0,0,0,0,0,0,0,0,0,0,0,0,0,0,0,0,0,0,0,0,0,0,0,0,3,0,0,0,0,0,0,0,0,0,0,2,0,0,0,0,0,0,0,1,0,0,0,0,0
1,0,0,6,0,0,0,55,165,77,82,77,48,90,8,11,27,7,26,130,20,407,1290,12,51,12793,4898,105,21,68,29,13869,204,637,2,5,38,6136,4,150,8,222,30,9029,2413,451,1392,0,4,83,0,0,0,0,0,0,0,1,0,2,2,1,9,1,1,0,0,3,1,5,1,51,0,2,2,676,179,16,1,0,526,94,2,0,73,217,1,0,2,67,0,384,500,18,190,0,0,0,3,2
2,0,0,3,0,1,0,822,1884,64,133,183,240,37,11,30,43,4,57,2716,48,567,1098,777,4178,4898,29242,345,11,19,36,4331,1404,146,2,26,2373,4029,744,2069,0,81,21,19484,3367,176,1709,10,6,46,1,1,1,0,2,2,1,0,1,3,3,2,21,2,0,0,0,6,2,9,2,65,2,14,1,279,203,10,0,1,75,206,4,0,306,25,1,0,0,135,0,136,102,5,104,1,1,0,1,0
0,0,0,0,0,0,0,9,8,14,32,4,7,1,0,0,4,0,0,24,3,1752,266,1,4,105,345,51456,98,1,0,557,4,9313,0,0,1,31,1,19075,0,2,0,192,3,21789,8042,0,0,0,0,0,0,0,0,0,0,0,0,0,0,0,0,0,0,0,0,0,0,0,0,0,0,0,0,8,23,410,1,0,16,0,0,0,1,13,0,0,0,0,0,364,8,3,1,0,0,0,0,0
333,36,38,123,245,25,12,24,9,19,56,2,11,3903,27,48,4,0,9,55,0,4432,41,2,2,21,11,98,147037,15688,76,18,11,4,42,11,91,43,65,5,38465,1563,38,1,30,297,8,39,6116,49,2,6,18,2,7,16,0,0,0,0,2,0,0,0,15,15,14,0,2,0,0,4,0,0,1,0,0,0,3,0,0,0,7,7,0,0,1,17,0,0,3,0,0,0,0,0,3,0,2,0
293,69,59,178,342,21,23,80,5,33,12,3,99,36274,168,126,17,11,23,123,4,1694,6,5,9,68,19,1,15688,46411,415,75,90,1,104,8,205,180,147,1,6307,17414,196,3,190,0,4,59,2493,5109,3,7,20,4,7,19,0,0,0,0,6,0,0,0,42,12,33,0,0,0,0,4,0,0,0,0,0,1,18,1,0,0,17,16,0,0,2,37,0,0,4,0,0,0,0,7,7,3,9,3
14,4,3,78,9,13,21,1533,184,862,323,37,136,861,1477,15779,390,312,2564,1074,2279,263,57,304,12,29,36,0,76,415,20277,39,177,1,1244,955,1444,321,1010,1,52,1630,22430,7,356,4,9,265,22,2638,7,2,22,3,12,19,0,2,8,4,29,4,2,0,28,26,176,2,42,1,4,17,4,0,22,0,0,0,41,24,0,2,50,84,0,0,29,81,32,0,19,0,0,0,1,11,4,2,36,17
0,0,0,3,0,0,0,124,618,609,226,273,177,74,8,22,181,26,119,558,201,340,1844,61,376,13869,4331,557,18,75,39,16830,612,4156,3,13,103,2121,3,556,5,556,82,2511,4313,658,6325,1,3,151,0,1,2,0,0,0,0,4,3,2,0,0,4,2,1,0,1,3,3,4,0,73,0,8,1,650,124,9,0,1,458,117,1,0,108,159,1,0,0,73,0,397,381,17,185,0,0,1,2,2
0,0,0,5,2,0,1,962,1260,759,736,4566,8921,74,9,44,1247,474,230,5181,466,529,3474,82,328,204,1404,4,11,90,177,612,5786,5,13,33,315,245,20,3,12,1093,193,180,1409,111,7241,3,3,380,0,0,0,0,0,0,1,1,0,0,2,0,0,0,0,0,1,1,0,0,0,2,0,0,0,5,1,0,0,0,4,2,0,1,2,0,0,0,0,2,0,3,4,0,1,0,0,0,1,0
0,0,0,0,0,0,0,5,12,4,19,3,5,0,0,0,1,0,2,10,0,473,180,0,3,637,146,9313,4,1,1,4156,5,21322,0,0,6,40,1,11589,0,2,0,1423,17,3121,10243,1,0,0,0,0,0,0,0,0,0,0,0,0,0,0,1,0,0,0,0,0,0,0,0,1,0,3,1,92,27,15,0,0,104,1,0,0,1,190,0,0,1,1,0,734,132,14,7,0,0,0,0,1
39,37,19,244,34,392,2577,3,65,904,251,32,6,404,134,5123,14,7,83,27,162,237,1,567,4,2,2,0,42,104,1244,3,13,0,14426,6771,990,3,9874,0,42,542,1170,0,3,0,0,3975,31,93,15,16,61,17,32,66,0,0,2,1,13,2,0,0,99,45,122,2,5,2,1,16,3,0,4,0,0,0,41,4,0,0,47,76,0,0,12,95,3,0,17,1,0,0,0,18,19,6,24,9
2,3,2,55,1,12,53,33,2266,740,570,321,28,74,123,5739,150,31,6586,257,778,103,26,4599,56,5,26,0,11,8,955,13,33,0,6771,13065,1963,39,8727,0,15,132,847,18,10,1,8,154,5,50,0,2,5,0,1,3,0,1,4,3,20,2,1,0,8,19,128,9,31,2,1,13,0,0,17,0,0,0,6,22,0,0,9,62,0,0,18,85,22,0,26,0,1,0,0,7,2,3,29,15
32,21,28,116,11,49,127,6667,7001,1603,937,1306,826,311,131,1178,414,119,1709,1374,2000,469,131,8817,59,38,2373,1,91,205,1444,103,315,6,990,1963,2761,55,4004,0,54,523,1080,20,57,10,50,600,29,245,9,6,21,7,19,35,137,202,56,46,169,23,22,32,28,39,326,62,406,108,77,47,10,1,175,2,1,1,17,125,4,18,52,110,13,0,1650,120,103,1,22,1,1,2,6,17,5,7,92,70
15,0,1,34,4,1,1,117,253,70,40,72,40,652,68,81,24,3,26,5751,12,360,597,23,644,6136,4029,31,43,180,321,2121,245,40,3,39,55,6827,4,1,16,313,144,8683,5270,58,370,0,23,107,0,0,0,0,0,0,1,2,0,0,0,0,2,0,0,0,0,0,2,1,0,5,0,0,1,17,13,0,0,1,3,17,0,0,14,1,1,0,0,12,0,1,4,1,4,0,0,0,0,0
13,26,22,105,38,553,863,4,200,1546,468,200,14,368,97,1102,69,22,82,18,631,366,6,6135,6,4,744,1,65,147,1010,3,20,1,9874,8727,4004,4,26858,1,55,711,1170,2,5,0,5,9094,72,225,4,9,24,12,27,33,1,0,0,0,20,1,0,0,65,27,123,0,14,3,1,15,3,0,6,0,0,0,36,5,0,0,30,70,0,0,11,78,6,0,21,1,0,0,0,19,15,9,38,5
0,0,0,0,0,0,0,0,1,0,3,0,0,0,0,1,1,0,0,0,0,142,54,0,0,150,2069,19075,5,1,1,556,3,11589,0,0,0,1,1,34054,0,0,0,3848,0,1403,1675,0,0,0,0,0,0,0,0,0,0,0,1,0,0,0,0,0,0,0,0,0,0,0,0,1,6,5,0,70,179,75,0,0,105,1,0,0,1,243,3,0,0,1,1,1976,133,14,11,2,1,0,0,0
137,32,31,107,89,8,10,8,3,25493,5,1,11,1425,31,41,3,1,2,20,9,24756,1,2,0,8,0,0,38465,6307,52,5,12,0,42,15,54,16,55,0,76120,15794,60,0,20,2,1,22,665,70,3,3,6,0,1,6,0,0,0,0,0,0,0,0,9,6,5,0,0,0,0,0,0,0,0,0,0,0,8,0,0,0,3,15,0,0,3,5,1,0,2,0,0,0,0,0,2,0,0,0
354,476,352,768,158,78,124,246,44,36967,54,68,834,4298,633,488,340,471,133,279,609,3616,41,33,27,222,81,2,1563,17414,1630,556,1093,2,542,132,523,313,711,0,15794,20924,3737,30,809,2,39,343,398,15821,12,12,44,4,17,57,0,0,3,0,9,1,1,0,45,37,82,1,9,1,0,7,1,0,2,1,1,0,17,5,0,0,23,37,1,1,12,86,5,0,14,0,2,0,1,13,8,1,13,5
25,13,2,927,17,12,13,111,124,4203,208,289,166,950,6276,6316,1294,65,590,207,8794,207,78,93,9,30,21,0,38,196,22430,82,193,0,1170,847,1080,144,1170,0,60,3737,41133,10,84,3,27,205,42,14585,3,4,16,4,7,16,0,0,2,0,12,0,0,0,46,22,64,2,13,1,2,9,1,0,9,0,0,0,17,6,0,0,16,23,0,0,15,33,5,0,10,0,0,0,0,2,10,3,15,7
1,0,0,3,0,0,0,26,118,42,63,64,35,22,2,9,20,1,22,462,6,472,957,19,773,9029,19484,192,1,3,7,2511,180,1423,0,18,20,8683,2,3848,0,30,10,31226,316,305,1309,0,3,7,0,0,0,0,0,0,0,0,2,1,0,0,2,1,0,0,0,1,0,0,0,13,0,2,0,156,49,6,0,1,100,31,2,0,20,45,1,0,0,27,0,161,90,1,58,0,0,0,2,0
2,0,0,0,3,0,0,136,244,101,4,5,36,233,20,16,50,90,38,2397,41,65,152,8,462,2413,3367,3,30,190,356,4313,1409,17,3,10,57,5270,5,0,20,809,84,316,11504,9,91,1,9,411,0,0,0,0,0,0,0,0,0,0,1,0,4,1,0,0,1,0,0,3,1,17,0,0,0,50,28,0,0,0,12,50,0,0,32,3,0,0,0,27,0,2,15,2,20,0,0,0,0,0
0,0,0,1,0,0,0,39,45,39,96,68,35,2,1,4,35,2,13,80,12,5492,7135,4,20,451,176,21789,297,0,4,658,111,3121,0,1,10,58,0,1403,2,2,3,305,9,12311,9581,0,0,0,0,0,0,0,0,0,1,0,0,0,0,0,0,0,0,0,0,0,0,0,0,0,0,0,0,14,3,1,0,0,4,3,0,0,0,11,0,0,0,0,0,26,8,0,2,0,0,0,0,0
0,0,0,1,0,0,0,94,211,315,434,1880,472,8,3,8,366,13,81,244,143,845,8573,20,168,1392,1709,8042,8,4,9,6325,7241,10243,0,8,50,370,5,1675,1,39,27,1309,91,9581,26304,0,1,4,0,0,0,0,0,0,0,2,0,1,0,0,2,1,0,0,0,1,0,2,0,8,0,0,0,144,23,7,0,0,103,36,0,0,31,66,1,0,0,20,0,197,80,3,29,0,0,0,0,1
65,44,51,239,322,5310,2105,1,9,537,120,3,0,459,49,609,1,1,8,6,21,152,0,500,2,0,10,0,39,59,265,1,3,1,3975,154,600,0,9094,0,22,343,205,0,1,0,0,9342,445,49,43,104,174,80,238,290,0,0,0,0,6,0,0,0,105,47,64,1,1,0,0,6,5,3,1,0,5,1,27,1,0,0,19,21,0,0,5,81,1,0,7,0,0,0,0,121,17,3,8,3
1032,49,43,230,2227,2183,25,8,6,34,7,0,4,22857,45,55,1,1,11,27,0,515,4,5,0,4,6,0,6116,2493,22,3,3,0,31,5,29,23,72,0,665,398,42,3,9,0,1,445,8379,14,0,10,19,3,6,19,0,0,0,0,2,0,0,0,16,8,6,0,0,1,0,0,0,0,0,0,0,0,9,0,0,0,2,6,0,0,2,12,0,0,1,0,0,0,0,0,2,1,2,1
5,14,9,52,2,1,5,118,15,9338,11,13,201,511,8000,349,109,206,79,173,1337,43,8,7,7,83,46,0,49,5109,2638,151,380,0,93,50,245,107,225,0,70,15821,14585,7,411,0,4,49,14,26100,2,0,2,1,1,3,0,0,1,0,3,0,0,0,6,5,14,0,0,0,0,1,0,0,0,1,0,0,1,1,0,0,3,7,0,0,2,10,1,0,2,0,0,0,0,0,0,0,1,0
6,11,77,49,4,9,63,0,1,1,3,0,0,46,0,15,0,0,1,0,0,17,0,6,0,0,1,0,2,3,7,0,0,0,15,0,9,0,4,0,3,12,3,0,0,0,0,43,0,2,28648,12602,2550,14461,10491,2059,1,1,4,4,30,2,0,0,12910,84,151,1,6,11,1,142,4,0,1,0,0,2,1191,0,2,3,508,14,5,0,37,159,5,1,30,0,0,5,0,272,6521,90,112,7
12,31,46,89,7,52,113,0,0,10,0,0,0,62,4,21,0,0,0,0,0,18,0,18,0,0,1,0,6,7,2,1,0,0,16,2,6,0,9,0,3,12,4,0,0,0,0,104,10,0,12602,40019,5647,15117,1481,3964,1,1,0,1,134,1,2,1,6589,40,84,4,20,5,0,592,6,0,1,3,1,3,997,9,1,2,940,9,6,0,48,127,4,0,28,1,1,7,2,188,547,210,512,19
24,68,71,150,17,66,169,0,0,21,2,1,0,141,9,48,0,0,4,0,1,43,0,25,0,0,1,0,18,20,22,2,0,0,61,5,21,0,24,0,6,44,16,0,0,0,0,174,19,2,2550,5647,35474,484,656,9778,3,6,9,37,459,25,7,1,19048,8212,6008,9,93,88,13,554,18,2,16,1,2,1,861,31,1,11,737,561,11,0,163,597,45,3,87,0,1,3,1,588,675,168,1016,62
10,29,831,63,40,634,398,0,0,8,0,0,0,36,1,13,0,0,0,0,0,11,0,11,0,0,0,0,2,4,3,0,0,0,17,0,7,0,12,0,0,4,4,0,0,0,0,80,3,1,14461,15117,484,39870,13805,15417,0,0,2,0,31,1,1,1,362,18,139,0,7,1,1,154,0,2,0,2,1,2,456,2,0,0,358,5,2,0,26,433,1,0,111,0,0,0,0,195,578,80,119,6
9,52,89,117,9,161,259,0,1,7,1,1,0,49,5,28,1,0,1,0,0,14,0,47,0,0,2,0,7,7,12,0,0,0,32,1,19,0,27,0,1,17,7,0,0,0,0,238,6,1,10491,1481,656,13805,20032,10171,0,0,1,4,22,1,3,0,357,18,387,0,10,17,1,22,31,6,1,0,3,0,82,0,0,0,35,19,0,0,94,3162,1,1,250,0,0,1,1,5263,4827,10,28,6
39,85,207,247,30,514,2687,0,1,19,6,0,0,156,11,62,0,0,1,0,0,35,0,55,0,0,2,0,16,19,19,0,0,0,66,3,35,0,33,0,6,57,16,0,0,0,0,290,19,3,2059,3964,9778,15417,10171,31252,0,1,2,16,244,6,3,1,749,51,2227,5,44,25,5,336,15,2,2,1,1,2,325,7,0,4,381,24,4,0,176,4404,7,3,757,0,0,5,0,1220,191,92,452,18
0,0,0,0,0,0,0,54,5,0,0,0,0,0,0,0,0,0,0,1,0,2,2,0,0,0,1,0,0,0,0,0,1,0,0,0,137,1,1,0,0,0,0,0,0,1,0,0,0,0,1,1,3,0,0,0,4006,2820,376,534,6,64,77,3070,80,37,59,1209,94,1461,18,96,90,73,14,16,581,5,18,59,8,1172,64,59,173,4,1636,1,26,16,1,5,19,8,16,0,6,1,10,3
0,0,0,0,0,0,0,77,12,3,2,3,4,0,0,0,3,0,1,6,0,1,2,0,0,1,0,0,0,0,2,4,1,0,0,1,202,2,0,0,0,0,0,0,0,0,2,0,0,0,1,1,6,0,0,1,2820,15542,4720,4334,60,395,282,2037,117,92,133,4032,415,3082,189,467,421,39,12,41,213,20,37,124,67,559,48,145,191,24,7643,8,32,51,6,18,48,52,85,0,10,3,29,9
0,0,0,0,0,0,0,0,2,5,8,8,0,0,0,4,3,0,13,2,9,2,0,0,0,0,1,0,0,0,8,3,0,0,2,4,56,0,0,1,0,3,2,2,0,0,0,0,0,1,4,0,9,2,1,2,376,4720,3138,1687,153,511,294,350,123,155,574,1599,2928,703,366,614,111,6,68,13,38,30,27,554,35,218,33,254,123,16,1050,17,49,31,9,23,29,60,97,2,10,7,34,23
0,0,0,0,0,0,0,8,2,1,3,2,0,0,0,0,1,1,1,0,1,2,1,0,0,2,3,0,0,0,4,2,0,0,1,3,46,0,0,0,0,0,0,1,0,0,1,0,0,0,4,1,37,0,4,16,534,4334,1687,26868,344,832,1017,1436,46,55,483,1874,7727,5095,1008,667,5942,4028,44,19,375,26,19,63,28,658,16,56,79,22,12114,475,10,66,83,19,82,53,100,14,10,6,25,41
0,1,0,2,0,1,1,5,9,32,19,17,1,10,0,48,8,0,20,1,26,9,1,1,0,2,3,0,2,6,29,0,2,0,13,20,169,0,20,0,0,9,12,0,1,0,0,6,2,3,30,134,459,31,22,244,6,60,153,344,27507,3849,791,83,382,743,1896,163,1493,108,3992,2473,471,14,423,51,42,47,125,284,60,152,189,965,36,32,1471,797,189,53,548,30,61,153,183,196,22,43938,28482,7401
0,0,0,0,0,0,0,1,0,6,2,4,1,0,0,0,2,0,4,0,4,1,1,0,0,1,2,0,0,0,4,0,0,0,2,2,23,0,1,0,0,1,0,0,0,0,0,0,0,0,2,1,25,1,1,6,64,395,511,832,3849,5456,6638,523,47,55,390,716,918,312,6235,5787,120,37,291,20,132,39,23,299,46,396,45,78,37,13,316,51,50,100,25,14,59,162,223,5,2,15,166,356
0,0,0,1,0,0,0,0,2,1,1,1,0,0,0,0,2,0,0,0,4,0,0,0,0,9,21,0,0,0,2,4,0,1,0,1,22,2,0,0,0,1,0,2,4,0,2,0,0,0,0,2,7,1,3,3,77,282,294,1017,791,6638,14534,5918,55,46,93,2388,327,1286,6181,8800,123,188,469,90,780,96,24,509,190,5154,43,37,212,65,306,14,119,413,6,45,258,401,852,2,1,1,142,235
0,0,0,0,0,0,0,12,2,0,0,0,0,1,0,0,0,0,0,1,3,0,0,1,0,1,2,0,0,0,0,2,0,0,0,0,32,0,0,0,0,0,0,1,1,0,1,0,0,0,0,1,1,1,0,1,3070,2037,350,1436,83,523,5918,15033,59,46,84,8473,128,761,1903,343,96,114,146,27,294,7,21,221,37,4821,56,36,247,12,628,7,82,33,5,8,34,35,60,0,4,1,57,55
19,40,41,119,19,26,109,0,1,24,9,2,0,199,14,61,0,0,2,2,5,53,0,6,0,1,0,0,15,42,28,1,0,0,99,8,28,0,65,0,9,45,46,0,0,0,0,105,16,6,12910,6589,19048,362,357,749,80,117,123,46,382,47,55,59,61814,20967,1459,184,272,580,23,399,26,16,108,78,75,14,5321,580,36,137,13669,1200,344,7,306,626,451,49,176,4,10,8,10,521,5824,181,887,57
5,10,9,40,5,12,34,0,0,24,11,1,0,70,5,55,0,0,3,0,4,45,0,4,0,0,0,0,15,12,26,0,0,0,45,19,39,0,27,0,6,37,22,0,0,0,0,47,8,5,84,40,8212,18,18,51,37,92,155,55,743,55,46,46,20967,30905,2989,156,267,355,41,554,33,9,126,52,54,9,503,1015,70,150,2475,5154,196,11,462,427,8266,41,164,13,16,14,32,382,184,183,4129,4152
10,18,16,55,7,12,54,1,3,114,52,14,2,119,17,258,5,1,31,5,37,71,1,11,0,0,0,0,14,33,176,1,1,0,122,128,326,0,123,0,5,82,64,0,1,0,0,64,6,14,151,84,6008,139,387,2227,59,133,574,483,1896,390,93,84,1459,2989,26077,1141,7181,630,262,663,351,10,1307,16,41,11,336,4716,25,137,675,7820,103,10,2103,8786,890,33,585,6,12,17,29,607,164,116,1224,648
0,0,0,0,0,0,0,2,1,8,10,9,0,0,1,4,5,1,7,2,10,2,3,1,0,3,6,0,0,0,2,3,1,0,2,9,62,0,0,0,0,1,2,1,0,0,1,1,0,0,1,4,9,0,0,5,1209,4032,1599,1874,163,716,2388,8473,184,156,1141,8430,1056,385,4506,555,193,23,1451,119,118,27,40,2829,147,2005,137,393,752,36,1018,23,260,83,15,20,31,49,135,1,10,6,77,64
0,1,1,3,0,1,1,4,21,39,62,14,2,8,1,41,12,1,369,2,49,8,1,90,0,1,2,0,2,0,42,3,0,0,5,31,406,2,14,0,0,9,13,0,0,0,0,1,0,0,6,20,93,7,10,44,94,415,2928,7727,1493,918,327,128,272,267,7181,1056,24432,1493,920,761,4399,67,559,20,74,14,65,1863,31,151,189,392,61,9,3888,4506,220,46,428,11,27,35,46,33,31,29,403,346
0,0,1,0,0,0,0,51,4,3,2,0,5,4,0,6,1,0,0,2,2,1,2,1,0,5,9,0,0,0,1,4,0,0,2,2,108,1,3,0,0,1,1,0,3,0,2,0,1,0,11,5,88,1,17,25,1461,3082,703,5095,108,312,1286,761,580,355,630,385,1493,22954,104,1049,576,3831,64,206,5924,42,119,170,158,4907,359,400,3294,69,3332,328,107,1020,79,32,97,64,183,29,71,9,128,58
0,0,0,0,0,0,0,1,0,12,6,6,0,0,0,4,5,0,10,1,11,2,0,0,0,1,2,0,0,0,4,0,0,0,1,1,77,0,1,0,0,0,2,0,1,0,0,0,0,0,1,0,13,1,1,5,18,189,366,1008,3992,6235,6181,1903,23,41,262,4506,920,104,13170,1193,367,8,3714,37,59,45,12,1289,59,491,30,53,14,33,783,54,234,44,39,28,53,135,207,1,5,18,290,4562
7,3,1,3,1,1,9,2,0,13,1,5,0,13,5,24,0,0,5,3,7,12,7,1,0,51,65,0,4,4,17,73,2,1,16,13,47,5,15,1,0,7,9,13,17,0,8,6,0,1,142,592,554,154,22,336,96,467,614,667,2473,5787,8800,343,399,554,663,555,761,1049,1193,41966,105,156,274,586,1739,2016,1457,320,889,6651,769,273,485,617,425,271,151,2290,131,427,2349,10248,9689,77,133,3746,2888,542
0,0,0,2,0,5,6,0,0,1,3,2,1,1,0,3,0,0,1,1,4,2,0,2,0,0,2,0,0,0,4,0,0,0,3,0,10,0,3,6,0,1,1,0,0,0,0,5,0,0,4,6,18,0,31,15,90,421,111,5942,471,120,123,96,26,33,351,193,4399,576,367,105,5765,2104,198,11,480,13,26,106,7,121,51,35,18,5,3774,2575,71,63,3486,64,141,6,17,610,25,16,161,121
0,0,0,1,0,1,0,0,0,0,0,0,0,0,0,0,0,0,0,0,0,0,3,0,0,2,14,0,0,0,0,8,0,3,0,0,1,0,0,5,0,0,0,2,0,0,0,3,0,0,0,0,2,2,6,2,73,39,6,4028,14,37,188,114,16,9,10,23,67,3831,8,156,2104,12725,6,41,8033,21,6,9,34,639,18,6,192,25,1211,19,9,276,156,287,1080,8,75,128,4,2,15,5
0,0,0,2,0,0,0,2,4,34,15,21,0,1,0,22,8,0,24,3,30,3,2,2,0,2,1,0,1,0,22,1,0,1,4,17,175,1,6,0,0,2,9,0,0,0,0,1,0,0,1,1,16,0,1,2,14,12,68,44,423,291,469,146,108,126,1307,1451,559,64,3714,274,198,6,6135,38,43,17,19,4613,64,331,74,1720,110,23,490,88,3129,29,74,8,24,37,85,2,5,5,114,2008
0,0,0,0,0,0,0,2,7,2,1,2,1,0,1,0,0,0,0,1,0,21,50,2,3,676,279,8,0,0,0,650,5,92,0,0,2,17,0,70,0,1,0,156,50,14,144,0,0,1,0,3,1,2,0,1,16,41,13,19,51,20,90,27,78,52,16,119,20,206,37,586,11,41,38,19416,3125,442,51,47,15231,1449,240,5,7824,3937,12,3,51,7288,3,839,7881,184,901,0,14,2,87,44
0,0,1,0,0,0,0,0,1,0,2,1,0,0,0,0,1,0,0,3,1,8,10,1,0,179,203,23,0,0,0,124,1,27,0,0,1,13,0,179,0,1,0,49,28,3,23,5,0,0,0,1,2,1,3,1,581,213,38,375,42,132,780,294,75,54,41,118,74,5924,59,1739,480,8033,43,3125,20539,215,31,50,856,4320,135,30,4782,259,321,24,43,3843,88,7975,13182,71,1284,108,9,6,86,33
0,0,1,1,0,0,2,0,0,0,0,0,0,1,0,0,0,0,0,0,0,1,0,0,0,16,10,410,0,1,0,9,0,15,0,0,1,0,0,75,0,0,0,6,0,1,7,1,0,0,2,3,1,2,0,2,5,20,30,26,47,39,96,7,14,9,11,27,14,42,45,2016,13,21,17,442,215,43846,240,10,878,99,64,2,96,9043,17,1,13,99,1,26205,195,18251,2607,4,4,133,48,29
10,9,13,25,7,9,46,0,0,13,5,1,0,60,9,37,0,0,3,1,3,19,0,3,0,1,0,1,3,18,41,0,0,0,41,6,17,0,36,0,8,17,17,0,0,0,0,27,9,1,1191,997,861,456,82,325,18,37,27,19,125,23,24,21,5321,503,336,40,65,119,12,1457,26,6,19,51,31,240,165523,86,38,75,32460,198,259,18,238,297,70,50,133,26,6,485,31,142,17523,32971,2052,79
1,1,0,0,0,0,0,0,1,34,14,9,0,3,1,28,1,0,21,1,21,4,0,4,0,0,1,0,0,1,24,1,0,0,4,22,125,1,5,0,0,5,6,1,0,0,0,1,0,1,0,9,31,2,0,7,59,124,554,63,284,299,509,221,580,1015,4716,2829,1863,170,1289,320,106,9,4613,47,50,10,86,4056,82,375,191,5263,134,28,386,79,1418,29,59,11,22,36,125,11,24,15,156,209
0,0,0,0,0,0,0,1,3,3,3,0,0,0,0,1,0,0,0,1,1,10,26,0,0,526,75,16,0,0,0,458,4,104,0,0,4,3,0,105,0,0,0,100,12,4,103,0,0,0,2,1,1,0,0,0,8,67,35,28,60,46,190,37,36,70,25,147,31,158,59,889,7,34,64,15231,856,878,38,82,12018,1367,126,16,2782,10656,24,4,90,1121,4,1187,1841,1921,12897,0,4,7,158,92
0,0,0,0,0,0,0,6,1,2,1,2,0,0,0,2,0,0,0,2,1,6,16,0,0,94,206,0,0,0,2,117,2,1,0,0,18,17,0,1,0,0,0,31,50,3,36,0,0,0,3,2,11,0,0,4,1172,559,218,658,152,396,5154,4821,137,150,137,2005,151,4907,491,6651,121,639,331,1449,4320,99,75,375,1367,26186,335,97,10296,277,358,24,295,3007,13,144,2357,265,3996,6,23,10,215,182
2,4,8,14,1,4,29,0,1,24,13,1,0,47,12,43,1,0,1,2,3,20,0,2,0,2,4,0,7,17,50,1,0,0,47,9,52,0,30,0,3,23,16,2,0,0,0,19,2,3,508,940,737,358,35,381,64,48,33,16,189,45,43,56,13669,2475,675,137,189,359,30,769,51,18,74,240,135,64,32460,191,126,335,91212,385,845,52,599,444,324,111,263,37,28,72,50,157,3180,14259,21288,929
3,3,6,10,4,8,22,0,2,66,25,1,0,78,6,128,1,1,8,1,7,68,0,3,0,0,0,0,7,16,84,0,1,0,76,62,110,0,70,0,15,37,23,0,0,0,0,21,6,7,14,9,561,5,19,24,59,145,254,56,965,78,37,36,1200,5154,7820,393,392,400,53,273,35,6,1720,5,30,2,198,5263,16,97,385,21929,96,6,815,777,5513,15,371,4,6,3,10,487,63,49,625,241
0,0,0,0,0,0,1,4,0,1,0,1,0,1,0,0,0,0,0,1,0,10,16,0,0,73,306,1,0,0,0,108,2,1,0,0,13,14,0,1,0,1,0,20,32,0,31,0,0,0,5,6,11,2,0,4,173,191,123,79,36,37,212,247,344,196,103,752,61,3294,14,485,18,192,110,7824,4782,96,259,134,2782,10296,845,96,18649,414,84,4,149,4987,5,189,1198,43,489,2,60,23,226,66
0,0,0,0,0,0,0,0,0,0,0,0,0,0,0,1,0,0,0,1,1,2,6,0,0,217,25,13,0,0,0,159,0,190,0,0,0,1,0,243,0,1,0,45,3,11,66,0,0,0,0,0,0,0,0,0,4,24,16,22,32,13,65,12,7,11,10,36,9,69,33,617,5,25,23,3937,259,9043,18,28,10656,277,52,6,414,21683,9,1,29,436,0,13658,1672,10543,4712,2,2,9,47,38
1,0,0,4,0,2,2,24,2,26,23,20,3,6,2,25,15,0,24,3,34,8,2,6,2,1,1,0,1,2,29,1,0,0,12,18,1650,1,11,3,3,12,15,1,0,0,1,5,2,2,37,48,163,26,94,176,1636,7643,1050,12114,1471,316,306,628,306,462,2103,1018,3888,3332,783,425,3774,1211,490,12,321,17,238,386,24,358,599,815,84,9,3163,3721,401,11,3713,36,18,19,48,546,68,117,1176,999
8,17,22,81,11,17,51,1,2,64,22,3,0,104,10,141,1,2,2,2,7,67,0,13,0,0,0,0,17,37,81,0,0,0,95,85,120,0,78,0,5,86,33,0,0,0,0,81,12,10,159,127,597,433,3162,4404,1,8,17,475,797,51,14,7,626,427,8786,23,4506,328,54,271,2575,19,88,3,24,1,297,79,4,24,444,777,4,1,3721,21456,165,8,10664,2,9,3,2,2791,131,78,704,393
0,0,0,4,0,0,1,1,2,26,15,4,0,4,1,40,2,0,9,1,19,3,0,0,0,2,0,0,0,0,32,0,0,1,3,22,103,0,6,0,1,5,5,0,0,0,0,1,0,1,5,4,45,1,1,7,26,32,49,10,189,50,119,82,451,8266,890,260,220,107,234,151,71,9,3129,51,43,13,70,1418,90,295,324,5513,149,29,401,165,16746,20,153,10,12,15,87,19,14,26,1313,5566
0,0,0,0,0,0,0,1,1,0,0,2,0,0,0,0,0,0,0,1,0,9,8,0,0,67,135,0,0,0,0,73,2,1,0,0,1,12,0,1,0,0,0,27,27,0,20,0,0,0,1,0,3,0,1,3,16,51,31,66,53,100,413,33,49,41,33,83,46,1020,44,2290,63,276,29,7288,3843,99,50,29,1121,3007,111,15,4987,436,11,8,20,15396,9,279,6440,138,1220,8,9,5,42,23
0,3,2,5,0,3,2,0,0,7,5,0,0,13,1,43,0,0,3,0,3,15,0,2,0,0,0,0,3,4,19,0,0,0,17,26,22,0,21,1,2,14,10,0,0,0,0,7,1,2,30,28,87,111,250,757,1,6,9,83,548,25,6,5,176,164,585,15,428,79,39,131,3486,156,74,3,88,1,133,59,4,13,263,371,5,0,3713,10664,153,9,17535,28,10,1,4,10441,82,56,535,415
0,0,0,1,0,0,0,0,0,1,2,0,0,0,0,0,0,0,0,0,2,7,11,0,0,384,136,364,0,0,0,397,3,734,1,0,1,1,1,1976,0,0,0,161,2,26,197,0,0,0,0,1,0,0,0,0,5,18,23,19,30,14,45,8,4,13,6,20,11,32,28,427,64,287,8,839,7975,26205,26,11,1187,144,37,4,189,13658,36,2,10,279,28,32244,6841,2791,1353,27,1,10,43,18
0,0,0,0,0,0,0,2,1,1,0,0,2,0,0,0,1,0,1,1,1,4,20,0,0,500,102,8,0,0,0,381,4,132,0,1,1,4,0,133,0,2,0,90,15,8,80,0,0,0,0,1,1,0,0,0,19,48,29,82,61,59,258,34,10,16,12,31,27,97,53,2349,141,1080,24,7881,13182,195,6,22,1841,2357,28,6,1198,1672,18,9,12,6440,10,6841,32600,294,1981,14,1,4,36,36
0,0,0,0,0,0,0,0,0,0,1,0,0,0,0,0,0,0,0,0,0,0,1,0,0,18,5,3,0,0,0,17,0,14,0,0,2,1,0,14,0,0,0,1,2,0,3,0,0,0,5,7,3,0,1,5,8,52,60,53,153,162,401,35,8,14,17,49,35,64,135,10248,6,8,37,184,71,18251,485,36,1921,265,72,3,43,10543,19,3,15,138,1,2791,294,16864,9299,1,0,332,80,72
0,0,0,0,0,0,0,0,3,3,1,2,0,0,0,1,0,0,1,1,0,10,18,0,1,190,104,1,0,0,1,185,1,7,0,0,6,4,0,11,0,1,0,58,20,2,29,0,0,0,0,2,1,0,1,0,16,85,97,100,183,223,852,60,10,32,29,135,46,183,207,9689,17,75,85,901,1284,2607,31,125,12897,3996,50,10,489,4712,48,2,87,1220,4,1353,1981,9299,26187,2,2,21,86,115
5,15,17,45,0,50,95,0,1,5,0,0,0,33,0,21,0,0,0,0,0,12,0,21,0,0,1,0,0,7,11,0,0,0,18,7,17,0,19,2,0,13,2,0,0,0,0,121,0,0,272,188,588,195,5263,1220,0,0,2,14,196,5,2,0,521,382,607,1,33,29,1,77,610,128,2,0,108,4,142,11,0,6,157,487,2,2,546,2791,19,8,10441,27,14,1,2,8800,709,36,191,55
3,10,8,26,4,5,30,0,0,1,3,0,0,31,1,13,0,0,0,1,2,9,0,0,0,0,1,0,3,7,4,0,0,0,19,2,5,0,15,1,2,8,10,0,0,0,0,17,2,0,6521,547,675,578,4827,191,6,10,10,10,22,2,1,4,5824,184,164,10,31,71,5,133,25,4,5,14,9,4,17523,24,4,23,3180,63,60,2,68,131,14,9,82,1,1,0,2,709,31368,131,285,8
1,1,1,2,0,0,2,0,1,1,4,1,0,7,2,9,0,0,0,0,0,3,0,0,0,0,0,0,0,3,2,1,0,0,6,3,7,0,9,0,0,1,3,0,0,0,0,3,1,0,90,210,168,80,10,92,1,3,7,6,43938,15,1,1,181,183,116,6,29,9,18,3746,16,2,5,2,6,133,32971,15,7,10,14259,49,23,9,117,78,26,5,56,10,4,332,21,36,131,51271,3734,199
1,3,0,3,4,0,6,0,2,23,13,5,0,21,3,49,0,0,11,2,6,15,0,2,0,3,1,0,2,9,36,2,1,0,24,29,92,0,38,0,0,13,15,2,0,0,0,8,2,1,112,512,1016,119,28,452,10,29,34,25,28482,166,142,57,887,4129,1224,77,403,128,290,2888,161,15,114,87,86,48,2052,156,158,215,21288,625,226,47,1176,704,1313,42,535,43,36,80,86,191,285,3734,31770,10971
0,0,0,5,0,0,1,0,0,10,10,1,0,3,4,29,2,0,7,0,9,6,1,0,0,2,0,0,0,3,17,2,0,1,9,15,70,0,5,0,0,5,7,0,0,0,1,3,1,0,7,19,62,6,6,18,3,9,23,41,7401,356,235,55,57,4152,648,64,346,58,4562,542,121,5,2008,44,33,29,79,209,92,182,929,241,66,38,999,393,5566,23,415,18,36,72,115,55,8,199,10971,12471
