15128,12784,9930,1062,12916,3499,364,9,0,124,9,3,2,17013,1363,248,2,2,10,5,3,386,5,5,5,20,5,82,1253,1268,6,21,8,28,78,14,164,5,118,12,767,246,36,29,26,44,32,49,2821,7,20,12,19,13,13,6,0,0,2,0,2,0,0,0,45,1,5,0,11,0,1,0,1,1,0,0,0,0,2,3,0,0,8,3,1,0,13,30,0,0,18,2,3,1,0,23,5,3,3,1
12784,36527,21006,21037,1675,3097,4214,4,3,386,23,0,1,3618,2954,512,0,0,8,1,1,457,1,8,2,3,3,28,286,509,2,6,2,10,279,10,271,5,377,6,669,422,19,17,14,12,11,267,246,1,104,128,121,105,91,119,0,1,1,4,8,0,0,0,205,11,14,0,18,0,2,7,1,0,0,0,0,1,12,0,0,0,30,0,0,1,51,133,5,0,82,0,1,0,0,310,22,10,9,2
9930,21006,47515,14874,3765,11850,13963,12,2,330,9,1,6,1731,987,87,0,0,6,1,1,791,5,7,3,3,2,85,770,1236,2,18,13,33,167,11,183,4,364,11,1354,627,14,22,20,52,39,195,397,11,144,123,80,466,66,62,1,2,1,4,3,0,0,0,173,9,14,1,14,0,1,3,1,2,0,0,2,2,10,5,2,0,19,2,0,1,42,102,1,0,75,2,0,0,0,200,16,7,8,0
1062,21037,14874,40610,746,4946,25150,28,25,1657,157,12,7,3516,17112,14316,0,6,112,23,20,619,6,14,17,56,11,19,207,632,797,22,10,30,904,195,455,47,520,11,906,1145,1943,74,90,10,21,791,130,112,158,240,192,127,153,188,0,1,7,3,15,1,0,0,272,18,16,0,24,5,4,5,4,2,0,1,1,0,12,5,0,1,23,0,4,0,93,194,3,2,127,1,6,1,0,652,33,10,9,2
12916,1675,3765,746,12119,21711,740,6,0,50,2,2,1,6158,172,193,0,0,4,4,0,118,3,4,1,13,4,27,760,523,0,8,3,13,53,8,91,6,81,7,332,73,8,18,21,14,18,293,6504,1,9,9,12,12,5,7,0,1,0,1,1,0,0,0,19,2,8,0,6,0,1,1,0,0,0,1,0,0,2,2,0,1,4,1,0,1,9,20,0,0,9,1,0,1,0,11,0,1,3,0
3499,3097,11850,4946,21711,26988,18430,2,4,93,17,0,3,603,145,709,0,1,3,4,3,129,8,42,7,5,35,44,317,298,2,11,4,24,713,16,189,6,610,37,279,83,13,60,7,20,18,4840,2664,2,191,75,27,1779,362,432,0,0,0,2,6,0,0,0,50,2,4,0,6,0,1,1,2,0,0,0,0,1,3,1,1,0,7,2,1,1,13,23,0,0,17,3,3,0,0,82,12,3,1,0
364,4214,13963,25150,740,18430,31359,5,15,391,83,3,0,290,165,6206,0,2,10,3,20,80,3,35,7,4,17,1,45,78,27,4,1,2,2641,65,353,7,454,8,112,88,79,31,7,3,0,2507,115,2,103,176,109,153,143,132,1,0,3,10,7,1,0,0,142,4,13,2,9,0,0,3,3,1,0,0,0,0,8,0,0,0,8,2,1,0,61,97,2,1,72,1,1,0,0,660,18,3,4,1
9,4,12,28,6,2,5,50377,5452,248,4298,2227,8350,583,397,1223,4564,9480,2029,8132,919,2543,444,168,212,127,44,16,100,521,1975,356,1914,43,35,49,710,413,36,10,58,124,1091,205,3343,103,244,2,11,413,0,0,2,0,0,0,160,303,125,836,57,44,24,101,10,3,11,53,61,239,82,22,71,72,6,5,11,0,0,33,6,90,3,5,39,0,338,24,6,25,7,1,30,1,7,0,1,4,9,4
0,3,2,25,0,4,15,5452,54641,263,1376,3253,3814,67,36,1514,1075,117,3461,6861,720,1984,558,15155,4791,126,4046,46,31,60,76,568,2225,153,313,1111,7362,355,294,116,24,60,119,1138,752,124,351,45,6,40,2,1,14,2,0,4,613,835,110,2823,87,84,162,378,55,27,25,81,85,1297,98,119,144,819,8,38,146,3,3,36,22,629,14,17,408,22,941,45,9,228,13,6,167,4,24,9,0,3,9,4
124,386,330,1657,50,93,391,248,263,28679,3280,3329,439,373,711,2768,281,78,462,97,3134,4828,780,227,81,164,86,107,455,171,339,1366,809,174,1126,610,968,142,1129,42,12638,11301,2476,420,340,317,1200,541,44,6487,18,30,44,15,13,22,1,19,70,97,57,9,4,1,80,13,32,17,184,11,28,11,75,21,7,3,17,2,15,57,7,14,24,21,16,6,147,117,29,17,67,7,32,2,4,43,7,10,27,13
9,23,9,157,2,17,83,4298,1376,3280,5548,11318,734,60,59,1208,177,44,1521,658,1403,5920,1427,214,92,40,52,30,33,38,91,106,435,44,271,428,457,149,294,22,71,60,154,230,257,227,289,113,6,20,1,5,11,1,8,12,13,41,76,140,39,12,10,5,22,9,16,17,75,30,33,15,48,22,7,7,7,0,5,27,4,21,9,11,11,4,95,53,4,11,28,1,12,1,4,6,1,7,8,7
3,0,1,12,2,0,3,2227,3253,3329,11318,30558,10314,53,20,336,3652,610,1107,1091,8303,1263,4682,267,307,18,56,17,34,99,150,154,5315,26,89,183,630,94,62,18,70,387,249,171,167,147,443,2,1,128,0,0,1,0,0,1,14,46,76,223,30,26,11,10,7,0,3,10,59,64,31,10,40,44,3,3,10,1,0,16,1,27,4,2,28,0,142,18,5,20,8,0,21,1,5,0,1,0,5,4
2,1,6,7,1,3,0,8350,3814,439,734,10314,27991,210,75,125,7136,1470,309,4248,767,390,411,81,318,89,27,13,57,562,359,383,12206,27,21,33,534,63,21,5,99,625,414,86,1659,39,156,0,6,721,1,0,4,0,0,1,145,150,10,434,5,7,25,72,11,1,4,3,11,297,5,16,14,61,1,4,6,2,0,11,3,103,2,3,52,1,168,4,1,14,0,0,11,0,3,0,1,0,1,0
17013,3618,1731,3516,6158,603,290,583,67,373,60,53,210,75981,15960,1976,52,54,467,257,57,327,45,52,90,816,35,193,6649,25187,409,659,282,361,989,291,1273,238,1283,36,1251,1175,2102,404,1934,66,204,460,9787,1662,88,79,145,34,46,70,1,1,11,19,31,3,3,1,292,31,51,4,108,4,11,25,11,24,8,7,4,4,31,43,5,21,55,30,21,0,154,299,22,17,157,5,22,2,1,100,30,17,33,9
1363,2954,987,17112,172,145,165,397,36,711,59,20,75,15960,16706,4562,23,52,340,130,37,315,5,10,35,165,14,23,206,2128,649,111,80,70,440,218,181,100,193,3,550,915,9808,117,624,11,37,165,97,12673,29,42,49,17,19,36,1,5,1,4,4,0,0,0,86,6,5,0,18,2,1,4,4,13,0,1,4,0,3,3,0,5,11,2,3,0,33,55,0,5,39,0,7,0,0,62,14,5,5,1
248,512,87,14316,193,709,6206,1223,1514,2768,1208,336,125,1976,4562,32083,315,1676,10297,372,968,503,54,473,206,140,61,21,179,570,16708,102,131,76,2306,3201,562,434,491,7,498,667,8542,345,479,9,51,1331,99,340,76,122,112,69,60,95,3,14,42,82,25,10,6,5,172,16,34,10,100,10,34,10,47,38,9,7,14,2,17,35,7,12,28,14,17,3,141,168,22,17,109,0,21,1,2,354,21,8,26,13
2,0,0,0,0,0,0,4564,1075,281,177,3652,7136,52,23,315,8075,4472,799,159,4822,45,257,58,36,7,11,3,16,107,999,131,1293,14,22,66,162,27,22,1,26,138,220,27,105,6,111,2,1,174,0,0,0,0,0,0,2,26,19,105,10,7,3,6,0,1,1,7,14,7,16,1,17,8,1,1,3,0,0,2,1,2,1,1,5,0,43,5,0,2,0,0,4,1,1,1,0,2,2,0
2,0,0,6,0,1,2,9480,117,78,44,610,1470,54,52,1676,4472,1910,2167,191,1533,28,136,38,27,39,11,4,9,103,2003,310,692,12,18,78,94,38,21,2,14,105,610,36,412,8,143,4,3,177,0,0,0,0,0,0,0,8,10,24,11,1,2,1,1,2,2,2,15,6,4,0,14,6,1,2,4,0,0,4,0,5,0,4,1,0,22,5,1,4,2,1,5,1,0,0,0,0,0,0
10,8,6,112,4,3,10,2029,3461,462,1521,1107,309,467,340,10297,799,2167,10494,1044,1481,447,131,938,327,129,121,15,60,255,1801,123,263,68,83,1037,388,616,80,12,65,132,1165,406,611,32,98,3,17,207,1,2,6,1,2,3,10,50,120,237,82,30,17,18,14,13,14,38,192,55,88,21,89,46,9,14,24,0,4,56,2,39,13,12,30,5,120,67,15,23,20,2,28,1,1,1,1,6,18,12
5,1,1,23,4,4,3,8132,6861,97,658,1091,4248,257,130,372,159,191,1044,21361,174,1982,765,151,1827,280,91,18,59,252,357,665,5463,113,29,131,453,3291,15,7,48,76,312,496,7396,102,223,3,7,158,1,1,8,0,0,2,344,234,23,843,17,19,159,256,51,23,11,14,43,1142,25,120,45,876,4,18,46,2,5,23,26,839,11,10,518,10,163,14,12,255,2,1,118,1,20,0,2,0,9,2
3,1,1,20,0,3,20,919,720,3134,1403,8303,767,57,37,968,4822,1533,1481,174,16757,177,669,320,89,67,56,32,18,154,1285,576,832,52,268,527,941,102,299,22,69,1348,4347,116,259,47,426,16,3,2886,0,1,1,0,0,4,2,31,102,182,54,15,4,5,15,3,18,12,136,15,44,9,61,17,1,3,8,0,3,27,3,8,4,3,10,3,113,38,11,7,15,2,12,2,2,0,0,3,10,8
386,457,791,619,118,129,80,2543,1984,4828,5920,1263,390,327,315,503,45,28,447,1982,177,17023,5287,155,870,276,584,1439,3259,292,52,807,496,1003,143,137,295,823,269,325,11358,898,140,3216,737,5510,2436,85,40,98,3,2,11,1,3,5,32,45,23,120,19,7,14,27,18,10,14,5,40,110,13,32,26,131,1,45,108,14,0,21,55,81,8,4,111,52,60,33,9,70,17,77,192,8,28,7,4,1,8,2
5,1,5,6,3,8,3,444,558,780,1427,4682,411,45,5,54,257,136,131,765,669,5287,13685,102,1207,271,799,278,128,87,46,1747,5181,394,26,48,59,931,39,101,139,191,72,2460,714,4898,7952,12,4,31,1,0,1,0,0,1,4,7,4,61,4,2,7,8,7,2,2,3,6,33,8,41,14,306,0,82,187,3,1,3,42,107,3,1,197,36,15,4,1,194,5,32,299,3,37,0,1,2,3,0
5,8,7,14,4,42,35,168,15155,227,214,267,81,52,10,473,58,38,938,151,320,155,102,7595,765,107,2539,200,44,71,63,204,105,229,918,4420,3552,124,9927,733,61,66,73,1347,86,53,126,366,27,11,2,7,6,3,9,9,18,46,91,264,48,25,5,15,12,9,16,20,172,49,55,24,106,132,6,16,76,7,6,32,20,46,12,10,36,10,178,54,3,67,22,15,83,4,19,21,0,12,25,3
5,2,3,17,1,7,7,212,4791,81,92,307,318,90,35,206,36,27,327,1827,89,870,1207,765,5210,345,3790,32,31,114,36,1105,3376,223,67,200,413,805,75,80,37,73,59,1740,1795,74,641,35,10,41,1,2,9,1,0,2,56,72,33,336,14,13,111,77,61,77,9,15,29,523,42,392,67,2808,13,162,692,7,4,22,89,1015,24,15,1480,51,88,16,24,1045,5,33,984,13,91,5,6,2,13,7
20,3,3,56,13,5,4,127,126,164,40,18,89,816,165,140,7,39,129,280,67,276,271,107,345,30353,547,124,166,739,108,6403,585,5724,45,53,24,7325,49,82,146,282,185,12322,8800,76,723,17,51,185,0,0,0,0,0,0,2,2,3,16,2,0,3,2,0,3,0,1,11,8,9,51,16,89,0,245,316,16,1,7,207,50,3,1,74,113,11,1,0,168,5,83,702,5,100,1,0,1,3,2
5,3,2,11,4,35,17,44,4046,86,52,56,27,35,14,61,11,11,121,91,56,584,799,2539,3790,547,16469,1740,39,62,14,1231,413,963,129,176,1900,338,1535,5948,63,46,19,11390,410,254,832,280,31,22,1,2,1,5,5,2,4,5,1,81,9,7,11,6,24,9,6,5,14,48,4,155,38,629,2,330,957,40,3,1,177,225,4,3,314,148,26,5,2,481,12,192,1268,7,114,19,2,0,4,2
82,28,85,19,27,44,1,16,46,107,30,17,13,193,23,21,3,4,15,18,32,1439,278,200,32,124,1740,55448,2863,503,8,442,46,13812,51,30,482,83,761,14857,1350,204,26,1078,173,13610,5326,153,37,21,3,1,1,1,3,1,0,1,1,4,2,0,0,0,5,2,1,0,8,0,1,22,4,19,0,56,109,871,17,5,99,4,2,1,2,328,28,7,1,8,23,1738,321,95,88,4,1,3,5,1
1253,286,770,207,760,317,45,100,31,455,33,34,57,6649,206,179,16,9,60,59,18,3259,128,44,31,166,39,2863,75469,6329,38,381,85,444,128,72,220,43,297,163,21857,509,197,356,360,1698,544,60,8926,50,6,3,18,3,1,3,0,3,6,4,9,1,0,1,24,5,10,1,49,5,7,2,8,6,0,2,15,21,4,21,11,2,16,3,1,8,43,43,5,2,35,27,22,1,3,6,4,5,8,3
1268,509,1236,632,523,298,78,521,60,171,38,99,562,25187,2128,570,107,103,255,252,154,292,87,71,114,739,62,503,6329,32693,417,1968,636,466,361,143,707,160,669,36,10351,7056,1742,339,2165,239,742,109,1480,1985,12,6,10,5,8,8,0,3,11,18,17,3,2,2,47,7,27,4,116,3,8,11,20,21,6,10,12,1,9,27,4,4,27,12,12,1,112,102,11,16,60,7,30,2,1,10,8,9,12,6
6,2,2,797,0,2,27,1975,76,339,91,150,359,409,649,16708,999,2003,1801,357,1285,52,46,63,36,108,14,8,38,417,24686,113,192,33,520,675,605,116,312,3,41,288,14819,88,852,9,43,24,11,1234,9,4,4,0,3,0,3,10,21,36,19,2,2,1,25,5,19,4,120,4,14,3,43,9,3,1,3,0,10,25,0,6,11,9,3,1,82,48,1,3,29,0,0,0,0,4,11,5,13,4
21,6,18,22,8,11,4,356,568,1366,106,154,383,659,111,102,131,310,123,665,576,807,1747,204,1105,6403,1231,442,381,1968,113,24389,3148,5250,50,53,82,1972,91,251,462,1928,259,8150,4938,609,15999,33,61,684,0,1,0,0,0,1,8,11,5,35,4,1,5,3,6,1,3,1,9,26,9,56,13,176,1,321,270,19,2,1,255,86,2,2,118,177,10,5,2,160,5,127,893,9,132,6,0,0,2,1
8,2,13,10,3,4,1,1914,2225,809,435,5315,12206,282,80,131,1293,692,263,5463,832,496,5181,105,3376,585,413,46,85,636,192,3148,13417,156,24,44,253,1134,25,11,154,771,314,724,7374,84,3974,13,15,515,0,1,4,1,0,0,83,72,10,249,2,6,34,58,19,18,6,7,13,368,7,77,15,604,2,16,74,1,2,20,11,269,3,3,375,9,76,6,3,253,4,5,183,4,12,0,0,0,3,3
28,10,33,30,13,24,2,43,153,174,44,26,27,361,70,76,14,12,68,113,52,1003,394,229,223,5724,963,13812,444,466,33,5250,156,37731,42,59,113,940,255,7712,431,253,77,14925,1080,3162,10892,78,33,63,0,1,1,1,1,0,1,3,2,9,10,4,3,0,6,4,0,0,10,7,5,72,8,91,1,266,242,405,8,3,596,31,8,1,36,1389,16,2,5,40,10,2452,1455,140,485,13,1,2,7,2
78,279,167,904,53,713,2641,35,313,1126,271,89,21,989,440,2306,22,18,83,29,268,143,26,918,67,45,129,51,128,361,520,50,24,42,3994,3519,957,72,8743,65,217,238,812,227,48,10,18,3746,89,55,46,65,66,30,49,68,1,10,33,55,32,8,0,0,119,11,22,11,96,5,17,10,35,12,5,2,11,1,11,32,4,4,23,13,2,2,123,124,10,7,63,5,13,0,4,209,17,11,17,9
14,10,11,195,8,16,65,49,1111,610,428,183,33,291,218,3201,66,78,1037,131,527,137,48,4420,200,53,176,30,72,143,675,53,44,59,3519,8405,907,155,6816,57,113,124,665,267,79,10,35,90,17,54,3,3,6,2,1,4,4,20,69,121,42,8,5,3,34,16,25,8,155,15,33,10,57,36,5,3,12,1,9,36,2,14,14,15,14,3,146,81,15,13,45,4,24,1,2,4,3,12,18,6
164,271,183,455,91,189,353,710,7362,968,457,630,534,1273,181,562,162,94,388,453,941,295,59,3552,413,24,1900,482,220,707,605,82,253,113,957,907,5532,52,10168,712,456,386,612,255,152,74,76,1760,160,126,20,17,17,26,27,19,76,104,31,351,35,13,8,43,28,6,6,13,47,124,27,10,29,34,1,6,11,5,1,17,1,39,9,7,23,2,194,45,8,15,15,10,12,1,7,144,2,8,7,3
5,5,4,47,6,6,7,413,355,142,149,94,63,238,100,434,27,38,616,3291,102,823,931,124,805,7325,338,83,43,160,116,1972,1134,940,72,155,52,10644,57,40,46,91,162,12355,3867,133,804,14,11,50,2,1,3,1,0,1,4,14,13,67,9,4,22,5,26,22,4,6,23,58,4,162,37,644,1,234,512,9,1,7,111,309,10,8,455,65,23,12,4,514,13,30,722,7,82,2,3,2,7,1
118,377,364,520,81,610,454,36,294,1129,294,62,21,1283,193,491,22,21,80,15,299,269,39,9927,75,49,1535,761,297,669,312,91,25,255,8743,6816,10168,57,34175,1697,394,337,408,1021,50,85,107,7281,277,60,35,43,39,19,30,24,0,9,71,85,56,6,0,4,120,18,48,3,178,9,27,14,51,11,3,8,22,10,16,48,8,6,33,20,6,12,205,125,17,7,77,26,26,2,7,126,11,12,32,9
12,6,11,11,7,37,8,10,116,42,22,18,5,36,3,7,1,2,12,7,22,325,101,733,80,82,5948,14857,163,36,3,251,11,7712,65,57,712,40,1697,39633,139,24,15,8813,19,1569,1914,324,30,4,1,2,2,0,7,5,0,4,2,8,13,1,3,0,4,6,0,1,5,3,7,64,18,52,1,229,261,1338,23,2,577,20,11,0,10,1759,22,2,1,25,25,5305,1695,242,437,22,2,8,5,2
767,669,1354,906,332,279,112,58,24,12638,71,70,99,1251,550,498,26,14,65,48,69,11358,139,61,37,146,63,1350,21857,10351,41,462,154,431,217,113,456,46,394,139,59723,8931,288,342,293,856,570,69,198,308,7,3,8,1,2,4,0,3,15,9,9,2,0,0,31,4,21,2,92,4,17,4,22,8,3,4,4,7,7,19,6,3,16,10,4,12,83,60,7,2,31,34,39,3,2,6,3,4,9,6
246,422,627,1145,73,83,88,124,60,11301,60,387,625,1175,915,667,138,105,132,76,1348,898,191,66,73,282,46,204,509,7056,288,1928,771,253,238,124,386,91,337,24,8931,23361,2568,242,931,154,813,89,28,5561,2,8,4,1,3,3,1,4,15,18,18,4,0,2,17,8,12,0,76,8,9,4,29,13,2,7,12,3,2,13,6,1,9,5,9,2,51,40,8,6,27,5,18,0,0,13,1,3,8,2
36,19,14,1943,8,13,79,1091,119,2476,154,249,414,2102,9808,8542,220,610,1165,312,4347,140,72,73,59,185,19,26,197,1742,14819,259,314,77,812,665,612,162,408,15,288,2568,25744,142,1130,17,123,58,29,15798,3,3,2,0,2,4,2,8,26,40,15,4,2,1,11,1,10,4,103,12,7,5,42,13,3,3,4,1,2,24,1,6,10,5,7,1,83,45,8,10,21,2,6,0,0,3,5,3,14,7
29,17,22,74,18,60,31,205,1138,420,230,171,86,404,117,345,27,36,406,496,116,3216,2460,1347,1740,12322,11390,1078,356,339,88,8150,724,14925,227,267,255,12355,1021,8813,342,242,142,61126,2984,1840,4166,392,52,54,2,8,4,8,9,7,3,20,19,56,15,5,23,9,33,18,4,10,24,44,25,360,83,638,6,1715,1885,153,12,13,1317,338,15,4,376,937,44,20,7,791,33,1020,4617,60,734,39,3,8,14,14
26,14,20,90,21,7,7,3343,752,340,257,167,1659,1934,624,479,105,412,611,7396,259,737,714,86,1795,8800,410,173,360,2165,852,4938,7374,1080,48,79,152,3867,50,19,293,931,1130,2984,24373,87,699,12,76,1061,1,0,3,0,0,2,21,32,18,123,10,10,46,21,32,24,6,12,34,267,15,179,45,1114,4,92,236,6,2,19,36,532,15,11,841,41,47,11,13,579,5,7,449,2,38,2,3,1,10,5
44,12,52,10,14,20,3,103,124,317,227,147,39,66,11,9,6,8,32,102,47,5510,4898,53,74,76,254,13610,1698,239,9,609,84,3162,10,10,74,133,85,1569,856,154,17,1840,87,15733,11220,16,6,11,2,0,0,0,0,1,2,5,1,7,3,0,0,0,0,0,2,1,8,5,0,6,4,13,0,25,29,128,3,0,46,8,3,0,11,134,9,3,0,14,6,355,145,21,35,0,0,0,1,0
32,11,39,21,18,18,0,244,351,1200,289,443,156,204,37,51,111,143,98,223,426,2436,7952,126,641,723,832,5326,544,742,43,15999,3974,10892,18,35,76,804,107,1914,570,813,123,4166,699,11220,32852,25,24,173,0,1,2,0,1,0,5,4,6,24,6,1,3,0,11,4,2,3,13,18,7,54,16,137,0,183,192,131,6,2,256,61,5,1,86,434,12,5,3,104,9,623,713,34,150,1,1,0,4,1
49,267,195,791,293,4840,2507,2,45,541,113,2,0,460,165,1331,2,4,3,3,16,85,12,366,35,17,280,153,60,109,24,33,13,78,3746,90,1760,14,7281,324,69,89,58,392,12,16,25,8390,744,6,36,77,37,82,87,76,0,1,2,3,7,0,0,1,49,1,5,0,14,1,3,4,3,3,0,1,5,3,8,6,1,2,4,1,1,6,29,38,0,1,24,4,4,3,0,393,6,1,3,0
2821,246,397,130,6504,2664,115,11,6,44,6,1,6,9787,97,99,1,3,17,7,3,40,4,27,10,51,31,37,8926,1480,11,61,15,33,89,17,160,11,277,30,198,28,29,52,76,6,24,744,18461,4,6,3,1,2,1,5,0,1,0,0,2,0,0,0,21,1,4,0,18,1,1,1,0,1,1,0,2,1,4,4,0,0,1,3,0,0,19,18,0,3,9,1,4,0,0,9,1,1,3,0
7,1,11,112,1,2,2,413,40,6487,20,128,721,1662,12673,340,174,177,207,158,2886,98,31,11,41,185,22,21,50,1985,1234,684,515,63,55,54,126,50,60,4,308,5561,15798,54,1061,11,173,6,4,16985,0,0,0,0,1,0,1,2,6,15,1,2,0,1,3,0,5,0,20,3,2,3,9,12,0,1,2,0,0,2,2,3,2,1,5,0,21,8,3,6,2,0,7,0,1,0,0,1,3,0
20,104,144,158,9,191,103,0,2,18,1,0,1,88,29,76,0,0,1,1,0,3,1,2,1,0,1,3,6,12,9,0,0,0,46,3,20,2,35,1,7,2,3,2,1,2,0,36,6,0,46076,14825,3223,20761,15613,2301,5,7,16,6,86,2,2,5,21836,80,227,3,70,8,10,118,9,14,1,22,9,59,842,12,10,5,523,19,11,34,193,831,11,21,406,9,29,34,15,294,10449,160,85,5
12,128,123,240,9,75,176,0,1,30,5,0,0,79,42,122,0,0,2,1,1,2,0,7,2,0,2,1,3,6,4,1,1,1,65,3,17,1,43,2,3,8,3,8,0,0,1,77,3,0,14825,113918,18443,29221,2716,11953,10,3,11,8,408,7,3,1,11500,62,87,1,29,5,13,411,9,8,3,19,3,62,683,8,16,8,990,13,11,22,143,610,21,8,216,10,11,64,21,474,400,796,506,37
19,121,80,192,12,27,109,2,14,44,11,1,4,145,49,112,0,0,6,8,1,11,1,6,9,0,1,1,18,10,4,0,4,1,66,6,17,3,39,2,8,4,2,4,3,0,2,37,1,0,3223,18443,44931,2732,986,34287,43,107,195,140,817,29,20,24,24688,6117,4775,18,753,110,78,277,21,61,22,84,18,29,389,303,28,52,684,732,63,22,417,2461,47,138,509,8,117,31,23,382,698,486,741,81
13,105,466,127,12,1779,153,0,2,15,1,0,0,34,17,69,0,0,1,0,0,1,0,3,1,0,5,1,3,5,0,0,1,1,30,2,26,1,19,0,1,1,0,8,0,0,0,82,2,0,20761,29221,2732,44828,20907,24711,1,0,2,1,81,1,0,1,2267,15,19,0,8,1,4,91,2,2,0,3,2,27,201,3,4,4,290,4,2,7,33,288,1,4,479,6,0,15,6,516,265,167,78,5
13,91,66,153,5,362,143,0,0,13,8,0,0,46,19,60,0,0,2,0,0,3,0,9,0,0,5,3,1,8,3,0,0,1,49,1,27,0,30,7,2,3,2,9,0,0,1,87,1,1,15613,2716,986,20907,24318,6564,0,2,2,5,68,0,0,0,2209,28,35,0,12,1,8,70,8,18,3,4,70,45,258,1,4,3,283,10,4,7,144,373,20,4,1105,38,52,30,5,4117,3618,132,64,5
6,119,62,188,7,432,132,0,4,22,12,1,1,70,36,95,0,0,3,2,4,5,1,9,2,0,2,1,3,8,0,1,0,0,68,4,19,1,24,5,4,3,4,7,2,1,0,76,5,0,2301,11953,34287,24711,6564,44645,4,11,28,24,1273,17,8,4,5476,296,3921,3,177,22,54,346,20,17,15,22,4,29,359,65,15,36,620,88,23,13,252,3942,61,21,1310,4,39,27,18,994,252,769,999,131
0,0,1,0,0,0,1,160,613,1,13,14,145,1,1,3,2,0,10,344,2,32,4,18,56,2,4,0,0,0,3,8,83,1,1,4,76,4,0,0,0,1,2,3,21,2,5,0,0,1,5,10,43,1,0,4,1966,6043,593,980,29,21,292,5079,750,445,134,306,131,2077,53,74,21,192,83,39,9,3,38,620,11,1521,207,266,227,10,479,19,61,103,7,1,41,3,16,1,24,13,56,17
0,1,2,1,1,0,0,303,835,19,41,46,150,1,5,14,26,8,50,234,31,45,7,46,72,2,5,1,3,3,10,11,72,3,10,20,104,14,9,4,3,4,8,20,32,5,4,1,1,2,7,3,107,0,2,11,6043,31689,6399,4689,305,691,1114,4470,1089,337,323,4963,378,3536,621,1556,50,355,134,122,53,52,41,1980,113,1629,132,570,637,62,1335,23,79,501,9,13,240,69,130,2,36,20,68,19
2,1,1,7,0,0,3,125,110,70,76,76,10,11,1,42,19,10,120,23,102,23,4,91,33,3,1,1,6,11,21,5,10,2,33,69,31,13,71,2,15,15,26,19,18,1,6,2,0,6,16,11,195,2,2,28,593,6399,9604,2282,491,752,490,863,815,254,1322,6111,3395,289,1220,702,84,94,149,48,17,24,44,5870,78,1022,93,396,302,38,502,70,104,54,31,4,59,18,78,2,40,28,71,27
0,4,4,3,1,2,10,836,2823,97,140,223,434,19,4,82,105,24,237,843,182,120,61,264,336,16,81,4,4,18,36,35,249,9,55,121,351,67,85,8,9,18,40,56,123,7,24,3,0,15,6,8,140,1,5,24,980,4689,2282,53290,1069,2257,1594,2003,344,158,394,1576,3763,3443,2304,1751,13592,5417,117,109,946,56,20,556,135,1600,73,161,278,88,11549,288,141,248,41,53,507,85,214,2,22,63,117,64
2,8,3,15,1,6,7,57,87,57,39,30,5,31,4,25,10,11,82,17,54,19,4,48,14,2,9,2,9,17,19,4,2,10,32,42,35,9,56,13,9,18,15,15,10,3,6,7,2,1,86,408,817,81,68,1273,29,305,491,1069,35701,4570,731,37,463,961,1656,89,2078,88,3631,3091,399,127,109,99,82,251,582,177,153,186,707,298,78,148,1352,1653,887,68,629,57,272,263,337,89,47,13650,13080,3059
0,0,0,1,0,0,1,44,84,9,12,26,7,3,0,10,7,1,30,19,15,7,2,25,13,0,7,0,1,3,2,1,6,4,8,8,13,4,6,1,2,4,4,5,10,0,1,0,0,2,2,7,29,1,0,17,21,691,752,2257,4570,6153,5565,78,45,140,121,144,866,244,5194,5711,133,141,58,17,42,40,19,94,30,256,37,32,37,37,288,105,170,35,34,15,138,145,179,1,5,82,257,150
0,0,0,0,0,0,0,24,162,4,10,11,25,3,0,6,3,2,17,159,4,14,7,5,111,3,11,0,0,2,2,5,34,3,0,5,8,22,0,3,0,0,2,23,46,0,3,0,0,0,2,3,20,0,0,8,292,1114,490,1594,731,5565,19584,5582,89,207,92,2539,307,850,6353,7091,49,827,161,50,137,56,19,618,122,7861,35,81,246,87,153,44,202,156,15,15,250,311,446,2,5,20,110,86
0,0,0,0,0,0,0,101,378,1,5,10,72,1,0,5,6,1,18,256,5,27,8,15,77,2,6,0,1,2,1,3,58,0,0,3,43,5,4,0,0,2,1,9,21,0,0,1,0,1,5,1,24,1,0,4,5079,4470,863,2003,37,78,5582,20458,370,380,179,3548,263,953,261,553,37,439,103,23,32,6,27,895,36,7350,111,262,150,14,326,19,91,66,4,2,42,20,54,0,11,7,63,18
45,205,173,272,19,50,142,10,55,80,22,7,11,292,86,172,0,1,14,51,15,18,7,12,61,0,24,5,24,47,25,6,19,6,119,34,28,26,120,4,31,17,11,33,32,0,11,49,21,3,21836,11500,24688,2267,2209,5476,750,1089,815,344,463,45,89,370,84361,10216,3393,99,1301,719,162,404,77,233,69,1098,51,271,6600,484,620,691,13406,1088,1760,372,1216,2618,308,1398,1195,33,669,151,231,397,17172,580,1985,537
1,11,9,18,2,2,4,3,27,13,9,0,1,31,6,16,1,2,13,23,3,10,2,9,77,3,9,2,5,7,5,1,18,4,11,16,6,22,18,6,4,8,1,18,24,0,4,1,1,0,80,62,6117,15,28,296,445,337,254,158,961,140,207,380,10216,48134,5146,229,820,197,1559,616,78,219,386,439,70,238,307,532,721,1432,3666,10490,1255,321,572,688,3966,307,341,29,251,167,607,44,123,378,6936,5907
5,14,14,16,8,4,13,11,25,32,16,3,4,51,5,34,1,2,14,11,18,14,2,16,9,0,6,1,10,27,19,3,6,0,22,25,6,4,48,0,21,12,10,4,6,2,2,5,4,5,227,87,4775,19,35,3921,134,323,1322,394,1656,121,92,179,3393,5146,20747,469,5118,182,551,291,75,107,311,57,20,25,182,12349,58,291,444,6902,160,37,343,3669,474,93,128,6,97,11,40,75,147,346,636,179
0,0,1,0,0,0,2,53,81,17,17,10,3,4,0,10,7,2,38,14,12,5,3,20,15,1,5,0,1,4,4,1,7,0,11,8,13,6,3,1,2,0,4,10,12,1,3,0,0,0,3,1,18,0,0,3,306,4963,6111,1576,89,144,2539,3548,99,229,469,12210,987,195,7417,744,39,99,655,23,20,13,11,7045,56,1698,20,272,86,26,196,53,265,55,33,5,73,31,119,0,2,4,45,34
11,18,14,24,6,6,9,61,85,184,75,59,11,108,18,100,14,15,192,43,136,40,6,172,29,11,14,8,49,116,120,9,13,10,96,155,47,23,178,5,92,76,103,24,34,8,13,14,18,20,70,29,753,8,12,177,131,378,3395,3763,2078,866,307,263,1301,820,5118,987,10737,578,2611,606,3404,769,603,95,146,33,129,4086,97,552,410,1083,165,59,1538,5143,972,112,1027,39,303,51,128,28,98,273,619,393
0,0,0,5,0,0,0,239,1297,11,30,64,297,4,2,10,7,6,55,1142,15,110,33,49,523,8,48,0,5,3,4,26,368,7,5,15,124,58,9,3,4,8,12,44,267,5,18,1,1,3,8,5,110,1,1,22,2077,3536,289,3443,88,244,850,953,719,197,182,195,578,19296,235,908,84,3172,61,261,97,10,35,418,159,4260,108,200,3265,80,798,55,65,2653,8,3,596,22,111,0,24,28,46,19
1,2,1,4,1,1,0,82,98,28,33,31,5,11,1,34,16,4,88,25,44,13,8,55,42,9,4,1,7,8,14,9,7,5,17,33,27,4,27,7,17,9,7,25,15,0,7,3,1,2,10,13,78,4,8,54,53,621,1220,2304,3631,5194,6353,261,162,1559,551,7417,2611,235,22020,3203,363,207,4520,160,93,250,44,2601,249,1243,211,551,189,194,1030,673,7456,122,394,33,275,314,635,16,8,140,1015,1696
0,7,3,5,1,1,3,22,119,11,15,10,16,25,4,10,1,0,21,120,9,32,41,24,392,51,155,22,2,11,3,56,77,72,10,10,10,162,14,64,4,4,5,360,179,6,54,4,1,3,118,411,277,91,70,346,74,1556,702,1751,3091,5711,7091,553,404,616,291,744,606,908,3203,38523,163,1795,206,508,976,1239,2677,417,617,5433,806,170,656,1261,276,316,472,1165,156,622,3649,8597,10494,21,81,2208,1133,362
1,1,1,4,0,2,3,71,144,75,48,40,14,11,4,47,17,14,89,45,61,26,14,106,67,16,38,4,8,20,43,13,15,8,35,57,29,37,51,18,22,29,42,83,45,4,16,3,0,9,9,9,21,2,8,20,21,50,84,13592,399,133,49,37,77,78,75,39,3404,84,363,163,9125,3795,70,159,1763,49,21,117,154,176,56,56,58,127,6172,2904,124,77,1031,454,1110,23,111,50,6,57,135,103
1,0,2,2,0,0,1,72,819,21,22,44,61,24,13,38,8,6,46,876,17,131,306,132,2808,89,629,19,6,21,9,176,604,91,12,36,34,644,11,52,8,13,13,638,1114,13,137,3,1,12,14,8,61,2,18,17,192,355,94,5417,127,141,827,439,233,219,107,99,769,3172,207,1795,3795,11547,49,243,7490,83,27,130,250,3922,61,92,838,224,1232,411,75,553,601,941,2998,52,302,72,25,22,81,35
0,0,0,0,0,0,0,6,8,7,7,3,1,8,0,9,1,1,9,4,1,1,0,6,13,0,2,0,0,6,3,1,2,1,5,5,1,1,3,1,3,2,3,6,4,0,0,0,1,0,1,3,22,0,3,15,83,134,149,117,109,58,161,103,69,386,311,655,603,61,4520,206,70,49,3489,129,19,22,8,4985,85,386,55,1150,168,52,290,233,3345,100,155,5,56,22,126,2,3,11,158,376
0,0,0,1,1,0,0,5,38,3,7,3,4,7,1,7,1,2,14,18,3,45,82,16,162,245,330,56,2,10,1,321,16,266,2,3,6,234,8,229,4,7,3,1715,92,25,183,1,0,1,22,19,84,3,4,22,39,122,48,109,99,17,50,23,1098,439,57,23,95,261,160,508,159,243,129,14828,911,82,108,132,5553,1184,559,192,5239,6229,86,48,223,7948,91,183,12233,66,845,13,74,44,233,132
0,0,2,1,0,0,0,11,146,17,7,10,6,4,4,14,3,4,24,46,8,108,187,76,692,316,957,109,15,12,3,270,74,242,11,12,11,512,22,261,4,12,4,1885,236,29,192,5,2,2,9,3,18,2,70,4,9,53,17,946,82,42,137,32,51,70,20,20,146,97,93,976,1763,7490,19,911,12137,1210,23,29,999,1138,29,36,372,885,1869,262,44,245,1669,8330,11011,111,847,221,44,18,54,22
0,1,2,0,0,1,0,0,3,2,0,1,2,4,0,2,0,0,0,2,0,14,3,7,7,16,40,871,21,1,0,19,1,405,1,1,5,9,10,1338,7,3,1,153,6,128,131,3,1,0,59,62,29,27,45,29,3,52,24,56,251,40,56,6,271,238,25,13,33,10,250,1239,49,83,22,82,1210,43435,4739,10,114,119,867,33,32,9007,584,29,108,34,254,22334,1721,18387,563,34,99,775,433,184
2,12,10,12,2,3,8,0,3,15,5,0,0,31,3,17,0,0,4,5,3,0,1,6,4,1,3,17,4,9,10,2,2,8,11,9,1,1,16,23,7,2,2,12,2,3,6,8,4,0,842,683,389,201,258,359,38,41,44,20,582,19,19,27,6600,307,182,11,129,35,44,2677,21,27,8,108,23,4739,78707,16,92,70,13054,47,142,393,260,314,44,109,212,337,185,1668,331,73,7700,12496,1476,76
3,0,5,5,2,1,0,33,36,57,27,16,11,43,3,35,2,4,56,23,27,21,3,32,22,7,1,5,21,27,25,1,20,3,32,36,17,7,48,2,19,13,24,13,19,0,2,6,4,2,12,8,303,3,1,65,620,1980,5870,556,177,94,618,895,484,532,12349,7045,4086,418,2601,417,117,130,4985,132,29,10,16,21953,166,1576,72,5405,565,59,555,326,1422,193,129,4,129,23,179,9,24,29,98,33
0,0,2,0,0,1,0,6,22,7,4,1,3,5,0,7,1,0,2,26,3,55,42,20,89,207,177,99,11,4,0,255,11,596,4,2,1,111,8,577,6,6,1,1317,36,46,256,1,0,2,10,16,28,4,4,15,11,113,78,135,153,30,122,36,620,721,58,56,97,159,249,617,154,250,85,5553,999,114,92,166,19990,2928,446,164,3585,9315,78,54,236,1460,74,499,5803,225,4342,7,48,45,475,218
0,0,0,1,1,0,0,90,629,14,21,27,103,21,5,12,2,5,39,839,8,81,107,46,1015,50,225,4,2,4,6,86,269,31,4,14,39,309,6,20,3,1,6,338,532,8,61,2,0,3,5,8,52,4,3,36,1521,1629,1022,1600,186,256,7861,7350,691,1432,291,1698,552,4260,1243,5433,176,3922,386,1184,1138,119,70,1576,2928,29423,413,580,14824,707,280,91,557,3036,39,67,2782,223,5246,3,31,53,448,267
8,30,19,23,4,7,8,3,14,24,9,4,2,55,11,28,1,0,13,11,4,8,3,12,24,3,4,2,16,27,11,2,3,8,23,14,9,10,33,11,16,9,10,15,15,3,5,4,1,2,523,990,684,290,283,620,207,132,93,73,707,37,35,111,13406,3666,444,20,410,108,211,806,56,61,55,559,29,867,13054,72,446,413,47982,265,727,412,607,663,421,376,458,109,184,531,314,54,1826,4248,18819,961
3,0,2,0,1,2,2,5,17,21,11,2,3,30,2,14,1,4,12,10,3,4,1,10,15,1,3,1,3,12,9,2,3,1,13,15,7,8,20,0,10,5,5,4,11,0,1,1,3,1,19,13,732,4,10,88,266,570,396,161,298,32,81,262,1088,10490,6902,272,1083,200,551,170,56,92,1150,192,36,33,47,5405,164,580,265,9410,458,66,616,499,3535,241,248,5,121,19,117,17,37,77,482,208
1,0,0,4,0,1,1,39,408,16,11,28,52,21,3,17,5,1,30,518,10,111,197,36,1480,74,314,2,1,12,3,118,375,36,2,14,23,455,6,10,4,9,7,376,841,11,86,1,0,5,11,11,63,2,4,23,227,637,302,278,78,37,246,150,1760,1255,160,86,165,3265,189,656,58,838,168,5239,372,32,142,565,3585,14824,727,458,12421,672,106,54,279,5979,36,17,1829,47,668,1,82,55,361,146
0,1,1,0,1,1,0,0,22,6,4,0,1,0,0,3,0,0,5,10,3,52,36,10,51,113,148,328,8,1,1,177,9,1389,2,3,2,65,12,1759,12,2,1,937,41,134,434,6,0,0,34,22,22,7,7,13,10,62,38,88,148,37,87,14,372,321,37,26,59,80,194,1261,127,224,52,6229,885,9007,393,59,9315,707,412,66,672,35905,121,49,127,1167,121,5736,9301,6070,4087,14,48,151,316,129
13,51,42,93,9,13,61,338,941,147,95,142,168,154,33,141,43,22,120,163,113,60,15,178,88,11,26,28,43,112,82,10,76,16,123,146,194,23,205,22,83,51,83,44,47,9,12,29,19,21,193,143,417,33,144,252,479,1335,502,11549,1352,288,153,326,1216,572,343,196,1538,798,1030,276,6172,1232,290,86,1869,584,260,555,78,280,607,616,106,121,3116,3248,762,68,4860,1411,776,39,60,1112,171,319,673,458
30,133,102,194,20,23,97,24,45,117,53,18,4,299,55,168,5,5,67,14,38,33,4,54,16,1,5,7,43,102,48,5,6,2,124,81,45,12,125,2,60,40,45,20,11,3,5,38,18,8,831,610,2461,288,373,3942,19,23,70,288,1653,105,44,19,2618,688,3669,53,5143,55,673,316,2904,411,233,48,262,29,314,326,54,91,663,499,54,49,3248,16746,667,56,11853,82,269,32,52,3280,368,495,867,400
0,5,1,3,0,0,2,6,9,29,4,5,1,22,0,22,0,1,15,12,11,9,1,3,24,0,2,1,5,11,1,2,3,5,10,15,8,4,17,1,7,8,8,7,13,0,3,0,0,3,11,21,47,1,20,61,61,79,104,141,887,170,202,91,308,3966,474,265,972,65,7456,472,124,75,3345,223,44,108,44,1422,236,557,421,3535,279,127,762,667,9542,151,489,10,135,82,277,33,10,142,1892,4943
0,0,0,2,0,0,1,25,228,17,11,20,14,17,5,17,2,4,23,255,7,70,194,67,1045,168,481,8,2,16,3,160,253,40,7,13,15,514,7,25,2,6,10,791,579,14,104,1,3,6,21,8,138,4,4,21,103,501,54,248,68,35,156,66,1398,307,93,55,112,2653,122,1165,77,553,100,7948,245,34,109,193,1460,3036,376,241,5979,1167,68,56,151,15179,33,31,8365,58,691,7,89,47,128,41
18,82,75,127,9,17,72,7,13,67,28,8,0,157,39,109,0,2,20,2,15,17,5,22,5,5,12,23,35,60,29,5,4,10,63,45,15,13,77,25,31,27,21,33,5,6,9,24,9,2,406,216,509,479,1105,1310,7,9,31,41,629,34,15,4,1195,341,128,33,1027,8,394,156,1031,601,155,91,1669,254,212,129,74,39,458,248,36,121,4860,11853,489,33,15308,1445,1077,33,43,10311,405,193,386,259
2,0,2,1,1,3,1,1,6,7,1,0,0,5,0,0,0,1,2,1,2,77,32,15,33,83,192,1738,27,7,0,127,5,2452,5,4,10,30,26,5305,34,5,2,1020,7,355,623,4,1,0,9,10,8,6,38,4,1,13,4,53,57,15,15,2,33,29,6,5,39,3,33,622,454,941,5,183,8330,22334,337,4,499,67,109,5,17,5736,1411,82,10,31,1445,40646,10660,2118,1267,124,33,66,54,13
3,1,0,6,0,3,1,30,167,32,12,21,11,22,7,21,4,5,28,118,12,192,299,83,984,702,1268,321,22,30,0,893,183,1455,13,24,12,722,26,1695,39,18,6,4617,449,145,713,4,4,7,29,11,117,0,52,39,41,240,59,507,272,138,250,42,669,251,97,73,303,596,275,3649,1110,2998,56,12233,11011,1721,185,129,5803,2782,184,121,1829,9301,776,269,135,8365,1077,10660,28603,768,3761,167,79,78,177,87
1,0,0,1,1,0,0,1,4,2,1,1,0,2,0,1,1,1,1,1,2,8,3,4,13,5,7,95,1,2,0,9,4,140,0,1,1,7,2,242,3,0,0,60,2,21,34,3,0,0,34,64,31,15,30,27,3,69,18,85,263,145,311,20,151,167,11,31,51,22,314,8597,23,52,22,66,111,18387,1668,23,225,223,531,19,47,6070,39,32,82,58,33,2118,768,18280,8208,4,30,657,255,89
0,0,0,0,0,0,0,7,24,4,4,5,3,1,0,2,1,0,1,20,2,28,37,19,91,100,114,88,3,1,0,132,12,485,4,2,7,82,7,437,2,0,0,734,38,35,150,0,0,1,15,21,23,6,5,18,16,130,78,214,337,179,446,54,231,607,40,119,128,111,635,10494,111,302,126,845,847,563,331,179,4342,5246,314,117,668,4087,60,52,277,691,43,1267,3761,8208,22094,7,19,130,422,236
23,310,200,652,11,82,660,0,9,43,6,0,0,100,62,354,1,0,1,0,0,7,0,21,5,1,19,4,6,10,4,6,0,13,209,4,144,2,126,22,6,13,3,39,2,0,1,393,9,0,294,474,382,516,4117,994,1,2,2,2,89,1,2,0,397,44,75,0,28,0,16,21,50,72,2,13,221,34,73,9,7,3,54,17,1,14,1112,3280,33,7,10311,124,167,4,7,5006,775,31,35,18
5,22,16,33,0,12,18,1,0,7,1,1,1,30,14,21,0,0,1,2,0,4,1,0,6,0,2,1,4,8,11,0,0,1,17,3,2,3,11,2,3,1,5,3,3,0,1,6,1,0,10449,400,698,265,3618,252,24,36,40,22,47,5,5,11,17172,123,147,2,98,24,8,81,6,25,3,74,44,99,7700,24,48,31,1826,37,82,48,171,368,10,89,405,33,79,30,19,775,27827,92,260,11
3,10,7,10,1,3,3,4,3,10,7,0,0,17,5,8,2,0,6,0,3,1,2,12,2,1,0,3,5,9,5,0,0,2,11,12,8,2,12,8,4,3,3,8,1,0,0,1,1,1,160,796,486,167,132,769,13,20,28,63,13650,82,20,7,580,378,346,4,273,28,140,2208,57,22,11,44,18,775,12496,29,45,53,4248,77,55,151,319,495,142,47,193,66,78,657,130,31,92,30146,5053,275
3,9,8,9,3,1,4,9,9,27,8,5,1,33,5,26,2,0,18,9,10,8,3,25,13,3,4,5,8,12,13,2,3,7,17,18,7,7,32,5,9,8,14,14,10,1,4,3,3,3,85,506,741,78,64,999,56,68,71,117,13080,257,110,63,1985,6936,636,45,619,46,1015,1133,135,81,158,233,54,433,1476,98,475,448,18819,482,361,316,673,867,1892,128,386,54,177,255,422,35,260,5053,14667,5732
1,2,0,2,0,0,1,4,4,13,7,4,0,9,1,13,0,0,12,2,8,2,0,3,7,2,2,1,3,6,4,1,3,2,9,6,3,1,9,2,6,2,7,14,5,0,1,0,0,0,5,37,81,5,5,131,17,19,27,64,3059,150,86,18,537,5907,179,34,393,19,1696,362,103,35,376,132,22,184,76,33,218,267,961,208,146,129,458,400,4943,41,259,13,87,89,236,18,11,275,5732,4793
