17002,7368,8783,1304,10183,3318,569,2,2,50,5,0,1,16960,1294,439,0,3,2,10,8,351,2,6,2,10,0,15,197,353,25,20,7,8,58,5,61,11,33,2,227,133,40,5,11,5,9,122,1546,5,12,1,14,5,24,19,0,0,0,0,0,0,0,0,5,0,35,1,0,3,1,2,1,2,1,0,0,0,1,1,0,0,5,3,0,0,3,34,0,1,15,0,0,1,0,65,7,0,3,0
7368,25408,6513,13245,952,1534,2340,4,1,164,3,1,2,3609,3872,316,0,4,3,8,7,764,2,1,5,5,1,18,144,368,28,33,12,2,116,6,76,8,45,0,367,330,23,1,17,5,14,1291,217,36,26,12,33,13,104,87,0,0,1,0,0,0,0,1,14,6,94,0,0,1,1,5,0,1,0,1,0,0,8,0,0,0,7,5,0,0,6,97,1,1,13,0,0,0,0,278,16,4,7,1
8783,6513,20294,4747,4630,11961,9594,1,1,17,0,0,0,331,69,47,0,0,1,3,0,293,0,0,0,2,0,6,104,220,2,3,4,1,31,3,24,0,45,0,187,119,5,0,2,5,1,641,93,5,24,126,9,1174,46,28,0,0,0,0,0,0,1,0,3,0,29,0,1,0,0,3,0,0,0,0,0,0,3,0,0,0,3,0,0,0,0,33,0,0,4,0,0,0,0,95,2,1,3,1
1304,13245,4747,40825,488,1159,14804,11,4,315,7,5,8,1526,12447,3804,4,2,9,29,27,584,6,6,11,31,6,14,75,239,205,59,32,11,120,5,72,36,89,2,292,321,987,7,44,6,15,1089,187,117,17,10,25,11,43,58,0,0,0,1,3,1,0,0,12,2,65,1,2,0,0,2,0,3,1,0,1,0,5,1,0,0,3,7,1,0,5,66,3,0,16,0,0,0,0,170,6,0,7,1
10183,952,4630,488,15433,23756,262,0,2,39,1,2,0,5871,592,184,1,0,3,9,4,105,1,2,2,7,1,7,92,146,23,12,7,5,30,8,18,9,27,2,98,51,32,2,11,9,7,368,2256,5,3,0,8,37,27,16,0,0,0,1,0,0,0,0,5,1,20,0,0,1,0,4,1,0,0,0,0,0,0,1,0,0,1,2,0,0,4,24,0,0,4,0,1,0,0,61,5,3,1,0
3318,1534,11961,1159,23756,26545,16448,0,0,8,1,0,0,679,535,162,0,0,1,0,4,84,1,3,2,2,8,7,73,82,4,2,2,1,162,1,82,4,194,0,61,22,4,2,3,2,0,4491,1666,2,22,3,25,229,264,310,0,0,0,1,1,1,0,0,6,2,55,0,0,0,0,5,1,0,0,0,0,0,5,0,0,0,3,1,0,0,7,69,0,0,17,1,1,0,0,506,20,2,3,0
569,2340,9594,14804,262,16448,30738,4,3,284,10,5,3,275,515,2800,2,1,6,20,28,268,3,22,9,21,7,9,27,51,38,52,21,13,2691,33,289,12,2430,0,72,136,40,13,18,0,15,3788,53,57,40,6,62,28,100,135,0,1,0,1,1,0,1,0,26,8,153,0,4,1,1,4,2,0,0,0,0,0,14,3,0,0,14,22,2,0,19,150,3,1,42,0,0,0,0,281,24,10,7,4
2,4,1,11,0,0,4,26478,4199,35,412,217,5645,22,120,554,1345,11155,1292,9713,56,640,164,58,38,16,18,10,4,7,1492,79,698,2,3,5,731,20,2,4,2,8,138,25,209,23,37,0,5,21,0,0,1,0,0,0,20,61,10,134,5,7,9,1,1,1,4,11,12,32,21,10,4,5,5,0,1,0,0,2,0,2,1,0,0,0,21,7,1,0,0,1,0,0,1,0,0,0,6,2
2,1,1,4,2,0,3,4199,68703,76,375,861,1055,6,14,291,239,259,5083,4339,274,660,329,13416,8817,92,2856,51,5,14,188,241,814,53,38,167,13885,194,327,32,11,22,50,559,231,66,228,16,2,20,0,0,6,0,0,5,257,380,82,944,58,67,39,86,6,4,33,78,87,594,118,85,46,261,29,5,31,0,4,28,0,88,15,8,19,1,217,23,14,22,2,1,36,0,3,1,1,6,21,21
50,164,17,315,39,8,284,35,76,23254,4071,2283,178,157,523,1224,446,99,484,52,3793,4288,848,206,34,30,73,184,123,108,436,265,334,39,260,319,496,35,213,24,19068,31654,1377,197,16,334,758,91,39,19105,2,0,7,0,8,5,4,2,24,14,19,0,1,3,5,3,52,15,36,5,17,17,9,1,19,1,3,0,3,29,0,3,7,5,2,0,8,41,7,0,6,2,3,0,0,3,1,9,13,6
5,3,0,7,1,1,10,412,375,4071,5447,9915,1039,13,24,462,853,209,906,196,3321,5032,2310,154,49,13,46,51,3,19,146,38,418,11,76,137,251,31,99,7,22,93,47,107,20,207,191,15,4,49,0,1,3,0,3,3,1,6,15,14,9,5,0,0,4,3,19,16,23,4,12,4,2,6,8,0,2,1,3,9,0,1,3,2,0,0,8,8,3,2,1,0,3,0,0,3,0,5,5,4
0,1,0,5,2,0,5,217,861,2283,9915,21711,11469,24,35,180,4910,447,745,283,8551,3354,6860,500,309,13,96,70,7,49,114,123,10368,24,47,80,591,53,53,21,18,192,58,157,44,319,577,1,0,103,1,0,0,0,1,0,6,12,23,35,20,5,3,3,1,1,15,24,29,24,17,10,5,22,11,0,3,0,0,11,1,4,6,3,3,0,9,7,2,2,0,0,4,0,3,1,1,3,7,1
1,2,0,8,0,0,3,5645,1055,178,1039,11469,19317,80,238,151,12339,4537,282,5401,457,607,1101,118,206,7,43,14,12,69,567,151,13852,9,2,13,636,25,7,2,16,84,73,55,156,65,210,0,3,131,0,0,1,0,0,1,30,47,7,112,7,6,4,8,0,1,2,10,6,85,7,6,6,26,3,0,2,0,0,2,1,6,2,0,0,0,24,2,1,0,0,0,3,0,0,0,0,1,3,0
16960,3609,331,1526,5871,679,275,22,6,157,13,24,80,98892,24398,505,14,59,35,73,140,410,57,19,30,85,30,90,2561,40253,344,638,340,54,115,32,301,74,113,18,789,636,773,59,107,41,319,66,25129,1500,13,3,12,11,32,20,1,1,1,3,6,0,1,0,13,11,64,4,9,4,2,12,1,6,3,0,3,1,3,8,0,0,13,12,2,0,2,72,9,3,16,0,2,1,0,41,8,1,13,2
1294,3872,69,12447,592,535,515,120,14,523,24,35,238,24398,38503,1919,41,263,47,292,545,722,66,21,58,179,52,113,487,2978,5446,1140,916,108,95,44,185,176,80,15,765,1081,19962,108,437,38,530,137,591,3453,7,1,13,4,20,21,1,2,2,7,7,2,1,1,15,4,62,2,17,11,3,11,3,16,1,1,2,0,9,6,0,2,7,8,2,0,7,52,12,1,12,0,8,0,1,46,8,3,4,2
439,316,47,3804,184,162,2800,554,291,1224,462,180,151,505,1919,37713,179,963,8255,818,413,674,74,167,199,149,83,67,61,213,14255,306,207,74,3875,7101,1954,270,968,27,164,269,6216,196,255,15,116,1544,103,128,61,23,124,35,171,186,8,11,23,38,31,13,3,1,84,51,638,18,91,29,23,75,15,17,28,1,4,3,42,69,0,5,86,77,7,0,61,543,58,3,145,0,7,3,0,332,54,31,58,17
0,0,0,4,1,0,2,1345,239,446,853,4910,12339,14,41,179,7240,4728,477,46,12021,252,377,190,31,8,13,19,3,33,1916,72,596,8,25,47,332,15,36,1,9,77,133,21,17,29,191,1,1,82,3,0,4,0,1,2,1,16,27,33,32,11,5,3,4,5,20,24,31,5,30,10,8,7,13,0,1,1,2,14,1,3,5,1,2,0,6,11,6,2,1,0,2,0,0,0,1,0,13,7
3,4,0,2,0,0,1,11155,259,99,209,447,4537,59,263,963,4728,3933,1828,482,1110,195,184,130,57,18,24,10,4,59,2818,246,1066,8,15,30,313,25,31,0,18,67,189,22,186,31,233,1,0,182,1,1,3,0,2,1,6,28,30,54,46,19,13,2,7,3,40,39,59,8,55,17,9,4,28,1,1,0,3,28,0,4,6,5,4,0,11,33,14,2,2,0,4,0,0,0,2,6,26,10
2,3,1,9,3,1,6,1292,5083,484,906,745,282,35,47,8255,477,1828,12499,1512,840,836,214,1847,486,60,65,14,37,79,3368,74,239,20,115,2049,1034,110,145,9,60,98,215,164,135,27,82,7,3,48,4,0,21,0,5,8,15,24,52,91,76,30,8,9,23,22,133,86,151,58,81,37,35,34,58,2,3,2,5,73,0,9,22,29,5,1,31,83,48,4,11,0,4,0,0,3,10,15,47,23
10,8,3,29,9,0,20,9713,4339,52,196,283,5401,73,292,818,46,482,1512,24442,69,445,423,174,5751,211,489,45,9,37,1359,521,4368,95,29,78,1392,4077,22,15,11,22,368,1320,8170,57,313,2,8,50,1,1,3,0,0,2,238,144,16,728,7,6,40,97,3,11,28,7,68,830,5,75,36,543,5,5,32,0,1,6,0,161,3,4,29,4,101,15,6,17,0,0,32,0,4,0,0,3,6,4
8,7,0,27,4,4,28,56,274,3793,3321,8551,457,140,545,413,12021,1110,840,69,19083,765,666,626,66,32,67,113,32,248,3817,397,578,33,139,288,1060,48,212,14,213,2141,9253,116,21,100,728,7,6,9244,2,0,7,0,0,3,3,7,45,36,30,15,3,2,5,6,63,34,57,14,26,31,9,9,23,2,2,1,4,40,1,3,10,6,4,1,24,35,7,3,3,0,7,0,1,0,2,11,10,6
351,764,293,584,105,84,268,640,660,4288,5032,3354,607,410,722,674,252,195,836,445,765,32919,7077,149,442,183,559,981,5268,1091,295,235,621,178,129,129,301,261,141,126,38130,1966,307,1116,159,6125,802,52,97,275,8,4,11,1,11,17,3,7,4,13,10,2,1,0,13,10,66,6,32,27,10,16,12,33,11,4,17,1,4,16,4,10,12,9,7,5,14,58,9,15,18,8,16,0,4,20,4,8,16,6
2,2,0,6,1,1,3,164,329,848,2310,6860,1101,57,66,74,377,184,214,423,666,7077,13945,108,983,397,1401,366,112,116,87,880,6662,298,11,22,74,702,19,232,61,226,40,2611,304,7385,5799,3,1,97,0,0,0,0,0,0,0,3,5,14,0,1,6,3,0,1,4,2,8,44,2,20,4,100,0,15,36,2,0,1,5,32,1,1,35,5,2,3,0,33,0,15,60,0,1,3,0,0,2,0
6,1,0,6,2,3,22,58,13416,206,154,500,118,19,21,167,190,130,1847,174,626,149,108,11403,1647,84,1190,31,32,77,118,131,136,36,359,9531,6053,82,11864,46,58,80,99,510,28,14,116,77,5,44,3,0,5,2,5,3,13,37,33,85,39,16,6,9,8,18,57,34,64,70,45,37,20,57,27,1,9,1,5,34,0,17,3,14,14,1,28,45,18,11,9,0,15,0,3,4,6,13,27,13
2,5,0,11,2,2,9,38,8817,34,49,309,206,30,58,199,31,57,486,5751,66,442,983,1647,12212,232,10123,81,7,39,94,792,3674,105,58,165,878,1226,127,36,5,32,41,2242,1412,96,1106,45,5,30,3,0,1,0,4,3,60,33,11,253,5,11,86,82,9,23,17,7,27,841,3,131,24,1588,11,27,153,3,1,13,10,266,11,7,140,4,28,10,11,139,0,4,148,0,13,4,5,2,8,3
10,5,2,31,7,2,21,16,92,30,13,13,7,85,179,149,8,18,60,211,32,183,397,84,232,18266,612,103,17,62,193,14969,663,6500,10,27,16,7981,11,339,17,26,123,21188,3192,252,2751,0,6,19,0,0,0,0,0,1,0,1,0,7,4,0,4,1,0,0,3,0,1,5,0,40,5,49,1,40,120,3,0,1,14,68,0,0,62,10,2,2,2,86,2,29,211,4,27,0,0,0,2,0
0,1,0,6,1,8,7,18,2856,73,46,96,43,30,52,83,13,24,65,489,67,559,1401,1190,10123,612,29063,1074,18,46,43,2490,868,506,35,99,2164,433,2751,3452,17,43,32,9599,482,445,2260,266,14,20,1,0,3,1,11,2,6,8,1,54,5,5,15,8,2,5,10,6,16,96,4,284,39,816,6,134,1031,22,0,2,66,428,4,1,473,49,9,15,9,431,11,211,1212,13,126,25,4,2,10,3
15,18,6,14,7,7,9,10,51,184,51,70,14,90,113,67,19,10,14,45,113,981,366,31,81,103,1074,92217,1182,198,90,371,147,10664,3,11,61,223,82,15300,492,133,40,536,122,14730,4557,4,9,25,0,0,0,0,0,2,0,0,0,2,0,0,0,1,0,1,3,0,2,1,0,11,3,15,0,6,13,54,1,0,5,9,0,2,13,18,1,3,0,12,2,158,58,0,0,3,0,0,1,0
197,144,104,75,92,73,27,4,5,123,3,7,12,2561,487,61,3,4,37,9,32,5268,112,32,7,17,18,1182,73233,10184,56,77,46,32,29,29,119,4,56,62,39846,537,67,48,11,1168,121,55,7545,99,0,1,4,2,3,6,1,0,3,0,1,0,0,0,6,5,35,1,9,2,0,7,1,0,1,0,0,1,2,9,0,2,4,10,0,0,1,22,2,0,3,1,1,0,0,5,2,2,2,0
353,368,220,239,146,82,51,7,14,108,19,49,69,40253,2978,213,33,59,79,37,248,1091,116,77,39,62,46,198,10184,49994,247,632,400,47,86,87,353,43,120,25,17793,7560,513,88,65,177,662,7,2063,4317,7,1,9,3,8,11,0,0,4,3,5,1,0,0,12,10,64,6,22,1,3,7,3,8,5,0,1,0,9,14,0,1,13,23,1,0,12,58,12,2,6,2,4,0,0,22,5,7,4,4
25,28,2,205,23,4,38,1492,188,436,146,114,567,344,5446,14255,1916,2818,3368,1359,3817,295,87,118,94,193,43,90,56,247,26703,612,602,90,338,429,1171,389,312,19,119,286,26418,104,770,19,147,84,31,964,19,6,32,9,21,29,12,12,14,29,39,4,3,2,41,19,237,17,94,46,22,40,15,18,31,1,2,1,23,57,0,4,45,56,4,0,32,212,29,5,40,0,6,1,1,47,21,19,40,22
20,33,3,59,12,2,52,79,241,265,38,123,151,638,1140,306,72,246,74,521,397,235,880,131,792,14969,2490,371,77,632,612,40364,12702,8528,23,43,53,3522,27,582,100,328,490,4674,7147,531,28558,3,38,440,0,0,1,0,2,2,0,4,3,8,6,1,5,0,1,4,7,0,5,28,1,78,6,161,0,36,177,8,0,0,14,136,1,0,134,24,4,6,1,143,1,59,343,1,30,1,2,0,2,2
7,12,4,32,7,2,21,698,814,334,418,10368,13852,340,916,207,596,1066,239,4368,578,621,6662,136,3674,663,868,147,46,400,602,12702,21952,211,15,27,231,1747,14,44,64,307,352,852,7871,174,10081,2,14,509,0,0,1,0,0,0,48,19,5,132,1,5,30,31,8,9,1,1,12,448,0,41,8,540,4,6,35,2,0,5,2,100,4,2,52,3,15,6,1,40,1,4,50,2,4,0,0,0,1,0
8,2,1,11,5,1,13,2,53,39,11,24,9,54,108,74,8,8,20,95,33,178,298,36,105,6500,506,10664,32,47,90,8528,211,39547,6,16,16,768,39,19649,23,23,61,13943,329,1426,16931,3,9,28,0,0,0,0,1,0,0,1,0,2,0,0,0,0,0,0,0,0,0,0,0,18,1,25,0,29,73,54,0,0,23,17,0,0,19,90,4,0,0,23,2,448,225,6,22,3,1,0,0,0
58,116,31,120,30,162,2691,3,38,260,76,47,2,115,95,3875,25,15,115,29,139,129,11,359,58,10,35,3,29,86,338,23,15,6,13021,9347,1761,24,14198,9,45,57,143,44,7,5,20,6380,64,22,71,16,101,16,128,178,1,1,8,8,11,2,0,1,45,20,419,8,23,13,14,38,4,2,5,0,2,5,28,18,0,1,44,35,2,0,23,343,19,3,84,1,1,2,0,308,39,17,26,4
5,6,3,5,8,1,33,5,167,319,137,80,13,32,44,7101,47,30,2049,78,288,129,22,9531,165,27,99,11,29,87,429,43,27,16,9347,15061,1986,34,6234,19,65,77,148,113,13,4,35,78,8,33,12,1,16,3,8,24,1,6,19,16,20,2,2,4,21,21,181,20,53,14,16,39,15,7,8,1,1,1,16,41,0,3,17,24,2,0,22,141,23,1,29,1,4,0,0,19,8,16,16,4
61,76,24,72,18,82,289,731,13885,496,251,591,636,301,185,1954,332,313,1034,1392,1060,301,74,6053,878,16,2164,61,119,353,1171,53,231,16,1761,1986,3224,29,7874,259,209,202,617,104,37,23,41,1316,28,141,4,2,34,5,14,19,102,253,41,709,67,26,24,36,33,28,126,71,160,123,76,51,55,38,60,1,1,2,14,42,0,18,21,21,6,1,340,203,37,4,33,1,5,2,1,55,13,15,61,30
11,8,0,36,9,4,12,20,194,35,31,53,25,74,176,270,15,25,110,4077,48,261,702,82,1226,7981,433,223,4,43,389,3522,1747,768,24,34,29,15575,11,114,6,31,220,12027,8049,147,1138,2,6,39,0,0,0,0,0,0,5,2,1,16,3,3,13,4,1,5,5,3,6,46,0,57,7,265,3,9,133,2,0,6,6,75,2,0,129,3,3,2,1,67,2,8,146,4,15,0,1,1,0,0
33,45,45,89,27,194,2430,2,327,213,99,53,7,113,80,968,36,31,145,22,212,141,19,11864,127,11,2751,82,56,120,312,27,14,39,14198,6234,7874,11,35257,528,62,47,146,162,6,13,44,12389,127,27,41,5,59,10,87,79,1,1,8,1,15,3,2,0,25,11,305,9,45,3,3,36,5,2,7,0,1,0,14,30,0,1,27,26,1,1,24,196,17,1,53,0,1,3,1,211,26,11,20,6
2,0,0,2,2,0,0,4,32,24,7,21,2,18,15,27,1,0,9,15,14,126,232,46,36,339,3452,15300,62,25,19,582,44,19649,9,19,259,114,528,44030,42,16,14,8611,45,2074,4035,40,2,1,0,0,1,1,5,0,0,2,0,7,2,0,1,0,0,0,0,0,0,2,2,78,11,39,0,92,259,650,2,1,61,19,3,0,10,333,36,0,1,31,34,3153,792,46,96,20,3,0,0,1
227,367,187,292,98,61,72,2,11,19068,22,18,16,789,765,164,9,18,60,11,213,38130,61,58,5,17,17,492,39846,17793,119,100,64,23,45,65,209,6,62,42,60995,8814,210,31,18,428,167,18,47,663,4,1,6,1,6,6,0,2,2,1,4,0,0,0,5,6,38,0,8,1,4,6,1,1,3,0,0,0,5,16,0,1,5,8,0,0,3,39,7,1,6,0,0,0,0,9,4,4,9,0
133,330,119,321,51,22,136,8,22,31654,93,192,84,636,1081,269,77,67,98,22,2141,1966,226,80,32,26,43,133,537,7560,286,328,307,23,57,77,202,31,47,16,8814,12072,1551,77,23,88,555,27,15,6845,1,1,4,0,3,6,0,3,3,4,4,1,2,0,3,1,30,4,12,5,6,5,2,4,5,0,0,0,0,8,0,1,7,5,6,0,7,30,3,0,7,1,1,0,0,2,2,3,7,6
40,23,5,987,32,4,40,138,50,1377,47,58,73,773,19962,6216,133,189,215,368,9253,307,40,99,41,123,32,40,67,513,26418,490,352,61,143,148,617,220,146,14,210,1551,54366,45,334,17,197,18,70,12548,5,1,20,0,7,8,4,1,4,18,5,2,0,3,10,11,87,7,23,16,2,29,2,10,4,0,0,1,9,14,0,2,11,12,1,0,14,55,6,1,12,0,3,2,0,10,8,15,15,2
5,1,0,7,2,2,13,25,559,197,107,157,55,59,108,196,21,22,164,1320,116,1116,2611,510,2242,21188,9599,536,48,88,104,4674,852,13943,44,113,104,12027,162,8611,31,77,45,99067,578,2215,5438,21,3,43,0,0,0,0,3,0,1,2,1,17,6,2,8,0,0,5,5,4,9,46,5,173,20,327,2,155,598,33,2,2,54,207,3,1,246,79,9,6,4,236,4,402,1027,12,78,4,0,0,6,2
11,17,2,44,11,3,18,209,231,16,20,44,156,107,437,255,17,186,135,8170,21,159,304,28,1412,3192,482,122,11,65,770,7147,7871,329,7,13,37,8049,6,45,18,23,334,578,13511,44,766,1,11,69,0,0,0,0,1,0,9,2,3,30,1,1,13,15,1,8,1,3,1,186,0,35,3,382,1,5,44,1,0,3,4,50,1,1,62,1,9,4,1,34,1,0,45,0,7,1,1,1,0,0
5,5,5,6,9,2,0,23,66,334,207,319,65,41,38,15,29,31,27,57,100,6125,7385,14,96,252,445,14730,1168,177,19,531,174,1426,5,4,23,147,13,2074,428,88,17,2215,44,11742,8671,1,5,25,0,0,0,0,1,0,1,0,1,1,1,0,0,0,1,0,2,1,1,2,0,11,2,18,0,11,9,12,0,0,3,4,0,1,5,15,0,0,0,4,0,87,60,2,5,1,0,0,1,0
9,14,1,15,7,0,15,37,228,758,191,577,210,319,530,116,191,233,82,313,728,802,5799,116,1106,2751,2260,4557,121,662,147,28558,10081,16931,20,35,41,1138,44,4035,167,555,197,5438,766,8671,57197,5,19,408,0,0,0,0,0,0,6,1,2,6,0,1,4,2,1,0,2,1,2,47,3,47,7,140,0,47,123,35,1,0,18,58,0,2,84,57,5,1,1,76,2,311,291,6,23,2,0,1,0,0
122,1291,641,1089,368,4491,3788,0,16,91,15,1,0,66,137,1544,1,1,7,2,7,52,3,77,45,0,266,4,55,7,84,3,2,3,6380,78,1316,2,12389,40,18,27,18,21,1,1,5,8343,700,6,126,62,159,180,885,468,1,1,1,0,3,1,1,0,58,11,366,0,5,3,2,17,0,5,1,0,4,2,23,0,0,1,22,4,2,2,45,554,8,2,79,3,6,1,0,3361,94,10,15,3
1546,217,93,187,2256,1666,53,5,2,39,4,0,3,25129,591,103,1,0,3,8,6,97,1,5,5,6,14,9,7545,2063,31,38,14,9,64,8,28,6,127,2,47,15,70,3,11,5,19,700,15792,6,4,0,4,3,4,10,0,0,0,0,0,0,0,0,0,1,16,1,2,0,1,1,0,0,0,0,0,0,3,0,0,0,4,3,0,0,3,18,2,0,3,0,0,0,0,22,4,1,1,0
5,36,5,117,5,2,57,21,20,19105,49,103,131,1500,3453,128,82,182,48,50,9244,275,97,44,30,19,20,25,99,4317,964,440,509,28,22,33,141,39,27,1,663,6845,12548,43,69,25,408,6,6,14322,0,0,3,0,0,5,0,1,3,2,2,1,1,0,1,1,14,3,4,1,2,5,0,4,3,0,1,0,0,3,0,3,0,3,0,0,1,6,1,0,2,0,5,0,0,0,4,0,1,0
12,26,24,17,3,22,40,0,0,2,0,1,0,13,7,61,3,1,4,1,2,8,0,3,3,0,1,0,0,7,19,0,0,0,71,12,4,0,41,0,4,1,5,0,0,0,0,126,4,0,60412,16779,4299,15426,17386,1190,0,0,3,3,34,2,3,0,16002,204,514,5,14,23,7,177,9,9,6,9,8,38,863,10,3,15,466,14,28,14,76,370,38,4,119,9,15,12,1,340,11651,191,136,24
1,12,126,10,0,3,6,0,0,0,1,0,0,3,1,23,0,1,0,1,0,4,0,0,0,0,0,0,1,1,6,0,0,0,16,1,2,0,5,0,1,1,1,0,0,0,0,62,0,0,16779,36325,5736,17259,1347,5177,0,0,1,2,22,0,0,0,4422,82,65,1,2,5,4,429,0,2,1,0,1,23,428,1,2,19,662,5,1,8,18,50,16,0,12,4,1,16,4,59,635,281,428,20
14,33,9,25,8,25,62,1,6,7,3,0,1,12,13,124,4,3,21,3,7,11,0,5,1,0,3,0,4,9,32,1,1,0,101,16,34,0,59,1,6,4,20,0,0,0,0,159,4,3,4299,5736,49074,522,2416,12970,6,10,19,30,379,26,9,4,11621,8832,6975,22,60,141,48,667,23,46,35,25,2,27,495,163,5,47,740,255,93,13,204,726,232,27,154,7,25,17,3,197,960,522,1293,186
5,13,1174,11,37,229,28,0,0,0,0,0,0,11,4,35,0,0,0,0,0,1,0,2,0,0,1,0,2,3,9,0,0,0,16,3,5,0,10,1,1,0,0,0,0,0,0,180,3,0,15426,17259,522,43803,22627,14564,0,4,2,3,22,7,0,0,264,79,59,2,7,0,3,303,0,1,2,4,1,17,285,1,0,13,439,5,2,10,15,183,28,1,13,3,1,23,2,1161,312,210,248,24
24,104,46,43,27,264,100,0,0,8,3,1,0,32,20,171,1,2,5,0,0,11,0,5,4,0,11,0,3,8,21,2,0,1,128,8,14,0,87,5,6,3,7,3,1,1,0,885,4,0,17386,1347,2416,22627,26182,9735,0,6,5,13,52,2,1,2,1563,291,758,1,9,8,5,243,27,23,3,6,56,58,530,1,1,11,384,17,8,20,83,2464,73,11,844,90,94,19,6,7360,4326,224,221,143
19,87,28,58,16,310,135,0,5,5,3,0,1,20,21,186,2,1,8,2,3,17,0,3,3,1,2,2,6,11,29,2,0,0,178,24,19,0,79,0,6,6,8,0,0,0,0,468,10,5,1190,5177,12970,14564,9735,47802,0,4,9,11,167,5,3,0,826,173,1949,2,24,21,10,458,11,13,8,5,2,13,215,9,1,12,387,11,14,5,108,1111,93,5,195,3,3,7,1,697,331,284,608,72
0,0,0,0,0,0,0,20,257,4,1,6,30,1,1,8,1,6,15,238,3,3,0,13,60,0,6,0,1,0,12,0,48,0,1,1,102,5,1,0,0,0,4,1,9,1,6,1,0,0,0,0,6,0,0,0,3153,6641,355,548,26,163,123,5426,12,258,46,1669,23,2283,22,349,45,71,61,8,26,2,4,327,2,1268,17,66,29,9,445,8,65,14,1,0,20,12,19,0,3,5,21,7
0,0,0,0,0,0,1,61,380,2,6,12,47,1,2,11,16,28,24,144,7,7,3,37,33,1,8,0,0,0,12,4,19,1,1,6,253,2,1,2,2,3,1,2,2,0,1,1,0,1,0,0,10,4,6,4,6641,30869,3730,4261,361,2010,416,2590,11,141,186,7349,121,4439,634,2428,169,105,82,31,30,19,15,576,11,254,16,55,116,36,1315,22,33,63,2,8,57,53,36,1,7,19,39,33
0,1,0,0,0,0,0,10,82,24,15,23,7,1,2,23,27,30,52,16,45,4,5,33,11,0,1,0,3,4,14,3,5,0,8,19,41,1,8,0,2,3,4,1,3,1,2,1,0,3,3,1,19,2,5,9,355,3730,3818,2178,637,1161,254,117,25,39,1862,3967,2919,654,1100,676,40,57,183,23,12,7,11,3538,6,117,29,43,73,5,239,49,62,31,6,1,20,8,18,1,6,52,106,70
0,0,0,1,1,1,1,134,944,14,14,35,112,3,7,38,33,54,91,728,36,13,14,85,253,7,54,2,0,3,29,8,132,2,8,16,709,16,1,7,1,4,18,17,30,1,6,0,0,2,3,2,30,3,13,11,548,4261,2178,49570,396,1371,801,671,14,22,381,1075,4456,5727,1109,1815,9548,8133,75,53,1740,47,13,62,21,302,19,22,114,36,10467,258,54,184,20,100,444,38,49,4,5,24,83,64
0,0,0,3,0,1,1,5,58,19,9,20,7,6,7,31,32,46,76,7,30,10,0,39,5,4,5,0,1,5,39,6,1,0,11,20,67,3,15,2,4,4,5,6,1,1,0,3,0,2,34,22,379,22,52,167,26,361,637,396,34360,4577,999,43,154,259,1908,302,723,81,6666,2969,153,42,339,42,11,127,191,384,21,139,174,356,74,82,716,290,391,79,44,13,81,89,81,16,18,14866,11168,2464
0,0,0,1,0,1,0,7,67,0,5,5,6,0,2,13,11,19,30,6,15,2,1,16,11,0,5,0,0,1,4,1,5,0,2,2,26,3,3,0,0,1,2,2,1,0,1,1,0,1,2,0,26,7,2,5,163,2010,1161,1371,4577,6210,9781,379,9,37,438,1298,391,356,8201,5696,154,98,169,24,16,26,8,290,12,254,18,45,40,24,330,72,145,38,2,5,51,46,55,0,1,110,269,475
0,0,1,0,0,0,1,9,39,1,0,3,4,1,1,3,5,13,8,40,3,1,6,6,86,4,15,0,0,0,3,5,30,0,0,2,24,13,2,1,0,2,0,8,13,0,4,1,0,1,3,0,9,0,1,3,123,416,254,801,999,9781,16872,5502,16,102,149,6565,133,1246,8666,8502,77,788,607,60,71,66,6,218,56,12416,33,78,423,72,200,28,408,201,4,7,167,75,238,2,6,12,154,306
0,1,0,0,0,0,0,1,86,3,0,3,8,0,1,1,3,2,9,97,2,0,3,9,82,1,8,1,0,0,2,0,31,0,1,4,36,4,0,0,0,0,3,0,15,0,2,0,0,0,0,0,4,0,2,0,5426,2590,117,671,43,379,5502,14189,4,88,48,6576,50,1238,799,739,33,286,360,25,54,13,3,168,28,3529,13,63,136,25,141,7,159,51,1,4,43,24,47,0,2,3,21,25
5,14,3,12,5,6,26,1,6,5,4,1,0,13,15,84,4,7,23,3,5,13,0,8,9,0,2,0,6,12,41,1,8,0,45,21,33,1,25,0,5,3,10,0,1,1,1,58,0,1,16002,4422,11621,264,1563,826,12,11,25,14,154,9,16,4,65692,11993,1317,26,66,101,17,484,17,41,16,41,2,111,4890,144,31,234,19546,227,215,42,260,314,310,31,79,14,17,34,18,52,17308,494,850,167
0,6,0,2,1,2,8,1,4,3,3,1,1,11,4,51,5,3,22,11,6,10,1,18,23,0,5,1,5,10,19,4,9,0,20,21,28,5,11,0,6,1,11,5,8,0,0,11,1,1,204,82,8832,79,291,173,258,141,39,22,259,37,102,88,11993,48052,5177,384,83,407,53,602,22,87,96,102,15,209,622,666,127,1250,7779,6039,582,159,195,139,11420,38,37,20,45,43,124,33,538,348,3154,5208
35,94,29,65,20,55,153,4,33,52,19,15,2,64,62,638,20,40,133,28,63,66,4,57,17,3,10,3,35,64,237,7,1,0,419,181,126,5,305,0,38,30,87,5,1,2,2,366,16,14,514,65,6975,59,758,1949,46,186,1862,381,1908,438,149,48,1317,5177,36301,647,5555,874,620,1069,145,208,548,63,24,30,326,8518,19,206,576,5444,319,31,1460,14481,1146,162,2082,17,93,26,35,1689,471,626,1634,511
1,0,0,1,0,0,0,11,78,15,16,24,10,4,2,18,24,39,86,7,34,6,2,34,7,0,6,0,1,6,17,0,1,0,8,20,71,3,9,0,0,4,7,4,3,1,1,0,1,3,5,1,22,2,1,2,1669,7349,3967,1075,302,1298,6565,6576,26,384,647,15445,366,767,10786,1139,89,73,4033,21,10,33,8,7117,28,1401,33,324,263,34,348,25,310,39,3,0,30,24,82,0,9,20,71,75
0,0,1,2,0,0,4,12,87,36,23,29,6,9,17,91,31,59,151,68,57,32,8,64,27,1,16,2,9,22,94,5,12,0,23,53,160,6,45,0,8,12,23,9,1,1,2,5,2,4,14,2,60,7,9,24,23,121,2919,4456,723,391,133,50,66,83,5555,366,13761,695,738,408,4438,946,397,46,138,22,42,1070,18,153,116,79,90,12,2590,6942,169,218,433,24,231,7,20,9,34,82,314,208
3,1,0,0,1,0,1,32,594,5,4,24,85,4,11,29,5,8,58,830,14,27,44,70,841,5,96,1,2,1,46,28,448,0,13,14,123,46,3,2,1,5,16,46,186,2,47,3,0,1,23,5,141,0,8,21,2283,4439,654,5727,81,356,1246,1238,101,407,874,767,695,22129,92,1922,97,4670,93,274,615,73,22,774,105,7276,88,282,2997,109,630,126,129,2601,10,31,769,65,149,2,28,23,97,32
1,1,0,0,0,0,1,21,118,17,12,17,7,2,3,23,30,55,81,5,26,10,2,45,3,0,4,0,0,3,22,1,0,0,14,16,76,0,3,2,4,6,2,5,0,0,3,2,1,2,7,4,48,3,5,10,22,634,1100,1109,6666,8201,8666,799,17,53,620,10786,738,92,15749,1847,269,72,5796,44,25,240,14,1097,71,513,34,91,51,117,785,154,628,42,11,12,93,82,176,3,5,83,675,3276
2,5,3,2,4,5,4,10,85,17,4,10,6,12,11,75,10,17,37,75,31,16,20,37,131,40,284,11,7,7,40,78,41,18,38,39,51,57,36,78,6,5,29,173,35,11,47,17,1,5,177,429,667,303,243,458,349,2428,676,1815,2969,5696,8502,739,484,602,1069,1139,408,1922,1847,52396,200,1696,472,1859,695,2066,4598,363,353,10311,942,303,1508,2243,450,300,866,2061,63,565,3230,10705,10386,44,293,4839,2295,871
1,0,0,0,1,1,2,4,46,9,2,5,6,1,3,15,8,9,35,36,9,12,4,20,24,5,39,3,1,3,15,6,8,1,4,15,55,7,5,11,1,2,2,20,3,2,7,0,0,0,9,0,23,0,27,11,45,169,40,9548,153,154,77,33,17,22,145,89,4438,97,269,200,11710,2837,47,32,1851,93,4,44,19,128,22,14,38,41,6786,5727,34,151,2396,860,1014,10,39,86,27,16,73,43
2,1,0,3,0,0,0,5,261,1,6,22,26,6,16,17,7,4,34,543,9,33,100,57,1588,49,816,15,0,8,18,161,540,25,2,7,38,265,2,39,1,4,10,327,382,18,140,5,0,4,9,2,46,1,23,13,71,105,57,8133,42,98,788,286,41,87,208,73,946,4670,72,1696,2837,22539,70,157,16309,171,10,46,84,2076,45,35,419,160,741,280,64,692,164,2004,5148,34,180,64,31,15,60,42
1,0,0,1,0,0,0,5,29,19,8,11,3,3,1,28,13,28,58,5,23,11,0,27,11,1,6,0,1,5,31,0,4,0,5,8,60,3,7,0,3,5,4,2,1,0,0,1,0,3,6,1,35,2,3,8,61,82,183,75,339,169,607,360,16,96,548,4033,397,93,5796,472,47,70,9434,35,15,119,12,8952,77,997,57,975,97,95,453,143,2381,30,14,2,33,24,164,5,7,46,482,909
0,1,0,0,0,0,0,0,5,1,0,0,0,0,1,1,0,1,2,5,2,4,15,1,27,40,134,6,0,0,1,36,6,29,0,1,1,9,0,92,0,0,0,155,5,11,47,0,0,0,9,0,25,4,6,5,8,31,23,53,42,24,60,25,41,102,63,21,46,274,44,1859,32,157,35,21808,337,43,15,60,11247,1912,51,37,5239,6325,19,24,61,7607,11,135,4291,76,1142,8,13,13,58,40
0,0,0,1,0,0,0,1,31,3,2,3,2,3,2,4,1,1,3,32,2,17,36,9,153,120,1031,13,0,1,2,177,35,73,2,1,1,133,1,259,0,0,0,598,44,9,123,4,0,1,8,1,2,1,56,2,26,30,12,1740,11,16,71,54,2,15,24,10,138,615,25,695,1851,16309,15,337,18460,589,3,7,153,779,4,4,240,358,1201,65,13,592,609,8198,19589,37,321,220,53,4,12,10
0,0,0,0,0,0,0,0,0,0,1,0,0,1,0,3,1,0,2,0,1,1,2,1,3,3,22,54,1,0,1,8,2,54,5,1,2,2,0,650,0,0,1,33,1,12,35,2,0,0,38,23,27,17,58,13,2,19,7,47,127,26,66,13,111,209,30,33,22,73,240,2066,93,171,119,43,589,47586,2414,24,31,205,387,31,160,7082,305,21,178,94,189,26071,1082,18105,694,86,89,554,413,235
1,8,3,5,0,5,14,0,4,3,3,0,0,3,9,42,2,3,5,1,4,4,0,5,1,0,0,1,2,9,23,0,0,0,28,16,14,0,14,2,5,0,9,2,0,0,1,23,3,0,863,428,495,285,530,215,4,15,11,13,191,8,6,3,4890,622,326,8,42,22,14,4598,4,10,12,15,3,2414,111184,23,12,60,25212,80,35,319,100,116,141,12,35,79,14,851,78,54,17208,16555,1511,84
1,0,0,1,1,0,3,2,28,29,9,11,2,8,6,69,14,28,73,6,40,16,1,34,13,1,2,0,9,14,57,0,5,0,18,41,42,6,30,1,16,8,14,2,3,0,0,0,0,3,10,1,163,1,1,9,327,576,3538,62,384,290,218,168,144,666,8518,7117,1070,774,1097,363,44,46,8952,60,7,24,23,7389,26,482,74,3441,587,21,333,123,1263,87,15,17,27,14,36,1,20,77,232,77
0,0,0,0,0,0,0,0,0,0,0,1,1,0,0,0,1,0,0,0,1,4,5,0,10,14,66,5,0,0,0,14,2,23,0,0,0,6,0,61,0,0,0,54,4,3,18,0,0,0,3,2,5,0,1,1,2,11,6,21,21,12,56,28,31,127,19,28,18,105,71,353,19,84,77,11247,153,31,12,26,17046,4401,89,34,2574,10507,7,6,152,1087,5,185,945,68,5147,4,10,12,159,99
0,0,0,0,0,0,0,2,88,3,1,4,6,0,2,5,3,4,9,161,3,10,32,17,266,68,428,9,2,1,4,136,100,17,1,3,18,75,1,19,1,1,2,207,50,4,58,1,0,3,15,19,47,13,11,12,1268,254,117,302,139,254,12416,3529,234,1250,206,1401,153,7276,513,10311,128,2076,997,1912,779,205,60,482,4401,37038,451,416,16903,980,120,35,1265,3199,27,70,2024,168,7363,14,52,45,657,521
5,7,3,3,1,3,14,1,15,7,3,6,2,13,7,86,5,6,22,3,10,12,1,3,11,0,4,0,4,13,45,1,4,0,44,17,21,2,27,3,5,7,11,3,1,0,0,22,4,0,466,662,740,439,384,387,17,16,29,19,174,18,33,13,19546,7779,576,33,116,88,34,942,22,45,57,51,4,387,25212,74,89,451,49356,290,143,169,224,211,1382,30,50,14,26,166,73,31,2126,6747,23104,1027
3,5,0,7,2,1,22,0,8,5,2,3,0,12,8,77,1,5,29,4,6,9,1,14,7,0,1,2,10,23,56,0,2,0,35,24,21,0,26,0,8,5,12,1,1,1,2,4,3,3,14,5,255,5,17,11,66,55,43,22,356,45,78,63,227,6039,5444,324,79,282,91,303,14,35,975,37,4,31,80,3441,34,416,290,11529,262,28,272,170,5999,59,50,10,31,13,29,14,58,155,697,254
0,0,0,1,0,0,2,0,19,2,0,3,0,2,2,7,2,4,5,29,4,7,35,14,140,62,473,13,0,1,4,134,52,19,2,2,6,129,1,10,0,6,1,246,62,5,84,2,0,0,28,1,93,2,8,14,29,116,73,114,74,40,423,136,215,582,319,263,90,2997,51,1508,38,419,97,5239,240,160,35,587,2574,16903,143,262,17963,402,30,31,156,4566,9,36,591,61,446,7,58,28,144,69
0,0,0,0,0,0,0,0,1,0,0,0,0,0,0,0,0,0,1,4,1,5,5,1,4,10,49,18,0,0,0,24,3,90,0,0,1,3,1,333,0,0,0,79,1,15,57,2,0,0,14,8,13,10,20,5,9,36,5,36,82,24,72,25,42,159,31,34,12,109,117,2243,41,160,95,6325,358,7082,319,21,10507,980,169,28,402,44939,44,7,159,439,33,5154,2692,8009,3098,7,34,132,244,111
3,6,0,5,4,7,19,21,217,8,8,9,24,2,7,61,6,11,31,101,24,14,2,28,28,2,9,1,1,12,32,4,15,4,23,22,340,3,24,36,3,7,14,9,9,0,5,45,3,1,76,18,204,15,83,108,445,1315,239,10467,716,330,200,141,260,195,1460,348,2590,630,785,450,6786,741,453,19,1201,305,100,333,7,120,224,272,30,44,3699,3983,534,23,3603,989,252,4,13,927,146,186,513,341
34,97,33,66,24,69,150,7,23,41,8,7,2,72,52,543,11,33,83,15,35,58,3,45,10,2,15,3,22,58,212,6,6,0,343,141,203,2,196,0,39,30,55,6,4,0,1,554,18,6,370,50,726,183,2464,1111,8,22,49,258,290,72,28,7,314,139,14481,25,6942,126,154,300,5727,280,143,24,65,21,116,123,6,35,211,170,31,7,3983,30302,260,90,12916,24,168,3,14,5185,302,132,286,131
0,1,0,3,0,0,3,1,14,7,3,2,1,9,12,58,6,14,48,6,7,9,0,18,11,2,9,0,2,12,29,1,1,0,19,23,37,1,17,1,7,3,6,4,1,0,1,8,2,1,38,16,232,28,73,93,65,33,62,54,391,145,408,159,310,11420,1146,310,169,129,628,866,34,64,2381,61,13,178,141,1263,152,1265,1382,5999,156,159,534,260,28466,38,84,5,35,46,258,20,84,205,5687,12277
1,1,0,0,0,0,1,0,22,0,2,2,0,3,1,3,2,2,4,17,3,15,33,11,139,86,431,12,0,2,5,143,40,23,3,1,4,67,1,31,1,0,1,236,34,4,76,2,0,0,4,0,27,1,11,5,14,63,31,184,79,38,201,51,31,38,162,39,218,2601,42,2061,151,692,30,7607,592,94,12,87,1087,3199,30,59,4566,439,23,90,38,11271,28,90,7808,93,772,16,10,9,60,47
15,13,4,16,4,17,42,0,2,6,1,0,0,16,12,145,1,2,11,0,3,18,0,9,0,2,11,2,3,6,40,1,1,2,84,29,33,2,53,34,6,7,12,4,1,0,2,79,3,2,119,12,154,13,844,195,1,2,6,20,44,2,4,1,79,37,2082,3,433,10,11,63,2396,164,14,11,609,189,35,15,5,27,50,50,9,33,3603,12916,84,28,16157,810,429,4,10,12530,231,31,55,18
0,0,0,0,0,1,0,1,1,2,0,0,0,0,0,0,0,0,0,0,0,8,15,0,4,29,211,158,1,2,0,59,4,448,1,1,1,8,0,3153,0,1,0,402,0,87,311,3,0,0,9,4,7,3,90,3,0,8,1,100,13,5,7,4,14,20,17,0,24,31,12,565,860,2004,2,135,8198,26071,79,17,185,70,14,10,36,5154,989,24,5,90,810,44791,14470,379,459,338,64,26,5,3
0,0,0,0,1,1,0,0,36,3,3,4,3,2,8,7,2,4,4,32,7,16,60,15,148,211,1212,58,1,4,6,343,50,225,1,4,5,146,1,792,0,1,3,1027,45,60,291,6,0,5,15,1,25,1,94,3,20,57,20,444,81,51,167,43,17,45,93,30,231,769,93,3230,1014,5148,33,4291,19589,1082,14,27,945,2024,26,31,591,2692,252,168,35,7808,429,14470,49270,242,1392,191,57,19,59,63
1,0,0,0,0,0,0,0,0,0,0,0,0,1,0,3,0,0,0,0,0,0,0,0,0,4,13,0,0,0,1,1,2,6,2,0,2,4,3,46,0,0,2,12,0,2,6,1,0,0,12,16,17,23,19,7,12,53,8,38,89,46,75,24,34,43,26,24,7,65,82,10705,10,34,24,76,37,18105,851,14,68,168,166,13,61,8009,4,3,46,93,4,379,242,14678,7109,3,31,303,123,89
0,0,0,0,0,0,0,1,3,0,0,3,0,0,1,0,0,0,0,4,1,4,1,3,13,27,126,0,0,0,1,30,4,22,0,0,1,15,1,96,0,0,0,78,7,5,23,0,0,0,1,4,3,2,6,1,19,36,18,49,81,55,238,47,18,124,35,82,20,149,176,10386,39,180,164,1142,321,694,78,36,5147,7363,73,29,446,3098,13,14,258,772,10,459,1392,7109,18776,6,4,29,212,181
65,278,95,170,61,506,281,0,1,3,3,1,0,41,46,332,0,0,3,0,0,20,3,4,4,0,25,3,5,22,47,1,0,3,308,19,55,0,211,20,9,2,10,4,1,1,2,3361,22,0,340,59,197,1161,7360,697,0,1,1,4,16,0,2,0,52,33,1689,0,9,2,3,44,86,64,5,8,220,86,54,1,4,14,31,14,7,7,927,5185,20,16,12530,338,191,3,6,13571,553,16,40,12
7,16,2,6,5,20,24,0,1,1,0,1,0,8,8,54,1,2,10,0,2,4,0,6,5,0,4,0,2,5,21,2,0,1,39,8,13,1,26,3,4,2,8,0,1,0,0,94,4,4,11651,635,960,312,4326,331,3,7,6,5,18,1,6,2,17308,538,471,9,34,28,5,293,27,31,7,13,53,89,17208,20,10,52,2126,58,58,34,146,302,84,10,231,64,57,31,4,553,43754,738,218,29
0,4,1,0,3,2,10,0,6,9,5,3,1,1,3,31,0,6,15,3,11,8,0,13,2,0,2,0,2,7,19,0,0,0,17,16,15,1,11,0,4,3,15,0,1,0,1,10,1,0,191,281,522,210,224,284,5,19,52,24,14866,110,12,3,494,348,626,20,82,23,83,4839,16,15,46,13,4,554,16555,77,12,45,6747,155,28,132,186,132,205,9,31,26,19,303,29,16,738,44586,3247,243
3,7,3,7,1,3,7,6,21,13,5,7,3,13,4,58,13,26,47,6,10,16,2,27,8,2,10,1,2,4,40,2,1,0,26,16,61,0,20,0,9,7,15,6,0,1,0,15,1,1,136,428,1293,248,221,608,21,39,106,83,11168,269,154,21,850,3154,1634,71,314,97,675,2295,73,60,482,58,12,413,1511,232,159,657,23104,697,144,244,513,286,5687,60,55,5,59,123,212,40,218,3247,34682,10034
0,1,1,1,0,0,4,2,21,6,4,1,0,2,2,17,7,10,23,4,6,6,0,13,3,0,3,0,0,4,22,2,0,0,4,4,30,0,6,1,0,6,2,2,0,0,0,3,0,0,24,20,186,24,143,72,7,33,70,64,2464,475,306,25,167,5208,511,75,208,32,3276,871,43,42,909,40,10,235,84,77,99,521,1027,254,69,111,341,131,12277,47,18,3,63,89,181,12,29,243,10034,14371
