21998,10772,11652,2693,18561,5025,1019,3,6,113,6,1,1,17645,1010,152,0,0,11,8,3,1944,1,7,5,2,2,15,857,912,19,5,6,0,39,26,33,11,37,0,712,266,70,9,26,9,6,70,1207,24,24,12,10,658,6,69,0,0,1,5,14,1,0,0,30,12,85,0,22,1,0,4,5,2,1,0,0,0,3,3,0,1,10,9,0,0,50,63,0,0,14,0,0,0,0,13,5,1,4,5
10772,28682,7518,17303,404,199,761,3,4,157,5,1,0,5918,4409,113,1,1,6,8,1,863,1,2,0,2,0,4,206,308,11,1,2,0,61,17,13,3,19,0,463,181,28,1,8,1,1,32,116,21,22,13,23,34,17,40,0,1,0,2,15,0,0,0,24,11,48,1,10,1,0,6,0,0,1,0,0,0,2,1,0,0,6,10,0,0,18,53,1,0,12,0,0,0,0,18,2,1,2,1
11652,7518,38751,14520,7249,6120,11320,3,1,145,4,1,1,720,53,150,0,1,7,2,2,1724,1,3,4,1,2,5,401,537,16,3,2,4,85,21,23,1,84,1,669,218,31,4,4,7,0,53,130,12,482,1827,17,6231,84,491,1,1,0,3,30,1,0,0,45,12,89,0,15,4,0,23,2,0,0,0,1,0,11,1,0,0,16,12,1,0,29,93,0,1,20,0,0,1,0,37,18,5,20,1
2693,17303,14520,50487,1674,1738,14083,40,21,1065,83,19,10,6836,11468,9700,7,8,130,116,44,1811,13,21,48,9,10,9,462,857,305,25,24,10,427,136,96,87,143,1,1125,685,1732,51,87,6,19,164,452,165,121,167,79,731,151,428,1,5,0,6,43,7,0,0,146,68,348,0,62,19,0,16,9,13,4,0,2,0,15,8,3,6,22,40,6,1,69,378,6,0,91,0,4,0,2,196,32,5,18,12
18561,404,7249,1674,31648,34694,1511,5,3,58,3,2,0,4686,312,144,2,0,3,8,3,743,1,0,0,0,1,4,362,327,12,3,6,2,136,15,9,11,65,1,247,69,55,4,21,3,3,553,4269,10,13,18,5,1376,11,140,0,0,0,0,7,0,0,0,17,15,36,1,6,0,0,2,2,2,0,0,0,0,3,2,0,0,11,7,0,0,23,50,1,0,22,0,1,0,0,15,6,2,5,1
5025,199,6120,1738,34694,19898,21959,0,0,23,1,1,0,762,216,233,0,1,7,1,2,487,1,2,3,0,5,2,194,181,1,0,0,2,795,21,29,1,2260,1,189,39,16,6,1,5,3,2675,3391,6,144,99,5,4589,322,856,0,0,0,2,4,0,0,0,16,6,43,0,5,0,0,1,2,2,0,0,1,0,4,2,0,2,3,3,0,0,15,55,1,0,9,0,0,0,0,65,3,1,2,1
1019,761,11320,14083,1511,21959,21272,4,12,133,21,1,0,461,150,3539,1,0,7,7,2,513,2,16,9,1,3,2,99,132,15,4,2,2,2069,37,85,12,1200,0,189,67,14,14,16,1,1,1496,85,14,81,151,57,1385,641,1782,1,0,0,4,20,2,0,0,48,16,171,0,17,4,1,3,2,11,2,0,3,0,8,1,0,1,11,8,3,0,34,272,2,4,50,1,3,0,1,405,23,2,11,2
3,3,3,40,5,0,4,37092,3735,182,2878,932,8308,197,256,355,4520,7120,1562,4669,438,2895,236,64,64,21,52,27,35,90,2525,130,961,8,7,24,652,126,12,3,55,105,1927,94,1266,126,119,0,11,391,1,1,4,0,1,3,204,306,109,1047,48,30,37,63,17,19,36,54,90,649,51,37,61,78,40,0,10,0,3,45,8,86,12,11,46,2,483,11,6,16,3,1,12,0,3,6,1,7,30,6
6,4,1,21,3,0,12,3735,54744,266,1212,1341,1782,28,14,168,1105,193,3760,6154,529,1364,298,10814,6099,58,3995,34,18,18,163,175,664,50,93,443,9961,130,396,35,37,48,113,962,139,146,183,22,1,30,6,4,16,0,5,13,325,916,229,2874,153,63,88,116,27,46,118,116,317,1703,143,94,183,497,115,9,116,7,17,121,25,226,28,34,200,11,1631,31,30,78,19,3,49,11,11,12,6,9,83,34
113,157,145,1065,58,23,133,182,266,34198,3368,2785,224,378,382,2277,659,55,931,127,5537,3658,412,122,75,50,35,20,151,134,793,904,956,17,360,522,605,74,229,0,16193,7449,4040,187,231,226,597,53,34,6365,21,19,15,6,11,25,4,10,67,65,66,8,3,0,51,33,103,11,195,9,25,42,53,13,40,6,4,0,11,57,7,7,32,33,14,2,168,71,16,9,51,0,18,1,6,24,6,13,46,15
6,5,4,83,3,1,21,2878,1212,3368,5633,11028,1204,47,36,562,850,161,1488,692,1097,3572,1297,117,104,23,36,33,16,12,214,147,409,25,82,200,231,69,62,5,40,56,206,182,166,224,217,7,6,16,4,3,6,0,5,6,8,22,61,123,33,13,7,0,16,5,26,14,78,27,30,19,17,11,32,3,5,0,3,29,4,9,11,10,16,0,92,27,9,7,15,0,8,1,4,3,1,3,21,7
1,1,1,19,2,1,1,932,1341,2785,11028,23327,10981,21,18,117,5427,583,550,1507,4759,2016,5226,117,1023,39,263,21,19,44,115,318,6440,19,17,74,390,262,27,4,118,284,266,420,677,277,501,1,0,158,0,0,1,0,0,1,8,27,49,121,28,4,8,4,1,10,16,19,37,129,5,30,27,84,5,1,14,0,3,17,7,46,4,5,82,3,111,6,1,41,1,2,19,0,5,0,0,4,15,3
1,0,1,10,0,0,0,8308,1782,224,1204,10981,30569,81,46,57,4438,1973,195,2079,588,569,218,29,246,13,83,7,16,58,275,145,8660,4,2,14,193,21,3,1,56,230,538,57,768,44,45,0,0,441,0,0,4,0,0,0,69,69,9,314,4,1,11,26,4,12,8,11,13,433,4,3,7,63,7,1,11,0,0,5,0,56,6,5,24,2,137,1,1,9,0,0,4,0,3,0,1,0,4,0
17645,5918,720,6836,4686,762,461,197,28,378,47,21,81,83647,15627,1003,24,60,173,187,76,1312,34,38,81,48,26,37,4938,23807,281,309,167,24,373,338,511,169,360,4,909,860,1677,56,1056,35,43,192,17219,4467,176,107,100,34,42,201,3,3,9,33,134,17,3,3,364,194,706,1,305,37,8,45,27,30,9,3,3,0,67,70,1,10,124,148,20,1,520,483,24,13,219,1,11,2,3,59,80,21,85,31
1010,4409,53,11468,312,216,150,256,14,382,36,18,46,15627,21017,938,23,50,96,136,45,480,25,7,35,24,7,11,489,1271,303,89,71,16,143,105,108,125,83,0,509,551,8436,29,546,11,24,80,285,6177,74,47,35,9,24,78,1,1,4,14,35,4,1,0,132,49,248,0,72,12,3,22,8,11,6,0,4,0,14,5,1,8,33,42,7,0,95,215,3,5,73,0,8,0,1,33,21,3,23,8
152,113,150,9700,144,233,3539,355,168,2277,562,117,57,1003,938,20176,82,359,3195,738,500,701,31,124,183,17,26,8,124,273,13237,44,85,14,3849,2411,549,217,353,0,449,397,4327,133,243,5,18,715,86,146,200,213,172,47,280,677,3,13,20,49,148,10,3,1,375,208,753,12,270,65,11,56,52,32,25,3,15,1,52,56,8,14,118,126,15,1,333,878,20,8,265,1,8,1,4,422,55,20,89,35
0,1,0,7,2,0,1,4520,1105,659,850,5427,4438,24,23,82,10214,3820,480,126,7782,200,130,80,20,8,9,4,12,33,825,71,618,1,12,43,177,19,18,0,32,93,310,30,64,28,89,0,1,94,0,0,0,0,0,1,5,23,31,84,20,6,5,3,3,2,12,9,44,12,24,10,24,2,15,2,1,0,0,10,1,4,4,0,4,1,51,4,5,3,5,0,1,0,1,1,1,3,6,3
0,1,1,8,0,1,0,7120,193,55,161,583,1973,60,50,359,3820,3895,1707,285,1079,86,37,23,13,4,4,0,2,29,3056,64,718,1,0,18,82,10,12,1,24,72,1477,10,297,3,48,0,6,212,5,1,2,1,0,1,5,10,31,80,34,10,2,1,6,7,14,12,50,16,30,9,15,2,36,0,0,0,1,19,2,4,4,1,10,1,26,6,7,4,5,0,0,0,0,4,1,2,18,10
11,6,7,130,3,7,7,1562,3760,931,1488,550,195,173,96,3195,480,1707,11058,1761,1361,513,57,581,334,14,39,4,41,120,3889,44,119,5,66,2759,814,99,180,2,144,114,1088,111,138,8,16,5,10,59,26,14,19,3,7,19,4,14,68,98,118,18,12,1,109,118,303,23,456,52,39,56,81,19,98,3,2,1,31,147,12,9,117,100,23,3,261,129,57,10,79,0,3,1,7,15,19,26,98,32
8,8,2,116,8,1,7,4669,6154,127,692,1507,2079,187,136,738,126,285,1761,27246,81,1629,917,279,3263,70,1015,41,37,91,646,290,3820,39,53,258,395,4500,26,4,50,134,601,593,5859,109,271,3,9,148,6,3,9,0,3,8,272,174,28,1052,20,14,134,96,37,75,49,34,37,2445,18,84,36,1062,16,2,139,1,9,35,13,553,27,27,639,4,300,21,12,237,9,1,81,5,22,4,8,5,32,21
3,1,2,44,3,2,2,438,529,5537,1097,4759,588,76,45,500,7782,1079,1361,81,12143,215,248,251,31,19,13,8,32,133,783,314,671,4,98,296,743,29,192,3,451,1735,9532,74,111,65,210,14,4,2621,0,4,2,1,1,7,0,10,81,58,49,14,1,0,17,25,87,13,231,17,18,27,50,6,29,2,3,1,9,52,4,4,31,13,13,0,192,19,11,2,20,0,3,1,1,4,4,10,46,16
1944,863,1724,1811,743,487,513,2895,1364,3658,3572,2016,569,1312,480,701,200,86,513,1629,215,22895,4969,144,645,843,423,1901,5752,1084,321,1285,458,754,94,201,358,471,187,194,19252,796,888,2165,672,5073,1713,25,143,193,24,18,16,121,5,46,7,18,28,94,52,6,4,5,91,100,222,9,220,95,8,41,41,61,28,19,38,4,21,62,23,39,78,62,78,39,174,105,25,68,45,45,162,2,24,14,23,7,50,14
1,1,1,13,1,1,2,236,298,412,1297,5226,218,34,25,31,130,37,57,917,248,4969,10811,43,1208,713,770,236,149,38,45,1571,4739,223,14,12,28,1053,34,56,59,104,75,3581,1290,3821,5118,13,2,40,3,0,0,0,0,2,2,3,1,14,5,2,8,0,3,4,0,4,4,91,2,38,4,132,5,38,75,4,0,1,26,76,1,4,206,23,7,2,1,155,0,19,192,5,23,1,1,0,4,4
7,2,3,21,0,2,16,64,10814,122,117,117,29,38,7,124,80,23,581,279,251,144,43,8389,811,24,2352,133,13,40,118,30,65,96,441,4704,5824,45,9442,480,35,35,150,921,17,30,55,143,4,12,10,7,5,0,8,15,18,23,42,144,44,10,4,7,36,40,104,11,210,109,13,20,49,28,24,6,19,4,21,47,4,20,49,36,21,7,259,30,23,14,36,17,27,1,3,11,7,6,35,15
5,0,4,48,0,3,9,64,6099,75,104,1023,246,81,35,183,20,13,334,3263,31,645,1208,811,8920,83,8926,44,18,57,55,296,2028,127,82,228,252,451,214,155,30,89,144,3358,525,98,361,49,4,53,4,2,3,2,7,2,30,8,9,262,10,12,59,16,22,57,15,25,12,1232,6,169,18,1224,7,62,309,9,2,25,52,447,24,19,964,33,34,6,16,684,9,12,413,4,46,10,6,2,30,25
2,2,1,9,0,0,1,21,58,50,23,39,13,48,24,17,8,4,14,70,19,843,713,24,83,9471,465,319,94,31,23,9116,159,6667,4,10,13,4078,16,263,25,40,48,4887,1248,504,2976,6,3,35,0,0,0,0,1,1,0,3,1,4,8,1,4,0,0,5,0,2,1,6,3,77,4,59,3,354,290,21,0,1,188,34,2,0,77,296,2,1,1,117,3,203,1385,22,180,0,0,0,3,0
2,0,2,10,1,5,3,52,3995,35,36,263,83,26,7,26,9,4,39,1015,13,423,770,2352,8926,465,23141,1430,35,20,21,702,722,1001,34,51,1692,540,836,6750,11,27,42,12540,875,224,718,205,2,27,2,2,1,0,18,17,10,7,2,168,8,6,23,7,9,18,10,3,7,352,4,106,8,491,5,161,464,32,1,6,96,165,9,4,454,110,16,7,2,340,3,208,845,12,73,22,0,0,17,7
15,4,5,9,4,2,2,27,34,20,33,21,7,37,11,8,4,0,4,41,8,1901,236,133,44,319,1430,56574,1289,162,7,363,61,9482,4,1,330,99,193,10926,104,37,12,955,200,12091,4317,55,3,16,0,1,0,1,4,3,0,0,0,2,0,1,0,0,1,0,0,1,2,1,0,11,2,19,0,27,77,191,0,0,13,4,0,1,26,136,5,2,0,20,3,928,181,7,15,5,0,0,3,0
857,206,401,462,362,194,99,35,18,151,16,19,16,4938,489,124,12,2,41,37,32,5752,149,13,18,94,35,1289,92637,14778,40,159,51,205,28,38,70,35,50,114,19497,680,291,151,117,1744,266,9,6195,146,12,8,9,34,2,23,0,1,8,4,13,0,0,1,23,16,61,1,33,4,2,3,4,3,3,1,2,0,5,11,3,2,10,13,5,6,46,45,2,2,18,6,15,0,0,8,3,1,9,6
912,308,537,857,327,181,132,90,18,134,12,44,58,23807,1271,273,33,29,120,91,133,1084,38,40,57,31,20,162,14778,53546,108,403,275,49,69,104,219,44,110,5,14723,7109,829,61,659,147,106,19,1535,1583,22,14,14,41,5,38,3,0,5,9,40,6,0,0,72,63,145,2,100,21,8,25,17,17,6,0,3,0,20,25,3,2,43,48,6,0,127,99,8,9,46,2,5,2,1,13,15,9,31,7
19,11,16,305,12,1,15,2525,163,793,214,115,275,281,303,13237,825,3056,3889,646,783,321,45,118,55,23,21,7,40,108,11653,70,185,18,48,257,507,328,106,3,177,248,15639,79,1139,6,34,8,21,230,35,34,30,1,11,57,5,13,65,64,76,9,6,4,93,68,246,19,285,50,26,53,72,15,41,3,7,0,24,108,5,11,68,56,29,1,200,131,28,11,59,1,6,0,5,31,22,19,60,25
5,1,3,25,3,0,4,130,175,904,147,318,145,309,89,44,71,64,44,290,314,1285,1571,30,296,9116,702,363,159,403,70,38617,7460,2251,8,12,20,985,30,154,350,1066,224,2806,7272,584,18071,15,9,620,1,0,0,0,2,2,2,2,5,17,5,4,4,5,5,6,4,3,3,23,1,107,8,101,3,229,243,18,0,5,130,92,5,4,305,182,11,0,0,216,2,132,909,24,123,1,1,2,10,6
6,2,2,24,6,0,2,961,664,956,409,6440,8660,167,71,85,618,718,119,3820,671,458,4739,65,2028,159,722,61,51,275,185,7460,27718,77,11,39,93,1088,19,8,322,1391,622,1834,10071,190,3174,5,7,993,4,1,0,0,0,2,39,12,6,141,5,2,24,21,10,24,20,9,15,701,3,50,12,366,7,17,86,0,3,8,19,173,8,8,299,15,54,3,4,176,1,4,133,3,15,0,2,1,6,5
0,0,4,10,2,2,2,8,50,17,25,19,4,24,16,14,1,1,5,39,4,754,223,96,127,6667,1001,9482,205,49,18,2251,77,32217,4,6,86,632,98,11236,27,19,34,10068,469,2989,9533,33,3,12,0,0,0,0,3,2,0,0,0,2,6,0,0,0,0,1,0,1,0,2,0,44,1,31,0,101,254,260,0,0,71,14,1,1,55,1165,10,3,0,50,5,2575,1310,84,119,6,0,1,1,1
39,61,85,427,136,795,2069,7,93,360,82,17,2,373,143,3849,12,0,66,53,98,94,14,441,82,4,34,4,28,69,48,8,11,4,13551,1794,806,22,10714,5,70,36,139,71,16,1,7,6068,118,25,130,155,106,33,272,587,2,0,9,20,68,5,1,0,154,85,451,0,83,8,4,35,20,11,4,1,4,0,24,16,0,3,44,53,4,0,198,594,3,3,118,2,8,0,1,470,27,11,30,8
26,17,21,136,15,21,37,24,443,522,200,74,14,338,105,2411,43,18,2759,258,296,201,12,4704,228,10,51,1,38,104,257,12,39,6,1794,6793,1244,65,3231,1,85,69,370,182,22,1,9,172,13,41,61,41,35,6,24,74,3,5,17,38,65,7,0,1,133,105,321,1,200,22,7,28,27,11,18,2,4,0,34,48,4,1,67,82,9,1,395,246,19,2,113,0,6,1,1,38,30,15,43,11
33,13,23,96,9,29,85,652,9961,605,231,390,193,511,108,549,177,82,814,395,743,358,28,5824,252,13,1692,330,70,219,507,20,93,86,806,1244,2904,9,8543,532,203,232,761,283,59,38,36,645,25,105,8,10,9,3,29,31,21,29,9,125,17,4,4,4,40,36,96,5,60,73,7,7,10,15,15,2,7,3,11,14,2,8,20,28,14,4,534,93,13,4,44,30,9,0,0,48,9,1,11,9
11,3,1,87,11,1,12,126,130,74,69,262,21,169,125,217,19,10,99,4500,29,471,1053,45,451,4078,540,99,35,44,328,985,1088,632,22,65,9,18629,50,20,35,68,471,5373,4223,136,664,9,14,51,0,2,2,0,0,3,0,6,1,25,6,4,7,1,7,14,5,12,2,160,5,151,14,341,4,144,224,8,2,5,101,150,8,4,560,49,12,5,2,451,6,28,661,6,64,4,0,0,17,6
37,19,84,143,65,2260,1200,12,396,229,62,27,3,360,83,353,18,12,180,26,192,187,34,9442,214,16,836,193,50,110,106,30,19,98,10714,3231,8543,50,31375,446,74,72,205,655,9,29,44,10685,72,37,72,52,49,15,112,128,5,0,18,24,61,4,1,1,135,71,311,7,157,9,3,43,23,8,12,1,7,6,28,36,4,1,43,54,7,7,427,307,12,3,81,25,15,2,1,115,28,7,46,11
0,0,1,1,1,1,0,3,35,0,5,4,1,4,0,0,0,1,2,4,3,194,56,480,155,263,6750,10926,114,5,3,154,8,11236,5,1,532,20,446,35375,4,1,3,8812,32,810,494,131,1,1,0,0,0,0,3,3,1,0,0,0,4,2,1,0,1,1,0,0,0,2,0,30,1,56,1,39,353,679,3,0,27,6,2,0,13,787,20,5,0,26,15,4697,1068,48,56,13,0,1,3,2
712,463,669,1125,247,189,189,55,37,16193,40,118,56,909,509,449,32,24,144,50,451,19252,59,35,30,25,11,104,19497,14723,177,350,322,27,70,85,203,35,74,4,87131,8241,1251,59,226,155,166,8,137,1194,13,10,2,29,4,27,1,1,13,10,19,3,1,1,32,27,85,3,102,2,5,7,12,9,6,0,1,0,11,15,1,3,18,15,11,3,70,35,10,0,23,1,2,1,0,7,5,4,23,8
266,181,218,685,69,39,67,105,48,7449,56,284,230,860,551,397,93,72,114,134,1735,796,104,35,89,40,27,37,680,7109,248,1066,1391,19,36,69,232,68,72,1,8241,19071,3932,129,736,56,317,7,39,14115,2,10,3,11,3,14,4,3,16,14,16,6,0,0,29,19,55,1,88,11,5,9,17,15,10,1,7,0,6,14,3,6,16,15,13,1,88,34,3,10,19,0,8,1,0,5,3,3,14,4
70,28,31,1732,55,16,14,1927,113,4040,206,266,538,1677,8436,4327,310,1477,1088,601,9532,888,75,150,144,48,42,12,291,829,15639,224,622,34,139,370,761,471,205,3,1251,3932,56832,118,2048,14,86,26,89,13496,51,27,26,6,29,78,5,8,60,33,92,9,2,4,109,84,348,4,355,43,18,71,75,31,28,3,9,1,35,64,5,15,87,73,30,5,372,202,11,19,60,1,8,0,5,25,24,13,89,20
9,1,4,51,4,6,14,94,962,187,182,420,57,56,29,133,30,10,111,593,74,2165,3581,921,3358,4887,12540,955,151,61,79,2806,1834,10068,71,182,283,5373,655,8812,59,129,118,47066,921,1197,3827,172,6,33,2,2,3,3,18,20,3,10,1,34,17,10,29,2,9,23,8,3,9,66,9,389,14,429,10,923,1112,131,2,6,476,201,11,14,849,883,16,7,2,767,11,1063,4124,90,460,34,3,0,18,9
26,8,4,87,21,1,16,1266,139,231,166,677,768,1056,546,243,64,297,138,5859,111,672,1290,17,525,1248,875,200,117,659,1139,7272,10071,469,16,22,59,4223,9,32,226,736,2048,921,10316,113,826,1,37,1581,3,0,4,0,2,2,18,13,13,137,10,10,32,9,15,56,20,28,15,781,10,219,15,805,10,74,226,8,0,26,69,316,22,13,952,32,40,10,7,583,5,7,358,7,55,7,4,3,33,14
9,1,7,6,3,5,1,126,146,226,224,277,44,35,11,5,28,3,8,109,65,5073,3821,30,98,504,224,12091,1744,147,6,584,190,2989,1,1,38,136,29,810,155,56,14,1197,113,15259,8367,8,4,8,1,0,0,0,1,0,0,3,2,4,0,2,0,0,1,0,1,0,0,7,0,8,1,12,0,19,27,5,0,2,11,8,2,1,16,54,4,0,0,16,0,92,143,6,14,0,0,0,1,0
6,1,0,19,3,3,1,119,183,597,217,501,45,43,24,18,89,48,16,271,210,1713,5118,55,361,2976,718,4317,266,106,34,18071,3174,9533,7,9,36,664,44,494,166,317,86,3827,826,8367,33111,20,2,100,1,0,0,0,2,1,1,3,3,5,4,3,2,0,1,0,1,4,4,27,0,37,5,53,0,102,152,67,0,3,66,24,2,0,124,480,11,2,1,103,5,554,872,49,74,4,0,0,2,0
70,32,53,164,553,2675,1496,0,22,53,7,1,0,192,80,715,0,0,5,3,14,25,13,143,49,6,205,55,9,19,8,15,5,33,6068,172,645,9,10685,131,8,7,26,172,1,8,20,7267,304,5,21,32,21,23,121,161,0,1,2,0,6,0,0,0,17,9,64,0,9,0,1,5,3,4,0,1,6,0,1,2,0,0,6,9,0,0,27,106,0,0,10,7,7,1,0,194,7,1,7,1
1207,116,130,452,4269,3391,85,11,1,34,6,0,0,17219,285,86,1,6,10,9,4,143,2,4,4,3,2,3,6195,1535,21,9,7,3,118,13,25,14,72,1,137,39,89,6,37,4,2,304,13476,14,13,13,4,8,4,14,1,1,0,2,11,2,0,0,21,14,32,0,10,4,1,1,2,2,1,0,0,1,2,1,0,1,5,5,1,0,25,46,1,1,15,0,1,0,0,4,3,1,6,1
24,21,12,165,10,6,14,391,30,6365,16,158,441,4467,6177,146,94,212,59,148,2621,193,40,12,53,35,27,16,146,1583,230,620,993,12,25,41,105,51,37,1,1194,14115,13496,33,1581,8,100,5,14,22295,17,2,9,3,2,8,1,2,4,7,13,1,2,1,24,16,47,2,31,22,3,15,10,14,3,0,4,0,5,7,1,8,11,12,17,1,69,45,1,6,14,1,7,0,1,5,8,1,6,3
24,22,482,121,13,144,81,1,6,21,4,0,0,176,74,200,0,5,26,6,0,24,3,10,4,0,2,0,12,22,35,1,4,0,130,61,8,0,72,0,13,2,51,2,3,1,1,21,13,17,57153,19856,3993,20223,25255,3749,5,28,4,21,316,8,1,1,26256,657,517,3,24,27,7,754,12,19,6,8,5,15,850,11,7,15,552,58,37,9,124,125,12,72,86,1,32,13,6,421,8954,294,559,42
12,13,1827,167,18,99,151,1,4,19,3,0,0,107,47,213,0,1,14,3,4,18,0,7,2,0,2,1,8,14,34,0,1,0,155,41,10,2,52,0,10,10,27,2,0,0,0,32,13,2,19856,89624,16008,12931,1521,7173,1,10,3,10,1106,12,3,1,12721,221,309,2,16,8,5,1760,13,8,7,1,1,7,636,4,12,5,697,12,27,7,74,92,7,15,61,1,15,15,6,140,569,543,1565,48
10,23,17,79,5,5,57,4,16,15,6,1,4,100,35,172,0,2,19,9,2,16,0,5,3,0,1,0,9,14,30,0,0,0,106,35,9,2,49,0,2,3,26,3,4,0,0,21,4,9,3993,16008,35093,84,307,11058,5,31,11,72,763,27,13,6,14746,5577,3437,7,74,82,16,424,26,75,14,6,5,8,418,27,15,28,473,143,37,6,103,365,19,97,51,1,64,6,7,130,569,218,863,82
658,34,6231,731,1376,4589,1385,0,0,6,0,0,0,34,9,47,0,1,3,0,1,121,0,0,2,0,0,1,34,41,1,0,0,0,33,6,3,0,15,0,29,11,6,3,0,0,0,23,8,3,20223,12931,84,34189,17621,13929,0,2,0,1,149,6,1,0,217,23,38,2,3,1,0,363,0,0,0,0,1,3,214,3,4,1,191,1,7,0,19,275,3,4,193,0,4,8,3,621,367,154,258,16
6,17,84,151,11,322,641,1,5,11,5,0,0,42,24,280,0,0,7,3,1,5,0,8,7,1,18,4,2,5,11,2,0,3,272,24,29,0,112,3,4,3,29,18,2,1,2,121,4,2,25255,1521,307,17621,33778,12083,0,0,1,11,91,5,0,0,870,48,253,0,26,4,4,52,62,61,6,0,23,2,24,2,3,2,22,5,2,1,71,1735,3,3,1341,2,27,0,1,7415,6393,22,71,6
69,40,491,428,140,856,1782,3,13,25,6,1,0,201,78,677,1,1,19,8,7,46,2,15,2,1,17,3,23,38,57,2,2,2,587,74,31,3,128,3,27,14,78,20,2,0,1,161,14,8,3749,7173,11058,13929,12083,33859,0,2,3,34,718,21,4,0,1037,83,1733,6,67,11,10,441,82,56,7,1,10,3,147,2,9,18,166,14,14,5,143,3910,15,19,477,1,40,2,6,1900,165,175,645,60
0,0,1,1,0,0,1,204,325,4,8,8,69,3,1,3,5,5,4,272,0,7,2,18,30,0,10,0,0,3,5,2,39,0,2,3,21,0,5,1,1,4,5,3,18,0,1,0,1,1,5,1,5,0,0,0,4905,7485,504,547,35,96,238,5343,73,308,62,2369,52,1981,82,176,17,50,9,4,47,2,12,519,6,1879,50,168,85,1,308,2,26,14,1,0,15,11,8,0,11,3,33,23
0,1,1,5,0,0,0,306,916,10,22,27,69,3,1,13,23,10,14,174,10,18,3,23,8,3,7,0,1,0,13,2,12,0,0,5,29,6,0,0,1,3,8,10,13,3,3,1,1,2,28,10,31,2,0,2,7485,34362,6280,4853,165,1016,520,1712,311,659,265,11007,323,6170,367,1266,94,62,35,23,44,17,57,1272,58,641,168,506,370,23,1085,11,22,89,7,1,132,122,75,2,27,19,89,21
1,0,0,0,0,0,0,109,229,67,61,49,9,9,4,20,31,31,68,28,81,28,1,42,9,1,2,0,8,5,65,5,6,0,9,17,9,1,18,0,13,16,60,1,13,2,3,2,0,4,4,3,11,0,1,3,504,6280,6053,4217,392,784,138,202,67,167,853,4415,2647,994,328,605,36,60,189,15,14,5,13,4816,29,199,17,169,244,8,653,17,11,106,17,2,50,29,38,2,6,9,62,26
5,2,3,6,0,2,4,1047,2874,65,123,121,314,33,14,49,84,80,98,1052,58,94,14,144,262,4,168,2,4,9,64,17,141,2,20,38,125,25,24,0,10,14,33,34,137,4,5,0,2,7,21,10,72,1,11,34,547,4853,4217,52594,327,855,931,948,82,99,432,853,3480,4834,577,1147,12234,5747,115,41,1609,22,9,166,138,895,15,70,171,39,11099,242,18,234,41,7,314,110,162,49,5,9,65,38
14,15,30,43,7,4,20,48,153,66,33,28,4,134,35,148,20,34,118,20,49,52,5,44,10,8,8,0,13,40,76,5,5,6,68,65,17,6,61,4,19,16,92,17,10,0,4,6,11,13,316,1106,763,149,91,718,35,165,392,327,35256,4990,1035,46,669,1978,2163,397,718,107,5306,2637,124,88,866,123,89,94,242,560,600,259,198,587,228,188,1412,576,858,128,593,32,480,653,1048,306,55,32579,26425,5020
1,0,1,7,0,0,2,30,63,8,13,4,1,17,4,10,6,10,18,14,14,6,2,10,12,1,6,1,0,6,9,4,2,0,5,7,4,4,4,2,3,6,9,10,10,2,3,0,2,1,8,12,27,6,5,21,96,1016,784,855,4990,6418,8170,341,35,65,334,822,543,302,6876,8031,56,92,359,30,76,15,9,318,70,577,17,62,69,45,411,63,22,60,68,8,275,219,272,28,4,13,120,145
0,0,0,0,0,0,0,37,88,3,7,8,11,3,1,3,5,2,12,134,1,4,8,4,59,4,23,0,0,0,6,4,24,0,1,0,4,7,1,1,1,0,2,29,32,0,2,0,0,2,1,3,13,1,0,4,238,520,138,931,1035,8170,17301,6682,12,52,48,4649,94,891,6661,7663,29,437,546,48,190,14,7,612,273,7976,26,25,203,76,288,14,57,71,15,7,318,384,670,3,3,4,123,106
0,0,0,0,0,0,0,63,116,0,0,4,26,3,0,1,3,1,1,96,0,5,0,7,16,0,7,0,1,0,4,5,21,0,0,1,4,1,1,0,1,0,4,2,9,0,0,0,0,1,1,1,6,0,0,0,5343,1712,202,948,46,341,6682,15993,9,59,28,6938,44,1039,882,321,17,63,85,8,37,2,5,216,29,5411,25,22,147,7,208,4,19,11,1,3,27,41,39,1,1,2,39,37
30,24,45,146,17,16,48,17,27,51,16,1,4,364,132,375,3,6,109,37,17,91,3,36,22,0,9,1,23,72,93,5,10,0,154,133,40,7,135,1,32,29,109,9,15,1,1,17,21,24,26256,12721,14746,217,870,1037,73,311,67,82,669,35,12,9,89488,13675,1487,64,99,351,27,762,29,89,50,76,27,23,5163,105,72,82,17988,499,649,63,855,185,132,666,194,6,273,30,34,286,16820,374,1313,327
12,11,12,68,15,6,16,19,46,33,5,10,12,194,49,208,2,7,118,75,25,100,4,40,57,5,18,0,16,63,68,6,24,1,85,105,36,14,71,1,27,19,84,23,56,0,0,9,14,16,657,221,5577,23,48,83,308,659,167,99,1978,65,52,59,13675,55847,2190,255,152,653,108,503,66,131,979,205,76,39,713,837,394,353,5323,5781,2265,153,797,151,10388,908,151,9,277,35,109,61,420,360,4490,5408
85,48,89,348,36,43,171,36,118,103,26,16,8,706,248,753,12,14,303,49,87,222,0,104,15,0,10,0,61,145,246,4,20,0,451,321,96,5,311,0,85,55,348,8,20,1,1,64,32,47,517,309,3437,38,253,1733,62,265,853,432,2163,334,48,28,1487,2190,23815,255,4719,527,196,503,143,235,363,18,31,5,148,4680,57,101,314,6099,165,21,1324,7903,118,251,404,1,152,14,29,505,161,184,990,191
0,1,0,0,1,0,0,54,116,11,14,19,11,1,0,12,9,12,23,34,13,9,4,11,25,2,3,1,1,2,19,3,9,1,0,1,5,12,7,0,3,1,4,3,28,0,4,0,0,2,3,2,7,2,0,6,2369,11007,4415,853,397,822,4649,6938,64,255,255,13503,265,554,7209,722,49,68,839,25,34,7,20,4311,217,1814,58,188,729,23,394,15,36,50,16,4,66,58,203,3,12,9,147,100
22,10,15,62,6,5,17,90,317,195,78,37,13,305,72,270,44,50,456,37,231,220,4,210,12,1,7,2,33,100,285,3,15,0,83,200,60,2,157,0,102,88,355,9,15,0,4,9,10,31,24,16,74,3,26,67,52,323,2647,3480,718,543,94,44,99,152,4719,265,7409,617,567,386,2651,398,665,9,42,7,38,966,49,85,96,113,79,14,2769,2236,106,71,1251,4,89,23,37,180,20,27,190,127
1,1,4,19,0,0,4,649,1703,9,27,129,433,37,12,65,12,16,52,2445,17,95,91,109,1232,6,352,1,4,21,50,23,701,2,8,22,73,160,9,2,2,11,43,66,781,7,27,0,4,22,27,8,82,1,4,11,1981,6170,994,4834,107,302,891,1039,351,653,527,554,617,22257,111,1165,89,2529,90,77,783,10,33,758,227,7138,157,520,4300,32,839,87,73,4380,7,3,615,51,185,13,40,21,167,108
0,0,0,0,0,0,1,51,143,25,30,5,4,8,3,11,24,30,39,18,18,8,2,13,6,3,4,0,2,8,26,1,3,0,4,7,7,5,3,0,5,5,18,9,10,0,0,1,1,3,7,5,16,0,4,10,82,367,328,577,5306,6876,6661,882,27,108,196,7209,567,111,14835,2010,106,82,7382,56,67,13,18,1602,346,1190,68,38,89,66,1138,36,109,26,88,8,196,292,621,9,3,32,770,2637
4,6,23,16,2,1,3,37,94,42,19,30,3,45,22,56,10,9,56,84,27,41,38,20,169,77,106,11,3,25,53,107,50,44,35,28,7,151,43,30,7,9,71,389,219,8,37,5,1,15,754,1760,424,363,52,441,176,1266,605,1147,2637,8031,7663,321,762,503,503,722,386,1165,2010,36828,151,1507,437,703,1470,1590,1922,524,1195,7685,862,171,854,1333,516,143,150,901,156,264,4823,9884,10298,79,70,4052,2192,290
5,0,2,9,2,2,2,61,183,53,17,27,7,27,8,52,24,15,81,36,50,41,4,49,18,4,8,2,4,17,72,8,12,1,20,27,10,14,23,1,12,17,75,14,15,1,5,3,2,10,12,13,26,0,62,82,17,94,36,12234,124,56,29,17,29,66,143,49,2651,89,106,151,8950,2023,130,17,358,12,13,109,40,75,26,18,36,12,6108,2713,36,45,3215,54,227,14,44,399,9,12,64,38
2,0,0,13,2,2,11,78,497,13,11,84,63,30,11,32,2,2,19,1062,6,61,132,28,1224,59,491,19,3,17,15,101,366,31,11,11,15,341,8,56,9,15,31,429,805,12,53,4,2,14,19,8,75,0,61,56,50,62,60,5747,88,92,437,63,89,131,235,68,398,2529,82,1507,2023,12647,67,91,10384,214,8,81,312,1992,52,40,586,96,1305,254,47,1041,1426,1437,2696,66,502,398,26,8,110,87
1,1,0,4,0,0,2,40,115,40,32,5,7,9,6,25,15,36,98,16,29,28,5,24,7,3,5,0,3,6,41,3,7,0,4,18,15,4,12,1,6,10,28,10,10,0,0,0,1,3,6,7,14,0,6,7,9,35,189,115,866,359,546,85,50,979,363,839,665,90,7382,437,130,67,5979,34,28,7,30,8404,331,422,242,663,217,38,1139,46,4522,22,156,2,76,39,236,14,5,37,1101,2600
0,0,0,0,0,0,0,0,9,6,3,1,1,3,0,3,2,0,3,2,2,19,38,6,62,354,161,27,1,0,3,229,17,101,1,2,2,144,1,39,0,1,3,923,74,19,102,1,0,0,8,1,6,0,0,1,4,23,15,41,123,30,48,8,76,205,18,25,9,77,56,703,17,91,34,9254,588,184,63,48,7389,395,215,36,3396,4403,30,3,42,3642,8,74,3270,199,679,2,10,15,322,139
0,0,1,2,0,1,3,10,116,4,5,14,11,3,4,15,1,0,2,139,3,38,75,19,309,290,464,77,2,3,7,243,86,254,4,4,7,224,7,353,1,7,9,1112,226,27,152,6,0,4,5,1,5,1,23,10,47,44,14,1609,89,76,190,37,27,76,31,34,42,783,67,1470,358,10384,28,588,14116,1008,14,39,555,864,33,17,1220,577,846,54,22,855,430,7171,11393,154,953,127,13,10,62,48
0,0,0,0,0,0,0,0,7,0,0,0,0,0,0,1,0,0,1,1,1,4,4,4,9,21,32,191,0,0,0,18,0,260,0,0,3,8,6,679,0,0,1,131,8,5,67,0,1,0,15,7,8,3,2,3,2,17,5,22,94,15,14,2,23,39,5,7,7,10,13,1590,12,214,7,184,1008,44860,1558,10,104,59,123,2,118,11453,264,1,8,42,131,10352,1318,18309,416,16,8,261,163,47
3,2,11,15,3,4,8,3,17,11,3,3,0,67,14,52,0,1,31,9,9,21,0,21,2,0,1,0,5,20,24,0,3,0,24,34,11,2,28,3,11,6,35,2,0,0,0,1,2,5,850,636,418,214,24,147,12,57,13,9,242,9,7,5,5163,713,148,20,38,33,18,1922,13,8,30,63,14,1558,113103,30,73,20,28928,58,247,188,209,34,62,115,36,58,82,1948,79,21,11158,27513,1765,114
3,1,1,8,2,2,1,45,121,57,29,17,5,70,5,56,10,19,147,35,52,62,1,47,25,1,6,0,11,25,108,5,8,0,16,48,14,5,36,0,15,14,64,6,26,2,3,2,1,7,11,4,27,3,2,2,519,1272,4816,166,560,318,612,216,105,837,4680,4311,966,758,1602,524,109,81,8404,48,39,10,30,12153,341,770,126,1462,936,42,941,44,420,321,133,3,106,29,195,12,16,32,270,366
0,0,0,3,0,0,0,8,25,7,4,7,0,1,1,8,1,2,12,13,4,23,26,4,52,188,96,13,3,3,5,130,19,71,0,4,2,101,4,27,1,3,5,476,69,11,66,0,0,1,7,12,15,4,3,9,6,58,29,138,600,70,273,29,72,394,57,217,49,227,346,1195,40,312,331,7389,555,104,73,341,25429,2949,354,55,7108,4208,139,17,183,420,37,81,3670,411,12095,14,17,58,1190,581
1,0,0,6,0,2,1,86,226,7,9,46,56,10,8,14,4,4,9,553,4,39,76,20,447,34,165,4,2,2,11,92,173,14,3,1,8,150,1,6,3,6,15,201,316,8,24,0,1,8,15,5,28,1,2,18,1879,641,199,895,259,577,7976,5411,82,353,101,1814,85,7138,1190,7685,75,1992,422,395,864,59,20,770,2949,25699,102,91,15851,199,241,32,140,850,35,19,1251,130,4324,22,14,15,262,194
10,6,16,22,11,3,11,12,28,32,11,4,6,124,33,118,4,4,117,27,31,78,1,49,24,2,9,0,10,43,68,5,8,1,44,67,20,8,43,2,18,16,87,11,22,2,2,6,5,11,552,697,473,191,22,166,50,168,17,15,198,17,26,25,17988,5323,314,58,96,157,68,862,26,52,242,215,33,123,28928,126,354,102,64972,280,1128,195,609,57,574,397,121,30,179,158,98,20,3023,8863,22840,2218
9,10,12,40,7,3,8,11,34,33,10,5,5,148,42,126,0,1,100,27,13,62,4,36,19,0,4,1,13,48,56,4,8,1,53,82,28,4,54,0,15,15,73,14,13,1,0,9,5,12,58,12,143,1,5,14,168,506,169,70,587,62,25,22,499,5781,6099,188,113,520,38,171,18,40,663,36,17,2,58,1462,55,91,280,12187,519,13,497,88,3946,373,90,2,92,2,22,27,41,73,490,284
0,0,1,6,0,0,3,46,200,14,16,82,24,20,7,15,4,10,23,639,13,78,206,21,964,77,454,26,5,6,29,305,299,55,4,9,14,560,7,13,11,13,30,849,952,16,124,0,1,17,37,27,37,7,2,14,85,370,244,171,228,69,203,147,649,2265,165,729,79,4300,89,854,36,586,217,3396,1220,118,247,936,7108,15851,1128,519,22934,658,218,23,335,3748,34,53,1055,65,798,11,119,71,1141,711
0,0,0,1,0,0,0,2,11,2,0,3,2,1,0,1,1,1,3,4,0,39,23,7,33,296,110,136,6,0,1,182,15,1165,0,1,4,49,7,787,3,1,5,883,32,54,480,0,0,1,9,7,6,0,1,5,1,23,8,39,188,45,76,7,63,153,21,23,14,32,66,1333,12,96,38,4403,577,11453,188,42,4208,199,195,13,658,37609,30,4,35,570,17,3826,11710,7945,1941,2,14,80,353,160
50,18,29,69,23,15,34,483,1631,168,92,111,137,520,95,333,51,26,261,300,192,174,7,259,34,2,16,5,46,127,200,11,54,10,198,395,534,12,427,20,70,88,372,16,40,4,11,27,25,69,124,74,103,19,71,143,308,1085,653,11099,1412,411,288,208,855,797,1324,394,2769,839,1138,516,6108,1305,1139,30,846,264,209,941,139,241,609,497,218,30,4255,2051,408,59,4930,907,343,34,82,785,124,148,844,473
63,53,93,378,50,55,272,11,31,71,27,6,1,483,215,878,4,6,129,21,19,105,2,30,6,1,7,2,45,99,131,0,3,3,594,246,93,5,307,5,35,34,202,7,10,0,2,106,46,45,125,92,365,275,1735,3910,2,11,17,242,576,63,14,4,185,151,7903,15,2236,87,36,143,2713,254,46,3,54,1,34,44,17,32,57,88,23,4,2051,15327,31,38,11254,2,84,4,15,6828,120,52,271,50
0,1,0,6,1,1,2,6,30,16,9,1,1,24,3,20,5,7,57,12,11,25,1,23,16,1,2,0,2,8,28,0,4,0,3,19,13,2,12,0,10,3,11,2,7,0,1,0,1,1,12,7,19,3,3,15,26,22,11,18,858,22,57,19,132,10388,118,36,106,73,109,150,36,47,4522,42,22,8,62,420,183,140,574,3946,335,35,408,31,19126,50,77,2,36,24,99,12,7,103,3643,16742
0,0,1,0,0,0,4,16,78,9,7,41,9,13,5,8,3,4,10,237,2,68,155,14,684,117,340,20,2,9,11,216,176,50,3,2,4,451,3,26,0,10,19,767,583,16,103,0,1,6,72,15,97,4,3,19,14,89,106,234,128,60,71,11,666,908,251,50,71,4380,26,901,45,1041,22,3642,855,42,115,321,420,850,397,373,3748,570,59,38,50,16655,28,20,10492,54,479,17,90,37,225,92
14,12,20,91,22,9,50,3,19,51,15,1,0,219,73,265,5,5,79,9,20,45,0,36,9,3,3,3,18,46,59,2,1,5,118,113,44,6,81,15,23,19,60,11,5,0,5,10,15,14,86,61,51,193,1341,477,1,7,17,41,593,68,15,1,194,151,404,16,1251,7,88,156,3215,1426,156,8,430,131,36,133,37,35,121,90,34,17,4930,11254,77,28,20233,467,338,2,36,12408,118,31,230,84
0,0,0,0,0,0,1,1,3,0,0,2,0,1,0,1,0,0,0,1,0,45,19,17,12,203,208,928,6,2,1,132,4,2575,2,0,30,28,25,4697,1,0,1,1063,7,92,554,7,0,1,1,1,1,0,2,1,0,1,2,7,32,8,7,3,6,9,1,4,4,3,8,264,54,1437,2,74,7171,10352,58,3,81,19,30,2,53,3826,907,2,2,20,467,40407,8396,794,246,40,3,10,41,12
0,0,0,4,1,0,3,12,49,18,8,19,4,11,8,8,1,0,3,81,3,162,192,27,413,1385,845,181,15,5,6,909,133,1310,8,6,9,661,15,1068,2,8,8,4124,358,143,872,7,1,7,32,15,64,4,27,40,15,132,50,314,480,275,318,27,273,277,152,66,89,615,196,4823,227,2696,76,3270,11393,1318,82,106,3670,1251,179,92,1055,11710,343,84,36,10492,338,8396,48075,1538,3766,120,53,48,239,115
0,0,1,0,0,0,0,0,11,1,1,0,0,2,0,1,0,0,1,5,1,2,5,1,4,22,12,7,0,2,0,24,3,84,0,1,0,6,2,48,1,1,0,90,7,6,49,1,0,0,13,15,6,8,0,2,11,122,29,110,653,219,384,41,30,35,14,58,23,51,292,9884,14,66,39,199,154,18309,1948,29,411,130,158,2,65,7945,34,4,24,54,2,794,1538,21116,8645,1,9,620,202,65
0,0,0,2,0,0,1,3,11,6,4,5,3,3,1,4,1,0,7,22,1,24,23,3,46,180,73,15,0,1,5,123,15,119,1,1,0,64,1,56,0,0,5,460,55,14,74,0,0,1,6,6,7,3,1,6,8,75,38,162,1048,272,670,39,34,109,29,203,37,185,621,10298,44,502,236,679,953,416,79,195,12095,4324,98,22,798,1941,82,15,99,479,36,246,3766,8645,19366,14,4,73,579,272
13,18,37,196,15,65,405,6,12,24,3,0,0,59,33,422,1,4,15,4,4,14,1,11,10,0,22,5,8,13,31,1,0,6,470,38,48,4,115,13,7,5,25,34,7,0,4,194,4,5,421,140,130,621,7415,1900,0,2,2,49,306,28,3,1,286,61,505,3,180,13,9,79,399,398,14,2,127,16,21,12,14,22,20,27,11,2,785,6828,12,17,12408,40,120,1,14,9612,731,20,111,31
5,2,18,32,6,3,23,1,6,6,1,0,1,80,21,55,1,1,19,8,4,23,1,7,6,0,0,0,3,15,22,1,2,0,27,30,9,0,28,0,5,3,24,3,4,0,0,7,3,8,8954,569,569,367,6393,165,11,27,6,5,55,4,3,1,16820,420,161,12,20,40,3,70,9,26,5,10,13,8,11158,16,17,14,3023,41,119,14,124,120,7,90,118,3,53,9,4,731,47378,228,657,14
1,1,5,5,2,1,2,7,9,13,3,4,0,21,3,20,3,2,26,5,10,7,0,6,2,0,0,0,1,9,19,2,1,1,11,15,1,0,7,1,4,3,13,0,3,0,0,1,1,1,294,543,218,154,22,175,3,19,9,9,32579,13,4,2,374,360,184,9,27,21,32,4052,12,8,37,15,10,261,27513,32,58,15,8863,73,71,80,148,52,103,37,31,10,48,620,73,20,228,64156,7241,353
4,2,20,18,5,2,11,30,83,46,21,15,4,85,23,89,6,18,98,32,46,50,4,35,30,3,17,3,9,31,60,10,6,1,30,43,11,17,46,3,23,14,89,18,33,1,2,7,6,6,559,1565,863,258,71,645,33,89,62,65,26425,120,123,39,1313,4490,990,147,190,167,770,2192,64,110,1101,322,62,163,1765,270,1190,262,22840,490,1141,353,844,271,3643,225,230,41,239,202,579,111,657,7241,35669,15623
5,1,1,12,1,1,2,6,34,15,7,3,0,31,8,35,3,10,32,21,16,14,4,15,25,0,7,0,6,7,25,6,5,1,8,11,9,6,11,2,8,4,20,9,14,0,0,1,1,3,42,48,82,16,6,60,23,21,26,38,5020,145,106,37,327,5408,191,100,127,108,2637,290,38,87,2600,139,48,47,114,366,581,194,2218,284,711,160,473,50,16742,92,84,12,115,65,272,31,14,353,15623,20136
