19310,6597,6485,3928,8999,900,641,57,13,264,16,4,14,7467,707,641,7,3,16,35,24,890,15,1,3,3,4,97,904,1565,44,32,31,19,99,26,36,12,52,10,1353,179,356,15,50,86,33,119,1374,59,14,69,9,77,34,82,0,0,0,1,5,0,0,0,21,6,68,0,13,0,0,2,1,6,1,0,1,0,7,0,1,1,6,6,2,1,7,59,0,1,24,0,1,0,0,55,6,0,2,3
6597,37896,11434,22893,843,343,1421,86,13,684,20,21,15,6941,3950,927,14,9,18,55,60,2370,26,1,6,7,2,72,715,1283,39,35,40,19,168,46,106,8,110,9,2881,633,471,13,58,84,34,327,326,124,77,276,65,79,164,336,0,0,0,6,4,0,1,0,86,14,227,0,22,0,0,13,1,5,1,1,1,0,17,2,0,2,21,31,0,1,12,153,0,4,47,0,2,0,0,326,20,3,10,3
6485,11434,33160,12352,5304,5458,6491,14,5,147,3,6,5,640,62,105,5,1,3,8,19,914,13,0,0,5,2,44,443,789,11,8,7,19,49,14,44,3,34,4,1189,144,79,10,8,59,23,145,146,31,227,891,29,1470,153,526,0,0,0,1,2,0,0,0,36,3,68,0,8,1,0,9,1,1,0,0,0,2,23,1,0,0,21,6,1,0,5,44,5,1,17,1,0,1,1,153,16,4,6,3
3928,22893,12352,33811,1593,2414,10106,272,44,1012,29,24,35,5297,5828,6405,13,21,67,213,97,1210,26,2,25,12,5,20,253,680,563,134,85,12,361,182,137,56,122,4,1328,480,2358,23,194,33,72,634,257,180,62,354,67,143,199,743,1,0,0,3,9,1,2,0,76,19,225,0,33,9,0,6,4,8,3,0,3,1,16,4,1,4,20,17,3,0,15,190,7,6,61,1,3,0,3,432,22,4,19,3
8999,843,5304,1593,17054,21710,2588,30,6,109,6,2,3,2318,246,254,0,1,6,19,16,283,6,1,5,2,7,43,692,1026,19,12,11,10,83,9,29,8,76,6,465,41,144,6,13,59,21,501,3232,26,35,55,6,509,41,106,0,1,0,1,4,0,0,0,21,3,32,0,8,0,0,3,2,1,1,0,0,0,3,3,0,1,8,8,1,0,3,47,2,0,19,0,1,1,0,35,11,2,5,2
900,343,5458,2414,21710,31489,21022,7,29,98,4,0,2,254,24,424,1,0,7,7,10,151,8,5,47,7,74,13,187,198,14,12,10,8,799,12,83,7,561,43,170,36,81,44,8,11,11,3938,1376,11,33,153,13,1908,414,889,0,0,0,0,1,0,0,0,23,2,37,0,5,0,0,2,0,0,0,0,1,0,6,0,1,1,5,0,2,0,4,29,0,2,2,0,2,0,1,183,9,0,1,0
641,1421,6491,10106,2588,21022,16595,46,15,430,9,11,9,249,122,834,3,5,18,46,43,346,7,4,14,9,3,13,90,214,41,39,20,7,1465,62,150,13,338,5,386,130,300,6,38,9,28,1613,196,59,81,392,66,588,406,1660,1,1,0,7,8,0,1,1,75,10,208,0,23,2,2,11,2,11,1,0,0,0,9,7,0,3,16,12,2,0,10,155,2,6,55,0,4,1,0,553,27,2,12,2
57,86,14,272,30,7,46,41484,7842,159,1492,1557,7011,1021,313,747,3132,5353,1527,6569,351,2442,270,34,131,30,70,8,65,131,1569,88,1550,11,117,175,270,271,34,3,134,79,2264,53,463,109,120,29,64,145,0,3,8,0,1,3,86,48,16,776,9,6,46,24,3,6,21,12,133,290,8,15,86,297,7,2,41,0,1,10,3,159,4,4,55,1,141,52,2,22,7,0,6,1,10,4,1,0,3,1
13,13,5,44,6,29,15,7842,71633,225,1169,1540,1332,104,33,768,1223,280,5427,5872,393,2671,482,9366,6845,81,5609,18,31,77,208,183,1308,46,494,2239,5444,518,798,117,70,57,384,507,392,138,300,133,35,47,5,6,29,0,12,18,386,297,80,5105,20,44,151,163,58,30,80,78,471,1293,43,132,554,2018,13,14,396,0,3,25,26,699,29,16,432,9,2104,137,8,190,20,4,94,9,39,9,7,3,17,5
264,684,147,1012,109,98,430,159,225,30452,3864,3361,101,746,418,1440,417,39,432,123,7610,5920,923,39,58,56,60,35,220,507,199,132,679,26,1153,1124,539,73,402,12,13775,4801,3312,180,61,352,541,279,81,4103,2,19,8,1,9,16,0,6,22,65,37,7,4,2,17,11,104,6,392,4,23,15,52,19,20,3,11,0,8,35,4,7,26,19,8,0,86,233,8,13,62,1,8,1,2,27,4,1,18,8
16,20,3,29,6,4,9,1492,1169,3864,4875,7975,322,62,26,390,703,218,564,233,1147,4125,1730,16,65,31,35,8,22,99,130,47,494,8,65,190,79,33,40,4,352,225,209,100,45,223,170,9,5,91,0,0,1,0,1,2,2,3,4,31,5,1,3,2,1,1,7,1,67,9,1,2,14,8,3,3,6,0,0,3,1,5,1,2,3,0,20,24,1,1,5,0,8,1,2,3,1,3,2,0
4,21,6,24,2,0,11,1557,1540,3361,7975,26185,6330,286,60,184,5667,314,348,1075,4421,2248,3707,33,343,29,63,11,47,372,290,161,5779,6,77,170,198,130,49,7,417,518,444,103,257,197,348,5,10,339,0,0,2,0,1,0,1,7,18,81,9,5,2,0,4,0,9,10,143,23,3,7,51,83,10,0,7,0,2,4,2,15,5,0,23,1,22,28,1,10,4,2,9,0,2,1,0,0,2,2
14,15,5,35,3,2,9,7011,1332,101,322,6330,13622,607,132,125,4284,566,145,1304,514,485,154,13,114,6,36,7,27,175,457,362,5307,6,34,63,40,46,14,2,67,99,647,32,379,35,190,6,15,231,1,1,3,0,0,0,16,11,4,158,1,2,13,3,6,1,4,2,38,110,1,7,17,162,3,1,26,1,0,3,1,31,1,2,35,1,60,8,1,13,2,0,10,1,2,1,0,1,0,1
7467,6941,640,5297,2318,254,249,1021,104,746,62,286,607,67033,16032,1416,198,121,83,905,675,910,158,9,110,34,31,150,4548,25683,256,896,1501,55,290,146,134,119,227,17,1641,915,11394,73,974,205,577,221,9745,4578,16,53,18,8,26,50,0,0,1,11,12,1,1,0,68,13,153,0,67,15,4,8,9,52,1,5,10,0,16,5,0,12,29,27,18,2,21,191,9,13,78,1,12,1,2,69,18,6,13,1
707,3950,62,5828,246,24,122,313,33,418,26,60,132,16032,15446,995,54,38,36,220,194,548,24,0,15,11,6,22,245,963,135,155,271,6,126,69,36,36,32,1,1022,598,7863,10,203,28,83,62,358,5834,10,16,4,5,9,17,1,0,0,3,3,0,3,0,10,6,35,0,16,1,1,2,2,10,0,1,1,0,5,1,0,5,5,4,2,0,7,42,0,1,12,0,0,1,1,13,3,1,1,0
641,927,105,6405,254,424,834,747,768,1440,390,184,125,1416,995,25233,200,349,2223,696,625,977,94,42,110,34,20,19,151,386,9164,164,257,29,2028,5497,318,200,348,6,664,289,9892,53,378,30,144,607,148,130,43,139,42,31,94,140,3,4,10,71,47,5,10,4,79,27,321,11,395,14,28,23,25,33,29,2,7,4,29,34,2,18,62,52,9,4,70,467,22,12,130,1,5,4,6,154,20,13,32,18
7,14,5,13,0,1,3,3132,1223,417,703,5667,4284,198,54,200,5291,3028,481,128,4671,489,155,11,31,2,2,0,30,128,2700,33,1146,1,26,86,137,14,19,0,93,117,628,12,48,27,70,3,5,120,1,1,0,0,0,0,2,9,9,74,2,2,2,3,1,0,6,4,53,3,2,4,20,10,2,0,1,0,1,3,0,0,1,0,1,0,22,17,1,0,2,0,0,1,0,0,0,0,0,0
3,9,1,21,1,0,5,5353,280,39,218,314,566,121,38,349,3028,2658,459,106,575,336,32,4,7,1,3,4,8,31,3832,17,275,1,22,42,87,8,11,0,29,22,708,9,61,7,17,2,6,43,0,2,0,0,1,0,0,7,16,73,2,3,2,4,2,0,4,5,41,1,5,3,21,4,1,0,1,0,0,2,0,5,3,0,0,0,15,25,0,1,3,0,2,0,0,2,0,0,2,0
16,18,3,67,6,7,18,1527,5427,432,564,348,145,83,36,2223,481,459,6336,987,740,639,92,1722,460,26,113,3,12,53,1406,54,199,5,167,2957,568,227,120,6,83,41,873,121,86,34,100,11,7,29,3,4,7,0,4,2,4,20,69,220,68,18,19,7,9,11,45,33,694,39,67,27,149,63,60,3,17,0,7,49,3,18,20,6,35,0,129,209,15,17,28,0,5,1,1,9,2,2,28,14
35,55,8,213,19,7,46,6569,5872,123,233,1075,1304,905,220,696,128,106,987,20734,94,1429,880,202,2532,145,487,37,47,268,309,1188,4968,70,170,499,89,2738,64,7,120,88,1184,889,3084,179,1023,38,64,200,2,3,12,0,0,6,69,16,7,537,5,15,71,23,36,26,22,5,116,684,11,143,88,2080,9,24,206,0,7,5,35,505,22,13,677,5,89,41,8,309,8,1,103,4,44,5,2,2,13,5
24,60,19,97,16,10,43,351,393,7610,1147,4421,514,675,194,625,4671,575,740,94,16377,590,286,51,34,9,16,17,80,761,1981,71,788,5,281,517,399,22,176,7,1137,1946,6576,37,48,79,209,34,22,2247,2,2,7,2,2,1,2,9,30,110,23,6,6,4,3,2,37,12,386,10,15,22,70,9,22,0,3,1,2,20,2,5,6,8,6,1,50,132,8,0,14,0,4,0,1,5,0,3,13,7
890,2370,914,1210,283,151,346,2442,2671,5920,4125,2248,485,910,548,977,489,336,639,1429,590,19316,4469,59,716,524,426,466,4543,541,262,562,807,455,542,518,242,458,248,176,9667,574,1508,1425,572,5510,976,160,99,285,4,9,5,11,6,16,4,5,11,68,19,3,3,4,17,12,84,2,172,35,8,27,25,146,16,15,54,5,7,22,18,33,19,20,51,13,50,157,8,40,58,25,79,5,28,20,3,3,12,3
15,26,13,26,6,8,7,270,482,923,1730,3707,154,158,24,94,155,32,92,880,286,4469,10494,74,1226,856,784,103,68,249,39,1129,2030,220,49,121,55,1083,81,68,269,260,150,2632,671,4907,6468,25,14,120,0,0,0,0,0,1,1,1,1,24,2,4,1,0,1,1,5,0,18,15,0,31,8,166,1,32,114,4,1,2,26,28,2,1,74,24,9,6,1,103,5,18,144,9,45,0,0,0,0,3
1,1,0,2,1,5,4,34,9366,39,16,33,13,9,0,42,11,4,1722,202,51,59,74,6827,1234,25,1410,11,7,10,8,47,64,27,587,5781,4051,115,5489,294,7,8,28,302,31,9,77,64,19,2,0,2,3,1,3,2,10,15,23,276,15,5,14,7,4,4,19,13,193,41,21,15,73,118,13,6,33,0,1,12,5,39,8,0,43,5,230,48,0,28,12,6,24,0,13,7,1,3,7,3
3,6,0,25,5,47,14,131,6845,58,65,343,114,110,15,110,31,7,460,2532,34,716,1226,1234,8591,172,7566,21,42,76,14,724,1701,108,373,918,271,1051,869,104,28,45,94,2502,501,158,1169,299,80,32,6,1,15,2,5,6,20,15,7,263,15,21,42,8,50,33,30,8,75,358,11,271,86,2548,7,106,567,1,7,6,117,499,35,14,922,32,81,39,12,770,19,10,498,20,147,7,8,4,16,4
3,7,5,12,2,7,9,30,81,56,31,29,6,34,11,34,2,1,26,145,9,524,856,25,172,9436,448,33,21,25,10,9840,69,4877,30,41,9,5086,50,133,35,7,43,7150,1746,583,4400,11,3,7,1,1,0,0,1,0,0,2,0,9,7,1,3,0,2,1,2,0,4,4,1,53,11,77,0,124,375,12,1,1,108,26,3,0,24,95,6,2,0,159,5,114,627,22,163,3,0,1,6,1
4,2,2,5,7,74,3,70,5609,60,35,63,36,31,6,20,2,3,113,487,16,426,784,1410,7566,448,19639,1085,44,25,3,652,215,791,252,372,2267,377,2457,12099,25,23,24,13958,294,320,1193,505,106,14,1,1,5,0,1,5,4,6,2,89,12,3,22,3,20,13,7,2,20,81,7,173,41,786,3,240,1024,25,4,5,252,168,9,2,270,173,52,14,9,573,23,259,1203,46,325,21,3,1,5,4
97,72,44,20,43,13,13,8,18,35,8,11,7,150,22,19,0,4,3,37,17,466,103,11,21,33,1085,67314,1459,423,4,85,24,10886,19,20,332,41,373,14988,547,28,57,669,94,14853,4605,40,17,12,0,1,0,0,0,0,0,0,0,0,1,0,0,0,0,1,4,0,5,0,0,2,0,5,0,3,29,89,1,0,9,0,1,0,1,93,1,8,0,1,1,467,50,50,40,2,0,4,0,0
904,715,443,253,692,187,90,65,31,220,22,47,27,4548,245,151,30,8,12,47,80,4543,68,7,42,21,44,1459,125780,13197,42,77,120,189,114,71,68,12,79,119,22753,207,673,70,51,2061,191,134,10637,163,0,5,3,5,2,4,0,0,1,2,6,0,0,0,3,2,42,2,50,0,3,4,5,1,1,0,2,0,2,6,0,2,8,4,3,1,5,49,5,1,17,3,4,0,1,12,0,1,4,2
1565,1283,789,680,1026,198,214,131,77,507,99,372,175,25683,963,386,128,31,53,268,761,541,249,10,76,25,25,423,13197,43105,111,401,890,83,264,219,139,77,142,44,12115,5038,3075,78,296,427,570,99,1462,2371,3,10,10,10,14,13,1,1,3,13,12,2,3,2,15,9,91,1,125,7,5,10,9,23,2,0,7,0,4,15,0,4,10,11,7,2,29,148,9,3,45,3,7,1,1,13,6,1,12,5
44,39,11,563,19,14,41,1569,208,199,130,290,457,256,135,9164,2700,3832,1406,309,1981,262,39,8,14,10,3,4,42,111,17456,65,387,3,391,992,99,71,111,1,107,55,11502,7,210,6,50,89,34,78,9,15,10,0,8,9,0,0,12,28,13,2,4,1,11,5,53,2,121,11,10,9,10,13,11,0,0,0,4,9,0,4,11,12,4,0,23,97,4,3,23,0,1,0,0,16,2,1,9,4
32,35,8,134,12,12,39,88,183,132,47,161,362,896,155,164,33,17,54,1188,71,562,1129,47,724,9840,652,85,77,401,65,51687,8019,4858,95,88,31,1952,57,142,125,196,353,2710,11198,534,22339,47,52,248,0,2,2,0,1,0,5,1,0,8,1,3,5,0,4,7,5,0,12,24,5,47,5,197,2,87,296,12,0,0,97,49,3,1,84,92,13,12,1,171,5,122,510,8,113,6,0,0,3,1
31,40,7,85,11,10,20,1550,1308,679,494,5779,5307,1501,271,257,1146,275,199,4968,788,807,2030,64,1701,69,215,24,120,890,387,8019,21209,42,100,164,77,1171,55,3,343,614,918,430,6630,115,4250,23,66,759,1,0,1,0,1,1,8,3,6,100,5,1,15,4,9,8,9,1,78,147,6,30,26,447,3,5,71,0,2,4,11,87,8,1,135,2,37,18,1,91,6,2,42,2,13,2,1,1,2,1
19,19,19,12,10,8,7,11,46,26,8,6,6,55,6,29,1,1,5,70,5,455,220,27,108,4877,791,10886,189,83,3,4858,42,28461,24,22,104,385,173,12044,128,12,46,7925,501,3692,23900,38,15,8,1,0,0,0,0,0,0,0,0,4,3,0,2,0,0,0,2,1,5,0,1,18,2,44,3,23,150,182,1,0,55,8,1,0,5,436,1,7,0,23,1,1463,422,109,154,5,0,2,3,0
99,168,49,361,83,799,1465,117,494,1153,65,77,34,290,126,2028,26,22,167,170,281,542,49,587,373,30,252,19,114,264,391,95,100,24,8126,2680,2035,108,8915,92,436,178,2388,122,104,24,99,4572,303,84,60,171,63,32,123,167,4,8,17,55,67,7,5,2,132,32,542,7,438,13,23,39,41,37,38,3,10,3,44,49,3,11,100,100,16,1,147,819,31,8,300,1,9,4,6,244,49,31,42,14
26,46,14,182,9,12,62,175,2239,1124,190,170,63,146,69,5497,86,42,2957,499,517,518,121,5781,918,41,372,20,71,219,992,88,164,22,2680,16417,2932,269,5647,81,319,155,2760,302,125,36,159,81,28,85,6,10,20,2,14,11,6,19,53,243,113,26,26,8,33,42,269,30,1259,37,83,55,153,104,96,2,25,4,20,114,9,37,74,54,26,4,287,659,45,27,142,0,21,5,5,31,12,17,67,36
36,106,44,137,29,83,150,270,5444,539,79,198,40,134,36,318,137,87,568,89,399,242,55,4051,271,9,2267,332,68,139,99,31,77,104,2035,2932,4685,33,10503,1858,208,143,719,324,28,21,73,855,90,65,1,8,2,1,2,6,0,5,9,104,16,4,6,8,7,4,27,4,189,4,16,11,29,39,10,5,11,2,6,11,5,6,6,5,13,5,379,125,12,10,25,21,12,3,2,10,2,3,16,7
12,8,3,56,8,7,13,271,518,73,33,130,46,119,36,200,14,8,227,2738,22,458,1083,115,1051,5086,377,41,12,77,71,1952,1171,385,108,269,33,21880,72,37,38,39,261,10633,7886,189,2010,44,19,27,0,0,2,0,2,1,3,4,4,35,8,3,5,5,15,5,6,1,24,41,10,129,24,527,6,89,260,1,0,3,105,139,7,1,222,34,18,12,1,355,10,16,303,12,118,7,5,0,4,3
52,110,34,122,76,561,338,34,798,402,40,49,14,227,32,348,19,11,120,64,176,248,81,5489,869,50,2457,373,79,142,111,57,55,173,8915,5647,10503,72,24140,2578,210,62,723,764,52,41,121,3647,266,27,21,51,20,15,28,35,2,1,14,40,59,6,3,3,51,19,241,4,456,5,18,29,42,37,26,7,25,4,19,41,7,7,40,38,15,8,146,395,11,15,111,26,37,3,10,64,22,9,35,8
10,9,4,4,6,43,5,3,117,12,4,7,2,17,1,6,0,0,6,7,7,176,68,294,104,133,12099,14988,119,44,1,142,3,12044,92,81,1858,37,2578,46514,59,5,15,12669,37,928,1179,303,65,4,2,1,0,1,0,0,0,1,0,3,4,2,4,1,0,0,0,0,3,1,0,32,4,40,1,24,230,693,6,0,50,12,4,0,6,1339,9,2,0,27,3,4570,879,349,303,3,1,1,1,1
1353,2881,1189,1328,465,170,386,134,70,13775,352,417,67,1641,1022,664,93,29,83,120,1137,9667,269,7,28,35,25,547,22753,12115,107,125,343,128,436,319,208,38,210,59,77701,10508,2418,105,95,868,305,141,123,1526,3,14,8,13,4,16,0,2,10,18,17,0,1,3,14,5,77,3,151,6,7,11,12,8,7,0,5,0,4,11,2,2,15,10,4,2,24,147,4,3,50,6,6,0,0,16,6,1,9,3
179,633,144,480,41,36,130,79,57,4801,225,518,99,915,598,289,117,22,41,88,1946,574,260,8,45,7,23,28,207,5038,55,196,614,12,178,155,143,39,62,5,10508,19809,3211,54,105,101,390,74,34,7631,3,5,3,2,3,5,1,0,2,7,4,2,0,0,3,2,31,0,103,3,5,6,8,13,4,2,2,0,5,4,0,2,3,8,0,0,16,56,2,7,12,0,2,1,2,8,3,1,5,2
356,471,79,2358,144,81,300,2264,384,3312,209,444,647,11394,7863,9892,628,708,873,1184,6576,1508,150,28,94,43,24,57,673,3075,11502,353,918,46,2388,2760,719,261,723,15,2418,3211,61415,69,807,100,270,498,500,11797,16,43,24,10,25,48,5,2,10,47,80,1,7,6,77,20,350,3,640,9,21,35,30,49,33,1,5,0,34,64,0,16,79,60,25,0,122,588,28,18,166,0,7,5,2,57,7,11,43,14
15,13,10,23,6,44,6,53,507,180,100,103,32,73,10,53,12,9,121,889,37,1425,2632,302,2502,7150,13958,669,70,78,7,2710,430,7925,122,302,324,10633,764,12669,105,54,69,46014,1649,1645,5980,240,53,30,0,0,0,0,4,2,1,4,4,32,17,4,8,1,10,11,4,1,21,26,11,211,38,491,5,319,1114,113,4,3,357,133,11,4,164,581,18,14,2,505,29,1237,2199,123,525,12,0,3,13,3
50,58,8,194,13,8,38,463,392,61,45,257,379,974,203,378,48,61,86,3084,48,572,671,31,501,1746,294,94,51,296,210,11198,6630,501,104,125,28,7886,52,37,95,105,807,1649,12632,175,2751,34,49,185,3,3,3,1,1,2,8,4,5,74,3,6,12,3,15,9,10,1,34,98,3,70,29,680,4,65,163,1,3,2,57,142,12,0,239,7,12,18,4,285,13,9,204,2,77,2,3,0,4,5
86,84,59,33,59,11,9,109,138,352,223,197,35,205,28,30,27,7,34,179,79,5510,4907,9,158,583,320,14853,2061,427,6,534,115,3692,24,36,21,189,41,928,868,101,100,1645,175,17733,8839,20,14,42,0,0,0,1,1,1,0,0,0,1,0,0,0,0,2,0,1,0,12,6,0,3,2,23,0,8,37,11,0,0,16,6,0,3,9,46,2,7,0,14,6,96,102,15,24,1,1,0,1,0
33,34,23,72,21,11,28,120,300,541,170,348,190,577,83,144,70,17,100,1023,209,976,6468,77,1169,4400,1193,4605,191,570,50,22339,4250,23900,99,159,73,2010,121,1179,305,390,270,5980,2751,8839,44452,73,52,263,0,0,1,1,1,1,3,2,2,12,2,1,6,0,2,1,8,0,21,15,3,55,11,169,1,77,269,36,0,2,83,48,3,0,75,169,16,10,2,163,12,405,554,32,151,1,1,0,0,2
119,327,145,634,501,3938,1613,29,133,279,9,5,6,221,62,607,3,2,11,38,34,160,25,64,299,11,505,40,134,99,89,47,23,38,4572,81,855,44,3647,303,141,74,498,240,34,20,73,8566,1393,30,71,381,60,132,339,506,2,0,6,3,8,0,3,1,49,8,172,1,17,2,1,7,4,17,2,1,6,0,9,1,0,5,16,8,6,5,7,138,2,11,34,4,13,2,4,600,21,1,9,1
1374,326,146,257,3232,1376,196,64,35,81,5,10,15,9745,358,148,5,6,7,64,22,99,14,19,80,3,106,17,10637,1462,34,52,66,15,303,28,90,19,266,65,123,34,500,53,49,14,52,1393,14481,59,3,13,1,10,6,11,0,0,1,0,2,0,1,0,5,1,24,0,5,1,1,3,5,7,0,1,1,0,4,1,0,0,5,4,3,0,6,33,0,1,19,0,1,0,1,15,1,1,1,1
59,124,31,180,26,11,59,145,47,4103,91,339,231,4578,5834,130,120,43,29,200,2247,285,120,2,32,7,14,12,163,2371,78,248,759,8,84,85,65,27,27,4,1526,7631,11797,30,185,42,263,30,59,15046,1,0,2,0,2,0,0,0,3,3,2,1,1,1,1,3,18,0,45,3,0,4,3,15,4,0,3,0,1,1,0,2,6,2,3,0,10,33,2,2,12,0,5,0,0,4,0,0,0,3
14,77,227,62,35,33,81,0,5,2,0,0,1,16,10,43,1,0,3,2,2,4,0,0,6,1,1,0,0,3,9,0,1,1,60,6,1,0,21,2,3,3,16,0,3,0,0,71,3,1,34271,14071,3217,12611,10844,2281,10,12,24,31,147,10,10,6,7853,268,714,8,56,62,12,273,10,25,6,11,6,99,1561,13,24,48,1335,105,80,34,29,189,35,25,76,7,29,95,31,415,8335,314,286,40
69,276,891,354,55,153,392,3,6,19,0,0,1,53,16,139,1,2,4,3,2,9,0,2,1,1,1,1,5,10,15,2,0,0,171,10,8,0,51,1,14,5,43,0,3,0,0,381,13,0,14071,60811,11602,14560,4653,8632,3,9,12,23,560,41,5,1,12841,246,692,2,59,24,22,1214,5,13,27,9,7,164,1359,8,13,30,2248,93,54,53,44,237,41,14,40,17,23,158,30,511,1119,946,1201,98
9,65,29,67,6,13,66,8,29,8,1,2,3,18,4,42,0,0,7,12,7,5,0,3,15,0,5,0,3,10,10,2,1,0,63,20,2,2,20,0,8,3,24,0,3,0,1,60,1,2,3217,11602,23740,287,318,2020,46,111,163,203,492,57,43,51,22892,4861,6153,42,470,363,52,365,4,123,54,28,11,38,674,110,55,176,1308,1989,344,31,76,399,109,133,52,6,70,42,53,133,1578,288,886,124
77,79,1470,143,509,1908,588,0,0,1,0,0,0,8,5,31,0,0,0,0,2,11,0,1,2,0,0,0,5,10,0,0,0,0,32,2,1,0,15,1,13,2,10,0,1,1,1,132,10,0,12611,14560,287,36777,17870,21924,0,2,2,6,54,6,0,0,260,21,255,2,15,5,2,163,0,4,2,0,1,35,479,1,0,4,521,7,5,10,5,109,5,4,15,4,6,41,8,572,336,138,90,7
34,164,153,199,41,414,406,1,12,9,1,1,0,26,9,94,0,1,4,0,2,6,0,3,5,1,1,0,2,14,8,1,1,0,123,14,2,2,28,0,4,3,25,4,1,1,1,339,6,2,10844,4653,318,17870,39620,11264,1,5,7,20,134,7,7,1,916,48,1515,2,48,20,17,89,52,77,19,6,36,14,243,9,16,30,269,38,20,14,101,1695,33,36,417,15,51,14,15,4899,4696,73,168,61
82,336,526,743,106,889,1660,3,18,16,2,0,0,50,17,140,0,0,2,6,1,16,1,2,6,0,5,0,4,13,9,0,1,0,167,11,6,1,35,0,16,5,48,2,2,1,1,506,11,0,2281,8632,2020,21924,11264,16342,7,9,17,44,296,17,10,9,1355,173,1755,5,61,70,21,209,10,40,14,8,9,18,230,11,17,49,518,54,41,7,51,937,42,42,61,0,29,23,19,967,242,184,492,68
0,0,0,1,0,0,1,86,386,0,2,1,16,0,1,3,2,0,4,69,2,4,1,10,20,0,4,0,0,1,0,5,8,0,4,6,0,3,2,0,0,1,5,1,8,0,3,2,0,0,10,3,46,0,1,7,3559,5146,481,1085,20,102,395,4443,170,168,279,490,606,3465,32,167,51,297,52,4,48,1,10,383,33,3121,43,134,391,4,126,13,52,21,2,1,11,11,39,2,9,8,9,7
0,0,0,0,1,0,1,48,297,6,3,7,11,0,0,4,9,7,20,16,9,5,1,15,15,2,6,0,0,1,0,1,3,0,8,19,5,4,1,1,2,0,2,4,4,0,2,0,0,0,12,9,111,2,5,9,5146,17714,2880,4368,119,1032,940,3601,173,180,342,5969,1250,3361,158,1432,41,179,55,26,59,15,15,333,59,1247,45,174,653,38,137,25,32,147,7,4,86,69,136,8,18,8,28,17
0,0,0,0,0,0,0,16,80,22,4,18,4,1,0,10,9,16,69,7,30,11,1,23,7,0,2,0,1,3,12,0,6,0,17,53,9,4,14,0,10,2,10,4,5,0,2,6,1,3,24,12,163,2,7,17,481,2880,4143,3147,424,982,660,970,204,248,677,4088,4482,502,448,1135,63,47,196,6,21,4,19,1686,23,545,54,277,373,13,110,59,44,21,6,4,31,32,63,2,44,10,55,21
1,6,1,3,1,0,7,776,5105,65,31,81,158,11,3,71,74,73,220,537,110,68,24,276,263,9,89,0,2,13,28,8,100,4,55,243,104,35,40,3,18,7,47,32,74,1,12,3,0,3,31,23,203,6,20,44,1085,4368,3147,53812,301,1029,2009,2175,164,175,479,962,7093,5191,620,1761,9837,6791,112,51,1094,21,25,142,108,2571,78,118,370,59,6283,408,30,347,28,22,305,107,255,28,36,19,98,37
5,4,2,9,4,1,8,9,20,37,5,9,1,12,3,47,2,2,68,5,23,19,2,15,15,7,12,1,6,12,13,1,5,3,67,113,16,8,59,4,17,4,80,17,3,0,2,8,2,2,147,560,492,54,134,296,20,119,424,301,29660,5082,1747,93,530,583,1737,128,3186,121,5487,3530,164,104,620,19,114,81,208,300,69,228,928,408,86,97,362,898,662,40,226,32,237,291,241,158,85,11391,15852,2586
0,0,0,1,0,0,0,6,44,7,1,5,2,1,0,5,2,3,18,15,6,3,4,5,21,1,3,0,0,2,2,3,1,0,7,26,4,3,6,2,0,2,1,4,6,0,1,0,0,1,10,41,57,6,7,17,102,1032,982,1029,5082,7810,7436,287,76,90,205,286,1374,327,3868,6730,122,205,367,9,47,10,25,188,14,402,129,57,68,21,82,107,70,34,24,19,84,214,120,9,11,47,342,276
0,1,0,2,0,0,1,46,151,4,3,2,13,1,3,10,2,2,19,71,6,3,1,14,42,3,22,0,0,3,4,5,15,2,5,26,6,5,3,4,1,0,7,8,12,0,6,3,1,1,10,5,43,0,7,10,395,940,660,2009,1747,7436,20341,9736,154,292,340,2373,1054,707,7911,8106,134,994,1134,13,187,28,39,1370,43,7410,151,207,151,29,123,73,292,65,14,8,109,394,311,8,14,33,280,320
0,0,0,0,0,0,1,24,163,2,2,0,3,0,0,4,3,4,7,23,4,4,0,7,8,0,3,0,0,2,1,0,4,0,2,8,8,5,3,1,3,0,6,1,3,0,0,1,0,1,6,1,51,0,1,9,4443,3601,970,2175,93,287,9736,14297,208,259,438,3229,981,597,1415,445,59,199,274,6,29,4,5,1061,13,4933,83,233,85,9,107,24,143,18,5,2,24,28,61,2,10,2,48,45
21,86,36,76,21,23,75,3,58,17,1,4,6,68,10,79,1,2,9,36,3,17,1,4,50,2,20,0,3,15,11,4,9,0,132,33,7,15,51,0,14,3,77,10,15,2,2,49,5,1,7853,12841,22892,260,916,1355,170,173,204,164,530,76,154,208,69215,19328,2873,130,380,885,175,695,24,249,481,220,53,114,4432,318,549,1316,18562,2215,2818,153,132,538,3311,360,143,16,193,125,453,248,13024,434,1587,765
6,14,3,19,3,2,10,6,30,11,1,0,1,13,6,27,0,0,11,26,2,12,1,4,33,1,13,1,2,9,5,7,8,0,32,42,4,5,19,0,5,2,20,11,9,0,1,8,1,3,268,246,4861,21,48,173,168,180,248,175,583,90,292,259,19328,33742,3167,206,541,520,384,594,19,334,1200,127,57,72,1264,808,494,1403,8196,7215,1750,142,62,213,13201,140,53,30,142,133,585,59,685,340,3572,7079
68,227,68,225,32,37,208,21,80,104,7,9,4,153,35,321,6,4,45,22,37,84,5,19,30,2,7,4,42,91,53,5,9,2,542,269,27,6,241,0,77,31,350,4,10,1,8,172,24,18,714,692,6153,255,1515,1755,279,342,677,479,1737,205,340,438,2873,3167,27307,622,7752,746,563,835,71,246,999,38,33,25,552,4607,85,741,1577,6745,862,31,501,4231,883,153,540,7,86,65,138,1678,590,418,1551,623
0,0,0,0,0,0,0,12,78,6,1,10,2,0,0,11,4,5,33,5,12,2,0,13,8,0,2,0,2,1,2,0,1,1,7,30,4,1,4,0,3,0,3,1,1,0,0,1,0,0,8,2,42,2,2,5,490,5969,4088,962,128,286,2373,3229,130,206,622,10240,2285,213,3888,375,87,30,1045,3,8,5,6,5376,11,775,36,278,113,4,98,35,149,11,4,0,12,20,42,1,13,6,35,27
13,22,8,33,8,5,23,133,471,392,67,143,38,67,16,395,53,41,694,116,386,172,18,193,75,4,20,5,50,125,121,12,78,5,438,1259,189,24,456,3,151,103,640,21,34,12,21,17,5,45,56,59,470,15,48,61,606,1250,4482,7093,3186,1374,1054,981,380,541,7752,2285,18343,1576,2029,1812,4442,1271,1466,34,222,20,175,3809,108,1236,648,747,843,48,2708,5140,377,157,696,17,194,69,181,116,73,226,1135,541
0,0,1,9,0,0,2,290,1293,4,9,23,110,15,1,14,3,1,39,684,10,35,15,41,358,4,81,0,0,7,11,24,147,0,13,37,4,41,5,1,6,3,9,26,98,6,15,2,1,3,62,24,363,5,20,70,3465,3361,502,5191,121,327,707,597,885,520,746,213,1576,21819,99,904,100,5390,54,133,332,15,65,366,255,5966,215,401,4002,83,190,93,73,4175,12,8,493,63,321,7,93,15,85,26
0,0,0,0,0,0,2,8,43,23,1,3,1,4,1,28,2,5,67,11,15,8,0,21,11,1,7,0,3,5,10,5,6,1,23,83,16,10,18,0,7,5,21,11,3,0,3,1,1,0,12,22,52,2,17,21,32,158,448,620,5487,3868,7911,1415,175,384,563,3888,2029,99,17053,1508,206,87,7270,11,48,30,75,2209,66,555,479,255,50,53,293,375,454,17,64,22,124,219,279,30,19,104,1378,2704
2,13,9,6,3,2,11,15,132,15,2,7,7,8,2,23,4,3,27,143,22,27,31,15,271,53,173,2,4,10,9,47,30,18,39,55,11,129,29,32,11,6,35,211,70,3,55,7,3,4,273,1214,365,163,89,209,167,1432,1135,1761,3530,6730,8106,445,695,594,835,375,1812,904,1508,45175,261,2772,533,153,1237,880,1605,366,320,7119,1208,283,781,734,231,380,284,634,201,276,1933,9529,7225,119,82,2551,1701,483
1,1,1,4,2,0,2,86,554,52,14,51,17,9,2,25,20,21,149,88,70,25,8,73,86,11,41,0,5,9,10,5,26,2,41,153,29,24,42,4,12,8,30,38,29,2,11,4,5,3,10,5,4,0,52,10,51,41,63,9837,164,122,134,59,24,19,71,87,4442,100,206,261,10909,2735,75,68,888,9,11,48,136,291,46,6,85,63,5407,3048,20,73,1127,137,407,39,188,152,24,6,70,26
6,5,1,8,1,0,11,297,2018,19,8,83,162,52,10,33,10,4,63,2080,9,146,166,118,2548,77,786,5,1,23,13,197,447,44,37,104,39,527,37,40,8,13,49,491,680,23,169,17,7,15,25,13,123,4,77,40,297,179,47,6791,104,205,994,199,249,334,246,30,1271,5390,87,2772,2735,17030,55,476,10195,40,27,70,1049,6708,209,90,1619,429,1116,585,88,2638,673,343,4521,271,1530,214,45,13,131,60
1,1,0,3,1,0,1,7,13,20,3,10,3,1,0,29,2,1,60,9,22,16,1,13,7,0,3,0,1,2,11,2,3,3,38,96,10,6,26,1,7,4,33,5,4,0,1,2,0,4,6,27,54,2,19,14,52,55,196,112,620,367,1134,274,481,1200,999,1045,1466,54,7270,533,75,55,8150,15,25,16,84,4197,65,587,577,959,134,30,242,309,4656,15,62,10,39,110,226,41,31,53,945,2421
0,1,0,0,0,0,0,2,14,3,3,0,1,5,1,2,0,0,3,24,0,15,32,6,106,124,240,3,0,0,0,87,5,23,3,2,5,89,7,24,0,2,1,319,65,8,77,1,1,0,11,9,28,0,6,8,4,26,6,51,19,9,13,6,220,127,38,3,34,133,11,153,68,476,15,12946,693,14,43,14,7351,467,131,25,3441,5296,53,28,26,5962,75,63,8937,66,955,31,41,8,30,16
1,1,0,3,0,1,0,41,396,11,6,7,26,10,1,7,1,1,17,206,3,54,114,33,567,375,1024,29,2,7,0,296,71,150,10,25,11,260,25,230,5,2,5,1114,163,37,269,6,1,3,6,7,11,1,36,9,48,59,21,1094,114,47,187,29,53,57,33,8,222,332,48,1237,888,10195,25,693,19152,1630,17,10,1170,1300,55,14,392,883,1396,294,21,665,1232,8055,8880,344,1732,246,30,11,62,37
0,0,2,1,0,0,0,0,0,0,0,0,1,0,0,4,0,0,0,0,1,5,4,0,1,12,25,89,0,0,0,12,0,182,3,4,2,1,4,693,0,0,0,113,1,11,36,0,0,0,99,164,38,35,14,18,1,15,4,21,81,10,28,4,114,72,25,5,20,15,30,880,9,40,16,14,1630,49554,3196,5,41,37,1084,22,25,14042,233,25,27,26,58,16519,471,17550,1133,20,23,892,170,38
7,17,23,16,3,6,9,1,3,8,0,2,0,16,5,29,1,0,7,7,2,7,1,1,7,1,4,1,2,4,4,0,2,1,44,20,6,0,19,6,4,5,34,4,3,0,0,9,4,1,1561,1359,674,479,243,230,10,15,19,25,208,25,39,5,4432,1264,552,6,175,65,75,1605,11,27,84,43,17,3196,189025,44,94,138,32161,273,269,279,51,217,347,27,61,116,63,1349,189,79,15475,15252,1254,232
0,2,1,4,3,0,7,10,25,35,3,4,3,5,1,34,3,2,49,5,20,22,2,12,6,1,5,0,6,15,9,0,4,0,49,114,11,3,41,0,11,4,64,3,2,0,2,1,1,1,13,8,110,1,9,11,383,333,1686,142,300,188,1370,1061,318,808,4607,5376,3809,366,2209,366,48,70,4197,14,10,5,44,12885,69,1176,179,1760,593,13,162,149,839,31,43,2,21,28,163,29,20,37,231,237
1,0,0,1,0,1,0,3,26,4,1,2,1,0,0,2,0,0,3,35,2,18,26,5,117,108,252,9,0,0,0,97,11,55,3,9,5,105,7,50,2,0,0,357,57,16,83,0,0,0,24,13,55,0,16,17,33,59,23,108,69,14,43,13,549,494,85,11,108,255,66,320,136,1049,65,7351,1170,41,94,69,17176,4439,414,79,5288,7112,68,56,125,2131,130,180,5451,241,9005,33,96,17,174,98
1,2,0,4,1,1,3,159,699,7,5,15,31,12,5,18,0,5,18,505,5,33,28,39,499,26,168,0,2,4,4,49,87,8,11,37,6,139,7,12,2,2,16,133,142,6,48,5,0,2,48,30,176,4,30,49,3121,1247,545,2571,228,402,7410,4933,1316,1403,741,775,1236,5966,555,7119,291,6708,587,467,1300,37,138,1176,4439,32295,672,627,19786,303,187,168,621,1333,115,50,1387,342,6820,57,136,30,333,260
6,21,21,20,8,5,16,4,29,26,1,5,1,29,5,62,1,3,20,22,6,19,2,8,35,3,9,1,8,10,11,3,8,1,100,74,6,7,40,4,15,3,79,11,12,0,3,16,5,6,1335,2248,1308,521,269,518,43,45,54,78,928,129,151,83,18562,8196,1577,36,648,215,479,1208,46,209,577,131,55,1084,32161,179,414,672,68911,1009,1061,324,209,609,2247,115,169,92,187,876,518,137,1472,8841,16213,2739
6,31,6,17,8,0,12,4,16,19,2,0,2,27,4,52,0,0,6,13,8,20,1,0,14,0,2,0,4,11,12,1,1,0,100,54,5,1,38,0,10,8,60,4,0,3,0,8,4,2,105,93,1989,7,38,54,134,174,277,118,408,57,207,233,2215,7215,6745,278,747,401,255,283,6,90,959,25,14,22,273,1760,79,627,1009,6566,643,17,88,275,3035,66,82,3,32,35,117,92,235,143,648,506
2,0,1,3,1,2,2,55,432,8,3,23,35,18,2,9,1,0,35,677,6,51,74,43,922,24,270,1,3,7,4,84,135,5,16,26,13,222,15,6,4,0,25,164,239,9,75,6,3,3,80,54,344,5,20,41,391,653,373,370,86,68,151,85,2818,1750,862,113,843,4002,50,781,85,1619,134,3441,392,25,269,593,5288,19786,1061,643,22411,592,46,61,438,7247,48,39,1879,109,2218,23,256,54,261,113
1,1,0,0,0,0,0,1,9,0,0,1,1,2,0,4,0,0,0,5,1,13,24,5,32,95,173,93,1,2,0,92,2,436,1,4,5,34,8,1339,2,0,0,581,7,46,169,5,0,0,34,53,31,10,14,7,4,38,13,59,97,21,29,9,153,142,31,4,48,83,53,734,63,429,30,5296,883,14042,279,13,7112,303,324,17,592,49142,53,37,31,1189,73,5408,12801,13609,8959,30,21,131,143,65
7,12,5,15,3,4,10,141,2104,86,20,22,60,21,7,70,22,15,129,89,50,50,9,230,81,6,52,1,5,29,23,13,37,1,147,287,379,18,146,9,24,16,122,18,12,2,16,7,6,10,29,44,76,5,101,51,126,137,110,6283,362,82,123,107,132,62,501,98,2708,190,293,231,5407,1116,242,53,1396,233,51,162,68,187,209,88,46,53,5458,5380,107,77,6479,636,444,38,131,472,55,57,225,135
59,153,44,190,47,29,155,52,137,233,24,28,8,191,42,467,17,25,209,41,132,157,6,48,39,2,14,8,49,148,97,12,18,7,819,659,125,12,395,2,147,56,588,14,18,7,10,138,33,33,189,237,399,109,1695,937,13,25,59,408,898,107,73,24,538,213,4231,35,5140,93,375,380,3048,585,309,28,294,25,217,149,56,168,609,275,61,37,5380,21750,177,44,9464,71,202,39,91,6293,291,150,649,251
0,0,5,7,2,0,2,2,8,8,1,1,1,9,0,22,1,0,15,8,8,8,1,0,12,0,9,0,5,9,4,1,1,0,31,45,12,1,11,0,4,2,28,2,4,0,2,2,0,2,35,41,109,5,33,42,52,32,44,30,662,70,292,143,3311,13201,883,149,377,73,454,284,20,88,4656,26,21,27,347,839,125,621,2247,3035,438,31,107,177,14883,25,60,5,42,65,226,50,129,122,3447,9050
1,4,1,6,0,2,6,22,190,13,1,10,13,13,1,12,0,1,17,309,0,40,103,28,770,159,573,1,1,3,3,171,91,23,8,27,10,355,15,27,3,7,18,505,285,14,163,11,1,2,25,14,133,4,36,42,21,147,21,347,40,34,65,18,360,140,153,11,157,4175,17,634,73,2638,15,5962,665,26,27,31,2131,1333,115,66,7247,1189,77,44,25,29186,101,58,16558,84,1231,61,56,14,38,14
24,47,17,61,19,2,55,7,20,62,5,4,2,78,12,130,2,3,28,8,14,58,5,12,19,5,23,1,17,45,23,5,6,1,300,142,25,10,111,3,50,12,166,29,13,6,12,34,19,12,76,40,52,15,417,61,2,7,6,28,226,24,14,5,143,53,540,4,696,12,64,201,1127,673,62,75,1232,58,61,43,130,115,169,82,48,73,6479,9464,60,101,14335,426,661,36,173,6733,170,57,182,56
0,0,1,1,0,0,0,0,4,1,0,2,0,1,0,1,0,0,0,1,0,25,18,6,10,114,259,467,3,3,0,122,2,1463,1,0,21,16,26,4570,6,0,0,1237,9,96,405,4,0,0,7,17,6,4,15,0,1,4,4,22,32,19,8,2,16,30,7,0,17,8,22,276,137,343,10,63,8055,16519,116,2,180,50,92,3,39,5408,636,71,5,58,426,42323,8241,1669,1153,89,7,58,51,21
1,2,0,3,1,2,4,6,94,8,8,9,10,12,0,5,0,2,5,103,4,79,144,24,498,627,1203,50,4,7,1,510,42,422,9,21,12,303,37,879,6,2,7,2199,204,102,554,13,1,5,29,23,70,6,51,29,11,86,31,305,237,84,109,24,193,142,86,12,194,493,124,1933,407,4521,39,8937,8880,471,63,21,5451,1387,187,32,1879,12801,444,202,42,16558,661,8241,48009,1527,6776,209,61,32,166,69
0,0,1,0,1,0,1,1,9,1,1,0,1,1,1,4,1,0,1,4,0,5,9,0,20,22,46,50,0,1,0,8,2,109,4,5,3,12,3,349,0,1,5,123,2,15,32,2,0,0,95,158,42,41,14,23,11,69,32,107,291,214,394,28,125,133,65,20,69,63,219,9529,39,271,110,66,344,17550,1349,28,241,342,876,35,109,13609,38,39,65,84,36,1669,1527,21959,14567,18,13,939,315,128
0,0,1,3,0,1,0,10,39,2,2,2,2,2,1,6,0,0,1,44,1,28,45,13,147,163,325,40,1,1,0,113,13,154,6,5,2,118,10,303,0,2,2,525,77,24,151,4,1,0,31,30,53,8,15,19,39,136,63,255,241,120,311,61,453,585,138,42,181,321,279,7225,188,1530,226,955,1732,1133,189,163,9005,6820,518,117,2218,8959,131,91,226,1231,173,1153,6776,14567,33246,62,55,80,340,222
55,326,153,432,35,183,553,4,9,27,3,1,1,69,13,154,0,2,9,5,5,20,0,7,7,3,21,2,12,13,16,6,2,5,244,31,10,7,64,3,16,8,57,12,2,1,1,600,15,4,415,511,133,572,4899,967,2,8,2,28,158,9,8,2,248,59,1678,1,116,7,30,119,152,214,41,31,246,20,79,29,33,57,137,92,23,30,472,6293,50,61,6733,89,209,18,62,10622,584,58,143,50
6,20,16,22,11,9,27,1,7,4,1,0,0,18,3,20,0,0,2,2,0,3,0,1,8,0,3,0,0,6,2,0,1,0,49,12,2,5,22,1,6,3,7,0,3,1,1,21,1,0,8335,1119,1578,336,4696,242,9,18,44,36,85,11,14,10,13024,685,590,13,73,93,19,82,24,45,31,41,30,23,15475,20,96,136,1472,235,256,21,55,291,129,56,170,7,61,13,55,584,39422,79,167,52
0,3,4,4,2,0,2,0,3,1,3,0,1,6,1,13,0,0,2,2,3,3,0,3,4,1,1,4,1,1,1,0,1,2,31,17,3,0,9,1,1,1,11,3,0,0,0,1,1,0,314,946,288,138,73,184,8,8,10,19,11391,47,33,2,434,340,418,6,226,15,104,2551,6,13,53,8,11,892,15252,37,17,30,8841,143,54,131,57,150,122,14,57,58,32,939,80,58,79,48657,7077,195
2,10,6,19,5,1,12,3,17,18,2,2,0,13,1,32,0,2,28,13,13,12,0,7,16,6,5,0,4,12,9,3,2,3,42,67,16,4,35,1,9,5,43,13,4,1,0,9,1,0,286,1201,886,90,168,492,9,28,55,98,15852,342,280,48,1587,3572,1551,35,1135,85,1378,1701,70,131,945,30,62,170,1254,231,174,333,16213,648,261,143,225,649,3447,38,182,51,166,315,340,143,167,7077,29243,8610
3,3,3,3,2,0,2,1,5,8,0,2,1,1,0,18,0,0,14,5,7,3,3,3,4,1,4,0,2,5,4,1,1,0,14,36,7,3,8,1,3,2,14,3,5,0,2,1,1,3,40,98,124,7,61,68,7,17,21,37,2586,276,320,45,765,7079,623,27,541,26,2704,483,26,60,2421,16,37,38,232,237,98,260,2739,506,113,65,135,251,9050,14,56,21,69,128,222,50,52,195,8610,6244
