19714,2904,9107,510,13541,3603,245,3,3,45,19,0,1,24897,426,113,0,1,3,1,0,66,0,1,0,0,0,5,167,162,14,0,0,0,11,2,6,0,4,0,24,121,0,0,0,0,0,28,226,2,0,0,0,47,0,0,0,0,0,0,0,0,0,0,0,0,0,1,0,0,0,0,0,0,0,0,0,0,0,0,0,0,0,0,0,0,2,1,0,0,1,0,0,0,0,0,0,0,0,0
2904,13063,4832,11650,405,1271,1555,0,3,393,42,0,0,3669,1784,253,0,0,4,1,0,337,0,2,0,0,0,2,153,194,12,1,1,0,50,2,11,1,18,0,46,383,0,0,0,1,0,90,36,5,0,0,0,8,0,0,0,0,0,0,0,0,0,0,0,0,0,0,0,0,0,0,0,0,0,0,0,0,0,0,0,0,0,0,0,0,1,2,0,0,0,0,0,0,0,1,0,0,0,0
9107,4832,24656,3666,3909,4668,7067,1,1,110,12,0,0,123,64,30,0,0,2,0,1,78,0,0,0,0,0,1,25,21,3,0,0,0,58,4,5,0,54,0,10,69,0,0,0,0,0,54,5,2,16,1502,0,1359,4,1,0,0,0,0,1,0,0,0,6,0,0,0,0,0,0,0,0,0,0,0,0,0,1,0,0,0,0,0,0,0,2,0,0,0,0,0,0,0,0,1,0,0,0,0
510,11650,3666,32366,246,2595,17363,10,2,1806,372,2,1,1303,6079,7847,0,3,28,3,5,466,1,10,2,1,1,6,180,200,515,0,0,0,746,85,82,2,276,0,72,370,495,0,2,1,0,250,56,21,0,0,0,19,2,1,0,0,0,0,0,0,0,0,1,0,1,0,1,0,0,0,0,0,0,0,0,0,0,0,0,0,0,0,0,0,14,17,0,0,16,0,0,0,0,3,0,0,0,0
13541,405,3909,246,27157,17124,279,2,2,30,23,0,1,14911,485,45,0,0,4,1,1,45,0,1,0,2,0,1,221,311,11,0,0,1,20,2,18,1,42,1,29,74,1,1,0,2,0,376,1435,8,0,0,0,226,0,0,0,0,0,0,0,0,0,0,0,0,0,0,0,0,0,0,0,0,0,0,1,0,0,0,0,0,0,0,0,0,4,2,0,0,2,0,0,0,0,1,0,0,0,0
3603,1271,4668,2595,17124,21024,12939,0,0,92,19,0,0,1312,215,180,0,1,4,0,0,55,1,4,0,0,2,4,73,78,13,0,0,1,360,48,27,0,1232,1,19,49,7,0,0,0,0,3690,2019,4,9,1,0,1886,6,2,0,0,0,0,0,0,0,0,2,0,0,0,0,0,0,0,0,0,0,0,0,0,0,0,0,0,0,0,0,0,9,11,0,0,12,0,0,0,0,5,1,0,0,0
245,1555,7067,17363,279,12939,35634,3,6,293,139,0,1,116,115,5473,0,2,14,0,3,176,0,5,0,1,1,1,35,34,616,0,1,0,6770,246,55,1,1201,0,19,74,211,1,0,0,1,657,6,8,0,3,0,470,6,341,0,0,0,0,0,0,0,0,0,0,2,0,0,0,0,0,0,0,0,0,0,0,0,0,0,0,0,0,0,0,10,6,0,0,15,0,0,0,0,2,0,0,0,0
3,0,1,10,2,0,3,33857,3726,140,2024,349,4904,48,20,2679,708,16879,1696,14453,371,932,420,188,62,540,28,61,42,150,2601,590,3607,79,11,25,584,1026,29,23,7,326,690,171,868,85,173,19,5,769,0,0,0,0,0,0,1,4,6,9,2,2,1,0,1,0,1,6,6,8,1,1,7,8,0,0,11,0,0,0,1,2,0,0,11,1,30,6,0,4,3,1,12,0,0,1,0,0,1,0
3,3,1,2,2,0,6,3726,68477,61,706,232,367,13,6,243,141,234,4358,5133,69,261,219,12155,11560,125,6813,40,25,21,46,134,192,92,37,1553,3252,142,595,728,5,13,6,1400,33,58,161,23,2,15,0,0,0,0,3,2,4,4,5,9,3,1,1,0,0,0,2,7,7,36,1,1,15,48,0,10,77,0,0,1,2,21,1,0,44,1,58,4,0,34,12,1,34,1,4,4,0,0,1,0
45,393,110,1806,30,92,293,140,61,48189,2927,638,871,247,690,720,288,338,151,24,3956,2965,99,29,9,541,12,26,214,435,1008,1038,952,92,81,71,196,163,82,9,21808,29010,1321,165,92,26,301,22,48,3816,0,0,1,2,1,1,0,0,1,1,1,1,0,0,1,1,2,1,0,1,0,0,0,2,0,1,5,0,0,0,1,0,0,0,0,1,47,8,0,9,14,3,4,0,0,2,1,0,0,0
19,42,12,372,23,19,139,2024,706,2927,6874,10713,2629,148,87,1556,2209,388,1380,779,989,3689,2300,240,66,156,48,86,69,121,3243,329,1046,86,135,349,677,156,393,24,46,356,91,228,32,106,369,40,27,95,0,0,1,1,6,9,0,1,2,2,2,0,0,0,1,0,3,4,8,3,0,0,4,1,0,1,4,1,0,1,0,0,0,0,3,0,128,18,0,5,50,1,12,0,0,1,0,0,4,0
0,0,0,2,0,0,0,349,232,638,10713,27619,27415,2,2,62,7715,406,177,357,3878,1457,4819,46,39,75,32,63,4,1,144,129,11296,49,4,11,98,71,30,25,1,4,0,190,9,89,250,0,0,0,0,0,0,0,0,0,0,0,1,1,0,0,0,0,0,0,0,1,1,0,0,0,0,1,0,1,6,0,0,0,0,0,0,0,0,1,6,0,0,1,2,0,3,0,0,0,0,0,0,0
1,0,0,1,1,0,1,4904,367,871,2629,27415,20961,11,5,74,15170,4475,75,1565,1168,536,2481,44,92,350,29,60,12,122,183,1308,29971,40,0,7,57,118,4,18,5,311,84,169,74,82,192,0,2,285,0,0,0,0,0,0,0,0,0,1,0,0,0,0,0,0,0,0,0,3,0,0,0,4,0,1,2,0,0,0,0,2,0,0,2,0,1,1,0,5,0,0,9,0,0,0,0,0,0,0
24897,3669,123,1303,14911,1312,116,48,13,247,148,2,11,59215,18989,226,1,17,66,7,7,389,5,7,1,66,4,32,4232,30227,150,57,21,8,29,14,147,37,34,3,317,682,25,4,19,4,13,46,10241,2381,0,0,1,1,3,2,0,0,1,1,1,0,0,0,0,0,1,1,1,0,0,1,0,1,0,0,0,0,1,0,0,0,0,0,0,0,66,8,0,0,24,0,2,0,0,0,0,0,0,0
426,1784,64,6079,485,215,115,20,6,690,87,2,5,18989,17099,380,0,11,23,3,10,284,0,8,3,25,2,9,784,1801,2798,25,4,1,91,20,71,29,170,1,125,777,3706,4,10,4,1,93,368,2748,0,0,0,0,1,0,0,0,0,0,3,0,0,0,1,0,1,0,0,0,0,0,0,0,0,0,0,0,0,0,0,0,0,0,0,0,19,11,0,0,11,0,0,0,0,0,0,0,0,0
113,253,30,7847,45,180,5473,2679,243,720,1556,62,74,226,380,28140,55,2775,17095,687,281,273,55,199,78,165,61,6,78,91,8596,91,79,64,4440,5608,1259,496,2348,4,28,154,2950,225,38,2,47,2054,15,153,1,1,4,14,70,59,0,0,0,4,5,2,0,0,10,3,18,1,2,9,1,5,1,5,0,1,10,0,4,1,0,3,6,1,5,1,314,343,0,7,726,1,6,0,0,123,1,1,8,0
0,0,0,0,0,0,0,708,141,288,2209,7715,15170,1,0,55,10113,1104,175,34,8092,193,342,31,9,33,6,10,2,6,658,55,318,14,1,10,88,15,11,7,1,9,3,43,4,15,58,1,0,2,0,0,0,0,0,0,0,1,0,1,1,0,0,0,0,0,0,1,0,1,0,0,0,0,0,1,2,0,0,0,0,0,0,0,0,0,3,0,0,1,1,1,4,0,0,0,0,0,0,0
1,0,0,3,0,1,2,16879,234,338,388,406,4475,17,11,2775,1104,1977,2278,43,1858,66,54,94,2,146,10,4,14,88,3111,157,142,15,14,31,237,65,28,4,7,220,1099,28,37,2,38,5,3,389,0,0,0,0,0,0,0,1,4,0,1,0,0,0,0,0,1,2,0,0,0,0,3,0,0,0,1,0,0,0,0,0,0,0,0,0,25,0,0,1,0,0,2,0,0,1,0,0,2,0
3,4,2,28,4,4,14,1696,4358,151,1380,177,75,66,23,17095,175,2278,18022,591,225,201,57,3211,398,88,272,6,33,61,1245,51,74,34,153,3776,1706,179,1327,4,10,91,59,347,13,1,36,69,6,72,0,0,0,2,6,9,2,3,8,5,1,2,0,1,3,2,4,3,4,3,1,2,7,19,0,2,14,0,0,4,0,1,3,0,6,0,241,35,0,4,81,0,11,0,1,3,1,0,5,0
1,1,0,3,1,0,0,14453,5133,24,779,357,1565,7,3,687,34,43,591,20523,24,646,775,143,12304,407,360,93,18,11,74,482,3631,113,2,20,229,10066,18,25,1,13,17,4383,2847,87,247,3,2,18,0,0,0,0,1,0,7,0,1,16,2,0,4,2,1,0,2,3,0,180,0,7,9,218,0,5,178,0,0,2,0,94,1,0,176,1,14,3,1,43,1,2,59,0,2,1,0,0,0,0
0,0,1,5,1,0,3,371,69,3956,989,3878,1168,7,10,281,8092,1858,225,24,16670,67,159,41,1,115,13,10,11,42,5148,205,436,17,5,55,95,74,49,4,2,421,5591,50,24,8,87,0,2,3857,1,0,0,0,1,0,0,0,0,0,2,0,0,0,0,0,0,1,0,1,0,0,0,1,0,1,1,0,0,0,1,0,1,0,0,0,15,0,0,0,2,0,3,0,0,0,0,0,0,0
66,337,78,466,45,55,176,932,261,2965,3689,1457,536,389,284,273,193,66,201,646,67,23304,5815,46,131,241,99,2969,4135,729,214,450,406,1467,78,58,327,243,83,617,28073,2153,11,926,42,5633,883,23,152,59,0,0,0,1,1,1,1,1,2,2,4,1,0,0,2,0,4,1,4,4,0,9,3,9,0,10,13,4,0,0,5,5,0,0,8,13,82,12,0,14,33,35,68,4,5,4,0,0,1,0
0,0,0,1,0,1,0,420,219,99,2300,4819,2481,5,0,55,342,54,57,775,159,5815,16472,35,295,1029,518,1038,43,11,43,1404,7899,995,1,10,31,1074,32,526,4,7,6,4779,152,4760,5022,2,1,15,0,0,0,0,0,0,0,0,0,3,0,1,0,0,0,0,3,1,1,13,0,11,6,23,0,58,77,6,0,0,17,7,0,0,22,24,1,0,0,58,0,38,236,3,12,0,0,0,1,0
1,2,0,10,1,4,5,188,12155,29,240,46,44,7,8,199,31,94,3211,143,41,46,35,7662,504,25,1450,7,10,11,25,19,23,24,159,3381,5428,35,13460,126,3,18,5,298,4,4,18,141,1,5,0,0,0,0,2,1,0,1,1,1,2,1,1,0,1,0,0,3,3,3,0,1,5,3,0,1,4,0,1,1,0,1,0,0,4,0,72,15,0,3,21,0,4,0,0,1,0,0,0,0
0,0,0,2,0,0,0,62,11560,9,66,39,92,1,3,78,9,2,398,12304,1,131,295,504,22129,105,12755,21,4,4,2,190,1188,38,4,22,147,443,18,23,1,4,1,4025,386,14,58,2,0,4,0,0,0,0,1,1,7,0,0,31,1,1,9,3,0,0,2,3,5,302,0,16,19,551,0,11,312,1,0,4,1,148,1,1,438,2,3,3,1,217,2,2,235,1,6,0,0,0,3,0
0,0,0,1,2,0,1,540,125,541,156,75,350,66,25,165,33,146,88,407,115,241,1029,25,105,27476,563,161,61,219,220,26643,932,5148,3,18,35,6579,53,426,7,216,116,15629,1588,188,2332,4,2,361,0,0,0,0,0,0,0,2,0,5,1,1,0,0,1,0,0,1,1,6,1,18,6,54,0,199,230,19,0,1,34,14,1,0,42,37,1,1,1,174,1,84,634,5,33,0,0,0,0,1
0,0,0,1,0,2,1,28,6813,12,48,32,29,4,2,61,6,10,272,360,13,99,518,1450,12755,563,21448,61,7,7,12,481,426,264,7,63,1114,737,462,6500,0,7,4,12566,356,61,397,25,0,6,0,0,0,0,0,1,1,0,0,9,1,0,4,0,1,0,0,2,1,18,0,28,13,139,0,87,216,1,0,1,20,35,0,0,106,14,4,4,0,209,6,10,326,0,13,1,0,0,2,0
5,2,1,6,1,4,1,61,40,26,86,63,60,32,9,6,10,4,6,93,10,2969,1038,7,21,161,61,53394,223,45,10,240,95,8394,1,1,34,85,35,17047,84,44,4,574,11,18877,1846,4,3,8,0,0,0,0,0,0,0,0,0,0,0,0,0,0,0,0,1,0,0,2,0,4,0,2,0,8,12,590,0,0,13,0,0,0,1,366,3,1,0,3,0,225,61,103,22,0,0,0,0,0
167,153,25,180,221,73,35,42,25,214,69,4,12,4232,784,78,2,14,33,18,11,4135,43,10,4,61,7,223,72456,14387,95,63,23,55,16,16,88,43,24,22,27488,1342,22,25,15,177,30,14,6208,212,0,0,0,0,0,0,0,0,1,0,1,0,0,0,0,0,1,0,2,0,0,0,2,1,0,0,1,0,0,0,0,0,0,0,0,1,47,0,0,0,9,2,2,0,1,1,0,0,1,0
162,194,21,200,311,78,34,150,21,435,121,1,122,30227,1801,91,6,88,61,11,42,729,11,11,4,219,7,45,14387,55082,252,212,68,26,10,30,124,111,52,5,9438,16864,197,18,51,8,39,6,3276,2719,0,0,0,1,4,0,0,0,0,1,0,0,0,0,0,0,3,1,1,0,0,0,0,2,0,2,2,0,0,1,0,1,1,0,0,1,57,7,0,3,6,3,2,0,0,1,0,0,1,0
14,12,3,515,11,13,616,2601,46,1008,3243,144,183,150,2798,8596,658,3111,1245,74,5148,214,43,25,2,220,12,10,95,252,21028,162,82,70,237,204,226,419,140,2,26,632,21026,69,117,3,39,82,14,1606,2,1,1,2,7,11,0,0,0,1,1,0,0,0,0,0,6,0,1,2,0,1,2,1,0,1,1,0,0,0,2,1,0,0,3,1,52,61,0,1,96,0,7,0,0,23,0,0,4,0
0,1,0,0,0,0,0,590,134,1038,329,129,1308,57,25,91,55,157,51,482,205,450,1404,19,190,26643,481,240,63,212,162,45699,6071,5705,2,9,31,2592,40,1183,10,239,56,5081,6284,482,24527,1,3,246,0,0,0,0,0,0,0,0,0,2,1,0,1,0,0,0,0,2,0,9,0,21,2,30,0,126,148,9,0,1,53,11,0,0,30,84,1,0,0,97,1,171,620,6,47,0,0,0,0,0
0,1,0,0,0,0,1,3607,192,952,1046,11296,29971,21,4,79,318,142,74,3631,436,406,7899,23,1188,932,426,95,23,68,82,6071,28283,97,2,13,17,2057,8,28,2,74,20,3169,2068,123,8757,1,2,96,0,0,0,0,0,0,0,0,0,10,0,3,3,0,0,0,1,0,1,78,0,9,9,171,0,17,103,0,0,1,2,45,1,1,146,3,2,0,1,117,0,1,118,1,3,0,0,0,3,0
0,0,0,0,1,1,0,79,92,92,86,49,40,8,1,64,14,15,34,113,17,1467,995,24,38,5148,264,8394,55,26,70,5705,97,38731,0,4,44,570,82,9475,12,25,21,8213,15,2267,19069,5,1,44,0,0,0,0,0,0,1,1,0,0,2,6,1,1,1,0,0,2,0,0,3,45,3,17,1,94,147,66,1,1,167,1,0,0,1,657,1,0,0,27,1,807,921,98,174,0,0,0,0,1
11,50,58,746,20,360,6770,11,37,81,135,4,0,29,91,4440,1,14,153,2,5,78,1,159,4,3,7,1,16,10,237,2,2,0,7243,4335,408,9,11619,1,2,17,16,12,1,0,3,4050,8,8,0,0,1,7,12,17,0,0,1,0,4,1,0,0,1,1,4,1,1,0,0,0,0,0,0,0,0,0,0,0,0,0,1,0,0,0,73,84,0,0,130,0,0,0,0,27,0,0,2,0
2,2,4,85,2,48,246,25,1553,71,349,11,7,14,20,5608,10,31,3776,20,55,58,10,3381,22,18,63,1,16,30,204,9,13,4,4335,8267,993,24,6295,3,9,53,15,85,1,1,4,722,4,25,0,1,0,4,14,12,0,0,0,1,6,0,0,0,2,0,2,0,5,0,0,1,0,0,0,2,2,0,2,1,0,0,0,0,2,0,192,120,0,2,201,0,1,0,0,28,0,0,5,0
6,11,5,82,18,27,55,584,3252,196,677,98,57,147,71,1259,88,237,1706,229,95,327,31,5428,147,35,1114,34,88,124,226,31,17,44,408,993,3193,18,6078,600,38,180,39,123,2,8,31,823,29,142,0,0,0,1,12,5,0,0,0,2,0,0,0,0,1,0,0,1,0,0,0,0,0,2,0,0,2,0,0,0,0,0,0,0,1,0,16,35,0,2,28,0,1,0,1,61,3,0,1,0
0,1,0,2,1,0,1,1026,142,163,156,71,118,37,29,496,15,65,179,10066,74,243,1074,35,443,6579,737,85,43,111,419,2592,2057,570,9,24,18,25671,29,48,6,119,182,20401,6878,64,431,4,3,388,0,0,0,1,0,0,3,0,0,23,4,2,8,1,1,2,2,10,2,121,1,59,37,489,0,92,431,1,0,14,23,123,0,0,410,16,6,4,1,654,1,5,619,2,33,0,0,0,3,0
4,18,54,276,42,1232,1201,29,595,82,393,30,4,34,170,2348,11,28,1327,18,49,83,32,13460,18,53,462,35,24,52,140,40,8,82,11619,6295,6078,29,28316,647,16,69,28,256,0,8,38,12322,58,63,1,1,7,9,85,33,0,0,2,1,5,0,0,0,2,0,10,1,9,0,0,3,1,1,0,0,1,0,0,0,0,0,2,0,0,2,247,326,0,0,1076,1,2,0,0,201,1,0,4,0
0,0,0,0,1,1,0,23,728,9,24,25,18,3,1,4,7,4,4,25,4,617,526,126,23,426,6500,17047,22,5,2,1183,28,9475,1,3,600,48,647,36498,6,7,1,7775,5,1607,3262,22,1,3,0,0,0,0,0,0,1,0,0,1,1,3,3,0,0,0,0,2,0,5,2,54,5,35,0,171,315,280,2,0,270,3,0,0,2,955,0,3,1,12,2,1578,1455,161,323,1,0,0,4,0
24,46,10,72,29,19,19,7,5,21808,46,1,5,317,125,28,1,7,10,1,2,28073,4,3,1,7,0,84,27488,9438,26,10,2,12,2,9,38,6,16,6,55620,11377,6,3,2,23,11,6,108,54,0,0,0,0,1,1,0,0,0,2,0,0,0,0,0,0,1,0,0,0,0,0,0,0,0,0,0,0,0,0,0,0,0,0,0,0,24,5,0,0,3,0,0,0,0,0,0,0,1,0
121,383,69,370,74,49,74,326,13,29010,356,4,311,682,777,154,9,220,91,13,421,2153,7,18,4,216,7,44,1342,16864,632,239,74,25,17,53,180,119,69,7,11377,22176,826,25,64,10,28,10,89,9365,0,0,2,0,2,3,0,0,1,0,1,0,0,0,0,0,1,0,0,0,0,0,0,0,0,2,0,0,0,0,1,0,1,0,1,0,65,16,0,1,24,0,3,0,0,1,0,0,2,0
0,0,0,495,1,7,211,690,6,1321,91,0,84,25,3706,2950,3,1099,59,17,5591,11,6,5,1,116,4,4,22,197,21026,56,20,21,16,15,39,182,28,1,6,826,20032,14,58,0,9,14,1,12146,0,0,0,0,0,0,0,0,0,0,1,0,0,0,0,0,1,0,0,0,0,0,0,1,0,0,1,0,0,0,0,0,0,0,0,0,13,0,0,3,3,0,1,0,0,0,0,0,1,0
0,0,0,0,1,0,1,171,1400,165,228,190,169,4,4,225,43,28,347,4383,50,926,4779,298,4025,15629,12566,574,25,18,69,5081,3169,8213,12,85,123,20401,256,7775,3,25,14,65470,632,749,4327,11,1,32,0,0,1,0,0,0,4,1,1,24,0,0,4,1,0,2,4,9,4,85,2,93,30,497,0,441,810,16,3,4,74,112,1,0,346,100,4,1,2,716,3,272,1762,7,106,0,0,0,9,3
0,0,0,2,0,0,0,868,33,92,32,9,74,19,10,38,4,37,13,2847,24,42,152,4,386,1588,356,11,15,51,117,6284,2068,15,1,1,2,6878,0,5,2,64,58,632,12117,8,39,0,2,157,0,0,0,0,0,0,0,1,0,13,1,1,2,2,0,1,0,3,0,98,0,16,12,260,0,11,114,0,0,4,1,64,0,0,202,1,0,0,0,166,0,0,236,1,3,0,0,0,2,0
0,1,0,1,2,0,0,85,58,26,106,89,82,4,4,2,15,2,1,87,8,5633,4760,4,14,188,61,18877,177,8,3,482,123,2267,0,1,8,64,8,1607,23,10,0,749,8,18824,13891,2,1,1,0,0,0,0,0,0,0,0,0,0,0,1,0,0,0,0,0,0,0,0,0,2,0,2,0,8,12,5,0,0,17,0,0,0,1,31,1,1,0,1,0,53,64,6,15,0,0,0,0,0
0,0,0,0,0,0,1,173,161,301,369,250,192,13,1,47,58,38,36,247,87,883,5022,18,58,2332,397,1846,30,39,39,24527,8757,19069,3,4,31,431,38,3262,11,28,9,4327,39,13891,56754,0,1,43,0,0,0,0,0,0,0,0,0,0,0,0,0,1,0,0,0,3,0,1,2,19,1,21,0,81,76,17,0,2,64,7,0,0,6,209,1,0,0,42,0,228,430,19,65,0,0,1,0,0
28,90,54,250,376,3690,657,19,23,22,40,0,0,46,93,2054,1,5,69,3,0,23,2,141,2,4,25,4,14,6,82,1,1,5,4050,722,823,4,12322,22,6,10,14,11,0,2,0,5408,493,8,0,1,2,9,49,28,0,0,0,0,3,0,0,0,2,0,2,0,4,0,0,1,0,0,0,0,0,0,0,0,0,0,1,1,0,0,62,254,1,0,269,0,0,0,0,147,1,0,2,0
226,36,5,56,1435,2019,6,5,2,48,27,0,2,10241,368,15,0,3,6,2,2,152,1,1,0,2,0,3,6208,3276,14,3,2,1,8,4,29,3,58,1,108,89,1,1,2,1,1,493,19916,36,0,0,0,0,0,0,0,0,0,0,0,0,0,0,0,0,0,0,0,0,0,0,0,0,0,0,1,0,0,0,0,0,0,0,0,0,6,6,0,1,2,0,0,0,0,0,0,0,0,0
2,5,2,21,8,4,8,769,15,3816,95,0,285,2381,2748,153,2,389,72,18,3857,59,15,5,4,361,6,8,212,2719,1606,246,96,44,8,25,142,388,63,3,54,9365,12146,32,157,1,43,8,36,19160,0,0,0,0,0,1,0,0,1,1,1,0,0,0,1,0,0,0,0,1,0,1,0,4,0,0,2,0,0,0,0,0,1,0,1,0,43,6,0,2,8,0,3,0,1,1,0,0,1,0
0,0,16,0,0,9,0,0,0,0,0,0,0,0,0,1,0,0,0,0,1,0,0,0,0,0,0,0,0,0,2,0,0,0,0,0,0,0,1,0,0,0,0,0,0,0,0,0,0,0,51565,16791,1269,19787,20082,584,1,4,0,9,74,9,0,0,22638,217,375,4,37,6,6,94,15,0,0,13,0,12,1269,59,3,5,833,4,5,3,15,299,9,6,43,0,1,5,1,104,9698,84,750,32
0,0,1502,0,0,1,3,0,0,0,0,0,0,0,0,1,0,0,0,0,0,0,0,0,0,0,0,0,0,0,1,0,0,0,0,1,0,0,1,0,0,0,0,0,0,0,0,1,0,0,16791,62312,5812,25877,2863,4844,0,1,1,11,68,5,0,1,10942,70,241,3,18,3,3,63,4,2,0,1,0,3,376,18,0,1,275,8,1,1,3,316,1,2,21,0,0,1,0,55,440,39,346,2
0,0,0,0,0,0,0,0,0,1,1,0,0,1,0,4,0,0,0,0,0,0,0,0,0,0,0,0,0,0,1,0,0,0,1,0,0,0,7,0,0,2,0,1,0,0,0,2,0,0,1269,5812,21693,656,820,7779,2,5,5,26,160,16,0,0,15570,688,6332,4,135,30,2,72,30,14,0,6,1,2,445,108,1,1,383,263,5,1,14,1753,3,5,98,0,5,4,0,128,366,46,437,11
47,8,1359,19,226,1886,470,0,0,2,1,0,0,1,0,14,0,0,2,0,0,1,0,0,0,0,0,0,0,1,2,0,0,0,7,4,1,1,9,0,0,0,0,0,0,0,0,9,0,0,19787,25877,656,48653,12349,11000,1,0,2,7,662,78,2,1,1600,51,94,5,27,5,6,254,11,2,3,5,0,5,254,16,3,1,249,2,2,2,26,983,13,7,371,0,1,2,1,478,218,62,569,16
0,0,4,2,0,6,6,0,3,1,6,0,0,3,1,70,0,0,6,1,1,1,0,2,1,0,0,0,0,4,7,0,0,0,12,14,12,0,85,0,1,2,0,0,0,0,0,49,0,0,20082,2863,820,12349,23614,2314,0,0,1,17,192,18,0,0,2138,97,405,9,83,13,9,91,46,8,5,8,2,2,215,22,1,2,163,5,4,0,87,4346,8,3,5203,0,9,4,0,4029,3156,27,224,14
0,0,1,1,0,2,341,0,2,1,9,0,0,2,0,59,0,0,9,0,0,1,0,1,1,0,1,0,0,0,11,0,0,0,17,12,5,0,33,0,1,3,0,0,0,0,0,28,0,1,584,4844,7779,11000,2314,28488,5,3,4,55,616,69,3,1,1309,194,4744,8,152,34,13,139,46,7,7,10,3,1,314,91,3,2,326,97,11,4,50,9155,24,8,1369,1,3,1,0,235,225,34,553,14
0,0,0,0,0,0,0,1,4,0,0,0,0,0,0,0,0,0,2,7,0,1,0,0,7,0,1,0,0,0,0,0,0,1,0,0,0,3,0,1,0,0,0,4,0,0,0,0,0,0,1,0,2,1,0,5,1994,3476,595,867,107,378,553,3697,16,29,85,2955,63,5756,268,311,104,95,14,31,76,2,0,147,32,6618,17,8,248,5,102,9,28,34,5,0,46,10,32,1,2,0,46,28
0,0,0,0,0,0,0,4,4,0,1,0,0,0,0,0,1,1,3,0,0,1,0,1,0,2,0,0,0,0,0,0,0,1,0,0,0,0,0,0,0,0,0,1,1,0,0,0,0,0,4,1,5,0,0,3,3476,27574,15839,3326,330,1064,227,1153,48,90,600,17197,399,8516,479,622,418,32,262,32,18,11,12,1996,14,776,52,37,314,6,335,24,30,51,17,1,26,14,31,1,4,2,105,37
0,0,0,0,0,0,0,6,5,1,2,1,0,1,0,0,0,4,8,1,0,2,0,1,0,0,0,0,1,0,0,0,0,0,1,0,0,0,2,0,0,1,0,1,0,0,0,0,0,1,0,1,5,2,1,4,595,15839,12522,9097,262,453,54,61,22,26,2333,6668,3054,725,234,197,168,47,30,43,7,2,2,4557,13,314,9,72,248,2,554,47,32,51,122,0,15,1,15,4,4,0,51,21
0,0,0,0,0,0,0,9,9,1,2,1,1,1,0,4,1,0,5,16,0,2,3,1,31,5,9,0,0,1,1,2,10,0,0,1,2,23,1,1,2,0,0,24,13,0,0,0,0,1,9,11,26,7,17,55,867,3326,9097,46637,559,1528,580,394,78,66,734,1518,2953,10093,597,1339,15441,11175,52,104,2085,23,19,396,54,472,39,31,219,39,1906,366,82,428,487,19,817,29,134,1,24,5,145,65
0,0,1,0,0,0,0,2,3,1,2,0,0,1,3,5,1,1,1,2,2,4,0,2,1,1,1,0,1,0,1,1,0,2,4,6,0,4,5,1,0,1,1,0,1,0,0,3,0,1,74,68,160,662,192,616,107,330,262,559,46109,3427,2561,423,507,637,1485,1928,1005,153,5348,1873,605,46,392,164,24,24,182,1459,123,338,212,143,217,54,280,1018,3755,144,408,10,113,43,171,13,263,22510,52767,11166
0,0,0,0,0,0,0,2,1,1,0,0,0,0,0,2,0,0,2,0,0,1,1,1,1,1,0,0,0,0,0,0,3,6,1,0,0,2,0,3,0,0,0,0,1,1,0,0,0,0,9,5,16,78,18,69,378,1064,453,1528,3427,7205,6027,1220,40,30,337,4808,470,618,7426,8693,483,66,96,66,39,16,26,421,43,639,16,11,80,39,91,208,66,114,79,7,189,52,227,4,17,11,206,53
0,0,0,0,0,0,0,1,1,0,0,0,0,0,0,0,0,0,0,4,0,0,0,1,9,0,4,0,0,0,0,1,3,1,0,0,0,8,0,3,0,0,0,4,2,0,0,0,0,0,0,0,0,2,0,3,553,227,54,580,2561,6027,16469,15402,1,2,31,5770,49,891,4279,10991,154,241,33,77,68,25,3,116,46,7552,6,1,94,49,17,19,36,201,12,11,347,78,364,0,1,2,74,20
0,0,0,0,0,0,0,0,0,0,0,0,0,0,0,0,0,0,1,2,0,0,0,0,3,0,0,0,0,0,0,0,0,1,0,0,0,1,0,0,0,0,0,1,2,0,1,0,0,0,0,1,0,1,0,1,3697,1153,61,394,423,1220,15402,11279,2,3,13,17692,13,1080,1691,1518,43,112,45,25,56,14,4,62,15,9930,7,1,34,12,21,3,9,24,0,4,59,20,136,0,0,0,18,4
0,0,6,1,0,2,0,1,0,1,1,0,0,0,1,10,0,0,3,1,0,2,0,1,0,1,1,0,0,0,0,0,0,1,1,2,1,1,2,0,0,0,0,0,0,0,0,2,0,1,22638,10942,15570,1600,2138,1309,16,48,22,78,507,40,1,2,71803,11529,3664,64,237,62,14,371,73,15,7,98,3,17,4478,899,44,104,17337,327,142,23,46,1119,153,78,157,1,14,17,14,95,10069,302,4195,282
0,0,0,0,0,0,0,0,0,1,0,0,0,0,0,3,0,0,2,0,0,0,0,0,0,0,0,0,0,0,0,0,0,0,1,0,0,2,0,0,0,0,0,2,1,0,0,0,0,0,217,70,688,51,97,194,29,90,26,66,637,30,2,3,11529,24231,5386,320,161,61,434,67,66,11,34,145,8,4,139,5777,77,203,3366,6118,235,20,28,233,8431,83,56,0,17,2,37,52,94,30,3336,6039
0,0,0,1,0,0,2,1,2,2,3,0,0,1,1,18,0,1,4,2,0,4,3,0,2,0,0,1,1,3,6,0,1,0,4,2,0,2,10,0,1,1,1,4,0,0,0,2,0,0,375,241,6332,94,405,4744,85,600,2333,734,1485,337,31,13,3664,5386,34898,955,5938,920,120,313,315,81,40,131,17,8,663,10323,52,149,821,9098,261,31,208,9331,124,257,322,1,84,8,17,23,447,64,1192,122
1,0,0,0,0,0,0,6,7,1,4,1,0,1,0,1,1,2,3,3,1,1,1,3,3,1,2,0,0,1,0,2,0,2,1,0,1,10,1,2,0,0,0,9,3,0,3,0,0,0,4,3,4,5,9,8,2955,17197,6668,1518,1928,4808,5770,17692,64,320,955,10465,907,378,14302,2748,820,86,1081,467,53,62,6,3868,442,3108,69,136,1023,109,332,109,579,279,58,21,328,81,690,3,6,6,371,311
0,0,0,1,0,0,0,6,7,0,8,1,0,1,0,2,0,0,4,0,0,4,1,3,5,1,1,0,2,1,1,0,1,0,1,5,0,2,9,0,0,0,0,4,0,0,0,4,0,0,37,18,135,27,83,152,63,399,3054,2953,1005,470,49,13,237,161,5938,907,21725,841,234,255,3478,185,65,73,34,4,69,2034,14,113,105,174,120,8,492,6074,111,233,1169,3,113,3,20,21,49,12,399,113
0,0,0,0,0,0,0,8,36,1,3,0,3,0,0,9,1,0,3,180,1,4,13,3,302,6,18,2,0,0,2,9,78,0,0,0,0,121,0,5,0,0,0,85,98,0,1,0,0,1,6,3,30,5,13,34,5756,8516,725,10093,153,618,891,1080,62,61,920,378,841,19313,97,1989,352,5709,11,379,1969,65,27,818,129,4485,40,37,4405,136,296,223,27,5930,40,25,1111,131,270,2,10,3,73,18
0,0,0,0,0,0,0,1,1,0,0,0,0,0,0,1,0,0,1,0,0,0,0,0,0,1,0,0,0,0,0,0,0,3,0,0,0,1,0,2,0,0,0,2,0,0,2,0,0,0,6,3,2,6,9,13,268,479,234,597,5348,7426,4279,1691,14,434,120,14302,234,97,20719,2281,573,25,4237,117,18,34,6,5870,139,388,13,43,85,54,92,121,4897,56,81,7,123,60,266,4,6,13,1132,10486
0,0,0,0,0,0,0,1,1,0,0,0,0,1,0,5,0,0,2,7,0,9,11,1,16,18,28,4,0,0,1,21,9,45,0,1,0,59,3,54,0,0,0,93,16,2,19,1,0,1,94,63,72,254,91,139,311,622,197,1339,1873,8693,10991,1518,371,67,313,2748,255,1989,2281,38093,374,767,78,1816,1147,1063,3588,295,953,4064,314,12,652,1706,87,213,91,2385,113,541,5629,6310,8364,3,251,3713,2459,104
0,0,0,0,0,0,0,7,15,0,4,0,0,0,0,1,0,3,7,9,0,3,6,5,19,6,13,0,2,0,2,2,9,3,0,0,0,37,1,5,0,0,0,30,12,0,1,0,0,0,15,4,30,11,46,46,104,418,168,15441,605,483,154,43,73,66,315,820,3478,352,573,374,4885,4335,121,133,916,133,29,218,53,207,31,9,132,40,12658,5345,167,266,6106,150,754,28,110,55,23,7,248,120
0,0,0,0,0,0,0,8,48,2,1,1,4,1,0,5,0,0,19,218,1,9,23,3,551,54,139,2,1,2,1,30,171,17,0,0,2,489,1,35,0,0,1,497,260,2,21,0,0,4,0,2,14,2,8,7,95,32,47,11175,46,66,241,112,15,11,81,86,185,5709,25,767,4335,28167,4,166,18423,453,34,32,83,1351,5,2,556,116,238,140,7,528,100,957,3201,71,241,2,1,5,22,3
0,0,0,0,0,0,0,0,0,0,0,0,0,0,0,0,0,0,0,0,0,0,0,0,0,0,0,0,0,0,0,0,0,1,0,0,0,0,0,0,0,0,0,0,0,0,0,0,0,0,0,0,0,3,5,7,14,262,30,52,392,96,33,45,7,34,40,1081,65,11,4237,78,121,4,4257,65,5,4,5,8024,59,91,6,1924,61,14,24,55,5108,16,46,3,25,3,29,1,0,4,253,938
0,0,0,0,0,0,0,0,10,1,1,1,1,0,0,1,1,0,2,5,1,10,58,1,11,199,87,8,0,2,1,126,17,94,0,2,0,92,0,171,0,2,0,441,11,8,81,0,0,0,13,1,6,5,8,10,31,32,43,104,164,66,77,25,98,145,131,467,73,379,117,1816,133,166,65,39304,707,57,23,373,10248,1601,111,13,5377,4015,28,35,159,10002,23,98,8725,112,2402,0,4,8,442,168
0,0,0,0,1,0,0,11,77,5,4,6,2,0,0,10,2,1,14,178,1,13,77,4,312,230,216,12,1,2,1,148,103,147,0,2,2,431,1,315,0,0,1,810,114,12,76,0,1,2,0,0,1,0,2,3,76,18,7,2085,24,39,68,56,3,8,17,53,34,1969,18,1147,916,18423,5,707,20610,942,29,16,308,853,2,0,840,533,186,23,6,880,99,5582,14599,116,1006,2,2,7,17,5
0,0,0,0,0,0,0,0,0,0,1,0,0,0,0,0,0,0,0,0,0,4,6,0,1,19,1,590,0,0,0,9,0,66,0,0,0,1,0,280,0,0,0,16,0,5,17,0,0,0,12,3,2,5,2,1,2,11,2,23,24,16,25,14,17,4,8,62,4,65,34,1063,133,453,4,57,942,44133,1381,15,224,31,43,0,11,7769,139,9,10,41,50,27803,688,9614,513,0,32,345,96,11
0,0,1,0,0,0,0,0,0,0,0,0,0,1,0,4,0,0,0,0,0,0,0,1,0,0,0,0,0,0,0,0,0,1,0,2,0,0,0,2,0,0,0,3,0,0,0,0,0,0,1269,376,445,254,215,314,0,12,2,19,182,26,3,4,4478,139,663,6,69,27,6,3588,29,34,5,23,29,1381,100516,83,22,19,20628,32,32,120,27,295,6,22,48,59,42,790,19,11,12168,20057,2649,26
0,0,0,0,0,0,0,0,1,0,1,0,0,0,0,1,0,0,4,2,0,0,0,1,4,1,1,0,0,1,0,1,1,1,0,1,0,14,0,0,0,0,0,4,4,0,2,0,0,0,59,18,108,16,22,91,147,1996,4557,396,1459,421,116,62,899,5777,10323,3868,2034,818,5870,295,218,32,8024,373,16,15,83,12859,142,516,515,8642,770,86,109,412,2856,470,160,3,86,11,96,5,77,20,1172,960
0,0,0,0,0,0,0,1,2,1,0,0,0,0,0,0,0,0,0,0,1,5,17,0,1,34,20,13,0,0,2,53,2,167,0,0,0,23,0,270,0,1,0,74,1,17,64,0,0,0,3,0,1,3,1,3,32,14,13,54,123,43,46,15,44,77,52,442,14,129,139,953,53,83,59,10248,308,224,22,142,25812,1056,58,9,1361,9117,6,15,121,1068,5,368,2737,479,10676,0,6,16,275,139
0,0,0,0,0,0,0,2,21,0,0,0,2,0,0,3,0,0,1,94,0,5,7,1,148,14,35,0,0,1,1,11,45,1,0,0,0,123,0,3,0,0,0,112,64,0,7,0,0,0,5,1,1,1,2,2,6618,776,314,472,338,639,7552,9930,104,203,149,3108,113,4485,388,4064,207,1351,91,1601,853,31,19,516,1056,33858,118,19,12718,133,42,48,208,2648,14,22,2894,60,2905,0,6,9,557,277
0,0,0,0,0,0,0,0,1,0,0,0,0,0,0,6,0,0,3,1,1,0,0,0,1,1,0,0,0,1,0,0,1,0,1,0,0,0,2,0,0,1,0,1,0,0,0,1,0,1,833,275,383,249,163,326,17,52,9,39,212,16,6,7,17337,3366,821,69,105,40,13,314,31,5,6,111,2,43,20628,515,58,118,55505,72,201,20,19,340,58,91,48,7,16,33,20,11,3563,5103,32542,2132
0,0,0,0,0,0,0,0,0,0,0,0,0,0,0,1,0,0,0,0,0,0,0,0,1,0,0,0,0,0,0,0,1,0,0,0,0,0,0,0,0,0,0,0,0,0,0,1,0,0,4,8,263,2,5,97,8,37,72,31,143,11,1,1,327,6118,9098,136,174,37,43,12,9,2,1924,13,0,0,32,8642,9,19,72,11167,32,4,5,85,832,16,14,0,1,0,1,0,13,9,141,36
0,0,0,0,0,0,0,11,44,0,3,0,2,0,0,5,0,0,6,176,0,8,22,4,438,42,106,1,0,0,3,30,146,1,0,2,1,410,0,2,0,1,0,346,202,1,6,0,0,1,5,1,5,2,4,11,248,314,248,219,217,80,94,34,142,235,261,1023,120,4405,85,652,132,556,61,5377,840,11,32,770,1361,12718,201,32,28835,179,33,34,133,10478,5,7,803,37,276,0,5,11,698,226
0,0,0,0,0,0,0,1,1,1,0,1,0,0,0,1,0,0,0,1,0,13,24,0,2,37,14,366,1,1,1,84,3,657,0,0,0,16,2,955,0,0,0,100,1,31,209,0,0,0,3,1,1,2,0,4,5,6,2,39,54,39,49,12,23,20,31,109,8,136,54,1706,40,116,14,4015,533,7769,120,86,9117,133,20,4,179,37814,15,13,42,822,13,8188,5318,5415,4735,1,9,56,135,33
2,1,2,14,4,9,10,30,58,47,128,6,1,66,19,314,3,25,241,14,15,82,1,72,3,1,4,3,47,57,52,1,2,1,73,192,16,6,247,0,24,65,13,4,0,1,1,62,6,43,15,3,14,26,87,50,102,335,554,1906,280,91,17,21,46,28,208,332,492,296,92,87,12658,238,24,28,186,139,27,109,6,42,19,5,33,15,3767,860,52,18,8116,122,108,14,7,483,16,3,148,33
1,2,0,17,2,11,6,6,4,8,18,0,1,8,11,343,0,0,35,3,0,12,0,15,3,1,4,1,0,7,61,0,0,0,84,120,35,4,326,3,5,16,0,1,0,1,0,254,6,6,299,316,1753,983,4346,9155,9,24,47,366,1018,208,19,3,1119,233,9331,109,6074,223,121,213,5345,140,55,35,23,9,295,412,15,48,340,85,34,13,860,27340,112,83,16568,2,85,5,9,4614,308,53,775,78
0,0,0,0,0,0,0,0,0,0,0,0,0,0,0,0,0,0,0,1,0,0,0,0,1,1,0,0,0,0,0,0,1,0,0,0,0,1,0,1,0,0,0,2,0,0,0,1,0,0,9,1,3,13,8,24,28,30,32,82,3755,66,36,9,153,8431,124,579,111,27,4897,91,167,7,5108,159,6,10,6,2856,121,208,58,832,133,42,52,112,17984,53,90,1,52,8,75,1,6,21,1950,6924
0,0,0,0,0,0,0,4,34,9,5,1,5,0,0,7,1,1,4,43,0,14,58,3,217,174,209,3,0,3,1,97,117,27,0,2,2,654,0,12,0,1,3,716,166,1,42,0,1,2,6,2,5,7,3,8,34,51,51,428,144,114,201,24,78,83,257,279,233,5930,56,2385,266,528,16,10002,880,41,22,470,1068,2648,91,16,10478,822,18,83,53,32741,14,27,15801,81,1529,0,7,6,229,63
1,0,0,16,2,12,15,3,12,14,50,2,0,24,11,726,1,0,81,1,2,33,0,21,2,1,6,0,9,6,96,1,0,1,130,201,28,1,1076,2,3,24,3,3,0,0,0,269,2,8,43,21,98,371,5203,1369,5,17,122,487,408,79,12,0,157,56,322,58,1169,40,81,113,6106,100,46,23,99,50,48,160,5,14,48,14,5,13,8116,16568,90,14,18141,42,98,7,8,13174,111,10,310,58
0,0,0,0,0,0,0,1,1,3,1,0,0,0,0,1,1,0,0,2,0,35,38,0,2,84,10,225,2,3,0,171,1,807,0,0,0,5,1,1578,0,0,0,272,0,53,228,0,0,0,0,0,0,0,0,1,0,1,0,19,10,7,11,4,1,0,1,21,3,25,7,541,150,957,3,98,5582,27803,59,3,368,22,7,0,7,8188,122,2,1,27,42,34456,10648,1031,1451,0,1,22,9,0
0,0,0,0,0,0,0,12,34,4,12,3,9,2,0,6,4,2,11,59,3,68,236,4,235,634,326,61,2,2,7,620,118,921,0,1,1,619,2,1455,0,3,1,1762,236,64,430,0,0,3,1,0,5,1,9,3,46,26,15,817,113,189,347,59,14,17,84,328,113,1111,123,5629,754,3201,25,8725,14599,688,42,86,2737,2894,16,1,803,5318,108,85,52,15801,98,10648,45851,431,6109,3,2,10,101,42
0,0,0,0,0,0,0,0,1,0,0,0,0,0,0,0,0,0,0,0,0,4,3,0,1,5,0,103,0,0,0,6,1,98,0,0,0,2,0,161,0,0,0,7,1,6,19,0,0,0,5,1,4,2,4,1,10,14,1,29,43,52,78,20,17,2,8,81,3,131,60,6310,28,71,3,112,116,9614,790,11,479,60,33,0,37,5415,14,5,8,81,7,1031,431,16648,8112,0,18,262,65,11
0,0,0,0,0,0,0,0,4,0,0,0,0,0,0,0,0,0,1,2,0,5,12,0,6,33,13,22,1,0,0,47,3,174,0,0,1,33,0,323,0,0,0,106,3,15,65,0,0,1,1,0,0,1,0,0,32,31,15,134,171,227,364,136,14,37,17,690,20,270,266,8364,110,241,29,2402,1006,513,19,96,10676,2905,20,1,276,4735,7,9,75,1529,8,1451,6109,8112,16782,0,1,12,132,87
0,1,1,3,1,5,2,1,4,2,1,0,0,0,0,123,0,1,3,1,0,4,0,1,0,0,1,0,1,1,23,0,0,0,27,28,61,0,201,1,0,1,0,0,0,0,0,147,0,1,104,55,128,478,4029,235,1,1,4,1,13,4,0,0,95,52,23,3,21,2,4,3,55,2,1,0,2,0,11,5,0,0,11,0,0,1,483,4614,1,0,13174,0,3,0,0,6668,306,0,23,0
0,0,0,0,0,1,0,0,0,1,0,0,0,0,0,1,0,0,1,0,0,0,0,0,0,0,0,0,0,0,0,0,0,0,0,0,3,0,1,0,0,0,0,0,0,0,0,1,0,0,9698,440,366,218,3156,225,2,4,4,24,263,17,1,0,10069,94,447,6,49,10,6,251,23,1,0,4,2,32,12168,77,6,6,3563,13,5,9,16,308,6,7,111,1,2,18,1,306,33375,352,2132,53
0,0,0,0,0,0,0,0,0,0,0,0,0,0,0,1,0,0,0,0,0,0,0,0,0,0,0,0,0,0,0,0,0,0,0,0,0,0,0,0,0,0,0,0,0,0,1,0,0,0,84,39,46,62,27,34,0,2,0,5,22510,11,2,0,302,30,64,6,12,3,13,3713,7,5,4,8,7,345,20057,20,16,9,5103,9,11,56,3,53,21,6,10,22,10,262,12,0,352,50606,7035,53
0,0,0,0,0,0,0,1,1,0,4,0,0,0,0,8,0,2,5,0,0,1,1,0,3,0,2,0,1,1,4,0,3,0,2,5,1,3,4,4,1,2,1,9,2,0,0,2,0,1,750,346,437,569,224,553,46,105,51,145,52767,206,74,18,4195,3336,1192,371,399,73,1132,2459,248,22,253,442,17,96,2649,1172,275,557,32542,141,698,135,148,775,1950,229,310,9,101,65,132,23,2132,7035,35695,5523
0,0,0,0,0,0,0,0,0,0,0,0,0,0,0,0,0,0,0,0,0,0,0,0,0,1,0,0,0,0,0,0,0,1,0,0,0,0,0,0,0,0,0,3,0,0,0,0,0,0,32,2,11,16,14,14,28,37,21,65,11166,53,20,4,282,6039,122,311,113,18,10486,104,120,3,938,168,5,11,26,960,139,277,2132,36,226,33,33,78,6924,63,58,0,42,11,87,0,53,53,5523,7098
