12447,5690,9713,3054,11734,3632,1965,7,2,85,1,0,0,9490,702,167,0,5,3,7,2,946,1,1,1,5,0,12,897,406,4,17,7,11,53,9,16,5,91,3,662,110,77,6,18,1,2,86,2631,16,3,4,2,110,20,35,1,0,0,0,5,0,0,0,7,1,19,0,3,0,0,0,1,1,0,0,2,0,0,1,0,1,0,5,1,0,33,34,0,1,28,0,0,0,0,22,0,1,1,0
5690,34268,11001,16900,683,1258,2588,15,5,390,0,1,2,7632,4920,327,4,1,15,11,2,953,2,0,4,5,5,11,265,263,14,12,6,9,176,12,24,13,152,7,608,355,61,4,42,0,3,158,225,62,13,12,17,254,82,52,1,0,0,1,7,0,0,0,10,2,35,0,3,2,0,0,4,2,0,1,0,0,2,1,0,1,2,5,0,0,55,54,2,1,36,0,1,0,0,74,8,1,4,1
9713,11001,22736,6041,6178,4026,11422,5,1,159,1,0,1,711,96,70,1,1,6,1,2,874,1,1,4,0,0,3,291,241,1,3,4,1,69,7,11,3,70,2,525,185,24,2,8,0,0,85,134,11,10,95,7,2377,46,76,0,0,0,0,2,0,0,0,5,0,25,0,1,1,0,2,4,1,0,0,0,0,1,0,0,0,1,6,1,0,23,23,1,0,24,0,1,0,0,29,4,0,3,1
3054,16900,6041,42314,1652,3349,19263,71,17,1035,56,4,30,3574,14367,7256,13,29,17,190,19,888,16,3,31,62,14,77,294,364,368,110,63,90,419,56,95,190,205,25,793,499,697,81,316,3,15,604,413,100,32,59,51,488,349,268,6,2,2,4,8,1,2,1,17,10,54,3,14,8,1,2,6,15,0,2,7,0,2,2,0,4,4,8,8,0,76,104,3,10,88,2,11,0,1,623,12,1,2,0
11734,683,6178,1652,17088,23877,3924,8,1,28,2,0,2,1934,369,102,0,1,0,12,1,306,2,1,1,1,1,5,537,141,7,14,5,4,33,6,5,5,39,4,268,35,38,4,14,1,3,616,2923,7,5,3,2,654,33,54,0,0,0,0,0,0,0,0,2,1,12,0,0,1,0,0,1,0,0,0,0,0,0,1,0,0,1,3,0,0,11,18,0,0,10,1,0,0,0,24,2,0,3,1
3632,1258,4026,3349,23877,23313,18771,6,46,203,18,0,1,650,548,824,1,2,2,15,5,266,6,83,9,5,82,20,101,89,18,15,2,14,1190,45,128,17,1030,38,169,57,186,82,21,0,4,4536,2338,6,4,13,4,1949,162,477,0,2,2,2,9,0,0,0,5,0,33,0,4,3,1,2,4,3,0,1,6,1,1,1,0,2,0,8,1,0,26,44,1,4,30,6,3,0,0,167,4,1,3,1
1965,2588,11422,19263,3924,18771,20888,6,21,327,43,4,5,531,531,2037,2,0,9,36,26,357,5,30,12,9,12,9,123,136,59,12,8,9,2225,128,109,22,448,6,221,106,212,24,23,2,3,918,246,20,8,17,19,1398,208,587,1,2,2,4,11,0,0,1,10,3,39,3,4,2,0,1,4,1,2,0,1,0,0,0,0,1,2,8,2,0,67,71,1,2,57,0,1,0,0,341,6,3,3,1
7,15,5,71,8,6,6,43921,4532,178,3686,1336,6188,153,141,1109,4863,3948,2798,10681,1026,3000,299,298,130,57,50,38,19,30,1452,68,909,54,24,160,1033,111,93,14,31,40,1314,124,512,26,67,5,13,101,3,1,4,0,2,4,523,296,109,1138,48,23,49,87,5,5,78,73,147,239,71,25,254,260,66,10,28,1,3,53,4,59,4,8,17,2,354,45,7,17,54,3,25,2,6,5,0,0,12,29
2,5,1,17,1,46,21,4532,50067,168,1041,1957,2065,8,12,228,1052,83,6917,5274,703,1115,309,6943,5762,34,3517,79,5,4,49,124,955,81,147,1252,10572,174,990,228,10,15,65,1109,135,18,54,280,13,15,4,0,17,0,7,7,1209,740,175,3108,69,59,158,257,1,9,122,141,236,875,129,59,611,1116,116,25,87,7,2,80,21,212,5,12,70,5,1126,72,15,98,88,22,90,2,11,8,2,0,11,49
85,390,159,1035,28,203,327,178,168,31632,4831,1260,79,483,548,2506,133,32,575,56,4817,3449,410,128,35,57,74,172,122,117,164,679,708,121,908,1082,611,81,835,17,14114,8811,2219,271,98,156,767,381,44,4845,9,19,28,13,42,52,8,4,18,15,42,2,3,0,18,15,169,26,130,9,13,14,33,13,47,22,21,1,3,47,7,10,11,51,10,3,337,243,26,39,146,5,51,2,13,53,5,1,26,19
1,0,1,56,2,18,43,3686,1041,4831,5616,11295,1267,28,29,1343,614,145,1540,404,2557,3001,1530,97,50,88,81,162,7,8,258,214,775,117,201,478,311,106,229,27,80,89,243,337,107,251,513,39,7,20,3,3,4,2,5,5,17,18,27,61,18,6,5,2,5,3,34,2,38,16,21,13,42,20,16,26,14,1,0,15,15,13,4,14,11,2,78,34,7,22,32,10,41,0,9,3,2,2,9,16
0,1,0,4,0,0,4,1336,1957,1260,11295,24665,13306,2,4,108,3758,126,269,1179,8832,1470,5788,201,460,42,149,54,2,23,211,170,5567,56,24,83,551,92,51,7,44,106,113,220,157,128,828,1,1,62,1,0,2,0,0,2,50,33,33,152,11,8,13,12,0,1,27,19,35,114,14,7,72,160,16,14,35,2,0,8,7,31,0,4,20,4,121,14,0,19,15,3,32,0,8,0,0,0,1,3
0,2,1,30,2,1,5,6188,2065,79,1267,13306,30576,86,59,171,7260,736,199,2831,2431,584,434,48,343,12,123,21,9,72,437,123,10748,18,10,34,458,66,17,5,25,94,733,76,771,21,133,2,1,222,0,1,4,0,1,3,302,132,14,512,7,2,54,72,2,0,25,17,10,294,5,5,46,381,5,5,28,1,0,4,1,60,2,4,17,1,119,7,2,12,7,1,14,1,5,2,0,0,0,3
9490,7632,711,3574,1934,650,531,153,8,483,28,2,86,71390,15015,658,44,56,40,258,39,1332,37,9,46,94,24,148,7298,22020,175,497,315,103,295,153,271,140,399,38,1691,910,2592,84,733,12,99,167,12666,3276,20,25,40,17,62,69,5,3,4,5,26,1,5,3,30,16,225,0,34,15,4,5,10,25,9,3,8,0,6,21,1,8,8,62,20,0,232,302,11,21,205,3,21,0,2,53,13,1,18,11
702,4920,96,14367,369,548,531,141,12,548,29,4,59,15015,17821,1754,31,57,20,201,13,659,27,2,32,74,16,74,544,1005,348,177,129,59,134,30,56,171,70,30,680,645,6584,75,445,2,17,157,381,2514,7,6,11,16,52,40,6,3,3,2,7,0,0,1,13,2,27,0,7,6,0,4,2,24,4,2,9,2,1,1,1,10,1,6,10,1,27,35,2,15,28,0,11,0,0,83,0,0,2,1
167,327,70,7256,102,824,2037,1109,228,2506,1343,108,171,658,1754,28728,167,1008,3436,1256,714,816,79,64,93,96,41,90,220,302,12900,161,160,122,2803,2107,455,388,477,57,597,383,11913,184,465,10,36,835,127,191,31,39,50,27,199,127,28,12,12,40,49,5,11,5,61,37,425,8,172,35,9,26,30,38,55,9,10,1,11,57,5,23,34,167,14,1,391,534,61,15,274,4,22,1,1,328,22,3,33,28
0,4,1,13,0,1,2,4863,1052,133,614,3758,7260,44,31,167,10618,1886,261,72,7156,298,178,110,8,3,9,7,6,17,1285,47,532,6,5,34,261,6,28,3,14,46,449,19,12,16,92,0,5,92,0,0,0,0,0,0,6,18,24,127,3,7,0,1,0,0,7,13,25,2,11,0,63,7,15,2,1,0,1,4,1,7,0,1,2,2,82,4,1,1,5,1,5,0,0,0,0,0,2,2
5,1,1,29,1,2,0,3948,83,32,145,126,736,56,57,1008,1886,2649,1303,83,1150,48,20,22,6,5,3,3,10,19,3265,46,414,4,4,20,45,11,33,0,13,35,1514,7,205,1,44,5,1,128,0,0,1,0,0,1,1,6,7,11,3,1,0,1,2,1,12,5,25,3,7,5,10,6,13,0,0,0,2,10,0,4,2,6,3,0,19,17,5,4,14,0,0,0,0,3,3,0,8,5
3,15,6,17,0,2,9,2798,6917,575,1540,269,199,40,20,3436,261,1303,11211,2112,903,425,98,930,572,26,233,27,46,56,1841,78,162,65,30,2843,965,288,118,43,116,109,621,417,125,8,46,8,8,69,1,1,13,1,1,11,25,40,77,124,76,17,15,6,12,9,171,48,225,37,56,31,123,62,98,11,13,1,2,68,2,35,14,55,30,7,347,137,34,22,82,4,39,1,2,3,1,4,19,49
7,11,1,190,12,15,36,10681,5274,56,404,1179,2831,258,201,1256,72,83,2112,34988,134,943,1150,139,2080,166,627,100,28,68,392,253,5025,147,153,853,219,3016,38,34,30,51,1183,801,5551,27,176,30,13,83,1,0,12,1,2,4,769,155,12,749,17,25,268,308,9,12,71,31,56,1253,30,71,98,2173,19,31,98,5,1,8,14,473,1,17,285,8,108,33,12,181,16,6,108,1,19,7,5,0,4,13
2,2,2,19,1,5,26,1026,703,4817,2557,8832,2431,39,13,714,7156,1150,903,134,22703,359,1035,240,69,43,45,118,50,174,1016,531,1868,91,176,766,695,50,284,12,285,1313,3977,147,111,109,926,16,3,1984,0,1,7,1,5,9,8,22,67,74,37,6,6,4,8,8,128,44,131,11,17,9,117,20,42,24,17,2,2,51,14,12,7,15,11,2,321,74,13,30,42,8,42,1,7,2,2,0,6,22
946,953,874,888,306,266,357,3000,1115,3449,3001,1470,584,1332,659,816,298,48,425,943,359,22605,3205,66,324,496,395,4780,4280,709,303,1083,616,2423,176,347,234,353,352,641,18087,1460,1340,2298,466,4393,2885,76,254,214,6,7,14,16,16,12,54,20,6,57,13,6,10,23,15,21,124,9,50,52,8,28,21,121,28,113,79,17,3,24,67,50,10,64,50,54,117,158,23,72,85,89,286,16,62,15,6,1,12,20
1,2,1,16,2,6,5,299,309,410,1530,5788,434,37,27,79,178,20,98,1150,1035,3205,18841,68,1343,919,978,629,65,37,62,1515,6014,1027,26,86,56,1693,76,145,27,104,151,5039,1773,4455,12296,26,0,52,0,0,2,0,1,3,37,12,2,39,4,4,32,20,5,8,4,4,9,105,1,64,15,287,8,255,255,16,2,1,97,214,4,6,218,71,12,3,6,297,7,89,550,8,82,1,1,0,3,3
1,0,1,3,1,83,30,298,6943,128,97,201,48,9,2,64,110,22,930,139,240,66,68,5442,753,16,600,42,12,13,30,65,54,54,394,2161,4419,53,5086,107,23,17,43,593,13,2,39,363,14,9,1,0,2,0,5,4,63,46,33,185,11,3,11,7,2,4,54,13,56,22,11,11,80,59,27,8,13,3,1,19,3,17,5,5,15,2,264,33,5,26,27,10,40,0,4,10,1,0,0,9
1,4,4,31,1,9,12,130,5762,35,50,460,343,46,32,93,8,6,572,2080,69,324,1343,753,8586,67,9881,43,9,32,11,311,2337,121,91,506,434,220,196,230,13,40,83,3822,615,17,403,66,1,23,1,0,7,0,1,2,288,72,8,323,10,16,266,146,28,25,44,16,35,1288,25,162,52,2960,17,108,535,10,5,21,35,729,9,15,845,23,71,23,19,727,4,35,598,1,48,5,1,1,6,9
5,5,0,62,1,5,9,57,34,57,88,42,12,94,74,96,3,5,26,166,43,496,919,16,67,15037,311,77,18,28,27,9336,163,5074,21,29,5,4664,14,78,16,26,202,6924,2070,80,447,10,5,26,0,0,2,0,2,0,2,3,0,3,7,6,12,4,2,5,10,7,7,12,8,145,15,95,9,702,375,28,2,3,344,232,3,5,209,102,9,6,10,468,9,139,1278,20,259,2,1,1,6,8
0,5,0,14,1,82,12,50,3517,74,81,149,123,24,16,41,9,3,233,627,45,395,978,600,9881,311,20764,1849,18,24,15,1092,828,369,65,242,2345,465,1481,5951,14,27,52,13873,711,89,634,564,14,17,0,0,9,1,13,4,24,9,2,35,5,0,31,9,15,13,14,5,13,62,12,180,48,536,5,461,938,80,1,6,147,593,6,5,535,101,13,17,14,1225,10,324,1550,10,123,18,0,0,6,11
12,11,3,77,5,20,9,38,79,172,162,54,21,148,74,90,7,3,27,100,118,4780,629,42,43,77,1849,51139,2015,107,21,403,146,14459,25,28,458,143,305,17295,99,66,217,916,352,14265,12987,181,13,45,1,0,0,1,4,2,2,1,1,2,0,1,1,0,0,1,2,0,0,2,0,11,1,18,1,31,62,219,0,0,28,14,0,0,15,79,7,0,2,36,2,459,145,14,19,11,0,0,0,1
897,265,291,294,537,101,123,19,5,122,7,2,9,7298,544,220,6,10,46,28,50,4280,65,12,9,18,18,2015,83080,13200,64,119,101,151,62,106,89,23,117,201,32461,496,538,53,97,592,168,19,6882,169,0,3,8,5,7,9,1,0,3,0,5,0,0,0,5,6,47,0,21,1,3,2,0,3,7,5,3,1,1,9,0,4,5,21,1,2,51,64,6,2,30,4,4,0,1,3,2,2,7,0
406,263,241,364,141,89,136,30,4,117,8,23,72,22020,1005,302,17,19,56,68,174,709,37,13,32,28,24,107,13200,33950,95,449,476,63,119,175,160,44,202,18,6870,5071,1374,61,291,16,197,35,1044,1295,2,6,10,8,8,12,0,2,2,2,20,0,3,0,10,15,108,3,34,7,1,4,0,17,9,4,5,0,1,15,1,9,9,40,10,0,110,136,17,10,73,4,13,0,1,10,6,0,13,3
4,14,1,368,7,18,59,1452,49,164,258,211,437,175,348,12900,1285,3265,1841,392,1016,303,62,30,11,27,15,21,64,95,15051,72,296,34,179,225,190,106,117,19,130,68,13162,45,340,5,43,86,11,85,2,3,5,4,13,11,9,5,10,19,17,1,3,1,6,4,94,10,57,14,8,11,12,14,16,5,7,0,0,31,1,7,4,24,8,0,116,74,6,9,48,2,8,0,1,19,6,2,5,8
17,12,3,110,14,15,12,68,124,679,214,170,123,497,177,161,47,46,78,253,531,1083,1515,65,311,9336,1092,403,119,449,72,48127,6274,4629,30,77,27,1891,57,314,187,518,691,5976,9507,290,22540,31,17,349,1,0,2,0,2,5,2,7,5,19,10,6,18,4,4,8,17,9,11,26,7,165,16,170,7,1050,633,44,2,5,531,286,5,3,337,307,13,6,11,659,12,399,2045,49,375,7,1,2,12,13
7,6,4,63,5,2,8,909,955,708,775,5567,10748,315,129,160,532,414,162,5025,1868,616,6014,54,2337,163,828,146,101,476,296,6274,25760,181,42,117,132,1766,29,35,235,756,1091,2252,11442,80,5790,14,12,744,0,0,4,1,1,4,171,51,11,177,5,9,112,86,11,11,28,16,18,560,9,76,34,946,13,63,139,2,2,11,21,279,1,6,273,14,58,14,6,228,11,14,222,6,26,3,0,0,1,3
11,9,1,90,4,14,9,54,81,121,117,56,18,103,59,122,6,4,65,147,91,2423,1027,54,121,5074,369,14459,151,63,34,4629,181,44440,27,64,17,793,96,7734,33,50,197,8106,761,3476,25139,50,6,35,0,0,0,1,0,0,3,3,1,2,3,3,8,1,2,2,3,5,5,8,2,86,7,53,3,338,231,302,1,2,215,63,3,0,46,1002,9,4,3,128,10,2355,1211,198,303,7,1,3,1,1
53,176,69,419,33,1190,2225,24,147,908,201,24,10,295,134,2803,5,4,30,153,176,176,26,394,91,21,65,25,62,119,179,30,42,27,4138,3486,790,110,10688,42,162,153,555,150,21,1,17,3755,175,92,22,18,47,23,120,60,3,4,8,7,32,0,1,0,23,23,208,5,59,9,3,7,32,20,21,3,2,0,3,18,2,3,14,59,4,0,281,228,15,9,184,5,9,0,0,144,10,3,21,10
9,12,7,56,6,45,128,160,1252,1082,478,83,34,153,30,2107,34,20,2843,853,766,347,86,2161,506,29,242,28,106,175,225,77,117,64,3486,7816,2257,310,6222,47,273,208,763,495,42,9,32,120,19,156,11,4,41,6,16,19,14,30,40,70,64,3,10,3,46,37,439,25,273,47,22,26,78,72,95,7,20,4,11,107,9,41,28,174,33,1,582,491,60,26,289,6,37,0,10,23,21,9,42,45
16,24,11,95,5,128,109,1033,10572,611,311,551,458,271,56,455,261,45,965,219,695,234,56,4419,434,5,2345,458,89,160,190,27,132,17,790,2257,4866,24,11849,353,148,118,510,274,27,14,23,1305,31,105,0,0,1,0,40,7,19,20,11,74,4,2,3,9,4,5,39,9,20,22,8,8,26,30,6,7,10,10,3,7,2,7,2,14,11,3,89,29,7,8,27,25,13,1,2,63,1,0,2,7
5,13,3,190,5,17,22,111,174,81,106,92,66,140,171,388,6,11,288,3016,50,353,1693,53,220,4664,465,143,23,44,106,1891,1766,793,110,310,24,23708,86,83,18,46,454,6640,8597,41,818,29,5,42,0,1,7,0,3,6,15,12,0,24,2,10,42,16,21,14,13,8,14,129,9,157,33,607,4,270,579,13,4,7,68,501,13,11,613,42,8,18,11,864,10,33,906,5,92,5,2,0,7,4
91,152,70,205,39,1030,448,93,990,835,229,51,17,399,70,477,28,33,118,38,284,352,76,5086,196,14,1481,305,117,202,117,57,29,96,10688,6222,11849,86,32860,499,213,143,319,946,24,17,35,10982,223,92,22,41,55,19,70,75,3,9,38,63,47,6,2,3,30,22,375,20,130,8,7,21,75,20,28,5,19,8,10,44,4,5,11,80,23,7,776,396,21,28,288,38,29,3,3,62,28,3,24,17
3,7,2,25,4,38,6,14,228,17,27,7,5,38,30,57,3,0,43,34,12,641,145,107,230,78,5951,17295,201,18,19,314,35,7734,42,47,353,83,499,33267,6,8,77,10361,87,926,703,265,7,10,0,1,1,0,8,2,3,4,0,4,5,1,1,2,0,4,3,2,1,6,1,50,4,50,0,236,322,1312,2,2,121,22,0,5,34,856,30,4,4,51,24,5600,873,169,119,16,0,1,3,1
662,608,525,793,268,169,221,31,10,14114,80,44,25,1691,680,597,14,13,116,30,285,18087,27,23,13,16,14,99,32461,6870,130,187,235,33,162,273,148,18,213,6,54734,9910,986,36,96,22,152,63,222,664,2,5,7,13,12,20,1,0,2,1,14,0,0,0,8,10,103,2,30,6,3,6,4,9,11,2,1,0,2,18,1,4,5,24,1,0,92,102,10,1,54,2,7,0,0,9,4,0,7,6
110,355,185,499,35,57,106,40,15,8811,89,106,94,910,645,383,46,35,109,51,1313,1460,104,17,40,26,27,66,496,5071,68,518,756,50,153,208,118,46,143,8,9910,19254,2487,95,170,31,449,53,36,8305,3,3,6,8,11,9,1,1,6,0,12,0,1,1,1,5,52,4,18,7,1,8,3,14,10,6,10,0,1,8,5,3,1,22,8,1,79,60,1,14,30,2,23,0,2,10,0,1,5,3
77,61,24,697,38,186,212,1314,65,2219,243,113,733,2592,6584,11913,449,1514,621,1183,3977,1340,151,43,83,202,52,217,538,1374,13162,691,1091,197,555,763,510,454,319,77,986,2487,44643,189,2038,18,181,305,90,10799,6,11,28,4,63,47,10,6,8,26,36,1,5,7,22,13,214,12,125,32,3,18,11,71,28,6,28,0,6,34,2,38,24,46,28,0,350,216,17,38,107,2,39,0,0,63,9,2,7,21
6,4,2,81,4,82,24,124,1109,271,337,220,76,84,75,184,19,7,417,801,147,2298,5039,593,3822,6924,13873,916,53,61,45,5976,2252,8106,150,495,274,6640,946,10361,36,95,189,56934,1051,611,2775,451,14,48,1,2,17,1,12,7,32,29,10,45,36,19,84,15,19,44,21,27,33,121,35,505,61,851,21,2597,1839,218,13,11,1146,953,16,14,1066,1002,29,24,27,1829,40,1794,5535,169,962,30,5,6,20,38
18,42,8,316,14,21,23,512,135,98,107,157,771,733,445,465,12,205,125,5551,111,466,1773,13,615,2070,711,352,97,291,340,9507,11442,761,21,42,27,8597,24,87,96,170,2038,1051,12575,29,758,24,36,324,3,1,8,0,4,7,40,10,5,41,11,11,118,38,20,39,30,12,25,404,21,202,53,1304,8,152,463,8,6,11,51,721,15,15,948,34,17,25,19,871,18,26,861,5,54,11,0,0,14,9
1,0,0,3,1,0,2,26,18,156,251,128,21,12,2,10,16,1,8,27,109,4393,4455,2,17,80,89,14265,592,16,5,290,80,3476,1,9,14,41,17,926,22,31,18,611,29,7838,8350,12,1,12,0,0,0,0,0,0,0,1,1,1,0,0,1,0,0,0,0,0,0,4,0,6,1,10,1,32,22,61,1,0,10,1,0,1,3,165,2,1,0,11,0,347,118,17,19,0,0,0,1,1
2,3,0,15,3,4,3,67,54,767,513,828,133,99,17,36,92,44,46,176,926,2885,12296,39,403,447,634,12987,168,197,43,22540,5790,25139,17,32,23,818,35,703,152,449,181,2775,758,8350,57722,22,4,186,1,1,1,1,0,3,2,5,3,8,5,2,11,0,2,4,6,2,3,15,8,81,14,98,2,489,313,147,4,0,259,149,2,3,155,679,11,2,1,296,13,1258,1344,133,242,7,1,1,3,9
86,158,85,604,616,4536,918,5,280,381,39,1,2,167,157,835,0,5,8,30,16,76,26,363,66,10,564,181,19,35,86,31,14,50,3755,120,1305,29,10982,265,63,53,305,451,24,12,22,4594,396,26,6,15,9,9,125,20,1,0,3,2,3,0,1,0,3,2,22,2,4,0,0,5,2,8,1,4,4,3,0,3,1,3,1,4,3,5,59,40,1,9,29,13,10,1,2,181,4,0,3,4
2631,225,134,413,2923,2338,246,13,13,44,7,1,1,12666,381,127,5,1,8,13,3,254,0,14,1,5,14,13,6882,1044,11,17,12,6,175,19,31,5,223,7,222,36,90,14,36,1,4,396,13501,17,1,1,4,13,15,14,0,1,0,0,3,0,0,0,3,6,29,0,2,0,0,2,2,6,0,0,1,0,0,1,0,0,2,6,1,0,21,35,2,1,23,0,1,0,1,7,1,0,2,3
16,62,11,100,7,6,20,101,15,4845,20,62,222,3276,2514,191,92,128,69,83,1984,214,52,9,23,26,17,45,169,1295,85,349,744,35,92,156,105,42,92,10,664,8305,10799,48,324,12,186,26,17,19968,1,1,2,2,2,2,0,2,1,1,9,0,1,0,6,0,35,1,22,3,3,1,2,9,5,6,7,1,0,7,1,8,3,9,9,0,65,38,1,7,20,2,12,0,1,3,1,0,8,1
3,13,10,32,5,4,8,3,4,9,3,1,0,20,7,31,0,0,1,1,0,6,0,1,1,0,0,1,0,2,2,1,0,0,22,11,0,0,22,0,2,3,6,1,3,0,1,6,1,1,35691,17168,3165,5584,16360,3534,4,9,4,1,140,2,4,0,15800,178,213,8,8,28,1,181,2,13,5,17,0,19,508,3,8,16,382,22,49,15,83,203,12,32,121,3,11,10,4,114,8765,92,199,67
4,12,95,59,3,13,17,1,0,19,3,0,1,25,6,39,0,0,1,0,1,7,0,0,0,0,0,0,3,6,3,0,0,0,18,4,0,1,41,1,5,3,11,2,1,0,1,15,1,1,17168,68326,15577,14424,3111,11000,2,6,3,1,164,4,1,0,9900,79,144,2,4,20,1,172,6,6,3,10,0,11,156,5,6,9,197,11,20,5,113,202,11,14,155,4,5,1,3,104,597,69,264,52
2,17,7,51,2,4,19,4,17,28,4,2,4,40,11,50,0,1,13,12,7,14,2,2,7,2,9,0,8,10,5,2,4,0,47,41,1,7,55,1,7,6,28,17,8,0,1,9,4,2,3165,15577,35215,869,1127,15988,80,127,95,36,839,29,26,20,15877,6840,5435,63,54,469,17,440,34,127,41,240,15,110,293,93,71,193,516,633,569,70,233,1998,157,391,171,29,129,14,28,261,1029,137,1000,387
110,254,2377,488,654,1949,1398,0,0,13,2,0,0,17,16,27,0,0,1,1,1,16,0,0,0,0,1,1,5,8,4,0,1,1,23,6,0,0,19,0,13,8,4,1,0,0,1,9,13,2,5584,14424,869,43074,20702,16361,0,2,0,1,44,0,0,0,456,17,85,2,2,9,0,43,2,5,1,1,0,2,92,2,4,4,71,2,2,3,60,91,3,3,209,1,2,0,2,115,625,17,59,12
20,82,46,349,33,162,208,2,7,42,5,0,1,62,52,199,0,0,1,2,5,16,1,5,1,2,13,4,7,8,13,2,1,0,120,16,40,3,70,8,12,11,63,12,4,0,0,125,15,2,16360,3111,1127,20702,25944,10759,0,6,5,24,120,4,3,0,2429,89,445,2,6,15,1,43,28,42,1,8,19,8,52,6,8,8,60,14,9,1,192,1178,7,19,1355,3,26,2,1,8482,3229,20,89,21
35,52,76,268,54,477,587,4,7,52,5,2,3,69,40,127,0,1,11,4,9,12,3,4,2,0,4,2,9,12,11,5,4,0,60,19,7,6,75,2,20,9,47,7,7,0,3,20,14,2,3534,11000,15988,16361,10759,33229,26,37,27,26,744,16,11,4,4430,143,3856,19,36,195,25,272,50,81,18,68,6,53,104,37,23,66,164,50,111,20,307,5172,34,159,2077,7,53,4,18,809,399,101,601,169
1,1,0,6,0,0,1,523,1209,8,17,50,302,5,6,28,6,1,25,769,8,54,37,63,288,2,24,2,1,0,9,2,171,3,3,14,19,15,3,3,1,1,10,32,40,0,2,1,0,0,4,2,80,0,0,26,5068,6290,595,1587,38,679,1299,7063,80,87,1001,691,211,4675,130,150,142,1219,97,26,192,4,8,386,39,3539,10,182,182,13,856,58,24,102,8,7,50,8,17,1,6,1,15,9
0,0,0,2,0,2,2,296,740,4,18,33,132,3,3,12,18,6,40,155,22,20,12,46,72,3,9,1,0,2,5,7,51,3,4,30,20,12,9,4,0,1,6,29,10,1,5,0,1,2,9,6,127,2,6,37,6290,34367,5442,5605,340,1579,655,1578,113,102,2236,7241,629,4455,1482,1106,113,389,1658,86,52,16,11,3223,86,1020,18,321,594,32,1474,85,37,179,24,10,152,37,156,1,9,7,39,49
0,0,0,2,0,2,2,109,175,18,27,33,14,4,3,12,24,7,77,12,67,6,2,33,8,0,2,1,3,2,10,5,11,1,8,40,11,0,38,0,2,6,8,10,5,1,3,3,0,1,4,3,95,0,5,27,595,5442,2835,2799,479,887,173,146,42,47,1765,1144,1535,644,521,512,108,97,636,15,11,12,5,2342,21,159,12,177,141,8,400,51,39,25,52,0,27,16,45,0,6,3,39,85
0,1,0,4,0,2,4,1138,3108,15,61,152,512,5,2,40,127,11,124,749,74,57,39,185,323,3,35,2,0,2,19,19,177,2,7,70,74,24,63,4,1,0,26,45,41,1,8,2,0,1,1,1,36,1,24,26,1587,5605,2799,44281,349,904,910,804,8,13,703,1030,6453,5387,1560,717,12034,5296,514,37,446,11,7,286,38,464,3,42,137,16,7932,253,35,180,543,18,155,22,81,101,5,5,33,106
5,7,2,8,0,9,11,48,69,42,18,11,7,26,7,49,3,3,76,17,37,13,4,11,10,7,5,0,5,20,17,10,5,3,32,64,4,2,47,5,14,12,36,36,11,0,5,3,3,9,140,164,839,44,120,744,38,340,479,349,30841,4617,1912,120,623,776,2807,359,954,87,5844,2123,178,100,1126,188,66,225,270,377,332,294,406,397,117,144,625,1226,1537,97,363,21,338,149,417,231,138,27802,30101,11557
0,0,0,1,0,0,0,23,59,2,6,8,2,1,0,5,7,1,17,25,6,6,4,3,16,6,0,1,0,0,1,6,9,3,0,3,2,10,6,1,0,0,1,19,11,0,2,0,0,0,2,4,29,0,4,16,679,1579,887,904,4617,5339,4607,288,25,66,548,598,290,152,6524,7274,159,219,663,43,68,22,15,319,50,382,26,58,48,36,321,98,107,80,46,10,186,123,376,7,22,18,218,845
0,0,0,2,0,0,0,49,158,3,5,13,54,5,0,11,0,0,15,268,6,10,32,11,266,12,31,1,0,3,3,18,112,8,1,10,3,42,2,1,0,1,5,84,118,1,11,1,0,1,4,1,26,0,3,11,1299,655,173,910,1912,4607,21162,8488,26,63,192,3798,123,1061,8888,5815,94,2338,1677,107,297,16,9,685,150,10075,24,114,383,46,213,34,137,343,20,11,460,164,575,1,1,4,49,422
0,0,0,1,0,0,1,87,257,0,2,12,72,3,1,5,1,1,6,308,4,23,20,7,146,4,9,0,0,0,1,4,86,1,0,3,9,16,3,2,0,1,7,15,38,0,0,0,0,0,0,0,20,0,0,4,7063,1578,146,804,120,288,8488,12642,21,78,344,4763,67,984,2715,218,54,1260,468,35,124,4,4,558,84,6755,9,123,223,18,218,18,84,68,9,4,67,18,115,2,3,0,14,49
7,10,5,17,2,5,10,5,1,18,5,0,2,30,13,61,0,2,12,9,8,15,5,2,28,2,15,0,5,10,6,4,11,2,23,46,4,21,30,0,8,1,22,19,20,0,2,3,3,6,15800,9900,15877,456,2429,4430,80,113,42,8,623,25,26,21,65537,16042,1168,82,72,408,27,935,22,160,76,565,27,254,3550,83,296,542,15302,796,1154,207,210,411,1210,421,170,30,159,46,79,96,18190,392,3452,2604
1,2,0,10,1,0,3,5,9,15,3,1,0,16,2,37,0,1,9,12,8,21,8,4,25,5,13,1,6,15,4,8,11,2,23,37,5,14,22,4,10,5,13,44,39,0,4,2,6,0,178,79,6840,17,89,143,87,102,47,13,776,66,63,78,16042,30013,2273,117,68,314,143,626,21,229,350,585,41,281,711,131,617,864,6030,5426,1127,208,197,200,13243,277,140,13,213,93,248,66,493,231,5274,8541
19,35,25,54,12,33,39,78,122,169,34,27,25,225,27,425,7,12,171,71,128,124,4,54,44,10,14,2,47,108,94,17,28,3,208,439,39,13,375,3,103,52,214,21,30,0,6,22,29,35,213,144,5435,85,445,3856,1001,2236,1765,703,2807,548,192,344,1168,2273,28469,2607,3216,1968,437,711,430,407,1132,207,47,78,91,10769,157,771,300,8201,1012,56,811,5169,458,540,473,21,202,34,115,242,188,74,690,713
0,0,0,3,0,0,3,73,141,26,2,19,17,0,0,8,13,5,48,31,44,9,4,13,16,7,5,0,0,3,10,9,16,5,5,25,9,8,20,2,2,4,12,27,12,0,2,2,0,1,8,2,63,2,2,19,691,7241,1144,1030,359,598,3798,4763,82,117,2607,6265,308,194,8543,605,94,154,2600,49,34,4,9,7020,219,2013,23,376,135,46,465,50,100,63,51,5,121,28,452,3,4,3,20,100
3,3,1,14,0,4,4,147,236,130,38,35,10,34,7,172,25,25,225,56,131,50,9,56,35,7,13,0,21,34,57,11,18,5,59,273,20,14,130,1,30,18,125,33,25,0,3,4,2,22,8,4,54,2,6,36,211,629,1535,6453,954,290,123,67,72,68,3216,308,8076,836,416,327,6289,1060,500,31,78,20,37,973,35,184,117,154,91,14,1332,3479,193,156,766,22,174,18,57,11,21,28,286,452
0,2,1,8,1,3,2,239,875,9,16,114,294,15,6,35,2,3,37,1253,11,52,105,22,1288,12,62,2,1,7,14,26,560,8,9,47,22,129,8,6,6,7,32,121,404,4,15,0,0,3,28,20,469,9,15,195,4675,4455,644,5387,87,152,1061,984,408,314,1968,194,836,29258,108,406,268,6718,87,122,403,8,32,293,114,5301,93,479,3053,37,499,333,67,2903,44,8,263,7,82,27,61,10,71,58
0,0,0,1,0,1,0,71,129,13,21,14,5,4,0,9,11,7,56,30,17,8,1,11,25,8,12,0,3,1,8,7,9,2,3,22,8,9,7,1,3,1,3,35,21,0,8,0,0,3,1,1,17,0,1,25,130,1482,521,1560,5844,6524,8888,2715,27,143,437,8543,416,108,25274,1998,263,156,17564,120,72,120,11,2232,315,1162,47,284,91,106,807,124,667,97,100,23,295,207,742,6,6,15,442,5790
0,0,2,2,0,2,1,25,59,14,13,7,5,5,4,26,0,5,31,71,9,28,64,11,162,145,180,11,2,4,11,165,76,86,7,26,8,157,21,50,6,8,18,505,202,6,81,5,2,1,181,172,440,43,43,272,150,1106,512,717,2123,7274,5815,218,935,626,711,605,327,406,1998,35157,124,1349,521,1084,1044,2328,2468,246,1115,7179,1632,184,939,1468,190,347,532,1749,137,342,4344,6782,8724,79,178,4245,4183,1140
1,4,4,6,1,4,4,254,611,33,42,72,46,10,2,30,63,10,123,98,117,21,15,80,52,15,48,1,0,0,12,16,34,7,32,78,26,33,75,4,4,3,11,61,53,1,14,2,2,2,2,6,34,2,28,50,142,113,108,12034,178,159,94,54,22,21,430,94,6289,268,263,124,3318,2575,203,20,424,22,2,59,31,219,5,26,40,14,5347,2280,28,78,1610,86,324,12,38,162,3,5,35,85
1,2,1,15,0,3,1,260,1116,13,20,160,381,25,24,38,7,6,62,2173,20,121,287,59,2960,95,536,18,3,17,14,170,946,53,20,72,30,607,20,50,9,14,71,851,1304,10,98,8,6,9,13,6,127,5,42,81,1219,389,97,5296,100,219,2338,1260,160,229,407,154,1060,6718,156,1349,2575,20649,105,135,9988,124,29,84,225,4355,86,110,1028,51,1092,445,142,1095,1399,769,2456,42,338,378,27,8,83,109
0,0,0,0,0,0,2,66,116,47,16,16,5,9,4,55,15,13,98,19,42,28,8,27,17,9,5,1,7,9,16,7,13,3,21,95,6,4,28,0,11,10,28,21,8,1,2,1,0,5,5,3,41,1,1,18,97,1658,636,514,1126,663,1677,468,76,350,1132,2600,500,87,17564,521,203,105,17317,142,37,79,14,5668,392,1053,79,1844,200,90,681,199,7181,60,232,6,130,95,459,6,6,9,332,6352
0,1,0,2,0,1,0,10,25,22,26,14,5,3,2,9,2,0,11,31,24,113,255,8,108,702,461,31,5,4,5,1050,63,338,3,7,7,270,5,236,2,6,6,2597,152,32,489,4,0,6,17,10,240,1,8,68,26,86,15,37,188,43,107,35,565,585,207,49,31,122,120,1084,20,135,142,22438,1212,112,118,43,11950,2514,330,203,6931,7373,18,64,345,9911,15,214,6593,406,1802,11,87,33,407,375
2,0,0,7,0,6,1,28,87,21,14,35,28,8,9,10,1,0,13,98,17,79,255,13,535,375,938,62,3,5,7,633,139,231,2,20,10,579,19,322,1,10,28,1839,463,22,313,4,1,7,0,0,15,0,19,6,192,52,11,446,66,68,297,124,27,41,47,34,78,403,72,1044,424,9988,37,1212,17587,1012,15,18,688,1697,18,22,633,225,445,82,36,984,837,6200,12169,111,1015,233,7,4,61,68
0,0,0,0,0,1,0,1,7,1,1,2,1,0,2,1,0,0,1,5,2,17,16,3,10,28,80,219,1,0,0,44,2,302,0,4,10,13,8,1312,0,0,0,218,8,61,147,3,0,1,19,11,110,2,8,53,4,16,12,11,225,22,16,4,254,281,78,4,20,8,120,2328,22,124,79,112,1012,53366,1116,12,84,103,324,75,73,19488,158,42,258,66,126,15060,819,15941,645,29,47,174,477,469
0,2,1,2,0,1,0,3,2,3,0,0,0,6,1,11,1,2,2,1,2,3,2,1,5,2,1,0,1,1,0,2,2,1,3,11,3,4,10,2,2,1,6,13,6,1,4,0,0,0,508,156,293,92,52,104,8,11,5,7,270,15,9,4,3550,711,91,9,37,32,11,2468,2,29,14,118,15,1116,121218,9,71,70,21503,62,120,371,49,61,187,36,36,56,83,998,123,19,10862,19881,2032,216
1,1,0,2,1,1,0,53,80,47,15,8,4,21,1,57,4,10,68,8,51,24,1,19,21,3,6,0,9,15,31,5,11,2,18,107,7,7,44,2,18,8,34,11,11,0,0,3,1,7,3,5,93,2,6,37,386,3223,2342,286,377,319,685,558,83,131,10769,7020,973,293,2232,246,59,84,5668,43,18,12,9,7769,146,804,30,3212,321,35,313,107,182,56,108,4,48,21,145,4,6,5,42,121
0,0,0,0,0,0,0,4,21,7,15,7,1,1,1,5,1,0,2,14,14,67,97,3,35,344,147,28,0,1,1,531,21,215,2,9,2,68,4,121,1,5,2,1146,51,10,259,1,0,1,8,6,71,4,8,23,39,86,21,38,332,50,150,84,296,617,157,219,35,114,315,1115,31,225,392,11950,688,84,71,146,17039,6576,359,244,3613,8147,38,29,747,595,29,305,2771,605,9210,14,34,51,729,877
1,1,0,4,0,2,1,59,212,10,13,31,60,8,10,23,7,4,35,473,12,50,214,17,729,232,593,14,4,9,7,286,279,63,3,41,7,501,5,22,4,3,38,953,721,1,149,3,0,8,16,9,193,4,8,66,3539,1020,159,464,294,382,10075,6755,542,864,771,2013,184,5301,1162,7179,219,4355,1053,2514,1697,103,70,804,6576,39665,330,614,21887,441,177,107,835,4189,60,76,4448,156,7743,21,63,37,347,609
0,2,1,4,1,0,2,4,5,11,4,0,2,8,1,34,0,2,14,1,7,10,4,5,9,3,6,0,5,9,4,5,1,3,14,28,2,13,11,0,5,1,24,16,15,0,2,1,2,3,382,197,516,71,60,164,10,18,12,3,406,26,24,9,15302,6030,300,23,117,93,47,1632,5,86,79,330,18,324,21503,30,359,330,59527,278,423,190,124,188,1361,108,129,26,145,156,116,33,2215,11781,18273,1480
5,5,6,8,3,8,8,8,12,51,14,4,4,62,6,167,1,6,55,17,15,64,6,5,15,5,5,0,21,40,24,3,6,0,59,174,14,11,80,5,24,22,46,14,15,1,3,4,6,9,22,11,633,2,14,50,182,321,177,42,397,58,114,123,796,5426,8201,376,154,479,284,184,26,110,1844,203,22,75,62,3212,244,614,278,14898,682,51,462,411,10693,225,315,12,93,29,143,44,72,40,423,609
1,0,1,8,0,1,2,17,70,10,11,20,17,20,10,14,2,3,30,285,11,50,218,15,845,209,535,15,1,10,8,337,273,46,4,33,11,613,23,34,1,8,28,1066,948,3,155,3,1,9,49,20,569,2,9,111,182,594,141,137,117,48,383,223,1154,1127,1012,135,91,3053,91,939,40,1028,200,6931,633,73,120,321,3613,21887,423,682,17038,391,52,89,506,5053,27,25,781,39,388,10,143,39,396,318
0,0,0,0,0,0,0,2,5,3,2,4,1,0,1,1,2,0,7,8,2,54,71,2,23,102,101,79,2,0,0,307,14,1002,0,1,3,42,7,856,0,1,0,1002,34,165,679,5,0,0,15,5,70,3,1,20,13,32,8,16,144,36,46,18,207,208,56,46,14,37,106,1468,14,51,90,7373,225,19488,371,35,8147,441,190,51,391,56635,11,17,206,394,15,4352,6527,19124,6485,8,33,75,265,290
33,55,23,76,11,26,67,354,1126,337,78,121,119,232,27,391,82,19,347,108,321,117,12,264,71,9,13,7,51,110,116,13,58,9,281,582,89,8,776,30,92,79,350,29,17,2,11,59,21,65,83,113,233,60,192,307,856,1474,400,7932,625,321,213,218,210,197,811,465,1332,499,807,190,5347,1092,681,18,445,158,49,313,38,177,124,462,52,11,4508,2928,254,53,9269,226,258,20,73,387,50,33,314,470
34,54,23,104,18,44,71,45,72,243,34,14,7,302,35,534,4,17,137,33,74,158,3,33,23,6,17,0,64,136,74,6,14,4,228,491,29,18,396,4,102,60,216,24,25,1,2,40,35,38,203,202,1998,91,1178,5172,58,85,51,253,1226,98,34,18,411,200,5169,50,3479,333,124,347,2280,445,199,64,82,42,61,107,29,107,188,411,89,17,2928,19271,167,192,11332,21,199,12,40,2034,101,70,585,377
0,2,1,3,0,1,1,7,15,26,7,0,2,11,2,61,1,5,34,12,13,23,6,5,19,10,14,2,6,17,6,11,6,3,15,60,7,11,21,4,10,1,17,27,19,0,1,1,2,1,12,11,157,3,7,34,24,37,39,35,1537,107,137,84,1210,13243,458,100,193,67,667,532,28,142,7181,345,36,258,187,182,747,835,1361,10693,506,206,254,167,32257,127,172,10,255,139,481,15,27,159,3400,14655
1,1,0,10,0,4,2,17,98,39,22,19,12,21,15,15,1,4,22,181,30,72,297,26,727,468,1225,36,2,10,9,659,228,128,9,26,8,864,28,51,1,14,38,1829,871,11,296,9,1,7,32,14,391,3,19,159,102,179,25,180,97,80,343,68,421,277,540,63,156,2903,97,1749,78,1095,60,9911,984,66,36,56,595,4189,108,225,5053,394,53,192,127,25778,96,94,11877,79,857,44,47,10,152,128
28,36,24,88,10,30,57,54,88,146,32,15,7,205,28,274,5,14,82,16,42,85,7,27,4,9,10,2,30,73,48,12,11,10,184,289,27,10,288,24,54,30,107,40,18,0,13,29,23,20,121,155,171,209,1355,2077,8,24,52,543,363,46,20,9,170,140,473,51,766,44,100,137,1610,1399,232,15,837,126,36,108,29,60,129,315,27,15,9269,11332,172,96,24925,234,544,8,34,10138,160,40,220,238
0,0,0,2,1,6,0,3,22,5,10,3,1,3,0,4,1,0,4,6,8,89,89,10,35,139,324,459,4,4,2,399,14,2355,5,6,25,33,38,5600,2,2,2,1794,26,347,1258,13,0,2,3,4,29,1,3,7,7,10,0,18,21,10,11,4,30,13,21,5,22,8,23,342,86,769,6,214,6200,15060,56,4,305,76,26,12,25,4352,226,21,10,94,234,40835,13454,1182,636,45,6,13,37,41
0,1,1,11,0,3,1,25,90,51,41,32,14,21,11,22,5,0,39,108,42,286,550,40,598,1278,1550,145,4,13,8,2045,222,1211,9,37,13,906,29,873,7,23,39,5535,861,118,1344,10,1,12,11,5,129,2,26,53,50,152,27,155,338,186,460,67,159,213,202,121,174,263,295,4344,324,2456,130,6593,12169,819,83,48,2771,4448,145,93,781,6527,258,199,255,11877,544,13454,56026,1557,4465,173,32,27,298,429
0,0,0,0,0,0,0,2,2,2,0,0,1,0,0,1,0,0,1,1,1,16,8,0,1,20,10,14,0,0,0,49,6,198,0,0,1,5,3,169,0,0,0,169,5,17,133,1,0,0,10,1,14,0,2,4,8,37,16,22,149,123,164,18,46,93,34,28,18,7,207,6782,12,42,95,406,111,15941,998,21,605,156,156,29,39,19124,20,12,139,79,8,1182,1557,19622,9774,2,24,165,176,269
0,0,0,1,0,0,0,6,11,13,9,8,5,2,0,1,0,0,2,19,7,62,82,4,48,259,123,19,1,1,1,375,26,303,0,10,2,92,3,119,0,2,0,962,54,19,242,2,1,1,4,3,28,2,1,18,17,156,45,81,417,376,575,115,79,248,115,452,57,82,742,8724,38,338,459,1802,1015,645,123,145,9210,7743,116,143,388,6485,73,40,481,857,34,636,4465,9774,21537,8,13,51,332,677
22,74,29,623,24,167,341,5,8,53,3,0,2,53,83,328,0,3,3,7,2,15,1,10,5,2,18,11,3,10,19,7,3,7,144,23,63,5,62,16,9,10,63,30,11,0,7,181,7,3,114,104,261,115,8482,809,1,1,0,101,231,7,1,2,96,66,242,3,11,27,6,79,162,378,6,11,233,29,19,4,14,21,33,44,10,8,387,2034,15,44,10138,45,173,2,8,8774,462,21,105,49
0,8,4,12,2,4,6,0,2,5,2,0,0,13,0,22,0,3,1,5,2,6,1,1,1,1,0,0,2,6,6,1,0,1,10,21,1,2,28,0,4,0,9,5,0,0,1,4,1,1,8765,597,1029,625,3229,399,6,9,6,5,138,22,1,3,18190,493,188,4,21,61,6,178,3,27,6,87,7,47,10862,6,34,63,2215,72,143,33,50,101,27,47,160,6,32,24,13,462,45976,304,628,126
1,1,0,1,0,1,3,0,0,1,2,0,0,1,0,3,0,0,4,0,0,1,0,0,1,1,0,0,2,0,2,2,0,3,3,9,0,0,3,1,0,1,2,6,0,0,1,0,0,0,92,69,137,17,20,101,1,7,3,5,27802,18,4,0,392,231,74,3,28,10,15,4245,5,8,9,33,4,174,19881,5,51,37,11781,40,39,75,33,70,159,10,40,13,27,165,51,21,304,36067,3981,337
1,4,3,2,3,3,3,12,11,26,9,1,0,18,2,33,2,8,19,4,6,12,3,0,6,6,6,0,7,13,5,12,1,1,21,42,2,7,24,3,7,5,7,20,14,1,3,3,2,8,199,264,1000,59,89,601,15,39,39,33,30101,218,49,14,3452,5274,690,20,286,71,442,4183,35,83,332,407,61,477,2032,42,729,347,18273,423,396,265,314,585,3400,152,220,37,298,176,332,105,628,3981,30447,14763
0,1,1,0,1,1,1,29,49,19,16,3,3,11,1,28,2,5,49,13,22,20,3,9,9,8,11,1,0,3,8,13,3,1,10,45,7,4,17,1,6,3,21,38,9,1,9,4,3,1,67,52,387,12,21,169,9,49,85,106,11557,845,422,49,2604,8541,713,100,452,58,5790,1140,85,109,6352,375,68,469,216,121,877,609,1480,609,318,290,470,377,14655,128,238,41,429,269,677,49,126,337,14763,26606
