11055,6187,7638,1140,7667,1894,378,10,1,41,3,2,4,5884,152,47,3,0,2,5,2,187,3,0,1,5,1,13,199,367,5,7,4,10,58,12,128,0,63,7,451,63,10,7,22,15,13,162,1234,12,17,142,53,46,26,54,0,1,2,1,10,2,0,0,189,9,35,1,3,0,2,1,1,0,2,0,0,0,14,2,0,1,36,15,1,0,7,19,7,0,9,1,0,0,0,8,5,1,18,7
6187,41732,7104,18760,985,2205,2085,6,6,139,8,7,2,7852,2295,144,0,2,1,20,3,410,9,1,7,4,2,17,161,371,9,4,11,16,84,13,305,2,80,8,826,292,25,7,31,10,10,541,320,46,58,352,195,68,67,246,0,0,1,0,27,2,0,1,386,15,76,2,7,3,1,15,2,1,3,0,1,0,13,6,0,0,45,33,0,1,16,65,5,2,14,1,1,0,0,38,20,1,26,4
7638,7104,21602,5590,9303,10368,10506,1,0,117,3,5,0,1466,48,32,1,1,1,8,1,475,4,0,5,2,2,19,311,479,6,12,6,23,43,11,98,2,33,11,1061,216,18,4,10,32,9,196,627,30,52,325,143,1465,54,210,0,0,0,1,15,6,0,0,280,15,60,0,4,2,0,12,3,2,0,0,3,0,10,2,0,0,29,10,0,1,10,53,3,0,12,1,0,0,0,30,12,0,22,2
1140,18760,5590,35705,432,1600,11337,86,76,656,40,29,23,7401,8296,9258,12,17,45,334,37,728,23,6,27,83,36,18,205,639,531,65,61,43,529,201,645,43,258,4,1468,1126,1189,37,320,29,42,1708,202,387,109,776,366,165,145,474,1,6,14,9,51,5,3,1,708,30,130,6,27,16,5,25,11,9,1,1,4,1,23,9,1,9,92,43,8,1,44,118,13,4,27,1,2,0,0,86,37,6,52,15
7667,985,9303,432,22171,16697,301,1,1,13,0,0,1,2730,32,25,0,1,0,6,0,85,1,0,3,1,0,13,145,195,3,5,8,10,22,8,47,0,20,4,234,23,5,5,14,9,8,78,5189,5,7,40,20,108,5,31,1,0,0,1,7,2,0,0,40,6,10,0,1,2,0,3,1,0,0,0,1,0,3,1,0,1,10,0,0,0,3,9,3,0,4,0,0,0,0,4,4,3,1,1
1894,2205,10368,1600,16697,32267,14795,1,7,68,4,1,1,1193,277,76,0,0,1,5,1,73,2,8,15,2,32,11,77,110,9,4,3,10,427,22,159,1,200,8,186,85,17,25,6,2,1,3295,4230,35,183,1111,510,1328,467,1450,0,0,0,2,67,4,0,0,692,35,189,1,7,1,2,17,4,9,2,1,4,0,33,6,0,0,77,69,1,0,38,156,12,1,45,1,1,0,1,196,47,11,51,13
378,2085,10506,11337,301,14795,21807,23,113,543,29,25,11,1382,541,2345,8,9,14,125,39,424,18,52,45,24,19,23,128,452,213,29,44,18,2871,172,410,23,573,4,892,726,427,27,70,15,26,2225,148,425,109,895,442,1316,212,818,2,5,8,11,54,7,3,1,640,37,158,4,47,7,7,20,5,3,5,3,6,0,21,7,3,2,85,34,3,0,48,154,12,2,31,2,2,0,1,165,44,8,60,17
10,6,1,86,1,1,23,47310,5483,91,1547,1116,7630,614,333,1316,3247,7574,5026,17687,429,2525,315,145,282,121,853,38,28,82,952,111,1405,29,19,202,1664,192,43,8,76,76,1140,98,998,82,132,1,4,48,0,1,9,1,0,1,120,300,88,737,36,43,73,94,9,23,20,84,68,1007,80,65,50,178,12,9,131,1,3,32,15,502,9,22,206,1,449,14,5,65,3,2,12,1,11,0,4,1,17,14
1,6,0,76,1,7,113,5483,50191,128,888,1787,2433,125,58,2116,1460,1321,6983,6207,372,1409,434,8727,7173,115,5499,45,20,60,139,133,1054,68,254,4110,10764,169,531,64,59,68,233,1131,280,61,213,38,8,65,2,2,12,0,2,0,193,421,97,1009,35,61,73,114,22,43,22,83,81,896,70,56,59,160,11,28,163,1,3,31,20,368,13,23,129,8,780,14,9,73,1,9,39,2,18,0,3,1,20,8
41,139,117,656,13,68,543,91,128,26434,3238,747,59,259,199,1456,36,41,573,132,1086,4546,497,62,65,91,91,194,262,116,111,139,125,128,564,1209,1463,45,746,24,9503,7884,712,232,72,402,398,106,21,6981,5,17,14,2,0,12,10,43,104,79,120,29,9,3,25,11,71,74,203,7,53,33,34,8,15,4,18,1,11,34,11,10,36,19,9,6,139,51,11,12,18,8,15,0,4,3,4,3,43,32
3,8,3,40,0,4,29,1547,888,3238,3625,6640,155,47,25,481,112,270,974,380,264,3800,1205,39,132,35,129,47,23,27,83,35,107,34,66,280,415,43,91,11,164,409,127,118,67,189,148,6,0,385,0,0,0,0,1,1,12,32,24,57,16,10,4,9,3,6,7,24,25,46,18,8,6,24,5,5,16,0,0,6,3,27,4,2,22,1,48,4,2,12,2,4,9,0,5,1,1,1,8,6
2,7,5,29,0,1,25,1116,1787,747,6640,16918,4825,121,105,328,3628,731,1246,1765,3340,1092,3442,128,903,98,587,128,15,176,164,192,6275,86,40,237,881,152,73,15,179,362,747,291,249,328,766,7,2,439,0,2,1,1,0,0,19,100,51,129,32,28,10,14,2,8,10,48,40,128,36,33,17,67,3,15,58,0,3,9,12,104,9,2,83,7,100,10,4,44,3,2,19,2,11,0,1,0,11,10
4,2,0,23,1,1,11,7630,2433,59,155,4825,20659,858,473,369,9993,3392,508,3945,774,186,186,100,458,49,781,14,24,437,644,295,5796,22,31,112,645,79,16,3,125,228,1431,76,562,22,108,4,2,326,0,1,2,0,0,2,53,56,17,278,15,8,24,32,5,17,11,15,11,481,6,30,16,103,4,6,62,0,0,11,3,229,4,17,85,2,172,4,2,31,2,0,6,1,6,0,0,1,4,4
5884,7852,1466,7401,2730,1193,1382,614,125,259,47,121,858,72594,19140,1966,82,126,117,2682,180,639,85,21,292,342,180,141,2925,22087,609,1465,1257,235,1063,479,1300,177,789,30,2426,2114,3999,141,3013,87,487,603,11129,3212,85,414,153,86,64,155,1,11,26,23,116,12,5,3,693,76,264,8,159,81,28,61,16,47,26,17,42,2,80,38,18,79,246,124,59,2,134,215,86,40,80,5,22,1,7,25,68,14,157,63
152,2295,48,8296,32,277,541,333,58,199,25,105,473,19140,24430,2102,110,117,78,1109,240,309,29,4,89,114,62,26,148,1419,677,344,637,53,385,238,532,82,242,3,911,1969,14984,35,869,17,114,284,69,6668,14,105,44,9,10,42,3,7,8,8,52,6,6,2,131,14,65,6,78,36,10,17,6,16,6,3,14,0,15,23,2,30,55,20,12,1,75,46,11,12,16,1,6,2,2,4,20,4,62,10
47,144,32,9258,25,76,2345,1316,2116,1456,481,328,369,1966,2102,36637,445,746,5915,1540,982,674,82,86,168,95,107,27,100,521,10695,97,263,44,2169,4036,978,99,417,16,695,894,8754,86,390,25,81,151,56,804,18,63,28,17,21,37,11,33,99,84,233,40,3,11,145,56,205,55,486,53,79,52,31,31,54,8,13,1,54,98,10,46,157,80,21,1,251,242,80,14,73,1,13,0,4,11,15,17,193,94
3,0,1,12,0,0,8,3247,1460,36,112,3628,9993,82,110,445,10342,7821,640,235,13363,83,213,66,40,10,32,5,2,84,1722,52,881,3,8,89,598,12,43,4,33,67,1696,34,61,9,123,2,0,116,0,1,1,0,0,0,16,61,34,87,10,11,2,5,3,5,5,18,28,16,16,6,14,7,3,1,10,0,0,4,2,9,3,2,4,3,77,3,2,4,3,1,2,0,1,0,0,0,4,3
0,2,1,17,1,0,9,7574,1321,41,270,731,3392,126,117,746,7821,3844,2970,528,2659,307,94,60,49,9,35,8,4,33,3124,51,651,4,12,58,661,9,22,7,23,34,1853,36,209,13,66,0,0,47,0,0,1,0,0,0,47,154,68,183,40,37,20,15,2,4,10,61,29,9,59,11,23,8,6,2,7,1,1,7,2,11,3,5,6,1,115,10,4,5,2,1,0,0,0,0,1,0,7,7
2,1,1,45,0,1,14,5026,6983,573,974,1246,508,117,78,5915,640,2970,16338,1411,1212,919,118,574,386,109,190,12,11,76,409,87,294,41,31,2311,2107,105,135,13,71,121,598,175,273,31,70,4,5,167,0,4,9,0,0,6,43,178,262,275,175,89,17,22,7,16,57,155,245,72,137,39,64,34,26,8,28,1,2,42,7,46,19,13,31,1,234,67,9,29,25,3,15,2,5,2,3,2,43,30
5,20,8,334,6,5,125,17687,6207,132,380,1765,3945,2682,1109,1540,235,528,1411,31816,145,905,1238,130,2369,696,1882,51,74,1032,1011,911,8516,156,134,1021,277,2318,65,16,409,384,2051,1515,8849,100,519,11,30,332,3,4,10,0,0,4,27,33,22,215,28,28,51,49,21,105,31,47,38,942,41,257,17,615,22,76,362,3,17,33,52,811,38,31,804,11,134,10,50,427,6,8,153,3,77,0,9,1,37,65
2,3,1,37,0,1,39,429,372,1086,264,3340,774,180,240,982,13363,2659,1212,145,6976,92,324,51,67,24,59,39,12,279,2122,79,521,21,93,487,758,34,152,7,175,465,7863,62,94,54,256,9,0,3356,0,0,1,0,0,3,10,46,55,77,55,17,4,4,6,5,18,37,86,12,39,12,16,10,9,3,8,0,0,18,0,7,6,7,7,0,76,20,9,4,8,3,4,0,2,1,0,0,17,8
187,410,475,728,85,73,424,2525,1409,4546,3800,1092,186,639,309,674,83,307,919,905,92,15988,4031,55,357,158,271,528,3213,554,108,299,173,453,237,409,553,104,326,176,12551,1402,273,615,220,3401,651,70,38,392,10,24,6,10,0,17,6,35,35,49,36,18,9,3,43,8,35,20,85,71,27,26,12,42,8,29,27,2,13,15,40,52,40,31,32,25,64,45,24,17,12,54,37,2,8,2,2,1,40,21
3,9,4,23,1,2,18,315,434,497,1205,3442,186,85,29,82,213,94,118,1238,324,4031,10094,64,1176,721,975,544,87,124,34,697,3116,430,20,121,94,683,67,145,191,278,165,2071,644,3860,8227,11,1,215,1,0,1,0,0,1,3,10,4,16,5,6,7,1,4,17,7,8,6,65,4,55,1,95,7,98,156,3,2,5,97,111,15,3,85,29,6,3,9,133,1,36,123,1,46,0,0,1,5,13
0,1,0,6,0,8,52,145,8727,62,39,128,100,21,4,86,66,60,574,130,51,55,64,5411,1667,49,1378,34,4,19,13,69,78,41,222,6506,4281,42,3227,86,11,21,40,1161,32,11,85,52,11,30,0,3,4,0,1,1,7,20,19,48,12,6,5,2,1,2,5,9,22,12,10,9,8,21,3,12,29,1,0,4,11,25,1,2,11,3,42,5,3,18,1,10,19,0,8,1,0,0,5,5
1,7,5,27,3,15,45,282,7173,65,132,903,458,292,89,168,40,49,386,2369,67,357,1176,1667,13724,237,11870,47,21,346,21,414,2701,140,115,1245,617,574,439,122,143,183,96,7115,636,68,560,103,20,129,2,3,4,2,1,1,9,16,7,85,18,18,35,23,23,74,11,44,17,372,29,256,6,526,18,120,652,7,3,26,93,481,35,19,471,17,41,5,38,571,3,17,381,10,146,0,3,1,31,55
5,4,2,83,1,2,24,121,115,91,35,98,49,342,114,95,10,9,109,696,24,158,721,49,237,25755,1376,185,22,100,44,9735,315,5935,20,122,43,4022,71,321,72,67,135,10600,2758,250,2590,18,14,52,1,0,3,0,1,1,1,3,0,8,22,16,11,5,3,16,1,13,8,17,17,213,4,67,4,692,582,9,0,8,887,88,3,3,52,212,3,4,12,322,0,279,762,17,219,0,0,0,11,16
1,2,2,36,0,32,19,853,5499,91,129,587,781,180,62,107,32,35,190,1882,59,271,975,1378,11870,1376,16014,869,32,134,41,1600,1374,803,54,499,2246,596,1769,5143,66,98,120,21313,818,201,1708,241,25,71,0,1,5,1,2,6,0,2,3,20,12,10,8,3,3,13,2,5,5,50,10,87,2,61,6,187,334,34,0,8,143,107,5,2,57,76,8,5,5,247,2,213,233,10,73,1,0,0,8,14
13,17,19,18,13,11,23,38,45,194,47,128,14,141,26,27,5,8,12,51,39,528,544,34,47,185,869,68672,2052,272,8,318,102,9084,13,41,409,80,370,18025,1391,195,31,775,89,18307,4197,48,24,131,0,0,0,1,0,1,1,1,1,5,1,1,0,0,1,1,1,0,2,2,1,13,2,4,0,23,34,226,2,1,32,3,2,1,4,97,4,2,0,9,3,564,31,13,15,1,0,1,4,1
199,161,311,205,145,77,128,28,20,262,23,15,24,2925,148,100,2,4,11,74,12,3213,87,4,21,22,32,2052,68148,7364,15,99,93,609,74,65,123,11,101,299,19437,302,98,93,92,1481,364,33,8665,81,0,8,8,1,2,3,1,0,4,3,14,5,0,0,28,7,20,3,38,4,4,8,2,3,6,3,4,3,5,9,6,4,21,7,4,18,22,17,6,3,2,22,2,0,2,1,2,0,22,9
367,371,479,639,195,110,452,82,60,116,27,176,437,22087,1419,521,84,33,76,1032,279,554,124,19,346,100,134,272,7364,44875,112,1194,1431,199,335,459,688,122,458,64,13407,6033,1417,169,1077,190,697,96,1855,1781,11,27,11,4,6,20,2,3,35,19,85,19,4,1,65,24,86,13,228,42,29,32,10,19,17,6,26,0,15,43,10,34,62,35,27,2,146,99,38,11,31,5,16,0,6,4,5,3,82,33
5,9,6,531,3,9,213,952,139,111,83,164,644,609,677,10695,1722,3124,409,1011,2122,108,34,13,21,44,41,8,15,112,15700,94,344,11,341,479,422,46,152,2,112,106,18135,26,403,6,45,33,7,92,4,9,4,3,3,4,1,7,31,29,77,16,3,4,29,16,58,19,129,34,25,21,12,8,16,1,11,0,16,28,2,11,43,24,20,1,96,65,20,10,16,0,1,0,2,3,5,5,69,31
7,4,12,65,5,4,29,111,133,139,35,192,295,1465,344,97,52,51,87,911,79,299,697,69,414,9735,1600,318,99,1194,94,30974,7662,6969,24,101,61,1248,97,365,402,489,378,4943,5258,373,13142,21,36,328,0,0,0,1,0,0,1,8,3,10,19,7,9,7,3,11,4,12,6,23,20,167,3,80,4,548,453,23,0,7,562,102,8,5,81,215,7,6,7,259,1,328,608,13,157,0,0,0,10,17
4,11,6,61,8,3,44,1405,1054,125,107,6275,5796,1257,637,263,881,651,294,8516,521,173,3116,78,2701,315,1374,102,93,1431,344,7662,22795,195,73,296,207,1175,87,15,484,761,1222,822,9010,154,3478,16,5,668,1,1,3,1,1,0,18,10,12,85,18,7,20,14,5,25,7,16,28,352,18,86,6,211,8,40,163,3,6,13,41,284,22,9,237,5,59,9,11,182,1,4,81,1,52,0,2,1,10,28
10,16,23,43,10,10,18,29,68,128,34,86,22,235,53,44,3,4,41,156,21,453,430,41,140,5935,803,9084,609,199,11,6969,195,30056,23,42,69,408,86,10462,840,129,46,8094,432,5041,16508,22,17,93,0,0,0,0,0,1,0,0,1,4,4,2,4,1,0,4,0,4,2,9,8,142,1,14,2,190,160,106,0,4,320,23,1,2,9,891,3,0,4,39,1,1716,323,105,213,0,0,0,2,2
58,84,43,529,22,427,2871,19,254,564,66,40,31,1063,385,2169,8,12,31,134,93,237,20,222,115,20,54,13,74,335,341,24,73,23,6074,2281,991,25,5667,15,424,470,743,80,37,20,28,1709,89,327,37,154,85,25,27,63,3,10,18,17,90,10,0,0,301,54,142,14,119,10,22,32,14,13,20,2,3,0,48,32,2,5,167,82,2,1,90,145,45,5,53,2,4,1,4,25,25,13,99,33
12,13,11,201,8,22,172,202,4110,1209,280,237,112,479,238,4036,89,58,2311,1021,487,409,121,6506,1245,122,499,41,65,459,479,101,296,42,2281,21614,5842,122,7275,50,444,510,1314,632,119,33,119,54,28,656,8,23,23,3,5,18,21,87,181,168,291,75,8,12,86,62,233,91,585,67,123,66,52,37,88,15,34,2,57,109,10,49,139,95,27,4,440,268,108,43,90,6,18,1,9,9,12,13,215,97
128,305,98,645,47,159,410,1664,10764,1463,415,881,645,1300,532,978,598,661,2107,277,758,553,94,4281,617,43,2246,409,123,688,422,61,207,69,991,5842,5475,30,9038,566,745,659,1536,390,76,47,90,522,103,864,7,29,15,9,7,22,15,84,63,143,54,33,18,16,40,21,73,47,107,14,66,21,16,14,20,4,12,13,12,23,3,16,55,19,12,4,149,76,23,8,19,35,7,1,3,8,5,6,39,34
0,2,2,43,0,1,23,192,169,45,43,152,79,177,82,99,12,9,105,2318,34,104,683,42,574,4022,596,80,11,122,46,1248,1175,408,25,122,30,8205,30,33,64,112,143,4969,6363,43,890,4,4,78,1,1,3,0,1,3,4,0,3,16,20,10,9,4,5,19,3,9,5,27,15,103,4,116,8,189,176,4,1,5,125,138,17,5,117,19,10,2,11,352,1,13,191,3,113,0,1,1,7,24
63,80,33,258,20,200,573,43,531,746,91,73,16,789,242,417,43,22,135,65,152,326,67,3227,439,71,1769,370,101,458,152,97,87,86,5667,7275,9038,30,19527,670,562,567,702,1192,33,47,114,3748,114,497,29,115,43,16,12,37,7,11,46,38,140,23,0,3,242,56,223,24,235,11,16,54,18,10,24,11,18,11,56,56,13,7,220,78,7,9,215,243,72,16,73,30,21,1,5,10,16,12,223,59
7,8,11,4,4,8,4,8,64,24,11,15,3,30,3,16,4,7,13,16,7,176,145,86,122,321,5143,18025,299,64,2,365,15,10462,15,50,566,33,670,36080,309,18,5,17815,23,1517,1570,96,7,12,0,1,0,0,1,2,0,2,0,2,4,3,0,2,0,0,2,0,2,3,3,109,1,4,1,87,187,762,3,0,220,12,0,2,4,1287,5,1,1,18,2,5984,276,207,188,0,1,0,5,1
451,826,1061,1468,234,186,892,76,59,9503,164,179,125,2426,911,695,33,23,71,409,175,12551,191,11,143,72,66,1391,19437,13407,112,402,484,840,424,444,745,64,562,309,59348,9412,760,235,383,1471,731,164,218,1256,9,48,20,11,12,27,2,7,34,13,103,11,2,1,94,23,80,16,173,12,17,30,9,15,21,7,8,4,17,44,12,10,57,25,15,24,117,83,22,8,27,58,7,3,16,4,5,11,68,26
63,292,216,1126,23,85,726,76,68,7884,409,362,228,2114,1969,894,67,34,121,384,465,1402,278,21,183,67,98,195,302,6033,106,489,761,129,470,510,659,112,567,18,9412,13642,1819,170,360,249,579,141,71,8312,7,32,19,4,8,15,3,9,53,23,80,12,1,2,57,21,59,23,135,10,34,23,18,10,20,7,14,1,14,27,12,16,22,21,12,6,102,52,20,10,16,8,24,1,3,6,12,4,39,27
10,25,18,1189,5,17,427,1140,233,712,127,747,1431,3999,14984,8754,1696,1853,598,2051,7863,273,165,40,96,135,120,31,98,1417,18135,378,1222,46,743,1314,1536,143,702,5,760,1819,37080,82,1218,34,240,104,22,5688,4,23,14,3,7,19,10,28,117,54,232,47,4,5,61,40,163,54,401,86,54,48,35,25,34,6,25,0,21,99,12,48,98,49,30,0,306,160,40,34,54,1,8,0,5,4,15,13,171,63
7,7,4,37,5,25,27,98,1131,232,118,291,76,141,35,86,34,36,175,1515,62,615,2071,1161,7115,10600,21313,775,93,169,26,4943,822,8094,80,632,390,4969,1192,17815,235,170,82,83098,1062,1218,5437,295,26,148,1,1,4,0,4,6,5,13,5,18,38,14,20,8,5,14,5,13,6,42,32,412,9,96,9,1117,952,71,1,9,1221,162,13,9,84,922,12,0,9,462,3,1661,1360,75,412,2,0,1,17,25
22,31,10,320,14,6,70,998,280,72,67,249,562,3013,869,390,61,209,273,8849,94,220,644,32,636,2758,818,89,92,1077,403,5258,9010,432,37,119,76,6363,33,23,383,360,1218,1062,9750,52,906,16,41,271,1,0,3,0,0,2,5,11,9,33,32,26,12,8,14,51,5,31,20,133,26,226,5,295,12,215,352,8,3,25,134,382,27,17,313,13,31,7,30,617,3,16,344,4,142,0,0,0,24,59
15,10,32,29,9,2,15,82,61,402,189,328,22,87,17,25,9,13,31,100,54,3401,3860,11,68,250,201,18307,1481,190,6,373,154,5041,20,33,47,43,47,1517,1471,249,34,1218,52,14443,9197,4,10,119,0,0,1,1,0,0,1,2,0,6,8,2,0,0,0,3,2,2,6,7,3,28,0,5,1,51,38,22,1,0,83,3,2,0,8,233,6,1,0,14,3,392,92,25,58,0,0,0,0,5
13,10,9,42,8,1,26,132,213,398,148,766,108,487,114,81,123,66,70,519,256,651,8227,85,560,2590,1708,4197,364,697,45,13142,3478,16508,28,119,90,890,114,1570,731,579,240,5437,906,9197,29198,25,10,404,0,0,2,0,0,2,1,10,2,8,16,6,7,2,1,3,5,10,5,12,12,168,0,44,7,401,374,52,1,5,486,63,7,2,51,744,12,5,6,214,4,1219,520,68,230,2,0,0,8,10
162,541,196,1708,78,3295,2225,1,38,106,6,7,4,603,284,151,2,0,4,11,9,70,11,52,103,18,241,48,33,96,33,21,16,22,1709,54,522,4,3748,96,164,141,104,295,16,4,25,6819,434,86,48,446,260,195,184,596,0,2,3,1,19,1,0,0,194,14,85,0,8,1,3,6,4,3,4,2,8,2,7,1,3,0,25,14,0,2,11,101,4,2,21,7,3,0,1,176,16,5,24,2
1234,320,627,202,5189,4230,148,4,8,21,0,2,2,11129,69,56,0,0,5,30,0,38,1,11,20,14,25,24,8665,1855,7,36,5,17,89,28,103,4,114,7,218,71,22,26,41,10,10,434,15405,9,6,34,10,7,5,25,0,0,1,2,10,0,1,1,37,3,20,0,9,2,2,3,0,3,2,0,3,0,5,1,0,1,20,5,1,1,7,21,5,0,9,1,1,0,0,6,6,1,13,2
12,46,30,387,5,35,425,48,65,6981,385,439,326,3212,6668,804,116,47,167,332,3356,392,215,30,129,52,71,131,81,1781,92,328,668,93,327,656,864,78,497,12,1256,8312,5688,148,271,119,404,86,9,13920,0,17,7,5,2,13,6,11,44,21,80,14,3,1,19,13,62,24,169,15,27,22,19,7,21,5,19,0,11,43,8,15,34,18,10,0,128,61,17,13,16,7,14,0,4,2,3,4,65,24
17,58,52,109,7,183,109,0,2,5,0,0,0,85,14,18,0,0,0,3,0,10,1,0,2,1,0,0,0,11,4,0,1,0,37,8,7,1,29,0,9,7,4,1,1,0,0,48,6,0,36199,19311,937,7109,11797,871,0,3,3,1,336,8,0,0,15681,65,41,0,10,16,2,447,4,5,0,3,6,3,939,5,4,2,555,19,4,1,153,86,4,28,105,0,7,0,0,160,13837,200,653,8
142,352,325,776,40,1111,895,1,2,17,0,2,1,414,105,63,1,0,4,4,0,24,0,3,3,0,1,0,8,27,9,0,1,0,154,23,29,1,115,1,48,32,23,1,0,0,0,446,34,17,19311,99010,16655,11137,1876,10737,0,2,3,1,1499,30,0,1,14710,231,209,1,14,5,2,485,6,6,1,2,4,3,572,7,3,3,568,33,3,0,442,278,4,1,299,2,4,2,1,422,1546,247,1516,81
53,195,143,366,20,510,442,9,12,14,0,1,2,153,44,28,1,1,9,10,1,6,1,4,4,3,5,0,8,11,4,0,3,0,85,23,15,3,43,0,20,19,14,4,3,1,2,260,10,7,937,16655,38819,292,230,11528,0,20,5,100,1326,101,9,5,8244,7443,8011,14,183,181,74,176,83,185,35,20,63,2,205,25,26,57,339,245,20,3,471,796,35,105,453,3,133,3,14,783,426,66,1119,503
46,68,1465,165,108,1328,1316,1,0,2,0,1,0,86,9,17,0,0,0,0,0,10,0,0,2,0,1,1,1,4,3,1,1,0,25,3,9,0,16,0,11,4,3,0,0,1,0,195,7,5,7109,11137,292,19971,8951,12218,0,0,2,0,253,21,0,1,557,15,158,0,4,2,1,78,11,8,3,0,4,1,69,1,1,1,69,10,0,0,70,241,0,0,92,0,0,0,0,493,453,27,187,21
26,67,54,145,5,467,212,0,2,0,1,0,0,64,10,21,0,0,0,0,0,0,0,1,1,1,2,0,2,6,3,0,1,0,27,5,7,1,12,1,12,8,7,4,0,0,0,184,5,2,11797,1876,230,8951,11524,3185,0,1,1,4,185,19,0,0,631,59,231,1,14,4,8,49,62,71,13,4,92,0,71,14,5,4,87,33,0,4,291,935,16,4,988,17,11,0,1,5917,4112,13,129,36
54,246,210,474,31,1450,818,1,0,12,1,0,2,155,42,37,0,0,6,4,3,17,1,1,1,1,6,1,3,20,4,0,0,1,63,18,22,3,37,2,27,15,19,6,2,0,2,596,25,13,871,10737,11528,12218,3185,18099,1,3,3,15,1110,142,1,0,1618,179,3123,5,86,14,48,134,163,112,45,5,63,1,103,21,4,7,241,85,2,6,562,1738,78,9,2266,4,24,1,3,1248,225,40,768,231
0,0,0,1,1,0,2,120,193,10,12,19,53,1,3,11,16,47,43,27,10,6,3,7,9,1,0,1,1,2,1,1,18,0,3,21,15,4,7,0,2,3,10,5,5,1,1,0,0,6,0,0,0,0,0,1,3503,6917,691,843,19,111,335,3749,13,217,141,2125,280,4655,69,173,219,96,50,22,46,4,2,458,29,4103,53,111,277,5,500,10,67,30,4,2,14,3,24,0,1,2,15,54
1,0,0,6,0,0,5,300,421,43,32,100,56,11,7,33,61,154,178,33,46,35,10,20,16,3,2,1,0,3,7,8,10,0,10,87,84,0,11,2,7,9,28,13,11,2,10,2,0,11,3,2,20,0,1,3,6917,41778,7878,2582,165,1145,475,2089,39,349,556,9721,1499,5172,407,953,386,141,63,23,92,13,18,1259,58,718,100,277,332,13,1535,27,68,169,28,16,86,18,79,2,5,1,44,49
2,1,0,14,0,0,8,88,97,104,24,51,17,26,8,99,34,68,262,22,55,35,4,19,7,0,3,1,4,35,31,3,12,1,18,181,63,3,46,0,34,53,117,5,9,0,2,3,1,44,3,3,5,2,1,3,691,7878,5807,4634,503,1096,117,221,18,128,1217,6013,3906,1086,819,592,121,122,248,19,33,5,8,3837,32,232,25,135,184,3,782,105,54,89,90,2,49,11,17,1,2,0,85,112
1,0,1,9,1,2,11,737,1009,79,57,129,278,23,8,84,87,183,275,215,77,49,16,48,85,8,20,5,3,19,29,10,85,4,17,168,143,16,38,2,13,23,54,18,33,6,8,1,2,21,1,1,100,0,4,15,843,2582,4634,44101,369,1190,951,1141,65,207,926,893,7451,9098,830,1047,13415,6119,87,47,1264,16,16,218,88,1760,38,242,367,20,7686,215,41,205,29,20,313,19,88,4,15,5,72,57
10,27,15,51,7,67,54,36,35,120,16,32,15,116,52,233,10,40,175,28,55,36,5,12,18,22,12,1,14,85,77,19,18,4,90,291,54,20,140,4,103,80,232,38,32,8,16,19,10,80,336,1499,1326,253,185,1110,19,165,503,369,32075,2947,1379,347,1756,570,1472,452,1264,101,7761,2082,247,203,373,206,432,110,99,272,348,278,154,213,56,107,1461,1309,390,85,782,89,312,59,187,276,112,27298,43962,5480
2,2,6,5,2,4,7,43,61,29,10,28,8,12,6,40,11,37,89,28,17,18,6,6,18,16,10,1,5,19,16,7,7,2,10,75,33,10,23,3,11,12,47,14,26,2,6,1,0,14,8,30,101,21,19,142,111,1145,1096,1190,2947,7203,6459,1904,47,64,367,1984,708,238,8122,10278,226,225,168,56,305,64,4,227,289,1034,25,81,35,73,664,232,42,47,154,44,279,124,460,45,2,3,82,142
0,0,0,3,0,0,3,73,73,9,4,10,24,5,6,3,2,20,17,51,4,9,7,5,35,11,8,0,0,4,3,9,20,4,0,8,18,9,0,0,2,1,4,20,12,0,7,0,1,3,0,0,9,0,0,1,335,475,117,951,1379,6459,11909,9830,7,43,36,4071,88,480,6978,9236,189,388,216,43,283,56,3,313,196,13516,10,34,47,43,293,26,42,27,5,47,200,79,444,0,2,0,55,145
0,1,0,1,0,0,1,94,114,3,9,14,32,3,2,11,5,15,22,49,4,3,1,2,23,5,3,0,0,1,4,7,14,1,0,12,16,4,3,2,1,2,5,8,8,0,2,0,1,1,0,1,5,1,0,0,3749,2089,221,1141,347,1904,9830,12420,14,98,54,10509,105,1589,4757,1090,192,215,158,29,136,26,2,442,133,12095,18,50,129,24,386,10,58,25,4,16,81,24,203,0,0,0,32,88
189,386,280,708,40,692,640,9,22,25,3,2,5,693,131,145,3,2,7,21,6,43,4,1,23,3,3,1,28,65,29,3,5,0,301,86,40,5,242,0,94,57,61,5,14,0,1,194,37,19,15681,14710,8244,557,631,1618,13,39,18,65,1756,47,7,14,68802,20792,1134,54,151,421,29,950,49,174,20,60,101,13,8231,37,57,134,17557,517,111,15,1301,1109,74,449,1158,8,155,5,16,817,18087,688,3359,351
9,15,15,30,6,35,37,23,43,11,6,8,17,76,14,56,5,4,16,105,5,8,17,2,74,16,13,1,7,24,16,11,25,4,54,62,21,19,56,0,23,21,40,14,51,3,3,14,3,13,65,231,7443,15,59,179,217,349,128,207,570,64,43,98,20792,42815,2832,440,390,1717,134,196,58,412,288,410,283,11,597,898,298,696,12915,7952,1262,70,510,555,12539,1888,333,43,395,8,46,98,286,94,3064,6954
35,76,60,130,10,189,158,20,22,71,7,10,11,264,65,205,5,10,57,31,18,35,7,5,11,1,2,1,20,86,58,4,7,0,142,233,73,3,223,2,80,59,163,5,5,2,5,85,20,62,41,209,8011,158,231,3123,141,556,1217,926,1472,367,36,54,1134,2832,37227,1285,14624,669,314,351,492,502,453,27,130,4,322,7499,55,150,1026,8395,104,13,1084,7093,453,146,443,9,140,1,22,296,114,91,1699,712
1,2,0,6,0,1,4,84,83,74,24,48,15,8,6,55,18,61,155,47,37,20,8,9,44,13,5,0,3,13,19,12,16,4,14,91,47,9,24,0,16,23,54,13,31,2,10,0,0,24,0,1,14,0,1,5,2125,9721,6013,893,452,1984,4071,10509,54,440,1285,10802,1997,693,7568,1487,200,190,1427,210,214,55,14,7625,343,2029,123,401,1220,67,670,97,221,222,76,37,165,40,300,2,4,5,80,221
3,7,4,27,1,7,47,68,81,203,25,40,11,159,78,486,28,29,245,38,86,85,6,22,17,8,5,2,38,228,129,6,28,2,119,585,107,5,235,2,173,135,401,6,20,6,5,8,9,169,10,14,183,4,14,86,280,1499,3906,7451,1264,708,88,105,151,390,14624,1997,18373,941,890,488,4353,1066,655,53,244,13,118,3544,81,241,411,843,164,7,3164,4208,315,134,536,16,222,4,45,18,26,25,715,547
0,3,2,16,2,1,7,1007,896,7,46,128,481,81,36,53,16,9,72,942,12,71,65,12,372,17,50,2,4,42,34,23,352,9,10,67,14,27,11,3,12,10,86,42,133,7,12,1,2,15,16,5,181,2,4,14,4655,5172,1086,9098,101,238,480,1589,421,1717,669,693,941,29011,105,1175,302,7428,184,166,1454,34,100,947,215,6313,383,958,7066,54,805,53,269,5381,13,35,2357,33,194,5,62,9,135,212
2,1,0,5,0,2,7,80,70,53,18,36,6,28,10,79,16,59,137,41,39,27,4,10,29,17,10,1,4,29,25,20,18,8,22,123,66,15,16,3,17,34,54,32,26,3,12,3,2,27,2,2,74,1,8,48,69,407,819,830,7761,8122,6978,4757,29,134,314,7568,890,105,13703,2633,331,273,3981,234,416,129,5,3324,563,1162,38,83,114,141,1077,355,958,71,293,112,321,95,436,19,5,2,397,5188
1,15,12,25,3,17,20,65,56,33,8,33,30,61,17,52,6,11,39,257,12,26,55,9,256,213,87,13,8,32,21,167,86,142,32,66,21,103,54,109,30,23,48,412,226,28,168,6,3,22,447,485,176,78,49,134,173,953,592,1047,2082,10278,9236,1090,950,196,351,1487,488,1175,2633,39336,159,1794,285,811,3250,5135,2313,348,6334,7655,769,146,301,3027,389,250,122,410,181,1475,3190,10089,16516,34,292,3998,2683,224
1,2,3,11,1,4,5,50,59,34,6,17,16,16,6,31,14,23,64,17,16,12,1,8,6,4,2,2,2,10,12,3,6,1,14,52,16,4,18,1,9,18,35,9,5,0,0,4,0,19,4,6,83,11,62,163,219,386,121,13415,247,226,189,192,49,58,492,200,4353,302,331,159,9083,2120,59,31,583,2,11,47,70,370,54,47,87,16,5849,2426,29,104,1005,11,194,5,37,106,9,7,74,51
0,1,2,9,0,9,3,178,160,8,24,67,103,47,16,31,7,8,34,615,10,42,95,21,526,67,61,4,3,19,8,80,211,14,13,37,14,116,10,4,15,10,25,96,295,5,44,3,3,7,5,6,185,8,71,112,96,141,122,6119,203,225,388,215,174,412,502,190,1066,7428,273,1794,2120,20840,115,303,14041,49,30,150,545,3756,132,242,1676,119,960,577,156,4193,1105,108,2717,46,776,218,41,9,128,228
2,3,0,1,0,2,5,12,11,15,5,3,4,26,6,54,3,6,26,22,9,8,7,3,18,4,6,0,6,17,16,4,8,2,20,88,20,8,24,1,21,20,34,9,12,1,7,4,2,21,0,1,35,3,13,45,50,63,248,87,373,168,216,158,20,288,453,1427,655,184,3981,285,59,115,4947,121,132,35,16,6351,249,436,92,831,218,31,508,336,9378,178,225,31,106,20,103,18,1,4,368,9971
0,0,0,1,0,1,3,9,28,4,5,15,6,17,3,8,1,2,8,76,3,29,98,12,120,692,187,23,3,6,1,548,40,190,2,15,4,189,11,87,7,7,6,1117,215,51,401,2,0,5,3,2,20,0,4,5,22,23,19,47,206,56,43,29,60,410,27,210,53,166,234,811,31,303,121,39201,3445,148,36,145,14704,2139,346,68,5593,9580,54,16,274,6325,20,586,22162,100,741,9,14,8,424,794
0,1,3,4,1,4,6,131,163,18,16,58,62,42,14,13,10,7,28,362,8,27,156,29,652,582,334,34,4,26,11,453,163,160,3,34,12,176,18,187,8,14,25,952,352,38,374,8,3,19,6,4,63,4,92,63,46,92,33,1264,432,305,283,136,101,283,130,214,244,1454,416,3250,583,14041,132,3445,15558,331,34,124,4505,2797,121,92,1654,1387,716,277,165,2133,1038,6174,11287,206,2409,282,40,6,160,291
0,0,0,1,0,0,0,1,1,1,0,0,0,2,0,1,0,1,1,3,0,2,3,1,7,9,34,226,3,0,0,23,3,106,0,2,13,4,11,762,4,1,0,71,8,22,52,2,0,0,3,3,2,1,0,1,4,13,5,16,110,64,56,26,13,11,4,55,13,34,129,5135,2,49,35,148,331,51250,775,40,723,230,31,5,56,12514,22,5,25,40,16,19384,363,19605,2320,2,7,343,55,61
14,13,10,23,3,33,21,3,3,11,0,3,0,80,15,54,0,1,2,17,0,13,2,0,3,0,0,2,5,15,16,0,6,0,48,57,12,1,56,3,17,14,21,1,3,1,1,7,5,11,939,572,205,69,71,103,2,18,8,16,99,4,3,2,8231,597,322,14,118,100,5,2313,11,30,16,36,34,775,112673,51,27,56,28775,147,56,57,259,313,55,186,213,41,62,352,18,56,19200,18297,2111,39
2,6,2,9,1,6,7,32,31,34,6,9,11,38,23,98,4,7,42,33,18,15,5,4,26,8,8,1,9,43,28,7,13,4,32,109,23,5,56,0,44,27,99,9,25,0,5,1,1,43,5,7,25,1,14,21,458,1259,3837,218,272,227,313,442,37,898,7499,7625,3544,947,3324,348,47,150,6351,145,124,40,51,8358,181,708,229,5329,670,32,458,311,2416,315,182,24,103,20,105,14,17,8,209,852
0,0,0,1,0,0,3,15,20,11,3,12,3,18,2,10,2,2,7,52,0,40,97,11,93,887,143,32,6,10,2,562,41,320,2,10,3,125,13,220,12,12,12,1221,134,83,486,3,0,8,4,3,26,1,5,4,29,58,32,88,348,289,196,133,57,298,55,343,81,215,563,6334,70,545,249,14704,4505,723,27,181,43848,4436,221,61,7849,11778,62,58,330,1268,69,1481,8646,1047,19499,11,9,8,414,914
1,0,0,9,1,0,2,502,368,10,27,104,229,79,30,46,9,11,46,811,7,52,111,25,481,88,107,3,4,34,11,102,284,23,5,49,16,138,7,12,10,16,48,162,382,3,63,0,1,15,2,3,57,1,4,7,4103,718,232,1760,278,1034,13516,12095,134,696,150,2029,241,6313,1162,7655,370,3756,436,2139,2797,230,56,708,4436,25268,246,215,14704,349,488,50,493,1360,43,138,2863,142,8488,9,16,7,184,549
36,45,29,92,10,77,85,9,13,36,4,9,4,246,55,157,3,3,19,38,6,40,15,1,35,3,5,2,21,62,43,8,22,1,167,139,55,17,220,0,57,22,98,13,27,2,7,25,20,34,555,568,339,69,87,241,53,100,25,38,154,25,10,18,17557,12915,1026,123,411,383,38,769,54,132,92,346,121,31,28775,229,221,246,71880,559,510,62,954,1211,490,958,880,58,159,16,32,153,3347,14084,39191,1869
15,33,10,43,0,69,34,22,23,19,2,2,17,124,20,80,2,5,13,31,7,31,3,2,19,3,2,1,7,35,24,5,9,2,82,95,19,5,78,2,25,21,49,9,17,0,2,14,5,18,19,33,245,10,33,85,111,277,135,242,213,81,34,50,517,7952,8395,401,843,958,83,146,47,242,831,68,92,5,147,5329,61,215,559,17837,291,18,476,659,7230,483,243,10,134,0,21,36,35,44,434,906
1,0,0,8,0,1,3,206,129,9,22,83,85,59,12,21,4,6,31,804,7,32,85,11,471,52,57,4,4,27,20,81,237,9,2,27,12,117,7,4,15,12,30,84,313,8,51,0,1,10,4,3,20,0,0,2,277,332,184,367,56,35,47,129,111,1262,104,1220,164,7066,114,301,87,1676,218,5593,1654,56,56,670,7849,14704,510,291,22232,141,180,37,484,4457,24,44,546,11,361,1,18,5,312,846
0,1,1,1,0,0,0,1,8,6,1,7,2,2,1,1,3,1,1,11,0,25,29,3,17,212,76,97,18,2,1,215,5,891,1,4,4,19,9,1287,24,6,0,922,13,233,744,2,1,0,1,0,3,0,4,6,5,13,3,20,107,73,43,24,15,70,13,67,7,54,141,3027,16,119,31,9580,1387,12514,57,32,11778,349,62,18,141,49753,39,10,57,488,36,8302,11050,13514,6231,8,4,29,88,158
7,16,10,44,3,38,48,449,780,139,48,100,172,134,75,251,77,115,234,134,76,64,6,42,41,3,8,4,22,146,96,7,59,3,90,440,149,10,215,5,117,102,306,12,31,6,12,11,7,128,153,442,471,70,291,562,500,1535,782,7686,1461,664,293,386,1301,510,1084,670,3164,805,1077,389,5849,960,508,54,716,22,259,458,62,488,954,476,180,39,4704,3924,626,47,8532,230,83,11,57,829,200,64,894,816
19,65,53,118,9,156,154,14,14,51,4,10,4,215,46,242,3,10,67,10,20,45,3,5,5,4,5,2,17,99,65,6,9,0,145,268,76,2,243,1,83,52,160,0,7,1,5,101,21,61,86,278,796,241,935,1738,10,27,105,215,1309,232,26,10,1109,555,7093,97,4208,53,355,250,2426,577,336,16,277,5,313,311,58,50,1211,659,37,10,3924,15416,491,32,7673,34,84,4,14,1241,191,92,1415,627
7,5,3,13,3,12,12,5,9,11,2,4,2,86,11,80,2,4,9,50,9,24,9,3,38,12,5,0,6,38,20,7,11,4,45,108,23,11,72,1,22,20,40,9,30,0,6,4,5,17,4,4,35,0,16,78,67,68,54,41,390,42,42,58,74,12539,453,221,315,269,958,122,29,156,9378,274,165,25,55,2416,330,493,490,7230,484,57,626,491,23220,620,407,42,151,5,72,36,9,20,774,14013
0,2,0,4,0,1,2,65,73,12,12,44,31,40,12,14,4,5,29,427,4,17,133,18,571,322,247,9,3,11,10,259,182,39,5,43,8,352,16,18,8,10,34,462,617,14,214,2,0,13,28,1,105,0,4,9,30,169,89,205,85,47,27,25,449,1888,146,222,134,5381,71,410,104,4193,178,6325,2133,40,186,315,1268,1360,958,483,4457,488,47,32,620,17317,22,181,25604,18,330,7,109,13,405,648
9,14,12,27,4,45,31,3,1,18,2,3,2,80,16,73,3,2,25,6,8,12,1,1,3,0,2,3,2,31,16,1,1,1,53,90,19,1,73,2,27,16,54,3,3,3,4,21,9,16,105,299,453,92,988,2266,4,28,90,29,782,154,5,4,1158,333,443,76,536,13,293,181,1005,1105,225,20,1038,16,213,182,69,43,880,243,24,36,8532,7673,407,22,14362,179,108,5,30,3863,243,67,801,472
1,1,1,1,0,1,2,2,9,8,4,2,0,5,1,1,1,1,3,8,3,54,36,10,17,279,213,564,22,5,0,328,4,1716,2,6,35,13,30,5984,58,8,1,1661,16,392,1219,7,1,7,0,2,3,0,17,4,2,16,2,20,89,44,47,16,8,43,9,37,16,35,112,1475,11,108,31,586,6174,19384,41,24,1481,138,58,10,44,8302,230,34,42,181,179,40793,9947,2408,1631,56,11,22,70,124
0,1,0,2,0,1,2,12,39,15,9,19,6,22,6,13,2,0,15,153,4,37,123,19,381,762,233,31,2,16,1,608,81,323,4,18,7,191,21,276,7,24,8,1360,344,92,520,3,1,14,7,4,133,0,11,24,14,86,49,313,312,279,200,81,155,395,140,165,222,2357,321,3190,194,2717,106,22162,11287,363,62,103,8646,2863,159,134,546,11050,83,84,151,25604,108,9947,51030,396,3076,30,32,7,119,193
0,0,0,0,0,0,0,1,2,0,0,2,1,1,2,0,0,0,2,3,0,2,1,0,10,17,10,13,0,0,0,13,1,105,1,1,1,3,1,207,3,1,0,75,4,25,68,0,0,0,0,2,3,0,0,1,3,18,11,19,59,124,79,24,5,8,1,40,4,33,95,10089,5,46,20,100,206,19605,352,20,1047,142,16,0,11,13514,11,4,5,18,5,2408,396,22795,13638,1,1,186,18,20
0,0,0,0,0,1,1,11,18,4,5,11,6,7,2,4,1,0,5,77,2,8,46,8,146,219,73,15,2,6,2,157,52,213,4,9,3,113,5,188,16,3,5,412,142,58,230,1,0,4,0,1,14,0,1,3,24,79,17,88,187,460,444,203,16,46,22,300,45,194,436,16516,37,776,103,741,2409,2320,18,105,19499,8488,32,21,361,6231,57,14,72,330,30,1631,3076,13638,27717,4,4,9,41,104
8,38,30,86,4,196,165,0,0,3,1,0,0,25,4,11,0,0,2,0,1,2,0,1,0,0,1,1,1,4,3,0,0,0,25,9,8,0,10,0,4,6,4,2,0,0,2,176,6,2,160,422,783,493,5917,1248,0,2,1,4,276,45,0,0,817,98,296,2,18,5,19,34,106,218,18,9,282,2,56,14,11,9,153,36,1,8,829,1241,36,7,3863,56,30,1,4,7531,613,9,214,85
5,20,12,37,4,47,44,4,3,4,1,1,0,68,20,15,0,1,3,9,0,2,0,0,3,0,0,0,2,5,5,0,2,0,25,12,5,1,16,1,5,12,15,0,0,0,0,16,6,3,13837,1546,426,453,4112,225,1,5,2,15,112,2,2,0,18087,286,114,4,26,62,5,292,9,41,1,14,40,7,19200,17,9,16,3347,35,18,4,200,191,9,109,243,11,32,1,4,613,44501,532,448,18
1,1,0,6,3,11,8,1,1,3,1,0,1,14,4,17,0,0,2,1,0,1,1,0,1,0,0,1,0,3,5,0,1,0,13,13,6,1,12,0,11,4,13,1,0,0,0,5,1,4,200,247,66,27,13,40,2,1,0,5,27298,3,0,0,688,94,91,5,25,9,2,3998,7,9,4,8,6,343,18297,8,8,7,14084,44,5,29,64,92,20,13,67,22,7,186,9,9,532,48670,4546,56
18,26,22,52,1,51,60,17,20,43,8,11,4,157,62,193,4,7,43,37,17,40,5,5,31,11,8,4,22,82,69,10,10,2,99,215,39,7,223,5,68,39,171,17,24,0,8,24,13,65,653,1516,1119,187,129,768,15,44,85,72,43962,82,55,32,3359,3064,1699,80,715,135,397,2683,74,128,368,424,160,55,2111,209,414,184,39191,434,312,88,894,1415,774,405,801,70,119,18,41,214,448,4546,29538,14308
7,4,2,15,1,13,17,14,8,32,6,10,4,63,10,94,3,7,30,65,8,21,13,5,55,16,14,1,9,33,31,17,28,2,33,97,34,24,59,1,26,27,63,25,59,5,10,2,2,24,8,81,503,21,36,231,54,49,112,57,5480,142,145,88,351,6954,712,221,547,212,5188,224,51,228,9971,794,291,61,39,852,914,549,1869,906,846,158,816,627,14013,648,472,124,193,20,104,85,18,56,14308,32136
