13200,7852,6744,1357,9570,1167,743,2,2,43,1,0,1,5607,80,64,0,0,2,21,2,521,4,0,7,4,3,64,452,575,8,9,8,28,54,22,13,2,39,20,692,97,29,11,21,27,17,59,1769,17,16,59,33,47,18,64,0,1,0,1,8,0,0,0,101,9,13,0,6,0,1,2,1,0,2,0,0,1,11,0,2,0,12,2,1,0,3,26,3,2,23,1,2,2,0,18,13,1,7,4
7852,49859,11979,26438,903,3294,3899,8,8,365,10,7,4,9066,3130,479,2,1,16,45,14,1084,11,4,15,16,7,30,312,711,22,15,13,34,222,65,86,24,159,14,982,564,104,24,68,27,13,288,562,80,80,338,162,66,145,305,0,1,2,5,30,2,0,0,444,40,49,0,13,2,4,24,2,11,3,1,2,2,33,1,2,1,74,17,1,1,11,101,3,0,80,1,3,0,0,89,51,11,31,6
6744,11979,27443,15115,8533,9227,22704,1,2,157,4,2,3,1144,90,99,1,0,6,7,9,734,4,1,5,3,9,49,289,432,2,5,5,31,84,17,25,2,106,18,707,242,28,12,14,26,17,191,553,45,161,738,159,2115,209,1449,1,0,0,1,23,0,0,1,274,15,44,1,2,0,3,19,1,0,3,0,2,0,16,1,3,0,25,8,0,0,8,72,3,0,47,1,2,0,1,115,35,6,14,6
1357,26438,15115,41892,692,2767,18480,58,138,1239,80,30,23,7111,7387,10969,24,5,83,303,69,1123,20,17,106,87,38,36,226,578,668,28,77,39,940,617,238,97,525,8,1171,1047,2196,76,273,19,49,1103,364,436,165,717,278,139,293,681,4,6,8,31,73,1,2,2,871,72,99,1,36,10,12,39,8,39,7,3,8,2,63,5,5,8,98,23,11,2,33,195,5,5,135,1,5,3,0,221,97,21,56,23
9570,903,8533,692,17958,13869,847,2,2,25,3,0,2,2428,41,50,0,0,2,3,3,285,0,2,8,7,19,52,533,381,5,9,7,33,57,13,28,2,35,16,490,63,20,16,5,31,21,277,5125,8,12,56,26,181,22,62,0,0,1,0,4,0,0,0,56,2,11,0,2,0,0,3,0,0,0,0,0,0,1,0,0,0,5,1,1,0,2,18,3,1,10,1,2,1,0,18,7,0,2,2
1167,3294,9227,2767,13869,26750,18135,1,15,187,18,2,1,748,261,368,4,0,2,8,21,145,2,10,25,7,60,11,106,134,9,8,18,11,782,40,118,3,479,9,225,127,77,42,8,8,5,2847,2594,64,144,614,283,814,498,1365,0,0,3,3,36,1,0,0,478,35,67,0,16,1,0,21,6,2,2,0,1,1,35,0,0,0,52,15,1,2,20,156,4,1,68,1,4,0,1,220,52,6,28,10
743,3899,22704,18480,847,18135,25560,18,128,917,95,17,9,2020,957,3669,19,4,45,74,81,531,19,58,91,19,39,12,132,387,319,20,48,21,3223,541,214,21,780,9,638,542,753,58,51,12,14,1757,298,383,151,833,447,953,341,1173,3,5,11,30,83,8,2,0,740,59,129,2,70,9,10,41,20,14,8,4,5,1,49,3,2,3,96,30,6,0,35,316,24,7,136,2,5,0,2,350,66,14,53,40
2,8,1,58,2,1,18,45075,8814,109,1703,1118,8342,793,541,2671,2476,3766,4311,8211,474,2583,210,174,481,52,221,17,23,229,2056,72,2339,31,23,197,725,113,60,7,64,88,1845,161,736,68,102,7,2,108,1,0,8,0,0,1,112,290,93,1375,13,18,55,78,5,20,27,32,103,550,33,38,118,337,8,8,40,0,3,13,6,277,7,17,134,2,94,22,7,19,11,1,17,0,14,2,0,0,2,9
2,8,2,138,2,15,128,8814,53232,195,1244,1907,3254,126,92,1923,1000,500,7326,5510,676,2137,328,10435,5131,103,4250,43,21,66,256,96,1699,51,263,4251,3715,190,780,30,43,74,436,727,312,89,164,54,7,65,2,1,11,0,1,9,245,620,146,2952,42,48,145,159,20,50,66,95,231,1054,80,101,268,877,23,28,141,3,6,33,22,560,20,40,309,4,222,70,8,67,28,3,95,3,24,6,1,1,11,14
43,365,157,1239,25,187,917,109,195,33728,4319,1033,153,638,663,2014,115,20,350,134,1854,3549,392,96,97,67,72,214,422,239,209,234,407,125,767,1397,632,51,1243,20,8155,9363,1545,205,175,312,488,442,91,7110,19,37,46,7,12,32,4,31,89,76,155,18,5,4,125,71,142,24,345,6,54,30,54,23,43,21,14,3,47,18,7,14,137,64,25,3,76,215,81,12,121,3,19,1,9,11,11,20,78,76
1,10,4,80,3,18,95,1703,1244,4319,3263,7334,493,67,41,1207,289,66,1053,426,1081,4680,1808,87,223,77,86,168,23,41,145,98,331,94,163,678,234,53,595,19,129,146,282,304,94,396,346,80,7,98,0,5,15,0,6,10,7,46,41,96,58,7,6,6,23,22,62,17,180,39,25,25,37,42,40,18,20,1,16,18,15,29,37,29,20,8,30,115,31,21,46,7,25,2,12,3,1,7,38,45
0,7,2,30,0,2,17,1118,1907,1033,7334,15830,4296,72,46,263,3448,256,650,1079,5382,1717,5291,162,1323,56,228,65,44,172,384,100,4273,65,36,306,307,117,110,5,148,451,737,286,173,234,422,8,0,358,0,0,3,0,1,4,10,45,32,167,19,2,5,2,6,6,5,9,45,70,17,21,34,176,4,16,30,0,1,3,17,77,5,4,87,0,19,17,3,45,6,1,43,0,10,2,0,0,7,8
1,4,3,23,2,1,9,8342,3254,153,493,4296,23979,352,310,707,5305,1261,646,2235,988,266,191,44,470,28,178,11,24,403,1732,59,6695,17,18,115,209,46,40,5,122,307,1289,147,204,27,80,6,1,526,0,1,3,0,0,1,36,69,10,390,6,5,19,24,1,6,10,6,41,171,3,16,25,179,5,6,32,0,0,2,4,96,7,4,63,0,29,14,4,13,4,0,16,1,2,1,0,1,0,4
5607,9066,1144,7111,2428,748,2020,793,126,638,67,72,352,62412,17032,2519,84,90,268,1934,191,1198,72,20,411,566,74,291,5223,27051,570,1329,1278,285,1212,773,384,250,1277,39,2768,3337,5772,154,4202,101,449,752,11283,3281,74,330,191,63,89,214,6,9,24,30,173,8,8,3,689,166,224,4,194,66,39,87,17,178,44,18,21,9,140,21,16,47,365,135,83,10,99,386,102,42,308,5,35,4,16,69,69,32,118,82
80,3130,90,7387,41,261,957,541,92,663,41,46,310,17032,21004,2890,104,65,221,1048,148,601,32,9,157,163,35,32,209,2052,685,273,646,51,575,488,176,154,350,7,755,1297,14651,68,1444,20,81,438,135,3915,33,104,41,20,42,85,1,3,8,13,65,7,3,0,229,38,59,2,64,30,12,28,14,65,11,2,6,1,31,2,3,30,62,22,33,1,30,103,22,12,87,2,12,1,0,29,21,9,33,22
64,479,99,10969,50,368,3669,2671,1923,2014,1207,263,707,2519,2890,37650,948,1743,6605,1753,1274,808,46,94,341,111,68,38,195,974,15339,79,649,39,2729,6099,473,198,654,14,829,780,14177,100,808,29,85,400,99,569,20,77,47,15,31,79,3,31,94,105,198,22,10,6,138,70,190,26,530,44,60,47,63,76,75,5,16,5,55,44,0,38,161,74,33,1,93,366,117,15,180,2,11,3,3,33,25,24,128,104
0,2,1,24,0,4,19,2476,1000,115,289,3448,5305,84,104,948,7714,2416,1104,142,6128,78,159,93,70,14,15,6,6,80,2672,58,961,5,37,237,204,16,108,0,32,92,1413,43,89,24,99,2,2,193,0,0,4,0,1,1,4,41,36,122,19,6,4,2,8,2,11,13,66,7,12,3,22,11,4,2,6,0,2,2,0,3,4,1,9,0,19,17,6,6,12,0,10,0,2,0,0,0,4,5
0,1,0,5,0,0,4,3766,500,20,66,256,1261,90,65,1743,2416,2584,1640,74,178,80,18,34,19,3,7,0,1,26,2323,14,328,0,5,42,117,5,15,0,9,14,342,10,83,2,15,2,1,20,0,0,0,0,0,0,1,43,26,108,4,8,3,0,0,1,5,6,19,6,8,6,14,4,3,0,0,0,0,1,0,2,1,1,0,0,11,13,1,4,3,0,0,0,1,0,0,0,2,0
2,16,6,83,2,2,45,4311,7326,350,1053,650,646,268,221,6605,1104,1640,15312,1224,1294,993,88,495,419,71,87,11,16,129,1201,36,386,26,69,4747,713,126,250,4,96,98,1213,146,317,15,38,13,6,100,0,2,27,1,3,13,16,161,243,390,108,22,15,8,13,22,68,84,431,38,82,42,138,60,46,9,14,1,8,21,6,41,32,30,46,3,80,146,11,10,70,0,16,0,5,6,3,4,34,29
21,45,7,303,3,8,74,8211,5510,134,426,1079,2235,1934,1048,1753,142,74,1224,30414,149,929,1151,96,3587,643,738,56,113,938,1265,407,7675,154,93,649,70,1703,63,8,251,315,2573,945,7391,107,340,21,18,366,0,2,23,2,0,3,61,72,20,549,16,8,87,39,46,92,38,24,58,934,36,237,38,2042,29,91,191,2,15,15,46,781,80,43,1035,11,23,30,49,299,12,6,223,4,66,0,7,4,22,35
2,14,9,69,3,21,81,474,676,1854,1081,5382,988,191,148,1274,6128,178,1294,149,8418,259,363,215,107,30,59,41,25,307,1463,118,723,31,154,1011,632,37,589,7,262,726,5154,115,132,73,237,46,8,3379,5,2,19,1,2,13,5,65,103,131,70,14,4,4,19,13,62,29,276,5,40,29,75,18,15,6,4,0,5,12,1,6,28,23,10,6,49,114,21,8,57,0,11,0,4,2,2,4,29,37
521,1084,734,1123,285,145,531,2583,2137,3549,4680,1717,266,1198,601,808,78,80,993,929,259,17445,3077,110,773,604,388,2066,3378,618,137,497,360,2047,195,455,219,238,336,778,9821,1346,500,2546,408,4570,1964,148,191,196,7,29,21,9,3,24,8,33,26,101,43,10,3,4,55,38,65,12,116,54,30,37,18,112,14,112,70,10,7,14,103,58,61,24,74,119,21,99,29,72,34,137,209,23,70,5,12,7,33,27
4,11,4,20,0,2,19,210,328,392,1808,5291,191,72,32,46,159,18,88,1151,363,3077,13137,113,1665,882,770,573,47,120,43,806,3814,588,21,146,41,678,75,146,100,162,144,4154,835,4592,6323,14,3,96,0,1,0,0,0,0,2,8,0,22,8,4,7,5,13,11,8,1,9,35,7,82,0,186,2,257,164,9,5,2,131,80,24,8,129,46,7,6,13,209,2,38,334,15,98,3,1,0,6,7
0,4,1,17,2,10,58,174,10435,96,87,162,44,20,9,94,93,34,495,96,215,110,113,9025,2004,84,2386,32,7,28,57,72,145,56,226,6081,3997,47,3875,50,27,31,88,1242,40,12,76,54,4,17,0,0,12,0,1,5,15,122,85,359,31,18,18,11,11,11,23,41,125,60,49,28,50,97,10,23,43,5,1,20,18,49,13,8,41,7,42,56,4,44,20,8,66,3,17,2,0,0,10,13
7,15,5,106,8,25,91,481,5131,97,223,1323,470,411,157,341,70,19,419,3587,107,773,1665,2004,7251,364,9097,69,49,488,111,397,4698,173,129,1460,379,370,484,66,141,182,314,4345,1022,154,461,149,29,168,1,3,35,0,1,6,24,50,20,290,23,22,49,19,96,155,34,23,63,608,38,425,27,2138,61,247,434,5,34,34,141,720,145,56,1298,29,16,26,60,775,15,18,698,13,210,1,7,6,44,58
4,16,3,87,7,7,19,52,103,67,77,56,28,566,163,111,14,3,71,643,30,604,882,84,364,24808,1318,180,33,287,92,6695,530,4234,19,164,47,3540,57,331,85,87,243,15860,1867,309,2365,27,10,64,0,2,8,2,2,2,0,8,2,15,36,10,20,3,6,25,5,4,9,23,33,313,11,105,11,1543,834,29,4,7,1032,106,46,10,114,395,12,10,13,442,14,347,1836,64,562,6,4,8,27,23
3,7,9,38,19,60,39,221,4250,72,86,228,178,74,35,68,15,7,87,738,59,388,770,2386,9097,1318,14813,1302,50,73,24,1302,963,724,100,780,2123,340,3390,3958,58,37,90,19103,405,235,888,799,54,26,1,2,1,1,0,1,4,8,1,62,18,6,10,5,13,29,7,10,17,68,9,150,7,351,8,353,443,82,4,2,202,141,37,9,166,78,6,9,5,400,6,176,648,23,183,3,3,3,11,17
64,30,49,36,52,11,12,17,43,214,168,65,11,291,32,38,6,0,11,56,41,2066,573,32,69,180,1302,61422,2629,443,14,276,92,11307,21,60,368,78,242,21880,1579,175,61,2179,110,15469,4379,43,38,56,0,0,1,0,2,1,0,0,1,2,5,1,0,0,4,4,2,0,7,3,3,10,2,6,0,49,39,721,5,2,42,5,7,0,5,135,12,11,3,24,7,1143,95,61,36,4,0,0,2,1
452,312,289,226,533,106,132,23,21,422,23,44,24,5223,209,195,6,1,16,113,25,3378,47,7,49,33,50,2629,81716,10324,37,189,128,501,93,140,81,15,186,339,23355,386,248,112,179,1398,232,60,8621,98,1,9,9,3,5,5,0,2,12,2,32,1,0,1,31,11,34,0,63,1,7,5,4,14,8,6,4,1,9,2,6,3,36,11,8,4,14,65,30,3,37,10,8,1,4,2,3,2,19,17
575,711,432,578,381,134,387,229,66,239,41,172,403,27051,2052,974,80,26,129,938,307,618,120,28,488,287,73,443,10324,45491,206,1974,1994,345,416,714,367,173,804,57,13604,9369,2831,206,2478,230,907,228,1273,1084,12,25,31,5,10,45,4,1,31,28,137,15,6,3,79,69,165,5,281,28,40,38,21,105,52,16,20,1,43,34,22,39,123,70,64,7,74,274,93,29,147,4,38,1,8,10,10,22,86,90
8,22,2,668,5,9,319,2056,256,209,145,384,1732,570,685,15339,2672,2323,1201,1265,1463,137,43,57,111,92,24,14,37,206,14666,111,1067,24,543,989,238,87,205,4,118,139,11087,50,902,6,71,75,13,171,2,4,4,0,3,11,2,19,42,58,52,9,3,4,14,13,34,13,106,20,16,13,25,35,10,10,6,1,4,10,0,18,27,16,26,1,26,65,15,5,33,1,7,1,4,6,2,8,8,22
9,15,5,28,9,8,20,72,96,234,98,100,59,1329,273,79,58,14,36,407,118,497,806,72,397,6695,1302,276,189,1974,111,28399,7769,3345,17,111,45,859,68,270,440,596,448,6051,4564,1037,9386,14,37,490,0,2,4,1,0,0,1,7,4,19,49,14,12,1,6,16,12,6,12,31,23,257,20,101,10,1089,593,31,10,2,715,107,27,6,127,356,8,8,12,518,12,258,1480,60,425,3,2,4,14,18
8,13,5,77,7,18,48,2339,1699,407,331,4273,6695,1278,646,649,961,328,386,7675,723,360,3814,145,4698,530,963,92,128,1994,1067,7769,21198,248,60,401,100,1473,114,13,539,1202,1630,2151,9058,247,5144,18,14,1512,1,1,8,1,1,1,23,30,16,198,19,4,33,15,24,48,17,9,40,390,17,148,11,801,17,146,170,2,10,9,72,368,55,20,429,13,14,20,30,256,6,8,251,5,68,1,2,1,16,23
28,34,31,39,33,11,21,31,51,125,94,65,17,285,51,39,5,0,26,154,31,2047,588,56,173,4234,724,11307,501,345,24,3345,248,39050,15,58,112,391,106,7962,532,134,115,9083,370,4860,13150,38,23,62,3,0,0,0,2,1,1,2,0,3,12,3,2,2,6,6,4,4,5,1,4,105,6,17,4,262,169,274,2,2,315,23,13,3,18,1308,10,6,6,59,8,2471,998,386,335,4,1,4,5,7
54,222,84,940,57,782,3223,23,263,767,163,36,18,1212,575,2729,37,5,69,93,154,195,21,226,129,19,100,21,93,416,543,17,60,15,4651,3570,466,21,6040,6,282,297,1360,99,41,5,14,1697,88,241,39,151,71,23,49,126,5,15,32,41,94,11,2,2,271,86,116,8,156,9,23,43,24,13,27,6,1,4,58,17,1,6,170,59,7,4,49,223,71,1,143,1,5,1,1,48,33,21,64,63
22,65,17,617,13,40,541,197,4251,1397,678,306,115,773,488,6099,237,42,4747,649,1011,455,146,6081,1460,164,780,60,140,714,989,111,401,58,3570,21617,3435,195,8387,50,537,454,2648,1001,184,31,106,186,44,600,13,22,79,3,21,77,16,162,318,432,432,67,30,24,154,112,388,92,1258,65,184,113,179,101,163,32,53,7,70,74,27,64,280,145,62,7,227,733,187,40,311,6,55,6,18,20,12,32,231,220
13,86,25,238,28,118,214,725,3715,632,234,307,209,384,176,473,204,117,713,70,632,219,41,3997,379,47,2123,368,81,367,238,45,100,112,466,3435,4557,11,11759,541,288,244,838,780,21,65,75,1227,70,325,3,18,17,2,8,17,3,39,38,103,55,6,0,7,66,36,47,17,135,10,31,16,30,12,17,12,13,23,12,9,5,14,78,26,14,9,79,120,33,10,80,29,22,2,4,5,8,4,41,44
2,24,2,97,2,3,21,113,190,51,53,117,46,250,154,198,16,5,126,1703,37,238,678,47,370,3540,340,78,15,173,87,859,1473,391,21,195,11,7266,33,11,50,90,301,6849,3495,66,563,7,6,77,0,1,7,0,1,2,0,3,1,10,25,5,11,2,33,44,7,2,12,23,9,137,10,186,14,284,221,2,6,3,131,126,41,9,204,26,3,7,10,428,9,9,441,7,154,1,3,2,16,27
39,159,106,525,35,479,780,60,780,1243,595,110,40,1277,350,654,108,15,250,63,589,336,75,3875,484,57,3390,242,186,804,205,68,114,106,6040,8387,11759,33,17076,350,537,461,1270,1252,37,47,88,4620,147,502,22,75,47,10,33,71,1,60,99,140,234,27,4,7,237,108,252,22,431,15,69,71,78,38,61,14,23,19,84,33,5,17,267,97,22,12,115,462,138,24,239,21,42,4,6,29,38,30,124,123
20,14,18,8,16,9,9,7,30,20,19,5,5,39,7,14,0,0,4,8,7,778,146,50,66,331,3958,21880,339,57,4,270,13,7962,6,50,541,11,350,32639,249,12,9,18907,12,1542,1436,101,15,8,3,1,2,0,5,0,0,2,1,5,7,2,0,0,2,1,3,0,5,0,2,40,2,9,3,64,122,1533,7,0,111,7,7,1,3,910,40,8,0,11,11,5153,519,273,169,6,2,4,7,4
692,982,707,1171,490,225,638,64,43,8155,129,148,122,2768,755,829,32,9,96,251,262,9821,100,27,141,85,58,1579,23355,13604,118,440,539,532,282,537,288,50,537,249,59991,11752,931,173,449,692,511,197,371,1143,5,26,16,11,7,28,3,9,25,18,81,11,1,1,71,33,100,3,187,7,31,17,21,24,30,10,4,4,31,13,5,6,92,28,11,7,38,154,60,8,78,12,17,3,5,9,12,9,34,36
97,564,242,1047,63,127,542,88,74,9363,146,451,307,3337,1297,780,92,14,98,315,726,1346,162,31,182,87,37,175,386,9369,139,596,1202,134,297,454,244,90,461,12,11752,16061,2326,167,625,191,591,225,60,6494,10,27,16,3,10,28,2,7,39,27,71,2,2,0,57,32,53,6,158,5,19,21,13,21,16,11,11,2,27,16,7,12,50,19,18,2,42,89,19,10,44,2,21,2,6,9,5,7,28,30
29,104,28,2196,20,77,753,1845,436,1545,282,737,1289,5772,14651,14177,1413,342,1213,2573,5154,500,144,88,314,243,90,61,248,2831,11087,448,1630,115,1360,2648,838,301,1270,9,931,2326,38068,119,2398,39,214,360,54,8161,13,21,38,5,14,42,1,31,104,112,208,25,8,7,109,49,164,20,536,44,64,55,74,114,53,17,12,4,48,43,8,58,157,54,66,2,140,325,82,29,162,3,28,1,9,16,14,15,104,80
11,24,12,76,16,42,58,161,727,205,304,286,147,154,68,100,43,10,146,945,115,2546,4154,1242,4345,15860,19103,2179,112,206,50,6051,2151,9083,99,1001,780,6849,1252,18907,173,167,119,63648,1045,1861,6151,373,24,114,2,8,4,2,5,5,5,14,13,54,100,13,21,9,32,66,14,11,28,61,48,514,26,244,15,2252,1469,225,19,11,1611,249,83,18,245,1322,25,20,20,921,22,1813,3317,274,974,10,4,7,45,37
21,68,14,273,5,8,51,736,312,175,94,173,204,4202,1444,808,89,83,317,7391,132,408,835,40,1022,1867,405,110,179,2478,902,4564,9058,370,41,184,21,3495,37,12,449,625,2398,1045,12901,66,765,13,60,885,1,3,11,1,0,5,4,11,14,48,21,8,8,4,65,115,22,18,40,175,25,299,14,668,27,268,244,8,29,13,147,357,109,32,694,29,11,16,51,641,7,6,566,10,223,0,7,4,24,34
27,27,26,19,31,8,12,68,89,312,396,234,27,101,20,29,24,2,15,107,73,4570,4592,12,154,309,235,15469,1398,230,6,1037,247,4860,5,31,65,66,47,1542,692,191,39,1861,66,17631,13364,7,16,66,2,1,0,0,0,0,0,2,1,5,5,0,2,1,4,2,1,1,6,3,4,23,3,15,0,84,41,59,1,0,80,9,3,1,11,368,7,8,1,24,4,700,257,107,81,0,0,3,0,0
17,13,17,49,21,5,14,102,164,488,346,422,80,449,81,85,99,15,38,340,237,1964,6323,76,461,2365,888,4379,232,907,71,9386,5144,13150,14,106,75,563,88,1436,511,591,214,6151,765,13364,25641,23,19,347,2,2,0,0,0,0,0,6,7,15,23,10,3,2,4,13,2,4,18,15,17,199,9,57,6,630,321,95,12,2,482,74,13,4,60,1082,6,12,11,253,11,1355,1288,218,433,6,2,5,12,10
59,288,191,1103,277,2847,1757,7,54,442,80,8,6,752,438,400,2,2,13,21,46,148,14,54,149,27,799,43,60,228,75,14,18,38,1697,186,1227,7,4620,101,197,225,360,373,13,7,23,8588,712,144,42,217,118,86,100,398,0,2,3,10,23,2,0,0,184,10,52,2,22,3,6,9,4,11,4,4,2,5,12,1,3,2,31,9,1,3,20,101,10,4,44,2,5,0,0,162,28,6,16,15
1769,562,553,364,5125,2594,298,2,7,91,7,0,1,11283,135,99,2,1,6,18,8,191,3,4,29,10,54,38,8621,1273,13,37,14,23,88,44,70,6,147,15,371,60,54,24,60,16,19,712,13915,19,5,24,16,8,12,25,0,0,0,4,16,0,0,0,37,4,12,0,9,3,1,5,1,4,0,3,0,0,5,1,1,2,15,5,0,1,4,19,5,1,23,0,1,0,1,8,6,1,5,9
17,80,45,436,8,64,383,108,65,7110,98,358,526,3281,3915,569,193,20,100,366,3379,196,96,17,168,64,26,56,98,1084,171,490,1512,62,241,600,325,77,502,8,1143,6494,8161,114,885,66,347,144,19,14767,6,17,11,1,7,16,3,6,28,21,68,7,3,2,31,22,52,4,184,5,20,15,15,32,14,6,8,0,14,6,4,13,43,15,23,0,36,114,25,8,47,2,19,1,0,8,8,3,39,21
16,80,161,165,12,144,151,1,2,19,0,0,0,74,33,20,0,0,0,0,5,7,0,0,1,0,1,0,1,12,2,0,1,3,39,13,3,0,22,3,5,10,13,2,1,2,2,42,5,6,33811,15050,1715,5543,6322,1667,0,2,1,4,116,3,0,0,5712,118,128,2,11,5,7,325,3,10,1,11,15,120,1144,3,14,2,792,8,10,55,34,105,8,8,92,28,37,78,35,212,11883,314,183,26
59,338,738,717,56,614,833,0,1,37,5,0,1,330,104,77,0,0,2,2,2,29,1,0,3,2,2,0,9,25,4,2,1,0,151,22,18,1,75,1,26,27,21,8,3,1,2,217,24,17,15050,88515,27885,8974,3234,12432,0,6,5,6,587,11,2,1,14238,193,330,3,32,5,14,982,11,29,8,24,13,96,859,4,27,3,1401,20,10,77,87,351,26,14,334,29,48,85,38,549,1343,586,975,134
33,162,159,278,26,283,447,8,11,46,15,3,3,191,41,47,4,0,27,23,19,21,0,12,35,8,1,1,9,31,4,4,8,0,71,79,17,7,47,2,16,16,38,4,11,0,0,118,16,11,1715,27885,36618,521,621,16778,8,45,35,270,1060,49,21,7,18861,6028,13100,32,636,271,95,665,87,467,64,66,46,39,614,52,46,61,1385,838,95,27,235,2165,109,208,550,13,235,21,31,665,930,387,1528,389
47,66,2115,139,181,814,953,0,0,7,0,0,0,63,20,15,0,0,1,2,1,9,0,0,0,2,1,0,3,5,0,1,1,0,23,3,2,0,10,0,11,3,5,2,1,0,0,86,8,1,5543,8974,521,22257,11950,19870,0,1,1,1,96,5,0,0,659,27,177,3,6,5,5,119,5,19,1,3,3,10,126,0,2,0,165,12,1,7,17,519,4,2,69,2,10,6,7,536,762,71,138,25
18,145,209,293,22,498,341,0,1,12,6,1,0,89,42,31,1,0,3,0,2,3,0,1,1,2,0,2,5,10,3,0,1,2,49,21,8,1,33,5,7,10,14,5,0,0,0,100,12,7,6322,3234,621,11950,14444,3744,1,2,0,8,161,13,3,0,1321,83,206,2,15,1,12,84,27,91,8,13,86,13,94,4,25,2,137,31,6,13,192,1475,9,5,473,55,47,7,15,3087,3330,47,124,54
64,305,1449,681,62,1365,1173,1,9,32,10,4,1,214,85,79,1,0,13,3,13,24,0,5,6,2,1,1,5,45,11,0,1,1,126,77,17,2,71,0,28,28,42,5,5,0,0,398,25,16,1667,12432,16778,19870,3744,24798,2,10,8,46,998,35,7,6,4999,367,4186,11,143,22,51,487,140,145,31,25,65,27,274,10,28,13,828,152,19,19,247,3263,72,23,2764,7,48,24,12,1354,484,341,1249,448
0,0,1,4,0,0,3,112,245,4,7,10,36,6,1,3,4,1,16,61,5,8,2,15,24,0,4,0,0,4,2,1,23,1,5,16,3,0,1,0,3,2,1,5,4,0,0,0,0,3,0,0,8,0,1,2,3619,6682,563,488,21,43,715,3259,61,332,258,965,187,2779,155,107,93,92,131,11,14,4,26,404,9,2593,146,353,179,1,213,15,176,13,17,0,19,2,28,3,4,1,22,61
1,1,0,6,0,0,5,290,620,31,46,45,69,9,3,31,41,43,161,72,65,33,8,122,50,8,8,0,2,1,19,7,30,2,15,162,39,3,60,2,9,7,31,14,11,2,6,2,0,6,2,6,45,1,2,10,6682,37007,7792,6791,235,1071,1091,3040,128,480,884,4188,1494,5030,760,1323,206,386,368,107,85,34,44,1442,61,1973,210,840,1167,22,850,64,246,198,51,8,126,30,113,7,6,9,48,76
0,2,0,8,1,3,11,93,146,89,41,32,10,24,8,94,36,26,243,20,103,26,0,85,20,2,1,1,12,31,42,4,16,0,32,318,38,1,99,1,25,39,104,13,14,1,7,3,0,28,1,5,35,1,0,8,563,7792,7741,4361,666,645,260,437,38,167,1300,3952,4297,884,1235,751,69,222,758,55,35,15,23,3063,45,603,76,493,632,13,419,84,186,129,85,5,73,7,36,1,2,10,98,144
1,5,1,31,0,3,30,1375,2952,76,96,167,390,30,13,105,122,108,390,549,131,101,22,359,290,15,62,2,2,28,58,19,198,3,41,432,103,10,140,5,18,27,112,54,48,5,15,10,4,21,4,6,270,1,8,46,488,6791,4361,57089,357,863,1104,1044,98,236,1259,901,10049,4439,1047,1119,10873,6113,199,100,1059,29,33,222,75,1039,89,280,420,44,5545,376,81,220,86,50,429,31,104,11,6,15,57,105
8,30,23,73,4,36,83,13,42,155,58,19,6,173,65,198,19,4,108,16,70,43,8,31,23,36,18,5,32,137,52,49,19,12,94,432,55,25,234,7,81,71,208,100,21,5,23,23,16,68,116,587,1060,96,161,998,21,235,666,357,38102,2778,1066,61,942,415,1526,239,2235,42,6182,2887,161,157,374,238,302,322,143,139,227,134,604,188,73,189,787,1371,426,111,1175,68,478,132,248,192,69,14948,15698,8066
0,2,0,1,0,1,8,18,48,18,7,2,5,8,7,22,6,8,22,8,14,10,4,18,22,10,6,1,1,15,9,14,4,3,11,67,6,5,27,2,11,2,25,13,8,0,10,2,0,7,3,11,49,5,13,35,43,1071,645,863,2778,6191,5678,259,43,45,206,561,530,112,5709,9172,55,101,127,28,70,55,18,92,58,228,36,61,33,36,177,122,51,33,110,13,139,107,156,17,6,21,108,85
0,0,0,2,0,0,2,55,145,5,6,5,19,8,3,10,4,3,15,87,4,3,7,18,49,20,10,0,0,6,3,12,33,2,2,30,0,11,4,0,1,2,8,21,8,2,3,0,0,3,0,2,21,0,3,7,715,1091,260,1104,1066,5678,12034,7592,23,105,119,3928,162,710,6440,7328,45,397,651,59,129,70,12,566,100,6021,61,169,110,52,181,24,193,56,16,17,201,120,278,1,1,10,105,199
0,0,1,2,0,0,0,78,159,4,6,2,24,3,0,6,2,0,8,39,4,4,5,11,19,3,5,0,1,3,4,1,15,2,2,24,7,2,7,0,1,0,7,9,4,1,2,0,0,2,0,1,7,0,0,6,3259,3040,437,1044,61,259,7592,12470,25,225,215,8462,172,1129,4058,493,42,177,339,23,39,9,12,577,42,7965,91,285,120,10,183,15,209,28,16,2,58,14,94,0,4,4,42,113
101,444,274,871,56,478,740,5,20,125,23,6,1,689,229,138,8,0,13,46,19,55,13,11,96,6,13,4,31,79,14,6,24,6,271,154,66,33,237,2,71,57,109,32,65,4,4,184,37,31,5712,14238,18861,659,1321,4999,61,128,38,98,942,43,23,25,58558,13409,2318,67,299,485,68,1104,52,355,60,461,109,156,8660,50,172,252,13946,705,689,138,384,1573,219,843,1349,33,511,99,82,919,10098,864,1788,423
9,40,15,72,2,35,59,20,50,71,22,6,6,166,38,70,2,1,22,92,13,38,11,11,155,25,29,4,11,69,13,16,48,6,86,112,36,44,108,1,33,32,49,66,115,2,13,10,4,22,118,193,6028,27,83,367,332,480,167,236,415,45,105,225,13409,35638,5042,372,589,1273,305,449,36,617,624,1067,145,97,1018,410,466,1008,10340,7722,2446,145,307,1046,9046,1295,572,26,604,35,110,123,484,251,3440,8150
13,49,44,99,11,67,129,27,66,142,62,5,10,224,59,190,11,5,68,38,62,65,8,23,34,5,7,2,34,165,34,12,17,4,116,388,47,7,252,3,100,53,164,14,22,1,2,52,12,52,128,330,13100,177,206,4186,258,884,1300,1259,1526,206,119,215,2318,5042,36557,1266,11042,806,565,558,440,772,1198,111,90,40,492,4298,89,495,1628,11963,546,24,478,6559,942,253,622,13,276,13,54,222,167,228,1330,815
0,0,1,1,0,0,2,32,95,24,17,9,6,4,2,26,13,6,84,24,29,12,1,41,23,4,10,0,0,5,13,6,9,4,8,92,17,2,22,0,3,6,20,11,18,1,4,2,0,4,2,3,32,3,2,11,965,4188,3952,901,239,561,3928,8462,67,372,1266,8161,1111,176,8140,899,66,113,1388,50,55,37,26,6423,93,1220,144,810,230,19,248,86,351,52,57,9,79,26,257,2,6,7,59,134
6,13,2,36,2,16,70,103,231,345,180,45,41,194,64,530,66,19,431,58,276,116,9,125,63,9,17,7,63,281,106,12,40,5,156,1258,135,12,431,5,187,158,536,28,40,6,18,22,9,184,11,32,636,6,15,143,187,1494,4297,10049,2235,530,162,172,299,589,11042,1111,20466,809,1666,650,4031,1889,1299,93,278,29,131,1399,96,369,636,1022,381,32,1831,6044,506,180,956,30,433,16,68,22,30,90,655,779
0,2,0,10,0,1,9,550,1054,6,39,70,171,66,30,44,7,6,38,934,5,54,35,60,608,23,68,3,1,28,20,31,390,1,9,65,10,23,15,0,7,5,44,61,175,3,15,3,3,5,5,5,271,5,1,22,2779,5030,884,4439,42,112,710,1129,485,1273,806,176,809,21577,115,843,199,6917,247,220,212,27,117,485,150,5351,405,1085,6416,35,241,50,356,4123,24,6,1094,33,213,4,36,16,72,124
1,4,3,12,0,0,10,33,80,54,25,17,3,39,12,60,12,8,82,36,40,30,7,49,38,33,9,3,7,40,16,23,17,4,23,184,31,9,69,2,31,19,64,48,25,4,17,6,1,20,7,14,95,5,12,51,155,760,1235,1047,6182,5709,6440,4058,68,305,565,8140,1666,115,13574,1863,137,237,3539,161,184,193,35,1215,286,891,246,403,168,159,466,293,947,84,247,20,302,131,370,17,4,25,715,6471
2,24,19,39,3,21,41,38,101,30,25,21,16,87,28,47,3,6,42,237,29,37,82,28,425,313,150,10,5,38,13,257,148,105,43,113,16,137,71,40,17,21,55,514,299,23,199,9,5,15,325,982,665,119,84,487,107,1323,751,1119,2887,9172,7328,493,1104,449,558,899,650,843,1863,40718,114,1733,402,916,1860,2476,2757,313,2127,5485,1619,256,534,2020,255,365,187,763,287,674,4109,7376,13922,76,110,4425,1936,453
1,2,1,8,0,6,20,118,268,54,37,34,25,17,14,63,22,14,138,38,75,18,0,50,27,11,7,2,4,21,25,20,11,6,24,179,30,10,78,2,21,13,74,26,14,3,9,4,1,15,3,11,87,5,27,140,93,206,69,10873,161,55,45,42,52,36,440,66,4031,199,137,114,11137,3756,56,70,667,9,14,23,73,87,63,34,57,28,4098,2501,22,27,1047,67,340,13,50,64,11,9,61,45
0,11,0,39,0,2,14,337,877,23,42,176,179,178,65,76,11,4,60,2042,18,112,186,97,2138,105,351,6,14,105,35,101,801,17,13,101,12,186,38,9,24,21,114,244,668,15,57,11,4,32,10,29,467,19,91,145,92,386,222,6113,157,101,397,177,355,617,772,113,1889,6917,237,1733,3756,14431,184,336,7531,32,64,135,348,3448,278,459,3273,84,1456,1116,206,1876,1454,102,2786,49,612,344,84,18,156,234
2,3,3,7,0,2,8,8,23,43,40,4,5,44,11,75,4,3,46,29,15,14,2,10,61,11,8,0,8,52,10,10,17,4,27,163,17,14,61,3,30,16,53,15,27,0,6,4,0,14,1,8,64,1,8,31,131,368,758,199,374,127,651,339,60,624,1198,1388,1299,247,3539,402,56,184,5266,223,99,67,37,3739,235,817,298,3641,551,79,283,306,5008,175,288,11,195,47,232,27,8,14,319,2737
0,1,0,3,0,0,4,8,28,21,18,16,6,18,2,5,2,0,9,91,6,112,257,23,247,1543,353,49,6,16,10,1089,146,262,6,32,12,284,14,64,10,11,17,2252,268,84,630,4,3,6,11,24,66,3,13,25,11,107,55,100,238,28,59,23,461,1067,111,50,93,220,161,916,70,336,223,29884,3414,184,389,117,15568,1463,1881,269,4003,9252,126,61,570,7433,96,354,17644,244,1193,48,61,84,560,690
0,2,2,8,0,1,5,40,141,14,20,30,32,21,6,16,6,0,14,191,4,70,164,43,434,834,443,39,4,20,6,593,170,169,1,53,13,221,23,122,4,11,12,1469,244,41,321,2,0,8,15,13,46,3,86,65,14,85,35,1059,302,70,129,39,109,145,90,55,278,212,184,1860,667,7531,99,3414,10891,375,76,40,3360,861,194,59,658,1271,1186,409,85,854,1176,6263,12481,384,2141,346,67,25,161,111
1,2,0,2,0,1,1,0,3,3,1,0,0,9,1,5,0,0,1,2,0,10,9,5,5,29,82,721,1,1,1,31,2,274,4,7,23,2,19,1533,4,2,4,225,8,59,95,5,0,0,120,96,39,10,13,27,4,34,15,29,322,55,70,9,156,97,40,37,29,27,193,2476,9,32,67,184,375,45990,2719,24,330,248,870,28,94,12002,174,52,70,69,74,12175,798,15965,1284,41,67,1471,315,268
11,33,16,63,1,35,49,3,6,47,16,1,0,140,31,55,2,0,8,15,5,7,5,1,34,4,4,5,9,43,4,10,10,2,58,70,12,6,84,7,31,27,48,19,29,1,12,12,5,14,1144,859,614,126,94,274,26,44,23,33,143,18,12,12,8660,1018,492,26,131,117,35,2757,14,64,37,389,76,2719,121848,51,170,99,25864,204,284,463,145,423,99,292,406,210,250,962,155,87,12178,17351,724,169
0,1,1,5,0,0,3,13,33,18,18,3,2,21,2,44,2,1,21,15,12,14,2,20,34,7,2,2,2,34,10,2,9,2,17,74,9,3,33,0,13,16,43,11,13,0,2,1,1,6,3,4,52,0,4,10,404,1442,3063,222,139,92,566,577,50,410,4298,6423,1399,485,1215,313,23,135,3739,117,40,24,51,8103,108,1172,171,3106,721,26,149,109,608,156,85,7,105,12,160,12,4,15,76,145
2,2,3,5,0,0,2,6,22,7,15,17,4,16,3,0,0,0,6,46,1,103,131,18,141,1032,202,42,6,22,0,715,72,315,1,27,5,131,5,111,5,7,8,1611,147,80,482,3,1,4,14,27,46,2,25,28,9,61,45,75,227,58,100,42,172,466,89,93,96,150,286,2127,73,348,235,15568,3360,330,170,108,31592,4123,911,159,6360,11073,126,83,417,1335,139,614,9153,1083,12122,54,23,73,476,646
0,1,0,8,0,0,3,277,560,14,29,77,96,47,30,38,3,2,41,781,6,58,80,49,720,106,141,5,3,39,18,107,368,23,6,64,14,126,17,7,6,12,58,249,357,9,74,2,2,13,2,3,61,0,2,13,2593,1973,603,1039,134,228,6021,7965,252,1008,495,1220,369,5351,891,5485,87,3448,817,1463,861,248,99,1172,4123,22150,548,820,12045,401,173,60,753,1826,49,53,2305,235,5381,5,35,11,142,448
12,74,25,98,5,52,96,7,20,137,37,5,7,365,62,161,4,1,32,80,28,61,24,13,145,46,37,7,36,123,27,27,55,13,170,280,78,41,267,7,92,50,157,83,109,3,13,31,15,43,792,1401,1385,165,137,828,146,210,76,89,604,36,61,91,13946,10340,1628,144,636,405,246,1619,63,278,298,1881,194,870,25864,171,911,548,64085,1011,1651,560,644,1451,1312,1073,1306,159,579,351,224,246,643,13625,18640,2611
2,17,8,23,1,15,30,17,40,64,29,4,4,135,22,74,1,1,30,43,23,24,8,8,56,10,9,0,11,70,16,6,20,3,59,145,26,9,97,1,28,19,54,18,32,1,4,9,5,15,8,20,838,12,31,152,353,840,493,280,188,61,169,285,705,7722,11963,810,1022,1085,403,256,34,459,3641,269,59,28,204,3106,159,820,1011,13048,1315,36,293,946,6095,506,379,6,264,22,73,45,46,37,213,953
1,1,0,11,1,1,6,134,309,25,20,87,63,83,33,33,9,0,46,1035,10,74,129,41,1298,114,166,5,8,64,26,127,429,18,7,62,14,204,22,3,11,18,66,245,694,11,60,1,0,23,10,10,95,1,6,19,179,1167,632,420,73,33,110,120,689,2446,546,230,381,6416,168,534,57,3273,551,4003,658,94,284,721,6360,12045,1651,1315,12057,318,87,65,1273,2671,58,31,1386,44,828,19,62,46,356,781
0,1,0,2,0,2,0,2,4,3,8,0,0,10,1,1,0,0,3,11,6,119,46,7,29,395,78,135,4,7,1,356,13,1308,4,7,9,26,12,910,7,2,2,1322,29,368,1082,3,1,0,55,77,27,7,13,19,1,22,13,44,189,36,52,10,138,145,24,19,32,35,159,2020,28,84,79,9252,1271,12002,463,26,11073,401,560,36,318,42672,102,42,80,512,61,7320,12807,12017,4275,31,29,302,255,213
3,11,8,33,2,20,35,94,222,76,30,19,29,99,30,93,19,11,80,23,49,21,7,42,16,12,6,12,14,74,26,8,14,10,49,227,79,3,115,40,38,42,140,25,11,7,6,20,4,36,34,87,235,17,192,247,213,850,419,5545,787,177,181,183,384,307,478,248,1831,241,466,255,4098,1456,283,126,1186,174,145,149,126,173,644,293,87,102,4684,2470,346,32,6426,854,282,49,91,1284,111,84,390,470
26,101,72,195,18,156,316,22,70,215,115,17,14,386,103,366,17,13,146,30,114,99,6,56,26,10,9,11,65,274,65,8,20,6,223,733,120,7,462,8,154,89,325,20,16,8,12,101,19,114,105,351,2165,519,1475,3263,15,64,84,376,1371,122,24,15,1573,1046,6559,86,6044,50,293,365,2501,1116,306,61,409,52,423,109,83,60,1451,946,65,42,2470,13835,525,38,8183,70,234,25,42,1078,231,220,1021,731
3,3,3,5,3,4,24,7,8,81,31,3,4,102,22,117,6,1,11,49,21,29,13,4,60,13,5,3,30,93,15,12,30,6,71,187,33,10,138,0,60,19,82,20,51,1,11,10,5,25,8,26,109,4,9,72,176,246,186,81,426,51,193,209,219,9046,942,351,506,356,947,187,22,206,5008,570,85,70,99,608,417,753,1312,6095,1273,80,346,525,17646,359,496,14,193,30,105,61,10,53,1084,11356
2,0,0,5,1,1,7,19,67,12,21,45,13,42,12,15,6,4,10,299,8,72,209,44,775,442,400,24,3,29,5,518,256,59,1,40,10,428,24,11,8,10,29,921,641,24,253,4,1,8,8,14,208,2,5,23,13,198,129,220,111,33,56,28,843,1295,253,52,180,4123,84,763,27,1876,175,7433,854,69,292,156,1335,1826,1073,506,2671,512,32,38,359,24066,37,47,12029,63,978,11,86,42,166,203
23,80,47,135,10,68,136,11,28,121,46,6,4,308,87,180,12,3,70,12,57,34,2,20,15,14,6,7,37,147,33,12,6,8,143,311,80,9,239,11,78,44,162,22,7,4,11,44,23,47,92,334,550,69,473,2764,17,51,85,86,1175,110,16,16,1349,572,622,57,956,24,247,287,1047,1454,288,96,1176,74,406,85,139,49,1306,379,58,61,6426,8183,496,37,15260,418,262,25,60,4337,275,137,730,643
1,1,1,1,1,1,2,1,3,3,7,1,0,5,2,2,0,0,0,6,0,137,38,8,18,347,176,1143,10,4,1,258,8,2471,1,6,29,9,21,5153,12,2,3,1813,6,700,1355,2,0,2,28,29,13,2,55,7,0,8,5,50,68,13,17,2,33,26,13,9,30,6,20,674,67,102,11,354,6263,12175,210,7,614,53,159,6,31,7320,854,70,14,47,418,42249,11882,2592,1082,229,42,110,59,33
2,3,2,5,2,4,5,17,95,19,25,43,16,35,12,11,10,0,16,223,11,209,334,66,698,1836,648,95,8,38,7,1480,251,998,5,55,22,441,42,519,17,21,28,3317,566,257,1288,5,1,19,37,48,235,10,47,48,19,126,73,429,478,139,201,58,511,604,276,79,433,1094,302,4109,340,2786,195,17644,12481,798,250,105,9153,2305,579,264,1386,12807,282,234,193,12029,262,11882,51848,1976,5808,128,97,113,289,281
2,0,0,3,1,0,0,0,3,1,2,0,1,4,1,3,0,0,0,4,0,23,15,3,13,64,23,61,1,1,1,60,5,386,1,6,2,7,4,273,3,2,1,274,10,107,218,0,0,1,78,85,21,6,7,24,2,30,7,31,132,107,120,14,99,35,13,26,16,33,131,7376,13,49,47,244,384,15965,962,12,1083,235,351,22,44,12017,49,25,30,63,25,2592,1976,23007,11129,10,26,726,101,58
0,0,1,0,0,1,2,14,24,9,12,10,2,16,0,3,2,1,5,66,4,70,98,17,210,562,183,36,4,8,4,425,68,335,1,18,4,154,6,169,5,6,9,974,223,81,433,0,1,0,35,38,31,7,15,12,28,113,36,104,248,156,278,94,82,110,54,257,68,213,370,13922,50,612,232,1193,2141,1284,155,160,12122,5381,224,73,828,4275,91,42,105,978,60,1082,5808,11129,23704,45,14,98,114,140
18,89,115,221,18,220,350,2,6,11,3,2,1,69,29,33,0,0,6,0,2,5,3,2,1,6,3,4,2,10,6,3,1,4,48,20,5,1,29,6,9,9,16,10,0,0,6,162,8,8,212,549,665,536,3087,1354,3,7,1,11,192,17,1,0,919,123,222,2,22,4,17,76,64,344,27,48,346,41,87,12,54,5,246,45,19,31,1284,1078,61,11,4337,229,128,10,45,6826,778,25,134,120
13,51,35,97,7,52,66,0,1,11,1,0,0,69,21,25,0,0,3,7,2,12,1,0,7,4,3,0,3,10,2,2,2,1,33,12,8,3,38,2,12,5,14,4,7,0,2,28,6,8,11883,1343,930,762,3330,484,4,6,2,6,69,6,1,4,10098,484,167,6,30,36,4,110,11,84,8,61,67,67,12178,4,23,35,643,46,62,29,111,231,10,86,275,42,97,26,14,778,37938,144,104,17
1,11,6,21,0,6,14,0,1,20,7,0,1,32,9,24,0,0,4,4,4,7,0,0,6,8,3,0,2,22,8,4,1,4,21,32,4,2,30,4,9,7,15,7,4,3,5,6,1,3,314,586,387,71,47,341,1,9,10,15,14948,21,10,4,864,251,228,7,90,16,25,4425,9,18,14,84,25,1471,17351,15,73,11,13625,37,46,302,84,220,53,42,137,110,113,726,98,25,144,50486,6818,372
7,31,14,56,2,28,53,2,11,78,38,7,0,118,33,128,4,2,34,22,29,33,6,10,44,27,11,2,19,86,8,14,16,5,64,231,41,16,124,7,34,28,104,45,24,0,12,16,5,39,183,975,1528,138,124,1249,22,48,98,57,15698,108,105,42,1788,3440,1330,59,655,72,715,1936,61,156,319,560,161,315,724,76,476,142,18640,213,356,255,390,1021,1084,166,730,59,289,101,114,134,104,6818,27068,11523
4,6,6,23,2,10,40,9,14,76,45,8,4,82,22,104,5,0,29,35,37,27,7,13,58,23,17,1,17,90,22,18,23,7,63,220,44,27,123,4,36,30,80,37,34,0,10,15,9,21,26,134,389,25,54,448,61,76,144,105,8066,85,199,113,423,8150,815,134,779,124,6471,453,45,234,2737,690,111,268,169,145,646,448,2611,953,781,213,470,731,11356,203,643,33,281,58,140,120,17,372,11523,20777
