32321,4857,15115,2280,18405,5346,868,12,3,119,6,1,2,18363,178,641,1,1,9,9,2,619,0,16,3,15,2,13,637,584,9,37,1,12,63,85,54,19,41,1,556,31,71,14,13,8,15,91,2841,11,15,14,10,111,14,33,0,0,0,0,4,0,0,0,9,2,49,0,24,0,1,0,0,1,0,0,0,0,7,3,0,0,4,7,0,0,5,54,2,0,30,0,0,0,0,36,2,2,3,1
4857,16198,7970,15952,616,955,341,2,4,169,4,2,2,2656,1763,761,0,2,11,3,5,295,1,4,2,4,0,10,163,342,2,6,0,7,74,59,28,7,27,0,270,50,63,2,4,3,4,73,224,20,14,2,6,9,12,19,0,0,0,0,2,0,1,0,5,0,21,0,13,0,1,2,0,0,1,0,1,0,1,3,0,0,3,1,0,0,7,59,0,0,32,0,0,0,0,40,5,0,2,0
15115,7970,13905,11815,9897,7552,11427,1,2,125,1,1,0,338,16,108,0,1,9,0,5,546,0,4,0,0,0,18,238,412,2,6,0,6,31,37,16,1,44,2,453,38,21,3,2,5,5,39,179,12,141,282,6,4530,41,446,0,1,0,1,1,0,0,0,5,0,8,1,10,0,0,1,1,1,1,0,0,1,4,0,1,0,2,3,0,1,2,14,0,0,9,0,2,2,0,21,3,1,0,0
2280,15952,11815,64495,497,2684,22379,28,21,1322,36,5,3,2171,7420,10673,3,5,37,16,15,935,5,29,7,11,7,19,348,1366,20,31,7,21,312,240,124,45,78,4,1042,325,3438,23,32,4,26,190,207,424,59,56,47,68,96,210,0,0,1,2,12,0,0,1,30,4,128,0,44,0,1,7,6,3,2,0,4,0,5,2,0,0,6,10,1,0,31,176,1,1,123,1,2,0,0,218,13,0,4,1
18405,616,9897,497,33619,30107,589,13,0,18,2,1,1,6090,40,199,0,0,2,4,1,116,4,3,2,13,1,7,199,125,5,24,3,13,56,47,31,19,34,3,109,5,38,4,13,6,11,410,7177,4,22,41,7,409,8,16,0,0,0,0,1,0,0,0,8,2,30,0,13,0,0,0,1,1,0,0,0,0,0,3,0,0,2,5,0,0,10,24,0,0,22,0,0,0,0,15,1,1,0,1
5346,955,7552,2684,30107,22156,19584,2,5,39,2,0,0,507,50,438,0,0,4,3,3,298,1,63,1,2,17,17,215,228,2,3,2,6,1311,219,113,0,1593,17,235,12,14,11,2,6,1,5498,2350,13,30,14,12,1039,40,237,0,0,0,2,1,0,0,0,11,4,34,0,15,0,1,3,1,0,0,0,0,1,1,0,0,0,0,2,0,0,8,38,0,0,23,1,4,0,0,69,5,0,0,0
868,341,11427,22379,589,19584,37801,0,5,196,12,1,0,190,74,4287,0,1,4,3,5,194,0,46,6,1,6,4,93,177,3,4,3,5,3694,665,133,2,1594,4,166,38,21,7,1,2,0,1997,63,31,52,69,53,1073,162,3709,0,0,2,0,8,0,0,0,26,4,152,0,45,0,2,7,0,1,1,0,2,1,5,2,0,0,8,13,0,1,20,177,1,0,129,0,1,0,0,291,16,7,6,0
12,2,1,28,13,2,0,52498,6740,275,3536,3262,10310,407,189,378,4921,11363,2444,5417,1682,2252,453,474,272,117,14,18,71,228,6394,148,1933,47,2,66,441,734,38,3,68,35,1159,269,1319,58,195,2,31,359,3,0,1,0,0,5,313,181,88,1179,76,67,75,170,5,2,18,133,291,330,249,38,334,123,90,5,53,0,6,112,1,97,22,29,24,5,472,29,19,12,20,5,16,1,2,3,1,9,23,23
3,4,2,21,0,5,5,6740,58681,211,1286,2354,2400,22,7,332,816,238,5797,2213,508,1162,233,18078,4104,32,1636,20,22,46,158,67,706,64,10,451,1903,58,202,38,36,21,100,572,95,36,150,8,6,28,1,1,10,0,2,5,901,390,75,2577,78,104,153,428,5,6,16,147,442,1011,305,86,332,429,107,10,305,3,5,135,6,252,15,22,66,4,1205,44,9,30,18,4,85,1,6,4,1,8,29,29
119,169,125,1322,18,39,196,275,211,27050,3162,3053,216,207,239,2783,272,34,519,65,2099,2492,1093,340,80,135,45,93,109,468,279,606,511,281,61,554,319,162,235,38,14171,11818,2816,523,134,677,1767,29,46,9318,15,4,8,2,7,16,5,10,25,90,52,17,6,4,9,13,58,12,259,7,68,12,68,7,70,10,5,2,9,69,3,13,21,22,3,9,133,88,21,2,62,6,19,1,1,16,2,6,21,26
6,4,1,36,2,2,12,3536,1286,3162,5856,11420,1372,25,27,831,558,195,1075,586,1343,4240,1593,188,248,53,41,49,34,51,210,37,335,86,25,369,169,124,186,25,154,72,295,398,47,295,395,20,7,43,3,2,5,0,4,1,29,35,15,143,21,18,13,18,5,2,38,22,106,12,62,6,55,13,25,5,6,2,3,33,4,8,11,10,6,9,65,39,12,5,37,4,15,0,4,5,1,3,17,6
1,2,1,5,1,0,1,3262,2354,3053,11420,29838,12835,19,6,44,6426,829,255,1133,7159,1894,4783,331,1285,43,29,18,16,139,293,93,5228,59,1,33,210,168,20,5,178,275,366,486,115,191,476,0,1,167,1,0,1,0,1,0,65,55,30,359,30,21,17,27,0,0,4,41,81,61,122,15,88,53,16,1,24,0,1,24,0,33,2,3,22,0,174,5,2,12,2,3,22,0,2,2,0,2,8,6
2,2,0,3,1,0,0,10310,2400,216,1372,12835,25317,105,24,43,3767,987,72,2206,885,311,232,87,544,39,36,3,20,176,577,138,7133,20,0,18,94,172,6,3,47,91,796,102,1649,24,80,0,6,407,1,0,1,0,0,0,281,89,5,625,6,7,46,129,2,1,4,24,22,503,28,20,40,182,5,1,135,0,0,20,0,92,1,8,19,1,235,2,0,7,2,1,19,2,0,0,3,2,4,1
18363,2656,338,2171,6090,507,190,407,22,207,25,19,105,73955,16080,1962,12,24,156,188,64,389,52,90,48,465,23,104,8866,37447,259,1031,183,271,249,562,450,595,304,17,1131,61,2651,217,735,19,366,100,17383,2168,74,28,45,8,29,63,1,2,1,19,29,2,0,2,42,15,248,0,284,3,3,26,7,10,7,0,6,3,22,18,0,9,46,48,9,0,91,250,11,4,175,0,13,0,1,72,24,9,10,6
178,1763,16,7420,40,50,74,189,7,239,27,6,24,16080,14635,2317,5,5,53,100,15,131,15,18,13,118,6,24,331,2189,106,149,39,92,145,204,146,237,91,6,197,51,21614,84,170,3,61,76,274,6706,33,22,13,2,21,47,0,2,0,7,13,1,0,1,20,4,111,0,59,2,1,6,2,3,1,0,2,0,4,4,0,2,20,24,4,1,19,98,2,0,76,1,4,0,0,45,13,3,11,1
641,761,108,10673,199,438,4287,378,332,2783,831,44,43,1962,2317,31778,75,51,14323,248,744,645,69,413,224,215,49,53,403,1125,8607,254,70,172,1308,3190,467,362,439,32,668,325,12978,313,163,15,148,402,234,323,175,87,120,23,128,218,4,6,5,45,45,3,5,4,89,39,477,5,492,13,26,30,39,24,44,5,12,2,41,59,1,12,54,102,11,4,120,515,31,9,426,2,31,1,3,272,39,24,44,23
1,0,0,3,0,0,0,4921,816,272,558,6426,3767,12,5,75,8463,1999,433,72,8525,117,274,289,49,12,5,1,6,25,1342,49,591,10,0,54,198,18,21,0,32,44,155,45,35,12,132,1,0,42,0,0,1,0,0,3,15,28,33,203,29,24,5,14,0,0,5,40,136,8,92,12,95,3,37,1,3,0,3,38,0,4,4,5,3,1,159,12,5,2,6,0,3,0,0,0,2,7,11,7
1,2,1,5,0,0,1,11363,238,34,195,829,987,24,5,51,1999,1337,706,220,553,66,68,76,35,21,8,1,12,39,1817,35,360,11,2,32,52,79,13,0,15,8,118,57,106,3,43,0,3,23,1,0,2,1,0,1,2,11,6,47,16,6,5,1,3,1,10,9,106,7,28,8,33,9,26,0,6,0,2,30,0,7,4,10,5,0,36,6,8,2,11,0,2,0,1,2,0,3,8,9
9,11,9,37,2,4,4,2444,5797,519,1075,255,72,156,53,14323,433,706,14720,692,1289,480,113,1139,849,92,163,22,183,462,2909,105,115,105,8,3666,421,80,125,4,202,148,1425,533,59,17,107,5,21,112,10,3,12,0,3,12,11,17,44,183,97,17,18,11,13,18,70,34,673,34,127,24,140,67,179,5,33,1,23,175,8,43,59,64,43,3,257,111,75,22,62,2,52,1,4,12,11,28,82,73
9,3,0,16,4,3,3,5417,2213,65,586,1133,2206,188,100,248,72,220,692,15696,106,1202,579,93,2403,117,119,17,35,155,636,169,2394,99,1,39,40,2298,10,3,29,31,462,1680,4993,85,313,1,14,157,2,0,6,0,0,0,336,48,15,495,14,15,132,249,3,7,16,14,106,892,27,49,44,720,28,3,229,2,6,55,3,483,10,31,172,6,132,7,19,60,7,3,59,1,5,0,3,3,10,19
2,5,5,15,1,3,5,1682,508,2099,1343,7159,885,64,15,744,8525,553,1289,106,25615,298,950,1082,112,125,25,33,147,377,2694,795,1733,148,4,652,799,133,200,9,371,992,6926,214,275,149,1222,2,16,2031,8,2,11,0,3,3,5,34,80,235,110,35,15,14,6,3,43,52,782,23,110,28,181,17,138,4,5,2,23,231,2,11,47,33,15,1,355,74,38,8,52,2,21,0,3,4,4,15,50,43
619,295,546,935,116,298,194,2252,1162,2492,4240,1894,311,389,131,645,117,66,480,1202,298,16075,4100,157,975,404,196,2320,4007,993,157,298,390,1702,40,278,147,501,154,284,13552,582,424,2324,219,6515,2454,26,142,116,18,5,8,5,10,9,28,17,8,96,26,8,13,18,7,11,58,9,157,37,32,18,27,60,34,51,63,11,11,40,19,31,15,44,30,58,70,75,20,21,57,54,124,3,9,22,5,7,13,15
0,1,0,5,4,1,0,453,233,1093,1593,4783,232,52,15,69,274,68,113,579,950,4100,10885,66,1087,439,476,125,72,255,87,351,3578,376,1,17,17,1287,6,42,186,250,143,4595,234,3462,7763,1,4,95,0,1,0,0,0,0,8,5,1,28,4,2,11,9,3,0,2,0,18,25,4,13,9,77,3,50,84,5,1,5,20,36,2,4,69,26,12,0,0,86,2,18,251,0,13,2,1,0,1,2
16,4,4,29,3,63,46,474,18078,340,188,331,87,90,18,413,289,76,1139,93,1082,157,66,6012,2121,29,2444,140,189,389,266,70,48,100,257,8792,4101,31,8428,579,268,174,292,720,26,25,88,315,42,105,11,7,16,10,29,17,39,26,38,228,78,20,16,19,14,9,49,20,641,64,90,19,121,87,147,20,53,5,17,164,5,50,51,57,42,14,327,96,61,46,71,29,72,1,7,39,9,21,67,77
3,2,0,7,2,1,6,272,4104,80,248,1285,544,48,13,224,49,35,849,2403,112,975,1087,2121,8708,130,6046,28,24,114,69,303,3189,163,18,218,109,263,136,50,28,40,92,3558,784,81,616,17,8,65,5,3,8,0,1,3,197,36,16,452,16,17,241,168,19,38,24,21,145,1165,20,181,91,3479,42,48,816,4,17,75,35,1172,54,70,1237,46,155,10,26,493,4,9,780,5,27,5,7,3,22,17
15,4,0,11,13,2,1,117,32,135,53,43,39,465,118,215,12,21,92,117,125,404,439,29,130,23947,250,83,73,515,121,11468,520,6257,2,17,11,9109,4,94,70,86,394,9115,1362,176,1514,2,43,397,2,0,1,0,1,0,1,2,3,17,10,2,2,0,3,5,3,0,16,9,4,49,17,83,1,366,405,28,2,11,114,67,6,1,116,216,12,1,3,239,7,114,1087,6,85,0,1,0,4,3
2,0,0,7,1,17,6,14,1636,45,41,29,36,23,6,49,5,8,163,119,25,196,476,2444,6046,250,15870,1298,19,28,9,341,188,546,53,125,1117,159,1257,5666,15,9,26,8999,161,97,599,166,12,11,3,3,0,2,7,8,22,5,2,88,7,11,18,12,11,13,10,2,33,60,9,129,50,945,6,293,994,73,8,20,98,197,16,33,506,180,32,12,5,573,12,211,1985,16,80,14,6,1,6,7
13,10,18,19,7,17,4,18,20,93,49,18,3,104,24,53,1,1,22,17,33,2320,125,140,28,83,1298,55859,2218,273,29,67,14,12230,18,42,196,118,567,12982,459,37,48,852,12,8355,4993,70,26,17,0,0,0,0,0,2,0,0,0,4,4,0,1,0,1,1,1,0,15,0,1,14,8,13,0,31,82,532,2,8,17,9,1,2,5,320,27,11,0,12,14,1353,205,81,32,4,1,0,1,1
637,163,238,348,199,215,93,71,22,109,34,16,20,8866,331,403,6,12,183,35,147,4007,72,189,24,73,19,2218,103410,18257,217,175,60,279,59,442,344,73,227,149,22331,91,442,98,111,910,291,39,6388,277,29,5,17,2,9,6,3,3,13,24,37,4,2,2,27,14,98,4,384,7,12,18,18,1,58,0,3,5,10,66,2,3,29,51,3,6,86,156,33,4,93,9,5,2,1,17,10,6,20,28
584,342,412,1366,125,228,177,228,46,468,51,139,176,37447,2189,1125,25,39,462,155,377,993,255,389,114,515,28,273,18257,61847,362,2345,781,453,82,821,606,474,389,43,14304,7988,1877,391,1228,228,1535,35,1118,7186,31,16,22,4,2,22,2,3,11,34,53,3,3,1,41,21,193,11,573,4,23,29,24,14,58,10,11,1,40,76,1,5,53,94,10,2,174,226,40,7,145,1,23,2,1,30,12,16,34,34
9,2,2,20,5,2,3,6394,158,279,210,293,577,259,106,8607,1342,1817,2909,636,2694,157,87,266,69,121,9,29,217,362,18062,170,461,114,10,403,275,443,92,4,167,102,11198,203,446,8,107,1,18,335,4,1,7,1,1,4,7,6,21,54,34,5,6,2,5,7,34,7,383,17,28,17,54,8,67,0,4,0,11,95,1,5,17,39,8,1,126,65,23,8,51,0,9,1,3,3,4,5,38,27
37,6,6,31,24,3,4,148,67,606,37,93,138,1031,149,254,49,35,105,169,795,298,351,70,303,11468,341,67,175,2345,170,26396,7904,3723,3,34,12,4424,6,93,391,748,696,6888,6876,109,11291,0,75,1387,1,1,0,0,0,0,2,0,0,20,6,1,5,0,4,4,2,2,17,13,5,34,10,96,2,228,262,16,2,12,86,28,5,2,104,144,9,2,0,174,5,64,658,2,56,1,0,2,2,0
1,0,0,7,3,2,3,1933,706,511,335,5228,7133,183,39,70,591,360,115,2394,1733,390,3578,48,3189,520,188,14,60,781,461,7904,13210,175,0,21,32,1209,15,5,222,519,891,1983,9137,68,5683,1,12,957,1,0,1,0,1,0,123,33,3,189,6,4,53,101,3,4,9,8,30,511,6,30,18,546,2,7,214,1,2,25,9,242,7,7,111,4,71,1,3,80,0,2,93,0,5,0,0,0,1,0
12,7,6,21,13,6,5,47,64,281,86,59,20,271,92,172,10,11,105,99,148,1702,376,100,163,6257,546,12230,279,453,114,3723,175,21710,6,21,36,1567,115,7042,161,171,268,9351,144,2934,10086,10,25,155,2,0,0,0,0,0,4,3,2,11,7,0,2,1,1,0,1,1,13,0,4,70,7,46,4,325,240,369,2,4,153,28,5,1,32,1172,19,0,1,55,15,1485,1236,73,152,7,0,1,2,5
63,74,31,312,56,1311,3694,2,10,61,25,1,0,249,145,1308,0,2,8,1,4,40,1,257,18,2,53,18,59,82,10,3,0,6,8806,3132,658,2,7585,48,49,7,34,32,0,2,1,6163,141,24,88,107,85,43,163,193,0,0,1,3,19,0,0,0,60,10,307,1,116,1,1,13,5,2,1,0,4,1,16,5,0,1,22,24,0,2,59,360,2,1,262,4,5,0,0,352,17,8,14,4
85,59,37,240,47,219,665,66,451,554,369,33,18,562,204,3190,54,32,3666,39,652,278,17,8792,218,17,125,42,442,821,403,34,21,21,3132,23304,1811,14,11079,64,351,149,861,139,15,7,36,611,105,124,127,83,89,27,75,134,5,10,19,41,90,5,4,3,122,55,511,8,1040,14,30,42,55,21,91,0,9,2,77,107,1,10,96,185,11,7,290,641,44,6,402,3,22,3,3,188,55,26,68,52
54,28,16,124,31,113,133,441,1903,319,169,210,94,450,146,467,198,52,421,40,799,147,17,4101,109,11,1117,196,344,606,275,12,32,36,658,1811,2685,14,7174,358,241,185,789,106,24,12,33,943,104,152,17,8,8,4,22,20,3,3,6,31,12,9,6,3,17,6,46,5,161,9,14,10,19,10,33,1,5,8,8,34,1,3,10,28,5,2,124,75,17,2,49,16,13,0,0,55,6,5,13,13
19,7,1,45,19,0,2,734,58,162,124,168,172,595,237,362,18,79,80,2298,133,501,1287,31,263,9109,159,118,73,474,443,4424,1209,1567,2,14,14,13935,3,35,80,71,857,11595,3540,146,1990,0,65,418,0,0,3,0,0,1,5,6,5,43,17,6,36,11,3,14,11,7,47,79,13,91,34,602,9,83,495,0,6,27,48,229,17,30,483,62,21,5,8,366,5,27,794,7,34,1,4,2,11,3
41,27,44,78,34,1593,1594,38,202,235,186,20,6,304,91,439,21,13,125,10,200,154,6,8428,136,4,1257,567,227,389,92,6,15,115,7585,11079,7174,3,44398,1503,164,63,251,489,9,25,17,8903,283,59,85,53,41,17,91,183,1,0,5,24,60,4,1,0,62,9,260,2,451,5,5,32,23,4,27,3,8,22,31,44,2,4,43,75,3,20,166,304,23,7,228,52,15,4,1,186,28,17,19,9
1,0,2,4,3,17,4,3,38,38,25,5,3,17,6,32,0,0,4,3,9,284,42,579,50,94,5666,12982,149,43,4,93,5,7042,48,64,358,35,1503,31838,32,8,10,7447,4,621,580,172,12,4,1,3,0,1,6,5,0,2,0,6,8,2,0,0,1,2,3,0,12,1,2,89,28,48,5,267,331,1447,3,3,142,17,3,0,11,1715,54,4,2,38,71,5770,1355,258,171,29,1,2,6,5
556,270,453,1042,109,235,166,68,36,14171,154,178,47,1131,197,668,32,15,202,29,371,13552,186,268,28,70,15,459,22331,14304,167,391,222,161,49,351,241,80,164,32,61780,8491,574,148,130,267,610,12,288,770,18,9,11,3,5,12,1,7,12,35,37,3,2,0,19,7,63,10,293,2,23,10,31,2,50,1,2,0,14,75,1,2,22,39,1,3,79,93,30,2,45,6,9,1,1,10,12,5,21,17
31,50,38,325,5,12,38,35,21,11818,72,275,91,61,51,325,44,8,148,31,992,582,250,174,40,86,9,37,91,7988,102,748,519,171,7,149,185,71,63,8,8491,12853,867,172,194,146,1080,4,4,6326,3,3,2,1,1,2,1,3,7,19,13,3,1,1,0,2,8,7,156,4,14,6,17,3,21,4,7,1,4,32,0,1,6,19,2,1,53,21,4,5,13,1,5,0,0,3,1,5,10,10
71,63,21,3438,38,14,21,1159,100,2816,295,366,796,2651,21614,12978,155,118,1425,462,6926,424,143,292,92,394,26,48,442,1877,11198,696,891,268,34,861,789,857,251,10,574,867,57139,339,1057,20,338,15,124,15573,41,14,15,2,7,17,1,2,5,50,44,2,3,5,29,15,159,6,548,7,11,30,33,16,47,1,8,1,27,85,0,11,40,58,9,1,190,203,20,7,110,2,14,4,2,19,22,19,32,21
14,2,3,23,4,11,7,269,572,523,398,486,102,217,84,313,45,57,533,1680,214,2324,4595,720,3558,9115,8999,852,98,391,203,6888,1983,9351,32,139,106,11595,489,7447,148,172,339,54003,836,1181,6705,70,30,160,9,2,5,3,7,3,18,17,13,150,57,15,91,13,16,28,15,8,97,141,27,449,133,1709,29,1946,2524,204,13,76,647,534,35,67,1038,1369,54,7,15,1400,42,1149,6560,53,461,19,6,5,36,33
13,4,2,32,13,2,1,1319,95,134,47,115,1649,735,170,163,35,106,59,4993,275,219,234,26,784,1362,161,12,111,1228,446,6876,9137,144,0,15,24,3540,9,4,130,194,1057,836,6422,18,580,2,44,1781,0,0,3,0,0,1,21,8,5,52,6,5,41,23,6,15,5,3,31,267,3,43,19,753,7,16,139,1,3,24,4,278,14,28,395,9,21,3,4,176,3,4,280,0,10,0,1,1,4,5
8,3,5,4,6,6,2,58,36,677,295,191,24,19,3,15,12,3,17,85,149,6515,3462,25,81,176,97,8355,910,228,8,109,68,2934,2,7,12,146,25,621,267,146,20,1181,18,10590,8439,6,2,22,1,0,0,0,0,0,1,1,0,5,1,0,0,0,0,0,0,1,8,0,1,4,2,13,3,29,28,57,0,2,10,4,0,3,5,191,5,1,1,11,2,218,126,8,15,2,1,1,1,0
15,4,5,26,11,1,0,195,150,1767,395,476,80,366,61,148,132,43,107,313,1222,2454,7763,88,616,1514,599,4993,291,1535,107,11291,5683,10086,1,36,33,1990,17,580,610,1080,338,6705,580,8439,29679,5,32,557,1,0,0,0,1,0,5,1,4,21,5,1,6,5,3,0,1,1,28,23,6,37,13,92,6,222,213,54,1,6,84,43,2,4,97,297,17,5,1,122,6,252,705,13,68,1,0,2,2,1
91,73,39,190,410,5498,1997,2,8,29,20,0,0,100,76,402,1,0,5,1,2,26,1,315,17,2,166,70,39,35,1,0,1,10,6163,611,943,0,8903,172,12,4,15,70,2,6,5,6915,823,32,38,60,31,40,201,112,0,0,0,1,4,0,0,0,26,3,72,0,39,0,0,5,1,3,0,1,1,1,0,1,1,1,7,6,0,5,26,102,0,0,67,6,11,0,0,268,17,1,1,2
2841,224,179,207,7177,2350,63,31,6,46,7,1,6,17383,274,234,0,3,21,14,16,142,4,42,8,43,12,26,6388,1118,18,75,12,25,141,105,104,65,283,12,288,4,124,30,44,2,32,823,10610,27,8,8,9,5,7,13,0,0,0,1,6,0,0,0,11,4,38,0,77,1,0,8,1,1,1,0,0,0,6,9,0,0,6,7,1,0,17,46,1,1,36,0,0,0,1,17,4,4,3,3
11,20,12,424,4,13,31,359,28,9318,43,167,407,2168,6706,323,42,23,112,157,2031,116,95,105,65,397,11,17,277,7186,335,1387,957,155,24,124,152,418,59,4,770,6326,15573,160,1781,22,557,32,27,22098,4,3,4,0,1,4,4,2,2,18,12,0,1,3,5,2,18,0,80,5,1,4,17,17,7,2,4,0,7,18,1,6,10,12,8,1,33,23,6,8,21,0,13,0,1,4,1,4,9,4
15,14,141,59,22,30,52,3,1,15,3,1,1,74,33,175,0,1,10,2,8,18,0,11,5,2,3,0,29,31,4,1,1,2,88,127,17,0,85,1,18,3,41,9,0,1,1,38,8,4,59499,21335,4735,17083,17835,868,7,17,9,14,69,2,2,4,20174,369,1470,4,265,24,5,213,6,16,13,51,7,30,1270,44,28,31,580,196,86,62,58,392,16,49,240,1,38,8,4,444,14831,163,152,20
14,2,282,56,41,14,69,0,1,4,2,0,0,28,22,87,0,0,3,0,2,5,1,7,3,0,3,0,5,16,1,1,0,0,107,83,8,0,53,3,9,3,14,2,0,0,0,60,8,3,21335,75073,23211,14636,2907,17044,0,2,4,6,168,5,2,1,12349,156,679,1,156,7,4,772,5,5,10,8,3,46,1481,15,14,13,1506,71,31,20,37,275,26,8,93,2,15,36,10,244,1411,518,548,49
10,6,6,47,7,12,53,1,10,8,5,1,1,45,13,120,1,2,12,6,11,8,0,16,8,1,0,0,17,22,7,0,1,0,85,89,8,3,41,0,11,2,15,5,3,0,0,31,9,4,4735,23211,72578,314,1085,21024,4,18,8,36,412,16,4,3,18025,12738,17171,2,697,46,16,455,17,26,22,30,9,20,1069,74,15,36,1127,1081,86,32,63,698,117,29,124,2,43,18,13,163,1246,428,715,86
111,9,4530,68,409,1039,1073,0,0,2,0,0,0,8,2,23,0,1,0,0,0,5,0,10,0,0,2,0,2,4,1,0,0,0,43,27,4,0,17,1,3,1,2,3,0,0,0,40,5,0,17083,14636,314,35851,21650,16634,0,1,0,4,25,1,0,0,234,40,87,0,24,0,1,233,0,1,5,2,2,41,598,3,7,4,687,16,5,7,7,144,19,1,235,1,3,15,1,1115,504,217,165,14
14,12,41,96,8,40,162,0,2,7,4,1,0,29,21,128,0,0,3,0,3,10,0,29,1,1,7,0,9,2,1,0,1,0,163,75,22,0,91,6,5,1,7,7,0,0,1,201,7,1,17835,2907,1085,21650,19518,5653,2,3,1,3,31,0,0,0,809,244,459,0,49,1,3,44,27,24,2,1,47,23,130,5,2,4,114,17,5,8,51,1309,10,3,1557,51,69,3,4,6324,5920,29,43,3
33,19,446,210,16,237,3709,5,5,16,1,0,0,63,47,218,3,1,12,0,3,9,0,17,3,0,8,2,6,22,4,0,0,0,193,134,20,1,183,5,12,2,17,3,1,0,0,112,13,4,868,17044,21024,16634,5653,39949,0,2,1,14,420,8,0,0,465,52,4866,0,238,1,12,564,10,7,10,10,2,14,401,17,12,13,627,40,14,11,41,2829,24,2,1732,1,10,19,1,508,181,392,641,59
0,0,0,0,0,0,0,313,901,5,29,65,281,1,0,4,15,2,11,336,5,28,8,39,197,1,22,0,3,2,7,2,123,4,0,5,3,5,1,0,1,1,1,18,21,1,5,0,0,4,7,0,4,0,2,0,4307,9270,501,947,25,112,219,4793,36,50,81,686,260,3567,72,132,125,121,83,14,97,4,9,779,11,1718,32,228,290,10,694,0,30,45,0,2,31,4,20,0,13,2,7,2
0,0,1,0,0,0,0,181,390,10,35,55,89,2,2,6,28,11,17,48,34,17,5,26,36,2,5,0,3,3,6,0,33,3,0,10,3,6,0,2,7,3,2,17,8,1,1,0,0,2,17,2,18,1,3,2,9270,21641,4616,3407,176,1042,793,3175,55,37,224,8075,910,1534,837,1017,139,61,328,22,33,7,28,1586,14,495,36,239,253,33,737,4,24,86,9,8,125,33,85,0,18,17,26,16
0,0,0,1,0,0,2,88,75,25,15,30,5,1,0,5,33,6,44,15,80,8,1,38,16,3,2,0,13,11,21,0,3,2,1,19,6,5,5,0,12,7,5,13,5,0,4,0,0,2,9,4,8,0,1,1,501,4616,4519,2391,294,913,308,459,29,18,130,4927,2193,300,1071,480,41,37,234,15,8,3,15,1460,19,357,19,85,287,26,206,1,10,45,8,2,50,14,46,1,5,16,26,21
0,0,1,2,0,2,0,1179,2577,90,143,359,625,19,7,45,203,47,183,495,235,96,28,228,452,17,88,4,24,34,54,20,189,11,3,41,31,43,24,6,35,19,50,150,52,5,21,1,1,18,14,6,36,4,3,14,947,3407,2391,41817,534,1722,1643,1521,26,10,296,1141,5972,3747,2860,1343,12202,5124,309,44,1845,10,32,314,43,604,57,116,115,72,7151,44,56,125,22,25,708,25,87,5,18,36,92,100
4,2,1,12,1,1,8,76,78,52,21,30,6,29,13,45,29,16,97,14,110,26,4,78,16,10,7,4,37,53,34,6,6,7,19,90,12,17,60,8,37,13,44,57,6,1,5,4,6,12,69,168,412,25,31,420,25,176,294,534,27607,3908,347,27,77,276,1366,133,2751,95,4587,2362,231,65,680,91,52,215,230,412,161,232,1192,488,125,557,633,221,419,208,240,20,540,164,803,95,34,20888,23452,6693
0,0,0,0,0,0,0,67,104,17,18,21,7,2,1,3,24,6,17,15,35,8,2,20,17,2,11,0,4,3,5,1,4,0,0,5,9,6,4,2,3,3,2,15,5,0,1,0,0,0,2,5,16,1,0,8,112,1042,913,1722,3908,6322,4975,250,10,15,136,581,1077,268,8463,5694,183,156,894,19,36,17,32,287,24,122,46,46,84,64,252,11,62,100,17,3,192,91,195,2,4,62,197,497
0,1,0,0,0,0,0,75,153,6,13,17,46,0,0,5,5,5,18,132,15,13,11,16,241,2,18,1,2,3,6,5,53,2,0,4,6,36,1,0,2,1,3,91,41,0,6,0,0,1,2,2,4,0,0,0,219,793,308,1643,347,4975,21427,9558,7,28,68,4036,306,1865,9084,5362,104,1684,1258,41,236,11,14,1388,58,5024,27,95,438,91,246,3,83,355,6,6,434,63,338,0,3,13,38,120
0,0,0,1,0,0,0,170,428,4,18,27,129,2,1,4,14,1,11,249,14,18,9,19,168,0,12,0,2,1,2,0,101,1,0,3,3,11,0,0,0,1,5,13,23,0,5,0,0,3,4,1,3,0,0,0,4793,3175,459,1521,27,250,9558,15749,11,8,49,8825,233,1821,1072,284,113,368,383,9,178,2,1,1152,9,3094,6,94,251,14,475,0,31,26,1,1,34,8,27,0,2,3,9,8
9,5,5,30,8,11,26,5,5,9,5,0,2,42,20,89,0,3,13,3,6,7,3,14,19,3,11,1,27,41,5,4,3,1,60,122,17,3,62,1,19,0,29,16,6,0,3,26,11,5,20174,12349,18025,234,809,465,36,55,29,26,77,10,7,11,82505,19989,3060,8,524,90,14,202,12,31,34,211,10,50,9455,144,163,212,14869,1249,569,222,125,227,254,154,200,6,86,10,46,189,13645,174,461,202
2,0,0,4,2,4,4,2,6,13,2,0,1,15,4,39,0,1,18,7,3,11,0,9,38,5,13,1,14,21,7,4,4,0,10,55,6,14,9,2,7,2,15,28,15,0,0,3,4,2,369,156,12738,40,244,52,50,37,18,10,276,15,28,8,19989,30212,3079,7,255,76,22,369,6,50,252,237,16,80,1735,153,417,736,13934,10891,1083,407,131,69,13693,115,67,4,90,20,244,81,659,216,2456,4267
49,21,8,128,30,34,152,18,16,58,38,4,4,248,111,477,5,10,70,16,43,58,2,49,24,3,10,1,98,193,34,2,9,1,307,511,46,11,260,3,63,8,159,15,5,0,1,72,38,18,1470,679,17171,87,459,4866,81,224,130,296,1366,136,68,49,3060,3079,34632,44,14778,302,164,548,44,91,223,54,23,24,724,9806,46,179,940,15956,245,59,354,3954,123,157,718,4,164,21,31,889,618,484,953,174
0,0,1,0,0,0,0,133,147,12,22,41,24,0,0,5,40,9,34,14,52,9,0,20,21,0,2,0,4,11,7,2,8,1,1,8,5,7,2,0,10,7,6,8,3,1,1,0,0,0,4,1,2,0,0,0,686,8075,4927,1141,133,581,4036,8825,8,7,44,12163,584,217,7439,406,102,48,2087,5,12,3,4,3626,18,667,9,22,126,19,366,5,9,15,2,1,34,5,34,0,2,8,10,21
24,13,10,44,13,15,45,291,442,259,106,81,22,284,59,492,136,106,673,106,782,157,18,641,145,16,33,15,384,573,383,17,30,13,116,1040,161,47,451,12,293,156,548,97,31,8,28,39,77,80,265,156,697,24,49,238,260,910,2193,5972,2751,1077,306,233,524,255,14778,584,28217,1009,1868,841,4060,577,1840,45,145,38,425,5321,58,392,954,1407,363,86,3191,4473,719,196,720,27,460,18,80,83,156,514,1306,821
0,0,0,0,0,0,0,330,1011,7,12,61,503,3,2,13,8,7,34,892,23,37,25,64,1165,9,60,0,7,4,17,13,511,0,1,14,9,79,5,1,2,4,7,141,267,0,23,0,1,5,24,7,46,0,1,1,3567,1534,300,3747,95,268,1865,1821,90,76,302,217,1009,13735,228,861,356,2585,123,76,574,9,40,690,50,3336,82,364,1944,76,601,8,60,1749,8,8,589,22,102,2,28,24,46,37
1,1,0,1,0,1,2,249,305,68,62,122,28,3,1,26,92,28,127,27,110,32,4,90,20,4,9,1,12,23,28,5,6,4,1,30,14,13,5,2,23,14,11,27,3,1,6,0,0,1,5,4,16,1,3,12,72,837,1071,2860,4587,8463,9084,1072,14,22,164,7439,1868,228,27208,2615,612,106,9338,63,42,81,29,2252,90,579,95,48,66,347,1095,43,212,138,50,10,336,117,723,2,10,89,573,7712
0,2,1,7,0,3,7,38,86,12,6,15,20,26,6,30,12,8,24,49,28,18,13,19,181,49,129,14,18,29,17,34,30,70,13,42,10,91,32,89,10,6,30,449,43,4,37,5,8,4,213,772,455,233,44,564,132,1017,480,1343,2362,5694,5362,284,202,369,548,406,841,861,2615,35965,181,1587,1718,644,587,2250,3705,841,304,7336,1283,369,1311,2251,269,135,438,1995,150,218,4205,7838,7362,49,67,2712,1166,816
0,0,1,6,1,1,0,334,332,68,55,88,40,7,2,39,95,33,140,44,181,27,9,121,91,17,50,8,18,24,54,10,18,7,5,55,19,34,23,28,31,17,33,133,19,2,13,1,1,17,6,5,17,0,27,10,125,139,41,12202,231,183,104,113,12,6,44,102,4060,356,612,181,7215,2674,183,53,977,63,14,105,31,104,25,24,26,116,5912,2335,37,37,1108,359,1240,9,53,77,13,27,68,56
1,0,1,3,1,0,1,123,429,7,13,53,182,10,3,24,3,9,67,720,17,60,77,87,3479,83,945,13,1,14,8,96,546,46,2,21,10,602,4,48,2,3,16,1709,753,13,92,3,1,17,16,5,26,1,24,7,121,61,37,5124,65,156,1684,368,31,50,91,48,577,2585,106,1587,2674,14686,103,80,11349,117,30,115,83,2484,48,102,630,205,503,63,62,471,246,818,3334,44,207,58,21,11,51,46
0,1,1,2,0,0,1,90,107,70,25,16,5,7,1,44,37,26,179,28,138,34,3,147,42,1,6,0,58,58,67,2,2,4,1,91,33,9,27,5,50,21,47,29,7,3,6,0,1,7,13,10,22,5,2,10,83,328,234,309,680,894,1258,383,34,252,223,2087,1840,123,9338,1718,183,103,13899,77,21,86,126,7184,346,1698,546,1655,389,553,1010,94,5422,117,134,12,195,86,1057,7,11,93,1073,4043
0,0,0,0,0,0,0,5,10,10,5,1,1,0,0,5,1,0,5,3,4,51,50,20,48,366,293,31,0,10,0,228,7,325,0,0,1,83,3,267,1,4,1,1946,16,29,222,1,0,2,51,8,30,2,1,10,14,22,15,44,91,19,41,9,211,237,54,5,45,76,63,644,53,80,77,13814,417,127,230,158,6599,907,590,333,3864,5656,24,3,121,9051,33,235,4979,71,641,14,87,41,202,100
0,1,0,4,0,0,2,53,305,5,6,24,135,6,2,12,3,6,33,229,5,63,84,53,816,405,994,82,3,11,4,262,214,240,4,9,5,495,8,331,2,7,8,2524,139,28,213,1,0,4,7,3,9,2,47,2,97,33,8,1845,52,36,236,178,10,16,23,12,145,574,42,587,977,11349,21,417,14147,1021,34,36,263,762,22,32,295,552,1069,38,25,289,758,5660,10138,62,280,223,31,14,33,21
0,0,1,0,0,1,1,0,3,2,2,0,0,3,0,2,0,0,1,2,2,11,5,5,4,28,73,532,5,1,0,16,1,369,1,2,8,0,22,1447,0,1,1,204,1,57,54,1,0,0,30,46,20,41,23,14,4,7,3,10,215,17,11,2,50,80,24,3,38,9,81,2250,63,117,86,127,1021,43209,2805,25,57,61,582,59,207,7913,310,11,58,231,298,15485,1170,12978,836,74,43,470,442,173
7,1,4,5,0,1,5,6,5,9,3,1,0,22,4,41,3,2,23,6,23,11,1,17,17,2,8,2,10,40,11,2,2,2,16,77,8,6,31,3,14,4,27,13,3,0,1,0,6,7,1270,1481,1069,598,130,401,9,28,15,32,230,32,14,1,9455,1735,724,4,425,40,29,3705,14,30,126,230,34,2805,192048,72,357,391,33993,810,643,607,173,126,734,101,131,65,89,1153,232,35,16414,21015,2121,433
3,3,0,2,3,0,2,112,135,69,33,24,20,18,4,59,38,30,175,55,231,40,5,164,75,11,20,8,66,76,95,12,25,4,5,107,34,27,44,3,75,32,85,76,24,2,6,1,9,18,44,15,74,3,5,17,779,1586,1460,314,412,287,1388,1152,144,153,9806,3626,5321,690,2252,841,105,115,7184,158,36,25,72,16034,252,2493,140,6842,1796,236,579,61,767,265,82,5,160,16,427,9,37,71,201,114
0,0,1,0,0,0,0,1,6,3,4,0,0,0,0,1,0,0,8,3,2,19,20,5,35,114,98,17,2,1,1,86,9,153,0,1,1,48,2,142,1,0,0,647,4,10,84,1,0,1,28,14,15,7,2,12,11,14,19,43,161,24,58,9,163,417,46,18,58,50,90,304,31,83,346,6599,263,57,357,252,15450,1790,1062,379,4052,3724,27,5,396,1597,20,116,1865,50,4671,7,89,78,577,362
0,0,0,0,0,0,0,97,252,13,8,33,92,9,2,12,4,7,43,483,11,31,36,50,1172,67,197,9,3,5,5,28,242,28,1,10,3,229,4,17,2,1,11,534,278,4,43,1,0,6,31,13,36,4,4,13,1718,495,357,604,232,122,5024,3094,212,736,179,667,392,3336,579,7336,104,2484,1698,907,762,61,391,2493,1790,27834,1178,1245,15803,877,240,8,1081,2019,19,36,2197,59,5926,8,106,81,772,607
4,3,2,6,2,0,8,22,15,21,11,2,1,46,20,54,4,4,59,10,47,15,2,51,54,6,16,1,29,53,17,5,7,5,22,96,10,17,43,3,22,6,40,35,14,0,2,7,6,10,580,1506,1127,687,114,627,32,36,19,57,1192,46,27,6,14869,13934,940,9,954,82,95,1283,25,48,546,590,22,582,33993,140,1062,1178,86689,1966,1612,1279,373,220,3397,186,206,24,163,216,560,40,2391,6974,28861,4322
7,1,3,10,5,2,13,29,22,22,10,3,8,48,24,102,5,10,64,31,33,44,4,57,70,1,33,2,51,94,39,2,7,1,24,185,28,30,75,0,39,19,58,67,28,3,4,6,7,12,196,71,1081,16,17,40,228,239,85,116,488,46,95,94,1249,10891,15956,22,1407,364,48,369,24,102,1655,333,32,59,810,6842,379,1245,1966,14504,2135,413,331,157,9253,345,187,8,210,25,257,33,300,241,971,950
0,0,0,1,0,0,0,24,66,3,6,22,19,9,4,11,3,5,43,172,15,30,69,42,1237,116,506,5,3,10,8,104,111,32,0,11,5,483,3,11,1,2,9,1038,395,5,97,0,1,8,86,31,86,5,5,14,290,253,287,115,125,84,438,251,569,1083,245,126,363,1944,66,1311,26,630,389,3864,295,207,643,1796,4052,15803,1612,2135,18020,2114,62,11,622,2780,17,45,1097,26,751,5,219,95,525,244
0,0,1,0,0,0,1,5,4,9,9,0,1,0,1,4,1,0,3,6,1,58,26,14,46,216,180,320,6,2,1,144,4,1172,2,7,2,62,20,1715,3,1,1,1369,9,191,297,5,0,1,62,20,32,7,8,11,10,33,26,72,557,64,91,14,222,407,59,19,86,76,347,2251,116,205,553,5656,552,7913,607,236,3724,877,1279,413,2114,30618,87,10,379,2990,119,3921,6302,6040,7046,40,115,180,984,579
5,7,2,31,10,8,20,472,1205,133,65,174,235,91,19,120,159,36,257,132,355,70,12,327,155,12,32,27,86,174,126,9,71,19,59,290,124,21,166,54,79,53,190,54,21,5,17,26,17,33,58,37,63,7,51,41,694,737,206,7151,633,252,246,475,125,131,354,366,3191,601,1095,269,5912,503,1010,24,1069,310,173,579,27,240,373,331,62,87,3889,2263,438,34,4985,1261,440,29,52,279,57,140,488,450
54,59,14,176,24,38,177,29,44,88,39,5,2,250,98,515,12,6,111,7,74,75,0,96,10,1,12,11,156,226,65,2,1,0,360,641,75,5,304,4,93,21,203,7,3,1,5,102,46,23,392,275,698,144,1309,2829,0,4,1,44,221,11,3,0,227,69,3954,5,4473,8,43,135,2335,63,94,3,38,11,126,61,5,8,220,157,11,10,2263,18189,67,4,12810,24,59,5,5,4667,131,104,203,50
2,0,0,1,0,0,1,19,9,21,12,2,0,11,2,31,5,8,75,19,38,20,0,61,26,3,5,0,33,40,23,0,3,1,2,44,17,8,23,2,30,4,20,15,4,1,1,0,1,6,16,26,117,19,10,24,30,24,10,56,419,62,83,31,254,13693,123,9,719,60,212,438,37,62,5422,121,25,58,734,767,396,1081,3397,9253,622,379,438,67,29846,76,132,3,70,35,449,8,90,206,3890,14210
0,0,0,1,0,0,0,12,30,2,5,12,7,4,0,9,2,2,22,60,8,21,86,46,493,239,573,12,4,7,8,174,80,55,1,6,2,366,7,38,2,5,7,1400,176,11,122,0,1,8,49,8,29,1,3,2,45,86,45,125,208,100,355,26,154,115,157,15,196,1749,138,1995,37,471,117,9051,289,231,101,265,1597,2019,186,345,2780,2990,34,4,76,16278,21,95,12860,61,629,8,47,30,119,80
30,32,9,123,22,23,129,20,18,62,37,2,2,175,76,426,6,11,62,7,52,57,2,71,4,7,12,14,93,145,51,5,0,15,262,402,49,5,228,71,45,13,110,42,3,2,6,67,36,21,240,93,124,235,1557,1732,0,9,8,22,240,17,6,1,200,67,718,2,720,8,50,150,1108,246,134,33,758,298,131,82,20,19,206,187,17,119,4985,12810,132,21,21606,1049,668,25,33,12429,347,87,190,97
0,0,0,1,0,1,0,5,4,6,4,3,1,0,1,2,0,0,2,3,2,54,18,29,9,114,211,1353,9,1,0,64,2,1485,4,3,16,27,52,5770,6,1,2,1149,4,218,252,6,0,0,1,2,2,1,51,1,2,8,2,25,20,3,6,1,6,4,4,1,27,8,10,218,359,818,12,235,5660,15485,65,5,116,36,24,8,45,3921,1261,24,3,95,1049,37837,10135,659,286,269,17,7,29,11
0,0,2,2,0,4,1,16,85,19,15,22,19,13,4,31,3,2,52,59,21,124,251,72,780,1087,1985,205,5,23,9,658,93,1236,5,22,13,794,15,1355,9,5,14,6560,280,126,705,11,0,13,38,15,43,3,69,10,31,125,50,708,540,192,434,34,86,90,164,34,460,589,336,4205,1240,3334,195,4979,10138,1170,89,160,1865,2197,163,210,1097,6302,440,59,70,12860,668,10135,36476,360,1972,223,63,48,316,188
0,0,2,0,0,0,0,1,1,1,0,0,2,0,0,1,0,0,1,1,0,3,0,1,5,6,16,81,2,2,1,2,0,73,0,3,0,7,4,258,1,0,4,53,0,8,13,0,0,0,8,36,18,15,3,19,4,33,14,25,164,91,63,8,10,20,21,5,18,22,117,7838,9,44,86,71,62,12978,1153,16,50,59,216,25,26,6040,29,5,35,61,25,659,360,13618,4540,4,6,306,149,82
0,0,0,0,0,0,0,2,6,1,4,2,0,1,0,3,0,1,4,5,3,9,13,7,27,85,80,32,1,1,3,56,5,152,0,3,0,34,1,171,1,0,2,461,10,15,68,0,1,1,4,10,13,1,4,1,20,85,46,87,803,195,338,27,46,244,31,34,80,102,723,7362,53,207,1057,641,280,836,232,427,4671,5926,560,257,751,7046,52,5,449,629,33,286,1972,4540,18985,10,29,120,768,804
36,40,21,218,15,69,291,3,4,16,5,2,0,72,45,272,0,2,12,0,4,22,2,39,5,0,14,4,17,30,3,1,0,7,352,188,55,1,186,29,10,3,19,19,0,2,1,268,17,4,444,244,163,1115,6324,508,0,0,1,5,95,2,0,0,189,81,889,0,83,2,2,49,77,58,7,14,223,74,35,9,7,8,40,33,5,40,279,4667,8,8,12429,269,223,4,10,6229,637,26,59,7
2,5,3,13,1,5,16,1,1,2,1,0,3,24,13,39,2,0,11,3,4,5,1,9,7,1,6,1,10,12,4,0,0,0,17,55,6,4,28,1,12,1,22,6,1,1,0,17,4,1,14831,1411,1246,504,5920,181,13,18,5,18,34,4,3,2,13645,659,618,2,156,28,10,67,13,21,11,87,31,43,16414,37,89,106,2391,300,219,115,57,131,90,47,347,17,63,6,29,637,44658,112,278,26
2,0,1,0,1,0,7,9,8,6,3,2,2,9,3,24,7,3,28,3,15,7,0,21,3,0,1,0,6,16,5,2,0,1,8,26,5,2,17,2,5,5,19,5,1,1,2,1,4,4,163,518,428,217,29,392,2,17,16,36,20888,62,13,3,174,216,484,8,514,24,89,2712,27,11,93,41,14,470,21015,71,78,81,6974,241,95,180,140,104,206,30,87,7,48,306,120,26,112,31815,9584,482
3,2,0,4,0,0,6,23,29,21,17,8,4,10,11,44,11,8,82,10,50,13,1,67,22,4,6,1,20,34,38,2,1,2,14,68,13,11,19,6,21,10,32,36,4,1,2,1,3,9,152,548,715,165,43,641,7,26,26,92,23452,197,38,9,461,2456,953,10,1306,46,573,1166,68,51,1073,202,33,442,2121,201,577,772,28861,971,525,984,488,203,3890,119,190,29,316,149,768,59,278,9584,41497,17501
1,0,0,1,1,0,0,23,29,26,6,6,1,6,1,23,7,9,73,19,43,15,2,77,17,3,7,1,28,34,27,0,0,5,4,52,13,3,9,5,17,10,21,33,5,0,1,2,3,4,20,49,86,14,3,59,2,16,21,100,6693,497,120,8,202,4267,174,21,821,37,7712,816,56,46,4043,100,21,173,433,114,362,607,4322,950,244,579,450,50,14210,80,97,11,188,82,804,7,26,482,17501,19510
