18202,13032,8667,2197,15882,3027,643,0,0,32,13,0,0,25449,2059,271,0,0,3,1,1,88,0,1,0,0,0,1,54,119,26,0,0,0,45,16,17,0,27,0,14,218,7,0,0,0,0,124,496,924,0,0,0,8,1,0,0,0,0,0,0,0,0,0,0,0,0,0,0,0,0,0,0,0,0,0,0,0,0,0,0,0,0,0,0,0,2,4,0,0,1,0,0,0,0,0,0,0,0,0
13032,13454,5339,8816,1674,1179,1904,0,0,36,15,0,0,7279,2275,306,0,0,1,0,2,77,0,1,0,0,0,0,41,41,15,0,0,0,49,21,16,0,25,0,10,97,11,0,0,0,0,97,109,932,0,0,1,4,1,1,0,0,0,0,0,0,0,0,1,0,0,0,0,0,0,0,0,0,0,0,0,0,0,0,0,0,0,0,0,0,2,6,0,0,0,0,0,0,0,0,0,0,0,0
8667,5339,3121,4384,6849,4016,2631,1,3,52,11,1,0,2575,629,202,0,1,0,0,1,94,0,0,0,0,0,0,39,58,17,0,0,0,69,19,18,0,29,0,22,133,6,0,0,0,0,148,130,840,431,299,26,709,52,134,0,0,0,0,12,2,0,0,17,1,3,0,0,0,0,4,0,0,0,0,0,0,2,5,0,0,5,0,0,0,4,5,0,0,2,0,0,1,0,2,4,0,8,2
2197,8816,4384,54787,1289,2082,20403,0,5,262,144,3,4,3839,14115,4601,1,8,26,0,14,159,2,4,1,0,0,0,50,69,401,0,2,0,666,166,201,0,281,0,29,247,1255,0,0,0,1,492,130,2481,2,3,9,5,10,11,0,0,0,0,2,0,0,0,5,5,24,0,2,0,0,2,0,0,0,0,1,0,2,2,0,0,3,1,0,0,38,88,0,0,9,0,0,0,0,35,1,0,2,0
15882,1674,6849,1289,32549,28663,1072,0,0,70,28,0,0,11744,2241,337,0,2,1,1,1,208,0,3,0,0,1,1,136,423,56,0,0,0,75,21,30,0,60,0,41,619,20,0,0,2,0,458,7424,1697,0,0,0,5,0,1,0,0,0,0,0,0,0,0,1,0,0,0,0,0,0,0,0,0,0,0,0,0,0,1,0,0,1,0,0,0,2,4,0,0,0,0,0,0,0,1,0,0,1,0
3027,1179,4016,2082,28663,17159,8839,0,3,130,40,2,1,4206,1302,506,1,3,5,1,9,312,0,6,0,0,3,0,123,177,82,0,0,0,445,135,111,0,469,0,50,423,39,0,0,0,0,3589,2930,1014,4,4,5,1060,75,134,0,0,0,0,3,0,0,0,5,2,7,0,3,0,0,0,0,0,0,0,0,0,2,0,0,0,0,0,0,0,18,30,0,0,9,0,0,0,0,10,0,0,3,0
643,1904,2631,20403,1072,8839,20983,0,0,134,26,1,0,998,320,6002,2,2,3,4,5,204,1,4,0,0,0,1,70,87,20,1,1,0,1591,51,103,0,316,0,32,281,21,0,0,0,0,660,90,855,27,33,17,1419,783,1563,0,0,0,0,13,2,0,0,30,14,14,0,2,0,0,13,2,0,0,0,1,0,7,5,0,0,5,0,0,0,13,69,0,0,43,0,0,0,0,15,2,3,18,0
0,0,1,0,0,0,0,49038,3762,121,1454,254,5974,1,3,33,2798,22872,2737,19837,99,715,419,22,13,44,65,5,6,0,16,61,4691,9,0,3,790,1126,3,0,0,29,4,21,2909,13,23,0,0,86,0,0,1,0,0,0,69,65,5,118,11,30,5,8,1,0,1,22,1,110,8,10,3,5,4,4,22,0,1,3,0,5,0,0,11,2,116,0,0,8,0,0,4,0,2,0,0,0,3,0
0,0,3,5,0,3,0,3762,42002,133,1680,1043,1473,3,1,371,693,1448,7087,18006,248,597,424,7013,7424,40,3525,12,14,6,54,145,594,25,9,1321,13238,211,87,28,1,33,1,495,65,49,95,8,0,51,0,2,2,1,2,1,293,198,10,348,42,59,12,88,3,1,4,41,14,795,17,45,14,13,4,3,68,0,0,23,2,45,3,1,51,5,345,4,1,25,2,0,24,0,3,0,0,0,0,6
32,36,52,262,70,130,134,121,133,53403,1883,148,455,238,160,2052,239,1181,509,35,4578,4009,39,113,3,36,18,14,218,283,1846,240,1539,34,130,451,924,16,389,0,20959,26564,2654,58,13,41,173,174,135,14011,4,3,10,8,4,10,0,3,1,18,24,11,0,0,41,8,30,3,37,7,6,13,16,0,1,0,1,1,19,83,1,0,21,6,1,0,125,33,4,2,17,0,3,1,1,14,11,6,25,4
13,15,11,144,28,40,26,1454,1680,1883,5070,9787,4734,40,270,3302,3279,4081,1349,734,1802,3438,3081,188,30,73,132,75,33,21,4053,311,2104,113,28,615,1309,54,168,13,113,61,849,276,25,720,857,58,19,609,1,0,4,1,2,2,3,15,2,24,29,6,2,4,8,8,8,11,15,9,7,17,6,2,4,7,5,0,5,44,7,1,5,0,3,4,82,12,2,7,3,1,9,0,4,5,2,2,4,4
0,0,1,3,0,2,1,254,1043,148,9787,17996,18650,1,4,96,7853,1356,257,286,5673,1249,6089,91,61,38,267,18,0,0,83,296,16320,38,11,44,594,174,32,5,1,2,44,254,32,119,536,13,0,15,0,0,0,0,0,0,4,8,0,12,7,4,0,0,0,0,3,10,3,5,1,9,4,0,1,1,1,0,0,8,3,5,1,0,3,1,19,2,0,20,0,0,15,0,1,1,1,0,4,2
0,0,0,4,0,1,0,5974,1473,455,4734,18650,19028,0,2,13,19107,2687,83,3678,1173,665,2832,22,48,14,137,10,2,2,11,57,32233,9,1,11,437,53,5,2,1,15,1,63,115,45,91,1,0,27,0,0,0,0,0,0,70,27,2,59,3,7,2,8,0,0,1,9,1,189,0,8,0,3,0,2,8,0,0,4,0,5,0,0,8,1,62,1,0,8,0,0,3,0,0,0,0,0,1,0
25449,7279,2575,3839,11744,4206,998,1,3,238,40,1,0,57841,7774,458,0,17,15,0,7,520,0,3,0,1,0,11,1387,19637,60,0,4,0,110,63,86,0,84,0,416,6716,26,0,1,1,0,307,10041,7858,1,1,4,6,4,1,0,0,0,0,0,0,0,0,1,0,1,0,1,0,0,0,0,0,1,0,0,0,0,3,0,0,0,1,0,0,15,12,0,0,1,0,0,0,0,1,0,0,2,1
2059,2275,629,14115,2241,1302,320,3,1,160,270,4,2,7774,13014,2584,1,10,11,0,12,132,0,2,0,0,1,1,126,572,2663,0,0,1,98,283,166,0,227,0,32,498,10893,1,0,0,0,218,892,8200,1,1,4,3,5,3,0,0,0,0,1,1,0,1,4,1,9,0,0,1,0,1,1,0,0,0,0,0,2,0,0,0,1,0,0,0,37,31,0,0,1,0,0,0,0,10,0,0,1,0
271,306,202,4601,337,506,6002,33,371,2052,3302,96,13,458,2584,23706,57,727,9458,464,124,348,24,86,92,13,129,2,93,104,12421,25,23,3,4773,13932,4048,284,2605,0,59,446,5601,66,3,4,5,2079,94,2674,40,48,254,15,205,237,0,1,0,10,40,6,0,0,127,89,475,2,57,2,5,25,7,0,4,0,1,2,31,56,2,2,37,32,0,0,556,2035,3,5,197,1,3,2,0,384,21,1,53,7
0,0,0,1,0,1,2,2798,693,239,3279,7853,19107,0,1,57,14017,2389,279,176,15383,193,504,96,12,6,68,8,2,1,488,66,628,12,4,40,807,23,25,2,0,31,7,33,4,31,93,11,0,108,0,0,1,0,1,3,2,17,1,11,13,6,0,0,0,0,4,6,1,2,5,3,5,2,1,0,2,0,0,4,0,0,1,1,1,1,49,2,0,0,4,1,0,0,0,1,1,0,2,2
0,0,1,8,2,3,2,22872,1448,1181,4081,1356,2687,17,10,727,2389,3817,2783,3157,4898,163,148,222,27,377,125,18,16,18,1230,287,891,53,8,337,1650,3355,294,0,8,334,869,54,1067,16,62,21,8,2914,2,3,5,0,5,4,3,9,4,36,34,18,1,2,14,9,17,19,25,17,4,12,18,12,6,1,17,0,8,64,6,14,10,1,33,1,135,12,2,34,15,0,24,1,0,8,4,0,25,8
3,1,0,26,1,5,3,2737,7087,509,1349,257,83,15,11,9458,279,2783,28043,703,229,248,59,1457,181,14,359,2,43,31,951,29,38,4,12,5847,3128,132,498,6,20,226,6,92,4,8,12,20,8,253,6,9,13,4,12,9,2,6,1,28,52,13,0,0,27,17,27,5,36,8,7,18,22,1,7,3,1,0,12,83,1,1,20,4,3,1,209,25,3,8,18,1,6,0,1,15,5,2,43,9
1,0,0,0,1,1,4,19837,18006,35,734,286,3678,0,0,464,176,3157,703,23267,25,1473,1919,23,6547,68,4732,25,8,1,95,285,3990,38,1,41,573,4492,5,8,3,3,0,3346,5971,82,203,4,0,9,0,0,0,0,1,0,159,77,1,180,9,30,56,168,0,0,2,31,0,1169,5,51,10,226,1,8,170,0,0,22,2,228,1,0,621,3,57,0,1,121,0,0,93,0,3,2,1,0,1,4
1,2,1,14,1,9,5,99,248,4578,1802,5673,1173,7,12,124,15383,4898,229,25,20731,55,179,62,2,8,16,1,1,1,18979,67,811,11,15,56,698,5,134,0,4,272,20057,21,4,13,58,45,2,4506,0,0,2,0,3,4,1,0,1,9,6,5,0,1,1,0,4,3,5,1,1,7,2,0,1,0,1,0,4,16,0,0,0,1,1,0,44,9,0,1,2,0,1,0,0,4,0,1,6,0
88,77,94,159,208,312,204,715,597,4009,3438,1249,665,520,132,348,193,163,248,1473,55,19015,5479,66,242,427,470,2136,5469,2042,82,495,709,2842,116,235,466,472,269,790,22162,2726,18,2350,130,3513,1934,269,349,873,2,1,6,3,4,1,5,1,0,13,8,9,0,4,21,7,15,9,12,33,1,33,5,15,3,35,27,15,2,25,47,13,6,3,21,91,48,18,0,54,6,58,100,6,28,9,2,0,7,1
0,0,0,2,0,0,1,419,424,39,3081,6089,2832,0,0,24,504,148,59,1919,179,5479,11948,11,542,1041,2134,354,33,0,4,1758,13226,467,1,9,57,1993,4,159,1,1,1,5017,415,3674,5872,0,0,7,0,0,0,0,0,0,8,3,0,7,0,1,5,2,0,0,0,11,1,34,2,103,3,28,0,146,85,3,0,5,124,85,0,0,76,59,4,0,0,377,0,11,236,8,84,0,0,0,0,2
1,1,0,4,3,6,4,22,7013,113,188,91,22,3,2,86,96,222,1457,23,62,66,11,10336,55,2,3132,18,8,10,32,3,9,46,23,5579,5125,3,6575,183,4,65,2,31,3,4,2,88,4,66,1,2,2,0,2,0,10,1,0,12,4,3,0,1,2,2,3,0,2,19,0,2,3,0,1,0,0,0,0,7,0,0,1,0,1,1,25,2,0,2,7,0,1,0,1,12,1,1,0,2
0,0,0,1,0,0,0,13,7424,3,30,61,48,0,0,92,12,27,181,6547,2,242,542,55,12056,55,13379,6,4,0,6,260,1385,22,2,62,59,643,13,17,0,4,0,948,375,39,171,1,0,3,1,0,0,0,0,0,23,4,0,12,2,2,22,28,0,0,2,25,0,294,2,32,4,127,0,6,141,0,0,13,8,105,0,0,298,0,4,0,2,212,0,1,119,0,6,0,0,0,0,1
0,0,0,0,0,0,0,44,40,36,73,38,14,1,0,13,6,377,14,68,8,427,1041,2,55,29573,941,238,9,0,1,29856,1465,4245,0,2,6,8853,1,256,0,24,1,16233,3693,557,2364,0,0,45,0,0,0,0,0,0,1,0,0,7,3,0,1,1,1,0,0,8,0,7,7,269,2,19,1,446,160,7,1,5,379,108,0,0,46,342,1,0,1,429,0,219,718,29,324,0,0,2,0,3
0,0,0,0,1,3,0,65,3525,18,132,267,137,0,1,129,68,125,359,4732,16,470,2134,3132,13379,941,35600,214,5,1,15,1792,2142,341,11,307,1486,3860,397,3204,0,9,1,16797,1525,190,1597,33,1,13,0,0,1,0,0,0,18,6,0,22,0,4,12,10,1,1,5,24,5,124,3,138,5,184,0,119,185,6,1,16,81,142,0,0,327,42,4,8,2,508,4,19,344,10,82,4,0,0,1,4
1,0,0,0,1,0,1,5,12,14,75,18,10,11,1,2,8,18,2,25,1,2136,354,18,6,238,214,67897,1180,35,0,56,46,10177,0,2,15,428,1,11105,49,19,0,409,14,11584,1515,1,1,5,0,0,0,0,0,0,1,0,0,0,0,0,2,0,1,0,0,1,1,2,0,18,0,12,0,4,8,1457,15,0,10,1,1,0,3,126,2,0,0,5,0,272,27,36,5,0,0,4,1,0
54,41,39,50,136,123,70,6,14,218,33,0,2,1387,126,93,2,16,43,8,1,5469,33,8,4,9,5,1180,69596,14444,20,4,4,139,29,44,124,7,45,122,24267,1951,6,28,0,718,42,84,3148,582,0,0,2,0,2,0,0,0,0,0,0,0,0,0,0,0,1,0,2,1,0,1,1,0,0,0,0,4,1,4,0,0,0,1,1,0,10,1,0,0,1,0,1,0,1,0,1,1,3,1
119,41,58,69,423,177,87,0,6,283,21,0,2,19637,572,104,1,18,31,1,1,2042,0,10,0,0,1,35,14444,37982,24,0,2,7,28,38,110,0,62,1,9720,23096,6,0,0,23,2,99,2374,3389,0,0,1,1,0,2,0,0,0,2,1,1,0,0,3,0,2,0,2,2,0,0,1,0,0,0,0,0,0,2,0,0,1,0,0,0,9,4,0,0,2,0,0,0,0,1,1,1,4,0
26,15,17,401,56,82,20,16,54,1846,4053,83,11,60,2663,12421,488,1230,951,95,18979,82,4,32,6,1,15,0,20,24,20811,5,22,1,39,1158,689,62,241,0,14,250,39631,4,0,0,1,62,18,5787,7,8,44,4,16,23,0,0,0,2,7,3,0,0,21,9,47,0,8,0,3,2,3,0,2,0,0,0,5,12,1,0,6,9,0,0,83,125,0,1,11,0,1,0,0,30,4,1,7,2
0,0,0,0,0,0,1,61,145,240,311,296,57,0,0,25,66,287,29,285,67,495,1758,3,260,29856,1792,56,4,0,5,53842,15900,6698,1,8,12,2242,2,443,0,37,0,7203,14576,560,25903,0,1,48,0,0,0,0,0,0,4,1,0,9,3,3,8,3,0,0,2,8,1,16,7,205,5,20,1,349,154,10,0,7,313,96,0,0,76,360,2,0,0,445,1,192,638,27,302,0,0,0,1,4
0,0,0,2,0,0,1,4691,594,1539,2104,16320,32233,4,0,23,628,891,38,3990,811,709,13226,9,1385,1465,2142,46,4,2,22,15900,17354,248,0,11,84,2076,5,19,0,180,5,1800,2101,182,5354,0,1,290,0,0,0,0,0,0,48,14,0,28,2,8,26,42,0,3,0,24,0,431,2,62,4,144,2,30,134,2,1,15,23,139,1,0,431,18,16,0,1,243,0,3,138,1,18,0,0,0,1,2
0,0,0,0,0,0,0,9,25,34,113,38,9,0,1,3,12,53,4,38,11,2842,467,46,22,4245,341,10177,139,7,1,6698,248,31906,0,2,17,496,10,11895,9,13,0,5851,68,3888,13424,0,0,19,0,0,0,0,0,0,1,0,0,0,2,3,1,0,0,0,0,1,0,7,7,90,1,13,2,83,99,541,5,2,204,14,1,0,3,2108,0,0,0,44,0,992,419,276,327,0,0,2,1,2
45,49,69,666,75,445,1591,0,9,130,28,11,1,110,98,4773,4,8,12,1,15,116,1,23,2,0,11,0,29,28,39,1,0,0,9305,5314,409,0,15640,0,18,164,59,0,0,0,0,2148,29,291,4,1,11,3,17,9,0,0,0,1,2,0,0,0,6,3,36,1,2,0,0,2,1,0,0,0,0,0,1,5,0,0,0,1,0,0,22,174,0,0,22,0,0,0,0,69,1,2,5,0
16,21,19,166,21,135,51,3,1321,451,615,44,11,63,283,13932,40,337,5847,41,56,235,9,5579,62,2,307,2,44,38,1158,8,11,2,5314,17609,3804,22,8244,1,33,327,215,21,0,0,0,2537,41,719,5,13,53,4,49,40,1,1,0,9,19,0,1,0,40,20,105,3,32,2,1,14,7,1,5,0,2,2,12,44,0,1,11,6,1,0,212,434,0,1,59,0,1,0,1,115,6,1,24,6
17,16,18,201,30,111,103,790,13238,924,1309,594,437,86,166,4048,807,1650,3128,573,698,466,57,5125,59,6,1486,15,124,110,689,12,84,17,409,3804,2438,33,7148,112,52,693,82,16,18,11,16,1201,49,1262,2,2,13,0,8,2,11,16,3,50,46,14,0,3,18,18,34,10,34,18,12,11,19,0,4,1,3,0,13,69,0,0,5,5,0,0,706,53,3,4,28,0,2,0,0,35,2,4,23,14
0,0,0,0,0,0,0,1126,211,16,54,174,53,0,0,284,23,3355,132,4492,5,472,1993,3,643,8853,3860,428,7,0,62,2242,2076,496,0,22,33,27907,0,35,0,9,0,18901,5296,160,1187,0,0,18,1,0,0,0,0,0,37,3,1,32,6,7,28,16,1,3,0,62,1,261,2,396,8,250,2,272,424,9,0,65,195,465,0,0,684,52,2,2,6,1459,0,15,769,12,162,0,0,0,2,7
27,25,29,281,60,469,316,3,87,389,168,32,5,84,227,2605,25,294,498,5,134,269,4,6575,13,1,397,1,45,62,241,2,5,10,15640,8244,7148,0,39261,27,36,346,159,11,5,1,1,13687,186,653,4,3,26,6,47,21,0,0,0,2,5,0,0,0,15,14,51,0,10,2,0,5,3,0,0,0,1,0,2,6,0,0,6,0,0,1,80,316,0,0,220,0,0,0,0,163,0,0,9,2
0,0,0,0,0,0,0,0,28,0,13,5,2,0,0,0,2,0,6,8,0,790,159,183,17,256,3204,11105,122,1,0,443,19,11895,0,1,112,35,27,45496,4,0,0,8090,0,1123,1366,0,0,2,0,0,0,0,0,0,0,0,0,1,2,1,3,2,0,1,0,3,0,10,4,113,0,22,0,73,96,906,25,1,225,6,5,0,4,1357,0,0,0,19,3,1060,516,187,336,0,0,3,1,2
14,10,22,29,41,50,32,0,1,20959,113,1,1,416,32,59,0,8,20,3,4,22162,1,4,0,0,0,49,24267,9720,14,0,0,9,18,33,52,0,36,4,83707,6774,8,3,1,16,4,54,67,263,1,0,1,0,1,2,0,0,0,0,3,0,0,0,4,0,0,0,3,0,0,0,2,0,1,0,0,0,1,5,0,0,1,1,0,0,6,1,0,0,3,0,0,0,0,1,1,0,2,0
218,97,133,247,619,423,281,29,33,26564,61,2,15,6716,498,446,31,334,226,3,272,2726,1,65,4,24,9,19,1951,23096,250,37,180,13,164,327,693,9,346,0,6774,17357,124,7,8,10,18,315,1839,10010,3,3,21,3,7,5,0,1,0,3,9,3,0,0,21,7,12,4,20,1,3,12,3,1,1,0,0,0,13,53,0,1,9,1,3,1,95,15,0,1,15,0,2,0,0,14,6,3,17,1
7,11,6,1255,20,39,21,4,1,2654,849,44,1,26,10893,5601,7,869,6,0,20057,18,1,2,0,1,1,0,6,6,39631,0,5,0,59,215,82,0,159,0,8,124,42413,0,1,0,0,60,6,11055,1,1,7,0,2,2,0,0,0,1,0,0,0,0,2,0,7,0,0,0,0,1,1,0,0,0,0,0,0,0,0,0,1,0,0,0,12,18,0,0,2,0,0,0,0,1,0,0,1,0
0,0,0,0,0,0,0,21,495,58,276,254,63,0,1,66,33,54,92,3346,21,2350,5017,31,948,16233,16797,409,28,0,4,7203,1800,5851,0,21,16,18901,11,8090,3,7,0,71227,171,1865,7031,2,0,10,0,0,0,0,0,0,4,2,0,21,12,6,10,6,0,0,3,14,1,53,9,444,9,90,4,623,316,28,0,15,584,223,0,0,178,646,1,1,1,816,0,373,1191,53,495,0,1,1,1,1
0,0,0,0,0,0,0,2909,65,13,25,32,115,1,0,3,4,1067,4,5971,4,130,415,3,375,3693,1525,14,0,0,0,14576,2101,68,0,0,18,5296,5,0,1,8,1,171,21000,16,156,0,0,29,0,0,0,0,0,0,24,4,1,15,1,3,20,30,0,0,1,46,2,415,1,73,1,193,3,18,221,1,0,31,13,193,1,0,485,5,1,0,3,344,1,2,217,1,13,0,0,0,0,3
0,0,0,0,2,0,0,13,49,41,720,119,45,1,0,4,31,16,8,82,13,3513,3674,4,39,557,190,11584,718,23,0,560,182,3888,0,0,11,160,1,1123,16,10,0,1865,16,10311,16508,0,2,1,0,0,0,0,0,0,0,0,0,1,0,1,1,1,0,0,0,0,0,2,1,18,0,1,0,18,17,55,0,1,54,11,0,0,4,284,1,0,0,18,0,89,55,48,50,0,0,1,0,0
0,0,0,1,0,0,0,23,95,173,857,536,91,0,0,5,93,62,12,203,58,1934,5872,2,171,2364,1597,1515,42,2,1,25903,5354,13424,0,0,16,1187,1,1366,4,18,0,7031,156,16508,42457,0,0,36,0,0,0,0,0,0,2,0,1,5,0,1,7,2,0,0,0,4,0,11,2,157,1,18,0,269,132,77,2,4,304,53,0,0,32,913,1,1,0,361,1,376,639,122,316,0,0,0,0,3
124,97,148,492,458,3589,660,0,8,174,58,13,1,307,218,2079,11,21,20,4,45,269,0,88,1,0,33,1,84,99,62,0,0,0,2148,2537,1201,0,13687,0,54,315,60,2,0,0,0,10234,1149,373,2,5,14,6,54,7,0,0,0,0,2,0,0,0,9,18,39,0,5,0,0,1,0,0,0,0,0,0,1,7,0,0,1,1,0,0,83,281,0,0,77,0,3,0,1,189,1,0,4,0
496,109,130,130,7424,2930,90,0,0,135,19,0,0,10041,892,94,0,8,8,0,2,349,0,4,0,0,1,1,3148,2374,18,1,1,0,29,41,49,0,186,0,67,1839,6,0,0,2,0,1149,13851,1161,0,0,1,0,2,0,0,0,0,0,0,0,0,0,0,0,0,0,0,0,0,0,0,0,0,0,0,0,0,0,0,0,0,0,0,0,1,3,0,0,1,0,0,0,0,4,0,0,1,0
924,932,840,2481,1697,1014,855,86,51,14011,609,15,27,7858,8200,2674,108,2914,253,9,4506,873,7,66,3,45,13,5,582,3389,5787,48,290,19,291,719,1262,18,653,2,263,10010,11055,10,29,1,36,373,1161,17803,9,9,44,5,22,20,0,0,0,3,21,3,0,0,49,20,34,0,18,3,2,14,11,0,4,1,1,0,12,41,0,1,21,11,1,0,146,83,0,1,20,0,2,0,0,32,15,2,10,7
0,0,431,2,0,4,27,0,0,4,1,0,0,1,1,40,0,2,6,0,0,2,0,1,1,0,0,0,0,0,7,0,0,0,4,5,2,1,4,0,1,3,1,0,0,0,0,2,0,9,50379,19580,3900,20299,16989,553,0,0,0,3,169,18,0,0,24831,1093,291,0,48,8,2,131,14,0,5,3,0,9,458,264,4,0,688,88,0,3,233,196,8,4,103,0,1,2,0,350,12143,46,356,34
0,0,299,3,0,4,33,0,2,3,0,0,0,1,1,48,0,3,9,0,0,1,0,2,0,0,0,0,0,0,8,0,0,0,1,13,2,0,3,0,0,3,1,0,0,0,0,5,0,9,19580,43387,11823,10612,4309,11789,0,1,0,7,539,52,0,1,7509,256,228,3,26,2,0,248,9,0,7,0,0,6,195,45,0,0,188,22,0,2,161,298,2,0,84,1,0,4,0,231,489,54,372,27
0,1,26,9,0,5,17,1,2,10,4,0,0,4,4,254,1,5,13,0,2,6,0,2,0,0,1,0,2,1,44,0,0,0,11,53,13,0,26,0,1,21,7,0,0,0,0,14,1,44,3900,11823,36156,1503,1927,15647,0,1,1,6,726,127,0,2,13409,9557,5214,2,117,20,9,182,18,0,51,1,1,13,371,518,0,1,470,547,0,3,696,1035,80,7,265,3,5,4,3,370,1058,80,584,134
8,4,709,5,5,1060,1419,0,1,8,1,0,0,6,3,15,0,0,4,0,0,3,0,0,0,0,0,0,0,1,4,0,0,0,3,4,0,0,6,0,0,3,0,0,0,0,0,6,0,5,20299,10612,1503,26264,19351,9597,0,0,0,6,315,24,0,0,1395,136,113,0,12,1,0,188,5,0,3,1,0,2,159,26,0,1,212,8,0,0,88,239,3,1,610,1,1,2,0,282,367,51,294,16
1,1,52,10,0,75,783,0,2,4,2,0,0,4,5,205,1,5,12,1,3,4,0,2,0,0,0,0,2,0,16,0,0,0,17,49,8,0,47,0,1,7,2,0,0,0,0,54,2,22,16989,4309,1927,19351,30179,5662,0,0,0,7,276,64,0,0,2451,250,636,1,79,7,6,153,18,1,14,1,3,11,231,89,0,1,294,43,0,1,420,1070,13,1,2004,0,3,2,0,4657,4129,53,279,46
0,1,134,11,1,134,1563,0,1,10,2,0,0,1,3,237,3,4,9,0,4,1,0,0,0,0,0,0,0,2,23,0,0,0,9,40,2,0,21,0,2,5,2,0,0,0,0,7,0,20,553,11789,15647,9597,5662,53931,0,0,0,24,1034,177,0,0,620,157,8228,3,40,8,10,239,14,2,27,0,0,4,186,59,1,1,271,11,0,4,352,1330,6,1,1282,0,0,4,0,91,173,76,562,84
0,0,0,0,0,0,0,69,293,0,3,4,70,0,0,0,2,3,2,159,1,5,8,10,23,1,18,1,0,0,0,4,48,1,0,1,11,37,0,0,0,0,0,4,24,0,2,0,0,0,0,0,0,0,0,0,1129,7622,58,610,10,267,47,961,2,5,24,4515,38,8275,101,166,111,39,31,156,85,1,1,177,193,3003,3,0,2302,31,671,0,24,109,1,0,48,5,32,1,0,0,7,29
0,0,0,0,0,0,0,65,198,3,15,8,27,0,0,1,17,9,6,77,0,1,3,1,4,0,6,0,0,0,0,1,14,0,0,1,16,3,0,0,0,1,0,2,4,0,0,0,0,0,0,1,1,0,0,0,7622,29723,5517,1790,142,2036,233,963,0,13,965,8368,595,9118,309,1088,165,8,455,22,79,1,1,5229,11,133,2,7,651,15,2184,2,7,171,0,1,14,10,22,0,3,0,5,21
0,0,0,0,0,0,0,5,10,1,2,0,2,0,0,0,1,4,1,1,1,0,0,0,0,0,0,0,0,0,0,0,0,0,0,0,3,1,0,0,0,0,0,0,1,0,1,0,0,0,0,0,1,0,0,0,58,5517,3510,2381,63,192,18,24,0,3,2560,643,2659,259,56,111,15,1,21,6,0,0,0,4255,8,13,4,4,30,2,286,2,9,12,3,0,3,0,4,0,1,1,9,19
0,0,0,0,0,0,0,118,348,18,24,12,59,0,0,10,11,36,28,180,9,13,7,12,12,7,22,0,0,2,2,9,28,0,1,9,50,32,2,1,0,3,1,21,15,1,5,0,0,3,3,7,6,6,7,24,610,1790,2381,46846,867,1719,240,413,49,116,552,901,3625,14852,724,1017,7827,10006,309,30,2998,6,35,768,38,229,92,32,107,44,10285,95,135,288,276,13,562,7,64,2,15,8,181,349
0,0,12,2,0,3,13,11,42,24,29,7,3,0,1,40,13,34,52,9,6,8,0,4,2,3,0,0,0,1,7,3,2,2,2,19,46,6,5,2,3,9,0,12,1,0,0,2,0,21,169,539,726,315,276,1034,10,142,63,867,41303,2270,1062,253,260,943,1889,623,678,117,5567,1933,388,7,1247,69,23,21,428,1794,90,126,242,528,22,86,1116,530,425,53,252,8,146,123,198,126,88,30402,54693,14750
0,0,2,0,0,0,2,30,59,11,6,4,7,0,1,6,6,18,13,30,5,9,1,3,2,0,4,0,0,1,3,3,8,3,0,0,14,7,0,1,0,3,0,6,3,1,1,0,0,3,18,52,127,24,64,177,267,2036,192,1719,2270,7720,9453,3277,35,74,762,3275,431,1362,8173,9103,200,53,150,44,60,16,12,1163,27,712,15,61,92,64,617,184,28,135,105,12,169,81,136,63,17,3,61,144
0,0,0,0,0,0,0,5,12,0,2,0,2,0,0,0,0,1,0,56,0,0,5,0,22,1,12,2,0,0,0,8,26,1,0,1,0,28,0,3,0,0,0,10,20,1,7,0,0,0,0,0,0,0,0,0,47,233,18,240,1062,9453,12314,9253,0,0,16,2495,22,961,6949,8646,23,335,26,26,279,4,2,152,22,10499,0,1,105,49,54,1,2,346,2,3,282,39,188,0,0,0,4,26
0,0,0,0,0,0,0,8,88,0,4,0,8,0,1,0,0,2,0,168,1,4,2,1,28,1,10,0,0,0,0,3,42,0,0,0,3,16,0,2,0,0,0,6,30,1,2,0,0,0,0,1,2,0,0,0,961,963,24,413,253,3277,9253,9225,0,4,11,11723,16,2576,2859,2071,33,180,86,15,627,2,1,218,29,12547,0,1,110,19,166,0,17,73,1,5,62,29,151,0,0,1,3,47
0,1,17,5,1,5,30,1,3,41,8,0,0,1,4,127,0,14,27,0,1,21,0,2,0,1,1,1,0,3,21,0,0,0,6,40,18,1,15,0,4,21,2,0,0,0,0,9,0,49,24831,7509,13409,1395,2451,620,2,0,0,49,260,35,0,0,48721,18526,836,1,381,17,4,200,91,0,50,5,0,20,2844,1321,14,10,18628,500,10,14,1258,421,155,13,415,2,4,17,8,419,14490,128,3815,398
0,0,1,5,0,2,14,0,1,8,8,0,0,0,1,89,0,9,17,0,0,7,0,2,0,0,1,0,0,0,9,0,3,0,3,20,18,3,14,1,0,7,0,0,0,0,0,18,0,20,1093,256,9557,136,250,157,5,13,3,116,943,74,0,4,18526,43456,5965,47,243,54,75,158,77,1,1104,23,7,10,1082,7141,92,30,5509,7461,16,44,705,289,6957,29,344,2,16,10,24,301,2167,100,3468,2882
0,0,3,24,0,7,14,1,4,30,8,3,1,1,9,475,4,17,27,2,4,15,0,3,2,0,5,0,1,2,47,2,0,0,36,105,34,0,51,0,0,12,7,3,1,0,0,39,0,34,291,228,5214,113,636,8228,24,965,2560,552,1889,762,16,11,836,5965,54018,558,9497,854,142,422,125,21,382,1,59,8,239,15636,20,62,288,15217,46,5,2462,19241,129,197,4626,1,66,4,15,1968,233,56,674,570
0,0,0,0,0,0,0,22,41,3,11,10,9,0,0,2,6,19,5,31,3,9,11,0,25,8,24,1,0,0,0,8,24,1,1,3,10,62,0,3,0,4,0,14,46,0,4,0,0,0,0,3,2,0,1,3,4515,8368,643,901,623,3275,2495,11723,1,47,558,4497,606,244,12440,1697,104,65,2015,480,82,17,4,6375,722,1695,7,17,916,213,638,12,214,409,11,3,127,105,502,0,1,0,38,300
0,0,0,2,0,3,2,1,14,37,15,3,1,1,0,57,1,25,36,0,5,12,1,2,0,0,5,1,2,2,8,1,0,0,2,32,34,1,10,0,3,20,0,1,2,0,0,5,0,18,48,26,117,12,79,40,38,595,2659,3625,678,431,22,16,381,243,9497,606,11280,710,189,304,5541,21,150,5,45,6,118,1976,4,25,169,148,27,3,1186,1420,44,86,758,1,28,6,7,185,86,28,266,204
0,0,0,0,0,0,0,110,795,7,9,5,189,0,1,2,2,17,8,1169,1,33,34,19,294,7,124,2,1,2,0,16,431,7,0,2,18,261,2,10,0,1,0,53,415,2,11,0,0,3,8,2,20,1,7,8,8275,9118,259,14852,117,1362,961,2576,17,54,854,244,710,21080,148,2641,184,8000,25,39,5195,9,12,1798,72,3717,12,105,2305,55,1366,69,13,2751,22,10,2394,28,75,6,6,1,30,36
0,0,0,0,0,0,0,8,17,6,7,1,0,0,0,5,5,4,7,5,1,1,2,0,2,7,3,0,0,0,3,7,2,7,0,1,12,2,0,4,0,3,0,9,1,1,2,0,0,2,2,0,9,0,6,10,101,309,56,724,5567,8173,6949,2859,4,75,142,12440,189,148,14221,2892,201,17,9931,102,44,60,8,4276,213,438,12,10,26,147,488,40,256,66,56,12,192,167,497,2,1,7,537,4290
0,0,4,2,0,0,13,10,45,13,17,9,8,0,1,25,3,12,18,51,7,33,103,2,32,269,138,18,1,0,2,205,62,90,2,14,11,396,5,113,0,12,1,444,73,18,157,1,0,14,131,248,182,188,153,239,166,1088,111,1017,1933,9103,8646,2071,200,158,422,1697,304,2641,2892,34856,152,701,167,1001,1903,1476,5661,851,953,8658,1131,73,592,3199,416,151,98,4520,132,581,5259,6962,8293,117,186,4670,2467,336
0,0,0,0,0,0,2,3,14,16,6,4,0,0,1,7,5,18,22,10,2,5,3,3,4,2,5,0,1,1,3,5,4,1,1,7,19,8,3,0,2,3,1,9,1,0,1,0,0,11,14,9,18,5,18,14,111,165,15,7827,388,200,23,33,91,77,125,104,5541,184,201,152,7670,869,167,5,557,32,48,415,13,35,86,15,8,11,8946,3206,38,84,3046,32,228,5,18,34,30,17,187,215
0,0,0,0,0,0,0,5,13,0,2,0,3,0,0,0,2,12,1,226,0,15,28,0,127,19,184,12,0,0,0,20,144,13,0,1,0,250,0,22,0,1,0,90,193,1,18,0,0,0,0,0,0,0,1,2,39,8,1,10006,7,53,335,180,0,1,21,65,21,8000,17,701,869,15250,2,58,14187,836,51,27,54,1021,1,2,393,162,479,23,5,715,95,1715,3135,44,80,5,2,3,7,12
0,0,0,0,0,0,0,4,4,1,4,1,0,1,0,4,1,6,7,1,1,3,0,1,0,1,0,0,0,0,2,1,2,2,0,5,4,2,0,0,1,1,0,4,3,0,0,0,0,4,5,7,51,3,14,27,31,455,21,309,1247,150,26,86,50,1104,382,2015,150,25,9931,167,167,2,17213,40,8,10,37,8705,139,133,76,1748,9,61,354,129,16525,32,76,1,33,22,103,5,15,20,853,9578
0,0,0,0,0,0,0,4,3,0,7,1,2,0,0,0,0,1,3,8,0,35,146,0,6,446,119,4,0,0,0,349,30,83,0,0,1,272,0,73,0,0,0,623,18,18,269,0,0,1,3,0,1,1,1,0,156,22,6,30,69,44,26,15,5,23,1,480,5,39,102,1001,5,58,40,12760,707,10,14,455,6841,828,18,2,2860,9614,14,4,41,11102,5,95,7771,56,1244,0,3,1,17,65
0,0,0,1,0,0,1,22,68,1,5,1,8,0,0,1,2,17,1,170,1,27,85,0,141,160,185,8,0,0,0,154,134,99,0,2,3,424,1,96,0,0,0,316,221,17,132,0,0,1,0,0,1,0,3,0,85,79,0,2998,23,60,279,627,0,7,59,82,45,5195,44,1903,557,14187,8,707,16152,597,28,74,526,1783,7,11,2329,615,174,18,8,3367,96,5834,17852,84,642,7,1,5,6,18
0,0,0,0,0,0,0,0,0,1,0,0,0,0,0,2,0,0,0,0,0,15,3,0,0,7,6,1457,4,0,0,10,2,541,0,2,0,9,0,906,0,0,0,28,1,55,77,0,0,0,9,6,13,2,11,4,1,1,0,6,21,16,4,2,20,10,8,17,6,9,60,1476,32,836,10,10,597,59118,2657,26,28,15,225,2,3,8316,337,4,14,26,51,31012,737,9790,148,4,43,537,75,37
0,0,2,2,0,2,7,1,0,19,5,0,0,0,2,31,0,8,12,0,4,2,0,0,0,1,1,15,1,0,5,0,1,5,1,12,13,0,2,25,1,13,0,0,0,0,2,1,0,12,458,195,371,159,231,186,1,1,0,35,428,12,2,1,2844,1082,239,4,118,12,8,5661,48,51,37,14,28,2657,108308,407,32,6,22061,101,3,403,266,122,38,20,152,175,32,1481,41,78,10481,22397,2813,171
0,0,5,2,1,0,5,3,23,83,44,8,4,3,0,56,4,64,83,22,16,25,5,7,13,5,16,0,4,2,12,7,15,2,5,44,69,65,6,1,5,53,0,15,31,1,4,7,0,41,264,45,518,26,89,59,177,5229,4255,768,1794,1163,152,218,1321,7141,15636,6375,1976,1798,4276,851,415,27,8705,455,74,26,407,7806,633,656,885,8987,1259,352,1258,447,6715,1724,591,2,190,48,288,67,456,96,1176,3110
0,0,0,0,0,0,0,0,2,1,7,3,0,0,0,2,0,6,1,2,0,47,124,0,8,379,81,10,0,0,1,313,23,204,0,0,0,195,0,225,0,0,0,584,13,54,304,0,0,0,4,0,0,0,0,1,193,11,8,38,90,27,22,29,14,92,20,722,4,72,213,953,13,54,139,6841,526,28,32,633,28178,2377,58,5,2772,12709,21,2,177,2878,7,264,2237,614,8788,0,8,3,78,379
0,0,0,0,0,0,0,5,45,0,1,5,5,0,0,2,0,14,1,228,0,13,85,0,105,108,142,1,0,0,0,96,139,14,0,1,0,465,0,6,0,1,0,223,193,11,53,0,0,1,0,0,1,1,1,1,3003,133,13,229,126,712,10499,12547,10,30,62,1695,25,3717,438,8658,35,1021,133,828,1783,15,6,656,2377,22095,20,5,4751,276,43,12,178,3249,5,18,1562,97,4962,0,6,3,33,247
0,0,5,3,1,0,5,0,3,21,5,1,0,0,1,37,1,10,20,1,0,6,0,1,0,0,0,1,0,1,6,0,1,1,0,11,5,0,6,5,1,9,1,0,1,0,0,1,0,21,688,188,470,212,294,271,3,2,4,92,242,15,0,0,18628,5509,288,7,169,12,12,1131,86,1,76,18,7,225,22061,885,58,20,52837,103,5,74,477,146,258,27,183,18,8,153,17,121,5313,7098,39470,747
0,0,0,1,0,0,0,0,1,6,0,0,0,1,0,32,1,1,4,0,1,3,0,0,0,0,0,0,1,0,9,0,0,0,1,6,5,0,0,0,1,1,0,0,0,0,0,1,0,11,88,22,547,8,43,11,0,7,4,32,528,61,1,1,500,7461,15217,17,148,105,10,73,15,2,1748,2,11,2,101,8987,5,5,103,28286,3,2,435,105,8367,37,92,0,14,0,1,65,201,20,268,232
0,0,0,0,0,0,0,11,51,1,3,3,8,0,0,0,1,33,3,621,1,21,76,1,298,46,327,3,1,0,0,76,431,3,0,1,0,684,0,4,0,3,0,178,485,4,32,0,0,1,0,0,0,0,0,0,2302,651,30,107,22,92,105,110,10,16,46,916,27,2305,26,592,8,393,9,2860,2329,3,3,1259,2772,4751,5,3,24638,95,40,2,29,5417,2,2,353,13,159,0,2,1,11,43
0,0,0,0,0,0,0,2,5,0,4,1,1,0,0,0,1,1,1,3,0,91,59,1,0,342,42,126,0,0,0,360,18,2108,0,0,0,52,1,1357,0,1,0,646,5,284,913,0,0,0,3,2,3,0,1,4,31,15,2,44,86,64,49,19,14,44,5,213,3,55,147,3199,11,162,61,9614,615,8316,403,352,12709,276,74,2,95,42743,26,4,68,3604,11,6670,12434,6210,2655,0,12,115,57,133
2,2,4,38,2,18,13,116,345,125,82,19,62,15,37,556,49,135,209,57,44,48,4,25,4,1,4,2,10,9,83,2,16,0,22,212,706,2,80,0,6,95,12,1,1,1,1,83,1,146,233,161,696,88,420,352,671,2184,286,10285,1116,617,54,166,1258,705,2462,638,1186,1366,488,416,8946,479,354,14,174,337,266,1258,21,43,477,435,40,26,4367,2756,134,45,10983,271,128,26,32,1580,229,49,553,423
4,6,5,88,4,30,69,0,4,33,12,2,1,12,31,2035,2,12,25,0,9,18,0,2,0,0,8,0,1,4,125,0,0,0,174,434,53,2,316,0,1,15,18,1,0,0,1,281,3,83,196,298,1035,239,1070,1330,0,2,2,95,530,184,1,0,421,289,19241,12,1420,69,40,151,3206,23,129,4,18,4,122,447,2,12,146,105,2,4,2756,20525,7,12,17721,0,24,1,3,4396,96,34,283,188
0,0,0,0,0,0,0,0,1,4,2,0,0,0,0,3,0,2,3,1,0,0,0,0,2,1,2,0,0,0,0,0,1,0,0,0,3,6,0,0,0,0,0,1,3,0,0,0,0,0,8,2,80,3,13,6,24,7,9,135,425,28,2,17,155,6957,129,214,44,13,256,98,38,5,16525,41,8,14,38,6715,177,178,258,8367,29,68,134,7,41706,36,15,4,28,33,105,3,39,13,634,8122
0,0,0,0,0,0,0,8,25,2,7,20,8,0,0,5,0,34,8,121,1,54,377,2,212,429,508,5,0,0,1,445,243,44,0,1,4,1459,0,19,0,1,0,816,344,18,361,0,0,1,4,0,7,1,1,1,109,171,12,288,53,135,346,73,13,29,197,409,86,2751,66,4520,84,715,32,11102,3367,26,20,1724,2878,3249,27,37,5417,3604,45,12,36,29883,42,60,14443,123,1889,0,3,6,17,52
1,0,2,9,0,9,43,0,2,17,3,0,0,1,1,197,4,15,18,0,2,6,0,7,0,0,4,0,1,2,11,1,0,0,22,59,28,0,220,3,3,15,2,0,1,0,1,77,1,20,103,84,265,610,2004,1282,1,0,3,276,252,105,2,1,415,344,4626,11,758,22,56,132,3046,95,76,5,96,51,152,591,7,5,183,92,2,11,10983,17721,15,42,21522,50,123,8,7,15829,124,30,270,123
0,0,0,0,0,0,0,0,0,0,1,0,0,0,0,1,1,0,1,0,0,58,11,0,1,219,19,272,0,0,0,192,3,992,0,0,0,15,0,1060,0,0,0,373,2,89,376,0,0,0,0,1,3,1,0,0,0,1,0,13,8,12,3,5,2,2,1,3,1,10,12,581,32,1715,1,95,5834,31012,175,2,264,18,18,0,2,6670,271,0,4,60,50,47782,9675,773,371,3,0,35,9,2
0,0,0,0,0,0,0,4,24,3,9,15,3,0,0,3,0,24,6,93,1,100,236,1,119,718,344,27,1,0,1,638,138,419,0,1,2,769,0,516,0,2,0,1191,217,55,639,3,0,2,1,0,5,1,3,0,48,14,3,562,146,169,282,62,4,16,66,127,28,2394,192,5259,228,3135,33,7771,17852,737,32,190,2237,1562,8,14,353,12434,128,24,28,14443,123,9675,43664,332,2711,1,2,17,22,71
0,0,1,0,0,0,0,0,0,1,0,0,0,0,0,2,0,1,0,0,0,6,8,0,0,29,10,36,0,0,0,27,1,276,0,0,0,12,0,187,0,0,0,53,1,48,122,0,0,0,2,4,4,2,2,4,5,10,0,7,123,81,39,29,17,10,4,105,6,28,167,6962,5,44,22,56,84,9790,1481,48,614,97,153,0,13,6210,26,1,33,123,8,773,332,10828,5858,0,15,445,52,83
0,0,0,0,0,0,0,2,3,1,4,1,0,0,0,0,0,0,1,3,0,28,84,1,6,324,82,5,1,0,0,302,18,327,0,1,0,162,0,336,0,0,0,495,13,50,316,1,0,0,0,0,3,0,0,0,32,22,4,64,198,136,188,151,8,24,15,502,7,75,497,8293,18,80,103,1244,642,148,41,288,8788,4962,17,1,159,2655,32,3,105,1889,7,371,2711,5858,15418,0,2,13,50,279
0,0,2,35,1,10,15,0,0,14,5,1,0,1,10,384,1,8,15,2,4,9,0,12,0,0,4,0,0,1,30,0,0,0,69,115,35,0,163,0,1,14,1,0,0,0,0,189,4,32,350,231,370,282,4657,91,1,0,0,2,126,63,0,0,419,301,1968,0,185,6,2,117,34,5,5,0,7,4,78,67,0,0,121,65,0,0,1580,4396,3,0,15829,3,1,0,0,6964,177,21,139,12
0,0,4,1,0,0,2,0,0,11,2,1,0,0,0,21,1,4,5,1,0,2,0,1,0,0,0,0,1,1,4,0,0,0,1,6,2,0,0,0,1,6,0,1,0,0,0,1,0,15,12143,489,1058,367,4129,173,0,3,1,15,88,17,0,0,14490,2167,233,1,86,6,1,186,30,2,15,3,1,43,10481,456,8,6,5313,201,2,12,229,96,39,3,124,0,2,15,2,177,32797,430,1753,122
0,0,0,0,0,0,3,0,0,6,2,0,0,0,0,1,0,0,2,0,1,0,0,1,0,2,0,4,1,1,1,0,0,2,2,1,4,0,0,3,0,3,0,1,0,1,0,0,0,2,46,54,80,51,53,76,0,0,1,8,30402,3,0,1,128,100,56,0,28,1,7,4670,17,3,20,1,5,537,22397,96,3,3,7098,20,1,115,49,34,13,6,30,35,17,445,13,21,430,43018,5859,155
0,0,8,2,1,3,18,3,0,25,4,4,1,2,1,53,2,25,43,1,6,7,0,0,0,0,1,1,3,4,7,1,1,1,5,24,23,2,9,1,2,17,1,1,0,0,0,4,1,10,356,372,584,294,279,562,7,5,9,181,54693,61,4,3,3815,3468,674,38,266,30,537,2467,187,7,853,17,6,75,2813,1176,78,33,39470,268,11,57,553,283,634,17,270,9,22,52,50,139,1753,5859,23089,6989
0,0,2,0,0,0,0,0,6,4,4,2,0,1,0,7,2,8,9,4,0,1,2,2,1,3,4,0,1,0,2,4,2,2,0,6,14,7,2,2,0,1,0,1,3,0,3,0,0,7,34,27,134,16,46,84,29,21,19,349,14750,144,26,47,398,2882,570,300,204,36,4290,336,215,12,9578,65,18,37,171,3110,379,247,747,232,43,133,423,188,8122,52,123,2,71,83,279,12,122,155,6989,17589
