24875,3466,6822,3564,19995,1514,530,7,0,63,4,0,6,19443,119,148,0,3,1,9,2,402,1,1,5,7,0,18,856,673,7,3,3,2,28,4,11,4,8,0,412,88,16,2,6,9,5,15,1884,2,30,42,0,719,13,5,0,0,0,4,0,0,0,0,11,0,9,0,1,2,0,1,0,0,0,0,0,0,2,0,0,0,2,0,1,0,3,9,0,0,9,0,0,0,0,30,1,0,0,0
3466,19831,2866,17008,1628,724,813,12,1,170,5,1,2,8290,1674,192,1,1,4,11,5,842,1,1,8,6,1,19,800,1059,8,14,3,3,93,15,39,5,43,0,831,204,19,1,8,12,6,69,599,11,8,37,5,65,48,27,0,0,0,0,1,0,0,0,14,0,20,0,3,2,0,1,1,0,1,0,0,0,3,2,0,0,2,3,0,0,8,32,1,0,20,0,0,0,0,103,3,0,2,0
6822,2866,20074,5182,7097,7494,7894,1,3,110,2,0,1,211,15,65,0,2,3,1,4,818,6,2,0,1,0,24,464,554,6,2,1,1,71,3,17,0,54,1,770,180,19,0,0,13,1,105,109,10,371,1470,4,3981,108,563,0,0,0,0,1,2,0,0,28,1,10,0,2,0,1,6,3,0,0,0,0,0,38,1,0,0,36,3,0,1,3,36,1,0,14,0,0,1,0,127,12,5,9,0
3564,17008,5182,65104,1986,2184,13339,243,59,1134,133,32,51,6698,7785,10242,24,26,87,191,46,1291,20,20,158,109,21,30,1069,2305,187,109,61,38,515,265,317,82,212,6,1663,769,770,54,153,27,36,473,718,59,27,135,36,370,278,173,5,5,3,29,8,1,1,2,81,1,85,3,23,34,3,7,5,13,8,1,4,0,15,16,0,4,11,9,6,0,63,167,2,7,63,0,9,0,0,525,11,3,12,2
19995,1628,7097,1986,37563,25861,449,13,5,63,8,3,3,5261,90,131,0,2,4,12,4,191,3,2,11,7,7,8,632,390,4,12,3,7,62,5,18,6,62,0,219,40,7,6,8,4,3,516,5546,2,15,18,4,692,48,14,1,0,0,1,0,0,0,1,1,0,7,0,1,1,1,0,1,0,0,1,0,0,4,2,0,0,3,0,0,0,3,12,1,0,6,0,0,0,0,31,7,1,0,1
1514,724,7494,2184,25861,26712,21105,2,0,33,4,0,0,105,7,82,0,0,1,2,1,137,0,1,6,0,7,7,143,112,1,1,3,1,185,2,22,1,328,2,126,41,5,11,1,3,2,2450,2519,5,63,55,8,1764,390,98,0,0,0,0,1,0,0,0,15,1,20,0,2,0,0,1,0,0,0,0,0,0,7,1,0,0,2,0,0,0,9,37,0,0,7,0,0,0,0,150,14,0,1,0
530,813,7894,13339,449,21105,42234,8,1,383,55,7,3,126,70,3832,1,3,5,11,11,257,3,8,13,7,7,5,120,212,22,9,4,2,3964,142,167,9,925,1,224,120,37,4,9,4,1,3010,55,15,43,260,36,1042,684,613,1,0,1,6,8,0,0,0,99,3,101,1,9,3,2,3,2,3,1,0,2,1,21,11,0,2,10,17,1,0,54,228,2,1,76,0,1,0,0,1148,23,6,10,1
7,12,1,243,13,2,8,46737,4817,227,1720,866,5844,445,1051,436,3692,9742,2929,5471,544,1936,552,95,264,157,32,29,88,326,1552,298,1433,62,18,91,748,318,12,5,96,82,723,160,2104,308,242,0,24,42,0,0,6,1,0,0,126,101,6,493,9,7,12,19,2,1,7,14,14,340,11,6,30,71,5,8,9,0,0,3,1,27,2,2,26,2,129,7,0,18,1,1,16,0,0,2,0,1,7,0
0,1,3,59,5,0,1,4817,41775,246,501,703,1776,26,73,159,532,185,3286,6227,300,658,260,8004,9208,66,4193,10,7,34,74,168,793,48,95,669,12337,105,212,102,23,36,62,625,181,138,155,8,1,18,0,0,14,0,2,2,403,448,30,2215,13,8,38,75,20,13,18,26,44,1532,23,25,89,623,9,19,845,0,1,6,8,127,3,8,207,3,1034,12,0,141,3,1,84,0,2,1,1,1,12,4
63,170,110,1134,63,33,383,227,246,41959,4348,3017,281,255,709,2434,611,97,704,112,4588,5876,841,187,136,60,47,18,349,202,1089,428,1023,59,1319,944,620,30,676,8,15123,13283,2399,216,120,292,727,257,43,6721,6,28,17,24,18,24,2,5,22,49,23,13,5,1,18,6,62,16,106,15,24,8,19,9,22,3,5,0,10,29,5,6,10,25,11,1,76,124,16,18,38,2,6,0,0,46,2,6,13,8
4,5,2,133,8,4,55,1720,501,4348,7096,13102,1067,52,106,682,1439,199,1149,264,1471,5681,1650,81,113,23,32,21,47,55,617,52,400,16,327,406,149,28,153,8,63,126,324,118,54,240,179,55,6,43,1,0,2,4,8,6,4,1,1,20,6,2,2,0,10,2,18,2,17,13,8,3,6,4,8,1,7,0,0,4,1,2,2,4,12,1,15,28,4,9,14,0,8,0,0,11,2,3,4,5
0,1,0,32,3,0,7,866,703,3017,13102,32236,10696,45,62,135,8308,478,483,589,6287,3014,5896,199,954,42,141,11,53,270,168,136,6074,33,82,266,265,171,58,6,137,581,151,396,146,311,476,5,4,240,0,0,0,0,0,0,0,5,3,23,6,1,1,1,4,1,9,3,22,35,1,10,3,59,8,10,33,0,1,3,3,18,2,2,50,5,17,1,0,58,1,2,58,0,3,0,0,0,2,0
6,2,1,51,3,0,3,5844,1776,281,1067,10696,35022,291,166,115,4595,1613,308,2137,1193,793,547,63,883,55,40,4,76,599,330,420,10073,18,22,83,251,38,11,3,130,277,309,120,538,85,207,0,6,201,0,1,1,0,0,0,63,35,6,241,1,2,3,11,2,5,4,6,8,305,3,2,11,112,0,1,28,0,0,2,3,22,1,1,47,1,97,2,2,20,0,1,12,0,0,1,0,0,0,0
19443,8290,211,6698,5261,105,126,445,26,255,52,45,291,84275,20313,581,69,106,50,126,183,623,39,7,68,261,10,56,8636,32831,171,882,499,62,185,62,162,93,94,2,1282,776,1833,64,745,39,161,67,13497,1058,3,14,8,26,17,12,1,0,0,10,9,2,0,0,33,4,75,0,19,8,4,6,4,12,2,6,3,0,8,16,1,3,9,14,11,0,29,75,13,11,54,0,9,0,1,40,4,3,11,3
119,1674,15,7785,90,7,70,1051,73,709,106,62,166,20313,21945,2315,94,172,185,313,162,560,37,10,74,142,11,13,649,4084,593,256,214,32,160,204,91,120,27,1,933,814,16865,27,606,16,59,34,174,6154,0,3,3,9,8,1,6,4,0,22,4,1,0,1,1,1,14,1,11,27,1,1,3,8,2,3,3,0,0,5,1,2,2,1,8,0,17,9,3,5,8,0,6,0,0,15,0,0,2,0
148,192,65,10242,131,82,3832,436,159,2434,682,135,115,581,2315,26493,79,688,3529,241,446,529,26,56,195,93,24,11,270,819,12794,126,106,15,1694,1097,569,71,237,2,623,612,10977,53,151,14,27,395,68,126,32,97,46,141,142,123,8,0,10,42,45,8,7,2,107,13,211,8,123,32,29,15,22,21,39,3,7,1,21,83,1,7,40,57,3,0,92,358,50,11,135,1,6,2,1,311,13,9,42,18
0,1,0,24,0,0,1,3692,532,611,1439,8308,4595,69,94,79,10694,4760,384,92,7248,326,323,94,56,4,7,1,26,182,895,60,682,2,27,96,198,17,24,1,47,202,163,34,29,43,97,0,0,112,0,0,1,0,0,0,1,1,3,21,1,2,2,1,0,0,1,1,10,3,3,0,4,4,2,2,1,0,1,2,0,1,0,0,3,0,11,1,1,3,0,0,2,0,0,0,0,0,2,0
3,1,2,26,2,0,3,9742,185,97,199,478,1613,106,172,688,4760,5100,2058,428,1121,140,95,95,39,29,5,1,9,159,4460,168,686,14,28,118,158,40,17,1,33,49,622,24,470,9,70,0,2,62,0,0,0,1,1,0,3,8,5,44,12,5,4,2,3,1,5,3,24,10,10,4,7,9,11,1,3,0,0,3,0,3,4,0,8,0,22,5,2,5,0,0,5,0,0,1,0,2,7,2
1,4,3,87,4,1,5,2929,3286,704,1149,483,308,50,185,3529,384,2058,9342,1109,744,321,76,291,748,26,83,3,27,72,2445,91,225,11,40,4211,1091,55,43,7,81,104,323,113,132,24,38,0,8,18,1,0,4,1,1,4,18,18,31,157,71,18,6,7,16,4,49,22,183,78,70,10,43,46,83,0,21,1,2,53,2,12,25,16,24,0,132,65,27,9,11,1,13,1,2,3,1,4,58,25
9,11,1,191,12,2,11,5471,6227,112,264,589,2137,126,313,241,92,428,1109,26158,94,935,609,53,2118,485,222,16,41,105,193,640,2664,178,56,242,460,4418,21,10,39,52,208,579,4844,195,301,6,12,17,1,2,30,0,0,11,395,176,15,1171,7,9,83,84,35,39,27,8,35,2441,17,84,69,1627,4,31,775,0,4,10,11,399,7,19,855,11,394,8,9,521,7,7,235,1,8,1,3,1,14,7
2,5,4,46,4,1,11,544,300,4588,1471,6287,1193,183,162,446,7248,1121,744,94,25011,313,340,190,73,16,22,4,67,919,1867,138,656,8,237,684,556,12,221,0,426,2590,6591,57,53,38,140,8,4,3898,0,0,3,0,0,3,3,6,29,57,30,8,7,5,3,5,18,9,146,14,33,7,26,4,37,3,3,0,4,40,1,4,4,4,7,2,97,32,8,3,6,0,2,0,0,3,0,3,23,6
402,842,818,1291,191,137,257,1936,658,5876,5681,3014,793,623,560,529,326,140,321,935,313,19350,6093,43,629,208,171,1223,4363,512,229,359,481,417,275,207,180,178,169,138,14083,1179,422,1191,189,4717,1223,40,30,101,2,7,6,32,13,6,4,2,3,27,13,5,3,3,17,3,53,2,31,40,4,14,7,44,9,26,35,1,6,16,10,21,12,27,37,17,41,59,20,42,31,12,55,1,6,19,0,2,9,4
1,1,6,20,3,0,3,552,260,841,1650,5896,547,39,37,26,323,95,76,609,340,6093,10593,22,907,323,501,136,200,140,37,471,3189,295,17,32,31,377,27,60,149,280,38,2009,191,5952,5031,7,1,61,0,0,1,1,0,2,0,3,0,11,2,0,0,0,3,2,0,1,3,14,1,15,4,66,2,51,65,0,0,1,13,21,2,2,64,19,5,1,0,131,2,7,155,2,6,1,0,0,0,0
1,1,2,20,2,1,8,95,8004,187,81,199,63,7,10,56,94,95,291,53,190,43,22,5742,1492,14,1401,1,7,18,51,38,77,14,746,3187,4419,16,5983,44,23,46,23,269,22,6,21,22,2,9,0,0,0,1,0,0,16,13,5,114,7,2,0,3,4,2,7,2,21,56,7,6,8,63,4,6,107,0,0,3,3,6,2,5,17,1,77,9,5,18,3,4,23,1,2,3,0,1,4,5
5,8,0,158,11,6,13,264,9208,136,113,954,883,68,74,195,56,39,748,2118,73,629,907,1492,8374,259,7588,10,24,119,50,838,3374,158,292,746,811,769,652,55,55,116,66,2878,862,109,506,131,13,45,0,5,21,4,5,4,99,42,11,430,9,15,89,34,64,45,24,7,26,1037,9,203,54,2069,8,105,1610,4,7,6,63,434,29,17,1158,50,307,9,11,978,21,15,800,1,45,16,2,1,20,4
7,6,1,109,7,0,7,157,66,60,23,42,55,261,142,93,4,29,26,485,16,208,323,14,259,21076,215,38,56,358,52,12164,408,5110,6,17,7,5647,22,71,76,71,73,15106,1971,93,1412,5,9,37,0,0,0,0,0,0,3,6,1,13,8,1,4,4,4,2,2,1,5,6,2,82,14,96,0,754,354,19,0,1,283,50,3,1,93,301,6,8,2,449,14,385,1124,4,140,2,0,0,7,0
0,1,0,21,7,7,7,32,4193,47,32,141,40,10,11,24,7,5,83,222,22,171,501,1401,7588,215,20639,1019,15,31,9,718,501,388,232,362,2210,334,3034,7101,18,36,19,9740,212,72,459,639,3,7,1,5,3,12,13,6,5,3,1,38,4,2,8,1,11,8,4,1,6,60,5,76,17,274,2,380,940,22,3,1,107,101,4,1,145,165,114,5,1,523,13,211,983,9,78,54,0,1,3,2
18,19,24,30,8,7,5,29,10,18,21,11,4,56,13,11,1,1,3,16,4,1223,136,1,10,38,1019,47994,1381,106,6,78,12,12502,9,6,84,8,83,8898,496,30,6,334,6,14850,3350,19,1,3,0,2,0,1,1,0,0,0,0,1,0,0,0,0,0,0,1,0,0,1,1,3,1,1,0,14,15,64,0,0,14,0,0,2,0,117,1,3,0,2,2,323,53,40,19,3,0,0,0,1
856,800,464,1069,632,143,120,88,7,349,47,53,76,8636,649,270,26,9,27,41,67,4363,200,7,24,56,15,1381,115834,15065,70,232,133,145,113,63,84,31,78,64,29859,629,314,95,111,1320,253,66,7758,57,1,2,1,19,4,6,1,1,2,5,5,0,0,0,13,0,36,3,30,3,3,4,4,3,5,2,0,1,2,12,1,0,3,7,0,1,18,36,9,3,18,0,4,1,0,15,0,2,3,1
673,1059,554,2305,390,112,212,326,34,202,55,270,599,32831,4084,819,182,159,72,105,919,512,140,18,119,358,31,106,15065,64718,312,2368,1526,99,326,149,266,132,171,9,10212,4963,4054,183,918,148,658,53,971,1502,3,10,8,23,9,12,2,1,0,13,13,3,3,0,30,3,66,2,41,4,3,11,13,25,7,4,9,0,7,28,3,10,11,19,23,3,43,80,15,16,46,1,13,1,0,28,2,4,7,3
7,8,6,187,4,1,22,1552,74,1089,617,168,330,171,593,12794,895,4460,2445,193,1867,229,37,51,50,52,9,6,70,312,17399,161,242,11,208,533,356,49,98,1,228,259,12004,20,312,10,43,4,10,108,1,3,4,2,2,3,0,5,17,54,29,6,8,2,12,8,50,9,137,19,32,12,24,5,44,1,1,0,4,57,1,5,16,10,7,0,87,77,22,3,12,1,2,0,1,3,3,3,25,11
3,14,2,109,12,1,9,298,168,428,52,136,420,882,256,126,60,168,91,640,138,359,471,38,838,12164,718,78,232,2368,161,39213,7921,4190,13,52,35,1829,40,236,410,944,276,9759,3733,295,10018,7,11,487,0,0,1,1,0,0,0,1,0,11,4,1,4,1,6,3,1,2,4,23,0,49,7,103,1,406,158,9,3,0,137,51,3,0,141,212,5,0,2,323,5,190,706,8,73,4,0,0,4,1
3,3,1,61,3,3,4,1433,793,1023,400,6074,10073,499,214,106,682,686,225,2664,656,481,3189,77,3374,408,501,12,133,1526,242,7921,22269,116,34,109,117,854,36,9,460,1210,335,1824,4339,182,3928,4,4,563,0,2,5,0,1,2,41,14,0,149,5,3,25,11,12,12,6,3,19,529,2,48,17,609,4,39,235,0,0,6,13,169,2,3,438,16,86,5,4,324,2,3,232,0,11,0,0,0,3,1
2,3,1,38,7,1,2,62,48,59,16,33,18,62,32,15,2,14,11,178,8,417,295,14,158,5110,388,12502,145,99,11,4190,116,39744,6,8,28,879,63,12081,82,35,24,13256,190,2665,12217,13,3,18,0,0,0,1,0,0,0,1,1,5,0,1,4,1,4,2,0,0,1,3,5,44,4,26,0,192,124,141,1,1,196,12,1,0,28,1018,5,3,0,73,6,1366,503,145,200,1,0,1,0,2
28,93,71,515,62,185,3964,18,95,1319,327,82,22,185,160,1694,27,28,40,56,237,275,17,746,292,6,232,9,113,326,208,13,34,6,9064,2965,2149,8,10244,22,269,289,295,88,14,5,10,3718,60,48,34,158,67,288,273,233,1,6,16,30,48,11,5,2,193,19,368,3,175,9,31,16,25,13,36,1,11,2,37,80,1,4,54,98,9,3,201,528,58,8,231,0,7,1,0,645,31,14,37,19
4,15,3,265,5,2,142,91,669,944,406,266,83,62,204,1097,96,118,4211,242,684,207,32,3187,746,17,362,6,63,149,533,52,109,8,2965,8673,2873,20,4459,29,179,209,439,163,36,7,24,41,9,31,0,1,6,1,2,11,11,12,29,109,72,9,15,3,29,14,134,16,278,71,56,19,55,31,74,5,31,0,14,122,4,9,39,45,14,1,201,193,70,14,60,0,12,1,1,9,1,6,55,26
11,39,17,317,18,22,167,748,12337,620,149,265,251,162,91,569,198,158,1091,460,556,180,31,4419,811,7,2210,84,84,266,356,35,117,28,2149,2873,4870,11,10625,754,218,219,226,286,43,14,24,492,10,35,1,13,6,19,14,14,55,96,22,444,28,7,19,15,6,6,46,29,60,153,53,7,40,69,33,3,16,1,2,20,2,11,16,22,12,6,127,72,16,8,13,4,8,1,2,75,5,2,11,15
4,5,0,82,6,1,9,318,105,30,28,171,38,93,120,71,17,40,55,4418,12,178,377,16,769,5647,334,8,31,132,49,1829,854,879,8,20,11,10314,24,15,30,35,70,5161,2148,43,557,8,12,13,2,1,4,1,1,1,8,2,3,39,10,1,12,3,43,22,4,2,9,72,10,153,30,692,3,454,592,6,7,6,104,280,19,4,645,123,12,4,4,1063,14,13,1192,4,95,2,0,1,13,4
8,43,54,212,62,328,925,12,212,676,153,58,11,94,27,237,24,17,43,21,221,169,27,5983,652,22,3034,83,78,171,98,40,36,63,10244,4459,10625,24,63185,1048,154,179,98,1079,10,5,26,12234,85,28,25,108,32,224,232,146,0,2,8,20,47,4,1,0,162,9,306,6,190,7,9,14,18,7,22,10,17,2,30,66,3,3,33,69,5,8,277,377,41,10,171,7,27,1,6,651,27,10,27,13
0,0,1,6,0,2,1,5,102,8,8,6,3,2,1,2,1,1,7,10,0,138,60,44,55,71,7101,8898,64,9,1,236,9,12081,22,29,754,15,1048,34155,25,8,1,8527,5,1387,1051,179,1,2,0,1,0,3,10,3,0,1,0,0,3,1,0,0,1,1,1,1,0,1,0,64,13,22,0,208,174,433,2,0,283,9,1,0,4,1850,10,5,0,23,23,3461,795,384,294,11,1,2,2,2
412,831,770,1663,219,126,224,96,23,15123,63,137,130,1282,933,623,47,33,81,39,426,14083,149,23,55,76,18,496,29859,10212,228,410,460,82,269,179,218,30,154,25,95799,12933,761,99,157,471,335,48,91,277,3,4,1,31,12,10,1,1,8,13,14,0,1,0,15,4,34,1,49,3,6,4,9,8,9,2,0,0,3,23,0,4,7,9,7,1,29,52,8,5,28,2,2,0,1,23,2,1,10,5
88,204,180,769,40,41,120,82,36,13283,126,581,277,776,814,612,202,49,104,52,2590,1179,280,46,116,71,36,30,629,4963,259,944,1210,35,289,209,219,35,179,8,12933,28559,2708,184,196,126,621,34,21,3981,2,5,1,14,9,11,0,1,3,22,14,2,2,0,6,1,23,1,41,1,6,6,11,14,6,6,4,0,1,14,2,4,7,6,8,1,31,24,5,9,13,2,15,0,0,14,0,1,7,4
16,19,19,770,7,5,37,723,62,2399,324,151,309,1833,16865,10977,163,622,323,208,6591,422,38,23,66,73,19,6,314,4054,12004,276,335,24,295,439,226,70,98,1,761,2708,32928,33,348,11,51,10,9,8642,3,0,4,3,6,6,7,4,10,33,19,3,2,1,15,3,38,4,145,14,13,10,11,11,25,1,4,0,9,35,1,5,12,14,4,1,87,53,16,6,14,0,7,1,0,8,3,1,16,8
2,1,0,54,6,11,4,160,625,216,118,396,120,64,27,53,34,24,113,579,57,1191,2009,269,2878,15106,9740,334,95,183,20,9759,1824,13256,88,163,286,5161,1079,8527,99,184,33,50065,477,772,5573,331,5,47,0,0,5,6,8,6,4,10,2,35,20,6,18,3,34,26,5,2,8,43,11,284,49,470,4,2289,1261,76,5,1,877,246,21,6,429,1093,29,12,2,1214,56,1808,3869,51,441,43,4,1,13,6
6,8,0,153,8,1,9,2104,181,120,54,146,538,745,606,151,29,470,132,4844,53,189,191,22,862,1971,212,6,111,918,312,3733,4339,190,14,36,43,2148,10,5,157,196,348,477,8122,28,326,3,19,122,1,3,7,0,1,1,23,8,1,84,4,5,41,14,28,21,3,1,11,456,3,123,18,1109,6,97,428,1,6,8,41,318,18,6,883,31,50,3,6,752,6,4,522,2,26,0,1,0,6,2
9,12,13,27,4,3,4,308,138,292,240,311,85,39,16,14,43,9,24,195,38,4717,5952,6,109,93,72,14850,1320,148,10,295,182,2665,5,7,14,43,5,1387,471,126,11,772,28,12397,8213,1,1,11,0,1,0,1,0,0,0,1,0,2,0,1,0,0,0,0,1,0,1,2,0,4,0,6,0,14,21,22,0,0,7,3,0,0,6,63,3,2,0,11,1,102,32,9,8,0,0,0,0,0
5,6,1,36,3,2,1,242,155,727,179,476,207,161,59,27,97,70,38,301,140,1223,5031,21,506,1412,459,3350,253,658,43,10018,3928,12217,10,24,24,557,26,1051,335,621,51,5573,326,8213,28910,8,4,167,0,0,0,0,0,0,0,1,0,5,1,1,2,0,5,3,0,0,2,9,1,28,7,47,0,194,102,37,1,0,101,19,0,1,51,452,7,1,0,125,10,407,413,54,91,1,0,0,2,0
15,69,105,473,516,2450,3010,0,8,257,55,5,0,67,34,395,0,0,0,6,8,40,7,22,131,5,639,19,66,53,4,7,4,13,3718,41,492,8,12234,179,48,34,10,331,3,1,8,11566,874,2,24,156,28,340,454,180,0,0,1,3,8,0,0,0,53,4,74,0,10,1,0,9,2,4,0,2,3,1,8,7,0,2,9,7,2,1,41,112,1,0,58,4,3,1,0,819,23,5,10,0
1884,599,109,718,5546,2519,55,24,1,43,6,4,6,13497,174,68,0,2,8,12,4,30,1,2,13,9,3,1,7758,971,10,11,4,3,60,9,10,12,85,1,91,21,9,5,19,1,4,874,13269,1,1,1,0,9,11,4,0,1,0,1,1,0,0,0,3,1,5,0,2,1,0,1,0,0,0,0,1,0,0,0,0,1,0,0,0,0,1,5,2,0,1,0,1,0,0,10,1,1,3,0
2,11,10,59,2,5,15,42,18,6721,43,240,201,1058,6154,126,112,62,18,17,3898,101,61,9,45,37,7,3,57,1502,108,487,563,18,48,31,35,13,28,2,277,3981,8642,47,122,11,167,2,1,7733,0,1,0,0,1,2,0,0,0,0,3,0,1,0,0,2,4,0,9,0,1,2,1,6,1,0,3,0,0,2,0,1,1,0,8,2,5,0,2,7,2,0,4,0,0,2,1,0,0,0
30,8,371,27,15,63,43,0,0,6,1,0,0,3,0,32,0,0,1,1,0,2,0,0,0,0,1,0,1,3,1,0,0,0,34,0,1,2,25,0,3,2,3,0,1,0,0,24,1,0,64950,14872,1352,15148,13969,1360,3,5,8,15,143,1,2,1,12841,28,117,4,8,11,6,186,5,20,3,9,3,30,957,8,1,10,592,5,31,6,67,145,16,38,103,3,20,24,1,199,12524,149,294,40
42,37,1470,135,18,55,260,0,0,28,0,0,1,14,3,97,0,0,0,2,0,7,0,0,5,0,5,2,2,10,3,0,2,0,158,1,13,1,108,1,4,5,0,0,3,1,0,156,1,1,14872,69139,13481,18322,1665,11243,2,9,15,27,392,11,2,4,10084,57,302,1,24,14,12,791,4,15,13,11,1,88,1213,5,5,4,1061,14,27,21,160,264,17,54,132,2,16,94,7,530,1161,605,988,83
0,5,4,36,4,8,36,6,14,17,2,0,1,8,3,46,1,0,4,30,3,6,1,0,21,0,3,0,1,8,4,1,5,0,67,6,6,4,32,0,1,1,4,5,7,0,0,28,0,0,1352,13481,54039,134,814,7935,120,223,245,350,818,56,31,42,16519,4829,8227,45,308,392,51,522,32,123,72,45,9,34,731,119,22,119,794,374,687,43,187,456,91,519,102,1,114,28,18,114,809,481,1541,189
719,65,3981,370,692,1764,1042,1,0,24,4,0,0,26,9,141,0,1,1,0,0,32,1,1,4,0,12,1,19,23,2,1,0,1,288,1,19,1,224,3,31,14,3,6,0,1,0,340,9,0,15148,18322,134,49606,21895,19922,0,2,0,10,131,7,2,0,476,18,63,1,5,6,2,291,2,3,11,0,2,47,567,4,0,4,531,4,9,16,91,255,13,5,323,2,3,55,1,1064,331,303,417,40
13,48,108,278,48,390,684,0,2,18,8,0,0,17,8,142,0,1,1,0,0,13,0,0,5,0,13,1,4,9,2,0,1,0,273,2,14,1,232,10,12,9,6,8,1,0,0,454,11,1,13969,1665,814,21895,25038,7661,1,3,3,29,191,14,2,2,1451,36,179,1,18,15,21,182,17,15,13,3,12,31,432,2,0,5,480,6,15,12,168,961,15,19,1371,6,12,34,2,5635,4007,194,321,73
5,27,563,173,14,98,613,0,2,24,6,0,0,12,1,123,0,0,4,11,3,6,2,0,4,0,6,0,6,12,3,0,2,0,233,11,14,1,146,3,10,11,6,6,1,0,0,180,4,2,1360,11243,7935,19922,7661,35950,1,17,18,96,578,39,8,5,991,45,3485,3,56,61,40,274,34,83,15,9,5,14,238,4,2,20,345,13,43,9,264,3630,38,83,389,0,54,16,10,983,200,232,775,139
0,0,0,5,1,0,1,126,403,2,4,0,63,1,6,8,1,3,18,395,3,4,0,16,99,3,5,0,1,2,0,0,41,0,1,11,55,8,0,0,1,0,7,4,23,0,0,0,0,0,3,2,120,0,1,1,5214,6099,511,390,39,177,243,5554,151,293,228,444,311,1875,71,346,18,96,27,23,25,0,13,170,8,1547,21,266,803,22,127,11,19,92,5,1,33,6,23,2,1,6,29,9
0,0,0,5,0,0,0,101,448,5,1,5,35,0,4,0,1,8,18,176,6,2,3,13,42,6,3,0,1,1,5,1,14,1,6,12,96,2,2,1,1,1,4,10,8,1,1,0,1,0,5,9,223,2,3,17,6099,23203,4130,3913,179,1192,640,2464,165,200,333,6822,640,2065,246,1429,30,81,74,74,33,4,26,226,60,567,39,249,788,64,662,11,15,189,10,3,119,61,102,3,5,14,39,12
0,0,0,3,0,0,1,6,30,22,1,3,6,0,0,10,3,5,31,15,29,3,0,5,11,1,1,0,2,0,17,0,0,1,16,29,22,3,8,0,8,3,10,2,1,0,0,1,0,0,8,15,245,0,3,18,511,4130,4756,1087,382,856,326,368,127,126,673,3244,2736,331,328,295,33,15,214,16,3,1,9,3632,18,244,18,224,277,13,350,25,6,57,10,1,18,6,26,0,8,6,48,13
4,0,0,29,1,0,6,493,2215,49,20,23,241,10,22,42,21,44,157,1171,57,27,11,114,430,13,38,1,5,13,54,11,149,5,30,109,444,39,20,0,13,22,33,35,84,2,5,3,1,0,15,27,350,10,29,96,390,3913,1087,50381,553,1477,880,738,120,73,636,635,4013,4872,1065,862,14423,6814,112,57,1333,5,26,67,63,382,65,145,155,46,13134,243,17,212,55,29,446,32,74,12,20,20,108,52
0,1,1,8,0,1,8,9,13,23,6,6,1,9,4,45,1,12,71,7,30,13,2,7,9,8,4,0,5,13,29,4,5,0,48,72,28,10,47,3,14,14,19,20,4,0,1,8,1,3,143,392,818,131,191,578,39,179,382,553,47539,7208,1218,70,500,272,2255,143,2297,107,6352,3451,216,48,757,112,23,40,380,546,265,527,429,400,194,212,1354,1100,316,114,477,10,201,126,433,181,84,14577,20427,3030
0,0,2,1,0,0,0,7,8,13,2,1,2,2,1,8,2,5,18,9,8,5,0,2,15,1,2,0,0,3,6,1,3,1,11,9,7,1,4,1,0,2,3,6,5,1,1,0,0,0,1,11,56,7,14,39,177,1192,856,1477,7208,9786,9215,387,44,40,254,561,931,367,5948,7722,217,180,543,21,31,5,31,171,23,309,33,58,59,27,411,142,81,97,51,4,102,82,81,11,5,60,330,199
0,0,0,1,0,0,0,12,38,5,2,1,3,0,0,7,2,4,6,83,7,3,0,0,89,4,8,0,0,3,8,4,25,4,5,15,19,12,1,0,1,2,2,18,41,0,2,0,0,1,2,2,31,2,2,8,243,640,326,880,1218,9215,21891,8469,38,98,151,5140,269,941,6439,7466,95,992,931,62,123,6,16,466,91,7075,27,113,251,76,252,21,170,197,14,1,252,116,192,0,1,12,143,163
0,0,0,2,1,0,0,19,75,1,0,1,11,0,1,2,1,2,7,84,5,3,0,3,34,4,1,0,0,0,2,1,11,1,2,3,15,3,0,0,0,0,1,3,14,0,0,0,0,0,1,4,42,0,2,5,5554,2464,368,738,70,387,8469,22100,48,140,198,8520,228,899,434,647,28,227,169,34,42,0,6,379,34,2679,13,178,170,22,162,12,55,40,6,3,80,27,68,2,1,6,10,17
11,14,28,81,1,15,99,2,20,18,10,4,2,33,1,107,0,3,16,35,3,17,3,4,64,4,11,0,13,30,12,6,12,4,193,29,6,43,162,1,15,6,15,34,28,0,5,53,3,0,12841,10084,16519,476,1451,991,151,165,127,120,500,44,38,48,97765,10575,713,38,129,206,55,578,26,83,251,470,10,104,7196,78,153,544,26760,878,2516,310,564,531,1319,893,427,2,137,97,72,199,8562,563,1542,324
0,0,1,1,0,1,3,1,13,6,2,1,5,4,1,13,0,1,4,39,5,3,2,2,45,2,8,0,0,3,8,3,12,2,19,14,6,22,9,1,4,1,3,26,21,0,3,4,1,2,28,57,4829,18,36,45,293,200,126,73,272,40,98,140,10575,53126,748,101,162,237,218,272,11,122,1018,451,19,22,352,390,334,1310,5200,5225,3235,285,195,62,17561,459,46,5,77,21,142,8,56,161,2477,6618
9,20,10,85,7,20,101,7,18,62,18,9,4,75,14,211,1,5,49,27,18,53,0,7,24,2,4,1,36,66,50,1,6,0,368,134,46,4,306,1,34,23,38,5,3,1,0,74,5,4,117,302,8227,63,179,3485,228,333,673,636,2255,254,151,198,713,748,34462,334,5337,516,225,488,205,249,701,56,21,17,265,6929,37,343,474,6998,558,32,1378,7458,231,261,428,1,109,7,26,202,110,266,1278,211
0,0,0,3,0,0,1,14,26,16,2,3,6,0,1,8,1,3,22,8,9,2,1,2,7,1,1,0,3,2,9,2,3,0,3,16,29,2,6,1,1,1,4,2,1,0,0,0,0,0,4,1,45,1,1,3,444,6822,3244,635,143,561,5140,8520,38,101,334,18847,893,115,7604,531,91,38,2964,21,11,0,2,3991,43,775,28,216,139,9,361,19,80,32,9,2,36,14,52,0,3,4,45,48
1,3,2,23,1,2,9,14,44,106,17,22,8,19,11,123,10,24,183,35,146,31,3,21,26,5,6,0,30,41,137,4,19,1,175,278,60,9,190,0,49,41,145,8,11,1,2,10,2,9,8,24,308,5,18,56,311,640,2736,4013,2297,931,269,228,129,162,5337,893,14554,815,719,357,3251,578,793,39,131,7,91,3007,32,277,233,420,406,22,2547,3136,141,120,425,25,226,8,33,23,12,87,488,138
2,2,0,34,1,0,3,340,1532,15,13,35,305,8,27,32,3,10,78,2441,14,40,14,56,1037,6,60,1,3,4,19,23,529,3,9,71,153,72,7,1,3,1,14,43,456,2,9,1,1,0,11,14,392,6,15,61,1875,2065,331,4872,107,367,941,899,206,237,516,115,815,18061,146,1025,348,3160,40,99,426,5,29,76,59,2420,31,260,2914,37,855,104,27,3687,6,8,463,31,87,8,12,14,47,15
0,0,1,3,1,0,2,11,23,24,8,1,3,4,1,29,3,10,70,17,33,4,1,7,9,2,5,1,3,3,32,0,2,5,31,56,53,10,9,0,6,6,13,11,3,0,1,0,0,1,6,12,51,2,21,40,71,246,328,1065,6352,5948,6439,434,55,218,225,7604,719,146,27746,1680,424,67,11263,65,23,11,45,793,204,709,217,123,128,136,1493,163,301,79,118,6,122,47,276,5,5,63,1058,4938
1,1,6,7,0,1,3,6,25,8,3,10,2,6,1,15,0,4,10,84,7,14,15,6,203,82,76,3,4,11,12,49,48,44,16,19,7,153,14,64,4,6,10,284,123,4,28,9,1,2,186,791,522,291,182,274,346,1429,295,862,3451,7722,7466,647,578,272,488,531,357,1025,1680,53324,127,1225,558,776,440,1379,4428,238,613,5151,1145,149,497,1279,358,246,252,1196,163,165,3029,10742,5747,47,61,2463,1521,358
0,1,3,5,1,0,2,30,89,19,6,3,11,4,3,22,4,7,43,69,26,7,4,8,54,14,17,1,4,13,24,7,17,4,25,55,40,30,18,13,9,11,11,49,18,0,7,2,0,1,5,4,32,2,17,34,18,30,33,14423,216,217,95,28,26,11,205,91,3251,348,424,127,10058,4633,105,41,2109,62,11,27,44,90,45,15,34,48,8220,3854,23,63,1420,899,1097,4,43,44,6,13,109,38
0,0,0,13,0,0,3,71,623,9,4,59,112,12,8,21,4,9,46,1627,4,44,66,63,2069,96,274,1,3,25,5,103,609,26,13,31,69,692,7,22,8,14,11,470,1109,6,47,4,0,6,20,15,123,3,15,83,96,81,15,6814,48,180,992,227,83,122,249,38,578,3160,67,1225,4633,14408,36,154,10688,29,19,40,179,2342,32,55,865,146,1486,617,41,677,971,568,3595,34,184,59,18,6,40,32
0,1,0,8,0,0,1,5,9,22,8,8,0,2,2,39,2,11,83,4,37,9,2,4,8,0,2,0,5,7,44,1,4,0,36,74,33,3,22,0,9,6,25,4,6,0,0,0,0,1,3,13,72,11,13,15,27,74,214,112,757,543,931,169,251,1018,701,2964,793,40,11263,558,105,36,10035,52,14,6,60,8351,144,616,362,625,172,75,1206,194,2801,37,147,0,55,18,123,8,4,32,876,3904
0,0,0,1,1,0,0,8,19,3,1,10,1,6,3,3,2,1,0,31,3,26,51,6,105,754,380,14,2,4,1,406,39,192,1,5,3,454,10,208,2,6,1,2289,97,14,194,2,0,0,9,11,45,0,3,9,23,74,16,57,112,21,62,34,470,451,56,21,39,99,65,776,41,154,52,16244,451,70,78,35,3464,1029,374,68,4545,4649,44,20,90,6038,70,81,4799,56,809,13,8,13,286,116
0,0,0,4,0,0,2,9,845,5,7,33,28,3,3,7,1,3,21,775,3,35,65,107,1610,354,940,15,0,9,1,158,235,124,11,31,16,592,17,174,0,4,4,1261,428,21,102,3,1,3,3,1,9,2,12,5,25,33,3,1333,23,31,123,42,10,19,21,11,131,426,23,440,2109,10688,14,451,15923,907,2,6,303,619,7,6,381,401,1472,469,10,424,2354,7247,8448,34,313,155,11,1,17,12
0,0,0,0,0,0,1,0,0,0,0,0,0,0,0,1,0,0,1,0,0,1,0,0,4,19,22,64,1,0,0,9,0,141,2,0,1,6,2,433,0,0,0,76,1,22,37,1,0,0,30,88,34,47,31,14,0,4,1,5,40,5,6,0,104,22,17,0,7,5,11,1379,62,29,6,70,907,23470,2579,2,68,22,466,8,23,4532,227,13,4,31,165,10978,569,13932,278,16,16,505,121,12
2,3,38,15,4,7,21,0,1,10,0,1,0,8,0,21,1,0,2,4,4,6,0,0,7,0,3,0,2,7,4,3,0,1,37,14,2,7,30,2,3,1,9,5,6,0,1,8,0,0,957,1213,731,567,432,238,13,26,9,26,380,31,16,6,7196,352,265,2,91,29,45,4428,11,19,60,78,2,2579,124426,32,33,104,25532,82,298,181,225,177,189,105,119,26,18,1281,38,62,13997,14121,1857,170
0,2,1,16,2,1,11,3,6,29,4,3,2,16,5,83,2,3,53,10,40,16,1,3,6,1,1,0,12,28,57,0,6,1,80,122,20,6,66,0,23,14,35,1,8,0,0,7,0,2,8,5,119,4,2,4,170,226,3632,67,546,171,466,379,78,390,6929,3991,3007,76,793,238,27,40,8351,35,6,2,32,10726,65,590,80,4320,489,29,666,99,490,44,82,2,23,6,59,4,3,39,198,67
0,0,0,0,0,0,0,1,8,5,1,3,3,1,1,1,0,0,2,11,1,10,13,3,63,283,107,14,1,3,1,137,13,196,1,4,2,104,3,283,0,2,1,877,41,7,101,0,0,0,1,5,22,0,0,2,8,60,18,63,265,23,91,34,153,334,37,43,32,59,204,613,44,179,144,3464,303,68,33,65,14795,2661,220,57,2584,4211,70,18,161,875,80,193,2288,131,4038,6,3,11,361,206
0,0,0,4,0,0,2,27,127,6,2,18,22,3,2,7,1,3,12,399,4,21,21,6,434,50,101,0,0,10,5,51,169,12,4,9,11,280,3,9,4,4,5,246,318,3,19,2,1,1,10,4,119,4,5,20,1547,567,244,382,527,309,7075,2679,544,1310,343,775,277,2420,709,5151,90,2342,616,1029,619,22,104,590,2661,23054,554,516,11316,415,176,50,703,3302,42,16,3594,39,2356,12,31,43,789,505
2,2,36,11,3,2,10,2,3,10,2,2,1,9,2,40,0,4,25,7,4,12,2,2,29,3,4,0,3,11,16,3,2,1,54,39,16,19,33,1,7,7,12,21,18,0,0,9,0,1,592,1061,794,531,480,345,21,39,18,65,429,33,27,13,26760,5200,474,28,233,31,217,1145,45,32,362,374,7,466,25532,80,220,554,73860,280,1113,365,692,295,1537,235,232,8,58,319,135,63,3005,8614,17376,1280
0,3,3,9,0,0,17,2,8,25,4,2,1,14,1,57,0,0,16,19,4,27,2,5,17,1,1,2,7,19,10,0,3,0,98,45,22,4,69,0,9,6,14,6,6,0,1,7,0,0,5,14,374,4,6,13,266,249,224,145,400,58,113,178,878,5225,6998,216,420,260,123,149,15,55,625,68,6,8,82,4320,57,516,280,16788,1082,44,590,128,3727,175,133,0,17,8,29,21,14,71,403,120
1,0,0,6,0,0,1,26,207,11,12,50,47,11,8,3,3,8,24,855,7,37,64,17,1158,93,145,0,0,23,7,141,438,28,9,14,12,645,5,4,7,8,4,429,883,6,51,2,0,8,31,27,687,9,15,43,803,788,277,155,194,59,251,170,2516,3235,558,139,406,2914,128,497,34,865,172,4545,381,23,298,489,2584,11316,1113,1082,10412,824,87,40,452,5063,27,17,1195,13,381,4,56,87,783,271
0,0,1,0,0,0,0,2,3,1,1,5,1,0,0,0,0,0,0,11,2,17,19,1,50,301,165,117,1,3,0,212,16,1018,3,1,6,123,8,1850,1,1,1,1093,31,63,452,1,0,2,6,21,43,16,12,9,22,64,13,46,212,27,76,22,310,285,32,9,22,37,136,1279,48,146,75,4649,401,4532,181,29,4211,415,365,44,824,22175,121,19,75,2058,138,3666,4399,4626,2875,10,4,62,324,157
3,8,3,63,3,9,54,129,1034,76,15,17,97,29,17,92,11,22,132,394,97,41,5,77,307,6,114,1,18,43,87,5,86,5,201,201,127,12,277,10,29,31,87,29,50,3,7,41,1,5,67,160,187,91,168,264,127,662,350,13134,1354,411,252,162,564,195,1378,361,2547,855,1493,358,8220,1486,1206,44,1472,227,225,666,70,176,692,590,87,121,4698,5482,728,81,5954,1814,720,27,65,1003,74,184,961,492
9,32,36,167,12,37,228,7,12,124,28,1,2,75,9,358,1,5,65,8,32,59,1,9,9,8,5,3,36,80,77,0,5,3,528,193,72,4,377,5,52,24,53,12,3,2,1,112,5,0,145,264,456,255,961,3630,11,11,25,243,1100,142,21,12,531,62,7458,19,3136,104,163,246,3854,617,194,20,469,13,177,99,18,50,295,128,40,19,5482,24120,109,46,10538,152,426,10,22,3807,231,171,656,145
0,1,1,2,1,0,2,0,0,16,4,0,2,13,3,50,1,2,27,9,8,20,0,5,11,2,1,0,9,15,22,2,4,0,58,70,16,4,41,0,8,5,16,2,6,0,0,1,2,2,16,17,91,13,15,38,19,15,6,17,316,81,170,55,1319,17561,231,80,141,27,301,252,23,41,2801,90,10,4,189,490,161,703,1537,3727,452,75,728,109,27414,38,119,0,39,7,98,6,21,62,2169,7940
0,0,0,7,0,0,1,18,141,18,9,58,20,11,5,11,3,5,9,521,3,42,131,18,978,449,523,2,3,16,3,323,324,73,8,14,8,1063,10,23,5,9,6,1214,752,11,125,0,0,7,38,54,519,5,19,83,92,189,57,212,114,97,197,40,893,459,261,32,120,3687,79,1196,63,677,37,6038,424,31,105,44,875,3302,235,175,5063,2058,81,46,38,26642,47,28,7064,31,761,17,62,36,200,56
9,20,14,63,6,7,76,1,3,38,14,1,0,54,8,135,0,0,11,7,6,31,2,3,21,14,13,2,18,46,12,5,2,6,231,60,13,14,171,23,28,13,14,56,6,1,10,58,1,2,103,132,102,323,1371,389,5,10,10,55,477,51,14,6,427,46,428,9,425,6,118,163,1420,971,147,70,2354,165,119,82,80,42,232,133,27,138,5954,10538,119,47,22483,2007,1520,10,71,7384,435,63,304,112
0,0,0,0,0,0,0,1,1,2,0,2,1,0,0,1,0,0,1,7,0,12,7,4,15,385,211,323,0,1,1,190,3,1366,0,0,4,13,7,3461,2,2,0,1808,4,102,407,4,0,0,3,2,1,2,6,0,1,3,1,29,10,4,1,3,2,5,1,2,25,8,6,165,899,568,0,81,7247,10978,26,2,193,16,8,0,17,3666,1814,152,0,28,2007,36208,7332,504,453,114,5,9,6,3
0,0,0,9,0,0,1,16,84,6,8,58,12,9,6,6,2,5,13,235,2,55,155,23,800,1124,983,53,4,13,2,706,232,503,7,12,8,1192,27,795,2,15,7,3869,522,32,413,3,1,4,20,16,114,3,12,54,33,119,18,446,201,102,252,80,137,77,109,36,226,463,122,3029,1097,3595,55,4799,8448,569,18,23,2288,3594,58,17,1195,4399,720,426,39,7064,1520,7332,21404,257,2387,173,29,12,123,50
0,0,1,0,0,0,0,0,0,0,0,0,0,0,0,2,0,0,1,1,0,1,2,1,1,4,9,40,1,1,0,8,0,145,1,1,1,4,1,384,0,0,1,51,2,9,54,1,0,0,24,94,28,55,34,16,6,61,6,32,126,82,116,27,97,21,7,14,8,31,47,10742,4,34,18,56,34,13932,1281,6,131,39,319,8,13,4626,27,10,7,31,10,504,257,16507,3378,4,9,425,128,17
0,0,0,0,0,0,0,0,2,0,0,3,0,1,0,1,0,0,2,8,0,6,6,2,45,140,78,19,0,0,1,73,11,200,0,1,2,95,6,294,1,0,0,441,26,8,91,0,0,0,1,7,18,1,2,10,23,102,26,74,433,81,192,68,72,142,26,52,33,87,276,5747,43,184,123,809,313,278,38,59,4038,2356,135,29,381,2875,65,22,98,761,71,453,2387,3378,9284,7,6,20,283,167
30,103,127,525,31,150,1148,2,1,46,11,0,1,40,15,311,0,1,3,1,3,19,1,3,16,2,54,3,15,28,3,4,0,1,645,9,75,2,651,11,23,14,8,43,0,0,1,819,10,2,199,530,114,1064,5635,983,2,3,0,12,181,11,0,2,199,8,202,0,23,8,5,47,44,59,8,13,155,16,62,4,6,12,63,21,4,10,1003,3807,6,17,7384,114,173,4,7,11728,965,42,110,12
1,3,12,11,7,14,23,0,1,2,2,0,0,4,0,13,0,0,1,3,0,0,0,0,2,0,0,0,0,2,3,0,0,0,31,1,5,0,27,1,2,0,3,4,1,0,0,23,1,1,12524,1161,809,331,4007,200,1,5,8,20,84,5,1,1,8562,56,110,3,12,12,5,61,6,18,4,8,11,16,13997,3,3,31,3005,14,56,4,74,231,21,62,435,5,29,9,6,965,37697,68,186,29
0,0,5,3,1,0,6,1,1,6,3,0,0,3,0,9,0,2,4,1,3,2,0,1,1,0,1,0,2,4,3,0,0,1,14,6,2,1,10,2,1,1,1,1,0,0,0,5,1,0,149,605,481,303,194,232,6,14,6,20,14577,60,12,6,563,161,266,4,87,14,63,2463,13,6,32,13,1,505,14121,39,11,43,8614,71,87,62,184,171,62,36,63,9,12,425,20,42,68,36557,4632,128
0,2,9,12,0,1,10,7,12,13,4,2,0,11,2,42,2,7,58,14,23,9,0,4,20,7,3,0,3,7,25,4,3,0,37,55,11,13,27,2,10,7,16,13,6,0,2,10,3,0,294,988,1541,417,321,775,29,39,48,108,20427,330,143,10,1542,2477,1278,45,488,47,1058,1521,109,40,876,286,17,121,1857,198,361,789,17376,403,783,324,961,656,2169,200,304,6,123,128,283,110,186,4632,60364,14775
0,0,0,2,1,0,1,0,4,8,5,0,0,3,0,18,0,2,25,7,6,4,0,5,4,0,2,1,1,3,11,1,1,2,19,26,15,4,13,2,5,4,8,6,2,0,0,0,0,0,40,83,189,40,73,139,9,12,13,52,3030,199,163,17,324,6618,211,48,138,15,4938,358,38,32,3904,116,12,12,170,67,206,505,1280,120,271,157,492,145,7940,56,112,3,50,17,167,12,29,128,14775,16058
