14972,2529,10197,4040,9794,1835,921,1,0,62,2,0,1,9251,274,111,0,1,0,11,0,1060,3,0,1,3,7,31,847,797,29,3,8,3,32,5,30,7,20,2,492,200,21,13,2,28,2,52,2648,5,3,15,6,370,41,11,0,0,0,0,3,0,0,0,15,1,8,0,4,0,0,2,0,0,1,0,0,0,2,1,1,0,2,1,0,1,6,43,0,0,15,0,0,0,0,51,3,1,1,0
2529,6305,4767,8900,193,591,348,0,0,63,0,0,0,1423,1317,33,0,0,0,4,1,349,0,0,0,1,0,6,110,193,5,2,6,0,11,2,14,1,16,0,132,136,6,3,2,5,1,39,83,2,3,5,5,12,30,12,0,0,0,0,0,0,0,0,23,2,17,0,0,0,0,4,0,0,0,0,0,0,0,0,0,0,1,0,0,0,1,21,0,0,3,0,0,0,0,95,0,1,0,0
10197,4767,37085,7189,8046,6972,6576,0,1,65,0,0,0,390,84,26,0,0,0,0,1,869,2,0,0,1,0,8,273,524,4,2,2,1,11,4,12,0,18,0,333,231,9,2,1,15,0,35,190,4,39,1165,42,6723,172,1164,0,1,0,0,16,0,0,0,31,4,10,0,2,1,0,10,0,1,0,0,0,0,2,1,0,1,7,1,0,1,1,21,0,0,11,0,1,0,1,109,3,2,7,1
4040,8900,7189,53017,1062,3588,14908,8,4,1152,43,4,2,4218,9569,7998,1,16,10,115,3,1619,6,4,5,48,17,20,298,818,817,29,7,10,306,35,173,75,125,4,611,845,1070,16,61,29,5,896,403,19,41,47,114,231,539,312,0,1,1,1,32,0,0,1,225,10,115,0,21,5,3,13,4,0,5,0,3,0,8,10,1,5,13,4,3,0,39,309,3,4,110,0,0,0,0,1228,15,3,23,3
9794,193,8046,1062,24468,23087,956,0,0,19,2,0,0,4634,89,84,0,0,0,5,0,268,3,1,3,2,2,18,519,253,14,2,0,3,33,0,21,3,14,2,152,42,15,2,6,29,4,380,4412,2,2,8,5,171,16,8,0,0,0,0,3,0,0,0,12,1,10,0,0,0,0,1,0,0,0,0,0,0,1,1,0,0,3,0,0,0,3,18,0,2,10,0,0,0,0,32,1,0,2,0
1835,591,6972,3588,23087,25057,25481,0,1,82,7,0,1,148,49,555,0,0,0,0,0,148,0,2,4,0,6,2,71,100,4,0,2,0,754,5,7,0,801,3,61,36,2,2,1,1,0,4372,2024,2,58,19,7,3304,375,508,0,0,0,0,1,0,0,0,11,1,9,0,0,0,0,2,0,0,0,1,0,0,0,0,0,0,1,1,0,0,2,14,0,0,3,0,0,0,0,136,1,0,3,0
921,348,6576,14908,956,25481,19324,1,1,467,25,3,0,244,91,2627,0,1,0,2,3,249,2,3,2,2,1,3,59,184,23,2,1,0,2463,70,102,3,674,1,76,106,62,4,1,0,1,2254,111,3,22,31,76,712,937,1311,0,0,0,0,22,2,0,0,125,10,67,0,3,0,0,6,1,0,0,0,0,1,6,2,0,1,8,0,0,0,21,184,1,0,114,0,0,0,0,960,8,2,9,2
1,0,0,8,0,0,1,28396,3901,67,2648,923,5176,44,212,200,1728,11329,242,4547,184,1969,475,53,175,32,796,11,11,80,395,109,1052,15,0,17,2261,110,6,3,13,37,419,116,472,101,109,3,2,30,0,0,2,0,0,0,401,663,146,900,59,64,109,477,4,9,58,143,94,1584,98,122,104,462,63,7,62,0,2,62,9,142,6,4,169,0,422,6,12,24,5,1,16,1,14,0,2,0,7,12
0,0,1,4,0,1,1,3901,30335,87,1144,1591,1050,12,13,342,1008,226,4687,3616,388,806,399,7043,4495,68,5132,23,11,21,24,115,587,30,35,518,12717,67,124,38,3,32,43,457,43,114,191,19,8,8,1,0,0,0,0,0,220,684,195,872,62,59,100,223,6,4,40,153,103,942,150,119,149,347,79,7,85,2,0,60,13,93,4,7,153,2,705,2,15,36,2,2,24,4,10,4,2,0,11,7
62,63,65,1152,19,82,467,67,87,22637,3406,3593,246,128,615,4089,83,110,347,74,3572,2698,482,152,47,38,56,37,135,120,837,336,772,34,769,686,600,36,319,4,13744,11663,1740,185,31,138,517,404,74,5617,3,2,12,4,15,12,1,4,13,23,61,7,3,3,48,12,170,3,125,20,30,38,47,8,66,9,2,0,10,88,21,19,30,14,17,2,126,130,30,11,115,3,12,1,7,38,10,3,33,20
2,0,0,43,2,7,25,2648,1144,3406,8009,13134,1193,22,54,1466,249,1156,1064,463,951,4192,2735,212,134,31,152,16,22,49,298,118,1162,24,74,315,557,42,80,14,21,155,215,235,35,332,491,30,8,52,0,1,6,0,0,3,22,30,36,61,35,14,16,26,7,4,37,13,78,78,62,30,41,28,47,7,10,1,2,43,8,28,1,6,48,3,80,29,11,30,19,3,21,0,9,4,3,1,6,21
0,0,0,4,0,0,3,923,1591,3593,13134,22962,9096,13,19,169,2287,326,476,978,6844,1331,4412,229,310,31,396,9,28,150,95,183,8331,13,8,116,700,33,35,6,38,697,506,153,32,161,466,1,1,453,0,0,0,0,0,1,25,29,44,72,46,27,28,62,3,1,22,17,59,179,45,43,48,93,36,9,26,1,3,62,13,49,4,2,77,2,114,12,8,23,10,0,22,0,3,0,0,1,10,8
1,0,0,2,0,1,0,5176,1050,246,1193,9096,14022,25,32,68,4136,1635,76,1197,809,400,296,22,167,11,622,3,22,138,135,123,4220,2,0,24,868,14,2,2,17,167,285,30,111,26,66,0,2,165,0,0,1,0,1,1,172,136,31,205,8,15,57,212,0,0,19,15,22,749,11,47,28,233,8,0,44,1,0,12,1,69,0,3,97,1,106,3,2,16,5,0,11,0,3,0,0,0,3,1
9251,1423,390,4218,4634,148,244,44,12,128,22,13,25,54505,10037,1577,3,66,25,188,29,850,23,16,30,54,27,70,6884,27994,518,214,199,16,535,158,587,94,236,6,667,217,1055,49,241,95,48,533,21620,685,18,14,80,21,105,50,3,2,3,5,111,10,1,2,193,31,272,0,57,16,8,62,9,18,11,1,5,0,19,23,2,6,67,19,9,0,106,409,6,5,335,1,4,0,2,351,24,10,57,11
274,1317,84,9569,89,49,91,212,13,615,54,19,32,10037,15707,3195,11,294,45,389,25,571,17,8,21,124,46,24,334,2112,676,203,142,33,207,72,254,235,83,13,479,1485,7915,47,550,17,28,336,267,3382,9,9,33,9,53,24,1,2,3,4,39,2,2,8,74,10,97,2,28,26,5,25,8,15,12,3,5,0,6,8,5,18,12,12,16,1,61,143,7,8,93,2,8,0,3,182,3,2,24,10
111,33,26,7998,84,555,2627,200,342,4089,1466,169,68,1577,3195,33035,198,1241,3945,729,598,964,65,365,232,102,112,32,285,1297,13638,111,139,20,1872,3570,1314,203,617,15,509,1308,10575,106,149,24,42,2223,233,120,28,34,129,18,160,101,5,10,19,36,197,22,11,20,370,97,689,7,262,55,26,115,58,27,89,4,15,4,50,156,7,33,123,115,21,1,340,790,80,12,554,2,8,2,7,590,41,15,132,50
0,0,0,1,0,0,0,1728,1008,83,249,2287,4136,3,11,198,4597,2552,254,55,3184,131,67,63,17,2,14,0,3,19,1109,49,394,1,1,35,418,3,11,0,4,49,191,12,25,9,43,0,0,38,0,0,0,0,0,0,6,73,45,101,17,8,6,5,1,2,11,35,38,10,36,13,37,3,20,1,4,0,0,28,2,3,1,1,14,0,101,3,5,2,0,0,2,0,1,0,0,0,6,2
1,0,0,16,0,0,1,11329,226,110,1156,326,1635,66,294,1241,2552,5072,1942,1759,697,410,97,127,42,25,50,2,29,275,5499,268,1293,3,3,63,472,143,59,3,24,134,2399,28,948,21,84,2,3,281,1,1,3,0,0,0,17,70,120,153,85,44,27,23,7,9,47,39,137,86,176,42,116,32,150,1,17,0,2,119,4,28,13,8,37,1,158,25,41,16,12,0,1,2,5,0,0,1,23,23
0,0,0,10,0,0,0,242,4687,347,1064,476,76,25,45,3945,254,1942,13648,1351,541,223,126,775,873,140,243,14,14,83,2784,110,230,18,7,1388,2300,226,105,10,18,87,378,243,55,13,76,1,2,18,0,0,6,0,0,1,20,31,75,119,127,45,21,19,15,10,251,27,329,83,105,39,153,62,196,8,11,0,3,201,7,38,19,26,41,1,500,88,50,24,53,0,10,1,7,1,4,2,56,32
11,4,0,115,5,0,2,4547,3616,74,463,978,1197,188,389,729,55,1759,1351,28499,91,1020,1219,60,2667,570,1977,27,46,233,600,627,5396,49,4,128,484,5383,1,10,37,105,702,618,2651,90,264,1,14,113,0,0,1,2,0,1,237,110,29,311,13,29,265,567,13,15,43,22,25,1946,22,330,46,1270,29,15,182,0,3,48,40,583,6,7,791,5,77,12,17,312,5,6,77,1,31,0,5,0,7,4
0,1,1,3,0,0,3,184,388,3572,951,6844,809,29,25,598,3184,697,541,91,14268,162,222,302,29,27,36,9,27,313,571,246,833,8,27,390,874,14,64,4,88,1870,4578,71,48,34,244,5,0,4231,0,0,1,0,0,1,0,18,76,54,77,30,9,3,2,10,130,8,179,16,52,28,98,7,68,3,7,0,1,117,0,8,6,8,7,1,273,49,23,6,31,2,7,1,5,0,1,2,24,18
1060,349,869,1619,268,148,249,1969,806,2698,4192,1331,400,850,571,964,131,410,223,1020,162,18292,4245,45,453,427,1108,877,4575,1755,322,497,461,357,176,161,362,355,123,199,13493,2298,401,3423,201,3241,1166,105,243,155,5,2,12,28,9,8,34,28,8,59,27,8,49,88,52,24,83,3,34,214,16,185,15,189,18,122,76,6,13,25,156,178,22,17,314,31,60,100,8,174,73,70,209,7,85,18,11,3,23,7
3,0,2,6,3,0,2,475,399,482,2735,4412,296,23,17,65,67,97,126,1219,222,4245,11452,60,1104,463,1841,150,170,69,22,748,7589,251,6,41,101,836,33,119,25,156,77,3201,422,5702,6599,3,1,51,0,0,1,0,0,0,24,7,6,17,9,8,51,45,14,5,4,8,8,205,8,230,7,281,9,128,128,2,2,15,171,357,2,2,482,30,20,1,12,313,3,48,294,3,91,2,1,0,2,5
0,0,0,4,1,2,3,53,7043,152,212,229,22,16,8,365,63,127,775,60,302,45,60,5816,991,50,931,18,9,41,91,79,70,14,412,4680,4565,48,3646,80,6,51,60,361,13,8,48,65,12,7,0,0,2,0,0,0,2,6,39,31,35,10,4,5,4,2,78,9,99,23,14,24,71,16,32,1,13,0,1,41,5,29,7,0,34,5,236,20,11,12,8,2,12,1,3,2,1,0,11,9
1,0,0,5,3,4,2,175,4495,47,134,310,167,30,21,232,17,42,873,2667,29,453,1104,991,7512,224,12239,24,23,67,16,431,1941,58,58,387,479,709,207,92,7,38,59,2870,369,117,429,58,11,25,0,0,2,1,10,5,50,31,8,107,4,19,107,169,20,11,14,9,8,803,15,350,37,833,8,79,386,2,6,27,67,587,14,2,1030,10,25,8,6,618,3,14,240,3,63,16,2,2,5,4
3,1,1,48,2,0,2,32,68,38,31,31,11,54,124,102,2,25,140,570,27,427,463,50,224,24741,1336,118,49,66,49,13524,227,5782,5,51,13,7400,28,263,14,32,123,17008,1835,170,1569,9,7,12,0,0,1,0,0,0,4,4,2,6,5,6,16,3,11,8,6,3,6,14,12,547,13,78,10,714,321,26,2,9,933,407,3,4,461,202,4,2,8,567,3,318,1218,8,426,2,1,3,8,4
7,0,0,17,2,6,1,796,5132,56,152,396,622,27,46,112,14,50,243,1977,36,1108,1841,931,12239,1336,16795,1040,62,78,45,2192,1678,306,112,240,1313,675,1523,4936,18,44,100,11840,913,206,1407,170,50,26,0,1,9,5,29,6,22,9,3,76,5,7,33,62,10,7,9,1,6,212,4,296,7,272,4,204,345,19,2,10,240,372,3,2,502,53,10,19,6,356,5,205,447,9,115,55,3,0,4,1
31,6,8,20,18,2,3,11,23,37,16,9,3,70,24,32,0,2,14,27,9,877,150,18,24,118,1040,81245,874,150,11,183,26,16902,11,14,157,55,273,23800,49,27,26,618,25,24085,10452,60,22,8,0,0,1,2,14,1,0,0,0,0,3,1,0,0,5,0,2,0,1,3,1,32,0,5,1,18,62,565,0,0,45,4,0,1,10,122,7,7,0,15,2,1031,62,27,25,24,0,0,0,0
847,110,273,298,519,71,59,11,11,135,22,28,22,6884,334,285,3,29,14,46,27,4575,170,9,23,49,62,874,116433,16524,135,111,158,57,89,80,158,18,46,49,32743,418,316,291,44,1428,180,64,3546,115,0,0,3,14,1,2,0,1,2,1,18,2,0,1,21,8,43,1,17,4,2,12,3,6,5,4,7,0,1,7,14,8,17,3,4,4,43,57,5,5,67,5,16,0,5,16,2,1,10,1
797,193,524,818,253,100,184,80,21,120,49,150,138,27994,2112,1297,19,275,83,233,313,1755,69,41,67,66,78,150,16524,49640,520,693,1113,35,390,439,808,63,234,12,11753,6458,2451,144,379,270,256,196,2526,1607,6,6,15,16,16,12,0,1,3,6,90,9,1,6,124,25,235,4,102,29,11,72,22,21,23,9,7,0,28,28,15,19,73,40,36,3,174,332,10,11,294,4,12,0,5,54,31,10,65,18
29,5,4,817,14,4,23,395,24,837,298,95,135,518,676,13638,1109,5499,2784,600,571,322,22,91,16,49,45,11,135,520,22755,101,235,13,188,207,713,183,141,2,116,190,13157,13,389,6,26,87,53,71,5,2,27,4,25,13,8,2,22,15,108,13,6,13,93,26,278,1,176,42,17,42,53,21,61,3,5,0,23,83,3,15,48,32,17,0,253,261,33,9,238,0,5,1,1,66,23,14,45,16
3,2,2,29,2,0,2,109,115,336,118,183,123,214,203,111,49,268,110,627,246,497,748,79,431,13524,2192,183,111,693,101,48479,6717,5624,11,45,47,1218,55,396,103,481,403,8739,4971,674,17027,8,17,240,0,0,2,0,0,1,4,6,6,15,9,13,29,7,15,7,7,2,6,36,15,669,19,140,10,766,374,44,3,11,1092,514,6,6,635,243,10,7,6,661,5,333,1362,12,446,3,3,0,8,6
8,6,2,7,0,2,1,1052,587,772,1162,8331,4220,199,142,139,394,1293,230,5396,833,461,7589,70,1941,227,1678,26,158,1113,235,6717,20155,41,4,74,261,804,17,12,209,969,902,983,6552,117,5625,3,12,679,0,0,0,0,0,0,74,21,11,86,12,21,129,225,11,7,22,14,31,740,15,237,22,563,16,50,129,1,3,24,56,398,2,5,627,7,38,7,12,279,8,6,121,4,44,0,1,0,4,7
3,0,1,10,3,0,0,15,30,34,24,13,2,16,33,20,1,3,18,49,8,357,251,14,58,5782,306,16902,57,35,13,5624,41,32031,6,9,9,97,15,9716,6,23,23,7868,97,2954,16830,4,2,6,1,0,1,0,0,1,0,0,0,2,2,2,0,0,0,0,4,0,0,4,0,129,2,14,1,100,46,57,1,0,379,42,1,0,32,702,4,1,1,47,0,1162,336,83,215,2,0,1,0,1
32,11,11,306,33,754,2463,0,35,769,74,8,0,535,207,1872,1,3,7,4,27,176,6,412,58,5,112,11,89,390,188,11,4,6,6739,4283,1381,4,9594,15,109,134,281,57,4,3,6,5018,189,20,21,12,45,13,75,30,0,0,2,3,74,7,0,0,209,31,290,1,34,1,2,42,3,1,7,1,2,1,34,12,0,1,67,19,7,0,118,330,12,3,333,1,1,1,2,338,35,13,58,16
5,2,4,35,0,5,70,17,518,686,315,116,24,158,72,3570,35,63,1388,128,390,161,41,4680,387,51,240,14,80,439,207,45,74,9,4283,15859,5004,67,8421,19,111,133,552,186,10,9,44,181,24,37,6,2,21,3,1,2,2,8,39,19,143,24,6,4,80,58,472,10,317,15,29,83,68,7,87,5,6,0,33,136,4,23,126,84,16,2,736,449,34,14,310,1,9,2,6,11,17,17,109,26
30,14,12,173,21,7,102,2261,12717,600,557,700,868,587,254,1314,418,472,2300,484,874,362,101,4565,479,13,1313,157,158,808,713,47,261,9,1381,5004,1979,14,7138,188,174,249,1202,114,36,35,63,609,91,90,3,2,6,1,20,2,37,99,28,128,33,10,15,33,16,9,47,17,51,136,45,18,44,42,40,2,9,1,2,19,2,14,7,8,18,2,174,40,12,7,39,12,6,3,2,50,9,1,12,8
7,1,0,75,3,0,3,110,67,36,42,33,14,94,235,203,3,143,226,5383,14,355,836,48,709,7400,675,55,18,63,183,1218,804,97,4,67,14,10576,6,31,9,23,315,5251,2785,66,500,1,9,17,1,0,3,0,0,4,8,3,3,8,7,9,21,11,13,12,10,4,7,71,4,305,11,237,2,123,172,3,6,14,84,426,7,5,819,15,6,2,4,482,4,10,242,3,74,0,3,1,8,5
20,16,18,125,14,801,674,6,124,319,80,35,2,236,83,617,11,59,105,1,64,123,33,3646,207,28,1523,273,46,234,141,55,17,15,9594,8421,7138,6,20452,554,55,61,143,303,6,6,30,9380,380,8,7,3,16,16,39,27,0,1,3,1,58,7,0,0,75,18,142,1,59,2,2,42,4,2,10,8,5,7,9,21,3,11,41,11,9,2,216,188,4,3,192,27,11,0,2,92,20,8,34,9
2,0,0,4,2,3,1,3,38,4,14,6,2,6,13,15,0,3,10,10,4,199,119,80,92,263,4936,23800,49,12,2,396,12,9716,15,19,188,31,554,35966,5,5,6,10006,24,1623,2797,103,15,0,0,2,2,3,18,1,0,0,0,2,3,2,2,1,7,0,2,0,0,2,1,194,0,22,2,92,202,542,2,2,367,20,1,0,19,1792,29,8,0,26,7,6258,610,261,355,42,0,0,0,0
492,132,333,611,152,61,76,13,3,13744,21,38,17,667,479,509,4,24,18,37,88,13493,25,6,7,14,18,49,32743,11753,116,103,209,6,109,111,174,9,55,5,49548,7281,377,41,38,91,61,48,241,268,2,2,1,10,4,3,0,0,1,2,18,1,2,0,13,2,51,0,24,5,2,12,4,3,3,2,1,0,5,5,3,3,23,13,4,0,50,55,3,6,50,0,0,0,0,14,9,4,15,4
200,136,231,845,42,36,106,37,32,11663,155,697,167,217,1485,1308,49,134,87,105,1870,2298,156,51,38,32,44,27,418,6458,190,481,969,23,134,133,249,23,61,5,7281,20690,2561,138,80,64,360,68,51,6870,3,0,1,5,3,2,0,2,5,6,17,5,0,4,9,2,87,2,59,10,10,19,20,5,15,5,8,0,1,25,6,11,11,8,12,1,55,39,4,11,27,2,10,0,2,13,2,2,9,6
21,6,9,1070,15,2,62,419,43,1740,215,506,285,1055,7915,10575,191,2399,378,702,4578,401,77,60,59,123,100,26,316,2451,13157,403,902,23,281,552,1202,315,143,6,377,2561,24461,62,940,18,107,65,49,8765,3,2,12,1,14,6,5,2,12,17,114,11,10,16,90,24,386,2,204,50,14,78,27,31,59,7,6,0,29,89,4,21,88,46,41,1,437,350,22,17,294,2,14,1,2,38,16,19,75,16
13,3,2,16,2,2,4,116,457,185,235,153,30,49,47,106,12,28,243,618,71,3423,3201,361,2870,17008,11840,618,291,144,13,8739,983,7868,57,186,114,5251,303,10006,41,138,62,48545,393,1441,5310,71,22,33,1,0,3,1,9,2,4,1,4,13,14,13,19,9,19,16,11,2,6,49,20,760,18,204,10,1030,483,64,8,6,1610,468,15,3,790,640,13,2,8,726,9,1359,2375,49,646,23,4,2,7,9
2,2,1,61,6,1,1,472,43,31,35,32,111,241,550,149,25,948,55,2651,48,201,422,13,369,1835,913,25,44,379,389,4971,6552,97,4,10,36,2785,6,24,38,80,940,393,3625,33,248,1,4,99,0,0,4,0,1,0,13,12,10,16,4,12,42,23,24,10,5,3,12,173,10,294,26,386,6,87,183,1,7,14,58,491,10,4,897,14,10,0,1,526,3,6,184,1,54,0,10,3,3,3
28,5,15,29,29,1,0,101,114,138,332,161,26,95,17,24,9,21,13,90,34,3241,5702,8,117,170,206,24085,1428,270,6,674,117,2954,3,9,35,66,6,1623,91,64,18,1441,33,13923,11621,3,23,16,0,0,1,0,0,0,1,1,1,1,1,0,5,3,0,1,2,0,4,18,3,37,5,17,2,29,21,18,2,2,64,33,0,1,33,121,8,5,0,31,3,198,71,25,55,2,0,1,3,0
2,1,0,5,4,0,1,109,191,517,491,466,66,48,28,42,43,84,76,264,244,1166,6599,48,429,1569,1407,10452,180,256,26,17027,5625,16830,6,44,63,500,30,2797,61,360,107,5310,248,11621,58455,11,3,141,0,0,3,0,1,0,4,6,5,11,12,8,15,10,3,8,4,5,5,32,14,383,7,86,9,413,200,63,2,10,769,227,2,1,320,573,10,3,5,310,3,788,917,54,345,3,2,0,8,3
52,39,35,896,380,4372,2254,3,19,404,30,1,0,533,336,2223,0,2,1,1,5,105,3,65,58,9,170,60,64,196,87,8,3,4,5018,181,609,1,9380,103,48,68,65,71,1,3,11,8639,1734,7,13,23,49,45,256,67,0,0,0,0,28,1,1,0,107,11,86,0,4,0,1,14,1,0,0,0,1,0,9,0,1,1,9,2,3,0,17,162,2,7,93,7,2,0,0,568,14,1,7,2
2648,83,190,403,4412,2024,111,2,8,74,8,1,2,21620,267,233,0,3,2,14,0,243,1,12,11,7,50,22,3546,2526,53,17,12,2,189,24,91,9,380,15,241,51,49,22,4,23,3,1734,12275,6,0,1,2,8,11,4,0,0,0,0,3,0,0,0,13,2,8,0,6,0,0,1,1,0,3,2,0,0,1,0,0,1,1,4,1,0,13,29,0,1,23,2,0,0,0,23,2,1,7,1
5,2,4,19,2,2,3,30,8,5617,52,453,165,685,3382,120,38,281,18,113,4231,155,51,7,25,12,26,8,115,1607,71,240,679,6,20,37,90,17,8,0,268,6870,8765,33,99,16,141,7,6,8082,1,0,0,0,1,0,0,1,4,1,9,0,1,0,5,1,13,0,6,12,0,7,5,6,1,5,3,0,0,6,3,4,2,6,6,0,24,11,1,4,8,0,4,0,2,0,0,0,6,2
3,3,39,41,2,58,22,0,1,3,0,0,0,18,9,28,0,1,0,0,0,5,0,0,0,0,0,0,0,6,5,0,0,1,21,6,3,1,7,0,2,3,3,1,0,0,0,13,0,1,60635,18112,2641,10441,16561,1895,0,4,1,2,109,1,0,4,15300,68,271,7,5,9,2,154,0,6,4,7,4,15,1134,4,21,12,613,8,52,2,24,166,7,44,66,1,2,16,4,345,15277,117,150,13
15,5,1165,47,8,19,31,0,0,2,1,0,0,14,9,34,0,1,0,0,0,2,0,0,0,0,1,0,0,6,2,0,0,0,12,2,2,0,3,2,2,0,2,0,0,0,0,23,1,0,18112,70170,15928,18055,853,10272,1,1,1,0,345,1,1,0,5757,59,107,1,6,3,2,552,1,0,6,3,2,8,394,3,11,7,544,4,11,2,14,74,13,11,17,0,2,4,5,216,888,155,601,32
6,5,42,114,5,7,76,2,0,12,6,0,1,80,33,129,0,3,6,1,1,12,1,2,2,1,9,1,3,15,27,2,0,1,45,21,6,3,16,2,1,1,12,3,4,1,3,49,2,0,2641,15928,44528,263,805,15260,11,26,12,6,1092,22,9,10,18537,7625,9279,8,35,78,22,608,7,18,43,29,17,10,497,119,41,57,739,238,260,7,80,1033,401,193,209,2,14,14,7,559,1180,170,1251,238
370,12,6723,231,171,3304,712,0,0,4,0,0,0,21,9,18,0,0,0,2,0,28,0,0,1,0,5,2,14,16,4,0,0,0,13,3,1,0,16,3,10,5,1,1,0,0,0,45,8,0,10441,18055,263,46697,19862,18976,0,0,0,0,86,2,0,0,112,8,29,0,1,1,0,100,0,0,1,0,1,1,59,1,0,1,71,1,4,1,7,17,1,2,175,0,0,4,0,579,109,17,123,3
41,30,172,539,16,375,937,0,0,15,0,0,1,105,53,160,0,0,0,0,0,9,0,0,10,0,29,14,1,16,25,0,0,0,75,1,20,0,39,18,4,3,14,9,1,0,1,256,11,1,16561,853,805,19862,23579,11712,0,1,2,0,138,9,2,0,326,21,241,1,1,3,2,68,0,2,2,2,1,1,43,0,2,0,42,1,2,1,3,222,5,6,252,2,4,1,1,3883,5793,32,134,26
11,12,1164,312,8,508,1311,0,0,12,3,1,1,50,24,101,0,0,1,1,1,8,0,0,5,0,6,1,2,12,13,1,0,1,30,2,2,4,27,1,3,2,6,2,0,0,0,67,4,0,1895,10272,15260,18976,11712,34951,2,6,5,4,969,14,2,0,2246,113,3954,0,12,5,5,627,5,2,9,6,2,1,199,11,12,12,281,17,53,3,25,1286,24,48,86,1,2,7,3,580,308,116,975,83
0,0,0,0,0,0,0,401,220,1,22,25,172,3,1,5,6,17,20,237,0,34,24,2,50,4,22,0,0,0,8,4,74,0,0,2,37,8,0,0,0,0,5,4,13,1,4,0,0,0,0,1,11,0,0,2,1875,5743,428,287,7,23,145,3315,36,30,134,1718,50,2711,23,68,87,228,21,2,234,0,2,341,29,2869,15,23,886,0,548,6,20,10,2,0,8,3,7,1,2,1,8,4
0,0,1,1,0,0,0,663,684,4,30,29,136,2,2,10,73,70,31,110,18,28,7,6,31,4,9,0,1,1,2,6,21,0,0,8,99,3,1,0,0,2,2,1,12,1,6,0,0,1,4,1,26,0,1,6,5743,23082,5722,2302,126,930,483,1343,78,77,649,10618,371,3652,327,1137,437,117,63,14,84,11,14,1185,27,317,23,72,787,4,2465,13,35,97,13,1,50,71,84,2,13,3,20,16
0,0,0,1,0,0,0,146,195,13,36,44,31,3,3,19,45,120,75,29,76,8,6,39,8,2,3,0,2,3,22,6,11,0,2,39,28,3,3,0,1,5,12,4,10,1,5,0,0,4,1,1,12,0,2,5,428,5722,6529,2721,694,2062,645,249,16,21,1704,5286,2657,1781,992,1239,109,125,364,14,55,6,12,2681,26,285,9,48,576,5,784,8,43,70,18,0,33,36,56,3,2,4,23,33
0,0,0,1,0,0,0,900,872,23,61,72,205,5,4,36,101,153,119,311,54,59,17,31,107,6,76,0,1,6,15,15,86,2,3,19,128,8,1,2,2,6,17,13,16,1,11,0,0,1,2,0,6,0,0,4,287,2302,2721,21182,285,1391,1191,746,8,7,129,937,2476,2953,1220,1259,10200,4539,164,21,1898,4,5,157,39,412,4,9,130,2,7987,49,43,183,41,4,149,42,80,1,0,4,8,34
3,0,16,32,3,1,22,59,62,61,35,46,8,111,39,197,17,85,127,13,77,27,9,35,4,5,5,3,18,90,108,9,12,2,74,143,33,7,58,3,18,17,114,14,4,1,12,28,3,9,109,345,1092,86,138,969,7,126,694,285,22412,3918,1051,63,758,752,3777,220,1545,99,6305,2897,438,55,1146,36,53,21,258,436,205,263,182,253,72,32,900,1669,1056,123,849,10,108,160,226,223,93,23910,40729,5625
0,0,0,0,0,0,2,64,59,7,14,27,15,10,2,22,8,44,45,29,30,8,8,10,19,6,7,1,2,9,13,13,21,2,7,24,10,9,7,2,1,5,11,13,12,0,8,1,0,0,1,1,22,2,9,14,23,930,2062,1391,3918,6394,6738,257,41,51,1385,814,1157,358,6255,7000,277,251,517,24,158,3,16,353,66,459,28,56,43,4,493,206,173,105,125,2,131,57,232,10,7,14,245,343
0,0,0,0,0,0,0,109,100,3,16,28,57,1,2,11,6,27,21,265,9,49,51,4,107,16,33,0,0,1,6,29,129,0,0,6,15,21,0,2,2,0,10,19,42,5,15,1,0,1,0,1,9,0,2,2,145,483,645,1191,1051,6738,12489,9334,33,44,141,3859,246,1419,7881,6328,197,1191,899,16,549,2,10,686,60,4952,24,46,144,5,293,28,306,191,33,4,153,52,277,0,5,9,114,209
0,0,0,1,0,0,0,477,223,3,26,62,212,2,8,20,5,23,19,567,3,88,45,5,169,3,62,0,1,6,13,7,225,0,0,4,33,11,0,1,0,4,16,9,23,3,10,0,0,0,4,0,10,0,0,0,3315,1343,249,746,63,257,9334,13555,21,21,117,9838,94,1854,2269,343,83,936,216,7,686,0,1,518,43,3978,5,38,378,1,322,5,45,41,7,2,21,7,30,0,2,1,12,22
15,23,31,225,12,11,125,4,6,48,7,3,0,193,74,370,1,7,15,13,2,52,14,4,20,11,10,5,21,124,93,15,11,0,209,80,16,13,75,7,13,9,90,19,24,0,3,107,13,5,15300,5757,18537,112,326,2246,36,78,16,8,758,41,33,21,61390,11953,2222,48,53,186,56,685,17,36,268,158,47,34,4903,306,343,422,11581,654,1276,40,266,1147,1714,492,607,8,36,45,47,751,13271,343,2703,867
1,2,4,10,1,1,10,9,4,12,4,1,0,31,10,97,2,9,10,15,10,24,5,2,11,8,7,0,8,25,26,7,7,0,31,58,9,12,18,0,2,2,24,16,10,1,8,11,2,1,68,59,7625,8,21,113,30,77,21,7,752,51,44,21,11953,20885,2611,61,87,156,88,491,27,30,546,81,49,9,423,756,275,509,1914,2515,895,26,206,288,13895,267,240,1,44,26,71,63,310,145,3039,6161
8,17,10,115,10,9,67,58,40,170,37,22,19,272,97,689,11,47,251,43,130,83,4,78,14,6,9,2,43,235,278,7,22,4,290,472,47,10,142,2,51,87,386,11,5,2,4,86,8,13,271,107,9279,29,241,3954,134,649,1704,129,3777,1385,141,117,2222,2611,48380,767,3549,977,622,1015,224,113,1163,32,63,2,192,11727,52,183,447,4403,719,7,1022,7194,341,478,1032,3,33,30,25,475,287,113,1005,440
0,0,0,0,0,0,0,143,153,3,13,17,15,0,2,7,35,39,27,22,8,3,8,9,9,3,1,0,1,4,1,2,14,0,1,10,17,4,1,0,0,2,2,2,3,0,5,0,0,0,7,1,8,0,1,0,1718,10618,5286,937,220,814,3859,9838,48,61,767,12092,356,292,9605,646,184,62,1444,4,27,2,5,8094,19,817,18,39,135,2,541,16,131,17,10,0,18,9,69,0,8,3,33,57
4,0,2,21,0,0,3,94,103,125,78,59,22,57,28,262,38,137,329,25,179,34,8,99,8,6,6,1,17,102,176,6,31,0,34,317,51,7,59,0,24,59,204,6,12,4,5,4,6,6,5,6,35,1,1,12,50,371,2657,2476,1545,1157,246,94,53,87,3549,356,8973,1070,1065,749,4434,544,1170,5,75,2,32,849,33,209,76,116,167,4,2014,4552,327,231,1438,3,85,20,46,6,19,24,262,258
0,0,1,5,0,0,0,1584,942,20,78,179,749,16,26,55,10,86,83,1946,16,214,205,23,803,14,212,3,4,29,42,36,740,4,1,15,136,71,2,2,5,10,50,49,173,18,32,0,0,12,9,3,78,1,3,5,2711,3652,1781,2953,99,358,1419,1854,186,156,977,292,1070,20129,159,1502,384,4220,99,33,1567,8,31,890,90,5696,53,153,3850,11,1175,37,65,5107,15,1,130,61,140,2,33,3,44,24
0,0,0,3,0,0,0,98,150,30,62,45,11,8,5,26,36,176,105,22,52,16,8,14,15,12,4,1,2,11,17,15,15,0,2,29,45,4,2,1,2,10,14,20,10,3,14,1,0,0,2,2,22,0,2,5,23,327,992,1220,6305,6255,7881,2269,56,88,622,9605,1065,159,16242,2404,728,102,7747,46,125,15,13,3527,345,1073,67,104,35,36,1197,227,1908,152,182,11,153,157,492,3,6,21,461,6434
2,4,10,13,1,2,6,122,119,38,30,43,47,62,25,115,13,42,39,330,28,185,230,24,350,547,296,32,12,72,42,669,237,129,42,83,18,305,42,194,12,19,78,760,294,37,383,14,1,7,154,552,608,100,68,627,68,1137,1239,1259,2897,7000,6328,343,685,491,1015,646,749,1502,2404,44510,341,2544,978,815,2722,1581,3300,562,1485,11027,925,146,510,1177,509,440,652,2956,313,857,4031,13321,11078,59,197,4087,3223,628
0,0,0,4,0,0,1,104,149,47,41,48,28,9,8,58,37,116,153,46,98,15,7,71,37,13,7,0,3,22,53,19,22,2,3,68,44,11,4,0,4,20,27,18,26,5,7,1,1,5,0,1,7,0,0,5,87,437,109,10200,438,277,197,83,17,27,224,184,4434,384,728,341,4407,1544,612,12,354,4,7,248,28,217,20,17,80,2,6301,1860,128,340,774,15,357,7,40,3,1,11,101,111
0,0,1,0,0,0,0,462,347,8,28,93,233,18,15,27,3,32,62,1270,7,189,281,16,833,78,272,5,6,21,21,140,563,14,1,7,42,237,2,22,3,5,31,204,386,17,86,0,0,6,6,0,18,0,2,2,228,117,125,4539,55,251,1191,936,36,30,113,62,544,4220,102,2544,1544,13193,70,106,11603,61,19,84,186,2512,29,25,1588,34,1553,109,49,1690,399,601,2329,48,273,10,13,3,40,31
1,0,0,5,0,0,0,63,79,66,47,36,8,11,12,89,20,150,196,29,68,18,9,32,8,10,4,1,5,23,61,10,16,1,7,87,40,2,10,2,3,15,59,10,6,2,9,0,3,1,4,6,43,1,2,9,21,63,364,164,1146,517,899,216,268,546,1163,1444,1170,99,7747,978,612,70,13549,36,68,17,42,8722,271,1216,196,3028,103,18,1170,463,12473,91,477,4,77,83,337,6,24,20,713,3133
0,0,0,0,0,1,0,7,7,9,7,9,0,1,3,4,1,1,8,15,3,122,128,1,79,714,204,18,4,9,3,766,50,100,1,5,2,123,8,92,2,5,7,1030,87,29,413,0,2,5,7,3,29,0,2,6,2,14,14,21,36,24,16,7,158,81,32,4,5,33,46,815,12,106,36,8724,1328,43,58,35,12736,182,121,29,2479,2681,18,4,38,10377,8,204,4031,59,355,0,46,18,76,41
0,0,0,3,0,0,0,62,85,2,10,26,44,5,5,15,4,17,11,182,7,76,128,13,386,321,345,62,7,7,5,374,129,46,2,6,9,172,5,202,1,8,6,483,183,21,200,1,0,3,4,2,17,1,1,2,234,84,55,1898,53,158,549,686,47,49,63,27,75,1567,125,2722,354,11603,68,1328,12459,519,25,47,1141,2158,44,25,2252,360,958,55,34,1718,262,6757,13742,149,796,10,16,6,40,28
0,0,0,0,0,0,1,0,2,0,1,1,1,0,0,4,0,0,0,0,0,6,2,0,2,26,19,565,0,0,0,44,1,57,1,0,1,3,7,542,0,0,0,64,1,18,63,0,0,0,15,8,10,1,1,1,0,11,6,4,21,3,2,0,34,9,2,2,2,8,15,1581,4,61,17,43,519,61789,912,3,77,12,123,2,30,12666,76,6,13,64,15,17211,312,30039,1229,1,40,361,87,11
2,0,2,8,1,0,6,2,0,10,2,3,0,19,6,50,0,2,3,3,1,13,2,1,6,2,2,0,1,28,23,3,3,1,34,33,2,6,9,2,5,1,29,8,7,2,2,9,1,0,1134,394,497,59,43,199,2,14,12,5,258,16,10,1,4903,423,192,5,32,31,13,3300,7,19,42,58,25,912,128088,32,136,134,28630,53,274,55,80,150,139,109,134,50,64,1117,64,35,16966,26611,2567,56
1,0,1,10,1,0,2,62,60,88,43,62,12,23,8,156,28,119,201,48,117,25,15,41,27,9,10,0,7,28,83,11,24,0,12,136,19,14,21,2,5,25,89,6,14,2,10,0,0,6,4,3,119,1,0,11,341,1185,2681,157,436,353,686,518,306,756,11727,8094,849,890,3527,562,248,84,8722,35,47,3,32,22712,134,1794,147,2986,1102,14,719,254,718,159,307,3,47,20,188,8,52,8,154,163
1,0,0,1,0,0,0,9,13,21,8,13,1,2,5,7,2,4,7,40,0,156,171,5,67,933,240,45,14,15,3,1092,56,379,0,4,2,84,3,367,3,6,4,1610,58,64,769,1,0,3,21,11,41,0,2,12,29,27,26,39,205,66,60,43,343,275,52,19,33,90,345,1485,28,186,271,12736,1141,77,136,134,36407,3962,326,44,3580,10763,40,12,291,2185,19,670,3352,324,13091,4,99,49,464,281
0,0,1,5,0,0,1,142,93,19,28,49,69,6,18,33,3,28,38,583,8,178,357,29,587,407,372,4,8,19,15,514,398,42,1,23,14,426,11,20,3,11,21,468,491,33,227,1,1,4,12,7,57,1,0,12,2869,317,285,412,263,459,4952,3978,422,509,183,817,209,5696,1073,11027,217,2512,1216,182,2158,12,134,1794,3962,34336,383,275,13635,48,219,77,776,3213,83,22,1972,98,4571,1,113,46,486,439
2,1,7,13,3,1,8,6,4,30,1,4,0,67,12,123,1,13,19,6,6,22,2,7,14,3,3,0,17,73,48,6,2,1,67,126,7,7,41,1,23,11,88,15,10,0,2,9,1,2,613,544,739,71,42,281,15,23,9,4,182,28,24,5,11581,1914,447,18,76,53,67,925,20,29,196,121,44,123,28630,147,326,383,49607,224,674,44,284,337,805,172,391,11,39,179,68,48,4109,8892,30520,522
1,0,1,4,0,1,0,4,7,14,6,2,3,19,12,115,1,8,26,7,8,17,2,0,2,4,2,1,3,40,32,6,5,0,19,84,8,5,11,0,13,8,46,3,4,1,1,2,4,6,8,4,238,1,1,17,23,72,48,9,253,56,46,38,654,2515,4403,39,116,153,104,146,17,25,3028,29,25,2,53,2986,44,275,224,8411,389,10,242,251,6836,198,253,1,14,15,37,17,60,23,381,431
0,0,0,3,0,0,0,169,153,17,48,77,97,9,16,21,14,37,41,791,7,314,482,34,1030,461,502,10,4,36,17,635,627,32,7,16,18,819,9,19,4,12,41,790,897,33,320,3,1,6,52,11,260,4,2,53,886,787,576,130,72,43,144,378,1276,895,719,135,167,3850,35,510,80,1588,103,2479,2252,30,274,1102,3580,13635,674,389,16856,277,166,41,293,7211,46,33,603,21,126,4,275,46,372,151
1,0,1,0,0,0,0,0,2,2,3,2,1,0,1,1,0,1,1,5,1,31,30,5,10,202,53,122,4,3,0,243,7,702,0,2,2,15,2,1792,0,1,1,640,14,121,573,0,0,0,2,2,7,1,1,3,0,4,5,2,32,4,5,1,40,26,7,2,4,11,36,1177,2,34,18,2681,360,12666,55,14,10763,48,44,10,277,50124,25,1,23,361,8,7845,2210,18051,5247,0,11,30,51,24
6,1,1,39,3,2,21,422,705,126,80,114,106,106,61,340,101,158,500,77,273,60,20,236,25,4,10,7,43,174,253,10,38,4,118,736,174,6,216,29,50,55,437,13,10,8,10,17,13,24,24,14,80,7,3,25,548,2465,784,7987,900,493,293,322,266,206,1022,541,2014,1175,1197,509,6301,1553,1170,18,958,76,80,719,40,219,284,242,166,25,2463,2237,413,55,4192,624,405,41,58,33,89,42,377,301
43,21,21,309,18,14,184,6,2,130,29,12,3,409,143,790,3,25,88,12,49,100,1,20,8,2,19,7,57,332,261,7,7,1,330,449,40,2,188,8,55,39,350,2,0,5,3,162,29,11,166,74,1033,17,222,1286,6,13,8,49,1669,206,28,5,1147,288,7194,16,4552,37,227,440,1860,109,463,4,55,6,150,254,12,77,337,251,41,1,2237,25387,240,131,12904,5,67,6,18,6066,255,102,754,371
0,0,0,3,0,0,1,12,15,30,11,8,2,6,7,80,5,41,50,17,23,8,12,11,6,8,6,0,5,10,33,6,12,1,12,34,12,4,4,0,3,4,22,8,1,0,5,2,0,1,7,13,401,1,5,24,20,35,43,43,1056,173,306,45,1714,13895,341,131,327,65,1908,652,128,49,12473,38,34,13,139,718,291,776,805,6836,293,23,413,240,28492,103,329,6,49,41,211,6,82,97,3324,15419
0,0,0,4,2,0,0,24,36,11,30,23,16,5,8,12,2,16,24,312,6,174,313,12,618,567,356,15,5,11,9,661,279,47,3,14,7,482,3,26,6,11,17,726,526,31,310,7,1,4,44,11,193,2,6,48,10,97,70,183,123,105,191,41,492,267,478,17,231,5107,152,2956,340,1690,91,10377,1718,64,109,159,2185,3213,172,198,7211,361,55,131,103,25073,106,101,11808,79,946,3,99,27,150,87
15,3,11,110,10,3,114,5,2,115,19,10,5,335,93,554,0,12,53,5,31,73,3,8,3,3,5,2,67,294,238,5,8,0,333,310,39,4,192,7,50,27,294,9,3,3,3,93,23,8,66,17,209,175,252,86,2,13,18,41,849,125,33,7,607,240,1032,10,1438,15,182,313,774,399,477,8,262,15,134,307,19,83,391,253,46,8,4192,12904,329,106,11118,87,235,11,28,7119,376,84,498,338
0,0,0,0,0,0,0,1,2,3,3,0,0,1,2,2,0,0,0,6,2,70,48,2,14,318,205,1031,5,4,0,333,6,1162,1,1,12,10,27,6258,0,2,2,1359,6,198,788,7,2,0,1,0,2,0,2,1,0,1,0,4,10,2,4,2,8,1,3,0,3,1,11,857,15,601,4,204,6757,17211,50,3,670,22,11,1,33,7845,624,5,6,101,87,42602,8074,2604,825,9,4,20,9,2
0,0,1,0,0,0,0,16,24,12,21,22,11,4,8,8,2,1,10,77,7,209,294,12,240,1218,447,62,16,12,5,1362,121,336,1,9,6,242,11,610,0,10,14,2375,184,71,917,2,0,4,2,2,14,0,4,2,8,50,33,149,108,131,153,21,36,44,33,18,85,130,153,4031,357,2329,77,4031,13742,312,64,47,3352,1972,39,14,603,2210,405,67,49,11808,235,8074,36614,300,1591,12,10,20,72,54
0,0,0,0,0,0,0,1,4,1,0,0,0,0,0,2,0,2,1,1,1,7,3,1,3,8,9,27,0,0,1,12,4,83,1,2,3,3,0,261,0,0,1,49,1,25,54,0,0,0,16,4,14,4,1,7,3,71,36,42,160,57,52,7,45,26,30,9,20,61,157,13321,7,48,83,59,149,30039,1117,20,324,98,179,15,21,18051,41,6,41,79,11,2604,300,32044,13369,0,49,548,153,60
0,0,1,0,0,0,0,14,10,7,9,3,3,2,3,7,1,5,7,31,5,85,91,3,63,426,115,25,5,5,1,446,44,215,2,6,2,74,2,355,0,2,2,646,54,55,345,0,0,2,4,5,7,0,1,3,7,84,56,80,226,232,277,30,47,71,25,69,46,140,492,11078,40,273,337,355,796,1229,64,188,13091,4571,68,37,126,5247,58,18,211,946,28,825,1591,13369,24805,2,12,21,195,154
51,95,109,1228,32,136,960,0,4,38,4,0,0,351,182,590,0,0,1,0,0,18,2,2,16,2,55,24,16,54,66,3,0,2,338,11,50,0,92,42,14,13,38,23,0,2,3,568,23,0,345,216,559,579,3883,580,1,2,3,1,223,10,0,0,751,63,475,0,6,2,3,59,3,10,6,0,10,1,35,8,4,1,48,17,4,0,33,6066,6,3,7119,9,12,0,2,8661,939,19,102,29
3,0,3,15,1,1,8,2,2,10,3,0,0,24,3,41,0,0,4,5,1,11,1,1,2,1,3,0,2,31,23,3,1,0,35,17,9,3,20,0,9,2,16,4,10,0,2,14,2,0,15277,888,1180,109,5793,308,2,13,2,0,93,7,5,2,13271,310,287,8,19,33,6,197,1,13,24,46,16,40,16966,52,99,113,4109,60,275,11,89,255,82,99,376,4,10,49,12,939,57306,457,1101,23
1,1,2,3,0,0,2,0,0,3,1,1,0,10,2,15,0,1,2,0,2,3,0,0,2,3,0,0,1,10,14,0,0,1,13,17,1,1,8,0,4,2,19,2,3,1,0,1,1,0,117,155,170,17,32,116,1,3,4,4,23910,14,9,1,343,145,113,3,24,3,21,4087,11,3,20,18,6,361,26611,8,49,46,8892,23,46,30,42,102,97,27,84,20,20,548,21,19,457,36714,5028,159
1,0,7,23,2,3,9,7,11,33,6,10,3,57,24,132,6,23,56,7,24,23,2,11,5,8,4,0,10,65,45,8,4,0,58,109,12,8,34,0,15,9,75,7,3,3,8,7,7,6,150,601,1251,123,134,975,8,20,23,8,40729,245,114,12,2703,3039,1005,33,262,44,461,3223,101,40,713,76,40,87,2567,154,464,486,30520,381,372,51,377,754,3324,150,498,9,72,153,195,102,1101,5028,23270,11634
0,0,1,3,0,0,2,12,7,20,21,8,1,11,10,50,2,23,32,4,18,7,5,9,4,4,1,0,1,18,16,6,7,1,16,26,8,5,9,0,4,6,16,9,3,0,3,2,1,2,13,32,238,3,26,83,4,16,33,34,5625,343,209,22,867,6161,440,57,258,24,6434,628,111,31,3133,41,28,11,56,163,281,439,522,431,151,24,301,371,15419,87,338,2,54,60,154,29,23,159,11634,10729
