23061,9625,8291,1221,17309,3879,136,4,2,69,2,1,11,14944,602,78,2,1,2,8,3,357,26,1,7,9,3,76,1146,574,46,20,10,37,68,3,39,14,108,14,687,55,172,13,20,70,60,101,2661,11,1,5,12,26,20,17,0,0,3,0,3,0,0,0,10,7,25,1,3,0,0,4,2,2,1,0,0,0,2,5,0,0,8,4,0,1,14,34,2,0,16,6,3,0,1,44,2,1,2,2
9625,31631,7752,22994,427,370,849,6,3,162,6,2,8,8131,3427,162,0,2,16,13,9,613,29,2,7,15,8,36,253,662,71,8,11,16,134,3,36,16,110,8,979,156,231,12,27,59,42,132,116,40,6,20,62,19,85,85,0,0,5,0,13,0,0,0,32,13,54,1,4,3,1,4,1,3,1,0,1,0,4,7,0,0,14,7,0,2,14,90,2,0,51,1,1,0,1,171,5,1,2,0
8291,7752,21642,5152,4770,5623,7030,2,2,21,4,1,0,520,26,15,2,0,1,1,4,242,8,1,1,1,0,29,227,209,3,4,3,5,33,2,7,2,25,9,363,29,12,9,1,42,20,74,146,4,4,12,15,21,49,38,0,0,0,0,2,0,0,0,9,4,29,0,0,0,0,1,1,1,1,0,0,0,0,0,0,0,1,3,0,0,3,32,1,0,9,0,0,0,1,84,6,1,2,0
1221,22994,5152,27944,337,795,18276,40,14,576,48,4,52,1571,7687,5787,6,13,107,72,25,565,22,7,23,44,14,17,106,392,558,69,52,34,345,53,170,102,396,4,666,200,2054,40,129,27,28,484,70,188,23,61,146,25,141,127,3,3,6,3,18,1,1,1,82,30,131,5,23,10,6,6,13,8,4,1,2,0,17,21,2,1,25,34,5,0,39,268,5,2,126,2,1,0,0,331,24,5,17,2
17309,427,4770,337,21014,24544,133,2,2,38,1,0,4,3588,255,48,1,2,6,4,2,41,3,1,3,3,13,13,463,93,8,7,4,2,81,0,28,5,96,9,70,7,102,6,13,12,6,1216,3831,6,3,6,10,59,20,13,0,0,1,0,1,0,0,0,5,3,8,0,2,1,0,1,0,0,0,0,1,0,1,2,0,1,1,6,0,0,3,20,0,0,6,1,0,0,0,32,2,1,2,1
3879,370,5623,795,24544,19382,13694,1,2,10,8,0,1,466,32,44,0,0,2,0,5,50,6,3,10,4,30,13,162,45,13,0,1,4,136,0,51,1,933,9,86,6,18,13,1,15,11,6021,3448,6,12,56,32,100,175,57,0,0,0,0,2,0,0,0,17,6,19,0,0,0,0,0,0,1,1,0,0,0,2,3,0,0,5,5,0,0,2,79,1,0,31,1,2,1,0,304,10,0,3,0
136,849,7030,18276,133,13694,23133,2,5,261,25,1,8,198,206,8537,2,2,17,16,15,243,12,0,12,18,35,4,29,125,90,20,14,9,2007,27,174,30,911,4,199,73,99,20,36,12,11,3018,62,45,69,123,241,184,342,1230,2,0,3,3,25,1,1,1,114,57,184,0,6,2,1,12,8,6,5,0,1,1,10,8,0,0,35,45,2,0,47,413,5,0,215,3,3,4,1,773,36,6,12,2
4,6,2,40,2,1,2,40375,4883,38,1311,444,8279,43,61,101,1476,17698,2910,10740,92,1596,272,131,109,44,33,5,5,13,2514,65,1000,20,10,24,665,110,19,5,7,12,380,56,386,70,70,1,0,46,0,1,3,0,0,2,109,384,92,684,80,62,24,60,8,10,7,142,97,345,101,37,192,38,19,4,4,0,2,32,3,30,12,7,20,4,228,44,8,5,17,1,8,0,10,3,0,2,36,12
2,3,2,14,2,2,5,4883,48095,68,1018,848,1665,18,15,53,352,860,3742,8453,94,1101,332,12966,7536,77,3094,12,4,8,274,138,570,26,21,378,6715,203,257,33,15,11,62,410,162,69,129,25,0,18,1,1,1,0,1,3,547,1554,195,3549,154,167,123,424,15,30,13,320,131,3217,210,134,634,532,53,21,38,2,4,96,17,301,23,10,178,12,717,98,18,32,33,2,69,2,19,3,1,2,38,24
69,162,21,576,38,10,261,38,68,36499,4753,2941,311,393,437,713,527,53,461,49,5358,2615,656,94,93,65,59,26,143,560,632,542,685,37,424,306,509,44,856,17,17509,18892,1150,185,95,120,542,219,19,8740,5,9,14,1,4,13,9,30,74,42,67,6,1,8,30,41,46,32,115,15,28,26,75,18,17,5,7,2,10,81,8,15,49,31,11,6,75,123,39,9,93,3,26,5,7,27,6,10,50,17
2,6,4,48,1,8,25,1311,1018,4753,5993,10243,978,32,27,274,925,406,899,343,1613,4641,3152,175,151,36,67,13,9,47,288,165,703,31,195,240,306,38,493,18,188,172,124,166,36,267,415,114,2,24,5,3,14,0,1,5,14,61,33,108,30,16,5,8,21,35,30,36,46,37,29,19,80,18,15,9,14,2,10,32,3,15,30,15,16,4,45,70,22,9,53,2,21,2,6,20,2,8,23,9
1,2,1,4,0,0,1,444,848,2941,10243,33294,13673,31,17,24,6314,212,158,613,3930,2031,4271,133,851,39,172,7,6,130,78,185,11046,16,5,32,214,56,29,7,44,119,57,208,81,158,539,3,0,76,0,0,0,0,0,0,26,95,39,160,23,14,11,23,2,0,8,50,31,156,25,14,57,115,3,4,15,0,0,10,3,55,1,2,47,3,72,14,1,6,2,5,20,0,6,0,0,0,8,3
11,8,0,52,4,1,8,8279,1665,311,978,13673,28400,188,152,39,12773,3909,215,3823,1012,652,294,152,272,68,77,5,19,162,1187,412,12809,12,12,32,565,46,34,5,53,132,521,77,571,31,158,4,0,342,0,0,2,0,0,0,117,223,36,424,29,42,17,64,1,3,2,67,26,520,39,23,85,64,6,3,2,0,0,26,0,56,10,0,33,4,86,19,3,6,9,1,14,1,4,0,0,2,9,4
14944,8131,520,1571,3588,466,198,43,18,393,32,31,188,77180,16007,414,55,17,175,143,234,689,106,16,119,114,38,209,6899,23893,350,427,328,79,541,115,440,91,994,41,2141,434,1420,94,329,275,293,330,16621,1694,15,30,76,14,37,74,3,7,13,11,50,6,3,0,123,82,144,5,56,13,8,24,35,27,9,1,4,3,25,58,2,17,80,65,11,6,60,258,34,2,196,5,9,0,4,110,28,6,43,11
602,3427,26,7687,255,32,206,61,15,437,27,17,152,16007,15638,1121,39,23,53,81,209,514,27,5,48,61,13,31,211,997,506,179,191,22,152,40,103,72,202,8,788,448,5608,35,208,44,64,131,87,8486,8,10,27,6,20,26,3,1,14,0,13,2,1,0,25,14,47,3,21,4,4,9,11,7,3,2,1,1,6,17,1,5,10,14,9,1,23,65,3,3,55,3,6,1,0,64,8,1,7,5
78,162,15,5787,48,44,8537,101,53,713,274,24,39,414,1121,30858,43,52,8945,144,212,318,30,142,54,75,33,15,60,347,16860,67,60,30,7625,6185,512,181,2556,10,310,134,4097,84,130,16,36,1276,31,127,46,50,161,21,87,143,6,7,25,18,72,2,2,6,164,124,240,11,84,31,12,31,38,7,12,1,7,1,42,78,0,8,116,102,10,1,96,443,33,8,345,3,4,2,1,313,40,13,44,21
2,0,2,6,1,0,2,1476,352,527,925,6314,12773,55,39,43,10938,4405,191,92,16836,266,274,109,73,75,21,6,7,144,981,371,950,11,13,57,337,43,74,7,63,164,462,61,133,19,227,6,0,255,0,1,3,0,0,0,23,105,77,165,67,28,7,14,4,11,12,80,80,26,70,17,136,8,22,1,7,0,1,61,3,10,11,9,13,0,99,48,8,5,25,1,8,0,2,0,1,5,23,11
1,2,0,13,2,0,2,17698,860,53,406,212,3909,17,23,52,4405,7243,1422,644,131,151,59,28,53,80,17,3,4,21,1897,301,585,15,8,17,174,105,37,0,18,25,175,40,278,5,74,2,0,74,0,2,3,0,0,1,9,52,59,114,38,11,11,11,3,13,8,36,73,24,37,18,73,15,22,2,3,0,2,43,1,8,8,3,11,1,50,36,6,1,16,1,5,0,3,0,0,5,23,13
2,16,1,107,6,2,17,2910,3742,461,899,158,215,175,53,8945,191,1422,18680,1282,359,464,84,770,571,43,36,10,47,351,3494,69,130,21,314,4902,731,186,615,7,202,140,719,147,95,29,47,41,7,125,7,13,21,1,2,12,26,90,88,159,106,22,14,18,52,70,81,45,200,94,90,41,133,27,97,3,5,2,32,188,4,19,121,58,6,5,112,284,97,5,169,1,5,5,7,18,5,28,95,51
8,13,1,72,4,0,16,10740,8453,49,343,613,3823,143,81,144,92,644,1282,26851,83,1112,572,629,11814,197,328,23,9,51,1065,347,3343,73,21,142,426,8530,56,8,21,18,455,2314,7423,63,201,6,2,63,0,1,5,0,0,0,502,426,52,1263,15,67,137,391,8,23,9,50,44,2983,36,100,149,851,20,39,36,4,2,40,20,606,13,12,382,5,65,18,12,74,12,4,62,0,14,1,0,1,4,6
3,9,4,25,2,5,15,92,94,5358,1613,3930,1012,234,209,212,16836,131,359,83,15070,231,378,86,139,76,47,19,23,444,2180,498,820,27,74,213,642,75,474,8,220,961,10408,93,245,20,347,29,2,3907,0,0,5,1,3,3,16,36,78,59,47,18,3,7,22,24,26,41,114,15,37,26,95,29,25,7,8,1,12,90,1,9,35,17,16,4,118,103,26,8,62,1,12,1,5,7,4,5,32,14
357,613,242,565,41,50,243,1596,1101,2615,4641,2031,652,689,514,318,266,151,464,1112,231,19703,5516,155,1199,207,643,461,3430,377,311,426,595,244,120,127,346,209,322,148,25598,506,423,1296,244,3699,1187,59,40,95,0,5,14,0,4,7,17,46,30,122,21,11,14,22,17,16,26,22,41,191,19,53,50,227,6,41,92,5,6,35,31,82,29,14,86,41,33,52,20,57,42,49,174,1,31,5,3,2,15,11
26,29,8,22,3,6,12,272,332,656,3152,4271,294,106,27,30,274,59,84,572,378,5516,15156,86,1710,381,1052,305,298,215,50,819,5368,339,10,29,73,477,111,199,448,107,42,2363,338,6806,7424,31,5,43,0,1,1,0,1,0,10,15,8,40,5,11,30,15,4,7,2,6,6,177,4,74,26,345,3,112,217,5,1,7,89,160,5,2,149,62,21,7,4,132,14,99,371,4,50,1,1,3,5,1
1,2,1,7,1,3,0,131,12966,94,175,133,152,16,5,142,109,28,770,629,86,155,86,15049,2164,83,1586,7,5,35,79,128,125,31,53,4575,8290,134,6905,36,20,23,35,556,32,17,81,26,2,16,1,3,0,1,0,3,82,220,80,509,67,33,16,65,5,7,9,78,108,448,71,41,168,101,31,11,30,2,9,82,11,52,24,2,37,2,228,69,15,11,36,3,46,1,9,2,0,8,37,19
7,7,1,23,3,10,12,109,7536,93,151,851,272,119,48,54,73,53,571,11814,139,1199,1710,2164,17646,320,5905,28,17,119,139,687,3398,100,30,290,331,1867,349,31,38,53,143,4576,1308,126,789,61,4,93,1,0,2,0,3,2,258,124,30,682,7,69,247,257,9,37,13,14,31,2471,30,242,159,3174,11,109,423,10,4,39,52,1166,22,18,971,33,44,21,16,438,16,45,513,4,49,4,1,1,10,14
9,15,1,44,3,4,18,44,77,65,36,39,68,114,61,75,75,80,43,197,76,207,381,83,320,47764,1171,204,25,93,204,21107,932,6215,16,39,50,9599,131,440,39,35,193,15081,5508,105,1569,32,3,48,0,1,2,0,0,0,4,4,3,34,5,18,12,4,2,11,2,3,3,54,18,240,33,207,3,414,682,24,0,4,395,222,13,3,232,227,11,9,5,342,7,195,1211,12,241,8,2,0,6,4
3,8,0,14,13,30,35,33,3094,59,67,172,77,38,13,33,21,17,36,328,47,643,1052,1586,5905,1171,20137,603,16,33,38,2001,783,627,63,223,1007,675,2091,4242,37,12,30,8683,497,215,1301,646,21,21,3,1,6,0,12,7,41,26,6,222,14,33,84,46,11,26,4,13,12,361,24,374,103,1418,8,379,1452,26,5,16,307,551,14,8,512,136,26,29,18,557,29,168,1348,11,233,16,4,0,18,4
76,36,29,17,13,13,4,5,12,26,13,7,5,209,31,15,6,3,10,23,19,461,305,7,28,204,603,80402,1022,333,19,199,22,12957,11,7,130,87,60,14679,440,49,24,576,42,11792,3410,25,9,11,0,1,1,0,0,0,0,0,0,1,0,1,1,0,4,3,1,1,2,1,1,19,2,10,0,22,53,525,6,2,22,10,5,1,8,541,7,7,0,10,4,918,131,232,115,3,1,1,2,0
1146,253,227,106,463,162,29,5,4,143,9,6,19,6899,211,60,7,4,47,9,23,3430,298,5,17,25,16,1022,105574,9135,52,61,33,191,43,24,69,8,106,135,34723,297,92,90,18,1893,433,36,5119,37,1,0,7,1,6,5,0,0,3,1,12,1,0,1,8,13,20,2,11,3,4,2,2,6,2,7,3,3,2,11,4,2,10,7,1,19,21,30,9,0,21,25,12,0,5,9,5,4,5,1
574,662,209,392,93,45,125,13,8,560,47,130,162,23893,997,347,144,21,351,51,444,377,215,35,119,93,33,333,9135,37410,308,450,372,126,204,170,435,51,645,83,10692,7930,723,150,193,516,478,102,878,619,2,4,27,0,8,19,3,7,35,6,62,6,1,0,42,53,74,13,83,5,15,31,31,26,20,2,7,6,17,93,10,12,75,32,6,16,73,157,39,7,163,18,12,7,4,24,14,11,37,15
46,71,3,558,8,13,90,2514,274,632,288,78,1187,350,506,16860,981,1897,3494,1065,2180,311,50,79,139,204,38,19,52,308,23825,337,527,61,893,962,585,474,1178,18,285,313,22878,92,1010,13,69,288,12,1147,5,21,55,3,13,26,11,24,97,50,85,11,8,9,69,70,114,31,158,44,50,38,92,40,38,2,6,3,28,149,2,20,74,50,20,0,121,224,41,6,174,2,8,1,7,55,17,12,68,38
20,8,4,69,7,0,20,65,138,542,165,185,412,427,179,67,371,301,69,347,498,426,819,128,687,21107,2001,199,61,450,337,42285,11730,7069,19,56,120,1053,202,686,133,222,352,8326,5810,216,24014,56,9,317,0,0,2,0,0,0,4,10,3,42,16,11,17,9,3,7,3,3,12,71,17,239,34,210,5,432,606,23,3,6,414,234,12,6,227,261,14,12,10,394,11,281,1276,5,265,5,1,4,9,4
10,11,3,52,4,1,14,1000,570,685,703,11046,12809,328,191,60,950,585,130,3343,820,595,5368,125,3398,932,783,22,33,372,527,11730,22426,114,9,46,210,909,71,22,112,260,436,1273,9160,70,11049,10,2,428,0,0,2,0,0,0,120,66,15,233,8,23,83,104,4,12,2,11,21,941,9,65,37,616,9,34,62,3,3,13,25,354,6,2,247,11,21,14,3,89,10,18,114,0,15,1,0,1,5,1
37,16,5,34,2,4,9,20,26,37,31,16,12,79,22,30,11,15,21,73,27,244,339,31,100,6215,627,12957,191,126,61,7069,114,45083,13,16,60,559,86,17513,170,29,58,12247,219,1573,20119,24,2,10,3,2,0,1,1,1,0,1,1,7,7,9,5,4,0,4,2,2,1,6,11,132,14,46,2,285,228,192,6,3,369,36,4,1,32,1434,10,1,2,46,9,2285,912,162,430,3,1,2,12,3
68,134,33,345,81,136,2007,10,21,424,195,5,12,541,152,7625,13,8,314,21,74,120,10,53,30,16,63,11,43,204,893,19,9,13,8337,1615,477,36,15832,16,151,66,678,46,13,7,20,5528,58,43,33,47,148,10,110,151,0,3,7,6,49,1,2,3,156,106,272,1,28,6,8,25,9,3,11,0,1,0,36,50,1,3,99,67,3,1,79,370,23,0,293,1,3,1,1,362,53,8,35,6
3,3,2,53,0,0,27,24,378,306,240,32,32,115,40,6185,57,17,4902,142,213,127,29,4575,290,39,223,7,24,170,962,56,46,16,1615,20432,1470,102,11621,8,113,92,413,195,18,9,35,76,1,76,6,5,28,4,4,15,16,35,104,46,80,15,4,10,53,80,62,28,181,32,26,30,116,13,34,0,3,6,33,191,3,11,118,52,8,3,130,251,86,3,171,1,5,3,1,14,8,20,63,35
39,36,7,170,28,51,174,665,6715,509,306,214,565,440,103,512,337,174,731,426,642,346,73,8290,331,50,1007,130,69,435,585,120,210,60,477,1470,5125,38,5975,543,287,190,572,173,56,37,115,1277,28,198,6,7,20,3,11,14,57,196,31,768,56,30,10,39,27,71,66,53,56,328,39,28,147,87,31,4,7,5,15,103,7,24,76,59,27,7,215,165,96,3,140,8,11,6,6,52,8,8,51,32
14,16,2,102,5,1,30,110,203,44,38,56,46,91,72,181,43,105,186,8530,75,209,477,134,1867,9599,675,87,8,51,474,1053,909,559,36,102,38,24303,96,66,21,21,344,22109,5851,44,489,15,3,33,0,0,2,0,0,3,12,13,1,92,6,19,58,23,10,23,2,6,6,358,10,195,41,1006,6,209,591,14,5,11,123,508,19,4,623,73,17,13,5,494,8,33,739,4,108,3,0,0,7,8
108,110,25,396,96,933,911,19,257,856,493,29,34,994,202,2556,74,37,615,56,474,322,111,6905,349,131,2091,60,106,645,1178,202,71,86,15832,11621,5975,96,40898,435,414,215,1026,631,41,42,151,11763,122,240,37,55,173,15,94,115,9,14,65,33,145,15,0,4,220,261,336,18,169,18,38,59,65,19,50,4,13,2,85,216,12,11,292,163,8,4,173,659,148,10,575,3,24,11,9,280,83,26,117,37
14,8,9,4,9,9,4,5,33,17,18,7,5,41,8,10,7,0,7,8,8,148,199,36,31,440,4242,14679,135,83,18,686,22,17513,16,8,543,66,435,39556,125,18,16,8693,30,1513,3827,207,2,2,0,1,1,1,3,0,2,2,0,5,12,9,7,0,1,3,0,1,2,3,8,198,15,45,1,368,246,630,15,3,404,24,9,0,16,2064,12,6,4,33,23,4238,1295,357,629,7,1,6,14,5
687,979,363,666,70,86,199,7,15,17509,188,44,53,2141,788,310,63,18,202,21,220,25598,448,20,38,39,37,440,34723,10692,285,133,112,170,151,113,287,21,414,125,69065,7688,444,175,57,1098,592,74,306,471,1,1,14,2,6,6,2,5,24,6,27,8,0,1,27,23,50,2,52,5,12,19,32,13,7,7,7,6,12,65,9,2,44,17,3,27,48,91,19,5,75,33,25,2,12,16,6,5,17,16
55,156,29,200,7,6,73,12,11,18892,172,119,132,434,448,134,164,25,140,18,961,506,107,23,53,35,12,49,297,7930,313,222,260,29,66,92,190,21,215,18,7688,12231,858,63,84,144,182,23,26,3633,0,0,9,1,0,2,1,8,19,12,17,0,2,1,12,9,16,6,34,9,6,7,17,13,12,3,4,0,8,28,1,5,13,5,5,6,26,40,5,3,30,4,2,0,2,4,2,4,10,4
172,231,12,2054,102,18,99,380,62,1150,124,57,521,1420,5608,4097,462,175,719,455,10408,423,42,35,143,193,30,24,92,723,22878,352,436,58,678,413,572,344,1026,16,444,858,36847,99,673,23,89,312,41,12912,13,24,55,8,25,40,8,11,39,28,70,12,7,5,68,51,90,21,102,36,17,28,55,38,22,1,4,4,24,94,1,14,88,35,18,2,83,194,23,4,154,1,9,6,4,68,11,10,36,21
13,12,9,40,6,13,20,56,410,185,166,208,77,94,35,84,61,40,147,2314,93,1296,2363,556,4576,15081,8683,576,90,150,92,8326,1273,12247,46,195,173,22109,631,8693,175,63,99,90620,692,1014,5849,158,13,63,2,0,1,0,5,4,7,11,6,96,42,37,51,20,13,26,6,15,8,198,40,543,101,885,10,1029,1732,73,3,27,949,521,20,7,635,854,27,27,19,761,32,1052,3012,19,662,15,4,5,33,25
20,27,1,129,13,1,36,386,162,95,36,81,571,329,208,130,133,278,95,7423,245,244,338,32,1308,5508,497,42,18,193,1010,5810,9160,219,13,18,56,5851,41,30,57,84,673,692,13194,25,499,13,8,189,0,0,2,1,0,2,74,29,5,104,7,22,79,64,2,12,1,4,13,704,6,107,44,848,3,70,161,2,1,9,27,432,5,4,429,16,14,7,9,225,3,10,263,1,32,1,1,1,4,3
70,59,42,27,12,15,12,70,69,120,267,158,31,275,44,16,19,5,29,63,20,3699,6806,17,126,105,215,11792,1893,516,13,216,70,1573,7,9,37,44,42,1513,1098,144,23,1014,25,19199,9287,8,5,17,0,0,0,0,1,1,2,4,1,5,3,1,0,0,4,2,2,1,8,6,1,32,8,28,1,59,43,40,2,6,42,9,3,2,19,259,7,10,6,19,10,299,154,34,78,0,1,2,4,0
60,42,20,28,6,11,11,70,129,542,415,539,158,293,64,36,227,74,47,201,347,1187,7424,81,789,1569,1301,3410,433,478,69,24014,11049,20119,20,35,115,489,151,3827,592,182,89,5849,499,9287,70545,41,3,109,0,0,2,1,2,2,3,11,7,26,21,16,16,3,4,11,4,10,8,75,14,196,17,186,3,498,419,105,4,6,448,120,8,3,127,1261,10,10,5,196,19,1726,1344,63,442,5,2,6,9,6
101,132,74,484,1216,6021,3018,1,25,219,114,3,4,330,131,1276,6,2,41,6,29,59,31,26,61,32,646,25,36,102,288,56,10,24,5528,76,1277,15,11763,207,74,23,312,158,13,8,41,9269,906,20,68,176,278,73,602,411,0,1,2,3,30,0,0,0,134,66,257,0,6,1,4,10,2,3,6,1,6,2,18,22,2,3,46,64,1,1,53,555,2,0,294,4,9,2,0,1314,67,6,19,2
2661,116,146,70,3831,3448,62,0,0,19,2,0,0,16621,87,31,0,0,7,2,2,40,5,2,4,3,21,9,5119,878,12,9,2,2,58,1,28,3,122,2,306,26,41,13,8,5,3,906,13146,9,0,2,2,5,4,2,0,0,0,0,1,0,0,0,3,3,7,0,2,0,0,2,0,0,0,0,0,1,1,0,0,0,2,2,0,2,0,8,0,0,4,0,0,0,0,8,1,0,0,0
11,40,4,188,6,6,45,46,18,8740,24,76,342,1694,8486,127,255,74,125,63,3907,95,43,16,93,48,21,11,37,619,1147,317,428,10,43,76,198,33,240,2,471,3633,12912,63,189,17,109,20,9,15368,1,2,5,0,0,2,1,2,25,8,25,1,1,1,10,15,20,8,32,12,14,12,21,13,14,0,5,1,9,37,1,10,29,5,3,0,35,39,12,4,40,2,4,1,2,8,2,3,9,7
1,6,4,23,3,12,69,0,1,5,5,0,0,15,8,46,0,0,7,0,0,0,0,1,1,0,3,0,1,2,5,0,0,3,33,6,6,0,37,0,1,0,13,2,0,0,0,68,0,1,49275,16483,1750,20593,23902,1899,4,5,4,3,82,1,0,2,21524,158,158,0,12,8,4,338,9,5,0,2,4,85,1660,13,4,8,911,18,8,37,33,118,4,3,66,12,9,157,32,307,7384,282,323,11
5,20,12,61,6,56,123,1,1,9,3,0,0,30,10,50,1,2,13,1,0,5,1,3,0,1,1,1,0,4,21,0,0,2,47,5,7,0,55,1,1,0,24,0,0,0,0,176,2,2,16483,60269,10049,7810,2000,9834,3,2,1,3,193,1,1,0,7771,100,88,2,14,6,8,651,9,3,2,2,2,46,498,7,9,7,674,14,4,35,35,121,5,2,57,4,0,88,30,149,543,423,787,8
12,62,15,146,10,32,241,3,1,14,14,0,2,76,27,161,3,3,21,5,5,14,1,0,2,2,6,1,7,27,55,2,2,0,148,28,20,2,173,1,14,9,55,1,2,0,2,278,2,5,1750,10049,50855,875,520,18844,47,36,13,29,947,27,1,20,15104,9363,7569,12,88,64,73,848,23,37,20,32,5,29,496,243,30,49,807,434,85,27,86,493,29,26,312,2,13,74,27,414,817,515,1639,179
26,19,21,25,59,100,184,0,0,1,0,0,0,14,6,21,0,0,1,0,1,0,0,1,0,0,0,0,1,0,3,0,0,1,10,4,3,0,15,1,2,1,8,0,1,0,1,73,5,0,20593,7810,875,20518,23848,10095,0,1,2,1,53,0,0,1,471,23,32,1,4,1,1,309,3,0,1,0,0,38,373,5,3,1,415,1,3,15,11,46,2,0,704,7,3,96,21,221,272,222,312,2
20,85,49,141,20,175,342,0,1,4,1,0,0,37,20,87,0,0,2,0,3,4,1,0,3,0,12,0,6,8,13,0,0,1,110,4,11,0,94,3,6,0,25,5,0,1,2,602,4,0,23902,2000,520,23848,25442,6453,0,0,1,4,37,2,0,0,859,46,214,0,2,0,5,30,2,28,0,2,35,17,73,11,2,1,52,28,0,5,55,725,1,1,1033,21,28,6,5,5904,4447,22,36,5
17,85,38,127,13,57,1230,2,3,13,5,0,0,74,26,143,0,1,12,0,3,7,0,3,2,0,7,0,5,19,26,0,0,1,151,15,14,3,115,0,6,2,40,4,2,1,2,411,2,2,1899,9834,18844,10095,6453,37392,6,6,4,5,545,7,2,2,1478,178,2544,2,14,19,18,419,12,8,11,4,0,12,178,24,5,9,242,17,5,10,48,1948,6,4,1065,2,4,25,9,534,184,249,683,55
0,0,0,3,0,0,2,109,547,9,14,26,117,3,3,6,23,9,26,502,16,17,10,82,258,4,41,0,0,3,11,4,120,0,0,16,57,12,9,2,2,1,8,7,74,2,3,0,0,1,4,3,47,0,0,6,3171,5657,622,238,37,125,155,5736,213,364,88,586,139,1436,39,105,41,95,163,8,13,2,14,1312,22,1207,170,234,244,11,121,18,208,15,15,0,11,3,19,1,28,6,40,39
0,0,0,3,0,0,0,384,1554,30,61,95,223,7,1,7,105,52,90,426,36,46,15,220,124,4,26,0,0,7,24,10,66,1,3,35,196,13,14,2,5,8,11,11,29,4,11,1,0,2,5,2,36,1,0,6,5657,36131,8084,4303,268,1563,325,2043,125,311,169,7891,690,3415,399,1228,250,83,277,23,11,4,8,3834,29,381,52,412,330,8,947,48,170,24,30,6,26,13,46,1,5,7,49,35
3,5,0,6,1,0,3,92,195,74,33,39,36,13,14,25,77,59,88,52,78,30,8,80,30,3,6,0,3,35,97,3,15,1,7,104,31,1,65,0,24,19,39,6,5,1,7,2,0,25,4,1,13,2,1,4,622,8084,4535,4427,567,972,116,304,27,92,1031,3760,1855,821,448,437,341,85,313,17,7,3,12,7815,20,217,47,403,211,8,406,75,102,25,57,1,20,8,26,3,3,20,71,52
0,0,0,3,0,0,3,684,3549,42,108,160,424,11,0,18,165,114,159,1263,59,122,40,509,682,34,222,1,1,6,50,42,233,7,6,46,768,92,33,5,6,12,28,96,104,5,26,3,0,8,3,3,29,1,4,5,238,4303,4427,35208,448,1155,292,429,28,58,268,730,3389,9017,687,878,13351,7302,101,92,1121,11,12,343,56,286,28,61,152,50,6154,239,45,151,158,57,529,5,76,14,3,12,70,39
3,13,2,18,1,2,25,80,154,67,30,23,29,50,13,72,67,38,106,15,47,21,5,67,7,5,14,0,12,62,85,16,8,7,49,80,56,6,145,12,27,17,70,42,7,3,21,30,1,25,82,193,947,53,37,545,37,268,567,448,34420,3916,994,284,441,895,1164,581,858,95,5956,1767,555,32,467,48,30,58,317,720,193,168,266,341,45,159,861,895,395,21,732,34,128,95,362,180,50,12458,14859,4173
0,0,0,1,0,0,1,62,167,6,16,14,42,6,2,2,28,11,22,67,18,11,11,33,69,18,33,1,1,6,11,11,23,9,1,15,30,19,15,9,8,0,12,37,22,1,16,0,0,1,1,1,27,0,2,7,125,1563,972,1155,3916,7319,6082,1192,26,111,127,2083,455,541,6215,4449,258,198,308,21,30,7,16,621,61,336,36,98,57,73,290,109,118,42,74,13,155,92,296,8,3,23,174,137
0,0,0,1,0,0,1,24,123,1,5,11,17,3,1,2,7,11,14,137,3,14,30,16,247,12,84,1,0,1,8,17,83,5,2,4,10,58,0,7,0,2,7,51,79,0,16,0,0,1,0,1,1,0,0,2,155,325,116,292,994,6082,15699,8050,10,78,22,3605,77,609,6008,5684,126,625,324,31,84,24,2,625,79,3139,24,13,109,80,122,23,116,64,20,14,137,61,452,2,1,5,52,112
0,0,0,1,0,0,1,60,424,8,8,23,64,0,0,6,14,11,18,391,7,22,15,65,257,4,46,0,1,0,9,9,104,4,3,10,39,23,4,0,1,1,5,20,64,0,3,0,0,1,2,0,20,1,0,2,5736,2043,304,429,284,1192,8050,15454,176,415,38,4848,95,1218,1161,670,93,267,205,11,51,7,21,1274,65,3313,145,122,90,18,182,26,231,18,12,6,46,19,134,1,17,8,67,92
10,32,9,82,5,17,114,8,15,30,21,2,1,123,25,164,4,3,52,8,22,17,4,5,9,2,11,4,8,42,69,3,4,0,156,53,27,10,220,1,27,12,68,13,2,4,4,134,3,10,21524,7771,15104,471,859,1478,213,125,27,28,441,26,10,176,76107,14002,1047,40,72,185,66,726,37,32,37,124,8,148,6215,278,148,323,20552,621,436,113,199,588,83,60,385,11,27,243,83,334,18287,530,1555,364
7,13,4,30,3,6,57,10,30,41,35,0,3,82,14,124,11,13,70,23,24,16,7,7,37,11,26,3,13,53,70,7,12,4,106,80,71,23,261,3,23,9,51,26,12,2,11,66,3,15,158,100,9363,23,46,178,364,311,92,58,895,111,78,415,14002,45818,3507,164,207,381,486,658,73,139,585,177,31,69,578,1391,526,917,4757,7089,837,176,308,554,3600,114,437,10,99,60,247,218,576,312,3351,6413
25,54,29,131,8,19,184,7,13,46,30,8,2,144,47,240,12,8,81,9,26,26,2,9,13,2,4,1,20,74,114,3,2,2,272,62,66,2,336,0,50,16,90,6,1,2,4,257,7,20,158,88,7569,32,214,2544,88,169,1031,268,1164,127,22,38,1047,3507,34703,72,8312,238,123,302,713,50,173,50,10,4,166,6662,20,81,511,7727,122,12,357,8752,212,42,1408,1,23,24,18,724,167,182,669,173
1,1,0,5,0,0,0,142,320,32,36,50,67,5,3,11,80,36,45,50,41,22,6,78,14,3,13,1,2,13,31,3,11,2,1,28,53,6,18,1,2,6,21,15,4,1,10,0,0,8,0,2,12,1,0,2,586,7891,3760,730,581,2083,3605,4848,40,164,72,9439,314,240,6231,690,249,34,775,12,10,9,2,5512,75,574,35,173,52,32,417,68,206,21,36,3,38,16,217,5,3,6,57,128
3,4,0,23,2,0,6,97,131,115,46,31,26,56,21,84,80,73,200,44,114,41,6,108,31,3,12,2,11,83,158,12,21,1,28,181,56,6,169,2,52,34,102,8,13,8,8,6,2,32,12,14,88,4,2,14,139,690,1855,3389,858,455,77,95,72,207,8312,314,11583,705,456,293,4363,271,338,29,38,7,48,3202,16,141,179,404,110,13,1074,3756,195,57,387,5,73,14,32,5,15,41,250,194
0,3,0,10,1,0,2,345,3217,15,37,156,520,13,4,31,26,24,94,2983,15,191,177,448,2471,54,361,1,3,5,44,71,941,6,6,32,328,358,18,3,5,9,36,198,704,6,75,1,0,12,8,6,64,1,0,19,1436,3415,821,9017,95,541,609,1218,185,381,238,240,705,32387,130,692,805,9446,106,369,264,5,11,743,148,3517,119,336,6710,91,654,114,117,3995,46,10,394,10,121,7,11,9,64,35
0,1,0,6,0,0,1,101,210,28,29,25,39,8,4,12,70,37,90,36,37,19,4,71,30,18,24,1,4,15,50,17,9,11,8,26,39,10,38,8,12,6,17,40,6,1,14,4,0,14,4,8,73,1,5,18,39,399,448,687,5956,6215,6008,1161,66,486,123,6231,456,130,25057,1488,602,52,3962,53,26,63,30,1871,277,473,178,52,53,184,735,225,837,35,200,18,124,82,534,21,7,55,1721,7040
4,4,1,6,1,0,12,37,134,26,19,14,23,24,9,31,17,18,41,100,26,53,74,41,242,240,374,19,2,31,38,239,65,132,25,30,28,195,59,198,19,7,28,543,107,32,196,10,2,12,338,651,848,309,30,419,105,1228,437,878,1767,4449,5684,670,726,658,302,690,293,692,1488,29766,181,871,300,469,481,612,3048,452,709,3279,775,158,311,1358,274,223,273,706,194,459,1949,5523,10384,54,91,2585,1354,282
2,1,1,13,0,0,8,192,634,75,80,57,85,35,11,38,136,73,133,149,95,50,26,168,159,33,103,2,2,31,92,34,37,14,9,116,147,41,65,15,32,17,55,101,44,8,17,2,0,21,9,9,23,3,2,12,41,250,341,13351,555,258,126,93,37,73,713,249,4363,805,602,181,9193,4310,199,94,1292,31,25,450,75,150,79,25,63,69,8493,5214,63,119,2711,209,699,8,72,14,8,47,212,120
2,3,1,8,0,1,6,38,532,18,18,115,64,27,7,7,8,15,27,851,29,227,345,101,3174,207,1418,10,6,26,40,210,616,46,3,13,87,1006,19,45,13,13,38,885,848,28,186,3,0,13,5,3,37,0,28,8,95,83,85,7302,32,198,625,267,32,139,50,34,271,9446,52,871,4310,14641,45,314,9148,90,14,85,245,2943,79,47,1197,195,1415,722,90,566,1199,869,4160,31,254,165,26,7,45,46
1,1,1,4,0,1,5,19,53,17,15,3,6,9,3,12,22,22,97,20,25,6,3,31,11,3,8,0,2,20,38,5,9,2,11,34,31,6,50,1,7,12,22,10,3,1,3,6,0,14,0,2,20,1,0,11,163,277,313,101,467,308,324,205,37,585,173,775,338,106,3962,300,199,45,8007,53,17,19,26,8092,157,434,190,1591,161,76,471,230,10276,22,181,5,47,16,214,14,6,19,689,6242
0,0,0,1,0,0,0,4,21,5,9,4,3,1,2,1,1,2,3,39,7,41,112,11,109,414,379,22,7,2,2,432,34,285,0,0,4,209,4,368,7,3,1,1029,70,59,498,1,0,0,2,2,32,0,2,4,8,23,17,92,48,21,31,11,124,177,50,12,29,369,53,469,94,314,53,34202,600,64,26,89,5346,543,175,81,4267,7159,51,62,70,11891,76,385,18796,31,734,18,20,14,38,36
0,1,0,2,1,0,1,4,38,7,14,15,2,4,1,7,7,3,5,36,8,92,217,30,423,682,1452,53,3,7,6,606,62,228,1,3,7,591,13,246,7,4,4,1732,161,43,419,6,0,5,4,2,5,0,35,0,13,11,7,1121,30,30,84,51,8,31,10,10,38,264,26,481,1292,9148,17,600,15061,651,5,18,602,574,20,4,272,690,1050,392,18,216,1280,6018,11762,37,469,214,39,3,12,13
0,0,0,0,0,0,1,0,2,2,2,0,0,3,1,1,0,0,2,4,1,5,5,2,10,24,26,525,3,6,3,23,3,192,0,6,5,14,2,630,6,0,4,73,2,40,105,2,1,1,85,46,29,38,17,12,2,4,3,11,58,7,24,7,148,69,4,9,7,5,63,612,31,90,19,64,651,51922,2515,15,75,42,439,6,22,9533,343,43,31,30,202,26450,703,18993,965,47,161,459,215,38
2,4,0,17,1,2,10,2,4,10,10,0,0,25,6,42,1,2,32,2,12,6,1,9,4,0,5,6,2,17,28,3,3,6,36,33,15,5,85,15,12,8,24,3,1,2,4,18,1,9,1660,498,496,373,73,178,14,8,12,12,317,16,2,21,6215,578,166,2,48,11,30,3048,25,14,26,26,5,2515,115922,74,54,55,27521,67,84,277,120,190,38,9,101,116,31,2627,288,73,11577,15888,1849,38
5,7,0,21,2,3,8,32,96,81,32,10,26,58,17,78,61,43,188,40,90,35,7,82,39,4,16,2,11,93,149,6,13,3,50,191,103,11,216,3,65,28,94,27,9,6,6,22,0,37,13,7,243,5,11,24,1312,3834,7815,343,720,621,625,1274,278,1391,6662,5512,3202,743,1871,452,450,85,8092,89,18,15,74,21851,224,1303,316,10088,649,87,740,591,2512,91,459,12,73,20,261,96,38,71,285,375
0,0,0,2,0,0,0,3,17,8,3,3,0,2,1,0,3,1,4,20,1,31,89,11,52,395,307,22,4,10,2,414,25,369,1,3,7,123,12,404,9,1,1,949,27,42,448,2,0,1,4,9,30,3,2,5,22,29,20,56,193,61,79,65,148,526,20,75,16,148,277,709,75,245,157,5346,602,75,54,224,21877,4602,488,50,2390,7997,68,33,265,1098,77,504,3493,31,2918,20,27,28,401,275
0,0,0,1,1,0,0,30,301,15,15,55,56,17,5,8,10,8,19,606,9,82,160,52,1166,222,551,10,2,12,20,234,354,36,3,11,24,508,11,24,2,5,14,521,432,9,120,3,0,10,8,7,49,1,1,9,1207,381,217,286,168,336,3139,3313,323,917,81,574,141,3517,473,3279,150,2943,434,543,574,42,55,1303,4602,20547,599,208,7770,494,140,63,590,2363,75,29,2501,38,2063,16,32,21,289,319
8,14,1,25,1,5,35,12,23,49,30,1,10,80,10,116,11,8,121,13,35,29,5,24,22,13,14,5,10,75,74,12,6,4,99,118,76,19,292,9,44,13,88,20,5,3,8,46,2,29,911,674,807,415,52,242,170,52,47,28,266,36,24,145,20552,4757,511,35,179,119,178,775,79,79,190,175,20,439,27521,316,488,599,61341,393,618,281,512,595,322,66,498,52,85,753,276,143,4769,3739,17690,401
4,7,3,34,6,5,45,7,10,31,15,2,0,65,14,102,9,3,58,12,17,14,2,2,18,3,8,1,7,32,50,6,2,1,67,52,59,4,163,0,17,5,35,7,4,2,3,64,2,5,18,14,434,1,28,17,234,412,403,61,341,98,13,122,621,7089,7727,173,404,336,52,158,25,47,1591,81,4,6,67,10088,50,208,393,18510,324,29,212,545,2452,61,388,2,18,6,27,233,84,79,319,227
0,0,0,5,0,0,2,20,178,11,16,47,33,11,9,10,13,11,6,382,16,86,149,37,971,232,512,8,1,6,20,227,247,32,3,8,27,623,8,16,3,5,18,635,429,19,127,1,0,3,8,4,85,3,0,5,244,330,211,152,45,57,109,90,436,837,122,52,110,6710,53,311,63,1197,161,4267,272,22,84,649,2390,7770,618,324,10015,598,65,41,322,4246,38,9,921,13,240,3,51,15,155,119
1,2,0,0,0,0,0,4,12,6,4,3,4,6,1,1,0,1,5,5,4,41,62,2,33,227,136,541,19,16,0,261,11,1434,1,3,7,73,4,2064,27,6,2,854,16,259,1261,1,2,0,37,35,27,15,5,10,11,8,8,50,159,73,80,18,113,176,12,32,13,91,184,1358,69,195,76,7159,690,9533,277,87,7997,494,281,29,598,68813,82,34,104,765,97,12162,7716,4627,5621,18,47,126,238,123
14,14,3,39,3,2,47,228,717,75,45,72,86,60,23,96,99,50,112,65,118,33,21,228,44,11,26,7,21,73,121,14,21,10,79,130,215,17,173,12,48,26,83,27,14,7,10,53,0,35,33,35,86,11,55,48,121,947,406,6154,861,290,122,182,199,308,357,417,1074,654,735,274,8493,1415,471,51,1050,343,120,740,68,140,512,212,65,82,5401,4571,464,23,7425,1193,476,37,91,967,84,111,548,439
34,90,32,268,20,79,413,44,98,123,70,14,19,258,65,443,48,36,284,18,103,52,7,69,21,9,29,7,30,157,224,12,14,1,370,251,165,13,659,6,91,40,194,27,7,10,10,555,8,39,118,121,493,46,725,1948,18,48,75,239,895,109,23,26,588,554,8752,68,3756,114,225,223,5214,722,230,62,392,43,190,591,33,63,595,545,41,34,4571,32520,243,48,18169,111,282,32,33,6328,310,102,471,234
2,2,1,5,0,1,5,8,18,39,22,1,3,34,3,33,8,6,97,12,26,20,4,15,16,5,18,0,9,39,41,10,3,2,23,86,96,5,148,4,19,5,23,19,9,6,5,2,0,12,4,5,29,2,1,6,208,170,102,45,395,118,116,231,83,3600,212,206,195,117,837,273,63,90,10276,70,18,31,38,2512,265,590,322,2452,322,104,464,243,32671,50,267,5,66,17,248,31,8,54,966,7552
0,0,0,2,0,0,0,5,32,9,9,6,6,2,3,8,5,1,5,74,8,57,132,11,438,342,557,10,0,7,6,394,89,46,0,3,3,494,10,33,5,3,4,761,225,19,196,0,0,4,3,2,26,0,1,4,15,24,25,151,21,42,64,18,60,114,42,21,57,3995,35,706,119,566,22,11891,216,30,9,91,1098,2363,66,61,4246,765,23,48,50,24055,23,32,6898,12,631,6,6,3,39,25
16,51,9,126,6,31,215,17,33,93,53,2,9,196,55,345,25,16,169,12,62,42,14,36,16,7,29,4,21,163,174,11,10,9,293,171,140,8,575,23,75,30,154,32,3,10,19,294,4,40,66,57,312,704,1033,1065,15,30,57,158,732,74,20,12,385,437,1408,36,387,46,200,194,2711,1199,181,76,1280,202,101,459,77,75,498,388,38,97,7425,18169,267,23,21892,959,724,29,51,12977,455,91,363,211
6,1,0,2,1,1,3,1,2,3,2,5,1,5,3,3,1,1,1,4,1,49,99,3,45,195,168,918,25,18,2,281,18,2285,1,1,8,33,3,4238,33,4,1,1052,10,299,1726,4,0,2,12,4,2,7,21,2,0,6,1,57,34,13,14,6,11,10,1,3,5,10,18,459,209,869,5,385,6018,26450,116,12,504,29,52,2,9,12162,1193,111,5,32,959,44663,13382,1534,1448,135,29,53,32,8
3,1,0,1,0,2,3,8,69,26,21,20,14,9,6,4,8,5,5,62,12,174,371,46,513,1211,1348,131,12,12,8,1276,114,912,3,5,11,739,24,1295,25,2,9,3012,263,154,1344,9,0,4,9,0,13,3,28,4,11,26,20,529,128,155,137,46,27,99,23,38,73,394,124,1949,699,4160,47,18796,11762,703,31,73,3493,2501,85,18,921,7716,476,282,66,6898,724,13382,43145,143,2239,154,18,18,83,62
0,0,0,0,0,1,4,0,2,5,2,0,1,0,1,2,0,0,5,0,1,1,4,1,4,12,11,232,0,7,1,5,0,162,1,3,6,4,11,357,2,0,6,19,1,34,63,2,0,1,157,88,74,96,6,25,3,13,8,5,95,92,61,19,243,60,24,16,14,10,82,5523,8,31,16,31,37,18993,2627,20,31,38,753,6,13,4627,37,32,17,12,29,1534,143,15791,9530,6,143,986,336,30
1,1,1,0,0,0,1,10,19,7,6,6,4,4,0,1,2,3,7,14,5,31,50,9,49,241,233,115,5,4,7,265,15,430,1,1,6,108,9,629,12,2,4,662,32,78,442,0,0,2,32,30,27,21,5,9,19,46,26,76,362,296,452,134,83,247,18,217,32,121,534,10384,72,254,214,734,469,965,288,261,2918,2063,276,27,240,5621,91,33,248,631,51,1448,2239,9530,20045,8,35,146,356,266
44,171,84,331,32,304,773,3,3,27,20,0,0,110,64,313,0,0,18,1,7,5,1,2,4,8,16,3,9,24,55,5,1,3,362,14,52,3,280,7,16,4,68,15,1,0,5,1314,8,8,307,149,414,221,5904,534,1,1,3,14,180,8,2,1,334,218,724,5,5,7,21,54,14,165,14,18,214,47,73,96,20,16,143,233,3,18,967,6328,31,6,12977,135,154,6,8,8069,1264,29,122,23
2,5,6,24,2,10,36,0,1,6,2,0,0,28,8,40,1,0,5,0,4,3,1,0,1,2,4,1,5,14,17,1,0,1,53,8,8,0,83,1,6,2,11,4,1,1,2,67,1,2,7384,543,817,272,4447,184,28,5,3,3,50,3,1,17,18287,576,167,3,15,11,7,91,8,26,6,20,39,161,11577,38,27,32,4769,84,51,47,84,310,8,6,455,29,18,143,35,1264,40902,113,123,9
1,1,1,5,1,0,6,2,2,10,8,0,2,6,1,13,5,5,28,1,5,2,3,8,1,0,0,1,4,11,12,4,1,2,8,20,8,0,26,6,5,4,10,5,1,2,6,6,0,3,282,423,515,222,22,249,6,7,20,12,12458,23,5,8,530,312,182,6,41,9,55,2585,47,7,19,14,3,459,15888,71,28,21,3739,79,15,126,111,102,54,3,91,53,18,986,146,29,113,27685,3674,103
2,2,2,17,2,3,12,36,38,50,23,8,9,43,7,44,23,23,95,4,32,15,5,37,10,6,18,2,5,37,68,9,5,12,35,63,51,7,117,14,17,10,36,33,4,4,9,19,0,9,323,787,1639,312,36,683,40,49,71,70,14859,174,52,67,1555,3351,669,57,250,64,1721,1354,212,45,689,38,12,215,1849,285,401,289,17690,319,155,238,548,471,966,39,363,32,83,336,356,122,123,3674,27240,7113
2,0,0,2,1,0,2,12,24,17,9,3,4,11,5,21,11,13,51,6,14,11,1,19,14,4,4,0,1,15,38,4,1,3,6,35,32,8,37,5,16,4,21,25,3,0,6,2,0,7,11,8,179,2,5,55,39,35,52,39,4173,137,112,92,364,6413,173,128,194,35,7040,282,120,46,6242,36,13,38,38,375,275,319,401,227,119,123,439,234,7552,25,211,8,62,30,266,23,9,103,7113,17065
