35688,8064,7667,1406,15258,3034,1040,2,0,60,28,0,0,23756,246,185,0,3,4,2,0,88,0,1,0,0,0,1,149,272,71,0,0,0,12,2,24,0,25,0,41,154,15,0,0,3,0,273,360,23,0,0,4,0,0,2,0,1,0,0,2,1,0,0,4,0,6,0,0,0,0,0,0,0,0,0,0,0,0,2,0,0,0,1,0,0,1,2,0,0,1,0,0,1,0,0,1,0,3,1
8064,13353,5474,11689,1220,1762,1013,1,0,178,66,0,1,4999,3814,381,0,4,3,0,1,140,0,0,0,0,0,0,119,121,240,0,0,0,7,3,49,0,52,0,42,175,213,0,0,3,0,417,198,143,0,0,5,0,0,1,0,0,0,0,3,0,0,0,4,3,14,1,0,0,1,1,0,0,1,0,0,0,0,11,0,0,1,3,0,0,4,2,1,0,1,0,0,0,0,3,0,0,0,0
7667,5474,9395,5016,6016,3741,6997,0,1,95,22,0,2,2377,148,172,0,3,0,0,0,56,0,0,0,0,0,0,82,47,52,1,0,0,34,0,13,0,23,0,15,63,13,0,0,0,0,268,149,12,1,0,6,0,0,48,0,0,0,0,3,0,0,0,0,0,7,0,0,0,1,0,0,0,0,0,0,0,0,1,0,0,0,0,0,0,0,0,0,0,2,0,0,0,0,2,1,0,0,2
1406,11689,5016,24914,1050,2366,16839,1,3,2164,157,0,0,4056,8069,8756,0,20,6,0,2,293,0,3,1,0,0,1,201,196,925,1,0,0,917,6,111,1,132,2,76,718,859,1,0,1,1,922,221,1032,5,1,32,0,4,5,0,0,1,1,2,2,0,1,20,15,61,3,3,1,3,3,0,0,2,0,0,0,2,28,0,0,4,8,0,0,13,18,1,0,10,1,0,0,0,12,1,2,11,4
15258,1220,6016,1050,28533,34229,962,0,0,78,59,0,0,15023,505,213,0,5,1,0,0,157,0,3,0,0,0,2,403,674,83,0,2,0,36,3,54,0,87,0,79,238,33,0,0,3,0,756,1940,23,1,0,6,0,1,1,0,0,1,0,3,0,0,0,6,3,6,0,0,0,2,1,0,0,0,0,0,0,0,9,0,0,0,1,0,0,2,5,0,0,6,0,0,0,0,5,2,0,5,0
3034,1762,3741,2366,34229,24852,14889,0,0,78,29,0,0,3617,126,215,0,5,3,0,0,79,1,0,0,0,0,1,154,153,52,1,0,0,27,2,81,0,1127,0,27,82,36,1,0,1,0,4252,3998,11,7,0,4,536,19,5,0,1,0,0,3,0,0,0,2,3,30,0,1,0,2,0,0,0,0,0,0,0,1,6,0,0,5,2,0,0,3,11,0,0,24,0,0,0,0,16,2,0,3,3
1040,1013,6997,16839,962,14889,19341,3,1,945,46,0,0,837,99,10524,0,1,1,0,1,176,0,1,0,1,0,1,65,32,29,0,0,0,1110,2,31,0,150,0,63,283,13,0,0,0,1,507,73,58,3,1,13,13,1,184,0,0,0,0,2,1,0,0,4,3,29,0,1,2,0,2,1,0,0,0,0,0,2,14,1,0,2,3,0,0,0,13,1,0,9,0,0,0,0,10,1,1,4,2
2,1,0,1,0,0,3,37463,5236,55,2708,532,6311,6,3,9,937,26218,41,23492,52,427,312,127,40,81,84,3,5,1,69,134,5010,14,1,3,3148,105,8,1,1,6,3,69,838,10,48,3,1,58,0,0,0,0,0,0,93,164,3,41,14,39,13,61,2,0,0,12,1,334,26,14,10,14,0,2,41,0,0,7,2,81,0,0,24,0,220,0,0,13,3,2,9,0,5,0,0,2,4,2
0,0,1,3,0,0,1,5236,51729,132,2303,343,1475,15,3,1286,258,2376,2921,12764,74,604,353,11746,11076,180,3928,91,32,11,229,153,305,60,7,1247,15289,609,725,139,9,18,30,2057,40,11,89,0,6,42,2,1,2,0,0,0,80,159,18,70,44,50,11,62,2,0,9,82,4,275,52,26,6,13,3,7,76,3,3,33,17,63,2,1,38,6,369,3,3,37,3,8,27,2,16,2,0,1,14,9
60,178,95,2164,78,78,945,55,132,33573,2063,738,203,395,939,3126,150,895,328,24,3603,1787,100,323,6,23,5,1,85,116,2420,85,348,11,423,101,1258,6,839,4,17415,14599,2656,21,1,7,65,1315,70,10905,12,3,48,3,9,11,9,51,27,15,40,22,2,7,40,30,89,82,37,8,59,31,11,1,18,0,2,2,17,83,3,3,15,24,4,1,138,21,8,2,26,0,3,2,5,13,7,13,66,40
28,66,22,157,59,29,46,2708,2303,2063,5072,5518,6887,236,190,2037,2833,8449,196,1713,1042,2019,3104,665,46,154,163,11,61,53,1874,226,2068,74,104,122,2254,151,951,34,39,96,606,304,23,75,466,140,27,142,4,2,18,0,0,1,30,190,34,56,80,55,9,39,20,12,29,155,22,99,101,33,14,13,6,7,22,2,6,50,19,60,2,8,38,6,201,9,2,41,16,10,19,1,15,8,4,7,29,41
0,0,0,0,0,0,0,532,343,738,5518,17964,21916,1,2,26,10591,3020,13,610,3498,157,6685,65,146,25,265,1,2,0,252,45,10227,13,0,1,432,93,31,5,48,10,9,167,15,20,165,0,0,10,0,0,0,0,0,0,12,18,2,11,1,4,3,5,0,0,0,2,0,32,4,10,0,12,1,3,15,1,0,1,4,51,0,0,45,0,8,0,0,29,1,0,19,1,9,0,0,1,0,4
0,1,2,0,0,0,0,6311,1475,203,6887,21916,20434,1,2,8,17370,8820,13,3207,465,260,2049,124,89,37,259,4,3,0,147,41,23373,13,2,1,1567,47,11,9,0,4,1,87,9,19,140,0,0,47,0,0,1,0,0,1,96,145,0,68,16,49,18,92,1,2,2,16,2,478,22,24,10,25,0,8,106,0,2,5,12,206,0,1,80,6,226,0,0,19,5,2,12,1,13,0,0,1,3,4
23756,4999,2377,4056,15023,3617,837,6,15,395,236,1,1,85601,13670,937,1,116,29,3,4,891,0,28,0,2,2,13,4257,32234,942,6,4,1,139,26,424,0,504,0,1565,6706,589,2,0,21,4,912,19778,597,7,5,66,1,5,9,0,4,5,2,10,4,0,0,41,29,128,15,12,3,7,8,2,0,6,0,0,1,4,66,0,3,7,32,0,0,41,37,6,1,28,0,0,1,0,19,7,2,31,13
246,3814,148,8069,505,126,99,3,3,939,190,2,2,13670,13302,3645,0,169,22,3,26,223,0,11,0,9,0,2,468,1182,1955,9,15,2,73,16,237,1,293,0,144,1480,3976,2,1,2,0,136,272,3841,1,2,24,1,1,8,0,3,3,0,8,0,0,0,28,11,68,6,1,0,5,5,1,1,6,0,0,2,2,29,0,1,3,9,0,0,13,13,9,0,15,0,0,0,0,7,5,2,22,6
185,381,172,8756,213,215,10524,9,1286,3126,2037,26,8,937,3645,21119,5,429,12752,140,106,438,9,1716,3,24,7,2,126,78,8972,5,5,11,12944,5092,2258,39,9237,3,32,194,9420,24,3,2,14,3089,65,882,63,32,616,26,74,143,1,22,18,5,46,14,1,1,301,189,1166,38,28,8,32,40,7,2,20,1,2,2,37,358,1,3,65,151,1,2,135,490,46,3,303,2,2,2,1,250,39,23,140,84
0,0,0,0,0,0,0,937,258,150,2833,10591,17370,1,0,5,15090,3628,7,49,15859,62,404,82,5,8,19,2,0,0,1888,31,689,6,0,2,548,18,27,2,0,4,383,25,0,7,67,0,0,39,0,0,0,0,0,0,13,28,1,9,4,6,0,8,0,0,0,7,0,12,5,3,3,0,0,1,0,0,0,2,1,6,0,1,3,1,10,0,0,5,0,0,2,0,2,0,0,1,1,0
3,4,3,20,5,5,1,26218,2376,895,8449,3020,8820,116,169,429,3628,4175,459,3547,2536,378,480,1147,27,517,47,6,39,31,1432,653,1718,63,4,199,4084,520,1148,7,15,148,812,74,805,18,168,7,21,1305,1,0,7,1,1,0,38,199,38,45,77,70,11,29,7,1,9,210,29,33,121,30,9,2,10,4,8,1,13,31,4,27,2,4,25,3,294,9,3,22,5,4,10,0,6,5,1,2,30,42
4,3,0,6,1,3,1,41,2921,328,196,13,13,29,22,12752,7,459,8125,483,36,386,4,3637,20,9,10,0,45,14,1092,4,7,0,7,2658,678,58,733,0,26,65,57,33,4,0,4,1,6,47,2,0,6,0,0,2,1,7,10,5,16,4,0,4,1,4,9,26,12,0,10,7,0,0,6,0,0,1,2,27,1,0,4,7,2,0,76,2,5,1,4,0,1,0,0,1,3,3,24,9
2,0,0,0,0,0,0,23492,12764,24,1713,610,3207,3,3,140,49,3547,483,29827,7,876,1948,312,17159,233,4303,8,6,0,60,163,6797,68,1,71,2321,9426,51,25,1,4,1,3825,4668,52,123,2,3,9,0,0,3,0,1,0,88,100,1,44,32,48,59,217,1,1,3,9,2,1658,29,91,23,253,1,35,664,1,1,12,18,1195,1,1,784,12,778,0,0,276,4,7,120,3,58,1,1,3,8,22
0,1,0,2,0,0,1,52,74,3603,1042,3498,465,4,26,106,15859,2536,36,7,11974,27,112,146,1,8,4,2,3,0,5681,45,410,2,17,17,426,8,285,1,2,245,7827,10,3,4,46,24,1,3629,0,0,2,0,0,0,1,9,4,7,10,4,0,0,0,1,5,14,2,0,7,4,0,0,1,0,0,0,0,7,0,1,1,1,1,2,54,0,0,2,1,0,2,1,2,1,0,0,4,2
88,140,56,293,157,79,176,427,604,1787,2019,157,260,891,223,438,62,378,386,876,27,18078,5110,246,82,310,384,1332,6409,1256,119,313,178,437,161,92,780,208,715,266,36073,1510,47,558,23,6912,1032,1667,310,66,6,1,24,2,5,4,6,34,18,16,29,12,2,7,29,20,51,37,22,42,42,45,4,11,21,25,46,17,14,70,51,38,10,15,28,50,99,21,10,44,16,66,56,16,41,8,7,8,49,32
0,0,0,0,0,1,0,312,353,100,3104,6685,2049,0,0,9,404,480,4,1948,112,5110,16401,176,558,1268,2120,140,15,2,22,1252,15392,286,0,3,229,2026,16,268,4,2,1,3305,200,3931,12728,1,0,13,0,0,1,0,0,0,18,14,1,16,8,19,11,11,1,0,2,3,2,88,21,171,3,45,2,133,212,21,2,13,306,194,0,0,181,144,30,0,0,402,0,93,404,13,206,0,0,0,3,12
1,0,0,3,3,0,1,127,11746,323,665,65,124,28,11,1716,82,1147,3637,312,146,246,176,10568,1007,195,1264,19,27,19,381,154,80,45,13,5750,10561,416,5568,30,11,40,136,1438,18,1,38,2,7,149,0,0,2,0,0,0,8,24,12,6,15,11,0,4,3,2,3,38,9,11,19,16,1,3,5,12,33,1,2,21,22,13,1,0,5,5,93,3,0,18,1,5,37,0,15,1,0,4,13,7
0,0,0,1,0,0,0,40,11076,6,46,146,89,0,0,3,5,27,20,17159,1,82,558,1007,18264,137,14969,8,0,0,5,70,1279,48,0,8,678,414,11,86,0,0,0,4023,320,11,28,1,0,0,0,0,0,0,0,1,9,5,0,11,2,5,9,8,0,0,1,5,1,133,3,42,4,66,0,26,131,0,0,7,40,213,0,0,220,13,56,0,0,141,0,11,100,2,47,0,0,0,1,2
0,0,0,0,0,0,1,81,180,23,154,25,37,2,9,24,8,517,9,233,8,310,1268,195,137,36883,2434,99,3,1,13,19456,1376,5447,0,3,100,6909,40,382,1,2,2,10860,3438,28,1357,3,2,11,0,0,0,0,0,1,25,5,1,24,27,41,20,16,1,2,2,18,4,42,76,428,4,24,3,583,700,85,2,14,1303,114,3,2,55,527,15,0,0,622,3,256,1387,36,642,0,0,0,7,28
0,0,0,0,0,0,0,84,3928,5,163,265,259,2,0,7,19,47,10,4303,4,384,2120,1264,14969,2434,20388,1255,3,0,6,1535,2471,761,1,8,233,2527,30,5968,0,1,0,22784,2052,85,442,0,0,1,0,0,0,0,0,0,5,2,0,5,5,6,5,7,0,0,3,2,1,45,8,145,1,47,0,152,337,23,0,4,278,111,0,0,126,130,17,1,1,415,0,118,402,24,156,0,0,1,1,10
1,0,0,1,2,1,1,3,91,1,11,1,4,13,2,2,2,6,0,8,2,1332,140,19,8,99,1255,54335,617,39,1,42,12,6280,1,0,93,10,12,22003,75,6,0,436,8,17753,5055,1,4,0,0,0,0,1,0,0,0,0,0,0,2,0,0,0,0,0,0,4,0,2,2,19,0,0,0,8,6,776,2,0,21,4,0,0,1,431,0,0,0,2,0,1678,16,215,48,0,0,0,2,1
149,119,82,201,403,154,65,5,32,85,61,2,3,4257,468,126,0,39,45,6,3,6409,15,27,0,3,3,617,91052,8143,74,2,5,11,41,16,168,0,170,17,35179,1198,41,1,0,1012,38,621,5466,75,0,0,10,0,0,2,1,3,7,0,5,3,1,1,8,4,15,7,2,1,5,10,0,1,1,0,0,2,1,15,0,1,5,0,0,2,17,3,0,0,5,6,2,1,0,1,1,3,11,3
272,121,47,196,674,153,32,1,11,116,53,0,0,32234,1182,78,0,31,14,0,0,1256,2,19,0,1,0,39,8143,30606,142,3,2,2,32,1,112,1,98,1,12824,14915,51,0,0,46,2,170,4276,640,1,0,4,0,0,0,0,1,2,0,7,1,0,0,3,2,5,6,0,2,3,1,0,0,2,0,0,0,1,9,0,0,1,4,0,0,19,1,0,0,0,0,0,1,0,0,1,0,3,3
71,240,52,925,83,52,29,69,229,2420,1874,252,147,942,1955,8972,1888,1432,1092,60,5681,119,22,381,5,13,6,1,74,142,26644,27,102,0,85,416,1161,22,1507,1,38,430,39469,17,4,4,16,125,59,7022,8,6,59,4,10,13,2,13,21,3,29,9,0,2,43,30,137,34,14,2,21,13,5,0,10,0,1,1,8,80,3,2,12,30,1,0,125,46,8,1,22,2,1,1,1,25,8,6,45,13
0,0,1,1,0,1,0,134,153,85,226,45,41,6,9,5,31,653,4,163,45,313,1252,154,70,19456,1535,42,2,3,27,27188,6930,2120,0,1,82,2220,39,307,1,8,1,2590,6036,177,17991,3,0,74,0,0,0,0,0,0,13,7,1,15,24,47,13,23,0,1,3,12,2,29,61,404,10,17,3,590,624,51,1,10,1107,108,0,1,46,613,7,1,1,582,0,396,1062,45,622,0,0,5,3,27
0,0,0,0,2,0,0,5010,305,348,2068,10227,23373,4,15,5,689,1718,7,6797,410,178,15392,80,1279,1376,2471,12,5,2,102,6930,20869,96,1,4,186,2336,8,25,1,28,18,2575,8901,108,5455,0,2,223,0,0,2,1,0,0,41,33,1,34,15,35,14,40,1,1,1,16,1,389,22,197,7,205,7,91,271,2,0,22,157,652,1,2,678,25,83,1,1,751,1,23,322,8,231,0,1,0,3,27
0,0,0,0,0,0,0,14,60,11,74,13,13,1,2,11,6,63,0,68,2,437,286,45,48,5447,761,6280,11,2,0,2120,96,42360,2,0,59,159,22,9627,3,1,0,7634,51,1572,16281,0,0,4,0,0,0,0,0,0,5,1,0,2,6,5,2,4,0,0,1,1,0,11,14,93,0,2,0,120,103,195,0,1,227,11,0,1,4,1186,3,0,0,28,0,1312,238,226,292,0,0,1,1,5
12,7,34,917,36,27,1110,1,7,423,104,0,2,139,73,12944,0,4,7,1,17,161,0,13,0,0,1,1,41,32,85,0,1,2,8756,3296,773,1,22142,0,19,74,32,0,0,1,1,5341,11,25,10,5,201,4,23,52,1,2,0,1,16,4,0,0,59,50,536,6,0,1,3,4,2,1,1,0,0,0,3,119,0,1,5,29,0,0,60,286,1,0,177,0,1,0,1,170,7,5,27,7
2,3,0,6,3,2,2,3,1247,101,122,1,1,26,16,5092,2,199,2658,71,17,92,3,5750,8,3,8,0,16,1,416,1,4,0,3296,13710,655,50,6880,0,10,16,34,34,0,0,0,52,2,22,1,1,15,0,2,2,0,5,2,1,7,3,0,1,7,10,19,10,5,0,6,8,0,0,2,1,0,0,5,30,0,1,1,4,0,0,39,8,2,0,10,0,1,0,0,5,3,1,13,4
24,49,13,111,54,81,31,3148,15289,1258,2254,432,1567,424,237,2258,548,4084,678,2321,426,780,229,10561,678,100,233,93,168,112,1161,82,186,59,773,655,3692,46,7581,155,110,215,612,282,29,13,93,659,49,535,25,20,223,15,48,51,70,356,27,154,61,80,26,51,142,122,486,104,25,138,102,38,25,8,14,5,12,1,14,166,7,60,34,67,33,6,810,205,23,21,173,8,10,3,12,238,24,10,46,37
0,0,0,1,0,0,0,105,609,6,151,93,47,0,1,39,18,520,58,9426,8,208,2026,416,414,6909,2527,10,0,1,22,2220,2336,159,1,50,46,22494,42,3,0,0,0,20646,7770,25,343,0,1,8,0,0,0,0,0,0,26,9,1,25,10,15,12,16,0,0,1,12,3,68,12,314,3,90,3,173,388,8,2,23,450,332,0,3,454,52,11,0,2,1226,0,13,646,8,379,0,0,2,3,25
25,52,23,132,87,1127,150,8,725,839,951,31,11,504,293,9237,27,1148,733,51,285,715,16,5568,11,40,30,12,170,98,1507,39,8,22,22142,6880,7581,42,32243,19,76,206,658,80,5,5,30,12135,50,411,15,4,145,4,35,28,3,10,7,2,32,12,1,3,90,53,311,25,11,9,14,26,6,3,7,0,5,0,14,160,3,3,16,49,7,3,121,127,5,6,116,2,2,2,0,230,7,9,75,25
0,0,0,2,0,0,0,1,139,4,34,5,9,0,0,3,2,7,0,25,1,266,268,30,86,382,5968,22003,17,1,1,307,25,9627,0,0,155,3,19,37513,2,3,0,8651,4,774,923,1,0,1,0,0,0,0,0,0,1,1,0,0,4,5,0,7,0,0,0,1,0,1,10,52,2,0,0,105,99,363,0,1,161,4,0,0,1,864,1,0,0,4,0,2266,192,233,192,0,0,0,0,3
41,42,15,76,79,27,63,1,9,17415,39,48,0,1565,144,32,0,15,26,1,2,36073,4,11,0,1,0,75,35179,12824,38,1,1,3,19,10,110,0,76,2,77953,8021,19,1,0,139,9,422,1126,53,3,0,4,0,2,1,1,1,0,0,2,2,0,0,6,3,7,4,2,2,3,2,0,0,2,0,0,0,1,6,0,0,1,3,0,0,14,4,0,0,2,1,0,0,1,0,2,1,7,2
154,175,63,718,238,82,283,6,18,14599,96,10,4,6706,1480,194,4,148,65,4,245,1510,2,40,0,2,1,6,1198,14915,430,8,28,1,74,16,215,0,206,3,8021,9978,211,2,0,14,4,756,462,3117,2,2,6,1,1,2,1,4,7,0,2,4,0,1,12,4,13,7,5,0,3,5,2,0,5,0,0,2,2,19,0,0,2,2,1,0,22,6,3,1,3,0,0,0,0,4,1,3,5,2
15,213,13,859,33,36,13,3,30,2656,606,9,1,589,3976,9420,383,812,57,1,7827,47,1,136,0,2,0,0,41,51,39469,1,18,0,32,34,612,0,658,0,19,211,29549,0,0,0,4,114,23,4412,2,4,38,4,2,11,0,7,5,1,13,4,0,1,32,24,68,19,7,3,7,9,1,0,2,0,0,0,10,39,0,0,5,14,0,0,59,27,8,0,17,0,0,0,0,9,8,2,32,10
0,0,0,1,0,1,0,69,2057,21,304,167,87,2,2,24,25,74,33,3825,10,558,3305,1438,4023,10860,22784,436,1,0,17,2590,2575,7634,0,34,282,20646,80,8651,1,2,0,78289,225,177,860,0,0,4,0,0,0,0,0,0,23,11,2,27,25,36,10,22,1,1,0,10,6,28,74,485,4,62,2,853,1119,89,1,17,1422,202,0,1,211,721,7,1,1,872,0,766,1680,78,601,0,1,2,0,31
0,0,0,0,0,0,0,838,40,1,23,15,9,0,1,3,0,805,4,4668,3,23,200,18,320,3438,2052,8,0,0,4,6036,8901,51,0,0,29,7770,5,4,0,0,0,225,16679,5,39,0,0,8,0,0,0,0,0,0,25,11,0,18,6,12,15,17,1,1,3,4,4,164,10,151,5,124,2,78,177,2,0,10,100,512,0,0,493,8,20,0,0,628,0,1,276,5,157,0,0,0,1,20
3,3,0,1,3,1,0,10,11,7,75,20,19,21,2,2,7,18,0,52,4,6912,3931,1,11,28,85,17753,1012,46,4,177,108,1572,1,0,13,25,5,774,139,14,0,177,5,14967,6727,6,8,1,0,0,0,0,0,0,0,0,0,0,1,1,0,0,1,0,0,1,0,1,1,17,0,1,0,8,10,118,0,1,19,4,0,0,1,303,1,0,0,3,1,499,16,65,39,0,0,0,1,0
0,0,0,1,0,0,1,48,89,65,466,165,140,4,0,14,67,168,4,123,46,1032,12728,38,28,1357,442,5055,38,2,16,17991,5455,16281,1,0,93,343,30,923,9,4,4,860,39,6727,47546,2,1,17,0,0,0,0,0,0,4,6,1,7,13,16,3,8,0,0,1,5,4,17,24,181,3,14,0,262,219,219,1,5,496,23,0,1,9,1149,5,0,0,113,0,1115,514,156,398,0,0,0,1,10
273,417,268,922,756,4252,507,3,0,1315,140,0,0,912,136,3089,0,7,1,2,24,1667,1,2,1,3,0,1,621,170,125,3,0,0,5341,52,659,0,12135,1,422,756,114,0,0,6,2,7956,482,63,5,0,43,3,23,15,0,1,0,0,5,1,0,0,11,10,169,1,0,1,0,3,0,0,2,0,0,0,0,38,0,0,1,6,0,0,19,124,0,0,191,0,0,1,0,240,1,1,8,1
360,198,149,221,1940,3998,73,1,6,70,27,0,0,19778,272,65,0,21,6,3,1,310,0,7,0,2,0,4,5466,4276,59,0,2,0,11,2,49,1,50,0,1126,462,23,0,0,8,1,482,19405,59,0,0,0,0,0,0,0,1,0,0,1,0,0,0,0,0,3,3,1,1,0,0,0,0,0,0,0,0,0,7,0,0,0,1,0,0,7,0,0,0,1,0,1,0,0,4,1,0,2,4
23,143,12,1032,23,11,58,58,42,10905,142,10,47,597,3841,882,39,1305,47,9,3629,66,13,149,0,11,1,0,75,640,7022,74,223,4,25,22,535,8,411,1,53,3117,4412,4,8,1,17,63,59,10566,3,0,17,0,0,1,0,14,2,3,17,7,0,5,8,8,27,18,9,2,11,4,0,1,2,0,2,0,4,26,0,0,4,5,0,1,46,11,2,2,8,0,0,0,0,6,3,3,14,14
0,0,1,5,1,7,3,0,2,12,4,0,0,7,1,63,0,1,2,0,0,6,0,0,0,0,0,0,0,1,8,0,0,0,10,1,25,0,15,0,3,2,2,0,0,0,0,5,0,3,45262,14164,4621,21683,20819,658,0,0,1,1,187,28,0,0,25864,218,286,0,6,2,3,232,6,1,0,1,0,12,552,160,1,1,549,71,1,0,123,80,1,2,77,1,0,9,2,350,11569,134,632,23
0,0,0,1,0,0,1,0,1,3,2,0,0,5,2,32,0,0,0,0,0,1,0,0,0,0,0,0,0,0,6,0,0,0,5,1,20,0,4,0,0,2,4,0,0,0,0,0,0,0,14164,24195,8892,7005,1647,3118,0,0,1,0,182,43,0,0,6371,107,130,1,4,0,0,164,2,0,0,0,0,5,90,49,0,0,62,20,0,0,34,86,1,0,14,1,0,4,0,75,322,40,293,5
4,5,6,32,6,4,13,0,2,48,18,0,1,66,24,616,0,7,6,3,2,24,1,2,0,0,0,0,10,4,59,0,2,0,201,15,223,0,145,0,4,6,38,0,0,0,0,43,0,17,4621,8892,47609,2900,2406,13559,0,8,7,4,2413,483,0,0,14024,10381,5001,13,12,2,10,411,14,3,0,0,3,9,232,493,0,2,244,623,2,4,271,808,19,3,138,4,2,10,0,284,629,121,1272,266
0,0,0,0,0,536,13,0,0,3,0,0,0,1,1,26,0,1,0,0,0,2,0,0,0,0,0,1,0,0,4,0,1,0,4,0,15,0,4,0,0,1,4,0,0,0,0,3,0,0,21683,7005,2900,23613,21853,8924,0,1,2,0,253,50,0,0,2105,72,176,0,4,0,0,291,0,0,0,0,0,9,162,70,0,0,66,16,1,2,25,143,1,1,439,0,0,5,0,612,204,105,460,2
0,0,0,4,1,19,1,0,0,9,0,0,0,5,1,74,0,1,0,1,0,5,0,0,0,0,0,0,0,0,10,0,0,0,23,2,48,0,35,0,2,1,2,0,0,0,0,23,0,0,20819,1647,2406,21853,28321,5448,0,0,0,0,234,67,0,0,2315,89,459,0,1,1,1,402,6,0,0,0,0,15,425,116,0,0,199,53,0,3,229,363,1,1,824,1,0,20,1,5136,7657,219,513,6
2,1,48,5,1,5,184,0,0,11,1,0,1,9,8,143,0,0,2,0,0,4,0,0,1,1,0,0,2,0,13,0,0,0,52,2,51,0,28,0,1,2,11,0,0,0,0,15,0,1,658,3118,13559,8924,5448,31407,0,2,0,1,352,114,0,1,489,29,1510,0,0,1,0,165,4,0,0,1,1,1,57,41,0,1,37,14,0,2,42,2775,1,0,497,1,0,4,1,93,67,33,257,18
0,0,0,0,0,0,0,93,80,9,30,12,96,0,0,1,13,38,1,88,1,6,18,8,9,25,5,0,1,0,2,13,41,5,1,0,70,26,3,1,1,1,0,23,25,0,4,0,0,0,0,0,0,0,0,0,2366,7042,37,384,74,695,517,2566,3,1,5,2391,21,8634,747,552,197,42,170,119,100,13,2,616,528,12015,1,1,903,107,964,3,27,147,7,30,83,76,356,0,1,0,10,537
1,0,0,0,0,1,0,164,159,51,190,18,145,4,3,22,28,199,7,100,9,34,14,24,5,5,2,0,3,1,13,7,33,1,2,5,356,9,10,1,1,4,7,11,11,0,6,1,1,14,0,0,8,1,0,2,7042,39826,10968,1144,374,1944,305,1211,15,16,61,10028,319,14108,591,702,1054,37,176,15,71,6,9,2628,52,1044,7,42,168,39,4912,10,29,53,31,22,56,54,82,7,4,2,36,455
0,0,0,1,1,0,0,3,18,27,34,2,0,5,3,18,1,38,10,1,4,18,1,12,0,1,0,0,7,2,21,1,1,0,0,2,27,1,7,0,0,7,5,2,0,0,1,0,0,2,1,1,7,2,0,0,37,10968,4502,11276,374,544,27,48,6,5,672,1442,5034,524,177,186,180,35,40,4,6,2,10,5500,3,28,3,66,13,3,1446,17,2,11,66,1,34,5,10,6,4,13,86,49
0,0,0,1,0,0,0,41,70,15,56,11,68,2,0,5,9,45,5,44,7,16,16,6,11,24,5,0,0,0,3,15,34,2,1,1,154,25,2,0,0,0,1,27,18,0,7,0,0,3,1,0,4,0,0,1,384,1144,11276,42262,204,652,144,261,4,4,318,406,4438,8618,377,247,13687,11494,19,69,950,1,14,393,78,150,4,35,53,33,6390,100,1,59,117,35,825,15,79,6,1,5,46,54
2,3,3,2,3,3,2,14,44,40,80,1,16,10,8,46,4,77,16,32,10,29,8,15,2,27,5,2,5,7,29,24,15,6,16,7,61,10,32,4,2,2,13,25,6,1,13,5,1,17,187,182,2413,253,234,352,74,374,374,204,32566,1483,328,450,1099,2336,1926,398,422,72,3816,794,377,29,352,30,128,40,64,1405,225,99,58,835,15,100,1465,357,378,14,544,57,119,124,187,230,86,32801,63849,18311
1,0,0,2,0,0,1,39,50,22,55,4,49,4,0,14,6,70,4,48,4,12,19,11,5,41,6,0,3,1,9,47,35,5,4,3,80,15,12,5,2,4,4,36,12,1,16,1,0,7,28,43,483,50,67,114,695,1944,544,652,1483,9457,4399,6640,223,217,438,1213,384,556,8258,8093,310,98,45,24,252,31,32,568,167,1121,25,120,24,127,1035,190,73,43,328,73,272,273,818,158,58,13,76,197
0,0,0,0,0,0,0,13,11,2,9,3,18,0,0,1,0,11,0,59,0,2,11,0,9,20,5,0,1,0,0,13,14,2,0,0,26,12,1,0,0,0,0,10,15,0,3,0,0,0,0,0,0,0,0,0,517,305,27,144,328,4399,16568,24507,0,0,2,1727,12,298,6642,5234,68,86,22,5,183,11,0,46,89,13459,0,0,21,43,224,2,1,22,2,32,151,135,1237,0,0,0,4,34
0,0,0,1,0,0,0,61,62,7,39,5,92,0,0,1,8,29,4,217,0,7,11,4,8,16,7,0,1,0,2,23,40,4,0,1,51,16,3,7,0,1,1,22,17,0,8,0,0,5,0,0,0,0,0,1,2566,1211,48,261,450,6640,24507,10185,0,1,1,7648,24,1481,9464,1821,137,43,44,16,208,20,3,92,320,21350,1,3,44,119,958,3,1,24,8,53,139,126,753,0,0,0,6,89
4,4,0,20,6,2,4,2,2,40,20,0,1,41,28,301,0,7,1,1,0,29,1,3,0,1,0,0,8,3,43,0,1,0,59,7,142,0,90,0,6,12,32,1,1,1,0,11,0,8,25864,6371,14024,2105,2315,489,3,15,6,4,1099,223,0,0,61798,8885,1377,8,22,17,8,464,10,2,6,15,3,36,4424,945,23,10,21127,882,11,9,678,263,255,25,325,2,5,20,3,550,16884,350,4086,1150
0,3,0,15,3,3,3,0,0,30,12,0,2,29,11,189,0,1,4,1,1,20,0,2,0,2,0,0,4,2,30,1,1,0,50,10,122,0,53,0,3,4,24,1,1,0,0,10,0,8,218,107,10381,72,89,29,1,16,5,4,2336,217,0,1,8885,38051,6891,9,13,42,20,72,22,4,49,18,3,5,200,1725,40,13,2615,6798,11,9,439,209,5944,49,259,0,4,3,3,221,339,44,1826,13390
6,14,7,61,6,30,29,0,9,89,29,0,2,128,68,1166,0,9,9,3,5,51,2,3,1,2,3,0,15,5,137,3,1,1,536,19,486,1,311,0,7,13,68,0,3,0,1,169,3,27,286,130,5001,176,459,1510,5,61,672,318,1926,438,2,1,1377,6891,34997,94,8778,113,74,101,635,48,24,15,21,4,78,15549,11,9,133,9480,4,7,2405,12434,73,15,5809,6,50,3,4,4964,152,68,396,256
0,1,0,3,0,0,0,12,82,82,155,2,16,15,6,38,7,210,26,9,14,37,3,38,5,18,2,4,7,6,34,12,16,1,6,10,104,12,25,1,4,7,19,10,4,1,5,1,3,18,0,1,13,0,0,0,2391,10028,1442,406,398,1213,1727,7648,8,9,94,6862,448,2374,13757,293,400,21,1184,99,70,31,3,3859,283,376,6,27,225,106,2030,57,11,355,137,20,92,46,207,5,4,10,52,216
0,0,0,3,0,1,1,1,4,37,22,0,2,12,1,28,0,29,12,2,2,22,2,9,1,4,1,0,2,0,14,2,1,0,0,5,25,3,11,0,2,5,7,6,4,0,4,0,1,9,6,4,12,4,1,0,21,319,5034,4438,422,384,12,24,22,13,8778,448,11863,385,182,157,5775,143,53,25,68,2,43,4707,17,19,22,60,7,8,3406,1893,22,33,1276,5,146,4,14,26,8,25,285,140
0,0,0,1,0,0,2,334,275,8,99,32,478,3,0,8,12,33,0,1658,0,42,88,11,133,42,45,2,1,2,2,29,389,11,1,0,138,68,9,1,2,0,3,28,164,1,17,1,1,2,2,0,2,0,1,1,8634,14108,524,8618,72,556,298,1481,17,42,113,2374,385,36759,81,681,879,11232,22,118,4288,14,15,1026,96,6483,8,123,8666,77,8660,14,5,6415,22,37,2324,44,118,2,1,1,20,36
0,1,1,3,2,2,0,26,52,59,101,4,22,7,5,32,5,121,10,29,7,42,21,19,3,76,8,2,5,3,21,61,22,14,3,6,102,12,14,10,3,3,7,74,10,1,24,0,0,11,3,0,10,0,1,0,747,591,177,377,3816,8258,6642,9464,8,20,74,13757,182,81,22591,1128,409,36,10334,75,257,106,5,2559,750,443,4,16,23,297,1963,65,880,32,234,134,291,366,786,6,1,3,253,20965
0,1,0,3,1,0,2,14,26,31,33,10,24,8,5,40,3,30,7,91,4,45,171,16,42,428,145,19,10,1,13,404,197,93,4,8,38,314,26,52,2,5,9,485,151,17,181,3,0,4,232,164,411,291,402,165,552,702,186,247,794,8093,5234,1821,464,72,101,293,157,681,1128,42231,146,441,15,178,2080,1402,1764,206,2363,5708,219,40,145,1308,539,85,17,505,143,722,2534,10467,12255,153,216,8145,2626,160
0,0,0,0,0,0,1,10,6,11,14,0,10,2,1,7,3,9,0,23,0,4,3,1,4,4,1,0,0,0,5,10,7,0,2,0,25,3,6,2,0,2,1,4,5,0,3,0,0,0,6,2,14,0,6,4,197,1054,180,13687,377,310,68,137,10,22,635,400,5775,879,409,146,13364,2735,48,24,408,3,17,246,23,26,3,32,10,17,13544,6017,3,11,5355,18,232,3,26,128,4,19,204,98
0,0,0,0,0,0,0,14,13,1,13,12,25,0,1,2,0,2,0,253,0,11,45,3,66,24,47,0,1,0,0,17,205,2,1,0,8,90,3,0,0,0,0,62,124,1,14,0,0,1,1,0,3,0,0,0,42,37,35,11494,29,98,86,43,2,4,48,21,143,11232,36,441,2735,27415,2,87,12027,8,3,64,131,1124,3,18,1524,48,1791,32,1,829,338,502,1483,19,194,6,2,1,17,25
0,1,0,2,0,0,0,0,3,18,6,1,0,6,6,20,0,10,6,1,1,21,2,5,0,3,0,0,1,2,10,3,7,0,1,2,14,3,7,0,2,5,2,2,2,0,0,2,0,2,0,0,0,0,0,0,170,176,40,19,352,45,22,44,6,49,24,1184,53,22,10334,15,48,2,12092,34,16,10,4,7403,100,56,6,1666,24,17,478,22,13478,71,98,6,8,11,33,2,3,0,29,5992
0,0,0,0,0,0,0,2,7,0,7,3,8,0,0,1,1,4,0,35,0,25,133,12,26,583,152,8,0,0,0,590,91,120,0,1,5,173,0,105,0,0,0,853,78,8,262,0,0,0,1,0,0,0,0,1,119,15,4,69,30,24,5,16,15,18,15,99,25,118,75,178,24,87,34,40074,1231,183,2,204,7187,1717,10,16,3561,6770,22,2,8,15095,4,416,19601,25,251,1,0,0,21,322
0,0,0,0,0,0,0,41,76,2,22,15,106,0,0,2,0,8,0,664,0,46,212,33,131,700,337,6,0,0,1,624,271,103,0,0,12,388,5,99,0,0,0,1119,177,10,219,0,0,2,0,0,3,0,0,1,100,71,6,950,128,252,183,208,3,3,21,70,68,4288,257,2080,408,12027,16,1231,28469,241,12,78,3247,2421,2,6,2539,1349,533,10,0,2691,64,2950,12337,93,2232,2,0,4,17,125
0,0,0,0,0,0,0,0,3,2,2,1,0,1,2,2,0,1,1,1,0,17,21,1,0,85,23,776,2,0,1,51,2,195,0,0,1,8,0,363,0,2,0,89,2,118,219,0,0,0,12,5,9,9,15,1,13,6,2,1,40,31,11,20,36,5,4,31,2,14,106,1402,3,8,10,183,241,57224,1047,33,81,22,62,2,6,14286,17,3,2,122,5,15235,237,14088,191,11,21,354,67,115
0,0,0,2,0,1,2,0,3,17,6,0,2,4,2,37,0,13,2,1,0,14,2,2,0,2,0,2,1,1,8,1,0,0,3,5,14,2,14,0,1,2,10,1,0,0,1,0,0,4,552,90,232,162,425,57,2,9,10,14,64,32,0,3,4424,200,78,3,43,15,5,1764,17,3,4,2,12,1047,120787,112,7,3,20161,59,1,75,209,51,20,2,69,47,16,811,33,116,8514,25379,2573,69
2,11,1,28,9,6,14,7,33,83,50,1,5,66,29,358,2,31,27,12,7,70,13,21,7,14,4,0,15,9,80,10,22,1,119,30,166,23,160,1,6,19,39,17,10,1,5,38,7,26,160,49,493,70,116,41,616,2628,5500,393,1405,568,46,92,945,1725,15549,3859,4707,1026,2559,206,246,64,7403,204,78,33,112,18182,360,445,260,10305,357,84,2598,1253,3109,525,1848,10,92,21,105,924,175,55,456,3251
0,0,0,0,0,0,1,2,17,3,19,4,12,0,0,1,1,4,1,18,0,51,306,22,40,1303,278,21,0,0,3,1107,157,227,0,0,7,450,3,161,0,0,0,1422,100,19,496,0,0,0,1,0,0,0,0,0,528,52,3,78,225,167,89,320,23,40,11,283,17,96,750,2363,23,131,100,7187,3247,81,7,360,23082,5673,16,21,2627,12102,28,4,47,3277,8,919,3932,483,12049,2,0,2,80,1637
0,0,0,0,0,0,0,81,63,3,60,51,206,3,1,3,6,27,0,1195,1,38,194,13,213,114,111,4,1,0,2,108,652,11,1,1,60,332,3,4,0,0,0,202,512,4,23,0,0,0,1,0,2,0,0,1,12015,1044,28,150,99,1121,13459,21350,10,13,9,376,19,6483,443,5708,26,1124,56,1717,2421,22,3,445,5673,30355,4,6,3016,276,807,3,16,2029,5,51,1227,95,15149,1,0,4,14,460
0,1,0,4,0,5,2,0,2,15,2,0,0,7,3,65,0,2,4,1,1,10,0,1,0,3,0,0,5,1,12,0,1,0,5,1,34,0,16,0,1,2,5,0,0,0,0,1,0,4,549,62,244,66,199,37,1,7,3,4,58,25,0,1,21127,2615,133,6,22,8,4,219,3,3,6,10,2,62,20161,260,16,4,61521,151,6,7,278,93,134,23,108,1,0,50,1,89,7798,5967,29883,1372
1,3,0,8,1,2,3,0,1,24,8,0,1,32,9,151,1,4,7,1,1,15,0,0,0,2,0,0,0,4,30,1,2,1,29,4,67,3,49,0,3,2,14,1,0,0,1,6,1,5,71,20,623,16,53,14,1,42,66,35,835,120,0,3,882,6798,9480,27,60,123,16,40,32,18,1666,16,6,2,59,10305,21,6,151,22483,2,5,628,189,3385,37,288,2,22,0,5,116,102,17,210,552
0,0,0,0,0,0,0,24,38,4,38,45,80,0,0,1,3,25,2,784,1,28,181,5,220,55,126,1,0,0,1,46,678,4,0,0,33,454,7,1,0,1,0,211,493,1,9,0,0,0,1,0,2,1,0,0,903,168,13,53,15,24,21,44,11,11,4,225,7,8666,23,145,10,1524,24,3561,2539,6,1,357,2627,3016,6,2,11977,48,84,4,7,12092,3,7,816,9,151,1,5,0,11,198
0,0,0,0,0,0,0,0,6,1,6,0,6,0,0,2,1,3,0,12,2,50,144,5,13,527,130,431,2,0,0,613,25,1186,0,0,6,52,3,864,0,0,0,721,8,303,1149,0,0,1,0,0,4,2,3,2,107,39,3,33,100,127,43,119,9,9,7,106,8,77,297,1308,17,48,17,6770,1349,14286,75,84,12102,276,7,5,48,45756,23,2,9,968,3,8188,7247,5454,5877,0,0,28,25,293
1,4,0,13,2,3,0,220,369,138,201,8,226,41,13,135,10,294,76,778,54,99,30,93,56,15,17,0,17,19,125,7,83,3,60,39,810,11,121,1,14,22,59,7,20,1,5,19,7,46,123,34,271,25,229,42,964,4912,1446,6390,1465,1035,224,958,678,439,2405,2030,3406,8660,1963,539,13544,1791,478,22,533,17,209,2598,28,807,278,628,84,23,3820,3013,283,26,4359,79,63,23,38,1886,174,146,1244,983
2,2,0,18,5,11,13,0,3,21,9,0,0,37,13,490,0,9,2,0,0,21,0,3,0,0,1,0,3,1,46,1,1,0,286,8,205,0,127,0,4,6,27,1,0,0,0,124,0,11,80,86,808,143,363,2775,3,10,17,100,357,190,2,3,263,209,12434,57,1893,14,65,85,6017,32,22,2,10,3,51,1253,4,3,93,189,4,2,3013,30966,63,3,20901,2,14,2,3,3175,58,34,303,160
0,1,0,1,0,0,1,0,3,8,2,0,0,6,9,46,0,3,5,0,0,10,0,0,0,0,1,0,0,0,8,1,1,0,1,2,23,2,5,0,0,3,8,1,0,0,0,0,0,2,1,1,19,1,1,1,27,29,2,1,378,73,1,1,255,5944,73,11,22,5,880,17,3,1,13478,8,0,2,20,3109,47,16,134,3385,7,9,283,63,33106,15,121,1,4,1,2,31,18,9,60,7421
0,0,0,0,0,0,0,13,37,2,41,29,19,1,0,3,5,22,1,276,2,44,402,18,141,622,415,2,0,0,1,582,751,28,0,0,21,1226,6,4,0,1,0,872,628,3,113,0,0,2,2,0,3,1,1,0,147,53,11,59,14,43,22,24,25,49,15,355,33,6415,32,505,11,829,71,15095,2691,122,2,525,3277,2029,23,37,12092,968,26,3,15,28280,0,65,14368,34,462,1,7,2,21,347
1,1,2,10,6,24,9,3,3,26,16,1,5,28,15,303,0,5,4,4,1,16,0,1,0,3,0,0,5,0,22,0,1,0,177,10,173,0,116,0,2,3,17,0,0,1,0,191,1,8,77,14,138,439,824,497,7,31,66,117,544,328,2,8,325,259,5809,137,1276,22,234,143,5355,338,98,4,64,5,69,1848,8,5,108,288,3,3,4359,20901,121,0,17346,15,18,7,6,13967,104,47,538,375
0,0,0,1,0,0,0,2,8,0,10,0,2,0,0,2,0,4,0,7,0,66,93,5,11,256,118,1678,6,0,2,396,23,1312,0,0,8,13,2,2266,1,0,0,766,1,499,1115,0,0,0,1,1,4,0,1,1,30,22,1,35,57,73,32,53,2,0,6,20,5,37,134,722,18,502,6,416,2950,15235,47,10,919,51,1,2,7,8188,79,2,1,65,15,45160,12516,1647,1246,1,1,22,10,53
0,0,0,0,0,0,0,9,27,3,19,19,12,0,0,2,2,10,1,120,2,56,404,37,100,1387,402,16,2,0,1,1062,322,238,1,1,10,646,2,192,0,0,0,1680,276,16,514,0,1,0,0,0,2,0,0,0,83,56,34,825,119,272,151,139,5,4,50,92,146,2324,291,2534,232,1483,8,19601,12337,237,16,92,3932,1227,0,22,816,7247,63,14,4,14368,18,12516,45647,209,2200,1,2,4,15,107
1,0,0,0,0,0,0,0,2,2,1,1,1,1,0,2,0,0,0,3,1,16,13,0,2,36,24,215,1,1,1,45,8,226,0,0,3,8,2,233,0,0,0,78,5,65,156,1,0,0,9,4,10,5,20,4,76,54,5,15,124,273,135,126,20,3,3,46,4,44,366,10467,3,19,11,25,93,14088,811,21,483,95,50,0,9,5454,23,2,1,34,7,1647,209,21733,16880,9,8,412,78,66
0,0,0,0,0,0,0,5,16,5,15,9,13,0,0,1,2,6,0,58,2,41,206,15,47,642,156,48,0,0,1,622,231,292,1,0,12,379,0,192,1,0,0,601,157,39,398,0,0,0,2,0,0,0,1,1,356,82,10,79,187,818,1237,753,3,3,4,207,14,118,786,12255,26,194,33,251,2232,191,33,105,12049,15149,1,5,151,5877,38,3,2,462,6,1246,2200,16880,28053,0,1,31,19,299
0,3,2,12,5,16,10,0,2,13,8,0,0,19,7,250,0,5,1,1,1,8,0,1,0,0,0,0,1,0,25,0,0,0,170,5,238,0,230,0,0,4,9,0,0,0,0,240,4,6,350,75,284,612,5136,93,0,7,6,6,230,158,0,0,550,221,4964,5,26,2,6,153,128,6,2,1,2,11,116,924,2,1,89,116,1,0,1886,3175,31,1,13967,1,1,9,0,9444,321,63,227,50
1,0,1,1,2,2,1,0,0,7,4,0,0,7,5,39,0,1,3,1,0,7,0,0,0,0,0,0,1,1,8,0,1,0,7,3,24,0,7,0,2,1,8,1,0,0,0,1,1,3,11569,322,629,204,7657,67,1,4,4,1,86,58,0,0,16884,339,152,4,8,1,1,216,4,2,3,0,0,21,8514,175,0,0,7798,102,5,0,174,58,18,7,104,1,2,8,1,321,49515,437,2080,56
0,0,0,2,0,0,1,2,1,13,7,1,1,2,2,23,1,2,3,3,0,8,0,4,0,0,1,0,3,0,6,5,0,1,5,1,10,2,9,0,1,3,2,2,0,0,0,1,0,3,134,40,121,105,219,33,0,2,13,5,32801,13,0,0,350,44,68,10,25,1,3,8145,19,1,0,0,4,354,25379,55,2,4,5967,17,0,28,146,34,9,2,47,22,4,412,31,63,437,52401,1306,32
3,0,0,11,5,3,4,4,14,66,29,0,3,31,22,140,1,30,24,8,4,49,3,13,1,7,1,2,11,3,45,3,3,1,27,13,46,3,75,0,7,5,32,0,1,1,1,8,2,14,632,293,1272,460,513,257,10,36,86,46,63849,76,4,6,4086,1826,396,52,285,20,253,2626,204,17,29,21,17,67,2573,456,80,14,29883,210,11,25,1244,303,60,21,538,10,15,78,19,227,2080,1306,19216,3244
1,0,2,4,0,3,2,2,9,40,41,4,4,13,6,84,0,42,9,22,2,32,12,7,2,28,10,1,3,3,13,27,27,5,7,4,37,25,25,3,2,2,10,31,20,0,10,1,4,14,23,5,266,2,6,18,537,455,49,54,18311,197,34,89,1150,13390,256,216,140,36,20965,160,98,25,5992,322,125,115,69,3251,1637,460,1372,552,198,293,983,160,7421,347,375,53,107,66,299,50,56,32,3244,7823
