15142,4798,8794,2074,10787,932,551,3,3,20,0,1,2,11804,513,90,0,0,6,10,2,156,3,5,4,6,3,10,462,961,8,7,8,1,63,11,42,11,92,4,285,35,59,13,15,9,10,217,2235,13,16,23,15,7,20,114,0,1,0,0,4,0,1,0,35,9,12,0,1,0,0,5,0,0,1,1,0,0,11,0,1,0,13,3,0,0,2,23,0,1,18,0,0,0,0,20,15,3,4,0
4798,32790,5251,16260,1324,157,624,7,20,98,7,6,4,13559,6288,240,0,1,12,24,0,510,6,5,23,9,13,23,450,2019,29,15,11,1,186,49,89,39,228,3,727,147,103,26,34,7,15,496,724,30,50,59,20,17,71,330,0,0,0,1,8,2,0,1,96,18,13,0,10,2,0,12,3,1,0,0,0,0,12,1,0,1,35,5,1,0,2,53,0,0,26,1,0,0,0,71,25,8,13,1
8794,5251,26463,7187,8656,4828,6486,5,1,41,3,3,0,1293,164,23,2,0,4,9,3,190,3,4,2,0,4,6,150,655,4,4,4,0,62,6,36,7,61,2,315,62,25,7,7,7,4,299,406,15,151,134,17,1035,99,721,0,0,0,0,6,0,0,0,63,4,13,1,5,0,0,8,0,0,1,2,1,0,11,0,0,0,25,4,1,0,1,31,0,1,21,0,0,1,0,67,29,3,13,0
2074,16260,7187,41701,1166,961,7712,101,124,358,28,41,62,8217,9530,8035,19,23,150,270,49,569,45,70,188,83,104,41,339,2185,602,144,131,30,1426,564,350,251,1321,26,899,397,1779,175,262,26,67,2174,482,245,104,126,62,39,256,811,4,6,1,10,18,1,4,1,238,25,53,0,29,7,2,25,5,10,3,1,2,2,37,0,0,6,78,13,11,0,25,174,3,7,81,1,3,0,0,224,56,18,34,4
10787,1324,8656,1166,22731,20216,1335,0,2,17,1,0,1,3710,263,67,0,0,3,3,3,39,5,5,3,0,10,9,173,260,6,5,5,2,94,8,40,6,124,7,89,13,30,12,8,7,4,781,5366,4,18,21,18,6,30,112,0,1,0,0,2,0,0,0,51,6,13,0,2,1,0,8,0,0,0,0,1,0,6,0,1,1,10,1,1,0,3,26,0,0,13,1,0,0,0,37,13,5,7,0
932,157,4828,961,20216,20869,7828,1,5,21,0,1,1,141,37,28,0,0,1,0,1,34,10,1,8,3,34,8,70,76,6,6,3,1,180,6,101,6,225,27,36,18,28,18,5,2,3,4613,3152,4,27,18,7,416,129,246,0,0,0,1,1,0,0,0,18,2,3,0,0,0,0,1,1,1,1,0,0,0,3,0,0,1,6,0,0,0,9,16,0,0,25,1,1,0,0,48,15,2,1,0
551,624,6486,7712,1335,7828,11860,27,88,215,6,15,12,774,301,1763,8,5,82,79,26,324,16,73,51,19,47,12,115,721,110,37,30,10,3252,356,210,48,1435,14,368,183,521,63,45,7,14,3493,244,48,76,70,49,192,242,627,0,1,0,7,9,2,1,0,126,24,21,0,9,2,3,12,2,3,1,0,3,0,14,1,0,4,42,3,4,0,31,116,0,1,54,3,5,0,1,216,48,5,20,2
3,7,5,101,0,1,27,44939,8628,217,1323,821,7184,161,158,1083,3594,4655,2019,6660,753,1958,275,58,422,93,400,42,17,99,953,534,2619,30,52,188,374,474,39,12,51,68,1044,239,1919,43,172,13,10,61,0,1,1,0,0,0,57,72,22,211,21,4,23,24,5,3,7,2,51,244,12,16,13,135,2,3,11,0,2,1,2,67,1,6,15,2,97,12,2,1,1,0,5,0,1,0,0,0,6,1
3,20,1,124,2,5,88,8628,62039,286,629,1199,2089,113,77,438,1395,480,8530,8166,891,1171,422,7670,6864,116,3078,38,22,137,188,163,926,43,317,3373,6753,369,802,80,106,130,431,747,576,42,214,32,11,96,0,0,5,0,2,7,128,222,60,902,49,14,46,81,13,8,25,13,119,469,14,51,53,279,11,7,40,1,3,5,7,141,12,10,43,2,563,28,4,19,13,1,25,1,4,2,1,3,16,4
20,98,41,358,17,21,215,217,286,33799,3688,2721,214,287,242,1050,298,21,1047,163,5001,8034,813,113,220,107,358,106,394,462,175,213,452,60,340,929,666,278,723,40,18711,9310,2578,531,151,199,518,169,30,3704,7,5,6,2,4,38,0,0,4,18,64,3,6,3,46,12,49,1,122,6,15,38,13,15,22,4,20,1,14,6,3,8,31,9,13,1,61,120,1,8,32,4,3,0,6,6,8,18,44,18
0,7,3,28,1,0,6,1323,629,3688,3891,6290,552,26,30,211,496,78,595,247,993,3753,1796,27,136,39,173,41,16,42,94,38,164,27,21,122,86,73,56,20,195,189,270,179,72,157,147,8,2,79,0,0,1,0,0,1,4,4,2,14,7,1,3,0,2,0,4,1,13,10,2,4,0,17,0,0,8,1,1,0,0,6,3,3,4,2,17,6,1,4,2,0,1,0,0,0,0,3,3,0
1,6,3,41,0,1,15,821,1199,2721,6290,17755,10494,103,112,221,4423,191,627,1139,4525,3023,7384,95,1133,117,1078,97,24,113,410,245,5459,53,43,204,169,467,114,32,178,256,1199,752,355,312,700,13,5,304,1,0,0,0,0,1,7,8,12,38,9,5,36,13,5,3,8,1,13,123,4,35,11,109,1,4,31,0,0,3,6,72,5,4,57,2,19,6,2,28,3,1,21,0,5,1,0,1,2,0
2,4,0,62,1,1,12,7184,2089,214,552,10494,17412,163,202,403,4285,415,521,2625,1054,400,860,55,566,42,587,25,16,154,692,163,4097,20,18,118,497,146,33,7,71,144,1030,149,425,36,163,5,3,174,0,0,4,0,0,0,58,42,8,135,1,4,25,21,7,6,10,0,18,241,0,19,8,138,3,2,24,1,0,0,3,65,1,2,19,2,65,6,1,6,3,0,7,0,4,0,1,1,4,1
11804,13559,1293,8217,3710,141,774,161,113,287,26,103,163,59283,13803,1208,39,22,223,303,100,470,91,62,257,90,170,93,4108,28746,232,403,417,49,606,296,451,295,863,26,1776,1348,3727,282,534,62,195,829,15245,2714,75,53,57,25,65,348,2,0,2,10,37,2,3,1,206,30,73,2,43,8,3,31,11,11,4,0,7,2,30,2,2,5,111,27,11,0,26,140,7,5,69,1,6,0,0,67,39,22,56,8
513,6288,164,9530,263,37,301,158,77,242,30,112,202,13803,21870,1023,60,27,140,216,151,274,58,29,186,85,92,28,283,2741,254,304,443,25,262,187,171,241,343,13,707,1696,11753,192,436,14,167,357,289,7537,9,9,13,3,18,70,1,0,2,5,16,1,0,0,49,9,14,0,16,4,0,12,1,10,3,0,4,0,6,1,0,5,17,2,7,0,16,34,0,2,13,0,2,0,1,14,6,2,10,1
90,240,23,8035,67,28,1763,1083,438,1050,211,221,403,1208,1023,31524,569,734,4039,494,1288,731,51,66,140,65,89,21,101,713,10422,125,321,20,2401,2954,301,225,685,15,542,399,9715,136,412,16,70,294,76,315,15,5,13,0,13,42,3,5,2,32,37,4,4,3,31,16,41,0,51,16,6,29,6,10,8,1,5,0,11,1,3,12,35,8,4,0,57,99,3,8,32,0,1,0,1,16,5,14,36,7
0,0,2,19,0,0,8,3594,1395,298,496,4423,4285,39,60,569,4538,1573,1086,275,5415,342,379,32,56,18,67,15,5,48,2092,79,611,7,20,84,94,45,35,2,32,62,820,56,150,31,97,2,0,85,0,0,0,0,0,0,4,3,2,9,4,0,2,1,0,1,0,0,4,6,1,2,2,6,0,0,5,0,0,0,1,3,0,0,2,0,7,2,2,0,0,0,3,0,0,0,0,2,1,1
0,1,0,23,0,0,5,4655,480,21,78,191,415,22,27,734,1573,2845,2054,71,741,92,45,9,11,5,9,0,5,17,2568,36,147,1,4,24,31,14,7,0,2,6,332,11,79,0,19,0,1,11,0,0,0,0,1,0,0,1,1,3,3,0,0,0,1,0,0,0,3,4,0,0,1,2,1,0,0,0,0,0,0,0,0,0,0,0,6,5,1,0,0,0,0,0,0,0,0,0,1,0
6,12,4,150,3,1,82,2019,8530,1047,595,627,521,223,140,4039,1086,2054,13452,1483,2459,794,121,958,332,48,164,18,36,263,2275,122,298,17,156,6823,928,184,215,19,295,216,1470,170,316,16,76,24,5,188,0,0,2,0,0,6,12,10,30,77,76,10,4,7,6,7,23,5,173,20,18,24,2,21,17,2,5,0,6,3,1,12,25,4,6,0,155,67,5,5,8,0,6,1,2,2,1,14,36,24
10,24,9,270,3,0,79,6660,8166,163,247,1139,2625,303,216,494,275,71,1483,25436,175,547,602,157,3033,373,1427,93,12,182,222,1134,5172,91,136,870,386,3711,162,41,97,105,856,1284,6653,59,418,20,10,96,0,0,7,1,1,6,122,88,21,321,9,11,105,80,24,24,25,8,48,624,7,68,28,484,12,16,64,0,2,3,7,224,11,28,86,4,90,12,9,47,12,3,30,3,17,4,2,2,13,2
2,0,3,49,3,1,26,753,891,5001,993,4525,1054,100,151,1288,5415,741,2459,175,16047,683,600,96,128,58,180,35,16,176,3198,229,556,24,78,559,354,163,156,10,373,599,8221,237,197,88,274,18,4,1087,2,0,4,1,1,1,0,2,4,17,25,2,2,0,2,1,15,2,66,6,4,14,5,14,7,1,3,0,2,0,1,9,7,3,3,1,52,17,4,1,5,0,3,0,3,0,0,3,12,3
156,510,190,569,39,34,324,1958,1171,8034,3753,3023,400,470,274,731,342,92,794,547,683,26384,5026,72,346,229,566,1514,5810,1353,178,294,319,470,235,440,322,345,492,314,19790,2135,826,1312,268,6522,1461,145,80,448,13,16,14,4,12,46,4,6,9,23,39,2,8,3,56,14,59,2,102,39,12,30,15,42,11,14,24,15,6,2,15,20,60,9,32,33,54,111,3,12,56,35,45,6,12,11,8,18,35,10
3,6,3,45,5,10,16,275,422,813,1796,7384,860,91,58,51,379,45,121,602,600,5026,12288,197,945,658,2382,829,64,120,79,725,4581,438,25,111,59,1108,217,212,164,170,391,3991,558,4967,6807,60,12,163,1,0,0,0,0,0,6,3,0,14,1,2,17,12,2,6,4,2,5,55,1,69,5,119,1,42,89,8,0,2,26,82,8,6,107,19,3,3,3,61,1,21,95,7,29,1,0,0,3,1
5,5,4,70,5,1,73,58,7670,113,27,95,55,62,29,66,32,9,958,157,96,72,197,5310,524,38,1171,48,9,79,15,84,171,35,326,4441,3160,62,7018,121,60,54,121,479,96,26,122,125,7,34,3,2,1,0,0,1,5,2,9,39,20,6,3,0,5,2,4,1,24,16,5,15,2,24,3,4,10,0,3,1,4,4,2,1,16,4,51,8,1,6,4,3,9,0,2,2,0,0,7,3
4,23,2,188,3,8,51,422,6864,220,136,1133,566,257,186,140,56,11,332,3033,128,346,945,524,6667,180,6172,65,25,227,65,388,2039,68,105,560,202,899,299,104,122,135,526,3279,899,94,478,28,13,130,0,0,6,1,0,2,29,18,2,83,4,4,94,35,15,21,17,3,23,305,7,92,7,377,7,26,111,1,1,6,12,213,18,13,224,4,21,7,11,90,3,5,67,3,15,3,0,1,8,8
6,9,0,83,0,3,19,93,116,107,39,117,42,90,85,65,18,5,48,373,58,229,658,38,180,17807,1132,584,21,98,31,9410,592,6310,9,34,19,5170,81,240,52,59,241,7940,3358,371,2625,18,9,42,0,0,1,0,0,0,2,3,0,2,4,0,4,2,2,2,2,0,1,9,4,40,1,19,2,76,69,7,0,0,82,25,2,1,24,38,0,2,2,25,0,42,161,5,61,0,0,0,5,2
3,13,4,104,10,34,47,400,3078,358,173,1078,587,170,92,89,67,9,164,1427,180,566,2382,1171,6172,1132,20196,1897,43,204,54,2082,2101,934,78,400,2183,1064,1687,5512,146,169,376,17898,1283,552,2497,414,57,133,0,0,7,0,1,2,35,9,4,52,8,4,63,26,11,14,3,4,22,136,10,103,12,239,5,78,161,23,3,3,54,169,10,7,170,38,5,4,8,90,7,68,152,10,48,2,1,3,8,4
10,23,6,41,9,8,12,42,38,106,41,97,25,93,28,21,15,0,18,93,35,1514,829,48,65,584,1897,80601,1056,246,10,843,217,11050,20,21,187,353,273,24178,654,54,98,2399,300,18493,10210,150,11,28,0,0,0,0,2,0,1,0,0,3,1,0,0,0,0,1,0,0,1,0,0,16,2,8,0,13,41,374,7,0,26,6,0,0,5,177,5,2,0,4,3,1147,89,94,37,1,0,1,0,1
462,450,150,339,173,70,115,17,22,394,16,24,16,4108,283,101,5,5,36,12,16,5810,64,9,25,21,43,1056,110357,14554,23,50,48,112,76,53,107,33,148,127,36392,429,198,85,40,906,205,102,8516,171,6,1,4,3,6,29,0,0,0,1,8,0,0,0,21,3,8,0,4,1,2,2,1,1,1,0,1,1,1,1,0,0,13,4,1,1,6,39,2,0,19,9,3,2,2,6,1,2,6,0
961,2019,655,2185,260,76,721,99,137,462,42,113,154,28746,2741,713,48,17,263,182,176,1353,120,79,227,98,204,246,14554,58160,162,367,407,52,417,399,545,234,696,50,15924,4026,2188,282,357,197,268,406,1133,2575,30,20,27,9,28,116,2,1,3,11,56,1,2,0,159,32,97,1,82,3,14,40,9,10,12,1,2,1,19,4,3,10,79,24,12,0,42,197,11,4,78,3,4,0,2,29,18,22,45,14
8,29,4,602,6,6,110,953,188,175,94,410,692,232,254,10422,2092,2568,2275,222,3198,178,79,15,65,31,54,10,23,162,13981,162,452,13,182,177,56,115,125,6,91,89,12557,81,345,14,59,58,17,92,2,1,0,0,0,4,2,2,1,9,6,2,2,1,5,1,6,0,2,5,0,5,1,7,0,0,1,0,2,0,0,3,9,2,2,0,4,12,0,2,1,1,1,1,0,3,1,2,3,0
7,15,4,144,5,6,37,534,163,213,38,245,163,403,304,125,79,36,122,1134,229,294,725,84,388,9410,2082,843,50,367,162,30915,6656,5757,26,62,51,2037,148,476,153,209,818,5214,6539,608,14083,43,18,229,1,0,1,0,0,1,0,0,0,5,8,2,7,2,0,2,4,0,1,10,4,58,2,26,1,81,97,19,0,0,108,48,8,2,30,94,1,4,2,32,2,119,229,16,81,0,0,1,0,1
8,11,4,131,5,3,30,2619,926,452,164,5459,4097,417,443,321,611,147,298,5172,556,319,4581,171,2039,592,2101,217,48,407,452,6656,15403,210,47,175,108,1947,189,67,234,384,1442,2107,7059,330,6537,46,18,461,0,0,5,0,3,2,28,14,8,48,4,5,53,25,8,10,12,2,15,212,4,39,14,228,1,26,62,2,1,2,19,122,2,10,115,4,6,5,4,52,7,6,60,2,7,0,1,0,6,0
1,1,0,30,2,1,10,30,43,60,27,53,20,49,25,20,7,1,17,91,24,470,438,35,68,6310,934,11050,112,52,13,5757,210,27381,9,22,68,521,142,7859,100,27,91,8185,532,4014,12991,53,6,31,0,0,0,0,0,0,0,1,2,3,0,1,3,0,1,1,0,2,0,1,3,45,2,15,0,45,54,241,3,0,113,7,0,0,8,633,6,0,1,10,5,1026,294,217,188,3,1,1,2,0
63,186,62,1426,94,180,3252,52,317,340,21,43,18,606,262,2401,20,4,156,136,78,235,25,326,105,9,78,20,76,417,182,26,47,9,2195,1997,481,48,3147,19,259,183,907,69,37,5,19,1194,97,57,11,11,19,5,24,92,2,2,2,10,46,0,2,3,68,21,60,1,33,11,6,23,2,4,6,0,3,0,22,1,1,3,46,11,4,0,33,122,4,2,41,0,1,0,1,36,7,19,36,11
11,49,6,564,8,6,356,188,3373,929,122,204,118,296,187,2954,84,24,6823,870,559,440,111,4441,560,34,400,21,53,399,177,62,175,22,1997,9840,2639,146,5002,46,382,351,1334,280,90,16,76,96,15,224,6,3,9,0,3,12,7,10,14,55,150,3,3,2,25,19,130,2,253,32,27,52,24,19,30,7,10,0,11,3,2,16,83,12,15,0,157,237,10,17,71,0,10,0,2,12,7,45,90,33
42,89,36,350,40,101,210,374,6753,666,86,169,497,451,171,301,94,31,928,386,354,322,59,3160,202,19,2183,187,107,545,56,51,108,68,481,2639,4332,33,7382,453,506,374,712,240,37,28,73,1325,109,215,3,3,12,2,15,35,69,143,12,806,70,13,8,29,45,20,73,18,170,94,25,32,49,46,19,3,7,4,9,2,5,29,51,9,6,4,1282,147,11,6,77,2,3,1,3,21,5,19,59,11
11,39,7,251,6,6,48,474,369,278,73,467,146,295,241,225,45,14,184,3711,163,345,1108,62,899,5170,1064,353,33,234,115,2037,1947,521,48,146,33,10652,143,129,147,190,733,5807,5762,195,1342,34,13,158,0,0,2,0,0,2,3,3,3,17,2,1,18,2,4,6,4,0,9,43,1,56,4,132,3,36,82,0,1,1,14,71,3,7,150,3,4,3,6,68,1,6,89,1,17,0,0,1,1,6
92,228,61,1321,124,225,1435,39,802,723,56,114,33,863,343,685,35,7,215,162,156,492,217,7018,299,81,1687,273,148,696,125,148,189,142,3147,5002,7382,143,27719,670,556,374,1014,751,108,54,243,7577,288,197,24,18,31,3,11,94,2,7,7,20,91,6,6,4,118,35,165,3,99,15,4,65,7,21,8,5,12,1,29,2,7,17,118,23,23,3,89,291,15,12,100,6,13,2,3,30,22,37,85,13
4,3,2,26,7,27,14,12,80,40,20,32,7,26,13,15,2,0,19,41,10,314,212,121,104,240,5512,24178,127,50,6,476,67,7859,19,46,453,129,670,33121,107,14,31,10619,86,2424,2967,273,38,10,0,0,1,0,0,1,0,0,0,3,1,0,0,0,1,0,1,1,0,0,1,36,3,9,0,29,85,448,2,0,69,0,1,0,2,442,9,4,1,3,3,1668,182,181,109,2,0,1,0,0
285,727,315,899,89,36,368,51,106,18711,195,178,71,1776,707,542,32,2,295,97,373,19790,164,60,122,52,146,654,36392,15924,91,153,234,100,259,382,506,147,556,107,65900,14429,1077,290,159,545,351,208,72,1802,15,12,17,2,12,54,0,0,4,6,40,2,0,1,50,9,53,0,76,2,9,28,14,4,12,1,3,0,6,1,0,4,34,9,4,0,27,93,10,3,52,6,6,5,1,20,4,12,40,11
35,147,62,397,13,18,183,68,130,9310,189,256,144,1348,1696,399,62,6,216,105,599,2135,170,54,135,59,169,54,429,4026,89,209,384,27,183,351,374,190,374,14,14429,17084,2047,259,174,82,261,128,28,9191,5,2,10,2,4,23,0,1,0,11,28,1,2,0,19,7,36,1,65,5,6,20,7,11,8,1,5,0,6,2,0,4,26,6,9,0,35,60,6,5,31,0,4,0,1,3,3,6,23,7
59,103,25,1779,30,28,521,1044,431,2578,270,1199,1030,3727,11753,9715,820,332,1470,856,8221,826,391,121,526,241,376,98,198,2188,12557,818,1442,91,907,1334,712,733,1014,31,1077,2047,41576,584,1487,76,496,408,100,8462,18,6,15,1,7,40,5,6,1,25,36,5,10,7,41,3,34,1,60,21,11,26,3,28,6,0,10,0,11,4,1,17,28,8,20,1,49,66,4,12,34,2,7,0,3,14,5,16,28,2
13,26,7,175,12,18,63,239,747,531,179,752,149,282,192,136,56,11,170,1284,237,1312,3991,479,3279,7940,17898,2399,85,282,81,5214,2107,8185,69,280,240,5807,751,10619,290,259,584,34451,1460,2220,7083,184,34,224,0,0,0,0,0,3,3,4,2,11,7,2,16,5,6,9,4,4,5,34,8,177,4,133,0,218,213,79,0,2,181,105,8,5,178,262,4,3,5,96,2,404,518,71,201,0,1,2,2,4
15,34,7,262,8,5,45,1919,576,151,72,355,425,534,436,412,150,79,316,6653,197,268,558,96,899,3358,1283,300,40,357,345,6539,7059,532,37,90,37,5762,108,86,159,174,1487,1460,13600,100,1318,30,15,227,0,0,0,1,1,3,9,3,3,25,2,2,45,13,10,8,7,0,15,156,3,60,8,178,2,36,88,2,0,2,18,101,7,2,104,4,5,6,5,76,1,6,70,1,15,0,0,2,3,0
9,7,7,26,7,2,7,43,42,199,157,312,36,62,14,16,31,0,16,59,88,6522,4967,26,94,371,552,18493,906,197,14,608,330,4014,5,16,28,195,54,2424,545,82,76,2220,100,17435,11903,13,3,40,0,0,1,0,0,0,0,3,1,2,0,0,2,0,1,0,2,0,2,2,0,18,2,4,1,22,30,84,1,1,41,5,1,1,6,199,4,0,0,6,2,382,101,67,77,1,0,1,1,2
10,15,4,67,4,3,14,172,214,518,147,700,163,195,167,70,97,19,76,418,274,1461,6807,122,478,2625,2497,10210,205,268,59,14083,6537,12991,19,76,73,1342,243,2967,351,261,496,7083,1318,11903,43386,68,14,272,0,0,0,0,0,0,1,2,0,2,5,2,10,1,5,2,4,2,5,12,5,97,5,51,3,99,142,162,5,1,154,41,4,1,63,578,1,1,2,60,2,762,400,148,223,1,0,0,5,2
217,496,299,2174,781,4613,3493,13,32,169,8,13,5,829,357,294,2,0,24,20,18,145,60,125,28,18,414,150,102,406,58,43,46,53,1194,96,1325,34,7577,273,208,128,408,184,30,13,68,8461,939,25,44,47,24,19,171,414,0,0,0,1,15,0,0,1,106,15,13,0,9,2,1,10,4,3,0,1,2,1,11,0,0,1,22,7,1,1,25,90,0,0,45,1,0,0,2,147,27,10,13,2
2235,724,406,482,5366,3152,244,10,11,30,2,5,3,15245,289,76,0,1,5,10,4,80,12,7,13,9,57,11,8516,1133,17,18,18,6,97,15,109,13,288,38,72,28,100,34,15,3,14,939,12962,5,12,17,21,5,11,76,0,0,0,1,5,0,0,0,35,8,15,0,4,0,0,1,2,0,0,0,1,0,4,0,0,0,13,7,0,0,3,20,0,2,13,0,0,0,0,9,12,7,5,1
13,30,15,245,4,4,48,61,96,3704,79,304,174,2714,7537,315,85,11,188,96,1087,448,163,34,130,42,133,28,171,2575,92,229,461,31,57,224,215,158,197,10,1802,9191,8462,224,227,40,272,25,5,9803,1,1,3,0,0,7,0,0,3,1,14,0,1,1,5,2,12,0,22,3,4,5,2,5,3,1,4,0,1,0,2,3,7,4,5,1,8,20,1,4,5,0,4,0,1,2,0,5,8,3
16,50,151,104,18,27,76,0,0,7,0,1,0,75,9,15,0,0,0,0,2,13,1,3,0,0,0,0,6,30,2,1,0,0,11,6,3,0,24,0,15,5,18,0,0,0,0,44,12,1,38264,14156,1605,13706,12010,3685,3,6,1,5,60,1,4,1,16494,100,99,2,10,5,3,132,15,8,2,12,6,11,1084,2,12,10,769,12,27,7,18,194,7,14,200,3,11,4,4,673,11495,149,133,10
23,59,134,126,21,18,70,1,0,5,0,0,0,53,9,5,0,0,0,0,0,16,0,2,0,0,0,0,1,20,1,0,0,0,11,3,3,0,18,0,12,2,6,0,0,0,0,47,17,1,14156,50043,7898,12897,715,10395,1,2,1,3,185,5,2,0,15886,129,83,5,22,6,8,512,6,7,6,11,2,19,983,4,14,6,1976,28,20,16,22,113,21,13,50,3,7,11,7,181,1800,480,589,36
15,20,17,62,18,7,49,1,5,6,1,0,4,57,13,13,0,0,2,7,4,14,0,1,6,1,7,0,4,27,0,1,5,0,19,9,12,2,31,1,17,10,15,0,0,1,0,24,21,3,1605,7898,26967,41,203,7870,31,92,27,70,333,40,41,26,19349,3832,5607,40,346,139,63,248,45,91,109,155,34,25,430,42,129,164,912,739,377,42,75,1532,127,237,231,2,66,4,40,446,894,187,532,81
7,17,1035,39,6,416,192,0,0,2,0,0,0,25,3,0,0,0,0,1,1,4,0,0,1,0,0,0,3,9,0,0,0,0,5,0,2,0,3,0,2,2,1,0,1,0,0,19,5,0,13706,12897,41,27229,13251,12016,0,1,0,0,29,1,2,0,384,15,8,0,0,2,1,70,1,1,2,1,3,6,122,1,3,1,209,2,4,1,5,44,2,3,1942,0,2,0,1,1177,454,60,68,0
20,71,99,256,30,129,242,0,2,4,0,0,0,65,18,13,0,1,0,1,1,12,0,0,0,0,1,2,6,28,0,0,3,0,24,3,15,0,11,0,12,4,7,0,1,0,0,171,11,0,12010,715,203,13251,24149,8092,1,2,0,8,46,4,1,0,2020,95,66,2,20,13,3,64,81,44,9,15,67,31,102,0,17,22,137,22,17,5,124,1515,5,13,2199,46,70,1,8,7645,4441,34,65,8
114,330,721,811,112,246,627,0,7,38,1,1,0,348,70,42,0,0,6,6,1,46,0,1,2,0,2,0,29,116,4,1,2,0,92,12,35,2,94,1,54,23,40,3,3,0,0,414,76,7,3685,10395,7870,12016,8092,17247,10,36,13,39,533,20,20,12,6644,387,1511,15,267,68,43,556,111,31,33,83,19,16,537,8,65,77,1548,93,171,17,86,3189,48,138,1513,6,37,4,12,2240,936,525,889,96
0,0,0,4,0,0,0,57,128,0,4,7,58,2,1,3,4,0,12,122,0,4,6,5,29,2,35,1,0,2,2,0,28,0,2,7,69,3,2,0,0,0,5,3,9,0,1,0,0,0,3,1,31,0,1,10,3031,6447,752,1061,17,40,517,4767,74,98,246,393,636,2727,16,116,53,469,38,108,195,4,4,103,87,2803,20,163,305,19,185,22,33,68,9,2,48,2,53,3,2,2,9,7
1,0,0,6,1,0,1,72,222,0,4,8,42,0,0,5,3,1,10,88,2,6,3,2,18,3,9,0,0,1,2,0,14,1,2,10,143,3,7,0,0,1,6,4,3,3,2,0,0,0,6,2,92,1,2,36,6447,30710,6816,6647,133,476,1013,3725,190,251,850,5694,2807,3170,224,1056,195,506,194,279,163,8,8,498,279,1502,69,418,823,71,572,77,92,385,11,13,190,43,191,7,10,17,33,21
0,0,0,1,0,0,0,22,60,4,2,12,8,2,2,2,2,1,30,21,4,9,0,9,2,0,4,0,0,3,1,0,8,2,2,14,12,3,7,0,4,0,1,2,3,1,0,0,0,3,1,1,27,0,0,13,752,6816,5176,2080,304,529,342,750,56,45,666,3704,5387,566,407,608,42,109,571,181,46,11,5,3043,191,641,28,127,487,31,187,28,48,100,10,6,58,19,72,8,4,7,24,25
0,1,0,10,0,1,7,211,902,18,14,38,135,10,5,32,9,3,77,321,17,23,14,39,83,2,52,3,1,11,9,5,48,3,10,55,806,17,20,3,6,11,25,11,25,2,2,1,1,1,5,3,70,0,8,39,1061,6647,2080,59327,579,737,1231,1888,84,88,409,1356,10594,5937,934,1212,10332,6194,227,162,948,17,14,172,158,1260,157,71,559,40,6903,547,74,582,139,23,383,33,152,37,13,37,104,85
4,8,6,18,2,1,9,21,49,64,7,9,1,37,16,37,4,3,76,9,25,39,1,20,4,4,8,1,8,56,6,8,4,0,46,150,70,2,91,1,40,28,36,7,2,0,5,15,5,14,60,185,333,29,46,533,17,133,304,579,28456,3887,1071,165,487,568,1481,705,2768,66,7342,3071,223,145,519,143,266,33,105,100,231,275,418,406,103,107,839,882,947,223,283,47,422,128,444,130,45,16629,12550,3405
0,2,0,1,0,0,2,4,14,3,1,5,4,2,1,4,0,0,10,11,2,2,2,6,4,0,4,0,0,1,2,2,5,1,0,3,13,1,6,0,2,1,5,2,2,0,2,0,0,0,1,5,40,1,4,20,40,476,529,737,3887,4263,4117,520,54,92,303,1018,769,73,3175,7168,47,119,235,23,71,5,6,138,33,197,47,104,27,23,149,79,157,46,22,10,105,100,106,9,6,95,179,266
1,0,0,4,0,0,1,23,46,6,3,36,25,3,0,4,2,0,4,105,2,8,17,3,94,4,63,0,0,2,2,7,53,3,2,3,8,18,6,0,0,2,10,16,45,2,10,0,0,1,4,2,41,2,1,20,517,1013,342,1231,1071,4117,14493,5627,73,224,262,3145,612,892,3721,8008,88,1607,436,68,508,16,11,454,145,4785,79,273,235,46,83,56,266,219,33,20,320,116,379,13,4,29,109,183
0,1,0,1,0,0,0,24,81,3,0,13,21,1,0,3,1,0,7,80,0,3,12,0,35,2,26,0,0,0,1,2,25,0,3,2,29,2,4,0,1,0,7,5,13,0,1,1,0,1,1,0,26,0,0,12,4767,3725,750,1888,165,520,5627,12067,102,195,452,4091,934,784,980,652,85,576,244,47,165,5,9,586,122,2975,48,393,135,19,193,32,155,62,8,9,79,34,145,7,1,6,33,36
35,96,63,238,51,18,126,5,13,46,2,5,7,206,49,31,0,1,6,24,2,56,2,5,15,2,11,0,21,159,5,0,8,1,68,25,45,4,118,1,50,19,41,6,10,1,5,106,35,5,16494,15886,19349,384,2020,6644,74,190,56,84,487,54,73,102,77265,17034,1913,89,459,227,140,613,69,234,334,574,152,85,5399,84,667,572,19876,1798,817,227,169,1196,1052,414,532,15,130,36,194,904,14741,527,1540,309
9,18,4,25,6,2,24,3,8,12,0,3,6,30,9,16,1,0,7,24,1,14,6,2,21,2,14,1,3,32,1,2,10,1,21,19,20,6,35,0,9,7,3,9,8,0,2,15,8,2,100,129,3832,15,95,387,98,251,45,88,568,92,224,195,17034,26812,4394,185,491,292,432,566,44,326,898,536,197,78,344,269,879,847,5800,6373,900,236,107,634,9787,421,191,28,188,42,355,255,169,298,3483,2692
12,13,13,53,13,3,21,7,25,49,4,8,10,73,14,41,0,0,23,25,15,59,4,4,17,2,3,0,8,97,6,4,12,0,60,130,73,4,165,1,53,36,34,4,7,2,4,13,15,12,99,83,5607,8,66,1511,246,850,666,409,1481,303,262,452,1913,4394,37933,843,11538,450,685,656,304,249,1661,322,107,27,165,7131,373,777,830,11079,806,80,322,4383,1093,358,374,10,115,22,163,313,119,310,912,351
0,0,1,0,0,0,0,2,13,1,1,1,0,2,0,0,0,0,5,8,2,2,2,1,3,0,4,0,0,1,0,0,2,2,1,2,18,0,3,1,0,1,1,4,0,0,2,0,0,0,2,5,40,0,2,15,393,5694,3704,1356,705,1018,3145,4091,89,185,843,6206,2694,59,7175,804,62,73,1608,27,47,4,3,3722,88,381,49,453,65,36,223,64,232,40,12,1,60,29,161,4,3,14,81,112
1,10,5,29,2,0,9,51,119,122,13,13,18,43,16,51,4,3,173,48,66,102,5,24,23,1,22,1,4,82,2,1,15,0,33,253,170,9,99,0,76,65,60,5,15,2,5,9,4,22,10,22,346,0,20,267,636,2807,5387,10594,2768,769,612,934,459,491,11538,2694,26395,1181,2064,1015,5682,1097,2565,370,246,25,123,4256,390,1241,830,949,963,62,2562,5396,538,591,743,30,295,28,197,91,27,294,833,586
0,2,0,7,1,0,2,244,469,6,10,123,241,8,4,16,6,4,20,624,6,39,55,16,305,9,136,0,1,3,5,10,212,1,11,32,94,43,15,0,2,5,21,34,156,2,12,2,0,3,5,6,139,2,13,68,2727,3170,566,5937,66,73,892,784,227,292,450,59,1181,21221,51,782,211,5419,54,1216,541,19,17,78,604,4834,113,235,6596,160,201,142,100,4428,44,19,637,29,218,16,9,9,59,31
0,0,0,2,0,0,3,12,14,15,2,4,0,3,0,6,1,0,18,7,4,12,1,5,7,4,10,0,2,14,0,4,4,3,6,27,25,1,4,1,9,6,11,8,3,0,5,1,0,4,3,8,63,1,3,43,16,224,407,934,7342,3175,3721,980,140,432,685,7175,2064,51,12183,1917,168,122,4970,112,161,20,21,1999,267,470,340,434,63,90,526,347,1386,151,65,30,261,112,462,28,11,141,724,2216
5,12,8,25,8,1,12,16,51,38,4,35,19,31,12,29,2,0,24,68,14,30,69,15,92,40,103,16,2,40,5,58,39,45,23,52,32,56,65,36,28,20,26,177,60,18,97,10,1,5,132,512,248,70,64,556,116,1056,608,1212,3071,7168,8008,652,613,566,656,804,1015,782,1917,42424,222,2626,419,866,2482,2499,1638,255,1078,5328,1412,417,557,1680,268,368,519,1899,212,698,3942,9717,7278,135,175,2536,1590,534
0,3,0,5,0,1,2,13,53,13,0,11,8,11,1,6,2,1,2,28,5,15,5,2,7,1,12,2,1,9,1,2,14,2,2,24,49,4,7,3,14,7,3,4,8,2,5,4,2,2,15,6,45,1,81,111,53,195,42,10332,223,47,88,85,69,44,304,62,5682,211,168,222,11292,2932,74,69,919,28,15,14,71,270,92,22,105,36,5074,4365,39,155,4305,131,554,9,66,638,49,38,123,77
0,1,0,10,0,1,3,135,279,15,17,109,138,11,10,10,6,2,21,484,14,42,119,24,377,19,239,8,1,10,7,26,228,15,4,19,46,132,21,9,4,11,28,133,178,4,51,3,0,5,8,7,91,1,44,31,469,506,109,6194,145,119,1607,576,234,326,249,73,1097,5419,122,2626,2932,20253,82,562,9881,115,34,84,578,5033,298,273,1688,201,763,336,203,2544,810,448,5020,68,581,250,20,26,153,110
1,0,1,3,0,1,1,2,11,22,0,1,3,4,3,8,0,1,17,12,7,11,1,3,7,2,5,0,1,12,0,1,1,0,6,30,19,3,8,0,12,8,6,0,2,1,3,0,0,3,2,6,109,2,9,33,38,194,571,227,519,235,436,244,334,898,1661,1608,2565,54,4970,419,74,82,6905,113,83,17,43,6551,198,351,405,2314,144,59,313,408,8763,83,65,9,81,29,211,27,8,54,512,1774
1,0,2,1,0,0,0,3,7,4,0,4,2,0,0,1,0,0,2,16,1,14,42,4,26,76,78,13,0,1,0,81,26,45,0,7,3,36,5,29,1,1,0,218,36,22,99,1,0,1,12,11,155,1,15,83,108,279,181,162,143,23,68,47,574,536,322,27,370,1216,112,866,69,562,113,30588,1390,330,49,71,7124,1317,383,422,7651,5734,64,49,186,10703,79,501,9925,149,819,69,29,31,154,87
0,0,1,2,1,0,3,11,40,20,8,31,24,7,4,5,5,0,5,64,3,24,89,10,111,69,161,41,1,2,1,97,62,54,3,10,7,82,12,85,3,5,10,213,88,30,142,2,1,4,6,2,34,3,67,19,195,163,46,948,266,71,508,165,152,197,107,47,246,541,161,2482,919,9881,83,1390,14960,1159,32,38,1678,2188,183,116,1354,733,974,121,166,719,980,5530,11864,207,1642,384,59,29,142,130
0,0,0,2,0,0,0,0,1,1,1,0,1,2,0,0,0,0,0,0,0,15,8,0,1,7,23,374,1,1,0,19,2,241,0,0,4,0,1,448,0,0,0,79,2,84,162,1,0,0,11,19,25,6,31,16,4,8,11,17,33,5,16,5,85,78,27,4,25,19,20,2499,28,115,17,330,1159,66481,1616,5,328,84,250,41,104,13330,292,14,40,165,188,21972,1296,21523,1248,134,32,548,63,23
11,12,11,37,6,3,14,2,3,14,1,0,0,30,6,11,0,0,6,2,2,6,0,3,1,0,3,7,1,19,2,0,1,3,22,11,9,1,29,2,6,6,11,0,0,1,5,11,4,1,1084,983,430,122,102,537,4,8,5,14,105,6,11,9,5399,344,165,3,123,17,21,1638,15,34,43,49,32,1616,126012,8,81,42,24981,83,72,220,66,186,166,31,100,159,53,897,77,107,20056,18194,693,80
0,1,0,0,0,0,1,1,5,6,0,3,0,2,1,1,0,0,3,3,0,2,2,1,6,0,3,0,1,4,0,0,2,0,1,3,2,1,2,0,1,2,4,2,2,1,1,0,0,0,2,4,42,1,0,8,103,498,3043,172,100,138,454,586,84,269,7131,3722,4256,78,1999,255,14,84,6551,71,38,5,8,7727,155,404,64,4511,203,32,48,64,1567,45,8,1,47,23,135,5,3,11,61,94
1,0,0,0,1,0,0,2,7,3,0,6,3,2,0,3,1,0,1,7,1,15,26,4,12,82,54,26,0,3,0,108,19,113,1,2,5,14,7,69,0,0,1,181,18,41,154,0,0,2,12,14,129,3,17,65,87,279,191,158,231,33,145,122,667,879,373,88,390,604,267,1078,71,578,198,7124,1678,328,81,155,12463,3251,847,596,4134,7816,72,43,459,2098,108,1137,5625,802,6779,55,31,57,294,230
0,1,0,6,1,1,4,67,141,8,6,72,65,5,5,12,3,0,12,224,9,20,82,4,213,25,169,6,0,10,3,48,122,7,3,16,29,71,17,0,4,4,17,105,101,5,41,1,0,3,10,6,164,1,22,77,2803,1502,641,1260,275,197,4785,2975,572,847,777,381,1241,4834,470,5328,270,5033,351,1317,2188,84,42,404,3251,18200,471,950,9886,327,179,165,606,2865,161,70,2470,129,2822,62,36,32,234,190
13,35,25,78,10,6,42,1,12,31,3,5,1,111,17,35,0,0,25,11,7,60,8,2,18,2,10,0,13,79,9,8,2,0,46,83,51,3,118,1,34,26,28,8,7,1,4,22,13,7,769,1976,912,209,137,1548,20,69,28,157,418,47,79,48,19876,5800,830,49,830,113,340,1412,92,298,405,383,183,250,24981,64,847,471,72547,950,358,337,409,647,2456,309,315,56,148,159,304,261,2869,9293,15221,1306
3,5,4,13,1,0,3,6,10,9,3,4,2,27,2,8,0,0,4,28,3,9,6,1,13,1,7,0,4,24,2,2,10,0,11,12,9,7,23,0,9,6,8,5,2,1,1,7,7,4,12,28,739,2,22,93,163,418,127,71,406,104,273,393,1798,6373,11079,453,949,235,434,417,22,273,2314,422,116,41,83,4511,596,950,950,12139,866,155,77,317,6091,282,131,13,119,31,259,151,52,137,639,383
0,1,1,11,1,0,4,15,43,13,4,57,19,11,7,4,2,0,6,86,3,32,107,16,224,24,170,5,1,12,2,30,115,8,4,15,6,150,23,2,4,9,20,178,104,6,63,1,0,5,27,20,377,4,17,171,305,823,487,559,103,27,235,135,817,900,806,65,963,6596,63,557,105,1688,144,7651,1354,104,72,203,4134,9886,358,866,12003,523,60,151,246,5275,81,56,1221,30,465,61,43,41,131,69
0,0,0,0,0,0,0,2,2,1,2,2,2,0,0,0,0,0,0,4,1,33,19,4,4,38,38,177,1,0,0,94,4,633,0,0,4,3,3,442,0,0,1,262,4,199,578,1,0,1,7,16,42,1,5,17,19,71,31,40,107,23,46,19,227,236,80,36,62,160,90,1680,36,201,59,5734,733,13330,220,32,7816,327,337,155,523,43064,49,27,138,833,71,7720,8342,13582,5826,31,13,152,124,88
2,2,1,25,3,9,31,97,563,61,17,19,65,26,16,57,7,6,155,90,52,54,3,51,21,0,5,5,6,42,4,1,6,6,33,157,1282,4,89,9,27,35,49,4,5,4,1,25,3,8,18,22,75,5,124,86,185,572,187,6903,839,149,83,193,169,107,322,223,2562,201,526,268,5074,763,313,64,974,292,66,48,72,179,409,77,60,49,4470,1835,95,79,4918,432,354,15,81,903,100,141,401,267
23,53,31,174,26,16,116,12,28,120,6,6,6,140,34,99,2,5,67,12,17,111,3,8,7,2,4,2,39,197,12,4,5,0,122,237,147,3,291,4,93,60,66,3,6,0,1,90,20,20,194,113,1532,44,1515,3189,22,77,28,547,882,79,56,32,1196,634,4383,64,5396,142,347,368,4365,336,408,49,121,14,186,64,43,165,647,317,151,27,1835,9835,164,253,7451,24,161,8,42,3365,306,247,602,236
0,0,0,3,0,0,0,2,4,1,1,2,1,7,0,3,2,1,5,9,4,3,3,1,11,2,8,0,2,11,0,2,4,1,4,10,11,6,15,1,10,6,4,5,5,0,2,0,0,1,7,21,127,2,5,48,33,92,48,74,947,157,266,155,1052,9787,1093,232,538,100,1386,519,39,203,8763,186,166,40,166,1567,459,606,2456,6091,246,138,95,164,27587,157,52,22,214,64,449,33,15,243,4017,9113
1,0,1,7,0,0,1,1,19,8,4,28,6,5,2,8,0,0,5,47,1,12,61,6,90,25,90,4,0,4,2,32,52,10,2,17,6,68,12,3,3,5,12,96,76,6,60,0,2,4,14,13,237,3,13,138,68,385,100,582,223,46,219,62,414,421,358,40,591,4428,151,1899,155,2544,83,10703,719,165,31,45,2098,2865,309,282,5275,833,79,253,157,13872,114,122,6525,105,1140,36,35,27,151,115
18,26,21,81,13,25,54,1,13,32,2,3,3,69,13,32,0,0,8,12,5,56,1,4,3,0,7,3,19,78,1,2,7,5,41,71,77,1,100,3,52,31,34,2,1,2,2,45,13,5,200,50,231,1942,2199,1513,9,11,10,139,283,22,33,8,532,191,374,12,743,44,65,212,4305,810,65,79,980,188,100,8,108,161,315,131,81,71,4918,7451,52,114,11373,453,577,13,105,9087,305,103,237,64
0,1,0,1,1,1,3,0,1,4,0,1,0,1,0,0,0,0,0,3,0,35,21,3,5,42,68,1147,9,3,1,119,6,1026,0,0,2,6,6,1668,6,0,2,404,6,382,762,1,0,0,3,3,2,0,46,6,2,13,6,23,47,10,20,9,15,28,10,1,30,19,30,698,131,448,9,501,5530,21972,159,1,1137,70,56,13,56,7720,432,24,22,122,453,41794,9012,2655,1648,214,30,64,30,29
0,0,0,3,0,1,5,5,25,3,1,21,7,6,2,1,3,0,6,30,3,45,95,9,67,161,152,89,3,4,1,229,60,294,1,10,3,89,13,182,6,4,7,518,70,101,400,0,0,4,11,7,66,2,70,37,48,190,58,383,422,105,320,79,130,188,115,60,295,637,261,3942,554,5020,81,9925,11864,1296,53,47,5625,2470,148,119,1221,8342,354,161,214,6525,577,9012,29803,1018,3682,263,59,51,190,193
0,0,1,0,0,0,0,0,1,0,0,0,0,0,0,0,0,0,1,3,0,6,7,0,3,5,10,94,2,0,1,16,2,217,0,0,1,1,2,181,5,0,0,71,1,67,148,0,0,0,4,11,4,0,1,4,2,43,19,33,128,100,116,34,36,42,22,29,28,29,112,9717,9,68,29,149,207,21523,897,23,802,129,159,31,30,13582,15,8,64,105,13,2655,1018,27715,10468,8,16,386,82,59
0,0,0,0,0,0,1,1,4,6,0,5,4,0,1,1,0,0,2,17,3,12,29,2,15,61,48,37,2,2,0,81,7,188,1,2,3,17,3,109,1,1,3,201,15,77,223,2,0,1,4,7,40,1,8,12,53,191,72,152,444,106,379,145,194,355,163,161,197,218,462,7278,66,581,211,819,1642,1248,77,135,6779,2822,304,259,465,5826,81,42,449,1140,105,1648,3682,10468,12526,43,9,61,179,266
20,71,67,224,37,48,216,0,2,6,0,1,0,67,14,16,0,0,2,4,0,11,1,2,3,0,2,1,6,29,3,0,0,3,36,12,21,0,30,2,20,3,14,0,0,1,1,147,9,2,673,181,446,1177,7645,2240,3,7,8,37,130,9,13,7,904,255,313,4,91,16,28,135,638,250,27,69,384,134,107,5,55,62,261,151,61,31,903,3365,33,36,9087,214,263,8,43,5614,795,89,200,50
15,25,29,56,13,15,48,0,1,8,0,0,1,39,6,5,0,0,1,2,0,8,0,0,0,0,1,0,1,18,1,0,1,1,7,7,5,0,22,0,4,3,5,1,0,0,0,27,12,0,11495,1800,894,454,4441,936,2,10,4,13,45,6,4,1,14741,169,119,3,27,9,11,175,49,20,8,29,59,32,20056,3,31,36,2869,52,43,13,100,306,15,35,305,30,59,16,9,795,47483,252,258,14
3,8,3,18,5,2,5,0,3,18,3,1,1,22,2,14,2,0,14,2,3,18,0,0,1,0,3,1,2,22,2,1,0,1,19,45,19,1,37,1,12,6,16,2,2,1,0,10,7,5,149,480,187,60,34,525,2,17,7,37,16629,95,29,6,527,298,310,14,294,9,141,2536,38,26,54,31,29,548,18194,11,57,32,9293,137,41,152,141,247,243,27,103,64,51,386,61,89,252,39158,6707,348
4,13,13,34,7,1,20,6,16,44,3,2,4,56,10,36,1,1,36,13,12,35,3,7,8,5,8,0,6,45,3,0,6,2,36,90,59,1,85,0,40,23,28,2,3,1,5,13,5,8,133,589,532,68,65,889,9,33,24,104,12550,179,109,33,1540,3483,912,81,833,59,724,1590,123,153,512,154,142,63,693,61,294,234,15221,639,131,124,401,602,4017,151,237,30,190,82,179,200,258,6707,25370,6417
0,1,0,4,0,0,2,1,4,18,0,0,1,8,1,7,1,0,24,2,3,10,1,3,8,2,4,1,0,14,0,1,0,0,11,33,11,6,13,0,11,7,2,4,0,2,2,2,1,3,10,36,81,0,8,96,7,21,25,85,3405,266,183,36,309,2692,351,112,586,31,2216,534,77,110,1774,87,130,23,80,94,230,190,1306,383,69,88,267,236,9113,115,64,29,193,59,266,50,14,348,6417,8585
