12392,3087,7456,1404,8159,559,350,6,5,28,0,2,2,9366,407,71,0,0,2,9,2,331,0,3,11,3,8,20,547,1151,3,12,5,3,86,12,38,11,103,6,510,40,43,8,19,6,14,135,2127,8,8,16,23,4,13,71,0,0,0,1,3,0,0,0,31,10,11,0,2,0,1,1,1,0,1,0,0,0,2,0,0,0,7,4,2,0,0,25,1,0,17,0,1,0,0,27,9,3,5,0
3087,32314,7048,17719,1204,194,739,8,16,145,2,3,6,8658,6695,141,2,1,18,23,7,848,8,1,15,4,11,28,483,2213,5,15,6,13,160,26,47,22,179,4,912,172,60,15,27,17,13,397,770,47,31,46,26,18,44,215,0,0,0,0,3,0,0,0,64,19,16,0,0,3,0,5,2,0,0,0,0,0,12,0,1,0,21,7,1,0,2,59,0,0,17,1,0,0,0,94,26,7,12,1
7456,7048,34039,7476,8882,5924,6158,2,4,55,1,4,0,1002,120,29,1,0,5,4,1,358,4,2,2,1,3,23,243,929,1,2,3,2,43,11,15,3,54,7,487,58,6,6,10,20,9,174,353,12,10,12,10,22,24,80,0,0,0,0,1,0,0,0,30,4,5,0,0,0,0,3,0,0,0,0,0,0,2,0,0,0,7,0,0,0,0,16,0,0,5,0,0,0,0,43,6,4,1,1
1404,17719,7476,33565,1311,1001,9741,129,317,716,17,56,76,9029,14278,10676,39,12,162,426,83,1051,58,70,348,123,166,55,607,3792,370,220,172,95,1823,651,454,505,1704,15,1482,668,2675,284,687,39,128,2596,911,457,106,151,136,52,196,792,3,3,7,25,17,0,2,9,284,45,98,1,46,26,5,23,7,30,7,1,5,0,33,2,0,16,73,23,12,0,29,245,13,9,117,0,3,1,2,342,79,18,24,16
8159,1204,8882,1311,15756,15351,1527,2,9,24,0,3,0,2231,258,126,1,1,3,9,6,76,6,1,9,3,11,10,299,397,3,6,4,3,143,17,26,4,189,5,150,11,35,9,10,5,5,394,3913,3,27,30,33,23,36,119,0,0,0,0,4,0,0,0,64,11,16,1,4,1,1,2,0,1,1,0,0,0,9,0,0,1,8,9,0,0,3,40,2,1,26,0,0,0,0,48,11,8,4,4
559,194,5924,1001,15351,21410,9626,0,6,28,0,0,2,172,31,43,0,0,2,3,3,43,8,4,6,4,34,12,206,131,0,9,6,9,102,10,35,7,166,22,71,15,27,27,10,3,10,2225,1665,3,15,23,9,122,46,127,0,0,0,1,1,0,0,0,20,2,1,0,0,0,0,1,0,0,0,0,0,0,5,0,0,0,5,4,0,0,0,14,0,1,14,0,0,0,0,71,28,1,1,1
350,739,6158,9741,1527,9626,15262,50,220,446,9,36,13,637,443,3930,11,2,72,153,58,462,22,101,108,41,80,18,208,881,134,59,40,36,3528,647,311,136,2322,15,571,280,735,99,125,10,45,3586,268,63,103,132,106,126,210,778,0,1,3,11,14,0,1,1,180,30,55,1,31,9,4,13,8,10,0,1,0,0,36,2,1,4,72,18,5,0,22,166,4,6,99,2,2,0,0,335,74,16,19,10
6,8,2,129,2,0,50,47227,7704,318,568,947,8471,140,254,1086,4125,5430,1832,6839,1338,1862,237,101,569,101,539,32,20,93,1285,504,2440,82,47,180,465,596,53,5,72,75,1513,258,2266,60,258,4,10,80,0,2,3,0,0,12,70,76,38,462,39,2,27,65,8,3,32,6,114,233,18,21,45,211,12,0,45,1,2,2,0,55,20,7,23,2,78,16,8,8,7,1,7,1,7,3,1,6,12,7
5,16,4,317,9,6,220,7704,61345,478,544,1857,2881,108,193,861,1858,251,7375,7854,1496,1358,377,6313,5248,66,3943,45,25,102,283,174,1296,52,478,3726,7437,502,728,55,106,114,760,722,614,89,262,23,9,115,1,0,20,0,2,24,295,349,105,2221,71,7,100,219,25,12,91,55,302,653,56,70,168,616,38,2,125,0,11,12,9,138,55,11,50,5,552,83,24,26,33,1,20,1,10,3,2,13,36,51
28,145,55,716,24,28,446,318,478,33896,3704,2464,233,394,645,1817,225,15,1496,176,4295,8379,559,99,221,89,379,102,218,476,260,303,457,96,470,1469,662,292,821,40,16762,8833,3176,595,214,336,671,200,41,4581,9,7,31,0,7,60,1,3,13,26,60,5,7,3,58,25,133,5,216,13,14,38,20,38,26,1,26,0,19,9,5,22,53,29,36,3,61,235,51,14,72,2,19,2,8,28,9,26,50,48
0,2,1,17,0,0,9,568,544,3704,2834,5756,480,14,26,219,591,29,526,60,1430,3598,902,28,55,27,77,26,19,16,64,30,78,26,17,133,74,60,41,13,108,85,219,159,46,167,140,3,1,43,0,0,1,0,0,1,2,0,4,16,2,0,1,2,0,1,4,0,18,4,4,4,3,3,7,1,3,0,1,2,4,5,1,2,6,2,5,4,2,3,3,2,6,0,1,0,0,0,1,4
2,3,4,56,3,0,36,947,1857,2464,5756,17270,9280,58,110,286,5225,87,521,966,6059,4571,7651,93,1163,92,1040,120,39,100,426,206,6388,94,59,252,249,444,156,30,212,180,1083,752,425,559,1072,17,6,140,0,0,3,0,0,2,19,9,10,74,9,2,32,20,3,4,8,1,47,124,4,28,12,160,5,4,49,0,0,2,4,60,4,5,61,3,22,26,4,26,6,7,34,1,12,1,0,3,8,4
2,6,0,76,0,2,13,8471,2881,233,480,9280,17527,145,311,505,5308,384,458,2224,1769,891,677,48,613,28,877,32,24,176,692,199,4612,29,34,96,306,191,53,4,88,95,1446,234,413,106,461,5,5,137,0,1,6,0,0,1,53,52,3,219,2,1,36,38,6,7,7,4,24,207,1,26,15,183,2,3,42,0,0,0,3,57,5,2,17,1,23,7,3,9,1,4,6,1,3,1,0,1,2,4
9366,8658,1002,9029,2231,172,637,140,108,394,14,58,145,42223,12431,1357,39,26,131,255,127,615,41,23,258,79,132,83,3478,23202,113,367,380,78,491,265,293,296,609,18,1670,1223,2808,227,775,44,226,553,7311,3797,45,55,72,16,54,226,1,2,1,15,19,0,3,0,159,39,87,1,33,23,3,24,5,27,8,2,6,2,31,0,0,15,59,33,10,1,15,165,12,4,67,0,2,0,0,75,24,16,17,14
407,6695,120,14278,258,31,443,254,193,645,26,110,311,12431,22245,1708,86,38,115,350,254,427,46,22,275,76,148,66,345,3554,290,481,548,116,341,227,203,357,446,15,914,1877,12038,268,956,21,279,470,563,7759,28,32,41,4,33,152,2,2,1,10,6,0,6,3,66,17,42,1,25,20,1,13,0,27,4,1,8,0,16,0,4,11,22,6,9,2,15,78,4,5,34,1,6,1,1,46,20,9,10,7
71,141,29,10676,126,43,3930,1086,861,1817,219,286,505,1357,1708,39777,664,889,4055,823,1162,848,77,89,294,77,159,25,156,814,10954,184,364,45,4215,3844,514,428,1195,12,623,412,14943,245,752,25,138,603,207,220,10,20,51,8,17,128,9,6,13,42,58,2,5,5,110,39,151,2,149,21,18,31,20,31,17,1,5,3,35,5,0,20,87,38,15,1,48,277,37,5,131,0,4,0,2,54,12,34,53,58
0,2,1,39,1,0,11,4125,1858,225,591,5225,5308,39,86,664,4893,1732,845,196,4178,703,390,47,75,12,104,13,6,35,1801,98,734,17,22,125,171,72,29,8,29,31,872,113,138,90,246,1,2,46,0,0,0,0,0,1,1,7,5,21,4,0,0,0,0,0,3,0,21,8,1,4,3,17,3,3,7,2,0,0,1,9,1,0,9,0,7,8,2,5,1,1,7,0,5,0,0,4,2,4
0,1,0,12,1,0,2,5430,251,15,29,87,384,26,38,889,1732,2515,1766,70,393,60,26,15,17,4,15,2,0,14,1539,35,136,0,3,15,46,16,6,0,6,3,423,10,79,3,27,0,0,11,0,0,0,0,0,0,0,0,4,11,5,1,1,0,0,1,2,2,5,3,0,3,0,2,3,0,1,0,0,0,0,0,1,0,1,0,5,2,0,0,1,0,0,0,1,0,0,0,3,3
2,18,5,162,3,2,72,1832,7375,1496,526,521,458,131,115,4055,845,1766,10888,1092,2021,689,106,980,234,33,178,11,35,266,2380,92,263,30,98,3439,919,147,302,13,262,239,1364,173,359,23,99,13,15,133,4,2,24,0,2,12,3,8,47,114,140,6,11,7,20,18,132,17,531,26,60,36,51,22,83,3,8,0,8,24,3,15,54,23,9,0,139,189,68,6,53,0,7,0,4,6,0,24,64,88
9,23,4,426,9,3,153,6839,7854,176,60,966,2224,255,350,823,196,70,1092,26478,170,626,356,114,2895,268,1524,87,28,179,225,1168,4937,179,191,808,229,5475,166,27,88,103,1297,1510,8524,70,535,18,10,118,2,0,13,0,0,8,168,92,8,462,9,5,106,160,20,19,33,13,50,612,3,55,38,639,3,10,105,1,2,2,6,244,11,9,102,5,28,41,14,35,17,2,29,4,12,5,2,2,13,5
2,7,1,83,6,3,58,1338,1496,4295,1430,6059,1769,127,254,1162,4178,393,2021,170,16071,943,712,95,213,41,250,67,26,232,2312,238,622,54,152,914,509,163,203,14,304,499,7861,297,199,167,503,19,6,865,1,0,6,0,0,8,2,2,13,34,33,3,6,3,2,7,55,4,171,15,8,18,27,29,16,3,17,1,3,3,3,22,17,6,14,1,38,53,11,10,10,2,12,0,3,1,2,3,17,15
331,848,358,1051,76,43,462,1862,1358,8379,3598,4571,891,615,427,848,703,60,689,626,943,22098,4867,71,558,316,769,2204,4416,735,177,339,420,976,205,498,279,424,488,630,20260,1073,1032,1679,380,6965,1551,131,67,399,8,5,37,3,16,58,8,12,5,43,23,0,15,8,57,25,77,3,85,61,9,46,21,87,15,18,43,23,12,5,26,61,44,29,55,39,25,160,39,31,60,57,66,24,36,19,10,11,45,30
0,8,4,58,6,8,22,237,377,559,902,7651,677,41,46,77,390,26,106,356,712,4867,11856,108,876,529,1957,610,69,72,80,583,2563,418,29,110,45,1048,314,166,109,124,330,3136,642,6672,7240,56,26,75,0,1,2,0,0,0,6,5,6,22,8,3,32,9,1,8,9,4,12,68,3,95,8,140,4,48,117,6,0,1,28,116,4,1,152,21,4,5,4,113,9,21,151,6,48,1,0,2,3,1
3,1,2,70,1,4,101,101,6313,99,28,93,48,23,22,89,47,15,980,114,95,71,108,6026,390,52,1713,36,9,38,31,90,109,32,410,3895,3740,64,4536,137,30,39,95,428,80,12,138,26,4,17,0,1,3,0,0,6,5,13,6,91,20,3,2,3,7,3,31,1,93,19,4,14,15,27,6,3,7,1,3,2,0,13,9,4,13,1,52,30,4,4,11,2,7,0,3,4,0,5,12,9
11,15,2,348,9,6,108,569,5248,221,55,1163,613,258,275,294,75,17,234,2895,213,558,876,390,4610,205,5097,47,36,258,106,401,2486,142,153,493,118,1123,301,50,171,170,796,3161,1403,91,558,31,18,165,0,0,7,0,0,4,53,28,9,155,4,3,117,77,11,23,19,5,38,494,8,130,33,695,7,12,96,3,4,5,16,296,15,13,223,4,14,20,13,100,11,2,62,3,27,0,1,2,10,7
3,4,1,123,3,4,41,101,66,89,27,92,28,79,76,77,12,4,33,268,41,316,529,52,205,20967,1465,278,24,70,34,9959,323,8499,23,38,29,7473,187,201,44,31,273,10741,3911,460,2588,44,14,22,0,0,4,0,1,1,1,2,1,5,7,4,5,1,6,8,2,0,2,13,5,101,3,29,4,134,102,11,2,1,162,70,4,1,63,74,3,3,4,71,7,44,324,12,128,2,0,1,7,3
8,11,3,166,11,34,80,539,3943,379,77,1040,877,132,148,159,104,15,178,1524,250,769,1957,1713,5097,1465,19802,1913,72,197,72,2140,2142,960,181,560,2295,977,2777,5612,189,170,557,13750,1563,521,2962,499,80,155,2,1,5,0,1,7,46,20,4,142,7,8,85,53,10,18,14,4,36,239,7,190,33,428,5,96,251,25,1,4,72,247,21,17,241,57,12,23,13,153,11,53,260,16,80,4,0,3,13,8
20,28,23,55,10,12,18,32,45,102,26,120,32,83,66,25,13,2,11,87,67,2204,610,36,47,278,1913,81224,1236,196,14,688,177,12112,12,20,229,189,327,23880,617,60,155,1864,320,16999,10648,118,34,37,1,0,1,0,0,0,0,1,1,1,2,0,0,0,1,1,2,0,2,3,1,23,0,3,0,11,25,462,4,0,26,10,2,0,7,205,0,3,1,8,5,630,136,119,47,3,2,1,0,1
547,483,243,607,299,206,208,20,25,218,19,39,24,3478,345,156,6,0,35,28,26,4416,69,9,36,24,72,1236,130062,16922,18,59,42,198,71,82,112,43,175,252,29604,375,236,133,60,1089,228,221,8681,167,4,4,7,0,10,25,0,1,0,0,8,0,0,1,20,4,22,0,14,0,2,5,1,4,2,1,2,7,2,0,3,1,6,2,4,8,5,32,3,1,14,8,5,3,1,7,4,1,3,6
1151,2213,929,3792,397,131,881,93,102,476,16,100,176,23202,3554,814,35,14,266,179,232,735,72,38,258,70,197,196,16922,42408,109,430,364,81,292,409,363,226,568,35,9943,3041,2495,242,498,131,315,332,1382,2586,35,25,61,6,27,122,2,3,5,17,36,2,4,1,105,30,142,1,84,19,6,22,9,35,10,2,7,0,24,2,4,12,63,30,28,1,31,234,28,9,97,2,3,1,1,46,22,16,38,27
3,5,1,370,3,0,134,1285,283,260,64,426,692,113,290,10954,1801,1539,2380,225,2312,177,80,31,106,34,72,14,18,109,11353,175,428,27,176,295,122,146,134,4,58,75,11009,98,457,10,165,37,14,76,0,6,8,0,1,6,1,5,5,21,13,0,4,1,11,4,29,1,56,10,4,0,11,13,4,1,5,0,2,1,1,7,10,2,10,0,21,42,5,5,12,0,3,1,0,4,2,2,5,5
12,15,2,220,6,9,59,504,174,303,30,206,199,367,481,184,98,35,92,1168,238,339,583,90,401,9959,2140,688,59,430,175,30540,6189,6123,32,87,61,2793,302,674,239,253,1285,7239,9052,1001,18310,83,42,289,0,0,3,1,0,1,7,7,1,14,7,5,14,2,2,11,6,4,9,22,2,111,5,66,1,153,170,36,1,2,142,94,7,3,151,205,3,7,7,79,4,150,465,45,179,3,1,1,6,3
5,6,3,172,4,6,40,2440,1296,457,78,6388,4612,380,548,364,734,136,263,4937,622,420,2563,109,2486,323,2142,177,42,364,428,6189,14192,288,60,178,90,2002,309,31,263,359,1890,2047,7210,268,6454,40,21,423,0,0,4,0,0,4,27,19,6,107,5,2,59,44,13,7,11,3,22,300,3,86,14,410,2,17,108,6,0,2,7,175,8,8,186,6,10,15,5,83,2,4,71,1,25,0,1,4,1,3
3,13,2,95,3,9,36,82,52,96,26,94,29,78,116,45,17,0,30,179,54,976,418,32,142,8499,960,12112,198,81,27,6123,288,27009,13,47,72,1372,193,8555,172,47,212,14803,1309,3854,13438,73,12,35,1,1,0,0,1,0,0,3,2,2,4,1,3,0,4,3,1,0,3,7,5,88,1,15,0,100,96,293,14,0,176,24,12,4,29,847,3,3,3,22,3,875,521,418,350,6,1,1,3,1
86,160,43,1823,143,102,3528,47,478,470,17,59,34,491,341,4215,22,3,98,191,152,205,29,410,153,23,181,12,71,292,176,32,60,13,2704,2833,670,76,4813,25,263,140,1016,115,58,8,36,1390,143,65,22,33,51,9,30,159,1,3,7,25,40,0,3,4,121,44,139,1,84,10,6,24,8,14,18,1,4,3,30,1,0,8,60,33,10,2,47,274,30,5,113,0,4,2,0,63,26,23,38,26
12,26,11,651,17,10,647,180,3726,1469,133,252,96,265,227,3844,125,15,3439,808,914,498,110,3895,493,38,560,20,82,409,295,87,178,47,2833,9186,2668,145,4687,62,534,370,1657,342,143,18,117,80,43,252,7,5,39,2,7,36,13,18,27,106,135,6,9,9,54,27,275,8,574,39,41,55,63,56,64,1,12,0,28,15,2,15,100,46,17,1,173,475,95,5,139,0,10,3,5,16,9,35,110,115
38,47,15,454,26,35,311,465,7437,662,74,249,306,293,203,514,171,46,919,229,509,279,45,3740,118,29,2295,229,112,363,122,61,90,72,670,2668,3260,42,9728,540,407,217,887,264,48,48,119,1005,132,150,1,7,35,2,8,40,22,52,26,344,56,2,9,14,42,22,85,17,120,21,30,22,47,25,27,3,5,2,12,7,1,8,45,23,2,1,392,166,42,11,96,8,5,4,3,48,8,17,36,41
11,22,3,505,4,7,136,596,502,292,60,444,191,296,357,428,72,16,147,5475,163,424,1048,64,1123,7473,977,189,43,226,146,2793,2002,1372,76,145,42,11991,196,67,164,151,1044,10331,9727,186,2070,39,30,138,1,0,4,0,2,2,4,3,3,21,6,2,28,10,5,6,15,2,9,108,2,91,4,181,3,28,141,9,1,1,18,134,5,6,178,14,5,10,3,91,2,5,102,4,21,0,3,2,7,4
103,179,54,1704,189,166,2322,53,728,821,41,156,53,609,446,1195,29,6,302,166,203,488,314,4536,301,187,2777,327,175,568,134,302,309,193,4813,4687,9728,196,35550,1028,516,282,1157,1340,205,91,448,6343,370,113,36,45,100,15,28,208,4,3,14,51,92,4,3,4,196,81,368,4,325,20,18,74,22,25,28,5,27,4,71,2,8,26,144,56,32,10,138,606,45,21,216,8,31,3,2,65,30,71,119,55
6,4,7,15,5,22,15,5,55,40,13,30,4,18,15,12,8,0,13,27,14,630,166,137,50,201,5612,23880,252,35,4,674,31,8555,25,62,540,67,1028,35919,105,11,39,11537,70,3013,2808,347,76,3,1,1,1,0,1,0,0,0,2,1,1,0,3,1,2,4,3,0,1,2,3,58,1,7,1,64,79,775,18,0,101,9,11,1,7,701,4,3,2,10,7,1343,389,393,226,2,1,6,1,4
510,912,487,1482,150,71,571,72,106,16762,108,212,88,1670,914,623,29,6,262,88,304,20260,109,30,171,44,189,617,29604,9943,58,239,263,172,263,534,407,164,516,105,76944,11045,1280,264,236,425,335,218,142,1747,5,5,34,1,9,60,0,0,3,11,28,1,1,1,61,27,98,2,103,11,3,25,8,12,13,3,7,3,9,3,0,8,31,19,9,11,38,132,22,6,60,5,6,3,3,20,10,12,33,13
40,172,58,668,11,15,280,75,114,8833,85,180,95,1223,1877,412,31,3,239,103,499,1073,124,39,170,31,170,60,375,3041,75,253,359,47,140,370,217,151,282,11,11045,15020,2320,241,249,64,314,82,19,8880,5,5,17,1,4,27,0,1,4,9,17,0,3,0,24,7,42,0,74,12,2,12,3,20,2,3,9,1,6,0,3,10,12,7,13,1,17,73,19,8,22,1,8,2,1,8,3,8,12,20
43,60,6,2675,35,27,735,1513,760,3176,219,1083,1446,2808,12038,14943,872,423,1364,1297,7861,1032,330,95,796,273,557,155,236,2495,11009,1285,1890,212,1016,1657,887,1044,1157,39,1280,2320,44906,797,2905,111,886,519,134,5700,24,18,70,4,20,102,6,7,11,65,51,3,18,9,84,37,169,7,238,63,10,39,17,63,19,5,31,0,30,1,4,38,69,28,33,1,79,249,25,15,103,3,17,1,8,35,14,23,61,30
8,15,6,284,9,27,99,258,722,595,159,752,234,227,268,245,113,10,173,1510,297,1679,3136,428,3161,10741,13750,1864,133,242,98,7239,2047,14803,115,342,264,10331,1340,11537,264,241,797,52903,2780,2464,8502,280,91,174,0,0,6,0,1,1,7,9,7,35,22,7,39,12,14,17,13,3,11,110,7,249,13,259,5,271,334,142,10,1,323,244,21,6,313,436,9,16,10,217,12,406,969,135,371,11,1,6,9,13
19,27,10,687,10,10,125,2266,614,214,46,425,413,775,956,752,138,79,359,8524,199,380,642,80,1403,3911,1563,320,60,498,457,9052,7210,1309,58,143,48,9727,205,70,236,249,2905,2780,18095,153,2105,34,39,295,1,1,7,1,1,8,10,10,1,42,2,4,47,20,9,12,14,1,11,208,2,89,10,282,3,9,125,1,0,3,17,146,12,11,168,9,2,13,5,79,7,9,93,5,22,2,0,1,2,5
6,17,20,39,5,3,10,60,89,336,167,559,106,44,21,25,90,3,23,70,167,6965,6672,12,91,460,521,16999,1089,131,10,1001,268,3854,8,18,48,186,91,3013,425,64,111,2464,153,20686,16251,33,13,34,0,0,0,0,0,0,1,2,0,2,2,2,5,1,3,1,2,0,0,7,1,35,1,15,0,40,44,177,3,0,50,11,6,2,13,267,2,5,3,14,0,335,186,121,82,3,0,2,2,1
14,13,9,128,5,10,45,258,262,671,140,1072,461,226,279,138,246,27,99,535,503,1551,7240,138,558,2588,2962,10648,228,315,165,18310,6454,13438,36,117,119,2070,448,2808,335,314,886,8502,2105,16251,42305,99,43,273,0,0,7,0,0,2,8,10,4,23,5,3,22,6,8,6,13,8,14,58,5,183,5,119,1,145,227,250,13,2,210,141,12,5,204,672,4,4,6,151,6,704,729,392,344,2,1,2,3,5
135,397,174,2596,394,2225,3586,4,23,200,3,17,5,553,470,603,1,0,13,18,19,131,56,26,31,44,499,118,221,332,37,83,40,73,1390,80,1005,39,6343,347,218,82,519,280,34,33,99,5240,832,34,54,81,60,21,112,406,1,0,1,0,16,1,0,0,146,21,33,0,14,1,2,8,1,0,0,1,4,2,16,0,1,4,24,11,4,2,7,107,3,3,58,4,2,0,1,218,34,7,8,4
2127,770,353,911,3913,1665,268,10,9,41,1,6,5,7311,563,207,2,0,15,10,6,67,26,4,18,14,80,34,8681,1382,14,42,21,12,143,43,132,30,370,76,142,19,134,91,39,13,43,832,9680,8,19,18,27,8,13,95,0,0,0,2,3,0,1,1,53,13,20,0,5,0,0,4,0,1,0,0,1,0,8,1,0,1,20,7,2,0,1,41,1,1,28,0,0,0,0,24,15,3,5,4
8,47,12,457,3,3,63,80,115,4581,43,140,137,3797,7759,220,46,11,133,118,865,399,75,17,165,22,155,37,167,2586,76,289,423,35,65,252,150,138,113,3,1747,8880,5700,174,295,34,273,34,8,12406,2,1,4,0,2,6,1,1,4,3,4,0,2,0,8,3,18,0,37,7,3,8,8,17,1,1,6,0,1,1,2,8,3,3,11,0,12,34,2,0,11,1,4,2,1,6,2,1,8,3
8,31,10,106,27,15,103,0,1,9,0,0,0,45,28,10,0,0,4,2,1,8,0,0,0,0,2,1,4,35,0,0,0,1,22,7,1,1,36,1,5,5,24,0,1,0,0,54,19,2,27747,12224,1869,14046,6947,4970,2,1,1,3,39,3,0,1,11004,54,97,2,14,3,3,115,2,11,3,8,19,35,1443,0,5,10,932,12,15,26,8,234,11,6,209,12,23,32,8,493,9002,166,73,20
16,46,12,151,30,23,132,2,0,7,0,0,1,55,32,20,0,0,2,0,0,5,1,1,0,0,1,0,4,25,6,0,0,1,33,5,7,0,45,1,5,5,18,0,1,0,0,81,18,1,12224,47406,6920,11575,1660,11857,1,1,2,14,127,12,1,2,10498,123,85,1,23,8,8,375,1,7,9,18,9,53,1261,3,11,12,2149,19,27,48,18,222,30,6,125,14,14,50,18,295,1835,452,333,31
23,26,10,136,33,9,106,3,20,31,1,3,6,72,41,51,0,0,24,13,6,37,2,3,7,4,5,1,7,61,8,3,4,0,51,39,35,4,100,1,34,17,70,6,7,0,7,60,27,4,1869,6920,32962,104,402,13717,39,64,15,90,465,46,49,83,28652,7309,10134,73,275,289,106,435,25,121,232,182,56,100,833,87,223,400,2046,1495,902,158,111,2774,288,311,721,19,117,29,106,666,1572,402,802,270
4,18,22,52,23,122,126,0,0,0,0,0,0,16,4,8,0,0,0,0,0,3,0,0,0,0,0,0,0,6,0,1,0,0,9,2,2,0,15,0,1,1,4,0,1,0,0,21,8,0,14046,11575,104,27040,17748,13355,0,1,0,6,26,4,0,1,696,16,30,2,13,0,2,105,3,5,0,6,5,35,567,0,7,4,752,5,6,24,7,140,4,6,913,9,10,30,6,905,1117,161,78,9
13,44,24,196,36,46,210,0,2,7,0,0,0,54,33,17,0,0,2,0,0,16,0,0,0,1,1,0,10,27,1,0,0,1,30,7,8,2,28,1,9,4,20,1,1,0,0,112,13,2,6947,1660,402,17748,20409,13022,0,2,0,12,36,3,3,2,1718,60,76,1,24,7,5,60,19,70,7,9,118,22,211,0,22,21,239,22,35,14,152,2235,8,13,3557,44,94,11,18,7740,2585,44,41,32
71,215,80,792,119,127,778,12,24,60,1,2,1,226,152,128,1,0,12,8,8,58,0,6,4,1,7,0,25,122,6,1,4,0,159,36,40,2,208,0,60,27,102,1,8,0,2,406,95,6,4970,11857,13717,13355,13022,30090,19,24,14,69,537,21,30,20,8985,491,3853,18,233,126,62,627,52,64,111,79,35,71,1107,14,90,148,2589,205,357,87,112,6268,149,180,2007,13,62,60,57,2226,1821,690,1004,297
0,0,0,3,0,0,0,70,295,1,2,19,53,1,2,9,1,0,3,168,2,8,6,5,53,1,46,0,0,2,1,7,27,0,1,13,22,4,4,0,0,0,6,7,10,1,8,1,0,1,2,1,39,0,0,19,3801,6634,871,1474,16,29,491,4952,49,94,372,580,776,2963,38,180,65,636,77,43,413,4,5,137,44,2316,19,192,386,18,282,50,64,39,10,5,43,10,32,2,1,6,7,12
0,0,0,3,0,0,1,76,349,3,0,9,52,2,2,6,7,0,8,92,2,12,5,13,28,2,20,1,1,3,5,7,19,3,3,18,52,3,3,0,0,1,7,9,10,2,10,0,0,1,1,1,64,1,2,24,6634,28542,5383,8058,156,234,877,3145,97,138,677,4165,2384,3067,375,1109,112,546,222,87,188,20,23,235,122,1574,147,283,713,48,469,103,93,174,16,9,129,67,164,5,3,25,69,60
0,0,0,7,0,0,3,38,105,13,4,10,3,1,1,13,5,4,47,8,13,5,6,6,9,1,4,1,0,5,5,1,6,2,7,27,26,3,14,2,3,4,11,7,1,0,4,1,0,4,1,2,15,0,0,14,871,5383,5733,2373,330,360,365,858,18,66,591,3164,4605,798,526,783,49,101,926,45,55,9,6,1949,94,903,35,187,485,27,261,37,94,79,11,2,54,30,94,4,0,22,48,57
1,0,0,25,0,1,11,462,2221,26,16,74,219,15,10,42,21,11,114,462,34,43,22,91,155,5,142,1,0,17,21,14,107,2,25,106,344,21,51,1,11,9,65,35,42,2,23,0,2,3,3,14,90,6,12,69,1474,8058,2373,56724,893,442,1418,2767,191,178,692,2114,9600,7816,1654,1907,7612,7235,571,103,1343,42,91,213,139,1528,561,122,756,56,7013,973,223,501,301,27,404,79,233,31,20,133,385,351
3,3,1,17,4,1,14,39,71,60,2,9,2,19,6,58,4,5,140,9,33,23,8,20,4,7,7,2,8,36,13,7,5,4,40,135,56,6,92,1,28,17,51,22,2,2,5,16,3,4,39,127,465,26,36,537,16,156,330,893,30824,3131,1123,181,376,540,1634,407,2725,74,5492,3658,192,127,403,143,218,94,193,124,176,249,792,320,122,130,701,1174,1193,144,343,19,365,170,390,107,23,12075,12447,5297
0,0,0,0,0,0,0,2,7,5,0,2,1,0,0,2,0,1,6,5,3,0,3,3,3,4,8,0,0,2,0,5,2,1,0,6,2,2,4,0,1,0,3,7,4,2,3,1,0,0,3,12,46,4,3,21,29,234,360,442,3131,4397,3063,293,32,70,214,522,549,79,2560,7051,19,122,235,32,76,25,35,70,33,97,70,92,26,37,57,61,108,51,9,9,119,129,133,7,5,100,238,319
0,0,0,2,0,0,1,27,100,7,1,32,36,3,6,5,0,1,11,106,6,15,32,2,117,5,85,0,0,4,4,14,59,3,3,9,9,28,3,3,1,3,18,39,47,5,22,0,1,2,0,1,49,0,3,30,491,877,365,1418,1123,3063,12752,9339,68,307,401,3313,793,1037,2943,6937,95,1951,909,96,652,50,22,460,110,3822,133,378,265,56,153,93,441,242,49,20,335,191,439,11,7,38,197,404
0,0,0,9,0,0,1,65,219,3,2,20,38,0,3,5,0,0,7,160,3,8,9,3,77,1,53,0,1,1,1,2,44,0,4,9,14,10,4,1,1,0,9,12,20,1,6,0,1,0,1,2,83,1,2,20,4952,3145,858,2767,181,293,9339,16056,88,251,656,6423,1090,1567,1230,903,73,1147,680,37,520,15,10,595,94,4199,62,510,150,25,392,76,260,71,13,3,95,36,148,4,2,13,61,99
31,64,30,284,64,20,180,8,25,58,0,3,6,159,66,110,0,0,20,20,2,57,1,7,11,6,10,1,20,105,11,2,13,4,121,54,42,5,196,2,61,24,84,14,9,3,8,146,53,8,11004,10498,28652,696,1718,8985,49,97,18,191,376,32,68,88,67675,14513,2554,76,267,343,100,538,33,205,224,418,148,221,4275,87,724,914,17279,1752,1364,442,178,1666,858,250,916,36,177,81,294,808,11258,539,1255,460
10,19,4,45,11,2,30,3,12,25,1,4,7,39,17,39,0,1,18,19,7,25,8,3,23,8,18,1,4,30,4,11,7,3,44,27,22,6,81,4,27,7,37,17,12,1,6,21,13,3,54,123,7309,16,60,491,94,138,66,178,540,70,307,251,14513,38847,5156,220,405,493,416,694,25,374,886,505,203,290,570,448,1109,1581,8443,9000,1714,468,186,776,15618,341,336,41,293,88,623,244,200,423,3964,4938
11,16,5,98,16,1,55,32,91,133,4,8,7,87,42,151,3,2,132,33,55,77,9,31,19,2,14,2,22,142,29,6,11,1,139,275,85,15,368,3,98,42,169,13,14,2,13,33,20,18,97,85,10134,30,76,3853,372,677,591,692,1634,214,401,656,2554,5156,40387,1066,15546,988,1037,923,191,326,3432,224,125,73,281,6108,344,1492,1262,14437,1348,169,367,6766,2531,381,726,12,155,49,276,355,172,433,1224,1098
0,0,0,1,1,0,1,6,55,5,0,1,4,1,1,2,0,2,17,13,4,3,4,1,5,0,4,0,0,1,1,4,3,0,1,8,17,2,4,0,2,0,7,3,1,0,8,0,0,0,2,1,73,2,1,18,580,4165,3164,2114,407,522,3313,6423,76,220,1066,7771,2622,156,6975,929,40,104,2934,30,66,11,14,3663,49,752,50,550,78,23,275,91,294,28,12,4,66,49,119,4,3,19,66,213
2,0,0,46,4,0,31,114,302,216,18,47,24,33,25,149,21,5,531,50,171,85,12,93,38,2,36,2,14,84,56,9,22,3,84,574,120,9,325,1,103,74,238,11,11,0,14,14,5,37,14,23,275,13,24,233,776,2384,4605,9600,2725,549,793,1090,267,405,15546,2622,19217,1886,2575,1420,4483,1142,3894,152,280,48,117,3664,249,1647,610,899,1266,100,2330,6066,930,694,905,15,337,55,256,57,17,370,1028,1219
0,3,0,26,1,0,9,233,653,13,4,124,207,23,20,21,8,3,26,612,15,61,68,19,494,13,239,3,0,19,10,22,300,7,10,39,21,108,20,2,11,12,63,110,208,7,58,1,0,7,3,8,289,0,7,126,2963,3067,798,7816,74,79,1037,1567,343,493,988,156,1886,26974,57,1070,309,5544,116,483,1040,57,31,117,504,8134,218,555,10914,177,156,356,210,5076,74,14,696,62,336,24,15,26,72,74
1,0,0,5,1,0,4,18,56,14,4,4,1,3,1,18,1,0,60,3,8,9,3,4,8,5,7,1,2,6,4,2,3,5,6,41,30,2,18,3,3,2,10,7,2,1,5,2,0,3,3,8,106,2,5,62,38,375,526,1654,5492,2560,2943,1230,100,416,1037,6975,2575,57,13343,1701,150,108,4747,77,113,37,32,1880,100,516,230,484,87,59,591,454,820,79,64,7,172,126,344,16,3,96,510,2410
1,5,3,23,2,1,13,21,70,38,4,28,26,24,13,31,4,3,36,55,18,46,95,14,130,101,190,23,5,22,0,111,86,88,24,55,22,91,74,58,25,12,39,249,89,35,183,8,4,8,115,375,435,105,60,627,180,1109,783,1907,3658,7051,6937,903,538,694,923,929,1420,1070,1701,33508,225,2789,550,1012,2547,1508,1739,279,829,4066,2049,472,908,1860,300,436,683,1975,380,484,4102,7694,8122,162,58,2669,1559,686
1,2,0,7,0,0,8,45,168,20,3,12,15,5,0,20,3,0,51,38,27,21,8,15,33,3,33,0,1,9,11,5,14,1,8,63,47,4,22,1,8,3,17,13,10,1,5,1,0,8,2,1,25,3,19,52,65,112,49,7612,192,19,95,73,33,25,191,40,4483,309,150,225,9219,2490,94,58,709,18,20,11,56,246,75,21,125,37,4846,3535,61,177,1906,43,519,10,69,116,14,32,87,101
0,0,0,30,1,0,10,211,616,38,3,160,183,27,27,31,17,2,22,639,29,87,140,27,695,29,428,3,4,35,13,66,410,15,14,56,25,181,25,7,12,20,63,259,282,15,119,0,1,17,11,7,121,5,70,64,636,546,101,7235,127,122,1951,1147,205,374,326,104,1142,5544,108,2789,2490,20053,82,375,9590,126,48,68,442,5726,303,215,2448,251,804,730,186,2403,1187,400,3899,124,541,296,44,35,131,121
1,0,0,7,1,0,0,12,38,26,7,5,2,8,4,17,3,3,83,3,16,15,4,6,7,4,5,0,2,10,4,1,2,0,18,64,27,3,28,1,13,2,19,5,3,0,1,0,0,1,3,9,232,0,7,111,77,222,926,571,403,235,909,680,224,886,3432,2934,3894,116,4747,550,94,82,8204,84,84,47,41,8435,165,671,354,3514,196,79,445,622,6486,80,133,4,93,46,232,20,13,51,323,2743
0,0,0,1,0,0,1,0,2,1,1,4,3,2,1,1,3,0,3,10,3,18,48,3,12,134,96,11,1,2,1,153,17,100,1,1,3,28,5,64,3,3,5,271,9,40,145,1,0,1,8,18,182,6,9,79,43,87,45,103,143,32,96,37,418,505,224,30,152,483,77,1012,58,375,84,33780,1457,437,73,37,5699,775,421,253,6970,9982,65,78,187,10905,131,432,12808,266,1442,76,28,33,143,99
0,0,0,5,0,0,0,45,125,26,3,49,42,6,8,5,7,1,8,105,17,43,117,7,96,102,251,25,2,7,5,170,108,96,4,12,5,141,27,79,7,9,31,334,125,44,227,4,1,6,19,9,56,5,118,35,413,188,55,1343,218,76,652,520,148,203,125,66,280,1040,113,2547,709,9590,84,1457,20447,1309,47,45,1733,2784,184,127,2341,1052,1457,360,184,1008,1353,5780,15015,297,1917,674,127,37,134,155
0,0,0,0,0,0,0,1,0,0,0,0,0,2,0,3,2,0,0,1,1,23,6,1,3,11,25,462,7,0,0,36,6,293,3,0,2,9,4,775,3,1,0,142,1,177,250,2,0,0,35,53,100,35,22,71,4,20,9,42,94,25,50,15,221,290,73,11,48,57,37,1508,18,126,47,437,1309,68723,2202,19,383,136,851,97,228,12985,89,45,125,226,89,20967,2068,18795,1122,96,47,470,188,113
2,12,2,33,9,5,36,2,11,19,1,0,0,31,16,35,0,0,8,2,3,12,0,3,4,2,1,4,2,24,2,1,0,14,30,28,12,1,71,18,9,6,30,10,0,3,13,16,8,1,1443,1261,833,567,211,1107,5,23,6,91,193,35,22,10,4275,570,281,14,117,31,32,1739,20,48,41,73,47,2202,136233,8,134,79,22658,139,101,853,97,308,327,38,200,320,185,1584,297,139,18876,7220,901,243
0,0,0,2,0,0,2,2,12,9,2,2,0,0,0,5,0,0,24,2,3,5,1,2,5,1,4,0,0,2,1,2,2,0,1,15,7,1,2,0,3,0,1,1,3,0,2,0,1,1,0,3,87,0,0,14,137,235,1949,213,124,70,460,595,87,448,6108,3663,3664,117,1880,279,11,68,8435,37,45,19,8,9214,134,643,72,5075,185,30,52,49,2132,48,13,2,39,12,109,5,1,17,61,207
0,1,0,0,0,0,1,0,9,5,4,4,3,0,4,0,1,0,3,6,3,26,28,0,16,162,72,26,3,4,1,142,7,176,0,2,1,18,8,101,0,3,4,323,17,50,210,1,0,2,5,11,223,7,22,90,44,122,94,139,176,33,110,94,724,1109,344,49,249,504,100,829,56,442,165,5699,1733,383,134,134,10738,3489,967,572,3699,6146,83,71,554,1557,126,673,5487,487,10160,97,33,70,373,272
0,0,0,16,1,0,4,55,138,22,5,60,57,15,11,20,9,0,15,244,22,61,116,13,296,70,247,10,1,12,7,94,175,24,8,15,8,134,26,9,8,10,38,244,146,11,141,4,1,8,10,12,400,4,21,148,2316,1574,903,1528,249,97,3822,4199,914,1581,1492,752,1647,8134,516,4066,246,5726,671,775,2784,136,79,643,3489,26141,852,1565,8216,484,187,259,1018,2967,241,71,2362,144,4435,110,39,49,273,310
7,21,7,73,8,5,72,20,55,53,1,4,5,59,22,87,1,1,54,11,17,44,4,9,15,4,21,2,6,63,10,7,8,12,60,100,45,5,144,11,31,12,69,21,12,6,12,24,20,3,932,2149,2046,752,239,2589,19,147,35,561,792,70,133,62,17279,8443,1262,50,610,218,230,2049,75,303,354,421,184,851,22658,72,967,852,69938,1043,762,825,469,1074,3515,138,520,146,289,632,596,222,1868,6087,16019,2713
4,7,0,23,9,4,18,7,11,29,2,5,2,33,6,38,0,0,23,9,6,29,1,4,13,1,17,0,2,30,2,3,8,4,33,46,23,6,56,1,19,7,28,6,11,2,5,11,7,3,12,19,1495,5,22,205,192,283,187,122,320,92,378,510,1752,9000,14437,550,899,555,484,472,21,215,3514,253,127,97,139,5075,572,1565,1043,16821,1334,211,118,766,9879,239,254,18,186,38,385,189,51,135,482,735
2,1,0,12,0,0,5,23,50,36,6,61,17,10,9,15,9,1,9,102,14,55,152,13,223,63,241,7,4,28,10,151,186,29,10,17,2,178,32,7,9,13,33,313,168,13,204,4,2,11,15,27,902,6,35,357,386,713,485,756,122,26,265,150,1364,1714,1348,78,1266,10914,87,908,125,2448,196,6970,2341,228,101,185,3699,8216,762,1334,21394,1132,102,319,426,9135,204,76,2392,64,904,90,66,67,205,180
0,0,0,0,0,0,0,2,5,3,2,3,1,1,2,1,0,0,0,5,1,39,21,1,4,74,57,205,8,1,0,205,6,847,2,1,1,14,10,701,11,1,1,436,9,267,672,2,0,0,26,48,158,24,14,87,18,48,27,56,130,37,56,25,442,468,169,23,100,177,59,1860,37,251,79,9982,1052,12985,853,30,6146,484,825,211,1132,38613,64,48,201,1083,109,4909,10095,13938,5843,69,29,315,228,115
0,2,0,29,3,0,22,78,552,61,5,22,23,15,15,48,7,5,139,28,38,25,4,52,14,3,12,0,5,31,21,3,10,3,47,173,392,5,138,4,38,17,79,9,2,2,4,7,1,12,8,18,111,7,152,112,282,469,261,7013,701,57,153,392,178,186,367,275,2330,156,591,300,4846,804,445,65,1457,89,97,52,83,187,469,118,102,64,4563,2508,371,111,5319,327,551,23,91,1887,121,142,398,537
25,59,16,245,40,14,166,16,83,235,4,26,7,165,78,277,8,2,189,41,53,160,5,30,20,3,23,3,32,234,42,7,15,3,274,475,166,10,606,3,132,73,249,16,13,5,4,107,41,34,234,222,2774,140,2235,6268,50,103,37,973,1174,61,93,76,1666,776,6766,91,6066,356,454,436,3535,730,622,78,360,45,308,49,71,259,1074,766,319,48,2508,18588,792,328,9048,45,367,25,77,2609,298,405,922,819
1,0,0,13,2,0,4,8,24,51,2,4,3,12,4,37,2,0,68,14,11,39,4,4,13,4,13,1,3,28,5,7,5,3,30,95,42,3,45,2,22,19,25,10,5,3,6,3,1,2,11,30,288,4,8,149,64,93,94,223,1193,108,441,260,858,15618,2531,294,930,210,820,683,61,186,6486,187,184,125,327,2132,554,1018,3515,9879,426,201,371,792,30024,142,272,15,202,80,517,65,41,296,4275,10760
0,0,0,9,1,1,6,8,26,14,3,26,9,4,5,5,5,0,6,35,10,31,113,4,100,71,153,8,1,9,5,79,83,22,5,5,11,91,21,10,6,8,15,217,79,14,151,3,1,0,6,6,311,6,13,180,39,174,79,501,144,51,242,71,250,341,381,28,694,5076,79,1975,177,2403,80,10905,1008,226,38,48,1557,2967,138,239,9135,1083,111,328,142,12071,195,117,7660,152,1253,65,21,28,111,100
17,17,5,117,26,14,99,7,33,72,3,6,1,67,34,131,1,1,53,17,10,60,9,11,11,7,11,5,14,97,12,4,2,3,113,139,96,2,216,7,60,22,103,12,7,0,6,58,28,11,209,125,721,913,3557,2007,10,16,11,301,343,9,49,13,916,336,726,12,905,74,64,380,1906,1187,133,131,1353,89,200,13,126,241,520,254,204,109,5319,9048,272,195,16000,385,953,37,149,9904,403,156,348,283
0,1,0,0,0,0,2,1,1,2,2,7,4,0,1,0,1,0,0,2,2,57,21,2,2,44,53,630,8,2,0,150,4,875,0,0,8,5,8,1343,5,1,3,406,9,335,704,4,0,1,12,14,19,9,44,13,5,9,2,27,19,9,20,3,36,41,12,4,15,14,7,484,43,400,4,432,5780,20967,320,2,673,71,146,18,76,4909,327,45,15,117,385,42907,10081,2613,1213,328,67,68,27,13
1,0,0,3,0,0,2,7,20,19,6,34,6,2,6,4,7,0,7,29,12,66,151,7,62,324,260,136,5,3,3,465,71,521,4,10,5,102,31,389,6,8,17,969,93,186,729,2,0,4,23,14,117,10,94,62,43,129,54,404,365,119,335,95,177,293,155,66,337,696,172,4102,519,3899,93,12808,15015,2068,185,39,5487,2362,289,186,2392,10095,551,367,202,7660,953,10081,39851,1669,4891,525,127,95,209,176
0,0,0,1,0,0,0,1,1,2,0,1,1,0,1,0,0,0,0,4,0,24,6,0,3,12,16,119,3,1,1,45,1,418,2,3,4,4,3,393,3,2,1,135,5,121,392,0,0,2,32,50,29,30,11,60,10,67,30,79,170,129,191,36,81,88,49,49,55,62,126,7694,10,124,46,266,297,18795,1584,12,487,144,632,38,64,13938,23,25,80,152,37,2613,1669,24766,9767,34,23,452,135,90
0,0,0,2,0,0,0,7,10,8,1,12,3,0,1,2,5,1,4,12,3,36,48,3,27,128,80,47,1,1,0,179,25,350,0,5,3,21,2,226,3,1,8,371,22,82,344,1,0,1,8,18,106,6,18,57,32,164,94,233,390,133,439,148,294,623,276,119,256,336,344,8122,69,541,232,1442,1917,1122,297,109,10160,4435,596,385,904,5843,91,77,517,1253,149,1213,4891,9767,18389,76,25,141,321,344
27,94,43,342,48,71,335,3,3,28,0,1,1,75,46,54,0,0,6,5,1,19,1,4,0,2,4,3,7,46,4,3,0,6,63,16,48,0,65,2,20,8,35,11,2,3,2,218,24,6,493,295,666,905,7740,2226,2,5,4,31,107,7,11,4,808,244,355,4,57,24,16,162,116,296,20,76,674,96,139,5,97,110,222,189,90,69,1887,2609,65,65,9904,328,525,34,76,6686,1274,65,150,81
9,26,6,79,11,28,74,1,2,9,0,0,0,24,20,12,0,0,0,2,2,10,0,0,1,0,0,2,4,22,2,1,1,1,26,9,8,3,30,1,10,3,14,1,0,0,1,34,15,2,9002,1835,1572,1117,2585,1821,1,3,0,20,23,5,7,2,11258,200,172,3,17,15,3,58,14,44,13,28,127,47,18876,1,33,39,1868,51,66,29,121,298,41,21,403,67,127,23,25,1274,34903,88,70,26
3,7,4,18,8,1,16,6,13,26,0,3,1,16,9,34,4,0,24,2,3,11,2,5,2,1,3,1,1,16,2,1,4,1,23,35,17,2,71,6,12,8,23,6,1,2,2,7,3,1,166,452,402,161,44,690,6,25,22,133,12075,100,38,13,539,423,433,19,370,26,96,2669,32,35,51,33,37,470,7220,17,70,49,6087,135,67,315,142,405,296,28,156,68,95,452,141,65,88,31939,5122,449
5,12,1,24,4,1,19,12,36,50,1,8,2,17,10,53,2,3,64,13,17,45,3,12,10,7,13,0,3,38,5,6,1,3,38,110,36,7,119,1,33,12,61,9,2,2,3,8,5,8,73,333,802,78,41,1004,7,69,48,385,12447,238,197,61,1255,3964,1224,66,1028,72,510,1559,87,131,323,143,134,188,901,61,373,273,16019,482,205,228,398,922,4275,111,348,27,209,135,321,150,70,5122,29007,8501
0,1,1,16,4,1,10,7,51,48,4,4,4,14,7,58,4,3,88,5,15,30,1,9,7,3,8,1,6,27,5,3,3,1,26,115,41,4,55,4,13,20,30,13,5,1,5,4,4,3,20,31,270,9,32,297,12,60,57,351,5297,319,404,99,460,4938,1098,213,1219,74,2410,686,101,121,2743,99,155,113,243,207,272,310,2713,735,180,115,537,819,10760,100,283,13,176,90,344,81,26,449,8501,12732
