12252,6695,10556,3267,12731,4235,1083,2,0,20,2,0,1,12627,435,130,0,1,0,5,2,318,0,2,3,2,0,2,500,647,4,1,1,1,29,9,17,0,23,1,195,292,36,3,2,1,3,239,3510,6,8,6,9,23,18,34,0,0,0,0,4,1,0,0,11,9,24,0,3,1,2,5,0,1,1,0,0,0,1,0,1,1,8,5,1,0,0,13,0,0,11,1,0,0,0,35,3,4,7,1
6695,34713,10299,19486,705,3899,2262,1,0,68,2,0,3,5557,1572,164,0,0,2,4,3,520,0,1,3,1,0,2,200,439,13,2,2,4,54,16,29,0,22,1,149,354,52,2,3,1,3,806,542,11,20,38,18,26,59,148,0,0,1,0,9,1,0,0,42,17,37,0,3,1,0,7,3,2,0,0,0,0,4,1,0,0,24,12,1,0,4,58,0,0,28,0,0,0,0,93,12,4,13,3
10556,10299,40917,11155,7041,9335,9152,0,1,39,1,0,1,2001,174,81,0,1,2,1,0,757,0,6,0,1,1,3,433,801,3,2,0,4,37,9,17,0,15,1,264,559,30,2,3,0,5,544,994,6,103,119,23,864,92,177,0,0,0,0,6,1,0,0,43,18,28,0,7,0,0,13,1,0,1,0,1,0,10,1,0,0,23,4,0,0,4,37,1,0,14,0,0,0,0,88,18,1,8,2
3267,19486,11155,49112,1121,2157,16503,83,64,558,94,6,44,9872,11527,9899,7,28,50,115,18,915,23,21,46,21,20,7,455,1140,623,61,69,29,546,317,154,34,221,11,323,998,3667,34,87,7,72,2330,1202,151,49,83,69,78,151,320,0,1,1,5,32,2,1,1,124,67,143,0,26,13,4,24,5,12,7,2,5,1,16,4,1,5,75,27,9,2,23,190,6,3,74,1,11,1,3,245,27,9,41,10
12731,705,7041,1121,22355,18834,786,1,1,16,3,0,1,5859,158,81,0,0,0,2,1,156,0,7,2,1,2,1,325,308,3,2,2,5,25,9,14,0,28,3,106,106,45,1,1,0,1,465,4121,2,6,9,5,189,7,17,0,0,0,0,2,0,0,0,2,6,9,0,3,0,0,2,0,0,1,0,1,0,3,0,0,0,1,3,0,1,3,14,0,0,8,0,0,0,0,20,1,1,6,0
4235,3899,9335,2157,18834,27885,23186,2,2,41,5,3,0,1526,620,104,0,0,4,3,1,343,3,24,8,0,10,0,165,258,10,1,0,4,105,22,33,3,219,4,118,189,30,5,1,1,4,3721,3589,3,81,98,64,1071,161,317,1,0,1,2,15,2,0,0,72,29,49,0,5,1,0,10,1,1,0,0,4,1,10,0,0,2,20,17,0,0,7,85,3,0,34,1,1,0,0,199,17,1,16,5
1083,2262,9152,16503,786,23186,26297,36,214,352,50,15,44,1183,464,2959,9,3,67,215,30,503,17,111,123,7,37,2,126,467,78,20,50,9,4242,720,247,16,308,3,177,517,227,53,32,0,18,4802,399,72,47,108,82,67,181,383,3,2,6,7,31,3,0,3,106,56,130,0,35,18,4,32,12,12,5,1,7,0,30,1,3,3,60,30,7,2,45,185,5,3,81,5,3,0,1,273,36,3,53,2
2,1,0,83,1,2,36,39110,5416,111,1428,421,7908,50,136,1829,1959,5277,1699,5975,432,2042,550,126,234,161,199,34,9,22,827,720,2361,143,46,142,826,264,16,20,7,31,403,273,848,144,489,12,3,30,0,0,1,0,1,2,77,82,20,316,16,5,15,67,0,4,19,5,46,415,5,12,15,195,6,5,29,1,0,2,6,91,4,3,33,9,463,21,4,2,5,8,19,1,3,0,0,0,8,6
0,0,1,64,1,2,214,5416,59034,384,1061,1384,2258,24,26,779,735,307,6092,4538,897,1400,369,10002,7560,54,4099,25,11,43,150,171,1163,67,634,2341,9191,88,313,70,19,107,193,711,146,51,208,39,3,73,0,1,4,0,1,3,108,139,86,1016,60,26,26,66,6,4,50,31,125,583,22,31,48,332,16,16,84,0,3,6,18,150,29,4,88,10,2000,50,8,47,9,4,65,3,6,3,1,1,32,14
20,68,39,558,16,41,352,111,384,31781,4202,1672,201,269,884,1906,311,144,333,101,3593,3981,668,213,52,45,74,44,43,108,763,159,300,114,462,906,510,40,503,31,11207,15935,2786,239,59,182,466,194,28,7784,2,3,9,0,4,16,1,2,25,42,89,2,4,1,10,20,107,6,159,8,8,21,35,4,8,6,4,1,10,7,5,3,41,20,6,2,135,146,17,2,53,2,11,0,4,10,5,4,49,16
2,2,1,94,3,5,50,1428,1061,4202,3690,8952,788,60,96,1475,1121,317,962,318,3697,3111,1416,100,142,22,62,15,6,32,366,32,348,26,121,272,116,58,88,15,43,174,721,141,37,114,151,36,4,140,0,0,1,0,1,1,2,0,3,28,16,4,0,0,2,2,20,1,27,9,0,4,6,11,5,1,6,1,1,3,4,3,9,3,5,2,55,19,0,5,8,1,8,0,3,2,1,0,11,6
0,0,0,6,0,3,15,421,1384,1672,8952,13417,8169,10,35,123,3579,618,101,1045,7101,2150,4943,117,694,55,227,24,7,17,355,104,6581,59,30,84,139,134,14,13,24,127,489,361,96,268,697,6,0,156,0,0,0,0,0,0,2,3,0,8,2,2,4,1,1,0,0,1,8,46,1,1,0,48,2,6,26,0,0,0,5,18,0,1,28,2,40,1,0,15,1,3,21,0,6,1,0,0,5,0
1,3,1,44,1,0,44,7908,2258,201,788,8169,34549,28,115,837,6589,2087,426,3738,1822,554,426,197,910,76,260,18,7,32,697,599,11739,78,86,173,585,170,25,14,12,87,434,213,750,71,423,5,1,113,0,0,2,0,0,0,53,42,7,116,4,1,11,33,1,2,11,3,23,363,2,8,6,202,0,3,23,0,1,1,3,61,5,0,49,4,155,8,2,15,1,4,17,0,2,3,0,1,3,1
12627,5557,2001,9872,5859,1526,1183,50,24,269,60,10,28,69176,15603,2227,0,20,35,64,16,670,22,30,21,16,16,27,5160,24265,301,75,67,39,491,198,259,17,491,9,660,861,2229,25,89,15,92,735,18601,105,17,9,23,8,21,60,0,2,2,6,55,1,0,0,64,90,204,0,33,5,2,35,10,5,10,1,3,0,25,8,6,7,91,89,3,1,26,215,6,3,142,1,4,0,0,80,24,11,64,11
435,1572,174,11527,158,620,464,136,26,884,96,35,115,15603,28037,2126,20,80,66,111,43,506,56,23,31,32,26,26,233,1005,1186,220,233,88,187,199,155,39,216,19,267,2725,14149,64,174,22,237,283,541,9434,8,3,13,2,9,42,0,0,2,9,27,3,1,0,28,22,95,4,40,14,1,18,7,12,7,3,3,0,8,4,1,4,31,24,3,0,23,98,7,3,43,1,8,0,1,21,7,8,20,4
130,164,81,9899,81,104,2959,1829,779,1906,1475,123,837,2227,2126,37637,527,4106,4030,865,707,1134,120,91,180,41,76,11,180,640,8971,253,598,70,1821,2646,404,123,407,13,247,963,12806,126,334,19,186,502,279,372,8,7,20,2,12,47,5,4,8,54,102,6,4,4,44,49,253,2,229,45,15,52,33,43,18,1,10,0,17,12,1,13,55,46,20,2,99,279,14,3,89,3,12,0,4,33,14,15,85,14
0,0,0,7,0,0,9,1959,735,311,1121,3579,6589,0,20,527,6413,1722,214,55,7909,391,259,58,27,13,11,3,2,7,1190,36,417,9,4,30,104,16,4,2,2,27,393,42,16,28,82,0,1,39,0,0,2,0,0,0,0,0,2,19,0,1,1,0,0,1,4,3,7,4,2,2,4,3,1,1,0,0,0,0,0,1,0,0,1,1,73,4,0,0,0,0,4,0,1,0,0,0,1,0
1,0,1,28,0,0,3,5277,307,144,317,618,2087,20,80,4106,1722,1384,1385,84,1172,239,227,41,56,15,19,2,0,14,1510,204,907,27,11,18,128,54,9,7,5,57,870,79,82,16,243,0,3,84,0,0,1,0,0,0,1,6,10,28,13,4,0,0,0,1,5,2,18,4,4,1,5,8,1,0,5,0,0,0,1,3,0,0,5,0,98,7,2,4,1,1,8,0,0,0,0,0,3,4
0,2,2,50,0,4,67,1699,6092,333,962,101,426,35,66,4030,214,1385,16113,872,489,562,102,371,339,36,75,6,7,35,534,110,341,25,130,1930,514,81,109,7,17,122,329,148,159,15,76,10,6,94,1,1,4,0,2,5,6,9,45,98,86,18,3,4,8,6,83,5,223,25,18,20,38,23,26,4,5,1,2,6,3,11,22,3,9,2,243,71,14,9,24,1,11,0,1,5,1,3,49,14
5,4,1,115,2,3,215,5975,4538,101,318,1045,3738,64,111,865,55,84,872,24347,102,826,1078,248,2969,308,1074,67,14,42,197,901,8960,212,404,833,486,2133,84,36,8,64,293,1365,4125,111,701,39,10,38,0,2,2,0,1,5,46,55,13,153,8,6,52,32,5,8,18,8,49,774,2,57,17,804,3,20,123,2,2,10,22,213,6,13,302,13,128,23,4,91,4,7,148,0,9,3,1,0,8,4
2,3,0,18,1,1,30,432,897,3593,3697,7101,1822,16,43,707,7909,1172,489,102,11467,664,891,154,84,41,77,48,4,53,3718,172,797,89,59,237,197,47,82,48,50,471,6758,186,34,176,551,14,2,2106,0,0,0,0,0,0,1,3,17,34,21,5,1,1,3,0,15,4,42,4,1,6,10,2,3,4,8,0,2,2,3,5,3,2,6,4,168,10,3,3,2,2,13,0,5,0,0,0,11,5
318,520,757,915,156,343,503,2042,1400,3981,3111,2150,554,670,506,1134,391,239,562,826,664,15440,3636,133,361,219,445,1884,5769,1364,247,266,322,1069,334,437,299,255,336,622,23085,3478,914,1389,168,5164,1295,164,141,488,0,3,7,3,5,22,3,7,7,18,57,8,7,2,32,24,129,1,120,37,3,29,17,39,11,32,29,8,18,8,36,18,40,28,28,47,49,158,14,18,67,78,83,5,22,15,12,9,49,15
0,0,0,23,0,3,17,550,369,668,1416,4943,426,22,56,120,259,227,102,1078,891,3636,7287,116,841,712,1511,219,60,35,152,1063,5775,491,42,80,27,1373,26,262,21,145,398,4560,712,2527,9406,6,0,151,0,0,1,0,0,2,3,3,1,10,1,2,4,0,3,4,3,1,5,48,0,34,4,75,1,141,159,7,1,1,97,69,0,2,92,79,9,5,2,137,2,85,222,0,49,0,0,0,2,0
2,1,6,21,7,24,111,126,10002,213,100,117,197,30,23,91,58,41,371,248,154,133,116,7691,1208,43,1648,133,11,46,43,82,270,124,878,4685,5118,28,8785,455,29,112,92,618,75,23,130,487,43,44,2,4,4,1,12,11,3,9,22,62,31,9,2,1,4,6,52,1,88,42,6,18,20,44,3,9,22,0,1,6,11,11,8,3,19,2,295,63,4,21,6,5,38,0,4,16,1,2,27,7
3,3,0,46,2,8,123,234,7560,52,142,694,910,21,31,180,27,56,339,2969,84,361,841,1208,8705,81,8377,15,6,13,87,258,2726,90,371,780,549,170,187,69,11,40,95,2418,198,52,421,50,2,30,0,0,10,0,2,4,13,29,9,85,10,11,37,15,13,18,24,5,37,642,2,111,21,927,6,34,337,1,0,12,31,293,10,14,563,7,51,18,5,218,5,16,410,4,22,1,3,0,12,3
2,1,1,21,1,0,7,161,54,45,22,55,76,16,32,41,13,15,36,308,41,219,712,43,81,10896,1058,43,4,12,49,8268,497,5517,9,29,9,8042,16,135,6,37,115,10567,3740,144,1948,3,1,36,1,0,0,0,0,0,0,2,2,10,5,0,5,0,2,5,4,1,6,26,2,96,10,71,1,379,428,6,2,2,304,105,5,3,139,129,7,3,3,293,2,100,584,6,150,1,0,0,3,1
0,0,1,20,2,10,37,199,4099,74,62,227,260,16,26,76,11,19,75,1074,77,445,1511,1648,8377,1058,27459,1573,28,13,50,2016,1183,1391,93,172,2947,482,753,7721,9,56,104,17656,522,375,2771,221,12,43,1,1,6,3,4,10,4,9,4,34,4,1,17,4,6,8,12,3,16,179,5,94,12,467,2,268,642,11,2,2,170,183,8,9,277,85,9,6,2,316,3,116,576,5,62,7,3,1,3,2
2,2,3,7,1,0,2,34,25,44,15,24,18,27,26,11,3,2,6,67,48,1884,219,133,15,43,1573,63618,831,58,25,133,85,9986,4,9,473,51,224,18362,69,53,66,367,33,21381,7728,83,5,31,0,1,0,0,1,5,0,2,0,0,0,0,1,1,0,0,0,0,0,2,0,9,0,5,0,12,11,232,0,0,20,2,2,1,2,290,1,0,0,3,0,1562,38,131,39,4,0,0,0,0
500,200,433,455,325,165,126,9,11,43,6,7,7,5160,233,180,2,0,7,14,4,5769,60,11,6,4,28,831,100202,14939,30,16,10,92,56,53,76,4,83,62,33137,646,133,33,5,775,78,82,8353,46,2,3,7,2,4,8,0,0,1,0,8,1,1,0,6,10,29,0,8,1,0,6,3,0,0,0,1,2,3,1,2,0,7,6,1,4,8,42,0,0,21,6,3,1,0,2,3,2,9,0
647,439,801,1140,308,258,467,22,43,108,32,17,32,24265,1005,640,7,14,35,42,53,1364,35,46,13,12,13,58,14939,58065,163,84,79,57,251,263,336,10,335,11,12979,11952,955,53,30,43,132,223,875,1613,2,5,10,1,2,19,0,1,1,6,40,1,1,0,27,24,131,1,68,5,2,31,11,2,9,0,0,0,17,5,0,1,46,39,2,2,34,135,10,0,71,0,4,0,1,9,14,4,49,11
4,13,3,623,3,10,78,827,150,763,366,355,697,301,1186,8971,1190,1510,534,197,3718,247,152,43,87,49,50,25,30,163,15311,327,797,93,243,361,261,75,193,17,51,364,19541,104,237,36,364,91,30,548,1,3,4,0,3,9,0,1,6,21,33,2,0,0,16,18,54,1,30,21,1,17,5,17,3,3,3,0,14,5,4,7,22,16,10,3,54,79,2,1,26,4,17,0,2,6,6,2,21,5
1,2,2,61,2,1,20,720,171,159,32,104,599,75,220,253,36,204,110,901,172,266,1063,82,258,8268,2016,133,16,84,327,56974,7219,6616,19,56,26,1732,33,326,32,185,524,6742,5265,361,24212,9,1,179,0,0,0,0,0,1,0,6,2,8,2,0,3,5,2,6,2,4,11,23,7,116,11,67,4,384,401,9,1,5,356,144,3,2,129,204,12,5,1,243,2,200,630,15,159,0,2,0,4,4
1,2,0,69,2,0,50,2361,1163,300,348,6581,11739,67,233,598,417,907,341,8960,797,322,5775,270,2726,497,1183,85,10,79,797,7219,32776,353,89,209,111,2501,58,52,35,240,739,2658,11416,221,8660,16,8,288,0,0,2,0,2,1,7,14,3,43,7,0,16,10,6,5,12,6,17,298,2,38,9,304,3,45,187,1,1,3,43,139,4,10,192,17,56,8,1,131,3,14,184,3,23,3,1,1,4,1
1,4,4,29,5,4,9,143,67,114,26,59,78,39,88,70,9,27,25,212,89,1069,491,124,90,5517,1391,9986,92,57,93,6616,353,34289,16,48,113,423,92,15588,17,99,209,6692,321,3761,24413,38,3,88,0,1,0,0,1,5,0,0,0,0,5,0,1,0,3,1,0,2,2,3,3,42,1,13,1,61,54,115,1,1,159,23,2,1,13,791,5,2,1,10,1,1434,214,71,124,3,0,0,1,2
29,54,37,546,25,105,4242,46,634,462,121,30,86,491,187,1821,4,11,130,404,59,334,42,878,371,9,93,4,56,251,243,19,89,16,11624,4118,784,28,5769,6,104,339,442,136,21,3,30,2517,155,94,2,7,12,3,13,29,5,2,12,23,61,6,2,1,48,39,150,4,104,24,6,31,18,15,6,4,7,0,17,10,1,10,58,39,7,1,69,172,7,5,73,1,8,0,1,19,18,3,66,14
9,16,9,317,9,22,720,142,2341,906,272,84,173,198,199,2646,30,18,1930,833,237,437,80,4685,780,29,172,9,53,263,361,56,209,48,4118,8566,1403,41,2443,12,180,540,658,212,69,7,62,239,34,241,4,4,8,3,5,25,2,6,24,55,115,16,6,5,24,20,262,3,321,30,16,43,44,31,34,8,14,1,27,21,2,26,89,34,13,4,151,365,44,9,68,0,25,1,2,9,9,14,106,25
17,29,17,154,14,33,247,826,9191,510,116,139,585,259,155,404,104,128,514,486,197,299,27,5118,549,9,2947,473,76,336,261,26,111,113,784,1403,3518,8,4234,1009,174,479,605,186,15,45,61,715,39,183,1,8,3,0,12,14,7,12,12,90,25,4,0,1,1,4,32,2,39,16,11,11,20,14,4,0,6,0,3,1,3,4,12,3,2,0,1321,36,7,0,10,3,6,1,3,8,2,1,16,4
0,0,0,34,0,3,16,264,88,40,58,134,170,17,39,123,16,54,81,2133,47,255,1373,28,170,8042,482,51,4,10,75,1732,2501,423,28,41,8,15320,11,41,6,39,124,7158,3919,95,1385,8,1,38,0,0,0,0,2,4,1,6,5,24,1,1,1,1,2,5,4,1,10,52,1,58,15,104,1,149,341,0,1,1,78,132,4,6,246,22,7,5,3,281,2,17,348,2,60,2,2,0,5,1
23,22,15,221,28,219,308,16,313,503,88,14,25,491,216,407,4,9,109,84,82,336,26,8785,187,16,753,224,83,335,193,33,58,92,5769,2443,4234,11,29839,474,139,397,433,231,20,15,54,7697,237,146,3,4,9,0,0,22,3,2,5,13,55,3,2,0,22,24,132,0,111,9,6,28,14,8,6,3,3,0,11,12,3,8,52,24,8,2,81,168,11,1,47,7,9,0,2,10,4,7,49,7
1,1,1,11,3,4,3,20,70,31,15,13,14,9,19,13,2,7,7,36,48,622,262,455,69,135,7721,18362,62,11,17,326,52,15588,6,12,1009,41,474,36455,15,17,47,10634,41,2562,3378,179,12,20,0,1,1,0,3,9,0,0,0,0,1,1,0,0,0,2,1,0,1,4,0,55,2,4,2,67,52,462,0,1,177,9,2,0,9,1333,3,2,0,8,3,4507,233,299,207,9,0,5,1,2
195,149,264,323,106,118,177,7,19,11207,43,24,12,660,267,247,2,5,17,8,50,23085,21,29,11,6,9,69,33137,12979,51,32,35,17,104,180,174,6,139,15,69781,13003,353,15,8,40,61,64,200,534,1,0,5,0,3,9,0,0,1,6,18,2,0,0,8,8,52,0,39,2,3,12,7,1,3,0,0,0,3,3,2,0,23,8,0,3,19,56,3,3,21,0,1,0,2,6,3,4,16,2
292,354,559,998,106,189,517,31,107,15935,174,127,87,861,2725,963,27,57,122,64,471,3478,145,112,40,37,56,53,646,11952,364,185,240,99,339,540,479,39,397,17,13003,24474,2930,145,54,72,354,192,68,11740,1,8,12,1,7,28,0,3,18,23,62,6,1,1,21,29,119,1,131,1,10,21,21,5,5,5,3,0,20,7,1,6,39,26,5,2,59,182,9,2,58,7,5,0,1,15,6,7,59,17
36,52,30,3667,45,30,227,403,193,2786,721,489,434,2229,14149,12806,393,870,329,293,6758,914,398,92,95,115,104,66,133,955,19541,524,739,209,442,658,605,124,433,47,353,2930,41192,252,390,102,674,227,200,5375,2,2,7,1,2,11,0,0,8,29,62,3,2,1,21,21,114,0,92,33,5,23,11,27,3,5,10,1,13,10,10,17,36,38,16,4,82,138,7,6,60,7,10,0,2,4,6,2,48,9
3,2,2,34,1,5,53,273,711,239,141,361,213,25,64,126,42,79,148,1365,186,1389,4560,618,2418,10567,17656,367,33,53,104,6742,2658,6692,136,212,186,7158,231,10634,15,145,252,53706,848,833,7623,114,9,127,2,2,8,1,5,7,4,12,3,36,11,4,8,7,8,18,16,1,15,115,7,209,24,261,4,723,870,26,1,10,749,232,9,16,368,538,17,17,8,527,8,650,1422,19,298,6,1,1,19,4
2,3,3,87,1,1,32,848,146,59,37,96,750,89,174,334,16,82,159,4125,34,168,712,75,198,3740,522,33,5,30,237,5265,11416,321,21,69,15,3919,20,41,8,54,390,848,16785,46,1124,6,4,58,0,0,3,0,0,1,0,8,3,25,6,3,5,3,12,13,13,2,14,100,1,82,11,174,1,120,377,2,1,3,99,174,8,9,335,30,3,11,3,293,2,15,468,2,41,0,1,0,5,1
1,1,0,7,0,1,0,144,51,182,114,268,71,15,22,19,28,16,15,111,176,5164,2527,23,52,144,375,21381,775,43,36,361,221,3761,3,7,45,95,15,2562,40,72,102,833,46,17359,12425,4,1,52,0,0,1,0,1,1,0,0,1,0,0,0,1,0,0,1,0,0,0,4,0,7,1,5,0,21,12,20,0,0,41,2,0,1,3,111,1,0,0,10,0,233,53,14,31,1,0,0,2,0
3,3,5,72,1,4,18,489,208,466,151,697,423,92,237,186,82,243,76,701,551,1295,9406,130,421,1948,2771,7728,78,132,364,24212,8660,24413,30,62,61,1385,54,3378,61,354,674,7623,1124,12425,80526,16,1,323,0,1,2,0,2,0,0,6,1,12,5,4,3,1,4,4,2,1,6,21,1,73,6,58,0,297,267,41,1,1,339,77,2,6,92,522,6,4,4,136,4,789,547,24,165,0,3,2,2,1
239,806,544,2330,465,3721,4802,12,39,194,36,6,5,735,283,502,0,0,10,39,14,164,6,487,50,3,221,83,82,223,91,9,16,38,2517,239,715,8,7697,179,64,192,227,114,6,4,16,10056,1039,39,88,204,125,105,309,676,1,0,0,1,45,1,0,0,218,118,224,2,21,4,1,28,8,6,7,2,5,1,48,3,1,1,108,62,3,1,40,348,6,2,160,8,10,0,0,585,68,12,56,15
3510,542,994,1202,4121,3589,399,3,3,28,4,0,1,18601,541,279,1,3,6,10,2,141,0,43,2,1,12,5,8353,875,30,1,8,3,155,34,39,1,237,12,200,68,200,9,4,1,1,1039,16558,11,2,11,9,9,13,16,0,1,0,2,16,0,0,2,35,36,44,1,7,0,2,9,1,1,3,0,1,0,10,0,0,2,23,18,1,0,5,57,4,0,47,1,0,0,0,33,10,3,23,5
6,11,6,151,2,3,72,30,73,7784,140,156,113,105,9434,372,39,84,94,38,2106,488,151,44,30,36,43,31,46,1613,548,179,288,88,94,241,183,38,146,20,534,11740,5375,127,58,52,323,39,11,13285,1,0,1,0,1,1,0,0,3,9,15,0,0,0,3,1,32,1,42,3,2,7,6,4,2,3,6,0,1,3,5,1,7,6,5,2,20,32,3,2,8,1,5,0,0,1,1,1,17,2
8,20,103,49,6,81,47,0,0,2,0,0,0,17,8,8,0,0,1,0,0,0,0,2,0,1,1,0,2,2,1,0,0,0,2,4,1,0,3,0,1,1,2,2,0,0,0,88,2,1,29204,18274,4093,17035,17242,2622,2,1,0,3,127,9,1,0,11239,198,297,2,8,4,2,163,4,4,5,3,1,4,603,5,3,22,626,54,5,4,16,82,10,2,22,9,1,7,4,107,9285,68,287,19
6,38,119,83,9,98,108,0,1,3,0,0,0,9,3,7,0,0,1,2,0,3,0,4,0,0,1,1,3,5,3,0,0,1,7,4,8,0,4,1,0,8,2,2,0,0,1,204,11,0,18274,80083,10774,18597,4009,8097,2,0,1,2,451,2,1,1,11744,117,221,2,9,3,3,859,6,1,6,3,4,9,790,7,8,12,1362,23,7,9,7,151,11,3,28,10,3,8,4,139,2166,167,1034,24
9,18,23,69,5,64,82,1,4,9,1,0,2,23,13,20,2,1,4,2,0,7,1,4,10,0,6,0,7,10,4,0,2,0,12,8,3,0,9,1,5,12,7,8,3,1,2,125,9,1,4093,10774,31243,328,793,9015,29,35,19,23,1144,42,12,15,16258,11748,7057,29,109,56,49,575,17,30,75,29,18,26,774,117,82,176,1479,839,117,76,50,363,214,32,103,37,33,5,28,216,2522,186,1858,318
23,26,864,78,189,1071,67,0,0,0,0,0,0,8,2,2,0,0,0,0,0,3,0,1,0,0,3,0,2,1,0,0,0,0,3,3,0,0,0,0,0,1,1,1,0,0,0,105,9,0,17035,18597,328,39072,22071,17268,1,0,0,0,95,2,0,0,882,26,116,0,3,2,0,264,4,1,1,1,1,4,394,0,3,3,612,6,4,1,9,102,2,0,14,1,1,9,3,145,958,73,309,7
18,59,92,151,7,161,181,1,1,4,1,0,0,21,9,12,0,0,2,1,0,5,0,12,2,0,4,1,4,2,3,0,2,1,13,5,12,2,0,3,3,7,2,5,0,1,2,309,13,1,17242,4009,793,22071,33351,7050,0,1,3,11,130,3,2,0,3008,102,402,0,21,9,1,204,50,24,5,7,56,4,323,5,7,8,707,42,5,10,67,1133,13,6,434,38,9,11,4,3012,4087,83,298,22
34,148,177,320,17,317,383,2,3,16,1,0,0,60,42,47,0,0,5,5,0,22,2,11,4,0,10,5,8,19,9,1,1,5,29,25,14,4,22,9,9,28,11,7,1,1,0,676,16,1,2622,8097,9015,17268,7050,35700,4,9,0,35,862,25,9,8,2364,241,5277,8,162,46,31,528,65,26,46,10,13,11,289,27,30,60,545,166,46,31,124,2171,78,15,174,17,26,4,18,939,664,142,1047,188
0,0,0,0,0,1,3,77,108,1,2,2,53,0,0,5,0,1,6,46,1,3,3,3,13,0,4,0,0,0,0,0,7,0,5,2,7,1,3,0,0,0,0,4,0,0,0,1,0,0,2,2,29,1,0,4,2373,6558,707,304,19,96,450,4047,46,67,218,1347,199,1773,34,83,19,72,16,9,25,12,5,241,66,1837,19,147,177,22,434,6,15,17,2,11,38,2,35,1,6,0,11,4
0,0,0,1,0,0,2,82,139,2,0,3,42,2,0,4,0,6,9,55,3,7,3,9,29,2,9,2,0,1,1,6,14,0,2,6,12,6,2,0,0,3,0,12,8,0,6,0,1,0,1,0,35,0,1,9,6558,25883,6575,3198,80,1073,718,2599,45,84,459,6182,804,3274,333,931,37,201,57,56,104,70,7,358,289,2236,30,149,722,153,965,26,33,140,6,48,144,18,126,1,7,2,17,20
0,1,0,1,0,1,6,20,86,25,3,0,7,2,2,8,2,10,45,13,17,7,1,22,9,2,4,0,1,1,6,2,3,0,12,24,12,5,5,0,1,18,8,3,3,1,1,0,0,3,0,1,19,0,3,0,707,6575,6729,3814,366,886,374,518,31,50,992,3860,3222,595,864,641,17,64,321,23,37,35,7,3971,172,845,34,264,299,82,223,6,53,45,3,14,50,8,57,2,5,3,67,77
0,0,0,5,0,2,7,316,1016,42,28,8,116,6,9,54,19,28,98,153,34,18,10,62,85,10,34,0,0,6,21,8,43,0,23,55,90,24,13,0,6,23,29,36,25,0,12,1,2,9,3,2,23,0,11,35,304,3198,3814,61883,509,1001,808,850,38,39,409,557,9072,5385,842,828,9870,7263,207,66,864,20,15,96,117,832,117,27,233,82,14007,449,87,184,85,76,418,14,94,16,14,5,179,108
4,9,6,32,2,15,31,16,60,89,16,2,4,55,27,102,0,13,86,8,21,57,1,31,10,5,4,0,8,40,33,2,7,5,61,115,25,1,55,1,18,62,62,11,6,0,5,45,16,15,127,451,1144,95,130,862,19,80,366,509,30367,4073,1064,109,721,918,2397,250,1698,69,2943,2215,226,40,849,25,62,90,91,334,83,163,333,963,47,112,648,888,486,22,269,98,147,41,99,174,165,33736,35857,9786
1,1,1,2,0,2,3,5,26,2,4,2,1,1,3,6,1,4,18,6,5,8,2,9,11,0,1,0,1,1,2,0,0,0,6,16,4,1,3,1,2,6,3,4,3,0,4,1,0,0,9,2,42,2,3,25,96,1073,886,1001,4073,8236,4678,591,41,86,454,1215,761,213,3618,6428,79,104,355,16,60,40,11,180,32,257,56,117,37,58,211,98,125,39,20,33,131,64,65,7,5,7,178,301
0,0,0,1,0,0,0,15,26,4,0,4,11,0,1,4,1,0,3,52,1,7,4,2,37,5,17,1,1,1,0,3,16,1,2,6,0,1,2,0,0,1,2,8,5,1,3,0,0,0,1,1,12,0,2,9,450,718,374,808,1064,4678,12468,9282,33,82,169,3403,281,1929,4213,6412,33,777,998,19,209,73,5,428,67,7254,40,112,214,69,144,51,246,83,6,42,202,65,161,2,7,7,111,221
0,0,0,1,0,0,3,67,66,1,0,1,33,0,0,4,0,0,4,32,1,2,0,1,15,0,4,1,0,0,0,5,10,0,1,5,1,1,0,0,0,1,1,7,3,0,1,0,2,0,0,1,15,0,0,8,4047,2599,518,850,109,591,9282,13978,33,84,130,4710,192,1452,1585,946,24,270,301,13,70,28,4,346,58,5622,12,120,78,34,371,26,75,33,6,18,80,16,92,6,1,0,27,63
11,42,43,124,2,72,106,0,6,10,2,1,1,64,28,44,0,0,8,5,3,32,3,4,13,2,6,0,6,27,16,2,6,3,48,24,1,2,22,0,8,21,21,8,12,0,4,218,35,3,11239,11744,16258,882,3008,2364,46,45,31,38,721,41,33,33,63308,14421,1678,47,136,107,31,549,14,28,79,56,37,87,4351,135,230,349,17635,1182,231,222,139,401,394,35,220,146,83,22,63,263,15183,249,1799,297
9,17,18,67,6,29,56,4,4,20,2,0,2,90,22,49,1,1,6,8,0,24,4,6,18,5,8,0,10,24,18,6,5,1,39,20,4,5,24,2,8,29,21,18,13,1,4,118,36,1,198,117,11748,26,102,241,67,84,50,39,918,86,82,84,14421,50806,2848,135,145,158,114,503,16,52,305,80,49,101,459,437,322,702,2931,9935,309,272,153,367,6208,56,203,163,132,15,117,271,637,129,2681,7276
24,37,28,143,9,49,130,19,50,107,20,0,11,204,95,253,4,5,83,18,15,129,3,52,24,4,12,0,29,131,54,2,12,0,150,262,32,4,132,1,52,119,114,16,13,0,2,224,44,32,297,221,7057,116,402,5277,218,459,992,409,2397,454,169,130,1678,2848,29786,535,6389,520,428,669,186,149,1148,60,76,46,335,4236,200,572,868,5306,352,99,632,4563,869,111,540,55,128,13,65,667,403,121,1471,572
0,0,0,0,0,0,0,5,31,6,1,1,3,0,4,2,3,2,5,8,4,1,1,1,5,1,3,0,0,1,1,4,6,2,4,3,2,1,0,0,0,1,0,1,2,0,1,2,1,1,2,2,29,0,0,8,1347,6182,3860,557,250,1215,3403,4710,47,135,535,7078,734,117,5277,782,39,66,1342,10,29,22,7,3297,55,893,25,327,60,45,211,23,163,30,4,16,54,18,91,1,7,3,48,71
3,3,7,26,3,5,35,46,125,159,27,8,23,33,40,229,7,18,223,49,42,120,5,88,37,6,16,0,8,68,30,11,17,2,104,321,39,10,111,1,39,131,92,15,14,0,6,21,7,42,8,9,109,3,21,162,199,804,3222,9072,1698,761,281,192,136,145,6389,734,16725,1126,847,578,2575,840,1095,74,212,25,66,1984,119,622,309,260,279,112,1781,4338,442,128,247,53,274,9,78,45,26,38,626,366
1,1,0,13,0,1,18,415,583,8,9,46,363,5,14,45,4,4,25,774,4,37,48,42,642,26,179,2,1,5,21,23,298,3,24,30,16,52,9,4,2,1,33,115,100,4,21,4,0,3,4,3,56,2,9,46,1773,3274,595,5385,69,213,1929,1452,107,158,520,117,1126,20257,62,1520,73,3940,44,385,1176,108,18,201,829,10309,44,184,7614,474,1700,187,41,3064,23,133,1494,48,375,15,11,2,32,41
2,0,0,4,0,0,4,5,22,8,0,1,2,2,1,15,2,4,18,2,1,3,0,6,2,2,5,0,0,2,1,7,2,3,6,16,11,1,6,0,3,10,5,7,1,0,1,1,2,2,2,3,49,0,1,31,34,333,864,842,2943,3618,4213,1585,31,114,428,5277,847,62,7050,1210,110,39,5146,19,48,85,8,1410,62,348,69,146,20,91,310,151,636,15,26,114,101,31,86,5,8,11,406,4268
5,7,13,24,2,10,32,12,31,21,4,1,8,35,18,52,2,1,20,57,6,29,34,18,111,96,94,9,6,31,17,116,38,42,31,43,11,58,28,55,12,21,23,209,82,7,73,28,9,7,163,859,575,264,204,528,83,931,641,828,2215,6428,6412,946,549,503,669,782,578,1520,1210,35910,111,1193,390,568,1491,1512,1372,276,685,8747,998,280,679,1494,246,284,269,1085,125,737,3687,6209,8332,57,136,4523,3763,457
0,3,1,5,0,1,12,15,48,35,6,0,6,10,7,33,4,5,38,17,10,17,4,20,21,10,12,0,3,11,5,11,9,1,18,44,20,15,14,2,7,21,11,24,11,1,6,8,1,6,4,6,17,4,50,65,19,37,17,9870,226,79,33,24,14,16,186,39,2575,73,110,111,10105,2265,97,27,1129,15,6,19,32,103,64,10,10,44,7107,4797,51,28,2985,398,230,5,45,271,28,4,117,68
1,2,0,12,0,1,12,195,332,4,11,48,202,5,12,43,3,8,23,804,2,39,75,44,927,71,467,5,0,2,17,67,304,13,15,31,14,104,8,4,1,5,27,261,174,5,58,6,1,4,4,1,30,1,24,26,72,201,64,7263,40,104,777,270,28,52,149,66,840,3940,39,1193,2265,18566,44,83,10614,44,8,50,185,2287,27,38,593,200,2850,471,38,433,441,706,2324,24,277,121,14,2,31,42
1,0,1,7,1,0,5,6,16,8,5,2,0,10,7,18,1,1,26,3,3,11,1,3,6,1,2,0,0,9,3,4,3,1,6,34,4,1,6,2,3,5,3,4,1,0,0,7,3,2,5,6,75,1,5,46,16,57,321,207,849,355,998,301,79,305,1148,1342,1095,44,5146,390,97,44,6059,20,37,67,12,6433,64,300,119,660,33,88,300,314,3979,13,59,96,58,20,76,15,15,12,471,2127
0,0,0,2,0,0,1,5,16,6,1,6,3,1,3,1,1,0,4,20,4,32,141,9,34,379,268,12,0,0,3,384,45,61,4,8,0,149,3,67,0,5,5,723,120,21,297,2,0,3,3,3,29,1,7,10,9,56,23,66,25,16,19,13,56,80,60,10,74,385,19,568,27,83,20,11525,576,47,10,24,4735,807,45,61,3243,3767,22,20,22,5968,22,194,8472,35,615,9,9,4,64,35
0,0,1,5,1,4,7,29,84,4,6,26,23,3,3,10,0,5,5,123,8,29,159,22,337,428,642,11,1,0,3,401,187,54,7,14,6,341,3,52,0,3,10,870,377,12,267,5,1,6,1,4,18,1,56,13,25,104,37,864,62,60,209,70,37,49,76,29,212,1176,48,1491,1129,10614,37,576,16559,317,10,38,717,1879,56,38,560,806,1518,212,26,558,930,8485,8766,100,1023,291,35,13,55,51
0,0,0,1,0,1,0,1,0,1,1,0,0,0,0,0,0,0,1,2,0,8,7,0,1,6,11,232,2,0,0,9,1,115,0,1,0,0,0,462,0,0,1,26,2,20,41,1,0,0,4,9,26,4,4,11,12,70,35,20,90,40,73,28,87,101,46,22,25,108,85,1512,15,44,67,47,317,49739,820,36,102,282,243,93,186,10881,66,10,57,91,21,15122,334,17861,1563,22,19,303,185,91
1,4,10,16,3,10,30,0,3,10,1,0,1,25,8,17,0,0,2,2,2,18,1,1,0,2,2,0,3,17,14,1,1,1,17,27,3,1,11,0,3,20,13,1,1,0,1,48,10,1,603,790,774,394,323,289,5,7,7,15,91,11,5,4,4351,459,335,7,66,18,8,1372,6,8,12,10,10,820,137793,28,44,75,30434,145,40,172,115,154,57,10,89,65,30,1490,79,74,17858,30322,2277,57
0,1,1,4,0,0,1,2,6,7,3,0,1,8,4,12,0,0,6,10,2,8,1,6,12,2,2,0,1,5,5,5,3,1,10,21,1,1,12,1,3,7,10,10,3,0,1,3,0,3,5,7,117,0,5,27,241,358,3971,96,334,180,428,346,135,437,4236,3297,1984,201,1410,276,19,50,6433,24,38,36,28,8752,138,744,79,3105,232,83,100,68,965,33,30,33,59,14,85,8,22,9,119,127
1,0,0,1,0,0,3,6,18,5,4,5,3,6,1,1,0,1,3,22,3,36,97,11,31,304,170,20,2,0,4,356,43,159,1,2,3,78,3,177,2,1,10,749,99,41,339,1,0,5,3,8,82,3,7,30,66,289,172,117,83,32,67,58,230,322,200,55,119,829,62,685,32,185,64,4735,717,102,44,138,22769,4364,254,311,8298,7077,26,49,85,1770,19,452,3803,462,9484,18,47,26,172,94
1,0,0,5,0,2,3,91,150,3,3,18,61,7,4,13,1,3,11,213,5,18,69,11,293,105,183,2,0,1,7,144,139,23,10,26,4,132,8,9,0,6,17,232,174,2,77,1,2,1,22,12,176,3,8,60,1837,2236,845,832,163,257,7254,5622,349,702,572,893,622,10309,348,8747,103,2287,300,807,1879,282,75,744,4364,25859,361,733,13831,995,281,120,324,3327,26,221,5238,270,7405,10,46,21,280,206
8,24,23,75,1,20,60,4,29,41,9,0,5,91,31,55,0,0,22,6,3,40,0,8,10,5,8,2,7,46,22,3,4,2,58,89,12,4,52,2,23,39,36,9,8,0,2,108,23,7,626,1362,1479,612,707,545,19,30,34,117,333,56,40,12,17635,2931,868,25,309,44,69,998,64,27,119,45,56,243,30434,79,254,361,80767,591,128,312,404,503,565,27,255,269,156,244,97,166,4070,18202,27905,549
5,12,4,27,3,17,30,3,4,20,3,1,0,89,24,46,0,0,3,13,2,28,2,3,14,3,9,1,6,39,16,2,10,1,39,34,3,6,24,0,8,26,38,16,9,1,6,62,18,6,54,23,839,6,42,166,147,149,264,27,963,117,112,120,1182,9935,5306,327,260,184,146,280,10,38,660,61,38,93,145,3105,311,733,591,16306,356,214,113,169,4467,61,132,100,87,9,84,150,172,46,775,763
1,1,0,9,0,0,7,33,88,6,5,28,49,3,3,20,1,5,9,302,6,28,92,19,563,139,277,2,1,2,10,129,192,13,7,13,2,246,8,9,0,5,16,368,335,3,92,3,1,5,5,7,117,4,5,46,177,722,299,233,47,37,214,78,231,309,352,60,279,7614,20,679,10,593,33,3243,560,186,40,232,8298,13831,128,356,13230,1301,40,27,46,5273,8,260,1144,21,628,8,47,8,84,34
0,0,0,2,1,0,2,9,10,2,2,2,4,1,0,2,1,0,2,13,4,47,79,2,7,129,85,290,4,2,3,204,17,791,1,4,0,22,2,1333,3,2,4,538,30,111,522,1,0,2,4,9,76,1,10,31,22,153,82,82,112,58,69,34,222,272,99,45,112,474,91,1494,44,200,88,3767,806,10881,172,83,7077,995,312,214,1301,45798,61,22,105,1012,48,9061,6295,7742,7395,19,36,95,247,174
0,4,4,23,3,7,45,463,2000,135,55,40,155,26,23,99,73,98,243,128,168,49,9,295,51,7,9,1,8,34,54,12,56,5,69,151,1321,7,81,3,19,59,82,17,3,1,6,40,5,20,16,7,50,9,67,124,434,965,223,14007,648,211,144,371,139,153,632,211,1781,1700,310,246,7107,2850,300,22,1518,66,115,100,26,281,404,113,40,61,3826,3242,240,21,3646,528,147,12,24,376,68,56,570,253
13,58,37,190,14,85,185,21,50,146,19,1,8,215,98,279,4,7,71,23,10,158,5,63,18,3,6,0,42,135,79,5,8,2,172,365,36,5,168,2,56,182,138,17,11,0,4,348,57,32,82,151,363,102,1133,2171,6,26,6,449,888,98,51,26,401,367,4563,23,4338,187,151,284,4797,471,314,20,212,10,154,68,49,120,503,169,27,22,3242,16646,352,40,12375,70,171,4,34,3449,215,54,784,289
0,0,1,6,0,3,5,4,8,17,0,0,2,6,7,14,0,2,14,4,3,14,2,4,5,3,2,0,0,10,2,1,1,1,7,44,7,3,11,0,3,9,7,8,3,0,4,6,4,3,10,11,214,2,13,78,15,33,53,87,486,125,246,75,394,6208,869,163,442,41,636,269,51,38,3979,22,26,57,57,965,85,324,565,4467,46,105,240,352,26143,9,107,62,68,15,70,25,36,26,1318,4740
0,0,0,3,0,0,3,2,47,2,5,15,15,3,3,3,0,4,9,91,3,18,137,21,218,293,316,3,0,0,1,243,131,10,5,9,0,281,1,8,3,2,6,527,293,10,136,2,0,2,2,3,32,0,6,15,17,140,45,184,22,39,83,33,35,56,111,30,128,3064,15,1085,28,433,13,5968,558,91,10,33,1770,3327,27,61,5273,1012,21,40,9,15895,19,138,10459,26,798,7,10,3,24,18
11,28,14,74,8,34,81,5,9,53,8,1,1,142,43,89,0,1,24,4,2,67,2,6,5,2,3,0,21,71,26,2,3,1,73,68,10,2,47,3,21,58,60,8,2,0,4,160,47,8,22,28,103,14,434,174,2,6,3,85,269,20,6,6,220,203,540,4,247,23,26,125,2985,441,59,22,930,21,89,30,19,26,255,132,8,48,3646,12375,107,19,17427,663,127,9,23,6865,185,32,274,101
1,0,0,1,0,1,5,8,4,2,1,3,4,1,1,3,0,1,1,7,2,78,85,5,16,100,116,1562,6,0,4,200,14,1434,1,0,3,17,7,4507,0,7,7,650,15,233,789,8,1,1,9,10,37,1,38,17,11,48,14,76,98,33,42,18,146,163,55,16,53,133,114,737,398,706,96,194,8485,15122,65,33,452,221,269,100,260,9061,528,70,62,138,663,38796,8927,3080,1498,267,67,40,228,145
0,0,0,11,0,1,3,19,65,11,8,21,17,4,8,12,4,8,11,148,13,83,222,38,410,584,576,38,3,4,17,630,184,214,8,25,6,348,9,233,1,5,10,1422,468,53,547,10,0,5,1,3,33,1,9,26,38,144,50,418,147,131,202,80,83,132,128,54,274,1494,101,3687,230,2324,58,8472,8766,334,30,59,3803,5238,156,87,1144,6295,147,171,68,10459,127,8927,29315,266,3002,38,21,36,174,136
0,0,0,1,0,0,0,1,3,0,0,0,0,0,0,0,0,0,0,0,0,5,0,0,4,6,5,131,1,0,0,15,3,71,0,1,1,2,0,299,0,0,0,19,2,14,24,0,0,0,7,8,5,9,11,4,2,18,8,14,41,64,65,16,22,15,13,18,9,48,31,6209,5,24,20,35,100,17861,1490,14,462,270,244,9,21,7742,12,4,15,26,9,3080,266,25355,13465,1,19,955,103,20
0,0,0,3,0,0,1,3,6,4,3,6,2,0,1,4,1,0,1,9,5,22,49,4,22,150,62,39,0,1,2,159,23,124,1,2,3,60,2,207,2,1,2,298,41,31,165,0,0,0,4,4,28,3,4,18,35,126,57,94,99,65,161,92,63,117,65,91,78,375,86,8332,45,277,76,615,1023,1563,79,85,9484,7405,97,84,628,7395,24,34,70,798,23,1498,3002,13465,27837,8,14,85,90,86
35,93,88,245,20,199,273,0,3,10,2,1,3,80,21,33,0,0,5,3,0,15,0,16,1,1,7,4,2,9,6,0,3,3,19,9,8,2,10,9,6,15,4,6,0,1,0,585,33,1,107,139,216,145,3012,939,1,1,2,16,174,7,2,6,263,271,667,1,45,15,5,57,271,121,15,9,291,22,74,8,18,10,166,150,8,19,376,3449,25,7,6865,267,38,1,8,6284,537,23,148,34
3,12,18,27,1,17,36,0,1,5,1,0,0,24,7,14,0,0,1,1,0,12,0,1,3,0,3,0,3,14,6,2,1,0,18,9,2,2,4,0,3,6,6,1,1,0,3,68,10,1,9285,2166,2522,958,4087,664,6,7,5,14,165,5,7,1,15183,637,403,7,26,11,8,136,28,14,15,9,35,19,17858,22,47,46,4070,172,47,36,68,215,36,10,185,67,21,19,14,537,53262,443,570,55
4,4,1,9,1,1,3,0,1,4,0,0,1,11,8,15,0,0,3,0,0,9,0,2,0,0,1,0,2,4,2,0,1,0,3,14,1,0,7,5,4,7,2,1,0,0,2,12,3,1,68,167,186,73,83,142,0,2,3,5,33736,7,7,0,249,129,121,3,38,2,11,4523,4,2,12,4,13,303,30322,9,26,21,18202,46,8,95,56,54,26,3,32,40,36,955,85,23,443,74848,5054,156
7,13,8,41,6,16,53,8,32,49,11,5,3,64,20,85,1,3,49,8,11,49,2,27,12,3,3,0,9,49,21,4,4,1,66,106,16,5,49,1,16,59,48,19,5,2,2,56,23,17,287,1034,1858,309,298,1047,11,17,67,179,35857,178,111,27,1799,2681,1471,48,626,32,406,3763,117,31,471,64,55,185,2277,119,172,280,27905,775,84,247,570,784,1318,24,274,228,174,103,90,148,570,5054,33383,7490
1,3,2,10,0,5,2,6,14,16,6,0,1,11,4,14,0,4,14,4,5,15,0,7,3,1,2,0,0,11,5,4,1,2,14,25,4,1,7,2,2,17,9,4,1,0,1,15,5,2,19,24,318,7,22,188,4,20,77,108,9786,301,221,63,297,7276,572,71,366,41,4268,457,68,42,2127,35,51,91,57,127,94,206,549,763,34,174,253,289,4740,18,101,145,136,20,86,34,55,156,7490,13708
