16115,8386,2141,670,9887,1973,37,0,0,0,0,0,0,16305,58,19,0,0,1,0,0,102,0,0,0,0,0,1,167,257,1,0,0,0,6,0,34,0,12,0,93,173,5,0,0,0,0,32,1704,4,0,0,0,0,0,0,0,0,0,0,0,0,0,0,1,0,0,0,0,0,0,0,0,0,0,0,0,0,0,0,0,0,1,0,0,0,0,0,0,0,0,0,0,0,0,28,0,0,0,0
8386,31670,7079,15329,1455,2170,870,1,5,28,5,0,0,8163,2554,286,0,1,0,0,0,659,0,5,1,0,0,0,298,533,5,1,1,1,22,0,217,0,47,0,182,654,7,0,0,0,1,212,485,191,1,0,3,0,9,1,0,0,0,0,1,0,0,0,3,1,4,0,0,0,0,2,0,0,0,0,0,0,0,0,0,0,1,0,0,0,2,6,0,0,9,0,0,0,0,548,2,0,2,0
2141,7079,20963,5891,3952,3999,1470,0,2,3,1,0,0,348,28,15,0,0,0,0,0,171,0,2,0,0,0,0,130,174,2,0,0,0,2,0,22,0,8,0,89,221,2,1,0,0,0,24,205,16,120,854,0,2210,100,19,0,0,0,0,0,0,0,0,8,0,0,0,0,0,0,0,0,0,0,0,0,0,0,0,0,0,1,0,0,0,0,0,0,0,0,0,0,0,0,30,4,0,1,0
670,15329,5891,49472,1023,10667,20030,9,4,270,12,1,1,6602,11764,8498,0,0,4,13,6,264,1,10,0,0,3,1,163,408,453,1,6,4,513,8,963,5,270,1,137,469,1210,2,4,0,1,3245,314,106,4,3,1,1,86,6,0,0,0,2,0,1,0,0,24,2,23,0,0,0,0,0,2,1,0,0,2,0,0,2,0,0,4,0,0,0,5,17,0,1,68,0,1,0,0,4109,6,1,7,1
9887,1455,3952,1023,19525,20733,179,0,0,5,1,0,0,8970,107,77,0,0,0,0,0,129,0,0,0,0,1,0,284,306,9,0,0,0,13,0,124,0,24,0,124,176,14,0,0,0,0,682,3696,1,0,0,0,6,2,0,0,0,0,0,0,0,0,0,3,1,5,0,0,0,0,0,0,0,0,0,0,0,0,0,0,0,0,0,0,0,0,2,0,0,1,0,0,0,0,93,0,0,1,0
1973,2170,3999,10667,20733,19309,13572,0,2,9,0,0,0,537,324,1336,0,0,1,0,0,162,0,6,0,0,0,0,236,234,3,0,0,0,113,1,102,0,61,0,105,206,10,0,0,0,0,4385,3817,2,76,43,0,1190,25,0,0,0,0,0,0,0,0,0,6,0,1,0,0,0,0,0,0,0,0,0,0,0,0,0,0,0,0,0,0,0,1,1,0,0,6,0,0,0,0,345,1,0,1,0
37,870,1470,20030,179,13572,10952,1,9,12,3,0,0,37,158,10294,0,0,2,3,0,47,1,37,6,0,2,0,15,28,4,0,2,2,3203,27,91,0,47,0,18,63,7,3,0,0,0,657,36,4,1,2,0,127,36,117,0,0,0,0,0,0,0,0,3,0,1,0,0,0,0,0,0,0,0,0,0,0,0,0,0,0,1,0,0,0,3,0,0,0,1,0,0,0,0,241,2,1,0,0
0,1,0,9,0,0,1,43497,4028,34,1614,321,3317,1,7,3167,518,7921,2868,11247,47,553,199,935,101,69,224,17,5,3,391,317,1874,86,2,10,4574,63,13,47,0,7,34,179,385,67,194,1,1,10,0,0,0,0,1,0,113,25,0,39,0,15,35,66,0,1,2,8,5,145,1,6,18,47,0,3,31,0,0,2,2,20,0,0,17,0,775,0,0,14,0,1,12,0,1,2,1,0,1,0
0,5,2,4,0,2,9,4028,74670,181,626,499,1004,1,13,2105,390,562,10190,8908,422,231,133,17472,7908,61,6169,32,6,2,28,116,453,53,722,2104,7684,28,706,548,6,17,57,528,38,25,133,7,0,25,0,0,0,0,0,0,34,4,0,9,0,12,13,21,1,1,5,3,1,89,2,6,4,60,0,4,55,1,0,2,5,26,1,0,26,0,240,1,1,35,0,4,34,0,0,3,0,0,0,2
0,28,3,270,5,9,12,34,181,28370,4418,1545,84,34,972,1702,195,155,92,64,4680,3565,390,217,27,44,122,31,44,22,1567,164,211,55,335,133,789,28,524,66,11992,16885,2835,233,16,151,358,150,16,5953,0,1,0,0,7,1,0,0,0,1,2,0,0,0,1,2,12,0,4,0,0,1,5,1,0,4,2,0,1,2,3,3,0,0,1,0,62,5,0,11,5,1,4,0,0,21,1,1,2,1
0,5,1,12,1,0,3,1614,626,4418,4086,8646,895,1,14,1728,1527,2125,1688,592,5930,2775,1144,188,71,42,127,7,4,10,1182,46,394,16,70,78,236,28,63,22,14,226,1069,224,16,120,145,3,0,229,0,0,0,1,2,0,2,0,0,2,0,2,1,3,0,1,1,1,2,6,1,2,3,12,0,1,7,0,0,0,2,1,0,0,2,1,54,0,0,11,1,1,6,0,0,7,1,0,0,1
0,0,0,1,0,0,0,321,499,1545,8646,15625,10157,0,1,102,2136,554,64,1193,8975,400,3424,95,197,23,237,11,4,4,163,81,7163,33,12,6,126,52,3,13,0,56,771,249,37,144,553,0,0,106,0,1,0,0,0,0,3,0,1,2,0,4,5,7,0,0,2,0,0,26,0,2,0,18,0,2,14,0,0,1,1,9,0,0,13,1,23,2,0,12,0,0,11,0,0,0,0,0,0,0
0,0,0,1,0,0,0,3317,1004,84,895,10157,24638,0,3,531,6805,4607,165,3075,596,195,544,220,310,61,275,7,2,1,66,521,16338,64,3,16,1360,72,5,34,0,7,186,216,232,61,282,1,0,19,0,0,0,0,0,0,46,11,0,18,0,13,24,36,0,0,5,1,3,111,0,4,7,32,0,3,37,0,0,1,0,16,0,1,21,1,307,4,0,14,0,0,12,0,1,0,0,0,0,0
16305,8163,348,6602,8970,537,37,1,1,34,1,0,0,69691,16108,411,1,0,0,3,0,315,0,4,0,0,0,0,3358,26007,101,0,1,1,51,4,522,1,93,0,395,803,300,1,0,0,1,191,18624,19,0,0,0,0,4,2,0,0,0,0,1,0,0,0,7,0,9,0,1,0,0,1,0,0,0,0,0,0,1,0,0,0,5,0,0,0,4,9,1,0,6,0,0,0,0,300,1,0,8,0
58,2554,28,11764,107,324,158,7,13,972,14,1,3,16108,21953,2005,3,5,14,20,33,674,1,21,2,4,9,3,237,671,1961,6,15,4,388,29,1201,2,420,4,279,1632,9835,5,3,0,5,597,360,8268,0,0,2,0,18,2,0,0,0,0,0,0,0,0,16,6,23,0,0,0,0,1,0,0,0,0,1,0,2,0,0,0,3,0,0,0,3,19,0,0,24,0,0,0,0,489,2,2,8,0
19,286,15,8498,77,1336,10294,3167,2105,1702,1728,102,531,411,2005,39718,26,2938,11170,623,268,544,95,1473,219,103,244,9,119,433,10437,213,627,188,12713,6336,4023,44,2717,88,190,1083,14623,170,277,19,207,7361,126,577,0,0,1,5,24,1,4,1,2,3,4,0,5,6,15,2,38,2,5,32,1,3,4,22,0,3,21,0,2,6,2,9,16,0,7,0,126,24,1,13,39,2,7,0,2,995,0,1,11,3
0,0,0,0,0,0,0,518,390,195,1527,2136,6805,1,3,26,8346,1158,74,48,10352,165,244,134,11,3,20,8,0,2,922,18,285,4,0,5,136,6,1,7,0,7,550,59,2,32,69,0,0,26,0,0,1,0,0,0,0,1,0,0,0,0,0,0,0,0,1,0,0,2,0,0,0,4,0,0,5,0,0,0,0,0,0,0,2,0,4,0,0,1,0,0,1,0,0,0,0,0,0,0
0,1,0,0,0,0,0,7921,562,155,2125,554,4607,0,5,2938,1158,1728,2090,273,1205,266,361,787,67,53,132,34,1,4,1100,667,1410,68,7,14,384,75,6,62,3,73,752,239,101,75,604,0,1,81,0,0,0,0,2,0,1,0,1,2,1,1,0,0,0,2,1,3,0,9,0,0,1,11,0,3,6,1,0,4,3,8,0,0,6,0,49,0,2,12,0,1,7,0,0,2,0,0,1,0
1,0,0,4,0,1,2,2868,10190,92,1688,64,165,0,14,11170,74,2090,15192,336,316,184,22,1690,125,7,60,0,2,1,457,18,98,6,80,1026,795,8,189,2,3,27,88,35,28,2,19,1,0,15,0,0,0,0,1,0,3,0,1,2,2,1,0,2,1,0,1,0,1,8,0,0,3,7,0,0,0,0,0,1,0,2,0,0,1,0,81,2,0,3,1,0,2,0,0,3,0,0,0,0
0,0,0,13,0,0,3,11247,8908,64,592,1193,3075,3,20,623,48,273,336,27735,66,369,1126,241,5552,616,2048,23,6,3,61,560,13554,235,77,140,3348,3604,56,98,2,33,88,2368,4774,80,552,0,1,34,0,1,3,0,0,4,98,16,3,48,5,40,67,90,5,3,38,18,4,368,2,25,24,401,0,15,180,1,0,15,5,147,0,0,160,1,348,5,1,100,1,4,106,1,4,1,2,0,4,1
0,0,0,6,0,0,0,47,422,4680,5930,8975,596,0,33,268,10352,1205,316,66,9512,147,681,229,30,19,81,17,0,3,1777,109,398,28,25,31,103,20,28,29,9,161,7658,173,10,107,289,1,0,617,0,0,0,0,0,0,0,0,0,1,1,0,0,1,0,0,0,0,0,3,0,0,3,6,0,1,7,0,0,1,0,2,0,0,1,0,19,1,0,4,2,1,4,0,0,1,0,0,0,0
102,659,171,264,129,162,47,553,231,3565,2775,400,195,315,674,544,165,266,184,369,147,15626,3746,62,107,158,417,1258,5600,666,141,181,128,366,124,38,585,100,202,420,22453,2628,304,963,43,4680,717,75,387,629,0,0,2,0,9,2,7,2,1,1,0,1,2,0,7,1,15,0,5,17,0,9,1,23,0,5,26,1,1,3,6,11,3,0,10,1,29,7,0,28,10,8,29,0,1,81,1,0,4,1
0,0,0,1,0,0,1,199,133,390,1144,3424,544,0,1,95,244,361,22,1126,681,3746,7917,30,444,452,1553,157,28,5,86,1225,6535,374,19,24,34,420,3,441,1,76,298,2610,236,2182,7259,0,0,92,0,0,0,0,0,0,1,3,0,2,0,5,1,2,1,0,5,2,0,30,1,5,1,72,0,29,83,1,0,4,25,47,1,1,37,2,4,0,0,96,0,14,113,1,3,0,0,0,0,0
0,5,2,10,0,6,37,935,17472,217,188,95,220,4,21,1473,134,787,1690,241,229,62,30,11333,528,28,1037,33,4,6,23,42,74,20,3825,8532,16065,9,8694,411,14,44,77,166,13,6,52,113,5,39,0,0,1,0,0,1,4,1,1,3,6,3,3,2,1,0,1,2,1,14,0,1,17,10,0,1,12,0,0,3,1,2,3,0,5,0,82,0,0,7,2,5,18,0,0,17,0,0,4,1
0,1,0,0,0,0,6,101,7908,27,71,197,310,0,2,219,11,67,125,5552,30,107,444,528,10459,73,8167,13,1,3,8,178,856,39,137,193,626,81,79,65,0,6,17,2911,97,24,266,2,0,6,0,0,2,0,0,3,26,12,3,20,2,20,23,19,6,9,25,11,5,210,1,24,22,362,0,24,177,0,1,11,16,94,3,2,158,1,21,2,1,156,1,3,177,2,3,0,0,0,3,1
0,0,0,0,0,0,0,69,61,44,42,23,61,0,4,103,3,53,7,616,19,158,452,28,73,12022,735,19,1,3,19,27084,314,8666,12,18,8,8385,10,309,1,15,31,12112,4370,103,1198,0,0,16,0,0,0,0,0,1,3,0,0,6,4,2,3,3,0,2,1,7,0,9,1,33,6,61,1,129,274,0,0,6,86,80,0,1,38,8,0,3,1,227,0,43,265,1,32,0,0,0,0,2
0,0,0,3,1,0,2,224,6169,122,127,237,275,0,9,244,20,132,60,2048,81,417,1553,1037,8167,735,36970,350,5,4,40,2100,1058,674,105,128,1164,412,675,7060,3,51,63,18561,526,240,2083,1,0,42,0,0,4,0,0,4,10,7,1,30,5,14,16,15,5,1,22,17,3,117,4,56,25,417,0,204,680,92,0,12,122,194,1,3,173,29,9,2,1,524,0,317,651,21,32,0,1,0,4,2
1,0,0,1,0,0,0,17,32,31,7,11,7,0,3,9,8,34,0,23,17,1258,157,33,13,19,350,50611,127,10,8,90,35,7001,0,2,5,14,11,35966,16,14,14,135,15,24187,6061,0,2,20,0,0,0,0,0,0,0,0,0,0,0,0,0,0,0,0,0,0,0,1,0,2,0,2,0,4,16,21,0,0,2,0,0,0,1,1,0,0,0,2,0,71,8,6,1,0,0,0,0,0
167,298,130,163,284,236,15,5,6,44,4,4,2,3358,237,119,0,1,2,6,0,5600,28,4,1,1,5,127,119158,15832,27,4,3,5,36,16,345,0,88,7,32888,1090,42,5,0,363,7,59,8362,23,0,0,0,1,5,1,0,0,0,0,1,0,0,0,0,0,9,0,1,0,0,1,0,0,0,0,0,0,0,2,0,0,4,0,0,0,8,9,0,1,8,0,0,0,0,48,0,0,3,0
257,533,174,408,306,234,28,3,2,22,10,4,1,26007,671,433,2,4,1,3,3,666,5,6,3,3,4,10,15832,49149,99,15,9,15,87,16,627,1,213,5,11261,10437,244,13,2,16,23,79,2306,392,0,0,0,1,6,0,0,0,0,0,1,0,0,0,5,1,18,0,0,0,0,2,0,0,0,0,0,0,1,1,0,1,3,0,0,0,8,5,0,1,10,0,1,0,0,92,0,0,7,1
1,5,2,453,9,3,4,391,28,1567,1182,163,66,101,1961,10437,922,1100,457,61,1777,141,86,23,8,19,40,8,27,99,16428,141,121,51,100,101,234,12,109,30,41,555,28289,59,32,24,161,21,12,711,0,0,0,0,4,0,0,0,0,0,1,1,0,1,1,1,2,0,0,2,0,0,0,1,0,0,1,0,0,0,1,1,3,0,1,0,8,2,0,2,2,0,1,0,0,16,0,0,0,0
0,1,0,1,0,0,0,317,116,164,46,81,521,0,6,213,18,667,18,560,109,181,1225,42,178,27084,2100,90,4,15,141,58258,7466,7857,17,18,11,952,6,566,7,158,171,6146,4658,373,37878,0,0,128,0,0,2,0,0,0,1,0,0,3,1,3,5,5,1,2,1,4,0,18,0,31,7,98,1,129,234,4,0,4,119,63,0,0,46,7,2,0,0,265,0,39,264,1,19,0,0,0,0,0
0,1,0,6,0,0,2,1874,453,211,394,7163,16338,1,15,627,285,1410,98,13554,398,128,6535,74,856,314,1058,35,3,9,121,7466,29707,203,25,48,427,910,19,114,2,78,259,1265,5463,157,7927,1,0,92,0,0,5,0,0,3,33,16,4,19,4,25,33,33,8,4,32,8,5,227,3,28,23,361,0,15,132,1,1,17,15,116,1,1,188,3,95,6,0,140,0,7,164,2,1,1,2,0,3,1
0,1,0,4,0,0,2,86,53,55,16,33,64,1,4,188,4,68,6,235,28,366,374,20,39,8666,674,7001,5,15,51,7857,203,27283,6,15,7,421,7,39563,2,45,50,10765,385,2269,19799,0,0,32,0,0,0,0,0,0,0,1,0,0,0,0,0,1,0,0,1,0,0,3,0,20,0,12,0,34,38,17,0,1,44,4,0,0,5,15,0,0,0,20,0,132,51,5,8,0,0,0,0,0
6,22,2,513,13,113,3203,2,722,335,70,12,3,51,388,12713,0,7,80,77,25,124,19,3825,137,12,105,0,36,87,100,17,25,6,9989,5508,982,7,18359,11,48,276,242,52,4,4,5,733,22,121,0,0,0,1,3,0,2,0,0,0,1,0,0,0,3,0,6,0,0,2,0,0,0,3,0,0,2,0,1,2,0,4,5,0,3,0,16,5,0,1,5,0,2,0,0,51,0,0,5,0
0,0,0,8,0,1,27,10,2104,133,78,6,16,4,29,6336,5,14,1026,140,31,38,24,8532,193,18,128,2,16,16,101,18,48,15,5508,10058,1461,8,4284,8,5,78,64,76,8,0,24,21,1,40,0,0,1,0,2,0,0,0,0,0,1,1,4,1,0,2,3,1,1,3,1,2,0,7,0,2,4,0,0,0,0,1,2,0,2,0,28,2,0,1,11,0,2,0,0,10,0,0,2,0
34,217,22,963,124,102,91,4574,7684,789,236,126,1360,522,1201,4023,136,384,795,3348,103,585,34,16065,626,8,1164,5,345,627,234,11,427,7,982,1461,5431,6,3295,38,308,933,659,47,19,5,20,1385,165,315,0,0,1,3,10,0,26,7,0,17,0,2,7,8,4,6,13,4,1,27,0,2,8,7,0,0,9,0,1,4,0,4,2,0,3,0,179,8,0,5,18,0,4,0,0,75,0,0,7,1
0,0,0,5,0,0,0,63,28,28,28,52,72,1,2,44,6,75,8,3604,20,100,420,9,81,8385,412,14,0,1,12,952,910,421,7,8,6,16924,2,110,0,14,26,6896,4396,53,635,0,0,12,1,0,0,0,0,0,0,2,0,9,0,2,3,3,1,0,2,3,0,37,0,13,2,94,0,17,82,1,0,2,13,44,0,1,60,3,1,1,0,173,1,1,133,0,5,0,0,0,0,0
12,47,8,270,24,61,47,13,706,524,63,3,5,93,420,2717,1,6,189,56,28,202,3,8694,79,10,675,11,88,213,109,6,19,7,18359,4284,3295,2,21664,138,137,524,307,44,8,1,13,10493,81,249,0,0,0,0,4,0,14,2,0,4,0,1,2,5,0,1,1,0,1,9,0,1,1,2,0,0,3,0,0,0,1,2,0,0,1,0,75,0,0,3,4,6,1,0,0,55,0,0,1,0
0,0,0,1,0,0,0,47,548,66,22,13,34,0,4,88,7,62,2,98,29,420,441,411,65,309,7060,35966,7,5,30,566,114,39563,11,8,38,110,138,25162,3,46,59,9199,86,3802,8418,0,0,23,0,0,0,0,0,0,1,0,0,1,0,0,1,0,0,0,0,1,0,1,0,42,12,20,0,94,176,318,0,4,96,4,0,0,1,76,2,0,0,18,0,1302,137,110,30,0,0,0,0,0
93,182,89,137,124,105,18,0,6,11992,14,0,0,395,279,190,0,3,3,2,9,22453,1,14,0,1,3,16,32888,11261,41,7,2,2,48,5,308,0,137,3,63155,14826,85,5,1,32,12,34,227,180,0,1,0,0,5,0,0,0,0,0,0,0,0,0,3,1,8,0,1,0,0,1,1,0,0,0,0,0,0,0,0,0,0,0,0,0,9,3,0,0,6,0,0,0,0,42,1,1,2,0
173,654,221,469,176,206,63,7,17,16885,226,56,7,803,1632,1083,7,73,27,33,161,2628,76,44,6,15,51,14,1090,10437,555,158,78,45,276,78,933,14,524,46,14826,18896,2362,97,10,56,223,156,173,8758,1,0,0,2,16,3,0,0,0,2,2,0,0,1,10,2,16,0,4,0,0,1,0,0,0,0,4,0,0,1,0,0,6,1,1,0,28,6,1,3,15,0,1,0,0,93,0,1,3,1
5,7,2,1210,14,10,7,34,57,2835,1069,771,186,300,9835,14623,550,752,88,88,7658,304,298,77,17,31,63,14,42,244,28289,171,259,50,242,64,659,26,307,59,85,2362,34476,130,23,74,296,158,26,7268,0,0,1,0,3,0,0,0,0,0,2,0,1,0,3,2,9,0,0,1,0,1,0,2,0,3,5,0,0,0,2,4,0,0,1,0,19,2,0,8,6,1,4,0,0,60,0,0,5,0
0,0,1,2,0,0,3,179,528,233,224,249,216,1,5,170,59,239,35,2368,173,963,2610,166,2911,12112,18561,135,5,13,59,6146,1265,10765,52,76,47,6896,44,9199,5,97,130,79093,835,540,4618,2,0,77,0,1,1,0,0,3,6,7,0,20,4,11,22,8,6,3,10,12,1,102,1,71,20,283,0,273,609,5,0,11,188,206,0,5,144,21,3,1,2,636,1,107,614,2,46,0,0,0,0,0
0,0,0,4,0,0,0,385,38,16,16,37,232,0,3,277,2,101,28,4774,10,43,236,13,97,4370,526,15,0,2,32,4658,5463,385,4,8,19,4396,8,86,1,10,23,835,9270,25,436,0,1,17,0,0,1,0,0,0,9,7,4,15,2,15,13,1,3,1,11,3,3,73,0,30,8,209,1,16,78,1,0,8,17,103,1,2,164,0,1,3,1,276,1,2,184,1,2,0,0,0,3,0
0,0,0,0,0,0,0,67,25,151,120,144,61,0,0,19,32,75,2,80,107,4680,2182,6,24,103,240,24187,363,16,24,373,157,2269,4,0,5,53,1,3802,32,56,74,540,25,12506,12271,0,0,30,0,0,0,0,0,0,0,0,0,0,0,0,0,0,0,0,0,0,0,4,0,4,0,6,0,8,9,4,0,1,12,3,0,0,2,2,0,0,0,5,0,21,12,2,0,0,0,0,0,0
0,1,0,1,0,0,0,194,133,358,145,553,282,1,5,207,69,604,19,552,289,717,7259,52,266,1198,2083,6061,7,23,161,37878,7927,19799,5,24,20,635,13,8418,12,223,296,4618,436,12271,71781,2,0,169,0,1,0,0,0,0,2,1,1,3,0,0,3,1,2,0,1,3,2,20,2,26,2,52,0,89,136,15,0,5,73,40,0,0,22,9,7,2,0,133,0,126,175,6,17,0,0,0,0,0
32,212,24,3245,682,4385,657,1,7,150,3,0,1,191,597,7361,0,0,1,0,1,75,0,113,2,0,1,0,59,79,21,0,1,0,733,21,1385,0,10493,0,34,156,158,2,0,0,2,10946,977,62,2,1,2,1,15,1,0,0,0,0,0,0,0,0,3,2,3,0,0,0,0,1,0,0,0,0,0,0,0,0,0,0,2,0,0,0,3,1,0,0,29,0,0,0,0,438,0,0,1,0
1704,485,205,314,3696,3817,36,1,0,16,0,0,0,18624,360,126,0,1,0,1,0,387,0,5,0,0,0,2,8362,2306,12,0,0,0,22,1,165,0,81,0,227,173,26,0,1,0,0,977,15260,6,0,0,0,0,5,0,0,0,0,0,0,0,0,0,1,0,6,0,0,1,0,1,0,0,0,0,0,0,1,0,0,0,0,0,0,0,0,4,0,0,2,0,0,0,0,97,0,1,1,0
4,191,16,106,1,2,4,10,25,5953,229,106,19,19,8268,577,26,81,15,34,617,629,92,39,6,16,42,20,23,392,711,128,92,32,121,40,315,12,249,23,180,8758,7268,77,17,30,169,62,6,14211,0,0,1,1,0,0,0,0,0,1,0,0,0,0,1,0,2,1,0,2,0,1,0,1,0,0,1,0,0,0,0,0,0,0,1,0,4,0,0,0,0,1,5,0,1,6,0,0,1,0
0,1,120,4,0,76,1,0,0,0,0,0,0,0,0,0,0,0,0,0,0,0,0,0,0,0,0,0,0,0,0,0,0,0,0,0,0,1,0,0,0,1,0,0,0,0,0,2,0,0,21801,9596,1481,9624,19747,913,0,0,0,1,24,4,0,0,10754,38,33,0,1,3,2,20,2,1,0,0,1,0,221,7,2,2,426,1,1,1,4,104,0,1,71,1,0,0,1,184,8485,15,87,14
0,0,854,3,0,43,2,0,0,1,0,1,0,0,0,0,0,0,0,1,0,0,0,0,0,0,0,0,0,0,0,0,0,0,0,0,0,0,0,0,1,0,0,1,0,0,1,1,0,0,9596,50819,6283,12206,3454,9452,0,1,1,1,136,7,0,0,11804,55,45,0,6,0,2,129,8,2,0,1,2,1,160,26,10,7,304,1,2,3,12,125,6,0,65,0,2,0,0,211,962,83,482,42
0,3,0,1,0,0,0,0,0,0,0,0,0,0,2,1,1,0,0,3,0,2,0,1,2,0,4,0,0,0,0,2,5,0,0,1,1,0,0,0,0,0,1,1,1,0,0,2,0,1,1481,6283,29012,144,467,12279,10,16,7,22,540,35,4,9,15907,13484,7928,9,30,37,6,206,45,5,7,10,13,6,239,187,31,48,508,50,15,7,42,1472,28,15,199,7,8,0,1,154,1135,159,1241,291
0,0,2210,1,6,1190,127,0,0,0,1,0,0,0,0,5,0,0,0,0,0,0,0,0,0,0,0,0,1,1,0,0,0,0,1,0,3,0,0,0,0,2,0,0,0,0,0,1,0,1,9624,12206,144,32444,19689,10898,0,2,1,1,53,2,0,0,368,25,7,0,1,1,2,53,1,0,0,0,0,1,56,4,0,2,83,0,1,0,11,27,5,0,12,0,0,0,0,237,250,36,165,12
0,9,100,86,2,25,36,1,0,7,2,0,0,4,18,24,0,2,1,0,0,9,0,0,0,0,0,0,5,6,4,0,0,0,3,2,10,0,4,0,5,16,3,0,0,0,0,15,5,0,19747,3454,467,19689,25702,14060,0,2,2,5,78,11,1,1,3407,235,36,4,3,3,0,105,7,3,0,0,0,3,315,9,2,2,541,2,1,0,178,350,7,1,616,0,0,1,0,3439,6203,92,401,20
0,1,19,6,0,0,117,0,0,1,0,0,0,2,2,1,0,0,0,4,0,2,0,1,3,1,4,0,1,0,0,0,3,0,0,0,0,0,0,0,0,3,0,3,0,0,0,1,0,0,913,9452,12279,10898,14060,41705,5,9,7,37,652,33,8,3,878,164,5971,10,30,38,8,261,54,6,4,4,6,8,70,102,31,39,171,8,10,10,43,1908,21,18,251,6,9,1,4,420,240,192,1044,224
0,0,0,0,0,0,0,113,34,0,2,3,46,0,0,4,0,1,3,98,0,7,1,4,26,3,10,0,0,0,0,1,33,0,2,0,26,0,14,1,0,0,0,6,9,0,2,0,0,0,0,0,10,0,0,5,2777,5561,702,942,32,180,300,3419,8,9,430,5581,211,8347,135,142,605,277,3,54,251,17,3,276,149,5984,1,31,3487,27,1230,40,2,108,15,17,57,6,45,0,0,1,15,7
0,0,0,0,0,0,0,25,4,0,0,0,11,0,0,1,1,0,0,16,0,2,3,1,12,0,7,0,0,0,0,0,16,1,0,0,7,2,2,0,0,0,0,7,7,0,1,0,0,0,0,1,16,2,2,9,5561,30067,11339,2275,74,450,304,1124,5,10,722,13015,456,9342,109,373,1155,82,5,37,51,17,1,197,83,538,1,42,529,17,2345,40,7,92,11,16,42,10,22,0,0,1,21,8
0,0,0,0,0,0,0,0,0,0,0,1,0,0,0,2,0,1,1,3,0,1,0,1,3,0,1,0,0,0,0,0,4,0,0,0,0,0,0,0,0,0,0,0,4,0,1,0,0,0,0,1,7,1,2,7,702,11339,4981,6273,283,446,35,59,2,16,2633,2628,3818,253,38,287,99,16,4,9,7,10,0,7560,66,218,3,87,113,14,142,31,5,32,17,11,8,2,22,0,0,6,39,34
0,0,0,2,0,0,0,39,9,1,2,2,18,0,0,3,0,2,2,48,1,1,2,3,20,6,30,0,0,0,0,3,19,0,0,0,17,9,4,1,0,2,0,20,15,0,3,0,0,1,1,1,22,1,5,37,942,2275,6273,66844,955,1232,986,1300,40,69,570,849,8234,20479,478,753,20992,6318,76,112,457,18,12,354,133,547,21,11,88,21,2808,616,108,154,192,46,213,8,41,5,10,17,140,226
0,1,0,0,0,0,0,0,0,2,0,0,0,1,0,4,0,1,2,5,1,0,0,6,2,4,5,0,1,1,1,1,4,0,1,1,0,0,0,0,0,2,2,4,2,0,0,0,0,0,24,136,540,53,78,652,32,74,283,955,26564,4139,1056,49,198,1589,1855,818,1333,87,3050,2323,1043,48,227,31,35,15,75,2409,42,131,68,82,12,18,239,1047,1936,50,532,19,45,20,25,41,54,18089,30077,9517
0,0,0,1,0,0,0,15,12,0,2,4,13,0,0,0,0,1,1,40,0,1,5,3,20,2,14,0,0,0,1,3,25,0,0,1,2,2,1,0,0,0,0,11,15,0,0,0,0,0,4,7,35,2,11,33,180,450,446,1232,4139,4284,2915,185,17,414,457,1484,732,982,4686,3857,375,549,172,46,126,13,18,1842,40,520,14,39,45,13,76,121,700,134,36,14,237,38,54,7,3,47,481,1032
0,0,0,0,0,0,0,35,13,0,1,5,24,0,0,5,0,0,0,67,0,2,1,3,23,3,16,0,0,0,0,5,33,0,0,4,7,3,2,1,0,0,1,22,13,0,3,0,0,0,0,0,4,0,1,8,300,304,35,986,1056,2915,11727,14281,9,98,86,4207,86,1560,6012,4592,296,782,424,58,207,17,4,1013,206,15552,3,4,198,7,108,43,246,155,8,7,310,37,402,0,2,6,49,276
0,0,0,0,0,0,0,66,21,0,3,7,36,0,0,6,0,0,2,90,1,0,2,2,19,3,15,0,0,0,1,5,33,1,0,1,8,3,5,0,0,1,0,8,1,0,1,0,0,0,0,0,9,0,1,3,3419,1124,59,1300,49,185,14281,8696,5,9,121,14291,92,3655,1661,493,254,490,59,19,262,14,0,210,98,29798,1,11,1614,15,244,42,17,96,10,8,106,6,60,1,0,1,8,23
1,3,8,24,3,6,3,0,1,1,0,0,0,7,16,15,0,0,1,5,0,7,1,1,6,0,5,0,0,5,1,1,8,0,3,0,4,1,0,0,3,10,3,6,3,0,2,3,1,1,10754,11804,15907,368,3407,878,8,5,2,40,198,17,9,5,50099,15238,1496,2,60,23,4,131,80,34,16,27,13,19,2208,983,142,88,8380,321,29,34,138,845,68,29,715,41,14,4,11,641,12481,131,990,186
0,1,0,2,1,0,0,1,1,2,1,0,0,0,6,2,0,2,0,3,0,1,0,0,9,2,1,0,0,1,1,2,4,0,0,2,6,0,1,0,1,2,2,3,1,0,0,2,0,0,38,55,13484,25,235,164,9,10,16,69,1589,414,98,9,15238,67211,8023,57,163,23,247,247,221,19,266,18,22,35,318,3676,98,103,9620,7671,24,24,130,707,3888,23,540,33,24,5,40,550,235,133,6545,11518
0,4,0,23,5,1,1,2,5,12,1,2,5,9,23,38,1,1,1,38,0,15,5,1,25,1,22,0,9,18,2,1,32,1,6,3,13,2,1,0,8,16,9,10,11,0,1,3,6,2,33,45,7928,7,36,5971,430,722,2633,570,1855,457,86,121,1496,8023,28087,1083,9394,598,95,307,179,68,311,76,61,38,52,13778,225,453,205,5731,243,57,872,8457,434,162,2536,37,36,5,42,247,78,115,1054,846
0,0,0,0,0,0,0,8,3,0,1,0,1,0,0,2,0,3,0,18,0,0,2,2,11,7,17,0,0,0,0,4,8,0,0,1,4,3,0,1,0,0,0,12,3,0,3,0,0,1,0,0,9,0,4,10,5581,13015,2628,849,818,1484,4207,14291,2,57,1083,6894,981,420,8788,1079,640,238,959,81,137,111,4,5287,356,2380,2,81,162,127,837,46,227,201,19,68,267,40,267,2,0,8,55,369
0,0,0,0,0,0,0,5,1,4,2,0,3,1,0,5,0,0,1,4,0,5,0,1,5,0,3,0,1,0,0,0,5,0,0,1,1,0,1,0,1,4,0,1,3,0,2,0,0,0,1,6,30,1,3,30,211,456,3818,8234,1333,732,86,92,60,163,9394,981,22522,357,136,331,6913,47,101,12,23,5,16,3951,52,144,50,20,47,3,1314,5226,172,48,1274,6,18,0,10,4,5,14,249,371
0,0,0,0,0,0,0,145,89,0,6,26,111,0,0,32,2,9,8,368,3,17,30,14,210,9,117,1,0,0,2,18,227,3,2,3,27,37,9,1,0,0,1,102,73,4,20,0,1,2,3,0,37,1,3,38,8347,9342,253,20479,87,982,1560,3655,23,23,598,420,357,18266,56,673,1741,10015,11,501,1897,63,1,139,736,4617,0,31,2822,122,2360,203,14,3816,32,95,1313,25,214,2,2,4,38,15
0,0,0,0,0,0,0,1,2,0,1,0,0,0,0,1,0,0,0,2,0,0,1,0,1,1,4,0,0,0,0,0,3,0,0,1,0,0,0,0,0,0,0,1,0,0,2,0,0,0,2,2,6,2,0,8,135,109,38,478,3050,4686,6012,1661,4,247,95,8788,136,56,7749,580,512,34,7226,10,18,16,4,7199,26,207,5,2,5,4,68,32,2215,30,16,4,45,18,33,4,0,17,172,5770
0,2,0,0,0,0,0,6,6,1,2,2,4,1,1,3,0,0,0,25,0,9,5,1,24,33,56,2,1,2,0,31,28,20,0,2,2,13,1,42,1,1,1,71,30,4,26,1,1,1,20,129,206,53,105,261,142,373,287,753,2323,3857,4592,493,131,247,307,1079,331,673,580,30730,190,851,43,1358,925,2266,2995,596,1812,18706,1165,25,218,3862,61,219,187,1179,165,1779,2235,7809,8339,46,198,4731,2849,349
0,0,0,2,0,0,0,18,4,5,3,0,7,0,0,4,0,1,3,24,3,1,1,17,22,6,25,0,0,0,0,7,23,0,0,0,8,2,1,12,1,0,0,20,8,0,2,0,0,0,2,8,45,1,7,54,605,1155,99,20992,1043,375,296,254,80,221,179,640,6913,1741,512,190,8533,2053,188,134,914,32,14,556,128,264,59,15,49,45,27119,5300,375,85,1529,470,229,8,34,18,11,18,288,649
0,0,0,1,0,0,0,47,60,1,12,18,32,0,0,22,4,11,7,401,6,23,72,10,362,61,417,2,0,0,1,98,361,12,3,7,7,94,2,20,0,0,2,283,209,6,52,0,0,1,1,2,5,0,3,6,277,82,16,6318,48,549,782,490,34,19,68,238,47,10015,34,851,2053,26235,5,568,13677,113,4,104,443,2245,2,12,629,201,1477,38,9,673,9,2032,3504,31,151,0,2,2,10,25
0,0,0,0,0,0,0,0,0,0,0,0,0,0,0,0,0,0,0,0,0,0,0,0,0,1,0,0,0,0,0,1,0,0,0,0,0,0,0,0,0,0,0,0,1,0,0,0,0,0,0,0,7,0,0,4,3,5,4,76,227,172,424,59,16,266,311,959,101,11,7226,43,188,5,8435,2,2,7,1,9405,22,51,0,2317,3,7,15,64,4136,6,41,6,9,0,6,44,0,1,24,521
0,0,0,0,0,0,0,3,4,4,1,2,3,0,0,3,0,3,0,15,1,5,29,1,24,129,204,4,0,0,0,129,15,34,0,2,0,17,0,94,0,0,3,273,16,8,89,0,0,0,0,1,10,0,0,4,54,37,9,112,31,46,58,19,27,18,76,81,12,501,10,1358,134,568,2,27626,1427,277,0,104,16111,1634,6,10,2962,2196,8,20,10,14436,7,2074,15572,52,911,1,0,2,13,16
0,0,0,2,0,0,0,31,55,2,7,14,37,0,1,21,5,6,0,180,7,26,83,12,177,274,680,16,0,0,1,234,132,38,2,4,9,82,3,176,0,4,5,609,78,9,136,0,0,1,1,2,13,0,0,6,251,51,7,457,35,126,207,262,13,22,61,137,23,1897,18,925,914,13677,2,1427,20249,351,1,80,1015,1264,3,6,385,460,265,12,11,894,31,8852,10362,60,390,2,1,0,16,19
0,0,0,0,0,0,0,0,1,0,0,0,0,0,0,0,0,1,0,1,0,1,1,0,0,0,92,21,0,0,0,4,1,17,0,0,0,1,0,318,0,0,0,5,1,4,15,0,0,0,0,1,6,1,3,8,17,17,10,18,15,13,17,14,19,35,38,111,5,63,16,2266,32,113,7,277,351,50453,24,98,739,108,4,5,83,9729,9,2,12,91,5,22495,346,17058,1403,0,2,12,24,21
0,0,0,0,0,0,0,0,0,1,0,0,0,1,2,2,0,0,0,0,0,1,0,0,1,0,0,0,0,1,0,0,1,0,1,0,1,0,0,0,0,0,0,0,0,0,0,0,1,0,221,160,239,56,315,70,3,1,0,12,75,18,4,0,2208,318,52,4,16,1,4,2995,14,4,1,0,1,24,125124,35,9,5,20937,1,0,1,20,91,4,2,136,6,3,148,4,84,11725,33885,3615,14
0,0,0,2,0,0,0,2,2,2,0,1,1,0,0,6,0,4,1,15,1,3,4,3,11,6,12,0,2,1,0,4,17,1,2,0,4,2,0,4,0,1,0,11,8,1,5,0,0,0,7,26,187,4,9,102,276,197,7560,354,2409,1842,1013,210,983,3676,13778,5287,3951,139,7199,596,556,104,9405,104,80,98,35,11018,483,814,157,6164,235,122,355,743,6328,151,366,101,119,19,147,104,29,46,754,2236
0,0,0,0,0,0,0,2,5,3,2,1,0,0,0,2,0,3,0,5,0,6,25,1,16,86,122,2,0,0,1,119,15,44,0,0,0,13,1,96,0,0,2,188,17,12,73,0,0,0,2,10,31,0,2,31,149,83,66,133,42,40,206,98,142,98,225,356,52,736,26,1812,128,443,22,16111,1015,739,9,483,35990,5557,26,51,3855,13302,17,35,35,4423,14,1249,2163,1400,25303,3,13,5,50,34
0,0,0,0,0,0,0,20,26,3,1,9,16,0,0,9,0,8,2,147,2,11,47,2,94,80,194,0,0,1,1,63,116,4,4,1,4,44,2,4,0,0,4,206,103,3,40,0,0,0,2,7,48,2,2,39,5984,538,218,547,131,520,15552,29798,88,103,453,2380,144,4617,207,18706,264,2245,51,1634,1264,108,5,814,5557,30140,25,56,16968,234,82,74,47,4082,24,110,2956,116,14484,1,7,4,57,59
1,1,1,4,0,0,1,0,1,0,0,0,0,5,3,16,0,0,0,0,0,3,1,3,3,0,1,0,4,3,3,0,1,0,5,2,2,0,0,0,0,6,0,0,1,0,0,2,0,0,426,304,508,83,541,171,1,1,3,21,68,14,3,1,8380,9620,205,2,50,0,5,1165,59,2,0,6,3,4,20937,157,26,25,59197,18,5,9,60,389,23,4,571,12,4,9,6,201,4663,13083,27364,537
0,0,0,0,0,0,0,0,0,0,0,0,1,0,0,0,0,0,0,0,0,0,1,0,2,1,3,0,0,0,0,0,1,0,0,0,0,1,0,0,0,1,0,5,2,0,0,0,0,0,1,1,50,0,2,8,31,42,87,11,82,39,4,11,321,7671,5731,81,20,31,2,25,15,12,2317,10,6,5,1,6164,51,56,18,13493,21,6,18,91,682,17,110,8,5,0,2,69,4,3,73,69
0,0,0,0,0,0,0,17,26,1,2,13,21,0,0,7,2,6,1,160,1,10,37,5,158,38,173,1,0,0,1,46,188,5,3,2,3,60,1,1,0,1,1,144,164,2,22,0,0,1,1,2,15,1,1,10,3487,529,113,88,12,45,198,1614,29,24,243,162,47,2822,5,218,49,629,3,2962,385,83,0,235,3855,16968,5,21,22707,163,37,19,4,12496,4,73,439,7,1111,0,1,0,9,6
0,0,0,0,0,0,0,0,0,0,1,1,1,0,0,0,0,0,0,1,0,1,2,0,1,8,29,1,0,0,0,7,3,15,0,0,0,3,0,76,0,0,0,21,0,2,9,0,0,0,1,3,7,0,0,10,27,17,14,21,18,13,7,15,34,24,57,127,3,122,4,3862,45,201,7,2196,460,9729,1,122,13302,234,9,6,163,41723,2,10,15,374,5,14204,3603,11580,9249,0,2,3,14,25
0,2,0,5,0,1,3,775,240,62,54,23,307,4,3,126,4,49,81,348,19,29,4,82,21,0,9,0,8,8,8,2,95,0,16,28,179,1,75,2,9,28,19,3,1,0,7,3,0,4,4,12,42,11,178,43,1230,2345,142,2808,239,76,108,244,138,130,872,837,1314,2360,68,61,27119,1477,15,8,265,9,20,355,17,82,60,18,37,2,4329,1933,110,16,5363,42,17,3,2,447,25,11,249,190
0,6,0,17,2,1,0,0,1,5,0,2,4,9,19,24,0,0,2,5,1,7,0,0,2,3,2,0,9,5,2,0,6,0,5,2,8,1,0,0,3,6,2,1,3,0,2,1,4,0,104,125,1472,27,350,1908,40,40,31,616,1047,121,43,42,845,707,8457,46,5226,203,32,219,5300,38,64,20,12,2,91,743,35,74,389,91,19,10,1933,20199,473,33,12329,11,19,0,5,1096,150,93,1155,774
0,0,0,0,0,0,0,0,1,0,0,0,0,1,0,1,0,2,0,1,0,0,0,0,1,1,1,0,0,0,0,0,0,0,0,0,0,0,0,0,0,1,0,2,1,0,0,0,0,0,0,6,28,5,7,21,2,7,5,108,1936,700,246,17,68,3888,434,227,172,14,2215,187,375,9,4136,10,11,12,4,6328,35,47,23,682,4,15,110,473,32788,11,384,19,22,8,10,312,3,33,668,9339
0,0,0,1,0,0,0,14,35,11,11,12,14,0,0,13,1,12,3,100,4,28,96,7,156,227,524,2,1,1,2,265,140,20,1,1,5,173,3,18,0,3,8,636,276,5,133,0,0,0,1,0,15,0,1,18,108,92,32,154,50,134,155,96,29,23,162,201,48,3816,30,1179,85,673,6,14436,894,91,2,151,4423,4082,4,17,12496,374,16,33,11,26368,9,193,20551,19,447,1,5,3,16,30
0,9,0,68,1,6,1,0,0,5,1,0,0,6,24,39,0,0,1,1,2,10,0,2,1,0,0,0,8,10,2,0,0,0,5,11,18,1,4,0,6,15,6,1,1,0,0,29,2,0,71,65,199,12,616,251,15,11,17,192,532,36,8,10,715,540,2536,19,1274,32,16,165,1529,9,41,7,31,5,136,366,14,24,571,110,4,5,5363,12329,384,9,20178,26,16,0,1,10854,309,112,1263,437
0,0,0,0,0,0,0,1,4,1,1,0,0,0,0,2,0,1,0,4,1,8,14,5,3,43,317,71,0,0,0,39,7,132,0,0,0,1,6,1302,0,0,1,107,2,21,126,0,0,1,1,0,7,0,0,6,17,16,11,46,19,14,7,8,41,33,37,68,6,95,4,1779,470,2032,6,2074,8852,22495,6,101,1249,110,12,8,73,14204,42,11,19,193,26,35234,8179,1780,683,1,4,0,20,19
0,0,0,1,0,0,0,12,34,4,6,11,12,0,0,7,1,7,2,106,4,29,113,18,177,265,651,8,0,1,1,264,164,51,2,2,4,133,1,137,0,1,4,614,184,12,175,0,0,5,0,2,8,0,0,9,57,42,8,213,45,237,310,106,14,24,36,267,18,1313,45,2235,229,3504,9,15572,10362,346,3,119,2163,2956,4,5,439,3603,17,19,22,20551,16,8179,41260,54,711,0,2,4,16,26
0,0,0,0,0,0,0,0,0,0,0,0,0,0,0,0,0,0,0,1,0,0,1,0,2,1,21,6,0,0,0,1,2,5,0,0,0,0,0,110,0,0,0,2,1,2,6,0,0,0,0,0,0,0,1,1,6,10,2,8,20,38,37,6,4,5,5,40,0,25,18,7809,8,31,0,52,60,17058,148,19,1400,116,9,0,7,11580,3,0,8,19,0,1780,54,24749,18727,0,3,111,14,11
0,0,0,0,0,0,0,1,0,0,0,0,1,0,0,2,0,0,0,4,0,1,3,0,3,32,32,1,0,0,0,19,1,8,0,0,0,5,0,30,0,0,0,46,2,0,17,0,0,1,1,0,1,0,0,4,45,22,22,41,25,54,402,60,11,40,42,267,10,214,33,8339,34,151,6,911,390,1403,4,147,25303,14484,6,2,1111,9249,2,5,10,447,1,683,711,18727,38981,1,3,1,13,24
28,548,30,4109,93,345,241,2,3,21,7,0,0,300,489,995,0,2,3,1,1,81,0,17,0,0,0,0,48,92,16,0,1,0,51,10,75,0,55,0,42,93,60,0,0,0,0,438,97,6,184,211,154,237,3439,420,0,0,0,5,41,7,0,1,641,550,247,2,4,2,4,46,18,0,44,1,2,0,84,104,3,1,201,69,0,0,447,1096,312,1,10854,1,0,0,1,6746,410,37,289,72
0,2,4,6,0,1,2,1,0,1,1,0,0,1,2,0,0,0,0,2,0,1,0,0,0,0,1,0,0,0,0,0,2,0,0,0,0,0,0,0,1,0,0,0,0,0,0,0,0,0,8485,962,1135,250,6203,240,0,0,0,10,54,3,2,0,12481,235,78,0,5,2,0,198,11,2,0,0,1,2,11725,29,13,7,4663,4,1,2,25,150,3,5,309,4,2,3,3,410,49015,460,1441,9
0,0,0,1,0,0,1,0,0,1,0,0,0,0,2,1,0,0,0,0,0,0,0,0,0,0,0,0,0,0,0,0,0,0,0,0,0,0,0,0,1,1,0,0,0,0,0,0,1,0,15,83,159,36,92,192,1,1,6,17,18089,47,6,1,131,133,115,8,14,4,17,4731,18,2,1,2,0,12,33885,46,5,4,13083,3,0,3,11,93,33,3,112,0,4,111,1,37,460,62066,4599,94
0,2,1,7,1,1,0,1,0,2,0,0,0,8,8,11,0,1,0,4,0,4,0,4,3,0,4,0,3,7,0,0,3,0,5,2,7,0,1,0,2,3,5,0,3,0,0,1,1,1,87,482,1241,165,401,1044,15,21,39,140,30077,481,49,8,990,6545,1054,55,249,38,172,2849,288,10,24,13,16,24,3615,754,50,57,27364,73,9,14,249,1155,668,16,1263,20,16,14,13,289,1441,4599,29489,5825
0,0,0,1,0,0,0,0,2,1,1,0,0,0,0,3,0,0,0,1,0,1,0,1,1,2,2,0,0,1,0,0,1,0,0,0,1,0,0,0,0,1,0,0,0,0,0,0,0,0,14,42,291,12,20,224,7,8,34,226,9517,1032,276,23,186,11518,846,369,371,15,5770,349,649,25,521,16,19,21,14,2236,34,59,537,69,6,25,190,774,9339,30,437,19,26,11,24,72,9,94,5825,7346
