31251,5119,10352,3085,17285,1920,504,2,1,79,6,1,2,17561,481,446,0,1,4,8,1,245,2,0,1,10,0,3,263,198,43,21,23,1,58,14,36,2,74,0,129,104,110,7,22,1,6,74,1453,15,28,34,30,237,13,30,0,0,0,0,20,0,0,0,19,10,15,0,4,1,0,4,0,1,1,0,0,0,8,0,1,1,8,9,0,0,2,15,2,0,20,0,0,0,0,43,7,1,2,0
5119,15386,5745,15400,440,117,662,3,4,191,5,0,2,1891,1516,267,2,2,6,2,3,500,2,1,0,1,0,2,149,179,8,8,4,0,41,6,30,0,35,0,236,292,18,2,3,2,2,132,162,9,21,38,56,42,37,68,0,2,3,1,14,0,0,0,43,12,9,0,2,0,0,7,0,3,0,0,0,0,9,1,0,0,3,5,2,1,2,10,1,2,8,0,2,0,0,108,9,1,0,1
10352,5745,28767,7059,5031,3966,7177,3,1,226,3,3,1,415,38,115,0,1,4,0,0,441,1,1,0,1,1,1,113,137,6,3,5,0,19,3,16,0,70,1,185,225,6,1,5,0,1,317,156,11,560,1120,79,2204,96,119,0,0,0,1,10,0,0,0,44,16,12,0,0,0,0,7,4,2,0,1,1,0,13,0,0,0,7,7,0,1,4,18,1,1,15,1,3,0,0,134,22,1,3,1
3085,15400,7059,39364,1548,438,11798,9,8,966,14,4,4,3595,9036,6724,1,3,6,5,10,888,2,1,4,6,2,8,376,535,35,14,19,0,179,29,48,2,108,0,609,627,1063,5,21,1,7,536,439,60,77,152,135,178,72,194,1,1,0,1,24,1,0,1,115,33,36,0,8,1,0,10,1,10,1,0,5,0,17,4,0,2,15,14,5,0,10,50,7,0,26,1,4,0,0,256,28,1,6,0
17285,440,5031,1548,34455,32539,1544,10,4,33,3,1,3,6902,364,512,0,1,6,9,2,41,2,1,6,10,1,2,156,110,42,33,20,0,153,29,54,11,210,1,28,21,160,1,46,0,5,415,9189,9,31,46,76,133,34,39,0,0,1,0,34,2,0,0,60,33,31,1,9,5,0,13,0,0,2,2,1,0,17,3,0,1,14,31,2,0,10,66,4,1,37,0,2,0,0,48,19,3,12,7
1920,117,3966,438,32539,33756,20281,2,5,68,1,1,1,47,12,107,0,0,2,1,0,50,2,42,10,0,33,12,30,22,18,1,0,1,272,19,59,0,1108,8,7,26,10,17,0,1,1,6574,1604,4,20,29,21,1769,363,211,0,0,0,1,2,2,0,0,15,1,4,0,0,0,0,3,1,5,0,1,2,0,4,0,0,0,2,0,2,0,5,10,0,1,9,0,1,0,0,96,3,0,3,0
504,662,7177,11798,1544,20281,22165,14,6,908,26,9,4,195,49,4564,0,1,15,15,12,385,8,12,4,13,3,4,90,155,67,25,21,3,3207,24,87,7,2586,1,214,233,104,6,50,0,4,2782,138,29,95,201,193,694,147,239,0,1,2,3,39,2,0,0,122,46,46,1,13,2,0,11,6,3,0,1,5,0,26,2,0,0,11,11,6,0,11,85,3,3,53,1,5,1,0,395,24,3,13,1
2,3,3,9,10,2,14,51592,9480,389,1825,1564,13361,168,45,1071,2975,8018,1663,9708,331,2105,600,566,188,55,95,21,49,166,1808,247,2170,16,14,174,4392,149,42,6,29,110,534,193,1700,122,214,7,26,185,0,1,11,0,0,3,128,342,95,600,53,19,16,41,6,10,17,17,115,143,43,17,39,53,16,2,32,0,5,21,1,32,6,8,39,4,110,17,19,14,3,1,14,1,3,5,3,1,13,9
1,4,1,8,4,5,6,9480,51347,222,628,1113,1951,20,17,225,871,192,4432,6790,230,1160,380,12651,5137,85,2002,38,22,23,145,151,1046,44,106,624,11522,376,260,61,12,27,62,735,365,64,161,30,5,26,1,2,6,2,0,2,259,453,64,1113,38,24,45,100,6,8,24,15,103,351,24,30,41,195,16,7,148,0,4,14,5,65,7,9,91,5,61,17,11,44,6,14,50,1,4,5,1,0,13,6
79,191,226,966,33,68,908,389,222,43771,6770,4233,472,184,198,2016,1002,191,361,153,6926,4655,843,112,102,78,70,37,180,189,1422,605,1027,32,445,811,1445,75,904,7,16199,14349,2102,266,190,226,640,223,30,7791,10,8,34,19,6,22,4,15,42,20,104,5,0,2,30,42,110,2,237,16,14,35,13,24,17,5,19,1,23,25,1,7,21,57,20,2,60,140,53,20,44,1,28,0,6,35,10,4,61,22
6,5,3,14,3,1,26,1825,628,6770,4243,9487,1285,29,22,766,903,271,424,281,1819,2648,1947,104,91,25,57,11,18,37,454,64,785,15,46,275,436,45,100,1,60,139,186,132,119,99,152,16,8,41,0,1,3,0,0,3,3,14,12,27,17,2,2,4,4,7,10,1,36,12,8,3,4,17,8,6,3,0,3,11,0,7,5,9,10,0,18,18,8,9,12,0,13,1,4,1,1,1,5,1
1,0,3,4,1,1,9,1564,1113,4233,9487,25535,12627,22,11,106,5320,677,264,475,5637,2123,7154,195,775,40,252,12,13,75,355,102,6937,13,18,147,607,238,32,1,98,296,247,440,262,102,363,6,1,126,1,0,5,0,0,0,24,15,6,55,9,3,9,3,3,4,3,1,19,85,6,21,8,171,8,7,47,1,2,5,6,57,5,7,70,2,9,4,6,30,0,1,39,0,3,1,0,0,4,0
2,2,1,4,3,1,4,13361,1951,472,1285,12627,29470,117,20,109,6270,887,244,2939,660,550,753,125,449,24,76,8,28,224,461,268,8182,5,18,96,863,62,10,0,43,350,486,111,474,45,159,1,10,367,1,0,4,1,0,0,98,124,12,280,2,5,16,37,0,1,4,0,15,158,1,9,6,49,0,4,53,0,1,3,1,33,0,3,30,1,12,5,0,4,0,0,12,1,2,1,0,1,0,2
17561,1891,415,3595,6902,47,195,168,20,184,29,22,117,79015,14575,1989,10,96,42,200,24,674,34,8,48,140,19,54,6280,23679,867,649,707,27,237,132,263,62,314,5,769,1131,3273,65,689,18,128,121,20325,8673,42,39,97,28,28,63,2,1,2,7,64,3,2,1,71,41,58,2,38,16,2,20,0,29,0,1,13,0,29,9,0,11,22,57,13,0,14,86,22,6,58,1,7,2,1,70,38,1,24,5
481,1516,38,9036,364,12,49,45,17,198,22,11,20,14575,26904,2274,4,34,14,56,7,363,7,3,20,41,6,8,589,2136,729,79,100,4,118,98,116,26,88,1,267,487,17241,16,175,0,16,53,370,9135,17,13,35,10,14,23,1,2,0,0,23,1,0,0,28,21,17,1,10,4,1,4,0,14,2,1,5,0,10,0,0,3,9,14,3,0,2,23,1,0,19,0,1,0,0,34,13,1,9,1
446,267,115,6724,512,107,4564,1071,225,2016,766,106,109,1989,2274,24891,90,2816,1654,687,145,863,65,51,81,75,19,10,277,469,10569,107,126,12,2348,3355,672,156,578,4,397,592,6858,80,535,5,43,514,294,160,78,75,164,51,53,132,7,23,19,34,131,4,2,3,118,81,148,2,116,18,9,50,6,19,22,0,12,4,52,14,0,12,47,89,15,1,43,169,27,9,75,2,9,4,3,180,37,10,44,10
0,2,0,1,0,0,0,2975,871,1002,903,5320,6270,10,4,90,8461,1358,243,63,5247,215,260,128,23,5,11,2,3,24,844,45,511,1,21,128,584,6,23,0,21,142,165,26,16,18,71,3,2,52,0,0,1,0,0,1,2,19,13,19,8,5,1,0,1,3,3,4,21,3,4,3,6,8,4,0,7,0,1,3,0,0,4,2,4,0,21,3,6,3,2,0,2,0,0,1,0,0,3,2
1,2,1,3,1,0,1,8018,192,191,271,677,887,96,34,2816,1358,2428,1562,141,533,109,123,59,21,16,8,1,26,100,2424,150,656,1,8,107,372,12,26,0,24,128,636,15,311,5,115,2,9,181,0,0,1,0,0,3,3,17,15,19,8,2,2,1,1,1,6,0,16,5,3,2,1,5,1,0,3,0,0,0,0,4,1,0,6,0,15,4,5,1,0,0,4,0,1,2,0,0,2,4
4,6,4,6,6,2,15,1663,4432,361,424,264,244,42,14,1654,243,1562,6053,959,181,347,94,437,609,44,99,10,15,31,695,49,217,16,61,3006,970,240,274,6,16,55,250,225,233,10,50,19,6,31,2,1,20,1,2,4,22,58,39,122,64,11,6,13,11,19,52,4,184,29,21,21,14,31,15,4,21,0,10,19,1,15,10,46,30,1,61,47,39,6,21,3,17,0,2,7,3,2,43,11
8,2,0,5,9,1,15,9708,6790,153,281,475,2939,200,56,687,63,141,959,36912,30,869,604,288,3376,140,553,21,55,186,803,339,4979,25,51,431,2239,3415,60,5,33,101,393,901,6435,62,193,9,42,132,0,1,5,0,1,9,764,754,24,1777,10,10,92,270,10,8,28,6,99,1350,7,56,27,534,9,8,508,1,3,12,6,362,6,30,227,2,17,18,9,29,7,1,50,1,14,1,0,1,5,3
1,3,0,10,2,0,12,331,230,6926,1819,5637,660,24,7,145,5247,533,181,30,19330,262,344,103,30,35,23,10,7,83,1387,275,629,2,71,264,944,19,250,2,90,696,5822,71,62,30,217,14,1,964,2,0,1,0,1,1,2,9,19,10,22,4,1,1,5,4,17,1,65,8,5,9,4,7,3,0,8,1,1,7,1,6,8,18,10,0,34,20,11,2,6,1,6,1,1,1,1,0,9,6
245,500,441,888,41,50,385,2105,1160,4655,2648,2123,550,674,363,863,215,109,347,869,262,20156,3759,107,512,333,438,2069,5310,898,399,690,573,821,144,336,565,237,292,233,13613,1612,471,2401,390,6944,1978,87,91,274,11,13,40,11,11,11,40,18,14,94,63,8,13,6,27,41,77,4,131,95,7,68,5,172,13,35,104,10,15,14,19,49,23,76,131,31,29,107,37,81,43,62,187,11,25,17,10,1,31,15
2,2,1,2,2,2,8,600,380,843,1947,7154,753,34,7,65,260,123,94,604,344,3759,9395,103,1206,524,1043,173,137,70,106,1084,3823,202,22,57,102,517,41,43,34,213,87,3916,537,3023,5599,10,8,69,1,0,1,0,0,1,22,20,5,83,6,5,16,7,4,10,6,2,12,141,3,101,8,376,3,72,232,7,4,4,21,115,5,11,247,30,4,5,6,176,1,32,325,12,38,4,1,0,4,1
0,1,1,1,1,42,12,566,12651,112,104,195,125,8,3,51,128,59,437,288,103,107,103,6056,2060,40,960,73,4,10,42,55,135,17,384,6574,4457,61,9454,96,11,18,35,411,34,15,57,345,13,7,0,7,9,2,8,7,9,38,17,63,19,3,2,7,7,8,13,1,50,41,9,13,7,62,4,5,37,3,2,6,3,21,6,17,39,5,22,17,6,19,3,6,44,0,1,20,1,0,5,4
1,0,0,4,6,10,4,188,5137,102,91,775,449,48,20,81,23,21,609,3376,30,512,1206,2060,6113,229,7607,54,47,104,85,600,3483,165,86,403,513,821,269,119,16,63,121,2153,733,98,604,56,10,54,2,0,17,3,1,5,173,94,22,428,16,7,82,89,18,37,19,11,46,921,12,126,46,1584,11,46,614,9,5,18,24,482,5,58,675,22,10,16,12,184,5,42,299,10,41,8,3,1,6,7
10,1,1,6,10,0,13,55,85,78,25,40,24,140,41,75,5,16,44,140,35,333,524,40,229,11567,688,206,66,144,193,9481,481,3775,8,56,30,3873,40,116,27,98,202,6702,1764,132,2268,16,33,60,1,1,3,0,3,2,6,5,4,34,14,6,12,6,7,16,0,2,9,51,14,255,23,355,4,237,525,20,5,7,107,113,6,7,329,96,2,6,10,408,8,147,1081,25,165,7,1,0,2,5
0,0,1,2,1,33,3,95,2002,70,57,252,76,19,6,19,11,8,99,553,23,438,1043,960,7607,688,14978,2563,24,27,36,913,736,551,15,70,2141,588,766,5730,11,37,38,14505,673,172,912,261,13,25,5,2,5,5,9,14,13,21,5,61,7,7,15,12,13,11,14,4,14,92,5,191,17,956,7,151,931,68,2,12,70,119,5,12,402,140,2,7,11,346,7,512,995,38,132,25,0,0,7,4
3,2,1,8,2,12,4,21,38,37,11,12,8,54,8,10,2,1,10,21,10,2069,173,73,54,206,2563,64245,1562,75,21,199,30,11331,7,8,1443,92,425,15768,139,26,20,1623,101,14715,9100,97,10,9,0,0,2,0,1,4,0,1,0,3,0,1,0,1,2,0,0,0,2,6,1,18,2,21,0,11,29,166,2,2,11,8,1,2,21,36,3,2,0,19,2,295,84,7,18,5,0,0,0,0
263,149,113,376,156,30,90,49,22,180,18,13,28,6280,589,277,3,26,15,55,7,5310,137,4,47,66,24,1562,89457,13597,164,361,262,137,82,72,227,23,147,72,24476,514,446,147,265,1415,278,45,6829,242,6,7,17,8,6,15,1,0,3,3,32,2,1,1,14,16,33,0,55,8,3,7,0,3,6,4,6,2,2,2,1,0,10,27,5,2,4,63,10,2,20,7,5,1,4,15,11,1,9,10
198,179,137,535,110,22,155,166,23,189,37,75,224,23679,2136,469,24,100,31,186,83,898,70,10,104,144,27,75,13597,56579,708,1249,1229,21,90,105,354,57,222,8,7535,9486,1920,155,694,50,398,47,1706,3752,2,2,17,7,5,17,4,3,2,2,32,3,2,2,16,11,34,1,71,25,1,8,1,18,4,0,16,0,13,3,1,8,13,19,14,0,18,47,14,10,23,2,13,0,3,15,2,2,11,2
43,8,6,35,42,18,67,1808,145,1422,454,355,461,867,729,10569,844,2424,695,803,1387,399,106,42,85,193,36,21,164,708,21142,443,636,51,311,1187,713,273,483,8,200,990,18222,85,1577,11,162,147,80,1791,25,16,55,11,20,26,11,13,17,24,62,1,2,1,52,41,46,0,66,31,10,26,2,51,8,4,20,1,24,8,2,19,17,50,33,2,31,70,22,8,34,1,18,0,1,46,11,6,23,8
21,8,3,14,33,1,25,247,151,605,64,102,268,649,79,107,45,150,49,339,275,690,1084,55,600,9481,913,199,361,1249,443,40377,7751,3544,22,57,70,1235,45,148,252,985,708,4834,4953,284,11825,15,129,552,0,0,2,0,1,3,11,18,5,47,17,8,13,3,6,15,5,2,20,89,10,212,15,542,4,304,483,29,3,7,143,153,7,13,440,184,3,5,7,385,5,390,1337,33,234,5,2,0,2,11
23,4,5,19,20,0,21,2170,1046,1027,785,6937,8182,707,100,126,511,656,217,4979,629,573,3823,135,3483,481,736,30,262,1229,636,7751,19477,59,29,156,340,1011,43,10,237,1262,942,1563,12414,67,4557,5,74,1009,1,1,6,0,1,4,158,95,11,286,6,7,43,48,5,23,8,2,30,514,3,58,8,595,3,16,262,0,3,10,7,245,4,24,307,13,14,4,10,111,6,7,122,3,16,4,3,0,1,1
1,0,0,0,0,1,3,16,44,32,15,13,5,27,4,12,1,1,16,25,2,821,202,17,165,3775,551,11331,137,21,51,3544,59,27336,5,18,40,602,18,8120,13,18,38,8464,255,2887,15358,2,7,12,0,0,0,0,0,0,1,1,3,8,3,1,2,0,1,4,0,0,1,10,3,49,5,92,1,89,167,173,3,1,46,20,1,3,48,572,5,0,1,48,6,1753,822,156,246,5,0,0,1,0
58,41,19,179,153,272,3207,14,106,445,46,18,18,237,118,2348,21,8,61,51,71,144,22,384,86,8,15,7,82,90,311,22,29,5,6000,1401,750,43,9578,4,84,108,414,39,34,1,13,4736,139,28,65,91,164,47,59,120,1,9,7,13,117,7,1,1,110,77,118,3,65,1,5,36,4,9,8,2,7,2,55,21,3,5,40,69,12,2,35,166,31,6,84,0,7,3,0,195,38,9,39,3
14,6,3,29,29,19,24,174,624,811,275,147,96,132,98,3355,128,107,3006,431,264,336,57,6574,403,56,70,8,72,105,1187,57,156,18,1401,11136,2125,208,3808,8,76,160,816,231,154,3,41,142,33,59,13,4,41,1,7,19,11,33,41,60,133,9,2,3,34,59,145,3,289,24,11,44,16,33,29,2,19,1,29,25,1,11,54,103,22,0,75,213,67,10,58,1,10,3,7,30,9,11,72,29
36,30,16,48,54,59,87,4392,11522,1445,436,607,863,263,116,672,584,372,970,2239,944,565,102,4457,513,30,2141,1443,227,354,713,70,340,40,750,2125,3095,39,8335,1198,268,418,751,704,134,19,60,1451,74,121,23,19,85,14,23,54,322,1025,86,2824,228,39,59,159,61,113,225,33,597,285,83,87,97,193,64,6,41,22,46,75,3,57,64,189,52,4,835,300,116,8,128,40,25,2,5,100,26,16,119,53
2,0,0,2,11,0,7,149,376,75,45,238,62,62,26,156,6,12,240,3415,19,237,517,61,821,3873,588,92,23,57,273,1235,1011,602,43,208,39,18924,43,46,12,42,169,13054,5756,42,660,10,14,26,0,2,6,1,0,4,37,20,7,91,17,9,40,15,12,23,10,1,22,349,8,172,28,936,10,66,360,4,3,12,37,262,7,28,598,32,2,7,6,304,3,16,358,9,44,2,2,0,11,8
74,35,70,108,210,1108,2586,42,260,904,100,32,10,314,88,578,23,26,274,60,250,292,41,9454,269,40,766,425,147,222,483,45,43,18,9578,3808,8335,43,30047,381,168,249,518,474,29,5,33,8392,175,71,34,35,98,35,30,50,3,9,19,7,144,18,1,1,85,64,135,0,212,7,6,52,6,21,13,1,13,5,45,25,2,9,44,86,16,4,68,221,52,8,107,12,16,6,4,114,28,9,54,23
0,0,1,0,1,8,1,6,61,7,1,1,0,5,1,4,0,0,6,5,2,233,43,96,119,116,5730,15768,72,8,8,148,10,8120,4,8,1198,46,381,26481,6,2,5,10108,40,822,983,72,4,0,1,1,0,1,2,0,2,1,1,3,2,1,0,1,1,1,0,0,0,1,2,23,3,44,0,44,185,740,4,0,21,5,1,4,12,641,12,1,0,19,14,3970,549,131,129,14,0,0,0,1
129,236,185,609,28,7,214,29,12,16199,60,98,43,769,267,397,21,24,16,33,90,13613,34,11,16,27,11,139,24476,7535,200,252,237,13,84,76,268,12,168,6,76101,17143,423,46,127,72,132,41,135,804,4,4,15,1,2,5,1,3,5,5,24,2,0,0,11,11,28,0,42,6,1,6,1,4,3,0,4,1,6,5,0,0,7,25,4,0,14,44,8,1,15,0,3,0,1,10,1,2,14,3
104,292,225,627,21,26,233,110,27,14349,139,296,350,1131,487,592,142,128,55,101,696,1612,213,18,63,98,37,26,514,9486,990,985,1262,18,108,160,418,42,249,2,17143,17370,2300,200,278,81,621,51,59,9926,2,1,8,6,3,8,2,3,4,4,26,5,2,0,13,9,31,0,54,8,2,10,4,16,5,1,8,1,10,4,2,2,11,19,12,1,12,35,14,7,11,0,14,0,2,12,1,1,16,4
110,18,6,1063,160,10,104,534,62,2102,186,247,486,3273,17241,6858,165,636,250,393,5822,471,87,35,121,202,38,20,446,1920,18222,708,942,38,414,816,751,169,518,5,423,2300,42299,107,1145,9,185,119,275,13399,24,24,49,14,10,40,4,7,3,10,58,3,2,1,34,36,54,0,101,22,2,26,5,27,8,2,12,0,22,4,1,16,15,35,21,1,42,69,13,12,30,1,15,0,2,38,23,4,23,5
7,2,1,5,1,17,6,193,735,266,132,440,111,65,16,80,26,15,225,901,71,2401,3916,411,2153,6702,14505,1623,147,155,85,4834,1563,8464,39,231,704,13054,474,10108,46,200,107,52374,1658,1440,6314,140,12,62,1,2,13,2,13,9,24,27,6,108,45,32,43,19,21,41,16,6,23,125,29,711,36,1216,19,1029,1748,275,12,15,416,261,14,45,790,903,14,13,17,955,26,3040,4892,208,823,43,5,2,14,13
22,3,5,21,46,0,50,1700,365,190,119,262,474,689,175,535,16,311,233,6435,62,390,537,34,733,1764,673,101,265,694,1577,4953,12414,255,34,154,134,5756,29,40,127,278,1145,1658,14742,50,694,10,138,472,2,2,14,2,4,8,156,49,12,207,10,7,75,66,17,34,15,5,27,1010,12,161,30,1465,5,27,400,3,7,25,20,533,13,56,722,14,15,11,12,187,6,5,212,4,27,5,6,0,8,5
1,2,0,1,0,1,0,122,64,226,99,102,45,18,0,5,18,5,10,62,30,6944,3023,15,98,132,172,14715,1415,50,11,284,67,2887,1,3,19,42,5,822,72,81,9,1440,50,13220,11208,2,2,18,0,0,0,0,0,0,0,1,0,3,0,0,1,1,0,2,0,0,1,7,0,6,1,22,0,14,25,25,0,2,7,4,0,1,25,58,0,0,0,23,1,227,107,7,19,0,0,0,0,0
6,2,1,7,5,1,4,214,161,640,152,363,159,128,16,43,71,115,50,193,217,1978,5599,57,604,2268,912,9100,278,398,162,11825,4557,15358,13,41,60,660,33,983,132,621,185,6314,694,11208,42617,14,14,247,2,0,1,0,1,0,13,5,1,42,11,3,15,8,1,5,3,0,6,50,4,134,6,288,5,146,356,105,5,4,92,73,3,8,222,404,6,6,9,212,6,1133,984,98,253,4,0,0,3,5
74,132,317,536,415,6574,2782,7,30,223,16,6,1,121,53,514,3,2,19,9,14,87,10,345,56,16,261,97,45,47,147,15,5,2,4736,142,1451,10,8392,72,41,51,119,140,10,2,14,9101,337,11,102,275,203,222,298,369,1,1,1,9,44,0,0,0,142,34,48,0,10,2,0,18,5,22,3,2,10,4,26,3,1,1,14,12,4,2,22,89,11,2,72,6,6,1,0,696,46,1,10,3
1453,162,156,439,9189,1604,138,26,5,30,8,1,10,20325,370,294,2,9,6,42,1,91,8,13,10,33,13,10,6829,1706,80,129,74,7,139,33,74,14,175,4,135,59,275,12,138,2,14,337,15769,54,11,15,28,16,14,21,0,0,1,0,34,0,1,0,23,12,32,0,11,2,3,7,1,4,1,0,2,0,13,1,0,1,8,16,2,0,5,55,7,3,28,0,3,0,0,15,10,3,12,7
15,9,11,60,9,4,29,185,26,7791,41,126,367,8673,9135,160,52,181,31,132,964,274,69,7,54,60,25,9,242,3752,1791,552,1009,12,28,59,121,26,71,0,804,9926,13399,62,472,18,247,11,54,28221,2,1,2,0,1,1,2,4,1,1,8,1,0,2,0,2,7,0,16,10,1,3,1,15,0,1,8,0,0,2,0,5,4,3,4,3,7,5,3,5,3,0,5,0,0,1,1,0,2,1
28,21,560,77,31,20,95,0,1,10,0,1,1,42,17,78,0,0,2,0,2,11,1,0,2,1,5,0,6,2,25,0,1,0,65,13,23,0,34,1,4,2,24,1,2,0,2,102,11,2,52297,16164,2713,15399,12003,1551,4,2,3,0,116,4,0,0,11015,342,131,0,11,7,2,96,2,15,4,22,9,10,1295,11,3,17,221,54,60,7,60,124,14,19,122,0,10,13,9,508,13553,32,101,14
34,38,1120,152,46,29,201,1,2,8,1,0,0,39,13,75,0,0,1,1,0,13,0,7,0,1,2,0,7,2,16,0,1,0,91,4,19,2,35,1,4,1,24,2,2,0,0,275,15,1,16164,82243,18787,12549,4190,6811,0,1,4,2,403,2,1,0,9379,195,114,0,10,5,1,460,2,11,4,7,5,15,928,3,6,11,617,27,29,7,52,80,42,11,49,2,16,21,10,410,1075,118,447,46
30,56,79,135,76,21,193,11,6,34,3,5,4,97,35,164,1,1,20,5,1,40,1,9,17,3,5,2,17,17,55,2,6,0,164,41,85,6,98,0,15,8,49,13,14,0,1,203,28,2,2713,18787,44107,644,716,10821,24,30,24,14,598,36,6,6,17809,6728,6702,6,134,47,31,302,11,115,28,80,14,29,758,173,29,127,597,748,351,61,343,414,92,175,310,8,107,21,34,640,1005,73,370,72
237,42,2204,178,133,1769,694,0,2,19,0,0,1,28,10,51,0,0,1,0,0,11,0,2,3,0,5,0,8,7,11,0,0,0,47,1,14,1,35,1,1,6,14,2,2,0,0,222,16,0,15399,12549,644,38829,14892,21553,0,3,2,1,188,3,0,1,500,55,108,0,9,2,3,130,2,10,4,4,0,8,197,2,4,6,160,16,14,3,26,86,14,3,41,2,3,12,2,861,215,26,162,13
13,37,96,72,34,363,147,0,0,6,0,0,0,28,14,53,0,0,2,1,1,11,0,8,1,3,9,1,6,5,20,1,1,0,59,7,23,0,30,2,2,3,10,13,4,0,1,298,14,1,12003,4190,716,14892,31102,4222,2,2,1,24,278,10,2,1,1032,125,369,2,42,4,7,78,57,84,10,6,42,11,122,14,4,8,80,86,13,7,117,1667,42,9,1013,25,51,6,6,8615,4416,17,140,28
30,68,119,194,39,211,239,3,2,22,3,0,0,63,23,132,1,3,4,9,1,11,1,7,5,2,14,4,15,17,26,3,4,0,120,19,54,4,50,0,5,8,40,9,8,0,0,369,21,1,1551,6811,10821,21553,4222,31134,3,7,5,10,764,16,6,4,1548,299,4019,5,75,19,16,343,20,50,18,29,6,15,280,19,6,43,350,133,94,16,153,1076,73,38,377,3,34,18,13,1325,158,78,485,87
0,0,0,1,0,0,0,128,259,4,3,24,98,2,1,7,2,3,22,764,2,40,22,9,173,6,13,0,1,4,11,11,158,1,1,11,322,37,3,2,1,2,4,24,156,0,13,1,0,2,4,0,24,0,2,3,5241,9996,690,1099,31,61,643,5478,51,94,76,147,152,2004,71,196,19,343,66,14,466,7,9,546,23,2803,12,216,394,11,216,4,30,20,6,2,47,7,34,0,7,0,5,11
0,2,0,1,0,0,1,342,453,15,14,15,124,1,2,23,19,17,58,754,9,18,20,38,94,5,21,1,0,3,13,18,95,1,9,33,1025,20,9,1,3,3,7,27,49,1,5,1,0,4,2,1,30,3,2,7,9996,29877,5386,6470,625,1238,1368,2238,19,90,227,4476,831,5387,1873,1237,205,343,370,36,231,26,17,2350,31,1218,11,317,1167,30,2110,37,116,92,12,11,114,47,116,3,5,2,14,57
0,3,0,0,1,0,2,95,64,42,12,6,12,2,0,19,13,15,39,24,19,14,5,17,22,4,5,0,3,2,17,5,11,3,7,41,86,7,19,1,5,4,3,6,12,0,1,1,1,1,3,4,24,2,1,5,690,5386,5626,1595,605,523,215,341,19,81,780,2032,1386,481,327,336,74,171,345,21,29,7,12,4537,23,563,15,448,568,23,878,44,114,137,25,2,64,8,55,8,2,4,26,33
0,1,1,1,0,1,3,600,1113,20,27,55,280,7,0,34,19,19,122,1777,10,94,83,63,428,34,61,3,3,2,24,47,286,8,13,60,2824,91,7,3,5,4,10,108,207,3,42,9,0,1,0,2,14,1,24,10,1099,6470,1595,49699,328,862,847,1334,16,54,119,333,5605,6296,537,1081,8224,9287,110,44,2649,26,16,188,31,752,19,75,804,29,5241,178,84,292,171,53,488,41,94,90,13,4,35,60
20,14,10,24,34,2,39,53,38,104,17,9,2,64,23,131,8,8,64,10,22,63,6,19,16,14,7,0,32,32,62,17,6,3,117,133,228,17,144,2,24,26,58,45,10,0,11,44,34,8,116,403,598,188,278,764,31,625,605,328,40636,4484,788,74,406,679,1360,266,1432,74,3619,2613,141,237,328,78,122,172,440,442,54,194,455,360,166,65,1448,810,2046,179,427,34,496,145,150,352,60,20069,18854,2472
0,0,0,1,2,2,2,19,24,5,2,3,5,3,1,4,5,2,11,10,4,8,5,3,7,6,7,1,2,3,1,8,7,1,7,9,39,9,18,1,2,5,3,32,7,0,3,0,0,1,4,2,36,3,10,16,61,1238,523,862,4484,9863,6005,272,22,49,270,637,663,98,4687,8003,99,174,290,29,65,48,61,460,30,355,28,172,82,15,626,112,316,59,46,18,187,128,156,32,2,23,105,272
0,0,0,0,0,0,0,16,45,0,2,9,16,2,0,2,1,2,6,92,1,13,16,2,82,12,15,0,1,2,2,13,43,2,1,2,59,40,1,0,0,2,2,43,75,1,15,0,1,0,0,1,6,0,2,6,643,1368,215,847,788,6005,16088,7675,14,50,33,2679,150,692,3436,7858,40,1029,362,38,360,79,28,431,45,6624,12,61,235,43,197,16,202,95,7,17,246,168,439,3,3,14,31,117
0,0,0,1,0,0,0,41,100,2,4,3,37,1,0,3,0,1,13,270,1,6,7,7,89,6,12,1,1,2,1,3,48,0,1,3,159,15,1,1,0,0,1,19,66,1,8,0,0,2,0,0,6,1,1,4,5478,2238,341,1334,74,272,7675,14904,9,39,25,2436,112,970,834,587,20,467,117,10,345,12,12,312,39,5511,4,88,241,15,160,7,43,21,2,3,58,15,145,2,2,1,6,18
19,43,44,115,60,15,122,6,6,30,4,3,0,71,28,118,1,1,11,10,5,27,4,7,18,7,13,2,14,16,52,6,5,1,110,34,61,12,85,1,11,13,34,21,17,0,1,142,23,0,11015,9379,17809,500,1032,1548,51,19,19,16,406,22,14,9,61342,14461,499,12,118,88,27,443,29,198,132,146,36,107,9288,115,93,397,17469,1230,755,118,324,251,653,114,211,13,114,43,87,370,9790,129,1450,676
10,12,16,33,33,1,46,10,8,42,7,4,1,41,21,81,3,1,19,8,4,41,10,8,37,16,11,0,16,11,41,15,23,4,77,59,113,23,64,1,11,9,36,41,34,2,5,34,12,2,342,195,6728,55,125,299,94,90,81,54,679,49,50,39,14461,47251,2189,51,245,182,85,675,25,399,879,241,75,186,2139,402,169,742,5349,8730,1358,224,494,291,12288,273,214,32,251,77,156,243,822,203,5239,5520
15,9,12,36,31,4,46,17,24,110,10,3,4,58,17,148,3,6,52,28,17,77,6,13,19,0,14,0,33,34,46,5,8,0,118,145,225,10,135,0,28,31,54,16,15,0,3,48,32,7,131,114,6702,108,369,4019,76,227,780,119,1360,270,33,25,499,2189,25428,63,6664,237,130,316,87,206,204,53,35,27,145,3860,22,125,178,6004,350,39,688,4494,240,181,412,11,109,6,26,388,118,59,264,104
0,0,0,0,1,0,1,17,15,2,1,1,0,2,1,2,4,0,4,6,1,4,2,1,11,2,4,0,0,1,0,2,2,0,3,3,33,1,0,0,0,0,0,6,5,0,0,0,0,0,0,0,6,0,2,5,147,4476,2032,333,266,637,2679,2436,12,51,63,4376,186,44,4799,466,34,95,1208,21,19,18,3,2387,26,485,5,137,68,16,324,17,286,23,6,3,41,22,90,2,1,3,15,87
4,2,0,8,9,0,13,115,103,237,36,19,15,38,10,116,21,16,184,99,65,131,12,50,46,9,14,2,55,71,66,20,30,1,65,289,597,22,212,0,42,54,101,23,27,1,6,10,11,16,11,10,134,9,42,75,152,831,1386,5605,1432,663,150,112,118,245,6664,186,19550,912,653,438,4880,1379,430,52,203,21,99,891,39,254,154,622,372,33,3441,2928,374,276,937,28,275,24,44,159,28,51,312,241
1,0,0,1,5,0,2,143,351,16,12,85,158,16,4,18,3,5,29,1350,8,95,141,41,921,51,92,6,8,25,31,89,514,10,1,24,285,349,7,1,6,8,22,125,1010,7,50,2,2,10,7,5,47,2,4,19,2004,5387,481,6296,74,98,692,970,88,182,237,44,912,20990,70,887,36,4910,80,153,1556,31,34,303,70,3547,53,350,4591,58,79,71,98,2826,16,6,629,32,190,11,9,5,44,33
0,0,0,0,0,0,0,43,24,14,8,6,1,2,1,9,4,3,21,7,5,7,3,9,12,14,5,1,3,1,10,10,3,3,5,11,83,8,6,2,1,2,2,29,12,0,4,0,3,1,2,1,31,3,7,16,71,1873,327,537,3619,4687,3436,834,27,85,130,4799,653,70,9864,1566,142,204,3704,54,68,121,39,1744,52,484,39,87,106,43,1163,113,1054,88,69,18,221,89,171,19,4,17,275,1777
4,7,7,10,13,3,11,17,30,35,3,21,9,20,4,50,3,2,21,56,9,68,101,13,126,255,191,18,7,8,26,212,58,49,36,44,87,172,52,23,6,10,26,711,161,6,134,18,7,3,96,460,302,130,78,343,196,1237,336,1081,2613,8003,7858,587,443,675,316,466,438,887,1566,42990,103,2875,345,540,1273,1623,3178,370,580,3940,1192,322,1477,607,351,213,746,1819,124,286,4565,10040,8102,101,31,2761,2445,505
0,0,4,1,0,1,6,39,41,13,4,8,6,0,0,6,6,1,14,27,4,5,8,7,46,23,17,2,0,1,2,15,8,5,4,16,97,28,6,3,1,4,5,36,30,1,6,5,1,1,2,2,11,2,57,20,19,205,74,8224,141,99,40,20,29,25,87,34,4880,36,142,103,5856,2346,34,9,630,32,15,36,21,63,20,25,45,11,3315,5304,45,15,1860,80,265,5,34,397,10,3,42,40
1,3,2,10,0,5,3,53,195,24,17,171,49,29,14,19,8,5,31,534,7,172,376,62,1584,355,956,21,3,18,51,542,595,92,9,33,193,936,21,44,4,16,27,1216,1465,22,288,22,4,15,15,11,115,10,84,50,343,343,171,9287,237,174,1029,467,198,399,206,95,1379,4910,204,2875,2346,16657,202,266,10297,182,76,143,207,4325,155,279,1786,178,832,463,278,866,1145,932,2982,82,676,530,36,19,127,124
1,0,0,1,2,0,0,16,16,17,8,8,0,0,2,22,4,1,15,9,3,13,3,4,11,4,7,0,6,4,8,4,3,1,8,29,64,10,13,0,3,5,8,19,5,0,5,3,1,0,4,4,28,4,10,18,66,370,345,110,328,290,362,117,132,879,204,1208,430,80,3704,345,34,202,4986,71,54,60,49,5900,50,472,111,2303,382,53,538,145,4274,62,89,14,100,34,109,33,20,15,244,338
0,0,1,0,2,1,1,2,7,5,6,7,4,1,1,0,0,0,4,8,0,35,72,5,46,237,151,11,4,0,4,304,16,89,2,2,6,66,1,44,0,1,2,1029,27,14,146,2,0,1,22,7,80,4,6,29,14,36,21,44,78,29,38,10,146,241,53,21,52,153,54,540,9,266,71,21114,548,144,68,78,5342,698,99,272,6062,9366,19,25,126,9702,20,123,7606,194,1009,27,20,10,75,42
0,0,1,5,1,2,5,32,148,19,3,47,53,13,5,12,7,3,21,508,8,104,232,37,614,525,931,29,6,16,20,483,262,167,7,19,41,360,13,185,4,8,12,1748,400,25,356,10,2,8,9,5,14,0,42,6,466,231,29,2649,122,65,360,345,36,75,35,19,203,1556,68,1273,630,10297,54,548,10748,1055,13,36,316,1242,35,62,956,298,654,104,72,442,572,6301,7919,135,509,289,14,5,42,34
0,0,0,0,0,0,0,0,0,1,0,1,0,0,0,4,0,0,0,1,1,10,7,3,9,20,68,166,2,0,1,29,0,173,2,1,22,4,5,740,1,1,0,275,3,25,105,4,0,0,10,15,29,8,11,15,7,26,7,26,172,48,79,12,107,186,27,18,21,31,121,1623,32,182,60,144,1055,50797,2415,29,134,201,407,68,151,8568,177,18,147,77,145,8937,1124,16538,1587,58,6,311,291,111
8,9,13,17,17,4,26,5,4,23,3,2,1,29,10,52,1,0,10,3,1,15,4,2,5,5,2,2,2,13,24,3,3,3,55,29,46,3,45,4,6,10,22,12,7,0,5,26,13,0,1295,928,758,197,122,280,9,17,12,16,440,61,28,12,9288,2139,145,3,99,34,39,3178,15,76,49,68,13,2415,116162,35,39,155,26247,348,256,253,215,174,367,38,101,125,108,1624,186,106,11978,15233,3552,299
0,1,0,4,3,0,2,21,14,25,11,5,3,9,0,14,3,0,19,12,7,14,4,6,18,7,12,2,2,3,8,7,10,1,21,25,75,12,25,0,5,4,4,15,25,2,4,3,1,2,11,3,173,2,14,19,546,2350,4537,188,442,460,431,312,115,402,3860,2387,891,303,1744,370,36,143,5900,78,36,29,35,6059,74,981,60,4219,957,60,438,83,782,130,40,7,95,28,95,18,22,8,36,135
1,0,0,0,0,0,0,1,5,1,0,6,1,0,0,0,0,0,1,6,1,19,21,3,24,107,70,11,1,1,2,143,7,46,3,1,3,37,2,21,0,2,1,416,20,7,92,1,0,0,3,6,29,4,4,6,23,31,23,31,54,30,45,39,93,169,22,26,39,70,52,580,21,207,50,5342,316,134,39,74,10244,2682,79,110,2743,5545,13,10,111,865,15,122,3023,281,5533,7,14,8,64,55
1,0,0,2,1,0,0,32,65,7,7,57,33,11,3,12,0,4,15,362,6,49,115,21,482,113,119,8,0,8,19,153,245,20,5,11,57,262,9,5,0,2,16,261,533,4,73,1,1,5,17,11,127,6,8,43,2803,1218,563,752,194,355,6624,5511,397,742,125,485,254,3547,484,3940,63,4325,472,698,1242,201,155,981,2682,30937,246,816,18943,600,149,51,469,1212,16,55,1391,184,4467,12,58,29,207,148
8,3,7,15,14,2,11,6,7,21,5,5,0,22,9,47,4,1,10,6,8,23,5,6,5,6,5,1,10,13,17,7,4,1,40,54,64,7,44,1,7,11,15,14,13,0,3,14,8,4,221,617,597,160,80,350,12,11,15,19,455,28,12,4,17469,5349,178,5,154,53,39,1192,20,155,111,99,35,407,26247,60,79,246,56911,493,366,126,368,191,749,57,115,34,111,382,97,92,1574,13878,13356,1120
9,5,7,14,31,0,11,8,9,57,9,7,3,57,14,89,2,0,46,30,18,76,11,17,58,7,12,2,27,19,50,13,24,3,69,103,189,28,86,4,25,19,35,45,56,1,8,12,16,3,54,27,748,16,86,133,216,317,448,75,360,172,61,88,1230,8730,6004,137,622,350,87,322,25,279,2303,272,62,68,348,4219,110,816,493,17280,1853,164,548,454,4631,526,227,17,291,32,137,173,162,38,365,284
0,2,0,5,2,2,6,39,91,20,10,70,30,13,3,15,4,6,30,227,10,131,247,39,675,329,402,21,5,14,33,440,307,48,12,22,52,598,16,12,4,12,21,790,722,25,222,4,2,4,60,29,351,14,13,94,394,1167,568,804,166,82,235,241,755,1358,350,68,372,4591,106,1477,45,1786,382,6062,956,151,256,957,2743,18943,366,1853,20318,1310,78,57,405,9272,26,70,2117,102,1111,28,104,30,234,137
0,1,1,0,0,0,0,4,5,2,0,2,1,0,0,1,0,0,1,2,0,31,30,5,22,96,140,36,2,0,2,184,13,572,2,0,4,32,4,641,0,1,1,903,14,58,404,2,0,3,7,7,61,3,7,16,11,30,23,29,65,15,43,15,118,224,39,16,33,58,43,607,11,178,53,9366,298,8568,253,60,5545,600,126,164,1310,21947,16,16,98,982,24,5451,9275,7083,3747,17,23,47,148,68
2,2,4,10,10,5,11,110,61,60,18,9,12,14,2,43,21,15,61,17,34,29,4,22,10,2,2,3,4,18,31,3,14,5,35,75,835,2,68,12,14,12,42,14,15,0,6,22,5,7,60,52,343,26,117,153,216,2110,878,5241,1448,626,197,160,324,494,688,324,3441,79,1163,351,3315,832,538,19,654,177,215,438,13,149,368,548,78,16,2832,3232,723,35,5379,366,216,19,29,977,80,99,656,457
15,10,18,50,66,10,85,17,17,140,18,4,5,86,23,169,3,4,47,18,20,107,5,17,16,6,7,2,63,47,70,5,4,0,166,213,300,7,221,1,44,35,69,13,11,0,6,89,55,5,124,80,414,86,1667,1076,4,37,44,178,810,112,16,7,251,291,4494,17,2928,71,113,213,5304,463,145,25,104,18,174,83,10,51,191,454,57,16,3232,21290,230,49,11613,42,145,13,14,2451,128,26,251,126
2,1,1,7,4,0,3,19,11,53,8,6,0,22,1,27,6,5,39,9,11,37,6,6,12,10,11,0,10,14,22,7,10,1,31,67,116,6,52,0,8,14,13,17,12,0,9,11,7,3,14,42,92,14,42,73,30,116,114,84,2046,316,202,43,653,12288,240,286,374,98,1054,746,45,278,4274,126,72,147,367,782,111,469,749,4631,405,98,723,230,21111,103,190,29,217,73,158,89,59,211,4102,7373
0,2,1,0,1,1,3,14,44,20,9,30,4,6,0,9,3,1,6,29,2,81,176,19,184,408,346,19,2,10,8,385,111,48,6,10,8,304,8,19,1,7,12,955,187,23,212,2,3,5,19,11,175,3,9,38,20,92,137,292,179,59,95,21,114,273,181,23,276,2826,88,1819,15,866,62,9702,442,77,38,130,865,1212,57,526,9272,982,35,49,103,20716,18,69,10481,107,812,26,21,9,84,60
20,8,15,26,37,9,53,3,6,44,12,0,0,58,19,75,2,0,21,7,6,43,1,3,5,8,7,2,20,23,34,5,6,6,84,58,128,3,107,14,15,11,30,26,6,1,6,72,28,3,122,49,310,41,1013,377,6,12,25,171,427,46,7,2,211,214,412,6,937,16,69,124,1860,1145,89,20,572,145,101,40,15,16,115,227,26,24,5379,11613,190,18,10533,443,400,11,22,9187,269,24,166,75
0,0,1,1,0,0,1,1,14,1,0,1,0,1,0,2,0,0,3,1,1,62,32,6,42,147,512,295,7,2,1,390,7,1753,0,1,40,16,12,3970,0,0,1,3040,5,227,1133,6,0,0,0,2,8,2,25,3,2,11,2,53,34,18,17,3,13,32,11,3,28,6,18,286,80,932,14,123,6301,8937,125,7,122,55,34,17,70,5451,366,42,29,69,443,31062,7638,1478,791,202,5,16,46,17
0,2,3,4,2,1,5,14,50,28,13,39,12,7,1,9,2,4,17,50,6,187,325,44,299,1081,995,84,5,13,18,1337,122,822,7,10,25,358,16,549,3,14,15,4892,212,107,984,6,3,5,10,16,107,3,51,34,47,114,64,488,496,187,246,58,114,251,109,41,275,629,221,4565,265,2982,100,7606,7919,1124,108,95,3023,1391,111,291,2117,9275,216,145,217,10481,400,7638,40549,1468,5275,321,26,26,182,119
0,0,0,0,0,0,1,1,1,0,1,0,1,2,0,4,0,0,0,1,1,11,12,0,10,25,38,7,1,0,0,33,3,156,3,3,2,9,6,131,0,0,0,208,4,7,98,1,0,0,13,21,21,12,6,18,7,47,8,41,145,128,168,15,43,77,6,22,24,32,89,10040,5,82,34,194,135,16538,1624,28,281,184,382,32,102,7083,19,13,73,107,11,1478,1468,21195,8991,9,8,385,343,39
0,0,0,0,0,0,0,3,4,6,4,3,2,1,0,3,0,1,2,14,1,25,38,1,41,165,132,18,4,3,1,234,16,246,0,7,5,44,4,129,1,2,2,823,27,19,253,0,0,0,9,10,34,2,6,13,34,116,55,94,150,156,439,145,87,156,26,90,44,190,171,8102,34,676,109,1009,509,1587,186,95,5533,4467,97,137,1111,3747,29,14,158,812,22,791,5275,8991,19555,14,8,43,115,77
43,108,134,256,48,96,395,5,5,35,1,1,1,70,34,180,1,2,7,1,1,17,4,20,8,7,25,5,15,15,46,5,4,5,195,30,100,2,114,14,10,12,38,43,5,0,4,696,15,1,508,410,640,861,8615,1325,0,3,8,90,352,32,3,2,370,243,388,2,159,11,19,101,397,530,33,27,289,58,106,18,7,12,92,173,28,17,977,2451,89,26,9187,202,321,9,14,10383,858,21,115,34
7,9,22,28,19,3,24,3,1,10,1,0,0,38,13,37,0,0,3,0,1,10,1,1,3,1,0,0,11,2,11,2,3,0,38,9,26,2,28,0,1,1,23,5,6,0,0,46,10,1,13553,1075,1005,215,4416,158,7,5,2,13,60,2,3,2,9790,822,118,1,28,9,4,31,10,36,20,20,14,6,11978,22,14,58,1574,162,104,23,80,128,59,21,269,5,26,8,8,858,34291,76,135,17
1,1,1,1,3,0,3,1,0,4,1,0,1,1,1,10,0,0,2,1,0,1,0,0,1,0,0,0,1,2,6,0,0,0,9,11,16,0,9,0,2,1,4,2,0,0,0,1,3,0,32,118,73,26,17,78,0,2,4,4,20069,23,14,1,129,203,59,3,51,5,17,2761,3,19,15,10,5,311,15233,8,8,29,13878,38,30,47,99,26,211,9,24,16,26,385,43,21,76,49155,5977,236
2,0,3,6,12,3,13,13,13,61,5,4,0,24,9,44,3,2,43,5,9,31,4,5,6,2,7,0,9,11,23,2,1,1,39,72,119,11,54,0,14,16,23,14,8,0,3,10,12,2,101,447,370,162,140,485,5,14,26,35,18854,105,31,6,1450,5239,264,15,312,44,275,2445,42,127,244,75,42,291,3552,36,64,207,13356,365,234,148,656,251,4102,84,166,46,182,343,115,115,135,5977,33797,11793
0,1,1,0,7,0,1,9,6,22,1,0,2,5,1,10,2,4,11,3,6,15,1,4,7,5,4,0,10,2,8,11,1,0,3,29,53,8,23,1,3,4,5,13,5,0,5,3,7,1,14,46,72,13,28,87,11,57,33,60,2472,272,117,18,676,5520,104,87,241,33,1777,505,40,124,338,42,34,111,299,135,55,148,1120,284,137,68,457,126,7373,60,75,17,119,39,77,34,17,236,11793,6659
