16097,4874,8397,4629,15310,1470,824,7,7,49,6,5,1,11897,1121,306,2,2,3,18,6,344,10,0,7,0,0,42,1037,1091,4,16,18,13,33,14,37,3,24,5,615,170,141,2,11,51,10,37,806,21,6,19,16,109,9,48,0,0,0,0,9,0,0,0,17,13,26,0,4,0,1,0,1,1,1,0,2,0,1,4,0,2,1,10,0,0,0,47,2,0,21,0,0,0,0,24,1,3,2,0
4874,15463,6072,12914,910,132,933,6,2,59,2,2,1,5154,2425,113,2,0,2,6,4,409,4,0,1,0,0,11,344,503,2,5,8,6,34,9,36,2,22,1,548,228,37,3,1,15,9,26,122,18,6,22,17,26,15,47,0,0,0,1,7,3,0,0,15,5,39,0,0,0,0,3,0,1,1,0,1,0,2,1,0,1,3,2,0,0,0,62,3,0,20,0,0,0,0,43,2,1,5,0
8397,6072,32149,3357,5301,6921,7249,3,2,55,0,5,1,820,94,39,0,1,2,4,2,502,6,1,2,1,0,32,547,711,1,5,5,7,44,12,50,0,41,3,638,221,50,1,0,39,9,88,141,22,32,296,45,1341,59,160,0,0,0,1,5,1,0,0,55,10,47,0,2,0,0,2,0,1,0,0,0,0,9,0,0,0,3,12,0,0,2,129,2,0,26,0,0,0,1,101,9,5,3,2
4629,12914,3357,23410,1510,1059,6288,97,45,506,29,30,17,7259,6874,4319,10,22,53,173,24,1111,46,6,42,16,10,32,809,1492,51,79,135,30,255,52,335,39,135,7,1375,1218,1256,25,208,51,32,261,276,144,42,222,143,144,114,512,0,2,2,6,44,3,1,0,174,66,206,1,14,12,1,23,3,17,4,2,2,0,27,6,1,8,32,38,6,0,8,425,14,7,156,0,3,0,2,351,29,11,19,11
15310,910,5301,1510,17414,18293,1375,6,12,37,2,6,1,3390,712,251,0,3,4,15,3,131,3,5,3,2,6,20,832,521,4,17,18,6,83,7,54,5,67,4,244,66,124,9,17,18,10,460,4710,9,5,19,22,336,21,49,0,0,0,1,8,0,0,0,30,24,43,0,3,3,3,8,0,0,3,0,0,0,3,0,0,0,7,10,0,1,0,53,5,0,19,0,0,0,0,38,7,1,0,2
1470,132,6921,1059,18293,30773,21121,2,32,41,3,1,1,527,139,243,0,1,2,4,6,60,5,6,45,4,47,11,336,215,18,8,8,4,562,25,150,3,982,15,109,58,76,25,3,8,5,6095,1420,3,67,166,56,1915,210,335,0,0,0,0,14,0,0,0,43,10,50,0,2,0,0,7,1,1,0,0,1,1,11,1,0,2,10,15,2,0,3,163,3,3,49,0,2,0,0,263,27,3,7,3
824,933,7249,6288,1375,21121,20131,7,45,305,16,8,4,652,317,1933,2,2,29,47,13,332,21,11,26,8,12,11,190,406,47,17,29,3,1214,41,312,16,328,2,384,359,187,10,38,8,6,1687,165,76,57,495,254,777,292,948,1,1,1,1,55,3,1,1,271,64,278,0,16,5,3,24,1,6,4,0,3,0,40,2,0,1,42,48,3,0,6,734,11,4,220,0,4,0,0,641,58,13,36,5
7,6,3,97,6,2,7,35971,7251,224,1347,1251,5615,280,302,606,2829,8758,1423,9214,358,2741,613,13,92,58,20,20,69,103,931,310,2768,63,25,82,535,148,10,6,44,92,1102,108,836,263,194,2,2,39,0,0,3,0,0,1,28,33,8,478,9,8,16,34,3,8,22,3,59,305,9,34,30,84,7,13,39,0,3,3,3,176,3,10,153,4,245,14,1,47,6,0,8,2,6,3,4,0,3,2
7,2,2,45,12,32,45,7251,62380,329,865,2234,2718,94,49,560,1062,507,4209,8819,552,2472,1146,7407,9349,123,6256,96,57,100,234,281,2270,117,295,3773,13807,247,839,569,51,76,402,1068,257,330,360,174,18,68,1,2,20,1,4,3,155,254,56,2280,37,26,99,95,35,37,114,33,265,1310,48,192,160,722,25,77,569,2,6,20,15,797,23,29,1055,40,1117,38,20,316,19,17,130,9,32,2,3,6,22,7
49,59,55,506,37,41,305,224,329,26787,4522,4688,186,271,348,1151,323,38,1282,110,4074,5063,1168,22,43,36,20,31,214,299,481,117,500,52,543,975,732,27,376,17,7873,8380,3008,129,44,486,396,204,25,2686,0,10,20,6,4,14,1,3,10,12,52,4,4,3,30,49,127,3,108,5,28,14,13,7,28,1,1,0,18,17,2,6,16,45,3,0,23,125,20,3,56,0,1,0,0,14,4,5,20,7
6,2,0,29,2,3,16,1347,865,4522,4817,9220,312,40,31,221,470,184,1094,130,1171,2963,1453,10,18,9,6,18,38,72,275,26,172,9,41,236,147,10,20,0,80,223,349,30,23,172,89,4,2,123,1,0,0,1,0,0,0,4,3,14,4,4,0,1,2,3,11,6,25,5,5,3,7,2,2,0,1,0,1,2,1,3,1,3,5,2,10,5,3,2,5,0,2,0,0,0,0,1,3,0
5,2,5,30,6,1,8,1251,2234,4688,9220,26954,8366,175,76,205,5605,351,468,1607,6994,2988,6087,21,454,26,43,24,86,394,573,135,6230,40,34,244,275,80,25,6,177,659,869,122,197,441,524,3,3,511,0,0,1,0,0,2,0,6,4,35,5,1,4,0,1,3,16,0,37,30,6,10,10,49,6,4,10,0,1,0,3,28,0,4,43,1,30,7,4,19,7,0,8,0,1,0,0,1,0,0
1,1,1,17,1,1,4,5615,2718,186,312,8366,23465,329,170,225,7641,1328,460,1297,902,576,363,10,77,9,20,7,26,198,890,68,5840,7,20,76,225,24,7,1,37,88,609,38,48,101,111,3,1,150,0,0,2,0,0,0,3,6,8,122,13,4,8,6,1,2,8,2,12,109,3,5,4,30,2,4,35,1,1,3,1,59,2,1,56,2,78,2,1,4,1,0,0,0,2,0,0,0,0,0
11897,5154,820,7259,3390,527,652,280,94,271,40,175,329,56263,15003,1279,109,108,124,405,135,536,169,3,95,42,20,55,5594,20172,170,578,1734,58,219,132,359,65,145,8,1022,692,6495,87,389,111,289,120,7674,1931,7,31,51,16,8,51,0,0,0,5,58,3,1,1,86,108,176,1,25,12,3,29,4,25,8,4,7,0,22,12,0,9,34,81,17,1,13,196,44,23,76,1,12,0,0,36,8,14,34,11
1121,2425,94,6874,712,139,317,302,49,348,31,76,170,15003,24760,962,89,133,102,298,110,870,61,1,37,22,13,20,704,2414,173,207,793,25,131,70,246,24,62,3,1288,1249,10385,30,293,34,92,43,256,4346,2,14,24,8,7,39,1,0,1,6,23,0,0,0,38,26,67,1,15,6,1,9,5,16,4,7,4,1,11,2,0,9,19,16,7,1,11,98,11,13,23,0,5,0,0,25,5,4,8,3
306,113,39,4319,251,243,1933,606,560,1151,221,205,225,1279,962,30275,159,594,4924,716,305,723,99,35,176,35,37,11,276,718,5867,171,490,32,4073,1790,927,94,239,7,516,726,7701,58,384,33,64,279,71,175,22,98,94,21,43,227,4,4,3,30,100,11,4,3,154,139,307,8,118,32,12,47,13,38,36,4,8,0,53,23,1,28,66,110,33,0,44,444,67,29,151,1,10,0,4,144,23,21,68,13
2,2,0,10,0,0,2,2829,1062,323,470,5605,7641,109,89,159,8526,3908,560,70,6446,364,322,9,21,2,2,2,11,117,3039,28,535,4,12,70,195,4,7,1,33,107,470,23,26,51,86,1,0,113,0,0,0,0,0,1,0,4,14,39,5,3,3,2,0,1,11,7,36,4,1,5,9,4,1,0,2,0,1,0,0,2,0,0,0,1,37,5,0,1,2,1,2,0,0,0,0,1,1,1
2,0,1,22,3,1,2,8758,507,38,184,351,1328,108,133,594,3908,6879,2882,84,1019,201,91,6,13,1,3,2,4,35,5312,26,467,1,0,38,96,1,2,0,14,22,627,7,26,22,26,1,0,21,0,0,0,0,0,0,0,2,6,22,4,0,0,1,0,0,2,2,28,0,3,2,1,8,4,1,1,0,0,3,0,0,1,0,0,0,21,1,2,5,2,1,0,0,0,0,0,1,0,0
3,2,2,53,4,2,29,1423,4209,1282,1094,468,460,124,102,4924,560,2882,14328,886,883,1017,150,370,301,18,83,10,54,175,3904,115,637,27,214,2963,1342,47,92,7,163,266,1930,86,217,51,90,14,4,127,3,3,13,3,2,7,7,18,19,75,85,17,17,11,24,29,156,18,221,23,53,40,31,21,57,7,6,1,12,31,3,16,32,45,19,3,82,137,38,18,44,1,11,1,1,3,2,23,40,14
18,6,4,173,15,4,47,9214,8819,110,130,1607,1297,405,298,716,70,84,886,34503,127,1230,1594,39,1488,605,279,60,47,190,371,2139,12307,358,134,518,224,5439,33,22,54,115,1130,903,6104,312,765,21,10,102,3,2,20,0,2,3,7,8,1,309,14,8,33,14,46,49,36,3,41,478,3,179,40,815,8,116,304,7,8,10,38,449,22,16,875,33,84,27,10,481,14,8,129,12,34,3,6,4,17,5
6,4,2,24,3,6,13,358,552,4074,1171,6994,902,135,110,305,6446,1019,883,127,13098,713,570,16,50,17,12,7,31,407,1822,81,636,19,56,411,469,10,51,3,201,905,6337,52,30,99,207,15,4,2483,1,0,3,0,0,3,0,7,9,24,11,5,2,4,1,5,43,9,72,3,11,5,16,5,9,2,0,0,3,6,0,6,9,5,7,0,31,18,2,3,3,2,2,0,3,0,0,0,7,1
344,409,502,1111,131,60,332,2741,2472,5063,2963,2988,576,536,870,723,364,201,1017,1230,713,16930,5564,30,384,450,158,1323,5054,669,316,633,820,539,259,484,434,216,174,151,9593,1749,1291,1256,253,8355,1660,76,19,394,2,9,23,14,1,12,3,1,3,31,37,3,3,2,25,46,91,1,58,27,15,19,9,26,18,9,24,0,10,10,4,18,11,46,37,12,34,109,21,29,36,16,30,1,6,15,2,8,24,10
10,4,6,46,3,5,21,613,1146,1168,1453,6087,363,169,61,99,322,91,150,1594,570,5564,18153,28,1075,420,385,218,194,391,146,505,4776,343,33,101,83,446,34,41,210,465,364,1409,486,7220,6836,2,5,251,0,0,1,0,1,0,1,1,2,15,2,0,0,2,2,0,6,1,19,28,1,12,8,85,0,26,18,1,1,1,5,19,0,2,42,20,14,3,0,85,2,17,60,2,0,0,0,0,0,0
0,0,1,6,5,6,11,13,7407,22,10,21,10,3,1,35,9,6,370,39,16,30,28,5545,676,17,1155,34,4,6,7,54,56,32,218,4403,4732,24,3081,222,3,11,13,355,21,12,33,48,8,7,0,1,1,0,1,1,1,2,5,21,5,0,1,4,3,3,15,2,25,12,5,8,3,42,4,9,33,1,2,3,3,19,0,2,18,5,19,4,2,39,3,3,26,0,2,1,1,0,1,2
7,1,2,42,3,45,26,92,9349,43,18,454,77,95,37,176,21,13,301,1488,50,384,1075,676,13323,462,11157,73,16,79,34,1146,2273,408,155,1141,258,1163,739,324,18,36,143,8948,427,173,839,287,22,43,0,4,11,0,4,5,2,1,2,139,9,2,14,6,38,32,23,3,36,310,2,226,40,1302,9,370,621,12,10,2,106,414,23,16,579,158,37,41,6,1115,21,62,607,16,69,9,2,0,17,4
0,0,1,16,2,4,8,58,123,36,9,26,9,42,22,35,2,1,18,605,17,450,420,17,462,21839,289,80,38,37,20,8916,350,5229,4,41,21,6083,48,215,22,32,67,8820,2443,313,1624,7,0,15,0,0,0,0,0,0,0,2,1,7,3,0,3,2,0,1,1,0,2,13,0,34,4,87,3,187,229,13,0,1,88,26,1,1,27,170,1,1,0,182,4,191,685,9,47,0,0,0,0,1
0,0,0,10,6,47,12,20,6256,20,6,43,20,20,13,37,2,3,83,279,12,158,385,1155,11157,289,15312,1708,19,25,11,559,565,537,135,487,1787,170,2465,8035,10,16,35,12084,160,212,471,367,14,9,0,0,1,0,3,3,0,2,0,22,6,0,5,0,2,2,2,2,6,52,1,55,6,295,3,206,310,18,2,0,62,80,2,0,61,139,3,4,2,474,4,263,624,4,34,6,0,1,3,0
42,11,32,32,20,11,11,20,96,31,18,24,7,55,20,11,2,2,10,60,7,1323,218,34,73,80,1708,54326,2246,180,4,114,31,15497,12,24,281,27,365,22904,597,77,34,639,33,27614,6267,21,5,7,0,0,0,0,0,0,0,1,1,0,1,0,0,0,2,3,1,0,1,1,0,1,0,4,0,9,12,52,0,0,6,5,1,0,3,59,2,3,1,3,2,824,63,3,2,0,0,0,0,1
1037,344,547,809,832,336,190,69,57,214,38,86,26,5594,704,276,11,4,54,47,31,5054,194,4,16,38,19,2246,58387,8864,38,85,94,384,85,73,145,7,89,171,18574,870,487,100,25,2842,342,72,6767,121,0,3,12,16,2,14,0,2,0,2,12,1,0,1,15,32,47,1,24,1,0,6,2,4,6,1,2,0,3,6,0,2,3,25,2,1,3,57,15,3,22,12,1,0,0,16,3,6,8,7
1091,503,711,1492,521,215,406,103,100,299,72,394,198,20172,2414,718,117,35,175,190,407,669,391,6,79,37,25,180,8864,37888,193,375,1474,76,265,320,640,40,253,31,9815,7476,4816,127,135,357,510,104,528,2192,5,15,46,16,3,26,2,2,4,5,55,5,1,1,64,140,214,8,54,8,12,27,9,17,20,1,4,0,30,20,1,5,60,89,6,0,20,225,59,15,75,3,3,1,1,18,6,11,42,12
4,2,1,51,4,18,47,931,234,481,275,573,890,170,173,5867,3039,5312,3904,371,1822,316,146,7,34,20,11,4,38,193,8585,147,899,6,593,406,298,38,62,2,79,156,6481,24,223,28,80,48,7,137,2,5,13,0,1,17,0,4,3,14,23,1,5,2,20,28,60,2,37,8,14,19,8,11,12,2,2,0,9,8,2,7,10,25,9,0,17,86,16,11,36,0,5,0,1,5,4,7,16,3
16,5,5,79,17,8,17,310,281,117,26,135,68,578,207,171,28,26,115,2139,81,633,505,54,1146,8916,559,114,85,375,147,46476,6295,5599,20,78,34,1911,73,361,81,158,565,5829,6763,488,16542,14,10,164,0,0,0,0,0,0,0,0,0,16,2,1,4,0,1,3,1,0,4,18,4,34,3,124,0,146,154,16,0,0,50,38,1,2,44,146,5,2,1,236,0,168,498,11,26,3,0,0,2,0
18,8,5,135,18,8,29,2768,2270,500,172,6230,5840,1734,793,490,535,467,637,12307,636,820,4776,56,2273,350,565,31,94,1474,899,6295,40419,234,42,245,207,1230,51,15,219,679,1924,1810,4547,415,6117,18,20,844,0,0,3,0,0,2,0,2,3,76,4,2,7,1,4,5,9,2,10,146,4,41,11,257,3,57,103,3,2,2,21,118,4,1,178,25,34,13,3,228,5,5,96,1,21,3,1,3,3,1
13,6,7,30,6,4,3,63,117,52,9,40,7,58,25,32,4,1,27,358,19,539,343,32,408,5229,537,15497,384,76,6,5599,234,42708,9,37,104,580,187,15211,226,60,50,9295,994,4846,21591,12,3,20,0,0,0,0,0,0,0,1,0,2,0,1,0,1,0,1,2,0,2,9,0,21,3,50,0,82,106,57,1,1,51,11,1,0,12,463,3,1,0,73,3,1672,482,39,51,1,0,0,1,1
33,34,44,255,83,562,1214,25,295,543,41,34,20,219,131,4073,12,0,214,134,56,259,33,218,155,4,135,12,85,265,593,20,42,9,7313,1099,1778,20,9328,67,201,323,1495,75,19,11,22,4819,109,106,23,90,133,27,57,254,0,2,4,8,78,6,1,6,169,144,376,5,60,7,10,51,12,8,20,1,5,1,57,28,0,10,74,127,6,0,24,500,54,5,202,0,4,5,1,178,22,21,50,11
14,9,12,52,7,25,41,82,3773,975,236,244,76,132,70,1790,70,38,2963,518,411,484,101,4403,1141,41,487,24,73,320,406,78,245,37,1099,11559,5094,100,5710,127,260,542,1228,353,58,41,56,155,14,297,1,9,47,4,5,17,10,26,36,95,175,31,17,16,50,193,423,37,372,40,82,62,42,70,107,17,25,1,44,74,3,48,72,182,26,6,145,411,117,44,163,3,26,2,3,20,11,34,100,42
37,36,50,335,54,150,312,535,13807,732,147,275,225,359,246,927,195,96,1342,224,469,434,83,4732,258,21,1787,281,145,640,298,34,207,104,1778,5094,3117,33,8651,1091,398,720,1866,623,25,66,47,1109,32,388,4,10,35,7,12,27,27,50,13,343,106,9,16,26,53,237,327,9,148,129,38,33,43,18,42,3,11,2,42,66,3,62,61,237,35,6,465,401,167,9,126,20,10,3,3,31,8,25,91,41
3,2,0,39,5,3,16,148,247,27,10,80,24,65,24,94,4,1,47,5439,10,216,446,24,1163,6083,170,27,7,40,38,1911,1230,580,20,100,33,14739,35,17,5,18,170,8557,6367,94,652,30,3,13,0,0,1,0,0,2,1,0,0,20,4,0,0,1,6,3,0,0,8,48,2,63,7,304,2,148,165,6,2,0,37,109,2,4,103,35,9,12,2,398,5,8,238,8,31,2,0,1,4,2
24,22,41,135,67,982,328,10,839,376,20,25,7,145,62,239,7,2,92,33,51,174,34,3081,739,48,2465,365,89,253,62,73,51,187,9328,5710,8651,35,26050,2223,154,244,414,1869,24,72,63,8177,81,100,13,34,74,19,27,99,1,4,0,6,98,9,2,0,100,99,314,1,91,13,8,49,10,18,26,12,12,1,67,25,4,14,84,86,5,8,47,376,46,20,87,45,37,0,2,58,13,25,45,12
5,1,3,7,4,15,2,6,569,17,0,6,1,8,3,7,1,0,7,22,3,151,41,222,324,215,8035,22904,171,31,2,361,15,15211,67,127,1091,17,2223,50136,65,18,11,11630,26,2226,1727,128,1,5,0,0,0,0,0,0,0,0,0,2,0,1,0,1,0,0,0,0,0,2,0,17,0,30,1,72,114,224,0,1,41,5,0,0,1,627,7,1,1,34,5,4611,604,43,47,0,0,0,0,0
615,548,638,1375,244,109,384,44,51,7873,80,177,37,1022,1288,516,33,14,163,54,201,9593,210,3,18,22,10,597,18574,9815,79,81,219,226,201,260,398,5,154,65,53296,14041,1293,84,41,900,283,62,40,720,2,6,16,9,5,17,0,0,1,3,30,5,0,0,28,39,94,3,47,1,11,14,5,2,13,0,1,0,9,7,1,0,19,34,2,0,20,91,11,2,36,5,3,0,0,8,3,6,22,5
170,228,221,1218,66,58,359,92,76,8380,223,659,88,692,1249,726,107,22,266,115,905,1749,465,11,36,32,16,77,870,7476,156,158,679,60,323,542,720,18,244,18,14041,25927,3923,111,50,339,376,124,32,7031,3,4,24,10,1,24,1,1,3,6,45,6,5,3,27,45,102,5,63,4,7,19,5,2,29,1,1,1,10,21,1,4,17,44,9,1,16,113,30,1,35,4,10,0,1,16,2,12,23,10
141,37,50,1256,124,76,187,1102,402,3008,349,869,609,6495,10385,7701,470,627,1930,1130,6337,1291,364,13,143,67,35,34,487,4816,6481,565,1924,50,1495,1228,1866,170,414,11,1293,3923,31979,101,901,106,318,212,71,9579,7,30,90,6,12,59,3,3,7,26,119,15,5,5,112,114,408,10,153,26,23,70,10,57,54,12,23,0,73,52,4,27,97,131,37,6,83,388,66,42,115,1,10,1,4,32,7,24,82,20
2,3,1,25,9,25,10,108,1068,129,30,122,38,87,30,58,23,7,86,903,52,1256,1409,355,8948,8820,12084,639,100,127,24,5829,1810,9295,75,353,623,8557,1869,11630,84,111,101,78715,1362,1198,3819,287,15,55,0,1,0,0,0,2,1,1,1,20,9,6,4,1,11,14,8,3,17,53,2,212,8,530,4,856,949,60,4,3,327,167,8,2,143,1014,14,17,2,899,16,1754,2943,61,245,7,0,2,11,3
11,1,0,208,17,3,38,836,257,44,23,197,48,389,293,384,26,26,217,6104,30,253,486,21,427,2443,160,33,25,135,223,6763,4547,994,19,58,25,6367,24,26,41,50,901,1362,8778,95,662,10,11,49,0,0,1,1,0,0,0,1,0,24,5,0,3,0,5,9,2,1,7,62,1,61,15,314,2,131,116,6,2,2,35,93,1,0,120,45,12,10,3,383,4,9,191,4,23,1,0,0,4,1
51,15,39,51,18,8,8,263,330,486,172,441,101,111,34,33,51,22,51,312,99,8355,7220,12,173,313,212,27614,2842,357,28,488,415,4846,11,41,66,94,72,2226,900,339,106,1198,95,18579,11778,8,6,87,1,0,2,0,0,0,0,1,2,4,1,0,1,0,0,1,1,0,3,3,1,3,0,14,0,13,11,2,1,0,3,3,1,2,5,40,2,2,1,19,0,144,53,1,2,1,0,0,0,0
10,9,9,32,10,5,6,194,360,396,89,524,111,289,92,64,86,26,90,765,207,1660,6836,33,839,1624,471,6267,342,510,80,16542,6117,21591,22,56,47,652,63,1727,283,376,318,3819,662,11778,50752,11,9,266,0,0,1,0,1,0,0,0,0,10,3,0,1,0,0,1,4,0,4,11,0,14,0,50,0,62,66,7,0,0,19,11,1,2,9,129,5,2,0,92,0,309,212,7,11,0,0,0,0,0
37,26,88,261,460,6095,1687,2,174,204,4,3,3,120,43,279,1,1,14,21,15,76,2,48,287,7,367,21,72,104,48,14,18,12,4819,155,1109,30,8177,128,62,124,212,287,10,8,11,8667,301,27,30,159,67,58,189,454,0,0,0,4,15,3,0,0,67,11,85,0,2,3,0,6,0,2,0,1,4,0,15,2,1,2,7,10,6,3,3,282,1,4,79,2,9,0,0,324,23,6,10,1
806,122,141,276,4710,1420,165,2,18,25,2,3,1,7674,256,71,0,0,4,10,4,19,5,8,22,0,14,5,6767,528,7,10,20,3,109,14,32,3,81,1,40,32,71,15,11,6,9,301,11003,8,2,8,4,17,19,14,0,0,0,0,2,0,0,0,7,12,17,0,4,0,0,4,0,1,2,0,0,0,1,2,0,0,2,3,0,0,0,24,1,1,10,0,0,0,0,17,5,2,1,0
21,18,22,144,9,3,76,39,68,2686,123,511,150,1931,4346,175,113,21,127,102,2483,394,251,7,43,15,9,7,121,2192,137,164,844,20,106,297,388,13,100,5,720,7031,9579,55,49,87,266,27,8,13971,1,0,4,3,1,6,0,2,1,3,16,1,1,0,11,17,44,5,34,2,4,11,5,7,9,2,1,1,8,9,0,1,19,19,3,0,15,51,11,2,10,0,2,0,0,1,0,3,10,3
6,6,32,42,5,67,57,0,1,0,1,0,0,7,2,22,0,0,3,3,1,2,0,0,0,0,0,0,0,5,2,0,0,0,23,1,4,0,13,0,2,3,7,0,0,1,0,30,2,1,44097,17692,1213,10198,8168,2007,2,1,0,4,83,4,0,2,13494,44,226,0,8,16,6,322,3,7,4,5,5,15,1977,1,4,24,601,16,26,4,20,247,9,5,66,2,3,16,3,246,12126,275,153,6
19,22,296,222,19,166,495,0,2,10,0,0,0,31,14,98,0,0,3,2,0,9,0,1,4,0,0,0,3,15,5,0,0,0,90,9,10,0,34,0,6,4,30,1,0,0,0,159,8,0,17692,76049,11483,10640,1257,13633,1,1,2,13,523,15,7,5,6974,78,404,2,12,17,13,1407,5,5,12,4,4,16,1741,2,4,10,1667,22,16,3,26,581,25,8,101,0,3,26,4,235,1103,736,1070,31
16,17,45,143,22,56,254,3,20,20,0,1,2,51,24,94,0,0,13,20,3,23,1,1,11,0,1,0,12,46,13,0,3,0,133,47,35,1,74,0,16,24,90,0,1,2,1,67,4,4,1213,11483,32467,153,218,10538,74,66,9,173,1156,85,37,41,15304,2653,9509,15,66,598,44,660,11,74,37,89,21,17,1107,50,33,464,1699,417,595,33,145,1053,66,97,222,3,23,12,26,192,847,449,1024,93
109,26,1341,144,336,1915,777,0,1,6,1,0,0,16,8,21,0,0,3,0,0,14,0,0,0,0,0,0,16,16,0,0,0,0,27,4,7,0,19,0,9,10,6,0,1,0,0,58,17,3,10198,10640,153,36682,14794,9950,0,0,2,3,74,2,2,1,623,20,52,0,5,1,4,581,0,1,2,2,0,18,1229,1,2,8,957,7,3,1,9,457,7,0,218,1,1,13,1,349,826,313,235,4
9,15,59,114,21,210,292,0,4,4,0,0,0,8,7,43,0,0,2,2,0,1,1,1,4,0,3,0,2,3,1,0,0,0,57,5,12,0,27,0,5,1,12,0,0,0,1,189,19,1,8168,1257,218,14794,22508,8828,0,1,0,22,73,6,0,1,693,20,96,0,10,22,3,56,43,115,1,2,85,10,157,2,3,9,69,19,7,5,80,2271,14,13,944,44,41,0,2,5427,3853,36,53,11
48,47,160,512,49,335,948,1,3,14,0,2,0,51,39,227,1,0,7,3,3,12,0,1,5,0,3,0,14,26,17,0,2,0,254,17,27,2,99,0,17,24,59,2,0,0,0,454,14,6,2007,13633,10538,9950,8828,37268,1,2,2,43,840,43,5,6,2356,72,2985,2,50,85,22,530,11,22,16,8,6,5,433,7,4,30,520,40,32,3,56,4806,38,7,773,1,7,5,0,1198,471,349,717,85
0,0,0,0,0,0,1,28,155,1,0,0,3,0,1,4,0,0,7,7,0,3,1,1,2,0,0,0,0,2,0,0,0,0,0,10,27,1,1,0,0,1,3,1,0,0,0,0,0,0,2,1,74,0,0,1,3426,6482,784,675,19,63,240,2888,81,163,676,369,562,2060,15,203,67,9,34,13,5,9,15,298,12,1549,35,268,147,10,256,12,20,3,7,4,10,22,14,0,3,6,9,0
0,0,0,2,0,0,1,33,254,3,4,6,6,0,0,4,4,2,18,8,7,1,1,2,1,2,2,1,2,2,4,0,2,1,2,26,50,0,4,0,0,1,3,1,1,1,0,0,0,2,1,1,66,0,1,2,6482,18444,4968,2988,41,417,443,2195,30,105,922,3951,1625,4218,94,972,88,34,104,31,15,29,8,663,50,1095,13,228,643,48,649,32,19,20,27,11,60,90,63,4,7,5,8,4
0,0,0,2,0,0,1,8,56,10,3,4,8,0,1,3,14,6,19,1,9,3,2,5,2,1,0,1,0,4,3,0,3,0,4,36,13,0,0,0,1,3,7,1,0,2,0,0,0,1,0,2,9,2,0,2,784,4968,3593,1037,42,425,336,751,6,31,980,2707,2986,395,151,642,29,17,120,20,13,11,5,1400,38,384,3,151,161,34,219,15,15,9,20,2,23,51,38,5,0,2,12,1
0,1,1,6,1,0,1,478,2280,12,14,35,122,5,6,30,39,22,75,309,24,31,15,21,139,7,22,0,2,5,14,16,76,2,8,95,343,20,6,2,3,6,26,20,24,4,10,4,0,3,4,13,173,3,22,43,675,2988,1037,33683,97,282,1491,1570,70,132,1686,402,11261,11735,384,1470,10008,7389,77,147,1480,32,28,84,183,3510,30,111,1530,110,13058,574,37,199,153,28,229,107,197,65,11,7,55,19
9,7,5,44,8,14,55,9,37,52,4,5,13,58,23,100,5,4,85,14,11,37,2,5,9,3,6,1,12,55,23,2,4,0,78,175,106,4,98,0,30,45,119,9,5,1,3,15,2,16,83,523,1156,74,73,840,19,41,42,97,40119,3736,1047,127,628,621,3574,175,868,63,6351,2705,85,92,1051,169,70,93,493,140,160,160,311,284,100,250,1222,2128,1032,91,489,44,227,373,232,231,98,19969,14024,4682
0,3,1,3,0,0,3,8,26,4,4,1,4,3,0,11,3,0,17,8,5,3,0,0,2,0,0,0,1,5,1,1,2,1,6,31,9,0,9,1,5,6,15,6,0,0,0,3,0,1,4,15,85,2,6,43,63,417,425,282,3736,6498,7448,680,52,110,1426,728,1048,163,6628,7910,46,58,455,15,28,17,46,230,21,236,56,159,53,43,283,231,117,31,86,8,57,169,73,17,6,42,226,109
0,0,0,1,0,0,1,16,99,4,0,4,8,1,0,4,3,0,17,33,2,3,0,1,14,3,5,0,0,1,5,4,7,0,1,17,16,0,2,0,0,5,5,4,3,1,1,0,0,1,0,7,37,2,0,5,240,443,336,1491,1047,7448,24732,13404,77,348,501,3045,682,757,5220,11352,265,193,932,48,90,78,37,679,145,8067,57,291,176,124,357,66,254,57,30,21,116,357,323,7,7,27,131,89
0,0,0,0,0,0,1,34,95,3,1,0,6,1,0,3,2,1,11,14,4,2,2,4,6,2,0,0,1,1,2,0,1,1,6,16,26,1,0,1,0,3,5,1,0,0,0,0,0,0,2,5,41,1,1,6,2888,2195,751,1570,127,680,13404,24633,101,337,696,4551,586,487,1325,1230,258,46,396,7,23,14,31,866,71,5398,74,418,73,45,290,28,110,16,21,10,19,84,131,4,7,9,52,17
17,15,55,174,30,43,271,3,35,30,2,1,1,86,38,154,0,0,24,46,1,25,2,3,38,0,2,2,15,64,20,1,4,0,169,50,53,6,100,0,28,27,112,11,5,0,0,67,7,11,13494,6974,15304,623,693,2356,81,30,6,70,628,52,77,101,58987,13296,2199,26,69,324,71,866,18,107,85,276,71,73,7955,29,242,1060,10840,641,875,195,216,890,471,184,318,20,79,59,167,214,9362,540,1340,289
13,5,10,66,24,10,64,8,37,49,3,3,2,108,26,139,1,0,29,49,5,46,0,3,32,1,2,3,32,140,28,3,5,1,144,193,237,3,99,0,39,45,114,14,9,1,1,11,12,17,44,78,2653,20,20,72,163,105,31,132,621,110,348,337,13296,31941,3654,109,161,523,339,915,21,161,473,387,123,144,609,127,553,2124,4736,2360,1204,443,521,856,7658,179,376,29,218,173,527,97,148,209,4088,5016
26,39,47,206,43,50,278,22,114,127,11,16,8,176,67,307,11,2,156,36,43,91,6,15,23,1,2,1,47,214,60,1,9,2,376,423,327,0,314,0,94,102,408,8,2,1,4,85,17,44,226,404,9509,52,96,2985,676,922,980,1686,3574,1426,501,696,2199,3654,53562,1066,4664,2345,584,1975,123,224,1253,100,77,13,484,7419,100,1382,734,12186,1246,67,1248,6106,591,139,675,20,70,66,76,280,236,418,1203,294
0,0,0,1,0,0,0,3,33,3,6,0,2,1,1,8,7,2,18,3,9,1,1,2,3,0,2,0,1,8,2,0,2,0,5,37,9,0,1,0,3,5,10,3,1,0,0,0,0,5,0,2,15,0,0,2,369,3951,2707,402,175,728,3045,4551,26,109,1066,8420,865,53,4777,997,33,19,1470,12,14,11,10,3751,30,416,11,254,16,23,244,35,79,11,26,2,30,56,78,2,2,5,30,18
4,0,2,14,3,2,16,59,265,108,25,37,12,25,15,118,36,28,221,41,72,58,19,25,36,2,6,1,24,54,37,4,10,2,60,372,148,8,91,0,47,63,153,17,7,3,4,2,4,34,8,12,66,5,10,50,562,1625,2986,11261,868,1048,682,586,69,161,4664,865,21371,2200,1071,1770,2620,537,369,55,195,22,73,425,43,687,166,282,415,38,3560,4621,210,60,921,51,121,67,59,56,17,100,318,135
0,0,0,12,3,0,5,305,1310,5,5,30,109,12,6,32,4,0,23,478,3,27,28,12,310,13,52,1,1,8,8,18,146,9,7,40,129,48,13,2,1,4,26,53,62,3,11,3,0,2,16,17,598,1,22,85,2060,4218,395,11735,63,163,757,487,324,523,2345,53,2200,32259,64,1768,436,3176,61,714,518,60,58,108,702,7527,97,582,9090,465,912,281,84,4063,101,28,593,134,423,91,34,24,73,30
1,0,0,1,3,0,3,9,48,28,5,6,3,3,1,12,1,3,53,3,11,15,1,5,2,0,1,0,0,12,14,4,4,0,10,82,38,2,8,0,11,7,23,2,1,1,0,0,0,4,6,13,44,4,3,22,15,94,151,384,6351,6628,5220,1325,71,339,584,4777,1071,64,13386,2650,100,58,3679,60,40,39,60,809,100,253,164,85,40,107,780,247,596,32,97,19,117,224,180,11,4,105,1142,2725
0,3,2,23,8,7,24,34,192,14,3,10,5,29,9,47,5,2,40,179,5,19,12,8,226,34,55,1,6,27,19,34,41,21,51,62,33,63,49,17,14,19,70,212,61,3,14,6,4,11,322,1407,660,581,56,530,203,972,642,1470,2705,7910,11352,1230,866,915,1975,997,1770,1768,2650,59600,210,2003,993,918,934,2755,3188,435,1064,9025,1153,395,955,1959,435,565,553,1205,289,353,2482,15254,8373,95,81,3526,1673,411
1,0,0,3,0,1,1,30,160,13,7,10,4,4,5,13,9,1,31,40,16,9,8,3,40,4,6,0,2,9,8,3,11,3,12,42,43,7,10,0,5,5,10,8,15,0,0,0,0,5,3,5,11,0,43,11,67,88,29,10008,85,46,265,258,18,21,123,33,2620,436,100,210,9814,1999,44,31,635,11,9,27,35,816,18,32,329,33,6652,2153,26,50,1843,242,148,7,32,141,16,14,42,16
1,1,1,17,0,1,6,84,722,7,2,49,30,25,16,38,4,8,21,815,5,26,85,42,1302,87,295,4,4,17,11,124,257,50,8,70,18,304,18,30,2,2,57,530,314,14,50,2,1,7,7,5,74,1,115,22,9,34,17,7389,92,58,193,46,107,161,224,19,537,3176,58,2003,1999,21849,58,768,13993,91,26,30,600,3016,86,65,1117,596,996,722,58,2311,1221,1255,4886,141,645,524,67,21,120,50
1,1,0,4,3,0,4,7,25,28,2,6,2,8,4,36,1,4,57,8,9,18,0,4,9,3,3,0,6,20,12,0,3,0,20,107,42,2,26,1,13,29,54,4,2,0,0,0,2,9,4,12,37,2,1,16,34,104,120,77,1051,455,932,396,85,473,1253,1470,369,61,3679,993,44,58,4742,44,24,34,38,3498,132,611,143,993,95,109,586,321,1369,45,79,16,78,108,232,5,3,94,829,1227
0,0,0,2,0,0,0,13,77,1,0,4,4,4,7,4,0,1,7,116,2,9,26,9,370,187,206,9,1,1,2,146,57,82,1,17,3,148,12,72,0,1,12,856,131,13,62,1,0,2,5,4,89,2,2,8,13,31,20,147,169,15,48,7,276,387,100,12,55,714,60,918,31,768,44,23359,443,54,97,25,7881,2265,261,95,6436,6715,47,33,88,14898,45,85,5479,166,829,20,24,41,235,86
2,1,0,2,0,1,3,39,569,1,1,10,35,7,4,8,2,1,6,304,0,24,18,33,621,229,310,12,2,4,2,154,103,106,5,25,11,165,12,114,1,1,23,949,116,11,66,4,0,1,5,4,21,0,85,6,5,15,13,1480,70,28,90,23,71,123,77,14,195,518,40,934,635,13993,24,443,21661,1041,28,14,282,1059,59,27,842,512,1813,342,35,668,1850,7391,8748,78,357,424,40,14,72,47
0,0,0,0,0,1,0,0,2,0,0,0,1,0,1,0,0,0,1,7,0,0,1,1,12,13,18,52,0,0,0,16,3,57,1,1,2,6,1,224,0,1,0,60,6,2,7,0,0,1,15,16,17,18,10,5,9,29,11,32,93,17,78,14,73,144,13,11,22,60,39,2755,11,91,34,54,1041,39765,2411,8,100,91,126,19,67,10188,173,15,45,52,167,26059,438,21010,989,34,6,530,136,50
1,2,9,27,3,11,40,3,6,18,1,1,1,22,11,53,1,0,12,8,3,10,1,2,10,0,2,0,3,30,9,0,2,1,57,44,42,2,67,0,9,10,73,4,2,1,0,15,1,8,1977,1741,1107,1229,157,433,15,8,5,28,493,46,37,31,7955,609,484,10,73,58,60,3188,9,26,38,97,28,2411,137641,9,74,226,20679,126,225,213,165,384,206,70,156,220,66,1433,107,77,14356,25333,1547,72
4,1,0,6,0,1,2,3,20,17,2,0,3,12,2,23,0,3,31,10,6,10,1,3,2,1,0,0,6,20,8,0,2,1,28,74,66,0,25,1,7,21,52,3,2,0,0,2,2,9,1,2,50,1,2,7,298,663,1400,84,140,230,679,866,29,127,7419,3751,425,108,809,435,27,30,3498,25,14,8,9,6897,92,788,30,3716,196,29,233,163,178,10,69,6,23,37,91,7,3,10,19,15
0,0,0,1,0,0,0,3,15,2,1,3,1,0,0,1,0,0,3,38,0,4,5,3,106,88,62,6,0,1,2,50,21,51,0,3,3,37,4,41,1,1,4,327,35,3,19,1,0,0,4,4,33,2,3,4,12,50,38,183,160,21,145,71,242,553,100,30,43,702,100,1064,35,600,132,7881,282,100,74,92,36825,4628,229,141,5373,7225,39,25,187,952,29,158,2155,562,11368,11,9,41,303,161
2,1,0,8,0,2,1,176,797,6,3,28,59,9,9,28,2,0,16,449,6,18,19,19,414,26,80,5,2,5,7,38,118,11,10,48,62,109,14,5,0,4,27,167,93,3,11,2,0,1,24,10,464,8,9,30,1549,1095,384,3510,160,236,8067,5398,1060,2124,1382,416,687,7527,253,9025,816,3016,611,2265,1059,91,226,788,4628,47919,698,1340,20781,855,812,155,663,1743,130,53,1123,225,6796,49,88,76,376,199
1,3,3,32,7,10,42,3,23,16,1,0,2,34,19,66,0,1,32,22,9,11,0,0,23,1,2,1,3,60,10,1,4,1,74,72,61,2,84,0,19,17,97,8,1,1,1,7,2,19,601,1667,1699,957,69,520,35,13,3,30,311,56,57,74,10840,4736,734,11,166,97,164,1153,18,86,143,261,59,126,20679,30,229,698,43963,345,507,223,322,639,825,139,201,24,130,131,175,58,591,11352,12617,358
10,2,12,38,10,15,48,10,29,45,3,4,1,81,16,110,0,0,45,16,5,46,2,2,16,1,0,0,25,89,25,2,1,0,127,182,237,4,86,0,34,44,131,2,0,2,2,10,3,19,16,22,417,7,19,40,268,228,151,111,284,159,291,418,641,2360,12186,254,282,582,85,395,32,65,993,95,27,19,126,3716,141,1340,345,10133,938,69,581,1028,3109,95,311,8,28,34,117,81,42,49,200,99
0,0,0,6,0,2,3,153,1055,3,5,43,56,17,7,33,0,0,19,875,7,37,42,18,579,27,61,3,2,6,9,44,178,12,6,26,35,103,5,1,2,9,37,143,120,5,9,6,0,3,26,16,595,3,7,32,147,643,161,1530,100,53,176,73,875,1204,1246,16,415,9090,40,955,329,1117,95,6436,842,67,225,196,5373,20781,507,938,21800,844,359,74,199,4994,34,33,466,75,499,22,78,53,199,38
0,0,0,0,1,0,0,4,40,0,2,1,2,1,1,0,1,0,3,33,0,12,20,5,158,170,139,59,1,0,0,146,25,463,0,6,6,35,8,627,0,1,6,1014,45,40,129,3,0,0,4,3,33,1,5,3,10,48,34,110,250,43,124,45,195,443,67,23,38,465,107,1959,33,596,109,6715,512,10188,213,29,7225,855,223,69,844,46615,43,27,145,1426,54,7410,9429,15178,6913,19,16,105,299,151
0,0,2,8,0,3,6,245,1117,23,10,30,78,13,11,44,37,21,82,84,31,34,14,19,37,1,3,2,3,20,17,5,34,3,24,145,465,9,47,7,20,16,83,14,12,2,5,3,0,15,20,26,145,9,80,56,256,649,219,13058,1222,283,357,290,216,521,1248,244,3560,912,780,435,6652,996,586,47,1813,173,165,233,39,812,322,581,359,43,2968,2254,534,52,5577,1226,280,27,50,727,55,186,679,325
47,62,129,425,53,163,734,14,38,125,5,7,2,196,98,444,5,1,137,27,18,109,3,4,41,1,4,3,57,225,86,2,13,1,500,411,401,12,376,1,91,113,388,17,10,2,2,282,24,51,247,581,1053,457,2271,4806,12,32,15,574,2128,231,66,28,890,856,6106,35,4621,281,247,565,2153,722,321,33,342,15,384,163,25,155,639,1028,74,27,2254,17946,643,58,7838,159,152,15,39,4721,363,353,1007,314
2,3,2,14,5,3,11,1,20,20,3,4,1,44,11,67,0,2,38,10,2,21,0,2,6,0,2,1,15,59,16,1,3,0,54,117,167,2,46,1,11,30,66,2,3,1,0,1,1,11,9,25,66,7,14,38,20,19,15,37,1032,117,254,110,471,7658,591,79,210,84,596,553,26,58,1369,88,35,45,206,178,187,663,825,3109,199,145,534,643,14758,50,209,16,85,104,235,36,18,215,3004,7055
0,0,0,7,0,3,4,47,316,3,2,19,4,23,13,29,1,5,18,481,3,29,85,39,1115,182,474,3,3,15,11,236,228,73,5,44,9,398,20,34,2,1,42,899,383,19,92,4,1,2,5,8,97,0,13,7,3,20,9,199,91,31,57,16,184,179,139,11,60,4063,32,1205,50,2311,45,14898,668,52,70,10,952,1743,139,95,4994,1426,52,58,50,34986,87,45,10524,132,637,50,21,30,138,40
21,20,26,156,19,49,220,6,19,56,5,7,1,76,23,151,2,2,44,14,3,36,2,3,21,4,4,2,22,75,36,0,5,3,202,163,126,5,87,5,36,35,115,16,4,0,0,79,10,10,66,101,222,218,944,773,7,27,20,153,489,86,30,21,318,376,675,26,921,101,97,289,1843,1221,79,45,1850,167,156,69,29,130,201,311,34,54,5577,7838,209,87,13749,1682,503,10,30,7410,291,91,252,88
0,0,0,0,0,0,0,0,17,0,0,0,0,1,0,1,1,1,1,8,2,16,17,3,62,191,263,824,12,3,0,168,5,1672,0,3,20,8,45,4611,5,4,1,1754,9,144,309,2,0,0,2,0,3,1,44,1,4,11,2,28,44,8,21,10,20,29,20,2,51,28,19,353,242,1255,16,85,7391,26059,220,6,158,53,24,8,33,7410,1226,159,16,45,1682,58732,8950,2061,565,285,16,40,45,19
0,0,0,3,0,2,4,8,130,1,2,8,0,12,5,10,2,0,11,129,2,30,60,26,607,685,624,63,1,3,5,498,96,482,4,26,10,238,37,604,3,10,10,2943,191,53,212,9,0,2,3,3,23,1,41,7,10,60,23,229,227,57,116,19,79,218,70,30,121,593,117,2482,148,4886,78,5479,8748,438,66,23,2155,1123,130,28,466,9429,280,152,85,10524,503,8950,46737,704,2525,205,19,40,265,119
0,0,0,0,0,0,0,2,9,0,0,0,0,0,0,0,0,0,1,12,0,1,2,0,16,9,4,3,0,1,0,11,1,39,5,2,3,8,0,43,0,0,1,61,4,1,7,0,0,0,16,26,12,13,0,5,22,90,51,107,373,169,357,84,59,173,66,56,67,134,224,15254,7,141,108,166,78,21010,1433,37,562,225,131,34,75,15178,27,15,104,132,10,2061,704,30702,12012,2,10,717,230,113
0,0,1,2,0,0,0,6,32,0,0,1,2,0,0,4,0,0,1,34,3,6,0,2,69,47,34,2,0,1,1,26,21,51,1,3,3,31,2,47,0,1,4,245,23,2,11,0,0,0,3,4,26,1,2,0,14,63,38,197,232,73,323,131,167,527,76,78,59,423,180,8373,32,645,232,829,357,989,107,91,11368,6796,175,117,499,6913,50,39,235,637,30,565,2525,12012,31171,12,7,50,339,202
24,43,101,351,38,263,641,3,2,14,0,0,0,36,25,144,0,0,3,3,0,15,0,1,9,0,6,0,16,18,5,3,3,1,178,20,31,2,58,0,8,16,32,7,1,1,0,324,17,1,246,235,192,349,5427,1198,0,4,5,65,231,17,7,4,214,97,280,2,56,91,11,95,141,524,5,20,424,34,77,7,11,49,58,81,22,19,727,4721,36,50,7410,285,205,2,12,10092,1121,25,115,35
1,2,9,29,7,27,58,4,3,4,0,0,0,8,5,23,0,0,2,6,0,2,0,1,2,0,0,0,3,6,4,0,1,0,22,11,8,0,13,0,3,2,7,0,0,0,0,23,5,0,12126,1103,847,826,3853,471,3,7,0,11,98,6,7,7,9362,148,236,2,17,34,4,81,16,67,3,24,40,6,14356,3,9,88,591,42,78,16,55,363,18,21,291,16,19,10,7,1121,32898,84,113,5
3,1,5,11,1,3,13,0,6,5,1,1,0,14,4,21,1,1,23,4,0,8,0,0,0,0,1,0,6,11,7,0,3,0,21,34,25,1,25,0,6,12,24,2,0,0,0,6,2,3,275,736,449,313,36,349,6,5,2,7,19969,42,27,9,540,209,418,5,100,24,105,3526,14,21,94,41,14,530,25333,10,41,76,11352,49,53,105,186,353,215,30,91,40,40,717,50,25,84,55182,6966,376
2,5,3,19,0,7,36,3,22,20,3,0,0,34,8,68,1,0,40,17,7,24,0,1,17,0,3,0,8,42,16,2,3,1,50,100,91,4,45,0,22,23,82,11,4,0,0,10,1,10,153,1070,1024,235,53,717,9,8,12,55,14024,226,131,52,1340,4088,1203,30,318,73,1142,1673,42,120,829,235,72,136,1547,19,303,376,12617,200,199,299,679,1007,3004,138,252,45,265,230,339,115,113,6966,33780,9700
0,0,2,11,2,3,5,2,7,7,0,0,0,11,3,13,1,0,14,5,1,10,0,2,4,1,0,1,7,12,3,0,1,1,11,42,41,2,12,0,5,10,20,3,1,0,0,1,0,3,6,31,93,4,11,85,0,4,1,19,4682,109,89,17,289,5016,294,18,135,30,2725,411,16,50,1227,86,47,50,72,15,161,199,358,99,38,151,325,314,7055,40,88,19,119,113,202,35,5,376,9700,12222
