13620,3915,11906,1332,10409,1578,696,1,0,27,0,1,0,6565,68,112,0,0,1,3,4,108,0,1,1,0,2,1,325,574,1,3,2,0,87,9,24,2,16,0,199,21,30,3,4,6,0,238,2751,3,7,28,4,34,19,21,0,0,0,0,5,0,0,0,8,0,1,0,0,0,0,3,0,0,0,0,0,0,1,0,0,1,3,0,0,0,0,2,1,0,0,0,0,0,0,56,4,1,2,0
3915,20152,4132,15832,611,710,1565,1,5,94,5,4,1,4523,1280,250,1,0,3,2,6,257,0,1,0,0,0,5,245,729,3,0,3,1,105,6,39,1,34,0,426,127,29,1,0,6,1,603,453,10,12,56,12,22,39,68,0,0,0,0,0,0,0,0,13,3,3,0,0,0,0,5,0,1,0,0,0,0,4,0,0,0,4,0,0,0,0,5,0,0,1,0,0,0,0,121,9,2,1,0
11906,4132,20569,5662,5698,4299,5618,3,6,80,5,3,2,1049,34,33,0,0,2,4,6,355,2,3,2,2,4,5,337,830,1,0,3,1,20,5,18,2,60,3,623,117,22,4,0,11,1,330,680,10,211,730,6,1382,83,58,0,0,0,0,2,0,0,0,12,1,2,0,0,0,0,6,0,1,0,0,0,0,6,0,0,0,7,0,0,0,3,4,0,0,1,0,0,0,0,89,17,3,2,0
1332,15832,5662,32144,327,1179,9395,7,11,279,3,5,6,6258,4728,5835,0,0,14,20,8,463,5,3,6,1,1,6,307,1203,114,2,8,1,650,57,105,1,118,1,655,241,666,7,4,7,0,1840,390,26,22,51,27,280,56,109,1,0,0,1,8,0,0,0,23,2,1,0,0,1,0,7,0,0,0,0,0,0,10,0,0,0,5,1,0,0,0,3,0,1,0,0,0,0,0,241,18,1,8,0
10409,611,5698,327,15782,15987,1236,0,0,3,0,0,0,2493,19,63,0,0,0,0,0,28,1,0,0,1,4,0,140,236,5,0,1,1,51,7,23,0,37,1,64,6,16,3,0,1,2,255,4998,2,2,28,4,30,25,32,0,0,0,0,0,0,0,0,7,1,0,0,0,0,0,1,0,0,0,0,0,0,1,0,0,1,0,0,0,0,0,2,0,0,0,0,0,0,0,47,4,0,0,0
1578,710,4299,1179,15987,20991,11957,1,7,40,2,3,0,348,66,129,0,1,1,1,4,63,2,1,9,1,23,2,107,135,2,4,1,2,460,16,65,2,326,13,117,19,39,12,1,2,2,2355,2657,6,121,165,33,479,152,179,0,0,0,0,5,0,0,0,23,3,17,0,1,0,1,6,0,0,0,0,0,0,12,0,0,0,5,0,0,0,2,5,0,0,0,0,0,0,0,215,21,3,0,1
696,1565,5618,9395,1236,11957,14475,3,52,213,3,10,4,1043,241,3588,3,0,20,16,15,373,6,12,18,1,5,2,211,510,57,2,10,1,3467,56,192,4,499,1,385,139,271,8,3,5,3,3522,224,25,24,73,22,579,91,151,0,0,0,0,3,0,0,0,22,7,3,0,0,0,0,7,0,0,0,0,0,0,6,0,0,0,6,0,0,0,2,8,1,2,2,0,0,0,0,281,21,6,2,1
1,1,3,7,0,1,3,54134,10792,145,833,861,7180,101,100,1650,2908,5365,5816,11022,205,1291,300,313,533,63,260,12,18,143,578,185,2170,32,22,70,3457,337,31,10,65,64,513,184,773,41,175,5,11,52,0,0,0,0,0,1,44,60,2,211,3,6,12,22,1,2,12,2,15,97,4,4,107,55,1,1,2,0,1,1,2,24,1,0,8,0,44,1,0,6,0,0,2,1,2,0,0,0,0,0
0,5,6,11,0,7,52,10792,67746,349,703,3770,3773,66,54,1220,1246,401,8950,9250,390,1129,731,5268,11757,185,3601,68,23,76,83,422,2250,95,628,4013,11103,528,1215,136,65,57,316,1343,525,125,676,72,9,40,0,1,0,1,0,2,119,147,11,801,5,10,51,64,5,4,25,2,42,247,3,35,247,245,1,14,11,0,3,2,8,88,2,3,42,0,127,10,2,15,1,0,16,2,7,5,0,0,4,2
27,94,80,279,3,40,213,145,349,49985,5329,4563,628,115,94,2069,287,35,871,297,8459,6407,696,178,290,101,162,64,345,772,147,325,1187,66,579,1230,940,92,1186,14,17958,12797,2885,318,199,128,611,239,27,5175,0,4,2,4,5,6,0,2,2,8,9,2,3,1,5,2,13,1,10,8,3,7,2,8,1,9,2,0,3,0,1,7,1,0,5,0,27,9,1,2,3,1,4,1,2,31,3,1,6,1
0,5,5,3,0,2,3,833,703,5329,4688,7521,453,35,26,887,181,76,1100,199,1278,3722,1901,65,266,27,137,28,33,81,87,65,519,27,43,157,282,33,75,9,173,124,408,223,50,143,268,5,0,33,1,0,1,0,0,1,2,1,1,7,2,0,3,0,0,1,2,0,2,6,0,2,0,12,0,7,3,0,0,1,3,8,0,0,6,1,10,0,0,4,0,1,7,2,2,2,0,0,0,0
1,4,3,5,0,3,10,861,3770,4563,7521,26876,8880,38,23,622,4474,748,1193,942,5374,2296,2966,188,1428,39,558,16,57,237,708,181,5346,30,82,196,1184,130,115,10,309,298,1109,318,185,108,1248,17,0,93,0,0,1,0,1,1,10,13,3,29,0,6,17,18,0,1,6,2,5,70,1,18,11,65,1,8,6,0,0,0,3,70,0,0,23,0,19,0,1,10,1,2,11,0,5,2,0,0,0,0
0,1,2,6,0,0,4,7180,3773,628,453,8880,25573,88,49,402,10464,1312,496,1742,956,321,191,82,932,27,410,4,56,379,1137,138,8474,7,22,62,1054,65,43,0,209,272,1154,90,387,13,253,4,8,189,0,0,0,0,0,1,26,24,1,90,0,4,15,31,1,2,7,0,2,86,0,13,33,80,0,0,4,0,0,2,2,41,0,1,10,0,6,0,0,4,1,0,1,0,0,1,0,0,0,0
6565,4523,1049,6258,2493,348,1043,101,66,115,35,38,88,55128,8482,2955,11,7,62,183,34,333,27,10,68,39,38,21,4161,26095,264,90,144,29,1293,196,403,81,303,10,976,1125,2788,53,158,25,56,1840,13091,2340,27,63,25,28,51,112,0,0,0,3,9,0,0,0,26,5,6,0,1,2,0,7,1,4,0,0,0,0,10,0,1,2,11,0,1,0,5,6,1,0,2,1,0,0,2,276,14,0,6,0
68,1280,34,4728,19,66,241,100,54,94,26,23,49,8482,10886,2621,15,8,75,142,14,231,25,6,23,17,18,6,197,1629,337,34,65,7,821,239,135,33,242,1,347,430,9390,31,70,12,15,652,103,3027,3,4,7,4,12,13,1,0,0,2,3,0,2,1,6,2,3,0,0,1,0,5,2,3,0,0,1,0,3,0,0,1,0,0,3,0,1,1,0,0,1,0,2,0,0,44,2,0,1,0
112,250,33,5835,63,129,3588,1650,1220,2069,887,622,402,2955,2621,32108,295,467,9636,654,933,1350,120,70,197,20,63,11,247,1199,12719,60,308,11,4336,2510,1214,67,816,2,771,470,14892,87,162,22,101,828,184,391,3,10,5,3,12,27,2,1,4,8,26,1,0,2,13,4,24,0,12,6,7,13,5,3,0,0,3,0,7,0,0,6,10,1,1,0,46,14,5,1,8,0,0,1,0,91,7,6,8,1
0,1,0,0,0,0,3,2908,1246,287,181,4474,10464,11,15,295,7358,3808,353,68,7467,113,66,71,43,2,18,2,10,70,3867,27,520,1,21,49,535,9,23,0,25,64,674,23,20,8,69,1,0,42,0,0,0,0,0,0,1,1,2,6,1,1,0,0,0,1,0,0,1,0,1,1,0,0,0,0,0,0,0,0,0,2,0,0,0,0,6,1,0,0,0,0,1,0,0,0,0,0,0,0
0,0,0,0,0,1,0,5365,401,35,76,748,1312,7,8,467,3808,3092,515,112,733,62,32,84,53,3,22,2,2,17,1899,40,542,2,8,26,885,8,4,1,4,15,153,17,103,4,59,0,0,7,0,0,0,0,0,0,2,1,0,7,0,0,1,0,0,0,0,0,0,2,0,0,1,3,0,0,0,0,0,0,0,1,0,0,0,0,8,0,0,1,0,0,0,0,1,0,0,0,0,0
1,3,2,14,0,1,20,5816,8950,871,1100,1193,496,62,75,9636,353,515,12424,973,1000,1344,206,1312,378,24,86,7,26,124,740,70,352,12,129,3061,1593,92,697,0,102,86,735,149,158,36,132,13,4,51,0,0,0,0,0,1,0,5,18,27,25,1,3,3,1,1,9,2,39,5,6,7,6,11,3,1,4,0,1,1,2,6,4,0,3,1,110,10,1,2,0,0,2,0,0,0,0,1,2,2
3,2,4,20,0,1,16,11022,9250,297,199,942,1742,183,142,654,68,112,973,28052,135,686,687,79,6597,296,1526,60,51,303,266,752,4580,98,122,372,439,7501,88,12,157,130,751,1744,3832,98,700,16,6,102,0,1,1,0,0,0,41,44,3,148,0,16,95,34,2,3,4,5,8,174,1,37,45,264,4,6,17,1,1,2,7,172,2,2,90,6,10,4,1,23,0,2,20,2,11,1,0,1,1,1
4,6,6,8,0,4,15,205,390,8459,1278,5374,956,34,14,933,7467,733,1000,135,16199,473,235,117,137,21,58,13,77,425,1902,121,967,17,92,381,514,44,320,3,578,862,9083,82,115,20,246,14,4,503,0,0,0,0,1,0,0,0,1,1,3,0,0,0,0,0,1,0,5,3,0,3,0,2,1,1,2,0,0,0,1,6,1,0,5,0,9,1,0,1,0,0,1,0,1,2,0,0,0,1
108,257,355,463,28,63,373,1291,1129,6407,3722,2296,321,333,231,1350,113,62,1344,686,473,25952,5238,91,736,335,585,1057,6158,819,139,446,557,475,406,467,544,197,543,208,21959,2276,888,1734,305,5185,818,222,73,272,6,6,2,6,13,24,3,6,1,13,11,4,7,7,4,1,7,2,7,25,4,37,7,37,2,42,38,4,5,0,19,32,4,2,14,17,13,6,0,12,4,22,50,1,16,47,2,3,6,0
0,0,2,5,1,2,6,300,731,696,1901,2966,191,27,25,120,66,32,206,687,235,5238,12698,81,2544,712,2092,418,83,97,70,1551,3647,303,27,75,155,433,116,151,99,71,185,3965,385,3801,8061,29,7,26,0,0,0,0,0,0,2,2,2,12,0,5,26,6,0,2,1,0,2,31,1,127,5,64,1,87,120,1,1,0,50,108,3,5,86,13,2,2,1,47,1,15,134,8,72,1,0,0,0,0
1,1,3,3,0,1,12,313,5268,178,65,188,82,10,6,70,71,84,1312,79,117,91,81,3588,685,34,389,12,7,16,8,57,123,13,466,5796,1888,52,7291,15,28,24,89,277,53,9,86,52,4,6,0,0,0,0,0,1,1,2,1,2,1,0,5,2,1,0,0,2,2,8,0,2,1,5,0,0,1,0,0,0,1,7,2,0,7,0,6,0,0,1,0,1,2,1,3,1,0,0,0,0
1,0,2,6,0,9,18,533,11757,290,266,1428,932,68,23,197,43,53,378,6597,137,736,2544,685,18454,561,9768,199,45,182,73,1453,4934,259,200,662,797,2903,668,390,101,109,294,9443,2167,324,2281,195,23,53,0,0,3,0,0,1,29,19,6,102,1,10,91,43,2,8,6,2,9,164,1,144,28,316,0,35,57,2,1,1,19,276,1,9,187,13,6,1,2,73,0,11,69,8,37,0,0,0,0,1
0,0,2,1,1,1,1,63,185,101,27,39,27,39,17,20,2,3,24,296,21,335,712,34,561,23790,1078,448,37,92,25,17040,304,11857,8,24,36,13087,89,310,61,27,72,17246,2031,942,3824,25,5,26,0,0,0,0,0,0,0,0,0,9,2,2,7,1,0,1,1,1,0,3,0,64,3,13,0,85,58,4,1,0,44,25,0,0,16,20,0,0,0,25,0,24,102,4,48,0,1,0,1,0
2,0,4,1,4,23,5,260,3601,162,137,558,410,38,18,63,18,22,86,1526,58,585,2092,389,9768,1078,12121,677,40,107,38,2078,1940,811,98,159,1366,1264,1388,5445,64,55,134,12585,1528,837,2940,406,63,37,0,0,0,0,0,1,13,6,0,31,0,5,20,29,2,4,5,0,2,74,4,101,3,109,0,94,113,7,0,1,36,96,3,4,66,26,5,0,1,35,2,101,117,12,47,1,0,0,0,1
1,5,5,6,0,2,2,12,68,64,28,16,4,21,6,11,2,2,7,60,13,1057,418,12,199,448,677,78525,360,79,4,1059,72,19567,2,5,39,175,67,19233,169,26,22,2057,151,22485,7926,37,2,9,0,0,0,0,0,0,0,0,0,0,0,0,2,0,0,0,0,0,1,1,0,13,0,4,0,21,30,4,0,1,13,5,0,0,5,23,1,0,1,2,0,60,45,1,14,1,0,0,0,1
325,245,337,307,140,107,211,18,23,345,33,57,56,4161,197,247,10,2,26,51,77,6158,83,7,45,37,40,360,112603,15250,29,59,115,98,148,59,85,31,128,45,26744,685,404,114,59,823,103,168,4868,214,1,10,2,3,8,10,0,0,0,0,1,0,0,0,6,1,2,0,0,1,0,1,0,3,0,2,2,0,0,0,1,1,1,0,1,1,2,4,1,0,3,3,3,0,0,37,2,0,1,1
574,729,830,1203,236,135,510,143,76,772,81,237,379,26095,1629,1199,70,17,124,303,425,819,97,16,182,92,107,79,15250,75518,195,328,732,49,575,265,289,146,353,17,18750,12414,4325,145,498,138,282,407,1292,3460,5,26,9,4,15,26,0,1,0,2,2,0,1,1,11,0,7,0,4,7,0,4,1,3,1,0,2,0,2,0,0,3,5,0,1,0,7,4,0,1,4,0,2,0,0,85,2,0,2,1
1,3,1,114,5,2,57,578,83,147,87,708,1137,264,337,12719,3867,1899,740,266,1902,139,70,8,73,25,38,4,29,195,17488,99,742,8,387,252,270,40,127,1,82,98,16727,31,246,8,101,49,19,126,0,0,1,0,2,1,1,0,0,6,6,0,3,1,3,1,6,0,0,2,0,1,0,8,0,0,0,0,0,0,0,1,2,0,1,1,10,2,0,1,0,0,1,0,1,17,1,1,3,1
3,0,0,2,0,4,2,185,422,325,65,181,138,90,34,60,27,40,70,752,121,446,1551,57,1453,17040,2078,1059,59,328,99,44976,6484,7071,22,40,84,2941,148,654,197,184,379,10389,10179,1399,23858,45,10,116,0,0,0,0,0,0,2,1,1,15,0,3,11,2,1,1,3,0,0,8,0,109,4,46,1,163,127,14,0,2,100,54,1,1,44,62,0,0,0,30,0,69,254,14,82,1,0,0,1,0
2,3,3,8,1,1,10,2170,2250,1187,519,5346,8474,144,65,308,520,542,352,4580,967,557,3647,123,4934,304,1940,72,115,732,742,6484,21383,147,51,154,450,1080,123,34,478,581,1445,2228,7365,156,9962,25,6,286,0,0,2,0,0,1,28,21,1,71,2,7,49,44,3,0,6,0,4,133,1,113,22,210,1,21,40,3,0,3,16,162,1,3,119,2,6,7,1,56,1,1,40,4,20,3,1,1,0,3
0,1,1,1,1,2,1,32,95,66,27,30,7,29,7,11,1,2,12,98,17,475,303,13,259,11857,811,19567,98,49,8,7071,147,43823,7,4,39,621,74,17690,75,21,43,15477,391,6945,20781,34,3,9,1,0,0,0,0,0,0,2,1,3,0,2,3,1,0,0,0,0,0,2,0,23,1,13,0,48,49,15,0,0,38,8,2,1,5,103,0,0,1,10,4,212,131,9,35,1,0,0,0,1
87,105,20,650,51,460,3467,22,628,579,43,82,22,1293,821,4336,21,8,129,122,92,406,27,466,200,8,98,2,148,575,387,22,51,7,4622,2386,928,41,6566,4,398,194,2454,86,21,11,26,3004,169,81,3,13,7,5,9,20,2,0,0,3,13,0,0,3,22,0,7,0,1,0,0,7,1,2,0,0,0,0,4,0,0,0,9,0,3,0,19,7,2,0,2,0,0,2,0,98,5,1,14,1
9,6,5,57,7,16,56,70,4013,1230,157,196,62,196,239,2510,49,26,3061,372,381,467,75,5796,662,24,159,5,59,265,252,40,154,4,2386,11921,2327,101,6461,3,236,162,1328,230,49,15,70,133,22,76,0,5,3,1,1,6,3,1,4,7,19,1,2,1,3,0,10,0,6,7,1,7,5,9,0,0,1,0,4,0,1,3,11,0,1,0,40,6,1,3,1,0,0,1,0,22,2,3,12,2
24,39,18,105,23,65,192,3457,11103,940,282,1184,1054,403,135,1214,535,885,1593,439,514,544,155,1888,797,36,1366,39,85,289,270,84,450,39,928,2327,2463,57,7058,290,383,224,1472,367,107,51,159,2034,72,120,1,2,1,1,2,4,29,31,7,187,6,1,7,15,3,3,11,4,12,35,1,11,154,47,0,1,5,0,0,0,1,7,0,0,3,3,102,11,2,3,1,7,9,0,3,38,2,2,6,0
2,1,2,1,0,2,4,337,528,92,33,130,65,81,33,67,9,8,92,7501,44,197,433,52,2903,13087,1264,175,31,146,40,2941,1080,621,41,101,57,21244,78,86,55,51,189,21399,5973,173,1199,26,7,22,0,0,0,0,0,0,2,3,0,5,1,5,27,2,0,2,1,1,1,14,0,90,6,83,1,34,48,1,0,2,24,107,0,3,99,4,0,0,0,35,1,5,44,1,26,2,0,0,1,0
16,34,60,118,37,326,499,31,1215,1186,75,115,43,303,242,816,23,4,697,88,320,543,116,7291,668,89,1388,67,128,353,127,148,123,74,6566,6461,7058,78,33845,550,423,277,1723,692,70,58,173,6836,185,118,1,8,4,5,4,6,0,1,0,10,21,0,0,3,10,1,9,0,0,2,0,4,2,8,0,1,4,0,6,0,1,5,13,0,4,2,29,15,2,2,3,11,5,0,3,50,2,3,11,2
0,0,3,1,1,13,1,10,136,14,9,10,0,10,1,2,0,1,0,12,3,208,151,15,390,310,5445,19233,45,17,1,654,34,17690,4,3,290,86,550,42701,25,10,6,16643,63,2022,2054,256,19,1,0,0,0,0,0,0,0,0,0,2,0,0,1,0,0,0,0,0,0,1,0,33,0,26,0,45,132,47,1,0,34,1,0,0,2,161,2,0,0,4,4,641,160,14,33,4,1,0,1,0
199,426,623,655,64,117,385,65,65,17958,173,309,209,976,347,771,25,4,102,157,578,21959,99,28,101,61,64,169,26744,18750,82,197,478,75,398,236,383,55,423,25,89496,12339,1408,126,207,331,202,311,99,1015,4,13,4,6,12,12,1,1,0,2,8,1,0,0,6,0,12,0,0,2,1,4,2,2,0,1,1,0,1,0,0,0,3,0,0,0,11,6,0,0,3,3,1,0,0,56,5,1,4,1
21,127,117,241,6,19,139,64,57,12797,124,298,272,1125,430,470,64,15,86,130,862,2276,71,24,109,27,55,26,685,12414,98,184,581,21,194,162,224,51,277,10,12339,24171,2932,82,216,53,207,103,24,7351,0,2,2,3,3,3,0,0,0,2,1,0,3,1,4,1,1,0,0,2,0,1,0,6,0,0,4,0,1,1,0,3,3,0,0,0,4,0,1,1,0,0,1,0,0,22,0,0,1,0
30,29,22,666,16,39,271,513,316,2885,408,1109,1154,2788,9390,14892,674,153,735,751,9083,888,185,89,294,72,134,22,404,4325,16727,379,1445,43,2454,1328,1472,189,1723,6,1408,2932,51747,185,643,43,340,576,119,9909,1,12,7,4,7,26,3,3,0,6,20,0,5,3,10,3,11,0,0,12,0,13,7,16,0,0,1,0,4,1,2,9,7,0,4,0,31,7,2,2,0,0,6,0,3,74,6,3,18,2
3,1,4,7,3,12,8,184,1343,318,223,318,90,53,31,87,23,17,149,1744,82,1734,3965,277,9443,17246,12585,2057,114,145,31,10389,2228,15477,86,230,367,21399,692,16643,126,82,185,102407,2189,3853,10115,271,34,34,0,0,1,0,0,1,3,6,1,18,0,1,20,4,0,1,4,1,2,22,2,188,5,77,1,230,139,13,1,2,137,90,0,5,85,96,3,1,1,61,1,156,337,18,148,2,1,0,2,1
4,0,0,4,0,1,3,773,525,199,50,185,387,158,70,162,20,103,158,3832,115,305,385,53,2167,2031,1528,151,59,498,246,10179,7365,391,21,49,107,5973,70,63,207,216,643,2189,11769,121,1766,16,11,168,1,0,1,1,0,1,3,2,1,17,1,4,32,5,1,3,4,2,0,34,1,81,3,117,1,27,53,1,2,0,16,158,1,0,141,4,1,4,0,49,0,7,48,1,24,0,0,0,0,0
6,6,11,7,1,2,5,41,125,128,143,108,13,25,12,22,8,4,36,98,20,5185,3801,9,324,942,837,22485,823,138,8,1399,156,6945,11,15,51,173,58,2022,331,53,43,3853,121,15921,16032,44,5,21,0,0,1,0,0,0,1,0,0,3,0,1,2,0,0,1,0,0,0,4,0,52,1,18,1,68,55,17,3,0,35,8,0,1,8,82,1,0,0,8,1,157,158,8,38,2,0,1,0,0
0,1,1,0,2,2,3,175,676,611,268,1248,253,56,15,101,69,59,132,700,246,818,8061,86,2281,3824,2940,7926,103,282,101,23858,9962,20781,26,70,159,1199,173,2054,202,207,340,10115,1766,16032,47693,74,21,74,0,0,1,0,2,0,2,4,1,10,0,5,15,3,0,3,0,3,1,18,0,157,3,49,1,203,154,10,3,0,107,81,1,1,75,113,4,0,1,68,0,197,331,28,98,2,0,1,1,0
238,603,330,1840,255,2355,3522,5,72,239,5,17,4,1840,652,828,1,0,13,16,14,222,29,52,195,25,406,37,168,407,49,45,25,34,3004,133,2034,26,6836,256,311,103,576,271,16,44,74,8355,825,38,50,209,85,82,152,323,0,1,0,1,14,1,0,0,73,17,19,0,2,1,1,25,3,1,0,0,4,0,25,0,1,0,21,6,2,0,8,23,1,1,7,7,2,1,0,749,56,15,18,1
2751,453,680,390,4998,2657,224,11,9,27,0,0,8,13091,103,184,0,0,4,6,4,73,7,4,23,5,63,2,4868,1292,19,10,6,3,169,22,72,7,185,19,99,24,119,34,11,5,21,825,16265,6,13,35,6,15,38,37,0,0,0,0,3,0,0,0,8,0,2,0,0,0,0,2,0,0,0,0,2,0,5,0,0,0,1,0,2,0,2,1,0,0,0,0,0,0,0,55,3,2,2,1
3,10,10,26,2,6,25,52,40,5175,33,93,189,2340,3027,391,42,7,51,102,503,272,26,6,53,26,37,9,214,3460,126,116,286,9,81,76,120,22,118,1,1015,7351,9909,34,168,21,74,38,6,17715,0,1,0,2,0,0,1,1,0,0,2,0,1,0,0,0,1,0,0,1,0,3,1,1,0,0,0,0,0,0,0,2,0,0,0,0,1,0,0,2,0,0,0,1,0,6,0,1,1,0
7,12,211,22,2,121,24,0,0,0,1,0,0,27,3,3,0,0,0,0,0,6,0,0,0,0,0,0,1,5,0,0,0,1,3,0,1,0,1,0,4,0,1,0,1,0,0,50,13,0,25760,15517,1751,8178,7300,1333,0,1,1,0,17,4,2,0,9896,49,64,0,2,2,0,45,3,10,0,3,0,5,336,0,1,5,123,5,6,2,8,76,5,2,17,1,0,8,2,515,6418,44,32,3
28,56,730,51,28,165,73,0,1,4,0,0,0,63,4,10,0,0,0,1,0,6,0,0,0,0,0,0,10,26,0,0,0,0,13,5,2,0,8,0,13,2,12,0,0,0,0,209,35,1,15517,62861,13982,8839,3102,7247,1,3,0,5,277,14,9,2,8688,87,88,0,6,5,22,447,4,6,4,5,1,10,871,2,6,14,633,28,21,10,31,86,19,0,37,6,6,32,6,596,2160,347,453,28
4,12,6,27,4,33,22,0,0,2,1,1,0,25,7,5,0,0,0,1,0,2,0,0,3,0,0,0,2,9,1,0,2,0,7,3,1,0,4,0,4,2,7,1,1,1,1,85,6,0,1751,13982,29828,443,645,13163,22,21,8,49,212,41,24,33,13948,4105,5359,23,46,72,26,264,8,40,17,19,6,7,732,64,21,101,599,570,77,7,105,540,105,43,75,4,22,22,15,899,1590,174,320,62
34,22,1382,280,30,479,579,0,1,4,0,0,0,28,4,3,0,0,0,0,0,6,0,0,0,0,0,0,3,4,0,0,0,0,5,1,1,0,5,0,6,3,4,0,1,0,0,82,15,2,8178,8839,443,23042,14969,15611,0,0,0,0,18,2,0,1,260,11,39,0,1,1,0,46,0,1,1,0,1,3,168,0,2,1,105,4,2,1,6,41,5,0,97,1,2,8,2,308,706,48,36,3
19,39,83,56,25,152,91,0,0,5,0,1,0,51,12,12,0,0,0,0,1,13,0,0,0,0,0,0,8,15,2,0,0,0,9,1,2,0,4,0,12,3,7,0,0,0,2,152,38,0,7300,3102,645,14969,19551,8718,0,0,0,11,43,1,1,1,848,48,199,0,1,6,2,58,42,45,1,10,32,2,205,0,6,21,64,17,16,3,98,1233,11,9,633,13,15,0,5,3227,3564,25,43,9
21,68,58,109,32,179,151,1,2,6,1,1,1,112,13,27,0,0,1,0,0,24,0,1,1,0,1,0,10,26,1,0,1,0,20,6,4,0,6,0,12,3,26,1,1,0,0,323,37,0,1333,7247,13163,15611,8718,18725,10,10,6,119,330,33,17,16,1629,441,4731,22,144,92,34,235,16,47,25,22,2,8,439,44,18,66,463,304,53,8,218,2128,85,37,240,2,22,10,11,2089,671,162,294,56
0,0,0,1,0,0,0,44,119,0,2,10,26,0,1,2,1,2,0,41,0,3,2,1,29,0,13,0,0,0,1,2,28,0,2,3,29,2,0,0,1,0,3,3,3,1,2,0,0,1,0,1,22,0,0,10,5264,5537,1597,2079,14,76,233,6177,53,86,355,1264,228,1976,43,97,753,676,61,9,20,2,9,368,28,1641,18,170,266,6,127,18,18,28,2,2,34,5,27,0,7,4,12,5
0,0,0,0,0,0,0,60,147,2,1,13,24,0,0,1,1,1,5,44,0,6,2,2,19,0,6,0,0,1,0,1,21,2,0,1,31,3,1,0,1,0,3,6,2,0,4,1,0,1,1,3,21,0,0,10,5537,22818,6587,7108,41,175,327,1707,24,55,564,4883,679,3240,278,234,1449,313,88,41,24,6,8,518,77,736,15,152,434,11,863,45,22,87,12,6,64,12,56,9,4,2,14,6
0,0,0,0,0,0,0,2,11,2,1,3,1,0,0,4,2,0,18,3,1,1,2,1,6,0,0,0,0,0,0,1,1,1,0,4,7,0,0,0,0,0,0,1,1,0,1,0,0,0,1,0,8,0,0,6,1597,6587,3639,1347,137,610,261,669,11,31,1598,2848,2115,365,281,308,89,91,121,52,21,3,5,2160,82,682,4,123,424,11,489,11,35,55,18,2,49,13,63,2,1,5,9,12
0,0,0,1,0,0,0,211,801,8,7,29,90,3,2,8,6,7,27,148,1,13,12,2,102,9,31,0,0,2,6,15,71,3,3,7,187,5,10,2,2,2,6,18,17,3,10,1,0,0,0,5,49,0,11,119,2079,7108,1347,58059,288,1026,1797,2076,37,75,1898,1534,11514,8595,725,1204,9968,10952,103,200,478,25,31,70,292,1863,52,91,1035,69,4393,1012,55,385,197,44,520,64,258,42,5,18,69,58
5,0,2,8,0,5,3,3,5,9,2,0,0,9,3,26,1,0,25,0,3,11,0,1,1,2,0,0,1,2,6,0,2,0,13,19,6,1,21,0,8,1,20,0,1,0,0,14,3,2,17,277,212,18,43,330,14,41,137,288,40942,5218,770,118,423,348,2271,232,758,86,5311,2393,170,80,554,55,19,14,380,137,65,192,647,242,109,21,1093,1005,891,40,441,4,76,52,57,100,48,17474,13192,3706
0,0,0,0,0,0,0,6,10,2,0,6,4,0,0,1,1,0,1,16,0,4,5,0,10,2,5,0,0,0,0,3,7,2,0,1,1,5,0,0,1,0,0,1,4,1,5,1,0,0,4,14,41,2,1,33,76,175,610,1026,5218,6388,5804,471,85,241,862,610,801,206,5795,6064,155,422,348,37,77,26,111,164,46,507,315,325,44,21,309,130,332,65,55,5,155,88,141,8,30,153,632,542
0,0,0,0,0,0,0,12,51,3,3,17,15,0,2,0,0,1,3,95,0,7,26,5,91,7,20,2,0,1,3,11,49,3,0,2,7,27,0,1,0,3,5,20,32,2,15,0,0,1,2,9,24,0,1,17,233,327,261,1797,770,5804,13903,8758,77,378,697,5235,314,980,4273,7146,233,2432,734,54,148,20,83,426,128,7001,188,1028,268,19,236,80,631,219,55,17,333,91,367,17,12,60,287,344
0,0,0,0,0,0,0,22,64,1,0,18,31,0,1,2,0,0,3,34,0,7,6,2,43,1,29,0,0,1,1,2,44,1,3,1,15,2,3,0,0,1,3,4,5,0,3,0,0,0,0,2,33,1,1,16,6177,1707,669,2076,118,471,8758,12650,87,375,743,7933,227,1656,673,331,316,1327,391,18,15,1,33,512,34,3849,78,811,344,7,112,39,332,43,13,1,39,9,54,3,11,14,82,114
8,13,12,23,7,23,22,1,5,5,0,0,1,26,6,13,0,0,1,2,0,4,0,1,2,0,2,0,6,11,3,1,3,0,22,3,3,0,10,0,6,4,10,0,1,0,0,73,8,0,9896,8688,13948,260,848,1629,53,24,11,37,423,85,77,87,72471,12440,1277,44,42,83,60,442,8,48,24,97,14,22,4423,56,115,354,7783,1284,428,35,175,503,199,106,102,3,59,37,57,745,10981,382,1059,279
0,3,1,2,1,3,7,2,4,2,1,1,2,5,2,4,1,0,1,3,0,1,2,0,8,1,4,0,1,0,1,1,0,0,0,0,3,2,1,0,0,1,3,1,3,1,3,17,0,0,49,87,4105,11,48,441,86,55,31,75,348,241,378,375,12440,35488,3036,155,69,127,128,597,22,100,183,115,42,14,1244,257,208,815,5557,5960,667,37,154,391,7305,111,117,4,110,41,152,172,507,235,2141,3004
1,3,2,1,0,17,3,12,25,13,2,6,7,6,3,24,0,0,9,4,1,7,1,0,6,1,5,0,2,7,6,3,6,0,7,10,11,1,9,0,12,1,11,4,4,0,0,19,2,1,64,88,5359,39,199,4731,355,564,1598,1898,2271,862,697,743,1277,3036,46395,1732,10115,919,998,755,211,417,1784,102,59,8,332,7899,145,1105,616,9987,580,30,1110,5595,957,195,513,5,126,29,130,544,266,217,702,439
0,0,0,0,0,0,0,2,2,1,0,2,0,0,0,0,0,0,2,5,0,2,0,2,2,1,0,0,0,0,0,0,0,0,0,0,4,1,0,0,0,0,0,1,2,0,3,0,0,0,0,0,23,0,0,22,1264,4883,2848,1534,232,610,5235,7933,44,155,1732,8770,446,79,6650,398,189,103,5087,18,6,2,18,4820,37,576,69,1645,110,6,277,39,386,16,12,1,28,14,50,1,10,12,73,123
0,0,0,0,0,1,0,15,42,10,2,5,2,1,0,12,1,0,39,8,5,7,2,2,9,0,2,1,0,4,0,0,4,0,1,6,12,1,0,0,0,0,0,2,0,0,1,2,0,0,2,6,46,1,1,144,228,679,2115,11514,758,801,314,227,42,69,10115,446,14588,1163,784,442,4194,1005,329,52,47,7,34,915,64,459,82,191,332,10,2118,5500,116,184,325,7,111,13,54,19,17,51,159,101
0,0,0,1,0,0,0,97,247,8,6,70,86,2,1,6,0,2,5,174,3,25,31,8,164,3,74,1,1,7,2,8,133,2,0,7,35,14,2,1,2,2,12,22,34,4,18,1,0,1,2,5,72,1,6,92,1976,3240,365,8595,86,206,980,1656,83,127,919,79,1163,24503,33,624,503,8743,30,327,122,24,34,85,291,9176,46,172,4318,56,109,283,52,3873,36,12,652,31,191,10,15,12,29,26
0,0,0,0,0,1,0,4,3,3,0,1,0,0,0,7,1,0,6,1,0,4,1,0,1,0,4,0,0,0,0,0,1,0,0,1,1,0,0,0,1,0,0,2,1,0,0,1,0,0,0,22,26,0,2,34,43,278,281,725,5311,5795,4273,673,60,128,998,6650,784,33,17490,1027,265,81,4678,21,21,6,78,2113,39,279,206,632,66,8,641,195,1088,14,89,1,54,17,70,7,10,151,875,2183
3,5,6,7,1,6,7,4,35,7,2,18,13,7,5,13,1,0,7,37,3,37,127,2,144,64,101,13,1,4,1,109,113,23,7,7,11,90,4,33,4,1,13,188,81,52,157,25,2,3,45,447,264,46,58,235,97,234,308,1204,2393,6064,7146,331,442,597,755,398,442,624,1027,42419,289,2916,318,1048,2645,1536,3312,223,1669,5660,1767,635,500,1429,368,328,524,1012,256,394,4874,10925,8499,138,72,2540,2488,550
0,0,0,0,0,0,0,107,247,2,0,11,33,1,2,5,0,1,6,45,0,7,5,1,28,3,3,0,0,1,0,4,22,1,1,5,154,6,2,0,2,0,7,5,3,1,3,3,0,1,3,4,8,0,42,16,753,1449,89,9968,170,155,233,316,8,22,211,189,4194,503,265,289,6035,2075,47,96,306,5,19,16,64,418,25,18,197,14,2533,5337,23,101,2147,52,251,11,89,180,18,19,47,26
0,1,1,0,0,0,0,55,245,8,12,65,80,4,3,3,0,3,11,264,2,37,64,5,316,13,109,4,3,3,8,46,210,13,2,9,47,83,8,26,2,6,16,77,117,18,49,1,0,1,10,6,40,1,45,47,676,313,91,10952,80,422,2432,1327,48,100,417,103,1005,8743,81,2916,2075,24581,52,1289,7686,146,31,54,961,7626,64,174,3605,360,941,849,74,4467,676,922,5905,152,968,215,27,18,58,37
0,0,0,0,0,0,0,1,1,1,0,1,0,0,0,0,0,0,3,4,1,2,1,0,0,0,0,0,0,1,0,1,1,0,0,0,0,1,0,0,0,0,0,1,1,1,1,0,0,0,0,4,17,1,1,25,61,88,121,103,554,348,734,391,24,183,1784,5087,329,30,4678,318,47,52,12263,17,13,1,35,7620,54,362,103,5897,99,5,201,100,3401,19,49,3,30,3,43,3,8,40,238,3197
0,0,0,0,0,0,0,1,14,9,7,8,0,0,0,0,0,0,1,6,1,42,87,0,35,85,94,21,2,0,0,163,21,48,0,0,1,34,1,45,1,0,0,230,27,68,203,0,0,0,3,5,19,0,10,22,9,41,52,200,55,37,54,18,97,115,102,18,52,327,21,1048,96,1289,17,42431,2939,415,70,29,13378,453,95,110,4678,8647,39,34,36,10702,96,706,23291,565,1425,47,24,30,67,29
0,0,0,0,0,0,0,2,11,2,3,6,4,0,1,3,0,0,4,17,2,38,120,1,57,58,113,30,2,2,0,127,40,49,0,1,5,48,4,132,1,4,1,139,53,55,154,4,2,0,0,1,6,1,32,2,20,24,21,478,19,77,148,15,14,42,59,6,47,122,21,2645,306,7686,13,2939,16903,506,27,20,1894,1018,30,56,918,1111,236,71,33,959,375,7492,15181,267,1794,173,22,17,24,17
0,0,0,0,0,0,0,0,0,0,0,0,0,0,0,0,0,0,0,1,0,4,1,0,2,4,7,4,0,0,0,14,3,15,0,0,0,1,0,47,0,0,0,13,1,17,10,0,0,0,5,10,7,3,2,8,2,6,3,25,14,26,20,1,22,14,8,2,7,24,6,1536,5,146,1,415,506,55406,914,3,434,38,283,13,72,22754,12,7,8,117,15,22478,1837,19460,1677,12,10,239,55,12
1,4,6,10,1,12,6,1,3,3,0,0,0,10,3,7,0,0,1,1,0,5,1,0,1,1,0,0,0,2,0,0,0,0,4,4,0,0,6,1,1,1,4,1,2,3,3,25,5,0,336,871,732,168,205,439,9,8,5,31,380,111,83,33,4423,1244,332,18,34,34,78,3312,19,31,35,70,27,914,139353,16,101,133,24335,310,179,521,161,238,271,30,80,128,82,1128,154,238,12844,21629,1686,306
0,0,0,0,0,0,0,1,2,0,1,0,2,0,0,0,0,0,1,2,0,0,0,0,1,0,1,1,0,0,0,2,3,0,0,0,0,2,0,0,0,1,1,2,0,0,0,0,0,0,0,2,64,0,0,44,368,518,2160,70,137,164,426,512,56,257,7899,4820,915,85,2113,223,16,54,7620,29,20,3,16,4136,62,544,44,5877,257,11,41,52,433,34,17,3,43,7,62,2,5,13,67,85
0,0,0,0,0,0,0,2,8,1,3,3,2,1,0,0,0,0,2,7,1,19,50,1,19,44,36,13,1,0,0,100,16,38,0,1,1,24,1,34,0,0,2,137,16,35,107,1,0,0,1,6,21,2,6,18,28,77,82,292,65,46,128,34,115,208,145,37,64,291,39,1669,64,961,54,13378,1894,434,101,62,16073,2624,144,199,4615,11971,46,26,94,1250,65,638,5941,1303,11892,41,20,62,91,56
1,0,0,0,1,0,0,24,88,7,8,70,41,2,1,6,2,1,6,172,6,32,108,7,276,25,96,5,1,3,1,54,162,8,0,3,7,107,5,1,0,3,9,90,158,8,81,0,0,2,5,14,101,1,21,66,1641,736,682,1863,192,507,7001,3849,354,815,1105,576,459,9176,279,5660,418,7626,362,453,1018,38,133,544,2624,28719,307,1254,12963,194,160,177,510,2246,163,48,2437,125,5733,77,77,43,211,194
3,4,7,5,0,5,6,1,2,1,0,0,0,11,0,10,0,0,4,2,1,4,3,2,1,0,3,0,1,5,2,1,1,2,9,11,0,0,13,0,3,3,7,0,1,0,1,21,1,0,123,633,599,105,64,463,18,15,4,52,647,315,188,78,7783,5557,616,69,82,46,206,1767,25,64,103,95,30,283,24335,44,144,307,43426,829,350,243,310,376,958,69,123,57,117,553,156,127,882,7241,13956,1706
0,0,0,1,0,0,0,0,3,0,0,0,1,0,0,1,0,0,0,2,0,2,5,0,9,0,4,0,0,0,0,1,3,1,0,0,0,3,0,0,0,0,0,5,0,1,1,6,0,0,5,28,570,4,17,304,170,152,123,91,242,325,1028,811,1284,5960,9987,1645,191,172,632,635,18,174,5897,110,56,13,310,5877,199,1254,829,23919,610,29,114,275,13650,124,43,5,138,37,176,52,130,91,436,761
0,0,0,0,0,0,0,8,42,5,6,23,10,1,3,1,0,0,3,90,5,14,86,7,187,16,66,5,1,1,1,44,119,5,3,1,3,99,4,2,0,0,4,85,141,8,75,2,2,0,6,21,77,2,16,53,266,434,424,1035,109,44,268,344,428,667,580,110,332,4318,66,500,197,3605,99,4678,918,72,179,257,4615,12963,350,610,15358,473,84,93,176,7828,104,60,2924,83,559,49,95,60,163,81
0,0,0,0,0,0,0,0,0,0,1,0,0,0,0,0,0,0,1,6,0,17,13,0,13,20,26,23,1,0,1,62,2,103,0,0,3,4,2,161,0,0,0,96,4,82,113,0,0,0,2,10,7,1,3,8,6,11,11,69,21,21,19,7,35,37,30,6,10,56,8,1429,14,360,5,8647,1111,22754,521,11,11971,194,243,29,473,52565,15,13,20,695,21,10584,10618,19443,5618,17,12,228,113,13
0,0,3,0,0,2,2,44,127,27,10,19,6,5,1,46,6,8,110,10,9,13,2,6,6,0,5,1,2,7,10,0,6,0,19,40,102,0,29,2,11,4,31,3,1,1,4,8,2,1,8,31,105,6,98,218,127,863,489,4393,1093,309,236,112,175,154,1110,277,2118,109,641,368,2533,941,201,39,236,12,161,41,46,160,310,114,84,15,2851,4290,195,47,4790,67,94,11,49,839,83,153,541,234
2,5,4,3,2,5,8,1,10,9,0,0,0,6,1,14,1,0,10,4,1,6,2,0,1,0,0,0,4,4,2,0,7,0,7,6,11,0,15,0,6,0,7,1,4,0,0,23,1,0,76,86,540,41,1233,2128,18,45,11,1012,1005,130,80,39,503,391,5595,39,5500,283,195,328,5337,849,100,34,71,7,238,52,26,177,376,275,93,13,4290,17588,263,73,10150,22,117,10,23,2025,192,172,455,156
1,0,0,0,0,0,1,0,2,1,0,1,0,1,0,5,0,0,1,1,0,0,1,0,2,0,1,1,1,0,0,0,1,1,2,1,2,0,2,0,0,1,2,1,0,0,1,1,0,0,5,19,105,5,11,85,18,22,35,55,891,332,631,332,199,7305,957,386,116,52,1088,524,23,74,3401,36,33,8,271,433,94,510,958,13650,176,20,195,263,19391,37,84,4,80,23,94,23,43,174,2533,11526
0,0,0,1,0,0,2,6,15,2,4,10,4,0,0,1,0,1,2,23,1,12,47,1,73,25,35,2,0,1,1,30,56,10,0,3,3,35,2,4,0,1,2,61,49,8,68,1,0,2,2,0,43,0,9,37,28,87,55,385,40,65,219,43,106,111,195,16,184,3873,14,1012,101,4467,19,10702,959,117,30,34,1250,2246,69,124,7828,695,47,73,37,30817,76,136,20764,89,569,30,32,16,36,24
0,1,1,0,0,0,2,0,1,3,0,1,1,2,1,8,0,0,0,0,0,4,1,0,0,0,2,0,3,4,0,0,1,4,2,1,1,1,3,4,3,0,0,1,0,1,0,7,0,0,17,37,75,97,633,240,2,12,18,197,441,55,55,13,102,117,513,12,325,36,89,256,2147,676,49,96,375,15,80,17,65,163,123,43,104,21,4790,10150,84,76,16151,137,213,22,58,5322,96,82,201,79
0,0,0,0,0,0,0,0,0,1,1,2,0,1,0,0,0,0,0,2,0,22,15,1,11,24,101,60,3,0,0,69,1,212,0,0,7,5,11,641,3,0,0,156,7,157,197,7,0,0,1,6,4,1,13,2,2,6,2,44,4,5,17,1,3,4,5,1,7,12,1,394,52,922,3,706,7492,22478,128,3,638,48,57,5,60,10584,67,22,4,136,137,50234,15298,1412,700,68,9,32,20,2
0,0,0,0,0,0,0,2,16,4,7,11,1,0,2,0,1,0,2,20,1,50,134,2,69,102,117,45,3,2,1,254,40,131,0,0,9,44,5,160,1,1,6,337,48,158,331,2,0,0,0,6,22,2,15,22,34,64,49,520,76,155,333,39,59,110,126,28,111,652,54,4874,251,5905,30,23291,15181,1837,82,43,5941,2437,117,138,2924,10618,94,117,80,20764,213,15298,84871,1235,4098,84,22,57,78,42
0,0,0,0,0,0,0,1,2,1,2,0,0,0,0,1,0,0,0,2,0,1,8,1,8,4,12,1,0,0,0,14,4,9,2,1,0,1,0,14,0,0,0,18,1,8,28,1,0,1,8,32,22,8,0,10,5,12,13,64,52,88,91,9,37,41,29,14,13,31,17,10925,11,152,3,565,267,19460,1128,7,1303,125,553,37,83,19443,11,10,23,89,22,1412,1235,18245,9809,15,14,581,237,28
0,0,0,0,0,0,0,2,7,2,2,5,0,2,0,0,0,1,0,11,1,16,72,3,37,48,47,14,0,0,1,82,20,35,0,0,3,26,3,33,0,0,3,148,24,38,98,0,0,0,2,6,15,2,5,11,27,56,63,258,57,141,367,54,57,152,130,50,54,191,70,8499,89,968,43,1425,1794,1677,154,62,11892,5733,156,176,559,5618,49,23,94,569,58,700,4098,9809,13723,31,14,90,78,57
56,121,89,241,47,215,281,0,5,31,2,2,1,276,44,91,0,0,0,1,2,47,1,1,0,0,1,1,37,85,17,1,3,1,98,22,38,2,50,4,56,22,74,2,0,2,2,749,55,6,515,596,899,308,3227,2089,0,9,2,42,100,8,17,3,745,172,544,1,19,10,7,138,180,215,3,47,173,12,238,2,41,77,127,52,49,17,839,2025,23,30,5322,68,84,15,31,10953,893,71,128,23
4,9,17,18,4,21,21,0,0,3,0,0,0,14,2,7,0,0,0,0,0,2,0,0,0,1,0,0,2,2,1,0,1,0,5,2,2,0,2,1,5,0,6,1,0,0,0,56,3,0,6418,2160,1590,706,3564,671,7,4,1,5,48,30,12,11,10981,507,266,10,17,15,10,72,18,27,8,24,22,10,12844,5,20,77,882,130,95,12,83,192,43,32,96,9,22,14,14,893,36027,113,104,32
1,2,3,1,0,3,6,0,0,1,0,0,0,0,0,6,0,0,1,1,0,3,0,0,0,0,0,0,0,0,1,0,1,0,1,3,2,0,3,0,1,0,3,0,0,1,1,15,2,1,44,347,174,48,25,162,4,2,5,18,17474,153,60,14,382,235,217,12,51,12,151,2540,19,18,40,30,17,239,21629,13,62,43,7241,91,60,228,153,172,174,16,82,32,57,581,90,71,113,39744,4369,321
2,1,2,8,0,0,2,0,4,6,0,0,0,6,1,8,0,0,2,1,0,6,0,0,0,1,0,0,1,2,3,1,0,0,14,12,6,1,11,1,4,1,18,2,0,0,1,18,2,1,32,453,320,36,43,294,12,14,9,69,13192,632,287,82,1059,2141,702,73,159,29,875,2488,47,58,238,67,24,55,1686,67,91,211,13956,436,163,113,541,455,2533,36,201,20,78,237,78,128,104,4369,26928,8094
0,0,0,0,0,1,1,0,2,1,0,0,0,0,0,1,0,0,2,1,1,0,0,0,1,0,1,1,1,1,1,0,3,1,1,2,0,0,2,0,1,0,2,1,0,0,0,1,1,0,3,28,62,3,9,56,5,6,12,58,3706,542,344,114,279,3004,439,123,101,26,2183,550,26,37,3197,29,17,12,306,85,56,194,1706,761,81,13,234,156,11526,24,79,2,42,28,57,23,32,321,8094,13529
