15516,3109,11259,2074,11004,4670,860,1,2,14,0,0,1,9171,549,81,0,0,1,2,2,123,1,4,1,1,1,20,263,482,7,0,0,5,88,15,4,0,20,6,114,18,15,10,1,14,4,115,2608,2,0,34,4,58,10,11,0,0,0,0,1,0,0,0,2,1,1,0,0,0,0,0,0,0,0,0,0,0,4,0,0,0,0,0,0,0,2,7,0,0,1,0,0,0,0,34,2,0,0,0
3109,12757,5651,13854,634,1545,1829,0,7,52,1,0,0,4570,1894,132,1,0,2,1,2,203,1,2,3,0,1,14,207,602,8,1,1,5,160,7,8,0,43,7,251,60,14,8,2,11,2,218,448,10,3,10,7,21,36,37,0,0,0,0,0,0,0,0,7,0,7,0,1,0,0,1,0,0,0,0,0,0,2,0,0,2,1,1,1,0,5,2,0,0,8,0,0,0,0,88,2,0,3,0
11259,5651,15573,6642,3607,5064,3497,1,6,83,3,3,3,1513,430,62,0,0,3,0,3,437,2,7,3,1,3,24,431,1067,1,6,6,20,59,8,12,0,22,5,457,112,27,11,5,33,6,131,583,16,196,664,12,1691,91,88,0,0,0,0,2,0,0,0,20,3,3,0,1,1,0,0,0,0,0,1,0,0,2,0,1,0,0,0,0,2,5,11,0,0,3,2,0,0,0,76,5,1,0,0
2074,13854,6642,33964,465,1153,10106,1,23,189,2,6,2,5411,8777,5940,2,0,4,6,8,461,3,19,7,1,6,24,348,1277,323,5,10,10,739,135,25,2,207,6,468,166,777,12,5,28,6,633,432,75,14,24,19,98,60,78,0,0,0,0,2,0,0,0,26,0,14,0,4,0,1,1,0,1,0,0,1,0,8,0,0,3,5,1,0,0,7,22,0,0,15,1,0,0,0,247,7,1,3,0
11004,634,3607,465,20096,19265,1035,1,15,17,1,0,0,4195,135,103,0,0,2,0,1,38,2,3,9,0,13,11,162,217,12,1,2,4,123,18,12,2,118,7,38,11,31,14,1,5,1,709,6946,5,1,28,1,24,11,17,0,0,0,0,1,0,0,0,4,0,10,0,0,0,0,1,0,0,0,0,0,0,2,0,0,0,2,0,0,0,5,8,0,0,4,0,0,0,0,39,2,0,0,0
4670,1545,5064,1153,19265,25627,16061,0,66,116,3,2,1,1107,338,314,0,0,9,4,8,181,8,42,47,6,81,33,265,421,38,9,8,20,842,121,109,6,785,70,185,54,98,53,8,26,23,5235,3071,19,121,90,21,1822,654,335,0,0,0,1,0,1,0,0,32,1,12,0,1,0,0,2,2,0,0,0,1,1,9,0,0,0,5,1,0,2,18,16,1,0,25,0,2,0,3,245,19,2,1,0
860,1829,3497,10106,1035,16061,18663,3,66,220,10,2,3,1395,740,4088,2,0,13,8,12,375,5,101,13,3,10,17,276,763,42,10,4,11,3771,350,41,2,318,6,325,119,144,8,2,18,8,2020,396,51,27,41,38,228,100,151,0,0,0,3,5,1,2,0,44,5,19,0,0,0,0,5,0,2,0,1,0,0,16,0,0,1,11,4,0,1,25,29,2,0,25,0,0,0,1,436,15,2,4,2
1,0,1,1,1,0,3,49581,14276,222,1773,3059,9972,108,54,1341,3259,3935,3539,5904,909,2104,569,147,835,31,83,34,34,224,923,259,3558,46,17,131,1088,274,44,10,46,68,899,180,1568,92,473,3,4,177,0,0,1,0,0,0,47,91,39,416,9,7,18,23,1,2,24,5,40,118,4,9,83,120,2,3,3,0,0,6,3,37,1,1,9,1,325,18,2,3,2,0,6,0,4,1,0,1,2,2
2,7,6,23,15,66,66,14276,81757,745,1385,4424,4593,201,97,1393,1105,369,8268,8348,515,2044,1163,5972,12772,117,2664,180,63,237,208,387,3188,171,525,4629,5462,442,5937,445,107,94,573,1113,952,273,924,623,83,93,0,1,9,0,4,3,185,418,57,1610,46,35,93,80,4,6,61,23,98,560,18,66,220,619,5,14,10,1,3,9,8,202,7,5,36,10,632,61,7,25,17,11,28,3,10,12,0,2,13,17
14,52,83,189,17,116,220,222,745,54357,5173,4342,453,120,121,1761,314,20,1445,236,5363,5865,584,477,344,82,98,101,738,1200,397,460,774,121,350,1595,415,116,1002,39,18234,11696,2507,315,370,175,875,292,38,5312,4,1,5,1,2,7,2,4,8,21,35,2,3,0,5,4,41,0,47,5,3,20,10,10,5,5,1,0,7,1,3,7,6,4,4,6,82,44,4,1,35,2,8,0,2,29,2,4,10,12
0,1,3,2,1,3,10,1773,1385,5173,6931,10070,330,33,24,1052,257,93,2004,237,1197,5066,2144,100,211,21,62,117,51,97,186,62,343,62,54,399,124,35,127,20,146,75,271,204,62,302,214,16,4,42,1,0,0,0,0,0,2,6,8,20,6,4,1,1,0,1,11,1,14,8,2,13,3,23,0,5,1,0,0,1,1,7,1,2,1,7,24,8,1,0,1,2,6,1,3,0,0,1,1,0
0,0,3,6,0,2,2,3059,4424,4342,10070,25123,11089,80,31,555,6403,628,1152,1491,7109,3369,3810,91,2715,24,249,45,83,417,878,223,4205,48,29,196,350,172,76,19,293,321,927,436,265,194,744,13,6,156,0,0,2,0,0,2,16,14,6,69,2,9,34,13,2,3,10,1,10,91,2,21,10,122,0,3,0,1,2,1,3,79,0,4,39,2,37,9,2,24,2,1,16,1,4,1,0,0,1,0
1,0,3,2,0,1,3,9972,4593,453,330,11089,21563,88,33,478,6320,767,638,1861,1294,484,211,27,956,10,72,12,45,373,1121,126,5527,9,14,76,427,108,24,2,119,236,945,91,658,27,274,2,2,260,0,0,0,0,0,0,19,30,4,194,1,5,13,14,0,0,7,1,4,81,2,9,42,102,0,0,0,0,0,0,0,33,0,5,14,1,37,5,2,2,4,2,1,2,1,0,1,0,0,0
9171,4570,1513,5411,4195,1107,1395,108,201,120,33,80,88,43148,15981,3524,17,3,155,176,71,391,42,91,138,24,33,81,3780,22053,919,120,171,38,1733,747,111,70,844,12,559,970,4503,68,260,65,102,1211,16093,2429,11,22,28,33,63,94,0,1,0,5,6,0,0,2,45,3,30,0,1,4,0,3,2,12,0,0,1,0,5,0,0,2,8,3,6,1,38,59,2,1,42,1,2,0,0,369,13,4,7,5
549,1894,430,8777,135,338,740,54,97,121,24,31,33,15981,11106,4168,6,5,92,70,35,235,13,55,39,5,15,13,287,2357,850,16,58,13,1226,572,52,28,570,4,322,210,6651,32,91,12,33,657,325,3893,3,14,13,15,29,36,0,0,0,1,5,1,1,0,16,5,17,0,1,3,1,0,1,1,0,0,1,0,5,0,0,0,1,1,3,1,12,22,0,0,20,0,1,0,0,181,6,0,1,1
81,132,62,5940,103,314,4088,1341,1393,1761,1052,555,478,3524,4168,27284,517,824,8006,620,1163,710,90,259,313,8,48,27,327,1529,15905,51,381,21,6892,5710,267,45,1118,16,566,364,13625,72,179,40,123,693,289,471,4,17,25,8,24,49,2,2,5,19,30,2,2,2,12,5,45,0,51,4,1,11,16,4,5,1,0,0,14,1,2,7,13,5,1,0,93,70,8,4,64,3,2,1,5,123,9,7,13,9
0,1,0,2,0,0,2,3259,1105,314,257,6403,6320,17,6,517,7274,3081,614,134,4975,180,146,26,96,5,16,7,14,91,2024,71,839,8,5,69,167,17,13,3,52,58,556,40,74,7,171,1,2,58,0,0,0,0,0,0,0,3,1,15,1,0,0,1,0,1,3,0,3,4,1,1,2,3,0,1,0,1,0,1,0,6,0,0,0,0,30,2,1,0,3,1,2,0,0,0,0,0,0,0
0,0,0,0,0,0,0,3935,369,20,93,628,767,3,5,824,3081,2588,763,45,555,58,33,32,23,3,3,2,1,13,2400,27,318,4,4,26,57,10,10,1,4,5,241,12,48,2,63,0,2,22,0,0,0,0,0,0,0,1,2,5,1,2,1,0,0,0,0,0,6,1,1,0,1,2,1,0,0,0,0,0,0,0,0,1,0,0,29,1,0,0,0,0,0,0,0,0,0,1,0,2
1,2,3,4,2,9,13,3539,8268,1445,2004,1152,638,155,92,8006,614,763,12995,1123,1178,737,189,698,634,10,75,19,56,323,1493,61,509,26,116,4442,321,78,343,8,166,164,1391,111,213,42,170,25,9,170,0,0,1,1,0,2,5,11,22,59,47,6,2,4,0,3,68,3,111,8,9,13,24,18,14,1,0,0,5,12,1,6,8,4,3,2,117,52,4,6,29,0,0,1,0,3,0,5,14,22
2,1,0,6,0,4,8,5904,8348,236,237,1491,1861,176,70,620,134,45,1123,21403,202,929,697,69,8736,165,365,54,29,346,295,564,5335,159,66,299,84,5494,106,21,113,125,747,1666,5005,102,886,12,10,175,0,0,4,0,0,2,52,50,5,289,2,26,97,51,2,5,8,1,15,285,3,60,37,379,1,5,6,1,2,5,8,244,1,5,96,5,8,7,8,53,3,0,13,3,9,3,0,1,2,3
2,2,3,8,1,8,12,909,515,5363,1197,7109,1294,71,35,1163,4975,555,1178,202,12053,487,527,115,258,38,49,20,146,1061,1897,375,1335,68,61,434,114,80,150,9,705,1486,6755,205,439,67,816,22,8,1037,0,0,0,0,1,1,2,1,1,7,5,1,1,1,0,0,7,0,6,2,0,6,0,9,0,1,1,0,3,0,1,6,1,1,5,1,16,4,0,4,3,0,3,0,3,3,0,0,1,2
123,203,437,461,38,181,375,2104,2044,5865,5066,3369,484,391,235,710,180,58,737,929,487,26695,5629,158,1354,205,741,860,4096,1035,242,475,734,887,290,454,176,212,411,315,14919,1001,914,2541,293,3782,850,186,69,230,0,3,5,5,5,7,11,13,4,53,14,9,16,9,4,2,14,0,20,50,0,64,11,79,4,83,34,10,3,1,31,58,8,2,20,58,39,22,2,33,22,56,100,10,51,39,2,2,3,5
1,1,2,3,2,8,5,569,1163,584,2144,3810,211,42,13,90,146,33,189,697,527,5629,11278,73,3847,252,2487,721,78,156,105,377,2711,397,36,110,75,529,178,173,124,104,182,5455,344,4155,5585,78,14,44,0,0,1,0,1,0,10,3,1,30,3,8,44,3,0,1,2,1,2,33,1,167,4,80,2,135,58,8,0,2,64,134,2,2,91,37,4,1,3,92,2,12,205,12,77,3,0,2,0,2
4,2,7,19,3,42,101,147,5972,477,100,91,27,91,55,259,26,32,698,69,115,158,73,4284,466,13,200,13,33,96,44,25,83,21,325,7622,1371,36,13922,36,73,45,171,138,42,22,70,270,26,23,1,2,1,0,2,1,2,6,2,22,24,3,5,3,1,1,43,2,41,9,3,5,10,9,2,1,2,0,3,2,1,4,5,4,1,0,65,50,3,0,22,1,4,0,0,19,1,5,11,13
1,3,3,7,9,47,13,835,12772,344,211,2715,956,138,39,313,96,23,634,8736,258,1354,3847,466,16403,476,5319,231,57,373,124,1511,6473,477,128,635,358,3090,1009,255,120,171,412,7407,3281,546,3562,331,32,122,1,0,3,0,3,6,75,34,9,186,1,33,140,57,3,9,18,7,20,407,5,149,19,574,2,33,19,2,1,1,24,395,1,10,201,21,19,18,7,168,12,12,77,4,31,6,1,1,6,10
1,0,1,1,0,6,3,31,117,82,21,24,10,24,5,8,5,3,10,165,38,205,252,13,476,15398,858,243,31,64,5,10962,160,7794,4,12,9,5228,36,176,45,33,42,15671,1696,619,2743,21,3,17,0,0,0,0,0,0,0,1,0,3,0,1,1,1,0,0,0,0,0,3,0,61,0,10,1,59,26,3,0,0,36,9,0,1,7,36,0,0,1,13,0,31,148,5,37,0,0,2,0,1
1,1,3,6,13,81,10,83,2664,98,62,249,72,33,15,48,16,3,75,365,49,741,2487,200,5319,858,9373,1401,56,93,23,1466,794,786,69,105,641,1518,1198,4444,59,42,60,8566,1106,1102,2772,633,105,26,0,0,1,1,1,0,1,2,2,7,0,2,9,4,0,0,5,0,1,14,1,160,2,44,0,161,113,15,2,0,91,40,4,3,23,66,4,1,3,30,0,69,291,10,94,4,0,2,1,3
20,14,24,24,11,33,17,34,180,101,117,45,12,81,13,27,7,2,19,54,20,860,721,13,231,243,1401,62498,777,373,5,457,66,17534,12,22,163,147,232,12305,555,55,46,1956,108,13780,4685,192,29,22,0,0,0,0,0,0,1,0,1,1,0,1,0,0,0,0,1,0,1,0,0,8,1,5,0,17,22,211,1,0,18,3,1,0,0,84,3,3,1,1,1,216,56,14,23,5,0,0,0,0
263,207,431,348,162,265,276,34,63,738,51,83,45,3780,287,327,14,1,56,29,146,4096,78,33,57,31,56,777,83082,13311,82,105,94,256,208,150,52,25,162,117,23450,736,605,181,109,724,202,163,5683,224,2,0,5,3,4,8,0,0,1,2,3,0,0,1,2,0,6,0,1,0,0,1,1,2,1,1,1,0,1,0,1,0,0,0,0,9,9,11,0,0,12,4,4,1,2,51,3,0,2,2
482,602,1067,1277,217,421,763,224,237,1200,97,417,373,22053,2357,1529,91,13,323,346,1061,1035,156,96,373,64,93,373,13311,61016,538,536,944,235,656,560,127,154,510,65,11851,10653,5630,272,805,285,685,412,1419,4877,5,4,13,14,20,26,1,1,1,7,13,1,7,1,8,1,14,1,6,9,1,13,0,13,2,2,0,1,4,0,2,12,9,3,7,5,30,25,2,3,17,8,7,2,1,102,5,1,4,5
7,8,1,323,12,38,42,923,208,397,186,878,1121,919,850,15905,2024,2400,1493,295,1897,242,105,44,124,5,23,5,82,538,16413,88,753,8,701,648,133,36,334,3,121,143,17087,39,310,7,180,172,70,278,1,3,4,2,3,10,0,1,0,5,14,2,0,0,4,0,17,0,16,4,2,4,2,7,0,1,0,0,3,0,0,2,5,2,1,0,36,30,1,1,16,0,0,0,0,29,1,1,9,2
0,1,6,5,1,9,10,259,387,460,62,223,126,120,16,51,71,27,61,564,375,475,377,25,1511,10962,1466,457,105,536,88,26039,3484,8803,21,48,25,2868,110,530,217,265,279,13285,8905,1489,19770,57,13,162,1,0,0,0,1,0,2,0,2,12,1,2,5,1,0,1,1,0,2,13,0,93,1,27,0,140,35,7,4,0,89,27,1,2,22,96,2,3,0,18,2,103,266,28,100,1,0,0,2,1
0,1,6,10,2,8,4,3558,3188,774,343,4205,5527,171,58,381,839,318,509,5335,1335,734,2711,83,6473,160,794,66,94,944,753,3484,16671,141,22,114,133,1145,118,15,272,515,1100,1927,7333,152,5292,31,13,429,0,1,3,0,0,1,41,30,3,140,1,25,100,31,0,5,8,2,7,244,1,72,22,378,3,8,6,3,2,5,10,269,1,3,96,4,17,5,1,55,4,2,26,1,11,2,0,0,3,2
5,5,20,10,4,20,11,46,171,121,62,48,9,38,13,21,8,4,26,159,68,887,397,21,477,7794,786,17534,256,235,8,8803,141,46813,11,18,52,924,120,9760,282,69,58,16220,689,9031,17854,82,8,14,0,0,0,0,1,1,1,0,0,0,1,0,0,0,0,0,0,0,1,1,0,47,0,19,0,73,81,52,7,0,48,8,10,0,8,402,3,0,0,11,9,482,245,60,107,5,1,4,7,0
88,160,59,739,123,842,3771,17,525,350,54,29,14,1733,1226,6892,5,4,116,66,61,290,36,325,128,4,69,12,208,656,701,21,22,11,4079,7076,206,28,7577,21,256,116,1229,48,16,21,38,4547,338,93,13,14,22,21,39,52,0,2,3,2,17,0,1,0,19,7,29,0,6,5,0,6,0,4,2,0,0,0,7,0,0,2,10,2,2,0,34,40,1,2,38,0,1,0,1,253,12,3,4,2
15,7,8,135,18,121,350,131,4629,1595,399,196,76,747,572,5710,69,26,4442,299,434,454,110,7622,635,12,105,22,150,560,648,48,114,18,7076,13261,709,79,9103,33,350,218,1590,176,60,21,111,538,99,122,3,4,12,3,9,11,3,5,6,32,54,2,6,2,8,5,74,1,57,5,4,34,21,12,7,0,1,1,12,4,1,10,22,9,3,0,150,97,6,8,65,0,4,0,1,71,2,4,27,11
4,8,12,25,12,109,41,1088,5462,415,124,350,427,111,52,267,167,57,321,84,114,176,75,1371,358,9,641,163,52,127,133,25,133,52,206,709,2300,24,6595,433,116,52,186,194,30,90,109,1113,98,16,0,3,3,1,3,4,21,69,3,507,15,2,6,10,4,1,18,7,39,29,5,8,449,39,0,4,7,2,4,1,1,8,5,2,1,3,762,37,1,2,54,8,6,2,4,70,2,0,3,4
0,0,0,2,2,6,2,274,442,116,35,172,108,70,28,45,17,10,78,5494,80,212,529,36,3090,5228,1518,147,25,154,36,2868,1145,924,28,79,24,13729,105,51,59,61,162,18106,5075,172,1751,43,13,47,0,0,0,0,0,0,1,2,1,14,0,2,21,1,1,0,1,1,2,19,0,63,2,41,0,21,13,0,1,0,18,58,1,2,49,6,3,1,0,39,1,6,69,6,22,5,0,0,0,1
20,43,22,207,118,785,318,44,5937,1002,127,76,24,844,570,1118,13,10,343,106,150,411,178,13922,1009,36,1198,232,162,510,334,110,118,120,7577,9103,6595,105,39765,617,331,142,835,566,109,97,259,9185,507,81,1,6,18,7,19,52,0,4,4,35,75,5,2,1,29,11,85,1,68,5,9,35,25,9,6,6,1,4,28,5,1,14,33,10,8,2,190,138,11,2,102,5,8,5,4,205,19,11,31,18
6,7,5,6,7,70,6,10,445,39,20,19,2,12,4,16,3,1,8,21,9,315,173,36,255,176,4444,12305,117,65,3,530,15,9760,21,33,433,51,617,26309,118,17,18,9310,34,2634,1774,498,61,5,0,1,1,2,0,1,0,0,1,2,0,0,0,0,2,0,1,0,0,0,0,37,0,50,0,60,92,189,9,0,41,6,1,0,2,390,6,2,0,4,6,622,194,48,53,6,1,1,3,1
114,251,457,468,38,185,325,46,107,18234,146,293,119,559,322,566,52,4,166,113,705,14919,124,73,120,45,59,555,23450,11851,121,217,272,282,256,350,116,59,331,118,72849,10995,1209,246,265,488,406,204,182,788,2,2,0,3,4,11,0,0,1,2,9,2,1,3,3,0,13,0,8,6,0,6,2,4,1,7,2,0,0,3,2,6,0,2,5,12,26,24,4,1,15,4,8,1,4,42,3,0,5,1
18,60,112,166,11,54,119,68,94,11696,75,321,236,970,210,364,58,5,164,125,1486,1001,104,45,171,33,42,55,736,10653,143,265,515,69,116,218,52,61,142,17,10995,14809,3275,120,381,63,375,81,23,6670,0,1,1,2,0,3,1,0,0,2,5,2,4,2,3,1,11,0,2,0,0,3,2,2,0,2,0,0,1,0,1,2,1,0,3,3,10,7,0,2,8,4,4,0,0,15,3,0,2,0
15,14,27,777,31,98,144,899,573,2507,271,927,945,4503,6651,13625,556,241,1391,747,6755,914,182,171,412,42,60,46,605,5630,17087,279,1100,58,1229,1590,186,162,835,18,1209,3275,52490,147,758,61,380,369,204,13450,1,3,4,5,8,14,1,4,3,16,15,0,6,0,11,7,25,2,20,12,2,5,5,15,2,2,0,0,1,1,2,12,11,3,13,1,58,39,0,2,18,3,1,0,0,76,3,2,5,5
10,8,11,12,14,53,8,180,1113,315,204,436,91,68,32,72,40,12,111,1666,205,2541,5455,138,7407,15671,8566,1956,181,272,39,13285,1927,16220,48,176,194,18106,566,9310,246,120,147,73710,2528,5942,15936,296,47,57,0,0,0,0,2,2,4,9,1,26,4,0,12,5,2,0,0,2,3,24,2,206,4,64,0,328,96,31,6,2,189,43,2,2,44,222,4,3,2,62,4,194,581,57,229,7,0,3,2,4
1,2,5,5,1,8,2,1568,952,370,62,265,658,260,91,179,74,48,213,5005,439,293,344,42,3281,1696,1106,108,109,805,310,8905,7333,689,16,60,30,5075,109,34,265,381,758,2528,7047,154,3217,40,16,319,1,0,1,0,0,1,9,7,1,36,1,17,55,5,1,0,4,1,2,56,1,70,2,113,0,11,13,2,0,1,11,166,0,2,93,5,3,1,3,101,2,7,36,1,11,1,1,0,2,0
14,11,33,28,5,26,18,92,273,175,302,194,27,65,12,40,7,2,42,102,67,3782,4155,22,546,619,1102,13780,724,285,7,1489,152,9031,21,21,90,172,97,2634,488,63,61,5942,154,16589,12754,74,26,15,0,1,0,0,1,1,1,3,2,8,0,2,3,0,2,0,2,0,1,4,1,102,1,28,0,182,82,43,7,0,112,17,4,2,11,419,4,2,2,11,5,401,424,90,171,8,0,1,5,3
4,2,6,6,1,23,8,473,924,875,214,744,274,102,33,123,171,63,170,886,816,850,5585,70,3562,2743,2772,4685,202,685,180,19770,5292,17854,38,111,109,1751,259,1774,406,375,380,15936,3217,12754,30445,104,24,169,0,0,2,0,0,0,3,8,2,25,3,10,13,2,1,2,7,1,2,24,0,202,3,66,1,297,125,48,4,0,167,56,9,4,48,342,6,2,3,71,3,352,574,60,214,2,0,3,7,3
115,218,131,633,709,5235,2020,3,623,292,16,13,2,1211,657,693,1,0,25,12,22,186,78,270,331,21,633,192,163,412,172,57,31,82,4547,538,1113,43,9185,498,204,81,369,296,40,74,104,7257,871,52,22,22,53,54,134,160,0,0,0,7,10,1,0,0,63,9,38,1,11,1,0,6,4,4,0,0,1,2,24,0,0,5,13,4,1,2,59,69,3,4,81,3,3,1,1,542,24,5,10,4
2608,448,583,432,6946,3071,396,4,83,38,4,6,2,16093,325,289,2,2,9,10,8,69,14,26,32,3,105,29,5683,1419,70,13,13,8,338,99,98,13,507,61,182,23,204,47,16,26,24,871,14739,12,1,10,4,8,18,28,1,0,0,0,0,0,0,0,8,0,5,0,1,1,0,1,0,1,0,0,0,0,0,1,0,0,1,0,1,0,8,8,1,0,10,3,0,1,0,69,5,1,0,1
2,10,16,75,5,19,51,177,93,5312,42,156,260,2429,3893,471,58,22,170,175,1037,230,44,23,122,17,26,22,224,4877,278,162,429,14,93,122,16,47,81,5,788,6670,13450,57,319,15,169,52,12,17335,0,0,0,0,0,0,0,0,0,2,1,0,2,0,1,1,1,0,1,3,0,2,0,6,0,0,0,0,0,0,0,2,0,0,0,1,3,5,0,3,1,0,2,0,2,8,0,1,2,1
0,3,196,14,1,121,27,0,0,4,1,0,0,11,3,4,0,0,0,0,0,0,0,1,1,0,0,0,2,5,1,1,0,0,13,3,0,0,1,0,2,0,1,0,1,0,0,22,1,0,33321,19230,3545,12019,8142,1622,0,1,0,8,14,2,1,2,17987,110,134,0,2,3,2,31,2,11,0,7,8,16,719,1,7,14,161,35,7,33,18,134,15,5,120,6,13,15,13,528,7973,60,35,10
34,10,664,24,28,90,41,0,1,1,0,0,0,22,14,17,0,0,0,0,0,3,0,2,0,0,0,0,0,4,3,0,1,0,14,4,3,0,6,1,2,1,3,0,0,1,0,22,10,0,19230,66735,19651,16438,3568,8122,2,1,0,4,87,5,5,1,11252,177,87,2,5,1,2,175,0,4,2,5,1,13,878,4,8,19,497,58,13,78,11,56,33,4,22,7,11,42,24,295,2486,152,190,38
4,7,12,19,1,21,38,1,9,5,0,2,0,28,13,25,0,0,1,4,0,5,1,1,3,0,1,0,5,13,4,0,3,0,22,12,3,0,18,1,0,1,4,0,1,0,2,53,4,0,3545,19651,36743,1210,1780,14386,27,41,11,45,151,23,42,55,19399,4444,6455,25,50,70,46,224,5,52,61,54,11,15,940,55,47,247,764,1152,173,48,86,1526,562,108,229,13,55,33,48,741,1950,146,283,149
58,21,1691,98,24,1822,228,0,0,1,0,0,0,33,15,8,0,0,1,0,0,5,0,0,0,0,1,0,3,14,2,0,0,0,21,3,1,0,7,2,3,2,5,0,0,0,0,54,8,0,12019,16438,1210,34436,18471,19187,0,0,0,1,32,0,2,0,795,56,67,0,0,0,1,36,2,1,1,1,2,3,207,1,6,9,141,22,3,23,6,50,10,1,289,3,6,10,5,292,904,37,47,16
10,36,91,60,11,654,100,0,4,2,0,0,0,63,29,24,0,0,0,0,1,5,1,2,3,0,1,0,4,20,3,1,0,1,39,9,3,0,19,0,4,0,8,2,0,1,0,134,18,0,8142,3568,1780,18471,25436,6254,3,1,1,35,39,4,6,3,2411,93,446,3,13,7,3,62,9,65,6,14,28,20,242,9,8,36,132,75,26,19,100,859,23,21,837,20,24,14,15,4211,3424,45,69,20
11,37,88,78,17,335,151,0,3,7,0,2,0,94,36,49,0,0,2,2,1,7,0,1,6,0,0,0,8,26,10,0,1,1,52,11,4,0,52,1,11,3,14,2,1,1,0,160,28,0,1622,8122,14386,19187,6254,18769,14,16,10,48,162,30,33,30,3452,698,3875,14,58,43,34,129,12,50,31,31,5,11,499,60,28,119,535,461,111,37,92,2737,203,64,264,6,34,20,37,1048,880,115,222,101
0,0,0,0,0,0,0,47,185,2,2,16,19,0,0,2,0,0,5,52,2,11,10,2,75,0,1,1,0,1,0,2,41,1,0,3,21,1,0,0,0,1,1,4,9,1,3,0,1,0,0,2,27,0,3,14,4234,7281,909,2583,47,114,683,6808,47,110,628,1763,307,2627,189,163,126,831,94,12,11,8,15,768,33,2479,31,252,281,10,89,58,99,30,14,5,27,9,42,2,7,5,21,31
0,0,0,0,0,0,0,91,418,4,6,14,30,1,0,2,3,1,11,50,1,13,3,6,34,1,2,0,0,1,1,0,30,0,2,5,69,2,4,0,0,0,4,9,7,3,8,0,0,0,1,1,41,0,1,16,7281,24629,6090,8744,104,348,910,2734,38,90,1382,3941,888,3744,683,402,331,606,254,53,23,14,18,2634,119,1847,30,369,794,26,546,168,163,137,23,9,74,30,121,3,3,4,21,66
0,0,0,0,0,0,0,39,57,8,8,6,4,0,0,5,1,2,22,5,1,4,1,2,9,0,2,1,1,1,0,2,3,0,3,6,3,1,4,1,1,0,3,1,1,2,2,0,0,0,0,0,11,0,1,10,909,6090,4104,2127,178,554,498,645,15,54,771,1756,2133,502,497,498,94,141,164,37,5,6,9,2976,50,679,14,175,365,15,419,61,96,67,16,2,57,14,66,3,3,6,15,64
0,0,0,0,0,1,3,416,1610,21,20,69,194,5,1,19,15,5,59,289,7,53,30,22,186,3,7,1,2,7,5,12,140,0,2,32,507,14,35,2,2,2,16,26,36,8,25,7,0,2,8,4,45,1,35,48,2583,8744,2127,58424,502,1166,2440,2851,42,77,1947,1370,9254,9905,1091,1547,8082,11001,123,184,397,91,33,296,301,2900,75,210,1292,121,3231,2305,137,675,1335,192,451,72,351,150,34,29,73,157
1,0,2,2,1,0,5,9,46,35,6,2,1,6,5,30,1,1,47,2,5,14,3,24,1,0,0,0,3,13,14,1,1,1,17,54,15,0,75,0,9,5,15,4,1,0,3,10,0,1,14,87,151,32,39,162,47,104,178,502,43207,4351,987,158,148,254,2441,431,1788,53,2873,2803,296,101,456,57,28,19,540,293,71,230,776,405,116,69,933,1326,1138,41,784,14,77,64,104,88,32,16548,19961,6708
0,0,0,0,0,1,1,7,35,2,4,9,5,0,1,2,0,2,6,26,1,9,8,3,33,1,2,1,0,1,2,2,25,0,0,2,2,2,5,0,2,2,0,0,17,2,10,1,0,0,2,5,23,0,4,30,114,348,554,1166,4351,6676,5773,864,51,134,853,1086,732,220,3833,8085,108,629,382,19,52,10,125,386,22,479,215,344,45,23,196,183,504,45,70,9,90,63,67,8,8,128,392,1499
0,0,0,0,0,0,2,18,93,3,1,34,13,0,1,2,0,1,2,97,1,16,44,5,140,1,9,0,0,7,0,5,100,0,1,6,6,21,2,0,1,4,6,12,55,3,13,0,0,2,1,5,42,2,6,33,683,910,498,2440,987,5773,17445,10494,110,373,1205,3573,445,1282,6060,4576,116,2901,832,52,113,47,80,1222,90,6327,199,1114,184,31,184,199,1193,201,86,14,319,133,215,13,19,50,239,1135
0,0,0,0,0,0,0,23,80,0,1,13,14,2,0,2,1,0,4,51,1,9,3,3,57,1,4,0,1,1,0,1,31,0,0,2,10,1,1,0,3,2,0,5,5,0,2,0,0,0,2,1,55,0,3,30,6808,2734,645,2851,158,864,10494,15440,90,287,1181,6189,283,1592,2557,394,63,1025,506,12,18,7,36,1301,29,3869,91,874,127,14,105,101,594,34,24,1,45,15,40,4,14,11,80,259
2,7,20,26,4,32,44,1,4,5,0,2,0,45,16,12,0,0,0,2,0,4,0,1,3,0,0,0,2,8,4,0,0,0,19,8,4,1,29,2,3,3,11,2,1,2,1,63,8,1,17987,11252,19399,795,2411,3452,47,38,15,42,148,51,110,90,89214,17003,3164,36,51,58,48,320,12,102,99,104,13,37,5621,67,132,444,12157,2577,388,130,132,865,1214,123,262,19,92,76,107,960,12715,294,722,876
1,0,3,0,0,1,5,2,6,4,1,3,0,3,5,5,1,0,3,5,0,2,1,1,9,0,0,0,0,1,0,1,5,0,7,5,1,0,11,0,0,1,7,0,0,0,2,9,0,1,110,177,4444,56,93,698,110,90,54,77,254,134,373,287,17003,38919,5799,114,100,106,207,484,17,169,435,159,33,34,1655,266,250,872,6983,10580,688,117,125,608,15857,176,219,18,123,64,177,160,558,214,1946,5850
1,7,3,14,10,12,19,24,61,41,11,10,7,30,17,45,3,0,68,8,7,14,2,43,18,0,5,1,6,14,17,1,8,0,29,74,18,1,85,1,13,11,25,0,4,2,7,38,5,1,134,87,6455,67,446,3875,628,1382,771,1947,2441,853,1205,1181,3164,5799,52499,1225,9504,1205,1380,1128,273,720,3406,148,58,33,651,8284,229,1898,1076,19644,853,90,810,10148,3892,377,1575,20,185,68,224,570,485,285,842,1353
0,0,0,0,0,0,0,5,23,0,1,1,1,0,0,0,0,0,3,1,0,0,1,2,7,0,0,0,0,1,0,0,2,0,0,1,7,1,1,0,0,0,2,2,1,0,1,1,0,0,0,2,25,0,3,14,1763,3941,1756,1370,431,1086,3573,6189,36,114,1225,8395,513,107,7984,213,102,92,1208,11,8,3,21,3917,16,476,53,686,60,8,232,170,478,16,31,0,14,11,19,2,4,17,62,398
0,1,1,4,0,1,0,40,98,47,14,10,4,1,1,51,3,6,111,15,6,20,2,41,20,0,1,1,1,6,16,2,7,1,6,57,39,2,68,0,8,2,20,3,2,1,2,11,1,1,2,5,50,0,13,58,307,888,2133,9254,1788,732,445,283,51,100,9504,513,13986,1219,824,770,3108,1163,721,72,43,10,76,880,81,569,150,462,326,19,1200,6822,369,263,977,12,146,16,53,37,18,112,276,451
0,0,1,0,0,0,0,118,560,5,8,91,81,4,3,4,4,1,8,285,2,50,33,9,407,3,14,0,0,9,4,13,244,1,5,5,29,19,5,0,6,0,12,24,56,4,24,1,1,3,3,1,70,0,7,43,2627,3744,502,9905,53,220,1282,1592,58,106,1205,107,1219,28833,79,724,283,9075,60,431,91,19,32,183,416,11950,52,232,6820,105,81,447,112,5321,71,14,668,49,307,13,11,17,30,53
0,0,0,1,0,0,0,4,18,3,2,2,2,0,1,1,1,1,9,3,0,0,1,3,5,0,1,0,0,1,2,0,1,0,0,4,5,0,9,0,0,0,2,2,1,1,0,0,0,0,2,2,46,1,3,34,189,683,497,1091,2873,3833,6060,2557,48,207,1380,7984,824,79,13958,853,235,118,6184,26,14,7,94,4481,35,392,197,902,75,31,419,328,1974,22,150,4,27,33,49,7,16,57,391,3746
0,1,0,1,1,2,5,9,66,20,13,21,9,3,0,11,1,0,13,60,6,64,167,5,149,61,160,8,1,13,4,93,72,47,6,34,8,63,35,37,6,3,5,206,70,102,202,6,1,2,31,175,224,36,62,129,163,402,498,1547,2803,8085,4576,394,320,484,1128,213,770,724,853,38052,181,3301,308,975,2918,918,2206,336,1328,6101,1505,648,570,1666,259,421,952,895,387,404,6157,6195,6402,112,63,2788,1875,1278
0,0,0,0,0,2,0,83,220,10,3,10,42,2,1,16,2,1,24,37,0,11,4,10,19,0,2,1,1,0,2,1,22,0,0,21,449,2,25,0,2,2,5,4,2,1,3,4,0,0,2,0,5,2,9,12,126,331,94,8082,296,108,116,63,12,17,273,102,3108,283,235,181,6191,2001,122,47,172,22,26,78,41,260,27,35,130,18,2376,4979,77,109,1219,28,166,13,44,26,11,14,45,107
0,0,0,1,0,0,2,120,619,10,23,122,102,12,1,4,3,2,18,379,9,79,80,9,574,10,44,5,2,13,7,27,378,19,4,12,39,41,9,50,4,2,15,64,113,28,66,4,1,6,11,4,52,1,65,50,831,606,141,11001,101,629,2901,1025,102,169,720,92,1163,9075,118,3301,2001,20980,79,1351,5881,328,48,173,1089,11212,95,290,4431,624,634,1485,250,4647,1017,1159,5000,181,1115,156,43,26,67,107
0,0,0,0,0,0,0,2,5,5,0,0,0,0,0,5,0,1,14,1,0,4,2,2,2,1,0,0,1,2,0,0,3,0,2,7,0,0,6,0,1,0,2,0,0,0,1,0,0,0,0,2,61,1,6,31,94,254,164,123,456,382,832,506,99,435,3406,1208,721,60,6184,308,122,79,12167,42,15,5,140,7002,72,478,325,4885,156,27,288,418,9099,45,251,6,50,31,86,11,15,83,544,3901
0,0,1,0,0,0,1,3,14,5,5,3,0,0,0,1,1,0,1,5,1,83,135,1,33,59,161,17,1,2,1,140,8,73,0,0,4,21,6,60,7,2,2,328,11,182,297,0,0,0,7,5,54,1,14,31,12,53,37,184,57,19,52,12,104,159,148,11,72,431,26,975,47,1351,42,25945,2021,278,105,33,9058,719,184,164,2305,10837,43,67,129,8939,79,493,19294,560,1796,39,32,56,102,78
0,0,0,1,0,1,0,3,10,1,1,0,0,1,1,0,0,0,0,6,1,34,58,2,19,26,113,22,1,0,0,35,6,81,0,1,7,13,1,92,2,0,0,96,13,82,125,1,0,0,8,1,11,2,28,5,11,23,5,397,28,52,113,18,13,33,58,8,43,91,14,2918,172,5881,15,2021,10098,1002,40,16,1396,1125,47,37,790,1287,121,95,53,961,385,5616,7782,289,1557,110,19,15,43,33
0,0,0,0,0,1,0,0,1,0,0,1,0,0,0,0,1,0,0,1,0,10,8,0,2,3,15,211,0,1,0,7,3,52,0,1,2,0,4,189,0,0,0,31,2,43,48,2,0,0,16,13,15,3,20,11,8,14,6,91,19,10,47,7,37,34,33,3,10,19,7,918,22,328,5,278,1002,36979,1475,4,270,50,398,28,34,16605,44,16,35,48,86,13480,1365,10679,992,38,48,175,125,41
4,2,2,8,2,9,16,0,3,7,0,2,0,5,5,14,0,0,5,2,3,3,0,3,1,0,2,1,1,4,3,4,2,7,7,12,4,1,28,9,0,1,1,6,0,7,4,24,0,0,719,878,940,207,242,499,15,18,9,33,540,125,80,36,5621,1655,651,21,76,32,94,2206,26,48,140,105,40,1475,95453,51,132,196,23036,659,181,1657,116,356,972,52,200,223,169,1481,293,258,10893,18663,2218,943
0,0,0,0,0,0,0,6,9,1,1,1,0,0,0,1,1,0,12,5,0,1,2,2,1,0,0,0,0,0,0,0,5,0,0,4,1,0,5,0,3,0,1,2,1,0,0,0,1,0,1,4,55,1,9,60,768,2634,2976,296,293,386,1222,1301,67,266,8284,3917,880,183,4481,336,78,173,7002,33,16,4,51,7275,69,1102,99,4168,373,28,131,216,1527,73,83,2,48,14,96,7,15,18,134,563
0,0,1,0,0,0,0,3,8,3,1,3,0,0,0,2,0,0,1,8,1,31,64,1,24,36,91,18,1,2,0,89,10,48,0,1,1,18,1,41,2,1,2,189,11,112,167,0,0,0,7,8,47,6,8,28,33,119,50,301,71,22,90,29,132,250,229,16,81,416,35,1328,41,1089,72,9058,1396,270,132,69,9537,2654,244,241,4313,7907,23,61,255,1400,91,410,7739,883,7548,26,33,57,125,135
0,2,0,3,0,0,1,37,202,7,7,79,33,2,0,7,6,0,6,244,6,58,134,4,395,9,40,3,0,12,2,27,269,8,2,10,8,58,14,6,6,2,12,43,166,17,56,5,0,2,14,19,247,9,36,119,2479,1847,679,2900,230,479,6327,3869,444,872,1898,476,569,11950,392,6101,260,11212,478,719,1125,50,196,1102,2654,28130,391,1531,13395,260,153,372,1273,2718,323,57,3729,173,4075,82,74,59,260,492
0,1,0,5,2,5,11,1,7,6,1,0,0,8,1,13,0,0,8,1,1,8,2,5,1,0,4,1,0,9,5,1,1,10,10,22,5,1,33,1,0,1,11,2,0,4,9,13,1,0,161,497,764,141,132,535,31,30,14,75,776,215,199,91,12157,6983,1076,53,150,52,197,1505,27,95,325,184,47,398,23036,99,244,391,38760,1905,375,1164,180,504,2640,108,277,150,255,804,379,166,868,5541,18106,4378
0,1,0,1,0,1,4,1,5,4,2,4,5,3,1,5,0,1,4,5,1,2,2,4,10,1,3,0,0,3,2,2,3,0,2,9,2,2,10,0,2,0,3,2,2,2,4,4,0,0,35,58,1152,22,75,461,252,369,175,210,405,344,1114,874,2577,10580,19644,686,462,232,902,648,35,290,4885,164,37,28,659,4168,241,1531,1905,26736,733,88,139,817,19265,235,281,9,166,69,236,86,293,181,861,1661
0,1,0,0,0,0,0,9,36,4,1,39,14,6,3,1,0,0,3,96,5,20,91,1,201,7,23,0,0,7,1,22,96,8,2,3,1,49,8,2,5,3,13,44,93,11,48,1,1,0,7,13,173,3,26,111,281,794,365,1292,116,45,184,127,388,688,853,60,326,6820,75,570,130,4431,156,2305,790,34,181,373,4313,13395,375,733,11637,481,85,197,494,5930,195,40,2645,77,1260,54,66,42,180,208
0,0,2,0,0,2,1,1,10,6,7,2,1,1,1,0,0,0,2,5,1,58,37,0,21,36,66,84,9,5,0,96,4,402,0,0,3,6,2,390,12,3,1,222,5,419,342,2,0,1,33,78,48,23,19,37,10,26,15,121,69,23,31,14,130,117,90,8,19,105,31,1666,18,624,27,10837,1287,16605,1657,28,7907,260,1164,88,481,44848,56,45,121,872,86,6586,10399,17986,4661,48,61,469,441,117
2,5,5,7,5,18,25,325,632,82,24,37,37,38,12,93,30,29,117,8,16,39,4,65,19,0,4,3,9,30,36,2,17,3,34,150,762,3,190,6,26,10,58,4,3,4,6,59,8,3,18,11,86,6,100,92,89,546,419,3231,933,196,184,105,132,125,810,232,1200,81,419,259,2376,634,288,43,121,44,116,131,23,153,180,139,85,56,2016,3023,219,45,5112,134,148,20,52,1055,70,104,322,362
7,2,11,22,8,16,29,18,61,44,8,9,5,59,22,70,2,1,52,7,4,22,1,50,18,0,1,3,11,25,30,3,5,0,40,97,37,1,138,2,24,7,39,3,1,2,2,69,8,5,134,56,1526,50,859,2737,58,168,61,2305,1326,183,199,101,865,608,10148,170,6822,447,328,421,4979,1485,418,67,95,16,356,216,61,372,504,817,197,45,3023,22860,692,184,15544,35,150,18,61,2953,339,201,592,630
0,0,0,0,0,1,2,2,7,4,1,2,2,2,0,8,1,0,4,8,0,2,3,3,7,1,3,1,0,2,1,0,1,0,1,6,1,0,11,0,4,0,0,2,3,2,3,3,1,0,15,33,562,10,23,203,99,163,96,137,1138,504,1193,594,1214,15857,3892,478,369,112,1974,952,77,250,9099,129,53,35,972,1527,255,1273,2640,19265,494,121,219,692,49478,135,354,14,175,91,285,50,135,319,5034,18600
0,0,0,0,0,0,0,3,25,1,0,24,2,1,0,4,0,0,6,53,4,33,92,0,168,13,30,1,0,3,1,18,55,11,2,8,2,39,2,4,1,2,2,62,101,11,71,4,0,3,5,4,108,1,21,64,30,137,67,675,41,45,201,34,123,176,377,16,263,5321,22,895,109,4647,45,8939,961,48,52,73,1400,2718,108,235,5930,872,45,184,135,25153,140,69,16902,75,673,37,22,21,44,65
1,8,3,15,4,25,25,2,17,35,1,2,4,42,20,64,3,0,29,3,3,22,2,22,12,0,0,1,12,17,16,2,4,9,38,65,54,1,102,6,15,8,18,4,2,5,3,81,10,1,120,22,229,289,837,264,14,23,16,1335,784,70,86,24,262,219,1575,31,977,71,150,387,1219,1017,251,79,385,86,200,83,91,323,277,281,195,86,5112,15544,354,140,15356,289,333,29,98,9671,453,134,347,364
0,0,2,1,0,0,0,0,11,2,2,1,2,1,0,3,1,0,0,0,0,56,12,1,12,31,69,216,4,8,0,103,2,482,0,0,8,6,5,622,4,4,3,194,7,401,352,3,3,0,6,7,13,3,20,6,5,9,2,192,14,9,14,1,19,18,20,0,12,14,4,404,28,1159,6,493,5616,13480,223,2,410,57,150,9,40,6586,134,35,14,69,289,29969,11074,1062,802,115,24,57,55,16
0,0,0,0,0,2,0,6,28,8,6,16,1,2,1,2,2,0,0,13,3,100,205,4,77,148,291,56,4,7,0,266,26,245,1,4,6,69,8,194,8,4,1,581,36,424,574,3,0,2,13,11,55,6,24,34,27,74,57,451,77,90,319,45,92,123,185,14,146,668,27,6157,166,5000,50,19294,7782,1365,169,48,7739,3729,255,166,2645,10399,148,150,175,16902,333,11074,66790,1533,6280,97,34,88,147,124
0,0,0,0,0,0,0,0,3,0,1,1,2,0,0,1,0,0,1,3,0,10,12,0,4,5,10,14,1,2,0,28,1,60,0,0,2,6,5,48,1,0,0,57,1,90,60,1,1,0,15,42,33,10,14,20,9,30,14,72,64,63,133,15,76,64,68,11,16,49,33,6195,13,181,31,560,289,10679,1481,14,883,173,804,69,77,17986,20,18,91,75,29,1062,1533,13862,8721,15,29,390,308,129
0,0,0,0,0,3,1,4,10,2,3,4,1,0,0,5,0,0,0,9,3,51,77,0,31,37,94,23,2,1,0,100,11,107,1,1,4,22,4,53,4,0,0,229,11,171,214,1,0,2,13,24,48,5,15,37,42,121,66,351,104,67,215,40,107,177,224,19,53,307,49,6402,44,1115,86,1796,1557,992,293,96,7548,4075,379,236,1260,4661,52,61,285,673,98,802,6280,8721,13786,31,26,131,231,186
34,88,76,247,39,245,436,1,12,29,0,1,0,369,181,123,0,0,3,3,3,39,3,19,6,0,4,5,51,102,29,1,2,5,253,71,70,5,205,6,42,15,76,7,1,8,2,542,69,8,528,295,741,292,4211,1048,2,3,3,150,88,8,13,4,960,160,570,2,37,13,7,112,26,156,11,39,110,38,258,7,26,82,166,86,54,48,1055,2953,50,37,9671,115,97,15,31,10712,1207,41,109,60
2,2,5,7,2,19,15,0,0,2,0,0,1,13,6,9,0,0,0,0,0,2,0,1,1,0,0,0,3,5,1,0,0,1,12,2,2,0,19,1,3,3,3,0,1,0,0,24,5,0,7973,2486,1950,904,3424,880,7,3,3,34,32,8,19,14,12715,558,485,4,18,11,16,63,11,43,15,32,19,48,10893,15,33,74,868,293,66,61,70,339,135,22,453,24,34,29,26,1207,33433,188,183,51
0,0,1,1,0,2,2,1,2,4,1,0,0,4,0,7,0,1,5,1,0,2,2,5,1,2,2,0,0,1,1,0,0,4,3,4,0,0,11,1,0,0,2,3,0,1,3,5,1,1,60,152,146,37,45,115,5,4,6,29,16548,128,50,11,294,214,285,17,112,17,57,2788,14,26,83,56,15,175,18663,18,57,59,5541,181,42,469,104,201,319,21,134,57,88,390,131,41,188,35186,5999,820
0,3,0,3,0,1,4,2,13,10,1,1,0,7,1,13,0,0,14,2,1,3,0,11,6,0,1,0,2,4,9,2,3,7,4,27,3,0,31,3,5,2,5,2,2,5,7,10,0,2,35,190,283,47,69,222,21,21,15,73,19961,392,239,80,722,1946,842,62,276,30,391,1875,45,67,544,102,43,125,2218,134,125,260,18106,861,180,441,322,592,5034,44,347,55,147,308,231,109,183,5999,26810,13606
0,0,0,0,0,0,2,2,17,12,0,0,0,5,1,9,0,2,22,3,2,5,2,13,10,1,3,0,2,5,2,1,2,0,2,11,4,1,18,1,1,0,5,4,0,3,3,4,1,1,10,38,149,16,20,101,31,66,64,157,6708,1499,1135,259,876,5850,1353,398,451,53,3746,1278,107,107,3901,78,33,41,943,563,135,492,4378,1661,208,117,362,630,18600,65,364,16,124,129,186,60,51,820,13606,23835
