14804,8515,7399,2169,11335,1328,1018,1,1,11,0,0,0,12191,273,43,0,1,1,1,1,74,0,0,1,9,1,12,1031,484,3,5,9,5,14,2,8,2,24,2,124,10,41,6,7,21,7,82,1798,3,4,11,1,349,6,79,0,0,0,0,0,0,0,0,1,2,2,0,1,0,0,3,0,0,0,0,0,0,1,0,0,0,0,0,1,0,2,5,2,0,1,0,0,0,0,11,2,1,0,2
8515,27316,12988,24557,3066,838,3598,9,6,79,3,5,7,7867,4278,280,0,0,6,5,11,424,5,2,4,13,8,25,887,709,10,13,6,23,58,20,23,2,54,6,415,95,83,17,10,26,22,244,738,6,14,59,8,334,62,233,0,0,0,0,1,0,0,0,7,2,13,0,2,0,2,1,0,0,2,0,0,1,6,0,0,0,3,2,0,0,5,28,3,2,6,2,3,0,0,47,6,3,2,0
7399,12988,36919,6489,5672,7715,10047,1,2,21,0,1,0,831,89,9,0,0,1,0,5,257,3,0,2,0,2,22,473,318,1,3,0,11,20,1,7,0,51,8,286,33,11,4,2,17,12,214,387,1,9,20,2,3340,17,935,0,0,0,0,0,0,0,0,3,0,0,0,0,1,0,2,1,0,0,0,0,0,2,0,0,0,3,0,0,0,1,9,0,0,0,0,0,0,1,18,2,0,4,0
2169,24557,6489,33965,1557,1872,12887,102,56,372,29,60,28,7294,9481,6015,19,3,54,80,151,796,23,16,19,137,19,56,1318,1471,205,121,94,96,442,263,108,85,332,32,1110,371,775,127,204,49,89,983,806,81,43,223,44,571,166,1091,0,3,4,4,37,3,1,1,37,12,55,5,24,0,5,12,7,9,10,0,1,0,12,4,0,4,21,10,3,0,26,131,10,6,66,3,5,0,0,184,27,6,25,4
11335,3066,5672,1557,18497,15851,2191,0,1,17,2,1,2,3112,189,63,1,1,2,2,2,51,1,3,2,4,9,18,883,255,3,10,2,10,59,7,45,4,134,11,117,24,26,21,8,9,13,1013,3557,6,8,30,8,889,34,94,0,0,0,1,2,0,0,0,8,1,8,0,2,0,0,1,0,0,0,0,0,0,2,0,0,0,2,0,0,0,1,4,0,0,6,1,0,0,0,28,2,0,2,0
1328,838,7715,1872,15851,30869,24511,1,2,62,0,5,0,566,161,106,1,0,7,3,7,107,10,1,6,8,25,8,358,151,7,15,4,12,416,21,94,5,1413,34,162,43,35,42,6,8,5,6690,1935,10,19,140,20,2884,748,497,0,0,0,0,8,1,0,0,10,2,20,0,4,0,0,8,2,0,1,0,0,0,12,0,0,0,7,5,0,0,12,55,3,0,22,1,3,0,0,126,12,6,7,2
1018,3598,10047,12887,2191,24511,21185,33,17,297,12,13,11,1571,705,897,4,2,40,23,78,463,9,19,15,31,27,27,466,497,86,36,37,28,1462,155,172,17,2180,33,649,248,177,65,52,22,29,4794,389,35,86,422,88,1367,630,2508,0,1,1,2,40,1,2,0,81,25,72,2,14,1,2,20,1,1,5,1,1,0,31,1,1,4,33,23,5,0,39,182,10,0,72,2,2,1,0,332,44,9,32,2
1,9,1,102,0,1,33,41750,8178,178,1204,1675,8221,287,187,765,2924,3404,5982,7169,1202,2046,256,220,236,198,110,15,81,250,2295,784,1847,119,44,324,648,545,177,21,104,52,1598,249,1385,29,314,19,14,43,1,3,16,0,2,9,33,90,58,423,57,22,43,26,9,7,37,82,153,259,78,22,76,318,66,2,37,0,3,26,3,65,8,11,37,2,350,38,15,16,20,0,14,1,2,4,2,3,13,6
1,6,2,56,1,2,17,8178,55193,144,835,1115,1145,38,41,568,711,197,6540,4740,396,1782,361,5226,7581,360,4965,23,10,45,216,270,711,93,87,1318,3862,575,497,152,31,20,216,1853,457,28,314,34,5,13,0,2,19,0,0,16,162,283,71,2040,46,33,124,152,6,17,49,73,211,1018,79,48,248,1446,62,10,241,1,5,28,10,268,10,18,133,7,662,40,24,71,18,6,84,0,16,5,1,1,18,9
11,79,21,372,17,62,297,178,144,35377,5434,2907,301,177,210,986,168,27,895,61,2234,6125,541,73,60,56,113,48,239,259,187,161,503,88,371,1171,537,54,1014,43,11973,3390,799,292,87,52,689,375,45,2189,4,16,22,4,12,37,1,4,13,18,160,13,4,0,20,19,93,2,137,3,33,54,21,16,86,2,13,1,17,22,5,8,39,18,7,2,122,226,46,8,160,2,9,0,4,42,7,28,78,26
0,3,0,29,2,0,12,1204,835,5434,6112,8448,900,33,23,267,488,45,839,407,600,5381,886,40,83,16,56,6,16,37,124,23,276,18,37,229,72,44,114,4,321,94,164,136,68,46,192,29,2,26,0,1,7,0,0,2,0,4,3,14,15,4,1,3,1,5,16,4,26,8,12,8,6,23,7,0,6,0,1,6,1,7,2,4,4,0,15,18,6,3,20,3,3,0,3,0,0,4,4,2
0,5,1,60,1,5,13,1675,1115,2907,8448,18001,7031,50,59,195,3825,469,760,780,5208,3239,4397,157,908,41,260,24,60,261,430,82,2520,29,72,351,219,291,255,15,399,384,334,436,275,67,662,30,3,179,0,0,7,0,0,2,7,16,21,75,48,10,11,8,8,6,18,15,81,60,26,17,17,141,38,5,29,0,2,15,1,30,4,5,22,5,82,39,11,25,21,1,21,1,1,3,1,5,12,9
0,7,0,28,2,0,11,8221,1145,301,900,7031,20351,340,140,180,2679,538,638,1704,1428,781,145,43,335,16,114,7,105,575,820,400,3490,38,25,83,128,43,63,3,186,172,1006,68,533,17,200,18,10,177,0,1,4,0,0,1,19,24,6,206,8,4,11,17,2,4,6,8,33,147,6,9,32,204,11,1,29,0,3,3,1,31,3,0,19,0,60,16,2,9,10,0,11,1,0,2,0,0,4,0
12191,7867,831,7294,3112,566,1571,287,38,177,33,50,340,59358,15853,933,36,15,48,182,386,448,36,11,25,157,29,94,5379,17590,190,747,449,226,156,117,38,84,189,31,1093,468,6178,187,541,68,305,267,7820,796,10,39,20,55,23,134,0,1,3,3,11,1,3,1,12,4,27,1,15,8,0,8,4,16,4,2,7,1,5,4,1,4,13,2,6,1,15,46,6,4,24,2,3,1,0,47,6,3,12,2
273,4278,89,9481,189,161,705,187,41,210,23,59,140,15853,15777,1301,22,4,35,118,181,519,27,9,24,115,16,48,1437,3609,251,254,187,89,117,147,31,73,101,15,883,407,9312,115,269,36,106,146,503,2443,11,33,7,23,17,76,1,1,1,7,9,0,2,0,4,6,20,1,10,3,0,3,4,15,4,0,3,0,8,0,0,0,10,6,3,0,13,45,4,2,16,2,4,0,2,33,7,1,15,1
43,280,9,6015,63,106,897,765,568,986,267,195,180,933,1301,15768,194,109,3505,415,1032,558,51,65,113,267,33,15,245,485,10175,159,194,61,2119,2102,264,235,622,18,553,268,5661,279,324,18,88,687,123,138,15,64,71,24,44,184,3,8,11,16,174,9,4,5,47,41,176,7,118,11,26,53,18,27,84,3,11,1,25,17,2,10,76,34,6,2,101,306,49,10,226,3,8,3,2,106,23,42,75,47
0,0,0,19,1,1,4,2924,711,168,488,3825,2679,36,22,194,5513,1862,1035,51,4512,521,85,96,21,4,16,4,11,78,2126,82,329,10,21,147,123,9,90,3,36,31,573,43,30,5,92,5,1,26,0,0,9,0,0,2,0,17,14,32,16,3,7,0,0,1,16,10,47,0,17,5,12,8,24,0,1,0,2,10,0,6,5,2,2,0,68,22,8,1,16,0,0,0,0,2,0,2,9,7
1,0,0,3,1,0,2,3404,197,27,45,469,538,15,4,109,1862,1293,2295,26,704,79,9,17,4,2,4,0,3,14,1725,44,89,1,4,49,50,7,38,0,2,6,226,10,28,1,28,1,0,2,0,1,2,0,1,1,2,4,9,11,13,1,2,1,1,3,5,6,29,3,8,6,5,3,21,0,0,0,0,5,0,1,2,3,1,0,26,9,5,0,2,0,0,0,1,1,0,2,7,3
1,6,1,54,2,7,40,5982,6540,895,839,760,638,48,35,3505,1035,2295,11773,1311,2324,793,83,861,594,290,169,10,31,54,3330,234,386,59,139,3187,656,470,324,30,148,84,1437,536,543,6,118,21,1,37,1,10,43,1,4,17,8,41,40,118,197,27,17,7,13,28,133,38,328,29,93,40,48,61,207,1,23,1,12,61,0,19,44,23,16,4,197,236,69,10,138,0,12,0,3,22,1,18,95,50
1,5,0,80,2,3,23,7169,4740,61,407,780,1704,182,118,415,51,26,1311,17984,92,863,490,94,1742,543,183,19,41,173,340,1072,5031,159,45,352,65,4784,67,13,69,49,574,1307,4505,28,467,12,10,35,0,4,11,0,0,7,47,17,6,223,12,7,93,39,6,9,16,5,33,483,5,15,51,855,12,3,98,0,2,7,1,245,6,6,91,3,34,14,6,74,13,0,35,2,4,4,0,0,3,0
1,11,5,151,2,7,78,1202,396,2234,600,5208,1428,386,181,1032,4512,704,2324,92,11732,594,215,193,48,24,72,26,181,1022,1931,423,957,48,234,1381,678,42,741,20,627,1083,4186,133,142,21,454,109,18,1450,2,3,21,2,4,19,1,17,45,48,172,23,6,3,7,22,92,19,278,8,52,50,49,18,116,2,6,0,10,40,0,7,37,7,1,0,226,190,32,4,112,4,10,3,2,23,2,8,70,32
74,424,257,796,51,107,463,2046,1782,6125,5381,3239,781,448,519,558,521,79,793,863,594,14978,4867,88,445,225,522,1118,5451,531,212,330,490,815,243,469,242,334,630,520,12128,1038,1000,2438,457,3093,2033,267,50,266,9,12,24,19,11,50,1,4,8,38,79,7,3,2,12,16,73,3,62,37,13,33,12,71,37,38,56,11,11,10,33,25,48,11,18,67,54,148,36,19,105,112,112,14,58,47,5,15,51,14
0,5,3,23,1,10,9,256,361,541,886,4397,145,36,27,51,85,9,83,490,215,4867,15800,73,465,379,1089,206,62,87,25,198,2092,354,20,120,34,426,275,173,138,94,104,2822,425,3679,5643,64,8,41,0,0,3,0,0,3,0,2,2,17,5,2,11,2,3,4,2,0,7,32,3,23,5,95,2,38,100,8,0,0,27,57,1,3,47,29,7,5,8,61,10,31,112,3,31,3,0,1,1,3
0,2,0,16,3,1,19,220,5226,73,40,157,43,11,9,65,96,17,861,94,193,88,73,7038,513,123,2129,42,6,10,31,102,79,51,182,4008,3140,52,5414,189,22,14,26,844,54,12,109,94,12,4,0,2,3,1,1,3,9,34,25,202,31,5,12,15,6,8,19,23,71,64,33,7,37,94,40,2,26,3,2,12,4,16,11,7,14,3,149,45,6,9,22,2,23,1,3,1,1,4,8,4
1,4,2,19,2,6,15,236,7581,60,83,908,335,25,24,113,21,4,594,1742,48,445,465,513,5257,212,4683,6,13,45,38,266,1588,66,42,447,63,511,326,63,29,33,72,2851,340,17,415,44,9,23,1,0,15,1,1,3,33,17,9,233,12,7,146,44,18,16,18,11,69,534,6,35,80,1399,17,6,334,4,3,3,8,328,19,15,182,7,25,29,10,152,22,5,116,1,8,3,0,0,1,6
9,13,0,137,4,8,31,198,360,56,16,41,16,157,115,267,4,2,290,543,24,225,379,123,212,21244,620,13,41,87,134,4713,177,3465,61,292,39,5853,286,50,74,33,274,14458,1945,21,641,59,18,14,0,1,5,0,3,3,0,2,4,15,6,3,18,0,3,5,1,4,5,7,5,79,11,88,5,78,166,8,0,4,46,70,8,4,93,25,4,12,10,81,15,22,314,6,52,5,1,2,7,3
1,8,2,19,9,25,27,110,4965,113,56,260,114,29,16,33,16,4,169,183,72,522,1089,2129,4683,620,15283,941,46,62,21,1146,730,480,79,508,603,166,1849,6363,77,55,50,11566,460,130,1360,277,41,22,0,0,6,0,0,5,2,10,6,49,7,2,45,6,8,10,12,3,26,73,7,61,31,389,9,60,317,21,3,4,32,159,11,7,192,52,16,8,8,230,17,94,306,10,44,9,1,2,3,5
12,25,22,56,18,8,27,15,23,48,6,24,7,94,48,15,4,0,10,19,26,1118,206,42,6,13,941,26881,2355,225,5,100,44,2435,14,18,699,11,263,10269,598,57,77,522,40,5478,5586,113,20,29,0,0,0,2,1,0,0,0,0,1,3,0,2,0,0,0,1,0,2,0,0,3,0,5,0,3,7,37,0,1,8,4,0,1,1,47,3,2,0,2,2,132,36,11,13,1,0,1,0,0
1031,887,473,1318,883,358,466,81,10,239,16,60,105,5379,1437,245,11,3,31,41,181,5451,62,6,13,41,46,2355,74422,8210,63,320,171,330,107,73,59,25,164,248,15208,457,1205,124,170,1653,532,216,5701,277,2,10,13,25,11,44,0,2,0,1,13,0,0,0,10,5,23,1,9,3,3,3,3,7,4,0,4,2,0,1,0,1,7,5,0,6,13,52,8,1,29,14,9,1,2,18,3,1,13,5
484,709,318,1471,255,151,497,250,45,259,37,261,575,17590,3609,485,78,14,54,173,1022,531,87,10,45,87,62,225,8210,40711,153,1290,830,250,178,189,109,72,386,60,7372,2580,6896,295,453,155,916,203,779,3326,6,24,20,22,16,53,0,3,2,2,49,6,2,1,17,10,49,1,21,6,5,12,4,19,5,2,5,1,5,0,0,6,19,5,5,2,20,66,12,3,49,8,5,1,2,30,7,9,19,5
3,10,1,205,3,7,86,2295,216,187,124,430,820,190,251,10175,2126,1725,3330,340,1931,212,25,31,38,134,21,5,63,153,8642,235,360,41,212,783,161,143,216,6,130,58,5123,106,369,5,82,86,15,59,6,8,16,3,4,33,0,3,9,14,99,9,5,4,10,15,75,5,89,11,29,24,14,21,57,1,5,0,8,10,2,6,29,10,3,1,59,145,35,0,81,0,4,1,2,26,5,14,57,15
5,13,3,121,10,15,36,784,270,161,23,82,400,747,254,159,82,44,234,1072,423,330,198,102,266,4713,1146,100,320,1290,235,21129,6323,5794,43,165,67,484,309,178,373,289,761,4267,5620,60,5449,89,61,258,0,3,2,1,0,4,1,5,2,21,9,4,10,1,7,8,7,2,7,18,5,88,7,153,12,165,198,17,2,1,86,135,3,4,126,61,13,11,13,147,14,95,480,9,111,4,0,0,5,2
9,6,0,94,2,4,37,1847,711,503,276,2520,3490,449,187,194,329,89,386,5031,957,490,2092,79,1588,177,730,44,171,830,360,6323,14387,209,47,186,68,905,223,30,362,446,850,1497,5862,76,3850,38,23,291,0,1,7,0,0,4,18,12,2,100,9,8,33,11,3,10,11,1,30,233,4,13,23,460,4,7,142,0,2,3,6,109,4,7,64,8,26,14,11,65,14,4,84,1,11,5,1,0,3,0
5,23,11,96,10,12,28,119,93,88,18,29,38,226,89,61,10,1,59,159,48,815,354,51,66,3465,480,2435,330,250,41,5794,209,15349,19,78,68,169,165,2315,277,77,150,4200,702,1239,6865,46,25,48,0,0,1,0,0,1,1,1,0,4,0,2,3,0,0,2,0,1,1,3,1,39,4,22,1,52,68,181,1,3,74,29,3,1,22,403,6,5,2,22,3,685,235,138,174,1,0,1,1,1
14,58,20,442,59,416,1462,44,87,371,37,72,25,156,117,2119,21,4,139,45,234,243,20,182,42,61,79,14,107,178,212,43,47,19,3742,1524,481,49,5543,33,275,170,485,154,36,2,32,2696,120,76,33,128,68,35,55,241,4,0,11,5,105,5,2,1,45,36,114,3,63,6,16,46,8,9,22,3,2,0,35,16,1,5,76,28,7,0,99,228,41,8,165,2,5,1,3,117,25,18,72,19
2,20,1,263,7,21,155,324,1318,1171,229,351,83,117,147,2102,147,49,3187,352,1381,469,120,4008,447,292,508,18,73,189,783,165,186,78,1524,7206,1707,304,4888,92,415,232,1145,851,128,13,138,256,29,141,4,8,49,3,9,49,4,28,38,96,309,27,11,7,31,57,214,26,360,33,85,72,49,45,196,0,12,2,30,40,3,18,89,36,14,1,306,403,115,16,299,5,10,0,6,62,4,42,130,59
8,23,7,108,45,94,172,648,3862,537,72,219,128,38,31,264,123,50,656,65,678,242,34,3140,63,39,603,699,59,109,161,67,68,68,481,1707,2462,10,9349,1029,265,163,301,328,28,16,107,1394,130,75,1,6,19,3,4,16,11,41,18,93,62,9,4,8,12,13,40,18,68,19,48,21,31,18,84,3,2,4,8,18,0,9,28,10,5,0,136,92,32,2,85,6,12,2,5,17,4,12,32,21
2,2,0,85,4,5,17,545,575,54,44,291,43,84,73,235,9,7,470,4784,42,334,426,52,511,5853,166,11,25,72,143,484,905,169,49,304,10,11914,112,11,56,30,264,6005,4955,21,415,28,3,16,0,0,3,0,1,2,1,6,3,24,5,0,16,1,6,10,3,0,12,38,2,19,10,210,5,16,83,1,1,1,1,75,12,7,90,4,11,6,8,107,15,4,106,2,11,5,1,2,3,1
24,54,51,332,134,1413,2180,177,497,1014,114,255,63,189,101,622,90,38,324,67,741,630,275,5414,326,286,1849,263,164,386,216,309,223,165,5543,4888,9349,112,32357,1149,595,372,697,1871,168,45,351,8103,310,136,16,41,84,130,38,154,2,9,25,34,421,28,5,5,61,61,286,12,291,25,68,116,42,47,130,7,16,4,30,38,9,29,140,32,17,11,369,527,88,21,755,8,39,5,5,118,19,47,174,74
2,6,8,32,11,34,33,21,152,43,4,15,3,31,15,18,3,0,30,13,20,520,173,189,63,50,6363,10269,248,60,6,178,30,2315,33,92,1029,11,1149,23184,109,14,38,7425,43,778,1683,410,43,16,0,0,0,1,0,0,0,1,0,1,3,0,1,2,0,0,2,0,3,1,0,35,4,9,1,45,79,504,6,0,87,19,1,1,7,606,3,4,2,16,4,2208,309,118,149,2,2,3,1,0
124,415,286,1110,117,162,649,104,31,11973,321,399,186,1093,883,553,36,2,148,69,627,12128,138,22,29,74,77,598,15208,7372,130,373,362,277,275,415,265,56,595,109,41880,7121,1862,247,190,514,716,350,223,1344,5,14,32,11,13,56,0,1,3,3,88,5,1,0,12,26,81,0,57,5,8,23,7,8,31,2,13,1,10,10,3,1,36,14,8,12,53,152,20,5,105,20,10,2,6,44,7,12,44,17
10,95,33,371,24,43,248,52,20,3390,94,384,172,468,407,268,31,6,84,49,1083,1038,94,14,33,33,55,57,457,2580,58,289,446,77,170,232,163,30,372,14,7121,13412,2261,144,101,61,462,224,40,6668,0,8,16,3,5,18,0,0,0,3,57,2,1,1,6,9,32,2,29,3,6,14,3,5,20,1,4,1,5,1,0,3,26,8,3,2,38,76,12,0,58,1,2,0,0,16,3,6,30,6
41,83,11,775,26,35,177,1598,216,799,164,334,1006,6178,9312,5661,573,226,1437,574,4186,1000,104,26,72,274,50,77,1205,6896,5123,761,850,150,485,1145,301,264,697,38,1862,2261,21248,219,888,63,340,276,162,8899,5,25,30,5,18,48,1,5,3,13,159,12,5,1,12,19,98,6,113,24,25,52,15,35,45,1,19,1,15,17,3,7,47,14,3,0,91,196,38,13,129,4,6,0,2,35,5,14,57,27
6,17,4,127,21,42,65,249,1853,292,136,436,68,187,115,279,43,10,536,1307,133,2438,2822,844,2851,14458,11566,522,124,295,106,4267,1497,4200,154,851,328,6005,1871,7425,247,144,219,39001,1637,732,4493,375,64,85,0,1,8,1,3,5,4,14,7,45,18,3,40,4,18,12,12,1,21,55,10,209,30,365,12,389,502,127,6,3,302,289,24,10,319,402,29,28,20,307,35,679,1384,83,304,10,0,5,16,8
7,10,2,204,8,6,52,1385,457,87,68,275,533,541,269,324,30,28,543,4505,142,457,425,54,340,1945,460,40,170,453,369,5620,5862,702,36,128,28,4955,168,43,190,101,888,1637,8273,27,901,54,39,72,1,1,11,1,2,7,6,13,6,64,6,8,40,7,18,14,12,7,20,102,9,51,37,438,11,28,227,7,5,5,7,170,13,9,168,9,17,17,9,201,17,7,183,1,8,9,0,0,9,3
21,26,17,49,9,8,22,29,28,52,46,67,17,68,36,18,5,1,6,28,21,3093,3679,12,17,21,130,5478,1653,155,5,60,76,1239,2,13,16,21,45,778,514,61,63,732,27,8500,6280,25,24,19,0,0,1,2,0,1,0,0,0,0,1,0,0,0,2,0,0,0,1,0,1,4,0,5,0,7,14,35,0,0,21,3,1,0,2,74,1,4,1,4,3,101,44,13,29,0,0,0,0,0
7,22,12,89,13,5,29,314,314,689,192,662,200,305,106,88,92,28,118,467,454,2033,5643,109,415,641,1360,5586,532,916,82,5449,3850,6865,32,138,107,415,351,1683,716,462,340,4493,901,6280,17955,96,36,258,0,2,3,1,1,3,0,3,0,15,3,2,18,5,1,8,5,1,11,25,10,54,13,129,3,94,158,115,3,2,121,88,13,4,81,423,9,10,4,84,13,651,406,102,244,3,0,2,1,2
82,244,214,983,1013,6690,4794,19,34,375,29,30,18,267,146,687,5,1,21,12,109,267,64,94,44,59,277,113,216,203,86,89,38,46,2696,256,1394,28,8103,410,350,224,276,375,54,25,96,12316,1183,76,42,202,65,104,121,432,1,0,5,1,70,2,1,0,45,24,62,2,21,1,2,43,3,2,15,3,3,3,18,2,1,3,50,23,4,4,63,155,13,0,93,7,11,2,1,162,25,16,40,8
1798,738,387,806,3557,1935,389,14,5,45,2,3,10,7820,503,123,1,0,1,10,18,50,8,12,9,18,41,20,5701,779,15,61,23,25,120,29,130,3,310,43,223,40,162,64,39,24,36,1183,18165,21,4,19,4,43,10,45,0,0,0,0,12,0,0,0,7,3,6,0,0,2,1,0,0,2,1,0,0,0,1,0,0,0,5,1,0,1,4,13,0,2,16,1,3,0,0,17,1,1,3,2
3,6,1,81,6,10,35,43,13,2189,26,179,177,796,2443,138,26,2,37,35,1450,266,41,4,23,14,22,29,277,3326,59,258,291,48,76,141,75,16,136,16,1344,6668,8899,85,72,19,258,76,21,12859,2,0,2,2,0,5,0,1,1,1,27,2,1,0,2,5,10,0,22,1,2,2,1,8,8,0,5,0,3,4,1,2,3,0,2,2,14,28,6,2,15,1,1,0,0,7,2,4,7,1
4,14,9,43,8,19,86,1,0,4,0,0,0,10,11,15,0,0,1,0,2,9,0,0,1,0,0,0,2,6,6,0,0,0,33,4,1,0,16,0,5,0,5,0,1,0,0,42,4,2,24096,16352,1017,6096,4856,1871,1,1,1,1,140,6,2,2,10559,65,93,1,3,3,7,215,1,17,5,5,12,26,1181,1,5,21,698,11,19,20,17,89,9,16,63,8,20,41,18,323,7040,223,165,18
11,59,20,223,30,140,422,3,2,16,1,0,1,39,33,64,0,1,10,4,3,12,0,2,0,1,0,0,10,24,8,3,1,0,128,8,6,0,41,0,14,8,25,1,1,0,2,202,19,0,16352,79872,10372,20322,4199,13895,5,2,1,13,492,12,7,0,12632,164,354,2,26,19,18,835,16,20,26,25,19,72,2229,5,6,60,2032,33,55,33,46,295,43,51,151,19,51,81,26,956,4442,645,724,45
1,8,2,44,8,20,88,16,19,22,7,7,4,20,7,71,9,2,43,11,21,24,3,3,15,5,6,0,13,20,16,2,7,1,68,49,19,3,84,0,32,16,30,8,11,1,3,65,4,2,1017,10372,22581,321,237,10445,46,54,30,100,1024,134,44,34,9015,3485,6697,35,299,285,126,513,82,173,310,158,56,50,1100,272,51,395,1845,730,392,83,147,924,289,387,394,17,248,33,64,526,1292,395,1082,137
349,334,3340,571,889,2884,1367,0,0,4,0,0,0,55,23,24,0,0,1,0,2,19,0,1,1,0,0,2,25,22,3,1,0,0,35,3,3,0,130,1,11,3,5,1,1,2,1,104,43,2,6096,20322,321,50512,18346,23372,0,0,1,3,89,5,1,0,568,28,33,0,3,4,4,197,0,6,6,5,6,26,455,1,3,8,398,6,12,8,17,85,6,7,33,4,19,27,12,548,776,158,126,9
6,62,17,166,34,748,630,2,0,12,0,0,0,23,17,44,0,1,4,0,4,11,0,1,1,3,0,1,11,16,4,0,0,0,55,9,4,1,38,0,13,5,18,3,2,0,1,121,10,0,4856,4199,237,18346,21366,7308,0,1,0,1,87,4,2,2,1637,23,85,0,3,5,5,78,11,28,5,10,54,6,298,0,2,10,158,14,7,11,107,782,14,8,513,11,55,9,3,5042,4218,63,100,8
79,233,935,1091,94,497,2508,9,16,37,2,2,1,134,76,184,2,1,17,7,19,50,3,3,3,3,5,0,44,53,33,4,4,1,241,49,16,2,154,0,56,18,48,5,7,1,3,432,45,5,1871,13895,10445,23372,7308,20583,2,7,5,42,782,39,22,6,2337,172,2544,10,111,86,56,388,90,50,82,66,39,26,645,32,12,97,924,89,81,30,151,1857,70,116,740,12,94,18,22,3322,1091,374,755,67
0,0,0,0,0,0,0,33,162,1,0,7,19,0,1,3,0,2,8,47,1,1,0,9,33,0,2,0,0,0,0,1,18,1,4,4,11,1,2,0,0,0,1,4,6,0,0,1,0,0,1,5,46,0,0,2,4352,5582,832,431,8,118,269,4271,92,173,170,554,218,1704,28,63,29,156,218,21,52,8,13,426,9,1703,81,187,278,10,168,8,142,33,8,3,34,4,35,5,4,8,19,7
0,0,0,3,0,0,1,90,283,4,4,16,24,1,1,8,17,4,41,17,17,4,2,34,17,2,10,0,2,3,3,5,12,1,0,28,41,6,9,1,1,0,5,14,13,0,3,0,0,1,1,2,54,0,1,7,5582,25478,5050,3328,75,682,412,1714,31,97,408,6205,814,3355,136,332,165,261,366,94,91,51,4,846,47,832,22,204,849,66,991,26,125,222,27,10,182,28,96,7,1,3,14,6
0,0,0,4,0,0,1,58,71,13,3,21,6,3,1,11,14,9,40,6,45,8,2,25,9,4,6,0,0,2,9,2,2,0,11,38,18,3,25,0,3,0,3,7,6,0,0,5,0,1,1,1,30,1,0,5,832,5050,4139,1857,122,733,158,403,14,43,381,2389,1638,805,200,285,63,139,910,43,36,11,3,1604,26,521,16,93,464,25,439,33,44,176,36,5,97,7,57,5,0,1,15,12
0,0,0,4,1,0,2,423,2040,18,14,75,206,3,7,16,32,11,118,223,48,38,17,202,233,15,49,1,1,2,14,21,100,4,5,96,93,24,34,1,3,3,13,45,64,0,15,1,0,1,1,13,100,3,1,42,431,3328,1857,49674,272,1074,825,1030,36,95,527,1043,6949,6142,601,825,7538,8562,163,88,1141,41,9,106,53,822,53,100,386,62,5075,287,77,584,190,38,725,28,151,28,3,13,61,32
0,1,0,37,2,8,40,57,46,160,15,48,8,11,9,174,16,13,197,12,172,79,5,31,12,6,7,3,13,49,99,9,9,0,105,309,62,5,421,3,88,57,159,18,6,1,3,70,12,27,140,492,1024,89,87,782,8,75,122,272,32017,4786,2644,222,670,462,1325,269,1211,60,3912,2692,166,250,595,73,237,112,253,119,56,313,791,257,82,89,1188,1196,520,56,1133,24,381,109,265,537,155,15638,20093,4849
0,0,0,3,0,1,1,22,33,13,4,10,4,1,0,9,3,1,27,7,23,7,2,5,7,3,2,0,0,6,9,4,8,2,5,27,9,0,28,0,5,2,12,3,8,0,2,2,0,2,6,12,134,5,4,39,118,682,733,1074,4786,8073,7004,569,97,161,340,730,946,363,4816,6077,69,190,261,21,84,36,35,107,21,326,167,138,42,20,212,116,170,32,94,18,233,117,183,23,8,59,301,179
0,0,0,1,0,0,2,43,124,4,1,11,11,3,2,4,7,2,17,93,6,3,11,12,146,18,45,2,0,2,5,10,33,3,2,11,4,16,5,1,1,1,5,40,40,0,18,1,0,1,2,7,44,1,2,22,269,412,158,825,2644,7004,20581,6661,72,193,152,3407,300,692,4714,6100,152,1742,709,61,531,97,39,307,53,5185,186,105,137,80,314,70,460,200,51,31,619,220,720,11,3,27,221,215
0,0,0,1,0,0,0,26,152,0,3,8,17,1,0,5,0,1,7,39,3,2,2,15,44,0,6,0,0,1,4,1,11,0,1,7,8,1,5,2,0,1,1,4,7,0,5,0,0,0,2,0,34,0,2,6,4271,1714,403,1030,222,569,6661,11949,52,169,173,4154,205,724,1038,386,100,490,491,20,108,12,24,504,24,3678,118,123,70,20,363,23,266,20,11,4,88,14,86,4,5,11,40,38
1,7,3,37,8,10,81,9,6,20,1,8,2,12,4,47,0,1,13,6,7,12,3,6,18,3,8,0,10,17,10,7,3,0,45,31,12,6,61,0,12,6,12,18,18,2,1,45,7,2,10559,12632,9015,568,1637,2337,92,31,14,36,670,97,72,52,48622,8325,915,15,92,162,55,823,23,127,109,285,65,148,7334,61,91,654,15796,586,679,143,121,289,725,249,181,23,195,76,127,376,8853,685,1126,255
2,2,0,12,1,2,25,7,17,19,5,6,4,4,6,41,1,3,28,9,22,16,4,8,16,5,10,0,5,10,15,8,10,2,36,57,13,10,61,0,26,9,19,12,14,0,8,24,3,5,65,164,3485,28,23,172,173,97,43,95,462,161,193,169,8325,25581,1598,107,182,277,232,431,33,229,523,301,129,101,1016,353,161,1373,8689,3032,1044,184,202,281,9791,310,340,23,334,55,273,265,130,291,2679,4958
2,13,0,55,8,20,72,37,49,93,16,18,6,27,20,176,16,5,133,16,92,73,2,19,18,1,12,1,23,49,75,7,11,0,114,214,40,3,286,2,81,32,98,12,12,0,5,62,6,10,93,354,6697,33,85,2544,170,408,381,527,1325,340,152,173,915,1598,16879,300,3905,706,361,439,231,352,1815,101,66,22,225,5341,42,570,573,4123,384,34,453,4065,895,433,819,12,243,19,58,848,143,159,584,313
0,0,0,5,0,0,2,82,73,2,4,15,8,1,1,7,10,6,38,5,19,3,0,23,11,4,3,0,1,1,5,2,1,1,3,26,18,0,12,0,0,2,6,1,7,0,1,2,0,0,1,2,35,0,0,10,554,6205,2389,1043,269,730,3407,4154,15,107,300,7468,544,123,2963,385,116,96,2066,28,43,9,3,2300,29,769,32,125,104,13,658,40,245,28,25,6,79,18,84,8,2,4,29,46
1,2,0,24,2,4,14,153,211,137,26,81,33,15,10,118,47,29,328,33,278,62,7,71,69,5,26,2,9,21,89,7,30,1,63,360,68,12,291,3,57,29,113,21,20,1,11,21,0,22,3,26,299,3,3,111,218,814,1638,6949,1211,946,300,205,92,182,3905,544,14660,1739,827,726,3999,1261,1502,110,256,26,56,1125,35,730,185,282,352,53,1749,3944,302,630,911,32,609,18,125,84,12,73,236,179
0,0,1,0,0,0,1,259,1018,3,8,60,147,8,3,11,0,3,29,483,8,37,32,64,534,7,73,0,3,6,11,18,233,3,6,33,19,38,25,1,5,3,24,55,102,0,25,1,2,1,3,19,285,4,5,86,1704,3355,805,6142,60,363,692,724,162,277,706,123,1739,23102,47,332,261,5590,120,169,489,40,20,223,65,6329,91,366,3360,74,196,114,162,5119,22,5,830,14,145,16,11,6,38,17
0,2,0,5,0,0,2,78,79,33,12,26,6,0,0,26,17,8,93,5,52,13,3,33,6,5,7,0,3,5,29,5,4,1,16,85,48,2,68,0,8,6,25,10,9,1,10,2,1,2,7,18,126,4,5,56,28,136,200,601,3912,4816,4714,1038,55,232,361,2963,827,47,15560,1188,193,156,5494,47,177,83,69,364,54,631,346,116,82,86,1186,314,1097,36,258,16,285,103,321,41,12,88,1131,6469
3,1,2,12,1,8,20,22,48,54,8,17,9,8,3,53,5,6,40,15,50,33,23,7,35,79,61,3,3,12,24,88,13,39,46,72,21,19,116,35,23,14,52,209,51,4,54,43,0,2,215,835,513,197,78,388,63,332,285,825,2692,6077,6100,386,823,431,439,385,726,332,1188,34395,215,1459,427,787,1809,1978,2210,137,632,2799,2167,145,329,1604,343,394,344,491,440,822,5517,8090,10174,234,151,3872,1871,350
0,0,1,7,0,2,1,76,248,21,6,17,32,4,4,18,12,5,48,51,49,12,5,37,80,11,31,0,3,4,14,7,23,4,8,49,31,10,42,4,7,3,15,30,37,0,13,3,0,1,1,16,82,0,11,90,29,165,63,7538,166,69,152,100,23,33,231,116,3999,261,193,215,11341,2945,104,69,859,18,8,26,51,385,44,30,77,39,4084,2880,42,107,1366,58,572,8,85,110,6,12,59,28
0,0,0,9,0,0,1,318,1446,16,23,141,204,16,15,27,8,3,61,855,18,71,95,94,1399,88,389,5,7,19,21,153,460,22,9,45,18,210,47,9,8,5,35,365,438,5,129,2,2,8,17,20,173,6,28,50,156,261,139,8562,250,190,1742,490,127,229,352,96,1261,5590,156,1459,2945,17636,183,342,9379,104,45,93,247,4200,210,139,1174,245,1351,615,204,2307,1076,455,5360,54,528,259,30,25,107,89
0,2,0,10,0,1,5,66,62,86,7,38,11,4,4,84,24,21,207,12,116,37,2,40,17,5,9,0,4,5,57,12,4,1,22,196,84,5,130,1,31,20,45,12,11,0,3,15,1,8,5,26,310,6,5,82,218,366,910,163,595,261,709,491,109,523,1815,2066,1502,120,5494,427,104,183,8515,193,142,64,77,7747,94,1118,437,786,474,108,1286,584,3268,83,459,23,228,30,198,72,14,53,586,1918
0,0,0,0,0,0,1,2,10,2,0,5,1,2,0,3,0,0,1,3,2,38,38,2,6,78,60,3,0,2,1,165,7,52,3,0,3,16,7,45,2,1,1,389,28,7,94,3,0,0,5,25,158,5,10,66,21,94,43,88,73,21,61,20,285,301,101,28,110,169,47,787,69,342,193,23639,980,183,108,43,5678,1064,359,125,4288,5187,76,50,319,3241,111,120,9740,76,470,70,21,38,103,48
0,0,0,1,0,0,1,37,241,13,6,29,29,7,3,11,1,0,23,98,6,56,100,26,334,166,317,7,4,5,5,198,142,68,2,12,2,83,16,79,13,4,19,502,227,14,158,3,0,5,12,19,56,6,54,39,52,91,36,1141,237,84,531,108,65,129,66,43,256,489,177,1809,859,9379,142,980,14562,781,51,32,643,1934,177,50,965,673,1301,400,125,678,1516,5328,10508,131,937,608,55,38,152,80
0,1,0,0,0,0,0,0,1,1,0,0,0,1,0,1,0,0,1,0,0,11,8,3,4,8,21,37,2,1,0,17,0,181,0,2,4,1,4,504,1,1,1,127,7,35,115,3,0,0,26,72,50,26,6,26,8,51,11,41,112,36,97,12,148,101,22,9,26,40,83,1978,18,104,64,183,781,27367,2080,17,243,212,591,20,166,7978,110,25,78,90,62,11542,1047,11297,944,35,60,533,168,55
1,6,2,12,2,12,31,3,5,17,1,2,3,5,8,25,2,0,12,2,10,11,0,2,3,0,3,0,0,5,8,2,2,1,35,30,8,1,30,6,10,5,15,6,5,0,3,18,1,3,1181,2229,1100,455,298,645,13,4,3,9,253,35,39,24,7334,1016,225,3,56,20,69,2210,8,45,77,108,51,2080,109399,12,54,267,26651,108,224,432,90,166,362,55,183,200,155,1369,198,235,15096,11771,755,412
0,0,0,4,0,0,1,26,28,22,6,15,3,4,0,17,10,5,61,7,40,10,0,12,3,4,4,1,1,0,10,1,3,3,16,40,18,1,38,0,10,1,17,3,5,0,2,2,0,4,1,5,272,1,0,32,426,846,1604,106,119,107,307,504,61,353,5341,2300,1125,223,364,137,26,93,7747,43,32,17,12,6598,32,695,49,2544,309,32,317,87,687,97,53,2,77,7,86,18,7,8,33,17
0,0,0,0,0,0,1,3,10,5,1,1,1,1,0,2,0,0,0,1,0,33,27,4,8,46,32,8,0,0,2,86,6,74,1,3,0,1,9,87,3,0,3,302,7,21,121,1,0,1,5,6,51,3,2,12,9,47,26,53,56,21,53,24,91,161,42,29,35,65,54,632,51,247,94,5678,643,243,54,32,13512,2253,263,48,2050,6387,67,40,140,272,67,399,4442,231,9351,31,10,25,84,62
0,0,0,4,0,0,4,65,268,8,7,30,31,4,0,10,6,1,19,245,7,25,57,16,328,70,159,4,1,6,6,135,109,29,5,18,9,75,29,19,1,3,7,289,170,3,88,3,0,2,21,60,395,8,10,97,1703,832,521,822,313,326,5185,3678,654,1373,570,769,730,6329,631,2799,385,4200,1118,1064,1934,212,267,695,2253,28575,1249,579,13243,1148,279,273,1378,1590,245,83,3779,180,4240,95,31,108,431,353
0,3,3,21,2,7,33,8,10,39,2,4,3,13,10,76,5,2,44,6,37,48,1,11,19,8,11,0,7,19,29,3,4,3,76,89,28,12,140,1,36,26,47,24,13,1,13,50,5,3,698,2032,1845,398,158,924,81,22,16,53,791,167,186,118,15796,8689,573,32,185,91,346,2167,44,210,437,359,177,591,26651,49,263,1249,65988,513,894,386,391,468,2666,168,501,79,395,459,403,353,2276,10136,21314,2927
0,2,0,10,0,5,23,11,18,18,4,5,0,2,6,34,2,3,23,6,7,11,3,7,15,4,7,1,5,5,10,4,7,1,28,36,10,7,32,1,14,8,14,10,9,0,4,23,1,0,11,33,730,6,14,89,187,204,93,100,257,138,105,123,586,3032,4123,125,282,366,116,145,30,139,786,125,50,20,108,2544,48,579,513,3763,534,58,103,232,1262,334,191,8,198,5,61,156,30,45,206,138
1,0,0,3,0,0,5,37,133,7,4,22,19,6,3,6,2,1,16,91,1,18,47,14,182,93,192,1,0,5,3,126,64,22,7,14,5,90,17,7,8,3,3,319,168,2,81,4,0,2,19,55,392,12,7,81,278,849,464,386,82,42,137,70,679,1044,384,104,352,3360,82,329,77,1174,474,4288,965,166,224,309,2050,13243,894,534,10407,1173,90,105,790,3973,103,55,2565,24,351,79,53,67,190,108
0,0,0,0,0,0,0,2,7,2,0,5,0,1,0,2,0,0,4,3,0,67,29,3,7,25,52,47,6,2,1,61,8,403,0,1,0,4,11,606,12,2,0,402,9,74,423,4,1,2,20,33,83,8,11,30,10,66,25,62,89,20,80,20,143,184,34,13,53,74,86,1604,39,245,108,5187,673,7978,432,32,6387,1148,386,58,1173,31250,55,35,145,409,74,2980,7752,4959,5309,29,22,155,143,68
2,5,1,26,1,12,39,350,662,122,15,82,60,15,13,101,68,26,197,34,226,54,7,149,25,4,16,3,13,20,59,13,26,6,99,306,136,11,369,3,53,38,91,29,17,1,9,63,4,14,17,46,147,17,107,151,168,991,439,5075,1188,212,314,363,121,202,453,658,1749,196,1186,343,4084,1351,1286,76,1301,110,90,317,67,279,391,103,90,55,3332,2487,490,39,5706,314,643,20,82,1320,112,150,541,349
5,28,9,131,4,55,182,38,40,226,18,39,16,46,45,306,22,9,236,14,190,148,5,45,29,12,8,2,52,66,145,11,14,5,228,403,92,6,527,4,152,76,196,28,17,4,10,155,13,28,89,295,924,85,782,1857,8,26,33,287,1196,116,70,23,289,281,4065,40,3944,114,314,394,2880,615,584,50,400,25,166,87,40,273,468,232,105,35,2487,10515,443,142,9855,37,471,16,55,6570,217,188,588,333
2,3,0,10,0,3,10,15,24,46,6,11,2,6,4,49,8,5,69,6,32,36,8,6,10,10,8,0,8,12,35,13,11,2,41,115,32,8,88,2,20,12,38,20,9,1,4,13,0,6,9,43,289,6,14,70,142,125,44,77,520,170,460,266,725,9791,895,245,302,162,1097,344,42,204,3268,319,125,78,362,687,140,1378,2666,1262,790,145,490,443,11287,185,595,22,301,43,250,271,42,100,1546,7218
0,2,0,6,0,0,0,16,71,8,3,25,9,4,2,10,1,0,10,74,4,19,61,9,152,81,230,2,1,3,0,147,65,22,8,16,2,107,21,16,5,0,13,307,201,4,84,0,2,2,16,51,387,7,8,116,33,222,176,584,56,32,200,20,249,310,433,28,630,5119,36,491,107,2307,83,3241,678,90,55,97,272,1590,168,334,3973,409,39,142,185,22071,66,64,13881,21,300,66,20,25,62,23
1,6,0,66,6,22,72,20,18,160,20,21,10,24,16,226,16,2,138,13,112,105,10,22,22,15,17,2,29,49,81,14,14,3,165,299,85,15,755,4,105,58,129,35,17,3,13,93,16,15,63,151,394,33,513,740,8,27,36,190,1133,94,51,11,181,340,819,25,911,22,258,440,1366,1076,459,111,1516,62,183,53,67,245,501,191,103,74,5706,9855,595,66,18496,243,952,11,95,9296,211,203,718,369
0,2,0,3,1,1,2,0,6,2,3,1,0,2,2,3,0,0,0,0,4,112,31,2,5,22,94,132,14,8,0,95,4,685,2,5,6,4,8,2208,20,1,4,679,7,101,651,7,1,1,8,19,17,4,11,12,3,10,5,38,24,18,31,4,23,23,12,6,32,5,16,822,58,455,23,120,5328,11542,200,2,399,83,79,8,55,2980,314,37,22,64,243,30109,5269,1288,1090,113,10,44,36,17
0,3,0,5,0,3,2,14,84,9,3,21,11,3,4,8,0,0,12,35,10,112,112,23,116,314,306,36,9,5,4,480,84,235,5,10,12,106,39,309,10,2,6,1384,183,44,406,11,3,1,20,51,248,19,55,94,34,182,97,725,381,233,619,88,195,334,243,79,609,830,285,5517,572,5360,228,9740,10508,1047,155,77,4442,3779,395,198,2565,7752,643,471,301,13881,952,5269,40449,808,3708,465,64,107,289,161
0,0,0,0,0,0,1,1,0,0,0,1,1,1,0,3,0,0,0,2,3,14,3,1,1,6,10,11,1,1,1,9,1,138,1,0,2,2,5,118,2,0,0,83,1,13,102,2,0,0,41,81,33,27,9,18,4,28,7,28,109,117,220,14,76,55,19,18,18,14,103,8090,8,54,30,76,131,11297,1369,7,231,180,459,5,24,4959,20,16,43,21,11,1288,808,20560,6990,6,25,542,139,38
0,0,1,0,0,0,0,2,16,4,3,1,0,0,2,2,0,1,3,4,2,58,31,3,8,52,44,13,2,2,2,111,11,174,3,6,5,11,5,149,6,0,2,304,8,29,244,1,0,0,18,26,64,12,3,22,35,96,57,151,265,183,720,86,127,273,58,84,125,145,321,10174,85,528,198,470,937,944,198,86,9351,4240,403,61,351,5309,82,55,250,300,95,1090,3708,6990,15867,58,13,96,220,155
11,47,18,184,28,126,332,4,5,42,0,3,2,47,33,106,2,1,22,4,23,47,3,1,3,5,9,1,18,30,26,4,5,1,117,62,17,5,118,2,44,16,35,10,9,0,3,162,17,7,323,956,526,548,5042,3322,5,7,5,28,537,23,11,4,376,265,848,8,84,16,41,234,110,259,72,70,608,35,235,18,31,95,353,156,79,29,1320,6570,271,66,9296,113,465,6,58,12100,1091,144,390,117
2,6,2,27,2,12,44,2,1,7,0,1,0,6,7,23,0,0,1,0,2,5,0,1,0,1,1,0,3,7,5,0,1,0,25,4,4,1,19,2,7,3,5,0,0,0,0,25,1,2,7040,4442,1292,776,4218,1091,4,1,0,3,155,8,3,5,8853,130,143,2,12,11,12,151,6,30,14,21,55,60,15096,7,10,31,2276,30,53,22,112,217,42,20,211,10,64,25,13,1091,30810,201,188,24
1,3,0,6,0,6,9,3,1,28,4,5,0,3,1,42,2,2,18,0,8,15,1,4,0,2,2,1,1,9,14,0,0,1,18,42,12,2,47,3,12,6,14,5,0,0,2,16,1,4,223,645,395,158,63,374,8,3,1,13,15638,59,27,11,685,291,159,4,73,6,88,3872,12,25,53,38,38,533,11771,8,25,108,10136,45,67,155,150,188,100,25,203,44,107,542,96,144,201,48688,8011,244
0,2,4,25,2,7,32,13,18,78,4,12,4,12,15,75,9,7,95,3,70,51,1,8,1,7,3,0,13,19,57,5,3,1,72,130,32,3,174,1,44,30,57,16,9,0,1,40,3,7,165,724,1082,126,100,755,19,14,15,61,20093,301,221,40,1126,2679,584,29,236,38,1131,1871,59,107,586,103,152,168,755,33,84,431,21314,206,190,143,541,588,1546,62,718,36,289,139,220,390,188,8011,31737,12500
2,0,0,4,0,2,2,6,9,26,2,9,0,2,1,47,7,3,50,0,32,14,3,4,6,3,5,0,5,5,15,2,0,1,19,59,21,1,74,0,17,6,27,8,3,0,2,8,2,1,18,45,137,9,8,67,7,6,12,32,4849,179,215,38,255,4958,313,46,179,17,6469,350,28,89,1918,48,80,55,412,17,62,353,2927,138,108,68,349,333,7218,23,369,17,161,38,155,117,24,244,12500,16417
