14772,7350,5989,933,12203,6019,317,1,0,18,0,0,0,10258,491,10,0,0,2,2,0,326,0,1,1,1,0,4,483,400,2,5,1,0,4,0,38,0,8,0,170,49,5,0,0,5,1,25,2766,1,2,12,4,20,6,10,0,0,0,0,1,0,0,0,4,3,18,0,0,0,0,5,0,0,0,0,0,0,1,0,0,0,2,0,1,0,2,9,1,0,1,0,1,0,0,45,2,1,2,0
7350,40082,12960,19550,1901,4769,2426,5,4,237,2,0,1,12518,3972,78,0,0,1,4,3,1045,0,6,2,4,2,10,544,891,9,12,3,2,51,9,269,5,41,0,620,336,38,4,7,2,4,172,822,5,27,47,39,162,37,145,0,0,1,4,4,0,0,1,54,13,72,0,2,2,0,14,3,0,1,0,0,0,6,0,0,1,13,10,0,0,24,47,0,0,8,0,1,0,0,334,10,6,24,0
5989,12960,28202,8535,3711,10606,6306,4,0,108,0,0,3,1207,101,29,1,0,1,3,1,681,0,4,0,4,2,11,349,528,1,11,3,2,19,4,111,1,18,2,411,194,21,4,6,3,4,86,452,1,6,52,10,1605,20,254,0,0,0,1,3,0,0,0,15,4,24,1,3,0,0,4,0,1,0,0,0,0,2,2,0,0,7,7,0,0,11,25,0,0,1,0,1,0,0,159,10,2,13,0
933,19550,8535,67938,417,4144,15673,73,38,1361,35,10,19,4804,17337,8154,4,1,90,230,15,1158,30,47,46,198,50,28,440,1379,128,227,41,51,390,76,736,152,198,24,1028,1084,1574,178,224,9,56,571,318,35,51,87,91,800,131,504,1,1,0,2,16,2,1,1,80,33,233,1,9,12,0,50,3,8,1,2,8,0,25,4,0,16,43,24,4,0,68,150,4,12,23,0,7,0,2,808,29,10,80,3
12203,1901,3711,417,10649,21499,174,1,0,3,1,0,0,5039,349,13,0,1,0,0,0,59,0,2,1,2,1,3,281,116,2,2,1,0,10,0,18,0,8,1,43,11,12,0,1,0,0,189,3785,0,1,47,3,71,3,16,0,0,0,0,0,0,0,0,5,4,5,1,0,0,0,1,1,0,0,0,0,0,0,1,0,0,2,3,0,0,1,2,0,0,3,0,0,0,0,18,1,0,0,0
6019,4769,10606,4144,21499,43136,20852,1,3,96,12,0,2,2094,967,329,0,0,2,9,1,250,2,63,21,17,27,5,348,268,7,5,5,4,566,21,340,7,162,9,187,68,19,24,3,2,3,4627,3447,2,41,64,40,1282,148,438,0,1,0,2,4,0,0,0,42,15,60,0,5,3,0,15,4,1,0,0,2,0,10,0,0,2,12,14,0,0,32,51,0,1,3,0,2,0,0,651,20,6,27,0
317,2426,6306,15673,174,20852,24513,20,53,611,54,5,9,593,422,4077,2,1,31,74,21,411,17,379,121,98,90,8,127,288,16,107,43,37,4845,170,1400,77,1119,38,256,264,116,160,55,9,20,3493,117,12,57,90,78,1275,133,685,1,1,3,1,13,1,0,2,80,27,170,0,16,10,0,31,4,7,0,1,2,0,22,5,1,14,34,25,4,0,97,141,8,2,15,1,1,0,1,937,24,11,68,2
1,5,4,73,1,1,20,36207,6891,238,2148,328,5510,295,134,740,3383,6373,2474,6736,764,1429,193,397,48,178,81,19,32,210,794,456,605,56,10,69,5845,145,25,12,53,104,645,76,994,31,151,19,7,69,0,1,4,0,0,7,408,194,87,494,37,45,54,256,1,4,28,44,72,490,21,56,63,118,26,1,177,1,0,12,5,159,5,4,18,4,780,21,3,13,3,0,3,1,7,1,1,0,17,9
0,4,0,38,0,3,53,6891,62687,223,1056,1393,2758,35,23,781,1357,221,6171,5239,869,917,435,13471,7558,74,3474,17,6,28,63,166,1543,34,184,1119,23260,183,165,217,19,62,197,561,160,32,219,58,3,35,0,0,3,0,1,2,242,167,44,417,17,52,118,277,5,1,18,61,41,1040,20,101,61,569,18,2,599,2,0,5,13,321,1,1,118,2,816,10,3,46,1,4,16,0,12,2,0,2,6,4
18,237,108,1361,3,96,611,238,223,29908,2960,1983,272,420,681,1168,785,14,507,135,2656,4574,880,127,83,72,170,46,168,145,133,756,1112,103,488,487,1603,69,479,32,14413,11343,2178,390,87,286,1577,354,28,5767,1,2,7,3,1,13,1,5,33,13,34,3,2,1,3,15,86,4,80,8,4,13,5,6,18,1,3,0,1,24,6,15,17,25,4,1,183,75,12,10,15,3,3,0,1,16,2,3,47,9
0,2,0,35,1,12,54,2148,1056,2960,2431,6294,777,45,22,453,1069,67,608,243,1908,2932,1399,64,68,17,73,8,11,55,51,61,482,30,205,235,461,28,322,11,58,175,123,153,16,214,368,133,9,48,1,0,1,1,0,2,7,8,12,14,10,3,4,5,1,4,27,5,15,13,2,3,3,4,7,2,4,0,0,9,2,11,3,8,1,1,51,29,2,2,10,0,3,0,0,0,0,1,12,5
0,0,0,10,0,0,5,328,1393,1983,6294,13839,4540,13,7,69,4798,46,155,630,5230,1175,4027,196,339,14,133,4,8,25,31,81,2889,31,9,58,766,23,10,8,48,209,259,128,27,233,594,5,0,77,0,0,0,0,0,1,10,13,3,24,2,3,8,18,0,0,8,8,6,81,4,13,8,47,2,0,39,0,0,0,2,45,0,1,23,1,71,4,0,10,2,1,4,0,3,0,0,0,1,1
0,1,3,19,0,2,9,5510,2758,272,777,4540,16436,247,71,109,5600,451,168,1523,1377,259,453,315,144,17,79,2,34,307,192,282,4287,10,4,27,3096,17,3,1,84,242,709,47,124,39,325,19,1,163,0,0,4,0,0,3,307,123,15,289,1,18,57,234,1,3,13,8,23,619,5,74,34,201,1,1,313,0,0,3,3,182,0,1,28,1,411,6,0,12,2,1,4,1,6,0,0,1,0,0
10258,12518,1207,4804,5039,2094,593,295,35,420,45,13,247,72123,21619,815,19,13,146,651,55,970,25,27,45,310,51,86,4768,28192,551,1024,266,129,299,52,734,124,172,36,1088,3063,2644,147,676,20,301,296,13362,5888,21,18,34,28,23,86,0,1,3,10,18,1,3,1,52,30,177,1,13,8,0,30,0,10,1,1,3,0,18,5,1,20,32,37,10,0,100,99,7,20,14,0,2,0,1,170,14,6,57,1
491,3972,101,17337,349,967,422,134,23,681,22,7,71,21619,27552,1530,5,7,170,273,35,841,22,12,23,106,22,23,569,2894,385,259,96,43,90,35,288,104,42,8,715,1800,6154,73,224,7,68,126,472,7280,6,7,18,13,10,32,1,0,0,2,5,1,0,1,13,10,42,0,3,6,0,11,1,2,0,0,2,1,12,3,1,11,12,5,3,0,34,33,4,7,4,0,3,0,2,99,10,1,20,2
10,78,29,8154,13,329,4077,740,781,1168,453,69,109,815,1530,26948,63,307,6535,1093,601,531,93,306,282,263,145,18,116,472,8743,277,213,69,3175,2316,1697,267,737,28,266,399,9067,370,308,11,100,1056,46,83,24,19,37,24,18,95,6,2,33,17,60,5,7,13,59,26,266,6,111,59,2,56,6,34,32,0,33,0,15,52,3,35,50,66,11,1,315,219,14,24,58,0,3,0,4,161,15,13,107,15
0,0,1,4,0,0,2,3383,1357,785,1069,4798,5600,19,5,63,10334,851,250,112,5459,277,306,366,51,11,29,6,5,17,901,140,1059,15,8,43,1252,11,4,3,21,137,191,32,31,27,256,6,0,61,0,0,0,0,0,1,13,45,30,65,10,16,1,3,0,0,1,31,14,8,19,7,13,3,9,0,1,0,0,2,1,12,0,0,5,0,178,1,2,5,1,0,0,0,0,1,0,0,5,2
0,0,0,1,1,0,1,6373,221,14,67,46,451,13,7,307,851,1311,862,210,1194,74,23,116,11,17,2,3,1,17,2412,108,252,8,8,13,685,7,6,1,4,12,192,9,97,3,70,0,0,9,0,0,0,0,0,0,4,25,36,47,12,15,0,2,0,0,3,21,12,2,19,9,10,1,10,0,0,0,1,4,0,5,1,1,2,1,157,5,1,2,0,0,0,0,1,0,0,0,0,2
2,1,1,90,0,2,31,2474,6171,507,608,155,168,146,170,6535,250,862,12542,975,1689,377,76,778,300,27,129,2,13,67,3125,46,128,4,58,1877,1521,53,147,5,52,86,821,128,84,9,61,13,1,47,0,0,5,0,0,5,7,11,116,31,58,16,3,4,2,3,59,13,163,42,4,27,19,28,38,1,38,0,2,49,1,20,20,6,7,0,347,112,7,10,14,0,3,0,1,5,2,5,65,19
2,4,3,230,0,9,74,6736,5239,135,243,630,1523,651,273,1093,112,210,975,21681,137,772,1230,186,4105,379,2027,13,75,483,556,1973,9453,86,86,286,1053,3638,39,19,95,252,1080,1574,4862,38,868,59,8,145,4,0,25,0,4,16,106,31,8,275,13,48,287,255,20,10,38,16,64,1817,5,317,90,1754,8,9,459,1,2,7,18,1292,12,6,685,6,288,43,4,265,7,1,60,1,67,2,3,2,19,7
0,3,1,15,0,1,21,764,869,2656,1908,5230,1377,55,35,601,5459,1194,1689,137,7555,437,641,334,81,47,66,19,17,98,1875,426,1487,46,100,337,3003,27,81,16,151,1016,2866,101,97,73,670,17,1,888,0,0,2,0,0,4,9,28,55,46,28,23,1,6,0,1,7,28,44,6,11,20,14,7,22,0,8,0,0,5,2,15,10,0,3,0,220,14,1,7,4,0,2,0,1,1,0,2,21,7
326,1045,681,1158,59,250,411,1429,917,4574,2932,1175,259,970,841,531,277,74,377,772,437,22107,5937,101,194,140,350,2490,4747,1551,61,426,504,699,240,198,492,109,197,217,21481,1431,372,918,98,8575,2323,131,87,156,6,4,6,10,4,19,6,5,13,15,18,1,8,3,14,17,84,1,42,27,1,19,4,31,12,9,14,2,4,15,12,13,19,29,11,6,81,59,9,14,19,7,20,1,12,27,3,5,32,4
0,0,0,30,0,2,17,193,435,880,1399,4027,453,25,22,93,306,23,76,1230,641,5937,8278,53,1263,133,857,62,55,48,33,285,3895,285,14,33,141,438,12,70,54,176,136,1406,257,3255,6626,5,1,33,0,0,4,0,0,2,3,0,2,11,3,0,8,4,1,0,3,2,1,77,2,19,6,84,2,8,18,1,0,0,4,143,2,1,48,5,9,1,0,98,0,5,24,1,12,0,0,0,1,1
1,6,4,47,2,63,379,397,13471,127,64,196,315,27,12,306,366,116,778,186,334,101,53,7463,940,49,1470,72,12,22,19,76,153,92,1639,4531,3267,31,5586,597,23,35,72,491,19,14,82,824,13,12,2,0,2,3,2,1,2,2,18,4,6,1,2,8,1,1,7,0,28,26,2,8,2,17,3,0,5,0,0,2,0,9,2,0,9,0,88,9,1,7,0,6,4,0,1,18,0,0,14,2
1,2,0,46,1,21,121,48,7558,83,68,339,144,45,23,282,51,11,300,4105,81,194,1263,940,13088,132,12689,14,8,55,18,833,3299,44,186,412,670,537,133,32,28,45,77,3274,373,35,1051,166,8,15,0,3,9,3,3,17,6,8,0,80,1,18,77,62,10,7,12,6,20,576,4,138,47,731,8,9,80,0,3,1,17,638,3,9,354,6,26,11,4,293,4,0,78,0,45,9,0,0,10,11
1,4,4,198,2,17,98,178,74,72,17,14,17,310,106,263,11,17,27,379,47,140,133,49,132,16266,1504,20,30,183,90,12444,165,3932,36,22,30,6859,27,244,35,63,325,11546,2913,56,691,36,5,22,0,0,0,2,1,2,0,1,0,6,0,1,2,0,1,3,2,0,0,0,0,40,4,26,0,110,98,13,0,0,119,162,1,0,54,37,6,0,0,206,1,34,242,1,76,4,1,0,4,3
0,2,2,50,1,27,90,81,3474,170,73,133,79,51,22,145,29,2,129,2027,66,350,857,1470,12689,1504,20827,679,20,68,23,2751,1511,952,133,184,1311,793,963,8383,33,72,90,13998,993,178,2159,494,17,22,0,2,2,0,1,4,4,2,0,51,4,5,31,20,4,4,13,6,11,148,3,139,41,448,0,60,298,35,1,1,95,419,9,0,169,34,18,7,2,379,4,118,314,2,118,8,1,0,4,9
4,10,11,28,3,5,8,19,17,46,8,4,2,86,23,18,6,3,2,13,19,2490,62,72,14,20,679,51200,1366,213,9,60,33,9422,7,3,113,35,78,20017,429,64,38,137,104,14185,3438,69,2,9,0,0,1,0,0,0,0,1,0,1,0,0,0,1,0,0,0,0,0,0,0,1,0,1,0,12,6,9,0,0,12,1,1,0,1,29,0,3,0,4,2,95,18,0,3,2,0,0,1,0
483,544,349,440,281,348,127,32,6,168,11,8,34,4768,569,116,5,1,13,75,17,4747,55,12,8,30,20,1366,80120,12967,33,173,59,93,71,24,140,19,61,62,30794,921,215,55,66,1096,161,144,9941,67,4,4,8,3,5,13,0,1,1,0,10,2,0,1,5,12,45,0,11,0,0,10,1,2,1,0,0,0,1,8,1,3,10,7,2,0,31,21,4,2,8,1,1,0,0,16,4,1,8,1
400,891,528,1379,116,268,288,210,28,145,55,25,307,28192,2894,472,17,17,67,483,98,1551,48,22,55,183,68,213,12967,43798,292,1143,404,122,208,59,581,70,149,31,16382,11104,1700,110,563,76,543,153,827,1337,4,7,9,10,9,16,1,0,9,1,19,3,0,0,13,21,88,1,31,9,0,18,3,9,7,2,3,0,9,7,2,9,34,30,5,0,115,78,4,11,16,0,4,0,1,37,5,2,38,2
2,9,1,128,2,7,16,794,63,133,51,31,192,551,385,8743,901,2412,3125,556,1875,61,33,19,18,90,23,9,33,292,12443,154,184,24,101,73,398,82,55,1,71,164,13826,55,294,2,50,54,4,187,6,1,5,2,2,10,3,0,12,7,17,3,1,4,9,8,42,3,17,11,2,24,2,6,5,0,3,0,2,7,1,6,16,9,3,0,108,40,1,8,6,0,2,0,0,17,4,3,28,4
5,12,11,227,2,5,107,456,166,756,61,81,282,1024,259,277,140,108,46,1973,426,426,285,76,833,12444,2751,60,173,1143,154,39775,4215,4353,46,34,119,1605,44,469,343,950,1079,5694,8604,157,15345,43,8,345,0,0,1,0,0,1,3,5,1,8,2,0,11,9,2,1,4,1,3,28,0,57,7,84,1,120,75,13,0,1,185,195,2,2,67,58,17,6,2,270,2,54,303,1,104,2,0,0,5,2
1,3,3,41,1,5,43,605,1543,1112,482,2889,4287,266,96,213,1059,252,128,9453,1487,504,3895,153,3299,165,1511,33,59,404,184,4215,18663,126,34,88,711,723,21,38,224,882,825,1341,6415,231,6878,18,1,324,0,0,10,1,1,7,39,11,2,93,3,8,92,85,10,4,13,8,18,692,2,118,27,560,7,8,162,0,0,0,9,560,5,5,257,3,96,6,0,203,2,6,62,1,34,1,0,2,12,5
0,2,2,51,0,4,37,56,34,103,30,31,10,129,43,69,15,8,4,86,46,699,285,92,44,3932,952,9422,93,122,24,4353,126,27348,12,6,96,225,105,20278,52,97,107,6505,468,2327,12157,69,2,25,0,1,0,0,0,0,0,1,0,2,0,0,0,0,0,0,0,0,0,3,0,16,2,10,0,153,41,69,0,0,242,12,0,0,5,333,3,0,0,39,2,730,388,4,82,4,0,0,1,0
4,51,19,390,10,566,4845,10,184,488,205,9,4,299,90,3175,8,8,58,86,100,240,14,1639,186,36,133,7,71,208,101,46,34,12,4569,1997,2402,30,12919,49,118,133,332,159,16,2,27,3760,48,46,11,4,24,12,13,38,0,5,14,6,52,5,1,1,28,25,150,2,75,16,0,29,1,10,18,0,10,0,18,19,0,4,47,39,1,0,300,141,4,6,26,0,2,0,1,122,7,6,94,10
0,9,4,76,0,21,170,69,1119,487,235,58,27,52,35,2316,43,13,1877,286,337,198,33,4531,412,22,184,3,24,59,73,34,88,6,1997,6625,3244,39,3763,9,64,118,312,215,13,3,26,120,6,39,3,0,3,2,2,6,1,3,41,15,49,2,2,6,7,13,92,3,113,33,1,43,2,14,16,0,18,0,6,37,1,16,20,17,4,0,389,106,15,10,14,0,2,0,1,6,1,8,60,13
38,269,111,736,18,340,1400,5845,23260,1603,461,766,3096,734,288,1697,1252,685,1521,1053,3003,492,141,3267,670,30,1311,113,140,581,398,119,711,96,2402,3244,1716,19,5233,520,470,593,1321,241,51,22,169,1439,65,238,3,4,6,7,25,31,142,180,39,406,16,16,14,74,8,10,60,55,67,179,20,28,31,79,21,3,180,2,1,22,2,53,9,10,7,3,809,81,7,9,14,12,5,0,1,56,3,5,25,17
0,5,1,152,0,7,77,145,183,69,28,23,17,124,104,267,11,7,53,3638,27,109,438,31,537,6859,793,35,19,70,82,1605,723,225,30,39,19,9524,14,54,23,45,225,8221,3437,32,692,25,0,17,0,0,3,0,1,1,0,1,3,8,2,2,9,7,4,5,2,3,6,40,2,75,10,164,3,17,85,2,1,0,23,275,3,2,132,13,6,7,2,292,0,7,116,0,40,3,2,0,3,3
8,41,18,198,8,162,1119,25,165,479,322,10,3,172,42,737,4,6,147,39,81,197,12,5586,133,27,963,78,61,149,55,44,21,105,12919,3763,5233,14,15003,683,90,135,178,353,2,10,75,7777,64,36,2,3,4,2,2,9,0,2,14,3,37,2,0,0,7,6,55,3,61,2,1,18,5,3,10,0,4,3,1,12,1,2,11,9,0,2,244,74,5,3,12,10,1,0,0,39,5,4,51,9
0,0,2,24,1,9,38,12,217,32,11,8,1,36,8,28,3,1,5,19,16,217,70,597,32,244,8383,20017,62,31,1,469,38,20278,49,9,520,54,683,28161,31,21,37,12701,67,1008,2071,495,20,16,0,1,0,0,2,0,0,0,0,0,0,0,0,0,0,0,0,0,0,2,0,34,9,46,0,116,235,402,0,0,193,11,1,0,2,739,14,0,1,16,21,3289,441,23,97,10,0,0,1,1
170,620,411,1028,43,187,256,53,19,14413,58,48,84,1088,715,266,21,4,52,95,151,21481,54,23,28,35,33,429,30794,16382,71,343,224,52,118,64,470,23,90,31,66666,13540,557,64,117,272,304,70,52,504,5,3,3,6,8,13,0,0,7,4,7,2,1,0,6,7,43,1,14,1,2,13,0,5,5,0,0,0,3,6,2,2,17,13,0,0,74,34,5,3,7,0,4,0,1,12,1,3,17,1
49,336,194,1084,11,68,264,104,62,11343,175,209,242,3063,1800,399,137,12,86,252,1016,1431,176,35,45,63,72,64,921,11104,164,950,882,97,133,118,593,45,135,21,13540,20343,2855,186,230,76,973,71,19,6144,1,0,1,5,1,6,0,0,8,4,7,0,1,1,8,6,34,0,27,5,2,11,1,6,7,1,0,0,2,12,0,8,14,8,5,0,68,52,4,12,12,0,4,0,0,13,0,1,20,4
5,38,21,1574,12,19,116,645,197,2178,123,259,709,2644,6154,9067,191,192,821,1080,2866,372,136,72,77,325,90,38,215,1700,13826,1079,825,107,332,312,1321,225,178,37,557,2855,24615,198,868,15,388,136,33,7997,2,2,5,1,4,15,1,5,12,11,21,1,3,8,10,2,47,5,41,19,1,23,0,10,5,0,9,0,9,12,2,20,12,8,7,0,130,51,3,20,6,1,4,0,0,32,2,7,36,5
0,4,4,178,0,24,160,76,561,390,153,128,47,147,73,370,32,9,128,1574,101,918,1406,491,3274,11546,13998,137,55,110,55,5694,1341,6505,159,215,241,8221,353,12701,64,186,198,43013,552,493,4923,386,15,23,0,2,3,3,7,7,0,3,1,19,5,2,3,2,4,1,5,2,3,44,0,120,14,196,3,199,274,22,0,3,305,375,1,5,132,132,7,5,3,459,2,162,671,3,202,17,0,0,7,6
0,7,6,224,1,3,55,994,160,87,16,27,124,676,224,308,31,97,84,4862,97,98,257,19,373,2913,993,104,66,563,294,8604,6415,468,16,13,51,3437,2,67,117,230,868,552,7148,17,817,5,7,110,1,1,7,1,1,7,6,5,1,19,3,6,14,5,9,6,9,5,4,128,2,130,12,291,1,10,69,2,0,1,18,431,8,2,230,11,10,3,2,357,0,5,106,0,44,2,0,1,9,3
5,2,3,9,0,2,9,31,32,286,214,233,39,20,7,11,27,3,9,38,73,8575,3255,14,35,56,178,14185,1096,76,2,157,231,2327,2,3,22,32,10,1008,272,76,15,493,17,7724,7328,15,1,7,0,0,0,0,0,0,0,0,0,0,0,0,0,0,0,0,2,0,0,1,0,0,0,4,0,6,4,1,0,0,10,3,0,0,1,19,0,1,0,4,0,39,9,0,5,1,0,0,1,0
1,4,4,56,0,3,20,151,219,1577,368,594,325,301,68,100,256,70,61,868,670,2323,6626,82,1051,691,2159,3438,161,543,50,15345,6878,12157,27,26,169,692,75,2071,304,973,388,4923,817,7328,34640,57,3,213,0,0,1,0,0,1,1,1,2,4,2,3,5,1,4,1,5,4,2,27,1,39,6,74,3,115,68,28,1,1,165,134,1,0,55,134,4,0,0,156,1,243,282,1,76,0,1,0,1,3
25,172,86,571,189,4627,3493,19,58,354,133,5,19,296,126,1056,6,0,13,59,17,131,5,824,166,36,494,69,144,153,54,43,18,69,3760,120,1439,25,7777,495,70,71,136,386,5,15,57,10504,939,17,25,56,44,91,130,215,0,0,1,0,3,0,0,0,31,7,40,0,3,3,1,9,0,1,1,1,0,1,11,0,1,1,9,5,0,1,24,37,1,1,3,10,2,1,0,746,19,6,9,0
2766,822,452,318,3785,3447,117,7,3,28,9,0,1,13362,472,46,0,0,1,8,1,87,1,13,8,5,17,2,9941,827,4,8,1,2,48,6,65,0,64,20,52,19,33,15,7,1,3,939,11022,0,4,6,5,8,20,12,0,0,0,0,5,0,0,0,14,3,21,0,2,1,0,3,0,1,0,0,0,0,1,0,0,1,1,2,0,0,4,15,0,1,3,0,0,0,0,29,2,0,5,0
1,5,1,35,0,2,12,69,35,5767,48,77,163,5888,7280,83,61,9,47,145,888,156,33,12,15,22,22,9,67,1337,187,345,324,25,46,39,238,17,36,16,504,6144,7997,23,110,7,213,17,0,7617,1,0,0,0,0,0,1,0,1,2,1,0,0,0,0,2,3,0,3,2,0,4,2,3,0,1,1,0,0,3,0,7,2,1,5,0,29,10,0,1,0,0,0,0,0,0,0,1,5,0
2,27,6,51,1,41,57,0,0,1,1,0,0,21,6,24,0,0,0,4,0,6,0,2,0,0,0,0,4,4,6,0,0,0,11,3,3,0,2,0,5,1,2,0,1,0,0,25,4,1,28051,12224,2180,13997,14403,1364,5,6,2,2,27,0,1,1,9519,26,41,7,0,17,0,165,6,1,1,6,1,1,587,3,6,50,330,2,24,1,28,61,0,16,51,1,6,5,3,344,5586,58,304,1
12,47,52,87,47,64,90,1,0,2,0,0,0,18,7,19,0,0,0,0,0,4,0,0,3,0,2,0,4,7,1,0,0,1,4,0,4,0,3,1,3,0,2,2,1,0,0,56,6,0,12224,85594,11689,17053,2666,7946,3,5,0,4,225,4,0,1,11952,20,35,2,3,15,1,814,2,3,0,1,2,6,523,4,7,27,648,3,20,0,34,118,7,15,18,0,4,4,5,528,813,248,1217,5
4,39,10,91,3,40,78,4,3,7,1,0,4,34,18,37,0,0,5,25,2,6,4,2,9,0,2,1,8,9,5,1,10,0,24,3,6,3,4,0,3,1,5,3,7,0,1,44,5,0,2180,11689,57295,324,1219,11966,68,86,36,27,736,39,5,33,13740,7389,1929,121,35,286,7,646,30,15,21,29,27,11,579,73,50,396,1245,43,309,27,145,937,15,232,146,4,35,2,18,485,849,233,2590,169
20,162,1605,800,71,1282,1275,0,0,3,1,0,0,28,13,24,0,0,0,0,0,10,0,3,3,2,0,0,3,10,2,0,1,0,12,2,7,0,2,0,6,5,1,3,1,0,0,91,8,0,13997,17053,324,38493,21193,17458,0,1,0,3,74,2,0,1,481,8,36,0,1,6,0,292,4,1,1,0,0,2,156,1,2,14,294,1,9,1,16,227,1,11,49,1,0,3,1,660,345,109,414,3
6,37,20,131,3,148,133,0,1,1,0,0,0,23,10,18,0,0,0,4,0,4,0,2,3,1,1,0,5,9,2,0,1,0,13,2,25,1,2,2,8,1,4,7,1,0,0,130,20,0,14403,2666,1219,21193,25333,11997,0,1,1,0,107,4,3,2,768,30,72,1,5,11,1,308,75,17,4,3,10,6,208,4,4,27,264,15,6,0,78,1458,2,40,525,8,39,2,2,4442,5121,125,450,16
10,145,254,504,16,438,685,7,2,13,2,1,3,86,32,95,1,0,5,16,4,19,2,1,17,2,4,0,13,16,10,1,7,0,38,6,31,1,9,0,13,6,15,7,7,0,1,215,12,0,1364,7946,11966,17458,11997,44240,26,59,48,55,858,37,11,7,1695,87,2877,44,38,256,13,921,68,24,7,21,20,4,236,13,15,154,917,7,194,7,237,3620,5,195,313,4,34,0,16,2369,354,247,2390,120
0,0,0,1,0,0,1,408,242,1,7,10,307,0,1,6,13,4,7,106,9,6,3,2,6,0,4,0,0,1,3,3,39,0,0,1,142,0,0,0,0,0,1,0,6,0,1,0,0,1,5,3,68,0,0,26,2272,3145,512,1326,12,50,27,2508,94,93,210,2065,135,8171,55,48,287,132,4,0,150,0,5,43,4,1194,22,49,35,0,1562,26,7,11,4,1,3,0,6,2,3,1,24,8
0,0,0,1,0,1,1,194,167,5,8,13,123,1,0,2,45,25,11,31,28,5,0,2,8,1,2,1,1,0,0,5,11,1,5,3,180,1,2,0,0,0,5,3,5,0,1,0,0,0,6,5,86,1,1,59,3145,31761,8512,4371,141,1162,116,444,122,98,522,7144,388,5406,291,899,420,74,27,11,32,2,12,157,13,284,25,80,205,14,3186,38,12,114,10,5,41,8,102,4,8,8,43,21
0,1,0,0,0,0,3,87,44,33,12,3,15,3,0,33,30,36,116,8,55,13,2,18,0,0,0,0,1,9,12,1,2,0,14,41,39,3,14,0,7,8,12,1,1,0,2,1,0,1,2,0,36,0,1,48,512,8512,8942,4236,617,1625,77,144,57,111,1528,3512,3833,663,497,507,111,40,339,1,6,0,7,4018,10,150,21,100,88,8,1398,66,29,56,41,2,13,7,44,3,4,9,83,87
0,4,1,2,0,2,1,494,417,13,14,24,289,10,2,17,65,47,31,275,46,15,11,4,80,6,51,1,0,1,7,8,93,2,6,15,406,8,3,0,4,4,11,19,19,0,4,0,0,2,2,4,27,3,0,55,1326,4371,4236,43752,299,1604,728,1666,27,33,259,2013,7477,10417,1649,1661,11873,5852,423,33,1434,11,9,241,36,1171,27,27,259,23,13681,437,45,409,22,70,526,10,167,7,4,7,89,106
1,4,3,16,0,4,13,37,17,34,10,2,1,18,5,60,10,12,58,13,28,18,3,6,1,0,4,0,10,19,17,2,3,0,52,49,16,2,37,0,7,7,21,5,3,0,2,3,5,1,27,225,736,74,107,858,12,141,617,299,34470,3707,433,60,171,171,507,152,1053,66,2769,2540,162,46,1048,37,38,21,64,68,140,625,299,91,47,60,1389,902,183,175,615,9,132,10,596,130,114,17348,27038,10462
0,0,0,2,0,0,1,45,52,3,3,3,18,1,1,5,16,15,16,48,23,1,0,1,18,1,5,0,2,3,3,0,8,0,5,2,16,2,2,0,2,0,1,2,6,0,3,0,0,0,0,4,39,2,4,37,50,1162,1625,1604,3707,5113,6162,547,29,85,248,752,549,362,2930,5854,205,123,1161,12,57,8,21,183,24,651,52,75,17,14,425,96,116,68,44,2,51,13,265,4,3,23,419,1099
0,0,0,1,0,0,0,54,118,2,4,8,57,3,0,7,1,0,3,287,1,8,8,2,77,2,31,0,0,0,1,11,92,0,1,2,14,9,0,0,1,1,3,3,14,0,5,0,0,0,1,0,5,0,3,11,27,116,77,728,433,6162,8312,8777,19,53,43,2891,95,1008,4501,4362,141,802,735,6,332,6,3,148,25,6660,33,45,91,21,233,26,74,91,11,6,60,7,803,2,0,4,116,352
0,1,0,1,0,0,2,256,277,1,5,18,234,1,1,13,3,2,4,255,6,3,4,8,62,0,20,1,1,0,4,9,85,0,1,6,74,7,0,0,0,1,8,2,5,0,1,0,0,0,1,1,33,1,2,7,2508,444,144,1666,60,547,8777,8598,89,137,159,10127,174,1762,1863,466,202,870,403,4,224,0,2,331,9,4408,99,131,43,12,725,30,86,21,5,1,20,1,116,2,3,4,139,129
4,54,15,80,5,42,80,1,5,3,1,0,1,52,13,59,0,0,2,20,0,14,1,1,10,1,4,0,5,13,9,2,10,0,28,7,8,4,7,0,6,8,10,4,9,0,4,31,14,0,9519,11952,13740,481,768,1695,94,122,57,27,171,29,19,89,61512,8405,1730,264,41,295,10,688,3,34,53,68,27,31,5143,284,208,1456,18545,1129,337,72,262,286,117,194,179,4,42,9,93,455,10598,339,2349,78
3,13,4,33,4,15,27,4,1,15,4,0,3,30,10,26,0,0,3,10,1,17,0,1,7,3,4,0,12,21,8,1,4,0,25,13,10,5,6,0,7,6,2,1,6,0,1,7,3,2,26,20,7389,8,30,87,93,98,111,33,171,85,53,137,8405,37696,4078,358,96,235,65,254,15,32,456,33,18,17,85,638,210,1324,4843,4641,183,69,518,254,4299,112,224,6,41,1,275,100,57,36,4199,8213
18,72,24,233,5,60,170,28,18,86,27,8,13,177,42,266,1,3,59,38,7,84,3,7,12,2,13,0,45,88,42,4,13,0,150,92,60,2,55,0,43,34,47,5,9,2,5,40,21,3,41,35,1929,36,72,2877,210,522,1528,259,507,248,43,159,1730,4078,26333,953,5949,838,49,208,104,85,338,30,41,10,78,8496,42,569,355,6217,342,9,2301,7998,248,219,824,7,35,1,33,457,68,33,760,196
0,0,1,1,1,0,0,44,61,4,5,8,8,1,0,6,31,21,13,16,28,1,2,0,6,0,6,0,0,1,3,1,8,0,2,3,55,3,3,0,1,0,5,2,5,0,4,0,0,0,7,2,121,0,1,44,2065,7144,3512,2013,152,752,2891,10127,264,358,953,6807,588,241,5779,529,385,65,2808,10,19,3,21,2586,76,2774,85,505,95,27,1040,47,93,41,21,1,23,1,232,2,19,4,112,152
0,2,3,9,0,5,16,72,41,80,15,6,23,13,3,111,14,12,163,64,44,42,1,28,20,0,11,0,11,31,17,3,18,0,75,113,67,6,61,0,14,27,41,3,4,0,2,3,2,3,0,3,35,1,5,38,135,388,3833,7477,1053,549,95,174,41,96,5949,588,9760,1082,289,333,3816,247,775,11,128,2,3,2356,13,291,60,153,77,4,2331,1032,104,180,280,7,96,1,29,11,8,21,414,329
0,2,0,12,0,3,10,490,1040,8,13,81,619,8,6,59,8,2,42,1817,6,27,77,26,576,0,148,0,0,9,11,28,692,3,16,33,179,40,2,2,1,5,19,44,128,1,27,3,1,2,17,15,286,6,11,256,8171,5406,663,10417,66,362,1008,1762,295,235,838,241,1082,18470,53,898,485,8799,46,118,1677,36,26,44,110,8054,79,141,5482,69,2152,284,18,2557,32,27,397,8,151,18,24,6,126,44
0,0,0,0,0,0,0,21,20,4,2,4,5,0,0,2,19,19,4,5,11,1,2,2,4,0,3,0,0,0,2,0,2,0,0,1,20,2,1,0,2,2,1,0,2,0,1,1,0,0,0,1,7,0,1,13,55,291,497,1649,2769,2930,4501,1863,10,65,49,5779,289,53,11406,1047,449,35,16047,5,20,1,4,2033,17,794,30,61,10,18,715,69,149,45,26,1,30,4,291,3,0,3,295,4221
5,14,4,50,1,15,31,56,101,13,3,13,74,30,11,56,7,9,27,317,20,19,19,8,138,40,139,1,10,18,24,57,118,16,29,43,28,75,18,34,13,11,23,120,130,0,39,9,3,4,165,814,646,292,308,921,48,899,507,1661,2540,5854,4362,466,688,254,208,529,333,898,1047,34027,202,1199,798,336,687,4039,2708,201,505,7618,1205,141,294,1849,644,358,257,1517,281,444,1593,13094,13757,96,1004,1739,2772,1128
0,3,0,3,1,4,4,63,61,5,3,8,34,0,1,6,13,10,19,90,14,4,6,2,47,4,41,0,1,3,2,7,27,2,1,2,31,10,5,9,0,1,0,14,12,0,6,0,0,2,6,2,30,4,75,68,287,420,111,11873,162,205,141,202,3,15,104,385,3816,485,449,202,7025,1968,263,59,1195,37,11,60,46,391,23,7,47,35,5426,3057,24,405,1609,496,972,1,48,314,32,2,70,84
0,0,1,8,0,1,7,118,569,6,4,47,201,10,2,34,3,1,28,1754,7,31,84,17,731,26,448,1,2,9,6,84,560,10,10,14,79,164,3,46,5,6,10,196,291,4,74,1,1,3,1,3,15,1,17,24,132,74,40,5852,46,123,802,870,34,32,85,65,247,8799,35,1199,1968,26374,41,134,16231,195,4,18,160,4808,37,18,410,136,780,137,25,2588,144,2862,10250,10,336,34,9,0,52,44
0,1,0,1,0,0,0,26,18,18,7,2,1,1,0,32,9,10,38,8,22,12,2,3,8,0,0,0,1,7,5,1,7,0,18,16,21,3,10,0,5,7,5,3,1,0,3,1,0,0,1,0,21,1,4,7,4,27,339,423,1048,1161,735,403,53,456,338,2808,775,46,16047,798,263,41,9287,10,17,8,3,8931,68,944,384,3200,24,29,1866,358,3691,49,709,4,34,4,317,12,2,11,1288,4659
0,0,0,2,0,0,1,1,2,1,2,0,1,1,0,0,0,0,1,9,0,9,8,0,9,110,60,12,0,2,0,120,8,153,0,0,3,17,0,116,0,1,0,199,10,6,115,1,0,1,6,1,29,0,3,21,0,11,1,33,37,12,6,4,68,33,30,10,11,118,5,336,59,134,10,10983,1878,14,12,6,6804,1136,103,13,2450,4179,31,17,19,5323,74,144,4057,19,447,22,11,5,107,39
0,0,0,8,0,2,2,177,599,3,4,39,313,3,2,33,1,0,38,459,8,14,18,5,80,98,298,6,0,3,3,75,162,41,10,18,180,85,4,235,0,0,9,274,69,4,68,0,0,1,1,2,27,0,10,20,150,32,6,1434,38,57,332,224,27,18,41,19,128,1677,20,687,1195,16231,17,1878,17737,429,0,5,1500,1965,30,10,701,682,318,116,9,2452,586,9762,18640,16,706,66,10,1,55,42
0,0,0,0,0,0,0,1,2,0,0,0,0,0,1,0,0,0,0,1,0,2,1,0,0,13,35,9,0,0,0,13,0,69,0,0,2,2,3,402,0,0,0,22,2,1,28,1,0,0,1,6,11,2,6,4,0,2,0,11,21,8,6,0,31,17,10,3,2,36,1,4039,37,195,8,14,429,34297,890,3,105,64,71,2,56,9634,46,11,6,97,84,14530,403,15830,1172,12,5,190,69,17
1,6,2,25,0,10,22,0,0,1,0,0,0,18,12,15,0,1,2,2,0,4,0,0,3,0,1,0,1,9,2,0,0,0,18,6,1,1,1,0,3,2,9,0,0,0,1,11,1,0,587,523,579,156,208,236,5,12,7,9,64,21,3,2,5143,85,78,21,3,26,4,2708,11,4,3,12,0,890,103270,11,26,165,24788,19,38,40,66,57,3,26,73,5,7,670,11,116,13626,21440,4116,4
0,0,2,4,1,0,5,12,5,24,9,0,3,5,3,52,2,4,49,7,5,15,0,2,1,0,1,0,8,7,7,1,0,0,19,37,22,0,12,0,6,12,12,3,1,0,1,0,0,3,3,4,73,1,4,13,43,157,4018,241,68,183,148,331,284,638,8496,2586,2356,44,2033,201,60,18,8931,6,5,3,11,6499,25,433,172,3382,22,14,1169,139,548,20,207,0,3,1,103,7,2,2,227,196
0,0,0,0,0,0,1,5,13,6,2,2,3,1,1,3,1,0,1,18,2,12,4,0,17,119,95,12,1,2,1,185,9,242,0,1,2,23,1,193,2,0,2,305,18,10,165,1,0,0,6,7,50,2,4,15,4,13,10,36,140,24,25,9,208,210,42,76,13,110,17,505,46,160,68,6804,1500,105,26,25,24580,5524,449,82,3145,4019,36,6,109,1711,45,401,1724,82,8205,8,26,10,674,276
0,1,0,16,0,2,14,159,321,15,11,45,182,20,11,35,12,5,20,1292,15,13,143,9,638,162,419,1,3,9,6,195,560,12,4,16,53,275,2,11,2,8,20,375,431,3,134,1,1,7,50,27,396,14,27,154,1194,284,150,1171,625,651,6660,4408,1456,1324,569,2774,291,8054,794,7618,391,4808,944,1136,1965,64,165,433,5524,41539,1796,795,22664,523,448,149,803,5446,68,45,1354,24,13497,18,109,59,2569,1396
2,13,7,43,2,12,34,5,1,17,3,0,0,32,12,50,0,1,20,12,10,19,2,2,3,1,9,1,10,34,16,2,5,0,47,20,9,3,11,1,17,14,12,1,8,0,1,9,1,2,330,648,1245,294,264,917,22,25,21,27,299,52,33,99,18545,4843,355,85,60,79,30,1205,23,37,384,103,30,71,24788,172,449,1796,69466,661,190,145,585,421,759,144,299,12,61,11,329,154,3718,12162,34588,1653
0,10,7,24,3,14,25,4,1,25,8,1,1,37,5,66,0,1,6,6,0,29,1,0,9,0,0,0,7,30,9,2,5,0,39,17,10,2,9,0,13,8,8,5,2,0,0,5,2,1,2,3,43,1,15,7,49,80,100,27,91,75,45,131,1129,4641,6217,505,153,141,61,141,7,18,3200,13,10,2,19,3382,82,795,661,12709,117,18,1198,396,5696,53,491,0,11,1,151,123,17,11,834,885
1,0,0,4,0,0,4,18,118,4,1,23,28,10,3,11,5,2,7,685,3,11,48,9,354,54,169,1,2,5,3,67,257,5,1,4,7,132,0,2,0,5,7,132,230,1,55,0,0,5,24,20,309,9,6,194,35,205,88,259,47,17,91,43,337,183,342,95,77,5482,10,294,47,410,24,2450,701,56,38,22,3145,22664,190,117,14849,170,43,77,14,6383,34,31,399,1,500,11,29,7,219,50
0,0,0,0,0,0,0,4,2,1,1,1,1,0,0,1,0,1,0,6,0,6,5,0,6,37,34,29,0,0,0,58,3,333,0,0,3,13,2,739,0,0,0,132,11,19,134,1,0,0,1,0,27,1,0,7,0,14,8,23,60,14,21,12,72,69,9,27,4,69,18,1849,35,136,29,4179,682,9634,40,14,4019,523,145,18,170,24727,17,8,34,498,31,2888,4140,9888,8114,9,8,11,196,97
2,24,11,68,1,32,97,780,816,183,51,71,411,100,34,315,178,157,347,288,220,81,9,88,26,6,18,0,31,115,108,17,96,3,300,389,809,6,244,14,74,68,130,7,10,0,4,24,4,29,28,34,145,16,78,237,1562,3186,1398,13681,1389,425,233,725,262,518,2301,1040,2331,2152,715,644,5426,780,1866,31,318,46,66,1169,36,448,585,1198,43,17,759,5406,478,76,3470,634,281,4,52,836,78,108,1744,761
9,47,25,150,2,51,141,21,10,75,29,4,6,99,33,219,1,5,112,43,14,59,1,9,11,0,7,3,21,78,40,6,6,0,141,106,81,7,74,0,34,52,51,5,3,1,0,37,15,10,61,118,937,227,1458,3620,26,38,66,437,902,96,26,30,286,254,7998,47,1032,284,69,358,3057,137,358,17,116,11,57,139,6,149,421,396,77,8,5406,27147,112,219,9585,19,117,1,23,2190,114,92,1341,304
1,0,0,4,0,0,8,3,3,12,2,0,0,7,4,14,2,1,7,4,1,9,0,1,4,0,2,0,4,4,1,2,0,0,4,15,7,2,5,1,5,4,3,3,2,0,0,1,0,0,0,7,15,1,2,5,7,12,29,45,183,116,74,86,117,4299,248,93,104,18,149,257,24,25,3691,19,9,6,3,548,109,803,759,5696,14,34,478,112,18193,35,176,2,34,1,270,18,4,13,1734,7899
0,0,0,12,0,1,2,13,46,10,2,10,12,20,7,24,5,2,10,265,7,14,98,7,293,206,379,4,2,11,8,270,203,39,6,10,9,292,3,16,3,12,20,459,357,4,156,1,1,1,16,15,232,11,40,195,11,114,56,409,175,68,91,21,194,112,219,41,180,2557,45,1517,405,2588,49,5323,2452,97,26,20,1711,5446,144,53,6383,498,76,219,35,21447,191,292,8952,35,1038,87,29,12,333,171
1,8,1,23,3,3,15,3,1,15,10,2,2,14,4,58,1,0,14,7,4,19,0,0,4,1,4,2,8,16,6,2,2,2,26,14,14,0,12,21,7,12,6,2,0,0,1,3,3,0,51,18,146,49,525,313,4,10,41,22,615,44,11,5,179,224,824,21,280,32,26,281,1609,144,709,74,586,84,73,207,45,68,299,491,34,31,3470,9585,176,191,15200,917,685,2,22,8542,285,48,911,321
0,0,0,0,0,0,1,0,4,3,0,1,1,0,0,0,0,0,0,1,0,7,5,6,0,34,118,95,1,0,0,54,6,730,0,0,12,7,10,3289,0,0,1,162,5,39,243,10,0,0,1,0,4,1,8,4,1,5,2,70,9,2,6,1,4,6,7,1,7,27,1,444,496,2862,4,144,9762,14530,5,0,401,45,12,0,31,2888,634,19,2,292,917,30722,10301,389,546,92,14,2,17,5
1,1,1,7,0,2,1,3,16,3,3,4,4,2,3,3,0,0,3,60,2,20,24,4,78,242,314,18,1,4,2,303,62,388,2,2,5,116,1,441,4,4,4,671,106,9,282,2,0,0,6,4,35,0,39,34,3,41,13,526,132,51,60,20,42,41,35,23,96,397,30,1593,972,10250,34,4057,18640,403,7,3,1724,1354,61,11,399,4140,281,117,34,8952,685,10301,36757,122,1553,149,15,7,195,121
0,0,0,0,0,0,0,1,0,0,0,0,1,0,0,0,0,0,0,1,0,1,1,0,0,1,2,0,0,0,0,1,1,4,0,0,0,0,0,23,0,0,0,3,0,0,1,1,0,0,5,4,2,3,2,0,0,8,7,10,10,13,7,1,9,1,1,1,1,8,4,13094,1,10,4,19,16,15830,670,1,82,24,11,1,1,9888,4,1,1,35,2,389,122,24417,14080,1,5,129,16,7
0,0,0,2,0,0,1,7,12,1,0,3,6,1,2,4,0,1,1,67,1,12,12,1,45,76,118,3,0,1,0,104,34,82,1,1,1,40,0,97,1,0,0,202,44,5,76,0,0,0,3,5,18,1,2,16,6,102,44,167,596,265,803,116,93,275,33,232,29,151,291,13757,48,336,317,447,706,1172,11,103,8205,13497,329,151,500,8114,52,23,270,1038,22,546,1553,14080,41897,5,7,19,853,698
45,334,159,808,18,651,937,1,2,16,0,0,0,170,99,161,1,0,5,2,1,27,0,18,9,4,8,2,16,37,17,2,1,4,122,6,56,3,39,10,12,13,32,17,2,1,0,746,29,0,344,528,485,660,4442,2369,2,4,3,7,130,4,2,2,455,100,457,2,11,18,3,96,314,34,12,22,66,12,116,7,8,18,154,123,11,9,836,2190,18,87,8542,92,149,1,5,10192,850,29,326,37
2,10,10,29,1,20,24,1,0,2,0,0,0,14,10,15,0,0,2,3,0,3,0,0,0,1,1,0,4,5,4,0,0,0,7,1,3,2,5,0,1,0,2,0,0,0,1,19,2,0,5586,813,849,345,5121,354,3,8,4,4,114,3,0,3,10598,57,68,19,8,24,0,1004,32,9,2,11,10,5,13626,2,26,109,3718,17,29,8,78,114,4,29,285,14,15,5,7,850,37692,349,1321,5
1,6,2,10,0,6,11,0,2,3,1,0,1,6,1,13,0,0,5,2,2,5,0,0,0,0,0,0,1,2,3,0,2,0,6,8,5,0,4,0,3,1,7,0,1,0,0,6,0,1,58,248,233,109,125,247,1,8,9,7,17348,23,4,4,339,36,33,4,21,6,3,1739,2,0,11,5,1,190,21440,2,10,59,12162,11,7,11,108,92,13,12,48,2,7,129,19,29,349,40676,5304,21
2,24,13,80,0,27,68,17,6,47,12,1,0,57,20,107,5,0,65,19,21,32,1,14,10,4,4,1,8,38,28,5,12,1,94,60,25,3,51,1,17,20,36,7,9,1,1,9,5,5,304,1217,2590,414,450,2390,24,43,83,89,27038,419,116,139,2349,4199,760,112,414,126,295,2772,70,52,1288,107,55,69,4116,227,674,2569,34588,834,219,196,1744,1341,1734,333,911,17,195,16,853,326,1321,5304,47649,5008
0,0,0,3,0,0,2,9,4,9,5,1,0,1,2,15,2,2,19,7,7,4,1,2,11,3,9,0,1,2,4,2,5,0,10,13,17,3,9,1,1,4,5,6,3,0,3,0,0,0,1,5,169,3,16,120,8,21,87,106,10462,1099,352,129,78,8213,196,152,329,44,4221,1128,84,44,4659,39,42,17,4,196,276,1396,1653,885,50,97,761,304,7899,171,321,5,121,7,698,37,5,21,5008,10392
