12093,4692,9927,2002,13988,1626,974,4,2,75,3,4,0,7947,240,337,1,1,4,3,3,379,4,0,2,5,1,48,713,883,36,8,3,32,143,15,5,5,101,15,947,78,90,12,11,32,37,70,2886,21,7,26,13,810,18,56,0,0,0,0,2,0,0,0,11,1,7,0,1,0,0,1,2,0,1,0,0,0,3,0,1,0,1,4,0,1,2,39,1,0,7,0,0,0,0,10,2,1,0,0
4692,24970,7902,22374,838,441,1788,13,12,309,15,13,6,7925,5461,1925,4,3,17,7,6,678,8,7,19,17,10,39,465,764,133,41,16,40,504,95,29,9,185,15,1105,178,365,21,46,32,42,209,496,52,16,118,21,149,111,180,0,2,1,4,5,0,0,0,34,10,27,1,9,0,0,5,0,0,0,0,2,0,11,4,0,0,5,7,0,0,4,181,1,0,20,0,4,0,1,67,8,2,0,1
9927,7902,26638,8656,6985,6482,11554,0,0,163,4,5,1,1268,120,214,0,0,1,4,11,596,5,0,4,2,3,71,638,715,18,9,5,56,210,14,14,3,387,29,1426,139,82,10,11,51,43,183,589,24,37,421,17,4088,125,281,0,0,0,0,4,0,0,0,27,7,23,1,3,0,0,5,2,0,0,0,0,1,13,1,0,0,7,6,0,2,4,136,0,0,19,2,1,0,0,63,12,0,1,0
2002,22374,8656,18505,834,1870,11636,55,26,756,24,19,4,6419,6908,8692,8,13,56,43,30,809,27,27,59,26,20,52,520,970,747,82,30,74,1394,319,58,33,709,22,1228,284,1455,70,84,48,68,503,531,109,38,201,58,613,213,349,0,2,4,18,12,1,0,1,80,12,52,1,29,1,0,5,12,3,2,1,3,0,20,18,0,4,15,22,5,0,12,317,5,0,51,0,3,0,0,154,17,3,1,0
13988,838,6985,834,16790,14858,3079,1,1,39,2,0,0,3548,39,262,0,0,2,3,4,114,2,0,2,3,1,18,486,518,14,4,1,16,120,8,3,1,693,3,373,25,33,4,1,18,11,1332,6420,5,3,17,1,2759,20,70,0,0,1,0,0,0,1,0,4,0,4,0,2,0,0,2,0,1,0,0,0,0,1,1,0,0,0,1,0,1,2,27,0,0,1,1,1,0,0,13,1,0,0,0
1626,441,6482,1870,14858,20208,21970,0,16,52,1,1,0,518,76,551,0,0,0,4,0,91,4,11,6,9,36,17,173,152,18,18,6,10,906,37,76,8,4332,30,185,23,46,42,3,7,15,6217,3032,3,10,81,15,4602,98,727,0,0,1,0,5,0,0,0,17,1,20,0,4,0,0,2,0,1,0,3,0,0,6,2,0,1,3,5,0,2,5,115,0,1,15,1,2,0,2,75,4,1,0,0
974,1788,11554,11636,3079,21970,17504,5,8,346,7,4,2,918,309,3466,4,0,10,9,14,395,4,14,13,6,5,16,234,279,66,17,4,20,1246,60,33,8,5293,10,588,136,165,13,16,21,25,1159,663,38,45,299,60,2577,307,1586,0,0,2,5,10,0,0,0,66,20,60,1,12,0,0,2,10,1,2,1,4,0,11,8,1,4,8,14,1,1,7,412,1,0,48,0,2,0,0,223,25,3,2,1
4,13,0,55,1,0,5,40551,8586,113,1525,2504,10963,165,350,948,3610,4595,2226,3959,261,3981,455,221,481,68,75,32,25,40,1282,519,2610,58,10,186,1061,262,100,19,56,20,1203,108,2597,178,276,4,1,48,0,1,2,0,2,4,129,287,88,1339,15,19,38,96,4,14,26,62,117,195,15,18,192,144,7,12,7,0,0,27,6,88,5,13,15,5,159,69,9,9,37,5,7,2,4,5,1,1,1,7
2,12,0,26,1,16,8,8586,54779,113,1019,2585,1860,47,71,383,437,123,10025,6897,184,1689,474,8522,10501,113,2478,65,16,15,183,307,1201,107,72,2146,6595,325,1555,96,30,5,304,749,726,273,301,277,6,7,2,5,11,2,4,10,817,1425,215,6949,37,86,194,648,21,56,84,169,392,1651,62,116,643,984,28,28,51,5,5,96,24,482,19,59,45,25,552,190,18,43,84,24,53,7,17,29,4,1,3,19
75,309,163,756,39,52,346,113,113,39211,4603,4490,83,486,704,2144,472,41,417,77,5366,8227,822,118,89,56,41,101,433,364,835,417,635,169,671,1819,195,48,1046,51,12659,4286,3653,153,263,306,494,146,57,1760,2,8,12,14,5,15,0,13,26,63,31,3,2,3,20,26,61,8,164,4,2,19,77,13,17,10,9,1,13,45,9,15,14,49,8,6,61,133,14,8,39,14,20,1,6,15,3,6,6,10
3,15,4,24,2,1,7,1525,1019,4603,5701,8624,129,63,79,991,414,97,1010,155,1393,5763,1726,83,62,6,21,8,27,50,418,21,156,13,63,588,232,17,161,7,233,37,400,39,35,201,61,12,2,19,1,1,1,0,1,0,7,26,26,140,6,7,2,9,3,5,16,11,46,6,3,4,47,14,5,3,1,1,2,10,2,13,2,7,5,5,23,57,9,2,12,3,4,0,4,5,0,2,1,2
4,13,5,19,0,1,4,2504,2585,4490,8624,32973,5689,123,101,496,7160,874,1020,1232,8662,4158,5460,175,2330,43,435,41,97,206,1408,127,8435,54,26,403,527,231,148,22,427,171,1046,438,318,368,368,14,1,103,0,2,2,0,1,3,14,50,50,394,6,4,23,23,4,11,15,20,94,136,10,32,96,333,6,28,34,3,2,11,15,120,7,8,95,11,64,56,9,71,23,8,66,0,14,7,0,0,3,2
0,6,1,4,0,0,2,10963,1860,83,129,5689,22156,86,104,484,4422,961,351,754,185,423,93,41,622,5,77,3,28,57,985,116,5234,5,2,48,429,24,22,4,67,36,467,21,530,21,52,0,1,43,0,0,1,0,0,0,49,71,8,424,2,1,11,33,1,3,5,9,13,170,1,9,22,79,1,0,1,0,0,3,0,35,2,6,4,0,36,5,0,0,2,0,4,1,2,1,0,1,1,0
7947,7925,1268,6419,3548,518,918,165,47,486,63,123,86,44262,11986,1901,50,66,123,269,106,568,80,19,66,138,61,133,4293,17767,521,754,407,169,676,366,70,198,603,38,2155,1531,5965,133,1326,93,343,249,11465,2208,24,103,47,128,36,138,3,4,8,10,28,0,0,0,66,45,101,0,46,6,0,15,16,11,8,9,7,3,27,39,2,10,31,66,6,5,23,304,18,7,103,4,15,2,5,53,19,3,5,7
240,5461,120,6908,39,76,309,350,71,704,79,101,104,11986,16116,1675,50,123,279,231,103,581,61,11,97,90,36,73,805,2860,569,341,259,107,341,292,57,138,283,22,1710,1664,13220,108,740,53,189,109,149,6255,13,46,18,20,15,31,1,3,5,17,10,0,1,3,32,17,49,1,26,7,0,7,12,13,1,9,1,2,13,24,3,6,13,24,7,2,14,119,4,5,39,0,8,0,3,16,11,4,5,1
337,1925,214,8692,262,551,3466,948,383,2144,991,496,484,1901,1675,25728,569,2100,2963,485,264,1433,96,71,201,46,34,39,226,420,17094,254,573,73,3626,3266,217,134,825,16,687,168,9253,103,536,42,125,537,231,121,38,186,74,104,110,241,4,17,43,77,71,5,7,5,107,44,228,10,237,18,6,22,63,28,32,4,5,2,39,140,3,17,67,166,10,3,68,565,71,6,187,2,8,3,2,85,11,14,22,22
1,4,0,8,0,0,4,3610,437,472,414,7160,4422,50,50,569,5959,4563,715,56,4900,296,241,69,32,3,19,4,10,39,2374,101,1008,5,4,143,294,5,70,3,72,37,771,16,98,16,102,2,1,32,0,0,0,0,2,1,3,33,25,212,3,6,6,12,0,1,8,10,42,7,8,2,53,13,3,2,1,1,1,7,3,10,0,1,3,1,35,27,2,2,8,1,2,0,5,2,0,0,1,1
1,3,0,13,0,0,0,4595,123,41,97,874,961,66,123,2100,4563,5750,2102,32,99,202,60,45,30,5,6,0,7,12,3278,109,566,4,5,53,147,10,41,5,17,6,615,11,235,7,74,3,0,21,0,0,1,0,1,0,1,19,20,119,3,1,4,7,0,2,10,12,50,2,3,2,36,9,5,0,1,0,0,5,1,2,3,2,4,1,28,22,2,2,8,0,1,0,0,2,0,0,0,3
4,17,1,56,2,0,10,2226,10025,417,1010,1020,351,123,279,2963,715,2102,9370,1747,457,1472,260,421,1467,40,109,30,18,54,1293,142,460,36,56,4756,484,218,264,4,98,26,1265,213,408,85,102,9,3,38,3,8,16,1,5,11,50,151,210,726,117,41,33,42,22,24,172,64,585,86,29,30,318,91,91,5,10,1,23,152,8,59,43,84,13,7,185,356,99,11,102,4,17,2,4,23,2,7,34,48
3,7,4,43,3,4,9,3959,6897,77,155,1232,754,269,231,485,56,32,1747,31259,49,1065,1204,99,5102,467,507,104,38,99,228,1165,4646,320,37,697,208,9763,37,30,70,21,600,1324,7124,210,726,8,7,32,1,1,4,1,1,3,122,100,12,488,6,6,94,93,11,14,16,8,40,691,4,64,48,928,4,32,50,6,3,11,19,543,3,23,233,13,13,24,14,121,6,10,76,2,14,0,0,1,4,2
3,6,11,30,4,0,14,261,184,5366,1393,8662,185,106,103,264,4900,99,457,49,10361,628,564,85,31,15,14,20,152,317,1213,149,660,34,39,411,168,13,217,9,771,549,7693,63,65,73,218,8,0,579,0,1,2,0,1,2,1,15,27,119,15,2,2,3,7,4,21,14,96,4,4,8,68,10,8,11,6,1,3,17,2,8,8,6,3,4,40,53,5,3,17,3,10,1,0,6,0,2,4,1
379,678,596,809,114,91,395,3981,1689,8227,5763,4158,423,568,581,1433,296,202,1472,1065,628,18667,7888,86,592,137,368,812,3571,201,693,479,668,1182,381,1031,204,185,534,436,15785,702,1313,1626,330,3635,1785,130,49,184,3,6,5,36,8,19,12,19,25,100,21,5,7,12,19,17,49,8,77,37,5,36,42,73,9,72,22,9,10,27,50,63,20,41,20,73,41,94,22,24,35,77,112,4,31,9,2,5,1,6
4,8,5,27,2,4,4,455,474,822,1726,5460,93,80,61,96,241,60,260,1204,564,7888,12509,98,1529,662,1578,248,111,112,165,541,3232,582,13,164,141,676,176,251,223,82,295,3539,469,4824,4216,115,2,48,0,1,0,2,0,1,1,18,6,61,2,1,14,0,5,10,4,5,22,48,0,200,21,266,4,349,154,15,3,6,192,231,7,6,135,95,9,12,5,193,13,80,507,8,145,4,0,1,2,1
0,7,0,27,0,11,14,221,8522,118,83,175,41,19,11,71,69,45,421,99,85,86,98,7394,2009,103,703,19,8,7,108,207,102,65,80,3017,3844,59,3653,83,38,15,99,714,100,27,135,102,4,9,2,4,7,1,4,3,46,149,121,783,47,21,23,54,10,10,78,49,345,104,15,31,270,105,44,28,12,1,9,66,8,69,14,31,13,5,182,236,27,26,61,9,30,1,4,20,3,9,7,18
2,19,4,59,2,6,13,481,10501,89,62,2330,622,66,97,201,32,30,1467,5102,31,592,1529,2009,9213,471,5047,131,15,47,138,1343,6705,367,94,1906,565,1907,595,185,50,22,268,3312,4820,264,867,84,5,29,1,3,2,1,0,1,197,109,20,872,12,17,247,173,20,54,23,6,76,1706,8,198,102,2908,10,110,139,13,14,15,76,1513,31,28,794,56,27,25,13,516,10,40,244,8,53,6,2,0,13,4
5,17,2,26,3,9,6,68,113,56,6,43,5,138,90,46,3,5,40,467,15,137,662,103,471,18158,1985,176,29,58,39,13208,222,6146,15,74,132,5760,235,151,58,24,167,13515,4863,136,1432,152,11,21,1,1,4,0,1,2,2,5,3,20,8,4,14,2,6,6,2,5,8,17,3,478,16,209,2,965,343,32,1,4,603,362,7,8,140,261,10,7,12,226,5,183,1284,19,510,6,0,2,8,10
1,10,3,20,1,36,5,75,2478,41,21,435,77,61,36,34,19,6,109,507,14,368,1578,703,5047,1985,11854,2209,30,25,24,2747,1463,925,46,330,914,1609,1677,7633,51,17,91,10816,1711,367,1899,552,11,11,0,0,0,1,0,0,9,10,3,50,2,2,39,13,7,12,5,2,20,144,1,130,27,514,3,136,123,33,0,5,81,254,5,7,163,152,9,11,4,166,7,177,310,10,82,2,2,1,1,4
48,39,71,52,18,17,16,32,65,101,8,41,3,133,73,39,4,0,30,104,20,812,248,19,131,176,2209,76013,998,174,37,275,56,9310,19,26,930,142,220,15571,978,91,143,856,192,15480,6685,222,7,24,0,0,0,2,1,0,0,2,0,5,0,0,2,1,0,0,2,1,2,3,0,27,6,16,0,36,27,120,0,1,42,10,1,2,4,180,13,5,3,9,5,446,104,19,38,4,0,1,0,2
713,465,638,520,486,173,234,25,16,433,27,97,28,4293,805,226,10,7,18,38,152,3571,111,8,15,29,30,998,55523,7703,111,174,109,294,78,107,18,17,122,183,18403,594,952,89,136,800,284,56,4477,343,1,11,4,71,5,15,0,0,2,3,3,0,0,2,7,6,22,0,11,0,0,2,1,3,0,2,1,4,1,7,5,3,2,10,1,7,3,30,4,2,5,15,6,1,6,2,2,1,1,2
883,764,715,970,518,152,279,40,15,364,50,206,57,17767,2860,420,39,12,54,99,317,201,112,7,47,58,25,174,7703,27006,200,456,390,110,127,164,37,70,205,50,9801,5189,3162,90,533,88,305,46,1756,1482,3,18,10,56,12,20,2,2,4,2,7,0,0,0,19,10,15,0,28,5,0,5,4,3,5,7,2,1,9,16,2,5,4,30,3,1,10,50,6,4,24,9,9,0,3,7,7,2,2,2
36,133,18,747,14,18,66,1282,183,835,418,1408,985,521,569,17094,2374,3278,1293,228,1213,693,165,108,138,39,24,37,111,200,16100,452,1272,62,1554,1514,265,92,702,14,386,126,13760,81,876,37,244,161,30,137,4,30,20,17,19,48,5,19,31,79,51,2,10,4,46,27,153,11,261,11,4,17,80,22,26,8,4,1,28,98,1,17,36,108,9,1,74,308,39,4,65,3,3,0,3,25,9,8,8,15
8,41,9,82,4,18,17,519,307,417,21,127,116,754,341,254,101,109,142,1165,149,479,541,207,1343,13208,2747,275,174,456,452,38214,5151,7823,38,238,223,2269,371,775,450,231,818,12685,6781,656,14037,302,19,177,0,2,2,4,1,2,5,6,2,34,14,8,19,5,13,18,8,4,17,50,5,525,23,356,9,914,359,56,7,14,667,366,13,11,213,577,12,14,23,278,12,450,1376,26,591,10,0,1,10,13
3,16,5,30,1,6,4,2610,1201,635,156,8435,5234,407,259,573,1008,566,460,4646,660,668,3232,102,6705,222,1463,56,109,390,1272,5151,17949,147,15,245,172,926,137,50,409,267,1100,1491,8665,225,2612,45,5,204,0,0,2,1,0,2,39,29,10,199,9,6,58,28,10,24,9,4,32,486,3,87,34,899,6,159,110,10,3,10,70,467,3,6,258,28,15,23,5,223,5,20,209,2,44,1,1,0,4,3
32,40,56,74,16,10,20,58,107,169,13,54,5,169,107,73,5,4,36,320,34,1182,582,65,367,6146,925,9310,294,110,62,7823,147,39135,18,67,146,1115,210,6588,471,69,239,15186,848,6083,20147,115,5,30,1,1,0,5,4,0,0,6,2,10,11,1,10,1,2,2,1,2,3,12,3,242,13,66,7,297,122,331,5,4,431,66,11,2,39,1840,22,11,12,25,14,2154,761,113,443,6,0,1,5,13
143,504,210,1394,120,906,1246,10,72,671,63,26,2,676,341,3626,4,5,56,37,39,381,13,80,94,15,46,19,78,127,1554,38,15,18,4481,1903,208,24,3385,24,228,69,1301,61,24,10,22,5822,231,21,77,416,150,199,250,546,1,6,8,24,49,5,2,3,211,58,205,4,66,11,1,16,29,9,8,2,4,0,56,33,0,3,49,67,3,1,50,731,16,1,170,3,4,1,1,248,59,8,11,7
15,95,14,319,8,37,60,186,2146,1819,588,403,48,366,292,3266,143,53,4756,697,411,1031,164,3017,1906,74,330,26,107,164,1514,238,245,67,1903,14276,1547,187,5907,42,418,141,2259,479,201,59,144,260,20,92,14,56,51,15,14,66,25,135,215,599,222,26,27,34,110,149,497,68,1062,89,32,72,412,111,135,15,19,6,111,393,5,87,152,439,34,9,379,1092,215,13,380,13,24,3,8,61,28,29,60,61
5,29,14,58,3,76,33,1061,6595,195,232,527,429,70,57,217,294,147,484,208,168,204,141,3844,565,132,914,930,18,37,265,223,172,146,208,1547,5008,46,8469,1024,91,21,345,628,54,85,200,2140,15,25,0,4,8,0,7,13,54,74,45,622,23,11,22,69,14,24,36,22,143,53,9,23,154,48,11,7,7,13,7,32,7,35,11,30,2,31,633,152,15,5,61,52,14,4,7,18,1,5,4,10
5,9,3,33,1,8,8,262,325,48,17,231,24,198,138,134,5,10,218,9763,13,185,676,59,1907,5760,1609,142,17,70,92,2269,926,1115,24,187,46,16811,65,59,40,21,302,8871,3173,139,827,56,8,24,0,1,2,0,0,1,4,3,5,49,4,3,56,5,16,21,8,4,25,154,2,246,43,871,5,399,298,11,8,5,121,594,17,11,422,46,4,16,13,443,7,27,615,9,91,4,2,1,8,6
101,185,387,709,693,4332,5293,100,1555,1046,161,148,22,603,283,825,70,41,264,37,217,534,176,3653,595,235,1677,220,122,205,702,371,137,210,3385,5907,8469,65,39659,1103,485,122,1386,1301,96,64,301,8977,235,87,82,211,128,273,96,502,14,61,124,303,201,16,15,17,236,180,491,28,725,34,19,63,225,38,82,9,16,14,167,331,11,34,182,421,12,23,324,1327,155,12,486,36,40,3,12,163,51,39,40,41
15,15,29,22,3,30,10,19,96,51,7,22,4,38,22,16,3,5,4,30,9,436,251,83,185,151,7633,15571,183,50,14,775,50,6588,24,42,1024,59,1103,31802,269,33,39,13042,41,2474,2885,752,14,13,0,2,0,6,2,5,1,4,5,12,10,5,5,3,2,6,4,6,6,1,2,224,14,56,6,167,142,789,8,3,340,33,8,2,11,2266,50,10,9,16,42,4352,812,204,386,28,2,5,7,5
947,1105,1426,1228,373,185,588,56,30,12659,233,427,67,2155,1710,687,72,17,98,70,771,15785,223,38,50,58,51,978,18403,9801,386,450,409,471,228,418,91,40,485,269,71340,11755,3869,215,354,875,631,60,104,2089,2,14,11,89,6,20,1,1,8,12,10,0,3,3,22,19,38,0,61,7,1,6,13,5,9,7,3,2,8,31,7,3,7,41,1,20,26,106,20,6,41,20,17,2,4,8,0,3,5,3
78,178,139,284,25,23,136,20,5,4286,37,171,36,1531,1664,168,37,6,26,21,549,702,82,15,22,24,17,91,594,5189,126,231,267,69,69,141,21,21,122,33,11755,13552,6003,37,216,77,190,13,19,9154,0,1,2,6,1,0,0,0,0,4,4,1,1,1,5,3,11,1,23,2,0,3,5,4,1,1,0,1,4,6,2,6,1,10,3,2,7,25,4,2,10,7,3,0,1,0,2,1,1,0
90,365,82,1455,33,46,165,1203,304,3653,400,1046,467,5965,13220,9253,771,615,1265,600,7693,1313,295,99,268,167,91,143,952,3162,13760,818,1100,239,1301,2259,345,302,1386,39,3869,6003,48901,298,1342,108,494,286,103,11550,21,97,57,30,25,94,9,21,32,86,56,8,11,3,125,91,283,7,279,32,1,42,86,37,35,14,9,3,87,158,4,22,91,245,16,6,113,575,55,5,211,4,30,2,10,44,24,9,18,22
12,21,10,70,4,42,13,108,749,153,39,438,21,133,108,103,16,11,213,1324,63,1626,3539,714,3312,13515,10816,856,89,90,81,12685,1491,15186,61,479,628,8871,1301,13042,215,37,298,51208,2049,1828,8291,778,19,36,1,3,2,1,5,4,9,7,5,56,11,10,35,1,10,27,12,5,17,74,5,637,25,371,11,1063,395,165,2,11,857,402,16,7,227,1090,20,31,17,303,16,1035,1663,54,692,9,2,2,13,14
11,46,11,84,1,3,16,2597,726,263,35,318,530,1326,740,536,98,235,408,7124,65,330,469,100,4820,4863,1711,192,136,533,876,6781,8665,848,24,201,54,3173,96,41,354,216,1342,2049,9143,149,1380,58,25,259,0,0,0,1,0,1,11,14,13,88,6,6,77,6,15,13,16,2,21,321,3,162,36,1070,2,216,180,6,2,9,70,635,12,12,400,42,14,21,11,388,1,21,345,8,55,4,3,1,7,6
32,32,51,48,18,7,21,178,273,306,201,368,21,93,53,42,16,7,85,210,73,3635,4824,27,264,136,367,15480,800,88,37,656,225,6083,10,59,85,139,64,2474,875,77,108,1828,149,18034,12308,47,5,34,0,0,1,0,1,1,1,2,4,27,3,1,0,0,3,0,0,2,2,4,1,45,7,36,1,62,26,57,0,2,63,27,3,1,13,308,6,3,2,19,1,332,159,18,73,2,0,0,0,0
37,42,43,68,11,15,25,276,301,494,61,368,52,343,189,125,102,74,102,726,218,1785,4216,135,867,1432,1899,6685,284,305,244,14037,2612,20147,22,144,200,827,301,2885,631,190,494,8291,1380,12308,34328,215,11,134,0,0,0,3,4,1,1,6,4,35,7,6,23,2,5,13,8,3,13,27,10,368,23,217,8,601,238,215,4,11,582,232,8,12,119,1436,25,16,7,156,15,1458,1028,85,483,11,1,3,10,13
70,209,183,503,1332,6217,1159,4,277,146,12,14,0,249,109,537,2,3,9,8,8,130,115,102,84,152,552,222,56,46,161,302,45,115,5822,260,2140,56,8977,752,60,13,286,778,58,47,215,9759,776,6,46,240,63,181,159,340,0,1,4,9,21,1,1,1,76,20,80,1,19,3,0,9,12,5,0,10,8,5,25,11,10,8,17,36,7,19,15,379,6,2,69,33,24,0,8,167,24,6,3,3
2886,496,589,531,6420,3032,663,1,6,57,2,1,1,11465,149,231,1,0,3,7,0,49,2,4,5,11,11,7,4477,1756,30,19,5,5,231,20,15,8,235,14,104,19,103,19,25,5,11,776,11981,13,4,12,2,180,12,29,0,0,0,1,2,0,0,0,4,0,9,0,3,0,0,1,0,1,0,0,0,0,0,2,1,1,3,4,0,0,1,19,0,0,6,0,0,0,0,8,4,1,0,0
21,52,24,109,5,3,38,48,7,1760,19,103,43,2208,6255,121,32,21,38,32,579,184,48,9,29,21,11,24,343,1482,137,177,204,30,21,92,25,24,87,13,2089,9154,11550,36,259,34,134,6,13,7181,0,1,2,1,2,2,0,0,0,2,2,0,1,0,1,5,8,0,16,2,1,1,7,4,0,1,0,0,2,3,0,4,2,9,0,0,7,14,1,2,11,1,2,0,0,0,0,0,0,0
7,16,37,38,3,10,45,0,2,2,1,0,0,24,13,38,0,0,3,1,0,3,0,2,1,1,0,0,1,3,4,0,0,1,77,14,0,0,82,0,2,0,21,1,0,0,0,46,4,0,37526,13594,2936,11607,10581,5475,0,5,1,10,230,5,3,1,7416,121,325,2,13,7,0,418,3,12,3,6,1,105,3115,20,7,17,1718,87,21,73,16,467,18,26,74,20,20,43,18,249,11444,376,136,32
26,118,421,201,17,81,299,1,5,8,1,2,0,103,46,186,0,0,8,1,1,6,1,4,3,1,0,0,11,18,30,2,0,1,416,56,4,1,211,2,14,1,97,3,0,0,0,240,12,1,13594,61096,12176,12795,2163,9523,4,9,6,3,876,4,1,3,8775,334,559,0,30,8,3,863,8,19,10,21,3,156,2759,41,14,42,2832,108,27,103,19,1106,74,26,191,24,40,72,39,316,2045,884,553,91
13,21,17,58,1,15,60,2,11,12,1,2,1,47,18,74,0,1,16,4,2,5,0,7,2,4,0,0,4,10,20,2,2,0,150,51,8,2,128,0,11,2,57,2,0,1,0,63,2,2,2936,12176,26325,390,295,6799,18,35,59,25,952,16,4,5,16629,2878,8262,7,80,83,8,288,21,47,4,81,5,42,1428,349,38,121,1378,1362,185,42,60,1341,68,133,79,9,171,19,10,126,1871,324,375,128
810,149,4088,613,2759,4602,2577,0,2,14,0,0,0,128,20,104,0,0,1,1,0,36,2,1,1,0,1,2,71,56,17,4,1,5,199,15,0,0,273,6,89,6,30,1,1,0,3,181,180,1,11607,12795,390,31950,12495,25437,0,2,2,5,175,2,1,0,383,40,78,0,3,1,0,192,3,7,1,5,1,34,641,5,0,6,595,11,6,32,4,491,14,5,599,8,11,14,13,575,920,176,100,17
18,111,125,213,20,98,307,2,4,5,1,1,0,36,15,110,2,1,5,1,1,8,0,4,0,1,0,1,5,12,19,1,0,4,250,14,7,0,96,2,6,1,25,5,0,1,4,159,12,2,10581,2163,295,12495,19400,11444,1,3,1,10,66,0,2,0,350,24,131,0,8,0,1,32,24,48,3,9,59,25,192,7,14,17,99,28,9,17,134,3242,4,2,1814,73,25,6,6,5473,3419,30,21,11
56,180,281,349,70,727,1586,4,10,15,0,3,0,138,31,241,1,0,11,3,2,19,1,3,1,2,0,0,15,20,48,2,2,0,546,66,13,1,502,5,20,0,94,4,1,1,1,340,29,2,5475,9523,6799,25437,11444,26113,6,7,12,18,795,14,4,3,1699,139,1417,2,37,9,7,276,18,25,4,25,6,35,644,70,11,24,836,127,30,26,33,2282,60,24,153,5,52,14,9,777,1045,271,287,95
0,0,0,0,0,0,0,129,817,0,7,14,49,3,1,4,3,1,50,122,1,12,1,46,197,2,9,0,0,2,5,5,39,0,1,25,54,4,14,1,1,0,9,9,11,1,1,0,0,0,0,4,18,0,1,6,3966,8381,555,715,35,300,497,6908,159,517,102,235,132,1881,52,342,54,137,66,6,20,3,38,543,11,2607,112,363,92,6,196,11,33,36,7,7,21,7,25,2,4,6,26,11
0,2,0,2,0,0,0,287,1425,13,26,50,71,4,3,17,33,19,151,100,15,19,18,149,109,5,10,2,0,2,19,6,29,6,6,135,74,3,61,4,1,0,21,7,14,2,6,1,0,0,5,9,35,2,3,7,8381,27250,5113,6163,296,1607,867,3472,227,748,244,4398,868,4488,279,1987,272,391,131,51,20,23,45,1964,47,1611,85,716,567,44,432,56,68,242,27,18,103,40,76,7,7,5,30,46
0,1,0,4,1,1,2,88,215,26,26,50,8,8,5,43,25,20,210,12,27,25,6,121,20,3,3,0,2,4,31,2,10,2,8,215,45,5,124,5,8,0,32,5,13,4,4,4,0,0,1,6,59,2,1,12,555,5113,6970,4839,1366,1134,237,554,145,682,672,3250,2161,486,251,1377,126,111,193,21,21,23,21,3083,23,500,66,941,137,38,162,100,89,53,35,5,49,17,54,1,8,15,30,74
0,4,0,18,0,0,5,1339,6949,63,140,394,424,10,17,77,212,119,726,488,119,100,61,783,872,20,50,5,3,2,79,34,199,10,24,599,622,49,303,12,12,4,86,56,88,27,35,9,1,2,10,3,25,5,10,18,715,6163,4839,53418,345,1743,1169,1523,45,142,555,930,6727,3835,696,2051,8204,5980,124,84,551,47,18,242,69,833,25,197,218,107,4648,378,115,242,164,124,429,66,126,42,8,10,20,151
2,5,4,12,0,5,10,15,37,31,6,6,2,28,10,71,3,3,117,6,15,21,2,47,12,8,2,0,3,7,51,14,9,11,49,222,23,4,201,10,10,4,56,11,6,3,7,21,2,2,230,876,952,175,66,795,35,296,1366,345,59972,5728,808,54,736,976,2916,213,2195,114,2520,3626,200,103,480,106,57,178,495,1245,138,428,2728,1167,167,182,231,1498,2490,69,411,50,168,99,203,140,122,14414,7270,6376
0,0,0,1,0,0,0,19,86,3,7,4,1,0,0,5,6,1,41,6,2,5,1,21,17,4,2,0,0,0,2,8,6,1,5,26,11,3,16,5,0,1,8,10,6,1,6,1,0,0,5,4,16,2,0,14,300,1607,1134,1743,5728,8366,5982,368,44,141,216,1002,523,303,5402,9484,103,132,731,22,39,37,36,370,30,424,136,139,49,66,98,85,978,19,28,18,93,104,138,11,3,78,195,2323
0,0,0,0,1,0,0,38,194,2,2,23,11,0,1,7,6,4,33,94,2,7,14,23,247,14,39,2,0,0,10,19,58,10,2,27,22,56,15,5,3,1,11,35,77,0,23,1,0,1,3,1,4,1,2,4,497,867,237,1169,808,5982,19897,6252,54,315,85,3783,134,1082,10879,7982,57,1402,1727,57,286,61,48,1358,55,6994,197,341,142,87,130,62,1415,170,32,32,235,112,195,4,2,30,203,1669
0,0,0,1,0,0,0,96,648,3,9,23,33,0,3,5,12,7,42,93,3,12,0,54,173,2,13,1,2,0,4,5,28,1,3,34,69,5,17,3,3,1,3,1,6,0,2,1,0,0,1,3,5,0,0,3,6908,3472,554,1523,54,368,6252,14913,88,478,125,4196,141,864,1520,575,86,362,490,14,47,9,33,1215,26,4084,116,488,40,13,291,35,287,22,15,7,33,13,45,1,4,9,59,85
11,34,27,80,4,17,66,4,21,20,3,4,1,66,32,107,0,0,22,11,7,19,5,10,20,6,7,0,7,19,46,13,10,2,211,110,14,16,236,2,22,5,125,10,15,3,5,76,4,1,7416,8775,16629,383,350,1699,159,227,145,45,736,44,54,88,50512,15072,1878,56,114,326,13,473,31,115,68,340,36,90,8877,272,202,929,11852,1839,1180,166,90,903,877,428,263,19,355,39,73,213,10991,405,1063,475
1,10,7,12,0,1,20,14,56,26,5,11,3,45,17,44,1,2,24,14,4,17,10,10,54,6,12,0,6,10,27,18,24,2,58,149,24,21,180,6,19,3,91,27,13,0,13,20,0,5,121,334,2878,40,24,139,517,748,682,142,976,141,315,478,15072,49634,2002,240,421,717,62,575,33,220,432,449,67,152,1839,1370,424,2425,10407,10272,1874,255,230,383,13308,566,209,34,524,30,126,81,338,342,4092,4939
7,27,23,52,4,20,60,26,84,61,16,15,5,101,49,228,8,10,172,16,21,49,4,78,23,2,5,2,22,15,153,8,9,1,205,497,36,8,491,4,38,11,283,12,16,0,8,80,9,8,325,559,8262,78,131,1417,102,244,672,555,2916,216,85,125,1878,2002,18211,186,3500,315,48,391,253,435,273,88,56,27,538,6589,55,370,775,6936,177,53,365,3067,302,253,318,23,349,13,28,196,329,230,309,236
0,1,1,1,0,0,1,62,169,8,11,20,9,0,1,10,10,12,64,8,14,8,5,49,6,5,2,1,0,0,11,4,4,2,4,68,22,4,28,6,0,1,7,5,2,2,3,1,0,0,2,0,7,0,0,2,235,4398,3250,930,213,1002,3783,4196,56,240,186,6715,287,54,4322,662,145,49,739,12,18,19,9,5180,23,913,54,606,22,16,188,62,123,6,24,10,34,10,56,2,4,3,15,387
1,9,3,29,2,4,12,117,392,164,46,94,13,46,26,237,42,50,585,40,96,77,22,345,76,8,20,2,11,28,261,17,32,3,66,1062,143,25,725,6,61,23,279,17,21,2,13,19,3,16,13,30,80,3,8,37,132,868,2161,6727,2195,523,134,141,114,421,3500,287,7746,911,167,650,2332,1716,392,53,169,18,104,1514,49,419,242,895,118,45,930,3266,505,169,815,81,324,22,51,43,12,99,175,277
0,0,0,1,0,0,0,195,1651,4,6,136,170,6,7,18,7,2,86,691,4,37,48,104,1706,17,144,3,0,5,11,50,486,12,11,89,53,154,34,1,7,2,32,74,321,4,27,3,0,2,7,8,83,1,0,9,1881,4488,486,3835,114,303,1082,864,326,717,315,54,911,26921,39,1238,126,4905,40,217,409,54,99,210,237,6333,192,519,5180,134,168,63,56,5572,19,44,807,48,139,5,13,10,43,29
0,0,0,0,0,0,0,15,62,2,3,10,1,0,0,6,8,3,29,4,4,5,0,15,8,3,1,0,0,0,4,5,3,3,1,32,9,2,19,2,1,0,1,5,3,1,10,0,0,1,0,3,8,0,1,7,52,279,251,696,2520,5402,10879,1520,13,62,48,4322,167,39,9419,1502,92,41,2243,26,27,22,22,1132,30,895,79,131,19,45,62,47,1177,6,11,12,58,23,91,2,3,21,99,5563
1,5,5,5,2,2,2,18,116,19,4,32,9,15,7,22,2,2,30,64,8,36,200,31,198,478,130,27,2,5,17,525,87,242,16,72,23,246,63,224,6,3,42,637,162,45,368,9,1,1,418,863,288,192,32,276,342,1987,1377,2051,3626,9484,7982,575,473,575,391,662,650,1238,1502,45950,154,2044,628,874,2084,3578,1891,550,982,6090,1495,357,358,3982,198,289,1131,596,179,1579,4951,6386,8798,103,59,3782,812,1244
2,0,2,12,0,0,10,192,643,77,47,96,22,16,12,63,53,36,318,48,68,42,21,270,102,16,27,6,1,4,80,23,34,13,29,412,154,43,225,14,13,5,86,25,36,7,23,12,0,7,3,8,21,3,24,18,54,272,126,8204,200,103,57,86,31,33,253,145,2332,126,92,154,7486,3990,97,66,768,48,19,97,82,251,51,46,64,60,4441,2545,100,40,1284,371,460,8,93,169,10,16,35,73
0,0,0,3,1,1,1,144,984,13,14,333,79,11,13,28,13,9,91,928,10,73,266,105,2908,209,514,16,3,3,22,356,899,66,9,111,48,871,38,56,5,4,37,371,1070,36,217,5,1,4,12,19,47,7,48,25,137,391,111,5980,103,132,1402,362,115,220,435,49,1716,4905,41,2044,3990,13468,51,552,7095,209,82,88,617,6775,172,128,1342,415,1534,829,101,886,823,1051,2933,84,547,341,37,17,56,67
1,0,0,2,0,0,2,7,28,17,5,6,1,8,1,32,3,5,91,4,8,9,4,44,10,2,3,0,0,5,26,9,6,7,8,135,11,5,82,6,9,1,35,11,2,1,8,0,0,0,3,10,4,1,3,4,66,131,193,124,480,731,1727,490,68,432,273,739,392,40,2243,628,97,51,3630,85,42,57,59,2619,121,1146,261,1931,115,122,114,188,6219,36,90,21,127,23,136,12,1,23,281,1632
0,0,0,1,0,3,1,12,28,10,3,28,0,9,9,4,2,0,5,32,11,72,349,28,110,965,136,36,2,7,8,914,159,297,2,15,7,399,9,167,7,1,14,1063,216,62,601,10,0,1,6,21,81,5,9,25,6,51,21,84,106,22,57,14,340,449,88,12,53,217,26,874,66,552,85,26443,1712,322,203,65,8181,2038,506,214,3312,6491,123,61,220,6952,111,587,13107,76,1594,74,33,35,146,142
0,2,0,3,0,0,4,7,51,9,1,34,1,7,1,5,1,1,10,50,6,22,154,12,139,343,123,27,1,2,4,359,110,122,4,19,7,298,16,142,3,0,9,395,180,26,238,8,0,0,1,3,5,1,59,6,20,20,21,551,57,39,286,47,36,67,56,18,169,409,27,2084,768,7095,42,1712,8039,682,30,46,1450,3165,75,39,944,699,1294,419,63,565,1140,6231,8426,101,1374,503,50,10,37,36
0,0,1,0,0,0,0,0,5,1,1,3,0,3,2,2,1,0,1,6,1,9,15,1,13,32,33,120,4,1,1,56,10,331,0,6,13,11,14,789,2,1,3,165,6,57,215,5,0,0,105,156,42,34,25,35,3,23,23,47,178,37,61,9,90,152,27,19,18,54,22,3578,48,209,57,322,682,40021,2836,34,608,330,623,39,221,13211,841,79,200,100,362,16549,1090,16538,1905,253,45,791,208,159
3,11,13,20,1,6,11,0,5,13,2,2,0,27,13,39,1,0,23,3,3,10,3,9,14,1,0,0,1,9,28,7,3,5,56,111,7,8,167,8,8,4,87,2,2,0,4,25,0,2,3115,2759,1428,641,192,644,38,45,21,18,495,36,48,33,8877,1839,538,9,104,99,22,1891,19,82,59,203,30,2836,130759,145,191,470,20624,484,435,469,100,443,704,109,187,312,163,657,109,90,14082,8770,1238,341
0,4,1,18,1,2,8,27,96,45,10,11,3,39,24,140,7,5,152,11,17,27,6,66,15,4,5,1,7,16,98,14,10,4,33,393,32,5,331,3,31,6,158,11,9,2,11,11,2,3,20,41,349,5,7,70,543,1964,3083,242,1245,370,1358,1215,272,1370,6589,5180,1514,210,1132,550,97,88,2619,65,46,34,145,12944,107,1660,241,8088,227,75,293,393,604,103,230,25,127,24,115,26,36,53,110,211
1,0,0,0,0,0,1,6,24,9,2,15,0,2,3,3,3,1,8,19,2,50,192,8,76,603,81,42,5,2,1,667,70,431,0,5,7,121,11,340,7,2,4,857,70,63,582,10,1,0,7,14,38,0,14,11,11,47,23,69,138,30,55,26,202,424,55,23,49,237,30,982,82,617,121,8181,1450,608,191,107,32261,4562,486,143,4111,12207,118,65,338,1135,111,1112,6692,299,9520,88,23,37,263,209
0,0,0,4,0,1,4,88,482,15,13,120,35,10,6,17,10,2,59,543,8,63,231,69,1513,362,254,10,3,5,17,366,467,66,3,87,35,594,34,33,3,6,22,402,635,27,232,8,1,4,17,42,121,6,17,24,2607,1611,500,833,428,424,6994,4084,929,2425,370,913,419,6333,895,6090,251,6775,1146,2038,3165,330,470,1660,4562,41202,1540,1103,16555,1337,201,169,1713,3576,129,252,5474,241,5401,91,46,95,722,915
1,5,7,15,0,3,8,5,19,14,2,7,2,31,13,67,0,3,43,3,8,20,7,14,31,7,5,1,2,4,36,13,3,11,49,152,11,17,182,8,7,1,91,16,12,3,8,17,3,2,1718,2832,1378,595,99,836,112,85,66,25,2728,136,197,116,11852,10407,775,54,242,192,79,1495,51,172,261,506,75,623,20624,241,486,1540,44114,1459,1214,531,159,584,3763,188,279,87,299,174,181,103,1062,6691,17524,2693
4,7,6,22,1,5,14,13,59,49,7,8,6,66,24,166,1,2,84,23,6,41,6,31,28,8,7,2,10,30,108,11,6,2,67,439,30,11,421,2,41,10,245,7,12,1,12,36,4,9,87,108,1362,11,28,127,363,716,941,197,1167,139,341,488,1839,10272,6936,606,895,519,131,357,46,128,1931,214,39,39,484,8088,143,1103,1459,11568,671,112,441,751,5114,455,420,15,414,22,85,109,131,197,675,685
0,0,0,5,0,0,1,15,45,8,5,95,4,6,7,10,3,4,13,233,3,20,135,13,794,140,163,4,1,3,9,213,258,39,3,34,2,422,12,11,1,3,16,227,400,13,119,7,0,0,21,27,185,6,9,30,92,567,137,218,167,49,142,40,1180,1874,177,22,118,5180,19,358,64,1342,115,3312,944,221,435,227,4111,16555,1214,671,7247,857,36,52,281,2859,27,82,2602,38,244,27,67,65,308,161
1,0,2,0,1,2,1,5,25,6,5,11,0,5,2,3,1,1,7,13,4,73,95,5,56,261,152,180,7,1,1,577,28,1840,1,9,31,46,23,2266,20,2,6,1090,42,308,1436,19,0,0,73,103,42,32,17,26,6,44,38,107,182,66,87,13,166,255,53,16,45,134,45,3982,60,415,122,6491,699,13211,469,75,12207,1337,531,112,857,38462,130,56,314,627,107,4671,7856,10556,6652,78,28,174,236,240
2,4,4,12,2,5,7,159,552,61,23,64,36,23,14,68,35,28,185,13,40,41,9,182,27,10,9,13,3,10,74,12,15,22,50,379,633,4,324,50,26,7,113,20,14,6,25,15,1,7,16,19,60,4,134,33,196,432,162,4648,231,98,130,291,90,230,365,188,930,168,62,198,4441,1534,114,123,1294,841,100,293,118,201,159,441,36,130,6091,4121,252,20,9485,1991,385,45,116,2589,67,55,65,77
39,181,136,317,27,115,412,69,190,133,57,56,5,304,119,565,27,22,356,24,53,94,12,236,25,7,11,5,30,50,308,14,23,11,731,1092,152,16,1327,10,106,25,575,31,21,3,16,379,19,14,467,1106,1341,491,3242,2282,11,56,100,378,1498,85,62,35,903,383,3067,62,3266,63,47,289,2545,829,188,61,419,79,443,393,65,169,584,751,52,56,4121,9795,440,109,8786,331,328,18,46,5761,542,207,267,207
1,1,0,5,0,0,1,9,18,14,9,9,0,18,4,71,2,2,99,14,5,22,5,27,13,12,4,3,4,6,39,23,5,12,16,215,15,13,155,9,20,4,55,17,11,2,7,6,0,1,18,74,68,14,4,60,33,68,89,115,2490,978,1415,287,877,13308,302,123,505,56,1177,1131,100,101,6219,220,63,200,704,604,338,1713,3763,5114,281,314,252,440,29930,50,268,39,251,75,278,44,31,336,5124,17301
0,0,0,0,0,1,0,9,43,8,2,71,0,7,5,6,2,2,11,121,3,24,193,26,516,226,166,9,2,4,4,278,223,25,1,13,5,443,12,16,6,2,5,303,388,19,156,2,0,2,26,26,133,5,2,24,36,242,53,242,69,19,170,22,428,566,253,6,169,5572,6,596,40,886,36,6952,565,100,109,103,1135,3576,188,455,2859,627,20,109,50,13394,20,62,5860,36,356,15,23,19,57,31
7,20,19,51,1,15,48,37,84,39,12,23,2,103,39,187,8,8,102,6,17,35,13,61,10,5,7,5,5,24,65,12,5,14,170,380,61,7,486,42,41,10,211,16,1,1,15,69,6,11,74,191,79,599,1814,153,7,27,35,164,411,28,32,15,263,209,318,24,815,19,11,179,1284,823,90,111,1140,362,187,230,111,129,279,420,27,107,9485,8786,268,20,14231,1379,452,22,124,9015,271,69,84,72
0,0,2,0,1,1,0,5,24,14,3,8,0,4,0,2,1,0,4,10,3,77,80,9,40,183,177,446,15,9,3,450,20,2154,3,13,52,27,36,4352,20,7,4,1035,21,332,1458,33,0,1,20,24,9,8,73,5,7,18,5,124,50,18,32,7,19,34,23,10,81,44,12,1579,371,1051,21,587,6231,16549,312,25,1112,252,87,15,82,4671,1991,331,39,62,1379,43466,10332,1901,1863,710,55,74,37,51
0,4,1,3,1,2,2,7,53,20,4,66,4,15,8,8,2,1,17,76,10,112,507,30,244,1284,310,104,6,9,3,1376,209,761,4,24,14,615,40,812,17,3,30,1663,345,159,1028,24,0,2,20,40,171,11,25,52,21,103,49,429,168,93,235,33,355,524,349,34,324,807,58,4951,460,2933,127,13107,8426,1090,163,127,6692,5474,299,414,2602,7856,385,328,251,5860,452,10332,32801,467,5029,287,58,41,137,167
0,0,0,0,0,0,0,2,7,1,0,0,1,2,0,3,0,0,2,2,1,4,8,1,8,19,10,19,1,0,0,26,2,113,1,3,4,9,3,204,2,0,2,54,8,18,85,0,0,0,43,72,19,14,6,14,7,40,17,66,99,104,112,13,39,30,13,10,22,48,23,6386,8,84,23,76,101,16538,657,24,299,241,174,22,38,10556,45,18,75,36,22,1901,467,20638,10742,13,6,499,57,77
0,1,0,0,0,2,0,4,17,6,4,14,2,5,3,2,5,0,4,14,0,31,145,4,53,510,82,38,6,3,3,591,44,443,1,8,7,91,12,386,4,1,10,692,55,73,483,8,0,0,18,39,10,13,6,9,25,76,54,126,203,138,195,45,73,126,28,56,51,139,91,8798,93,547,136,1594,1374,1905,109,115,9520,5401,181,85,244,6652,116,46,278,356,124,1863,5029,10742,18174,68,18,59,147,255
10,67,63,154,13,75,223,5,29,15,5,7,1,53,16,85,2,2,23,0,6,9,4,20,6,6,2,4,2,7,25,10,1,6,248,61,18,4,163,28,8,0,44,9,4,2,11,167,8,0,249,316,126,575,5473,777,2,7,1,42,140,11,4,1,213,81,196,2,43,5,2,103,169,341,12,74,503,253,90,26,88,91,103,109,27,78,2589,5761,44,15,9015,710,287,13,68,8351,834,21,29,23
2,8,12,17,1,4,25,1,4,3,0,0,0,19,11,11,0,0,2,0,0,2,0,3,2,0,2,0,2,7,9,0,1,0,59,28,1,2,51,2,0,2,24,2,3,0,1,24,4,0,11444,2045,1871,920,3419,1045,4,7,8,8,122,3,2,4,10991,338,329,4,12,13,3,59,10,37,1,33,50,45,14082,36,23,46,1062,131,67,28,67,542,31,23,271,55,58,6,18,834,34060,87,116,21
1,2,0,3,0,1,3,1,1,6,2,0,1,3,4,14,0,0,7,1,2,5,1,9,0,2,1,1,1,2,8,1,0,1,8,29,5,1,39,5,3,1,9,2,1,0,3,6,1,0,376,884,324,176,30,271,6,5,15,10,14414,78,30,9,405,342,230,3,99,10,21,3782,16,17,23,35,10,791,8770,53,37,95,6691,197,65,174,55,207,336,19,69,74,41,499,59,21,87,31296,2272,508
0,0,1,1,0,0,2,1,3,6,1,3,1,5,5,22,1,0,34,4,4,1,2,7,13,8,1,0,1,2,8,10,4,5,11,60,4,8,40,7,5,1,18,13,7,0,10,3,0,0,136,553,375,100,21,287,26,30,30,20,7270,195,203,59,1063,4092,309,15,175,43,99,812,35,56,281,146,37,208,1238,110,263,722,17524,675,308,236,65,267,5124,57,84,37,137,57,147,29,116,2272,20523,10281
0,1,0,0,0,0,1,7,19,10,2,2,0,7,1,22,1,3,48,2,1,6,1,18,4,10,4,2,2,2,15,13,3,13,7,61,10,6,41,5,3,0,22,14,6,0,13,3,0,0,32,91,128,17,11,95,11,46,74,151,6376,2323,1669,85,475,4939,236,387,277,29,5563,1244,73,67,1632,142,36,159,341,211,209,915,2693,685,161,240,77,207,17301,31,72,51,167,77,255,23,21,508,10281,11076
