18868,12749,10019,4145,12209,1543,1333,19,17,227,23,7,7,6465,969,311,2,3,28,23,6,1103,7,9,16,12,7,5,491,1167,58,18,17,4,188,48,100,19,69,0,529,909,178,22,18,3,7,84,1591,31,21,31,16,468,40,115,1,0,0,0,7,0,0,0,28,23,50,0,2,1,2,5,1,5,3,0,1,0,15,1,0,5,15,18,2,0,7,50,2,3,18,0,5,0,1,35,6,4,7,1
12749,44417,11275,19694,1208,178,760,13,27,569,46,5,10,5752,6576,340,3,2,36,79,7,1357,15,7,32,13,14,5,168,982,54,31,29,0,280,59,149,37,89,0,415,1302,244,32,38,3,5,102,282,42,35,69,33,75,50,223,2,0,3,3,19,0,1,0,36,42,51,1,5,4,0,6,3,5,2,0,1,0,14,1,1,5,22,21,2,0,13,104,6,2,14,1,2,0,0,58,12,3,7,2
10019,11275,36174,13776,6840,9491,12836,0,9,178,12,2,4,393,109,41,0,0,9,15,2,475,0,2,3,6,4,0,84,285,14,3,7,0,106,10,53,3,49,0,166,392,38,3,8,2,0,105,148,10,57,99,36,3820,82,410,0,1,1,0,10,0,0,0,40,25,47,0,0,0,0,6,2,4,1,0,0,0,12,2,0,2,16,16,0,1,10,111,4,1,23,1,2,0,0,108,12,5,9,6
4145,19694,13776,32867,681,267,7035,61,180,1304,183,38,36,5076,10862,6914,3,8,193,265,59,1109,39,67,98,42,67,8,142,994,841,64,103,8,1592,496,528,116,334,3,352,1033,1243,130,57,3,14,428,326,102,148,250,78,290,156,692,0,5,10,20,43,3,3,6,101,94,141,0,22,29,8,12,10,16,11,3,10,1,36,6,2,18,57,49,15,1,49,308,17,15,50,1,10,1,0,241,28,8,44,10
12209,1208,6840,681,18594,17760,1235,4,20,84,15,2,3,2421,360,145,1,0,15,17,1,428,4,12,9,9,18,7,548,549,21,9,9,6,193,28,54,7,204,4,248,191,112,18,6,5,3,676,3405,6,8,27,11,730,21,65,0,0,0,0,7,0,0,0,10,19,24,0,3,2,1,3,1,2,1,0,0,0,2,1,0,3,11,18,0,0,4,44,5,2,12,0,3,0,0,27,5,3,3,1
1543,178,9491,267,17760,28433,17937,0,12,16,7,0,0,66,11,23,0,0,3,2,4,47,1,14,8,3,18,2,55,42,6,1,1,1,446,27,64,3,226,7,18,28,13,29,1,0,1,3799,1631,1,127,42,9,1827,156,211,1,0,0,0,2,0,0,0,10,10,5,0,0,0,1,1,3,2,2,1,3,0,5,0,0,0,4,3,0,0,6,51,0,2,10,4,2,0,0,154,6,0,4,0
1333,760,12836,7035,1235,17937,18744,4,99,439,88,18,6,308,161,2078,4,4,74,81,34,279,12,111,83,18,40,1,45,254,121,17,38,2,3698,615,495,44,599,0,82,202,214,87,16,1,5,2589,97,36,134,405,114,1382,322,1127,1,3,7,5,27,4,5,2,127,95,131,1,12,13,13,17,9,15,5,2,8,0,41,6,1,5,68,53,4,0,47,524,11,2,71,3,11,0,1,730,36,9,28,9
19,13,0,61,4,0,4,30558,5332,106,2185,1212,9482,235,154,188,2360,5710,525,4949,278,1797,557,65,315,115,368,13,9,67,1186,274,1785,34,18,25,924,277,26,5,9,64,763,138,1314,27,112,5,4,94,2,1,14,0,2,14,195,189,28,495,18,15,53,221,16,24,61,32,67,1047,28,57,57,319,10,22,47,1,2,24,8,379,6,32,173,4,120,26,7,56,8,2,42,1,10,0,2,0,2,6
17,27,9,180,20,12,99,5332,36731,173,1614,2293,2038,69,66,408,681,85,5036,4831,423,899,627,8420,7862,233,2022,29,7,55,335,280,996,37,239,1012,9899,318,990,24,14,58,206,881,230,25,181,201,31,40,7,6,20,2,5,41,363,636,95,1607,79,52,124,378,15,58,143,182,320,1630,138,105,136,591,45,36,99,1,3,47,22,530,13,54,231,9,593,124,22,81,23,4,77,4,18,4,3,2,28,18
227,569,178,1304,84,16,439,106,173,38230,6356,5276,421,673,960,1197,158,44,517,170,3911,3468,1027,25,124,99,59,24,94,256,805,654,1948,35,347,445,1022,56,564,2,15621,19377,4354,123,180,24,354,122,46,8371,4,7,11,1,4,42,2,7,29,18,45,9,0,2,11,15,67,8,80,12,40,15,12,6,26,4,3,0,7,20,2,15,13,16,8,1,100,103,13,18,26,2,8,0,3,10,1,4,24,19
23,46,12,183,15,7,88,2185,1614,6356,6305,13477,1289,153,153,695,433,214,902,449,1529,4148,2663,46,140,81,98,18,8,55,642,130,1435,29,125,197,509,55,187,6,71,317,901,159,43,57,265,54,9,112,3,2,7,3,2,16,9,24,22,69,26,6,6,10,4,7,26,17,41,51,29,16,13,28,13,9,6,0,0,5,3,42,2,16,17,1,85,31,13,11,7,4,16,0,1,4,0,2,9,8
7,5,2,38,2,0,18,1212,2293,5276,13477,34372,14760,81,55,84,5742,314,559,568,8002,1620,4135,76,486,57,243,12,4,91,500,173,10282,17,32,122,996,68,57,4,68,666,428,193,46,34,382,4,0,315,1,1,5,0,0,11,25,56,35,143,23,13,25,16,0,4,37,29,90,95,43,29,23,70,15,4,16,0,0,7,4,56,1,6,30,4,220,42,3,26,4,0,27,2,3,0,0,1,8,5
7,10,4,36,3,0,6,9482,2038,421,1289,14760,27464,382,245,104,5758,1482,222,1280,1173,341,420,117,633,32,382,5,16,298,1123,264,6808,9,9,38,1046,45,21,2,35,352,1109,97,249,9,92,1,4,619,1,0,6,0,0,5,97,141,12,383,4,10,47,137,2,14,32,23,42,642,7,33,15,243,9,10,40,1,2,11,4,260,1,18,112,5,119,17,7,38,2,0,30,2,3,0,2,0,2,0
6465,5752,393,5076,2421,66,308,235,69,673,153,81,382,61532,19303,810,33,44,156,568,133,1790,117,18,162,258,84,60,5703,27608,446,866,553,69,526,172,835,335,505,11,1526,2467,5555,104,1616,21,92,171,14691,5486,36,51,49,18,35,198,2,4,3,12,42,2,2,1,63,92,121,1,7,34,4,24,3,25,10,9,10,1,25,7,6,47,61,69,30,2,50,176,25,24,72,1,27,1,4,38,16,12,43,15
969,6576,109,10862,360,11,161,154,66,960,153,55,245,19303,22695,1058,27,42,164,335,97,781,45,10,75,53,51,3,149,2150,619,266,318,17,166,76,177,126,96,2,347,1523,10837,47,483,0,26,50,306,8325,11,20,11,3,9,56,2,2,1,7,8,0,3,3,15,18,22,3,7,16,3,11,5,16,5,3,10,0,12,1,3,20,14,17,8,0,13,35,5,13,10,0,13,0,1,8,9,4,5,1
311,340,41,6914,145,23,2078,188,408,1197,695,84,104,810,1058,20446,125,508,2471,468,413,517,74,66,147,46,77,1,61,454,10055,70,130,10,1491,999,576,138,276,3,176,487,6564,159,69,2,14,156,63,125,21,29,29,5,18,129,4,8,14,15,52,6,6,8,35,51,84,5,43,41,9,17,7,27,40,4,7,0,16,9,1,27,30,32,16,0,59,158,36,8,57,0,13,1,0,26,6,11,37,21
2,3,0,3,1,0,4,2360,681,158,433,5742,5758,33,27,125,11295,3275,440,56,6337,247,142,46,31,12,4,3,1,51,3632,60,474,1,6,36,755,9,14,0,4,70,339,14,47,9,22,1,0,92,1,0,3,0,0,2,13,71,13,191,20,11,11,16,0,4,4,31,32,32,24,7,14,7,7,4,4,0,0,8,4,10,1,2,4,0,146,19,2,1,4,0,5,0,2,0,0,0,5,2
3,2,0,8,0,0,4,5710,85,44,214,314,1482,44,42,508,3275,2013,289,63,482,179,45,8,14,8,10,1,4,30,3192,96,296,0,9,31,291,6,20,0,4,22,869,9,132,2,9,3,1,86,0,0,3,0,0,1,4,25,3,34,12,4,7,3,0,2,12,13,15,2,12,2,6,7,6,0,1,0,0,2,1,7,0,3,2,0,34,18,1,1,1,0,0,0,1,0,0,2,0,2
28,36,9,193,15,3,74,525,5036,517,902,559,222,156,164,2471,440,289,9569,778,909,466,149,755,764,42,175,12,15,78,2788,84,286,9,158,1561,1019,92,157,6,43,119,1141,406,81,8,35,11,11,64,1,3,17,2,4,36,9,22,62,89,125,29,14,7,6,22,151,27,199,38,121,21,50,35,77,4,11,0,6,38,3,57,14,24,32,4,196,198,36,19,54,1,17,0,5,3,1,10,49,45
23,79,15,265,17,2,81,4949,4831,170,449,568,1280,568,335,468,56,63,778,30579,103,604,1135,97,3829,334,1200,43,23,247,723,625,5926,98,121,335,163,5142,95,20,35,221,1154,1396,2928,46,242,18,21,228,6,2,15,0,3,16,65,39,8,153,18,34,138,106,21,44,53,10,85,805,16,147,38,745,20,105,192,1,5,12,26,837,14,23,570,24,34,41,25,359,13,3,290,8,35,1,2,3,15,10
6,7,2,59,1,4,34,278,423,3911,1529,8002,1173,133,97,413,6337,482,909,103,24100,337,388,34,93,60,58,7,13,171,2379,413,1434,16,95,319,1739,25,294,3,122,1372,4730,49,188,6,113,16,6,2562,4,3,8,1,0,12,6,25,65,90,79,19,3,5,2,7,100,21,173,17,60,14,27,10,21,4,6,0,3,31,1,14,5,8,9,0,226,64,14,10,23,1,13,1,2,2,0,5,27,20
1103,1357,475,1109,428,47,279,1797,899,3468,4148,1620,341,1790,781,517,247,179,466,604,337,24903,4036,44,447,664,494,2664,4926,1626,500,749,602,1642,284,250,413,269,548,304,20995,2809,1910,1426,179,8136,2063,104,316,502,9,15,16,14,9,76,3,7,7,28,40,2,9,7,25,25,84,3,14,49,14,41,6,50,24,62,34,3,16,15,47,69,39,41,59,52,33,119,64,56,70,70,116,7,18,16,4,16,44,29
7,15,0,39,4,1,12,557,627,1027,2663,4135,420,117,45,74,142,45,149,1135,388,4036,16267,73,1309,1742,1329,411,32,120,112,2354,14254,844,29,90,140,741,113,114,35,272,184,3298,384,2262,11634,29,9,98,1,0,1,0,1,3,1,8,5,17,3,5,8,8,1,2,10,2,20,54,4,84,10,97,6,154,84,8,1,0,62,136,5,2,131,58,33,3,3,166,2,65,268,5,52,1,0,0,5,3
9,7,2,67,12,14,111,65,8420,25,46,76,117,18,10,66,46,8,755,97,34,44,73,5515,1303,85,912,10,3,13,29,87,126,30,503,3204,3338,46,5190,60,6,18,24,559,31,1,27,165,19,13,2,3,1,0,3,6,8,16,21,57,26,11,9,3,2,5,26,18,98,31,38,23,15,35,13,13,21,0,0,1,7,41,3,2,16,4,140,30,2,34,8,2,27,0,1,2,0,1,11,4
16,32,3,98,9,8,83,315,7862,124,140,486,633,162,75,147,31,14,764,3829,93,447,1309,1303,11752,290,11521,18,8,152,110,511,3799,84,196,773,481,791,494,38,29,169,169,3532,402,43,320,86,19,170,3,3,10,0,0,21,27,24,11,128,12,24,155,61,10,42,68,12,133,632,18,245,52,1139,25,152,397,4,3,15,59,1029,13,25,945,32,36,48,17,643,11,6,562,5,35,3,6,2,13,16
12,13,6,42,9,3,18,115,233,99,81,57,32,258,53,46,12,8,42,334,60,664,1742,85,290,19958,866,103,16,246,63,13721,439,6449,29,67,79,4694,138,290,14,105,175,13897,1103,238,3458,47,25,98,0,0,1,0,1,2,3,6,1,11,4,6,11,1,3,8,4,0,5,22,3,220,6,61,5,499,188,27,3,1,346,94,5,3,100,243,3,2,6,234,8,331,840,24,248,2,0,1,5,6
7,14,4,67,18,18,40,368,2022,59,98,243,382,84,51,77,4,10,175,1200,58,494,1329,912,11521,866,23065,1587,10,85,64,1695,1883,810,132,383,2000,1170,2022,8567,13,62,124,21885,1204,132,977,378,47,62,4,3,6,1,3,8,5,10,3,47,8,7,20,11,5,12,19,1,24,83,4,132,15,164,4,239,172,24,0,6,119,233,10,5,192,119,11,11,3,269,3,210,457,10,95,3,1,0,6,4
5,5,0,8,7,2,1,13,29,24,18,12,5,60,3,1,3,1,12,43,7,2664,411,10,18,103,1587,56524,973,107,10,110,45,13192,5,5,249,46,191,14748,53,37,12,415,48,24272,4896,32,19,12,0,0,0,0,0,0,0,1,0,1,0,0,2,0,0,0,1,0,1,2,0,8,0,1,0,23,31,47,1,0,19,4,0,0,5,60,4,0,1,9,1,500,62,5,14,3,0,0,0,1
491,168,84,142,548,55,45,9,7,94,8,4,16,5703,149,61,1,4,15,23,13,4926,32,3,8,16,10,973,99000,17912,36,36,18,132,66,30,146,14,134,26,22391,381,213,18,49,992,88,34,8400,45,1,4,7,2,4,15,0,0,0,2,2,0,0,0,11,13,16,0,3,2,0,3,1,1,3,1,0,0,0,3,0,0,10,8,3,0,13,32,6,2,11,1,0,0,0,2,2,1,4,5
1167,982,285,994,549,42,254,67,55,256,55,91,298,27608,2150,454,51,30,78,247,171,1626,120,13,152,246,85,107,17912,57209,344,1248,718,77,461,285,989,132,805,11,13068,12857,2679,105,1243,45,102,176,1677,1377,10,11,26,8,22,117,1,2,2,8,62,2,2,2,49,72,113,1,14,9,13,30,5,17,21,8,12,0,28,16,4,21,42,76,21,2,59,194,70,29,89,0,25,1,3,19,7,11,38,35
58,54,14,841,21,6,121,1186,335,805,642,500,1123,446,619,10055,3632,3192,2788,723,2379,500,112,29,110,63,64,10,36,344,21694,184,461,12,196,210,551,163,132,2,100,344,14556,74,378,4,28,31,21,178,5,8,12,2,8,41,10,11,18,34,41,8,13,9,13,21,79,15,63,56,24,12,16,31,20,3,14,0,4,11,1,45,20,24,28,1,80,100,12,12,23,0,13,1,0,6,6,4,22,25
18,31,3,64,9,1,17,274,280,654,130,173,264,866,266,70,60,96,84,625,413,749,2354,87,511,13721,1695,110,36,1248,184,53712,9793,3822,32,100,132,2074,116,309,89,967,436,3948,9467,244,24035,22,43,1123,0,0,0,0,1,2,3,8,4,3,9,7,12,6,0,9,4,4,10,36,9,245,9,74,5,538,250,32,1,3,377,132,2,2,166,349,17,7,5,303,7,378,910,13,300,3,0,3,10,8
17,29,7,103,9,1,38,1785,996,1948,1435,10282,6808,553,318,130,474,296,286,5926,1434,602,14254,126,3799,439,1883,45,18,718,461,9793,25125,67,78,196,203,1189,159,12,180,1535,820,2504,2501,104,3994,30,21,1481,2,0,7,1,0,6,26,16,12,68,11,11,65,36,5,22,31,12,49,332,12,147,23,413,11,118,173,2,2,14,42,443,4,10,433,27,47,20,11,285,6,9,280,4,34,4,2,1,12,9
4,0,0,8,6,1,2,34,37,35,29,17,9,69,17,10,1,0,9,98,16,1642,844,30,84,6449,810,13192,132,77,12,3822,67,47690,5,9,130,339,130,7351,17,28,42,11147,125,6242,12671,26,6,15,0,0,0,0,1,0,0,1,1,3,1,2,3,0,1,1,1,0,1,2,5,77,2,11,0,171,121,130,1,1,201,18,0,0,18,1116,3,1,1,41,4,2015,705,66,249,2,1,0,1,3
188,280,106,1592,193,446,3698,18,239,347,125,32,9,526,166,1491,6,9,158,121,95,284,29,503,196,29,132,5,66,461,196,32,78,5,6534,2331,1011,51,5028,10,143,240,361,195,12,2,8,3465,125,44,72,108,34,33,78,335,3,3,8,13,44,4,4,1,51,60,126,7,32,11,23,15,12,10,18,5,14,0,31,13,1,13,54,48,13,1,89,221,20,7,62,0,5,0,0,136,15,9,41,18
48,59,10,496,28,27,615,25,1012,445,197,122,38,172,76,999,36,31,1561,335,319,250,90,3204,773,67,383,5,30,285,210,100,196,9,2331,3860,2272,144,4419,20,79,200,419,566,37,4,40,190,21,98,9,13,15,3,11,54,7,18,38,47,85,17,9,7,13,27,137,18,105,46,69,21,29,23,47,15,16,2,6,28,4,24,19,42,33,1,217,170,53,26,52,0,22,2,1,10,4,14,55,45
100,149,53,528,54,64,495,924,9899,1022,509,996,1046,835,177,576,755,291,1019,163,1739,413,140,3338,481,79,2000,249,146,989,551,132,203,130,1011,2272,4116,27,8011,1071,261,675,1334,766,43,21,75,593,76,465,10,22,28,11,22,86,57,180,34,457,68,31,25,37,36,46,124,96,119,67,67,30,38,41,34,11,10,0,18,21,5,38,34,44,20,5,330,169,38,13,51,5,18,3,4,38,7,9,30,44
19,37,3,116,7,3,44,277,318,56,55,68,45,335,126,138,9,6,92,5142,25,269,741,46,791,4694,1170,46,14,132,163,2074,1189,339,51,144,27,18632,84,24,16,94,329,9170,4571,30,453,13,21,79,2,0,2,0,2,7,2,5,1,14,4,5,12,2,2,3,6,1,10,21,9,156,10,110,6,268,184,8,2,2,90,190,7,4,222,43,8,5,11,347,2,13,365,1,59,2,1,0,10,9
69,89,49,334,204,226,599,26,990,564,187,57,21,505,96,276,14,20,157,95,294,548,113,5190,494,138,2022,191,134,805,132,116,159,130,5028,4419,8011,84,30247,1074,220,453,639,1570,51,13,64,6240,232,178,30,42,24,8,31,144,4,6,33,29,115,11,6,4,44,67,190,7,106,12,37,37,25,18,30,15,9,2,36,29,2,22,65,64,34,10,238,221,63,25,96,9,28,0,3,49,7,18,62,35
0,0,0,3,4,7,0,5,24,2,6,4,2,11,2,3,0,0,6,20,3,304,114,60,38,290,8567,14748,26,11,2,309,12,7351,10,20,1071,24,1074,33780,3,4,3,14128,19,1100,681,157,15,0,0,1,0,0,0,0,0,0,0,1,3,0,2,0,0,1,0,1,1,3,1,45,1,13,0,122,99,278,0,1,169,9,2,1,5,862,10,1,1,12,2,4069,613,81,202,8,0,0,0,0
529,415,166,352,248,18,82,9,14,15621,71,68,35,1526,347,176,4,4,43,35,122,20995,35,6,29,14,13,53,22391,13068,100,89,180,17,143,79,261,16,220,3,54089,12648,708,14,66,59,22,37,215,530,5,6,6,9,2,30,0,0,0,2,20,3,0,0,13,14,34,1,7,5,0,8,0,0,6,1,0,0,6,3,1,2,12,21,2,0,16,57,15,2,24,0,0,0,0,9,1,2,16,8
909,1302,392,1033,191,28,202,64,58,19377,317,666,352,2467,1523,487,70,22,119,221,1372,2809,272,18,169,105,62,37,381,12857,344,967,1535,28,240,200,675,94,453,4,12648,27016,3356,93,447,7,220,81,164,10819,13,13,15,8,12,46,1,2,1,7,41,3,2,2,14,25,55,2,14,6,11,16,2,19,26,11,8,0,10,9,7,16,23,28,16,0,45,69,34,14,32,0,18,0,2,9,3,5,23,12
178,244,38,1243,112,13,214,763,206,4354,901,428,1109,5555,10837,6564,339,869,1141,1154,4730,1910,184,24,169,175,124,12,213,2679,14556,436,820,42,361,419,1334,329,639,3,708,3356,45824,119,1138,7,59,92,137,12015,13,12,16,1,16,69,2,5,8,23,69,3,13,4,18,15,96,2,50,64,21,20,2,56,24,8,23,3,14,21,5,75,30,36,40,2,79,115,28,33,32,0,19,2,7,14,8,8,26,17
22,32,3,130,18,29,87,138,881,123,159,193,97,104,47,159,14,9,406,1396,49,1426,3298,559,3532,13897,21885,415,18,105,74,3948,2504,11147,195,566,766,9170,1570,14128,14,93,119,56173,894,532,2687,371,39,70,5,2,6,0,4,9,3,9,4,26,11,8,32,8,7,16,10,3,43,49,12,489,16,204,16,1079,587,131,8,5,809,299,14,7,378,916,12,22,13,582,14,1255,2165,60,653,9,0,2,23,10
18,38,8,57,6,1,16,1314,230,180,43,46,249,1616,483,69,47,132,81,2928,188,179,384,31,402,1103,1204,48,49,1243,378,9467,2501,125,12,37,43,4571,51,19,66,447,1138,894,7697,15,221,5,46,910,1,0,0,1,0,3,5,5,1,17,5,5,11,3,5,16,9,2,9,44,3,158,5,115,5,196,153,5,1,3,72,203,6,6,246,32,4,5,6,309,1,10,319,1,37,1,0,1,8,12
3,3,2,3,5,0,1,27,25,24,57,34,9,21,0,2,9,2,8,46,6,8136,2262,1,43,238,132,24272,992,45,4,244,104,6242,2,4,21,30,13,1100,59,7,7,532,15,15150,13922,3,14,4,0,0,1,0,0,0,0,1,0,0,0,0,1,0,0,0,1,0,0,3,0,9,0,3,0,15,6,10,1,0,19,4,0,0,3,67,1,0,0,7,1,140,55,7,15,0,0,0,0,0
7,5,0,14,3,1,5,112,181,354,265,382,92,92,26,14,22,9,35,242,113,2063,11634,27,320,3458,977,4896,88,102,28,24035,3994,12671,8,40,75,453,64,681,22,220,59,2687,221,13922,53518,13,8,87,0,0,1,0,1,1,0,0,1,3,2,1,5,2,0,5,2,0,9,14,7,103,4,27,2,242,107,65,0,0,211,44,1,2,60,562,4,1,1,92,0,864,561,45,169,4,0,0,4,1
84,102,105,428,676,3799,2589,5,201,122,54,4,1,171,50,156,1,3,11,18,16,104,29,165,86,47,378,32,34,176,31,22,30,26,3465,190,593,13,6240,157,37,81,92,371,5,3,13,8012,517,10,69,171,30,67,165,503,0,0,4,6,25,3,1,1,39,29,72,1,10,4,1,6,4,7,2,3,11,1,19,3,1,4,27,21,4,0,35,285,5,7,50,5,11,0,0,474,15,7,12,2
1591,282,148,326,3405,1631,97,4,31,46,9,0,4,14691,306,63,0,1,11,21,6,316,9,19,19,25,47,19,8400,1677,21,43,21,6,125,21,76,21,232,15,215,164,137,39,46,14,8,517,13101,8,7,6,9,16,12,45,0,0,1,1,2,0,2,0,14,16,18,0,1,2,2,4,0,4,0,0,0,2,8,0,1,3,16,18,3,1,4,43,7,1,11,0,3,0,0,9,3,1,7,3
31,42,10,102,6,1,36,94,40,8371,112,315,619,5486,8325,125,92,86,64,228,2562,502,98,13,170,98,62,12,45,1377,178,1123,1481,15,44,98,465,79,178,0,530,10819,12015,70,910,4,87,10,8,27108,1,1,2,0,0,4,0,1,4,6,13,3,2,0,3,1,12,2,16,7,7,9,0,11,14,8,7,0,1,1,1,16,3,6,24,1,17,13,5,17,8,2,20,0,3,0,0,0,9,3
21,35,57,148,8,127,134,2,7,4,3,1,1,36,11,21,1,0,1,6,4,9,1,2,3,0,4,0,1,10,5,0,2,0,72,9,10,2,30,0,5,13,13,5,1,0,0,69,7,1,31409,16175,7224,12376,10376,7640,4,7,1,12,187,12,5,10,9207,794,296,2,7,34,23,367,6,27,26,26,7,31,1402,11,8,35,1002,65,29,9,69,202,55,50,41,9,38,30,7,232,7211,361,469,49
31,69,99,250,27,42,405,1,6,7,2,1,0,51,20,29,0,0,3,2,3,15,0,3,3,0,3,0,4,11,8,0,0,0,108,13,22,0,42,1,6,13,12,2,0,0,0,171,6,1,16175,68989,15781,10349,2299,12614,12,3,0,10,944,12,8,6,8626,870,198,3,9,35,11,1353,4,11,25,41,15,28,1246,7,28,54,2021,72,95,14,131,356,152,25,30,2,16,53,8,217,1021,774,2027,111
16,33,36,78,11,9,114,14,20,11,7,5,6,49,11,29,3,3,17,15,8,16,1,1,10,1,6,0,7,26,12,0,7,0,34,15,28,2,24,0,6,15,16,6,0,1,1,30,9,2,7224,15781,31602,122,211,6029,27,30,9,46,743,40,28,27,21561,9887,3570,16,83,265,105,458,16,73,100,65,56,19,902,209,22,100,1585,325,129,19,185,189,335,137,28,6,70,20,7,62,1233,293,1284,163
468,75,3820,290,730,1827,1382,0,2,1,3,0,0,18,3,5,0,0,2,0,1,14,0,0,0,0,1,0,2,8,2,0,1,0,33,3,11,0,8,0,9,8,1,0,1,0,0,67,16,0,12376,10349,122,35322,18946,28237,1,1,0,0,27,1,1,3,113,27,25,1,4,4,7,68,2,3,3,2,6,7,132,0,1,3,142,1,2,1,27,126,12,5,98,1,8,4,0,183,244,55,75,9
40,50,82,156,21,156,322,2,5,4,2,0,0,35,9,18,0,0,4,3,0,9,1,3,0,1,3,0,4,22,8,1,0,1,78,11,22,2,31,0,2,12,16,4,0,0,1,165,12,0,10376,2299,211,18946,32183,10791,0,0,1,5,60,1,2,1,282,96,77,0,5,7,7,34,104,147,6,12,119,4,102,2,10,12,82,20,9,6,336,1152,16,15,1404,75,109,3,10,5210,3624,26,56,16
115,223,410,692,65,211,1127,14,41,42,16,11,5,198,56,129,2,1,36,16,12,76,3,6,21,2,8,0,15,117,41,2,6,0,335,54,86,7,144,0,30,46,69,9,3,0,1,503,45,4,7640,12614,6029,28237,10791,28496,16,13,7,104,779,42,32,14,2994,1077,4014,15,79,121,166,377,209,144,104,45,125,15,546,49,21,103,975,112,78,21,731,2792,209,117,804,14,144,21,16,1748,568,266,1021,195
1,2,0,0,0,1,1,195,363,2,9,25,97,2,2,4,13,4,9,65,6,3,1,8,27,3,5,0,0,1,10,3,26,0,3,7,57,2,4,0,0,1,2,3,5,0,0,0,0,0,4,12,27,1,0,16,3924,4163,348,674,38,59,235,4216,76,639,170,1459,134,1039,51,164,35,57,447,12,32,3,24,479,28,1534,165,416,281,7,405,7,451,19,4,0,23,10,25,0,10,6,85,40
0,0,1,5,0,0,3,189,636,7,24,56,141,4,2,8,71,25,22,39,25,7,8,16,24,6,10,1,0,2,11,8,16,1,3,18,180,5,6,0,0,2,5,9,5,1,0,0,0,1,7,3,30,1,0,13,4163,17991,2954,2662,125,533,581,1956,89,399,329,5032,674,3086,283,1056,54,75,371,34,37,7,17,914,96,1078,72,463,630,27,1072,21,219,193,11,3,64,32,108,2,3,11,28,18
0,3,1,10,0,0,7,28,95,29,22,35,12,3,1,14,13,3,62,8,65,7,5,21,11,1,3,0,0,2,18,4,12,1,8,38,34,1,33,0,0,1,8,4,1,0,1,4,1,4,1,0,9,0,1,7,348,2954,2996,1086,200,630,297,187,2,27,97,3602,1417,465,696,474,15,35,332,15,22,2,1,759,19,227,6,32,123,3,263,9,14,41,27,0,21,11,38,0,1,2,33,19
0,3,0,20,0,0,5,495,1607,18,69,143,383,12,7,15,191,34,89,153,90,28,17,57,128,11,47,1,2,8,34,3,68,3,13,47,457,14,29,1,2,7,23,26,17,0,3,6,1,6,12,10,46,0,5,104,674,2662,1086,21576,283,696,916,1188,29,86,577,1450,2812,1903,874,1033,5438,5447,133,62,1139,13,10,209,131,545,18,106,110,47,8472,434,35,119,67,17,361,33,126,11,3,7,52,41
7,19,10,43,7,2,27,18,79,45,26,23,4,42,8,52,20,12,125,18,79,40,3,26,12,4,8,0,2,62,41,9,11,1,44,85,68,4,115,3,20,41,69,11,5,0,2,25,2,13,187,944,743,27,60,779,38,125,200,283,49558,4015,1773,143,462,1680,2961,110,1025,136,5154,2685,122,55,600,186,71,29,256,468,525,640,570,1583,460,87,1956,858,865,100,549,17,170,93,302,133,58,22661,23131,4955
0,0,0,3,0,0,4,15,52,9,6,13,10,2,0,6,11,4,29,34,19,2,5,11,24,6,7,0,0,2,8,7,11,2,4,17,31,5,11,0,3,3,3,8,5,0,1,3,0,3,12,12,40,1,1,42,59,533,630,696,4015,6230,6931,409,27,121,418,440,726,291,4416,6994,72,111,217,71,99,16,12,132,91,563,26,188,56,60,430,98,47,111,49,15,144,136,210,5,2,25,310,298
0,1,0,3,0,0,5,53,124,0,6,25,47,2,3,6,11,7,14,138,3,9,8,9,155,11,20,2,0,2,13,12,65,3,4,9,25,12,6,2,0,2,13,32,11,1,5,1,2,2,5,8,28,1,2,32,235,581,297,916,1773,6931,17316,6389,33,104,234,3390,338,1090,6910,7112,50,627,1366,102,396,18,20,529,153,4729,45,114,167,96,261,73,157,372,17,17,364,191,458,3,5,21,290,515
0,0,0,6,0,0,2,221,378,2,10,16,137,1,3,8,16,3,7,106,5,7,8,3,61,1,11,0,0,2,9,6,36,0,1,7,37,2,4,0,0,2,4,8,3,0,2,1,0,0,10,6,27,3,1,14,4216,1956,187,1188,143,409,6389,14731,43,200,190,6840,186,2614,845,592,70,406,734,13,108,4,7,704,37,4774,44,219,228,11,458,31,211,31,7,3,44,20,57,1,4,6,66,124
28,36,40,101,10,10,127,16,15,11,4,0,2,63,15,35,0,0,6,21,2,25,1,2,10,3,5,0,11,49,13,0,5,1,51,13,36,2,44,0,13,14,18,7,5,0,0,39,14,3,9207,8626,21561,113,282,2994,76,89,2,29,462,27,33,43,49036,12406,926,17,33,311,67,391,6,75,64,237,55,24,4767,66,72,265,8792,641,478,48,205,279,804,435,61,13,131,32,24,45,11036,329,1175,257
23,42,25,94,19,10,95,24,58,15,7,4,14,92,18,51,4,2,22,44,7,25,2,5,42,8,12,0,13,72,21,9,22,1,60,27,46,3,67,1,14,25,15,16,16,0,5,29,16,1,794,870,9887,27,96,1077,639,399,27,86,1680,121,104,200,12406,38045,3578,162,118,1068,197,766,10,133,689,624,121,41,1311,653,212,1085,6994,8497,2073,143,476,280,17023,1024,92,25,228,30,94,57,630,503,5211,4155
50,51,47,141,24,5,131,61,143,67,26,37,32,121,22,84,4,12,151,53,100,84,10,26,68,4,19,1,16,113,79,4,31,1,126,137,124,6,190,0,34,55,96,10,9,1,2,72,18,12,296,198,3570,25,77,4014,170,329,97,577,2961,418,234,190,926,3578,24259,300,4603,1000,1130,606,228,371,2141,80,225,5,268,5850,66,557,724,5683,297,32,1216,2170,821,296,296,11,263,11,50,162,147,241,1330,795
0,1,0,0,0,0,1,32,182,8,17,29,23,1,3,5,31,13,27,10,21,3,2,18,12,0,1,0,0,1,15,4,12,0,7,18,96,1,7,1,1,2,2,3,2,0,0,1,0,2,2,3,16,1,0,15,1459,5032,3602,1450,110,440,3390,6840,17,162,300,11715,992,263,4391,409,50,44,1939,24,26,4,9,5759,57,1359,24,282,219,8,645,49,145,28,17,2,41,21,31,0,2,3,46,116
2,5,0,22,3,0,12,67,320,80,41,90,42,7,7,43,32,15,199,85,173,14,20,98,133,5,24,1,3,14,63,10,49,1,32,105,119,10,106,1,7,14,50,43,9,0,9,10,1,16,7,9,83,4,5,79,134,674,1417,2812,1025,726,338,186,33,118,4603,992,7870,1628,1449,445,1314,680,1112,49,251,3,21,939,46,433,46,165,182,20,985,1248,92,143,189,9,207,15,37,5,4,26,201,251
1,4,0,29,2,0,13,1047,1630,12,51,95,642,34,16,41,32,2,38,805,17,49,54,31,632,22,83,2,2,9,56,36,332,2,11,46,67,21,12,3,5,6,64,49,44,3,14,4,2,7,34,35,265,4,7,121,1039,3086,465,1903,136,291,1090,2614,311,1068,1000,263,1628,16449,106,1201,124,2956,379,217,766,18,78,416,171,7237,242,861,3406,77,464,86,376,3510,12,13,472,77,191,5,39,24,117,83
2,0,0,8,1,1,13,28,138,40,29,43,7,4,3,9,24,12,121,16,60,14,4,38,18,3,4,0,0,13,24,9,12,5,23,69,67,9,37,1,0,11,21,12,3,0,7,1,2,7,23,11,105,7,7,166,51,283,696,874,5154,4416,6910,845,67,197,1130,4391,1449,106,23159,1611,146,70,7526,172,80,20,32,1788,533,1583,176,216,408,86,1664,506,310,96,190,13,191,72,400,17,4,59,1149,3910
5,6,6,12,3,1,17,57,105,15,16,29,33,24,11,17,7,2,21,147,14,41,84,23,245,220,132,8,3,30,12,245,147,77,15,21,30,156,37,45,8,16,20,489,158,9,103,6,4,9,367,1353,458,68,34,377,164,1056,474,1033,2685,6994,7112,592,391,766,606,409,445,1201,1611,40505,92,863,468,1643,2313,1178,2090,163,1947,6132,1059,471,872,2642,442,249,313,1963,182,582,4778,7442,9285,76,59,3867,2422,582
1,3,2,10,1,3,9,57,136,12,13,23,15,3,5,7,14,6,50,38,27,6,10,15,52,6,15,0,1,5,16,9,23,2,12,29,38,10,25,1,0,2,2,16,5,0,4,4,0,0,6,4,16,2,104,209,35,54,15,5438,122,72,50,70,6,10,228,50,1314,124,146,92,5255,2732,62,44,1026,9,7,19,35,152,5,11,19,38,3550,2533,10,62,2574,89,493,6,32,401,12,2,42,22
5,5,4,16,2,2,15,319,591,6,28,70,243,25,16,27,7,7,35,745,10,50,97,35,1139,61,164,1,1,17,31,74,413,11,10,23,41,110,18,13,0,19,56,204,115,3,27,7,4,11,27,11,73,3,147,144,57,75,35,5447,55,111,627,406,75,133,371,44,680,2956,70,863,2732,14398,61,290,16325,44,17,47,202,2437,45,130,437,177,1477,452,38,549,1359,1395,3571,39,228,743,43,6,28,41
3,2,1,11,1,2,5,10,45,26,13,15,9,10,5,40,7,6,77,20,21,24,6,13,25,5,4,0,3,21,20,5,11,0,18,47,34,6,30,0,6,26,24,16,5,0,2,2,0,14,26,25,100,3,6,104,447,371,332,133,600,217,1366,734,64,689,2141,1939,1112,379,7526,468,62,61,13494,161,74,9,47,9096,304,2112,190,3281,1212,41,1025,311,5400,252,156,7,110,17,186,17,14,42,612,1962
0,0,0,3,0,1,2,22,36,4,9,4,10,9,3,4,4,0,4,105,4,62,154,13,152,499,239,23,1,8,3,538,118,171,5,15,11,268,15,122,1,11,8,1079,196,15,242,3,0,8,26,41,65,2,12,45,12,34,15,62,186,71,102,13,237,624,80,24,49,217,172,1643,44,290,161,21855,1619,92,113,57,6993,1080,531,127,4968,7834,58,63,272,9058,63,220,4948,106,1506,44,33,52,408,305
1,1,0,10,0,3,8,47,99,3,6,16,40,10,10,7,4,1,11,192,6,34,84,21,397,188,172,31,0,12,14,250,173,121,14,16,10,184,9,99,0,8,23,587,153,6,107,11,0,7,7,15,56,6,119,125,32,37,22,1139,71,99,396,108,55,121,225,26,251,766,80,2313,1026,16325,74,1619,14021,424,30,31,1321,2615,48,68,1259,917,591,449,70,1627,849,7499,13533,178,1401,506,47,15,76,67
0,0,0,1,0,0,0,1,1,0,0,0,1,1,0,0,0,0,0,1,0,3,8,0,4,27,24,47,0,0,0,32,2,130,0,2,0,8,2,278,0,0,3,131,5,10,65,1,2,0,31,28,19,7,4,15,3,7,2,13,29,16,18,4,24,41,5,4,3,18,20,1178,9,44,9,92,424,47565,1442,3,71,28,210,7,55,10099,86,12,8,61,52,16586,776,18696,792,43,24,326,119,27
15,14,12,36,2,5,41,2,3,7,0,0,2,25,12,16,0,0,6,5,3,16,1,0,3,3,0,1,0,28,4,1,2,1,31,6,18,2,36,0,6,10,14,8,1,1,0,19,8,1,1402,1246,902,132,102,546,24,17,1,10,256,12,20,7,4767,1311,268,9,21,78,32,2090,7,17,47,113,30,1442,137446,26,67,109,21427,273,225,158,174,135,389,109,41,64,88,1598,62,37,17546,20495,2526,201
1,1,2,6,1,0,6,24,47,20,5,7,11,7,1,9,8,2,38,12,31,15,0,1,15,1,6,0,3,16,11,3,14,1,13,28,21,2,29,1,3,9,21,5,3,0,0,3,0,1,11,7,209,0,2,49,479,914,759,209,468,132,529,704,66,653,5850,5759,939,416,1788,163,19,47,9096,57,31,3,26,10172,93,1074,64,4443,634,12,254,41,437,144,54,0,55,3,53,10,8,26,148,113
0,1,0,2,0,0,1,8,22,2,3,4,4,6,3,1,4,1,3,26,1,47,62,7,59,346,119,19,0,4,1,377,42,201,1,4,5,90,2,169,1,7,5,809,72,19,211,1,1,1,8,28,22,1,10,21,28,96,19,131,525,91,153,37,72,212,66,57,46,171,533,1947,35,202,304,6993,1321,71,67,93,33139,3159,290,92,6700,7980,66,46,286,895,44,404,3252,442,9297,35,12,51,700,648
5,5,2,18,3,0,5,379,530,15,42,56,260,47,20,27,10,7,57,837,14,69,136,41,1029,94,233,4,0,21,45,132,443,18,13,24,38,190,22,9,2,16,75,299,203,4,44,4,3,16,35,54,100,3,12,103,1534,1078,227,545,640,563,4729,4774,265,1085,557,1359,433,7237,1583,6132,152,2437,2112,1080,2615,28,109,1074,3159,30783,476,659,14523,247,219,179,1284,3929,68,37,2546,97,4102,25,30,46,677,1420
15,22,16,57,11,4,68,6,13,13,2,1,1,61,14,30,1,0,14,14,5,39,5,3,13,5,10,0,10,42,20,2,4,0,54,19,34,7,65,2,12,23,30,14,6,0,1,27,16,3,1002,2021,1585,142,82,975,165,72,6,18,570,26,45,44,8792,6994,724,24,46,242,176,1059,5,45,190,531,48,210,21427,64,290,476,50623,972,1318,175,549,359,2500,340,124,36,127,218,64,68,1592,8262,26239,1738
18,21,16,49,18,3,53,32,54,16,16,6,18,69,17,32,2,3,24,23,8,41,2,2,25,3,5,0,8,76,24,2,10,0,48,42,44,4,64,1,21,28,36,7,6,0,2,21,18,6,65,72,325,1,20,112,416,463,32,106,1583,188,114,219,641,8497,5683,282,165,861,216,471,11,130,3281,127,68,7,273,4443,92,659,972,15167,790,25,468,113,6291,548,126,11,147,18,38,69,87,195,1489,572
2,2,0,15,0,0,4,173,231,8,17,30,112,30,8,16,4,2,32,570,9,59,131,16,945,100,192,5,3,21,28,166,433,18,13,33,20,222,34,5,2,16,40,378,246,3,60,4,3,24,29,95,129,2,9,78,281,630,123,110,460,56,167,228,478,2073,297,219,182,3406,408,872,19,437,1212,4968,1259,55,225,634,6700,14523,1318,790,17709,479,112,33,1745,2361,31,35,467,36,520,12,58,99,1203,1165
0,0,1,1,0,0,0,4,9,1,1,4,5,2,0,0,0,0,4,24,0,52,58,4,32,243,119,60,0,2,1,349,27,1116,1,1,5,43,10,862,0,0,2,916,32,67,562,0,1,1,9,14,19,1,6,21,7,27,3,47,87,60,96,11,48,143,32,8,20,77,86,2642,38,177,41,7834,917,10099,158,12,7980,247,175,25,479,42516,43,54,72,820,53,4082,8786,11864,6743,38,11,74,144,83
7,13,10,49,4,6,47,120,593,100,85,220,119,50,13,59,146,34,196,34,226,33,33,140,36,3,11,4,13,59,80,17,47,3,89,217,330,8,238,10,16,45,79,12,4,1,4,35,4,17,69,131,185,27,336,731,405,1072,263,8472,1956,430,261,458,205,476,1216,645,985,464,1664,442,3550,1477,1025,58,591,86,174,254,66,219,549,468,112,43,2445,3277,1163,33,4618,637,411,32,79,1037,100,194,1242,1331
50,104,111,308,44,51,524,26,124,103,31,42,17,176,35,158,19,18,198,41,64,119,3,30,48,2,11,0,32,194,100,7,20,1,221,170,169,5,221,1,57,69,115,22,5,0,1,285,43,13,202,356,189,126,1152,2792,7,21,9,434,858,98,73,31,279,280,2170,49,1248,86,506,249,2533,452,311,63,449,12,135,41,46,179,359,113,33,54,3277,12389,237,117,6462,37,455,11,32,3267,101,104,501,353
2,6,4,17,5,0,11,7,22,13,13,3,7,25,5,36,2,1,36,25,14,64,3,2,17,6,3,1,6,70,12,5,11,1,20,53,38,11,63,1,15,34,28,13,6,0,1,5,7,5,55,152,335,12,16,209,451,219,14,35,865,47,157,211,804,17023,821,145,92,376,310,313,10,38,5400,272,70,8,389,437,286,1284,2500,6291,1745,72,1163,237,19268,332,175,13,82,17,104,70,80,198,3481,6080
3,2,1,15,2,2,2,56,81,18,11,26,38,24,13,8,1,1,19,359,10,56,166,34,643,234,269,9,2,29,12,303,285,41,7,26,13,347,25,12,2,14,33,582,309,7,92,7,1,17,50,25,137,5,15,117,19,193,41,119,100,111,372,31,435,1024,296,28,143,3510,96,1963,62,549,252,9058,1627,61,109,144,895,3929,340,548,2361,820,33,117,332,21810,67,83,8517,82,655,50,66,23,171,134
18,14,23,50,12,10,71,8,23,26,7,4,2,72,10,57,4,1,54,13,23,70,2,8,11,8,3,1,11,89,23,7,6,4,62,52,51,2,96,2,24,32,32,14,1,1,0,50,11,8,41,30,28,98,1404,804,4,11,27,67,549,49,17,7,61,92,296,17,189,12,190,182,2574,1359,156,63,849,52,41,54,44,68,124,126,31,53,4618,6462,175,67,14779,590,637,6,67,5125,92,54,290,180
0,1,1,1,0,4,3,2,4,2,4,0,0,1,0,0,0,0,1,3,1,70,65,2,6,331,210,500,1,0,0,378,9,2015,0,0,5,13,9,4069,0,0,0,1255,10,140,864,5,0,2,9,2,6,1,75,14,0,3,0,17,17,15,17,3,13,25,11,2,9,13,13,582,89,1395,7,220,7499,16586,64,0,404,37,36,11,35,4082,637,37,13,83,590,47834,12608,1623,750,439,18,21,28,9
5,2,2,10,3,2,11,42,77,8,16,27,30,27,13,13,5,0,17,290,13,116,268,27,562,840,457,62,0,25,13,910,280,705,5,22,18,365,28,613,0,18,19,2165,319,55,561,11,3,20,38,16,70,8,109,144,23,64,21,361,170,144,364,44,131,228,263,41,207,472,191,4778,493,3571,110,4948,13533,776,88,55,3252,2546,127,147,467,8786,411,455,82,8517,637,12608,41842,702,3315,470,50,39,136,154
0,0,0,1,0,0,0,1,4,0,0,2,2,1,0,1,0,0,0,8,1,7,5,0,5,24,10,5,0,1,1,13,4,66,0,2,3,1,0,81,0,0,2,60,1,7,45,0,0,0,30,53,20,4,3,21,10,32,11,33,93,136,191,20,32,30,11,21,15,77,72,7442,6,39,17,106,178,18696,1598,3,442,97,218,18,36,11864,32,11,17,82,6,1623,702,19628,7272,6,17,553,123,42
1,0,0,0,0,0,1,10,18,3,1,3,3,4,1,0,2,1,5,35,2,18,52,1,35,248,95,14,0,3,0,300,34,249,0,1,4,59,3,202,0,2,7,653,37,15,169,0,0,3,7,8,7,0,10,16,25,108,38,126,302,210,458,57,24,94,50,31,37,191,400,9285,32,228,186,1506,1401,792,62,53,9297,4102,64,38,520,6743,79,32,104,655,67,750,3315,7272,18431,51,4,45,194,264
35,58,108,241,27,154,730,0,4,10,4,0,0,38,8,26,0,0,3,1,2,16,1,2,3,2,3,3,2,19,6,3,4,2,136,10,38,2,49,8,9,9,14,9,1,0,4,474,9,0,232,217,62,183,5210,1748,0,2,0,11,133,5,3,1,45,57,162,0,5,5,17,76,401,743,17,44,506,43,37,10,35,25,68,69,12,38,1037,3267,70,50,5125,439,470,6,51,8592,554,18,96,54
6,12,12,28,5,6,36,2,3,1,0,0,2,16,9,6,0,0,1,2,0,4,0,0,6,0,1,0,2,7,6,0,2,1,15,4,7,1,7,0,1,3,8,0,0,0,0,15,3,0,7211,1021,1233,244,3624,568,10,3,1,3,58,2,5,4,11036,630,147,2,4,39,4,59,12,43,14,33,47,24,17546,8,12,30,1592,87,58,11,100,101,80,66,92,18,50,17,4,554,46252,327,325,23
4,3,5,8,3,0,9,0,2,4,2,1,0,12,4,11,0,2,10,3,5,16,0,1,2,1,0,0,1,11,4,3,1,0,9,14,9,0,18,0,2,5,8,2,1,0,0,7,1,0,361,774,293,55,26,266,6,11,2,7,22661,25,21,6,329,503,241,3,26,24,59,3867,2,6,42,52,15,326,20495,26,51,46,8262,195,99,74,194,104,198,23,54,21,39,553,45,18,327,69097,9889,287
7,7,9,44,3,4,28,2,28,24,9,8,2,43,5,37,5,0,49,15,27,44,5,11,13,5,6,0,4,38,22,10,12,1,41,55,30,10,62,0,16,23,26,23,8,0,4,12,7,9,469,2027,1284,75,56,1021,85,28,33,52,23131,310,290,66,1175,5211,1330,46,201,117,1149,2422,42,28,612,408,76,119,2526,148,700,677,26239,1489,1203,144,1242,501,3481,171,290,28,136,123,194,96,325,9889,43658,12104
1,2,6,10,1,0,9,6,18,19,8,5,0,15,1,21,2,2,45,10,20,29,3,4,16,6,4,1,5,35,25,8,9,3,18,45,44,9,35,0,8,12,17,10,12,0,1,2,3,3,49,111,163,9,16,195,40,18,19,41,4955,298,515,124,257,4155,795,116,251,83,3910,582,22,41,1962,305,67,27,201,113,648,1420,1738,572,1165,83,1331,353,6080,134,180,9,154,42,264,54,23,287,12104,16416
