29713,7305,8625,1530,16696,4519,289,0,0,344,41,0,0,26153,978,142,0,2,1,8,0,179,0,12,0,1,0,0,94,257,231,0,0,0,68,12,165,2,50,0,32,526,87,1,1,0,0,43,517,84,6,0,2,11,6,33,0,0,0,0,2,1,0,0,4,7,9,0,0,0,0,2,0,0,0,0,1,0,1,6,1,0,1,3,1,0,5,17,0,0,3,0,0,0,0,4,1,1,9,0
7305,21670,10462,14305,1014,797,124,3,3,728,101,0,2,3239,5275,341,0,0,0,5,2,188,1,15,1,1,1,1,48,77,257,2,0,0,85,27,229,0,57,0,14,553,103,2,1,0,0,67,113,197,9,0,4,24,20,58,0,0,0,0,6,1,0,0,15,16,23,0,1,0,0,7,1,0,0,0,0,0,2,14,0,0,4,2,0,0,5,44,2,1,11,0,0,0,0,16,4,3,15,2
8625,10462,23687,6730,5827,6397,7461,4,6,738,141,1,4,348,120,86,0,5,2,2,3,205,0,7,0,0,3,2,33,60,87,0,2,0,230,12,243,0,86,0,21,452,50,0,0,0,0,358,35,95,39,217,9,1277,26,209,0,0,0,0,11,1,0,0,15,25,42,0,3,0,1,10,2,0,0,0,0,0,10,16,0,1,2,8,0,0,17,78,0,1,23,0,0,0,0,62,9,2,26,1
1530,14305,6730,51593,243,1771,14431,3,5,1390,230,0,3,854,15068,5644,1,6,10,12,6,186,2,35,3,2,7,0,39,86,967,1,3,0,494,63,839,3,239,0,25,682,1874,3,0,0,0,510,96,510,42,1,69,262,245,694,0,0,1,0,40,8,0,0,69,104,215,1,19,2,2,38,4,2,1,1,2,1,27,60,0,4,24,29,1,0,40,596,12,0,117,0,2,0,0,264,24,6,86,7
16696,1014,5827,243,29799,23877,133,2,0,78,16,0,1,10964,315,45,0,0,8,11,0,127,0,1,1,4,2,0,208,602,104,1,1,0,51,22,136,1,91,0,42,503,53,0,1,1,2,136,1901,47,1,0,5,50,3,16,0,0,0,0,2,0,0,0,1,4,5,0,0,0,0,2,0,0,0,1,0,0,1,6,0,1,0,2,1,0,4,10,0,1,6,0,0,0,0,4,1,1,2,1
4519,797,6397,1771,23877,19825,17791,0,1,89,20,0,0,624,217,90,0,1,1,0,1,71,0,13,0,0,2,0,28,58,71,0,0,0,2098,22,187,1,513,0,12,161,32,0,0,0,0,6109,2098,25,3,0,5,1293,17,107,0,0,0,0,0,1,0,0,2,5,18,0,0,0,0,4,0,0,0,0,0,0,1,4,0,0,0,1,0,0,21,74,1,0,29,0,0,0,0,99,2,0,3,0
289,124,7461,14431,133,17791,27950,0,2,111,42,0,2,44,30,2103,0,2,2,4,5,57,1,82,1,1,5,0,9,9,233,1,2,0,5615,146,385,0,451,0,3,72,9,1,1,0,0,1956,2,14,28,3,38,762,171,1184,0,0,0,1,11,0,0,0,17,34,173,0,0,0,0,3,4,0,0,0,2,0,9,19,0,0,4,6,0,0,26,511,0,0,105,0,0,0,0,227,7,0,23,0
0,3,4,3,2,0,0,26332,4234,251,3045,1316,6338,35,19,2097,2078,9082,1058,16757,188,786,864,1497,69,97,170,9,12,15,2823,112,998,28,12,64,2955,95,50,6,2,34,154,101,580,67,124,0,7,483,0,0,0,0,0,0,2,0,1,3,3,1,1,1,0,1,2,0,4,11,0,8,0,6,0,11,9,0,0,4,0,19,0,0,24,0,11,2,0,12,0,1,6,0,1,1,0,0,1,0
0,3,6,5,0,1,2,4234,51187,107,586,599,1024,11,2,582,218,200,2940,9867,105,131,442,14226,10687,138,2906,25,3,5,75,150,557,71,62,162,7042,119,96,78,3,30,3,1012,66,45,108,2,1,13,0,0,0,0,0,0,1,0,1,2,2,1,1,3,0,1,0,1,0,5,2,8,0,2,0,13,51,0,0,2,12,35,0,0,31,6,5,1,0,28,0,0,26,0,3,2,0,0,0,0
344,728,738,1390,78,89,111,251,107,35722,4270,2883,749,297,649,1138,660,637,308,76,3571,2342,693,541,22,63,43,16,19,42,2241,409,1291,24,146,183,944,21,452,1,14771,45737,3324,52,25,55,233,26,42,20009,1,0,0,12,1,12,0,0,0,2,17,2,1,0,3,5,17,0,6,2,1,10,0,3,1,3,8,0,5,26,2,6,2,1,4,0,17,6,1,4,3,1,5,0,1,2,3,1,6,2
41,101,141,230,16,20,42,3045,586,4270,6726,11796,4269,57,76,929,2228,2342,776,911,1909,3320,2909,917,65,28,110,9,20,2,1198,119,2518,27,81,160,954,16,258,6,1,59,251,54,7,56,152,13,18,133,2,0,0,2,2,6,1,0,2,0,6,1,0,2,0,0,0,1,5,4,0,4,1,5,0,4,15,0,3,8,3,11,0,0,17,1,21,5,0,13,2,1,9,0,0,0,1,0,3,0
0,0,1,0,0,0,0,1316,599,2883,11796,27581,23614,0,0,33,5284,766,104,531,3486,448,4134,1025,143,16,156,0,4,0,34,60,10826,4,1,9,827,16,3,1,0,63,16,54,4,24,98,0,0,87,0,0,0,0,0,0,0,0,0,0,0,1,0,1,0,0,2,0,0,5,0,3,0,1,0,3,16,0,0,1,0,8,1,0,16,0,3,0,1,6,1,0,4,0,1,0,0,0,2,0
0,2,4,3,1,0,2,6338,1024,749,4269,23614,26407,18,5,24,16321,4503,33,8203,803,293,1831,414,303,96,645,6,3,6,261,2090,21693,18,2,5,1837,79,13,4,2,322,241,93,1964,28,69,10,2,2431,1,0,0,0,0,0,3,0,0,2,1,4,2,4,0,1,2,0,3,21,1,9,2,12,0,9,49,1,0,3,3,41,0,0,35,1,5,0,0,22,0,0,16,0,3,3,0,0,2,0
26153,3239,348,854,10964,624,44,35,11,297,57,0,18,88082,30562,319,1,6,45,220,8,897,3,56,7,28,23,8,2858,33045,1313,46,16,9,280,240,1477,44,642,1,709,8817,968,5,30,8,10,245,14876,7349,6,0,12,2,15,39,0,0,0,1,19,4,0,0,15,31,37,1,6,2,2,19,1,3,0,0,11,0,10,61,0,3,8,13,0,0,43,33,1,3,12,0,1,0,0,14,10,2,40,3
978,5275,120,15068,315,217,30,19,2,649,76,0,5,30562,31998,2897,2,3,8,84,13,120,5,13,4,5,18,0,70,285,3428,14,13,0,65,25,347,27,86,0,32,719,10656,7,5,0,1,341,289,6093,4,1,13,0,6,36,0,0,0,0,9,2,0,0,4,10,16,1,1,1,1,1,0,1,0,0,2,0,2,17,0,2,1,5,2,0,5,22,2,0,2,0,1,0,1,13,2,0,19,1
142,341,86,5644,45,90,2103,2097,582,1138,929,33,24,319,2897,20010,44,986,17812,978,159,403,49,689,125,21,88,6,71,80,15908,45,89,13,5038,6793,1562,78,949,1,35,592,9080,108,16,3,15,821,43,297,40,0,38,11,164,492,0,0,0,1,25,5,0,1,41,66,212,1,9,3,0,16,3,1,0,1,15,0,15,48,1,4,16,26,3,2,53,529,4,1,99,1,7,0,1,166,18,5,66,2
0,0,0,1,0,0,0,2078,218,660,2228,5284,16321,1,2,44,13958,2251,84,48,18706,129,339,468,8,8,14,0,2,0,3599,45,569,2,3,9,619,3,7,1,2,65,74,7,5,7,27,1,0,144,0,0,1,0,0,0,0,0,0,0,1,0,0,0,0,0,1,0,1,0,0,1,0,1,0,1,2,0,0,3,0,4,0,0,1,1,5,1,0,1,0,0,0,0,1,0,0,0,0,0
2,0,5,6,0,1,2,9082,200,637,2342,766,4503,6,3,986,2251,2716,431,47,2700,329,216,1019,21,37,32,6,8,2,4527,190,378,14,11,46,1751,22,110,0,2,231,265,13,39,8,45,14,0,933,0,0,0,0,0,1,0,0,0,0,1,1,1,0,0,0,2,0,10,1,0,4,1,3,0,6,5,1,2,12,2,5,1,1,4,0,56,6,0,5,0,0,5,0,1,0,1,0,2,0
1,0,2,10,8,1,2,1058,2940,308,776,104,33,45,8,17812,84,431,9454,256,235,281,57,1260,163,30,87,5,43,35,2022,24,60,11,30,2517,1057,49,265,2,21,240,268,142,15,4,15,5,13,143,0,0,0,0,0,1,0,0,1,0,4,3,0,0,1,1,3,0,5,2,1,4,2,2,0,2,5,1,1,9,0,1,1,2,4,0,11,1,0,6,1,0,4,0,0,0,0,1,3,2
8,5,2,12,11,0,4,16757,9867,76,911,531,8203,220,84,978,48,47,256,31872,25,349,1699,215,4940,369,4731,82,14,16,2067,753,6923,191,32,86,2865,10069,23,14,3,50,79,1699,5404,82,328,4,27,470,0,0,0,0,0,1,25,2,1,29,21,49,38,36,0,3,7,14,5,187,9,77,8,195,1,36,496,4,5,10,11,466,1,0,459,6,33,2,0,229,0,5,182,3,12,7,1,1,3,4
0,2,3,6,0,1,5,188,105,3571,1909,3486,803,8,13,159,18706,2700,235,25,26711,107,206,716,28,28,36,7,5,3,4241,278,1002,8,10,53,651,7,118,0,1,631,9351,29,24,20,107,11,1,8966,0,0,0,0,0,1,0,0,0,2,2,1,0,0,0,0,1,0,2,1,0,2,0,0,0,0,3,0,0,2,1,5,0,1,0,0,16,0,0,0,0,0,8,0,0,0,0,1,3,0
179,188,205,186,127,71,57,786,131,2342,3320,448,293,897,120,403,129,329,281,349,107,24026,4787,196,110,378,334,986,4232,893,619,523,258,1125,175,255,1018,45,675,188,28514,3207,64,778,26,5473,1902,54,268,102,1,0,3,3,6,17,1,0,1,2,28,10,0,0,11,19,31,3,22,3,2,29,6,9,0,33,33,7,13,60,32,26,3,8,19,42,61,26,2,22,9,44,47,1,22,8,7,2,21,1
0,1,0,2,0,0,1,864,442,693,2909,4134,1831,3,5,49,339,216,57,1699,206,4787,12280,224,809,1298,2324,107,79,4,66,1543,14699,627,7,7,170,676,6,107,5,43,9,2754,149,2563,7294,1,0,115,0,0,1,0,0,1,18,0,0,7,6,13,7,6,0,0,3,5,2,33,5,103,6,32,0,157,138,13,1,2,98,148,0,0,116,66,3,1,0,179,1,40,232,1,70,1,0,0,2,4
12,15,7,35,1,13,82,1497,14226,541,917,1025,414,56,13,689,468,1019,1260,215,716,196,224,4615,988,58,601,20,35,22,621,63,235,40,1212,6687,13661,32,14379,89,14,162,44,387,42,19,54,93,6,161,0,0,0,0,9,9,0,0,0,0,2,2,0,0,2,3,7,0,0,9,1,2,0,1,0,5,9,0,0,8,2,9,0,1,9,4,11,26,0,11,7,1,11,0,0,35,0,1,5,0
0,1,0,3,1,0,1,69,10687,22,65,143,303,7,4,125,8,21,163,4940,28,110,809,988,17681,58,10857,8,3,0,91,161,2237,33,34,44,229,296,25,20,0,14,0,1546,428,15,105,0,0,65,0,0,0,0,0,0,14,0,0,7,7,15,8,10,0,0,2,5,0,51,4,27,4,55,0,25,489,1,0,4,4,158,0,0,202,6,13,1,0,164,0,0,95,1,8,3,0,0,1,3
1,1,0,2,4,0,1,97,138,63,28,16,96,28,5,21,8,37,30,369,28,378,1298,58,58,17425,1425,125,2,5,76,8066,358,4299,2,7,24,6167,10,105,0,20,19,7453,844,101,2316,0,3,255,0,0,0,0,0,1,7,0,0,6,4,13,9,5,0,2,3,4,1,17,9,225,3,32,0,413,167,18,1,4,252,161,0,0,129,150,5,1,0,231,0,79,539,9,177,0,0,0,1,4
0,1,3,7,2,2,5,170,2906,43,110,156,645,23,18,88,14,32,87,4731,36,334,2324,601,10857,1425,21508,1001,13,4,155,2543,3065,905,21,49,994,2649,171,3872,2,19,4,14219,2254,145,1269,3,3,103,0,0,0,0,0,3,5,1,0,4,2,9,5,4,0,0,1,1,1,35,2,94,3,34,0,130,148,20,2,1,78,103,0,0,122,72,3,0,0,139,0,114,229,0,55,4,0,0,0,0
0,1,2,0,0,0,0,9,25,16,9,0,6,8,0,6,0,6,5,82,7,986,107,20,8,125,1001,52213,433,27,13,76,18,6419,0,1,81,197,29,6838,45,15,0,712,14,12338,2618,0,5,37,0,0,0,0,0,0,0,0,0,0,0,0,0,0,0,0,0,0,0,1,1,12,0,10,0,22,40,219,1,2,38,3,0,1,6,85,0,0,0,10,0,921,95,21,30,0,0,0,1,0
94,48,33,39,208,28,9,12,3,19,20,4,3,2858,70,71,2,8,43,14,5,4232,79,35,3,2,13,433,80190,14266,98,9,3,98,30,43,283,4,148,15,25507,1329,23,33,1,875,88,18,5959,74,0,0,1,1,1,9,0,0,0,0,6,2,1,0,4,4,4,0,3,1,0,3,1,0,0,0,0,0,0,16,1,0,1,2,0,4,11,5,0,1,1,4,5,0,0,1,1,0,9,1
257,77,60,86,602,58,9,15,5,42,2,0,6,33045,285,80,0,2,35,16,3,893,4,22,0,5,4,27,14266,49566,144,10,4,4,37,61,363,1,203,1,16909,26052,30,2,5,53,7,16,4373,534,4,0,1,1,4,2,0,0,0,0,7,1,0,0,4,4,5,0,5,0,0,2,1,0,0,0,2,0,3,11,0,1,1,2,0,0,17,12,0,0,7,0,0,0,0,1,1,0,6,0
231,257,87,967,104,71,233,2823,75,2241,1198,34,261,1313,3428,15908,3599,4527,2022,2067,4241,619,66,621,91,76,155,13,98,144,26926,103,108,28,1725,671,2481,180,1106,4,55,966,35969,108,65,2,33,494,109,3432,8,0,14,5,45,135,2,1,2,3,22,5,1,0,10,33,48,5,13,5,4,17,2,3,2,3,25,0,9,51,3,13,3,8,19,1,77,114,1,14,25,1,6,0,1,63,7,3,21,5
0,2,0,1,1,0,1,112,150,409,119,60,2090,46,14,45,45,190,24,753,278,523,1543,63,161,8066,2543,76,9,10,103,44879,11428,2914,7,12,39,1402,9,257,1,265,57,2365,8013,165,16874,0,11,1439,0,0,0,0,0,0,8,0,0,8,7,20,10,4,0,0,1,6,1,20,3,237,4,21,2,485,206,58,0,6,391,192,0,0,154,326,5,1,0,290,0,195,706,13,260,0,0,0,3,1
0,0,2,3,1,0,2,998,557,1291,2518,10826,21693,16,13,89,569,378,60,6923,1002,258,14699,235,2237,358,3065,18,3,4,108,11428,21410,86,9,25,241,997,12,13,6,365,55,1834,2893,112,4492,0,3,934,0,0,0,0,1,1,22,3,0,17,12,28,36,17,0,0,5,5,5,84,8,85,5,81,1,101,361,3,2,6,26,300,0,3,292,16,17,2,0,265,1,5,196,2,23,1,0,0,2,2
0,0,0,0,0,0,0,28,71,24,27,4,18,9,0,13,2,14,11,191,8,1125,627,40,33,4299,905,6419,98,4,28,2914,86,38459,1,6,34,692,21,3646,9,5,5,6218,36,3615,9793,0,2,71,0,0,0,0,0,0,2,0,0,3,3,6,4,0,0,0,0,2,0,6,1,158,0,21,0,175,149,371,2,3,325,26,0,0,19,1309,1,0,0,45,0,1999,684,68,328,0,0,0,0,0
68,85,230,494,51,2098,5615,12,62,146,81,1,2,280,65,5038,3,11,30,32,10,175,7,1212,34,2,21,0,30,37,1725,7,9,1,6315,4774,1337,9,13053,0,7,299,48,20,3,0,1,3610,38,95,12,0,11,12,95,287,0,0,0,0,16,1,0,0,15,32,120,0,2,0,0,3,2,1,0,0,1,0,2,19,0,1,3,12,3,1,26,381,0,3,73,0,1,0,0,149,7,0,26,0
12,27,12,63,22,22,146,64,162,183,160,9,5,240,25,6793,9,46,2517,86,53,255,7,6687,44,7,49,1,43,61,671,12,25,6,4774,4709,1188,26,3936,1,20,379,46,54,3,1,7,526,24,224,4,0,4,1,19,46,0,0,0,0,10,2,0,0,6,8,24,0,3,0,0,6,1,1,0,1,1,0,2,19,0,2,2,4,1,1,18,51,1,1,12,0,2,0,0,24,1,2,9,0
165,229,243,839,136,187,385,2955,7042,944,954,827,1837,1477,347,1562,619,1751,1057,2865,651,1018,170,13661,229,24,994,81,283,363,2481,39,241,34,1337,1188,2273,11,6083,191,91,1474,515,114,8,17,58,1880,177,832,84,3,60,26,123,367,1,0,2,7,161,25,1,3,180,343,487,6,100,11,5,126,12,14,8,4,24,0,94,348,2,19,74,110,23,2,986,452,22,14,218,5,13,0,2,239,93,31,269,33
2,0,0,3,1,1,0,95,119,21,16,16,79,44,27,78,3,22,49,10069,7,45,676,32,296,6167,2649,197,4,1,180,1402,997,692,9,26,11,17905,8,19,0,16,5,11631,5090,43,445,0,5,118,0,0,0,0,0,1,20,0,0,3,5,21,7,4,0,0,0,6,1,24,3,104,2,21,1,169,183,6,0,8,42,156,0,0,130,31,4,1,0,225,0,5,178,2,20,0,0,0,1,7
50,57,86,239,91,513,451,50,96,452,258,3,13,642,86,949,7,110,265,23,118,675,6,14379,25,10,171,29,148,203,1106,9,12,21,13053,3936,6083,8,34748,87,81,999,119,83,1,6,7,14116,123,660,5,1,10,7,76,150,1,0,0,2,8,3,1,2,6,20,76,1,5,2,0,6,4,2,0,1,15,2,2,15,0,7,4,6,5,2,47,226,1,2,88,3,2,0,0,188,4,2,19,2
0,0,0,0,0,0,0,6,78,1,6,1,4,1,0,1,1,0,2,14,0,188,107,89,20,105,3872,6838,15,1,4,257,13,3646,0,1,191,19,87,21310,4,0,0,10025,1,882,642,0,1,4,0,0,0,0,0,0,1,0,0,1,3,7,1,0,0,1,1,2,1,4,2,67,11,56,1,120,171,713,0,3,166,12,0,0,8,946,2,0,0,29,0,3709,566,73,231,0,0,0,1,1
32,14,21,25,42,12,3,2,3,14771,1,0,2,709,32,35,2,2,21,3,1,28514,5,14,0,0,2,45,25507,16909,55,1,6,9,7,20,91,0,81,4,39942,7243,11,4,1,101,8,8,441,35,0,0,0,0,1,2,0,0,0,0,1,0,0,0,1,3,3,0,1,0,0,4,0,0,0,0,1,1,0,2,0,1,0,1,0,0,4,3,0,0,1,0,1,0,0,0,0,0,3,0
526,553,452,682,503,161,72,34,30,45737,59,63,322,8817,719,592,65,231,240,50,631,3207,43,162,14,20,19,15,1329,26052,966,265,365,5,299,379,1474,16,999,0,7243,21037,659,21,38,21,67,54,1639,10784,3,0,7,3,10,27,0,0,2,1,20,4,0,0,12,21,27,1,13,0,1,16,4,0,1,3,6,1,10,55,0,5,7,8,4,1,52,32,1,3,13,1,3,0,0,5,6,4,20,3
87,103,50,1874,53,32,9,154,3,3324,251,16,241,968,10656,9080,74,265,268,79,9351,64,9,44,0,19,4,0,23,30,35969,57,55,5,48,46,515,5,119,0,11,659,62173,3,19,0,8,80,52,12525,6,2,7,2,31,86,0,0,1,0,12,0,0,0,8,16,36,0,0,0,0,8,1,2,0,0,0,0,4,14,0,0,2,8,1,0,18,40,0,0,3,0,0,0,0,9,1,0,30,0
1,2,0,3,0,0,1,101,1012,52,54,54,93,5,7,108,7,13,142,1699,29,778,2754,387,1546,7453,14219,712,33,2,108,2365,1834,6218,20,54,114,11631,83,10025,4,21,3,38250,481,664,2568,2,2,61,0,0,0,0,0,1,10,0,0,12,19,39,9,10,0,3,1,13,1,30,9,431,8,53,2,833,383,160,0,8,660,313,0,1,275,820,6,1,0,431,0,953,1359,42,547,0,0,0,5,8
1,1,0,0,1,0,1,580,66,25,7,4,1964,30,5,16,5,39,15,5404,24,26,149,42,428,844,2254,14,1,5,65,8013,2893,36,3,3,8,5090,1,1,1,38,19,481,9333,4,121,0,6,521,0,0,0,0,0,2,11,0,0,8,2,9,6,6,0,1,0,8,2,20,0,69,4,20,1,69,180,2,0,1,16,132,0,0,127,9,7,0,0,191,0,3,133,1,7,0,0,0,1,0
0,0,0,0,1,0,0,67,45,55,56,24,28,8,0,3,7,8,4,82,20,5473,2563,19,15,101,145,12338,875,53,2,165,112,3615,0,1,17,43,6,882,101,21,0,664,4,9345,6891,0,4,23,0,0,0,0,0,0,1,0,0,0,0,0,0,0,0,0,0,0,0,2,0,16,0,2,0,27,22,55,0,1,28,9,0,0,4,182,1,0,0,6,0,223,60,13,32,0,0,0,0,0
0,0,0,0,2,0,0,124,108,233,152,98,69,10,1,15,27,45,15,328,107,1902,7294,54,105,2316,1269,2618,88,7,33,16874,4492,9793,1,7,58,445,7,642,8,67,8,2568,121,6891,36427,0,3,203,0,1,0,0,0,0,7,1,0,1,1,12,5,3,0,1,0,1,2,10,0,170,5,20,1,302,168,170,0,2,380,72,0,0,58,852,1,0,0,90,0,818,738,31,331,0,0,0,3,0
43,67,358,510,136,6109,1956,0,2,26,13,0,10,245,341,821,1,14,5,4,11,54,1,93,0,0,3,0,18,16,494,0,0,0,3610,526,1880,0,14116,0,8,54,80,2,0,0,0,8850,267,152,14,1,18,23,227,332,0,0,0,0,5,1,0,0,11,34,182,0,0,0,0,5,5,0,0,0,0,0,2,13,0,0,0,4,0,0,95,926,2,0,361,0,0,0,0,1020,8,2,11,0
517,113,35,96,1901,2098,2,7,1,42,18,0,2,14876,289,43,0,0,13,27,1,268,0,6,0,3,3,5,5959,4373,109,11,3,2,38,24,177,5,123,1,441,1639,52,2,6,4,3,267,10486,107,1,0,0,0,1,7,0,0,0,0,4,0,0,0,4,4,6,0,1,0,0,2,0,0,0,0,1,0,1,4,0,0,0,1,1,0,8,12,0,1,2,0,0,0,0,2,0,0,2,0
84,197,95,510,47,25,14,483,13,20009,133,87,2431,7349,6093,297,144,933,143,470,8966,102,115,161,65,255,103,37,74,534,3432,1439,934,71,95,224,832,118,660,4,35,10784,12525,61,521,23,203,152,107,27093,4,0,3,6,4,11,1,1,0,1,7,3,2,1,6,10,10,0,2,3,2,11,0,2,1,10,18,0,3,14,3,12,0,3,3,0,26,13,0,14,5,1,10,0,3,3,1,2,13,3
6,9,39,42,1,3,28,0,0,1,2,0,1,6,4,40,0,0,0,0,0,1,0,0,0,0,0,0,0,4,8,0,0,0,12,4,84,0,5,0,0,3,6,0,0,0,0,14,1,4,58963,17230,3805,18617,26099,1316,0,0,0,2,354,19,1,1,33560,1001,533,0,3,9,2,158,2,4,1,2,3,1,684,176,0,3,1067,140,2,2,113,189,5,6,54,1,6,1,0,113,7911,48,1120,30
0,0,217,1,0,0,3,0,0,0,0,0,0,0,1,0,0,0,0,0,0,0,0,0,0,0,0,0,0,0,0,0,0,0,0,0,3,0,1,0,0,0,2,0,0,0,1,1,0,0,17230,48055,18108,12089,2046,5536,0,0,1,1,336,4,0,0,2731,554,42,0,0,2,0,52,2,0,1,0,1,0,36,5,0,0,35,4,1,0,9,27,0,1,5,1,1,0,0,13,84,12,324,4
2,4,9,69,5,5,38,0,0,0,0,0,0,12,13,38,1,0,0,0,0,3,1,0,0,0,0,0,1,1,14,0,0,0,11,4,60,0,10,0,0,7,7,0,0,0,0,18,0,3,3805,18108,54590,1451,2362,6917,1,0,0,7,1286,53,0,0,19511,20990,5751,4,6,12,7,132,6,1,1,4,6,4,231,378,0,2,357,431,1,0,66,194,65,13,34,0,1,0,0,117,446,30,869,77
11,24,1277,262,50,1293,762,0,0,12,2,0,0,2,0,11,0,0,0,0,0,3,0,0,0,0,0,0,1,1,5,0,0,0,12,1,26,0,7,0,0,3,2,0,0,0,0,23,0,6,18617,12089,1451,35812,30318,11320,1,0,1,1,529,7,0,1,1016,413,57,0,2,0,0,133,0,0,0,1,2,1,88,14,0,0,85,8,0,0,20,84,1,0,813,0,0,1,0,441,162,15,555,10
6,20,26,245,3,17,171,0,0,1,2,0,0,15,6,164,0,0,0,0,0,6,0,9,0,0,0,0,1,4,45,0,1,0,95,19,123,0,76,0,1,10,31,0,0,0,0,227,1,4,26099,2046,2362,30318,28801,6877,1,0,0,4,394,25,0,0,3005,462,439,3,2,4,4,204,7,2,1,2,3,1,186,115,0,2,211,25,1,0,195,1549,5,2,2734,0,3,1,0,4496,3700,41,528,22
33,58,209,694,16,107,1184,0,0,12,6,0,0,39,36,492,0,1,1,1,1,17,1,9,0,1,3,0,9,2,135,0,1,0,287,46,367,1,150,0,2,27,86,1,2,0,0,332,7,11,1316,5536,6917,11320,6877,43488,0,5,1,9,1379,165,1,0,737,838,5562,5,17,16,10,168,46,4,6,8,17,0,101,455,3,17,86,105,7,2,412,2732,28,24,664,0,9,0,2,630,144,23,635,112
0,0,0,0,0,0,0,2,1,0,1,0,3,0,0,0,0,0,0,25,0,1,18,0,14,7,5,0,0,0,2,8,22,2,0,0,1,20,1,1,0,0,0,10,11,1,7,0,0,1,0,0,1,1,1,0,1635,3137,83,556,30,540,68,3475,0,23,3,4476,7,4276,68,320,126,45,25,171,105,16,6,76,142,2229,0,0,4728,25,562,2,21,111,0,2,48,9,26,0,1,0,14,72
0,0,0,0,0,0,0,0,0,0,0,0,0,0,0,0,0,0,0,2,0,0,0,0,0,0,1,0,0,0,1,0,3,0,0,0,0,0,0,0,0,0,0,0,0,0,1,0,0,1,0,0,0,0,0,5,3137,19292,4484,2375,95,932,166,999,1,21,9,15625,171,17301,203,270,371,18,9,17,17,1,1,2449,13,129,0,3,746,8,1343,0,3,43,1,3,32,7,23,1,3,0,5,9
0,0,0,1,0,0,0,1,1,0,2,0,0,0,0,0,0,0,1,1,0,1,0,0,0,0,0,0,0,0,2,0,0,0,0,0,2,0,0,0,0,2,1,0,0,0,0,0,0,0,0,1,0,1,0,1,83,4484,3039,2644,294,538,72,18,0,2,368,2886,480,171,208,52,63,33,12,1,7,1,2,4140,1,15,0,0,9,0,370,1,3,6,33,0,7,1,5,0,1,0,5,8
0,0,0,0,0,0,1,3,2,2,0,0,2,1,0,1,0,0,0,29,2,2,7,0,7,6,4,0,0,0,3,8,17,3,0,0,7,3,2,1,0,1,0,12,8,0,1,0,0,1,2,1,7,1,4,9,556,2375,2644,31601,631,1772,514,346,5,8,393,1678,2008,9780,1069,505,10056,7232,28,49,676,18,11,604,37,356,3,5,102,30,4861,73,8,85,53,10,691,13,82,7,5,2,35,20
2,6,11,40,2,0,11,3,2,17,6,0,1,19,9,25,1,1,4,21,2,28,6,2,7,4,2,0,6,7,22,7,12,3,16,10,161,5,8,3,1,20,12,19,2,0,1,5,4,7,354,336,1286,529,394,1379,30,95,294,631,57226,4399,1575,304,329,3495,984,1638,1017,167,6138,1237,611,33,511,170,178,103,121,2926,279,618,79,1119,262,90,2037,498,1684,84,1127,11,116,39,239,195,193,21907,64857,15767
1,1,1,8,0,1,0,1,1,2,1,1,4,4,2,5,0,1,3,49,1,10,13,2,15,13,9,0,2,1,5,20,28,6,1,2,25,21,3,7,0,4,0,39,9,0,12,1,0,3,19,4,53,7,25,165,540,932,538,1772,4399,9204,10325,3464,31,216,243,7743,535,1422,9143,8348,669,261,236,152,459,24,36,820,122,1884,6,184,153,132,1311,103,22,220,266,16,403,183,252,27,16,1,60,135
0,0,0,0,0,0,0,1,1,1,0,0,2,0,0,0,0,1,0,38,0,0,7,0,8,9,5,0,1,0,1,10,36,4,0,0,1,7,1,1,0,0,0,9,6,0,5,0,0,2,1,0,0,0,0,1,68,166,72,514,1575,10325,17971,18767,0,4,9,9146,64,841,3215,4403,172,275,124,57,393,11,1,198,70,9594,0,0,62,53,255,5,6,238,6,7,327,62,241,0,0,0,4,48
0,0,0,0,0,0,0,1,3,0,2,1,4,0,0,1,0,0,0,36,0,0,6,0,10,5,4,0,0,0,0,4,17,0,0,0,3,4,2,0,0,0,0,10,6,0,3,0,0,1,1,0,0,1,0,0,3475,999,18,346,304,3464,18767,15585,0,4,7,11366,24,2985,995,824,67,313,115,36,293,3,2,264,45,14589,0,1,921,23,741,1,13,87,3,1,108,21,84,0,1,0,8,40
4,15,15,69,1,2,17,0,0,3,0,0,0,15,4,41,0,0,1,0,0,11,0,2,0,0,0,0,4,4,10,0,0,0,15,6,180,0,6,0,1,12,8,0,0,0,0,11,4,6,33560,2731,19511,1016,3005,737,0,1,0,5,329,31,0,0,65640,14934,1417,1,11,44,6,330,5,4,5,3,9,3,4486,618,0,11,21491,766,5,5,280,161,78,21,79,0,10,0,0,233,13386,158,5043,219
7,16,25,104,4,5,34,1,1,5,0,0,1,31,10,66,0,0,1,3,0,19,0,3,0,2,0,0,4,4,33,0,0,0,32,8,343,0,20,1,3,21,16,3,1,0,1,34,4,10,1001,554,20990,413,462,838,23,21,2,8,3495,216,4,4,14934,74719,6968,162,33,64,310,168,24,10,464,158,33,59,540,6319,61,93,2491,13252,243,56,527,323,15793,248,224,5,47,2,11,1251,715,65,4069,6115
9,23,42,215,5,18,173,2,0,17,0,2,2,37,16,212,1,2,3,7,1,31,3,7,2,3,1,0,4,5,48,1,5,0,120,24,487,0,76,1,3,27,36,1,0,0,0,182,6,10,533,42,5751,57,439,5562,3,9,368,393,984,243,9,7,1417,6968,38475,60,16840,154,184,208,950,177,213,29,99,1,164,6873,8,70,185,3476,9,9,1642,8842,77,79,1489,1,151,0,5,1173,204,24,649,167
0,0,0,1,0,0,0,0,1,0,1,0,0,1,1,1,0,0,0,14,0,3,5,0,5,4,1,0,0,0,5,6,5,2,0,0,6,6,1,2,0,1,0,13,8,0,1,0,0,0,0,0,4,0,3,5,4476,15625,2886,1678,1638,7743,9146,11366,1,162,60,14952,335,380,18220,567,710,41,1175,130,100,31,1,5230,143,1310,1,12,780,51,1426,18,273,87,42,4,77,18,84,17,2,0,66,532
0,1,3,19,0,0,0,4,0,6,5,0,3,6,1,9,1,10,5,5,2,22,2,0,0,1,1,0,3,5,13,1,5,0,2,3,100,1,5,1,1,13,0,1,2,0,2,0,1,2,3,0,6,2,2,17,7,171,480,2008,1017,535,64,24,11,33,16840,335,8801,197,489,164,4195,205,184,20,128,4,42,4333,8,82,11,231,11,15,1632,2089,29,51,1040,0,163,0,9,8,17,6,112,117
0,0,0,2,0,0,0,11,5,2,4,5,21,2,1,3,0,1,2,187,1,3,33,9,51,17,35,1,1,0,5,20,84,6,0,0,11,24,2,4,0,0,0,30,20,2,10,0,0,3,9,2,12,0,4,16,4276,17301,171,9780,167,1422,841,2985,44,64,154,380,197,15048,109,980,338,9796,15,159,2166,18,12,3274,108,2734,5,37,2528,99,4693,23,1,3091,12,16,1244,29,143,2,10,1,27,6
0,0,1,2,0,0,0,0,2,1,0,0,1,2,1,0,0,0,1,9,0,2,5,1,4,9,2,1,0,0,4,3,8,1,0,0,5,3,0,2,0,1,0,9,0,0,0,0,0,2,2,0,7,0,4,10,68,203,208,1069,6138,9143,3215,995,6,310,184,18220,489,109,29863,765,787,55,8624,150,116,55,5,5391,269,1392,0,76,166,70,1180,55,795,73,279,4,131,25,299,25,4,1,277,5979
2,7,10,38,2,4,3,8,8,10,4,3,9,19,1,16,1,4,4,77,2,29,103,2,27,225,94,12,3,2,17,237,85,158,3,6,126,104,6,67,4,16,8,431,69,16,170,5,2,11,158,52,132,133,204,168,320,270,52,505,1237,8348,4403,824,330,168,208,567,164,980,765,33905,161,531,77,2000,2591,1907,2108,435,1521,13664,469,87,446,2770,451,170,18,1386,232,538,3957,9494,7463,106,289,3448,2863,88
0,1,2,4,0,0,4,0,0,0,1,0,2,1,0,3,0,1,2,8,0,6,6,0,4,3,3,0,1,1,2,4,5,0,2,1,12,2,4,11,0,4,1,8,4,0,5,5,0,0,2,2,6,0,7,46,126,371,63,10056,611,669,172,67,5,24,950,710,4195,338,787,161,4634,1730,46,29,368,42,27,134,25,135,7,1,16,26,9008,6249,14,59,4644,95,314,4,33,60,9,4,53,45
0,0,0,2,0,0,0,6,2,3,5,1,12,3,1,1,1,3,2,195,0,9,32,1,55,32,34,10,0,0,3,21,81,21,1,1,14,21,2,56,0,0,2,53,20,2,20,0,0,2,4,0,1,0,2,4,45,18,33,7232,33,261,275,313,4,10,177,41,205,9796,55,531,1730,21718,8,161,13776,380,1,184,137,1754,1,5,660,134,1408,66,0,733,50,1326,3795,25,144,25,0,0,8,6
0,0,0,1,0,0,0,0,0,1,0,0,0,0,0,0,0,0,0,1,0,0,0,0,0,0,0,0,0,0,2,2,1,0,0,0,8,1,0,1,0,1,0,2,1,0,1,0,0,1,1,1,1,0,1,6,25,9,12,28,511,236,124,115,5,464,213,1175,184,15,8624,77,46,8,19857,36,10,10,2,12036,51,262,3,1082,58,10,156,13,15346,7,103,0,18,3,38,29,0,0,122,8167
0,0,0,1,1,0,0,11,13,3,4,3,9,0,0,1,1,6,2,36,0,33,157,5,25,413,130,22,0,0,3,485,101,175,0,1,4,169,1,120,0,3,0,833,69,27,302,0,0,10,2,0,4,1,2,8,171,17,1,49,170,152,57,36,3,158,29,130,20,159,150,2000,29,161,36,18844,2285,84,6,246,3765,1577,5,7,3026,4676,19,12,29,6391,1,161,3060,43,1120,3,0,0,104,204
1,0,0,2,0,0,2,9,51,8,15,16,49,11,2,15,2,5,5,496,3,33,138,9,489,167,148,40,0,2,25,206,361,149,1,1,24,183,15,171,1,6,0,383,180,22,168,0,1,18,3,1,6,2,3,17,105,17,7,676,178,459,393,293,9,33,99,100,128,2166,116,2591,368,13776,10,2285,15115,531,11,174,1219,2941,5,4,3136,817,234,62,11,2936,35,5661,18046,83,1058,71,7,2,40,46
0,0,0,1,0,0,0,0,0,0,0,0,1,0,0,0,0,1,1,4,0,7,13,0,1,18,20,219,0,0,0,58,3,371,0,0,0,6,2,713,1,1,0,160,2,55,170,0,0,0,1,0,4,1,1,0,16,1,1,18,103,24,11,3,3,59,1,31,4,18,55,1907,42,380,10,84,531,33239,464,62,43,41,11,4,34,4542,15,0,5,89,12,10082,1082,17058,300,0,4,73,47,71
1,2,10,27,1,1,9,0,0,5,3,0,0,10,2,15,0,2,1,5,0,13,1,0,0,1,2,1,0,3,9,0,2,2,2,2,94,0,2,0,0,10,4,0,0,0,0,2,1,3,684,36,231,88,186,101,6,1,2,11,121,36,1,2,4486,540,164,1,42,12,5,2108,27,1,2,6,11,464,93240,174,3,5,24023,93,0,24,303,77,2,5,165,15,6,459,3,53,12130,18936,4736,30
6,14,16,60,6,4,19,4,2,26,8,1,3,61,17,48,3,12,9,10,2,60,2,8,4,4,1,2,16,11,51,6,6,3,19,19,348,8,15,3,2,55,14,8,1,1,2,13,4,14,176,5,378,14,115,455,76,2449,4140,604,2926,820,198,264,618,6319,6873,5230,4333,3274,5391,435,134,184,12036,246,174,62,174,15323,90,557,125,7242,664,81,1969,334,7016,1395,1243,9,310,4,54,266,142,45,1063,3249
1,0,0,0,0,0,0,0,12,2,3,0,3,0,0,1,0,2,0,11,1,32,98,2,4,252,78,38,1,0,3,391,26,325,0,0,2,42,0,166,0,0,0,660,16,28,380,0,0,3,0,0,0,0,0,3,142,13,1,37,279,122,70,45,0,61,8,143,8,108,269,1521,25,137,51,3765,1219,43,3,90,22514,3669,1,1,3868,4718,20,4,24,470,4,470,2053,156,8633,3,2,0,75,173
0,0,1,4,1,0,0,19,35,6,11,8,41,3,2,4,4,5,1,466,5,26,148,9,158,161,103,3,0,1,13,192,300,26,1,2,19,156,7,12,1,5,0,313,132,9,72,0,0,12,3,0,2,0,2,17,2229,129,15,356,618,1884,9594,14589,11,93,70,1310,82,2734,1392,13664,135,1754,262,1577,2941,41,5,557,3669,35510,4,13,11604,228,523,35,97,3168,20,40,2759,80,2931,6,0,1,124,399
1,4,2,24,0,0,4,0,0,2,0,1,0,8,1,16,0,1,1,1,0,3,0,0,0,0,0,0,1,1,3,0,0,0,3,2,74,0,4,0,0,7,2,0,0,0,0,0,0,0,1067,35,357,85,211,86,0,0,0,3,79,6,0,0,21491,2491,185,1,11,5,0,469,7,1,3,5,5,11,24023,125,1,4,37499,133,1,1,139,47,5,8,57,0,3,10,1,24,5529,7920,34679,351
3,2,8,29,2,1,6,0,0,1,0,0,0,13,5,26,0,1,2,0,1,8,0,1,0,0,0,1,2,2,8,0,3,0,12,4,110,0,6,0,1,8,8,1,0,0,0,4,1,3,140,4,431,8,25,105,0,3,0,5,1119,184,0,1,766,13252,3476,12,231,37,76,87,1,5,1082,7,4,4,93,7242,1,13,133,32153,11,3,213,49,16108,26,124,0,14,1,1,18,129,17,687,834
1,0,0,1,1,0,0,24,31,4,17,16,35,0,2,3,1,4,4,459,0,19,116,9,202,129,122,6,0,0,19,154,292,19,3,1,23,130,5,8,0,4,1,275,127,4,58,0,1,3,2,1,1,0,1,7,4728,746,9,102,262,153,62,921,5,243,9,780,11,2528,166,446,16,660,58,3026,3136,34,0,664,3868,11604,1,11,28200,183,924,3,36,4006,3,13,378,21,185,2,0,0,132,281
0,0,0,0,0,0,0,0,6,0,1,0,1,0,0,2,1,0,0,6,0,42,66,4,6,150,72,85,4,0,1,326,16,1309,1,1,2,31,2,946,0,1,0,820,9,182,852,0,0,0,2,0,0,0,0,2,25,8,0,30,90,132,53,23,5,56,9,51,15,99,70,2770,26,134,10,4676,817,4542,24,81,4718,228,1,3,183,27533,12,1,8,619,5,3324,4793,4703,2560,1,0,2,22,49
5,5,17,40,4,21,26,11,5,17,21,3,5,43,5,53,5,56,11,33,16,61,3,11,13,5,3,0,11,17,77,5,17,1,26,18,986,4,47,2,4,52,18,6,7,1,1,95,8,26,113,9,66,20,195,412,562,1343,370,4861,2037,1311,255,741,280,527,1642,1426,1632,4693,1180,451,9008,1408,156,19,234,15,303,1969,20,523,139,213,924,12,1491,2021,135,25,4409,29,91,6,26,760,167,64,678,378
17,44,78,596,10,74,511,2,1,6,5,0,0,33,22,529,1,6,1,2,0,26,1,26,1,1,0,0,5,12,114,1,2,0,381,51,452,1,226,0,3,32,40,1,0,0,0,926,12,13,189,27,194,84,1549,2732,2,0,1,73,498,103,5,1,161,323,8842,18,2089,23,55,170,6249,66,13,12,62,0,77,334,4,35,47,49,3,1,2021,18389,21,34,11155,0,83,0,4,6412,38,22,340,68
0,2,0,12,0,1,0,0,0,1,0,1,0,1,2,4,0,0,0,0,0,2,0,0,0,0,0,0,0,0,1,0,0,0,0,1,22,0,1,0,0,1,0,0,0,0,0,2,0,0,5,0,65,1,5,28,21,3,3,8,1684,22,6,13,78,15793,77,273,29,1,795,18,14,0,15346,29,11,5,2,7016,24,97,5,16108,36,8,135,21,30857,8,155,0,6,1,9,67,11,2,796,10406
0,1,1,0,1,0,0,12,28,4,13,6,22,3,0,1,1,5,6,229,0,22,179,11,164,231,139,10,1,0,14,290,265,45,3,1,14,225,2,29,0,3,0,431,191,6,90,0,1,14,6,1,13,0,2,24,111,43,6,85,84,220,238,87,21,248,79,87,51,3091,73,1386,59,733,7,6391,2936,89,5,1395,470,3168,8,26,4006,619,25,34,8,17815,7,38,11298,30,303,9,8,0,35,47
3,11,23,117,6,29,105,0,0,3,2,1,0,12,2,99,0,0,1,0,0,9,1,7,0,0,0,0,1,7,25,0,1,0,73,12,218,0,88,0,1,13,3,0,0,0,0,361,2,5,54,5,34,813,2734,664,0,1,33,53,1127,266,6,3,79,224,1489,42,1040,12,279,232,4644,50,103,1,35,12,165,1243,4,20,57,124,3,5,4409,11155,155,7,19078,17,38,0,5,17834,75,34,511,367
0,0,0,0,0,0,0,1,0,1,1,0,0,0,0,1,0,0,0,5,0,44,40,1,0,79,114,921,4,0,1,195,5,1999,0,0,5,5,3,3709,0,1,0,953,3,223,818,0,0,1,1,1,0,0,0,0,2,3,0,10,11,16,7,1,0,5,1,4,0,16,4,538,95,1326,0,161,5661,10082,15,9,470,40,0,0,13,3324,29,0,0,38,17,26263,6784,385,690,4,0,1,2,5
0,0,0,2,0,0,0,6,26,5,9,4,16,1,1,7,0,5,4,182,8,47,232,11,95,539,229,95,5,0,6,706,196,684,1,2,13,178,2,566,1,3,0,1359,133,60,738,0,0,10,6,1,1,0,3,9,48,32,7,691,116,403,327,108,10,47,151,77,163,1244,131,3957,314,3795,18,3060,18046,1082,6,310,2053,2759,3,14,378,4793,91,83,6,11298,38,6784,31210,266,1721,17,7,1,17,25
0,0,0,0,0,0,0,0,0,0,0,0,0,0,0,0,0,0,0,3,0,1,1,0,1,9,0,21,0,0,0,13,2,68,0,0,0,2,0,73,0,0,0,42,1,13,31,0,0,0,1,0,0,1,1,0,9,7,1,13,39,183,62,21,0,2,0,18,0,29,25,9494,4,25,3,43,83,17058,459,4,156,80,10,1,21,4703,6,0,1,30,0,385,266,17178,4065,0,5,75,4,2
0,0,0,0,0,0,0,1,3,1,0,1,3,0,1,1,1,1,0,12,0,22,70,0,8,177,55,30,0,0,1,260,23,328,0,0,2,20,0,231,0,0,0,547,7,32,331,0,0,3,0,0,0,0,0,2,26,23,5,82,239,252,241,84,0,11,5,84,9,143,299,7463,33,144,38,1120,1058,300,3,54,8633,2931,1,1,185,2560,26,4,9,303,5,690,1721,4065,10527,0,0,0,20,52
4,16,62,264,4,99,227,1,2,2,0,0,3,14,13,166,0,0,0,7,0,8,1,35,3,0,4,0,1,1,63,0,1,0,149,24,239,0,188,0,0,5,9,0,0,0,0,1020,2,3,113,13,117,441,4496,630,0,1,0,7,195,27,0,0,233,1251,1173,17,8,2,25,106,60,25,29,3,71,0,53,266,3,6,24,18,2,1,760,6412,67,9,17834,4,17,0,0,11406,118,15,180,114
1,4,9,24,1,2,7,0,0,3,1,0,0,10,2,18,0,1,0,1,0,7,0,0,0,0,0,0,1,1,7,0,0,0,7,1,93,0,4,0,0,6,1,0,0,0,0,8,0,1,7911,84,446,162,3700,144,1,3,1,5,193,16,0,1,13386,715,204,2,17,10,4,289,9,0,0,0,7,4,12130,142,2,0,5529,129,0,0,167,38,11,8,75,0,7,5,0,118,39630,500,3566,37
1,3,2,6,1,0,0,0,0,1,0,0,0,2,0,5,0,0,1,1,1,2,0,1,0,0,0,0,0,0,3,0,0,0,0,2,31,0,2,0,0,4,0,0,0,0,0,2,0,2,48,12,30,15,41,23,0,0,0,2,21907,1,0,0,158,65,24,0,6,1,1,3448,4,0,0,0,2,73,18936,45,0,1,7920,17,0,2,64,22,2,0,34,1,1,75,0,15,500,54548,3673,28
9,15,26,86,2,3,23,1,0,6,3,2,2,40,19,66,0,2,3,3,3,21,2,5,1,1,0,1,9,6,21,3,2,0,26,9,269,1,19,1,3,20,30,5,1,0,3,11,2,13,1120,324,869,555,528,635,14,5,5,35,64857,60,4,8,5043,4069,649,66,112,27,277,2863,53,8,122,104,40,47,4736,1063,75,124,34679,687,132,22,678,340,796,35,511,2,17,4,20,180,3566,3673,41135,11206
0,2,1,7,1,0,0,0,0,2,0,0,0,3,1,2,0,0,2,4,0,1,4,0,3,4,0,0,1,0,5,1,2,0,0,0,33,7,2,1,0,3,0,8,0,0,0,0,0,3,30,4,77,10,22,112,72,9,8,20,15767,135,48,40,219,6115,167,532,117,6,5979,88,45,6,8167,204,46,71,30,3249,173,399,351,834,281,49,378,68,10406,47,367,5,25,2,52,114,37,28,11206,26090
