34129,10825,9887,2554,19283,5163,579,1,2,242,8,4,2,13171,285,296,3,1,4,5,6,877,2,3,2,0,1,13,664,693,30,10,8,3,85,19,16,4,31,1,836,162,53,2,18,25,3,83,928,35,2,3,3,428,14,14,0,0,1,1,2,0,0,0,3,0,13,0,3,0,1,3,1,0,0,0,0,0,1,2,0,0,3,1,1,0,0,31,0,0,6,0,0,0,0,46,0,0,1,1
10825,25986,18255,23289,850,779,2052,3,2,405,12,6,2,6058,2692,737,0,1,16,7,12,729,6,9,4,4,0,12,359,526,46,10,16,4,168,48,34,9,62,1,581,211,137,4,27,12,3,165,170,78,0,17,6,8,21,21,0,0,0,0,3,0,0,0,6,1,34,0,5,0,1,5,3,0,0,0,1,0,5,2,0,0,3,1,0,1,6,38,0,0,13,0,0,0,0,102,1,2,1,0
9887,18255,58344,10430,7325,8862,7653,1,1,399,8,3,2,768,68,182,0,1,5,3,8,1081,1,12,2,4,2,16,320,317,9,0,4,1,179,29,23,0,50,2,707,172,40,1,9,17,4,192,191,34,105,870,16,3240,95,122,0,0,0,0,4,1,0,0,16,2,39,0,2,0,0,7,1,1,0,0,0,0,6,1,0,0,4,5,0,0,9,73,0,1,11,0,0,0,0,209,1,2,2,0
2554,23289,10430,50806,1179,2705,19103,22,21,757,86,11,13,3632,10113,13104,3,8,94,62,35,696,16,32,26,17,9,21,408,728,401,76,47,19,671,159,137,52,158,6,555,250,997,19,110,19,21,464,291,352,9,28,19,38,65,95,0,1,4,1,21,4,0,0,18,5,92,1,19,1,1,16,5,2,3,0,3,0,16,5,0,0,10,15,5,1,26,144,1,3,30,3,3,0,0,266,2,9,10,1
19283,850,7325,1179,21094,23891,964,0,1,97,6,2,3,5355,174,290,0,0,8,2,2,266,0,8,2,2,3,13,235,255,24,7,3,3,77,24,17,6,39,1,247,42,50,3,4,8,0,129,4254,12,0,2,4,1163,5,11,0,0,0,0,0,0,0,0,4,1,9,0,4,0,1,0,0,0,1,0,0,0,0,1,0,0,1,1,0,1,7,20,0,1,7,1,0,0,0,30,0,0,0,0
5163,779,8862,2705,23891,28133,12354,1,5,110,10,0,0,1059,99,1097,0,2,20,1,6,214,4,94,7,1,37,28,121,161,28,6,1,19,1641,150,148,20,862,50,259,71,34,58,8,19,4,4486,3489,78,17,71,31,4211,174,151,0,0,1,1,4,0,0,0,21,3,73,0,5,1,1,6,3,2,1,0,7,1,9,0,2,2,7,8,0,2,14,128,0,0,25,2,2,0,0,656,9,1,6,0
579,2052,7653,19103,964,12354,22060,2,12,198,27,5,1,264,70,3593,2,2,55,11,13,214,8,111,15,4,13,3,59,97,47,10,6,5,3016,305,181,11,1085,9,108,44,58,14,15,8,2,1593,72,16,19,114,49,264,150,1439,0,2,1,2,2,1,0,0,36,4,144,2,19,0,1,10,6,2,7,0,3,0,15,2,0,2,31,20,1,0,41,230,3,0,67,0,1,0,0,456,8,7,11,0
1,3,1,22,0,1,2,31662,3893,59,1579,689,4863,22,47,845,1686,4714,1068,5043,138,2102,375,55,278,50,48,12,8,26,1471,122,1660,13,8,29,1585,122,20,1,15,25,373,58,788,87,93,2,1,44,0,0,2,0,0,0,193,336,28,951,57,32,32,159,1,4,11,43,109,670,40,27,38,153,7,1,39,2,0,18,8,92,1,7,24,4,485,30,1,13,4,1,11,0,0,0,1,1,1,2
2,2,1,21,1,5,12,3893,41993,101,1261,1064,642,17,10,354,261,68,7238,4200,166,1721,486,8957,5580,63,2334,37,6,11,131,124,623,147,57,397,14674,283,103,116,9,13,80,581,208,120,150,7,0,9,0,1,2,0,1,2,203,611,80,2216,160,92,60,192,4,6,43,148,307,688,115,68,159,174,34,11,101,2,1,47,18,126,3,10,85,10,897,75,3,84,10,1,44,4,15,1,0,4,7,5
242,405,399,757,97,110,198,59,101,47706,3593,3511,181,422,397,1558,498,71,497,98,5455,7295,595,302,78,43,32,43,451,547,712,194,517,17,302,667,395,64,281,12,10153,6830,3724,84,174,132,206,49,40,4768,1,3,4,0,4,2,0,6,24,25,41,6,4,0,2,3,43,8,103,4,16,7,33,5,22,1,4,0,2,18,4,5,9,2,8,1,156,93,8,10,15,1,6,1,1,11,4,9,2,3
8,12,8,86,6,10,27,1579,1261,3593,5000,11497,242,34,55,897,823,130,716,237,2396,2350,1565,311,151,23,39,13,23,70,349,35,318,8,100,219,366,58,145,0,83,148,367,71,43,111,101,12,3,54,0,0,2,0,1,0,2,12,12,77,28,7,5,5,1,1,21,17,75,15,13,6,27,5,11,0,8,0,2,17,0,2,1,7,3,0,101,31,1,8,5,1,8,1,1,3,0,3,3,4
4,6,3,11,2,0,5,689,1064,3511,11497,29955,5509,36,15,207,4379,279,381,652,7488,2225,6414,323,1058,45,211,20,57,115,160,84,5953,14,31,118,522,126,55,6,191,386,419,251,105,258,353,1,1,174,0,0,1,0,0,0,5,21,20,98,51,10,7,4,3,0,13,31,112,65,14,10,47,51,11,1,33,0,2,30,1,20,1,7,28,0,147,20,1,19,3,1,14,0,3,0,0,1,2,0
2,2,2,13,3,0,1,4863,642,181,242,5509,13532,30,19,112,3651,1120,147,716,579,402,239,17,284,11,32,11,19,48,297,139,3656,6,2,14,530,39,9,3,50,109,317,51,410,37,103,2,0,92,0,0,1,0,0,0,51,73,6,200,7,7,13,47,1,0,2,3,21,293,2,9,10,80,5,2,14,0,1,2,4,46,0,1,7,0,130,3,0,6,1,0,6,0,4,0,0,2,1,0
13171,6058,768,3632,5355,1059,264,22,17,422,34,36,30,69789,9766,1024,24,21,60,63,102,1076,24,22,24,21,9,91,6334,41009,309,127,110,19,315,132,147,35,148,2,2034,1319,1744,22,169,73,55,165,12167,3084,3,10,8,11,19,18,0,1,3,4,8,1,1,0,10,1,83,1,19,0,0,5,2,3,3,1,2,0,3,4,0,1,7,14,3,0,20,98,3,4,28,1,1,1,0,58,0,1,6,3
285,2692,68,10113,174,99,70,47,10,397,55,15,19,9766,10740,853,8,27,49,67,44,256,17,8,19,21,5,17,448,1501,355,86,71,18,83,74,38,48,28,1,385,429,6552,7,167,15,38,28,159,9566,2,1,4,1,3,2,0,0,1,1,5,0,0,0,2,1,13,0,8,1,0,1,0,2,0,0,3,0,1,3,0,1,5,4,3,0,15,27,1,7,2,1,4,0,1,18,0,1,2,0
296,737,182,13104,290,1097,3593,845,354,1558,897,207,112,1024,853,22842,258,1281,6099,679,383,670,99,199,215,80,52,34,183,397,14014,226,142,93,4115,1896,739,335,473,22,328,217,5417,105,465,27,100,1246,126,146,28,69,43,27,53,124,0,6,20,45,78,6,5,2,59,16,292,13,149,14,24,23,33,10,53,1,15,1,29,28,7,8,59,48,10,0,205,563,19,34,152,2,9,1,4,267,8,15,34,15
3,0,0,3,0,0,2,1686,261,498,823,4379,3651,24,8,258,4978,2210,255,48,5755,318,263,52,56,9,16,5,24,51,1053,31,605,3,5,30,131,22,22,1,78,149,428,27,27,29,61,0,0,103,0,0,2,0,0,1,3,12,9,90,15,13,6,3,1,2,2,8,40,6,11,7,24,2,1,3,1,0,0,2,1,2,2,3,5,0,41,6,1,3,1,0,2,0,1,0,0,0,2,0
1,1,1,8,0,2,2,4714,68,71,130,279,1120,21,27,1281,2210,3756,1960,158,554,150,151,20,56,21,18,6,8,24,3806,135,739,6,4,15,70,39,15,1,30,73,747,22,216,21,98,0,0,54,0,0,0,0,1,0,2,8,8,65,14,3,2,1,0,1,9,7,25,4,7,3,15,8,1,0,6,0,0,5,0,5,0,3,7,0,25,3,0,2,0,0,0,0,0,1,0,0,0,0
4,16,5,94,8,20,55,1068,7238,497,716,381,147,60,49,6099,255,1960,15086,954,390,487,143,1656,922,57,144,16,32,46,1675,91,174,49,398,4989,1207,274,139,32,54,55,347,202,197,26,81,20,6,31,0,2,6,1,2,5,8,17,38,178,99,12,10,6,13,8,65,24,362,31,51,17,78,24,51,3,25,0,8,54,8,14,25,12,27,2,332,154,8,19,28,1,26,0,1,14,2,5,20,11
5,7,3,62,2,1,11,5043,4200,98,237,652,716,63,67,679,48,158,954,16550,66,748,1054,30,2545,187,731,32,23,63,735,438,6289,109,25,96,1272,3195,10,11,36,59,475,547,2558,118,282,10,2,70,0,0,7,0,0,0,72,78,11,149,14,12,66,114,9,13,12,21,50,1038,9,60,16,776,4,12,383,1,1,21,27,365,3,15,301,6,207,22,2,272,0,3,116,1,14,2,0,3,9,9
6,12,8,35,2,6,13,138,166,5455,2396,7488,579,102,44,383,5755,554,390,66,23495,573,610,337,69,22,27,27,124,369,1293,85,690,9,60,259,439,44,95,11,599,1579,6435,50,81,64,128,10,2,2743,0,1,2,0,0,3,2,12,24,73,47,10,3,3,1,1,14,15,126,5,16,10,46,12,15,0,9,0,0,19,0,6,5,3,4,0,165,57,2,8,10,1,3,0,1,3,0,3,8,4
877,729,1081,696,266,214,214,2102,1721,7295,2350,2225,402,1076,256,670,318,150,487,748,573,19461,3961,80,592,474,431,2566,6336,817,273,482,524,789,205,297,248,411,186,255,11374,917,691,789,261,8814,1481,60,55,313,0,3,4,4,6,9,2,3,4,22,15,2,1,8,5,0,36,3,27,27,2,9,9,28,4,17,27,11,2,6,15,13,8,9,26,25,47,87,5,27,14,29,50,2,10,11,1,6,8,3
2,6,1,16,0,4,8,375,486,595,1565,6414,239,24,17,99,263,151,143,1054,610,3961,14049,129,1567,583,1233,238,47,75,90,576,5922,208,22,61,101,1421,27,44,102,149,177,2222,606,4078,3851,6,0,95,0,0,3,0,0,0,1,4,3,21,10,4,4,2,0,1,1,10,13,33,2,16,6,53,1,51,121,4,0,7,41,35,0,1,78,19,19,6,0,136,0,12,106,1,23,1,1,1,2,0
3,9,12,32,8,94,111,55,8957,302,311,323,17,22,8,199,52,20,1656,30,337,80,129,6803,946,47,1285,132,14,12,73,108,99,194,1361,7051,6262,151,6753,705,25,21,65,652,45,30,106,203,12,10,0,0,1,0,2,3,2,8,14,52,24,7,2,4,3,0,31,11,75,17,12,9,26,12,11,4,21,5,1,12,9,9,3,8,23,7,159,63,2,22,9,11,20,2,1,10,0,5,5,2
2,4,2,26,2,7,15,278,5580,78,151,1058,284,24,19,215,56,56,922,2545,69,592,1567,946,12083,104,9711,45,6,38,91,247,4090,203,72,291,1098,502,60,135,36,46,108,1755,702,106,312,13,5,40,0,1,4,1,0,0,8,15,12,46,16,7,37,26,3,4,9,17,44,391,6,88,10,704,10,51,729,4,0,19,54,321,7,9,470,20,45,12,5,608,0,6,302,1,26,2,0,0,9,6
0,4,4,17,2,1,4,50,63,43,23,45,11,21,21,80,9,21,57,187,22,474,583,47,104,22850,917,220,8,23,138,12307,285,9220,7,38,19,3929,30,183,27,20,131,5760,1464,509,2966,12,2,15,0,0,0,0,0,0,0,0,0,4,4,3,2,0,4,1,2,2,0,5,3,87,7,30,1,541,266,37,0,1,285,42,4,0,78,196,3,0,1,350,1,163,986,3,153,0,0,0,1,2
1,0,2,9,3,37,13,48,2334,32,39,211,32,9,5,52,16,18,144,731,27,431,1233,1285,9711,917,25486,1609,8,14,30,1293,1081,1789,76,173,1539,1217,1106,11431,14,17,49,15690,903,371,1057,169,9,9,0,0,2,0,3,1,2,0,1,9,1,1,8,0,4,2,3,2,9,24,6,80,13,112,4,209,586,50,0,1,214,130,0,0,260,113,7,4,1,741,2,147,619,9,89,10,1,1,4,1
13,12,16,21,13,28,3,12,37,43,13,20,11,91,17,34,5,6,16,32,27,2566,238,132,45,220,1609,97285,1246,85,51,252,141,12369,28,25,333,76,460,17240,427,42,51,763,125,22002,10113,121,4,28,0,0,0,0,1,0,0,0,1,0,1,0,1,0,0,0,1,0,4,1,3,8,1,5,0,22,73,297,0,2,26,3,0,1,9,159,6,4,0,20,4,932,110,18,23,8,1,0,0,0
664,359,320,408,235,121,59,8,6,451,23,57,19,6334,448,183,24,8,32,23,124,6336,47,14,6,8,8,1246,97255,13376,60,47,76,65,72,76,61,9,50,57,24517,692,470,19,44,1412,83,27,8594,328,1,3,2,2,2,5,0,0,1,1,2,0,0,0,3,0,15,0,9,0,1,3,2,2,1,0,3,0,1,0,1,0,0,3,0,0,16,25,0,1,4,0,0,0,0,5,0,1,0,0
693,526,317,728,255,161,97,26,11,547,70,115,48,41009,1501,397,51,24,46,63,369,817,75,12,38,23,14,85,13376,42677,226,148,205,32,168,136,114,17,103,8,7985,5541,1523,25,161,115,91,28,2506,1498,0,1,2,2,1,5,0,0,1,1,7,0,0,0,4,0,31,1,14,2,1,5,2,1,4,0,4,0,2,1,1,1,8,4,2,0,24,54,0,6,19,0,3,0,0,7,0,2,3,3
30,46,9,401,24,28,47,1471,131,712,349,160,297,309,355,14014,1053,3806,1675,735,1293,273,90,73,91,138,30,51,60,226,20735,390,398,107,229,297,254,301,92,9,138,186,10720,69,1076,26,150,55,12,224,1,6,6,1,8,15,1,3,9,15,29,4,2,0,10,2,56,7,74,12,10,20,19,18,22,4,29,1,6,19,1,11,12,10,28,1,103,143,4,32,21,1,14,0,4,24,2,3,12,7
10,10,0,76,7,6,10,122,124,194,35,84,139,127,86,226,31,135,91,438,85,482,576,108,247,12307,1293,252,47,148,390,40077,6580,5133,21,50,29,1797,29,209,80,160,570,2386,5549,690,14348,12,10,151,0,0,1,0,0,0,0,2,1,8,7,1,1,0,0,0,3,2,12,10,4,71,9,24,2,335,242,34,0,2,227,54,1,0,174,213,10,4,0,418,1,169,742,6,122,0,0,0,3,1
8,16,4,47,3,1,6,1660,623,517,318,5953,3656,110,71,142,605,739,174,6289,690,524,5922,99,4090,285,1081,141,76,205,398,6580,30246,141,12,59,327,1714,22,14,162,358,722,1953,7790,366,4057,4,1,254,0,0,2,0,0,0,11,17,8,45,7,4,28,31,2,5,4,13,33,397,4,37,11,391,7,22,304,5,1,14,25,180,2,9,223,13,69,5,1,241,3,4,125,1,20,0,0,0,5,2
3,4,1,19,3,19,5,13,147,17,8,14,6,19,18,93,3,6,49,109,9,789,208,194,203,9220,1789,12369,65,32,107,5133,141,35887,21,71,81,1045,248,10154,32,12,64,8505,681,3186,9392,73,5,12,0,0,1,0,0,0,0,1,0,1,2,1,2,1,1,1,1,0,4,0,1,51,0,17,1,143,223,314,0,0,158,8,0,0,46,771,8,2,0,129,3,1743,604,50,147,8,0,0,1,0
85,168,179,671,77,1641,3016,8,57,302,100,31,2,315,83,4115,5,4,398,25,60,205,22,1361,72,7,76,28,72,168,229,21,12,21,7178,3172,1505,47,9644,88,135,60,211,70,31,4,22,4682,98,37,16,56,52,15,93,113,0,0,10,6,64,10,2,0,45,16,330,3,91,0,14,31,19,2,23,0,1,0,30,26,0,2,47,39,7,1,166,477,15,4,132,0,4,0,2,454,11,27,32,9
19,48,29,159,24,150,305,29,397,667,219,118,14,132,74,1896,30,15,4989,96,259,297,61,7051,291,38,173,25,76,136,297,50,59,71,3172,18133,2220,151,5074,89,169,99,331,165,70,17,46,495,21,48,2,7,27,4,11,22,0,2,26,25,101,8,4,3,29,13,191,4,247,5,22,35,68,3,65,3,17,0,21,49,3,9,55,49,6,3,431,436,26,8,79,3,8,2,3,67,8,21,38,11
16,34,23,137,17,148,181,1585,14674,395,366,522,530,147,38,739,131,70,1207,1272,439,248,101,6262,1098,19,1539,333,61,114,254,29,327,81,1505,2220,3798,58,6657,1114,141,109,308,168,46,30,51,821,16,43,1,2,3,1,8,6,55,159,17,607,18,25,14,32,5,4,29,20,79,88,13,17,37,22,18,0,9,3,4,9,5,13,3,9,10,1,635,63,1,12,10,22,6,1,2,48,0,1,5,0
4,9,0,52,6,20,11,122,283,64,58,126,39,35,48,335,22,39,274,3195,44,411,1421,151,502,3929,1217,76,9,17,301,1797,1714,1045,47,151,58,17623,110,45,27,38,205,7799,4029,226,1225,41,5,28,0,1,2,0,3,1,2,3,7,17,9,3,19,1,3,1,4,4,21,35,12,157,13,145,5,348,650,20,1,7,327,163,8,3,404,130,14,10,0,1013,1,43,691,8,170,6,0,2,4,2
31,62,50,158,39,862,1085,20,103,281,145,55,9,148,28,473,22,15,139,10,95,186,27,6753,60,30,1106,460,50,103,92,29,22,248,9644,5074,6657,110,25514,1785,109,67,172,497,27,27,52,10327,82,29,3,13,19,5,14,22,0,2,7,6,40,4,0,1,26,7,138,4,111,1,5,18,21,2,20,2,2,5,9,20,5,3,28,25,2,4,243,249,7,8,48,18,5,1,1,101,4,9,19,7
1,1,2,6,1,50,9,1,116,12,0,6,3,2,1,22,1,1,32,11,11,255,44,705,135,183,11431,17240,57,8,9,209,14,10154,88,89,1114,45,1785,41300,24,3,13,8343,35,1180,788,340,11,1,0,0,0,0,5,2,1,1,0,2,5,0,1,0,0,0,0,0,2,0,0,17,6,21,0,61,272,1224,3,2,76,0,0,0,4,819,17,3,0,27,7,4526,452,84,126,20,1,3,0,0
836,581,707,555,247,259,108,15,9,10153,83,191,50,2034,385,328,78,30,54,36,599,11374,102,25,36,27,14,427,24517,7985,138,80,162,32,135,169,141,27,109,24,70078,7359,1029,29,81,504,96,25,97,1115,0,3,3,1,1,4,0,0,4,3,8,0,0,0,1,3,31,2,22,1,3,2,2,1,7,1,1,0,3,3,1,1,8,4,1,2,27,52,4,1,12,2,1,0,0,7,0,2,2,1
162,211,172,250,42,71,44,25,13,6830,148,386,109,1319,429,217,149,73,55,59,1579,917,149,21,46,20,17,42,692,5541,186,160,358,12,60,99,109,38,67,3,7359,23703,4250,47,149,69,134,14,30,8927,0,1,2,0,0,0,0,0,3,9,11,1,1,0,0,1,12,0,18,3,0,1,5,2,5,2,6,0,0,6,0,2,2,0,2,0,23,18,0,0,4,0,1,0,0,6,0,1,2,0
53,137,40,997,50,34,58,373,80,3724,367,419,317,1744,6552,5417,428,747,347,475,6435,691,177,65,108,131,49,51,470,1523,10720,570,722,64,211,331,308,205,172,13,1029,4250,36846,63,1118,31,210,40,42,13672,0,2,9,2,3,7,0,0,12,12,27,4,1,1,7,3,57,5,73,4,9,14,15,12,4,1,23,0,6,10,10,13,10,15,24,2,89,108,5,34,30,1,9,0,2,18,2,2,10,2
2,4,1,19,3,58,14,58,581,84,71,251,51,22,7,105,27,22,202,547,50,789,2222,652,1755,5760,15690,763,19,25,69,2386,1953,8505,70,165,168,7799,497,8343,29,47,63,40154,616,843,2559,125,13,32,0,1,3,0,4,1,2,5,2,24,11,5,11,1,2,3,2,6,10,26,4,205,11,120,4,911,849,126,1,2,606,145,3,6,306,560,8,9,2,915,1,497,2070,26,331,5,0,0,2,2
18,27,9,110,4,8,15,788,208,174,43,105,410,169,167,465,27,216,197,2558,81,261,606,45,702,1464,903,125,44,161,1076,5549,7790,681,31,70,46,4029,27,35,81,149,1118,616,7739,122,1158,7,9,203,0,0,2,0,1,0,1,5,2,17,10,6,14,1,4,6,6,5,26,72,8,110,14,244,4,130,548,12,1,6,164,216,5,4,463,55,22,6,6,835,1,9,377,4,92,4,0,0,2,3
25,12,17,19,8,19,8,87,120,132,111,258,37,73,15,27,29,21,26,118,64,8814,4078,30,106,509,371,22002,1412,115,26,690,366,3186,4,17,30,226,27,1180,504,69,31,843,122,22306,15125,10,7,27,0,0,0,0,0,0,0,2,1,1,0,1,2,0,0,0,0,1,2,1,0,5,0,7,0,21,15,19,0,0,12,2,0,0,9,40,2,1,0,19,0,94,63,3,15,0,0,0,1,0
3,3,4,21,0,4,2,93,150,206,101,353,103,55,38,100,61,98,81,282,128,1481,3851,106,312,2966,1057,10113,83,91,150,14348,4057,9392,22,46,51,1225,52,788,96,134,210,2559,1158,15125,40601,11,0,75,0,0,0,0,0,0,1,0,2,7,4,3,1,0,0,2,1,0,8,1,1,28,4,14,0,150,128,87,0,0,129,20,0,0,60,239,5,2,0,156,1,389,373,9,81,3,0,0,0,1
83,165,192,464,129,4486,1593,2,7,49,12,1,2,165,28,1246,0,0,20,10,10,60,6,203,13,12,169,121,27,28,55,12,4,73,4682,495,821,41,10327,340,25,14,40,125,7,10,11,7662,565,7,15,93,49,48,216,148,0,0,1,1,10,1,0,0,42,6,97,1,15,0,1,18,6,0,3,0,2,1,18,6,0,0,19,11,0,2,41,183,2,5,36,14,6,0,0,776,8,2,4,1
928,170,191,291,4254,3489,72,1,0,40,3,1,0,12167,159,126,0,0,6,2,2,55,0,12,5,2,9,4,8594,2506,12,10,1,5,98,21,16,5,82,11,97,30,42,13,9,7,0,565,15852,12,0,2,1,12,6,4,0,0,0,0,0,0,0,0,1,0,2,0,1,0,0,1,1,0,0,0,0,1,0,0,1,0,0,0,0,0,3,4,0,0,2,0,0,0,0,25,1,1,0,0
35,78,34,352,12,78,16,44,9,4768,54,174,92,3084,9566,146,103,54,31,70,2743,313,95,10,40,15,9,28,328,1498,224,151,254,12,37,48,43,28,29,1,1115,8927,13672,32,203,27,75,7,12,16540,0,1,1,0,1,0,0,0,1,1,2,0,0,0,1,2,4,1,6,0,0,0,4,2,1,1,2,0,0,0,1,2,1,1,4,1,14,14,0,4,4,0,3,0,1,1,0,0,0,0
2,0,105,9,0,17,19,0,0,1,0,0,0,3,2,28,0,0,0,0,0,0,0,0,0,0,0,0,1,0,1,0,0,0,16,2,1,0,3,0,0,0,0,0,0,0,0,15,0,0,62554,22683,2356,17591,23614,1548,0,1,1,1,145,3,1,0,19924,46,160,3,6,4,2,429,5,1,7,3,3,9,1707,3,4,4,923,19,10,3,16,181,3,14,35,4,2,2,1,275,13055,344,216,6
3,17,870,28,2,71,114,0,1,3,0,0,0,10,1,69,0,0,2,0,1,3,0,0,1,0,0,0,3,1,6,0,0,0,56,7,2,1,13,0,3,1,2,1,0,0,0,93,2,1,22683,87048,14984,25797,4226,9065,0,1,2,2,532,2,1,0,9292,55,264,1,11,7,12,784,8,0,11,4,2,3,818,5,3,9,856,37,17,3,51,321,11,15,44,0,4,2,1,395,624,721,617,23
3,6,16,19,4,31,49,2,2,4,2,1,1,8,4,43,2,0,6,7,2,4,3,1,4,0,2,0,2,2,6,1,2,1,52,27,3,2,19,0,3,2,9,3,2,0,0,49,1,1,2356,14984,34198,467,964,17884,5,56,39,43,1132,48,10,10,20023,7261,7957,36,188,107,67,498,26,21,74,43,18,7,1081,65,51,59,1721,944,210,28,100,614,112,256,96,2,37,2,22,300,888,765,1156,155
428,8,3240,38,1163,4211,264,0,0,0,0,0,0,11,1,27,0,0,1,0,0,4,0,0,1,0,0,0,2,2,1,0,0,0,15,4,1,0,5,0,1,0,2,0,0,0,0,48,12,0,17591,25797,467,47271,20432,22653,0,0,0,0,133,0,0,0,313,10,56,1,3,0,3,235,2,2,3,0,0,3,235,1,1,1,271,8,1,0,16,1005,3,2,479,1,0,1,0,187,207,227,168,2
14,21,95,65,5,174,150,0,1,4,1,0,0,19,3,53,0,1,2,0,0,6,0,2,0,0,3,1,2,1,8,0,0,0,93,11,8,3,14,5,1,0,3,4,1,0,0,216,6,1,23614,4226,964,20432,27149,8766,1,1,0,3,74,6,2,1,1460,71,197,2,11,4,6,148,27,4,8,3,23,13,362,3,4,5,311,7,2,4,90,1243,2,8,599,31,18,3,5,3776,5103,147,77,4
14,21,122,95,11,151,1439,0,2,2,0,0,0,18,2,124,1,0,5,0,3,9,0,3,0,0,1,0,5,5,15,0,0,0,113,22,6,1,22,2,4,0,7,1,0,0,0,148,4,0,1548,9065,17884,22653,8766,46970,1,5,4,10,612,18,5,2,799,50,3671,5,54,9,15,347,34,6,15,8,7,4,244,3,13,13,369,66,21,3,155,4518,8,60,2087,1,8,1,10,1755,145,321,326,31
0,0,0,0,0,0,0,193,203,0,2,5,51,0,0,0,3,2,8,72,2,2,1,2,8,0,2,0,0,0,1,0,11,0,0,0,55,2,0,1,0,0,0,2,1,0,1,0,0,0,0,0,5,0,1,1,3615,6078,683,532,27,77,90,3927,25,40,14,2668,84,2274,32,125,99,143,15,4,39,0,4,185,11,490,16,44,57,4,698,8,15,8,2,0,10,3,7,0,1,0,20,9
0,0,0,1,0,0,2,336,611,6,12,21,73,1,0,6,12,8,17,78,12,3,4,8,15,0,0,0,0,0,3,2,17,1,0,2,159,3,2,1,0,0,0,5,5,2,0,0,0,0,1,1,56,0,1,5,6078,16762,3575,3387,126,878,277,1840,83,179,109,8317,503,2647,169,827,165,271,70,18,58,5,17,494,51,395,98,278,482,6,1234,24,28,80,3,3,41,26,43,0,5,4,51,22
1,0,0,4,0,1,1,28,80,24,12,20,6,3,1,20,9,8,38,11,24,4,3,14,12,0,1,1,1,1,9,1,8,0,10,26,17,7,7,0,4,3,12,2,2,1,2,1,0,1,1,2,39,0,0,4,683,3575,5742,2257,202,460,88,339,48,113,498,3133,3958,484,193,272,70,33,367,9,21,3,6,3903,38,184,27,330,433,8,287,75,33,79,22,0,14,5,15,1,1,11,28,21
1,0,0,1,0,1,2,951,2216,25,77,98,200,4,1,45,90,65,178,149,73,22,21,52,46,4,9,0,1,1,15,8,45,1,6,25,607,17,6,2,3,9,12,24,17,1,7,1,0,1,1,2,43,0,3,10,532,3387,2257,36629,538,1637,751,657,33,63,231,944,5626,2899,598,1651,10874,5746,67,48,554,19,5,94,80,408,27,144,350,28,9820,290,15,164,24,16,210,28,93,6,6,8,32,17
2,3,4,21,0,4,2,57,160,41,28,51,7,8,5,78,15,14,99,14,47,15,10,24,16,4,1,1,2,7,29,7,7,2,64,101,18,9,40,5,8,11,27,11,10,0,4,10,0,2,145,532,1132,133,74,612,27,126,202,538,45348,5390,2399,119,784,882,2214,548,1719,114,6320,2148,436,80,1517,66,130,28,426,336,176,437,576,797,238,52,903,1669,690,143,406,10,187,134,314,148,97,15148,19769,3314
0,0,1,4,0,0,1,32,92,6,7,10,7,1,0,6,13,3,12,12,10,2,4,7,7,3,1,0,0,0,4,1,4,1,10,8,25,3,4,0,0,1,4,5,6,1,3,1,0,0,3,2,48,0,6,18,77,878,460,1637,5390,8401,9405,449,25,48,282,1407,829,289,6720,6041,139,300,280,27,143,17,8,120,66,748,30,106,61,20,322,216,48,106,49,7,165,152,324,12,3,37,106,124
0,0,0,0,0,0,0,32,60,4,5,7,13,1,0,5,6,2,10,66,3,1,4,2,37,2,8,1,0,0,2,1,28,2,2,4,14,19,0,1,0,1,1,11,14,2,1,0,0,0,1,1,10,0,2,5,90,277,88,751,2399,9405,18227,5204,30,65,69,7365,282,517,7581,7528,103,903,346,35,411,23,8,132,84,6653,35,48,83,34,270,74,98,190,10,10,242,177,480,0,2,28,177,199
0,0,0,0,0,0,0,159,192,0,5,4,47,0,0,2,3,1,6,114,3,8,2,4,26,0,0,0,0,0,0,0,31,1,0,3,32,1,1,0,0,0,1,1,1,0,0,0,0,0,0,0,10,0,1,2,3927,1840,339,657,119,449,5204,11545,33,51,35,7317,107,1213,583,491,77,540,110,11,167,2,2,218,19,2218,30,52,38,5,640,25,52,19,1,3,23,25,55,0,2,6,44,48
3,6,16,18,4,21,36,1,4,2,1,3,1,10,2,59,1,0,13,9,1,5,0,3,3,4,4,0,3,4,10,0,2,1,45,29,5,3,26,0,1,0,7,2,4,0,0,42,1,1,19924,9292,20023,313,1460,799,25,83,48,33,784,25,30,33,82577,10319,852,113,117,117,96,635,22,27,267,69,34,17,5235,202,164,158,18463,1654,624,44,144,468,592,414,120,2,41,7,40,261,13153,663,2326,807
0,1,2,5,1,3,4,4,6,3,1,0,0,1,1,16,2,1,8,13,1,0,1,0,4,1,2,0,0,0,2,0,5,1,16,13,4,1,7,0,3,1,3,3,6,0,2,6,0,2,46,55,7261,10,71,50,40,179,113,63,882,48,65,51,10319,18935,2251,192,303,192,184,260,11,51,810,80,47,16,384,440,189,259,4215,8062,724,43,79,208,5262,410,36,3,64,14,66,100,139,348,3073,6174
13,34,39,92,9,73,144,11,43,43,21,13,2,83,13,292,2,9,65,12,14,36,1,31,9,2,3,1,15,31,56,3,4,1,330,191,29,4,138,0,31,12,57,2,6,0,1,97,2,4,160,264,7957,56,197,3671,14,109,498,231,2214,282,69,35,852,2251,41276,218,7092,255,334,474,219,72,962,41,49,8,312,7371,64,145,703,8657,238,35,768,9414,336,367,546,10,108,9,32,1063,149,367,687,203
0,0,0,1,0,0,2,43,148,8,17,31,3,1,0,13,8,7,24,21,15,3,10,11,17,2,2,0,0,1,7,2,13,0,3,4,20,4,4,0,2,0,5,6,5,1,0,1,0,1,3,1,36,1,2,5,2668,8317,3133,944,548,1407,7365,7317,113,192,218,9650,693,366,6785,787,84,121,1775,30,45,2,23,2474,118,1383,107,265,758,13,298,77,185,85,17,4,71,47,177,1,6,30,186,248
3,5,2,19,4,5,19,109,307,103,75,112,21,19,8,149,40,25,362,50,126,27,13,75,44,0,9,4,9,14,74,12,33,4,91,247,79,21,111,2,22,18,73,10,26,2,8,15,1,6,6,11,188,3,11,54,84,503,3958,5626,1719,829,282,107,117,303,7092,693,21079,1010,1239,617,3369,1018,1339,54,350,14,37,4021,91,321,119,1218,355,45,2456,6257,260,471,862,15,333,17,90,41,14,97,234,200
0,0,0,1,0,1,0,670,688,4,15,65,293,0,1,14,6,4,31,1038,5,27,33,17,391,5,24,1,0,2,12,10,397,0,0,5,88,35,1,0,1,3,4,26,72,1,1,0,0,0,4,7,107,0,4,9,2274,2647,484,2899,114,289,517,1213,117,192,255,366,1010,23235,52,819,268,8129,33,67,1470,11,11,147,168,5620,80,269,7899,39,2908,94,37,2656,5,4,1376,39,112,0,2,13,60,34
1,1,0,1,1,1,1,40,115,16,13,14,2,0,0,24,11,7,51,9,16,2,2,12,6,3,6,3,1,1,10,4,4,1,14,22,13,12,5,0,3,0,9,4,8,0,1,1,0,0,2,12,67,3,6,15,32,169,193,598,6320,6720,7581,583,96,184,334,6785,1239,52,20434,1534,248,86,9546,37,90,21,36,2650,127,779,183,113,70,37,615,562,419,74,119,7,126,104,298,13,5,155,1014,4160
3,5,7,16,0,6,10,27,68,7,6,10,9,5,1,23,7,3,17,60,10,9,16,9,88,87,80,8,3,5,20,71,37,51,31,35,17,157,18,17,2,1,14,205,110,5,28,18,1,0,429,784,498,235,148,347,125,827,272,1651,2148,6041,7528,491,635,260,474,787,617,819,1534,42628,220,1668,301,656,2092,2790,2495,169,948,6273,1083,278,588,1400,290,464,167,1602,136,556,3189,9515,12671,60,96,3103,1042,204
1,3,1,5,0,3,6,38,159,33,27,47,10,2,0,33,24,15,78,16,46,9,6,26,10,7,13,1,2,2,19,9,11,0,19,68,37,13,21,6,2,5,15,11,14,0,4,6,1,4,5,8,26,2,27,34,99,165,70,10874,436,139,103,77,22,11,219,84,3369,268,248,220,5106,2065,124,57,966,66,12,82,78,154,23,32,79,92,4944,2392,22,98,1189,293,546,8,88,239,26,27,65,42
0,0,1,2,0,2,2,153,174,5,5,51,80,3,2,10,2,8,24,776,12,28,53,12,704,30,112,5,2,1,18,24,391,17,2,3,22,145,2,21,1,2,12,120,244,7,14,0,0,2,1,0,21,2,4,6,143,271,33,5746,80,300,903,540,27,51,72,121,1018,8129,86,1668,2065,17344,41,151,15476,87,9,41,370,3895,38,39,1001,228,3185,230,47,1143,56,483,2221,37,325,34,6,4,68,43
0,0,0,3,1,1,7,7,34,22,11,11,5,3,0,53,1,1,51,4,15,4,1,11,10,1,4,0,1,4,22,2,7,1,23,65,18,5,20,0,7,5,4,4,4,0,0,3,0,1,7,11,74,3,8,15,15,70,367,67,1517,280,346,110,267,810,962,1775,1339,33,9546,301,124,41,10612,26,35,8,67,4996,81,287,471,1378,196,16,485,642,7085,46,207,3,36,20,88,37,8,151,1592,3745
0,0,0,0,0,0,0,1,11,1,0,1,2,1,0,1,3,0,3,12,0,17,51,4,51,541,209,22,0,0,4,335,22,143,0,3,0,348,2,61,1,2,1,911,130,21,150,0,0,1,3,4,43,0,3,8,4,18,9,48,66,27,35,11,69,80,41,30,54,67,37,656,57,151,26,23475,836,178,31,52,13557,331,124,72,3298,7064,24,24,27,6665,19,99,7088,43,754,16,3,22,119,50
0,1,0,3,0,7,3,39,101,4,8,33,14,2,3,15,1,6,25,383,9,27,121,21,729,266,586,73,3,4,29,242,304,223,1,17,9,650,2,272,1,6,23,849,548,15,128,2,0,2,3,2,18,0,23,7,39,58,21,554,130,143,411,167,34,47,49,45,350,1470,90,2092,966,15476,35,836,18059,1082,8,18,1154,2023,28,44,1307,1103,1013,192,46,1652,623,5998,11737,113,1037,424,24,22,70,40
0,0,0,0,0,1,0,2,2,0,0,0,0,0,0,1,0,0,0,1,0,11,4,5,4,37,50,297,0,0,1,34,5,314,0,0,3,20,5,1224,0,0,0,126,12,19,87,1,1,0,9,3,7,3,13,4,0,5,3,19,28,17,23,2,17,16,8,2,14,11,21,2790,66,87,8,178,1082,58026,1422,5,303,37,60,14,56,10106,95,20,9,172,95,15936,1142,23024,1506,106,11,476,30,14
1,5,6,16,0,9,15,0,1,2,2,2,1,3,1,29,0,0,8,1,0,2,0,1,0,0,0,0,1,2,6,0,1,0,30,21,4,1,9,3,3,0,6,1,1,0,0,18,0,0,1707,818,1081,235,362,244,4,17,6,5,426,8,8,2,5235,384,312,23,37,11,36,2495,12,9,67,31,8,1422,113464,27,40,54,18465,222,122,60,64,264,99,54,87,46,15,499,51,56,13708,22108,1180,59
2,2,1,5,1,0,2,18,47,18,17,30,2,4,3,28,2,5,54,21,19,6,7,12,19,1,1,2,0,1,19,2,14,0,26,49,9,7,20,2,3,6,10,2,6,0,0,6,0,0,3,5,65,1,3,3,185,494,3903,94,336,120,132,218,202,440,7371,2474,4021,147,2650,169,82,41,4996,52,18,5,27,6840,127,376,175,4521,715,7,280,249,603,73,72,3,16,12,63,8,6,30,233,242
0,0,0,0,0,2,0,8,18,4,0,1,4,0,0,7,1,0,8,27,0,15,41,9,54,285,214,26,1,1,1,227,25,158,0,3,5,327,5,76,1,0,10,606,164,12,129,0,1,1,4,3,51,1,4,13,11,51,38,80,176,66,84,19,164,189,64,118,91,168,127,948,78,370,81,13557,1154,303,40,127,21452,2886,212,109,3640,7474,28,38,158,3034,32,325,4998,181,9771,6,9,52,323,163
0,0,0,0,0,2,2,92,126,5,2,20,46,1,1,8,2,5,14,365,6,13,35,9,321,42,130,3,0,1,11,54,180,8,2,9,13,163,3,0,1,2,13,145,216,2,20,0,0,2,4,9,59,1,5,13,490,395,184,408,437,748,6653,2218,158,259,145,1383,321,5620,779,6273,154,3895,287,331,2023,37,54,376,2886,25077,241,205,12230,119,512,110,283,1998,21,15,1277,108,4696,10,10,58,370,310
3,3,4,10,1,7,31,1,3,9,1,1,0,7,5,59,2,0,25,3,5,8,0,3,7,4,0,0,0,8,12,1,2,0,47,55,3,8,28,0,8,2,10,3,5,0,0,19,0,1,923,856,1721,271,311,369,16,98,27,27,576,30,35,30,18463,4215,703,107,119,80,183,1083,23,38,471,124,28,60,18465,175,212,241,65928,1111,755,54,156,584,805,315,178,4,42,28,87,72,2912,8041,14757,1515
1,1,5,15,1,8,20,7,10,2,7,7,1,14,4,48,3,3,12,15,3,9,1,8,9,0,0,1,3,4,10,0,9,0,39,49,9,3,25,0,4,0,15,6,4,0,0,11,0,1,19,37,944,8,7,66,44,278,330,144,797,106,48,52,1654,8062,8657,265,1218,269,113,278,32,39,1378,72,44,14,222,4521,109,205,1111,15097,648,40,183,613,9119,402,116,2,54,4,49,36,48,177,859,663
1,0,0,5,0,0,1,24,85,8,3,28,7,3,3,10,5,7,27,301,4,26,78,23,470,78,260,9,0,2,28,174,223,46,7,6,10,404,2,4,1,2,24,306,463,9,60,0,0,4,10,17,210,1,2,21,57,482,433,350,238,61,83,38,624,724,238,758,355,7899,70,588,79,1001,196,3298,1307,56,122,715,3640,12230,755,648,25154,504,157,56,287,6316,20,10,426,21,324,7,30,87,651,282
0,1,0,1,1,2,0,4,10,1,0,0,0,0,0,0,0,0,2,6,0,25,19,7,20,196,113,159,0,0,1,213,13,771,1,3,1,130,4,819,2,0,2,560,55,40,239,2,0,1,3,3,28,0,4,3,4,6,8,28,52,20,34,5,44,43,35,13,45,39,37,1400,92,228,16,7064,1103,10106,60,7,7474,119,54,40,504,39935,35,33,20,2096,48,5436,6805,7538,4773,31,7,36,46,20
0,6,9,26,7,14,41,485,897,156,101,147,130,20,15,205,41,25,332,207,165,47,19,159,45,3,7,6,16,24,103,10,69,8,166,431,635,14,243,17,27,23,89,8,22,2,5,41,3,14,16,51,100,16,90,155,698,1234,287,9820,903,322,270,640,144,79,768,298,2456,2908,615,290,4944,3185,485,24,1013,95,64,280,28,512,156,183,157,35,1654,3324,194,59,4540,328,191,10,37,1020,57,102,199,156
31,38,73,144,20,128,230,30,75,93,31,20,3,98,27,563,6,3,154,22,57,87,6,63,12,0,4,4,25,54,143,4,5,2,477,436,63,10,249,3,52,18,108,9,6,1,2,183,4,14,181,321,614,1005,1243,4518,8,24,75,290,1669,216,74,25,468,208,9414,77,6257,94,562,464,2392,230,642,24,192,20,264,249,38,110,584,613,56,33,3324,37781,281,138,14823,59,175,8,37,10046,215,285,528,249
0,0,0,1,0,0,3,1,3,8,1,1,0,3,1,19,1,0,8,2,2,5,0,2,5,1,1,0,0,0,4,0,1,0,15,26,1,0,7,0,4,0,5,2,6,0,0,2,0,0,3,11,112,3,2,8,15,28,33,15,690,48,98,52,592,5262,336,185,260,37,419,167,22,47,7085,27,46,9,99,603,158,283,805,9119,287,20,194,281,33499,70,101,2,29,13,108,12,10,156,2622,10139
0,0,1,3,1,0,0,13,84,10,8,19,6,4,7,34,3,2,19,272,8,27,136,22,608,350,741,20,1,6,32,418,241,129,4,8,12,1013,8,27,1,0,34,915,835,19,156,5,0,4,14,15,256,2,8,60,8,80,79,164,143,106,190,19,414,410,367,85,471,2656,74,1602,98,1143,46,6665,1652,172,54,73,3034,1998,315,402,6316,2096,59,138,70,21260,38,73,10659,48,709,37,21,59,230,84
6,13,11,30,7,25,67,4,10,15,5,3,1,28,2,152,1,0,28,0,10,14,0,9,0,1,2,4,4,19,21,1,3,3,132,79,10,1,48,7,12,4,30,1,1,0,1,36,2,4,35,44,96,479,599,2087,2,3,22,24,406,49,10,1,120,36,546,17,862,5,119,136,1189,56,207,19,623,95,87,72,32,21,178,116,20,48,4540,14823,101,38,13836,371,196,5,21,10595,129,57,149,59
0,0,0,3,1,2,0,1,1,1,1,1,0,1,1,2,0,0,1,3,1,29,12,11,6,163,147,932,0,0,1,169,4,1743,0,3,22,43,18,4526,2,0,1,497,9,94,389,14,0,0,4,0,2,1,31,1,0,3,0,16,10,7,10,3,2,3,10,4,15,4,7,556,293,483,3,99,5998,15936,46,3,325,15,4,2,10,5436,328,59,2,73,371,35893,9690,1350,521,379,16,18,7,4
0,0,0,3,0,2,1,11,44,6,8,14,6,1,4,9,2,0,26,116,3,50,106,20,302,986,619,110,0,3,14,742,125,604,4,8,6,691,5,452,1,1,9,2070,377,63,373,6,0,3,2,4,37,0,18,8,10,41,14,210,187,165,242,23,41,64,108,71,333,1376,126,3189,546,2221,36,7088,11737,1142,15,16,4998,1277,42,54,426,6805,191,175,29,10659,196,9690,36964,305,2874,199,17,13,63,49
0,0,0,0,0,0,0,0,4,1,1,0,0,1,0,1,0,0,0,1,0,2,1,2,1,3,9,18,0,0,0,6,1,50,0,2,1,8,1,84,0,0,0,26,4,3,9,0,0,0,2,2,2,1,3,1,3,26,5,28,134,152,177,25,7,14,9,47,17,39,104,9515,8,37,20,43,113,23024,499,12,181,108,28,4,21,7538,10,8,13,48,5,1350,305,22549,13302,4,2,254,34,24
0,0,0,0,0,0,0,0,15,1,1,3,4,0,1,4,1,0,1,14,1,10,23,1,26,153,89,23,0,0,4,122,20,147,2,3,2,170,1,126,0,0,2,331,92,15,81,0,0,1,1,1,22,0,5,10,7,43,15,93,314,324,480,55,40,66,32,177,90,112,298,12671,88,325,88,754,1037,1506,51,63,9771,4696,87,49,324,4773,37,37,108,709,21,521,2874,13302,33720,17,5,49,170,124
46,102,209,266,30,656,456,0,1,11,3,0,0,58,18,267,0,1,14,2,3,11,1,10,2,0,10,8,5,7,24,0,0,8,454,67,48,6,101,20,7,6,18,5,4,0,3,776,25,1,275,395,300,187,3776,1755,0,0,1,6,148,12,0,0,261,100,1063,1,41,0,13,60,239,34,37,16,424,106,56,8,6,10,72,36,7,31,1020,10046,12,37,10595,379,199,4,17,6958,720,29,61,42
0,1,1,2,0,9,8,1,0,4,0,0,0,0,0,8,0,0,2,0,0,1,1,0,0,0,1,1,0,0,2,0,0,0,11,8,0,0,4,1,0,0,2,0,0,0,0,8,1,0,13055,624,888,207,5103,145,1,5,1,6,97,3,2,2,13153,139,149,6,14,2,5,96,26,6,8,3,24,11,13708,6,9,10,2912,48,30,7,57,215,10,21,129,16,17,2,5,720,41417,334,402,15
0,2,2,9,0,1,7,1,4,9,3,1,2,1,1,15,0,0,5,3,3,6,1,5,0,0,1,0,1,2,3,0,0,0,27,21,1,2,9,3,2,1,2,0,0,0,0,2,1,0,344,721,765,227,147,321,0,4,11,8,15148,37,28,6,663,348,367,30,97,13,155,3103,27,4,151,22,22,476,22108,30,52,58,8041,177,87,36,102,285,156,59,57,18,13,254,49,29,334,59618,6408,426
1,1,2,10,0,6,11,1,7,2,3,2,1,6,2,34,2,0,20,9,8,8,2,5,9,1,4,0,0,3,12,3,5,1,32,38,5,4,19,0,2,2,10,2,2,1,0,4,0,0,216,617,1156,168,77,326,20,51,28,32,19769,106,177,44,2326,3073,687,186,234,60,1014,1042,65,68,1592,119,70,30,1180,233,323,370,14757,859,651,46,199,528,2622,230,149,7,63,34,170,61,402,6408,28622,9905
1,0,0,1,0,0,0,2,5,3,4,0,0,3,0,15,0,0,11,9,4,3,0,2,6,2,1,0,0,3,7,1,2,0,9,11,0,2,7,0,1,0,2,2,3,0,1,1,0,0,6,23,155,2,4,31,9,22,21,17,3314,124,199,48,807,6174,203,248,200,34,4160,204,42,43,3745,50,40,14,59,242,163,310,1515,663,282,20,156,249,10139,84,59,4,49,24,124,42,15,426,9905,21339
