19728,3388,10554,3415,14707,3406,385,7,2,122,8,2,5,17029,458,325,1,0,26,14,2,840,1,14,3,9,4,19,1111,634,17,17,14,8,53,36,119,10,136,3,435,120,114,1,8,3,3,58,1999,10,90,157,62,166,72,124,0,0,0,0,6,0,0,0,66,25,50,0,3,0,0,3,1,1,0,0,0,1,15,1,0,0,17,16,0,0,10,25,2,0,17,0,0,0,0,17,23,0,4,2
3388,27396,14422,19393,322,1124,444,5,5,209,7,1,0,4544,2134,221,0,0,2,1,1,1233,1,2,1,0,1,7,248,334,9,5,4,1,24,10,77,1,28,0,362,249,56,1,1,0,0,43,54,15,73,53,58,66,87,182,0,0,0,0,2,0,0,0,63,18,31,0,0,0,0,2,2,1,1,0,1,0,13,1,0,0,11,4,0,0,5,15,1,0,6,0,1,0,0,18,27,3,3,0
10554,14422,53335,12566,9473,18313,14083,3,4,308,13,1,1,1342,212,164,1,1,7,3,3,2612,4,12,2,4,6,19,967,742,6,9,11,3,50,18,140,3,66,5,944,440,28,1,3,9,4,137,360,20,1158,2819,143,4793,410,554,0,0,0,1,7,1,0,0,140,35,63,0,2,0,1,18,1,0,0,0,0,2,106,0,0,0,54,11,2,3,12,24,0,1,20,2,2,3,1,68,101,18,16,1
3415,19393,12566,54706,784,3780,8832,16,15,1183,53,7,3,5325,12304,6735,1,1,136,42,9,1516,8,54,11,38,15,10,406,515,163,22,31,14,231,154,452,23,247,1,502,511,2139,10,21,6,9,344,162,101,465,370,360,471,617,1169,0,0,2,4,13,1,1,0,377,74,174,0,11,2,0,11,10,7,3,0,2,0,54,0,0,1,42,33,1,0,42,73,3,5,32,2,1,1,0,121,105,8,15,6
14707,322,9473,784,15224,25576,327,2,2,47,6,0,0,5277,82,129,0,0,20,2,0,219,0,7,2,2,2,4,334,145,21,4,8,3,39,25,69,1,105,1,92,31,66,3,8,2,1,375,4061,7,63,155,35,188,52,78,1,0,0,0,0,0,0,0,56,16,42,0,1,0,1,2,2,1,1,0,0,0,6,0,0,0,18,17,0,0,2,10,3,3,11,0,0,0,0,13,25,1,5,0
3406,1124,18313,3780,25576,40723,14164,1,9,138,22,1,0,971,321,261,1,0,8,3,2,259,1,38,3,4,34,9,108,56,27,4,4,5,316,44,198,4,256,10,99,60,83,14,3,1,1,4534,3268,4,364,231,100,1937,393,486,1,0,0,0,4,0,0,0,105,21,41,0,3,1,2,5,3,0,0,0,1,2,21,0,0,1,14,8,0,1,17,19,1,1,15,0,0,2,0,110,52,4,11,2
385,444,14083,8832,327,14164,13364,9,29,842,102,15,3,353,143,1547,2,2,100,30,15,362,14,197,19,67,42,24,84,90,167,24,27,29,2853,466,585,31,522,3,117,127,189,23,31,2,13,2122,291,13,265,285,229,653,565,992,3,1,0,5,13,1,0,2,217,34,95,1,8,4,2,15,6,4,1,0,2,0,23,2,0,1,30,19,1,0,21,42,2,2,23,0,2,0,0,135,72,6,12,3
7,5,3,16,2,1,9,38806,4092,424,2335,911,10736,161,124,177,1935,6009,3125,5342,129,2351,259,195,233,97,127,51,41,178,1555,135,2302,32,11,77,1563,311,39,4,47,88,636,47,261,110,106,2,5,487,2,3,12,2,3,4,123,150,57,1080,31,10,26,59,6,9,44,62,101,201,53,20,41,63,28,5,5,0,5,26,1,61,12,7,34,0,96,34,6,12,6,0,7,0,3,1,2,6,14,6
2,5,4,15,2,9,29,4092,49185,401,1287,2331,2638,63,40,126,768,136,4816,7176,238,1819,558,10777,3840,267,4555,75,30,57,252,215,2287,73,44,749,10641,452,196,90,26,40,160,479,144,152,238,59,8,72,4,1,24,1,9,14,274,441,175,4122,90,41,96,125,25,24,116,176,344,638,175,78,184,466,95,13,30,1,10,67,2,318,33,33,212,2,240,74,27,184,17,1,79,5,11,4,5,11,40,28
122,209,308,1183,47,138,842,424,401,53697,5317,5765,506,575,363,1029,1151,194,1337,185,9664,4053,965,196,104,291,169,105,200,318,1211,677,1745,82,392,1450,1706,152,1245,21,19033,13728,3076,270,125,508,1031,262,31,7309,16,8,22,10,22,37,4,5,15,45,52,6,5,3,59,44,186,14,167,13,29,15,37,9,33,9,9,3,31,43,1,13,60,78,12,0,56,152,38,9,79,2,33,2,6,7,20,14,35,25
8,7,13,53,6,22,102,2335,1287,5317,6091,13028,1251,71,28,188,2178,170,1163,264,1416,3315,1153,75,139,101,77,103,35,55,336,76,526,23,66,339,336,56,198,9,43,95,266,80,38,253,224,54,3,103,6,2,11,1,1,13,3,1,12,23,18,2,2,2,6,12,35,4,32,8,7,3,11,15,9,3,4,0,3,11,0,3,6,18,8,0,14,18,14,7,18,0,10,0,0,3,7,2,6,5
2,1,1,7,0,1,15,911,2331,5765,13028,25261,14424,47,34,119,11302,774,661,1461,5731,3772,7383,218,2227,183,671,88,97,293,700,266,5515,55,17,294,853,670,95,7,166,489,472,262,493,352,456,9,2,446,1,0,5,0,0,5,11,16,13,71,11,2,18,10,1,6,20,15,45,63,15,21,14,124,5,11,21,1,1,16,2,60,13,9,46,1,13,11,5,70,6,0,51,0,3,2,0,0,7,4
5,0,1,3,0,0,3,10736,2638,506,1251,14424,29104,98,88,127,8395,1818,1081,1997,305,581,273,77,426,29,199,16,61,303,903,57,7470,9,2,37,590,49,8,0,106,209,557,22,80,33,56,2,2,691,0,0,2,0,0,2,22,36,11,227,1,2,15,13,4,2,8,13,12,93,5,5,5,45,2,2,6,0,3,4,0,39,1,3,18,0,30,5,1,18,0,0,6,1,1,0,0,0,0,0
17029,4544,1342,5325,5277,971,353,161,63,575,71,47,98,64781,11553,2712,12,9,413,335,26,1393,43,88,86,230,48,114,10415,34299,562,376,585,142,383,467,698,176,1151,12,1427,904,4933,38,279,22,100,215,14791,1901,156,68,132,63,111,247,2,1,2,7,40,2,4,1,229,118,281,0,26,19,3,17,19,39,8,2,7,4,65,9,0,7,98,125,10,2,54,144,22,15,151,1,12,1,2,31,95,13,34,15
458,2134,212,12304,82,321,143,124,40,363,28,34,88,11553,14139,2010,14,9,207,209,24,708,18,43,56,67,26,21,567,3049,424,145,434,39,153,226,413,92,379,4,407,658,8996,25,177,10,25,67,64,5580,64,21,53,12,37,81,1,0,2,0,9,1,3,0,100,32,98,0,11,8,0,4,4,10,1,0,0,1,25,4,0,5,36,20,10,0,33,43,5,14,34,0,6,2,0,13,43,5,15,4
325,221,164,6735,129,261,1547,177,126,1029,188,119,127,2712,2010,24731,237,808,2900,225,126,454,31,115,52,98,43,34,174,229,14271,66,132,46,941,3111,850,91,720,8,139,157,6926,36,74,2,27,255,83,312,160,74,131,66,111,233,3,3,4,10,42,4,3,3,163,68,307,0,73,12,12,19,14,12,12,3,2,2,63,19,1,2,80,91,2,1,83,177,26,8,114,0,4,1,1,34,80,15,57,20
1,0,1,1,0,1,2,1935,768,1151,2178,11302,8395,12,14,237,6897,2676,1164,58,4949,382,166,103,33,18,19,9,18,64,2440,31,522,9,5,113,602,9,20,2,41,139,309,15,9,45,66,0,0,216,0,0,5,0,1,1,7,13,20,88,12,4,4,5,1,4,23,23,49,9,18,3,12,3,13,0,0,0,2,13,0,5,1,5,5,0,10,5,2,2,0,0,0,1,0,0,0,1,3,2
0,0,1,1,0,0,2,6009,136,194,170,774,1818,9,9,808,2676,1699,3079,45,748,64,61,46,10,14,9,17,9,29,2797,24,339,5,8,84,302,9,19,2,20,54,281,4,8,6,23,1,0,129,1,0,4,0,0,2,3,13,17,45,11,5,3,4,1,1,24,16,64,0,17,4,20,2,9,0,1,0,3,11,0,3,7,2,6,0,14,16,4,2,3,0,2,0,2,0,2,2,13,4
26,2,7,136,20,8,100,3125,4816,1337,1163,661,1081,413,207,2900,1164,3079,8891,1213,439,616,108,1615,517,85,161,26,94,147,6518,38,577,22,80,2738,1616,258,227,26,97,110,1640,87,57,19,46,26,7,252,4,6,29,0,9,18,18,31,55,154,148,17,12,14,30,31,356,36,411,23,98,44,110,33,111,2,8,0,41,132,0,26,91,117,19,3,81,331,82,14,87,2,13,2,5,7,12,31,72,55
14,1,3,42,2,3,30,5342,7176,185,264,1461,1997,335,209,225,58,45,1213,28369,45,986,772,133,1766,472,739,69,90,295,826,991,7522,149,39,339,626,4827,30,13,70,118,687,423,2278,63,236,10,8,465,6,2,17,1,1,8,75,27,8,346,12,8,187,44,32,42,34,5,54,992,11,104,40,1151,20,21,61,4,14,27,15,656,24,38,517,4,27,35,48,446,7,2,176,4,18,1,5,4,29,10
2,1,3,9,0,2,15,129,238,9664,1416,5731,305,26,24,126,4949,748,439,45,14568,320,163,118,32,42,34,24,70,222,2362,118,459,14,42,518,1096,19,360,5,213,839,2013,30,18,24,119,18,2,2411,1,0,5,0,2,7,5,8,16,53,24,1,4,4,9,7,79,17,96,2,15,10,13,3,13,1,0,0,10,16,0,3,23,23,5,3,32,55,5,2,15,1,5,0,2,2,2,1,12,6
840,1233,2612,1516,219,259,362,2351,1819,4053,3315,3772,581,1393,708,454,382,64,616,986,320,17752,6134,175,977,1835,1107,3558,5313,853,341,1122,898,1486,149,360,620,599,477,315,30904,2391,1162,1804,400,6170,2791,72,35,1004,10,25,27,29,18,27,6,9,6,39,44,1,17,5,32,36,188,6,99,55,20,29,26,84,18,52,36,3,30,29,16,42,33,123,41,34,36,173,45,54,78,30,146,2,19,8,9,11,34,29
1,1,4,8,0,1,14,259,558,965,1153,7383,273,43,18,31,166,61,108,772,163,6134,15150,163,1513,1221,1470,244,48,123,75,922,4097,330,12,60,114,985,42,80,59,141,81,1293,583,3374,6093,18,1,94,2,0,1,0,0,2,0,2,0,20,2,1,7,1,2,4,1,2,10,28,0,33,2,111,1,44,64,3,1,0,11,57,5,3,37,14,0,0,1,116,1,10,174,1,18,1,2,0,1,1
14,2,12,54,7,38,197,195,10777,196,75,218,77,88,43,115,103,46,1615,133,118,175,163,7572,503,199,1877,94,40,46,160,95,272,87,300,3004,4820,119,2786,186,37,30,154,444,22,17,79,508,19,31,1,1,12,0,4,11,25,28,14,654,41,5,5,8,10,7,56,13,87,33,28,15,34,30,28,5,12,0,11,17,2,21,17,10,25,1,35,49,21,32,12,4,32,2,2,3,5,4,17,16
3,1,2,11,2,3,19,233,3840,104,139,2227,426,86,56,52,33,10,517,1766,32,977,1513,503,6529,650,5063,56,48,134,62,456,4487,149,19,290,476,1987,50,90,29,65,104,1610,267,92,419,18,7,124,2,1,24,0,0,11,25,14,7,228,12,4,173,25,27,44,18,6,47,576,11,186,28,1472,4,53,152,3,15,24,14,637,38,15,458,12,17,8,23,680,1,6,521,5,26,0,2,6,23,13
9,0,4,38,2,4,67,97,267,291,101,183,29,230,67,98,18,14,85,472,42,1835,1221,199,650,30161,1873,245,90,205,132,14163,1151,7608,42,120,97,7046,89,276,55,108,228,12173,4385,533,2686,24,10,118,0,0,7,0,4,6,0,3,0,12,8,1,9,1,4,6,11,0,9,10,5,115,15,111,6,498,312,9,5,4,188,134,5,2,177,124,3,7,2,388,7,108,1153,12,182,3,2,2,7,7
4,1,6,15,2,34,42,127,4555,169,77,671,199,48,26,43,19,9,161,739,34,1107,1470,1877,5063,1873,21901,2442,51,78,76,1557,1857,952,66,137,1140,542,1581,7489,41,60,68,9965,424,255,1203,328,33,60,3,2,4,4,4,11,1,3,2,21,2,5,21,0,5,5,2,1,9,78,3,113,8,318,1,199,256,17,3,3,60,170,4,8,190,87,7,6,2,390,7,150,719,11,62,6,1,1,6,1
19,7,19,10,4,9,24,51,75,105,103,88,16,114,21,34,9,17,26,69,24,3558,244,94,56,245,2442,58032,1014,72,44,360,98,17322,20,25,757,133,420,13535,213,43,62,716,149,22125,10378,37,10,25,0,0,0,1,1,1,0,0,0,1,0,1,0,0,0,1,9,0,5,1,1,7,1,5,1,9,9,89,2,0,4,7,2,1,2,162,2,4,0,21,2,419,94,25,18,3,0,0,2,0
1111,248,967,406,334,108,84,41,30,200,35,97,61,10415,567,174,18,9,94,90,70,5313,48,40,48,90,51,1014,118467,13410,114,267,498,114,52,138,322,51,225,39,26418,1042,497,63,83,383,234,29,6280,580,14,9,12,11,15,17,1,2,0,4,20,0,2,0,22,20,95,0,33,3,6,8,7,7,8,1,1,0,15,9,0,3,27,50,3,0,23,64,11,6,41,1,12,0,2,4,11,11,15,11
634,334,742,515,145,56,90,178,57,318,55,293,303,34299,3049,229,64,29,147,295,222,853,123,46,134,205,78,72,13410,46169,413,722,1845,85,51,220,488,180,345,15,11693,6734,1917,117,312,72,319,30,1927,4708,15,13,13,3,9,10,0,0,3,5,15,1,5,1,32,18,106,1,59,3,6,9,7,20,8,5,2,1,23,15,0,11,29,57,7,0,24,79,21,24,35,1,5,0,2,3,10,2,20,13
17,9,6,163,21,27,167,1555,252,1211,336,700,903,562,424,14271,2440,2797,6518,826,2362,341,75,160,62,132,76,44,114,413,16323,141,819,66,293,1863,1299,194,489,13,156,366,12340,29,268,14,48,45,9,2122,30,8,30,11,19,63,9,7,18,51,58,9,5,5,63,35,221,15,204,13,28,21,40,21,40,3,6,2,39,41,1,12,61,73,13,0,68,171,25,14,64,0,6,1,4,11,23,13,48,15
17,5,9,22,4,4,24,135,215,677,76,266,57,376,145,66,31,24,38,991,118,1122,922,95,456,14163,1557,360,267,722,141,44140,10489,6832,33,39,72,1329,61,254,190,393,307,2122,7186,946,17350,20,22,592,0,0,2,0,0,1,1,0,1,7,2,1,4,1,3,1,3,0,3,6,1,53,7,86,2,222,127,4,1,2,82,75,2,4,77,73,2,4,4,184,1,74,619,11,77,2,1,1,1,1
14,4,11,31,8,4,27,2302,2287,1745,526,5515,7470,585,434,132,522,339,577,7522,459,898,4097,272,4487,1151,1857,98,498,1845,819,10489,31570,274,24,148,393,3574,58,34,563,1087,1019,1284,9332,367,6226,28,19,2314,0,2,4,1,0,2,11,8,3,82,5,3,44,9,11,11,18,5,19,244,0,63,6,381,6,41,84,1,4,10,18,205,9,6,176,13,5,14,7,217,3,10,220,5,21,1,3,1,7,6
8,1,3,14,3,5,29,32,73,82,23,55,9,142,39,46,9,5,22,149,14,1486,330,87,149,7608,952,17322,114,85,66,6832,274,36558,26,34,108,491,120,8002,33,37,113,6425,640,3310,19839,24,5,48,0,0,0,0,1,0,0,1,0,3,2,0,1,0,2,2,1,1,5,2,2,44,5,38,1,114,111,199,6,2,81,20,5,2,24,998,10,0,0,66,11,1464,768,211,183,7,1,2,1,1
53,24,50,231,39,316,2853,11,44,392,66,17,2,383,153,941,5,8,80,39,42,149,12,300,19,42,66,20,52,51,293,33,24,26,3219,945,719,24,3902,11,40,46,316,18,22,4,8,2038,50,31,91,28,75,46,69,128,0,2,3,3,22,1,1,0,90,23,110,0,19,0,1,8,5,7,3,1,0,0,22,2,1,1,35,30,2,0,39,60,6,3,31,1,0,0,0,30,52,3,13,4
36,10,18,154,25,44,466,77,749,1450,339,294,37,467,226,3111,113,84,2738,339,518,360,60,3004,290,120,137,25,138,220,1863,39,148,34,945,3772,1312,204,2342,28,160,126,1627,118,17,7,27,215,24,219,25,3,46,11,23,46,6,5,14,40,71,7,6,5,62,60,351,7,154,18,29,21,45,17,36,2,4,3,62,72,0,15,90,206,13,2,59,305,85,12,147,1,3,3,3,14,39,22,73,56
119,77,140,452,69,198,585,1563,10641,1706,336,853,590,698,413,850,602,302,1616,626,1096,620,114,4820,476,97,1140,757,322,488,1299,72,393,108,719,1312,2549,61,6532,1004,281,291,1123,365,26,42,76,1294,91,448,65,33,108,23,62,127,151,225,62,1819,72,17,39,80,127,61,271,93,170,299,125,37,126,151,52,3,13,3,56,56,1,91,109,153,30,1,172,245,66,16,124,20,11,3,5,43,46,21,52,49
10,1,3,23,1,4,31,311,452,152,56,670,49,176,92,91,9,9,258,4827,19,599,985,119,1987,7046,542,133,51,180,194,1329,3574,491,24,204,61,6764,32,38,46,76,278,5563,3617,87,578,8,4,143,1,0,5,0,3,4,2,2,1,12,5,2,24,5,9,9,8,1,10,56,7,81,11,328,5,42,112,4,4,10,10,138,10,9,132,9,3,8,4,219,2,8,276,5,15,1,3,2,8,4
136,28,66,247,105,256,522,39,196,1245,198,95,8,1151,379,720,20,19,227,30,360,477,42,2786,50,89,1581,420,225,345,489,61,58,120,3902,2342,6532,32,17616,925,174,174,787,385,16,10,61,5376,237,258,38,10,39,19,35,59,1,2,4,12,64,2,0,1,107,58,329,1,107,3,14,33,16,4,14,1,4,3,70,36,1,3,101,127,2,2,68,212,47,3,128,9,10,3,0,19,54,21,49,18
3,0,5,1,1,10,3,4,90,21,9,7,0,12,4,8,2,2,26,13,5,315,80,186,90,276,7489,13535,39,15,13,254,34,8002,11,28,1004,38,925,41178,14,5,13,9328,39,733,1043,119,10,4,0,2,0,2,7,5,0,0,1,3,2,0,2,0,1,2,1,0,1,0,1,25,11,31,2,57,126,379,5,0,38,5,6,0,5,802,27,1,1,29,17,2740,603,186,123,15,0,2,0,4
435,362,944,502,92,99,117,47,26,19033,43,166,106,1427,407,139,41,20,97,70,213,30904,59,37,29,55,41,213,26418,11693,156,190,563,33,40,160,281,46,174,14,81432,13165,703,37,65,86,140,15,34,2018,10,11,12,8,5,12,1,4,4,5,21,0,3,0,19,11,61,1,42,2,2,4,9,6,4,1,2,0,7,7,0,6,20,28,1,1,17,66,16,4,24,0,3,0,1,1,3,4,14,8
120,249,440,511,31,60,127,88,40,13728,95,489,209,904,658,157,139,54,110,118,839,2391,141,30,65,108,60,43,1042,6734,366,393,1087,37,46,126,291,76,174,5,13165,16662,1435,79,100,94,298,32,21,9463,4,4,3,4,1,10,0,0,2,9,12,1,2,1,9,6,40,0,33,1,3,7,11,3,7,1,1,1,7,7,2,1,11,14,5,0,9,43,7,2,22,0,4,0,0,3,5,3,6,5
114,56,28,2139,66,83,189,636,160,3076,266,472,557,4933,8996,6926,309,281,1640,687,2013,1162,81,154,104,228,68,62,497,1917,12340,307,1019,113,316,1627,1123,278,787,13,703,1435,29113,40,340,19,79,117,53,11818,66,17,41,19,45,99,6,2,7,18,37,1,3,0,89,37,159,7,85,12,8,20,9,25,10,4,2,3,39,14,1,10,45,59,4,1,55,90,12,14,70,4,16,0,4,11,58,13,21,12
1,1,1,10,3,14,23,47,479,270,80,262,22,38,25,36,15,4,87,423,30,1804,1293,444,1610,12173,9965,716,63,117,29,2122,1284,6425,18,118,365,5563,385,9328,37,79,40,26822,264,695,2279,125,13,35,2,1,3,3,4,6,0,2,0,7,6,3,7,0,5,6,6,0,7,16,4,108,13,150,3,458,309,44,3,3,168,125,5,6,116,346,3,5,1,353,3,429,1280,50,232,2,1,3,3,4
8,1,3,21,8,3,31,261,144,125,38,493,80,279,177,74,9,8,57,2278,18,400,583,22,267,4385,424,149,83,312,268,7186,9332,640,22,17,26,3617,16,39,65,100,340,264,8026,41,472,6,15,288,0,0,4,1,0,2,1,1,0,9,2,0,6,1,4,6,4,1,8,28,0,35,2,136,0,38,83,0,1,4,5,65,2,5,76,4,1,1,2,127,2,1,174,0,9,2,0,0,0,1
3,0,9,6,2,1,2,110,152,508,253,352,33,22,10,2,45,6,19,63,24,6170,3374,17,92,533,255,22125,383,72,14,946,367,3310,4,7,42,87,10,733,86,94,19,695,41,10331,16015,2,1,21,0,0,0,0,0,0,1,0,0,6,1,0,0,0,0,0,1,0,0,1,0,6,2,10,0,19,11,9,0,0,10,3,0,0,2,65,3,0,0,10,0,58,82,3,18,0,0,0,1,0
3,0,4,9,1,1,13,106,238,1031,224,456,56,100,25,27,66,23,46,236,119,2791,6093,79,419,2686,1203,10378,234,319,48,17350,6226,19839,8,27,76,578,61,1043,140,298,79,2279,472,16015,45146,8,8,160,0,0,1,0,0,1,0,3,1,8,2,0,5,0,0,2,3,0,8,4,2,33,5,40,2,139,105,43,2,3,52,31,2,1,42,381,4,2,3,95,3,436,581,54,106,4,0,1,2,1
58,43,137,344,375,4534,2122,2,59,262,54,9,2,215,67,255,0,1,26,10,18,72,18,508,18,24,328,37,29,30,45,20,28,24,2038,215,1294,8,5376,119,15,32,117,125,6,2,8,6465,551,20,59,75,49,95,177,240,0,0,0,2,1,0,0,0,56,6,18,1,10,0,1,3,3,2,4,2,1,0,7,2,0,1,9,7,0,2,11,17,0,3,9,0,7,0,0,70,18,2,1,1
1999,54,360,162,4061,3268,291,5,8,31,3,2,2,14791,64,83,0,0,7,8,2,35,1,19,7,10,33,10,6280,1927,9,22,19,5,50,24,91,4,237,10,34,21,53,13,15,1,8,551,9896,7,11,10,13,17,23,14,0,0,0,0,1,0,0,1,15,6,20,0,2,1,1,3,0,0,1,0,1,0,5,0,0,0,11,9,0,0,4,13,0,0,17,0,0,0,0,9,14,2,3,1
10,15,20,101,7,4,13,487,72,7309,103,446,691,1901,5580,312,216,129,252,465,2411,1004,94,31,124,118,60,25,580,4708,2122,592,2314,48,31,219,448,143,258,4,2018,9463,11818,35,288,21,160,20,7,19526,6,2,3,0,7,7,0,0,1,8,7,3,1,1,19,13,39,1,22,14,1,2,4,14,4,3,0,0,6,4,1,8,23,13,6,0,22,38,4,14,15,1,5,0,0,4,6,4,8,1
90,73,1158,465,63,364,265,2,4,16,6,1,0,156,64,160,0,1,4,6,1,10,2,1,2,0,3,0,14,15,30,0,0,0,91,25,65,1,38,0,10,4,66,2,0,0,0,59,11,6,30202,16940,3431,14774,7790,2327,10,3,2,23,180,7,6,12,11035,185,213,2,15,38,18,185,26,26,4,22,8,36,1088,4,1,40,441,23,71,15,92,185,5,114,285,7,27,14,8,260,9351,200,269,24
157,53,2819,370,155,231,285,3,1,8,2,0,0,68,21,74,0,0,6,2,0,25,0,1,1,0,2,0,9,13,8,0,2,0,28,3,33,0,10,2,11,4,17,1,0,0,0,75,10,2,16940,102568,21018,21352,2810,11066,8,3,3,5,382,14,5,2,13569,174,68,0,13,16,11,1200,11,11,4,15,6,140,2418,2,4,20,2186,11,28,50,41,73,15,37,63,24,24,140,33,247,1424,1370,1132,60
62,58,143,360,35,100,229,12,24,22,11,5,2,132,53,131,5,4,29,17,5,27,1,12,24,7,4,0,12,13,30,2,4,0,75,46,108,5,39,0,12,3,41,3,4,0,1,49,13,3,3431,21018,35505,1633,2325,10989,98,48,33,121,987,44,54,51,23851,4908,5108,25,152,610,91,876,134,296,44,78,58,58,1361,88,22,180,2697,452,454,47,389,659,54,947,364,9,130,29,28,409,1728,733,1519,227
166,66,4793,471,188,1937,653,2,1,10,1,0,0,63,12,66,0,0,0,1,0,29,0,0,0,0,4,1,11,3,11,0,1,0,46,11,23,0,19,2,8,4,19,3,1,0,0,95,17,0,14774,21352,1633,53054,15357,26709,3,2,2,1,149,5,4,2,678,37,47,0,5,4,8,336,13,6,1,5,6,48,1230,0,0,2,684,5,10,24,28,62,4,6,118,18,9,43,14,914,1295,414,323,22
72,87,410,617,52,393,565,3,9,22,1,0,0,111,37,111,1,0,9,1,2,18,0,4,0,4,4,1,15,9,19,0,0,1,69,23,62,3,35,7,5,1,45,4,0,0,0,177,23,7,7790,2810,2325,15357,23003,7103,0,3,8,20,270,20,6,0,2945,54,264,2,21,21,27,152,224,167,9,7,104,68,310,3,4,16,256,16,5,18,245,1479,17,39,1289,125,176,17,10,4557,4520,203,244,54
124,182,554,1169,78,486,992,4,14,37,13,5,2,247,81,233,1,2,18,8,7,27,2,11,11,6,11,1,17,10,63,1,2,0,128,46,127,4,59,5,12,10,99,6,2,0,1,240,14,7,2327,11066,10989,26709,7103,19236,11,14,13,72,1333,67,32,6,4567,288,1869,4,99,187,75,810,131,169,34,36,33,33,778,23,9,62,1114,58,117,23,287,944,40,361,765,11,77,33,28,1567,609,741,1256,235
0,0,0,0,1,1,3,123,274,4,3,11,22,2,1,3,7,3,18,75,5,6,0,25,25,0,1,0,1,0,9,1,11,0,0,6,151,2,1,0,1,0,6,0,1,1,0,0,0,0,10,8,98,3,0,11,3548,8645,1047,702,30,45,187,2684,217,294,598,415,162,2570,85,145,31,98,64,8,78,1,29,781,6,599,87,644,218,6,489,5,177,76,3,3,11,5,12,2,15,19,44,15
0,0,0,0,0,0,1,150,441,5,1,16,36,1,0,3,13,13,31,27,8,9,2,28,14,3,3,0,2,0,7,0,8,1,2,5,225,2,2,0,4,0,2,2,1,0,3,0,0,0,3,3,48,2,3,14,8645,14285,4598,3392,102,307,645,3722,52,75,707,4715,467,2306,435,934,60,133,61,27,41,3,8,679,18,803,30,323,568,20,659,10,59,233,6,7,45,63,58,1,4,9,20,12
0,0,0,2,0,0,0,57,175,15,12,13,11,2,2,4,20,17,55,8,16,6,0,14,7,0,2,0,0,3,18,1,3,0,3,14,62,1,4,1,4,2,7,0,0,0,1,0,0,1,2,3,33,2,8,13,1047,4598,3763,2077,515,640,309,992,37,54,603,2922,754,459,445,837,71,36,132,31,15,11,10,1262,27,408,22,260,284,9,418,16,88,78,20,6,52,79,62,2,7,23,33,18
0,0,1,4,0,0,5,1080,4122,45,23,71,227,7,0,10,88,45,154,346,53,39,20,654,228,12,21,1,4,5,51,7,82,3,3,40,1819,12,12,3,5,9,18,7,9,6,8,2,0,8,23,5,121,1,20,72,702,3392,2077,39639,453,749,1175,1143,103,58,464,1575,4857,4676,1991,1323,8414,6831,236,62,2309,24,48,225,30,598,90,112,171,37,12852,274,68,242,61,40,471,83,114,23,37,49,102,46
6,2,7,13,0,4,13,31,90,52,18,11,1,40,9,42,12,11,148,12,24,44,2,41,12,8,2,0,20,15,58,2,5,2,22,71,72,5,64,2,21,12,37,6,2,1,2,1,1,7,180,382,987,149,270,1333,30,102,515,453,35955,4701,1504,51,486,1058,2986,114,1262,117,6519,3059,200,96,558,193,83,209,376,578,122,195,493,551,156,232,975,721,555,310,496,28,333,555,455,107,74,13615,12305,2949
0,0,1,1,0,0,1,10,41,6,2,2,2,2,1,4,4,5,17,8,1,1,1,5,4,1,5,1,0,1,9,1,3,0,1,7,17,2,2,0,0,1,1,3,0,0,0,0,0,3,7,14,44,5,20,67,45,307,640,749,4701,6028,5758,107,24,97,556,293,504,113,5699,6939,52,73,478,64,44,27,11,500,15,192,46,138,63,43,203,45,186,120,21,7,143,214,174,8,6,124,248,238
0,0,0,1,0,0,0,26,96,5,2,18,15,4,3,3,4,3,12,187,4,17,7,5,173,9,21,0,2,5,5,4,44,1,1,6,39,24,0,2,3,2,3,7,6,0,5,0,0,1,6,5,54,4,6,32,187,645,309,1175,1504,5758,14409,5726,40,209,340,3214,196,1704,5395,6234,52,1265,927,152,375,55,30,1453,141,6190,114,299,563,133,198,39,559,741,8,13,404,344,546,3,5,35,213,308
0,0,0,0,0,0,2,59,125,3,2,10,13,1,0,3,5,4,14,44,4,5,1,8,25,1,0,0,0,1,5,1,9,0,0,5,80,5,1,0,0,1,0,0,1,0,0,0,1,1,12,2,51,2,0,6,2684,3722,992,1143,51,107,5726,15363,137,267,544,5586,106,854,1154,331,41,208,232,12,99,7,20,1518,26,2703,94,564,129,17,258,10,275,40,4,0,19,17,39,3,22,6,50,46
66,63,140,377,56,105,217,6,25,59,6,1,4,229,100,163,1,1,30,32,9,32,2,10,27,4,5,0,22,32,63,3,11,2,90,62,127,9,107,1,19,9,89,5,4,0,0,56,15,19,11035,13569,23851,678,2945,4567,217,52,37,103,486,24,40,137,60415,13394,790,29,84,346,46,685,72,130,49,346,37,103,6412,54,95,542,18628,641,1108,139,434,337,380,829,586,20,104,61,94,414,11415,636,1244,351
25,18,35,74,16,21,34,9,24,44,12,6,2,118,32,68,4,1,31,42,7,36,4,7,44,6,5,1,20,18,35,1,11,2,23,60,61,9,58,2,11,6,37,6,6,0,2,6,6,13,185,174,4908,37,54,288,294,75,54,58,1058,97,209,267,13394,29018,1934,96,149,439,359,755,36,175,479,394,57,143,1389,173,286,1024,7176,3318,1156,359,379,251,4821,762,263,28,146,154,368,79,458,710,5116,9164
50,31,63,174,42,41,95,44,116,186,35,20,8,281,98,307,23,24,356,34,79,188,1,56,18,11,2,9,95,106,221,3,18,1,110,351,271,8,329,1,61,40,159,6,4,1,3,18,20,39,213,68,5108,47,264,1869,598,707,603,464,2986,556,340,544,790,1934,16961,791,1926,863,874,797,104,286,955,61,42,22,391,2497,48,605,714,4285,538,39,1615,1277,774,549,1030,11,80,41,90,357,227,329,1027,506
0,0,0,0,0,0,1,62,176,14,4,15,13,0,0,0,23,16,36,5,17,6,2,13,6,0,1,0,0,1,15,0,5,1,0,7,93,1,1,0,1,0,7,0,1,0,0,1,0,1,2,0,25,0,2,4,415,4715,2922,1575,114,293,3214,5586,29,96,791,10089,430,143,4968,436,73,50,1316,17,25,4,9,5921,17,686,26,459,65,11,484,24,272,33,11,2,25,22,56,1,6,4,21,47
3,0,2,11,1,3,8,101,344,167,32,45,12,26,11,73,49,64,411,54,96,99,10,87,47,9,9,5,33,59,204,3,19,5,19,154,170,10,107,1,42,33,85,7,8,0,8,10,2,22,15,13,152,5,21,99,162,467,754,4857,1262,504,196,106,84,149,1926,430,5805,1181,1349,534,1130,1189,656,34,240,12,110,313,13,187,213,218,105,14,2242,1554,292,245,387,21,183,31,25,43,30,128,384,273
0,0,0,2,0,1,4,201,638,13,8,63,93,19,8,12,9,0,23,992,2,55,28,33,576,10,78,1,3,3,13,6,244,2,0,18,299,56,3,0,2,1,12,16,28,1,4,0,1,14,38,16,610,4,21,187,2570,2306,459,4676,117,113,1704,854,346,439,863,143,1181,22767,108,774,127,2970,81,96,714,15,42,344,83,3938,116,555,3370,80,538,71,157,3119,21,13,313,33,109,7,46,20,84,52
0,0,1,0,1,2,2,53,175,29,7,15,5,3,0,12,18,17,98,11,15,20,0,28,11,5,3,1,6,6,28,1,0,2,1,29,125,7,14,1,2,3,8,4,0,0,2,1,1,1,18,11,91,8,27,75,85,435,445,1991,6519,5699,5395,1154,46,359,874,4968,1349,108,13019,1947,269,88,4056,98,69,66,61,2912,74,459,230,327,81,106,1203,329,1485,160,95,15,165,326,416,18,8,252,1194,3776
3,2,18,11,2,5,15,20,78,15,3,21,5,17,4,19,3,4,44,104,10,29,33,15,186,115,113,7,8,9,21,53,63,44,8,21,37,81,33,25,4,7,20,108,35,6,33,3,3,2,185,1200,876,336,152,810,145,934,837,1323,3059,6939,6234,331,685,755,797,436,534,774,1947,33974,99,1183,472,2237,914,1318,3731,599,497,5895,2018,369,1272,1603,321,135,461,2929,154,397,4619,6635,7495,62,74,4073,1806,605
1,2,1,10,2,3,6,41,184,37,11,14,5,19,4,14,12,20,110,40,13,26,2,34,28,15,8,1,7,7,40,7,6,5,5,45,126,11,16,11,9,11,9,13,2,2,5,3,0,4,26,11,134,13,224,131,31,60,71,8414,200,52,52,41,72,36,104,73,1130,127,269,99,6864,2562,102,30,813,55,43,55,16,69,72,23,21,25,3619,1972,60,97,1227,326,667,9,34,467,90,24,81,85
1,1,0,7,1,0,4,63,466,9,15,124,45,39,10,12,3,2,33,1151,3,84,111,30,1472,111,318,5,7,20,21,86,381,38,7,17,151,328,4,31,6,3,25,150,136,10,40,2,0,14,26,11,296,6,167,169,98,133,36,6831,96,73,1265,208,130,175,286,50,1189,2970,88,1183,2562,14138,58,102,10999,197,33,104,89,2689,62,103,537,141,791,432,83,817,347,1637,3502,65,202,436,93,14,65,46
0,1,0,3,1,0,1,28,95,33,9,5,2,8,1,12,13,9,111,20,13,18,1,28,4,6,1,1,8,8,40,2,6,1,3,36,52,5,14,2,4,7,10,3,0,0,2,4,1,4,4,4,44,1,9,34,64,61,132,236,558,478,927,232,49,479,955,1316,656,81,4056,472,102,58,2906,84,24,37,44,4944,105,497,150,903,150,83,696,339,2875,90,106,4,58,117,266,10,4,82,482,1616
0,0,0,0,0,0,0,5,13,9,3,11,2,2,0,3,0,0,2,21,1,52,44,5,53,498,199,9,1,5,3,222,41,114,1,2,3,42,1,57,1,1,4,458,38,19,139,2,0,3,22,15,78,5,7,36,8,27,31,62,193,64,152,12,346,394,61,17,34,96,98,2237,30,102,84,23072,814,52,235,75,4634,2151,461,165,6320,6170,35,17,175,3550,15,179,4641,386,1934,24,61,61,355,251
0,1,0,2,0,1,2,5,30,9,4,21,6,7,0,2,0,1,8,61,0,36,64,12,152,312,256,9,1,2,6,127,84,111,0,4,13,112,4,126,2,1,2,309,83,11,105,1,1,0,8,6,58,6,104,33,78,41,15,2309,83,44,375,99,37,57,42,25,240,714,69,914,813,10999,24,814,12644,821,23,39,320,1258,54,31,607,420,602,153,29,1011,525,7566,12567,112,456,363,91,15,51,42
1,0,2,0,0,2,0,0,1,3,0,1,0,4,1,2,0,0,0,4,0,3,3,0,3,9,17,89,0,1,2,4,1,199,0,3,3,4,3,379,0,1,3,44,0,9,43,0,0,0,36,140,58,48,68,33,1,3,11,24,209,27,55,7,103,143,22,4,12,15,66,1318,55,197,37,52,821,43217,2970,13,46,70,583,27,25,11212,471,21,54,44,272,15827,904,16139,882,196,66,468,413,153
15,13,106,54,6,21,23,5,10,31,3,1,3,65,25,63,2,3,41,14,10,30,1,11,15,5,3,2,15,23,39,1,4,6,22,62,56,4,70,5,7,7,39,3,1,0,2,7,5,6,1088,2418,1361,1230,310,778,29,8,10,48,376,11,30,20,6412,1389,391,9,110,42,61,3731,43,33,44,235,23,2970,120797,27,73,158,25383,181,222,569,419,222,213,177,312,298,168,1556,305,103,11383,18233,3639,334
1,1,0,0,0,0,2,26,67,43,11,16,4,9,4,19,13,11,132,27,16,29,0,17,24,4,3,0,9,15,41,2,10,2,2,72,56,10,36,0,7,7,14,3,4,0,3,2,0,4,4,2,88,0,3,23,781,679,1262,225,578,500,1453,1518,54,173,2497,5921,313,344,2912,599,55,104,4944,75,39,13,27,9536,111,1448,51,2563,547,64,422,151,1291,127,60,2,46,41,227,7,6,28,86,67
0,0,0,0,0,0,0,1,2,1,0,2,0,0,0,1,0,0,0,15,0,16,11,2,14,188,60,4,0,0,1,82,18,81,1,0,1,10,1,38,0,2,1,168,5,10,52,0,0,1,1,4,22,0,4,9,6,18,27,30,122,15,141,26,95,286,48,17,13,83,74,497,16,89,105,4634,320,46,73,111,11029,3082,218,134,3760,4619,22,5,208,754,9,147,1990,138,5466,6,11,31,251,209
0,0,0,1,0,1,1,61,318,13,3,60,39,7,5,2,5,3,26,656,3,42,57,21,637,134,170,7,3,11,12,75,205,20,1,15,91,138,3,5,6,1,10,125,65,3,31,1,0,8,40,20,180,2,16,62,599,803,408,598,195,192,6190,2703,542,1024,605,686,187,3938,459,5895,69,2689,497,2151,1258,70,158,1448,3082,31973,634,995,17923,739,191,37,1024,4841,30,46,3116,306,4420,12,64,70,400,411
17,11,54,42,18,14,30,12,33,60,6,13,1,98,36,80,1,7,91,24,23,33,5,17,38,5,4,2,27,29,61,2,9,5,35,90,109,10,101,6,20,11,45,5,2,0,2,9,11,23,441,2186,2697,684,256,1114,87,30,22,90,493,46,114,94,18628,7176,714,26,213,116,230,2018,72,62,150,461,54,583,25383,51,218,634,43066,840,701,456,682,357,1086,360,461,76,133,461,300,100,1577,6530,13891,1564
16,4,11,33,17,8,19,7,33,78,18,9,3,125,20,91,5,2,117,38,23,123,3,10,15,2,8,1,50,57,73,4,6,2,30,206,153,9,127,0,28,14,59,6,5,0,1,7,9,13,23,11,452,5,16,58,644,323,260,112,551,138,299,564,641,3318,4285,459,218,555,327,369,23,103,903,165,31,27,181,2563,134,995,840,6406,1124,111,926,319,1459,572,337,4,58,35,184,42,60,157,750,633
0,0,2,1,0,0,1,34,212,12,8,46,18,10,10,2,5,6,19,517,5,41,37,25,458,177,190,2,3,7,13,77,176,24,2,13,30,132,2,5,1,5,4,116,76,2,42,0,0,6,71,28,454,10,5,117,218,568,284,171,156,63,563,129,1108,1156,538,65,105,3370,81,1272,21,537,150,6320,607,25,222,547,3760,17923,701,1124,16721,982,59,32,491,3987,10,22,1123,62,819,4,115,90,385,265
0,0,3,0,0,1,0,0,2,0,0,1,0,2,0,1,0,0,3,4,3,34,14,1,12,124,87,162,0,0,0,73,13,998,0,2,1,9,2,802,1,0,1,346,4,65,381,2,0,0,15,50,47,24,18,23,6,20,9,37,232,43,133,17,139,359,39,11,14,80,106,1603,25,141,83,6170,420,11212,569,64,4619,739,456,111,982,31281,47,14,171,653,39,3694,6955,10229,4582,27,23,208,452,292
10,5,12,42,2,17,21,96,240,56,14,13,30,54,33,83,10,14,81,27,32,36,0,35,17,3,7,2,23,24,68,2,5,10,39,59,172,3,68,27,17,9,55,3,1,3,4,11,4,22,92,41,389,28,245,287,489,659,418,12852,975,203,198,258,434,379,1615,484,2242,538,1203,321,3619,791,696,35,602,471,419,422,22,191,682,926,59,47,2154,2775,695,49,3982,976,362,46,45,946,218,252,725,586
25,15,24,73,10,19,42,34,74,152,18,11,5,144,43,177,5,16,331,35,55,173,0,49,8,7,6,4,64,79,171,4,14,0,60,305,245,8,212,1,66,43,90,5,1,0,2,17,13,38,185,73,659,62,1479,944,5,10,16,274,721,45,39,10,337,251,1277,24,1554,71,329,135,1972,432,339,17,153,21,222,151,5,37,357,319,32,14,2775,6825,344,69,5495,58,165,8,16,2616,193,145,412,322
2,1,0,3,3,1,2,6,27,38,14,5,1,22,5,26,2,4,82,48,5,45,1,21,23,2,2,0,11,21,25,4,7,0,6,85,66,4,47,1,16,7,12,1,2,0,3,0,0,4,5,15,54,4,17,40,177,59,88,68,555,186,559,275,380,4821,774,272,292,157,1485,461,60,83,2875,175,29,54,213,1291,208,1024,1086,1459,491,171,695,344,10852,176,174,12,81,128,460,14,27,174,1756,4518
0,0,1,5,3,1,2,12,184,9,7,70,18,15,14,8,2,2,14,446,2,54,116,32,680,388,390,21,6,24,14,184,217,66,3,12,16,219,3,29,4,2,14,353,127,10,95,3,0,14,114,37,947,6,39,361,76,233,78,242,310,120,741,40,829,762,549,33,245,3119,160,2929,97,817,90,3550,1011,44,177,127,754,4841,360,572,3987,653,49,69,176,13350,41,98,7824,156,806,24,134,90,315,193
17,6,20,32,11,15,23,6,17,79,18,6,0,151,34,114,0,3,87,7,15,78,1,12,1,7,7,2,41,35,64,1,3,11,31,147,124,2,128,17,24,22,70,3,2,0,3,9,17,15,285,63,364,118,1289,765,3,6,20,61,496,21,8,4,586,263,1030,11,387,21,95,154,1227,347,106,15,525,272,312,60,9,30,461,337,10,39,3982,5495,174,41,10096,848,509,25,20,7427,618,105,337,166
0,0,2,2,0,0,0,0,1,2,0,0,0,1,0,0,0,0,2,2,1,30,10,4,6,108,150,419,1,1,0,74,10,1464,1,1,20,8,9,2740,0,0,4,429,1,58,436,0,0,1,7,24,9,18,125,11,3,7,6,40,28,7,13,0,20,28,11,2,21,13,15,397,326,1637,4,179,7566,15827,298,2,147,46,76,4,22,3694,976,58,12,98,848,31666,9451,1669,812,536,115,53,43,19
0,1,2,1,0,0,2,7,79,33,10,51,6,12,6,4,0,2,13,176,5,146,174,32,521,1153,719,94,12,5,6,619,220,768,0,3,11,276,10,603,3,4,16,1280,174,82,581,7,0,5,27,24,130,9,176,77,11,45,52,471,333,143,404,19,104,146,80,25,183,313,165,4619,667,3502,58,4641,12567,904,168,46,1990,3116,133,58,1123,6955,362,165,81,7824,509,9451,25634,900,2823,424,106,71,219,123
0,0,3,1,0,2,0,0,5,2,0,0,1,1,2,1,1,0,2,4,0,2,1,2,5,12,11,25,0,0,1,11,5,211,0,3,3,5,3,186,0,0,0,50,0,3,54,0,0,0,14,140,29,43,17,33,5,63,79,83,555,214,344,17,61,154,41,22,31,33,326,6635,9,65,117,386,112,16139,1556,41,138,306,461,35,62,10229,46,8,128,156,25,1669,900,15189,5921,11,13,472,464,258
0,0,1,0,0,0,0,3,11,6,0,3,1,2,0,1,0,2,5,18,2,19,18,2,26,182,62,18,2,2,4,77,21,183,0,3,5,15,0,123,1,0,4,232,9,18,106,0,0,0,8,33,28,14,10,28,12,58,62,114,455,174,546,39,94,368,90,56,25,109,416,7495,34,202,266,1934,456,882,305,227,5466,4420,300,184,819,4582,45,16,460,806,20,812,2823,5921,17086,13,20,136,455,420
17,18,68,121,13,110,135,1,4,7,3,2,0,31,13,34,0,0,7,1,2,8,1,3,0,3,6,3,4,3,11,2,1,7,30,14,43,1,19,15,1,3,11,2,2,0,4,70,9,4,260,247,409,914,4557,1567,2,1,2,23,107,8,3,3,414,79,357,1,43,7,18,62,467,436,10,24,363,196,103,7,6,12,100,42,4,27,946,2616,14,24,7427,536,424,11,13,6909,744,27,82,19
23,27,101,105,25,52,72,2,5,20,7,0,0,95,43,80,0,2,12,5,2,9,2,5,2,2,1,0,11,10,23,1,3,1,52,39,46,3,54,0,3,5,58,1,0,0,0,18,14,6,9351,1424,1728,1295,4520,609,15,4,7,37,74,6,5,22,11415,458,227,6,30,46,8,74,90,93,4,61,91,66,11383,6,11,64,1577,60,115,23,218,193,27,134,618,115,106,13,20,744,27754,49,86,25
0,3,18,8,1,4,6,6,11,14,2,0,0,13,5,15,1,2,31,4,1,11,0,4,6,2,1,0,11,2,13,1,1,2,3,22,21,2,21,2,4,3,13,3,0,0,1,2,2,4,200,1370,733,414,203,741,19,9,23,49,13615,124,35,6,636,710,329,4,128,20,252,4073,24,14,82,61,15,468,18233,28,31,70,6530,157,90,208,252,145,174,90,105,53,71,472,136,27,49,35322,6788,711
4,3,16,15,5,11,12,14,40,35,6,7,0,34,15,57,3,13,72,29,12,34,1,17,23,7,6,2,15,20,48,1,7,1,13,73,52,8,49,0,14,6,21,3,0,1,2,1,3,8,269,1132,1519,323,244,1256,44,20,33,102,12305,248,213,50,1244,5116,1027,21,384,84,1194,1806,81,65,482,355,51,413,3639,86,251,400,13891,750,385,452,725,412,1756,315,337,43,219,464,455,82,86,6788,22616,9608
2,0,1,6,0,2,3,6,28,25,5,4,0,15,4,20,2,4,55,10,6,29,1,16,13,7,1,0,11,13,15,1,6,1,4,56,49,4,18,4,8,5,12,4,1,0,1,1,1,1,24,60,227,22,54,235,15,12,18,46,2949,238,308,46,351,9164,506,47,273,52,3776,605,85,46,1616,251,42,153,334,67,209,411,1564,633,265,292,586,322,4518,193,166,19,123,258,420,19,25,711,9608,12962
