32631,4441,8979,1206,15263,3828,810,0,0,438,3,0,0,25259,347,48,1,1,0,0,0,71,0,0,0,0,0,0,43,68,0,0,0,0,18,1,7,0,10,0,9,257,0,0,0,0,0,42,171,20,0,0,0,23,2,10,0,0,0,0,0,0,0,0,0,0,0,0,0,0,0,0,0,0,0,0,0,0,0,0,0,0,0,0,0,0,0,0,0,0,0,0,0,0,0,0,0,0,0,0
4441,11352,4805,6234,1102,2566,604,0,0,1052,3,0,0,3171,2470,181,0,0,0,0,0,103,1,9,0,0,0,0,38,30,3,0,1,0,76,2,26,0,66,0,30,320,1,0,0,0,0,115,38,43,0,0,0,20,2,10,0,0,0,0,0,0,0,0,0,0,0,0,0,0,0,0,0,0,0,0,0,0,0,0,0,0,0,0,0,0,1,3,0,0,2,0,0,0,0,4,0,0,0,0
8979,4805,6353,2308,4303,4506,2853,0,0,768,5,0,0,732,237,403,0,0,0,1,0,63,0,12,1,0,0,1,28,9,0,0,0,0,149,5,26,0,115,0,27,215,2,0,0,0,0,238,20,15,10,13,1,402,4,2,0,0,0,0,0,0,0,0,2,0,1,0,1,0,0,0,0,0,0,0,0,0,0,0,0,0,0,0,0,0,0,1,0,0,1,0,0,0,0,6,0,0,0,0
1206,6234,2308,48708,566,1762,13190,0,0,2553,25,1,1,2361,14309,7258,0,0,1,0,1,162,0,14,0,0,2,0,71,77,74,0,0,0,224,7,83,1,121,0,80,807,1032,0,0,0,0,208,29,281,0,1,0,22,4,24,0,0,0,0,0,0,0,0,0,0,0,0,0,0,0,0,0,0,0,0,0,0,0,0,0,0,0,0,0,0,1,12,0,0,5,0,0,0,0,8,0,0,0,0
15263,1102,4303,566,34549,28106,560,0,0,285,3,0,1,16482,437,41,0,2,0,0,0,120,0,1,0,0,0,0,140,387,2,0,3,0,13,0,12,0,10,0,25,709,3,0,0,0,0,558,5543,104,0,0,0,7,2,8,0,0,0,0,1,0,0,0,0,0,0,0,0,0,0,0,0,0,0,0,0,0,0,0,0,0,0,0,0,0,0,1,0,0,3,0,0,0,0,1,0,0,0,0
3828,2566,4506,1762,28106,16449,6808,0,1,549,10,0,0,5104,958,1219,0,0,0,0,0,179,0,35,1,0,1,0,94,72,12,1,0,0,486,17,94,0,1060,0,40,358,6,0,1,0,0,6058,4912,26,1,1,1,458,112,87,0,0,0,0,0,0,0,0,0,1,1,0,0,0,0,0,0,0,0,0,0,0,0,0,0,0,0,0,0,0,2,9,0,0,5,0,0,0,0,27,0,0,1,0
810,604,2853,13190,560,6808,21726,0,0,668,2,0,0,296,270,10521,0,0,0,0,3,50,0,32,0,0,0,0,8,6,3,0,0,0,2474,26,100,0,958,0,15,142,2,0,0,0,0,959,13,13,0,0,1,421,117,722,0,0,0,0,0,0,0,0,1,0,0,0,0,0,0,0,0,0,0,0,0,0,0,0,0,0,0,0,0,0,1,5,0,0,7,0,0,0,0,10,0,0,0,0
0,0,0,0,0,0,0,17307,3717,21,1604,585,4313,0,1,396,1450,13054,737,16778,19,689,343,719,49,93,57,21,3,0,330,74,859,19,2,13,1589,327,14,1,0,1,0,124,865,75,116,0,0,2,0,0,0,0,0,0,5,1,2,1,0,1,1,16,0,0,1,0,0,58,0,2,1,9,0,2,9,0,0,0,0,13,0,0,3,3,112,0,0,3,0,0,4,0,1,3,0,0,0,0
0,0,0,0,0,1,0,3717,54243,35,716,478,358,0,0,306,310,357,5871,9253,42,287,263,12640,10876,86,4418,82,2,0,55,104,583,65,43,1211,8545,59,384,324,0,2,7,677,41,42,144,2,0,3,0,0,0,0,0,1,3,1,3,304,0,0,4,16,0,0,2,3,5,140,0,6,4,36,0,11,43,2,0,2,2,26,0,0,9,3,300,0,0,4,0,2,17,1,1,1,0,0,0,0
438,1052,768,2553,285,549,668,21,35,64007,1879,2728,862,1933,3845,2728,1595,1296,173,38,4661,1751,180,124,23,47,17,2,924,756,2306,77,2039,3,542,457,2839,28,1346,1,20468,41336,3425,16,114,3,28,181,143,11873,0,3,1,7,3,9,0,0,0,0,0,0,0,0,0,0,0,1,2,5,0,0,0,0,0,0,2,0,0,0,0,5,0,0,1,0,2,16,0,2,3,0,1,0,1,18,0,0,1,0
3,3,5,25,3,10,2,1604,716,1879,5276,13073,1327,57,221,967,3681,860,580,832,1951,3187,2950,192,112,134,118,37,46,19,2229,150,2049,46,105,328,1670,132,705,6,5,81,814,245,44,203,406,13,16,99,0,0,1,0,2,0,0,1,0,1,0,0,1,1,0,0,1,1,0,20,1,1,1,6,0,5,18,0,0,1,2,9,0,0,3,3,10,2,0,3,0,2,9,0,0,1,0,0,0,0
0,0,0,1,0,0,0,585,478,2728,13073,46976,10853,0,3,28,13179,439,108,1245,3908,787,8846,199,270,206,253,35,5,0,39,214,13993,50,1,13,854,279,23,7,1,30,2,358,113,194,665,0,0,13,0,0,0,0,0,0,2,0,0,2,1,1,0,3,0,1,0,1,0,42,0,1,0,5,0,11,32,0,0,0,2,11,0,0,5,6,44,0,0,8,0,3,17,0,1,0,0,0,0,1
0,0,0,1,1,0,0,4313,358,862,1327,10853,31163,10,2,9,26263,6918,19,2548,140,203,445,27,89,70,132,5,2,9,121,344,17126,10,1,0,464,47,8,2,4,382,0,52,1834,27,84,0,2,345,0,0,0,0,0,0,5,1,2,2,0,0,3,9,0,0,2,1,0,91,0,5,0,23,0,1,48,0,0,2,1,20,0,0,8,1,75,0,0,3,0,0,4,0,1,0,0,0,0,0
25259,3171,732,2361,16482,5104,296,0,0,1933,57,0,10,70101,9315,347,3,20,2,1,0,1026,0,1,1,2,1,0,2443,30224,33,3,20,0,13,8,83,1,41,0,634,17243,147,0,2,0,0,134,22849,9172,1,0,0,5,5,7,0,0,0,0,0,0,0,0,0,0,0,0,0,0,0,0,0,1,0,0,0,0,0,0,0,0,0,0,0,0,0,0,0,0,0,0,0,0,0,1,0,0,0,0
347,2470,237,14309,437,958,270,1,0,3845,221,3,2,9315,33496,5837,3,6,0,2,55,134,0,9,1,1,1,1,103,515,1096,0,4,1,105,13,398,1,103,0,56,1668,4725,1,1,0,0,69,48,13771,0,1,1,3,5,11,0,0,0,0,0,0,0,0,0,1,1,0,0,0,1,0,0,0,0,0,0,0,0,0,0,1,0,0,0,0,1,30,0,1,5,0,0,0,0,21,0,0,0,0
48,181,403,7258,41,1219,10521,396,306,2728,967,28,9,347,5837,22641,164,2715,8995,1888,335,235,29,760,629,51,202,6,24,27,6129,54,62,36,10857,5504,3903,657,5539,3,22,319,6608,253,14,9,39,3249,12,197,0,21,15,21,66,86,0,0,0,0,2,2,3,0,5,5,19,0,2,2,1,2,2,0,0,7,3,0,1,0,4,6,3,0,4,1,43,303,0,1,74,1,4,0,0,281,1,0,2,0
1,0,0,0,0,0,0,1450,310,1595,3681,13179,26263,3,3,164,15800,2130,606,150,16687,191,1015,319,37,35,32,11,0,4,7130,70,2238,5,4,59,1471,47,191,2,5,488,43,53,11,38,170,0,0,1247,0,0,0,0,0,0,0,0,0,1,0,1,1,2,0,0,0,0,0,9,0,0,0,2,0,3,5,0,0,1,1,5,1,0,2,2,11,1,0,3,0,0,0,0,0,0,0,0,0,0
1,0,0,0,2,0,0,13054,357,1296,860,439,6918,20,6,2715,2130,1922,3136,1242,886,342,111,554,37,110,45,5,5,22,3289,114,602,13,0,40,2432,528,140,0,7,1048,8,52,603,19,31,1,2,1797,0,0,0,0,0,0,0,0,0,0,0,0,2,1,0,0,0,0,0,8,0,2,0,2,0,3,2,0,0,0,1,2,0,0,0,1,3,0,0,2,0,0,4,0,2,0,0,0,0,0
0,0,0,1,0,0,0,737,5871,173,580,108,19,2,0,8995,606,3136,18443,1130,300,205,26,2555,620,14,275,3,1,3,1976,19,83,7,42,3681,4393,31,1842,2,0,9,25,136,8,10,20,5,0,7,0,0,1,0,1,1,0,0,0,1,0,0,0,0,0,0,0,0,246,3,0,0,0,0,0,2,1,0,0,0,1,1,0,0,2,1,2,0,0,0,0,0,1,0,0,0,0,0,0,0
0,0,1,0,0,0,0,16778,9253,38,832,1245,2548,1,2,1888,150,1242,1130,22752,17,958,1216,322,4502,250,3189,39,24,0,339,240,4471,56,14,164,3888,5010,44,18,1,25,15,2212,5865,143,334,1,0,21,0,0,0,0,2,0,34,12,11,24,6,18,29,169,2,9,10,14,5,807,10,19,11,215,2,27,363,0,1,21,6,273,1,0,118,7,571,2,0,66,2,1,45,2,6,3,0,0,1,1
0,0,0,1,0,0,3,19,42,4661,1951,3908,140,0,55,335,16687,886,300,17,23893,77,145,170,10,5,5,1,0,1,7231,17,387,1,26,110,1463,5,381,0,2,459,12844,9,5,4,16,11,0,3541,0,0,0,0,0,0,0,0,0,0,0,0,0,0,0,0,0,0,0,2,0,0,0,0,0,0,1,0,0,0,0,1,0,0,0,0,4,1,0,0,0,0,0,0,0,0,0,0,0,0
71,103,63,162,120,179,50,689,287,1751,3187,787,203,1026,134,235,191,342,205,958,77,12892,2063,40,358,386,356,2057,7799,2027,148,376,618,495,58,96,388,447,153,217,14340,1923,15,1008,238,8309,1642,33,266,118,0,0,0,2,0,3,0,1,0,0,0,0,0,1,0,1,3,1,0,14,0,1,0,6,0,20,13,9,0,3,8,13,0,0,8,9,8,2,0,6,0,17,30,3,9,2,0,1,0,1
0,1,0,0,0,0,0,343,263,180,2950,8846,445,0,0,29,1015,111,26,1216,145,2063,10292,35,481,712,654,328,27,0,37,821,4743,302,2,16,144,846,7,78,1,10,1,1563,319,3530,7292,0,0,16,0,0,0,0,0,0,0,1,0,0,0,2,4,6,0,0,0,3,0,25,1,5,0,12,0,49,44,1,0,1,12,15,0,0,10,14,20,0,0,13,0,6,45,2,8,0,0,0,0,1
0,9,12,14,1,35,32,719,12640,124,192,199,27,1,9,760,319,554,2555,322,170,40,35,6347,1439,23,969,78,0,1,88,29,83,29,828,8129,12434,4,14519,234,0,8,11,258,2,7,28,322,2,7,1,3,1,0,17,14,0,0,0,7,2,0,0,0,4,0,2,0,26,3,0,1,1,2,0,2,3,0,0,0,0,2,0,0,1,1,14,33,0,0,24,3,5,0,1,49,0,0,0,0
0,0,1,0,0,1,0,49,10876,23,112,270,89,1,1,629,37,37,620,4502,10,358,481,1439,23052,144,16421,33,4,1,30,199,1251,101,118,946,1021,202,319,62,0,4,42,3109,169,68,217,9,0,11,0,0,0,0,0,0,1,2,1,9,0,1,7,9,1,1,2,3,0,45,2,10,1,34,0,35,75,1,0,2,17,51,0,0,55,10,48,0,0,40,0,3,58,0,10,1,0,0,3,3
0,0,0,0,0,0,0,93,86,47,134,206,70,2,1,51,35,110,14,250,5,386,712,23,144,16206,1099,165,7,1,173,10967,1788,4887,2,9,58,4034,15,74,0,19,2,8383,2381,162,2580,0,0,55,0,0,0,0,0,1,1,1,1,7,2,8,19,3,0,1,0,3,1,14,8,61,3,64,0,611,215,28,0,0,238,53,1,0,51,174,12,0,1,124,0,63,624,21,165,0,0,0,3,0
0,0,0,2,0,1,0,57,4418,17,118,253,132,1,1,202,32,45,275,3189,5,356,654,969,16421,1099,27187,894,6,0,38,774,1396,864,37,342,991,1543,401,5216,0,5,7,15025,1041,141,1134,4,0,12,0,0,0,0,0,0,0,1,0,3,4,1,7,5,0,1,0,4,0,17,2,21,2,26,1,195,91,28,0,2,79,47,1,0,54,106,8,0,0,75,0,75,293,9,76,0,0,0,2,0
0,0,1,0,0,0,0,21,82,2,37,35,5,0,1,6,11,5,3,39,1,2057,328,78,33,165,894,56946,382,3,7,175,108,9298,0,2,130,146,61,14474,3,1,0,814,18,16335,4552,0,0,2,0,0,0,0,0,0,0,0,0,0,0,0,0,0,0,0,0,0,0,1,0,4,0,2,0,12,27,116,0,0,11,1,0,0,2,115,1,0,0,5,0,307,90,3,15,0,0,0,0,0
43,38,28,71,140,94,8,3,2,924,46,5,2,2443,103,24,0,5,1,24,0,7799,27,0,4,7,6,382,83064,13502,12,1,8,14,7,7,54,10,21,20,17981,3380,4,22,5,715,45,8,6527,153,0,0,0,0,1,0,0,0,0,0,0,0,0,0,0,0,0,0,0,0,0,0,0,0,0,0,0,0,0,0,0,0,0,0,0,0,0,0,0,0,2,0,0,0,0,0,0,0,0,0
68,30,9,77,387,72,6,0,0,756,19,0,9,30224,515,27,4,22,3,0,1,2027,0,1,1,1,0,3,13502,35439,9,1,20,0,6,6,47,0,12,0,13782,32668,13,0,4,4,0,9,2424,2116,0,0,0,0,0,0,0,0,0,0,0,0,0,0,0,0,0,0,0,0,0,0,0,0,0,0,0,0,0,0,0,0,0,0,0,0,0,1,0,0,0,0,0,0,0,0,0,0,0,0
0,3,0,74,2,12,3,330,55,2306,2229,39,121,33,1096,6129,7130,3289,1976,339,7231,148,37,88,30,173,38,7,12,9,17422,139,143,41,70,419,1906,589,503,2,6,364,26066,34,224,7,43,58,3,4872,0,2,1,0,2,3,0,0,0,1,0,1,2,0,0,0,1,0,0,3,0,1,0,2,0,4,1,0,0,1,2,4,0,0,6,2,2,15,0,4,8,1,5,0,0,9,0,0,0,1
0,0,0,0,0,1,0,74,104,77,150,214,344,3,0,54,70,114,19,240,17,376,821,29,199,10967,774,175,1,1,139,31257,9853,2959,5,11,53,950,15,126,0,36,1,2673,3094,244,14389,2,0,76,0,0,0,0,0,0,1,0,0,1,1,0,2,3,0,0,1,2,0,7,1,15,1,18,0,156,68,14,0,1,56,30,0,1,27,72,15,0,0,36,0,36,187,6,55,0,0,0,0,1
0,1,0,0,3,0,0,859,583,2039,2049,13993,17126,20,4,62,2238,602,83,4471,387,618,4743,83,1251,1788,1396,108,8,20,143,9853,24517,184,0,34,447,1863,19,36,5,646,6,1280,4750,334,4175,0,3,367,0,0,0,0,0,1,6,6,4,8,2,4,13,34,0,3,5,5,0,188,4,14,5,75,1,43,108,3,0,6,10,125,1,0,121,7,113,1,1,78,1,5,59,6,19,2,0,1,3,3
0,0,0,0,0,0,0,19,65,3,46,50,10,0,1,36,5,13,7,56,1,495,302,29,101,4887,864,9298,14,0,41,2959,184,39847,4,12,34,696,22,6445,0,2,0,8793,44,2119,14957,2,0,4,0,0,0,0,0,0,0,0,0,0,0,1,0,1,0,1,0,0,1,1,0,12,1,26,0,63,56,217,1,0,55,10,0,0,5,658,4,0,0,13,0,865,459,36,121,0,0,0,0,0
18,76,149,224,13,486,2474,2,43,542,105,1,1,13,105,10857,4,0,42,14,26,58,2,828,118,2,37,0,7,6,70,5,0,4,6395,1866,857,1,10459,0,5,36,18,30,0,0,2,1982,6,43,0,3,1,2,10,8,0,0,0,0,0,0,0,0,2,1,1,0,1,1,0,0,0,0,0,0,0,0,0,0,0,1,0,0,0,0,7,37,0,0,13,0,1,0,0,43,1,0,0,0
1,2,5,7,0,17,26,13,1211,457,328,13,0,8,13,5504,59,40,3681,164,110,96,16,8129,946,9,342,2,7,6,419,11,34,12,1866,16084,2702,22,5846,1,7,16,38,187,1,5,17,144,2,21,0,3,4,0,5,8,0,0,0,0,0,0,0,0,0,0,1,0,186,2,0,0,0,1,0,5,1,0,0,0,0,1,0,0,3,0,1,19,0,2,3,0,0,0,0,19,0,0,0,1
7,26,26,83,12,94,100,1589,8545,2839,1670,854,464,83,398,3903,1471,2432,4393,3888,1463,388,144,12434,1021,58,991,130,54,47,1906,53,447,34,857,2702,2992,43,4838,452,20,260,273,105,24,19,58,732,21,647,1,5,0,0,25,14,1,1,0,19,0,1,6,2,2,1,4,2,7,26,3,6,1,20,1,13,18,1,0,1,2,30,0,0,57,3,31,60,1,18,27,3,21,0,3,59,4,0,1,1
0,0,0,1,0,0,0,327,59,28,132,279,47,1,1,657,47,528,31,5010,5,447,846,4,202,4034,1543,146,10,0,589,950,1863,696,1,22,43,14860,3,54,0,6,2,9663,3152,129,790,0,0,30,0,0,1,0,1,0,1,1,2,5,5,9,25,9,2,7,1,10,0,31,8,49,7,47,0,196,121,4,0,7,54,128,6,0,129,18,17,0,0,119,1,5,206,2,34,0,0,0,7,13
10,66,115,121,10,1060,958,14,384,1346,705,23,8,41,103,5539,191,140,1842,44,381,153,7,14519,319,15,401,61,21,12,503,15,19,22,10459,5846,4838,3,29552,196,8,127,42,146,2,4,16,5421,47,209,1,12,5,2,100,56,0,0,1,0,1,0,1,1,5,1,13,0,8,2,0,1,0,1,0,1,0,1,0,0,0,1,0,0,3,1,33,217,0,0,94,1,2,0,0,309,3,0,0,0
0,0,0,0,0,0,0,1,324,1,6,7,2,0,0,3,2,0,2,18,0,217,78,234,62,74,5216,14474,20,0,2,126,36,6445,0,1,452,54,196,32502,0,1,0,8702,4,834,1620,0,0,1,0,0,0,0,0,0,0,2,0,1,0,1,3,0,0,0,0,0,0,0,2,17,0,22,0,26,137,1083,0,0,35,2,0,0,2,804,10,0,0,1,0,2777,726,27,80,1,0,0,0,0
9,30,27,80,25,40,15,0,0,20468,5,1,4,634,56,22,5,7,0,1,2,14340,1,0,0,0,0,3,17981,13782,6,0,5,0,5,7,20,0,8,0,56636,10646,5,0,0,2,0,3,94,58,0,0,0,0,0,0,0,0,0,0,0,0,0,0,0,0,0,0,0,0,0,0,0,0,0,0,0,0,0,0,0,0,0,0,0,0,0,0,0,0,1,0,0,0,0,0,0,0,0,0
257,320,215,807,709,358,142,1,2,41336,81,30,382,17243,1668,319,488,1048,9,25,459,1923,10,8,4,19,5,1,3380,32668,364,36,646,2,36,16,260,6,127,1,10646,25264,338,4,90,2,0,30,974,9395,0,1,0,1,0,2,0,0,0,0,0,0,0,0,0,0,0,0,0,0,0,0,0,0,0,1,0,0,0,0,0,1,0,0,0,0,0,2,0,2,0,0,4,0,0,1,0,0,0,0
0,1,2,1032,3,6,2,0,7,3425,814,2,0,147,4725,6608,43,8,25,15,12844,15,1,11,42,2,7,0,4,13,26066,1,6,0,18,38,273,2,42,0,5,338,45408,12,2,3,1,11,2,8527,0,1,1,0,2,5,0,0,0,0,0,0,0,0,0,0,1,0,0,0,0,0,0,0,0,0,0,0,0,0,0,0,0,0,0,0,3,12,0,0,1,0,0,0,0,14,0,0,0,0
0,0,0,0,0,0,0,124,677,16,245,358,52,0,1,253,53,52,136,2212,9,1008,1563,258,3109,8383,15025,814,22,0,34,2673,1280,8793,30,187,105,9663,146,8702,0,4,12,58006,122,643,5430,1,0,11,0,0,0,0,1,0,0,3,1,1,8,5,16,2,0,2,0,5,0,27,13,81,5,75,0,551,236,147,0,5,279,87,1,0,89,660,14,1,1,151,0,436,935,58,343,1,0,0,2,2
0,0,0,0,0,1,0,865,41,114,44,113,1834,2,1,14,11,603,8,5865,5,238,319,2,169,2381,1041,18,5,4,224,3094,4750,44,0,1,24,3152,2,4,0,90,2,122,9076,36,138,0,0,176,0,0,0,0,0,0,0,0,0,3,2,2,8,12,1,2,0,3,0,47,3,10,2,47,2,21,47,0,0,3,9,87,0,0,50,2,17,0,0,41,0,0,43,1,4,0,0,0,1,2
0,0,0,0,0,0,0,75,42,3,203,194,27,0,0,9,38,19,10,143,4,8309,3530,7,68,162,141,16335,715,4,7,244,334,2119,0,5,19,129,4,834,2,2,3,643,36,11619,11702,0,0,2,0,0,0,0,0,0,1,0,0,0,0,0,1,0,0,0,0,0,0,0,0,1,0,3,0,8,3,13,0,0,5,2,0,0,2,42,2,0,0,7,0,44,38,0,9,0,0,0,0,0
0,0,0,0,0,0,0,116,144,28,406,665,84,0,0,39,170,31,20,334,16,1642,7292,28,217,2580,1134,4552,45,0,43,14389,4175,14957,2,17,58,790,16,1620,0,0,1,5430,138,11702,47219,0,0,13,0,0,0,0,0,0,0,0,0,1,3,1,3,1,0,0,1,3,0,11,1,25,1,27,0,150,76,102,1,0,84,17,0,0,9,411,12,0,0,31,0,327,403,27,116,0,0,0,1,1
42,115,238,208,558,6058,959,0,2,181,13,0,0,134,69,3249,0,1,5,1,11,33,0,322,9,0,4,0,8,9,58,2,0,2,1982,144,732,0,5421,0,3,30,11,1,0,0,0,8892,708,15,1,6,1,8,62,19,0,0,0,0,0,1,0,0,2,1,3,0,1,0,0,0,0,0,0,0,0,0,0,0,0,0,0,0,0,0,17,107,0,0,77,0,0,0,0,254,2,0,1,0
171,38,20,29,5543,4912,13,0,0,143,16,0,2,22849,48,12,0,2,0,0,0,266,0,2,0,0,0,0,6527,2424,3,0,3,0,6,2,21,0,47,0,94,974,2,0,0,0,0,708,11718,108,0,0,0,0,2,3,0,0,0,0,0,0,0,0,0,0,1,0,0,0,0,0,0,0,0,0,0,0,0,1,0,0,0,0,0,0,1,1,0,0,1,0,0,0,0,13,0,0,0,0
20,43,15,281,104,26,13,2,3,11873,99,13,345,9172,13771,197,1247,1797,7,21,3541,118,16,7,11,55,12,2,153,2116,4872,76,367,4,43,21,647,30,209,1,58,9395,8527,11,176,2,13,15,108,15621,1,0,0,0,0,5,0,0,0,0,0,0,0,0,0,0,0,0,0,0,0,0,0,0,0,2,1,0,0,1,0,2,0,0,1,0,1,7,0,0,0,0,1,0,0,9,0,0,0,1
0,0,10,0,0,1,0,0,0,0,0,0,0,1,0,0,0,0,0,0,0,0,0,1,0,0,0,0,0,0,0,0,0,0,0,0,1,0,1,0,0,0,0,0,0,0,0,1,0,1,46341,20816,1914,13051,22462,777,0,0,2,0,211,10,0,1,26356,675,231,0,5,2,0,60,0,2,0,1,1,0,142,20,0,2,619,1,7,1,38,65,0,10,32,0,0,1,1,51,8115,18,217,45
0,0,13,1,0,1,0,0,0,3,0,0,0,0,1,21,0,0,0,0,0,0,0,3,0,0,0,0,0,0,2,0,0,0,3,3,5,0,12,0,0,1,1,0,0,0,0,6,0,0,20816,32221,8912,11741,7085,4324,0,0,1,0,1638,100,0,1,9427,301,193,2,2,8,3,100,1,1,0,1,3,0,42,13,0,2,231,1,3,0,76,442,2,1,46,0,1,0,0,70,197,98,763,31
0,0,1,0,0,1,1,0,0,1,1,0,0,0,1,15,0,0,1,0,0,0,0,1,0,0,0,0,0,0,1,0,0,0,1,4,0,1,5,0,0,0,1,0,0,0,0,1,0,0,1914,8912,21205,577,1802,4570,1,0,5,1,1179,88,0,2,10285,7236,3790,2,3,42,6,83,19,5,8,2,8,1,137,152,1,2,692,116,18,0,86,330,44,26,50,1,2,1,1,79,414,85,907,69
23,20,402,22,7,458,421,0,0,7,0,0,0,5,3,21,0,0,0,0,0,2,0,0,0,0,0,0,0,0,0,0,0,0,2,0,0,0,2,0,0,1,0,0,0,0,0,8,0,0,13051,11741,577,26804,19122,5705,0,0,0,0,126,3,0,0,1523,46,31,1,0,0,0,11,0,0,0,0,0,0,6,2,0,0,25,1,0,0,12,28,0,1,476,0,0,0,0,54,87,3,65,2
2,2,4,4,2,112,117,0,0,3,2,0,0,5,5,66,0,0,1,2,0,0,0,17,0,0,0,0,1,0,2,0,0,0,10,5,25,1,100,0,0,0,2,1,0,0,0,62,2,0,22462,7085,1802,19122,38231,10487,0,0,4,4,977,98,3,2,5276,595,650,3,16,18,8,106,15,1,3,4,3,0,51,42,1,5,318,8,6,1,283,1066,2,24,2540,0,3,0,3,4784,2088,64,395,40
10,10,2,24,8,87,722,0,1,9,0,0,0,7,11,86,0,0,1,0,0,3,0,14,0,1,0,0,0,0,3,0,1,0,8,8,14,0,56,0,0,2,5,0,0,0,0,19,3,5,777,4324,4570,5705,10487,29442,0,2,8,3,902,93,3,1,1001,371,4048,0,13,35,8,53,31,3,5,3,9,1,31,38,3,8,162,13,7,1,289,1787,3,17,1982,0,8,0,1,126,71,43,467,50
0,0,0,0,0,0,0,5,3,0,0,2,5,0,0,0,0,0,0,34,0,0,0,0,1,1,0,0,0,0,0,1,6,0,0,0,1,1,0,0,0,0,0,0,0,1,0,0,0,0,0,0,1,0,0,0,2086,3637,117,154,12,96,52,2646,3,27,3,8011,2,4469,26,91,48,15,4,8,27,0,0,31,7,1445,6,0,304,8,369,0,7,19,0,1,23,9,17,0,1,1,11,47
0,0,0,0,0,0,0,1,1,0,1,0,1,0,0,0,0,0,0,12,0,1,1,0,2,1,1,0,0,0,0,0,6,0,0,0,1,1,0,2,0,0,0,3,0,0,0,0,0,0,0,0,0,0,0,2,3637,4830,5170,1840,31,503,139,1462,0,13,25,7483,14,4238,60,356,235,33,2,17,36,2,1,109,36,535,2,2,412,11,905,0,1,92,0,1,45,13,62,3,1,0,6,7
0,0,0,0,0,0,0,2,3,0,0,0,2,0,0,0,0,0,0,11,0,0,0,0,1,1,0,0,0,0,0,0,4,0,0,0,0,2,1,0,0,0,0,1,0,0,0,0,0,0,2,1,5,0,4,8,117,5170,5430,3269,489,2463,447,141,11,50,2954,806,3285,3257,680,952,744,79,796,22,77,5,4,6484,45,128,7,16,71,28,3228,41,8,60,107,0,124,45,139,38,4,2,31,35
0,0,0,0,0,0,0,1,304,0,1,2,2,0,0,0,1,0,1,24,0,0,0,7,9,7,3,0,0,0,1,1,8,0,0,0,19,5,0,1,0,0,0,1,3,0,1,0,0,0,0,0,1,0,4,3,154,1840,3269,30644,180,881,341,199,5,17,350,475,4075,6839,418,632,20319,8232,33,37,682,11,4,260,62,225,5,1,108,32,3054,58,4,76,118,11,505,47,146,3,1,2,21,9
0,0,0,0,1,0,0,0,0,0,0,1,0,0,0,2,0,0,0,6,0,0,0,2,0,2,4,0,0,0,0,1,2,0,0,0,0,5,1,0,0,0,0,8,2,0,3,0,0,0,211,1638,1179,126,977,902,12,31,489,180,57576,5403,1884,252,765,1060,2189,824,839,195,7620,1883,503,64,685,87,86,18,355,1318,259,937,1970,199,290,76,1333,823,842,92,561,7,184,133,749,197,95,21912,56300,10269
0,0,0,0,0,0,0,1,0,0,0,1,0,0,0,2,1,0,0,18,0,0,2,0,1,8,1,0,0,0,1,0,4,1,0,0,1,9,0,1,0,0,0,5,2,0,1,1,0,0,10,100,88,3,98,93,96,503,2463,881,5403,10468,9112,1134,35,63,697,2661,684,1234,9222,7864,736,256,134,99,200,24,19,451,242,875,18,8,91,121,894,224,9,167,153,6,503,324,1118,38,4,11,106,77
0,0,0,0,0,0,0,1,4,0,1,0,3,0,0,3,1,2,0,29,0,0,4,0,7,19,7,0,0,0,2,2,13,0,0,0,6,25,1,3,0,0,0,16,8,1,3,0,0,0,0,0,0,0,3,3,52,139,447,341,1884,9112,26805,10562,3,25,79,3979,87,1067,8946,10372,325,531,86,95,416,21,8,143,271,7664,13,1,187,124,277,7,27,304,6,6,806,225,1777,0,0,1,97,96
0,0,0,0,0,0,0,16,16,0,1,3,9,0,0,0,2,1,0,169,0,1,6,0,9,3,5,0,0,0,0,3,34,1,0,0,2,9,1,0,0,0,0,2,12,0,1,0,0,0,1,1,2,0,2,1,2646,1462,141,199,252,1134,10562,25900,10,34,33,15482,16,3463,1187,368,53,410,18,18,556,2,1,79,37,8709,25,0,124,18,160,2,11,14,2,0,75,24,105,1,1,7,66,106
0,0,2,0,0,0,1,0,0,0,0,0,0,0,0,5,0,0,0,2,0,0,0,4,1,0,0,0,0,0,0,0,0,0,2,0,2,2,5,0,0,0,0,0,1,0,0,2,0,0,26356,9427,10285,1523,5276,1001,3,0,11,5,765,35,3,10,47917,16485,1710,29,31,43,13,302,20,5,14,50,23,0,3171,270,17,99,19522,30,150,4,195,259,45,61,173,0,10,3,12,333,17442,115,2253,1066
0,0,0,0,0,1,0,0,0,0,0,1,0,0,1,5,0,0,0,9,0,1,0,0,1,1,1,0,0,0,0,0,3,1,1,0,1,7,1,0,0,0,0,2,2,0,0,1,0,0,675,301,7236,46,595,371,27,13,50,17,1060,63,25,34,16485,32838,9176,612,41,160,115,142,31,41,157,209,73,2,280,3802,48,422,3015,4663,708,15,250,202,8166,221,166,1,26,3,23,472,610,81,4945,7011
0,0,1,0,0,1,0,1,2,0,1,0,2,0,1,19,0,0,0,10,0,3,0,2,2,0,0,0,0,0,1,1,5,0,1,1,4,1,13,0,0,0,1,0,0,0,1,3,1,0,231,193,3790,31,650,4048,3,25,2954,350,2189,697,79,33,1710,9176,44250,98,12986,886,288,287,703,160,270,33,169,4,84,10978,13,73,470,4518,70,7,1587,5030,653,194,1022,2,157,12,24,223,165,67,930,382
0,0,0,0,0,0,0,0,3,1,1,1,1,0,0,0,0,0,0,14,0,1,3,0,3,3,4,0,0,0,0,2,5,0,0,0,2,10,0,0,0,0,0,5,3,0,3,0,0,0,0,2,2,1,3,0,8011,7483,806,475,824,2661,3979,15482,29,612,98,9446,88,1130,17645,1033,720,106,834,65,105,5,3,5370,201,4000,70,49,897,28,1821,16,530,128,48,3,124,37,429,8,5,5,248,1111
0,0,1,0,0,0,0,0,5,2,0,0,0,0,0,2,0,0,246,5,0,0,0,26,0,1,0,0,0,0,0,0,0,1,1,186,7,0,8,0,0,0,0,0,0,0,0,1,0,0,5,2,3,0,16,13,2,14,3285,4075,839,684,87,16,31,41,12986,88,17519,175,216,236,8231,100,290,11,55,0,4,4421,9,29,23,0,7,9,1301,5411,13,26,921,0,74,19,29,70,6,6,95,41
0,0,0,0,0,0,0,58,140,5,20,42,91,0,0,2,9,8,3,807,2,14,25,3,45,14,17,1,0,0,3,7,188,1,1,2,26,31,2,0,0,0,0,27,47,0,11,0,0,0,2,8,42,0,18,35,4469,4238,3257,6839,195,1234,1067,3463,43,160,886,1130,175,16448,465,1551,1452,11996,11,161,2940,22,13,1546,168,4221,22,30,2841,121,5215,57,13,4880,22,7,963,147,412,5,4,2,57,49
0,0,0,0,0,0,0,0,0,0,1,0,0,0,1,1,0,0,0,10,0,0,1,0,2,8,2,0,0,0,0,1,4,0,0,0,3,8,0,2,0,0,0,13,3,0,1,0,0,0,0,3,6,0,8,8,26,60,680,418,7620,9222,8946,1187,13,115,288,17645,216,465,28476,1598,1093,82,8187,86,103,11,6,1485,389,1810,27,24,255,95,1539,117,1058,93,153,7,252,112,883,4,3,17,672,4068
0,0,0,0,0,0,0,2,6,0,1,1,5,0,0,2,0,2,0,19,0,1,5,1,10,61,21,4,0,0,1,15,14,12,0,0,6,49,1,17,0,0,0,81,10,1,25,0,0,0,60,100,83,11,106,53,91,356,952,632,1883,7864,10372,368,302,142,287,1033,236,1551,1598,33388,276,866,65,559,887,1487,5667,206,676,4070,1727,4,446,1439,254,80,15,724,34,150,2586,9875,8060,30,201,2088,1121,82
0,0,0,0,0,0,0,1,4,0,1,0,0,0,0,2,0,0,0,11,0,0,0,1,1,3,2,0,0,0,0,1,5,1,0,0,1,7,0,0,0,0,0,5,2,0,1,0,0,0,0,1,19,0,15,31,48,235,744,20319,503,736,325,53,20,31,703,720,8231,1452,1093,276,11632,6161,335,50,614,12,3,577,49,186,20,0,43,29,20344,8512,29,105,3316,27,692,22,95,26,3,6,66,77
0,0,0,0,0,0,0,9,36,0,6,5,23,1,0,0,2,2,0,215,0,6,12,2,34,64,26,2,0,0,2,18,75,26,0,1,20,47,1,22,0,0,0,75,47,3,27,0,0,0,2,1,5,0,1,3,15,33,79,8232,64,256,531,410,5,41,160,106,100,11996,82,866,6161,37142,9,285,19001,399,2,63,316,1544,16,0,783,302,1244,68,6,1303,543,1343,5229,102,462,5,1,0,41,40
0,0,0,0,0,0,0,0,0,0,0,0,0,0,0,0,0,0,0,2,0,0,0,0,0,0,1,0,0,0,0,0,1,0,0,0,1,0,0,0,0,0,0,0,2,0,0,0,0,0,0,0,8,0,3,5,4,2,796,33,685,134,86,18,14,157,270,834,290,11,8187,65,335,9,10613,20,17,1,0,10169,24,168,32,32,68,4,1191,98,7491,9,244,0,10,0,28,10,0,7,325,3118
0,0,0,0,0,0,0,2,11,0,5,11,1,0,0,7,3,3,2,27,0,20,49,2,35,611,195,12,0,0,4,156,43,63,0,5,13,196,1,26,0,1,0,551,21,8,150,0,0,2,1,1,2,0,4,3,8,17,22,37,87,99,95,18,50,209,33,65,11,161,86,559,50,285,20,15677,1626,142,5,152,3903,982,99,2,2783,4369,23,2,18,4826,7,53,5049,99,1282,2,7,5,134,212
0,0,0,0,0,0,0,9,43,2,18,32,48,0,0,3,5,2,1,363,1,13,44,3,75,215,91,27,0,0,1,68,108,56,0,1,18,121,0,137,0,0,0,236,47,3,76,0,0,1,1,3,8,0,3,9,27,36,77,682,86,200,416,556,23,73,169,105,55,2940,103,887,614,19001,17,1626,22770,1143,7,129,813,1918,30,4,1608,1239,205,25,4,1984,36,8277,17037,136,1243,1,2,4,56,69
0,0,0,0,0,0,0,0,2,0,0,0,0,0,0,0,0,0,0,0,0,9,1,0,1,28,28,116,0,0,0,14,3,217,0,0,1,4,1,1083,0,0,0,147,0,13,102,0,0,0,0,0,1,0,0,1,0,2,5,11,18,24,21,2,0,2,4,5,0,22,11,1487,12,399,1,142,1143,50437,431,0,231,34,8,0,20,9728,137,1,0,44,20,25170,4122,13522,640,0,5,65,13,3
0,0,0,0,0,0,0,0,0,0,0,0,0,0,0,1,0,0,0,1,0,0,0,0,0,0,0,0,0,0,0,0,0,1,0,0,0,0,0,0,0,0,0,0,0,0,1,0,0,0,142,42,137,6,51,31,0,1,4,4,355,19,8,1,3171,280,84,3,4,13,6,5667,3,2,0,5,7,431,143073,21,6,10,28584,6,20,55,12,18,2,8,18,2,11,1217,19,9,9086,19214,4522,62
0,0,0,0,0,0,0,0,2,0,1,0,2,0,0,0,1,0,0,21,0,3,1,0,2,0,2,0,0,0,1,1,6,0,0,0,1,7,0,0,0,0,0,5,3,0,0,0,1,1,20,13,152,2,42,38,31,109,6484,260,1318,451,143,79,270,3802,10978,5370,4421,1546,1485,206,577,63,10169,152,129,0,21,13917,38,261,142,4790,1043,17,3297,246,3378,476,849,3,58,16,43,177,21,26,613,2574
0,0,0,0,0,0,0,0,2,0,2,2,1,0,0,4,1,1,1,6,0,8,12,0,17,238,79,11,0,0,2,56,10,55,0,0,2,54,0,35,0,0,0,279,9,5,84,0,0,0,0,0,1,0,1,3,7,36,45,62,259,242,271,37,17,48,13,201,9,168,389,676,49,316,24,3903,813,231,6,38,19947,3080,40,1,3862,7950,43,1,6,780,5,135,2799,172,9528,2,0,6,170,131
0,0,0,0,0,0,0,13,26,5,9,11,20,0,1,6,5,2,1,273,1,13,15,2,51,53,47,1,0,0,4,30,125,10,1,1,30,128,1,2,0,1,0,87,87,2,17,0,0,2,2,2,2,0,5,8,1445,535,128,225,937,875,7664,8709,99,422,73,4000,29,4221,1810,4070,186,1544,168,982,1918,34,10,261,3080,27394,181,8,8610,256,171,19,173,1210,12,24,2217,131,5416,0,6,24,756,1463
0,0,0,0,0,0,0,0,0,0,0,0,0,0,0,3,1,0,0,1,0,0,0,0,0,1,1,0,0,0,0,0,1,0,0,0,0,6,0,0,0,0,0,1,0,0,0,0,0,0,619,231,692,25,318,162,6,2,7,5,1970,18,13,25,19522,3015,470,70,23,22,27,1727,20,16,32,99,30,8,28584,142,40,181,69456,14,269,5,123,114,81,47,98,0,16,35,23,40,4196,15299,41933,2924
0,0,0,0,0,0,0,0,0,0,0,0,0,0,0,0,0,0,0,0,0,0,0,0,0,0,0,0,0,0,0,1,0,0,0,0,0,0,0,0,0,0,0,0,0,0,0,0,0,0,1,1,116,1,8,13,0,2,16,1,199,8,1,0,30,4663,4518,49,0,30,24,4,0,0,32,2,4,0,6,4790,1,8,14,19246,4,0,4,3,7509,6,2,0,1,0,1,2,1,0,156,937
0,0,0,0,0,0,0,3,9,1,3,5,8,0,0,4,2,0,2,118,0,8,10,1,55,51,54,2,0,0,6,27,121,5,0,3,57,129,3,2,0,0,0,89,50,2,9,0,0,1,7,3,18,0,6,7,304,412,71,108,290,91,187,124,150,708,70,897,7,2841,255,446,43,783,68,2783,1608,20,20,1043,3862,8610,269,4,11517,154,50,6,90,4268,2,3,452,39,616,1,14,18,536,1035
0,0,0,0,0,0,0,3,3,0,3,6,1,0,0,1,2,1,1,7,0,9,14,1,10,174,106,115,0,0,2,72,7,658,0,0,3,18,1,804,0,0,0,660,2,42,411,0,0,0,1,0,0,0,1,1,8,11,28,32,76,121,124,18,4,15,7,28,9,121,95,1439,29,302,4,4369,1239,9728,55,17,7950,256,5,0,154,42013,29,1,0,953,8,2395,8420,6271,6290,0,0,10,31,18
0,1,0,1,0,2,1,112,300,2,10,44,75,0,1,43,11,3,2,571,4,8,20,14,48,12,8,1,0,0,2,15,113,4,7,1,31,17,33,10,0,0,3,14,17,2,12,17,1,1,38,76,86,12,283,289,369,905,3228,3054,1333,894,277,160,195,250,1587,1821,1301,5215,1539,254,20344,1244,1191,23,205,137,12,3297,43,171,123,4,50,29,3226,2122,118,33,5719,242,189,12,85,1005,15,17,335,213
0,3,1,12,1,9,5,0,0,16,2,0,0,0,30,303,1,0,0,2,1,2,0,33,0,0,0,0,0,1,15,0,1,0,37,19,60,0,217,0,0,2,12,1,0,0,0,107,1,7,65,442,330,28,1066,1787,0,0,41,58,823,224,7,2,259,202,5030,16,5411,57,117,80,8512,68,98,2,25,1,18,246,1,19,114,3,6,1,2122,27673,20,19,18371,2,45,1,3,4999,21,16,239,84
0,0,0,0,0,0,0,0,0,0,0,0,0,0,0,0,0,0,0,0,0,0,0,0,0,1,0,0,0,0,0,0,1,0,0,0,1,0,0,0,0,0,0,1,0,0,0,0,0,0,0,2,44,0,2,3,7,1,8,4,842,9,27,11,45,8166,653,530,13,13,1058,15,29,6,7491,18,4,0,2,3378,6,173,81,7509,90,0,118,20,33487,14,47,0,6,0,6,1,5,10,804,16882
0,0,0,0,0,0,0,3,4,2,3,8,3,0,1,1,3,2,0,66,0,6,13,0,40,124,75,5,0,0,4,36,78,13,0,2,18,119,0,1,0,2,0,151,41,7,31,0,0,0,10,1,26,1,24,17,19,92,60,76,92,167,304,14,61,221,194,128,26,4880,93,724,105,1303,9,4826,1984,44,8,476,780,1210,47,6,4268,953,33,19,14,11650,9,16,7143,60,481,1,6,5,88,109
0,2,1,5,3,5,7,0,0,3,0,0,0,0,5,74,0,0,0,2,0,0,0,24,0,0,0,0,2,0,8,0,1,0,13,3,27,1,94,0,1,0,1,0,0,0,0,77,1,0,32,46,50,476,2540,1982,0,0,107,118,561,153,6,2,173,166,1022,48,921,22,153,34,3316,543,244,7,36,20,18,849,5,12,98,2,2,8,5719,18371,47,9,19933,43,63,2,6,12238,33,6,174,82
0,0,0,0,0,0,0,0,2,0,2,3,0,0,0,1,0,0,0,1,0,17,6,3,3,63,75,307,0,0,1,36,5,865,0,0,3,5,1,2777,0,0,0,436,0,44,327,0,0,0,0,0,1,0,0,0,1,1,0,11,7,6,6,0,0,1,2,3,0,7,7,150,27,1343,0,53,8277,25170,2,3,135,24,0,0,3,2395,242,2,0,16,43,37037,12134,332,407,0,0,0,0,0
0,0,0,0,0,0,0,4,17,1,9,17,4,0,0,4,0,4,1,45,0,30,45,5,58,624,293,90,0,0,5,187,59,459,1,0,21,206,2,726,0,4,0,935,43,38,403,0,0,1,0,1,2,0,3,8,23,45,124,505,184,503,806,75,10,26,157,124,74,963,252,2586,692,5229,10,5049,17037,4122,11,58,2799,2217,16,1,452,8420,189,45,6,7143,63,12134,34380,709,4337,3,3,2,74,73
0,0,0,0,0,0,0,0,1,0,0,0,0,0,0,0,0,0,0,2,0,3,2,0,0,21,9,3,0,0,0,6,6,36,0,0,0,2,0,27,0,0,0,58,1,0,27,0,0,0,1,0,1,0,0,0,9,13,45,47,133,324,225,24,3,3,12,37,19,147,112,9875,22,102,0,99,136,13522,1217,16,172,131,35,0,39,6271,12,1,0,60,2,332,709,27607,9951,0,9,178,20,4
0,0,0,0,0,0,0,1,1,1,0,1,1,0,0,0,0,2,0,6,0,9,8,1,10,165,76,15,0,0,0,55,19,121,0,0,3,34,0,80,0,0,0,343,4,9,116,0,0,0,1,0,1,0,3,1,17,62,139,146,749,1118,1777,105,12,23,24,429,29,412,883,8060,95,462,28,1282,1243,640,19,43,9528,5416,23,1,616,6290,85,3,6,481,6,407,4337,9951,24455,1,1,3,132,85
0,4,6,8,1,27,10,3,1,18,1,0,0,1,21,281,0,0,0,3,0,2,0,49,1,0,0,0,0,0,9,0,2,0,43,19,59,0,309,1,0,1,14,1,0,0,0,254,13,9,51,70,79,54,4784,126,0,3,38,3,197,38,0,1,333,472,223,8,70,5,4,30,26,5,10,2,1,0,9,177,2,0,40,2,1,0,1005,4999,1,1,12238,0,3,0,1,8353,118,4,64,8
0,0,0,0,0,0,0,0,0,0,0,0,0,0,0,1,0,0,0,0,0,0,0,0,0,0,0,0,0,0,0,0,0,0,1,0,4,0,3,0,0,0,0,0,0,0,0,2,0,0,8115,197,414,87,2088,71,1,1,4,1,95,4,0,1,17442,610,165,5,6,4,3,201,3,1,0,7,2,5,9086,21,0,6,4196,1,14,0,15,21,5,6,33,0,3,9,1,118,54531,242,638,84
0,0,0,0,0,0,0,0,0,0,0,0,0,0,0,0,0,0,0,0,0,1,0,0,0,0,0,0,0,0,0,0,1,0,0,0,0,0,0,0,0,0,0,0,0,0,0,0,0,0,18,98,85,3,64,43,1,0,2,2,21912,11,1,7,115,81,67,5,6,2,17,2088,6,0,7,5,4,65,19214,26,6,24,15299,0,18,10,17,16,10,5,6,0,2,178,3,4,242,55488,9017,88
0,0,0,0,0,1,0,0,0,1,0,0,0,0,0,2,0,0,0,1,0,0,0,0,3,3,2,0,0,0,0,0,3,0,0,0,1,7,0,0,0,0,0,2,1,0,1,1,0,0,217,763,907,65,395,467,11,6,31,21,56300,106,97,66,2253,4945,930,248,95,57,672,1121,66,41,325,134,56,13,4522,613,170,756,41933,156,536,31,335,239,804,88,174,0,74,20,132,64,638,9017,45052,11828
0,0,0,0,0,0,0,0,0,0,0,1,0,0,0,0,0,0,0,1,0,1,1,0,3,0,0,0,0,0,1,1,3,0,0,1,1,13,0,0,0,0,0,2,2,0,1,0,0,1,45,31,69,2,40,50,47,7,35,9,10269,77,96,106,1066,7011,382,1111,41,49,4068,82,77,40,3118,212,69,3,62,2574,131,1463,2924,937,1035,18,213,84,16882,109,82,0,73,4,85,8,84,88,11828,29886
