14894,5570,5874,1532,11981,2772,539,2,1,41,0,0,0,5002,210,95,0,0,0,3,1,234,1,0,2,2,1,30,1209,694,2,3,2,1,73,2,31,1,17,4,520,76,38,4,5,22,6,178,1227,5,10,47,8,53,30,43,0,1,0,0,2,0,0,0,12,0,12,0,0,0,0,0,0,0,0,0,0,0,3,1,1,0,4,1,1,0,5,16,0,0,7,0,0,0,1,29,12,0,0,0
5570,29316,15697,18109,710,673,1351,2,2,235,0,6,3,5459,5466,181,3,2,3,17,3,847,4,2,3,1,3,33,1132,1524,9,5,8,6,237,1,108,7,49,1,1934,539,96,11,13,21,6,838,289,50,77,274,33,111,165,171,0,0,0,0,3,0,0,0,78,1,57,0,0,1,0,3,1,1,0,1,0,0,13,1,0,0,6,4,0,0,12,49,0,1,14,0,0,1,0,193,49,7,2,2
5874,15697,37037,8113,7447,7406,12220,4,2,49,1,3,1,604,62,28,1,3,0,5,3,609,3,0,0,1,1,50,1338,1278,3,4,4,2,58,0,31,1,33,1,1315,194,23,9,4,29,9,383,227,14,44,418,7,4062,100,762,1,0,0,0,0,0,0,0,20,1,17,0,0,0,0,0,0,0,0,0,0,0,9,1,0,1,2,1,0,1,2,11,0,0,3,0,0,0,0,80,19,7,1,0
1532,18109,8113,41951,666,4147,17391,25,20,1439,27,20,9,6199,13376,7924,2,7,13,124,27,1449,16,8,40,14,12,33,1149,2093,67,20,27,8,1580,15,240,76,320,5,3001,1960,907,48,65,22,23,4753,454,174,233,880,60,1049,565,772,0,1,0,4,12,0,0,2,188,3,136,0,10,3,1,7,2,6,0,0,2,0,42,4,0,1,19,14,3,0,39,121,4,5,32,0,5,1,0,650,156,15,11,2
11981,710,7447,666,13921,21518,1996,1,3,22,0,1,0,2631,63,63,0,0,0,3,1,96,3,1,3,1,2,27,1107,463,0,0,2,0,62,0,17,0,55,3,282,40,22,6,2,16,5,327,3525,3,13,36,3,124,40,43,0,0,0,0,0,0,0,0,6,0,6,0,0,0,0,1,0,0,0,0,0,0,2,0,0,0,0,0,0,0,2,13,0,0,6,0,0,0,0,23,15,2,0,0
2772,673,7406,4147,21518,28461,21164,1,13,23,1,3,1,794,214,239,0,0,1,9,1,119,5,10,19,6,55,23,616,402,3,3,6,6,666,2,25,7,1734,40,250,34,7,62,0,16,5,3417,3425,0,84,143,12,3119,761,624,0,0,0,1,0,0,0,0,11,1,8,0,0,1,0,0,0,1,0,4,2,0,7,0,0,0,1,1,2,0,2,7,0,0,4,0,4,0,1,79,56,1,2,0
539,1351,12220,17391,1996,21164,28401,1,0,313,6,3,1,387,195,2276,1,0,1,10,3,342,3,4,2,1,0,17,346,337,6,1,3,1,1492,3,78,5,7647,2,557,302,47,7,4,5,3,5683,180,17,116,555,39,2489,448,1415,1,0,0,1,9,1,0,0,90,1,68,0,1,1,0,5,0,1,0,0,0,0,28,0,0,1,5,3,0,0,18,44,0,0,13,0,0,0,0,400,79,10,9,1
2,2,4,25,1,1,1,20622,5467,251,1108,1058,7949,98,174,248,2084,10593,364,15668,168,2700,231,83,141,34,44,22,29,133,674,43,834,9,16,18,1198,183,22,5,44,82,690,121,584,208,93,5,4,135,0,4,2,0,0,0,274,482,75,1183,19,14,31,127,1,2,16,213,41,250,78,13,167,53,14,5,15,0,2,22,1,34,1,6,14,1,369,13,3,12,0,0,9,0,0,1,0,2,4,6
1,2,2,20,3,13,0,5467,57855,147,510,1569,2443,23,41,873,761,579,9468,8123,140,1567,193,8778,7518,23,2242,21,33,31,92,56,664,19,47,493,7944,127,369,63,27,49,149,327,216,94,70,110,54,22,0,3,1,0,0,4,468,796,133,2395,33,27,50,271,7,7,33,485,67,763,168,23,364,229,33,9,121,0,4,32,5,69,0,13,40,1,1073,26,7,16,2,2,18,1,2,0,1,4,9,12
41,235,49,1439,22,23,313,251,147,43436,3603,3986,263,200,233,4118,434,294,853,272,8214,4207,1016,59,92,47,119,85,269,111,747,274,939,40,1215,661,1068,71,745,12,7425,6132,1593,447,186,893,791,426,50,4815,18,30,27,6,22,34,0,11,31,26,58,4,6,2,72,13,251,27,157,26,36,24,43,28,25,10,19,3,23,40,5,20,29,37,12,1,165,229,46,17,94,2,20,3,5,29,42,27,39,67
0,0,1,27,0,1,6,1108,510,3603,1906,4455,214,14,25,718,140,776,945,508,388,3188,857,70,91,9,49,10,25,28,340,22,169,8,66,186,205,35,55,2,105,183,105,81,51,293,85,17,1,46,1,1,0,0,0,1,4,2,13,24,18,2,1,3,3,2,13,21,25,30,20,3,28,29,11,4,15,1,1,10,1,6,2,3,10,0,33,15,4,8,5,1,3,0,0,2,2,3,3,11
0,6,3,20,1,3,3,1058,1569,3986,4455,15415,4048,28,29,209,5054,722,401,1760,4898,1760,3116,145,594,27,318,21,45,201,157,220,9305,10,30,113,344,216,27,7,291,739,328,346,635,276,319,12,1,394,0,0,2,0,0,2,19,25,16,128,15,5,15,14,3,5,20,44,28,219,21,13,42,179,11,9,73,0,1,11,1,30,0,4,62,0,89,10,3,47,1,0,32,0,1,1,2,2,4,6
0,3,1,9,0,1,1,7949,2443,263,214,4048,22866,89,116,97,7046,2585,142,2189,1270,348,173,63,267,6,124,12,33,291,635,74,5002,3,7,23,630,32,11,1,91,419,839,56,312,32,52,3,5,476,0,0,0,0,1,1,148,142,21,425,11,6,22,84,3,2,18,40,11,311,16,9,43,121,2,6,45,0,5,9,0,41,1,7,29,0,124,3,2,16,0,0,8,0,1,0,0,0,2,6
5002,5459,604,6199,2631,794,387,98,23,200,14,28,89,32101,9608,1246,25,41,27,634,18,338,41,6,76,46,38,87,4810,16948,408,112,177,42,649,14,466,223,201,6,724,1201,2417,101,749,30,51,767,11038,1921,115,222,34,66,142,148,0,2,2,11,18,1,0,2,136,6,238,1,13,15,1,14,5,29,0,1,12,0,56,5,0,12,27,25,4,0,83,200,6,6,98,1,7,0,1,188,111,22,15,3
210,5466,62,13376,63,214,195,174,41,233,25,29,116,9608,12698,1986,35,138,57,627,28,361,30,1,72,42,24,45,560,2524,676,64,145,24,387,12,191,152,63,10,930,1427,7506,65,521,16,20,393,197,7082,29,84,18,28,56,63,7,1,2,12,4,0,1,0,47,2,76,1,8,9,2,8,3,18,3,1,7,1,30,2,0,4,10,9,2,0,38,72,0,13,24,0,8,2,0,80,49,4,2,5
95,181,28,7924,63,239,2276,248,873,4118,718,209,97,1246,1986,36314,267,604,5805,1153,953,1214,55,661,845,17,103,31,268,790,10673,22,97,22,2963,3113,1118,175,738,9,937,990,9322,289,144,29,31,697,99,291,57,121,45,35,78,109,7,15,16,50,107,11,5,3,182,52,648,35,159,34,30,28,38,29,68,7,16,4,77,62,3,28,90,98,15,1,199,537,94,16,247,0,11,2,1,122,144,74,96,106
0,3,1,2,0,0,1,2084,761,434,140,5054,7046,25,35,267,8302,3058,271,142,5507,136,94,76,33,1,14,0,25,101,2026,21,746,2,6,74,251,11,25,1,82,324,523,16,100,17,25,1,1,252,1,0,0,0,0,0,4,19,19,84,18,2,3,6,5,2,27,36,39,13,13,3,37,8,14,1,6,0,1,14,1,4,3,3,3,0,67,30,5,2,7,0,1,0,0,0,0,2,7,8
0,2,3,7,0,0,0,10593,579,294,776,722,2585,41,138,604,3058,5265,975,451,1157,838,148,73,27,2,14,4,28,132,5615,22,358,7,11,28,279,14,25,1,34,139,988,23,237,86,37,4,3,204,0,1,4,0,1,1,9,55,51,215,26,8,4,11,4,0,27,143,51,6,44,6,93,8,25,2,4,0,1,23,1,4,3,0,3,0,150,31,8,3,0,0,5,0,0,0,0,4,13,24
0,3,0,13,0,1,1,364,9468,853,945,401,142,27,57,5805,271,975,13977,2193,486,604,89,2976,734,12,75,9,9,32,2283,20,150,6,10,1009,996,94,161,12,49,64,484,231,65,36,41,3,0,28,1,1,9,0,3,4,13,18,54,116,76,14,10,14,15,6,125,126,186,18,99,20,92,20,58,1,12,1,6,57,0,12,11,17,11,0,187,142,31,10,27,4,7,2,2,2,6,16,36,70
3,17,5,124,3,9,10,15668,8123,272,508,1760,2189,634,627,1153,142,451,2193,25692,200,1147,677,508,5499,185,1026,61,139,777,844,261,8340,49,54,543,558,6571,66,17,156,483,1560,1888,6208,73,163,26,21,507,2,1,2,1,1,6,180,81,11,850,15,30,241,205,41,43,49,25,43,2279,30,126,70,2027,11,58,483,1,6,20,6,432,12,53,590,4,156,20,22,360,6,4,142,2,10,1,9,6,13,15
1,3,3,27,1,1,3,168,140,8214,388,4898,1270,18,28,953,5507,1157,486,200,11810,272,230,41,38,5,41,5,56,132,1163,96,895,2,66,270,702,19,166,4,362,1027,3322,69,295,65,147,13,0,1005,3,2,8,0,0,3,3,4,46,32,67,3,4,2,21,8,157,15,167,25,30,11,34,13,33,0,10,0,9,40,0,9,10,13,8,1,165,118,35,9,29,0,6,0,1,1,9,9,28,63
234,847,609,1449,96,119,342,2700,1567,4207,3188,1760,348,338,361,1214,136,838,604,1147,272,18917,4010,89,570,326,918,1113,4329,483,413,578,665,357,400,223,382,557,243,127,14632,1102,461,2867,723,4193,1563,150,60,162,4,14,9,19,6,15,20,28,10,83,22,3,11,8,39,13,109,20,48,120,15,29,27,145,13,71,159,6,16,16,34,55,16,13,44,17,55,71,20,82,41,17,162,3,12,10,36,13,12,22
1,4,3,16,3,5,3,231,193,1016,857,3116,173,41,30,55,94,148,89,677,230,4010,12675,54,849,215,1190,69,204,104,28,489,7457,129,11,47,41,737,39,56,183,306,78,2287,955,3687,4768,18,5,132,0,0,0,0,1,0,3,2,2,14,5,2,9,4,4,1,4,1,3,64,3,34,7,164,0,71,170,3,0,2,22,54,0,4,48,5,10,4,0,110,1,12,175,1,17,1,1,0,1,3
0,2,0,8,1,10,4,83,8778,59,70,145,63,6,1,661,76,73,2976,508,41,89,54,9109,3603,13,980,7,4,9,18,36,98,19,271,4761,6932,74,5170,90,7,14,18,529,22,11,31,193,56,5,1,1,4,0,0,0,12,46,67,259,32,7,4,21,3,1,37,140,61,38,69,9,103,31,15,8,30,0,1,20,7,13,1,3,8,0,290,23,4,13,10,1,18,0,1,0,0,1,5,16
2,3,0,40,3,19,2,141,7518,92,91,594,267,76,72,845,33,27,734,5499,38,570,849,3603,13240,53,7354,22,36,132,45,116,1504,40,87,1238,739,590,231,23,55,136,160,2640,300,41,153,105,60,84,3,1,8,0,1,5,46,31,3,296,7,14,117,74,28,18,29,2,18,1329,10,130,55,1945,1,64,754,3,2,12,4,301,4,31,486,8,103,13,11,472,8,5,299,0,12,2,7,5,8,7
2,1,1,14,1,6,1,34,23,47,9,27,6,46,42,17,1,2,12,185,5,326,215,13,53,16735,596,122,34,60,6,9799,218,4603,3,14,11,7846,38,259,34,35,35,13713,3422,247,2044,18,4,12,0,0,0,0,0,0,0,1,1,1,4,2,1,1,1,1,1,1,1,14,1,89,4,43,0,509,272,11,0,0,234,49,0,2,48,62,2,2,1,139,3,99,622,6,115,0,0,1,3,9
1,3,1,12,2,55,0,44,2242,119,49,318,124,38,24,103,14,14,75,1026,41,918,1190,980,7354,596,31812,1128,61,90,14,1408,1700,564,119,217,2668,746,1928,6319,39,123,55,14401,963,187,970,469,117,72,1,1,5,0,2,1,5,2,2,62,8,11,54,19,18,12,18,3,22,517,6,312,44,1354,2,831,1796,48,2,12,254,471,5,13,358,81,19,13,6,808,23,294,1594,11,161,12,3,1,12,23
30,33,50,33,27,23,17,22,21,85,10,21,12,87,45,31,0,4,9,61,5,1113,69,7,22,122,1128,77713,1708,238,4,144,68,14928,4,12,81,181,169,13751,525,66,39,576,366,16428,4893,62,26,16,0,0,0,4,0,0,0,0,0,2,1,0,0,0,1,1,3,1,0,4,0,9,0,10,0,48,63,523,1,0,32,8,0,0,5,48,7,2,0,12,9,700,92,13,16,5,1,1,0,1
1209,1132,1338,1149,1107,616,346,29,33,269,25,45,33,4810,560,268,25,28,9,139,56,4329,204,4,36,34,61,1708,122825,12128,111,92,132,126,122,20,128,50,71,83,27729,1073,380,268,216,1711,290,163,7279,137,13,18,7,26,16,22,0,0,1,0,7,0,0,0,22,8,69,1,8,7,0,2,1,9,5,12,11,2,10,4,4,2,9,10,6,4,16,54,6,5,33,2,13,1,1,17,22,7,2,5
694,1524,1278,2093,463,402,337,133,31,111,28,201,291,16948,2524,790,101,132,32,777,132,483,104,9,132,60,90,238,12128,26272,494,302,704,48,424,62,421,209,206,21,3784,8365,2806,185,1195,170,205,265,1834,1959,51,91,22,46,60,54,0,2,1,6,15,0,2,2,96,10,250,2,24,33,2,10,6,65,3,4,21,0,31,11,0,16,28,28,17,1,80,220,12,18,83,3,14,1,4,70,69,14,22,15
2,9,3,67,0,3,6,674,92,747,340,157,635,408,676,10673,2026,5615,2283,844,1163,413,28,18,45,6,14,4,111,494,16370,30,185,5,315,129,536,82,203,3,267,455,8035,36,302,10,12,86,10,480,52,77,32,8,50,57,5,7,15,6,36,3,0,5,100,18,441,8,91,19,11,16,17,17,15,5,2,2,61,35,1,9,53,57,2,0,142,315,36,5,107,0,6,1,0,65,104,43,30,39
3,5,4,20,0,3,1,43,56,274,22,220,74,112,64,22,21,22,20,261,96,578,489,36,116,9799,1408,144,92,302,30,24229,5673,3250,9,33,18,1185,60,349,140,333,104,4096,5749,509,13536,27,10,203,0,0,0,0,0,0,0,0,2,5,3,1,4,1,2,2,1,2,2,28,0,110,7,71,0,504,323,15,0,2,257,101,0,0,57,98,3,2,0,181,1,150,780,10,123,0,1,0,1,5
2,8,4,27,2,6,3,834,664,939,169,9305,5002,177,145,97,746,358,150,8340,895,665,7457,98,1504,218,1700,68,132,704,185,5673,31356,99,16,109,217,1331,65,37,378,1177,669,3168,14740,622,5153,30,12,865,0,1,6,0,0,0,30,19,6,146,9,3,28,41,7,8,15,17,13,532,14,57,30,546,7,86,380,5,3,9,13,138,0,4,181,15,50,8,4,240,4,11,268,3,22,0,1,3,2,7
1,6,2,8,0,6,1,9,19,40,8,10,3,42,24,22,2,7,6,49,2,357,129,19,40,4603,564,14928,126,48,5,3250,99,35462,5,13,14,612,60,17778,66,38,31,10261,502,3101,17822,28,9,7,0,0,0,0,0,0,0,0,1,0,6,1,0,0,1,0,1,0,1,8,2,65,0,27,0,332,194,78,0,0,333,28,0,0,14,399,4,2,0,33,7,1478,623,52,130,3,1,1,4,4
73,237,58,1580,62,666,1492,16,47,1215,66,30,7,649,387,2963,6,11,10,54,66,400,11,271,87,3,119,4,122,424,315,9,16,5,12066,2959,1634,19,10620,36,370,328,904,83,19,5,7,2617,100,84,82,124,36,29,89,125,1,3,6,6,29,3,1,1,147,20,435,5,55,7,6,20,6,1,10,2,1,3,64,19,1,6,66,38,2,1,174,336,17,5,180,0,4,3,0,158,132,41,48,30
2,1,0,15,0,2,3,18,493,661,186,113,23,14,12,3113,74,28,1009,543,270,223,47,4761,1238,14,217,12,20,62,129,33,109,13,2959,5415,2821,103,6011,37,111,115,183,363,34,11,26,24,1,37,6,7,16,0,8,9,5,12,44,52,73,6,3,5,68,18,449,37,235,28,58,27,72,29,44,0,21,2,31,71,1,22,41,56,7,1,289,310,71,18,146,2,11,2,3,22,23,50,56,97
31,108,31,240,17,25,78,1198,7944,1068,205,344,630,466,191,1118,251,279,996,558,702,382,41,6932,739,11,2668,81,128,421,536,18,217,14,1634,2821,2873,13,6437,345,326,340,589,216,45,25,29,737,54,188,4,6,3,2,9,13,49,137,58,502,61,20,19,55,16,5,57,181,89,87,125,14,190,73,49,5,7,0,10,47,0,20,4,7,7,0,1017,73,22,4,125,15,10,1,1,22,16,9,14,32
1,7,1,76,0,7,5,183,127,71,35,216,32,223,152,175,11,14,94,6571,19,557,737,74,590,7846,746,181,50,209,82,1185,1331,612,19,103,13,18587,41,83,53,113,220,17464,7300,88,425,21,20,73,1,2,7,0,3,1,2,5,0,21,3,1,29,6,5,7,17,0,12,165,4,131,28,652,2,240,649,8,3,3,54,209,4,8,220,19,7,13,2,466,14,21,525,2,45,6,4,2,0,8
17,49,33,320,55,1734,7647,22,369,745,55,27,11,201,63,738,25,25,161,66,166,243,39,5170,231,38,1928,169,71,206,203,60,65,60,10620,6011,6437,41,20506,1234,173,200,248,999,23,35,73,6020,112,79,38,34,14,9,40,48,1,4,25,27,36,2,2,0,85,17,409,12,108,13,13,21,30,3,13,16,26,6,43,22,9,12,42,36,3,5,232,261,22,9,120,44,32,3,3,59,80,31,28,38
4,1,1,5,3,40,2,5,63,12,2,7,1,6,10,9,1,1,12,17,4,127,56,90,23,259,6319,13751,83,21,3,349,37,17778,36,37,345,83,1234,47370,30,13,7,13594,104,2096,2436,357,54,2,0,1,0,0,9,0,0,0,1,1,8,0,0,0,1,1,1,1,0,3,2,145,7,62,0,522,562,619,2,0,462,24,5,0,13,966,21,1,1,35,34,8466,1240,243,186,17,0,1,4,11
520,1934,1315,3001,282,250,557,44,27,7425,105,291,91,724,930,937,82,34,49,156,362,14632,183,7,55,34,39,525,27729,3784,267,140,378,66,370,111,326,53,173,30,54673,13891,1021,203,213,624,334,153,147,735,10,26,4,33,12,21,0,4,5,4,21,0,2,0,41,5,138,4,45,14,7,12,10,19,15,6,10,0,15,22,4,5,17,31,8,0,55,92,15,8,41,5,5,1,1,17,26,13,14,25
76,539,194,1960,40,34,302,82,49,6132,183,739,419,1201,1427,990,324,139,64,483,1027,1102,306,14,136,35,123,66,1073,8365,455,333,1177,38,328,115,340,113,200,13,13891,17651,3700,254,788,223,465,146,22,6196,9,11,8,7,8,10,1,1,6,6,14,0,5,2,27,8,134,5,43,28,2,10,11,58,14,8,22,0,12,8,0,12,15,12,22,2,52,96,15,16,41,2,24,1,2,19,18,6,18,17
38,96,23,907,22,7,47,690,149,1593,105,328,839,2417,7506,9322,523,988,484,1560,3322,461,78,18,160,35,55,39,380,2806,8035,104,669,31,904,183,589,220,248,7,1021,3700,23827,158,961,32,65,156,94,11133,49,63,26,7,36,49,23,7,13,29,40,5,1,8,70,10,299,9,116,26,16,17,23,31,24,2,17,0,39,36,0,10,30,40,5,2,157,235,46,21,91,1,15,1,3,50,74,27,35,48
4,11,9,48,6,62,7,121,327,447,81,346,56,101,65,289,16,23,231,1888,69,2867,2287,529,2640,13713,14401,576,268,185,36,4096,3168,10261,83,363,216,17464,999,13594,203,254,158,96490,1935,1910,5598,380,128,112,2,1,1,0,1,1,3,4,4,26,19,5,32,5,18,19,23,10,19,154,10,535,38,742,5,2839,2005,119,8,6,1398,448,4,11,300,396,11,12,8,781,26,962,3792,53,646,11,5,6,13,35
5,13,4,65,2,0,4,584,216,186,51,635,312,749,521,144,100,237,65,6208,295,723,955,22,300,3422,963,366,216,1195,302,5749,14740,502,19,34,45,7300,23,104,213,788,961,1935,18268,63,728,16,25,825,0,2,5,0,1,3,9,7,4,37,5,4,37,13,9,8,13,5,14,333,7,100,20,766,4,169,551,5,3,3,23,252,1,6,247,23,12,12,5,429,11,10,430,4,20,3,7,2,3,7
22,21,29,22,16,16,5,208,94,893,293,276,32,30,16,29,17,86,36,73,65,4193,3687,11,41,247,187,16428,1711,170,10,509,622,3101,5,11,25,88,35,2096,624,223,32,1910,63,13556,10286,18,9,59,0,0,1,2,0,0,1,0,0,3,3,0,0,0,2,1,1,1,5,6,1,25,3,12,0,54,32,16,0,2,58,8,0,0,5,82,5,0,1,6,0,315,153,13,24,0,0,0,0,0
6,6,9,23,5,5,3,93,70,791,85,319,52,51,20,31,25,37,41,163,147,1563,4768,31,153,2044,970,4893,290,205,12,13536,5153,17822,7,26,29,425,73,2436,334,465,65,5598,728,10286,37415,44,6,189,0,0,0,2,1,0,0,1,3,7,6,1,4,1,2,2,2,2,3,11,4,99,5,41,1,406,233,39,1,3,305,56,1,2,24,307,4,3,1,91,8,861,754,47,142,0,0,3,3,7
178,838,383,4753,327,3417,5683,5,110,426,17,12,3,767,393,697,1,4,3,26,13,150,18,193,105,18,469,62,163,265,86,27,30,28,2617,24,737,21,6020,357,153,146,156,380,16,18,44,9359,1745,71,139,692,59,219,475,436,0,0,2,2,5,0,0,0,131,3,111,1,7,1,1,11,0,3,0,2,10,3,35,4,1,2,21,4,2,1,36,109,4,7,47,4,12,0,2,664,113,12,9,5
1227,289,227,454,3525,3425,180,4,54,50,1,1,5,11038,197,99,1,3,0,21,0,60,5,56,60,4,117,26,7279,1834,10,10,12,9,100,1,54,20,112,54,147,22,94,128,25,9,6,1745,17141,1,20,47,6,26,84,27,0,0,0,0,0,0,0,0,16,0,7,0,1,0,0,2,0,0,0,1,0,0,4,0,1,1,1,1,0,0,4,6,1,1,5,2,2,0,2,21,31,1,1,2
5,50,14,174,3,0,17,135,22,4815,46,394,476,1921,7082,291,252,204,28,507,1005,162,132,5,84,12,72,16,137,1959,480,203,865,7,84,37,188,73,79,2,735,6196,11133,112,825,59,189,71,1,17248,3,7,3,0,8,6,2,1,2,7,7,1,0,1,10,4,69,2,21,13,3,6,7,52,2,2,16,1,4,8,2,13,3,10,13,0,35,36,4,11,14,1,11,0,0,9,10,7,11,7
10,77,44,233,13,84,116,0,0,18,1,0,0,115,29,57,1,0,1,2,3,4,0,1,3,0,1,0,13,51,52,0,0,0,82,6,4,1,38,0,10,9,49,2,0,0,0,139,20,3,35237,20492,998,11558,11513,1943,0,4,4,3,118,0,2,1,9525,136,204,1,3,28,4,143,7,8,1,13,7,43,1582,3,5,73,405,23,27,4,146,320,16,20,73,2,12,43,4,985,8485,423,246,31
47,274,418,880,36,143,555,4,3,30,1,0,0,222,84,121,0,1,1,1,2,14,0,1,1,0,1,0,18,91,77,0,1,0,124,7,6,2,34,1,26,11,63,1,2,0,0,692,47,7,20492,116237,8370,16895,4517,9872,0,3,6,9,575,19,4,1,22284,225,261,0,5,12,4,636,3,3,1,3,4,84,1980,4,5,58,1330,19,12,15,113,337,22,12,65,5,8,127,10,2595,2077,2149,1521,108
8,33,7,60,3,12,39,2,1,27,0,2,0,34,18,45,0,4,9,2,8,9,0,4,8,0,5,0,7,22,32,0,6,0,36,16,3,7,14,0,4,8,26,1,5,1,0,59,6,3,998,8370,49960,573,1514,14690,2,8,9,20,685,26,8,6,14895,5515,8723,4,57,110,15,279,40,22,10,62,16,15,541,23,10,200,646,244,94,13,178,833,79,143,42,5,48,23,9,489,1292,720,1444,257
53,111,4062,1049,124,3119,2489,0,0,6,0,0,0,66,28,35,0,0,0,1,0,19,0,0,0,0,0,4,26,46,8,0,0,0,29,0,2,0,9,0,33,7,7,0,0,2,2,219,26,0,11558,16895,573,39006,24922,16555,1,0,0,1,61,0,0,0,485,138,35,1,4,0,2,114,1,0,0,2,0,20,509,0,1,8,243,7,0,3,35,129,7,0,15,2,3,19,2,1638,424,338,184,13
30,165,100,565,40,761,448,0,0,22,0,0,1,142,56,78,0,1,3,1,0,6,1,0,1,0,2,0,16,60,50,0,0,0,89,8,9,3,40,9,12,8,36,1,1,0,1,475,84,8,11513,4517,1514,24922,26327,10605,0,2,1,0,43,2,1,0,4758,929,138,0,6,8,2,39,9,39,0,27,146,55,365,0,7,28,78,20,9,22,231,556,34,16,233,99,105,11,7,5302,5890,78,85,18
43,171,762,772,43,624,1415,0,4,34,1,2,1,148,63,109,0,1,4,6,3,15,0,0,5,0,1,0,22,54,57,0,0,0,125,9,13,1,48,0,21,10,49,1,3,0,0,436,27,6,1943,9872,14690,16555,10605,25242,0,8,4,9,897,18,5,2,2478,218,4372,1,22,39,6,315,24,8,1,25,5,15,363,3,9,141,475,24,61,8,174,1902,29,33,96,1,21,28,9,4065,438,866,1403,272
0,0,1,0,0,0,1,274,468,0,4,19,148,0,7,7,4,9,13,180,3,20,3,12,46,0,5,0,0,0,5,0,30,0,1,5,49,2,1,0,0,1,23,3,9,1,0,0,0,2,0,0,2,1,0,0,2696,4557,296,1175,45,61,91,2533,37,43,178,3700,85,7636,179,60,153,53,28,12,4,0,5,270,4,1390,4,208,103,2,740,2,22,19,0,2,4,2,0,0,6,5,7,4
1,0,0,1,0,0,0,482,796,11,2,25,142,2,1,15,19,55,18,81,4,28,2,46,31,1,2,0,0,2,7,0,19,0,3,12,137,5,4,0,4,1,7,4,7,0,1,0,0,1,4,3,8,0,2,8,4557,14584,3670,3221,243,759,125,723,44,65,687,7902,619,9036,245,713,166,30,21,61,13,1,10,771,7,185,13,459,115,9,1232,7,30,249,0,8,36,79,16,0,8,17,34,32
0,0,0,0,0,0,0,75,133,31,13,16,21,2,2,16,19,51,54,11,46,10,2,67,3,1,2,0,1,1,15,2,6,1,6,44,58,0,25,1,5,6,13,4,4,0,3,2,0,2,4,6,9,0,1,4,296,3670,2501,1873,981,1873,82,152,33,24,492,3039,1027,701,401,468,51,20,150,12,8,1,6,4748,2,104,10,196,47,7,236,63,22,34,5,3,9,64,17,0,5,63,75,43
0,0,0,4,0,1,1,1183,2395,26,24,128,425,11,12,50,84,215,116,850,32,83,14,259,296,1,62,2,0,6,6,5,146,0,6,52,502,21,27,1,4,6,29,26,37,3,7,2,0,7,3,9,20,1,0,9,1175,3221,1873,46321,345,1526,1250,1317,30,24,540,700,7886,10883,800,1240,8611,6049,69,121,772,1,7,74,26,755,10,64,108,18,8585,109,29,364,24,8,148,78,37,3,8,44,57,65
2,3,0,12,0,0,9,19,33,58,18,15,11,18,4,107,18,26,76,15,67,22,5,32,7,4,8,1,7,15,36,3,9,6,29,73,61,3,36,8,21,14,40,19,5,3,6,5,0,7,118,575,685,61,43,897,45,243,981,345,33778,5183,408,95,604,479,3767,151,1657,217,5256,2976,275,60,190,59,60,54,273,386,116,515,215,836,61,116,812,1036,209,65,196,23,210,631,342,72,114,20458,21585,8492
0,0,0,0,0,0,1,14,27,4,2,5,6,1,0,11,2,8,14,30,3,3,2,7,14,2,11,0,0,0,3,1,3,1,3,6,20,1,2,0,0,0,5,5,4,0,1,0,0,1,0,19,26,0,2,18,61,759,1873,1526,5183,7478,4306,390,43,35,333,446,630,339,8019,5017,217,158,86,10,46,4,16,212,16,425,16,95,78,14,175,50,52,42,11,3,43,138,99,6,3,114,300,793
0,0,0,0,0,0,0,31,50,6,1,15,22,0,1,5,3,4,10,241,4,11,9,4,117,1,54,0,0,2,0,4,28,0,1,3,19,29,2,0,2,5,1,32,37,0,4,0,0,0,2,4,8,0,1,5,91,125,82,1250,408,4306,12062,7502,74,122,107,380,82,2322,7048,6061,111,1395,308,45,297,4,15,313,41,8693,15,154,614,28,208,24,258,242,11,1,120,137,182,2,11,26,61,617
0,0,0,2,0,0,0,127,271,2,3,14,84,2,0,3,6,11,14,205,2,8,4,21,74,1,19,0,0,2,5,1,41,0,1,5,55,6,0,0,0,2,8,5,13,0,1,0,0,1,1,1,6,0,0,2,2533,723,152,1317,95,390,7502,8663,30,63,83,9395,50,2769,6175,415,124,218,342,28,54,2,0,613,25,10095,7,113,807,6,407,10,125,38,5,2,23,14,17,0,2,5,18,200
12,78,20,188,6,11,90,1,7,72,3,3,3,136,47,182,5,4,15,41,21,39,4,3,28,1,18,1,22,96,100,2,7,1,147,68,16,5,85,1,41,27,70,18,9,2,2,131,16,10,9525,22284,14895,485,4758,2478,37,44,33,30,604,43,74,30,93555,13187,1733,11,63,486,34,485,28,76,40,199,47,109,4648,65,140,1906,15300,1357,614,80,614,801,1456,311,164,19,157,119,168,1106,10980,1008,3865,8137
0,1,1,3,0,1,1,2,7,13,2,5,2,6,2,52,2,0,6,43,8,13,1,1,18,1,12,1,8,10,18,2,8,0,20,18,5,7,17,1,5,8,10,19,8,1,2,3,0,4,136,225,5515,138,929,218,43,65,24,24,479,35,122,63,13187,25399,4354,16,59,484,42,362,11,76,67,119,45,44,683,143,155,1975,2887,6903,586,58,147,98,9941,161,34,16,84,53,205,19,611,595,6402,16148
12,57,17,136,6,8,68,16,33,251,13,20,18,238,76,648,27,27,125,49,157,109,4,37,29,1,18,3,69,250,441,1,15,1,435,449,57,17,409,1,138,134,299,23,13,1,2,111,7,69,204,261,8723,35,138,4372,178,687,492,540,3767,333,107,83,1733,4354,31623,182,5032,1283,263,645,450,190,685,237,60,14,302,7558,35,786,463,7339,600,22,1253,5407,841,489,699,7,167,31,35,639,436,748,1506,1059
0,0,0,0,0,0,0,213,485,27,21,44,40,1,1,35,36,143,126,25,15,20,1,140,2,1,3,1,1,2,8,2,17,0,5,37,181,0,12,1,4,5,9,10,5,1,2,1,0,2,1,0,4,1,0,1,3700,7902,3039,700,151,446,380,9395,11,16,182,7515,335,139,4527,138,94,14,577,0,4,1,4,2573,9,524,3,146,48,5,549,16,24,10,1,1,8,15,14,0,1,16,19,16
0,0,0,10,0,0,1,41,67,157,25,28,11,13,8,159,39,51,186,43,167,48,3,61,18,1,22,0,8,24,91,2,13,1,55,235,89,12,108,0,45,43,116,19,14,5,3,7,1,21,3,5,57,4,6,22,85,619,1027,7886,1657,630,82,50,63,59,5032,335,10292,1671,391,308,5559,498,342,102,115,9,18,1960,15,222,32,257,72,15,1319,3508,132,306,272,9,201,17,16,7,22,106,179,298
0,1,0,3,0,1,1,250,763,26,30,219,311,15,9,34,13,6,18,2279,25,120,64,38,1329,14,517,4,7,33,19,28,532,8,7,28,87,165,13,3,14,28,26,154,333,6,11,1,0,13,28,12,110,0,8,39,7636,9036,701,10883,217,339,2322,2769,486,484,1283,139,1671,22204,140,1373,955,5184,30,369,662,7,56,525,58,16606,67,1334,7712,26,624,90,218,3612,14,10,430,17,63,4,84,59,100,114
0,0,0,1,0,0,0,78,168,36,20,21,16,1,2,30,13,44,99,30,30,15,3,69,10,1,6,0,0,2,11,0,14,2,6,58,125,4,13,2,7,2,16,10,7,1,4,1,0,3,4,4,15,2,2,6,179,245,401,800,5256,8019,7048,6175,34,42,263,4527,391,140,14561,1324,405,91,11348,17,47,19,11,1574,59,1427,14,78,38,34,744,140,264,29,34,7,74,170,199,2,2,51,265,7353
0,3,0,7,1,0,5,13,23,24,3,13,9,14,8,28,3,6,20,126,11,29,34,9,130,89,312,9,2,10,16,110,57,65,20,27,14,131,21,145,12,10,17,535,100,25,99,11,2,6,143,636,279,114,39,315,60,713,468,1240,2976,5017,6061,415,485,362,645,138,308,1373,1324,42379,246,2262,125,1037,1827,1981,2436,145,880,10977,728,249,1186,1121,245,227,202,1495,184,526,3226,12705,6364,85,85,4346,1700,1338
0,1,0,2,0,0,0,167,364,43,28,42,43,5,3,38,37,93,92,70,34,27,7,103,55,4,44,0,1,6,17,7,30,0,6,72,190,28,30,7,10,11,23,38,20,3,5,0,0,7,7,3,40,1,9,24,153,166,51,8611,275,217,111,124,28,11,450,94,5559,955,405,246,9355,3999,78,119,506,12,10,56,28,255,6,12,27,19,6458,8084,16,174,964,57,444,17,40,94,20,20,37,77
0,1,0,6,0,1,1,53,229,28,29,179,121,29,18,29,8,8,20,2027,13,145,164,31,1945,43,1354,10,9,65,17,71,546,27,1,29,73,652,3,62,19,58,31,742,766,12,41,3,0,52,8,3,22,0,39,8,53,30,20,6049,60,158,1395,218,76,76,190,14,498,5184,91,2262,3999,16870,24,359,14138,172,16,48,102,2633,21,72,543,106,1811,360,54,1464,531,1137,2196,33,128,163,40,19,47,92
0,0,0,0,0,0,0,14,33,25,11,11,2,0,3,68,14,25,58,11,33,13,0,15,1,0,2,0,5,3,15,0,7,0,10,44,49,2,13,0,15,14,24,5,4,0,1,0,0,2,1,1,10,0,0,1,28,21,150,69,190,86,308,342,40,67,685,577,342,30,11348,125,78,24,3585,7,13,4,3,6197,17,503,8,351,28,7,396,139,2683,18,25,1,15,8,36,0,2,5,19,1322
0,1,0,0,0,4,0,5,9,10,4,9,6,1,1,7,1,2,1,58,0,71,71,8,64,509,831,48,12,4,5,504,86,332,2,0,5,240,16,522,6,8,2,2839,169,54,406,2,1,2,13,3,62,2,27,25,12,61,12,121,59,10,45,28,199,119,237,0,102,369,17,1037,119,359,7,46283,1922,126,39,31,13373,1479,30,163,3600,7914,84,95,24,17637,146,498,14332,156,1030,71,52,25,43,77
0,0,0,2,0,2,0,15,121,19,15,73,45,12,7,16,6,4,12,483,10,159,170,30,754,272,1796,63,11,21,2,323,380,194,1,21,7,649,26,562,10,22,17,2005,551,32,233,10,0,16,7,4,16,0,146,5,4,13,8,772,60,46,297,54,47,45,60,4,115,662,47,1827,506,14138,13,1922,20914,1018,25,19,1174,1908,21,41,420,507,1041,179,40,989,1215,9127,15696,140,771,418,69,17,66,115
0,0,0,0,0,0,0,0,0,3,1,0,0,0,1,4,0,0,1,1,0,6,3,0,3,11,48,523,2,0,2,15,5,78,3,2,0,8,6,619,0,0,0,119,5,16,39,3,0,1,43,84,15,20,55,15,0,1,1,1,54,4,4,2,109,44,14,1,9,7,19,1981,12,172,4,126,1018,55314,2307,9,247,215,322,16,224,10046,200,21,16,50,216,20931,733,31729,1286,106,32,1028,126,151
3,13,9,42,2,7,28,2,4,23,1,1,5,56,30,77,1,1,6,6,9,16,0,1,2,0,2,1,10,31,61,0,3,0,64,31,10,3,43,2,15,12,39,8,3,0,1,35,4,4,1582,1980,541,509,365,363,5,10,6,7,273,16,15,0,4648,683,302,4,18,56,11,2436,10,16,3,39,25,2307,146461,8,45,353,16369,125,84,116,271,255,117,41,85,129,64,1097,62,237,17438,20617,2582,268
1,1,1,4,0,0,0,22,32,40,10,11,9,5,2,62,14,23,57,20,40,16,2,20,12,0,12,0,4,11,35,2,9,0,19,71,47,3,22,0,22,8,36,6,3,2,3,4,0,8,3,4,23,0,0,3,270,771,4748,74,386,212,313,613,65,143,7558,2573,1960,525,1574,145,56,48,6197,31,19,9,8,11605,51,1464,17,5033,363,10,217,62,769,38,17,1,21,8,55,1,16,27,59,188
1,0,0,0,0,0,0,1,5,5,1,1,0,0,0,3,1,1,0,6,0,34,22,7,4,234,254,32,4,0,1,257,13,333,1,1,0,54,9,462,4,0,0,1398,23,58,305,1,1,2,5,5,10,1,7,9,4,7,2,26,116,16,41,25,140,155,35,9,15,58,59,880,28,102,17,13373,1174,247,45,51,26799,3993,68,78,4233,7362,25,13,111,429,62,717,1920,405,15590,30,19,37,152,263
0,0,1,1,0,0,1,34,69,20,6,30,41,12,4,28,4,4,12,432,9,55,54,13,301,49,471,8,2,16,9,101,138,28,6,22,20,209,12,24,5,12,10,448,252,8,56,2,1,13,73,58,200,8,28,141,1390,185,104,755,515,425,8693,10095,1906,1975,786,524,222,16606,1427,10977,255,2633,503,1479,1908,215,353,1464,3993,41452,547,1862,21947,479,208,160,1264,3503,160,150,2657,197,9745,59,362,233,904,1680
4,6,2,19,0,1,5,1,0,29,2,0,1,27,10,90,3,3,11,12,10,16,0,1,4,0,5,0,9,28,53,0,0,0,66,41,4,4,42,5,17,15,30,4,1,0,1,21,1,3,405,1330,646,243,78,475,4,13,10,10,215,16,15,7,15300,2887,463,3,32,67,14,728,6,21,8,30,21,322,16369,17,68,547,24913,297,128,51,280,236,448,44,74,27,47,325,98,74,935,5390,19462,1522
1,4,1,14,0,1,3,6,13,37,3,4,7,25,9,98,3,0,17,53,13,13,4,3,31,2,13,0,10,28,57,0,4,0,38,56,7,8,36,0,31,12,40,11,6,0,2,4,1,10,23,19,244,7,20,24,208,459,196,64,836,95,154,113,1357,6903,7339,146,257,1334,78,249,12,72,351,163,41,16,125,5033,78,1862,297,18519,1173,24,231,94,5655,317,43,5,73,12,82,13,134,197,780,771
1,0,0,3,0,2,0,14,40,12,10,62,29,4,2,15,3,3,11,590,8,44,48,8,486,48,358,5,6,17,2,57,181,14,2,7,7,220,3,13,8,22,5,300,247,5,24,2,0,13,27,12,94,0,9,61,103,115,47,108,61,78,614,807,614,586,600,48,72,7712,38,1186,27,543,28,3600,420,224,84,363,4233,21947,128,1173,15565,827,28,25,234,7834,14,117,562,70,515,16,127,48,121,115
0,0,1,0,0,0,0,1,1,1,0,0,0,0,0,1,0,0,0,4,1,17,5,0,8,62,81,48,4,1,0,98,15,399,1,1,0,19,5,966,0,2,2,396,23,82,307,1,0,0,4,15,13,3,22,8,2,9,7,18,116,14,28,6,80,58,22,5,15,26,34,1121,19,106,7,7914,507,10046,116,10,7362,479,51,24,827,45576,21,14,29,321,54,12767,2783,18936,9005,26,17,82,79,162
5,12,2,39,2,2,18,369,1073,165,33,89,124,83,38,199,67,150,187,156,165,55,10,290,103,2,19,7,16,80,142,3,50,4,174,289,1017,7,232,21,55,52,157,11,12,5,4,36,4,35,146,113,178,35,231,174,740,1232,236,8585,812,175,208,407,614,147,1253,549,1319,624,744,245,6458,1811,396,84,1041,200,271,217,25,208,280,231,28,21,4534,4579,335,45,5021,485,174,31,21,972,368,275,431,655
16,49,11,121,13,7,44,13,26,229,15,10,3,200,72,537,30,31,142,20,118,71,4,23,13,2,13,2,54,220,315,2,8,2,336,310,73,13,261,1,92,96,235,12,12,0,3,109,6,36,320,337,833,129,556,1902,2,7,63,109,1036,50,24,10,801,98,5407,16,3508,90,140,227,8084,360,139,95,179,21,255,62,13,160,236,94,25,14,4579,16362,202,159,12513,37,198,10,15,4153,428,347,575,542
0,0,0,4,0,0,0,3,7,46,4,3,2,6,0,94,5,8,31,22,35,20,0,4,11,1,6,0,6,12,36,0,4,0,17,71,22,2,22,1,15,15,46,8,5,1,1,4,1,4,16,22,79,7,34,29,22,30,22,29,209,52,258,125,1456,9941,841,24,132,218,264,202,16,54,2683,24,40,16,117,769,111,1264,448,5655,234,29,335,202,21198,43,82,2,46,23,155,5,56,114,1042,9800
0,1,0,5,0,0,0,12,16,17,8,47,16,6,13,16,2,3,10,360,9,82,110,13,472,139,808,12,5,18,5,181,240,33,5,18,4,466,9,35,8,16,21,781,429,6,91,7,1,11,20,12,143,0,16,33,19,249,34,364,65,42,242,38,311,161,489,10,306,3612,29,1495,174,1464,18,17637,989,50,41,38,429,3503,44,317,7834,321,45,159,43,34957,113,51,15951,25,227,44,82,22,58,89
7,14,3,32,6,4,13,0,2,94,5,1,0,98,24,247,7,0,27,6,29,41,1,10,8,3,23,9,33,83,107,1,4,7,180,146,125,14,120,34,41,41,91,26,11,0,8,47,5,14,73,65,42,15,233,96,0,0,5,24,196,11,11,5,164,34,699,1,272,14,34,184,964,531,25,146,1215,216,85,17,62,160,74,43,14,54,5021,12513,82,113,18759,789,542,19,33,10469,119,86,123,110
0,0,0,0,0,0,0,0,2,2,1,0,0,1,0,0,0,0,4,4,0,17,12,1,5,99,294,700,2,3,0,150,11,1478,0,2,15,21,44,8466,5,2,1,962,10,315,861,4,2,1,2,5,5,2,99,1,2,8,3,8,23,3,1,2,19,16,7,1,9,10,7,526,57,1137,1,498,9127,20931,129,1,717,150,27,5,117,12767,485,37,2,51,789,55628,16957,2323,772,268,29,56,28,45
0,0,0,5,0,4,0,9,18,20,3,32,8,7,8,11,1,5,7,142,6,162,175,18,299,622,1594,92,13,14,6,780,268,623,4,11,10,525,32,1240,5,24,15,3792,430,153,754,12,2,11,12,8,48,3,105,21,4,36,9,148,210,43,120,23,157,84,167,8,201,430,74,3226,444,2196,15,14332,15696,733,64,21,1920,2657,47,73,562,2783,174,198,46,15951,542,16957,58722,600,1324,258,81,76,163,309
0,1,0,1,0,0,0,0,1,3,0,0,0,0,2,2,0,0,2,2,0,3,1,0,0,6,11,13,1,1,1,10,3,52,3,2,1,2,3,243,1,1,1,53,4,13,47,0,0,0,43,127,23,19,11,28,2,79,64,78,631,138,137,14,119,53,31,15,17,17,170,12705,17,33,8,156,140,31729,1097,8,405,197,325,12,70,18936,31,10,23,25,19,2323,600,29978,8734,13,18,1001,392,420
1,0,0,0,0,1,0,0,2,5,0,1,1,1,0,1,0,0,2,10,1,12,17,1,12,115,161,16,1,4,0,123,22,130,0,3,1,45,3,186,1,2,3,646,20,24,142,2,2,0,4,10,9,2,7,9,0,16,17,37,342,99,182,17,168,205,35,14,16,63,199,6364,40,128,36,1030,771,1286,62,55,15590,9745,98,82,515,9005,21,15,155,227,33,772,1324,8734,21163,12,21,93,268,564
29,193,80,650,23,79,400,1,0,29,2,1,0,188,80,122,0,0,2,1,1,10,1,0,2,0,12,5,17,70,65,0,0,3,158,22,22,6,59,17,17,19,50,11,3,0,0,664,21,9,985,2595,489,1638,5302,4065,0,0,0,3,72,6,2,0,1106,19,639,0,7,4,2,85,94,163,0,71,418,106,237,1,30,59,74,13,16,26,972,4153,5,44,10469,268,258,13,12,13809,1369,51,95,34
12,49,19,156,15,56,79,0,1,42,2,2,0,111,49,144,0,0,6,9,9,36,1,0,7,0,3,1,22,69,104,1,1,1,132,23,16,4,80,0,26,18,74,5,7,0,0,113,31,10,8485,2077,1292,424,5890,438,6,8,5,8,114,3,11,2,10980,611,436,1,22,84,2,85,20,40,2,52,69,32,17438,16,19,362,935,134,127,17,368,428,56,82,119,29,81,18,21,1369,43223,132,1228,96
0,7,7,15,2,1,10,2,4,27,3,2,0,22,4,74,2,4,16,6,9,13,0,1,5,1,1,1,7,14,43,0,3,1,41,50,9,2,31,1,13,6,27,6,2,0,3,12,1,7,423,2149,720,338,78,866,5,17,63,44,20458,114,26,5,1008,595,748,16,106,59,51,4346,20,19,5,25,17,1028,20617,27,37,233,5390,197,48,82,275,347,114,22,86,56,76,1001,93,51,132,56164,6588,440
0,2,1,11,0,2,9,4,9,39,3,4,2,15,2,96,7,13,36,13,28,12,1,5,8,3,12,0,2,22,30,1,2,4,48,56,14,0,28,4,14,18,35,13,3,0,3,9,1,11,246,1521,1444,184,85,1403,7,34,75,57,21585,300,61,18,3865,6402,1506,19,179,100,265,1700,37,47,19,43,66,126,2582,59,152,904,19462,780,121,79,431,575,1042,58,123,28,163,392,268,95,1228,6588,21269,11474
0,2,0,2,0,0,1,6,12,67,11,6,6,3,5,106,8,24,70,15,63,22,3,16,7,9,23,1,5,15,39,5,7,4,30,97,32,8,38,11,25,17,48,35,7,0,7,5,2,7,31,108,257,13,18,272,4,32,43,65,8492,793,617,200,8137,16148,1059,16,298,114,7353,1338,77,92,1322,77,115,151,268,188,263,1680,1522,771,115,162,655,542,9800,89,110,45,309,420,564,34,96,440,11474,23259
