27670,13944,20614,2883,12331,2632,527,0,0,40,6,0,0,27905,1345,328,0,0,0,0,0,25,0,0,0,0,0,0,7,38,35,0,0,0,25,1,0,0,5,0,14,57,52,0,0,0,0,213,81,135,0,0,0,10,0,0,0,0,0,0,0,0,0,0,0,0,0,0,0,0,0,0,0,0,0,0,0,0,0,0,0,0,0,0,0,0,0,0,0,0,0,0,0,0,0,0,0,0,0,0
13944,11875,8828,7776,440,508,664,0,0,10,2,0,0,6459,2502,125,0,0,0,0,0,6,0,0,0,0,0,0,0,8,9,0,0,0,5,0,1,0,1,0,4,13,32,0,0,0,0,56,1,30,0,0,0,28,0,0,0,0,0,0,0,0,0,0,0,0,0,0,0,0,0,0,0,0,0,0,0,0,0,0,0,0,0,0,0,0,0,0,0,0,0,0,0,0,0,0,0,0,0,0
20614,8828,24288,4115,5360,3436,2484,0,0,14,1,0,0,998,212,84,0,0,0,0,0,4,0,0,0,0,0,0,1,6,3,0,0,0,23,0,0,0,16,0,1,7,5,0,0,0,0,22,2,24,0,0,0,706,20,35,0,0,0,0,0,0,0,0,0,0,0,0,0,0,0,0,0,0,0,0,0,0,0,0,0,0,0,0,0,0,0,0,0,0,0,0,0,0,0,0,0,0,0,0
2883,7776,4115,47292,1159,2806,31302,0,0,659,55,1,0,1946,10153,8853,0,0,0,0,5,159,0,1,1,0,0,0,58,172,295,0,0,0,1571,6,17,0,301,0,82,336,1683,0,0,0,0,1696,51,1056,0,0,0,157,3,2,0,0,0,0,1,0,0,0,0,0,0,0,0,0,0,0,0,0,0,0,0,0,0,2,0,0,0,0,0,0,2,0,0,0,0,0,0,0,0,1,0,0,0,0
12331,440,5360,1159,48284,35452,856,0,0,203,48,0,0,20976,1369,328,0,0,0,0,1,129,2,0,0,0,0,0,104,628,85,0,0,0,44,2,8,0,43,0,121,687,76,0,0,0,0,627,1575,542,0,0,0,10,0,0,0,0,0,0,0,0,0,0,0,0,0,0,0,0,0,0,0,0,0,0,0,0,0,0,0,0,0,0,0,0,2,0,0,0,0,0,0,0,0,0,0,0,0,0
2632,508,3436,2806,35452,27515,8828,0,0,133,17,0,0,1386,777,472,0,0,0,0,0,54,1,0,0,0,0,0,34,147,72,1,0,0,138,2,66,0,330,0,33,185,77,0,0,0,0,5992,1795,351,38,28,1,1843,236,110,0,0,0,0,0,0,0,0,4,0,1,0,0,0,0,0,0,0,0,0,0,0,0,0,0,0,0,0,0,0,11,0,0,0,0,0,0,0,0,3,0,0,0,0
527,664,2484,31302,856,8828,22349,0,0,376,23,0,0,539,627,11520,0,0,0,0,1,73,0,2,0,0,0,0,25,54,48,0,0,0,3092,7,16,0,1296,0,30,128,82,1,0,0,0,290,17,414,1,1,0,1142,22,408,0,0,0,0,0,0,0,0,0,0,0,0,0,0,0,0,0,0,0,0,0,0,0,1,0,0,0,0,0,0,1,1,0,0,0,0,0,0,0,0,0,0,0,0
0,0,0,0,0,0,0,25126,3343,93,1609,876,3515,0,0,1070,369,21218,1335,14682,646,271,277,1370,28,234,81,2,0,0,1800,274,3798,5,0,1,8,1010,2,1,0,0,2,51,1246,7,8,0,0,0,0,0,0,0,0,0,0,0,0,0,0,0,0,0,0,0,0,0,0,0,0,0,0,0,0,0,0,0,0,1,0,0,0,0,0,0,1,0,0,0,0,0,0,0,0,0,0,0,0,0
0,0,0,0,0,0,0,3343,73288,57,1564,688,491,0,0,1317,215,1609,8885,13402,105,227,231,9570,9078,23,3112,4,2,0,644,72,285,16,5,339,2397,287,156,6,0,0,2,1537,41,11,22,2,0,8,0,0,0,0,0,0,0,0,0,0,0,0,0,0,0,0,0,0,0,0,0,0,0,0,0,0,0,0,0,0,0,0,0,0,0,0,0,0,0,0,0,0,0,0,0,0,0,0,0,0
40,10,14,659,203,133,376,93,57,37306,2431,235,24,1002,986,5550,16,481,14,13,3035,4366,16,221,4,34,24,1,461,816,9445,145,104,0,1798,187,1123,70,764,0,20008,17388,6583,12,28,4,2,874,150,9489,0,0,0,2,1,0,0,0,0,0,1,1,0,0,3,0,9,0,2,0,0,0,5,0,0,0,0,0,1,24,0,0,0,0,0,0,20,2,0,0,9,0,0,0,0,2,0,0,3,0
6,2,1,55,48,17,23,1609,1564,2431,2830,3868,6697,180,246,1177,1638,2063,522,845,489,3437,1300,2233,25,46,106,19,67,153,3554,370,4255,19,104,194,1300,152,448,9,58,208,290,44,38,55,68,206,32,286,0,0,0,0,0,0,0,0,0,0,1,0,0,0,2,0,1,0,0,0,0,0,0,0,0,0,0,1,0,2,0,0,0,0,0,2,4,2,0,0,0,0,0,1,0,1,0,0,0,1
0,0,0,1,0,0,0,876,688,235,3868,22977,25406,0,0,103,6757,3880,124,345,3292,110,2983,717,4,45,28,2,0,0,851,376,19277,0,0,25,69,127,53,0,0,0,42,29,47,13,85,0,0,3,0,0,0,0,0,0,0,0,0,0,0,0,0,0,0,0,0,0,1,0,0,0,0,0,0,0,0,0,0,1,0,0,0,0,0,0,2,0,0,0,0,0,0,0,0,0,0,0,0,0
0,0,0,0,0,0,0,3515,491,24,6697,25406,13252,0,2,36,11843,2234,42,3461,487,168,1603,191,0,6,20,0,0,0,82,81,23005,1,0,0,5,24,5,1,0,1,4,12,80,15,21,0,0,2,0,0,0,0,0,0,0,0,0,0,0,0,0,0,0,0,0,0,0,0,0,0,0,0,0,0,0,0,0,2,0,0,0,0,0,0,0,0,0,0,0,0,0,0,0,0,0,0,0,0
27905,6459,998,1946,20976,1386,539,0,0,1002,180,0,0,52063,14245,557,0,0,0,0,3,677,1,3,0,0,1,0,1366,29384,272,0,0,0,104,1,8,0,16,0,1458,9511,262,0,0,1,0,462,13868,6152,0,0,0,8,0,1,0,0,0,0,0,0,0,0,0,0,0,0,0,0,0,0,0,0,0,0,0,0,0,0,0,0,0,0,0,0,0,0,0,0,0,0,0,0,0,0,0,0,0,0
1345,2502,212,10153,1369,777,627,0,0,986,246,0,2,14245,17789,2084,0,0,0,0,16,404,0,3,0,0,0,0,254,1066,1024,0,1,1,103,7,38,0,48,0,195,2198,17223,0,0,0,0,892,165,16065,0,0,0,12,0,0,0,0,0,0,1,0,0,0,1,0,3,0,0,0,0,0,0,0,0,0,0,0,0,2,0,0,0,0,0,0,2,1,0,0,0,0,0,0,0,1,0,0,0,0
328,125,84,8853,328,472,11520,1070,1317,5550,1177,103,36,557,2084,34627,17,227,9313,1013,198,300,6,710,28,3,11,1,66,109,15114,11,17,1,11937,8728,5037,29,8152,0,78,339,5506,60,0,0,2,4790,31,2197,0,0,8,13,5,0,0,0,0,1,31,4,0,0,62,15,310,0,28,0,1,0,2,0,0,0,0,0,4,259,0,0,2,1,0,0,366,109,0,0,106,0,0,0,0,90,3,0,41,6
0,0,0,0,0,0,0,369,215,16,1638,6757,11843,0,0,17,4850,4055,22,22,6856,40,69,237,0,6,0,0,0,0,2112,37,343,0,0,1,7,9,4,0,0,0,6,2,5,1,6,0,0,0,0,0,0,0,0,0,0,0,0,0,0,0,0,0,0,0,1,0,0,0,0,0,0,0,0,0,0,0,0,1,0,0,0,0,0,0,2,0,0,0,0,0,0,0,0,0,0,0,0,0
0,0,0,0,0,0,0,21218,1609,481,2063,3880,2234,0,0,227,4055,4008,1087,1411,7512,95,56,733,1,76,16,0,0,0,7632,178,252,1,0,23,56,281,23,0,0,6,120,27,62,1,6,0,0,39,0,0,0,0,0,0,0,0,0,0,0,0,0,0,0,0,0,0,0,0,0,0,0,0,0,0,0,0,0,1,0,0,0,0,0,0,0,0,0,0,0,0,0,0,0,0,0,0,0,0
0,0,0,0,0,0,0,1335,8885,14,522,124,42,0,0,9313,22,1087,10694,287,25,48,15,1739,8,0,4,0,0,0,3568,5,19,1,8,3423,346,18,126,0,0,0,0,14,0,0,1,1,0,0,0,0,0,0,0,0,0,0,0,0,0,0,0,0,0,0,0,0,0,0,0,0,0,0,0,0,0,0,0,0,0,0,0,0,0,0,0,0,0,0,0,0,0,0,0,0,0,0,0,0
0,0,0,0,0,0,0,14682,13402,13,845,345,3461,0,0,1013,22,1411,287,31156,16,539,3293,474,8282,159,4452,38,3,2,2720,1041,7256,72,0,67,18,3766,25,18,1,3,0,1348,12553,400,303,1,0,2,0,0,0,0,0,0,0,0,0,0,0,0,0,0,0,0,0,0,0,0,0,0,0,0,0,0,0,3,0,0,0,0,0,0,0,0,0,0,0,0,0,0,0,0,1,0,0,0,0,0
0,0,0,5,1,0,1,646,105,3035,489,3292,487,3,16,198,6856,7512,25,16,14583,27,20,222,3,38,11,0,4,0,9776,193,269,1,4,8,24,82,14,0,5,556,10241,7,40,0,3,0,0,3101,0,0,0,0,0,0,0,0,0,0,0,0,0,0,0,0,1,0,0,0,0,0,0,0,0,0,0,0,0,1,0,0,0,0,0,0,1,0,0,0,0,0,0,0,0,0,0,0,0,0
25,6,4,159,129,54,73,271,227,4366,3437,110,168,677,404,300,40,95,48,539,27,16779,2666,136,12,53,54,1271,7111,1105,149,151,231,414,341,11,37,43,71,195,26768,1464,43,103,7,4271,479,431,97,1211,0,0,0,1,0,0,0,0,0,0,0,0,0,0,0,0,2,0,0,0,0,0,0,0,0,1,0,17,0,0,1,0,0,0,0,22,1,0,0,0,0,4,6,2,2,0,0,0,1,0
0,0,0,0,2,1,0,277,231,16,1300,2983,1603,1,0,6,69,56,15,3293,20,2666,9422,42,270,1538,2453,380,10,1,11,10016,16126,969,0,4,2,3097,4,365,1,0,0,2368,199,4065,6045,0,0,4,0,0,0,0,0,0,1,0,0,0,0,0,0,0,0,0,0,0,0,0,0,5,0,0,0,4,1,21,0,0,13,0,0,0,2,34,0,0,0,3,0,6,10,11,11,0,0,0,0,0
0,0,0,1,0,0,2,1370,9570,221,2233,717,191,3,3,710,237,733,1739,474,222,136,42,3049,205,3,82,1,2,1,1099,15,38,1,35,11128,17008,49,15400,2,2,4,7,112,1,6,0,15,0,22,0,0,0,0,0,0,0,0,0,0,0,0,0,0,0,0,1,0,0,0,0,0,0,0,0,0,10,0,0,0,0,0,0,0,0,0,1,0,0,0,0,0,0,0,0,0,0,0,2,0
0,0,0,1,0,0,0,28,9078,4,25,4,0,0,0,28,0,1,8,8282,3,12,270,205,14685,34,5619,1,0,0,5,128,141,10,1,17,5,385,6,16,0,0,0,1656,319,12,15,0,0,1,0,0,0,0,0,0,0,0,0,0,0,0,0,0,0,0,0,0,0,0,0,0,0,0,0,0,0,3,0,0,0,1,0,0,0,1,0,0,0,0,0,0,0,0,0,0,0,0,0,0
0,0,0,0,0,0,0,234,23,34,46,45,6,0,0,3,6,76,0,159,38,53,1538,3,34,17188,3403,137,1,0,87,23176,121,4874,0,2,0,7124,1,694,0,0,0,5099,2425,367,683,0,0,0,0,0,0,0,0,0,0,1,0,2,0,0,0,1,0,0,0,1,0,0,1,24,0,1,0,56,7,10,0,0,164,4,0,0,1,100,0,0,0,4,0,23,98,7,94,0,0,0,0,0
0,0,0,0,0,0,0,81,3112,24,106,28,20,1,0,11,0,16,4,4452,11,54,2453,82,5619,3403,27740,415,1,0,19,2627,496,579,0,4,295,10012,11,1681,0,0,3,16267,2785,166,429,1,0,1,0,0,0,0,0,0,0,0,0,0,0,0,0,0,0,0,0,0,0,0,0,3,1,1,0,5,1,26,0,0,10,4,0,0,0,25,0,0,0,3,0,11,11,6,11,0,0,0,0,0
0,0,0,0,0,0,0,2,4,1,19,2,0,0,0,1,0,0,0,38,0,1271,380,1,1,137,415,65952,63,1,0,201,11,7143,0,0,0,29,0,13753,1,0,0,212,1,13040,2637,0,0,1,0,0,0,0,0,0,0,0,1,1,0,0,0,0,0,0,0,2,0,0,0,36,0,0,0,9,10,1228,0,0,5,1,0,0,0,191,0,0,0,1,0,708,61,98,25,0,0,0,0,0
7,0,1,58,104,34,25,0,2,461,67,0,0,1366,254,66,0,0,0,3,4,7111,10,2,0,1,1,63,90324,7061,32,0,0,7,119,1,1,1,12,5,26967,1958,22,2,0,82,3,126,3774,516,0,0,0,0,0,0,0,0,0,0,0,0,0,0,0,0,0,0,0,0,0,0,0,0,0,0,0,0,0,0,0,0,0,0,0,1,0,0,0,0,0,0,0,0,0,0,0,0,0,0
38,8,6,172,628,147,54,0,0,816,153,0,0,29384,1066,109,0,0,0,2,0,1105,1,1,0,0,0,1,7061,21921,55,0,0,0,58,1,5,0,0,0,8468,24105,40,0,0,2,0,93,2581,1709,0,0,0,0,0,0,0,0,0,0,0,0,0,0,0,0,0,0,0,0,0,0,0,0,0,0,0,0,0,0,0,0,0,0,0,0,0,0,0,0,0,0,0,0,0,0,0,0,0,0
35,9,3,295,85,72,48,1800,644,9445,3554,851,82,272,1024,15114,2112,7632,3568,2720,9776,149,11,1099,5,87,19,0,32,55,28040,110,94,3,882,882,2835,488,1666,1,35,498,43230,21,34,0,5,518,8,5948,1,0,8,2,6,0,0,0,0,0,38,8,0,0,83,12,196,0,22,0,0,4,3,1,0,0,0,0,2,263,0,0,8,1,0,0,309,105,0,0,67,0,0,0,0,27,2,0,54,3
0,0,0,0,0,1,0,274,72,145,370,376,81,0,0,11,37,178,5,1041,193,151,10016,15,128,23176,2627,201,0,0,110,30570,7423,3593,0,1,0,4016,5,147,0,0,1,2706,8391,2149,29902,0,0,0,0,0,0,0,0,0,0,0,0,0,0,0,0,0,0,0,0,0,0,2,0,11,0,1,0,11,8,36,0,0,49,5,0,0,1,130,0,0,0,9,0,19,48,17,42,0,0,0,0,0
0,0,0,0,0,0,0,3798,285,104,4255,19277,23005,0,1,17,343,252,19,7256,269,231,16126,38,141,121,496,11,0,0,94,7423,16273,15,0,1,0,987,1,3,0,0,0,407,400,98,4964,0,0,4,0,0,0,0,0,0,0,0,0,0,0,0,0,0,0,0,0,0,0,0,0,0,0,0,0,0,0,0,0,0,1,0,0,0,0,0,0,0,0,0,0,0,1,0,0,0,0,0,0,0
0,0,0,0,0,0,0,5,16,0,19,0,1,0,1,1,0,1,1,72,1,414,969,1,10,4874,579,7143,7,0,3,3593,15,42580,0,1,0,122,0,13431,0,0,0,4271,8,2003,8716,0,0,2,0,0,0,0,0,0,0,0,0,3,4,0,2,0,0,0,0,6,0,1,0,71,0,4,0,35,26,1127,0,0,149,2,0,0,2,1142,0,0,0,2,0,641,193,360,324,0,0,0,0,0
25,5,23,1571,44,138,3092,0,5,1798,104,0,0,104,103,11937,0,0,8,0,4,341,0,35,1,0,0,0,119,58,882,0,0,0,23384,965,331,1,17284,0,107,313,49,0,0,0,1,2369,10,236,0,0,0,1,0,0,0,0,0,0,1,0,0,0,0,0,17,0,0,0,0,0,1,0,0,0,0,0,0,11,0,0,0,0,0,0,18,2,0,0,10,0,0,0,0,9,1,0,1,0
1,0,0,6,2,2,7,1,339,187,194,25,0,1,7,8728,1,23,3423,67,8,11,4,11128,17,2,4,0,1,1,882,1,1,1,965,18251,1218,26,6413,0,1,3,21,51,1,1,0,101,0,12,0,0,0,0,0,0,0,0,0,0,1,0,0,0,1,0,8,0,0,0,0,1,0,0,0,0,0,0,0,12,0,0,0,0,0,0,27,3,0,0,6,0,0,0,0,1,0,0,5,1
0,1,0,17,8,66,16,8,2397,1123,1300,69,5,8,38,5037,7,56,346,18,24,37,2,17008,5,0,295,0,1,5,2835,0,0,0,331,1218,2041,2,6952,0,2,7,68,8,1,0,0,1348,11,137,1,0,1,0,4,0,0,0,0,0,0,0,0,0,5,1,54,1,2,7,0,0,35,1,0,0,0,0,0,13,0,0,0,0,0,0,42,21,0,0,28,0,0,0,0,63,0,0,4,0
0,0,0,0,0,0,0,1010,287,70,152,127,24,0,0,29,9,281,18,3766,82,43,3097,49,385,7124,10012,29,1,0,488,4016,987,122,1,26,2,21246,23,36,0,0,0,18762,14913,107,334,0,0,0,0,0,0,0,0,0,0,0,0,0,0,0,0,0,0,0,0,0,0,0,0,1,0,0,0,9,0,2,0,0,1,1,0,0,0,2,0,0,0,8,0,0,1,0,2,0,0,0,0,0
5,1,16,301,43,330,1296,2,156,764,448,53,5,16,48,8152,4,23,126,25,14,71,4,15400,6,1,11,0,12,0,1666,5,1,0,17284,6413,6952,23,27963,0,5,32,71,36,0,0,0,8525,19,84,2,0,1,25,4,1,0,0,0,1,2,3,0,0,9,1,45,0,0,0,0,0,2,0,0,0,0,0,0,36,0,0,2,0,0,0,78,16,0,0,19,0,0,0,0,88,4,0,8,1
0,0,0,0,0,0,0,1,6,0,9,0,1,0,0,0,0,0,0,18,0,195,365,2,16,694,1681,13753,5,0,1,147,3,13431,0,0,0,36,0,40871,0,0,0,6819,1,895,1663,0,0,0,0,0,0,0,0,0,0,0,1,1,1,1,0,0,0,0,0,3,0,1,1,28,0,2,0,5,14,1300,3,0,23,3,0,0,0,434,0,0,0,1,0,692,82,170,89,0,0,0,0,0
14,4,1,82,121,33,30,0,0,20008,58,0,0,1458,195,78,0,0,0,1,5,26768,1,2,0,0,0,1,26967,8468,35,0,0,0,107,1,2,0,5,0,84343,7925,15,0,0,1,1,155,386,462,0,0,0,0,0,0,0,0,0,0,0,0,0,0,0,0,0,0,0,0,0,0,0,0,0,0,0,0,0,0,0,0,0,0,0,0,0,0,0,0,0,0,0,0,0,0,0,0,0,0
57,13,7,336,687,185,128,0,0,17388,208,0,1,9511,2198,339,0,6,0,3,556,1464,0,4,0,0,0,0,1958,24105,498,0,0,0,313,3,7,0,32,0,7925,21214,331,0,0,0,0,356,706,8624,0,0,0,0,0,0,0,0,0,0,0,0,0,0,0,0,0,0,0,0,0,1,0,0,0,0,0,0,0,0,0,0,0,0,0,0,0,0,0,0,0,0,0,0,0,0,0,0,0,0
52,32,5,1683,76,77,82,2,2,6583,290,42,4,262,17223,5506,6,120,0,0,10241,43,0,7,0,0,3,0,22,40,43230,1,0,0,49,21,68,0,71,0,15,331,74562,1,0,0,0,207,12,11779,1,0,0,1,1,0,0,0,0,0,1,3,0,0,5,0,10,0,2,0,0,1,0,0,0,0,0,0,0,17,0,0,0,0,0,0,15,6,0,0,3,0,0,0,0,2,0,0,5,0
0,0,0,0,0,0,1,51,1537,12,44,29,12,0,0,60,2,27,14,1348,7,103,2368,112,1656,5099,16267,212,2,0,21,2706,407,4271,0,51,8,18762,36,6819,0,0,1,55504,612,343,554,0,0,0,0,0,0,0,0,0,1,0,0,0,0,0,0,0,0,0,0,1,0,0,0,17,0,0,0,27,7,62,0,0,99,3,0,0,1,184,0,0,0,3,0,41,63,21,87,0,0,0,0,0
0,0,0,0,0,0,0,1246,41,28,38,47,80,0,0,0,5,62,0,12553,40,7,199,1,319,2425,2785,1,0,0,34,8391,400,8,0,1,1,14913,0,1,0,0,0,612,15782,26,21,0,0,1,0,0,0,0,0,0,0,0,0,0,0,0,0,0,0,0,0,0,0,0,0,0,0,0,0,1,0,0,0,0,0,1,0,0,0,0,0,0,0,0,0,0,0,0,1,0,0,0,0,0
0,0,0,0,0,0,0,7,11,4,55,13,15,1,0,0,1,1,0,400,0,4271,4065,6,12,367,166,13040,82,2,0,2149,98,2003,0,1,0,107,0,895,1,0,0,343,26,13520,6610,0,0,1,0,0,0,0,0,0,0,0,0,1,0,1,0,0,0,0,0,0,0,0,0,12,0,1,0,3,7,400,0,0,7,0,0,0,0,213,0,0,0,1,0,87,33,50,26,0,0,0,0,0
0,0,0,0,0,0,0,8,22,2,68,85,21,0,0,2,6,6,1,303,3,479,6045,0,15,683,429,2637,3,0,5,29902,4964,8716,1,0,0,334,0,1663,1,0,0,554,21,6610,36583,0,0,0,0,0,0,0,0,0,0,0,0,1,0,1,0,0,0,0,0,4,0,1,0,29,0,1,0,23,10,921,0,0,53,2,0,0,2,748,0,0,0,8,0,421,122,234,132,0,0,0,0,0
213,56,22,1696,627,5992,290,0,2,874,206,0,0,462,892,4790,0,0,1,1,0,431,0,15,0,0,1,0,126,93,518,0,0,0,2369,101,1348,0,8525,0,155,356,207,0,0,0,0,7017,255,646,0,0,0,4,6,0,0,0,0,0,1,0,0,0,1,1,49,0,3,0,0,1,9,0,0,0,0,0,0,18,0,0,0,0,0,0,220,14,0,0,38,0,0,0,0,93,1,0,0,2
81,1,2,51,1575,1795,17,0,0,150,32,0,0,13868,165,31,0,0,0,0,0,97,0,0,0,0,0,0,3774,2581,8,0,0,0,10,0,11,0,19,0,386,706,12,0,0,0,0,255,5613,128,0,0,0,1,0,0,0,0,0,0,0,0,0,0,0,0,0,0,0,0,0,0,0,0,0,0,0,0,0,0,0,0,0,0,0,0,1,0,0,0,0,0,0,0,0,0,0,0,0,0
135,30,24,1056,542,351,414,0,8,9489,286,3,2,6152,16065,2197,0,39,0,2,3101,1211,4,22,1,0,1,1,516,1709,5948,0,4,2,236,12,137,0,84,0,462,8624,11779,0,1,1,0,646,128,17279,0,0,1,2,0,0,0,0,0,0,1,1,0,0,2,0,10,0,2,0,0,0,0,0,0,0,0,0,0,14,0,0,0,0,0,0,11,2,0,0,4,0,0,0,0,1,1,0,4,1
0,0,0,0,0,38,1,0,0,0,0,0,0,0,0,0,0,0,0,0,0,0,0,0,0,0,0,0,0,0,1,0,0,0,0,0,1,0,2,0,0,0,1,0,0,0,0,0,0,0,41210,12348,5891,27233,20470,598,0,0,0,0,60,12,0,0,22479,179,254,2,12,1,0,31,23,0,0,0,0,0,165,64,0,0,875,26,0,0,42,194,1,0,93,0,0,0,0,1029,4552,9,762,10
0,0,0,0,0,28,1,0,0,0,0,0,0,0,0,0,0,0,0,0,0,0,0,0,0,0,0,0,0,0,0,0,0,0,0,0,0,0,0,0,0,0,0,0,0,0,0,0,0,0,12348,41078,3428,28040,1474,3033,0,0,0,0,8,1,0,0,9875,11,17,0,0,0,0,6,3,0,0,0,0,0,12,11,0,0,127,1,0,0,5,36,0,0,12,0,0,0,0,82,45,1,67,0
0,0,0,0,0,1,0,0,0,0,0,0,0,0,0,8,0,0,0,0,0,0,0,0,0,0,0,0,0,0,8,0,0,0,0,0,1,0,1,0,0,0,0,0,0,0,0,0,0,1,5891,3428,34473,4460,10897,16530,0,0,0,0,115,18,0,0,10909,8784,4426,0,2,0,2,26,11,0,0,0,0,0,62,291,0,0,285,461,0,0,45,4329,45,0,339,0,0,0,0,2176,205,4,384,21
10,28,706,157,10,1843,1142,0,0,2,0,0,0,8,12,13,0,0,0,0,0,1,0,0,0,0,0,0,0,0,2,0,0,0,1,0,0,0,25,0,0,0,1,0,0,0,0,4,1,2,27233,28040,4460,50831,18085,7375,0,0,0,0,13,5,0,0,4965,61,113,2,1,0,0,6,5,0,0,0,0,0,47,27,0,0,330,7,0,0,18,125,0,0,58,0,0,0,0,651,327,5,216,0
0,0,20,3,0,236,22,0,0,1,0,0,0,0,0,5,0,0,0,0,0,0,0,0,0,0,0,0,0,0,6,0,0,0,0,0,4,0,4,0,0,0,1,0,0,0,0,6,0,0,20470,1474,10897,18085,17770,7666,0,0,1,0,30,18,0,0,4010,168,353,1,9,0,0,25,14,0,0,0,0,0,75,85,0,0,367,22,0,0,55,367,1,0,243,0,0,0,0,3397,4214,5,292,3
0,0,35,2,0,110,408,0,0,0,0,0,0,1,0,0,0,0,0,0,0,0,0,0,0,0,0,0,0,0,0,0,0,0,0,0,0,0,1,0,0,0,0,0,0,0,0,0,0,0,598,3033,16530,7375,7666,38567,0,0,0,1,47,19,0,0,662,11,5645,0,0,0,1,1,1,0,0,0,0,0,5,4,0,0,38,1,0,0,1,370,0,0,18,0,0,0,0,157,17,0,65,9
0,0,0,0,0,0,0,0,0,0,0,0,0,0,0,0,0,0,0,0,0,0,1,0,0,0,0,0,0,0,0,0,0,0,0,0,0,0,0,0,0,0,0,1,0,0,0,0,0,0,0,0,0,0,0,0,2539,6899,171,752,238,1906,189,1303,0,1,3,6584,22,4186,760,183,208,392,0,33,18,3,3,27,47,4184,0,1,3843,36,6,1,10,134,0,2,13,49,53,0,0,0,1,2
0,0,0,0,0,0,0,0,0,0,0,0,0,0,0,0,0,0,0,0,0,0,0,0,0,1,0,0,0,0,0,0,0,0,0,0,0,0,0,0,0,0,0,0,0,0,0,0,0,0,0,0,0,0,0,0,6899,23521,4987,1445,85,2138,93,878,0,1,18,9920,176,7509,196,366,464,38,3,106,6,5,0,96,13,324,0,0,1351,16,3,1,4,485,1,1,19,30,34,0,0,0,1,1
0,0,0,0,0,0,0,0,0,0,0,0,0,0,0,0,0,0,0,0,0,0,0,0,0,0,0,1,0,0,0,0,0,0,0,0,0,0,0,1,0,0,0,0,0,0,0,0,0,0,0,0,0,0,1,0,171,4987,4557,5654,279,734,37,83,3,9,113,1872,6286,1727,175,117,1673,70,11,51,7,0,1,3833,4,37,3,3,283,6,100,49,11,547,38,0,29,1,5,4,2,0,45,33
0,0,0,0,0,0,0,0,0,0,0,0,0,0,0,1,0,0,0,0,0,0,0,0,0,2,0,1,0,0,0,0,0,3,0,0,0,0,1,1,0,0,0,0,0,1,1,0,0,0,0,0,0,0,0,1,752,1445,5654,51291,455,1505,101,353,4,8,119,769,2751,10629,251,330,11027,13931,6,43,646,12,3,163,35,272,2,2,68,61,98,40,12,678,33,35,761,79,109,6,1,1,42,32
0,0,0,1,0,0,0,0,0,1,1,0,0,0,1,31,0,0,0,0,0,0,0,0,0,0,0,0,0,0,38,0,0,4,1,1,0,0,2,1,0,0,1,0,0,0,0,1,0,1,60,8,115,13,30,47,238,85,279,455,27955,1950,250,654,545,1077,2593,2816,887,73,3782,1387,2202,26,332,71,9,20,365,4308,120,303,286,503,24,110,839,2436,2538,33,472,8,43,163,228,1081,365,27582,55900,16579
0,0,0,0,0,0,0,0,0,1,0,0,0,0,0,4,0,0,0,0,0,0,0,0,0,0,0,0,0,0,8,0,0,0,0,0,0,0,3,1,0,0,3,0,0,1,1,0,0,1,12,1,18,5,18,19,1906,2138,734,1505,1950,6569,4879,7272,97,54,596,6540,273,1820,5137,6204,1229,78,24,104,36,42,38,424,120,3186,22,13,99,173,128,1478,65,230,80,18,128,247,314,161,36,5,119,24
0,0,0,0,0,0,0,0,0,0,0,0,0,0,0,0,0,0,0,0,0,0,0,0,0,0,0,0,0,0,0,0,0,2,0,0,0,0,0,0,0,0,0,0,0,0,0,0,0,0,0,0,0,0,0,0,189,93,37,101,250,4879,14253,14956,0,1,3,4580,8,283,1649,3251,25,21,2,29,24,5,1,5,8,16487,0,0,27,14,0,0,5,173,0,4,25,62,95,0,0,0,1,3
0,0,0,0,0,0,0,0,0,0,0,0,0,0,0,0,0,0,0,0,0,0,0,0,0,1,0,0,0,0,0,0,0,0,0,0,0,0,0,0,0,0,0,0,0,0,0,0,0,0,0,0,0,0,0,0,1303,878,83,353,654,7272,14956,9733,0,0,1,13689,14,1189,2093,1234,113,141,4,20,14,6,2,26,24,19243,0,0,262,31,1,0,14,60,0,3,22,83,114,0,0,0,3,8
0,0,0,0,0,4,0,0,0,3,2,0,0,0,1,62,0,0,0,0,0,0,0,0,0,0,0,0,0,0,83,0,0,0,0,1,5,0,9,0,0,0,5,0,0,0,0,1,0,2,22479,9875,10909,4965,4010,662,0,0,3,4,545,97,0,0,63362,4813,1137,85,80,1,14,249,112,1,0,0,0,0,1955,2321,0,0,18647,469,0,0,461,526,167,0,320,0,0,0,0,1142,7549,98,7520,1766
0,0,0,0,0,0,0,0,0,0,0,0,0,0,0,15,0,0,0,0,0,0,0,0,0,0,0,0,0,0,12,0,0,0,0,0,1,0,1,0,0,0,0,0,0,0,0,1,0,0,179,11,8784,61,168,11,1,1,9,8,1077,54,1,0,4813,40836,10406,371,40,1,324,13,45,1,49,3,0,0,67,6928,2,0,6485,13723,0,0,134,341,12180,2,178,1,0,0,0,251,123,4,4002,9190
0,0,0,0,0,1,0,0,0,9,1,0,0,0,3,310,1,0,0,0,1,2,0,1,0,0,0,0,0,0,196,0,0,0,17,8,54,0,45,0,0,0,10,0,0,0,0,49,0,10,254,17,4426,113,353,5645,3,18,113,119,2593,596,3,1,1137,10406,58748,95,14447,83,151,26,306,4,8,3,0,1,24,10389,1,1,42,4771,1,2,1581,18997,425,15,4893,0,5,1,0,2879,43,3,525,292
0,0,0,0,0,0,0,0,0,0,0,0,0,0,0,0,0,0,0,0,0,0,0,0,0,1,0,2,0,0,0,0,0,6,0,0,1,0,0,3,0,0,0,1,0,0,4,0,0,0,2,0,0,2,1,0,6584,9920,1872,769,2816,6540,4580,13689,85,371,95,11176,518,535,15022,629,930,73,455,1022,14,83,3,1496,479,1310,19,44,1711,473,142,33,1233,1669,21,18,75,257,407,6,5,1,670,1630
0,0,0,0,0,0,0,0,0,2,0,1,0,0,0,28,0,0,0,0,0,0,0,0,0,0,0,0,0,0,22,0,0,0,0,0,2,0,0,0,0,0,2,0,0,0,0,3,0,2,12,0,2,1,9,0,22,176,6286,2751,887,273,8,14,80,40,14447,518,22406,378,236,45,7244,24,104,0,2,0,18,5367,1,7,21,3,7,0,1583,3551,44,45,1283,1,20,1,1,127,13,1,300,112
0,0,0,0,0,0,0,0,0,0,0,0,0,0,0,0,0,0,0,0,0,0,0,0,0,0,0,0,0,0,0,2,0,1,0,0,7,0,0,1,0,0,0,0,0,0,1,0,0,0,1,0,0,0,0,0,4186,7509,1727,10629,73,1820,283,1189,1,1,83,535,378,14412,69,1325,1003,11195,0,76,229,47,2,447,67,3885,1,0,4850,106,102,18,1,2308,10,8,801,134,151,2,2,0,1,1
0,0,0,0,0,0,0,0,0,0,0,0,0,0,0,1,0,0,0,0,0,0,0,0,0,1,0,0,0,0,0,0,0,0,0,0,0,0,0,1,0,0,0,0,0,0,0,0,0,0,0,0,2,0,0,1,760,196,175,251,3782,5137,1649,2093,14,324,151,15022,236,69,15140,240,724,6,7089,51,5,11,0,5863,102,233,0,234,17,91,175,80,2906,42,129,4,24,89,122,0,0,1,291,13419
0,0,0,0,0,0,0,0,0,0,0,0,0,0,0,0,0,0,0,0,0,0,5,0,0,24,3,36,0,0,4,11,0,71,0,1,0,1,0,28,0,1,1,17,0,12,29,1,0,0,31,6,26,6,25,1,183,366,117,330,1387,6204,3251,1234,249,13,26,629,45,1325,240,31294,278,217,0,1656,1135,3237,3043,48,793,16335,860,1,415,1982,77,59,2,3564,25,313,2228,5727,8253,134,556,4014,3621,6
0,0,0,0,0,0,0,0,0,5,0,0,0,0,0,2,0,0,0,0,0,0,0,0,0,0,1,0,0,0,3,0,0,0,1,0,35,0,2,0,0,0,0,0,0,0,0,9,0,0,23,3,11,5,14,1,208,464,1673,11027,2202,1229,25,113,112,45,306,930,7244,1003,724,278,4213,1032,135,12,80,3,114,457,8,86,101,11,72,13,15370,2598,101,225,2207,5,142,8,17,128,132,14,666,195
0,0,0,0,0,0,0,0,0,0,0,0,0,0,0,0,0,0,0,0,0,0,0,0,0,1,1,0,0,0,1,1,0,4,0,0,1,0,0,2,0,0,0,0,0,1,1,0,0,0,0,0,0,0,0,0,392,38,70,13931,26,78,21,141,1,1,4,73,24,11195,6,217,1032,24092,0,78,5350,21,1,34,27,892,0,0,4514,66,18,1,0,3674,5,186,4082,14,31,0,1,0,2,1
0,0,0,0,0,0,0,0,0,0,0,0,0,0,0,0,0,0,0,0,0,0,0,0,0,0,0,0,0,0,0,0,0,0,0,0,0,0,0,0,0,0,0,0,0,0,0,0,0,0,0,0,0,0,0,0,0,3,11,6,332,24,2,4,0,49,8,455,104,0,7089,0,135,0,19075,0,0,0,0,10061,1,0,0,11,0,0,90,34,12508,1,90,0,0,0,1,0,0,0,105,3478
0,0,0,0,0,0,0,0,0,0,0,0,0,0,0,0,0,0,0,0,0,1,4,0,0,56,5,9,0,0,0,11,0,35,0,0,0,9,0,5,0,0,0,27,1,3,23,0,0,0,0,0,0,0,0,0,33,106,51,43,71,104,29,20,0,3,3,1022,0,76,51,1656,12,78,0,25737,4215,233,0,2,15061,1506,0,0,13591,3798,0,1,5,4782,0,306,9881,223,910,0,0,0,14,11
0,0,0,0,0,0,0,0,0,0,0,0,0,0,0,0,0,0,0,0,0,0,1,10,0,7,1,10,0,0,0,8,0,26,0,0,0,0,0,14,0,0,0,7,0,7,10,0,0,0,0,0,0,0,0,0,18,6,7,646,9,36,24,14,0,0,0,14,2,229,5,1135,80,5350,0,4215,19054,175,0,3,2376,996,0,0,2392,724,5,0,0,7920,3,2860,15714,97,674,0,0,0,0,0
0,0,0,0,0,0,0,0,0,0,1,0,0,0,0,0,0,0,0,3,0,17,21,0,3,10,26,1228,0,0,0,36,0,1127,0,0,0,2,0,1300,0,0,0,62,0,400,921,0,0,0,0,0,0,0,0,0,3,5,0,12,20,42,5,6,0,0,1,83,0,47,11,3237,3,21,0,233,175,54092,274,0,35,43,2,0,27,12013,0,0,0,90,0,18359,668,14536,911,0,1,31,3,0
0,0,0,0,0,0,0,0,0,1,0,0,0,0,0,4,0,0,0,0,0,0,0,0,0,0,0,0,0,0,2,0,0,0,0,0,0,0,0,3,0,0,0,0,0,0,0,0,0,0,165,12,62,47,75,5,3,0,1,3,365,38,1,2,1955,67,24,3,18,2,0,3043,114,1,0,0,0,274,120545,43,0,2,20300,1,1,24,50,31,2,1,14,9,2,118,6,136,10330,25910,5290,18
0,0,0,2,0,0,1,1,0,24,2,1,2,0,2,259,1,1,0,0,1,0,0,0,0,0,0,0,0,0,263,0,0,0,11,12,13,0,36,0,0,0,17,0,0,0,0,18,0,14,64,11,291,27,85,4,27,96,3833,163,4308,424,5,26,2321,6928,10389,1496,5367,447,5863,48,457,34,10061,2,3,0,43,7983,4,7,231,3056,1,4,1596,1547,5796,120,1652,0,26,2,4,728,65,4,1418,2901
0,0,0,0,0,0,0,0,0,0,0,0,0,0,0,0,0,0,0,0,0,1,13,0,0,164,10,5,0,0,0,49,1,149,0,0,0,1,0,23,0,0,0,99,0,7,53,0,0,0,0,0,0,0,0,0,47,13,4,35,120,120,8,24,0,2,1,479,1,67,102,793,8,27,1,15061,2376,35,0,4,16071,7866,0,0,3126,14475,0,0,5,869,0,324,1470,377,8117,0,0,0,12,9
0,0,0,0,0,0,0,0,0,0,0,0,0,0,0,0,0,0,0,0,0,0,0,0,1,4,4,1,0,0,0,5,0,2,0,0,0,1,0,3,0,0,0,3,1,0,2,0,0,0,0,0,0,0,0,0,4184,324,37,272,303,3186,16487,19243,0,0,1,1310,7,3885,233,16335,86,892,0,1506,996,43,2,7,7866,22238,0,0,6166,495,2,1,1,5035,0,20,682,345,10285,0,0,1,3,6
0,0,0,0,0,0,0,0,0,0,0,0,0,0,0,2,0,0,0,0,0,0,0,0,0,0,0,0,0,0,8,0,0,0,0,0,0,0,2,0,0,0,0,0,0,0,0,0,0,0,875,127,285,330,367,38,0,0,3,2,286,22,0,0,18647,6485,42,19,21,1,0,860,101,0,0,0,0,2,20300,231,0,0,66749,9,0,0,95,56,61,0,33,1,0,1,0,137,5145,13857,44006,847
0,0,0,0,0,0,0,0,0,0,0,0,0,0,0,1,0,0,0,0,0,0,0,0,0,0,0,0,0,0,1,0,0,0,0,0,0,0,0,0,0,0,0,0,0,0,0,0,0,0,26,1,461,7,22,1,1,0,3,2,503,13,0,0,469,13723,4771,44,3,0,234,1,11,0,11,0,0,0,1,3056,0,0,9,19834,0,0,17,8,8220,0,6,0,0,0,0,9,0,0,94,221
0,0,0,0,0,0,0,0,0,0,0,0,0,0,0,0,0,0,0,0,0,0,2,0,0,1,0,0,0,0,0,1,0,2,0,0,0,0,0,0,0,0,0,1,0,0,2,0,0,0,0,0,0,0,0,0,3843,1351,283,68,24,99,27,262,0,0,1,1711,7,4850,17,415,72,4514,0,13591,2392,27,1,1,3126,6166,0,0,29850,140,75,0,0,11409,0,5,658,63,385,0,0,0,1,1
0,0,0,0,0,0,0,0,0,0,2,0,0,0,0,0,0,0,0,0,0,22,34,0,1,100,25,191,1,0,0,130,0,1142,0,0,0,2,0,434,0,0,0,184,0,213,748,0,0,0,0,0,0,0,0,0,36,16,6,61,110,173,14,31,0,0,2,473,0,106,91,1982,13,66,0,3798,724,12013,24,4,14475,495,0,0,140,50733,1,0,4,258,0,4304,5208,7968,3914,0,0,3,12,5
0,0,0,2,2,11,1,1,0,20,4,2,0,0,2,366,2,0,0,0,1,1,0,1,0,0,0,0,0,0,309,0,0,0,18,27,42,0,78,0,0,0,15,0,0,0,0,220,1,11,42,5,45,18,55,1,6,3,100,98,839,128,0,1,461,134,1581,142,1583,102,175,77,15370,18,90,0,5,0,50,1596,0,2,95,17,75,1,3652,1680,58,11,3258,0,0,0,2,754,88,8,639,127
0,0,0,0,0,0,1,0,0,2,2,0,0,0,1,109,0,0,0,0,0,0,0,0,0,0,0,0,0,0,105,0,0,0,2,3,21,0,16,0,0,0,6,0,0,0,0,14,0,2,194,36,4329,125,367,370,1,1,49,40,2436,1478,0,0,526,341,18997,33,3551,18,80,59,2598,1,34,1,0,0,31,1547,0,1,56,8,0,0,1680,26883,17,8,16688,0,1,0,0,3593,51,5,1602,159
0,0,0,0,0,0,0,0,0,0,0,0,0,0,0,0,0,0,0,0,0,0,0,0,0,0,0,0,0,0,0,0,0,0,0,0,0,0,0,0,0,0,0,0,0,0,0,0,0,0,1,0,45,0,1,0,10,4,11,12,2538,65,5,14,167,12180,425,1233,44,1,2906,2,101,0,12508,5,0,0,2,5796,5,1,61,8220,0,4,58,17,29990,5,41,0,0,1,1,1,5,0,1254,9586
0,0,0,0,0,0,0,0,0,0,0,0,0,0,0,0,0,0,0,0,0,0,3,0,0,4,3,1,0,0,0,9,0,2,0,0,0,8,0,1,0,0,0,3,0,1,8,0,0,0,0,0,0,0,0,0,134,485,547,678,33,230,173,60,0,2,15,1669,45,2308,42,3564,225,3674,1,4782,7920,90,1,120,869,5035,0,0,11409,258,11,8,5,20973,2,56,18823,143,639,0,1,0,10,12
0,0,0,0,0,0,0,0,0,9,0,0,0,0,0,106,0,0,0,0,0,0,0,0,0,0,0,0,0,0,67,0,0,0,10,6,28,0,19,0,0,0,3,0,0,0,0,38,0,4,93,12,339,58,243,18,0,1,38,33,472,80,0,0,320,178,4893,21,1283,10,129,25,2207,5,90,0,3,0,14,1652,0,0,33,6,0,0,3258,16688,41,2,15151,0,2,0,0,11604,88,3,289,90
0,0,0,0,0,0,0,0,0,0,0,0,0,0,0,0,0,0,0,0,0,4,6,0,0,23,11,708,0,0,0,19,0,641,0,0,0,0,0,692,0,0,0,41,0,87,421,0,0,0,0,0,0,0,0,0,2,1,0,35,8,18,4,3,0,1,0,18,1,8,4,313,5,186,0,306,2860,18359,9,0,324,20,1,0,5,4304,0,0,0,56,0,51665,19389,850,646,0,0,1,1,0
0,0,0,0,0,0,0,0,0,0,0,0,0,0,0,0,0,0,0,0,0,6,10,0,0,98,11,61,0,0,0,48,1,193,0,0,0,1,0,82,0,0,0,63,0,33,122,0,0,0,0,0,0,0,0,0,13,19,29,761,43,128,25,22,0,0,5,75,20,801,24,2228,142,4082,0,9881,15714,668,2,26,1470,682,0,0,658,5208,0,1,0,18823,2,19389,55611,332,1352,0,0,0,2,1
0,0,0,0,0,0,0,0,0,0,1,0,0,0,0,0,0,0,0,0,0,2,11,0,0,7,6,98,0,0,0,17,0,360,0,0,0,0,0,170,0,0,0,21,0,50,234,0,0,0,0,0,0,0,0,0,49,30,1,79,163,247,62,83,0,0,1,257,1,134,89,5727,8,14,0,223,97,14536,118,2,377,345,1,0,63,7968,0,0,1,143,0,850,332,12344,13314,0,0,16,5,3
0,0,0,0,0,0,0,0,0,0,0,0,0,0,0,0,0,0,0,1,0,2,11,0,0,94,11,25,0,0,0,42,0,324,0,0,0,2,0,89,0,0,0,87,1,26,132,0,0,0,0,0,0,0,0,0,53,34,5,109,228,314,95,114,0,0,0,407,1,151,122,8253,17,31,1,910,674,911,6,4,8117,10285,0,0,385,3914,2,0,1,639,0,646,1352,13314,13286,0,0,1,2,4
0,0,0,1,0,3,0,0,0,2,1,0,0,0,1,90,0,0,0,0,0,0,0,0,0,0,0,0,0,0,27,0,0,0,9,1,63,0,88,0,0,0,2,0,0,0,0,93,0,1,1029,82,2176,651,3397,157,0,0,4,6,1081,161,0,0,1142,251,2879,6,127,2,0,134,128,0,0,0,0,0,136,728,0,0,137,9,0,0,754,3593,1,0,11604,0,0,0,0,9192,1312,18,2544,34
0,0,0,0,0,0,0,0,0,0,0,0,0,0,0,3,0,0,0,0,0,0,0,0,0,0,0,0,0,0,2,0,0,0,1,0,0,0,4,0,0,0,0,0,0,0,0,1,0,1,4552,45,205,327,4214,17,0,0,2,1,365,36,0,0,7549,123,43,5,13,2,0,556,132,1,0,0,0,1,10330,65,0,0,5145,0,0,0,88,51,5,1,88,0,0,0,0,1312,28263,1032,4310,21
0,0,0,0,0,0,0,0,0,0,0,0,0,0,0,0,0,0,0,0,0,0,0,0,0,0,0,0,0,0,0,0,0,0,0,0,0,0,0,0,0,0,0,0,0,0,0,0,0,0,9,1,4,5,5,0,0,0,0,1,27582,5,0,0,98,4,3,1,1,0,1,4014,14,0,0,0,0,31,25910,4,0,1,13857,0,0,3,8,5,0,0,3,1,0,16,1,18,1032,35525,1161,0
0,0,0,0,0,0,0,0,0,3,0,0,0,0,0,41,0,0,0,0,0,1,0,2,0,0,0,0,0,0,54,0,0,0,1,5,4,0,8,0,0,0,5,0,0,0,0,0,0,4,762,67,384,216,292,65,1,1,45,42,55900,119,1,3,7520,4002,525,670,300,1,291,3621,666,2,105,14,0,3,5290,1418,12,3,44006,94,1,12,639,1602,1254,10,289,1,2,5,2,2544,4310,1161,29374,14235
0,0,0,0,0,0,0,0,0,0,1,0,0,0,0,6,0,0,0,0,0,0,0,0,0,0,0,0,0,0,3,0,0,0,0,1,0,0,1,0,0,0,0,0,0,0,0,2,0,1,10,0,21,0,3,9,2,1,33,32,16579,24,3,8,1766,9190,292,1630,112,1,13419,6,195,1,3478,11,0,0,18,2901,9,6,847,221,1,5,127,159,9586,12,90,0,1,3,4,34,21,0,14235,8981
