17163,10549,6284,2075,11510,1411,448,1,2,43,1,3,4,9824,572,76,0,0,9,5,6,502,1,3,2,10,7,17,1157,655,2,23,18,8,34,15,21,5,26,1,820,90,60,21,36,6,10,73,1734,4,1,4,2,42,2,16,0,0,0,1,2,0,0,0,3,1,15,1,2,1,1,3,0,1,1,1,2,0,0,1,0,0,3,11,0,0,1,33,0,0,8,1,0,0,0,24,2,1,2,0
10549,33655,14190,20705,928,274,1424,17,4,122,5,6,7,6255,2881,239,0,1,11,27,3,614,3,13,11,20,6,8,820,812,7,36,19,15,100,13,29,16,51,0,823,155,112,22,46,7,8,112,356,17,3,10,8,9,13,46,0,0,1,2,2,1,0,0,3,2,24,0,7,2,1,1,1,1,1,0,0,0,3,0,0,1,9,6,0,0,3,49,0,0,14,0,0,0,0,65,2,4,1,0
6284,14190,46549,15956,7295,6410,14583,1,3,73,2,2,2,899,102,15,0,0,5,3,1,436,1,1,6,5,3,10,445,491,1,26,10,5,45,4,21,7,26,0,615,105,30,11,26,3,8,117,196,11,7,19,4,731,15,182,0,0,0,2,0,0,0,0,6,2,28,0,6,1,1,0,0,4,1,0,0,0,6,3,0,0,2,13,0,0,3,58,3,0,14,0,0,0,0,107,8,2,3,0
2075,20705,15956,31661,499,2226,13948,152,152,708,42,47,70,7177,13672,6740,12,17,339,228,74,884,44,59,186,210,86,28,989,1406,239,276,230,80,953,311,142,149,356,6,1059,450,1759,260,483,6,68,576,403,172,20,43,27,54,37,183,2,0,4,20,18,1,3,2,32,13,109,4,43,4,8,12,10,18,12,1,2,0,23,12,1,7,16,43,3,0,17,242,5,5,89,1,5,0,3,279,14,11,13,1
11510,928,7295,499,17278,22345,859,3,4,29,0,2,1,2701,74,52,1,1,3,3,1,163,2,6,8,8,12,5,468,162,2,24,13,7,73,5,19,9,48,2,212,22,39,12,21,3,6,305,3391,6,3,5,6,20,5,25,0,0,0,2,1,0,0,0,4,3,25,0,3,1,2,1,1,2,1,0,1,0,2,0,0,1,3,6,0,0,1,33,3,0,14,0,0,0,0,30,1,1,0,0
1411,274,6410,2226,22345,26498,18566,2,14,90,2,6,1,188,36,66,0,0,9,3,7,88,9,32,21,10,67,11,144,60,10,30,27,15,542,22,138,9,349,15,76,37,81,57,7,0,13,4057,2441,20,193,51,6,1468,117,408,0,0,0,0,9,0,0,0,8,5,22,0,5,1,0,2,3,2,2,0,1,0,5,0,0,3,7,8,0,0,1,60,0,0,16,2,1,0,2,158,12,2,1,0
448,1424,14583,13948,859,18566,21532,31,184,636,37,21,17,1257,723,2056,4,2,145,90,72,529,42,342,215,104,377,24,320,488,141,150,151,43,3504,508,573,68,3316,47,499,266,688,343,135,7,81,3617,374,107,34,114,63,365,140,924,0,4,4,19,33,3,1,1,58,26,177,5,50,4,17,15,19,19,7,3,0,1,67,22,1,4,56,72,4,1,21,471,7,5,134,6,12,5,3,732,36,15,21,8
1,17,1,152,3,2,31,27858,8720,125,1641,1480,10564,167,276,431,4139,4106,2741,6419,1042,2374,393,41,644,99,104,20,23,57,1661,217,1057,28,27,102,2212,325,41,3,26,49,2006,168,1389,81,139,26,7,62,0,2,3,0,0,4,102,127,33,1181,16,14,58,46,4,7,19,27,66,227,27,23,62,328,5,4,77,1,7,8,5,100,2,6,27,1,301,32,4,11,15,1,20,0,5,2,0,7,7,3
2,4,3,152,4,14,184,8720,45417,329,1554,4025,5239,68,58,584,1934,630,5996,3505,2032,2504,806,6504,5044,80,1329,54,16,33,349,209,776,43,399,2666,5856,241,856,31,34,55,712,518,379,192,466,65,14,61,0,2,10,0,3,9,214,327,77,2405,99,34,102,111,5,17,42,77,387,329,99,53,157,541,34,12,127,0,3,37,18,199,9,13,48,5,417,98,2,30,48,3,33,3,21,16,0,10,22,8
43,122,73,708,29,90,636,125,329,42000,4956,6430,386,333,451,855,132,12,904,143,6369,4992,775,107,168,164,202,100,235,211,85,1742,1218,121,536,1067,932,100,1177,16,11420,7676,2408,503,226,124,1485,708,112,3625,1,4,23,3,9,40,2,8,55,128,108,12,6,0,19,15,217,25,321,12,62,26,87,31,60,30,16,1,30,65,23,9,49,72,8,8,108,446,41,6,224,3,33,2,15,58,5,25,39,16
1,5,2,42,0,2,37,1641,1554,4956,5542,6524,528,20,19,189,112,73,1019,292,1800,4446,1559,40,189,22,47,19,19,15,55,60,292,10,78,337,348,46,211,3,137,134,227,102,35,69,261,55,11,27,0,1,3,0,2,6,1,8,11,64,17,1,2,1,0,3,24,23,56,4,25,8,22,16,14,7,4,0,2,16,4,8,12,16,4,1,27,75,4,5,31,0,13,0,2,7,0,10,8,6
3,6,2,47,2,6,21,1480,4025,6430,6524,19800,11086,65,88,154,2176,185,608,1493,8379,2605,3789,73,2840,38,350,30,49,152,357,255,6087,30,55,230,599,294,130,8,308,504,1304,472,221,95,508,42,5,406,1,0,2,0,1,3,8,16,15,165,24,4,18,2,1,4,17,9,47,46,12,19,20,197,3,11,88,0,1,7,7,48,3,3,32,5,40,37,0,33,8,0,32,0,15,3,1,0,9,0
4,7,2,70,1,1,17,10564,5239,386,528,11086,26061,231,383,304,9187,1058,1300,3857,2602,490,265,34,2389,38,179,5,43,173,1657,321,3612,16,41,122,1056,132,35,1,66,281,1932,138,778,24,96,16,5,356,1,1,3,0,0,2,51,49,3,590,4,6,45,12,1,6,16,3,36,150,4,20,31,330,2,2,139,0,4,1,1,63,3,2,16,0,138,27,1,12,10,0,17,1,2,2,0,1,4,1
9824,6255,899,7177,2701,188,1257,167,68,333,20,65,231,67148,14731,1542,30,17,162,347,81,747,52,26,176,418,59,88,11331,20268,65,1727,915,187,495,113,185,218,332,9,1887,1250,3465,235,1440,18,288,360,10147,737,8,21,27,7,32,113,0,0,3,16,28,2,1,0,18,21,138,3,31,5,10,15,7,19,13,3,9,0,18,17,2,4,28,65,2,1,14,260,11,5,136,1,3,2,4,124,10,12,19,0
572,2881,102,13672,74,36,723,276,58,451,19,88,383,14731,15162,2261,79,38,236,367,137,424,33,17,126,197,45,20,950,2041,136,800,666,75,201,93,77,151,128,6,802,2568,14655,131,1188,7,112,139,172,7315,2,6,1,0,3,12,1,2,2,5,11,1,1,2,3,1,34,2,20,2,4,1,2,13,3,2,1,0,6,4,3,1,3,9,3,1,4,59,0,1,23,0,7,0,1,39,3,1,5,1
76,239,15,6740,52,66,2056,431,584,855,189,154,304,1542,2261,25417,144,96,6398,485,383,466,60,71,353,159,66,19,246,376,9435,267,366,56,2696,2557,279,182,558,3,352,289,11726,303,465,8,69,314,92,191,4,10,14,3,17,53,1,1,14,38,48,3,6,1,16,10,95,9,118,14,25,14,27,30,11,2,6,0,17,30,6,4,29,43,9,1,25,230,11,5,103,0,12,0,3,74,4,10,17,8
0,0,0,12,1,0,4,4139,1934,132,112,2176,9187,30,79,144,7678,2377,1100,175,3788,94,57,14,79,4,15,3,9,29,2272,44,247,2,12,66,296,22,13,1,12,54,866,18,65,7,36,6,0,82,0,1,1,0,0,2,3,5,12,88,8,2,4,1,1,0,7,3,20,9,8,2,16,13,1,0,3,0,2,1,0,4,1,2,1,0,26,10,0,1,3,0,2,0,0,0,0,2,1,0
0,1,0,17,1,0,2,4106,630,12,73,185,1058,17,38,96,2377,1278,1867,121,306,66,10,8,36,4,4,0,3,7,2235,24,146,1,4,12,263,5,5,1,0,6,419,11,84,1,9,2,1,13,0,0,0,0,1,0,0,9,2,58,5,2,3,1,0,0,2,8,11,2,9,4,11,3,3,0,1,0,0,2,0,2,0,0,1,0,13,5,0,0,2,0,1,0,0,0,1,0,2,0
9,11,5,339,3,9,145,2741,5996,904,1019,608,1300,162,236,6398,1100,1867,17694,1406,2187,857,105,527,777,50,55,7,32,78,5000,183,485,13,444,3232,540,165,299,2,120,138,5761,180,638,21,72,56,9,157,0,6,19,0,7,17,3,11,59,146,103,13,6,6,15,17,137,51,346,21,89,24,99,47,80,2,9,0,18,82,4,10,38,33,3,0,87,330,17,11,118,0,9,2,7,18,1,22,45,18
5,27,3,228,3,3,90,6419,3505,143,292,1493,3857,347,367,485,175,121,1406,20026,297,1283,602,66,3870,237,592,37,39,141,330,533,5347,74,165,461,182,2701,59,6,47,95,1390,804,4073,63,268,22,12,113,1,2,5,0,1,4,35,23,10,252,9,5,61,21,3,8,15,14,71,171,14,41,18,753,10,13,191,0,2,6,9,204,6,6,124,5,27,31,7,63,14,4,75,2,23,2,1,0,4,2
6,3,1,74,1,7,72,1042,2032,6369,1800,8379,2602,81,137,383,3788,306,2187,297,12502,450,443,133,205,66,65,35,59,180,1163,802,1068,50,192,841,1133,79,481,6,323,618,5546,189,196,30,563,62,6,1763,1,0,9,0,2,13,4,16,62,234,86,22,11,5,9,13,63,49,281,14,89,21,121,24,43,5,7,1,7,47,3,11,18,14,4,7,137,187,18,2,52,0,12,1,4,13,0,8,25,12
502,614,436,884,163,88,529,2374,2504,4992,4446,2605,490,747,424,466,94,66,857,1283,450,17861,5737,89,1950,502,860,3248,5239,611,87,812,482,1792,302,457,356,624,553,549,19880,923,588,3436,395,3908,3378,275,111,165,1,10,23,3,6,34,9,12,9,126,48,6,27,11,12,15,139,17,126,49,19,64,42,167,31,80,84,12,15,39,76,59,30,68,41,84,41,273,24,34,128,64,117,12,109,33,3,16,25,11
1,3,1,44,2,9,42,393,806,775,1559,3789,265,52,33,60,57,10,105,602,443,5737,11519,72,2226,665,2028,314,69,55,30,572,3775,283,39,90,122,885,193,138,95,72,213,4897,375,2722,7113,54,17,47,0,0,3,2,1,1,1,8,6,28,4,4,14,1,1,2,4,6,10,19,5,126,5,150,3,210,147,6,5,3,149,50,4,2,71,77,5,7,1,118,6,41,285,6,194,2,0,0,1,3
3,13,1,59,6,32,342,41,6504,107,40,73,34,26,17,71,14,8,527,66,133,89,72,6005,1542,52,1081,16,9,26,21,108,166,36,429,3330,3398,46,5304,101,38,25,109,772,53,9,72,176,14,23,0,2,1,0,2,4,7,8,19,135,40,8,8,2,2,5,44,20,149,20,30,12,30,54,23,2,30,0,5,27,6,9,13,11,7,3,60,78,7,6,40,2,14,0,3,8,2,8,14,4
2,11,6,186,8,21,215,644,5044,168,189,2840,2389,176,126,353,79,36,777,3870,205,1950,2226,1542,8632,392,4674,104,39,102,104,1030,5823,140,353,1546,560,1324,671,116,54,106,462,3964,1829,176,988,140,23,119,0,1,6,2,0,10,47,39,10,403,20,5,85,27,11,13,24,5,102,245,10,135,48,1197,9,80,353,1,4,13,65,308,7,11,317,19,46,37,11,268,11,10,234,6,75,10,0,2,3,0
10,20,5,210,8,10,104,99,80,164,22,38,38,418,197,159,4,4,50,237,66,502,665,52,392,23287,1485,178,78,235,30,13928,387,3810,32,53,77,10579,194,187,128,162,461,18312,1906,251,2194,72,20,115,0,0,0,0,0,0,1,1,1,5,4,4,2,0,1,3,0,1,6,3,7,124,1,24,4,247,93,6,2,1,238,12,2,1,6,188,2,6,2,47,4,109,372,19,348,1,1,2,4,2
7,6,3,86,12,67,377,104,1329,202,47,350,179,59,45,66,15,4,55,592,65,860,2028,1081,4674,1485,16425,1299,63,51,20,3391,2098,819,189,317,1636,1320,3359,4907,53,70,136,10331,1243,270,3114,563,64,42,0,0,2,0,1,0,0,1,1,12,4,2,6,1,1,5,2,0,11,8,1,55,2,98,5,82,103,40,1,3,70,29,0,4,46,92,5,10,3,48,6,99,128,12,117,3,0,0,0,1
17,8,10,28,5,11,24,20,54,100,19,30,5,88,20,19,3,0,7,37,35,3248,314,16,104,178,1299,68224,1225,110,2,649,60,15831,6,9,268,166,235,18301,307,68,64,2002,51,9669,12368,50,7,30,0,1,0,0,2,2,0,0,0,4,2,0,0,0,0,1,1,0,2,1,2,22,0,6,1,19,92,641,10,0,22,4,0,0,1,153,10,0,3,7,4,771,45,35,45,3,0,1,1,0
1157,820,445,989,468,144,320,23,16,235,19,49,43,11331,950,246,9,3,32,39,59,5239,69,9,39,78,63,1225,117893,12776,15,476,184,267,133,76,88,43,144,143,26236,756,522,124,204,380,352,172,7428,144,1,9,9,5,6,32,1,1,3,7,16,1,1,0,7,4,51,0,38,4,1,4,7,5,6,0,2,2,5,13,2,1,11,41,0,2,3,122,9,2,47,5,3,2,2,34,2,5,9,4
655,812,491,1406,162,60,488,57,33,211,15,152,173,20268,2041,376,29,7,78,141,180,611,55,26,102,235,51,110,12776,28341,25,1619,721,165,196,125,217,104,258,11,8868,6666,2056,190,566,31,402,177,560,666,2,10,16,5,8,37,0,1,4,16,26,0,1,0,11,8,92,1,64,2,10,7,9,7,12,6,5,0,9,21,4,2,25,51,2,0,10,193,10,3,81,2,10,0,3,33,4,6,16,2
2,7,1,239,2,10,141,1661,349,85,55,357,1657,65,136,9435,2272,2235,5000,330,1163,87,30,21,104,30,20,2,15,25,8264,140,420,16,404,424,168,80,110,0,33,58,7652,62,369,6,35,58,4,71,0,0,4,0,3,10,1,3,15,43,21,2,4,1,1,3,20,3,64,8,11,8,24,11,5,1,2,0,1,5,1,2,8,6,3,2,20,39,0,4,17,0,2,0,0,4,0,2,7,1
23,36,26,276,24,30,150,217,209,1742,60,255,321,1727,800,267,44,24,183,533,802,812,572,108,1030,13928,3391,649,476,1619,140,38465,5745,7589,69,135,191,3725,422,721,903,1583,1536,16047,7454,467,17746,162,59,1304,1,1,0,1,0,0,2,2,1,21,17,7,9,0,0,2,7,2,14,9,12,234,4,76,8,451,194,30,6,4,422,41,4,5,35,372,10,21,6,111,4,286,637,52,664,4,0,0,5,4
18,19,10,230,13,27,151,1057,776,1218,292,6087,3612,915,666,366,247,146,485,5347,1068,482,3775,166,5823,387,2098,60,184,721,420,5745,12637,107,94,245,217,3497,334,27,409,1008,1850,4584,8150,65,5086,138,26,1070,0,1,1,0,1,1,10,6,5,91,10,4,28,1,3,11,16,6,35,73,6,127,14,412,6,114,251,2,4,5,74,148,1,9,180,29,19,25,5,205,15,5,248,3,100,4,2,1,5,1
8,15,5,80,7,15,43,28,43,121,10,30,16,187,75,56,2,1,13,74,50,1792,283,36,140,3810,819,15831,267,165,16,7589,107,33076,12,12,130,805,233,7099,138,97,169,10266,251,3447,18078,45,10,57,0,0,0,0,0,0,0,2,1,4,3,0,1,1,0,0,2,1,2,2,1,66,0,17,4,38,85,211,8,2,101,2,4,1,4,742,10,1,2,2,6,1103,250,99,297,4,0,1,6,1
34,100,45,953,73,542,3504,27,399,536,78,55,41,495,201,2696,12,4,444,165,192,302,39,429,353,32,189,6,133,196,404,69,94,12,3326,2556,295,44,2219,19,235,130,1184,265,52,7,40,2377,129,116,6,18,15,2,28,60,1,2,6,18,36,2,1,1,20,14,131,7,82,4,14,15,20,16,30,0,1,1,18,35,0,4,26,49,5,1,23,246,13,4,101,1,5,0,3,144,7,11,20,7
15,13,4,311,5,22,508,102,2666,1067,337,230,122,113,93,2557,66,12,3232,461,841,457,90,3330,1546,53,317,9,76,125,424,135,245,12,2556,11712,749,132,5216,17,226,201,1994,690,78,14,61,124,10,222,1,2,17,0,8,22,4,16,49,126,121,9,8,1,22,31,256,42,476,28,74,33,93,44,88,5,21,0,34,101,4,21,73,73,8,1,80,475,56,7,236,0,8,2,10,27,5,27,62,31
21,29,21,142,19,138,573,2212,5856,932,348,599,1056,185,77,279,296,263,540,182,1133,356,122,3398,560,77,1636,268,88,217,168,191,217,130,295,749,3374,50,8855,628,243,288,1362,426,62,58,214,1269,53,342,0,3,6,2,3,17,108,100,16,795,37,12,59,83,8,3,35,44,97,102,41,13,76,125,21,6,18,4,6,23,12,60,10,13,11,7,134,98,6,5,38,16,20,2,12,36,4,6,11,4
5,16,7,149,9,9,68,325,241,100,46,294,132,218,151,182,22,5,165,2701,79,624,885,46,1324,10579,1320,166,43,104,80,3725,3497,805,44,132,50,18536,117,30,60,80,475,12596,6280,99,1014,48,13,81,1,0,0,0,2,1,2,1,2,9,7,4,14,1,1,3,2,7,14,14,6,149,7,273,9,200,199,5,2,5,121,111,4,5,156,28,2,10,1,193,7,12,314,10,162,3,1,2,4,1
26,51,26,356,48,349,3316,41,856,1177,211,130,35,332,128,558,13,5,299,59,481,553,193,5304,671,194,3359,235,144,258,110,422,334,233,2219,5216,8855,117,23061,878,378,323,1421,1625,113,46,414,4470,178,326,3,13,30,1,7,74,3,1,11,36,82,8,2,0,24,25,287,10,208,10,26,32,21,22,29,4,9,7,44,67,11,3,54,93,5,7,32,488,34,5,213,32,16,4,3,104,13,26,38,13
1,0,0,6,2,15,47,3,31,16,3,8,1,9,6,3,1,1,2,6,6,549,138,101,116,187,4907,18301,143,11,0,721,27,7099,19,17,628,30,878,36380,38,6,11,12342,18,908,1589,159,11,5,0,0,0,0,1,1,0,0,1,3,4,0,2,0,1,1,1,0,2,1,2,28,3,6,2,22,171,844,8,1,73,1,2,1,2,594,11,2,4,4,9,1947,200,113,186,12,0,2,2,1
820,823,615,1059,212,76,499,26,34,11420,137,308,66,1887,802,352,12,0,120,47,323,19880,95,38,54,128,53,307,26236,8868,33,903,409,138,235,226,243,60,378,38,63861,7758,1140,180,218,85,415,234,212,1091,4,5,15,8,3,34,1,2,8,15,32,2,0,0,11,13,120,4,100,4,18,9,20,9,30,2,2,0,12,18,6,0,23,53,1,1,23,246,18,0,117,1,6,1,6,33,8,9,17,9
90,155,105,450,22,37,266,49,55,7676,134,504,281,1250,2568,289,54,6,138,95,618,923,72,25,106,162,70,68,756,6666,58,1583,1008,97,130,201,288,80,323,6,7758,11191,5645,204,423,24,524,210,36,10323,0,3,5,0,3,21,0,0,9,16,32,5,1,0,4,8,61,4,68,5,11,10,20,10,10,11,8,1,6,21,7,1,19,30,4,1,24,139,9,8,60,1,9,1,6,17,3,8,8,9
60,112,30,1759,39,81,688,2006,712,2408,227,1304,1932,3465,14655,11726,866,419,5761,1390,5546,588,213,109,462,461,136,64,522,2056,7652,1536,1850,169,1184,1994,1362,475,1421,11,1140,5645,57985,366,2770,17,371,719,135,15201,3,8,23,4,4,31,10,11,46,138,130,17,9,4,17,23,215,25,405,27,77,38,104,63,45,12,25,2,25,86,5,26,49,57,8,0,143,439,21,13,211,2,18,2,9,28,4,23,43,12
21,22,11,260,12,57,343,168,518,503,102,472,138,235,131,303,18,11,180,804,189,3436,4897,772,3964,18312,10331,2002,124,190,62,16047,4584,10266,265,690,426,12596,1625,12342,180,204,366,54371,2131,1722,10816,386,54,137,0,1,1,0,2,2,3,0,0,35,8,5,10,0,3,10,10,6,20,22,14,226,11,170,7,388,268,112,7,4,474,84,8,7,94,711,9,19,5,146,14,747,609,106,745,10,1,2,5,6
36,46,26,483,21,7,135,1389,379,226,35,221,778,1440,1188,465,65,84,638,4073,196,395,375,53,1829,1906,1243,51,204,566,369,7454,8150,251,52,78,62,6280,113,18,218,423,2770,2131,9595,42,520,60,46,457,0,1,0,1,3,5,4,3,3,35,6,0,31,0,2,5,7,2,25,29,1,125,12,478,7,112,190,5,1,6,54,138,0,4,214,18,9,14,5,209,13,9,263,3,109,7,0,0,1,2
6,7,3,6,3,0,7,81,192,124,69,95,24,18,7,8,7,1,21,63,30,3908,2722,9,176,251,270,9669,380,31,6,467,65,3447,7,14,58,99,46,908,85,24,17,1722,42,11162,10265,21,4,4,0,0,0,1,0,0,0,1,1,4,0,0,0,0,0,1,0,0,0,1,1,11,0,9,0,25,19,23,5,1,30,4,1,0,5,109,3,2,0,9,0,117,53,9,43,0,0,0,1,0
10,8,8,68,6,13,81,139,466,1485,261,508,96,288,112,69,36,9,72,268,563,3378,7113,72,988,2194,3114,12368,352,402,35,17746,5086,18078,40,61,214,1014,414,1589,415,524,371,10816,520,10265,50657,132,23,282,1,1,1,0,0,1,3,0,3,11,9,1,4,0,3,5,7,3,7,12,7,246,4,74,7,396,180,60,7,2,355,32,5,2,28,573,7,4,5,114,8,566,580,78,636,5,0,2,10,4
73,112,117,576,305,4057,3617,26,65,708,55,42,16,360,139,314,6,2,56,22,62,275,54,176,140,72,563,50,172,177,58,162,138,45,2377,124,1269,48,4470,159,234,210,719,386,60,21,132,8540,802,163,10,29,14,12,26,114,0,1,0,4,8,1,0,1,12,6,57,0,11,1,1,6,3,9,3,1,4,1,5,6,1,4,9,13,2,6,3,107,3,3,31,0,5,1,2,203,10,3,9,1
1734,356,196,403,3391,2441,374,7,14,112,11,5,5,10147,172,92,0,1,9,12,6,111,17,14,23,20,64,7,7428,560,4,59,26,10,129,10,53,13,178,11,212,36,135,54,46,4,23,802,10767,21,3,4,2,0,6,16,0,0,0,3,4,0,0,0,4,2,14,0,1,0,0,1,0,4,0,0,1,0,4,0,0,0,5,7,0,0,0,38,0,1,8,0,0,0,0,28,0,0,4,0
4,17,11,172,6,20,107,62,61,3625,27,406,356,737,7315,191,82,13,157,113,1763,165,47,23,119,115,42,30,144,666,71,1304,1070,57,116,222,342,81,326,5,1091,10323,15201,137,457,4,282,163,21,14918,1,0,3,0,1,8,1,4,10,17,25,5,0,0,2,2,50,4,60,3,13,13,14,9,8,3,5,0,4,12,2,2,12,11,3,1,24,96,4,5,44,0,2,1,3,7,0,2,4,1
1,3,7,20,3,193,34,0,0,1,0,1,1,8,2,4,0,0,0,1,1,1,0,0,0,0,0,0,1,2,0,1,0,0,6,1,0,1,3,0,4,0,3,0,0,0,1,10,3,1,35398,22633,2061,12050,6757,2124,1,3,3,12,40,2,1,1,11558,141,118,4,9,10,8,109,3,18,7,12,6,23,1647,3,10,23,480,28,14,13,10,189,18,22,31,6,40,14,17,219,11832,94,46,10
4,10,19,43,5,51,114,2,2,4,1,0,1,21,6,10,1,0,6,2,0,10,0,2,1,0,0,1,9,10,0,1,1,0,18,2,3,0,13,0,5,3,8,1,1,0,1,29,4,0,22633,97885,14510,13852,1155,11441,9,15,12,37,240,6,10,4,15096,717,339,6,22,30,25,426,4,60,13,42,9,41,2308,5,44,43,1229,74,31,51,17,416,55,55,61,11,96,62,42,569,2827,343,270,42
2,8,4,27,6,6,63,3,10,23,3,2,3,27,1,14,1,0,19,5,9,23,3,1,6,0,2,0,9,16,4,0,1,0,15,17,6,0,30,0,15,5,23,1,0,0,1,14,2,3,2061,14510,25167,375,268,8005,32,87,100,195,327,23,46,15,22023,7981,4805,33,128,233,87,307,30,286,85,191,21,22,1631,89,155,220,1007,582,198,81,56,1508,149,298,132,16,355,22,97,302,1817,217,247,74
42,9,731,54,20,1468,365,0,0,3,0,0,0,7,0,3,0,0,0,0,0,3,2,0,2,0,0,0,5,5,0,1,0,0,2,0,2,0,1,0,8,0,4,0,1,1,0,12,0,0,12050,13852,375,43680,16030,22703,0,0,0,1,22,0,0,0,189,10,28,0,3,2,2,72,2,3,0,3,5,11,476,1,1,3,226,3,5,10,0,83,5,1,12,4,15,11,10,464,938,63,27,10
2,13,15,37,5,117,140,0,3,9,2,1,0,32,3,17,0,1,7,1,2,6,1,2,0,0,1,2,6,8,3,0,1,0,28,8,3,2,7,1,3,3,4,2,3,0,0,26,6,1,6757,1155,268,16030,22115,10658,1,3,8,18,77,5,6,0,205,36,165,5,20,7,25,80,41,157,29,28,211,18,139,13,46,27,110,39,12,19,255,1325,36,23,718,63,233,5,54,5347,4003,32,59,24
16,46,182,183,25,408,924,4,9,40,6,3,2,113,12,53,2,0,17,4,13,34,1,4,10,0,0,2,32,37,10,0,1,0,60,22,17,1,74,1,34,21,31,2,5,0,1,114,16,8,2124,11441,8005,22703,10658,22183,6,28,24,121,386,23,25,8,2746,400,2254,18,77,69,80,251,53,191,44,84,28,19,822,52,58,82,780,116,67,38,94,5333,94,104,291,11,223,30,80,2945,1057,216,314,71
0,0,0,2,0,0,0,102,214,2,1,8,51,0,1,1,3,0,3,35,4,9,1,7,47,1,0,0,1,0,1,2,10,0,1,4,108,2,3,0,1,0,10,3,4,0,3,0,0,1,1,9,32,0,1,6,3549,5137,585,1212,26,91,697,4296,114,454,325,359,213,2056,42,220,71,268,84,68,45,2,18,418,66,2454,44,279,326,20,212,33,93,64,8,2,52,12,34,4,15,9,13,15
0,0,0,0,0,0,4,127,327,8,8,16,49,0,2,1,5,9,11,23,16,12,8,8,39,1,1,0,1,1,3,2,6,2,2,16,100,1,1,0,2,0,11,0,3,1,0,1,0,4,3,15,87,0,3,28,5137,24212,6016,5195,309,1421,2792,4708,153,539,913,8438,951,1773,531,2241,113,271,180,211,45,17,45,1300,222,1919,55,391,658,77,373,129,77,171,22,9,169,67,190,8,22,13,29,18
0,1,0,4,0,0,4,33,77,55,11,15,3,3,2,14,12,2,59,10,62,9,6,19,10,1,1,0,3,4,15,1,5,1,6,49,16,2,11,1,8,9,46,0,3,1,3,0,0,10,3,12,100,0,8,24,585,6016,5550,2341,528,914,840,718,154,415,1491,4324,2253,335,793,834,90,122,678,163,32,8,43,5702,197,774,36,735,344,53,163,160,74,87,37,12,80,22,145,13,11,20,35,32
1,2,2,20,2,0,19,1181,2405,128,64,165,590,16,5,38,88,58,146,252,234,126,28,135,403,5,12,4,7,16,43,21,91,4,18,126,795,9,36,3,15,16,138,35,35,4,11,4,3,17,12,37,195,1,18,121,1212,5195,2341,49134,705,1564,4612,2370,135,188,754,1921,12872,3769,1090,1447,7528,4563,122,102,386,21,64,263,118,2018,64,140,330,53,3981,1428,46,209,526,27,468,72,235,108,19,39,68,29
2,2,0,18,1,9,33,16,99,108,17,24,4,28,11,48,8,5,103,9,86,48,4,40,20,4,4,2,16,26,21,17,10,3,36,121,37,7,82,4,32,32,130,8,6,0,9,8,4,25,40,240,327,22,77,386,26,309,528,705,44515,3750,1146,26,394,824,2066,449,1837,78,4572,2517,158,129,756,171,89,170,568,387,215,178,846,451,85,318,716,1446,1364,62,559,77,447,220,571,347,62,23623,15406,4547
0,1,0,1,0,0,3,14,34,12,1,4,6,2,1,3,2,2,13,5,22,6,4,8,5,4,2,0,1,0,2,7,4,0,2,9,12,4,8,0,2,5,17,5,0,0,1,1,0,5,2,6,23,0,5,23,91,1421,914,1564,3750,5046,4346,75,23,90,248,1048,488,153,3759,5931,44,162,266,13,47,29,30,142,28,194,98,65,26,63,129,124,110,54,39,23,178,176,226,8,8,89,208,131
0,0,0,3,0,0,1,58,102,6,2,18,45,1,1,6,4,3,6,61,11,27,14,8,85,2,6,0,1,1,4,9,28,1,1,8,59,14,2,2,0,1,9,10,31,0,4,0,0,0,1,10,46,0,6,25,697,2792,840,4612,1146,4346,18973,8460,65,208,354,7398,432,1368,5623,4793,100,2248,1095,57,327,24,39,1344,115,5838,96,266,226,92,175,126,305,275,32,26,446,151,683,15,5,59,147,169
0,0,0,2,0,0,1,46,111,0,1,2,12,0,2,1,1,1,6,21,5,11,1,2,27,0,1,0,0,0,1,0,1,1,1,1,83,1,0,0,0,0,4,0,0,0,0,1,0,0,1,4,15,0,0,8,4296,4708,718,2370,26,75,8460,15632,80,357,392,5259,217,945,290,125,55,265,273,24,23,1,15,817,52,3983,36,337,151,12,231,31,197,26,5,2,37,9,45,3,5,3,11,12
3,3,6,32,4,8,58,4,5,19,0,1,1,18,3,16,1,0,15,3,9,12,1,2,11,1,1,0,7,11,1,0,3,0,20,22,8,1,24,1,11,4,17,3,2,0,3,12,4,2,11558,15096,22023,189,205,2746,114,153,154,135,394,23,65,80,70646,15649,1818,48,123,245,164,402,29,223,361,756,35,80,7485,141,658,488,13375,1264,548,391,63,787,1757,439,130,33,485,63,351,274,7074,364,565,550
1,2,2,13,3,5,26,7,17,15,3,4,6,21,1,10,0,0,17,8,13,15,2,5,13,3,5,1,4,8,3,2,11,0,14,31,3,3,25,1,13,8,23,10,5,1,5,6,2,2,141,717,7981,10,36,400,454,539,415,188,824,90,208,357,15649,50141,4497,258,205,528,495,663,20,367,1687,1639,88,139,1914,543,1604,1348,7040,9282,1464,851,91,521,14741,692,99,51,732,76,681,150,628,559,4406,9358
15,24,28,109,25,22,177,19,42,217,24,17,16,138,34,95,7,2,137,15,63,139,4,44,24,0,2,1,51,92,20,7,16,2,131,256,35,2,287,1,120,61,215,10,7,0,7,57,14,50,118,339,4805,28,165,2254,325,913,1491,754,2066,248,354,392,1818,4497,24065,1100,8207,632,1276,661,69,493,1409,409,48,30,812,6269,474,910,1382,9050,613,181,359,9494,1168,372,852,21,355,53,252,585,354,412,898,466
1,0,0,4,0,0,5,27,77,25,23,9,3,3,2,9,3,8,51,14,49,17,6,20,5,1,0,0,0,1,3,2,6,1,7,42,44,7,10,0,4,4,25,6,2,0,3,0,0,4,4,6,33,0,5,18,359,8438,4324,1921,449,1048,7398,5259,48,258,1100,14353,1222,171,9781,504,68,135,2515,41,36,14,20,7393,152,1579,54,399,178,69,292,196,152,49,50,16,85,25,303,13,4,25,62,108
2,7,6,43,3,5,50,66,387,321,56,47,36,31,20,118,20,11,346,71,281,126,10,149,102,6,11,2,38,64,64,14,35,2,82,476,97,14,208,2,100,68,405,20,25,0,7,11,1,60,9,22,128,3,20,77,213,951,2253,12872,1837,488,432,217,123,205,8207,1222,17658,815,1945,616,2274,1909,960,154,200,12,116,1792,176,596,333,244,272,68,738,5159,252,345,816,18,682,29,149,77,27,213,463,263
1,2,1,4,1,1,4,227,329,12,4,46,150,5,2,14,9,2,21,171,14,49,19,20,245,3,8,1,4,2,8,9,73,2,4,28,102,14,10,1,4,5,27,22,29,1,12,1,0,3,10,30,233,2,7,69,2056,1773,335,3769,78,153,1368,945,245,528,632,171,815,14456,97,746,100,3583,75,510,195,20,51,169,349,6779,63,297,4257,135,88,236,84,2109,48,17,1395,46,332,19,33,23,29,10
1,1,1,8,2,0,17,27,99,62,25,12,4,10,4,25,8,9,89,14,89,19,5,30,10,7,1,2,1,10,11,12,6,1,14,74,41,6,26,2,18,11,77,14,1,1,7,1,0,13,8,25,87,2,25,80,42,531,793,1090,4572,3759,5623,290,164,495,1276,9781,1945,97,20371,1456,164,162,8152,142,101,178,187,2474,300,648,676,603,67,417,632,725,2340,43,335,82,330,224,1024,96,27,371,1354,4458
3,1,0,12,1,2,15,23,53,26,8,19,20,15,1,14,2,4,24,41,21,64,126,12,135,124,55,22,4,7,8,234,127,66,15,33,13,149,32,28,9,10,38,226,125,11,246,6,1,13,109,426,307,72,80,251,220,2241,834,1447,2517,5931,4793,125,402,663,661,504,616,746,1456,33977,100,2048,606,453,2496,1067,2519,235,534,2375,1126,293,480,1203,234,410,462,1037,273,656,5371,6877,8325,244,74,1816,1018,387
0,1,0,10,1,3,19,62,157,87,22,20,31,7,2,27,16,11,99,18,121,42,5,30,48,1,2,0,7,9,24,4,14,0,20,93,76,7,21,3,20,20,104,11,12,0,4,3,0,14,3,4,30,2,41,53,71,113,90,7528,158,44,100,55,29,20,69,68,2274,100,164,100,7285,2577,56,47,791,8,18,66,47,134,36,17,52,17,2662,2722,14,41,2066,48,516,8,75,274,9,23,46,17
1,1,4,18,2,2,19,328,541,31,16,197,330,19,13,30,13,3,47,753,24,167,150,54,1197,24,98,6,5,7,11,76,412,17,16,44,125,273,22,6,9,10,63,170,478,9,74,9,4,9,18,60,286,3,157,191,268,271,122,4563,129,162,2248,265,223,367,493,135,1909,3583,162,2048,2577,15643,152,467,7797,61,72,120,672,5745,107,167,1819,250,988,1525,118,1381,1454,419,3991,104,1200,602,48,29,59,38
1,1,1,12,1,2,7,5,34,60,14,3,2,13,3,11,1,3,80,10,43,31,3,23,9,4,5,1,6,12,5,8,6,4,30,88,21,9,29,2,30,10,45,7,7,0,7,3,0,8,7,13,85,0,29,44,84,180,678,122,756,266,1095,273,361,1687,1409,2515,960,75,8152,606,56,152,12086,258,73,75,237,4912,701,1086,962,3488,296,421,581,555,8071,59,314,30,234,71,954,83,37,173,962,2738
1,0,0,1,0,0,3,4,12,30,7,11,2,3,2,2,0,0,2,13,5,80,210,2,80,247,82,19,0,6,1,451,114,38,0,5,6,200,4,22,2,11,12,388,112,25,396,1,0,3,12,42,191,3,28,84,68,211,163,102,171,13,57,24,756,1639,409,41,154,510,142,453,47,467,258,18360,2932,116,286,265,14826,941,725,576,3275,4910,92,69,686,9596,135,359,18005,80,1147,99,75,105,212,193
2,0,0,2,1,1,0,77,127,16,4,88,139,9,1,6,3,1,9,191,7,84,147,30,353,93,103,92,2,5,2,194,251,85,1,21,18,199,9,171,2,8,25,268,190,19,180,4,1,5,6,9,21,5,211,28,45,45,32,386,89,47,327,23,35,88,48,36,200,195,101,2496,791,7797,73,2932,14291,971,53,35,2862,1523,57,34,1029,1068,900,590,50,968,1640,6423,11222,325,3642,954,50,27,44,38
0,0,0,0,0,0,1,1,0,1,0,0,0,0,0,0,0,0,0,0,1,12,6,0,1,6,40,641,2,0,0,30,2,211,1,0,4,5,7,844,0,1,2,112,5,23,60,1,0,0,23,41,22,11,18,19,2,17,8,21,170,29,24,1,80,139,30,14,12,20,178,1067,8,61,75,116,971,56955,2044,19,219,37,443,31,20,16822,149,33,103,40,87,14223,1209,13791,1403,73,25,355,232,90
0,3,6,23,2,5,67,7,3,30,2,1,4,18,6,17,2,0,18,2,7,15,5,5,4,2,1,10,5,9,1,6,4,8,18,34,6,2,44,8,12,6,25,7,1,5,7,5,4,4,1647,2308,1631,476,139,822,18,45,43,64,568,30,39,15,7485,1914,812,20,116,51,187,2519,18,72,237,286,53,2044,130675,82,260,152,25369,475,150,775,128,487,754,100,186,226,352,1245,368,225,11486,16783,1792,441
1,0,3,12,0,0,22,8,37,65,16,7,1,17,4,30,1,2,82,6,47,39,3,27,13,1,3,0,13,21,5,4,5,2,35,101,23,5,67,1,18,21,86,4,6,1,2,6,0,12,3,5,89,1,13,52,418,1300,5702,263,387,142,1344,817,141,543,6269,7393,1792,169,2474,235,66,120,4912,265,35,19,82,7453,574,1524,241,3677,509,188,313,492,708,117,193,22,118,22,443,47,21,71,208,287
0,0,0,1,0,0,1,5,18,23,4,7,1,2,3,6,0,0,4,9,3,76,149,6,65,238,70,22,2,4,1,422,74,101,0,4,12,121,11,73,6,7,5,474,54,30,355,1,0,2,10,44,155,1,46,58,66,222,197,118,215,28,115,52,658,1604,474,152,176,349,300,534,47,672,701,14826,2862,219,260,574,19786,2290,909,656,5162,8908,141,99,1284,2327,177,958,13020,255,6513,145,59,100,384,330
0,1,0,7,1,3,4,100,199,9,8,48,63,4,1,4,4,2,10,204,11,59,50,9,308,12,29,4,1,2,2,41,148,2,4,21,60,111,3,1,0,1,26,84,138,4,32,4,0,2,23,43,220,3,27,82,2454,1919,774,2018,178,194,5838,3983,488,1348,910,1579,596,6779,648,2375,134,5745,1086,941,1523,37,152,1524,2290,21231,359,924,12993,409,139,203,963,2697,122,49,3018,47,6023,79,66,38,129,144
3,9,2,16,3,7,56,2,9,49,12,3,3,28,3,29,1,0,38,6,18,30,4,13,7,2,0,0,11,25,8,4,1,4,26,73,10,4,54,2,23,19,49,8,0,1,5,9,5,12,480,1229,1007,226,110,780,44,55,36,64,846,98,96,36,13375,7040,1382,54,333,63,676,1126,36,107,962,725,57,443,25369,241,909,359,56262,898,340,845,293,859,3459,135,305,109,443,308,640,356,1830,7323,11480,2672
11,6,13,43,6,8,72,6,13,72,16,3,2,65,9,43,2,0,33,6,14,68,2,11,11,1,4,0,41,51,6,5,9,1,49,73,13,5,93,1,53,30,57,7,4,0,2,13,7,11,28,74,582,3,39,116,279,391,735,140,451,65,266,337,1264,9282,9050,399,244,297,603,293,17,167,3488,576,34,31,475,3677,656,924,898,15949,724,288,228,443,9457,284,277,25,281,19,354,179,144,145,391,539
0,0,0,3,0,0,4,27,48,8,4,32,16,2,3,9,1,1,3,124,4,41,71,7,317,6,46,1,0,2,3,35,180,4,5,8,11,156,5,2,1,4,8,94,214,5,28,2,0,3,14,31,198,5,12,67,326,658,344,330,85,26,226,151,548,1464,613,178,272,4257,67,480,52,1819,296,3275,1029,20,150,509,5162,12993,340,724,11586,459,52,96,582,6551,63,44,2432,28,1628,44,55,63,84,93
0,0,0,0,0,0,1,1,5,8,1,5,0,1,1,1,0,0,0,5,7,84,77,3,19,188,92,153,2,0,2,372,29,742,1,1,7,28,7,594,1,1,0,711,18,109,573,6,0,1,13,51,81,10,19,38,20,77,53,53,318,63,92,12,391,851,181,69,68,135,417,1203,17,250,421,4910,1068,16822,775,188,8908,409,845,288,459,42168,106,51,704,911,111,5005,10054,9189,10399,74,43,203,379,320
1,3,3,17,1,1,21,301,417,108,27,40,138,14,4,25,26,13,87,27,137,41,5,60,46,2,5,10,3,10,20,10,19,10,23,80,134,2,32,11,23,24,143,9,9,3,7,3,0,24,10,17,56,0,255,94,212,373,163,3981,716,129,175,231,63,91,359,292,738,88,632,234,2662,988,581,92,900,149,128,313,141,139,293,228,52,106,2495,2345,237,38,5694,386,375,24,163,2001,30,169,378,166
33,49,58,242,33,60,471,32,98,446,75,37,27,260,59,230,10,5,330,31,187,273,7,78,37,6,10,0,122,193,39,21,25,1,246,475,98,10,488,2,246,139,439,19,14,2,4,107,38,96,189,416,1508,83,1325,5333,33,129,160,1428,1446,124,126,31,787,521,9494,196,5159,236,725,410,2722,1525,555,69,590,33,487,492,99,203,859,443,96,51,2345,17749,306,190,11111,76,761,33,139,6447,386,311,707,263
0,0,3,5,3,0,7,4,2,41,4,0,1,11,0,11,0,0,17,7,18,24,1,7,11,2,3,3,9,10,0,6,5,2,13,56,6,1,34,4,18,9,21,5,5,0,5,3,0,4,18,55,149,5,36,94,93,77,74,46,1364,110,305,197,1757,14741,1168,152,252,84,2340,462,14,118,8071,686,50,103,754,708,1284,963,3459,9457,582,704,237,306,25541,133,184,53,282,85,887,105,112,424,3237,18115
0,0,0,5,0,0,5,11,30,6,5,33,12,5,1,5,1,0,11,63,2,34,118,6,268,47,48,7,2,3,4,111,205,2,4,7,5,193,5,4,0,8,13,146,209,9,114,3,1,5,22,55,298,1,23,104,64,171,87,209,62,54,275,26,439,692,372,49,345,2109,43,1037,41,1381,59,9596,968,40,100,117,2327,2697,135,284,6551,911,38,190,133,18368,76,99,14133,72,1317,54,55,16,43,28
8,14,14,89,14,16,134,15,48,224,31,8,10,136,23,103,3,2,118,14,52,128,6,40,11,4,6,4,47,81,17,4,15,6,101,236,38,7,213,9,117,60,211,14,13,0,8,31,8,44,31,61,132,12,718,291,8,22,37,526,559,39,32,5,130,99,852,50,816,48,335,273,2066,1454,314,135,1640,87,186,193,177,122,305,277,63,111,5694,11111,184,76,15803,483,949,28,239,9409,142,139,336,114
1,0,0,1,0,2,6,1,3,3,0,0,0,1,0,0,0,0,0,4,0,64,41,2,10,109,99,771,5,2,0,286,5,1103,1,0,16,12,32,1947,1,1,2,747,9,117,566,0,0,0,6,11,16,4,63,11,2,9,12,27,77,23,26,2,33,51,21,16,18,17,82,656,48,419,30,359,6423,14223,226,22,958,49,109,25,44,5005,386,76,53,99,483,33744,12140,1853,2629,269,12,59,71,40
0,0,0,5,0,1,12,20,33,33,13,32,17,3,7,12,2,1,9,75,12,117,285,14,234,372,128,45,3,10,2,637,248,250,5,8,20,314,16,200,6,9,18,609,263,53,580,5,0,2,40,96,355,15,233,223,52,169,80,468,447,178,446,37,485,732,355,85,682,1395,330,5371,516,3991,234,18005,11222,1209,352,118,13020,3018,443,281,2432,10054,375,761,282,14133,949,12140,50781,1325,10859,827,100,134,247,144
0,0,0,0,0,0,5,0,3,2,0,0,1,2,0,0,0,0,2,2,1,12,6,0,6,19,12,35,2,0,0,52,3,99,0,2,2,10,4,113,1,1,2,106,3,9,78,1,0,1,14,62,22,11,5,30,12,67,22,72,220,176,151,9,63,76,53,25,29,46,224,6877,8,104,71,80,325,13791,1245,22,255,47,308,19,28,9189,24,33,85,72,28,1853,1325,15372,10105,25,8,307,188,85
0,0,0,3,0,2,3,5,21,15,2,15,2,4,1,3,0,0,7,23,4,109,194,3,75,348,117,45,2,3,0,664,100,297,3,10,12,162,3,186,6,6,9,745,109,43,636,2,0,3,17,42,97,10,54,80,34,190,145,235,571,226,683,45,351,681,252,303,149,332,1024,8325,75,1200,954,1147,3642,1403,368,443,6513,6023,640,354,1628,10399,163,139,887,1317,239,2629,10859,10105,26273,194,42,147,518,420
24,65,107,279,30,158,732,2,16,58,7,3,2,124,39,74,0,0,18,2,13,33,2,8,10,1,3,3,34,33,4,4,4,4,144,27,36,3,104,12,33,17,28,10,7,0,5,203,28,7,219,569,302,464,5347,2945,4,8,13,108,347,8,15,3,274,150,585,13,77,19,96,244,274,602,83,99,954,73,225,47,145,79,356,179,44,74,2001,6447,105,54,9409,269,827,25,194,9217,502,108,213,83
2,2,8,14,1,12,36,0,0,5,0,1,0,10,3,4,0,1,1,1,0,3,0,2,0,1,0,0,2,4,0,0,2,0,7,5,4,1,13,0,8,3,4,1,0,0,0,10,0,0,11832,2827,1817,938,4003,1057,15,22,11,19,62,8,5,5,7074,628,354,4,27,33,27,74,9,48,37,75,50,25,11486,21,59,66,1830,144,55,43,30,386,112,55,142,12,100,8,42,502,29320,307,204,52
1,4,2,11,1,2,15,7,10,25,10,0,1,12,1,10,2,0,22,0,8,16,0,8,2,2,0,1,5,6,2,0,1,1,11,27,6,2,26,2,9,8,23,2,0,0,2,3,0,2,94,343,217,63,32,216,9,13,20,39,23623,89,59,3,364,559,412,25,213,23,371,1816,23,29,173,105,27,355,16783,71,100,38,7323,145,63,203,169,311,424,16,139,59,134,307,147,108,307,46614,4992,672
2,1,3,13,0,1,21,7,22,39,8,9,4,19,5,17,1,2,45,4,25,25,1,14,3,4,0,1,9,16,7,5,5,6,20,62,11,4,38,2,17,8,43,5,1,1,10,9,4,4,46,270,247,27,59,314,13,29,35,68,15406,208,147,11,565,4406,898,62,463,29,1354,1018,46,59,962,212,44,232,1792,208,384,129,11480,391,84,379,378,707,3237,43,336,71,247,188,518,213,204,4992,20972,8058
0,0,0,1,0,0,8,3,8,16,6,0,1,0,1,8,0,0,18,2,12,11,3,4,0,2,1,0,4,2,1,4,1,1,7,31,4,1,13,1,9,9,12,6,2,0,4,1,0,1,10,42,74,10,24,71,15,18,32,29,4547,131,169,12,550,9358,466,108,263,10,4458,387,17,38,2738,193,38,90,441,287,330,144,2672,539,93,320,166,263,18115,28,114,40,144,85,420,83,52,672,8058,7410
