22075,7429,7701,3542,10412,7602,1904,6,8,164,8,3,4,13525,624,359,0,0,15,14,10,577,1,7,9,5,3,18,842,797,10,24,6,8,44,34,77,5,20,0,705,67,92,11,28,12,6,142,1794,18,3,3,23,54,9,27,2,0,1,1,4,0,1,1,14,3,50,0,5,1,1,2,0,2,0,0,0,0,5,5,0,2,8,14,0,0,11,34,1,1,16,0,0,0,0,19,5,0,4,1
7429,23216,7803,17643,460,1597,1657,8,7,257,6,3,4,7168,2693,339,2,1,18,16,13,664,3,8,8,10,3,10,396,832,15,26,12,5,96,43,158,7,50,0,903,148,72,9,22,5,14,305,391,40,17,44,54,29,44,109,1,1,4,1,8,0,0,0,32,14,114,1,10,1,0,7,2,0,1,0,1,0,8,9,0,0,12,24,1,0,22,96,0,0,22,1,1,0,0,77,9,3,17,0
7701,7803,42651,6763,4801,11252,10264,1,3,252,3,1,0,746,57,272,1,1,16,5,7,864,4,4,1,4,2,7,529,886,14,6,3,2,158,36,171,1,57,1,1341,145,44,8,6,12,12,346,275,28,74,153,108,776,96,175,0,2,1,0,11,2,0,0,47,15,140,2,13,2,0,11,3,1,1,0,1,0,16,4,0,3,25,27,0,0,25,141,1,1,35,0,2,0,0,167,19,7,26,0
3542,17643,6763,47165,1323,2534,12602,63,97,1321,50,31,37,6711,12977,8379,11,13,142,144,80,959,12,60,88,49,50,15,530,1423,166,234,91,62,421,310,588,94,150,2,1216,318,1110,79,202,12,56,1531,565,225,51,121,229,121,151,482,1,3,10,10,38,4,0,0,131,38,404,5,49,15,2,33,8,17,6,0,4,0,28,20,2,7,55,77,6,0,63,349,1,6,89,1,11,0,1,347,46,13,48,3
10412,460,4801,1323,26953,33048,1282,9,13,175,10,4,4,3797,447,349,1,0,11,17,12,193,3,20,11,10,6,10,696,425,20,40,15,10,204,41,86,10,144,2,304,26,166,10,34,8,11,1127,5503,18,4,7,8,458,10,31,0,0,2,3,6,0,0,0,14,5,49,0,9,4,0,4,3,1,0,0,2,0,8,2,0,0,7,13,0,0,8,25,0,1,9,2,0,0,0,14,6,2,6,0
7602,1597,11252,2534,33048,32600,25811,2,30,70,1,1,2,947,798,380,0,0,5,1,4,246,2,25,25,1,19,11,295,267,6,8,2,8,712,21,112,0,241,20,355,24,20,20,3,4,1,4058,3455,17,65,121,136,4404,371,416,0,0,0,1,6,1,0,0,34,10,122,0,8,2,0,11,0,8,1,0,8,1,9,6,0,1,6,18,0,0,37,144,0,0,37,7,9,0,1,410,11,2,12,1
1904,1657,10264,12602,1282,25811,16260,4,24,181,7,9,3,257,127,2844,1,1,21,14,15,149,1,27,15,3,7,1,56,89,8,14,11,6,1040,90,300,9,123,0,135,26,33,15,23,0,3,2348,81,19,31,67,145,114,130,338,0,0,2,7,14,2,0,0,60,16,188,0,28,2,0,16,6,3,0,0,6,1,10,10,0,2,20,44,0,1,46,188,0,2,45,0,1,0,0,247,21,8,26,0
6,8,1,63,9,2,4,27110,4284,149,1101,1255,7451,85,196,371,2597,4828,1874,6735,262,1832,316,178,211,72,229,17,38,39,1098,221,863,45,10,93,2945,274,14,1,31,29,860,154,938,84,106,1,6,58,1,1,2,0,0,2,327,666,119,759,42,32,71,108,4,6,15,127,77,739,16,45,54,281,22,3,29,0,4,45,4,238,5,4,83,1,420,15,2,27,2,1,24,2,6,0,3,0,7,5
8,7,3,97,13,30,24,4284,44546,169,748,1714,1524,64,55,569,786,188,6086,3578,334,1115,295,11654,5066,37,3594,39,63,64,210,64,412,58,192,937,16314,97,885,275,43,25,212,529,81,89,97,302,37,22,2,0,2,0,6,1,319,982,176,1089,72,51,108,115,3,14,33,188,192,637,36,54,88,301,48,10,44,1,4,76,8,193,22,11,70,3,715,20,1,26,2,12,50,1,6,9,4,0,25,13
164,257,252,1321,175,70,181,149,169,35287,4935,4193,254,867,1221,1630,186,74,949,120,4652,3682,1215,201,106,24,37,69,305,555,540,484,1414,177,235,812,867,77,176,7,10898,6098,2770,334,84,189,1357,56,77,4601,1,0,8,2,2,8,19,91,123,67,52,11,3,3,6,12,65,50,211,39,20,18,61,14,46,7,6,0,11,130,6,14,32,15,12,3,300,45,3,13,7,6,21,0,3,5,4,4,30,6
8,6,3,50,10,1,7,1101,748,4935,5272,9790,525,48,41,298,228,144,954,210,1270,4095,1817,55,70,18,22,29,36,36,157,58,363,43,32,220,434,37,38,1,97,43,198,136,21,162,353,3,6,25,0,0,1,0,0,0,11,58,54,66,23,6,2,3,1,2,10,36,50,29,11,4,21,20,25,2,2,0,2,36,2,5,5,2,8,0,91,11,1,6,3,0,9,0,0,0,1,0,5,4
3,3,1,31,4,1,9,1255,1714,4193,9790,23788,5302,62,38,127,3669,234,717,968,5429,2448,3899,171,1247,21,149,22,72,137,114,134,4103,53,39,204,1496,174,35,3,264,302,292,324,104,176,546,2,2,238,1,0,1,0,0,0,43,219,143,239,50,23,12,11,2,5,21,121,97,149,26,9,70,142,55,2,17,0,4,75,4,67,11,7,35,1,281,5,3,25,8,1,27,0,1,1,1,0,16,8
4,4,0,37,4,2,3,7451,1524,254,525,5302,17361,142,244,84,5810,1009,164,1650,603,442,179,39,853,31,263,15,28,121,371,531,5713,35,8,37,1272,82,3,0,68,86,847,118,1371,30,185,0,2,239,0,0,1,0,0,0,207,191,25,309,10,10,49,57,0,5,7,18,24,550,2,33,20,302,7,1,28,0,0,13,6,159,0,4,66,2,105,7,2,22,0,0,20,0,8,1,2,0,3,2
13525,7168,746,6711,3797,947,257,85,64,867,48,62,142,57165,17184,1677,39,60,133,166,179,816,75,89,135,110,27,60,5224,28252,200,1108,587,191,273,381,1275,137,349,12,2187,1225,2467,111,582,43,363,315,21119,4831,25,17,43,14,10,32,2,4,15,12,67,10,3,0,74,43,292,2,154,21,7,52,13,34,13,3,11,0,47,82,1,28,132,100,10,1,106,236,4,12,81,1,15,0,1,37,33,15,109,3
624,2693,57,12977,447,798,127,196,55,1221,41,38,244,17184,24744,1615,42,132,54,267,185,506,18,17,86,73,28,11,456,2015,179,574,282,107,77,144,231,132,40,2,839,492,11736,50,701,7,119,198,352,6228,6,12,22,9,5,22,4,4,3,8,15,3,1,1,28,9,76,5,21,24,0,20,2,25,1,2,4,0,15,12,1,9,30,22,2,0,17,68,1,11,19,0,10,0,0,17,10,2,12,1
359,339,272,8379,349,380,2844,371,569,1630,298,127,84,1677,1615,18304,55,203,3555,585,400,495,61,151,252,110,98,10,183,573,6153,334,114,111,1612,4870,945,199,471,5,424,172,4694,231,276,12,81,808,163,156,80,82,147,50,69,272,23,22,32,51,69,6,9,4,167,87,560,10,198,56,17,65,38,44,24,3,8,0,52,103,4,16,142,134,9,2,150,502,6,13,204,2,11,0,1,166,53,28,94,10
0,2,1,11,1,0,1,2597,786,186,228,3669,5810,39,42,55,9606,2385,507,65,5339,159,123,72,23,5,5,3,11,41,1478,38,632,3,18,75,722,13,14,0,49,59,714,18,54,4,69,0,2,131,0,0,1,0,0,0,11,96,78,126,32,15,3,4,2,3,12,68,58,29,18,6,30,5,23,0,1,1,3,40,0,4,8,1,9,0,167,7,0,2,3,1,3,0,1,0,3,0,11,3
0,1,1,13,0,0,1,4828,188,74,144,234,1009,60,132,203,2385,2953,1803,274,536,123,34,49,10,6,6,1,10,28,2737,78,223,5,3,27,550,17,6,0,14,18,965,12,305,3,14,0,0,66,0,0,0,0,0,1,10,123,81,156,37,24,0,5,8,4,17,79,48,19,30,7,28,2,47,2,0,1,2,46,1,4,16,1,6,0,138,8,0,1,2,0,2,0,0,0,2,1,9,6
15,18,16,142,11,5,21,1874,6086,949,954,717,164,133,54,3555,507,1803,12616,1363,1510,503,128,2105,698,25,331,5,67,228,3950,59,148,19,126,6432,2943,132,214,11,250,147,629,264,126,19,59,10,4,87,5,0,15,0,5,8,57,221,350,260,197,47,10,8,9,23,181,124,615,163,91,50,152,66,151,4,11,2,21,365,7,47,80,39,40,1,667,138,5,26,40,1,22,0,10,12,9,9,93,38
14,16,5,144,17,1,14,6735,3578,120,210,968,1650,166,267,585,65,274,1363,19322,104,738,730,79,2536,146,1043,34,49,109,740,396,2763,126,54,385,736,1815,19,4,50,58,764,687,2880,157,329,5,18,62,3,1,2,1,1,1,258,74,18,194,12,13,105,49,1,24,15,8,47,1348,6,118,27,1464,8,19,145,0,5,33,15,588,24,30,336,9,60,6,4,124,6,2,135,3,28,3,2,1,12,7
10,13,7,80,12,4,15,262,334,4652,1270,5429,603,179,185,400,5339,536,1510,104,15544,269,360,232,56,6,15,11,57,277,1790,179,1217,34,149,640,1423,38,161,2,620,1080,7902,67,64,21,398,13,14,2363,0,0,2,1,1,3,26,148,197,178,100,28,3,6,4,5,78,108,281,67,44,13,77,7,68,0,2,0,12,184,2,18,27,14,25,1,448,49,1,18,9,1,4,0,1,2,2,4,30,9
577,664,864,959,193,246,149,1832,1115,3682,4095,2448,442,816,506,495,159,123,503,738,269,15864,4631,73,618,70,135,1888,5529,1067,220,374,310,383,71,228,356,266,110,62,16262,573,614,1054,136,7000,1094,26,132,255,2,1,3,4,0,3,23,46,19,41,17,11,6,3,7,8,49,9,66,78,6,28,18,83,12,14,21,1,6,34,12,47,17,16,21,10,58,40,1,28,9,15,64,0,9,3,5,0,18,2
1,3,4,12,3,2,1,316,295,1215,1817,3899,179,75,18,61,123,34,128,730,360,4631,15086,34,1389,164,574,341,222,137,30,524,3633,451,20,32,108,1280,18,71,190,142,84,3920,262,4289,6868,6,4,77,0,0,3,0,0,0,16,18,5,19,7,2,5,3,1,3,2,8,15,62,2,48,3,154,2,57,86,3,1,7,37,84,2,3,57,22,18,2,0,150,1,34,256,4,29,0,1,1,2,0
7,8,4,60,20,25,27,178,11654,201,55,171,39,89,17,151,72,49,2105,79,232,73,34,4664,992,7,991,36,33,148,89,16,53,28,530,5201,3167,8,4293,300,84,50,128,214,7,8,21,276,21,41,0,1,1,0,2,7,4,34,40,41,17,7,3,1,1,6,29,12,222,23,11,5,21,34,16,3,13,1,4,39,1,17,12,7,13,5,117,17,0,12,4,4,27,0,1,7,2,0,15,3
9,8,1,88,11,25,15,211,5066,106,70,1247,853,135,86,252,23,10,698,2536,56,618,1389,992,8716,71,12566,50,44,151,50,323,2826,116,108,455,624,213,373,63,71,76,144,2560,467,163,578,186,26,103,3,1,5,0,2,4,108,23,9,85,8,8,63,22,11,35,7,5,40,891,5,203,27,1947,3,65,453,2,6,25,59,555,26,20,396,18,30,9,8,373,3,7,613,1,44,5,3,1,14,7
5,10,4,49,10,1,3,72,37,24,18,21,31,110,73,110,5,6,25,146,6,70,164,7,71,12377,307,72,13,60,68,8576,133,4215,6,26,20,7479,11,41,15,16,193,9015,477,35,592,2,7,21,0,0,0,0,0,0,1,3,2,2,1,2,1,0,0,4,1,2,0,11,2,76,6,39,2,217,174,13,0,0,186,87,2,2,33,62,2,0,1,197,1,58,613,2,94,0,0,0,1,1
3,3,2,50,6,19,7,229,3594,37,22,149,263,27,28,98,5,6,331,1043,15,135,574,991,12566,307,13433,984,11,35,35,823,566,607,54,213,2100,355,1907,6592,22,15,61,10960,369,66,632,296,20,23,0,0,0,0,2,0,10,6,2,17,6,2,7,3,0,2,4,2,20,72,3,79,8,139,4,207,274,34,1,4,113,116,3,4,64,76,6,2,1,351,0,158,567,5,76,5,0,0,3,1
18,10,7,15,10,11,1,17,39,69,29,22,15,60,11,10,3,1,5,34,11,1888,341,36,50,72,984,79203,965,100,5,399,75,8001,5,10,710,54,609,13932,153,30,19,760,19,19569,8014,72,8,28,0,0,0,0,0,0,0,0,1,0,0,0,1,0,0,0,1,0,2,3,1,8,0,4,0,21,41,561,0,1,30,2,0,0,0,89,3,0,0,6,4,986,136,25,28,3,0,0,1,1
842,396,529,530,696,295,56,38,63,305,36,72,28,5224,456,183,11,10,67,49,57,5529,222,33,44,13,11,965,133612,18714,62,166,133,86,45,118,258,18,108,32,38218,464,280,86,53,1496,162,43,3289,196,2,1,1,4,2,2,7,2,6,7,13,1,1,1,1,5,33,1,40,9,6,6,4,8,12,1,1,0,7,26,0,5,15,20,4,1,31,36,3,2,8,4,4,0,0,4,4,2,13,5
797,832,886,1423,425,267,89,39,64,555,36,137,121,28252,2015,573,41,28,228,109,277,1067,137,148,151,60,35,100,18714,54810,225,1013,980,169,141,446,1249,58,312,10,24472,11892,1316,156,303,149,732,67,2331,2992,6,1,13,2,5,10,3,17,21,22,49,8,2,4,22,15,143,3,176,24,10,45,30,24,22,5,8,0,19,94,3,13,60,50,10,1,146,130,5,9,40,0,20,0,0,8,7,4,63,10
10,15,14,166,20,6,8,1098,210,540,157,114,371,200,179,6153,1478,2737,3950,740,1790,220,30,89,50,68,35,5,62,225,12010,216,180,61,30,883,687,155,55,0,147,102,9212,81,493,8,34,10,16,126,4,1,11,1,2,4,23,41,97,61,75,18,4,3,10,9,97,26,185,57,23,22,55,33,30,0,4,0,18,127,1,17,38,33,14,2,222,68,4,12,31,0,12,0,2,9,6,4,41,10
24,26,6,234,40,8,14,221,64,484,58,134,531,1108,574,334,38,78,59,396,179,374,524,16,323,8576,823,399,166,1013,216,45679,5875,6346,18,82,58,3296,53,304,467,478,1081,9901,4624,247,14013,18,59,681,0,0,0,0,1,0,3,5,6,13,8,4,2,1,0,4,7,1,7,39,4,127,8,122,0,372,319,28,2,19,301,153,3,5,69,215,10,2,1,330,4,207,1229,3,133,6,0,0,2,2
6,12,3,91,15,2,11,863,412,1414,363,4103,5713,587,282,114,632,223,148,2763,1217,310,3633,53,2826,133,566,75,133,980,180,5875,16379,302,25,89,323,1684,25,9,726,1004,809,2260,3276,97,4557,9,16,1175,0,0,1,0,1,0,49,16,19,44,6,3,19,8,1,7,6,11,16,385,8,67,12,468,8,32,95,2,0,14,21,167,13,9,113,14,40,5,5,99,1,8,180,2,16,1,2,0,3,3
8,5,2,62,10,8,6,45,58,177,43,53,35,191,107,111,3,5,19,126,34,383,451,28,116,4215,607,8001,86,169,61,6346,302,39256,13,40,154,883,338,11206,122,95,162,10711,275,3134,16500,81,17,81,0,0,0,0,0,0,2,3,0,2,2,3,3,0,0,2,1,1,1,4,1,73,4,32,0,145,116,240,2,0,257,25,1,0,15,592,1,0,0,56,7,1859,902,25,178,4,1,0,2,1
44,96,158,421,204,712,1040,10,192,235,32,39,8,273,77,1612,18,3,126,54,149,71,20,530,108,6,54,5,45,141,30,18,25,13,7307,3293,1494,15,7217,24,91,45,125,62,10,2,11,5955,201,61,66,66,161,55,72,237,4,8,19,9,66,12,1,0,165,92,615,4,132,12,4,59,17,5,16,2,1,1,67,57,1,6,138,155,4,1,125,527,4,4,192,1,3,1,0,213,63,12,97,10
34,43,36,310,41,21,90,93,937,812,220,204,37,381,144,4870,75,27,6432,385,640,228,32,5201,455,26,213,10,118,446,883,82,89,40,3293,13518,4264,79,4544,36,251,131,970,273,65,8,45,133,44,120,13,10,21,4,10,13,24,45,90,65,123,16,3,2,42,39,283,26,464,61,35,77,90,26,62,1,11,0,33,226,2,32,133,137,7,1,451,289,13,9,78,3,18,0,1,23,22,26,142,24
77,158,171,588,86,112,300,2945,16314,867,434,1496,1272,1275,231,945,722,550,2943,736,1423,356,108,3167,624,20,2100,710,258,1249,687,58,323,154,1494,4264,2621,45,8618,1194,628,391,1175,410,58,38,107,971,139,372,16,10,29,11,17,43,69,411,108,318,76,32,19,35,61,45,278,82,277,100,45,50,57,50,48,7,9,5,40,118,5,33,117,74,11,2,810,296,17,9,112,32,15,5,2,67,21,15,72,20
5,7,1,94,10,0,9,274,97,77,37,174,82,137,132,199,13,17,132,1815,38,266,1280,8,213,7479,355,54,18,58,155,3296,1684,883,15,79,45,18136,19,9,29,21,294,8438,3776,109,1063,7,17,35,0,0,2,0,0,0,5,11,7,17,5,3,7,1,3,3,6,2,9,101,6,147,11,293,4,202,313,3,0,2,110,192,5,4,150,36,10,4,1,420,3,8,577,4,62,6,0,0,8,3
20,50,57,150,144,241,123,14,885,176,38,35,3,349,40,471,14,6,214,19,161,110,18,4293,373,11,1907,609,108,312,55,53,25,338,7217,4544,8618,19,45105,2706,126,65,166,1248,3,12,59,11628,241,49,34,16,55,12,13,64,3,9,26,18,74,12,2,0,73,67,323,6,182,8,8,65,27,3,19,6,11,6,46,90,10,6,131,126,2,13,223,325,7,11,80,53,31,1,5,54,36,19,121,6
0,0,1,2,2,20,0,1,275,7,1,3,0,12,2,5,0,0,11,4,2,62,71,300,63,41,6592,13932,32,10,0,304,9,11206,24,36,1194,9,2706,36723,10,2,3,11213,2,701,1044,316,20,1,0,0,1,1,1,0,0,0,0,1,1,1,0,0,0,0,0,0,1,0,3,67,2,23,0,74,143,977,0,1,186,5,0,0,1,862,14,2,1,10,17,6502,753,123,149,10,0,0,2,2
705,903,1341,1216,304,355,135,31,43,10898,97,264,68,2187,839,424,49,14,250,50,620,16262,190,84,71,15,22,153,38218,24472,147,467,726,122,91,251,628,29,126,10,80979,9625,828,108,108,258,500,26,261,1362,1,1,9,2,0,3,5,17,23,25,31,4,1,0,5,12,69,9,116,11,6,13,25,13,13,1,3,0,8,71,3,3,32,23,8,2,144,56,2,5,21,2,17,1,1,2,3,5,23,2
67,148,145,318,26,24,26,29,25,6098,43,302,86,1225,492,172,59,18,147,58,1080,573,142,50,76,16,15,30,464,11892,102,478,1004,95,45,131,391,21,65,2,9625,16502,1466,109,88,39,602,12,26,6726,1,1,1,0,2,0,3,7,17,13,20,2,1,1,1,1,26,1,79,5,4,5,17,12,9,5,6,1,1,33,1,6,8,8,1,0,80,18,2,3,7,0,13,0,1,1,1,2,7,3
92,72,44,1110,166,20,33,860,212,2770,198,292,847,2467,11736,4694,714,965,629,764,7902,614,84,128,144,193,61,19,280,1316,9212,1081,809,162,125,970,1175,294,166,3,828,1466,36944,150,1663,13,218,22,146,11160,8,7,17,3,1,12,25,23,65,75,89,15,5,6,14,16,133,13,269,74,13,50,52,54,38,6,8,0,13,163,4,40,46,45,22,2,247,120,8,20,26,1,18,0,2,12,7,8,58,9
11,9,8,79,10,20,15,154,529,334,136,324,118,111,50,231,18,12,264,687,67,1054,3920,214,2560,9015,10960,760,86,156,81,9901,2260,10711,62,273,410,8438,1248,11213,108,109,150,57836,443,601,5353,403,32,73,1,1,6,0,3,6,9,16,10,41,24,9,14,5,5,12,11,4,25,97,14,433,21,425,7,979,836,120,4,16,833,329,11,5,218,575,19,12,5,757,9,808,3539,28,443,7,5,0,13,11
28,22,6,202,34,3,23,938,81,84,21,104,1371,582,701,276,54,305,126,2880,64,136,262,7,467,477,369,19,53,303,493,4624,3276,275,10,65,58,3776,3,2,108,88,1663,443,3205,27,244,5,42,307,0,0,6,0,0,0,19,11,5,21,8,8,15,5,9,24,10,8,7,325,3,117,14,896,1,32,205,3,1,15,42,295,9,25,255,13,17,6,3,230,2,2,490,1,31,1,3,0,4,10
12,5,12,12,8,4,0,84,89,189,162,176,30,43,7,12,4,3,19,157,21,7000,4289,8,163,35,66,19569,1496,149,8,247,97,3134,2,8,38,109,12,701,258,39,13,601,27,20143,9240,2,17,19,0,0,0,0,0,0,2,2,3,5,2,0,3,1,0,1,0,1,1,12,1,3,1,26,0,9,13,15,0,1,16,12,1,0,4,26,2,0,0,9,0,94,61,2,8,0,0,0,0,0
6,14,12,56,11,1,3,106,97,1357,353,546,185,363,119,81,69,14,59,329,398,1094,6868,21,578,592,632,8014,162,732,34,14013,4557,16500,11,45,107,1063,59,1044,500,602,218,5353,244,9240,56260,14,14,398,0,0,1,0,0,0,3,9,3,9,2,0,3,2,1,1,6,2,8,39,2,74,1,83,0,170,166,89,1,5,178,85,1,4,27,244,8,1,0,161,2,612,696,11,127,1,0,0,2,1
142,305,346,1531,1127,4058,2348,1,302,56,3,2,0,315,198,808,0,0,10,5,13,26,6,276,186,2,296,72,43,67,10,18,9,81,5955,133,971,7,11628,316,26,12,22,403,5,2,14,10425,1037,9,55,122,169,134,322,524,1,2,0,5,21,1,0,2,69,18,239,0,21,5,1,10,5,5,1,3,8,4,14,5,2,0,22,38,0,3,60,301,0,6,63,18,17,0,5,599,26,5,27,2
1794,391,275,565,5503,3455,81,6,37,77,6,2,2,21119,352,163,2,0,4,18,14,132,4,21,26,7,20,8,3289,2331,16,59,16,17,201,44,139,17,241,20,261,26,146,32,42,17,14,1037,15891,25,1,4,7,8,3,4,0,0,1,1,5,1,0,0,6,4,29,0,14,3,2,4,1,1,2,0,1,0,0,5,0,0,8,5,0,0,12,26,1,0,9,2,1,0,1,12,3,2,9,0
18,40,28,225,18,17,19,58,22,4601,25,238,239,4831,6228,156,131,66,87,62,2363,255,77,41,103,21,23,28,196,2992,126,681,1175,81,61,120,372,35,49,1,1362,6726,11160,73,307,19,398,9,25,18547,1,0,1,1,0,1,2,9,7,5,20,1,0,0,4,5,24,2,55,12,3,3,11,13,7,1,4,0,4,32,2,6,15,5,6,1,59,31,0,3,6,1,7,0,0,4,1,4,12,1
3,17,74,51,4,65,31,1,2,1,0,1,0,25,6,80,0,0,5,3,0,2,0,0,3,0,0,0,2,6,4,0,0,0,66,13,16,0,34,0,1,1,8,1,0,0,0,55,1,1,44298,12419,5579,10504,20643,2408,2,3,7,3,214,4,0,0,21944,165,344,0,20,55,1,187,4,5,2,3,1,2,646,13,2,11,410,88,14,0,58,155,1,14,62,1,1,0,0,379,9261,99,229,4
3,44,153,121,7,121,67,1,0,0,0,0,0,17,12,82,0,0,0,1,0,1,0,1,1,0,0,0,1,1,1,0,0,0,66,10,10,0,16,0,1,1,7,1,0,0,0,122,4,0,12419,31473,7687,12950,1156,3708,0,1,1,3,820,1,0,0,3818,55,163,2,14,5,1,279,2,3,2,1,0,1,328,5,0,2,455,29,1,0,35,166,0,1,51,1,0,2,0,115,566,94,673,5
23,54,108,229,8,136,145,2,2,8,1,1,1,43,22,147,1,0,15,2,2,3,3,1,5,0,0,0,1,13,11,0,1,0,161,21,29,2,55,1,9,1,17,6,6,0,1,169,7,1,5579,7687,26606,627,615,7856,31,69,99,32,1430,65,8,2,18890,8029,3158,7,133,395,16,339,22,51,14,28,12,2,973,104,9,66,1260,815,124,5,106,435,52,84,146,1,10,3,2,192,1314,148,1414,63
54,29,776,121,458,4404,114,0,0,2,0,0,0,14,9,50,0,0,0,1,1,4,0,0,0,0,0,0,4,2,1,0,0,0,55,4,11,0,12,1,2,0,3,0,0,0,0,134,8,1,10504,12950,627,37299,22979,17686,1,1,1,3,246,2,0,0,321,24,93,0,9,5,0,183,1,3,1,0,1,0,249,4,0,0,284,12,4,0,18,353,0,2,915,0,1,2,0,707,328,52,336,1
9,44,96,151,10,371,130,0,6,2,0,0,0,10,5,69,0,0,5,1,1,0,0,2,2,0,2,0,2,5,2,1,1,0,72,10,17,0,13,1,0,2,1,3,0,0,0,322,3,0,20643,1156,615,22979,27557,8468,3,0,4,16,184,6,1,0,1076,85,215,2,24,17,1,177,23,53,3,3,29,4,198,6,2,4,422,22,1,0,62,2317,4,4,902,19,26,1,3,5657,5270,55,159,3
27,109,175,482,31,416,338,2,1,8,0,0,0,32,22,272,0,1,8,1,3,3,0,7,4,0,0,0,2,10,4,0,0,0,237,13,43,0,64,0,3,0,12,6,0,0,0,524,4,1,2408,3708,7856,17686,8468,41373,2,8,11,18,791,24,1,0,815,127,1651,3,59,42,8,208,30,14,3,1,1,0,192,6,0,12,268,33,7,1,102,4416,3,9,1412,1,2,0,1,1189,338,58,584,18
2,1,0,1,0,0,0,327,319,19,11,43,207,2,4,23,11,10,57,258,26,23,16,4,108,1,10,0,7,3,23,3,49,2,4,24,69,5,3,0,5,3,25,9,19,2,3,1,0,2,2,0,31,1,3,2,3910,4324,353,498,79,52,196,4137,54,368,67,652,97,2816,18,153,72,402,93,25,100,0,28,1030,53,5408,91,594,467,15,769,6,95,39,17,1,24,5,29,6,13,6,64,28
0,1,2,3,0,0,0,666,982,91,58,219,191,4,4,22,96,123,221,74,148,46,18,34,23,3,6,0,2,17,41,5,16,3,8,45,411,11,9,0,17,7,23,16,11,2,9,2,0,9,3,1,69,1,0,8,4324,34406,5039,4041,244,1722,446,1393,38,220,318,6487,442,5215,133,1601,162,122,774,11,34,12,12,2204,31,321,34,625,239,27,3358,23,42,47,27,9,89,25,65,4,5,3,48,21
1,4,1,10,2,0,2,119,176,123,54,143,25,15,3,32,78,81,350,18,197,19,5,40,9,2,2,1,6,21,97,6,19,0,19,90,108,7,26,0,23,17,65,10,5,3,3,0,1,7,7,1,99,1,4,11,353,5039,4910,2399,382,904,92,168,77,181,503,1168,1357,555,133,487,98,84,306,6,13,2,22,4513,15,177,48,510,119,5,1034,23,15,18,34,4,27,5,14,3,18,9,72,23
1,1,0,10,3,1,7,759,1089,67,66,239,309,12,8,51,126,156,260,194,178,41,19,41,85,2,17,0,7,22,61,13,44,2,9,65,318,17,18,1,25,13,75,41,21,5,9,5,1,5,3,3,32,3,16,18,498,4041,2399,37650,285,1097,1227,748,14,25,290,467,4303,6127,144,1775,12821,4833,122,53,1437,24,20,179,92,1092,43,40,125,46,11639,257,5,44,200,13,447,26,117,138,6,2,47,28
4,8,11,38,6,6,14,42,72,52,23,50,10,67,15,69,32,37,197,12,100,17,7,17,8,1,6,0,13,49,75,8,6,2,66,123,76,5,74,1,31,20,89,24,8,2,2,21,5,20,214,820,1430,246,184,791,79,244,382,285,37243,5653,1649,135,615,1824,1964,1049,975,182,4793,2619,222,74,1509,72,63,57,96,1032,212,490,293,2268,148,131,737,525,716,67,276,39,272,74,361,116,67,27675,29080,9275
0,0,2,4,0,1,2,32,51,11,6,23,10,10,3,6,15,24,47,13,28,11,2,7,8,2,2,0,1,8,18,4,3,3,12,16,32,3,12,1,4,2,15,9,8,0,0,1,1,1,4,1,65,2,6,24,52,1722,904,1097,5653,9121,9091,549,22,93,614,2485,590,266,3671,8272,67,182,959,24,50,18,14,832,67,1066,29,279,21,60,272,92,54,41,47,17,207,109,231,21,6,6,137,199
1,0,0,0,0,0,0,71,108,3,2,12,49,3,1,9,3,0,10,105,3,6,5,3,63,1,7,1,1,2,4,2,19,3,1,3,19,7,2,0,1,1,5,14,15,3,3,0,0,0,0,0,8,0,1,1,196,446,92,1227,1649,9091,18930,12403,2,13,49,5539,77,716,2330,6572,68,1221,1048,19,197,16,7,1002,84,9066,29,23,45,62,387,13,47,39,6,10,225,68,350,5,0,2,76,174
1,0,0,0,0,0,0,108,115,3,3,11,57,0,1,4,4,5,8,49,6,3,3,1,22,0,3,0,1,4,3,1,8,0,0,2,35,1,0,0,0,1,6,5,5,1,2,2,0,0,0,0,2,0,0,0,4137,1393,168,748,135,549,12403,8651,3,46,23,6605,48,458,426,486,43,286,343,6,63,3,0,745,13,9024,19,70,12,6,572,3,18,2,6,1,28,9,67,0,1,1,16,28
14,32,47,131,14,34,60,4,3,6,1,2,0,74,28,167,2,8,9,1,4,7,1,1,11,0,0,0,1,22,10,0,1,0,165,42,61,3,73,0,5,1,14,5,9,0,1,69,6,4,21944,3818,18890,321,1076,815,54,38,77,14,615,22,2,3,47891,17465,1054,8,98,228,11,440,17,25,39,56,8,4,5436,88,56,182,16287,686,185,19,288,410,167,92,196,2,14,2,16,179,10148,228,1330,61
3,14,15,38,5,10,16,6,14,12,2,5,5,43,9,87,3,4,23,24,5,8,3,6,35,4,2,0,5,15,9,4,7,2,92,39,45,3,67,0,12,1,16,12,24,1,1,18,4,5,165,55,8029,24,85,127,368,220,181,25,1824,93,13,46,17465,51158,957,70,136,580,78,368,12,94,689,157,28,16,1028,715,209,918,9325,7647,802,107,260,174,11023,263,85,4,63,7,86,65,705,115,3011,7108
50,114,140,404,49,122,188,15,33,65,10,21,7,292,76,560,12,17,181,15,78,49,2,29,7,1,4,1,33,143,97,7,6,1,615,283,278,6,323,0,69,26,133,11,10,0,6,239,29,24,344,163,3158,93,215,1651,67,318,503,290,1964,614,49,23,1054,957,25853,74,5431,640,139,561,208,162,185,15,27,3,386,7755,21,97,873,4518,83,17,1338,5254,43,52,1112,5,38,8,11,1432,357,100,1085,131
0,1,2,5,0,0,0,127,188,50,36,121,18,2,5,10,68,79,124,8,108,9,8,12,5,2,2,0,1,3,26,1,11,1,4,26,82,2,6,0,9,1,13,4,8,1,2,0,0,2,0,2,7,0,2,3,652,6487,1168,467,1049,2485,5539,6605,8,70,74,12161,167,53,3718,551,53,39,1776,4,13,4,4,2817,15,456,12,151,4,13,636,13,16,1,14,5,26,4,58,0,1,1,27,48
5,10,13,49,9,8,28,77,192,211,50,97,24,154,21,198,58,48,615,47,281,66,15,222,40,0,20,2,40,176,185,7,16,1,132,464,277,9,182,1,116,79,269,25,7,1,8,21,14,55,20,14,133,9,24,59,97,442,1357,4303,975,590,77,48,98,136,5431,167,13099,644,229,349,3523,593,290,20,83,11,104,1787,33,163,311,346,40,16,2861,2061,54,16,543,7,157,6,29,125,37,37,343,174
1,1,2,15,4,2,2,739,637,39,29,149,550,21,24,56,29,19,163,1348,67,78,62,23,891,11,72,3,9,24,57,39,385,4,12,61,100,101,8,0,11,5,74,97,325,12,39,5,3,12,55,5,395,5,17,42,2816,5215,555,6127,182,266,716,458,228,580,640,53,644,19968,39,1526,170,2801,36,551,830,18,57,634,363,8853,149,849,5112,139,1225,129,73,4058,28,12,794,38,268,31,49,9,126,34
1,0,0,2,0,0,0,16,36,20,11,26,2,7,0,17,18,30,91,6,44,6,2,11,5,2,3,1,6,10,23,4,8,1,4,35,45,6,8,3,6,4,13,14,3,1,2,1,2,3,1,1,16,0,1,8,18,133,133,144,4793,3671,2330,426,11,78,139,3718,229,39,9835,1388,132,36,6659,39,42,41,8,1519,133,543,109,136,19,109,379,80,317,19,60,25,144,32,330,18,1,13,693,5319
2,7,11,33,4,11,16,45,54,18,4,9,33,52,20,65,6,7,50,118,13,28,48,5,203,76,79,8,6,45,22,127,67,73,59,77,50,147,65,67,13,5,50,433,117,3,74,10,4,3,187,279,339,183,177,208,153,1601,487,1775,2619,8272,6572,486,440,368,561,551,349,1526,1388,54341,125,2627,611,701,1445,3744,2142,623,1099,6830,1763,427,406,2366,372,189,135,956,123,752,5348,11110,13439,81,155,3649,2681,482
0,2,3,8,3,0,6,54,88,61,21,70,20,13,2,38,30,28,152,27,77,18,3,21,27,6,8,0,4,30,55,8,12,4,17,90,57,11,27,2,25,17,52,21,14,1,1,5,1,11,4,2,22,1,23,30,72,162,98,12821,222,67,68,43,17,12,208,53,3523,170,132,125,7237,3731,93,24,405,4,17,148,29,143,70,16,23,14,7787,3855,6,7,2259,29,282,6,28,400,10,7,69,36
2,0,1,17,1,8,3,281,301,14,20,142,302,34,25,44,5,2,66,1464,7,83,154,34,1947,39,139,4,8,24,33,122,468,32,5,26,50,293,3,23,13,12,54,425,896,26,83,5,1,13,5,3,51,3,53,14,402,122,84,4833,74,182,1221,286,25,94,162,39,593,2801,36,2627,3731,16816,32,290,16869,152,11,90,340,4446,67,97,425,184,847,374,42,432,835,934,3126,40,497,557,11,5,40,42
0,1,1,6,0,1,0,22,48,46,25,55,7,13,1,24,23,47,151,8,68,12,2,16,3,2,4,0,12,22,30,0,8,0,16,62,48,4,19,0,13,9,38,7,1,0,0,1,2,7,2,2,14,1,3,3,93,774,306,122,1509,959,1048,343,39,689,185,1776,290,36,6659,611,93,32,14425,10,19,18,48,7885,88,754,453,1651,37,53,479,113,4891,22,79,4,78,14,241,18,8,21,1033,8334
0,0,0,0,0,0,0,3,10,7,2,2,1,3,2,3,0,2,4,19,0,14,57,3,65,217,207,21,1,5,0,372,32,145,2,1,7,202,6,74,1,5,6,979,32,9,170,3,0,1,3,1,28,0,3,1,25,11,6,53,72,24,19,6,56,157,15,4,20,551,39,701,24,290,10,27878,935,153,42,57,8459,1311,186,82,2860,7015,21,12,34,12537,33,180,9645,28,549,18,18,4,98,67
0,1,1,4,2,8,6,29,44,6,2,17,28,11,4,8,1,0,11,145,2,21,86,13,453,174,274,41,1,8,4,319,95,116,1,11,9,313,11,143,3,6,8,836,205,13,166,8,1,4,1,0,12,1,29,1,100,34,13,1437,63,50,197,63,8,28,27,13,83,830,42,1445,405,16869,19,935,18056,945,8,25,1022,1367,24,25,567,448,247,103,7,845,740,6596,13552,56,772,438,5,1,26,23
0,0,0,0,0,1,1,0,1,0,0,0,0,0,0,0,1,1,2,0,0,1,3,1,2,13,34,561,0,0,0,28,2,240,1,0,5,3,6,977,0,1,0,120,3,15,89,4,0,0,2,1,2,0,4,0,0,12,2,24,57,18,16,3,4,16,3,4,11,18,41,3744,4,152,18,153,945,72779,330,18,371,88,36,6,15,16050,263,6,10,31,219,16322,986,32964,3237,177,2,148,38,33
5,8,16,28,8,9,10,4,4,11,2,4,0,47,15,52,3,2,21,5,12,6,1,4,6,0,1,0,7,19,18,2,0,2,67,33,40,0,46,0,8,1,13,4,1,0,1,14,0,4,646,328,973,249,198,192,28,12,22,20,96,14,7,0,5436,1028,386,4,104,57,8,2142,17,11,48,42,8,330,168385,72,44,137,23461,341,93,65,288,187,92,38,89,18,16,455,58,57,9679,26985,735,27
5,9,4,20,2,6,10,45,76,130,36,75,13,82,12,103,40,46,365,33,184,34,7,39,25,0,4,1,26,94,127,19,14,0,57,226,118,2,90,1,71,33,163,16,15,1,5,5,5,32,13,5,104,4,6,6,1030,2204,4513,179,1032,832,1002,745,88,715,7755,2817,1787,634,1519,623,148,90,7885,57,25,18,72,11230,235,2883,332,4658,444,100,826,108,1326,91,114,6,89,23,312,27,23,29,411,545
0,0,0,2,0,0,0,4,8,6,2,4,6,1,1,4,0,1,7,15,2,12,37,1,59,186,113,30,0,3,1,301,21,257,1,2,5,110,10,186,3,1,4,833,42,16,178,2,0,2,2,0,9,0,2,0,53,31,15,92,212,67,84,13,56,209,21,15,33,363,133,1099,29,340,88,8459,1022,371,44,235,31027,6723,275,111,5775,12427,23,22,127,1293,22,376,6532,130,12706,16,17,11,178,218
2,0,3,7,0,1,2,238,193,14,5,67,159,28,9,16,4,4,47,588,18,47,84,17,555,87,116,2,5,13,17,153,167,25,6,32,33,192,6,5,3,6,40,329,295,12,85,0,0,6,11,2,66,0,4,12,5408,321,177,1092,490,1066,9066,9024,182,918,97,456,163,8853,543,6830,143,4446,754,1311,1367,88,137,2883,6723,33933,839,711,16888,689,447,52,565,2309,57,58,3441,71,5180,38,62,22,517,739
8,12,25,55,7,6,20,5,22,32,5,11,0,132,30,142,8,16,80,24,27,17,2,12,26,2,3,0,15,60,38,3,13,1,138,133,117,5,131,0,32,8,46,11,9,1,1,22,8,15,410,455,1260,284,422,268,91,34,48,43,293,29,29,19,16287,9325,873,12,311,149,109,1763,70,67,453,186,24,36,23461,332,275,839,120309,1499,427,104,798,426,1147,124,241,12,85,30,137,110,3585,12817,41109,3038
14,24,27,77,13,18,44,4,11,15,2,7,4,100,22,134,1,1,39,30,14,16,3,7,20,2,4,0,20,50,33,5,9,0,155,137,74,4,126,0,23,8,45,5,25,0,4,38,5,5,88,29,815,12,22,33,594,625,510,40,2268,279,23,70,686,7647,4518,151,346,849,136,427,16,97,1651,82,25,6,341,4658,111,711,1499,14160,750,37,371,185,8523,234,175,3,34,5,53,181,191,90,1822,1587
0,1,0,6,0,0,0,83,70,12,8,35,66,10,2,9,9,6,40,336,25,21,57,13,396,33,64,0,4,10,14,69,113,15,4,7,11,150,2,1,8,1,22,218,255,4,27,0,0,6,14,1,124,4,1,7,467,239,119,125,148,21,45,12,185,802,83,4,40,5112,19,406,23,425,37,2860,567,15,93,444,5775,16888,427,750,10447,226,162,10,138,3494,25,15,1019,6,426,12,62,14,217,127
0,0,0,0,0,0,1,1,3,3,0,1,2,1,0,2,0,0,1,9,1,10,22,5,18,62,76,89,1,1,2,215,14,592,1,1,2,36,13,862,2,0,2,575,13,26,244,3,0,1,0,0,5,0,0,1,15,27,5,46,131,60,62,6,19,107,17,13,16,139,109,2366,14,184,53,7015,448,16050,65,100,12427,689,104,37,226,39841,16,6,54,507,21,3319,7403,13137,8285,15,6,30,99,171
11,22,25,63,8,37,46,420,715,300,91,281,105,106,17,150,167,138,667,60,448,58,18,117,30,2,6,3,31,146,222,10,40,1,125,451,810,10,223,14,144,80,247,19,17,2,8,60,12,59,58,35,106,18,62,102,769,3358,1034,11639,737,272,387,572,288,260,1338,636,2861,1225,379,372,7787,847,479,21,247,263,288,826,23,447,798,371,162,16,4574,3658,78,33,7422,630,163,4,42,868,148,77,496,238
34,96,141,349,25,144,188,15,20,45,11,5,7,236,68,502,7,8,138,6,49,40,2,17,9,0,2,0,36,130,68,2,5,0,527,289,296,4,325,2,56,18,120,12,6,0,1,301,26,31,155,166,435,353,2317,4416,6,23,23,257,525,92,13,3,410,174,5254,13,2061,129,80,189,3855,374,113,12,103,6,187,108,22,52,426,185,10,6,3658,19133,34,14,11434,23,91,2,13,7231,184,51,440,116
1,0,1,1,0,0,0,2,1,3,1,3,2,4,1,6,0,0,5,4,1,1,0,0,8,1,1,0,3,5,4,1,5,0,4,13,17,1,7,1,2,2,8,5,3,0,0,0,1,0,1,0,52,0,4,3,95,42,15,5,716,54,47,18,167,11023,43,16,54,73,317,135,6,42,4891,34,7,10,92,1326,127,565,1147,8523,138,54,78,34,29959,48,24,6,37,2,68,7,19,26,1057,12607
1,0,1,6,1,0,2,27,26,13,6,25,22,12,11,13,2,1,26,124,18,28,150,12,373,197,351,6,2,9,12,330,99,56,4,9,9,420,11,10,5,3,20,757,230,9,161,6,0,3,14,1,84,2,4,9,39,47,18,44,67,41,39,2,92,263,52,1,16,4058,19,956,7,432,22,12537,845,31,38,91,1293,2309,124,234,3494,507,33,14,48,17205,28,31,11685,33,365,17,25,7,68,33
16,22,35,89,9,37,45,2,2,7,3,8,0,81,19,204,3,2,40,6,9,9,1,4,3,1,0,4,8,40,31,4,1,7,192,78,112,3,80,17,21,7,26,9,2,0,2,63,9,6,62,51,146,915,902,1412,17,27,34,200,276,47,6,6,196,85,1112,14,543,28,60,123,2259,835,79,33,740,219,89,114,22,57,241,175,25,21,7422,11434,24,28,20711,844,482,1,12,11415,98,30,183,46
0,1,0,1,2,7,0,1,12,6,0,1,0,1,0,2,1,0,1,2,1,15,34,4,7,58,158,986,4,0,0,207,8,1859,1,3,32,8,53,6502,2,0,1,808,2,94,612,18,2,1,1,1,1,0,19,1,1,9,4,13,39,17,10,1,2,4,5,5,7,12,25,752,29,934,4,180,6596,16322,18,6,376,58,12,3,15,3319,630,23,6,31,844,30535,7756,850,581,519,2,7,9,9
0,1,2,11,0,9,1,24,50,21,9,27,20,15,10,11,3,2,22,135,4,64,256,27,613,613,567,136,4,20,12,1229,180,902,3,18,15,577,31,753,17,13,18,3539,490,61,696,17,1,7,1,0,10,1,26,2,24,89,27,447,272,207,225,28,14,63,38,26,157,794,144,5348,282,3126,78,9645,13552,986,16,89,6532,3441,85,34,1019,7403,163,91,37,11685,482,7756,45065,348,3342,350,10,6,92,118
0,0,0,0,0,0,0,2,1,0,0,0,0,0,0,0,0,0,0,3,0,0,4,0,1,2,5,25,0,0,0,3,2,25,1,0,5,4,1,123,1,0,0,28,1,2,11,0,0,0,0,2,3,2,1,0,5,25,5,26,74,109,68,9,2,7,8,4,6,38,32,11110,6,40,14,28,56,32964,455,23,130,71,30,5,6,13137,4,2,2,33,1,850,348,22846,15349,1,7,253,20,15
0,0,0,1,0,1,0,6,6,3,0,1,8,1,0,1,1,0,10,28,1,9,29,1,44,94,76,28,0,0,2,133,16,178,0,1,2,62,5,149,1,1,2,443,31,8,127,5,1,0,0,0,2,0,3,1,29,65,14,117,361,231,350,67,16,86,11,58,29,268,330,13439,28,497,241,549,772,3237,58,312,12706,5180,137,53,426,8285,42,13,68,365,12,581,3342,15349,33800,12,6,21,165,304
19,77,167,347,14,410,247,0,9,5,0,1,1,37,17,166,0,0,12,3,2,3,0,7,5,0,5,3,4,8,9,6,1,4,213,23,67,6,54,10,2,1,12,7,1,0,1,599,12,4,379,115,192,707,5657,1189,6,4,3,138,116,21,5,0,179,65,1432,0,125,31,18,81,400,557,18,18,438,177,57,27,16,38,110,181,12,15,868,7231,7,17,11415,519,350,1,12,17210,539,9,103,16
5,9,19,46,6,11,21,3,4,4,1,1,2,33,10,53,3,2,9,2,2,5,1,2,3,0,0,0,4,7,6,0,2,1,63,22,21,0,36,0,3,1,7,5,3,0,0,26,3,1,9261,566,1314,328,5270,338,13,5,18,6,67,6,0,1,10148,705,357,1,37,49,1,155,10,11,8,18,5,2,9679,23,17,62,3585,191,62,6,148,184,19,25,98,2,10,7,6,539,34474,175,198,3
0,3,7,13,2,2,8,0,0,4,0,0,0,15,2,28,0,1,9,1,4,0,1,0,1,0,0,0,2,4,4,0,0,0,12,26,15,0,19,0,5,2,8,0,0,0,0,5,2,4,99,94,148,52,55,58,6,3,9,2,27675,6,2,1,228,115,100,1,37,9,13,3649,7,5,21,4,1,148,26985,29,11,22,12817,90,14,30,77,51,26,7,30,7,6,253,21,9,175,61420,4647,71
4,17,26,48,6,12,26,7,25,30,5,16,3,109,12,94,11,9,93,12,30,18,2,15,14,1,3,1,13,63,41,2,3,2,97,142,72,8,121,2,23,7,58,13,4,0,2,27,9,12,229,673,1414,336,159,584,64,48,72,47,29080,137,76,16,1330,3011,1085,27,343,126,693,2681,69,40,1033,98,26,38,735,411,178,517,41109,1822,217,99,496,440,1057,68,183,9,92,20,165,103,198,4647,30234,13051
1,0,0,3,0,1,0,5,13,6,4,8,2,3,1,10,3,6,38,7,9,2,0,3,7,1,1,1,5,10,10,2,3,1,10,24,20,3,6,2,2,3,9,11,10,0,1,2,0,1,4,5,63,1,3,18,28,21,23,28,9275,199,174,28,61,7108,131,48,174,34,5319,482,36,42,8334,67,23,33,27,545,218,739,3038,1587,127,171,238,116,12607,33,46,9,118,15,304,16,3,71,13051,24981
