24614,9611,10530,3293,14480,3469,1225,18,1,415,14,1,4,9783,441,201,1,8,7,88,12,1476,2,6,6,3,9,1,402,479,27,14,16,1,49,11,46,19,22,0,719,434,59,5,34,3,1,35,2122,27,10,10,12,26,10,35,0,0,1,0,9,1,0,0,11,2,54,1,8,2,1,2,2,1,0,0,1,0,2,0,0,0,2,8,0,0,13,68,1,0,16,0,0,0,0,47,6,2,8,1
9611,24101,12121,13167,521,802,926,25,6,759,46,0,10,4871,2361,741,1,10,10,152,14,730,2,13,19,3,8,0,92,389,27,13,21,0,133,27,68,27,40,1,264,444,82,15,15,1,0,88,158,41,10,11,11,9,20,41,0,1,3,1,7,0,1,1,15,1,64,1,11,2,2,2,4,1,0,1,1,0,0,1,0,1,4,6,0,0,19,85,1,0,21,0,0,0,0,78,0,0,7,2
10530,12121,24790,8409,5932,6383,9164,2,0,385,12,0,3,437,120,175,1,2,0,21,4,553,0,1,4,1,1,0,51,195,5,1,3,0,100,4,18,4,17,0,227,232,9,2,7,0,1,108,119,15,244,296,10,1798,113,122,0,0,0,0,11,0,0,0,11,1,34,0,1,1,1,19,1,0,0,0,0,0,2,0,0,0,2,2,0,0,4,62,0,0,27,0,0,0,0,64,10,0,11,0
3293,13167,8409,36040,968,2211,12049,110,34,1974,247,6,26,4057,9364,11440,9,54,60,651,91,737,25,61,89,3,46,1,81,426,564,42,45,2,681,149,263,88,89,0,274,815,1524,54,66,0,2,429,171,187,47,42,26,41,64,172,0,1,3,4,28,14,0,0,50,2,144,1,34,13,3,15,7,4,2,1,4,0,3,16,1,4,3,25,2,0,74,331,4,0,66,1,1,0,0,298,9,2,13,4
14480,521,5932,968,22244,23655,2474,16,2,73,8,2,2,3391,177,86,0,7,2,49,4,342,4,5,4,1,3,1,207,123,16,8,4,0,105,7,35,23,93,0,245,86,26,4,7,0,2,598,3990,5,14,6,10,412,3,15,0,0,0,2,4,0,0,0,16,1,63,0,6,2,0,2,2,1,3,0,0,0,2,1,0,1,5,10,0,0,2,63,0,1,19,0,0,0,0,26,3,1,6,0
3469,802,6383,2211,23655,19779,13427,3,10,58,23,0,0,462,333,181,1,1,1,8,2,140,0,41,20,0,20,0,61,39,3,0,1,0,1046,17,144,1,1757,0,81,40,16,8,0,0,0,4259,1083,4,22,30,16,1433,85,399,0,0,0,2,9,0,0,0,22,0,72,0,3,0,0,7,6,0,2,0,3,0,1,1,0,0,2,6,0,0,14,121,0,0,20,1,0,0,0,143,5,1,8,0
1225,926,9164,12049,2474,13427,32636,7,4,501,87,0,4,436,240,1824,3,8,4,68,14,182,3,18,6,2,6,0,28,83,21,2,5,1,1037,39,85,6,777,0,95,148,63,7,8,0,0,1112,92,14,52,43,37,572,118,824,0,0,1,1,15,3,0,0,39,5,119,0,8,2,1,7,5,0,0,0,1,0,2,1,0,0,3,8,0,0,18,218,0,3,75,0,1,0,0,257,6,0,6,2
18,25,2,110,16,3,7,40915,4523,50,1686,584,6585,609,328,1266,3407,7093,1526,12611,933,1482,907,207,80,56,277,19,17,117,1178,131,620,14,35,45,3391,102,17,4,22,56,711,77,170,52,78,1,21,203,1,0,18,0,1,3,267,197,85,557,21,73,55,62,16,16,15,90,59,1327,79,43,27,174,6,1,22,1,2,23,2,289,12,15,46,0,298,10,8,19,7,1,9,0,2,5,2,1,9,3
1,6,0,34,2,10,4,4523,38409,34,378,448,537,31,19,673,232,67,4484,4146,189,390,261,10415,4023,24,3175,9,3,4,31,87,169,10,69,579,13803,88,145,20,3,8,54,433,20,21,65,49,1,13,6,3,8,1,2,4,244,248,132,493,19,100,56,80,14,9,18,120,57,828,126,27,34,110,13,3,13,0,0,17,5,162,4,8,16,1,311,13,5,21,5,3,11,0,0,15,2,2,3,1
415,759,385,1974,73,58,501,50,34,36021,3140,1655,233,874,1100,1332,240,34,55,187,4942,3072,804,49,50,76,54,50,33,312,198,1058,2168,31,373,266,566,210,243,12,20851,25298,1942,95,117,71,388,69,56,7708,11,12,15,6,2,35,4,11,39,12,32,9,2,5,20,11,74,27,115,16,31,12,17,1,27,1,5,0,2,48,2,6,5,23,4,2,178,95,10,3,29,0,1,0,2,34,5,4,7,2
14,46,12,247,8,23,87,1686,378,3140,6314,12752,2264,146,121,1066,1509,294,314,233,2025,3852,3435,40,19,58,37,69,6,20,240,394,1448,33,194,271,340,110,129,10,12,130,330,119,30,108,350,46,10,23,4,2,14,1,3,12,7,18,27,25,16,18,2,6,8,7,30,15,26,11,23,1,7,5,5,0,3,0,1,14,0,8,1,10,3,0,54,39,2,3,22,0,2,0,0,12,2,1,5,4
1,0,0,6,2,0,0,584,448,1655,12752,29559,22770,21,6,112,7502,166,123,805,6649,1498,6536,124,202,16,94,11,5,42,16,240,10349,10,8,31,1219,67,11,4,9,134,18,66,49,45,225,0,0,39,1,2,0,0,0,4,14,45,44,63,5,21,9,18,1,2,8,45,33,114,24,10,17,36,6,1,11,0,2,6,2,30,1,2,15,0,118,7,1,6,1,1,3,0,1,2,0,1,2,1
4,10,3,26,2,0,4,6585,537,233,2264,22770,30367,194,102,109,6751,974,54,1099,1680,538,871,293,96,19,134,8,8,105,114,96,15752,4,13,19,1678,35,9,0,27,205,372,23,257,25,51,0,6,332,1,0,4,0,0,0,119,46,6,149,5,16,12,14,7,7,11,11,17,493,11,14,10,78,9,1,18,0,0,3,0,126,2,9,22,0,90,4,3,8,1,0,0,1,0,1,0,1,3,0
9783,4871,437,4057,3391,462,436,609,31,874,146,21,194,57416,11091,1557,33,266,98,2028,336,1472,136,38,101,49,156,13,4522,16951,497,470,798,14,334,216,565,528,247,2,2566,4336,2464,44,950,14,44,72,18618,7727,26,34,32,16,14,88,0,2,11,6,55,18,1,3,50,16,316,5,90,22,13,29,14,14,18,2,22,1,7,21,0,9,21,61,4,0,120,278,7,9,83,0,5,0,0,81,18,5,39,4
441,2361,120,9364,177,333,240,328,19,1100,121,6,102,11091,13371,3249,16,177,91,792,210,386,31,29,64,5,47,1,106,642,609,52,172,2,190,144,164,135,32,0,210,844,5187,24,245,1,11,30,194,7511,8,6,8,4,6,15,1,1,4,3,14,5,0,0,14,4,58,3,22,11,5,8,2,6,4,0,6,0,3,8,1,5,2,8,2,0,26,62,3,2,16,0,2,0,1,37,4,1,4,1
201,741,175,11440,86,181,1824,1266,673,1332,1066,112,109,1557,3249,32597,189,4376,5958,2178,773,678,84,564,393,8,143,1,82,273,11918,37,101,1,2608,6551,1194,133,393,1,189,436,8261,188,51,5,23,160,101,118,57,45,72,18,35,123,7,37,85,67,92,54,8,11,89,17,408,45,256,45,84,40,54,6,57,0,10,0,16,79,2,11,36,71,10,0,317,402,26,3,139,0,3,1,1,169,28,10,50,19
1,1,1,9,0,1,3,3407,232,240,1509,7502,6751,33,16,189,12785,1243,78,71,10665,262,303,73,12,2,3,3,1,27,1021,43,600,2,13,32,682,9,16,0,3,53,272,4,31,8,28,1,0,51,0,0,1,0,0,2,7,34,33,40,7,13,7,19,2,0,2,23,18,6,24,2,9,0,6,0,2,0,0,7,0,5,0,2,0,0,68,6,1,1,1,0,0,0,0,0,0,0,1,1
8,10,2,54,7,1,8,7093,67,34,294,166,974,266,177,4376,1243,3664,724,215,1205,173,63,27,5,6,10,3,7,49,3539,9,137,3,32,49,364,14,21,0,7,26,901,6,60,4,7,2,17,101,3,0,5,0,1,0,7,41,64,42,25,29,11,8,6,5,14,38,54,10,56,5,9,1,14,0,1,0,0,30,0,2,0,8,1,0,72,16,6,0,9,0,1,0,0,3,1,0,3,1
7,10,0,60,2,1,4,1526,4484,55,314,123,54,98,91,5958,78,724,7566,624,191,256,62,1339,145,3,36,0,3,21,317,8,27,1,25,1074,827,22,41,0,9,22,185,54,1,5,11,4,6,8,0,2,12,0,1,2,5,44,85,64,34,36,20,12,7,4,31,69,92,6,98,11,27,5,12,0,2,0,1,42,0,5,0,4,2,0,174,20,11,0,9,0,0,0,0,6,2,0,9,9
88,152,21,651,49,8,68,12611,4146,187,233,805,1099,2028,792,2178,71,215,624,28282,241,770,2212,307,3179,165,3340,38,78,385,810,745,5530,49,218,921,1274,5976,157,11,95,286,1493,1302,4689,87,207,17,100,425,1,4,21,2,2,10,121,53,22,298,15,25,68,21,43,62,30,17,61,1734,25,119,47,843,18,14,263,0,4,21,17,590,24,24,288,3,119,19,27,143,10,4,76,1,8,1,8,0,31,13
12,14,4,91,4,2,14,933,189,4942,2025,6649,1680,336,210,773,10665,1205,191,241,22238,335,362,100,46,15,27,7,14,427,2490,249,1957,10,158,302,1275,71,246,2,94,1877,4675,21,133,9,76,16,9,2585,1,2,12,2,1,8,8,48,114,69,62,46,14,15,8,3,72,77,171,12,71,16,27,3,35,0,7,0,1,56,0,7,4,18,0,1,309,73,8,4,17,0,1,0,1,12,1,1,5,8
1476,730,553,737,342,140,182,1482,390,3072,3852,1498,538,1472,386,678,262,173,256,770,335,27993,4795,73,200,493,292,2533,4014,1090,95,998,572,1309,143,267,410,546,203,383,42400,2281,326,1123,184,6651,1688,27,410,225,9,10,18,2,4,19,2,5,11,19,41,10,1,5,24,12,145,6,117,49,24,15,16,21,34,5,7,1,3,42,5,16,14,52,11,4,99,130,19,12,35,14,18,2,0,10,5,1,21,1
2,2,0,25,4,0,3,907,261,804,3435,6536,871,136,31,84,303,63,62,2212,362,4795,19423,52,1237,1114,1220,580,46,81,28,12903,18907,379,13,32,83,2676,17,97,17,175,71,2923,801,2562,15885,2,7,42,1,1,2,0,0,0,4,6,4,14,3,7,2,1,5,3,3,4,3,74,3,34,3,64,1,45,97,3,1,1,51,65,2,1,40,26,7,1,1,144,0,14,71,3,13,1,1,1,2,1
6,13,1,61,5,41,18,207,10415,49,40,124,293,38,29,564,73,27,1339,307,100,73,52,10953,2038,16,977,8,12,41,20,62,42,7,796,7087,5816,63,6498,4,20,50,65,394,4,4,16,125,11,11,3,4,8,0,3,4,10,8,18,31,19,17,4,6,4,3,39,16,65,22,18,11,16,5,13,2,7,0,3,28,4,6,1,2,1,1,122,29,5,7,6,0,3,0,0,11,4,0,8,2
6,19,4,89,4,20,6,80,4023,50,19,202,96,101,64,393,12,5,145,3179,46,200,1237,2038,13472,77,14226,23,5,42,37,283,1131,36,145,607,209,429,329,41,6,41,80,1944,239,36,136,41,5,23,4,1,5,3,2,1,5,0,0,25,4,5,5,0,7,13,8,7,14,268,4,57,11,286,2,12,201,1,0,4,8,122,3,6,139,3,8,12,3,94,4,2,56,0,0,6,2,0,9,9
3,3,1,3,1,0,2,56,24,76,58,16,19,49,5,8,2,6,3,165,15,493,1114,16,77,11958,1880,80,20,35,5,17000,186,3511,1,8,12,7330,5,378,9,47,12,8062,1032,278,1033,0,7,18,0,0,1,0,0,1,0,1,0,0,0,0,0,0,0,0,0,0,1,4,0,49,0,12,0,321,73,27,0,0,226,18,0,0,11,293,0,0,0,126,0,224,477,44,69,1,0,0,0,0
9,8,1,46,3,20,6,277,3175,54,37,94,134,156,47,143,3,10,36,3340,27,292,1220,977,14226,1880,39471,302,18,48,40,2786,896,447,41,127,2394,3413,606,2395,10,58,93,27624,1263,105,579,254,8,23,4,5,4,2,5,4,5,0,0,245,4,5,13,1,11,9,4,1,10,566,3,69,21,1906,2,151,120,13,0,2,107,139,8,5,82,73,5,7,3,160,0,204,195,12,22,15,3,0,6,4
1,0,0,1,1,0,0,19,9,50,69,11,8,13,1,1,3,3,0,38,7,2533,580,8,23,80,302,55069,617,23,2,205,29,14868,2,0,3,300,0,26693,18,31,1,370,30,27378,6436,0,5,3,0,0,0,0,0,0,0,0,1,0,1,0,0,1,0,0,0,0,0,0,0,3,0,0,0,4,10,25,0,0,7,5,0,0,1,20,1,0,0,13,1,279,22,5,6,0,0,0,0,0
402,92,51,81,207,61,28,17,3,33,6,5,8,4522,106,82,1,7,3,78,14,4014,46,12,5,20,18,617,105894,18910,21,46,79,96,22,33,98,32,60,58,35652,693,67,25,33,984,83,9,5590,56,4,2,3,1,0,2,0,0,1,1,11,3,0,0,3,0,33,0,20,2,2,3,1,1,6,0,1,0,1,9,0,1,1,6,2,0,26,29,1,0,10,1,1,0,0,3,2,1,5,1
479,389,195,426,123,39,83,117,4,312,20,42,105,16951,642,273,27,49,21,385,427,1090,81,41,42,35,48,23,18910,31601,78,455,971,17,106,162,441,180,234,5,16625,19561,730,21,423,23,67,24,3259,1936,4,2,5,1,0,13,2,1,10,4,27,7,1,0,9,12,85,4,68,10,12,10,8,8,9,1,14,0,4,22,0,2,3,28,4,0,101,59,9,2,10,0,0,0,0,9,1,1,12,4
27,27,5,564,16,3,21,1178,31,198,240,16,114,497,609,11918,1021,3539,317,810,2490,95,28,20,37,5,40,2,21,78,17153,23,66,0,188,255,266,66,77,0,30,81,14020,23,71,2,6,16,30,86,11,2,3,5,0,20,0,3,7,6,16,5,0,2,8,2,70,10,38,28,13,11,11,11,6,0,3,0,4,16,0,12,1,19,1,0,61,63,1,0,11,0,1,0,0,15,3,0,12,0
14,13,1,42,8,0,2,131,87,1058,394,240,96,470,52,37,43,9,8,745,249,998,12903,62,283,17000,2786,205,46,455,23,40932,4236,4547,6,21,37,7287,11,96,95,608,153,2424,9062,1001,43179,2,22,200,0,0,1,0,0,1,1,1,4,5,6,1,4,2,0,1,1,0,1,8,0,95,1,23,1,479,203,33,0,0,377,72,2,1,29,232,4,1,0,431,0,165,594,30,84,0,0,0,2,2
16,21,3,45,4,1,5,620,169,2168,1448,10349,15752,798,172,101,600,137,27,5530,1957,572,18907,42,1131,186,896,29,79,971,66,4236,21777,30,15,38,330,1088,20,9,215,1774,425,511,11364,56,7436,3,31,993,0,0,5,2,0,1,16,5,6,49,5,3,10,5,13,6,4,10,12,371,5,36,6,143,6,3,94,0,3,5,13,117,8,4,76,3,31,5,4,63,1,1,35,0,1,2,1,0,7,2
1,0,0,2,0,0,1,14,10,31,33,10,4,14,2,1,2,3,1,49,10,1309,379,7,36,3511,447,14868,96,17,0,4547,30,47697,3,1,6,1027,3,13116,6,20,10,5733,200,4162,14627,0,5,1,0,0,0,0,0,0,0,0,0,0,1,0,1,0,0,0,0,0,1,2,0,31,1,1,0,43,22,87,0,0,36,1,0,0,1,268,0,0,0,14,0,987,183,139,42,0,0,0,0,0
49,133,100,681,105,1046,1037,35,69,373,194,8,13,334,190,2608,13,32,25,218,158,143,13,796,145,1,41,2,22,106,188,6,15,3,6835,2499,1042,33,6537,0,66,164,378,71,7,0,1,3293,114,15,129,102,90,106,119,392,1,1,9,7,86,13,0,0,147,20,604,3,126,11,10,48,28,4,15,1,4,0,25,23,1,0,32,68,0,0,167,728,8,1,270,0,0,0,0,485,37,10,50,5
11,27,4,149,7,17,39,45,579,266,271,31,19,216,144,6551,32,49,1074,921,302,267,32,7087,607,8,127,0,33,162,255,21,38,1,2499,12532,2622,89,7432,1,87,173,378,254,10,3,17,69,14,25,21,8,30,5,2,34,4,12,51,25,82,33,8,4,19,17,271,29,231,21,52,39,27,3,48,2,2,0,10,95,2,10,18,69,4,0,398,183,14,3,52,0,2,0,2,16,20,2,23,4
46,68,18,263,35,144,85,3391,13803,566,340,1219,1678,565,164,1194,682,364,827,1274,1275,410,83,5816,209,12,2394,3,98,441,266,37,330,6,1042,2622,5273,24,8655,2,195,406,652,47,16,8,22,650,56,93,19,20,33,24,24,75,176,104,55,414,50,30,32,26,46,9,198,31,69,704,49,29,55,95,19,2,4,0,4,18,4,167,23,31,16,0,378,233,15,10,102,0,2,0,1,104,10,3,19,10
19,27,4,88,23,1,6,102,88,210,110,67,35,528,135,133,9,14,22,5976,71,546,2676,63,429,7330,3413,300,32,180,66,7287,1088,1027,33,89,24,33738,30,189,30,137,252,13814,11308,236,1077,5,30,98,1,1,4,1,0,1,0,2,0,12,8,5,2,2,7,3,3,0,5,44,4,136,7,87,1,221,240,3,0,0,168,110,3,1,99,22,5,5,4,332,0,18,268,4,44,1,1,2,4,0
22,40,17,89,93,1757,777,17,145,243,129,11,9,247,32,393,16,21,41,157,246,203,17,6498,329,5,606,0,60,234,77,11,20,3,6537,7432,8655,30,31573,1,91,164,229,141,1,2,2,5654,139,37,83,60,74,121,46,150,0,0,14,6,144,19,0,1,110,18,686,12,173,6,16,78,30,4,15,0,4,0,19,56,0,2,38,86,0,0,323,626,9,2,163,0,1,0,0,191,49,12,65,6
0,1,0,0,0,0,0,4,20,12,10,4,0,2,0,1,0,0,0,11,2,383,97,4,41,378,2395,26693,58,5,0,96,9,13116,0,1,2,189,1,38219,9,5,1,20875,12,2106,537,1,1,1,0,0,0,0,0,0,0,0,0,0,0,0,0,0,0,0,0,0,0,1,0,30,3,6,0,19,35,357,0,0,28,1,0,0,2,243,3,0,0,10,2,4677,151,158,25,2,0,0,0,0
719,264,227,274,245,81,95,22,3,20851,12,9,27,2566,210,189,3,7,9,95,94,42400,17,20,6,9,10,18,35652,16625,30,95,215,6,66,87,195,30,91,9,75158,8160,163,8,83,30,18,9,1157,230,4,3,5,2,0,6,0,1,4,6,17,6,3,0,8,3,50,1,58,3,4,11,5,0,21,0,1,0,2,19,1,2,3,20,0,0,67,54,9,0,10,0,1,0,0,10,3,1,13,0
434,444,232,815,86,40,148,56,8,25298,130,134,205,4336,844,436,53,26,22,286,1877,2281,175,50,41,47,58,31,693,19561,81,608,1774,20,164,173,406,137,164,5,8160,22276,2647,41,355,31,161,11,296,5338,4,4,15,0,3,6,0,4,17,13,24,13,2,3,12,7,67,6,75,4,16,10,11,6,21,2,6,0,0,36,4,4,5,18,4,0,107,65,10,10,18,0,0,0,0,7,3,0,10,5
59,82,9,1524,26,16,63,711,54,1942,330,18,372,2464,5187,8261,272,901,185,1493,4675,326,71,65,80,12,93,1,67,730,14020,153,425,10,378,378,652,252,229,1,163,2647,32246,37,312,3,20,36,65,7225,24,9,16,7,8,28,2,3,14,12,48,10,1,2,24,11,178,5,114,26,16,32,8,12,21,2,9,0,9,37,2,6,13,27,6,0,138,162,5,4,28,0,1,0,0,24,12,5,24,4
5,15,2,54,4,8,7,77,433,95,119,66,23,44,24,188,4,6,54,1302,21,1123,2923,394,1944,8062,27624,370,25,21,23,2424,511,5733,71,254,47,13814,141,20875,8,41,37,86412,216,504,1112,15,5,6,2,1,2,0,2,1,2,0,0,9,5,2,3,1,1,2,3,0,5,37,3,134,4,52,4,553,262,97,2,3,407,96,4,1,54,421,5,1,1,419,0,1157,794,121,112,3,0,0,1,0
34,15,7,66,7,0,8,170,20,117,30,49,257,950,245,51,31,60,1,4689,133,184,801,4,239,1032,1263,30,33,423,71,9062,11364,200,7,10,16,11308,1,12,83,355,312,216,14873,24,215,0,60,446,0,1,5,0,0,1,1,0,0,3,1,0,2,0,6,6,3,2,8,66,3,33,3,88,2,13,222,1,1,2,10,53,3,4,81,1,0,3,1,92,0,1,64,1,4,0,1,1,3,0
3,1,0,0,0,0,0,52,21,71,108,45,25,14,1,5,8,4,5,87,9,6651,2562,4,36,278,105,27378,984,23,2,1001,56,4162,0,3,8,236,2,2106,30,31,3,504,24,14289,10319,0,8,1,0,0,0,1,0,0,0,0,0,0,0,0,0,0,0,0,0,0,1,6,0,3,0,2,0,8,3,7,0,0,18,1,0,0,0,40,2,0,0,6,0,131,29,8,4,0,0,0,0,0
1,0,1,2,2,0,0,78,65,388,350,225,51,44,11,23,28,7,11,207,76,1688,15885,16,136,1033,579,6436,83,67,6,43179,7436,14627,1,17,22,1077,2,537,18,161,20,1112,215,10319,70543,0,3,18,0,0,1,0,0,0,0,0,0,1,1,0,0,0,0,2,2,0,3,5,1,25,1,7,0,80,54,22,0,0,76,24,0,1,8,133,1,0,0,115,0,298,158,26,17,0,0,0,0,0
35,88,108,429,598,4259,1112,1,49,69,46,0,0,72,30,160,1,2,4,17,16,27,2,125,41,0,254,0,9,24,16,2,3,0,3293,69,650,5,5654,1,9,11,36,15,0,0,0,5472,371,2,58,81,58,57,161,222,0,0,1,1,26,8,0,0,64,2,184,0,11,0,1,12,18,1,0,1,1,0,5,1,0,0,8,19,0,0,36,374,0,0,98,1,0,0,0,512,14,0,14,2
2122,158,119,171,3990,1083,92,21,1,56,10,0,6,18618,194,101,0,17,6,100,9,410,7,11,5,7,8,5,5590,3259,30,22,31,5,114,14,56,30,139,1,1157,296,65,5,60,8,3,371,11298,41,14,7,7,5,3,22,0,1,0,0,5,0,0,0,12,3,61,1,16,2,3,5,3,2,2,0,3,0,2,4,0,0,4,9,1,0,20,57,1,2,17,0,0,0,0,19,8,0,8,0
27,41,15,187,5,4,14,203,13,7708,23,39,332,7727,7511,118,51,101,8,425,2585,225,42,11,23,18,23,3,56,1936,86,200,993,1,15,25,93,98,37,1,230,5338,7225,6,446,1,18,2,41,11327,1,1,5,0,1,3,0,1,2,2,2,2,0,0,1,3,10,2,13,1,2,2,1,1,2,0,4,0,0,5,0,4,0,1,6,0,22,6,2,2,1,0,1,0,0,2,2,0,0,0
10,10,244,47,14,22,52,1,6,11,4,1,1,26,8,57,0,3,0,1,1,9,1,3,4,0,4,0,4,4,11,0,0,0,129,21,19,1,83,0,4,4,24,2,0,0,0,58,14,1,39018,18379,1147,12798,10945,4000,3,9,4,27,404,27,3,0,13705,164,482,3,29,180,13,924,8,11,4,9,22,8,662,12,2,18,943,70,11,0,55,417,8,68,121,0,15,3,0,447,9097,148,555,13
10,11,296,42,6,30,43,0,3,12,2,2,0,34,6,45,0,0,2,4,2,10,1,4,1,0,5,0,2,2,2,0,0,0,102,8,20,1,60,0,3,4,9,1,1,0,0,81,7,1,18379,71700,10824,12565,1585,9406,0,3,2,13,1696,56,1,2,8016,41,762,1,32,81,10,803,12,8,5,4,6,0,291,8,4,14,652,19,5,2,47,366,9,41,52,1,8,1,1,252,551,139,1072,20
12,11,10,26,10,16,37,18,8,15,14,0,4,32,8,72,1,5,12,21,12,18,2,8,5,1,4,0,3,5,3,1,5,0,90,30,33,4,74,0,5,15,16,2,5,0,1,58,7,5,1147,10824,29251,344,94,8670,45,187,49,264,1657,255,19,15,14520,6332,9446,22,322,1404,97,470,63,115,37,11,117,5,429,194,17,94,1080,997,33,3,265,335,59,151,85,0,89,3,5,106,762,129,1312,162
26,9,1798,41,412,1433,572,0,1,6,1,0,0,16,4,18,0,0,0,2,2,2,0,0,3,0,2,0,1,1,5,0,2,0,106,5,24,1,121,0,2,0,7,0,0,1,0,57,5,0,12798,12565,344,31319,13845,17026,0,0,0,5,369,18,0,0,290,5,146,0,12,12,1,312,5,2,1,1,2,0,72,2,1,2,144,2,1,0,20,179,0,8,1258,0,1,1,0,430,186,45,258,9
10,20,113,64,3,85,118,1,2,2,3,0,0,14,6,35,0,1,1,2,1,4,0,3,2,0,5,0,0,0,0,0,0,0,119,2,24,0,46,0,0,3,8,2,0,0,0,161,3,1,10945,1585,94,13845,19926,8178,0,0,1,2,100,7,0,0,280,4,237,0,14,5,2,98,174,9,2,1,9,0,40,2,0,1,50,7,2,0,93,1400,1,1,1359,9,1,0,0,4233,1312,13,68,2
35,41,122,172,15,399,824,3,4,35,12,4,0,88,15,123,2,0,2,10,8,19,0,4,1,1,4,0,2,13,20,1,1,0,392,34,75,1,150,0,6,6,28,1,1,0,0,222,22,3,4000,9406,8670,17026,8178,32834,2,3,2,32,1172,105,2,0,3108,46,4296,3,72,124,28,357,62,25,12,2,19,2,137,10,5,16,323,29,3,0,153,2987,11,23,953,0,18,0,1,1345,278,69,736,72
0,0,0,0,0,0,0,267,244,4,7,14,119,0,1,7,7,7,5,121,8,2,4,10,5,0,5,0,0,2,0,1,16,0,1,4,176,0,0,0,0,0,2,2,1,0,0,0,0,0,3,0,45,0,0,2,3254,7605,714,679,21,186,94,4229,114,274,73,1502,202,4892,39,143,265,27,97,11,12,1,16,437,11,3164,65,252,75,1,991,2,112,16,1,2,7,2,9,0,12,5,35,26
0,1,0,1,0,0,0,197,248,11,18,45,46,2,1,37,34,41,44,53,48,5,6,8,0,1,0,0,0,1,3,1,5,0,1,12,104,2,0,0,1,4,3,0,0,0,0,0,1,1,9,3,187,0,0,3,7605,23835,5679,938,63,1403,269,2586,131,217,311,6895,680,6056,246,543,266,28,74,8,12,4,7,692,35,187,26,582,5,7,1795,10,25,45,0,2,27,3,21,0,11,1,19,6
1,3,0,3,0,0,1,85,132,39,27,44,6,11,4,85,33,64,85,22,114,11,4,18,0,0,0,1,1,10,7,4,6,0,9,51,55,0,14,0,4,17,14,0,0,0,0,1,0,2,4,2,49,0,1,2,714,5679,5374,2607,345,2469,386,329,22,32,325,4730,4357,517,771,656,119,18,1714,1,18,1,1,3648,27,60,3,153,10,4,944,18,10,50,16,2,31,1,28,1,4,3,8,4
0,1,0,4,2,2,1,557,493,12,25,63,149,6,3,67,40,42,64,298,69,19,14,31,25,0,245,0,1,4,6,5,49,0,7,25,414,12,6,0,6,13,12,9,3,0,1,1,0,2,27,13,264,5,2,32,679,938,2607,35609,138,1505,807,730,103,75,552,405,6745,6500,719,633,12160,6266,43,22,285,4,8,78,44,659,14,183,21,19,7654,53,19,139,14,2,167,4,26,6,13,1,19,9
9,7,11,28,4,9,15,21,19,32,16,5,5,55,14,92,7,25,34,15,62,41,3,19,4,0,4,1,11,27,16,6,5,1,86,82,50,8,144,0,17,24,48,5,1,0,1,26,5,2,404,1696,1657,369,100,1172,21,63,345,138,28959,4170,772,129,1345,939,2948,181,1267,186,6138,2335,203,90,716,130,162,125,118,611,469,547,553,1210,139,56,663,1014,1093,444,364,52,265,42,383,324,58,34363,51563,5707
1,0,0,14,0,0,3,73,100,9,18,21,16,18,5,54,13,29,36,25,46,10,7,17,5,0,5,0,3,7,5,1,3,0,13,33,30,5,19,0,6,13,10,2,0,0,0,8,0,2,27,56,255,18,7,105,186,1403,2469,1505,4170,9990,8324,1884,137,139,768,1696,1240,605,6342,7879,293,156,411,32,95,21,14,475,197,2012,15,338,43,12,744,177,129,192,65,3,116,26,246,55,7,2,110,122
0,1,0,0,0,0,0,55,56,2,2,9,12,1,0,8,7,11,20,68,14,1,2,4,5,0,13,0,0,1,0,4,10,1,0,8,32,2,0,0,3,2,1,3,2,0,0,0,0,0,3,1,19,0,0,2,94,269,386,807,772,8324,19877,15403,14,17,25,3616,95,1093,5763,5136,108,345,342,16,135,12,2,181,173,11594,10,36,60,6,443,8,106,146,1,2,95,8,227,0,3,1,45,58
0,1,0,0,0,0,0,62,80,5,6,18,14,3,0,11,19,8,12,21,15,5,1,6,0,0,1,1,0,0,2,2,5,0,0,4,26,2,1,0,0,3,2,1,0,0,0,0,0,0,0,2,15,0,0,0,4229,2586,329,730,129,1884,15403,16054,12,34,19,8446,52,342,1356,520,102,28,168,8,13,4,0,173,26,7972,3,46,17,1,426,0,66,32,2,1,20,2,36,0,5,4,8,14
11,15,11,50,16,22,39,16,14,20,8,1,7,50,14,89,2,6,7,43,8,24,5,4,7,0,11,0,3,9,8,0,13,0,147,19,46,7,110,0,8,12,24,1,6,0,0,64,12,1,13705,8016,14520,290,280,3108,114,131,22,103,1345,137,14,12,60176,15274,1961,29,151,2129,91,1437,40,97,97,95,180,20,4373,183,91,291,17047,1245,189,17,254,430,1188,604,147,26,111,4,13,174,7342,574,5096,1081
2,1,1,2,1,0,5,16,9,11,7,2,7,16,4,17,0,5,4,62,3,12,3,3,13,0,9,0,0,12,2,1,6,0,20,17,9,3,18,0,3,7,11,2,6,0,2,2,3,3,164,41,6332,5,4,46,274,217,32,75,939,139,17,34,15274,32457,1610,87,123,1981,267,327,24,80,499,142,93,30,326,611,141,523,3878,5566,326,18,159,61,9974,366,33,14,41,1,26,8,373,103,4613,4983
54,64,34,144,63,72,119,15,18,74,30,8,11,316,58,408,2,14,31,30,72,145,3,39,8,0,4,0,33,85,70,1,4,0,604,271,198,3,686,0,50,67,178,3,3,0,2,184,61,10,482,762,9446,146,237,4296,73,311,325,552,2948,768,25,19,1961,1610,34708,95,8744,1151,317,696,646,143,390,10,93,8,172,4956,7,85,565,6334,18,3,1088,8948,196,107,390,5,58,3,5,587,312,108,1479,347
1,1,0,1,0,0,0,90,120,27,15,45,11,5,3,45,23,38,69,17,77,6,4,16,7,0,1,0,0,4,10,0,10,0,3,29,31,0,12,0,1,6,5,0,2,0,0,0,1,2,3,1,22,0,0,3,1502,6895,4730,405,181,1696,3616,8446,29,87,95,7652,408,348,11327,266,149,25,1311,29,25,9,0,6363,39,748,18,202,161,5,755,11,143,43,5,2,13,5,27,0,3,3,19,32
8,11,1,34,6,3,8,59,57,115,26,33,17,90,22,256,18,54,92,61,171,117,3,65,14,1,10,0,20,68,38,1,12,1,126,231,69,5,173,0,58,75,114,5,8,1,3,11,16,13,29,32,322,12,14,72,202,680,4357,6745,1267,1240,95,52,151,123,8744,408,18016,1539,933,468,5204,422,570,6,213,3,30,3701,20,137,91,313,25,3,2473,2745,238,117,520,3,119,2,8,120,28,22,381,232
2,2,1,13,2,0,2,1327,828,16,11,114,493,22,11,45,6,10,6,1734,12,49,74,22,268,4,566,0,2,10,28,8,371,2,11,21,704,44,6,1,3,4,26,37,66,6,5,0,2,1,180,81,1404,12,5,124,4892,6056,517,6500,186,605,1093,342,2129,1981,1151,348,1539,25858,125,1984,420,6741,291,356,1491,24,188,594,159,18607,734,1934,8142,51,1984,68,481,1990,7,34,1026,28,107,5,300,28,376,219
1,2,1,3,0,0,1,79,126,31,23,24,11,13,5,84,24,56,98,25,71,24,3,18,4,0,3,0,2,12,13,0,5,0,10,52,49,4,16,0,4,16,16,3,3,0,1,1,3,2,13,10,97,1,2,28,39,246,771,719,6138,6342,5763,1356,91,267,317,11327,933,125,22321,1355,471,63,10576,40,71,35,11,3236,286,1292,88,103,132,20,1478,154,1445,169,80,9,103,13,247,9,7,7,851,8552
2,2,19,15,2,7,7,43,27,12,1,10,14,29,8,40,2,5,11,119,16,15,34,11,57,49,69,3,3,10,11,95,36,31,48,39,29,136,78,30,11,10,32,134,33,3,25,12,5,2,924,803,470,312,98,357,143,543,656,633,2335,7879,5136,520,1437,327,696,266,468,1984,1355,51885,135,1629,284,773,1839,4027,1830,193,4665,26229,2013,298,373,2510,199,234,181,2703,99,607,2906,13406,13013,47,449,4971,3404,219
2,4,1,7,2,6,5,27,34,17,7,17,10,14,2,54,9,9,27,47,27,16,3,16,11,0,21,0,1,8,11,1,6,1,28,27,55,7,30,3,5,11,8,4,3,0,1,18,3,1,8,12,63,5,174,62,265,266,119,12160,203,293,108,102,40,24,646,149,5204,420,471,135,9786,1399,132,7,375,3,8,91,17,140,14,50,13,6,15002,2299,47,112,2734,59,165,2,7,1453,20,1,52,28
1,1,0,4,1,0,0,174,110,1,5,36,78,14,6,6,0,1,5,843,3,21,64,5,286,12,1906,0,1,8,11,23,143,1,4,3,95,87,4,6,0,6,12,52,88,2,7,1,2,1,11,8,115,2,9,25,27,28,18,6266,90,156,345,28,97,80,143,25,422,6741,63,1629,1399,20631,36,91,11020,47,4,14,222,1893,36,41,351,60,1419,43,50,1148,106,253,2917,11,87,63,5,3,62,40
0,0,0,2,3,2,0,6,13,27,5,6,9,18,4,57,6,14,12,18,35,34,1,13,2,0,2,0,6,9,6,1,6,0,15,48,19,1,15,0,21,21,21,4,2,0,0,0,2,2,4,5,37,1,2,12,97,74,1714,43,716,411,342,168,97,499,390,1311,570,291,10576,284,132,36,14242,39,20,8,13,8471,106,909,113,1318,170,4,632,180,7121,66,74,4,17,5,74,8,4,7,401,2445
0,1,0,1,0,0,0,1,3,1,0,1,1,2,0,0,0,0,0,14,0,5,45,2,12,321,151,4,0,1,0,479,3,43,1,2,2,221,0,19,0,2,2,553,13,8,80,1,0,0,9,4,11,1,1,2,11,8,1,22,130,32,16,8,95,142,10,29,6,356,40,773,7,91,39,16169,2638,44,17,20,15792,647,133,37,7114,6642,7,6,91,9845,2,112,10218,97,141,2,19,7,164,78
1,1,0,4,0,3,1,22,13,5,3,11,18,22,6,10,2,1,2,263,7,7,97,7,201,73,120,10,1,14,3,203,94,22,4,2,4,240,4,35,1,6,9,262,222,3,54,1,3,4,22,6,117,2,9,19,12,12,18,285,162,95,135,13,180,93,93,25,213,1491,71,1839,375,11020,20,2638,22353,243,23,15,1899,1285,100,45,1120,1008,414,33,57,5145,139,5704,29953,72,424,211,34,6,133,46
0,0,0,0,0,0,0,1,0,0,0,0,0,1,0,0,0,0,0,0,0,1,3,0,1,27,13,25,0,0,0,33,0,87,0,0,0,3,0,357,0,0,0,97,1,7,22,0,0,0,8,0,5,0,0,2,1,4,1,4,125,21,12,4,20,30,8,9,3,24,35,4027,3,47,8,44,243,43141,586,0,443,46,43,3,13,11425,13,2,14,183,4,25982,239,19050,1277,2,11,84,125,51
2,0,2,3,2,1,2,2,0,2,1,2,0,7,3,16,0,0,1,4,1,3,1,3,0,0,0,0,1,4,4,0,3,0,25,10,4,0,19,0,2,0,9,2,1,0,0,5,2,0,662,291,429,72,40,137,16,7,1,8,118,14,2,0,4373,326,172,0,30,188,11,1830,8,4,13,17,23,586,98483,16,29,42,22311,117,29,55,49,76,71,88,34,39,15,808,24,23,9515,16479,746,29
0,1,0,16,1,1,1,23,17,48,14,6,3,21,8,79,7,30,42,21,56,42,1,28,4,0,2,0,9,22,16,0,5,0,23,95,18,0,56,0,19,36,37,3,2,0,0,1,4,5,12,8,194,2,2,10,437,692,3648,78,611,475,181,173,183,611,4956,6363,3701,594,3236,193,91,14,8471,20,15,0,16,10560,23,299,130,3727,76,2,362,149,387,33,62,2,6,0,10,10,15,12,220,163
0,0,0,1,0,0,0,2,5,2,0,2,0,0,1,2,0,0,0,17,0,5,51,4,8,226,107,7,0,0,0,377,13,36,1,2,4,168,0,28,1,4,2,407,10,18,76,0,0,0,2,4,17,1,0,5,11,35,27,44,469,197,173,26,91,141,7,39,20,159,286,4665,17,222,106,15792,1899,443,29,23,30426,2545,99,33,839,7565,14,4,169,4666,1,159,1674,1510,14490,1,15,15,338,214
0,1,0,4,1,0,0,289,162,6,8,30,126,9,5,11,5,2,5,590,7,16,65,6,122,18,139,5,1,2,12,72,117,1,0,10,167,110,2,1,2,4,6,96,53,1,24,0,0,4,18,14,94,2,1,16,3164,187,60,659,547,2012,11594,7972,291,523,85,748,137,18607,1292,26229,140,1893,909,647,1285,46,42,299,2545,31358,231,269,7434,46,456,19,850,1479,4,17,1011,23,7641,4,58,12,416,451
2,4,2,3,5,2,3,12,4,5,1,1,2,21,2,36,0,0,0,24,4,14,2,1,3,0,8,0,1,3,1,2,8,0,32,18,23,3,38,0,3,5,13,4,3,0,0,8,4,0,943,652,1080,144,50,323,65,26,3,14,553,15,10,3,17047,3878,565,18,91,734,88,2013,14,36,113,133,100,43,22311,130,99,231,58874,619,215,30,140,181,759,380,92,42,41,6,19,41,9214,10827,44798,1456
8,6,2,25,10,6,8,15,8,23,10,2,9,61,8,71,2,8,4,24,18,52,1,2,6,0,5,0,6,28,19,1,4,0,68,69,31,1,86,0,20,18,27,1,4,0,1,19,9,1,70,19,997,2,7,29,252,582,153,183,1210,338,36,46,1245,5566,6334,202,313,1934,103,298,50,41,1318,37,45,3,117,3727,33,269,619,19138,98,2,337,166,5000,129,81,3,28,0,7,25,150,63,994,599
0,0,0,2,0,0,0,46,16,4,3,15,22,4,2,10,0,1,2,288,0,11,40,1,139,11,82,1,2,4,1,29,76,1,0,4,16,99,0,2,0,4,6,54,81,0,8,0,1,6,11,5,33,1,2,3,75,5,10,21,139,43,60,17,189,326,18,161,25,8142,132,373,13,351,170,7114,1120,13,29,76,839,7434,215,98,18860,25,18,6,292,6259,2,13,249,5,97,1,46,9,271,216
0,0,0,0,0,0,0,0,1,2,0,0,0,0,0,0,0,0,0,3,1,4,26,1,3,293,73,20,0,0,0,232,3,268,0,0,0,22,0,243,0,0,0,421,1,40,133,0,0,0,0,2,3,0,0,0,1,7,4,19,56,12,6,1,17,18,3,5,3,51,20,2510,6,60,4,6642,1008,11425,55,2,7565,46,30,2,25,48108,3,0,12,845,0,7280,3040,12023,4686,0,8,13,44,21
13,19,4,74,2,14,18,298,311,178,54,118,90,120,26,317,68,72,174,119,309,99,7,122,8,0,5,1,26,101,61,4,31,0,167,398,378,5,323,3,67,107,138,5,0,2,1,36,20,22,55,47,265,20,93,153,991,1795,944,7654,663,744,443,426,254,159,1088,755,2473,1984,1478,199,15002,1419,632,7,414,13,49,362,14,456,140,337,18,3,2728,3142,295,20,4940,279,22,0,9,820,45,22,353,211
68,85,62,331,63,121,218,10,13,95,39,7,4,278,62,402,6,16,20,19,73,130,1,29,12,0,7,0,29,59,63,1,5,0,728,183,233,5,626,0,54,65,162,1,3,0,0,374,57,6,417,366,335,179,1400,2987,2,10,18,53,1014,177,8,0,430,61,8948,11,2745,68,154,234,2299,43,180,6,33,2,76,149,4,19,181,166,6,0,3142,9943,131,16,7887,1,12,0,0,4165,164,48,578,143
1,1,0,4,0,0,0,8,5,10,2,1,3,7,3,26,1,6,11,27,8,19,1,5,3,0,3,0,1,9,1,0,4,0,8,14,15,4,9,0,9,10,5,1,1,0,0,0,1,2,8,9,59,0,1,11,112,25,10,19,1093,129,106,66,1188,9974,196,143,238,481,1445,181,47,50,7121,91,57,14,71,387,169,850,759,5000,292,12,295,131,22426,163,64,9,38,3,38,10,40,40,1731,8955
0,0,0,0,1,0,3,19,21,3,3,6,8,9,2,3,1,0,0,143,4,12,144,7,94,126,160,13,0,2,0,431,63,14,1,3,10,332,2,10,0,10,4,419,92,6,115,0,2,2,68,41,151,8,1,23,16,45,50,139,444,192,146,32,604,366,107,43,117,1990,169,2703,112,1148,66,9845,5145,183,88,33,4666,1479,380,129,6259,845,20,16,163,16812,3,192,14893,70,512,7,114,24,493,184
16,21,27,66,19,20,75,7,5,29,22,1,1,83,16,139,1,9,9,10,17,35,0,6,4,0,0,1,10,10,11,0,1,0,270,52,102,0,163,2,10,18,28,0,0,0,0,98,17,1,121,52,85,1258,1359,953,1,0,16,14,364,65,1,2,147,33,390,5,520,7,80,99,2734,106,74,2,139,4,34,62,1,4,92,81,2,0,4940,7887,64,3,9517,55,1,0,2,7452,70,14,209,55
0,0,0,1,0,1,0,1,3,0,0,1,0,0,0,0,0,0,0,4,0,14,14,0,2,224,204,279,1,0,0,165,1,987,0,0,0,18,0,4677,0,0,0,1157,1,131,298,1,0,0,0,1,0,0,9,0,2,2,2,2,52,3,2,1,26,14,5,2,3,34,9,607,59,253,4,112,5704,25982,39,2,159,17,42,3,13,7280,279,1,9,192,55,45293,15613,1968,333,92,8,6,85,24
0,0,0,1,0,0,1,9,11,1,2,3,0,5,2,3,0,1,0,76,1,18,71,3,56,477,195,22,1,0,1,594,35,183,0,2,2,268,1,151,1,0,1,794,64,29,158,0,0,1,15,8,89,1,1,18,7,27,31,167,265,116,95,20,111,41,58,13,119,1026,103,2906,165,2917,17,10218,29953,239,15,6,1674,1011,41,28,249,3040,22,12,38,14893,1,15613,46829,296,304,5,15,7,175,56
0,0,0,0,0,0,0,0,0,0,0,0,1,0,0,1,0,0,0,1,0,2,3,0,0,44,12,5,0,0,0,30,0,139,0,0,0,4,0,158,0,0,0,121,1,8,26,0,0,0,3,1,3,1,0,0,2,3,1,4,42,26,8,2,4,1,3,5,2,28,13,13406,2,11,5,97,72,19050,808,0,1510,23,6,0,5,12023,0,0,3,70,0,1968,296,18601,14550,0,4,83,17,5
0,0,0,0,0,0,0,2,0,2,0,1,0,0,1,1,0,0,0,8,1,0,13,0,0,69,22,6,0,0,0,84,1,42,0,2,1,44,0,25,0,0,0,112,4,4,17,0,0,0,0,1,5,0,0,1,9,21,28,26,383,246,227,36,13,26,5,27,8,107,247,13013,7,87,74,141,424,1277,24,10,14490,7641,19,7,97,4686,9,0,38,512,2,333,304,14550,23224,0,2,6,147,94
47,78,64,298,26,143,257,5,15,34,12,2,1,81,37,169,0,3,6,1,12,10,1,11,6,1,15,0,3,9,15,0,2,0,485,16,104,1,191,2,10,7,24,3,0,0,0,512,19,2,447,252,106,430,4233,1345,0,0,1,6,324,55,0,0,174,8,587,0,120,5,9,47,1453,63,8,2,211,2,23,10,1,4,41,25,1,0,820,4165,10,7,7452,92,5,0,0,5690,263,11,130,13
6,0,10,9,3,5,6,2,2,5,2,0,0,18,4,28,0,1,2,8,1,5,1,4,2,0,3,0,2,1,3,0,1,0,37,20,10,1,49,0,3,3,12,0,1,0,0,14,8,2,9097,551,762,186,1312,278,12,11,4,13,58,7,3,5,7342,373,312,3,28,300,7,449,20,5,4,19,34,11,9515,15,15,58,9214,150,46,8,45,164,40,114,70,8,15,4,2,263,28187,653,1248,29
2,0,0,2,1,1,0,1,2,4,1,1,1,5,1,10,0,0,0,0,1,1,1,0,0,0,0,0,1,1,0,0,0,0,10,2,3,2,12,0,1,0,5,0,1,0,0,0,0,0,148,139,129,45,13,69,5,1,3,1,34363,2,1,4,574,103,108,3,22,28,7,4971,1,3,7,7,6,84,16479,12,15,12,10827,63,9,13,22,48,40,24,14,6,7,83,6,11,653,39700,4756,52
8,7,11,13,6,8,6,9,3,7,5,2,3,39,4,50,1,3,9,31,5,21,2,8,9,0,6,0,5,12,12,2,7,0,50,23,19,4,65,0,13,10,24,1,3,0,0,14,8,0,555,1072,1312,258,68,736,35,19,8,19,51563,110,45,8,5096,4613,1479,19,381,376,851,3404,52,62,401,164,133,125,746,220,338,416,44798,994,271,44,353,578,1731,493,209,85,175,17,147,130,1248,4756,21880,6235
1,2,0,4,0,0,2,3,1,2,4,1,0,4,1,19,1,1,9,13,8,1,1,2,9,0,4,0,1,4,0,2,2,0,5,4,10,0,6,0,0,5,4,0,0,0,0,2,0,0,13,20,162,9,2,72,26,6,4,9,5707,122,58,14,1081,4983,347,32,232,219,8552,219,28,40,2445,78,46,51,29,163,214,451,1456,599,216,21,211,143,8955,184,55,24,56,5,94,13,29,52,6235,16763
