11910,2648,6853,1591,8827,2284,379,0,0,14,1,0,1,8058,1037,46,0,0,1,3,0,211,1,1,1,2,3,30,418,442,0,2,2,6,30,2,28,2,27,1,260,26,16,6,5,14,15,27,1908,3,2,12,7,26,5,19,0,1,0,0,2,0,0,0,15,5,10,0,0,0,0,0,0,1,0,0,0,0,1,0,0,0,3,2,0,0,4,15,1,0,2,0,0,0,1,37,5,0,2,1
2648,39926,10366,24021,444,426,1745,4,1,114,9,1,4,5779,2783,169,1,1,9,7,5,985,2,5,9,7,2,38,463,857,1,12,5,8,189,9,78,16,89,4,731,168,27,18,11,13,8,123,329,13,35,95,44,83,66,118,0,0,0,0,4,1,0,0,60,16,70,0,1,0,0,1,0,2,2,0,0,0,8,3,3,0,11,15,0,0,13,132,1,1,8,0,1,0,0,379,9,0,7,3
6853,10366,14692,7968,6768,3523,9044,0,0,14,1,1,0,1271,159,28,1,0,1,1,1,325,1,4,2,2,0,23,343,437,0,1,3,6,49,7,20,1,31,1,300,24,16,8,1,11,6,58,511,3,4,27,12,467,26,66,0,0,1,0,0,0,0,0,25,5,24,0,1,1,0,1,2,1,0,0,0,0,2,1,0,0,2,4,0,0,3,27,1,1,2,0,2,0,0,197,8,0,2,0
1591,24021,7968,55248,398,938,12461,99,81,762,103,14,46,10089,10606,5313,15,3,100,321,77,1502,74,53,177,149,87,76,627,1936,55,129,98,54,600,97,334,431,294,20,1272,590,2145,344,243,27,82,349,503,108,71,209,103,220,131,472,3,5,5,22,23,3,1,5,217,52,202,6,35,42,0,26,6,32,5,8,15,2,25,12,2,17,56,80,10,1,81,301,19,19,74,0,23,1,1,730,37,4,26,4
8827,444,6768,398,15543,20089,539,0,0,18,1,0,1,2294,228,34,0,0,0,0,0,65,1,16,2,3,5,7,169,171,5,3,1,1,97,0,18,2,77,18,76,6,12,6,1,7,1,365,3008,0,3,6,7,38,15,6,0,0,0,0,1,0,0,0,4,0,6,0,1,0,0,1,0,0,0,0,0,0,0,0,1,0,0,1,0,0,1,3,1,0,1,0,0,0,0,35,2,0,1,0
2284,426,3523,938,20089,13007,13945,1,5,72,14,2,0,226,37,144,0,0,3,0,5,124,0,67,3,2,33,16,98,117,10,5,1,3,569,9,131,8,321,58,73,28,36,20,3,5,6,2459,3173,8,13,48,20,566,53,79,0,0,3,1,5,0,0,0,21,5,33,2,3,0,0,2,2,0,0,0,2,0,4,0,0,0,7,9,0,1,13,42,1,0,13,1,0,0,0,438,6,0,5,0
379,1745,9044,12461,539,13945,22476,7,28,236,42,1,8,501,140,3951,7,1,60,42,23,300,14,92,45,17,36,16,97,346,27,17,17,13,4037,332,308,56,2313,27,247,112,112,73,27,4,15,1450,172,10,62,190,76,972,163,476,0,1,3,4,22,4,0,0,167,48,180,4,10,3,3,15,5,5,3,0,6,0,18,9,1,3,54,41,2,0,62,275,18,5,70,4,5,0,2,1137,23,6,24,3
0,4,0,99,0,1,7,30713,4907,43,1249,505,7910,108,99,1044,3448,5301,1662,4398,540,2947,409,109,199,16,130,43,16,51,1509,32,1556,17,10,33,731,216,7,3,17,20,1085,139,437,201,77,0,3,31,0,0,3,0,2,2,217,245,25,651,19,26,5,108,4,1,3,91,19,327,23,27,48,89,8,4,30,0,0,28,2,72,3,5,29,1,452,7,2,12,2,0,16,2,5,0,0,1,4,1
0,1,0,81,0,5,28,4907,49876,78,461,1241,3283,13,8,543,1044,119,6280,4789,587,1445,468,11652,7929,44,4712,53,9,33,136,123,1242,61,109,622,9149,154,103,162,30,40,170,727,196,164,162,24,2,39,1,1,3,0,0,5,646,956,31,2847,23,44,21,302,7,16,24,166,57,945,57,90,136,305,15,30,170,3,4,45,13,144,10,16,75,3,2591,15,9,44,14,1,41,3,3,5,4,0,7,1
14,114,14,762,18,72,236,43,78,32292,3604,519,107,262,309,854,91,8,254,83,1985,4258,412,150,120,41,83,96,213,223,74,426,338,98,368,362,375,69,490,9,18016,14463,2774,428,63,335,615,128,31,13756,2,1,3,2,2,1,2,1,19,14,14,4,1,1,17,9,37,14,53,7,14,13,15,16,19,11,12,0,11,41,20,3,14,21,14,0,74,56,16,13,40,2,17,1,6,8,4,1,24,4
1,9,1,103,1,14,42,1249,461,3604,3876,6262,924,27,17,767,495,106,924,197,3292,4357,1569,171,91,11,83,62,17,38,157,115,337,37,115,385,235,40,272,5,126,126,238,254,12,443,353,36,4,69,0,0,1,1,0,2,3,6,27,29,15,2,2,3,2,4,20,24,52,14,11,4,17,12,28,17,2,1,3,34,3,5,7,2,11,1,35,29,20,12,18,2,7,1,4,2,2,0,8,11
0,1,1,14,0,2,1,505,1241,519,6262,14421,16513,23,6,82,2059,31,176,912,5725,2835,5721,78,886,11,223,34,35,53,65,123,8581,46,11,44,140,41,19,4,50,119,305,318,36,478,420,4,0,112,0,0,1,0,0,0,17,16,3,75,2,3,6,8,2,0,8,6,5,114,1,10,3,62,1,10,38,0,0,9,4,27,0,4,21,3,45,0,1,20,3,1,14,0,3,1,0,0,3,1
1,4,0,46,1,0,8,7910,3283,107,924,16513,26473,228,146,260,7749,1105,312,2575,1470,694,966,105,845,13,299,17,26,215,740,170,12436,20,11,45,649,53,11,2,64,92,1246,120,261,98,248,0,12,184,0,0,3,0,0,3,157,188,3,638,4,11,3,79,4,10,10,31,15,460,4,31,36,135,2,3,75,0,1,13,3,65,3,10,26,2,514,8,1,18,0,0,8,1,2,0,0,1,1,2
8058,5779,1271,10089,2294,226,501,108,13,262,27,23,228,49094,18172,1185,23,18,38,179,123,469,38,22,189,228,75,188,2674,21175,105,496,511,170,773,125,426,270,737,22,1245,1355,4591,184,643,48,204,269,9002,4093,27,57,63,23,30,148,0,1,4,9,38,12,0,2,206,75,262,2,16,18,1,38,5,36,9,12,10,1,61,37,4,23,131,160,14,2,102,445,62,20,191,1,16,1,3,107,44,13,45,12
1037,2783,159,10606,228,37,140,99,8,309,17,6,146,18172,22515,1729,19,6,18,103,85,671,19,15,65,98,30,62,690,3258,60,206,253,66,209,29,110,197,199,10,1072,1003,15380,75,397,25,80,117,619,9600,11,30,20,5,14,47,0,0,1,1,9,3,0,1,65,20,68,1,12,8,3,14,2,12,4,3,8,0,16,9,1,13,28,48,9,0,27,135,14,7,44,1,9,1,2,56,10,4,10,5
46,169,28,5313,34,144,3951,1044,543,854,767,82,260,1185,1729,18374,461,248,4072,1285,759,648,134,128,405,135,136,70,201,727,11793,126,175,59,2102,4084,939,605,1067,37,611,361,6926,455,374,40,88,518,91,93,40,107,76,13,67,212,11,9,41,50,112,27,4,13,291,122,527,40,251,76,33,95,64,50,99,5,20,2,104,241,7,27,321,293,13,4,317,828,195,18,436,1,18,2,2,204,62,20,174,44
0,1,1,15,0,0,7,3448,1044,91,495,2059,7749,23,19,461,5973,2543,893,144,2938,269,661,167,122,4,23,4,5,35,1903,137,1232,6,16,59,246,23,25,1,11,31,566,60,48,60,223,6,1,47,0,0,1,0,0,0,28,69,16,107,4,9,4,7,0,1,1,53,17,16,9,7,13,9,7,3,5,0,2,9,5,6,2,0,4,0,165,2,2,6,6,0,6,1,1,0,1,1,3,0
0,1,0,3,0,0,1,5301,119,8,106,31,1105,18,6,248,2543,2739,486,132,246,202,28,20,9,1,1,3,2,11,1943,13,144,3,1,8,63,17,2,0,1,2,229,7,96,14,19,0,0,2,0,0,0,0,0,1,8,8,5,12,2,1,0,1,0,0,2,24,7,3,6,3,3,3,2,0,0,0,0,8,0,3,0,1,2,0,30,5,0,2,3,0,1,0,0,0,0,0,3,0
1,9,1,100,0,3,60,1662,6280,254,924,176,312,38,18,4072,893,486,10515,2202,1515,579,185,1694,1539,27,474,14,36,150,2134,59,189,22,201,3167,1563,177,190,34,109,58,775,468,104,44,59,8,4,47,1,1,4,0,1,7,22,28,116,171,100,28,7,14,7,15,89,120,362,71,79,42,123,41,125,6,18,0,15,235,9,30,46,22,27,1,383,130,66,30,86,1,14,0,3,11,2,8,73,37
3,7,1,321,0,0,42,4398,4789,83,197,912,2575,179,103,1285,144,132,2202,22693,172,842,1100,163,3506,233,1137,54,43,185,782,313,5648,81,86,352,587,7047,48,22,82,82,1106,2625,5527,159,334,9,11,80,1,2,9,0,1,6,319,228,9,915,8,31,79,331,26,39,36,19,42,1887,10,135,84,1146,9,28,343,3,5,54,18,576,19,29,351,8,249,21,18,171,10,5,126,3,15,1,3,0,2,6
0,5,1,77,0,5,23,540,587,1985,3292,5725,1470,123,85,759,2938,246,1515,172,14698,827,1049,468,240,39,80,49,60,419,1809,452,1414,51,108,586,804,57,244,8,474,1323,10389,220,78,187,567,22,6,4643,0,0,2,0,0,2,3,12,42,51,27,12,1,4,3,1,17,86,102,15,19,11,48,25,36,11,8,0,3,89,3,6,11,8,18,0,175,25,10,10,20,0,12,1,3,0,1,0,25,10
211,985,325,1502,65,124,300,2947,1445,4258,4357,2835,694,469,671,648,269,202,579,842,827,14983,4813,150,864,128,523,1692,3637,523,247,322,501,641,258,220,239,257,392,184,26065,1575,1317,2533,140,5360,1641,104,45,352,2,3,11,9,5,8,10,16,7,41,14,4,2,11,26,23,53,14,36,72,7,41,18,79,29,91,67,10,19,27,62,29,43,35,58,34,48,97,31,56,49,18,154,3,49,12,2,2,28,8
1,2,1,74,1,0,14,409,468,412,1569,5721,966,38,19,134,661,28,185,1100,1049,4813,9209,135,3332,178,1255,207,138,159,79,681,6455,223,23,45,44,742,46,61,138,229,281,3735,282,4509,5207,18,4,114,2,0,1,0,0,0,9,9,3,28,2,4,9,11,4,10,7,8,5,136,7,76,8,265,1,158,153,4,1,14,78,130,3,3,188,16,14,7,4,212,2,15,219,5,56,1,0,0,4,2
1,5,4,53,16,67,92,109,11652,150,171,78,105,22,15,128,167,20,1694,163,468,150,135,5059,1250,47,2459,111,51,170,92,136,73,43,345,5484,5065,94,6814,846,120,61,262,768,52,62,119,423,27,25,1,2,8,0,0,1,29,35,21,123,12,4,2,9,9,3,40,36,115,45,15,29,48,31,40,10,29,1,7,81,4,19,29,12,19,2,331,60,25,14,36,13,25,0,2,11,2,1,28,16
1,9,2,177,2,3,45,199,7929,120,91,886,845,189,65,405,122,9,1539,3506,240,864,3332,1250,8856,184,11617,124,63,298,68,807,5036,144,110,551,314,981,110,319,159,147,366,3822,2236,343,881,16,11,103,1,0,4,0,0,4,85,34,3,245,10,25,49,134,11,27,18,32,10,1169,15,264,34,1549,10,175,602,7,8,34,75,662,19,22,649,15,89,12,32,576,7,17,443,7,78,2,3,2,14,14
2,7,2,149,3,2,17,16,44,41,11,11,13,228,98,135,4,1,27,233,39,128,178,47,184,5984,894,119,61,198,56,4535,534,4655,30,21,8,2146,19,101,84,61,423,7964,1420,166,1215,10,16,45,0,0,1,0,1,0,0,1,1,8,2,9,3,6,6,4,2,5,2,7,6,93,9,94,3,589,275,20,2,0,294,58,5,4,138,86,1,4,3,203,4,28,586,9,180,3,2,0,5,2
3,2,0,87,5,33,36,130,4712,83,83,223,299,75,30,136,23,1,474,1137,80,523,1255,2459,11617,894,12130,773,70,125,44,1687,1006,407,105,281,2126,1661,1144,4141,77,75,172,10959,1191,391,1475,394,27,34,0,0,2,3,1,2,5,3,2,29,4,3,5,11,4,1,5,3,4,75,3,64,7,132,2,161,169,11,0,6,74,65,2,1,103,49,23,1,6,171,0,64,275,3,56,9,0,1,4,3
30,38,23,76,7,16,16,43,53,96,62,34,17,188,62,70,4,3,14,54,49,1692,207,111,124,119,773,77424,1648,536,26,191,223,15624,32,25,569,63,318,12038,405,100,141,1284,78,12572,5201,274,16,37,0,1,1,1,0,2,1,0,1,3,1,0,0,1,1,2,8,2,3,2,0,22,7,12,1,47,57,115,1,4,29,5,4,1,9,331,9,6,1,16,11,653,160,9,14,3,0,1,2,1
418,463,343,627,169,98,97,16,9,213,17,35,26,2674,690,201,5,2,36,43,60,3637,138,51,63,61,70,1648,98682,14343,32,167,98,468,142,126,176,48,289,114,35413,531,550,507,86,1802,503,74,7434,227,5,1,4,2,1,9,1,1,11,4,12,6,1,0,22,18,51,6,30,5,5,10,3,10,14,19,2,4,15,30,8,2,36,32,4,11,57,95,34,8,57,14,46,3,7,11,4,3,12,6
442,857,437,1936,171,117,346,51,33,223,38,53,215,21175,3258,727,35,11,150,185,419,523,159,170,298,198,125,536,14343,39435,120,1013,737,310,420,546,808,193,1040,47,10300,7042,3393,475,471,300,641,170,1944,3701,6,8,19,5,5,20,0,2,18,7,73,13,0,0,73,60,235,10,129,13,17,43,26,38,52,20,15,4,58,137,9,17,165,178,18,6,174,315,127,17,227,7,24,1,4,44,14,9,101,21
0,1,0,55,5,10,27,1509,136,74,157,65,740,105,60,11793,1903,1943,2134,782,1809,247,79,92,68,56,44,26,32,120,12963,101,394,18,93,205,450,421,237,6,46,28,13112,140,490,25,56,67,5,24,3,4,11,1,5,16,5,5,31,55,45,24,2,7,47,30,150,46,125,44,25,27,47,32,43,8,18,1,33,113,2,14,86,101,8,0,158,220,66,12,142,0,11,1,0,13,14,3,56,22
2,12,1,129,3,5,17,32,123,426,115,123,170,496,206,126,137,13,59,313,452,322,681,136,807,4535,1687,191,167,1013,101,23151,7365,3792,30,42,31,889,65,186,436,593,702,5671,5146,696,16262,23,38,370,0,0,3,0,1,0,1,2,1,9,4,7,5,3,1,9,3,6,1,23,9,103,7,155,2,637,277,15,1,6,324,80,7,3,209,134,8,4,4,356,2,68,730,10,165,1,1,0,4,1
2,5,3,98,1,1,17,1556,1242,338,337,8581,12436,511,253,175,1232,144,189,5648,1414,501,6455,73,5036,534,1006,223,98,737,394,7365,16141,454,29,58,249,803,24,25,331,479,1770,1404,7206,216,7881,4,18,535,0,1,2,1,0,1,101,53,4,221,6,12,41,112,7,20,12,16,11,769,5,75,26,508,3,55,180,5,2,23,20,284,6,18,201,6,84,5,9,130,2,3,101,2,19,1,2,0,3,4
6,8,6,54,1,3,13,17,61,98,37,46,20,170,66,59,6,3,22,81,51,641,223,43,144,4655,407,15624,468,310,18,3792,454,30383,27,11,27,403,66,9617,182,104,237,11424,351,2402,8765,23,12,62,0,0,1,0,1,1,1,0,1,11,3,2,2,2,4,2,1,0,1,9,2,116,6,61,3,366,126,196,0,6,251,14,2,1,39,1000,9,3,2,75,7,1305,948,30,114,4,0,0,2,3
30,189,49,600,97,569,4037,10,109,368,115,11,11,773,209,2102,16,1,201,86,108,258,23,345,110,30,105,32,142,420,93,30,29,27,4038,2047,1070,72,8725,116,282,109,258,119,26,6,19,2749,136,24,28,91,71,23,64,188,0,2,6,16,50,15,0,1,268,80,360,13,42,4,5,41,11,7,18,2,5,0,80,32,2,5,148,209,3,2,208,582,66,4,234,3,6,0,0,262,64,7,74,23
2,9,7,97,0,9,332,33,622,362,385,44,45,125,29,4084,59,8,3167,352,586,220,45,5484,551,21,281,25,126,546,205,42,58,11,2047,4255,2081,70,3755,101,287,117,590,265,19,17,40,34,15,50,2,6,18,1,1,9,5,9,29,32,63,20,1,4,37,49,188,37,203,36,30,54,66,17,77,4,11,1,44,201,4,6,155,92,4,3,301,219,111,6,209,4,8,1,4,28,13,9,106,27
28,78,20,334,18,131,308,731,9149,375,235,140,649,426,110,939,246,63,1563,587,804,239,44,5065,314,8,2126,569,176,808,450,31,249,27,1070,2081,3787,17,10034,1265,410,142,835,175,68,29,49,1617,63,69,2,6,9,2,5,14,18,29,17,86,41,8,1,18,24,14,71,20,68,55,15,15,29,11,40,1,4,4,23,59,3,8,55,47,3,1,200,153,53,5,85,33,10,1,0,32,6,2,40,10
2,16,1,431,2,8,56,216,154,69,40,41,53,270,197,605,23,17,177,7047,57,257,742,94,981,2146,1661,63,48,193,421,889,803,403,72,70,17,16682,56,60,78,85,1229,12946,3802,131,610,14,16,49,0,0,3,2,0,1,1,1,6,35,8,9,15,10,5,17,11,16,10,201,9,201,15,641,7,478,456,5,2,16,172,314,12,6,518,33,4,11,21,700,4,29,664,3,120,3,2,1,11,6
27,89,31,294,77,321,2313,7,103,490,272,19,11,737,199,1067,25,2,190,48,244,392,46,6814,110,19,1144,318,289,1040,237,65,24,66,8725,3755,10034,56,19042,1450,445,154,588,491,17,40,74,8867,177,49,15,27,31,5,20,62,4,6,31,20,130,34,1,1,182,66,457,26,220,17,19,80,40,11,41,8,7,5,96,176,3,4,281,285,10,1,575,595,77,9,426,25,10,1,1,85,40,13,157,20
1,4,1,20,18,58,27,3,162,9,5,4,2,22,10,37,1,0,34,22,8,184,61,846,319,101,4141,12038,114,47,6,186,25,9617,116,101,1265,60,1450,22753,49,14,32,12161,31,802,1233,836,33,7,2,0,1,1,2,6,0,0,1,7,5,3,2,0,1,1,3,1,2,1,2,84,13,60,3,161,260,501,3,1,136,8,2,2,7,1041,53,4,1,12,28,3690,878,37,60,27,0,0,1,5
260,731,300,1272,76,73,247,17,30,18016,126,50,64,1245,1072,611,11,1,109,82,474,26065,138,120,159,84,77,405,35413,10300,46,436,331,182,282,287,410,78,445,49,46559,13756,2026,363,128,366,517,83,88,1984,0,6,8,6,4,11,1,1,11,2,17,7,1,2,20,19,88,9,67,8,4,16,21,19,28,21,3,1,11,62,7,2,37,48,8,4,76,87,37,7,64,5,18,1,4,15,6,0,28,9
26,168,24,590,6,28,112,20,40,14463,126,119,92,1355,1003,361,31,2,58,82,1323,1575,229,61,147,61,75,100,531,7042,28,593,479,104,109,117,142,85,154,14,13756,18991,4505,308,146,140,532,44,23,7101,1,5,2,2,1,1,0,0,3,2,3,2,1,1,4,3,18,6,22,4,0,10,6,17,17,7,9,0,0,20,3,5,15,15,6,1,24,26,9,10,12,1,18,0,4,2,2,0,12,3
16,27,16,2145,12,36,112,1085,170,2774,238,305,1246,4591,15380,6926,566,229,775,1106,10389,1317,281,262,366,423,172,141,550,3393,13112,702,1770,237,258,590,835,1229,588,32,2026,4505,50545,526,1936,80,375,186,162,12494,5,24,25,2,8,40,15,2,33,41,59,16,2,11,90,50,234,41,168,73,19,62,50,56,44,13,42,1,53,167,8,31,164,113,38,3,230,282,77,49,216,2,49,3,7,32,22,14,73,23
6,18,8,344,6,20,73,139,727,428,254,318,120,184,75,455,60,7,468,2625,220,2533,3735,768,3822,7964,10959,1284,507,475,140,5671,1404,11424,119,265,175,12946,491,12161,363,308,526,52253,878,3530,8767,179,25,123,1,2,4,2,1,6,4,6,3,30,13,12,15,16,7,16,16,9,9,100,17,390,29,518,12,1615,719,112,4,9,870,232,25,7,463,681,20,14,15,644,9,596,2592,50,608,9,0,0,20,21
5,11,1,243,1,3,27,437,196,63,12,36,261,643,397,374,48,96,104,5527,78,140,282,52,2236,1420,1191,78,86,471,490,5146,7206,351,26,19,68,3802,17,31,128,146,1936,878,7275,25,472,7,33,204,1,1,3,0,0,0,37,23,3,111,6,15,57,72,7,23,11,16,8,665,9,173,19,901,3,125,255,4,2,19,67,476,13,8,508,13,22,5,22,445,2,3,289,3,71,2,2,1,8,7
14,13,11,27,7,5,4,201,164,335,443,478,98,48,25,40,60,14,44,159,187,5360,4509,62,343,166,391,12572,1802,300,25,696,216,2402,6,17,29,131,40,802,366,140,80,3530,25,9413,10379,8,0,49,0,0,0,0,0,0,3,0,0,5,1,1,1,4,2,1,6,2,2,19,1,34,2,33,0,143,42,25,0,3,79,14,3,2,24,174,7,4,5,28,2,145,263,7,60,1,1,0,2,2
15,8,6,82,1,6,15,77,162,615,353,420,248,204,80,88,223,19,59,334,567,1641,5207,119,881,1215,1475,5201,503,641,56,16262,7881,8765,19,40,49,610,74,1233,517,532,375,8767,472,10379,46728,35,19,237,0,0,1,0,1,2,3,2,1,14,5,1,7,5,4,4,2,6,0,26,4,139,9,107,4,639,228,96,4,3,355,45,8,4,101,626,14,5,2,166,1,490,1153,21,195,0,0,0,2,7
27,123,58,349,365,2459,1450,0,24,128,36,4,0,269,117,518,6,0,8,9,22,104,18,423,16,10,394,274,74,170,67,23,4,23,2749,34,1617,14,8867,836,83,44,186,179,7,8,35,7026,515,6,8,29,14,34,48,63,0,0,2,1,9,2,0,0,26,15,53,2,7,1,1,12,4,4,1,3,1,4,8,5,0,1,26,21,3,5,34,79,6,2,32,16,1,0,0,306,8,1,20,1
1908,329,511,503,3008,3173,172,3,2,31,4,0,12,9002,619,91,1,0,4,11,6,45,4,27,11,16,27,16,7434,1944,5,38,18,12,136,15,63,16,177,33,88,23,162,25,33,0,19,515,14334,14,2,5,1,4,7,13,0,0,0,0,7,0,0,0,11,9,33,2,3,1,0,5,2,1,1,0,1,0,6,3,0,1,14,16,0,0,19,37,6,1,25,0,3,0,0,18,5,0,11,0
3,13,3,108,0,8,10,31,39,13756,69,112,184,4093,9600,93,47,2,47,80,4643,352,114,25,103,45,34,37,227,3701,24,370,535,62,24,50,69,49,49,7,1984,7101,12494,123,204,49,237,6,14,10851,1,0,0,0,0,0,0,0,1,2,4,0,1,0,2,0,6,1,4,5,2,6,3,13,0,4,2,0,0,4,3,4,1,2,10,3,11,4,1,11,5,0,4,0,3,1,0,0,2,1
2,35,4,71,3,13,62,0,1,2,0,0,0,27,11,40,0,0,1,1,0,2,2,1,1,0,0,0,5,6,3,0,0,0,28,2,2,0,15,2,0,1,5,1,1,0,0,8,2,1,38714,16626,2755,20339,10735,1156,0,1,1,3,201,11,0,2,20751,404,117,0,1,6,1,338,4,9,5,11,9,15,759,2,4,2,662,25,5,3,26,134,6,12,112,10,14,1,2,400,8148,86,405,22
12,95,27,209,6,48,190,0,1,1,0,0,0,57,30,107,0,0,1,2,0,3,0,2,0,0,0,1,1,8,4,0,1,0,91,6,6,0,27,0,6,5,24,2,1,0,0,29,5,0,16626,78744,14307,14872,1417,9602,0,1,4,4,472,3,0,1,13705,274,124,1,2,9,2,631,1,8,8,13,3,12,522,3,3,0,598,22,1,4,43,163,15,13,30,2,12,7,0,92,998,128,838,42
7,44,12,103,7,20,76,3,3,3,1,1,3,63,20,76,1,0,4,9,2,11,1,8,4,1,2,1,4,19,11,3,2,1,71,18,9,3,31,1,8,2,25,4,3,0,1,14,1,0,2755,14307,52837,497,336,12955,6,48,33,43,826,29,3,6,18500,16823,1171,16,13,146,7,524,6,70,26,108,16,19,678,58,28,31,1027,327,25,29,72,392,112,155,72,6,120,5,12,68,1378,132,1225,244
26,83,467,220,38,566,972,0,0,2,1,0,0,23,5,13,0,0,0,0,0,9,0,0,0,0,3,1,2,5,1,0,1,0,23,1,2,2,5,1,6,2,2,2,0,0,0,34,4,0,20339,14872,497,33623,15751,16685,0,0,0,2,64,1,0,0,567,36,18,0,0,0,1,132,0,2,0,0,0,2,183,0,3,0,167,7,0,0,5,30,0,4,13,0,5,1,1,274,553,25,138,4
5,66,26,131,15,53,163,2,0,2,0,0,0,30,14,67,0,0,1,1,0,5,0,0,0,1,1,0,1,5,5,1,0,1,64,1,5,0,20,2,4,1,8,1,0,0,1,48,7,0,10735,1417,336,15751,21242,8300,0,0,1,7,69,10,0,0,105,57,73,0,6,11,2,44,11,30,5,4,10,3,38,1,1,4,30,2,1,1,79,889,6,7,454,8,12,0,0,3168,3086,6,75,16
19,118,66,472,6,79,476,2,5,1,2,0,3,148,47,212,0,1,7,6,2,8,0,1,4,0,2,2,9,20,16,0,1,1,188,9,14,1,62,6,11,1,40,6,0,0,2,63,13,0,1156,9602,12955,16685,8300,33632,2,6,3,27,728,38,4,4,1451,170,3266,6,6,50,13,367,27,84,19,45,23,5,166,10,15,20,407,30,4,9,211,2612,27,74,198,2,87,4,6,672,232,58,783,173
0,0,0,3,0,0,0,217,646,2,3,17,157,0,0,11,28,8,22,319,3,10,9,29,85,0,5,1,1,0,5,1,101,1,0,5,18,1,4,0,1,0,15,4,37,3,3,0,0,0,0,0,6,0,0,2,2638,5224,281,1081,3,51,26,4882,39,126,25,2071,73,1121,11,90,48,129,45,28,128,1,8,563,19,817,22,68,451,2,537,4,105,49,2,0,16,4,3,1,3,0,12,9
1,0,0,5,0,0,1,245,956,1,6,16,188,1,0,9,69,8,28,228,12,16,9,35,34,1,3,0,1,2,5,2,53,0,2,9,29,1,6,0,1,0,2,6,23,0,2,0,0,0,1,1,48,0,0,6,5224,24375,4670,4269,60,1628,123,803,80,204,193,10042,554,4363,233,1500,95,140,26,23,74,10,14,1219,30,145,19,230,154,17,1224,32,54,149,8,6,81,22,34,1,6,2,8,5
0,0,1,5,0,3,3,25,31,19,27,3,3,4,1,41,16,5,116,9,42,7,3,21,3,1,2,1,11,18,31,1,4,1,6,29,17,6,31,1,11,3,33,3,3,0,1,2,0,1,1,4,33,0,1,3,281,4670,5118,3426,188,970,164,117,32,89,1204,4509,5103,686,537,838,27,143,100,26,14,9,2,4824,37,86,18,156,31,23,281,84,28,52,35,2,45,13,30,0,2,3,27,12
0,0,0,22,0,1,4,651,2847,14,29,75,638,9,1,50,107,12,171,915,51,41,28,123,245,8,29,3,4,7,55,9,221,11,16,32,86,35,20,7,2,2,41,30,111,5,14,1,0,2,3,4,43,2,7,27,1081,4269,3426,43705,335,1686,854,2272,38,93,479,1989,4330,5975,2025,2181,13400,6982,210,68,2030,40,7,388,115,880,26,152,147,52,7301,404,61,196,44,70,423,56,148,7,2,2,64,40
2,4,0,23,1,5,22,19,23,14,15,2,4,38,9,112,4,2,100,8,27,14,2,12,10,2,4,1,12,73,45,4,6,3,50,63,41,8,130,5,17,3,59,13,6,1,5,9,7,4,201,472,826,64,69,728,3,60,188,335,49445,2923,1574,294,524,1112,947,765,765,54,5826,2211,236,104,1176,228,70,116,116,290,448,259,369,435,47,161,788,964,2385,109,786,27,441,98,361,109,90,31411,40410,12448
0,1,0,3,0,0,4,26,44,4,2,3,11,12,3,27,9,1,28,31,12,4,4,4,25,9,3,0,6,13,24,7,12,2,15,20,8,9,34,3,7,2,16,12,15,1,1,2,0,0,11,3,29,1,10,38,51,1628,970,1686,2923,3748,8070,1551,41,54,282,1990,710,439,5188,5692,145,290,410,69,110,37,21,199,151,830,38,50,26,57,262,268,180,92,168,8,277,143,258,31,15,12,139,157
0,0,0,1,0,0,0,5,21,1,2,6,3,0,0,4,4,0,7,79,1,2,9,2,49,3,5,0,1,0,2,5,41,2,0,1,1,15,1,2,1,1,2,15,57,1,7,0,0,1,0,0,3,0,0,4,26,123,164,854,1574,8070,15866,18746,5,10,32,5568,80,437,4962,8295,53,746,336,82,156,29,6,72,253,10085,13,6,64,84,99,23,87,92,14,9,329,161,655,0,1,2,71,79
0,0,0,5,0,0,0,108,302,1,3,8,79,2,1,13,7,1,14,331,4,11,11,9,134,6,11,1,0,0,7,3,112,2,1,4,18,10,1,0,2,1,11,16,72,4,5,0,0,0,2,1,6,0,0,4,4882,803,117,2272,294,1551,18746,21685,7,42,28,10577,43,2109,2947,1308,53,961,214,74,314,15,4,247,228,9867,6,25,700,36,401,26,108,72,3,9,146,41,225,0,1,1,18,24
15,60,25,217,4,21,167,4,7,17,2,2,4,206,65,291,0,0,7,26,3,26,4,9,11,6,4,1,22,73,47,1,7,4,268,37,24,5,182,1,20,4,90,7,7,2,4,26,11,2,20751,13705,18500,567,105,1451,39,80,32,38,524,41,5,7,63967,12964,584,21,17,318,22,643,7,83,73,499,33,124,3481,46,208,82,19720,1068,214,110,264,635,1328,566,324,15,301,16,26,91,13621,179,1357,440
5,16,5,52,0,5,48,1,16,9,4,0,10,75,20,122,1,0,15,39,1,23,10,3,27,4,1,2,18,60,30,9,20,2,80,49,14,17,66,1,19,3,50,16,23,1,4,15,9,0,404,274,16823,36,57,170,126,204,89,93,1112,54,10,42,12964,51081,1587,118,69,653,65,527,10,193,425,899,70,132,809,300,566,327,6653,4885,681,296,217,203,8797,830,187,38,403,10,84,44,604,138,2687,6551
10,70,24,202,6,33,180,3,24,37,20,8,10,262,68,527,1,2,89,36,17,53,7,40,18,2,5,8,51,235,150,3,12,1,360,188,71,11,457,3,88,18,234,16,11,6,2,53,33,6,117,124,1171,18,73,3266,25,193,1204,479,947,282,32,28,584,1587,16756,217,5824,560,142,381,66,582,191,62,59,12,174,4436,24,80,417,5275,24,14,585,13188,450,149,537,14,204,8,29,411,112,58,623,205
0,0,0,6,0,2,4,91,166,14,24,6,31,2,1,40,53,24,120,19,86,14,8,36,32,5,3,2,6,10,46,6,16,0,13,37,20,16,26,1,9,6,41,9,16,2,6,2,2,1,0,1,16,0,0,6,2071,10042,4509,1989,765,1990,5568,10577,21,118,217,11492,1178,668,11387,1187,153,226,2823,128,63,13,4,5911,432,1852,45,118,468,80,560,85,639,211,30,9,205,45,509,3,6,3,103,191
0,1,1,35,1,3,10,19,57,53,52,5,15,16,12,251,17,7,362,42,102,36,5,115,10,2,4,3,30,129,125,1,11,1,42,203,68,10,220,2,67,22,168,9,8,2,0,7,3,4,1,2,13,0,6,6,73,554,5103,4330,765,710,80,43,17,69,5824,1178,8862,1086,715,576,3346,953,703,38,93,12,37,5121,31,80,130,240,34,17,1367,2222,191,104,190,8,153,10,31,1,5,8,198,118
0,0,1,42,0,0,3,327,945,7,14,114,460,18,8,76,16,3,71,1887,15,72,136,45,1169,7,75,2,5,13,44,23,769,9,4,36,55,201,17,1,8,4,73,100,665,19,26,1,1,5,6,9,146,0,11,50,1121,4363,686,5975,54,439,437,2109,318,653,560,668,1086,22263,133,1080,131,8930,46,320,1043,27,51,895,211,5727,141,487,4155,65,436,325,286,4632,9,10,664,49,123,5,38,3,73,40
0,0,0,0,0,0,3,23,57,14,11,1,4,1,3,33,9,6,79,10,19,7,7,15,15,6,3,0,5,17,25,9,5,2,5,30,15,9,19,2,4,0,19,17,9,1,4,1,0,2,1,2,7,1,2,13,11,233,537,2025,5826,5188,4962,2947,22,65,142,11387,715,133,17020,2297,423,211,9454,180,82,77,18,1496,673,1129,167,31,38,215,759,253,877,93,271,15,476,148,683,7,2,15,692,5503
0,1,1,26,1,2,15,27,90,13,4,10,31,38,14,95,7,3,42,135,11,41,76,29,264,93,64,22,10,43,27,103,75,116,41,54,15,201,80,84,16,10,62,390,173,34,139,12,5,6,338,631,524,132,44,367,90,1500,838,2181,2211,5692,8295,1308,643,527,381,1187,576,1080,2297,40199,141,2509,367,1604,1192,3473,2764,189,2990,11754,1983,158,385,3098,281,302,395,1263,199,526,5976,11091,16974,26,210,3279,3967,331
0,0,2,6,0,2,5,48,136,15,17,3,36,5,2,64,13,3,123,84,48,18,8,48,34,9,7,7,3,26,47,7,26,6,11,66,29,15,40,13,21,6,50,29,19,2,9,4,2,3,4,1,6,0,11,27,48,95,27,13400,236,145,53,53,7,10,66,153,3346,131,423,141,8888,2457,300,19,1251,110,10,171,36,72,36,15,18,58,9033,3604,57,28,2131,470,413,8,53,81,11,3,89,41
1,2,1,32,0,0,5,89,305,16,12,62,135,36,12,50,9,3,41,1146,25,79,265,31,1549,94,132,12,10,38,32,155,508,61,7,17,11,641,11,60,19,17,56,518,901,33,107,4,1,13,9,8,70,2,30,84,129,140,143,6982,104,290,746,961,83,193,582,226,953,8930,211,2509,2457,17918,86,270,15550,184,23,196,398,5468,78,251,1131,223,609,710,200,1261,550,1195,5682,85,835,80,16,7,73,90
0,2,0,5,0,0,3,8,15,19,28,1,2,9,4,99,7,2,125,9,36,29,1,40,10,3,2,1,14,52,43,2,3,3,18,77,40,7,41,3,28,17,44,12,3,0,4,1,1,0,5,8,26,0,5,19,45,26,100,210,1176,410,336,214,73,425,191,2823,703,46,9454,367,300,86,11519,164,38,43,63,7163,362,466,540,273,106,94,1264,413,5587,84,759,11,162,32,210,22,11,27,1050,4056
0,0,0,8,0,0,0,4,30,11,17,10,3,12,3,5,3,0,6,28,11,91,158,10,175,589,161,47,19,20,8,637,55,366,2,4,1,478,8,161,21,7,13,1615,125,143,639,3,0,4,11,13,108,0,4,45,28,23,26,68,228,69,82,74,499,899,62,128,38,320,180,1604,19,270,164,23967,1172,109,177,310,8893,2479,723,219,5582,4269,23,30,631,8382,17,230,8531,227,749,1,112,27,400,445
0,0,0,15,0,2,6,30,170,12,2,38,75,10,8,20,5,0,18,343,8,67,153,29,602,275,169,57,2,15,18,277,180,126,5,11,4,456,7,260,3,9,42,719,255,42,228,1,1,2,9,3,16,0,10,23,128,74,14,2030,70,110,156,314,33,70,59,63,93,1043,82,1192,1251,15550,38,1172,12104,1347,15,28,854,1095,83,40,773,381,1023,119,57,810,689,7745,8259,67,922,142,15,6,73,51
0,0,0,2,0,0,0,0,3,0,1,0,0,1,0,2,0,0,0,3,0,10,4,1,7,20,11,115,4,4,1,15,5,196,0,1,4,5,5,501,1,0,1,112,4,25,96,4,0,0,15,12,19,2,3,5,1,10,9,40,116,37,29,15,124,132,12,13,12,27,77,3473,110,184,43,109,1347,53620,2140,20,326,78,356,21,43,17632,365,10,89,40,183,21263,1684,21666,1832,70,36,200,249,178
1,8,2,25,0,4,18,0,4,11,3,0,1,61,16,104,2,0,15,5,3,19,1,7,8,2,0,1,15,58,33,1,2,0,80,44,23,2,96,3,11,0,53,4,2,0,4,8,6,0,759,522,678,183,38,166,8,14,2,7,116,21,6,4,3481,809,174,4,37,51,18,2764,10,23,63,177,15,2140,138736,19,80,18,24234,159,69,287,194,206,200,156,207,41,101,1280,69,28,17419,26027,1195,115
0,3,1,12,0,0,9,28,45,41,34,9,13,37,9,241,9,8,235,54,89,27,14,81,34,0,6,4,30,137,113,6,23,6,32,201,59,16,176,1,62,20,167,9,19,3,3,5,3,4,2,3,58,0,1,10,563,1219,4824,388,290,199,72,247,46,300,4436,5911,5121,895,1496,189,171,196,7163,310,28,20,19,12912,304,672,68,2785,901,68,674,344,1501,389,264,4,133,8,60,13,4,5,113,124
0,3,0,2,1,0,1,2,13,20,3,4,3,4,1,7,5,0,9,18,3,62,78,4,75,294,74,29,8,9,2,324,20,251,2,4,3,172,3,136,7,3,8,870,67,79,355,0,0,3,4,3,28,3,1,15,19,30,37,115,448,151,253,228,208,566,24,432,31,211,673,2990,36,398,362,8893,854,326,80,304,24111,4016,433,108,2632,8542,29,27,1026,724,33,240,3539,1022,20186,5,40,21,466,802
0,0,0,17,0,0,3,72,144,3,5,27,65,23,13,27,6,3,30,576,6,29,130,19,662,58,65,5,2,17,14,80,284,14,5,6,8,314,4,8,2,5,31,232,476,14,45,1,1,4,2,0,31,0,4,20,817,145,86,880,259,830,10085,9867,82,327,80,1852,80,5727,1129,11754,72,5468,466,2479,1095,78,18,672,4016,25651,113,119,11722,405,119,32,1084,2374,26,36,2260,115,8834,1,7,6,111,292
3,11,2,56,0,7,54,3,10,14,7,0,3,131,28,321,2,0,46,19,11,43,3,29,19,5,2,4,36,165,86,7,6,2,148,155,55,12,281,2,37,15,164,25,13,3,8,26,14,1,662,598,1027,167,30,407,22,19,18,26,369,38,13,6,19720,6653,417,45,130,141,167,1983,36,78,540,723,83,356,24234,68,433,113,59012,558,225,310,664,523,2041,422,551,53,343,115,80,52,4355,10866,42451,3197
2,15,4,80,1,9,41,5,16,21,2,4,10,160,48,293,0,1,22,29,8,35,3,12,22,4,1,1,32,178,101,3,18,1,209,92,47,6,285,2,48,15,113,7,8,2,4,21,16,2,25,22,327,7,2,30,68,230,156,152,435,50,6,25,1068,4885,5275,118,240,487,31,158,15,251,273,219,40,21,159,2785,108,119,558,13314,227,42,327,639,10130,352,379,7,222,3,18,95,85,34,485,286
0,0,0,10,0,0,2,29,75,14,11,21,26,14,9,13,4,2,27,351,18,58,188,19,649,138,103,9,4,18,8,209,201,39,3,4,3,518,10,7,8,6,38,463,508,24,101,3,0,10,5,1,25,0,1,4,451,154,31,147,47,26,64,700,214,681,24,468,34,4155,38,385,18,1131,106,5582,773,43,69,901,2632,11722,225,227,6631,177,45,9,646,3142,8,18,546,20,135,1,16,10,120,151
0,0,0,1,0,1,0,1,3,0,1,3,2,2,0,4,0,0,1,8,0,34,16,2,15,86,49,331,11,6,0,134,6,1000,2,3,1,33,1,1041,4,1,3,681,13,174,626,5,0,3,3,4,29,0,1,9,2,17,23,52,161,57,84,36,110,296,14,80,17,65,215,3098,58,223,94,4269,381,17632,287,68,8542,405,310,42,177,41407,29,19,295,212,25,6332,5412,14489,7292,7,30,45,235,302
4,13,3,81,1,13,62,452,2591,74,35,45,514,102,27,317,165,30,383,249,175,48,14,331,89,1,23,9,57,174,158,8,84,9,208,301,200,4,575,53,76,24,230,20,22,7,14,34,19,11,26,43,72,5,79,211,537,1224,281,7301,788,262,99,401,264,217,585,560,1367,436,759,281,9033,609,1264,23,1023,365,194,674,29,119,664,327,45,29,3957,3055,869,21,5309,1126,167,11,26,775,73,42,583,444
15,132,27,301,3,42,275,7,15,56,29,0,8,445,135,828,2,5,130,21,25,97,7,60,12,4,1,6,95,315,220,4,5,3,582,219,153,11,595,4,87,26,282,14,5,4,5,79,37,4,134,163,392,30,889,2612,4,32,84,404,964,268,23,26,635,203,13188,85,2222,325,253,302,3604,710,413,30,119,10,206,344,27,32,523,639,9,19,3055,18220,278,59,11921,48,156,5,20,3040,169,50,587,225
1,1,1,19,1,1,18,2,9,16,20,1,1,62,14,195,2,0,66,18,10,31,4,25,32,3,6,1,34,127,66,4,9,2,66,111,53,21,77,1,37,9,77,15,22,5,2,6,6,1,6,15,112,0,6,27,105,54,28,61,2385,180,87,108,1328,8797,450,639,191,286,877,395,57,200,5587,631,57,89,200,1501,1026,1084,2041,10130,646,295,869,278,39029,389,551,20,265,26,245,23,54,92,3349,20370
0,1,1,19,0,0,5,12,44,13,12,20,18,20,7,18,6,2,30,171,10,56,212,14,576,203,171,16,8,17,12,356,130,75,4,6,5,700,9,12,7,10,49,644,445,28,166,2,1,11,12,13,155,4,7,74,49,149,52,196,109,92,92,72,566,830,149,211,104,4632,93,1263,28,1261,84,8382,810,40,156,389,724,2374,422,352,3142,212,21,59,389,15481,13,21,8741,47,521,3,117,8,166,119
2,8,2,74,1,13,70,2,14,40,18,3,0,191,44,436,6,3,86,10,20,49,2,36,7,4,0,11,57,227,142,2,2,7,234,209,85,4,426,28,64,12,216,9,2,2,1,32,25,5,112,30,72,13,454,198,2,8,35,44,786,168,14,3,324,187,537,30,190,9,271,199,2131,550,759,17,689,183,207,264,33,26,551,379,8,25,5309,11921,551,13,18190,756,232,7,9,9483,273,52,500,266
0,0,0,0,0,1,4,0,1,2,2,1,0,1,1,1,0,0,1,5,0,18,15,13,17,28,64,653,14,7,0,68,3,1305,3,4,33,29,25,3690,5,1,2,596,3,145,490,16,0,0,10,2,6,0,8,2,0,6,2,70,27,8,9,9,15,38,14,9,8,10,15,526,470,1195,11,230,7745,21263,41,4,240,36,53,7,18,6332,1126,48,20,21,756,30184,11432,511,254,173,10,2,43,36
0,1,2,23,0,0,5,16,41,17,7,14,8,16,9,18,6,1,14,126,12,154,219,25,443,586,275,160,46,24,11,730,101,948,6,8,10,664,10,878,18,18,49,2592,289,263,1153,1,3,4,14,12,120,5,12,87,16,81,45,423,441,277,329,146,301,403,204,205,153,664,476,5976,413,5682,162,8531,8259,1684,101,133,3539,2260,343,222,546,5412,167,156,265,8741,232,11432,31809,713,3480,51,67,17,300,312
0,0,0,1,0,0,0,2,3,1,1,0,1,1,1,2,1,0,0,3,1,3,5,0,7,9,3,9,3,1,1,10,2,30,0,1,1,3,1,37,1,0,3,50,3,7,21,0,0,0,1,7,5,1,0,4,4,22,13,56,98,143,161,41,16,10,8,45,10,49,148,11091,8,85,32,227,67,21666,1280,8,1022,115,115,3,20,14489,11,5,26,47,7,511,713,21628,6406,1,6,213,62,18
1,0,0,1,0,0,2,5,3,6,4,3,2,3,2,2,1,0,3,15,3,49,56,2,78,180,56,14,7,4,0,165,19,114,0,4,0,120,1,60,4,4,7,608,71,60,195,0,0,3,2,0,12,1,0,6,3,34,30,148,361,258,655,225,26,84,29,509,31,123,683,16974,53,835,210,749,922,1832,69,60,20186,8834,80,18,135,7292,26,20,245,521,9,254,3480,6406,32045,1,7,15,172,249
37,379,197,730,35,438,1137,0,5,8,2,1,0,107,56,204,0,0,11,1,0,12,1,11,2,3,9,3,11,44,13,1,1,4,262,28,32,3,85,27,15,2,32,9,2,1,0,306,18,1,400,92,68,274,3168,672,1,1,0,7,109,31,0,0,91,44,411,3,1,5,7,26,81,80,22,1,142,70,28,13,5,1,52,95,1,7,775,3040,23,3,9483,173,51,1,1,6343,700,6,63,18
5,9,8,37,2,6,23,0,4,4,2,0,0,44,10,62,1,0,2,3,1,2,0,2,3,2,0,0,4,14,14,1,2,0,64,13,6,2,40,0,6,2,22,0,2,1,0,8,5,0,8148,998,1378,553,3086,232,3,6,2,2,90,15,1,1,13621,604,112,6,5,38,2,210,11,16,11,112,15,36,17419,4,40,7,4355,85,16,30,73,169,54,117,273,10,67,6,7,700,26538,207,437,29
0,0,0,4,0,0,6,1,0,1,0,0,1,13,4,20,1,0,8,0,0,2,0,1,2,0,1,1,3,9,3,0,0,0,7,9,2,1,13,0,0,0,14,0,1,0,0,1,0,0,86,128,132,25,6,58,0,2,3,2,31411,12,2,1,179,138,58,3,8,3,15,3279,3,7,27,27,6,200,26027,5,21,6,10866,34,10,45,42,50,92,8,52,2,17,213,15,6,207,68412,6963,162
2,7,2,26,1,5,24,4,7,24,8,3,1,45,10,174,3,3,73,2,25,28,4,28,14,5,4,2,12,101,56,4,3,2,74,106,40,11,157,1,28,12,73,20,8,2,2,20,11,2,405,838,1225,138,75,783,12,8,27,64,40410,139,71,18,1357,2687,623,103,198,73,692,3967,89,73,1050,400,73,249,1195,113,466,111,42451,485,120,235,583,587,3349,166,500,43,300,62,172,63,437,6963,32192,16515
1,3,0,4,0,0,3,1,1,4,11,1,2,12,5,44,0,0,37,6,10,8,2,16,14,2,3,1,6,21,22,1,4,3,23,27,10,6,20,5,9,3,23,21,7,2,7,1,0,1,22,42,244,4,16,173,9,5,12,40,12448,157,79,24,440,6551,205,191,118,40,5503,331,41,90,4056,445,51,178,115,124,802,292,3197,286,151,302,444,225,20370,119,266,36,312,18,249,18,29,162,16515,29127
