10902,3850,3427,826,10302,2418,247,3,0,62,2,2,1,6921,456,206,1,2,3,10,2,357,0,0,3,1,0,64,1642,1251,14,12,2,9,109,32,34,1,39,6,715,83,72,5,13,25,24,109,2875,9,2,19,7,39,26,19,0,0,1,1,5,0,0,0,14,1,18,0,1,0,1,2,1,1,2,0,0,0,10,4,0,0,3,3,1,0,5,40,0,0,23,2,1,0,0,38,1,1,2,0
3850,34665,9030,20454,637,378,837,18,7,312,10,6,4,4875,7455,1009,1,5,17,24,10,809,6,9,10,20,5,49,746,834,98,10,12,24,442,117,86,6,92,5,661,298,392,14,62,20,28,216,689,38,18,85,54,52,146,108,2,0,1,2,28,0,0,0,79,7,66,0,6,0,1,7,2,5,3,1,3,0,23,3,0,2,23,9,0,0,13,147,3,2,57,1,1,0,0,148,26,5,5,2
3427,9030,43385,5169,3917,8771,4826,6,2,185,1,1,3,2233,769,207,1,0,12,7,11,1645,6,1,2,6,3,149,2043,1787,21,16,7,37,368,51,76,3,96,15,1888,397,103,21,14,115,83,360,655,23,35,144,87,428,309,305,1,0,0,1,27,0,1,0,81,14,80,0,3,2,1,19,1,1,2,2,2,0,26,5,0,0,20,6,1,0,9,205,1,0,82,2,2,0,0,223,28,10,5,0
826,20454,5169,27411,874,5495,7869,45,16,631,41,16,11,3389,9236,4786,2,22,39,56,41,852,11,7,29,39,7,26,673,826,504,30,26,15,1356,343,195,45,164,9,660,456,1507,44,163,18,17,484,418,90,39,160,114,120,305,218,2,0,4,12,42,0,1,0,154,12,159,0,17,4,5,18,4,4,11,0,2,2,39,20,1,4,40,19,4,1,28,312,2,1,124,0,3,1,1,274,40,19,17,6
10302,637,3917,874,12814,13575,1412,2,1,38,4,1,1,1775,112,131,0,1,1,1,4,140,0,0,5,0,4,28,891,538,5,1,2,7,114,21,15,2,51,0,261,34,41,5,2,17,11,1987,4370,6,2,22,11,155,46,17,0,1,0,0,3,1,0,0,16,2,13,0,0,0,0,0,1,1,1,0,1,0,3,1,0,0,4,2,1,0,1,33,0,0,11,0,0,0,0,42,7,1,2,0
2418,378,8771,5495,13575,25997,10680,2,7,100,7,0,0,465,71,339,0,0,7,3,5,215,3,19,21,8,57,38,510,307,18,7,3,9,1784,124,215,11,1354,54,305,42,43,63,7,17,10,6533,1929,5,32,236,121,2123,639,270,0,0,2,2,24,1,0,0,92,5,94,0,2,1,3,13,4,5,8,0,3,0,40,9,0,0,29,17,1,0,22,232,2,0,90,0,3,0,1,379,39,5,7,3
247,837,4826,7869,1412,10680,6593,3,10,143,4,0,0,331,156,1063,1,1,11,12,14,187,2,7,8,6,9,14,157,164,21,3,4,1,1657,367,132,5,459,2,156,74,84,9,18,4,7,1050,149,11,15,107,79,90,216,136,0,0,0,0,20,1,0,0,99,6,68,0,8,2,2,7,3,3,4,0,2,0,18,2,0,0,17,7,2,0,18,163,0,0,87,0,2,0,0,189,31,18,5,3
3,18,6,45,2,2,3,41263,9463,79,1230,709,4062,158,157,702,2537,7185,2848,10412,751,2975,300,159,165,98,16,11,31,40,1798,85,1159,18,25,128,636,252,19,1,28,17,958,138,1957,50,112,0,0,12,0,1,0,2,0,0,413,358,117,1766,50,61,54,147,1,3,38,113,115,598,155,40,170,403,44,2,9,0,1,70,6,86,1,3,40,1,273,25,1,9,6,4,21,0,5,1,2,3,3,5
0,7,2,16,1,7,10,9463,64688,83,573,853,1444,13,13,283,715,217,6189,6756,496,1763,216,8517,6795,75,2223,14,16,14,91,60,532,35,56,1237,8590,212,301,28,5,19,113,488,325,42,136,63,8,9,0,1,2,1,4,2,877,820,225,4665,88,141,125,352,4,7,83,271,313,1620,317,57,641,1901,55,13,97,1,6,123,14,238,15,4,230,5,630,51,4,50,12,4,152,0,19,5,0,2,5,4
62,312,185,631,38,100,143,79,83,38403,3736,2786,64,553,1138,2299,172,44,1078,82,2804,5838,893,104,33,91,42,242,309,314,911,1520,950,186,518,1670,850,39,747,33,9167,10318,5282,219,200,181,1610,88,38,4370,1,12,24,4,11,14,5,5,38,30,113,19,3,2,34,27,145,13,172,15,64,31,58,27,119,16,8,2,22,169,15,11,60,35,6,4,166,255,33,14,74,3,30,1,7,31,8,30,42,34
2,10,1,41,4,7,4,1230,573,3736,5851,8718,332,39,57,590,379,133,1447,173,1214,3010,1678,65,56,27,11,30,25,33,283,91,307,27,31,231,119,37,70,4,58,154,390,122,52,144,438,6,2,50,2,0,2,0,0,0,9,9,17,46,19,5,3,7,2,1,17,3,37,27,25,4,19,26,25,8,2,0,2,26,5,8,7,5,10,1,31,19,5,3,4,2,15,0,0,3,0,2,6,8
2,6,1,16,1,0,0,709,853,2786,8718,20033,4919,134,107,93,2900,297,404,741,6455,3265,2700,205,617,29,51,18,47,91,169,205,4690,19,18,215,368,160,63,6,81,265,341,219,289,69,620,4,0,173,0,0,1,0,0,0,67,27,47,291,33,20,17,25,1,2,24,20,67,258,61,15,82,387,32,8,39,0,2,39,5,68,2,6,93,3,82,18,1,23,1,2,62,0,5,1,0,2,3,2
1,4,3,11,1,0,0,4062,1444,64,332,4919,20777,112,107,79,6130,1671,186,1490,960,971,176,66,252,33,12,2,26,26,472,176,5030,13,8,44,339,55,9,2,13,19,457,66,524,10,110,3,1,34,0,0,0,0,0,0,317,110,20,1007,8,8,38,96,3,1,15,8,29,648,10,16,86,618,5,1,11,0,1,27,1,93,1,8,49,0,95,4,0,5,1,3,23,0,1,1,0,1,1,0
6921,4875,2233,3389,1775,465,331,158,13,553,39,134,112,55466,13443,1198,70,107,118,195,273,736,32,16,47,206,23,162,4604,16757,373,942,570,169,1022,450,435,53,748,29,1781,1702,4601,133,1469,56,265,385,9492,2724,27,79,86,55,103,96,0,2,3,7,112,7,4,0,207,44,223,0,65,22,10,44,14,32,32,14,18,6,102,37,8,7,135,57,8,1,69,538,23,10,327,0,18,1,3,200,51,52,35,24
456,7455,769,9236,112,71,156,157,13,1138,57,107,107,13443,26275,1688,38,117,75,150,376,1013,29,5,43,84,8,48,653,1882,502,386,357,50,205,129,99,45,97,6,1181,2204,11185,69,656,17,108,50,159,6929,2,20,17,10,11,24,3,0,4,5,23,1,0,0,26,3,21,0,13,18,7,11,6,18,8,7,1,0,12,24,0,2,12,9,9,2,23,60,3,5,31,0,6,0,0,33,4,7,7,2
206,1009,207,4786,131,339,1063,702,283,2299,590,93,79,1198,1688,21630,59,1152,4677,677,620,732,42,45,95,167,24,45,459,646,12254,75,176,49,1859,3447,497,158,350,17,555,481,8002,140,724,15,56,180,108,155,10,55,59,28,63,68,12,9,29,76,147,14,8,8,104,27,224,16,177,40,53,46,50,43,141,3,8,2,60,148,5,11,70,63,9,2,147,466,49,6,169,0,16,6,4,94,25,55,50,71
1,1,1,2,0,0,1,2537,715,172,379,2900,6130,70,38,59,6135,3889,233,94,3490,541,111,44,40,11,2,5,5,16,676,130,680,13,3,34,100,17,10,0,13,15,197,26,108,8,113,0,0,9,0,0,0,0,0,0,10,33,18,104,12,12,2,8,0,0,8,18,20,14,25,1,15,27,5,0,0,0,0,13,1,6,1,0,4,1,29,9,0,1,0,0,2,0,0,0,0,0,0,1
2,5,0,22,1,0,1,7185,217,44,133,297,1671,107,117,1152,3889,6048,1918,141,1198,200,35,34,35,23,1,2,14,16,6217,114,617,10,12,54,69,22,11,2,12,13,878,22,332,5,38,1,2,8,0,0,0,0,3,0,7,23,33,70,22,21,1,0,1,1,10,28,42,13,56,6,26,20,26,0,2,0,0,20,0,6,5,0,5,1,34,8,1,1,2,0,6,0,3,1,0,0,4,1
3,17,12,39,1,7,11,2848,6189,1078,1447,404,186,118,75,4677,233,1918,12970,2226,1405,1282,131,1432,798,145,204,16,43,78,2089,111,315,43,91,2984,1702,336,215,12,95,160,1116,316,497,23,96,4,1,87,0,1,11,1,6,5,59,88,198,588,320,111,21,37,20,34,196,113,698,173,334,66,275,205,358,8,23,2,22,322,10,53,76,43,49,4,401,307,43,19,55,2,33,2,15,8,3,46,66,67
10,24,7,56,1,3,12,10412,6756,82,173,741,1490,195,150,677,94,141,2226,32986,137,1133,538,129,1946,315,85,17,31,47,631,140,4010,48,72,499,345,3538,38,5,32,43,809,955,4555,37,117,5,7,31,0,0,4,1,1,1,682,154,35,1959,9,27,159,202,6,6,65,20,79,2055,17,56,295,2798,9,22,91,3,3,55,21,516,4,5,388,10,99,33,2,84,5,3,183,2,11,2,2,1,0,2
2,10,11,41,4,5,14,751,496,2804,1214,6455,960,273,376,620,3490,1198,1405,137,11453,803,345,253,60,90,17,58,67,180,1712,699,1205,84,87,855,810,36,315,11,166,655,4583,126,598,30,540,4,1,1665,0,1,2,0,3,1,6,14,89,144,110,48,9,8,6,14,98,45,184,29,156,23,93,36,101,9,8,0,10,133,7,16,13,17,10,4,198,104,10,8,16,1,19,0,6,2,3,13,19,10
357,809,1645,852,140,215,187,2975,1763,5838,3010,3265,971,736,1013,732,541,200,1282,1133,803,20643,6616,76,595,527,342,2299,4793,468,421,673,412,1300,225,448,204,454,367,433,14022,2114,1850,3491,438,7405,3670,77,51,308,3,9,9,3,10,8,33,14,10,135,41,12,9,7,23,9,54,9,41,126,20,19,20,179,30,69,72,11,9,32,33,40,27,21,60,19,60,120,17,48,78,91,175,4,21,24,7,11,20,14
0,6,6,11,0,3,2,300,216,893,1678,2700,176,32,29,42,111,35,131,538,345,6616,12466,57,596,510,343,126,249,49,40,414,1039,418,8,62,35,889,47,76,76,180,61,3023,562,2558,6996,16,2,47,0,0,1,0,1,1,18,8,2,39,2,3,8,4,1,1,4,4,4,88,3,23,16,173,2,109,121,7,0,8,47,33,3,2,143,15,9,2,0,111,1,35,277,1,31,0,0,0,1,0
0,9,1,7,0,19,7,159,8517,104,65,205,66,16,5,45,44,34,1432,129,253,76,57,6786,1230,57,2197,75,16,16,32,46,82,38,121,5637,3397,53,2415,536,8,23,61,646,72,16,46,72,6,11,0,0,3,1,1,4,24,14,41,166,54,20,4,8,4,2,45,14,96,72,69,10,55,114,33,7,34,2,2,62,5,17,6,2,37,4,125,55,4,26,6,15,47,0,5,5,0,6,4,2
3,10,2,29,5,21,8,165,6795,33,56,617,252,47,43,95,40,35,798,1946,60,595,596,1230,7759,154,6128,25,21,15,50,278,2002,76,48,824,347,401,527,79,11,21,112,2388,1082,51,317,144,14,14,1,2,1,5,10,5,213,52,9,832,7,12,102,82,2,12,30,6,66,1589,16,114,308,3352,8,80,467,8,3,26,67,457,9,8,1017,25,36,22,2,321,8,24,733,1,36,7,2,1,0,1
1,20,6,39,0,8,6,98,75,91,27,29,33,206,84,167,11,23,145,315,90,527,510,57,154,20691,992,177,83,112,182,9723,185,5324,29,106,17,8880,85,170,53,95,411,11158,2645,159,1114,48,2,64,0,0,1,0,3,0,3,3,0,7,14,6,9,1,5,4,2,0,3,50,6,161,8,117,8,1166,682,44,1,6,683,104,1,1,290,241,3,4,1,719,1,307,1979,16,303,4,1,1,4,0
0,5,3,7,4,57,9,16,2223,42,11,51,12,23,8,24,2,1,204,85,17,342,343,2197,6128,992,21285,1302,46,19,15,967,318,447,77,642,746,516,2394,7590,18,14,38,16858,586,130,640,567,51,9,1,4,3,8,17,10,5,5,1,54,4,1,8,5,6,4,5,0,17,202,6,101,44,514,4,395,864,37,3,6,196,131,5,1,582,68,12,17,2,803,8,173,1521,7,87,17,4,1,5,0
64,49,149,26,28,38,14,11,14,242,30,18,2,162,48,45,5,2,16,17,58,2299,126,75,25,177,1302,78364,2183,225,26,361,37,12724,26,89,831,47,1305,25243,612,191,131,1299,69,16222,5917,375,38,40,0,1,1,1,4,1,0,0,0,1,4,0,0,0,3,1,10,0,2,8,0,10,3,17,1,28,81,579,0,2,38,0,3,1,10,143,14,17,0,3,23,1849,149,11,21,8,0,1,1,1
1642,746,2043,673,891,510,157,31,16,309,25,47,26,4604,653,459,5,14,43,31,67,4793,249,16,21,83,46,2183,106984,9782,209,329,103,385,291,389,280,27,476,205,31214,1203,1287,291,241,1390,664,142,3724,187,2,14,26,21,17,15,1,1,3,5,60,4,0,0,30,9,85,0,52,7,7,26,4,12,26,5,5,3,38,33,1,3,54,38,7,4,35,282,21,2,133,19,13,2,5,38,6,17,18,27
1251,834,1787,826,538,307,164,40,14,314,33,91,26,16757,1882,646,16,16,78,47,180,468,49,16,15,112,19,225,9782,20326,299,812,339,134,429,544,438,25,580,30,9277,6038,2461,87,542,55,310,104,930,940,4,17,35,11,14,17,1,1,5,4,70,9,1,1,65,21,113,4,67,8,8,25,7,9,33,15,6,1,50,51,2,6,76,31,8,1,78,326,22,2,167,3,17,8,3,52,15,28,30,19
14,98,21,504,5,18,21,1798,91,911,283,169,472,373,502,12254,676,6217,2089,631,1712,421,40,32,50,182,15,26,209,299,16014,220,527,74,351,621,225,123,120,5,252,219,10755,96,1372,11,56,28,16,80,3,4,5,5,6,10,14,9,20,42,49,8,1,2,14,10,66,8,66,32,35,13,52,35,61,9,8,0,12,73,2,11,22,15,10,2,62,114,9,9,35,2,15,3,6,12,5,12,23,20
12,10,16,30,1,7,3,85,60,1520,91,205,176,942,386,75,130,114,111,140,699,673,414,46,278,9723,967,361,329,812,220,29737,1892,9183,15,72,57,1055,89,430,422,1266,789,5750,3722,369,14131,35,13,734,0,0,0,0,2,0,2,4,4,20,18,2,9,1,2,4,5,3,4,74,8,133,20,132,9,796,471,53,1,10,536,87,4,1,250,245,7,6,2,404,2,455,1805,8,270,3,1,2,4,2
2,12,7,26,2,3,4,1159,532,950,307,4690,5030,570,357,176,680,617,315,4010,1205,412,1039,82,2002,185,318,37,103,339,527,1892,13661,96,19,126,164,1415,59,14,206,544,975,2093,8503,44,1498,21,7,335,0,0,1,0,2,0,195,69,11,542,7,7,70,63,2,5,27,7,44,1060,21,47,163,1618,12,38,264,3,2,28,35,283,2,2,494,8,31,17,2,213,4,5,418,3,12,0,1,0,3,1
9,24,37,15,7,9,1,18,35,186,27,19,13,169,50,49,13,10,43,48,84,1300,418,38,76,5324,447,12724,385,134,74,9183,96,36004,11,52,75,486,184,8906,173,160,214,7307,386,3332,14136,68,13,86,0,0,0,0,2,1,0,1,0,8,4,0,2,1,0,4,1,2,0,15,3,47,3,31,1,292,134,236,1,5,404,17,4,2,37,774,12,6,1,49,10,2899,1488,75,187,5,1,1,4,4
109,442,368,1356,114,1784,1657,25,56,518,31,18,8,1022,205,1859,3,12,91,72,87,225,8,121,48,29,77,26,291,429,351,15,19,11,4964,3718,642,22,4291,33,294,155,603,73,51,11,21,2969,108,51,39,178,184,87,200,194,3,1,4,23,143,3,2,1,292,33,256,0,49,6,12,58,13,8,35,0,1,4,105,54,1,3,128,65,2,1,74,669,19,4,366,1,7,4,3,362,54,47,53,21
32,117,51,343,21,124,367,128,1237,1670,231,215,44,450,129,3447,34,54,2984,499,855,448,62,5637,824,106,642,89,389,544,621,72,126,52,3718,16163,3679,133,7536,295,427,446,1547,450,183,21,65,108,16,199,7,31,58,12,32,25,19,28,120,218,357,58,20,11,88,54,423,35,683,82,210,109,172,99,362,3,18,7,99,454,13,21,194,130,26,5,578,994,137,15,308,11,43,7,5,87,17,105,129,130
34,86,76,195,15,215,132,636,8590,850,119,368,339,435,99,497,100,69,1702,345,810,204,35,3397,347,17,746,831,280,438,225,57,164,75,642,3679,1534,24,6370,888,372,322,949,394,87,26,62,847,35,194,7,41,40,23,45,51,21,17,41,169,103,13,5,7,76,19,123,23,145,38,71,44,83,58,108,2,10,5,34,65,1,10,54,39,10,2,432,312,38,9,141,25,27,4,0,84,15,38,44,37
1,6,3,45,2,11,5,252,212,39,37,160,55,53,45,158,17,22,336,3538,36,454,889,53,401,8880,516,47,27,25,123,1055,1415,486,22,133,24,23657,108,59,8,17,234,15374,6721,114,591,30,4,20,0,0,2,0,3,2,10,7,2,50,5,5,32,6,5,11,9,4,22,396,10,173,53,844,5,499,1140,20,8,16,230,358,6,5,1174,52,11,7,5,1061,8,45,1703,5,122,5,0,1,5,1
39,92,96,164,51,1354,459,19,301,747,70,63,9,748,97,350,10,11,215,38,315,367,47,2415,527,85,2394,1305,476,580,120,89,59,184,4291,7536,6370,108,26105,2867,413,255,569,2022,102,65,117,4594,95,139,15,53,107,33,80,65,2,3,19,26,254,15,7,1,194,56,404,6,336,15,51,106,50,19,144,16,17,18,161,199,6,5,185,93,14,11,389,1043,67,12,432,44,52,9,9,162,45,116,84,64
6,5,15,9,0,54,2,1,28,33,4,6,2,29,6,17,0,2,12,5,11,433,76,536,79,170,7590,25243,205,30,5,430,14,8906,33,295,888,59,2867,43509,55,27,21,11524,35,1433,1629,672,35,4,1,1,0,0,10,6,0,0,0,1,4,0,2,0,0,1,0,0,6,1,3,34,3,53,1,155,301,673,1,6,183,6,1,0,16,751,45,3,2,29,26,6206,1173,79,109,12,0,0,1,1
715,661,1888,660,261,305,156,28,5,9167,58,81,13,1781,1181,555,13,12,95,32,166,14022,76,8,11,53,18,612,31214,9277,252,422,206,173,294,427,372,8,413,55,67725,12273,1926,78,228,353,344,78,113,797,3,8,14,9,12,10,0,2,0,3,48,2,1,0,41,16,79,1,47,2,9,19,9,4,30,3,4,2,31,48,2,2,54,26,3,1,59,233,20,2,95,2,5,0,1,24,4,24,13,16
83,298,397,456,34,42,74,17,19,10318,154,265,19,1702,2204,481,15,13,160,43,655,2114,180,23,21,95,14,191,1203,6038,219,1266,544,160,155,446,322,17,255,27,12273,19447,3268,101,300,60,646,31,18,10586,0,5,7,5,1,1,2,1,3,5,44,6,1,0,11,5,44,2,52,8,6,15,7,7,36,10,8,0,15,51,3,5,21,11,5,3,60,103,14,7,19,4,23,0,2,7,2,12,6,4
72,392,103,1507,41,43,84,958,113,5282,390,341,457,4601,11185,8002,197,878,1116,809,4583,1850,61,61,112,411,38,131,1287,2461,10755,789,975,214,603,1547,949,234,569,21,1926,3268,33885,231,2790,45,229,77,80,8334,3,17,22,13,17,20,7,2,23,37,132,10,1,4,51,24,177,13,212,37,53,48,45,56,146,16,9,2,39,212,8,15,50,59,22,4,189,354,38,10,77,4,32,1,5,45,14,29,47,40
5,14,21,44,5,63,9,138,488,219,122,219,66,133,69,140,26,22,316,955,126,3491,3023,646,2388,11158,16858,1299,291,87,96,5750,2093,7307,73,450,394,15374,2022,11524,78,101,231,65414,2867,1480,4293,550,48,49,0,3,4,3,11,9,10,11,9,61,34,23,22,11,9,19,6,3,26,344,22,468,59,767,15,2458,1783,263,15,22,1540,319,25,1,1006,712,20,19,0,1417,17,2109,5794,43,772,20,2,5,17,4
13,62,14,163,2,7,18,1957,325,200,52,289,524,1469,656,724,108,332,497,4555,598,438,562,72,1082,2645,586,69,241,542,1372,3722,8503,386,51,183,87,6721,102,35,228,300,2790,2867,12206,40,631,44,18,277,0,0,2,0,2,2,48,24,7,140,8,12,67,22,4,10,27,6,46,994,17,164,106,1704,13,174,826,7,4,18,94,490,11,4,1399,30,22,19,4,794,10,17,1419,11,81,2,0,1,5,4
25,20,115,18,17,17,4,50,42,181,144,69,10,56,17,15,8,5,23,37,30,7405,2558,16,51,159,130,16222,1390,55,11,369,44,3332,11,21,26,114,65,1433,353,60,45,1480,40,14788,10360,8,5,14,0,0,0,1,1,1,2,0,0,5,2,0,0,0,4,2,3,0,3,6,2,6,2,12,1,22,22,25,1,1,39,1,1,1,13,49,2,11,0,16,3,244,123,1,17,0,0,0,0,0
24,28,83,17,11,10,7,112,136,1610,438,620,110,265,108,56,113,38,96,117,540,3670,6996,46,317,1114,640,5917,664,310,56,14131,1498,14136,21,65,62,591,117,1629,344,646,229,4293,631,10360,38615,34,10,286,0,0,0,0,1,0,6,2,3,17,11,4,8,1,0,2,6,3,10,73,7,86,12,125,4,405,319,97,2,7,325,74,5,2,179,284,8,3,0,235,7,925,1161,19,137,4,1,0,1,2
109,216,360,484,1987,6533,1050,0,63,88,6,4,3,385,50,180,0,1,4,5,4,77,16,72,144,48,567,375,142,104,28,35,21,68,2969,108,847,30,4594,672,78,31,77,550,44,8,34,6009,1028,10,32,126,120,124,309,190,0,0,0,0,48,2,2,0,131,13,126,0,12,2,1,35,7,10,5,3,6,1,65,10,0,0,44,20,1,2,28,284,1,4,139,15,16,1,1,346,44,16,18,2
2875,689,655,418,4370,1929,149,0,8,38,2,0,1,9492,159,108,0,2,1,7,1,51,2,6,14,2,51,38,3724,930,16,13,7,13,108,16,35,4,95,35,113,18,80,48,18,5,10,1028,11128,3,4,6,3,15,14,6,0,0,0,0,3,0,0,0,9,2,7,0,3,1,1,0,0,0,0,0,3,0,2,1,0,0,3,3,0,0,2,22,1,0,9,1,3,1,0,10,1,3,2,0
9,38,23,90,6,5,11,12,9,4370,50,173,34,2724,6929,155,9,8,87,31,1665,308,47,11,14,64,9,40,187,940,80,734,335,86,51,199,194,20,139,4,797,10586,8334,49,277,14,286,10,3,16171,0,2,0,1,0,0,0,0,1,6,14,4,0,0,2,1,20,0,30,4,7,9,5,11,15,6,1,0,4,24,2,2,5,3,2,0,40,59,5,4,11,1,18,1,3,1,1,4,5,3
2,18,35,39,2,32,15,0,0,1,2,0,0,27,2,10,0,0,0,0,0,3,0,0,1,0,1,0,2,4,3,0,0,0,39,7,7,0,15,1,3,0,3,0,0,0,0,32,4,0,30161,9685,803,7707,10416,1523,1,0,0,2,157,1,0,0,8131,32,174,0,2,1,0,434,3,1,2,0,4,49,1940,4,3,2,514,15,10,14,11,193,6,1,66,3,0,46,2,452,12592,599,136,1
19,85,144,160,22,236,107,1,1,12,0,0,0,79,20,55,0,0,1,0,1,9,0,0,2,0,4,1,14,17,4,0,0,0,178,31,41,0,53,1,8,5,17,3,0,0,0,126,6,2,9685,46965,11853,13415,858,6290,1,1,0,1,1412,11,8,0,9261,128,591,2,19,5,10,1863,2,1,16,6,3,73,1901,14,7,3,999,46,10,17,28,447,16,0,124,1,6,98,8,399,2374,1597,1225,26
7,54,87,114,11,121,79,0,2,24,2,1,0,86,17,59,0,0,11,4,2,9,1,3,1,1,3,1,26,35,5,0,1,0,184,58,40,2,107,0,14,7,22,4,2,0,0,120,3,0,803,11853,33521,507,978,8267,12,7,12,5,1945,46,38,10,10783,3656,12314,9,61,70,36,853,9,10,62,27,4,40,1290,164,28,39,1441,656,154,16,82,1201,67,16,178,3,15,26,14,380,1206,1227,1360,115
39,52,428,120,155,2123,90,2,1,4,0,0,0,55,10,28,0,0,1,1,0,3,0,1,5,0,8,1,21,11,5,0,0,0,87,12,23,0,33,0,9,5,13,3,0,1,0,124,15,1,7707,13415,507,28667,20292,13887,1,1,1,0,405,3,5,1,457,58,266,1,5,1,3,848,2,1,3,3,0,67,1284,7,5,4,709,18,6,13,22,1894,11,1,355,3,3,72,8,561,1248,1066,464,15
26,146,309,305,46,639,216,0,4,11,0,0,0,103,11,63,0,3,6,1,3,10,1,1,10,3,17,4,17,14,6,2,2,2,200,32,45,3,80,10,12,1,17,11,2,1,1,309,14,0,10416,858,978,20292,19559,8158,1,2,1,25,215,7,3,1,493,42,768,2,9,3,6,177,73,121,10,3,99,39,301,2,4,5,197,28,4,4,134,4055,12,2,824,73,52,11,3,5287,3799,161,151,15
19,108,305,218,17,270,136,0,2,14,0,0,0,96,24,68,0,0,5,1,1,8,1,4,5,0,10,1,15,17,10,0,0,1,194,25,51,2,65,6,10,1,20,9,2,1,0,190,6,0,1523,6290,8267,13887,8158,30140,0,0,1,1,994,6,12,0,1290,266,2520,2,10,4,13,893,7,1,7,0,1,32,700,9,4,3,593,49,12,10,17,1267,16,0,287,0,4,39,3,584,626,918,779,36
0,2,1,2,0,0,0,413,877,5,9,67,317,0,3,12,10,7,59,682,6,33,18,24,213,3,5,0,1,1,14,2,195,0,3,19,21,10,2,0,0,2,7,10,48,2,6,0,0,0,1,1,12,1,1,0,3832,6664,532,354,28,79,305,5212,27,69,175,518,59,3653,55,104,34,274,63,7,7,2,16,755,12,1752,22,56,655,2,302,5,14,11,1,0,12,3,17,0,2,5,7,3
0,0,0,0,1,0,0,358,820,5,9,27,110,2,0,9,33,23,88,154,14,14,8,14,52,3,5,0,1,1,9,4,69,1,1,28,17,7,3,0,2,1,2,11,24,0,2,0,0,0,0,1,7,1,2,0,6664,27010,6499,4719,373,1059,447,2728,10,44,588,10142,466,5170,312,1357,73,158,79,37,12,15,10,2061,104,908,16,46,1667,40,805,7,10,58,3,13,58,30,84,1,5,7,9,6
1,1,0,4,0,2,0,117,225,38,17,47,20,3,4,29,18,33,198,35,89,10,2,41,9,0,1,0,3,5,20,4,11,0,4,120,41,2,19,0,0,3,23,9,7,0,3,0,0,1,0,0,12,1,1,1,532,6499,3853,1968,614,1336,117,391,12,18,647,2456,553,706,593,1201,127,100,140,12,10,3,7,3023,24,215,10,24,364,11,370,29,10,11,3,4,29,13,54,1,2,5,18,12
1,2,1,12,0,2,0,1766,4665,30,46,291,1007,7,5,76,104,70,588,1959,144,135,39,166,832,7,54,1,5,4,42,20,542,8,23,218,169,50,26,1,3,5,37,61,140,5,17,0,0,6,2,1,5,0,25,1,354,4719,1968,53582,357,1313,642,779,9,11,381,494,4200,4473,874,1490,14022,8548,86,24,495,6,2,257,46,308,3,10,308,36,11578,174,6,40,119,35,237,31,79,49,5,7,9,11
5,28,27,42,3,24,20,50,88,113,19,33,8,112,23,147,12,22,320,9,110,41,2,54,7,14,4,4,60,70,49,18,7,4,143,357,103,5,254,4,48,44,132,34,8,2,11,48,3,14,157,1412,1945,405,215,994,28,373,614,357,51497,4217,3437,72,847,1054,2828,233,1059,83,7872,3507,229,56,1451,129,35,295,373,977,316,187,738,806,162,296,1485,1893,1004,60,521,71,346,243,783,359,155,22849,18364,2489
0,0,0,0,1,1,1,61,141,19,5,20,8,7,1,14,12,21,111,27,48,12,3,20,12,6,1,0,4,9,8,2,7,0,3,58,13,5,15,0,2,6,10,23,12,0,4,2,0,4,1,11,46,3,7,6,79,1059,1336,1313,4217,8502,5521,531,17,52,943,727,602,235,3994,7932,158,165,327,35,38,30,31,872,54,301,33,83,100,44,327,151,35,57,42,10,144,162,449,10,4,70,67,67
0,0,1,1,0,0,0,54,125,3,3,17,38,4,0,8,2,1,21,159,9,9,8,4,102,9,8,0,0,1,1,9,70,2,2,20,5,32,7,2,1,1,1,22,67,0,8,2,0,0,0,8,38,5,3,12,305,447,117,642,3437,5521,18085,9296,22,90,111,1603,82,630,4647,9652,88,883,433,47,92,20,26,265,102,5288,53,55,273,59,148,76,48,86,13,9,227,161,603,9,2,156,54,70
0,0,0,0,0,0,0,147,352,2,7,25,96,0,0,8,8,0,37,202,8,7,4,8,82,1,5,0,0,1,2,1,63,1,1,11,7,6,1,0,0,0,4,11,22,0,1,0,0,0,0,0,10,1,1,0,5212,2728,391,779,72,531,9296,13308,51,159,87,4532,37,744,1549,896,83,386,200,15,18,2,24,1078,105,4361,63,108,177,31,251,13,52,12,3,3,52,35,206,0,5,15,42,28
14,79,81,154,16,92,99,1,4,34,2,1,3,207,26,104,0,1,20,6,6,23,1,4,2,5,6,3,30,65,14,2,2,0,292,88,76,5,194,0,41,11,51,9,4,4,0,131,9,2,8131,9261,10783,457,493,1290,27,10,12,9,847,17,22,51,49878,11993,1516,19,58,172,28,933,18,28,154,134,7,125,11158,159,252,184,13249,1056,854,114,203,959,367,57,537,10,50,77,93,489,12612,1296,981,292
1,7,14,12,2,5,6,3,7,27,1,2,1,44,3,27,0,1,34,6,14,9,1,2,12,4,4,1,9,21,10,4,5,4,33,54,19,11,56,1,16,5,24,19,10,2,2,13,2,1,32,128,3656,58,42,266,69,44,18,11,1054,52,90,159,11993,30124,1862,85,64,214,139,690,11,51,1510,207,5,146,1423,457,632,686,7422,5357,1424,238,156,321,7069,71,102,26,78,65,424,68,319,999,2807,7330
18,66,80,159,13,94,68,38,83,145,17,24,15,223,21,224,8,10,196,65,98,54,4,45,30,2,5,10,85,113,66,5,27,1,256,423,123,9,404,0,79,44,177,6,27,3,6,126,7,20,174,591,12314,266,768,2520,175,588,647,381,2828,943,111,87,1516,1862,31342,206,3075,1132,492,1111,147,393,752,35,20,47,810,8735,57,165,1083,7628,436,36,603,5287,453,58,432,5,81,45,40,568,318,784,725,219
0,0,0,0,0,0,0,113,271,13,3,20,8,0,0,16,18,28,113,20,45,9,4,14,6,0,0,0,0,4,8,3,7,2,0,35,23,4,6,0,1,2,13,3,6,0,3,0,0,0,0,2,9,1,2,2,518,10142,2456,494,233,727,1603,4532,19,85,206,8494,106,267,6155,733,41,30,1225,8,8,6,11,6567,75,891,20,85,102,38,269,14,49,10,2,1,22,11,226,0,5,10,27,31
1,6,3,17,0,2,8,115,313,172,37,67,29,65,13,177,20,42,698,79,184,41,4,96,66,3,17,2,52,67,66,4,44,0,49,683,145,22,336,6,47,52,212,26,46,3,10,12,3,30,2,19,61,5,9,10,59,466,553,4200,1059,602,82,37,58,64,3075,106,13529,1062,742,602,4275,1127,550,36,111,16,82,808,22,133,157,191,116,18,2097,3867,188,48,102,9,266,11,39,16,9,150,194,173
0,0,2,4,0,1,2,598,1620,15,27,258,648,22,18,40,14,13,173,2055,29,126,88,72,1589,50,202,8,7,8,32,74,1060,15,6,82,38,396,15,1,2,8,37,344,994,6,73,2,1,4,1,5,70,1,3,4,3653,5170,706,4473,83,235,630,744,172,214,1132,267,1062,30148,113,854,255,4671,169,304,163,35,95,1167,290,4335,152,173,5580,128,315,96,67,3275,19,33,1601,35,198,11,31,34,34,15
1,1,1,5,0,3,2,155,317,64,25,61,10,10,7,53,25,56,334,17,156,20,3,69,16,6,6,0,7,8,35,8,21,3,12,210,71,10,51,3,9,6,53,22,17,2,7,1,1,7,0,10,36,3,6,13,55,312,593,874,7872,3994,4647,1549,28,139,492,6155,742,113,20353,3599,323,66,8418,60,36,223,66,2459,383,977,188,87,120,316,1154,255,146,38,50,60,194,179,1249,12,1,188,820,7648
2,7,19,18,0,13,7,40,57,31,4,15,16,44,11,46,1,6,66,56,23,19,23,10,114,161,101,10,26,25,13,133,47,47,58,109,44,173,106,34,19,15,48,468,164,6,86,35,0,9,434,1863,853,848,177,893,104,1357,1201,1490,3507,7932,9652,896,933,690,1111,733,602,854,3599,41264,165,988,934,983,932,2017,3701,749,1086,4609,579,501,1716,1709,325,611,381,1396,220,443,4030,12665,9069,109,82,3131,689,356
1,2,1,4,1,4,3,170,641,58,19,82,86,14,6,50,15,26,275,295,93,20,16,55,308,8,44,3,4,7,52,20,163,3,13,172,83,53,50,3,9,7,45,59,106,2,12,7,0,5,3,2,9,2,73,7,34,73,127,14022,229,158,88,83,18,11,147,41,4275,255,323,165,9769,4569,126,42,924,32,11,78,27,148,32,17,48,27,6903,2798,17,46,1571,245,636,6,31,198,61,22,26,24
1,5,1,4,1,5,3,403,1901,27,26,387,618,32,18,43,27,20,205,2798,36,179,173,114,3352,117,514,17,12,9,35,132,1618,31,8,99,58,844,19,53,4,7,56,767,1704,12,125,10,0,11,1,1,10,1,121,1,274,158,100,8548,56,165,883,386,28,51,393,30,1127,4671,66,988,4569,20671,42,115,10790,168,32,163,183,2728,36,30,741,87,1201,386,13,269,997,2035,3134,41,164,234,56,10,16,10
2,3,2,11,1,8,4,44,55,119,25,32,5,32,8,141,5,26,358,9,101,30,2,33,8,8,4,1,26,33,61,9,12,1,35,362,108,5,144,1,30,36,146,15,13,1,4,5,0,15,2,16,62,3,10,7,63,79,140,86,1451,327,433,200,154,1510,752,1225,550,169,8418,934,126,42,9527,108,22,154,161,5621,533,925,525,2784,699,250,1216,654,3376,66,118,40,113,70,741,28,23,300,1130,3457
0,1,2,0,0,0,0,2,13,16,8,8,1,14,7,3,0,0,8,22,9,69,109,7,80,1166,395,28,5,15,9,796,38,292,0,3,2,499,16,155,3,10,16,2458,174,22,405,3,0,6,0,6,27,3,3,0,7,37,12,24,129,35,47,15,134,207,35,8,36,304,60,983,42,115,108,25267,769,306,155,92,12157,333,296,71,6381,8235,49,24,38,6359,29,372,8016,84,844,8,26,52,132,66
0,3,2,2,1,3,2,9,97,8,2,39,11,18,1,8,0,2,23,91,8,72,121,34,467,682,864,81,5,6,8,471,264,134,1,18,10,1140,17,301,4,8,9,1783,826,22,319,6,3,1,4,3,4,0,99,1,7,12,10,495,35,38,92,18,7,5,20,8,111,163,36,932,924,10790,22,769,14830,997,23,5,595,523,14,7,393,237,807,159,2,420,1064,6592,11620,45,431,254,47,10,18,10
0,0,0,2,0,0,0,0,1,2,0,0,0,6,0,2,0,0,2,3,0,11,7,2,8,44,37,579,3,1,0,53,3,236,4,7,5,20,18,673,2,0,2,263,7,25,97,1,0,0,49,73,40,67,39,32,2,15,3,6,295,30,20,2,125,146,47,6,16,35,223,2017,32,168,154,306,997,58590,3030,23,296,22,473,33,181,12684,456,48,26,199,199,23025,2056,23732,1024,75,36,497,314,128
10,23,26,39,3,40,18,1,6,22,2,2,1,102,12,60,0,0,22,3,10,9,0,2,3,1,3,0,38,50,12,1,2,1,105,99,34,8,161,1,31,15,39,15,4,1,2,65,2,4,1940,1901,1290,1284,301,700,16,10,7,2,373,31,26,24,11158,1423,810,11,82,95,66,3701,11,32,161,155,23,3030,156903,114,258,147,16177,696,681,387,211,690,577,59,333,58,114,1710,177,269,9855,22681,1164,279
4,3,5,20,1,9,2,70,123,169,26,39,27,37,24,148,13,20,322,55,133,32,8,62,26,6,6,2,33,51,73,10,28,5,54,454,65,16,199,6,48,51,212,22,18,1,7,10,1,24,4,14,164,7,2,9,755,2061,3023,257,977,872,265,1078,159,457,8735,6567,808,1167,2459,749,78,163,5621,92,5,23,114,21666,316,1420,169,3489,1880,83,608,381,919,96,67,5,99,20,293,15,19,115,148,108
0,0,0,1,0,0,0,6,14,15,5,5,1,8,0,5,1,0,10,21,7,33,47,5,67,683,196,38,1,2,2,536,35,404,1,13,1,230,6,183,2,3,8,1540,94,39,325,0,0,2,3,7,28,5,4,4,12,104,24,46,316,54,102,105,252,632,57,75,22,290,383,1086,27,183,533,12157,595,296,258,316,26164,2156,697,152,7215,13948,53,15,120,1659,41,677,5863,1276,10320,10,24,154,409,246
0,2,0,4,0,0,0,86,238,11,8,68,93,7,2,11,6,6,53,516,16,40,33,17,457,104,131,0,3,6,11,87,283,17,3,21,10,358,5,6,2,5,15,319,490,1,74,0,0,2,2,3,39,4,5,3,1752,908,215,308,187,301,5288,4361,184,686,165,891,133,4335,977,4609,148,2728,925,333,523,22,147,1420,2156,20725,373,293,14864,255,129,57,195,981,15,21,1366,57,4548,6,21,81,210,177
3,23,20,40,4,29,17,1,15,60,7,2,1,135,12,70,1,5,76,4,13,27,3,6,9,1,5,3,54,76,22,4,2,4,128,194,54,6,185,1,54,21,50,25,11,1,5,44,3,5,514,999,1441,709,197,593,22,16,10,3,738,33,53,63,13249,7422,1083,20,157,152,188,579,32,36,525,296,14,473,16177,169,697,373,61100,1165,1042,379,570,1045,1891,53,473,48,141,156,330,175,452,6961,20066,1617
3,9,6,19,2,17,7,3,4,35,5,6,8,57,9,63,0,0,43,5,17,21,2,2,8,1,1,1,38,31,15,1,2,2,65,130,39,5,93,0,26,11,59,1,4,1,2,20,3,3,15,46,656,18,28,49,56,46,24,10,806,83,55,108,1056,5357,7628,85,191,173,87,501,17,30,2784,71,7,33,696,3489,152,293,1165,18968,626,65,271,804,5012,58,170,7,47,31,132,86,120,444,730,395
1,0,1,4,1,1,2,40,230,6,10,93,49,8,9,9,4,5,49,388,10,60,143,37,1017,290,582,10,7,8,10,250,494,37,2,26,10,1174,14,16,3,5,22,1006,1399,13,179,1,0,2,10,10,154,6,4,12,655,1667,364,308,162,100,273,177,854,1424,436,102,116,5580,120,1716,48,741,699,6381,393,181,681,1880,7215,14864,1042,626,17991,984,56,50,250,3488,22,89,1193,119,1304,6,127,235,352,222
0,0,0,1,0,0,0,1,5,4,1,3,0,1,2,2,1,1,4,10,4,19,15,4,25,241,68,143,4,1,2,245,8,774,1,5,2,52,11,751,1,3,4,712,30,49,284,2,0,0,14,17,16,13,4,10,2,40,11,36,296,44,59,31,114,238,36,38,18,128,316,1709,27,87,250,8235,237,12684,387,83,13948,255,379,65,984,36220,38,8,66,945,32,2707,6230,7668,5454,5,16,159,267,146
5,13,9,28,1,22,18,273,630,166,31,82,95,69,23,147,29,34,401,99,198,60,9,125,36,3,12,14,35,78,62,7,31,12,74,578,432,11,389,45,59,60,189,20,22,2,8,28,2,40,11,28,82,22,134,17,302,805,370,11578,1485,327,148,251,203,156,603,269,2097,315,1154,325,6903,1201,1216,49,807,456,211,608,53,129,570,271,56,38,3273,4394,421,21,5297,1071,388,21,41,565,71,368,403,512
40,147,205,312,33,232,163,25,51,255,19,18,4,538,60,466,9,8,307,33,104,120,2,55,22,4,17,17,282,326,114,6,17,6,669,994,312,7,1043,3,233,103,354,19,19,11,3,284,22,59,193,447,1201,1894,4055,1267,5,7,29,174,1893,151,76,13,959,321,5287,14,3867,96,255,611,2798,386,654,24,159,48,690,381,15,57,1045,804,50,8,4394,20284,506,21,10817,50,138,29,32,3385,318,654,679,454
0,3,1,2,0,2,0,1,4,33,5,1,0,23,3,49,0,1,43,2,10,17,0,4,2,1,2,0,21,22,9,2,2,1,19,137,38,5,67,2,20,14,38,0,4,0,0,1,1,5,6,16,67,11,12,16,14,10,10,6,1004,35,48,52,367,7069,453,49,188,67,146,381,17,13,3376,38,2,26,577,919,120,195,1891,5012,250,66,421,506,13276,24,137,5,18,21,103,30,36,495,3743,7676
0,2,0,1,0,0,0,9,50,14,3,23,5,10,5,6,1,1,19,84,8,48,111,26,321,719,803,3,2,2,9,404,213,49,4,15,9,1061,12,29,2,7,10,1417,794,16,235,4,0,4,1,0,16,1,2,0,11,58,11,40,60,57,86,12,57,71,58,10,48,3275,38,1396,46,269,66,6359,420,199,59,96,1659,981,53,58,3488,945,21,21,24,11220,23,165,9220,68,745,9,14,23,30,12
23,57,82,124,11,90,87,6,12,74,4,1,1,327,31,169,0,2,55,5,16,78,1,6,8,1,8,23,133,167,35,2,4,10,366,308,141,8,432,26,95,19,77,17,10,3,7,139,9,11,66,124,178,355,824,287,1,3,3,119,521,42,13,3,537,102,432,2,102,19,50,220,1571,997,118,29,1064,199,333,67,41,15,473,170,22,32,5297,10817,137,23,18579,874,460,15,13,5912,479,209,186,123
2,1,2,0,0,0,0,4,4,3,2,2,3,0,0,0,0,0,2,3,1,91,35,15,24,307,173,1849,19,3,2,455,5,2899,1,11,25,45,44,6206,2,4,4,2109,17,244,925,15,1,1,3,1,3,3,73,0,0,13,4,35,71,10,9,3,10,26,5,1,9,33,60,443,245,2035,40,372,6592,23025,58,5,677,21,48,7,89,2707,1071,50,5,165,874,45016,16886,578,468,250,31,21,41,16
1,1,2,3,0,3,2,21,152,30,15,62,23,18,6,16,2,6,33,183,19,175,277,47,733,1979,1521,149,13,17,15,1805,418,1488,7,43,27,1703,52,1173,5,23,32,5794,1419,123,1161,16,3,18,0,6,15,3,52,4,12,58,29,237,346,144,227,52,50,78,81,22,266,1601,194,4030,636,3134,113,8016,11620,2056,114,99,5863,1366,141,47,1193,6230,388,138,18,9220,460,16886,40537,429,2588,145,32,64,122,58
0,0,0,1,0,0,0,0,0,1,0,0,0,1,0,6,0,0,2,2,0,4,1,0,1,16,7,11,2,8,3,8,3,75,4,7,4,5,9,79,0,0,1,43,11,1,19,1,1,1,46,98,26,72,11,39,3,30,13,31,243,162,161,35,77,65,45,11,11,35,179,12665,6,41,70,84,45,23732,1710,20,1276,57,156,31,119,7668,21,29,21,68,15,578,429,19255,9475,7,12,493,101,32
0,0,0,1,0,1,0,5,19,7,0,5,1,3,0,4,0,3,15,11,6,21,31,5,36,303,87,21,5,3,6,270,12,187,3,5,0,122,9,109,1,2,5,772,81,17,137,1,0,3,2,8,14,8,3,3,17,84,54,79,783,449,603,206,93,424,40,226,39,198,1249,9069,31,164,741,844,431,1024,177,293,10320,4548,330,132,1304,5454,41,32,103,745,13,468,2588,9475,24108,1,13,106,361,267
38,148,223,274,42,379,189,1,5,31,3,1,1,200,33,94,0,1,8,2,2,24,0,5,7,4,17,8,38,52,12,3,0,5,362,87,84,5,162,12,24,7,45,20,2,0,4,346,10,1,452,399,380,561,5287,584,0,1,1,49,359,10,9,0,489,68,568,0,16,11,12,109,198,234,28,8,254,75,269,15,10,6,175,86,6,5,565,3385,30,9,5912,250,145,7,1,5911,1019,92,91,19
1,26,28,40,7,39,31,2,0,8,0,0,0,51,4,25,0,0,3,2,3,7,0,0,2,1,4,0,6,15,5,1,1,1,54,17,15,0,45,0,4,2,14,2,0,0,1,44,1,1,12592,2374,1206,1248,3799,626,2,5,2,5,155,4,2,5,12612,319,318,5,9,31,1,82,61,56,23,26,47,36,9855,19,24,21,452,120,127,16,71,318,36,14,479,31,32,12,13,1019,28249,143,118,22
1,5,10,19,1,5,18,3,2,30,2,2,1,52,7,55,0,0,46,1,13,11,0,6,1,1,1,1,17,28,12,2,0,1,47,105,38,1,116,0,24,12,29,5,1,0,0,16,3,4,599,1597,1227,1066,161,918,5,7,5,7,22849,70,156,15,1296,999,784,10,150,34,188,3131,22,10,300,52,10,497,22681,115,154,81,6961,444,235,159,368,654,495,23,209,21,64,493,106,92,143,62518,10374,535
2,5,5,17,2,7,5,3,5,42,6,3,1,35,7,50,0,4,66,0,19,20,1,4,0,4,5,1,18,30,23,4,3,4,53,129,44,5,84,1,13,6,47,17,5,0,1,18,2,5,136,1225,1360,464,151,779,7,9,18,9,18364,67,54,42,981,2807,725,27,194,34,820,689,26,16,1130,132,18,314,1164,148,409,210,20066,730,352,267,403,679,3743,30,186,41,122,101,361,91,118,10374,31044,11801
0,2,0,6,0,3,3,5,4,34,8,2,0,24,2,71,1,1,67,2,10,14,0,2,1,0,0,1,27,19,20,2,1,4,21,130,37,1,64,1,16,4,40,4,4,0,2,2,0,3,1,26,115,15,15,36,3,6,12,11,2489,67,70,28,292,7330,219,31,173,15,7648,356,24,10,3457,66,10,128,279,108,246,177,1617,395,222,146,512,454,7676,12,123,16,58,32,267,19,22,535,11801,11456
