15382,8326,7932,2279,9549,3467,267,2,0,22,0,0,0,10946,1632,146,0,0,0,1,3,221,5,0,0,1,2,46,518,385,7,9,2,34,10,3,9,3,4,15,377,33,51,18,8,44,47,25,2469,6,1,2,0,359,4,6,0,0,0,0,0,0,0,0,4,1,2,0,0,0,0,2,0,0,0,0,0,0,1,0,0,0,1,0,0,1,0,2,0,1,0,0,0,0,1,14,0,0,0,0
8326,24586,9842,17760,959,1500,1900,4,4,94,2,4,3,7035,6520,220,0,5,4,6,6,670,17,1,3,17,3,62,460,478,9,19,8,34,57,8,25,1,34,24,738,156,90,30,15,53,76,153,592,23,7,22,6,21,46,39,0,1,0,0,1,0,0,0,8,1,19,0,1,0,0,2,0,0,0,0,0,1,2,0,2,0,6,1,0,0,4,20,3,0,4,3,0,0,0,131,2,1,2,0
7932,9842,32158,8123,5028,4845,13588,1,3,25,0,0,0,993,271,57,0,1,0,0,1,395,6,1,1,7,0,55,399,390,1,11,4,30,16,0,16,2,21,32,518,50,23,21,4,57,63,68,460,14,482,603,2,2006,92,67,0,0,0,0,2,0,0,0,16,0,10,0,0,0,0,7,0,0,0,2,0,0,7,0,0,0,13,0,0,2,2,3,1,0,2,2,1,0,1,38,4,9,3,0
2279,17760,8123,49241,2149,4652,10952,31,36,679,10,9,10,8392,18813,9441,1,16,29,38,37,1209,24,27,39,51,17,96,718,841,595,80,12,53,1030,103,213,49,305,36,1219,448,2372,100,82,82,78,2298,1593,200,61,119,32,96,253,240,2,1,1,1,11,0,0,0,59,7,74,1,1,2,0,20,3,1,0,1,2,3,10,0,4,3,25,13,1,1,35,104,12,2,24,0,2,1,0,765,22,8,16,6
9549,959,5028,2149,11102,20591,1005,0,3,25,2,0,1,2707,1334,240,0,0,0,0,1,67,2,0,1,5,3,8,217,120,14,3,1,6,30,4,10,3,23,9,128,16,83,4,2,12,10,350,2997,12,2,2,0,437,6,4,0,0,0,0,2,0,0,0,3,0,7,0,2,0,0,2,0,0,0,0,0,0,0,0,0,0,3,0,0,1,3,4,0,0,3,0,0,0,0,20,0,2,0,1
3467,1500,4845,4652,20591,24827,18133,1,6,57,2,0,1,764,950,1206,0,0,2,1,5,61,7,61,22,6,59,16,98,72,9,8,3,9,600,67,254,2,1198,49,73,31,68,45,2,7,17,5762,2283,19,67,47,7,2640,253,65,1,0,0,0,4,0,0,0,21,1,21,0,0,0,0,2,1,0,1,0,0,1,5,0,0,0,7,4,0,0,13,37,6,2,9,2,0,0,0,231,12,1,4,0
267,1900,13588,10952,1005,18133,16299,1,3,58,1,2,1,268,347,2206,1,0,1,0,3,118,1,6,3,2,2,6,29,56,5,3,0,5,886,32,65,4,437,2,93,37,36,8,7,7,6,1928,196,14,22,38,8,95,114,331,0,1,0,1,7,0,0,0,10,2,16,0,0,0,0,2,0,1,0,0,0,0,3,0,0,0,8,3,0,0,6,26,4,1,6,0,0,0,0,282,7,0,3,1
2,4,1,31,0,1,1,33192,5795,207,677,792,7843,372,377,547,2696,8298,893,5440,602,2917,307,63,91,104,48,10,33,281,845,118,943,19,5,72,693,399,13,10,64,72,1991,107,1295,66,96,5,9,127,0,0,0,0,0,0,67,26,3,163,11,2,2,15,3,5,6,23,15,145,6,3,23,17,12,1,6,0,0,6,0,9,4,3,6,0,327,6,4,3,2,2,4,0,0,0,0,1,3,3
0,4,3,36,3,6,3,5795,41001,153,236,1094,1816,19,59,1071,453,201,8585,5921,440,1388,369,9202,5509,89,4322,15,19,33,232,181,1654,42,214,3451,7659,336,705,60,24,21,374,901,451,64,199,83,5,21,2,1,4,0,1,1,238,112,3,667,14,8,13,72,13,7,21,47,43,709,12,19,73,155,17,4,71,0,0,14,5,84,5,14,38,2,1552,17,9,22,5,2,21,1,0,3,0,1,5,6
22,94,25,679,25,57,58,207,153,30246,4046,1895,224,277,943,2527,152,127,536,129,5591,6559,758,83,122,98,54,56,209,512,511,1202,797,56,332,922,738,94,539,31,6295,5634,3375,205,242,344,1228,249,40,5180,3,2,10,1,5,7,5,4,7,10,36,2,0,3,8,5,51,8,57,17,2,12,14,4,15,3,4,1,2,19,1,8,20,13,5,1,301,74,38,2,26,0,0,0,3,16,1,1,15,14
0,2,0,10,2,2,1,677,236,4046,3186,5633,158,5,22,358,141,260,540,94,1691,2596,1217,30,37,32,21,14,14,33,47,113,305,8,15,149,87,28,28,13,71,118,105,65,37,162,287,6,0,40,0,0,0,0,0,0,0,5,2,3,7,1,0,0,1,0,3,4,5,0,0,1,1,1,4,0,0,0,0,1,0,1,1,1,0,0,34,4,3,1,2,1,3,0,0,1,0,0,0,0
0,4,0,9,0,0,2,792,1094,1895,5633,18262,4449,31,21,178,3626,384,379,599,7482,2331,3524,62,432,25,85,22,30,171,146,226,4282,8,20,150,226,66,31,14,103,165,453,160,99,168,468,6,0,174,0,0,1,0,0,0,8,6,2,20,5,1,2,3,0,1,13,4,3,36,0,1,3,10,4,0,8,0,0,1,0,10,1,1,0,1,81,4,6,4,2,0,2,0,1,0,0,0,6,0
0,3,0,10,1,1,1,7843,1816,224,158,4449,19926,525,296,342,7400,963,136,2381,1174,674,195,30,322,20,97,2,55,670,829,127,3760,13,7,47,434,51,19,2,118,136,1591,39,514,29,76,7,3,360,0,0,0,0,1,2,57,15,4,116,5,2,3,15,2,3,8,5,11,155,2,2,12,30,2,0,13,0,0,2,0,24,0,3,6,0,239,6,0,1,1,1,4,0,1,1,0,1,1,3
10946,7035,993,8392,2707,764,268,372,19,277,5,31,525,49406,17340,1296,56,131,33,296,232,448,54,14,60,541,27,117,5151,18229,159,1436,459,170,138,60,178,208,151,40,1550,532,4310,264,1283,79,465,246,14945,2261,13,7,7,17,29,45,2,0,0,1,10,0,0,1,18,2,44,1,6,0,0,11,3,7,3,0,6,0,5,0,1,5,13,17,3,2,45,69,12,3,30,1,5,0,0,97,6,7,4,7
1632,6520,271,18813,1334,950,347,377,59,943,22,21,296,17340,25128,2350,42,193,92,233,181,957,38,5,58,222,31,95,769,2904,538,305,174,73,105,91,99,183,101,39,1431,787,13353,198,626,88,146,190,1272,5650,9,16,5,6,22,22,0,2,1,4,4,2,1,1,18,5,28,0,5,4,0,8,2,1,1,1,1,0,0,2,1,3,12,9,1,0,28,41,6,2,15,2,4,0,1,66,4,2,5,0
146,220,57,9441,240,1206,2206,547,1071,2527,358,178,342,1296,2350,20350,153,1251,4106,581,552,916,83,373,373,132,139,44,255,435,11508,124,167,37,4147,5486,1039,284,1856,30,561,433,11883,397,305,45,92,2996,377,348,48,69,34,45,89,140,6,12,10,23,53,4,0,4,83,30,214,12,67,16,6,31,16,6,16,3,4,0,13,29,2,6,60,68,8,1,353,314,108,5,123,0,1,1,1,399,21,15,61,23
0,0,0,1,0,0,1,2696,453,152,141,3626,7400,56,42,153,7848,4437,218,118,4635,210,151,49,49,18,13,2,5,116,880,213,1009,7,6,66,303,18,32,6,29,52,1009,21,173,16,97,3,2,98,1,0,1,0,1,1,1,7,3,14,9,4,0,1,0,1,7,14,13,6,3,2,8,2,6,0,0,0,1,3,1,3,1,1,0,0,109,5,1,0,2,0,0,0,0,0,0,1,4,0
0,5,1,16,0,0,0,8298,201,127,260,384,963,131,193,1251,4437,6610,661,311,778,338,57,18,15,15,5,0,5,107,3810,53,309,8,1,26,183,44,19,1,37,28,2046,12,252,7,25,4,3,71,0,0,3,0,0,0,0,9,4,7,8,1,0,3,1,2,2,17,12,6,3,3,8,0,12,0,1,0,0,2,0,0,2,2,0,0,61,3,7,1,2,0,0,0,0,0,0,0,4,1
0,4,0,29,0,2,1,893,8585,536,540,379,136,33,92,4106,218,661,11382,1140,680,483,110,2006,547,60,254,5,12,31,742,64,162,22,78,6270,1335,202,374,42,36,42,993,324,163,25,70,17,2,48,1,2,2,0,1,6,10,23,15,59,45,5,3,9,4,8,42,55,81,36,15,11,41,11,51,2,6,0,3,22,0,9,20,24,8,0,451,57,34,3,17,0,6,0,1,2,2,3,16,13
1,6,0,38,0,1,0,5440,5921,129,94,599,2381,296,233,581,118,311,1140,17088,180,1435,878,150,2027,242,596,14,38,269,379,242,3252,31,54,395,378,2904,76,6,75,56,931,756,4501,71,250,22,6,107,0,1,5,0,1,2,111,37,2,370,12,4,34,58,5,8,46,9,24,683,2,16,63,269,4,7,69,1,0,5,2,190,2,15,36,2,419,7,10,33,11,1,19,1,4,3,0,1,3,1
3,6,1,37,1,5,3,602,440,5591,1691,7482,1174,232,181,552,4635,778,680,180,13678,702,616,176,123,110,52,12,73,924,1643,1029,1409,39,85,440,1013,51,279,17,465,1060,5099,122,437,49,526,74,6,2659,1,1,5,2,0,2,4,7,10,21,29,3,1,5,8,4,40,23,54,16,6,12,24,4,23,2,2,0,2,16,1,3,13,13,3,0,422,65,30,4,21,0,1,1,0,2,0,3,13,14
221,670,395,1209,67,61,118,2917,1388,6559,2596,2331,674,448,957,916,210,338,483,1435,702,18006,6222,48,477,472,255,1168,3801,496,250,816,592,705,111,281,274,299,177,390,12301,1423,1266,1911,366,5344,2426,115,49,855,5,3,4,3,5,15,4,4,3,14,6,0,0,3,6,5,27,6,10,35,1,13,5,13,6,15,15,4,1,6,12,8,8,9,9,10,83,41,11,16,16,26,41,0,18,16,1,2,7,7
5,17,6,24,2,7,1,307,369,758,1217,3524,195,54,38,83,151,57,110,878,616,6222,9135,53,1440,391,709,159,96,180,34,561,2785,162,15,98,42,661,57,92,177,194,150,2505,516,5736,5004,15,2,118,0,0,0,0,0,1,5,2,1,9,2,0,2,3,0,2,4,1,2,48,0,15,9,26,1,15,68,0,0,0,3,24,0,0,25,6,20,2,0,31,1,0,38,0,3,0,0,0,0,1
0,1,1,27,0,61,6,63,9202,83,30,62,30,14,5,373,49,18,2006,150,176,48,53,7991,1453,90,2764,36,2,21,28,124,111,73,353,6296,3340,62,8844,330,10,11,74,965,101,9,97,525,16,13,3,0,1,0,0,2,7,19,5,44,14,0,0,6,0,5,10,12,21,24,7,6,16,12,16,1,26,0,0,6,2,10,2,4,6,0,230,12,7,7,4,2,8,0,1,2,0,0,9,3
0,3,1,39,1,22,3,91,5509,122,37,432,322,60,58,373,49,15,547,2027,123,477,1440,1453,6663,360,9082,10,16,121,98,852,2968,130,148,1115,418,628,746,92,40,58,234,4541,2015,84,689,212,11,74,0,1,2,0,1,1,37,20,0,140,1,4,23,48,6,7,22,8,18,531,2,41,33,319,6,16,205,0,0,4,6,193,5,16,123,9,130,3,12,102,3,1,59,1,8,1,1,2,3,1
1,17,7,51,5,6,2,104,89,98,32,25,20,541,222,132,18,15,60,242,110,472,391,90,360,33483,1334,166,75,425,146,11896,233,6526,20,96,47,4291,110,521,138,78,496,18283,2514,297,2096,50,15,132,0,0,0,0,0,0,1,0,0,2,2,1,3,2,3,8,3,1,2,25,1,80,10,54,1,244,249,9,1,1,116,60,1,2,56,49,9,3,3,156,0,31,309,3,91,1,0,2,1,0
2,3,0,17,3,59,2,48,4322,54,21,85,97,27,31,139,13,5,254,596,52,255,709,2764,9082,1334,22391,803,7,32,22,1735,718,648,101,678,1943,583,1965,7251,35,18,92,15707,1013,148,1324,650,22,29,1,0,0,0,1,1,5,5,0,30,3,3,11,12,7,5,6,1,4,100,6,44,19,183,2,86,453,21,1,0,36,101,4,3,136,41,32,4,7,225,3,194,213,5,37,3,0,3,3,4
46,62,55,96,8,16,6,10,15,56,14,22,2,117,95,44,2,0,5,14,12,1168,159,36,10,166,803,87336,1755,421,14,786,10,12194,6,14,284,22,264,14412,1340,108,66,349,35,13152,7415,110,10,37,0,0,0,3,0,0,0,0,0,0,0,0,0,0,0,0,2,0,1,0,0,14,0,5,0,18,62,351,0,0,13,2,2,0,0,82,11,3,1,4,7,922,73,11,18,0,0,0,0,0
518,460,399,718,217,98,29,33,19,209,14,30,55,5151,769,255,5,5,12,38,73,3801,96,2,16,75,7,1755,86090,11978,46,340,82,243,44,34,86,22,53,252,19978,400,430,91,145,1329,421,92,5648,204,5,3,1,7,5,6,0,0,0,1,2,0,0,1,5,2,10,0,2,1,0,4,3,0,1,6,2,0,3,0,1,1,8,3,0,3,23,16,4,1,5,16,3,0,1,4,0,0,2,1
385,478,390,841,120,72,56,281,33,512,33,171,670,18229,2904,435,116,107,31,269,924,496,180,21,121,425,32,421,11978,46559,159,2720,971,225,70,65,286,129,134,117,12291,4596,5847,236,1202,335,1076,120,913,4623,1,3,2,2,2,7,2,1,1,3,7,0,1,3,7,7,30,0,14,10,1,6,0,3,3,1,6,0,3,4,3,1,9,8,3,2,88,48,14,3,24,10,6,0,0,8,1,4,5,3
7,9,1,595,14,9,5,845,232,511,47,146,829,159,538,11508,880,3810,742,379,1643,250,34,28,98,146,22,14,46,159,16716,176,305,22,79,271,370,353,148,2,129,112,18270,267,554,14,55,109,15,152,7,4,1,2,7,23,3,8,3,14,26,0,1,1,13,12,67,10,44,13,3,7,5,6,9,1,5,0,3,14,1,7,25,29,3,1,247,75,27,6,40,0,2,0,0,16,6,5,14,10
9,19,11,80,3,8,3,118,181,1202,113,226,127,1436,305,124,213,53,64,242,1029,816,561,124,852,11896,1735,786,340,2720,176,32683,7016,6999,14,117,91,1515,122,1027,757,833,975,11958,3663,575,13802,45,28,1200,0,1,0,0,0,0,3,1,0,13,7,2,4,4,4,5,6,4,2,47,0,89,2,66,1,249,285,9,2,2,141,66,4,0,59,53,25,6,3,176,3,82,295,6,82,2,1,2,3,4
2,8,4,12,1,3,0,943,1654,797,305,4282,3760,459,174,167,1009,309,162,3252,1409,592,2785,111,2968,233,718,10,82,971,305,7016,12621,56,24,152,218,718,59,20,240,359,954,966,3372,69,2972,15,10,590,0,0,1,0,0,0,35,13,2,139,8,2,15,28,2,6,11,2,7,332,0,10,21,108,4,3,77,0,0,3,3,68,0,4,25,1,193,10,5,19,1,0,19,0,2,0,0,0,0,0
34,34,30,53,6,9,5,19,42,56,8,8,13,170,73,37,7,8,22,31,39,705,162,73,130,6526,648,12194,243,225,22,6999,56,25819,9,41,74,341,161,13019,349,71,106,10043,210,2269,10799,70,11,44,0,0,0,0,0,0,0,0,0,2,3,0,3,0,1,0,4,3,2,3,1,86,2,17,0,234,125,119,0,0,263,18,2,1,16,454,8,1,2,49,7,877,635,34,174,1,0,0,1,2
10,57,16,1030,30,600,886,5,214,332,15,20,7,138,105,4147,6,1,78,54,85,111,15,353,148,20,101,6,44,70,79,14,24,9,2571,2917,608,39,7253,24,71,72,280,99,24,7,23,2495,151,79,12,27,5,20,41,44,3,1,0,2,18,0,0,0,27,13,57,2,6,6,2,11,8,1,3,0,4,1,12,8,0,3,27,10,0,0,83,83,26,0,31,1,1,0,0,154,8,9,10,5
3,8,0,103,4,67,32,72,3451,922,149,150,47,60,91,5486,66,26,6270,395,440,281,98,6296,1115,96,678,14,34,65,271,117,152,41,2917,15797,2531,162,8231,63,101,101,642,664,119,15,81,500,30,81,6,7,17,0,6,14,10,20,14,47,79,3,2,12,21,16,124,39,87,35,11,17,30,13,33,1,16,2,8,21,0,9,32,29,6,1,668,166,74,8,72,1,8,0,1,30,4,10,43,25
9,25,16,213,10,254,65,693,7659,738,87,226,434,178,99,1039,303,183,1335,378,1013,274,42,3340,418,47,1943,284,86,286,370,91,218,74,608,2531,5337,39,9443,819,264,233,1228,381,69,19,58,1873,70,415,0,1,4,2,3,5,29,88,5,254,6,4,6,10,3,1,15,57,22,43,13,6,25,14,12,2,9,2,1,8,0,0,7,4,2,0,1596,20,10,4,5,12,1,1,2,14,0,1,6,7
3,1,2,49,3,2,4,399,336,94,28,66,51,208,183,284,18,44,202,2904,51,299,661,62,628,4291,583,22,22,129,353,1515,718,341,39,162,39,9259,90,48,55,54,815,7120,5289,77,771,49,9,45,0,0,0,0,0,0,4,4,0,16,1,2,8,3,5,8,8,4,6,120,1,21,7,109,6,5,132,0,2,0,4,83,3,8,81,4,14,6,6,73,1,0,44,0,3,1,0,2,0,1
4,34,21,305,23,1198,437,13,705,539,28,31,19,151,101,1856,32,19,374,76,279,177,57,8844,746,110,1965,264,53,134,148,122,59,161,7253,8231,9443,90,35809,1241,139,105,567,1082,72,21,97,11452,167,175,11,7,13,9,13,28,2,8,5,21,44,4,0,4,35,13,141,13,37,13,2,13,18,3,11,4,7,3,13,12,0,5,38,19,8,2,509,172,43,3,79,15,11,0,2,58,8,10,30,19
15,24,32,36,9,49,2,10,60,31,13,14,2,40,39,30,6,1,42,6,17,390,92,330,92,521,7251,14412,252,117,2,1027,20,13019,24,63,819,48,1241,36781,280,30,39,13732,39,1754,2964,487,14,18,0,0,0,1,1,0,0,3,0,0,6,2,1,1,3,1,1,0,0,6,1,103,4,24,1,253,397,552,6,0,285,14,3,1,13,886,27,2,1,40,13,3972,800,87,264,4,0,2,1,3
377,738,518,1219,128,73,93,64,24,6295,71,103,118,1550,1431,561,29,37,36,75,465,12301,177,10,40,138,35,1340,19978,12291,129,757,240,349,71,101,264,55,139,280,48760,10948,1441,219,296,1091,870,114,103,1908,3,4,5,3,3,6,1,0,0,1,5,0,0,1,12,1,22,0,18,2,0,4,5,2,3,4,4,0,2,4,5,1,9,5,1,3,79,41,15,4,21,15,7,1,0,17,1,2,2,4
33,156,50,448,16,31,37,72,21,5634,118,165,136,532,787,433,52,28,42,56,1060,1423,194,11,58,78,18,108,400,4596,112,833,359,71,72,101,233,54,105,30,10948,13679,2439,127,254,146,542,82,23,8923,1,1,1,0,2,4,0,0,0,2,13,0,0,0,3,3,18,1,11,1,0,5,3,2,2,1,1,1,0,5,3,4,5,7,2,1,88,24,4,1,14,1,5,0,2,6,0,1,8,5
51,90,23,2372,83,68,36,1991,374,3375,105,453,1591,4310,13353,11883,1009,2046,993,931,5099,1266,150,74,234,496,92,66,430,5847,18270,975,954,106,280,642,1228,815,567,39,1441,2439,52587,638,1876,71,350,368,149,12824,17,15,26,12,22,45,7,7,4,26,69,2,1,6,48,14,152,9,80,32,4,31,11,10,20,3,9,1,12,33,1,8,44,43,6,2,499,211,83,8,83,2,4,1,0,87,13,18,40,22
18,30,21,100,4,45,8,107,901,205,65,160,39,264,198,397,21,12,324,756,122,1911,2505,965,4541,18283,15707,349,91,236,267,11958,966,10043,99,664,381,7120,1082,13732,219,127,638,59490,2413,1615,6904,475,24,99,1,0,2,2,1,4,2,9,0,31,9,5,20,6,6,14,10,3,8,93,6,180,15,229,4,535,755,36,0,1,259,171,9,5,216,141,19,12,24,454,7,240,820,14,219,6,0,3,0,3
8,15,4,82,2,2,7,1295,451,242,37,99,514,1283,626,305,173,252,163,4501,437,366,516,101,2015,2514,1013,35,145,1202,554,3663,3372,210,24,119,69,5289,72,39,296,254,1876,2413,9942,53,736,30,32,508,0,0,2,1,1,1,22,9,1,65,4,4,13,19,3,11,14,5,13,424,0,28,16,231,6,4,145,1,1,6,4,151,3,3,106,3,48,3,8,86,0,1,39,0,4,4,0,0,1,4
44,53,57,82,12,7,7,66,64,344,162,168,29,79,88,45,16,7,25,71,49,5344,5736,9,84,297,148,13152,1329,335,14,575,69,2269,7,15,19,77,21,1754,1091,146,71,1615,53,10599,13241,16,3,72,0,0,0,0,0,0,0,0,0,2,0,0,0,0,0,1,1,0,1,1,0,8,0,2,0,16,22,12,0,0,26,7,1,0,3,46,9,2,1,8,1,109,62,1,15,3,1,0,0,0
47,76,63,78,10,17,6,96,199,1228,287,468,76,465,146,92,97,25,70,250,526,2426,5004,97,689,2096,1324,7415,421,1076,55,13802,2972,10799,23,81,58,771,97,2964,870,542,350,6904,736,13241,34590,69,9,496,0,0,3,1,1,0,0,1,0,4,3,2,3,1,5,5,3,1,4,24,3,62,4,47,1,216,188,47,1,1,164,35,2,0,51,193,13,9,7,86,1,350,430,14,111,3,1,2,4,2
25,153,68,2298,350,5762,1928,5,83,249,6,6,7,246,190,2996,3,4,17,22,74,115,15,525,212,50,650,110,92,120,109,45,15,70,2495,500,1873,49,11452,487,114,82,368,475,30,16,69,8727,1123,96,30,80,14,71,172,171,0,0,2,3,9,0,0,2,37,9,73,2,5,3,2,17,5,1,2,1,4,0,8,1,1,1,17,15,0,0,75,83,14,1,30,4,5,0,0,536,8,2,8,4
2469,592,460,1593,2997,2283,196,9,5,40,0,0,3,14945,1272,377,2,3,2,6,6,49,2,16,11,15,22,10,5648,913,15,28,10,11,151,30,70,9,167,14,103,23,149,24,32,3,9,1123,15886,17,2,2,1,11,4,10,0,0,0,0,0,0,0,0,3,0,9,0,0,0,0,0,0,0,0,0,1,0,0,1,1,0,5,1,1,0,5,9,4,1,1,1,0,0,0,24,0,1,2,0
6,23,14,200,12,19,14,127,21,5180,40,174,360,2261,5650,348,98,71,48,107,2659,855,118,13,74,132,29,37,204,4623,152,1200,590,44,79,81,415,45,175,18,1908,8923,12824,99,508,72,496,96,17,17913,2,2,5,2,0,2,1,2,0,1,11,0,0,0,4,3,27,1,12,1,0,3,4,0,6,0,3,0,2,9,0,3,5,8,2,0,152,29,14,1,16,0,0,0,0,6,1,0,6,4
1,7,482,61,2,67,22,0,2,3,0,0,0,13,9,48,1,0,1,0,1,5,0,3,0,0,1,0,5,1,7,0,0,0,12,6,0,0,11,0,3,1,17,1,0,0,0,30,2,2,37693,21754,2170,15836,17518,3241,5,12,3,8,185,3,4,8,17425,112,427,3,14,54,4,262,8,8,1,25,4,91,1084,8,14,31,852,58,62,16,109,344,29,87,91,3,22,39,13,347,8567,472,252,21
2,22,603,119,2,47,38,0,1,2,0,0,0,7,16,69,0,0,2,1,1,3,0,0,1,0,0,0,3,3,4,1,0,0,27,7,1,0,7,0,4,1,15,0,0,0,0,80,2,2,21754,86764,14270,17545,3263,11325,10,5,3,6,760,12,0,3,10340,163,437,0,11,17,4,1013,18,5,8,8,5,69,578,7,6,18,927,58,27,32,81,257,41,43,61,6,11,44,21,468,838,851,1309,73
0,6,2,32,0,7,8,0,4,10,0,1,0,7,5,34,1,3,2,5,5,4,0,1,2,0,0,0,1,2,1,0,1,0,5,17,4,0,13,0,5,1,26,2,2,0,3,14,1,5,2170,14270,32562,1117,1051,13536,106,72,25,47,1111,22,8,44,19092,5897,5365,14,75,235,23,602,83,24,18,65,19,50,535,35,21,97,1081,443,192,25,202,901,190,221,97,2,37,24,21,298,705,722,1639,214
359,21,2006,96,437,2640,95,0,0,1,0,0,0,17,6,45,0,0,0,0,2,3,0,0,0,0,0,3,7,2,2,0,0,0,20,0,2,0,9,1,3,0,12,2,1,0,1,71,11,2,15836,17545,1117,48690,19221,19759,0,2,0,2,198,3,2,0,658,35,48,1,0,6,2,387,2,1,1,4,2,54,251,0,1,2,372,10,4,18,25,121,10,4,547,2,6,24,5,432,262,409,331,19
4,46,92,253,6,253,114,0,1,5,0,0,1,29,22,89,1,0,1,1,0,5,0,0,1,0,1,0,5,2,7,0,0,0,41,6,3,0,13,1,3,2,22,1,1,0,1,172,4,0,17518,3263,1051,19221,27166,12894,0,2,1,5,158,10,4,1,1318,28,190,1,5,10,1,244,18,32,1,11,61,34,227,1,10,6,305,12,7,10,132,1016,28,25,915,33,70,13,5,5826,3036,248,214,22
6,39,67,240,4,65,331,0,1,7,0,0,2,45,22,140,1,0,6,2,2,15,1,2,1,0,1,0,6,7,23,0,0,0,44,14,5,0,28,0,6,4,45,4,1,0,0,171,10,2,3241,11325,13536,19759,12894,37799,20,19,6,29,1116,5,10,6,2532,120,5609,5,42,100,9,590,83,34,16,15,12,42,279,8,8,35,559,57,38,21,231,1942,123,110,570,3,36,28,12,1455,394,497,1084,161
0,0,0,2,0,1,0,67,238,5,0,8,57,2,0,6,1,0,10,111,4,4,5,7,37,1,5,0,0,2,3,3,35,0,3,10,29,4,2,0,1,0,7,2,22,0,0,0,0,1,5,10,106,0,0,20,4548,6105,81,528,52,95,101,4695,166,411,724,1043,131,3628,58,227,63,77,131,20,65,9,27,1123,27,1255,81,664,126,20,475,31,238,132,3,2,31,5,35,0,11,9,36,19
0,1,0,1,0,0,1,26,112,4,5,6,15,0,2,12,7,9,23,37,7,4,2,19,20,0,5,0,0,1,8,1,13,0,1,20,88,4,8,3,0,0,7,9,9,0,1,0,0,2,12,5,72,2,2,19,6105,16332,994,2827,303,717,284,1428,73,107,844,10094,575,3462,281,990,82,71,120,56,48,23,8,759,100,399,22,309,322,98,1802,33,104,159,8,3,91,22,137,1,7,12,19,32
0,0,0,1,0,0,0,3,3,7,2,2,4,0,1,10,3,4,15,2,10,3,1,5,0,0,0,0,0,1,3,0,2,0,0,14,5,0,5,0,0,0,4,0,1,0,0,2,0,0,3,3,25,0,1,6,81,994,2504,1604,394,539,33,52,16,24,866,2201,2296,151,107,182,29,13,89,7,7,5,1,983,5,34,11,123,20,5,326,40,60,16,11,0,12,3,16,1,1,9,27,14
0,0,0,1,0,0,1,163,667,10,3,20,116,1,4,23,14,7,59,370,21,14,9,44,140,2,30,0,1,3,14,13,139,2,2,47,254,16,21,0,1,2,26,31,65,2,4,3,0,1,8,6,47,2,5,29,528,2827,1604,37086,553,973,574,797,45,70,736,1051,4803,5363,844,1361,12951,4425,317,80,1440,26,9,184,133,578,38,132,128,89,9935,229,170,141,63,18,390,20,148,17,6,18,63,73
0,1,2,11,2,4,7,11,14,36,7,5,5,10,4,53,9,8,45,12,29,6,2,14,1,2,3,0,2,7,26,7,8,3,18,79,6,1,44,6,5,13,69,9,4,0,3,9,0,11,185,760,1111,198,158,1116,52,303,394,553,42088,4919,1581,85,570,770,2915,409,1542,184,7361,3961,199,69,1493,164,82,90,149,260,441,756,589,815,144,277,1087,1048,1274,151,350,28,229,92,682,192,44,13948,17034,9443
0,0,0,0,0,0,0,2,8,2,1,1,2,0,2,4,4,1,5,4,3,0,0,0,4,1,3,0,0,0,0,2,2,0,0,3,4,2,4,2,0,0,2,5,4,0,2,0,0,0,3,12,22,3,10,5,95,717,539,973,4919,9288,4694,512,20,78,249,1069,624,223,9731,6758,67,98,766,44,79,22,13,221,79,693,38,59,42,50,258,49,440,68,10,13,129,45,196,6,4,30,164,423
0,0,0,0,0,0,0,2,13,0,0,2,3,0,1,0,0,0,3,34,1,0,2,0,23,3,11,0,0,1,1,4,15,3,0,2,6,8,0,1,0,0,1,20,13,0,3,0,0,0,4,0,8,2,4,10,101,284,33,574,1581,4694,11777,8117,24,104,87,3093,111,813,8656,8237,70,472,857,112,210,34,4,328,269,7328,42,107,287,125,175,25,516,152,13,11,229,39,477,3,3,10,78,245
0,0,0,0,0,0,0,15,72,3,0,3,15,1,1,4,1,3,9,58,5,3,3,6,48,2,12,0,1,3,1,4,28,0,0,12,10,3,4,1,1,0,6,6,19,0,1,2,0,0,8,3,44,0,1,6,4695,1428,52,797,85,512,8117,11370,113,343,374,11260,80,931,1930,764,79,300,529,90,133,15,8,884,133,5606,77,527,348,54,364,25,502,49,8,2,75,8,116,0,3,7,25,89
4,8,16,59,3,21,10,3,13,8,1,0,2,18,18,83,0,1,4,5,8,6,0,0,6,3,7,0,5,7,13,4,2,1,27,21,3,5,35,3,12,3,48,6,3,0,5,37,3,4,17425,10340,19092,658,1318,2532,166,73,16,45,570,20,24,113,49481,11870,2206,22,51,442,18,795,40,49,26,326,55,182,7834,62,155,488,13380,1689,861,97,432,616,499,673,210,17,99,90,75,641,11866,1238,1563,300
1,1,0,7,0,1,2,5,7,5,0,1,3,2,5,30,1,2,8,8,4,5,2,5,7,8,5,0,2,7,12,5,6,0,13,16,1,8,13,1,1,3,14,14,11,1,5,9,0,3,112,163,5897,35,28,120,411,107,24,70,770,78,104,343,11870,46562,7246,69,87,644,96,587,38,133,187,578,89,63,425,188,470,1504,8404,11717,1784,202,437,258,13949,641,157,13,138,27,223,48,142,413,4317,3336
2,19,10,74,7,21,16,6,21,51,3,13,8,44,28,214,7,2,42,46,40,27,4,10,22,3,6,2,10,30,67,6,11,4,57,124,15,8,141,1,22,18,152,10,14,1,3,73,9,27,427,437,5365,48,190,5609,724,844,866,736,2915,249,87,374,2206,7246,40061,508,7550,1557,152,759,457,225,473,151,76,44,238,9702,77,541,1000,11217,735,54,1278,8242,2138,621,385,10,156,24,50,657,178,491,1557,648
0,0,0,1,0,0,0,23,47,8,4,4,5,1,0,12,14,17,55,9,23,6,1,12,8,1,1,0,0,0,10,4,2,3,2,39,57,4,13,0,0,1,9,3,5,0,1,2,0,1,3,0,14,1,1,5,1043,10094,2201,1051,409,1069,3093,11260,22,69,508,6845,570,300,6943,1083,133,63,2030,52,39,9,4,2271,83,1241,23,332,156,31,1483,37,356,41,14,7,43,10,105,2,1,8,26,74
0,1,0,1,2,0,0,15,43,57,5,3,11,6,5,67,13,12,81,24,54,10,2,21,18,2,4,1,2,14,44,2,7,2,6,87,22,6,37,0,18,11,80,8,13,1,4,5,0,12,14,11,75,0,5,42,131,575,2296,4803,1542,624,111,80,51,87,7550,570,10136,1564,355,360,3087,514,488,53,88,3,26,1685,31,155,153,228,63,14,1366,2627,432,230,81,4,169,3,28,16,5,69,281,212
0,0,0,2,0,0,0,145,709,17,0,36,155,0,4,16,6,6,36,683,16,35,48,24,531,25,100,0,1,10,13,47,332,3,6,35,43,120,13,6,2,1,32,93,424,1,24,3,0,1,54,17,235,6,10,100,3628,3462,151,5363,184,223,813,931,442,644,1557,300,1564,21393,133,894,782,3619,127,159,953,26,63,423,158,4359,234,724,1926,76,1028,240,364,2639,24,10,1746,29,105,11,40,36,145,109
0,0,0,0,0,0,0,6,12,2,0,0,2,0,0,6,3,3,15,2,6,1,0,7,2,1,6,0,0,1,3,0,0,1,2,11,13,1,2,1,0,0,4,6,0,0,3,2,0,0,4,4,23,2,1,9,58,281,107,844,7361,9731,8656,1930,18,96,152,6943,355,133,15463,2623,176,70,11489,98,70,38,8,1442,296,1090,65,162,82,128,678,88,3240,44,43,9,111,41,397,4,0,43,309,6521
2,2,7,20,2,2,2,3,19,12,1,1,2,11,8,31,2,3,11,16,12,13,15,6,41,80,44,14,4,6,7,89,10,86,11,17,6,21,13,103,4,5,31,180,28,8,62,17,0,3,262,1013,602,387,244,590,227,990,182,1361,3961,6758,8237,764,795,587,759,1083,360,894,2623,35489,193,1468,734,1953,2222,3806,2579,222,1726,8796,1469,298,755,2849,415,363,908,2015,230,770,5527,8723,13528,132,131,3529,2220,962
0,0,0,3,0,1,0,23,73,14,1,3,12,3,2,16,8,8,41,63,24,5,9,16,33,10,19,0,3,0,5,2,21,2,8,30,25,7,18,4,5,3,11,15,16,0,4,5,0,4,8,18,83,2,18,83,63,82,29,12951,199,67,70,79,40,38,457,133,3087,782,176,193,8489,4442,173,101,1103,27,10,36,73,293,35,51,62,33,8766,3288,107,209,1420,148,794,3,67,102,4,10,51,44
0,0,0,1,0,0,1,17,155,4,1,10,30,7,1,6,2,0,11,269,4,13,26,12,319,54,183,5,0,3,6,66,108,17,1,13,14,109,3,24,2,2,10,229,231,2,47,1,0,0,8,5,24,1,32,34,77,71,13,4425,69,98,472,300,49,133,225,63,514,3619,70,1468,4442,13877,67,416,9478,121,14,36,372,2470,70,68,718,178,926,600,157,563,638,1084,2660,38,394,196,25,6,48,79
0,0,0,0,0,1,0,12,17,15,4,4,2,3,1,16,6,12,51,4,23,6,1,16,6,1,2,0,1,3,9,1,4,0,3,33,12,6,11,1,3,2,20,4,6,0,1,2,0,6,1,8,18,1,1,16,131,120,89,317,1493,766,857,529,26,187,473,2030,488,127,11489,734,173,67,10227,69,40,23,9,5379,208,819,65,1641,93,68,1065,224,8972,46,48,6,55,9,178,6,2,16,194,1412
0,0,2,1,0,0,0,1,4,3,0,0,0,0,1,3,0,0,2,7,2,15,15,1,16,244,86,18,6,1,1,249,3,234,0,1,2,5,4,253,4,1,3,535,4,16,216,1,0,0,25,8,65,4,11,15,20,56,7,80,164,44,112,90,326,578,151,52,53,159,98,1953,101,416,69,37965,2411,513,68,50,18908,2815,566,128,6123,11568,169,98,463,15503,175,403,12783,202,1798,71,52,63,254,230
0,0,0,2,0,0,0,6,71,4,0,8,13,6,1,4,0,1,6,69,2,15,68,26,205,249,453,62,2,6,5,285,77,125,4,16,9,132,7,397,4,1,9,755,145,22,188,4,1,3,4,5,19,2,61,12,65,48,7,1440,82,79,210,133,55,89,76,39,88,953,70,2222,1103,9478,40,2411,15487,1188,48,21,1386,2101,67,46,887,863,1604,353,113,1675,980,9410,12835,118,1748,271,28,23,50,68
0,1,0,3,0,1,0,0,0,1,0,0,0,0,0,0,0,0,0,1,0,4,0,0,0,9,21,351,0,0,0,9,0,119,1,2,2,0,3,552,0,1,1,36,1,12,47,0,0,0,91,69,50,54,34,42,9,23,5,26,90,22,34,15,182,63,44,9,3,26,38,3806,27,121,23,513,1188,60401,3425,0,304,93,857,10,78,14781,215,25,54,170,139,18761,1943,18766,3224,37,60,1252,235,50
1,2,7,10,0,5,3,0,0,2,0,0,0,5,0,13,1,0,3,0,2,1,0,0,0,1,1,0,3,3,3,2,0,0,12,8,1,2,13,6,2,0,12,0,1,0,1,8,0,2,1084,578,535,251,227,279,27,8,1,9,149,13,4,8,7834,425,238,4,26,63,8,2579,10,14,9,68,48,3425,129813,7,45,101,44678,129,131,223,118,128,124,114,54,122,49,787,98,125,19159,21211,1166,126
0,0,0,0,0,0,0,6,14,19,1,1,2,0,2,29,3,2,22,5,16,6,0,6,4,1,0,0,0,4,14,2,3,0,8,21,8,0,12,0,4,5,33,1,6,0,1,1,1,9,8,7,35,0,1,8,1123,759,983,184,260,221,328,884,62,188,9702,2271,1685,423,1442,222,36,36,5379,50,21,0,7,3490,42,568,52,3834,422,15,366,129,633,97,28,2,27,3,40,2,4,15,71,69
0,2,0,4,0,0,0,0,5,1,0,0,0,1,1,2,1,0,0,2,1,12,3,2,6,116,36,13,1,3,1,141,3,263,0,0,0,4,0,285,5,3,1,259,4,26,164,1,1,0,14,6,21,1,10,8,27,100,5,133,441,79,269,133,155,470,77,83,31,158,296,1726,73,372,208,18908,1386,304,45,42,21890,4662,460,95,5523,10613,99,52,743,1609,110,486,3552,475,13491,37,21,52,364,444
0,0,0,3,0,0,0,9,84,8,1,10,24,5,3,6,3,0,9,190,3,8,24,10,193,60,101,2,1,1,7,66,68,18,3,9,0,83,5,14,1,4,8,171,151,7,35,1,0,3,31,18,97,2,6,35,1255,399,34,578,756,693,7328,5606,488,1504,541,1241,155,4359,1090,8796,293,2470,819,2815,2101,93,101,568,4662,33676,926,773,14768,580,240,128,2028,2322,52,54,3044,86,7119,16,54,66,462,783
1,6,13,25,3,7,8,4,5,20,1,1,0,13,12,60,1,2,20,2,13,8,0,2,5,1,4,2,8,9,25,4,0,2,27,32,7,3,38,3,9,5,44,9,3,1,2,17,5,5,852,927,1081,372,305,559,81,22,11,38,589,38,42,77,13380,8404,1000,23,153,234,65,1469,35,70,65,566,67,857,44678,52,460,926,70932,835,1015,370,727,551,1817,565,275,35,137,324,249,183,5261,9345,26469,2321
0,1,0,13,0,4,3,3,14,13,1,1,3,17,9,68,1,2,24,15,13,9,0,4,16,2,3,0,3,8,29,0,4,1,10,29,4,8,19,1,5,7,43,5,3,0,0,15,1,8,58,58,443,10,12,57,664,309,123,132,815,59,107,527,1689,11717,11217,332,228,724,162,298,51,68,1641,128,46,10,129,3834,95,773,835,20358,873,39,604,285,13105,316,183,5,51,3,48,33,77,129,594,245
0,0,0,1,0,0,0,6,38,5,0,0,6,3,1,8,0,0,8,36,3,9,25,6,123,56,136,0,0,3,3,59,25,16,0,6,2,81,8,13,1,2,6,216,106,3,51,0,1,2,62,27,192,4,7,38,126,322,20,128,144,42,287,348,861,1784,735,156,63,1926,82,755,62,718,93,6123,887,78,131,422,5523,14768,1015,873,13812,573,85,50,980,2915,35,34,928,39,490,11,93,78,295,229
1,0,2,1,1,0,0,0,2,1,0,1,0,2,0,1,0,0,0,2,0,10,6,0,9,49,41,82,3,2,1,53,1,454,0,1,0,4,2,886,3,1,2,141,3,46,193,0,0,0,16,32,25,18,10,21,20,98,5,89,277,50,125,54,97,202,54,31,14,76,128,2849,33,178,68,11568,863,14781,223,15,10613,580,370,39,573,47864,87,34,251,1182,66,5545,6887,13232,8080,17,22,190,264,250
0,4,2,35,3,13,6,327,1552,301,34,81,239,45,28,353,109,61,451,419,422,83,20,230,130,9,32,11,23,88,247,25,193,8,83,668,1596,14,509,27,79,88,499,19,48,9,13,75,5,152,109,81,202,25,132,231,475,1802,326,9935,1087,258,175,364,432,437,1278,1483,1366,1028,678,415,8766,926,1065,169,1604,215,118,366,99,240,727,604,85,87,2816,4775,1861,134,4350,1446,841,22,96,1455,112,208,692,659
2,20,3,104,4,37,26,6,17,74,4,4,6,69,41,314,5,3,57,7,65,41,2,12,3,3,4,3,16,48,75,6,10,1,83,166,20,6,172,2,41,24,211,12,3,2,9,83,9,29,344,257,901,121,1016,1942,31,33,40,229,1048,49,25,25,616,258,8242,37,2627,240,88,363,3288,600,224,98,353,25,128,129,52,128,551,285,50,34,4775,21396,800,235,9459,109,477,10,47,8343,190,223,622,369
0,3,1,12,0,6,4,4,9,38,3,6,0,12,6,108,1,7,34,10,30,11,0,7,12,3,7,1,4,14,27,3,5,2,26,74,10,6,43,1,15,4,83,24,8,1,7,14,4,14,29,41,190,10,28,123,238,104,60,170,1274,440,516,502,499,13949,2138,356,432,364,3240,908,107,157,8972,463,113,54,124,633,743,2028,1817,13105,980,251,1861,800,52662,404,619,12,191,27,382,147,30,243,3642,14078
1,0,0,2,0,2,1,3,22,2,1,4,1,3,2,5,0,1,3,33,4,16,31,7,102,156,225,4,1,3,6,176,19,49,0,8,4,73,3,40,4,1,8,454,86,8,86,1,1,1,87,43,221,4,25,110,132,159,16,141,151,68,152,49,673,641,621,41,230,2639,44,2015,209,563,46,15503,1675,170,114,97,1609,2322,565,316,2915,1182,134,235,404,23335,169,135,12313,97,977,76,82,73,194,120
0,4,2,24,3,9,6,2,5,26,2,2,1,30,15,123,2,2,17,11,21,16,1,4,3,0,3,7,5,24,40,3,1,7,31,72,5,1,79,13,21,14,83,7,0,1,1,30,1,16,91,61,97,547,915,570,3,8,11,63,350,10,13,8,210,157,385,14,81,24,43,230,1420,638,48,175,980,139,54,28,110,52,275,183,35,66,4350,9459,619,169,22057,739,983,7,76,11175,213,88,271,267
0,3,2,0,0,2,0,2,2,0,1,0,1,1,2,0,0,0,0,1,0,26,0,2,1,31,194,922,16,10,0,82,0,877,1,1,12,0,15,3972,15,1,2,240,1,109,350,4,1,0,3,6,2,2,33,3,2,3,0,18,28,13,11,2,17,13,10,7,4,10,9,770,148,1084,6,403,9410,18761,122,2,486,54,35,5,34,5545,1446,109,12,135,739,51423,13181,668,737,106,10,56,26,14
0,0,1,2,0,0,0,4,21,0,3,2,4,5,4,1,0,0,6,19,1,41,38,8,59,309,213,73,3,6,2,295,19,635,1,8,1,44,11,800,7,5,4,820,39,62,430,5,0,0,22,11,37,6,70,36,31,91,12,390,229,129,229,75,99,138,156,43,169,1746,111,5527,794,2660,55,12783,12835,1943,49,27,3552,3044,137,51,928,6887,841,477,191,12313,983,13181,46492,605,3665,364,52,38,130,134
0,0,0,1,0,0,0,0,1,0,0,0,0,0,0,1,0,0,0,1,1,0,0,0,1,3,5,11,0,0,0,6,0,34,0,0,1,0,0,87,1,0,1,14,0,1,14,0,0,0,39,44,24,24,13,28,5,22,3,20,92,45,39,8,90,27,24,10,3,29,41,8723,3,38,9,202,118,18766,787,3,475,86,324,3,39,13232,22,10,27,97,7,668,605,20097,12292,4,20,493,130,37
1,0,1,0,0,0,0,0,0,3,0,1,1,0,1,1,0,0,1,4,0,18,3,1,8,91,37,18,1,0,0,82,2,174,0,1,2,3,2,264,0,2,0,219,4,15,111,0,0,0,13,21,21,5,5,12,35,137,16,148,682,196,477,116,75,223,50,105,28,105,397,13528,67,394,178,1798,1748,3224,98,40,13491,7119,249,48,490,8080,96,47,382,977,76,737,3665,12292,23898,22,8,111,306,381
14,131,38,765,20,231,282,0,3,16,1,0,1,97,66,399,0,0,2,3,2,16,0,2,1,1,3,0,4,8,16,2,0,1,154,30,14,1,58,4,17,6,87,6,4,3,3,536,24,6,347,468,298,432,5826,1455,0,1,1,17,192,6,3,0,641,48,657,2,16,11,4,132,102,196,6,71,271,37,125,2,37,16,183,33,11,17,1455,8343,147,76,11175,106,364,4,22,11848,1258,78,180,62
0,2,4,22,0,12,7,0,0,1,0,0,0,6,4,21,0,0,2,0,0,1,0,0,1,0,0,0,0,1,6,1,0,0,8,4,0,0,8,0,1,0,13,0,0,1,1,8,0,1,8567,838,705,262,3036,394,11,7,1,6,44,4,3,3,11866,142,178,1,5,40,0,131,4,25,2,52,28,60,19159,4,21,54,5261,77,93,22,112,190,30,82,213,10,52,20,8,1258,50557,624,153,8
0,1,9,8,2,1,0,1,1,1,0,0,1,7,2,15,1,0,3,1,3,2,0,0,2,2,3,0,0,4,5,2,0,0,9,10,1,2,10,2,2,1,18,3,0,0,2,2,1,0,472,851,722,409,248,497,9,12,9,18,13948,30,10,7,1238,413,491,8,69,36,43,3529,10,6,16,63,23,1252,21211,15,52,66,9345,129,78,190,208,223,243,73,88,56,38,493,111,78,624,64260,8398,464
0,2,3,16,0,4,3,3,5,15,0,6,1,4,5,61,4,4,16,3,13,7,0,9,3,1,3,0,2,5,14,3,0,1,10,43,6,0,30,1,2,8,40,0,1,0,4,8,2,6,252,1309,1639,331,214,1084,36,19,27,63,17034,164,78,25,1563,4317,1557,26,281,145,309,2220,51,48,194,254,50,235,1166,71,364,462,26469,594,295,264,692,622,3642,194,271,26,130,130,306,180,153,8398,43931,9611
0,0,0,6,1,0,1,3,6,14,0,0,3,7,0,23,0,1,13,1,14,7,1,3,1,0,4,0,1,3,10,4,0,2,5,25,7,1,19,3,4,5,22,3,4,0,2,4,0,4,21,73,214,19,22,161,19,32,14,73,9443,423,245,89,300,3336,648,74,212,109,6521,962,44,79,1412,230,68,50,126,69,444,783,2321,245,229,250,659,369,14078,120,267,14,134,37,381,62,8,464,9611,10641
