15865,8362,11809,3203,9866,5433,233,1,1,33,0,0,0,17570,1010,197,0,0,0,4,0,389,1,0,0,2,2,10,274,292,12,2,2,2,20,2,19,0,9,1,209,177,44,0,1,3,5,26,1500,2,0,1,1,168,3,15,0,0,0,0,1,0,0,0,2,0,6,0,0,0,0,1,0,0,0,0,0,0,1,0,0,0,0,2,0,0,2,3,0,0,2,0,0,0,0,15,2,0,0,1
8362,26832,10790,16785,920,794,979,0,2,90,2,0,3,6816,4911,130,0,1,2,3,0,602,0,1,0,2,1,6,133,318,21,3,0,1,55,5,42,1,29,0,277,248,26,0,2,3,5,72,186,4,7,10,7,32,19,32,0,0,0,0,0,0,0,0,10,0,12,0,2,0,0,1,1,1,0,0,0,0,4,0,0,0,3,2,0,0,8,14,0,0,2,0,0,0,0,119,2,0,1,0
11809,10790,41326,6280,5224,7309,9105,1,1,76,2,0,5,1192,141,47,0,1,6,2,0,1332,2,2,1,1,2,29,281,670,10,11,3,8,9,5,44,0,36,5,672,534,17,3,5,16,11,43,237,3,3,3,1,915,9,422,0,0,0,0,0,0,0,0,1,0,10,0,1,0,0,0,0,0,0,0,0,0,0,1,0,0,0,2,0,0,4,6,0,0,1,0,0,0,0,33,1,0,0,1
3203,16785,6280,48094,2133,4227,7270,15,14,598,8,3,10,7416,17644,6280,1,18,13,43,15,801,11,18,20,27,14,29,399,792,478,30,5,6,491,37,303,31,241,2,425,363,1995,36,38,6,15,1304,678,65,44,47,16,128,137,218,0,0,0,1,4,0,0,0,32,4,40,1,4,0,0,4,2,0,1,0,0,0,2,3,0,0,8,17,0,0,29,40,5,1,17,0,1,1,0,610,16,4,3,1
9866,920,5224,2133,9298,24150,346,0,1,32,0,0,0,4367,706,215,0,3,0,1,2,107,2,7,1,2,4,3,111,98,17,5,2,0,43,5,30,1,41,3,42,24,42,1,2,0,0,626,1405,4,1,2,2,284,6,22,0,0,0,0,2,0,0,0,5,0,6,0,1,0,0,0,0,0,0,0,0,0,0,0,0,0,0,1,0,0,6,1,0,0,0,0,0,0,0,21,1,1,1,0
5433,794,7309,4227,24150,26331,20440,1,3,44,2,0,1,973,415,611,1,0,3,2,1,239,0,45,2,4,12,3,50,114,21,5,0,2,295,12,88,0,1101,15,104,82,30,10,0,2,3,3110,2000,7,15,8,4,1952,238,138,0,0,0,0,0,0,0,0,8,1,8,0,0,0,0,2,0,0,0,0,0,0,4,0,0,0,0,3,0,0,6,6,0,0,1,0,0,0,0,104,6,1,0,0
233,979,9105,7270,346,20440,14595,0,0,75,0,0,0,93,372,2260,0,2,1,2,4,120,1,11,3,0,1,0,23,44,17,0,0,0,1412,2,104,1,1413,1,47,49,15,4,0,0,0,2278,84,5,9,35,8,786,193,1246,0,0,0,0,0,0,0,0,11,2,18,0,2,0,0,2,1,0,0,0,0,0,1,0,0,0,1,3,0,0,5,14,3,0,4,0,0,0,0,297,5,3,1,0
1,0,1,15,0,1,0,25587,4265,78,1858,291,7765,109,485,150,4175,10310,472,4192,273,2422,581,198,74,91,110,2,8,136,579,72,340,10,9,34,1571,121,19,2,13,43,401,50,416,8,33,1,3,56,0,0,0,0,0,1,56,23,3,129,8,4,2,11,2,1,5,14,15,111,4,1,15,28,9,0,17,0,1,4,0,15,0,1,11,0,157,1,0,0,0,0,1,0,1,0,0,0,0,0
1,2,1,14,1,3,0,4265,51002,80,737,446,1301,12,41,748,565,158,5929,5000,339,1935,711,13000,4760,122,5430,17,5,11,286,230,656,39,236,2020,7889,141,846,125,7,16,127,769,238,26,149,40,5,17,0,0,2,0,0,2,110,41,7,301,19,8,9,40,4,3,23,24,31,328,4,6,37,91,16,1,84,0,1,12,2,73,3,9,30,2,360,7,10,8,1,5,11,1,4,3,1,2,4,6
33,90,76,598,32,44,75,78,80,34072,4149,3111,469,111,2269,1514,279,85,259,162,6226,5661,878,115,83,110,35,14,148,91,975,1012,1195,25,378,559,1239,70,970,15,15893,19876,2828,113,213,120,591,409,36,6914,4,2,3,0,6,13,1,7,4,7,26,3,0,0,15,6,55,9,21,6,2,9,7,0,7,2,5,0,5,14,0,3,19,13,2,2,120,61,29,2,22,1,3,0,0,19,5,4,17,9
0,2,2,8,0,2,0,1858,737,4149,2178,11010,694,6,22,885,1101,605,1080,289,4566,846,1528,94,62,22,24,3,5,17,141,135,667,8,86,371,373,38,228,4,31,114,225,54,43,53,261,19,1,52,1,0,0,0,0,0,0,9,3,12,10,0,1,1,2,1,8,2,24,10,3,2,14,1,8,0,2,0,0,6,0,0,7,0,2,0,31,10,7,2,5,0,1,0,0,1,0,1,5,2
0,0,0,3,0,0,0,291,446,3111,11010,21662,8675,9,8,74,8621,191,242,747,8555,1412,6848,54,586,19,122,3,8,90,43,165,8005,4,12,92,222,135,37,7,18,316,580,138,233,17,334,1,0,187,0,1,0,0,0,0,1,0,2,11,3,0,0,0,0,1,3,7,5,25,0,1,6,7,1,0,8,0,0,2,1,8,0,2,5,1,20,0,0,2,1,0,0,0,0,0,0,0,0,0
0,3,5,10,0,1,0,7765,1301,469,694,8675,23618,356,537,52,11050,2998,75,3297,1001,795,437,46,370,119,192,6,63,1130,409,1122,5567,12,9,50,700,44,34,3,83,628,1572,38,1998,4,51,2,6,919,0,0,3,0,0,0,29,8,0,83,2,1,2,12,1,0,6,0,9,120,1,0,6,32,0,0,26,0,0,2,0,42,2,8,10,0,91,6,1,3,4,0,4,0,0,2,0,1,3,0
17570,6816,1192,7416,4367,973,93,109,12,111,6,9,356,61861,19822,914,10,106,7,98,28,402,34,16,16,202,21,51,4856,31728,226,644,121,36,104,24,136,23,90,8,964,469,943,46,322,30,68,158,18632,8831,6,9,9,7,15,21,0,0,1,2,6,0,0,0,6,3,36,1,6,1,1,2,1,1,2,0,0,0,2,0,0,1,3,11,1,1,16,27,4,1,9,0,1,0,1,69,5,1,2,0
1010,4911,141,17644,706,415,372,485,41,2269,22,8,537,19822,33118,1292,17,387,60,410,44,2211,85,15,29,356,33,41,613,3298,1180,489,133,27,163,44,140,113,156,16,1481,1871,17222,112,767,21,63,222,624,10757,7,12,12,5,30,25,0,0,0,0,2,0,1,0,16,3,53,0,5,3,0,1,2,1,0,0,2,0,4,3,0,3,7,7,3,1,18,44,5,2,18,0,1,0,0,116,7,2,5,0
197,130,47,6280,215,611,2260,150,748,1514,885,74,52,914,1292,24004,112,623,2146,587,495,672,75,383,249,110,87,8,115,466,10086,79,83,14,5474,5942,1328,142,1587,9,261,335,6577,216,101,5,18,3512,203,125,35,46,23,23,97,113,5,2,7,14,43,1,2,1,61,10,175,7,56,6,3,12,11,3,17,0,3,3,10,18,1,5,41,49,3,0,192,151,49,1,61,0,1,1,0,390,20,8,35,27
0,0,0,1,0,1,0,4175,565,279,1101,8621,11050,10,17,112,13459,2977,307,117,9158,450,353,146,54,4,16,0,4,39,794,84,619,1,22,76,485,11,56,2,5,64,865,13,41,11,34,3,1,82,0,0,0,0,1,0,0,8,1,14,10,3,0,0,0,3,2,12,11,5,5,4,6,3,5,0,0,0,1,10,0,4,2,3,0,0,30,2,2,0,1,0,0,0,0,0,0,1,4,1
0,1,1,18,3,0,2,10310,158,85,605,191,2998,106,387,623,2977,6742,479,1092,460,241,90,98,20,90,8,0,15,202,4034,103,216,7,16,96,427,67,45,3,23,51,2280,19,503,2,16,2,0,164,1,0,0,0,0,0,2,6,3,24,5,2,0,3,0,1,13,12,15,4,0,2,8,1,9,0,1,0,0,10,0,1,5,1,1,0,35,5,4,1,3,0,0,0,0,0,0,1,3,3
0,2,6,13,0,3,1,472,5929,259,1080,242,75,7,60,2146,307,479,5811,986,665,357,110,2386,550,71,199,5,4,25,653,51,105,7,57,4351,1193,101,362,9,12,39,495,214,58,6,33,9,1,22,0,0,4,1,0,4,6,28,10,37,19,4,2,3,4,4,43,26,55,18,5,6,15,5,22,1,5,3,2,25,1,6,15,6,1,0,127,25,10,6,11,0,3,0,0,2,0,6,17,9
4,3,2,43,1,2,2,4192,5000,162,289,747,3297,98,410,587,117,1092,986,18855,170,2211,2106,222,3202,326,1194,13,20,178,670,351,3096,32,74,358,875,2750,141,12,26,107,423,703,4532,17,150,8,3,108,0,1,4,0,1,2,106,30,2,278,7,2,28,71,7,12,32,15,26,627,1,15,55,260,3,3,194,0,0,11,1,216,3,14,93,3,155,10,9,24,5,1,22,0,4,1,2,0,4,3
0,0,0,15,2,1,4,273,339,6226,4566,8555,1001,28,44,495,9158,460,665,170,17522,327,552,159,101,32,30,2,12,151,745,625,1193,7,96,363,1150,36,327,2,79,1186,8208,35,128,9,166,43,2,4110,0,0,0,0,1,1,0,8,2,19,24,1,0,1,5,4,20,17,33,6,2,4,11,3,10,0,1,0,3,15,0,0,3,5,1,0,83,12,4,0,9,0,0,0,0,1,1,2,11,6
389,602,1332,801,107,239,120,2422,1935,5661,846,1412,795,402,2211,672,450,241,357,2211,327,18408,4748,131,574,834,588,3662,5858,1035,475,990,497,1110,154,148,510,487,323,1015,17312,1218,736,2032,463,5047,2578,200,205,463,6,2,6,4,7,18,7,6,0,21,11,0,2,6,16,3,46,1,10,28,0,15,8,14,3,19,32,5,2,6,12,8,15,24,16,36,66,40,9,21,26,75,61,5,13,59,3,3,12,8
1,0,2,11,2,0,1,581,711,878,1528,6848,437,34,85,75,353,90,110,2106,552,4748,16180,143,1637,1564,1529,700,24,81,135,1245,5402,338,14,74,95,1703,65,306,38,172,184,4225,1266,4149,12887,20,1,88,0,0,0,0,0,0,2,4,1,17,0,0,1,8,0,3,7,0,2,40,1,11,4,28,0,17,70,0,0,0,5,36,4,1,40,9,8,1,3,28,1,24,49,2,16,0,0,0,0,0
0,1,2,18,7,45,11,198,13000,115,94,54,46,16,15,383,146,98,2386,222,159,131,143,8558,1765,152,3736,110,3,14,64,178,99,104,393,2302,5301,101,10213,579,13,27,149,1441,74,25,130,853,41,15,0,0,1,1,2,1,2,6,3,14,9,0,1,0,1,0,4,10,11,28,1,3,9,11,6,1,19,0,0,7,0,17,4,3,8,3,74,8,1,6,4,8,3,3,2,8,0,0,9,1
0,0,1,20,1,2,3,74,4760,83,62,586,370,16,29,249,54,20,550,3202,101,574,1637,1765,6318,274,8449,22,5,72,92,524,2405,57,126,636,368,443,541,114,9,66,80,2125,1309,23,311,70,8,40,0,0,2,0,1,1,19,7,1,72,0,2,20,22,1,6,11,1,8,322,0,12,21,177,3,8,139,0,1,2,5,166,3,3,101,0,18,4,3,23,1,4,29,0,9,1,0,1,3,6
2,2,1,27,2,4,0,91,122,110,22,19,119,202,356,110,4,90,71,326,32,834,1564,152,274,32280,1219,189,37,346,298,8199,266,5182,18,80,51,5130,86,456,45,118,339,12049,4243,340,1484,21,7,85,0,0,1,0,0,1,0,0,0,3,4,0,1,0,0,0,1,0,0,8,0,27,1,20,1,59,151,3,0,3,22,21,0,1,22,16,1,1,1,77,0,34,104,3,39,1,2,0,2,1
2,1,2,14,4,12,1,110,5430,35,24,122,192,21,33,87,16,8,199,1194,30,588,1529,3736,8449,1219,24253,1168,17,37,46,2118,752,611,74,363,1384,927,1116,7735,11,27,39,18219,1228,204,1237,259,16,17,0,1,0,1,3,1,2,1,0,21,0,2,2,5,4,1,2,1,3,47,0,10,0,46,1,40,179,12,1,1,11,36,0,2,50,31,10,0,2,72,0,134,90,7,21,6,2,0,1,0
10,6,29,29,3,3,0,2,17,14,3,3,6,51,41,8,0,0,5,13,2,3662,700,110,22,189,1168,64370,896,238,5,661,16,10613,4,4,225,23,237,19595,575,80,15,755,16,26053,7788,101,18,2,0,1,0,0,2,0,0,0,0,0,0,0,0,0,1,1,1,0,0,0,0,2,0,0,0,16,39,117,0,0,8,2,1,0,0,130,1,0,2,6,0,636,46,23,20,2,0,0,0,0
274,133,281,399,111,50,23,8,5,148,5,8,63,4856,613,115,4,15,4,20,12,5858,24,3,5,37,17,896,87962,13090,59,152,35,45,24,19,65,8,55,133,21158,460,122,29,46,474,89,37,9168,41,2,2,1,2,1,2,0,1,0,0,0,0,0,1,3,3,22,0,2,0,0,1,0,1,0,0,1,1,0,1,0,0,4,7,0,0,11,9,3,0,3,2,0,0,0,10,0,0,1,0
292,318,670,792,98,114,44,136,11,91,17,90,1130,31728,3298,466,39,202,25,178,151,1035,81,14,72,346,37,238,13090,77367,335,1990,606,65,92,48,300,60,243,33,13110,16032,1750,83,735,86,241,145,1952,3975,5,5,3,1,4,13,1,0,1,3,4,0,0,0,5,5,38,1,6,2,0,2,0,0,2,0,2,0,1,8,0,3,11,13,2,0,51,38,5,1,11,1,1,0,0,28,4,3,4,1
12,21,10,478,17,21,17,579,286,975,141,43,409,226,1180,10086,794,4034,653,670,745,475,135,64,92,298,46,5,59,335,22474,198,113,20,316,482,740,442,423,9,157,269,17648,256,452,6,45,287,34,222,3,3,9,2,4,21,1,0,1,17,26,1,1,1,13,8,117,1,19,14,1,7,7,8,0,1,5,0,3,10,1,2,34,35,7,1,115,78,29,1,41,0,3,1,0,50,6,8,24,8
2,3,11,30,5,5,0,72,230,1012,135,165,1122,644,489,79,84,103,51,351,625,990,1245,178,524,8199,2118,661,152,1990,198,31763,6993,5340,13,61,87,1870,107,867,230,1229,543,6874,4897,621,14452,45,24,883,0,0,0,0,0,1,0,0,0,2,5,0,0,3,2,6,5,1,0,10,0,32,4,35,0,77,176,4,0,0,48,26,4,1,44,39,10,0,3,111,0,135,197,8,52,1,1,1,1,1
2,0,3,5,2,0,0,340,656,1195,667,8005,5567,121,133,83,619,216,105,3096,1193,497,5402,99,2405,266,752,16,35,606,113,6993,20529,48,22,98,186,1461,57,12,70,726,614,1048,5314,73,2963,5,5,544,1,0,0,0,0,0,13,5,0,42,2,1,10,11,2,3,8,2,8,164,0,7,9,95,3,1,55,1,0,1,1,75,1,4,49,1,25,0,2,18,1,0,10,1,3,0,0,0,2,0
2,1,8,6,0,2,0,10,39,25,8,4,12,36,27,14,1,7,7,32,7,1110,338,104,57,5182,611,10613,45,65,20,5340,48,21901,3,10,66,251,92,7256,60,36,21,4922,185,2926,13674,45,1,13,1,0,0,0,0,0,0,0,0,2,3,0,0,0,0,0,0,1,0,2,0,21,0,5,0,81,79,55,0,0,99,5,0,0,2,357,1,0,0,21,5,831,231,58,51,4,0,1,3,0
20,55,9,491,43,295,1412,9,236,378,86,12,9,104,163,5474,22,16,57,74,96,154,14,393,126,18,74,4,24,92,316,13,22,3,4062,3781,647,51,8643,10,57,94,350,110,16,1,9,3452,101,27,15,16,11,9,29,36,0,2,2,0,10,0,1,2,28,6,62,1,8,5,1,5,6,4,6,0,0,0,6,3,0,2,8,24,1,1,64,38,6,1,24,0,0,0,0,161,9,1,13,3
2,5,5,37,5,12,2,34,2020,559,371,92,50,24,44,5942,76,96,4351,358,363,148,74,2302,636,80,363,4,19,48,482,61,98,10,3781,5303,1345,81,6012,20,37,74,653,318,41,1,20,214,9,42,1,1,3,0,2,1,1,5,8,17,26,3,1,4,6,8,72,7,30,10,3,10,9,6,4,1,9,0,2,19,0,3,16,22,7,2,119,32,26,1,25,1,2,0,0,9,1,7,19,9
19,42,44,303,30,88,104,1571,7889,1239,373,222,700,136,140,1328,485,427,1193,875,1150,510,95,5301,368,51,1384,225,65,300,740,87,186,66,647,1345,4017,32,7889,685,147,339,1897,251,95,25,95,1010,45,179,3,0,1,2,4,5,11,22,5,44,5,1,0,3,7,1,16,11,12,15,9,4,5,10,11,0,5,2,0,6,0,8,6,7,5,1,232,19,16,0,7,9,3,1,0,21,1,1,7,3
0,1,0,31,1,0,1,121,141,70,38,135,44,23,113,142,11,67,101,2750,36,487,1703,101,443,5130,927,23,8,60,442,1870,1461,251,51,81,32,8869,67,24,16,47,244,4778,5807,34,615,7,2,35,0,0,0,0,0,0,2,2,0,6,1,0,5,3,3,2,6,1,5,48,2,7,4,52,2,5,39,0,0,2,4,65,1,1,74,5,6,0,4,45,1,0,10,0,11,1,0,0,2,0
9,29,36,241,41,1101,1413,19,846,970,228,37,34,90,156,1587,56,45,362,141,327,323,65,10213,541,86,1116,237,55,243,423,107,57,92,8643,6012,7889,67,34173,778,126,226,731,683,32,21,85,10446,180,107,13,8,12,71,36,22,0,5,7,6,18,1,0,1,22,15,137,6,21,4,3,13,9,3,5,2,4,3,8,15,0,2,16,33,1,3,183,75,24,1,50,5,4,0,0,96,13,6,17,14
1,0,5,2,3,15,1,2,125,15,4,7,3,8,16,9,2,3,9,12,2,1015,306,579,114,456,7735,19595,133,33,9,867,12,7256,10,20,685,24,778,36357,110,19,13,12826,25,1997,2724,310,12,3,0,1,0,1,1,0,0,0,0,0,1,0,0,0,1,2,3,0,0,2,1,20,2,10,0,128,322,221,0,0,168,4,1,0,11,724,10,1,0,35,9,2998,428,131,80,6,0,0,0,3
209,277,672,425,42,104,47,13,7,15893,31,18,83,964,1481,261,5,23,12,26,79,17312,38,13,9,45,11,575,21158,13110,157,230,70,60,57,37,147,16,126,110,63089,10883,333,29,90,224,131,67,184,758,3,1,3,2,1,6,0,0,1,0,5,0,0,0,3,2,26,1,3,0,0,0,0,1,2,0,0,1,2,4,0,1,3,9,1,0,25,17,10,0,11,4,1,0,0,20,1,0,2,4
177,248,534,363,24,82,49,43,16,19876,114,316,628,469,1871,335,64,51,39,107,1186,1218,172,27,66,118,27,80,460,16032,269,1229,726,36,94,74,339,47,226,19,10883,21750,1805,54,314,50,230,98,8,13795,4,4,0,6,5,4,0,0,1,1,4,0,0,0,5,4,29,1,19,3,0,1,2,1,1,1,2,0,0,2,1,2,4,10,3,0,27,24,8,1,7,0,1,0,0,15,3,0,5,3
44,26,17,1995,42,30,15,401,127,2828,225,580,1572,943,17222,6577,865,2280,495,423,8208,736,184,149,80,339,39,15,122,1750,17648,543,614,21,350,653,1897,244,731,13,333,1805,50901,150,631,11,85,295,48,9354,10,8,5,2,10,19,3,5,5,8,46,3,1,1,20,9,180,2,45,11,6,22,11,3,10,1,3,0,7,14,2,8,28,37,0,0,222,84,44,7,58,1,1,1,0,68,9,6,20,18
0,0,3,36,1,10,4,50,769,113,54,138,38,46,112,216,13,19,214,703,35,2032,4225,1441,2125,12049,18219,755,29,83,256,6874,1048,4922,110,318,251,4778,683,12826,29,54,150,41392,1457,854,3442,235,19,26,0,2,2,1,1,0,1,3,0,8,10,1,5,6,1,4,4,1,3,32,2,74,9,73,1,206,504,27,1,2,126,78,6,2,87,150,6,1,7,256,0,397,417,23,118,8,0,1,2,7
1,2,5,38,2,0,0,416,238,213,43,233,1998,322,767,101,41,503,58,4532,128,463,1266,74,1309,4243,1228,16,46,735,452,4897,5314,185,16,41,95,5807,32,25,90,314,631,1457,11716,20,383,6,12,306,1,0,2,0,1,0,4,4,0,42,0,1,11,13,4,7,7,3,6,215,1,11,8,138,0,5,111,0,1,3,6,150,5,6,182,1,13,0,5,67,0,0,27,1,2,0,0,0,1,1
3,3,16,6,0,2,0,8,26,120,53,17,4,30,21,5,11,2,6,17,9,5047,4149,25,23,340,204,26053,474,86,6,621,73,2926,1,1,25,34,21,1997,224,50,11,854,20,14093,7801,15,1,2,0,0,0,0,0,0,0,0,0,0,0,0,0,0,0,0,3,0,0,0,0,2,0,2,0,17,22,12,0,0,20,0,0,0,1,84,1,0,0,8,0,191,59,14,13,0,0,0,0,0
5,5,11,15,0,3,0,33,149,591,261,334,51,68,63,18,34,16,33,150,166,2578,12887,130,311,1484,1237,7788,89,241,45,14452,2963,13674,9,20,95,615,85,2724,131,230,85,3442,383,7801,38979,37,6,96,1,1,0,0,0,0,0,0,0,3,3,0,0,0,1,1,0,0,0,3,1,20,1,14,2,98,155,18,1,0,88,24,0,0,19,329,4,2,1,48,2,776,266,43,68,2,0,0,1,0
26,72,43,1304,626,3110,2278,1,40,409,19,1,2,158,222,3512,3,2,9,8,43,200,20,853,70,21,259,101,37,145,287,45,5,45,3452,214,1010,7,10446,310,67,98,295,235,6,15,37,10624,864,27,16,25,4,31,97,71,0,0,1,0,5,0,1,0,15,2,15,1,2,1,0,1,0,0,1,0,0,0,1,2,0,0,5,7,0,0,17,17,1,0,2,4,2,0,0,262,15,1,2,1
1500,186,237,678,1405,2000,84,3,5,36,1,0,6,18632,624,203,1,0,1,3,2,205,1,41,8,7,16,18,9168,1952,34,24,5,1,101,9,45,2,180,12,184,8,48,19,12,1,6,864,15128,4,2,2,0,1,2,4,0,0,1,0,1,0,0,0,1,0,2,0,1,0,0,1,0,0,0,0,0,0,0,0,0,0,1,0,0,0,0,0,3,0,3,1,1,0,0,10,0,0,1,0
2,4,3,65,4,7,5,56,17,6914,52,187,919,8831,10757,125,82,164,22,108,4110,463,88,15,40,85,17,2,41,3975,222,883,544,13,27,42,179,35,107,3,758,13795,9354,26,306,2,96,27,4,22327,2,0,2,0,0,1,0,0,0,1,2,1,0,0,0,0,15,0,4,2,0,1,2,1,0,0,2,0,0,5,0,1,1,1,0,0,24,3,3,0,3,0,1,0,0,0,2,0,0,0
0,7,3,44,1,15,9,0,0,4,1,0,0,6,7,35,0,1,0,0,0,6,0,0,0,0,0,0,2,5,3,0,1,1,15,1,3,0,13,0,3,4,10,0,1,0,1,16,2,2,38589,22681,2074,13813,19272,2301,9,5,7,6,95,1,3,5,13329,182,385,1,9,31,2,63,7,7,3,28,13,8,303,4,12,31,511,49,66,8,83,266,26,66,53,3,16,9,6,351,9916,93,132,18
1,10,3,47,2,8,35,0,0,2,0,1,0,9,12,46,0,0,0,1,0,2,0,0,0,0,1,1,2,5,3,0,0,0,16,1,0,0,8,1,1,4,8,2,0,0,1,25,2,0,22681,116110,14671,19568,2394,8836,3,6,4,10,357,9,1,4,11137,145,319,2,6,19,4,363,15,6,7,13,8,11,270,5,4,16,590,56,26,9,60,162,36,31,42,1,5,29,11,227,702,326,509,72
1,7,1,16,2,4,8,0,2,3,0,0,3,9,12,23,0,0,4,4,0,6,0,1,2,1,0,0,1,3,9,0,0,0,11,3,1,0,12,0,3,0,5,2,2,0,0,4,0,2,2074,14671,35167,1115,583,10606,39,86,46,74,596,15,13,31,15255,8578,5492,23,58,140,24,360,59,38,34,62,29,21,370,52,14,96,1043,416,202,16,180,447,164,147,81,4,74,25,15,212,814,384,905,134
168,32,915,128,284,1952,786,0,0,0,0,0,0,7,5,23,0,0,1,0,0,4,0,1,0,0,1,0,2,1,2,0,0,0,9,0,2,0,71,1,2,6,2,1,0,0,0,31,1,0,13813,19568,1115,48751,18725,13589,0,2,0,1,51,2,0,1,347,10,33,1,1,2,0,44,0,1,0,1,1,2,43,0,0,2,88,2,2,2,22,46,3,4,151,0,4,4,0,369,166,44,63,10
3,19,9,137,6,238,193,0,0,6,0,0,0,15,30,97,1,0,0,1,1,7,0,2,1,0,3,2,1,4,4,0,0,0,29,2,4,0,36,1,1,5,10,1,1,0,0,97,2,0,19272,2394,583,18725,23178,9480,1,2,3,5,122,4,1,1,761,26,141,0,11,5,4,90,15,27,2,8,30,4,68,6,4,8,129,21,11,6,127,942,34,29,473,13,36,7,1,3902,3672,78,100,19
15,32,422,218,22,138,1246,1,2,13,0,0,0,21,25,113,0,0,4,2,1,18,0,1,1,1,1,0,2,13,21,1,0,0,36,1,5,0,22,0,6,4,19,0,0,0,0,71,4,1,2301,8836,10606,13589,9480,26057,7,19,5,30,510,12,8,6,1256,78,3176,4,43,43,11,244,70,21,18,20,19,6,117,15,7,30,359,52,37,5,289,3172,57,79,268,3,27,17,16,1450,293,220,511,94
0,0,0,0,0,0,0,56,110,1,0,1,29,0,0,5,0,2,6,106,0,7,2,2,19,0,2,0,0,1,1,0,13,0,0,1,11,2,0,0,0,0,3,1,4,0,0,0,0,0,9,3,39,0,1,7,3876,5970,100,604,28,65,197,5086,107,242,391,1705,87,3309,54,71,54,105,57,18,153,1,9,906,11,1251,60,406,210,2,1015,4,112,90,2,4,28,7,18,1,9,11,17,25
0,0,0,0,0,0,0,23,41,7,9,0,8,0,0,2,8,6,28,30,8,6,4,6,7,0,1,0,1,0,0,0,5,0,2,5,22,2,5,0,0,0,5,3,4,0,0,0,0,0,5,6,86,2,2,19,5970,19510,2534,4593,325,776,390,1465,111,168,891,8629,514,3034,363,460,221,106,106,45,71,11,11,1050,27,529,45,469,472,24,2874,24,77,191,34,5,73,29,51,1,20,13,32,15
0,0,0,0,0,0,0,3,7,4,3,2,0,1,0,7,1,3,10,2,2,0,1,3,1,0,0,0,0,1,1,0,0,0,2,8,5,0,7,0,1,1,5,0,0,0,0,1,1,0,7,4,46,0,3,5,100,2534,4496,2685,366,458,43,75,32,38,961,2087,1910,115,108,151,62,19,127,5,10,1,9,1147,5,58,17,242,29,1,525,30,51,10,35,2,12,7,7,1,2,5,22,21
0,0,0,1,0,0,0,129,301,7,12,11,83,2,0,14,14,24,37,278,19,21,17,14,72,3,21,0,0,3,17,2,42,2,0,17,44,6,6,0,0,1,8,8,42,0,3,0,0,1,6,10,74,1,5,30,604,4593,2685,43388,851,1443,509,726,54,71,1126,1013,6366,2764,710,843,12120,6507,289,50,1613,18,37,369,57,589,59,252,158,33,9630,170,146,144,63,17,214,52,111,8,32,28,70,64
1,0,0,4,2,0,0,8,19,26,10,3,2,6,2,43,10,5,19,7,24,11,0,9,0,4,0,0,0,4,26,5,2,3,10,26,5,1,18,1,5,4,46,10,0,0,3,5,1,2,95,357,596,51,122,510,28,325,366,851,39311,4858,907,89,360,600,2362,756,1300,112,4417,3446,220,139,2038,286,153,185,661,349,501,598,979,918,197,451,1279,666,1587,135,463,78,321,421,738,106,145,21379,20293,6191
0,0,0,0,0,0,0,4,8,3,0,0,1,0,0,1,3,2,4,2,1,0,0,0,2,0,2,0,0,0,1,0,1,0,0,3,1,0,1,0,0,0,3,1,1,0,0,0,0,1,1,9,15,2,4,12,65,776,458,1443,4858,8206,3650,378,19,66,266,1913,498,255,5320,6237,114,78,1463,32,52,14,21,442,44,581,60,189,40,44,419,38,358,47,28,11,74,75,147,4,4,55,202,237
0,0,0,0,0,0,0,2,9,0,1,0,2,0,1,2,0,0,2,28,0,2,1,1,20,1,2,0,0,0,1,0,10,0,1,1,0,5,0,0,0,0,1,5,11,0,0,1,0,0,3,1,13,0,1,8,197,390,43,509,907,3650,12266,7949,42,152,90,4514,69,619,6356,3114,43,606,826,96,242,28,17,340,175,9020,81,255,170,85,202,13,553,95,11,15,148,77,287,4,3,15,107,228
0,0,0,0,0,0,0,11,40,0,1,0,12,0,0,1,0,3,3,71,1,6,8,0,22,0,5,0,1,0,1,3,11,0,2,4,3,3,1,0,0,0,1,6,13,0,0,0,0,0,5,4,31,1,1,6,5086,1465,75,726,89,378,7949,12038,125,339,318,8381,81,1000,1628,345,42,252,235,44,157,4,15,991,58,5947,81,638,689,18,440,9,405,52,2,4,44,22,46,0,15,4,42,74
2,10,1,32,5,8,11,2,4,15,2,0,1,6,16,61,0,0,4,7,5,16,0,1,1,0,4,1,3,5,13,2,2,0,28,6,7,3,22,1,3,5,20,1,4,0,1,15,1,0,13329,11137,15255,347,761,1256,107,111,32,54,360,19,42,125,42756,10816,1500,44,66,312,25,432,29,83,58,446,81,76,4401,56,160,586,15089,2091,1234,105,340,408,587,586,151,12,125,73,103,344,14972,560,1251,508
0,0,0,4,0,1,2,1,3,6,1,1,0,3,3,10,3,1,4,12,4,3,3,0,6,0,1,1,3,5,8,6,3,0,6,8,1,2,15,2,2,4,9,4,7,0,1,2,0,0,182,145,8578,10,26,78,242,168,38,71,600,66,152,339,10816,47349,4159,92,117,375,110,446,44,191,401,749,144,61,559,131,414,1373,7873,12795,1949,277,322,159,9996,563,111,33,173,83,268,45,414,413,3561,4984
6,12,10,40,6,8,18,5,23,55,8,3,6,36,53,175,2,13,43,32,20,46,7,4,11,1,2,1,22,38,117,5,8,0,62,72,16,6,137,3,26,29,180,4,7,3,0,15,2,15,385,319,5492,33,141,3176,391,891,961,1126,2362,266,90,318,1500,4159,25054,315,6606,937,164,549,356,283,457,117,106,19,232,5292,56,509,1026,8908,641,29,997,9544,1539,404,433,4,154,28,56,588,257,417,1331,619
0,0,0,1,0,0,0,14,24,9,2,7,0,1,0,7,12,12,26,15,17,1,0,10,1,0,1,0,0,1,1,1,2,1,1,7,11,1,6,0,1,1,2,1,3,0,0,1,0,0,1,2,23,1,0,4,1705,8629,2087,1013,756,1913,4514,8381,44,92,315,6670,360,185,7424,669,158,91,1657,30,36,6,10,1908,66,1581,24,291,131,23,1230,15,272,37,19,4,52,32,112,2,7,10,45,73
0,2,1,4,1,0,2,15,31,21,24,5,9,6,5,56,11,15,55,26,33,10,2,11,8,0,3,0,2,6,19,0,8,0,8,30,12,5,21,0,3,19,45,3,6,0,0,2,1,4,9,6,58,1,11,43,87,514,1910,6366,1300,498,69,81,66,117,6606,360,6670,743,268,234,3745,753,380,15,123,2,33,528,16,169,202,246,100,9,1171,2698,244,157,300,2,158,5,15,28,19,75,322,193
0,0,0,0,0,0,0,111,328,6,10,25,120,1,3,6,5,4,18,627,6,28,40,28,322,8,47,0,0,2,14,10,164,2,5,10,15,48,4,2,0,3,11,32,215,0,3,1,0,2,31,19,140,2,5,43,3309,3034,115,2764,112,255,619,1000,312,375,937,185,743,20348,57,494,188,5424,55,127,1468,20,40,420,92,3040,147,529,2985,27,858,91,212,2899,39,8,796,20,90,17,44,20,90,51
0,0,0,0,0,0,0,4,4,2,3,0,1,1,0,3,5,0,5,1,2,0,1,1,0,0,0,0,0,0,1,0,0,0,1,3,9,2,3,1,0,0,6,2,1,0,1,0,0,0,2,4,24,0,4,11,54,363,108,710,4417,5320,6356,1628,25,110,164,7424,268,57,11129,1024,130,72,13427,108,60,29,30,1652,149,795,132,240,83,141,553,57,2055,60,64,13,89,78,231,7,9,71,503,5426
1,1,0,4,0,2,2,1,6,9,2,1,0,2,1,12,4,2,6,15,4,15,11,3,12,27,10,2,1,2,7,32,7,21,5,10,4,7,13,20,0,1,22,74,11,2,20,1,1,1,63,363,360,44,90,244,71,460,151,843,3446,6237,3114,345,432,446,549,669,234,494,1024,37769,164,1714,480,1150,1824,1202,4514,163,1451,7068,1607,335,1024,731,283,174,588,1589,201,330,3406,6889,8003,73,234,3682,2045,553
0,1,0,2,0,0,1,15,37,7,14,6,6,1,2,11,6,8,15,55,11,8,4,9,21,1,0,0,0,0,7,4,9,0,6,9,5,4,9,2,0,2,11,9,8,0,1,0,0,2,7,15,59,0,15,70,54,221,62,12120,220,114,43,42,29,44,356,158,3745,188,130,164,5665,3846,158,45,1019,9,17,45,61,283,76,31,82,20,6184,3835,85,150,3070,100,527,7,77,103,9,16,73,50
0,1,0,0,0,0,0,28,91,0,1,7,32,1,1,3,3,1,5,260,3,14,28,11,177,20,46,0,1,0,8,35,95,5,4,6,10,52,3,10,1,1,3,73,138,2,14,0,0,1,7,6,38,1,27,21,105,106,19,6507,139,78,606,252,83,191,283,91,753,5424,72,1714,3846,17192,78,314,10849,66,38,51,404,3756,154,124,1545,148,1297,344,247,1154,800,668,2183,58,633,218,25,15,129,144
0,0,0,1,0,0,0,9,16,7,8,1,0,2,0,17,5,9,22,3,10,3,0,6,3,1,1,0,0,2,0,0,3,0,6,4,11,2,5,0,2,1,10,1,0,0,2,1,0,0,3,7,34,0,2,18,57,106,127,289,2038,1463,826,235,58,401,457,1657,380,55,13427,480,158,78,13621,132,47,23,28,3866,173,598,243,2971,170,82,814,92,7877,98,93,14,67,33,156,8,11,77,516,2039
0,0,0,0,0,0,0,0,1,2,0,0,0,0,0,0,0,0,1,3,0,19,17,1,8,59,40,16,0,0,1,77,1,81,0,1,0,5,2,128,0,1,1,206,5,17,98,0,0,0,28,13,62,1,8,20,18,45,5,50,286,32,96,44,446,749,117,30,15,127,108,1150,45,314,132,10514,1914,499,156,78,11864,3426,931,207,7235,9755,75,22,691,8812,99,736,7398,653,1947,36,85,98,458,445
0,0,0,0,0,0,0,17,84,5,2,8,26,0,2,3,0,1,5,194,1,32,70,19,139,151,179,39,1,2,5,176,55,79,0,9,5,39,4,322,0,2,3,504,111,22,155,0,0,2,13,8,29,1,30,19,153,71,10,1613,153,52,242,157,81,144,106,36,123,1468,60,1824,1019,10849,47,1914,16955,913,35,26,1294,2414,158,68,1834,573,1464,205,211,2790,1220,7224,10572,198,2356,381,30,22,89,115
0,0,0,0,0,0,0,0,0,0,0,0,0,0,0,3,0,0,3,0,0,5,0,0,0,3,12,117,1,0,0,4,1,55,0,0,2,0,3,221,1,0,0,27,0,12,18,0,0,0,8,11,21,2,4,6,1,11,1,18,185,14,28,4,76,61,19,6,2,20,29,1202,9,66,23,499,913,68882,1092,1,275,149,578,13,91,14219,39,14,74,280,41,15606,1187,17176,896,18,37,776,252,100
1,4,0,2,0,4,1,1,1,5,0,0,0,2,4,10,1,0,2,0,3,2,0,0,1,0,1,0,0,1,3,0,0,0,6,2,0,0,8,0,2,0,7,1,1,0,1,1,0,0,303,270,370,43,68,117,9,11,9,37,661,21,17,15,4401,559,232,10,33,40,30,4514,17,38,28,156,35,1092,120198,7,94,137,44649,135,184,146,168,114,241,133,73,40,69,1104,90,45,13039,38596,3996,277
0,0,1,3,0,0,0,4,12,14,6,2,2,0,3,18,10,10,25,11,15,6,0,7,2,3,1,0,1,8,10,0,1,0,3,19,6,2,15,0,4,2,14,2,3,0,0,2,0,5,4,5,52,0,6,15,906,1050,1147,369,349,442,340,991,56,131,5292,1908,528,420,1652,163,45,51,3866,78,26,1,7,2963,42,826,71,2366,550,16,438,61,483,73,29,3,30,7,43,7,6,23,69,96
0,0,0,0,0,0,0,0,2,0,0,1,0,0,0,1,0,0,1,1,0,12,5,0,5,22,11,8,0,0,1,48,1,99,0,0,0,4,0,168,0,1,2,126,6,20,88,0,0,0,12,4,14,0,4,7,11,27,5,57,501,44,175,58,160,414,56,66,16,92,149,1451,61,404,173,11864,1294,275,94,42,17902,3110,543,133,3256,6428,53,25,650,1786,67,538,3632,1255,13661,30,28,60,434,473
0,0,0,0,0,0,0,15,73,3,0,8,42,1,3,5,4,1,6,216,0,8,36,17,166,21,36,2,0,3,2,26,75,5,2,3,8,65,2,4,1,2,8,78,150,0,24,0,0,1,31,16,96,2,8,30,1251,529,58,589,598,581,9020,5947,586,1373,509,1581,169,3040,795,7068,283,3756,598,3426,2414,149,137,826,3110,23955,923,1096,12358,740,328,67,1872,2768,100,84,2616,246,5145,42,73,74,481,805
0,3,0,8,0,0,1,0,3,19,7,0,2,3,7,41,2,5,15,3,3,15,4,4,3,0,0,1,4,11,34,4,1,0,8,16,6,1,16,1,3,4,28,6,5,0,0,5,1,1,511,590,1043,88,129,359,60,45,17,59,979,60,81,81,15089,7873,1026,24,202,147,132,1607,76,154,243,931,158,578,44649,71,543,923,67546,921,1487,482,878,451,1945,650,338,72,190,674,355,135,3537,10987,32508,4263
2,2,2,17,1,3,3,1,9,13,0,2,8,11,7,49,3,1,6,14,5,24,1,3,3,1,2,0,7,13,35,1,4,0,24,22,7,1,33,0,9,10,37,2,6,0,0,7,0,1,49,56,416,2,21,52,406,469,242,252,918,189,255,638,2091,12795,8908,291,246,529,240,335,31,124,2971,207,68,13,135,2366,133,1096,921,28072,1087,73,464,343,13048,333,132,5,111,22,85,46,145,180,646,698
0,0,0,0,0,0,0,11,30,2,2,5,10,1,3,3,0,1,1,93,1,16,40,8,101,22,50,0,0,2,7,44,49,2,1,7,5,74,1,11,1,3,0,87,182,1,19,0,0,0,66,26,202,2,11,37,210,472,29,158,197,40,170,689,1234,1949,641,131,100,2985,83,1024,82,1545,170,7235,1834,91,184,550,3256,12358,1487,1087,15421,659,132,23,1146,5034,53,55,1032,95,749,19,169,104,364,438
0,0,0,0,0,0,0,0,2,2,0,1,0,1,1,0,0,0,0,3,0,36,9,3,0,16,31,130,0,0,1,39,1,357,1,2,1,5,3,724,0,0,0,150,1,84,329,0,0,0,8,9,16,2,6,5,2,24,1,33,451,44,85,18,105,277,29,23,9,27,141,731,20,148,82,9755,573,14219,146,16,6428,740,482,73,659,42831,38,19,431,1671,43,5546,12062,11493,5026,16,25,164,517,407
2,8,4,29,6,6,5,157,360,120,31,20,91,16,18,192,30,35,127,155,83,66,8,74,18,1,10,1,11,51,115,10,25,1,64,119,232,6,183,10,25,27,222,6,13,1,4,17,0,24,83,60,180,22,127,289,1015,2874,525,9630,1279,419,202,440,340,322,997,1230,1171,858,553,283,6184,1297,814,75,1464,39,168,438,53,328,878,464,132,38,4271,3789,965,107,3861,379,251,27,64,1043,119,236,826,598
3,14,6,40,1,6,14,1,7,61,10,0,6,27,44,151,2,5,25,10,12,40,1,8,4,1,0,0,9,38,78,0,0,0,38,32,19,0,75,1,17,24,84,1,0,0,2,17,0,3,266,162,447,46,942,3172,4,24,30,170,666,38,13,9,408,159,9544,15,2698,91,57,174,3835,344,92,22,205,14,114,61,25,67,451,343,23,19,3789,16829,343,141,10318,32,211,14,32,8155,222,159,433,199
0,0,0,5,0,0,3,0,10,29,7,0,1,4,5,49,2,4,10,9,4,9,3,1,3,1,2,2,3,5,29,3,2,0,6,26,16,4,24,0,10,8,44,7,5,0,1,1,3,3,26,36,164,3,34,57,112,77,51,146,1587,358,553,405,587,9996,1539,272,244,212,2055,588,85,247,7877,691,211,74,241,483,650,1872,1945,13048,1146,431,965,343,48832,463,352,28,215,95,470,65,73,363,4174,17930
0,0,0,1,0,0,0,0,8,2,2,2,3,1,2,1,0,1,6,24,0,21,28,6,23,77,72,6,0,1,1,111,18,21,1,1,0,45,1,35,0,1,7,256,67,8,48,0,0,0,66,31,147,4,29,79,90,191,10,144,135,47,95,52,586,563,404,37,157,2899,60,1589,150,1154,98,8812,2790,280,133,73,1786,2768,650,333,5034,1671,107,141,463,23857,221,371,21285,201,1521,98,119,93,201,192
2,2,1,17,0,1,4,0,1,22,5,1,4,9,18,61,1,3,11,5,9,26,1,4,1,0,0,0,3,11,41,0,1,5,24,25,7,1,50,9,11,7,58,0,0,0,2,2,3,3,53,42,81,151,473,268,2,34,35,63,463,28,11,2,151,111,433,19,300,39,64,201,3070,800,93,99,1220,41,73,29,67,100,338,132,53,43,3861,10318,352,221,21664,388,648,21,114,11505,171,103,368,227
0,0,0,0,0,0,0,0,5,1,0,0,0,0,0,0,0,0,0,1,0,75,24,8,4,34,134,636,2,1,0,135,0,831,0,1,9,0,5,2998,4,0,1,397,0,191,776,4,1,0,3,1,4,0,13,3,4,5,2,17,78,11,15,4,12,33,4,4,2,8,13,330,100,668,14,736,7224,15606,40,3,538,84,72,5,55,5546,379,32,28,371,388,40529,12266,1545,922,111,6,45,45,39
0,0,0,1,0,0,0,1,11,3,1,0,4,1,1,1,0,0,3,22,0,61,49,3,29,104,90,46,0,1,3,197,10,231,0,2,3,10,4,428,1,1,1,417,27,59,266,2,1,1,16,5,74,4,36,27,28,73,12,214,321,74,148,44,125,173,154,52,158,796,89,3406,527,2183,67,7398,10572,1187,69,30,3632,2616,190,111,1032,12062,251,211,215,21285,648,12266,39409,1986,4786,279,29,66,158,166
0,0,0,1,0,0,0,0,1,0,0,0,0,0,0,1,0,0,0,0,0,5,2,3,0,3,7,23,0,0,1,8,1,58,0,0,1,0,0,131,0,0,1,23,1,14,43,0,0,0,9,29,25,4,7,17,7,29,7,52,421,75,77,22,73,83,28,32,5,20,78,6889,7,58,33,653,198,17176,1104,7,1255,246,674,22,95,11493,27,14,95,201,21,1545,1986,12539,7048,7,23,1004,348,145
0,0,0,0,0,0,0,1,4,0,0,0,0,1,0,0,0,0,0,4,0,13,16,2,9,39,21,20,0,0,0,52,3,51,0,0,0,11,0,80,0,0,0,118,2,13,68,0,0,0,6,11,15,0,1,16,18,51,7,111,738,147,287,46,103,268,56,112,15,90,231,8003,77,633,156,1947,2356,896,90,43,13661,5145,355,85,749,5026,64,32,470,1521,114,922,4786,7048,14554,37,20,111,414,407
15,119,33,610,21,104,297,0,3,19,1,0,2,69,116,390,0,0,2,1,1,59,0,8,1,1,6,2,10,28,50,1,0,4,161,9,21,1,96,6,20,15,68,8,0,0,2,262,10,0,351,227,212,369,3902,1450,1,1,1,8,106,4,4,0,344,45,588,2,28,17,7,73,103,218,8,36,381,18,45,7,30,42,135,46,19,16,1043,8155,65,98,11505,111,279,7,37,11194,1216,51,92,38
2,2,1,16,1,6,5,0,1,5,0,0,0,5,7,20,0,0,0,2,1,3,0,0,0,2,2,0,0,4,6,1,0,0,9,1,1,0,13,0,1,3,9,0,0,0,0,15,0,2,9916,702,814,166,3672,293,9,20,2,32,145,4,3,15,14972,414,257,7,19,44,9,234,9,25,11,85,30,37,13039,6,28,73,3537,145,169,25,119,222,73,119,171,6,29,23,20,1216,59769,1538,968,80
0,0,0,4,1,1,3,0,2,4,1,0,1,1,2,8,1,1,6,0,2,3,0,0,1,0,0,0,0,3,8,1,0,1,1,7,1,0,6,0,0,0,6,1,0,0,0,1,0,0,93,326,384,44,78,220,11,13,5,28,21379,55,15,4,560,413,417,10,75,20,71,3682,16,15,77,98,22,776,38596,23,60,74,10987,180,104,164,236,159,363,93,103,45,66,1004,111,51,1538,50091,7442,636
0,1,0,3,1,0,1,0,4,17,5,0,3,2,5,35,4,3,17,4,11,12,0,9,3,2,1,0,1,4,24,1,2,3,13,19,7,2,17,0,2,5,20,2,1,0,1,2,1,0,132,509,905,63,100,511,17,32,22,70,20293,202,107,42,1251,3561,1331,45,322,90,503,2045,73,129,516,458,89,252,3996,69,434,481,32508,646,364,517,826,433,4174,201,368,45,158,348,414,92,968,7442,29612,11911
1,0,1,1,0,0,0,0,6,9,2,0,0,0,0,27,1,3,9,3,6,8,0,1,6,1,0,0,0,1,8,1,0,0,3,9,3,0,14,3,4,3,18,7,1,0,0,1,0,0,18,72,134,10,19,94,25,15,21,64,6191,237,228,74,508,4984,619,73,193,51,5426,553,50,144,2039,445,115,100,277,96,473,805,4263,698,438,407,598,199,17930,192,227,39,166,145,407,38,80,636,11911,12500
