24338,4391,19389,3172,8245,3032,273,0,0,213,7,0,0,18766,579,12,0,0,1,0,0,79,0,0,0,0,0,0,68,100,19,0,0,0,3,0,5,0,6,0,27,93,11,0,0,0,0,56,150,16,0,0,0,962,0,0,0,0,0,0,0,0,0,0,0,0,0,0,0,0,0,0,0,0,0,0,0,0,0,0,0,0,0,0,0,0,0,0,0,0,0,0,0,0,0,0,0,0,1,0
4391,12102,8688,11718,389,1336,678,0,0,445,0,1,2,1684,534,18,0,0,0,0,0,40,0,0,0,0,0,0,39,30,11,1,0,0,7,4,5,0,27,1,26,67,26,0,0,0,0,82,27,51,0,0,0,73,0,0,0,0,0,0,0,0,0,0,0,0,0,0,0,0,0,1,1,0,0,0,0,0,0,0,0,0,0,0,0,0,0,0,0,0,0,0,0,0,0,0,0,0,0,0
19389,8688,16851,3628,8885,5721,4223,0,0,203,2,0,0,1917,324,7,0,0,0,0,0,40,0,0,0,0,0,0,40,28,3,0,0,0,4,0,2,0,50,0,22,51,6,0,0,0,0,85,38,7,12,207,8,1975,21,4,0,0,0,0,0,0,0,0,6,0,0,0,0,0,0,0,0,0,0,0,0,0,0,0,0,0,0,0,0,0,1,1,0,0,0,0,0,0,0,1,0,0,0,0
3172,11718,3628,35471,1303,2568,11317,1,2,3768,40,12,16,3027,11859,8440,0,0,0,0,0,362,7,9,0,0,1,0,283,331,692,0,1,0,274,27,39,0,261,0,219,587,2007,1,0,1,3,608,274,715,0,0,0,61,2,0,0,0,0,0,0,0,0,0,0,0,2,0,0,0,0,0,0,0,0,0,0,0,0,0,0,0,0,0,0,0,4,3,0,0,1,0,0,0,0,1,0,0,0,0
8245,389,8885,1303,36164,26752,266,0,0,336,48,0,2,11425,642,26,0,7,0,1,1,177,0,7,0,2,0,0,411,766,58,0,0,1,5,3,39,0,51,0,90,387,77,0,0,0,0,949,6810,83,0,0,0,420,2,0,0,0,0,0,1,0,0,0,0,0,1,0,0,0,0,1,0,0,0,0,0,0,0,0,0,0,0,0,0,0,5,1,0,0,1,0,0,0,0,1,0,0,0,0
3032,1336,5721,2568,26752,17014,11836,1,0,290,14,2,0,1272,254,58,0,1,0,2,0,109,0,29,0,0,0,0,86,121,70,1,0,0,24,12,32,0,1135,0,44,138,17,0,0,0,0,3972,2268,21,0,0,0,2716,191,4,0,0,0,0,0,0,0,0,0,0,0,0,0,0,0,0,0,0,0,0,0,0,0,0,0,0,0,0,0,0,4,7,0,0,3,0,0,0,0,2,0,0,0,0
273,678,4223,11317,266,11836,25336,0,0,639,5,0,0,137,60,5079,0,1,0,1,0,70,1,3,0,0,0,0,23,12,79,0,1,0,4112,128,15,0,2831,0,42,84,212,0,0,0,0,1409,15,17,0,1,1,225,166,469,0,0,0,0,0,0,0,0,0,0,0,0,0,0,0,0,0,0,0,0,0,0,0,0,0,0,0,0,0,0,2,2,0,0,0,0,0,0,0,1,0,0,0,0
0,0,0,1,0,1,0,45146,5151,220,2358,898,2807,12,6,1654,1777,17824,2969,28701,353,756,864,1045,1012,208,844,62,10,3,1965,101,778,57,1,37,3259,133,29,40,2,12,14,283,2895,53,60,8,1,23,1,0,0,0,0,0,4,6,1,11,13,3,0,10,3,2,0,1,7,10,1,5,31,4,0,4,24,1,0,4,3,5,2,1,0,1,978,3,0,2,0,0,4,0,2,2,0,0,2,1
0,0,0,2,0,0,0,5151,54347,58,239,96,326,1,0,183,55,87,5492,11864,61,46,102,8841,7243,52,7563,10,1,0,18,42,72,21,14,210,4911,76,386,21,0,1,2,836,36,8,22,19,1,2,0,0,0,0,0,0,5,2,1,11,2,5,1,2,0,0,0,0,1,20,0,4,19,2,0,3,30,0,0,0,5,0,1,0,3,5,247,1,0,2,0,1,11,0,2,0,0,0,0,0
213,445,203,3768,336,290,639,220,58,46265,3166,1221,1835,1084,1065,2580,105,2027,197,34,1723,2681,68,337,1,280,12,44,458,869,3152,155,447,34,200,217,1406,50,729,5,19636,30270,3663,4,132,21,41,969,334,10113,1,0,1,10,0,0,0,0,1,1,15,5,0,0,4,0,9,0,9,1,0,8,17,1,0,0,4,0,1,12,1,1,1,0,0,0,418,20,1,1,7,0,2,0,0,5,1,0,2,1
7,0,2,40,48,14,5,2358,239,3166,2443,4294,5625,135,60,333,1258,278,319,424,804,2990,1256,230,18,29,74,49,37,48,346,41,865,42,18,97,886,42,179,19,3,107,60,57,34,59,72,72,44,39,0,0,0,0,0,0,1,1,1,4,9,4,0,1,0,0,1,0,2,0,0,1,8,0,0,1,11,0,1,4,1,3,0,0,0,1,276,4,0,1,0,0,7,0,1,2,0,0,2,0
0,1,0,12,0,2,0,898,96,1221,4294,23264,25908,5,3,125,6612,298,110,146,4652,155,5995,151,10,67,49,97,4,1,104,147,12338,26,1,27,678,76,32,9,1,54,9,59,25,119,651,7,0,8,0,0,0,0,0,0,0,0,0,0,3,3,0,0,1,0,3,0,0,1,0,1,6,0,0,1,4,1,0,0,0,1,0,0,0,2,201,0,0,2,0,1,5,0,0,0,0,0,0,0
0,2,0,16,2,0,0,2807,326,1835,5625,25908,14857,8,9,28,12040,4835,33,1438,3364,402,4497,147,28,66,88,51,9,4,129,71,20552,20,0,3,793,49,3,16,1,10,15,59,1650,79,150,3,2,27,0,0,0,0,0,0,1,1,1,3,4,2,0,3,1,1,0,0,0,6,0,3,7,2,0,1,18,0,0,0,1,0,0,0,1,2,310,1,0,0,1,0,4,0,1,0,0,0,1,0
18766,1684,1917,3027,11425,1272,137,12,1,1084,135,5,8,55554,4671,92,0,62,2,5,10,862,0,8,0,3,1,2,2961,21021,179,3,0,2,16,9,108,5,75,0,580,6011,421,0,5,1,1,153,17426,2333,0,0,0,39,0,0,0,0,0,0,0,1,0,0,0,0,2,0,0,0,0,0,0,0,0,0,0,0,0,0,0,0,0,0,0,0,21,2,0,0,0,0,0,0,0,1,0,0,0,0
579,534,324,11859,642,254,60,6,0,1065,60,3,9,4671,16271,3653,0,103,1,3,28,314,1,15,0,7,1,0,596,1236,2809,1,1,1,17,16,71,9,225,0,216,2985,10759,0,4,0,0,171,358,11554,0,0,0,7,0,0,0,0,0,0,0,0,0,0,0,0,0,0,0,0,0,1,0,0,0,0,0,0,0,1,0,0,0,0,0,0,9,4,0,0,1,0,0,0,0,0,0,0,0,0
12,18,7,8440,26,58,5079,1654,183,2580,333,125,28,92,3653,23036,33,595,4676,534,225,158,7,1599,55,3,55,2,47,27,8377,2,12,1,5161,10060,1905,5,6906,1,36,117,6551,34,3,0,2,2730,40,139,0,0,0,0,1,0,0,0,0,0,5,3,0,0,3,2,12,0,1,0,0,0,9,0,0,1,0,0,1,2,0,0,0,1,0,0,145,66,0,0,24,0,0,0,0,31,2,0,1,2
0,0,0,0,0,0,0,1777,55,105,1258,6612,12040,0,0,33,5356,2136,78,12,9439,61,243,121,2,36,13,15,0,0,480,18,291,5,0,2,456,8,3,0,0,1,1,2,18,10,17,0,0,0,0,0,0,0,0,0,1,0,1,1,1,0,0,0,1,0,1,0,0,0,0,0,1,0,0,0,1,0,0,2,0,0,0,0,0,0,87,1,0,0,0,1,0,0,0,0,0,0,0,0
0,0,0,0,7,1,1,17824,87,2027,278,298,4835,62,103,595,2136,785,1306,697,3607,34,17,195,0,161,15,7,34,58,1479,23,18,11,10,57,742,118,99,4,9,176,1394,4,52,1,4,26,12,475,0,0,0,0,0,0,0,0,1,2,10,3,0,0,1,3,1,0,5,0,0,3,7,0,0,0,3,1,0,1,0,0,0,0,0,0,234,1,0,0,1,1,1,0,1,2,0,0,0,0
1,0,0,0,0,0,0,2969,5492,197,319,110,33,2,1,4676,78,1306,14177,221,78,51,12,847,100,3,81,1,1,2,161,3,4,3,24,4264,614,7,162,3,1,4,1,58,3,0,1,23,2,5,0,0,0,0,0,0,0,0,0,1,6,0,0,0,0,0,0,0,4,0,0,0,3,0,0,0,0,0,0,5,2,0,0,0,0,0,133,1,0,0,0,0,0,0,0,0,0,0,2,0
0,0,0,0,1,2,1,28701,11864,34,424,146,1438,5,3,534,12,697,221,18545,18,468,3173,657,12827,461,7290,165,18,2,863,233,6235,128,3,31,2445,9372,14,77,1,6,18,1775,12290,60,131,3,0,15,0,0,0,1,1,0,43,17,1,61,11,19,2,25,0,1,1,1,1,115,4,14,68,31,0,9,1202,2,1,5,8,43,0,0,52,15,749,1,0,40,1,4,39,1,6,0,0,0,0,0
0,0,0,0,1,0,0,353,61,1723,804,4652,3364,10,28,225,9439,3607,78,18,23099,32,266,139,1,141,11,18,2,13,3306,67,350,12,2,26,635,38,50,2,2,51,12100,12,108,9,24,8,3,1380,0,0,0,0,0,0,0,0,0,1,4,1,0,0,1,0,0,0,1,0,1,2,1,0,0,1,2,0,0,0,0,0,0,0,0,0,98,0,0,0,0,0,0,0,0,0,1,0,0,0
79,40,40,362,177,109,70,756,46,2681,2990,155,402,862,314,158,61,34,51,468,32,22307,3346,35,27,280,202,1809,8475,1509,120,248,175,882,37,26,125,114,144,262,19232,1420,83,508,32,2937,893,358,349,196,0,0,0,0,0,0,0,1,0,1,1,1,0,0,0,0,2,0,0,2,0,3,2,2,0,14,7,6,0,2,9,2,0,0,0,25,25,1,0,1,0,16,28,6,7,0,0,0,0,0
0,0,0,7,0,0,1,864,102,68,1256,5995,4497,0,1,7,243,17,12,3173,266,3346,13332,31,367,1904,2243,752,20,0,5,2768,16436,511,1,3,93,2148,4,182,74,0,2,2815,565,3487,9133,0,0,3,0,0,0,0,0,0,2,0,0,0,1,3,2,1,0,0,0,1,0,1,0,48,6,5,0,74,100,9,0,0,87,50,0,0,10,51,27,0,0,59,0,13,172,2,42,0,0,0,0,0
0,0,0,9,7,29,3,1045,8841,337,230,151,147,8,15,1599,121,195,847,657,139,35,31,5802,455,17,1981,5,4,4,258,17,20,6,375,5472,7905,85,10506,10,2,6,8,310,9,4,3,786,35,6,0,0,0,0,1,0,0,0,0,0,0,0,0,0,0,0,4,0,2,1,0,1,3,0,0,0,2,0,0,0,0,0,0,0,0,0,92,15,0,1,13,0,2,0,1,31,1,0,2,0
0,0,0,0,0,0,0,1012,7243,1,18,10,28,0,0,55,2,0,100,12827,1,27,367,455,15489,53,13007,14,0,0,2,133,434,30,2,29,315,220,15,39,0,0,0,2690,628,6,68,3,0,0,0,0,0,0,0,0,0,0,0,0,0,2,0,0,0,0,0,0,0,1,0,4,1,2,0,6,47,1,0,0,4,2,0,0,2,2,12,0,0,3,0,1,10,0,2,1,0,0,0,0
0,0,0,0,2,0,0,208,52,280,29,67,66,3,7,3,36,161,3,461,141,280,1904,17,53,35560,3286,586,7,1,39,16188,553,6458,0,3,7,5561,1,200,1,13,16,11866,9071,337,641,0,1,25,0,0,0,0,0,0,1,1,0,2,0,4,4,3,0,0,0,2,0,6,2,249,1,18,0,536,267,34,3,0,440,96,0,0,12,275,2,0,0,94,0,200,1310,30,286,0,0,1,0,2
0,0,0,1,0,0,0,844,7563,12,74,49,88,1,1,55,13,15,81,7290,11,202,2243,1981,13007,3286,27501,727,4,0,10,2487,1091,534,5,37,845,3444,132,3579,0,0,0,22009,3665,150,1020,31,0,0,0,0,0,0,0,0,2,0,0,2,0,4,2,1,0,0,0,0,0,1,1,68,3,6,0,162,169,18,0,1,112,23,0,0,4,58,18,2,0,36,0,33,368,7,57,3,0,0,0,0
0,0,0,0,0,0,0,62,10,44,49,97,51,2,0,2,15,7,1,165,18,1809,752,5,14,586,727,58771,323,6,2,413,330,12275,1,0,16,124,2,9822,1,0,0,574,57,14499,2459,0,2,0,0,0,0,0,0,0,0,0,0,0,0,0,0,1,1,0,0,0,0,0,0,25,1,4,0,42,69,2750,3,1,24,5,0,0,1,504,6,0,0,8,0,1493,215,142,46,0,0,0,0,1
68,39,40,283,411,86,23,10,1,458,37,4,9,2961,596,47,0,34,1,18,2,8475,20,4,0,7,4,323,112867,11556,51,6,2,58,5,6,43,4,36,21,29282,3664,100,5,1,195,22,180,6013,387,0,0,0,1,0,0,0,0,0,0,0,0,0,0,0,0,1,0,0,0,0,0,0,0,0,0,0,1,0,0,0,0,0,0,0,1,6,0,0,0,0,0,1,0,0,0,0,0,0,0
100,30,28,331,766,121,12,3,0,869,48,1,4,21021,1236,27,0,58,2,2,13,1509,0,4,0,1,0,6,11556,31837,74,0,0,1,7,1,76,7,21,0,11593,20307,229,0,3,1,0,71,2480,2400,0,0,0,0,0,0,0,0,0,0,1,0,0,0,0,1,1,0,0,0,0,0,0,0,0,0,0,0,0,0,0,0,0,0,0,0,10,0,0,0,0,0,0,0,0,0,0,0,0,0
19,11,3,692,58,70,79,1965,18,3152,346,104,129,179,2809,8377,480,1479,161,863,3306,120,5,258,2,39,10,2,51,74,12138,12,3,1,1126,676,1209,69,3425,1,29,179,26863,2,19,1,2,1701,41,401,0,0,2,0,0,1,0,0,0,0,5,2,0,0,0,0,27,0,0,0,0,1,6,0,0,0,0,0,0,1,0,0,0,0,0,0,167,98,0,1,23,0,0,0,0,52,0,0,1,1
0,1,0,0,0,1,0,101,42,155,41,147,71,3,1,2,18,23,3,233,67,248,2768,17,133,16188,2487,413,6,0,12,42492,9932,5975,0,3,15,1980,1,229,0,8,5,2474,6317,1430,22504,0,1,5,0,0,0,0,0,0,2,0,0,1,0,3,4,1,0,0,0,2,0,6,2,131,4,9,0,326,168,40,0,1,263,58,0,0,3,311,5,0,2,53,0,136,842,29,183,0,0,1,0,0
0,0,0,1,0,0,1,778,72,447,865,12338,20552,0,1,12,291,18,4,6235,350,175,16436,20,434,553,1091,330,2,0,3,9932,16988,158,0,1,106,951,3,29,0,0,0,648,1806,538,14448,0,0,2,0,0,0,0,0,0,3,1,0,4,1,0,0,1,0,0,0,0,0,6,0,3,5,4,0,11,111,0,0,0,9,7,0,0,10,8,70,1,0,4,0,4,28,0,5,0,0,0,0,0
0,0,0,0,1,0,0,57,21,34,42,26,20,2,1,1,5,11,3,128,12,882,511,6,30,6458,534,12275,58,1,1,5975,158,49919,0,1,11,270,0,10740,1,2,0,6187,105,2850,9285,0,0,0,0,0,0,0,0,0,0,0,0,0,2,1,1,1,0,0,0,1,0,1,0,66,1,5,0,198,107,862,1,1,155,17,0,0,1,1836,3,0,0,8,0,1386,678,320,191,0,0,1,0,0
3,7,4,274,5,24,4112,1,14,200,18,1,0,16,17,5161,0,10,24,3,2,37,1,375,2,0,5,1,5,7,1126,0,0,0,14530,7925,310,1,14528,0,6,19,20,1,0,0,0,2356,8,3,0,0,0,1,0,0,0,0,0,0,0,0,0,0,0,0,6,0,0,0,0,0,1,0,0,0,0,0,0,1,0,0,0,0,0,0,18,7,0,0,4,0,0,0,0,2,0,0,0,0
0,4,0,27,3,12,128,37,210,217,97,27,3,9,16,10060,2,57,4264,31,26,26,3,5472,29,3,37,0,6,1,676,3,1,1,7925,6905,1160,7,5152,1,1,14,17,17,1,0,3,459,6,3,0,0,0,0,0,0,0,0,0,0,5,0,0,0,1,1,1,0,2,0,0,0,3,0,0,0,0,0,0,1,0,0,0,0,0,0,96,5,0,0,2,0,1,0,0,3,0,0,2,0
5,5,2,39,39,32,15,3259,4911,1406,886,678,793,108,71,1905,456,742,614,2445,635,125,93,7905,315,7,845,16,43,76,1209,15,106,11,310,1160,3661,13,5796,10,38,135,192,44,13,7,8,1046,59,140,1,0,0,0,1,0,0,1,0,1,4,2,0,1,0,0,2,0,1,1,0,0,3,1,0,1,4,0,0,2,1,0,0,0,0,0,30,16,0,0,14,0,2,0,0,16,0,0,0,0
0,0,0,0,0,0,0,133,76,50,42,76,49,5,9,5,8,118,7,9372,38,114,2148,85,220,5561,3444,124,4,7,69,1980,951,270,1,7,13,13138,10,50,1,9,27,16155,10949,60,1029,0,1,58,0,0,0,0,0,0,2,0,0,1,0,0,4,2,0,0,0,2,0,0,0,20,3,6,0,18,88,4,0,0,17,21,0,0,5,10,2,0,0,51,0,1,32,0,10,1,0,0,0,0
6,27,50,261,51,1135,2831,29,386,729,179,32,3,75,225,6906,3,99,162,14,50,144,4,10506,15,1,132,2,36,21,3425,1,3,0,14528,5152,5796,10,25952,1,30,63,71,27,1,1,1,9252,318,43,0,0,1,0,178,1,0,0,0,0,1,1,0,0,2,3,6,0,0,0,0,0,3,1,0,0,1,0,0,0,0,0,0,0,0,0,56,26,0,0,15,0,1,0,0,37,0,0,0,0
0,1,0,0,0,0,0,40,21,5,19,9,16,0,0,1,0,4,3,77,2,262,182,10,39,200,3579,9822,21,0,1,229,29,10740,0,1,10,50,1,44317,0,0,0,10572,16,660,769,0,0,2,0,0,0,0,0,0,1,1,0,0,1,2,2,0,0,0,0,0,0,1,0,56,1,2,0,91,97,1652,1,0,86,7,0,0,1,1344,1,0,0,8,0,2087,393,232,113,0,0,0,0,0
27,26,22,219,90,44,42,2,0,19636,3,1,1,580,216,36,0,9,1,1,2,19232,74,2,0,1,0,1,29282,11593,29,0,0,1,6,1,38,1,30,0,72280,9198,53,0,0,1,0,176,504,141,0,0,0,0,0,0,0,0,0,0,0,0,0,0,0,0,0,0,0,0,0,0,1,0,0,0,0,0,0,0,0,0,0,0,0,0,5,3,0,0,0,0,0,0,0,1,0,0,0,0
93,67,51,587,387,138,84,12,1,30270,107,54,10,6011,2985,117,1,176,4,6,51,1420,0,6,0,13,0,0,3664,20307,179,8,0,2,19,14,135,9,63,0,9198,21269,617,0,9,0,0,225,989,7712,0,0,0,3,0,0,0,0,0,0,1,2,0,0,2,0,0,0,0,0,0,0,3,0,0,0,0,0,0,0,0,0,0,0,0,0,29,2,0,0,2,0,0,0,0,1,0,0,0,0
11,26,6,2007,77,17,212,14,2,3663,60,9,15,421,10759,6551,1,1394,1,18,12100,83,2,8,0,16,0,0,100,229,26863,5,0,0,20,17,192,27,71,0,53,617,65127,0,8,0,1,44,70,5163,0,0,0,0,0,0,0,0,0,0,3,0,0,0,1,0,4,0,0,0,0,0,1,0,0,0,0,0,0,0,0,0,0,0,0,0,31,5,0,1,0,0,0,0,0,4,0,0,2,0
0,0,0,1,0,0,0,283,836,4,57,59,59,0,0,34,2,4,58,1775,12,508,2815,310,2690,11866,22009,574,5,0,2,2474,648,6187,1,17,44,16155,27,10572,0,0,0,87198,430,523,1598,11,0,1,0,0,1,0,0,0,5,1,0,2,1,1,6,4,0,0,0,1,0,5,1,208,2,17,0,583,268,106,0,3,406,92,0,0,9,668,8,2,0,109,0,365,1428,47,270,1,0,3,1,0
0,0,0,0,0,0,0,2895,36,132,34,25,1650,5,4,3,18,52,3,12290,108,32,565,9,628,9071,3665,57,1,3,19,6317,1806,105,0,1,13,10949,1,16,0,9,8,430,18449,7,256,1,0,13,0,0,0,0,0,0,7,0,0,2,0,1,1,2,0,0,0,1,0,10,0,4,4,6,0,7,329,1,0,1,2,8,0,0,17,5,21,0,0,22,0,2,15,0,0,0,0,0,0,0
0,0,0,1,0,0,0,53,8,21,59,119,79,1,0,0,10,1,0,60,9,2937,3487,4,6,337,150,14499,195,1,1,1430,538,2850,0,0,7,60,1,660,1,0,0,523,7,15480,12499,0,0,0,0,0,0,0,0,0,0,0,0,0,0,0,1,1,0,0,0,0,0,0,0,12,1,1,0,56,12,81,0,0,39,2,0,0,0,261,2,0,0,4,0,69,118,24,24,0,0,0,0,0
0,0,0,3,0,0,0,60,22,41,72,651,150,1,0,2,17,4,1,131,24,893,9133,3,68,641,1020,2459,22,0,2,22504,14448,9285,0,3,8,1029,1,769,0,0,1,1598,256,12499,38770,0,0,0,0,0,0,0,0,0,3,1,0,2,2,1,1,0,0,0,0,2,0,0,0,67,3,12,0,225,93,170,0,0,162,22,0,0,2,911,3,0,0,29,0,374,513,126,150,0,0,0,1,0
56,82,85,608,949,3972,1409,8,19,969,72,7,3,153,171,2730,0,26,23,3,8,358,0,786,3,0,31,0,180,71,1701,0,0,0,2356,459,1046,0,9252,0,176,225,44,11,1,0,0,6847,2588,28,0,0,3,0,3,0,0,0,0,0,1,0,0,0,0,3,7,0,1,0,0,0,1,0,0,0,0,0,0,0,0,0,0,0,0,0,32,34,0,0,20,0,0,0,0,47,0,0,0,0
150,27,38,274,6810,2268,15,1,1,334,44,0,2,17426,358,40,0,12,2,0,3,349,0,35,0,1,0,2,6013,2480,41,1,0,0,8,6,59,1,318,0,504,989,70,0,0,0,0,2588,10488,163,0,0,0,4,0,0,0,0,0,0,0,1,0,0,0,0,0,0,0,0,0,0,0,0,0,0,0,0,0,0,0,0,0,0,0,0,2,2,0,0,0,0,0,0,0,2,0,0,0,0
16,51,7,715,83,21,17,23,2,10113,39,8,27,2333,11554,139,0,475,5,15,1380,196,3,6,0,25,0,0,387,2400,401,5,2,0,3,3,140,58,43,2,141,7712,5163,1,13,0,0,28,163,12740,0,0,0,0,0,0,0,0,0,0,1,1,0,0,0,0,3,0,1,0,0,0,1,0,0,0,0,0,0,0,0,0,0,0,0,0,21,3,0,0,1,0,0,0,0,1,0,0,1,0
0,0,12,0,0,0,0,1,0,1,0,0,0,0,0,0,0,0,0,0,0,0,0,0,0,0,0,0,0,0,0,0,0,0,0,0,1,0,0,0,0,0,0,0,0,0,0,0,0,0,42741,20958,4814,13755,19513,360,0,0,0,0,50,2,0,1,28889,128,161,0,1,1,0,28,8,0,0,0,0,0,271,25,0,0,586,8,0,0,23,109,1,1,23,0,0,0,0,263,5213,17,556,5
0,0,207,0,0,0,1,0,0,0,0,0,0,0,0,0,0,0,0,0,0,0,0,0,0,0,0,0,0,0,0,0,0,0,0,0,0,0,0,0,0,0,0,0,0,0,0,0,0,0,20958,71344,11283,13704,3554,4901,0,0,0,0,32,0,0,0,9634,55,85,0,1,0,0,6,0,0,0,0,0,0,31,6,0,0,73,2,0,0,7,229,0,0,5,0,0,0,0,187,60,2,93,1
0,0,8,0,0,0,1,0,0,1,0,0,0,0,0,0,0,0,0,0,0,0,0,0,0,0,0,0,0,0,2,0,0,0,0,0,0,0,1,0,0,0,0,1,0,0,0,3,0,0,4814,11283,32942,2553,8710,10244,0,0,0,2,548,18,0,0,16744,14875,5113,1,8,0,2,109,13,0,1,0,0,0,267,470,0,0,328,773,1,0,157,2804,26,3,348,0,1,0,0,1436,332,39,776,78
962,73,1975,61,420,2716,225,0,0,10,0,0,0,39,7,0,0,0,0,1,0,0,0,0,0,0,0,0,1,0,0,0,0,0,1,0,0,0,0,0,0,3,0,0,0,0,0,0,4,0,13755,13704,2553,35245,21335,6779,0,0,0,0,35,3,0,0,1545,48,33,0,0,0,0,5,2,0,0,0,0,0,26,5,0,0,54,1,0,0,7,254,0,1,47,0,1,0,0,427,102,3,67,2
0,0,21,2,2,191,166,0,0,0,0,0,0,0,0,1,0,0,0,1,0,0,0,1,0,0,0,0,0,0,0,0,0,0,0,0,1,0,178,0,0,0,0,0,0,0,0,3,0,0,19513,3554,8710,21335,28216,8849,0,0,0,3,496,15,0,1,2014,281,293,0,6,0,1,24,10,0,0,0,0,0,75,21,0,0,120,15,0,0,63,391,9,1,590,0,0,0,0,4300,3441,10,294,25
0,0,4,0,0,4,469,0,0,0,0,0,0,0,0,0,0,0,0,0,0,0,0,0,0,0,0,0,0,0,1,0,0,0,0,0,0,0,1,0,0,0,0,0,0,0,0,0,0,0,360,4901,10244,6779,8849,35176,0,0,0,0,451,27,0,0,594,545,7743,0,3,0,2,9,5,0,0,0,0,0,27,67,0,1,36,115,0,0,16,2246,7,1,912,0,1,0,0,189,22,5,165,27
0,0,0,0,0,0,0,4,5,0,1,0,1,0,0,0,1,0,0,43,0,0,2,0,0,1,2,0,0,0,0,2,3,0,0,0,0,2,0,1,0,0,0,5,7,0,3,0,0,0,0,0,0,0,0,0,3960,6898,684,780,184,1015,196,1431,4,3,14,4294,80,2118,839,332,1664,249,18,296,321,83,1,622,185,4279,0,3,1416,71,561,0,7,437,1,5,67,24,69,1,0,0,7,16
0,0,0,0,0,0,0,6,2,0,1,0,1,0,0,0,0,0,0,17,0,1,0,0,0,1,0,0,0,0,0,0,1,0,0,0,1,0,0,1,0,0,0,1,0,0,1,0,0,0,0,0,0,0,0,0,6898,24154,10878,3116,48,844,70,1780,2,4,335,3689,1847,6541,238,237,2285,84,348,34,60,17,1,2862,17,571,0,2,469,8,222,1,1,400,3,4,29,10,9,0,0,0,4,1
0,0,0,0,0,0,0,1,1,1,1,0,1,0,0,0,1,1,0,1,0,0,0,0,0,0,0,0,0,0,0,0,0,0,0,0,0,0,0,0,0,0,0,0,0,0,0,0,0,0,0,0,0,0,0,0,684,10878,6553,7204,13,43,3,15,0,0,1123,506,3230,117,24,1,766,2,22,4,2,1,0,4366,3,12,0,0,7,1,110,0,0,69,4,0,0,0,0,0,0,0,0,0
0,0,0,0,0,0,0,11,11,1,4,0,3,0,0,0,1,2,1,61,1,1,0,0,0,2,2,0,0,0,0,1,4,0,0,0,1,1,0,0,0,0,0,2,2,0,2,0,0,0,0,0,2,0,3,0,780,3116,7204,47791,311,2569,211,749,8,24,830,511,7308,5644,469,563,17226,8090,20,17,285,37,14,735,23,252,5,1,84,17,1379,8,13,179,7,3,300,24,25,3,5,0,26,39
0,0,0,0,1,0,0,13,2,15,9,3,4,0,0,5,1,10,6,11,4,1,1,0,0,0,0,0,0,1,5,0,1,2,0,5,4,0,1,1,0,1,3,1,0,0,2,1,0,1,50,32,548,35,496,451,184,48,13,311,46759,1407,212,577,568,1205,2230,762,396,50,3669,994,1862,20,521,65,20,93,181,1889,50,120,114,322,41,45,1187,1741,1656,194,454,6,31,21,47,1541,209,33341,27583,17752
0,0,0,0,0,0,0,3,5,5,4,3,2,1,0,3,0,3,0,19,1,1,3,0,2,4,4,0,0,0,2,3,0,1,0,0,2,0,1,2,0,2,0,1,1,0,1,0,1,1,2,0,18,3,15,27,1015,844,43,2569,1407,7713,3762,8954,24,26,563,4076,287,429,9158,6907,2233,205,134,39,138,63,64,720,65,1641,13,14,78,66,456,318,50,215,125,10,238,95,130,235,21,13,40,63
0,0,0,0,0,0,0,0,1,0,0,0,0,0,0,0,0,0,0,2,0,0,2,0,0,4,2,0,0,0,0,4,0,1,0,0,0,4,0,2,0,0,0,6,1,1,1,0,0,0,0,0,0,0,0,0,196,70,3,211,212,3762,15814,22401,2,1,9,3529,5,158,3613,6633,144,429,24,30,370,34,3,69,67,12713,0,2,48,34,24,0,9,394,2,6,396,72,217,1,0,34,2,2
0,0,0,0,0,0,0,10,2,0,1,0,3,0,0,0,0,0,0,25,0,0,1,0,0,3,1,1,0,0,0,1,1,1,0,0,1,2,0,0,0,0,0,4,2,1,0,0,0,0,1,0,0,0,1,0,1431,1780,15,749,577,8954,22401,15092,1,6,12,19597,14,729,4398,2449,451,339,56,28,305,56,13,207,39,13126,0,11,121,33,146,4,29,100,0,3,154,62,88,3,0,1,4,29
0,0,6,0,0,0,0,3,0,4,0,1,1,0,0,3,1,1,0,0,1,0,0,0,0,0,0,1,0,0,0,0,0,0,0,1,0,0,2,0,0,2,1,0,0,0,0,0,0,0,28889,9634,16744,1545,2014,594,4,2,0,8,568,24,2,1,78459,13843,2699,3,33,29,2,282,147,1,4,4,1,4,4336,1176,4,4,17651,379,3,1,365,762,237,82,244,0,2,0,0,633,14341,162,5466,941
0,0,0,0,0,0,0,2,0,0,0,0,1,0,0,2,0,3,0,1,0,0,0,0,0,0,0,0,0,1,0,0,0,0,0,1,0,0,3,0,0,0,0,0,0,0,0,3,0,0,128,55,14875,48,281,545,3,4,0,24,1205,26,1,6,13843,61907,15128,4,25,32,238,70,216,5,110,13,5,7,275,9185,2,13,3923,13460,10,3,222,958,6506,175,291,1,4,1,0,707,245,20,4421,10715
0,0,0,2,1,0,0,0,0,9,1,3,0,2,0,12,1,1,0,1,0,2,0,4,0,0,0,0,1,1,27,0,0,0,6,1,2,0,6,0,0,0,4,0,0,0,0,7,0,3,161,85,5113,33,293,7743,14,335,1123,830,2230,563,9,12,2699,15128,38526,10,23454,601,97,106,3992,23,30,6,5,2,143,4369,4,11,259,10202,4,0,1482,24960,252,306,3820,1,44,1,3,1716,165,27,869,446
0,0,0,0,0,0,0,1,0,0,0,0,0,0,0,0,0,0,0,1,0,0,1,0,0,2,0,0,0,0,0,2,0,1,0,0,0,2,0,0,0,0,0,1,1,0,2,0,0,0,0,0,1,0,0,0,4294,3689,506,511,762,4076,3529,19597,3,4,10,10433,29,45,12410,547,1276,63,1866,140,43,100,3,2851,96,417,1,67,117,45,140,9,204,315,6,2,54,27,61,2,0,0,14,50
0,0,0,0,0,0,0,7,1,9,2,0,0,0,0,1,0,5,4,1,1,0,0,2,0,0,0,0,0,0,0,0,0,0,0,2,1,0,0,0,0,0,0,0,0,0,0,1,0,1,1,1,8,0,6,3,80,1847,3230,7308,396,287,5,14,33,25,23454,29,25848,579,34,32,11365,6,3,5,6,1,9,6010,0,17,4,4,24,1,779,2762,5,147,418,0,8,1,1,122,0,2,44,18
0,0,0,0,0,0,0,10,20,1,0,1,6,0,0,0,0,0,0,115,0,2,1,1,1,6,1,0,0,0,0,6,6,1,0,0,1,0,0,1,0,0,0,5,10,0,0,0,0,0,1,0,0,0,0,0,2118,6541,117,5644,50,429,158,729,29,32,601,45,579,15824,39,775,1119,9882,4,78,1687,161,22,2412,84,3409,4,1,6413,54,894,7,2,3858,5,10,749,73,93,3,6,0,20,22
0,0,0,0,0,0,0,1,0,0,0,0,0,0,0,0,0,0,0,4,1,0,0,0,0,2,1,0,0,0,0,2,0,0,0,0,0,0,0,0,0,0,0,1,0,0,0,0,0,0,0,0,2,0,1,2,839,238,24,469,3669,9158,3613,4398,2,238,97,12410,34,39,19030,716,1142,39,8050,54,32,85,2,6039,54,279,1,358,20,40,166,42,6023,139,53,3,42,36,43,59,1,3,296,14085
0,1,0,0,1,0,0,5,4,8,1,1,3,0,1,0,0,3,0,14,2,3,48,1,4,249,68,25,0,0,1,131,3,66,0,0,0,20,0,56,0,0,0,208,4,12,67,0,0,0,28,6,109,5,24,9,332,237,1,563,994,6907,6633,2449,282,70,106,547,32,775,716,38058,374,760,20,1049,2126,2291,4606,155,1601,13089,343,6,349,2012,204,82,11,1627,49,284,4539,7400,10618,125,368,4238,2118,58
0,1,0,0,0,0,0,31,19,17,8,6,7,0,0,9,1,7,3,68,1,2,6,3,1,1,3,1,0,0,6,4,5,1,1,3,3,3,3,1,1,3,1,2,4,1,3,1,0,1,8,0,13,2,10,5,1664,2285,766,17226,1862,2233,144,451,147,216,3992,1276,11365,1119,1142,374,2406,3399,85,47,168,31,35,1328,42,220,59,7,141,37,21443,1339,102,323,1840,6,307,14,35,169,21,8,259,269
0,0,0,0,0,0,0,4,2,1,0,0,2,0,0,0,0,0,0,31,0,2,5,0,2,18,6,4,0,0,0,9,4,5,0,0,1,6,1,2,0,0,0,17,6,1,12,0,0,0,0,0,0,0,0,0,249,84,2,8090,20,205,429,339,1,5,23,63,6,9882,39,760,3399,31291,4,167,6328,102,6,50,132,2345,1,2,1557,85,1226,2,3,2785,4,110,4157,30,75,0,0,0,4,19
0,0,0,0,0,0,0,0,0,0,0,0,0,0,0,0,0,0,0,0,0,0,0,0,0,0,0,0,0,0,0,0,0,0,0,0,0,0,0,0,0,0,0,0,0,0,0,0,0,0,0,0,1,0,0,0,18,348,22,20,521,134,24,56,4,110,30,1866,3,4,8050,20,85,4,14589,6,4,8,1,7213,3,16,1,1166,5,2,27,18,9140,22,26,0,3,0,5,23,1,0,39,2101
0,0,0,0,0,0,0,4,3,0,1,1,1,0,0,1,0,0,0,9,1,14,74,0,6,536,162,42,0,0,0,326,11,198,0,0,1,18,0,91,0,0,0,583,7,56,225,0,0,0,0,0,0,0,0,0,296,34,4,17,65,39,30,28,4,13,6,140,5,78,54,1049,47,167,6,28414,2253,166,8,150,9537,1665,2,0,10032,8197,14,0,8,10119,0,89,10190,236,524,0,1,3,22,42
0,0,0,0,0,0,0,24,30,4,11,4,18,0,0,0,1,3,0,1202,2,7,100,2,47,267,169,69,0,0,0,168,111,107,0,0,4,88,1,97,0,0,0,268,329,12,93,0,0,0,0,0,0,0,0,0,321,60,2,285,20,138,370,305,1,5,5,43,6,1687,32,2126,168,6328,4,2253,22974,876,12,67,1542,2913,0,0,3600,764,131,0,2,4746,3,5103,25227,132,753,2,1,3,0,3
0,0,0,0,0,0,0,1,0,0,0,1,0,0,0,0,0,1,0,2,0,6,9,0,1,34,18,2750,1,0,0,40,0,862,0,0,0,4,0,1652,0,0,0,106,1,81,170,0,0,0,0,0,0,0,0,0,83,17,1,37,93,63,34,56,4,7,2,100,1,161,85,2291,31,102,8,166,876,53488,394,50,179,331,5,1,44,9292,13,0,6,245,0,18500,1065,13374,933,0,1,35,22,39
0,0,0,0,0,0,0,0,0,1,1,0,0,0,0,1,0,0,0,1,0,0,0,0,0,3,0,3,0,0,0,0,0,1,0,0,0,0,0,1,0,0,0,0,0,0,0,0,0,0,271,31,267,26,75,27,1,1,0,14,181,64,3,13,4336,275,143,3,9,22,2,4606,35,6,1,8,12,394,130391,71,11,17,24022,7,3,89,64,50,4,19,17,20,31,440,50,72,8223,28909,4633,35
0,0,0,0,0,0,0,4,0,12,4,0,0,0,1,2,2,1,5,5,0,2,0,0,0,0,1,1,0,0,1,1,0,1,1,1,2,0,0,0,0,0,0,3,1,0,0,0,0,0,25,6,470,5,21,67,622,2862,4366,735,1889,720,69,207,1176,9185,4369,2851,6010,2412,6039,155,1328,50,7213,150,67,50,71,3677,75,217,466,3890,323,42,815,265,7821,1383,354,13,64,9,20,251,62,4,696,3292
0,0,0,0,0,0,0,3,5,1,1,0,1,0,0,0,0,0,2,8,0,9,87,0,4,440,112,24,0,0,0,263,9,155,0,0,1,17,0,86,0,0,0,406,2,39,162,0,0,0,0,0,0,0,0,0,185,17,3,23,50,65,67,39,4,2,4,96,0,84,54,1601,42,132,3,9537,1542,179,11,75,11742,4029,1,1,2036,3142,9,0,3,1531,1,106,3314,515,9812,0,1,1,12,27
0,0,0,0,0,0,0,5,0,1,3,1,0,0,0,0,0,0,0,43,0,2,50,0,2,96,23,5,0,0,0,58,7,17,0,0,0,21,0,7,0,0,0,92,8,2,22,0,0,0,0,0,0,0,0,1,4279,571,12,252,120,1641,12713,13126,4,13,11,417,17,3409,279,13089,220,2345,16,1665,2913,331,17,217,4029,30304,4,1,5884,399,247,4,16,3088,1,27,2390,343,5770,1,2,1,20,22
0,0,0,0,0,0,0,2,1,1,0,0,0,0,0,0,0,0,0,0,0,0,0,0,0,0,0,0,0,0,0,0,0,0,0,0,0,0,0,0,0,0,0,0,0,0,0,0,0,0,586,73,328,54,120,36,0,0,0,5,114,13,0,0,17651,3923,259,1,4,4,1,343,59,1,1,2,0,5,24022,466,1,4,67394,37,4,0,72,120,33,60,26,0,1,2,1,95,4396,17842,36955,1371
0,0,0,0,0,0,0,1,0,0,0,0,0,0,0,1,0,0,0,0,0,0,0,0,0,0,0,0,0,0,0,0,0,0,0,0,0,0,0,0,0,0,0,0,0,0,0,0,0,0,8,2,773,1,15,115,3,2,0,1,322,14,2,11,379,13460,10202,67,4,1,358,6,7,2,1166,0,0,1,7,3890,1,1,37,29217,0,0,8,187,8364,7,23,0,0,0,0,84,6,0,137,745
0,0,0,0,0,0,0,0,3,0,0,0,1,0,0,0,0,0,0,52,0,0,10,0,2,12,4,1,0,0,0,3,10,1,0,0,0,5,0,1,0,0,0,9,17,0,2,0,0,0,0,0,1,0,0,0,1416,469,7,84,41,78,48,121,3,10,4,117,24,6413,20,349,141,1557,5,10032,3600,44,3,323,2036,5884,4,0,30194,134,172,0,4,23169,3,6,525,39,88,0,1,0,17,46
0,0,0,0,0,0,0,1,5,0,1,2,2,0,0,0,0,0,0,15,0,25,51,0,2,275,58,504,1,0,0,311,8,1836,0,0,0,10,0,1344,0,0,0,668,5,261,911,0,0,0,0,0,0,0,0,0,71,8,1,17,45,66,34,33,1,3,0,45,1,54,40,2012,37,85,2,8197,764,9292,89,42,3142,399,0,0,134,38689,12,0,6,996,1,7257,4624,7385,2494,1,1,7,8,27
0,0,1,4,5,4,2,978,247,418,276,201,310,21,9,145,87,234,133,749,98,25,27,92,12,2,18,6,6,10,167,5,70,3,18,96,30,2,56,1,5,29,31,8,21,2,3,32,2,21,23,7,157,7,63,16,561,222,110,1379,1187,456,24,146,365,222,1482,140,779,894,166,204,21443,1226,27,14,131,13,64,815,9,247,72,8,172,12,2799,2032,57,60,7645,7,30,4,12,1270,65,12,337,101
0,0,1,3,1,7,2,3,1,20,4,0,1,2,4,66,1,1,1,1,0,1,0,15,0,0,2,0,0,0,98,0,1,0,7,5,16,0,26,0,3,2,5,2,0,0,0,34,2,3,109,229,2804,254,391,2246,0,1,0,8,1741,318,0,4,762,958,24960,9,2762,7,42,82,1339,2,18,0,0,0,50,265,0,4,120,187,0,0,2032,22339,130,8,11143,0,1,1,0,2969,70,6,452,190
0,0,0,0,0,0,0,0,0,1,0,0,0,0,0,0,0,0,0,0,0,0,0,0,0,0,0,0,0,0,0,2,0,0,0,0,0,0,0,0,0,0,0,0,0,0,0,0,0,0,1,0,26,0,9,7,7,1,0,13,1656,50,9,29,237,6506,252,204,5,2,6023,11,102,3,9140,8,2,6,4,7821,3,16,33,8364,4,6,57,130,13841,54,48,0,1,2,0,120,1,2,301,8893
0,0,0,0,0,0,0,2,2,1,1,2,0,0,0,0,0,0,0,40,0,1,59,1,3,94,36,8,0,0,1,53,4,8,0,0,0,51,0,8,0,0,1,109,22,4,29,0,0,0,1,0,3,1,1,1,437,400,69,179,194,215,394,100,82,175,306,315,147,3858,139,1627,323,2785,22,10119,4746,245,19,1383,1531,3088,60,7,23169,996,60,8,54,31215,3,55,21673,62,332,7,3,4,138,165
0,0,0,1,1,3,0,0,0,7,0,0,1,0,1,24,0,1,0,1,0,0,0,13,0,0,0,0,0,0,23,0,0,0,4,2,14,0,15,0,0,2,0,0,0,0,0,20,0,1,23,5,348,47,590,912,1,3,4,7,454,125,2,0,244,291,3820,6,418,5,53,49,1840,4,26,0,3,0,17,354,1,1,26,23,3,1,7645,11143,48,3,23887,0,1,0,0,15183,39,6,133,52
0,0,0,0,0,0,0,0,1,0,0,1,0,0,0,0,1,1,0,4,0,16,13,0,1,200,33,1493,0,0,0,136,4,1386,0,0,0,1,0,2087,0,0,0,365,2,69,374,0,0,0,0,0,0,0,0,0,5,4,0,3,6,10,6,3,0,1,1,2,0,10,3,284,6,110,0,89,5103,18500,20,13,106,27,0,0,6,7257,7,0,0,55,0,37892,11397,668,268,1,0,3,3,6
0,0,0,0,0,0,0,4,11,2,7,5,4,0,0,0,0,1,0,39,0,28,172,2,10,1310,368,215,1,0,0,842,28,678,0,1,2,32,1,393,0,0,0,1428,15,118,513,0,0,0,0,0,1,1,0,1,67,29,0,300,31,238,396,154,2,4,44,54,8,749,42,4539,307,4157,3,10190,25227,1065,31,64,3314,2390,1,0,525,4624,30,1,1,21673,1,11397,77394,353,1763,0,1,2,6,5
0,0,0,0,0,0,0,0,0,0,0,0,0,0,0,0,0,0,0,1,0,6,2,0,0,30,7,142,0,0,0,29,0,320,0,0,0,0,0,232,0,0,0,47,0,24,126,0,0,0,0,0,0,0,0,0,24,10,0,24,21,95,72,62,0,1,1,27,1,73,36,7400,14,30,0,236,132,13374,440,9,515,343,2,0,39,7385,4,1,2,62,0,668,353,19897,8661,0,0,50,5,1
0,0,0,0,0,0,0,2,2,0,1,0,1,0,0,0,0,1,0,6,0,7,42,1,2,286,57,46,0,0,0,183,5,191,0,0,0,10,0,113,0,0,0,270,0,24,150,0,0,0,0,0,0,0,0,0,69,9,0,25,47,130,217,88,0,0,3,61,1,93,43,10618,35,75,5,524,753,933,50,20,9812,5770,1,0,88,2494,12,0,0,332,0,268,1763,8661,19002,2,0,5,4,7
0,0,1,1,1,2,1,2,0,5,2,0,0,1,0,31,0,2,0,0,0,0,0,31,1,0,3,0,0,0,52,0,0,0,2,3,16,1,37,0,1,1,4,1,0,0,0,47,2,1,263,187,1436,427,4300,189,1,0,0,3,1541,235,1,3,633,707,1716,2,122,3,59,125,169,0,23,0,2,0,72,251,0,1,95,84,0,1,1270,2969,120,7,15183,1,0,0,2,9750,450,17,490,109
0,0,0,0,0,0,0,0,0,1,0,0,0,0,0,2,0,0,0,0,1,0,0,1,0,0,0,0,0,0,0,0,0,0,0,0,0,0,0,0,0,0,0,0,0,0,0,0,0,0,5213,60,332,102,3441,22,0,0,0,5,209,21,0,0,14341,245,165,0,0,6,1,368,21,0,1,1,1,1,8223,62,1,2,4396,6,1,1,65,70,1,3,39,0,1,0,0,450,35600,632,2987,20
0,0,0,0,0,0,0,0,0,0,0,0,0,0,0,0,0,0,0,0,0,0,0,0,0,1,0,0,0,0,0,1,0,1,0,0,0,0,0,0,0,0,0,3,0,0,0,0,0,0,17,2,39,3,10,5,0,0,0,0,33341,13,34,1,162,20,27,0,2,0,3,4238,8,0,0,3,3,35,28909,4,1,1,17842,0,0,7,12,6,2,4,6,3,2,50,5,17,632,50800,1700,23
1,0,0,0,0,0,0,2,0,2,2,0,1,0,0,1,0,0,2,0,0,0,0,2,0,0,0,0,0,0,1,0,0,0,0,2,0,0,0,0,0,0,2,1,0,0,1,0,0,1,556,93,776,67,294,165,7,4,0,26,27583,40,2,4,5466,4421,869,14,44,20,296,2118,259,4,39,22,0,22,4633,696,12,20,36955,137,17,8,337,452,301,138,133,3,6,5,4,490,2987,1700,19677,3950
0,0,0,0,0,0,0,1,0,1,0,0,0,0,0,2,0,0,0,0,0,0,0,0,0,2,0,1,0,0,1,0,0,0,0,0,0,0,0,0,0,0,0,0,0,0,0,0,0,0,5,1,78,2,25,27,16,1,0,39,17752,63,2,29,941,10715,446,50,18,22,14085,58,269,19,2101,42,3,39,35,3292,27,22,1371,745,46,27,101,190,8893,165,52,6,5,1,7,109,20,23,3950,12045
