13235,2431,7288,1753,6304,3808,1002,1,3,67,0,0,0,15922,1450,457,0,1,2,6,2,377,1,0,9,7,1,22,446,1175,8,4,3,12,45,10,2,14,15,1,302,131,70,6,9,4,7,90,2886,9,3,12,6,268,10,67,0,0,0,1,1,0,1,0,5,1,16,0,4,0,0,1,1,1,0,0,0,0,1,0,1,0,2,1,0,0,4,12,0,0,3,1,0,0,0,51,2,0,0,0
2431,12873,3531,11405,374,238,792,0,1,129,0,0,1,2231,1242,261,0,0,5,4,5,403,0,2,7,1,1,10,109,790,11,6,2,4,27,4,4,1,14,2,297,264,28,4,5,1,3,83,324,8,13,9,16,40,16,74,0,0,0,0,1,0,0,0,7,0,12,0,1,2,0,1,0,0,0,0,1,0,3,0,0,2,2,1,0,0,5,6,0,0,2,0,0,0,0,109,1,0,2,0
7288,3531,16528,8340,2646,7478,12370,0,0,75,0,1,0,1678,117,88,0,0,1,0,2,453,0,1,0,1,0,16,164,729,2,4,2,4,21,4,3,1,6,2,270,177,16,2,3,1,3,99,294,9,7,22,3,758,20,188,0,0,0,0,1,0,0,0,6,0,12,0,0,0,0,0,0,0,0,0,1,0,2,0,0,0,0,1,0,0,1,9,0,0,0,0,0,0,0,80,4,1,2,0
1753,11405,8340,47768,402,1799,18940,11,36,778,28,9,10,4554,14852,11996,12,2,37,110,30,1030,6,11,89,68,19,39,225,2305,209,34,28,98,568,94,86,116,189,6,782,1172,1685,66,141,3,17,850,385,92,74,195,96,170,127,547,0,1,3,5,14,0,2,0,82,12,169,2,17,18,1,4,3,11,4,0,4,0,24,3,1,4,23,17,4,0,42,132,3,4,23,0,5,0,0,617,35,3,12,6
6304,374,2646,402,11842,15479,1510,0,3,21,1,0,0,2784,118,201,0,0,1,3,0,69,0,3,2,1,2,12,236,412,0,0,0,5,62,2,6,0,58,2,70,21,20,3,0,5,1,485,4016,5,3,2,2,116,3,48,0,0,1,0,2,0,0,0,2,0,3,0,0,0,0,0,0,1,0,0,0,0,0,0,0,0,0,1,1,0,1,5,0,0,2,1,0,0,0,12,0,0,0,0
3808,238,7478,1799,15479,22541,20730,2,7,90,5,0,0,1068,108,712,1,0,6,2,0,162,0,18,10,1,10,14,169,395,10,2,2,1,399,11,20,2,495,13,118,79,31,9,5,2,2,2710,3186,4,186,84,24,2700,409,863,0,0,0,0,1,0,0,0,28,1,18,0,4,2,0,13,0,1,0,0,0,3,57,1,1,1,35,4,0,1,3,21,3,0,1,0,0,1,1,188,44,9,7,1
1002,792,12370,18940,1510,20730,28820,4,40,469,47,4,6,1185,990,7911,3,1,26,32,20,403,3,28,36,14,15,5,95,739,62,4,7,19,1829,69,96,20,364,4,250,457,147,27,40,3,4,2853,442,40,85,265,477,689,296,2075,0,0,5,2,15,0,0,0,96,8,134,0,21,2,0,11,6,5,2,0,2,2,31,4,0,2,33,19,2,1,53,138,7,0,28,0,1,0,0,790,37,6,11,1
1,0,0,11,0,2,4,34203,9226,92,1769,684,7095,34,104,1003,1918,6433,2096,5323,258,2098,368,37,386,57,66,8,11,44,2286,45,807,64,11,49,589,245,5,6,8,17,477,122,489,37,67,1,2,17,0,0,1,0,1,0,164,224,39,722,1,4,34,75,0,2,9,4,39,320,2,18,16,60,3,1,31,0,1,7,2,94,0,4,20,2,344,9,2,12,0,0,21,0,3,3,1,0,3,2
3,1,0,36,3,7,40,9226,56096,223,1846,1491,2718,34,75,1181,1570,1075,7827,5154,635,2313,432,11973,8723,64,6339,92,10,45,495,56,840,85,276,1315,9873,243,259,958,26,73,243,663,258,47,81,43,6,59,1,2,7,0,1,4,566,1024,194,3481,19,15,148,269,9,9,79,30,196,1513,18,47,117,383,10,8,337,2,4,47,14,331,9,10,59,13,2488,28,15,42,6,20,74,1,6,7,2,2,16,5
67,129,75,778,21,90,469,92,223,32458,3004,2120,264,315,649,3140,369,67,571,110,3897,4150,905,353,155,151,85,65,227,446,604,754,631,400,973,752,687,93,908,40,14963,22122,2130,714,181,221,1220,372,62,7214,14,25,57,7,12,57,2,5,69,32,59,3,5,1,68,44,338,3,179,9,20,21,43,13,13,4,16,0,36,63,10,13,55,85,9,2,368,303,63,18,106,1,32,1,4,66,8,7,63,33
0,0,0,28,1,5,47,1769,1846,3004,6769,13128,1679,19,53,933,1077,164,742,176,2288,4049,3441,98,140,70,55,46,8,62,374,299,501,234,199,284,205,52,184,46,48,227,238,531,62,404,958,32,9,78,1,4,7,2,3,10,5,3,13,16,5,2,2,5,14,9,34,0,31,22,3,4,7,8,2,2,13,2,7,5,3,10,8,10,13,1,65,29,10,9,20,1,13,0,0,7,2,2,14,5
0,0,1,9,0,0,4,684,1491,2120,13128,20068,15230,32,43,127,4283,230,236,960,6461,2821,7206,96,1560,63,268,18,8,122,296,343,8014,118,30,50,173,111,13,12,17,244,309,428,154,207,866,4,3,282,0,0,0,0,0,0,13,18,9,71,4,1,18,19,1,4,12,1,34,252,1,12,6,240,2,8,89,0,4,9,6,102,1,2,54,1,72,6,6,65,2,4,112,0,2,0,0,0,1,4
0,1,0,10,0,0,6,7095,2718,264,1679,15230,25926,34,106,237,8350,1733,271,3022,1037,744,501,23,663,36,77,4,4,81,1605,201,7230,55,13,25,168,55,4,4,13,72,640,98,402,39,179,0,2,130,0,0,1,0,0,0,50,62,8,200,4,1,29,33,1,1,11,4,13,186,2,9,11,70,1,2,34,0,0,6,1,57,1,2,11,0,82,6,3,6,1,0,17,0,0,2,0,0,1,1
15922,2231,1678,4554,2784,1068,1185,34,34,315,19,32,34,63514,15959,2557,21,9,35,156,142,803,45,31,132,188,51,121,2996,32884,235,347,210,325,580,102,206,155,272,15,894,1142,3177,193,448,27,175,371,15753,3179,27,61,46,67,21,146,1,0,4,9,21,1,2,2,71,31,187,1,18,14,1,20,9,17,1,2,11,0,13,11,0,6,28,31,16,1,67,184,13,10,53,3,15,0,2,191,11,4,22,7
1450,1242,117,14852,118,108,990,104,75,649,53,43,106,15959,17555,7937,37,22,99,409,133,785,30,30,205,243,48,59,521,5103,1476,408,390,388,524,143,168,241,228,5,758,1277,16421,228,805,8,147,343,733,9087,31,49,46,10,30,155,6,4,5,16,17,0,5,4,67,21,174,0,33,24,2,13,6,18,1,0,18,2,16,9,2,21,33,29,25,0,70,158,21,9,36,5,31,0,3,209,7,3,16,7
457,261,88,11996,201,712,7911,1003,1181,3140,933,127,237,2557,7937,32397,449,593,4694,1300,530,1359,85,366,707,122,150,39,260,2016,14979,67,240,156,2853,3516,1043,320,717,28,744,1535,13380,195,465,10,55,1441,422,298,64,127,173,24,78,371,21,23,42,68,117,7,10,12,233,129,757,5,303,106,30,60,60,52,22,3,23,2,69,114,6,26,137,196,15,5,439,754,148,12,251,3,19,2,2,443,31,29,117,74
0,0,0,12,0,1,3,1918,1570,369,1077,4283,8350,21,37,449,5986,2182,694,186,6061,498,364,71,102,35,18,3,4,44,2475,199,1156,53,13,53,212,13,20,2,16,99,456,72,176,24,157,1,1,136,0,2,3,0,0,0,4,7,32,43,8,2,4,2,0,2,19,1,54,14,4,4,11,7,3,1,8,0,2,13,1,7,2,7,6,0,89,6,8,6,3,1,11,0,0,3,0,2,6,6
1,0,0,2,0,0,1,6433,1075,67,164,230,1733,9,22,593,2182,3964,1579,377,169,197,24,46,50,16,17,1,2,15,2605,67,327,21,9,26,178,30,8,1,12,26,175,20,143,2,20,0,0,15,2,2,1,0,0,1,3,5,58,43,18,1,2,1,5,3,20,5,72,8,7,4,8,4,4,1,0,0,2,22,0,9,8,2,4,1,114,10,10,0,5,0,4,0,2,0,0,1,11,12
2,5,1,37,1,6,26,2096,7827,571,742,236,271,35,99,4694,694,1579,9520,1846,765,573,79,1588,1552,42,327,15,23,215,2552,27,206,49,173,2056,1605,175,99,47,108,248,553,184,241,11,27,7,2,80,2,11,32,2,1,11,22,39,167,172,108,9,18,9,47,33,261,16,411,84,43,31,103,55,21,6,19,2,18,121,2,40,38,39,17,2,795,174,113,10,53,0,23,0,2,12,1,18,93,68
6,4,0,110,3,2,32,5323,5154,110,176,960,3022,156,409,1300,186,377,1846,26767,94,746,960,45,5145,398,593,34,24,184,1485,206,7864,369,59,217,161,7328,26,17,31,83,1195,1532,5045,34,171,8,16,97,2,2,7,2,1,4,204,230,13,681,9,14,256,198,12,15,81,5,82,1569,16,136,54,1363,2,16,308,1,1,19,11,788,6,13,216,5,94,20,9,206,9,11,398,1,17,3,0,2,5,3
2,5,2,30,0,0,20,258,635,3897,2288,6461,1037,142,133,530,6061,169,765,94,13111,757,612,272,143,86,51,27,13,497,1086,550,930,180,104,241,421,59,118,4,88,1382,6526,310,199,38,632,10,2,3679,3,0,5,0,0,5,5,6,60,33,31,2,2,6,12,16,68,1,134,14,10,7,29,19,10,5,16,0,4,44,2,5,7,7,13,1,256,52,30,13,17,2,22,0,3,4,2,3,23,15
377,403,453,1030,69,162,403,2098,2313,4150,4049,2821,744,803,785,1359,498,197,573,746,757,25755,6547,194,495,256,155,4129,2647,1644,455,587,455,3058,414,247,326,170,424,690,17510,2964,972,1825,264,5490,3490,135,64,205,7,14,40,18,9,55,12,11,26,43,38,2,10,9,55,43,246,4,119,79,11,18,21,54,10,15,45,15,20,44,9,33,38,49,25,9,152,217,66,21,66,39,67,1,12,37,2,7,44,21
1,0,0,6,0,0,3,368,432,905,3441,7206,501,45,30,85,364,24,79,960,612,6547,15022,28,1659,515,554,161,14,104,67,1016,6504,987,19,25,20,592,13,155,29,210,107,3247,649,4048,6173,4,3,159,0,0,0,1,0,0,3,4,3,22,2,3,13,2,1,3,5,1,7,75,3,29,6,152,0,41,125,4,0,7,33,99,1,5,138,19,11,2,5,155,4,16,256,1,26,0,0,0,0,1
0,2,1,11,3,18,28,37,11973,353,98,96,23,31,30,366,71,46,1588,45,272,194,28,11926,1247,10,2157,60,33,224,244,16,58,32,897,3704,5449,28,8884,663,121,266,300,550,28,3,18,176,15,74,0,1,7,2,0,3,16,34,45,96,22,1,6,3,13,8,67,6,100,28,5,7,19,20,8,2,21,6,2,19,4,11,14,10,10,5,324,55,21,7,21,19,22,1,3,5,0,0,10,7
9,7,0,89,2,10,36,386,8723,155,140,1560,663,132,205,707,102,50,1552,5145,143,495,1659,1247,11819,215,10370,87,20,215,228,251,4429,405,292,760,380,1845,422,431,34,157,336,4788,1491,49,408,83,13,160,5,2,16,0,2,10,184,173,29,686,12,16,301,231,20,20,76,10,135,1779,20,197,70,1733,6,56,742,9,4,23,45,981,9,16,436,38,118,29,11,486,9,50,846,5,51,10,1,0,8,5
7,1,1,68,1,1,14,57,64,151,70,63,36,188,243,122,35,16,42,398,86,256,515,10,215,14830,286,49,22,294,190,3420,959,5712,4,10,3,1797,15,72,37,153,395,8992,3136,98,680,3,14,144,0,0,2,0,0,0,0,5,3,6,5,3,3,1,3,5,9,0,9,11,3,59,2,38,3,290,262,18,0,2,159,92,2,5,149,98,5,2,8,280,0,146,601,7,134,2,0,0,1,6
1,1,0,19,2,10,15,66,6339,85,55,268,77,51,48,150,18,17,327,593,51,155,554,2157,10370,286,18469,772,7,88,55,238,1043,484,196,326,757,617,1105,8436,14,68,93,12411,757,32,336,209,16,78,0,2,2,0,2,3,7,21,4,57,3,0,14,17,8,11,20,1,18,118,7,74,16,249,4,79,428,20,3,10,50,182,2,7,301,75,33,4,11,366,4,182,616,1,52,8,1,0,4,2
22,10,16,39,12,14,5,8,92,65,46,18,4,121,59,39,3,1,15,34,27,4129,161,60,87,49,772,51768,1646,717,20,51,43,10657,26,15,314,22,211,13292,835,108,52,493,75,13516,5510,52,22,21,0,0,1,0,1,0,0,0,1,0,2,0,0,0,2,0,5,0,6,1,1,4,1,10,0,24,64,93,1,2,33,8,1,0,10,196,17,8,1,6,9,791,154,2,26,1,0,0,2,2
446,109,164,225,236,169,95,11,10,227,8,8,4,2996,521,260,4,2,23,24,13,2647,14,33,20,22,7,1646,80698,11551,48,30,21,213,90,38,64,14,66,122,20318,331,276,36,33,343,186,47,7435,43,3,1,10,12,0,14,0,0,2,4,4,1,0,1,21,6,61,1,25,2,0,2,8,1,2,0,2,1,7,2,1,6,8,10,5,1,40,42,11,2,16,12,5,0,0,18,1,1,12,9
1175,790,729,2305,412,395,739,44,45,446,62,122,81,32884,5103,2016,44,15,215,184,497,1644,104,224,215,294,88,717,11551,54252,475,919,578,670,739,375,808,178,649,83,12586,10586,4856,506,722,126,588,202,3251,3441,23,29,58,28,9,90,4,3,23,15,87,1,7,4,104,65,468,2,192,23,14,36,24,23,8,6,19,3,49,59,3,17,70,114,37,2,271,432,91,20,132,13,30,2,4,74,13,13,78,59
8,11,2,209,0,10,62,2286,495,604,374,296,1605,235,1476,14979,2475,2605,2552,1485,1086,455,67,244,228,190,55,20,48,475,23765,339,865,256,214,357,641,392,219,17,145,354,13657,167,1377,5,100,46,30,325,7,13,41,1,4,36,17,14,79,74,133,6,5,11,55,40,311,7,362,57,30,26,57,35,24,3,20,0,24,128,5,21,59,73,18,2,471,328,112,17,109,1,30,1,5,32,5,11,98,58
4,6,4,34,0,2,4,45,56,754,299,343,201,347,408,67,199,67,27,206,550,587,1016,16,251,3420,238,51,30,919,339,14277,7066,2483,7,12,23,239,12,77,109,647,689,1953,3906,273,11974,1,11,717,0,0,0,0,0,2,2,2,4,9,3,0,4,0,0,5,2,2,7,23,3,24,3,40,1,126,120,5,1,3,87,48,1,3,91,43,5,4,2,172,2,73,362,4,61,0,1,1,4,4
3,2,2,28,0,2,7,807,840,631,501,8014,7230,210,390,240,1156,327,206,7864,930,455,6504,58,4429,959,1043,43,21,578,865,7066,14261,968,30,80,55,880,34,46,51,526,1162,2259,6102,119,7720,10,7,749,0,0,1,0,0,1,33,28,7,90,12,5,63,45,8,5,26,2,34,518,5,88,15,703,2,31,297,0,1,15,24,407,3,7,291,14,20,18,6,308,5,9,501,0,28,2,1,0,6,7
12,4,4,98,5,1,19,64,85,400,234,118,55,325,388,156,53,21,49,369,180,3058,987,32,405,5712,484,10657,213,670,256,2483,968,24101,8,22,46,440,56,9972,205,322,524,6121,2239,3088,12714,7,12,247,0,0,0,0,0,0,0,4,1,4,3,2,3,4,0,5,4,0,1,8,1,36,5,46,2,266,205,168,0,5,199,57,3,1,89,759,4,5,6,138,2,1500,1131,31,160,2,0,2,1,2
45,27,21,568,62,399,1829,11,276,973,199,30,13,580,524,2853,13,9,173,59,104,414,19,897,292,4,196,26,90,739,214,7,30,8,3554,1076,1393,30,6112,117,241,481,576,131,26,6,7,4457,244,121,41,74,109,13,32,237,4,11,15,19,70,3,3,1,138,59,446,3,125,17,4,30,19,11,6,1,5,3,60,43,1,4,75,90,6,0,284,439,53,4,156,4,5,1,1,303,24,11,75,20
10,4,4,94,2,11,69,49,1315,752,284,50,25,102,143,3516,53,26,2056,217,241,247,25,3704,760,10,326,15,38,375,357,12,80,22,1076,3324,1693,37,2831,92,147,330,550,145,36,8,15,71,13,101,4,4,33,1,3,21,9,18,48,56,65,7,5,1,61,43,308,4,195,32,15,26,32,12,8,0,9,2,26,59,1,16,46,84,4,4,355,278,73,5,92,1,16,1,0,19,4,6,71,30
2,4,3,86,6,20,96,589,9873,687,205,173,168,206,168,1043,212,178,1605,161,421,326,20,5449,380,3,757,314,64,808,641,23,55,46,1393,1693,3887,15,6298,1419,268,565,1398,259,25,27,16,562,41,324,1,3,10,1,1,4,14,37,30,205,16,0,4,7,12,16,68,3,32,35,5,5,17,9,4,0,14,3,7,15,4,8,10,13,1,3,553,64,11,3,33,35,6,0,0,19,2,3,14,2
14,1,1,116,0,2,20,245,243,93,52,111,55,155,241,320,13,30,175,7328,59,170,592,28,1845,1797,617,22,14,178,392,239,880,440,30,37,15,11329,25,23,27,96,547,6771,2597,36,282,4,9,76,0,0,2,0,0,1,4,6,6,23,1,5,18,7,3,14,17,1,15,90,6,114,10,290,5,57,336,5,4,13,45,277,6,10,426,26,6,4,12,368,6,24,522,0,47,4,0,0,1,4
15,14,6,189,58,495,364,5,259,908,184,13,4,272,228,717,20,8,99,26,118,424,13,8884,422,15,1105,211,66,649,219,12,34,56,6112,2831,6298,25,18669,1922,233,400,502,814,17,11,18,6434,242,121,24,41,75,3,21,90,0,3,7,11,57,2,0,2,90,43,379,2,161,11,6,29,20,10,7,7,9,7,38,31,5,6,71,88,5,11,327,389,57,5,120,33,14,0,2,107,8,6,39,21
1,2,2,6,2,13,4,6,958,40,46,12,4,15,5,28,2,1,47,17,4,690,155,663,431,72,8436,13292,122,83,17,77,46,9972,117,92,1419,23,1922,41557,60,14,24,9425,42,709,673,377,24,13,0,0,0,0,2,1,0,1,0,8,5,1,1,2,2,4,8,1,8,6,4,56,9,43,0,308,513,857,0,6,367,47,4,7,57,1805,117,11,2,100,52,7099,2178,42,187,14,2,0,2,3
302,297,270,782,70,118,250,8,26,14963,48,17,13,894,758,744,16,12,108,31,88,17510,29,121,34,37,14,835,20318,12586,145,109,51,205,241,147,268,27,233,60,60221,15873,659,92,95,159,209,59,78,236,5,10,10,8,10,19,2,0,8,5,30,2,2,1,23,12,139,3,99,8,13,9,13,3,6,0,2,2,13,23,0,5,25,29,6,2,128,129,33,5,40,8,7,0,0,18,7,5,29,16
131,264,177,1172,21,79,457,17,73,22122,227,244,72,1142,1277,1535,99,26,248,83,1382,2964,210,266,157,153,68,108,331,10586,354,647,526,322,481,330,565,96,400,14,15873,27846,3655,408,289,47,567,148,68,10144,8,17,22,6,3,32,3,3,45,11,58,3,3,1,43,41,246,1,174,9,20,19,29,11,10,3,8,2,21,48,5,13,41,57,25,2,246,201,52,14,78,3,24,0,2,29,3,5,47,25
70,28,16,1685,20,31,147,477,243,2130,238,309,640,3177,16421,13380,456,175,553,1195,6526,972,107,300,336,395,93,52,276,4856,13657,689,1162,524,576,550,1398,547,502,24,659,3655,46994,359,1719,14,269,134,215,16290,15,27,70,5,13,53,7,5,34,39,118,7,11,8,76,59,589,3,323,63,9,67,27,48,24,2,25,0,52,82,9,32,100,148,40,1,418,542,147,35,182,0,48,0,4,66,11,24,107,53
6,4,2,66,3,9,27,122,663,714,531,428,98,193,228,195,72,20,184,1532,310,1825,3247,550,4788,8992,12411,493,36,506,167,1953,2259,6121,131,145,259,6771,814,9425,92,408,359,39084,2019,674,2241,193,32,296,1,2,4,0,7,5,9,17,6,51,15,14,28,13,21,37,47,8,10,97,33,238,17,356,20,1082,1516,108,9,22,609,502,22,29,822,478,23,18,25,1289,17,951,3038,21,493,17,3,0,19,18
9,5,3,141,0,5,40,489,258,181,62,154,402,448,805,465,176,143,241,5045,199,264,649,28,1491,3136,757,75,33,722,1377,3906,6102,2239,26,36,25,2597,17,42,95,289,1719,2019,6435,42,771,7,28,360,1,1,0,0,0,1,12,8,6,38,8,3,27,17,15,22,26,3,20,212,10,119,14,439,6,85,381,6,1,9,78,346,9,12,501,33,13,7,9,449,3,31,639,2,60,4,0,0,7,7
4,1,1,3,5,2,3,37,47,221,404,207,39,27,8,10,24,2,11,34,38,5490,4048,3,49,98,32,13516,343,126,5,273,119,3088,6,8,27,36,11,709,159,47,14,674,42,6342,8190,2,3,16,0,0,0,0,0,1,1,0,0,0,0,0,1,0,0,0,0,0,0,6,1,2,0,7,0,7,14,12,0,2,3,5,0,0,6,16,6,1,0,10,2,83,30,0,5,0,0,0,0,0
7,3,3,17,1,2,4,67,81,1220,958,866,179,175,147,55,157,20,27,171,632,3490,6173,18,408,680,336,5510,186,588,100,11974,7720,12714,7,15,16,282,18,673,209,567,269,2241,771,8190,30584,4,2,407,1,0,0,0,0,1,2,3,1,4,3,0,3,1,4,11,4,1,4,18,3,25,0,43,1,130,122,28,0,5,98,64,1,5,89,199,12,2,6,147,4,302,442,2,45,4,0,0,1,2
90,83,99,850,485,2710,2853,1,43,372,32,4,0,371,343,1441,1,0,7,8,10,135,4,176,83,3,209,52,47,202,46,1,10,7,4457,71,562,4,6434,377,59,148,134,193,7,2,4,6302,1366,17,55,176,118,35,111,412,0,2,7,4,5,0,1,0,110,8,187,1,16,4,0,9,5,3,2,2,2,1,25,4,1,1,23,17,3,2,55,166,8,2,27,11,3,0,1,639,19,6,14,3
2886,324,294,385,4016,3186,442,2,6,62,9,3,2,15753,733,422,1,0,2,16,2,64,3,15,13,14,16,22,7435,3251,30,11,7,12,244,13,41,9,242,24,78,68,215,32,28,3,2,1366,12382,9,5,9,8,22,16,32,0,0,1,1,2,1,1,0,9,3,32,0,2,3,1,1,1,2,0,0,1,0,3,1,0,0,5,4,1,0,12,36,1,1,6,1,1,0,0,46,7,0,1,1
9,8,9,92,5,4,40,17,59,7214,78,282,130,3179,9087,298,136,15,80,97,3679,205,159,74,160,144,78,21,43,3441,325,717,749,247,121,101,324,76,121,13,236,10144,16290,296,360,16,407,17,9,12640,0,2,4,0,1,4,2,0,15,8,16,1,1,3,19,5,80,1,65,7,2,9,3,12,3,0,11,0,9,15,2,9,19,25,11,3,81,79,17,9,23,1,28,0,1,2,2,3,16,6
3,13,7,74,3,186,85,0,1,14,1,0,0,27,31,64,0,2,2,2,3,7,0,0,5,0,0,0,3,23,7,0,0,0,41,4,1,0,24,0,5,8,15,1,1,0,1,55,5,0,19148,10401,1585,13201,7340,1861,1,2,1,2,125,2,1,0,12926,228,553,1,18,14,7,190,14,19,2,5,4,36,1940,10,5,2,742,22,5,19,59,337,23,5,59,3,20,38,3,418,8236,125,269,39
12,9,22,195,2,84,265,0,2,25,4,0,0,61,49,127,2,2,11,2,0,14,0,1,2,0,2,0,1,29,13,0,0,0,74,4,3,0,41,0,10,17,27,2,1,0,0,176,9,2,10401,48189,10425,13486,1346,9004,4,7,3,10,498,4,4,2,8930,504,1108,1,40,28,18,602,29,26,11,3,5,30,1505,14,7,10,1359,46,13,12,79,482,69,22,62,2,21,26,9,438,1425,293,1144,114
6,16,3,96,2,24,477,1,7,57,7,0,1,46,46,173,3,1,32,7,5,40,0,7,16,2,2,1,10,58,41,0,1,0,109,33,10,2,75,0,10,22,70,4,0,0,0,118,8,4,1585,10425,34050,525,552,20813,28,26,8,63,975,35,23,16,11997,6816,8290,16,155,177,55,488,77,153,32,36,34,21,1141,176,40,70,1203,422,70,35,246,1248,222,97,212,2,125,15,10,468,995,315,1722,321
268,40,758,170,116,2700,689,0,0,7,2,0,0,67,10,24,0,0,2,2,0,18,1,2,0,0,0,0,12,28,1,0,0,0,13,1,1,0,3,0,8,6,5,0,0,0,0,35,22,0,13201,13486,525,23885,16352,17016,0,0,1,2,50,2,1,0,1373,54,215,0,5,9,1,293,7,4,0,1,1,49,1705,4,6,3,1027,11,1,8,14,676,10,2,15,1,6,43,6,649,1873,179,199,23
10,16,20,127,3,409,296,1,1,12,3,0,0,21,30,78,0,0,1,1,0,9,0,0,2,0,2,1,0,9,4,0,0,0,32,3,1,0,21,2,10,3,13,7,0,0,0,111,16,1,7340,1346,552,16352,17663,13619,0,1,2,2,45,0,0,0,381,15,540,1,16,3,6,38,33,32,3,1,57,8,219,6,1,1,122,10,2,1,78,1993,10,3,240,23,28,8,1,5397,8151,24,49,11
67,74,188,547,48,863,2075,0,4,57,10,0,0,146,155,371,0,1,11,4,5,55,0,3,10,0,3,0,14,90,36,2,1,0,237,21,4,1,90,1,19,32,53,5,1,1,1,412,32,4,1861,9004,20813,17016,13619,49847,7,5,3,28,656,11,8,3,2394,171,3974,3,78,42,23,484,74,66,9,3,21,16,767,25,8,15,843,68,10,11,225,3002,108,19,153,4,38,17,15,1693,732,249,1174,150
0,0,0,0,0,0,0,164,566,2,5,13,50,1,6,21,4,3,22,204,5,12,3,16,184,0,7,0,0,4,17,2,33,0,4,9,14,4,0,0,2,3,7,9,12,1,2,0,0,2,1,4,28,0,0,7,3242,7421,1494,1357,30,80,486,7949,92,142,909,897,526,2010,77,150,125,150,56,26,143,3,16,509,52,3291,30,195,177,25,254,10,59,45,4,1,69,4,32,0,3,4,32,19
0,0,0,1,0,0,0,224,1024,5,3,18,62,0,4,23,7,5,39,230,6,11,4,34,173,5,21,0,0,3,14,2,28,4,11,18,37,6,3,1,0,3,5,17,8,0,3,2,0,0,2,7,26,0,1,5,7421,24798,5515,5107,98,566,571,1446,49,60,773,3721,1145,3334,300,658,253,233,121,88,162,10,6,611,151,1157,17,85,373,101,1342,14,55,235,4,13,245,16,143,2,1,3,19,34
0,0,0,3,1,0,5,39,194,69,13,9,8,4,5,42,32,58,167,13,60,26,3,45,29,3,4,1,2,23,79,4,7,1,15,48,30,6,7,0,8,45,34,6,6,0,1,7,1,15,1,3,8,1,2,3,1494,5515,4755,2799,296,651,432,758,26,70,521,3007,1951,730,804,645,173,85,892,35,22,5,7,3376,132,835,28,76,334,33,1227,17,259,94,7,1,107,4,85,1,1,5,87,180
1,0,0,5,0,0,2,722,3481,32,16,71,200,9,16,68,43,43,172,681,33,43,22,96,686,6,57,0,4,15,74,9,90,4,19,56,205,23,11,8,5,11,39,51,38,0,4,4,1,8,2,10,63,2,2,28,1357,5107,2799,38158,218,986,1155,1795,43,54,717,934,4554,5288,507,1222,7010,4429,132,93,1901,22,11,155,220,1191,25,60,194,80,14816,261,74,241,79,49,695,37,223,21,9,10,56,62
1,1,1,14,2,1,15,1,19,59,5,4,4,21,17,117,8,18,108,9,31,38,2,22,12,5,3,2,4,87,133,3,12,3,70,65,16,1,57,5,30,58,118,15,8,0,3,5,2,16,125,498,975,50,45,656,30,98,296,218,39817,4648,1472,127,709,847,3357,441,1368,98,6219,3775,386,98,573,128,106,35,664,279,278,358,633,532,64,170,969,1397,1389,151,698,22,385,68,405,245,84,22373,22406,2364
0,0,0,0,0,0,0,4,15,3,2,1,1,1,0,7,2,1,9,14,2,2,3,1,16,3,0,0,1,1,6,0,5,2,3,7,0,5,2,1,2,3,7,14,3,0,0,0,1,1,2,4,35,2,0,11,80,566,651,986,4648,7148,6204,468,31,63,302,1400,316,143,5677,8195,83,120,607,38,62,6,17,188,122,386,61,40,36,86,125,95,242,68,23,12,175,74,260,7,2,22,266,300
1,0,0,2,0,0,0,34,148,5,2,18,29,2,5,10,4,2,18,256,2,10,13,6,301,3,14,0,0,7,5,4,63,3,3,5,4,18,0,1,2,3,11,28,27,1,3,1,1,1,1,4,23,1,0,8,486,571,432,1155,1472,6204,17554,9537,34,129,186,3173,217,1274,8003,6349,157,1046,969,62,360,16,18,659,173,5517,67,70,96,103,165,36,393,131,21,4,440,56,391,3,1,13,168,351
0,0,0,0,0,0,0,75,269,1,5,19,33,2,4,12,2,1,9,198,6,9,2,3,231,1,17,0,1,4,11,0,45,4,1,1,7,7,2,2,1,1,8,13,17,0,1,0,0,3,0,2,16,0,0,3,7949,1446,758,1795,127,468,9537,9684,44,133,346,3944,250,1377,2497,532,176,454,342,22,247,4,5,739,74,4344,41,131,67,30,232,17,166,76,7,1,156,7,96,1,0,3,55,99
5,7,6,82,2,28,96,0,9,68,14,1,1,71,67,233,0,5,47,12,12,55,1,13,20,3,8,2,21,104,55,0,8,0,138,61,12,3,90,2,23,43,76,21,15,0,4,110,9,19,12926,8930,11997,1373,381,2394,92,49,26,43,709,31,34,44,53519,16409,4330,46,269,351,94,482,93,163,69,208,46,56,8837,325,291,198,10392,1427,420,196,490,1165,897,393,398,8,286,37,41,452,12547,332,2263,1277
1,0,0,12,0,1,8,2,9,44,9,4,1,31,21,129,2,3,33,15,16,43,3,8,20,5,11,0,6,65,40,5,5,5,59,43,16,14,43,4,12,41,59,37,22,0,11,8,3,5,228,504,6816,54,15,171,142,60,70,54,847,63,129,133,16409,33988,5079,137,423,383,240,470,100,126,185,423,76,45,1422,612,718,470,6896,7840,818,354,428,567,9241,472,268,10,380,28,155,95,270,298,3986,8082
16,12,12,169,3,18,134,9,79,338,34,12,11,187,174,757,19,20,261,81,68,246,5,67,76,9,20,5,61,468,311,2,26,4,446,308,68,17,379,8,139,246,589,47,26,0,4,187,32,80,553,1108,8290,215,540,3974,909,773,521,717,3357,302,186,346,4330,5079,45081,466,2933,2108,606,965,399,759,1017,272,135,26,913,11323,402,866,1586,13525,1026,190,1603,8139,2121,901,721,12,687,31,99,1034,439,348,2295,1006
0,0,0,2,0,0,0,4,30,3,0,1,4,1,0,5,1,5,16,5,1,4,1,6,10,0,1,0,1,2,7,2,2,0,3,4,3,1,2,1,3,1,3,8,3,0,1,1,0,1,1,1,16,0,1,3,897,3721,3007,934,441,1400,3173,3944,46,137,466,3961,363,90,4509,596,74,59,1139,26,30,2,17,1721,75,841,37,99,54,30,249,22,215,33,6,5,85,9,110,1,1,4,79,162
4,1,0,17,0,4,21,39,196,179,31,34,13,18,33,303,54,72,411,82,134,119,7,100,135,9,18,6,25,192,362,7,34,1,125,195,32,15,161,8,99,174,323,10,20,0,4,16,2,65,18,40,155,5,16,78,526,1145,1951,4554,1368,316,217,250,269,423,2933,363,10059,2051,634,463,4082,1215,541,43,216,12,135,1662,79,553,409,356,264,43,2714,1953,1045,279,226,23,437,6,49,46,14,89,710,589
0,2,0,18,0,2,2,320,1513,9,22,252,186,14,24,106,14,8,84,1569,14,79,75,28,1779,11,118,1,2,23,57,23,518,8,17,32,35,90,11,6,8,9,63,97,212,6,18,4,3,7,14,28,177,9,3,42,2010,3334,730,5288,98,143,1274,1377,351,383,2108,90,2051,27101,69,685,593,3620,60,83,808,9,51,470,100,6006,136,457,2374,54,436,127,138,2923,23,4,930,9,85,10,19,16,86,51
0,0,0,1,0,0,0,2,18,20,3,1,2,1,2,30,4,7,43,16,10,11,3,5,20,3,7,1,0,14,30,3,5,1,4,15,5,6,6,4,13,20,9,33,10,1,3,0,1,2,7,18,55,1,6,23,77,300,804,507,6219,5677,8003,2497,94,240,606,4509,634,69,11507,2345,327,120,6863,126,122,26,50,2113,406,1300,169,150,106,214,595,283,1629,142,157,15,327,56,570,14,1,78,1057,3576
1,1,0,4,0,13,11,18,47,21,4,12,9,20,13,60,4,4,31,136,7,18,29,7,197,59,74,4,2,36,26,24,88,36,30,26,5,114,29,56,9,19,67,238,119,2,25,9,1,9,190,602,488,293,38,484,150,658,645,1222,3775,8195,6349,532,482,470,965,596,463,685,2345,36307,167,1602,497,821,1305,2052,2292,411,1431,4143,1698,228,486,1983,271,389,481,921,183,359,3455,7083,10986,97,59,3209,2358,541
1,0,0,3,0,0,6,16,117,43,7,6,11,9,6,60,11,8,103,54,29,21,6,19,70,2,16,1,8,24,57,3,15,5,19,32,17,10,20,9,13,29,27,17,14,0,0,5,1,3,14,29,77,7,33,74,125,253,173,7010,386,83,157,176,93,100,399,74,4082,593,327,167,6829,4374,96,11,1172,37,35,120,29,276,130,38,34,32,9614,2986,172,31,1393,345,382,1,30,124,17,17,225,168
1,0,0,11,1,1,5,60,383,13,8,240,70,17,18,52,7,4,55,1363,19,54,152,20,1733,38,249,10,1,23,35,40,703,46,11,12,9,290,10,43,3,11,48,356,439,7,43,3,2,12,19,26,153,4,32,66,150,233,85,4429,98,120,1046,454,163,126,759,59,1215,3620,120,1602,4374,15078,44,83,9604,78,35,115,165,4009,76,123,753,134,578,965,68,615,1025,769,3056,15,232,279,27,11,47,39
0,0,0,4,0,0,2,3,10,13,2,2,1,1,1,22,3,4,21,2,10,10,0,8,6,3,4,0,2,8,24,1,2,2,6,8,4,5,7,0,6,10,24,20,6,0,1,2,0,3,2,11,32,0,3,9,56,121,892,132,573,607,969,342,69,185,1017,1139,541,60,6863,497,96,44,4182,96,49,12,23,6267,234,500,95,291,185,106,298,157,3580,108,98,7,157,15,207,6,3,23,325,1354
0,0,0,0,0,0,0,1,8,4,2,8,2,2,0,3,1,1,6,16,5,15,41,2,56,290,79,24,0,6,3,126,31,266,1,0,0,57,7,308,0,3,2,1082,85,7,130,2,0,0,5,3,36,1,1,3,26,88,35,93,128,38,62,22,208,423,272,26,43,83,126,821,11,83,96,11317,597,35,70,159,5968,744,217,247,3333,2466,41,14,308,4238,23,130,2673,83,881,14,8,11,116,182
0,1,1,4,0,0,2,31,337,16,13,89,34,11,18,23,8,0,19,308,16,45,125,21,742,262,428,64,2,19,20,120,297,205,5,9,14,336,9,513,2,8,25,1516,381,14,122,2,1,11,4,5,34,1,57,21,143,162,22,1901,106,62,360,247,46,76,135,30,216,808,122,1305,1172,9604,49,597,14516,694,16,38,554,1868,41,44,895,580,783,671,76,878,1406,11649,8441,45,762,577,23,7,48,48
0,0,0,0,0,3,2,0,2,0,2,0,0,0,2,2,0,0,2,1,0,15,4,6,9,18,20,93,1,3,0,5,0,168,3,2,3,5,7,857,2,2,0,108,6,12,28,1,0,0,36,30,21,49,8,16,3,10,5,22,35,6,16,4,56,45,26,2,12,9,26,2052,37,78,12,35,694,39744,1714,15,530,62,472,15,90,8739,207,39,45,39,117,14934,816,14862,1630,39,27,246,99,46
1,3,2,24,0,57,31,1,4,36,7,4,0,13,16,69,2,2,18,1,4,20,0,2,4,0,3,1,7,49,24,1,1,0,60,26,7,4,38,0,13,21,52,9,1,0,0,25,3,9,1940,1505,1141,1705,219,767,16,6,7,11,664,17,18,5,8837,1422,913,17,135,51,50,2292,35,35,23,70,16,1714,115670,69,87,44,20952,276,87,259,178,417,432,94,191,47,95,918,107,137,18123,10432,1628,658
0,0,0,3,0,1,4,7,47,63,5,9,6,11,9,114,13,22,121,19,44,44,7,19,23,2,10,2,2,59,128,3,15,5,43,59,15,13,31,6,23,48,82,22,9,2,5,4,1,15,10,14,176,4,6,25,509,611,3376,155,279,188,659,739,325,612,11323,1721,1662,470,2113,411,120,115,6267,159,38,15,69,16436,351,1386,138,3953,796,134,420,166,2476,246,68,6,221,10,207,21,10,20,179,413
1,0,0,1,0,1,0,2,14,10,3,6,1,0,2,6,1,0,2,11,2,9,33,4,45,159,50,33,1,3,5,87,24,199,1,1,4,45,5,367,0,5,9,609,78,3,98,1,0,2,5,7,40,6,1,8,52,151,132,220,278,122,173,74,291,718,402,75,79,100,406,1431,29,165,234,5968,554,530,87,351,22590,4154,331,377,6665,6111,51,23,652,1656,25,340,3747,701,7389,8,8,22,243,425
0,2,0,4,0,1,2,94,331,13,10,102,57,6,21,26,7,9,40,788,5,33,99,11,981,92,182,8,6,17,21,48,407,57,4,16,8,277,6,47,5,13,32,502,346,5,64,1,0,9,2,10,70,3,1,15,3291,1157,835,1191,358,386,5517,4344,198,470,866,841,553,6006,1300,4143,276,4009,500,744,1868,62,44,1386,4154,22452,158,419,8792,677,213,71,720,3328,36,74,6211,86,7258,9,3,15,200,367
2,2,0,23,0,35,33,0,9,55,8,1,1,28,33,137,2,8,38,6,7,38,1,14,9,2,2,1,8,70,59,1,3,3,75,46,10,6,71,4,25,41,100,22,9,0,1,23,5,19,742,1359,1203,1027,122,843,30,17,28,25,633,61,67,41,10392,6896,1586,37,409,136,169,1698,130,76,95,217,41,472,20952,138,331,158,51910,882,327,282,519,871,2156,221,410,20,191,402,139,190,569,4330,23851,3783
1,1,1,17,1,4,19,4,10,85,10,2,2,31,29,196,7,2,39,13,7,49,5,10,16,5,7,0,10,114,73,3,7,1,90,84,13,10,88,7,29,57,148,29,12,0,5,17,4,25,22,46,422,11,10,68,195,85,76,60,532,40,70,131,1427,7840,13525,99,356,457,150,228,38,123,291,247,44,15,276,3953,377,419,882,8689,656,217,476,518,3916,416,297,12,309,8,72,126,28,92,896,964
0,0,0,4,1,0,2,20,59,9,13,54,11,16,25,15,6,4,17,216,13,25,138,10,436,149,301,10,5,37,18,91,291,89,6,4,1,426,5,57,6,25,40,822,501,6,89,3,1,11,5,13,70,1,2,10,177,373,334,194,64,36,96,67,420,818,1026,54,264,2374,106,486,34,753,185,3333,895,90,87,796,6665,8792,327,656,7496,1264,90,19,579,4053,14,48,2075,36,692,5,9,14,139,233
0,0,0,0,0,1,1,2,13,2,1,1,0,1,0,5,0,1,2,5,1,9,19,5,38,98,75,196,1,2,2,43,14,759,0,4,3,26,11,1805,2,2,1,478,33,16,199,2,0,3,19,12,35,8,1,11,25,101,33,80,170,86,103,30,196,354,190,30,43,54,214,1983,32,134,106,2466,580,8739,259,134,6111,677,282,217,1264,17538,35,24,321,968,46,2300,4027,11708,5537,19,7,72,155,211
4,5,1,42,1,3,53,344,2488,368,65,72,82,67,70,439,89,114,795,94,256,152,11,324,118,5,33,17,40,271,471,5,20,4,284,355,553,6,327,117,128,246,418,23,13,6,12,55,12,81,59,79,246,14,78,225,254,1342,1227,14816,969,125,165,232,490,428,1603,249,2714,436,595,271,9614,578,298,41,783,207,178,420,51,213,519,476,90,35,5289,3745,1070,37,6092,1720,233,13,37,1466,47,121,941,614
12,6,9,132,5,21,138,9,28,303,29,6,6,184,158,754,6,10,174,20,52,217,2,55,29,2,4,8,42,432,328,4,18,5,439,278,64,4,389,11,129,201,542,18,7,1,2,166,36,79,337,482,1248,676,1993,3002,10,14,17,261,1397,95,36,17,1165,567,8139,22,1953,127,283,389,2986,965,157,14,671,39,417,166,23,71,871,518,19,24,3745,16135,865,48,8590,220,367,17,16,5325,235,171,1096,562
0,0,0,3,0,3,7,2,15,63,10,6,3,13,21,148,8,10,113,9,30,66,5,21,11,8,11,1,11,91,112,2,6,6,53,73,11,12,57,2,33,52,147,25,9,0,6,8,1,17,23,69,222,10,10,108,59,55,259,74,1389,242,393,166,897,9241,2121,215,1045,138,1629,481,172,68,3580,308,76,45,432,2476,652,720,2156,3916,579,321,1070,865,19878,248,585,17,313,29,236,48,21,241,4741,12538
0,0,0,4,0,0,0,12,42,18,9,65,6,10,9,12,6,0,10,206,13,21,155,7,486,280,366,6,2,20,17,172,308,138,4,5,3,368,5,100,5,14,35,1289,449,10,147,2,1,9,5,22,97,2,3,19,45,235,94,241,151,68,131,76,393,472,901,33,279,2923,142,921,31,615,108,4238,878,39,94,246,1656,3328,221,416,4053,968,37,48,248,17198,38,52,10737,22,744,15,15,9,127,153
3,2,0,23,2,1,28,0,6,106,20,2,1,53,36,251,3,5,53,9,17,66,4,21,9,0,4,9,16,132,109,2,5,2,156,92,33,6,120,52,40,78,182,17,3,2,4,27,6,23,59,62,212,15,240,153,4,4,7,79,698,23,21,7,398,268,721,6,226,23,157,183,1393,1025,98,23,1406,117,191,68,25,36,410,297,14,46,6092,8590,585,38,13015,1223,470,6,29,9334,150,72,654,354
1,0,0,0,1,0,0,0,20,1,1,4,0,3,5,3,1,0,0,11,2,39,16,19,50,146,182,791,12,13,1,73,9,1500,4,1,35,24,33,7099,8,3,0,951,31,83,302,11,1,1,3,2,2,1,23,4,1,13,1,49,22,12,4,1,8,10,12,5,23,4,15,359,345,769,7,130,11649,14934,47,6,340,74,20,12,48,2300,1720,220,17,52,1223,39418,5724,500,517,442,16,10,8,10
0,0,0,5,0,0,1,21,74,32,13,112,17,15,31,19,11,4,23,398,22,67,256,22,846,601,616,154,5,30,30,362,501,1131,5,16,6,522,14,2178,7,24,48,3038,639,30,442,3,1,28,20,21,125,6,28,38,69,245,107,695,385,175,440,156,286,380,687,85,437,930,327,3455,382,3056,157,2673,8441,816,95,221,3747,6211,191,309,2075,4027,233,367,313,10737,470,5724,26117,426,2963,266,25,24,230,217
0,0,0,0,0,1,0,0,1,1,0,0,0,0,0,2,0,0,0,1,0,1,1,1,5,7,1,2,0,2,1,4,0,31,1,1,0,0,0,42,0,0,0,21,2,0,2,0,0,0,38,26,15,43,8,17,4,16,4,37,68,74,56,7,37,28,31,9,6,9,56,7083,1,15,15,83,45,14862,918,10,701,86,402,8,36,11708,13,17,29,22,6,500,426,18301,8670,2,13,247,83,25
0,0,0,0,0,1,0,3,6,4,0,2,0,2,3,2,0,2,2,17,3,12,26,3,51,134,52,26,0,4,5,61,28,160,1,0,0,47,2,187,0,2,4,493,60,5,45,1,0,1,3,9,10,6,1,15,32,143,85,223,405,260,391,96,41,155,99,110,49,85,570,10986,30,232,207,881,762,1630,107,207,7389,7258,139,72,692,5537,37,16,236,744,29,517,2963,8670,18469,10,4,51,140,174
51,109,80,617,12,188,790,3,7,66,7,0,2,191,209,443,3,0,12,3,4,37,0,5,10,2,8,1,18,74,32,0,2,2,303,19,19,4,107,14,18,29,66,17,4,0,4,639,46,2,418,438,468,649,5397,1693,0,2,1,21,245,7,3,1,452,95,1034,1,46,10,14,97,124,279,6,14,577,39,137,21,8,9,190,126,5,19,1466,5325,48,15,9334,442,266,2,10,8086,1529,36,223,61
2,1,4,35,0,44,37,1,2,8,2,0,0,11,7,31,0,0,1,0,2,2,0,0,1,0,1,0,1,13,5,1,1,0,24,4,2,0,8,2,7,3,11,3,0,0,0,19,7,2,8236,1425,995,1873,8151,732,3,1,1,9,84,2,1,0,12547,270,439,1,14,19,1,59,17,27,3,8,23,27,18123,10,8,3,569,28,9,7,47,235,21,15,150,16,25,13,4,1529,37332,52,170,23
0,0,1,3,0,9,6,0,2,7,2,0,0,4,3,29,2,1,18,2,3,7,0,0,0,0,0,0,1,13,11,1,0,2,11,6,3,0,6,0,5,5,24,0,0,0,0,6,0,3,125,293,315,179,24,249,4,3,5,10,22373,22,13,3,332,298,348,4,89,16,78,3209,17,11,23,11,7,246,10432,20,22,15,4330,92,14,72,121,171,241,9,72,10,24,247,51,36,52,24329,7110,353
0,2,2,12,0,7,11,3,16,63,14,1,1,22,16,117,6,11,93,5,23,44,0,10,8,1,4,2,12,78,98,4,6,1,75,71,14,1,39,2,29,47,107,19,7,0,1,14,1,16,269,1144,1722,199,49,1174,32,19,87,56,22406,266,168,55,2263,3986,2295,79,710,86,1057,2358,225,47,325,116,48,99,1628,179,243,200,23851,896,139,155,941,1096,4741,127,654,8,230,83,140,223,170,7110,32642,11964
0,0,0,6,0,1,1,2,5,33,5,4,1,7,7,74,6,12,68,3,15,21,1,7,5,6,2,2,9,59,58,4,7,2,20,30,2,4,21,3,16,25,53,18,7,0,2,3,1,6,39,114,321,23,11,150,19,34,180,62,2364,300,351,99,1277,8082,1006,162,589,51,3576,541,168,39,1354,182,48,46,658,413,425,367,3783,964,233,211,614,562,12538,153,354,10,217,25,174,61,23,353,11964,14043
