25591,8280,10368,2508,12065,965,744,7,1,49,2,3,4,9645,583,36,0,0,3,22,4,456,31,2,2,18,22,145,944,582,2,46,9,113,9,3,4,9,9,126,612,162,20,112,48,186,218,34,1892,10,1,3,0,373,7,21,0,0,0,0,0,0,0,0,1,0,1,0,1,0,0,1,0,0,0,1,0,3,0,0,4,0,1,0,0,9,2,8,0,1,3,14,6,0,3,8,0,0,0,0
8280,26975,8599,15849,502,178,657,8,6,75,1,2,3,8565,4328,38,0,2,5,18,1,423,11,1,6,16,8,47,208,305,0,21,8,32,11,1,4,3,10,48,352,156,11,51,34,71,77,50,102,10,3,8,5,37,5,16,0,0,0,0,1,0,0,0,0,0,0,0,0,1,0,0,0,0,0,1,0,2,1,0,0,0,1,0,0,6,1,17,0,0,13,2,1,0,0,22,0,1,3,0
10368,8599,26660,8683,11222,5015,9648,1,3,30,0,4,2,439,89,27,0,1,0,9,1,209,9,0,3,10,7,27,155,209,0,19,2,25,19,0,9,3,21,21,197,86,7,35,27,44,48,128,83,5,6,14,3,1635,6,142,1,0,0,0,1,0,0,0,1,0,1,0,0,0,0,1,0,0,0,0,0,0,1,0,1,0,0,0,1,0,3,22,0,1,8,2,1,0,0,40,1,0,2,0
2508,15849,8683,44307,1496,2793,16794,184,245,626,37,47,65,5291,15105,11245,3,18,320,757,27,1127,80,9,382,418,109,104,421,1164,384,355,240,158,507,317,68,174,205,69,980,765,3498,403,845,121,252,909,280,240,22,82,22,253,63,80,0,1,1,5,5,0,0,1,15,3,7,0,20,7,2,2,7,30,1,4,4,0,2,0,1,9,6,3,10,2,27,104,3,16,74,6,19,0,4,134,11,0,4,1
12065,502,11222,1496,26696,15310,3879,1,3,12,0,0,1,2443,138,26,0,0,2,7,1,93,10,0,2,11,8,90,1070,473,1,23,5,45,32,0,18,4,34,62,314,50,4,46,21,67,78,482,3932,4,0,0,1,692,8,113,0,0,0,0,1,0,0,0,0,0,2,0,0,0,0,0,0,0,0,4,0,3,0,0,1,0,0,0,0,4,0,1,0,0,2,5,4,0,1,7,2,0,0,0
965,178,5015,2793,15310,14035,19916,2,5,16,1,2,0,76,19,134,0,0,0,7,2,23,12,6,15,5,71,48,125,42,1,14,5,16,332,5,171,4,660,78,33,12,7,101,14,10,19,3423,1815,1,0,7,5,1409,210,460,0,0,0,0,0,0,0,0,1,0,2,0,3,0,0,0,0,0,0,0,1,0,1,0,1,0,1,0,0,1,2,9,0,1,4,2,1,0,1,12,2,0,0,0
744,657,9648,16794,3879,19916,20069,14,84,245,12,10,2,200,201,2050,0,2,53,98,4,354,21,25,171,75,61,29,185,238,58,74,31,49,1204,114,92,23,424,30,244,173,128,122,117,21,55,2397,388,31,17,53,7,756,127,654,0,1,1,5,1,0,2,0,6,1,5,0,13,0,1,7,10,5,0,0,4,1,1,0,1,3,3,0,2,1,17,84,2,2,61,1,8,1,0,102,6,1,2,1
7,8,1,184,1,2,14,27068,4938,137,1797,1068,6809,256,286,1053,2409,4908,2091,5422,837,2976,290,36,268,46,20,10,17,70,1894,59,758,17,18,40,18,51,13,7,22,18,1692,89,586,75,61,2,1,61,0,0,1,0,0,0,1,3,1,65,3,1,1,1,0,0,3,0,18,13,1,5,40,55,2,1,2,0,0,1,2,9,1,0,3,1,16,9,0,4,1,1,13,0,2,1,0,0,1,0
1,6,3,245,3,5,84,4938,56579,235,1083,1373,1535,44,102,1487,760,93,9941,2056,602,1027,173,7759,8024,40,2406,21,10,29,311,65,451,18,786,3234,2150,29,1631,61,30,32,646,483,63,31,68,28,4,38,1,0,6,0,0,5,56,129,37,2362,33,14,33,36,9,5,18,10,170,189,53,13,1127,1332,40,6,90,0,4,21,0,56,9,9,25,1,776,58,7,55,24,1,68,1,4,0,2,0,13,10
49,75,30,626,12,16,245,137,235,48715,3957,3335,85,443,342,1289,135,24,465,208,2491,4300,572,52,136,55,74,50,234,538,258,930,1058,101,464,436,47,65,336,36,8574,14002,1143,293,90,70,1062,124,15,3578,0,1,1,1,1,3,0,0,0,12,3,0,1,0,3,1,4,0,55,6,1,7,35,19,1,7,8,0,1,3,8,3,8,2,4,3,35,22,1,7,30,2,26,2,5,6,0,0,2,1
2,1,0,37,0,1,12,1797,1083,3957,5922,7324,207,32,23,382,217,245,907,496,688,5474,1739,36,130,36,67,32,39,75,187,247,728,34,39,158,14,36,58,13,161,147,95,243,62,182,489,10,0,43,0,0,1,0,0,0,1,0,0,14,0,0,0,0,0,1,1,0,10,4,1,0,24,17,1,2,7,0,1,0,8,12,2,1,4,1,4,3,2,5,2,3,18,0,8,0,0,0,2,0
3,2,4,47,0,2,10,1068,1373,3335,7324,22519,5357,39,31,197,6677,660,516,1027,7145,999,3800,38,764,15,132,8,18,101,359,100,5514,16,40,82,31,72,38,3,95,98,238,288,108,52,254,4,2,117,0,0,0,0,0,0,6,5,2,70,2,2,5,1,1,0,2,0,15,12,1,7,45,173,1,3,12,0,0,0,1,17,2,1,14,1,19,7,0,24,6,2,43,0,4,0,0,0,1,2
4,3,2,65,1,0,2,6809,1535,85,207,5357,26713,466,217,271,10692,1389,164,4638,1236,320,163,27,679,30,76,5,18,284,1164,72,7965,6,10,31,91,39,6,5,54,102,1480,80,402,12,39,3,3,508,1,0,2,1,1,0,15,21,2,216,2,0,0,2,2,1,3,0,6,53,1,0,34,273,0,0,11,0,0,1,1,2,0,0,5,0,26,4,0,6,1,0,11,0,0,0,0,0,0,0
9645,8565,439,5291,2443,76,200,256,44,443,32,39,466,76684,18418,418,57,49,118,675,156,669,104,4,71,459,67,245,5070,21860,95,1756,813,390,50,37,75,132,93,143,1504,867,2512,469,2652,232,753,73,8133,4287,3,8,6,11,6,10,1,0,0,1,5,0,1,0,13,4,22,1,43,0,3,10,11,22,4,6,6,1,6,2,6,8,6,9,4,7,45,88,4,7,108,6,32,2,11,16,3,3,1,1
583,4328,89,15105,138,19,201,286,102,342,23,31,217,18418,28847,1434,35,55,248,649,98,570,58,2,97,234,32,80,422,2914,202,404,361,141,47,65,9,107,25,50,813,846,12087,200,1072,96,248,45,120,5016,2,6,5,3,6,2,0,0,0,4,0,0,1,0,3,0,2,0,5,1,1,3,3,15,0,2,5,0,0,0,2,3,1,1,3,8,5,14,0,11,12,4,16,1,7,14,1,1,0,0
36,38,27,11245,26,134,2050,1053,1487,1289,382,197,271,418,1434,32413,669,705,9468,1658,906,758,105,150,1101,336,163,50,122,424,14615,252,377,97,2913,9410,90,202,904,28,380,379,16538,540,716,47,148,408,37,227,6,16,6,2,10,16,0,2,1,26,8,1,3,1,9,6,22,0,85,13,7,9,59,54,8,4,19,1,5,7,4,16,8,12,12,5,57,95,5,16,76,3,28,1,4,23,3,1,3,4
0,0,0,3,0,0,0,2409,760,135,217,6677,10692,57,35,669,19743,7265,359,296,6141,145,78,14,50,5,10,0,4,44,6991,31,1032,5,8,16,12,10,10,0,7,13,893,21,81,5,24,4,0,117,0,0,0,0,0,0,0,0,0,20,0,0,0,0,0,0,0,0,2,1,0,0,17,8,0,1,2,0,0,0,0,1,0,0,1,0,8,1,0,1,0,0,5,0,0,0,0,0,1,0
0,2,1,18,0,0,2,4908,93,24,245,660,1389,49,55,705,7265,4904,1107,123,988,76,24,1,21,6,1,0,0,17,3908,29,358,2,0,3,3,3,0,1,9,9,486,5,94,2,5,1,1,22,0,0,0,0,0,0,0,0,0,9,3,0,0,0,1,1,0,0,8,0,1,0,7,1,1,0,0,0,1,0,0,1,0,0,0,0,2,0,0,1,1,0,0,0,1,0,0,0,0,0
3,5,0,320,2,0,53,2091,9941,465,907,516,164,118,248,9468,359,1107,16879,792,799,265,37,1885,753,19,162,11,28,77,1581,32,118,10,335,6565,197,25,735,18,46,80,1819,172,86,10,23,10,3,69,3,1,1,1,1,3,2,2,4,109,39,8,9,1,3,10,42,3,281,6,36,16,291,31,61,1,4,1,7,23,1,4,20,20,1,0,145,114,18,9,66,0,11,1,1,3,1,3,22,16
22,18,9,757,7,7,98,5422,2056,208,496,1027,4638,675,649,1658,296,123,792,27293,333,1828,1166,51,4159,946,702,85,45,247,891,413,6126,126,204,383,24,2725,110,21,53,70,2389,2285,6236,205,351,18,11,175,0,1,5,2,1,7,25,32,7,221,13,4,34,19,9,7,24,5,39,192,8,53,86,1156,10,20,97,1,4,2,9,179,16,12,90,9,11,22,2,191,13,5,195,2,18,2,0,0,1,3
4,1,1,27,1,2,4,837,602,2491,688,7145,1236,156,98,906,6141,988,799,333,18068,154,204,61,96,39,32,8,22,246,4475,460,1575,31,70,221,18,23,63,5,120,907,12944,89,294,10,199,7,3,2424,1,0,0,0,0,0,0,0,0,15,5,1,1,0,0,1,4,1,65,1,3,4,46,14,1,0,4,0,0,2,1,4,7,6,0,1,23,26,0,5,10,0,7,0,1,0,0,0,0,1
456,423,209,1127,93,23,354,2976,1027,4300,5474,999,320,669,570,758,145,76,265,1828,154,19343,3657,32,605,218,424,584,4069,375,172,543,257,469,252,192,46,270,261,338,10907,1107,693,2118,294,3361,1635,120,61,197,0,1,1,2,0,7,5,5,1,37,6,0,6,0,4,1,4,0,16,14,0,46,32,154,2,56,59,4,0,0,53,61,4,2,33,36,12,20,1,68,20,38,208,4,51,5,0,1,2,1
31,11,9,80,10,12,21,290,173,572,1739,3800,163,104,58,105,78,24,37,1166,204,3657,12531,34,1199,407,1319,255,152,167,37,991,3000,415,75,32,26,600,175,192,151,186,102,4063,375,5346,7076,31,9,58,0,0,0,0,0,1,0,2,0,18,3,1,10,1,3,3,6,0,1,30,4,119,13,272,1,129,173,3,1,1,114,168,3,3,130,59,2,2,0,241,1,85,623,12,144,2,0,1,4,1
2,1,0,9,0,6,25,36,7759,52,36,38,27,4,2,150,14,1,1885,51,61,32,34,6261,1437,25,2361,29,7,6,9,41,45,20,701,5897,2621,12,7979,213,9,12,30,468,10,10,36,49,2,14,1,0,1,0,0,2,5,18,6,264,10,2,6,1,2,2,9,4,120,12,16,9,307,91,27,4,15,1,2,13,5,8,8,4,12,2,216,52,2,9,29,5,21,0,10,1,1,3,9,5
2,6,3,382,2,15,171,268,8024,136,130,764,679,71,97,1101,50,21,753,4159,96,605,1199,1437,15459,255,7185,44,23,78,164,494,3558,78,965,1445,221,263,1435,87,37,52,447,4792,1041,151,357,101,13,80,5,4,22,1,4,19,79,90,10,731,8,10,141,50,29,27,61,4,46,565,12,134,282,4565,14,65,413,4,9,29,29,549,32,30,328,17,65,58,9,672,31,8,668,4,63,2,2,2,11,7
18,16,10,418,11,5,75,46,40,55,36,15,30,459,234,336,5,6,19,946,39,218,407,25,255,13494,1152,108,45,213,54,8246,181,3765,105,49,12,8610,143,98,52,52,456,14462,1695,128,801,35,8,63,0,1,1,3,0,4,0,3,3,7,4,1,9,0,4,5,4,1,9,8,1,220,14,82,1,231,280,12,4,0,170,288,10,7,167,49,3,2,3,322,7,71,1037,19,269,5,0,1,6,8
22,8,7,109,8,71,61,20,2406,74,67,132,76,67,32,163,10,1,162,702,32,424,1319,2361,7185,1152,16589,982,56,83,13,1988,1102,410,1242,829,1707,542,4910,3648,42,27,102,13981,820,304,1175,451,67,40,0,2,3,1,1,5,4,14,1,87,1,2,13,7,8,4,9,1,9,40,4,194,58,582,3,124,458,13,3,5,107,325,7,9,240,61,17,14,3,422,15,73,940,21,185,3,0,3,4,5
145,47,27,104,90,48,29,10,21,50,32,8,5,245,80,50,0,0,11,85,8,584,255,29,44,108,982,59628,510,165,6,482,31,9397,128,46,511,42,523,16426,308,77,57,1627,55,13749,5125,138,30,43,0,0,0,0,2,0,0,1,0,2,1,0,0,0,1,1,0,0,3,0,1,19,5,10,0,17,91,554,4,0,60,14,3,0,3,225,15,0,0,7,5,1226,195,45,81,3,0,0,0,1
944,208,155,421,1070,125,185,17,10,234,39,18,18,5070,422,122,4,0,28,45,22,4069,152,7,23,45,56,510,73638,8381,20,251,106,199,55,35,34,21,62,231,19742,641,237,258,135,645,446,79,6729,239,0,0,0,11,1,2,1,0,0,1,0,0,1,0,1,0,1,0,13,0,0,8,4,2,0,10,5,5,0,2,10,1,1,0,3,8,6,12,0,1,9,27,22,2,8,0,0,0,0,1
582,305,209,1164,473,42,238,70,29,538,75,101,284,21860,2914,424,44,17,77,247,246,375,167,6,78,213,83,165,8381,44495,69,2345,1149,313,151,86,51,84,129,102,6135,7359,2152,361,1072,171,1069,80,370,2553,1,3,1,11,1,1,0,0,0,3,1,0,1,0,4,1,14,0,45,1,1,7,21,15,2,6,8,1,3,3,14,7,1,8,2,8,39,51,1,8,64,11,34,1,10,4,0,0,0,0
2,0,0,384,1,1,58,1894,311,258,187,359,1164,95,202,14615,6991,3908,1581,891,4475,172,37,9,164,54,13,6,20,69,19352,73,603,16,212,595,14,41,52,7,64,78,14890,60,578,17,32,12,0,68,0,0,2,0,0,1,0,1,0,4,2,0,0,0,0,0,6,0,12,3,1,0,13,17,0,0,1,0,0,2,0,0,2,0,3,0,14,8,1,4,12,1,2,0,0,4,0,0,0,0
46,21,19,355,23,14,74,59,65,930,247,100,72,1756,404,252,31,29,32,413,460,543,991,41,494,8246,1988,482,251,2345,73,43634,7141,8364,140,43,53,621,207,475,431,760,786,9713,3298,652,24079,61,28,1159,1,1,1,2,1,6,0,4,1,9,8,2,11,0,7,4,7,0,5,13,7,261,17,138,7,311,381,11,2,4,280,315,15,5,209,170,8,6,6,408,8,203,1540,28,401,3,2,0,12,7
9,8,2,240,5,5,31,758,451,1058,728,5514,7965,813,361,377,1032,358,118,6126,1575,257,3000,45,3558,181,1102,31,106,1149,603,7141,21920,132,91,61,26,839,123,22,209,600,1400,1867,3252,54,5309,16,8,1170,2,1,3,1,0,4,19,9,0,126,1,0,28,3,6,3,16,1,8,107,1,41,59,1103,2,20,147,0,2,1,15,153,7,7,124,8,7,9,2,221,9,4,283,3,20,3,0,1,2,2
113,32,25,158,45,16,49,17,18,101,34,16,6,390,141,97,5,2,10,126,31,469,415,20,78,3765,410,9397,199,313,16,8364,132,28912,72,28,78,223,249,7475,210,109,160,15440,308,2361,14029,52,20,94,3,0,1,0,0,0,0,4,0,5,5,4,2,0,0,2,2,2,5,2,5,92,0,28,4,183,88,90,3,1,449,53,8,4,21,664,6,2,2,62,6,1062,1007,123,496,5,0,4,5,1
9,11,19,507,32,332,1204,18,786,464,39,40,10,50,47,2913,8,0,335,204,70,252,75,701,965,105,1242,128,55,151,212,140,91,72,4842,2599,1372,53,15463,298,155,161,489,822,99,40,102,1708,68,81,10,22,6,8,9,17,3,6,1,49,20,3,2,0,21,5,33,3,170,10,10,13,108,37,13,4,20,2,9,9,3,11,19,26,9,2,150,177,12,23,189,8,26,0,5,36,9,5,13,4
3,1,0,317,0,5,114,40,3234,436,158,82,31,37,65,9410,16,3,6565,383,221,192,32,5897,1445,49,829,46,35,86,595,43,61,28,2599,21276,696,49,7791,96,77,104,1290,473,44,15,58,53,5,120,1,1,7,0,2,2,2,6,3,121,28,3,3,1,6,1,46,1,325,11,17,18,243,83,28,4,12,1,1,19,0,11,15,39,7,3,239,137,7,14,105,1,19,1,6,4,1,3,13,9
4,4,9,68,18,171,92,18,2150,47,14,31,91,75,9,90,12,3,197,24,18,46,26,2621,221,12,1707,511,34,51,14,53,26,78,1372,696,3858,4,12112,746,21,19,48,412,10,57,99,1675,99,13,0,0,1,1,0,3,0,5,1,42,3,0,0,0,0,2,2,1,19,3,2,3,28,20,2,0,11,2,0,0,6,2,1,1,0,2,58,19,2,0,17,18,11,0,5,1,1,0,1,1
9,3,3,174,4,4,23,51,29,65,36,72,39,132,107,202,10,3,25,2725,23,270,600,12,263,8610,542,42,21,84,41,621,839,223,53,49,4,14057,46,18,20,25,214,9865,6347,73,410,10,4,31,0,0,0,0,0,0,1,2,0,2,4,1,13,0,1,6,5,0,6,11,6,110,14,158,3,63,189,3,1,2,38,167,8,5,158,22,7,7,1,288,3,17,463,3,89,1,0,0,6,3
9,10,21,205,34,660,424,13,1631,336,58,38,6,93,25,904,10,0,735,110,63,261,175,7979,1435,143,4910,523,62,129,52,207,123,249,15463,7791,12112,46,33078,1617,116,113,208,2291,70,106,243,5898,144,68,4,11,10,8,7,13,2,3,4,96,36,1,3,2,22,14,64,2,454,7,14,34,250,84,33,10,20,3,11,25,6,13,28,43,18,15,528,344,8,19,350,23,48,1,9,53,2,3,15,14
126,48,21,69,62,78,30,7,61,36,13,3,5,143,50,28,0,1,18,21,5,338,192,213,87,98,3648,16426,231,102,7,475,22,7475,298,96,746,18,1617,22360,167,51,32,11273,28,1912,2847,373,83,23,2,0,0,2,0,0,0,2,0,3,4,1,1,0,2,0,2,0,4,1,3,69,5,17,3,115,106,325,6,1,280,37,9,1,17,700,8,3,1,25,7,1574,696,121,347,6,3,3,12,5
612,352,197,980,314,33,244,22,30,8574,161,95,54,1504,813,380,7,9,46,53,120,10907,151,9,37,52,42,308,19742,6135,64,431,209,210,155,77,21,20,116,167,53268,11549,620,264,225,432,567,69,147,1004,0,0,0,4,2,3,0,0,0,2,3,1,0,0,2,2,1,0,18,1,2,6,5,5,2,7,6,3,2,3,9,5,1,0,0,7,14,14,0,5,16,18,19,1,6,3,0,1,0,0
162,156,86,765,50,12,173,18,32,14002,147,98,102,867,846,379,13,9,80,70,907,1107,186,12,52,52,27,77,641,7359,78,760,600,109,161,104,19,25,113,51,11549,30645,1583,176,242,116,595,72,12,11245,0,3,0,4,0,2,0,0,0,4,1,0,1,0,1,1,1,0,18,1,0,4,20,6,1,3,10,0,0,1,5,4,0,1,1,1,10,13,1,3,9,7,13,1,3,3,0,0,1,0
20,11,7,3498,4,7,128,1692,646,1143,95,238,1480,2512,12087,16538,893,486,1819,2389,12944,693,102,30,447,456,102,57,237,2152,14890,786,1400,160,489,1290,48,214,208,32,620,1583,64711,354,2667,70,255,59,5,15919,0,1,0,2,0,5,0,4,0,19,2,0,2,0,8,1,12,0,101,10,4,6,45,52,4,6,5,1,2,4,2,2,7,9,3,3,67,68,0,21,57,1,15,0,1,8,1,0,5,0
112,51,35,403,46,101,122,89,483,293,243,288,80,469,200,540,21,5,172,2285,89,2118,4063,468,4792,14462,13981,1627,258,361,60,9713,1867,15440,822,473,412,9865,2291,11273,264,176,354,99407,1758,2294,9091,456,111,151,4,3,5,0,3,4,4,21,9,48,12,9,49,3,24,22,25,3,19,72,19,858,50,739,17,1132,1076,111,10,15,1316,944,49,25,524,736,18,19,18,1118,33,1175,5032,130,1470,19,5,12,29,28
48,34,27,845,21,14,117,586,63,90,62,108,402,2652,1072,716,81,94,86,6236,294,294,375,10,1041,1695,820,55,135,1072,578,3298,3252,308,99,44,10,6347,70,28,225,242,2667,1758,10508,72,418,42,19,724,1,0,2,1,0,2,1,6,2,17,5,2,23,3,5,3,3,0,4,26,3,92,29,467,3,42,163,0,1,2,22,224,7,6,209,8,3,9,1,341,6,12,425,1,34,5,0,2,0,1
186,71,44,121,67,10,21,75,31,70,182,52,12,232,96,47,5,2,10,205,10,3361,5346,10,151,128,304,13749,645,171,17,652,54,2361,40,15,57,73,106,1912,432,116,70,2294,72,17060,11830,24,18,60,1,0,0,3,0,0,1,1,0,3,3,1,1,0,0,1,6,1,3,3,1,31,3,36,0,44,50,43,1,0,94,26,5,0,14,177,5,2,0,29,1,277,270,27,108,1,1,1,2,0
218,77,48,252,78,19,55,61,68,1062,489,254,39,753,248,148,24,5,23,351,199,1635,7076,36,357,801,1175,5125,446,1069,32,24079,5309,14029,102,58,99,410,243,2847,567,595,255,9091,418,11830,53783,86,24,386,3,1,0,2,0,0,1,3,2,12,2,5,7,1,2,8,7,1,12,6,10,221,13,105,5,333,237,79,4,4,526,177,9,1,102,599,10,13,2,225,6,928,1480,74,614,8,2,4,11,9
34,50,128,909,482,3423,2397,2,28,124,10,4,3,73,45,408,4,1,10,18,7,120,31,49,101,35,451,138,79,80,12,61,16,52,1708,53,1675,10,5898,373,69,72,59,456,42,24,86,8720,537,19,4,16,6,14,18,20,0,0,0,7,1,0,0,0,10,2,8,0,22,1,1,5,8,5,1,2,0,3,3,0,3,0,3,7,3,1,36,50,1,3,41,2,8,1,3,20,9,0,1,1
1892,102,83,280,3932,1815,388,1,4,15,0,2,3,8133,120,37,0,1,3,11,3,61,9,2,13,8,67,30,6729,370,0,28,8,20,68,5,99,4,144,83,147,12,5,111,19,18,24,537,12662,1,0,0,0,4,2,3,0,0,0,0,0,0,0,0,0,0,0,0,2,0,0,0,3,0,0,0,3,1,0,0,0,2,1,0,2,0,5,3,1,0,1,4,5,0,0,0,0,0,0,0
10,10,5,240,4,1,31,61,38,3578,43,117,508,4287,5016,227,117,22,69,175,2424,197,58,14,80,63,40,43,239,2553,68,1159,1170,94,81,120,13,31,68,23,1004,11245,15919,151,724,60,386,19,1,40224,0,1,0,0,0,1,0,0,0,4,1,1,2,0,0,0,2,0,45,2,1,3,12,22,0,3,8,0,0,3,1,3,3,4,4,1,30,16,1,5,8,0,10,1,8,0,0,1,1,0
1,3,6,22,0,0,17,0,1,0,0,0,1,3,2,6,0,0,3,0,1,0,0,1,5,0,0,0,0,1,0,1,2,3,10,1,0,0,4,2,0,0,0,4,1,1,3,4,0,0,55360,33274,8741,12463,6396,3098,0,8,6,21,285,5,7,1,10767,94,158,3,82,20,11,623,14,29,14,22,31,108,1364,6,28,35,1651,23,23,88,11,417,25,38,109,63,52,222,70,640,8876,540,400,32
3,8,14,82,0,7,53,0,0,1,0,0,0,8,6,16,0,0,1,1,0,1,0,0,4,1,2,0,0,3,0,1,1,0,22,1,0,0,11,0,0,3,1,3,0,0,1,16,0,1,33274,98918,12804,13678,2114,10969,2,6,9,19,559,5,5,3,6320,100,153,0,65,29,14,1368,22,17,17,26,10,52,816,4,24,60,2039,37,43,72,9,398,42,53,114,36,40,171,66,927,2129,787,1002,62
0,5,3,22,1,5,7,1,6,1,1,0,2,6,5,6,0,0,1,5,0,1,0,1,22,1,3,0,0,1,2,1,3,1,6,7,1,0,10,0,0,0,0,5,2,0,0,6,0,0,8741,12804,39599,229,881,17758,42,91,92,196,757,22,29,16,17713,4411,5650,23,574,271,41,743,84,134,57,119,16,40,1148,85,35,215,2620,810,320,78,23,1260,129,364,151,21,138,111,72,182,3534,593,1296,204
373,37,1635,253,692,1409,756,0,0,1,0,0,1,11,3,2,0,0,1,2,0,2,0,0,1,3,1,0,11,11,0,2,1,0,8,0,1,0,8,2,4,4,2,0,1,3,2,14,4,0,12463,13678,229,33221,10929,14222,0,1,0,6,96,0,1,0,127,8,17,0,10,3,1,137,6,9,0,3,8,5,62,0,3,8,184,4,2,6,7,140,7,13,58,5,13,17,6,576,288,94,100,3
7,5,6,63,8,210,127,0,0,1,0,0,1,6,6,10,0,0,1,1,0,0,0,0,4,0,1,2,1,1,0,1,0,0,9,2,0,0,7,0,2,0,0,3,0,0,0,18,2,0,6396,2114,881,10929,20947,7195,1,1,1,15,204,3,3,0,242,16,66,0,52,11,4,126,38,87,3,21,185,24,141,3,25,24,151,14,8,9,235,1550,7,22,761,70,135,9,22,4438,2792,116,108,15
21,16,142,80,113,460,654,0,5,3,0,0,0,10,2,16,0,0,3,7,0,7,1,2,19,4,5,0,2,1,1,6,4,0,17,2,3,0,13,0,3,2,5,4,2,0,0,20,3,1,3098,10969,17758,14222,7195,41785,10,48,46,213,1059,24,28,20,2551,507,4983,15,747,187,59,730,151,177,57,100,29,26,421,74,26,174,1145,924,167,42,30,4489,85,272,498,15,127,61,42,808,1399,681,1134,144
0,0,1,0,0,0,0,1,56,0,1,6,15,1,0,0,0,0,2,25,0,5,0,5,79,0,4,0,1,0,0,0,19,0,3,2,0,1,2,0,0,0,0,4,1,1,1,0,0,0,0,2,42,0,1,10,2790,6785,479,392,12,19,529,5130,51,39,458,520,133,1845,108,49,25,311,61,10,8,1,2,416,5,1536,23,197,157,5,9,17,13,100,2,2,34,4,20,1,3,2,10,7
0,0,0,1,0,0,1,3,129,0,0,5,21,0,0,2,0,0,2,32,0,5,2,18,90,3,14,1,0,0,1,4,9,4,6,6,5,2,3,2,0,0,4,21,6,1,3,0,0,0,8,6,91,1,1,48,6785,22945,7580,4893,74,269,2010,4980,133,80,1345,6783,766,5314,797,534,70,491,499,71,36,10,12,2144,32,2045,57,542,771,30,35,64,56,715,10,13,105,87,139,1,9,6,33,19
0,0,0,1,0,0,1,1,37,0,0,2,2,0,0,1,0,0,4,7,0,1,0,6,10,3,1,0,0,0,0,1,0,0,1,3,1,0,4,0,0,0,0,9,2,0,2,0,0,0,6,9,92,0,1,46,479,7580,9652,3324,104,245,646,720,186,72,1259,3461,5280,477,376,491,61,93,296,16,21,6,18,6609,14,594,77,384,351,13,23,45,47,115,3,6,38,51,98,2,9,11,27,21
0,0,0,5,0,0,5,65,2362,12,14,70,216,1,4,26,20,9,109,221,15,37,18,264,731,7,87,2,1,3,4,9,126,5,49,121,42,2,96,3,2,4,19,48,17,3,12,7,0,4,21,19,196,6,15,213,392,4893,3324,53896,505,1142,1883,1177,163,65,1652,999,16845,3659,1382,946,11043,4962,406,64,345,15,35,694,43,1079,102,262,200,33,1214,674,94,427,360,28,386,66,126,38,37,34,124,163
0,1,1,5,1,0,1,3,33,3,0,2,2,5,0,8,0,3,39,13,5,6,3,10,8,4,1,1,0,1,2,8,1,5,20,28,3,4,36,4,3,1,2,12,5,3,2,1,0,1,285,559,757,96,204,1059,12,74,104,505,31160,2208,897,44,471,157,2231,142,1096,83,2354,2634,243,88,639,32,33,32,167,221,67,232,914,531,81,73,89,1532,646,76,376,30,133,181,302,59,169,15566,11054,2646
0,0,0,0,0,0,0,1,14,0,0,2,0,0,0,1,0,0,8,4,1,0,1,2,10,1,2,0,0,0,0,2,0,4,3,3,0,1,1,1,1,0,0,9,2,1,5,0,0,1,5,5,22,0,3,24,19,269,245,1142,2208,9478,6438,121,14,22,228,276,562,122,3613,7564,180,139,384,12,27,7,9,162,14,416,64,56,32,25,29,68,81,49,23,12,69,128,196,2,5,50,219,299
0,0,0,0,0,0,2,1,33,1,0,5,0,1,1,3,0,0,9,34,1,6,10,6,141,9,13,0,1,1,0,11,28,2,2,3,0,13,3,1,0,1,2,49,23,1,7,0,0,2,7,5,29,1,3,28,529,2010,646,1883,897,6438,18911,7987,31,141,647,5604,500,544,7049,5918,208,1508,1935,23,110,8,6,2352,17,7031,98,503,122,44,22,87,310,232,23,14,259,137,425,5,6,20,168,294
0,0,0,1,0,0,0,1,36,0,0,1,2,0,0,1,0,0,1,19,0,0,1,1,50,0,7,0,0,0,0,0,3,0,0,1,0,0,2,0,0,0,0,3,3,0,1,0,0,0,1,3,16,0,0,20,5130,4980,720,1177,44,121,7987,14773,27,69,724,4969,228,708,320,207,60,502,378,8,13,2,3,1173,9,4767,31,398,145,5,5,30,70,40,5,7,36,8,53,1,3,1,21,34
1,0,1,15,0,1,6,0,9,3,0,1,2,13,3,9,0,1,3,9,0,4,3,2,29,4,8,1,1,4,0,7,6,0,21,6,0,1,22,2,2,1,8,24,5,0,2,10,0,0,10767,6320,17713,127,242,2551,51,133,186,163,471,14,31,27,64446,9294,3857,24,434,385,28,584,37,128,69,392,14,103,5902,80,152,548,15745,1097,1149,200,57,454,276,711,228,54,252,169,187,139,9533,569,1122,489
0,0,0,3,0,0,1,0,5,1,1,0,1,4,0,6,0,1,10,7,1,1,3,2,27,5,4,1,0,1,0,4,3,2,5,1,2,6,14,0,2,1,1,22,3,1,8,2,0,0,94,100,4411,8,16,507,39,80,72,65,157,22,141,69,9294,23613,3841,43,161,192,132,333,29,98,510,209,21,20,432,263,153,1213,5368,5645,1074,164,60,126,8215,326,162,17,126,47,263,16,130,166,2340,3729
1,0,1,7,2,2,5,3,18,4,1,2,3,22,2,22,0,0,42,24,4,4,6,9,61,4,9,0,1,14,6,7,16,2,33,46,2,5,64,2,1,1,12,25,3,6,7,8,0,2,158,153,5650,17,66,4983,458,1345,1259,1652,2231,228,647,724,3857,3841,54115,1349,14507,1255,707,987,321,462,1946,229,41,22,374,17178,116,1755,1900,24245,1607,99,119,21087,1037,868,1514,16,221,56,209,58,309,460,1277,654
0,0,0,0,0,0,0,0,10,0,0,0,0,1,0,0,0,0,3,5,1,0,0,4,4,1,1,0,0,0,0,0,1,2,3,1,1,0,2,0,0,0,0,3,0,1,1,0,0,0,3,0,23,0,0,15,520,6783,3461,999,142,276,5604,4969,24,43,1349,10391,695,98,5886,240,88,57,3126,7,10,3,5,7888,13,789,31,390,76,8,25,41,181,24,11,3,24,16,60,2,1,6,32,138
1,0,0,20,0,3,13,18,170,55,10,15,6,43,5,85,2,8,281,39,65,16,1,120,46,9,9,3,13,45,12,5,8,5,170,325,19,6,454,4,18,18,101,19,4,3,12,22,2,45,82,65,574,10,52,747,133,766,5280,16845,1096,562,500,228,434,161,14507,695,34719,887,1442,951,8586,1020,1136,59,146,7,120,2470,40,426,450,833,200,30,1056,6377,271,327,989,21,308,53,72,63,92,155,387,316
0,1,0,7,0,0,0,13,189,6,4,12,53,0,1,13,1,0,6,192,1,14,30,12,565,8,40,0,0,1,3,13,107,2,10,11,3,11,7,1,1,1,10,72,26,3,6,1,0,2,20,29,271,3,11,187,1845,5314,477,3659,83,122,544,708,385,192,1255,98,887,16772,138,502,168,5146,129,439,121,10,64,391,199,5142,228,595,3551,124,11,216,60,7418,47,9,1170,25,200,7,33,24,53,32
0,0,0,2,0,0,1,1,53,1,1,1,1,3,1,7,0,1,36,8,3,0,4,16,12,1,4,1,0,1,1,7,1,5,10,17,2,6,14,3,2,0,4,19,3,1,10,1,0,1,11,14,41,1,4,59,108,797,376,1382,2354,3613,7049,320,28,132,707,5886,1442,138,20256,1606,474,125,12937,45,39,37,24,2897,86,932,152,473,114,89,99,335,1310,87,138,19,120,145,401,12,8,115,690,5888
1,0,1,2,0,0,7,5,13,7,0,7,0,10,3,9,0,0,16,53,4,46,119,9,134,220,194,19,8,7,0,261,41,92,13,18,3,110,34,69,6,4,6,858,92,31,221,5,0,3,623,1368,743,137,126,730,49,534,491,946,2634,7564,5918,207,584,333,987,240,951,502,1606,45862,167,1121,702,398,1447,1146,885,379,467,6174,2434,453,396,872,86,546,419,932,218,736,3131,5941,8315,68,136,1822,1534,703
0,0,0,7,0,0,10,40,1127,35,24,45,34,11,3,59,17,7,291,86,46,32,13,307,282,14,58,5,4,21,13,17,59,0,108,243,28,14,250,5,5,20,45,50,29,3,13,8,3,12,14,22,84,6,38,151,25,70,61,11043,243,180,208,60,37,29,321,88,8586,168,474,167,6695,3736,324,62,443,7,14,122,38,307,54,65,65,27,5145,3807,54,141,2317,37,738,11,50,158,20,19,65,67
0,0,0,30,0,0,5,55,1332,19,17,173,273,22,15,54,8,1,31,1156,14,154,272,91,4565,82,582,10,2,15,17,138,1103,28,37,83,20,158,84,17,5,6,52,739,467,36,105,5,0,22,29,17,134,9,87,177,311,491,93,4962,88,139,1508,502,128,98,462,57,1020,5146,125,1121,3736,17073,157,317,6190,51,43,135,222,4022,170,180,726,141,591,716,61,1620,971,471,5478,38,324,297,72,26,87,58
0,0,0,1,0,0,0,2,40,1,1,1,0,4,0,8,0,1,61,10,1,2,1,27,14,1,3,0,0,2,0,7,2,4,13,28,2,3,33,3,2,1,4,17,3,0,5,1,0,0,14,17,57,0,3,57,61,499,296,406,639,384,1935,378,69,510,1946,3126,1136,129,12937,702,324,157,15837,73,34,17,29,11654,79,1528,309,5712,318,101,115,457,15047,76,220,10,97,54,363,9,13,74,816,5198
1,1,0,4,4,0,0,1,6,7,2,3,0,6,2,4,1,0,1,20,0,56,129,4,65,231,124,17,10,6,0,311,20,183,4,4,0,63,10,115,7,3,6,1132,42,44,333,2,0,3,22,26,119,3,21,100,10,71,16,64,32,12,23,8,392,209,229,7,59,439,45,398,62,317,73,13054,985,35,143,61,7659,825,544,201,3128,5428,65,76,75,8053,68,346,7984,73,818,52,46,33,141,57
0,0,0,4,0,1,4,2,90,8,7,12,11,6,5,19,2,0,4,97,4,59,173,15,413,280,458,91,5,8,1,381,147,88,20,12,11,189,20,106,6,10,5,1076,163,50,237,0,3,8,31,10,16,8,185,29,8,36,21,345,33,27,110,13,14,21,41,10,146,121,39,1447,443,6190,34,985,11763,1884,34,15,1361,1653,67,33,627,422,899,230,31,397,1074,7053,11503,190,1514,716,96,17,67,47
3,2,0,0,3,0,1,0,0,0,0,0,0,1,0,1,0,0,1,1,0,4,3,1,4,12,13,554,5,1,0,11,0,90,2,1,2,3,3,325,3,0,1,111,0,43,79,3,1,0,108,52,40,5,24,26,1,10,6,15,32,7,8,2,103,20,22,3,7,10,37,1146,7,51,17,35,1884,42354,1087,0,155,34,425,15,17,7622,323,11,25,15,48,18880,1247,16266,784,116,87,377,123,47
0,1,1,2,0,1,1,0,4,1,1,0,0,6,0,5,0,1,7,4,0,0,1,2,9,4,3,4,0,3,0,2,2,3,9,1,0,1,11,6,2,0,2,10,1,1,4,3,0,0,1364,816,1148,62,141,421,2,12,18,35,167,9,6,3,5902,432,374,5,120,64,24,885,14,43,29,143,34,1087,107124,18,73,191,21503,162,335,331,21,156,123,152,123,254,98,869,184,64,15392,8239,432,94
0,0,0,0,0,0,0,1,21,3,0,0,1,2,0,7,0,0,23,2,2,0,1,13,29,0,5,0,2,3,2,4,1,1,9,19,0,2,25,1,3,1,4,15,2,0,4,0,0,3,6,4,85,0,3,74,416,2144,6609,694,221,162,2352,1173,80,263,17178,7888,2470,391,2897,379,122,135,11654,61,15,0,18,17518,57,1935,79,8224,803,32,63,233,1115,180,89,6,54,20,172,7,8,29,118,249
4,0,1,1,1,1,1,2,0,8,8,1,1,6,2,4,0,0,1,9,1,53,114,5,29,170,107,60,10,14,0,280,15,449,3,0,6,38,6,280,9,5,2,1316,22,94,526,3,0,1,28,24,35,3,25,26,5,32,14,43,67,14,17,9,152,153,116,13,40,199,86,467,38,222,79,7659,1361,155,73,57,18869,2557,478,144,1346,10742,99,42,112,870,91,1291,7015,361,4912,83,25,47,217,127
0,0,0,9,0,0,3,9,56,3,12,17,2,8,3,16,1,1,4,179,4,61,168,8,549,288,325,14,1,7,0,315,153,53,11,11,2,167,13,37,5,4,2,944,224,26,177,0,2,3,35,60,215,8,24,174,1536,2045,594,1079,232,416,7031,4767,548,1213,1755,789,426,5142,932,6174,307,4022,1528,825,1653,34,191,1935,2557,24609,1526,1957,12793,670,33,174,994,3089,104,105,3663,166,6865,35,56,126,982,656
1,1,0,6,0,1,3,1,9,8,2,2,0,6,1,8,0,0,20,16,7,4,3,8,32,10,7,3,1,1,2,15,7,8,19,15,1,8,28,9,1,0,7,49,7,5,9,3,1,3,1651,2039,2620,184,151,1145,23,57,77,102,914,64,98,31,15745,5368,1900,31,450,228,152,2434,54,170,309,544,67,425,21503,79,478,1526,67666,1129,1750,721,82,589,1658,509,326,229,322,785,723,51,928,7596,16366,1911
0,0,0,3,0,0,0,0,9,2,1,1,0,9,1,12,0,0,20,12,6,2,3,4,30,7,9,0,0,8,0,5,7,4,26,39,1,5,43,1,0,1,9,25,6,0,1,7,0,4,23,37,810,4,14,924,197,542,384,262,531,56,503,398,1097,5645,24245,390,833,595,473,453,65,180,5712,201,33,15,162,8224,144,1957,1129,20666,1458,117,147,1052,8647,456,352,9,151,30,338,22,69,141,1062,733
0,0,1,10,0,0,2,3,25,4,4,14,5,4,3,12,1,0,1,90,0,33,130,12,328,167,240,3,3,2,3,209,124,21,9,7,0,158,18,17,0,1,3,524,209,14,102,3,2,4,23,43,320,2,8,167,157,771,351,200,81,32,122,145,1149,1074,1607,76,200,3551,114,396,65,726,318,3128,627,17,335,803,1346,12793,1750,1458,13047,529,23,129,417,5047,45,34,2165,52,1193,19,82,77,446,215
9,6,0,2,4,1,1,1,1,3,1,1,0,7,8,5,0,0,0,9,1,36,59,2,17,49,61,225,8,8,0,170,8,664,2,3,2,22,15,700,7,1,3,736,8,177,599,1,0,1,88,72,78,6,9,42,5,30,13,33,73,25,44,5,200,164,99,8,30,124,89,872,27,141,101,5428,422,7622,331,32,10742,670,721,117,529,28615,27,26,128,844,37,4086,6575,10426,5358,33,48,166,290,116
2,1,3,27,0,2,17,16,776,35,4,19,26,45,5,57,8,2,145,11,23,12,2,216,65,3,17,15,6,39,14,8,7,6,150,239,58,7,528,8,14,10,67,18,3,5,10,36,5,30,11,9,23,7,235,30,9,35,23,1214,89,29,22,5,57,60,119,25,1056,11,99,86,5145,591,115,65,899,323,21,63,99,33,82,147,23,27,2921,1400,66,17,4916,378,326,20,75,1262,81,19,57,48
8,17,22,104,1,9,84,9,58,22,3,7,4,88,14,95,1,0,114,22,26,20,2,52,58,2,14,0,12,51,8,6,9,2,177,137,19,7,344,3,14,13,68,19,9,2,13,50,3,16,417,398,1260,140,1550,4489,17,64,45,674,1532,68,87,30,454,126,21087,41,6377,216,335,546,3807,716,457,76,230,11,156,233,42,174,589,1052,129,26,1400,32548,225,216,11560,33,371,33,47,4058,295,446,731,277
0,0,0,3,0,0,2,0,7,1,2,0,0,4,0,5,0,0,18,2,0,1,0,2,9,3,3,0,0,1,1,6,2,2,12,7,2,1,8,1,0,1,0,18,1,0,2,1,1,1,25,42,129,7,7,85,13,56,47,94,646,81,310,70,276,8215,1037,181,271,60,1310,419,54,61,15047,75,31,25,123,1115,112,994,1658,8647,417,128,66,225,20739,77,193,12,87,62,329,8,23,233,3540,5417
1,0,1,16,0,1,2,4,55,7,5,24,6,7,11,16,1,1,9,191,5,68,241,9,672,322,422,7,1,8,4,408,221,62,23,14,0,288,19,25,5,3,21,1118,341,29,225,3,0,5,38,53,364,13,22,272,100,715,115,427,76,49,232,40,711,326,868,24,327,7418,87,932,141,1620,76,8053,397,15,152,180,870,3089,509,456,5047,844,17,216,77,20558,58,69,13427,59,636,22,92,28,112,40
3,13,8,74,2,4,61,1,24,30,2,6,1,108,12,76,0,1,66,13,10,20,1,29,31,7,15,5,9,64,12,8,9,6,189,105,17,3,350,7,16,9,57,33,6,1,6,41,1,8,109,114,151,58,761,498,2,10,3,360,376,23,23,5,228,162,1514,11,989,47,138,218,2317,971,220,68,1074,48,123,89,91,104,326,352,45,37,4916,11560,193,58,22403,240,872,26,83,6570,204,117,166,137
14,2,2,6,5,2,1,1,1,2,3,2,0,6,4,3,0,0,0,5,0,38,85,5,8,71,73,1226,27,11,1,203,4,1062,8,1,18,17,23,1574,18,7,1,1175,12,277,928,2,4,0,63,36,21,5,70,15,2,13,6,28,30,12,14,7,54,17,16,3,21,9,19,736,37,471,10,346,7053,18880,254,6,1291,105,229,9,34,4086,378,33,12,69,240,33193,18484,2527,1708,259,49,102,66,27
6,1,1,19,4,1,8,13,68,26,18,43,11,32,16,28,5,0,11,195,7,208,623,21,668,1037,940,195,22,34,2,1540,283,1007,26,19,11,463,48,696,19,13,15,5032,425,270,1480,8,5,10,52,40,138,13,135,127,34,105,38,386,133,69,259,36,252,126,221,24,308,1170,120,3131,738,5478,97,7984,11503,1247,98,54,7015,3663,322,151,2165,6575,326,371,87,13427,872,18484,57656,846,4834,509,106,64,196,105
0,0,0,0,0,0,1,0,1,2,0,0,0,2,1,1,0,0,1,2,0,4,12,0,4,19,21,45,2,1,0,28,3,123,0,1,0,3,1,121,1,1,0,130,1,27,74,1,0,1,222,171,111,17,9,61,4,87,51,66,181,128,137,8,169,47,56,16,53,25,145,5941,11,38,54,73,190,16266,869,20,361,166,785,30,52,10426,20,33,62,59,26,2527,846,17513,8865,14,75,476,295,99
3,0,0,4,1,1,0,2,4,5,8,4,0,11,7,4,0,1,1,18,1,51,144,10,63,269,185,81,8,10,0,401,20,496,5,6,5,89,9,347,6,3,1,1470,34,108,614,3,0,8,70,66,72,6,22,42,20,139,98,126,302,196,425,53,187,263,209,60,72,200,401,8315,50,324,363,818,1514,784,184,172,4912,6865,723,338,1193,5358,75,47,329,636,83,1708,4834,8865,24801,54,38,163,706,427
8,22,40,134,7,12,102,1,0,6,0,0,0,16,14,23,0,0,3,2,0,5,2,1,2,5,3,3,0,4,4,3,3,5,36,4,1,1,53,6,3,3,8,19,5,1,8,20,0,0,640,927,182,576,4438,808,1,1,2,38,59,2,5,1,139,16,58,2,63,7,12,68,158,297,9,52,716,116,64,7,83,35,51,22,19,33,1262,4058,8,22,6570,259,509,14,54,7443,584,26,21,11
0,0,1,11,2,2,6,0,2,0,0,0,0,3,1,3,0,0,1,0,0,0,0,1,2,0,0,0,0,0,0,2,0,0,9,1,1,0,2,3,0,0,1,5,0,1,2,9,0,0,8876,2129,3534,288,2792,1399,3,9,9,37,169,5,6,3,9533,130,309,1,92,33,8,136,20,72,13,46,96,87,15392,8,25,56,928,69,82,48,81,295,23,92,204,49,106,75,38,584,31910,217,162,28
0,1,0,0,0,0,1,0,0,0,0,0,0,3,1,1,0,0,3,0,0,1,1,3,2,1,3,0,0,0,0,0,1,4,5,3,0,0,3,3,1,0,0,12,2,1,4,0,0,1,540,787,593,94,116,681,2,6,11,34,15566,50,20,1,569,166,460,6,155,24,115,1822,19,26,74,33,17,377,8239,29,47,126,7596,141,77,166,19,446,233,28,117,102,64,476,163,26,217,35227,5274,419
0,3,2,4,0,0,2,1,13,2,2,1,0,1,0,3,1,0,22,1,0,2,4,9,11,6,4,0,0,0,0,12,2,5,13,13,1,6,15,12,0,1,5,29,0,2,11,1,0,1,400,1002,1296,100,108,1134,10,33,27,124,11054,219,168,21,1122,2340,1277,32,387,53,690,1534,65,87,816,141,67,123,432,118,217,982,16366,1062,446,290,57,731,3540,112,166,66,196,295,706,21,162,5274,26825,9451
0,0,0,1,0,0,1,0,10,1,0,2,0,1,0,4,0,0,16,3,1,1,1,5,7,8,5,1,1,0,0,7,2,1,4,9,1,3,14,5,0,0,0,28,1,0,9,1,0,0,32,62,204,3,15,144,7,19,21,163,2646,299,294,34,489,3729,654,138,316,32,5888,703,67,58,5198,57,47,47,94,249,127,656,1911,733,215,116,48,277,5417,40,137,27,105,99,427,11,28,419,9451,10940
