14404,2253,9893,1585,12766,627,472,31,5,30,14,3,8,13369,943,192,1,0,9,69,4,207,6,4,6,16,8,3,248,629,20,22,31,4,98,13,13,14,43,2,134,47,82,4,64,1,3,44,1205,9,2,6,6,56,4,7,0,0,0,1,3,0,0,0,13,2,19,0,1,0,0,0,0,1,0,1,1,0,1,0,0,0,6,3,0,0,2,10,0,0,17,0,0,0,0,10,4,0,3,0
2253,34113,14505,14525,199,100,1967,26,5,82,7,4,5,4376,6636,393,0,0,6,52,5,399,3,8,5,21,12,1,67,324,11,10,26,5,123,15,16,14,50,0,270,167,95,2,27,0,3,59,35,20,3,9,5,195,5,11,0,1,0,0,4,0,0,0,10,4,15,0,3,2,0,2,1,0,0,0,1,0,0,0,0,1,3,3,0,0,3,17,1,0,12,0,1,0,0,9,2,0,4,0
9893,14505,49273,5599,7038,7619,12000,2,0,9,6,1,0,1061,378,83,0,0,3,9,1,135,0,1,1,4,2,0,44,165,2,1,0,2,57,3,9,4,438,2,69,35,12,0,5,0,1,116,200,7,111,152,9,3002,24,18,0,0,1,0,1,0,0,0,9,5,5,0,0,0,0,0,0,0,0,0,0,0,0,0,0,0,2,0,0,0,2,6,0,0,5,0,0,0,0,14,1,0,1,0
1585,14525,5599,29586,499,705,11980,181,73,391,81,28,53,6148,13780,4204,18,5,69,437,76,855,52,42,42,89,96,12,173,850,360,73,172,38,579,141,118,86,260,14,661,502,2207,21,166,5,27,386,108,124,15,32,33,164,25,75,1,1,2,2,11,2,1,0,78,39,65,2,4,4,2,10,1,5,3,1,13,0,4,6,1,6,16,9,0,0,16,66,0,1,51,0,0,0,0,67,7,2,11,1
12766,199,7038,499,25734,20816,430,14,3,19,3,1,3,5869,207,103,3,0,4,20,3,65,4,4,4,6,5,3,135,297,14,16,13,5,81,18,10,6,95,0,62,38,41,2,27,0,1,1553,4509,8,7,5,7,331,4,14,0,1,0,1,1,0,0,0,6,4,9,0,2,0,1,0,0,0,0,0,0,0,3,0,1,2,3,1,0,0,1,10,0,0,16,0,0,0,0,18,1,0,3,0
627,100,7619,705,20816,31882,14067,0,2,12,3,2,1,119,25,51,0,0,1,3,1,12,1,17,0,2,5,1,19,21,2,4,1,0,213,9,19,2,3984,6,16,7,4,2,1,0,1,7260,3095,1,0,10,5,1048,130,19,0,0,0,0,1,0,0,0,11,2,6,0,1,0,0,1,0,0,0,0,0,0,0,0,0,0,0,0,0,0,3,6,0,0,7,0,0,0,0,24,1,0,0,0
472,1967,12000,11980,430,14067,22197,11,49,103,24,16,6,525,319,2187,2,2,10,58,30,196,24,109,20,30,38,8,26,117,15,30,40,12,3354,57,131,36,3046,10,108,101,39,31,21,5,16,2115,63,27,31,101,74,772,73,210,0,1,1,0,16,0,0,0,119,37,76,1,3,1,1,9,3,2,3,2,4,0,6,1,3,1,13,13,0,0,19,124,0,1,57,1,0,0,1,151,8,2,17,1
31,26,2,181,14,0,11,34131,7739,158,2853,1525,9259,480,517,2386,3951,4614,1559,5786,728,2847,599,335,135,89,432,16,14,233,2234,122,745,35,39,88,4121,52,52,7,98,124,542,41,1352,115,105,16,9,132,0,1,1,0,1,2,322,78,39,447,23,17,8,70,6,9,28,84,31,592,22,35,35,101,4,3,367,0,1,33,11,275,5,7,13,0,398,10,2,17,3,1,2,0,1,3,1,0,12,4
5,5,0,73,3,2,49,7739,52830,70,708,1175,2858,50,57,967,922,240,5706,3687,176,1165,530,11695,5112,223,5912,34,10,24,95,211,779,85,269,1301,13248,348,324,101,11,22,93,545,123,82,115,85,3,18,0,4,2,0,1,3,222,81,23,327,15,22,4,43,9,11,9,46,24,349,27,21,30,70,4,6,468,0,0,10,6,118,3,6,9,1,493,11,0,23,3,3,0,0,1,4,0,0,4,3
30,82,9,391,19,12,103,158,70,29029,3144,4827,707,280,370,1618,296,11,95,100,7263,4055,1032,126,11,66,186,58,40,105,678,429,1039,45,445,743,816,98,931,14,7400,5698,1504,67,96,345,579,347,17,4596,10,14,26,4,7,25,4,5,19,6,52,7,3,2,75,54,119,31,81,6,16,21,10,3,8,3,4,0,12,36,4,1,41,20,0,0,52,112,10,6,62,0,0,0,1,48,9,6,68,11
14,7,6,81,3,3,24,2853,708,3144,2483,9121,1363,71,94,1130,116,90,613,426,674,2431,1655,202,45,50,164,24,9,30,219,104,249,32,119,552,695,58,475,12,75,88,171,34,47,130,162,75,1,55,1,3,3,0,5,2,7,7,20,23,28,8,1,2,21,18,28,36,42,12,22,11,5,3,7,1,6,0,5,26,3,6,13,5,4,2,17,26,6,3,14,0,1,1,3,3,3,1,19,7
3,4,1,28,1,2,16,1525,1175,4827,9121,19574,7752,45,71,664,1810,75,591,1914,3373,1667,5309,264,382,54,597,13,10,72,236,88,3941,30,56,352,1276,112,184,15,125,331,267,61,227,101,170,14,0,350,0,1,1,0,1,2,11,9,28,27,12,10,1,4,3,8,11,27,21,57,15,18,8,33,1,6,56,1,0,10,5,37,3,1,13,1,28,9,1,14,1,2,2,0,3,4,0,0,13,6
8,5,0,53,3,1,6,9259,2858,707,1363,7752,25980,630,641,600,5341,791,360,4159,1372,537,500,174,750,51,1399,8,40,492,1003,89,5853,13,28,104,1779,65,37,4,123,368,640,32,697,25,47,10,7,637,0,0,3,0,0,2,197,23,11,303,6,5,8,44,5,27,10,10,16,805,6,39,17,213,2,12,651,1,1,12,11,336,5,4,41,0,220,6,10,43,3,1,1,0,6,3,0,1,4,7
13369,4376,1061,6148,5869,119,525,480,50,280,71,45,630,65432,12423,1630,70,32,71,622,119,932,65,28,39,230,113,73,3325,25878,567,596,1992,94,548,242,257,111,467,4,842,1590,2140,22,1113,16,84,191,18172,1749,18,31,48,17,16,70,3,2,2,5,41,3,0,2,146,97,179,3,16,7,5,24,2,6,0,3,16,0,15,14,1,5,59,50,2,0,22,141,6,7,141,0,0,0,1,37,20,3,53,4
943,6636,378,13780,207,25,319,517,57,370,94,71,641,12423,18223,1865,131,51,93,412,216,889,69,21,27,95,62,22,205,2010,1055,195,1052,42,190,111,87,70,121,3,881,1486,11198,12,512,12,41,64,116,8175,4,12,14,5,9,17,4,1,1,3,16,0,0,1,42,21,45,2,8,6,2,9,2,3,0,1,10,0,5,4,5,2,11,12,2,0,14,32,0,1,29,0,0,0,0,16,3,1,11,1
192,393,83,4204,103,51,2187,2386,967,1618,1130,664,600,1630,1865,21132,682,501,4881,1293,2338,943,176,422,133,131,194,15,122,724,11111,136,449,67,3703,4234,998,161,1192,17,542,667,4246,57,215,17,33,672,54,572,35,68,105,23,35,139,10,5,24,19,157,6,0,1,303,209,399,30,125,20,22,127,9,18,10,3,18,0,50,83,2,12,199,82,1,0,107,351,24,8,251,1,2,0,1,154,51,15,258,19
1,0,0,18,3,0,2,3951,922,296,116,1810,5341,70,131,682,11166,2678,704,75,5249,70,151,144,7,8,12,2,4,48,2174,19,238,1,32,135,582,4,77,0,19,81,424,3,11,12,19,8,0,162,0,0,0,0,0,0,10,4,10,7,7,3,0,0,2,2,3,17,8,2,5,2,4,2,0,0,2,0,0,3,0,0,3,1,0,1,25,3,1,2,2,0,0,0,0,1,0,0,2,2
0,0,0,5,0,0,2,4614,240,11,90,75,791,32,51,501,2678,1877,394,9,1107,59,20,54,1,1,4,0,2,21,2841,0,95,1,9,33,314,1,9,1,5,7,79,1,3,0,1,0,0,25,0,0,0,0,0,0,7,3,2,13,4,2,0,2,0,2,1,5,8,3,3,1,1,0,1,0,0,0,0,0,1,0,0,0,0,0,10,3,0,0,1,0,0,0,0,0,0,0,1,0
9,6,3,69,4,1,10,1559,5706,95,613,591,360,71,93,4881,704,394,5282,719,858,436,142,1308,138,39,102,5,5,19,914,20,128,7,51,1293,1044,79,82,4,24,29,174,30,28,16,33,2,3,15,0,0,4,0,1,2,8,4,29,21,41,11,1,7,7,5,18,45,57,9,16,8,8,5,5,5,16,0,0,21,1,6,11,3,3,0,37,13,4,0,3,0,1,0,0,2,1,0,17,6
69,52,9,437,20,3,58,5786,3687,100,426,1914,4159,622,412,1293,75,9,719,18224,106,1089,1327,319,3930,462,3762,29,43,208,245,278,5541,148,168,579,661,725,109,25,77,93,549,1077,6031,75,110,41,9,64,2,2,1,1,0,8,77,6,6,127,11,3,6,13,15,37,20,10,12,675,15,76,9,378,4,28,697,0,1,22,22,390,9,10,60,3,114,13,13,106,6,3,18,7,10,3,1,0,6,3
4,5,1,76,3,1,30,728,176,7263,674,3373,1372,119,216,2338,5249,1107,858,106,10908,176,525,267,11,19,45,8,12,94,3065,194,828,7,172,811,1317,23,627,5,159,484,3118,10,56,44,144,96,4,2402,2,4,2,0,0,8,6,2,27,7,33,14,1,3,18,24,49,46,41,3,14,22,10,2,4,1,1,0,4,21,3,1,18,5,0,0,53,34,3,0,20,0,0,0,1,6,5,3,37,9
207,399,135,855,65,12,196,2847,1165,4055,2431,1667,537,932,889,943,70,59,436,1089,176,17502,4142,217,239,546,1245,1994,3433,1245,297,429,376,1427,251,490,900,223,627,701,18633,1510,628,732,269,4667,1692,119,28,461,4,7,14,3,6,12,22,11,18,31,66,13,3,2,76,54,123,32,94,69,27,63,10,46,9,22,57,2,10,47,68,45,76,24,14,21,61,118,15,30,72,35,17,9,25,41,13,5,88,17
6,3,0,52,4,1,24,599,530,1032,1655,5309,500,65,69,176,151,20,142,1327,525,4142,10993,236,619,710,4309,272,31,74,50,1560,6107,231,56,133,254,1835,167,86,98,205,97,1428,1175,5107,8254,77,3,156,0,0,0,0,0,4,10,0,4,11,2,2,2,2,2,13,3,6,3,54,6,65,1,73,1,92,174,1,0,7,117,66,2,4,35,10,11,7,0,163,2,6,29,4,42,5,0,0,3,1
4,8,1,42,4,17,109,335,11695,126,202,264,174,28,21,422,144,54,1308,319,267,217,236,5746,545,204,1565,71,17,54,90,298,159,107,767,5594,5308,219,16259,264,55,59,57,353,66,20,131,1271,11,21,0,4,7,0,2,12,8,4,11,15,17,6,0,1,13,13,20,11,17,12,4,12,4,7,1,1,16,0,0,10,3,5,1,6,1,0,42,19,2,3,15,11,2,0,1,9,3,1,19,4
6,5,1,42,4,0,20,135,5112,11,45,382,750,39,27,133,7,1,138,3930,11,239,619,545,10714,139,7205,12,2,8,17,149,1670,38,92,270,237,367,75,14,3,10,22,1811,517,19,78,12,2,10,0,0,1,0,0,1,5,0,2,8,1,0,2,3,1,18,3,1,1,131,3,26,1,103,0,24,305,1,0,7,12,79,2,1,24,2,9,1,4,48,1,1,6,0,8,2,0,0,1,0
16,21,4,89,6,2,30,89,223,66,50,54,51,230,95,131,8,1,39,462,19,546,710,204,139,32639,5193,269,22,121,26,8259,515,4613,85,116,37,4889,185,594,36,54,106,10582,4765,256,939,92,9,33,0,3,0,0,0,2,1,0,0,3,1,3,2,0,0,3,2,3,1,6,3,92,1,20,1,119,206,2,0,3,299,20,1,3,0,42,2,2,0,152,1,41,79,13,108,3,1,0,0,2
8,12,2,96,5,5,38,432,5912,186,164,597,1399,113,62,194,12,4,102,3762,45,1245,4309,1565,7205,5193,23250,643,34,94,25,7370,3787,1608,159,331,1344,4469,855,4336,54,113,81,12818,4228,418,3511,241,5,61,1,3,4,0,1,5,5,2,1,13,4,2,0,1,6,8,4,1,0,34,3,22,0,44,0,31,124,4,0,2,64,41,2,1,10,21,14,11,0,57,12,98,19,5,17,15,1,0,2,1
3,1,0,12,3,1,8,16,34,58,24,13,8,73,22,15,2,0,5,29,8,1994,272,71,12,269,643,53496,558,111,6,83,66,9493,14,9,105,152,143,17172,82,57,16,403,160,16968,4775,39,3,24,0,0,1,0,0,4,0,1,1,0,2,1,0,0,4,2,1,0,0,2,1,4,0,6,0,5,28,26,0,1,5,1,0,1,0,37,2,2,0,2,1,713,18,10,10,3,0,0,1,0
248,67,44,173,135,19,26,14,10,40,9,10,40,3325,205,122,4,2,5,43,12,3433,31,17,2,22,34,558,81535,9417,45,59,148,131,39,79,114,9,111,133,21607,483,98,19,64,212,85,29,8205,78,1,2,5,0,2,3,1,0,2,1,18,0,0,0,19,19,38,5,17,1,2,12,1,0,2,1,2,1,4,11,0,2,22,3,0,1,16,32,2,0,22,1,0,0,0,5,4,1,23,5
629,324,165,850,297,21,117,233,24,105,30,72,492,25878,2010,724,48,21,19,208,94,1245,74,54,8,121,94,111,9417,48066,360,706,2342,86,259,336,453,79,578,16,3705,9879,1124,29,518,62,201,128,2017,1057,9,12,23,2,3,27,2,0,4,7,54,5,0,2,78,74,150,7,50,6,9,43,5,7,0,2,6,0,15,30,1,7,77,29,1,0,47,108,6,5,101,0,0,1,0,27,10,4,83,9
20,11,2,360,14,2,15,2234,95,678,219,236,1003,567,1055,11111,2174,2841,914,245,3065,297,50,90,17,26,25,6,45,360,19918,38,326,7,216,370,713,13,501,2,202,435,7029,2,127,1,15,117,21,805,15,12,48,2,9,39,3,7,20,14,107,15,1,1,171,102,271,46,102,13,15,60,10,4,4,1,10,0,22,48,1,4,145,41,0,0,93,187,17,3,140,0,0,0,0,48,30,7,164,13
22,10,1,73,16,4,30,122,211,429,104,88,89,596,195,136,19,0,20,278,194,429,1560,298,149,8259,7370,83,59,706,38,19607,5848,4007,77,118,70,2089,265,608,242,713,127,3928,5105,426,10887,132,5,479,3,3,2,0,1,3,0,4,2,4,7,4,1,4,6,2,5,2,0,3,4,135,0,22,0,163,194,5,1,3,435,23,0,2,5,74,4,8,0,170,4,48,138,26,148,5,1,0,1,1
31,26,0,172,13,1,40,745,779,1039,249,3941,5853,1992,1052,449,238,95,128,5541,828,376,6107,159,1670,515,3787,66,148,2342,326,5848,27107,98,99,211,204,1940,199,16,634,1971,699,541,7611,102,3690,128,15,2288,2,0,7,0,1,6,14,3,3,31,3,3,4,5,6,16,12,7,10,328,6,100,7,240,2,81,396,0,1,22,70,210,9,5,65,1,17,11,10,154,5,5,24,5,26,7,0,0,8,6
4,5,2,38,5,0,12,35,85,45,32,30,13,94,42,67,1,1,7,148,7,1427,231,107,38,4613,1608,9493,131,86,7,4007,98,20430,28,32,89,543,157,8066,71,42,22,3071,637,3050,8801,61,2,23,0,1,1,0,2,3,0,0,2,2,2,7,3,0,0,2,1,1,0,4,6,79,0,19,0,39,44,18,0,3,188,5,0,1,1,631,2,1,0,12,2,1155,204,201,181,4,0,0,1,1
98,123,57,579,81,213,3354,39,269,445,119,56,28,548,190,3703,32,9,51,168,172,251,56,767,92,85,159,14,39,259,216,77,99,28,6971,3832,500,97,8948,21,187,212,276,60,29,2,35,6308,103,136,58,133,137,23,65,247,1,1,6,5,65,5,0,0,264,154,300,7,26,4,3,46,8,8,1,1,4,0,18,8,0,1,85,49,0,0,43,275,3,5,230,0,1,0,1,216,32,7,84,3
13,15,3,141,18,9,57,88,1301,743,552,352,104,242,111,4234,135,33,1293,579,811,490,133,5594,270,116,331,9,79,336,370,118,211,32,3832,16306,1960,224,4999,16,219,236,452,124,34,14,37,348,9,190,17,27,38,4,14,43,4,6,23,18,144,22,1,2,169,127,301,43,108,10,19,96,8,5,3,4,19,0,39,70,2,3,157,55,1,0,122,206,11,5,174,1,2,0,0,63,29,9,242,16
13,16,9,118,10,19,131,4121,13248,816,695,1276,1779,257,87,998,582,314,1044,661,1317,900,254,5308,237,37,1344,105,114,453,713,70,204,89,500,1960,4130,43,5036,318,357,456,626,75,57,42,72,525,11,295,5,10,6,6,7,14,57,14,4,132,15,8,2,14,26,20,36,8,18,95,14,9,12,19,1,0,21,0,1,6,2,39,10,5,3,1,190,44,3,6,25,13,1,0,1,45,1,1,11,3
14,14,4,86,6,2,36,52,348,98,58,112,65,111,70,161,4,1,79,725,23,223,1835,219,367,4889,4469,152,9,79,13,2089,1940,543,97,224,43,8877,173,82,46,126,62,6104,6762,64,842,73,4,76,0,0,1,1,1,1,1,0,0,2,2,0,0,1,2,5,0,1,1,9,4,41,1,44,0,63,149,0,0,2,82,32,1,1,8,2,3,1,0,117,2,11,23,4,14,2,0,0,2,0
43,50,438,260,95,3984,3046,52,324,931,475,184,37,467,121,1192,77,9,82,109,627,627,167,16259,75,185,855,143,111,578,501,265,199,157,8948,4999,5036,173,29626,510,319,428,597,203,49,22,119,13294,100,267,30,53,66,38,35,135,5,5,9,19,140,10,0,3,236,152,378,12,61,8,17,90,4,11,2,2,6,2,37,37,4,1,156,64,0,1,111,294,10,4,214,19,2,0,0,129,49,10,186,7
2,0,2,14,0,6,10,7,101,14,12,15,4,4,3,17,0,1,4,25,5,701,86,264,14,594,4336,17172,133,16,2,608,16,8066,21,16,318,82,510,26850,21,9,7,10074,80,1139,1111,101,3,3,0,0,3,0,0,3,0,0,0,1,4,1,2,1,3,3,4,1,1,0,2,36,1,12,0,15,105,98,0,1,60,3,0,0,0,325,5,6,1,8,3,3223,119,92,74,8,1,0,1,0
134,270,69,661,62,16,108,98,11,7400,75,125,123,842,881,542,19,5,24,77,159,18633,98,55,3,36,54,82,21607,3705,202,242,634,71,187,219,357,46,319,21,52319,9612,774,23,138,86,153,94,35,1445,3,2,15,1,3,11,1,1,5,4,35,3,1,1,38,36,80,10,37,4,4,18,1,2,2,3,1,0,10,13,0,1,31,6,1,0,29,60,4,2,28,2,0,1,0,18,6,2,54,6
47,167,35,502,38,7,101,124,22,5698,88,331,368,1590,1486,667,81,7,29,93,484,1510,205,59,10,54,113,57,483,9879,435,713,1971,42,212,236,456,126,428,9,9612,17236,1947,46,171,149,391,120,11,11109,6,10,9,5,7,8,0,0,6,2,28,5,0,0,32,41,75,12,40,6,3,20,2,2,1,2,2,0,0,23,3,0,36,17,0,0,30,42,1,2,37,0,0,0,1,13,7,4,41,9
82,95,12,2207,41,4,39,542,93,1504,171,267,640,2140,11198,4246,424,79,174,549,3118,628,97,57,22,106,81,16,98,1124,7029,127,699,22,276,452,626,62,597,7,774,1947,30412,18,282,12,44,166,29,8358,4,14,17,3,10,27,5,1,6,5,53,5,0,0,71,53,160,10,45,11,6,39,2,5,3,1,9,0,14,34,4,2,69,19,0,0,67,89,8,5,78,0,0,0,0,20,7,4,115,9
4,2,0,21,2,2,31,41,545,67,34,61,32,22,12,57,3,1,30,1077,10,732,1428,353,1811,10582,12818,403,19,29,2,3928,541,3071,60,124,75,6104,203,10074,23,46,18,38054,404,347,1755,92,1,27,0,1,0,1,1,5,2,1,0,4,1,0,0,2,0,2,1,1,0,8,0,40,1,19,1,58,82,5,0,0,141,21,0,0,2,97,1,1,0,71,1,194,42,7,53,1,0,0,1,1
64,27,5,166,27,1,21,1352,123,96,47,227,697,1113,512,215,11,3,28,6031,56,269,1175,66,517,4765,4228,160,64,518,127,5105,7611,637,29,34,57,6762,49,80,138,171,282,404,10293,51,342,27,19,123,0,1,1,0,0,4,2,2,1,8,6,4,0,5,3,12,3,1,1,78,6,83,1,140,0,115,330,0,0,7,107,93,3,5,51,12,4,1,4,271,4,3,46,2,39,6,0,0,4,3
1,0,0,5,0,0,5,115,82,345,130,101,25,16,12,17,12,0,16,75,44,4667,5107,20,19,256,418,16968,212,62,1,426,102,3050,2,14,42,64,22,1139,86,149,12,347,51,14084,7550,10,1,59,0,0,0,0,0,0,1,1,1,0,2,0,0,0,1,0,1,0,1,5,0,7,0,2,1,11,23,3,0,1,39,0,1,0,3,44,2,1,0,6,0,113,19,12,18,0,0,0,0,0
3,3,1,27,1,1,16,105,115,579,162,170,47,84,41,33,19,1,33,110,144,1692,8254,131,78,939,3511,4775,85,201,15,10887,3690,8801,35,37,72,842,119,1111,153,391,44,1755,342,7550,25378,44,3,208,1,0,0,0,0,1,2,1,1,5,3,4,0,1,3,1,2,3,0,7,0,111,1,12,1,98,145,8,0,3,343,12,0,0,2,316,2,0,0,78,4,344,139,60,171,1,0,0,0,1
44,59,116,386,1553,7260,2115,16,85,347,75,14,10,191,64,672,8,0,2,41,96,119,77,1271,12,92,241,39,29,128,117,132,128,61,6308,348,525,73,13294,101,94,120,166,92,27,10,44,10789,648,97,29,106,66,39,73,172,1,2,1,2,26,0,0,0,128,51,122,3,11,2,3,10,8,6,1,1,2,0,5,6,1,1,30,16,1,1,42,167,1,0,96,2,0,0,1,255,8,4,35,2
1205,35,200,108,4509,3095,63,9,3,17,1,0,7,18172,116,54,0,0,3,9,4,28,3,11,2,9,5,3,8205,2017,21,5,15,2,103,9,11,4,100,3,35,11,29,1,19,1,3,648,19722,4,1,1,3,13,1,3,0,0,0,0,1,0,0,0,8,4,8,1,0,0,0,0,0,0,0,0,1,0,0,1,0,0,4,0,0,0,1,8,1,0,7,0,0,0,0,5,2,0,1,1
9,20,7,124,8,1,27,132,18,4596,55,350,637,1749,8175,572,162,25,15,64,2402,461,156,21,10,33,61,24,78,1057,805,479,2288,23,136,190,295,76,267,3,1445,11109,8358,27,123,59,208,97,4,19533,2,10,2,1,4,12,1,2,4,3,24,2,0,0,18,22,60,7,14,7,5,15,1,3,2,3,4,0,7,18,1,2,27,5,1,1,34,29,3,2,31,0,0,0,0,18,5,3,32,4
2,3,111,15,7,0,31,0,0,10,1,0,0,18,4,35,0,0,0,2,2,4,0,0,0,0,1,0,1,9,15,3,2,0,58,17,5,0,30,0,3,6,4,0,0,0,1,29,1,2,37906,7038,493,15837,12436,835,1,0,1,4,280,35,0,1,19863,218,108,1,6,15,3,118,4,15,0,2,2,0,291,5,1,7,325,4,4,1,27,147,2,9,77,3,1,0,0,180,10855,34,166,2
6,9,152,32,5,10,101,1,4,14,3,1,0,31,12,68,0,0,0,2,4,7,0,4,0,3,3,0,2,12,12,3,0,1,133,27,10,0,53,0,2,10,14,1,1,0,0,106,1,10,7038,80744,14378,15653,1274,6260,0,0,1,13,1038,126,0,1,11824,204,117,1,20,21,5,126,10,17,2,2,4,1,93,1,1,1,207,3,4,0,52,286,2,7,83,2,5,1,2,346,193,31,474,6
6,5,9,33,7,5,74,1,2,26,3,1,3,48,14,105,0,0,4,1,2,14,0,7,1,0,4,1,5,23,48,2,7,1,137,38,6,1,66,3,15,9,17,0,1,0,0,66,3,2,493,14378,35207,1213,266,10313,4,5,10,108,923,150,8,8,15912,6215,4929,24,101,161,31,97,74,164,6,21,33,0,69,54,27,60,198,607,10,5,184,948,22,78,310,14,29,1,7,399,139,12,317,15
56,195,3002,164,331,1048,772,0,0,4,0,0,0,17,5,23,0,0,0,1,0,3,0,0,0,0,0,0,0,2,2,0,0,0,23,4,6,1,38,0,1,5,3,1,0,0,0,39,13,1,15837,15653,1213,46459,24590,18751,0,0,0,2,80,13,0,0,649,16,15,0,0,1,0,13,2,3,0,0,0,0,14,2,0,1,17,0,0,0,11,80,0,1,73,1,0,0,1,345,207,3,40,0
4,5,24,25,4,130,73,1,1,7,5,1,0,16,9,35,0,0,1,0,0,6,0,2,0,0,1,0,2,3,9,1,1,2,65,14,7,1,35,0,3,7,10,1,0,0,0,73,1,4,12436,1274,266,24590,27424,7058,0,0,0,4,83,14,1,0,905,52,107,1,9,3,2,30,43,55,1,0,5,0,22,8,1,6,30,7,1,1,76,1586,5,7,926,1,10,1,0,5922,4164,2,38,5
7,11,18,75,14,19,210,2,3,25,2,2,2,70,17,139,0,0,2,8,8,12,4,12,1,2,5,4,3,27,39,3,6,3,247,43,14,1,135,3,11,8,27,5,4,0,1,172,3,12,835,6260,10313,18751,7058,30903,5,4,1,29,523,75,1,5,1760,321,1981,13,53,29,14,71,65,79,4,10,28,0,31,19,13,16,66,19,2,6,149,5141,9,29,432,5,14,2,2,1867,54,9,158,20
0,0,0,1,0,0,0,322,222,4,7,11,197,3,4,10,10,7,8,77,6,22,10,8,5,1,5,0,1,2,3,0,14,0,1,4,57,1,5,0,1,0,5,2,2,1,2,1,0,1,1,0,4,0,0,5,6122,9086,1564,945,22,43,28,5753,10,172,323,3843,250,4875,18,95,346,139,8,128,180,2,1,773,85,4399,11,100,283,4,1354,22,42,20,9,1,11,1,10,1,1,0,5,6
0,1,0,1,1,0,1,78,81,5,7,9,23,2,1,5,4,3,4,6,2,11,0,4,0,0,2,1,0,0,7,4,3,0,1,6,14,0,5,0,1,0,1,1,2,1,1,2,0,2,0,0,5,0,0,4,9086,20651,9056,2506,113,1030,195,1829,12,48,250,8647,248,7194,180,878,224,63,5,78,60,2,1,557,66,526,6,52,130,17,1382,17,3,60,7,17,30,27,30,0,2,0,4,3
0,0,1,2,0,0,1,39,23,19,20,28,11,2,1,24,10,2,29,6,27,18,4,11,2,0,1,1,2,4,20,2,3,2,6,23,4,0,9,0,5,6,6,0,1,1,1,1,0,4,1,1,10,0,0,1,1564,9056,3891,5062,482,1473,407,520,32,95,637,3795,3201,963,926,712,79,95,90,64,41,5,4,2816,69,291,13,94,106,8,606,47,14,57,28,6,28,18,34,5,5,1,24,25
1,0,0,2,1,0,0,447,327,6,23,27,303,5,3,19,7,13,21,127,7,31,11,15,8,3,13,0,1,7,14,4,31,2,5,18,132,2,19,1,4,2,5,4,8,0,5,2,0,3,4,13,108,2,4,29,945,2506,5062,33219,229,1177,754,1870,119,153,687,772,6018,7625,1054,1149,11339,6730,23,43,2151,7,9,174,118,2096,26,161,61,29,8378,405,22,164,124,39,127,51,80,55,5,0,45,23
3,4,1,11,1,1,16,23,15,52,28,12,6,41,16,157,7,4,41,11,33,66,2,17,1,1,4,2,18,54,107,7,3,2,65,144,15,2,140,4,35,28,53,1,6,2,3,26,1,24,280,1038,923,80,83,523,22,113,482,229,46658,3631,1505,671,2071,2750,1734,669,914,158,5786,1582,172,150,299,147,217,10,374,502,298,430,236,707,47,45,955,872,1238,144,734,48,128,74,116,292,152,45917,74370,13158
0,0,0,2,0,0,0,17,22,7,8,10,5,3,0,6,3,2,11,3,14,13,2,6,0,3,2,1,0,5,15,4,3,7,5,22,8,0,10,1,3,5,5,0,4,0,4,0,0,2,35,126,150,13,14,75,43,1030,1473,1177,3631,5768,6415,2841,232,232,724,1454,913,434,6683,9042,268,190,132,28,154,26,15,373,178,1656,18,132,14,37,578,227,51,62,116,40,103,138,257,63,25,2,82,52
0,0,0,1,0,0,0,8,4,3,1,1,8,0,0,0,0,0,1,6,1,3,2,0,2,2,0,0,0,0,1,1,4,3,0,1,2,0,0,2,1,0,0,0,0,0,0,0,0,0,0,0,8,0,1,1,28,195,407,754,1505,6415,16993,14839,5,16,88,3264,216,184,5318,7196,176,262,90,11,170,10,1,230,180,12646,3,11,5,36,258,41,30,79,11,24,101,77,248,2,0,93,17,22
0,0,0,0,0,0,0,70,43,2,2,4,44,2,1,1,0,2,7,13,3,2,2,1,3,0,1,0,0,2,1,4,5,0,0,2,14,1,3,1,1,0,0,2,5,0,1,0,0,0,1,1,8,0,0,5,5753,1829,520,1870,671,2841,14839,12168,10,62,164,19234,198,1212,4939,2517,231,208,83,8,103,12,1,807,151,19540,5,38,53,29,802,31,31,42,11,25,28,57,232,2,0,0,9,25
13,10,9,78,6,11,119,6,9,75,21,3,5,146,42,303,2,0,7,15,18,76,2,13,1,0,6,4,19,78,171,6,6,0,264,169,26,2,236,3,38,32,71,0,3,1,3,128,8,18,19863,11824,15912,649,905,1760,10,12,32,119,2071,232,5,10,105960,22481,2069,29,155,494,32,1033,77,255,11,123,73,10,8239,135,94,140,30830,263,53,19,577,1043,48,313,890,26,93,12,20,562,14211,654,2348,93
2,4,5,39,4,2,37,9,11,54,18,8,27,97,21,209,2,2,5,37,24,54,13,13,18,3,8,2,19,74,102,2,16,2,154,127,20,5,152,3,36,41,53,2,12,0,1,51,4,22,218,204,6215,16,52,321,172,48,95,153,2750,232,16,62,22481,56674,4238,45,394,1733,817,425,72,497,58,1161,234,9,629,1147,817,779,7702,8583,764,68,701,696,12141,1143,733,101,196,17,55,305,725,97,5363,8482
19,15,5,65,9,6,76,28,9,119,28,11,10,179,45,399,3,1,18,20,49,123,3,20,3,2,4,1,38,150,271,5,12,1,300,301,36,0,378,4,80,75,160,1,3,1,2,122,8,60,108,117,4929,15,107,1981,323,250,637,687,1734,724,88,164,2069,4238,37984,842,8333,907,515,456,218,396,288,67,96,1,109,9788,67,241,597,7566,94,12,1121,9975,252,120,1282,16,60,5,25,1050,140,31,843,302
0,0,0,2,0,0,1,84,46,31,36,27,10,3,2,30,17,5,45,10,46,32,6,11,1,3,1,0,5,7,46,2,7,1,7,43,8,1,12,1,10,12,10,1,1,0,3,3,1,7,1,1,24,0,1,13,3843,8647,3795,772,669,1454,3264,19234,29,45,842,9149,1147,72,24062,732,312,52,887,62,55,3,1,4295,151,456,5,79,24,17,857,175,128,39,45,20,30,24,74,15,2,0,35,76
1,3,0,4,2,1,3,31,24,81,42,21,16,16,8,125,8,8,57,12,41,94,3,17,1,1,0,0,17,50,102,0,10,0,26,108,18,1,61,1,37,40,45,0,1,1,0,11,0,14,6,20,101,0,9,53,250,248,3201,6018,914,913,216,198,155,394,8333,1147,15413,470,1020,481,4282,704,249,52,103,1,33,2990,42,205,184,337,50,6,2902,5008,97,69,672,5,37,14,22,82,16,4,376,160
0,2,0,4,0,0,1,592,349,6,12,57,805,7,6,20,2,3,9,675,3,69,54,12,131,6,34,2,1,6,13,3,328,4,4,10,95,9,8,0,4,6,11,8,78,5,7,2,0,7,15,21,161,1,3,29,4875,7194,963,7625,158,434,184,1212,494,1733,907,72,470,20745,98,1416,89,9889,30,461,3000,11,45,1525,394,9836,149,935,3960,38,679,88,188,2651,31,45,1059,72,156,11,48,10,126,90
0,0,0,2,1,0,1,22,27,16,22,15,6,5,2,22,5,3,16,15,14,27,6,4,3,3,3,1,2,9,15,4,6,6,3,19,14,4,17,2,4,3,6,0,6,0,0,3,0,5,3,5,31,0,2,14,18,180,926,1054,5786,6683,5318,4939,32,817,515,24062,1020,98,21617,2530,561,239,4766,277,347,27,3,4642,836,1001,30,70,42,88,1277,346,3290,185,179,127,215,140,359,29,3,3,1109,9935
0,2,0,10,0,1,9,35,21,21,11,18,39,24,9,127,2,1,8,76,22,63,65,12,26,92,22,4,12,43,60,135,100,79,46,96,9,41,90,36,18,20,39,40,83,7,111,10,0,15,118,126,97,13,30,71,95,878,712,1149,1582,9042,7196,2517,1033,425,456,732,481,1416,2530,37807,151,3221,195,242,3611,3219,4093,719,6110,14347,480,126,130,1274,384,298,162,1381,234,916,1752,6838,11898,84,887,1347,1922,177
0,1,0,1,0,0,3,35,30,10,5,8,17,2,2,9,4,1,8,9,10,10,1,4,1,1,0,0,1,5,10,0,7,0,8,8,12,1,4,1,1,2,2,1,1,0,1,8,0,1,4,10,74,2,43,65,346,224,79,11339,172,268,176,231,77,72,218,312,4282,89,561,151,4396,2646,48,14,308,1,3,61,41,167,26,18,8,4,4696,2651,13,22,3359,15,70,6,31,582,14,1,59,41
1,0,0,5,0,0,2,101,70,3,3,33,213,6,3,18,2,0,5,378,2,46,73,7,103,20,44,6,0,7,4,22,240,19,8,5,19,44,11,12,2,2,5,19,140,2,12,6,0,3,15,17,164,3,55,79,139,63,95,6730,150,190,262,208,255,497,396,52,704,9889,239,3221,2646,28882,65,548,16138,31,18,214,1028,4801,66,169,425,129,1264,570,129,2483,979,467,2444,115,728,527,18,3,107,121
0,0,0,3,0,0,3,4,4,8,7,1,2,0,0,10,0,1,5,4,4,9,1,1,0,1,0,0,2,0,4,0,2,0,1,3,1,0,2,0,2,1,3,1,0,1,1,1,0,2,0,2,6,0,1,4,8,5,90,23,299,132,90,83,11,58,288,887,249,30,4766,195,48,65,7365,130,55,4,0,14890,253,239,5,457,20,12,236,108,3468,48,45,19,41,9,58,2,2,0,56,812
1,0,0,1,0,0,2,3,6,3,1,6,12,3,1,3,0,0,5,28,1,22,92,1,24,119,31,5,1,2,1,163,81,39,1,4,0,63,2,15,3,2,1,58,115,11,98,1,0,3,2,2,21,0,0,10,128,78,64,43,147,28,11,8,123,1161,67,62,52,461,277,242,14,548,130,23889,3575,12,20,553,16817,2729,221,216,7030,4932,9,14,394,12602,27,446,11261,22,96,16,10,7,263,339
1,1,0,13,0,0,4,367,468,4,6,56,651,16,10,18,2,0,16,697,1,57,174,16,305,206,124,28,2,6,10,194,396,44,4,19,21,149,6,105,1,2,9,82,330,23,145,2,1,4,2,4,33,0,5,28,180,60,41,2151,217,154,170,103,73,234,96,55,103,3000,347,3611,308,16138,55,3575,20078,229,5,131,5154,1835,36,69,573,643,126,114,92,5829,215,4785,13099,280,1772,97,10,2,70,121
0,0,0,0,0,0,0,0,0,0,0,1,1,0,0,0,0,0,0,0,0,2,1,0,1,2,4,26,1,0,0,5,0,18,0,0,0,0,2,98,0,0,0,5,0,3,8,0,0,0,0,1,0,0,0,0,2,2,5,7,10,26,10,12,10,9,1,3,1,11,27,3219,1,31,4,12,229,40095,218,10,158,28,5,5,0,7902,4,3,8,22,3,16020,122,17974,1049,2,4,47,8,8
1,0,0,4,3,0,6,1,0,12,5,0,1,15,5,50,0,0,0,1,4,10,0,0,0,0,0,0,4,15,22,1,1,0,18,39,1,0,37,0,10,0,14,0,0,0,0,5,0,7,291,93,69,14,22,31,1,1,4,9,374,15,1,1,8239,629,109,1,33,45,3,4093,3,18,0,20,5,218,110903,13,13,9,25639,31,5,10,74,84,2,39,126,25,7,148,7,27,12644,34009,3517,7
0,0,0,6,0,0,1,33,10,36,26,10,12,14,4,83,3,0,21,22,21,47,7,10,7,3,2,1,11,30,48,3,22,3,8,70,6,2,37,1,13,23,34,0,7,1,3,6,1,18,5,1,54,2,8,19,773,557,2816,174,502,373,230,807,135,1147,9788,4295,2990,1525,4642,719,61,214,14890,553,131,10,13,28118,640,1252,88,5820,728,48,588,352,1786,323,218,55,82,35,157,42,6,2,229,416
0,0,0,1,1,0,3,11,6,4,3,5,11,1,5,2,0,1,1,22,3,68,117,3,12,299,64,5,0,1,1,435,70,188,0,2,2,82,4,60,0,3,4,141,107,39,343,1,0,1,1,1,27,0,1,13,85,66,69,118,298,178,180,151,94,817,67,151,42,394,836,6110,41,1028,253,16817,5154,158,13,640,21413,4882,159,140,1629,4609,26,36,441,1894,70,1049,3533,808,21882,26,8,4,307,554
0,1,0,6,2,0,1,275,118,1,6,37,336,5,2,12,0,0,6,390,1,45,66,5,79,20,41,1,2,7,4,23,210,5,1,3,39,32,1,3,1,0,2,21,93,0,12,1,0,2,7,1,60,1,6,16,4399,526,291,2096,430,1656,12646,19540,140,779,241,456,205,9836,1001,14347,167,4801,239,2729,1835,28,9,1252,4882,26266,86,234,7194,109,491,102,344,1037,49,82,518,131,7198,29,14,0,149,266
6,3,2,16,3,0,13,5,3,41,13,3,5,59,11,199,3,0,11,9,18,76,2,1,2,1,2,0,22,77,145,0,9,0,85,157,10,1,156,0,31,36,69,0,3,1,0,30,4,27,325,207,198,17,30,66,11,6,13,26,236,18,3,5,30830,7702,597,5,184,149,30,480,26,66,5,221,36,5,25639,88,159,86,56382,277,90,29,505,616,313,179,598,23,50,5,5,144,5866,4612,38167,1301
3,3,0,9,1,0,13,7,6,20,5,1,4,50,12,82,1,0,3,10,5,24,4,6,1,3,1,1,3,29,41,2,5,1,49,55,5,1,64,0,6,17,19,0,5,0,0,16,0,5,4,3,607,0,7,19,100,52,94,161,707,132,11,38,263,8583,7566,79,337,935,70,126,18,169,457,216,69,5,31,5820,140,234,277,22081,171,18,253,177,5785,334,255,30,62,4,18,76,35,3,456,627
0,0,0,0,0,0,0,13,9,0,4,13,41,2,2,1,0,0,3,60,0,14,35,1,24,0,10,0,0,1,0,5,65,1,0,1,3,8,0,0,1,0,0,2,51,3,2,1,0,1,4,4,10,0,1,2,283,130,106,61,47,14,5,53,53,764,94,24,50,3960,42,130,8,425,20,7030,573,0,5,728,1629,7194,90,171,13293,21,27,5,187,5241,2,7,42,4,30,0,5,0,90,88
0,0,0,0,0,0,0,0,1,0,2,1,0,0,0,0,1,0,0,3,0,21,10,0,2,42,21,37,1,0,0,74,1,631,0,0,1,2,1,325,0,0,0,97,12,44,316,1,0,1,1,0,5,0,1,6,4,17,8,29,45,37,36,29,19,68,12,17,6,38,88,1274,4,129,12,4932,643,7902,10,48,4609,109,29,18,21,30879,3,9,23,440,11,7619,7761,11628,3932,5,3,3,27,28
2,3,2,16,1,3,19,398,493,52,17,28,220,22,14,107,25,10,37,114,53,61,11,42,9,2,14,2,16,47,93,4,17,2,43,122,190,3,111,5,29,30,67,1,4,2,2,42,1,34,27,52,184,11,76,149,1354,1382,606,8378,955,578,258,802,577,701,1121,857,2902,679,1277,384,4696,1264,236,9,126,4,74,588,26,491,505,253,27,3,2606,2455,249,25,5077,28,21,9,16,918,74,20,785,316
10,17,6,66,10,6,124,10,11,112,26,9,6,141,32,351,3,3,13,13,34,118,7,19,1,2,11,2,32,108,187,8,11,1,275,206,44,1,294,6,60,42,89,1,1,1,0,167,8,29,147,286,948,80,1586,5141,22,17,47,405,872,227,41,31,1043,696,9975,175,5008,88,346,298,2651,570,108,14,114,3,84,352,36,102,616,177,5,9,2455,21737,180,46,17442,21,63,4,15,6099,104,26,855,228
0,1,0,0,0,0,0,2,0,10,6,1,10,6,0,24,1,0,4,13,3,15,0,2,4,0,0,0,2,6,17,0,10,0,3,11,3,0,10,1,4,1,8,0,4,0,0,1,1,3,2,2,22,0,5,9,42,3,14,22,1238,51,30,31,48,12141,252,128,97,188,3290,162,13,129,3468,394,92,8,2,1786,441,344,313,5785,187,23,249,180,29594,246,194,39,49,9,63,32,4,1,1319,8987
0,0,0,1,0,0,1,17,23,6,3,14,43,7,1,8,2,0,0,106,0,30,163,3,48,152,57,2,0,5,3,170,154,12,5,5,6,117,4,8,2,2,5,71,271,6,78,0,0,2,9,7,78,1,7,29,20,60,57,164,144,62,79,42,313,1143,120,39,69,2651,185,1381,22,2483,48,12602,5829,22,39,323,1894,1037,179,334,5241,440,25,46,246,22371,30,196,20559,80,488,17,31,7,149,154
17,12,5,51,16,7,57,3,3,62,14,1,3,141,29,251,2,1,3,6,20,72,2,15,1,1,12,1,22,101,140,4,5,2,230,174,25,2,214,3,28,37,78,1,4,0,4,96,7,31,77,83,310,73,926,432,9,7,28,124,734,116,11,11,890,733,1282,45,672,31,179,234,3359,979,45,27,215,3,126,218,70,49,598,255,2,11,5077,17442,194,30,31056,38,79,1,19,15494,197,23,809,214
0,0,0,0,0,0,1,1,3,0,0,2,1,0,0,1,0,0,0,3,0,35,6,11,1,41,98,713,1,0,0,48,5,1155,0,1,13,11,19,3223,2,0,0,194,3,113,344,2,0,0,3,2,14,1,1,5,1,17,6,39,48,40,24,25,26,101,16,20,5,45,127,916,15,467,19,446,4785,16020,25,55,1049,82,23,30,7,7619,28,21,39,196,38,19627,5317,4275,1177,14,5,2,23,38
0,1,0,0,0,0,0,2,0,0,1,2,1,0,0,2,0,0,1,18,0,17,29,2,6,79,19,18,0,0,0,138,24,204,1,2,1,23,2,119,0,0,0,42,46,19,139,0,0,0,1,5,29,0,10,14,11,30,28,127,128,103,101,28,93,196,60,30,37,1059,215,1752,70,2444,41,11261,13099,122,7,82,3533,518,50,62,42,7761,21,63,49,20559,79,5317,32325,427,1109,48,11,1,57,67
0,0,0,0,0,0,0,0,0,0,1,0,0,0,0,0,0,0,0,7,0,9,4,0,0,13,5,10,0,1,0,26,5,201,0,0,0,4,0,92,1,0,0,7,2,12,60,0,0,0,0,1,1,0,1,2,1,27,18,51,74,138,77,57,12,17,5,24,14,72,140,6838,6,115,9,22,280,17974,148,35,808,131,5,4,4,11628,9,4,9,80,1,4275,427,24439,14318,1,2,24,11,15
0,0,0,0,0,0,1,1,1,1,3,3,6,1,0,1,0,0,0,10,1,25,42,1,8,108,17,10,0,0,0,148,26,181,1,0,1,14,0,74,0,1,0,53,39,18,171,1,0,0,0,2,7,1,0,2,10,30,34,80,116,257,248,232,20,55,25,74,22,156,359,11898,31,728,58,96,1772,1049,7,157,21882,7198,5,18,30,3932,16,15,63,488,19,1177,1109,14318,21405,9,2,1,31,57
10,9,14,67,18,24,151,3,4,48,3,4,3,37,16,154,1,0,2,3,6,41,5,9,2,3,15,3,5,27,48,5,7,4,216,63,45,2,129,8,18,13,20,1,6,0,1,255,5,18,180,346,399,345,5922,1867,1,0,5,55,292,63,2,2,562,305,1050,15,82,11,29,84,582,527,2,16,97,2,27,42,26,29,144,76,0,5,918,6099,32,17,15494,14,48,1,9,15006,347,8,254,33
4,2,1,7,1,1,8,1,0,9,3,0,0,20,3,51,0,0,1,1,5,13,0,3,0,1,1,0,4,10,30,1,0,0,32,29,1,0,49,1,6,7,7,0,0,0,0,8,2,5,10855,193,139,207,4164,54,1,2,5,5,152,25,0,0,14211,725,140,2,16,48,3,887,14,18,2,10,10,4,12644,6,8,14,5866,35,5,3,74,104,4,31,197,5,11,2,2,347,49560,1176,1852,6
0,0,0,2,0,0,2,0,0,6,1,0,1,3,1,15,0,0,0,0,3,5,0,1,0,0,0,0,1,4,7,0,0,0,7,9,1,0,10,0,2,4,4,0,0,0,0,4,0,3,34,31,12,3,2,9,0,0,1,0,45917,2,93,0,654,97,31,0,4,10,3,1347,1,3,0,7,2,47,34009,2,4,0,4612,3,0,3,20,26,1,7,23,2,1,24,1,8,1176,44109,3826,14
3,4,1,11,3,0,17,12,4,68,19,13,4,53,11,258,2,1,17,6,37,88,3,19,1,0,2,1,23,83,164,1,8,1,84,242,11,2,186,1,54,41,115,1,4,0,0,35,1,32,166,474,317,40,38,158,5,4,24,45,74370,82,17,9,2348,5363,843,35,376,126,1109,1922,59,107,56,263,70,8,3517,229,307,149,38167,456,90,27,785,855,1319,149,809,23,57,11,31,254,1852,3826,24254,4423
0,0,0,1,0,0,1,4,3,11,7,6,7,4,1,19,2,0,6,3,9,17,1,4,0,2,1,0,5,9,13,1,6,1,3,16,3,0,7,0,6,9,9,1,3,0,1,2,1,4,2,6,15,0,5,20,6,3,25,23,13158,52,22,25,93,8482,302,76,160,90,9935,177,41,121,812,339,121,8,7,416,554,266,1301,627,88,28,316,228,8987,154,214,38,67,15,57,33,6,14,4423,12296
