10152,4793,6702,2188,9779,1777,394,1,3,91,1,0,1,5465,183,179,1,1,5,9,2,424,1,0,2,1,2,36,672,376,1,8,9,13,52,5,19,2,9,4,324,98,82,3,17,39,15,83,1389,7,7,12,8,71,45,56,0,0,0,0,2,0,0,0,8,0,7,0,1,3,1,3,2,2,1,0,0,0,1,2,0,0,5,1,1,0,0,21,1,0,21,0,0,0,0,38,9,1,4,1
4793,25084,13353,17053,2358,964,1026,16,9,582,30,6,5,4838,2812,695,3,1,15,17,9,1156,10,2,11,4,7,50,487,526,20,18,26,23,134,12,52,9,33,4,714,504,383,11,30,39,25,219,348,28,29,51,21,44,144,188,0,0,0,3,9,1,0,0,34,1,46,1,1,2,0,12,5,3,0,0,3,1,6,0,0,2,11,2,0,0,5,72,5,0,33,1,0,0,0,133,15,4,6,0
6702,13353,43634,11757,5474,9364,9332,4,7,390,16,2,2,933,108,130,1,0,5,6,3,1451,4,3,5,5,4,74,761,577,5,11,7,30,110,10,34,4,31,18,882,452,88,9,16,63,31,394,304,19,154,2665,59,1154,422,546,0,0,0,0,12,1,0,1,88,1,59,1,2,2,2,54,3,1,0,2,1,0,46,2,0,1,61,8,1,0,11,77,2,0,30,0,1,1,1,197,59,12,29,0
2188,17053,11757,33004,1758,1816,6709,33,48,1365,119,21,13,5056,7394,4916,5,3,51,43,29,724,27,4,48,23,19,44,355,349,39,30,43,24,723,123,192,40,158,10,456,366,1231,21,93,28,29,1088,412,32,79,113,68,140,445,544,0,2,1,6,14,1,0,0,100,16,149,6,9,8,1,22,9,14,3,2,4,0,23,6,1,2,30,19,3,0,25,229,16,6,123,0,1,0,1,309,37,8,16,2
9779,2358,5474,1758,15309,15603,1341,10,9,138,10,2,2,3655,194,189,0,0,3,5,3,210,0,6,6,1,7,26,608,285,4,8,6,6,98,8,35,1,35,6,230,54,155,7,19,17,6,335,3984,11,14,29,13,116,136,117,0,0,1,0,3,0,0,0,20,5,39,0,2,1,0,5,2,1,0,0,1,0,4,2,0,1,6,2,1,0,6,57,1,1,34,0,1,0,0,74,21,1,5,1
1777,964,9364,1816,15603,34437,21324,2,26,99,10,2,0,440,47,119,0,0,3,4,1,234,2,33,8,4,35,23,299,156,7,3,4,12,353,6,61,3,201,15,144,52,41,30,6,20,10,6467,3612,3,116,168,54,1975,875,646,1,0,0,0,9,0,0,0,75,2,50,1,0,2,1,11,8,2,1,0,1,0,11,0,0,1,17,3,2,1,6,112,3,2,33,2,0,1,0,358,85,3,11,0
394,1026,9332,6709,1341,21324,11690,8,46,475,94,9,6,369,122,2052,6,4,53,25,15,259,6,17,40,14,27,14,125,100,44,10,21,13,2462,225,272,13,665,1,119,78,128,13,27,10,15,3716,136,9,80,152,74,365,589,681,0,0,1,11,27,1,0,1,101,15,126,1,19,8,2,40,11,16,7,0,2,0,22,4,0,3,20,28,1,0,30,249,8,4,112,1,0,1,1,444,47,5,14,0
1,16,4,33,10,2,8,44161,8885,236,2187,777,8111,504,278,1269,4887,12075,1096,5126,475,3336,534,14,239,69,35,44,41,170,1619,407,2168,33,26,59,779,208,18,4,69,122,1471,82,1466,168,266,1,14,191,2,0,5,1,0,1,89,129,22,801,8,16,9,35,4,2,22,44,58,181,30,15,64,105,17,3,10,2,0,9,4,44,3,4,13,2,320,17,1,9,6,0,2,0,7,3,1,1,3,0
3,9,7,48,9,26,46,8885,60722,171,1043,1171,2902,74,33,643,2211,307,7593,4120,616,2238,539,8198,5805,105,5928,141,17,52,245,159,954,85,368,1923,10322,170,1420,383,22,37,248,683,253,155,304,386,45,30,2,3,4,1,1,7,642,701,86,5490,38,68,44,185,21,10,83,143,308,983,92,58,409,504,41,22,173,2,3,42,20,204,10,17,52,14,1924,70,2,76,11,4,46,3,15,6,2,4,13,3
91,582,390,1365,138,99,475,236,171,46877,8208,3624,300,798,806,2235,397,55,451,218,3533,5309,773,8,156,41,36,39,306,546,639,697,1299,26,813,545,1639,112,357,10,7873,10339,3926,109,324,222,1104,256,63,3072,6,10,14,10,20,31,0,3,14,22,27,9,4,8,23,13,90,25,115,15,18,16,36,32,45,0,11,0,12,46,1,9,32,13,3,2,72,169,18,5,120,3,2,0,4,33,14,4,25,3
1,30,16,119,10,10,94,2187,1043,8208,8916,10812,824,80,50,929,599,296,941,356,864,3365,1731,6,144,19,25,11,12,69,243,56,357,10,294,305,325,49,124,3,140,163,368,52,59,130,245,71,11,47,2,3,6,2,0,11,2,8,7,33,5,6,1,1,5,3,22,15,37,11,6,5,10,12,13,0,9,0,2,9,0,5,9,3,5,1,46,47,7,1,41,0,1,0,0,10,0,0,4,1
0,6,2,21,2,2,9,777,1171,3624,10812,25801,6001,100,18,127,5697,139,242,1136,5342,2373,4445,26,1060,21,158,15,37,237,278,137,4766,15,51,115,360,261,41,4,171,391,279,106,247,138,545,2,4,177,0,0,0,0,0,0,4,8,5,76,7,4,4,3,2,1,8,10,21,71,11,8,10,137,9,3,47,0,2,11,4,36,0,1,15,1,73,17,0,31,4,2,7,0,1,3,0,0,4,0
1,5,2,13,2,0,6,8111,2902,300,824,6001,28361,257,97,424,11358,1340,392,3593,2053,856,398,9,650,25,75,13,36,209,1562,385,6692,10,16,47,192,76,16,2,55,160,590,44,674,48,193,3,5,294,0,1,0,0,1,1,32,35,8,305,9,9,2,12,5,1,19,10,18,123,7,7,23,65,8,3,11,1,3,8,1,23,3,2,12,0,84,15,2,6,9,0,1,0,2,1,0,1,2,1
5465,4838,933,5056,3655,440,369,504,74,798,80,100,257,49826,10182,1605,64,35,66,436,270,1175,73,3,157,90,41,174,5341,15906,462,861,828,85,279,82,551,152,167,24,1435,1170,4580,53,1401,119,373,277,10168,1633,14,30,26,20,75,88,2,1,4,16,23,2,3,0,47,17,106,4,30,32,2,26,8,67,8,3,16,1,15,15,1,19,27,23,7,1,28,161,18,10,161,1,2,1,0,88,19,6,19,7
183,2812,108,7394,194,47,122,278,33,806,50,18,97,10182,10981,1770,32,29,56,127,81,571,10,3,38,25,6,46,306,945,339,88,147,19,41,24,64,63,18,2,407,589,7002,18,315,22,53,29,197,4199,3,3,2,3,6,14,0,0,0,4,1,0,0,0,1,1,13,0,4,11,0,1,0,12,1,0,5,0,1,3,0,5,6,4,1,0,4,9,2,0,9,0,0,0,1,11,0,0,3,0
179,695,130,4916,189,119,2052,1269,643,2235,929,127,424,1605,1770,28599,574,1093,5482,705,404,777,106,54,346,180,81,87,149,259,10336,168,377,42,930,2171,823,278,257,13,286,247,7794,106,608,21,105,553,147,79,17,30,24,14,61,88,7,6,14,61,46,11,5,4,38,11,179,15,108,64,13,30,37,65,53,3,23,1,18,62,4,18,42,20,7,1,77,259,27,20,198,1,6,1,2,82,19,8,36,7
1,3,1,5,0,0,6,4887,2211,397,599,5697,11358,64,32,574,11957,3378,697,295,8253,568,243,12,80,5,13,1,16,99,3810,139,1295,5,20,72,362,28,29,1,32,122,298,21,202,37,138,4,0,124,0,0,0,1,0,0,9,19,11,92,3,2,1,7,3,2,10,27,50,8,19,4,11,11,17,0,4,0,0,15,1,11,0,1,3,0,95,12,1,3,4,0,2,0,1,1,0,0,8,0
1,1,0,3,0,0,4,12075,307,55,296,139,1340,35,29,1093,3378,3647,729,163,411,218,56,2,14,7,7,3,2,11,4606,50,276,1,6,32,355,16,19,1,9,13,218,8,163,18,33,3,1,18,0,1,1,0,0,0,11,35,23,119,16,10,2,3,3,0,11,25,38,4,20,4,12,9,15,0,2,0,1,10,2,10,4,0,1,0,106,8,0,3,11,0,0,0,1,0,2,2,4,1
5,15,5,51,3,3,53,1096,7593,451,941,242,392,66,56,5482,697,729,10708,1565,713,462,99,626,1115,49,148,14,12,32,2541,80,305,21,67,2016,1854,115,144,7,22,38,461,87,166,24,64,9,6,32,1,5,8,1,7,6,18,56,49,273,72,28,13,17,7,6,88,88,238,49,49,20,71,56,100,2,33,1,9,94,3,31,34,8,18,1,284,133,10,14,89,3,4,0,2,7,4,3,37,5
9,17,6,43,5,4,25,5126,4120,218,356,1136,3593,436,127,705,295,163,1565,28626,168,1383,924,47,1950,658,406,227,45,327,496,1663,10207,210,87,341,176,2989,40,27,100,176,744,449,9543,91,650,9,15,198,4,2,7,0,2,2,116,62,8,644,7,3,32,37,20,5,24,3,42,651,8,49,63,830,9,29,129,5,0,5,25,228,8,11,115,9,85,39,2,109,10,3,37,1,16,0,1,3,2,1
2,9,3,29,3,1,15,475,616,3533,864,5342,2053,270,81,404,8253,411,713,168,14696,505,461,23,96,3,14,10,75,697,1489,194,1225,3,152,205,1151,30,189,1,329,1232,4601,26,128,43,309,8,8,1487,0,0,2,1,0,5,6,10,20,62,28,11,5,3,8,3,34,34,147,9,29,7,24,22,54,0,6,0,4,52,1,10,14,5,2,0,129,76,3,7,40,1,2,0,2,8,0,1,10,4
424,1156,1451,724,210,234,259,3336,2238,5309,3365,2373,856,1175,571,777,568,218,462,1383,505,15515,3822,26,931,365,408,1491,4574,998,262,628,565,652,237,184,365,384,129,375,8714,1529,1124,1371,501,3828,2444,82,61,365,8,6,8,6,17,26,9,11,3,71,8,3,4,4,13,4,49,6,30,80,4,13,17,98,21,47,51,4,4,14,23,26,14,6,23,41,40,60,6,51,59,28,67,6,17,26,2,4,7,1
1,10,4,27,0,2,6,534,539,773,1731,4445,398,73,10,106,243,56,99,924,461,3822,11529,40,1529,450,748,166,64,131,65,594,4804,146,35,89,68,882,52,61,73,137,138,1752,844,4416,8211,18,3,50,0,0,0,0,0,1,3,5,2,32,2,4,3,0,3,0,4,1,9,117,4,13,4,168,1,63,98,2,0,2,41,71,4,1,75,24,12,6,0,171,4,14,92,2,19,1,2,0,1,0
0,2,3,4,6,33,17,14,8198,8,6,26,9,3,3,54,12,2,626,47,23,26,40,6465,679,28,826,65,2,3,12,36,56,27,418,2752,5047,19,6491,169,0,2,10,222,21,12,45,518,34,2,0,1,3,1,0,1,8,19,10,122,18,7,3,9,3,0,21,17,40,41,4,5,17,60,8,3,29,0,2,15,7,26,1,2,9,3,85,24,0,27,8,2,11,0,5,0,0,0,0,1
2,11,5,48,6,8,40,239,5805,156,144,1060,650,157,38,346,80,14,1115,1950,96,931,1529,679,8505,499,13618,246,31,136,93,730,3152,327,281,838,310,624,397,323,53,114,202,2962,650,146,909,74,9,96,4,2,8,0,3,12,48,16,4,360,9,11,53,24,10,7,55,5,43,1042,8,119,62,1953,5,177,902,13,2,6,141,422,15,11,354,76,41,30,1,604,5,24,223,11,89,2,5,1,5,4
1,4,5,23,1,4,14,69,105,41,19,21,25,90,25,180,5,7,49,658,3,365,450,28,499,29167,1537,470,19,35,60,14669,197,5420,27,42,41,5904,73,181,17,32,196,13590,2669,312,3116,43,9,16,0,0,1,0,1,2,0,0,1,13,3,4,2,1,3,2,5,0,2,38,1,49,12,138,0,508,488,21,0,3,297,56,4,3,34,145,6,2,0,574,2,96,744,11,99,0,1,0,0,1
2,7,4,19,7,35,27,35,5928,36,25,158,75,41,6,81,13,7,148,406,14,408,748,826,13618,1537,24308,1948,11,32,12,1415,510,893,161,291,1072,340,1129,7777,11,18,65,14774,421,257,1217,585,48,13,1,2,1,2,8,1,7,3,2,47,4,0,1,2,3,0,8,1,7,59,1,38,12,239,1,287,343,33,0,1,146,77,3,1,81,171,17,6,1,464,3,216,428,14,74,0,2,0,2,1
36,50,74,44,26,23,14,44,141,39,11,15,13,174,46,87,1,3,14,227,10,1491,166,65,246,470,1948,53198,842,184,55,592,62,12541,28,35,360,349,170,15636,318,68,139,1330,408,14956,8541,226,22,33,0,0,0,1,1,2,0,0,1,5,0,0,0,0,1,1,3,0,2,11,0,5,5,28,1,36,55,143,1,0,23,11,0,0,3,179,4,1,1,27,5,788,45,31,17,2,1,1,0,0
672,487,761,355,608,299,125,41,17,306,12,37,36,5341,306,149,16,2,12,45,75,4574,64,2,31,19,11,842,87670,10892,46,194,147,124,80,24,209,26,97,67,23900,890,312,51,189,823,244,88,5437,145,2,3,5,8,22,14,0,1,0,2,12,1,0,0,12,8,41,2,15,5,3,4,6,5,7,0,2,0,3,5,1,1,8,5,1,2,5,54,8,1,59,3,2,1,0,17,8,2,7,4
376,526,577,349,285,156,100,170,52,546,69,237,209,15906,945,259,99,11,32,327,697,998,131,3,136,35,32,184,10892,19944,238,1094,1188,56,172,61,626,108,165,25,7512,7067,1978,71,914,177,535,81,532,1800,9,6,5,5,20,20,0,0,1,13,20,6,1,6,15,5,53,5,41,15,2,19,8,40,15,2,11,0,11,16,2,9,16,10,6,0,25,107,10,6,71,1,3,0,2,17,2,2,10,0
1,20,5,39,4,7,44,1619,245,639,243,278,1562,462,339,10336,3810,4606,2541,496,1489,262,65,12,93,60,12,55,46,238,13757,216,796,28,158,212,968,153,158,2,77,173,7058,39,655,7,111,33,9,639,5,2,7,3,5,10,3,4,13,27,31,19,5,6,10,5,72,16,116,32,22,8,29,43,51,2,19,0,4,44,2,9,11,5,10,0,49,94,0,9,66,0,5,0,1,13,6,2,22,2
8,18,11,30,8,3,10,407,159,697,56,137,385,861,88,168,139,50,80,1663,194,628,594,36,730,14669,1415,592,194,1094,216,42345,5544,6096,42,42,78,1234,65,380,255,611,424,5621,7210,962,20714,50,39,487,0,0,1,0,2,1,2,2,1,27,4,0,3,2,2,1,5,4,9,64,2,35,6,166,2,555,314,22,1,2,280,65,4,0,68,317,9,6,0,420,3,209,786,18,111,1,1,0,3,1
9,26,7,43,6,4,21,2168,954,1299,357,4766,6692,828,147,377,1295,276,305,10207,1225,565,4804,56,3152,197,510,62,147,1188,796,5544,23442,74,61,171,154,1699,73,18,361,827,915,834,7214,224,2981,11,29,785,0,0,0,0,1,3,10,11,6,113,3,8,19,7,4,4,29,7,28,327,1,33,25,442,13,17,124,4,1,10,36,147,6,3,144,5,27,27,2,163,12,3,51,0,19,1,2,1,6,0
13,23,30,24,6,12,13,33,85,26,10,15,10,85,19,42,5,1,21,210,3,652,146,27,327,5420,893,12541,124,56,28,6096,74,36954,19,33,67,773,76,7580,56,27,92,7686,679,2664,12822,73,8,7,0,0,0,2,4,1,1,0,0,4,1,0,1,1,0,0,1,0,1,9,0,26,5,27,0,114,102,182,2,0,107,8,5,1,8,1299,1,3,0,69,1,1481,340,79,102,2,0,1,0,0
52,134,110,723,98,353,2462,26,368,813,294,51,16,279,41,930,20,6,67,87,152,237,35,418,281,27,161,28,80,172,158,42,61,19,3349,2116,1299,23,4154,21,94,118,288,91,40,10,36,3315,75,48,23,52,30,20,82,146,1,4,11,41,59,3,3,5,75,25,206,13,72,20,18,34,22,30,33,7,15,1,27,26,4,9,35,23,4,2,92,268,44,12,216,1,5,2,4,150,27,11,47,7
5,12,10,123,8,6,225,59,1923,545,305,115,47,82,24,2171,72,32,2016,341,205,184,89,2752,838,42,291,35,24,61,212,42,171,33,2116,5290,2478,48,3698,17,40,48,201,143,43,9,59,55,10,21,6,6,12,4,9,17,12,27,30,137,56,12,9,8,16,12,124,42,181,41,44,34,52,57,70,7,30,0,7,77,15,22,30,12,17,0,136,182,24,18,106,2,10,0,3,19,4,6,31,10
19,52,34,192,35,61,272,779,10322,1639,325,360,192,551,64,823,362,355,1854,176,1151,365,68,5047,310,41,1072,360,209,626,968,78,154,67,1299,2478,5170,13,6945,790,274,447,1104,179,68,38,82,1438,77,239,0,3,6,1,10,9,27,75,19,322,9,9,8,14,2,5,21,19,40,14,11,6,29,11,17,3,6,1,1,10,4,13,13,1,1,2,56,34,4,4,31,6,5,0,1,7,7,0,4,2
2,9,4,40,1,3,13,208,170,112,49,261,76,152,63,278,28,16,115,2989,30,384,882,19,624,5904,340,349,26,108,153,1234,1699,773,23,48,13,10981,39,65,37,50,402,6084,3566,95,1167,17,11,50,1,1,5,0,0,1,0,1,0,35,3,2,11,2,6,1,9,2,10,241,1,66,19,445,2,126,185,9,2,3,112,151,2,0,215,36,6,10,0,394,0,9,164,7,41,0,2,0,4,0
9,33,31,158,35,201,665,18,1420,357,124,41,16,167,18,257,29,19,144,40,189,129,52,6491,397,73,1129,170,97,165,158,65,73,76,4154,3698,6945,39,19321,454,68,85,197,554,33,16,77,3992,142,41,15,14,30,9,50,69,4,2,6,21,38,9,1,2,43,11,154,8,93,24,7,25,17,38,29,8,28,0,16,39,9,16,35,22,7,5,93,188,21,33,159,7,20,1,3,65,24,3,28,3
4,4,18,10,6,15,1,4,383,10,3,4,2,24,2,13,1,1,7,27,1,375,61,169,323,181,7777,15636,67,25,2,380,18,7580,21,17,790,65,454,33655,36,11,6,13300,69,1370,1700,545,19,0,1,1,0,0,3,6,0,0,0,3,0,0,0,0,0,0,1,0,0,6,0,18,9,38,0,156,171,411,1,0,181,5,0,0,6,1574,5,1,0,40,4,3179,409,153,123,5,2,1,4,0
324,714,882,456,230,144,119,69,22,7873,140,171,55,1435,407,286,32,9,22,100,329,8714,73,0,53,17,11,318,23900,7512,77,255,361,56,94,40,274,37,68,36,34117,11893,775,35,193,364,301,45,69,931,5,5,4,7,11,15,0,0,5,4,8,1,1,0,9,6,28,2,13,7,1,6,4,9,13,1,5,0,5,8,1,1,1,2,1,1,7,50,3,0,38,2,0,1,0,11,1,3,1,0
98,504,452,366,54,52,78,122,37,10339,163,391,160,1170,589,247,122,13,38,176,1232,1529,137,2,114,32,18,68,890,7067,173,611,827,27,118,48,447,50,85,11,11893,18967,2292,44,355,101,481,45,40,7524,2,9,1,1,4,7,1,0,3,7,8,3,0,0,9,3,22,3,37,14,3,8,6,17,11,2,3,0,3,7,1,7,5,2,3,0,11,45,4,4,40,1,1,0,0,9,2,3,5,1
82,383,88,1231,155,41,128,1471,248,3926,368,279,590,4580,7002,7794,298,218,461,744,4601,1124,138,10,202,196,65,139,312,1978,7058,424,915,92,288,201,1104,402,197,6,775,2292,26236,101,1450,34,250,139,179,9750,7,10,5,4,16,30,2,5,2,38,38,13,3,1,22,12,102,13,91,65,5,19,15,95,29,6,29,0,8,37,5,24,17,8,19,2,41,136,8,27,87,1,7,0,4,41,7,4,19,2
3,11,9,21,7,30,13,82,683,109,52,106,44,53,18,106,21,8,87,449,26,1371,1752,222,2962,13590,14774,1330,51,71,39,5621,834,7686,91,143,179,6084,554,13300,35,44,101,44006,891,1181,5332,244,30,17,0,3,1,1,7,3,0,4,0,33,5,5,7,3,4,3,6,1,6,86,3,92,17,356,0,844,606,65,1,1,524,137,8,0,157,725,10,6,2,777,7,680,1359,39,215,0,3,4,1,1
17,30,16,93,19,6,27,1466,253,324,59,247,674,1401,315,608,202,163,166,9543,128,501,844,21,650,2669,421,408,189,914,655,7210,7214,679,40,43,68,3566,33,69,193,355,1450,891,13166,90,1708,13,66,500,2,1,2,0,2,0,10,11,1,76,7,2,19,2,12,10,14,4,17,421,2,80,22,629,0,154,227,18,1,0,124,251,15,0,319,39,10,25,0,535,8,7,144,3,69,2,3,0,3,2
39,39,63,28,17,20,10,168,155,222,130,138,48,119,22,21,37,18,24,91,43,3828,4416,12,146,312,257,14956,823,177,7,962,224,2664,10,9,38,95,16,1370,364,101,34,1181,90,14825,12906,20,12,24,0,0,0,0,2,1,1,1,0,6,0,1,0,0,0,0,3,1,2,12,0,4,2,20,0,38,35,6,0,0,30,1,1,2,5,71,3,4,0,27,0,61,70,2,4,2,0,0,0,0
15,25,31,29,6,10,15,266,304,1104,245,545,193,373,53,105,138,33,64,650,309,2444,8211,45,909,3116,1217,8541,244,535,111,20714,2981,12822,36,59,82,1167,77,1700,301,481,250,5332,1708,12906,46011,46,21,239,0,1,0,0,1,0,3,6,2,21,1,2,4,1,2,2,4,0,9,66,1,24,5,146,2,260,204,59,2,3,161,53,3,1,54,589,15,5,0,219,2,527,410,35,98,3,0,0,3,1
83,219,394,1088,335,6467,3716,1,386,256,71,2,3,277,29,553,4,3,9,9,8,82,18,518,74,43,585,226,88,81,33,50,11,73,3315,55,1438,17,3992,545,45,45,139,244,13,20,46,10128,907,12,44,89,46,92,398,344,0,0,0,4,15,2,1,0,61,5,85,0,5,5,1,18,5,6,1,1,5,1,23,4,1,2,10,10,2,3,20,146,6,5,87,2,6,1,1,248,39,7,6,1
1389,348,304,412,3984,3612,136,14,45,63,11,4,5,10168,197,147,0,1,6,15,8,61,3,34,9,9,48,22,5437,532,9,39,29,8,75,10,77,11,142,19,69,40,179,30,66,12,21,907,16112,6,10,11,8,25,90,55,0,0,0,2,2,0,0,0,14,5,25,0,3,2,0,4,2,6,0,0,0,0,1,4,1,1,5,2,1,0,5,27,8,0,36,0,0,0,0,17,23,1,6,1
7,28,19,32,11,3,9,191,30,3072,47,177,294,1633,4199,79,124,18,32,198,1487,365,50,2,96,16,13,33,145,1800,639,487,785,7,48,21,239,50,41,0,931,7524,9750,17,500,24,239,12,6,14831,2,0,3,0,3,4,3,0,2,4,7,0,3,0,2,0,12,2,10,10,2,6,4,11,4,0,2,0,6,9,1,5,3,1,3,0,5,24,2,2,16,1,2,0,0,2,2,0,2,0
7,29,154,79,14,116,80,2,2,6,2,0,0,14,3,17,0,0,1,4,0,8,0,0,4,0,1,0,2,9,5,0,0,0,23,6,0,1,15,1,5,2,7,0,2,0,0,44,10,2,37828,14400,1337,11409,9505,1276,16,16,2,6,164,11,4,8,9954,97,320,4,9,52,4,318,12,20,7,25,15,11,1973,7,27,68,947,35,35,20,40,212,10,20,83,8,3,36,15,260,9911,210,224,18
12,51,2665,113,29,168,152,0,3,10,3,0,1,30,3,30,0,1,5,2,0,6,0,1,2,0,2,0,3,6,2,0,0,0,52,6,3,1,14,1,5,9,10,3,1,0,1,89,11,0,14400,70927,10485,14274,4530,11103,6,19,6,21,641,30,9,1,14034,92,489,4,18,34,3,1797,28,37,12,22,7,20,1440,11,19,51,1507,42,15,13,34,295,16,19,103,4,9,30,28,280,1454,545,1126,33
8,21,59,68,13,54,74,5,4,14,6,0,0,26,2,24,0,1,8,7,2,8,0,3,8,1,1,0,5,5,7,1,0,0,30,12,6,5,30,0,4,1,5,1,2,0,0,46,8,3,1337,10485,27927,654,639,10828,28,52,15,76,759,47,17,13,9311,2159,4782,15,69,93,11,537,62,82,34,36,20,5,423,77,26,118,684,222,48,17,109,773,10,50,112,3,16,9,19,204,415,198,709,56
71,44,1154,140,116,1975,365,1,1,10,2,0,0,20,3,14,1,0,1,0,1,6,0,1,0,0,2,1,8,5,3,0,0,2,20,4,1,0,9,0,7,1,4,1,0,0,0,92,25,0,11409,14274,654,55549,18296,26285,0,1,0,0,85,5,0,1,452,15,41,0,3,6,1,310,12,4,3,3,13,7,474,1,5,4,357,3,2,1,12,100,1,2,189,6,0,15,5,758,739,150,169,11
45,144,422,445,136,875,589,0,1,20,0,0,1,75,6,61,0,0,7,2,0,17,0,0,3,1,8,1,22,20,5,2,1,4,82,9,10,0,50,3,11,4,16,7,2,2,1,398,90,3,9505,4530,639,18296,23591,7549,0,4,2,6,186,14,5,3,1302,24,203,3,26,14,5,321,197,32,16,5,118,28,528,2,11,16,391,9,4,17,179,2122,13,8,1585,72,28,11,15,8368,4510,174,361,34
56,188,546,544,117,646,681,1,7,31,11,0,1,88,14,88,0,0,6,2,5,26,1,1,12,2,1,2,14,20,10,1,3,1,146,17,9,1,69,6,15,7,30,3,0,1,0,344,55,4,1276,11103,10828,26285,7549,26492,5,9,3,36,611,39,7,5,2179,58,1616,3,41,33,25,503,67,46,30,13,11,8,391,10,19,48,508,22,5,9,71,1164,11,19,500,7,8,10,8,1416,326,187,671,62
0,0,0,0,0,1,0,89,642,0,2,4,32,2,0,7,9,11,18,116,6,9,3,8,48,0,7,0,0,0,3,2,10,1,1,12,27,0,4,0,0,1,2,0,10,1,3,0,0,3,16,6,28,0,0,5,4220,8480,959,974,37,112,357,10399,439,221,224,1191,437,4640,94,295,23,232,154,27,16,5,43,455,50,3394,131,223,307,12,323,12,78,66,4,3,12,15,40,2,38,11,64,15
0,0,0,2,0,0,0,129,701,3,8,8,35,1,0,6,19,35,56,62,10,11,5,19,16,0,3,0,1,0,4,2,11,0,4,27,75,1,2,0,0,0,5,4,11,1,6,0,0,0,16,19,52,1,4,9,8480,18569,6001,5108,151,923,533,3112,433,221,624,11014,1491,2334,440,1222,52,111,208,47,27,31,37,872,99,1156,106,488,270,30,885,56,54,82,12,4,29,55,150,3,22,8,71,16
0,0,0,1,1,0,1,22,86,14,7,5,8,4,0,14,11,23,49,8,20,3,2,10,4,1,2,1,0,1,13,1,6,0,11,30,19,0,6,0,5,3,2,0,1,0,2,0,0,2,2,6,15,0,2,3,959,6001,4950,1394,278,1381,213,724,80,61,810,5292,3621,225,333,752,33,23,236,14,8,11,8,3144,42,426,29,167,95,11,431,43,8,28,43,1,9,29,50,4,7,8,31,8
0,3,0,6,0,0,11,801,5490,22,33,76,305,16,4,61,92,119,273,644,62,71,32,122,360,13,47,5,2,13,27,27,113,4,41,137,322,35,21,3,4,7,38,33,76,6,21,4,2,4,6,21,76,0,6,36,974,5108,1394,52893,387,1893,1435,2727,164,84,1088,1887,8207,5445,1521,2382,12249,4342,283,101,2068,95,32,257,210,1783,96,220,236,72,9384,723,31,188,81,49,214,107,311,19,13,14,102,32
2,9,12,14,3,9,27,8,38,27,5,7,9,23,1,46,3,16,72,7,28,8,2,18,9,3,4,0,12,20,31,4,3,1,59,56,9,3,38,0,8,8,38,5,7,0,1,15,2,7,164,641,759,85,186,611,37,151,278,387,38997,8125,1078,178,950,660,2476,201,1233,156,6378,2472,148,86,1992,63,22,101,209,215,236,802,1240,448,116,54,868,1175,405,79,414,4,60,112,361,109,58,22798,34746,7528
0,1,1,1,0,0,1,16,68,9,6,4,9,2,0,11,2,10,28,3,11,3,4,7,11,4,0,0,1,6,19,0,8,0,3,12,9,2,9,0,1,3,13,5,2,1,2,2,0,0,11,30,47,5,14,39,112,923,1381,1893,8125,9818,8740,767,89,63,763,789,1951,390,8261,8888,120,295,704,9,31,22,38,173,54,1131,249,65,19,22,401,296,56,69,71,2,41,126,279,20,12,95,652,142
0,0,0,0,0,0,0,9,44,4,1,4,2,3,0,5,1,2,13,32,5,4,3,3,53,2,1,0,0,1,5,3,19,1,3,9,8,11,1,0,1,0,3,7,19,0,4,1,0,3,4,9,17,0,5,7,357,533,213,1435,1078,8740,13510,8146,109,136,154,2566,273,1133,8606,6650,56,1142,961,14,74,24,44,307,50,10817,333,66,92,18,169,36,102,151,8,7,51,112,481,4,16,26,313,137
0,0,1,0,0,0,1,35,185,8,1,3,12,0,0,4,7,3,17,37,3,4,0,9,24,1,2,0,0,6,6,2,7,1,5,8,14,2,2,0,0,0,1,3,2,0,1,0,0,0,8,1,13,1,3,5,10399,3112,724,2727,178,767,8146,27199,331,277,326,10075,515,1604,2984,806,32,386,760,12,21,6,60,641,39,6155,330,218,58,9,249,38,186,30,8,1,8,33,137,2,21,12,152,105
8,34,88,100,20,75,101,4,21,23,5,2,5,47,1,38,3,3,7,20,8,13,3,3,10,3,3,1,12,15,10,2,4,0,75,16,2,6,43,0,9,9,22,4,12,0,2,61,14,2,9954,14034,9311,452,1302,2179,439,433,80,164,950,89,109,331,58242,11234,4186,183,177,665,84,1284,37,146,458,391,29,48,6171,294,578,1603,17919,1857,951,150,176,554,1378,338,230,8,34,52,186,244,11168,452,1894,855
0,1,1,16,5,2,15,2,10,13,3,1,1,17,1,11,2,0,6,5,3,4,0,0,7,2,0,1,8,5,5,1,4,0,25,12,5,1,11,0,6,3,12,3,10,0,2,5,5,0,97,92,2159,15,24,58,221,221,61,84,660,63,136,277,11234,23337,2593,138,104,252,261,507,11,57,999,122,15,30,509,389,363,1136,4367,3550,456,61,152,116,5033,94,95,5,8,8,136,35,228,142,2337,4688
7,46,59,149,39,50,126,22,83,90,22,8,19,106,13,179,10,11,88,24,34,49,4,21,55,5,8,3,41,53,72,5,29,1,206,124,21,9,154,1,28,22,102,6,14,3,4,85,25,12,320,489,4782,41,203,1616,224,624,810,1088,2476,763,154,326,4186,2593,21780,718,5589,929,365,888,239,486,1129,76,64,15,378,8116,117,717,1220,3067,151,40,581,4374,262,168,546,8,24,13,76,522,277,280,1595,166
0,1,1,6,0,1,1,44,143,25,15,10,10,4,0,15,27,25,88,3,34,6,1,17,5,0,1,0,2,5,16,4,7,0,13,42,19,2,8,0,2,3,13,1,4,1,0,0,0,2,4,4,15,0,3,3,1191,11014,5292,1887,201,789,2566,10075,183,138,718,15502,1940,154,8819,563,77,36,2108,7,11,8,15,3850,56,1359,111,192,73,5,596,65,106,8,36,3,8,13,105,3,6,8,70,32
1,1,2,9,2,0,19,58,308,115,37,21,18,30,4,108,50,38,238,42,147,30,9,40,43,2,7,2,15,41,116,9,28,1,72,181,40,10,93,0,13,37,91,6,17,2,9,5,3,10,9,18,69,3,26,41,437,1491,3621,8207,1233,1951,273,515,177,104,5589,1940,13298,975,798,643,3000,665,875,46,147,19,60,2763,75,658,256,271,140,26,1796,2040,41,82,609,12,51,18,77,68,26,45,299,41
3,2,2,8,1,2,8,181,983,15,11,71,123,32,11,64,8,4,49,651,9,80,117,41,1042,38,59,11,5,15,32,64,327,9,20,41,14,241,24,6,7,14,65,86,421,12,66,5,2,10,52,34,93,6,14,33,4640,2334,225,5445,156,390,1133,1604,665,252,929,154,975,26595,107,1514,77,2512,107,1244,556,77,83,338,1080,9529,249,437,5362,300,204,194,61,5670,15,21,152,66,494,5,61,22,145,22
1,0,2,1,0,1,2,30,92,18,6,11,7,2,0,13,19,20,49,8,29,4,4,4,8,1,1,0,3,2,22,2,1,0,18,44,11,1,7,0,1,3,5,3,2,0,1,1,0,2,4,3,11,1,5,25,94,440,333,1521,6378,8261,8606,2984,84,261,365,8819,798,107,19905,2335,166,80,10794,21,24,46,74,1327,142,1926,792,83,50,36,971,335,442,34,123,8,33,87,441,11,14,82,1673,2805
3,12,54,22,5,11,40,15,58,16,5,8,7,26,1,30,4,4,20,49,7,13,13,5,119,49,38,5,4,19,8,35,33,26,34,34,6,66,25,18,6,8,19,92,80,4,24,18,4,6,318,1797,537,310,321,503,295,1222,752,2382,2472,8888,6650,806,1284,507,888,563,643,1514,2335,44888,144,2557,761,223,763,1867,3254,182,933,6710,2588,254,241,925,324,413,261,1033,199,341,1154,8271,10945,95,147,2303,2685,388
2,5,3,9,2,8,11,64,409,36,10,10,23,8,0,37,11,12,71,63,24,17,4,17,62,12,12,5,6,8,29,6,25,5,22,52,29,19,17,9,4,6,15,17,22,2,5,5,2,4,12,28,62,12,197,67,23,52,33,12249,148,120,56,32,37,11,239,77,3000,77,166,144,10872,2128,83,74,1262,116,18,52,156,192,58,5,31,144,8238,2857,7,162,3015,796,506,15,91,661,64,13,73,14
2,3,1,14,1,2,16,105,504,32,12,137,65,67,12,65,11,9,56,830,22,98,168,60,1953,138,239,28,5,40,43,166,442,27,30,57,11,445,38,38,9,17,95,356,629,20,146,6,6,11,20,37,82,4,32,46,232,111,23,4342,86,295,1142,386,146,57,486,36,665,2512,80,2557,2128,19724,43,772,15771,340,33,51,1371,4730,74,105,994,741,540,525,18,1426,187,1748,2886,119,1030,97,17,6,78,15
1,0,0,3,0,1,7,17,41,45,13,9,8,8,1,53,17,15,100,9,54,21,1,8,5,0,1,1,7,15,51,2,13,0,33,70,17,2,29,0,13,11,29,0,0,0,2,1,0,4,7,12,34,3,16,30,154,208,236,283,1992,704,961,760,458,999,1129,2108,875,107,10794,761,83,43,11042,30,11,38,146,3339,204,1304,1822,651,129,22,864,481,2069,24,260,4,18,45,241,14,34,102,2350,5196
0,0,2,2,0,0,0,3,22,0,0,3,3,3,0,3,0,0,2,29,0,47,63,3,177,508,287,36,0,2,2,555,17,114,7,7,3,126,8,156,1,2,6,844,154,38,260,1,0,0,25,22,36,3,5,13,27,47,14,101,63,9,14,12,391,122,76,7,46,1244,21,223,74,772,30,19074,1442,100,140,32,7426,412,474,52,2226,7213,25,36,25,13789,25,284,7619,91,343,6,82,25,174,51
0,3,1,4,1,1,2,10,173,11,9,47,11,16,5,23,4,2,33,129,6,51,98,29,902,488,343,55,2,11,19,314,124,102,15,30,6,185,28,171,5,3,29,606,227,35,204,5,0,2,15,7,20,13,118,11,16,27,8,2068,22,31,74,21,29,15,64,11,147,556,24,763,1262,15771,11,1442,23884,974,17,4,1698,651,45,9,361,1456,733,175,3,1591,337,12294,10781,164,736,376,60,1,21,10
0,1,0,0,0,0,0,2,2,0,0,0,1,1,0,1,0,0,1,5,0,4,2,0,13,21,33,143,0,0,0,22,4,182,1,0,1,9,0,411,0,0,0,65,18,6,59,1,0,0,11,20,5,7,28,8,5,31,11,95,101,22,24,6,48,30,15,8,19,77,46,1867,116,340,38,100,974,41335,1309,4,390,65,353,7,43,17369,69,18,10,170,67,18570,424,22975,1914,77,40,222,126,31
1,6,46,23,4,11,22,0,3,12,2,2,3,15,1,18,0,1,9,0,4,4,0,2,2,0,0,1,3,11,4,1,1,2,27,7,1,2,16,1,5,3,8,1,1,0,2,23,1,6,1973,1440,423,474,528,391,43,37,8,32,209,38,44,60,6171,509,378,15,60,83,74,3254,18,33,146,140,17,1309,177753,25,289,510,39565,130,277,355,187,236,245,103,155,123,25,1922,319,135,18320,27509,1290,123
2,0,2,6,2,0,4,9,42,46,9,11,8,15,3,62,15,10,94,5,52,14,2,15,6,3,1,0,5,16,44,2,10,0,26,77,10,3,39,0,8,7,37,1,0,0,3,4,4,9,7,11,77,1,2,10,455,872,3144,257,215,173,307,641,294,389,8116,3850,2763,338,1327,182,52,51,3339,32,4,4,25,9761,55,754,149,2869,189,6,400,240,220,41,133,0,3,4,50,17,14,21,141,45
0,0,0,1,0,0,0,4,20,1,0,4,1,1,0,4,1,2,3,25,1,23,41,7,141,297,146,23,1,2,2,280,36,107,4,15,4,112,9,181,1,1,5,524,124,30,161,1,1,1,27,19,26,5,11,19,50,99,42,210,236,54,50,39,578,363,117,56,75,1080,142,933,156,1371,204,7426,1698,390,289,55,18337,2574,1419,70,4936,8336,25,69,177,3787,17,469,4940,830,9835,12,136,72,570,218
0,2,1,2,1,1,3,44,204,9,5,36,23,19,5,18,11,10,31,228,10,26,71,26,422,56,77,11,1,9,9,65,147,8,9,22,13,151,16,5,1,7,24,137,251,1,53,2,1,5,68,51,118,4,16,48,3394,1156,426,1783,802,1131,10817,6155,1603,1136,717,1359,658,9529,1926,6710,192,4730,1304,412,651,65,510,754,2574,25091,2947,473,11933,154,207,167,732,1980,38,6,639,129,4457,5,212,130,1375,830
5,11,61,30,6,17,20,3,10,32,9,0,3,27,6,42,0,4,34,8,14,14,4,1,15,4,3,0,8,16,11,4,6,5,35,30,13,2,35,0,1,5,17,8,15,1,3,10,5,3,947,1507,684,357,391,508,131,106,29,96,1240,249,333,330,17919,4367,1220,111,256,249,792,2588,58,74,1822,474,45,353,39565,149,1419,2947,71738,762,1162,327,546,628,2532,267,398,38,63,357,670,107,1930,14487,23332,3815
1,2,8,19,2,3,28,4,17,13,3,1,2,23,4,20,1,0,8,11,5,6,1,2,11,3,1,0,5,10,5,0,3,1,23,12,1,0,22,0,2,2,8,0,0,2,1,10,2,1,35,42,222,3,9,22,223,488,167,220,448,65,66,218,1857,3550,3067,192,271,437,83,254,5,105,651,52,9,7,130,2869,70,473,762,3484,169,10,96,145,2466,94,80,1,9,6,39,35,68,73,522,231
1,0,1,3,1,2,1,13,52,3,5,15,12,7,1,7,3,1,18,115,2,23,75,9,354,34,81,3,1,6,10,68,144,8,4,17,1,215,7,6,1,3,19,157,319,5,54,2,1,3,35,15,48,2,4,5,307,270,95,236,116,19,92,58,951,456,151,73,140,5362,50,241,31,994,129,2226,361,43,277,189,4936,11933,1162,169,7253,338,32,27,173,3788,13,12,302,24,325,2,162,52,330,140
0,0,0,0,0,1,0,2,14,2,1,1,0,1,0,1,0,0,1,9,0,41,24,3,76,145,171,179,2,0,0,317,5,1299,2,0,2,36,5,1574,1,0,2,725,39,71,589,3,0,0,20,13,17,1,17,9,12,30,11,72,54,22,18,9,150,61,40,5,26,300,36,925,144,741,22,7213,1456,17369,355,6,8336,154,327,10,338,70889,28,30,16,3184,39,8307,10331,16043,3165,35,31,78,101,37
0,5,11,25,6,6,30,320,1924,72,46,73,84,28,4,77,95,106,284,85,129,40,12,85,41,6,17,4,5,25,49,9,27,1,92,136,56,6,93,5,7,11,41,10,10,3,15,20,5,5,40,34,109,12,179,71,323,885,431,9384,868,401,169,249,176,152,581,596,1796,204,971,324,8238,540,864,25,733,69,187,400,25,207,546,96,32,28,4559,1630,272,28,3029,383,84,19,41,698,128,103,673,131
21,72,77,229,57,112,249,17,70,169,47,17,15,161,9,259,12,8,133,39,76,60,6,24,30,2,6,1,54,107,94,6,27,3,268,182,34,10,188,1,50,45,136,6,25,4,5,146,27,24,212,295,773,100,2122,1164,12,56,43,723,1175,296,36,38,554,116,4374,65,2040,194,335,413,2857,525,481,36,175,18,236,240,69,167,628,145,27,30,1630,12617,121,74,5928,53,87,9,41,4103,185,116,675,122
1,5,2,16,1,3,8,1,2,18,7,0,2,18,2,27,1,0,10,2,3,6,0,0,1,0,1,1,8,10,0,0,2,0,44,24,4,0,21,0,3,4,8,2,0,0,0,6,8,2,10,16,10,1,13,11,78,54,8,31,405,56,102,186,1378,5033,262,106,41,61,442,261,7,18,2069,25,3,10,245,220,177,732,2532,2466,173,16,272,121,18379,24,125,1,0,15,80,29,69,85,1267,5097
0,0,0,6,1,2,4,9,76,5,1,31,6,10,0,20,3,3,14,109,7,51,171,27,604,574,464,27,1,6,9,420,163,69,12,18,4,394,33,40,0,4,27,777,535,27,219,5,0,2,20,19,50,2,8,19,66,82,28,188,79,69,151,30,338,94,168,8,82,5670,34,1033,162,1426,24,13789,1591,170,103,41,3787,1980,267,94,3788,3184,28,74,24,25044,35,171,8165,142,1006,28,54,20,137,30
21,33,30,123,34,33,112,6,11,120,41,4,9,161,9,198,4,11,89,10,40,59,4,8,5,2,3,5,59,71,66,3,12,1,216,106,31,0,159,4,38,40,87,7,8,0,2,87,36,16,83,103,112,189,1585,500,4,12,43,81,414,71,8,8,230,95,546,36,609,15,123,199,3015,187,260,25,337,67,155,133,17,38,398,80,13,39,3029,5928,125,35,16765,294,149,4,17,8807,185,74,394,68
0,1,0,0,0,2,1,0,4,3,0,2,0,1,0,1,0,0,3,3,1,28,14,2,24,96,216,788,3,1,0,209,3,1481,1,2,6,9,7,3179,2,1,1,680,7,61,527,2,0,1,8,4,3,6,72,7,3,4,1,49,4,2,7,1,8,5,8,3,12,21,8,341,796,1748,4,284,12294,18570,123,0,469,6,38,1,12,8307,383,53,1,171,294,49599,12737,1315,531,300,36,12,13,4
0,0,1,1,1,0,0,2,46,2,1,7,1,2,0,6,2,0,4,37,2,67,92,11,223,744,428,45,2,3,5,786,51,340,5,10,5,164,20,409,0,1,7,1359,144,70,410,6,0,2,3,9,16,0,28,8,12,29,9,214,60,41,51,8,34,8,24,8,51,152,33,1154,506,2886,18,7619,10781,424,25,3,4940,639,63,9,302,10331,84,87,0,8165,149,12737,32550,291,1480,102,25,12,40,13
0,0,1,0,0,1,1,0,3,0,0,0,0,1,0,1,0,0,0,1,0,6,2,0,11,11,14,31,1,0,0,18,0,79,2,0,0,7,1,153,1,0,0,39,3,2,35,1,0,0,36,30,9,15,11,10,15,55,29,107,112,126,112,33,52,8,13,13,18,66,87,8271,15,119,45,91,164,22975,1922,4,830,129,357,6,24,16043,19,9,15,142,4,1315,291,17985,11180,4,21,373,105,26
0,0,1,1,0,0,1,7,15,4,0,1,2,0,1,2,1,1,2,16,2,17,19,5,89,99,74,17,0,2,1,111,19,102,4,3,1,41,3,123,0,0,4,215,69,4,98,1,0,0,15,28,19,5,15,8,40,150,50,311,361,279,481,137,186,136,76,105,77,494,441,10945,91,1030,241,343,736,1914,319,50,9835,4457,670,39,325,3165,41,41,80,1006,17,531,1480,11180,17283,10,34,103,450,175
38,133,197,309,74,358,444,3,6,33,10,3,1,88,11,82,1,0,7,0,8,26,1,0,2,0,0,2,17,17,13,1,1,2,150,19,7,0,65,5,11,9,41,0,2,2,3,248,17,2,260,280,204,758,8368,1416,2,3,4,19,109,20,4,2,244,35,522,3,68,5,11,95,661,97,14,6,376,77,135,17,12,5,107,35,2,35,698,4103,29,28,8807,300,102,4,10,8396,836,27,103,23
9,15,59,37,21,85,47,1,2,14,0,0,0,19,0,19,0,2,4,1,0,2,2,0,5,1,2,1,8,2,6,1,2,0,27,4,7,2,24,2,1,2,7,3,3,0,0,39,23,2,9911,1454,415,739,4510,326,38,22,7,13,58,12,16,21,11168,228,277,6,26,61,14,147,64,17,34,82,60,40,18320,14,136,212,1930,68,162,31,128,185,69,54,185,36,25,21,34,836,40773,139,152,20
1,4,12,8,1,3,5,1,4,4,0,0,1,6,0,8,0,2,3,3,1,4,0,0,1,0,0,1,2,2,2,0,1,1,11,6,0,0,3,1,3,3,4,4,0,0,0,7,1,0,210,545,198,150,174,187,11,8,8,14,22798,95,26,12,452,142,280,8,45,22,82,2303,13,6,102,25,1,222,27509,21,72,130,14487,73,52,78,103,116,85,20,74,12,12,373,103,27,139,47579,7348,179
4,6,29,16,5,11,14,3,13,25,4,4,2,19,3,36,8,4,37,2,10,7,1,0,5,0,2,0,7,10,22,3,6,0,47,31,4,4,28,4,1,5,19,1,3,0,3,6,6,2,224,1126,709,169,361,671,64,71,31,102,34746,652,313,152,1894,2337,1595,70,299,145,1673,2685,73,78,2350,174,21,126,1290,141,570,1375,23332,522,330,101,673,675,1267,137,394,13,40,105,450,103,152,7348,32395,8653
1,0,0,2,1,0,0,0,3,3,1,0,1,7,0,7,0,1,5,1,4,1,0,1,4,1,1,0,4,0,2,1,0,0,7,10,2,0,3,0,0,1,2,1,2,0,1,1,1,0,18,33,56,11,34,62,15,16,8,32,7528,142,137,105,855,4688,166,32,41,22,2805,388,14,15,5196,51,10,31,123,45,218,830,3815,231,140,37,131,122,5097,30,68,4,13,26,175,23,20,179,8653,9281
