26430,7698,8807,5928,13504,4530,1081,1,2,32,6,0,7,13350,1020,262,0,2,8,2,9,325,2,3,1,2,2,55,622,962,14,6,6,45,75,11,17,4,61,13,581,146,205,8,5,55,18,75,1056,25,22,139,24,247,54,82,0,0,0,1,2,1,0,0,36,8,36,0,11,1,1,4,3,0,1,0,0,1,5,3,0,0,8,9,0,0,11,34,3,0,27,1,0,0,0,80,4,0,4,1
7698,28635,8757,21762,1038,1008,1507,4,5,97,8,1,2,4423,4737,468,1,2,13,5,17,437,7,1,5,1,2,36,236,638,21,5,10,26,166,11,18,1,87,11,658,263,223,6,6,32,21,130,129,38,46,80,65,62,138,136,0,0,0,2,10,0,0,0,86,12,74,0,7,2,0,8,6,2,3,0,1,1,5,8,0,0,13,5,1,1,13,46,4,0,33,1,1,0,0,260,9,3,4,2
8807,8757,34148,11507,6517,6478,10981,0,4,23,2,1,5,568,79,113,1,2,8,1,7,300,2,3,1,1,4,47,350,675,11,4,6,44,94,6,10,0,61,6,617,149,75,8,1,37,15,104,211,19,155,1970,36,3993,157,749,1,0,0,1,8,0,1,0,61,6,39,0,0,0,0,10,2,0,0,1,0,0,14,2,0,0,13,8,0,0,9,37,3,0,11,2,1,0,0,164,9,3,7,1
5928,21762,11507,42777,2562,3362,13950,10,24,366,29,12,16,5940,10992,6547,5,5,98,76,94,795,9,14,14,20,6,51,477,1243,203,22,22,42,605,83,131,17,264,13,1340,618,2710,30,43,31,45,714,329,133,157,302,198,297,515,504,0,3,4,6,24,1,0,2,325,44,206,5,47,2,0,16,8,5,14,0,2,1,51,25,0,1,64,26,5,0,48,190,8,0,108,3,0,0,0,822,27,5,18,7
13504,1038,6517,2562,21760,26451,2353,1,2,16,2,1,1,4210,467,182,0,2,4,2,6,85,3,3,4,3,4,31,431,475,13,8,5,22,59,13,21,2,63,3,205,37,144,9,4,20,7,234,3474,27,9,31,12,579,43,54,0,0,0,0,3,0,0,0,14,3,25,0,4,0,0,2,1,0,0,0,0,0,2,1,0,0,4,3,0,0,6,10,0,0,12,0,0,0,0,56,0,0,2,0
4530,1008,6478,3362,26451,31500,29934,0,11,8,2,0,1,921,506,429,0,1,6,1,6,28,1,37,15,2,37,15,165,166,5,5,1,18,637,17,99,5,581,27,99,23,70,50,3,10,11,5026,2658,15,71,127,46,2774,676,485,1,0,0,3,7,0,0,0,87,9,42,0,6,1,0,2,2,1,0,0,2,0,7,5,1,0,10,8,0,1,13,42,1,0,27,1,3,0,0,430,11,1,4,0
1081,1507,10981,13950,2353,29934,25749,2,18,175,14,6,6,1010,533,3099,1,3,58,26,30,232,2,27,13,12,4,8,137,335,34,7,14,12,2133,126,207,11,621,5,309,176,148,25,17,11,13,2886,196,36,173,346,200,1862,807,1764,0,1,3,10,19,2,2,0,319,52,243,0,53,2,0,26,7,2,2,0,3,1,49,19,0,0,65,53,3,0,73,203,12,1,113,0,1,1,0,1085,35,5,17,2
1,4,0,10,1,0,2,32367,6005,54,1074,532,5667,97,99,254,1869,6507,1122,9236,579,1747,200,23,92,42,23,2,14,124,1486,65,994,9,14,36,360,42,11,1,14,31,400,51,574,52,118,0,0,68,0,1,3,0,1,2,43,54,32,509,24,12,9,13,5,3,21,35,85,205,17,6,72,76,11,1,35,0,0,20,0,18,0,1,8,1,281,5,4,2,4,0,6,0,1,0,0,0,3,4
2,5,4,24,2,11,18,6005,77252,175,1115,740,1688,25,21,157,724,727,5640,7944,894,1760,254,10450,10273,177,4021,36,4,40,256,102,810,96,128,1085,8834,92,396,285,21,32,169,745,232,87,156,106,3,36,0,2,22,0,0,5,222,336,136,3066,121,40,46,54,6,9,60,148,341,1034,68,35,460,650,40,10,491,4,1,100,5,145,4,22,43,12,1799,21,12,22,15,24,37,1,7,2,0,2,10,14
32,97,23,366,16,8,175,54,175,28335,4869,1545,221,462,499,856,57,45,831,59,3045,4190,828,153,44,71,22,16,88,375,824,110,713,50,378,464,605,37,344,4,7373,5925,3568,202,44,229,549,38,15,3534,0,0,6,2,4,5,2,6,37,75,51,1,3,2,6,10,35,24,182,6,30,13,56,4,49,5,7,0,4,83,1,3,13,13,4,0,39,32,18,0,32,0,4,2,4,6,1,4,14,12
6,8,2,29,2,2,14,1074,1115,4869,6113,9247,768,100,57,206,206,117,793,328,1936,4541,1748,88,77,48,25,1,14,110,207,45,525,25,72,160,187,20,84,4,76,125,286,122,43,194,284,10,2,78,0,0,6,1,2,1,3,10,11,91,17,6,1,2,2,2,9,23,51,9,10,3,17,9,8,3,12,0,1,26,1,3,5,3,3,0,30,3,5,1,4,1,5,0,2,1,0,0,2,4
0,1,1,12,1,0,6,532,740,1545,9247,20852,5085,27,36,64,2615,423,256,514,6101,2121,3641,42,446,43,28,3,13,102,202,54,3452,13,21,50,98,41,36,2,71,219,245,126,176,134,432,1,2,134,0,0,0,0,0,0,5,6,4,66,11,3,3,1,1,2,3,7,45,30,2,2,23,45,6,1,25,0,1,12,1,7,0,1,9,0,14,4,0,5,4,1,1,0,1,1,0,0,3,2
7,2,5,16,1,1,6,5667,1688,221,768,5085,23001,146,107,148,6962,1676,238,1610,1933,992,283,15,217,33,21,1,22,318,1046,91,5283,14,33,43,109,16,24,1,55,172,602,56,343,62,142,0,4,276,1,0,0,0,0,0,10,6,6,77,10,1,1,2,2,1,13,5,22,64,5,2,20,48,4,0,32,0,0,9,0,7,0,1,2,0,73,3,2,2,5,0,2,0,2,1,0,0,2,6
13350,4423,568,5940,4210,921,1010,97,25,462,100,27,146,64658,18682,1646,28,49,101,205,283,404,27,14,27,78,7,65,4482,34145,328,213,242,59,703,120,218,35,442,15,890,519,4979,44,410,83,115,254,11401,1692,56,99,113,56,152,157,1,1,8,12,29,0,1,0,199,43,262,1,103,7,4,18,13,5,14,1,6,0,49,45,1,0,86,55,9,1,68,218,19,3,197,2,4,1,2,225,14,7,24,6
1020,4737,79,10992,467,506,533,99,21,499,57,36,107,18682,24614,1092,41,56,77,163,338,485,20,14,13,43,3,20,316,2871,288,140,170,38,201,57,112,20,118,3,847,1061,16459,20,260,28,75,92,224,6646,26,42,34,12,69,59,0,2,3,2,13,0,1,1,58,7,64,3,35,1,3,7,7,2,6,0,3,0,19,12,1,1,20,18,0,2,23,66,8,1,37,2,0,0,0,99,1,2,11,3
262,468,113,6547,182,429,3099,254,157,856,206,64,148,1646,1092,14263,97,303,6517,492,570,453,41,76,125,161,33,28,175,770,5977,189,180,53,2734,2746,571,97,625,6,453,301,6307,96,360,23,83,1125,103,121,93,127,174,44,239,203,1,4,25,47,57,3,2,0,304,64,345,20,199,16,11,34,43,18,41,1,9,0,60,101,0,8,112,76,12,0,116,326,48,3,299,2,2,1,3,419,19,16,47,23
0,1,1,5,0,0,1,1869,724,57,206,2615,6962,28,41,97,10374,3417,249,99,5031,264,147,14,20,5,4,1,7,73,2559,43,839,3,13,18,52,4,11,0,13,28,216,11,45,9,117,1,0,40,0,0,0,0,0,2,1,7,4,55,15,0,2,2,0,1,2,7,38,2,8,1,13,4,7,0,2,0,0,18,0,1,1,0,2,0,12,5,0,0,3,0,0,0,0,1,0,1,3,1
2,2,2,5,2,1,3,6507,727,45,117,423,1676,49,56,303,3417,5231,738,383,709,138,68,18,19,9,1,0,0,67,4586,39,739,1,5,26,99,10,12,0,6,20,254,13,182,5,67,0,0,19,0,0,1,0,0,0,2,13,12,59,19,5,2,2,0,2,6,15,42,5,10,5,24,3,8,0,0,0,1,22,0,2,1,1,2,0,14,2,2,0,4,0,0,0,0,2,0,0,8,1
8,13,8,98,4,6,58,1122,5640,831,793,256,238,101,77,6517,249,738,16339,2494,1386,479,112,1815,1385,423,239,21,21,114,2991,288,367,108,536,5481,1894,265,514,7,131,122,1082,418,624,23,184,29,10,84,2,2,14,0,10,12,21,66,107,449,191,28,10,4,17,11,101,85,455,68,67,25,147,41,116,7,30,3,5,202,8,19,22,19,27,2,169,80,50,6,75,3,19,0,7,9,4,18,38,36
2,5,1,76,2,1,26,9236,7944,59,328,514,1610,205,163,492,99,383,2494,32534,165,1456,590,94,4070,583,388,6,24,250,956,436,3877,83,102,295,313,2479,39,4,62,87,657,1592,5655,107,541,5,3,80,0,0,8,0,4,4,81,28,18,381,7,3,14,18,10,8,25,7,69,938,5,15,55,1008,3,16,416,2,1,23,5,177,8,5,162,0,346,6,7,82,6,1,31,1,3,2,0,1,6,4
9,17,7,94,6,6,30,579,894,3045,1936,6101,1933,283,338,570,5031,709,1386,165,16490,762,811,163,72,41,22,11,85,783,3209,189,1882,23,195,428,714,27,261,4,479,1863,7784,70,196,69,584,15,8,3585,0,0,5,0,3,5,3,17,52,166,90,5,5,4,2,5,48,48,201,9,32,7,81,13,52,4,6,1,3,97,0,6,6,11,7,1,49,25,17,1,30,2,6,1,0,8,1,3,20,10
325,437,300,795,85,28,232,1747,1760,4190,4541,2121,992,404,485,453,264,138,479,1456,762,19962,5654,61,708,598,336,1089,2426,567,336,538,1220,1965,190,165,197,197,190,294,9765,1554,1566,2264,296,6525,2346,40,29,420,2,5,9,6,9,7,5,5,8,41,16,1,2,1,8,4,26,5,67,51,7,13,24,59,16,26,99,12,4,26,15,16,6,9,13,35,35,22,8,12,26,92,154,2,16,9,3,0,5,9
2,7,2,9,3,1,2,200,254,828,1748,3641,283,27,20,41,147,68,112,590,811,5654,10536,25,839,724,377,30,22,116,74,563,3180,467,14,37,27,321,27,19,105,229,103,3049,504,5612,6527,8,3,110,0,0,0,0,0,0,0,1,2,16,1,1,2,0,1,3,2,1,9,35,2,7,3,74,4,35,75,1,1,6,11,15,0,0,35,12,9,2,1,15,0,17,86,2,6,0,0,0,1,0
3,1,3,14,3,37,27,23,10450,153,88,42,15,14,14,76,14,18,1815,94,163,61,25,8300,2045,65,995,19,10,15,36,28,43,54,580,6504,4399,30,7733,137,23,35,74,506,16,10,32,359,16,14,1,3,3,0,2,0,11,14,19,178,24,8,1,6,0,2,21,30,119,25,20,10,59,32,28,7,39,6,0,54,0,7,5,10,8,1,105,12,8,4,9,14,12,1,2,9,0,3,6,4
1,5,1,14,4,15,13,92,10273,44,77,446,217,27,13,125,20,19,1385,4070,72,708,839,2045,8628,445,11837,22,8,83,47,571,2415,194,167,836,398,267,282,67,19,49,89,3879,505,158,876,53,7,38,2,0,5,0,4,1,26,10,6,191,8,2,27,2,9,13,22,5,71,1050,9,53,48,2067,10,94,1335,4,4,20,23,243,21,17,599,17,134,10,11,282,1,19,308,1,27,1,3,1,13,5
2,1,1,20,3,2,12,42,177,71,48,43,33,78,43,161,5,9,423,583,41,598,724,65,445,12830,384,10,12,80,147,5947,269,2282,54,137,32,6581,51,14,29,50,200,7873,1415,382,2663,20,2,25,1,0,0,0,0,0,0,0,0,7,4,2,4,0,5,3,4,2,8,25,7,64,11,147,0,352,596,4,5,6,110,79,6,4,103,69,5,3,1,231,4,53,717,3,94,2,0,1,4,3
2,2,4,6,4,37,4,23,4021,22,25,28,21,7,3,33,4,1,239,388,22,336,377,995,11837,384,21538,865,13,19,6,421,250,977,54,212,927,182,953,5645,7,23,21,13602,289,241,540,287,13,1,0,2,2,0,1,0,0,0,1,13,5,2,5,1,4,5,4,1,5,44,3,50,10,379,0,272,811,51,3,4,79,101,11,2,196,115,7,3,2,277,2,389,897,16,65,9,0,0,4,4
55,36,47,51,31,15,8,2,36,16,1,3,1,65,20,28,1,0,21,6,11,1089,30,19,22,10,865,62684,466,316,17,27,18,10011,15,13,350,12,309,22317,398,60,62,681,22,9875,2046,86,13,23,0,0,0,0,0,2,0,0,0,0,2,0,0,0,2,2,2,1,2,0,0,9,4,4,0,13,38,504,4,0,3,0,1,2,2,74,8,4,2,4,5,1235,92,26,6,5,2,0,1,1
622,236,350,477,431,165,137,14,4,88,14,13,22,4482,316,175,7,0,21,24,85,2426,22,10,8,12,13,466,64473,9572,74,69,105,159,137,65,69,6,119,86,17809,374,542,37,54,357,123,53,7721,157,5,4,6,8,14,6,1,0,1,2,3,0,1,0,16,1,27,0,26,3,2,3,5,1,4,0,0,1,5,11,0,0,6,4,0,0,10,20,13,0,31,6,4,0,0,9,0,0,5,1
962,638,675,1243,475,166,335,124,40,375,110,102,318,34145,2871,770,73,67,114,250,783,567,116,15,83,80,19,316,9572,51276,429,545,1001,186,480,191,220,35,412,49,8667,4009,4211,135,632,332,569,113,1750,2910,17,20,33,20,33,43,0,0,11,4,23,1,1,0,75,20,110,1,88,12,9,17,12,24,15,1,9,0,20,53,2,5,56,42,7,3,44,148,41,2,136,2,5,1,2,45,1,7,15,13
14,21,11,203,13,5,34,1486,256,824,207,202,1046,328,288,5977,2559,4586,2991,956,3209,336,74,36,47,147,6,17,74,429,16496,407,702,70,117,370,302,90,188,6,246,227,11828,66,1182,19,184,40,12,184,6,11,16,4,18,21,1,4,32,43,37,4,1,1,40,12,90,13,130,9,17,15,32,13,35,2,7,0,11,65,0,7,27,21,10,1,35,74,23,5,73,1,7,0,0,23,2,3,19,14
6,5,4,22,8,5,7,65,102,110,45,54,91,213,140,189,43,39,288,436,189,538,563,28,571,5947,421,27,69,545,407,34786,4809,1425,35,94,19,981,28,12,105,235,478,2732,7950,403,17107,6,7,203,0,0,1,0,2,0,1,1,1,1,3,0,3,0,0,0,3,3,10,17,1,40,7,190,1,181,389,6,0,9,61,62,2,0,101,81,6,2,1,148,3,89,548,6,49,0,0,1,2,2
6,10,6,22,5,1,14,994,810,713,525,3452,5283,242,170,180,839,739,367,3877,1882,1220,3180,43,2415,269,250,18,105,1001,702,4809,25705,97,58,123,97,561,33,1,277,809,809,1453,3865,211,4439,4,13,745,0,0,1,0,0,0,4,6,8,58,6,0,3,1,1,3,16,2,39,264,6,9,24,367,12,9,213,0,2,17,3,66,7,2,76,3,45,6,3,44,3,3,41,1,0,0,1,1,1,1
45,26,44,42,22,18,12,9,96,50,25,13,14,59,38,53,3,1,108,83,23,1965,467,54,194,2282,977,10011,159,186,70,1425,97,24550,25,26,122,168,166,7775,236,68,78,8382,289,5465,10325,59,7,21,0,0,1,1,3,1,4,1,0,1,4,1,4,2,1,1,1,1,6,9,5,94,6,44,1,191,442,597,3,3,62,19,4,2,18,1199,12,2,3,57,10,4347,1662,132,170,6,1,3,3,0
75,166,94,605,59,637,2133,14,128,378,72,21,33,703,201,2734,13,5,536,102,195,190,14,580,167,54,54,15,137,480,117,35,58,25,5575,1437,1137,32,6981,8,228,137,446,63,47,15,27,4250,91,58,51,81,126,31,132,133,2,3,22,39,76,6,0,1,239,50,372,10,240,15,15,37,46,13,39,3,3,0,61,124,3,5,113,103,9,2,143,352,60,4,289,2,4,0,3,288,14,13,35,12
11,11,6,83,13,17,126,36,1085,464,160,50,43,120,57,2746,18,26,5481,295,428,165,37,6504,836,137,212,13,65,191,370,94,123,26,1437,10849,2556,79,5264,9,136,128,501,273,108,15,76,115,8,93,2,11,12,3,21,16,7,11,62,167,132,8,9,5,20,15,146,51,439,31,33,34,149,34,94,6,26,1,21,220,2,12,31,44,17,3,106,130,64,6,146,1,8,3,3,25,5,4,37,34
17,18,10,131,21,99,207,360,8834,605,187,98,109,218,112,571,52,99,1894,313,714,197,27,4399,398,32,927,350,69,220,302,19,97,122,1137,2556,4114,8,7967,801,200,180,714,404,43,57,54,1050,40,150,8,6,18,2,12,11,8,4,32,99,46,4,4,0,26,6,59,12,164,21,12,8,81,7,29,3,11,10,5,48,2,8,16,12,3,13,152,48,20,2,43,30,14,0,1,44,3,6,18,12
4,1,0,17,2,5,11,42,92,37,20,41,16,35,20,97,4,10,265,2479,27,197,321,30,267,6581,182,12,6,35,90,981,561,168,32,79,8,9414,16,0,16,21,111,5668,3839,40,717,6,0,10,0,1,1,0,0,0,0,0,1,9,2,0,0,0,2,2,2,1,6,27,1,16,5,168,2,21,91,1,0,2,7,34,2,5,87,8,3,2,0,46,2,2,72,1,13,1,0,0,1,0
61,87,61,264,63,581,621,11,396,344,84,36,24,442,118,625,11,12,514,39,261,190,27,7733,282,51,953,309,119,412,188,28,33,166,6981,5264,7967,16,27461,790,192,119,515,673,25,49,38,12566,115,59,24,42,73,21,83,76,4,4,39,65,106,7,1,0,148,45,344,16,380,18,16,43,79,5,89,8,17,9,41,217,0,11,120,107,6,13,173,324,80,3,286,38,22,3,5,197,23,14,53,33
13,11,6,13,3,27,5,1,285,4,4,2,1,15,3,6,0,0,7,4,4,294,19,137,67,14,5645,22317,86,49,6,12,1,7775,8,9,801,0,790,35202,62,17,10,8502,6,1132,325,186,7,3,0,0,1,0,2,1,0,0,1,0,6,0,1,0,0,1,1,2,3,1,4,68,3,22,1,69,292,1865,9,4,17,3,4,0,6,807,43,3,0,12,16,8441,863,122,78,12,1,1,4,0
581,658,617,1340,205,99,309,14,21,7373,76,71,55,890,847,453,13,6,131,62,479,9765,105,23,19,29,7,398,17809,8667,246,105,277,236,228,136,200,16,192,62,54171,10304,1991,75,85,476,242,34,179,1151,2,2,6,8,12,9,0,0,6,12,14,1,0,0,16,5,40,2,60,2,3,7,12,2,15,0,8,0,6,32,0,1,18,10,3,1,19,37,17,2,33,9,6,1,0,16,1,2,13,7
146,263,149,618,37,23,176,31,32,5925,125,219,172,519,1061,301,28,20,122,87,1863,1554,229,35,49,50,23,60,374,4009,227,235,809,68,137,128,180,21,119,17,10304,21056,3839,111,174,141,413,19,18,13932,4,1,5,1,6,5,1,1,7,18,17,0,1,0,6,3,22,2,35,10,7,6,7,11,8,1,4,0,3,23,0,1,5,3,4,1,7,13,8,2,24,1,4,1,0,10,4,1,8,5
205,223,75,2710,144,70,148,400,169,3568,286,245,602,4979,16459,6307,216,254,1082,657,7784,1566,103,74,89,200,21,62,542,4211,11828,478,809,78,446,501,714,111,515,10,1991,3839,50983,96,884,66,335,112,129,8884,44,69,79,34,117,115,3,5,33,42,78,3,4,1,144,37,270,10,259,17,22,36,61,26,52,5,16,0,34,137,0,9,71,76,13,4,87,198,43,5,198,0,5,3,1,187,15,10,35,26
8,6,8,30,9,50,25,51,745,202,122,126,56,44,20,96,11,13,418,1592,70,2264,3049,506,3879,7873,13602,681,37,135,66,2732,1453,8382,63,273,404,5668,673,8502,75,111,96,51396,1454,1759,4549,312,14,47,0,1,2,1,3,1,3,2,5,21,15,7,10,1,6,6,11,3,22,76,9,263,21,530,6,1139,2435,209,4,13,348,186,23,4,261,830,30,2,3,567,18,2165,4423,83,263,14,1,3,11,12
5,6,1,43,4,3,17,574,232,44,43,176,343,410,260,360,45,182,624,5655,196,296,504,16,505,1415,289,22,54,632,1182,7950,3865,289,47,108,43,3839,25,6,85,174,884,1454,6646,70,1371,7,13,229,0,0,0,0,1,0,4,2,3,36,7,5,3,1,1,4,7,4,31,156,5,19,14,484,3,26,135,1,3,7,11,77,4,4,214,4,13,1,7,86,3,0,98,1,13,0,0,0,8,2
55,32,37,31,20,10,11,52,87,229,194,134,62,83,28,23,9,5,23,107,69,6525,5612,10,158,382,241,9875,357,332,19,403,211,5465,15,15,57,40,49,1132,476,141,66,1759,70,16275,8343,20,4,37,0,0,2,1,1,2,2,0,1,2,2,1,0,0,1,0,3,1,4,8,0,11,0,8,2,31,70,50,2,1,13,4,3,1,5,88,4,4,3,16,3,341,187,15,30,1,0,0,1,1
18,21,15,45,7,11,13,118,156,549,284,432,142,115,75,83,117,67,184,541,584,2346,6527,32,876,2663,540,2046,123,569,184,17107,4439,10325,27,76,54,717,38,325,242,413,335,4549,1371,8343,33520,12,5,258,0,0,0,0,0,0,0,2,1,17,4,1,4,1,3,5,5,0,3,21,1,55,11,120,6,160,314,98,3,7,53,44,5,1,57,295,14,3,1,86,1,793,791,41,65,2,1,0,2,1
75,130,104,714,234,5026,2886,0,106,38,10,1,0,254,92,1125,1,0,29,5,15,40,8,359,53,20,287,86,53,113,40,6,4,59,4250,115,1050,6,12566,186,34,19,112,312,7,20,12,12725,583,16,61,117,86,72,311,259,0,0,1,3,11,0,0,1,161,19,133,2,28,2,1,9,11,5,7,1,5,2,24,17,1,0,38,29,0,4,76,102,10,2,58,11,7,1,0,841,28,5,11,4
1056,129,211,329,3474,2658,196,0,3,15,2,2,4,11401,224,103,0,0,10,3,8,29,3,16,7,2,13,13,7721,1750,12,7,13,7,91,8,40,0,115,7,179,18,129,14,13,4,5,583,13709,83,2,5,6,10,12,17,0,0,1,1,0,0,0,0,11,3,10,0,8,0,0,3,1,0,0,0,0,0,5,2,0,0,9,4,1,0,3,12,1,1,8,0,1,0,0,20,0,0,0,1
25,38,19,133,27,15,36,68,36,3534,78,134,276,1692,6646,121,40,19,84,80,3585,420,110,14,38,25,1,23,157,2910,184,203,745,21,58,93,150,10,59,3,1151,13932,8884,47,229,37,258,16,83,24958,0,2,0,0,3,2,0,1,5,7,7,1,2,0,0,0,7,3,28,5,0,1,10,12,7,0,7,0,0,18,1,2,3,4,5,0,7,10,8,3,3,1,2,0,1,1,0,0,0,2
22,46,155,157,9,71,173,0,0,0,0,0,1,56,26,93,0,0,2,0,0,2,0,1,2,1,0,0,5,17,6,0,0,0,51,2,8,0,24,0,2,4,44,0,0,0,0,61,2,0,45561,13326,1524,14972,30653,3071,0,1,2,0,87,0,0,0,9428,99,94,0,14,3,0,257,4,8,2,8,12,22,792,8,1,1,483,16,26,13,62,112,8,4,103,8,7,20,5,353,8254,112,135,5
139,80,1970,302,31,127,346,1,2,0,0,0,0,99,42,127,0,0,2,0,0,5,0,3,0,0,2,0,4,20,11,0,0,0,81,11,6,1,42,0,2,1,69,1,0,0,0,117,5,2,13326,86165,14460,11887,3428,14640,0,0,0,0,241,3,0,1,8269,96,76,1,12,1,6,590,2,0,2,7,3,20,596,8,2,3,639,12,18,27,28,105,9,3,47,11,9,26,6,346,813,211,339,9
24,65,36,198,12,46,200,3,22,6,6,0,0,113,34,174,0,1,14,8,5,9,0,3,5,0,2,0,6,33,16,1,1,1,126,12,18,1,73,1,6,5,79,2,0,2,0,86,6,0,1524,14460,50167,98,1791,7108,15,19,34,38,735,26,7,5,20158,7228,4735,7,331,197,16,511,45,68,28,40,11,28,682,158,17,43,1250,239,297,29,214,552,149,156,287,3,61,24,9,430,557,211,611,48
247,62,3993,297,579,2774,1862,0,0,2,1,0,0,56,12,44,0,0,0,0,0,6,0,0,0,0,0,0,8,20,4,0,0,1,31,3,2,0,21,0,8,1,34,1,0,1,0,72,10,0,14972,11887,98,50197,19210,26030,0,0,0,0,47,1,1,0,348,22,18,0,1,0,2,176,0,0,2,0,2,6,168,1,1,0,221,4,3,8,16,35,6,1,27,4,1,24,0,184,230,64,81,1
54,138,157,515,43,676,807,1,0,4,2,0,0,152,69,239,0,0,10,4,3,9,0,2,4,0,1,0,14,33,18,2,0,3,132,21,12,0,83,2,12,6,117,3,1,1,0,311,12,3,30653,3428,1791,19210,30386,7640,1,1,2,5,193,5,0,0,2702,404,347,2,75,14,7,220,24,46,10,3,97,23,276,23,0,7,357,25,13,11,340,913,20,21,1024,49,47,22,2,10798,5593,102,157,16
82,136,749,504,54,485,1764,2,5,5,1,0,0,157,59,203,2,0,12,4,5,7,0,0,1,0,0,2,6,43,21,0,0,1,133,16,11,0,76,1,9,5,115,1,0,2,0,259,17,2,3071,14640,7108,26030,7640,28491,0,4,9,13,542,8,2,1,2427,127,2792,4,201,38,12,311,56,31,8,8,8,12,317,39,7,7,505,38,59,17,143,1000,32,33,227,2,25,10,3,909,276,170,456,29
0,0,1,0,0,1,0,43,222,2,3,5,10,1,0,1,1,2,21,81,3,5,0,11,26,0,0,0,1,0,1,1,4,4,2,7,8,0,4,0,0,1,3,3,4,2,0,0,0,0,0,0,15,0,1,0,3300,7105,749,561,17,124,455,5143,55,57,71,2837,257,3536,76,245,19,42,52,24,11,6,2,549,25,4188,27,137,239,15,119,1,38,12,1,0,18,5,31,0,2,1,12,1
0,0,0,3,0,0,1,54,336,6,10,6,6,1,2,4,7,13,66,28,17,5,1,14,10,0,0,0,0,0,4,1,6,1,3,11,4,0,4,0,0,1,5,2,2,0,2,0,0,1,1,0,19,0,1,4,7105,17721,2662,2883,100,480,375,1429,33,68,133,8195,746,2940,381,847,47,29,401,32,17,8,2,1831,36,499,15,138,233,17,190,5,24,31,4,1,30,25,71,0,0,1,14,8
0,0,0,4,0,0,3,32,136,37,11,4,6,8,3,25,4,12,107,18,52,8,2,19,6,0,1,0,1,11,32,1,8,0,22,62,32,1,39,1,6,7,33,5,3,1,1,1,1,5,2,0,34,0,2,9,749,2662,6569,2024,589,725,321,350,13,28,979,3896,4631,820,402,383,64,33,437,42,11,2,1,3728,54,483,12,101,460,15,250,21,22,46,50,2,27,13,40,4,1,7,28,29
1,2,1,6,0,3,10,509,3066,75,91,66,77,12,2,47,55,59,449,381,166,41,16,178,191,7,13,0,2,4,43,1,58,1,39,167,99,9,65,0,12,18,42,21,36,2,17,3,1,7,0,0,38,0,5,13,561,2883,2024,45996,831,1545,554,241,14,28,313,696,6457,6209,825,1230,14886,7689,135,25,884,14,3,188,24,282,18,37,185,32,5646,36,35,196,43,10,233,31,68,6,0,6,33,27
2,10,8,24,3,7,19,24,121,51,17,11,10,29,13,57,15,19,191,7,90,16,1,24,8,4,5,2,3,23,37,3,6,4,76,132,46,2,106,6,14,17,78,15,7,2,4,11,0,7,87,241,735,47,193,542,17,100,589,831,36499,3606,1081,43,549,1155,1344,291,1593,89,5354,3112,283,58,1027,250,87,79,213,775,179,207,335,973,200,210,580,330,1216,101,242,28,301,168,260,99,61,32170,36401,6238
1,0,0,1,0,0,2,12,40,1,6,3,1,0,0,3,0,5,28,3,5,1,1,8,2,2,2,0,0,1,4,0,0,1,6,8,4,0,7,0,1,0,3,7,5,1,1,0,0,1,0,3,26,1,5,8,124,480,725,1545,3606,9891,7512,207,19,34,135,734,735,328,9149,10560,135,132,614,51,29,17,13,342,25,609,40,26,68,52,125,11,108,52,15,5,148,148,177,8,1,8,178,257
0,0,1,0,0,0,2,9,46,3,1,3,1,1,1,2,2,2,10,14,5,2,2,1,27,4,5,0,1,1,1,3,3,4,0,9,4,0,1,1,0,1,4,10,3,0,4,0,0,2,0,0,7,1,0,2,455,375,321,554,1081,7512,18728,9310,10,32,27,7866,141,508,11642,9871,45,295,783,126,68,35,8,944,124,11465,24,51,118,122,66,4,204,72,6,16,287,190,475,1,0,8,82,183
0,0,0,2,0,0,0,13,54,2,2,1,2,0,1,0,2,2,4,18,4,1,0,6,2,0,1,0,0,0,1,0,1,2,1,5,0,0,0,0,0,0,1,1,1,0,1,1,0,0,0,1,5,0,0,1,5143,1429,350,241,43,207,9310,13254,9,14,30,7493,75,664,713,581,14,61,200,30,8,9,0,773,58,8945,5,40,61,21,11,0,52,11,2,3,49,24,104,1,1,0,7,24
36,86,61,325,14,87,319,5,6,6,2,1,2,199,58,304,0,0,17,10,2,8,1,0,9,5,4,2,16,75,40,0,1,1,239,20,26,2,148,0,16,6,144,6,1,1,3,161,11,0,9428,8269,20158,348,2702,2427,55,33,13,14,549,19,10,9,85542,18135,1047,11,140,240,29,640,36,46,178,251,13,61,6235,117,126,173,18969,2075,1323,133,361,458,1718,256,471,15,111,61,69,509,11965,391,1374,1030
8,12,6,44,3,9,52,3,9,10,2,2,1,43,7,64,1,2,11,8,5,4,3,2,13,3,5,2,1,20,12,0,3,1,50,15,6,2,45,1,5,3,37,6,4,0,5,19,3,0,99,96,7228,22,404,127,57,68,28,28,1155,34,32,14,18135,22091,1959,29,132,282,89,664,13,47,468,253,25,54,645,411,196,308,5736,3874,1172,157,102,104,7960,185,140,15,117,51,119,220,132,307,3309,4080
36,74,39,206,25,42,243,21,60,35,9,3,13,262,64,345,2,6,101,25,48,26,2,21,22,4,4,2,27,110,90,3,16,1,372,146,59,2,344,1,40,22,270,11,7,3,5,133,10,7,94,76,4735,18,347,2792,71,133,979,313,1344,135,27,30,1047,1959,26120,114,14456,563,89,359,257,215,412,39,61,12,305,6096,29,133,630,3777,441,22,766,5265,247,201,886,3,110,30,24,695,107,161,430,103
0,0,0,5,0,0,0,35,148,24,23,7,5,1,3,20,7,15,85,7,48,5,1,30,5,2,1,1,0,1,13,3,2,1,10,51,12,1,16,2,2,2,10,3,4,1,0,2,0,3,0,1,7,0,2,4,2837,8195,3896,696,291,734,7866,7493,11,29,114,8700,800,329,9172,1036,68,30,2320,61,22,10,1,2650,60,1838,19,57,266,35,170,9,116,34,15,4,52,35,218,2,0,3,44,198
11,7,0,47,4,6,53,85,341,182,51,45,22,103,35,199,38,42,455,69,201,67,9,119,71,8,5,2,26,88,130,10,39,6,240,439,164,6,380,3,60,35,259,22,31,4,3,28,8,28,14,12,331,1,75,201,257,746,4631,6457,1593,735,141,75,140,132,14456,800,18351,1450,569,419,4764,921,492,37,229,11,81,3153,49,249,158,423,522,26,2200,5294,240,186,1733,10,218,11,47,128,21,62,242,161
1,2,0,2,0,1,2,205,1034,6,9,30,64,7,1,16,2,5,68,938,9,51,35,25,1050,25,44,0,3,12,9,17,264,9,15,31,21,27,18,1,2,10,17,76,156,8,21,2,0,5,3,1,197,0,14,38,3536,2940,820,6209,89,328,508,664,240,282,563,329,1450,20913,62,925,203,4919,76,190,585,25,36,621,179,6486,170,431,4150,90,514,50,118,1861,23,13,448,58,178,9,6,14,63,34
1,0,0,0,0,0,0,17,68,30,10,2,5,4,3,11,8,10,67,5,32,7,2,20,9,7,3,0,2,9,17,1,6,5,15,33,12,1,16,4,3,7,22,9,5,0,1,1,0,0,0,6,16,2,7,12,76,381,402,825,5354,9149,11642,713,29,89,89,9172,569,62,25533,3253,182,50,11021,151,56,57,24,2153,135,1030,115,47,61,165,210,26,1000,72,39,23,293,178,558,5,1,71,957,7213
4,8,10,16,2,2,26,6,35,13,3,2,2,18,7,34,1,5,25,15,7,13,7,10,53,64,50,9,3,17,15,40,9,94,37,34,8,16,43,68,7,6,36,263,19,11,55,9,3,1,257,590,511,176,220,311,245,847,383,1230,3112,10560,9871,581,640,664,359,1036,419,925,3253,53561,100,1479,932,1737,1107,2886,2301,668,943,8540,1349,391,1229,3064,161,128,712,1172,132,541,4824,12171,11811,43,133,5795,2876,634
3,6,2,8,1,2,7,72,460,56,17,23,20,13,7,43,13,24,147,55,81,24,3,59,48,11,10,4,5,12,32,7,24,6,46,149,81,5,79,3,12,7,61,21,14,0,11,11,1,10,4,2,45,0,24,56,19,47,64,14886,283,135,45,14,36,13,257,68,4764,203,182,100,13244,4360,104,21,1929,15,7,86,12,57,25,7,23,11,9693,1847,43,59,1322,279,506,8,21,84,5,10,68,73
0,2,0,5,0,1,2,76,650,4,9,45,48,5,2,18,4,3,41,1008,13,59,74,32,2067,147,379,4,1,24,13,190,367,44,13,34,7,168,5,22,2,11,26,530,484,8,120,5,0,12,8,0,68,0,46,31,42,29,33,7689,58,132,295,61,46,47,215,30,921,4919,50,1479,4360,25371,45,220,14116,38,11,80,249,1919,61,41,651,114,1931,115,78,1237,459,568,3572,58,349,97,10,7,62,38
1,3,0,14,0,0,2,11,40,49,8,6,4,14,6,41,7,8,116,3,52,16,4,28,10,0,0,0,4,15,35,1,12,1,39,94,29,2,89,1,15,8,52,6,3,2,6,7,0,7,2,2,28,2,10,8,52,401,437,135,1027,614,783,200,178,468,412,2320,492,76,11021,932,104,45,17457,142,29,33,87,6901,152,656,631,1566,250,102,351,82,7693,56,132,9,132,97,313,17,8,83,922,3585
0,0,1,0,0,0,0,1,10,5,3,1,0,1,0,1,0,0,7,16,4,26,35,7,94,352,272,13,0,1,2,181,9,191,3,6,3,21,8,69,0,1,5,1139,26,31,160,1,0,0,8,7,40,0,3,8,24,32,42,25,250,51,126,30,251,253,39,61,37,190,151,1737,21,220,142,25866,540,59,227,157,11398,1430,1007,125,5193,5276,17,7,208,7879,17,39,7675,353,2330,7,35,42,558,182
0,1,0,2,0,2,3,35,491,7,12,25,32,6,3,9,2,0,30,416,6,99,75,39,1335,596,811,38,0,9,7,389,213,442,3,26,11,91,17,292,8,4,16,2435,135,70,314,5,0,7,12,3,11,2,97,8,11,17,11,884,87,29,68,8,13,25,61,22,229,585,56,1107,1929,14116,29,540,19984,670,21,27,280,429,52,22,330,263,1642,91,27,465,1121,7748,9765,90,487,290,46,10,86,37
1,1,0,1,0,0,1,0,4,0,0,0,0,0,0,0,0,0,3,2,1,12,1,6,4,4,51,504,1,0,0,6,0,597,0,1,10,1,9,1865,0,0,0,209,1,50,98,2,0,0,22,20,28,6,23,12,6,8,2,14,79,17,35,9,61,54,12,10,11,25,57,2886,15,38,33,59,670,46462,1542,16,70,70,420,19,74,14256,99,7,42,66,64,16311,654,15905,487,16,26,564,264,50
5,5,14,51,2,7,49,0,1,4,1,1,0,49,19,60,0,1,5,1,3,4,1,0,4,5,3,4,5,20,11,0,2,3,61,21,5,0,41,9,6,3,34,4,3,2,3,24,5,0,792,596,682,168,276,317,2,2,1,3,213,13,8,0,6235,645,305,1,81,36,24,2301,7,11,87,227,21,1542,132278,44,106,63,25328,278,379,398,142,153,271,70,148,78,62,788,76,87,16068,25595,1664,102
3,8,2,25,1,5,19,20,100,83,26,12,9,45,12,101,18,22,202,23,97,26,6,54,20,6,4,0,11,53,65,9,17,3,124,220,48,2,217,4,32,23,137,13,7,1,7,17,2,18,8,8,158,1,23,39,549,1831,3728,188,775,342,944,773,117,411,6096,2650,3153,621,2153,668,86,80,6901,157,27,16,44,7948,197,1519,175,2500,1104,84,433,185,916,123,206,4,110,38,267,37,9,41,189,239
0,0,0,0,0,1,0,0,5,1,1,1,0,1,1,0,0,0,8,5,0,15,11,0,23,110,79,3,0,2,0,61,3,62,3,2,2,7,0,17,0,0,0,348,11,13,53,1,0,1,1,2,17,1,0,7,25,36,54,24,179,25,124,58,126,196,29,60,49,179,135,943,12,249,152,11398,280,70,106,197,16417,3268,577,92,5437,7045,18,8,225,1130,12,35,1629,829,13077,4,7,27,474,199
0,0,0,1,0,0,0,18,145,3,3,7,7,0,1,8,1,2,19,177,6,16,15,7,243,79,101,0,0,5,7,62,66,19,5,12,8,34,11,3,1,1,9,186,77,4,44,0,0,2,1,3,43,0,7,7,4188,499,483,282,207,609,11465,8945,173,308,133,1838,249,6486,1030,8540,57,1919,656,1430,429,70,63,1519,3268,31209,442,249,15889,581,102,7,668,1201,21,23,1381,230,4106,6,3,23,402,247
8,13,13,64,4,10,65,0,4,13,5,0,0,86,20,112,1,1,22,8,6,6,0,5,21,6,11,1,6,56,27,2,7,4,113,31,16,2,120,4,18,5,71,23,4,3,5,38,9,3,483,639,1250,221,357,505,27,15,12,18,335,40,24,5,18969,5736,630,19,158,170,115,1349,25,61,631,1007,52,420,25328,175,577,442,78115,1323,1972,698,276,294,2388,276,328,54,286,329,295,151,1667,10567,25106,1435
9,5,8,26,3,8,53,1,22,13,3,1,1,55,18,76,0,1,19,5,11,9,0,10,17,4,2,2,4,42,21,0,2,2,103,44,12,5,107,0,10,3,76,4,4,1,1,29,4,4,16,12,239,4,25,38,137,138,101,37,973,26,51,40,2075,3874,3777,57,423,431,47,391,7,41,1566,125,22,19,278,2500,92,249,1323,8685,1055,47,171,152,4802,161,173,3,69,22,48,69,35,149,828,182
0,1,0,5,0,0,3,8,43,4,3,9,2,9,0,12,2,2,27,162,7,13,35,8,599,103,196,2,0,7,10,101,76,18,9,17,3,87,6,6,3,4,13,261,214,5,57,0,1,5,26,18,297,3,13,59,239,233,460,185,200,68,118,61,1323,1172,441,266,522,4150,61,1229,23,651,250,5193,330,74,379,1104,5437,15889,1972,1055,15012,625,30,30,730,4181,21,39,1128,71,1178,12,60,97,677,134
0,1,0,0,0,1,0,1,12,0,0,0,0,1,2,0,0,0,2,0,1,35,12,1,17,69,115,74,0,3,1,81,3,1199,2,3,13,8,13,807,1,1,4,830,4,88,295,4,0,0,13,27,29,8,11,17,15,17,15,32,210,52,122,21,133,157,22,35,26,90,165,3064,11,114,102,5276,263,14256,398,84,7045,581,698,47,625,44447,27,11,140,712,20,2631,6629,13075,6068,8,20,190,511,159
11,13,9,48,6,13,73,281,1799,39,30,14,73,68,23,116,12,14,169,346,49,35,9,105,134,5,7,8,10,44,35,6,45,12,143,106,152,3,173,43,19,7,87,30,13,4,14,76,3,7,62,28,214,16,340,143,119,190,250,5646,580,125,66,11,361,102,766,170,2200,514,210,161,9693,1931,351,17,1642,99,142,433,18,102,276,171,30,27,3545,1867,307,24,5433,984,451,23,20,897,96,64,217,170
34,46,37,190,10,42,203,5,21,32,3,4,3,218,66,326,5,2,80,6,25,22,2,12,10,3,3,4,20,148,74,2,6,2,352,130,48,2,324,3,37,13,198,2,1,4,3,102,12,10,112,105,552,35,913,1000,1,5,21,36,330,11,4,0,458,104,5265,9,5294,50,26,128,1847,115,82,7,91,7,153,185,8,7,294,152,30,11,1867,13773,161,27,6924,15,56,12,5,4176,79,43,121,46
3,4,3,8,0,1,12,4,12,18,5,0,2,19,8,48,0,2,50,7,17,8,1,8,11,1,2,2,13,41,23,1,3,3,60,64,20,0,80,0,17,8,43,3,7,3,1,10,1,8,8,9,149,6,20,32,38,24,22,35,1216,108,204,52,1718,7960,247,116,240,118,1000,712,43,78,7693,208,27,42,271,916,225,668,2388,4802,730,140,307,161,20680,94,174,16,130,54,230,82,26,183,3075,5880
0,0,0,0,0,0,1,2,22,0,1,5,2,3,1,3,0,0,6,82,1,12,15,4,282,231,277,4,0,2,5,148,44,57,4,6,2,46,3,12,2,2,5,567,86,16,86,2,1,3,4,3,156,1,21,33,12,31,46,196,101,52,72,11,256,185,201,34,186,1861,72,1172,59,1237,56,7879,465,66,70,123,1130,1201,276,161,4181,712,24,27,94,18350,21,53,10789,104,717,5,14,26,165,46
27,33,11,108,12,27,113,4,15,32,4,4,5,197,37,299,3,4,75,6,30,26,0,9,1,4,2,5,31,136,73,3,3,10,289,146,43,2,286,16,33,24,198,18,3,3,1,58,8,3,103,47,287,27,1024,227,1,4,50,43,242,15,6,2,471,140,886,15,1733,23,39,132,1322,459,132,17,1121,64,148,206,12,21,328,173,21,20,5433,6924,174,21,19553,608,402,16,10,10902,147,38,130,64
1,1,2,3,0,1,0,0,24,0,1,1,0,2,2,2,0,0,3,1,2,92,17,14,19,53,389,1235,6,2,1,89,3,4347,2,1,30,2,38,8441,9,1,0,2165,0,341,793,11,0,1,8,11,3,4,49,2,0,1,2,10,28,5,16,3,15,15,3,4,10,13,23,541,279,568,9,39,7748,16311,78,4,35,23,54,3,39,2631,984,15,16,53,608,41618,10214,868,219,174,16,29,31,17
0,1,1,0,0,3,1,6,37,4,5,1,2,4,0,2,0,0,19,31,6,154,86,12,308,717,897,92,4,5,7,548,41,1662,4,8,14,72,22,863,6,4,5,4423,98,187,791,7,1,2,7,9,61,1,47,25,18,30,27,233,301,148,287,49,111,117,110,52,218,448,293,4824,506,3572,132,7675,9765,654,62,110,1629,1381,286,69,1128,6629,451,56,130,10789,402,10214,42970,1089,2688,111,25,39,324,138
0,0,0,0,0,0,1,0,1,2,0,0,0,1,0,1,0,0,0,1,1,2,2,1,1,3,16,26,0,1,0,6,1,132,0,3,0,1,3,122,1,1,3,83,1,15,41,1,0,0,20,26,24,24,22,10,5,25,13,31,168,148,190,24,61,51,30,35,11,58,178,12171,8,58,97,353,90,15905,788,38,829,230,329,22,71,13075,23,12,54,104,16,868,1089,23651,7848,4,14,415,245,79
0,0,0,0,0,0,0,1,7,4,2,1,2,2,0,3,0,0,7,3,0,16,6,2,27,94,65,6,0,2,0,49,0,170,3,3,1,13,5,78,0,0,1,263,13,30,65,0,0,1,5,6,9,0,2,3,31,71,40,68,260,177,475,104,69,119,24,218,47,178,558,11811,21,349,313,2330,487,487,76,267,13077,4106,295,48,1178,6068,20,5,230,717,10,219,2688,7848,30444,3,4,42,411,227
80,260,164,822,56,430,1085,0,2,6,1,1,1,225,99,419,1,2,9,2,8,9,0,9,1,2,9,5,9,45,23,0,0,6,288,25,44,1,197,12,16,10,187,14,0,1,2,841,20,1,353,346,430,184,10798,909,0,0,4,6,99,8,1,1,509,220,695,2,128,9,5,43,84,97,17,7,290,16,87,37,4,6,151,69,12,8,897,4176,82,5,10902,174,111,4,3,12878,452,21,58,40
4,9,9,27,0,11,35,0,0,1,0,0,0,14,1,19,0,0,4,0,1,3,0,0,3,0,0,2,0,1,2,0,1,1,14,5,3,0,23,1,1,4,15,1,0,0,1,28,0,0,8254,813,557,230,5593,276,2,0,1,0,61,1,0,1,11965,132,107,0,21,6,1,133,5,10,8,35,46,26,16068,9,7,3,1667,35,60,20,96,79,26,14,147,16,25,14,4,452,32899,487,994,6
0,3,3,5,0,1,5,0,2,4,0,0,0,7,2,16,1,0,18,1,3,0,0,3,1,1,0,0,0,7,3,1,1,3,13,4,6,0,14,1,2,1,10,3,0,0,0,5,0,0,112,211,211,64,102,170,1,1,7,6,32170,8,8,0,391,307,161,3,62,14,71,5795,10,7,83,42,10,564,25595,41,27,23,10567,149,97,190,64,43,183,26,38,29,39,415,42,21,487,63475,7826,254
4,4,7,18,2,4,17,3,10,14,2,3,2,24,11,47,3,8,38,6,20,5,1,6,13,4,4,1,5,15,19,2,1,3,35,37,18,1,53,4,13,8,35,11,8,1,2,11,0,0,135,339,611,81,157,456,12,14,28,33,36401,178,82,7,1374,3309,430,44,242,63,957,2876,68,62,922,558,86,264,1664,189,474,402,25106,828,677,511,217,121,3075,165,130,31,324,245,411,58,994,7826,33314,9038
1,2,1,7,0,0,2,4,14,12,4,2,6,6,3,23,1,1,36,4,10,9,0,4,5,3,4,1,1,13,14,2,1,0,12,34,12,0,33,0,7,5,26,12,2,1,1,4,1,2,5,9,48,1,16,29,1,8,29,27,6238,257,183,24,1030,4080,103,198,161,34,7213,634,73,38,3585,182,37,50,102,239,199,247,1435,182,134,159,170,46,5880,46,64,17,138,79,227,40,6,254,9038,15074
