10787,7325,8169,919,12598,4996,803,2,1,71,3,3,1,7345,269,61,1,0,5,10,5,231,7,3,3,2,5,25,682,1158,0,6,3,8,24,1,19,1,59,4,701,64,41,9,10,20,18,120,789,25,12,46,17,175,40,63,0,0,0,0,2,0,0,0,25,1,13,0,0,0,0,0,0,2,0,0,0,0,0,0,0,0,2,4,0,1,1,10,0,1,3,1,0,0,0,37,3,1,0,1
7325,51973,24980,23361,821,3634,3289,24,24,786,26,10,22,8349,4742,1110,2,4,16,131,31,686,22,6,15,19,6,42,464,1379,50,64,70,25,170,26,88,39,294,2,1401,380,515,10,182,16,26,307,358,306,56,333,217,322,215,387,0,0,2,3,10,0,0,0,273,16,58,0,3,4,2,2,1,5,1,0,0,0,9,0,0,3,24,13,1,0,5,126,3,5,45,0,2,0,0,158,35,3,10,1
8169,24980,36501,14231,6591,11112,13920,7,9,501,12,7,5,2165,314,175,1,1,10,51,16,895,13,4,4,11,4,49,866,1867,9,29,25,22,53,17,55,2,102,9,2204,338,186,13,71,35,29,285,353,172,441,939,155,3443,322,478,0,0,1,1,9,0,0,0,123,11,37,0,3,3,1,15,1,2,2,1,0,1,18,0,1,0,24,12,0,1,7,58,2,2,14,2,2,3,2,116,50,14,10,4
919,23361,14231,42449,208,4590,18823,117,116,1296,64,35,69,4527,10385,10046,4,16,93,573,60,663,38,15,57,76,20,41,247,1055,389,178,170,50,595,100,212,92,425,3,903,348,2851,30,632,22,67,716,188,441,67,435,299,348,284,682,2,3,2,8,31,2,0,3,338,37,104,0,17,12,1,8,1,22,2,1,5,1,19,2,1,11,33,15,6,0,11,192,8,11,73,0,7,1,1,224,44,11,20,7
12598,821,6591,208,16131,16762,370,1,5,24,2,1,1,4479,56,32,0,0,1,10,0,130,1,3,9,1,4,18,699,1091,2,6,4,1,34,1,19,1,57,7,405,18,23,4,4,12,3,1007,3989,8,2,16,6,245,19,15,0,0,0,0,2,0,0,0,11,1,4,0,2,0,0,0,0,0,0,0,1,0,1,0,0,0,0,0,0,0,1,3,1,0,2,0,1,0,1,13,6,1,0,1
4996,3634,11112,4590,16762,33575,19087,0,30,115,3,3,0,1494,121,165,1,0,10,16,6,157,3,9,28,3,22,17,457,660,12,13,6,14,1475,13,64,0,1289,8,467,43,78,9,11,10,12,4980,3803,22,39,147,116,1435,391,489,1,0,1,2,6,0,0,0,61,6,20,0,2,0,0,6,0,1,0,0,0,1,2,0,0,0,1,2,2,1,1,33,1,0,7,0,1,0,0,102,26,3,1,1
803,3289,13920,18823,370,19087,25775,13,87,567,30,17,13,623,282,1925,1,0,29,99,34,259,10,37,28,14,7,15,115,336,115,24,33,10,1704,124,143,19,2158,5,371,109,621,16,97,6,13,1641,137,94,70,368,264,597,548,837,0,0,1,3,35,0,1,0,269,36,98,0,5,4,1,7,0,2,1,0,2,0,13,1,1,1,45,17,7,1,9,175,4,4,71,0,2,0,1,208,55,4,15,9
2,24,7,117,1,0,13,5836,2564,77,579,347,3822,124,164,901,968,1731,883,4317,210,1000,153,65,57,18,38,9,20,54,826,41,776,10,17,51,1373,82,8,3,22,7,1068,28,180,46,66,3,2,21,0,1,6,0,0,1,126,157,13,753,13,10,54,101,1,7,28,13,50,332,15,25,23,54,13,1,10,1,3,4,1,125,6,14,19,0,76,19,6,8,1,0,5,0,5,1,0,1,1,4
1,24,9,116,5,30,87,2564,22734,179,397,1484,2417,70,49,784,266,46,5834,4661,387,2047,903,6239,5716,77,2882,101,74,75,91,201,2681,52,466,2616,8499,109,606,106,32,26,241,411,187,145,307,268,96,45,2,4,23,0,2,10,321,475,67,2945,31,20,179,251,35,21,56,62,160,1769,51,114,99,980,15,9,156,0,5,18,9,656,7,37,262,10,243,36,9,164,13,13,111,2,21,6,4,2,12,12
71,786,501,1296,24,115,567,77,179,46594,5621,3848,259,642,591,1693,89,8,304,203,7951,5023,982,177,118,40,82,96,213,495,81,749,1456,26,549,553,1217,70,443,7,10720,4795,2185,139,110,183,1157,205,58,4640,2,20,40,26,10,37,3,10,26,44,80,8,3,4,102,28,89,6,148,17,33,14,32,13,30,8,4,0,13,12,4,11,62,48,12,2,142,132,21,12,49,2,17,1,6,21,27,12,35,22
3,26,12,64,2,3,30,579,397,5621,3442,4624,353,26,21,609,97,71,745,137,1564,2760,769,34,44,9,26,19,29,47,61,64,254,16,106,175,300,26,77,7,140,89,230,63,30,151,182,23,2,74,0,2,4,1,0,1,4,10,6,39,15,0,4,5,7,7,21,4,40,13,9,3,5,6,5,3,1,0,3,3,0,10,5,4,9,2,17,15,2,6,6,0,4,0,1,0,1,0,7,2
3,10,7,35,1,3,17,347,1484,3848,4624,15388,5774,59,38,248,1984,151,570,890,7397,1874,1709,59,207,18,90,26,23,159,257,201,6387,12,57,97,708,42,25,3,115,136,660,60,142,100,198,17,1,216,0,0,2,1,1,1,18,26,9,141,11,2,14,11,2,5,12,8,46,102,14,8,11,62,6,4,6,0,3,4,4,53,4,4,28,2,58,10,2,11,6,1,12,0,3,1,0,2,6,1
1,22,5,69,1,0,13,3822,2417,259,353,5774,19609,145,170,452,2290,441,284,1258,1526,569,339,57,149,12,94,17,15,189,919,269,6746,13,17,39,1537,41,17,0,53,57,1430,34,247,26,166,2,3,157,0,0,6,1,0,3,95,91,6,571,13,5,35,65,4,3,15,4,42,323,9,10,18,98,2,1,15,1,1,0,2,140,4,7,21,0,58,13,2,14,2,1,5,2,2,1,1,1,3,2
7345,8349,2165,4527,4479,1494,623,124,70,642,26,59,145,48985,15857,1320,16,13,40,492,145,375,46,21,68,32,24,59,2902,18683,111,293,482,45,369,104,318,56,419,8,1355,534,4162,31,622,24,113,200,10876,3262,40,150,218,113,98,188,1,1,2,9,64,0,2,0,403,52,187,1,16,14,9,22,4,10,3,3,4,0,27,3,0,4,109,51,11,1,25,256,15,6,127,1,7,2,2,121,54,9,39,14
269,4742,314,10385,56,121,282,164,49,591,21,38,170,15857,20687,1599,15,16,42,562,75,321,35,11,33,41,17,27,248,2453,198,189,320,33,315,70,231,60,261,6,669,423,9146,17,683,9,39,141,180,5316,21,133,151,69,81,174,2,0,2,9,29,0,1,2,280,16,70,0,7,11,2,7,2,18,1,2,3,0,22,0,2,6,38,19,6,0,19,151,2,6,87,0,3,0,2,96,29,5,20,4
61,1110,175,10046,32,165,1925,901,784,1693,609,248,452,1320,1599,24941,244,465,1918,967,464,704,73,80,72,57,32,32,98,518,11517,113,261,26,1646,1874,678,98,351,8,319,111,11769,61,399,16,59,175,65,130,21,90,129,46,53,126,0,10,11,48,130,2,6,5,260,63,361,3,162,19,22,41,10,24,21,0,7,0,45,16,1,18,162,118,15,1,107,372,39,14,135,0,6,1,5,85,32,22,83,23
1,2,1,4,0,1,1,968,266,89,97,1984,2290,16,15,244,2649,658,243,43,2721,113,82,19,3,0,5,1,1,29,1989,15,238,0,6,16,200,3,9,0,8,10,443,2,14,7,16,0,0,32,0,0,0,0,0,0,5,14,5,45,5,2,1,7,0,0,2,8,16,4,8,2,2,3,1,0,1,0,0,1,0,3,3,1,1,0,13,1,2,1,0,0,1,0,2,0,0,1,0,1
0,4,1,16,0,0,0,1731,46,8,71,151,441,13,16,465,658,658,532,50,283,73,27,8,4,1,1,2,2,9,1898,3,113,0,1,12,55,3,4,0,3,0,477,1,8,5,8,1,0,2,0,0,0,0,0,0,3,7,10,18,12,4,0,1,0,0,1,4,16,3,10,0,10,1,2,1,0,1,0,0,0,3,3,6,1,1,4,5,3,0,1,0,1,0,0,0,0,1,1,1
5,16,10,93,1,10,29,883,5834,304,745,570,284,40,42,1918,243,532,4618,551,907,851,114,491,81,19,32,8,23,51,716,40,162,8,114,1668,980,25,139,9,62,24,703,49,48,23,37,18,1,44,0,6,9,0,0,4,6,47,62,142,126,15,17,12,13,15,88,35,249,34,78,16,74,15,34,1,1,0,10,13,2,13,21,26,24,1,122,73,34,6,12,0,6,1,6,2,1,7,37,25
10,131,51,573,10,16,99,4317,4661,203,137,890,1258,492,562,967,43,50,551,27103,154,1333,1673,105,2270,819,454,129,58,366,576,1027,6554,205,147,467,417,5452,123,25,81,69,2244,1336,3675,79,591,60,39,172,1,4,27,1,7,10,57,61,12,1144,21,6,127,83,45,25,78,3,71,1531,15,133,31,1665,12,25,164,1,1,12,20,629,16,35,629,16,48,42,11,371,16,9,188,2,36,7,6,3,6,3
5,31,16,60,0,6,34,210,387,7951,1564,7397,1526,145,75,464,2721,283,907,154,14026,666,548,173,83,13,51,26,40,462,1009,499,1575,25,118,335,1130,31,142,5,381,593,3201,74,100,39,549,24,3,1442,0,2,4,0,0,3,5,17,36,61,60,4,5,3,10,7,43,8,123,22,35,11,32,12,27,0,4,0,2,6,3,14,15,14,11,0,170,33,14,7,7,1,8,1,2,2,1,4,25,8
231,686,895,663,130,157,259,1000,2047,5023,2760,1874,569,375,321,704,113,73,851,1333,666,14068,4641,100,1016,353,704,1175,4032,439,79,764,602,800,225,251,616,632,213,234,12943,514,600,1619,542,4972,2424,68,43,301,3,13,20,22,7,14,16,29,9,192,28,7,15,16,37,11,69,13,54,185,10,45,8,191,4,83,76,5,6,5,69,109,36,32,79,35,38,84,12,115,32,36,151,2,48,15,9,5,21,11
7,22,13,38,1,3,10,153,903,982,769,1709,339,46,35,73,82,27,114,1673,548,4641,9362,30,1703,310,864,508,72,76,37,1036,3139,221,29,66,171,908,44,61,109,70,181,1559,858,3490,5689,12,3,89,0,1,5,0,1,0,5,9,1,110,1,2,3,6,1,2,5,0,6,104,1,31,4,246,0,95,92,0,1,0,70,78,3,2,93,21,13,4,5,173,1,15,189,1,43,2,2,0,1,1
3,6,4,15,3,9,37,65,6239,177,34,59,57,21,11,80,19,8,491,105,173,100,30,3340,631,23,697,78,44,65,102,42,64,36,613,3509,3242,20,3486,127,75,32,195,219,18,7,39,263,60,44,0,4,0,1,2,5,3,10,6,45,23,3,3,4,10,4,21,4,37,12,10,11,9,36,1,3,10,1,4,4,2,9,20,10,12,3,56,23,5,16,6,6,18,0,1,3,4,3,11,2
3,15,4,57,9,28,28,57,5716,118,44,207,149,68,33,72,3,4,81,2270,83,1016,1703,631,6315,429,5918,204,75,102,19,757,2968,315,145,532,314,541,514,474,31,26,155,4691,527,85,727,305,178,43,1,3,9,3,3,5,11,13,4,364,4,2,36,28,17,7,15,3,19,628,3,132,23,2450,3,98,408,5,1,3,59,351,4,13,738,29,17,17,6,861,14,39,574,2,75,8,3,1,3,3
2,19,11,76,1,3,14,18,77,40,9,18,12,32,41,57,0,1,19,819,13,353,310,23,429,20266,663,310,23,17,6,7835,127,6982,23,79,44,5974,45,144,20,6,86,7322,3654,109,2181,32,10,6,0,0,1,1,0,1,0,3,0,17,2,1,4,3,3,8,0,1,0,8,2,92,1,58,2,549,188,5,0,1,344,52,4,4,58,129,3,2,3,220,6,134,606,8,256,1,1,1,1,5
5,6,4,20,4,22,7,38,2882,82,26,90,94,24,17,32,5,1,32,454,51,704,864,697,5918,663,13347,2354,55,29,14,1098,715,650,84,227,2258,165,1137,4991,24,15,83,11476,559,118,990,415,115,12,0,2,3,1,0,0,7,5,1,98,0,3,10,8,9,2,7,1,7,57,1,80,4,645,0,190,494,40,3,2,123,119,7,7,216,113,5,11,2,565,10,227,700,6,118,3,2,0,0,0
25,42,49,41,18,17,15,9,101,96,19,26,17,59,27,32,1,2,8,129,26,1175,508,78,204,310,2354,59950,956,103,11,508,161,12500,20,32,455,240,350,14529,390,26,74,2475,565,15013,5092,140,40,18,0,0,1,0,0,0,0,0,1,3,4,1,0,1,2,0,5,0,1,8,0,12,0,19,0,62,98,959,2,1,61,4,0,0,3,309,9,3,1,25,3,2093,163,36,46,3,2,0,1,0
682,464,866,247,699,457,115,20,74,213,29,23,15,2902,248,98,1,2,23,58,40,4032,72,44,75,23,55,956,97983,9298,12,56,58,304,79,94,164,11,159,139,22762,370,275,74,40,1136,269,224,9073,144,1,10,9,16,9,9,0,1,2,5,13,0,0,1,27,9,38,0,26,7,0,6,1,4,6,5,4,1,6,2,2,1,15,20,1,3,17,44,9,1,21,13,5,0,2,11,6,1,13,5
1158,1379,1867,1055,1091,660,336,54,75,495,47,159,189,18683,2453,518,29,9,51,366,462,439,76,65,102,17,29,103,9298,45714,67,479,730,64,394,420,710,37,416,29,8163,5822,4555,58,425,65,266,127,1295,4559,6,37,69,39,16,67,2,4,9,23,103,4,2,2,166,56,282,0,87,15,11,26,10,16,15,1,8,0,41,5,2,7,165,97,14,2,57,322,35,7,125,1,4,1,4,35,44,26,73,25
0,50,9,389,2,12,115,826,91,81,61,257,919,111,198,11517,1989,1898,716,576,1009,79,37,102,19,6,14,11,12,67,11244,46,382,12,332,288,681,22,123,5,17,6,12731,15,230,4,24,37,8,29,0,4,6,2,2,12,1,9,10,26,96,2,4,3,36,22,142,3,143,10,29,19,19,5,16,1,1,0,17,17,1,8,57,44,9,1,143,114,22,7,34,1,1,0,0,8,8,13,43,12
6,64,29,178,6,13,24,41,201,749,64,201,269,293,189,113,15,3,40,1027,499,764,1036,42,757,7835,1098,508,56,479,46,32807,6580,4885,24,48,91,1198,43,239,172,222,615,4024,7351,259,17365,30,7,315,1,0,2,2,1,2,2,5,2,29,11,3,2,0,6,5,6,4,8,36,9,116,1,168,4,744,266,6,1,3,368,59,5,6,91,170,6,5,4,308,9,147,708,10,291,4,2,1,4,5
3,70,25,170,4,6,33,776,2681,1456,254,6387,6746,482,320,261,238,113,162,6554,1575,602,3139,64,2968,127,715,161,58,730,382,6580,26757,123,63,125,590,1114,63,9,233,326,1686,719,6669,117,2809,23,7,670,0,2,4,0,1,2,28,36,3,413,7,5,36,23,11,6,18,1,30,452,3,51,7,500,6,8,71,0,2,4,7,182,6,5,178,3,33,17,2,143,2,7,119,1,12,4,0,1,4,0
8,25,22,50,1,14,10,10,52,26,16,12,13,45,33,26,0,0,8,205,25,800,221,36,315,6982,650,12500,304,64,12,4885,123,48902,13,31,86,609,97,11766,178,26,77,9037,947,3856,16968,46,13,8,1,0,0,1,0,0,0,2,2,12,9,2,3,0,0,7,0,0,3,5,5,86,1,50,3,463,125,131,1,1,345,24,5,1,18,1457,12,5,5,68,6,2049,863,57,345,5,2,1,5,2
24,170,53,595,34,1475,1704,17,466,549,106,57,17,369,315,1646,6,1,114,147,118,225,29,613,145,23,84,20,79,394,332,24,63,13,3774,3021,754,23,6967,25,189,70,1208,60,30,3,16,1884,108,66,27,115,182,86,90,180,1,3,3,22,96,5,3,2,274,52,264,2,57,10,8,21,3,14,8,2,3,1,42,6,2,7,160,70,8,1,50,306,29,7,132,0,8,3,4,95,55,14,67,22
1,26,17,100,1,13,124,51,2616,553,175,97,39,104,70,1874,16,12,1668,467,335,251,66,3509,532,79,227,32,94,420,288,48,125,31,3021,7954,2082,54,3649,53,187,102,1092,181,43,8,56,106,15,113,1,14,10,3,3,13,4,11,12,61,116,13,5,5,35,18,268,3,199,35,33,33,16,30,38,1,12,1,31,15,1,17,96,90,8,0,188,272,51,20,52,4,16,4,1,5,5,16,69,39
19,88,55,212,19,64,143,1373,8499,1217,300,708,1537,318,231,678,200,55,980,417,1130,616,171,3242,314,44,2258,455,164,710,681,91,590,86,754,2082,2985,25,5084,448,409,237,2056,371,62,48,103,893,172,252,2,4,17,3,4,13,51,89,26,310,40,2,16,38,31,15,68,20,74,59,27,18,23,19,17,4,4,6,13,5,3,31,44,28,11,4,79,82,14,18,27,16,14,2,5,18,5,4,21,14
1,39,2,92,1,0,19,82,109,70,26,42,41,56,60,98,3,3,25,5452,31,632,908,20,541,5974,165,240,11,37,22,1198,1114,609,23,54,25,11457,22,31,12,11,169,5364,3917,38,732,9,6,20,0,0,2,0,1,5,3,3,0,29,3,0,7,2,7,2,2,0,6,43,1,40,6,366,2,34,184,2,0,1,33,86,5,3,149,16,5,9,3,318,13,11,290,2,42,1,0,2,3,1
59,294,102,425,57,1289,2158,8,606,443,77,25,17,419,261,351,9,4,139,123,142,213,44,3486,514,45,1137,350,159,416,123,43,63,97,6967,3649,5084,22,20804,513,176,61,635,571,30,16,62,8193,362,66,32,131,174,59,85,214,0,2,1,14,112,3,3,0,371,42,273,1,59,15,15,31,5,19,4,9,11,6,43,4,4,7,136,66,8,6,80,317,17,11,149,19,13,0,5,127,55,14,49,22
4,2,9,3,7,8,5,3,106,7,7,3,0,8,6,8,0,0,9,25,5,234,61,127,474,144,4991,14529,139,29,5,239,9,11766,25,53,448,31,513,25503,52,5,14,12679,36,1127,1515,181,30,3,1,0,1,0,0,0,0,0,0,4,9,1,1,0,1,2,4,1,1,3,4,54,3,44,2,309,129,468,3,0,231,8,2,1,9,1499,23,0,0,41,6,4151,576,106,220,2,1,1,3,2
701,1401,2204,903,405,467,371,22,32,10720,140,115,53,1355,669,319,8,3,62,81,381,12943,109,75,31,20,24,390,22762,8163,17,172,233,178,189,187,409,12,176,52,85766,8713,1042,70,103,410,297,48,89,1244,1,10,16,28,7,26,0,6,3,13,34,1,1,0,56,11,84,2,69,6,9,12,5,3,7,1,3,0,8,3,4,5,41,32,3,4,51,92,10,9,30,4,6,0,2,9,8,12,16,10
64,380,338,348,18,43,109,7,26,4795,89,136,57,534,423,111,10,0,24,69,593,514,70,32,26,6,15,26,370,5822,6,222,326,26,70,102,237,11,61,5,8713,8565,1752,23,61,34,208,13,6,7228,1,4,1,3,3,5,2,0,4,8,23,1,0,2,11,4,18,0,31,8,1,2,4,2,2,0,1,0,5,0,0,5,18,5,2,0,24,20,4,2,9,0,3,0,3,2,3,0,5,4
41,515,186,2851,23,78,621,1068,241,2185,230,660,1430,4162,9146,11769,443,477,703,2244,3201,600,181,195,155,86,83,74,275,4555,12731,615,1686,77,1208,1092,2056,169,635,14,1042,1752,55621,76,1747,20,293,218,80,12983,7,36,41,20,18,54,3,10,20,51,183,12,11,4,126,32,321,4,226,42,39,44,29,42,29,2,12,0,55,16,8,16,166,61,21,1,255,321,34,14,87,0,23,1,1,37,33,30,98,33
9,10,13,30,4,9,16,28,411,139,63,60,34,31,17,61,2,1,49,1336,74,1619,1559,219,4691,7322,11476,2475,74,58,15,4024,719,9037,60,181,371,5364,571,12679,70,23,76,53144,935,731,4778,339,75,39,0,1,5,1,3,3,5,8,1,42,23,7,16,4,10,9,8,1,9,46,10,231,5,489,4,1498,677,71,2,3,898,190,11,9,181,905,18,10,7,654,13,1093,1878,37,744,13,3,2,7,6
10,182,71,632,4,11,97,180,187,110,30,142,247,622,683,399,14,8,48,3675,100,542,858,18,527,3654,559,565,40,425,230,7351,6669,947,30,43,62,3917,30,36,103,61,1747,935,12295,54,1270,12,15,184,0,2,10,4,2,2,2,3,4,67,4,1,7,7,7,8,17,1,10,145,2,58,12,653,1,80,206,0,0,1,46,138,4,8,296,26,5,14,3,379,7,20,347,2,46,7,0,1,5,1
20,16,35,22,12,10,6,46,145,183,151,100,26,24,9,16,7,5,23,79,39,4972,3490,7,85,109,118,15013,1136,65,4,259,117,3856,3,8,48,38,16,1127,410,34,20,731,54,13743,8535,8,5,19,1,1,0,0,0,0,1,2,1,12,2,1,2,1,1,1,2,0,1,12,0,9,1,16,1,58,10,27,0,0,37,6,1,1,13,167,5,3,1,13,0,290,97,6,41,2,2,1,0,1
18,26,29,67,3,12,13,66,307,1157,182,198,166,113,39,59,16,8,37,591,549,2424,5689,39,727,2181,990,5092,269,266,24,17365,2809,16968,16,56,103,732,62,1515,297,208,293,4778,1270,8535,33655,41,12,203,0,1,3,0,2,0,2,1,2,41,12,2,4,3,2,3,4,2,4,22,7,111,3,122,3,767,240,49,0,1,480,65,4,4,60,665,6,3,2,230,5,738,1003,21,391,4,1,1,3,4
120,307,285,716,1007,4980,1641,3,268,205,23,17,2,200,141,175,0,1,18,60,24,68,12,263,305,32,415,140,224,127,37,30,23,46,1884,106,893,9,8193,181,48,13,218,339,12,8,41,6910,1274,28,14,60,45,85,90,77,2,0,0,0,7,1,0,0,58,6,27,0,5,1,1,5,0,11,0,0,4,3,4,0,0,2,12,3,2,2,6,38,2,6,10,5,3,0,2,46,16,1,4,2
789,358,353,188,3989,3803,137,2,96,58,2,1,3,10876,180,65,0,0,1,39,3,43,3,60,178,10,115,40,9073,1295,8,7,7,13,108,15,172,6,362,30,89,6,80,75,15,5,12,1274,11056,13,3,8,7,34,20,12,0,0,0,0,5,0,0,0,10,2,3,0,1,1,0,2,0,1,0,0,0,0,2,0,1,0,3,2,2,2,2,6,0,1,3,2,1,0,0,13,9,1,0,1
25,306,172,441,8,22,94,21,45,4640,74,216,157,3262,5316,130,32,2,44,172,1442,301,89,44,43,6,12,18,144,4559,29,315,670,8,66,113,252,20,66,3,1244,7228,12983,39,184,19,203,28,13,17784,0,0,7,3,3,9,0,1,1,10,27,2,0,0,12,2,29,0,26,7,3,8,2,1,4,0,2,0,6,3,2,5,11,7,4,0,22,26,6,3,8,0,3,0,0,2,2,0,12,5
12,56,441,67,2,39,70,0,2,2,0,0,0,40,21,21,0,0,0,1,0,3,0,0,1,0,0,0,1,6,0,1,0,1,27,1,2,0,32,1,1,1,7,0,0,1,0,14,3,0,32408,12000,2806,12893,7045,1214,3,4,3,5,123,2,1,0,8445,123,97,1,7,12,8,303,1,23,6,6,5,39,1073,3,7,19,700,28,41,7,27,78,16,28,33,6,9,40,14,368,8814,212,169,14
46,333,939,435,16,147,368,1,4,20,2,0,0,150,133,90,0,0,6,4,2,13,1,4,3,0,2,0,10,37,4,0,2,0,115,14,4,0,131,0,10,4,36,1,2,1,1,60,8,0,12000,107211,15464,18513,2205,13088,9,8,11,15,937,18,7,2,15805,214,221,1,14,15,30,1322,10,8,13,22,4,50,1160,4,25,42,1369,56,78,38,96,141,112,60,59,10,12,76,38,696,1117,959,1361,136
17,217,155,299,6,116,264,6,23,40,4,2,6,218,151,129,0,0,9,27,4,20,5,0,9,1,3,1,9,69,6,2,4,0,182,10,17,2,174,1,16,1,41,5,10,0,3,45,7,7,2806,15464,44383,1333,549,13268,45,148,114,99,900,23,23,25,27293,5078,8481,29,250,255,53,539,7,62,68,104,6,25,360,84,93,277,868,905,689,70,168,945,188,449,267,10,32,32,59,848,974,360,1081,211
175,322,3443,348,245,1435,597,0,0,26,1,1,1,113,69,46,0,0,0,1,0,22,0,1,3,1,1,0,16,39,2,2,0,1,86,3,3,0,59,0,28,3,20,1,4,0,0,85,34,3,12893,18513,1333,43596,19743,20194,1,1,4,10,194,3,1,2,353,57,205,0,10,13,5,269,1,28,5,1,5,18,445,1,13,19,448,34,27,11,37,294,20,30,35,5,9,20,8,803,1078,184,235,41
40,215,322,284,19,391,548,0,2,10,0,1,0,98,81,53,0,0,0,7,0,7,1,2,3,0,0,0,9,16,2,1,1,0,90,3,4,1,85,0,7,3,18,3,2,0,2,90,20,3,7045,2205,549,19743,22281,7372,2,1,4,60,113,3,2,2,861,54,207,0,11,19,8,56,34,214,12,7,62,5,110,3,11,14,107,64,12,10,145,1016,22,25,495,51,53,2,8,3278,3888,33,62,18
63,387,478,682,15,489,837,1,10,37,1,1,3,188,174,126,0,0,4,10,3,14,0,5,5,1,0,0,9,67,12,2,2,0,180,13,13,5,214,0,26,5,54,3,2,0,0,77,12,9,1214,13088,13268,20194,7372,24633,7,10,17,56,775,33,9,6,1869,285,3789,6,47,60,45,378,20,28,25,36,8,13,220,18,34,91,598,312,219,22,111,3331,129,116,682,6,17,17,30,1914,253,300,780,156
0,0,0,2,0,1,0,126,321,3,4,18,95,1,2,0,5,3,6,57,5,16,5,3,11,0,7,0,0,2,1,2,28,0,1,4,51,3,0,0,0,2,3,5,2,1,2,2,0,0,3,9,45,1,2,7,2939,4700,359,1738,8,20,283,2980,130,97,468,381,436,1230,17,67,60,64,52,4,23,1,2,194,12,2254,32,338,191,3,289,10,25,15,3,4,13,8,24,1,14,0,3,2
0,0,0,3,0,0,0,157,475,10,10,26,91,1,0,10,14,7,47,61,17,29,9,10,13,3,5,0,1,4,9,5,36,2,3,11,89,3,2,0,6,0,10,8,3,2,1,0,0,1,4,8,148,1,1,10,4700,19314,3879,7936,30,203,753,2659,157,149,686,4570,1847,2141,247,325,93,107,127,13,25,17,6,687,37,1077,13,507,552,27,679,21,17,115,6,5,43,61,158,5,8,2,7,4
0,2,1,2,0,1,1,13,67,26,6,9,6,2,2,11,5,10,62,12,36,9,1,6,4,0,1,1,2,9,10,2,3,2,3,12,26,0,1,0,3,4,20,1,4,1,2,0,0,1,3,11,114,4,4,17,359,3879,1708,1309,48,182,366,486,164,109,803,2064,2777,125,458,273,35,18,387,5,12,11,3,1088,27,387,14,404,172,20,260,28,25,28,4,3,17,21,70,2,8,7,7,6
0,3,1,8,0,2,3,753,2945,44,39,141,571,9,9,48,45,18,142,1144,61,192,110,45,364,17,98,3,5,23,26,29,413,12,22,61,310,29,14,4,13,8,51,42,67,12,41,0,0,10,5,15,99,10,60,56,1738,7936,1309,22110,188,545,2172,2457,63,73,520,800,4617,4569,506,1443,5015,4730,127,67,940,92,10,113,116,3453,34,173,720,109,5455,1153,64,371,610,45,231,178,519,178,65,8,41,24
2,10,9,31,2,6,35,13,31,80,15,11,13,64,29,130,5,12,126,21,60,28,1,23,4,2,0,4,13,103,96,11,7,9,96,116,40,3,112,9,34,23,183,23,4,2,12,7,5,27,123,937,900,194,113,775,8,30,48,188,30420,5719,927,50,947,695,1339,86,840,51,4296,3178,242,53,471,57,54,184,371,65,151,255,817,416,73,208,1733,937,1621,67,591,43,143,288,737,327,100,14823,15130,5331
0,0,0,2,0,0,0,10,20,8,0,2,5,0,0,2,2,4,15,6,4,7,2,3,2,1,3,1,0,4,2,3,5,2,5,13,2,0,3,1,1,1,12,7,1,1,2,1,0,2,2,18,23,3,3,33,20,203,182,545,5719,6070,4167,149,39,45,139,212,334,86,3024,6489,34,97,274,14,26,26,21,55,22,269,38,43,35,24,219,74,157,31,28,6,65,113,239,12,1,47,143,169
0,0,0,0,0,0,1,54,179,3,4,14,35,2,1,6,1,0,17,127,5,15,3,3,36,4,10,0,0,2,4,2,36,3,3,5,16,7,3,1,1,0,11,16,7,2,4,0,0,0,1,7,23,1,2,9,283,753,366,2172,927,4167,14554,8901,48,93,213,4660,358,741,5490,6074,58,545,1209,14,69,30,11,862,55,5202,26,377,141,42,435,29,414,52,16,8,83,148,404,9,2,8,60,157
0,0,0,3,0,0,0,101,251,4,5,11,65,0,2,5,7,1,12,83,3,16,6,4,28,3,8,1,1,2,3,0,23,0,2,5,38,2,0,0,0,2,4,4,7,1,3,0,0,0,0,2,25,2,2,6,2980,2659,486,2457,50,149,8901,12666,56,84,514,5129,444,1109,591,317,84,197,482,8,53,3,4,816,18,5027,26,462,136,6,588,16,120,20,3,2,28,21,63,1,10,0,5,24
25,273,123,338,11,61,269,1,35,102,7,2,4,403,280,260,0,0,13,45,10,37,1,10,17,3,9,2,27,166,36,6,11,0,274,35,31,7,371,1,56,11,126,10,7,1,2,58,10,12,8445,15805,27293,353,861,1869,130,157,164,63,947,39,48,56,80585,14004,1496,73,147,378,111,754,22,128,194,317,28,99,5197,114,482,1245,13248,2156,1929,343,395,1009,1178,697,680,38,68,108,345,799,15149,663,1487,624
1,16,11,37,1,6,36,7,21,28,7,5,3,52,16,63,0,0,15,25,7,11,2,4,7,8,2,0,9,56,22,5,6,7,52,18,15,2,42,2,11,4,32,9,8,1,3,6,2,2,123,214,5078,57,54,285,97,149,109,73,695,45,93,84,14004,35086,2727,66,227,240,213,615,24,117,454,194,35,126,1376,172,508,1241,7974,11599,1110,330,466,374,6257,297,224,36,65,114,556,164,600,552,4640,5703
13,58,37,104,4,20,98,28,56,89,21,12,15,187,70,361,2,1,88,78,43,69,5,21,15,0,7,5,38,282,142,6,18,0,264,268,68,2,273,4,84,18,321,8,17,2,4,27,3,29,97,221,8481,205,207,3789,468,686,803,520,1339,139,213,514,1496,2727,31362,707,6517,592,359,359,97,218,1076,83,30,14,111,4193,157,1147,361,9194,1224,62,1388,3789,432,383,469,9,41,10,106,388,113,88,393,180
0,0,0,0,0,0,0,13,62,6,4,8,4,1,0,3,8,4,35,3,8,13,0,4,3,1,1,0,0,0,3,4,1,0,2,3,20,0,1,1,2,0,4,1,1,0,2,0,0,0,1,1,29,0,0,6,381,4570,2064,800,86,212,4660,5129,73,66,707,9380,1074,56,4031,297,57,31,1778,7,6,8,5,4044,19,599,22,466,54,11,398,38,140,13,5,1,19,12,76,2,6,2,11,36
0,3,3,17,2,2,5,50,160,148,40,46,42,16,7,162,16,16,249,71,123,54,6,37,19,0,7,1,26,87,143,8,30,3,57,199,74,6,59,1,69,31,226,9,10,1,4,5,1,26,7,14,250,10,11,47,436,1847,2777,4617,840,334,358,444,147,227,6517,1074,9937,705,972,389,2087,421,878,32,52,6,26,1547,53,712,99,950,593,27,1652,4260,249,175,494,19,68,20,91,20,18,34,131,86
0,4,3,12,0,0,4,332,1769,17,13,102,323,14,11,19,4,3,34,1531,22,185,104,12,628,8,57,8,7,15,10,36,452,5,10,35,59,43,15,3,6,8,42,46,145,12,22,1,1,7,12,15,255,13,19,60,1230,2141,125,4569,51,86,741,1109,378,240,592,56,705,16558,62,866,122,1915,57,143,307,7,9,81,165,9938,63,402,3945,73,280,121,32,2939,43,10,190,19,208,29,44,8,22,4
0,2,1,1,0,0,1,15,51,33,9,14,9,9,2,22,8,10,78,15,35,10,1,10,3,2,1,0,0,11,29,9,3,5,8,33,27,1,15,4,9,1,39,10,2,0,7,1,0,3,8,30,53,5,8,45,17,247,458,506,4296,3024,5490,591,111,213,359,4031,972,62,10288,1524,234,48,5886,23,37,87,36,1639,115,600,193,348,59,137,1103,191,1421,29,71,24,57,143,602,20,13,59,476,1566
0,2,15,8,0,6,7,25,114,14,3,8,10,22,7,41,2,0,16,133,11,45,31,11,132,92,80,12,6,26,19,116,51,86,21,33,18,40,31,54,12,2,44,231,58,9,111,5,2,8,303,1322,539,269,56,378,67,325,273,1443,3178,6489,6074,317,754,615,359,297,389,866,1524,41217,86,2659,592,494,1004,1737,2646,187,699,6478,1081,370,1495,1083,413,205,534,1889,174,406,2798,9538,10016,116,69,2144,1072,446
0,1,1,1,0,0,0,23,99,32,5,11,18,4,2,10,2,10,74,31,32,8,4,9,23,1,4,0,1,10,19,1,7,1,3,16,23,6,5,3,5,4,29,5,12,1,3,0,0,2,1,10,7,1,34,20,60,93,35,5015,242,34,58,84,22,24,97,57,2087,122,234,86,2728,1549,105,16,296,10,7,51,21,124,42,41,29,11,2611,1848,66,37,804,140,84,8,25,144,32,18,72,59
2,5,2,22,0,1,2,54,980,13,6,62,98,10,18,24,3,1,15,1665,12,191,246,36,2450,58,645,19,4,16,5,168,500,50,14,30,19,366,19,44,3,2,42,489,653,16,122,11,1,1,23,8,62,28,214,28,64,107,18,4730,53,97,545,197,128,117,218,31,421,1915,48,2659,1549,14671,63,341,9342,70,28,49,527,5005,57,125,1111,303,893,649,61,1335,1280,1441,2936,60,803,616,265,8,24,26
0,1,2,2,0,0,1,13,15,30,5,6,2,3,1,21,1,2,34,12,27,4,0,1,3,2,0,0,6,15,16,4,6,3,8,38,17,2,4,2,7,2,29,4,1,1,3,0,0,4,6,13,68,5,12,25,52,127,387,127,471,274,1209,482,194,454,1076,1778,878,57,5886,592,105,63,8567,24,28,44,40,2527,152,1064,250,1356,147,98,754,188,6635,35,104,7,42,52,475,24,21,27,252,1420
0,0,1,1,0,0,0,1,9,8,3,4,1,3,2,0,0,1,1,25,0,83,95,3,98,549,190,62,5,1,1,744,8,463,2,1,4,34,9,309,1,0,2,1498,80,58,767,0,0,0,6,22,104,1,7,36,4,13,5,67,57,14,14,8,317,194,83,7,32,143,23,494,16,341,24,15574,1079,67,50,11,8788,1103,172,129,3378,6979,115,18,41,10036,70,361,8939,84,1067,38,56,14,38,48
0,0,0,5,1,0,2,10,156,4,1,6,15,4,3,7,1,0,1,164,4,76,92,10,408,188,494,98,4,8,1,266,71,125,3,12,4,184,11,129,3,1,12,677,206,10,240,4,0,2,5,4,6,5,62,8,23,25,12,940,54,26,69,53,28,35,30,6,52,307,37,1004,296,9342,28,1079,13152,621,13,11,1212,822,25,32,444,588,1759,108,24,958,671,7499,5559,88,929,289,50,10,17,25
0,0,1,1,0,1,0,1,0,0,0,0,1,0,0,0,0,1,0,1,0,5,0,1,5,5,40,959,1,0,0,6,0,131,1,1,6,2,6,468,0,0,0,71,0,27,49,3,0,0,39,50,25,18,5,13,1,17,11,92,184,26,30,3,99,126,14,8,6,7,87,1737,10,70,44,67,621,41433,694,6,77,38,262,20,23,12117,178,12,95,62,56,11764,252,19145,1535,32,31,335,131,81
0,9,18,19,1,2,13,3,5,13,3,3,1,27,22,45,0,0,10,1,2,6,1,4,1,0,3,2,6,41,17,1,2,1,42,31,13,0,43,3,8,5,55,2,0,0,0,4,2,6,1073,1160,360,445,110,220,2,6,3,10,371,21,11,4,5197,1376,111,5,26,9,36,2646,7,28,40,50,13,694,133567,7,78,121,31838,256,139,237,204,125,315,40,112,78,33,1147,189,81,7603,20033,1634,267
0,0,0,2,0,0,1,4,18,12,3,4,0,3,0,16,1,0,13,12,6,5,0,4,3,1,2,1,2,5,17,3,4,1,6,15,5,1,4,0,3,0,16,3,1,0,1,0,0,3,3,4,84,1,3,18,194,687,1088,113,65,55,862,816,114,172,4193,4044,1547,81,1639,187,51,49,2527,11,11,6,7,3680,64,963,40,1879,213,24,281,97,407,31,35,4,21,7,119,12,11,2,20,55
0,0,1,1,0,0,1,1,9,4,0,4,2,0,2,1,0,0,2,20,3,69,70,2,59,344,123,61,2,2,1,368,7,345,2,1,3,33,4,231,4,0,8,898,46,37,480,0,1,2,7,25,93,13,11,34,12,37,27,116,151,22,55,18,482,508,157,19,53,165,115,699,21,527,152,8788,1212,77,78,64,20763,3099,363,300,3239,7513,165,20,229,1910,73,442,3562,129,9910,52,77,41,138,155
0,3,0,11,0,0,1,125,656,11,10,53,140,4,6,18,3,3,13,629,14,109,78,9,351,52,119,4,1,7,8,59,182,24,7,17,31,86,7,8,5,5,16,190,138,6,65,2,0,5,19,42,277,19,14,91,2254,1077,387,3453,255,269,5202,5027,1245,1241,1147,599,712,9938,600,6478,124,5005,1064,1103,822,38,121,963,3099,31081,589,1672,21353,363,488,121,835,3442,83,53,1855,107,7428,36,129,51,196,270
2,24,24,33,0,1,45,6,7,62,5,4,4,109,38,162,3,3,21,16,15,36,3,20,4,4,7,0,15,165,57,5,6,5,160,96,44,5,136,2,41,18,166,11,4,1,4,12,3,11,700,1369,868,448,107,598,32,13,14,34,817,38,26,26,13248,7974,361,22,99,63,193,1081,42,57,250,172,25,262,31838,40,363,589,71942,1017,596,342,708,422,1872,163,410,57,54,409,427,239,1288,8935,16784,2060
4,13,12,15,0,2,17,14,37,48,4,4,7,51,19,118,1,6,26,35,14,32,2,10,13,4,7,0,20,97,44,6,5,1,70,90,28,3,66,1,32,5,61,9,8,1,4,3,2,7,28,56,905,34,64,312,338,507,404,173,416,43,377,462,2156,11599,9194,466,950,402,348,370,41,125,1356,129,32,20,256,1879,300,1672,1017,12975,1367,117,1072,713,4176,316,366,3,70,35,325,223,179,110,502,541
0,1,0,6,0,2,7,19,262,12,9,28,21,11,6,15,1,1,24,629,11,79,93,12,738,58,216,3,1,14,9,91,178,18,8,8,11,149,8,9,3,2,21,181,296,13,60,2,2,4,41,78,689,27,12,219,191,552,172,720,73,35,141,136,1929,1110,1224,54,593,3945,59,1495,29,1111,147,3378,444,23,139,213,3239,21353,596,1367,15184,568,137,55,170,5966,28,38,666,38,836,22,191,31,92,62
1,0,1,0,0,1,1,0,10,2,2,2,0,1,0,1,0,1,1,16,0,35,21,3,29,129,113,309,3,2,1,170,3,1457,1,0,4,16,6,1499,4,0,1,905,26,167,665,2,2,0,7,38,70,11,10,22,3,27,20,109,208,24,42,6,343,330,62,11,27,73,137,1083,11,303,98,6979,588,12117,237,24,7513,363,342,117,568,48030,72,19,169,2213,49,6733,5500,7686,9778,36,55,124,175,144
1,5,7,11,1,1,9,76,243,142,17,58,58,25,19,107,13,4,122,48,170,38,13,56,17,3,5,9,17,57,143,6,33,12,50,188,79,5,80,23,51,24,255,18,5,5,6,6,2,22,27,96,168,37,145,111,289,679,260,5455,1733,219,435,588,395,466,1388,398,1652,280,1103,413,2611,893,754,115,1759,178,204,281,165,488,708,1072,137,72,3443,2574,1011,103,2848,994,215,49,154,737,197,176,925,632
10,126,58,192,3,33,175,19,36,132,15,10,13,256,151,372,1,5,73,42,33,84,4,23,17,2,11,3,44,322,114,5,17,5,306,272,82,9,317,0,92,20,321,10,14,3,3,38,6,26,78,141,945,294,1016,3331,10,21,28,1153,937,74,29,16,1009,374,3789,38,4260,121,191,205,1848,649,188,18,108,12,125,97,20,121,422,713,55,19,2574,13659,314,95,7111,58,128,9,36,3529,282,115,445,189
0,3,2,8,1,1,4,6,9,21,2,2,2,15,2,39,2,3,34,11,14,12,5,5,6,3,2,1,9,35,22,4,2,5,29,51,14,3,17,0,10,4,34,7,3,1,2,2,0,6,16,112,188,20,22,129,25,17,25,64,1621,157,414,120,1178,6257,432,140,249,32,1421,534,66,61,6635,41,24,95,315,407,229,835,1872,4176,170,169,1011,314,11996,50,227,21,40,102,524,83,106,260,2631,5595
1,5,2,11,0,0,4,8,164,12,6,11,14,6,6,14,1,0,6,371,7,115,173,16,861,220,565,25,1,7,7,308,143,68,7,20,18,318,11,41,9,2,14,654,379,13,230,6,1,3,28,60,449,30,25,116,15,115,28,371,67,31,52,20,697,297,383,13,175,2939,29,1889,37,1335,35,10036,958,62,40,31,1910,3442,163,316,5966,2213,103,95,50,22116,112,230,7303,69,1085,90,92,17,44,26
3,45,14,73,2,7,71,1,13,49,6,6,2,127,87,135,0,1,12,16,7,32,1,6,14,6,10,3,21,125,34,9,2,6,132,52,27,13,149,6,30,9,87,13,7,0,5,10,3,8,33,59,267,35,495,682,3,6,4,610,591,28,16,3,680,224,469,5,494,43,71,174,804,1280,104,70,671,56,112,35,73,83,410,366,28,49,2848,7111,227,112,10674,551,252,13,82,6238,331,62,272,175
1,0,2,0,0,0,0,0,13,2,0,1,1,1,0,0,0,0,0,9,1,36,15,6,39,134,227,2093,13,1,1,147,7,2049,0,4,16,11,19,4151,4,0,0,1093,20,290,738,5,2,0,6,10,10,5,51,6,4,5,3,45,43,6,8,2,38,36,9,1,19,10,24,406,140,1441,7,361,7499,11764,78,4,442,53,57,3,38,6733,994,58,21,230,551,41154,7974,1425,873,260,55,42,34,16
0,2,2,7,1,1,2,5,111,17,4,12,5,7,3,6,1,1,6,188,8,151,189,18,574,606,700,163,5,4,1,708,119,863,8,16,14,290,13,576,6,3,23,1878,347,97,1003,3,1,3,9,12,32,9,53,17,13,43,17,231,143,65,83,28,68,65,41,19,68,190,57,2798,84,2936,42,8939,5559,252,33,21,3562,1855,54,70,666,5500,215,128,40,7303,252,7974,27394,383,2894,156,71,16,46,38
0,0,3,1,0,0,0,0,2,1,0,0,2,2,0,1,0,0,1,2,1,2,1,0,2,8,6,36,0,1,0,10,1,57,3,4,2,2,0,106,0,0,1,37,2,6,21,0,0,0,40,76,32,20,2,17,8,61,21,178,288,113,148,21,108,114,10,12,20,19,143,9538,8,60,52,84,88,19145,1147,7,129,107,409,35,38,7686,49,9,102,69,13,1425,383,21125,13012,9,27,753,192,99
0,0,2,1,1,0,1,5,21,6,1,3,2,2,2,5,2,0,6,36,2,48,43,1,75,256,118,46,2,4,0,291,12,345,4,1,5,42,5,220,2,3,1,744,46,41,391,2,0,0,14,38,59,8,8,30,24,158,70,519,737,239,404,63,345,556,106,76,91,208,602,10016,25,803,475,1067,929,1535,189,119,9910,7428,427,325,836,9778,154,36,524,1085,82,873,2894,13012,32928,45,50,137,309,437
37,158,116,224,13,102,208,1,6,21,0,1,1,121,96,85,0,0,2,7,2,15,2,3,8,1,3,3,11,35,8,4,4,5,95,5,18,1,127,2,9,2,37,13,7,2,4,46,13,2,368,696,848,803,3278,1914,1,5,2,178,327,12,9,1,799,164,388,2,20,29,20,116,144,616,24,38,289,32,81,12,52,36,239,223,22,36,737,3529,83,90,6238,260,156,9,45,7244,771,59,207,84
3,35,50,44,6,26,55,0,4,27,1,0,1,54,29,32,0,0,1,6,1,9,2,4,3,1,2,2,6,44,8,2,0,2,55,5,5,0,55,1,8,3,33,3,0,2,1,16,9,2,8814,1117,974,1078,3888,253,14,8,8,65,100,1,2,10,15149,600,113,6,18,44,13,69,32,265,21,56,50,31,7603,11,77,129,1288,179,191,55,197,282,106,92,331,55,71,27,50,771,30405,85,105,54
1,3,14,11,1,3,4,1,2,12,0,2,1,9,5,22,1,1,7,3,4,5,0,3,1,1,0,0,1,26,13,1,1,1,14,16,4,2,14,1,12,0,30,2,1,1,1,1,1,0,212,959,360,184,33,300,0,2,7,8,14823,47,8,0,663,552,88,2,34,8,59,2144,18,8,27,14,10,335,20033,2,41,51,8935,110,31,124,176,115,260,17,62,42,16,753,137,59,85,44565,6447,416
0,10,10,20,0,1,15,1,12,35,7,6,3,39,20,83,0,1,37,6,25,21,1,11,3,1,0,1,13,73,43,4,4,5,67,69,21,3,49,3,16,5,98,7,5,0,3,4,0,12,169,1361,1081,235,62,780,3,7,7,41,15130,143,60,5,1487,4640,393,11,131,22,476,1072,72,24,252,38,17,131,1634,20,138,196,16784,502,92,175,925,445,2631,44,272,34,46,192,309,207,105,6447,25067,8217
1,1,4,7,1,1,9,4,12,22,2,1,2,14,4,23,1,1,25,3,8,11,1,2,3,5,0,0,5,25,12,5,0,2,22,39,14,1,22,2,10,4,33,6,1,1,4,2,1,5,14,136,211,41,18,156,2,4,6,24,5331,169,157,24,624,5703,180,36,86,4,1566,446,59,26,1420,48,25,81,267,55,155,270,2060,541,62,144,632,189,5595,26,175,16,38,99,437,84,54,416,8217,5945
