20119,10827,16911,3169,12155,1358,587,9,6,139,4,5,6,15035,775,293,0,1,10,12,16,779,5,3,4,4,4,109,1090,452,24,21,17,22,43,22,20,10,19,10,1023,90,253,15,25,40,23,37,2722,25,7,277,15,338,9,66,0,0,1,1,1,0,0,0,12,6,18,0,4,1,1,5,0,1,1,0,1,0,3,3,0,1,7,7,0,0,13,44,2,1,13,0,3,1,0,35,5,0,1,2
10827,28568,18607,14657,1627,576,1146,11,3,366,11,10,4,5300,4918,306,0,0,5,5,16,1579,2,1,4,0,2,84,552,416,26,20,19,18,109,23,50,2,30,3,1630,278,125,10,15,41,31,112,586,43,38,251,62,98,72,355,0,0,1,3,9,0,0,0,44,9,64,1,16,0,2,3,3,2,1,0,1,0,11,5,0,0,17,16,2,0,34,107,0,0,54,0,2,0,1,165,15,6,2,1
16911,18607,43589,12567,8428,10341,10257,5,6,180,3,3,5,952,394,113,0,1,3,2,10,1120,3,0,0,5,0,93,594,343,27,14,12,23,104,21,42,1,47,9,1208,170,69,8,9,32,26,220,442,21,76,1436,67,3040,184,1006,0,0,0,1,11,0,1,0,54,14,85,1,10,0,0,6,1,1,5,0,3,3,17,8,0,0,21,15,0,0,40,151,1,0,48,0,1,1,0,259,9,3,0,1
3169,14657,12567,32310,1772,3558,15088,36,37,1391,43,36,5,3171,7746,8776,8,1,70,50,37,1503,20,26,32,10,9,40,482,366,175,33,35,23,389,201,168,25,120,7,1503,432,783,48,53,20,44,727,593,68,95,594,133,261,245,1116,1,2,3,11,31,2,0,0,114,36,166,4,72,3,3,13,14,17,4,0,9,2,35,31,0,1,34,57,6,1,97,322,7,5,149,3,2,2,0,621,42,10,10,3
12155,1627,8428,1772,18547,20296,2173,5,7,73,4,4,2,3071,566,261,0,0,7,1,5,180,3,0,9,0,14,62,564,155,28,14,5,10,76,22,18,8,37,6,291,43,167,10,12,17,4,248,4478,10,11,76,4,353,18,97,0,1,0,2,0,0,0,0,10,3,8,0,4,0,1,2,3,1,0,1,2,0,3,2,1,1,3,5,0,0,7,17,1,0,11,1,2,1,1,27,2,0,1,0
1358,576,10341,3558,20296,21244,19351,1,3,37,6,3,2,152,153,149,0,0,2,1,2,57,0,9,11,0,40,14,260,38,14,1,1,6,548,33,54,1,129,23,67,3,98,18,7,4,5,3957,3345,3,114,138,15,2432,124,494,0,0,0,1,1,0,0,0,11,0,10,1,3,0,0,4,0,1,0,0,0,0,2,1,0,0,2,5,0,0,13,24,1,0,13,0,2,0,0,146,11,0,0,0
587,1146,10257,15088,2173,19351,23599,8,9,571,17,12,2,376,600,2402,2,1,15,13,28,430,4,37,15,2,17,16,155,86,24,9,8,7,1930,202,285,5,345,19,351,112,97,19,4,12,11,4214,425,22,83,642,191,585,257,1829,1,1,4,15,18,1,1,0,109,38,148,0,54,5,6,11,5,8,6,0,3,2,41,29,0,0,29,50,3,1,142,333,6,4,140,3,8,1,0,754,39,19,6,3
9,11,5,36,5,1,8,33859,5178,485,1478,3130,9849,678,548,1281,2435,3339,1374,5417,468,4347,501,56,300,51,24,141,114,270,2879,149,2765,82,7,78,343,299,47,16,137,105,1937,293,912,407,540,1,18,220,1,0,5,0,1,3,115,151,56,1132,58,20,24,36,7,7,18,63,158,324,74,43,176,288,26,2,38,2,3,48,3,49,8,8,113,3,325,76,9,35,47,6,33,3,8,2,4,6,16,5
6,3,6,37,7,3,9,5178,53679,369,523,1940,1722,27,48,366,433,51,3323,4659,285,1443,272,6910,7899,37,2477,92,30,23,179,119,1365,77,46,798,6145,85,207,141,48,28,224,942,156,171,313,53,13,17,1,4,19,0,2,8,372,649,128,5689,100,46,114,202,11,22,57,146,268,2046,120,181,601,2708,40,23,753,1,8,79,11,374,24,57,657,14,2158,130,4,317,82,13,292,13,29,4,7,7,11,6
139,366,180,1391,73,37,571,485,369,33457,4822,3214,172,552,1234,2826,225,49,657,244,3575,7729,889,93,126,25,13,105,482,236,1201,685,1464,99,274,860,177,83,326,15,8718,5032,4396,292,158,326,1747,66,49,3299,5,13,10,4,3,18,1,16,19,106,21,3,0,0,9,9,42,13,151,14,22,27,80,19,20,3,9,0,17,44,1,6,28,23,10,3,165,110,19,6,42,6,23,0,4,6,6,11,9,6
4,11,3,43,4,6,17,1478,523,4822,4351,7911,339,60,74,887,353,97,692,412,1214,4820,917,40,62,10,8,26,23,17,325,28,309,11,17,198,53,36,39,2,109,85,400,104,48,206,251,2,9,27,0,1,3,0,0,1,2,9,7,68,8,4,2,1,1,0,5,8,25,16,9,8,21,18,5,1,1,0,3,12,0,6,2,5,2,1,33,9,7,4,6,1,7,0,1,1,1,0,1,2
5,10,3,36,4,3,12,3130,1940,3214,7911,17917,4760,68,53,526,6484,946,757,1864,6552,4631,3265,60,995,9,43,38,54,161,1091,73,4942,28,13,210,129,137,47,4,361,450,1013,237,278,243,422,0,2,175,0,1,0,0,1,3,9,34,15,195,11,4,3,6,2,6,11,15,50,67,13,14,62,139,9,5,28,0,3,14,2,14,3,3,35,2,118,20,1,15,8,1,25,0,0,1,1,2,2,0
6,4,5,5,2,2,2,9849,1722,172,339,4760,26980,472,283,409,6688,1600,237,896,468,716,208,22,118,7,3,22,78,501,1719,42,5071,9,7,47,130,17,17,4,163,211,1479,44,176,56,130,2,12,469,0,0,1,0,0,0,36,48,6,332,0,1,4,9,0,0,1,4,12,116,4,11,26,104,6,1,14,1,0,5,0,16,3,1,26,0,117,7,0,10,2,0,6,0,0,0,1,0,0,0
15035,5300,952,3171,3071,152,376,678,27,552,60,68,472,62137,15404,995,15,43,120,514,77,1023,59,14,62,122,35,276,6262,19707,295,913,821,243,168,178,134,313,130,34,1942,455,5020,196,2498,113,424,85,12546,1011,22,90,56,22,25,127,0,2,7,16,30,1,2,2,75,40,149,1,131,12,7,30,25,65,18,10,15,1,37,74,2,11,65,112,37,1,74,271,18,24,108,3,27,3,4,41,22,28,9,6
775,4918,394,7746,566,153,600,548,48,1234,74,53,283,15404,25745,2545,16,18,162,347,81,1643,37,14,55,62,12,112,1299,3118,374,228,343,92,124,159,96,166,56,22,2605,1090,10397,97,906,54,141,80,768,6402,11,62,34,15,15,73,1,3,3,15,11,2,3,1,42,15,74,2,70,7,10,19,16,38,3,2,6,2,27,30,2,6,40,44,14,0,36,146,8,15,48,2,25,0,1,30,15,11,5,0
293,306,113,8776,261,149,2402,1281,366,2826,887,526,409,995,2545,18666,398,686,3227,776,685,1466,103,74,284,41,48,54,228,300,9916,101,342,88,1006,2459,363,162,236,23,595,239,7311,238,213,45,141,594,202,144,62,245,109,32,72,286,5,28,27,126,70,10,10,3,165,83,268,13,346,40,29,59,91,63,73,4,12,6,82,146,2,27,131,219,31,4,266,526,75,17,187,4,31,6,6,170,34,48,38,20
0,0,0,8,0,0,2,2435,433,225,353,6484,6688,15,16,398,6157,3392,420,75,3047,245,193,28,26,1,1,2,13,33,2187,16,891,4,10,102,49,10,34,1,38,60,552,15,28,10,56,0,0,44,1,0,1,0,0,0,3,14,10,99,17,4,0,1,1,1,4,14,34,10,11,7,32,16,1,0,3,1,3,8,0,2,3,0,1,0,70,12,2,1,7,0,2,0,0,0,0,2,4,0
1,0,1,1,0,0,1,3339,51,49,97,946,1600,43,18,686,3392,2859,648,30,286,131,40,7,12,1,1,3,6,12,3388,18,483,3,0,18,26,4,17,0,9,10,223,5,55,2,26,0,0,14,0,0,2,0,0,0,4,14,11,60,11,5,2,0,2,1,3,13,40,6,17,7,21,7,7,0,1,1,1,12,0,3,3,2,1,0,36,16,2,3,9,0,0,0,1,0,0,2,2,1
10,5,3,70,7,2,15,1374,3323,657,692,757,237,120,162,3227,420,648,6909,926,517,1125,157,556,762,16,206,29,71,69,1327,57,277,24,33,3316,584,51,119,16,145,51,864,323,70,54,94,13,11,60,3,2,8,0,0,8,16,85,76,506,128,44,19,9,10,22,73,59,432,90,114,69,219,217,82,6,61,3,34,116,3,35,42,36,50,2,507,195,34,47,124,4,65,1,7,7,13,12,42,13
12,5,2,50,1,1,13,5417,4659,244,412,1864,896,514,347,776,75,30,926,25356,107,2040,1461,91,1733,320,230,134,141,334,893,941,6177,340,13,312,144,5630,30,26,206,164,1068,1780,2603,280,1052,6,24,155,5,3,24,1,1,4,101,88,15,862,13,7,70,65,20,31,45,6,75,906,18,161,174,2421,11,26,300,0,15,40,8,434,12,51,700,10,194,43,5,456,28,7,266,8,15,4,6,7,9,4
16,16,10,37,5,2,28,468,285,3575,1214,6552,468,77,81,685,3047,286,517,107,8923,519,313,73,43,3,4,24,110,299,814,116,756,12,60,508,106,25,188,4,757,1642,1679,40,82,30,248,7,4,1720,1,2,1,0,1,5,4,17,16,126,17,8,8,1,2,5,27,20,114,10,24,15,78,17,19,1,3,0,8,30,0,6,13,11,3,0,125,61,5,7,21,0,4,0,0,2,3,7,6,0
779,1579,1120,1503,180,57,430,4347,1443,7729,4820,4631,716,1023,1643,1466,245,131,1125,2040,519,27315,3708,69,865,398,143,808,4823,420,642,532,1162,629,117,469,105,493,169,174,12479,994,1819,3211,505,6539,2206,29,82,576,4,7,13,11,4,26,10,13,6,86,14,7,3,0,17,13,29,7,115,49,8,29,33,108,16,25,55,11,7,36,13,18,19,29,38,37,71,77,16,38,33,45,161,0,14,10,3,6,7,2
5,2,3,20,3,0,4,501,272,889,917,3265,208,59,37,103,193,40,157,1461,313,3708,8839,33,1487,349,294,167,152,124,99,324,2260,234,3,70,12,723,16,61,258,186,187,3859,484,5076,6172,3,7,45,0,0,0,1,1,0,7,2,2,20,0,0,3,0,4,3,0,3,7,22,0,19,6,110,0,36,102,4,3,3,14,23,1,6,69,14,2,2,0,81,0,17,191,3,8,0,0,0,1,1
3,1,0,26,0,9,37,56,6910,93,40,60,22,14,14,74,28,7,556,91,73,69,33,4877,1293,8,2260,33,26,21,51,48,38,30,239,4448,3117,10,4413,345,31,10,73,748,13,15,59,159,12,12,4,3,4,0,1,3,24,66,48,486,46,9,12,7,3,4,26,23,186,124,47,42,136,256,32,17,111,4,10,36,10,24,13,10,56,8,577,62,6,60,32,11,143,1,11,2,3,6,13,7
4,4,0,32,9,11,15,300,7899,126,62,995,118,62,55,284,26,12,762,1733,43,865,1487,1293,8421,138,4693,82,56,126,101,671,2518,215,71,678,240,294,351,199,108,78,171,3826,591,241,885,214,20,23,5,8,21,0,6,15,27,33,13,402,23,5,49,27,64,65,64,8,72,694,13,335,191,5400,12,176,1483,12,13,47,69,679,43,80,1364,44,142,55,9,1173,28,38,1491,14,74,9,12,12,15,7
4,0,5,10,0,0,2,51,37,25,10,9,7,122,62,41,1,1,16,320,3,398,349,8,138,11921,92,89,92,72,52,10902,104,9233,1,12,7,5192,0,121,55,30,145,6721,919,312,3002,2,10,10,0,0,0,0,3,1,1,0,1,6,6,1,1,0,1,5,1,2,2,4,2,90,2,51,1,291,257,11,3,3,133,27,8,2,55,105,5,7,3,136,3,117,1251,18,150,1,0,1,3,2
4,2,0,9,14,40,17,24,2477,13,8,43,3,35,12,48,1,1,206,230,4,143,294,2260,4693,92,13171,1414,31,35,11,344,238,198,180,472,1714,132,2825,5873,20,11,33,8474,337,65,401,1189,61,8,2,4,4,1,6,16,2,5,0,34,9,2,5,1,10,10,13,0,23,28,6,168,13,525,7,276,1584,35,7,9,105,102,15,12,317,105,20,16,3,540,14,146,2511,11,82,20,0,3,4,6
109,84,93,40,62,14,16,141,92,105,26,38,22,276,112,54,2,3,29,134,24,808,167,33,82,89,1414,69801,3042,585,51,378,128,12156,18,40,569,164,245,15914,1178,104,159,1588,347,18183,8382,149,33,61,0,1,2,1,3,6,0,2,2,6,2,1,1,0,1,2,3,0,15,4,2,15,3,13,5,21,84,516,6,4,21,5,3,4,16,139,10,12,1,21,6,801,274,44,26,2,1,4,1,0
1090,552,594,482,564,260,155,114,30,482,23,54,78,6262,1299,228,13,6,71,141,110,4823,152,26,56,92,31,3042,80111,12646,122,667,430,457,73,172,54,90,153,157,24587,765,926,416,634,2398,818,217,9997,566,6,9,11,8,6,15,2,2,4,14,13,2,3,0,20,11,50,3,92,6,4,14,20,28,18,4,6,3,16,30,8,4,25,37,12,13,38,79,20,6,23,10,26,1,3,7,4,7,5,5
452,416,343,366,155,38,86,270,23,236,17,161,501,19707,3118,300,33,12,69,334,299,420,124,21,126,72,35,585,12646,28666,199,1937,1655,285,85,196,79,179,197,45,7463,3408,2961,253,2417,263,936,39,1611,2784,4,24,14,5,5,29,1,1,1,20,21,1,2,0,24,34,84,1,123,11,9,20,25,58,24,6,14,1,32,45,1,12,40,71,32,4,46,179,38,12,58,5,18,1,4,11,7,8,13,12
24,26,27,175,28,14,24,2879,179,1201,325,1091,1719,295,374,9916,2187,3388,1327,893,814,642,99,51,101,52,11,51,122,199,18639,127,903,68,52,577,133,239,170,12,304,187,6865,179,633,26,122,39,32,227,10,39,36,3,2,47,8,17,27,118,38,10,9,6,40,21,89,11,230,33,34,41,103,62,36,5,9,4,32,82,2,18,44,63,33,5,183,207,26,12,70,1,23,3,5,11,12,12,29,12
21,20,14,33,14,1,9,149,119,685,28,73,42,913,228,101,16,18,57,941,116,532,324,48,671,10902,344,378,667,1937,127,35281,5989,7531,7,69,16,2633,27,458,949,873,471,9344,6292,387,18612,6,70,400,0,0,1,0,3,0,2,10,1,16,3,1,1,0,7,12,6,0,7,9,2,103,5,138,2,235,441,41,2,7,159,62,7,6,174,251,8,8,2,251,11,275,1484,23,166,2,3,2,4,3
17,19,12,35,5,1,8,2765,1365,1464,309,4942,5071,821,343,342,891,483,277,6177,756,1162,2260,38,2518,104,238,128,430,1655,903,5989,20844,214,10,110,57,929,31,33,1058,1271,1334,1868,7879,217,3825,2,27,772,3,0,8,0,2,2,22,24,4,235,2,6,15,8,9,12,14,2,18,336,1,43,43,722,3,35,159,2,5,17,13,129,3,15,212,2,96,14,1,153,4,6,166,2,7,0,2,2,4,0
22,18,23,23,10,6,7,82,77,99,11,28,9,243,92,88,4,3,24,340,12,629,234,30,215,9233,198,12156,457,285,68,7531,214,31799,8,54,48,1586,79,6712,302,68,184,13850,1044,3993,20050,53,25,43,0,2,1,0,0,1,0,4,0,5,4,0,4,2,3,1,0,0,4,5,3,72,4,47,3,147,213,258,7,5,198,17,8,2,36,718,7,4,0,65,11,1592,1387,131,207,6,1,1,2,5
43,109,104,389,76,548,1930,7,46,274,17,13,7,168,124,1006,10,0,33,13,60,117,3,239,71,1,180,18,73,85,52,7,10,8,4554,2473,819,4,3549,100,85,43,173,83,4,3,12,6809,235,21,42,225,107,29,88,323,2,6,5,28,36,3,1,0,118,54,242,5,153,9,15,43,28,14,18,3,10,2,68,80,1,8,92,154,12,2,225,473,28,5,157,4,6,5,1,179,38,23,18,6
22,23,21,201,22,33,202,78,798,860,198,210,47,178,159,2459,102,18,3316,312,508,469,70,4448,678,12,472,40,172,196,577,69,110,54,2473,9188,1913,37,4149,92,263,136,1101,437,36,27,79,337,38,115,19,54,72,11,24,79,10,70,78,337,128,34,12,3,87,75,296,45,784,75,115,99,300,156,145,11,58,5,104,291,9,43,155,276,52,8,870,667,142,48,247,6,79,10,11,33,39,63,74,39
20,50,42,168,18,54,285,343,6145,177,53,129,130,134,96,363,49,26,584,144,106,105,12,3117,240,7,1714,569,54,79,133,16,57,48,819,1913,2460,2,8603,1464,70,29,202,353,20,15,31,902,36,17,3,11,5,2,7,20,8,19,10,199,10,3,4,5,10,8,20,6,44,33,6,11,35,49,10,5,23,5,6,18,1,6,6,15,10,3,762,44,6,11,32,20,29,3,2,15,2,2,3,1
10,2,1,25,8,1,5,299,85,83,36,137,17,313,166,162,10,4,51,5630,25,493,723,10,294,5192,132,164,90,179,239,2633,929,1586,4,37,2,15236,7,52,85,50,506,8350,4023,273,1524,0,35,39,0,0,3,0,0,0,2,5,2,19,6,0,4,4,10,29,11,1,16,41,3,115,18,517,3,264,521,7,6,4,89,136,12,13,381,43,6,13,3,449,12,19,1070,9,79,0,5,0,6,3
19,30,47,120,37,129,345,47,207,326,39,47,17,130,56,236,34,17,119,30,188,169,16,4413,351,0,2825,245,153,197,170,27,31,79,3549,4149,8603,7,25460,2167,191,106,409,891,22,9,41,7225,165,96,19,71,71,7,22,94,10,38,37,177,100,9,5,3,104,63,278,21,617,29,47,85,187,53,87,10,29,12,114,222,2,22,149,207,21,17,727,612,84,10,227,18,80,4,3,51,29,56,60,18
10,3,9,7,6,23,19,16,141,15,2,4,4,34,22,23,1,0,16,26,4,174,61,345,199,121,5873,15914,157,45,12,458,33,6712,100,92,1464,52,2167,35857,86,14,28,13184,65,1488,1979,1151,40,2,1,6,2,1,7,18,4,0,1,7,5,0,1,1,3,2,1,0,5,5,1,58,3,25,1,122,247,1076,7,2,172,12,8,0,22,1243,10,10,0,21,22,4317,1910,310,249,21,0,6,4,2
1023,1630,1208,1503,291,67,351,137,48,8718,109,361,163,1942,2605,595,38,9,145,206,757,12479,258,31,108,55,20,1178,24587,7463,304,949,1058,302,85,263,70,85,191,86,65027,13123,3101,357,564,958,1234,27,113,3479,2,11,7,10,8,23,1,4,7,29,15,1,1,0,11,7,51,4,83,6,4,11,31,20,16,2,9,2,15,40,2,8,21,23,12,2,63,86,20,9,32,10,25,1,3,12,3,8,7,3
90,278,170,432,43,3,112,105,28,5032,85,450,211,455,1090,239,60,10,51,164,1642,994,186,10,78,30,11,104,765,3408,187,873,1271,68,43,136,29,50,106,14,13123,18176,3752,127,552,94,843,8,19,13398,2,1,4,2,0,1,0,2,3,5,5,1,0,0,0,1,20,0,38,3,1,5,20,14,3,2,5,1,4,11,3,5,10,11,3,0,30,24,2,3,11,2,11,0,3,4,1,3,2,1
253,125,69,783,167,98,97,1937,224,4396,400,1013,1479,5020,10397,7311,552,223,864,1068,1679,1819,187,73,171,145,33,159,926,2961,6865,471,1334,184,173,1101,202,506,409,28,3101,3752,26592,343,2000,72,265,59,232,18295,20,66,39,10,15,69,5,14,21,85,33,10,5,0,52,34,143,4,318,34,28,38,93,109,55,9,22,2,48,94,5,24,67,104,49,0,183,305,37,34,93,2,52,3,2,17,28,38,30,15
15,10,8,48,10,18,19,293,942,292,104,237,44,196,97,238,15,5,323,1780,40,3211,3859,748,3826,6721,8474,1588,416,253,179,9344,1868,13850,83,437,353,8350,891,13184,357,127,343,63764,1756,3418,10665,629,43,37,3,8,10,0,6,14,6,25,10,68,46,7,20,10,32,60,23,5,36,40,13,701,44,709,9,1599,3261,286,27,10,955,263,68,23,564,1382,32,42,11,1168,59,2251,9903,167,956,35,8,14,27,21
25,15,9,53,12,7,4,912,156,158,48,278,176,2498,906,213,28,55,70,2603,82,505,484,13,591,919,337,347,634,2417,633,6292,7879,1044,4,36,20,4023,22,65,564,552,2000,1756,8206,115,1664,2,106,662,1,1,2,1,1,5,9,6,5,64,10,2,13,4,20,25,21,4,34,143,4,145,39,1079,4,117,461,4,10,22,49,232,20,28,544,22,29,19,4,518,7,22,786,6,30,0,8,6,10,2
40,41,32,20,17,4,12,407,171,326,206,243,56,113,54,45,10,2,54,280,30,6539,5076,15,241,312,65,18183,2398,263,26,387,217,3993,3,27,15,273,9,1488,958,94,72,3418,115,17860,13754,8,9,32,0,0,0,0,1,1,1,2,0,9,1,0,0,0,0,0,2,0,4,1,1,8,2,17,2,25,27,43,0,0,22,5,1,1,8,86,6,6,0,17,1,199,206,14,21,0,0,1,1,3
23,31,26,44,4,5,11,540,313,1747,251,422,130,424,141,141,56,26,94,1052,248,2206,6172,59,885,3002,401,8382,818,936,122,18612,3825,20050,12,79,31,1524,41,1979,1234,843,265,10665,1664,13754,50657,17,27,207,0,0,2,0,0,0,0,1,1,20,7,1,1,1,4,8,2,1,13,11,2,82,7,94,0,183,247,154,3,1,192,45,13,1,100,606,11,5,3,117,7,877,1398,87,187,0,2,0,8,2
37,112,220,727,248,3957,4214,1,53,66,2,0,2,85,80,594,0,0,13,6,7,29,3,159,214,2,1189,149,217,39,39,6,2,53,6809,337,902,0,7225,1151,27,8,59,629,2,8,17,11959,1421,8,43,276,42,67,176,446,0,1,3,8,5,0,0,0,43,4,66,0,32,2,0,6,6,9,1,4,18,2,16,3,2,1,21,16,2,5,60,130,2,4,50,16,46,1,6,388,20,4,4,0
2722,586,442,593,4478,3345,425,18,13,49,9,2,12,12546,768,202,0,0,11,24,4,82,7,12,20,10,61,33,9997,1611,32,70,27,25,235,38,36,35,165,40,113,19,232,43,106,9,27,1421,16621,10,5,27,9,18,25,39,0,1,0,5,1,0,0,0,13,5,21,0,15,0,1,1,4,7,3,0,3,0,6,10,0,0,10,11,1,1,7,46,4,4,22,2,6,1,1,30,2,2,3,2
25,43,21,68,10,3,22,220,17,3299,27,175,469,1011,6402,144,44,14,60,155,1720,576,45,12,23,10,8,61,566,2784,227,400,772,43,21,115,17,39,96,2,3479,13398,18295,37,662,32,207,8,10,21897,0,4,3,0,0,3,0,2,0,12,5,1,0,0,3,1,12,0,53,1,2,5,10,16,9,2,2,0,5,22,0,4,11,14,7,1,31,34,4,5,17,0,9,1,0,2,1,3,3,1
7,38,76,95,11,114,83,1,1,5,0,0,0,22,11,62,1,0,3,5,1,4,0,4,5,0,2,0,6,4,10,0,3,0,42,19,3,0,19,1,2,2,20,3,1,0,0,43,5,0,42316,22783,2551,9217,17327,2702,8,19,10,9,370,8,1,1,14680,339,320,1,49,24,20,266,5,32,9,8,20,112,3220,28,11,26,923,95,29,44,84,182,14,56,151,21,48,67,23,485,11982,439,198,21
277,251,1436,594,76,138,642,0,4,13,1,1,0,90,62,245,0,0,2,3,2,7,0,3,8,0,4,1,9,24,39,0,0,2,225,54,11,0,71,6,11,1,66,8,1,0,0,276,27,4,22783,115449,13193,15426,5902,11169,5,17,8,12,1825,23,8,1,19543,191,387,5,50,7,23,1281,9,22,13,10,5,121,2179,15,12,18,1520,82,24,53,190,413,33,26,227,19,32,114,24,363,2279,1772,1156,60
15,62,67,133,4,15,191,5,19,10,3,0,1,56,34,109,1,2,8,24,1,13,0,4,21,0,4,2,11,14,36,1,8,1,107,72,5,3,71,2,7,4,39,10,2,0,2,42,9,3,2551,13193,24512,126,609,7601,27,135,85,85,1752,51,23,3,14944,2491,5742,26,325,134,79,505,46,194,67,24,27,27,921,176,11,97,730,416,96,35,167,585,48,229,110,7,166,38,25,146,1352,729,1079,86
338,98,3040,261,353,2432,585,0,0,4,0,0,0,22,15,32,0,0,0,1,0,11,1,0,0,0,1,1,8,5,3,0,0,0,29,11,2,0,7,1,10,2,10,0,1,0,0,67,18,0,9217,15426,126,35467,17666,15060,0,0,0,1,147,2,0,0,238,18,29,0,1,1,0,114,2,2,2,0,0,15,291,0,0,4,159,5,1,7,28,32,3,2,462,3,6,18,4,162,464,145,84,3
9,72,184,245,18,124,257,1,2,3,0,1,0,25,15,72,0,0,0,1,1,4,1,1,6,3,6,3,6,5,2,3,2,0,88,24,7,0,22,7,8,0,15,6,1,1,0,176,25,0,17327,5902,609,17666,26130,10573,4,12,3,21,158,3,2,4,1511,50,174,2,10,12,7,74,3,42,12,6,91,27,396,10,4,9,130,23,7,6,175,982,9,20,1749,45,59,12,8,6490,4765,79,46,8
66,355,1006,1116,97,494,1829,3,8,18,1,3,0,127,73,286,0,0,8,4,5,26,0,3,15,1,16,6,15,29,47,0,2,1,323,79,20,0,94,18,23,1,69,14,5,1,0,446,39,3,2702,11169,7601,15060,10573,15657,0,23,10,32,1513,38,5,2,3053,121,1965,3,76,13,47,416,24,66,37,10,16,22,380,16,7,32,320,61,20,17,266,755,36,42,1094,4,65,19,4,1967,621,552,616,65
0,0,0,1,0,0,1,115,372,1,2,9,36,0,1,5,3,4,16,101,4,10,7,24,27,1,2,0,2,1,8,2,22,0,2,10,8,2,10,4,1,0,5,6,9,1,0,0,0,0,8,5,27,0,4,0,5224,9345,808,925,54,136,1040,6877,193,420,86,1376,160,2456,97,612,37,100,112,18,25,5,50,727,12,2135,104,516,801,11,175,9,15,40,7,3,55,20,47,0,32,11,45,12
0,0,0,2,1,0,1,151,649,16,9,34,48,2,3,28,14,14,85,88,17,13,2,66,33,0,5,2,2,1,17,10,24,4,6,70,19,5,38,0,4,2,14,25,6,2,1,1,1,2,19,17,135,0,12,23,9345,27503,4904,5265,323,686,1041,2043,240,306,230,4497,308,2062,338,2568,102,317,92,30,39,16,68,1276,48,995,74,918,705,34,569,39,10,176,26,12,247,134,316,2,60,22,64,7
1,1,0,3,0,0,4,56,128,19,7,15,6,7,3,27,10,11,76,15,16,6,2,48,13,1,0,2,4,1,27,1,4,0,5,78,10,2,37,1,7,3,21,10,5,0,1,3,0,0,10,8,85,0,3,10,808,4904,2395,1925,389,903,507,416,168,210,361,2653,687,463,705,1185,57,186,195,27,8,1,32,3019,22,586,58,451,419,6,204,28,17,97,22,3,85,37,63,1,49,36,50,10
1,3,1,11,2,1,15,1132,5689,106,68,195,332,16,15,126,99,60,506,862,126,86,20,486,402,6,34,6,14,20,118,16,235,5,28,337,199,19,177,7,29,5,85,68,64,9,20,8,5,12,9,12,85,1,21,32,925,5265,1925,39562,537,686,1280,1224,64,70,331,1270,3236,5884,933,2549,8812,7728,185,30,811,15,48,418,41,655,43,232,192,52,6890,280,25,150,72,28,459,148,320,8,19,44,64,29
1,9,11,31,0,1,18,58,100,21,8,11,0,30,11,70,17,11,128,13,17,14,0,46,23,6,9,2,13,21,38,3,2,4,36,128,10,6,100,5,15,5,33,46,10,1,7,5,1,5,370,1825,1752,147,158,1513,54,323,389,537,51652,6974,2351,114,1116,1149,2216,741,1874,143,8530,6059,333,162,1318,118,75,73,594,743,214,525,784,1372,155,199,427,1207,793,162,429,38,589,392,1042,155,195,16927,8894,3121
0,0,0,2,0,0,1,20,46,3,4,4,1,1,2,10,4,5,44,7,8,7,0,9,5,1,2,1,2,1,10,1,6,0,3,34,3,0,9,0,1,1,10,7,2,0,1,0,0,1,8,23,51,2,3,38,136,686,903,686,6974,5519,6832,272,20,68,340,2720,932,144,5745,5943,153,85,817,12,35,5,22,976,7,297,32,121,51,24,140,167,122,49,47,5,158,91,121,2,5,81,151,122
0,0,1,0,0,0,1,24,114,0,2,3,4,2,3,10,0,2,19,70,8,3,3,12,49,1,5,1,3,2,9,1,15,4,1,12,4,4,5,1,1,0,5,20,13,0,1,0,0,0,1,8,23,0,2,5,1040,1041,507,1280,2351,6832,16413,6325,14,80,110,6388,288,1063,5866,8464,66,710,727,16,91,5,34,922,16,4047,79,99,212,23,143,54,151,103,15,7,250,135,165,2,6,56,193,124
0,0,0,0,0,0,0,36,202,0,1,6,9,2,1,3,1,0,9,65,1,0,0,7,27,0,1,0,0,0,6,0,8,2,0,3,5,4,3,1,0,0,0,10,4,0,1,0,0,0,1,1,3,0,4,2,6877,2043,416,1224,114,272,6325,14136,19,95,36,5572,93,1218,508,1021,35,251,129,11,41,4,28,585,7,3707,36,113,331,9,109,11,22,28,1,2,71,40,72,2,6,11,47,28
12,44,54,114,10,11,109,7,11,9,1,2,0,75,42,165,1,2,10,20,2,17,4,3,64,1,10,1,20,24,40,7,9,3,118,87,10,10,104,3,11,0,52,32,20,0,4,43,13,3,14680,19543,14944,238,1511,3053,193,240,168,64,1116,20,14,19,70586,12888,1272,65,247,245,58,452,25,125,86,250,20,104,8457,312,141,374,12311,1354,1025,127,331,505,266,771,206,18,323,51,102,161,10563,692,1125,311
6,9,14,36,3,0,38,7,22,9,0,6,0,40,15,83,1,1,22,31,5,13,3,4,65,5,10,2,11,34,21,12,12,1,54,75,8,29,63,2,7,1,34,60,25,0,8,4,5,1,339,191,2491,18,50,121,420,306,210,70,1149,68,80,95,12888,49027,796,104,243,412,240,662,23,140,760,725,21,109,1730,729,738,1952,7770,11560,3096,318,168,196,8580,914,116,23,431,61,586,30,991,775,4321,8803
18,64,85,166,8,10,148,18,57,42,5,11,1,149,74,268,4,3,73,45,27,29,0,26,64,1,13,3,50,84,89,6,14,0,242,296,20,11,278,1,51,20,143,23,21,2,2,66,21,12,320,387,5742,29,174,1965,86,230,361,331,2216,340,110,36,1272,796,11678,178,3931,329,585,765,179,659,454,24,76,18,246,5857,16,247,308,4617,178,22,440,3330,176,260,295,9,314,21,45,409,240,341,462,111
0,1,1,4,0,1,0,63,146,13,8,15,4,1,2,13,14,13,59,6,20,7,3,23,8,2,0,0,3,1,11,0,2,0,5,45,6,1,21,0,4,0,4,5,4,0,1,0,0,0,1,5,26,0,2,3,1376,4497,2653,1270,741,2720,6388,5572,65,104,178,11646,469,115,6354,1430,155,85,1269,2,10,2,21,3772,11,825,63,153,79,10,288,64,51,20,28,2,58,29,72,1,14,24,82,63
4,16,10,72,4,3,54,158,268,151,25,50,12,131,70,346,34,40,432,75,114,115,7,186,72,2,23,15,92,123,230,7,18,4,153,784,44,16,617,5,83,38,318,36,34,4,13,32,15,53,49,50,325,1,10,76,160,308,687,3236,1874,932,288,93,247,243,3931,469,9088,506,1558,1554,3638,1572,982,14,196,17,145,4110,26,256,285,1034,129,16,1395,3604,278,88,305,20,212,43,74,30,83,167,297,157
1,0,0,3,0,0,5,324,2046,14,16,67,116,12,7,40,10,6,90,906,10,49,22,124,694,4,28,4,6,11,33,9,336,5,9,75,33,41,29,5,6,3,34,40,143,1,11,2,0,1,24,7,134,1,12,13,2456,2062,463,5884,143,144,1063,1218,245,412,329,115,506,9917,132,2401,63,4948,92,78,196,17,70,425,46,4744,86,574,1910,56,254,76,23,5163,21,15,634,92,235,3,39,23,53,18
1,2,0,3,1,0,6,74,120,22,9,13,4,7,10,29,11,17,114,18,24,8,0,47,13,2,6,2,4,9,34,2,1,3,15,115,6,3,47,1,4,1,28,13,4,1,2,0,1,2,20,23,79,0,7,47,97,338,705,933,8530,5745,5866,508,58,240,585,6354,1558,132,14721,2535,350,151,7125,33,26,18,62,2073,98,696,199,240,69,78,357,403,489,64,201,4,167,60,481,14,15,228,1094,2105
5,3,6,13,2,4,11,43,181,27,8,14,11,30,19,59,7,7,69,161,15,29,19,42,335,90,168,15,14,20,41,103,43,72,43,99,11,115,85,58,11,5,38,701,145,8,82,6,1,5,266,1281,505,114,74,416,612,2568,1185,2549,6059,5943,8464,1021,452,662,765,1430,1554,2401,2535,51048,242,3009,892,734,1188,954,2605,1095,513,6547,1068,569,1020,1295,280,503,394,2256,186,462,11013,11520,12865,52,110,2943,1635,567
0,3,1,14,3,0,5,176,601,80,21,62,26,25,16,91,32,21,219,174,78,33,6,136,191,2,13,3,20,25,103,5,43,4,28,300,35,18,187,3,31,20,93,44,39,2,7,6,4,10,5,9,46,2,3,24,37,102,57,8812,333,153,66,35,25,23,179,155,3638,63,350,242,8945,4727,229,8,1095,7,30,167,13,92,51,60,28,10,4821,1719,82,15,610,115,277,5,26,23,11,41,66,40
1,2,1,17,1,1,8,288,2708,19,18,139,104,65,38,63,16,7,217,2421,17,108,110,256,5400,51,525,13,28,58,62,138,722,47,14,156,49,517,53,25,20,14,109,709,1079,17,94,9,7,16,32,22,194,2,42,66,100,317,186,7728,162,85,710,251,125,140,659,85,1572,4948,151,3009,4727,13579,78,118,6206,60,51,214,120,4212,60,319,747,111,1614,1134,24,2001,873,462,3220,103,374,160,38,33,57,30
1,1,5,4,0,0,6,26,40,20,5,9,6,18,3,73,1,7,82,11,19,16,0,32,12,1,7,5,18,24,36,2,3,3,18,145,10,3,87,1,16,3,55,9,4,2,0,1,3,9,9,13,67,2,12,37,112,92,195,185,1318,817,727,129,86,760,454,1269,982,92,7125,892,229,78,4788,69,14,16,82,4835,86,821,291,1005,386,50,260,411,3380,73,232,5,76,15,250,16,15,138,711,1763
0,0,0,0,1,0,0,2,23,3,1,5,1,10,2,4,0,0,6,26,1,25,36,17,176,291,276,21,4,6,5,235,35,147,3,11,5,264,10,122,2,2,9,1599,117,25,183,4,0,2,8,10,24,0,6,10,18,30,27,30,118,12,16,11,250,725,24,2,14,78,33,734,8,118,69,33258,201,250,249,67,7938,642,643,175,3253,10296,15,12,107,6618,8,158,9198,126,937,1,69,81,296,176
1,1,3,9,2,0,3,38,753,9,1,28,14,15,6,12,3,1,61,300,3,55,102,111,1483,257,1584,84,6,14,9,441,159,213,10,58,23,521,29,247,9,5,22,3261,461,27,247,18,3,2,20,5,27,0,91,16,25,39,8,811,75,35,91,41,20,21,76,10,196,196,26,1188,1095,6206,14,201,19466,1536,35,25,237,606,31,24,282,289,1678,894,7,234,2454,6848,11547,107,482,659,89,21,30,15
0,0,3,2,0,0,2,2,1,0,0,0,1,1,2,6,1,1,3,0,0,11,4,4,12,11,35,516,3,1,4,41,2,258,2,5,5,7,12,1076,2,1,2,286,4,43,154,2,0,0,112,121,27,15,27,22,5,16,1,15,73,5,5,4,104,109,18,2,17,17,18,954,7,60,16,250,1536,53582,4232,14,131,33,747,25,134,9013,172,36,36,181,182,19822,1610,18977,1373,77,71,882,231,44
3,11,17,35,3,2,41,3,8,17,3,3,0,37,27,82,3,1,34,15,8,7,3,10,13,3,7,6,16,32,32,2,5,7,68,104,6,6,114,7,15,4,48,27,10,0,3,16,6,5,3220,2179,921,291,396,380,50,68,32,48,594,22,34,28,8457,1730,246,21,145,70,62,2605,30,51,82,249,35,4232,105114,105,214,247,24502,432,510,551,139,260,343,355,174,272,371,2120,268,116,25302,20602,1563,282
3,5,8,31,2,1,29,48,79,44,12,14,5,74,30,146,8,12,116,40,30,36,3,36,47,3,9,4,30,45,82,7,17,5,80,291,18,4,222,2,40,11,94,10,22,0,1,3,10,22,28,15,176,0,10,16,727,1276,3019,418,743,976,922,585,312,729,5857,3772,4110,425,2073,1095,167,214,4835,67,25,14,105,23545,86,1613,213,4443,1092,23,290,311,722,239,201,10,116,23,170,10,61,97,215,222
0,0,0,0,1,0,0,3,11,1,0,2,0,2,2,2,0,0,3,8,0,13,14,10,69,133,105,21,8,1,2,159,13,198,1,9,1,89,2,172,2,3,5,955,49,22,192,2,0,0,11,12,11,0,4,7,12,48,22,41,214,7,16,7,141,738,16,11,26,46,98,513,13,120,86,7938,237,131,214,86,12791,1506,688,167,3107,8931,6,17,178,1222,15,214,5992,660,6428,6,43,126,544,338
1,0,0,1,1,0,0,49,374,6,6,14,16,11,6,27,2,3,35,434,6,18,23,24,679,27,102,5,4,12,18,62,129,17,8,43,6,136,22,12,8,5,24,263,232,5,45,1,0,4,26,18,97,4,9,32,2135,995,586,655,525,297,4047,3707,374,1952,247,825,256,4744,696,6547,92,4212,821,642,606,33,247,1613,1506,23245,814,1162,14815,269,121,99,684,3188,50,17,3155,160,8401,5,74,140,750,784
7,17,21,34,3,2,29,8,24,28,2,3,3,65,40,131,3,3,42,12,13,19,1,13,43,8,15,3,25,40,44,7,3,8,92,155,6,12,149,8,21,10,67,68,20,1,13,21,10,11,923,1520,730,159,130,320,104,74,58,43,784,32,79,36,12311,7770,308,63,285,86,199,1068,51,60,291,643,31,747,24502,213,688,814,43817,950,1328,628,219,384,1447,622,228,93,489,535,625,48,1822,11752,15388,2616
7,16,15,57,5,5,50,8,57,23,5,3,1,112,44,219,0,2,36,51,11,29,6,10,80,2,12,4,37,71,63,6,15,2,154,276,15,13,207,0,23,11,104,23,28,1,1,16,11,14,95,82,416,5,23,61,516,918,451,232,1372,121,99,113,1354,11560,4617,153,1034,574,240,569,60,319,1005,175,24,25,432,4443,167,1162,950,11470,1837,69,250,439,2227,786,229,8,283,20,144,27,222,387,992,876
0,2,0,6,0,0,3,113,657,10,2,35,26,37,14,31,1,1,50,700,3,38,69,56,1364,55,317,16,12,32,33,174,212,36,12,52,10,381,21,22,12,3,49,564,544,8,100,2,1,7,29,24,96,1,7,20,801,705,419,192,155,51,212,331,1025,3096,178,79,129,1910,69,1020,28,747,386,3253,282,134,510,1092,3107,14815,1328,1837,9529,786,62,37,308,3139,25,59,1137,76,717,6,205,147,500,377
0,0,0,1,0,0,1,3,14,3,1,2,0,1,0,4,0,0,2,10,0,37,14,8,44,105,105,139,13,4,5,251,2,718,2,8,3,43,17,1243,2,0,0,1382,22,86,606,5,1,1,44,53,35,7,6,17,11,34,6,52,199,24,23,9,127,318,22,10,16,56,78,1295,10,111,50,10296,289,9013,551,23,8931,269,628,69,786,25306,29,26,86,1280,33,3709,12033,11862,5976,11,49,291,399,160
13,34,40,97,7,13,142,325,2158,165,33,118,117,74,36,266,70,36,507,194,125,71,2,577,142,5,20,10,38,46,183,8,96,7,225,870,762,6,727,10,63,30,183,32,29,6,11,60,7,31,84,190,167,28,175,266,175,569,204,6890,427,140,143,109,331,168,440,288,1395,254,357,280,4821,1614,260,15,1678,172,139,290,6,121,219,250,62,29,4253,3146,201,38,4589,971,257,12,38,760,111,95,142,84
44,107,151,322,17,24,333,76,130,110,9,20,7,271,146,526,12,16,195,43,61,77,2,62,55,7,16,12,79,179,207,8,14,4,473,667,44,13,612,10,86,24,305,42,19,6,5,130,46,34,182,413,585,32,982,755,9,39,28,280,1207,167,54,11,505,196,3330,64,3604,76,403,503,1719,1134,411,12,894,36,260,311,17,99,384,439,37,26,3146,12322,285,29,8704,159,380,28,38,5727,294,220,248,129
2,0,1,7,1,1,6,9,4,19,7,1,0,18,8,75,2,2,34,5,5,16,0,6,9,3,3,1,20,38,26,2,1,0,28,142,6,3,84,0,20,2,37,11,4,0,3,2,4,4,14,33,48,3,9,36,15,10,17,25,793,122,151,22,266,8580,176,51,278,23,489,394,82,24,3380,107,7,36,343,722,178,684,1447,2227,308,86,201,285,20348,80,155,7,95,30,252,9,48,323,4110,8823
1,0,0,5,0,0,4,35,317,6,4,15,10,24,15,17,1,3,47,456,7,38,81,60,1173,136,540,21,6,12,12,251,153,65,5,48,11,449,10,21,9,3,34,1168,518,17,117,4,4,5,56,26,229,2,20,42,40,176,97,150,162,49,103,28,771,914,260,20,88,5163,64,2256,15,2001,73,6618,234,181,355,239,1222,3188,622,786,3139,1280,38,29,80,25669,11,60,10802,124,748,3,225,116,234,64
13,54,48,149,11,13,140,47,82,42,6,8,2,108,48,187,7,9,124,28,21,33,0,32,28,3,14,6,23,58,70,11,4,11,157,247,32,12,227,22,32,11,93,59,7,1,7,50,22,17,151,227,110,462,1749,1094,7,26,22,72,429,47,15,1,206,116,295,28,305,21,201,186,610,873,232,8,2454,182,174,201,15,50,228,229,25,33,4589,8704,155,11,14840,1344,765,21,19,7495,304,102,110,70
0,0,0,3,1,0,3,6,13,6,1,1,0,3,2,4,0,0,4,7,0,45,17,11,38,117,146,801,10,5,1,275,6,1592,4,6,20,19,18,4317,10,2,2,2251,22,199,877,16,2,0,21,19,7,3,45,4,3,12,3,28,38,5,7,2,18,23,9,2,20,15,4,462,115,462,5,158,6848,19822,272,10,214,17,93,8,59,3709,971,159,7,60,1344,40119,14899,1628,660,393,48,87,39,9
3,2,1,2,2,2,8,33,292,23,7,25,6,27,25,31,2,0,65,266,4,161,191,143,1491,1251,2511,274,26,18,23,1484,166,1387,6,79,29,1070,80,1910,25,11,52,9903,786,206,1398,46,6,9,48,32,166,6,59,65,55,247,85,459,589,158,250,71,323,431,314,58,212,634,167,11013,277,3220,76,9198,11547,1610,371,116,5992,3155,489,283,1137,12033,257,380,95,10802,765,14899,59122,1918,5711,280,153,218,350,110
1,0,1,2,1,0,1,3,13,0,0,0,0,3,0,6,0,0,1,8,0,0,3,1,14,18,11,44,1,1,3,23,2,131,5,10,3,9,4,310,1,0,3,167,6,14,87,1,1,1,67,114,38,18,12,19,20,134,37,148,392,91,135,40,51,61,21,29,43,92,60,11520,5,103,15,126,107,18977,2120,23,660,160,535,20,76,11862,12,28,30,124,21,1628,1918,22297,11264,5,25,1276,230,45
0,1,0,0,1,0,0,8,29,4,1,0,0,4,1,6,0,1,7,15,0,14,8,11,74,150,82,26,3,4,5,166,7,207,1,11,2,79,3,249,3,3,2,956,30,21,187,6,1,0,23,24,25,4,8,4,47,316,63,320,1042,121,165,72,102,586,45,72,74,235,481,12865,26,374,250,937,482,1373,268,170,6428,8401,625,144,717,5976,38,38,252,748,19,660,5711,11264,26872,4,33,289,993,552
35,165,259,621,27,146,754,2,4,6,1,1,0,41,30,170,0,0,7,4,2,10,0,2,9,1,20,2,7,11,11,2,0,6,179,33,15,0,51,21,12,4,17,35,0,0,0,388,30,2,485,363,146,162,6490,1967,0,2,1,8,155,2,2,2,161,30,409,1,30,3,14,52,23,160,16,1,659,77,116,10,6,5,48,27,6,11,760,5727,9,3,7495,393,280,5,4,10229,1283,26,25,7
5,15,9,42,2,11,39,4,7,6,1,1,1,22,15,34,0,0,13,6,3,3,0,3,12,0,0,1,4,7,12,3,2,1,38,39,2,5,29,0,3,1,28,8,8,0,2,20,2,1,11982,2279,1352,464,4765,621,32,60,49,19,195,5,6,6,10563,991,240,14,83,39,15,110,11,38,15,69,89,71,25302,61,43,74,1822,222,205,49,111,294,48,225,304,48,153,25,33,1283,38732,175,120,31
0,6,3,10,0,0,19,6,7,11,0,2,0,28,11,48,2,2,12,7,7,6,0,6,12,1,3,4,7,8,12,2,2,1,23,63,2,0,56,6,8,3,38,14,6,1,0,4,2,3,439,1772,729,145,79,552,11,22,36,44,16927,81,56,11,692,775,341,24,167,23,228,2943,41,33,138,81,21,882,20602,97,126,140,11752,387,147,291,95,220,323,116,102,87,218,1276,289,26,175,42694,10511,711
1,2,0,10,1,0,6,16,11,9,1,2,0,9,5,38,4,2,42,9,6,7,1,13,15,3,4,1,5,13,29,4,4,2,18,74,3,6,60,4,7,2,30,27,10,1,8,4,3,3,198,1156,1079,84,46,616,45,64,50,64,8894,151,193,47,1125,4321,462,82,297,53,1094,1635,66,57,711,296,30,231,1563,215,544,750,15388,992,500,399,142,248,4110,234,110,39,350,230,993,25,120,10511,34093,11450
2,1,1,3,0,0,3,5,6,6,2,0,0,6,0,20,0,1,13,4,0,2,1,7,7,2,6,0,5,12,12,3,0,5,6,39,1,3,18,2,3,1,15,21,2,3,2,0,2,1,21,60,86,3,8,65,12,7,10,29,3121,122,124,28,311,8803,111,63,157,18,2105,567,40,30,1763,176,15,44,282,222,338,784,2616,876,377,160,84,129,8823,64,70,9,110,45,552,7,31,711,11450,9477
