29080,7825,6122,1211,14514,2596,315,2,2,20,0,0,1,18305,248,65,1,0,7,7,1,113,3,0,4,4,0,1,79,140,4,8,5,3,19,17,19,4,42,0,64,9,12,5,12,1,5,72,783,7,1,4,3,45,2,5,0,0,0,0,1,0,0,0,7,4,8,0,1,1,0,1,0,0,0,0,0,0,1,0,0,0,2,2,0,0,1,5,2,1,10,0,0,0,1,22,0,0,2,1
7825,22233,4842,10970,1248,1855,738,4,3,40,0,0,0,8756,2300,30,0,0,10,2,0,240,1,2,0,4,1,1,66,178,12,3,4,3,10,6,8,1,15,1,172,32,4,2,6,1,3,66,60,5,1,1,2,14,4,10,0,0,1,0,0,0,0,0,2,4,3,0,2,0,0,1,1,0,0,0,1,0,0,1,0,1,0,1,0,0,1,9,2,0,6,0,0,0,0,15,0,0,0,1
6122,4842,21836,7818,5769,7828,5691,0,0,13,0,0,0,424,15,9,0,0,1,0,0,96,1,0,1,0,0,0,28,45,1,0,0,0,3,2,2,0,6,1,54,6,0,0,2,0,2,29,25,0,1,1,0,181,4,71,0,1,0,0,1,0,0,0,0,1,1,0,0,0,0,0,0,0,0,0,0,0,0,0,0,0,1,0,0,0,0,1,0,0,1,0,1,0,0,8,1,1,0,0
1211,10970,7818,46336,1317,5021,20108,25,22,425,17,7,14,2927,4274,6832,7,3,161,89,13,661,9,3,46,46,9,14,224,1006,385,109,70,34,206,388,99,73,210,1,524,185,1364,80,89,4,57,909,160,228,19,20,14,172,62,130,2,0,0,0,2,0,0,0,19,12,42,0,26,1,2,9,3,5,2,1,1,0,2,2,1,4,7,6,2,2,10,55,6,3,41,1,4,0,0,206,4,2,8,1
14514,1248,5769,1317,32275,34556,1071,4,1,31,0,0,0,9878,256,128,0,0,26,11,0,31,2,1,6,21,4,10,130,213,10,30,12,7,49,43,32,15,86,4,25,15,25,13,32,2,11,601,3385,10,0,4,2,689,6,12,0,0,0,1,1,1,0,0,10,7,13,0,9,0,0,2,1,1,0,0,0,0,0,0,1,0,8,5,2,0,1,19,3,1,12,0,0,0,0,33,2,0,3,2
2596,1855,7828,5021,34556,36376,23602,1,6,79,6,2,0,1159,216,233,2,0,9,2,0,221,4,5,7,1,29,8,77,159,5,2,4,2,247,119,61,3,480,14,129,29,26,21,3,0,5,4664,2282,8,29,22,9,2696,190,284,0,0,1,0,3,0,0,0,7,2,14,0,3,1,0,3,1,1,0,1,0,1,1,0,0,0,2,3,1,0,4,20,1,1,10,1,1,0,0,147,2,0,1,1
315,738,5691,20108,1071,23602,31048,2,16,291,10,1,5,334,77,6913,2,2,47,20,17,264,2,2,10,9,7,6,74,252,9,11,24,10,2159,506,124,8,631,0,161,112,25,20,38,2,10,2762,30,13,29,17,21,387,77,546,1,2,0,0,4,0,1,0,23,10,50,1,9,0,2,3,4,2,8,1,0,0,1,2,0,2,11,5,1,0,10,79,6,1,48,0,1,0,0,228,6,2,4,1
2,4,0,25,4,1,2,41403,7946,310,2452,1135,7026,53,26,491,4375,8678,2352,9563,636,1121,253,87,211,68,96,21,12,77,859,117,1046,24,6,67,1121,273,43,2,32,79,456,117,1009,23,85,1,2,86,0,0,1,0,0,2,36,56,23,251,20,8,25,15,2,2,8,16,38,196,11,8,26,73,7,4,23,3,1,9,3,50,4,1,46,1,185,1,6,18,4,1,6,0,2,0,0,1,4,1
2,3,0,22,1,6,16,7946,53552,328,1194,1030,1571,24,17,190,1243,120,7115,6910,558,712,276,7863,10621,76,2031,59,14,55,143,112,583,73,32,739,6072,186,469,42,44,81,79,533,246,15,151,26,4,35,2,0,5,0,0,5,92,133,59,758,56,19,47,63,6,4,17,41,108,483,20,26,78,223,8,26,63,1,0,24,8,139,4,3,146,5,414,14,12,52,15,2,30,1,16,6,1,2,6,8
20,40,13,425,31,79,291,310,328,41120,3487,3511,426,215,147,913,890,24,864,160,3585,3330,527,66,171,150,110,141,436,1203,671,328,1057,93,108,807,858,131,637,14,13974,14272,1287,520,250,65,589,232,24,2966,2,4,5,0,6,11,0,21,26,39,49,7,7,3,10,14,69,10,140,4,13,21,20,11,47,17,10,1,7,26,4,4,18,20,11,3,131,50,52,19,46,5,14,1,8,12,3,7,31,26
0,0,0,17,0,6,10,2452,1194,3487,4159,10679,1601,19,20,205,1650,95,601,525,1100,2058,2629,75,129,63,78,85,32,142,162,71,431,36,15,224,292,68,157,8,105,195,129,323,112,105,233,21,1,64,1,0,0,0,0,3,6,7,15,41,12,4,1,0,4,1,12,6,28,12,5,5,10,10,13,10,2,1,1,4,4,4,2,2,5,4,61,7,4,11,3,2,8,0,5,3,0,1,8,4
0,0,0,7,0,2,1,1135,1030,3511,10679,21293,12479,20,12,79,6162,157,397,485,5230,1358,6936,55,624,137,317,109,24,221,197,117,3885,66,4,102,417,165,59,15,88,313,183,575,221,111,442,7,0,98,0,0,1,0,0,1,2,10,9,50,4,1,0,4,0,0,3,3,15,13,2,6,6,43,1,24,18,3,0,0,9,25,1,2,44,4,37,1,2,32,2,3,18,0,14,0,0,0,3,2
1,0,0,14,0,0,5,7026,1571,426,1601,12479,27433,61,32,143,6369,990,319,3982,978,564,763,20,681,31,448,20,17,192,452,92,10983,23,3,45,280,69,12,3,55,216,406,110,952,19,100,3,1,195,1,0,1,0,0,3,21,9,2,81,3,0,19,13,0,2,3,2,10,214,0,4,11,126,0,9,30,1,0,3,3,82,0,1,85,1,43,1,0,12,3,0,3,0,7,0,0,0,0,1
18305,8756,424,2927,9878,1159,334,53,24,215,19,20,61,77774,8003,510,15,5,136,147,28,610,29,3,69,98,25,51,3792,35946,205,290,424,61,91,192,137,99,198,6,1159,575,716,114,376,16,165,270,19140,2396,7,9,11,9,13,15,0,3,1,2,10,1,1,0,11,12,42,2,31,1,2,2,7,7,9,1,1,0,3,7,0,1,10,8,7,0,18,39,17,2,36,0,2,0,1,50,2,2,9,5
248,2300,15,4274,256,216,77,26,17,147,20,12,32,8003,13875,664,13,4,138,77,25,346,12,2,24,55,5,16,230,1422,326,86,141,40,32,143,52,76,93,2,350,280,7282,57,176,4,65,146,133,7462,5,0,2,0,3,4,0,0,1,2,2,1,1,0,3,6,28,1,12,2,0,0,4,7,0,0,3,1,1,1,0,0,4,3,1,0,5,17,1,0,18,0,0,0,0,25,2,1,3,0
65,30,9,6832,128,233,6913,491,190,913,205,79,143,510,664,19854,157,437,9706,483,233,373,33,29,108,84,24,23,93,479,7413,115,173,42,1536,6755,359,154,759,4,249,276,3333,111,223,7,67,1451,63,121,13,10,11,2,26,28,0,1,6,11,23,3,2,2,17,20,80,3,85,10,6,9,11,8,11,2,2,0,5,14,1,10,18,19,3,0,61,70,31,4,55,0,3,0,0,91,5,8,21,18
1,0,0,7,0,2,2,4375,1243,890,1650,6162,6369,15,13,157,6534,1381,569,255,9016,271,418,39,69,30,38,18,6,65,1342,45,986,20,7,123,353,31,72,4,30,129,317,125,76,18,136,3,0,70,0,0,0,0,0,0,7,9,8,26,4,0,0,4,1,1,2,7,13,8,3,3,6,5,6,1,1,0,0,2,1,5,2,1,6,0,24,4,5,4,0,3,2,1,0,0,0,1,1,1
0,0,0,3,0,0,2,8678,120,24,95,157,990,5,4,437,1381,1278,1318,135,138,39,53,3,15,8,7,3,2,9,995,20,371,10,0,6,62,24,4,0,5,14,267,20,86,2,28,1,0,30,0,0,0,0,0,0,1,10,3,15,6,5,3,0,0,0,0,3,3,3,2,1,2,1,1,1,1,0,0,1,0,2,1,0,3,0,9,0,0,0,0,0,2,0,0,0,0,0,0,0
7,10,1,161,26,9,47,2352,7115,864,601,397,319,136,138,9706,569,1318,15471,1215,813,239,65,1067,734,52,98,16,32,212,2174,52,235,35,75,7686,1038,152,1047,7,120,185,933,151,161,7,58,90,5,93,1,2,3,0,1,7,10,27,45,103,65,15,8,3,7,8,46,18,181,27,22,13,33,27,57,5,6,1,8,57,2,17,13,12,14,0,147,30,43,10,36,0,5,1,5,10,1,5,36,42
7,2,0,89,11,2,20,9563,6910,160,525,485,3982,147,77,483,255,135,1215,28248,151,945,983,95,4935,314,2058,82,23,154,481,421,4617,148,17,251,293,4868,72,10,46,77,433,1019,3560,33,369,20,8,96,3,1,9,0,0,10,57,25,9,368,5,1,102,50,10,8,31,9,37,861,2,47,93,1041,5,39,206,8,1,13,17,670,0,9,675,12,74,13,6,143,6,6,54,2,36,4,0,0,3,4
1,0,0,13,0,0,17,636,558,3585,1100,5230,978,28,25,233,9016,138,813,151,16087,165,317,29,54,51,30,17,24,377,2389,107,679,23,20,313,500,43,235,3,108,960,3434,136,183,14,132,19,1,1950,0,0,1,0,1,0,2,5,15,23,17,2,3,1,4,1,15,2,35,5,3,7,15,1,12,3,1,0,3,7,1,3,2,2,8,2,67,5,12,1,6,1,7,0,2,0,1,1,8,10
113,240,96,661,31,221,264,1121,712,3330,2058,1358,564,610,346,373,271,39,239,945,165,12695,3087,26,382,352,390,3273,4819,1616,168,372,612,931,79,256,379,210,233,553,10930,944,245,1822,358,4392,1650,154,56,131,2,1,7,1,3,11,2,6,10,34,23,3,6,6,10,4,57,1,72,23,6,18,12,26,16,50,33,28,1,9,28,26,11,14,24,48,43,36,42,27,32,73,49,2,17,17,2,2,26,19
3,1,1,9,2,4,2,253,276,527,2629,6936,763,29,12,33,418,53,65,983,317,3087,10453,31,880,836,843,782,48,129,69,669,5317,418,2,27,53,499,41,146,50,135,75,3284,473,3330,4172,27,4,35,0,0,0,0,0,3,2,2,2,15,0,0,5,2,6,0,0,1,3,26,0,24,5,78,2,120,76,13,1,0,48,46,1,0,74,32,4,0,2,104,3,39,117,0,48,3,1,0,1,0
0,2,0,3,1,5,2,87,7863,66,75,55,20,3,2,29,39,3,1067,95,29,26,31,3418,903,12,550,13,3,12,9,26,57,15,52,3167,2962,15,7184,31,6,10,6,191,13,1,26,60,5,1,0,0,0,0,1,0,3,12,13,38,12,2,1,2,0,0,8,4,15,13,4,3,8,9,6,5,17,2,0,5,4,7,1,0,11,1,39,2,1,17,5,1,7,0,5,1,1,1,2,3
4,0,1,46,6,7,10,211,10621,171,129,624,681,69,24,108,69,15,734,4935,54,382,880,903,13771,174,6082,96,16,149,52,306,3274,157,26,401,383,564,271,83,44,99,65,3215,759,32,419,114,9,57,0,0,4,0,0,3,17,10,3,133,3,4,55,34,7,5,13,3,14,321,0,55,43,614,2,101,192,8,0,6,41,335,4,3,422,27,40,3,5,291,5,10,97,2,86,2,0,1,0,5
4,4,0,46,21,1,9,68,76,150,63,137,31,98,55,84,30,8,52,314,51,352,836,12,174,18680,410,301,29,100,94,7704,992,3943,4,34,17,4253,37,138,45,64,101,9577,2971,152,3130,21,6,43,0,0,2,0,0,0,0,4,0,10,4,0,3,1,5,4,2,2,1,5,2,65,10,50,0,570,237,19,1,1,236,22,7,1,61,97,2,0,4,210,2,52,507,22,214,0,0,2,7,3
0,1,0,9,4,29,7,96,2031,110,78,317,448,25,5,24,38,7,98,2058,30,390,843,550,6082,410,19826,1828,39,74,30,585,1783,357,17,119,1629,540,1305,5623,20,58,32,8883,660,148,979,569,10,28,1,0,4,3,6,4,4,10,1,56,5,1,29,7,3,6,4,1,6,74,0,72,21,283,3,543,522,49,1,3,175,191,7,2,220,128,5,5,1,539,10,118,541,26,234,18,0,1,6,6
1,1,0,14,10,8,6,21,59,141,85,109,20,51,16,23,18,3,16,82,17,3273,782,13,96,301,1828,71224,1434,176,20,537,299,9551,4,24,566,162,379,15902,138,52,31,2620,106,13602,7137,144,6,15,0,0,0,0,0,0,0,0,1,3,1,0,1,0,2,0,0,0,0,1,0,13,3,14,0,72,62,1041,4,0,35,4,0,0,6,206,3,1,2,21,4,919,119,85,43,2,0,0,0,1
79,66,28,224,130,77,74,12,14,436,32,24,17,3792,230,93,6,2,32,23,24,4819,48,3,16,29,39,1434,66163,10990,48,61,123,181,15,55,67,32,59,116,20341,504,111,97,78,994,190,30,6352,96,0,0,3,0,4,3,0,0,0,2,6,1,0,0,2,2,10,0,15,0,2,0,3,1,1,0,1,5,0,2,0,1,2,2,1,5,7,5,8,0,7,4,3,0,0,5,0,0,3,3
140,178,45,1006,213,159,252,77,55,1203,142,221,192,35946,1422,479,65,9,212,154,377,1616,129,12,149,100,74,176,10990,69461,541,432,1230,112,56,242,250,114,182,21,15036,13462,1441,288,429,62,447,134,1923,3616,2,3,1,2,2,5,2,2,4,12,14,3,4,1,4,8,34,3,57,3,0,9,13,11,5,5,3,1,1,17,2,11,10,10,6,0,38,29,15,8,22,0,3,2,4,13,0,2,11,11
4,12,1,385,10,5,9,859,143,671,162,197,452,205,326,7413,1342,995,2174,481,2389,168,69,9,52,94,30,20,48,541,9925,157,420,46,49,620,165,193,107,4,140,775,13430,73,437,3,84,58,18,1293,0,1,2,0,2,2,0,1,3,12,7,3,2,1,4,7,20,2,39,6,1,5,8,5,11,4,2,0,0,6,5,2,3,7,11,0,33,11,12,5,13,0,0,0,3,5,2,2,7,3
8,3,0,109,30,2,11,117,112,328,71,117,92,290,86,115,45,20,52,421,107,372,669,26,306,7704,585,537,61,432,157,30385,5453,4948,4,32,32,1366,30,156,158,234,207,4973,3982,204,15466,30,24,138,0,0,1,0,1,0,1,0,4,10,1,0,3,0,4,4,1,0,0,8,1,46,8,49,1,431,166,27,0,2,150,21,4,1,50,125,2,1,2,204,2,103,388,7,164,1,3,1,3,4
5,4,0,70,12,4,24,1046,583,1057,431,3885,10983,424,141,173,986,371,235,4617,679,612,5317,57,3274,992,1783,299,123,1230,420,5453,31282,358,9,95,63,1467,68,47,401,1034,629,3946,8374,231,6420,41,13,725,0,0,8,0,1,3,4,7,5,60,5,0,28,8,5,3,4,2,8,151,0,46,16,335,2,127,131,11,1,3,41,176,2,4,271,28,17,4,3,222,3,26,112,4,70,3,1,1,0,1
3,3,0,34,7,2,10,24,73,93,36,66,23,61,40,42,20,10,35,148,23,931,418,15,157,3943,357,9551,181,112,46,4948,358,35664,3,24,33,683,40,9577,50,57,64,8201,307,1974,18613,35,4,22,0,1,0,0,0,0,0,1,0,1,0,0,4,0,2,0,1,1,0,3,1,21,0,14,0,88,71,312,2,0,75,7,1,0,10,539,1,0,0,27,2,890,222,78,92,1,0,0,2,1
19,10,3,206,49,247,2159,6,32,108,15,4,3,91,32,1536,7,0,75,17,20,79,2,52,26,4,17,4,15,56,49,4,9,3,3955,4447,261,9,7894,4,51,28,70,11,10,0,10,4109,25,4,12,9,7,4,24,18,1,2,2,7,5,0,0,1,9,7,30,0,18,0,1,2,3,1,1,2,2,1,3,3,0,2,4,5,0,0,9,24,9,1,28,0,0,0,0,93,1,2,4,1
17,6,2,388,43,119,506,67,739,807,224,102,45,192,143,6755,123,6,7686,251,313,256,27,3167,401,34,119,24,55,242,620,32,95,24,4447,13067,2400,73,8583,25,152,189,794,152,56,3,53,1586,41,88,7,3,6,1,12,15,2,13,22,57,73,7,3,3,16,13,117,4,172,18,17,24,23,11,27,8,2,1,10,16,3,6,32,18,10,2,183,59,48,2,65,1,4,0,7,42,6,12,42,30
19,8,2,99,32,61,124,1121,6072,858,292,417,280,137,52,359,353,62,1038,293,500,379,53,2962,383,17,1629,566,67,250,165,32,63,33,261,2400,3289,18,8676,798,177,234,225,252,28,42,61,1006,25,61,2,7,1,5,11,9,12,35,21,145,23,6,5,9,6,1,12,13,40,29,12,7,22,17,11,3,2,7,1,7,3,12,9,4,7,3,279,11,13,5,7,5,8,1,4,35,1,2,11,3
4,1,0,73,15,3,8,273,186,131,68,165,69,99,76,154,31,24,152,4868,43,210,499,15,564,4253,540,162,32,114,193,1366,1467,683,9,73,18,12363,32,45,43,87,158,6572,3157,43,1101,23,15,59,0,0,2,0,1,1,3,9,3,22,3,1,15,1,1,7,6,1,3,36,1,50,17,213,1,227,168,14,0,4,56,90,3,2,223,26,4,0,4,358,2,10,224,3,121,1,1,0,3,3
42,15,6,210,86,480,631,43,469,637,157,59,12,198,93,759,72,4,1047,72,235,233,41,7184,271,37,1305,379,59,182,107,30,68,40,7894,8583,8676,32,39270,717,152,143,215,583,24,33,74,13221,87,47,9,7,10,4,23,23,2,8,12,26,21,2,1,2,18,15,79,4,113,14,3,18,19,5,10,9,7,11,4,13,1,7,20,15,10,1,91,65,33,8,73,8,5,0,3,60,5,10,24,18
0,1,1,1,4,14,0,2,42,14,8,15,3,6,2,4,4,0,7,10,3,553,146,31,83,138,5623,15902,116,21,4,156,47,9577,4,25,798,45,717,24898,8,4,5,7559,8,837,1446,293,3,3,0,0,2,0,1,1,0,3,0,3,3,0,2,2,0,1,1,1,2,3,0,35,3,26,0,136,132,856,6,0,83,1,1,0,4,731,7,1,1,18,6,1890,334,110,120,7,0,0,2,1
64,172,54,524,25,129,161,32,44,13974,105,88,55,1159,350,249,30,5,120,46,108,10930,50,6,44,45,20,138,20341,15036,140,158,401,50,51,152,177,43,152,8,67495,9151,318,109,121,58,193,78,122,333,1,1,4,0,1,3,1,0,5,7,14,1,1,1,4,3,16,1,36,3,1,5,8,4,11,1,0,1,3,6,1,1,6,4,1,1,34,14,10,2,23,1,2,0,1,8,3,2,6,9
9,32,6,185,15,29,112,79,81,14272,195,313,216,575,280,276,129,14,185,77,960,944,135,10,99,64,58,52,504,13462,775,234,1034,57,28,189,234,87,143,4,9151,33816,2247,253,185,21,372,68,18,7139,1,0,3,0,0,2,1,2,5,7,12,3,1,1,3,3,18,2,43,5,4,7,9,2,7,3,4,2,4,7,0,6,8,5,5,4,29,10,4,9,8,0,3,0,0,3,0,1,5,8
12,4,0,1364,25,26,25,456,79,1287,129,183,406,716,7282,3333,317,267,933,433,3434,245,75,6,65,101,32,31,111,1441,13430,207,629,64,70,794,225,158,215,5,318,2247,36142,114,556,5,124,108,22,6927,1,1,9,0,3,7,1,1,1,4,9,1,0,0,6,3,32,1,44,9,0,10,8,6,5,5,2,1,1,8,1,2,5,9,5,3,43,15,9,7,29,1,6,0,3,4,4,0,5,6
5,2,0,80,13,21,20,117,533,520,323,575,110,114,57,111,125,20,151,1019,136,1822,3284,191,3215,9577,8883,2620,97,288,73,4973,3946,8201,11,152,252,6572,583,7559,109,253,114,54699,1011,800,9333,380,18,88,1,1,1,1,3,3,2,16,9,47,17,6,25,7,15,14,6,3,8,31,3,233,37,277,7,1608,688,218,12,3,727,126,21,5,216,693,5,4,9,722,10,757,1601,57,760,10,2,2,19,17
12,6,2,89,32,3,38,1009,246,250,112,221,952,376,176,223,76,86,161,3560,183,358,473,13,759,2971,660,106,78,429,437,3982,8374,307,10,56,28,3157,24,8,121,185,556,1011,10879,31,858,19,25,272,1,0,0,0,0,3,1,8,2,23,0,1,16,3,7,3,3,0,4,51,2,37,22,284,0,85,72,4,0,2,21,159,2,2,272,17,4,2,3,267,2,5,108,0,62,0,1,0,0,2
1,1,0,4,2,0,2,23,15,65,105,111,19,16,4,7,18,2,7,33,14,4392,3330,1,32,152,148,13602,994,62,3,204,231,1974,0,3,42,43,33,837,58,21,5,800,31,14708,7452,12,11,5,0,0,0,0,0,0,1,0,0,0,0,0,1,0,0,0,0,0,1,0,0,5,1,2,0,21,16,76,0,0,8,2,1,0,4,130,2,0,0,5,0,183,29,14,10,0,0,0,0,1
5,3,2,57,11,5,10,85,151,589,233,442,100,165,65,67,136,28,58,369,132,1650,4172,26,419,3130,979,7137,190,447,84,15466,6420,18613,10,53,61,1101,74,1446,193,372,124,9333,858,7452,42734,49,11,126,0,0,0,0,0,0,3,5,0,8,3,3,6,1,3,3,1,1,1,9,3,58,4,38,2,276,139,211,2,0,177,24,5,0,35,673,2,0,3,104,4,846,439,59,180,3,0,0,2,3
72,66,29,909,601,4664,2762,1,26,232,21,7,3,270,146,1451,3,1,90,20,19,154,27,60,114,21,569,144,30,134,58,30,41,35,4109,1586,1006,23,13221,293,78,68,108,380,19,12,49,11459,680,31,66,89,57,58,262,199,0,1,0,7,20,0,1,1,71,30,119,0,42,2,0,12,8,6,3,10,14,3,13,4,1,0,29,18,0,1,22,158,19,6,125,3,6,0,2,886,14,2,11,11
783,60,25,160,3385,2282,30,2,4,24,1,0,1,19140,133,63,0,0,5,8,1,56,4,5,9,6,10,6,6352,1923,18,24,13,4,25,41,25,15,87,3,122,18,22,18,25,11,11,680,10194,14,0,0,2,2,1,5,0,0,0,0,2,0,0,0,1,2,4,0,7,1,0,0,1,1,2,0,0,0,0,0,0,0,1,1,0,0,3,5,2,1,1,0,0,0,0,16,1,0,3,0
7,5,0,228,10,8,13,86,35,2966,64,98,195,2396,7462,121,70,30,93,96,1950,131,35,1,57,43,28,15,96,3616,1293,138,725,22,4,88,61,59,47,3,333,7139,6927,88,272,5,126,31,14,15064,0,0,0,0,0,2,0,0,1,1,3,0,0,0,2,0,3,0,12,2,1,1,0,1,0,1,1,0,0,2,0,2,1,1,2,1,7,2,0,2,3,0,2,1,2,1,0,0,2,0
1,1,1,19,0,29,29,0,2,2,1,0,1,7,5,13,0,0,1,3,0,2,0,0,0,0,1,0,0,2,0,0,0,0,12,7,2,0,9,0,1,1,1,1,1,0,0,66,0,0,35893,23737,2339,10596,17104,2037,3,5,5,6,78,2,10,0,17153,132,226,1,35,16,0,39,4,9,4,53,4,4,457,9,14,27,621,25,42,11,33,291,19,48,157,4,8,2,14,696,9399,42,110,26
4,1,1,20,4,22,17,0,0,4,0,0,0,9,0,10,0,0,2,1,0,1,0,0,0,0,0,0,0,3,1,0,0,1,9,3,7,0,7,0,1,0,1,1,0,0,0,89,0,0,23737,92655,9015,18290,4140,7561,3,4,1,7,87,7,5,2,7200,66,165,0,36,15,0,80,3,10,5,35,1,3,196,5,14,13,322,11,19,10,21,304,6,31,92,3,7,5,8,573,847,48,122,16
3,2,0,14,2,9,21,1,5,5,0,1,1,11,2,11,0,0,3,9,1,7,0,0,4,2,4,0,3,1,2,1,8,0,7,6,1,2,10,2,4,3,9,1,0,0,0,57,2,0,2339,9015,39345,285,567,10475,53,87,57,63,286,16,47,40,16204,6507,6110,13,248,162,13,194,16,67,27,270,29,34,315,224,74,169,904,777,370,73,102,440,201,356,202,15,56,16,99,244,871,115,458,130
45,14,181,172,689,2696,387,0,0,0,0,0,0,9,0,2,0,0,0,0,0,1,0,0,0,0,3,0,0,2,0,0,0,0,4,1,5,0,4,0,0,0,0,1,0,0,0,58,2,0,10596,18290,285,61241,27389,14356,1,2,1,0,20,0,0,0,278,6,35,0,8,1,0,20,2,4,0,5,3,0,24,0,3,6,49,3,4,1,11,154,2,7,45,0,1,1,5,562,240,4,40,4
2,4,4,62,6,190,77,0,0,6,0,0,0,13,3,26,0,0,1,0,1,3,0,1,0,0,6,0,4,2,2,1,1,0,24,12,11,1,23,1,1,0,3,3,0,0,0,262,1,0,17104,4140,567,27389,37367,7355,4,3,5,13,51,7,2,1,966,65,211,1,37,8,1,24,15,18,6,21,24,7,36,1,8,9,98,31,4,4,50,989,12,23,654,3,19,0,3,7499,4889,21,96,17
5,10,71,130,12,284,546,2,5,11,3,1,3,15,4,28,0,0,7,10,0,11,3,0,3,0,4,0,3,5,2,0,3,0,18,15,9,1,23,1,3,2,7,3,3,0,0,199,5,2,2037,7561,10475,14356,7355,43629,23,47,32,43,307,19,24,13,1590,194,5463,11,221,88,19,158,25,57,19,125,18,14,180,45,33,74,590,84,122,46,91,1246,93,161,572,4,48,5,43,1001,354,150,422,74
0,0,0,2,0,0,1,36,92,0,6,2,21,0,0,0,7,1,10,57,2,2,2,3,17,0,4,0,0,2,0,1,4,0,1,2,12,3,2,0,1,1,1,2,1,1,3,0,0,0,3,3,53,1,4,23,3466,8056,667,679,25,51,193,2327,86,89,252,528,165,2863,14,119,61,82,29,46,51,13,8,182,31,2375,27,123,335,18,282,11,89,22,6,5,9,2,30,3,5,2,12,15
0,0,1,0,0,0,2,56,133,21,7,10,9,3,0,1,9,10,27,25,5,6,2,12,10,4,10,0,0,2,1,0,7,1,2,13,35,9,8,3,0,2,1,16,8,0,5,1,0,0,5,4,87,2,3,47,8056,24073,5525,4497,308,386,751,2580,60,108,537,6130,773,4089,106,730,153,185,63,334,76,104,15,362,194,1573,14,168,1479,132,614,28,72,210,19,19,64,24,235,4,7,9,26,27
0,1,0,0,0,1,0,23,59,26,15,9,2,1,1,6,8,3,45,9,15,10,2,13,3,0,1,1,0,4,3,4,5,0,2,22,21,3,12,0,5,5,1,9,2,0,0,0,0,1,5,1,57,1,5,32,667,5525,7731,4591,349,357,515,816,58,103,947,3880,1249,326,176,438,74,80,458,110,23,47,8,3523,163,933,24,211,479,80,356,44,165,53,35,4,35,21,179,1,2,10,34,37
0,0,0,0,1,0,0,251,758,39,41,50,81,2,2,11,26,15,103,368,23,34,15,38,133,10,56,3,2,12,12,10,60,1,7,57,145,22,26,3,7,7,4,47,23,0,8,7,0,1,6,7,63,0,13,43,679,4497,4591,55475,584,685,1314,945,43,46,271,951,5682,6355,499,853,11094,7772,130,234,1485,130,12,173,158,1008,54,64,553,158,5994,102,90,321,148,43,326,32,264,53,8,29,109,75
1,0,1,2,1,3,4,20,56,49,12,4,3,10,2,23,4,6,65,5,17,23,0,12,3,4,5,1,6,14,7,1,5,0,5,73,23,3,21,3,14,12,9,17,0,0,3,20,2,3,78,87,286,20,51,307,25,308,349,584,32722,4101,2493,89,358,350,633,524,1211,56,4576,2747,332,71,644,98,58,140,705,175,70,170,711,156,56,91,1002,348,526,78,587,18,104,67,180,130,139,16096,19109,5706
0,0,0,0,1,0,0,8,19,7,4,1,0,1,1,3,0,5,15,1,2,3,0,2,4,0,1,0,1,3,3,0,0,0,0,7,6,1,2,0,1,3,1,6,1,0,3,0,0,0,2,7,16,0,7,19,51,386,357,685,4101,4722,5240,258,60,122,151,680,546,106,2828,5899,91,41,259,27,24,26,36,180,20,249,128,84,44,20,188,63,333,38,82,3,45,45,160,15,48,65,375,420
0,0,0,0,0,0,1,25,47,7,1,0,19,1,1,2,0,3,8,102,3,6,5,1,55,3,29,1,0,4,2,3,28,4,0,3,5,15,1,2,1,1,0,25,16,1,6,1,0,0,10,5,47,0,2,24,193,751,515,1314,2493,5240,22665,7065,82,167,208,4276,332,804,3852,7700,137,978,640,82,199,99,36,599,127,5794,133,161,274,96,251,24,533,174,50,10,169,111,751,4,8,46,295,403
0,0,0,0,0,0,0,15,63,3,0,4,13,0,0,2,4,0,3,50,1,6,2,2,34,1,7,0,0,1,1,0,8,0,1,3,9,1,2,2,1,1,0,7,3,0,1,1,0,0,0,2,40,0,1,13,2327,2580,816,945,89,258,7065,13928,67,109,266,5487,219,1127,331,415,74,331,138,34,98,25,6,406,86,7455,51,144,341,27,311,16,147,31,10,3,37,11,139,4,4,6,40,47
7,2,0,19,10,7,23,2,6,10,4,0,0,11,3,17,1,0,7,10,4,10,6,0,7,5,3,2,2,4,4,4,5,2,9,16,6,1,18,0,4,3,6,15,7,0,3,71,1,2,17153,7200,16204,278,966,1590,86,60,58,43,358,60,82,67,76176,13366,1257,46,321,151,77,441,33,98,133,830,56,220,5644,265,349,576,17572,752,728,293,190,329,767,487,301,39,144,52,363,351,11007,276,1411,750
4,4,1,12,7,2,10,2,4,14,1,0,2,12,6,20,1,0,8,8,1,4,0,0,5,4,6,0,2,8,7,4,3,0,7,13,1,7,15,1,3,3,3,14,3,0,3,30,2,0,132,66,6507,6,65,194,89,108,103,46,350,122,167,109,13366,41530,2631,74,300,189,212,377,20,82,299,437,39,162,223,725,340,622,5306,5704,641,225,157,161,6176,310,240,34,110,37,271,116,138,125,2351,5371
8,3,1,42,13,14,50,8,17,69,12,3,3,42,28,80,2,0,46,31,15,57,0,8,13,2,4,0,10,34,20,1,4,1,30,117,12,6,79,1,16,18,32,6,3,0,1,119,4,3,226,165,6110,35,211,5463,252,537,947,271,633,151,208,266,1257,2631,32160,290,9946,461,128,362,128,153,629,255,40,48,116,7744,148,552,562,4139,623,95,497,8604,1010,355,976,7,79,16,148,1185,108,133,532,315
0,0,0,0,0,0,1,16,41,10,6,3,2,2,1,3,7,3,18,9,2,1,1,4,3,2,1,0,0,3,2,0,2,1,0,4,13,1,4,1,1,2,1,3,0,0,1,0,0,0,1,0,13,0,1,11,528,6130,3880,951,524,680,4276,5487,46,74,290,7127,370,139,2763,655,102,64,784,25,21,31,13,1897,76,1165,46,114,82,32,315,23,278,20,36,5,37,14,193,3,8,18,127,249
1,2,0,26,9,3,9,38,108,140,28,15,10,31,12,85,13,3,181,37,35,72,3,15,14,1,6,0,15,57,39,0,8,0,18,172,40,3,113,2,36,43,44,8,4,1,1,42,7,12,35,36,248,8,37,221,165,773,1249,5682,1211,546,332,219,321,300,9946,370,17401,909,482,564,2923,317,798,105,89,42,92,1706,85,389,352,618,330,57,1414,4035,674,166,1517,11,73,15,104,260,39,139,650,487
1,0,0,1,0,1,0,196,483,4,12,13,214,1,2,10,8,3,27,861,5,23,26,13,321,5,74,1,0,3,6,8,151,3,0,18,29,36,14,3,3,5,9,31,51,0,9,2,1,2,16,15,162,1,8,88,2863,4089,326,6355,56,106,804,1127,151,189,461,139,909,14563,22,403,351,3691,43,412,654,109,16,210,246,3591,56,202,4128,180,532,84,114,3563,42,24,361,31,315,20,11,15,60,42
0,0,0,2,0,0,2,11,20,13,5,2,0,2,0,6,3,2,22,2,3,6,0,4,0,2,0,0,2,0,1,1,0,1,1,17,12,1,3,0,1,4,0,3,2,0,3,0,0,1,0,0,13,0,1,19,14,106,176,499,4576,2828,3852,331,77,212,128,2763,482,22,7502,900,202,40,3045,28,30,59,45,979,45,216,262,86,18,40,447,65,806,21,153,6,35,20,131,15,9,125,1039,3677
1,1,0,9,2,3,3,8,26,21,5,6,4,2,0,9,3,1,13,47,7,18,24,3,55,65,72,13,0,9,5,46,46,21,2,24,7,50,18,35,5,7,10,233,37,5,58,12,0,1,39,80,194,20,24,158,119,730,438,853,2747,5899,7700,415,441,377,362,655,564,403,900,44381,138,867,282,544,571,2105,6100,270,476,2583,1864,196,401,999,225,126,604,738,172,311,1530,9659,8897,51,156,5117,1436,594
0,1,0,3,1,1,4,26,78,20,10,6,11,7,4,11,6,2,33,93,15,12,5,8,43,10,21,3,3,13,8,8,16,0,3,23,22,17,19,3,8,9,8,37,22,1,4,8,1,0,4,3,16,2,15,25,61,153,74,11094,332,91,137,74,33,20,128,102,2923,351,202,138,8420,2720,228,87,888,37,24,125,59,188,68,26,138,41,5126,3753,106,165,3787,100,292,6,125,134,7,37,166,149
0,0,0,5,1,1,2,73,223,11,10,43,126,7,7,8,5,1,27,1041,1,26,78,9,614,50,283,14,1,11,5,49,335,14,1,11,17,213,5,26,4,2,6,277,284,2,38,6,1,1,9,10,67,4,18,57,82,185,80,7772,71,41,978,331,98,82,153,64,317,3691,40,867,2720,21052,49,731,10644,242,15,79,644,3961,57,85,2271,352,1532,86,94,1488,538,773,2219,67,1194,127,12,12,63,64
0,0,0,2,0,0,8,7,8,47,13,1,0,9,0,11,6,1,57,5,12,16,2,6,2,0,3,0,1,5,11,1,2,0,1,27,11,1,10,0,11,7,5,7,0,0,2,3,2,0,4,5,27,0,6,19,29,63,458,130,644,259,640,138,133,299,629,784,798,43,3045,282,228,49,4385,64,21,61,44,4286,113,311,269,450,69,78,461,109,3200,28,278,7,39,16,144,37,2,63,815,2880
0,0,0,1,0,1,1,4,26,17,10,24,9,1,0,2,1,1,5,39,3,50,120,5,101,570,543,72,0,5,4,431,127,88,2,8,3,227,9,136,1,3,5,1608,85,21,276,10,0,1,53,35,270,5,21,125,46,334,110,234,98,27,82,34,830,437,255,25,105,412,28,544,87,731,64,34060,1458,369,80,140,7561,1229,468,184,4412,5970,47,33,272,8915,61,234,9733,239,1620,35,51,44,235,154
0,1,0,1,0,0,0,23,63,10,2,18,30,1,3,2,1,1,6,206,1,33,76,17,192,237,522,62,1,3,2,166,131,71,2,2,2,168,7,132,0,4,2,688,72,16,139,14,0,1,4,1,29,3,24,18,51,76,23,1485,58,24,199,98,56,39,40,21,89,654,30,571,888,10644,21,1458,13936,1077,25,20,1119,986,61,16,908,658,1180,46,39,1053,937,5318,7124,137,1462,336,9,18,63,45
0,0,0,0,0,1,0,3,1,1,1,3,1,0,1,0,0,0,1,8,0,28,13,2,8,19,49,1041,5,1,0,27,11,312,1,1,7,14,11,856,1,2,1,218,4,76,211,3,0,0,4,3,34,0,7,14,13,104,47,130,140,26,99,25,220,162,48,31,42,109,59,2105,37,242,61,369,1077,51637,2236,63,685,151,356,42,108,10791,64,10,233,264,65,17472,1422,16708,1869,33,25,378,217,203
1,0,0,2,0,1,1,1,0,7,1,0,0,3,1,5,0,0,8,1,3,1,1,0,0,1,1,4,0,1,0,0,1,2,3,10,1,0,4,6,3,4,1,12,0,0,2,13,0,0,457,196,315,24,36,180,8,15,8,12,705,36,36,6,5644,223,116,13,92,16,45,6100,24,15,44,80,25,2236,104991,22,55,50,23779,65,53,223,84,58,93,40,97,140,59,3242,198,43,9521,21323,3115,177
0,1,0,2,0,0,2,9,24,26,4,0,3,7,1,14,2,1,57,13,7,9,0,5,6,1,3,0,2,17,6,2,3,0,3,16,7,4,13,0,6,7,8,3,2,0,0,4,0,2,9,5,224,0,1,45,182,362,3523,173,175,180,599,406,265,725,7744,1897,1706,210,979,270,125,79,4286,140,20,63,22,8896,199,711,157,4267,402,101,348,111,2936,95,126,6,46,17,196,28,2,15,240,649
0,0,0,1,1,0,0,3,8,4,4,9,3,0,0,1,1,0,2,17,1,28,48,4,41,236,175,35,0,2,5,150,41,75,0,3,3,56,1,83,1,0,1,727,21,8,177,1,0,0,14,14,74,3,8,33,31,194,163,158,70,20,127,86,349,340,148,76,85,246,45,476,59,644,113,7561,1119,685,55,199,17362,1560,246,178,2433,10497,36,11,379,1316,48,303,4230,766,7607,35,16,30,185,246
0,1,0,4,0,0,2,50,139,4,4,25,82,1,0,10,5,2,17,670,3,26,46,7,335,22,191,4,1,11,2,21,176,7,2,6,12,90,7,1,1,6,2,126,159,2,24,0,0,2,27,13,169,6,9,74,2375,1573,933,1008,170,249,5794,7455,576,622,552,1165,389,3591,216,2583,188,3961,311,1229,986,151,50,711,1560,19970,375,490,9426,399,240,51,701,1969,49,25,1036,72,4143,29,39,32,264,310
2,0,1,7,8,2,11,4,4,18,2,1,0,10,4,18,2,1,13,0,2,11,1,1,4,7,7,0,2,10,3,4,2,1,4,32,9,3,20,1,6,8,5,21,2,1,5,29,1,1,621,322,904,49,98,590,27,14,24,54,711,128,133,51,17572,5306,562,46,352,56,262,1864,68,57,269,468,61,356,23779,157,246,375,60647,413,364,317,287,261,564,190,323,46,136,330,318,120,1693,7473,19373,2225
2,1,0,6,5,3,5,1,3,20,2,2,1,8,3,19,1,0,12,9,2,14,0,0,3,1,2,0,2,10,7,1,4,0,5,18,4,2,15,0,4,5,9,5,2,0,0,18,1,1,25,11,777,3,31,84,123,168,211,64,156,84,161,144,752,5704,4139,114,618,202,86,196,26,85,450,184,16,42,65,4267,178,490,413,21326,443,108,150,140,6226,152,200,4,43,14,170,74,25,48,360,514
0,0,0,2,2,1,1,46,146,11,5,44,85,7,1,3,6,3,14,675,8,24,74,11,422,61,220,6,1,6,11,50,271,10,0,10,7,223,10,4,1,5,5,216,272,4,35,0,0,2,42,19,370,4,4,122,335,1479,479,553,56,44,274,341,728,641,623,82,330,4128,18,401,138,2271,69,4412,908,108,53,402,2433,9426,364,443,14178,537,119,59,399,5484,31,26,902,36,1183,10,38,18,162,137
0,0,0,2,0,0,0,1,5,3,4,4,1,0,0,0,0,0,0,12,2,48,32,1,27,97,128,206,5,0,0,125,28,539,0,2,3,26,1,731,1,4,3,693,17,130,673,1,0,1,11,10,73,1,4,46,18,132,80,158,91,20,96,27,293,225,95,32,57,180,40,999,41,352,78,5970,658,10791,223,101,10497,399,317,108,537,41924,32,12,270,1438,33,4670,8195,5731,7651,14,11,78,219,176
1,1,0,10,1,4,10,185,414,131,61,37,43,18,5,61,24,9,147,74,67,43,4,39,40,2,5,3,7,38,33,2,17,1,9,183,279,4,91,7,34,29,43,5,4,2,2,22,3,7,33,21,102,11,50,91,282,614,356,5994,1002,188,251,311,190,157,497,315,1414,532,447,225,5126,1532,461,47,1180,64,84,348,36,240,287,150,119,32,3622,1272,569,55,5168,138,88,10,64,820,30,132,556,550
5,9,1,55,19,20,79,1,14,50,7,1,1,39,17,70,4,0,30,13,5,36,0,2,3,0,5,1,5,29,11,1,4,0,24,59,11,0,65,1,14,10,15,4,2,0,0,158,5,2,291,304,440,154,989,1246,11,28,44,102,348,63,24,16,329,161,8604,23,4035,84,65,126,3753,86,109,33,46,10,58,111,11,51,261,140,59,12,1272,15925,225,66,11030,1,42,3,29,4733,80,92,285,147
2,2,0,6,3,1,6,6,12,52,4,2,0,17,1,31,5,0,43,6,12,42,2,1,5,4,1,2,8,15,12,2,3,0,9,48,13,4,33,1,10,4,9,9,3,0,3,19,2,0,19,6,201,2,12,93,89,72,165,90,526,333,533,147,767,6176,1010,278,674,114,806,604,106,94,3200,272,39,233,93,2936,379,701,564,6226,399,270,569,225,32838,128,540,17,117,49,485,91,28,94,1358,8037
1,0,0,3,1,1,1,18,52,19,11,32,12,2,0,4,4,0,10,143,1,27,104,17,291,210,539,21,0,8,5,204,222,27,1,2,5,358,8,18,2,9,7,722,267,5,104,6,1,2,48,31,356,7,23,161,22,210,53,321,78,38,174,31,487,310,355,20,166,3563,21,738,165,1488,28,8915,1053,264,40,95,1316,1969,190,152,5484,1438,55,66,128,20155,106,125,9980,79,1832,56,38,27,117,65
10,6,1,41,12,10,48,4,15,46,3,2,3,36,18,55,0,0,36,6,6,32,3,5,5,2,10,4,7,22,13,2,3,2,28,65,7,2,73,6,23,8,29,10,2,0,4,125,1,3,157,92,202,45,654,572,6,19,35,148,587,82,50,10,301,240,976,36,1517,42,153,172,3787,538,278,61,937,65,97,126,48,49,323,200,31,33,5168,11030,540,106,21714,200,207,16,72,11066,115,135,520,509
0,0,0,1,0,1,0,1,2,5,2,3,0,0,0,0,3,0,0,6,1,73,39,1,10,52,118,919,4,0,0,103,26,890,0,1,5,10,8,1890,1,0,1,757,5,183,846,3,0,0,4,3,15,0,3,4,5,19,4,43,18,3,10,3,39,34,7,5,11,24,6,311,100,773,7,234,5318,17472,140,6,303,25,46,4,26,4670,138,1,17,125,200,31325,5814,1463,659,83,1,35,23,12
0,0,1,4,0,1,1,6,30,14,8,18,3,2,0,3,2,2,5,54,7,49,117,7,97,507,541,119,3,3,0,388,112,222,0,4,8,224,5,334,2,3,6,1601,108,29,439,6,0,2,8,7,56,1,19,48,9,64,35,326,104,45,169,37,144,110,79,37,73,361,35,1530,292,2219,39,9733,7124,1422,59,46,4230,1036,136,43,902,8195,88,42,117,9980,207,5814,40080,608,3868,94,11,34,154,110
0,0,0,0,0,0,0,0,1,1,0,0,0,0,0,0,1,0,1,2,0,2,0,0,2,22,26,85,0,2,0,7,4,78,0,0,1,3,0,110,0,0,0,57,0,14,59,0,0,1,2,5,16,1,0,5,2,24,21,32,67,45,111,11,52,37,16,14,15,31,20,9659,6,67,16,239,137,16708,3242,17,766,72,330,14,36,5731,10,3,49,79,16,1463,608,19192,9289,5,17,918,98,43
1,0,0,0,0,0,0,2,16,8,5,14,7,1,0,0,0,0,5,36,2,17,48,5,86,214,234,43,0,4,3,164,70,92,0,7,4,121,3,120,1,0,3,760,62,10,180,2,0,2,14,8,99,5,3,43,30,235,179,264,180,160,751,139,363,271,148,193,104,315,131,8897,125,1194,144,1620,1462,1869,198,196,7607,4143,318,170,1183,7651,64,29,485,1832,72,659,3868,9289,26527,31,16,88,279,299
22,15,8,206,33,147,228,0,6,12,3,0,0,50,25,91,0,0,10,4,0,17,3,1,2,0,18,2,5,13,5,1,3,1,93,42,35,1,60,7,8,3,4,10,0,0,3,886,16,1,696,573,244,562,7499,1001,3,4,1,53,130,15,4,4,351,116,1185,3,260,20,15,51,134,127,37,35,336,33,43,28,35,29,120,74,10,14,820,4733,91,56,11066,83,94,5,31,10126,482,35,130,65
0,0,1,4,2,2,6,0,1,3,0,0,0,2,2,5,0,0,1,0,1,2,1,1,0,0,0,0,0,0,2,3,1,0,1,6,1,1,5,0,3,0,4,2,1,0,0,14,1,0,9399,847,871,240,4889,354,5,7,2,8,139,48,8,4,11007,138,108,8,39,11,9,156,7,12,2,51,9,25,9521,2,16,39,1693,25,38,11,30,80,28,38,115,1,11,17,16,482,44544,183,1023,30
0,0,1,2,0,0,2,1,2,7,1,0,0,2,1,8,1,0,5,0,1,2,0,1,1,2,1,0,0,2,2,1,1,0,2,12,2,0,10,0,2,1,0,2,0,0,0,2,0,0,42,48,115,4,21,150,2,9,10,29,16096,65,46,6,276,125,133,18,139,15,125,5117,37,12,63,44,18,378,21323,15,30,32,7473,48,18,78,132,92,94,27,135,35,34,918,88,35,183,43599,7985,354
2,0,0,8,3,1,4,4,6,31,8,3,0,9,3,21,1,0,36,3,8,26,1,2,0,7,6,0,3,11,7,3,0,2,4,42,11,3,24,2,6,5,5,19,0,0,2,11,3,2,110,122,458,40,96,422,12,26,34,109,19109,375,295,40,1411,2351,532,127,650,60,1039,1436,166,63,815,235,63,217,3115,240,185,264,19373,360,162,219,556,285,1358,117,520,23,154,98,279,130,1023,7985,27895,10843
1,1,0,1,2,1,1,1,8,26,4,2,1,5,0,18,1,0,42,4,10,19,0,3,5,3,6,1,3,11,3,4,1,1,1,30,3,3,18,1,9,8,6,17,2,1,3,11,0,0,26,16,130,4,17,74,15,27,37,75,5706,420,403,47,750,5371,315,249,487,42,3677,594,149,64,2880,154,45,203,177,649,246,310,2225,514,137,176,550,147,8037,65,509,12,110,43,299,65,30,354,10843,13541
