18852,7424,10704,1802,17743,6420,639,4,3,169,19,0,4,23705,149,711,3,8,3,20,0,308,1,5,10,10,0,2,431,649,7,25,30,7,33,14,22,18,30,0,212,152,15,6,40,0,3,106,611,3,4,5,7,107,12,18,0,0,0,0,5,0,0,0,15,2,40,1,7,0,1,1,2,1,0,0,1,0,2,0,0,0,8,5,0,0,11,18,0,0,10,0,0,0,0,73,5,0,7,0
7424,33355,12966,22274,1395,869,1467,4,2,495,17,1,3,6126,2822,572,1,1,3,10,1,546,0,4,5,9,0,3,183,274,4,18,10,1,35,6,27,13,43,1,327,342,30,3,16,1,2,158,76,25,8,14,17,12,18,26,0,0,1,1,4,1,0,0,21,4,61,1,5,1,0,4,1,0,0,0,1,0,3,1,0,0,6,8,0,0,7,37,2,0,16,0,0,0,0,148,9,1,6,0
10704,12966,57462,9109,10227,11897,14852,2,0,224,9,0,0,349,16,127,0,0,0,4,2,396,0,3,0,1,0,0,99,132,2,2,4,0,13,2,21,1,12,0,250,199,2,0,2,0,3,213,30,16,7,40,14,3552,61,604,0,1,0,0,2,0,0,0,16,6,40,1,0,0,1,1,2,0,1,0,0,0,3,2,0,0,6,5,0,0,10,18,1,0,12,0,0,0,0,136,2,1,3,1
1802,22274,9109,62631,579,2875,33675,12,2,1267,83,3,5,3858,15799,27994,2,10,8,37,2,764,1,15,12,10,0,1,222,398,71,41,36,4,110,35,76,43,100,0,417,501,3162,9,54,2,5,616,100,36,45,49,34,67,68,255,0,1,1,2,10,3,0,1,58,8,149,1,19,0,3,7,10,0,0,0,2,1,20,14,0,0,21,7,1,0,26,94,1,1,50,1,1,0,0,412,11,3,13,2
17743,1395,10227,579,29263,45937,480,8,3,57,8,1,3,12628,121,403,1,2,1,21,3,102,0,11,14,12,2,0,385,657,11,37,23,4,69,27,20,17,120,0,96,53,17,6,33,1,6,577,2476,4,17,6,8,878,7,8,0,0,1,0,2,2,0,0,11,2,28,1,5,0,0,3,2,0,1,0,0,0,3,5,0,0,8,2,0,0,5,24,0,0,8,0,1,0,0,36,7,2,3,3
6420,869,11897,2875,45937,47865,48587,0,2,67,9,1,0,1170,23,300,0,0,1,1,1,152,1,15,2,1,5,0,73,97,4,8,4,1,110,54,73,4,918,2,70,66,15,2,10,0,1,5752,3046,10,40,33,15,6797,197,579,0,0,0,0,1,0,0,0,8,0,31,0,1,0,1,2,1,0,0,0,3,1,2,1,0,0,2,1,0,0,14,12,0,0,20,1,1,0,0,322,5,0,2,1
639,1467,14852,33675,480,48587,41527,6,3,504,117,2,2,287,78,8170,3,4,8,14,11,236,0,113,12,3,2,0,53,69,11,8,7,4,4217,208,217,9,1413,0,96,97,718,6,5,1,7,3576,32,24,75,83,67,1988,248,1010,0,0,5,5,19,1,1,1,84,17,219,4,19,0,1,8,8,0,1,0,2,1,11,20,0,0,21,15,1,0,36,137,2,2,74,1,3,0,0,736,28,3,14,5
4,4,2,12,8,0,6,36939,3850,67,1564,1023,9601,79,104,1467,3349,4421,1354,15184,350,1285,301,986,150,22,9,1,15,20,2044,52,1015,5,7,18,1854,102,11,1,12,16,126,36,466,32,78,2,8,8,2,1,4,1,1,0,81,441,117,302,120,96,48,72,5,6,16,160,35,194,69,42,50,32,6,3,2,0,2,38,0,60,6,4,16,3,473,4,12,11,2,0,2,2,3,0,2,4,11,12
3,2,0,2,3,2,3,3850,54229,60,678,1171,1316,13,9,835,654,77,3736,6990,72,637,312,15071,9013,80,1493,13,6,4,54,143,1276,57,8,148,4923,111,160,83,6,20,19,580,88,25,117,8,1,14,2,3,1,0,1,2,217,486,91,582,85,89,157,281,7,6,32,146,33,1559,53,83,76,414,10,10,39,0,0,45,10,570,4,0,128,6,1368,8,5,64,4,2,36,0,12,3,0,3,20,9
169,495,224,1267,57,67,504,67,60,32064,3580,4488,348,412,422,3291,515,99,282,41,2652,5987,713,474,54,38,35,7,782,274,439,345,1050,58,106,189,1322,74,544,3,14086,15026,1729,137,63,203,1194,151,56,8483,3,3,5,1,2,2,4,79,99,63,111,33,3,6,23,25,73,86,114,16,34,30,60,7,14,3,13,2,23,57,11,18,18,13,28,2,106,56,11,13,34,2,15,2,9,13,5,8,59,22
19,17,9,83,8,9,117,1564,678,3580,5312,16031,1741,123,101,3143,1669,231,911,765,2193,6324,3421,421,95,33,38,5,29,30,511,118,1155,29,130,222,437,76,276,6,45,98,300,108,16,251,978,150,12,63,8,3,9,0,1,3,13,107,47,64,46,28,10,10,17,9,51,82,42,61,32,16,39,22,3,3,5,0,10,26,3,31,12,8,17,2,92,36,11,7,29,2,4,0,3,19,6,7,23,7
0,1,0,3,1,1,2,1023,1171,4488,16031,29383,15175,26,30,248,9191,432,272,750,4818,2453,6731,557,600,31,33,2,9,12,76,161,7346,26,4,29,549,66,53,1,46,182,110,161,73,129,954,2,0,164,0,0,0,0,0,1,38,92,32,85,24,33,49,43,0,2,4,22,8,278,9,23,16,136,2,3,14,0,1,10,0,274,0,1,89,4,193,1,5,43,2,0,18,1,7,0,0,2,4,2
4,3,0,5,3,0,2,9601,1316,348,1741,15175,32213,157,195,316,7702,1896,220,4610,1322,488,309,455,139,10,7,0,22,56,820,172,12090,4,1,10,1384,67,8,1,35,110,229,31,401,18,129,0,9,144,0,0,1,0,0,0,214,367,42,391,24,56,85,197,5,6,6,63,10,1000,14,31,25,116,1,3,2,0,0,26,1,273,0,0,39,2,650,0,1,11,1,0,6,0,5,0,0,0,6,3
23705,6126,349,3858,12628,1170,287,79,13,412,123,26,157,87592,18117,1543,61,142,61,186,55,711,21,74,105,127,9,15,4485,32607,413,716,892,48,217,252,596,169,448,4,1103,2237,893,79,625,11,183,190,18001,4485,42,9,27,4,9,17,2,4,10,4,44,11,1,0,37,29,175,4,62,2,2,20,18,11,3,2,3,0,18,34,1,9,54,15,11,0,51,86,10,14,54,0,3,0,1,83,12,10,33,1
149,2822,16,15799,121,23,78,104,9,422,101,30,195,18117,17819,7674,65,241,36,220,66,275,20,41,83,85,0,2,366,1373,1777,394,748,24,161,147,190,141,277,0,323,1015,15765,62,503,4,76,196,147,3200,30,13,27,4,6,13,1,5,2,1,16,2,0,0,33,12,125,2,31,2,5,14,8,9,2,0,7,0,15,15,1,3,27,15,7,0,37,58,0,7,37,0,5,0,0,82,16,2,24,3
711,572,127,27994,403,300,8170,1467,835,3291,3143,248,316,1543,7674,43382,735,2385,8512,1603,452,1219,74,1267,656,260,22,3,264,582,17438,411,358,74,3011,4394,1273,432,1294,4,507,835,10488,195,607,15,95,1844,111,364,82,42,43,10,38,48,10,63,74,53,156,35,3,10,158,66,405,67,258,48,44,67,83,27,23,3,10,0,61,121,5,42,76,63,17,0,189,346,25,26,170,0,11,5,4,251,42,25,135,30
3,1,0,2,1,0,3,3349,654,515,1669,9191,7702,61,65,735,10797,3902,504,26,11339,193,247,713,21,17,6,1,7,13,2404,51,655,12,4,33,983,19,13,0,17,48,117,13,17,22,277,1,5,47,1,0,1,0,0,1,41,229,56,165,66,48,15,15,1,2,8,121,8,18,38,30,30,6,7,1,0,0,0,14,0,19,1,1,8,1,254,4,5,6,3,1,2,1,3,1,0,0,6,10
8,1,0,10,2,0,4,4421,77,99,231,432,1896,142,241,2385,3902,2964,538,93,1116,119,52,171,27,15,2,1,21,67,6323,262,1321,10,6,16,294,33,20,1,30,114,495,22,133,8,99,2,5,222,0,0,2,0,0,2,2,57,51,25,46,15,1,4,0,6,12,36,17,8,16,10,30,6,2,0,4,0,4,11,1,7,5,1,10,2,35,7,5,9,1,0,2,0,0,0,0,3,16,4
3,3,0,8,1,1,8,1354,3736,282,911,272,220,61,36,8512,504,538,7638,858,238,613,61,2501,497,73,23,1,47,52,1330,80,131,22,10,2800,752,150,61,2,94,168,127,106,136,5,28,4,3,62,4,1,6,1,1,2,10,96,73,73,137,31,8,6,19,13,68,96,154,36,46,36,78,24,20,2,5,0,18,61,2,31,15,4,18,1,130,51,13,16,40,0,7,0,5,3,5,19,59,23
20,10,4,37,21,1,14,15184,6990,41,765,750,4610,186,220,1603,26,93,858,23222,25,764,764,280,5309,99,22,2,26,69,573,155,4566,19,8,61,366,4027,5,2,18,30,259,1291,5935,36,151,7,18,27,0,0,1,0,0,0,161,163,23,369,9,52,254,255,15,3,22,16,12,1702,7,78,34,856,1,13,43,0,1,32,11,1243,5,2,380,5,482,2,2,133,1,1,59,4,23,0,1,1,6,1
0,1,2,2,3,1,11,350,72,2652,2193,4818,1322,55,66,452,11339,1116,238,25,28301,163,342,324,29,22,8,9,12,34,1735,297,877,36,23,79,723,34,241,3,106,697,9805,42,25,52,631,31,2,3622,1,1,3,1,1,0,1,41,49,32,48,21,5,3,1,4,16,32,32,5,12,16,29,5,4,2,6,0,3,19,3,6,5,1,9,3,81,10,2,12,11,0,9,1,0,5,0,3,11,6
308,546,396,764,102,152,236,1285,637,5987,6324,2453,488,711,275,1219,193,119,613,764,163,16144,5954,359,362,172,227,1402,6671,479,127,498,502,489,87,168,543,286,294,263,14027,590,113,921,167,4161,2297,58,63,151,9,5,7,1,2,8,10,52,39,39,80,14,16,14,20,20,80,32,107,89,35,40,45,51,17,22,55,12,8,49,28,84,32,20,30,42,78,71,21,38,38,36,75,9,27,12,7,10,32,9
1,0,0,1,0,1,0,301,312,713,3421,6731,309,21,20,74,247,52,61,764,342,5954,14353,93,1174,225,373,37,6,20,20,515,4487,151,1,4,44,555,7,37,22,106,33,1112,361,3216,7424,1,2,51,0,0,1,0,0,0,5,4,1,25,1,8,18,9,2,1,0,4,0,133,2,51,7,188,0,20,111,1,0,3,22,199,1,0,137,22,27,1,1,172,0,9,115,2,26,0,1,0,3,1
5,4,3,15,11,15,113,986,15071,474,421,557,455,74,41,1267,713,171,2501,280,324,359,93,3690,1920,99,1966,33,50,80,133,200,156,129,604,11044,8735,55,15836,218,107,204,123,863,14,20,109,288,15,96,0,4,3,1,2,5,9,96,65,62,97,22,7,6,12,15,52,58,124,61,37,29,61,31,14,9,28,0,16,42,5,47,15,9,19,5,141,40,2,30,42,5,17,1,6,10,5,7,57,12
10,5,0,12,14,2,12,150,9013,54,95,600,139,105,83,656,21,27,497,5309,29,362,1174,1920,13641,94,2498,4,14,44,98,272,4111,66,10,68,180,248,13,7,12,33,74,2844,422,49,473,7,9,38,0,0,1,0,1,0,17,14,21,82,8,14,139,52,4,10,9,15,17,703,5,199,21,1623,0,38,227,0,0,11,32,1212,0,3,776,8,110,4,9,520,2,0,323,4,42,0,1,0,8,3
10,9,1,10,12,1,3,22,80,38,33,31,10,127,85,260,17,15,73,99,22,172,225,99,94,12793,297,25,17,36,71,7817,777,2851,2,5,15,4344,26,90,15,22,82,8543,684,86,631,3,10,15,0,0,1,0,0,0,0,1,2,6,3,2,3,0,3,3,3,1,2,7,5,129,5,68,0,170,482,6,0,5,119,97,1,1,60,62,3,2,3,251,1,30,344,1,102,1,3,1,3,3
0,0,0,0,2,5,2,9,1493,35,38,33,7,9,0,22,6,2,23,22,8,227,373,1966,2498,297,12567,453,0,2,2,764,224,624,2,5,1038,81,779,4527,3,16,6,8948,30,124,562,51,3,7,0,0,0,0,0,0,0,0,1,3,4,2,5,2,3,4,2,1,1,19,3,103,3,103,0,95,520,29,0,9,76,117,3,2,113,63,3,0,0,308,0,68,257,7,47,3,0,0,3,1
2,3,0,1,0,0,0,1,13,7,5,2,0,15,2,3,1,1,1,2,9,1402,37,33,4,25,453,44221,442,17,1,138,14,3645,0,1,74,19,90,13743,96,7,3,625,9,10767,4688,3,1,0,0,1,0,0,0,0,0,0,0,0,0,0,2,1,0,0,0,0,1,0,0,13,0,3,0,8,43,523,0,0,14,0,0,0,1,295,3,0,1,4,1,581,62,79,31,0,0,0,0,0
431,183,99,222,385,73,53,15,6,782,29,9,22,4485,366,264,7,21,47,26,12,6671,6,50,14,17,0,442,52179,7814,64,110,137,47,48,88,324,19,168,40,21593,1124,82,23,76,559,64,33,6832,100,9,2,5,0,0,1,0,4,4,2,14,4,0,0,14,13,47,6,36,0,2,8,8,2,8,0,0,0,8,22,0,2,17,10,3,7,14,40,6,2,29,0,2,0,0,16,1,7,22,0
649,274,132,398,657,97,69,20,4,274,30,12,56,32607,1373,582,13,67,52,69,34,479,20,80,44,36,2,17,7814,44696,137,358,494,32,81,149,662,58,373,1,8039,14864,272,36,218,13,155,52,3133,1366,8,6,6,0,2,9,1,1,6,3,25,2,0,1,31,13,92,10,71,2,4,17,7,8,8,2,2,0,27,33,1,5,33,10,3,2,51,73,9,6,43,1,3,0,0,19,7,12,35,7
7,4,2,71,11,4,11,2044,54,439,511,76,820,413,1777,17438,2404,6323,1330,573,1735,127,20,133,98,71,2,1,64,137,25735,296,736,20,27,101,764,159,279,1,89,325,12873,39,511,3,45,57,18,696,5,4,7,0,1,4,1,21,25,21,74,15,1,1,16,10,55,11,104,9,19,18,36,9,4,2,2,1,16,28,2,12,24,7,9,1,68,55,8,10,30,0,2,1,0,11,15,15,43,18
25,18,2,41,37,8,8,52,143,345,118,161,172,716,394,411,51,262,80,155,297,498,515,200,272,7817,764,138,110,358,296,23215,9525,3706,4,8,37,2334,95,236,148,439,409,4513,3691,237,9473,9,65,357,1,0,0,0,0,1,2,3,4,3,9,8,5,5,0,7,2,8,3,50,10,199,7,137,1,465,1009,26,0,7,317,169,4,3,136,243,11,1,6,471,0,177,933,16,268,0,0,0,5,4
30,10,4,36,23,4,7,1015,1276,1050,1155,7346,12090,892,748,358,655,1321,131,4566,877,502,4487,156,4111,777,224,14,137,494,736,9525,23325,186,2,12,122,2269,14,6,252,887,805,1385,8947,89,4058,3,46,852,3,0,1,0,0,2,95,57,22,176,15,43,257,172,5,14,11,26,18,1550,12,206,39,1380,2,34,147,0,2,24,26,1894,5,2,791,9,250,2,8,467,6,2,267,5,45,1,1,2,6,8
7,1,0,4,4,1,4,5,57,58,29,26,4,48,24,74,12,10,22,19,36,489,151,129,66,2851,624,3645,47,32,20,3706,186,12567,1,3,75,323,114,5208,15,35,32,5113,90,3319,9654,9,3,20,0,0,0,0,0,0,0,0,0,3,6,5,5,4,0,1,0,0,0,5,10,61,8,18,1,207,318,274,4,2,203,24,2,0,17,1318,0,0,2,88,4,1027,494,163,259,2,0,0,5,3
33,35,13,110,69,110,4217,7,8,106,130,4,1,217,161,3011,4,6,10,8,23,87,1,604,10,2,2,0,48,81,27,4,2,1,7229,7437,664,1,10643,0,51,52,72,9,1,1,4,6793,42,32,23,16,19,2,24,29,0,2,1,4,14,4,1,1,76,13,154,1,42,1,3,14,13,0,3,0,0,0,18,21,0,2,34,13,3,0,54,70,3,4,41,0,0,2,0,158,13,3,26,4
14,6,2,35,27,54,208,18,148,189,222,29,10,252,147,4394,33,16,2800,61,79,168,4,11044,68,5,5,1,88,149,101,8,12,3,7437,12312,1148,17,8593,1,117,197,180,17,4,4,5,1698,25,112,27,9,18,8,7,13,1,10,25,7,62,10,1,0,51,27,183,9,119,3,12,25,19,1,7,1,2,1,23,50,0,5,65,33,3,0,66,129,21,2,70,0,2,0,1,76,15,13,55,16
22,27,21,76,20,73,217,1854,4923,1322,437,549,1384,596,190,1273,983,294,752,366,723,543,44,8735,180,15,1038,74,324,662,764,37,122,75,664,1148,2554,7,7215,273,631,1295,929,112,16,15,53,748,45,826,25,13,19,0,42,24,26,197,50,145,77,29,14,10,29,14,118,85,87,25,38,22,47,9,19,2,2,3,13,52,0,17,14,26,17,4,123,121,22,7,79,5,4,2,2,275,16,11,59,24
18,13,1,43,17,4,9,102,111,74,76,66,67,169,141,432,19,33,150,4027,34,286,555,55,248,4344,81,19,19,58,159,2334,2269,323,1,17,7,9105,7,4,18,63,169,5068,2283,49,730,4,13,37,0,0,0,1,0,0,1,3,1,3,4,4,12,3,3,4,6,4,1,43,4,144,2,246,0,67,219,1,1,6,40,230,2,1,142,13,4,0,2,229,2,2,159,0,55,1,0,1,2,5
30,43,12,100,120,918,1413,11,160,544,276,53,8,448,277,1294,13,20,61,5,241,294,7,15836,13,26,779,90,168,373,279,95,14,114,10643,8593,7215,7,30979,456,258,579,476,281,3,17,47,16408,240,396,30,18,22,20,21,26,1,2,12,5,46,6,0,1,59,25,228,5,96,1,7,26,27,0,5,1,3,4,21,37,0,1,48,26,2,4,83,124,9,3,74,3,5,4,3,134,22,9,46,7
0,1,0,0,0,2,0,1,83,3,6,1,1,4,0,4,0,1,2,2,3,263,37,218,7,90,4527,13743,40,1,1,236,6,5208,0,1,273,4,456,22167,8,2,0,7517,2,1274,703,17,0,1,0,0,0,0,0,0,0,0,0,0,5,0,2,0,1,0,0,0,0,3,2,35,4,5,0,119,223,713,0,0,123,1,0,0,4,1591,6,1,2,14,3,1774,367,218,217,2,0,0,0,2
212,327,250,417,96,70,96,12,6,14086,45,46,35,1103,323,507,17,30,94,18,106,14027,22,107,12,15,3,96,21593,8039,89,148,252,15,51,117,631,18,258,8,51309,7901,250,14,57,90,127,37,155,1098,3,1,3,1,1,5,2,13,17,5,45,7,3,0,8,10,54,12,69,3,3,14,23,2,3,1,1,2,12,28,0,5,17,11,5,0,38,44,7,4,27,1,4,0,0,9,11,4,34,9
152,342,199,501,53,66,97,16,20,15026,98,182,110,2237,1015,835,48,114,168,30,697,590,106,204,33,22,16,7,1124,14864,325,439,887,35,52,197,1295,63,579,2,7901,8595,1619,63,128,29,458,60,35,8992,5,2,5,4,0,3,1,20,29,26,62,10,3,1,24,23,91,24,113,9,18,21,27,5,10,3,6,1,23,46,0,8,22,13,16,3,94,69,11,12,41,2,7,1,2,12,11,18,55,13
15,30,2,3162,17,15,718,126,19,1729,300,110,229,893,15765,10488,117,495,127,259,9805,113,33,123,74,82,6,3,82,272,12873,409,805,32,72,180,929,169,476,0,250,1619,58135,66,420,5,154,149,21,10753,5,5,3,1,0,4,1,5,15,7,39,7,1,0,17,9,82,12,67,7,7,17,17,8,4,3,2,0,24,25,1,12,30,6,5,0,58,47,6,8,22,0,4,0,0,16,10,5,32,9
6,3,0,9,6,2,6,36,580,137,108,161,31,79,62,195,13,22,106,1291,42,921,1112,863,2844,8543,8948,625,23,36,39,4513,1385,5113,9,17,112,5068,281,7517,14,63,66,21031,114,889,2680,24,14,40,3,0,0,0,0,0,0,5,2,10,10,8,16,5,4,13,3,8,1,46,14,303,9,278,3,531,1603,82,0,14,416,287,2,1,209,528,7,1,11,568,3,416,1096,37,310,2,0,0,8,8
40,16,2,54,33,10,5,466,88,63,16,73,401,625,503,607,17,133,136,5935,25,167,361,14,422,684,30,9,76,218,511,3691,8947,90,1,4,16,2283,3,2,57,128,420,114,4853,14,253,1,46,65,1,0,1,0,0,1,3,3,5,17,4,5,31,7,1,3,1,3,1,117,6,59,9,358,1,17,69,0,0,5,12,311,1,1,240,3,18,2,0,154,1,0,99,1,21,0,0,0,5,1
0,1,0,2,1,0,1,32,25,203,251,129,18,11,4,15,22,8,5,36,52,4161,3216,20,49,86,124,10767,559,13,3,237,89,3319,1,4,15,49,17,1274,90,29,5,889,14,22895,9629,0,1,19,0,0,0,0,0,0,0,1,0,0,1,0,1,0,0,1,1,1,0,8,1,11,1,5,0,43,43,98,0,0,24,12,0,0,3,384,0,0,0,9,1,270,103,61,71,0,1,0,0,0
3,2,3,5,6,1,7,78,117,1194,978,954,129,183,76,95,277,99,28,151,631,2297,7424,109,473,631,562,4688,64,155,45,9473,4058,9654,4,5,53,730,47,703,127,458,154,2680,253,9629,40082,10,8,291,1,0,0,0,0,0,1,6,2,9,6,3,7,4,0,2,2,4,1,23,11,146,10,123,3,258,429,161,1,4,259,141,1,1,122,1026,9,0,5,274,0,612,607,101,306,1,0,1,4,1
106,158,213,616,577,5752,3576,2,8,151,150,2,0,190,196,1844,1,2,4,7,31,58,1,288,7,3,51,3,33,52,57,9,3,9,6793,1698,748,4,16408,17,37,60,149,24,1,0,10,12196,1141,37,102,121,102,62,351,212,0,1,1,0,15,6,0,0,107,13,298,2,17,0,0,10,14,1,0,1,11,2,25,9,0,0,19,14,1,1,104,262,1,0,129,11,5,0,0,1587,30,8,19,1
611,76,30,100,2476,3046,32,8,1,56,12,0,9,18001,147,111,5,5,3,18,2,63,2,15,9,10,3,1,6832,3133,18,65,46,3,42,25,45,13,240,0,155,35,21,14,46,1,8,1141,13066,6,2,0,1,2,8,4,1,0,0,0,2,1,1,0,7,1,9,0,9,0,0,1,2,0,0,0,0,0,0,3,0,1,0,3,0,0,2,5,0,2,5,0,0,0,0,10,0,1,1,0
3,25,16,36,4,10,24,8,14,8483,63,164,144,4485,3200,364,47,222,62,27,3622,151,51,96,38,15,7,0,100,1366,696,357,852,20,32,112,826,37,396,1,1098,8992,10753,40,65,19,291,37,6,20550,3,0,2,1,1,1,1,8,5,3,25,6,0,0,9,3,45,11,40,6,5,12,14,4,1,0,3,1,6,22,2,4,15,3,6,0,40,25,4,8,17,0,7,0,2,2,8,1,21,6
4,8,7,45,17,40,75,2,2,3,8,0,0,42,30,82,1,0,4,0,1,9,0,0,0,0,0,0,9,8,5,1,3,0,23,27,25,0,30,0,3,5,5,3,1,0,1,102,2,3,46475,17332,8122,19474,25370,1281,1,10,9,1,145,8,1,2,20413,102,984,12,49,18,11,183,34,32,5,13,6,8,1020,52,2,8,968,23,38,6,105,298,6,45,185,1,14,6,6,839,7190,141,291,13
5,14,40,49,6,33,83,1,3,3,3,0,0,9,13,42,0,0,1,0,1,5,0,4,0,0,0,1,2,6,4,0,0,0,16,9,13,0,18,0,1,2,5,0,0,0,0,121,0,0,17332,101730,19938,35290,4709,14021,2,2,5,2,809,10,2,3,9487,136,368,5,26,2,14,426,27,7,3,3,1,10,508,15,6,3,688,5,12,4,50,213,10,14,38,5,1,9,1,386,545,401,1142,49
7,17,14,34,8,15,67,4,1,5,9,0,1,27,27,43,1,2,6,1,3,7,1,3,1,1,0,0,5,6,7,0,1,0,19,18,19,0,22,0,3,5,3,0,1,0,0,102,1,2,8122,19938,66857,1371,1380,18491,1,5,12,9,1139,58,4,5,24992,7334,7046,16,48,20,23,234,63,28,15,9,3,14,395,181,8,16,572,642,36,3,88,320,52,45,61,0,4,5,6,182,899,287,1104,96
107,12,3552,67,878,6797,1988,1,0,1,0,0,0,4,4,10,0,0,1,0,1,1,0,1,0,0,0,0,0,0,0,0,0,0,2,8,0,1,20,0,1,4,1,0,0,0,0,62,2,1,19474,35290,1371,81469,32979,33837,0,2,0,1,165,4,1,0,375,29,47,0,9,0,1,131,4,0,4,1,0,5,186,5,1,1,249,4,5,1,24,125,2,1,7,0,0,3,2,365,158,103,278,8
12,18,61,68,7,197,248,1,1,2,1,0,0,9,6,38,0,0,1,0,1,2,0,2,1,0,0,0,0,2,1,0,0,0,24,7,42,0,21,0,1,0,0,0,0,0,0,351,8,1,25370,4709,1380,32979,31308,9137,0,0,2,0,81,3,0,0,404,10,379,2,19,2,5,42,17,1,0,0,21,3,106,3,1,2,67,2,3,6,110,493,1,2,457,5,8,3,0,7883,2904,30,96,12
18,26,604,255,8,579,1010,0,2,2,3,1,0,17,13,48,1,2,2,0,0,8,0,5,0,0,0,0,1,9,4,1,2,0,29,13,24,0,26,0,5,3,4,0,1,0,0,212,4,1,1281,14021,18491,33837,9137,62569,1,4,1,4,927,43,3,1,538,79,5467,6,15,3,23,184,36,4,6,5,1,1,131,11,4,6,209,74,13,1,50,1101,17,8,63,0,1,5,4,698,119,170,772,81
0,0,0,0,0,0,0,81,217,4,13,38,214,2,1,10,41,2,10,161,1,10,5,9,17,0,0,0,0,1,1,2,95,0,0,1,26,1,1,0,2,1,1,0,3,0,1,0,1,1,1,2,1,0,0,1,3266,6967,458,406,21,64,520,2647,17,67,58,1532,68,3632,12,82,158,38,44,18,8,0,3,815,4,2418,10,16,386,5,547,0,23,19,5,0,8,3,6,0,1,0,11,10
0,0,1,1,0,0,0,441,486,79,107,92,367,4,5,63,229,57,96,163,41,52,4,96,14,1,0,0,4,1,21,3,57,0,2,10,197,3,2,0,13,20,5,5,3,1,6,1,0,8,10,2,5,2,0,4,6967,30621,4902,3701,138,825,372,1829,111,101,266,4555,257,8880,91,560,877,79,285,22,27,2,13,3086,24,413,30,51,431,9,3114,1,41,118,21,2,55,22,79,0,12,4,39,18
0,1,0,1,1,0,5,117,91,99,47,32,42,10,2,74,56,51,73,23,49,39,1,65,21,2,1,0,4,6,25,4,22,0,1,25,50,1,12,0,17,29,15,2,5,0,2,1,0,5,9,5,12,0,2,1,458,4902,1885,3876,110,342,103,155,96,62,2637,3061,2570,1687,274,253,506,505,495,18,27,2,11,9681,18,205,23,59,346,5,1079,12,52,111,69,3,58,2,21,0,19,7,45,50
0,1,0,2,0,0,5,302,582,63,64,85,391,4,1,53,165,25,73,369,32,39,25,62,82,6,3,0,2,3,21,3,176,3,4,7,145,3,5,0,5,26,7,10,17,0,9,0,0,3,1,2,9,1,0,4,406,3701,3876,40557,140,623,501,536,22,21,304,760,4625,5018,180,479,10563,8747,30,29,252,3,6,240,24,236,9,11,109,15,8330,8,30,110,15,4,170,4,52,5,6,7,38,37
5,4,2,10,2,1,19,120,85,111,46,24,24,44,16,156,66,46,137,9,48,80,1,97,8,3,4,0,14,25,74,9,15,6,14,62,77,4,46,5,45,62,39,10,4,1,6,15,2,25,145,809,1139,165,81,927,21,138,110,140,22379,3389,1461,260,269,539,2234,765,697,58,4413,2693,774,54,586,162,65,25,322,379,189,323,269,184,164,110,1316,675,694,192,487,11,181,202,467,134,41,12320,22796,6260
0,1,0,3,2,0,1,96,89,33,28,33,56,11,2,35,48,15,31,52,21,14,8,22,14,2,2,0,4,2,15,8,43,5,4,10,29,4,6,0,7,10,7,8,5,0,3,6,1,6,8,10,58,4,3,43,64,825,342,623,3389,6548,10700,888,30,33,569,1338,310,311,3299,7843,391,78,69,39,49,7,12,221,55,654,19,34,47,48,566,94,79,81,125,7,81,156,342,35,3,14,163,237
0,0,0,0,0,0,1,48,157,3,10,49,85,1,0,3,15,1,8,254,5,16,18,7,139,3,5,2,0,0,1,5,257,5,1,1,14,12,0,2,3,3,1,16,31,1,7,0,1,0,1,2,4,1,0,3,520,372,103,501,1461,10700,15438,11047,27,45,46,3332,59,899,3085,7084,188,433,74,43,80,5,7,268,61,6180,9,17,84,36,435,2,67,116,12,3,112,163,336,0,1,2,68,148
0,0,0,1,0,0,1,72,281,6,10,43,197,0,0,10,15,4,6,255,3,14,9,6,52,0,2,1,0,1,1,5,172,4,1,0,10,3,1,0,0,1,0,5,7,0,4,0,0,0,2,3,5,0,0,1,2647,1829,155,536,260,888,11047,13676,15,51,37,6979,50,1197,783,571,145,156,62,41,33,2,4,542,59,8018,7,15,352,26,574,5,54,47,8,6,54,32,184,0,1,2,30,46
15,21,16,58,11,8,84,5,7,23,17,0,5,37,33,158,1,0,19,15,1,20,2,12,4,3,3,0,14,31,16,0,5,0,76,51,29,3,59,1,8,24,17,4,1,0,0,107,7,9,20413,9487,24992,375,404,538,17,111,96,22,269,30,27,15,84154,27640,4791,157,209,190,25,316,88,134,26,110,12,23,4163,1153,55,102,10911,426,422,11,321,334,76,439,180,3,86,17,19,256,14113,266,1041,252
2,4,6,8,2,0,17,6,6,25,9,2,6,29,12,66,2,6,13,3,4,20,1,15,10,3,4,0,13,13,10,7,14,1,13,27,14,4,25,0,10,23,9,13,3,1,2,13,1,3,102,136,7334,29,10,79,67,101,62,21,539,33,45,51,27640,33610,8059,309,184,190,274,233,123,79,360,502,27,8,428,2259,262,746,4888,5360,1719,54,366,144,6962,621,130,0,109,14,130,40,187,156,3172,7767
40,61,40,149,28,31,219,16,32,73,51,4,6,175,125,405,8,12,68,22,16,80,0,52,9,3,2,0,47,92,55,2,11,0,154,183,118,6,228,0,54,91,82,3,1,1,2,298,9,45,984,368,7046,47,379,5467,58,266,2637,304,2234,569,46,37,4791,8059,50874,457,5232,512,326,510,1360,272,142,30,15,15,330,6991,24,113,667,7556,152,11,1095,18771,321,132,2962,1,61,6,32,4610,490,214,1178,369
1,1,1,1,1,0,4,160,146,86,82,22,63,4,2,67,121,36,96,16,32,32,4,58,15,1,1,0,6,10,11,8,26,0,1,9,85,4,5,0,12,24,12,8,3,1,4,2,0,11,12,5,16,0,2,6,1532,4555,3061,760,765,1338,3332,6979,157,309,457,12293,583,169,5199,895,753,53,2177,104,40,8,19,11615,167,2014,46,129,353,49,1209,26,284,79,110,2,56,48,409,3,16,7,114,215
7,5,0,19,5,1,19,35,33,114,42,8,10,62,31,258,8,17,154,12,32,107,0,124,17,2,1,1,36,71,104,3,18,0,42,119,87,1,96,0,69,113,67,1,1,0,1,17,9,40,49,26,48,9,19,15,68,257,2570,4625,697,310,59,50,209,184,5232,583,14597,498,463,326,5267,324,218,23,34,2,120,1520,19,155,183,162,136,5,1373,1508,173,88,1057,3,53,7,25,194,82,79,518,247
0,1,0,0,0,0,0,194,1559,16,61,278,1000,2,2,48,18,8,36,1702,5,89,133,61,703,7,19,0,0,2,9,50,1550,5,1,3,25,43,1,3,3,9,7,46,117,8,23,0,0,6,18,2,20,0,2,3,3632,8880,1687,5018,58,311,899,1197,190,190,512,169,498,24338,46,580,503,7223,27,87,113,1,18,1768,59,2749,44,110,3808,41,2076,6,48,1997,17,3,679,22,115,5,27,7,47,12
1,0,1,3,0,1,1,69,53,34,32,9,14,2,5,44,38,16,46,7,12,35,2,37,5,5,3,0,2,4,19,10,12,10,3,12,38,4,7,2,3,18,7,14,6,1,11,0,0,5,11,14,23,1,5,23,12,91,274,180,4413,3299,3085,783,25,274,326,5199,463,46,23402,2074,675,41,7883,183,109,9,16,1711,340,1070,43,65,172,162,834,84,1411,198,196,10,187,254,926,22,7,67,1808,8453
1,4,1,7,3,2,8,42,83,30,16,23,31,20,14,67,30,10,36,78,16,40,51,29,199,129,103,13,8,17,18,199,206,61,14,25,22,144,26,35,14,21,17,303,59,11,146,10,1,12,183,426,234,131,42,184,82,560,253,479,2693,7843,7084,571,316,233,510,895,326,580,2074,33852,293,818,138,627,1210,1560,2735,364,613,3409,470,70,607,1060,416,177,245,1882,160,153,1668,7242,8027,52,137,1491,1337,378
2,1,2,10,2,1,8,50,76,60,39,16,25,18,8,83,30,30,78,34,29,45,7,61,21,5,3,0,8,7,36,7,39,8,13,19,47,2,27,4,23,27,17,9,9,1,10,14,2,14,34,27,63,4,17,36,158,877,506,10563,774,391,188,145,88,123,1360,753,5267,503,675,293,5488,3853,119,53,1756,18,47,264,59,212,62,58,82,46,5003,5572,95,116,3039,107,644,14,74,188,28,50,313,174
1,0,0,0,0,0,0,32,414,7,22,136,116,11,9,27,6,6,24,856,5,51,188,31,1623,68,103,3,2,8,9,137,1380,18,0,1,9,246,0,5,2,5,8,278,358,5,123,1,0,4,32,7,28,0,1,4,38,79,505,8747,54,78,433,156,134,79,272,53,324,7223,41,818,3853,20761,16,151,8857,11,13,364,170,2466,25,46,567,85,1790,15,45,396,152,66,1679,22,244,24,28,7,35,29
0,0,1,0,1,0,1,6,10,14,3,2,1,3,2,23,7,2,20,1,4,17,0,14,0,0,0,0,8,8,4,1,2,1,3,7,19,0,5,0,3,10,4,3,1,0,3,0,0,1,5,3,15,4,0,6,44,285,495,30,586,69,74,62,26,360,142,2177,218,27,7883,138,119,16,9842,75,20,1,14,7709,82,248,51,2615,179,16,388,73,2846,122,90,0,23,11,113,12,0,40,861,3916
0,0,0,0,0,0,0,3,10,3,3,3,3,2,0,3,1,0,2,13,2,22,20,9,38,170,95,8,0,2,2,465,34,207,0,1,2,67,1,119,1,3,3,531,17,43,258,1,0,0,13,3,9,1,0,5,18,22,18,29,162,39,43,41,110,502,30,104,23,87,183,627,53,151,75,19954,1030,11,40,240,10700,3069,88,77,3926,3451,40,2,266,8043,9,47,3474,59,671,2,13,22,344,226
1,1,0,2,0,3,2,2,39,13,5,14,2,3,7,10,0,4,5,43,6,55,111,28,227,482,520,43,0,2,2,1009,147,318,0,2,2,219,3,223,1,6,2,1603,69,43,429,11,0,3,6,1,3,0,21,1,8,27,27,252,65,49,80,33,12,27,15,40,34,113,109,1210,1756,8857,20,1030,17238,567,8,31,1095,976,6,7,509,608,726,57,33,1344,916,4123,10396,93,1023,162,13,0,39,27
0,0,0,1,0,1,1,0,0,2,0,0,0,0,0,0,0,0,0,0,0,12,1,0,0,6,29,523,0,0,1,26,0,274,0,1,3,1,4,713,2,1,0,82,0,98,161,2,0,1,8,10,14,5,3,1,0,2,2,3,25,7,5,2,23,8,15,8,2,1,9,1560,18,11,1,11,567,28641,1148,8,76,19,77,0,4,7506,84,5,2,14,59,9696,305,13172,763,13,17,281,61,7
2,3,3,20,3,2,11,2,0,23,10,1,0,18,15,61,0,4,18,1,3,8,0,16,0,0,0,0,8,27,16,0,2,4,18,23,13,1,21,0,12,23,24,0,0,0,1,25,0,6,1020,508,395,186,106,131,3,13,11,6,322,12,7,4,4163,428,330,19,120,18,16,2735,47,13,14,40,8,1148,81843,110,18,38,21702,36,83,106,219,157,40,54,108,40,17,715,61,91,9385,18878,2718,53
0,1,2,14,5,1,20,38,45,57,26,10,26,34,15,121,14,11,61,32,19,49,3,42,11,5,9,0,22,33,28,7,24,2,21,50,52,6,37,0,28,46,25,14,5,0,4,9,3,22,52,15,181,5,3,11,815,3086,9681,240,379,221,268,542,1153,2259,6991,11615,1520,1768,1711,364,264,364,7709,240,31,8,110,16208,139,1043,224,5234,2062,43,731,175,2361,913,247,2,223,9,148,47,94,44,365,242
0,0,0,0,0,0,0,0,10,11,3,0,1,1,1,5,0,1,2,11,3,28,22,5,32,119,76,14,0,1,2,317,26,203,0,0,0,40,0,123,0,0,1,416,12,24,259,0,0,2,2,6,8,1,1,4,4,24,18,24,189,55,61,59,55,262,24,167,19,59,340,613,59,170,82,10700,1095,76,18,139,15458,1247,56,37,1807,8451,29,6,253,2345,16,81,2212,135,5263,5,7,15,268,243
0,0,0,0,0,0,0,60,570,18,31,274,273,9,3,42,19,7,31,1243,6,84,199,47,1212,97,117,0,2,5,12,169,1894,24,2,5,17,230,1,1,5,8,12,287,311,12,141,0,1,4,8,3,16,1,2,6,2418,413,205,236,323,654,6180,8018,102,746,113,2014,155,2749,1070,3409,212,2466,248,3069,976,19,38,1043,1247,27005,83,156,10943,181,470,11,847,2434,17,7,921,61,1490,3,12,33,520,659
8,6,6,21,8,2,21,6,4,18,12,0,0,54,27,76,1,5,15,5,5,32,1,15,0,1,3,0,17,33,24,4,5,2,34,65,14,2,48,0,17,22,30,2,1,0,1,19,0,15,968,688,572,249,67,209,10,30,23,9,269,19,9,7,10911,4888,667,46,183,44,43,470,62,25,51,88,6,77,21702,224,56,83,63445,143,337,25,299,211,134,183,195,5,25,56,26,95,2023,6594,17746,281
5,8,5,7,2,1,15,4,0,13,8,1,0,15,15,63,1,1,4,2,1,20,0,9,3,1,2,0,10,10,7,3,2,0,13,33,26,1,26,0,11,13,6,1,1,0,1,14,3,3,23,5,642,4,2,74,16,51,59,11,184,34,17,15,426,5360,7556,129,162,110,65,70,58,46,2615,77,7,0,36,5234,37,156,143,13798,328,11,222,90,8299,210,103,1,44,3,28,40,20,29,327,512
0,0,0,1,0,0,1,16,128,28,17,89,39,11,7,17,8,10,18,380,9,30,137,19,776,60,113,1,3,3,9,136,791,17,3,3,17,142,2,4,5,16,5,209,240,3,122,1,0,6,38,12,36,5,3,13,386,431,346,109,164,47,84,352,422,1719,152,353,136,3808,172,607,82,567,179,3926,509,4,83,2062,1807,10943,337,328,8070,220,133,10,812,2488,24,5,361,17,451,0,44,55,695,448
0,0,0,0,0,0,0,3,6,2,2,4,2,0,0,0,1,2,1,5,3,42,22,5,8,62,63,295,7,2,1,243,9,1318,0,0,4,13,4,1591,0,3,0,528,3,384,1026,1,0,0,6,4,3,1,6,1,5,9,5,15,110,48,36,26,11,54,11,49,5,41,162,1060,46,85,16,3451,608,7506,106,43,8451,181,25,11,220,21178,26,2,72,630,27,1708,3945,7184,4634,7,1,39,88,78
11,7,10,26,5,14,36,473,1368,106,92,193,650,51,37,189,254,35,130,482,81,78,27,141,110,3,3,3,14,51,68,11,250,0,54,66,123,4,83,6,38,94,58,7,18,0,9,104,2,40,105,50,88,24,110,50,547,3114,1079,8330,1316,566,435,574,321,366,1095,1209,1373,2076,834,416,5003,1790,388,40,726,84,219,731,29,470,299,222,133,26,2762,2043,363,54,5101,213,173,13,41,1112,158,227,1022,439
18,37,18,94,24,12,137,4,8,56,36,1,0,86,58,346,4,7,51,2,10,71,1,40,4,2,0,0,40,73,55,1,2,0,70,129,121,0,124,1,44,69,47,1,2,0,0,262,5,25,298,213,320,125,493,1101,0,1,12,8,675,94,2,5,334,144,18771,26,1508,6,84,177,5572,15,73,2,57,5,157,175,6,11,211,90,10,2,2043,13438,88,8,13075,5,18,4,6,5569,143,107,493,141
0,2,1,1,0,0,2,12,5,11,11,5,1,10,0,25,5,5,13,2,2,21,1,2,9,3,0,1,6,9,8,6,8,2,3,21,22,2,9,2,7,11,6,11,0,0,5,1,0,4,6,10,52,2,1,17,23,41,52,30,694,79,67,54,76,6962,321,284,173,48,1411,245,95,45,2846,266,33,2,40,2361,253,847,134,8299,812,72,363,88,34497,244,92,2,66,28,240,16,14,76,1780,7718
0,0,0,1,0,0,2,11,64,13,7,43,11,14,7,26,6,9,16,133,12,38,172,30,520,251,308,4,2,6,10,471,467,88,4,2,7,229,3,14,4,12,8,568,154,9,274,0,2,8,45,14,45,1,2,8,19,118,111,110,192,81,116,47,439,621,132,79,88,1997,198,1882,116,396,122,8043,1344,14,54,913,2345,2434,183,210,2488,630,54,8,244,11006,47,20,7405,73,1006,5,61,36,270,154
10,16,12,50,8,20,74,2,4,34,29,2,1,54,37,170,3,1,40,1,11,38,0,42,2,1,0,1,29,43,30,0,6,4,41,70,79,2,74,3,27,41,22,3,1,1,0,129,5,17,185,38,61,7,457,63,5,21,69,15,487,125,12,8,180,130,2962,110,1057,17,196,160,3039,152,90,9,916,59,108,247,16,17,195,103,24,27,5101,13075,92,47,14685,200,231,7,28,19535,332,59,377,121
0,0,0,1,0,1,1,0,2,2,2,0,0,0,0,0,1,0,0,1,0,36,9,5,0,30,68,581,0,1,0,177,2,1027,0,0,5,2,3,1774,1,2,0,416,0,270,612,11,0,0,1,5,0,0,5,0,0,2,3,4,11,7,3,6,3,0,1,2,3,3,10,153,107,66,0,47,4123,9696,40,2,81,7,5,1,5,1708,213,5,2,20,200,19606,3075,857,252,51,4,15,7,3
0,0,0,1,1,1,3,2,36,15,4,18,6,3,5,11,2,2,7,59,9,75,115,17,323,344,257,62,2,3,2,933,267,494,0,2,4,159,5,367,4,7,4,1096,99,103,607,5,0,7,14,1,4,0,8,1,8,55,58,170,181,81,112,54,86,109,61,56,53,679,187,1668,644,1679,23,3474,10396,305,17,223,2212,921,25,44,361,3945,173,18,66,7405,231,3075,20651,239,1431,74,14,6,68,69
0,0,0,0,0,0,0,2,0,2,0,1,0,0,0,5,1,0,0,4,1,9,2,1,4,1,7,79,0,0,1,16,5,163,2,0,2,0,4,218,0,1,0,37,1,61,101,0,0,0,6,9,5,3,3,5,3,22,2,4,202,156,163,32,17,14,6,48,7,22,254,7242,14,22,11,59,93,13172,715,9,135,61,56,3,17,7184,13,4,28,73,7,857,239,23464,9411,0,10,255,81,50
0,0,0,0,0,0,0,3,12,9,3,7,5,1,0,4,3,0,5,23,0,27,26,6,42,102,47,31,0,0,0,268,45,259,0,1,2,55,3,217,0,2,0,310,21,71,306,0,0,2,6,1,6,2,0,4,6,79,21,52,467,342,336,184,19,130,32,409,25,115,926,8027,74,244,113,671,1023,763,61,148,5263,1490,26,28,451,4634,41,6,240,1006,28,252,1431,9411,23505,2,1,37,225,323
73,148,136,412,36,322,736,0,3,13,19,0,0,83,82,251,1,0,3,0,5,12,0,10,0,1,3,0,16,19,11,0,1,2,158,76,275,1,134,2,9,12,16,2,0,0,1,1587,10,2,839,386,182,365,7883,698,0,0,0,5,134,35,0,0,256,40,4610,3,194,5,22,52,188,24,12,2,162,13,91,47,5,3,95,40,0,7,1112,5569,16,5,19535,51,74,0,2,10527,1248,27,106,35
5,9,2,11,7,5,28,2,0,5,6,0,0,12,16,42,0,0,5,1,0,7,1,5,1,3,0,0,1,7,15,0,1,0,13,15,16,0,22,0,11,11,10,0,0,1,0,30,0,8,7190,545,899,158,2904,119,1,12,19,6,41,3,1,1,14113,187,490,16,82,27,7,137,28,28,0,13,13,17,9385,94,7,12,2023,20,44,1,158,143,14,61,332,4,14,10,1,1248,31745,69,257,3
0,1,1,3,2,0,3,4,3,8,7,2,0,10,2,25,0,3,19,1,3,10,0,7,0,1,0,0,7,12,15,0,2,0,3,13,11,1,9,0,4,18,5,0,0,0,1,8,1,1,141,401,287,103,30,170,0,4,7,7,12320,14,2,2,266,156,214,7,79,7,67,1491,50,7,40,22,0,281,18878,44,15,33,6594,29,55,39,227,107,76,36,59,15,6,255,37,27,69,50400,4896,181
7,6,3,13,3,2,14,11,20,59,23,4,6,33,24,135,6,16,59,6,11,32,3,57,8,3,3,0,22,35,43,5,6,5,26,55,59,2,46,0,34,55,32,8,5,0,4,19,1,21,291,1142,1104,278,96,772,11,39,45,38,22796,163,68,30,1041,3172,1178,114,518,47,1808,1337,313,35,861,344,39,61,2718,365,268,520,17746,327,695,88,1022,493,1780,270,377,7,68,81,225,106,257,4896,25213,9539
0,0,1,2,3,1,5,12,9,22,7,2,3,1,3,30,10,4,23,1,6,9,1,12,3,3,1,0,0,7,18,4,8,3,4,16,24,5,7,2,9,13,9,8,1,0,1,1,0,6,13,49,96,8,12,81,10,18,50,37,6260,237,148,46,252,7767,369,215,247,12,8453,378,174,29,3916,226,27,7,53,242,243,659,281,512,448,78,439,141,7718,154,121,3,69,50,323,35,3,181,9539,17876
