29895,4522,15354,2579,16483,10424,427,2,2,40,42,0,0,26657,597,459,0,0,3,2,0,152,2,8,0,1,2,8,176,119,41,3,0,1,96,4,18,4,11,3,75,84,25,2,0,10,2,119,1107,77,0,0,0,77,1,0,0,0,1,0,1,0,0,0,0,0,3,0,2,0,0,0,1,0,0,0,0,0,0,3,0,0,0,0,0,0,4,2,0,0,0,0,0,0,0,1,0,0,0,0
4522,7529,6042,5104,412,1716,723,0,1,13,14,0,0,2988,1736,134,0,0,0,1,0,68,0,0,0,1,0,1,44,26,11,0,0,0,63,6,3,1,8,0,27,19,9,0,0,1,2,63,105,27,0,0,0,142,0,0,0,0,0,0,0,0,0,0,0,0,0,0,0,0,0,0,0,0,0,0,0,0,0,0,0,0,0,0,0,0,1,0,0,0,1,0,0,0,0,0,0,0,0,0
15354,6042,16120,4065,3843,7058,2808,0,0,58,25,0,1,1203,171,123,1,1,2,0,0,139,0,3,0,0,0,6,62,41,9,1,0,1,47,3,6,2,11,0,64,48,14,3,0,3,3,49,120,50,171,32,10,1123,16,3,0,0,0,0,0,0,0,0,17,1,0,0,0,0,0,0,2,0,0,0,0,0,0,3,0,0,0,0,0,0,0,0,0,0,0,0,0,0,0,0,2,0,0,0
2579,5104,4065,49137,885,8844,17455,4,6,928,603,0,2,4625,20345,6940,1,7,5,13,3,642,3,22,2,1,2,24,315,221,451,4,13,3,784,26,41,19,156,3,349,265,1182,6,2,32,11,755,369,571,0,0,0,913,0,0,0,0,2,4,5,0,0,0,0,0,12,1,3,0,0,2,2,0,0,0,1,0,3,14,0,0,1,0,0,0,17,18,0,1,11,0,0,0,0,9,2,1,3,1
16483,412,3843,885,28265,36464,164,6,1,31,22,0,1,15307,430,338,0,0,1,1,2,67,0,16,0,2,3,6,181,154,36,2,1,1,50,10,40,2,46,1,45,115,36,7,0,3,4,123,2841,156,0,0,1,19,0,0,0,0,0,1,0,0,0,0,1,0,5,0,0,1,0,1,0,1,0,0,0,0,0,2,0,0,1,0,0,0,6,6,0,0,1,0,0,0,0,2,0,0,1,1
10424,1716,7058,8844,36464,33313,18934,5,8,272,127,0,2,4954,928,871,0,3,3,5,0,1065,7,70,4,3,28,70,795,399,64,7,6,11,895,36,110,3,1256,18,614,257,75,50,1,33,10,1979,4259,193,135,24,13,2591,507,293,0,2,2,2,17,2,0,0,19,0,11,0,4,1,1,6,7,1,1,0,0,2,6,11,0,0,8,1,0,0,11,10,0,0,22,1,3,0,0,38,3,0,18,0
427,723,2808,17455,164,18934,28812,3,5,333,240,1,1,666,309,8742,1,1,3,2,1,510,1,9,2,0,1,13,159,113,11,3,3,0,743,21,24,0,480,1,203,128,10,2,1,11,2,542,107,157,0,4,4,890,694,265,0,0,1,0,9,0,0,0,3,2,14,0,2,1,0,5,0,0,1,0,0,1,1,12,0,0,5,0,0,0,10,9,0,0,8,0,0,1,0,9,3,0,2,0
2,0,0,4,6,5,3,35626,2844,116,2572,930,4195,52,44,982,2318,6581,927,17031,420,880,629,459,105,104,42,17,30,25,3847,139,870,20,0,39,892,1521,7,7,25,82,460,49,1031,108,85,0,12,981,0,0,0,0,0,0,50,54,16,262,29,31,30,44,1,0,5,22,19,260,13,37,77,54,0,1,15,0,2,7,2,47,1,0,12,1,75,4,0,4,0,0,7,1,0,2,0,2,3,0
2,1,0,6,1,8,5,2844,54194,105,1205,818,498,21,8,227,408,178,4256,10615,335,438,609,12206,9959,48,7008,80,35,35,126,167,317,114,1,209,5307,313,27,262,39,35,20,2036,15,184,233,0,12,28,0,0,1,1,0,3,156,88,22,926,25,65,93,155,0,2,4,37,29,2622,24,117,148,809,4,9,385,1,6,23,11,347,1,2,72,9,487,14,0,53,1,7,93,4,15,2,1,1,3,4
40,13,58,928,31,272,333,116,105,23905,2251,565,225,204,339,744,268,593,122,69,1915,2030,556,240,26,28,9,55,379,221,2090,390,2329,21,17,124,181,51,104,3,21624,51248,2342,52,32,59,553,34,75,13876,0,0,0,12,0,1,3,4,8,9,7,3,2,1,1,1,2,8,10,10,5,5,8,5,1,1,5,0,3,7,3,2,2,0,4,4,9,11,1,2,6,1,8,0,1,3,1,0,4,1
42,14,25,603,22,127,240,2572,1205,2251,9506,16141,1410,243,296,1275,2396,295,853,864,3077,4380,4688,1056,105,24,36,48,41,57,1304,377,1529,27,59,396,862,64,250,5,102,77,669,80,13,119,642,64,36,318,1,0,0,5,0,0,25,31,15,110,21,17,13,16,2,0,14,19,28,77,13,11,41,11,2,4,7,1,8,29,4,10,2,0,2,0,37,17,2,3,7,2,13,0,1,5,4,0,8,1
0,0,0,0,0,0,1,930,818,565,16141,26141,9294,3,6,53,9475,223,170,862,5059,1272,6960,364,191,2,12,1,5,1,87,51,12251,2,0,39,245,23,17,0,3,14,227,36,7,9,195,0,1,13,0,0,0,0,0,0,5,5,2,44,1,7,2,14,0,0,1,4,1,82,1,4,11,14,0,1,9,0,0,1,1,6,0,0,8,1,28,0,0,1,0,1,6,0,0,0,0,0,0,0
0,0,1,2,1,2,1,4195,498,225,1410,9294,20912,15,9,44,11381,2102,40,3619,363,250,577,56,157,6,20,7,9,25,803,25,20582,2,0,13,120,87,8,0,26,259,184,12,210,17,35,0,1,838,0,0,1,0,0,0,15,14,2,112,2,10,11,27,1,1,1,2,4,337,0,9,13,67,0,0,13,0,0,2,1,48,0,0,7,0,32,0,0,3,0,0,1,0,2,0,0,0,1,0
26657,2988,1203,4625,15307,4954,666,52,21,204,243,3,15,85401,15403,1523,4,34,84,26,9,717,30,200,3,44,6,110,7676,29220,494,134,74,21,165,125,592,63,151,4,1767,8690,254,21,19,49,62,494,30481,14197,3,0,1,42,7,0,5,6,24,9,27,10,0,1,7,3,57,8,68,4,1,20,30,1,4,1,0,2,8,79,0,0,7,4,1,0,86,87,0,3,51,2,4,0,0,22,5,0,21,1
597,1736,171,20345,430,928,309,44,8,339,296,6,9,15403,25749,7267,6,24,18,59,25,300,14,66,4,39,16,40,611,823,2129,80,20,19,217,82,214,106,160,3,284,684,4151,23,18,21,24,2063,616,8721,0,1,0,9,4,1,0,0,8,1,10,5,0,0,4,1,25,2,22,0,2,4,10,1,0,2,2,1,8,41,2,0,4,1,1,1,33,35,1,2,19,1,4,1,0,10,2,0,9,1
459,134,123,6940,338,871,8742,982,227,744,1275,53,44,1523,7267,28838,103,1318,6820,1519,262,370,84,502,157,133,67,55,200,228,12125,144,66,52,6979,7696,894,561,5452,3,231,284,9151,216,60,10,74,2076,203,529,8,4,7,5,29,4,4,11,35,15,69,20,2,5,30,12,351,21,140,23,11,36,70,16,12,1,17,0,39,254,6,6,30,8,2,1,236,240,7,15,272,4,24,3,6,289,24,1,62,7
0,0,1,1,0,0,1,2318,408,268,2396,9475,11381,4,6,103,8125,4168,235,86,8532,191,770,295,19,1,4,3,2,2,1990,24,1254,0,0,31,343,2,15,0,7,31,186,14,1,1,72,1,0,67,0,0,0,0,0,0,11,18,2,64,4,7,12,19,0,0,1,1,3,44,2,5,12,4,0,0,0,0,0,3,0,6,0,0,1,0,10,2,0,0,0,0,1,0,0,0,0,0,1,0
0,0,1,7,0,3,1,6581,178,593,295,223,2102,34,24,1318,4168,8007,1422,567,3313,92,76,527,7,2,2,6,29,39,9088,22,592,5,8,104,523,13,94,2,29,529,420,8,23,0,41,7,15,1133,0,0,0,0,0,1,10,17,14,40,19,24,6,3,1,0,5,12,17,5,14,6,32,0,5,0,0,0,1,8,0,2,2,0,3,0,16,6,0,2,2,1,1,0,0,3,0,0,8,1
3,0,2,5,1,3,3,927,4256,122,853,170,40,84,18,6820,235,1422,7867,1184,433,245,47,1131,196,26,105,11,58,59,1853,54,40,15,0,1853,790,246,159,1,57,86,76,162,11,7,43,21,15,123,2,1,0,1,1,1,4,15,43,23,28,21,1,2,2,1,22,14,81,10,13,15,57,5,7,2,1,0,21,49,2,5,5,2,2,0,56,47,0,11,9,0,6,0,1,9,6,2,10,0
2,1,0,13,1,5,2,17031,10615,69,864,862,3619,26,59,1519,86,567,1184,33741,59,1148,1717,158,9152,45,427,38,30,10,653,155,3631,33,0,99,241,6927,11,5,16,22,82,803,9242,190,307,2,5,128,0,0,0,1,1,0,50,20,7,405,7,19,63,55,2,9,1,13,13,2754,7,243,49,1555,2,5,233,2,0,24,9,924,1,1,412,6,50,5,5,44,0,1,58,3,10,0,1,0,6,6
0,0,0,3,2,0,1,420,335,1915,3077,5059,363,9,25,262,8532,3313,433,59,20809,157,767,727,20,6,9,7,16,14,8381,110,1278,2,0,148,572,10,101,0,18,1007,10090,17,5,8,258,8,5,8997,0,0,0,0,1,0,10,11,3,48,11,9,4,10,0,1,7,11,6,26,1,4,16,0,0,0,1,0,0,3,4,0,0,0,0,1,7,2,0,1,1,0,3,0,0,1,0,0,3,0
152,68,139,642,67,1065,510,880,438,2030,4380,1272,250,717,300,370,191,92,245,1148,157,17899,4326,254,244,202,187,1637,4133,538,171,423,564,496,39,92,241,348,70,304,19528,1234,105,1176,66,2842,861,91,459,491,1,0,0,28,1,0,1,7,13,27,11,8,2,4,3,1,11,11,17,52,7,28,20,29,3,15,23,13,5,23,20,18,3,1,18,49,23,9,0,25,3,58,98,18,14,6,3,1,6,0
2,0,0,3,0,7,1,629,609,556,4688,6960,577,30,14,84,770,76,47,1717,767,4326,13186,103,989,755,1245,307,201,33,86,1488,7908,279,0,23,51,2179,9,97,126,99,71,4222,375,8155,6009,2,6,103,0,0,0,0,0,0,2,2,0,27,3,3,3,6,0,0,0,0,4,130,2,207,6,183,0,117,202,7,1,5,113,70,0,1,145,56,9,1,2,272,0,50,527,14,90,0,0,1,2,5
8,0,3,22,16,70,9,459,12206,240,1056,364,56,200,66,502,295,527,1131,158,727,254,103,4721,810,26,2752,274,142,177,511,53,75,241,35,6737,7944,100,18072,954,153,162,113,1618,8,30,78,416,82,184,0,0,0,0,4,1,11,25,26,88,37,34,5,15,1,3,18,29,37,81,15,20,57,27,14,4,37,2,12,58,6,18,1,1,7,11,95,24,1,14,24,8,35,4,6,44,4,0,12,4
0,0,0,2,0,4,2,105,9959,26,105,191,157,3,4,157,19,7,196,9152,20,244,989,810,7825,7,4662,13,9,2,52,49,1739,10,0,76,236,153,16,11,7,19,23,818,165,53,167,2,0,25,0,0,0,0,0,0,6,3,3,164,8,16,41,10,2,5,2,8,5,2496,5,295,14,1900,1,7,649,1,3,29,7,868,1,1,712,2,39,7,5,91,0,4,143,2,18,0,0,0,5,10
1,1,0,1,2,3,0,104,48,28,24,2,6,44,39,133,1,2,26,45,6,202,755,26,7,19403,318,158,22,14,191,11612,180,9040,3,17,25,13350,15,64,20,29,49,9124,751,222,1859,7,15,223,0,0,0,0,0,0,0,0,0,12,4,2,0,0,0,0,1,0,1,13,1,205,3,33,0,278,228,10,2,6,292,11,1,0,15,110,0,2,1,304,1,209,1496,43,170,0,1,1,2,5
2,0,0,2,3,28,1,42,7008,9,36,12,20,6,16,67,4,2,105,427,9,187,1245,2752,4662,318,26454,630,8,1,59,489,465,539,3,99,1086,554,458,4903,15,11,11,20767,295,78,549,76,5,34,0,0,0,0,2,0,1,3,4,20,3,2,12,2,1,1,3,1,2,329,3,385,6,705,3,144,708,8,5,15,126,204,1,0,410,76,6,8,1,643,3,58,785,10,113,7,2,0,5,4
8,1,6,24,6,70,13,17,80,55,48,1,7,110,40,55,3,6,11,38,7,1637,307,274,13,158,630,75798,993,140,42,268,35,10993,3,12,594,123,361,32406,670,146,9,949,17,8415,1832,41,26,108,0,0,1,3,1,0,0,0,0,3,7,1,1,0,3,0,2,0,2,2,0,53,2,4,0,15,20,2807,113,2,39,2,9,0,1,1171,5,2,0,7,3,834,134,462,50,5,3,5,7,2
176,44,62,315,181,795,159,30,35,379,41,5,9,7676,611,200,2,29,58,30,16,4133,201,142,9,22,8,993,73885,7214,113,96,115,111,30,25,155,35,40,80,22423,1953,79,111,10,1171,177,49,7312,1258,1,0,0,11,0,0,0,9,8,7,4,3,0,0,4,0,6,6,14,5,3,5,9,0,2,4,3,4,1,13,2,1,2,0,1,10,13,11,1,0,4,9,10,2,1,2,2,0,2,0
119,26,41,221,154,399,113,25,35,221,57,1,25,29220,823,228,2,39,59,10,14,538,33,177,2,14,1,140,7214,23001,147,94,233,24,8,38,228,19,46,15,9617,21358,67,15,9,102,86,61,2687,4357,0,0,0,1,0,0,2,4,8,14,16,1,0,0,3,0,12,1,18,3,1,8,10,1,1,2,0,1,2,21,1,2,2,0,2,4,24,14,1,0,9,0,2,0,1,1,1,1,2,0
41,11,9,451,36,64,11,3847,126,2090,1304,87,803,494,2129,12125,1990,9088,1853,653,8381,171,86,511,52,191,59,42,113,147,20454,301,290,56,13,898,458,695,253,2,143,1943,51342,130,100,12,86,67,86,7019,1,0,1,2,3,1,3,13,23,20,23,10,1,2,9,4,37,12,44,2,5,16,38,4,4,3,7,1,7,48,4,8,3,1,5,1,63,39,2,14,34,0,20,0,7,39,3,4,17,0
3,0,1,4,2,7,3,139,167,390,377,51,25,134,80,144,24,22,54,155,110,423,1488,53,49,11612,489,268,96,94,301,41120,10982,8871,4,31,27,2784,18,274,94,318,98,4575,2259,1034,25553,3,38,1052,0,0,0,0,0,0,2,0,0,5,4,2,2,1,0,0,0,3,0,14,3,208,3,75,0,301,210,31,3,5,292,26,4,0,68,355,3,0,2,329,0,436,1359,49,130,0,0,1,0,4
0,0,0,13,1,6,3,870,317,2329,1529,12251,20582,74,20,66,1254,592,40,3631,1278,564,7908,75,1739,180,465,35,115,233,290,10982,13715,43,2,36,66,922,25,3,259,1423,325,490,6684,58,14367,2,18,1572,0,0,0,0,0,0,1,1,1,24,1,6,8,6,0,2,0,2,5,591,3,113,8,441,0,8,113,2,2,8,15,224,2,0,219,2,7,4,1,86,0,2,58,4,7,0,1,1,2,6
1,0,1,3,1,11,0,20,114,21,27,2,2,21,19,52,0,5,15,33,2,496,279,241,10,9040,539,10993,111,24,56,8871,43,37191,1,12,294,360,192,17443,129,38,20,11185,23,1455,11560,28,11,78,0,0,0,0,1,0,0,0,0,1,8,1,0,2,1,0,2,1,1,8,3,74,1,7,0,89,38,438,12,2,153,2,1,1,2,2122,5,3,0,15,0,1486,713,415,215,1,0,3,3,1
96,63,47,784,50,895,743,0,1,17,59,0,0,165,217,6979,0,8,0,0,0,39,0,35,0,3,3,3,30,8,13,4,2,1,11356,1593,147,4,21561,2,14,21,7,3,0,2,3,3571,43,14,3,0,2,3,14,1,0,0,0,0,13,1,0,0,3,2,78,0,15,0,0,8,13,0,0,0,2,1,2,65,0,0,1,0,0,1,52,60,0,0,58,1,0,0,0,86,4,2,5,1
4,6,3,26,10,36,21,39,209,124,396,39,13,125,82,7696,31,104,1853,99,148,92,23,6737,76,17,99,12,25,38,898,31,36,12,1593,11514,1138,77,5661,6,41,65,159,128,1,4,19,463,29,98,2,0,1,0,6,4,5,6,31,18,36,5,2,0,16,4,133,4,88,7,1,24,33,3,9,3,3,0,27,164,0,0,11,3,0,0,146,140,7,6,100,1,6,3,2,89,7,1,34,3
18,3,6,41,40,110,24,892,5307,181,862,245,120,592,214,894,343,523,790,241,572,241,51,7944,236,25,1086,594,155,228,458,27,66,294,147,1138,3304,22,7566,1055,155,228,135,527,3,27,54,867,104,519,4,0,0,5,37,3,18,29,6,92,48,28,9,9,15,4,213,19,35,60,12,21,68,34,4,2,4,2,12,102,3,14,6,1,1,8,241,154,1,7,173,8,12,1,2,286,7,0,17,0
4,1,2,19,2,3,0,1521,313,51,64,23,87,63,106,561,2,13,246,6927,10,348,2179,100,153,13350,554,123,35,19,695,2784,922,360,4,77,22,12876,19,12,17,29,152,6597,6997,106,2169,6,7,310,1,0,0,0,1,0,0,2,1,12,2,2,6,3,4,5,2,2,5,174,2,452,5,536,2,116,461,5,0,11,103,187,2,0,416,44,4,3,0,647,1,12,488,10,111,2,0,0,5,12
11,8,11,156,46,1256,480,7,27,104,250,17,8,151,160,5452,15,94,159,11,101,70,9,18072,16,15,458,361,40,46,253,18,25,192,21561,5661,7566,19,29191,709,28,62,93,388,3,4,37,16768,132,92,4,0,4,5,31,2,0,7,35,21,62,12,1,2,28,12,251,1,114,7,8,26,56,5,1,1,5,1,33,255,1,1,19,9,0,4,292,220,7,3,242,9,9,1,0,264,15,2,54,1
3,0,0,3,1,18,1,7,262,3,5,0,0,4,3,3,0,2,1,5,0,304,97,954,11,64,4903,32406,80,15,2,274,3,17443,2,6,1055,12,709,43373,53,11,5,12670,0,722,1092,80,4,3,0,0,0,0,0,0,0,0,0,0,1,0,0,0,0,0,2,0,0,0,0,28,2,5,0,56,14,474,18,0,50,3,2,0,4,999,2,1,0,15,4,825,378,202,64,4,0,1,4,1
75,27,64,349,45,614,203,25,39,21624,102,3,26,1767,284,231,7,29,57,16,18,19528,126,153,7,20,15,670,22423,9617,143,94,259,129,14,41,155,17,28,53,55093,11183,116,113,6,690,189,42,486,831,0,0,0,7,0,1,3,5,7,12,7,2,0,1,0,0,5,3,9,0,3,3,14,1,0,2,0,4,7,12,0,2,0,1,4,9,8,11,0,2,2,12,10,2,2,2,2,0,5,0
84,19,48,265,115,257,128,82,35,51248,77,14,259,8690,684,284,31,529,86,22,1007,1234,99,162,19,29,11,146,1953,21358,1943,318,1423,38,21,65,228,29,62,11,11183,14398,2141,34,37,104,224,22,746,10833,0,0,0,7,0,0,4,3,10,11,13,2,1,1,2,0,15,6,28,2,2,8,17,2,5,0,2,1,2,22,0,4,2,0,3,3,15,18,2,3,8,1,7,2,1,1,7,2,5,1
25,9,14,1182,36,75,10,460,20,2342,669,227,184,254,4151,9151,186,420,76,82,10090,105,71,113,23,49,11,9,79,67,51342,98,325,20,7,159,135,152,93,5,116,2141,52934,33,38,5,71,80,54,8155,0,0,0,1,2,0,1,2,1,1,3,3,0,0,3,1,17,2,14,2,3,6,10,1,0,1,0,0,1,12,0,1,0,0,0,0,11,14,0,5,6,0,5,0,2,7,0,0,3,0
2,0,3,6,7,50,2,49,2036,52,80,36,12,21,23,216,14,8,162,803,17,1176,4222,1618,818,9124,20767,949,111,15,130,4575,490,11185,3,128,527,6597,388,12670,113,34,33,54850,161,1378,4509,117,21,54,0,0,0,0,1,0,2,4,2,22,10,3,5,3,2,6,2,1,4,131,9,724,16,466,1,867,1100,100,10,25,771,150,2,2,347,1076,4,5,7,1090,1,1382,4498,173,493,16,3,1,10,19
0,0,0,2,0,1,1,1031,15,32,13,7,210,19,18,60,1,23,11,9242,5,66,375,8,165,751,295,17,10,9,100,2259,6684,23,0,1,3,6997,3,0,6,37,38,161,5584,13,529,1,6,416,0,0,0,0,0,0,0,0,0,5,1,2,1,2,0,4,1,1,1,386,2,138,2,417,0,27,155,1,0,2,23,174,1,0,277,8,1,0,7,157,0,1,126,1,24,0,1,0,2,4
10,1,3,32,3,33,11,108,184,59,119,9,17,49,21,10,1,0,7,190,8,2842,8155,30,53,222,78,8415,1171,102,12,1034,58,1455,2,4,27,106,4,722,690,104,5,1378,13,16764,11247,5,17,59,0,0,0,0,0,0,0,1,0,6,1,1,1,6,0,0,1,0,4,32,0,15,1,7,0,28,9,22,2,3,32,3,1,0,2,158,7,0,0,5,0,186,177,20,14,0,0,0,1,1
2,2,3,11,4,10,2,85,233,553,642,195,35,62,24,74,72,41,43,307,258,861,6009,78,167,1859,549,1832,177,86,86,25553,14367,11560,3,19,54,2169,37,1092,189,224,71,4509,529,11247,58225,2,13,290,0,0,0,0,0,0,0,1,0,7,8,2,1,2,2,2,0,1,1,52,0,141,5,70,0,196,136,116,6,6,243,36,0,0,58,1345,10,0,1,164,0,1143,1173,204,205,1,0,1,2,5
119,63,49,755,123,1979,542,0,0,34,64,0,0,494,2063,2076,1,7,21,2,8,91,2,416,2,7,76,41,49,61,67,3,2,28,3571,463,867,6,16768,80,42,22,80,117,1,5,2,9980,423,70,4,1,2,3,34,0,0,0,1,0,15,1,0,0,12,4,119,0,17,0,1,1,27,3,1,0,5,1,2,81,1,0,4,1,1,0,101,75,0,0,83,1,3,0,1,197,5,1,14,0
1107,105,120,369,2841,4259,107,12,12,75,36,1,1,30481,616,203,0,15,15,5,5,459,6,82,0,15,5,26,7312,2687,86,38,18,11,43,29,104,7,132,4,486,746,54,21,6,17,13,423,15138,742,0,0,1,8,0,0,0,0,5,6,6,1,0,1,0,0,11,0,9,0,1,3,8,0,0,0,0,1,4,12,0,0,3,0,0,0,15,9,0,0,13,0,0,0,0,8,0,0,2,2
77,27,50,571,156,193,157,981,28,13876,318,13,838,14197,8721,529,67,1133,123,128,8997,491,103,184,25,223,34,108,1258,4357,7019,1052,1572,78,14,98,519,310,92,3,831,10833,8155,54,416,59,290,70,742,16232,0,1,3,9,1,1,2,6,26,21,23,11,1,2,5,6,30,9,76,13,7,23,46,16,10,6,9,0,19,64,2,8,6,4,14,3,71,58,1,14,24,2,13,0,3,12,7,0,19,7
0,0,171,0,0,135,0,0,0,0,1,0,0,3,0,8,0,0,2,0,0,1,0,0,0,0,0,0,1,0,1,0,0,0,3,2,4,1,4,0,0,0,0,0,0,0,0,4,0,0,43485,13057,4586,25353,21340,574,0,1,3,1,112,23,1,1,25318,833,216,0,15,10,2,181,15,0,0,6,0,7,1350,140,1,1,1205,7,8,4,58,221,0,17,31,1,7,4,3,386,15092,19,418,5
0,0,32,0,0,24,4,0,0,0,0,0,0,0,1,4,0,0,1,0,0,0,0,0,0,0,0,0,0,0,0,0,0,0,0,0,0,0,0,0,0,0,0,0,0,0,0,1,0,1,13057,46299,7088,15527,2607,5628,0,0,0,0,234,19,0,0,13901,43,70,1,2,1,0,92,0,0,0,0,0,1,214,32,0,0,155,0,0,0,4,75,2,3,13,1,2,4,0,126,413,8,210,1
0,0,10,0,1,13,4,0,1,0,0,0,1,1,0,7,0,0,0,0,0,0,0,0,0,0,0,1,0,0,1,0,0,0,2,1,0,0,4,0,0,0,0,0,0,0,0,2,1,3,4586,7088,28208,5225,7692,13353,0,5,2,3,710,142,0,0,14729,9132,6506,1,7,18,5,180,3,1,9,1,3,7,483,1573,2,4,346,2295,1,5,13,1511,287,19,66,1,13,6,2,564,955,27,523,70
77,142,1123,913,19,2591,890,0,1,12,5,0,0,42,9,5,0,0,1,1,0,28,0,0,0,0,0,3,11,1,2,0,0,0,3,0,5,0,5,0,7,7,1,0,0,0,0,3,8,9,25353,15527,5225,38744,26888,11241,0,1,0,5,618,39,0,0,3817,105,74,0,4,4,1,352,7,0,0,0,0,8,557,38,3,0,354,0,2,5,10,102,3,2,206,5,3,5,2,454,834,59,629,7
1,0,16,0,0,507,694,0,0,0,0,0,0,7,4,29,0,0,1,1,1,1,0,4,0,0,2,1,0,0,3,0,0,1,14,6,37,1,31,0,0,0,2,1,0,0,0,34,0,1,21340,2607,7692,26888,45692,9967,1,2,1,5,516,132,0,0,4972,218,556,0,14,7,4,305,79,2,1,2,8,9,799,236,0,3,544,9,2,10,143,487,33,12,1167,4,10,8,2,4990,9043,44,529,17
0,0,3,0,0,293,265,0,3,1,0,0,0,0,1,4,0,1,1,0,0,0,0,1,0,0,0,0,0,0,1,0,0,0,1,4,3,0,2,0,1,0,0,0,0,0,0,0,0,1,574,5628,13353,11241,9967,38373,2,3,0,5,828,154,0,0,1241,139,2871,0,4,4,0,159,6,0,1,0,1,3,202,74,1,0,148,5,1,1,11,1118,9,2,440,2,5,1,1,293,211,31,520,21
0,0,0,0,0,0,0,50,156,3,25,5,15,5,0,4,11,10,4,50,10,1,2,11,6,0,1,0,0,2,3,2,1,0,0,5,18,0,0,0,3,4,1,2,0,0,0,0,0,2,0,0,0,0,1,2,8035,5679,601,681,37,280,217,5153,3,16,27,2307,125,4398,38,218,301,10,115,10,3,1,8,418,17,2207,0,4,167,9,346,5,41,12,1,5,12,22,8,1,2,1,15,28
0,0,0,0,0,2,0,54,88,4,31,5,14,6,0,11,18,17,15,20,11,7,2,25,3,0,3,0,9,4,13,0,1,0,0,6,29,2,7,0,5,3,2,4,0,1,1,0,0,6,1,0,5,1,2,3,5679,13580,5770,1630,179,1365,554,1770,2,8,39,8622,141,8267,239,608,590,71,39,9,6,2,22,431,12,648,5,3,200,13,606,19,12,33,0,4,13,30,7,2,1,3,25,16
1,0,0,2,0,2,1,16,22,8,15,2,2,24,8,35,2,14,43,7,3,13,0,26,3,0,4,0,8,8,23,0,1,0,0,31,6,1,35,0,7,10,1,2,0,0,0,1,5,26,3,0,2,0,1,0,601,5770,6679,3997,238,709,138,137,7,5,737,5034,4490,1243,312,203,333,15,951,3,3,5,38,4308,5,185,9,4,144,7,415,46,11,47,24,0,14,6,18,1,5,3,49,32
0,0,0,4,1,2,0,262,926,9,110,44,112,9,1,15,64,40,23,405,48,27,27,88,164,12,20,3,7,14,20,5,24,1,0,18,92,12,21,0,12,11,1,22,5,6,7,0,6,21,1,0,3,5,5,5,681,1630,3997,41702,415,2244,1678,975,10,7,256,934,4786,10930,770,869,17546,6659,57,43,1828,19,49,323,43,362,13,5,46,33,3229,131,13,49,21,33,424,54,45,12,13,6,68,36
1,0,0,5,0,17,9,29,25,7,21,1,2,27,10,69,4,19,28,7,11,11,3,37,8,4,3,7,4,16,23,4,1,8,13,36,48,2,62,1,7,13,3,10,1,1,8,15,6,23,112,234,710,618,516,828,37,179,238,415,30493,2907,1393,111,508,1251,1221,713,1056,274,4164,1967,960,30,387,127,28,133,768,2499,225,200,231,346,140,234,617,845,1942,233,206,52,269,484,312,547,163,22472,78611,15226
0,0,0,0,0,2,0,31,65,3,17,7,10,10,5,20,7,24,21,19,9,8,3,34,16,2,2,1,3,1,10,2,6,1,1,5,28,2,12,0,2,2,3,3,2,1,2,1,1,11,23,19,142,39,132,154,280,1365,709,2244,2907,8624,10587,1127,100,68,402,2191,714,1115,7900,8086,1259,101,154,13,33,29,35,611,50,582,14,26,15,98,605,459,45,24,54,25,95,247,55,189,27,6,126,179
0,0,0,0,0,0,0,30,93,2,13,2,11,0,0,2,12,6,1,63,4,2,3,5,41,0,12,1,0,0,1,2,8,0,0,2,9,6,1,0,0,1,0,5,1,1,1,0,0,1,1,0,0,0,0,0,217,554,138,1678,1393,10587,27780,12790,0,5,38,7344,139,1522,5038,11770,371,228,69,4,64,13,10,134,14,17988,2,4,13,41,238,32,26,11,3,17,62,149,28,3,0,5,25,96
0,0,0,0,0,0,0,44,155,1,16,14,27,1,0,5,19,3,2,55,10,4,6,15,10,0,2,0,0,0,2,1,6,2,0,0,9,3,2,0,1,1,0,3,2,6,2,0,1,2,1,0,0,0,0,0,5153,1770,137,975,111,1127,12790,13627,1,12,14,14854,47,3209,728,1020,139,56,92,5,22,4,3,261,54,12183,1,5,10,26,127,4,38,3,0,3,26,52,52,0,2,1,12,39
0,0,17,0,1,19,3,1,0,1,2,0,1,7,4,30,0,1,2,2,0,3,0,1,2,0,1,3,4,3,9,0,0,1,3,16,15,4,28,0,0,2,3,2,0,0,2,12,0,5,25318,13901,14729,3817,4972,1241,3,2,7,10,508,100,0,1,64324,18418,3475,6,61,107,11,464,42,4,23,33,5,26,5487,1179,15,7,20847,461,42,16,105,816,525,150,136,8,68,18,12,871,16728,79,1955,701
0,0,1,0,0,0,2,0,2,1,0,0,1,3,1,12,0,0,1,9,1,1,0,3,5,0,1,0,0,0,4,0,2,0,2,4,4,5,12,0,0,0,1,6,4,0,2,4,0,6,833,43,9132,105,218,139,16,8,5,7,1251,68,5,12,18418,44457,4053,19,42,495,75,118,20,9,152,106,13,12,705,3193,46,87,6231,4460,256,34,38,149,13884,425,67,4,208,6,37,441,753,28,3634,6483
3,0,0,12,5,11,14,5,4,2,14,1,1,57,25,351,1,5,22,1,7,11,0,18,2,1,3,2,6,12,37,0,0,2,78,133,213,2,251,2,5,15,17,2,1,1,0,119,11,30,216,70,6506,74,556,2871,27,39,737,256,1221,402,38,14,3475,4053,20644,164,17444,438,211,206,236,67,73,8,51,6,209,12082,17,24,192,2147,22,4,477,17795,276,55,4976,6,98,9,16,4706,192,23,558,182
0,0,0,1,0,0,0,22,37,8,19,4,2,8,2,21,1,12,14,13,11,11,0,29,8,0,1,0,6,1,12,3,2,1,0,4,19,2,1,0,3,6,2,1,1,0,1,0,0,9,0,1,1,0,0,0,2307,8622,5034,934,713,2191,7344,14854,6,19,164,10318,999,684,11748,1101,850,22,2679,11,12,11,21,3767,60,661,5,9,105,35,427,115,213,38,18,14,17,86,82,1,3,2,140,416
2,0,0,3,0,4,2,19,29,10,28,1,4,68,22,140,3,17,81,13,6,17,4,37,5,1,2,2,14,18,44,0,5,1,15,88,35,5,114,0,9,28,14,4,1,4,1,17,9,76,15,2,7,4,14,4,125,141,4490,4786,1056,714,139,47,61,42,17444,999,19478,815,638,293,3151,169,317,12,89,7,155,7363,28,93,86,30,44,20,1107,2820,49,42,338,4,79,10,30,85,87,11,305,110
0,0,0,0,1,1,1,260,2622,10,77,82,337,4,0,23,44,5,10,2754,26,52,130,81,2496,13,329,2,5,3,2,14,591,8,0,7,60,174,7,0,0,2,2,131,386,32,52,0,0,13,10,1,18,4,7,4,4398,8267,1243,10930,274,1115,1522,3209,107,495,438,684,815,35376,132,2997,276,9523,179,184,1155,32,83,3266,183,9881,107,150,8408,98,464,58,362,4985,8,20,2141,133,232,11,38,14,271,373
0,0,0,0,0,1,0,13,24,5,13,1,0,1,2,11,2,14,13,7,1,7,2,15,5,1,3,0,3,1,5,3,3,3,0,1,12,2,8,0,3,2,3,9,2,0,0,1,1,7,2,0,5,1,4,0,38,239,312,770,4164,7900,5038,728,11,75,211,11748,638,132,23131,2005,1122,32,5466,42,13,44,11,4192,143,406,4,44,23,122,451,300,4545,18,48,32,85,264,211,14,3,3,774,15008
0,0,0,2,1,6,5,37,117,5,11,4,9,20,4,36,5,6,15,243,4,28,207,20,295,205,385,53,5,8,16,208,113,74,8,24,21,452,26,28,3,8,6,724,138,15,141,1,3,23,181,92,180,352,305,159,218,608,203,869,1967,8086,11770,1020,464,118,206,1101,293,2997,2005,44554,394,1934,152,278,2517,1095,4956,524,1905,8118,916,17,205,1184,287,160,247,767,73,585,4532,12698,5889,192,186,2957,1844,479
1,0,2,2,0,7,0,77,148,8,41,11,13,30,10,70,12,32,57,49,16,20,6,57,14,3,6,2,9,10,38,3,8,1,13,33,68,5,56,2,14,17,10,16,2,1,5,27,8,46,15,0,3,7,79,6,301,590,333,17546,960,1259,371,139,42,20,236,850,3151,276,1122,394,10688,7563,314,22,1429,23,148,529,56,112,57,14,22,32,12685,9242,42,35,4978,372,335,28,42,589,87,15,182,117
0,0,0,0,1,1,0,54,809,5,11,14,67,1,1,16,4,0,5,1555,0,29,183,27,1900,33,705,4,0,1,4,75,441,7,0,3,34,536,5,5,1,2,1,466,417,7,70,3,0,16,0,0,1,0,2,0,10,71,15,6659,30,101,228,56,4,9,67,22,169,9523,32,1934,7563,27067,3,163,10107,13,16,135,202,2250,2,8,1068,70,602,82,12,573,59,151,3276,43,259,17,1,3,20,37
0,0,0,0,0,1,1,0,4,1,2,0,0,4,0,12,0,5,7,2,0,3,0,14,1,0,3,0,2,1,4,0,0,0,0,9,4,2,1,0,0,5,0,1,0,0,0,1,0,10,0,0,9,0,1,1,115,39,951,57,387,154,69,92,23,152,73,2679,317,179,5466,152,314,3,11800,29,1,4,17,9889,55,243,11,402,97,25,227,70,14325,45,10,2,14,36,30,11,2,3,158,3589
0,0,0,0,0,0,0,1,9,1,4,1,0,1,2,1,0,0,2,5,0,15,117,4,7,278,144,15,4,2,3,301,8,89,0,3,2,116,1,56,2,0,1,867,27,28,196,0,0,6,6,0,1,0,2,0,10,9,3,43,127,13,4,5,33,106,8,11,12,184,42,278,22,163,29,15511,658,24,32,172,6283,971,91,11,8036,11117,4,5,127,11224,1,99,18986,109,187,3,21,4,330,612
0,0,0,1,0,0,0,15,385,5,7,9,13,0,2,17,0,0,1,233,1,23,202,37,649,228,708,20,3,0,7,210,113,38,2,3,4,461,5,14,0,2,0,1100,155,9,136,5,0,9,0,0,3,0,8,1,3,6,3,1828,28,33,64,22,5,13,51,12,89,1155,13,2517,1429,10107,1,658,16735,145,13,79,724,1016,9,3,736,300,1348,85,7,1640,180,3488,10902,103,861,40,1,6,11,11
0,0,0,0,0,2,1,0,1,0,1,0,0,2,1,0,0,0,0,2,0,13,7,2,1,10,8,2807,4,1,1,31,2,438,1,0,2,5,1,474,4,1,0,100,1,22,116,1,1,0,7,1,7,8,9,3,1,2,5,19,133,29,13,4,26,12,6,11,7,32,44,1095,23,13,4,24,145,43615,3192,20,74,15,143,1,4,3160,28,9,22,51,9,22203,380,8483,98,10,31,186,174,83
0,0,0,3,0,6,1,2,6,3,8,0,0,8,8,39,0,1,21,0,0,5,1,12,3,2,5,113,1,2,7,3,2,12,2,27,12,0,33,18,7,2,1,10,0,2,6,2,4,19,1350,214,483,557,799,202,8,22,38,49,768,35,10,3,5487,705,209,21,155,83,11,4956,148,16,17,32,13,3192,96862,311,58,17,25999,34,45,479,221,171,30,106,87,256,171,1767,136,190,12252,16212,6303,70
3,0,3,14,2,11,12,7,23,7,29,1,2,79,41,254,3,8,49,24,3,23,5,58,29,6,15,2,13,21,48,5,8,2,65,164,102,11,255,0,12,22,12,25,2,3,6,81,12,64,140,32,1573,38,236,74,418,431,4308,323,2499,611,134,261,1179,3193,12082,3767,7363,3266,4192,524,529,135,9889,172,79,20,311,8760,258,1089,394,6025,851,93,840,847,11464,573,616,4,355,56,213,1074,265,39,1401,4230
0,0,0,0,0,0,0,2,11,3,4,1,1,0,2,6,0,0,2,9,4,20,113,6,7,292,126,39,2,1,4,292,15,153,0,0,3,103,1,50,0,0,0,771,23,32,243,1,0,2,1,0,2,3,0,1,17,12,5,43,225,50,14,54,15,46,17,60,28,183,143,1905,56,202,55,6283,724,74,58,258,16112,1572,36,16,900,9259,13,11,182,1056,1,164,4261,1900,10621,3,10,13,322,663
0,0,0,0,0,0,0,47,347,2,10,6,48,0,0,6,6,2,5,924,0,18,70,18,868,11,204,2,1,2,8,26,224,2,0,0,14,187,1,3,2,4,1,150,174,3,36,0,0,8,1,0,4,0,3,0,2207,648,185,362,200,582,17988,12183,7,87,24,661,93,9881,406,8118,112,2250,243,971,1016,15,17,1089,1572,30711,19,24,7962,170,119,7,508,547,3,18,650,107,8723,2,8,2,197,812
0,0,0,1,1,8,5,1,1,2,2,0,0,7,4,30,0,2,5,1,0,3,0,1,1,1,1,9,2,2,3,4,2,1,1,11,6,2,19,2,0,2,0,2,1,1,0,4,3,6,1205,155,346,354,544,148,0,5,9,13,231,14,2,1,20847,6231,192,5,86,107,4,916,57,2,11,91,9,143,25999,394,36,19,50526,90,111,55,96,149,78,274,67,26,112,136,34,161,6702,6077,41085,2645
0,0,0,0,0,1,0,0,2,0,0,0,0,4,1,8,0,0,2,1,0,1,1,1,1,0,0,0,0,0,1,0,0,1,0,3,1,0,9,0,1,0,0,2,0,0,0,1,0,4,7,0,2295,0,9,5,4,3,4,5,346,26,4,5,461,4460,2147,9,30,150,44,17,14,8,402,11,3,1,34,6025,16,24,90,7469,57,5,10,33,2789,51,32,1,32,1,12,95,28,7,293,1582
0,0,0,0,0,0,0,12,72,4,2,8,7,1,1,2,1,3,2,412,0,18,145,7,712,15,410,1,1,2,5,68,219,2,0,0,1,416,0,4,4,3,0,347,277,2,58,1,0,14,8,0,1,2,2,1,167,200,144,46,140,15,13,10,42,256,22,105,44,8408,23,205,22,1068,97,8036,736,4,45,851,900,7962,111,57,16655,89,18,6,416,8794,3,0,776,14,585,9,26,2,328,712
0,0,0,0,0,0,0,1,9,4,0,1,0,0,1,1,0,0,0,6,1,49,56,11,2,110,76,1171,10,4,1,355,2,2122,1,0,8,44,4,999,9,3,0,1076,8,158,1345,0,0,3,4,0,5,5,10,1,9,13,7,33,234,98,41,26,16,34,4,35,20,98,122,1184,32,70,25,11117,300,3160,479,93,9259,170,55,5,89,44691,15,7,76,835,2,4575,8304,6398,2545,2,13,82,289,369
4,1,0,17,6,11,10,75,487,9,37,28,32,86,33,236,10,16,56,50,7,23,9,95,39,0,6,5,13,24,63,3,7,5,52,146,241,4,292,2,8,15,11,4,1,7,10,101,15,71,58,4,13,10,143,11,346,606,415,3229,617,605,238,127,105,38,477,427,1107,464,451,287,12685,602,227,4,1348,28,221,840,13,119,96,10,18,15,5164,1696,40,6,5415,448,72,14,11,1368,164,18,238,58
2,0,0,18,6,10,9,4,14,11,17,0,0,87,35,240,2,6,47,5,2,9,1,24,7,2,8,2,11,14,39,0,4,3,60,140,154,3,220,1,11,18,14,5,0,0,0,75,9,58,221,75,1511,102,487,1118,5,19,46,131,845,459,32,4,816,149,17795,115,2820,58,300,160,9242,82,70,5,85,9,171,847,11,7,149,33,6,7,1696,22203,51,26,16222,8,81,9,15,4629,174,24,379,93
0,0,0,0,0,0,0,0,0,1,2,0,0,0,1,7,0,0,0,5,0,0,2,1,5,1,1,0,1,1,2,2,1,0,0,7,1,0,7,0,0,2,0,7,7,0,1,0,0,1,0,2,287,3,33,9,41,12,11,13,1942,45,26,38,525,13884,276,213,49,362,4545,247,42,12,14325,127,7,22,30,11464,182,508,78,2789,416,76,40,51,21189,274,37,4,71,82,144,309,23,6,907,16899
0,0,0,1,0,0,0,4,53,2,3,1,3,3,2,15,0,2,11,44,1,25,272,14,91,304,643,7,0,0,14,329,86,15,0,6,7,647,3,15,2,3,5,1090,157,5,164,0,0,14,17,3,19,2,12,2,12,33,47,49,233,24,11,3,150,425,55,38,42,4985,18,767,35,573,45,11224,1640,51,106,573,1056,547,274,51,8794,835,6,26,274,13548,0,33,13475,45,465,5,79,3,504,699
0,1,0,11,1,22,8,0,1,6,7,0,0,51,19,272,0,2,9,0,1,3,0,24,0,1,3,3,4,9,34,0,0,0,58,100,173,1,242,4,2,8,6,1,0,0,0,83,13,24,31,13,66,206,1167,440,1,0,24,21,206,54,3,0,136,67,4976,18,338,8,48,73,4978,59,10,1,180,9,87,616,1,3,67,32,3,2,5415,16222,37,0,17931,65,14,1,2,22334,65,5,139,25
0,0,0,0,0,1,0,0,7,1,2,1,0,2,1,4,0,1,0,1,0,58,50,8,4,209,58,834,9,0,0,436,2,1486,1,1,8,12,9,825,12,1,0,1382,1,186,1143,1,0,2,1,1,1,5,4,2,5,4,0,33,52,25,17,3,8,4,6,14,4,20,32,585,372,151,2,99,3488,22203,256,4,164,18,26,1,0,4575,448,8,4,33,65,46082,11338,1622,301,21,6,34,37,22
0,0,0,0,0,3,0,7,93,8,13,6,1,4,4,24,1,1,6,58,3,98,527,35,143,1496,785,134,10,2,20,1359,58,713,0,6,12,488,9,378,10,7,5,4498,126,177,1173,3,0,13,7,2,13,3,10,5,12,13,14,424,269,95,62,26,68,208,98,17,79,2141,85,4532,335,3276,14,18986,10902,380,171,355,4261,650,112,32,776,8304,72,81,71,13475,14,11338,60895,1345,2907,10,43,70,277,215
0,0,0,0,0,0,1,1,4,0,0,0,0,0,1,3,0,0,0,3,0,18,14,4,2,43,10,462,2,0,0,49,4,415,0,3,1,10,1,202,2,2,0,173,1,20,204,0,0,0,4,4,6,5,8,1,22,30,6,54,484,247,149,52,18,6,9,86,10,133,264,12698,28,43,36,109,103,8483,1767,56,1900,107,136,1,14,6398,14,9,82,45,1,1622,1345,24432,17994,3,18,396,188,242
0,0,0,0,0,0,0,0,15,1,1,0,2,0,0,6,0,0,1,10,0,14,90,6,18,170,113,50,1,1,7,130,7,215,0,2,2,111,0,64,2,1,2,493,24,14,205,1,0,3,3,0,2,2,2,1,8,7,18,45,312,55,28,52,12,37,16,82,30,232,211,5889,42,259,30,187,861,98,136,213,10621,8723,34,12,585,2545,11,15,144,465,2,301,2907,17994,18230,1,10,45,305,494
1,0,0,9,2,38,9,2,2,3,5,0,0,22,10,289,0,3,9,0,1,6,0,44,0,0,7,5,2,1,39,0,0,1,86,89,286,2,264,4,2,1,7,16,0,0,1,197,8,12,386,126,564,454,4990,293,1,2,1,12,547,189,3,0,871,441,4706,1,85,11,14,192,589,17,11,3,40,10,190,1074,3,2,161,95,9,2,1368,4629,309,5,22334,21,10,3,1,13073,321,25,294,98
0,0,2,2,0,3,3,0,1,1,4,0,0,5,2,24,0,0,6,1,0,3,0,4,0,1,2,3,2,1,3,0,1,0,4,7,7,0,15,0,2,7,0,3,1,0,0,5,0,7,15092,413,955,834,9043,211,2,1,5,13,163,27,0,2,16728,753,192,3,87,38,3,186,87,1,2,21,1,31,12252,265,10,8,6702,28,26,13,164,174,23,79,65,6,43,18,10,321,52265,109,2663,8
0,0,0,1,0,0,0,2,1,0,0,0,0,0,0,1,0,0,2,0,0,1,1,0,0,1,0,5,0,1,4,1,1,3,2,1,0,0,2,1,0,2,0,1,0,0,1,1,0,0,19,8,27,59,44,31,1,3,3,6,22472,6,5,1,79,28,23,2,11,14,3,2957,15,3,3,4,6,186,16212,39,13,2,6077,7,2,82,18,24,6,3,5,34,70,396,45,25,109,32833,4397,21
0,0,0,3,1,18,2,3,3,4,8,0,1,21,9,62,1,8,10,6,3,6,2,12,5,2,5,7,2,2,17,0,2,3,5,34,17,5,54,4,5,5,3,10,2,1,2,14,2,19,418,210,523,629,529,520,15,25,49,68,78611,126,25,12,1955,3634,558,140,305,271,774,1844,182,20,158,330,11,174,6303,1401,322,197,41085,293,328,289,238,379,907,504,139,37,277,188,305,294,2663,4397,20807,7927
0,0,0,1,1,0,0,0,4,1,1,0,0,1,1,7,0,1,0,6,0,0,5,4,10,5,4,2,0,0,0,4,6,1,1,3,0,12,1,1,0,1,0,19,4,1,5,0,2,7,5,1,70,7,17,21,28,16,32,36,15226,179,96,39,701,6483,182,416,110,373,15008,479,117,37,3589,612,11,83,70,4230,663,812,2645,1582,712,369,58,93,16899,699,25,22,215,242,494,98,8,21,7927,25447
