28087,9786,7603,3752,17994,4520,617,1,0,275,8,0,1,21076,490,150,0,2,4,3,0,854,0,1,1,2,0,1,807,634,7,2,1,0,53,10,106,1,42,1,349,464,54,1,2,0,1,38,1261,51,37,101,40,212,48,68,0,0,1,0,4,1,0,0,41,60,61,0,7,0,0,7,5,1,1,0,0,0,5,12,1,1,34,6,0,0,13,54,9,0,25,0,0,0,0,200,22,7,9,1
9786,20959,8120,13486,811,732,261,1,1,546,9,0,1,5065,3520,152,0,0,3,1,1,515,0,3,0,0,2,2,200,206,5,1,4,1,74,3,68,0,52,0,176,283,53,0,0,0,0,42,107,39,104,292,127,72,136,236,0,0,0,0,9,0,0,0,112,135,126,1,3,0,1,20,7,0,1,0,0,0,27,18,2,0,42,16,0,0,21,146,16,0,30,1,0,0,0,549,32,8,18,7
7603,8120,35333,13761,2645,6952,4784,0,0,279,6,0,0,684,86,16,0,2,2,0,0,475,0,1,0,0,0,0,203,223,4,0,1,0,36,4,69,0,22,1,203,250,4,0,2,0,0,53,98,28,144,545,89,3554,148,384,0,0,0,0,4,1,0,0,85,79,63,0,2,0,1,10,7,0,1,0,0,0,13,12,0,0,30,5,0,0,7,89,12,0,25,2,0,0,0,492,23,3,14,5
3752,13486,13761,52264,1854,7200,20399,18,4,2448,249,3,2,3407,7565,4448,1,25,8,44,17,783,15,11,4,34,12,18,382,430,105,62,31,29,423,56,513,19,263,11,261,512,985,5,51,1,4,580,245,216,355,917,375,226,404,755,0,1,3,1,26,11,1,1,294,330,320,1,19,5,2,28,25,2,9,2,2,0,80,48,2,2,119,36,1,0,75,408,50,1,125,4,4,1,3,2000,88,18,56,20
17994,811,2645,1854,15551,24069,1299,0,1,59,4,0,0,8156,135,94,0,1,0,3,0,236,1,8,0,0,0,1,313,278,1,3,1,0,99,6,48,0,77,4,112,101,36,1,0,0,0,564,1683,9,21,42,22,101,16,36,0,0,0,1,6,0,0,0,16,28,40,0,2,0,0,3,2,1,1,0,0,0,12,8,0,1,8,9,1,0,8,49,9,0,17,0,0,0,0,82,5,0,3,3
4520,732,6952,7200,24069,34488,18497,2,0,35,2,0,0,822,307,181,0,2,1,1,1,212,1,8,0,1,1,1,176,118,8,0,1,0,273,4,147,1,440,6,54,97,80,0,0,0,0,5050,1761,14,97,180,80,3359,155,151,0,0,0,1,6,0,0,0,64,96,91,0,2,0,0,11,5,0,1,0,0,1,21,21,1,0,34,5,0,0,20,87,14,0,24,0,0,0,1,408,26,7,19,3
617,261,4784,20399,1299,18497,19985,7,1,361,144,1,0,524,155,2509,0,5,10,38,32,230,7,50,8,7,8,7,139,147,162,8,6,12,3317,199,736,6,690,5,76,125,119,4,10,0,3,3065,260,58,136,414,155,270,517,529,0,1,8,1,22,1,1,0,124,132,197,2,12,2,1,12,22,2,4,3,2,1,34,37,2,1,63,16,0,0,68,200,23,0,92,2,1,0,0,1292,34,12,29,14
1,1,0,18,0,2,7,24611,4615,82,2179,437,5896,67,341,236,830,8743,664,6789,80,580,519,960,171,82,116,32,6,16,1367,127,433,67,4,8,3917,123,8,16,6,12,198,150,237,84,110,0,3,57,0,1,0,0,0,1,35,7,5,76,10,32,71,67,1,5,2,25,8,912,16,40,6,93,6,21,153,5,1,15,12,154,1,0,47,11,1562,1,4,26,2,9,24,3,15,0,0,0,3,3
0,1,0,4,1,0,1,4615,49218,110,1870,1007,1792,4,24,49,835,790,7869,6882,218,532,596,16630,5533,112,1913,43,7,1,30,210,958,79,7,98,11499,194,607,118,0,11,7,474,68,82,151,52,8,28,0,1,2,0,3,2,13,15,8,360,18,40,52,37,0,8,3,46,37,574,26,23,9,60,11,15,248,2,0,13,32,115,0,2,49,14,1315,1,2,14,1,5,36,3,6,2,0,1,2,9
275,546,279,2448,59,35,361,82,110,31351,5710,2793,162,355,1584,1513,270,257,337,86,7644,2553,1293,366,37,118,162,92,342,528,460,1060,738,130,458,374,1282,64,746,30,12177,16586,1638,247,61,214,644,40,23,6665,3,5,7,7,4,11,7,9,102,22,148,78,13,12,14,25,60,142,76,36,98,46,34,2,76,16,10,3,13,150,10,16,16,10,3,7,132,47,37,8,30,8,21,1,8,22,8,7,22,53
8,9,6,249,4,2,144,2179,1870,5710,6278,7901,1363,60,160,1041,2026,847,1604,798,2492,2159,3138,327,219,97,263,34,13,21,285,189,915,55,310,248,639,111,381,16,15,31,169,200,111,106,216,17,2,80,0,2,5,0,3,1,6,5,26,21,44,22,17,20,7,14,21,42,18,95,28,25,6,18,17,13,34,1,5,36,18,34,4,5,38,10,135,17,17,13,7,0,16,2,8,5,1,3,12,19
0,0,0,3,0,0,1,437,1007,2793,7901,14563,10832,4,18,37,3567,703,173,749,3192,327,5229,161,314,40,217,10,1,0,26,185,6156,34,8,12,237,82,10,9,9,7,44,129,63,108,220,0,0,45,0,0,0,0,0,0,2,1,1,9,2,9,5,5,0,2,1,2,1,89,3,13,1,16,2,12,48,0,0,4,5,18,1,1,29,1,77,1,1,12,0,4,12,2,11,0,0,0,1,1
1,1,0,2,0,0,0,5896,1792,162,1363,10832,17622,5,80,31,11608,4621,78,2553,263,100,680,290,309,55,128,8,0,1,166,257,7842,27,2,6,639,47,4,18,1,5,38,68,167,23,74,0,0,78,0,0,1,0,0,0,6,0,1,28,2,17,29,25,1,5,3,8,4,542,4,17,8,49,0,9,136,1,0,3,5,97,1,0,72,2,487,1,1,12,0,3,13,2,5,0,0,0,1,3
21076,5065,684,3407,8156,822,524,67,4,355,60,4,5,95715,17254,1150,0,67,14,114,13,755,32,18,24,45,20,19,9066,22279,168,174,122,54,541,118,718,24,706,10,795,1752,903,13,172,5,8,123,15069,1488,42,67,69,16,35,82,1,3,5,2,41,6,2,0,95,183,239,2,44,3,4,26,4,5,15,2,5,0,46,107,3,5,74,33,6,0,98,230,83,4,108,0,3,0,2,148,37,15,54,46
490,3520,86,7565,135,307,155,341,24,1584,160,18,80,17254,23225,939,5,677,35,478,77,335,96,24,107,154,100,63,360,1451,868,835,885,110,302,75,469,76,436,36,307,1725,5687,44,552,10,81,34,44,14649,24,35,34,9,17,32,1,0,12,7,44,4,0,1,52,82,146,7,21,22,5,15,8,8,19,8,20,0,27,70,7,13,45,26,15,2,65,101,26,8,55,3,15,0,3,79,11,8,32,23
150,152,16,4448,94,181,2509,236,49,1513,1041,37,31,1150,939,22808,10,429,2662,781,340,426,81,164,64,82,55,31,271,326,14262,96,79,84,1142,1117,1530,123,955,22,153,415,4814,50,204,4,17,264,103,383,30,50,75,12,28,68,3,2,87,16,185,53,10,4,79,166,369,32,177,21,47,64,26,6,114,5,6,1,55,451,7,11,94,48,7,1,269,347,152,9,191,3,9,0,3,177,32,34,129,127
0,0,0,1,0,0,0,830,835,270,2026,3567,11608,0,5,10,4808,2592,37,65,1678,124,542,169,19,12,28,3,0,1,15,149,744,10,0,3,350,18,3,4,0,4,8,35,14,30,80,0,0,7,0,0,0,0,0,0,0,2,0,3,2,1,3,3,0,1,0,2,0,35,2,2,1,1,0,1,6,0,0,1,3,6,0,0,8,0,53,0,0,1,0,2,9,0,0,0,0,0,0,2
2,0,2,25,1,2,5,8743,790,257,847,703,4621,67,677,429,2592,5973,1641,478,1360,169,361,389,98,16,57,8,10,19,7939,737,2452,12,19,36,1399,48,47,4,15,44,984,64,120,29,87,1,2,690,0,0,2,0,1,1,7,16,40,44,62,47,10,10,1,4,10,95,22,38,57,21,18,7,24,2,9,0,2,26,6,16,2,0,11,3,225,4,7,5,3,0,7,0,3,0,1,0,6,20
4,3,2,8,0,1,10,664,7869,337,1604,173,78,14,35,2662,37,1641,11046,1919,336,330,149,1969,925,26,165,5,49,17,2659,54,115,14,17,948,1950,251,252,5,50,103,125,185,25,6,23,0,5,78,3,5,11,1,2,2,7,9,113,33,205,63,22,8,1,8,45,123,139,41,82,40,32,8,120,6,18,2,6,197,6,23,9,5,10,3,254,46,49,5,6,3,12,0,9,0,0,10,31,65
3,1,0,44,3,1,38,6789,6882,86,798,749,2553,114,478,781,65,478,1919,24215,64,121,661,210,4211,187,1109,64,18,48,703,889,8703,166,36,56,1061,3255,21,48,5,42,209,644,7969,48,123,6,1,143,1,3,5,0,0,3,39,16,7,138,12,63,136,89,13,66,9,22,15,2030,8,99,19,396,12,47,823,5,6,42,36,488,13,10,675,14,1075,4,36,141,5,12,89,2,41,3,3,0,21,23
0,1,0,17,0,1,32,80,218,7644,2492,3192,263,13,77,340,1678,1360,336,64,12946,115,713,532,31,54,91,50,5,4,339,847,787,78,136,251,1491,39,306,10,9,98,3761,96,28,72,335,3,0,1596,2,2,4,1,0,1,5,6,59,20,110,85,17,6,0,5,25,104,69,24,106,31,20,2,44,5,10,1,3,96,7,8,8,2,3,4,203,19,26,10,11,4,8,0,3,2,1,1,12,40
854,515,475,783,236,212,230,580,532,2553,2159,327,100,755,335,426,124,169,330,121,115,11353,2287,216,66,208,253,3840,6437,584,251,296,84,1193,183,157,388,89,340,379,19413,1538,191,600,69,10107,634,26,120,186,4,11,14,15,8,19,4,2,66,12,129,31,17,8,22,63,117,45,73,38,50,42,14,8,101,13,15,8,23,225,15,22,40,18,14,33,94,119,61,14,74,38,46,3,6,26,8,9,70,66
0,0,0,15,1,1,7,519,596,1293,3138,5229,680,32,96,81,542,361,149,661,713,2287,16275,132,532,873,2508,382,12,21,58,2834,9647,1052,7,14,109,1279,17,442,12,71,63,2601,793,5466,7099,3,1,182,0,0,1,0,0,3,3,3,3,13,1,4,7,2,1,7,4,5,2,75,3,61,6,42,3,154,143,31,0,6,175,44,3,0,47,158,62,0,3,127,3,136,319,13,74,0,0,1,5,5
1,3,1,11,8,8,50,960,16630,366,327,161,290,18,24,164,169,389,1969,210,532,216,132,7475,999,14,543,7,48,22,302,64,100,18,464,4267,11437,58,5338,27,56,116,69,238,11,8,25,63,12,84,1,6,0,3,5,1,2,1,19,88,45,14,6,4,1,4,15,21,98,23,15,10,6,4,27,1,12,0,0,49,8,7,2,0,2,6,99,13,16,6,5,0,9,1,5,17,0,2,9,12
1,0,0,4,0,0,8,171,5533,37,219,314,309,24,107,64,19,98,925,4211,31,66,532,999,7676,40,7798,5,3,14,18,229,1638,24,15,106,437,494,24,23,0,14,23,430,99,13,79,4,1,56,1,3,3,0,0,3,6,3,1,26,3,23,25,12,6,21,3,4,8,368,3,47,11,131,3,48,437,3,2,19,38,109,5,1,256,6,179,0,12,106,0,7,91,0,16,0,0,1,7,12
2,0,0,34,0,1,7,82,112,118,97,40,55,45,154,82,12,16,26,187,54,208,873,14,40,32044,1318,127,13,12,81,12874,275,12589,6,2,22,6290,15,437,6,28,77,13456,928,184,1062,3,2,86,1,1,0,0,0,0,0,2,1,4,2,4,8,2,0,7,0,2,1,18,3,129,1,18,1,275,264,109,0,2,464,30,3,0,12,534,7,1,2,85,5,424,889,32,208,1,0,0,0,6
0,2,0,12,0,1,8,116,1913,162,263,217,128,20,100,55,28,57,165,1109,91,253,2508,543,7798,1318,32345,787,9,14,57,2709,1254,1107,7,25,1786,1084,312,11078,5,28,33,19198,1104,149,939,40,6,70,0,1,6,0,2,5,3,8,8,16,18,18,19,5,10,38,6,4,2,122,6,180,18,134,8,454,511,94,5,13,535,111,8,3,181,375,46,2,9,291,4,475,1157,17,233,4,1,0,9,24
1,2,0,18,1,1,7,32,43,92,34,10,8,19,63,31,3,8,5,64,50,3840,382,7,5,127,787,60504,186,16,23,305,60,13816,3,2,57,83,25,23073,27,34,21,182,126,26737,5848,4,1,70,0,0,0,1,0,0,1,0,0,2,0,0,0,0,1,0,0,0,1,3,0,13,1,3,0,3,19,35,0,1,22,2,0,0,2,57,4,1,1,4,2,285,53,3,8,1,1,0,1,0
807,200,203,382,313,176,139,6,7,342,13,1,0,9066,360,271,0,10,49,18,5,6437,12,48,3,13,9,186,87953,10243,131,44,19,10,142,100,320,5,259,10,39500,2532,149,5,21,579,5,43,6573,111,9,5,15,3,4,9,2,3,24,6,64,12,3,4,16,59,101,10,50,5,14,26,5,0,38,0,1,1,16,136,1,3,23,13,2,2,72,80,64,1,50,0,1,0,2,17,4,12,39,36
634,206,223,430,278,118,147,16,1,528,21,0,1,22279,1451,326,1,19,17,48,4,584,21,22,14,12,14,16,10243,29086,87,109,69,29,183,87,338,8,343,5,7239,12819,199,6,40,5,12,25,3010,3058,8,5,18,3,8,12,1,2,12,1,29,5,0,0,13,49,93,4,33,3,6,15,2,0,27,0,1,0,12,92,2,5,32,18,4,0,60,84,45,0,62,0,1,0,2,21,6,6,22,23
7,5,4,105,1,8,162,1367,30,460,285,26,166,168,868,14262,15,7939,2659,703,339,251,58,302,18,81,57,23,131,87,23528,143,171,71,275,342,1556,129,428,18,70,160,3804,20,431,7,16,13,8,437,1,9,15,2,1,6,10,13,141,64,273,130,29,7,22,43,127,213,129,31,165,60,48,9,119,7,11,0,21,323,12,21,44,16,18,2,294,89,72,11,53,1,13,0,9,4,8,13,58,94
2,1,0,62,3,0,8,127,210,1060,189,185,257,174,835,96,149,737,54,889,847,296,2834,64,229,12874,2709,305,44,109,143,59381,8142,7278,11,8,61,1050,17,305,34,352,243,2557,8205,797,23889,2,7,1062,0,0,3,0,0,1,5,1,1,9,5,8,13,2,1,9,4,3,4,30,1,157,5,37,3,360,340,100,0,10,538,62,1,0,37,534,27,0,1,162,5,407,1017,44,232,2,0,1,7,12
1,4,1,31,1,1,6,433,958,738,915,6156,7842,122,885,79,744,2452,115,8703,787,84,9647,100,1638,275,1254,60,19,69,171,8142,22204,142,13,18,220,1184,16,34,16,156,222,869,10075,123,5660,1,4,878,0,1,5,0,0,3,2,6,3,21,12,17,33,17,6,31,5,5,6,449,8,76,11,84,3,89,272,10,1,17,85,127,8,5,188,21,253,4,6,133,2,15,135,5,35,0,2,1,3,9
0,1,0,29,0,0,12,67,79,130,55,34,27,54,110,84,10,12,14,166,78,1193,1052,18,24,12589,1107,13816,10,29,71,7278,142,45369,2,2,41,515,24,15631,10,40,53,8150,423,2699,8753,7,1,95,0,1,0,0,0,0,1,1,0,1,1,3,2,0,0,2,1,0,0,8,1,55,7,8,1,71,75,148,1,0,117,10,0,0,1,508,4,0,0,29,0,883,397,42,53,2,0,0,0,2
53,74,36,423,99,273,3317,4,7,458,310,8,2,541,302,1142,0,19,17,36,136,183,7,464,15,6,7,3,142,183,275,11,13,2,4529,1574,1698,11,9499,0,68,220,226,9,9,1,4,2578,107,179,25,51,59,6,32,59,1,0,12,0,49,7,1,0,60,135,212,6,45,2,5,23,6,0,12,4,3,0,42,115,0,5,64,25,0,0,147,187,40,1,111,0,1,0,1,222,24,16,55,32
10,3,4,56,6,4,199,8,98,374,248,12,6,118,75,1117,3,36,948,56,251,157,14,4267,106,2,25,2,100,87,342,8,18,2,1574,5371,2148,26,2892,2,68,197,142,36,2,3,4,16,11,209,2,4,7,0,2,8,1,1,34,10,84,20,6,1,14,34,140,13,109,4,16,30,11,2,55,1,2,0,22,181,1,1,34,15,3,0,149,118,74,0,66,0,2,0,1,5,6,9,52,57
106,68,69,513,48,147,736,3917,11499,1282,639,237,639,718,469,1530,350,1399,1950,1061,1491,388,109,11437,437,22,1786,57,320,338,1556,61,220,41,1698,2148,1478,22,4146,628,197,602,710,106,17,11,32,248,50,603,4,9,11,2,4,10,2,2,20,76,35,19,10,3,14,25,80,30,60,19,20,22,5,6,30,14,9,6,5,89,10,8,16,9,9,5,66,81,27,4,34,20,17,2,7,16,3,7,19,29
1,0,0,19,0,1,6,123,194,64,111,82,47,24,76,123,18,48,251,3255,39,89,1279,58,494,6290,1084,83,5,8,129,1050,1184,515,11,26,22,17750,11,89,3,25,46,8568,5616,38,229,2,1,63,1,1,6,0,0,3,1,6,5,20,6,14,15,4,9,35,8,6,8,168,9,100,9,120,2,206,232,20,5,15,221,114,12,5,215,93,83,1,13,208,0,61,405,9,75,0,0,0,11,13
42,52,22,263,77,440,690,8,607,746,381,10,4,706,436,955,3,47,252,21,306,340,17,5338,24,15,312,25,259,343,428,17,16,24,9499,2892,4146,11,14855,407,143,438,371,180,8,3,6,9223,309,421,7,31,29,8,21,27,2,2,13,1,58,10,1,1,21,68,174,10,88,3,8,33,8,1,20,2,2,0,28,156,3,4,47,17,2,3,156,166,50,1,90,4,3,0,1,150,17,13,45,39
1,0,1,11,4,6,5,16,118,30,16,9,18,10,36,22,4,4,5,48,10,379,442,27,23,437,11078,23073,10,5,18,305,34,15631,0,2,628,89,407,54204,4,10,15,12235,103,1017,947,54,7,19,0,0,1,0,2,1,0,0,0,0,2,1,0,1,0,0,1,0,0,5,0,51,12,19,0,39,131,348,0,1,117,3,0,0,0,821,8,0,0,14,8,3709,519,42,48,6,0,0,0,0
349,176,203,261,112,54,76,6,0,12177,15,9,1,795,307,153,0,15,50,5,9,19413,12,56,0,6,5,27,39500,7239,70,34,16,10,68,68,197,3,143,4,67363,5891,75,8,10,37,8,17,188,426,1,1,15,4,1,4,2,0,34,4,44,10,4,0,4,17,69,14,37,5,17,11,4,0,18,0,1,0,3,84,0,0,15,10,1,1,46,38,31,0,23,0,0,0,1,8,8,11,14,23
464,283,250,512,101,97,125,12,11,16586,31,7,5,1752,1725,415,4,44,103,42,98,1538,71,116,14,28,28,34,2532,12819,160,352,156,40,220,197,602,25,438,10,5891,9934,266,37,49,21,93,23,67,14270,6,12,12,8,5,16,1,4,46,9,82,11,3,2,27,55,153,23,83,5,22,29,12,2,61,4,0,1,18,221,2,5,28,27,3,0,95,110,71,2,62,1,6,1,3,17,2,11,47,81
54,53,4,985,36,80,119,198,7,1638,169,44,38,903,5687,4814,8,984,125,209,3761,191,63,69,23,77,33,21,149,199,3804,243,222,53,226,142,710,46,371,15,75,266,17307,19,225,3,23,24,31,4808,24,29,33,5,17,22,1,2,27,4,72,24,3,4,31,64,111,32,50,15,22,25,7,3,44,3,7,0,24,108,5,4,36,15,3,1,123,94,26,8,54,0,6,0,0,75,14,13,39,15
1,0,0,5,1,0,4,150,474,247,200,129,68,13,44,50,35,64,185,644,96,600,2601,238,430,13456,19198,182,5,6,20,2557,869,8150,9,36,106,8568,180,12235,8,37,19,51268,568,429,933,35,6,87,0,1,2,1,3,2,7,3,6,20,5,14,15,6,4,15,4,6,3,78,8,295,12,94,5,487,377,214,0,11,808,77,4,2,90,1172,41,2,7,214,3,1158,1803,77,330,2,0,0,5,16
2,0,2,51,0,0,10,237,68,61,111,63,167,172,552,204,14,120,25,7969,28,69,793,11,99,928,1104,126,21,40,431,8205,10075,423,9,2,17,5616,8,103,10,49,225,568,15640,19,103,1,2,155,0,0,9,1,1,1,8,7,3,23,10,13,31,12,9,29,8,12,7,192,1,121,15,138,2,197,226,7,1,24,154,167,10,5,243,30,126,5,15,245,2,23,258,3,62,0,0,1,13,25
0,0,0,1,0,0,0,84,82,214,106,108,23,5,10,4,30,29,6,48,72,10107,5466,8,13,184,149,26737,579,5,7,797,123,2699,1,3,11,38,3,1017,37,21,3,429,19,8660,8392,1,0,29,0,0,0,0,0,0,0,0,0,0,0,0,0,0,0,0,0,0,0,4,0,4,1,0,0,9,10,13,0,0,12,3,0,0,0,64,2,0,0,2,1,97,37,3,3,1,0,0,0,0
1,0,0,4,0,0,3,110,151,644,216,220,74,8,81,17,80,87,23,123,335,634,7099,25,79,1062,939,5848,5,12,16,23889,5660,8753,4,4,32,229,6,947,8,93,23,933,103,8392,34089,1,0,211,0,0,0,0,0,0,0,0,1,3,0,1,1,0,1,1,0,1,0,10,3,42,0,10,0,73,57,37,0,1,127,9,2,0,11,219,11,2,0,31,2,242,296,7,61,0,0,0,1,0
38,42,53,580,564,5050,3065,0,52,40,17,0,0,123,34,264,0,1,0,6,3,26,3,63,4,3,40,4,43,25,13,2,1,7,2578,16,248,2,9223,54,17,23,24,35,1,1,1,8209,681,13,19,159,20,49,120,142,0,0,0,0,2,1,0,0,22,23,26,1,2,1,0,3,14,0,0,0,3,1,3,2,0,1,5,1,1,0,8,22,1,2,17,1,0,1,0,445,9,0,6,1
1261,107,98,245,1683,1761,260,3,8,23,2,0,0,15069,44,103,0,2,5,1,0,120,1,12,1,2,6,1,6573,3010,8,7,4,1,107,11,50,1,309,7,188,67,31,6,2,0,0,681,13527,1,5,5,7,3,4,9,0,0,0,0,4,0,0,0,4,17,26,0,3,1,1,3,0,0,0,0,0,0,1,11,0,0,6,1,0,0,10,14,7,1,9,0,0,0,0,14,3,1,3,4
51,39,28,216,9,14,58,57,28,6665,80,45,78,1488,14649,383,7,690,78,143,1596,186,182,84,56,86,70,70,111,3058,437,1062,878,95,179,209,603,63,421,19,426,14270,4808,87,155,29,211,13,1,24167,1,4,12,1,1,3,2,0,33,7,62,20,3,0,8,18,74,17,45,14,19,20,6,1,36,7,6,1,6,121,7,3,19,9,6,5,84,78,41,2,34,3,8,0,2,4,3,9,32,32
37,104,144,355,21,97,136,0,0,3,0,0,0,42,24,30,0,0,3,1,2,4,0,1,1,1,0,0,9,8,1,0,0,0,25,2,4,1,7,0,1,6,24,0,0,0,0,19,5,1,44902,15264,2676,13896,22595,1881,0,0,0,0,54,6,0,0,19325,180,48,0,3,3,0,120,6,1,0,9,1,3,939,8,9,7,866,0,0,0,79,281,7,2,44,0,0,1,1,731,13203,109,196,26
101,292,545,917,42,180,414,1,1,5,2,0,0,67,35,50,0,0,5,3,2,11,0,6,3,1,1,0,5,5,9,0,1,1,51,4,9,1,31,0,1,12,29,1,0,0,0,159,5,4,15264,74159,12242,11167,2677,5496,0,0,2,0,543,38,2,0,8698,237,53,1,12,11,2,725,3,2,3,10,4,5,686,10,26,34,1095,4,4,4,96,246,13,6,73,1,7,2,5,1663,662,524,1222,161
40,127,89,375,22,80,155,0,2,7,5,0,1,69,34,75,0,2,11,5,4,14,1,0,3,0,6,0,15,18,15,3,5,0,59,7,11,6,29,1,15,12,33,2,9,0,0,20,7,12,2676,12242,33736,1405,1444,8624,7,6,6,5,751,49,5,2,17670,3804,3245,4,37,103,7,414,21,15,8,78,24,8,652,260,106,159,926,14,39,17,317,1128,76,55,170,1,24,0,23,821,1159,315,1123,400
212,72,3554,226,101,3359,270,0,0,7,0,0,0,16,9,12,0,0,1,0,1,15,0,3,0,0,0,1,3,3,2,0,0,0,6,0,2,0,8,0,4,8,5,1,1,0,0,49,3,1,13896,11167,1405,46354,18232,15524,0,0,0,0,28,4,0,0,506,59,10,0,1,3,0,98,0,0,1,1,1,0,217,1,4,4,382,1,2,0,14,44,2,0,327,0,0,0,0,452,226,84,137,12
48,136,148,404,16,155,517,0,3,4,3,0,0,35,17,28,0,1,2,0,0,8,0,5,0,0,2,0,4,8,1,0,0,0,32,2,4,0,21,2,1,5,17,3,1,0,0,120,4,1,22595,2677,1444,18232,23021,10564,0,0,1,1,80,8,0,0,1751,315,26,0,0,5,1,82,27,2,1,4,3,1,220,4,6,3,309,2,1,1,60,1068,6,2,696,1,0,1,1,4335,5077,60,115,47
68,236,384,755,36,151,529,1,2,11,1,0,0,82,32,68,0,1,2,3,1,19,3,1,3,0,5,0,9,12,6,1,3,0,59,8,10,3,27,1,4,16,22,2,1,0,0,142,9,3,1881,5496,8624,15524,10564,21604,2,1,1,0,781,60,4,1,930,104,2656,1,28,46,3,320,15,11,5,49,14,2,161,92,43,69,193,3,15,6,225,937,9,25,391,3,16,2,3,3860,170,232,599,260
0,0,0,0,0,0,0,35,13,7,6,2,6,1,1,3,0,7,7,39,5,4,3,2,6,0,3,1,2,1,10,5,2,1,1,1,2,1,2,0,2,1,1,7,8,0,0,0,0,2,0,0,7,0,0,2,6403,5446,529,1554,9,121,61,6374,12,126,160,3965,183,7692,14,95,457,79,81,20,35,2,7,1015,31,529,16,26,229,6,4467,11,60,19,7,1,17,4,20,0,2,3,8,21
0,0,0,1,0,0,1,7,15,9,5,1,0,3,0,2,2,16,9,16,6,2,3,1,3,2,8,0,3,2,13,1,6,1,0,1,2,6,2,0,0,4,2,3,7,0,0,0,0,0,0,0,6,0,0,1,5446,16450,4807,3356,43,411,232,1168,2,23,296,9108,552,6648,64,411,573,117,17,20,44,16,9,686,41,74,2,11,21,20,5539,11,11,29,1,14,59,13,62,0,0,2,7,23
1,0,0,3,0,0,8,5,8,102,26,1,1,5,12,87,0,40,113,7,59,66,3,19,1,1,8,0,24,12,141,1,3,0,12,34,20,5,13,0,34,46,27,6,3,0,1,0,0,33,0,2,6,0,1,1,529,4807,5043,3784,402,1178,465,130,3,10,777,6350,3382,423,358,655,362,22,98,28,60,6,2,3508,31,76,3,7,30,25,1832,44,27,26,54,5,60,13,77,2,1,4,20,69
0,0,0,1,1,1,1,76,360,22,21,9,28,2,7,16,3,44,33,138,20,12,13,88,26,4,16,2,6,1,64,9,21,1,0,10,76,20,1,0,4,9,4,20,23,0,3,0,0,7,0,0,5,0,1,0,1554,3356,3784,35886,189,1024,957,1141,7,24,121,2241,4688,3553,549,888,13744,4765,113,63,1139,28,9,74,80,804,11,6,60,77,13243,27,47,72,16,38,302,13,134,0,2,3,18,69
4,9,4,26,6,6,22,10,18,148,44,2,2,41,44,185,2,62,205,12,110,129,1,45,3,2,18,0,64,29,273,5,12,1,49,84,35,6,58,2,44,82,72,5,10,0,0,2,4,62,54,543,751,28,80,781,9,43,402,189,29586,7395,1392,117,298,715,2432,446,1599,52,4862,2811,687,54,644,57,101,25,217,744,156,195,304,147,21,50,1812,1141,302,102,471,17,186,53,274,53,96,14180,13886,15177
1,0,1,11,0,0,1,32,40,78,22,9,17,6,4,53,1,47,63,63,85,31,4,14,23,4,18,0,12,5,130,8,17,3,7,20,19,14,10,1,10,11,24,14,13,0,1,1,0,20,6,38,49,4,8,60,121,411,1178,1024,7395,8845,6906,557,31,91,869,2002,1134,265,6472,6695,573,276,588,52,238,38,44,285,87,163,34,33,53,63,1096,235,123,97,85,18,158,49,222,10,7,40,230,1804
0,0,0,1,0,0,1,71,52,13,17,5,29,2,0,10,3,10,22,136,17,17,7,6,25,8,19,0,3,0,29,13,33,2,1,6,10,15,1,0,4,3,3,15,31,0,1,0,0,3,0,2,5,0,0,4,61,232,465,957,1392,6906,14803,10269,10,80,88,5130,275,886,5340,6165,295,561,604,59,369,21,4,343,124,6063,9,28,246,65,838,31,234,128,10,18,192,57,599,0,0,11,81,767
0,0,0,1,0,0,0,67,37,12,20,5,25,0,1,4,3,10,8,89,6,8,2,4,12,2,5,0,4,0,7,2,17,0,0,1,3,4,1,1,0,2,4,6,12,0,0,0,0,0,0,0,2,0,0,1,6374,1168,130,1141,117,557,10269,8003,4,30,47,15852,98,1136,526,386,351,202,209,28,73,9,4,270,34,3788,6,11,170,13,1796,5,66,24,4,4,35,11,71,0,1,0,25,90
41,112,85,294,16,64,124,1,0,14,7,0,1,95,52,79,0,1,1,13,0,22,1,1,6,0,10,1,16,13,22,1,6,0,60,14,14,9,21,0,4,27,31,4,9,0,1,22,4,8,19325,8698,17670,506,1751,930,12,2,3,7,298,31,10,4,51211,16844,821,1,12,126,4,206,17,16,4,131,37,7,5882,355,127,174,14576,32,53,16,416,402,94,52,174,5,26,3,21,558,15063,165,911,480
60,135,79,330,28,96,132,5,8,25,14,2,5,183,82,166,1,4,8,66,5,63,7,4,21,7,38,0,59,49,43,9,31,2,135,34,25,35,68,0,17,55,64,15,29,0,1,23,17,18,180,237,3804,59,315,104,126,23,10,24,715,91,80,30,16844,41697,2796,67,60,633,57,466,37,124,137,429,149,29,1163,1397,586,1183,5450,1778,399,59,1109,601,9081,168,526,19,107,16,171,442,719,255,3472,8394
61,126,63,320,40,91,197,2,3,60,21,1,3,239,146,369,0,10,45,9,25,117,4,15,3,0,6,0,101,93,127,4,5,1,212,140,80,8,174,1,69,153,111,4,8,0,0,26,26,74,48,53,3245,10,26,2656,160,296,777,121,2432,869,88,47,821,2796,17057,785,1905,885,456,389,170,47,722,83,46,11,227,12555,68,141,527,1665,37,16,2028,5361,612,84,842,2,48,3,24,514,164,167,604,745
0,1,0,1,0,0,2,25,46,142,42,2,8,2,7,32,2,95,123,22,104,45,5,21,4,2,4,0,10,4,213,3,5,0,6,13,30,6,10,0,14,23,32,6,12,0,1,1,0,17,0,1,4,0,0,1,3965,9108,6350,2241,446,2002,5130,15852,1,67,785,13442,801,264,7579,848,792,64,1945,36,82,2,4,9953,53,633,2,43,112,24,2973,34,241,31,26,4,58,15,186,1,0,5,25,233
7,3,2,19,2,2,12,8,37,76,18,1,4,44,21,177,0,22,139,15,69,73,2,98,8,1,2,1,50,33,129,4,6,0,45,109,60,8,88,0,37,83,50,3,7,0,0,2,3,45,3,12,37,1,0,28,183,552,3382,4688,1599,1134,275,98,12,60,1905,801,4992,1182,969,337,6783,355,727,12,94,8,36,505,30,99,52,45,12,14,2531,2627,333,34,276,8,83,3,53,18,9,55,190,492
0,0,0,5,0,0,2,912,574,36,95,89,542,3,22,21,35,38,41,2030,24,38,75,23,368,18,122,3,5,3,31,30,449,8,2,4,19,168,3,5,5,5,15,78,192,4,10,1,1,14,3,11,103,3,5,46,7692,6648,423,3553,52,265,886,1136,126,633,885,264,1182,22996,44,1102,525,4518,77,392,2190,44,33,1978,390,8588,81,211,4315,111,3159,126,219,3750,27,24,830,16,268,3,21,12,93,136
0,1,1,2,0,0,1,16,26,98,28,3,4,4,5,47,2,57,82,8,106,50,3,15,3,3,6,0,14,6,165,1,8,1,5,16,20,9,8,0,17,22,22,8,1,0,3,0,1,19,0,2,7,0,1,3,14,64,358,549,4862,6472,5340,526,4,57,456,7579,969,44,13170,874,701,39,9098,31,49,7,3,2111,48,148,7,30,12,31,1077,216,595,35,68,5,64,17,191,2,0,11,60,10156
7,20,10,28,3,11,12,40,23,46,25,13,17,26,15,64,2,21,40,99,31,42,61,10,47,129,180,13,26,15,60,157,76,55,23,30,22,100,33,51,11,29,25,295,121,4,42,3,3,20,120,725,414,98,82,320,95,411,655,888,2811,6695,6165,386,206,466,389,848,337,1102,874,41133,344,1177,496,558,1881,2121,4331,328,1023,4482,894,65,448,1969,790,248,345,1057,143,556,1807,12361,9397,46,59,3738,2401,1160
5,7,7,25,2,5,22,6,9,34,6,1,8,4,8,26,1,18,32,19,20,14,6,6,11,1,18,1,5,2,48,5,11,7,6,11,5,9,8,12,4,12,7,12,15,1,0,14,0,6,6,3,21,0,27,15,457,573,362,13744,687,573,295,351,17,37,170,792,6783,525,701,344,12101,1714,242,56,775,79,14,152,97,289,15,12,40,75,8129,3038,79,92,2420,680,785,15,102,235,38,18,69,185
1,0,0,2,1,0,2,93,60,2,18,16,49,5,8,6,1,7,8,396,2,8,42,4,131,18,134,3,0,0,9,37,84,8,0,2,6,120,1,19,0,2,3,94,138,0,10,0,0,1,1,2,15,0,2,11,79,117,22,4765,54,276,561,202,16,124,47,64,355,4518,39,1177,1714,18364,34,81,13248,72,15,45,211,1515,25,16,276,114,1871,28,78,204,108,1428,2599,19,281,11,2,3,43,98
1,1,1,9,1,1,4,6,11,76,17,2,0,15,19,114,0,24,120,12,44,101,3,27,3,1,8,0,38,27,119,3,3,1,12,55,30,2,20,0,18,61,44,5,2,0,0,0,0,36,0,3,8,1,1,5,81,17,98,113,644,588,604,209,4,137,722,1945,727,77,9098,496,242,34,3786,26,42,6,5,6599,73,360,11,356,52,20,942,365,4320,44,183,1,50,15,171,8,2,13,128,2886
0,0,0,2,0,0,3,21,15,16,13,12,9,2,8,5,1,2,6,47,5,13,154,1,48,275,454,3,0,0,7,360,89,71,4,1,14,206,2,39,0,4,3,487,197,9,73,0,0,7,9,10,78,1,4,49,20,20,28,63,57,52,59,28,131,429,83,36,12,392,31,558,56,81,26,23836,828,153,49,193,7700,756,129,47,3183,12122,100,32,114,10173,10,134,4914,64,321,6,17,7,102,139
0,0,0,2,0,0,2,153,248,10,34,48,136,5,20,6,6,9,18,823,10,15,143,12,437,264,511,19,1,1,11,340,272,75,3,2,9,232,2,131,1,0,7,377,226,10,57,3,0,6,1,4,24,1,3,14,35,44,60,1139,101,238,369,73,37,149,46,82,94,2190,49,1881,775,13248,42,828,19074,349,20,93,1174,1421,37,22,956,696,685,31,92,1104,520,7243,13399,62,1092,55,4,5,87,182
0,0,0,0,0,1,1,5,2,3,1,0,1,0,0,1,0,0,2,5,1,8,31,0,3,109,94,35,1,0,0,100,10,148,0,0,6,20,0,348,0,1,0,214,7,13,37,1,0,1,3,5,8,0,1,2,2,16,6,28,25,38,21,9,7,29,11,2,8,44,7,2121,79,72,6,153,349,37703,422,14,160,28,25,5,47,17568,51,5,10,215,48,24211,941,23693,556,6,1,145,35,46
5,27,13,80,12,21,34,1,0,13,5,0,0,46,27,55,0,2,6,6,3,23,0,0,2,0,5,0,16,12,21,0,1,1,42,22,5,5,28,0,3,18,24,0,1,0,0,3,1,6,939,686,652,217,220,161,7,9,2,9,217,44,4,4,5882,1163,227,4,36,33,3,4331,14,15,5,49,20,422,92117,52,57,79,27597,20,25,23,323,217,52,23,228,10,5,876,15,95,15045,24555,2732,223
12,18,12,48,8,21,37,15,13,150,36,4,3,107,70,451,1,26,197,42,96,225,6,49,19,2,13,1,136,92,323,10,17,0,115,181,89,15,156,1,84,221,108,11,24,0,1,2,11,121,8,10,260,1,4,92,1015,686,3508,74,744,285,343,270,355,1397,12555,9953,505,1978,2111,328,152,45,6599,193,93,14,52,23163,147,876,175,4052,439,35,1723,781,1270,232,389,12,70,6,104,20,49,37,207,303
1,2,0,2,0,1,2,12,32,10,18,5,5,3,7,7,3,6,6,36,7,15,175,8,38,464,535,22,1,2,12,538,85,117,0,1,10,221,3,117,0,2,5,808,154,12,127,0,0,7,9,26,106,4,6,43,31,41,31,80,156,87,124,34,127,586,68,53,30,390,48,1023,97,211,73,7700,1174,160,57,147,37376,2323,168,57,5222,7049,131,32,261,1334,16,258,2552,341,11362,3,22,32,349,486
1,0,0,2,1,0,1,154,115,16,34,18,97,5,13,11,6,16,23,488,8,22,44,7,109,30,111,2,3,5,21,62,127,10,5,1,8,114,4,3,0,5,4,77,167,3,9,1,0,3,7,34,159,4,3,69,529,74,76,804,195,163,6063,3788,174,1183,141,633,99,8588,148,4482,289,1515,360,756,1421,28,79,876,2323,32274,226,159,15266,85,959,54,819,1464,24,25,1078,51,9029,7,39,32,480,834
34,42,30,119,8,34,63,1,0,16,4,1,1,74,45,94,0,2,9,13,8,40,3,2,5,3,8,0,23,32,44,1,8,0,64,34,16,12,47,0,15,28,36,4,10,0,2,5,6,19,866,1095,926,382,309,193,16,2,3,11,304,34,9,6,14576,5450,527,2,52,81,7,894,15,25,11,129,37,25,27597,175,168,226,47040,35,72,21,703,408,125,49,375,6,26,26,29,142,5936,12723,12135,3390
6,16,5,36,9,5,16,0,2,10,5,1,0,33,26,48,0,0,5,10,2,18,0,0,1,0,3,0,13,18,16,0,5,0,25,15,9,5,17,0,10,27,15,2,5,0,0,1,1,9,0,4,14,1,2,3,26,11,7,6,147,33,28,11,32,1778,1665,43,45,211,30,65,12,16,356,47,22,5,20,4052,57,159,35,5850,39,9,405,208,3773,55,174,0,24,2,22,55,2,8,133,291
0,0,0,1,1,0,0,47,49,3,38,29,72,6,15,7,8,11,10,675,3,14,47,2,256,12,181,2,2,4,18,37,188,1,0,3,9,215,2,0,1,3,3,90,243,0,11,1,0,6,0,4,39,2,1,15,229,21,30,60,21,53,246,170,53,399,37,112,12,4315,12,448,40,276,52,3183,956,47,25,439,5222,15266,72,39,11589,115,81,7,164,3113,5,21,321,6,174,1,10,5,64,118
0,0,0,0,0,0,0,11,14,7,10,1,2,0,2,1,0,3,3,14,4,33,158,6,6,534,375,57,2,0,2,534,21,508,0,0,5,93,3,821,1,0,1,1172,30,64,219,0,0,5,0,4,17,0,1,6,6,20,25,77,50,63,65,13,16,59,16,24,14,111,31,1969,75,114,20,12122,696,17568,23,35,7049,85,21,9,115,64941,69,4,29,535,27,4700,6193,12457,3458,6,2,12,46,101
13,21,7,75,8,20,68,1562,1315,132,135,77,487,98,65,269,53,225,254,1075,203,94,62,99,179,7,46,4,72,60,294,27,253,4,147,149,66,83,156,8,46,95,123,41,126,2,11,8,10,84,79,96,317,14,60,225,4467,5539,1832,13243,1812,1096,838,1796,416,1109,2028,2973,2531,3159,1077,790,8129,1871,942,100,685,51,323,1723,131,959,703,405,81,69,4071,3645,928,84,3969,536,269,12,95,1034,140,199,725,992
54,146,89,408,49,87,200,1,1,47,17,1,1,230,101,347,0,4,46,4,19,119,0,13,0,1,2,1,80,84,89,0,4,0,187,118,81,1,166,0,38,110,94,2,5,0,2,22,14,78,281,246,1128,44,1068,937,11,11,44,27,1141,235,31,5,402,601,5361,34,2627,126,216,248,3038,28,365,32,31,5,217,781,32,54,408,208,7,4,3645,13920,407,38,7486,11,27,4,15,2632,125,130,498,537
9,16,12,50,9,14,23,4,2,37,17,1,1,83,26,152,0,7,49,36,26,61,3,16,12,2,9,1,64,45,72,1,6,0,40,74,27,13,50,0,31,71,26,7,15,0,0,1,7,41,7,13,76,2,6,9,60,11,27,47,302,123,234,66,94,9081,612,241,333,219,595,345,79,78,4320,114,92,10,52,1270,261,819,125,3773,164,29,928,407,20212,72,331,11,98,8,255,24,13,45,1166,12810
0,0,0,1,0,0,0,26,14,8,13,12,12,4,8,9,1,5,5,141,10,14,127,6,106,85,291,4,1,0,11,162,133,29,1,0,4,208,1,14,0,2,8,214,245,2,31,2,1,2,2,6,55,0,2,25,19,29,26,72,102,97,128,24,52,168,84,31,34,3750,35,1057,92,204,44,10173,1104,215,23,232,1334,1464,49,55,3113,535,84,38,72,15123,12,140,10324,34,402,2,7,7,82,139
25,30,25,125,17,24,92,2,1,30,7,0,0,108,55,191,0,3,6,5,11,74,3,5,0,5,4,2,50,62,53,5,2,0,111,66,34,0,90,8,23,62,54,3,2,1,2,17,9,34,44,73,170,327,696,391,7,1,54,16,471,85,10,4,174,526,842,26,276,27,68,143,2420,108,183,10,520,48,228,389,16,24,375,174,5,27,3969,7486,331,12,13086,590,224,7,11,5331,218,85,345,313
0,1,2,4,0,0,2,9,5,8,0,4,3,0,3,3,2,0,3,12,4,38,136,0,7,424,475,285,0,0,1,407,15,883,0,0,20,61,4,3709,0,1,0,1158,23,97,242,1,0,3,0,1,1,0,1,3,1,14,5,38,17,18,18,4,5,19,2,4,8,24,5,556,680,1428,1,134,7243,24211,10,12,258,25,6,0,21,4700,536,11,11,140,590,67006,22395,1408,247,50,0,0,12,18
0,0,0,4,0,0,1,24,36,21,16,12,13,3,15,9,9,7,12,89,8,46,319,9,91,889,1157,53,1,1,13,1017,135,397,1,2,17,405,3,519,0,6,6,1803,258,37,296,0,0,8,0,7,24,0,0,16,17,59,60,302,186,158,192,35,26,107,48,58,83,830,64,1807,785,2599,50,4914,13399,941,5,70,2552,1078,26,24,321,6193,269,27,98,10324,224,22395,55539,294,1007,31,4,9,110,256
0,0,0,1,0,0,0,3,3,1,2,2,2,0,0,0,0,0,0,2,0,3,13,1,0,32,17,3,0,0,0,44,5,42,0,0,2,9,0,42,0,1,0,77,3,3,7,1,0,0,1,2,0,0,1,2,4,13,13,13,53,49,57,11,3,16,3,15,3,16,17,12361,15,19,15,64,62,23693,876,6,341,51,26,2,6,12457,12,4,8,34,7,1408,294,20969,10526,1,0,311,27,58
0,0,0,3,0,1,0,15,6,8,8,11,5,2,3,3,0,3,9,41,3,6,74,5,16,208,233,8,2,2,9,232,35,53,1,1,7,75,1,48,1,3,0,330,62,3,61,0,0,2,1,5,23,0,1,3,20,62,77,134,274,222,599,71,21,171,24,186,53,268,191,9397,102,281,171,321,1092,556,15,104,11362,9029,29,22,174,3458,95,15,255,402,11,247,1007,10526,15665,1,5,8,137,418
200,549,492,2000,82,408,1292,0,2,22,5,0,0,148,79,177,0,0,0,3,2,26,0,17,0,1,4,1,17,21,4,2,0,2,222,5,16,0,150,6,8,17,75,2,0,1,0,445,14,4,731,1663,821,452,4335,3860,0,0,2,0,53,10,0,0,558,442,514,1,18,3,2,46,235,11,8,6,55,6,95,20,3,7,142,55,1,6,1034,2632,24,2,5331,50,31,1,1,12463,757,16,62,23
22,32,23,88,5,26,34,0,0,8,1,0,0,37,11,32,0,1,0,3,1,8,0,0,0,0,1,1,4,6,8,0,2,0,24,6,3,0,17,0,8,2,14,0,0,0,0,9,3,3,13203,662,1159,226,5077,170,2,0,1,2,96,7,0,1,15063,719,164,0,9,21,0,59,38,2,2,17,4,1,15045,49,22,39,5936,2,10,2,140,125,13,7,218,0,4,0,5,757,53642,230,915,62
7,8,3,18,0,7,12,0,1,7,3,0,0,15,8,34,0,0,10,0,1,9,1,2,1,0,0,0,12,6,13,1,1,0,16,9,7,0,13,0,11,11,13,0,1,0,0,0,1,9,109,524,315,84,60,232,3,2,4,3,14180,40,11,0,165,255,167,5,55,12,11,3738,18,3,13,7,5,145,24555,37,32,32,12723,8,5,12,199,130,45,7,85,0,9,311,8,16,230,41179,3382,391
9,18,14,56,3,19,29,3,2,22,12,1,1,54,32,129,0,6,31,21,12,70,5,9,7,0,9,1,39,22,58,7,3,0,55,52,19,11,45,0,14,47,39,5,13,0,1,6,3,32,196,1222,1123,137,115,599,8,7,20,18,13886,230,81,25,911,3472,604,25,190,93,60,2401,69,43,128,102,87,35,2732,207,349,480,12135,133,64,46,725,498,1166,82,345,12,110,27,137,62,915,3382,16780,14100
1,7,5,20,3,3,14,3,9,53,19,1,3,46,23,127,2,20,65,23,40,66,5,12,12,6,24,0,36,23,94,12,9,2,32,57,29,13,39,0,23,81,15,16,25,0,0,1,4,32,26,161,400,12,47,260,21,23,69,69,15177,1804,767,90,480,8394,745,233,492,136,10156,1160,185,98,2886,139,182,46,223,303,486,834,3390,291,118,101,992,537,12810,139,313,18,256,58,418,23,62,391,14100,22997
