25988,13060,12113,6551,18302,4721,1533,13,1,88,2,5,6,14037,521,220,1,0,7,35,5,381,13,1,6,32,7,88,1311,1122,18,34,17,44,143,20,69,13,145,8,1040,153,85,24,39,92,58,184,2623,12,60,122,91,98,69,148,0,0,0,1,11,0,0,0,96,2,27,0,5,2,0,2,1,2,0,1,0,1,12,0,1,0,12,5,6,3,6,90,2,2,18,3,3,3,0,83,21,4,8,0
13060,30147,16779,22958,1770,3994,2179,8,9,165,2,1,6,8138,2017,394,1,2,8,20,8,434,23,0,8,59,9,58,412,486,18,29,14,57,206,35,119,17,173,7,775,200,107,27,60,60,59,301,567,22,92,158,120,78,104,227,0,0,0,1,8,0,0,0,96,6,39,0,1,2,0,6,0,2,1,0,1,1,19,1,0,3,14,0,4,1,4,120,2,2,17,4,4,3,0,132,21,4,6,1
12113,16779,30521,10324,11651,9103,6000,0,0,51,1,1,3,889,45,38,0,0,2,6,5,316,15,0,1,4,1,85,884,572,2,4,4,36,45,5,24,1,63,8,796,104,29,15,5,80,27,179,765,14,40,107,70,1083,72,203,0,0,0,0,3,0,1,0,51,1,21,0,4,0,1,6,0,1,0,0,2,0,4,0,0,0,7,1,0,4,3,43,0,1,11,8,1,0,1,94,7,2,2,0
6551,22958,10324,66446,2102,3570,15751,214,92,817,24,15,22,11440,12015,11430,4,18,42,307,55,1175,71,11,67,434,39,202,950,1433,535,257,104,268,815,394,385,255,553,15,1897,868,3279,204,488,108,280,1266,997,238,185,493,298,463,305,711,2,0,2,16,25,1,3,1,281,18,116,0,21,11,1,16,2,33,4,6,19,1,46,3,0,5,37,8,16,6,18,316,3,9,62,14,10,1,10,382,53,16,22,2
18302,1770,11651,2102,34892,15812,812,8,2,41,2,1,2,5948,305,177,0,0,1,11,3,147,8,4,4,25,9,85,2129,1028,9,20,9,37,128,18,41,12,153,13,671,54,43,13,24,73,33,425,7493,5,34,61,51,554,37,62,0,0,0,2,6,0,1,0,54,2,30,0,1,1,0,4,1,0,2,2,0,0,13,0,0,0,9,1,1,1,2,58,2,1,22,0,1,1,2,35,11,6,1,0
4721,3994,9103,3570,15812,31697,26027,3,6,99,2,1,2,612,67,98,0,0,1,7,3,159,9,23,7,9,72,43,341,213,10,5,6,21,586,17,69,2,771,40,371,79,38,65,4,32,22,5134,1469,12,133,380,200,1522,319,1195,0,0,0,4,4,0,0,0,160,11,67,0,4,1,0,11,2,0,1,0,9,1,22,1,1,2,26,2,5,4,11,199,1,5,48,8,2,0,0,228,37,10,11,3
1533,2179,6000,15751,812,26027,26555,20,69,752,27,15,13,1069,246,1723,1,1,36,38,94,443,25,66,62,64,53,57,312,513,189,36,30,69,3729,388,167,37,2282,17,664,317,508,116,47,41,65,2820,332,114,167,515,371,985,460,1412,1,1,3,17,27,2,2,1,213,10,132,2,36,5,4,20,9,10,6,4,10,1,24,1,1,4,39,12,4,1,30,305,7,8,47,11,10,0,1,605,35,19,19,2
13,8,0,214,8,3,20,37251,5979,273,2783,1284,10457,905,1041,1004,2891,4984,2732,5446,1057,2795,742,18,385,108,279,21,98,236,1760,96,1728,36,25,62,592,231,31,4,114,192,1746,107,855,59,302,7,23,146,0,1,12,1,0,7,186,154,26,937,12,18,35,73,5,11,47,19,62,714,21,38,62,293,7,4,28,1,3,8,6,164,13,14,104,1,103,39,5,28,7,2,20,0,5,2,1,2,4,3
1,9,0,92,2,6,69,5979,56842,375,1046,1759,2815,69,90,1146,1178,80,8846,1877,1308,1114,410,7440,4900,94,4703,44,13,40,278,78,619,85,387,2256,7434,111,398,87,37,66,296,650,99,38,292,31,5,44,3,1,22,1,1,12,577,630,116,3860,58,68,109,234,27,23,149,92,274,1368,81,102,303,645,45,15,121,2,13,39,17,388,29,41,379,14,818,144,26,138,43,13,71,2,24,2,1,3,21,18
88,165,51,817,41,99,752,273,375,30908,3217,3288,738,275,380,2147,205,25,1338,268,6024,5126,1008,97,123,143,67,105,181,151,207,383,1264,66,1150,1353,901,125,1241,19,11762,5498,1697,318,159,179,1250,486,80,4180,33,32,21,3,16,23,1,10,27,104,74,4,6,2,68,5,299,21,335,9,26,26,43,16,72,6,18,1,75,30,5,14,100,43,20,1,141,323,50,15,76,6,12,1,3,17,29,18,39,25
2,2,1,24,2,2,27,2783,1046,3217,3541,5252,218,26,15,338,64,112,1487,260,1045,4288,1254,46,71,22,21,10,15,36,98,21,244,7,75,261,170,21,73,3,121,125,109,60,39,42,221,7,2,32,1,1,1,1,0,3,4,6,8,39,19,2,1,1,0,1,32,8,51,12,6,5,20,5,15,0,6,1,1,9,1,5,10,3,7,4,29,38,6,4,9,0,3,0,2,0,0,3,14,5
5,1,1,15,1,1,15,1284,1759,3288,5252,16137,4960,71,31,174,2062,110,685,1299,7094,1760,3756,79,815,30,238,25,46,157,124,110,4688,15,49,201,404,74,75,2,235,458,459,179,104,54,853,6,7,155,0,1,4,0,2,3,14,10,16,106,10,2,8,3,1,3,53,14,98,88,10,8,23,81,15,4,16,0,3,7,1,27,5,6,52,4,58,49,7,34,11,0,10,0,6,0,1,1,3,2
6,6,3,22,2,2,13,10457,2815,738,218,4960,20180,572,227,487,6533,426,477,2874,1877,391,222,32,795,42,276,6,120,455,841,237,3039,7,38,83,269,31,35,1,153,434,703,51,313,14,212,1,18,277,2,0,5,1,0,0,55,45,7,339,11,6,19,13,6,4,33,4,47,284,3,12,25,133,6,1,11,0,2,3,1,54,6,7,60,0,64,33,4,22,11,1,8,0,4,0,0,2,2,2
14037,8138,889,11440,5948,612,1069,905,69,275,26,71,572,55354,20642,1926,83,117,75,1830,269,500,123,10,141,575,86,212,4240,15745,481,951,864,256,560,236,479,290,594,15,1513,2307,4270,215,1882,97,750,379,9119,3968,76,110,84,34,48,116,0,0,0,16,26,2,3,0,158,10,161,2,42,31,5,26,5,68,12,8,18,1,70,2,5,23,56,14,55,7,32,208,13,44,72,4,16,1,4,51,39,17,20,3
521,2017,45,12015,305,67,246,1041,90,380,15,31,227,20642,21496,1891,62,118,90,917,189,698,69,1,51,307,33,120,591,1959,527,266,243,130,208,140,128,231,161,7,1344,2637,11178,120,977,68,254,94,341,9262,17,22,22,4,16,18,1,0,1,9,7,0,2,0,35,2,32,1,14,12,1,7,4,26,1,3,5,0,11,1,2,7,17,1,30,5,9,36,1,15,6,1,16,0,7,8,7,3,2,1
220,394,38,11430,177,98,1723,1004,1146,2147,338,174,487,1926,1891,36427,659,1475,2880,761,1478,711,101,72,355,315,69,93,337,577,16356,162,365,200,2466,4333,334,303,507,10,814,577,10932,226,329,33,229,557,201,217,37,66,46,21,30,87,9,10,14,72,90,18,8,3,72,18,376,19,283,29,33,32,27,43,77,7,17,2,79,39,8,18,134,65,36,9,95,388,78,22,79,4,11,5,3,59,21,22,66,54
1,1,0,4,0,0,1,2891,1178,205,64,2062,6533,83,62,659,5171,1285,854,182,4307,32,70,31,45,11,17,3,18,84,1908,23,950,0,24,75,234,12,33,1,54,120,376,25,48,5,177,4,3,74,0,0,1,0,0,1,2,12,14,82,14,2,1,4,2,0,30,7,53,4,13,3,23,3,4,1,1,0,2,9,0,2,7,2,3,0,26,27,0,2,5,0,1,0,1,1,0,0,5,1
0,2,0,18,0,0,1,4984,80,25,112,110,426,117,118,1475,1285,2580,1222,117,377,38,14,16,2,3,3,0,12,32,4071,10,190,0,7,27,100,5,39,0,13,21,475,8,42,1,28,0,1,35,0,0,0,0,0,2,2,5,13,35,10,3,2,1,0,2,30,9,73,2,13,6,15,2,9,1,1,0,3,10,0,2,4,4,2,0,10,25,5,0,6,0,2,0,1,0,0,3,4,4
7,8,2,42,1,1,36,2732,8846,1338,1487,685,477,75,90,2880,854,1222,12737,1263,1894,393,134,546,1195,130,162,20,27,60,3197,59,362,80,99,2863,728,215,341,7,121,110,637,302,135,12,177,9,11,63,3,2,13,1,1,11,15,51,80,247,186,19,23,16,28,11,391,68,664,62,130,48,125,51,144,3,14,6,58,68,12,32,101,54,40,7,161,351,83,25,57,2,14,3,14,11,7,22,129,68
35,20,6,307,11,7,38,5446,1877,268,260,1299,2874,1830,917,761,182,117,1263,25090,342,1366,1531,54,2974,898,1389,89,281,832,792,1407,7228,197,102,368,74,4545,57,6,256,428,1490,1121,5256,62,1284,10,96,298,3,7,17,0,3,14,133,71,13,710,8,20,110,57,31,40,70,27,92,1367,14,161,69,1644,29,24,226,5,14,11,29,614,35,49,1430,7,48,54,31,591,26,4,179,2,44,7,4,4,16,19
5,8,5,55,3,3,94,1057,1308,6024,1045,7094,1877,269,189,1478,4307,377,1894,342,18948,378,456,114,122,52,43,27,129,527,1309,204,1767,26,310,842,982,65,419,7,867,2356,8069,114,152,34,895,38,12,2137,6,3,7,1,2,4,2,10,52,121,69,10,7,8,5,4,249,20,403,9,38,11,85,10,53,3,11,1,24,38,3,8,42,19,14,2,180,177,25,12,28,3,5,3,4,3,4,9,28,22
381,434,316,1175,147,159,443,2795,1114,5126,4288,1760,391,500,698,711,32,38,393,1366,378,17167,6666,30,500,349,183,1147,3423,401,91,235,410,731,381,310,241,85,375,205,9694,1063,491,1138,186,3192,1069,182,37,221,14,27,21,7,17,20,9,10,4,77,22,4,7,14,46,7,95,2,89,54,3,30,9,50,22,24,23,11,25,10,27,20,32,16,35,77,41,148,28,24,32,53,43,7,25,13,7,10,16,10
13,23,15,71,8,9,25,742,410,1008,1254,3756,222,123,69,101,70,14,134,1531,456,6666,9564,58,912,1078,606,316,115,91,48,418,1409,399,58,95,50,1249,46,84,222,172,142,4893,795,3881,5520,20,7,57,1,2,2,0,0,0,4,2,4,25,3,2,9,4,12,10,18,2,17,44,3,53,5,128,2,104,120,2,8,2,41,49,11,6,132,41,11,15,4,183,3,40,153,3,35,1,0,0,4,2
1,0,0,11,4,23,66,18,7440,97,46,79,32,10,1,72,31,16,546,54,114,30,58,5545,663,41,2751,63,5,5,36,33,43,96,543,2847,2539,34,5112,346,14,17,38,823,18,13,95,280,23,4,0,3,9,1,0,5,14,31,33,210,44,10,14,8,10,6,108,19,222,47,24,21,69,46,33,21,36,2,5,23,9,17,18,4,33,16,113,101,18,35,11,15,33,1,9,2,2,6,25,15
6,8,1,67,4,7,62,385,4900,123,71,815,795,141,51,355,45,2,1195,2974,122,500,912,663,7404,179,5649,58,46,131,40,251,2066,146,281,1126,329,486,251,104,52,89,119,3070,327,41,755,58,14,41,7,3,12,5,0,8,150,76,17,728,9,28,94,55,33,33,75,17,78,1307,15,174,67,1484,16,77,276,2,15,12,31,536,41,41,1178,12,54,70,38,636,13,15,255,3,60,3,4,6,18,21
32,59,4,434,25,9,64,108,94,143,22,30,42,575,307,315,11,3,130,898,52,349,1078,41,179,27220,266,157,76,161,191,7842,350,5793,89,146,25,4573,79,197,127,93,645,10984,5690,488,3295,34,64,34,2,4,9,1,1,1,1,3,3,10,14,1,4,1,19,14,22,3,7,12,17,189,9,99,10,679,489,15,13,0,400,37,32,14,82,362,8,36,4,531,10,252,861,27,353,3,4,4,13,3
7,9,1,39,9,72,53,279,4703,67,21,238,276,86,33,69,17,3,162,1389,43,183,606,2751,5649,266,16696,2350,35,56,23,438,692,503,432,498,2588,272,3014,6048,41,33,48,9666,671,84,872,734,71,15,5,7,15,4,5,11,28,14,3,162,6,8,24,11,20,14,16,5,20,217,14,173,24,713,10,333,898,38,18,9,120,181,37,20,512,99,9,35,9,775,8,176,637,16,129,26,5,3,8,6
88,58,85,202,85,43,57,21,44,105,10,25,6,212,120,93,3,0,20,89,27,1147,316,63,58,157,2350,54708,1559,236,29,163,58,6580,64,64,579,155,361,15545,1135,217,160,1153,399,9854,4336,151,31,20,5,4,4,1,3,2,2,0,2,1,3,0,1,0,6,1,9,1,7,2,2,23,3,9,2,41,44,336,6,0,33,2,8,1,11,426,7,14,1,24,4,919,105,105,74,7,1,3,0,0
1311,412,884,950,2129,341,312,98,13,181,15,46,120,4240,591,337,18,12,27,281,129,3423,115,5,46,76,35,1559,78079,6697,58,218,255,174,186,93,152,33,256,101,16049,615,513,107,246,1597,300,119,6208,126,20,17,19,13,10,17,0,1,2,10,15,1,0,1,46,3,84,2,26,10,3,9,3,5,9,1,5,1,25,5,4,6,23,10,11,8,12,99,11,8,28,8,3,1,1,13,10,4,7,8
1122,486,572,1433,1028,213,513,236,40,151,36,157,455,15745,1959,577,84,32,60,832,527,401,91,5,131,161,56,236,6697,37284,199,619,1100,99,287,181,323,91,424,23,10751,6288,2030,146,723,178,605,184,690,973,18,23,20,12,9,30,0,1,1,13,27,1,1,0,53,2,121,1,57,16,4,9,9,30,12,5,7,2,38,4,3,5,57,17,26,8,47,146,23,21,26,4,9,3,0,15,16,9,14,10
18,18,2,535,9,10,189,1760,278,207,98,124,841,481,527,16356,1908,4071,3197,792,1309,91,48,36,40,191,23,29,58,199,11900,102,399,67,331,463,284,234,158,2,102,249,7816,63,432,7,141,54,28,300,5,3,6,1,0,5,3,3,22,43,32,5,1,1,2,3,107,8,161,24,8,12,33,12,18,3,9,1,7,12,2,11,17,6,14,3,75,91,8,4,13,1,11,1,2,5,4,6,11,6
34,29,4,257,20,5,36,96,78,383,21,110,237,951,266,162,23,10,59,1407,204,235,418,33,251,7842,438,163,218,619,102,35205,5245,3165,43,67,23,1286,60,257,298,402,426,3769,6489,358,15365,16,104,193,1,5,2,1,1,3,4,4,1,17,11,4,7,2,7,13,14,2,10,17,1,125,6,156,5,412,319,12,9,2,228,55,19,6,158,356,3,16,5,342,7,214,574,15,182,2,3,3,4,5
17,14,4,104,9,6,30,1728,619,1264,244,4688,3039,864,243,365,950,190,362,7228,1767,410,1409,43,2066,350,692,58,255,1100,399,5245,14627,110,51,129,97,1045,53,14,604,1263,730,1304,3325,50,4463,12,50,539,0,2,5,1,2,0,19,11,2,97,7,3,18,6,6,14,31,7,40,203,1,24,21,268,10,18,80,1,5,8,12,95,20,17,290,4,28,23,3,187,12,5,84,1,9,0,0,2,8,2
44,57,36,268,37,21,69,36,85,66,7,15,7,256,130,200,0,0,80,197,26,731,399,96,146,5793,503,6580,174,99,67,3165,110,16982,127,152,101,637,253,6151,286,95,268,8511,891,3230,10287,73,36,14,2,9,3,4,3,4,1,2,2,5,5,3,5,0,10,5,6,2,11,2,6,131,0,52,5,225,114,274,13,1,192,8,12,3,25,2312,11,10,3,99,11,1879,600,253,354,3,1,3,7,6
143,206,45,815,128,586,3729,25,387,1150,75,49,38,560,208,2466,24,7,99,102,310,381,58,543,281,89,432,64,186,287,331,43,51,127,6356,3336,848,107,7691,90,427,313,878,456,40,28,102,2645,195,180,61,86,52,41,43,103,2,11,11,56,59,4,2,4,120,16,213,8,158,16,31,43,32,28,57,17,19,3,72,15,8,18,103,41,31,4,96,369,37,20,77,7,14,2,10,77,37,18,47,22
20,35,5,394,18,17,388,62,2256,1353,261,201,83,236,140,4333,75,27,2863,368,842,310,95,2847,1126,146,498,64,93,181,463,67,129,152,3336,15726,1571,157,5957,60,308,239,1044,631,59,17,158,57,33,134,25,11,20,3,3,23,12,25,56,177,164,21,16,14,62,22,619,32,693,64,86,64,107,69,187,16,40,8,106,78,10,45,200,94,57,9,263,648,131,62,122,9,27,4,14,19,20,43,145,89
69,119,24,385,41,69,167,592,7434,901,170,404,269,479,128,334,234,100,728,74,982,241,50,2539,329,25,2588,579,152,323,284,23,97,101,848,1571,2518,25,5038,1380,357,296,920,600,19,25,81,515,117,238,5,9,13,9,6,24,61,183,62,854,79,24,33,39,30,6,106,49,216,76,71,34,122,41,81,4,14,29,29,21,8,44,54,23,18,18,528,218,42,6,76,42,19,5,6,34,2,13,52,20
13,17,1,255,12,2,37,231,111,125,21,74,31,290,231,303,12,5,215,4545,65,85,1249,34,486,4573,272,155,33,91,234,1286,1045,637,107,157,25,12026,41,9,53,70,551,2759,3808,70,2332,13,21,31,1,3,7,0,0,3,2,1,3,21,4,0,4,1,33,20,20,3,10,33,1,107,3,466,3,173,379,3,5,1,43,103,28,11,449,22,5,21,6,624,4,15,337,0,69,5,7,1,6,3
145,173,63,553,153,771,2282,31,398,1241,73,75,35,594,161,507,33,39,341,57,419,375,46,5112,251,79,3014,361,256,424,158,60,53,253,7691,5957,5038,41,25171,1133,550,372,671,1292,28,37,116,3059,233,211,51,44,54,16,46,59,2,11,20,55,94,7,7,2,102,5,327,14,290,13,37,40,39,43,79,18,51,23,75,31,14,11,129,61,32,12,168,400,61,46,82,46,49,3,11,41,43,22,57,33
8,7,8,15,13,40,17,4,87,19,3,2,1,15,7,10,1,0,7,6,7,205,84,346,104,197,6048,15545,101,23,2,257,14,6151,90,60,1380,9,1133,27352,86,26,15,10828,16,710,902,405,33,3,5,3,7,3,1,6,0,1,0,9,7,4,3,0,6,2,2,1,2,5,9,129,7,39,2,247,200,764,16,1,186,7,18,1,12,1782,3,11,1,57,18,3144,521,258,259,15,1,8,10,3
1040,775,796,1897,671,371,664,114,37,11762,121,235,153,1513,1344,814,54,13,121,256,867,9694,222,14,52,127,41,1135,16049,10751,102,298,604,286,427,308,357,53,550,86,59096,14094,1195,197,323,840,646,276,167,1284,22,30,17,6,11,20,0,1,5,13,27,3,2,0,64,2,146,5,83,3,6,9,10,10,16,9,7,2,27,9,6,6,46,22,14,18,42,175,21,17,39,15,20,1,6,18,13,15,13,13
153,200,104,868,54,79,317,192,66,5498,125,458,434,2307,2637,577,120,21,110,428,2356,1063,172,17,89,93,33,217,615,6288,249,402,1263,95,313,239,296,70,372,26,14094,29304,4149,151,334,230,668,182,176,8136,13,14,13,3,7,10,0,3,7,19,21,3,2,3,23,4,108,7,94,15,6,7,10,21,10,8,4,3,19,6,4,4,18,10,19,9,58,76,12,12,23,8,9,1,5,7,10,10,20,2
85,107,29,3279,43,38,508,1746,296,1697,109,459,703,4270,11178,10932,376,475,637,1490,8069,491,142,38,119,645,48,160,513,2030,7816,426,730,268,878,1044,920,551,671,15,1195,4149,26215,267,1198,60,579,231,162,7544,14,13,12,9,7,19,4,2,15,49,46,6,3,2,36,4,243,9,241,42,14,19,24,50,30,7,20,1,29,20,2,17,63,17,35,3,148,165,15,30,31,3,32,1,3,13,10,15,24,14
24,27,15,204,13,65,116,107,650,318,60,179,51,215,120,226,25,8,302,1121,114,1138,4893,823,3070,10984,9666,1153,107,146,63,3769,1304,8511,456,631,600,2759,1292,10828,197,151,267,50834,1696,1276,8005,526,77,48,9,22,29,6,12,15,8,12,14,58,33,15,33,7,70,52,55,9,33,68,32,607,35,796,19,1690,1788,115,35,3,998,194,82,39,738,1171,12,65,33,1570,29,930,2364,107,820,19,8,11,34,24
39,60,5,488,24,4,47,855,99,159,39,104,313,1882,977,329,48,42,135,5256,152,186,795,18,327,5690,671,399,246,723,432,6489,3325,891,40,59,19,3808,28,16,323,334,1198,1696,18316,57,2726,17,102,225,6,4,11,0,0,7,3,10,3,30,5,5,11,1,33,34,26,4,31,77,9,175,14,691,8,263,603,3,11,6,69,171,37,20,760,32,8,22,11,968,14,22,572,4,110,3,4,3,9,3
92,60,80,108,73,32,41,59,38,179,42,54,14,97,68,33,5,1,12,62,34,3192,3881,13,41,488,84,9854,1597,178,7,358,50,3230,28,17,25,70,37,710,840,230,60,1276,57,16934,10112,23,9,16,1,3,1,0,4,3,1,0,1,1,1,0,0,0,2,0,9,0,7,1,1,19,2,6,0,47,25,49,1,0,22,3,3,2,10,238,2,10,2,20,2,230,69,19,45,0,2,4,2,1
58,59,27,280,33,22,65,302,292,1250,221,853,212,750,254,229,177,28,177,1284,895,1069,5520,95,755,3295,872,4336,300,605,141,15365,4463,10287,102,158,81,2332,116,902,646,668,579,8005,2726,10112,33050,31,68,244,6,7,8,1,1,7,1,9,1,36,8,2,5,3,18,12,21,6,36,33,7,143,7,203,1,363,391,114,14,3,181,56,23,11,183,1179,15,26,5,478,8,767,684,112,246,6,0,8,11,7
184,301,179,1266,425,5134,2820,7,31,486,7,6,1,379,94,557,4,0,9,10,38,182,20,280,58,34,734,151,119,184,54,16,12,73,2645,57,515,13,3059,405,276,182,231,526,17,23,31,7781,823,92,32,149,53,92,123,244,0,1,2,3,3,1,1,0,20,6,17,0,3,2,1,6,2,8,2,7,18,7,5,2,5,2,8,2,6,9,12,95,1,18,14,22,14,1,1,157,9,1,3,1
2623,567,765,997,7493,1469,332,23,5,80,2,7,18,9119,341,201,3,1,11,96,12,37,7,23,14,64,71,31,6208,690,28,104,50,36,195,33,117,21,233,33,167,176,162,77,102,9,68,823,17715,17,25,28,31,13,16,31,0,0,0,5,5,0,1,0,59,4,35,0,5,1,1,6,1,2,1,1,3,1,19,0,3,1,15,6,6,1,5,80,4,4,30,1,4,1,0,16,12,6,2,3
12,22,14,238,5,12,114,146,44,4180,32,155,277,3968,9262,217,74,35,63,298,2137,221,57,4,41,34,15,20,126,973,300,193,539,14,180,134,238,31,211,3,1284,8136,7544,48,225,16,244,92,17,8738,4,3,1,1,2,1,0,2,2,9,16,1,1,0,7,1,67,1,54,3,4,3,7,7,8,1,4,0,11,2,0,2,19,2,10,1,28,46,6,5,12,1,3,0,3,6,1,3,7,1
60,92,40,185,34,133,167,0,3,33,1,0,2,76,17,37,0,0,3,3,6,14,1,0,7,2,5,5,20,18,5,1,0,2,61,25,5,1,51,5,22,13,14,9,6,1,6,32,25,4,52244,23183,2527,12200,14232,1854,7,11,3,9,152,6,1,1,17951,164,311,2,10,18,4,235,5,8,9,36,12,122,2056,3,35,21,982,54,40,118,162,377,41,48,171,45,62,62,16,283,11476,337,184,13
122,158,107,493,61,380,515,1,1,32,1,1,0,110,22,66,0,0,2,7,3,27,2,3,3,4,7,4,17,23,3,5,2,9,86,11,9,3,44,3,30,14,13,22,4,3,7,149,28,3,23183,101070,17001,17579,6876,13155,5,12,2,10,420,14,3,2,15370,180,501,3,15,19,9,952,0,12,15,32,15,114,1741,7,10,19,1629,46,28,167,127,522,25,65,194,66,77,159,45,632,1697,876,578,33
91,120,70,298,51,200,371,12,22,21,1,4,5,84,22,46,1,0,13,17,7,21,2,9,12,9,15,4,19,20,6,2,5,3,52,20,13,7,54,7,17,13,12,29,11,1,8,53,31,1,2527,17001,29352,1046,555,13369,44,155,38,153,810,31,20,16,13228,5250,8932,29,94,230,42,613,8,63,117,110,45,95,780,103,61,90,1469,832,210,135,160,979,121,413,212,98,219,37,53,574,818,539,770,69
98,78,1083,463,554,1522,985,1,1,3,1,0,1,34,4,21,0,0,1,0,1,7,0,1,5,1,4,1,13,12,1,1,1,4,41,3,9,0,16,3,6,3,9,6,0,0,1,92,13,1,12200,17579,1046,32101,15671,20513,0,3,1,2,71,1,1,0,448,16,92,0,3,4,7,119,3,3,3,4,3,18,236,2,2,2,182,10,1,27,30,304,7,14,42,15,8,22,8,610,350,119,86,7
69,104,72,305,37,319,460,0,1,16,0,2,0,48,16,30,0,0,1,3,2,17,0,0,0,1,5,3,10,9,0,1,2,3,43,3,6,0,46,1,11,7,7,12,0,4,1,123,16,2,14232,6876,555,15671,30166,4840,0,1,1,9,89,3,0,0,1998,34,151,0,9,2,6,57,11,22,17,0,52,13,200,1,2,4,118,22,4,12,75,3209,19,10,194,68,23,15,9,4580,2020,62,50,10
148,227,203,711,62,1195,1412,7,12,23,3,3,0,116,18,87,1,2,11,14,4,20,0,5,8,1,11,2,17,30,5,3,0,4,103,23,24,3,59,6,20,10,19,15,7,3,7,244,31,1,1854,13155,13369,20513,4840,28540,7,30,8,76,605,21,11,3,1850,185,2647,12,59,31,32,377,27,39,59,36,30,38,427,10,18,30,620,218,27,60,154,3449,81,75,254,30,77,24,19,1996,308,321,419,52
0,0,0,2,0,0,1,186,577,1,4,14,55,0,1,9,2,2,15,133,2,9,4,14,150,1,28,2,0,0,3,4,19,1,2,12,61,2,2,0,0,0,4,8,3,1,1,0,0,0,7,5,44,0,0,7,6038,7465,961,1161,18,120,476,4866,117,164,408,783,269,3048,25,213,53,183,99,38,34,4,17,473,40,3413,104,485,558,14,392,14,98,31,6,1,17,2,37,1,16,2,16,7
0,0,0,0,0,0,1,154,630,10,6,10,45,0,0,10,12,5,51,71,10,10,2,31,76,3,14,0,1,1,3,4,11,2,11,25,183,1,11,1,1,3,2,12,10,0,9,1,0,2,11,12,155,3,1,30,7465,31370,6509,5586,113,558,648,2261,235,298,1594,6731,1637,4772,116,1057,174,109,233,70,63,16,37,1193,70,1011,110,965,739,38,852,51,140,227,38,17,102,22,142,1,19,13,29,18
0,0,0,2,0,0,3,26,116,27,8,16,7,0,1,14,14,13,80,13,52,4,4,33,17,3,3,2,2,1,22,1,2,2,11,56,62,3,20,0,5,7,15,14,3,1,1,2,0,2,3,2,38,1,1,8,961,6509,4932,2831,269,730,248,441,34,48,907,2590,1870,715,299,638,41,33,241,47,16,3,14,1497,31,354,31,167,491,14,216,28,41,61,25,8,31,4,42,1,4,7,39,19
1,1,0,16,2,4,17,937,3860,104,39,106,339,16,9,72,82,35,247,710,121,77,25,210,728,10,162,1,10,13,43,17,97,5,56,177,854,21,55,9,13,19,49,58,30,1,36,3,5,9,9,10,153,2,9,76,1161,5586,2831,46230,385,907,1526,1781,75,112,2951,1457,11762,3578,622,1548,8501,4161,232,38,1222,34,42,171,97,1560,72,274,308,57,5697,889,103,354,196,165,376,29,194,24,4,18,99,69
11,8,3,25,6,4,27,12,58,74,19,10,11,26,7,90,14,10,186,8,69,22,3,44,9,14,6,3,15,27,32,11,7,5,59,164,79,4,94,7,27,21,46,33,5,1,8,3,5,16,152,420,810,71,89,605,18,113,269,385,38074,2584,582,28,563,334,2797,140,1057,67,2719,3116,104,52,298,64,103,124,572,64,155,153,481,219,40,156,537,1384,342,117,318,46,201,130,405,133,78,13313,8693,2918
0,0,0,1,0,0,2,18,68,4,2,2,6,2,0,18,2,3,19,20,10,4,2,10,28,1,8,0,1,1,5,4,3,3,4,21,24,0,7,4,3,3,6,15,5,0,2,1,0,1,6,14,31,1,3,21,120,558,730,907,2584,6765,6591,277,28,25,614,401,863,420,4167,7572,50,135,206,16,93,42,34,64,53,337,75,59,27,49,125,109,65,52,29,21,102,71,256,7,3,49,231,174
0,0,1,3,1,0,2,35,109,6,1,8,19,3,2,8,1,2,23,110,7,7,9,14,94,4,24,1,0,1,1,7,18,5,2,16,33,4,7,3,2,2,3,33,11,0,5,1,1,1,1,3,20,1,0,11,476,648,248,1526,582,6591,19908,4877,12,46,292,3745,344,1031,5228,6553,72,655,834,48,208,38,23,340,194,6823,72,119,170,79,174,56,233,134,22,14,185,65,793,1,5,25,194,234
0,0,0,1,0,0,1,73,234,2,1,3,13,0,0,3,4,1,16,57,8,14,4,8,55,1,11,0,1,0,1,2,6,0,4,14,39,1,2,0,0,3,2,7,1,0,3,0,0,0,1,2,16,0,0,3,4866,2261,441,1781,28,277,4877,12467,39,82,291,5690,191,788,444,421,58,194,362,40,37,7,9,473,102,5055,58,303,211,28,289,22,168,28,7,4,27,10,106,1,1,4,17,22
96,96,51,281,54,160,213,5,27,68,0,1,6,158,35,72,2,0,28,31,5,46,12,10,33,19,20,6,46,53,2,7,6,10,120,62,30,33,102,6,64,23,36,70,33,2,18,20,59,7,17951,15370,13228,448,1998,1850,117,235,34,75,563,28,12,39,64312,9267,1681,28,93,286,40,691,11,59,98,565,76,301,4596,55,259,269,11987,1105,1064,454,608,1021,744,856,415,157,390,83,109,383,7594,726,997,86
2,6,1,18,2,11,10,11,23,5,1,3,4,10,2,18,0,2,11,40,4,7,10,6,33,14,14,1,3,2,3,13,14,5,16,22,6,20,5,2,2,4,4,52,34,0,12,6,4,1,164,180,5250,16,34,185,164,298,48,112,334,25,46,82,9267,22402,2783,97,95,390,157,383,8,73,490,542,64,188,754,122,431,502,4899,4965,1287,392,95,211,6599,609,52,53,239,29,191,53,346,351,2715,3289
27,39,21,116,30,67,132,47,149,299,32,53,33,161,32,376,30,30,391,70,249,95,18,108,75,22,16,9,84,121,107,14,31,6,213,619,106,20,327,2,146,108,243,55,26,9,21,17,35,67,311,501,8932,92,151,2647,408,1594,907,2951,2797,614,292,291,1681,2783,49731,1068,8359,1100,924,919,527,518,2497,147,178,58,356,6549,151,629,780,10370,811,106,802,6043,1053,544,494,140,328,32,182,346,238,386,1005,457
0,0,0,0,0,0,2,19,92,21,8,14,4,2,1,19,7,9,68,27,20,2,2,19,17,3,5,1,2,1,8,2,7,2,8,32,49,3,14,1,5,7,9,9,4,0,6,0,0,1,2,3,29,0,0,12,783,6731,2590,1457,140,401,3745,5690,28,97,1068,6506,877,204,2750,782,129,73,2102,38,38,13,12,3079,129,2129,67,484,165,46,286,67,277,34,32,8,64,21,344,2,3,12,77,127
5,1,4,21,1,4,36,62,274,335,51,98,47,42,14,283,53,73,664,92,403,89,17,222,78,7,20,7,26,57,161,10,40,11,158,693,216,10,290,2,83,94,241,33,31,7,36,3,5,54,10,15,94,3,9,59,269,1637,1870,11762,1057,863,344,191,93,95,8359,877,14124,1114,928,628,3710,790,880,39,306,38,97,1675,67,361,212,232,321,61,1355,3453,172,197,895,159,243,12,99,21,17,86,292,189
2,2,0,11,1,1,5,714,1368,9,12,88,284,31,12,29,4,2,62,1367,9,54,44,47,1307,12,217,2,10,16,24,17,203,2,16,64,76,33,13,5,3,15,42,68,77,1,33,2,1,3,18,19,230,4,2,31,3048,4772,715,3578,67,420,1031,788,286,390,1100,204,1114,21304,115,1235,79,1424,197,209,935,41,65,405,239,4636,232,811,4420,126,250,89,217,4341,12,44,513,36,330,8,30,18,64,64
0,0,1,1,0,0,4,21,81,26,6,10,3,5,1,33,13,13,130,14,38,3,3,24,15,17,14,2,3,4,8,1,1,6,31,86,71,1,37,9,6,6,14,32,9,1,7,1,1,4,4,9,42,7,6,32,25,116,299,622,2719,4167,5228,444,40,157,924,2750,928,115,16500,1534,151,98,7761,94,90,150,106,724,372,941,431,144,63,236,328,371,998,83,84,30,209,116,829,21,10,190,1520,3598
2,6,6,16,4,11,20,38,102,26,5,8,12,26,7,32,3,6,48,161,11,30,53,21,174,189,173,23,9,9,12,125,24,131,43,64,34,107,40,129,9,7,19,607,175,19,143,6,6,3,235,952,613,119,57,377,213,1057,638,1548,3116,7572,6553,421,691,383,919,782,628,1235,1534,39556,84,1783,531,817,1900,817,2543,166,453,2750,919,243,635,1550,219,491,424,1901,125,808,4028,5409,5981,68,68,3487,1275,421
1,0,0,2,1,2,9,62,303,43,20,23,25,5,4,27,23,15,125,69,85,9,5,69,67,9,24,3,3,9,33,6,21,0,32,107,122,3,39,7,10,10,24,35,14,2,7,2,1,7,5,0,8,3,11,27,53,174,41,8501,104,50,72,58,11,8,527,129,3710,79,151,84,5307,1768,59,14,783,19,11,25,17,88,21,11,28,38,4126,3210,26,27,1235,393,171,4,43,48,4,9,28,24
2,2,1,33,0,0,10,293,645,16,5,81,133,68,26,43,3,2,51,1644,10,50,128,46,1484,99,713,9,5,30,12,156,268,52,28,69,41,466,43,39,10,21,50,796,691,6,203,8,2,7,8,12,63,3,22,39,183,109,33,4161,52,135,655,194,59,73,518,73,790,1424,98,1783,1768,12127,86,178,8683,73,32,30,365,2544,111,102,1200,197,834,858,122,862,697,1154,1862,27,743,166,22,17,77,57
0,1,0,4,2,1,6,7,45,72,15,15,6,12,1,77,4,9,144,29,53,22,2,33,16,10,10,2,9,12,18,5,10,5,57,187,81,3,79,2,16,10,30,19,8,0,1,2,1,8,9,15,117,3,17,59,99,233,241,232,298,206,834,362,98,490,2497,2102,880,197,7761,531,59,86,8575,152,54,85,104,5381,358,1103,573,2120,373,180,443,618,4229,95,202,19,87,17,437,37,15,110,929,3127
1,0,0,6,2,0,4,4,15,6,0,4,1,8,3,7,1,1,3,24,3,24,104,21,77,679,333,41,1,5,3,412,18,225,17,16,4,173,18,247,9,8,7,1690,263,47,363,7,1,1,36,32,110,4,0,36,38,70,47,38,64,16,48,40,565,542,147,38,39,209,94,817,14,178,152,18673,1212,202,339,61,6723,1040,1133,300,5085,7814,34,52,354,6440,23,401,5290,157,1057,10,130,59,258,156
0,1,2,19,0,9,10,28,121,18,6,16,11,18,5,17,1,1,14,226,11,23,120,36,276,489,898,44,5,7,9,319,80,114,19,40,14,379,51,200,7,4,20,1788,603,25,391,18,3,4,12,15,45,3,52,30,34,63,16,1222,103,93,208,37,76,64,178,38,306,935,90,1900,783,8683,54,1212,19410,516,60,21,1334,1096,138,72,1142,675,2860,844,85,1170,1697,7698,6686,140,1638,502,57,24,81,68
1,1,0,1,0,1,1,1,2,1,1,0,0,1,0,2,0,0,6,5,1,11,2,2,2,15,38,336,1,2,1,12,1,274,3,8,29,3,23,764,2,3,1,115,3,49,114,7,1,0,122,114,95,18,13,38,4,16,3,34,124,42,38,7,301,188,58,13,38,41,150,817,19,73,85,202,516,38956,905,10,78,131,759,86,380,5190,96,84,116,208,90,11127,630,12661,686,51,56,373,331,126
12,19,4,46,13,22,24,3,13,75,1,3,2,70,11,79,2,3,58,14,24,25,8,5,15,13,18,6,25,38,7,9,5,13,72,106,29,5,75,16,27,19,29,35,11,1,14,5,19,11,2056,1741,780,236,200,427,17,37,14,42,572,34,23,9,4596,754,356,12,97,65,106,2543,11,32,104,339,60,905,93862,8,284,178,30882,272,363,690,392,438,534,180,197,224,214,731,191,102,11986,11318,1912,312
0,1,0,3,0,1,1,8,39,30,9,7,3,2,1,39,9,10,68,11,38,10,2,23,12,0,9,0,5,4,12,2,8,1,15,78,21,1,31,1,9,6,20,3,6,0,3,2,0,2,3,7,103,2,1,10,473,1193,1497,171,64,64,340,473,55,122,6549,3079,1675,405,724,166,25,30,5381,61,21,10,8,9658,107,718,29,2614,551,33,91,77,311,80,16,2,38,7,111,1,3,8,27,35
1,0,0,0,0,1,1,6,17,5,1,1,1,5,2,8,0,0,12,29,3,27,41,9,31,400,120,33,4,3,2,228,12,192,8,10,8,43,14,186,6,4,2,998,69,22,181,5,3,0,35,10,61,2,2,18,40,70,31,97,155,53,194,102,259,431,151,129,67,239,372,453,17,365,358,6723,1334,78,284,107,22213,4168,975,258,3300,5111,40,87,623,1911,35,464,3627,94,6682,18,54,57,513,464
0,3,0,5,0,2,4,164,388,14,5,27,54,23,7,18,2,2,32,614,8,20,49,17,536,37,181,2,6,5,11,55,95,8,18,45,44,103,11,7,6,4,17,194,171,3,56,2,1,2,21,19,90,2,4,30,3413,1011,354,1560,153,337,6823,5055,269,502,629,2129,361,4636,941,2750,88,2544,1103,1040,1096,131,178,718,4168,27098,717,781,10514,577,256,132,1023,2537,32,46,1623,35,3301,5,54,50,352,538
12,14,7,37,9,26,39,13,29,100,10,5,6,56,17,134,7,4,101,35,42,32,11,18,41,32,37,8,23,57,17,19,20,12,103,200,54,28,129,18,46,18,63,82,37,3,23,8,15,19,982,1629,1469,182,118,620,104,110,31,72,481,75,72,58,11987,4899,780,67,212,232,431,919,21,111,573,1133,138,759,30882,29,975,717,46750,1211,1384,1067,687,770,3294,556,319,176,416,309,472,153,1459,4904,11930,2168
5,0,1,8,1,2,12,14,41,43,3,6,7,14,1,65,2,4,54,49,19,16,6,4,41,14,20,1,10,17,6,6,17,3,41,94,23,11,61,1,22,10,17,39,20,2,11,2,6,2,54,46,832,10,22,218,485,965,167,274,219,59,119,303,1105,4965,10370,484,232,811,144,243,11,102,2120,300,72,86,272,2614,258,781,1211,17829,1418,193,498,838,7342,653,200,74,268,11,137,90,105,110,341,210
6,4,0,16,1,5,4,104,379,20,7,52,60,55,30,36,3,2,40,1430,14,35,132,33,1178,82,512,11,11,26,14,158,290,25,31,57,18,449,32,12,14,19,35,738,760,10,183,6,6,10,40,28,210,1,4,27,558,739,491,308,40,27,170,211,1064,1287,811,165,321,4420,63,635,28,1200,373,5085,1142,380,363,551,3300,10514,1384,1418,19187,1107,69,67,879,3724,18,119,899,26,619,11,132,58,208,184
3,1,4,6,1,4,1,1,14,1,4,4,0,7,5,9,0,0,7,7,2,77,41,16,12,362,99,426,8,8,3,356,4,2312,4,9,18,22,12,1782,18,9,3,1171,32,238,1179,9,1,1,118,167,135,27,12,60,14,38,14,57,156,49,79,28,454,392,106,46,61,126,236,1550,38,197,180,7814,675,5190,690,33,5111,577,1067,193,1107,23159,68,126,286,1385,91,5174,5589,8324,5333,43,104,322,438,240
6,4,3,18,2,11,30,103,818,141,29,58,64,32,9,95,26,10,161,48,180,41,11,113,54,8,9,7,12,47,75,3,28,11,96,263,528,5,168,3,42,58,148,12,8,2,15,12,5,28,162,127,160,30,75,154,392,852,216,5697,537,125,174,289,608,95,802,286,1355,250,328,219,4126,834,443,34,2860,96,392,91,40,256,687,498,69,68,1983,3980,518,27,3782,1092,121,31,65,967,181,153,339,258
90,120,43,316,58,199,305,39,144,323,38,49,33,208,36,388,27,25,351,54,177,148,15,101,70,36,35,14,99,146,91,16,23,10,369,648,218,21,400,11,175,76,165,65,22,10,26,95,80,46,377,522,979,304,3209,3449,14,51,28,889,1384,109,56,22,1021,211,6043,67,3453,89,371,491,3210,858,618,52,844,84,438,77,87,132,770,838,67,126,3980,30601,579,85,16004,845,437,28,88,4909,340,323,723,362
2,2,0,3,2,1,7,5,26,50,6,7,4,13,1,78,0,5,83,31,25,28,4,18,38,4,9,1,11,23,8,5,3,3,37,131,42,6,61,1,21,12,15,33,11,2,5,1,4,6,41,25,121,7,19,81,98,140,41,103,342,65,233,168,744,6599,1053,277,172,217,998,424,26,122,4229,354,85,116,534,311,623,1023,3294,7342,879,286,518,579,23343,159,229,33,116,28,416,68,105,236,2536,8784
2,2,1,9,1,5,8,28,138,15,4,34,22,44,15,22,2,0,25,591,12,24,183,35,636,531,775,24,8,21,4,342,187,99,20,62,6,624,46,57,17,12,30,1570,968,20,478,18,4,5,48,65,413,14,10,75,31,227,61,354,117,52,134,28,856,609,544,34,197,4341,83,1901,27,862,95,6440,1170,208,180,80,1911,2537,556,653,3724,1385,27,85,159,22955,19,282,6510,59,1308,9,108,44,118,54
18,17,11,62,22,48,47,7,43,76,9,11,11,72,6,79,5,6,57,26,28,32,3,11,13,10,8,4,28,26,13,7,12,11,77,122,76,4,82,18,39,23,31,29,14,2,8,14,30,12,171,194,212,42,194,254,6,38,25,196,318,29,22,7,415,52,494,32,895,12,84,125,1235,697,202,23,1697,90,197,16,35,32,319,200,18,91,3782,16004,229,19,16463,1393,295,21,46,6162,144,75,180,136
3,4,8,14,0,8,11,2,13,6,0,0,1,4,1,4,0,0,2,4,3,53,40,15,15,252,176,919,8,4,1,214,5,1879,7,9,42,15,46,3144,15,8,3,930,22,230,767,22,1,1,45,66,98,15,68,30,1,17,8,165,46,21,14,4,157,53,140,8,159,44,30,808,393,1154,19,401,7698,11127,224,2,464,46,176,74,119,5174,1092,845,33,282,1393,42844,9477,1860,1100,596,49,103,94,18
3,4,1,10,1,2,10,20,71,12,3,10,8,16,16,11,1,2,14,179,5,43,153,33,255,861,637,105,3,9,11,574,84,600,14,27,19,337,49,521,20,9,32,2364,572,69,684,14,4,3,62,77,219,8,23,77,17,102,31,376,201,102,185,27,390,239,328,64,243,513,209,4028,171,1862,87,5290,6686,630,214,38,3627,1623,416,268,899,5589,121,437,116,6510,295,9477,19728,602,3471,122,76,96,230,78
3,3,0,1,1,0,0,0,2,1,0,0,0,1,0,5,0,0,3,2,3,7,3,1,3,27,16,105,1,3,1,15,1,253,2,4,5,0,3,258,1,1,1,107,4,19,112,1,1,0,62,159,37,22,15,24,2,22,4,29,130,71,65,10,83,29,32,21,12,36,116,5409,4,27,17,157,140,12661,731,7,94,35,309,11,26,8324,31,28,28,59,21,1860,602,14857,7517,14,18,503,235,59
0,0,1,10,2,0,1,5,24,3,2,6,4,4,7,3,1,1,14,44,4,25,35,9,60,353,129,74,1,0,2,182,9,354,10,14,6,69,11,259,6,5,3,820,110,45,246,1,0,3,16,45,53,8,9,19,37,142,42,194,405,256,793,106,109,191,182,344,99,330,829,5981,43,743,437,1057,1638,686,191,111,6682,3301,472,137,619,5333,65,88,416,1308,46,1100,3471,7517,18611,25,33,127,515,428
83,132,94,382,35,228,605,2,2,17,0,0,0,51,8,59,1,0,11,7,3,13,1,2,3,3,26,7,13,15,5,2,0,3,77,19,34,5,41,15,18,7,13,19,3,0,6,157,16,6,283,632,574,610,4580,1996,1,1,1,24,133,7,1,1,383,53,346,2,21,8,21,68,48,166,37,10,502,51,102,1,18,5,153,90,11,43,967,4909,68,9,6162,596,122,14,25,6247,495,49,78,31
21,21,7,53,11,37,35,1,1,29,0,1,0,39,7,21,0,0,7,4,4,7,0,2,4,4,5,1,10,16,4,3,0,1,37,20,2,7,43,1,13,10,10,8,4,2,0,9,12,1,11476,1697,818,350,2020,308,16,19,4,4,78,3,5,1,7594,346,238,3,17,30,10,68,4,22,15,130,57,56,11986,3,54,54,1459,105,132,104,181,340,105,108,144,49,76,18,33,495,34207,103,362,23
4,4,2,16,6,10,19,2,3,18,3,1,2,17,3,22,0,3,22,4,9,10,0,6,6,4,3,3,4,9,6,3,2,3,18,43,13,1,22,8,15,10,15,11,3,4,8,1,6,3,337,876,539,119,62,321,2,13,7,18,13313,49,25,4,726,351,386,12,86,18,190,3487,9,17,110,59,24,373,11318,8,57,50,4904,110,58,322,153,323,236,44,75,103,96,503,127,49,103,36273,7870,488
8,6,2,22,1,11,19,4,21,39,14,3,2,20,2,66,5,4,129,16,28,16,4,25,18,13,8,0,7,14,11,4,8,7,47,145,52,6,57,10,13,20,24,34,9,2,11,3,2,7,184,578,770,86,50,419,16,29,39,99,8693,231,194,17,997,2715,1005,77,292,64,1520,1275,28,77,929,258,81,331,1912,27,513,352,11930,341,208,438,339,723,2536,118,180,94,230,235,515,78,362,7870,27156,10447
0,1,0,2,0,3,2,3,18,25,5,2,2,3,1,54,1,4,68,19,22,10,2,15,21,3,6,0,8,10,6,5,2,6,22,89,20,3,33,3,13,2,14,24,3,1,7,1,3,1,13,33,69,7,10,52,7,18,19,69,2918,174,234,22,86,3289,457,127,189,64,3598,421,24,57,3127,156,68,126,312,35,464,538,2168,210,184,240,258,362,8784,54,136,18,78,59,428,31,23,488,10447,16467
