20591,9649,10191,2380,12514,889,743,0,3,67,0,0,1,8927,441,30,0,1,2,2,1,348,0,0,3,0,0,8,404,472,2,2,5,1,14,0,4,1,10,3,295,82,11,1,3,1,1,76,827,2,4,14,21,55,42,63,0,0,0,1,3,0,0,0,15,6,19,0,3,0,0,2,0,1,0,1,0,0,4,0,0,0,0,3,1,0,0,36,1,0,6,0,1,0,0,45,3,4,2,0
9649,27916,9843,17310,2212,189,1224,6,9,397,14,1,3,5952,2855,107,0,5,3,6,3,1106,3,3,1,0,1,13,302,689,17,4,6,2,49,7,50,0,13,0,568,329,39,5,9,4,6,186,218,43,17,40,79,100,140,248,1,0,1,4,3,0,0,0,56,4,92,0,5,0,1,8,3,4,1,0,0,0,12,6,0,0,13,12,0,0,2,86,0,3,29,0,1,1,0,171,8,1,3,1
10191,9843,43122,5435,4354,5569,10708,0,1,124,1,1,4,903,53,13,0,1,3,3,2,710,0,2,0,1,1,9,331,517,3,0,7,1,15,5,23,0,17,1,419,136,8,0,8,4,7,163,220,13,752,3393,74,6051,575,774,0,0,0,2,9,0,0,0,100,11,27,0,10,1,0,23,1,0,1,0,0,12,117,1,0,0,109,6,0,4,1,49,0,1,13,1,1,4,1,136,98,26,29,4
2380,17310,5435,30113,1749,453,10081,28,184,2227,97,8,12,7871,8342,6903,3,13,103,98,35,1436,38,33,106,34,14,14,402,1033,658,33,56,8,662,200,245,56,106,2,1184,895,1410,90,42,7,12,818,303,149,65,166,313,277,420,846,2,1,3,14,29,1,0,1,176,24,321,0,23,9,4,18,9,16,3,5,3,2,48,18,0,3,54,30,11,1,12,423,5,6,151,2,15,3,7,565,33,12,31,3
12514,2212,4354,1749,18269,16203,1623,1,7,96,4,1,0,7401,949,115,1,1,6,1,4,106,4,8,5,2,10,4,491,299,22,2,2,3,60,13,17,2,46,3,122,35,119,17,3,1,3,445,3722,6,2,14,13,352,24,43,1,0,0,1,0,1,0,0,21,2,31,0,4,1,1,0,0,1,0,0,0,0,3,0,0,0,4,4,1,1,2,33,1,1,11,0,0,0,0,28,4,2,3,0
889,189,5569,453,16203,20090,11429,0,37,47,4,1,1,254,33,66,0,1,6,4,5,30,4,61,33,6,100,11,72,33,4,9,4,6,1147,31,106,2,1333,34,26,13,11,93,4,1,3,4393,1714,5,10,16,29,688,257,113,0,0,3,4,4,0,0,0,23,1,37,1,11,2,1,2,2,1,0,1,0,0,5,1,0,1,4,4,3,0,3,35,0,0,19,1,4,0,0,65,15,2,2,3
743,1224,10708,10081,1623,11429,25964,6,177,527,70,7,4,260,126,1600,3,5,105,40,24,247,16,69,86,19,18,1,60,122,37,18,25,4,2883,564,233,27,3442,3,149,106,107,63,15,2,14,2484,160,21,75,210,318,624,580,1037,2,1,4,7,33,1,2,0,233,38,293,0,48,3,4,20,9,13,4,2,2,8,42,14,2,2,65,48,9,1,11,374,2,7,192,1,6,0,0,596,48,13,34,5
0,6,0,28,1,0,6,27833,4760,186,1470,412,4358,908,638,238,2686,6998,1015,5921,543,2994,388,91,106,79,103,23,39,392,2036,176,634,37,15,30,466,229,31,5,69,133,1158,122,657,43,176,1,6,262,0,0,14,0,2,5,261,167,150,1511,50,24,35,75,4,20,42,106,318,502,95,28,256,242,15,7,19,2,7,46,10,114,19,27,37,6,252,86,9,31,49,5,40,1,12,4,0,1,23,13
3,9,1,184,7,37,177,4760,46264,515,830,1035,1385,245,309,897,531,518,3015,4599,665,2019,841,13453,4791,181,4561,55,39,123,607,449,1191,108,515,1940,7723,197,936,118,94,97,544,894,171,69,362,262,27,47,1,7,42,3,17,36,1007,709,439,7287,197,71,151,286,38,70,182,380,1178,1544,267,88,1041,1094,90,63,161,14,27,161,44,364,78,83,191,19,1926,297,44,123,220,16,178,9,51,34,2,20,94,75
67,397,124,2227,96,47,527,186,515,43538,4452,4111,732,405,567,2296,257,97,383,192,5964,6974,795,170,163,110,51,34,237,602,998,852,1804,63,598,813,628,102,264,11,16422,10686,3525,224,335,54,494,120,27,5093,0,4,18,6,14,20,2,3,38,97,49,1,3,2,18,18,102,21,341,20,13,11,97,26,8,16,6,0,5,26,7,4,31,37,34,3,91,196,11,18,126,4,23,1,7,14,5,11,41,17
0,14,1,97,4,4,70,1470,830,4452,6486,12992,1556,40,43,632,474,128,456,232,1301,3889,2280,54,113,60,49,22,16,61,138,237,1285,28,160,214,137,41,108,4,74,83,180,199,65,57,356,28,3,22,0,0,13,0,6,8,3,4,19,69,14,7,4,3,7,7,21,15,85,13,9,9,27,18,5,8,13,2,2,19,6,11,14,15,8,3,29,48,7,11,43,2,13,0,5,5,1,6,15,9
0,1,1,8,1,1,7,412,1035,4111,12992,23200,10786,24,10,50,4338,116,93,366,6796,2728,5121,81,360,43,103,14,32,224,101,324,8030,19,17,120,268,41,25,5,201,336,199,215,69,45,510,6,0,59,0,0,2,0,0,5,3,4,59,146,15,5,4,2,1,5,23,29,135,17,15,4,58,36,4,12,4,0,1,14,3,7,4,1,27,3,55,26,1,17,24,6,24,0,8,1,1,0,6,3
1,3,4,12,0,1,4,4358,1385,732,1556,10786,26412,188,92,44,7535,868,68,799,1934,1192,825,74,144,23,34,9,81,873,386,246,9751,19,12,38,163,28,6,2,250,365,390,79,415,23,281,0,1,421,0,1,1,1,1,2,33,25,16,291,5,3,5,11,1,0,12,10,39,67,7,3,24,56,5,5,6,0,1,4,4,19,5,2,11,1,43,13,0,8,7,0,11,1,1,0,0,1,4,3
8927,5952,903,7871,7401,254,260,908,245,405,40,24,188,67900,14249,1221,1,245,269,1030,39,609,103,79,152,265,43,41,6711,22843,783,579,519,106,609,166,336,392,299,11,1035,692,3656,165,2460,11,81,301,9004,2485,15,46,131,32,75,214,6,5,2,46,32,1,2,3,117,42,238,2,46,36,4,28,4,77,2,31,19,2,34,19,8,16,47,56,48,2,12,311,9,43,207,0,53,0,8,191,21,12,29,12
441,2855,53,8342,949,33,126,638,309,567,43,10,92,14249,24416,1746,3,274,350,525,21,433,47,19,73,86,15,11,355,2245,1451,99,111,27,230,81,134,150,62,0,546,863,10970,77,527,0,14,121,168,5703,8,17,45,8,32,99,3,1,1,27,8,0,2,2,45,16,87,1,25,20,2,13,0,33,2,9,4,0,14,5,4,9,22,27,17,1,6,101,2,9,46,1,22,3,1,105,14,6,9,1
30,107,13,6903,115,66,1600,238,897,2296,632,50,44,1221,1746,24930,26,556,1922,495,235,480,66,64,195,66,36,5,121,429,11439,62,104,6,1624,834,192,109,190,2,398,430,4454,127,111,0,25,208,49,196,12,27,79,15,60,133,6,1,8,43,36,2,4,3,71,37,186,2,116,28,12,11,27,28,9,6,13,0,31,31,2,11,52,50,23,0,14,223,14,14,178,0,17,1,1,107,10,9,36,16
0,0,0,3,1,0,3,2686,531,257,474,4338,7535,1,3,26,6753,2970,128,67,3398,289,373,65,23,6,9,4,6,64,1043,58,1024,2,2,35,104,8,4,1,41,61,131,35,20,6,117,1,0,33,0,1,1,0,0,2,6,10,40,91,13,5,3,3,1,1,11,22,53,3,12,5,19,8,4,1,1,0,0,5,2,7,4,0,5,0,26,15,3,2,7,0,5,0,2,0,0,0,2,2
1,5,1,13,1,1,5,6998,518,97,128,116,868,245,274,556,2970,7686,2345,324,572,188,48,33,7,3,3,1,24,385,5430,39,332,1,12,33,108,14,47,1,80,175,745,6,111,2,28,2,2,406,1,1,2,0,1,2,5,13,50,133,26,8,11,5,1,3,25,45,129,8,29,5,54,11,14,3,1,0,2,19,1,8,9,2,14,1,50,48,8,4,19,0,5,2,3,3,1,0,22,12
2,3,3,103,6,6,105,1015,3015,383,456,93,68,269,350,1922,128,2345,6788,713,481,351,41,1033,262,10,22,2,37,176,1230,30,90,6,259,1274,244,51,198,1,77,110,776,70,26,2,11,23,3,146,1,2,13,0,6,13,3,1,26,60,41,3,8,5,13,13,75,11,264,19,23,12,80,13,18,1,5,5,15,27,3,4,22,24,18,0,41,158,25,5,76,0,11,0,3,8,1,9,26,12
2,6,3,98,1,4,40,5921,4599,192,232,366,799,1030,525,495,67,324,713,32354,156,1422,1300,192,2429,422,933,28,64,593,676,768,3847,88,117,306,363,2598,48,8,135,139,815,1129,2509,43,394,19,6,234,1,6,14,1,4,12,213,84,45,979,29,8,42,47,26,70,48,28,131,1741,21,40,144,2050,19,50,178,8,17,36,26,402,64,66,624,12,110,70,25,257,29,6,150,5,33,12,1,3,36,23
1,3,2,35,4,5,24,543,665,5964,1301,6796,1934,39,21,235,3398,572,481,156,10408,515,532,103,63,21,25,5,68,603,1235,297,1542,23,98,401,434,29,61,0,510,994,2668,80,128,16,230,20,2,818,0,0,3,0,1,6,1,12,59,161,26,5,9,1,6,3,62,39,288,10,32,11,102,20,11,7,4,0,3,19,3,12,14,5,14,0,84,101,8,9,43,2,15,0,8,8,0,3,14,3
348,1106,710,1436,106,30,247,2994,2019,6974,3889,2728,1192,609,433,480,289,188,351,1422,515,22492,5447,152,798,294,315,4385,4059,448,270,599,1226,1692,258,209,316,273,236,481,16768,881,688,1691,308,5680,2227,64,13,199,4,7,19,7,19,42,15,13,5,116,29,4,4,3,27,24,97,7,137,80,15,16,28,107,5,37,36,7,16,22,28,28,32,32,53,66,29,141,13,40,92,70,88,11,31,18,3,9,27,8
0,3,0,38,4,4,16,388,841,795,2280,5121,825,103,47,66,373,48,41,1300,532,5447,15808,214,2839,1422,1408,426,91,107,52,1980,6154,1012,61,143,85,1104,69,195,77,95,80,7401,646,5063,10151,56,6,27,0,0,1,1,1,0,4,5,5,60,5,4,5,2,4,8,4,5,19,59,5,82,17,283,2,276,159,17,3,4,137,57,7,4,223,112,20,11,6,191,7,111,483,13,105,2,1,0,3,4
0,3,2,33,8,61,69,91,13453,170,54,81,74,79,19,64,65,33,1033,192,103,152,214,10265,1902,91,989,40,28,52,84,143,123,56,444,3996,3638,68,4428,140,67,32,110,748,47,11,105,400,21,30,0,5,15,1,6,17,51,43,58,412,49,6,24,12,5,14,61,30,385,88,27,18,170,115,18,40,57,3,8,39,14,36,19,11,61,5,262,119,4,53,59,6,65,2,14,10,1,5,30,13
3,1,0,106,5,33,86,106,4791,163,113,360,144,152,73,195,23,7,262,2429,63,798,2839,1902,9303,509,9061,35,23,182,40,1447,3152,232,219,699,321,1342,427,244,60,57,103,5741,674,77,988,294,22,49,1,2,24,0,7,16,26,39,19,367,15,3,47,19,13,68,34,7,108,1186,8,89,133,3091,10,160,402,9,10,24,82,354,51,45,1078,37,55,47,22,602,39,35,538,3,78,14,5,3,17,27
0,0,1,34,2,6,19,79,181,110,60,43,23,265,86,66,6,3,10,422,21,294,1422,91,509,25910,469,85,29,108,70,10305,240,6283,38,54,50,6412,73,151,18,28,116,13187,2919,254,1970,73,4,23,0,1,3,0,4,4,4,5,2,16,6,6,11,4,2,12,4,5,7,16,10,231,21,156,4,943,317,64,2,3,531,80,10,4,208,378,9,6,5,231,12,227,1531,32,441,2,1,1,9,6
0,1,1,14,10,100,18,103,4561,51,49,103,34,43,15,36,9,3,22,933,25,315,1408,989,9061,469,13879,1425,15,40,12,1058,681,642,94,155,2136,246,1955,3748,20,11,30,12887,582,140,777,993,106,12,2,0,1,2,5,3,3,5,7,66,1,1,14,5,4,16,4,4,26,101,4,121,39,527,2,411,533,16,2,3,178,117,12,7,400,107,16,15,6,408,14,125,915,16,163,8,2,1,8,2
8,13,9,14,4,11,1,23,55,34,22,14,9,41,11,5,4,1,2,28,5,4385,426,40,35,85,1425,78217,1886,78,2,261,57,12433,8,5,455,43,252,24759,399,29,10,588,66,17213,8320,91,4,4,0,0,1,0,0,0,2,0,0,4,0,0,0,0,0,0,0,0,0,2,0,5,0,8,0,19,6,47,0,0,12,1,0,1,5,115,1,0,0,4,2,261,58,20,17,0,0,1,0,0
404,302,331,402,491,72,60,39,39,237,16,32,81,6711,355,121,6,24,37,64,68,4059,91,28,23,29,15,1886,117661,14487,50,123,277,196,68,65,95,33,64,145,31493,319,280,41,214,490,143,59,6546,108,0,0,9,3,2,6,0,0,3,5,11,1,0,1,9,4,40,1,43,5,3,2,8,9,1,2,0,1,2,10,1,1,11,6,7,6,5,45,0,2,33,5,4,0,0,8,2,1,9,8
472,689,517,1033,299,33,122,392,123,602,61,224,873,22843,2245,429,64,385,176,593,603,448,107,52,182,108,40,78,14487,66669,579,911,2268,56,251,184,246,128,110,10,7156,6328,3686,132,1930,18,172,62,890,3953,4,6,22,5,11,35,2,1,7,27,13,2,2,0,23,16,65,1,85,24,2,11,11,56,5,11,13,1,8,14,8,5,19,25,34,1,23,97,7,20,75,1,22,0,2,27,4,3,6,4
2,17,3,658,22,4,37,2036,607,998,138,101,386,783,1451,11439,1043,5430,1230,676,1235,270,52,84,40,70,12,2,50,579,17140,59,260,13,196,307,256,142,102,2,228,388,9976,56,431,3,40,20,11,788,1,3,22,2,3,20,7,4,14,59,23,4,1,2,9,7,78,10,245,28,12,8,53,30,9,5,7,1,6,24,2,11,15,13,17,1,36,137,2,16,51,1,14,1,5,12,2,2,16,9
2,4,0,33,2,9,18,176,449,852,237,324,246,579,99,62,58,39,30,768,297,599,1980,143,1447,10305,1058,261,123,911,59,55500,7712,4789,41,103,72,1317,103,289,309,287,208,8482,5387,540,18223,53,5,193,0,0,2,1,2,2,6,5,6,33,7,7,14,4,2,14,5,3,28,30,3,244,37,285,6,766,339,53,5,7,427,95,13,9,400,468,23,13,5,346,15,362,1306,43,344,3,0,0,3,5
5,6,7,56,2,4,25,634,1191,1804,1285,8030,9751,519,111,104,1024,332,90,3847,1542,1226,6154,123,3152,240,681,57,277,2268,260,7712,22855,141,64,113,167,738,49,14,777,842,539,1227,7670,90,3368,23,7,608,0,0,3,0,0,2,15,9,14,131,9,2,12,8,7,11,18,11,54,296,7,27,37,506,5,36,74,4,2,8,27,80,11,21,235,16,31,18,3,151,14,5,124,1,20,2,0,0,4,4
1,2,1,8,3,6,4,37,108,63,28,19,19,106,27,6,2,1,6,88,23,1692,1012,56,232,6283,642,12433,196,56,13,4789,141,47859,8,19,114,389,125,6101,44,13,17,10820,542,4495,22159,73,7,10,0,1,0,0,2,1,2,2,2,10,2,2,9,2,0,0,1,0,3,5,5,54,14,59,0,218,99,265,2,0,185,12,2,1,23,1570,6,1,0,29,4,2464,840,294,229,2,0,0,0,1
14,49,15,662,60,1147,2883,15,515,598,160,17,12,609,230,1624,2,12,259,117,98,258,61,444,219,38,94,8,68,251,196,41,64,8,7187,3561,1019,35,3081,12,170,129,529,191,17,0,27,4342,146,71,9,30,110,32,78,174,0,0,7,30,48,0,6,1,98,46,242,4,168,10,9,14,23,28,9,7,10,8,38,49,4,9,73,72,18,1,37,333,13,11,282,1,11,3,2,139,15,10,35,17
0,7,5,200,13,31,564,30,1940,813,214,120,38,166,81,834,35,33,1274,306,401,209,143,3996,699,54,155,5,65,184,307,103,113,19,3561,3153,801,87,1791,15,217,170,681,404,37,6,62,228,18,151,0,6,28,5,14,27,4,6,24,66,73,4,4,2,38,30,152,9,327,30,20,29,60,60,14,15,26,2,35,51,4,17,58,52,36,1,57,315,28,20,214,3,34,1,7,20,3,17,64,33
4,50,23,245,17,106,233,466,7723,628,137,268,163,336,134,192,104,108,244,363,434,316,85,3638,321,50,2136,455,95,246,256,72,167,114,1019,801,4366,25,5563,963,251,183,629,577,29,9,61,1341,53,168,3,4,9,6,12,20,39,51,41,825,38,14,12,15,6,12,39,27,146,70,36,11,169,47,22,7,17,2,12,30,4,20,24,30,15,4,789,102,21,7,77,15,21,2,6,13,1,4,33,15
1,0,0,56,2,2,27,229,197,102,41,41,28,392,150,109,8,14,51,2598,29,273,1104,68,1342,6412,246,43,33,128,142,1317,738,389,35,87,25,17470,40,23,29,22,228,11567,3466,30,527,33,5,16,0,1,5,0,2,3,2,3,3,26,13,3,17,5,6,19,9,4,30,77,5,192,39,661,5,367,472,12,7,12,166,169,19,11,727,41,11,14,10,594,14,18,771,5,132,4,0,1,13,5
10,13,17,106,46,1333,3442,31,936,264,108,25,6,299,62,190,4,47,198,48,61,236,69,4428,427,73,1955,252,64,110,102,103,49,125,3081,1791,5563,40,17854,645,126,60,163,1037,23,10,67,7364,161,36,8,6,38,8,37,54,0,1,8,47,44,2,4,0,19,19,134,10,289,15,18,23,42,27,6,9,14,8,16,30,7,7,37,51,19,6,76,244,8,14,163,8,33,1,6,46,7,17,36,11
3,0,1,2,3,34,3,5,118,11,4,5,2,11,0,2,1,1,1,8,0,481,195,140,244,151,3748,24759,145,10,2,289,14,6101,12,15,963,23,645,43895,38,2,3,11141,17,1218,1353,296,18,0,0,0,0,0,0,0,1,1,0,4,2,0,1,1,0,1,0,0,2,4,0,27,6,20,0,81,46,414,3,0,76,5,2,0,3,855,1,0,0,12,0,2902,414,192,96,1,0,0,2,2
295,568,419,1184,122,26,149,69,94,16422,74,201,250,1035,546,398,41,80,77,135,510,16768,77,67,60,18,20,399,31493,7156,228,309,777,44,170,217,251,29,126,38,69897,9317,1077,43,325,84,101,34,21,1141,1,4,12,2,9,17,0,2,4,13,25,1,2,0,10,11,47,3,113,5,1,6,25,13,5,3,1,0,7,16,0,1,13,12,9,0,21,87,3,9,70,1,9,1,0,11,3,4,14,4
82,329,136,895,35,13,106,133,97,10686,83,336,365,692,863,430,61,175,110,139,994,881,95,32,57,28,11,29,319,6328,388,287,842,13,129,170,183,22,60,2,9317,18285,2851,60,325,4,88,22,7,8796,0,0,6,0,1,11,1,0,8,21,17,0,0,0,5,5,24,4,92,9,4,3,17,14,3,5,6,1,6,7,2,5,12,8,8,0,21,55,5,8,35,0,3,0,3,4,1,1,10,8
11,39,8,1410,119,11,107,1158,544,3525,180,199,390,3656,10970,4454,131,745,776,815,2668,688,80,110,103,116,30,10,280,3686,9976,208,539,17,529,681,629,228,163,3,1077,2851,37726,97,695,2,61,55,34,12664,1,4,21,4,8,24,8,4,9,43,33,0,1,1,18,8,101,2,201,32,9,5,45,39,2,12,6,0,12,22,2,8,24,25,14,4,47,150,6,25,105,1,30,0,2,22,3,11,19,8
1,5,0,90,17,93,63,122,894,224,199,215,79,165,77,127,35,6,70,1129,80,1691,7401,748,5741,13187,12887,588,41,132,56,8482,1227,10820,191,404,577,11567,1037,11141,43,60,97,71758,1342,1327,5436,835,60,16,1,4,6,0,3,10,9,9,13,72,17,15,11,8,11,26,6,11,36,71,18,491,69,549,8,1915,1135,175,10,12,1069,227,29,15,721,1342,20,18,16,709,27,1509,3425,152,887,9,2,4,18,8
3,9,8,42,3,4,15,657,171,335,65,69,415,2460,527,111,20,111,26,2509,128,308,646,47,674,2919,582,66,214,1930,431,5387,7670,542,17,37,29,3466,23,17,325,325,695,1342,14278,22,471,16,14,363,0,0,2,0,6,5,10,6,11,67,4,4,15,6,9,36,16,9,48,253,4,210,55,1157,8,347,496,10,10,16,148,255,45,25,1143,57,21,18,8,718,16,22,782,10,135,6,2,1,12,11
1,4,4,7,1,1,2,43,69,54,57,45,23,11,0,0,6,2,2,43,16,5680,5063,11,77,254,140,17213,490,18,3,540,90,4495,0,6,9,30,10,1218,84,4,2,1327,22,14852,13085,10,1,0,0,0,0,0,0,0,0,1,1,2,2,0,1,0,0,0,1,0,1,3,0,5,2,10,0,27,10,29,0,0,20,2,0,0,13,182,1,2,0,9,0,208,80,13,30,0,0,1,0,0
1,6,7,12,3,3,14,176,362,494,356,510,281,81,14,25,117,28,11,394,230,2227,10151,105,988,1970,777,8320,143,172,40,18223,3368,22159,27,62,61,527,67,1353,101,88,61,5436,471,13085,58920,29,2,44,0,0,2,0,0,0,4,4,4,19,5,1,5,1,1,4,5,2,7,19,1,80,14,128,1,290,124,129,4,1,183,38,5,4,113,877,10,9,1,121,5,1094,720,129,179,0,0,1,3,2
76,186,163,818,445,4393,2484,1,262,120,28,6,0,301,121,208,1,2,23,19,20,64,56,400,294,73,993,91,59,62,20,53,23,73,4342,228,1341,33,7364,296,34,22,55,835,16,10,29,8470,1181,13,12,36,69,58,99,154,2,1,3,4,7,3,3,0,37,4,76,0,32,2,1,3,8,10,1,2,8,0,10,8,2,3,14,15,7,4,22,93,2,8,43,6,9,0,3,104,6,3,14,4
827,218,220,303,3722,1714,160,6,27,27,3,0,1,9004,168,49,0,2,3,6,2,13,6,21,22,4,106,4,6546,890,11,5,7,7,146,18,53,5,161,18,21,7,34,60,14,1,2,1181,11929,0,0,0,1,12,2,16,0,0,0,0,0,0,0,0,0,1,9,1,3,0,0,0,2,0,0,4,2,0,0,2,0,1,1,0,1,1,0,10,0,3,4,0,2,0,0,4,1,0,2,0
2,43,13,149,6,5,21,262,47,5093,22,59,421,2485,5703,196,33,406,146,234,818,199,27,30,49,23,12,4,108,3953,788,193,608,10,71,151,168,16,36,0,1141,8796,12664,16,363,0,44,13,0,19078,0,0,5,0,0,2,0,0,3,10,13,0,0,0,2,1,18,0,61,6,2,2,13,12,1,1,1,0,3,4,1,1,7,8,8,0,14,52,0,4,27,0,3,0,2,1,0,2,4,0
4,17,752,65,2,10,75,0,1,0,0,0,0,15,8,12,0,1,1,1,0,4,0,0,1,0,2,0,0,4,1,0,0,0,9,0,3,0,8,0,1,0,1,1,0,0,0,12,0,0,37220,14696,1900,6696,11205,2158,0,0,2,4,43,0,0,0,5519,47,78,0,9,3,1,61,2,4,1,3,5,23,1094,2,3,5,612,7,8,6,6,68,7,1,16,4,8,23,1,122,7522,106,111,9
14,40,3393,166,14,16,210,0,7,4,0,0,1,46,17,27,1,1,2,6,0,7,0,5,2,1,0,0,0,6,3,0,0,1,30,6,4,1,6,0,4,0,4,4,0,0,0,36,0,0,14696,61175,17085,8915,4737,10672,0,1,4,24,301,8,3,1,6835,128,396,0,33,12,11,484,8,12,10,14,2,143,1642,22,4,10,1553,23,28,24,13,262,13,14,24,11,15,75,15,327,1792,472,626,40
21,79,74,313,13,29,318,14,42,18,13,2,1,131,45,79,1,2,13,14,3,19,1,15,24,3,1,1,9,22,22,2,3,0,110,28,9,5,38,0,12,6,21,6,2,0,2,69,1,5,1900,17085,32235,441,1893,12613,9,18,33,221,925,18,15,12,13866,2314,8785,31,383,88,84,637,26,113,47,34,19,81,1499,263,20,57,1883,492,71,24,116,1206,56,103,135,7,156,55,20,461,1002,465,1005,101
55,100,6051,277,352,688,624,0,3,6,0,0,1,32,8,15,0,0,0,1,0,7,1,1,0,0,2,0,3,5,2,1,0,0,32,5,6,0,8,0,2,0,4,0,0,0,0,58,12,0,6696,8915,441,31886,16859,23130,0,0,1,7,39,1,1,0,305,13,30,0,8,3,3,81,4,6,0,2,2,33,440,0,3,4,399,4,5,6,8,224,6,0,23,5,9,13,3,489,380,101,103,13
42,140,575,420,24,257,580,2,17,14,6,0,1,75,32,60,0,1,6,4,1,19,1,6,7,4,5,0,2,11,3,2,0,2,78,14,12,2,37,0,9,1,8,3,6,0,0,99,2,0,11205,4737,1893,16859,32326,8375,2,4,4,41,104,5,5,2,1305,55,214,3,56,13,11,80,100,224,12,21,287,24,371,20,16,17,292,42,12,9,225,1563,22,16,1636,43,137,17,13,6936,3760,112,141,28
63,248,774,846,43,113,1037,5,36,20,8,5,2,214,99,133,2,2,13,12,6,42,0,17,16,4,3,0,6,35,20,2,2,1,174,27,20,3,54,0,17,11,24,10,5,0,0,154,16,2,2158,10672,12613,23130,8375,27588,2,3,4,123,358,9,15,2,1827,78,1793,6,193,41,34,249,61,75,23,16,17,45,613,24,11,28,670,34,15,16,87,2404,35,28,970,7,53,34,20,2355,447,211,405,62
0,1,0,2,1,0,2,261,1007,2,3,3,33,6,3,6,6,5,3,213,1,15,4,51,26,4,3,2,0,2,7,6,15,2,0,4,39,2,0,1,0,1,8,9,10,0,4,2,0,0,0,0,9,0,2,2,3669,4968,1005,1026,18,44,408,5085,25,159,126,1028,127,3068,29,169,90,196,28,27,34,17,7,402,73,3653,53,268,401,21,195,15,18,49,7,3,28,11,98,4,1,1,14,18
0,0,0,1,0,0,1,167,709,3,4,4,25,5,1,1,10,13,1,84,12,13,5,43,39,5,5,0,0,1,4,5,9,2,0,6,51,3,1,1,2,0,4,9,6,1,4,1,0,0,0,1,18,0,4,3,4968,12993,3661,3137,65,316,492,2780,23,89,201,3812,672,2653,114,813,71,106,45,63,23,51,18,293,110,877,35,184,744,53,211,22,16,204,18,5,123,40,192,1,2,3,23,16
0,1,0,3,0,3,4,150,439,38,19,59,16,2,1,8,40,50,26,45,59,5,5,58,19,2,7,0,3,7,14,6,14,2,7,24,41,3,8,0,4,8,9,13,11,1,4,3,0,3,2,4,33,1,4,4,1005,3661,4391,2353,223,408,480,1056,118,319,563,3993,1210,778,529,523,90,69,195,55,17,15,49,1766,121,758,136,494,561,31,267,33,54,81,23,6,43,17,112,4,7,17,74,51
1,4,2,14,1,4,7,1511,7287,97,69,146,291,46,27,43,91,133,60,979,161,116,60,412,367,16,66,4,5,27,59,33,131,10,30,66,825,26,47,4,13,21,43,72,67,2,19,4,0,10,4,24,221,7,41,123,1026,3137,2353,40648,341,422,1035,1173,68,87,537,706,4258,6288,407,756,7874,5167,94,117,1705,53,40,132,201,1260,102,140,347,72,6109,926,84,578,479,117,771,49,251,101,11,30,101,94
3,3,9,29,0,4,33,50,197,49,14,15,5,32,8,36,13,26,41,29,26,29,5,49,15,6,1,0,11,13,23,7,9,2,48,73,38,13,44,2,25,17,33,17,4,2,5,7,0,13,43,301,925,39,104,358,18,65,223,341,59446,6329,1742,77,454,1013,2030,350,1223,91,7404,3087,327,106,757,207,41,217,453,401,351,266,639,807,282,180,403,890,592,140,308,33,228,201,424,90,40,18100,14937,3925
0,0,0,1,1,0,1,24,71,1,7,5,3,1,0,2,5,8,3,8,5,4,4,6,3,6,1,0,1,2,4,7,2,2,0,4,14,3,2,0,1,0,0,15,4,0,1,3,0,0,0,8,18,1,5,9,44,316,408,422,6329,8857,8228,267,18,50,232,739,456,121,3596,7100,100,127,224,52,28,40,63,117,113,336,69,38,56,63,90,77,72,57,26,10,132,122,275,6,3,57,354,274
0,0,0,0,0,0,2,35,151,3,4,4,5,2,2,4,3,11,8,42,9,4,5,24,47,11,14,0,0,2,1,14,12,9,6,4,12,17,4,1,2,0,1,11,15,1,5,3,0,0,0,3,15,1,5,15,408,492,480,1035,1742,8228,19520,8222,22,131,174,6643,267,583,5514,6182,123,983,627,112,93,83,52,582,447,8514,133,121,270,170,140,67,259,186,29,24,369,215,955,6,5,38,285,365
0,0,0,1,0,0,0,75,286,2,3,2,11,3,2,3,3,5,5,47,1,3,2,12,19,4,5,0,1,0,2,4,8,2,1,2,15,5,0,1,0,0,1,8,6,0,1,0,0,0,0,1,12,0,2,2,5085,2780,1056,1173,77,267,8222,16705,11,132,161,6034,185,540,516,795,61,258,156,57,25,43,12,704,288,6325,43,212,263,84,138,25,90,23,7,15,98,49,347,0,1,7,43,74
15,56,100,176,21,23,233,4,38,18,7,1,1,117,45,71,1,1,13,26,6,27,4,5,13,2,4,0,9,23,9,2,7,0,98,38,6,6,19,0,10,5,18,11,9,0,1,37,0,2,5519,6835,13866,305,1305,1827,25,23,118,68,454,18,22,11,53989,7440,1703,51,183,98,33,354,16,49,28,141,19,107,8975,277,41,84,12400,600,485,33,91,473,96,273,181,14,161,58,31,231,9479,441,826,195
6,4,11,24,2,1,38,20,70,18,7,5,0,42,16,37,1,3,13,70,3,24,8,14,68,12,16,0,4,16,7,14,11,0,46,30,12,19,19,1,11,5,8,26,36,0,4,4,1,1,47,128,2314,13,55,78,159,89,319,87,1013,50,131,132,7440,39413,3034,250,321,312,278,536,53,162,430,628,49,121,1713,1003,629,760,9743,5199,3056,142,155,284,9428,507,132,18,251,50,205,63,256,322,3263,6756
19,92,27,321,31,37,293,42,182,102,21,23,12,238,87,186,11,25,75,48,62,97,4,61,34,4,4,0,40,65,78,5,18,1,242,152,39,9,134,0,47,24,101,6,16,1,5,76,9,18,78,396,8785,30,214,1793,126,201,563,537,2030,232,174,161,1703,3034,17707,541,1887,377,711,531,52,148,570,60,28,51,531,6113,113,288,994,3499,366,29,251,2441,391,133,376,9,153,48,61,420,199,291,953,375
0,0,0,0,0,1,0,106,380,21,15,29,10,2,1,2,22,45,11,28,39,7,5,30,7,5,4,0,1,1,10,3,11,0,4,9,27,4,10,0,3,4,2,11,9,0,2,0,1,0,0,0,31,0,3,6,1028,3812,3993,706,350,739,6643,6034,51,250,541,13966,468,92,5100,922,112,84,826,39,12,21,36,6000,164,1669,106,357,122,58,237,53,144,33,25,7,69,32,351,3,4,18,107,159
3,5,10,23,4,11,48,318,1178,341,85,135,39,46,25,116,53,129,264,131,288,137,19,385,108,7,26,0,43,85,245,28,54,3,168,327,146,30,289,2,113,92,201,36,48,1,7,32,3,61,9,33,383,8,56,193,127,672,1210,4258,1223,456,267,185,183,321,1887,468,10476,705,1111,556,2707,744,466,70,141,39,182,543,128,303,518,489,288,32,1090,3417,338,137,1163,36,421,24,111,158,33,175,657,345
0,0,1,9,1,2,3,502,1544,20,13,17,67,36,20,28,3,8,19,1741,10,80,59,88,1186,16,101,2,5,24,28,30,296,5,10,30,70,77,15,4,5,9,32,71,253,3,19,2,0,6,3,12,88,3,13,41,3068,2653,778,6288,91,121,583,540,98,312,377,92,705,19205,102,631,303,2632,65,310,483,71,69,387,496,4181,147,535,4351,111,425,100,76,4664,69,16,759,69,359,43,18,27,77,83
0,1,0,4,1,1,4,95,267,13,9,15,7,4,2,12,12,29,23,21,32,15,5,27,8,10,4,0,3,2,12,3,7,5,9,20,36,5,18,0,1,4,9,18,4,0,1,1,0,2,1,11,84,3,11,34,29,114,529,407,7404,3596,5514,516,33,278,711,5100,1111,102,15459,1510,356,105,2566,194,36,132,110,1621,461,768,314,242,232,165,245,293,782,56,102,25,147,99,491,22,5,201,1308,3258
2,8,23,18,0,2,20,28,88,11,9,4,3,28,13,11,5,5,12,40,11,16,82,18,89,231,121,5,2,11,8,244,27,54,14,29,11,192,23,27,6,3,5,491,210,5,80,3,0,2,61,484,637,81,80,249,169,813,523,756,3087,7100,6182,795,354,536,531,922,556,631,1510,40025,163,1363,329,910,1176,3826,3864,261,1083,4866,1001,315,713,1878,116,217,296,1029,112,549,4781,9886,8123,48,37,2170,1642,567
0,3,1,9,0,2,9,256,1041,97,27,58,24,4,0,27,19,54,80,144,102,28,17,170,133,21,39,0,8,11,53,37,37,14,23,60,169,39,42,6,25,17,45,69,55,2,14,8,2,13,2,8,26,4,100,61,90,71,90,7874,327,100,123,61,16,53,52,112,2707,303,356,163,6791,3324,96,111,1057,19,38,100,99,243,112,17,128,59,3079,1847,58,98,2200,234,874,13,95,251,10,33,135,96
1,4,0,16,1,1,13,242,1094,26,18,36,56,77,33,28,8,11,13,2050,20,107,283,115,3091,156,527,8,9,56,30,285,506,59,28,60,47,661,27,20,13,14,39,549,1157,10,128,10,0,12,4,12,113,6,224,75,196,106,69,5167,106,127,983,258,49,162,148,84,744,2632,105,1363,3324,17914,64,459,10807,161,51,96,734,3902,119,123,1684,291,894,462,97,1459,1428,1063,5219,110,789,705,38,14,104,108
0,1,1,3,0,0,4,15,90,8,5,4,5,2,2,9,4,14,18,19,11,5,2,18,10,4,2,0,1,5,9,6,5,0,9,14,22,5,6,0,5,3,2,8,8,0,1,1,0,1,1,10,47,0,12,23,28,45,195,94,757,224,627,156,28,430,570,826,466,65,2566,329,96,64,2219,111,7,39,65,2232,257,482,216,1368,336,73,130,193,3480,50,78,5,62,27,183,12,4,83,619,2182
1,0,0,5,0,1,2,7,63,16,8,12,5,31,9,6,1,3,1,50,7,37,276,40,160,943,411,19,2,11,5,766,36,218,7,15,7,367,9,81,3,5,12,1915,347,27,290,2,4,1,3,14,34,2,21,16,27,63,55,117,207,52,112,57,141,628,60,39,70,310,194,910,111,459,111,30984,1352,334,244,108,9456,826,983,242,6466,5848,52,46,265,10523,87,402,15647,206,1098,45,32,62,422,320
0,0,0,3,0,0,2,19,161,6,13,4,6,19,4,13,1,1,5,178,4,36,159,57,402,317,533,6,0,13,7,339,74,99,10,26,17,472,14,46,1,6,6,1135,496,10,124,8,2,1,5,2,19,2,287,17,34,23,17,1705,41,28,93,25,19,49,28,12,141,483,36,1176,1057,10807,7,1352,21389,475,31,16,1064,832,67,32,1220,525,1205,212,20,653,1473,4177,12270,155,1011,1020,37,7,26,24
0,0,12,2,0,0,8,2,14,0,2,0,0,2,0,0,0,0,5,8,0,7,17,3,9,64,16,47,1,1,1,53,4,265,8,2,2,12,8,414,0,1,0,175,10,29,129,0,0,0,23,143,81,33,24,45,17,51,15,53,217,40,83,43,107,121,51,21,39,71,132,3826,19,161,39,334,475,62308,2442,26,306,133,708,36,177,14067,92,34,61,69,54,15139,737,15687,875,36,9,914,477,145
4,12,117,48,3,5,42,7,27,5,2,1,1,34,14,31,0,2,15,17,3,16,3,8,10,2,2,0,2,8,6,5,2,2,38,35,12,7,16,3,7,6,12,10,10,0,4,10,0,3,1094,1642,1499,440,371,613,7,18,49,40,453,63,52,12,8975,1713,531,36,182,69,110,3864,38,51,65,244,31,2442,164255,126,164,95,28724,328,756,199,106,293,257,203,157,215,175,829,134,115,14033,14587,2457,414
0,6,1,18,0,1,14,46,161,26,19,14,4,19,5,31,5,19,27,36,19,22,4,39,24,3,3,0,10,14,24,7,8,0,49,51,30,12,30,0,16,7,22,12,16,0,1,8,2,4,2,22,263,0,20,24,402,293,1766,132,401,117,582,704,277,1003,6113,6000,543,387,1621,261,100,96,2232,108,16,26,126,20047,248,1109,302,5547,1138,43,184,218,511,140,69,8,109,14,196,33,16,50,198,154
0,0,0,0,0,0,2,10,44,7,6,3,4,8,4,2,2,1,3,26,3,28,137,14,82,531,178,12,1,8,2,427,27,185,4,4,4,166,7,76,0,2,2,1069,148,20,183,2,0,1,3,4,20,3,16,11,73,110,121,201,351,113,447,288,41,629,113,164,128,496,461,1083,99,734,257,9456,1064,306,164,248,30067,3762,680,257,7425,7690,53,63,437,813,63,450,5865,518,8734,21,20,59,598,638
0,0,0,3,0,1,2,114,364,4,11,7,19,16,9,11,7,8,4,402,12,28,57,36,354,80,117,1,1,5,11,95,80,12,9,17,20,169,7,5,1,5,8,227,255,2,38,3,1,1,5,10,57,4,17,28,3653,877,758,1260,266,336,8514,6325,84,760,288,1669,303,4181,768,4866,243,3902,482,826,832,133,95,1109,3762,25614,424,625,14231,460,211,126,479,1724,86,43,2375,171,8738,23,20,20,359,493
0,13,109,54,4,4,65,19,78,31,14,4,5,47,22,52,4,9,22,64,14,32,7,19,51,10,12,0,11,19,15,13,11,2,73,58,24,19,37,2,13,12,24,29,45,0,5,14,1,7,612,1553,1883,399,292,670,53,35,136,102,639,69,133,43,12400,9743,994,106,518,147,314,1001,112,119,216,983,67,708,28724,302,680,424,55789,1146,2929,278,293,604,1178,508,288,69,304,270,252,136,1475,5791,18526,3094
3,12,6,30,4,4,48,27,83,37,15,1,2,56,27,50,0,2,24,66,5,32,4,11,45,4,7,1,6,25,13,9,21,1,72,52,30,11,51,0,12,8,25,15,25,0,4,15,0,8,7,23,492,4,42,34,268,184,494,140,807,38,121,212,600,5199,3499,357,489,535,242,315,17,123,1368,242,32,36,328,5547,257,625,1146,6273,1741,40,196,275,2905,402,169,3,221,29,122,92,44,138,733,822
1,0,0,11,1,3,9,37,191,34,8,27,11,48,17,23,5,14,18,624,14,53,223,61,1078,208,400,5,7,34,17,400,235,23,18,36,15,727,19,3,9,8,14,721,1143,13,113,7,1,8,8,28,71,5,12,15,401,744,561,347,282,56,270,263,485,3056,366,122,288,4351,232,713,128,1684,336,6466,1220,177,756,1138,7425,14231,2929,1741,29661,751,55,105,763,4862,55,67,2588,67,1327,22,83,121,937,813
0,0,4,1,1,0,1,6,19,3,3,3,1,2,1,0,0,1,0,12,0,66,112,5,37,378,107,115,6,1,1,468,16,1570,1,1,4,41,6,855,0,0,4,1342,57,182,877,4,1,0,6,24,24,6,9,16,21,53,31,72,180,63,170,84,33,142,29,58,32,111,165,1878,59,291,73,5848,525,14067,199,43,7690,460,278,40,751,49198,57,31,93,393,52,4881,7884,9175,4652,20,4,93,251,164
0,2,1,12,2,3,11,252,1926,91,29,55,43,12,6,14,26,50,41,110,84,29,20,262,55,9,16,1,5,23,36,23,31,6,37,57,789,11,76,1,21,21,47,20,21,1,10,22,0,14,6,13,116,8,225,87,195,211,267,6109,403,90,140,138,91,155,251,237,1090,425,245,116,3079,894,130,52,1205,92,106,184,53,211,293,196,55,57,2410,1238,212,50,4362,309,309,33,45,1805,20,51,315,190
36,86,49,423,33,35,374,86,297,196,48,26,13,311,101,223,15,48,158,70,101,141,11,119,47,6,15,0,45,97,137,13,18,1,333,315,102,14,244,0,87,55,150,18,18,2,9,93,10,52,68,262,1206,224,1563,2404,15,22,33,926,890,77,67,25,473,284,2441,53,3417,100,293,217,1847,462,193,46,212,34,293,218,63,126,604,275,105,31,1238,12483,345,66,9215,38,311,25,49,3460,156,174,630,352
1,0,0,5,1,0,2,9,44,11,7,1,0,9,2,14,3,8,25,25,8,13,6,4,22,5,6,0,0,7,2,5,3,0,13,28,21,10,8,0,3,5,6,16,8,0,1,2,0,0,7,13,56,6,22,35,18,16,54,84,592,72,259,90,96,9428,391,144,338,76,782,296,58,97,3480,265,20,61,257,511,437,479,1178,2905,763,93,212,345,17048,61,157,14,82,35,198,62,16,168,2401,8877
0,3,1,6,1,0,7,31,123,18,11,17,8,43,9,14,2,4,5,257,9,40,191,53,602,231,408,4,2,20,16,346,151,29,11,20,7,594,14,12,9,8,25,709,718,9,121,8,3,4,1,14,103,0,16,28,49,204,81,578,140,57,186,23,273,507,133,33,137,4664,56,1029,98,1459,50,10523,653,69,203,140,813,1724,508,402,4862,393,50,66,61,23853,77,57,16207,71,890,39,23,46,141,67
6,29,13,151,11,19,192,49,220,126,43,24,7,207,46,178,7,19,76,29,43,92,7,59,39,12,14,2,33,75,51,15,14,4,282,214,77,14,163,0,70,35,105,27,16,0,5,43,4,27,16,24,135,23,1636,970,7,18,23,479,308,26,29,7,181,132,376,25,1163,69,102,112,2200,1428,78,87,1473,54,157,69,63,86,288,169,55,52,4362,9215,157,77,17536,248,636,20,48,10681,129,65,266,160
0,0,1,2,0,1,1,5,16,4,2,6,0,0,1,0,0,0,0,6,2,70,111,6,35,227,125,261,5,1,1,362,5,2464,1,3,15,18,8,2902,1,0,1,1509,22,208,1094,6,0,0,4,11,7,5,43,7,3,5,6,117,33,10,24,15,14,18,9,7,36,16,25,549,234,1063,5,402,4177,15139,215,8,450,43,69,3,67,4881,309,38,14,57,248,41736,12600,2232,986,145,8,82,41,19
1,1,1,15,0,4,6,40,178,23,13,24,11,53,22,17,5,5,11,150,15,88,483,65,538,1531,915,58,4,22,14,1306,124,840,11,34,21,771,33,414,9,3,30,3425,782,80,720,9,2,3,8,15,156,9,137,53,28,123,43,771,228,132,369,98,161,251,153,69,421,759,147,4781,874,5219,62,15647,12270,737,175,109,5865,2375,304,221,2588,7884,309,311,82,16207,636,12600,47297,1144,5503,384,55,43,151,112
0,1,4,3,0,0,0,1,9,1,0,0,1,0,3,1,0,2,0,5,0,11,13,2,3,32,16,20,0,0,1,43,1,294,3,1,2,5,1,192,1,0,0,152,10,13,129,0,0,0,23,75,55,13,17,34,11,40,17,49,201,122,215,49,58,50,48,32,24,69,99,9886,13,110,27,206,155,15687,829,14,518,171,270,29,67,9175,33,25,35,71,20,2232,1144,17456,9763,11,3,434,229,65
0,0,1,7,0,0,0,12,51,7,5,8,1,8,1,1,2,3,3,33,8,31,105,14,78,441,163,17,0,2,5,344,20,229,2,7,6,132,6,96,0,3,2,887,135,30,179,3,0,2,1,15,20,3,13,20,98,192,112,251,424,275,955,347,31,205,61,351,111,359,491,8123,95,789,183,1098,1011,875,134,196,8734,8738,252,122,1327,4652,45,49,198,890,48,986,5503,9763,25324,27,16,53,287,305
45,171,136,565,28,65,596,4,34,14,5,1,0,191,105,107,0,3,8,12,8,18,2,10,14,2,8,0,8,27,12,3,2,2,139,20,13,4,46,1,11,4,22,9,6,0,0,104,4,1,122,327,461,489,6936,2355,4,1,4,101,90,6,6,0,231,63,420,3,158,43,22,48,251,705,12,45,1020,36,115,33,21,23,136,92,22,20,1805,3460,62,39,10681,145,384,11,27,10803,344,34,106,44
3,8,98,33,4,15,48,0,2,5,1,1,0,21,14,10,0,1,1,1,0,3,1,1,5,1,2,0,2,4,2,0,0,0,15,3,1,0,7,0,3,1,3,2,2,0,0,6,1,0,7522,1792,1002,380,3760,447,1,2,7,11,40,3,5,1,9479,256,199,4,33,18,5,37,10,38,4,32,37,9,14033,16,20,20,1475,44,83,4,20,156,16,23,129,8,55,3,16,344,30039,65,85,20
4,1,26,12,2,2,13,1,20,11,6,0,1,12,6,9,0,0,9,3,3,9,0,5,3,1,1,1,1,3,2,0,0,0,10,17,4,1,17,0,4,1,11,4,1,1,1,3,0,2,106,472,465,101,112,211,1,3,17,30,18100,57,38,7,441,322,291,18,175,27,201,2170,33,14,83,62,7,914,14587,50,59,20,5791,138,121,93,51,174,168,46,65,82,43,434,53,34,65,39256,8501,572
2,3,29,31,3,2,34,23,94,41,15,6,4,29,9,36,2,22,26,36,14,27,3,30,17,9,8,0,9,6,16,3,4,0,35,64,33,13,36,2,14,10,19,18,12,0,3,14,2,4,111,626,1005,103,141,405,14,23,74,101,14937,354,285,43,826,3263,953,107,657,77,1308,1642,135,104,619,422,26,477,2457,198,598,359,18526,733,937,251,315,630,2401,141,266,41,151,229,287,106,85,8501,37793,10418
0,1,4,3,0,3,5,13,75,17,9,3,3,12,1,16,2,12,12,23,3,8,4,13,27,6,2,0,8,4,9,5,4,1,17,33,15,5,11,2,4,8,8,8,11,0,2,4,0,0,9,40,101,13,28,62,18,16,51,94,3925,274,365,74,195,6756,375,159,345,83,3258,567,96,108,2182,320,24,145,414,154,638,493,3094,822,813,164,190,352,8877,67,160,19,112,65,305,44,20,572,10418,10823
