22410,4191,17323,1433,12459,1894,442,9,0,28,1,0,1,13935,972,204,0,2,4,7,1,492,10,0,0,15,2,106,1153,660,8,13,2,29,33,13,12,10,31,6,483,310,48,24,12,64,35,72,1610,7,2,16,12,11,43,37,0,0,0,1,1,0,0,0,16,15,37,0,3,3,0,0,1,2,0,0,1,1,2,2,1,0,4,11,0,1,10,63,0,0,5,2,0,0,1,90,2,0,3,0
4191,12969,6327,8714,596,651,954,3,2,73,2,1,0,4083,3476,271,0,0,3,2,0,405,1,2,1,2,3,11,143,191,8,4,5,6,25,6,11,3,19,2,372,339,46,3,2,8,12,142,59,18,10,54,26,54,131,120,0,0,0,1,0,1,0,0,29,14,44,2,1,1,2,2,0,0,2,0,1,0,7,1,0,0,8,15,0,0,13,97,1,0,11,0,0,0,0,292,4,0,6,1
17323,6327,27530,6249,6279,6935,8001,1,1,104,0,0,2,2103,399,58,0,1,2,2,0,1184,8,5,1,10,6,100,844,857,3,9,3,44,14,11,8,0,56,10,1295,697,20,31,3,71,36,193,282,25,9,82,25,633,171,129,0,0,1,0,3,1,0,0,25,12,35,2,3,1,1,3,3,1,1,0,1,0,4,0,1,0,3,13,0,1,13,72,0,0,9,0,2,0,1,342,4,0,3,0
1433,8714,6249,36791,841,1785,10953,63,18,868,16,16,22,5854,12838,4545,2,30,65,69,38,1249,17,10,6,67,3,27,286,512,354,42,40,39,194,59,74,55,95,4,1559,1533,3612,27,64,22,51,768,120,278,49,274,117,215,352,509,1,1,4,8,12,2,2,0,107,65,187,2,8,6,3,11,5,5,6,0,1,0,19,9,0,3,40,72,1,0,66,446,5,4,101,0,7,1,0,1192,19,5,28,0
12459,596,6279,841,22964,24050,1457,0,2,14,0,0,0,4756,288,121,0,1,0,3,0,108,5,21,9,5,15,62,787,198,6,7,1,13,38,9,20,4,152,11,102,38,22,17,4,27,22,345,3346,4,1,7,5,12,14,11,0,0,0,0,0,0,1,0,5,4,7,0,1,0,0,0,2,0,0,0,0,0,1,1,0,0,3,2,0,0,9,19,0,0,5,0,0,0,0,13,1,0,3,1
1894,651,6935,1785,24050,24211,18250,2,1,22,2,1,0,504,125,116,0,0,0,0,2,289,1,15,6,6,27,60,535,201,1,4,4,16,165,11,53,3,1801,16,319,116,6,23,2,21,15,3143,3364,5,263,126,21,2587,459,109,0,0,0,1,1,0,0,0,14,11,23,0,0,0,0,5,2,1,1,0,1,1,5,2,0,0,6,7,0,0,11,50,0,1,8,0,1,0,0,341,5,3,14,0
442,954,8001,10953,1457,18250,20431,16,29,353,15,12,7,957,409,3103,2,4,35,52,39,457,7,51,13,16,6,21,180,265,16,9,10,7,1406,164,160,33,1208,2,421,362,87,24,7,17,18,4495,314,89,60,331,132,599,667,607,0,2,2,2,20,1,0,0,122,83,235,4,26,4,3,19,3,3,8,0,1,0,35,16,1,2,42,100,0,0,110,649,2,0,117,2,0,1,1,1493,15,6,33,3
9,3,1,63,0,2,16,50359,4573,104,3289,1817,9838,723,535,650,4308,12807,1997,11028,1118,4402,505,166,116,180,90,19,32,83,385,68,1512,25,9,115,1253,352,7,5,29,76,613,115,1590,174,119,0,1,71,0,2,2,2,1,2,229,238,19,658,22,31,90,112,9,12,17,63,46,771,37,47,211,418,20,2,28,1,1,23,2,312,4,30,48,1,360,9,7,19,5,0,43,3,10,1,1,0,6,3
0,2,1,18,2,1,29,4573,64131,155,830,1734,1913,45,22,612,1202,360,4895,7158,806,1282,386,18509,5484,130,5765,277,20,21,77,67,810,79,91,1787,9270,343,84,320,24,31,95,1088,141,140,137,20,1,35,0,0,5,0,0,4,405,511,46,1539,44,62,124,198,7,15,38,94,103,1429,57,79,485,774,29,9,118,1,1,57,9,462,7,44,94,10,1236,37,12,47,18,7,108,3,9,2,0,0,9,5
28,73,104,868,14,22,353,104,155,37510,2480,2165,384,391,610,3416,186,69,1199,104,5324,4242,1205,252,49,34,27,34,58,56,244,272,1615,38,704,1202,1539,108,366,3,7595,3561,2738,186,89,612,1365,77,16,2788,1,3,6,3,2,18,4,21,50,61,71,20,10,4,24,43,98,55,140,20,62,18,73,8,63,1,8,0,12,73,1,4,39,36,10,1,284,209,24,4,102,1,11,0,4,21,3,2,63,14
1,2,0,16,0,2,15,3289,830,2480,3318,9338,629,38,14,473,465,442,1213,283,1156,2837,1369,125,28,7,15,12,19,12,63,20,293,6,47,181,375,24,55,1,74,82,114,45,25,159,202,4,0,73,0,0,2,0,1,0,6,24,8,44,24,13,7,3,1,2,5,13,38,28,39,4,25,16,7,0,1,0,1,13,0,15,2,5,3,2,56,15,6,5,4,0,8,0,1,2,0,1,6,3
0,1,0,16,0,1,12,1817,1734,2165,9338,19087,8359,32,34,315,4854,547,640,1760,5705,2081,3939,229,549,22,166,15,26,68,276,39,5632,13,32,220,583,389,17,1,110,413,419,137,202,171,409,2,0,459,0,0,1,0,1,0,14,33,11,112,8,15,17,10,2,3,5,31,14,123,28,21,40,159,8,3,23,0,2,11,1,75,0,6,48,2,125,18,4,17,1,0,33,3,12,0,0,0,2,4
1,0,2,22,0,0,7,9838,1913,384,629,8359,31126,284,429,342,9474,1903,277,4501,1431,734,324,89,353,29,232,16,28,162,1026,80,5325,12,14,67,595,127,9,1,51,277,1409,55,755,83,84,0,2,949,1,1,2,0,1,3,76,45,7,227,9,10,45,45,2,6,17,13,18,539,6,25,91,471,10,1,39,0,1,13,5,304,2,12,80,3,73,8,7,31,6,0,50,1,13,1,0,0,0,2
13935,4083,2103,5854,4756,504,957,723,45,391,38,32,284,52236,13148,3235,9,343,152,285,87,768,118,25,58,847,38,327,11071,21892,456,1081,381,407,726,187,371,362,472,36,1119,1346,2404,230,1591,184,943,489,15615,2030,39,55,86,30,104,300,1,1,4,14,23,4,3,5,134,112,331,11,41,22,5,20,17,18,25,5,9,0,34,52,3,13,100,138,12,4,206,726,27,13,244,7,30,0,6,315,15,10,76,6
972,3476,399,12838,288,125,409,535,22,610,14,34,429,13148,16739,2958,20,608,258,201,145,467,48,9,37,344,21,21,149,661,1168,368,273,71,112,57,109,138,51,2,664,1674,8461,76,1079,14,210,84,41,8919,4,12,27,16,40,60,3,0,4,7,10,0,0,1,22,19,50,6,13,5,1,9,3,15,3,2,8,0,7,18,0,1,11,21,6,0,38,108,5,11,31,0,14,0,2,75,2,0,9,1
204,271,58,4545,121,116,3103,650,612,3416,473,315,342,3235,2958,32199,153,625,7848,1174,1713,1211,79,311,189,194,69,29,228,877,9362,118,200,36,1521,2522,887,301,649,3,1077,1690,10222,139,259,43,118,1501,90,874,26,40,84,16,79,219,8,27,40,47,72,25,8,4,140,134,370,48,246,57,37,39,62,39,107,3,7,2,45,162,0,28,151,170,10,0,381,815,44,3,310,0,10,1,5,291,18,15,137,18
0,0,0,2,0,0,2,4308,1202,186,465,4854,9474,9,20,153,11593,2598,394,113,5848,273,187,99,9,4,5,3,1,7,1642,13,467,0,10,82,213,16,3,0,6,21,207,10,30,7,34,1,0,42,0,0,0,0,0,0,12,36,5,49,7,8,2,6,0,0,2,14,8,16,20,4,21,5,3,0,0,0,1,1,0,6,1,1,4,0,99,2,1,2,1,0,1,0,0,0,0,0,4,0
2,0,1,30,1,0,4,12807,360,69,442,547,1903,343,608,625,2598,4496,1878,348,1087,330,51,42,8,73,7,3,2,51,3351,64,226,8,1,33,179,31,3,1,18,48,1365,24,817,11,40,2,0,123,0,0,0,0,1,1,16,36,8,59,14,19,5,3,0,1,4,22,24,21,22,11,12,8,17,0,3,0,0,11,1,7,0,2,4,0,64,6,2,3,5,0,4,0,1,0,0,0,9,1
4,3,2,65,0,0,35,1997,4895,1199,1213,640,277,152,258,7848,394,1878,10918,1626,2352,756,121,1468,413,111,136,8,22,81,2145,63,157,22,107,3372,838,313,98,2,129,129,1508,174,161,30,47,8,0,158,0,2,4,0,1,5,17,42,55,101,80,25,10,8,5,8,38,53,158,55,78,17,76,46,86,1,7,0,8,80,2,27,19,16,8,2,129,90,14,10,47,0,19,1,7,5,3,0,45,14
7,2,2,69,3,0,52,11028,7158,104,283,1760,4501,285,201,1174,113,348,1626,39044,148,1529,1173,676,2839,324,1591,38,35,54,122,167,6623,35,90,1079,710,3545,30,7,30,88,344,464,4119,213,345,9,3,82,1,2,6,1,1,3,102,56,7,460,12,20,119,73,4,24,41,32,65,1112,23,142,200,1606,38,16,220,1,5,52,19,802,9,51,455,13,70,37,27,203,6,5,300,3,54,1,2,0,9,8
1,0,0,38,0,2,39,1118,806,5324,1156,5705,1431,87,145,1713,5848,1087,2352,148,12643,273,498,309,31,13,19,3,9,83,2014,67,970,3,241,1035,1473,42,178,3,153,499,3055,39,70,33,234,14,2,2111,0,1,4,0,0,2,6,65,38,94,61,27,8,11,8,7,31,70,71,33,71,14,73,6,32,1,1,0,1,36,0,6,18,11,5,1,235,58,11,7,38,0,2,0,3,5,0,1,30,3
492,405,1184,1249,108,289,457,4402,1282,4242,2837,2081,734,768,467,1211,273,330,756,1529,273,15363,4124,192,616,675,453,1336,4625,860,91,622,582,1059,270,458,626,708,201,328,15176,1003,669,3766,241,4433,1757,63,58,165,3,3,11,12,6,27,15,30,12,73,37,22,16,13,20,20,51,28,84,94,21,46,36,145,45,60,83,9,9,46,60,64,21,33,44,56,114,128,15,47,55,65,201,2,53,20,0,0,40,11
10,1,8,17,5,1,7,505,386,1205,1369,3939,324,118,48,79,187,51,121,1173,498,4124,8571,79,1322,834,875,174,92,169,42,485,3519,265,15,75,97,2347,17,55,131,367,138,6076,599,2195,4015,2,1,234,0,0,2,0,0,1,5,9,2,17,4,2,2,0,2,5,2,5,5,44,8,58,16,127,4,70,185,5,2,10,54,59,1,5,121,31,9,2,7,136,2,25,317,1,48,1,0,0,2,3
0,2,5,10,21,15,51,166,18509,252,125,229,89,25,9,311,99,42,1468,676,309,192,79,7863,2493,103,1714,153,30,83,107,67,96,76,1496,5412,9602,188,7465,210,60,92,88,1019,40,21,73,182,38,39,0,4,1,0,2,6,14,28,16,80,20,8,3,8,3,8,17,13,55,46,20,13,46,61,17,1,19,0,2,22,2,24,5,9,25,4,157,29,3,14,8,3,22,1,5,4,0,3,17,1
0,1,1,6,9,6,13,116,5484,49,28,549,353,58,37,189,9,8,413,2839,31,616,1322,2493,6462,281,14399,57,26,46,14,244,2910,131,62,604,898,1759,211,52,20,57,44,3183,842,99,555,48,12,76,0,0,2,0,1,1,13,16,0,131,4,8,24,13,0,14,12,14,22,370,5,123,69,1067,13,38,456,5,1,15,40,331,1,15,546,25,28,11,20,309,4,16,582,5,78,3,1,0,7,9
15,2,10,67,5,6,16,180,130,34,7,22,29,847,344,194,4,73,111,324,13,675,834,103,281,19795,1051,45,42,170,45,9381,461,4167,11,97,35,7082,54,49,51,86,257,14668,3323,500,2754,13,5,133,0,0,0,0,2,0,0,1,1,5,8,3,2,1,0,4,1,5,3,7,6,121,5,54,5,408,434,16,0,4,309,36,3,3,103,169,4,5,4,203,2,136,1058,16,240,1,0,0,12,12
2,3,6,3,15,27,6,90,5765,27,15,166,232,38,21,69,5,7,136,1591,19,453,875,1714,14399,1051,20012,2632,20,33,2,1041,1166,855,35,269,1778,575,1392,6291,21,23,20,20043,737,195,1235,254,29,31,0,2,1,0,5,2,5,8,0,15,5,1,5,3,3,5,1,3,2,21,2,56,13,113,5,133,341,22,1,4,85,43,3,0,105,75,6,3,9,197,1,128,474,4,85,12,0,2,2,5
106,11,100,27,62,60,21,19,277,34,12,15,16,327,21,29,3,3,8,38,3,1336,174,153,57,45,2632,60459,3164,557,1,82,46,13189,24,12,965,39,1000,14606,551,95,8,2987,35,18905,6407,315,74,29,0,0,1,2,3,2,0,1,1,0,2,0,0,0,0,0,3,1,3,0,1,6,3,3,1,31,47,201,1,3,22,5,3,2,3,177,4,4,0,6,4,661,69,20,25,7,0,0,1,1
1153,143,844,286,787,535,180,32,20,58,19,26,28,11071,149,228,1,2,22,35,9,4625,92,30,26,42,20,3164,98161,12323,22,103,84,481,102,79,116,33,130,163,39549,824,94,160,58,1521,481,121,9760,94,0,5,6,2,4,9,0,2,3,5,11,1,1,1,3,6,25,4,16,10,2,7,6,3,8,4,2,1,5,25,2,1,14,15,4,7,32,62,15,1,22,15,8,0,3,14,3,2,14,5
660,191,857,512,198,201,265,83,21,56,12,68,162,21892,661,877,7,51,81,54,83,860,169,83,46,170,33,557,12323,50619,98,735,671,262,316,259,406,123,222,48,8491,5115,728,197,522,487,1072,61,1761,1517,3,3,8,6,10,26,1,1,12,15,18,5,1,1,24,34,85,8,72,5,7,7,10,8,42,2,4,1,20,51,3,3,44,28,5,6,131,195,24,8,89,8,12,1,6,28,4,3,43,8
8,8,3,354,6,1,16,385,77,244,63,276,1026,456,1168,9362,1642,3351,2145,122,2014,91,42,107,14,45,2,1,22,98,12294,83,363,10,72,293,360,49,92,0,98,180,13090,18,297,5,45,8,7,273,2,0,5,2,0,9,2,1,25,17,30,6,1,0,5,16,39,29,85,17,24,5,25,7,36,1,0,0,10,49,0,3,18,18,2,0,102,89,7,5,56,0,4,0,0,12,4,0,45,8
13,4,9,42,7,4,9,68,67,272,20,39,80,1081,368,118,13,64,63,167,67,622,485,67,244,9381,1041,82,103,735,83,28203,4044,5494,8,50,29,1535,29,194,104,437,272,6123,3650,615,13652,16,10,657,0,0,0,0,0,1,1,1,0,2,6,3,1,1,0,2,2,1,0,7,4,95,4,52,5,457,370,20,1,5,355,30,3,4,90,415,10,3,5,165,1,362,1165,28,264,2,1,0,6,8
2,5,3,40,1,4,10,1512,810,1615,293,5632,5325,381,273,200,467,226,157,6623,970,582,3519,96,2910,461,1166,46,84,671,363,4044,23528,112,24,127,320,4207,10,8,256,1234,725,2416,10009,251,4760,4,0,1626,0,0,0,0,1,2,19,13,3,88,5,4,25,10,1,7,11,12,25,366,8,83,43,699,10,27,196,1,0,15,20,259,2,12,259,8,14,13,9,192,5,6,279,4,41,2,0,0,6,5
29,6,44,39,13,16,7,25,79,38,6,13,12,407,71,36,0,8,22,35,3,1059,265,76,131,4167,855,13189,481,262,10,5494,112,31058,7,50,106,329,167,8148,171,87,55,8600,266,4992,12141,56,21,43,0,0,0,0,0,1,1,0,1,3,0,1,1,0,0,4,0,0,2,2,0,35,0,11,0,201,89,102,0,1,166,8,2,0,13,792,3,4,1,22,6,1429,474,64,150,2,0,0,2,2
33,25,14,194,38,165,1406,9,91,704,47,32,14,726,112,1521,10,1,107,90,241,270,15,1496,62,11,35,24,102,316,72,8,24,7,5068,1572,1539,40,5514,13,241,346,396,60,9,10,21,3296,145,177,17,20,37,13,47,103,0,4,17,7,45,8,2,1,88,89,251,14,116,5,13,19,27,3,34,1,1,0,42,103,2,2,89,130,2,0,386,512,27,1,228,0,1,1,1,110,8,6,138,7
13,6,11,59,9,11,164,115,1787,1202,181,220,67,187,57,2522,82,33,3372,1079,1035,458,75,5412,604,97,269,12,79,259,293,50,127,50,1572,8809,1739,309,2342,16,244,395,925,275,64,21,77,140,21,265,2,2,12,0,6,42,4,26,49,71,80,25,12,9,27,57,147,40,230,34,39,17,60,31,92,1,18,0,16,157,5,15,67,64,13,2,371,330,30,10,143,2,21,1,3,17,3,9,141,12
12,11,8,74,20,53,160,1253,9270,1539,375,583,595,371,109,887,213,179,838,710,1473,626,97,9602,898,35,1778,965,116,406,360,29,320,106,1539,1739,3034,65,7287,479,393,574,972,287,60,55,63,946,40,315,1,2,3,5,18,5,27,63,20,143,25,16,14,17,5,9,30,33,43,51,32,12,69,44,15,4,15,2,3,24,4,20,17,14,7,2,539,54,6,5,24,7,12,1,3,24,2,1,18,4
10,3,0,55,4,3,33,352,343,108,24,389,127,362,138,301,16,31,313,3545,42,708,2347,188,1759,7082,575,39,33,123,49,1535,4207,329,40,309,65,13053,24,11,29,121,219,12071,6930,135,1766,11,0,147,0,1,2,0,0,1,2,1,1,17,3,2,5,2,2,4,5,5,5,51,8,105,12,260,4,65,205,3,1,5,33,93,7,9,213,19,10,6,8,212,4,13,353,3,62,4,0,0,5,2
31,19,56,95,152,1801,1208,7,84,366,55,17,9,472,51,649,3,3,98,30,178,201,17,7465,211,54,1392,1000,130,222,92,29,10,167,5514,2342,7287,24,17152,746,131,150,255,904,12,28,86,9058,352,71,14,17,39,3,36,63,0,3,12,7,29,4,1,0,39,71,151,27,92,2,11,10,18,4,25,1,3,4,24,73,1,4,59,76,3,1,321,316,19,1,135,10,12,2,0,63,5,3,70,10
6,2,10,4,11,16,2,5,320,3,1,1,1,36,2,3,0,1,2,7,3,328,55,210,52,49,6291,14606,163,48,0,194,8,8148,13,16,479,11,746,24752,60,10,6,11372,6,1227,1442,187,21,5,0,0,0,1,4,1,0,0,0,0,1,0,0,0,0,1,0,0,0,0,1,24,1,7,0,79,150,620,0,2,56,0,0,0,2,756,5,0,1,11,10,2803,220,71,86,7,1,0,1,1
483,372,1295,1559,102,319,421,29,24,7595,74,110,51,1119,664,1077,6,18,129,30,153,15176,131,60,20,51,21,551,39549,8491,98,104,256,171,241,244,393,29,131,60,54785,11309,970,119,60,505,427,34,56,1141,1,1,7,5,7,11,1,4,13,8,25,2,4,0,5,19,42,16,46,3,13,5,17,4,37,3,1,0,3,26,3,3,21,23,3,6,79,101,7,2,43,11,4,2,0,15,1,0,28,2
310,339,697,1533,38,116,362,76,31,3561,82,413,277,1346,1674,1690,21,48,129,88,499,1003,367,92,57,86,23,95,824,5115,180,437,1234,87,346,395,574,121,150,10,11309,19740,2500,156,353,319,1024,51,13,9885,1,0,4,11,6,20,1,4,11,5,21,2,2,1,12,19,47,15,64,11,16,9,12,4,32,3,4,2,8,49,0,4,20,14,8,1,117,134,9,3,61,1,11,0,5,13,2,1,34,3
48,46,20,3612,22,6,87,613,95,2738,114,419,1409,2404,8461,10222,207,1365,1508,344,3055,669,138,88,44,257,20,8,94,728,13090,272,725,55,396,925,972,219,255,6,970,2500,31378,84,990,20,195,71,8,15795,7,7,26,2,14,43,4,6,20,21,44,9,0,4,34,66,135,20,133,31,16,31,24,15,42,2,5,1,28,102,1,17,69,84,6,0,265,241,16,7,117,0,14,1,1,33,4,8,86,8
24,3,31,27,17,23,24,115,1088,186,45,137,55,230,76,139,10,24,174,464,39,3766,6076,1019,3183,14668,20043,2987,160,197,18,6123,2416,8600,60,275,287,12071,904,11372,119,156,84,56683,1503,2688,9001,255,56,102,0,5,1,2,3,4,0,7,0,19,22,8,9,4,3,16,5,4,7,29,13,397,24,279,22,1116,1165,77,5,11,784,174,7,7,335,913,8,6,29,581,3,1046,3059,62,657,4,0,0,22,24
12,2,3,64,4,2,7,1590,141,89,25,202,755,1591,1079,259,30,817,161,4119,70,241,599,40,842,3323,737,35,58,522,297,3650,10009,266,9,64,60,6930,12,6,60,353,990,1503,10512,51,1028,5,0,936,0,0,0,0,0,0,2,2,1,17,3,4,13,1,1,12,9,11,6,61,4,104,9,446,5,44,321,3,1,8,31,133,4,9,381,16,10,8,19,316,3,10,556,5,66,1,2,1,4,10
64,8,71,22,27,21,17,174,140,612,159,171,83,184,14,43,7,11,30,213,33,4433,2195,21,99,500,195,18905,1521,487,5,615,251,4992,10,21,55,135,28,1227,505,319,20,2688,51,15499,12180,12,23,92,0,0,0,0,0,1,0,4,2,6,0,0,2,3,1,2,3,3,4,11,0,3,2,13,1,46,33,21,0,2,50,9,1,0,4,197,8,1,1,15,0,348,115,12,39,1,0,0,2,1
35,12,36,51,22,15,18,119,137,1365,202,409,84,943,210,118,34,40,47,345,234,1757,4015,73,555,2754,1235,6407,481,1072,45,13652,4760,12141,21,77,63,1766,86,1442,427,1024,195,9001,1028,12180,38978,26,17,658,1,0,0,0,1,1,1,2,0,9,13,4,1,1,0,3,2,2,3,14,4,84,10,62,3,361,365,77,0,5,306,38,0,3,63,680,5,5,2,169,2,943,1026,61,264,1,0,1,3,2
72,142,193,768,345,3143,4495,0,20,77,4,2,0,489,84,1501,1,2,8,9,14,63,2,182,48,13,254,315,121,61,8,16,4,56,3296,140,946,11,9058,187,34,51,71,255,5,12,26,10326,1360,18,52,174,56,134,373,326,0,0,1,0,17,0,0,0,67,38,116,2,11,3,0,7,5,1,2,0,4,0,9,12,1,0,28,45,0,2,61,322,0,0,68,6,4,0,1,904,11,2,20,1
1610,59,282,120,3346,3364,314,1,1,16,0,0,2,15615,41,90,0,0,0,3,2,58,1,38,12,5,29,74,9760,1761,7,10,0,21,145,21,40,0,352,21,56,13,8,56,0,23,17,1360,11666,2,1,1,0,5,8,6,0,0,0,0,0,0,0,0,1,4,3,0,1,0,0,0,0,1,0,0,1,0,0,0,0,0,0,0,0,1,4,10,0,0,2,0,0,0,0,5,0,0,1,0
7,18,25,278,4,5,89,71,35,2788,73,459,949,2030,8919,874,42,123,158,82,2111,165,234,39,76,133,31,29,94,1517,273,657,1626,43,177,265,315,147,71,5,1141,9885,15795,102,936,92,658,18,2,21581,3,1,1,0,2,4,1,1,7,3,4,0,0,2,6,9,22,4,24,3,6,6,4,5,7,0,8,0,7,16,3,3,14,19,8,0,77,68,3,5,28,0,14,0,2,6,0,3,22,2
2,10,9,49,1,263,60,0,0,1,0,0,1,39,4,26,0,0,0,1,0,3,0,0,0,0,0,0,0,3,2,0,0,0,17,2,1,0,14,0,1,1,7,0,0,0,1,52,1,3,33508,13053,2015,16182,16126,1602,0,5,0,5,190,2,1,0,16883,278,95,1,6,11,3,645,8,4,4,1,1,25,2083,2,4,0,1047,105,4,4,63,211,9,7,33,2,8,26,1,177,12609,376,1032,11
16,54,82,274,7,126,331,2,0,3,0,0,1,55,12,40,0,0,2,2,1,3,0,4,0,0,2,0,5,3,0,0,0,0,20,2,2,1,17,0,1,0,7,5,0,0,0,174,1,1,13053,77416,12497,12455,2678,5927,0,4,2,2,1092,8,0,1,6621,344,97,0,31,7,6,1004,7,5,9,5,2,17,547,12,16,4,543,65,5,3,59,236,15,5,35,0,9,6,6,517,512,225,1693,45
12,26,25,117,5,21,132,2,5,6,2,1,2,86,27,84,0,0,4,6,4,11,2,1,2,0,1,1,6,8,5,0,0,0,37,12,3,2,39,0,7,4,26,1,0,0,0,56,0,1,2015,12497,35743,377,626,7152,5,27,16,38,1042,35,9,4,11685,9721,2486,20,49,110,37,343,37,37,61,17,6,7,421,91,10,22,481,822,38,12,132,355,58,33,81,7,38,2,8,249,524,144,1381,79
11,54,633,215,12,2587,599,2,0,3,0,0,0,30,16,16,0,0,0,1,0,12,0,0,0,0,0,2,2,6,2,0,0,0,13,0,5,0,3,1,5,11,2,2,0,0,0,134,5,0,16182,12455,377,28976,16883,15134,0,0,1,1,307,2,0,0,1347,100,30,1,5,3,1,748,4,0,2,5,1,24,806,4,1,2,713,24,4,1,26,99,9,1,16,2,1,14,1,372,617,267,1252,9
43,131,171,352,14,459,667,1,0,2,1,1,1,104,40,79,0,1,1,1,0,6,0,2,1,2,5,3,4,10,0,0,1,0,47,6,18,0,36,4,7,6,14,3,0,0,1,373,8,2,16126,2678,626,16883,21785,14428,0,0,2,4,91,7,0,1,1240,292,127,1,7,6,6,98,30,32,5,1,42,13,244,4,5,3,170,11,2,1,168,1888,4,4,678,19,45,5,0,3126,3734,54,179,4
37,120,129,509,11,109,607,2,4,18,0,0,3,300,60,219,0,1,5,3,2,27,1,6,1,0,2,2,9,26,9,1,2,1,103,42,5,1,63,1,11,20,43,4,0,1,1,326,6,4,1602,5927,7152,15134,14428,31736,1,11,14,44,866,29,3,3,1229,302,2761,14,81,57,44,259,105,48,63,10,5,5,179,29,10,22,211,122,10,8,466,2721,8,21,169,3,28,7,8,2065,184,69,749,39
0,0,0,1,0,0,0,229,405,4,6,14,76,1,3,8,12,16,17,102,6,15,5,14,13,0,5,0,0,1,2,1,19,1,0,4,27,2,0,0,1,1,4,0,2,0,1,0,0,1,0,0,5,0,0,1,4538,8830,296,792,14,84,503,9559,7,67,36,1569,110,5359,49,85,167,142,61,26,6,4,4,494,11,1677,20,65,229,3,382,9,128,20,5,1,27,9,18,0,4,2,15,23
0,0,0,1,0,0,2,238,511,21,24,33,45,1,0,27,36,36,42,56,65,30,9,28,16,1,8,1,2,1,1,1,13,0,4,26,63,1,3,0,4,4,6,7,2,4,2,0,0,1,5,4,27,0,0,11,8830,29518,6274,4830,384,1311,413,2828,59,341,263,11960,896,5228,532,696,266,198,114,30,18,13,19,2133,37,623,54,367,276,16,1263,30,211,59,14,8,114,55,91,2,3,3,63,39
0,0,1,4,0,0,2,19,46,50,8,11,7,4,4,40,5,8,55,7,38,12,2,16,0,1,0,1,3,12,25,0,3,1,17,49,20,1,12,0,13,11,20,0,1,2,0,1,0,7,0,2,16,1,2,14,296,6274,7502,3615,565,513,114,163,26,71,761,4015,3926,893,483,276,58,99,251,5,4,4,10,4093,13,119,18,167,40,5,312,40,31,22,44,3,32,9,23,3,2,2,48,32
1,1,0,8,0,1,2,658,1539,61,44,112,227,14,7,47,49,59,101,460,94,73,17,80,131,5,15,0,5,15,17,2,88,3,7,71,143,17,7,0,8,5,21,19,17,6,9,0,0,3,5,2,38,1,4,44,792,4830,3615,51764,543,1375,727,1101,21,71,397,1083,4638,5924,808,767,17239,8636,162,28,1295,17,4,309,58,885,12,181,132,35,5469,401,32,110,88,57,442,73,153,14,3,2,58,37
1,0,3,12,0,1,20,22,44,71,24,8,9,23,10,72,7,14,80,12,61,37,4,20,4,8,5,2,11,18,30,6,5,0,45,80,25,3,29,1,25,21,44,22,3,0,13,17,0,4,190,1092,1042,307,91,866,14,384,565,543,31258,4389,1396,163,697,2196,1338,280,1419,145,3388,1774,474,54,1041,122,101,79,218,392,258,304,301,2192,121,138,766,830,1715,70,355,26,354,373,512,58,43,36531,42178,6762
0,1,1,2,0,0,1,31,62,20,13,15,10,4,0,25,8,19,25,20,27,22,2,8,8,3,1,0,1,5,6,3,4,1,8,25,16,2,4,0,2,2,9,8,4,0,4,0,0,0,2,8,35,2,7,29,84,1311,513,1375,4389,10007,10296,736,20,74,256,1391,912,326,8854,6798,441,144,729,18,55,21,12,187,77,904,20,125,28,52,320,181,78,35,68,15,189,222,530,8,2,1,243,326
0,0,0,2,1,0,0,90,124,10,7,17,45,3,0,8,2,5,10,119,8,16,2,3,24,2,5,0,1,1,1,1,25,1,2,12,14,5,1,0,4,2,0,9,13,2,1,0,0,0,1,0,9,0,0,3,503,413,114,727,1396,10296,16285,7461,12,35,68,6891,246,587,6223,5707,252,601,878,23,88,19,6,209,69,4767,19,43,44,55,162,59,140,18,18,8,142,162,1018,2,1,2,131,299
0,0,0,0,0,0,0,112,198,4,3,10,45,5,1,4,6,3,8,73,11,13,0,8,13,1,3,0,1,1,0,1,10,0,1,9,17,2,0,0,0,1,4,4,1,3,1,0,0,2,0,1,4,0,1,3,9559,2828,163,1101,163,736,7461,20150,4,40,47,15433,108,1510,939,731,144,224,424,11,39,7,1,475,38,4588,15,50,51,13,194,11,170,11,13,6,54,31,208,3,0,0,40,85
16,29,25,107,5,14,122,9,7,24,1,2,2,134,22,140,0,0,5,4,8,20,2,3,0,0,3,0,3,24,5,0,1,0,88,27,5,2,39,0,5,12,34,3,1,1,0,67,1,6,16883,6621,11685,1347,1240,1229,7,59,26,21,697,20,12,4,37850,16927,484,13,48,203,14,434,14,27,54,63,13,28,6367,163,36,31,17813,1203,126,28,412,548,181,116,209,9,93,28,29,231,12371,429,1632,191
15,14,12,65,4,11,83,12,15,43,2,3,6,112,19,134,0,1,8,24,7,20,5,8,14,4,5,0,6,34,16,2,7,4,89,57,9,4,71,1,19,19,66,16,12,2,3,38,4,9,278,344,9721,100,292,302,67,341,71,71,2196,74,35,40,16927,36650,1282,94,176,863,93,548,47,118,622,333,58,83,1164,1106,280,256,7915,6799,938,203,555,447,5670,565,250,32,369,29,127,146,483,212,5448,6229
37,44,35,187,7,23,235,17,38,98,5,5,17,331,50,370,2,4,38,41,31,51,2,17,12,1,1,3,25,85,39,2,11,0,251,147,30,5,151,0,42,47,135,5,9,3,2,116,3,22,95,97,2486,30,127,2761,36,263,761,397,1338,256,68,47,484,1282,17543,403,5296,767,345,236,293,378,618,9,23,15,129,6312,20,128,382,4505,72,15,1015,3509,125,122,328,3,238,16,32,679,77,47,708,160
0,2,2,2,0,0,4,63,94,55,13,31,13,11,6,48,14,22,53,32,70,28,5,13,14,5,3,1,4,8,29,1,12,0,14,40,33,5,27,0,16,15,20,4,11,3,2,2,0,4,1,0,20,1,1,14,1569,11960,4015,1083,280,1391,6891,15433,13,94,403,17831,1293,804,8386,1075,279,131,3213,52,39,11,5,5325,119,2499,15,187,651,32,305,88,343,60,43,6,73,59,497,2,3,4,58,121
3,1,3,8,1,0,26,46,103,140,38,14,18,41,13,246,8,24,158,65,71,84,5,55,22,3,2,3,16,72,85,0,25,2,116,230,43,5,92,0,46,64,133,7,6,4,3,11,1,24,6,31,49,5,7,81,110,896,3926,4638,1419,912,246,108,48,176,5296,1293,10817,1455,1378,460,6370,796,1718,17,55,6,68,4259,31,253,221,275,103,14,2002,4071,289,82,218,14,225,24,72,22,12,27,719,346
3,1,1,6,0,0,4,771,1429,20,28,123,539,22,5,57,16,21,55,1112,33,94,44,46,370,7,21,0,10,5,17,7,366,2,5,34,51,51,2,0,3,11,31,29,61,11,14,3,0,3,11,7,110,3,6,57,5359,5228,893,5924,145,326,587,1510,203,863,767,804,1455,37374,110,648,511,7907,262,71,285,16,74,2635,113,4591,238,1142,4930,34,780,246,793,3053,25,13,1775,43,173,10,20,13,150,107
0,2,1,3,0,0,3,37,57,62,39,28,6,5,1,37,20,22,78,23,71,21,8,20,5,6,2,1,2,7,24,4,8,0,13,39,32,8,11,1,13,16,16,13,4,0,4,0,0,6,3,6,37,1,6,44,49,532,483,808,3388,8854,6223,939,14,93,345,8386,1378,110,19207,1895,657,92,16979,82,72,49,7,1637,205,916,48,102,51,108,535,340,390,30,146,12,190,230,644,6,2,13,765,4448
0,2,3,11,0,5,19,47,79,18,4,21,25,20,9,39,4,11,17,142,14,46,58,13,123,121,56,6,7,7,5,95,83,35,19,17,12,105,10,24,5,9,31,397,104,3,84,7,0,6,645,1004,343,748,98,259,85,696,276,767,1774,6798,5707,731,434,548,236,1075,460,648,1895,46361,235,1866,766,593,1791,2911,4111,204,1185,7932,478,330,759,1803,246,240,426,665,111,605,4416,10367,10279,42,93,5135,3493,521
1,0,3,5,2,2,3,211,485,73,25,40,91,17,3,62,21,12,76,200,73,36,16,46,69,5,13,3,6,10,25,4,43,0,27,60,69,12,18,1,17,12,24,24,9,2,10,5,0,4,8,7,37,4,30,105,167,266,58,17239,474,441,252,144,14,47,293,279,6370,511,657,235,8848,2754,288,31,782,15,11,110,45,228,42,60,84,31,10647,3296,58,34,1853,155,583,11,66,144,21,9,185,89
2,0,1,5,0,1,3,418,774,8,16,159,471,18,15,39,5,8,46,1606,6,145,127,61,1067,54,113,3,3,8,7,52,699,11,3,31,44,260,4,7,4,4,15,279,446,13,62,1,1,5,4,5,37,0,32,48,142,198,99,8636,54,144,601,224,27,118,378,131,796,7907,92,1866,2754,24387,158,220,11145,40,5,164,353,4687,19,275,1557,174,981,388,192,1059,763,1388,3979,67,901,217,21,1,63,58
0,2,1,6,0,1,8,20,29,63,7,8,10,25,3,107,3,17,86,38,32,45,4,17,13,5,5,1,8,42,36,5,10,0,34,92,15,4,25,0,37,32,42,22,5,1,3,2,0,7,4,9,61,2,5,63,61,114,251,162,1041,729,878,424,54,622,618,3213,1718,262,16979,766,288,158,24634,197,80,50,38,9674,405,1396,219,2327,720,176,791,695,8385,149,305,13,200,137,605,10,4,26,1307,9115
0,0,0,0,0,0,0,2,9,1,0,3,1,5,2,3,0,0,1,16,1,60,70,1,38,408,133,31,4,2,1,457,27,201,1,1,4,65,1,79,3,3,2,1116,44,46,361,0,0,0,1,5,17,5,1,10,26,30,5,28,122,18,23,11,63,333,9,52,17,71,82,593,31,220,197,18527,957,75,55,135,6991,1310,229,118,5086,4861,25,13,528,7384,29,320,12389,137,744,17,10,6,338,319
1,1,1,1,0,1,1,28,118,8,1,23,39,9,8,7,0,3,7,220,1,83,185,19,456,434,341,47,2,4,0,370,196,89,1,18,15,205,3,150,1,4,5,1165,321,33,365,4,1,8,1,2,6,1,42,5,6,18,4,1295,101,55,88,39,13,58,23,39,55,285,72,1791,782,11145,80,957,17375,761,11,29,932,1111,26,22,875,694,720,107,82,690,829,6990,11579,98,1290,335,29,4,82,63
1,0,0,0,0,1,0,1,1,0,0,0,0,0,0,2,0,0,0,1,0,9,5,0,5,16,22,201,1,1,0,20,1,102,0,0,2,3,4,620,0,2,1,77,3,21,77,0,0,0,25,17,7,24,13,5,4,13,4,17,79,21,19,7,28,83,15,11,6,16,49,2911,15,40,50,75,761,48517,2181,13,125,50,132,27,116,10229,71,4,109,105,46,13764,460,20215,1253,31,23,282,148,115
2,7,4,19,1,5,35,1,1,12,1,2,1,34,7,45,1,0,8,5,1,9,2,2,1,0,1,1,5,20,10,1,0,0,42,16,3,1,24,0,3,8,28,5,1,0,0,9,0,7,2083,547,421,806,244,179,4,19,10,4,218,12,6,1,6367,1164,129,5,68,74,7,4111,11,5,38,55,11,2181,146887,41,32,22,25574,217,105,136,289,227,95,57,137,79,43,1208,37,55,16275,35811,2664,191
2,1,0,9,1,2,16,23,57,73,13,11,13,52,18,162,1,11,80,52,36,46,10,22,15,4,4,3,25,51,49,5,15,1,103,157,24,5,73,2,26,49,102,11,8,2,5,12,0,16,2,12,91,4,4,29,494,2133,4093,309,392,187,209,475,163,1106,6312,5325,4259,2635,1637,204,110,164,9674,135,29,13,41,10716,127,733,92,5105,1083,59,541,307,2181,256,174,8,168,23,94,19,16,14,211,116
1,0,1,0,0,0,1,2,9,1,0,1,5,3,0,0,0,1,2,19,0,60,54,2,40,309,85,22,2,3,0,355,20,166,2,5,4,33,1,56,3,0,1,784,31,50,306,1,0,3,4,16,10,1,5,10,11,37,13,58,258,77,69,38,36,280,20,119,31,113,205,1185,45,353,405,6991,932,125,32,127,10088,3979,161,80,3645,5168,47,19,599,945,31,459,6403,601,9273,14,7,9,467,565
0,0,0,3,0,0,2,312,462,4,15,75,304,13,1,28,6,7,27,802,6,64,59,24,331,36,43,5,1,3,3,30,259,8,2,15,20,93,4,0,3,4,17,174,133,9,38,0,0,3,0,4,22,2,3,22,1677,623,119,885,304,904,4767,4588,31,256,128,2499,253,4591,916,7932,228,4687,1396,1310,1111,50,22,733,3979,30940,118,250,17915,567,193,78,1066,1349,27,40,3328,188,5610,10,6,9,291,609
4,8,3,40,3,6,42,4,7,39,2,0,2,100,11,151,1,0,19,9,18,21,1,5,1,3,3,3,14,44,18,3,2,2,89,67,17,7,59,0,21,20,69,7,4,1,0,28,0,14,1047,543,481,713,170,211,20,54,18,12,301,20,19,15,17813,7915,382,15,221,238,48,478,42,19,219,229,26,132,25574,92,161,118,71661,454,382,117,815,737,953,279,367,24,118,83,80,101,4247,12984,19976,2209
11,15,13,72,2,7,100,30,44,36,5,6,12,138,21,170,1,2,16,51,11,33,5,9,15,3,0,2,15,28,18,4,12,0,130,64,14,9,76,0,23,14,84,7,9,0,3,45,0,19,105,65,822,24,11,122,65,367,167,181,2192,125,43,50,1203,6799,4505,187,275,1142,102,330,60,275,2327,118,22,27,217,5105,80,250,454,13005,481,61,460,251,3868,346,240,16,325,8,65,148,123,86,1575,398
0,0,0,1,0,0,0,48,94,10,3,48,80,12,6,10,4,4,8,455,5,44,121,25,546,103,105,3,4,5,2,90,259,13,2,13,7,213,3,2,3,8,6,335,381,4,63,0,0,8,4,5,38,4,2,10,229,276,40,132,121,28,44,51,126,938,72,651,103,4930,51,759,84,1557,720,5086,875,116,105,1083,3645,17915,382,481,13106,1084,71,40,1741,6545,21,67,3005,53,1172,11,17,22,472,633
1,0,1,0,0,0,0,1,10,1,2,2,3,4,0,0,0,0,2,13,1,56,31,4,25,169,75,177,7,6,0,415,8,792,0,2,2,19,1,756,6,1,0,913,16,197,680,2,1,0,4,3,12,1,1,8,3,16,5,35,138,52,55,13,28,203,15,32,14,34,108,1803,31,174,176,4861,694,10229,136,59,5168,567,117,61,1084,29941,25,10,310,876,32,6627,7379,13156,10288,23,13,36,241,266
10,13,13,66,9,11,110,360,1236,284,56,125,73,206,38,381,99,64,129,70,235,114,9,157,28,4,6,4,32,131,102,10,14,3,386,371,539,10,321,5,79,117,265,8,10,8,5,61,4,77,63,59,132,26,168,466,382,1263,312,5469,766,320,162,194,412,555,1015,305,2002,780,535,246,10647,981,791,25,720,71,289,541,47,193,815,460,71,25,4118,5222,256,30,6638,443,263,16,47,1636,114,46,934,263
63,97,72,446,19,50,649,9,37,209,15,18,8,726,108,815,2,6,90,37,58,128,2,29,11,5,3,4,62,195,89,3,13,4,512,330,54,6,316,0,101,134,241,6,8,1,5,322,10,68,211,236,355,99,1888,2721,9,30,40,401,830,181,59,11,548,447,3509,88,4071,246,340,240,3296,388,695,13,107,4,227,307,19,78,737,251,40,10,5222,19858,192,23,8006,32,180,15,26,7236,231,74,1035,313
0,1,0,5,0,0,2,7,12,24,6,4,7,27,5,44,1,2,14,27,11,15,7,3,20,4,9,0,15,24,7,5,9,1,27,30,6,8,19,1,7,9,16,29,19,1,2,0,0,3,9,15,58,9,4,8,128,211,31,32,1715,78,140,170,181,5670,125,343,289,793,390,426,58,192,8385,528,82,109,95,2181,599,1066,953,3868,1741,310,256,192,28070,601,108,31,301,88,482,5,21,50,3742,11833
0,0,0,4,0,1,0,19,47,4,5,17,31,13,11,3,2,3,10,203,7,47,136,14,309,203,197,6,1,8,5,165,192,22,1,10,5,212,1,11,2,3,7,581,316,15,169,0,0,5,7,5,33,1,4,21,20,59,22,110,70,35,18,11,116,565,122,60,82,3053,30,665,34,1059,149,7384,690,105,57,256,945,1349,279,346,6545,876,30,23,601,18241,20,133,20316,36,690,10,18,10,246,206
5,11,9,101,5,8,117,5,18,102,4,1,6,244,31,310,1,5,47,6,38,55,2,8,4,2,1,4,22,89,56,1,5,6,228,143,24,4,135,10,43,61,117,3,3,0,2,68,2,28,33,35,81,16,678,169,5,14,44,88,355,68,18,13,209,250,328,43,218,25,146,111,1853,763,305,29,829,46,137,174,31,27,367,240,21,32,6638,8006,108,20,20992,505,421,6,32,12032,371,33,478,114
2,0,0,0,0,0,2,0,7,1,0,0,0,7,0,0,0,0,0,5,0,65,25,3,16,136,128,661,15,8,0,362,6,1429,0,2,7,13,10,2803,11,1,0,1046,10,348,943,6,0,0,2,0,7,2,19,3,1,8,3,57,26,15,8,6,9,32,3,6,14,13,12,605,155,1388,13,320,6990,13764,79,8,459,40,24,16,67,6627,443,32,31,133,505,36642,8225,1947,1398,252,18,14,39,12
0,0,2,7,0,1,0,43,108,11,8,33,50,30,14,10,1,4,19,300,2,201,317,22,582,1058,474,69,8,12,4,1165,279,474,1,21,12,353,12,220,4,11,14,3059,556,115,1026,4,0,14,8,9,38,1,45,28,27,114,32,442,354,189,142,54,93,369,238,73,225,1775,190,4416,583,3979,200,12389,11579,460,43,168,6403,3328,118,325,3005,7379,263,180,301,20316,421,8225,48129,717,5779,209,37,13,287,251
0,0,0,1,0,0,1,3,3,0,0,3,1,0,0,1,0,0,1,3,0,2,1,1,5,16,4,20,0,1,0,28,4,64,1,1,1,3,2,71,2,0,1,62,5,12,61,0,0,0,26,6,2,14,5,7,9,55,9,73,373,222,162,31,28,29,16,59,24,43,230,10367,11,67,137,137,98,20215,1208,23,601,188,83,8,53,13156,16,15,88,36,6,1947,717,23951,9399,1,17,291,192,151
1,0,1,0,0,0,1,10,9,4,1,12,13,6,2,5,0,1,7,54,3,53,48,5,78,240,85,25,3,6,0,264,41,150,1,3,3,62,0,86,0,5,1,657,66,39,264,1,0,2,1,6,8,1,0,8,18,91,23,153,512,530,1018,208,29,127,32,497,72,173,644,10279,66,901,605,744,1290,1253,37,94,9273,5610,80,65,1172,10288,47,26,482,690,32,1398,5779,9399,19489,9,2,10,345,530
90,292,342,1192,13,341,1493,1,2,21,2,0,1,315,75,291,0,0,5,1,5,20,1,4,3,1,12,7,14,28,12,2,2,2,110,17,24,4,63,7,15,13,33,4,1,1,1,904,5,6,177,517,249,372,3126,2065,0,2,3,14,58,8,2,3,231,146,679,2,22,10,6,42,144,217,10,17,335,31,55,19,14,10,101,148,11,23,1636,7236,5,10,12032,252,209,1,9,12031,1048,13,101,9
2,4,4,19,1,5,15,1,0,3,0,0,0,15,2,18,0,0,3,2,0,0,0,0,1,0,0,0,3,4,4,1,0,0,8,3,2,0,5,1,1,2,4,0,2,0,0,11,0,0,12609,512,524,617,3734,184,4,3,2,3,43,2,1,0,12371,483,77,3,12,20,2,93,21,21,4,10,29,23,16275,16,7,6,4247,123,17,13,114,231,21,18,371,18,37,17,2,1048,35147,478,967,18
0,0,0,5,0,3,6,0,0,2,1,0,0,10,0,15,0,0,0,0,1,0,0,3,0,0,2,0,2,3,0,0,0,0,6,9,1,0,3,0,0,1,8,0,1,0,1,2,0,3,376,225,144,267,54,69,2,3,2,2,36531,1,2,0,429,212,47,4,27,13,13,5135,9,1,26,6,4,282,35811,14,9,9,12984,86,22,36,46,74,50,10,33,14,13,291,10,13,478,61047,6682,157
3,6,3,28,3,14,33,6,9,63,6,2,0,76,9,137,4,9,45,9,30,40,2,17,7,12,2,1,14,43,45,6,6,2,138,141,18,5,70,1,28,34,86,22,4,2,3,20,1,22,1032,1693,1381,1252,179,749,15,63,48,58,42178,243,131,40,1632,5448,708,58,719,150,765,3493,185,63,1307,338,82,148,2664,211,467,291,19976,1575,472,241,934,1035,3742,246,478,39,287,192,345,101,967,6682,36033,13421
0,1,0,0,1,0,3,3,5,14,3,4,2,6,1,18,0,1,14,8,3,11,3,1,9,12,5,1,5,8,8,8,5,2,7,12,4,2,10,1,2,3,8,24,10,1,2,1,0,2,11,45,79,9,4,39,23,39,32,37,6762,326,299,85,191,6229,160,121,346,107,4448,521,89,58,9115,319,63,115,191,116,565,609,2209,398,633,266,263,313,11833,206,114,12,251,151,530,9,18,157,13421,17922
