21970,3900,6712,2978,11101,6800,1760,3,1,86,2,3,1,18847,428,160,2,3,8,5,3,930,7,2,9,9,1,5,1165,1565,20,11,2,6,81,30,21,21,19,0,564,90,79,8,13,3,4,104,2456,7,29,80,31,63,46,152,1,1,0,2,4,0,0,0,30,5,57,0,5,0,1,4,2,2,3,0,0,0,0,0,0,1,1,8,0,1,3,39,1,0,11,0,2,0,0,57,5,3,3,1
3900,13873,8714,24946,663,1540,1480,0,2,219,1,1,0,3613,728,290,0,0,4,6,5,643,0,3,8,7,3,0,320,701,30,2,6,5,112,29,16,12,71,1,421,179,83,9,5,2,2,137,154,19,49,124,71,42,72,215,1,0,3,2,4,0,0,0,61,13,110,1,6,2,1,2,0,2,4,0,3,0,3,8,0,0,4,19,0,0,2,77,6,1,13,0,0,0,0,100,13,3,4,0
6712,8714,27123,10961,5415,8776,18976,3,6,530,2,3,2,1058,130,979,2,2,9,5,6,1056,2,5,22,15,6,6,497,1073,62,8,11,3,267,65,50,22,100,0,728,344,137,19,5,2,1,393,224,33,388,967,218,2609,414,2849,0,0,2,4,23,0,0,0,181,26,231,1,12,2,1,9,3,4,5,0,5,1,13,14,0,2,15,46,1,0,11,227,9,3,61,1,3,0,0,273,48,5,22,1
2978,24946,10961,51892,716,3351,11127,57,70,1827,41,33,19,8298,5992,10643,17,36,132,152,34,1733,63,29,247,117,27,16,758,2068,456,59,69,83,657,500,132,328,204,5,1260,1041,1378,151,60,5,18,378,470,104,168,332,247,124,199,703,4,3,11,28,32,3,3,1,205,45,299,3,53,6,8,17,20,21,17,5,7,0,17,29,1,16,21,48,11,3,24,273,17,11,49,2,15,1,1,311,48,6,21,16
11101,663,5415,716,17688,24231,2289,5,3,38,0,2,1,4846,172,119,0,0,1,10,0,244,2,6,5,15,32,3,578,470,7,11,7,8,136,23,38,12,139,4,112,32,40,18,13,3,3,499,4109,3,11,36,11,263,25,94,0,0,1,1,1,1,0,1,15,6,20,0,9,0,0,3,1,2,1,0,1,0,1,2,0,1,1,5,1,0,2,20,1,0,4,0,1,0,0,38,5,0,1,0
6800,1540,8776,3351,24231,17728,20036,1,9,104,3,1,0,2004,368,448,2,0,4,9,6,157,5,26,19,2,71,6,172,190,13,6,3,7,2062,72,96,12,826,22,88,41,75,41,3,0,3,4929,3229,4,167,263,104,1273,194,643,0,3,4,3,5,0,0,0,64,13,87,0,9,2,2,3,4,7,3,0,1,0,6,4,0,2,7,16,3,1,3,93,1,1,17,2,4,0,0,153,33,3,6,1
1760,1480,18976,11127,2289,20036,25373,9,8,712,12,16,0,612,164,2885,6,3,13,17,14,493,17,52,61,20,22,2,149,314,45,10,20,14,2429,152,157,48,708,2,280,287,98,53,7,2,3,1581,161,33,227,721,265,1714,345,2317,0,0,1,11,26,1,0,0,230,44,298,5,36,4,4,13,15,4,11,0,9,0,12,16,1,4,31,55,6,0,22,293,10,4,47,3,8,0,0,429,58,11,23,7
3,0,3,57,5,1,9,42719,6636,141,1193,1052,9089,434,353,488,4189,6070,1430,6194,252,2278,501,182,861,156,243,35,120,408,1110,113,1820,59,11,40,1293,798,8,7,40,38,612,186,1268,193,130,3,57,131,1,0,6,0,0,2,283,339,91,1791,27,28,76,147,10,7,32,123,69,393,60,45,236,632,13,7,23,1,3,15,5,150,7,11,111,3,104,14,5,30,4,1,41,4,5,1,3,2,8,4
1,2,6,70,3,9,8,6636,47226,237,929,1755,1275,89,52,370,1141,302,4432,4871,568,1482,490,10554,6998,92,4328,58,40,58,199,117,697,66,79,673,8609,243,365,56,17,30,143,497,121,172,188,85,17,13,4,7,14,3,6,18,662,1216,376,5875,137,131,190,386,26,19,115,506,296,754,317,150,700,1275,86,26,112,2,11,64,5,301,24,16,238,9,384,38,26,52,9,12,83,9,8,7,4,7,15,15
86,219,530,1827,38,104,712,141,237,43077,4067,6518,91,271,228,3428,376,138,1268,99,5849,6325,876,47,243,129,50,253,196,480,1315,1176,1363,100,588,1334,405,88,273,17,13820,10467,4506,401,152,307,861,191,54,5033,14,11,18,9,9,39,8,33,94,196,138,16,5,8,37,34,252,27,353,8,100,43,131,30,123,17,19,2,18,84,10,21,50,27,58,5,73,171,55,19,54,10,27,5,5,30,15,26,54,32
2,1,2,41,0,3,12,1193,929,4067,5290,12984,207,30,22,579,760,159,1232,154,2492,3523,2166,37,128,52,27,40,42,77,382,132,529,28,27,200,195,31,34,4,32,140,482,189,34,224,325,5,6,47,0,4,3,1,1,1,4,45,55,198,31,11,7,7,6,3,29,29,69,6,38,12,33,11,24,6,3,0,0,18,3,9,8,2,16,2,22,14,6,3,8,2,15,1,0,1,1,1,12,6
3,1,3,33,2,1,16,1052,1755,6518,12984,37791,8491,40,11,285,8954,229,703,733,11649,3210,5540,86,1405,59,149,42,95,283,789,294,9008,38,38,173,544,131,33,2,165,691,1175,363,85,266,520,6,5,110,5,1,4,1,1,7,35,68,72,483,58,16,17,16,7,10,55,54,175,51,48,32,66,105,55,11,28,0,4,32,3,40,19,4,63,1,46,28,9,17,9,3,31,0,3,6,2,7,15,11
1,0,2,19,1,0,0,9089,1275,91,207,8491,26597,56,47,93,6990,1279,137,1920,669,389,207,55,792,14,171,7,27,130,395,172,8131,11,3,16,414,59,3,1,21,67,376,52,827,37,54,1,3,100,0,0,4,0,0,2,131,99,14,474,7,6,15,46,3,0,18,28,17,131,14,15,56,264,2,2,11,0,1,2,1,76,0,4,64,1,28,3,3,10,2,1,14,1,0,0,0,1,1,1
18847,3613,1058,8298,4846,2004,612,434,89,271,30,40,56,75898,18724,1120,29,178,223,249,50,821,120,13,135,582,42,251,7001,48583,771,717,150,469,341,321,208,677,239,33,784,991,3383,282,1180,18,176,153,17632,2222,63,85,72,22,51,184,8,2,10,20,38,2,3,5,124,109,402,2,58,18,5,31,17,46,16,29,30,0,19,25,5,20,35,142,34,3,17,231,62,16,91,6,43,4,5,97,44,9,22,16
428,728,130,5992,172,368,164,353,52,228,22,11,47,18724,11301,918,25,263,186,155,24,434,23,8,69,121,14,28,609,3534,1180,137,63,41,71,103,38,264,31,2,411,593,9398,59,518,2,23,29,462,2807,19,18,18,4,17,42,1,1,3,9,6,2,1,2,25,8,63,1,15,7,2,4,3,16,5,3,9,0,6,11,2,4,12,13,11,0,5,35,4,8,11,2,9,0,0,24,11,5,1,1
160,290,979,10643,119,448,2885,488,370,3428,579,285,93,1120,918,28801,206,1970,6961,523,437,1026,81,52,629,101,29,25,413,826,15924,97,145,47,1906,4796,402,331,266,3,566,565,5474,154,140,10,19,364,130,134,78,144,114,43,78,292,12,12,67,111,95,9,13,10,186,129,576,17,315,17,60,43,112,29,130,10,11,3,36,99,0,17,84,155,23,2,56,466,164,11,128,2,17,2,2,159,56,33,66,62
2,0,2,17,0,2,6,4189,1141,376,760,8954,6990,29,25,206,12358,1164,551,39,6235,360,193,68,44,11,12,5,13,94,1912,72,794,4,12,44,321,10,2,0,29,111,268,22,69,34,62,1,0,30,1,1,3,0,0,0,16,111,80,493,19,11,14,27,5,2,16,73,42,20,42,18,61,12,12,6,3,1,1,8,0,8,2,1,9,0,33,10,4,1,5,0,5,0,1,0,0,1,3,1
3,0,2,36,0,0,3,6070,302,138,159,229,1279,178,263,1970,1164,3989,3027,243,190,102,38,8,39,43,13,2,53,233,3158,158,453,8,5,41,103,77,10,0,30,42,954,4,1161,11,19,1,16,123,1,0,2,0,0,4,5,49,47,214,42,17,4,8,2,1,38,39,58,5,50,16,41,13,26,2,4,0,4,19,1,18,11,4,14,0,23,12,8,3,2,0,6,0,0,2,1,3,10,9
8,4,9,132,1,4,13,1430,4432,1268,1232,703,137,223,186,6961,551,3027,13820,1100,928,868,189,813,1351,78,77,14,130,184,3522,68,236,54,34,2105,872,400,174,8,129,112,907,365,134,38,67,20,27,57,10,10,37,4,11,32,19,98,227,601,347,51,32,21,59,39,381,99,734,42,269,84,327,70,347,14,20,2,49,187,4,61,135,36,84,5,184,338,133,22,101,4,26,4,12,21,22,56,157,91
5,6,5,152,10,9,17,6194,4871,99,154,733,1920,249,155,523,39,243,1100,27550,43,1000,767,38,3980,282,1001,28,78,262,419,176,6384,115,70,291,212,4312,17,7,40,60,396,523,3096,115,143,9,21,81,3,0,6,1,2,2,163,85,23,496,18,14,138,103,17,12,32,20,70,572,19,94,138,1777,12,27,263,2,1,18,9,840,6,10,811,9,19,16,22,226,6,6,254,2,4,1,3,1,6,4
3,5,6,34,0,6,14,252,568,5849,2492,11649,669,50,24,437,6235,190,928,43,16621,455,494,53,100,14,10,17,42,381,3256,220,965,22,47,273,525,26,72,1,238,1191,7548,66,100,41,164,7,6,887,4,5,13,1,4,13,7,61,114,355,92,21,7,12,16,17,89,72,237,9,80,37,94,15,81,3,2,1,16,53,2,13,23,6,32,1,58,63,31,5,19,0,8,0,3,3,7,9,28,16
930,643,1056,1733,244,157,493,2278,1482,6325,3523,3210,389,821,434,1026,360,102,868,1000,455,16133,4369,62,1205,591,352,2392,5250,1020,916,800,498,1772,224,601,269,425,226,343,12928,1257,1137,2529,309,6317,1273,120,96,117,17,17,23,13,19,42,27,31,24,149,67,8,14,11,42,85,309,17,149,53,24,39,80,151,79,103,92,18,14,55,42,49,49,116,96,70,33,219,144,60,85,94,131,12,22,34,13,17,38,51
7,0,2,63,2,5,17,501,490,876,2166,5540,207,120,23,81,193,38,189,767,494,4369,13339,145,2402,1494,1260,235,205,252,142,1814,6070,561,36,117,83,1165,47,81,73,157,308,6701,601,3714,5854,17,22,50,0,0,2,2,0,1,12,12,4,80,5,1,19,2,6,10,13,7,16,33,13,73,24,187,7,238,228,11,2,9,78,143,11,5,297,42,1,8,12,219,3,63,376,5,32,3,4,0,2,5
2,3,5,29,6,26,52,182,10554,47,37,86,55,13,8,52,68,8,813,38,53,62,145,6082,1243,25,1663,41,12,12,25,38,108,64,307,4229,4508,54,3542,91,7,11,28,420,29,12,50,198,20,3,3,7,9,5,3,13,27,132,130,639,73,33,24,29,13,12,74,93,165,37,83,40,141,73,45,16,36,2,7,36,4,34,21,10,66,7,63,35,14,48,18,10,46,2,3,9,4,4,27,7
9,8,22,247,5,19,61,861,6998,243,128,1405,792,135,69,629,44,39,1351,3980,100,1205,2402,1243,12914,181,9311,98,104,267,227,326,4808,155,234,1163,542,924,155,71,62,124,247,2323,497,180,343,56,21,55,5,7,13,1,3,12,285,94,20,924,7,18,242,158,29,39,64,21,76,928,8,160,183,3109,14,82,574,5,7,20,12,1343,20,29,1602,16,19,31,50,483,10,24,532,4,22,10,10,2,8,8
9,7,15,117,15,2,20,156,92,129,52,59,14,582,121,101,11,43,78,282,14,591,1494,25,181,24401,280,270,193,515,101,12588,204,4681,30,77,29,5599,35,87,66,67,173,10077,2859,365,1896,11,141,84,1,0,2,0,2,2,1,6,1,21,7,2,8,1,5,7,7,1,12,3,5,159,25,77,6,1288,629,58,2,2,520,137,12,0,189,223,7,15,12,259,7,293,1202,33,204,6,0,1,4,8
1,3,6,27,32,71,22,243,4328,50,27,149,171,42,14,29,12,13,77,1001,10,352,1260,1663,9311,280,20164,864,34,56,26,453,1246,512,73,312,1314,682,1701,5257,15,35,44,10646,601,137,530,1131,71,18,2,11,6,5,8,18,19,11,5,152,12,5,31,17,21,32,21,3,28,106,10,212,48,606,14,515,972,110,8,11,134,356,19,10,663,191,15,20,29,588,12,428,1115,18,62,40,2,1,11,8
5,0,6,16,3,6,2,35,58,253,40,42,7,251,28,25,5,2,14,28,17,2392,235,41,98,270,864,62842,1228,267,22,282,96,12720,6,32,81,65,63,11117,59,63,52,1056,236,16734,6116,33,112,15,0,0,0,0,2,0,0,0,0,3,1,1,0,0,1,1,2,0,2,1,0,18,3,5,0,44,46,350,0,1,26,9,0,1,8,129,8,1,1,11,4,696,96,17,18,3,0,0,1,0
1165,320,497,758,578,172,149,120,40,196,42,95,27,7001,609,413,13,53,130,78,42,5250,205,12,104,193,34,1228,119536,18378,575,452,131,419,93,392,186,172,145,113,25455,453,1117,241,462,1011,218,84,9056,163,13,14,27,5,11,21,2,2,7,15,28,1,0,0,36,80,231,2,119,4,16,13,26,16,37,5,9,3,18,37,7,8,41,73,24,2,30,170,91,8,74,18,17,3,1,21,14,12,24,33
1565,701,1073,2068,470,190,314,408,58,480,77,283,130,48583,3534,826,94,233,184,262,381,1020,252,12,267,515,56,267,18378,79709,1133,2020,827,316,216,699,307,500,270,22,12626,6911,6645,294,2523,34,305,91,1750,4085,24,30,41,10,15,49,0,1,7,20,60,1,5,2,79,140,431,1,169,9,18,35,30,58,55,26,45,3,44,59,2,41,53,161,78,5,36,315,141,48,130,6,53,5,1,44,25,21,32,44
20,30,62,456,7,13,45,1110,199,1315,382,789,395,771,1180,15924,1912,3158,3522,419,3256,916,142,25,227,101,26,22,575,1133,32487,257,625,60,131,768,399,372,140,1,384,391,17127,109,696,15,65,29,65,373,16,16,20,7,7,33,5,13,51,119,109,10,12,7,36,48,319,9,300,14,63,33,97,34,107,7,6,4,22,78,0,23,57,36,26,0,58,187,97,7,58,1,14,1,1,18,20,27,64,41
11,2,8,59,11,6,10,113,117,1176,132,294,172,717,137,97,72,158,68,176,220,800,1814,38,326,12588,453,282,452,2020,257,51908,8486,3863,12,55,58,787,21,171,440,827,632,3805,7923,510,19185,20,171,431,0,0,2,1,1,2,0,17,4,51,12,4,7,0,6,16,12,6,21,7,6,160,20,101,9,1279,457,61,7,5,759,156,15,3,266,438,10,14,27,243,7,522,1284,64,283,7,2,1,11,12
2,6,11,69,7,3,20,1820,697,1363,529,9008,8131,150,63,145,794,453,236,6384,965,498,6070,108,4808,204,1246,96,131,827,625,8486,24928,92,53,123,169,978,42,8,311,739,965,2541,6554,100,2461,19,20,272,0,1,1,0,1,4,35,31,15,177,7,5,67,28,8,16,20,10,37,247,13,63,26,800,15,60,196,1,4,16,11,363,10,6,518,10,11,10,19,201,3,9,211,3,9,3,1,1,4,5
6,5,3,83,8,7,14,59,66,100,28,38,11,469,41,47,4,8,54,115,22,1772,561,64,155,4681,512,12720,419,316,60,3863,92,49879,25,47,69,529,80,11178,53,37,127,8760,336,7718,18798,48,224,21,1,0,0,0,0,0,0,1,2,8,15,2,3,0,3,7,4,1,1,2,6,140,8,22,3,500,200,398,6,0,463,39,6,1,41,1648,6,4,4,29,6,2625,1094,163,305,9,0,3,7,2
81,112,267,657,136,2062,2429,11,79,588,27,38,3,341,71,1906,12,5,34,70,47,224,36,307,234,30,73,6,93,216,131,12,53,25,6918,1348,643,103,5614,6,116,122,219,138,7,9,20,6406,135,14,120,210,178,48,141,410,2,5,26,68,80,7,2,3,191,126,533,9,143,8,26,28,48,20,40,5,10,2,24,58,0,12,57,117,15,2,29,381,60,17,104,1,11,2,0,275,55,16,39,24
30,29,65,500,23,72,152,40,673,1334,200,173,16,321,103,4796,44,41,2105,291,273,601,117,4229,1163,77,312,32,392,699,768,55,123,47,1348,11677,3212,216,8190,26,296,219,886,369,53,18,32,465,64,148,55,43,86,8,56,114,7,45,155,351,288,28,13,11,161,375,1215,57,854,34,129,99,256,33,246,10,23,6,101,215,5,36,228,409,61,2,189,926,424,33,341,3,28,8,9,105,75,86,142,151
21,16,50,132,38,96,157,1293,8609,405,195,544,414,208,38,402,321,103,872,212,525,269,83,4508,542,29,1314,81,186,307,399,58,169,69,643,3212,3623,38,8536,322,160,148,762,310,54,27,53,906,63,131,18,38,34,14,32,77,197,249,71,1506,101,36,51,107,47,39,265,79,276,130,85,54,457,249,110,8,17,3,27,64,3,38,59,58,18,9,212,290,85,27,95,25,15,4,3,81,17,20,51,43
21,12,22,328,12,12,48,798,243,88,31,131,59,677,264,331,10,77,400,4312,26,425,1165,54,924,5599,682,65,172,500,372,787,978,529,103,216,38,18232,59,23,76,77,442,13967,3925,82,523,24,120,76,2,0,7,1,6,3,3,25,15,67,23,5,55,9,33,66,35,12,47,62,20,326,47,607,25,664,1015,32,7,28,114,657,56,27,1342,132,9,27,72,1154,20,69,1246,20,69,16,11,2,18,16
19,71,100,204,139,826,708,8,365,273,34,33,3,239,31,266,2,10,174,17,72,226,47,3542,155,35,1701,63,145,270,140,21,42,80,5614,8190,8536,59,44073,403,90,76,269,406,15,6,23,9004,350,44,60,59,66,21,43,154,1,15,51,116,139,14,6,4,161,219,930,32,351,9,36,68,90,15,82,8,11,6,62,110,4,11,126,239,26,7,131,601,184,16,229,29,18,4,1,121,72,40,79,69
0,1,0,5,4,22,2,7,56,17,4,2,1,33,2,3,0,0,8,7,1,343,81,91,71,87,5257,11117,113,22,1,171,8,11178,6,26,322,23,403,39596,4,2,11,8415,24,1135,868,192,15,2,0,0,1,0,6,2,0,0,2,1,6,0,2,0,1,2,1,0,3,3,4,112,10,21,1,287,253,1287,6,0,248,17,4,0,26,1922,31,7,4,29,28,6431,897,203,202,24,1,2,5,6
564,421,728,1260,112,88,280,40,17,13820,32,165,21,784,411,566,29,30,129,40,238,12928,73,7,62,66,15,59,25455,12626,384,440,311,53,116,296,160,76,90,4,54831,9608,1466,93,267,25,111,36,101,534,8,6,4,1,7,15,1,1,9,11,24,2,4,0,21,40,153,1,94,6,13,20,26,11,34,7,8,0,10,35,0,9,23,42,10,0,24,95,54,9,42,0,10,0,1,11,6,4,14,19
90,179,344,1041,32,41,287,38,30,10467,140,691,67,991,593,565,111,42,112,60,1191,1257,157,11,124,67,35,63,453,6911,391,827,739,37,122,219,148,77,76,2,9608,18757,5339,107,500,46,228,38,22,9224,5,7,4,3,3,6,2,1,6,20,19,2,3,1,14,12,111,1,69,5,8,16,18,26,27,9,10,2,6,16,2,17,16,16,24,3,19,53,33,15,9,3,15,0,1,13,8,4,19,13
79,83,137,1378,40,75,98,612,143,4506,482,1175,376,3383,9398,5474,268,954,907,396,7548,1137,308,28,247,173,44,52,1117,6645,17127,632,965,127,219,886,762,442,269,11,1466,5339,34428,166,1179,28,142,40,227,17967,19,16,30,2,14,44,7,10,43,71,100,9,6,6,73,47,402,9,417,17,48,52,88,41,145,13,11,2,31,110,5,22,98,71,36,2,104,313,88,15,76,2,16,3,2,34,31,37,84,68
8,9,19,151,18,41,53,186,497,401,189,363,52,282,59,154,22,4,365,523,66,2529,6701,420,2323,10077,10646,1056,241,294,109,3805,2541,8760,138,369,310,13967,406,8415,93,107,166,49308,548,1284,4425,282,109,41,1,6,11,2,9,13,5,18,9,55,27,9,23,6,29,39,20,6,35,47,21,495,63,481,18,2797,1845,240,15,12,1200,439,44,8,853,1069,13,17,60,937,26,1618,3346,153,538,29,5,8,30,10
13,5,5,60,13,3,7,1268,121,152,34,85,827,1180,518,140,69,1161,134,3096,100,309,601,29,497,2859,601,236,462,2523,696,7923,6554,336,7,53,54,3925,15,24,267,500,1179,548,11513,39,428,10,126,924,0,1,4,1,1,3,7,21,19,76,11,8,48,6,25,47,26,22,53,55,11,200,23,559,29,194,415,5,9,21,38,449,47,17,1063,34,16,20,56,732,9,26,595,10,17,5,5,6,11,13
3,2,2,5,3,0,2,193,172,307,224,266,37,18,2,10,34,11,38,115,41,6317,3714,12,180,365,137,16734,1011,34,15,510,100,7718,9,18,27,82,6,1135,25,46,28,1284,39,20982,13169,2,8,7,0,0,1,0,1,0,0,4,0,19,4,1,1,1,0,0,2,1,0,5,1,18,4,15,0,60,35,90,0,1,64,17,5,0,20,309,2,2,0,12,3,527,161,36,35,0,1,0,2,0
4,2,1,18,3,3,3,130,188,861,325,520,54,176,23,19,62,19,67,143,164,1273,5854,50,343,1896,530,6116,218,305,65,19185,2461,18798,20,32,53,523,23,868,111,228,142,4425,428,13169,52936,22,48,39,0,0,1,0,0,0,1,11,3,32,9,5,6,0,2,10,5,2,9,5,13,164,14,44,4,763,257,243,5,2,535,86,11,2,106,1583,4,9,10,105,9,1762,1191,169,320,2,1,0,7,4
104,137,393,378,499,4929,1581,3,85,191,5,6,1,153,29,364,1,1,20,9,7,120,17,198,56,11,1131,33,84,91,29,20,19,48,6406,465,906,24,9004,192,36,38,40,282,10,2,22,9238,753,12,88,173,103,63,143,319,1,2,15,18,23,0,1,1,55,28,130,3,27,2,3,8,10,8,6,3,8,3,5,14,1,4,12,27,5,6,20,124,23,6,22,21,5,1,2,168,16,1,14,7
2456,154,224,470,4109,3229,161,57,17,54,6,5,3,17632,462,130,0,16,27,21,6,96,22,20,21,141,71,112,9056,1750,65,171,20,224,135,64,63,120,350,15,101,22,227,109,126,8,48,753,13766,6,11,20,12,8,10,37,0,1,0,3,11,1,1,0,31,29,92,2,12,1,1,3,5,10,9,10,4,0,1,13,3,9,6,41,5,2,3,60,14,10,25,1,5,1,1,14,3,2,7,4
7,19,33,104,3,4,33,131,13,5033,47,110,100,2222,2807,134,30,123,57,81,887,117,50,3,55,84,18,15,163,4085,373,431,272,21,14,148,131,76,44,2,534,9224,17967,41,924,7,39,12,6,19466,2,4,2,2,0,6,1,0,5,5,11,2,3,0,8,12,71,1,56,6,5,9,10,14,10,5,5,1,0,17,0,6,13,14,20,0,11,39,14,1,16,0,8,0,1,5,7,3,16,5
29,49,388,168,11,167,227,1,4,14,0,5,0,63,19,78,1,1,10,3,4,17,0,3,5,1,2,0,13,24,16,0,0,1,120,55,18,2,60,0,8,5,19,1,0,0,0,88,11,2,21745,14201,5223,9429,11627,6836,1,3,13,4,158,8,1,4,8989,269,549,6,15,12,10,181,5,14,11,20,16,25,1217,33,7,20,969,183,30,8,43,592,35,52,198,5,24,35,4,363,7529,359,311,33
80,124,967,332,36,263,721,0,7,11,4,1,0,85,18,144,1,0,10,0,5,17,0,7,7,0,11,0,14,30,16,0,1,0,210,43,38,0,59,0,6,7,16,6,1,0,0,173,20,4,14201,76279,14876,13310,4307,20875,2,3,9,9,676,8,2,3,9550,135,473,4,25,10,16,770,12,18,18,17,7,67,1157,11,9,8,2247,61,20,26,37,513,45,33,95,13,23,112,24,519,1390,1542,1640,121
31,71,218,247,11,104,265,6,14,18,3,4,4,72,18,114,3,2,37,6,13,23,2,9,13,2,6,0,27,41,20,2,1,0,178,86,34,7,66,1,4,4,30,11,4,1,1,103,12,2,5223,14876,30010,327,800,13847,26,38,221,46,1020,52,15,19,21541,3967,6581,30,120,153,34,485,31,133,49,49,12,22,596,987,21,87,1242,2212,110,18,85,368,158,247,85,6,85,40,11,181,1962,741,1655,162
63,42,2609,124,263,1273,1714,0,3,9,1,1,0,22,4,43,0,0,4,1,1,13,2,5,1,0,5,0,5,10,7,1,0,0,48,8,14,1,21,0,1,3,2,2,1,0,0,63,8,2,9429,13310,327,18814,15369,31262,0,1,0,1,150,2,0,0,314,18,197,0,6,4,1,84,9,8,2,4,3,4,103,4,5,4,188,18,6,3,18,1132,8,7,1623,3,9,10,3,402,220,119,175,19
46,72,414,199,25,194,345,0,6,9,1,1,0,51,17,78,0,0,11,2,4,19,0,3,3,2,8,2,11,15,7,1,1,0,141,56,32,6,43,6,7,3,14,9,1,1,0,143,10,0,11627,4307,800,15369,25736,9745,0,0,1,13,125,2,3,1,1404,60,449,1,16,6,9,54,27,90,11,12,227,28,219,12,7,15,172,26,14,4,193,2576,10,11,3126,64,58,5,5,6007,4148,74,64,21
152,215,2849,703,94,643,2317,2,18,39,1,7,2,184,42,292,0,4,32,2,13,42,1,13,12,2,18,0,21,49,33,2,4,0,410,114,77,3,154,2,15,6,44,13,3,0,0,319,37,6,6836,20875,13847,31262,9745,33820,0,7,42,42,1721,23,11,2,4286,201,3226,10,105,49,37,651,36,123,34,24,31,48,483,115,9,34,1181,248,26,23,114,2066,98,87,1234,8,66,40,15,1103,883,1112,2065,182
1,1,0,4,0,0,0,283,662,8,4,35,131,8,1,12,16,5,19,163,7,27,12,27,285,1,19,0,2,0,5,0,35,0,2,7,197,3,1,0,1,2,7,5,7,0,1,1,0,1,1,2,26,0,0,0,4914,9440,603,812,14,77,464,3746,65,79,120,680,113,2946,47,124,268,696,63,24,49,0,8,366,9,1709,22,85,656,8,399,5,88,117,1,0,28,7,10,1,8,2,8,4
1,0,0,3,0,3,0,339,1216,33,45,68,99,2,1,12,111,49,98,85,61,31,12,132,94,6,11,0,2,1,13,17,31,1,5,45,249,25,15,0,1,1,10,18,21,4,11,2,1,0,3,3,38,1,0,7,9440,27104,2974,3264,147,989,1092,3962,133,199,270,6116,348,4516,411,1540,387,349,116,91,31,20,19,479,58,1376,53,145,2029,26,586,10,128,316,2,1,91,64,37,1,18,10,23,9
0,3,2,11,1,4,1,91,376,94,55,72,14,10,3,67,80,47,227,23,114,24,4,130,20,1,5,0,7,7,51,4,15,2,26,155,71,15,51,2,9,6,43,9,19,0,3,15,0,5,13,9,221,0,1,42,603,2974,4315,2092,538,1212,265,494,427,363,1539,2354,2071,683,628,1264,133,210,388,27,16,9,60,3102,14,374,119,384,562,12,296,14,239,118,18,3,51,36,14,3,67,29,88,32
2,2,4,28,1,3,11,1791,5875,196,198,483,474,20,9,111,493,214,601,496,355,149,80,639,924,21,152,3,15,20,119,51,177,8,68,351,1506,67,116,1,11,20,71,55,76,19,32,18,3,5,4,9,46,1,13,42,812,3264,2092,47588,231,657,1187,1059,71,35,521,1141,3485,4481,1001,1395,5887,9774,114,91,1371,30,17,93,37,633,24,26,429,41,6686,161,44,283,93,31,349,59,47,18,10,15,50,27
4,4,23,32,1,5,26,27,137,138,31,58,7,38,6,95,19,42,347,18,92,67,5,73,7,7,12,1,28,60,109,12,7,15,80,288,101,23,139,6,24,19,100,27,11,4,9,23,11,11,158,676,1020,150,125,1721,14,147,538,231,42247,6992,830,45,522,221,3314,198,1219,70,5305,4866,324,91,973,148,101,206,245,846,211,318,1141,310,277,173,578,369,522,113,145,54,313,506,358,112,103,15356,16396,4735
0,0,0,3,1,0,1,28,131,16,11,16,6,2,2,9,11,17,51,14,21,8,1,33,18,2,5,1,1,1,10,4,5,2,7,28,36,5,14,0,2,2,9,9,8,1,5,0,1,2,8,8,52,2,2,23,77,989,1212,657,6992,6491,5005,209,39,65,351,835,426,93,3147,5733,98,86,290,33,36,36,41,320,18,162,87,69,67,30,151,16,102,46,6,11,91,190,91,1,7,146,268,190
0,0,0,3,0,0,0,76,190,5,7,17,15,3,1,13,14,4,32,138,7,14,19,24,242,8,31,0,0,5,12,7,67,3,2,13,51,55,6,2,4,3,6,23,48,1,6,1,1,3,1,2,15,0,3,11,464,1092,265,1187,830,5005,14633,7399,38,56,129,4122,118,926,5181,6442,117,1211,875,71,147,39,30,649,41,4194,66,69,332,48,142,11,267,280,2,13,373,248,119,4,8,39,106,108
0,0,0,1,1,0,0,147,386,8,7,16,46,5,2,10,27,8,21,103,12,11,2,29,158,1,17,0,0,2,7,0,28,0,3,11,107,9,4,0,0,1,6,6,6,1,0,1,0,0,4,3,19,0,1,2,3746,3962,494,1059,45,209,7399,17506,52,82,135,6326,78,898,1263,315,210,732,331,14,62,3,6,815,7,4072,11,97,367,10,331,2,158,47,2,1,36,15,13,4,9,2,7,10
30,61,181,205,15,64,230,10,26,37,6,7,3,124,25,186,5,2,59,17,16,42,6,13,29,5,21,1,36,79,36,6,8,3,191,161,47,33,161,1,21,14,73,29,25,0,2,55,31,8,8989,9550,21541,314,1404,4286,65,133,427,71,522,39,38,52,66190,17641,2814,123,138,193,54,462,27,140,88,534,27,52,4877,433,80,361,13242,1668,884,130,111,442,771,794,251,11,174,53,60,179,10906,604,1760,457
5,13,26,45,6,13,44,7,19,34,3,10,0,109,8,129,2,1,39,12,17,85,10,12,39,7,32,1,80,140,48,16,16,7,126,375,39,66,219,2,40,12,47,39,47,0,10,28,29,12,269,135,3967,18,60,201,79,199,363,35,221,65,56,82,17641,34415,2776,191,171,179,139,436,29,105,442,761,54,120,913,927,348,707,6030,7651,2530,236,133,258,9910,617,309,21,206,101,213,59,761,237,2241,4453
57,110,231,299,20,87,298,32,115,252,29,55,18,402,63,576,16,38,381,32,89,309,13,74,64,7,21,2,231,431,319,12,20,4,533,1215,265,35,930,1,153,111,402,20,26,2,5,130,92,71,549,473,6581,197,449,3226,120,270,1539,521,3314,351,129,135,2814,2776,24436,349,6824,628,328,1203,740,819,1083,132,99,36,357,7549,51,346,812,6717,570,33,982,2769,1369,345,1085,25,307,37,42,782,572,465,976,421
0,1,1,3,0,0,5,123,506,27,29,54,28,2,1,17,73,39,99,20,72,17,7,93,21,1,3,0,2,1,9,6,10,1,9,57,79,12,32,0,1,1,9,6,22,1,2,3,2,1,6,4,30,0,1,10,680,6116,2354,1141,198,835,4122,6326,123,191,349,9880,266,120,7172,585,197,46,1189,26,8,3,16,4891,34,1493,56,234,347,9,378,6,262,46,5,1,28,19,15,1,22,9,22,18
5,6,12,53,9,9,36,69,296,353,69,175,17,58,15,315,42,58,734,70,237,149,16,165,76,12,28,2,119,169,300,21,37,1,143,854,276,47,351,3,94,69,417,35,53,0,9,27,12,56,15,25,120,6,16,105,113,348,2071,3485,1219,426,118,78,138,171,6824,266,8406,1006,497,799,2922,1661,567,121,295,26,92,1134,30,311,251,152,224,42,2035,6328,305,405,1281,42,529,25,37,78,30,123,337,206
0,2,2,6,0,2,4,393,754,8,6,51,131,18,7,17,20,5,42,572,9,53,33,37,928,3,106,1,4,9,14,7,247,2,8,34,130,62,9,3,6,5,17,47,55,5,5,2,1,6,12,10,153,4,6,49,2946,4516,683,4481,70,93,926,898,193,179,628,120,1006,20568,68,550,227,3638,60,179,196,8,23,190,54,4674,58,163,7891,45,258,46,137,4037,16,4,534,48,46,4,36,9,27,15
1,1,1,8,0,2,4,60,317,100,38,48,14,5,2,60,42,50,269,19,80,24,13,83,8,5,10,0,16,18,63,6,13,6,26,129,85,20,36,4,13,8,48,21,11,1,13,3,1,5,10,16,34,1,9,37,47,411,628,1001,5305,3147,5181,1263,54,139,328,7172,497,68,19614,2490,250,59,7868,170,57,141,62,1534,210,961,308,91,312,161,483,62,804,99,32,32,189,311,385,5,13,142,899,2073
4,2,9,17,3,3,13,45,150,43,12,32,15,31,4,43,18,16,84,94,37,39,73,40,160,159,212,18,13,35,33,160,63,140,28,99,54,326,68,112,20,16,52,495,200,18,164,8,3,9,181,770,485,84,54,651,124,1540,1264,1395,4866,5733,6442,315,462,436,1203,585,799,550,2490,27587,259,926,821,1469,1340,998,3244,663,893,4843,1007,262,1282,1053,217,187,942,2168,129,576,4562,7034,4792,94,104,2216,1248,519
2,0,3,20,1,4,15,236,700,131,33,66,56,17,3,112,61,41,327,138,94,80,24,141,183,25,48,3,26,30,97,20,26,8,48,256,457,47,90,10,26,18,88,63,23,4,14,10,5,10,5,12,31,9,27,36,268,387,133,5887,324,98,117,210,27,29,740,197,2922,227,250,259,9859,4051,153,96,1085,24,27,78,26,191,46,28,79,33,5970,2548,55,105,1262,224,377,16,27,136,13,19,75,34
2,2,4,21,2,7,4,632,1275,30,11,105,264,46,16,29,12,13,70,1777,15,151,187,73,3109,77,606,5,16,58,34,101,800,22,20,33,249,607,15,21,11,26,41,481,559,15,44,8,10,14,14,18,133,8,90,123,696,349,210,9774,91,86,1211,732,140,105,819,46,1661,3638,59,926,4051,14906,35,220,6288,80,24,55,69,4322,42,80,1597,98,1310,619,93,934,538,537,2390,50,76,311,37,12,34,12
3,4,5,17,1,3,11,13,86,123,24,55,2,16,5,130,12,26,347,12,81,79,7,45,14,6,14,0,37,55,107,9,15,3,40,246,110,25,82,1,34,27,145,18,29,0,4,6,9,10,11,18,49,2,11,34,63,116,388,114,973,290,875,331,88,442,1083,1189,567,60,7868,821,153,35,9657,210,34,68,113,7604,193,1368,432,966,800,108,524,137,6171,193,67,15,123,86,258,10,31,119,914,5280
0,0,0,5,0,0,0,7,26,17,6,11,2,29,3,10,6,2,14,27,3,103,238,16,82,1288,515,44,5,26,7,1279,60,500,5,10,8,664,8,287,7,9,13,2797,194,60,763,3,10,5,20,17,49,4,12,24,24,91,27,91,148,33,71,14,534,761,132,26,121,179,170,1469,96,220,210,29376,1253,289,279,105,5920,1065,1337,139,5028,6494,32,63,536,8839,58,359,9476,387,1090,39,96,81,523,217
0,3,5,7,1,1,9,23,112,19,3,28,11,30,9,11,3,4,20,263,2,92,228,36,574,629,972,46,9,45,6,457,196,200,10,23,17,1015,11,253,8,10,11,1845,415,35,257,8,4,5,16,7,12,3,227,31,49,31,16,1371,101,36,147,62,27,54,99,8,295,196,57,1340,1085,6288,34,1253,11892,755,35,28,446,1196,37,21,837,397,815,624,64,483,1578,6241,6912,183,294,1064,58,14,45,33
0,0,1,0,0,0,0,1,2,2,0,0,0,0,0,3,1,0,2,2,1,18,11,2,5,58,110,350,3,3,4,61,1,398,2,6,3,32,6,1287,0,2,2,240,5,90,243,3,0,1,25,67,22,4,28,48,0,20,9,30,206,36,39,3,52,120,36,3,26,8,141,998,24,80,68,289,755,46912,1168,13,57,83,491,12,119,10806,217,43,202,154,211,12541,767,13146,446,142,24,432,254,172
0,3,13,17,1,6,12,3,11,18,0,4,1,19,6,36,1,4,49,1,16,14,2,7,7,2,8,0,18,44,22,7,4,6,24,101,27,7,62,6,10,6,31,15,9,0,5,5,1,0,1217,1157,596,103,219,483,8,19,60,17,245,41,30,6,4877,913,357,16,92,23,62,3244,27,24,113,279,35,1168,127871,84,81,125,23385,247,322,218,64,100,464,205,73,101,117,798,98,40,19648,13340,1857,419
0,8,14,29,2,4,16,15,64,84,18,32,2,25,11,99,8,19,187,18,53,55,9,36,20,2,11,1,37,59,78,5,16,0,58,215,64,28,110,0,35,16,110,12,21,1,2,14,13,17,33,11,987,4,12,115,366,479,3102,93,846,320,649,815,433,927,7549,4891,1134,190,1534,663,78,55,7604,105,28,13,84,13674,117,1471,195,4388,1265,41,286,101,1387,162,108,7,78,33,66,22,80,90,171,139
0,0,0,1,0,0,1,5,5,10,3,3,1,5,2,0,0,1,4,9,2,42,78,4,12,520,134,26,7,2,0,759,11,463,0,5,3,114,4,248,0,2,5,1200,38,64,535,1,3,0,7,9,21,5,7,9,9,58,14,37,211,18,41,7,80,348,51,34,30,54,210,893,26,69,193,5920,446,57,81,117,14413,3398,370,69,6248,5529,13,26,512,542,9,382,1669,254,5009,20,22,32,349,253
1,0,2,16,1,2,4,150,301,21,9,40,76,20,4,17,8,18,61,840,13,49,143,34,1343,137,356,9,8,41,23,156,363,39,12,36,38,657,11,17,9,17,22,439,449,17,86,4,9,6,20,8,87,4,15,34,1709,1376,374,633,318,162,4194,4072,361,707,346,1493,311,4674,961,4843,191,4322,1368,1065,1196,83,125,1471,3398,31009,482,419,18215,547,150,108,1633,3670,50,64,3334,345,4032,39,106,38,294,287
1,4,15,21,1,7,31,7,24,50,8,19,0,35,12,84,2,11,135,6,23,49,11,21,20,12,19,0,41,53,57,15,10,6,57,228,59,56,126,4,23,16,98,44,47,5,11,12,6,13,969,2247,1242,188,172,1181,22,53,119,24,1141,87,66,11,13242,6030,812,56,251,58,308,1007,46,42,432,1337,37,491,23385,195,370,482,52686,648,1834,496,218,205,2785,621,134,85,237,328,205,54,1757,11019,16769,2985
8,19,46,48,5,16,55,11,16,27,2,4,4,142,13,155,1,4,36,10,6,116,5,10,29,0,10,1,73,161,36,3,6,1,117,409,58,27,239,0,42,16,71,8,17,0,2,27,41,14,183,61,2212,18,26,248,85,145,384,26,310,69,69,97,1668,7651,6717,234,152,163,91,262,28,80,966,139,21,12,247,4388,69,419,648,10487,995,65,141,228,5473,247,278,4,73,24,69,58,297,156,271,156
0,0,1,11,1,3,6,111,238,58,16,63,64,34,11,23,9,14,84,811,32,96,297,66,1602,189,663,8,24,78,26,266,518,41,15,61,18,1342,26,26,10,24,36,853,1063,20,106,5,5,20,30,20,110,6,14,26,656,2029,562,429,277,67,332,367,884,2530,570,347,224,7891,312,1282,79,1597,800,5028,837,119,322,1265,6248,18215,1834,995,16522,1656,76,38,2604,7532,30,38,1081,147,988,10,112,65,819,522
1,0,0,3,0,1,0,3,9,5,2,1,1,3,0,2,0,0,5,9,1,70,42,7,16,223,191,129,2,5,0,438,10,1648,2,2,9,132,7,1922,0,3,2,1069,34,309,1583,6,2,0,8,26,18,3,4,23,8,26,12,41,173,30,48,10,130,236,33,9,42,45,161,1053,33,98,108,6494,397,10806,218,41,5529,547,496,65,1656,27283,11,20,293,923,23,3767,4676,9252,3232,15,33,96,279,157
3,2,11,24,2,3,22,104,384,73,22,46,28,17,5,56,33,23,184,19,58,33,1,63,19,7,15,8,30,36,58,10,11,6,29,189,212,9,131,31,24,19,104,13,16,2,4,20,3,11,43,37,85,18,193,114,399,586,296,6686,578,151,142,331,111,133,982,378,2035,258,483,217,5970,1310,524,32,815,217,64,286,13,150,218,141,76,11,4361,2995,362,32,5932,279,84,19,15,1488,94,95,285,223
39,77,227,273,20,93,293,14,38,171,14,28,3,231,35,466,10,12,338,16,63,219,8,35,31,15,20,1,170,315,187,14,10,4,381,926,290,27,601,7,95,53,313,17,20,2,9,124,60,39,592,513,368,1132,2576,2066,5,10,14,161,369,16,11,2,442,258,2769,6,6328,46,62,187,2548,619,137,63,624,43,100,101,26,108,205,228,38,20,2995,16014,269,87,10404,112,260,12,24,4855,237,95,171,109
1,6,9,17,1,1,10,5,26,55,6,9,3,62,4,164,4,8,133,22,31,144,12,14,50,12,29,1,91,141,97,27,19,4,60,424,85,72,184,4,54,33,88,60,56,0,10,23,14,14,35,45,158,8,10,98,88,128,239,44,522,102,267,158,771,9910,1369,262,305,137,804,942,55,93,6171,536,64,202,464,1387,512,1633,2785,5473,2604,293,362,269,20358,439,224,16,252,181,560,26,140,240,2706,13757
0,1,3,11,0,1,4,30,52,19,3,17,10,16,8,11,1,3,22,226,5,60,219,48,483,259,588,11,8,48,7,243,201,29,17,33,27,1154,16,29,9,15,15,937,732,12,105,6,10,1,52,33,247,7,11,87,117,316,118,283,113,46,280,47,794,617,345,46,405,4037,99,2168,105,934,193,8839,483,154,205,162,542,3670,621,247,7532,923,32,87,439,23604,17,117,9977,138,379,22,174,44,196,82
11,13,61,49,4,17,47,4,9,54,8,9,2,91,11,128,5,2,101,6,19,85,3,18,10,7,12,4,74,130,58,7,3,6,104,341,95,20,229,28,42,9,76,26,9,3,9,22,25,16,198,95,85,1623,3126,1234,1,2,18,93,145,6,2,2,251,309,1085,5,1281,16,32,129,1262,538,67,58,1578,211,73,108,9,50,134,278,30,23,5932,10404,224,17,14644,446,238,19,13,7916,225,58,88,81
0,0,1,2,0,2,3,1,12,10,2,3,1,6,2,2,0,0,4,6,0,94,63,10,24,293,428,696,18,6,1,522,9,2625,1,3,25,69,29,6431,0,3,2,1618,26,527,1762,21,1,0,5,13,6,3,64,8,0,1,3,31,54,11,13,1,11,21,25,1,42,4,32,576,224,537,15,359,6241,12541,101,7,382,64,85,4,38,3767,279,112,16,117,446,38685,8929,2308,827,326,25,43,47,26
2,0,3,15,1,4,8,41,83,27,15,31,14,43,9,17,5,6,26,254,8,131,376,46,532,1202,1115,96,17,53,14,1284,211,1094,11,28,15,1246,18,897,10,15,16,3346,595,161,1191,5,5,8,24,23,85,9,58,66,28,91,51,349,313,91,373,36,174,206,307,28,529,534,189,4562,377,2390,123,9476,6912,767,117,78,1669,3334,237,73,1081,4676,84,260,252,9977,238,8929,27642,1506,1731,254,48,69,200,133
0,0,0,1,0,0,0,4,9,5,1,0,1,4,0,2,0,0,4,2,0,12,5,2,4,33,18,17,3,5,1,64,3,163,2,8,4,20,4,203,0,0,3,153,10,36,169,1,1,0,35,112,40,10,5,40,7,64,36,59,506,190,248,15,53,101,37,19,25,48,311,7034,16,50,86,387,183,13146,798,33,254,345,328,24,147,9252,19,12,181,138,19,2308,1506,20135,7760,12,15,542,232,159
0,0,0,1,0,0,0,5,8,5,0,3,0,5,0,2,1,0,12,4,3,22,32,3,22,204,62,18,1,1,1,283,9,305,0,9,3,69,1,202,1,1,2,538,17,35,320,2,1,1,4,24,11,3,5,15,10,37,14,47,358,91,119,13,60,213,42,15,37,46,385,4792,27,76,258,1090,294,446,98,66,5009,4032,205,69,988,3232,15,24,560,379,13,827,1731,7760,15238,14,16,61,250,228
57,100,273,311,38,153,429,1,7,30,1,6,0,97,24,159,0,2,21,1,3,34,3,9,10,6,40,3,21,44,18,7,3,9,275,105,81,16,121,24,11,13,34,29,5,0,2,168,14,5,363,519,181,402,6007,1103,1,1,3,18,112,1,4,4,179,59,782,1,78,4,5,94,136,311,10,39,1064,142,40,22,20,39,54,58,10,15,1488,4855,26,22,7916,326,254,12,14,6005,696,28,46,25
5,13,48,48,5,33,58,3,4,15,1,2,0,44,11,56,0,1,22,3,7,13,4,4,10,0,2,0,14,25,20,2,1,0,55,75,17,11,72,1,6,8,31,5,5,1,1,16,3,7,7529,1390,1962,220,4148,883,8,18,67,10,103,7,8,9,10906,761,572,22,30,36,13,104,13,37,31,96,58,24,19648,80,22,106,1757,297,112,33,94,237,140,174,225,25,48,15,16,696,33101,172,212,56
3,3,5,6,0,3,11,2,7,26,1,7,1,9,5,33,1,3,56,1,9,17,0,4,2,1,1,0,12,21,27,1,1,3,16,86,20,2,40,2,4,4,37,8,6,0,0,1,2,3,359,1542,741,119,74,1112,2,10,29,15,15356,146,39,2,604,237,465,9,123,9,142,2216,19,12,119,81,14,432,13340,90,32,38,11019,156,65,96,95,95,240,44,58,43,69,542,61,28,172,37750,4935,647
3,4,22,21,1,6,23,8,15,54,12,15,1,22,1,66,3,10,157,6,28,38,2,27,8,4,11,1,24,32,64,11,4,7,39,142,51,18,79,5,14,19,84,30,11,2,7,14,7,16,311,1640,1655,175,64,2065,8,23,88,50,16396,268,106,7,1760,2241,976,22,337,27,899,1248,75,34,914,523,45,254,1857,171,349,294,16769,271,819,279,285,171,2706,196,88,47,200,232,250,46,212,4935,29436,13192
1,0,1,16,0,1,7,4,15,32,6,11,1,16,1,62,1,9,91,4,16,51,5,7,8,8,8,0,33,44,41,12,5,2,24,151,43,16,69,6,19,13,68,10,13,0,4,7,4,5,33,121,162,19,21,182,4,9,32,27,4735,190,108,10,457,4453,421,18,206,15,2073,519,34,12,5280,217,33,172,419,139,253,287,2985,156,522,157,223,109,13757,82,81,26,133,159,228,25,56,647,13192,17824
