20288,4071,4990,1046,13553,8483,386,0,0,26,2,0,0,24642,45,165,0,0,1,0,0,89,0,2,0,0,0,4,327,81,3,1,0,0,5,2,26,0,7,0,32,61,45,0,0,0,0,9,1564,0,0,0,1,0,0,2,0,0,0,0,0,0,0,0,1,0,2,0,0,0,0,0,0,0,0,0,0,0,0,0,0,0,0,0,0,0,0,2,0,0,0,0,0,0,0,3,1,0,0,0
4071,16955,5013,15349,1292,2549,1269,1,0,76,0,0,0,4151,2014,284,0,1,0,0,2,144,0,1,0,0,0,3,214,74,4,0,0,0,12,4,24,0,17,0,71,103,46,1,0,1,0,70,526,2,1,0,3,1,4,3,0,0,0,0,0,0,0,0,2,0,5,0,2,0,0,0,0,0,0,0,0,0,0,0,0,0,0,3,0,0,4,3,0,0,1,0,0,0,0,7,1,0,0,0
4990,5013,12184,3927,6257,5593,5842,1,0,68,3,0,0,384,174,214,1,1,1,0,0,168,0,3,0,0,0,0,189,100,7,0,0,0,14,4,35,0,27,0,87,103,10,1,0,1,1,87,205,0,1,0,1,0,4,5,0,0,0,0,0,0,0,0,3,1,6,0,1,0,0,0,1,0,0,0,0,0,0,1,0,0,1,0,0,0,3,5,0,0,2,0,0,0,0,13,1,0,0,1
1046,15349,3927,48772,890,4826,21357,0,1,295,11,0,0,3677,10537,7862,0,1,3,1,1,267,0,11,1,3,1,3,305,173,115,1,0,2,81,26,85,2,211,0,181,364,796,7,0,1,2,390,747,15,3,1,9,1,14,33,0,0,0,0,1,0,0,0,11,3,38,0,3,0,0,2,1,0,0,0,0,0,1,2,0,0,1,11,0,0,5,18,2,0,4,0,0,0,0,67,2,0,3,0
13553,1292,6257,890,43001,32712,189,1,0,31,4,0,0,8849,79,331,0,0,0,0,0,63,0,4,0,2,1,1,439,103,14,0,1,0,36,7,48,1,27,0,30,52,84,0,1,2,0,495,6301,0,0,1,2,0,2,8,0,0,0,0,2,0,0,0,4,0,8,0,1,0,0,0,0,0,0,0,0,0,4,1,0,0,1,2,0,0,7,5,0,0,1,0,0,0,0,9,0,0,0,0
8483,2549,5593,4826,32712,28680,18962,2,3,81,16,0,0,2107,218,1649,0,1,3,1,3,264,0,36,3,0,3,4,829,259,25,1,0,0,583,41,186,0,1150,2,120,136,80,6,0,5,1,4285,3393,37,5,4,9,205,38,153,1,0,0,0,3,0,0,0,10,1,47,0,4,0,0,0,0,0,0,0,0,0,6,2,0,0,4,10,0,0,14,15,1,0,19,0,0,0,0,101,3,0,0,2
386,1269,5842,21357,189,18962,32467,0,0,76,21,0,0,214,95,7324,0,0,7,0,0,172,0,22,1,0,1,2,158,75,13,1,0,0,2583,290,169,0,1119,0,55,87,39,2,0,1,1,2660,112,8,5,2,18,4,35,58,0,0,0,0,1,0,0,0,14,3,94,0,8,0,0,0,1,0,0,0,0,0,6,0,0,0,0,7,0,0,17,43,0,0,10,0,0,1,0,162,17,0,6,0
0,1,1,0,1,2,0,54822,8198,32,1716,474,6366,1,0,3682,2739,17005,2719,7299,53,1298,263,523,160,105,32,13,6,0,886,261,1466,46,4,27,3782,124,7,0,1,8,24,117,1013,56,156,1,0,8,1,0,1,0,0,0,63,93,5,88,5,4,11,23,1,0,4,8,7,84,4,4,10,30,0,0,5,0,0,5,2,15,1,5,24,1,97,1,0,8,3,2,8,0,0,5,1,0,3,1
0,0,0,1,0,3,0,8198,70932,20,586,290,823,1,1,1159,123,123,15828,3939,24,520,269,18991,8310,34,3727,17,5,0,40,94,655,40,6,218,17244,45,47,139,0,6,23,573,110,18,139,4,0,1,0,1,0,0,0,1,98,140,3,139,8,8,23,54,0,0,5,7,6,213,4,10,12,156,2,9,34,0,1,1,1,70,0,1,70,2,89,1,2,19,1,4,42,0,4,13,1,0,3,2
26,76,68,295,31,81,76,32,20,32729,3574,2159,426,65,364,1490,578,548,137,40,3765,8489,1349,310,30,70,7,89,368,61,975,541,595,94,197,378,1004,8,421,11,20708,32663,3991,82,136,167,1708,131,50,6538,2,0,4,1,8,10,1,2,0,4,9,0,0,0,8,4,30,1,16,7,0,4,1,10,0,4,4,0,1,4,0,3,3,11,2,3,65,18,7,4,5,2,8,1,0,15,4,1,6,1
2,0,3,11,4,16,21,1716,586,3574,5617,15682,2907,10,28,909,3397,674,478,391,2179,3501,3748,336,107,17,9,77,27,10,832,116,1246,54,245,371,785,20,314,10,52,73,674,135,49,320,974,136,16,59,0,2,3,0,3,3,10,9,0,10,3,2,3,4,6,3,16,5,7,14,0,0,1,8,0,1,3,0,0,3,0,2,0,9,9,0,34,9,3,1,7,2,10,0,0,12,4,1,5,4
0,0,0,0,0,0,0,474,290,2159,15682,27330,16495,0,2,66,12745,712,120,267,2954,2201,4993,144,161,5,34,8,2,1,90,83,6131,18,1,20,345,7,9,1,3,26,28,51,32,111,571,0,0,10,0,0,0,0,0,0,8,5,1,10,1,2,7,10,0,0,2,1,1,37,1,2,1,29,0,2,5,0,0,1,1,15,1,2,16,0,19,0,0,4,0,1,6,0,0,1,0,0,0,0
0,0,0,0,0,0,0,6366,823,426,2907,16495,23134,1,5,27,8542,6359,22,2512,500,629,925,82,179,44,26,6,4,0,55,504,12688,29,0,9,709,21,3,1,1,95,43,51,630,59,594,1,0,108,0,0,0,0,0,0,16,28,0,23,0,1,11,17,0,0,0,1,2,52,0,4,3,47,0,1,10,0,0,2,1,20,0,1,23,2,18,1,0,4,0,0,10,0,1,3,0,0,0,0
24642,4151,384,3677,8849,2107,214,1,1,65,10,0,1,70780,4576,550,0,20,5,0,1,185,1,12,0,4,0,7,5067,18741,103,8,1,2,57,61,322,2,101,1,265,2046,540,4,6,3,7,87,18891,1699,3,1,11,0,5,22,0,1,0,0,4,0,0,0,18,1,53,1,11,0,0,2,0,0,0,0,0,0,2,0,0,0,5,18,0,0,29,26,2,0,7,0,0,0,0,27,7,1,8,1
45,2014,174,10537,79,218,95,0,1,364,28,2,5,4576,15605,1765,0,320,11,15,18,121,3,18,2,36,1,2,170,184,1105,51,6,26,97,62,173,26,86,0,120,804,10554,22,58,2,26,135,259,11663,2,1,8,1,12,15,0,0,0,0,4,0,0,0,15,4,49,0,6,2,0,1,1,0,1,0,0,0,5,3,0,0,3,15,0,0,9,27,4,0,7,0,0,0,0,38,4,1,5,2
165,284,214,7862,331,1649,7324,3682,1159,1490,909,66,27,550,1765,32192,180,1859,11910,1353,158,551,32,367,137,90,14,2,330,220,12694,50,52,25,6774,5265,2442,163,1564,4,286,548,18601,327,30,6,46,4462,300,96,64,43,172,17,357,543,12,3,2,7,26,0,2,5,218,35,858,4,78,24,0,18,8,10,3,0,6,0,58,21,1,5,31,156,9,1,188,489,12,3,144,0,3,1,0,1165,91,12,44,9
0,0,1,0,0,0,0,2739,123,578,3397,12745,8542,0,0,180,16091,5976,229,56,14500,447,447,198,11,10,3,7,0,0,1420,37,328,12,1,24,419,2,9,0,1,14,42,7,11,20,157,0,1,10,0,0,0,0,0,0,0,1,1,6,2,2,1,1,0,1,1,2,4,7,0,0,1,1,0,1,0,0,2,1,0,1,0,1,2,0,28,1,0,1,1,0,2,0,0,0,0,1,1,0
0,1,1,1,0,1,0,17005,123,548,674,712,6359,20,320,1859,5976,3479,1311,1458,2359,199,221,244,64,436,22,16,14,22,1101,1040,604,169,9,72,784,165,38,8,22,632,650,146,1299,19,614,0,4,1561,0,0,1,0,0,0,5,8,1,8,5,2,12,2,1,0,3,6,4,23,0,3,2,19,1,4,6,0,2,1,0,8,0,4,25,1,42,1,0,14,4,4,12,0,2,0,0,0,1,2
1,0,1,3,0,3,7,2719,15828,137,478,120,22,5,11,11910,229,1311,13387,258,97,102,25,3836,449,22,31,2,35,9,487,32,25,9,17,2313,2232,57,116,1,14,29,73,221,24,2,28,5,4,11,1,0,0,0,0,0,3,2,5,7,5,4,2,2,3,2,5,3,6,6,1,5,2,10,0,3,5,0,0,2,1,4,0,9,8,1,63,5,4,5,3,0,9,0,0,2,1,0,0,0
0,0,0,1,0,1,0,7299,3939,40,391,267,2512,0,15,1353,56,1458,258,32688,25,673,733,75,1960,513,576,17,7,5,585,787,4437,125,1,20,1807,4638,4,15,1,35,75,1712,5590,89,414,2,0,26,0,0,0,0,0,0,248,121,2,138,10,32,125,195,3,0,4,16,23,808,1,51,37,834,2,26,122,2,0,5,10,419,0,1,344,8,67,0,1,68,1,4,87,1,13,1,0,0,0,1
0,2,0,1,0,3,0,53,24,3765,2179,2954,500,1,18,158,14500,2359,97,25,18327,186,366,156,14,49,4,18,8,3,4542,279,330,59,34,149,506,5,158,1,8,408,6219,30,111,27,580,8,3,2815,0,0,0,0,0,0,0,1,0,1,1,0,0,0,2,1,3,1,2,2,0,1,0,1,0,2,3,0,1,0,0,3,1,2,0,1,33,2,2,2,1,2,7,0,0,1,0,0,0,0
89,144,168,267,63,264,172,1298,520,8489,3501,2201,629,185,121,551,447,199,102,673,186,22547,5701,95,269,92,74,1910,4541,559,102,211,472,224,55,94,349,57,112,106,16672,1115,349,768,124,9018,1471,50,154,32,1,1,2,0,5,6,10,0,2,7,4,1,4,3,4,3,22,1,6,25,0,2,1,20,1,12,10,2,4,1,3,8,3,13,23,3,18,7,8,7,7,8,19,0,1,13,3,1,2,1
0,0,0,0,0,0,0,263,269,1349,3748,4993,925,1,3,32,447,221,25,733,366,5701,17452,34,690,107,205,183,78,7,47,484,7224,131,1,10,105,185,3,32,9,152,25,1118,342,4629,10754,0,0,39,0,0,0,0,0,0,10,11,0,4,0,5,53,9,2,0,2,5,2,102,0,40,3,187,0,30,64,2,0,1,11,94,0,0,268,6,3,0,0,105,0,10,144,0,6,0,1,0,0,1
2,1,3,11,4,36,22,523,18991,310,336,144,82,12,18,367,198,244,3836,75,156,95,34,7657,1567,30,1869,41,117,47,211,32,42,84,321,4459,14117,30,12556,457,38,77,142,665,33,10,51,338,29,34,0,1,2,0,8,6,1,1,0,6,2,1,4,2,0,0,13,4,11,16,0,7,5,38,1,2,14,1,0,1,3,14,0,3,20,1,27,9,1,11,4,8,25,0,1,43,2,1,2,0
0,0,0,1,0,3,1,160,8310,30,107,161,179,0,2,137,11,64,449,1960,14,269,690,1567,16487,269,11713,18,1,1,26,560,1444,143,4,80,2524,534,38,74,0,19,28,4235,1004,67,650,13,1,12,0,0,0,0,0,2,95,35,1,70,2,18,205,125,3,4,10,17,15,706,1,152,24,1272,2,113,407,4,0,8,31,485,0,3,995,20,34,0,1,371,0,15,599,3,28,8,1,0,1,3
0,0,0,3,2,0,0,105,34,70,17,5,44,4,36,90,10,436,22,513,49,92,107,30,269,15833,353,80,0,17,294,13343,102,5402,2,11,36,4777,14,102,3,149,147,10841,3664,85,2374,3,1,109,0,0,0,0,0,0,2,0,0,2,3,4,25,1,5,0,1,4,0,31,0,53,4,86,0,243,234,10,0,1,90,55,0,1,141,84,1,0,1,168,2,106,656,2,78,1,0,0,2,0
0,0,0,1,1,3,1,32,3727,7,9,34,26,0,1,14,3,22,31,576,4,74,205,1869,11713,353,19059,817,4,2,4,348,220,591,0,13,1424,461,644,11794,0,5,2,10132,378,85,396,35,2,3,0,0,2,0,2,2,17,7,0,30,2,6,65,14,1,0,7,2,6,132,1,124,12,567,1,265,710,29,0,3,72,188,1,1,466,75,3,3,1,480,4,235,886,13,59,5,0,0,2,1
4,3,0,3,1,4,2,13,17,89,77,8,6,7,2,2,7,16,2,17,18,1910,183,41,18,80,817,62760,613,24,36,92,5,8825,1,4,62,21,34,14135,27,42,12,582,48,18971,4945,2,9,9,0,0,0,0,1,0,0,1,0,0,0,0,2,0,0,0,0,0,0,3,0,10,0,7,0,27,41,74,0,0,14,4,0,0,6,75,2,1,0,0,0,350,94,8,14,2,0,0,0,0
327,214,189,305,439,829,158,6,5,368,27,2,4,5067,170,330,0,14,35,7,8,4541,78,117,1,0,4,613,115190,8711,125,16,6,17,69,180,500,1,256,14,26947,2545,338,11,5,1055,58,78,6501,14,2,0,7,0,7,22,1,1,0,5,8,1,0,0,18,6,49,1,28,0,0,2,1,0,1,0,0,0,9,8,0,0,2,51,0,0,62,18,7,0,8,1,0,0,0,24,7,1,6,5
81,74,100,173,103,259,75,0,0,61,10,1,0,18741,184,220,0,22,9,5,3,559,7,47,1,17,2,24,8711,30505,97,41,2,12,67,131,431,4,185,0,8283,17437,296,4,16,21,32,29,1716,1484,5,0,2,1,8,6,0,0,0,2,8,0,0,0,10,6,39,0,18,1,0,2,1,0,0,1,0,0,4,1,0,0,2,21,0,0,35,13,4,0,3,1,0,0,0,10,7,2,4,2
3,4,7,115,14,25,13,886,40,975,832,90,55,103,1105,12694,1420,1101,487,585,4542,102,47,211,26,294,4,36,125,97,18462,265,41,147,234,1105,1072,138,477,11,69,511,22913,185,170,12,177,88,32,792,3,4,7,1,10,6,9,4,2,8,6,0,0,4,14,9,48,0,21,6,0,2,1,0,1,3,1,0,4,9,2,2,4,29,7,0,74,20,2,2,10,0,4,1,2,10,2,0,8,3
1,0,0,1,0,1,1,261,94,541,116,83,504,8,51,50,37,1040,32,787,279,211,484,32,560,13343,348,92,16,41,265,17232,4042,3649,2,17,53,1018,12,107,15,612,225,5631,6555,154,13942,2,1,405,0,0,0,0,1,0,2,3,0,7,0,1,46,2,3,0,3,9,2,73,0,90,3,189,0,311,288,11,0,4,125,115,0,4,336,96,2,0,2,235,2,133,757,7,83,0,0,0,1,0
0,0,0,0,1,0,0,1466,655,595,1246,6131,12688,1,6,52,328,604,25,4437,330,472,7224,42,1444,102,220,5,6,2,41,4042,11983,40,4,8,443,77,4,5,3,220,34,203,3362,81,3797,0,1,154,0,0,0,0,0,0,72,17,0,42,0,16,131,69,1,1,3,14,10,399,0,47,13,490,0,26,55,2,0,4,8,210,1,3,346,2,25,0,0,48,0,2,90,0,10,1,0,0,0,0
0,0,0,2,0,0,0,46,40,94,54,18,29,2,26,25,12,169,9,125,59,224,131,84,143,5402,591,8825,17,12,147,3649,40,35716,0,3,93,403,75,13959,5,89,93,13576,383,1977,13575,6,1,70,0,0,0,0,0,0,1,1,0,1,3,1,9,1,2,1,0,0,0,9,0,94,2,49,0,293,290,181,1,0,173,18,0,0,25,602,10,0,0,47,3,1492,811,86,134,0,0,0,0,2
5,12,14,81,36,583,2583,4,6,197,245,1,0,57,97,6774,1,9,17,1,34,55,1,321,4,2,0,1,69,67,234,2,4,0,5798,3763,1270,2,8974,0,17,94,499,5,1,3,3,3727,66,28,5,2,15,3,19,48,0,0,0,1,1,0,0,1,25,2,105,0,2,0,0,1,3,0,0,0,0,0,9,2,0,0,7,17,1,0,22,45,1,1,11,1,0,0,0,109,5,2,3,2
2,4,4,26,7,41,290,27,218,378,371,20,9,61,62,5265,24,72,2313,20,149,94,10,4459,80,11,13,4,180,131,1105,17,8,3,3763,11424,2298,15,3999,2,41,216,980,53,6,3,12,329,30,88,3,0,6,0,2,11,1,1,0,3,8,0,0,0,10,2,34,0,11,3,1,0,1,4,0,0,1,0,3,2,0,4,4,21,1,0,50,17,4,1,5,0,1,0,0,14,4,0,5,2
26,24,35,85,48,186,169,3782,17244,1004,785,345,709,322,173,2442,419,784,2232,1807,506,349,105,14117,2524,36,1424,62,500,431,1072,53,443,93,1270,2298,6263,27,7331,533,151,487,1371,402,104,23,108,1836,103,241,7,7,16,4,33,32,59,172,6,225,29,13,13,26,37,16,131,19,71,68,6,7,22,51,4,7,19,2,13,18,2,35,16,97,22,7,160,77,46,12,31,13,14,0,1,108,7,4,24,8
0,0,0,2,1,0,0,124,45,8,20,7,21,2,26,163,2,165,57,4638,5,57,185,30,534,4777,461,21,1,4,138,1018,77,403,2,15,27,14837,5,12,3,21,74,10954,4166,26,368,0,0,12,0,0,0,0,0,0,2,2,0,18,3,5,117,7,1,0,9,13,7,115,0,172,10,406,0,178,387,6,0,8,49,248,0,8,723,18,2,1,0,572,1,15,626,1,32,1,0,0,2,3
7,17,27,211,27,1150,1119,7,47,421,314,9,3,101,86,1564,9,38,116,4,158,112,3,12556,38,14,644,34,256,185,477,12,4,75,8974,3999,7331,5,30539,439,51,278,712,258,4,5,32,10916,123,154,1,1,7,0,13,13,0,1,0,2,1,0,0,0,8,4,42,0,7,1,0,2,0,4,0,1,0,3,2,1,0,3,3,9,1,0,26,15,3,0,6,5,4,0,1,38,2,0,1,0
0,0,0,0,0,2,0,0,139,11,10,1,1,1,0,4,0,8,1,15,1,106,32,457,74,102,11794,14135,14,0,11,107,5,13959,0,2,533,12,439,49765,1,2,5,7132,15,1236,1620,25,0,5,0,0,0,0,0,0,0,2,0,3,0,1,0,0,2,0,1,1,0,1,0,101,17,44,1,297,548,702,1,0,129,3,0,0,10,874,45,2,0,27,21,4417,1093,151,158,1,0,0,0,1
32,71,87,181,30,120,55,1,0,20708,52,3,1,265,120,286,1,22,14,1,8,16672,9,38,0,3,0,27,26947,8283,69,15,3,5,17,41,151,3,51,1,82339,10140,244,5,8,24,41,18,109,59,1,0,1,0,0,2,0,1,0,0,1,0,0,0,4,1,8,0,4,0,0,0,2,0,0,0,0,0,0,2,0,0,0,3,0,0,12,2,6,0,1,0,0,0,0,2,0,0,2,0
61,103,103,364,52,136,87,8,6,32663,73,26,95,2046,804,548,14,632,29,35,408,1115,152,77,19,149,5,42,2545,17437,511,612,220,89,94,216,487,21,278,2,10140,24788,1917,51,245,49,662,56,219,8839,0,1,2,0,9,14,0,1,0,0,4,1,2,1,9,2,35,1,17,3,0,1,1,4,1,2,2,0,4,1,2,5,4,26,3,2,36,20,6,1,3,1,4,0,2,8,4,1,5,5
45,46,10,796,84,80,39,24,23,3991,674,28,43,540,10554,18601,42,650,73,75,6219,349,25,142,28,147,2,12,338,296,22913,225,34,93,499,980,1371,74,712,5,244,1917,77567,150,138,7,165,218,159,6316,4,3,10,2,22,42,0,2,0,0,11,0,0,1,46,13,97,0,29,2,1,4,2,3,1,1,2,0,9,4,0,1,6,41,3,0,93,57,11,3,18,1,2,2,0,50,15,2,9,4
0,1,1,7,0,6,2,117,573,82,135,51,51,4,22,327,7,146,221,1712,30,768,1118,665,4235,10841,10132,582,11,4,185,5631,203,13576,5,53,402,10954,258,7132,5,51,150,66866,1538,891,5414,31,3,36,0,0,2,0,5,2,10,7,0,24,7,9,107,9,5,5,10,17,5,128,2,351,16,548,2,1476,1482,118,1,6,570,320,1,13,795,518,23,2,5,909,6,959,3727,37,400,19,2,1,6,3
0,0,0,0,1,0,0,1013,110,136,49,32,630,6,58,30,11,1299,24,5590,111,124,342,33,1004,3664,378,48,5,16,170,6555,3362,383,1,6,104,4166,4,15,8,245,138,1538,9159,54,1434,1,1,212,0,0,1,0,1,0,20,7,0,20,3,13,167,31,4,0,6,4,8,288,1,111,10,615,1,84,217,4,0,6,19,289,0,5,807,14,5,0,0,281,0,8,401,4,19,0,0,0,2,1
0,1,1,1,2,5,1,56,18,167,320,111,59,3,2,6,20,19,2,89,27,9018,4629,10,67,85,85,18971,1055,21,12,154,81,1977,3,3,23,26,5,1236,24,49,7,891,54,16462,12228,2,8,10,0,0,0,0,0,0,0,0,0,1,0,1,0,2,0,0,0,0,0,2,0,6,0,12,1,25,14,23,0,1,11,3,0,0,4,33,0,0,0,6,0,141,63,5,6,0,0,0,0,0
0,0,1,2,0,1,1,156,139,1708,974,571,594,7,26,46,157,614,28,414,580,1471,10754,51,650,2374,396,4945,58,32,177,13942,3797,13575,3,12,108,368,32,1620,41,662,165,5414,1434,12228,41494,5,0,351,0,0,0,0,0,0,2,3,0,8,0,5,72,2,2,0,3,5,0,104,1,131,5,211,2,362,235,92,1,2,170,106,0,2,338,318,8,0,1,205,1,618,859,35,107,0,0,0,1,1
9,70,87,390,495,4285,2660,1,4,131,136,0,1,87,135,4462,0,0,5,2,8,50,0,338,13,3,35,2,78,29,88,2,0,6,3727,329,1836,0,10916,25,18,56,218,31,1,2,5,11571,223,38,11,8,41,10,134,169,0,0,1,1,2,1,0,0,38,3,231,0,9,0,0,3,3,0,0,0,1,0,15,1,0,0,8,22,0,0,52,72,1,0,22,0,3,0,1,530,22,0,4,2
1564,526,205,747,6301,3393,112,0,0,50,16,0,0,18891,259,300,1,4,4,0,3,154,0,29,1,1,2,9,6501,1716,32,1,1,1,66,30,103,0,123,0,109,219,159,3,1,8,0,223,19159,2,1,0,5,0,3,3,0,0,0,0,0,0,0,0,8,2,18,1,4,0,0,0,1,0,0,0,0,0,3,0,0,0,1,5,0,0,8,2,1,0,1,0,0,0,0,10,3,1,1,1
0,2,0,15,0,37,8,8,1,6538,59,10,108,1699,11663,96,10,1561,11,26,2815,32,39,34,12,109,3,9,14,1484,792,405,154,70,28,88,241,12,154,5,59,8839,6316,36,212,10,351,38,2,23514,0,0,0,0,2,0,0,0,0,0,0,0,1,1,0,1,7,1,2,2,0,1,0,4,0,0,1,0,0,2,0,0,0,4,4,1,16,2,1,2,1,0,5,0,0,0,1,1,0,0
0,1,1,3,0,5,5,1,0,2,0,0,0,3,2,64,0,0,1,0,0,1,0,0,0,0,0,0,2,5,3,0,0,0,5,3,7,0,1,0,1,0,4,0,0,0,0,11,1,0,52999,21067,9276,24291,28329,938,0,0,1,0,21,2,0,0,10064,53,553,0,10,6,0,57,4,0,0,3,0,1,675,18,5,1,115,24,4,0,35,62,1,0,26,0,1,5,3,219,10507,33,179,6
0,0,0,1,1,4,2,0,1,0,2,0,0,1,1,43,0,0,0,0,0,1,0,1,0,0,0,0,0,0,4,0,0,0,2,0,7,0,1,0,0,1,3,0,0,0,0,8,0,0,21067,61211,10719,15553,3542,3259,0,2,1,0,61,0,0,0,3493,27,191,1,6,2,1,165,5,1,2,1,0,1,654,5,1,1,175,12,2,2,27,69,5,0,13,1,0,10,6,114,984,127,252,14
1,3,1,9,2,9,18,1,0,4,3,0,0,11,8,172,0,1,0,0,0,2,0,2,0,0,2,0,7,2,7,0,0,0,15,6,16,0,7,0,1,2,10,2,1,0,0,41,5,0,9276,10719,48386,413,1444,17550,2,5,2,5,382,13,1,0,18979,10789,8973,4,37,22,3,328,19,2,4,18,1,10,1215,144,10,9,481,281,18,11,69,168,50,9,60,0,2,21,20,167,2770,383,1151,72
0,1,0,1,0,205,4,0,0,1,0,0,0,0,1,17,0,0,0,0,0,0,0,0,0,0,0,0,0,1,1,0,0,0,3,0,4,0,0,0,0,0,2,0,0,0,0,10,0,0,24291,15553,413,46463,21085,11418,0,0,0,1,47,4,0,0,423,20,79,3,6,0,0,146,4,0,1,1,0,4,676,7,0,1,183,12,1,1,14,53,3,0,504,1,2,15,3,330,653,116,209,14
0,4,4,14,2,38,35,0,0,8,3,0,0,5,12,357,0,0,0,0,0,5,0,8,0,0,2,1,7,8,10,1,0,0,19,2,33,0,13,0,0,9,22,5,1,0,0,134,3,2,28329,3542,1444,21085,36722,6706,0,2,0,2,38,1,0,0,788,21,829,1,25,1,0,53,54,3,1,1,5,3,526,5,0,0,84,48,0,1,226,1350,4,0,1443,5,9,11,2,8125,5657,31,78,8
2,3,5,33,8,153,58,0,1,10,3,0,0,22,15,543,0,0,0,0,0,6,0,6,2,0,2,0,22,6,6,0,0,0,48,11,32,0,13,0,2,14,42,2,0,0,0,169,3,0,938,3259,17550,11418,6706,31833,0,0,0,1,122,4,0,0,254,35,5604,3,16,6,0,138,8,1,1,1,1,2,249,13,2,1,86,32,1,1,134,1578,6,1,590,1,0,4,0,1282,230,115,210,13
0,0,0,0,0,1,0,63,98,1,10,8,16,0,0,12,0,5,3,248,0,10,10,1,95,2,17,0,1,0,9,2,72,1,0,1,59,2,0,0,0,0,0,10,20,0,2,0,0,0,0,0,2,0,0,0,3670,4874,302,275,29,228,121,5311,4,2,23,1753,89,3204,14,31,81,148,1,27,137,0,1,86,37,2343,1,14,308,9,1601,0,1,4,4,1,16,1,27,0,4,4,2,1
0,0,0,0,0,0,0,93,140,2,9,5,28,1,0,3,1,8,2,121,1,0,11,1,35,0,7,1,1,0,4,3,17,1,0,1,172,2,1,2,1,1,2,7,7,0,3,0,0,0,0,2,5,0,2,0,4874,32636,5263,7530,754,1435,308,1878,23,21,177,7280,967,4893,181,316,375,72,12,40,47,5,11,516,21,336,2,111,174,4,2640,2,6,24,7,0,35,11,19,2,0,5,12,12
0,0,0,0,0,0,0,5,3,0,0,1,0,0,0,2,1,1,5,2,0,2,0,0,1,0,0,0,0,0,2,0,0,0,0,0,6,0,0,0,0,0,0,0,0,0,0,1,0,0,1,1,2,0,0,0,302,5263,4403,3073,565,634,49,98,8,11,465,4250,4348,204,100,68,85,10,13,10,2,3,3,816,4,48,5,88,59,3,281,3,9,6,10,0,1,1,6,1,2,2,19,12
0,0,0,0,0,0,0,88,139,4,10,10,23,0,0,7,6,8,7,138,1,7,4,6,70,2,30,0,5,2,8,7,42,1,1,3,225,18,2,3,0,0,0,24,20,1,8,1,0,0,0,0,5,1,2,1,275,7530,3073,54246,550,1094,242,603,8,4,82,674,6578,7622,217,303,20830,6928,22,31,777,20,10,119,32,238,0,51,86,28,12530,20,15,20,9,6,154,13,39,8,2,3,26,24
0,0,0,1,2,3,1,5,8,9,3,1,0,4,4,26,2,5,5,10,1,4,0,2,2,3,2,0,8,8,6,0,0,3,1,8,29,3,1,0,1,4,11,7,3,0,0,2,0,0,21,61,382,47,38,122,29,754,565,550,54513,5262,1162,112,286,263,834,1008,1751,119,6081,2856,951,26,1247,86,15,57,648,873,167,190,511,432,76,57,1088,492,653,55,578,16,130,167,463,103,54,18761,12324,7862
0,0,0,0,0,0,0,4,8,0,2,2,1,0,0,0,2,2,4,32,0,1,5,1,18,4,6,0,1,0,0,1,16,1,0,0,13,5,0,1,0,1,0,9,13,1,5,1,0,0,2,0,13,4,1,4,228,1435,634,1094,5262,11148,9487,1053,16,54,71,3252,606,365,9794,8261,168,219,795,28,46,9,39,681,32,278,28,114,69,10,205,33,283,38,47,0,71,92,78,4,6,23,173,840
0,0,0,0,0,0,0,11,23,0,3,7,11,0,0,2,1,12,2,125,0,4,53,4,205,25,65,2,0,0,0,46,131,9,0,0,13,117,0,0,0,2,0,107,167,0,72,0,0,1,0,0,1,0,0,0,121,308,49,242,1162,9487,17846,10621,30,35,27,4179,61,863,6111,5369,89,1074,378,37,224,2,13,387,89,7366,5,69,532,13,130,5,191,138,8,1,343,31,290,2,2,9,72,282
0,0,0,0,0,0,0,23,54,0,4,10,17,0,0,5,1,2,2,195,0,3,9,2,125,1,14,0,0,0,4,2,69,1,1,0,26,7,0,0,0,1,1,9,31,2,2,0,0,1,0,0,0,0,0,0,5311,1878,98,603,112,1053,10621,12888,20,23,27,9274,69,1315,1251,275,83,368,75,13,168,1,9,242,30,1488,5,39,92,6,639,3,52,12,3,0,19,9,49,1,2,1,18,66
1,2,3,11,4,10,14,1,0,8,6,0,0,18,15,218,0,1,3,3,2,4,2,0,3,5,1,0,18,10,14,3,1,2,25,10,37,1,8,2,4,9,46,5,4,0,2,38,8,0,10064,3493,18979,423,788,254,4,23,8,8,286,16,30,20,57737,11115,2267,10,177,83,27,361,86,9,66,192,4,62,3026,1147,215,116,14846,2532,230,53,320,264,2248,46,200,5,21,33,249,248,15699,222,4590,2034
0,0,1,3,0,1,3,0,0,4,3,0,0,1,4,35,1,0,2,0,1,3,0,0,4,0,0,0,6,6,9,0,1,1,2,2,16,0,4,0,1,2,13,5,0,0,0,3,2,1,53,27,10789,20,21,35,2,21,11,4,263,54,35,23,11115,42861,5960,13,201,86,23,254,85,7,61,70,6,29,591,1420,138,118,4459,10722,135,36,264,142,9678,11,170,1,6,22,187,35,367,122,10715,11004
2,5,6,38,8,47,94,4,5,30,16,2,0,53,49,858,1,3,5,4,3,22,2,13,10,1,7,0,49,39,48,3,3,0,105,34,131,9,42,1,8,35,97,10,6,0,3,231,18,7,553,191,8973,79,829,5604,23,177,465,82,834,71,27,27,2267,5960,44411,47,16351,760,27,301,342,97,98,95,11,14,501,4461,41,82,314,14830,175,22,1281,17594,400,69,2412,1,15,20,32,3421,562,261,1092,245
0,0,0,0,0,0,0,8,7,1,5,1,1,1,0,4,2,6,3,16,1,1,5,4,17,4,2,0,1,0,0,9,14,0,0,0,19,13,0,1,0,1,0,17,4,0,5,0,1,1,0,1,4,3,1,3,1753,7280,4250,674,1008,3252,4179,9274,10,13,47,5327,350,384,6897,571,161,109,1287,265,24,10,4,1535,551,1423,3,34,1683,50,349,5,43,39,1,1,54,15,532,1,0,1,13,67
0,2,1,3,1,4,8,7,6,16,7,1,2,11,6,78,4,4,6,23,2,6,2,11,15,0,6,0,28,18,21,2,10,0,2,11,71,7,7,0,4,17,29,5,8,0,0,9,4,2,10,6,37,6,25,16,89,967,4348,6578,1751,606,61,69,177,201,16351,350,21408,1439,148,221,7363,386,155,28,42,8,111,6377,26,81,112,1752,78,20,2155,5184,557,30,916,4,40,12,36,94,43,101,498,320
0,0,0,0,0,0,0,84,213,7,14,37,52,0,2,24,7,23,6,808,2,25,102,16,706,31,132,3,0,1,6,73,399,9,0,3,68,115,1,1,0,3,2,128,288,2,104,0,0,2,6,2,22,0,1,6,3204,4893,204,7622,119,365,863,1315,83,86,760,384,1439,23734,25,589,296,5334,18,873,798,11,28,591,240,5902,14,519,5546,111,2814,17,35,2233,19,5,440,33,199,0,14,9,47,31
0,0,0,0,0,0,0,4,4,0,0,1,0,0,0,0,0,0,1,1,0,0,0,0,1,0,1,0,0,0,0,0,0,0,0,1,6,0,0,0,0,0,1,2,1,0,1,0,0,0,0,1,3,0,0,0,14,181,100,217,6081,9794,6111,1251,27,23,27,6897,148,25,10044,767,164,12,10025,12,7,14,14,2213,49,152,9,53,21,10,167,14,1399,12,21,2,26,46,193,2,2,9,110,8187
0,0,0,2,0,0,0,4,10,4,0,2,4,2,1,18,0,3,5,51,1,2,40,7,152,53,124,10,2,2,2,90,47,94,1,0,7,172,2,101,0,1,4,351,111,6,131,3,0,1,57,165,328,146,53,138,31,316,68,303,2856,8261,5369,275,361,254,301,571,221,589,767,43990,110,778,392,1224,490,906,4939,558,1079,5485,1173,231,1312,1222,199,84,381,1070,103,451,3337,12233,5142,21,136,2705,2253,736
0,0,1,1,0,0,1,10,12,1,1,1,3,0,1,8,1,2,2,37,0,1,3,5,24,4,12,0,1,1,1,3,13,2,3,1,22,10,0,17,2,1,2,16,10,0,5,3,1,0,4,5,19,4,54,8,81,375,85,20830,951,168,89,83,86,85,342,161,7363,296,164,110,10456,3940,136,32,1163,32,47,207,26,89,45,203,53,24,11832,4058,262,30,3165,231,452,11,39,137,27,53,232,204
0,0,0,0,0,0,0,30,156,10,8,29,47,0,0,10,1,19,10,834,1,20,187,38,1272,86,567,7,0,0,0,189,490,49,0,4,51,406,4,44,0,4,3,548,615,12,211,0,0,4,0,1,2,0,3,1,148,72,10,6928,26,219,1074,368,9,7,97,109,386,5334,12,778,3940,23024,6,357,15307,80,5,57,179,1889,5,56,773,174,3372,8,12,459,138,430,3387,27,192,9,3,1,11,10
0,0,0,0,0,0,0,0,2,0,0,0,0,0,1,3,0,1,0,2,0,1,0,1,2,0,1,0,1,0,1,0,0,0,0,0,4,0,0,1,0,1,1,2,1,1,2,0,0,0,0,2,4,1,1,1,1,12,13,22,1247,795,378,75,66,61,98,1287,155,18,10025,392,136,6,8031,36,4,18,19,4978,93,165,20,599,55,28,143,28,4758,16,58,1,19,24,238,3,6,12,162,2266
0,0,0,0,0,0,0,0,9,4,1,2,1,0,0,0,1,4,3,26,2,12,30,2,113,243,265,27,0,1,3,311,26,293,0,0,7,178,1,297,0,2,1,1476,84,25,362,0,0,0,3,1,18,1,1,1,27,40,10,31,86,28,37,13,192,70,95,265,28,873,12,1224,32,357,36,23697,621,143,33,378,8821,231,31,129,7349,11408,24,4,54,7366,19,224,12109,206,2339,1,23,9,117,65
0,0,0,0,0,0,0,5,34,4,3,5,10,0,0,6,0,6,5,122,3,10,64,14,407,234,710,41,0,0,1,288,55,290,0,1,19,387,0,548,0,2,2,1482,217,14,235,1,0,1,0,0,1,0,5,1,137,47,2,777,15,46,224,168,4,6,11,24,42,798,7,490,1163,15307,4,621,14501,847,6,17,317,640,1,4,823,537,1867,1,4,465,656,6677,9907,82,288,15,1,0,7,12
0,0,0,0,0,0,0,0,0,0,0,0,0,0,0,0,0,0,0,2,0,2,2,1,4,10,29,74,0,0,0,11,2,181,0,0,2,6,3,702,0,0,0,118,4,23,92,0,0,0,1,1,10,4,3,2,0,5,3,20,57,9,2,1,62,29,14,10,8,11,14,906,32,80,18,143,847,47973,759,74,92,12,72,14,18,7188,101,1,32,51,101,24861,2018,22717,467,8,16,169,118,55
0,0,0,1,4,6,6,0,1,1,0,0,0,2,5,58,2,2,0,0,1,4,0,0,0,0,0,0,9,4,4,0,0,1,9,3,13,0,2,1,0,4,9,1,0,0,1,15,3,0,675,654,1215,676,526,249,1,11,3,10,648,39,13,9,3026,591,501,4,111,28,14,4939,47,5,19,33,6,759,203298,78,37,21,19090,195,39,45,148,120,112,5,109,15,17,1096,61,71,11496,21619,8371,207
0,0,1,2,1,2,0,5,1,4,3,1,2,0,3,21,1,1,2,5,0,1,1,1,8,1,3,0,8,1,9,4,4,0,2,2,18,8,1,0,2,1,4,6,6,1,2,1,0,2,18,5,144,7,5,13,86,516,816,119,873,681,387,242,1147,1420,4461,1535,6377,591,2213,558,207,57,4978,378,17,74,78,4056,510,488,101,3561,846,141,377,188,1196,81,155,4,53,29,574,35,57,50,578,691
0,0,0,0,0,0,0,2,1,0,0,1,1,0,0,1,0,0,1,10,0,3,11,3,31,90,72,14,0,0,2,125,8,173,0,0,2,49,0,129,0,2,0,570,19,11,170,0,0,0,5,1,10,0,0,2,37,21,4,32,167,32,89,30,215,138,41,551,26,240,49,1079,26,179,93,8821,317,92,37,510,14817,1999,45,82,4027,11946,32,9,176,852,12,290,2574,419,8983,3,14,17,289,212
0,0,0,0,0,0,0,15,70,3,2,15,20,0,0,5,1,8,4,419,3,8,94,14,485,55,188,4,0,0,2,115,210,18,0,4,35,248,3,3,0,5,1,320,289,3,106,0,0,0,1,1,9,1,0,1,2343,336,48,238,190,278,7366,1488,116,118,82,1423,81,5902,152,5485,89,1889,165,231,640,12,21,488,1999,24893,24,133,10986,69,315,7,170,611,11,10,981,37,8554,2,11,7,170,189
0,0,1,1,1,4,0,1,0,3,0,1,0,5,3,31,0,0,0,0,1,3,0,0,0,0,1,0,2,2,4,0,1,0,7,4,16,0,3,0,0,4,6,1,0,0,0,8,1,0,115,175,481,183,84,86,1,2,5,0,511,28,5,5,14846,4459,314,3,112,14,9,1173,45,5,20,31,1,72,19090,101,45,24,44239,208,42,21,150,105,246,4,101,2,5,127,59,29,1811,8414,41330,674
0,3,0,11,2,10,7,5,1,11,9,2,1,18,15,156,1,4,9,1,2,13,0,3,3,1,1,0,51,21,29,4,3,0,17,21,97,8,9,0,3,26,41,13,5,0,2,22,5,4,24,12,281,12,48,32,14,111,88,51,432,114,69,39,2532,10722,14830,34,1752,519,53,231,203,56,599,129,4,14,195,3561,82,133,208,25742,267,27,1415,1011,7657,44,870,0,17,10,93,233,144,98,1334,859
0,0,0,0,0,0,0,24,70,2,9,16,23,0,0,9,2,25,8,344,0,23,268,20,995,141,466,6,0,0,7,336,346,25,1,1,22,723,1,10,0,3,3,795,807,4,338,0,0,4,4,2,18,1,0,1,308,174,59,86,76,69,532,92,230,135,175,1683,78,5546,21,1312,53,773,55,7349,823,18,39,846,4027,10986,42,267,23694,462,64,3,130,3308,10,16,1233,41,1886,2,20,8,142,112
0,0,0,0,0,0,0,1,2,3,0,0,2,0,0,1,0,1,1,8,1,3,6,1,20,84,75,75,0,0,0,96,2,602,0,0,7,18,0,874,0,2,0,518,14,33,318,0,0,1,0,2,11,1,1,1,9,4,3,28,57,10,13,6,53,36,22,50,20,111,10,1222,24,174,28,11408,537,7188,45,141,11946,69,21,27,462,56552,35,2,36,793,26,7349,10054,10742,7574,3,9,14,79,71
0,4,3,5,7,14,17,97,89,65,34,19,18,29,9,188,28,42,63,67,33,18,3,27,34,1,3,2,62,35,74,2,25,10,22,50,160,2,26,45,12,36,93,23,5,0,8,52,8,16,35,27,69,14,226,134,1601,2640,281,12530,1088,205,130,639,320,264,1281,349,2155,2814,167,199,11832,3372,143,24,1867,101,148,377,32,315,150,1415,64,35,5571,1759,781,14,7940,526,290,13,43,1834,135,116,561,331
2,3,5,18,5,15,43,1,1,18,9,0,1,26,27,489,1,1,5,0,2,7,0,9,0,0,3,1,18,13,20,0,0,0,45,17,77,1,15,2,2,20,57,2,0,0,0,72,2,2,62,69,168,53,1350,1578,0,2,3,20,492,33,5,3,264,142,17594,5,5184,17,14,84,4058,8,28,4,1,1,120,188,9,7,105,1011,3,2,1759,20668,299,4,8040,1,4,2,6,6877,237,61,367,137
0,0,0,2,0,1,0,0,2,7,3,0,0,2,4,12,0,0,4,1,2,8,0,1,1,1,1,0,7,4,2,2,0,0,1,4,46,0,3,0,6,6,11,5,0,0,1,1,1,1,1,5,50,3,4,6,1,6,9,15,653,283,191,52,2248,9678,400,43,557,35,1399,381,262,12,4758,54,4,32,112,1196,176,170,246,7657,130,36,781,299,30770,16,391,6,23,31,324,35,38,90,3350,11752
0,0,0,0,0,0,0,8,19,4,1,4,4,0,0,3,1,14,5,68,2,7,105,11,371,168,480,0,0,0,2,235,48,47,1,1,12,572,0,27,0,1,3,909,281,6,205,0,0,2,0,0,9,0,0,1,4,24,6,20,55,38,138,12,46,11,69,39,30,2233,12,1070,30,459,16,7366,465,51,5,81,852,611,4,44,3308,793,14,4,16,22178,16,43,7509,53,626,1,8,8,13,10
0,1,2,4,1,19,10,3,1,5,7,0,0,7,7,144,1,4,3,1,1,7,0,4,0,2,4,0,8,3,10,2,0,3,11,5,31,1,6,21,1,3,18,6,0,0,1,22,1,1,26,13,60,504,1443,590,4,7,10,9,578,47,8,3,200,170,2412,1,916,19,21,103,3165,138,58,19,656,101,109,155,12,11,101,870,10,26,7940,8040,391,16,16615,385,275,15,23,12382,300,81,417,176
0,0,0,0,0,0,0,2,4,2,2,1,0,0,0,0,0,4,0,4,2,8,10,8,15,106,235,350,1,1,0,133,2,1492,1,0,13,15,5,4417,0,1,1,959,8,141,618,0,0,0,0,1,0,1,5,1,1,0,0,6,16,0,1,0,5,1,1,1,4,5,2,451,231,430,1,224,6677,24861,15,4,290,10,2,0,16,7349,526,1,6,43,385,41939,11499,1110,478,23,0,6,6,6
0,0,0,0,0,0,0,8,42,8,10,6,10,0,0,3,2,12,9,87,7,19,144,25,599,656,886,94,0,0,4,757,90,811,0,1,14,626,4,1093,0,4,2,3727,401,63,859,3,0,5,1,0,2,2,9,0,16,35,1,154,130,71,343,19,21,6,15,54,40,440,26,3337,452,3387,19,12109,9907,2018,17,53,2574,981,5,17,1233,10054,290,4,23,7509,275,11499,37597,507,2964,11,7,5,44,47
0,0,0,0,0,0,1,0,0,1,0,0,0,0,0,1,0,0,0,1,0,0,0,0,3,2,13,8,0,0,1,7,0,86,0,0,0,1,0,151,0,0,2,37,4,5,35,0,0,0,5,10,21,15,11,4,1,11,1,13,167,92,31,9,33,22,20,15,12,33,46,12233,11,27,24,206,82,22717,1096,29,419,37,127,10,41,10742,13,2,31,53,15,1110,507,29055,7305,0,21,297,186,84
0,0,0,0,0,0,0,0,4,0,0,0,1,0,0,0,0,2,0,13,0,1,6,1,28,78,59,14,0,0,2,83,10,134,0,0,1,32,1,158,0,2,0,400,19,6,107,1,0,0,3,6,20,3,2,0,27,19,6,39,463,78,290,49,249,187,32,532,36,199,193,5142,39,192,238,2339,288,467,61,574,8983,8554,59,93,1886,7574,43,6,324,626,23,478,2964,7305,30367,3,13,32,511,482
3,7,13,67,9,101,162,5,13,15,12,1,3,27,38,1165,0,0,2,1,1,13,0,43,8,1,5,2,24,10,10,0,1,0,109,14,108,1,38,1,2,8,50,19,0,0,0,530,10,0,219,114,167,330,8125,1282,0,2,1,8,103,4,2,1,248,35,3421,1,94,0,2,21,137,9,3,1,15,8,71,35,3,2,29,233,2,3,1834,6877,35,1,12382,23,11,0,3,13186,741,16,121,46
1,1,1,2,0,3,17,1,1,4,4,0,0,7,4,91,0,0,1,0,0,3,1,2,1,0,0,0,7,7,2,0,0,0,5,4,7,0,2,0,0,4,15,2,0,0,0,22,3,1,10507,984,2770,653,5657,230,4,0,2,2,54,6,2,2,15699,367,562,0,43,14,2,136,27,3,6,23,1,16,11496,57,14,11,1811,144,20,9,135,237,38,8,300,0,7,21,13,741,49297,185,3354,54
0,0,0,0,0,0,0,0,0,1,1,0,0,1,1,12,1,0,0,0,0,1,0,1,0,0,0,0,1,2,0,0,0,0,2,0,4,0,0,0,0,1,2,1,0,0,0,0,1,1,33,127,383,116,31,115,4,5,2,3,18761,23,9,1,222,122,261,1,101,9,9,2705,53,1,12,9,0,169,21619,50,17,7,8414,98,8,14,116,61,90,8,81,6,5,297,32,16,185,40568,6627,164
0,0,0,3,0,0,6,3,3,6,5,0,0,8,5,44,1,1,0,0,0,2,0,2,1,2,2,0,6,4,8,1,0,0,3,5,24,2,1,0,2,5,9,6,2,0,1,4,1,0,179,252,1151,209,78,210,2,12,19,26,12324,173,72,18,4590,10715,1092,13,498,47,110,2253,232,11,162,117,7,118,8371,578,289,170,41330,1334,142,79,561,367,3350,13,417,6,44,186,511,121,3354,6627,58202,10567
0,0,1,0,0,2,0,1,2,1,4,0,0,1,2,9,0,2,0,1,0,1,1,0,3,0,1,0,5,2,3,0,0,2,2,2,8,3,0,1,0,5,4,3,1,0,1,2,1,0,6,14,72,14,8,13,1,12,12,24,7862,840,282,66,2034,11004,245,67,320,31,8187,736,204,10,2266,65,12,55,207,691,212,189,674,859,112,71,331,137,11752,10,176,6,47,84,482,46,54,164,10567,8666
