13716,2214,6832,1431,12103,3000,785,4,4,99,19,0,1,7456,997,169,0,8,8,28,1,469,0,1,5,7,0,1,204,289,10,0,8,1,40,11,62,3,23,0,127,386,173,3,18,0,0,23,1581,46,18,25,13,130,7,17,1,1,0,0,2,0,0,0,7,3,27,0,14,2,0,5,0,0,0,0,0,0,1,1,0,0,5,2,0,0,9,13,2,0,7,0,1,0,0,5,1,0,2,1
2214,20968,10850,12573,397,133,270,3,5,615,83,0,0,2863,1511,364,0,5,8,14,3,733,2,3,0,2,1,1,68,149,19,2,3,1,200,43,370,3,81,0,123,482,109,0,3,0,0,25,184,280,81,234,145,52,59,243,0,0,4,4,13,2,0,0,115,6,108,1,50,3,2,6,3,3,1,0,0,0,15,11,0,2,22,33,0,0,36,146,5,2,29,0,2,0,0,53,16,4,17,7
6832,10850,21327,12175,2927,2711,8091,0,5,241,20,0,0,522,133,220,0,3,8,6,0,336,0,0,0,1,0,2,44,75,3,0,1,0,137,20,243,0,42,0,66,258,20,1,0,1,0,76,58,113,82,512,96,963,108,258,1,0,3,0,14,0,0,0,69,9,91,0,33,2,0,10,7,1,1,0,1,0,12,2,0,2,15,15,0,0,20,111,5,0,30,0,1,0,1,76,7,4,10,1
1431,12573,12175,35374,604,2280,11950,51,56,1222,258,0,5,2376,7756,7206,0,33,54,215,8,509,18,19,19,44,10,7,89,189,148,19,47,5,680,98,829,27,167,0,120,483,725,12,94,0,4,243,182,333,162,484,329,141,215,631,2,1,4,7,28,3,1,0,220,17,224,3,86,14,0,20,7,6,5,1,6,0,13,11,0,5,26,36,0,0,52,324,11,3,78,0,6,0,1,290,15,5,13,6
12103,397,2927,604,15596,16934,1451,5,2,36,10,0,0,4170,172,173,0,2,5,22,0,50,0,10,2,5,2,1,73,118,10,1,7,0,127,7,40,2,50,1,22,28,107,3,9,0,0,493,1745,5,5,10,9,104,14,9,0,0,2,0,0,0,0,0,7,1,13,0,7,2,0,2,0,1,0,0,1,0,2,0,0,1,3,1,0,0,3,12,0,0,4,0,0,0,0,7,2,0,1,0
3000,133,2711,2280,16934,16425,13753,1,9,33,11,0,0,235,90,578,0,1,11,9,1,12,2,15,1,8,5,1,15,10,17,0,0,0,1011,32,111,0,244,0,2,6,306,3,3,0,0,2532,1242,6,13,33,16,532,170,118,0,0,0,0,1,0,0,0,5,1,14,0,6,2,0,2,0,1,0,0,0,0,2,0,0,0,1,0,0,0,2,18,0,0,11,0,1,0,0,47,2,0,0,0
785,270,8091,11950,1451,13753,18227,0,15,107,35,0,0,39,37,1702,0,4,19,26,4,43,2,15,4,7,2,0,7,12,8,1,7,1,1744,64,250,1,47,1,5,38,15,5,9,0,0,428,59,13,27,109,73,164,176,318,1,0,0,1,3,4,0,0,27,2,40,0,9,1,0,8,4,1,0,0,3,0,2,0,1,1,4,5,0,0,18,57,2,0,21,0,1,0,0,181,5,0,5,1
4,3,0,51,5,1,0,38442,4069,96,2923,755,5391,163,294,473,1845,18113,944,7052,369,1420,744,271,135,108,478,14,4,30,478,71,2864,25,9,8,2296,43,5,7,3,38,545,91,466,54,39,1,15,497,1,0,4,0,0,0,681,482,25,552,35,119,116,257,9,1,8,377,19,717,205,88,47,306,87,3,82,1,0,45,9,212,8,6,20,7,424,2,1,18,2,0,45,2,19,0,0,0,4,5
4,5,5,56,2,9,15,4069,50441,451,1653,1255,1332,59,62,767,945,815,1748,7208,1292,1073,659,15894,6569,281,1434,48,55,46,405,74,586,38,359,2876,11539,161,1008,12,44,117,411,594,52,31,49,40,7,36,1,3,10,1,1,7,765,652,119,768,117,146,74,257,11,10,49,592,160,717,301,82,84,207,217,9,87,1,9,150,18,153,22,26,29,3,639,31,48,26,23,3,65,2,8,2,1,5,45,31
99,615,241,1222,36,33,107,96,451,35911,4941,977,54,324,885,1671,47,293,489,116,11048,3159,1213,116,21,195,39,46,20,41,602,724,571,35,353,211,1136,58,238,4,14022,21148,1935,179,25,261,325,76,44,11154,6,16,16,1,9,18,6,64,89,130,77,29,9,12,14,10,29,174,109,17,129,30,24,11,143,3,9,0,12,97,9,22,25,17,5,2,93,33,43,12,24,0,25,0,5,4,4,8,39,27
19,83,20,258,10,11,35,2923,1653,4941,3218,8859,964,78,135,995,1161,1006,1096,672,3888,2624,3499,114,65,136,93,30,15,13,373,202,785,27,229,203,700,103,190,8,7,118,390,170,44,148,257,46,6,68,2,4,3,0,6,7,28,78,29,117,34,48,11,13,14,7,18,202,42,39,125,28,21,24,103,3,18,2,0,43,19,29,7,15,14,1,72,7,19,12,10,1,21,1,4,3,3,1,9,11
0,0,0,0,0,0,0,755,1255,977,8859,15509,15951,2,4,24,4442,647,44,1062,4338,631,5029,105,130,42,201,3,1,3,287,99,6699,5,5,11,473,45,0,3,2,34,69,64,25,37,318,0,0,19,0,0,0,0,0,0,44,54,3,68,9,18,8,9,1,0,2,116,2,56,67,12,5,33,17,1,18,0,0,12,12,27,1,2,10,0,53,0,2,10,0,1,22,2,2,0,0,0,1,1
1,0,0,5,0,0,0,5391,1332,54,964,15951,16146,27,11,31,8105,4689,30,3061,1227,174,683,87,175,34,364,7,3,18,100,134,11334,19,1,4,610,60,0,0,2,38,68,26,108,13,115,1,1,184,0,0,1,0,0,1,255,149,3,171,3,28,21,87,1,0,3,38,3,339,12,30,7,114,5,0,48,0,0,4,6,102,0,2,15,1,128,0,0,5,0,1,21,0,2,0,1,0,0,0
7456,2863,522,2376,4170,235,39,163,59,324,78,2,27,70495,20037,1270,0,149,103,242,14,978,20,35,31,76,35,27,4021,35050,469,102,368,15,360,319,1258,19,539,9,768,1695,1680,19,179,5,16,78,14849,2538,61,129,56,27,7,68,3,1,7,21,23,6,3,0,92,54,167,5,238,30,2,33,16,24,9,1,9,1,20,32,6,14,61,94,2,1,89,158,41,4,55,0,15,1,3,8,7,11,25,23
997,1511,133,7756,172,90,37,294,62,885,135,4,11,20037,14166,3807,0,289,76,460,15,293,24,6,32,92,41,22,170,600,423,40,261,12,192,95,502,35,164,4,132,567,5710,12,291,1,8,23,368,5854,55,123,51,19,14,85,11,2,8,4,12,7,5,1,88,17,106,4,89,13,1,16,5,29,4,0,12,0,17,11,5,20,22,32,5,2,35,108,17,5,26,0,13,0,1,9,12,5,11,6
169,364,220,7206,173,578,1702,473,767,1671,995,24,31,1270,3807,28344,7,1368,6859,1586,165,510,67,161,121,213,58,39,162,512,8290,71,157,22,783,4226,1304,137,243,6,135,552,11147,119,299,6,23,190,110,207,161,378,269,94,125,418,21,19,41,69,95,14,4,7,230,60,319,27,464,54,29,75,23,36,65,3,20,2,40,88,10,48,109,197,6,3,196,372,111,10,125,2,29,2,3,143,32,14,91,68
0,0,0,0,0,0,0,1845,945,47,1161,4442,8105,0,0,7,5372,1779,8,71,6660,180,329,89,4,6,3,0,0,0,1336,23,292,3,0,1,421,2,1,0,0,6,22,12,2,8,31,0,0,4,0,0,0,0,0,0,10,47,0,32,6,25,6,9,1,0,1,90,1,10,47,7,3,3,4,1,2,0,0,3,1,11,0,1,1,1,97,1,1,1,0,0,3,1,1,0,0,0,0,0
8,5,3,33,2,1,4,18113,815,293,1006,647,4689,149,289,1368,1779,3863,735,1327,1667,184,442,172,49,46,71,5,19,115,3959,189,3773,6,30,30,1143,43,21,0,21,387,1821,44,233,17,122,2,10,2095,2,4,1,1,0,2,25,184,61,200,73,71,23,18,3,5,22,454,44,73,288,24,37,41,194,1,22,1,2,97,7,45,14,11,6,1,178,18,33,7,8,0,18,1,5,1,2,3,28,24
8,8,8,54,5,11,19,944,1748,489,1096,44,30,103,76,6859,8,735,8289,1006,357,319,68,873,136,71,46,22,123,159,787,17,45,4,145,3406,1247,83,146,3,98,225,811,90,32,4,9,9,10,62,2,8,4,1,1,9,9,22,85,132,95,22,2,9,18,40,104,53,355,31,55,38,35,12,140,4,14,0,25,170,6,16,77,110,10,5,152,79,176,5,64,3,13,2,3,3,2,6,96,78
28,14,6,215,22,9,26,7052,7208,116,672,1062,3061,242,460,1586,71,1327,1006,31164,196,813,2222,161,3565,480,1574,57,36,65,803,243,13736,72,133,261,1406,1419,44,11,19,100,949,460,4990,58,241,9,25,245,4,4,14,0,3,4,968,366,33,538,26,125,288,380,21,13,24,91,39,1494,61,423,51,1660,46,32,411,4,4,41,67,1109,21,38,270,15,165,6,16,179,8,7,361,5,66,2,0,2,13,10
1,3,0,8,0,1,4,369,1292,11048,3888,4338,1227,14,15,165,6660,1667,357,196,21647,270,1506,244,23,223,43,23,5,53,3569,774,1444,28,46,98,1878,63,23,1,53,1359,3144,157,26,177,380,5,1,1666,1,1,2,0,0,1,9,113,69,188,79,76,14,17,3,5,18,402,62,28,265,43,34,13,135,5,4,0,1,90,5,23,16,11,7,1,165,9,29,12,6,0,23,1,6,1,0,3,19,20
469,733,336,509,50,12,43,1420,1073,3159,2624,631,174,978,293,510,180,184,319,813,270,11808,2567,115,176,381,302,3915,5245,877,378,252,185,734,114,197,603,235,198,221,30544,3224,449,1076,98,7230,680,35,215,424,15,21,11,2,3,14,42,32,35,90,46,16,14,25,28,41,90,27,225,70,16,81,18,68,45,40,53,8,13,77,53,80,63,90,24,25,77,69,128,46,46,18,139,1,21,3,4,5,42,40
0,2,0,18,0,2,2,744,659,1213,3499,5029,683,20,24,67,329,442,68,2222,1506,2567,13510,55,822,1952,1617,385,7,41,98,7746,8865,559,14,35,141,2147,11,105,9,210,159,4498,589,5141,11212,2,1,69,2,0,4,0,0,1,74,29,6,68,9,32,57,45,17,6,3,23,9,194,16,329,11,410,9,146,429,15,1,12,277,500,4,1,183,59,18,0,3,365,2,35,913,6,171,0,0,0,4,5
1,3,0,19,10,15,15,271,15894,116,114,105,87,35,6,161,89,172,873,161,244,115,55,2409,1039,148,3624,83,53,45,127,48,56,70,438,4652,8637,25,3484,284,41,112,183,893,4,9,23,353,38,19,2,7,6,1,31,8,32,22,17,59,26,19,7,10,7,5,23,37,117,27,15,20,8,7,19,6,10,2,8,33,8,6,14,30,6,3,69,15,33,8,15,6,16,2,5,13,1,0,36,14
5,0,0,19,2,1,4,135,6569,21,65,130,175,31,32,121,4,49,136,3565,23,176,822,1039,10976,133,11254,12,4,19,22,72,1680,32,49,162,1141,110,29,18,9,19,59,4352,92,27,123,8,0,43,0,2,1,0,0,3,190,67,8,117,6,63,160,88,16,6,9,24,15,955,14,394,20,1286,9,24,977,2,3,19,56,1025,8,15,332,14,57,3,2,344,3,8,630,11,49,0,0,1,3,1
7,2,1,44,5,8,7,108,281,195,136,42,34,76,92,213,6,46,71,480,223,381,1952,148,133,31984,825,129,12,38,62,7566,687,7617,70,104,87,6558,35,74,8,81,160,15783,6050,456,993,21,8,68,0,2,0,0,0,1,7,6,1,10,10,13,10,1,8,4,3,6,2,21,9,276,7,68,7,259,274,23,1,10,570,159,9,4,50,131,8,1,6,167,5,84,816,18,187,2,1,0,8,5
0,1,0,10,2,5,2,478,1434,39,93,201,364,35,41,58,3,71,46,1574,43,302,1617,3624,11254,825,33043,1213,7,15,39,1124,1434,983,18,39,1060,288,333,7317,3,28,50,19392,310,189,896,101,5,71,0,2,4,0,3,1,44,13,7,28,12,12,42,23,15,3,4,4,4,145,5,334,8,305,11,171,1113,37,5,10,309,437,4,3,134,60,7,4,3,294,0,319,964,11,150,1,2,0,8,2
1,1,2,7,1,1,0,14,48,46,30,3,7,27,22,39,0,5,22,57,23,3915,385,83,12,129,1213,74934,1051,15,6,133,45,17955,15,16,168,35,63,25903,27,26,25,1475,34,28950,5611,14,2,30,0,0,0,0,0,0,2,0,0,2,0,0,0,0,1,0,0,0,0,2,1,33,0,9,2,57,77,74,1,1,78,13,1,0,10,217,2,0,0,30,0,975,221,45,34,1,0,0,1,1
204,68,44,89,73,15,7,4,55,20,15,1,3,4021,170,162,0,19,123,36,5,5245,7,53,4,12,7,1051,89425,8578,119,16,34,9,43,82,295,6,101,20,50848,710,126,10,10,534,19,26,8521,77,6,13,7,0,2,2,0,2,14,16,20,3,1,2,8,17,33,2,103,10,2,15,2,5,16,0,1,0,8,25,2,4,23,45,0,0,34,25,52,1,26,0,3,0,2,0,0,3,15,11
289,149,75,189,118,10,12,30,46,41,13,3,18,35050,600,512,0,115,159,65,53,877,41,45,19,38,15,15,8578,35092,282,154,389,13,135,226,585,14,240,0,12180,8251,477,20,36,10,43,25,4652,1896,7,16,10,1,4,8,2,3,15,26,28,2,0,2,19,37,67,6,218,11,5,21,9,7,13,0,5,0,17,39,0,7,46,75,0,0,61,62,71,2,30,1,3,0,1,2,7,5,35,27
10,19,3,148,10,17,8,478,405,602,373,287,100,469,423,8290,1336,3959,787,803,3569,378,98,127,22,62,39,6,119,282,19413,40,231,7,51,157,1197,35,113,4,93,527,11983,15,221,8,33,6,44,856,13,31,7,7,4,10,12,34,125,136,115,29,7,12,29,45,124,81,346,39,80,54,31,19,131,4,16,1,23,155,5,25,73,112,7,1,163,85,116,5,57,2,12,2,3,4,7,6,80,44
0,2,0,19,1,0,1,71,74,724,202,99,134,102,40,71,23,189,17,243,774,252,7746,48,72,7566,1124,133,16,154,40,24255,6291,3027,10,13,33,1341,11,82,23,479,185,3194,9552,1090,19145,0,3,307,0,0,3,0,2,1,1,9,2,10,17,21,19,3,12,4,5,11,4,10,12,439,12,61,8,394,487,18,6,14,752,229,7,5,53,174,6,0,10,352,1,106,1328,17,300,0,0,0,11,10
8,3,1,47,7,0,7,2864,586,571,785,6699,11334,368,261,157,292,3773,45,13736,1444,185,8865,56,1680,687,1434,45,34,389,231,6291,30299,103,29,32,224,1699,9,5,49,868,553,885,7510,78,8006,4,10,1707,0,0,4,0,0,2,149,39,8,75,7,45,82,67,18,6,9,13,23,404,12,273,15,723,5,23,267,2,4,15,55,551,5,6,210,6,28,2,5,237,5,5,363,4,50,2,0,0,9,1
1,1,0,5,0,0,1,25,38,35,27,5,19,15,12,22,3,6,4,72,28,734,559,70,32,7617,983,17955,9,13,7,3027,103,56225,4,1,56,47,21,12222,1,21,22,4925,119,2442,7647,11,3,26,0,0,1,0,1,0,0,1,0,10,8,1,4,3,3,3,0,2,0,4,4,132,2,14,4,237,141,118,1,0,359,32,6,0,9,761,1,1,2,42,2,773,924,126,125,0,0,0,2,5
40,200,137,680,127,1011,1744,9,359,353,229,5,1,360,192,783,0,30,145,133,46,114,14,438,49,70,18,15,43,135,51,10,29,4,4461,2484,1342,21,6917,6,28,92,167,51,27,2,5,2091,91,41,100,221,133,52,113,240,2,4,8,15,33,3,2,3,135,28,179,8,149,9,5,14,12,14,10,0,2,0,21,25,1,7,44,48,2,0,78,198,21,3,50,0,6,0,1,125,15,7,21,11
11,43,20,98,7,32,64,8,2876,211,203,11,4,319,95,4226,1,30,3406,261,98,197,35,4652,162,104,39,16,82,226,157,13,32,1,2484,6053,2720,51,6722,4,64,158,309,96,20,1,13,123,21,65,25,56,22,8,5,32,4,6,24,50,49,8,1,1,54,52,136,14,401,17,11,46,25,13,30,2,10,0,22,73,7,13,73,108,4,1,127,115,76,13,76,0,14,1,0,8,6,15,47,37
62,370,243,829,40,111,250,2296,11539,1136,700,473,610,1258,502,1304,421,1143,1247,1406,1878,603,141,8637,1141,87,1060,168,295,585,1197,33,224,56,1342,2720,6126,41,5451,625,179,545,1580,405,27,27,33,907,93,209,9,39,19,1,26,24,45,75,34,118,109,30,18,19,31,60,140,107,456,56,81,46,35,35,74,2,9,4,24,83,6,25,84,139,4,3,468,144,156,8,56,29,17,0,5,23,4,17,66,70
3,3,0,27,2,0,1,43,161,58,103,45,60,19,35,137,2,43,83,1419,63,235,2147,25,110,6558,288,35,6,14,35,1341,1699,47,21,51,41,10568,19,6,1,30,71,8589,2581,18,807,5,3,48,1,3,1,0,0,1,11,8,5,13,6,18,30,11,8,2,5,9,11,48,5,287,8,273,5,79,277,3,2,8,104,324,5,3,182,18,2,3,1,318,0,13,550,6,89,0,1,1,4,2
23,81,42,167,50,244,47,5,1008,238,190,0,0,539,164,243,1,21,146,44,23,198,11,3484,29,35,333,63,101,240,113,11,9,21,6917,6722,5451,19,19241,198,80,176,197,237,3,2,11,6989,252,69,31,60,36,18,39,63,0,1,11,17,26,5,0,0,44,20,89,5,191,9,8,16,13,0,8,0,4,0,19,33,2,3,33,53,3,0,74,74,27,1,58,10,4,0,1,50,4,8,26,9
0,0,0,0,1,0,1,7,12,4,8,3,0,9,4,6,0,0,3,11,1,221,105,284,18,74,7317,25903,20,0,4,82,5,12222,6,4,625,6,198,29004,0,4,4,16225,1,1254,536,80,1,1,1,0,1,1,0,0,0,0,0,4,7,0,2,0,1,3,0,1,0,2,4,110,2,7,1,121,191,404,1,2,182,11,4,0,0,1164,3,0,0,16,3,4190,730,279,109,2,0,0,3,3
127,123,66,120,22,2,5,3,44,14022,7,2,2,768,132,135,0,21,98,19,53,30544,9,41,9,8,3,27,50848,12180,93,23,49,1,28,64,179,1,80,0,38282,8650,128,3,2,8,4,11,169,241,2,8,2,1,1,2,1,1,9,11,17,2,0,0,7,8,30,1,89,3,4,8,3,2,11,0,0,0,5,20,3,2,14,25,0,0,25,25,30,0,9,0,3,0,1,0,0,3,12,9
386,482,258,483,28,6,38,38,117,21148,118,34,38,1695,567,552,6,387,225,100,1359,3224,210,112,19,81,28,26,710,8251,527,479,868,21,92,158,545,30,176,4,8650,26762,2882,64,27,73,137,19,221,6591,4,16,8,4,0,12,2,7,27,42,29,10,3,0,22,26,58,13,161,17,10,19,12,10,33,4,6,0,10,50,6,8,29,61,3,0,64,37,78,4,35,1,13,1,4,1,1,7,41,31
173,109,20,725,107,306,15,545,411,1935,390,69,68,1680,5710,11147,22,1821,811,949,3144,449,159,183,59,160,50,25,126,477,11983,185,553,22,167,309,1580,71,197,4,128,2882,40615,43,340,27,55,23,153,16756,18,74,38,16,6,46,9,18,91,116,78,16,4,10,45,22,132,33,359,47,42,50,19,33,76,0,23,1,26,147,8,35,69,106,5,1,158,87,81,6,62,0,16,0,2,4,5,12,72,43
3,0,1,12,3,3,5,91,594,179,170,64,26,19,12,119,12,44,90,460,157,1076,4498,893,4352,15783,19392,1475,10,20,15,3194,885,4925,51,96,405,8589,237,16225,3,64,43,77446,439,953,2226,93,7,27,1,0,3,0,3,3,13,16,6,29,15,21,22,8,14,9,2,12,8,43,17,685,15,269,21,734,1247,76,2,25,1363,517,18,9,208,479,9,0,5,751,4,419,2920,76,484,3,0,1,28,13
18,3,0,94,9,3,9,466,52,25,44,25,108,179,291,299,2,233,32,4990,26,98,589,4,92,6050,310,34,10,36,221,9552,7510,119,27,20,27,2581,3,1,2,27,340,439,24179,4,169,3,26,143,1,1,0,0,0,1,7,5,3,24,2,13,24,6,9,4,2,9,4,90,11,208,5,299,8,48,242,1,1,7,61,355,3,3,191,16,5,0,0,247,0,8,442,6,60,2,2,0,3,3
0,0,1,0,0,0,0,54,31,261,148,37,13,5,1,6,8,17,4,58,177,7230,5141,9,27,456,189,28950,534,10,8,1090,78,2442,2,1,27,18,2,1254,8,73,27,953,4,15257,8966,4,1,16,0,0,0,0,0,0,1,0,1,2,1,0,1,3,0,0,0,3,1,1,1,25,0,10,0,42,38,15,0,1,69,8,1,1,2,120,2,0,0,14,2,109,190,13,29,0,0,0,1,0
0,0,0,4,0,0,0,39,49,325,257,318,115,16,8,23,31,122,9,241,380,680,11212,23,123,993,896,5611,19,43,33,19145,8006,7647,5,13,33,807,11,536,4,137,55,2226,169,8966,37843,5,1,78,3,0,0,0,0,1,8,0,3,10,2,2,13,4,8,1,0,12,3,20,9,219,3,63,6,151,236,32,3,6,333,163,4,1,51,195,6,2,0,179,0,176,782,33,142,1,0,0,3,2
23,25,76,243,493,2532,428,1,40,76,46,0,1,78,23,190,0,2,9,9,5,35,2,353,8,21,101,14,26,25,6,0,4,11,2091,123,907,5,6989,80,11,19,23,93,3,4,5,4328,683,9,12,20,8,9,81,30,0,1,0,0,2,0,0,0,1,0,7,1,15,0,1,2,3,1,0,0,0,0,4,1,0,0,9,10,0,2,7,15,3,1,8,3,2,0,0,136,11,1,1,1
1581,184,58,182,1745,1242,59,15,7,44,6,0,1,14849,368,110,0,10,10,25,1,215,1,38,0,8,5,2,8521,4652,44,3,10,3,91,21,93,3,252,1,169,221,153,7,26,1,1,683,19343,115,9,16,7,2,3,8,0,1,3,3,1,0,0,0,3,3,11,0,13,1,2,1,3,1,1,0,1,0,5,6,0,0,6,12,0,0,6,13,4,0,5,0,2,0,0,1,0,0,2,1
46,280,113,333,5,6,13,497,36,11154,68,19,184,2538,5854,207,4,2095,62,245,1666,424,69,19,43,68,71,30,77,1896,856,307,1707,26,41,65,209,48,69,1,241,6591,16756,27,143,16,78,9,115,18185,3,5,5,1,0,3,4,4,6,18,15,2,6,2,8,15,26,11,65,25,17,9,6,26,19,1,7,0,5,17,2,12,14,20,1,0,40,23,17,5,5,0,10,0,3,2,2,3,15,5
18,81,82,162,5,13,27,1,1,6,2,0,0,61,55,161,0,2,2,4,1,15,2,2,0,0,0,0,6,7,13,0,0,0,100,25,9,1,31,1,2,4,18,1,1,0,3,12,9,3,48149,14627,3188,5606,12517,1501,2,8,8,5,174,8,2,2,19875,142,388,3,80,80,0,282,17,26,6,8,5,1,913,6,2,19,813,77,24,6,509,502,4,48,260,2,42,0,2,156,10328,87,333,14
25,234,512,484,10,33,109,0,3,16,4,0,0,129,123,378,0,4,8,4,1,21,0,7,2,2,2,0,13,16,31,0,0,0,221,56,39,3,60,0,8,16,74,0,1,0,0,20,16,5,14627,63850,13598,14346,2336,5943,3,1,3,3,259,5,0,2,4684,29,356,1,49,7,4,651,10,3,4,2,2,2,442,2,1,5,920,17,5,3,736,879,13,15,210,2,5,1,1,96,437,155,576,23
13,145,96,329,9,16,73,4,10,16,3,0,1,56,51,269,0,1,4,14,2,11,4,6,1,0,4,0,7,10,7,3,4,1,133,22,19,1,36,1,2,8,38,3,0,0,0,8,7,5,3188,13598,31393,850,884,13034,28,38,62,72,1259,60,8,17,12014,4253,6471,6,348,317,23,665,26,85,8,14,40,5,210,45,19,65,559,160,103,8,465,744,31,131,192,3,137,4,4,144,234,162,1383,65
130,52,963,141,104,532,164,0,1,1,0,0,0,27,19,94,0,1,1,0,0,2,0,1,0,0,0,0,0,1,7,0,0,0,52,8,1,0,18,1,1,4,16,0,0,0,0,9,2,1,5606,14346,850,25326,11571,20218,0,0,0,1,47,4,0,0,119,2,306,0,5,4,0,52,1,3,0,0,0,0,27,1,0,2,63,4,0,0,83,216,1,1,30,0,2,0,0,63,207,12,57,2
7,59,108,215,14,170,176,0,1,9,6,0,0,7,14,125,0,0,1,3,0,3,0,31,0,0,3,0,2,4,4,2,0,1,113,5,26,0,39,0,1,0,6,3,0,0,0,81,3,0,12517,2336,884,11571,23338,7115,0,2,2,8,84,6,0,0,488,77,303,0,60,6,1,33,61,18,1,2,29,4,40,3,1,4,37,4,2,1,132,834,3,2,1139,10,19,0,0,3319,3993,8,39,7
17,243,258,631,9,118,318,0,7,18,7,0,1,68,85,418,0,2,9,4,1,14,1,8,3,1,1,0,2,8,10,1,2,0,240,32,24,1,63,0,2,12,46,3,1,0,1,30,8,3,1501,5943,13034,20218,7115,31662,2,12,16,16,679,48,3,1,447,28,4537,5,177,90,1,330,29,25,4,2,14,1,74,8,5,10,205,13,20,2,475,1308,11,41,209,2,45,0,3,252,123,72,484,34
1,0,1,2,0,0,1,681,765,6,28,44,255,3,11,21,10,25,9,968,9,42,74,32,190,7,44,2,0,2,12,1,149,0,2,4,45,11,0,0,1,2,9,13,7,1,8,0,0,4,2,3,28,0,0,2,5128,7093,275,603,25,96,101,5812,281,129,182,1483,107,2239,11,78,100,539,16,93,1023,2,11,362,49,3124,76,217,337,32,926,2,10,140,0,7,92,8,9,1,7,1,24,6
1,0,0,1,0,0,0,482,652,64,78,54,149,1,2,19,47,184,22,366,113,32,29,22,67,6,13,0,2,3,34,9,39,1,4,6,75,8,1,0,1,7,18,16,5,0,0,1,1,4,8,1,38,0,2,12,7093,16456,1072,4674,170,1267,261,1677,200,69,195,9084,143,3835,264,875,455,107,65,85,275,32,15,841,147,813,21,182,247,95,3242,5,6,131,6,12,168,44,66,3,7,3,21,11
0,4,3,4,2,0,0,25,119,89,29,3,3,7,8,41,0,61,85,33,69,35,6,17,8,1,7,0,14,15,125,2,8,0,8,24,34,5,11,0,9,27,91,6,3,1,3,0,3,6,8,3,62,0,2,16,275,1072,4769,3542,572,623,58,116,105,52,549,2543,1100,1672,201,256,109,161,214,23,39,4,15,3308,47,261,42,240,51,19,746,32,52,60,18,4,120,10,20,4,6,12,104,58
0,4,0,7,0,0,1,552,768,130,117,68,171,21,4,69,32,200,132,538,188,90,68,59,117,10,28,2,16,26,136,10,75,10,15,50,118,13,17,4,11,42,116,29,24,2,10,0,3,18,5,3,72,1,8,16,603,4674,3542,38378,552,1908,816,1060,129,67,269,1381,2866,9295,892,1038,16800,6648,348,44,1447,27,22,259,131,704,113,104,49,61,7682,321,161,101,142,19,684,50,61,9,9,22,228,135
2,13,14,28,0,1,3,35,117,77,34,9,3,23,12,95,6,73,95,26,79,46,9,26,6,10,12,0,20,28,115,17,7,8,33,49,109,6,26,7,17,29,78,15,2,1,2,2,1,15,174,259,1259,47,84,679,25,170,572,552,31055,4497,529,63,1386,715,1527,151,1000,152,6343,3996,120,45,1598,64,110,86,72,232,349,226,200,202,34,223,1354,662,916,109,480,34,463,170,233,86,99,40555,39180,10116
0,2,0,3,0,0,4,119,146,29,48,18,28,6,7,14,25,71,22,125,76,16,32,19,63,13,12,0,3,2,29,21,45,1,3,8,30,18,5,0,2,10,16,21,13,0,2,0,0,2,8,5,60,4,6,48,96,1267,623,1908,4497,6987,6186,745,56,55,247,975,343,633,7819,9340,199,161,955,12,275,37,29,178,185,862,49,75,12,82,823,79,136,68,60,20,319,205,208,12,4,19,193,259
0,0,0,1,0,0,0,116,74,9,11,8,21,3,5,4,6,23,2,288,14,14,57,7,160,10,42,0,1,0,7,19,82,4,2,1,18,30,0,2,0,3,4,22,24,1,13,0,0,6,2,0,8,0,0,3,101,261,58,816,529,6186,13087,9680,17,26,21,3774,23,1186,4969,5270,73,741,588,17,885,9,7,289,212,9178,17,45,9,51,288,3,54,46,1,7,306,108,375,1,0,2,41,71
0,0,0,0,0,0,0,257,257,12,13,9,87,0,1,7,9,18,9,380,17,25,45,10,88,1,23,0,2,2,12,3,67,3,3,1,19,11,0,0,0,0,10,8,6,3,4,0,0,2,2,2,17,0,0,1,5812,1677,116,1060,63,745,9680,18118,61,64,43,14241,39,1777,1024,359,90,599,170,29,804,7,3,558,149,4968,18,95,21,29,825,0,22,34,1,3,93,12,89,0,6,0,32,13
7,115,69,220,7,5,27,9,11,14,14,1,1,92,88,230,1,3,18,21,3,28,17,7,16,8,15,1,8,19,29,12,18,3,135,54,31,8,44,1,7,22,45,14,9,0,8,1,3,8,19875,4684,12014,119,488,447,281,200,105,129,1386,56,17,61,71886,15719,2465,28,380,1159,15,1231,46,173,42,374,105,78,3448,199,248,710,10571,2375,990,261,1153,837,330,1017,568,22,448,20,29,190,15827,371,3094,675
3,6,9,17,1,1,2,1,10,10,7,0,0,54,17,60,0,5,40,13,5,41,6,5,6,4,3,0,17,37,45,4,6,3,28,52,60,2,20,3,8,26,22,9,4,0,1,0,3,15,142,29,4253,2,77,28,129,69,52,67,715,55,26,64,15719,37874,2212,14,284,225,25,421,14,60,240,246,50,90,221,312,433,626,2505,6652,285,324,236,75,6863,241,109,17,165,25,93,74,129,84,2906,5285
27,108,91,224,13,14,40,8,49,29,18,2,3,167,106,319,1,22,104,24,18,90,3,23,9,3,4,0,33,67,124,5,9,0,179,136,140,5,89,0,30,58,132,2,2,0,0,7,11,26,388,356,6471,306,303,4537,182,195,549,269,1527,247,21,43,2465,2212,22922,178,6323,745,53,424,157,145,65,32,60,10,190,4388,42,172,465,3862,105,25,939,2357,138,115,205,1,191,5,11,155,129,87,768,138
0,1,0,3,0,0,0,377,592,174,202,116,38,5,4,27,90,454,53,91,402,27,23,37,24,6,4,0,2,6,81,11,13,2,8,14,107,9,5,1,1,13,33,12,9,3,12,1,0,11,3,1,6,0,0,5,1483,9084,2543,1381,151,975,3774,14241,28,14,178,14325,112,287,8245,734,466,83,1196,62,85,7,5,3504,209,2021,9,72,51,51,3210,5,25,43,3,5,108,35,177,0,1,1,11,16
14,50,33,86,7,6,9,19,160,109,42,2,3,238,89,464,1,44,355,39,62,225,9,117,15,2,4,0,103,218,346,4,23,0,149,401,456,11,191,0,89,161,359,8,4,1,3,15,13,65,80,49,348,5,60,177,107,143,1100,2866,1000,343,23,39,380,284,6323,112,13806,633,77,318,2151,172,161,25,52,1,153,2006,39,123,478,1042,42,22,2595,3823,490,65,1114,4,187,5,15,55,37,59,492,289
2,3,2,14,2,2,1,717,717,17,39,56,339,30,13,54,10,73,31,1494,28,70,194,27,955,21,145,2,10,11,39,10,404,4,9,17,56,48,9,2,3,17,47,43,90,1,20,0,1,25,80,7,317,4,6,90,2239,3835,1672,9295,152,633,1186,1777,1159,225,745,287,633,22064,129,736,329,3822,40,127,2174,14,64,317,141,7983,214,369,2986,54,1018,85,42,890,18,7,433,29,87,12,70,11,102,27
0,2,0,0,0,0,0,205,301,129,125,67,12,2,1,29,47,288,55,61,265,16,16,15,14,9,5,1,2,5,80,12,12,4,5,11,81,5,8,4,4,10,42,17,11,1,9,1,2,17,0,4,23,0,1,1,11,264,201,892,6343,7819,4969,1024,15,25,53,8245,77,129,11549,1831,244,38,9002,32,87,41,7,1169,262,618,37,24,6,129,1326,12,876,30,24,19,251,127,186,0,1,9,244,3975
5,6,10,20,2,2,8,88,82,30,28,12,30,33,16,75,7,24,38,423,43,81,329,20,394,276,334,33,15,21,54,439,273,132,14,46,46,287,16,110,8,19,50,685,208,25,219,2,1,9,282,651,665,52,33,330,78,875,256,1038,3996,9340,5270,359,1231,421,424,734,318,736,1831,40512,106,932,905,243,2693,3407,2967,481,4811,7920,1242,266,116,1555,557,265,390,813,197,420,4202,8954,8171,18,82,5479,3256,604
0,3,7,7,0,0,4,47,84,24,21,5,7,16,5,23,3,37,35,51,34,18,11,8,20,7,8,0,2,9,31,12,15,2,12,25,35,8,13,2,3,12,19,15,5,0,3,3,3,6,17,10,26,1,61,29,100,455,109,16800,120,199,73,90,46,14,157,466,2151,329,244,106,4644,2338,148,41,1159,7,9,113,47,134,33,18,15,17,9374,2119,48,55,1774,58,976,4,20,108,15,5,73,36
0,3,1,6,1,1,1,306,207,11,24,33,114,24,29,36,3,41,12,1660,13,68,410,7,1286,68,305,9,5,7,19,61,723,14,14,13,35,273,0,7,2,10,33,269,299,10,63,1,1,26,26,3,85,3,18,25,539,107,161,6648,45,161,741,599,173,60,145,83,172,3822,38,932,2338,19629,34,91,14489,46,6,55,211,4773,51,48,173,56,1276,52,19,190,590,454,2975,32,179,31,6,4,49,12
0,1,1,5,0,0,0,87,217,143,103,17,5,9,4,65,4,194,140,46,135,45,9,19,9,7,11,2,16,13,131,8,5,4,10,30,74,5,8,1,11,33,76,21,8,0,6,0,1,19,6,4,8,0,1,4,16,65,214,348,1598,955,588,170,42,240,65,1196,161,40,9002,905,148,34,7548,32,70,26,7,6894,317,629,75,439,13,141,1443,37,2984,33,49,23,158,74,199,1,0,14,423,1929
0,0,0,1,0,0,0,3,9,3,3,1,0,1,0,3,1,1,4,32,5,40,146,6,24,259,171,57,0,0,4,394,23,237,0,2,2,79,0,121,0,4,0,734,48,42,151,0,0,1,8,2,14,0,2,2,93,85,23,44,64,12,17,29,374,246,32,62,25,127,32,243,41,91,32,23125,1474,150,91,147,13408,2384,471,90,3809,5255,35,3,75,13774,23,237,9604,57,83,3,27,11,181,112
0,0,1,6,1,0,3,82,87,9,18,18,48,9,12,20,2,22,14,411,4,53,429,10,977,274,1113,77,1,5,16,487,267,141,2,10,9,277,4,191,0,6,23,1247,242,38,236,0,1,7,5,2,40,0,29,14,1023,275,39,1447,110,275,885,804,105,50,60,85,52,2174,87,2693,1159,14489,70,1474,21485,1000,20,58,2726,4091,75,39,840,558,724,22,29,1061,845,7209,16298,145,1101,81,12,7,79,61
0,0,0,0,0,0,0,1,1,0,2,0,0,1,0,2,0,1,0,4,0,8,15,2,2,23,37,74,0,0,1,18,2,118,0,0,4,3,0,404,0,0,1,76,1,15,32,0,0,0,1,2,5,0,4,1,2,32,4,27,86,37,9,7,78,90,10,7,1,14,41,3407,7,46,26,150,1000,70968,421,24,153,38,269,24,21,19409,52,0,52,103,28,27098,1102,24076,1357,4,7,172,175,116
1,15,12,13,2,2,2,0,9,12,0,0,0,20,17,40,0,2,25,4,1,13,1,8,3,1,5,1,8,17,23,6,4,1,21,22,24,2,19,1,5,10,26,2,1,0,3,4,5,5,913,442,210,27,40,74,11,15,15,22,72,29,7,3,3448,221,190,5,153,64,7,2967,9,6,7,91,20,421,174673,30,63,95,27218,136,98,71,188,126,77,130,134,16,71,261,10,14,14405,37844,1109,67
1,11,2,11,0,0,0,45,150,97,43,12,4,32,11,88,3,97,170,41,90,77,12,33,19,10,10,1,25,39,155,14,15,0,25,73,83,8,33,2,20,50,147,25,7,1,6,1,6,17,6,2,45,1,3,8,362,841,3308,259,232,178,289,558,199,312,4388,3504,2006,317,1169,481,113,55,6894,147,58,24,30,9816,558,1630,147,3241,153,164,796,43,409,96,97,5,126,32,228,6,9,19,203,204
0,0,0,0,0,0,1,9,18,9,19,12,6,6,5,10,1,7,6,67,5,53,277,8,56,570,309,78,2,0,5,752,55,359,1,7,6,104,2,182,3,6,8,1363,61,69,333,0,0,2,2,1,19,0,1,5,49,147,47,131,349,185,212,149,248,433,42,209,39,141,262,4811,47,211,317,13408,2726,153,63,558,18123,5727,440,241,2402,7685,93,4,244,957,28,254,4786,765,18219,2,7,19,426,364
0,2,2,5,1,0,1,212,153,22,29,27,102,14,20,48,11,45,16,1109,23,80,500,6,1025,159,437,13,4,7,25,229,551,32,7,13,25,324,3,11,2,8,35,517,355,8,163,0,0,12,19,5,65,2,4,10,3124,813,261,704,226,862,9178,4968,710,626,172,2021,123,7983,618,7920,134,4773,629,2384,4091,38,95,1630,5727,42368,733,404,11091,607,381,14,248,3636,28,41,5999,89,6179,3,45,18,311,220
5,22,15,26,3,1,4,8,22,25,7,1,0,61,22,109,0,14,77,21,16,63,4,14,8,9,4,1,23,46,73,7,5,6,44,73,84,5,33,4,14,29,69,18,3,1,4,9,6,14,813,920,559,63,37,205,76,21,42,113,200,49,17,18,10571,2505,465,9,478,214,37,1242,33,51,75,471,75,269,27218,147,440,733,70988,918,506,551,756,348,849,768,419,55,326,57,81,19,2494,7775,21337,840
2,33,15,36,1,0,5,6,26,17,15,2,2,94,32,197,1,11,110,38,11,90,1,30,15,4,3,0,45,75,112,5,6,0,48,108,139,3,53,0,25,61,106,9,3,1,1,10,12,20,77,17,160,4,4,13,217,182,240,104,202,75,45,95,2375,6652,3862,72,1042,369,24,266,18,48,439,90,39,24,136,3241,241,404,918,8937,186,110,411,90,5053,92,164,11,85,22,78,28,69,38,666,617
0,0,0,0,0,0,0,20,29,5,14,10,15,2,5,6,1,6,10,270,7,24,183,6,332,50,134,10,0,0,7,53,210,9,2,4,4,182,3,0,0,3,5,208,191,2,51,0,0,1,24,5,103,0,2,20,337,247,51,49,34,12,9,21,990,285,105,51,42,2986,6,116,15,173,13,3809,840,21,98,153,2402,11091,506,186,11135,289,27,4,26,4558,16,12,1376,10,28,4,66,15,128,24
0,0,0,0,0,0,0,7,3,2,1,0,1,1,2,3,1,1,5,15,1,25,59,3,14,131,60,217,0,0,1,174,6,761,0,1,3,18,0,1164,0,0,1,479,16,120,195,2,0,0,6,3,8,0,1,2,32,95,19,61,223,82,51,29,261,324,25,51,22,54,129,1555,17,56,141,5255,558,19409,71,164,7685,607,551,110,289,62929,46,4,178,860,14,8822,6683,12097,5564,3,15,32,393,287
9,36,20,52,3,2,18,424,639,93,72,53,128,89,35,196,97,178,152,165,165,77,18,69,57,8,7,2,34,61,163,6,28,1,78,127,468,2,74,3,25,64,158,9,5,2,6,7,6,40,509,736,465,83,132,475,926,3242,746,7682,1354,823,288,825,1153,236,939,3210,2595,1018,1326,557,9374,1276,1443,35,724,52,188,796,93,381,756,411,27,46,4362,2244,955,33,5414,432,221,13,48,360,121,121,1042,633
13,146,111,324,12,18,57,2,31,33,7,0,0,158,108,372,1,18,79,6,9,69,0,15,3,1,4,0,25,62,85,0,2,1,198,115,144,3,74,0,25,37,87,0,0,0,2,15,13,23,502,879,744,216,834,1308,2,5,32,321,662,79,3,0,837,75,2357,5,3823,85,12,265,2119,52,37,3,22,0,126,43,4,14,348,90,4,4,2244,10616,112,17,6482,3,66,1,4,1279,135,42,381,109
2,5,5,11,0,0,2,1,48,43,19,2,0,41,17,111,1,33,176,16,29,128,3,33,2,6,3,0,52,71,116,10,5,2,21,76,156,1,27,0,30,78,81,5,0,0,0,3,4,17,4,13,31,1,3,11,10,6,52,161,916,136,54,22,330,6863,138,25,490,42,876,390,48,19,2984,75,29,52,77,409,244,248,849,5053,26,178,955,112,21268,43,306,23,130,48,113,1,4,59,2834,7306
0,2,0,3,0,0,0,18,26,12,12,10,5,4,5,10,1,7,5,179,12,46,365,8,344,167,294,30,1,2,5,352,237,42,3,13,8,318,1,16,0,4,6,751,247,14,179,1,0,5,48,15,131,1,2,41,140,131,60,101,109,68,46,34,1017,241,115,43,65,890,30,813,55,190,33,13774,1061,103,130,96,957,3636,768,92,4558,860,33,17,43,28840,33,90,16136,61,229,1,72,20,250,64
7,29,30,78,4,11,21,2,23,24,10,0,0,55,26,125,0,8,64,8,6,46,2,15,3,5,0,0,26,30,57,1,5,2,50,76,56,0,58,3,9,35,62,4,0,2,0,8,5,5,260,210,192,30,1139,209,0,6,18,142,480,60,1,1,568,109,205,3,1114,18,24,197,1774,590,49,23,845,28,134,97,28,28,419,164,16,14,5414,6482,306,33,10808,307,213,5,17,4890,259,51,391,186
0,0,0,0,0,0,0,0,3,0,1,1,1,0,0,2,0,0,3,7,0,18,35,6,8,84,319,975,0,1,2,106,5,773,0,0,29,13,10,4190,0,1,0,419,8,109,176,3,0,0,2,2,3,0,10,2,7,12,4,19,34,20,7,3,22,17,1,5,4,7,19,420,58,454,23,237,7209,27098,16,5,254,41,55,11,12,8822,432,3,23,90,307,35399,13367,1313,236,38,2,5,55,36
1,2,1,6,0,1,1,45,65,25,21,22,21,15,13,29,3,18,13,361,23,139,913,16,630,816,964,221,3,3,12,1328,363,924,6,14,17,550,4,730,3,13,16,2920,442,190,782,2,2,10,42,5,137,2,19,45,92,168,120,684,463,319,306,93,448,165,191,108,187,433,251,4202,976,2975,158,9604,16298,1102,71,126,4786,5999,326,85,1376,6683,221,66,130,16136,213,13367,85482,593,1475,32,35,25,359,226
0,0,0,0,0,0,0,2,2,0,1,2,0,1,0,2,1,1,2,5,1,1,6,2,11,18,11,45,0,0,2,17,4,126,0,1,0,6,0,279,0,1,0,76,6,13,33,0,0,0,0,1,4,0,0,0,8,44,10,50,170,205,108,12,20,25,5,35,5,29,127,8954,4,32,74,57,145,24076,261,32,765,89,57,22,10,12097,13,1,48,61,5,1313,593,21026,14583,1,2,91,82,89
0,0,1,1,0,0,0,19,8,5,4,2,2,3,1,3,1,5,3,66,6,21,171,5,49,187,150,34,2,1,3,300,50,125,1,0,5,89,1,109,1,4,2,484,60,29,142,0,0,3,2,1,4,0,0,3,9,66,20,61,233,208,375,89,29,93,11,177,15,87,186,8171,20,179,199,83,1101,1357,10,228,18219,6179,81,78,28,5564,48,4,113,229,17,236,1475,14583,9581,0,1,5,128,152
5,53,76,290,7,47,181,0,2,4,3,0,0,8,9,143,0,1,3,2,1,3,0,13,0,2,1,1,0,2,4,0,2,0,125,8,23,0,50,2,0,1,4,3,2,0,1,136,1,2,156,96,144,63,3319,252,1,3,4,9,86,12,1,0,190,74,155,0,55,12,0,18,108,31,1,3,81,4,14,6,2,3,19,28,4,3,360,1279,1,1,4890,38,32,1,0,4467,370,3,37,6
1,16,7,15,2,2,5,0,1,4,3,0,1,7,12,32,0,2,2,0,0,4,0,1,0,1,2,0,0,7,7,0,0,0,15,6,4,1,4,0,0,1,5,0,2,0,0,11,0,2,10328,437,234,207,3993,123,7,7,6,9,99,4,0,6,15827,129,129,1,37,70,1,82,15,6,0,27,12,7,14405,9,7,45,2494,69,66,15,121,135,4,72,259,2,35,2,1,370,49033,445,559,7
0,4,4,5,0,0,0,0,5,8,1,0,0,11,5,14,0,3,6,2,3,5,0,0,1,0,0,0,3,5,6,0,0,0,7,15,17,1,8,0,3,7,12,1,0,0,0,1,0,3,87,155,162,12,8,72,1,3,12,22,40555,19,2,0,371,84,87,1,59,11,9,5479,5,4,14,11,7,172,37844,19,19,18,7775,38,15,32,121,42,59,20,51,5,25,91,5,3,445,65935,4538,156
2,17,10,13,1,0,5,4,45,39,9,1,0,25,11,91,0,28,96,13,19,42,4,36,3,8,8,1,15,35,80,11,9,2,21,47,66,4,26,3,12,41,72,28,3,1,3,1,2,15,333,576,1383,57,39,484,24,21,104,228,39180,193,41,32,3094,2906,768,11,492,102,244,3256,73,49,423,181,79,175,1109,203,426,311,21337,666,128,393,1042,381,2834,250,391,55,359,82,128,37,559,4538,30363,9914
1,7,1,6,0,0,1,5,31,27,11,1,0,23,6,68,0,24,78,10,20,40,5,14,1,5,2,1,11,27,44,10,1,5,11,37,70,2,9,3,9,31,43,13,3,0,2,1,1,5,14,23,65,2,7,34,6,11,58,135,10116,259,71,13,675,5285,138,16,289,27,3975,604,36,12,1929,112,61,116,67,204,364,220,840,617,24,287,633,109,7306,64,186,36,226,89,152,6,7,156,9914,11721
