19609,6489,11363,2259,17712,6264,984,3,2,33,4,1,1,13362,261,215,0,0,12,6,2,332,6,2,1,1,3,35,454,401,19,3,3,15,96,15,10,6,34,6,363,31,65,7,3,39,11,142,1456,13,5,6,10,11,2,14,1,0,0,0,3,0,1,0,6,3,11,0,1,0,0,2,0,3,0,0,0,0,0,4,0,0,6,7,0,0,2,11,0,0,26,1,2,0,0,12,2,1,1,0
6489,42897,16509,20640,1387,2733,1686,5,4,208,4,1,3,6311,3306,230,1,0,6,8,6,1017,8,1,1,2,3,24,253,534,16,2,4,11,127,7,20,2,68,12,801,228,61,13,7,21,17,162,218,6,11,18,15,12,17,74,0,0,0,1,6,1,0,0,18,8,19,0,0,0,1,6,3,1,3,0,1,0,2,0,0,0,5,18,0,0,3,31,2,0,48,0,0,1,0,47,5,3,12,1
11363,16509,32119,10809,9367,12759,10439,1,6,232,0,2,2,1344,85,79,1,1,1,2,7,1497,6,2,1,4,6,54,364,660,10,1,5,20,92,6,19,0,89,12,1327,241,38,24,8,44,22,205,207,8,449,1191,19,1438,76,315,0,0,0,0,7,0,0,0,28,9,18,0,2,0,0,11,0,0,1,0,0,0,3,1,0,0,13,12,0,0,5,43,3,0,42,1,0,0,0,110,17,4,3,1
2259,20640,10809,46492,1335,1547,10264,19,18,1158,25,8,4,5685,12474,6361,2,2,46,22,18,1862,13,12,10,4,4,50,379,1111,350,7,11,24,1273,86,90,9,376,13,1632,633,1597,24,19,37,23,775,307,146,63,103,73,78,96,314,0,1,1,1,43,7,0,0,86,26,110,1,8,0,3,20,6,0,1,0,2,0,14,5,0,1,30,70,0,0,13,169,13,0,169,1,3,0,0,300,23,16,23,1
17712,1387,9367,1335,38967,36870,1808,6,4,36,0,0,4,5255,164,246,0,0,11,5,3,144,3,2,2,2,2,15,361,140,36,1,0,7,128,13,15,5,85,9,160,27,85,9,1,7,5,1100,4360,11,10,9,4,23,10,18,0,0,0,0,8,0,0,0,10,5,23,0,1,0,1,1,4,0,0,1,0,0,1,1,0,1,8,12,0,0,3,21,3,0,22,0,0,0,0,29,4,3,8,0
6264,2733,12759,1547,36870,52232,23860,1,8,94,5,0,1,857,209,262,0,0,1,1,0,299,0,8,5,1,23,13,180,177,10,3,3,6,723,10,50,1,427,11,298,55,29,12,5,14,11,7154,2176,3,183,88,21,1630,443,1048,0,0,1,0,9,0,0,0,21,5,12,1,0,0,1,2,1,1,1,0,1,0,3,3,1,0,7,7,0,0,2,57,2,0,52,0,1,1,1,196,18,3,5,0
984,1686,10439,10264,1808,23860,20953,5,10,472,20,6,2,799,395,1763,2,0,15,4,29,653,7,12,8,0,4,17,122,353,31,2,5,6,2563,78,88,4,707,5,551,185,128,13,4,23,8,2371,150,33,71,173,125,214,165,562,0,2,1,1,30,3,1,1,109,29,77,2,5,0,3,18,7,1,7,0,1,2,8,3,0,0,37,56,1,0,6,208,9,1,274,0,2,1,0,625,36,15,23,4
3,5,1,19,6,1,5,40399,7194,331,2286,1178,10331,596,313,443,4248,7377,1431,8053,895,2122,414,125,220,28,396,23,59,775,1147,73,1347,7,48,184,1085,276,37,8,159,287,774,106,767,57,128,9,16,783,1,0,2,0,1,2,159,49,15,458,20,2,22,84,1,1,7,17,23,488,20,19,46,323,11,2,19,0,0,8,3,127,4,2,85,0,72,8,1,10,3,1,17,0,1,1,1,2,7,0
2,4,6,18,4,8,10,7194,39101,210,1048,1971,2660,134,69,387,854,212,5225,6630,927,944,409,12798,6072,34,4466,41,9,64,247,154,1034,44,467,2370,7738,138,834,119,44,52,228,514,320,71,322,122,10,59,1,1,4,0,0,3,260,145,44,982,35,15,43,145,12,8,19,38,52,867,39,41,101,701,22,6,53,1,2,11,2,254,17,8,214,2,143,26,10,50,10,3,46,2,12,2,2,5,20,5
33,208,232,1158,36,94,472,331,210,37808,2608,3756,1088,277,855,1380,508,49,367,350,9868,5688,581,108,167,66,118,29,79,451,667,538,1751,20,1141,653,793,129,794,11,9461,17412,3293,237,1064,145,688,348,16,9716,6,5,7,4,3,14,2,11,13,36,90,11,3,2,41,16,88,6,72,18,32,37,27,31,49,8,7,1,10,22,2,13,57,70,16,2,59,96,35,17,59,3,22,0,5,17,16,12,41,8
4,4,0,25,0,5,20,2286,1048,2608,5020,9948,890,52,40,642,173,159,1036,477,1567,3880,2259,133,135,30,79,7,12,31,183,64,608,8,256,543,325,58,284,5,56,43,217,167,121,130,414,62,3,35,1,2,2,1,0,0,7,14,8,25,16,2,3,3,6,8,20,4,27,13,12,4,17,16,18,2,5,0,2,5,1,8,21,22,8,0,31,36,11,6,12,1,8,0,6,4,0,10,16,2
1,1,2,8,0,0,6,1178,1971,3756,9948,18699,9283,29,19,79,1914,200,513,1735,7896,2363,5957,204,1099,42,502,18,20,140,123,191,5010,13,49,263,476,215,41,5,204,430,360,532,361,182,1025,8,3,37,0,0,0,0,0,0,5,17,10,51,11,3,6,10,2,0,3,6,5,56,7,13,7,130,5,9,17,0,1,1,7,55,4,3,66,1,27,5,3,42,1,0,45,0,6,0,2,0,7,1
1,3,2,4,4,1,2,10331,2660,1088,890,9283,21797,207,97,135,4733,1182,355,2830,2779,463,288,91,555,10,346,11,47,677,429,104,5347,10,31,113,934,46,27,3,264,662,676,84,505,26,178,3,10,431,0,0,1,0,0,0,82,42,9,218,1,0,7,29,0,3,3,2,7,215,2,10,23,160,2,1,11,0,1,2,2,67,2,5,60,0,23,1,2,10,1,1,10,0,2,0,0,1,3,0
13362,6311,1344,5685,5255,857,799,596,134,277,52,29,207,54237,13003,1964,30,96,444,471,86,1028,50,28,58,44,56,171,6244,23344,574,67,166,88,854,221,169,232,518,41,1735,861,2124,84,714,139,98,390,13595,2981,34,29,36,17,9,74,0,0,4,10,64,8,3,2,97,45,172,0,18,6,10,29,9,13,23,1,4,0,13,18,2,11,78,138,10,4,16,163,31,5,146,1,6,2,1,50,38,20,40,8
261,3306,85,12474,164,209,395,313,69,855,40,19,97,13003,14081,2238,18,53,237,171,113,804,12,18,33,9,12,33,288,1918,806,15,64,10,516,185,50,62,158,0,1088,790,9484,24,191,36,18,157,209,2650,9,18,8,4,12,30,1,1,1,1,6,3,1,0,24,2,39,0,6,5,3,7,1,4,5,1,1,0,5,3,0,3,18,24,4,1,4,38,4,0,42,1,2,0,1,24,11,5,8,2
215,230,79,6361,246,262,1763,443,387,1380,642,79,135,1964,2238,22215,203,592,5601,376,622,815,29,46,101,5,25,22,166,793,17738,10,76,8,2812,4806,255,31,576,4,641,478,5673,69,58,27,20,706,100,581,30,56,58,23,38,145,1,6,9,17,54,4,0,3,102,39,127,6,43,11,21,17,18,14,40,2,2,0,15,14,0,3,67,108,5,1,25,169,35,2,173,0,0,0,1,114,19,20,48,12
0,1,1,2,0,0,2,4248,854,508,173,1914,4733,30,18,203,6368,1624,431,156,3986,75,43,85,42,1,9,1,13,104,1425,16,460,1,41,156,302,5,43,0,63,154,339,14,34,2,48,2,1,55,0,0,2,0,0,1,6,3,7,22,9,3,2,0,0,3,3,3,7,8,7,1,3,8,2,0,0,0,0,2,0,2,2,0,1,0,24,1,1,1,2,0,3,0,0,0,0,0,1,1
0,0,1,2,0,0,0,7377,212,49,159,200,1182,96,53,592,1624,4126,694,233,365,105,20,37,15,2,11,0,10,151,2207,10,226,1,26,63,102,7,8,0,30,84,247,3,111,2,4,2,4,144,0,0,0,0,0,0,3,3,3,9,3,1,0,0,0,0,1,1,5,0,6,1,4,5,1,0,1,0,0,1,0,3,0,0,2,0,7,0,1,0,0,0,1,0,1,0,0,0,1,0
12,6,1,46,11,1,15,1431,5225,367,1036,513,355,444,237,5601,431,694,9538,997,873,541,97,1206,488,10,59,4,32,223,2838,20,149,8,273,3222,782,60,140,7,116,100,1006,91,65,27,37,21,13,336,2,3,5,0,0,2,13,29,36,51,49,8,7,7,13,7,18,13,50,29,40,16,27,23,36,1,1,1,1,15,1,14,23,16,15,0,76,45,12,5,17,0,8,0,1,2,1,13,20,9
6,8,2,22,5,1,4,8053,6630,350,477,1735,2830,471,171,376,156,233,997,27788,332,1254,1337,215,2266,104,1788,18,54,549,373,289,3766,35,108,616,513,5468,59,8,192,265,458,1041,3142,85,446,12,25,372,1,0,7,1,2,5,165,39,13,673,29,9,122,133,26,14,13,8,38,880,14,72,97,1159,14,11,99,2,4,6,5,577,23,7,603,0,42,14,6,192,9,1,162,1,26,1,3,3,17,14
2,6,7,18,3,0,29,895,927,9868,1567,7896,2779,86,113,622,3986,365,873,332,16187,426,300,306,133,12,75,9,27,494,744,157,1705,9,556,1145,1374,59,591,9,551,1787,6155,97,494,35,254,63,8,2840,0,2,4,2,0,6,4,20,36,32,46,15,3,1,13,6,21,13,68,30,31,18,31,24,29,0,4,1,2,18,1,9,24,21,11,0,129,42,12,9,24,0,8,1,3,2,3,9,24,9
332,1017,1497,1862,144,299,653,2122,944,5688,3880,2363,463,1028,804,815,75,105,541,1254,426,23645,6665,87,397,377,536,975,3974,1261,282,424,638,659,463,343,334,208,385,326,15447,892,865,2021,739,2426,1102,155,40,202,2,3,13,6,1,17,4,6,12,37,46,7,5,2,23,17,67,3,33,52,23,29,13,50,32,45,30,4,6,13,39,33,36,48,46,28,21,73,26,27,40,28,70,4,39,7,8,9,21,14
6,8,6,13,3,0,7,414,409,581,2259,5957,288,50,12,29,43,20,97,1337,300,6665,12168,110,1701,700,1967,405,103,87,17,797,3250,298,40,72,88,1058,91,150,94,91,62,5209,1435,4653,5378,45,1,23,0,0,0,0,0,1,3,3,1,16,4,2,10,4,3,2,2,2,3,36,2,81,10,141,4,120,169,2,1,2,59,90,4,2,141,13,5,4,1,126,5,17,320,4,70,2,0,1,6,2
2,1,2,12,2,8,12,125,12798,108,133,204,91,28,18,46,85,37,1206,215,306,87,110,6293,1421,20,1870,28,2,19,122,37,67,36,1099,6069,3251,43,7765,99,18,28,120,361,56,19,99,215,2,7,1,0,2,0,1,2,11,9,10,38,26,2,3,7,3,3,10,3,33,27,22,18,11,37,20,3,5,0,4,5,0,15,10,17,18,0,25,21,6,8,5,1,9,1,1,1,3,7,12,2
1,1,1,10,2,5,8,220,6072,167,135,1099,555,58,33,101,42,15,488,2266,133,397,1701,1421,8363,106,7695,14,11,97,55,434,2305,63,219,783,677,854,393,55,50,73,70,3985,1681,113,771,152,6,33,1,3,1,0,3,3,48,15,6,271,13,9,87,48,11,10,4,9,16,408,17,97,42,959,9,45,192,2,1,4,18,411,15,6,535,3,33,12,4,318,8,7,344,1,44,6,0,5,11,6
1,2,4,4,2,1,0,28,34,66,30,42,10,44,9,5,1,2,10,104,12,377,700,20,106,9558,789,157,28,62,8,7687,235,5293,9,15,14,3582,36,129,36,57,16,8269,1716,672,3933,19,5,17,0,0,1,0,0,1,1,4,2,2,5,4,4,0,1,4,0,0,2,0,5,101,3,28,5,398,192,10,1,0,232,35,4,0,49,45,3,1,2,50,5,97,525,7,229,2,0,1,4,1
3,3,6,4,2,23,4,396,4466,118,79,502,346,56,12,25,9,11,59,1788,75,536,1967,1870,7695,789,18679,1166,43,89,19,1279,1523,881,326,301,1349,848,2464,4606,49,48,54,10816,2046,495,2221,681,19,20,3,1,3,0,7,6,2,1,6,125,11,6,27,14,5,11,3,2,6,69,2,86,34,360,3,168,217,12,1,1,89,173,5,0,224,39,12,11,2,141,8,63,403,10,112,17,1,1,5,4
35,24,54,50,15,13,17,23,41,29,7,18,11,171,33,22,1,0,4,18,9,975,405,28,14,157,1166,76070,1171,217,6,248,39,11500,21,9,242,46,233,17317,296,52,33,1363,83,15361,6673,79,11,8,0,0,1,0,0,0,0,0,2,0,1,0,0,0,1,0,1,0,0,2,0,5,1,2,1,13,7,237,1,0,24,1,0,1,1,90,2,6,0,2,4,182,51,20,32,3,0,0,1,0
454,253,364,379,361,180,122,59,9,79,12,20,47,6244,288,166,13,10,32,54,27,3974,103,2,11,28,43,1171,54767,7663,63,45,70,268,87,29,47,30,43,140,24481,228,217,136,210,1035,227,70,8936,73,0,0,1,1,0,4,0,1,1,2,4,1,1,0,2,6,14,0,4,0,1,3,5,2,3,2,2,1,2,5,5,0,4,8,3,6,2,15,6,0,8,2,7,0,4,4,2,3,5,5
401,534,660,1111,140,177,353,775,64,451,31,140,677,23344,1918,793,104,151,223,549,494,1261,87,19,97,62,89,217,7663,38611,466,245,700,102,292,132,200,270,199,42,10368,7013,1979,121,1995,151,177,88,1689,3904,5,2,7,2,2,15,2,1,6,6,27,4,1,2,19,10,38,3,21,13,8,13,8,20,10,1,4,1,1,7,0,6,29,37,20,5,14,48,16,13,34,0,15,0,1,5,5,6,21,7
19,16,10,350,36,10,31,1147,247,667,183,123,429,574,806,17738,1425,2207,2838,373,744,282,17,122,55,8,19,6,63,466,21674,16,210,3,645,1081,333,72,233,1,215,266,11499,28,168,9,18,61,24,828,7,7,15,1,1,20,1,5,8,15,27,3,3,3,20,11,32,1,25,6,7,9,8,6,11,0,4,1,7,6,0,4,15,27,4,0,37,58,12,1,43,2,1,0,0,14,7,6,15,6
3,2,1,7,1,3,2,73,154,538,64,191,104,67,15,10,16,10,20,289,157,424,797,37,434,7687,1279,248,45,245,16,27262,5865,2891,24,39,71,1366,62,208,145,280,44,5919,9233,1548,13107,37,1,47,0,0,0,0,0,2,3,1,2,6,10,1,5,1,2,1,0,1,1,5,4,109,3,42,0,234,119,2,0,2,188,27,3,2,42,60,3,1,2,61,2,89,405,10,163,4,2,1,2,1
3,4,5,11,0,3,5,1347,1034,1751,608,5010,5347,166,64,76,460,226,149,3766,1705,638,3250,67,2305,235,1523,39,70,700,210,5865,16580,49,32,133,257,1365,52,20,359,932,465,2338,9442,252,4580,14,12,277,0,0,2,0,0,0,19,19,3,95,9,2,33,15,9,2,4,4,11,213,8,36,28,396,5,14,117,0,1,3,12,192,3,6,284,2,10,5,4,163,2,4,163,0,20,0,0,1,3,3
15,11,20,24,7,6,6,7,44,20,8,13,10,88,10,8,1,1,8,35,9,659,298,36,63,5293,881,11500,268,102,3,2891,49,36010,10,16,115,440,212,11966,130,40,16,11575,424,4659,21247,75,2,9,0,1,0,0,0,0,0,0,0,2,9,2,0,0,1,1,0,1,1,1,5,76,1,13,1,162,77,163,4,0,324,8,2,0,12,743,5,3,0,5,6,841,438,170,370,1,0,2,3,0
96,127,92,1273,128,723,2563,48,467,1141,256,49,31,854,516,2812,41,26,273,108,556,463,40,1099,219,9,326,21,87,292,645,24,32,10,4031,3172,1425,19,8385,49,320,289,1650,152,44,12,36,4648,131,119,42,74,96,33,41,171,1,7,9,12,146,3,3,1,125,74,267,0,55,5,30,52,19,11,48,3,3,1,23,22,3,4,133,225,3,0,54,350,73,2,317,3,5,1,4,167,51,42,73,24
15,7,6,86,13,10,78,184,2370,653,543,263,113,221,185,4806,156,63,3222,616,1145,343,72,6069,783,15,301,9,29,132,1081,39,133,16,3172,6843,1401,103,3114,28,124,135,1228,249,72,11,56,135,10,130,7,2,15,2,2,16,4,12,26,45,118,18,3,3,35,23,80,9,87,18,44,25,32,31,75,3,7,0,10,20,2,8,75,63,25,1,63,126,36,12,56,1,14,0,2,7,12,15,58,21
10,20,19,90,15,50,88,1085,7738,793,325,476,934,169,50,255,302,102,782,513,1374,334,88,3251,677,14,1349,242,47,200,333,71,257,115,1425,1401,4098,37,10108,584,213,217,625,283,78,47,120,1569,24,58,9,5,20,4,7,21,84,74,35,396,91,12,21,60,40,37,66,26,78,106,69,30,57,143,96,6,15,0,9,19,4,50,74,67,32,2,183,217,57,12,57,3,8,0,3,25,12,18,68,20
6,2,0,9,5,1,4,276,138,129,58,215,46,232,62,31,5,7,60,5468,59,208,1058,43,854,3582,848,46,30,270,72,1366,1365,440,19,103,37,15988,24,8,95,83,136,7872,4269,149,1218,10,14,120,1,0,4,0,0,3,1,2,1,14,6,1,17,3,4,2,0,3,1,26,2,97,17,223,7,129,251,0,1,2,47,122,4,2,202,11,8,5,2,186,8,14,410,2,94,2,1,1,7,3
34,68,89,376,85,427,707,37,834,794,284,41,27,518,158,576,43,8,140,59,591,385,91,7765,393,36,2464,233,43,199,233,62,52,212,8385,3114,10108,24,29253,804,186,133,766,650,39,56,182,10856,112,49,27,13,29,6,15,76,2,4,9,11,121,16,3,2,83,28,147,4,80,5,16,39,31,12,44,4,9,1,8,19,2,9,83,116,5,4,72,171,26,4,153,2,22,1,8,68,26,32,74,17
6,12,12,13,9,11,5,8,119,11,5,5,3,41,0,4,0,0,7,8,9,326,150,99,55,129,4606,17317,140,42,1,208,20,11966,49,28,584,8,804,35183,79,7,11,11358,22,2019,2218,285,8,3,0,0,1,0,1,2,0,0,0,2,3,1,0,0,2,0,0,1,1,0,2,44,2,10,0,54,37,315,2,0,146,4,2,1,4,600,5,2,1,3,7,1062,220,135,157,5,0,1,1,0
363,801,1327,1632,160,298,551,159,44,9461,56,204,264,1735,1088,641,63,30,116,192,551,15447,94,18,50,36,49,296,24481,10368,215,145,359,130,320,124,213,95,186,79,51787,9513,1102,114,597,243,184,111,399,544,2,2,5,1,2,4,0,1,1,11,31,5,4,0,19,5,48,2,22,5,11,15,5,16,13,0,4,0,3,7,2,2,29,40,9,1,20,40,18,5,31,4,10,0,1,3,4,10,18,6
31,228,241,633,27,55,185,287,52,17412,43,430,662,861,790,478,154,84,100,265,1787,892,91,28,73,57,48,52,228,7013,266,280,932,40,289,135,217,83,133,7,9513,17793,2102,82,1109,71,193,58,19,7906,2,2,3,1,1,4,1,2,2,5,15,2,0,1,9,5,19,2,15,6,6,10,6,19,10,1,2,0,3,2,2,6,9,13,11,0,16,16,2,9,8,0,13,1,3,1,2,4,11,2
65,61,38,1597,85,29,128,774,228,3293,217,360,676,2124,9484,5673,339,247,1006,458,6155,865,62,120,70,16,54,33,217,1979,11499,44,465,16,1650,1228,625,136,766,11,1102,2102,32347,67,482,25,53,246,83,9197,8,11,9,5,4,22,0,1,3,15,42,8,2,1,35,23,61,5,35,10,14,23,11,12,17,1,6,0,8,9,1,6,39,69,10,0,37,74,15,6,71,0,7,0,4,13,10,16,21,10
7,13,24,24,9,12,13,106,514,237,167,532,84,84,24,69,14,3,91,1041,97,2021,5209,361,3985,8269,10816,1363,136,121,28,5919,2338,11575,152,249,283,7872,650,11358,114,82,67,47775,2191,3538,11248,280,10,22,1,2,1,2,4,8,3,5,1,18,20,7,37,4,9,8,8,4,9,26,13,341,20,277,12,639,589,55,3,0,552,160,20,5,266,345,10,14,1,279,12,446,1314,70,512,9,3,7,14,8
3,7,8,19,1,5,4,767,320,1064,121,361,505,714,191,58,34,111,65,3142,494,739,1435,56,1681,1716,2046,83,210,1995,168,9233,9442,424,44,72,78,4269,39,22,597,1109,482,2191,8386,268,2341,11,33,658,1,0,2,0,1,1,8,4,2,68,10,4,42,14,6,9,3,6,12,195,12,129,33,587,8,109,291,3,1,2,34,289,12,9,505,15,8,10,7,377,2,17,553,2,90,1,0,3,8,8
39,21,44,37,7,14,23,57,71,145,130,182,26,139,36,27,2,2,27,85,35,2426,4653,19,113,672,495,15361,1035,151,9,1548,252,4659,12,11,47,149,56,2019,243,71,25,3538,268,20273,15165,27,8,12,0,0,1,0,0,1,2,1,0,1,3,3,3,1,2,1,1,0,2,2,3,26,1,9,1,81,41,23,0,1,123,7,1,3,11,180,3,3,1,19,1,193,163,42,90,0,0,2,2,2
11,17,22,23,5,11,8,128,322,688,414,1025,178,98,18,20,48,4,37,446,254,1102,5378,99,771,3933,2221,6673,227,177,18,13107,4580,21247,36,56,120,1218,182,2218,184,193,53,11248,2341,15165,43959,85,3,37,0,0,1,0,1,0,0,0,2,13,14,5,5,2,3,4,4,1,3,19,3,123,8,83,1,304,196,62,1,1,360,52,3,0,94,506,9,5,0,88,4,492,634,87,330,8,0,0,2,3
142,162,205,775,1100,7154,2371,9,122,348,62,8,3,390,157,706,2,2,21,12,63,155,45,215,152,19,681,79,70,88,61,37,14,75,4648,135,1569,10,10856,285,111,58,246,280,11,27,85,12747,706,11,27,97,55,64,137,300,0,1,0,1,29,0,0,1,49,11,49,0,4,0,5,17,2,5,7,4,6,1,4,2,5,3,31,29,4,3,11,149,6,2,175,4,6,1,5,515,25,13,12,5
1456,218,207,307,4360,2176,150,16,10,16,3,3,10,13595,209,100,1,4,13,25,8,40,1,2,6,5,19,11,8936,1689,24,1,12,2,131,10,24,14,112,8,399,19,83,10,33,8,3,706,13987,14,3,4,5,5,14,12,0,0,0,1,5,0,0,0,5,2,9,0,2,0,0,0,2,2,2,0,0,0,0,2,0,0,6,11,1,0,1,5,3,0,13,0,0,0,0,20,1,2,3,1
13,6,8,146,11,3,33,783,59,9716,35,37,431,2981,2650,581,55,144,336,372,2840,202,23,7,33,17,20,8,73,3904,828,47,277,9,119,130,58,120,49,3,544,7906,9197,22,658,12,37,11,14,19926,0,0,0,0,0,0,0,0,0,7,4,0,0,0,3,1,6,0,2,7,1,1,1,8,0,0,2,0,1,1,0,4,3,2,11,0,6,6,0,5,5,2,6,0,1,0,0,0,2,1
5,11,449,63,10,183,71,1,1,6,1,0,0,34,9,30,0,0,2,1,0,2,0,1,1,0,3,0,0,5,7,0,0,0,42,7,9,1,27,0,2,2,8,1,1,0,0,27,3,0,46164,19845,3091,15421,11551,1662,15,27,42,16,141,1,3,5,20737,452,221,7,44,26,8,192,14,22,14,13,9,21,552,21,4,12,489,125,62,2,46,225,21,53,272,4,28,6,11,421,13062,175,104,17
6,18,1191,103,9,88,173,0,1,5,2,0,0,29,18,56,0,0,3,0,2,3,0,0,3,0,1,0,0,2,7,0,0,1,74,2,5,0,13,0,2,2,11,2,0,0,0,97,4,0,19845,120898,17493,16152,790,6947,1,10,12,4,352,9,2,0,16363,138,206,1,22,7,15,665,11,7,7,4,7,31,344,6,7,3,1059,53,20,9,66,261,10,21,300,2,17,16,10,233,886,509,323,16
10,15,19,73,4,21,125,2,4,7,2,0,1,36,8,58,2,0,5,7,4,13,0,2,1,1,3,1,1,7,15,0,2,0,96,15,20,4,29,1,5,3,9,1,2,1,1,55,5,0,3091,17493,45460,163,220,9084,16,77,120,90,870,36,5,16,19590,6035,6234,21,156,72,55,772,111,111,51,26,45,22,365,71,8,31,1559,1182,63,13,174,1462,120,115,1136,11,137,19,24,229,755,625,741,224
11,12,1438,78,23,1630,214,0,0,4,1,0,0,17,4,23,0,0,0,1,2,6,0,0,0,0,0,0,1,2,1,0,0,0,33,2,4,0,6,0,1,1,5,2,0,0,0,64,5,0,15421,16152,163,53414,23452,22734,1,1,2,1,80,4,2,0,341,14,76,0,4,1,4,100,9,3,1,0,2,7,48,0,1,2,143,10,1,1,22,323,3,3,130,2,7,3,1,1232,666,72,43,6
2,17,76,96,10,443,165,1,0,3,0,0,0,9,12,38,0,0,0,2,0,1,0,1,3,0,7,0,0,2,1,0,0,0,41,2,7,0,15,1,2,1,4,4,1,0,1,137,14,0,11551,790,220,23452,33090,6276,0,2,1,8,160,8,0,1,246,26,109,0,12,2,12,62,42,75,39,9,63,4,120,5,7,5,153,34,7,4,59,1469,36,7,1009,24,78,2,10,6502,3969,54,96,33
14,74,315,314,18,1048,562,2,3,14,0,0,0,74,30,145,1,0,2,5,6,17,1,2,3,1,6,0,4,15,20,2,0,0,171,16,21,3,76,2,4,4,22,8,1,1,0,300,12,0,1662,6947,9084,22734,6276,17819,5,19,33,51,849,31,4,1,2635,290,3511,13,57,39,75,482,165,88,79,18,60,14,224,19,9,10,1114,153,21,9,228,2967,108,33,3264,15,89,11,17,1795,318,477,604,149
1,0,0,0,0,0,0,159,260,2,7,5,82,0,1,1,6,3,13,165,4,4,3,11,48,1,2,0,0,2,1,3,19,0,1,4,84,1,2,0,0,1,0,3,8,2,0,0,0,0,15,1,16,1,0,5,5684,9713,596,436,40,85,59,4122,256,403,238,616,126,3591,94,191,58,70,126,7,49,0,19,740,4,759,242,286,251,1,448,26,139,44,11,2,17,1,10,0,28,13,67,70
0,0,0,1,0,0,2,49,145,11,14,17,42,0,1,6,3,3,29,39,20,6,3,9,15,4,1,0,1,1,5,1,19,0,7,12,74,2,4,0,1,2,1,5,4,1,0,1,0,0,27,10,77,1,2,19,9713,28026,5470,3223,187,876,238,3136,325,452,543,8709,632,4896,575,1459,208,109,349,29,26,2,16,2356,20,570,193,384,681,2,1276,48,112,288,25,2,72,9,65,6,50,29,100,58
0,0,0,1,0,1,1,15,44,13,8,10,9,4,1,9,7,3,36,13,36,12,1,10,6,2,6,2,1,6,8,2,3,0,9,26,35,1,9,0,1,2,3,1,2,0,2,0,0,0,42,12,120,2,1,33,596,5470,3687,4356,200,670,117,352,344,462,626,2160,1372,905,454,812,144,218,285,10,12,3,16,2823,8,178,123,312,230,2,574,73,64,90,22,4,32,7,22,7,44,29,69,41
0,1,0,1,0,0,1,458,982,36,25,51,218,10,1,17,22,9,51,673,32,37,16,38,271,2,125,0,2,6,15,6,95,2,12,45,396,14,11,2,11,5,15,18,68,1,13,1,1,7,16,4,90,1,8,51,436,3223,4356,46097,199,433,471,1147,132,143,262,971,4240,2596,846,831,12357,9358,202,32,1955,1,12,180,32,444,73,152,189,5,6172,452,37,178,362,51,300,7,79,20,19,20,76,38
3,6,7,43,8,9,30,20,35,90,16,11,1,64,6,54,9,3,49,29,46,46,4,26,13,5,11,1,4,27,27,10,9,9,146,118,91,6,121,3,31,15,42,20,10,3,14,29,5,4,141,352,870,80,160,849,40,187,200,199,36206,3729,1612,219,644,974,1007,184,598,127,8890,3407,228,128,791,152,107,58,248,173,374,702,831,523,346,98,1247,1312,385,127,1317,87,404,249,1261,530,46,19566,13869,3743
0,1,0,7,0,0,3,2,15,11,2,3,0,8,3,4,3,1,8,9,15,7,2,2,9,4,6,0,1,4,3,1,2,2,3,18,12,1,16,1,5,2,8,7,4,3,5,0,0,0,1,9,36,4,8,31,85,876,670,433,3729,7054,7273,767,51,73,250,343,380,262,5429,6785,94,94,219,32,58,16,15,145,66,386,71,71,111,20,269,171,42,71,134,29,169,136,302,56,7,81,184,25
1,0,0,0,0,0,1,22,43,3,3,6,7,3,1,0,2,0,7,122,3,5,10,3,87,4,27,0,1,1,3,5,33,0,3,3,21,17,3,0,4,0,2,37,42,3,5,0,0,0,3,2,5,2,0,4,59,238,117,471,1612,7273,14397,4954,14,31,44,1914,109,641,5743,7325,101,1076,623,70,374,17,8,260,112,7217,52,49,396,36,337,44,58,345,28,25,552,161,775,2,0,40,167,46
0,0,0,0,0,0,1,84,145,2,3,10,29,2,0,3,0,0,7,133,1,2,4,7,48,0,14,0,0,2,3,1,15,0,1,3,60,3,2,0,0,1,1,4,14,1,2,1,0,0,5,0,16,0,1,1,4122,3136,352,1147,219,767,4954,16693,73,127,127,4646,115,1213,1739,1055,123,393,581,19,157,3,11,975,38,6077,172,167,299,1,452,34,124,46,8,6,89,27,216,2,9,15,134,82
6,18,28,86,10,21,109,1,12,41,6,2,0,97,24,102,0,0,13,26,13,23,3,3,11,1,5,1,2,19,20,2,9,1,125,35,40,4,83,2,19,9,35,9,6,2,3,49,5,3,20737,16363,19590,341,246,2635,256,325,344,132,644,51,14,73,66128,13943,1165,108,346,258,55,1207,114,101,87,130,52,75,4954,214,60,202,14954,1417,1085,39,415,668,674,507,734,28,343,50,106,208,13979,1049,1144,537
3,8,9,26,5,5,29,1,8,16,8,0,3,45,2,39,3,0,7,14,6,17,2,3,10,4,11,0,6,10,11,1,2,1,74,23,37,2,28,0,5,5,23,8,9,1,4,11,2,1,452,138,6035,14,26,290,403,452,462,143,974,73,31,127,13943,28637,3789,166,404,330,218,702,109,124,470,132,48,18,387,482,100,403,5796,6451,1122,12,239,787,7264,348,594,8,201,24,94,68,459,703,2777,7033
11,19,18,110,23,12,77,7,19,88,20,3,3,172,39,127,3,1,18,13,21,67,2,10,4,0,3,1,14,38,32,0,4,0,267,80,66,0,147,0,48,19,61,8,3,1,4,49,9,6,221,206,6234,76,109,3511,238,543,626,262,1007,250,44,127,1165,3789,20833,427,2431,251,332,476,145,153,1361,32,40,10,95,5333,26,211,569,6919,229,3,354,6093,651,102,1397,7,101,5,37,213,116,184,554,219
0,0,0,1,0,1,2,17,38,6,4,6,2,0,0,6,3,1,13,8,13,3,2,3,9,0,2,0,0,3,1,1,4,1,0,9,26,3,4,1,2,2,5,4,6,0,1,0,0,0,7,1,21,0,0,13,616,8709,2160,971,184,343,1914,4646,108,166,427,6939,688,264,7088,430,207,126,1424,13,28,1,4,3685,62,1258,87,205,161,11,856,63,111,58,28,6,72,10,236,2,8,15,84,70
1,0,2,8,1,0,5,23,52,72,27,5,7,18,6,43,7,5,50,38,68,33,3,33,16,2,6,0,4,21,25,1,11,1,55,87,78,1,80,1,22,15,35,9,12,2,3,4,2,2,44,22,156,4,12,57,126,632,1372,4240,598,380,109,115,346,404,2431,688,12543,491,769,513,4305,838,770,28,171,8,46,1876,20,166,301,461,100,5,1071,3047,177,102,1009,23,221,4,50,35,41,99,253,114
0,0,0,0,0,0,0,488,867,18,13,56,215,6,5,11,8,0,29,880,30,52,36,27,408,0,69,2,0,13,6,5,213,1,5,18,106,26,5,0,5,6,10,26,195,2,19,0,0,7,26,7,72,1,2,39,3591,4896,905,2596,127,262,641,1213,258,330,251,264,491,21231,215,1177,159,3374,152,141,360,4,22,349,74,2044,182,204,2396,13,428,72,82,4126,25,9,953,19,132,2,43,29,99,64
0,1,0,3,1,1,3,20,39,32,12,7,2,10,3,21,7,6,40,14,31,23,2,22,17,5,2,0,1,8,7,4,8,5,30,44,69,2,16,2,11,6,14,13,12,3,3,5,0,1,8,15,55,4,12,75,94,575,454,846,8890,5429,5743,1739,55,218,332,7088,769,215,24993,2486,465,239,5436,124,136,25,34,1395,336,1489,376,195,372,39,2040,432,429,127,383,33,319,86,1113,56,4,205,1682,6281
2,6,11,20,1,2,18,19,41,37,4,13,10,29,7,17,1,1,16,72,18,29,81,18,97,101,86,5,3,13,9,109,36,76,52,25,30,97,39,44,15,10,23,341,129,26,123,17,0,1,192,665,772,100,62,482,191,1459,812,831,3407,6785,7325,1055,1207,702,476,430,513,1177,2486,34936,218,1097,451,1040,1927,2380,3375,205,988,5726,3389,219,1615,1072,394,391,185,1205,427,973,4966,6086,10412,134,94,3545,1882,217
0,3,0,6,4,1,7,46,101,27,17,7,23,9,1,18,3,4,27,97,31,13,10,11,42,3,34,1,5,8,8,3,28,1,19,32,57,17,31,2,5,6,11,20,33,1,8,2,2,1,14,11,111,9,42,165,58,208,144,12357,228,94,101,123,114,109,145,207,4305,159,465,218,10265,4262,242,37,1051,16,18,76,30,140,144,94,63,13,4021,3446,56,58,4181,99,535,6,77,280,20,42,125,47
3,1,0,0,0,1,1,323,701,31,16,130,160,13,4,14,8,5,23,1159,24,50,141,37,959,28,360,2,2,20,6,42,396,13,11,31,143,223,12,10,16,19,12,277,587,9,83,5,2,8,22,7,111,3,75,88,70,109,218,9358,128,94,1076,393,101,124,153,126,838,3374,239,1097,4262,14638,106,151,11595,73,14,66,196,2873,137,71,606,49,1599,644,40,731,1402,807,2198,34,435,271,29,36,150,75
0,3,1,1,0,1,7,11,22,49,18,5,2,23,5,40,2,1,36,14,29,32,4,20,9,5,3,1,3,10,11,0,5,1,48,75,96,7,44,0,13,10,17,12,8,1,1,7,2,0,14,7,51,1,39,79,126,349,285,202,791,219,623,581,87,470,1361,1424,770,152,5436,451,242,106,9788,97,66,6,29,7326,165,1192,467,1504,510,18,1131,802,3818,166,726,15,164,12,391,149,15,90,1537,4864
0,0,0,0,1,0,0,2,6,8,2,9,1,1,1,2,0,0,1,11,0,45,120,3,45,398,168,13,2,1,0,234,14,162,3,3,6,129,4,54,0,1,1,639,109,81,304,4,0,0,13,4,26,0,9,18,7,29,10,32,152,32,70,19,130,132,32,13,28,141,124,1040,37,151,97,21573,1672,169,33,23,8947,1065,215,35,2447,3994,89,34,51,4658,76,571,13050,144,1468,26,16,30,178,81
0,1,0,2,0,1,1,19,53,7,5,17,11,4,1,2,0,1,1,99,4,30,169,5,192,192,217,7,2,4,4,119,117,77,3,7,15,251,9,37,4,2,6,589,291,41,196,6,0,2,9,7,45,2,63,60,49,26,12,1955,107,58,374,157,52,48,40,28,171,360,136,1927,1051,11595,66,1672,18863,483,17,19,1059,1599,71,33,845,285,1101,305,23,899,1360,7198,10764,125,1544,332,18,15,84,34
0,0,0,0,0,0,2,0,1,1,0,0,0,0,0,0,0,0,1,2,1,4,2,0,2,10,12,237,1,1,1,2,0,163,1,0,0,0,1,315,0,0,0,55,3,23,62,1,0,0,21,31,22,7,4,14,0,2,3,1,58,16,17,3,75,18,10,1,8,4,25,2380,16,73,6,169,483,59819,1128,3,615,17,414,6,33,9943,217,23,3,35,137,12402,1206,20760,1539,33,5,433,62,7
0,2,3,14,1,3,8,0,2,10,2,1,1,13,5,15,0,0,1,4,2,6,1,4,1,1,1,1,2,1,7,0,1,4,23,10,9,1,8,2,3,3,8,3,1,0,1,4,0,1,552,344,365,48,120,224,19,16,16,12,248,15,8,11,4954,387,95,4,46,22,34,3375,18,14,29,33,17,1128,134383,14,37,37,19574,93,114,186,103,146,48,46,130,267,88,407,160,52,14576,31161,709,66
4,0,1,5,1,3,3,8,11,22,5,1,2,18,3,14,2,1,15,6,18,13,2,5,4,0,1,0,5,7,6,2,3,0,22,20,19,2,19,0,7,2,9,0,2,1,1,2,2,1,21,6,71,0,5,19,740,2356,2823,180,173,145,260,975,214,482,5333,3685,1876,349,1395,205,76,66,7326,23,19,3,14,9203,75,981,126,2473,504,8,219,190,786,83,93,5,55,6,139,19,22,31,97,83
0,0,0,0,0,1,0,3,2,2,1,7,2,2,0,0,0,0,1,5,1,39,59,0,18,232,89,24,5,0,0,188,12,324,3,2,4,47,2,146,2,2,1,552,34,123,360,5,0,0,4,7,8,1,7,9,4,20,8,32,374,66,112,38,60,100,26,62,20,74,336,988,30,196,165,8947,1059,615,37,75,19553,2129,237,42,3644,8281,64,25,64,465,63,1062,5580,910,9180,19,11,61,341,129
0,0,0,1,1,0,0,127,254,13,8,55,67,11,3,3,2,3,14,577,9,33,90,15,411,35,173,1,0,6,4,27,192,8,4,8,50,122,9,4,2,6,6,160,289,7,52,3,0,4,12,3,31,2,5,10,759,570,178,444,702,386,7217,6077,202,403,211,1258,166,2044,1489,5726,140,2873,1192,1065,1599,17,37,981,2129,27295,519,337,17129,73,257,91,393,2120,82,36,3226,64,3664,32,32,71,698,403
6,5,13,30,8,7,37,4,17,57,21,4,2,78,18,67,2,0,23,23,24,36,4,10,15,4,5,0,4,29,15,3,3,2,133,75,74,4,83,2,29,9,39,20,12,1,3,31,6,3,489,1059,1559,143,153,1114,242,193,123,73,831,71,52,172,14954,5796,569,87,301,182,376,3389,144,137,467,215,71,414,19574,126,237,519,55077,1132,1608,165,761,775,1429,372,803,131,278,231,392,314,3617,11751,14937,2821
7,18,12,70,12,7,56,2,8,70,22,3,5,138,24,108,0,0,16,7,21,48,2,17,6,0,0,1,8,37,27,2,6,0,225,63,67,2,116,1,40,13,69,5,9,3,0,29,11,2,125,53,1182,10,34,153,286,384,312,152,523,71,49,167,1417,6451,6919,205,461,204,195,219,94,71,1504,35,33,6,93,2473,42,337,1132,9507,438,6,307,1454,2592,135,866,1,109,5,53,96,142,173,785,1168
0,0,0,0,0,0,1,85,214,16,8,66,60,10,4,5,1,2,15,603,11,46,141,18,535,49,224,1,3,20,4,42,284,12,3,25,32,202,5,4,9,11,10,266,505,11,94,4,1,11,62,20,63,1,7,21,251,681,230,189,346,111,396,299,1085,1122,229,161,100,2396,372,1615,63,606,510,2447,845,33,114,504,3644,17129,1608,438,14146,185,214,58,522,2808,41,42,1392,59,2048,17,201,138,857,645
0,0,0,0,0,0,0,0,2,2,0,1,0,4,1,1,0,0,0,0,0,28,13,0,3,45,39,90,6,5,0,60,2,743,0,1,2,11,4,600,1,0,0,345,15,180,506,3,0,0,2,9,13,1,4,9,1,2,2,5,98,20,36,1,39,12,3,11,5,13,39,1072,13,49,18,3994,285,9943,186,8,8281,73,165,6,185,33988,23,2,6,140,27,4953,6567,8980,4410,10,3,101,59,9
2,3,5,13,3,2,6,72,143,59,31,27,23,16,4,25,24,7,76,42,129,21,5,25,33,3,12,2,2,14,37,3,10,5,54,63,183,8,72,5,20,16,37,10,8,3,9,11,1,6,46,66,174,22,59,228,448,1276,574,6172,1247,269,337,452,415,239,354,856,1071,428,2040,394,4021,1599,1131,89,1101,217,103,219,64,257,761,307,214,23,1957,2556,314,131,5887,769,384,14,125,844,106,234,788,303
11,31,43,169,21,57,208,8,26,96,36,5,1,163,38,169,1,0,45,14,42,73,4,21,12,1,11,6,15,48,58,1,5,3,350,126,217,5,171,2,40,16,74,14,10,3,5,149,5,6,225,261,1462,323,1469,2967,26,48,73,452,1312,171,44,34,668,787,6093,63,3047,72,432,391,3446,644,802,34,305,23,146,190,25,91,775,1454,58,2,2556,10816,494,49,11709,62,245,14,47,2049,127,282,803,280
0,2,3,13,3,2,9,1,10,35,11,3,2,31,4,35,1,1,12,6,12,26,1,6,4,2,2,0,6,16,12,2,4,0,73,36,57,2,26,1,18,2,15,1,7,1,0,6,3,0,21,10,120,3,36,108,139,112,64,37,385,42,58,124,674,7264,651,111,177,82,429,185,56,40,3818,51,23,3,48,786,64,393,1429,2592,522,6,314,494,14924,74,481,4,74,2,116,173,63,160,1666,7743
0,0,0,0,0,0,1,10,50,17,6,42,10,5,0,2,1,0,5,192,9,27,126,8,318,50,141,2,0,13,1,61,163,5,2,12,12,186,4,3,5,9,6,279,377,19,88,2,0,5,53,21,115,3,7,33,44,288,90,178,127,71,345,46,507,348,102,58,102,4126,127,1205,58,731,166,4658,899,35,46,83,465,2120,372,135,2808,140,131,49,74,14221,33,68,11465,34,768,24,72,59,224,102
26,48,42,169,22,52,274,3,10,59,12,1,1,146,42,173,2,0,17,9,24,40,5,5,8,5,8,4,8,34,43,2,2,6,317,56,57,8,153,7,31,8,71,12,2,1,4,175,13,5,272,300,1136,130,1009,3264,11,25,22,362,1317,134,28,8,734,594,1397,28,1009,25,383,427,4181,1402,726,76,1360,137,130,93,63,82,803,866,41,27,5887,11709,481,33,21036,559,643,20,100,8567,221,285,797,330
1,0,1,1,0,0,0,1,3,3,1,0,1,1,1,0,0,0,0,1,0,28,17,1,7,97,63,182,2,0,2,89,4,841,3,1,3,14,2,1062,4,0,0,446,17,193,492,4,0,2,4,2,11,2,24,15,2,2,4,51,87,29,25,6,28,8,7,6,23,9,33,973,99,807,15,571,7198,12402,267,5,1062,36,131,1,42,4953,769,62,4,68,559,41325,12292,2274,1369,146,10,114,33,3
2,0,0,3,0,1,2,17,46,22,8,45,10,6,2,0,3,1,8,162,8,70,320,9,344,525,403,51,7,15,1,405,163,438,5,14,8,410,22,220,10,13,7,1314,553,163,634,6,0,6,28,17,137,7,78,89,17,72,32,300,404,169,552,89,343,201,101,72,221,953,319,4966,535,2198,164,13050,10764,1206,88,55,5580,3226,278,109,1392,6567,384,245,74,11465,643,12292,34551,910,5120,214,51,89,241,109
0,1,0,0,0,1,1,0,2,0,0,0,0,2,0,0,0,0,0,1,1,4,4,1,1,7,10,20,0,0,0,10,0,170,1,0,0,2,1,135,0,1,0,70,2,42,87,1,0,0,6,16,19,3,2,11,1,9,7,7,249,136,161,27,50,24,5,10,4,19,86,6086,6,34,12,144,125,20760,407,6,910,64,231,5,59,8980,14,14,2,34,20,2274,910,16335,8039,7,7,189,79,18
0,0,0,0,0,1,0,1,12,5,6,6,2,1,1,1,0,1,1,26,3,39,70,1,44,229,112,32,4,1,0,163,20,370,4,2,3,94,8,157,1,3,4,512,90,90,330,5,0,1,11,10,24,1,10,17,10,65,22,79,1261,302,775,216,106,94,37,236,50,132,1113,10412,77,435,391,1468,1544,1539,160,139,9180,3664,392,53,2048,4410,125,47,116,768,100,1369,5120,8039,23352,42,12,163,609,185
12,47,110,300,29,196,625,1,2,17,4,0,0,50,24,114,0,0,2,1,2,7,2,1,6,2,17,3,4,5,14,4,0,1,167,7,25,2,68,5,3,1,13,9,1,0,8,515,20,0,421,233,229,1232,6502,1795,0,6,7,20,530,56,2,2,208,68,213,2,35,2,56,134,280,271,149,26,332,33,52,19,19,32,314,96,17,10,844,2049,173,24,8567,146,214,7,42,9726,316,130,341,141
2,5,17,23,4,18,36,1,2,16,0,2,0,38,11,19,0,0,1,3,3,8,0,3,0,0,1,0,2,5,7,2,0,0,51,12,12,1,26,0,4,2,10,3,0,0,0,25,1,0,13062,886,755,666,3969,318,28,50,44,19,46,7,0,9,13979,459,116,8,41,43,4,94,20,29,15,16,18,5,14576,22,11,32,3617,142,201,3,106,127,63,72,221,10,51,7,12,316,49638,254,90,28
1,3,4,16,3,3,15,2,5,12,10,0,1,20,5,20,0,0,13,3,9,9,1,7,5,1,1,0,3,6,6,1,1,2,42,15,18,1,32,1,10,4,16,7,3,2,0,13,2,0,175,509,625,72,54,477,13,29,29,20,19566,81,40,15,1049,703,184,15,99,29,205,3545,42,36,90,30,15,433,31161,31,61,71,11751,173,138,101,234,282,160,59,285,114,89,189,163,130,254,66168,6812,232
1,12,3,23,8,5,23,7,20,41,16,7,3,40,8,48,1,1,20,17,24,21,6,12,11,4,5,1,5,21,15,2,3,3,73,58,68,7,74,1,18,11,21,14,8,2,2,12,3,2,104,323,741,43,96,604,67,100,69,76,13869,184,167,134,1144,2777,554,84,253,99,1682,1882,125,150,1537,178,84,62,709,97,341,698,14937,785,857,59,788,803,1666,224,797,33,241,79,609,341,90,6812,24855,6829
0,1,1,1,0,0,4,0,5,8,2,1,0,8,2,12,1,0,9,14,9,14,2,2,6,1,4,0,5,7,6,1,3,0,24,21,20,3,17,0,6,2,10,8,8,2,3,5,1,1,17,16,224,6,33,149,70,58,41,38,3743,25,46,82,537,7033,219,70,114,64,6281,217,47,75,4864,81,34,7,66,83,129,403,2821,1168,645,9,303,280,7743,102,330,3,109,18,185,141,28,232,6829,10717
