15767,4858,8602,1179,9492,2118,1165,5,4,39,2,5,3,6262,62,133,1,1,3,2,11,343,8,0,0,2,0,45,577,823,6,8,8,21,57,6,5,1,78,4,632,36,32,5,3,72,26,77,2124,9,1,13,4,163,20,25,0,0,0,0,0,0,0,0,5,2,4,0,1,1,0,0,0,0,0,0,0,0,1,0,0,0,1,1,0,0,2,17,0,0,1,0,0,0,0,14,1,0,0,0
4858,19365,8143,11393,1197,1732,1553,11,4,288,7,16,6,9124,1339,420,5,4,13,5,23,624,16,1,3,4,2,37,539,1141,42,10,22,24,135,21,16,8,118,1,1235,189,138,6,15,69,22,170,749,31,5,70,12,49,51,118,0,0,0,0,7,0,0,0,11,2,17,1,7,0,0,3,1,1,1,0,0,0,3,0,0,0,8,5,0,0,5,52,1,0,14,1,0,0,0,97,3,3,3,0
8602,8143,9076,6125,4928,3867,8945,2,2,138,2,8,4,894,41,42,3,0,4,2,19,445,17,1,2,2,2,57,428,837,15,11,8,27,70,7,6,0,258,2,948,94,43,9,9,80,40,297,545,21,40,182,26,323,93,193,0,0,0,2,5,0,0,0,12,4,11,0,8,0,0,4,0,1,0,0,0,1,4,0,0,0,9,4,0,0,1,44,0,0,8,0,0,0,0,134,6,4,2,0
1179,11393,6125,15847,866,1283,6127,40,44,1078,37,34,16,8162,9838,6614,12,8,115,63,54,983,26,5,24,21,11,32,460,1639,627,28,55,22,1150,202,67,47,270,0,1798,479,1970,26,85,45,26,688,626,132,21,269,93,125,188,476,1,1,0,13,19,4,0,0,66,29,117,1,26,5,2,14,9,3,4,0,0,0,22,2,1,1,39,31,6,0,16,278,7,2,94,0,2,1,0,364,9,10,17,4
9492,1197,4928,866,17631,20461,2697,0,3,15,2,1,4,3041,32,67,1,0,3,1,6,121,7,0,5,5,12,31,453,343,7,0,4,16,80,10,3,0,188,8,250,11,18,7,2,42,18,568,6258,4,3,22,3,693,39,32,0,0,0,0,3,0,0,0,3,0,4,0,1,0,0,0,0,0,0,0,0,0,1,0,0,0,0,2,0,0,1,7,1,0,1,0,0,0,0,19,0,0,0,0
2118,1732,3867,1283,20461,23581,17074,0,9,21,1,2,0,822,33,107,0,0,6,2,2,71,7,4,47,4,141,22,268,173,20,3,3,12,826,33,81,2,2858,71,164,17,33,50,2,19,11,4964,3495,2,60,130,17,612,275,339,0,1,0,1,3,0,0,0,12,7,21,1,5,0,1,2,0,1,0,1,0,1,11,1,3,1,6,1,0,0,0,51,1,0,10,1,7,0,0,92,11,4,1,0
1165,1553,8945,6127,2697,17074,15217,3,29,268,14,16,2,1079,170,1294,3,4,41,13,15,287,5,5,11,5,12,7,187,368,60,7,8,4,1672,59,72,8,1839,2,418,87,133,11,16,25,9,2521,569,17,40,446,100,548,435,755,0,1,0,8,14,3,2,0,64,35,105,1,30,3,2,18,4,3,3,1,1,0,25,4,1,0,29,22,1,0,14,367,3,2,81,0,1,1,0,530,14,10,18,2
5,11,2,40,0,0,3,42342,7862,229,1783,1256,7631,571,308,1136,4310,7534,2904,6434,636,3510,594,43,76,102,59,6,47,599,2167,313,2405,33,30,95,665,280,29,0,162,219,2396,133,1787,45,172,4,9,410,0,1,7,0,0,2,79,220,59,1702,54,47,50,32,11,11,35,80,288,134,94,38,133,66,44,6,16,1,0,102,6,59,8,17,37,1,188,39,11,6,13,0,12,0,6,0,1,0,8,11
4,4,2,44,3,9,29,7862,69761,212,375,1443,1117,96,125,589,559,324,7670,6616,255,1142,380,10103,7963,135,6645,11,13,82,267,348,1832,80,381,3658,13967,468,969,70,52,64,477,956,957,55,242,93,8,45,0,3,17,0,5,11,450,872,126,8185,92,135,130,152,32,38,106,165,669,1273,177,84,375,747,58,65,244,1,2,150,38,321,21,46,267,5,1003,84,27,61,33,6,139,1,11,5,0,3,35,16
39,288,138,1078,15,21,268,229,212,41683,4938,4581,385,522,743,1803,472,189,936,117,5901,6210,495,57,78,36,25,22,299,510,857,310,1040,29,699,1134,439,53,605,0,10812,7620,3013,99,209,81,356,75,29,5396,0,3,23,1,7,17,10,8,10,133,72,18,7,7,23,25,122,14,320,14,32,25,58,11,32,3,8,0,6,70,7,17,26,66,11,2,114,145,25,10,61,0,7,0,0,21,2,9,27,9
2,7,2,37,2,1,14,1783,375,4938,4959,9783,306,53,58,244,724,210,718,90,760,4110,1736,16,36,22,17,12,15,71,210,70,307,22,38,224,67,29,36,0,160,100,243,107,59,117,173,8,1,59,0,0,3,0,0,3,2,5,3,65,6,2,3,3,1,3,9,5,38,6,11,3,6,7,1,9,1,0,0,13,1,6,6,4,5,0,13,11,3,5,2,1,4,0,0,1,0,2,0,2
5,16,8,34,1,2,16,1256,1443,4581,9783,34945,7733,80,46,168,7696,238,643,1463,6634,5029,6577,37,884,83,174,28,83,363,477,405,6503,70,38,185,152,300,51,4,703,803,362,401,885,270,700,4,1,413,0,0,1,0,1,0,8,23,4,216,19,3,16,4,10,12,23,17,81,147,11,19,30,265,6,37,15,1,1,25,14,73,3,14,146,2,31,17,5,46,6,3,46,0,2,2,1,0,3,6
3,6,4,16,4,0,2,7631,1117,385,306,7733,23032,329,72,340,5265,929,571,1109,1770,838,247,9,52,9,43,13,73,920,1711,149,6291,8,20,50,124,26,35,0,377,736,993,40,232,20,105,1,7,455,0,0,2,0,0,1,14,32,3,242,8,2,1,4,1,1,14,4,26,76,6,7,10,38,5,1,6,0,0,7,1,14,2,4,19,0,25,13,1,1,1,1,0,0,0,2,1,3,3,4
6262,9124,894,8162,3041,822,1079,571,96,522,53,80,329,45775,9071,2166,63,73,130,386,201,621,71,5,51,208,15,99,4256,22177,762,304,495,77,963,193,110,225,335,7,1643,1077,5229,57,1473,151,128,319,12390,3362,8,63,56,40,56,155,1,4,1,30,25,2,2,3,51,19,107,1,56,16,3,23,10,32,5,8,2,0,14,5,0,9,28,47,15,0,24,267,7,5,107,1,4,0,0,145,8,9,11,9
62,1339,41,9838,32,33,170,308,125,743,58,46,72,9071,8984,2008,22,42,167,218,90,531,28,2,45,60,10,12,197,1588,1388,62,108,13,299,111,68,112,103,2,947,543,9758,39,331,25,20,69,107,2170,0,9,19,7,11,43,2,4,0,13,10,0,0,1,17,17,35,1,31,3,3,6,2,13,5,2,1,0,11,9,3,5,11,24,7,0,12,90,7,3,39,1,3,0,0,37,3,3,7,1
133,420,42,6614,67,107,1294,1136,589,1803,244,168,340,2166,2008,19129,266,660,3407,562,597,659,45,36,93,51,53,14,184,850,14248,79,249,18,1830,1941,349,134,552,5,779,379,9743,76,398,40,37,368,168,454,8,44,78,31,64,153,1,4,7,84,97,8,5,4,92,93,280,4,398,19,17,43,51,20,47,3,4,0,18,36,1,19,106,173,14,1,68,529,82,2,213,0,5,1,0,133,10,21,58,35
1,5,3,12,1,0,3,4310,559,472,724,7696,5265,63,22,266,11457,4569,819,125,4825,716,309,21,35,7,4,3,32,282,4520,145,1327,14,20,93,132,14,23,0,225,358,513,39,118,22,127,2,1,218,0,0,1,1,0,3,6,18,7,210,20,11,11,3,5,5,10,23,120,8,22,9,34,16,19,3,0,0,0,38,0,6,4,1,4,0,41,11,2,2,7,1,4,0,1,1,0,2,6,6
1,4,0,8,0,0,4,7534,324,189,210,238,929,73,42,660,4569,4168,3403,206,379,249,43,19,6,6,2,1,6,71,4242,49,303,4,11,58,183,13,29,1,30,52,598,7,126,1,19,0,0,80,1,1,6,0,2,7,13,27,23,335,68,31,24,15,9,10,54,42,335,9,55,12,76,5,59,1,1,0,6,112,2,16,20,21,9,0,85,57,15,1,20,1,2,0,3,1,0,4,19,16
3,13,4,115,3,6,41,2904,7670,936,718,643,571,130,167,3407,819,3403,11339,1498,1070,616,167,1048,485,70,244,9,37,173,1870,164,580,27,421,3971,1777,215,506,11,234,203,931,275,425,12,117,22,8,165,2,9,43,5,13,24,30,75,61,842,221,87,64,27,74,84,318,69,1142,79,169,52,207,82,234,12,13,0,22,252,8,75,105,224,40,1,237,407,130,15,155,1,26,0,8,28,4,24,107,93
2,5,2,63,1,2,13,6434,6616,117,90,1463,1109,386,218,562,125,206,1498,32384,145,810,584,49,1311,545,1017,5,33,317,449,840,5452,98,101,404,210,6758,31,1,111,122,977,1162,7560,46,280,9,8,170,0,1,6,0,1,5,104,206,3,1632,13,12,66,21,17,24,20,7,78,1090,7,55,68,1150,7,46,92,0,2,10,37,310,21,33,527,5,101,22,18,113,5,1,71,3,8,2,0,3,18,12
11,23,19,54,6,2,15,636,255,5901,760,6634,1770,201,90,597,4825,379,1070,145,17022,606,400,39,65,25,15,16,160,1232,1978,417,2001,31,95,473,324,37,200,3,1177,2556,2919,58,408,54,333,8,6,2245,0,2,8,1,4,9,4,8,12,154,71,21,7,4,17,20,100,17,253,10,33,14,62,20,30,6,2,0,7,68,0,15,19,37,16,1,81,107,15,3,36,1,6,0,1,6,1,6,27,22
343,624,445,983,121,71,287,3510,1142,6210,4110,5029,838,621,531,659,716,249,616,810,606,29200,9591,37,403,250,130,1492,3633,870,426,959,1023,882,212,294,103,326,194,88,16531,1118,1073,1391,568,6071,2576,66,65,393,2,1,8,10,6,13,3,9,1,92,12,1,6,1,13,15,49,2,67,26,6,17,11,51,11,31,17,2,3,12,8,20,12,21,37,3,17,52,8,26,22,11,83,1,3,13,0,5,8,7
8,16,17,26,7,7,5,594,380,495,1736,6577,247,71,28,45,309,43,167,584,400,9591,12118,23,777,487,244,336,220,142,66,1010,3170,485,18,69,19,584,23,38,290,128,91,1961,742,5349,3930,6,4,64,1,0,2,1,0,2,1,2,0,44,2,0,1,3,1,4,4,2,9,60,2,42,5,187,1,198,82,1,1,2,50,54,2,6,89,15,4,5,0,130,2,17,261,0,23,0,0,0,2,3
0,1,1,5,0,4,5,43,10103,57,16,37,9,5,2,36,21,19,1048,49,39,37,23,8140,1061,21,1338,11,3,14,35,44,48,33,191,4476,4137,29,5269,123,11,14,26,470,29,3,19,57,6,9,1,2,6,0,3,9,15,28,11,364,30,16,8,8,14,14,68,18,270,31,29,16,54,36,27,36,28,1,8,43,5,25,16,23,22,3,118,67,17,25,27,3,42,0,5,0,0,3,16,6
0,3,2,24,5,47,11,76,7963,78,36,884,52,51,45,93,35,6,485,1311,65,403,777,1061,12165,565,14730,38,20,60,61,970,2793,447,178,1307,356,967,1372,376,43,55,138,6609,1315,66,484,659,32,26,0,3,12,0,6,4,41,44,0,760,19,10,74,16,39,30,22,5,60,1008,7,241,96,2699,10,504,471,9,5,11,183,700,45,35,1405,50,45,17,21,840,16,38,747,4,64,6,0,1,21,18
2,4,2,21,5,4,5,102,135,36,22,83,9,208,60,51,7,6,70,545,25,250,487,21,565,14798,509,34,8,85,50,6909,340,2971,21,112,20,5539,62,73,27,29,142,7084,2600,77,740,33,5,30,0,0,0,0,1,0,6,2,1,60,10,11,10,1,4,6,3,1,15,49,2,288,32,509,7,1662,656,33,3,3,461,301,4,4,309,179,7,5,5,707,2,120,3034,11,186,1,1,3,11,9
0,2,2,11,12,141,12,59,6645,25,17,174,43,15,10,53,4,2,244,1017,15,130,244,1338,14730,509,18111,1084,30,24,17,454,556,609,282,849,2078,788,4360,5923,16,9,33,17285,729,63,203,1958,133,12,0,1,2,0,0,2,4,14,0,126,6,1,7,1,8,3,6,1,16,83,4,101,32,551,2,550,435,21,0,2,151,198,6,3,237,77,11,10,3,545,13,86,1063,2,52,6,0,2,5,4
45,37,57,32,31,22,7,6,11,22,12,28,13,99,12,14,3,1,9,5,16,1492,336,11,38,34,1084,58447,1134,257,10,436,38,15855,21,15,459,27,388,14547,523,34,27,608,21,10802,4766,197,21,11,0,0,0,1,0,0,0,0,0,1,0,0,0,0,0,0,2,0,1,2,0,12,4,15,0,42,41,397,17,1,22,0,0,0,0,139,10,4,0,3,1,906,140,25,7,1,1,3,1,0
577,539,428,460,453,268,187,47,13,299,15,83,73,4256,197,184,32,6,37,33,160,3633,220,3,20,8,30,1134,105801,13627,74,146,169,303,173,65,30,22,144,65,27218,618,345,66,122,1843,499,189,8739,195,0,4,3,17,5,14,0,0,0,5,1,1,0,0,6,3,20,0,16,5,1,2,3,0,3,1,0,0,0,2,0,1,1,8,1,1,10,33,2,2,11,1,4,0,0,7,0,0,4,1
823,1141,837,1639,343,173,368,599,82,510,71,363,920,22177,1588,850,282,71,173,317,1232,870,142,14,60,85,24,257,13627,51097,686,765,1290,150,390,272,153,88,333,15,14524,7543,4779,67,1305,434,357,117,1698,3938,3,12,24,16,14,40,2,1,4,39,23,2,1,3,24,21,80,0,106,18,5,13,18,41,10,5,4,0,5,22,1,10,28,43,12,0,25,122,10,6,55,1,8,2,0,42,3,11,9,10
6,42,15,627,7,20,60,2167,267,857,210,477,1711,762,1388,14248,4520,4242,1870,449,1978,426,66,35,61,50,17,10,74,686,15219,223,1025,22,388,563,497,86,367,2,373,373,12767,37,813,15,75,116,33,497,4,10,47,4,13,41,12,10,4,172,119,23,13,8,58,46,238,20,526,21,49,27,94,13,83,3,5,1,19,122,6,27,58,119,14,0,152,321,64,8,123,2,2,2,2,64,5,17,45,47
8,10,11,28,0,3,7,313,348,310,70,405,149,304,62,79,145,49,164,840,417,959,1010,44,970,6909,454,436,146,765,223,20889,7540,4818,19,91,31,2165,42,139,373,432,340,6916,6658,1323,7789,22,8,240,0,0,1,0,0,1,1,5,1,56,4,7,12,2,3,4,10,2,10,74,1,190,29,384,4,1122,367,37,0,2,370,212,8,7,309,191,10,4,6,504,4,167,2114,7,122,5,0,1,11,3
8,22,8,55,4,3,8,2405,1832,1040,307,6503,6291,495,108,249,1327,303,580,5452,2001,1023,3170,48,2793,340,556,38,169,1290,1025,7540,21619,186,54,192,84,1302,57,8,842,1239,877,1675,14364,303,4400,13,14,650,0,0,1,0,0,1,23,39,3,460,5,6,42,3,21,7,24,5,53,456,4,71,29,776,4,157,100,1,2,11,44,273,15,23,501,10,26,16,8,268,4,6,157,2,17,1,0,1,14,6
21,24,27,22,16,12,4,33,80,29,22,70,8,77,13,18,14,4,27,98,31,882,485,33,447,2971,609,15855,303,150,22,4818,186,27824,14,53,85,396,160,6229,233,43,48,6614,444,2423,10541,104,8,11,0,0,0,0,0,0,0,1,1,16,4,1,7,0,1,2,2,0,3,8,3,96,19,148,1,695,308,432,3,2,441,43,3,2,56,2364,17,6,1,87,7,3317,2622,109,114,4,0,2,5,5
57,135,70,1150,80,826,1672,30,381,699,38,38,20,963,299,1830,20,11,421,101,95,212,18,191,178,21,282,21,173,390,388,19,54,14,2560,1747,808,55,3176,76,300,136,699,115,42,17,18,4873,546,63,24,116,149,41,134,396,4,5,0,44,86,10,3,2,130,96,322,3,192,6,7,52,33,15,19,4,6,1,35,18,0,11,116,133,11,1,58,807,45,3,365,2,9,0,1,373,19,21,54,16
6,21,7,202,10,33,59,95,3658,1134,224,185,50,193,111,1941,93,58,3971,404,473,294,69,4476,1307,112,849,15,65,272,563,91,192,53,1747,14231,3614,223,6358,90,313,210,824,646,116,18,63,430,36,168,5,16,90,11,25,74,28,38,13,517,254,44,26,9,139,124,525,30,1075,76,71,85,188,95,105,40,28,3,38,145,14,69,131,281,40,3,363,821,135,50,326,6,40,2,4,68,5,41,112,59
5,16,6,67,3,81,72,665,13967,439,67,152,124,110,68,349,132,183,1777,210,324,103,19,4137,356,20,2078,459,30,153,497,31,84,85,808,3614,7742,13,11144,1207,175,141,517,331,38,38,18,1735,40,100,0,5,12,1,5,18,14,30,11,396,62,26,21,8,20,20,84,21,314,36,34,18,67,25,46,7,13,3,4,70,7,15,28,60,13,5,119,182,35,8,86,13,17,2,1,35,2,10,38,27
1,8,0,47,0,2,8,280,468,53,29,300,26,225,112,134,14,13,215,6758,37,326,584,29,967,5539,788,27,22,88,86,2165,1302,396,55,223,13,16639,50,4,32,33,300,7273,4515,63,704,48,4,34,0,0,4,0,0,1,5,7,1,127,7,5,26,1,13,15,9,2,27,211,4,214,58,1265,4,656,527,6,2,6,168,494,19,11,847,27,11,15,8,828,4,7,803,4,74,3,0,0,11,4
78,118,258,270,188,2858,1839,29,969,605,36,51,35,335,103,552,23,29,506,31,200,194,23,5269,1372,62,4360,388,144,333,367,42,57,160,3176,6358,11144,50,26940,1963,263,147,940,1056,30,46,32,10053,442,140,9,75,125,113,147,195,4,4,2,58,205,22,2,4,154,146,630,5,667,15,15,73,55,32,44,25,15,3,52,55,13,14,145,252,26,8,266,1060,89,33,671,22,41,1,3,205,11,33,96,42
4,1,2,0,8,71,2,0,70,0,0,4,0,7,2,5,0,1,11,1,3,88,38,123,376,73,5923,14547,65,15,2,139,8,6229,76,90,1207,4,1963,36695,43,5,6,10402,2,631,204,1054,42,2,0,0,0,0,3,1,1,0,0,12,1,1,4,0,2,0,0,0,4,5,0,73,10,87,3,218,257,1046,20,0,159,14,1,2,7,1459,40,4,2,24,19,4053,1223,102,73,18,0,2,1,1
632,1235,948,1798,250,164,418,162,52,10812,160,703,377,1643,947,779,225,30,234,111,1177,16531,290,11,43,27,16,523,27218,14524,373,373,842,233,300,313,175,32,263,43,88126,12143,2235,107,373,1048,534,64,153,2122,0,8,12,18,5,27,5,2,0,28,34,3,3,0,22,14,74,6,98,5,6,11,16,17,8,1,1,1,2,29,3,5,20,39,6,1,46,95,9,4,43,3,3,0,0,21,0,4,12,9
36,189,94,479,11,17,87,219,64,7620,100,803,736,1077,543,379,358,52,203,122,2556,1118,128,14,55,29,9,34,618,7543,373,432,1239,43,136,210,141,33,147,5,12143,22233,4612,60,406,95,258,11,15,11896,0,2,3,1,2,2,2,2,1,28,16,1,1,2,17,8,42,4,86,7,5,9,14,15,7,1,1,0,0,17,0,7,11,16,11,0,39,56,5,6,20,2,8,1,2,3,0,2,4,2
32,138,43,1970,18,33,133,2396,477,3013,243,362,993,5229,9758,9743,513,598,931,977,2919,1073,91,26,138,142,33,27,345,4779,12767,340,877,48,699,824,517,300,940,6,2235,4612,46130,101,1605,43,96,185,71,13622,5,13,62,5,31,88,6,13,3,106,116,11,10,1,74,62,308,4,395,22,15,38,38,55,27,7,2,0,25,45,3,14,68,100,32,1,108,456,56,15,198,0,13,1,0,60,3,21,61,18
5,6,9,26,7,50,11,133,956,99,107,401,40,57,39,76,39,7,275,1162,58,1391,1961,470,6609,7084,17285,608,66,67,37,6916,1675,6614,115,646,331,7273,1056,10402,107,60,101,51632,1363,467,3342,792,48,30,1,0,4,1,1,1,5,8,2,144,17,19,22,3,13,16,8,2,52,113,12,556,57,1113,6,3546,1535,150,4,5,1139,512,19,11,663,688,15,21,15,1486,5,681,7445,39,394,4,0,3,38,22
3,15,9,85,2,2,16,1787,957,209,59,885,232,1473,331,398,118,126,425,7560,408,568,742,29,1315,2600,729,21,122,1305,813,6658,14364,444,42,116,38,4515,30,2,373,406,1605,1363,12760,78,896,7,21,456,0,0,9,0,0,0,27,25,3,474,11,12,63,16,31,28,19,4,54,683,9,194,79,2023,8,405,322,4,2,10,129,648,33,32,1378,32,25,16,15,765,7,18,479,2,62,7,2,2,21,9
72,69,80,45,42,19,25,45,55,81,117,270,20,151,25,40,22,1,12,46,54,6071,5349,3,66,77,63,10802,1843,434,15,1323,303,2423,17,18,38,63,46,631,1048,95,43,467,78,14004,11684,26,27,30,0,1,2,2,0,1,0,0,0,4,3,0,0,0,1,4,2,0,4,6,1,4,4,8,0,37,5,18,0,0,9,9,0,0,6,51,2,2,1,16,2,60,94,0,4,4,0,0,1,1
26,22,40,26,18,11,9,172,242,356,173,700,105,128,20,37,127,19,117,280,333,2576,3930,19,484,740,203,4766,499,357,75,7789,4400,10541,18,63,18,704,32,204,534,258,96,3342,896,11684,19112,15,13,99,0,0,0,0,0,0,1,4,0,29,2,4,3,1,2,4,1,2,8,26,1,58,10,140,2,399,123,48,1,1,144,58,2,1,66,363,4,1,0,158,0,322,825,8,44,0,0,0,1,2
77,170,297,688,568,4964,2521,4,93,75,8,4,1,319,69,368,2,0,22,9,8,66,6,57,659,33,1958,197,189,117,116,22,13,104,4873,430,1735,48,10053,1054,64,11,185,792,7,26,15,11111,1568,6,14,170,61,68,121,338,0,3,0,6,26,1,0,0,46,15,88,1,28,5,1,10,7,9,1,18,11,3,16,2,2,5,21,28,10,7,14,306,6,11,128,10,34,0,0,245,7,6,11,2
2124,749,545,626,6258,3495,569,9,8,29,1,1,7,12390,107,168,1,0,8,8,6,65,4,6,32,5,133,21,8739,1698,33,8,14,8,546,36,40,4,442,42,153,15,71,48,21,27,13,1568,17967,5,2,6,3,37,17,23,0,0,0,1,2,0,1,0,2,1,7,0,1,0,0,1,0,2,1,1,0,0,0,0,0,0,1,1,1,1,1,14,0,0,1,0,1,0,0,9,1,0,0,0
9,31,21,132,4,2,17,410,45,5396,59,413,455,3362,2170,454,218,80,165,170,2245,393,64,9,26,30,12,11,195,3938,497,240,650,11,63,168,100,34,140,2,2122,11896,13622,30,456,30,99,6,5,18959,0,1,5,0,1,6,0,0,0,19,18,1,0,0,9,7,42,1,76,4,1,4,15,9,6,3,0,0,5,6,0,5,10,23,9,0,22,53,4,3,18,1,2,0,0,4,1,0,6,5
1,5,40,21,3,60,40,0,0,0,0,0,0,8,0,8,0,1,2,0,0,2,1,1,0,0,0,0,0,3,4,0,0,0,24,5,0,0,9,0,0,0,5,1,0,0,0,14,2,0,25579,15563,438,10431,6297,1962,1,0,0,8,182,1,1,1,7956,20,76,0,17,2,0,610,7,23,2,2,6,42,1880,0,0,4,1105,5,6,26,22,228,8,3,48,4,3,15,4,243,12088,520,211,2
13,70,182,269,22,130,446,1,3,3,0,0,0,63,9,44,0,1,9,1,2,1,0,2,3,0,1,0,4,12,10,0,0,0,116,16,5,0,75,0,8,2,13,0,0,1,0,170,6,1,15563,33542,9322,7856,1332,7772,4,6,1,18,1310,11,6,1,9737,109,239,2,44,11,3,1536,5,8,7,7,0,80,2684,3,6,12,3663,41,23,29,38,256,23,2,58,3,3,42,11,562,3653,1296,1520,18
4,12,26,93,3,17,100,7,17,23,3,1,2,56,19,78,1,6,43,6,8,8,2,6,12,0,2,0,3,24,47,1,1,0,149,90,12,4,125,0,12,3,62,4,9,2,0,61,3,5,438,9322,29545,193,152,8501,9,23,5,383,1949,73,32,7,13850,2261,7754,18,632,150,31,740,39,202,30,18,11,30,1160,48,15,85,2509,918,74,7,181,679,87,36,112,1,22,11,10,216,982,655,1580,174
163,49,323,125,693,612,548,0,0,1,0,0,0,40,7,31,1,0,5,0,1,10,1,0,0,0,0,1,17,16,4,0,0,0,41,11,1,0,113,0,18,1,5,1,0,2,0,68,37,0,10431,7856,193,26394,15413,18865,2,0,0,9,205,2,1,0,182,17,53,0,5,1,2,340,6,12,0,0,2,23,468,1,3,4,529,7,1,3,18,304,7,2,323,2,3,7,3,478,838,260,242,6
20,51,93,188,39,275,435,0,5,7,0,1,0,56,11,64,0,2,13,1,4,6,0,3,6,1,0,0,5,14,13,0,0,0,134,25,5,0,147,3,5,2,31,1,0,0,0,121,17,1,6297,1332,152,15413,20261,11135,0,1,0,28,92,3,3,0,185,23,175,0,26,6,1,56,58,109,4,5,99,24,186,3,5,9,106,9,2,5,236,1779,8,3,805,50,60,1,3,4143,4985,38,56,13
25,118,193,476,32,339,755,2,11,17,3,0,1,155,43,153,3,7,24,5,9,13,2,9,4,0,2,0,14,40,41,1,1,0,396,74,18,1,195,1,27,2,88,1,0,1,0,338,23,6,1962,7772,8501,18865,11135,20322,2,2,0,111,1630,31,17,2,2263,152,2674,7,172,34,22,668,68,84,13,11,11,26,655,10,10,28,1311,97,23,9,170,2100,41,17,466,5,12,14,5,1785,639,503,1240,108
0,0,0,1,0,0,0,79,450,10,2,8,14,1,2,1,6,13,30,104,4,3,1,15,41,6,4,0,0,2,12,1,23,0,4,28,14,5,4,1,5,2,6,5,27,0,1,0,0,0,1,4,9,2,0,2,5991,9331,680,1256,45,173,414,7410,280,661,528,470,970,1364,51,213,17,83,72,55,4,1,23,896,49,4335,410,655,280,2,135,7,302,7,4,0,21,8,16,2,2,17,110,38
0,0,0,1,0,1,1,220,872,8,5,23,32,4,4,4,18,27,75,206,8,9,2,28,44,2,14,0,0,1,10,5,39,1,5,38,30,7,4,0,2,2,13,8,25,0,4,3,0,0,0,6,23,0,1,2,9331,15543,3760,8144,66,892,654,2380,303,448,507,3776,1607,2774,173,972,60,103,48,42,4,8,19,1877,82,1312,255,529,513,21,218,11,160,19,0,1,30,10,40,0,2,11,60,25
0,0,0,0,0,0,0,59,126,10,3,4,3,1,0,7,7,23,61,3,12,1,0,11,0,1,0,0,0,4,4,1,3,1,0,13,11,1,2,0,0,1,3,2,3,0,0,0,0,0,0,1,5,0,0,0,680,3760,3771,2057,40,327,97,195,43,39,220,1509,3285,181,137,231,34,7,9,9,0,0,1,1194,12,129,10,47,124,1,64,3,10,4,1,0,5,4,2,0,0,1,6,1
0,0,2,13,0,1,8,1702,8185,133,65,216,242,30,13,84,210,335,842,1632,154,92,44,364,760,60,126,1,5,39,172,56,460,16,44,517,396,127,58,12,28,28,106,144,474,4,29,6,1,19,8,18,383,9,28,111,1256,8144,2057,66992,623,3047,2301,1267,583,554,1230,1329,9602,6906,1757,3005,13755,8595,233,311,1111,42,51,636,377,2252,292,711,1226,106,10138,656,171,307,194,119,511,40,153,67,26,48,184,126
0,7,5,19,3,3,14,54,92,72,6,19,8,25,10,97,20,68,221,13,71,12,2,30,19,10,6,0,1,23,119,4,5,4,86,254,62,7,205,1,34,16,116,17,11,3,2,26,2,18,182,1310,1949,205,92,1630,45,66,40,623,53292,4124,3568,134,1494,1469,2977,218,1861,116,4270,3959,294,174,461,168,29,43,534,261,366,708,1045,1139,265,88,867,1379,1003,53,420,5,193,79,236,98,57,15812,28909,5980
0,0,0,4,0,0,3,47,135,18,2,3,2,2,0,8,11,31,87,12,21,1,0,16,10,11,1,0,1,2,23,7,6,1,10,44,26,5,22,1,3,1,11,19,12,0,4,1,0,1,1,11,73,2,3,31,173,892,327,3047,4124,10454,12712,678,108,149,726,1515,1922,200,5881,8823,209,174,801,39,18,34,15,628,130,1051,137,251,93,43,257,151,185,29,44,5,166,81,198,8,3,45,392,467
0,0,0,0,0,0,2,50,130,7,3,16,1,2,0,5,11,24,64,66,7,6,1,8,74,10,7,0,0,1,13,12,42,7,3,26,21,26,2,4,3,1,10,22,63,0,3,0,1,0,1,6,32,1,3,17,414,654,97,2301,3568,12712,24543,4724,69,267,248,8212,655,635,8741,9881,167,767,1685,94,44,36,15,1091,235,8713,220,286,308,79,184,40,615,73,7,7,213,67,323,2,0,170,560,701
0,0,0,0,0,0,0,32,152,7,3,4,4,3,1,4,3,15,27,21,4,1,3,8,16,1,1,0,0,3,8,2,3,0,2,9,8,1,4,0,0,2,1,3,16,0,1,0,0,0,1,1,7,0,0,2,7410,2380,195,1267,134,678,4724,14826,72,380,273,5124,374,532,805,495,32,68,279,26,5,2,7,1039,56,5998,174,464,89,5,88,12,430,10,3,0,14,7,14,0,2,7,129,114
5,11,12,66,3,12,64,11,32,23,1,10,1,51,17,92,5,9,74,17,17,13,1,14,39,4,8,0,6,24,58,3,21,1,130,139,20,13,154,2,22,17,74,13,31,1,2,46,2,9,7956,9737,13850,182,185,2263,280,303,43,583,1494,108,69,72,63036,18268,2956,31,625,767,39,839,53,273,76,185,14,41,5170,389,119,515,20706,1604,1198,55,278,629,663,212,223,5,65,17,20,155,9502,877,2181,182
2,2,4,29,0,7,35,11,38,25,3,12,1,19,17,93,5,10,84,24,20,15,4,14,30,6,3,0,3,21,46,4,7,2,96,124,20,15,146,0,14,8,62,16,28,4,4,15,1,7,20,109,2261,17,23,152,661,448,39,554,1469,149,267,380,18268,38918,4332,123,711,1040,156,665,54,254,754,335,15,22,435,882,340,1628,9384,5466,1813,53,353,462,10121,137,266,4,97,12,62,105,91,419,4099,6341
4,17,11,117,4,21,105,35,106,122,9,23,14,107,35,280,10,54,318,20,100,49,4,68,22,3,6,2,20,80,238,10,24,2,322,525,84,9,630,0,74,42,308,8,19,2,1,88,7,42,76,239,7754,53,175,2674,528,507,220,1230,2977,726,248,273,2956,4332,24879,335,6812,766,294,707,236,256,400,66,13,15,312,6992,63,603,1189,12597,587,13,754,2606,818,105,448,4,57,10,36,282,131,337,1270,452
0,1,0,1,0,1,1,80,165,14,5,17,4,1,1,4,23,42,69,7,17,2,2,18,5,1,1,0,0,0,20,2,5,0,3,30,21,2,5,0,6,4,4,2,4,0,2,1,0,1,0,2,18,0,0,7,470,3776,1509,1329,218,1515,8212,5124,31,123,335,5311,1096,57,4403,683,53,20,1365,10,3,3,3,4783,37,1092,35,293,47,8,98,16,134,4,6,0,14,3,33,0,1,8,63,96
1,7,8,26,1,5,30,288,669,320,38,81,26,56,31,398,120,335,1142,78,253,67,9,270,60,15,16,1,16,106,526,10,53,3,192,1075,314,27,667,4,98,86,395,52,54,4,8,28,1,76,17,44,632,5,26,172,970,1607,3285,9602,1861,1922,655,374,625,711,6812,1096,16582,654,1099,1058,7232,910,543,68,93,13,89,2622,96,539,500,1370,336,20,2932,6205,439,91,1045,19,161,13,42,59,25,117,532,354
1,0,0,5,0,0,3,134,1273,14,6,147,76,16,3,19,8,9,79,1090,10,26,60,31,1008,49,83,2,5,18,21,74,456,8,6,76,36,211,15,5,5,7,22,113,683,6,26,5,0,4,2,11,150,1,6,34,1364,2774,181,6906,116,200,635,532,767,1040,766,57,654,17709,26,867,40,2857,101,621,94,8,91,459,503,9040,831,1048,7909,73,111,42,475,3637,9,1,411,18,98,4,12,48,273,110
0,0,0,2,0,1,2,94,177,32,11,11,6,3,3,17,22,55,169,7,33,6,2,29,7,2,4,0,1,5,49,1,4,3,7,71,34,4,15,0,6,5,15,12,9,1,1,1,0,1,0,3,31,2,1,22,51,173,137,1757,4270,5881,8741,805,39,156,294,4403,1099,26,17038,1392,301,71,6728,76,13,9,20,1875,240,1030,216,171,77,49,511,122,508,20,39,4,97,29,131,4,1,63,1034,3879
0,3,4,14,0,2,18,38,84,25,3,19,7,23,6,43,9,12,52,55,14,17,42,16,241,288,101,12,2,13,27,190,71,96,52,85,18,214,73,73,11,9,38,556,194,4,58,10,1,4,610,1536,740,340,56,668,213,972,231,3005,3959,8823,9881,495,839,665,707,683,1058,867,1392,53372,156,1862,566,1376,596,5401,2813,342,2491,7002,1600,403,1006,3790,220,374,531,791,137,384,3708,10485,10743,54,152,2894,2289,730
0,1,0,9,0,0,4,133,375,58,6,30,10,10,2,51,34,76,207,68,62,11,5,54,96,32,32,4,3,18,94,29,29,19,33,188,67,58,55,10,16,14,38,57,79,4,10,7,0,15,7,5,39,6,58,68,17,60,34,13755,294,209,167,32,53,54,236,53,7232,40,301,156,10307,3886,261,62,707,54,23,143,58,176,99,123,67,14,6234,3640,119,71,1711,299,366,1,26,276,33,25,113,123
0,1,1,3,0,1,3,66,747,11,7,265,38,32,13,20,16,5,82,1150,20,51,187,36,2699,509,551,15,0,41,13,384,776,148,15,95,25,1265,32,87,17,15,55,1113,2023,8,140,9,2,9,23,8,202,12,109,84,83,103,7,8595,174,174,767,68,273,254,256,20,910,2857,71,1862,3886,17115,68,1000,10885,287,41,49,922,4271,248,327,2586,202,1695,804,182,3348,825,1381,4676,44,422,494,78,29,155,137
0,1,0,4,0,0,3,44,58,32,1,6,5,5,5,47,19,59,234,7,30,11,1,27,10,7,2,0,3,10,83,4,4,1,19,105,46,4,44,3,8,7,27,6,8,0,2,1,1,6,2,7,30,0,4,13,72,48,9,233,461,801,1685,279,76,754,400,1365,543,101,6728,566,261,68,8082,142,21,12,25,5286,222,1091,557,803,374,34,675,169,7108,21,75,4,77,11,111,7,5,38,1124,3025
0,0,0,0,0,1,1,6,65,3,9,37,1,8,2,3,3,1,12,46,6,31,198,36,504,1662,550,42,1,5,3,1122,157,695,4,40,7,656,25,218,1,1,7,3546,405,37,399,18,1,3,2,7,18,0,5,11,55,42,9,311,168,39,94,26,185,335,66,10,68,621,76,1376,62,1000,142,23553,1271,162,46,63,5537,1681,603,182,6541,9056,28,32,320,3361,13,105,9040,80,484,10,9,54,469,270
0,0,0,0,0,0,1,16,244,8,1,15,6,2,1,4,0,1,13,92,2,17,82,28,471,656,435,41,0,4,5,367,100,308,6,28,13,527,15,257,1,1,2,1535,322,5,123,11,0,0,6,0,11,2,99,11,4,4,0,1111,29,18,44,5,14,15,13,3,93,94,13,596,707,10885,21,1271,15524,921,18,11,530,591,26,19,563,255,1387,277,16,1012,630,6191,14935,56,269,600,90,9,23,23
0,0,1,0,0,1,0,1,1,0,0,1,0,0,0,0,0,0,0,0,0,2,1,1,9,33,21,397,0,0,1,37,1,432,1,3,3,6,3,1046,1,0,0,150,4,18,48,3,0,0,42,80,30,23,24,26,1,8,0,42,43,34,36,2,41,22,15,3,13,8,9,5401,54,287,12,162,921,52464,2335,2,290,63,202,11,20,12367,411,40,16,30,164,18507,1529,17575,1623,135,36,712,66,22
1,3,4,22,1,11,25,0,2,6,0,1,0,14,11,18,0,6,22,2,7,3,1,8,5,3,0,17,0,5,19,0,2,3,35,38,4,2,52,20,2,0,25,4,2,0,1,16,0,5,1880,2684,1160,468,186,655,23,19,1,51,534,15,15,7,5170,435,312,3,89,91,20,2813,23,41,25,46,18,2335,133147,20,55,103,24142,116,208,360,92,232,170,32,105,201,26,659,64,112,17572,24172,962,51
0,0,0,2,0,1,4,102,150,70,13,25,7,5,9,36,38,112,252,10,68,12,2,43,11,3,2,1,2,22,122,2,11,2,18,145,70,6,55,0,29,17,45,5,10,0,1,2,0,6,0,3,48,1,3,10,896,1877,1194,636,261,628,1091,1039,389,882,6992,4783,2622,459,1875,342,143,49,5286,63,11,2,20,10922,108,1437,284,5200,501,10,435,70,1010,45,56,1,31,5,49,4,2,26,163,145
0,0,0,1,0,3,1,6,38,7,1,14,1,0,3,1,0,2,8,37,0,8,50,5,183,461,151,22,0,1,6,370,44,441,0,14,7,168,13,159,3,0,3,1139,129,9,144,2,0,0,0,6,15,3,5,10,49,82,12,377,366,130,235,56,119,340,63,37,96,503,240,2491,58,922,222,5537,530,290,55,108,15773,2688,544,162,2875,4854,41,32,526,1125,15,146,6260,445,10739,11,4,80,721,583
0,0,0,1,0,1,0,59,321,17,6,73,14,9,5,19,6,16,75,310,15,20,54,25,700,301,198,0,1,10,27,212,273,43,11,69,15,494,14,14,5,7,14,512,648,9,58,5,0,5,4,12,85,4,9,28,4335,1312,129,2252,708,1051,8713,5998,515,1628,603,1092,539,9040,1030,7002,176,4271,1091,1681,591,63,103,1437,2688,23849,1464,1379,12983,310,204,87,2058,1168,30,21,1948,179,3976,12,9,112,1287,1113
1,8,9,39,0,6,29,8,21,26,6,3,2,28,11,106,4,20,105,21,19,12,2,16,45,4,6,0,1,28,58,8,15,3,116,131,28,19,145,1,20,11,68,19,33,0,2,21,1,10,1105,3663,2509,529,106,1311,410,255,10,292,1045,137,220,174,20706,9384,1189,35,500,831,216,1600,99,248,557,603,26,202,24142,284,544,1464,100445,871,2443,190,517,690,3751,187,243,10,151,91,126,116,3758,11655,22203,2134
1,5,4,31,2,1,22,17,46,66,4,14,4,47,24,173,1,21,224,33,37,21,6,23,35,4,3,0,8,43,119,7,23,2,133,281,60,11,252,2,39,16,100,11,32,0,1,28,1,23,5,41,918,7,9,97,655,529,47,711,1139,251,286,464,1604,5466,12597,293,1370,1048,171,403,123,327,803,182,19,11,116,5200,162,1379,871,14262,1443,23,855,665,3066,284,307,1,85,3,35,75,27,152,763,278
0,0,0,6,0,0,1,37,267,11,5,146,19,15,7,14,4,9,40,527,16,37,89,22,1405,309,237,0,1,12,14,309,501,56,11,40,13,847,26,7,6,11,32,663,1378,6,66,10,1,9,6,23,74,1,2,23,280,513,124,1226,265,93,308,89,1198,1813,587,47,336,7909,77,1006,67,2586,374,6541,563,20,208,501,2875,12983,2443,1443,17843,252,71,37,1127,4005,10,9,1600,21,203,7,26,173,823,329
0,0,0,0,0,0,0,1,5,2,0,2,0,0,0,1,0,0,1,5,1,3,15,3,50,179,77,139,1,0,0,191,10,2364,1,3,5,27,8,1459,1,0,1,688,32,51,363,7,1,0,26,29,7,3,5,9,2,21,1,106,88,43,79,5,55,53,13,8,20,73,49,3790,14,202,34,9056,255,12367,360,10,4854,310,190,23,252,23216,28,9,70,136,10,1594,4518,10524,3484,18,11,129,156,103
2,5,1,16,1,0,14,188,1003,114,13,31,25,24,12,68,41,85,237,101,81,17,4,118,45,7,11,10,10,25,152,10,26,17,58,363,119,11,266,40,46,39,108,15,25,2,4,14,1,22,22,38,181,18,236,170,135,218,64,10138,867,257,184,88,278,353,754,98,2932,111,511,220,6234,1695,675,28,1387,411,92,435,41,204,517,855,71,28,2465,4428,674,44,4680,893,423,10,18,2049,80,127,449,398
17,52,44,278,7,51,367,39,84,145,11,17,13,267,90,529,11,57,407,22,107,52,5,67,17,5,10,4,33,122,321,4,16,6,807,821,182,15,1060,4,95,56,456,21,16,2,1,306,14,53,228,256,679,304,1779,2100,7,11,3,656,1379,151,40,12,629,462,2606,16,6205,42,122,374,3640,804,169,32,277,40,232,70,32,87,690,665,37,9,4428,14022,344,35,10110,138,142,2,10,4383,363,262,683,352
0,1,0,7,1,1,3,11,27,25,3,5,1,7,7,82,2,15,130,18,15,8,0,17,21,5,3,0,2,10,64,6,8,1,45,135,35,8,89,2,9,5,56,15,15,1,0,6,0,4,8,23,87,7,8,41,302,160,10,171,1003,185,615,430,663,10121,818,134,439,475,508,531,119,182,7108,320,16,16,170,1010,526,2058,3751,3066,1127,70,674,344,28136,86,201,2,112,15,130,15,6,177,4585,10603
0,0,0,2,0,0,2,6,61,10,5,46,1,5,3,2,2,1,15,113,3,26,130,25,840,707,545,3,2,6,8,504,268,87,3,50,8,828,33,24,4,6,15,1486,765,16,158,11,0,3,3,2,36,2,3,17,7,19,4,307,53,29,73,10,212,137,105,4,91,3637,20,791,71,3348,21,3361,1012,30,32,45,1125,1168,187,284,4005,136,44,35,86,21812,24,12,11176,14,374,22,12,15,66,30
1,14,8,94,1,10,81,13,33,61,2,6,1,107,39,213,7,20,155,5,36,22,2,27,16,2,13,1,11,55,123,4,4,7,365,326,86,4,671,19,43,20,198,5,7,2,0,128,1,18,48,58,112,323,805,466,4,0,1,194,420,44,7,3,223,266,448,6,1045,9,39,137,1711,825,75,13,630,164,105,56,15,30,243,307,10,10,4680,10110,201,24,14467,461,230,3,3,6865,263,70,223,93
0,1,0,0,0,1,0,0,6,0,1,3,1,1,1,0,1,1,1,1,1,11,17,3,38,120,86,906,1,1,2,167,6,3317,2,6,13,7,22,4053,3,2,0,681,18,60,322,10,0,1,4,3,1,2,50,5,0,1,0,119,5,5,7,0,5,4,4,0,19,1,4,384,299,1381,4,105,6191,18507,201,1,146,21,10,1,9,1594,893,138,2,12,461,28024,7435,508,140,367,39,53,9,5
0,0,0,2,0,7,1,12,139,7,4,46,0,4,3,5,4,2,26,71,6,83,261,42,747,3034,1063,140,4,8,2,2114,157,2622,9,40,17,803,41,1223,3,8,13,7445,479,94,825,34,1,2,3,3,22,3,60,12,21,30,5,511,193,166,213,14,65,97,57,14,161,411,97,3708,366,4676,77,9040,14935,1529,26,31,6260,1948,151,85,1600,4518,423,142,112,11176,230,7435,42111,295,2677,281,43,21,221,164
0,0,0,1,0,0,1,0,1,0,0,0,0,0,0,1,0,0,0,3,0,1,0,0,4,11,2,25,0,2,2,7,2,109,0,2,2,4,1,102,0,1,1,39,2,0,8,0,0,0,15,42,11,7,1,14,8,10,4,40,79,81,67,7,17,12,10,3,13,18,29,10485,1,44,11,80,56,17575,659,5,445,179,91,3,21,10524,10,2,15,14,3,508,295,16998,10304,2,10,208,66,29
0,0,0,0,0,0,0,6,11,0,0,2,0,0,0,0,1,3,8,8,1,3,23,5,64,186,52,7,0,0,2,122,17,114,1,4,1,74,3,73,0,2,0,394,62,4,44,0,0,0,4,11,10,3,3,5,16,40,2,153,236,198,323,14,20,62,36,33,42,98,131,10743,26,422,111,484,269,1623,64,49,10739,3976,126,35,203,3484,18,10,130,374,3,140,2677,10304,12590,4,4,52,242,217
14,97,134,364,19,92,530,0,5,21,1,2,2,145,37,133,1,1,28,2,6,13,0,0,6,1,6,1,7,42,64,5,1,4,373,68,35,3,205,18,21,3,60,4,7,4,0,245,9,4,243,562,216,478,4143,1785,2,0,0,67,98,8,2,0,155,105,282,0,59,4,4,54,276,494,7,10,600,135,112,4,11,12,116,75,7,18,2049,4383,15,22,6865,367,281,2,4,10536,1278,31,72,16
1,3,6,9,0,11,14,1,0,2,0,1,1,8,3,10,0,0,4,0,1,0,0,0,0,1,0,1,0,3,5,0,0,0,19,5,2,0,11,0,0,0,3,0,2,0,0,7,1,1,12088,3653,982,838,4985,639,2,2,0,26,57,3,0,2,9502,91,131,1,25,12,1,152,33,78,5,9,90,36,17572,2,4,9,3758,27,26,11,80,363,6,12,263,39,43,10,4,1278,45041,399,79,9
0,3,4,10,0,4,10,0,3,9,2,0,3,9,3,21,2,4,24,3,6,5,0,3,1,3,2,3,0,11,17,1,1,2,21,41,10,0,33,2,4,2,21,3,2,0,0,6,0,0,520,1296,655,260,38,503,17,11,1,48,15812,45,170,7,877,419,337,8,117,48,63,2894,25,29,38,54,9,712,24172,26,80,112,11655,152,173,129,127,262,177,15,70,53,21,208,52,31,399,58169,9647,134
0,3,2,17,0,1,18,8,35,27,0,3,3,11,7,58,6,19,107,18,27,8,2,16,21,11,5,1,4,9,45,11,14,5,54,112,38,11,96,1,12,4,61,38,21,1,1,11,0,6,211,1520,1580,242,56,1240,110,60,6,184,28909,392,560,129,2181,4099,1270,63,532,273,1034,2289,113,155,1124,469,23,66,962,163,721,1287,22203,763,823,156,449,683,4585,66,223,9,221,66,242,72,79,9647,46684,10256
0,0,0,4,0,0,2,11,16,9,2,6,4,9,1,35,6,16,93,12,22,7,3,6,18,9,4,0,1,10,47,3,6,5,16,59,27,4,42,1,9,2,18,22,9,1,2,2,0,5,2,18,174,6,13,108,38,25,1,126,5980,467,701,114,182,6341,452,96,354,110,3879,730,123,137,3025,270,23,22,51,145,583,1113,2134,278,329,103,398,352,10603,30,93,5,164,29,217,16,9,134,10256,18491
