14767,6766,7132,1056,11205,2607,1193,3,0,132,2,1,2,10338,64,166,1,1,5,4,1,724,1,2,1,1,1,19,587,676,3,2,0,3,37,12,6,2,66,3,396,326,27,2,6,6,3,45,2376,0,0,7,0,130,11,12,0,0,0,2,0,0,0,0,3,1,5,0,0,0,0,0,0,0,0,0,0,0,0,0,0,0,0,1,0,0,1,12,1,0,4,0,0,0,0,11,2,1,1,0
6766,32869,8991,15112,2141,2209,2808,5,3,752,2,2,2,10251,2972,771,2,3,10,3,4,1133,2,3,5,2,4,10,406,950,11,7,7,5,134,27,19,3,87,5,806,818,89,2,12,1,3,124,668,16,4,83,14,92,83,113,0,0,0,2,1,0,0,0,12,4,11,0,6,0,0,0,0,0,0,0,0,0,0,0,0,1,4,4,0,0,4,44,1,0,9,0,0,0,0,95,7,0,2,0
7132,8991,11013,7033,3759,6412,10794,3,0,399,0,0,2,929,65,71,1,1,8,1,2,797,0,6,1,0,0,21,311,595,9,2,7,6,74,13,5,0,536,1,569,401,30,1,0,6,8,251,450,4,32,345,22,1137,153,250,0,0,0,1,0,0,0,0,21,2,11,0,3,0,0,1,0,0,0,0,1,0,1,0,0,0,6,6,0,0,3,38,2,0,11,0,0,0,0,104,12,2,2,2
1056,15112,7033,28721,715,1459,9895,26,36,1455,35,6,9,6586,12996,8280,9,4,76,16,18,906,6,22,21,13,14,14,385,998,145,11,9,6,772,397,72,27,301,5,759,1009,2266,15,44,5,7,477,456,226,21,217,62,470,222,355,0,1,0,8,7,0,1,1,53,28,57,1,9,1,1,6,4,1,3,0,0,0,12,3,0,1,12,22,0,0,7,187,7,1,51,1,1,1,0,264,16,6,10,5
11205,2141,3759,715,16783,23467,1298,0,0,47,1,0,0,4045,24,103,0,0,5,0,2,304,0,0,1,0,4,12,434,330,4,1,1,1,56,6,4,1,112,2,209,86,8,0,1,2,6,442,5111,3,0,3,0,171,4,13,0,0,0,0,0,0,0,0,0,2,3,1,2,0,0,1,0,0,1,0,0,0,0,0,0,0,0,1,0,0,0,4,0,0,4,0,0,0,0,8,0,0,0,0
2607,2209,6412,1459,23467,19716,18107,0,7,86,6,1,1,792,76,360,1,1,8,1,7,207,0,14,25,2,212,20,467,190,14,2,0,7,792,77,270,5,4708,78,142,85,88,37,2,5,2,4415,4046,4,213,148,24,1553,221,350,0,0,0,1,5,0,0,0,15,13,38,0,2,1,0,6,0,0,2,0,0,1,12,1,0,0,11,13,0,0,4,86,3,0,29,0,1,2,2,123,29,6,3,2
1193,2808,10794,9895,1298,18107,17728,6,10,493,18,1,0,1002,400,2776,1,0,17,2,11,364,2,13,15,4,50,4,142,227,18,4,1,3,1690,99,141,6,3795,7,220,286,95,9,7,0,2,2221,300,17,35,367,89,473,450,848,0,0,0,8,11,0,0,0,73,39,86,0,14,1,1,4,4,2,0,0,0,0,15,2,0,0,21,21,0,0,10,266,5,1,86,1,0,1,0,460,17,8,11,4
3,5,3,26,0,0,6,46648,8820,209,1645,1073,8102,330,217,788,3927,12458,3601,7129,403,1954,614,103,143,43,67,19,25,272,3138,246,2449,31,24,196,519,146,39,2,43,259,1535,132,1119,76,236,0,6,461,0,0,6,0,3,3,32,197,61,1162,99,40,41,38,15,14,87,104,388,73,96,29,40,43,140,5,7,2,5,64,5,44,18,25,35,1,124,49,23,10,11,1,15,2,5,1,2,12,28,36
0,3,0,36,0,7,10,8820,68577,167,560,1271,1121,66,119,419,637,276,5908,8498,283,753,650,11495,7284,116,4979,12,9,33,244,351,1454,68,147,2713,11589,531,531,38,17,69,480,838,692,58,261,42,2,50,0,4,19,0,2,10,216,1103,139,7932,121,88,130,187,43,44,150,189,678,928,178,79,180,450,212,69,94,2,9,119,19,283,37,62,294,7,281,127,62,50,22,8,68,1,27,6,1,12,51,58
132,752,399,1455,47,86,493,209,167,46326,2828,4883,713,446,1231,1503,979,176,707,101,5053,5856,442,166,67,32,47,8,238,265,688,266,887,21,420,920,415,51,666,7,18200,22402,4428,80,240,19,207,119,50,11414,3,5,22,7,10,25,6,17,12,112,77,11,6,3,42,65,172,11,217,11,39,18,12,12,65,6,3,0,14,36,2,21,30,87,17,2,33,210,60,4,55,1,7,0,1,18,1,27,46,38
2,2,0,35,1,6,18,1645,560,2828,3858,11031,802,36,52,207,1684,189,518,142,1753,2748,1960,40,41,6,19,8,5,42,222,55,320,17,47,216,102,8,96,3,36,105,355,57,35,35,115,6,2,45,0,0,3,0,2,1,0,18,8,96,31,5,5,1,7,9,32,9,86,9,13,6,12,8,25,1,1,0,0,16,1,8,11,19,5,2,18,45,13,1,8,0,1,0,2,1,0,5,6,9
1,2,0,6,0,1,1,1073,1271,4883,11031,34985,10146,32,28,82,8749,473,642,540,7148,3056,11096,74,776,53,194,54,13,110,319,301,8670,78,18,171,186,216,35,11,106,464,225,356,284,211,688,1,6,115,0,2,4,0,0,0,4,20,14,169,20,11,10,6,7,7,27,18,100,59,11,24,12,181,23,34,26,2,3,16,7,52,7,11,171,6,38,22,6,38,1,4,37,1,7,0,1,3,10,3
2,2,2,9,0,1,0,8102,1121,713,802,10146,28604,133,49,148,5123,1654,445,1529,1514,595,485,16,156,10,51,7,68,535,1086,119,8850,17,5,90,102,23,42,0,124,921,569,35,231,28,128,3,5,402,0,0,2,0,0,2,9,42,6,216,12,5,5,5,7,7,14,8,28,33,14,4,4,22,7,4,12,0,1,5,1,18,4,5,17,0,8,12,2,4,5,0,2,0,1,2,0,1,3,5
10338,10251,929,6586,4045,792,1002,330,66,446,36,32,133,74216,13380,2077,31,73,99,315,78,1252,32,8,44,109,19,55,7443,33685,419,289,291,65,729,273,121,199,478,12,1610,2076,2403,61,920,19,53,243,20937,6891,4,56,34,52,64,129,1,2,0,15,15,0,0,0,27,43,84,1,27,10,1,3,2,24,5,5,0,1,8,6,0,9,17,25,20,0,6,168,8,3,46,0,2,0,2,130,7,5,6,5
64,2972,65,12996,24,76,400,217,119,1231,52,28,49,13380,23036,4085,20,44,219,178,55,464,14,18,45,72,8,8,246,1549,808,101,88,15,316,455,76,119,213,0,609,1299,15430,46,304,2,15,116,173,7255,1,21,14,5,22,54,1,3,0,19,9,0,0,0,15,22,36,0,21,8,2,3,2,12,4,1,2,0,7,6,1,1,10,25,7,0,5,72,9,1,23,0,1,0,0,61,5,4,5,7
166,771,71,8280,103,360,2776,788,419,1503,207,82,148,2077,4085,17750,84,458,4516,329,347,494,36,68,108,50,48,8,207,642,10886,75,158,21,2091,4696,382,111,702,4,395,591,11327,59,244,4,21,704,173,401,13,115,77,47,123,232,3,9,4,54,80,12,3,3,100,124,253,3,172,13,21,24,15,14,48,9,1,1,16,24,0,12,47,166,15,0,39,501,92,5,157,0,5,0,0,265,10,23,38,51
1,2,1,9,0,1,1,3927,637,979,1684,8749,5123,31,20,84,11602,2604,516,59,8988,374,491,28,34,9,14,6,9,124,1954,77,942,10,9,74,89,11,22,3,40,297,202,31,40,14,110,2,0,111,0,0,3,0,1,1,4,21,8,164,21,1,6,3,3,2,30,12,81,0,21,3,8,9,18,3,2,1,2,8,4,8,3,6,6,1,29,19,8,1,4,0,6,1,1,1,0,3,14,8
1,3,1,4,0,1,0,12458,276,176,189,473,1654,73,44,458,2604,4820,1892,255,911,140,91,18,31,4,8,3,10,128,3697,119,860,4,11,54,130,15,24,1,32,229,494,11,186,6,69,6,1,192,1,2,19,0,0,10,6,32,28,235,84,24,15,13,15,18,82,28,257,9,64,16,25,10,104,2,0,0,7,47,4,17,25,37,15,0,51,63,41,0,7,1,2,0,0,0,1,16,32,47
5,10,8,76,5,8,17,3601,5908,707,518,642,445,99,219,4516,516,1892,14689,1102,683,456,189,771,626,67,190,7,44,116,4044,197,530,30,291,5863,1549,211,434,13,88,210,1472,278,461,18,105,49,3,151,1,13,79,0,11,31,20,95,45,579,374,54,43,25,123,181,516,68,845,43,179,76,93,59,312,10,10,5,37,139,5,49,146,346,63,2,132,618,269,26,123,3,15,3,14,19,9,64,198,208
4,3,1,16,0,1,2,7129,8498,101,142,540,1529,315,178,329,59,255,1102,34161,91,574,696,37,2056,335,1144,10,30,277,665,640,4550,83,36,301,247,7380,48,1,55,198,949,1007,7812,25,220,3,5,333,0,3,3,1,1,2,91,197,3,1574,14,3,54,65,18,25,24,8,67,760,16,59,30,759,16,39,43,2,1,10,22,359,25,14,462,3,20,25,17,54,3,4,36,1,17,4,1,5,11,8
1,4,2,18,2,7,11,403,283,5053,1753,7148,1514,78,55,347,8988,911,683,91,23379,390,478,113,50,7,28,3,45,411,2662,227,1153,21,68,377,304,16,225,4,218,2058,6055,43,206,24,201,15,5,3762,0,1,14,1,2,6,5,17,13,109,65,5,9,5,24,27,121,18,199,10,36,17,27,15,62,10,4,0,3,31,0,12,23,60,14,1,34,91,36,3,20,1,7,0,4,1,0,10,25,36
724,1133,797,906,304,207,364,1954,753,5856,2748,3056,595,1252,464,494,374,140,456,574,390,27374,7518,32,275,164,146,3536,3975,1223,287,1072,693,1513,212,296,117,176,267,324,15734,1554,682,937,286,8081,3446,83,284,196,1,7,18,17,9,23,1,6,2,57,20,4,6,0,22,37,45,1,45,19,9,4,5,32,10,59,7,9,1,6,10,16,13,35,28,19,7,80,33,20,35,42,90,2,12,19,0,6,15,11
1,2,0,6,0,0,2,614,650,442,1960,11096,485,32,14,36,491,91,189,696,478,7518,15567,21,1016,354,316,515,58,55,73,1282,3815,645,6,63,31,453,19,107,34,95,97,1732,574,5658,7534,2,2,36,0,0,0,1,0,1,0,5,4,53,3,2,8,3,1,4,5,5,17,34,2,38,6,143,4,204,65,9,0,1,46,72,4,2,164,32,7,4,3,127,1,25,228,3,60,1,0,0,1,3
2,3,6,22,0,14,13,103,11495,166,40,74,16,8,18,68,28,18,771,37,113,32,21,6166,1166,22,1596,21,7,18,139,28,46,29,174,6649,3588,38,4706,138,22,26,136,291,29,6,14,59,4,19,0,0,8,0,1,3,11,39,12,256,52,9,9,12,15,20,71,34,133,19,29,15,20,32,45,17,14,2,0,19,4,28,17,37,25,2,49,58,26,17,19,0,26,0,1,3,1,9,16,25
1,5,1,21,1,25,15,143,7284,67,41,776,156,44,45,108,34,31,626,2056,50,275,1016,1166,12413,447,14443,26,12,67,63,1034,3555,271,137,1212,422,1736,723,160,19,65,199,5226,2124,60,445,113,11,46,0,3,6,0,4,6,43,102,1,983,16,10,96,30,61,54,26,8,75,955,11,258,64,2492,27,464,402,17,13,6,105,796,60,29,1939,51,25,44,54,598,8,29,483,6,133,5,3,5,27,18
1,2,0,13,0,2,4,43,116,32,6,53,10,109,72,50,9,4,67,335,7,164,354,22,447,13998,488,45,7,61,46,8033,262,2574,13,86,6,7532,31,139,11,30,191,9342,2249,56,553,11,1,48,0,0,1,0,0,0,1,4,0,34,6,2,10,0,4,7,4,1,8,36,3,228,11,322,5,1367,677,46,0,0,305,174,6,5,337,158,10,8,6,481,5,135,1830,8,290,5,0,5,5,12
1,4,0,14,4,212,50,67,4979,47,19,194,51,19,8,48,14,8,190,1144,28,146,316,1596,14443,488,17828,910,38,25,37,965,949,681,207,627,1894,841,4038,4873,8,20,82,15535,1336,128,404,1603,94,21,1,4,5,0,8,6,51,60,2,1373,10,5,47,32,15,9,15,2,44,495,13,181,41,984,8,803,1115,41,2,3,147,365,22,10,615,107,27,22,12,667,6,114,1052,4,179,10,0,2,12,9
19,10,21,14,12,20,4,19,12,8,8,54,7,55,8,8,6,3,7,10,3,3536,515,21,26,45,910,74699,1281,105,4,792,77,15609,12,18,246,10,389,16474,288,30,13,716,20,14429,6350,208,23,2,0,0,1,0,4,1,1,0,0,9,0,0,0,0,2,0,2,0,0,2,0,10,3,14,0,44,55,842,15,0,20,4,3,0,2,205,12,5,0,4,11,1009,181,52,38,8,0,2,1,0
587,406,311,385,434,467,142,25,9,238,5,13,68,7443,246,207,9,10,44,30,45,3975,58,7,12,7,38,1281,89734,11252,62,91,81,172,173,76,45,18,205,112,25191,736,288,22,123,830,160,406,6704,67,0,3,3,7,5,8,0,0,0,2,2,0,0,0,7,4,27,1,23,1,1,0,0,5,3,2,2,1,1,0,1,0,4,13,1,2,6,23,7,0,11,4,0,0,0,11,0,1,7,3
676,950,595,998,330,190,227,272,33,265,42,110,535,33685,1549,642,124,128,116,277,411,1223,55,18,67,61,25,105,11252,56276,462,449,757,49,285,280,106,95,422,10,13352,10303,2449,49,999,31,112,84,2557,8213,0,11,13,11,15,36,0,1,1,13,14,1,3,1,14,28,65,2,26,9,1,5,7,21,7,3,2,1,3,5,1,6,12,34,13,0,9,107,16,3,35,0,3,0,3,33,1,6,18,5
3,11,9,145,4,14,18,3138,244,688,222,319,1086,419,808,10886,1954,3697,4044,665,2662,287,73,139,63,46,37,4,62,462,11834,229,868,30,214,853,438,105,376,1,141,651,18529,40,998,5,50,62,14,1083,2,5,37,5,15,32,12,20,8,142,184,19,23,8,76,97,258,16,379,19,71,42,42,20,137,8,3,1,12,55,5,31,56,152,28,1,68,308,110,6,65,2,8,1,5,34,5,34,82,99
2,7,2,11,1,2,4,246,351,266,55,301,119,289,101,75,77,119,197,640,227,1072,1282,28,1034,8033,965,792,91,449,229,35258,6899,6794,11,96,29,1691,50,269,99,403,369,6284,9639,1261,11797,20,10,182,0,0,1,0,2,2,2,4,0,65,2,3,16,2,8,6,11,1,14,55,11,247,20,440,5,1665,528,77,1,3,363,197,12,3,422,285,16,16,7,518,4,283,2465,21,322,3,0,2,8,9
0,7,7,9,1,0,1,2449,1454,887,320,8670,8850,291,88,158,942,860,530,4550,1153,693,3815,46,3555,262,949,77,81,757,868,6899,22463,255,22,192,74,1163,55,19,214,1209,756,1782,13444,345,6106,3,9,536,0,0,3,0,1,3,17,51,5,383,7,4,42,21,25,24,24,9,46,383,10,114,19,823,11,183,136,3,2,3,57,281,16,23,745,25,22,26,10,201,4,13,182,0,56,1,1,2,10,9
3,5,6,6,1,7,3,31,68,21,17,78,17,65,15,21,10,4,30,83,21,1513,645,29,271,2574,681,15609,172,49,30,6794,255,38600,3,38,49,400,132,8192,56,34,51,8424,471,2993,11336,85,3,13,0,0,0,0,8,3,0,1,1,18,2,4,7,0,2,6,4,1,1,7,6,134,13,139,4,929,438,964,7,2,452,40,10,2,49,2707,31,7,5,87,26,4084,3093,294,561,16,0,6,10,6
37,134,74,772,56,792,1690,24,147,420,47,18,5,729,316,2091,9,11,291,36,68,212,6,174,137,13,207,12,173,285,214,11,22,3,3452,1253,795,21,4793,38,126,193,748,55,27,1,6,5313,345,47,15,180,125,38,186,373,2,2,2,28,53,0,1,1,105,135,283,3,78,6,13,16,5,4,10,5,0,2,19,7,1,6,56,114,2,1,37,575,36,2,222,0,1,1,3,545,18,20,20,22
12,27,13,397,6,77,99,196,2713,920,216,171,90,273,455,4696,74,54,5863,301,377,296,63,6649,1212,86,627,18,76,280,853,96,192,38,1253,21669,2868,197,6348,51,169,285,1916,407,135,3,41,318,41,163,6,19,85,2,22,72,13,49,23,309,240,18,26,13,148,255,691,28,630,45,85,62,48,40,152,17,16,3,41,71,3,45,142,389,37,1,135,832,187,18,303,3,20,2,10,98,13,62,146,141
6,19,5,72,4,270,141,519,11589,415,102,186,102,121,76,382,89,130,1549,247,304,117,31,3588,422,6,1894,246,45,106,438,29,74,49,795,2868,2753,26,8453,673,80,117,613,171,39,31,20,2376,35,64,3,15,31,2,6,31,15,62,25,643,209,28,32,24,66,86,214,37,382,40,91,42,68,25,132,6,10,11,20,57,1,44,74,161,23,3,161,295,121,6,85,9,7,2,7,53,4,41,97,109
2,3,0,27,1,5,6,146,531,51,8,216,23,199,119,111,11,15,211,7380,16,176,453,38,1736,7532,841,10,18,95,105,1691,1163,400,21,197,26,18789,45,9,18,68,460,11762,5098,34,492,2,2,78,0,1,3,0,2,0,6,10,1,156,12,8,34,7,27,28,15,3,33,258,6,204,30,1128,10,643,471,16,5,2,112,451,22,10,1201,43,7,14,13,656,8,17,544,3,166,3,0,5,8,10
66,87,536,301,112,4708,3795,39,531,666,96,35,42,478,213,702,22,24,434,48,225,267,19,4706,723,31,4038,389,205,422,376,50,55,132,4793,6348,8453,45,31590,1490,182,245,986,520,55,58,22,10522,297,117,7,88,150,27,105,242,4,9,5,87,192,9,12,5,185,276,712,8,408,13,29,45,36,18,54,14,8,13,38,25,4,22,98,340,19,5,111,1038,167,9,406,22,14,4,6,292,19,63,114,82
3,5,1,5,2,78,7,2,38,7,3,11,0,12,0,4,3,1,13,1,4,324,107,138,160,139,4873,16474,112,10,1,269,19,8192,38,51,673,9,1490,41963,22,4,8,11139,8,1428,678,735,29,1,1,1,0,0,6,1,0,2,0,9,3,0,3,0,0,2,3,1,4,3,1,52,12,88,3,308,270,1812,19,1,179,6,2,1,12,1513,48,8,1,26,35,4193,1419,266,303,48,2,9,4,3
396,806,569,759,209,142,220,43,17,18200,36,106,124,1610,609,395,40,32,88,55,218,15734,34,22,19,11,8,288,25191,13352,141,99,214,56,126,169,80,18,182,22,92107,13312,662,15,146,135,74,43,433,450,1,0,8,11,4,11,0,0,0,12,14,0,0,0,9,15,41,1,42,2,5,2,2,2,4,1,1,1,1,2,0,4,4,26,8,0,3,68,12,0,29,0,0,0,1,15,1,4,5,8
326,818,401,1009,86,85,286,259,69,22402,105,464,921,2076,1299,591,297,229,210,198,2058,1554,95,26,65,30,20,30,736,10303,651,403,1209,34,193,285,117,68,245,4,13312,28875,5743,49,635,21,169,56,86,13317,2,4,9,10,5,12,0,6,3,22,22,4,2,4,18,23,60,1,54,13,10,6,4,16,24,3,1,0,1,4,3,4,11,29,19,0,9,78,18,3,27,0,5,0,2,6,1,10,13,12
27,89,30,2266,8,88,95,1535,480,4428,355,225,569,2403,15430,11327,202,494,1472,949,6055,682,97,136,199,191,82,13,288,2449,18529,369,756,51,748,1916,613,460,986,8,662,5743,68780,168,1445,8,82,225,77,16582,2,30,67,9,36,101,3,16,4,111,87,9,8,3,81,124,296,14,250,27,20,37,24,43,52,11,3,1,14,26,7,23,49,157,36,4,46,379,80,9,131,0,10,2,7,105,9,23,46,44
2,2,1,15,0,37,9,132,838,80,57,356,35,61,46,59,31,11,278,1007,43,937,1732,291,5226,9342,15535,716,22,49,40,6284,1782,8424,55,407,171,11762,520,11139,15,49,168,43389,1498,373,3197,308,17,31,0,2,1,1,4,5,2,21,5,146,19,8,26,8,8,23,14,10,30,120,25,579,44,1099,19,4086,2301,259,4,4,986,469,19,11,972,767,26,26,24,1342,19,897,6244,59,852,10,0,6,18,20
6,12,0,44,1,2,7,1119,692,240,35,284,231,920,304,244,40,186,461,7812,206,286,574,29,2124,2249,1336,20,123,999,998,9639,13444,471,27,135,39,5098,55,8,146,635,1445,1498,16598,47,951,6,21,737,0,0,3,0,2,0,15,45,2,445,13,4,53,13,38,36,35,1,45,595,6,256,36,1709,14,462,387,15,3,3,92,647,53,20,1703,41,23,33,37,598,10,21,388,2,124,6,1,4,11,13
6,1,6,5,2,5,0,76,58,19,35,211,28,19,2,4,14,6,18,25,24,8081,5658,6,60,56,128,14429,830,31,5,1261,345,2993,1,3,31,34,58,1428,135,21,8,373,47,17471,10645,42,7,3,0,1,0,0,0,0,0,3,0,2,1,0,1,0,0,1,0,0,1,2,0,4,1,10,0,41,20,57,0,0,17,2,1,0,6,102,0,1,0,6,3,139,95,17,21,2,0,0,1,0
3,3,8,7,6,2,2,236,261,207,115,688,128,53,15,21,110,69,105,220,201,3446,7534,14,445,553,404,6350,160,112,50,11797,6106,11336,6,41,20,492,22,678,74,169,82,3197,951,10645,28314,11,6,61,0,0,2,0,1,2,2,3,1,34,3,1,0,0,2,1,2,1,7,19,3,88,2,156,3,549,194,153,0,1,174,72,2,3,127,506,7,3,2,166,3,551,910,36,161,1,0,1,4,2
45,124,251,477,442,4415,2221,0,42,119,6,1,3,243,116,704,2,6,49,3,15,83,2,59,113,11,1603,208,406,84,62,20,3,85,5313,318,2376,2,10522,735,43,56,225,308,6,42,11,7995,1615,12,25,267,100,108,290,442,0,0,0,7,18,1,0,0,93,56,166,0,25,2,3,9,2,4,5,5,5,10,23,0,1,0,29,54,1,5,25,340,8,1,134,5,10,1,2,501,19,12,14,5
2376,668,450,456,5111,4046,300,6,2,50,2,6,5,20937,173,173,0,1,3,5,5,284,2,4,11,1,94,23,6704,2557,14,10,9,3,345,41,35,2,297,29,433,86,77,17,21,7,6,1615,14262,9,2,7,1,24,5,3,0,0,0,3,0,0,0,0,1,1,7,0,1,0,0,0,0,0,0,0,0,1,0,0,0,0,1,2,0,0,0,6,0,1,3,0,1,0,0,4,0,1,0,0
0,16,4,226,3,4,17,461,50,11414,45,115,402,6891,7255,401,111,192,151,333,3762,196,36,19,46,48,21,2,67,8213,1083,182,536,13,47,163,64,78,117,1,450,13317,16582,31,737,3,61,12,9,21212,0,2,8,1,0,4,0,2,2,19,7,0,1,1,5,19,36,1,42,10,3,5,2,21,12,3,1,0,1,4,2,6,7,19,18,1,6,34,9,4,18,0,0,0,1,5,0,1,8,5
0,4,32,21,0,213,35,0,0,3,0,0,0,4,1,13,0,1,1,0,0,1,0,0,0,0,1,0,0,0,2,0,0,0,15,6,3,0,7,1,1,2,2,0,0,0,0,25,2,0,29706,19982,790,11910,7383,1668,0,0,0,3,39,1,0,1,8798,21,62,0,3,3,2,83,2,7,2,2,2,54,1363,0,0,7,774,8,10,18,13,154,3,1,65,5,7,26,10,204,9461,226,73,5
7,83,345,217,3,148,367,0,4,5,0,2,0,56,21,115,0,2,13,3,1,7,0,0,3,0,4,0,3,11,5,0,0,0,180,19,15,1,88,1,0,4,30,2,0,1,0,267,7,2,19982,52368,10194,10422,1313,12946,1,5,0,20,381,9,7,1,18825,124,237,0,15,20,13,503,3,8,11,8,2,124,2760,3,13,23,3224,26,33,59,26,283,32,6,58,12,5,96,28,511,3945,1202,683,36
0,14,22,62,0,24,89,6,19,22,3,4,2,34,14,77,3,19,79,3,14,18,0,8,6,1,5,1,3,13,37,1,3,0,125,85,31,3,150,0,8,9,67,1,3,0,2,100,1,8,790,10194,30082,186,383,10556,12,44,4,327,867,49,21,8,17032,6144,6853,8,311,216,60,364,33,129,58,23,9,35,1134,28,13,88,2211,1426,103,18,158,1576,110,27,190,10,20,40,20,268,1080,895,1207,143
130,92,1137,470,171,1553,473,0,0,7,0,0,0,52,5,47,0,0,0,1,1,17,1,0,0,0,0,0,7,11,5,0,0,0,38,2,2,0,27,0,11,10,9,1,0,0,0,108,24,1,11910,10422,186,25697,13389,18179,0,0,0,8,64,2,1,1,287,13,45,0,2,3,0,82,0,2,4,5,0,29,518,0,1,1,552,3,1,25,6,174,7,2,735,2,1,27,5,651,1188,240,67,1
11,83,153,222,4,221,450,3,2,10,2,0,0,64,22,123,1,0,11,1,2,9,0,1,4,0,8,4,5,15,15,2,1,8,186,22,6,2,105,6,4,5,36,4,2,0,1,290,5,0,7383,1313,383,13389,20648,11303,0,0,0,18,49,2,0,0,221,47,289,0,16,4,4,17,45,106,6,13,129,46,217,0,5,5,81,28,3,10,153,2099,13,12,2203,147,138,3,1,5360,3996,47,63,8
12,113,250,355,13,350,848,3,10,25,1,0,2,129,54,232,1,10,31,2,6,23,1,3,6,0,6,1,8,36,32,2,3,3,373,72,31,0,242,1,11,12,101,5,0,0,2,442,3,4,1668,12946,10556,18179,11303,25044,3,12,0,129,810,25,16,3,3535,161,3026,5,107,57,31,415,28,66,35,13,7,31,735,7,12,35,1399,109,17,25,134,2967,59,10,1201,6,13,27,11,1303,747,767,938,121
0,0,0,0,0,0,0,32,216,6,0,4,9,1,1,3,4,6,20,91,5,1,0,11,43,1,51,1,0,0,12,2,17,0,2,13,15,6,4,0,0,0,3,2,15,0,2,0,0,0,0,1,12,0,0,3,5091,7582,216,783,35,33,433,4709,333,571,690,319,392,1601,60,96,10,91,106,13,26,4,40,312,20,2201,335,554,288,3,30,10,317,5,2,1,8,5,16,0,6,14,44,33
0,0,0,1,0,0,0,197,1103,17,18,20,42,2,3,9,21,32,95,197,17,6,5,39,102,4,60,0,0,1,20,4,51,1,2,49,62,10,9,2,0,6,16,21,45,3,3,0,0,2,0,5,44,0,0,12,7582,19823,4199,9985,144,449,843,3036,514,590,1347,3703,3337,4660,334,717,22,142,221,51,27,9,51,721,83,1890,355,731,1103,43,167,23,280,23,4,2,59,17,84,0,13,27,38,39
0,0,0,0,0,0,0,61,139,12,8,14,6,0,0,4,8,28,45,3,13,2,4,12,1,0,2,0,0,1,8,0,5,1,2,23,25,1,5,0,0,3,4,5,2,0,1,0,0,2,0,0,4,0,0,0,216,4199,1813,1654,51,216,191,210,35,38,432,1351,2146,142,271,181,7,11,146,5,4,4,4,694,18,247,21,71,96,6,104,2,17,8,0,0,9,4,15,0,1,2,1,14
2,2,1,8,0,1,8,1162,7932,112,96,169,216,15,19,54,164,235,579,1574,109,57,53,256,983,34,1373,9,2,13,142,65,383,18,28,309,643,156,87,9,12,22,111,146,445,2,34,7,3,19,3,20,327,8,18,129,783,9985,1654,62901,521,1376,1763,1056,587,471,1459,876,9098,6074,1396,1550,7931,7069,472,215,2561,33,46,319,246,2155,240,645,1236,79,6384,1354,217,266,209,94,405,40,252,37,26,74,152,183
0,1,0,7,0,5,11,99,121,77,31,20,12,15,9,80,21,84,374,14,65,20,3,52,16,6,10,0,2,14,184,2,7,2,53,240,209,12,192,3,14,22,87,19,13,1,3,18,0,7,39,381,867,64,49,810,35,144,51,521,51117,3335,3957,186,702,610,2907,276,1436,110,4520,2760,182,149,788,112,53,63,651,131,215,545,1183,496,151,108,917,2019,740,65,437,21,162,83,239,102,58,15708,15539,7360
0,0,0,0,0,0,0,40,88,11,5,11,5,0,0,12,1,24,54,3,5,4,2,9,10,2,5,0,0,1,19,3,4,4,0,18,28,8,9,0,0,4,9,8,4,0,1,1,0,0,1,9,49,2,2,25,33,449,216,1376,3335,7018,6766,165,66,83,409,500,1042,112,4419,5898,43,95,480,30,11,27,49,125,61,354,135,93,43,45,205,137,100,19,35,4,68,44,135,3,4,139,380,447
0,0,0,1,0,0,0,41,130,6,5,10,5,0,0,3,6,15,43,54,9,6,8,9,96,10,47,0,0,3,23,16,42,7,1,26,32,34,12,3,0,2,8,26,53,1,0,0,0,1,0,7,21,1,0,16,433,843,191,1763,3957,6766,14226,6058,107,376,403,3202,520,593,8215,7549,40,711,1957,82,82,21,39,462,127,4273,274,395,327,94,204,69,636,74,22,3,154,71,372,0,5,91,440,791
0,0,0,1,0,0,0,38,187,3,1,6,5,0,0,3,3,13,25,65,5,0,3,12,30,0,32,0,0,1,8,2,21,0,1,13,24,7,5,0,0,4,3,8,13,0,0,0,0,1,1,1,8,1,0,3,4709,3036,210,1056,186,165,6058,12774,116,321,517,3959,360,737,593,396,27,77,369,20,12,3,20,459,44,4116,141,441,246,14,64,12,294,15,4,0,27,3,60,1,1,9,54,54
3,12,21,53,0,15,73,15,43,42,7,7,7,27,15,100,3,15,123,18,24,22,1,15,61,4,15,2,7,14,76,8,25,2,105,148,66,27,185,0,9,18,81,8,38,0,2,93,1,5,8798,18825,17032,287,221,3535,333,514,35,587,702,66,107,116,82013,17082,3576,55,544,1055,110,632,42,253,173,369,56,94,6134,190,197,944,22134,1619,2190,83,321,1340,688,264,301,19,123,61,144,271,8682,1143,1708,280
1,4,2,28,2,13,39,14,44,65,9,7,7,43,22,124,2,18,181,25,27,37,4,20,54,7,9,0,4,28,97,6,24,6,135,255,86,28,276,2,15,23,124,23,36,1,1,56,1,19,21,124,6144,13,47,161,571,590,38,471,610,83,376,321,17082,42300,5697,172,525,913,360,536,40,299,977,437,38,44,547,414,416,2141,8098,9069,2286,122,483,1116,12244,133,457,6,153,36,230,133,124,505,3281,6054
5,11,11,57,3,38,86,87,150,172,32,27,14,84,36,253,30,82,516,24,121,45,5,71,26,4,15,2,27,65,258,11,24,4,283,691,214,15,712,3,41,60,296,14,35,0,2,166,7,36,62,237,6853,45,289,3026,690,1347,432,1459,2907,409,403,517,3576,5697,31437,928,6085,1005,839,720,112,254,1863,127,36,26,364,6611,109,1168,1271,12985,1083,44,989,8347,1513,104,652,22,88,32,85,311,206,692,1388,749
0,0,0,1,1,0,0,104,189,11,9,18,8,1,0,3,12,28,68,8,18,1,5,34,8,1,2,0,1,2,16,1,9,1,3,28,37,3,8,1,1,1,14,10,1,0,1,0,0,1,0,0,8,0,0,5,319,3703,1351,876,276,500,3202,3959,55,172,928,5769,850,79,6060,538,27,30,2135,18,9,2,5,2586,43,1068,54,516,89,12,150,26,198,9,9,1,24,8,57,1,1,12,51,79
0,6,3,9,2,2,14,388,678,217,86,100,28,27,21,172,81,257,845,67,199,45,17,133,75,8,44,0,23,26,379,14,46,1,78,630,382,33,408,4,42,54,250,30,45,1,7,25,1,42,3,15,311,2,16,107,392,3337,2146,9098,1436,1042,520,360,544,525,6085,850,15771,843,1181,849,2544,1131,1069,86,218,35,102,1231,69,571,312,970,387,30,2147,5442,569,123,759,51,204,18,96,59,27,192,439,550
0,0,0,1,0,1,1,73,928,11,9,59,33,10,8,13,0,9,43,760,10,19,34,19,955,36,495,2,1,9,19,55,383,7,6,45,40,258,13,3,2,13,27,120,595,2,19,2,0,10,3,20,216,3,4,57,1601,4660,142,6074,110,112,593,737,1055,913,1005,79,843,17127,93,751,53,2713,137,828,384,27,115,223,424,5917,633,844,9733,111,54,190,391,4420,18,17,594,21,359,6,40,58,162,92
0,0,0,1,0,0,1,96,178,39,13,11,14,1,2,21,21,64,179,16,36,9,2,29,11,3,13,0,1,1,71,11,10,6,13,85,91,6,29,1,5,10,20,25,6,0,3,3,0,3,2,13,60,0,4,31,60,334,271,1396,4520,4419,8215,593,110,360,839,6060,1181,93,23295,1932,114,102,10456,79,39,22,48,1438,175,1108,421,428,86,55,580,254,1061,49,59,5,138,36,260,6,4,185,1008,4653
0,0,1,6,1,6,4,29,79,18,6,24,4,3,3,24,3,16,76,59,17,4,38,15,258,228,181,10,0,5,42,247,114,134,16,62,42,204,45,52,2,6,37,579,256,4,88,9,0,5,83,503,364,82,17,415,96,717,181,1550,2760,5898,7549,396,632,536,720,538,849,751,1932,40572,71,1720,897,1296,746,1903,2000,164,1120,5019,1438,328,776,2156,201,378,564,858,97,284,2771,5673,9335,39,46,2474,1515,928
0,0,0,4,0,0,4,40,180,12,12,12,4,2,2,15,8,25,93,30,27,5,6,20,64,11,41,3,0,7,42,20,19,13,5,48,68,30,36,12,2,4,24,44,36,1,2,2,0,2,2,3,33,0,45,28,10,22,7,7931,182,43,40,27,42,40,112,27,2544,53,114,71,4824,2810,162,46,833,45,10,35,31,68,32,45,56,8,3569,2797,65,42,1311,326,260,0,29,218,25,25,74,94
0,0,0,1,0,0,2,43,450,12,8,181,22,24,12,14,9,10,59,759,15,32,143,32,2492,322,984,14,5,21,20,440,823,139,4,40,25,1128,18,88,2,16,43,1099,1709,10,156,4,0,21,7,8,129,2,106,66,91,142,11,7069,149,95,711,77,253,299,254,30,1131,2713,102,1720,2810,15334,102,1278,12574,237,38,28,667,3522,266,186,3004,183,1370,975,191,2241,790,1294,3892,43,743,335,51,43,140,123
0,0,0,3,1,2,0,140,212,65,25,23,7,5,4,48,18,104,312,16,62,10,4,45,27,5,8,0,3,7,137,5,11,4,10,152,132,10,54,3,4,24,52,19,14,0,3,5,0,12,2,11,58,4,6,35,106,221,146,472,788,480,1957,369,173,977,1863,2135,1069,137,10456,897,162,102,11404,115,28,13,53,6984,226,1472,622,2286,324,64,689,397,9349,33,94,6,99,26,223,10,8,101,621,4206
0,0,0,0,0,0,0,5,69,6,1,34,4,5,1,9,3,2,10,39,10,59,204,17,464,1367,803,44,2,3,8,1665,183,929,5,17,6,643,14,308,1,3,11,4086,462,41,549,5,0,3,2,8,23,5,13,13,13,51,5,215,112,30,82,20,369,437,127,18,86,828,79,1296,46,1278,115,29125,1979,829,97,16,6837,1394,623,204,7999,8942,52,50,283,5737,38,272,11724,89,1396,36,13,86,227,174
0,0,1,0,0,0,0,7,94,3,1,26,12,0,2,1,2,0,10,43,4,7,65,14,402,677,1115,55,2,2,3,528,136,438,0,16,10,471,8,270,1,1,3,2301,387,20,194,5,0,1,2,2,9,0,129,7,26,27,4,2561,53,11,82,12,56,38,36,9,218,384,39,746,833,12574,28,1979,14176,889,28,9,601,852,48,27,1493,285,1202,417,41,1135,1004,5574,11922,45,675,484,59,16,52,34
0,0,0,0,0,1,0,2,2,0,0,2,0,1,0,1,1,0,5,2,0,9,9,2,17,46,41,842,1,1,1,77,3,964,2,3,11,16,13,1812,1,0,1,259,15,57,153,10,1,0,54,124,35,29,46,31,4,9,4,33,63,27,21,3,94,44,26,2,35,27,22,1903,45,237,13,829,889,61848,3038,3,377,60,620,12,83,14932,219,60,29,72,190,19308,2667,13886,1321,126,48,949,136,34
0,0,1,12,0,12,15,5,9,14,0,3,1,8,7,16,2,7,37,1,3,1,0,0,13,0,2,15,1,3,12,1,2,7,19,41,20,5,38,19,1,1,14,4,3,0,0,23,0,1,1363,2760,1134,518,217,735,40,51,4,46,651,49,39,20,6134,547,364,5,102,115,48,2000,10,38,53,97,28,3038,119630,11,72,192,27551,118,359,618,90,345,219,35,110,354,73,1229,236,105,13459,21748,1372,133
0,0,0,3,0,1,2,64,119,36,16,16,5,6,6,24,8,47,139,10,31,6,1,19,6,0,3,0,0,5,55,3,3,2,7,71,57,2,25,1,2,4,26,4,3,0,1,0,0,4,0,3,28,0,0,7,312,721,694,319,131,125,462,459,190,414,6611,2586,1231,223,1438,164,35,28,6984,16,9,3,11,7641,36,588,103,3261,239,12,216,81,454,20,23,1,24,6,25,0,2,20,48,62
0,0,0,0,0,0,0,5,19,2,1,7,1,0,1,0,4,4,5,22,0,10,46,4,105,305,147,20,1,1,5,363,57,452,1,3,1,112,4,179,0,3,7,986,92,17,174,1,0,2,0,13,13,1,5,12,20,83,18,246,215,61,127,44,197,416,109,43,69,424,175,1120,31,667,226,6837,601,377,72,36,14026,2200,615,118,2832,5494,56,40,413,796,27,284,5554,379,8298,12,9,102,413,423
0,1,0,1,0,0,0,44,283,21,8,52,18,9,1,12,8,17,49,359,12,16,72,28,796,174,365,4,0,6,31,197,281,40,6,45,44,451,22,6,4,4,23,469,647,2,72,0,0,6,7,23,88,1,5,35,2201,1890,247,2155,545,354,4273,4116,944,2141,1168,1068,571,5917,1108,5019,68,3522,1472,1394,852,60,192,588,2200,20926,1756,1295,11581,384,123,161,1888,1539,41,53,1533,131,3343,10,28,190,750,813
0,4,6,12,0,11,21,18,37,30,11,7,4,17,10,47,3,25,146,25,23,13,4,17,60,6,22,3,4,12,56,12,16,10,56,142,74,22,98,2,4,11,49,19,53,1,2,29,1,7,774,3224,2211,552,81,1399,335,355,21,240,1183,135,274,141,22134,8098,1271,54,312,633,421,1438,32,266,622,623,48,620,27551,103,615,1756,82920,948,2473,355,411,881,3618,163,255,53,229,370,410,89,2144,11193,19305,3017
1,4,6,22,1,13,21,25,62,87,19,11,5,25,25,166,6,37,346,14,60,35,2,37,29,5,10,0,13,34,152,3,23,2,114,389,161,10,340,1,26,29,157,11,20,0,3,54,2,19,8,26,1426,3,28,109,554,731,71,645,496,93,395,441,1619,9069,12985,516,970,844,428,328,45,186,2286,204,27,12,118,3261,118,1295,948,18758,1317,43,840,1316,6010,111,503,5,62,11,109,86,46,184,488,322
0,0,0,0,0,0,0,35,294,17,5,171,17,20,7,15,6,15,63,462,14,28,164,25,1939,337,615,2,1,13,28,422,745,49,2,37,23,1201,19,12,8,19,36,972,1703,6,127,1,0,18,10,33,103,1,3,17,288,1103,96,1236,151,43,327,246,2190,2286,1083,89,387,9733,86,776,56,3004,324,7999,1493,83,359,239,2832,11581,2473,1317,19405,467,64,117,1267,5318,30,43,1967,30,1074,9,87,207,459,279
0,0,0,0,0,0,0,1,7,2,2,6,0,0,0,0,1,0,2,3,1,19,32,2,51,158,107,205,2,0,1,285,25,2707,1,1,3,43,5,1513,0,0,4,767,41,102,506,5,0,1,18,59,18,25,10,25,3,43,6,79,108,45,94,14,83,122,44,12,30,111,55,2156,8,183,64,8942,285,14932,618,12,5494,384,355,43,467,34534,40,29,96,187,30,1464,5516,7486,5962,28,16,279,176,108
1,4,3,7,0,4,10,124,281,33,18,38,8,6,5,39,29,51,132,20,34,7,7,49,25,10,27,12,6,9,68,16,22,31,37,135,161,7,111,48,3,9,46,26,23,0,7,25,0,6,13,26,158,6,153,134,30,167,104,6384,917,205,204,64,321,483,989,150,2147,54,580,201,3569,1370,689,52,1202,219,90,216,56,123,411,840,64,40,2206,3032,876,39,3709,817,517,15,33,1337,57,222,509,581
12,44,38,187,4,86,266,49,127,210,45,22,12,168,72,501,19,63,618,25,91,80,4,58,44,8,22,5,23,107,308,16,26,7,575,832,295,14,1038,8,68,78,379,26,33,1,3,340,6,34,154,283,1576,174,2099,2967,10,23,2,1354,2019,137,69,12,1340,1116,8347,26,5442,190,254,378,2797,975,397,50,417,60,345,81,40,161,881,1316,117,29,3032,18224,824,56,12825,189,225,18,34,4990,546,565,1115,658
1,1,2,7,0,3,5,23,62,60,13,6,2,8,9,92,8,41,269,17,36,33,3,26,54,6,12,0,7,16,110,7,10,5,36,187,121,13,167,1,12,18,80,24,37,0,2,8,0,9,3,32,110,7,13,59,317,280,17,217,740,100,636,294,688,12244,1513,198,569,391,1061,564,65,191,9349,283,41,29,219,454,413,1888,3618,6010,1267,96,876,824,24428,73,318,13,116,24,261,35,28,335,2113,8305
0,0,0,1,0,0,1,10,50,4,1,38,4,3,1,5,1,0,26,54,3,20,127,17,598,481,667,4,0,3,6,518,201,87,2,18,6,656,9,26,0,3,9,1342,598,6,166,1,1,4,1,6,27,2,12,10,5,23,8,266,65,19,74,15,264,133,104,9,123,4420,49,858,42,2241,33,5737,1135,72,35,20,796,1539,163,111,5318,187,39,56,73,19969,39,57,9327,36,988,25,12,27,91,53
4,9,11,51,4,29,86,11,22,55,8,1,5,46,23,157,4,7,123,3,20,35,1,19,8,5,6,11,11,35,65,4,4,26,222,303,85,8,406,35,29,27,131,19,10,3,3,134,3,18,65,58,190,735,2203,1201,2,4,0,209,437,35,22,4,301,457,652,9,759,18,59,97,1311,790,94,38,1004,190,110,23,27,41,255,503,30,30,3709,12825,318,39,16746,933,415,13,24,9785,484,150,251,222
0,0,0,1,0,0,1,1,8,1,0,4,0,0,0,0,0,1,3,4,1,42,25,0,29,135,114,1009,4,0,2,283,13,4084,0,3,9,17,22,4193,0,0,0,897,21,139,551,5,0,0,5,12,10,2,147,6,1,2,0,94,21,4,3,0,19,6,22,1,51,17,5,284,326,1294,6,272,5574,19308,354,1,284,53,53,5,43,1464,817,189,13,57,933,34369,10022,1075,409,445,48,91,27,12
0,0,0,1,0,1,0,15,68,7,1,37,2,2,1,5,6,2,15,36,7,90,228,26,483,1830,1052,181,0,3,8,2465,182,3093,1,20,7,544,14,1419,0,5,10,6244,388,95,910,10,1,0,7,5,20,1,138,13,8,59,9,405,162,68,154,27,123,153,88,24,204,594,138,2771,260,3892,99,11724,11922,2667,73,24,5554,1533,229,62,1967,5516,517,225,116,9327,415,10022,38369,371,4084,318,52,70,192,170
0,0,0,1,0,2,1,2,1,0,0,1,0,0,0,0,1,0,3,1,0,2,3,0,6,8,4,52,0,0,1,21,0,294,1,2,2,3,4,266,0,0,2,59,2,17,36,1,0,0,26,96,40,27,3,27,5,17,4,40,83,44,71,3,61,36,32,8,18,21,36,5673,0,43,26,89,45,13886,1229,6,379,131,370,11,30,7486,15,18,24,36,13,1075,371,11533,9103,6,15,584,123,43
0,0,0,0,0,2,0,5,27,1,2,7,1,2,0,0,1,0,14,17,4,12,60,1,133,290,179,38,0,3,5,322,56,561,3,10,7,166,6,303,1,2,7,852,124,21,161,2,0,1,10,28,20,5,1,11,16,84,15,252,239,135,372,60,144,230,85,57,96,359,260,9335,29,743,223,1396,675,1321,236,25,8298,3343,410,109,1074,5962,33,34,261,988,24,409,4084,9103,17467,22,8,145,296,322
11,95,104,264,8,123,460,1,6,18,1,0,2,130,61,265,1,0,19,4,1,19,1,3,5,5,10,8,11,33,34,3,1,16,545,98,53,3,292,48,15,6,105,10,6,2,1,501,4,5,204,511,268,651,5360,1303,0,0,0,37,102,3,0,1,271,133,311,1,59,6,6,39,218,335,10,36,484,126,105,0,12,10,89,86,9,28,1337,4990,35,25,9785,445,318,6,22,9662,978,45,62,23
2,7,12,16,0,29,17,2,1,1,0,1,0,7,5,10,0,1,9,1,0,0,0,1,3,0,0,0,0,1,5,0,1,0,18,13,4,0,19,2,1,1,9,0,1,0,0,19,0,0,9461,3945,1080,1188,3996,747,6,13,1,26,58,4,5,1,8682,124,206,1,27,40,4,46,25,51,8,13,59,48,13459,2,9,28,2144,46,87,16,57,546,28,12,484,48,52,15,8,978,37568,252,256,6
1,0,2,6,0,6,8,12,12,27,5,3,1,5,4,23,3,16,64,5,10,6,0,9,5,5,2,2,1,6,34,2,2,6,20,62,41,5,63,9,4,10,23,6,4,0,1,12,1,1,226,1202,895,240,47,767,14,27,2,74,15708,139,91,9,1143,505,692,12,192,58,185,2474,25,43,101,86,16,949,21748,20,102,190,11193,184,207,279,222,565,335,27,150,91,70,584,145,45,252,43898,9574,497
1,2,2,10,0,3,11,28,51,46,6,10,3,6,5,38,14,32,198,11,25,15,1,16,27,5,12,1,7,18,82,8,10,10,20,146,97,8,114,4,5,13,46,18,11,1,4,14,0,8,73,683,1207,67,63,938,44,38,1,152,15539,380,440,54,1708,3281,1388,51,439,162,1008,1515,74,140,621,227,52,136,1372,48,413,750,19305,488,459,176,509,1115,2113,91,251,27,192,123,296,62,256,9574,28763,7964
0,0,2,5,0,2,4,36,58,38,9,3,5,5,7,51,8,47,208,8,36,11,3,25,18,12,9,0,3,5,99,9,9,6,22,141,109,10,82,3,8,12,44,20,13,0,2,5,0,5,5,36,143,1,8,121,33,39,14,183,7360,447,791,54,280,6054,749,79,550,92,4653,928,94,123,4206,174,34,34,133,62,423,813,3017,322,279,108,581,658,8305,53,222,12,170,43,322,23,6,497,7964,14410
