19739,11063,12240,2616,14699,1496,484,10,3,45,2,2,3,5763,474,327,1,1,4,7,6,314,6,5,2,7,6,20,296,631,6,12,4,13,83,24,20,2,40,4,324,72,100,5,9,27,12,114,1440,8,32,30,55,26,39,89,0,0,0,0,7,0,1,0,110,29,33,0,4,0,1,4,1,0,1,1,0,0,7,0,1,0,11,25,0,0,5,64,3,0,25,2,0,0,0,40,9,2,17,0
11063,31177,15680,18176,1509,307,1872,11,7,64,2,0,1,4183,1619,487,2,2,6,6,2,223,3,5,3,4,5,3,68,329,23,19,2,2,132,36,16,2,49,2,151,104,111,3,4,5,7,161,234,10,36,33,57,19,48,153,0,0,0,0,6,0,0,1,100,24,23,0,5,1,0,6,1,0,0,1,0,0,3,1,1,0,9,16,1,0,3,60,1,1,11,0,0,1,0,69,12,2,8,1
12240,15680,31964,12305,6596,5353,10351,8,11,106,7,0,4,1750,309,152,0,2,4,9,5,566,3,5,3,7,7,12,156,649,8,8,7,5,68,26,22,1,38,3,480,183,135,6,8,11,5,139,257,20,33,38,66,21,38,588,2,0,0,0,6,0,0,0,90,27,22,0,2,1,1,3,5,0,0,0,0,1,5,1,0,2,12,19,0,1,4,77,3,1,15,0,0,0,0,37,7,2,11,2
2616,18176,12305,28583,424,1925,10303,131,121,297,16,22,47,4411,5319,7998,7,23,139,127,52,620,16,71,22,50,33,9,114,966,547,76,53,17,1236,640,179,17,437,6,488,408,1978,25,86,10,34,1030,173,88,76,90,142,75,110,457,2,0,0,3,22,2,2,2,200,78,69,0,11,6,3,13,5,3,2,0,2,0,12,3,0,5,21,49,4,0,7,195,11,2,48,0,3,0,0,171,29,7,24,2
14699,1509,6596,424,26088,18786,698,9,1,11,0,0,2,3755,158,128,1,2,1,4,1,75,2,3,1,4,4,10,249,265,1,9,2,8,57,25,20,2,41,2,91,23,57,3,8,11,11,885,6764,1,16,21,32,17,17,43,2,0,0,1,6,0,1,0,57,20,12,0,6,0,0,4,1,0,1,0,2,0,9,1,0,0,9,14,0,0,0,39,3,0,14,0,0,0,0,25,5,4,12,0
1496,307,5353,1925,18786,23054,20710,3,11,33,0,3,1,403,47,442,0,0,6,5,3,80,3,28,12,3,59,14,77,121,9,10,7,4,312,32,95,1,147,12,72,41,52,16,8,3,20,4939,1937,4,11,17,24,10,26,84,0,0,0,0,3,0,0,0,31,2,4,0,0,0,0,1,0,0,0,0,1,0,4,0,0,0,1,3,0,0,0,10,1,2,5,0,0,0,0,39,1,1,3,1
484,1872,10351,10303,698,20710,23339,20,52,192,10,8,9,626,264,3123,4,3,40,22,24,260,2,105,14,12,34,4,42,318,151,29,11,5,2015,261,96,9,376,1,210,238,505,18,19,4,12,2240,70,45,65,80,109,41,131,1451,3,0,0,1,9,0,1,1,128,36,23,0,4,2,1,6,2,0,1,1,0,1,11,0,0,3,17,18,2,0,4,115,4,1,19,1,0,0,0,187,21,3,12,1
10,11,8,131,9,3,20,37885,5176,215,1677,1675,10127,464,295,1842,5881,6986,2806,4819,1547,2295,302,279,462,141,149,10,20,230,2265,289,1307,53,93,232,961,116,51,8,71,129,3103,93,775,25,144,23,13,135,0,2,4,0,1,1,29,3,3,30,12,4,23,18,4,4,1,2,7,95,5,19,0,20,2,8,7,0,0,0,3,35,1,4,11,2,28,5,5,12,0,0,2,0,5,0,1,1,4,0
3,7,11,121,1,11,52,5176,56344,367,843,2727,2570,125,90,1278,2831,490,5523,2393,1205,1252,304,12774,5223,58,1903,18,14,129,402,126,674,45,404,2229,6610,55,437,57,96,169,787,373,129,15,119,56,12,131,1,0,2,0,0,2,46,29,6,110,34,8,28,42,3,3,3,16,13,161,22,29,15,36,14,6,7,0,0,3,7,53,7,7,16,1,323,9,10,10,2,0,1,0,6,3,1,2,20,2
45,64,106,297,11,33,192,215,367,34541,3272,1182,124,321,189,621,161,25,223,274,2182,8420,680,295,161,143,378,29,95,352,77,315,756,77,442,799,949,181,496,50,11193,14324,1226,671,103,158,496,111,19,5277,8,5,15,3,4,6,4,4,4,13,60,9,5,1,32,27,21,2,50,4,29,40,10,5,26,15,6,2,8,9,10,13,22,45,6,2,88,55,38,30,30,4,11,1,11,11,4,11,56,22
2,2,7,16,0,0,10,1677,843,3272,4546,6805,483,28,16,192,282,99,401,274,779,5011,1870,141,97,89,176,13,11,38,37,124,462,39,55,195,224,57,77,30,204,328,117,294,43,183,300,13,0,86,1,1,0,1,0,1,1,0,2,6,9,0,3,0,3,5,1,0,3,2,5,15,0,1,6,10,4,0,0,0,3,2,1,1,6,3,8,3,5,12,1,4,3,1,10,0,1,0,8,4
2,0,0,22,0,3,8,1675,2727,1182,6805,18733,7149,77,49,128,5006,255,346,2217,4653,2805,5415,293,1035,68,366,17,12,124,128,201,7561,30,41,149,905,112,44,33,79,287,453,319,127,113,526,10,1,344,0,1,1,0,0,0,10,7,3,11,4,2,11,6,3,3,0,1,5,43,12,13,5,11,3,6,18,1,0,1,7,29,2,3,21,5,35,4,4,40,1,1,7,0,7,0,0,1,4,4
3,1,4,47,2,1,9,10127,2570,124,483,7149,22815,218,137,220,4965,403,139,3207,982,439,232,97,727,31,134,2,11,163,630,205,4114,18,45,72,638,39,22,4,36,109,1447,78,233,16,115,11,5,206,0,0,0,0,0,0,30,4,1,42,3,0,23,16,3,1,3,3,1,89,1,14,3,21,3,2,5,0,2,3,0,46,2,3,14,2,12,3,0,11,1,0,2,0,8,0,0,0,3,0
5763,4183,1750,4411,3755,403,626,464,125,321,28,77,218,46203,13906,1321,31,78,174,642,250,912,83,103,135,144,129,128,3856,23270,205,468,480,86,611,414,359,75,567,34,1586,1018,8067,148,329,116,216,421,7526,2021,105,96,238,61,87,277,6,1,2,8,68,2,6,0,394,170,92,3,55,8,7,64,14,6,14,2,9,1,37,12,8,6,99,143,7,7,23,316,47,16,139,2,5,1,2,135,60,30,98,10
474,1619,309,5319,158,47,264,295,90,189,16,49,137,13906,9629,1066,24,45,118,286,153,484,34,41,69,72,37,10,149,2369,207,202,268,26,324,286,119,35,190,1,453,782,9291,72,182,25,72,203,241,3035,28,24,79,21,31,86,0,0,2,0,17,0,0,1,97,35,29,0,13,5,3,15,5,0,6,3,2,0,10,2,0,2,14,21,2,1,8,71,6,2,20,1,2,0,1,44,5,5,20,2
327,487,152,7998,128,442,3123,1842,1278,621,192,128,220,1321,1066,34513,271,1113,4923,727,571,528,42,324,125,88,57,7,38,484,12162,165,152,32,2873,4513,313,37,354,14,310,448,11868,45,232,7,67,494,55,168,29,26,53,13,34,80,4,0,3,3,16,2,1,1,85,41,22,3,10,7,6,16,6,0,1,2,1,0,11,2,3,5,15,24,3,0,8,70,6,4,16,0,1,0,1,57,9,6,17,0
1,2,0,7,1,0,4,5881,2831,161,282,5006,4965,31,24,271,6256,2824,635,562,4676,93,149,206,136,17,44,2,3,35,1555,104,740,9,28,88,477,17,25,0,19,70,488,37,109,7,75,1,1,121,0,0,1,0,0,1,1,1,2,5,2,0,4,2,1,0,0,2,5,4,3,2,1,1,3,0,1,0,0,1,1,0,0,0,2,0,18,1,0,5,1,0,0,0,0,0,0,0,0,1
1,2,2,23,2,0,3,6986,490,25,99,255,403,78,45,1113,2824,3170,1581,173,1088,85,21,61,24,13,10,0,3,44,4961,31,115,2,21,75,173,6,12,2,7,16,1209,6,57,2,20,4,4,26,0,0,0,0,0,0,0,1,0,2,2,1,2,1,0,0,0,3,1,1,3,1,0,0,1,0,3,0,0,0,0,0,0,2,0,0,8,1,0,0,0,0,0,0,0,0,0,0,0,0
4,6,4,139,1,6,40,2806,5523,223,401,346,139,174,118,4923,635,1581,11726,668,898,330,36,2840,373,34,97,6,8,120,1356,36,100,12,295,4656,782,19,196,15,65,122,1511,41,81,5,30,14,5,112,0,0,1,1,1,0,1,3,1,7,15,2,1,0,2,2,2,2,7,3,9,7,4,0,7,1,1,0,1,3,1,7,4,3,1,0,62,3,5,1,0,0,0,0,0,0,0,0,6,6
7,6,9,127,4,5,22,4819,2393,274,274,2217,3207,642,286,727,562,173,668,31051,453,1448,1231,233,5037,1329,1462,27,33,484,489,1737,7726,310,108,337,337,3933,77,63,175,268,1775,1106,6680,91,913,43,17,293,0,4,5,0,1,4,56,10,0,55,7,8,77,34,12,6,2,1,8,292,3,82,4,62,4,27,179,3,1,3,18,198,6,11,163,9,14,2,7,196,2,6,28,1,40,1,2,2,8,4
6,2,5,52,1,3,24,1547,1205,2182,779,4653,982,250,153,571,4676,1088,898,453,13084,265,385,358,167,75,201,14,26,512,1320,274,1010,34,150,526,955,77,241,22,236,1104,7641,217,137,29,277,16,6,4760,1,2,2,1,0,3,1,1,3,13,31,1,2,1,7,3,3,1,17,8,16,15,5,3,12,4,4,0,4,5,3,7,4,9,1,3,71,14,10,7,1,1,2,0,2,0,2,2,19,8
314,223,566,620,75,80,260,2295,1252,8420,5011,2805,439,912,484,528,93,85,330,1448,265,17426,5871,193,722,613,802,917,4113,1227,108,449,641,542,356,459,483,310,453,269,20991,2099,981,1500,227,3826,1551,140,35,385,8,13,30,4,5,25,10,4,0,13,42,7,19,13,72,61,28,5,54,34,18,77,17,24,20,65,28,6,13,8,42,29,40,59,24,65,36,108,35,81,48,34,47,3,37,5,9,17,69,11
6,3,3,16,2,3,2,302,304,680,1870,5415,232,83,34,42,149,21,36,1231,385,5871,9590,68,1080,604,1435,206,67,147,22,696,4140,293,26,65,73,511,63,189,160,239,202,2242,230,4378,4351,32,5,219,0,0,2,0,0,2,2,3,2,6,6,3,12,1,4,5,0,1,1,23,4,64,0,17,2,95,62,4,0,1,61,43,2,5,38,38,2,1,1,119,0,27,44,7,59,0,0,1,7,3
5,5,5,71,3,28,105,279,12774,295,141,293,97,103,41,324,206,61,2840,233,358,193,68,10398,1027,38,1315,42,15,111,50,79,127,62,1307,4846,6346,16,3959,133,79,174,328,225,26,22,97,192,13,102,1,2,6,0,1,2,4,4,0,7,7,4,2,1,6,5,3,3,5,11,9,5,3,5,2,3,5,0,0,0,0,4,2,6,3,2,62,12,2,2,8,0,1,1,5,4,0,1,10,0
2,3,3,22,1,12,14,462,5223,161,97,1035,727,135,69,125,136,24,373,5037,167,722,1080,1027,10845,337,6004,22,15,170,58,595,2636,126,116,354,482,734,146,76,54,115,302,2608,689,65,590,37,16,132,0,2,3,0,3,2,25,7,1,27,1,2,21,12,5,3,4,1,1,79,4,52,6,28,2,26,38,1,1,0,15,64,1,4,52,5,18,2,1,89,1,6,10,0,20,1,0,0,7,2
7,4,7,50,4,3,12,141,58,143,89,68,31,144,72,88,17,13,34,1329,75,613,604,38,337,18216,1595,67,51,121,77,8627,273,4488,38,50,48,7319,53,343,122,85,406,6639,1960,606,3177,38,7,54,0,1,0,0,0,2,0,4,0,4,2,1,3,1,1,2,2,0,1,4,0,85,0,5,1,106,43,2,0,0,103,17,1,5,3,65,2,4,2,47,0,40,84,9,62,1,0,1,4,3
6,5,7,33,4,59,34,149,1903,378,176,366,134,129,37,57,44,10,97,1462,201,802,1435,1315,6004,1595,20515,1016,35,247,33,3059,1032,1285,353,402,1168,953,1395,7810,152,228,235,8034,571,435,2589,559,31,175,0,2,3,0,3,4,3,4,3,5,11,2,11,3,10,12,4,4,6,19,4,102,3,14,1,159,134,6,0,2,110,35,0,3,21,62,4,8,3,117,4,60,52,3,79,4,1,0,12,7
20,3,12,9,10,14,4,10,18,29,13,17,2,128,10,7,2,0,6,27,14,917,206,42,22,67,1016,59397,1260,412,0,105,21,8433,24,19,229,19,116,11624,789,42,37,282,5,10525,7046,89,12,13,0,0,0,0,0,0,0,1,0,1,0,0,1,0,1,1,1,0,2,1,1,8,0,1,0,5,2,694,1,0,4,1,0,2,0,52,2,1,0,1,0,127,11,7,7,2,0,0,0,0
296,68,156,114,249,77,42,20,14,95,11,12,11,3856,149,38,3,3,8,33,26,4113,67,15,15,51,35,1260,69947,12587,5,40,45,178,28,35,45,14,48,111,21099,265,272,86,16,883,295,28,4909,93,3,0,5,1,1,7,1,0,0,1,7,1,0,0,23,7,4,0,16,1,4,9,1,0,2,1,0,2,2,1,1,2,10,10,1,11,0,18,2,2,8,7,4,1,4,2,3,2,7,1
631,329,649,966,265,121,318,230,129,352,38,124,163,23270,2369,484,35,44,120,484,512,1227,147,111,170,121,247,412,12587,48402,90,427,686,167,332,397,445,91,459,77,9742,7570,5424,302,210,423,415,143,2740,3076,17,17,50,9,17,43,3,1,1,11,52,8,6,0,99,66,36,3,63,13,12,47,25,7,25,3,13,0,19,10,8,7,59,69,12,4,29,121,47,11,57,7,8,1,6,19,11,12,83,26
6,23,8,547,1,9,151,2265,402,77,37,128,630,205,207,12162,1555,4961,1356,489,1320,108,22,50,58,77,33,0,5,90,17021,146,204,24,474,1096,187,35,153,5,41,72,13641,32,313,1,67,81,14,65,1,1,6,1,1,6,3,2,0,2,6,0,2,0,7,13,2,0,7,4,1,6,2,4,0,2,1,0,1,2,1,5,5,9,1,0,5,19,1,4,4,0,0,0,1,1,5,0,5,0
12,19,8,76,9,10,29,289,126,315,124,201,205,468,202,165,104,31,36,1737,274,449,696,79,595,8627,3059,105,40,427,146,30628,5244,3508,72,70,85,1624,141,658,150,335,1005,5667,4559,470,17448,80,16,288,2,1,4,0,1,2,2,1,2,5,5,2,5,1,8,5,3,1,1,7,1,116,0,11,1,201,44,13,1,1,196,23,8,7,21,197,2,10,5,99,3,100,136,20,106,4,0,0,6,8
4,2,7,53,2,7,11,1307,674,756,462,7561,4114,480,268,152,740,115,100,7726,1010,641,4140,127,2636,273,1032,21,45,686,204,5244,26747,125,66,129,199,1228,92,34,208,636,1416,1904,3787,114,4280,36,17,725,0,0,5,0,0,0,13,7,1,11,8,5,34,9,4,7,4,2,9,78,5,94,1,30,8,45,47,1,1,3,25,105,5,13,74,12,9,8,5,160,4,4,31,0,45,1,1,2,10,2
13,2,5,17,8,4,5,53,45,77,39,30,18,86,26,32,9,2,12,310,34,542,293,62,126,4488,1285,8433,178,167,24,3508,125,23785,21,40,136,363,139,9053,288,45,165,4795,255,2622,12434,76,7,31,1,0,1,0,0,1,1,0,0,1,0,0,2,0,1,2,1,0,0,2,0,28,0,3,0,43,29,107,0,0,59,4,0,0,2,577,1,1,0,16,2,822,87,68,99,1,0,0,1,2
83,132,68,1236,57,312,2015,93,404,442,55,41,45,611,324,2873,28,21,295,108,150,356,26,1307,116,38,353,24,28,332,474,72,66,21,7512,3374,1395,13,10190,47,233,324,1818,93,51,8,57,2569,83,150,23,28,78,13,35,100,3,0,2,1,45,0,1,2,126,58,35,0,22,4,0,27,3,2,1,2,5,2,8,0,4,5,27,78,7,2,14,121,20,6,54,0,2,0,0,94,20,16,46,4
24,36,26,640,25,32,261,232,2229,799,195,149,72,414,286,4513,88,75,4656,337,526,459,65,4846,354,50,402,19,35,397,1096,70,129,40,3374,12955,2007,27,5504,42,261,436,2702,142,72,8,70,223,40,245,9,10,19,3,0,19,4,2,2,12,40,5,5,1,42,36,26,1,26,13,10,49,2,5,7,3,6,4,14,0,4,7,40,57,4,0,40,77,26,9,40,2,3,0,4,11,11,8,51,8
20,16,22,179,20,95,96,961,6610,949,224,905,638,359,119,313,477,173,782,337,955,483,73,6346,482,48,1168,229,45,445,187,85,199,136,1395,2007,4193,19,7266,424,384,614,1310,136,46,57,225,1342,58,375,1,4,7,0,4,5,36,46,0,164,11,5,24,39,21,5,6,13,20,110,13,11,18,39,8,1,2,2,4,1,3,17,7,11,7,1,277,25,5,1,7,5,2,0,1,5,1,3,7,2
2,2,1,17,2,1,9,116,55,181,57,112,39,75,35,37,17,6,19,3933,77,310,511,16,734,7319,953,19,14,91,35,1624,1228,363,13,27,19,16387,24,58,53,121,167,8757,3122,97,811,19,1,79,0,0,0,0,1,0,0,1,2,3,6,1,9,1,4,2,1,0,0,16,7,90,0,20,1,77,76,4,1,0,41,54,0,2,49,13,1,1,1,124,1,5,41,1,58,0,0,0,0,4
40,49,38,437,41,147,376,51,437,496,77,44,22,567,190,354,25,12,196,77,241,453,63,3959,146,53,1395,116,48,459,153,141,92,139,10190,5504,7266,24,13565,325,280,449,1094,235,40,42,219,6600,120,184,14,12,32,6,13,46,4,0,2,3,30,2,0,1,81,39,27,0,12,2,2,24,3,3,2,4,5,1,15,2,6,6,24,46,4,3,15,69,16,2,43,3,3,0,2,15,14,6,47,5
4,2,3,6,2,12,1,8,57,50,30,33,4,34,1,14,0,2,15,63,22,269,189,133,76,343,7810,11624,111,77,5,658,34,9053,47,42,424,58,325,25497,126,31,41,9220,34,1114,3736,187,8,16,4,0,0,0,0,2,0,0,0,1,1,1,0,0,2,0,0,0,1,0,0,12,0,1,1,19,22,75,2,0,22,3,1,0,4,271,0,0,0,9,0,608,39,28,38,2,2,0,2,0
324,151,480,488,91,72,210,71,96,11193,204,79,36,1586,453,310,19,7,65,175,236,20991,160,79,54,122,152,789,21099,9742,41,150,208,288,233,261,384,53,280,126,62700,9732,1035,293,70,888,415,105,82,771,11,9,24,5,5,16,1,2,4,8,47,6,2,0,60,37,17,2,49,9,11,35,13,2,13,6,5,1,11,2,3,7,36,47,4,13,32,79,20,1,28,21,5,1,4,4,15,8,39,11
72,104,183,408,23,41,238,129,169,14324,328,287,109,1018,782,448,70,16,122,268,1104,2099,239,174,115,85,228,42,265,7570,72,335,636,45,324,436,614,121,449,31,9732,21809,2753,379,106,95,336,122,19,7617,11,6,16,3,9,20,3,4,0,7,50,6,3,0,43,31,23,1,43,3,13,31,15,2,19,8,5,1,9,6,6,4,27,41,3,5,41,58,36,8,27,5,6,0,4,5,11,7,50,16
100,111,135,1978,57,52,505,3103,787,1226,117,453,1447,8067,9291,11868,488,1209,1511,1775,7641,981,202,328,302,406,235,37,272,5424,13641,1005,1416,165,1818,2702,1310,167,1094,41,1035,2753,60510,255,1069,48,434,517,153,10484,17,15,50,7,11,44,12,2,7,9,90,6,6,4,114,64,34,5,64,23,10,69,17,7,13,12,12,0,24,7,7,12,55,87,15,6,60,114,55,9,60,4,4,1,4,12,29,20,82,27
5,3,6,25,3,16,18,93,373,671,294,319,78,148,72,45,37,6,41,1106,217,1500,2242,225,2608,6639,8034,282,86,302,32,5667,1904,4795,93,142,136,8757,235,9220,293,379,255,41048,854,939,4926,121,14,261,0,0,1,0,0,1,0,2,0,3,6,4,1,0,7,3,2,0,0,18,1,55,0,7,2,84,40,14,0,1,100,26,0,1,15,199,1,3,1,89,0,153,91,21,70,3,1,3,0,1
9,4,8,86,8,8,19,775,129,103,43,127,233,329,182,232,109,57,81,6680,137,227,230,26,689,1960,571,5,16,210,313,4559,3787,255,51,72,46,3122,40,34,70,106,1069,854,6355,39,696,27,9,103,0,0,1,1,3,0,4,1,0,4,3,3,16,4,3,4,2,1,2,23,1,56,0,16,1,28,64,1,0,1,12,66,5,7,48,6,4,2,2,79,0,5,24,0,39,0,0,0,6,1
27,5,11,10,11,3,4,25,15,158,183,113,16,116,25,7,7,2,5,91,29,3826,4378,22,65,606,435,10525,883,423,1,470,114,2622,8,8,57,97,42,1114,888,95,48,939,39,10485,7622,17,6,33,0,1,0,0,0,0,0,0,0,0,0,0,3,1,2,1,1,0,1,0,0,15,0,2,0,24,10,24,0,0,28,3,4,1,5,163,1,1,0,17,2,178,33,15,43,0,0,0,2,0
12,7,5,34,11,20,12,144,119,496,300,526,115,216,72,67,75,20,30,913,277,1551,4351,97,590,3177,2589,7046,295,415,67,17448,4280,12434,57,70,225,811,219,3736,415,336,434,4926,696,7622,24176,131,15,251,2,0,3,0,3,0,1,1,0,2,6,2,4,2,4,8,1,3,3,6,3,132,1,10,5,202,67,126,6,1,238,28,6,4,21,1047,2,0,4,99,3,949,247,117,303,2,2,1,3,3
114,161,139,1030,885,4939,2240,23,56,111,13,10,11,421,203,494,1,4,14,43,16,140,32,192,37,38,559,89,28,143,81,80,36,76,2569,223,1342,19,6600,187,105,122,517,121,27,17,131,6369,518,44,40,45,84,44,86,208,0,0,0,0,6,0,1,0,92,12,17,0,4,3,0,8,2,2,0,1,2,0,8,1,1,1,6,19,1,2,9,77,2,2,22,2,0,1,0,171,14,0,6,1
1440,234,257,173,6764,1937,70,13,12,19,0,1,5,7526,241,55,1,4,5,17,6,35,5,13,16,7,31,12,4909,2740,14,16,17,7,83,40,58,1,120,8,82,19,153,14,9,6,15,518,12980,9,7,2,17,2,6,15,2,0,0,0,7,0,1,1,41,17,9,1,5,0,0,7,3,0,2,0,0,0,3,1,0,0,5,20,2,0,3,22,5,2,16,0,1,0,0,8,6,5,10,2
8,10,20,88,1,4,45,135,131,5277,86,344,206,2021,3035,168,121,26,112,293,4760,385,219,102,132,54,175,13,93,3076,65,288,725,31,150,245,375,79,184,16,771,7617,10484,261,103,33,251,44,9,10770,2,2,6,3,0,4,0,0,2,3,25,1,2,1,13,14,6,1,22,3,5,23,7,1,10,5,4,0,0,4,1,2,13,18,3,2,18,24,10,10,8,1,8,1,6,2,3,3,19,4
32,36,33,76,16,11,65,0,1,8,1,0,0,105,28,29,0,0,0,0,1,8,0,1,0,0,0,0,3,17,1,2,0,1,23,9,1,0,14,4,11,11,17,0,0,0,2,40,7,2,29031,8269,1602,11956,9047,2145,18,5,8,8,115,4,8,7,10875,314,146,3,28,23,12,239,6,5,6,11,9,20,1046,16,10,16,566,56,16,11,38,275,30,15,67,7,17,20,9,255,8060,256,289,36
30,33,38,90,21,17,80,2,0,5,1,1,0,96,24,26,0,0,0,4,2,13,0,2,2,1,2,0,0,17,1,1,0,0,28,10,4,0,12,0,9,6,15,0,0,1,0,45,2,2,8269,63068,11985,11103,1535,6978,25,3,2,8,255,11,8,5,17624,370,192,5,29,17,17,434,16,7,14,8,12,13,527,16,20,30,804,59,21,7,52,332,39,23,65,3,17,18,9,267,860,287,669,51
55,57,66,142,32,24,109,4,2,15,0,1,0,238,79,53,1,0,1,5,2,30,2,6,3,0,3,0,5,50,6,4,5,1,78,19,7,0,32,0,24,16,50,1,1,0,3,84,17,6,1602,11985,31133,547,696,8613,356,68,99,74,517,48,75,103,15989,8869,5657,57,417,306,42,344,81,49,137,57,61,15,342,272,67,222,649,804,259,35,193,1538,345,121,299,14,71,5,42,742,613,139,850,158
26,19,21,75,17,10,41,0,0,3,1,0,0,61,21,13,0,0,1,0,1,4,0,0,0,0,0,0,1,9,1,0,0,0,13,3,0,0,6,0,5,3,7,0,1,0,0,44,2,3,11956,11103,547,31815,12739,16514,6,1,2,0,103,5,1,0,1548,82,39,2,9,5,11,320,6,3,1,4,8,17,513,1,3,5,545,12,3,8,19,167,13,4,27,3,6,27,9,304,830,238,270,15
39,48,38,110,17,26,131,1,0,4,0,0,0,87,31,34,0,0,1,1,0,5,0,1,3,0,3,0,1,17,1,1,0,0,35,0,4,1,13,0,5,9,11,0,3,0,3,86,6,0,9047,1535,696,12739,31919,6541,15,2,3,11,61,3,5,0,2008,132,102,1,17,13,4,82,23,35,7,3,25,5,170,7,9,23,135,67,12,6,117,1088,14,15,258,19,41,5,9,8675,2581,61,100,9
89,153,588,457,43,84,1451,1,2,6,1,0,0,277,86,80,1,0,0,4,3,25,2,2,2,2,4,0,7,43,6,2,0,1,100,19,5,0,46,2,16,20,44,1,0,0,0,208,15,4,2145,6978,8613,16514,6541,16831,84,24,28,36,407,26,30,20,3730,293,1862,14,215,90,21,278,68,24,37,31,20,9,162,82,36,50,335,221,58,10,101,2391,79,41,174,11,23,6,11,1172,234,118,651,85
0,0,2,2,2,0,3,29,46,4,1,10,30,6,0,4,1,0,1,56,1,10,2,4,25,0,3,0,1,3,3,2,13,1,3,4,36,0,4,0,1,3,12,0,4,0,1,0,2,0,18,25,356,6,15,84,4646,8486,1028,1098,60,146,672,7968,390,615,521,1135,285,3448,165,179,160,525,352,26,86,5,24,1209,34,2393,98,827,147,7,159,130,207,54,38,4,70,4,37,17,43,11,66,38
0,0,0,0,0,0,0,3,29,4,0,7,4,1,0,0,1,1,3,10,1,4,3,4,7,4,4,1,0,1,2,1,7,0,0,2,46,1,0,0,2,4,2,2,1,0,1,0,0,0,5,3,68,1,2,24,8486,26192,7157,3835,137,965,725,3397,33,97,278,6424,571,3779,662,783,622,251,316,55,113,8,5,1246,82,775,11,290,362,32,905,101,114,221,17,11,184,3,76,5,4,6,19,18
0,0,0,0,0,0,0,3,6,4,2,3,1,2,2,3,2,0,1,0,3,0,2,0,1,0,3,0,0,1,0,2,1,0,2,2,0,2,2,0,4,0,7,0,0,0,0,0,0,2,8,2,99,2,3,28,1028,7157,5373,4430,181,940,360,1002,32,132,839,5305,3081,452,850,637,231,62,1007,20,42,2,4,3904,24,436,13,408,129,10,339,109,182,37,27,1,65,1,56,4,4,8,34,30
0,0,0,3,1,0,1,30,110,13,6,11,42,8,0,3,5,2,7,55,13,13,6,7,27,4,5,1,1,11,2,5,11,1,1,12,164,3,3,1,8,7,9,3,4,0,2,0,0,3,8,8,74,0,11,36,1098,3835,4430,57037,419,1669,1847,2570,60,178,563,2375,8577,5359,1411,1627,12515,8130,472,78,199,12,12,640,126,1135,42,317,265,37,1871,494,184,377,213,25,480,7,163,46,7,17,88,121
7,6,6,22,6,3,9,12,34,60,9,4,3,68,17,16,2,2,15,7,31,42,6,7,1,2,11,0,7,52,6,5,8,0,45,40,11,6,30,1,47,50,90,6,3,0,6,6,7,25,115,255,517,103,61,407,60,137,181,419,30382,4050,999,219,793,500,731,311,1064,138,3721,3024,294,157,420,50,198,32,202,162,118,291,507,400,47,45,989,717,430,70,310,34,356,24,168,101,79,17428,16508,3752
0,0,0,2,0,0,0,4,8,9,0,2,0,2,0,2,0,1,2,8,1,7,3,4,2,1,2,0,1,8,0,2,5,0,0,5,5,1,2,1,6,6,6,4,3,0,2,0,0,1,4,11,48,5,3,26,146,965,940,1669,4050,6921,5400,889,67,112,219,1543,746,205,4647,7378,267,165,292,27,87,10,20,125,55,535,54,122,36,24,365,135,142,49,57,15,179,18,235,12,7,36,414,373
1,0,0,2,1,0,1,23,28,5,3,11,23,6,0,1,4,2,1,77,2,19,12,2,21,3,11,1,0,6,2,5,34,2,1,5,24,9,0,0,2,3,6,1,16,3,4,1,1,2,8,8,75,1,5,30,672,725,360,1847,999,5400,15566,8934,135,294,117,2927,264,1530,3887,6745,295,1501,571,52,464,14,18,362,135,5856,94,227,305,42,275,88,276,163,53,14,466,29,634,25,11,15,366,400
0,1,0,2,0,0,1,18,42,1,0,6,16,0,1,1,2,1,0,34,1,13,1,1,12,1,3,0,0,0,0,1,9,0,2,1,39,1,1,0,0,0,4,0,4,1,2,0,1,1,7,5,103,0,0,20,7968,3397,1002,2570,219,889,8934,15544,123,335,184,4213,241,836,1640,413,290,481,528,15,64,5,11,1050,49,6461,54,337,137,6,325,68,305,35,16,5,84,3,102,10,5,10,121,133
110,100,90,200,57,31,128,4,3,32,3,3,3,394,97,85,1,0,2,12,7,72,4,6,5,1,10,1,23,99,7,8,4,1,126,42,21,4,81,2,60,43,114,7,3,2,4,92,41,13,10875,17624,15989,1548,2008,3730,390,33,32,60,793,67,135,123,70883,11530,1002,49,198,315,114,997,78,114,183,157,156,63,5209,115,248,512,14429,1644,385,99,414,1120,1484,130,362,44,202,54,145,685,10319,587,2316,699
29,24,27,78,20,2,36,4,3,27,5,3,1,170,35,41,0,0,2,6,3,61,5,5,3,2,12,1,7,66,13,5,7,2,58,36,5,2,39,0,37,31,64,3,4,1,8,12,17,14,314,370,8869,82,132,293,615,97,132,178,500,112,294,335,11530,39293,2849,175,518,536,318,691,118,240,674,160,272,69,679,502,335,1096,4995,7874,525,104,568,777,7227,216,318,43,366,24,230,340,606,283,4120,8404
33,23,22,69,12,4,23,1,3,21,1,0,3,92,29,22,0,0,2,2,3,28,0,3,4,2,4,1,4,36,2,3,4,1,35,26,6,1,27,0,17,23,34,2,2,1,1,17,9,6,146,192,5657,39,102,1862,521,278,839,563,731,219,117,184,1002,2849,20796,419,7208,647,159,363,243,102,658,59,53,6,54,8394,69,241,157,7348,261,21,248,2991,567,170,205,9,62,3,45,227,96,65,442,111
0,0,0,0,0,0,0,2,16,2,0,1,3,3,0,3,2,3,2,1,1,5,1,3,1,0,4,0,0,3,0,1,2,0,0,1,13,0,0,0,2,1,5,0,1,0,3,0,1,1,3,5,57,2,1,14,1135,6424,5305,2375,311,1543,2927,4213,49,175,419,11940,905,227,9173,317,607,112,2362,12,34,7,9,5868,27,615,34,342,66,7,717,99,516,29,45,4,66,3,67,7,4,11,97,208
4,5,2,11,6,0,4,7,13,50,3,5,1,55,13,10,5,1,7,8,17,54,1,5,1,1,6,2,16,63,7,1,9,0,22,26,20,0,12,1,49,43,64,0,2,1,3,4,5,22,28,29,417,9,17,215,285,571,3081,8577,1064,746,264,241,198,518,7208,905,18604,1056,737,705,5216,596,1127,27,84,11,39,3565,47,264,115,1954,118,15,1524,4665,665,190,850,11,176,2,42,105,34,69,403,226
0,1,1,6,0,0,2,95,161,4,2,43,89,8,5,7,4,1,3,292,8,34,23,11,79,4,19,1,1,13,4,7,78,2,4,13,110,16,2,0,9,3,23,18,23,0,6,3,0,3,23,17,306,5,13,90,3448,3779,452,5359,138,205,1530,836,315,536,647,227,1056,25328,112,1117,444,3766,173,243,749,23,31,541,323,4076,84,681,2695,85,334,286,159,5086,83,24,1460,10,390,44,25,14,91,56
1,0,1,3,0,0,1,5,22,29,5,12,1,7,3,6,3,3,9,3,16,18,4,9,4,0,4,1,4,12,1,1,5,0,0,10,13,7,2,0,11,13,10,1,1,0,3,0,0,5,12,17,42,11,4,21,165,662,850,1411,3721,4647,3887,1640,114,318,159,9173,737,112,11359,1228,673,142,5038,23,111,11,21,1994,82,613,136,176,35,24,1362,226,1017,57,128,14,200,6,161,19,10,76,964,4992
4,6,3,13,4,1,6,19,29,40,15,13,14,64,15,16,2,1,7,82,15,77,64,5,52,85,102,8,9,47,6,116,94,28,27,49,11,90,24,12,35,31,69,55,56,15,132,8,7,23,239,434,344,320,82,278,179,783,637,1627,3024,7378,6745,413,997,691,363,317,705,1117,1228,43966,298,2312,318,408,2300,2598,1920,164,2177,4313,1556,344,552,1613,599,423,327,1021,256,850,4921,7466,10402,129,161,4450,3030,587
1,1,5,5,1,0,2,0,15,10,0,5,3,14,5,6,1,0,4,4,5,17,0,3,6,0,3,0,1,25,2,0,1,0,3,2,18,0,3,0,13,15,17,0,0,0,1,2,3,7,6,16,81,6,23,68,160,622,231,12515,294,267,295,290,78,118,243,607,5216,444,673,298,13745,2048,361,34,145,1,10,342,44,275,42,155,53,25,9843,2388,174,142,2467,23,334,2,64,194,6,21,149,132
0,0,0,3,0,0,0,20,36,5,1,11,21,6,0,0,1,0,0,62,3,24,17,5,28,5,14,1,0,7,4,11,30,3,2,5,39,20,3,1,2,2,7,7,16,2,10,2,0,1,5,7,49,3,35,24,525,251,62,8130,157,165,1501,481,114,240,102,112,596,3766,142,2312,2048,15821,73,695,6507,72,28,67,673,3233,78,127,1294,368,808,406,89,1908,693,627,5270,39,974,334,16,22,156,125
1,0,0,2,1,0,1,2,14,26,6,3,3,14,6,1,3,1,7,4,12,20,2,2,2,1,1,0,2,25,0,1,8,0,1,7,8,1,2,1,13,19,13,2,1,0,5,0,2,10,6,14,137,1,7,37,352,316,1007,472,420,292,571,528,183,674,658,2362,1127,173,5038,318,361,73,3606,30,56,12,28,7230,85,581,176,3299,133,21,1108,480,3946,58,265,7,118,7,127,15,19,28,406,2572
1,1,0,0,0,0,1,8,6,15,10,6,2,2,3,2,0,0,1,27,4,65,95,3,26,106,159,5,1,3,2,201,45,43,2,3,1,77,4,19,6,8,12,84,28,24,202,1,0,5,11,8,57,4,3,31,26,55,20,78,50,27,52,15,157,160,59,12,27,243,23,408,34,695,30,21667,1976,321,27,33,8088,1425,90,113,3242,9894,86,52,48,6750,89,606,11485,93,481,48,17,21,123,51
0,0,0,2,2,1,0,7,7,6,4,18,5,9,2,1,1,3,1,179,4,28,62,5,38,43,134,2,0,13,1,44,47,29,5,6,2,76,5,22,5,5,12,40,64,10,67,2,0,4,9,12,61,8,25,20,86,113,42,199,198,87,464,64,156,272,53,34,84,749,111,2300,145,6507,56,1976,15800,960,26,38,1816,1387,122,98,1271,1138,621,158,82,2296,506,7647,9439,134,1344,257,15,36,236,173
0,0,1,0,0,0,1,0,0,2,0,1,0,1,0,0,0,0,0,3,0,6,4,0,1,2,6,694,2,0,0,13,1,107,2,4,2,4,1,75,1,1,0,14,1,24,126,0,0,0,20,13,15,17,5,9,5,8,2,12,32,10,14,5,63,69,6,7,11,23,11,2598,1,72,12,321,960,39167,963,7,428,71,202,7,84,13203,73,16,13,118,36,13573,578,17462,1407,26,32,236,109,24
7,3,5,12,9,4,11,0,0,8,0,0,2,37,10,11,0,0,1,1,4,13,0,0,1,0,0,1,2,19,1,1,1,0,8,14,4,1,15,2,11,9,24,0,0,0,6,8,3,0,1046,527,342,513,170,162,24,5,4,12,202,20,18,11,5209,679,54,9,39,31,21,1920,10,28,28,27,26,963,105178,10,47,52,19407,137,46,172,105,111,220,15,54,123,68,450,122,45,14574,14123,1428,138
0,1,1,3,1,0,0,0,3,9,0,1,3,12,2,2,1,0,3,3,5,8,1,0,0,0,2,0,1,10,2,1,3,0,0,0,1,0,2,0,2,6,7,1,1,0,1,1,1,4,16,16,272,1,7,82,1209,1246,3904,640,162,125,362,1050,115,502,8394,5868,3565,541,1994,164,342,67,7230,33,38,7,10,18503,60,660,39,7985,220,19,407,589,1555,88,107,5,71,2,69,20,7,8,69,60
1,1,0,0,0,0,0,3,7,10,3,7,0,8,0,3,1,0,1,18,3,42,61,0,15,103,110,4,1,8,1,196,25,59,4,4,3,41,6,22,3,6,7,100,12,28,238,1,0,1,10,20,67,3,9,36,34,82,24,126,118,55,135,49,248,335,69,27,47,323,82,2177,44,673,85,8088,1816,428,47,60,19733,3645,159,144,3127,6375,93,65,97,1618,80,932,6560,936,6734,46,46,36,225,150
0,0,2,5,0,0,3,35,53,13,2,29,46,6,2,5,0,0,7,198,7,29,43,4,64,17,35,1,2,7,5,23,105,4,5,7,17,54,6,3,7,4,12,26,66,3,28,1,0,2,16,30,222,5,23,50,2393,775,436,1135,291,535,5856,6461,512,1096,241,615,264,4076,613,4313,275,3233,581,1425,1387,71,52,660,3645,22173,253,682,10437,306,195,153,533,1967,101,78,2278,64,5116,55,47,29,342,343
11,9,12,21,9,1,17,1,7,22,1,2,2,99,14,15,0,0,4,6,4,40,2,2,1,1,0,0,10,59,5,8,5,0,27,40,7,0,24,1,36,27,55,0,5,4,6,6,5,13,566,804,649,545,135,335,98,11,13,42,507,54,94,54,14429,4995,157,34,115,84,136,1556,42,78,176,90,122,202,19407,39,159,253,53028,634,135,116,388,336,1429,63,164,66,191,178,145,89,4624,5037,17103,1402
25,16,19,49,14,3,18,4,7,45,1,3,3,143,21,24,0,2,3,11,9,59,5,6,4,5,3,2,10,69,9,7,13,0,78,57,11,2,46,0,47,41,87,1,7,1,4,19,20,18,56,59,804,12,67,221,827,290,408,317,400,122,227,337,1644,7874,7348,342,1954,681,176,344,155,127,3299,113,98,7,137,7985,144,682,634,21188,453,52,730,1516,5854,214,468,14,152,4,117,382,144,70,572,404
0,1,0,4,0,0,2,11,16,6,6,21,14,7,2,3,2,0,1,163,1,24,38,3,52,3,21,0,1,12,1,21,74,2,7,4,7,49,4,4,4,3,15,15,48,5,21,1,2,3,16,21,259,3,12,58,147,362,129,265,47,36,305,137,385,525,261,66,118,2695,35,552,53,1294,133,3242,1271,84,46,220,3127,10437,135,453,5813,345,63,118,155,1993,52,102,895,30,626,29,31,16,133,62
0,0,1,0,0,0,0,2,1,2,3,5,2,7,1,0,0,0,0,9,3,65,38,2,5,65,62,52,11,4,0,197,12,577,2,0,1,13,3,271,13,5,6,199,6,163,1047,2,0,2,11,7,35,8,6,10,7,32,10,37,45,24,42,6,99,104,21,7,15,85,24,1613,25,368,21,9894,1138,13203,172,19,6375,306,116,52,345,40256,86,19,25,990,72,8024,11001,8444,8276,31,22,90,100,60
5,3,4,7,0,0,4,28,323,88,8,35,12,23,8,8,18,8,62,14,71,36,2,62,18,2,4,2,0,29,5,2,9,1,14,40,277,1,15,0,32,41,60,1,4,1,2,9,3,18,38,52,193,19,117,101,159,905,339,1871,989,365,275,325,414,568,248,717,1524,334,1362,599,9843,808,1108,86,621,73,105,407,93,195,388,730,63,86,5810,2625,993,112,4445,330,285,16,95,1456,91,182,955,649
64,60,77,195,39,10,115,5,9,55,3,4,3,316,71,70,1,1,3,2,14,108,1,12,2,4,8,1,18,121,19,10,8,1,121,77,25,1,69,0,79,58,114,3,2,1,0,77,22,24,275,332,1538,167,1088,2391,130,101,109,494,717,135,88,68,1120,777,2991,99,4665,286,226,423,2388,406,480,52,158,16,111,589,65,153,336,1516,118,19,2625,16196,729,143,9240,38,193,4,53,3528,141,128,707,266
3,1,3,11,3,1,4,5,10,38,5,4,0,47,6,6,0,0,5,7,10,35,1,2,1,2,3,0,2,47,1,5,5,0,20,26,5,1,16,0,20,36,55,1,2,0,4,2,5,10,30,39,345,13,14,79,207,114,182,184,430,142,276,305,1484,7227,567,516,665,159,1017,327,174,89,3946,48,82,13,220,1555,97,533,1429,5854,155,25,993,729,15331,55,369,10,144,7,126,59,144,126,2055,6176
0,1,1,2,0,2,1,12,10,30,12,40,11,16,2,4,5,0,1,196,7,81,119,2,89,47,117,1,2,11,4,99,160,16,6,9,1,124,2,9,1,8,9,89,79,17,99,2,2,10,15,23,121,4,15,41,54,221,37,377,70,49,163,35,130,216,170,29,190,5086,57,1021,142,1908,58,6750,2296,118,15,88,1618,1967,63,214,1993,990,112,143,55,28418,102,220,17704,39,870,56,18,12,92,71
25,11,15,48,14,5,19,0,2,30,1,1,1,139,20,16,1,0,0,2,1,48,0,8,1,0,4,0,8,57,4,3,4,2,54,40,7,1,43,0,28,27,60,0,0,2,3,22,16,8,67,65,299,27,258,174,38,17,27,213,310,57,53,16,362,318,205,45,850,83,128,256,2467,693,265,89,506,36,54,107,80,101,164,468,52,72,4445,9240,369,102,10377,196,348,5,93,7490,68,47,331,163
2,0,0,0,0,0,1,0,0,4,4,1,0,2,1,0,0,0,0,6,1,34,27,0,6,40,60,127,7,7,0,100,4,822,0,2,5,5,3,608,21,5,4,153,5,178,949,2,0,1,7,3,14,3,19,11,4,11,1,25,34,15,14,5,44,43,9,4,11,24,14,850,23,627,7,606,7647,13573,123,5,932,78,66,14,102,8024,330,38,10,220,196,45637,9837,1828,1603,118,10,46,65,29
0,0,0,3,0,0,0,2,1,11,3,7,2,5,2,1,0,0,0,28,2,47,44,1,10,84,52,11,4,8,0,136,31,87,2,3,2,41,3,39,5,6,4,91,24,33,247,0,1,8,17,17,71,6,41,23,70,184,65,480,356,179,466,84,202,366,62,66,176,1460,200,4921,334,5270,118,11485,9439,578,68,71,6560,2278,191,152,895,11001,285,193,144,17704,348,9837,54451,426,3484,191,34,51,394,257
0,1,0,0,0,0,0,0,0,1,1,0,0,1,0,0,0,0,0,1,0,3,7,1,0,9,3,7,1,1,0,20,0,68,0,0,0,1,0,28,1,0,1,21,0,15,117,1,0,1,20,18,5,27,5,6,4,3,1,7,24,18,29,3,54,24,3,3,2,10,6,7466,2,39,7,93,134,17462,450,2,936,64,178,4,30,8444,16,4,7,39,5,1828,426,9348,5444,4,19,250,122,9
0,0,0,0,0,0,0,5,6,11,10,7,8,2,1,1,0,0,0,40,2,37,59,5,20,62,79,7,4,6,1,106,45,99,0,4,1,58,2,38,4,4,4,70,39,43,303,0,0,6,9,9,42,9,9,11,37,76,56,163,168,235,634,102,145,230,45,67,42,390,161,10402,64,974,127,481,1344,1407,122,69,6734,5116,145,117,626,8276,95,53,126,870,93,1603,3484,5444,11829,50,12,83,159,158
40,69,37,171,25,39,187,0,3,11,0,0,0,135,44,57,0,0,0,1,0,5,0,4,1,1,4,2,2,19,1,4,1,1,94,11,5,0,15,2,4,5,12,3,0,0,2,171,8,2,255,267,742,304,8675,1172,17,5,4,46,101,12,25,10,685,340,227,7,105,44,19,129,194,334,15,48,257,26,45,20,46,55,89,382,29,31,1456,3528,59,56,7490,118,191,4,50,8796,219,24,133,23
9,12,7,29,5,1,21,1,1,4,1,0,0,60,5,9,0,0,0,2,2,9,0,0,0,0,1,0,3,11,5,0,1,0,20,11,1,0,14,2,15,11,29,1,0,0,2,14,6,3,8060,860,613,830,2581,234,43,4,4,7,79,7,11,5,10319,606,96,4,34,25,10,161,6,16,19,17,15,32,14574,7,46,47,4624,144,31,22,91,141,144,18,68,10,34,19,12,219,35103,327,305,57
2,2,2,7,4,1,3,1,2,11,0,1,0,30,5,6,0,0,0,2,2,17,1,1,0,1,0,0,2,12,0,0,2,0,16,8,3,0,6,0,8,7,20,3,0,0,1,0,5,3,256,287,139,238,61,118,11,6,8,17,17428,36,15,10,587,283,65,11,69,14,76,4450,21,22,28,21,36,236,14123,8,36,29,5037,70,16,90,182,128,126,12,47,46,51,250,83,24,327,42737,9426,259
17,8,11,24,12,3,12,4,20,56,8,4,3,98,20,17,0,0,6,8,19,69,7,10,7,4,12,0,7,83,5,6,10,1,46,51,7,0,47,2,39,50,82,0,6,2,3,6,10,19,289,669,850,270,100,651,66,19,34,88,16508,414,366,121,2316,4120,442,97,403,91,964,3030,149,156,406,123,236,109,1428,69,225,342,17103,572,133,100,955,707,2055,92,331,65,394,122,159,133,305,9426,37660,10835
0,1,2,2,0,1,1,0,2,22,4,4,0,10,2,0,1,0,6,4,8,11,3,0,2,3,7,0,1,26,0,8,2,2,4,8,2,4,5,0,11,16,27,1,1,0,3,1,2,4,36,51,158,15,9,85,38,18,30,121,3752,373,400,133,699,8404,111,208,226,56,4992,587,132,125,2572,51,173,24,138,60,150,343,1402,404,62,60,649,266,6176,71,163,29,257,9,158,23,57,259,10835,15162
