33483,11294,12144,2234,14492,9381,937,0,1,112,18,0,0,24656,1895,303,0,1,1,5,1,22,0,0,0,0,0,0,29,64,93,0,0,0,2,9,21,1,24,0,9,157,57,0,0,0,0,216,260,78,2,0,2,53,0,0,0,0,0,0,0,0,0,0,2,0,5,0,1,0,1,0,0,0,0,0,0,0,0,5,0,0,0,1,0,0,3,2,0,0,3,0,0,0,0,1,1,0,3,1
11294,7889,3085,9137,1510,3421,1741,0,0,122,14,0,0,4097,3041,713,0,0,0,2,0,18,0,0,0,0,0,0,11,18,29,0,0,0,8,2,7,0,22,0,14,109,19,0,0,0,0,191,53,10,0,0,0,9,0,0,0,0,0,0,1,1,0,0,0,3,3,0,0,0,0,0,0,0,0,0,0,0,0,0,0,0,0,0,0,0,5,0,0,0,0,0,0,0,0,0,0,0,0,0
12144,3085,16783,2701,4037,6519,1536,0,0,39,2,0,0,529,271,103,0,0,0,1,0,1,0,0,0,0,0,0,4,11,8,0,0,0,1,0,1,0,4,0,2,30,4,0,0,0,0,25,18,4,22,1406,14,2046,2,3,0,0,0,0,0,0,0,0,8,1,2,0,0,0,0,0,0,0,0,0,0,0,0,0,0,0,0,0,0,0,0,1,0,0,0,0,0,0,0,0,1,0,1,0
2234,9137,2701,38121,1329,7192,18443,0,1,1428,116,0,0,1845,16751,14381,0,2,1,8,0,69,0,3,0,1,2,0,45,69,157,0,0,0,270,19,35,0,139,0,46,659,1413,0,0,0,0,821,74,83,2,1,10,3,11,12,0,0,0,0,2,0,0,0,7,18,69,0,7,0,0,3,1,0,0,0,0,0,1,8,0,0,0,7,0,0,23,72,3,0,5,0,0,0,0,12,1,0,3,0
14492,1510,4037,1329,27706,32697,363,1,1,291,39,0,0,12695,1478,321,0,11,1,24,1,97,0,3,0,2,0,0,124,424,224,1,0,0,17,20,55,2,190,0,50,625,165,1,0,0,0,1520,4978,323,3,0,9,165,2,1,0,0,0,0,5,3,0,0,7,7,14,0,2,0,2,3,0,0,0,0,0,0,0,7,0,0,3,2,0,0,17,11,2,0,3,0,0,0,0,6,0,0,7,0
9381,3421,6519,7192,32697,24020,14968,0,2,245,18,0,0,4302,2469,1155,0,2,0,6,0,58,0,4,0,0,0,0,55,129,165,1,0,0,110,64,91,0,705,0,36,426,101,2,0,0,0,4459,2804,92,12,9,1,1940,2,0,0,0,0,0,1,0,0,0,3,7,13,0,1,0,0,1,1,0,0,0,0,0,3,5,0,0,0,1,0,0,16,20,2,0,11,0,0,0,0,10,0,0,1,1
937,1741,1536,18443,363,14968,24135,1,6,1115,202,0,1,734,1131,7598,0,7,1,6,0,77,0,11,0,0,0,0,28,52,83,0,0,0,2728,89,101,0,816,0,30,408,58,1,0,0,0,1363,35,85,8,6,67,22,68,197,0,0,0,1,3,0,0,0,16,57,241,0,23,0,0,3,0,0,0,0,0,1,2,11,0,0,2,16,0,0,101,380,2,0,61,0,0,0,0,72,1,0,11,1
0,0,0,0,1,0,1,23370,2083,178,1403,408,4304,8,1,734,1046,13565,479,15256,119,404,256,3469,125,517,190,5,2,2,201,587,643,19,2,19,754,582,22,10,6,16,2,186,1084,11,80,1,0,12,0,0,0,0,0,0,0,7,0,6,1,5,4,2,0,0,0,16,0,2,5,7,2,2,0,3,2,0,0,2,2,5,0,0,7,0,142,0,0,1,0,0,2,0,1,0,0,0,0,0
1,0,0,1,1,2,6,2083,64050,115,927,224,788,5,5,892,184,512,4361,12354,76,206,208,14726,6081,78,5217,7,5,4,121,113,319,45,26,740,3611,109,526,19,10,33,18,442,96,3,62,15,0,13,0,0,0,0,0,0,4,7,0,11,3,8,2,7,1,4,0,20,1,4,4,4,1,1,1,8,5,0,1,1,2,8,1,0,3,0,67,0,1,4,0,2,5,0,1,0,0,1,3,0
112,122,39,1428,291,245,1115,178,115,27910,1219,16,117,1515,958,3104,27,1304,554,134,614,1993,28,646,12,251,50,3,286,625,2629,803,75,33,268,489,1621,74,1490,1,20653,30570,2355,30,116,5,145,1349,231,5044,9,2,24,2,13,3,0,2,0,8,37,5,1,0,58,77,62,8,44,1,4,38,8,2,6,2,0,2,27,108,2,2,33,41,1,1,91,67,19,1,30,0,1,0,0,15,19,2,108,2
18,14,2,116,39,18,202,1403,927,1219,3785,4206,6428,187,305,2154,2812,1979,787,740,535,2107,1862,2547,32,73,231,16,56,63,3880,737,1902,56,258,494,1660,76,1562,16,105,165,1231,193,107,168,637,547,39,201,3,1,9,0,1,2,1,3,1,4,12,2,1,4,14,9,14,6,7,3,3,31,3,1,1,9,5,2,13,42,4,5,11,4,7,4,69,10,7,4,6,1,12,0,5,7,3,0,45,0
0,0,0,0,0,0,0,408,224,16,4206,18770,21551,3,0,93,9925,2616,109,107,4716,172,3160,753,15,134,89,5,0,0,212,634,12370,10,4,49,168,57,157,1,0,1,33,68,260,56,335,4,0,2,0,0,0,0,0,0,0,0,0,0,2,1,1,0,0,0,0,3,0,1,1,1,0,1,0,4,2,0,0,1,3,5,0,0,1,3,16,0,0,4,0,0,6,0,2,0,0,0,1,0
0,0,0,0,0,0,1,4304,788,117,6428,21551,13436,6,2,18,17804,4909,31,2856,400,430,3830,824,43,85,240,3,0,5,24,301,19138,18,1,9,785,112,21,11,0,16,9,111,1128,110,367,2,0,8,0,0,1,0,0,0,2,8,0,10,2,6,2,7,0,0,0,17,0,3,2,6,1,0,0,8,6,0,0,2,3,7,0,0,4,0,150,1,0,2,0,2,2,1,3,0,0,0,0,0
24656,4097,529,1845,12695,4302,734,8,5,1515,187,3,6,97652,11748,851,0,199,26,188,3,778,2,43,0,20,4,1,2636,24725,1642,32,3,3,44,106,282,3,372,0,1262,13351,1083,2,1,0,3,535,17129,8090,4,1,26,17,15,5,0,1,0,0,13,2,1,0,33,57,49,0,16,1,2,17,2,0,3,0,0,2,9,51,0,0,11,20,0,0,64,50,10,0,14,0,0,0,0,10,5,2,36,2
1895,3041,271,16751,1478,2469,1131,1,5,958,305,0,2,11748,17303,9410,0,44,5,69,10,147,0,13,0,4,3,0,176,782,2315,5,3,0,121,109,143,2,342,0,123,2288,16895,0,1,0,1,802,320,13572,7,2,57,18,21,7,0,0,0,0,19,1,0,0,45,65,101,0,10,0,5,6,1,1,4,0,0,0,5,38,0,0,11,21,0,0,78,96,7,0,20,0,0,0,0,15,8,0,34,3
303,713,103,14381,321,1155,7598,734,892,3104,2154,93,18,851,9410,29517,31,973,8479,1281,175,118,39,848,86,33,161,5,50,92,12184,42,9,44,6805,14893,1759,243,9459,3,53,498,11207,192,26,4,17,3387,71,334,52,25,369,24,154,82,1,0,0,3,40,10,0,0,192,449,958,2,94,1,15,22,14,1,6,0,4,4,20,171,1,7,29,105,4,1,384,1099,41,2,220,0,2,1,0,274,12,1,80,9
0,0,0,0,0,0,0,1046,184,27,2812,9925,17804,0,0,31,7783,2804,55,62,16046,93,617,730,2,40,29,1,0,0,954,227,555,1,2,17,143,9,63,3,1,4,197,30,100,24,121,1,0,24,0,0,0,0,0,0,1,0,0,1,1,1,1,0,0,0,0,4,0,1,1,3,0,0,0,0,1,0,0,1,2,3,0,0,2,0,13,0,0,0,0,0,2,0,1,0,1,0,0,0
1,0,0,2,11,2,7,13565,512,1304,1979,2616,4909,199,44,973,2804,2338,1618,3872,3640,190,218,2583,7,223,59,0,17,55,910,455,216,30,10,74,669,104,274,2,7,422,367,33,106,9,90,8,18,830,0,0,0,0,0,0,0,0,0,2,1,3,1,0,0,0,1,7,2,0,0,3,3,0,0,3,1,1,2,3,0,0,1,0,2,1,18,0,0,0,0,0,3,1,0,0,1,1,3,0
1,0,0,1,1,0,1,479,4361,554,787,109,31,26,5,8479,55,1618,16262,252,96,90,10,1879,16,4,37,1,9,4,3340,2,6,3,6,5026,883,20,593,0,15,81,22,32,3,0,6,10,2,10,0,0,0,0,0,0,0,0,0,1,7,2,0,0,5,7,4,0,1,1,0,6,0,0,0,0,0,0,2,17,0,0,2,1,0,0,15,1,1,0,1,0,0,1,1,0,0,2,9,0
5,2,1,8,24,6,6,15256,12354,134,740,107,2856,188,69,1281,62,3872,252,30949,35,1147,2188,662,5069,713,6546,36,22,46,834,655,4389,166,6,43,1382,9362,49,70,10,161,21,2579,6767,83,302,14,12,249,0,0,1,0,0,0,5,4,0,9,0,4,5,5,3,0,1,13,0,80,6,22,10,34,0,22,60,3,0,1,6,158,0,0,93,5,81,0,0,33,0,1,36,0,12,0,0,0,0,2
1,0,0,0,1,0,0,119,76,614,535,4716,400,3,10,175,16046,3640,96,35,21496,14,72,676,3,80,10,0,0,1,13821,210,84,5,8,94,586,17,778,0,4,232,11362,8,82,6,42,2,0,3196,0,0,3,0,0,1,0,0,0,0,1,0,0,0,3,3,6,0,1,0,0,4,2,0,0,0,0,0,0,8,0,0,2,1,0,0,24,8,2,0,1,0,0,0,0,0,0,0,9,0
22,18,1,69,97,58,77,404,206,1993,2107,172,430,778,147,118,93,190,90,1147,14,18015,2985,208,32,69,278,5393,6123,1612,148,158,234,563,13,60,249,121,165,807,29628,1918,51,371,44,3196,789,115,336,128,1,1,4,1,1,0,1,1,0,2,10,0,1,1,5,7,10,0,3,2,0,18,1,1,0,6,3,50,2,18,5,10,3,3,5,24,16,6,8,0,3,26,12,17,7,0,0,0,16,0
0,0,0,0,0,0,0,256,208,28,1862,3160,3830,2,0,39,617,218,10,2188,72,2985,9113,98,346,635,2431,478,4,1,10,2540,17211,703,0,9,32,1112,24,549,1,4,3,3329,450,4072,7767,2,0,1,0,0,0,0,0,0,0,4,0,7,1,3,5,0,0,0,0,2,1,32,0,74,3,21,0,143,52,20,0,0,69,109,0,0,104,70,5,0,0,78,0,42,105,35,67,0,1,0,0,1
0,0,0,3,3,4,11,3469,14726,646,2547,753,824,43,13,848,730,2583,1879,662,676,208,98,6351,151,15,701,6,24,22,544,50,128,15,69,8846,14446,38,9383,12,19,120,93,101,32,7,25,47,7,88,0,0,2,0,0,1,2,7,0,12,7,13,5,5,3,4,5,26,1,1,8,16,2,1,0,1,4,0,2,4,0,1,1,3,0,0,174,7,0,0,2,3,0,0,0,0,0,0,12,0
0,0,0,0,0,0,0,125,6081,12,32,15,43,0,0,86,2,7,16,5069,3,32,346,151,10259,32,8179,2,0,0,1,152,301,24,2,29,79,538,36,6,1,1,0,2364,1490,7,39,1,0,1,0,0,0,0,0,0,0,0,0,1,0,2,2,0,0,0,0,0,0,17,0,5,1,5,0,6,15,0,0,1,3,39,0,1,27,0,5,0,0,15,0,0,9,1,6,0,0,0,0,1
0,0,0,1,2,0,0,517,78,251,73,134,85,20,4,33,40,223,4,713,80,69,635,15,32,16827,2625,93,4,8,4,11916,57,6305,2,14,12,10038,9,209,1,53,7,10656,4907,86,1181,2,0,71,0,0,1,0,0,0,0,3,0,4,7,5,5,0,1,0,0,2,1,5,5,130,0,5,0,312,122,19,0,1,326,27,0,0,12,98,1,0,0,32,1,54,436,29,247,0,0,0,2,4
0,0,0,2,0,0,0,190,5217,50,231,89,240,4,3,161,29,59,37,6546,10,278,2431,701,8179,2625,24132,425,10,1,16,3933,1410,920,10,63,558,5524,81,4426,2,5,3,15292,4090,184,1534,7,1,5,0,0,0,0,1,0,0,3,0,8,8,6,3,4,1,0,0,3,0,7,2,111,0,6,0,212,87,16,0,0,131,45,0,0,42,49,10,0,1,46,1,25,238,13,82,0,1,0,12,3
0,0,0,0,0,0,0,5,7,3,16,5,3,1,0,5,1,0,1,36,0,5393,478,6,2,93,425,60620,1295,4,0,89,17,3421,0,3,13,18,1,20324,42,1,0,351,3,12675,2051,0,2,1,0,0,0,0,0,0,0,0,0,0,4,3,0,0,1,0,0,0,0,0,2,15,1,2,0,6,21,1098,8,0,13,2,0,0,1,144,2,0,0,0,0,209,38,102,33,0,0,1,3,1
29,11,4,45,124,55,28,2,5,286,56,0,0,2636,176,50,0,17,9,22,0,6123,4,24,0,4,10,1295,109637,14243,108,4,1,10,1,9,72,1,41,103,33986,2545,66,2,0,215,8,36,6910,246,1,0,1,0,0,0,0,0,0,0,3,4,0,0,1,3,3,0,3,0,0,1,0,0,0,0,0,4,2,5,0,0,3,1,0,0,12,1,0,0,1,1,0,0,0,2,0,1,6,1
64,18,11,69,424,129,52,2,4,625,63,0,5,24725,782,92,0,55,4,46,1,1612,1,22,0,8,1,4,14243,51386,267,3,1,0,8,14,74,3,82,2,10984,22185,151,0,1,1,0,80,3061,3292,0,2,4,0,0,0,0,0,0,0,3,1,0,0,4,9,5,1,0,0,0,4,0,0,1,0,0,0,0,7,0,0,2,1,0,0,12,6,0,0,1,0,0,0,0,0,0,0,7,1
93,29,8,157,224,165,83,201,121,2629,3880,212,24,1642,2315,12184,954,910,3340,834,13821,148,10,544,1,4,16,0,108,267,24463,14,8,5,512,720,1335,22,2597,1,60,1385,35188,7,7,0,5,893,92,4916,15,7,114,6,51,15,0,0,0,3,27,2,0,0,78,166,195,0,40,3,9,26,3,0,5,0,0,1,13,87,0,1,21,50,0,0,127,178,20,0,39,0,0,2,0,55,11,0,72,6
0,0,0,0,1,1,0,587,113,803,737,634,301,32,5,42,227,455,2,655,210,158,2540,50,152,11916,3933,89,4,3,14,31765,2429,3085,1,10,36,2030,8,643,2,72,2,3468,8943,654,21708,0,2,64,0,0,0,0,0,0,0,0,0,9,3,5,5,1,0,0,1,2,1,11,6,203,4,8,0,394,97,65,0,1,351,76,0,0,70,256,1,0,0,101,1,134,511,89,327,0,0,0,7,5
0,0,0,0,0,0,0,643,319,75,1902,12370,19138,3,3,9,555,216,6,4389,84,234,17211,128,301,57,1410,17,1,1,8,2429,10067,21,0,4,341,208,4,11,1,9,2,462,908,195,7769,0,0,10,0,0,0,0,0,0,2,2,0,6,0,2,3,2,0,0,0,4,0,36,1,20,2,17,0,34,24,1,0,0,4,127,0,0,68,7,19,0,0,41,0,7,25,2,13,0,0,0,0,0
0,0,0,0,0,0,0,19,45,33,56,10,18,3,0,44,1,30,3,166,5,563,703,15,24,6305,920,3421,10,0,5,3085,21,38423,0,7,6,240,9,7006,1,7,1,7757,16,1405,10620,1,0,4,0,0,0,0,0,0,1,0,0,3,2,2,0,0,0,0,0,1,0,2,2,110,0,1,0,53,51,582,3,0,148,8,1,0,1,611,0,0,0,6,0,621,333,366,235,0,0,0,2,2
2,8,1,270,17,110,2728,2,26,268,258,4,1,44,121,6805,2,10,6,6,8,13,0,69,2,2,10,0,1,8,512,1,0,0,4124,4858,204,2,18136,0,7,62,33,1,0,0,0,3829,16,28,3,5,26,1,10,18,0,0,0,0,2,0,0,0,8,24,94,0,15,0,2,1,1,0,0,0,0,0,0,15,0,0,1,10,0,0,61,125,2,0,34,0,0,0,0,35,1,0,6,1
9,2,0,19,20,64,89,19,740,489,494,49,9,106,109,14893,17,74,5026,43,94,60,9,8846,29,14,63,3,9,14,720,10,4,7,4858,12298,733,24,8987,1,8,139,221,29,0,0,4,787,11,81,2,2,14,1,6,3,0,0,0,1,8,2,0,0,15,10,48,0,9,1,0,4,2,0,0,1,1,0,3,26,0,0,5,4,0,0,62,37,6,0,10,0,0,0,0,10,2,0,22,2
21,7,1,35,55,91,101,754,3611,1621,1660,168,785,282,143,1759,143,669,883,1382,586,249,32,14446,79,12,558,13,72,74,1335,36,341,6,204,733,2066,13,9296,18,93,395,694,22,41,2,13,999,65,149,7,6,39,1,22,7,1,2,0,3,14,4,0,2,40,77,177,11,37,3,11,13,4,0,0,0,17,2,3,52,1,1,15,19,1,0,450,163,14,2,60,0,0,0,0,129,5,0,30,2
1,0,0,0,2,0,0,582,109,74,76,57,112,3,2,243,9,104,20,9362,17,121,1112,38,538,10038,5524,18,1,3,22,2030,208,240,2,24,13,13369,29,21,2,37,2,14374,6608,30,328,2,1,35,0,0,0,0,0,0,0,0,0,6,0,1,3,2,0,0,1,0,1,8,0,76,4,5,0,168,33,1,1,0,37,82,1,0,74,14,0,0,0,94,1,5,49,3,51,0,0,0,2,2
24,22,4,139,190,705,816,22,526,1490,1562,157,21,372,342,9459,63,274,593,49,778,165,24,9383,36,9,81,1,41,82,2597,8,4,9,18136,8987,9296,29,31924,5,41,497,951,39,7,2,2,13227,228,400,16,2,74,1,33,17,0,0,0,3,24,3,0,0,47,61,246,0,29,0,2,14,2,2,1,0,0,0,8,68,0,2,6,28,0,0,343,264,10,0,100,0,0,0,0,184,4,0,52,3
0,0,0,0,0,0,0,10,19,1,16,1,11,0,0,3,3,2,0,70,0,807,549,12,6,209,4426,20324,103,2,1,643,11,7006,0,1,18,21,5,37843,4,0,0,12940,8,1138,2900,1,0,1,0,0,0,0,0,0,0,1,0,2,1,1,2,0,0,0,0,2,1,1,1,37,2,1,0,22,26,938,2,0,41,3,1,0,0,414,0,0,0,2,0,435,133,295,102,0,0,0,3,1
9,14,2,46,50,36,30,6,10,20653,105,0,0,1262,123,53,1,7,15,10,4,29628,1,19,1,1,2,42,33986,10984,60,2,1,1,7,8,93,2,41,4,71469,7366,43,1,1,8,0,69,353,148,0,0,0,1,2,0,0,0,0,2,4,0,0,0,5,5,2,0,5,0,2,5,0,0,0,0,0,0,6,6,0,0,0,0,0,0,9,2,0,1,1,0,0,0,0,1,0,0,4,0
157,109,30,659,625,426,408,16,33,30570,165,1,16,13351,2288,498,4,422,81,161,232,1918,4,120,1,53,5,1,2545,22185,1385,72,9,7,62,139,395,37,497,0,7366,28395,782,6,6,0,14,606,1515,14415,4,3,19,1,9,2,1,0,0,1,15,7,0,0,24,40,36,2,19,1,6,16,2,0,6,0,0,0,6,51,0,0,10,15,0,0,35,22,15,0,9,0,3,0,0,10,9,1,41,3
57,19,4,1413,165,101,58,2,18,2355,1231,33,9,1083,16895,11207,197,367,22,21,11362,51,3,93,0,7,3,0,66,151,35188,2,2,1,33,221,694,2,951,0,43,782,56431,3,3,0,0,159,71,5069,18,3,73,4,31,11,1,0,0,2,29,4,0,0,61,107,224,3,32,0,3,20,5,0,1,0,0,0,10,63,0,0,17,35,0,0,190,183,9,0,32,0,0,0,0,24,8,2,83,4
0,0,0,0,1,2,1,186,442,30,193,68,111,2,0,192,30,33,32,2579,8,371,3329,101,2364,10656,15292,351,2,0,7,3468,462,7757,1,29,22,14374,39,12940,1,6,3,60315,1183,571,2184,2,0,3,0,0,0,0,0,0,0,0,0,2,9,5,2,0,1,0,0,6,2,10,7,216,1,3,0,322,111,93,1,1,320,49,0,0,24,283,0,0,0,45,2,202,486,112,306,0,0,0,6,3
0,0,0,0,0,0,0,1084,96,116,107,260,1128,1,1,26,100,106,3,6767,82,44,450,32,1490,4907,4090,3,0,1,7,8943,908,16,0,0,41,6608,7,8,1,6,3,1183,15937,12,127,0,0,6,0,0,0,0,0,0,0,2,0,7,1,2,9,1,2,1,0,3,1,80,2,60,10,55,0,64,78,1,0,0,15,296,1,0,297,2,5,2,0,135,0,2,59,4,23,0,0,0,2,7
0,0,0,0,0,0,0,11,3,5,168,56,110,0,0,4,24,9,0,83,6,3196,4072,7,7,86,184,12675,215,1,0,654,195,1405,0,0,2,30,2,1138,8,0,0,571,12,14545,9590,0,0,0,0,0,0,0,0,0,0,0,0,1,0,0,0,0,0,0,0,0,0,0,0,7,1,0,0,9,3,287,0,0,18,2,0,0,3,111,0,0,0,2,0,117,30,82,20,0,0,2,0,0
0,0,0,0,0,0,0,80,62,145,637,335,367,3,1,17,121,90,6,302,42,789,7767,25,39,1181,1534,2051,8,0,5,21708,7769,10620,0,4,13,328,2,2900,0,14,0,2184,127,9590,33555,0,1,12,0,0,0,0,0,0,0,3,0,1,6,5,3,1,0,2,0,1,0,7,0,146,0,2,0,187,65,631,4,0,196,34,0,0,19,660,0,0,0,40,1,586,359,372,263,0,0,1,5,0
216,191,25,821,1520,4459,1363,1,15,1349,547,4,2,535,802,3387,1,8,10,14,2,115,2,47,1,2,7,0,36,80,893,0,0,1,3829,787,999,2,13227,1,69,606,159,2,0,0,0,10489,1471,119,4,3,30,1,26,10,0,0,0,0,8,1,0,0,28,38,178,0,17,0,0,6,1,1,0,0,0,0,3,25,0,0,4,12,0,0,220,187,8,0,72,0,0,0,0,120,1,0,13,0
260,53,18,74,4978,2804,35,0,0,231,39,0,0,17129,320,71,0,18,2,12,0,336,0,7,0,0,1,2,6910,3061,92,2,0,0,16,11,65,1,228,0,353,1515,71,0,0,0,1,1471,18061,273,0,0,3,0,2,0,0,0,0,0,2,0,0,0,5,4,2,0,1,0,0,1,0,0,0,0,0,0,1,5,0,0,0,0,0,0,14,8,2,0,6,0,0,0,0,9,0,0,2,1
78,10,4,83,323,92,85,12,13,5044,201,2,8,8090,13572,334,24,830,10,249,3196,128,1,88,1,71,5,1,246,3292,4916,64,10,4,28,81,149,35,400,1,148,14415,5069,3,6,0,12,119,273,26658,1,1,9,1,2,1,0,0,0,1,10,1,0,0,12,11,17,1,6,0,1,8,0,0,0,0,0,0,2,12,0,0,2,6,1,0,31,11,2,0,3,0,0,0,0,0,1,0,24,1
2,0,22,2,3,12,8,0,0,9,3,0,0,4,7,52,0,0,0,0,0,1,0,0,0,0,0,0,1,0,15,0,0,0,3,2,7,0,16,0,0,4,18,0,0,0,0,4,0,1,49783,22451,5850,17611,21019,523,0,3,0,2,151,16,0,0,28964,516,234,0,45,18,4,62,14,1,0,8,1,3,310,257,1,1,941,55,7,0,110,109,34,3,76,1,0,0,1,961,9713,5,426,44
0,0,1406,1,0,9,6,0,0,2,1,0,0,1,2,25,0,0,0,0,0,1,0,0,0,0,0,0,0,2,7,0,0,0,5,2,6,0,2,0,0,3,3,0,0,0,0,3,0,1,22451,53931,11051,22901,4059,5917,0,1,0,0,60,5,0,0,8202,276,125,0,14,2,1,16,1,0,0,4,0,1,20,63,0,0,55,14,0,0,28,84,12,0,31,0,1,1,0,344,138,1,91,12
2,0,14,10,9,1,67,0,0,24,9,0,1,26,57,369,0,0,0,1,3,4,0,2,0,1,0,0,1,4,114,0,0,0,26,14,39,0,74,0,0,19,73,0,0,0,0,30,3,9,5850,11051,39504,6900,9276,19325,1,4,0,4,696,109,0,0,12009,13626,3084,2,146,24,12,85,14,0,0,3,3,4,109,820,1,4,239,404,4,0,174,993,212,4,167,0,3,1,0,1296,272,3,606,218
53,9,2046,3,165,1940,22,0,0,2,0,0,0,17,18,24,0,0,0,0,0,1,0,0,0,0,0,0,0,0,6,0,0,0,1,1,1,0,1,0,1,1,4,0,0,0,0,1,0,1,17611,22901,6900,27271,14482,7916,0,0,0,0,77,4,0,0,1388,117,178,0,16,2,1,22,3,0,0,2,0,1,27,29,0,0,63,8,0,1,18,88,3,1,29,0,0,0,0,533,109,3,168,5
0,0,2,11,2,2,68,0,0,13,1,0,0,15,21,154,0,0,0,0,0,1,0,0,0,0,1,0,0,0,51,0,0,0,10,6,22,0,33,0,2,9,31,0,0,0,0,26,2,2,21019,4059,9276,14482,23293,8620,1,0,0,11,467,85,0,0,2594,277,788,2,144,6,2,123,31,3,0,3,3,2,125,140,0,2,289,26,0,0,170,807,21,2,593,0,1,3,0,4968,6140,4,685,39
0,0,3,12,1,0,197,0,0,3,2,0,0,5,7,82,0,0,0,0,1,0,0,1,0,0,0,0,0,0,15,0,0,0,18,3,7,0,17,0,0,2,11,0,0,0,0,10,0,1,523,5917,19325,7916,8620,46720,0,0,0,2,90,17,0,0,374,72,3959,0,9,1,4,16,3,0,0,1,0,0,13,20,0,0,45,5,0,0,24,861,2,1,33,0,0,0,0,145,24,0,119,6
0,0,0,0,0,0,0,0,4,0,1,0,2,0,0,1,1,0,0,5,0,1,0,2,0,0,0,0,0,0,0,0,2,1,0,0,1,0,0,0,0,1,1,0,0,0,0,0,0,0,0,0,1,0,1,0,2752,1903,16,839,51,114,43,2117,7,19,1,2974,11,4578,47,79,133,25,9,28,203,1,0,73,5,6344,0,2,716,3,897,6,25,25,5,1,9,1,9,0,0,0,67,525
0,0,0,0,0,0,0,7,7,2,3,0,8,1,0,0,0,0,0,4,0,1,4,7,0,3,3,0,0,0,0,0,2,0,0,0,2,0,0,1,0,0,0,0,2,0,3,0,0,0,3,1,4,0,0,0,1903,11599,5368,1796,42,699,200,672,65,70,14,9363,265,8284,87,609,346,11,3,19,42,4,8,1577,13,234,27,5,155,9,2084,5,65,27,3,3,29,15,51,1,8,1,94,807
0,0,0,0,0,0,0,0,0,0,1,0,0,0,0,0,0,0,0,0,0,0,0,0,0,0,0,0,0,0,0,0,0,0,0,0,0,0,0,0,0,0,0,0,0,0,0,0,0,0,0,0,0,0,0,0,16,5368,5053,3086,26,147,7,5,2,1,403,1496,3221,519,36,66,97,2,17,2,2,0,0,2304,1,3,1,1,1,1,432,3,0,4,3,0,2,0,0,0,1,0,4,4
0,0,0,0,0,0,1,6,11,8,4,0,10,0,0,3,1,2,1,9,0,2,7,12,1,4,8,0,0,0,3,9,6,3,0,1,3,6,3,2,2,1,2,2,7,1,1,0,0,1,2,0,4,0,11,2,839,1796,3086,43618,377,1770,665,666,22,10,222,2381,10981,7749,973,1300,8155,8029,50,89,2218,10,25,845,69,391,13,13,31,37,6765,142,14,381,59,25,1256,45,146,14,13,4,173,104
0,1,0,2,5,1,3,1,3,37,12,2,2,13,19,40,1,1,7,0,1,10,1,7,0,7,8,4,3,3,27,3,0,2,2,8,14,0,24,1,4,15,29,9,1,0,6,8,2,10,151,60,696,77,467,90,51,42,26,377,29523,920,433,280,815,1662,1794,440,847,115,3058,1279,545,13,292,150,44,9,181,1826,358,696,170,461,71,179,1603,598,665,62,352,17,90,57,370,115,157,23718,74203,12716
0,1,0,0,3,0,0,5,8,5,2,1,6,2,1,10,1,3,2,4,0,0,3,13,2,5,6,3,4,1,2,5,2,2,0,2,4,1,3,1,0,7,4,5,2,0,5,1,0,1,16,5,109,4,85,17,114,699,147,1770,920,9016,5956,2954,64,147,408,4639,845,611,5368,10700,528,31,35,69,108,18,30,715,84,957,9,17,13,83,1086,225,30,100,142,19,164,105,345,30,20,6,64,63
0,0,0,0,0,0,0,4,2,1,1,1,2,1,0,0,1,1,0,5,0,1,5,5,2,5,3,0,0,0,0,5,3,0,0,0,0,3,0,2,0,0,0,2,9,0,3,0,0,0,0,0,0,0,0,0,43,200,7,665,433,5956,14066,10147,1,1,5,5033,45,539,2410,8256,84,78,12,30,156,2,8,63,9,10450,0,0,9,33,154,0,23,105,3,6,159,74,166,0,0,3,17,37
0,0,0,0,0,0,0,2,7,0,4,0,7,0,0,0,0,0,0,5,0,1,0,5,0,0,4,0,0,0,0,1,2,0,0,0,2,2,0,0,0,0,0,0,1,0,1,0,0,0,0,0,0,0,0,0,2117,672,5,666,280,2954,10147,7855,1,0,2,10818,25,2594,1740,1724,66,47,5,15,319,5,5,29,13,12983,0,1,8,13,393,4,7,22,1,5,42,13,115,0,0,0,76,136
2,0,8,7,7,3,16,0,1,58,14,0,0,33,45,192,0,0,5,3,3,5,0,3,0,1,1,1,1,4,78,0,0,0,8,15,40,0,47,0,5,24,61,1,2,0,0,28,5,12,28964,8202,12009,1388,2594,374,7,65,2,22,815,64,1,1,61408,23706,732,15,236,503,9,330,88,2,6,211,14,26,2160,2649,24,42,14806,793,144,14,676,346,1189,116,191,2,9,15,10,482,11629,34,4626,2574
0,3,1,18,7,7,57,0,4,77,9,0,0,57,65,449,0,0,7,0,3,7,0,4,0,0,0,0,3,9,166,0,0,0,24,10,77,0,61,0,5,40,107,0,1,0,2,38,4,11,516,276,13626,117,277,72,19,70,1,10,1662,147,1,0,23706,47137,5814,33,394,525,13,110,40,1,26,134,15,8,203,4811,9,56,5605,7697,123,6,620,231,7591,89,273,0,6,3,4,271,397,5,4206,9856
5,3,2,69,14,13,241,0,0,62,14,0,0,49,101,958,0,1,4,1,6,10,0,5,0,0,0,0,3,5,195,1,0,0,94,48,177,1,246,0,2,36,224,0,0,0,0,178,2,17,234,125,3084,178,788,3959,1,14,403,222,1794,408,5,2,732,5814,27075,86,9460,98,289,124,117,16,31,6,17,3,53,10129,3,9,132,7493,4,5,805,14793,160,15,3106,0,26,3,5,719,71,2,674,177
0,0,0,0,0,0,0,16,20,8,6,3,17,0,0,2,4,7,0,13,0,0,2,26,0,2,3,0,0,1,0,2,4,1,0,0,11,0,0,2,0,2,3,6,3,0,1,0,0,1,0,0,2,0,2,0,2974,9363,1496,2381,440,4639,5033,10818,15,33,86,4527,933,1845,17397,938,923,18,379,62,35,5,0,3976,35,884,6,10,48,25,2161,21,240,33,30,10,38,14,114,0,6,2,69,637
1,0,0,7,2,1,23,0,1,44,7,0,0,16,10,94,0,2,1,0,1,3,1,1,0,1,0,0,3,0,40,1,0,0,15,9,37,1,29,1,5,19,32,2,1,0,0,17,1,6,45,14,146,16,144,9,11,265,3221,10981,847,845,45,25,236,394,9460,933,16432,763,554,490,6162,192,146,38,90,5,69,4690,24,83,100,665,11,10,2561,3078,100,121,1657,8,211,10,37,540,41,16,611,134
0,0,0,0,0,0,0,2,4,1,3,1,3,1,0,1,1,0,1,80,0,2,32,1,17,5,7,0,0,0,3,11,36,2,0,1,3,8,0,1,0,1,0,10,80,0,7,0,0,0,18,2,24,2,6,1,4578,8284,519,7749,115,611,539,2594,503,525,98,1845,763,15144,76,1544,168,3797,60,582,4852,21,45,3809,164,8344,156,25,3554,92,1700,41,300,4791,23,27,1460,69,217,7,72,0,226,653
1,0,0,0,2,0,0,5,4,4,3,1,2,2,5,15,1,0,0,6,0,0,0,8,0,5,2,2,0,0,9,6,1,2,2,0,11,0,2,1,2,6,3,7,2,0,0,0,0,1,4,1,12,1,2,4,47,87,36,973,3058,5368,2410,1740,9,13,289,17397,554,76,11048,1444,562,17,4684,96,49,8,11,4413,191,1029,7,91,35,108,1204,142,2111,45,160,14,128,48,363,34,5,0,784,11756
0,0,0,3,3,1,3,7,4,38,31,1,6,17,6,22,3,3,6,22,4,18,74,16,5,130,111,15,1,4,26,203,20,110,1,4,13,76,14,37,5,16,20,216,60,7,146,6,1,8,62,16,85,22,123,16,79,609,66,1300,1279,10700,8256,1724,330,110,124,938,490,1544,1444,31455,442,217,47,850,1919,1303,6604,491,310,7970,1196,11,140,984,1072,144,27,1217,79,537,2517,7972,6839,44,369,3590,2829,128
0,0,0,1,0,1,0,2,1,8,3,0,1,2,1,14,0,3,0,10,2,1,3,2,1,0,0,1,0,0,3,4,2,0,1,2,4,4,2,2,0,2,5,1,10,1,0,1,0,0,14,1,14,3,31,3,133,346,97,8155,545,528,84,66,88,40,117,923,6162,168,562,442,9684,4286,127,28,1646,217,119,707,11,141,103,15,21,19,10488,6504,75,72,3881,270,273,10,39,113,51,17,503,121
0,0,0,0,0,0,0,2,1,2,1,1,0,0,1,1,0,0,0,34,0,1,21,1,5,5,6,2,0,0,0,8,17,1,0,0,0,5,2,1,0,0,0,3,55,0,2,1,0,0,1,0,0,0,3,0,25,11,2,8029,13,31,78,47,2,1,16,18,192,3797,17,217,4286,15269,0,56,12108,108,7,22,23,878,3,0,436,15,571,68,1,1137,155,246,3684,15,44,21,2,0,17,18
0,0,0,0,0,0,0,0,1,6,1,0,0,3,4,6,0,0,0,0,0,0,0,0,0,0,0,0,0,1,5,0,0,0,0,0,0,0,1,0,0,6,1,0,0,0,0,0,0,0,0,0,0,0,0,0,9,3,17,50,292,35,12,5,6,26,31,379,146,60,4684,47,127,0,16309,17,1,2,15,11352,7,39,5,1397,8,3,356,23,9135,13,52,0,2,2,6,3,4,1,134,4564
0,0,0,0,0,0,0,3,8,2,9,4,8,0,0,0,0,3,0,22,0,6,143,1,6,312,212,6,0,0,0,394,34,53,0,1,0,168,0,22,0,0,0,322,64,9,187,0,0,0,8,4,3,2,3,1,28,19,2,89,150,69,30,15,211,134,6,62,38,582,96,850,28,56,17,31994,3119,76,35,300,8417,1628,105,1,10723,6412,14,7,63,6520,13,171,14372,136,1129,2,36,2,671,738
0,0,0,0,0,0,0,2,5,0,5,2,6,0,0,4,1,1,0,60,0,3,52,4,15,122,87,21,0,0,0,97,24,51,0,1,17,33,0,26,0,0,0,111,78,3,65,0,0,0,1,0,3,0,3,0,203,42,2,2218,44,108,156,319,14,15,17,35,90,4852,49,1919,1646,12108,1,3119,15926,837,30,22,1011,3496,14,0,2882,465,427,23,1,3808,174,4568,21102,136,1189,34,2,4,53,76
0,0,0,0,0,0,1,0,0,2,2,0,0,2,0,4,0,1,0,3,0,50,20,0,0,19,16,1098,4,0,1,65,1,582,0,0,2,1,0,938,0,0,0,93,1,287,631,0,0,0,3,1,4,1,2,0,1,4,0,10,9,18,2,5,26,8,3,5,5,21,8,1303,217,108,2,76,837,60417,2952,13,47,20,263,1,11,2813,90,0,1,19,27,23045,1122,8684,148,1,14,441,242,6
0,0,0,1,0,3,2,0,1,27,13,0,0,9,5,20,0,2,2,0,0,2,0,2,0,0,0,8,2,0,13,0,0,3,0,3,3,1,8,2,6,6,10,1,0,0,4,3,1,2,310,20,109,27,125,13,0,8,0,25,181,30,8,5,2160,203,53,0,69,45,11,6604,119,7,15,35,30,2952,131848,186,6,13,29153,33,7,70,489,43,31,35,30,70,38,2774,63,19,12427,24407,6099,24
5,0,0,8,7,5,11,2,1,108,42,1,2,51,38,171,1,3,17,1,8,18,0,4,1,1,0,0,5,7,87,1,0,0,15,26,52,0,68,0,6,51,63,1,0,0,0,25,5,12,257,63,820,29,140,20,73,1577,2304,845,1826,715,63,29,2649,4811,10129,3976,4690,3809,4413,491,707,22,11352,300,22,13,186,14385,44,241,466,5011,186,49,4265,1195,9526,280,1204,4,100,11,53,364,253,21,1115,5030
0,0,0,0,0,0,0,2,2,2,4,3,3,0,0,1,2,0,0,6,0,5,69,0,3,326,131,13,0,0,0,351,4,148,0,0,1,37,0,41,0,0,0,320,15,18,196,0,0,0,1,0,1,0,0,0,5,13,1,69,358,84,9,13,24,9,3,35,24,164,191,310,11,23,7,8417,1011,47,6,44,18529,2513,22,3,3059,4629,16,6,7,585,8,410,1724,156,4605,1,3,1,410,288
0,0,0,0,0,0,0,5,8,2,5,5,7,0,0,7,3,0,0,158,0,10,109,1,39,27,45,2,0,0,1,76,127,8,0,0,1,82,2,3,0,0,0,49,296,2,34,0,0,0,1,0,4,0,2,0,6344,234,3,391,696,957,10450,12983,42,56,9,884,83,8344,1029,7970,141,878,39,1628,3496,20,13,241,2513,27937,13,5,4334,247,264,12,63,2589,18,33,1917,140,7092,1,11,2,471,1854
0,0,0,0,3,0,2,0,1,33,11,0,0,11,11,29,0,1,2,0,2,3,0,1,0,0,0,0,3,2,21,0,0,1,1,5,15,1,6,1,0,10,17,0,1,0,0,4,0,2,941,55,239,63,289,45,0,27,1,13,170,9,0,0,14806,5605,132,6,100,156,7,1196,103,3,5,105,14,263,29153,466,22,13,75885,96,50,16,600,160,154,33,67,13,7,288,14,51,5161,7555,63181,246
1,0,0,7,2,1,16,0,0,41,4,0,0,20,21,105,0,0,1,0,1,3,0,3,1,0,0,0,1,1,50,0,0,0,10,4,19,0,28,0,0,15,35,0,0,0,0,12,0,6,55,14,404,8,26,5,2,5,1,13,461,17,0,1,793,7697,7493,10,665,25,91,11,15,0,1397,1,0,1,33,5011,3,5,96,36508,4,1,263,62,9294,5,71,0,2,0,0,24,50,1,256,989
0,0,0,0,0,0,0,7,3,1,7,1,4,0,0,4,2,2,0,93,0,5,104,0,27,12,42,1,0,0,0,70,68,1,0,0,1,74,0,0,0,0,0,24,297,3,19,0,0,1,7,0,4,0,0,0,716,155,1,31,71,13,9,8,144,123,4,48,11,3554,35,140,21,436,8,10723,2882,11,7,186,3059,4334,50,4,20420,130,14,3,62,6529,1,15,510,19,311,0,17,1,352,904
0,0,0,0,0,0,0,0,0,1,4,3,0,0,0,1,0,1,0,5,0,24,70,0,0,98,49,144,0,0,0,256,7,611,0,0,0,14,0,414,0,0,0,283,2,111,660,0,0,0,0,0,0,1,0,0,3,9,1,37,179,83,33,13,14,6,5,25,10,92,108,984,19,15,3,6412,465,2813,70,49,4629,247,16,1,130,44692,7,3,1,169,4,2896,2564,5971,2935,1,2,10,191,113
3,5,0,23,17,16,101,142,67,91,69,16,150,64,78,384,13,18,15,81,24,16,5,174,5,1,10,2,12,12,127,1,19,0,61,62,450,0,343,0,9,35,190,0,5,0,0,220,14,31,110,28,174,18,170,24,897,2084,432,6765,1603,1086,154,393,676,620,805,2161,2561,1700,1204,1072,10488,571,356,14,427,90,489,4265,16,264,600,263,14,7,3776,1295,377,40,5497,97,115,34,22,2475,303,41,2059,392
2,0,1,72,11,20,380,0,0,67,10,0,1,50,96,1099,0,0,1,0,8,6,0,7,0,0,0,0,1,6,178,0,0,0,125,37,163,0,264,0,2,22,183,0,2,0,0,187,8,11,109,84,993,88,807,861,6,5,3,142,598,225,0,4,346,231,14793,21,3078,41,142,144,6504,68,23,7,23,0,43,1195,6,12,160,62,3,3,1295,36678,86,25,15119,3,46,2,5,2394,53,5,515,97
0,0,0,3,2,2,2,0,1,19,7,0,0,10,7,41,0,0,1,0,2,8,0,0,0,0,1,0,0,0,20,0,0,0,2,6,14,0,10,0,0,15,9,0,0,0,0,8,2,2,34,12,212,3,21,2,25,65,0,14,665,30,23,7,1189,7591,160,240,100,300,2111,27,75,1,9135,63,1,1,31,9526,7,63,154,9294,62,1,377,86,33508,34,174,0,3,2,4,156,50,0,454,12039
0,0,0,0,0,0,0,1,4,1,4,4,2,0,0,2,0,0,0,33,0,0,78,0,15,32,46,0,0,0,0,101,41,6,0,0,2,94,0,2,1,0,0,45,135,2,40,0,0,0,3,0,4,1,2,1,25,27,4,381,62,100,105,22,116,89,15,33,121,4791,45,1217,72,1137,13,6520,3808,19,35,280,585,2589,33,5,6529,169,40,25,34,17012,29,33,10145,60,890,3,8,0,191,277
3,0,0,5,3,11,61,0,0,30,6,0,0,14,20,220,0,0,1,0,1,3,0,2,0,1,1,0,1,1,39,1,0,0,34,10,60,1,100,0,1,9,32,2,0,0,1,72,6,3,76,31,167,29,593,33,5,3,3,59,352,142,3,1,191,273,3106,30,1657,23,160,79,3881,155,52,13,174,27,30,1204,8,18,67,71,1,4,5497,15119,174,29,13053,42,57,2,17,12530,56,5,268,81
0,0,0,0,0,0,0,0,2,0,1,0,2,0,0,0,0,0,0,1,0,26,42,3,0,54,25,209,1,0,0,134,7,621,0,0,0,5,0,435,0,0,0,202,2,117,586,0,0,0,1,0,0,0,0,0,1,3,0,25,17,19,6,5,2,0,0,10,8,27,14,537,270,246,0,171,4568,23045,70,4,410,33,13,0,15,2896,97,3,0,33,42,39017,13314,1158,508,1,0,16,19,6
0,0,0,0,0,0,0,2,5,1,12,6,2,0,0,2,2,3,0,36,0,12,105,0,9,436,238,38,0,0,0,511,25,333,0,0,0,49,0,133,0,3,0,486,59,30,359,0,0,0,0,1,3,0,1,0,9,29,2,1256,90,164,159,42,9,6,26,38,211,1460,128,2517,273,3684,2,14372,21102,1122,38,100,1724,1917,7,2,510,2564,115,46,3,10145,57,13314,57437,402,1883,11,0,10,66,58
0,0,0,0,0,0,0,0,0,0,0,0,1,0,0,1,0,1,1,0,0,17,35,0,1,29,13,102,0,0,2,89,2,366,0,0,0,3,0,295,0,0,0,112,4,82,372,0,0,0,0,1,1,0,3,0,1,15,0,45,57,105,74,13,15,3,3,14,10,69,48,7972,10,15,2,136,136,8684,2774,11,156,140,288,0,19,5971,34,2,2,60,2,1158,402,19949,12800,1,9,726,258,14
0,0,0,0,0,0,0,1,1,0,5,2,3,0,0,0,1,0,1,12,0,7,67,0,6,247,82,33,0,0,0,327,13,235,0,0,0,51,0,102,0,0,0,306,23,20,263,0,0,0,1,0,0,0,0,0,9,51,0,146,370,345,166,115,10,4,5,114,37,217,363,6839,39,44,6,1129,1189,148,63,53,4605,7092,14,0,311,2935,22,5,4,890,17,508,1883,12800,15704,1,1,23,125,151
1,0,0,12,6,10,72,0,0,15,7,0,0,10,15,274,0,0,0,0,0,0,0,0,0,0,0,0,2,0,55,0,0,0,35,10,129,0,184,0,1,10,24,0,0,0,0,120,9,0,961,344,1296,533,4968,145,0,1,0,14,115,30,0,0,482,271,719,0,540,7,34,44,113,21,3,2,34,1,19,364,1,1,51,24,0,1,2475,2394,156,3,12530,1,11,1,1,8419,334,1,143,34
1,0,1,1,0,0,1,0,0,19,3,0,0,5,8,12,1,1,0,0,0,0,1,0,0,0,1,0,0,0,11,0,0,0,1,2,5,0,4,0,0,9,8,0,0,0,0,1,0,1,9713,138,272,109,6140,24,0,8,1,13,157,20,0,0,11629,397,71,6,41,72,5,369,51,2,4,36,2,14,12427,253,3,11,5161,50,17,2,303,53,50,8,56,0,0,9,1,334,42284,549,2017,28
0,0,0,0,0,0,0,0,1,2,0,0,0,2,0,1,0,1,2,0,0,0,0,0,0,0,0,1,1,0,0,0,0,0,0,0,0,0,0,0,0,1,2,0,0,2,1,0,0,0,5,1,3,3,4,0,0,1,0,4,23718,6,3,0,34,5,2,2,16,0,0,3590,17,0,1,2,4,441,24407,21,1,2,7555,1,1,10,41,5,0,0,5,16,10,726,23,1,549,34459,1650,2
3,0,1,3,7,1,11,0,3,108,45,1,0,36,34,80,0,3,9,0,9,16,0,12,0,2,12,3,6,7,72,7,0,2,6,22,30,2,52,3,4,41,83,6,2,0,5,13,2,24,426,91,606,168,685,119,67,94,4,173,74203,64,17,76,4626,4206,674,69,611,226,784,2829,503,17,134,671,53,242,6099,1115,410,471,63181,256,352,191,2059,515,454,191,268,19,66,258,125,143,2017,1650,25418,4156
1,0,0,0,0,1,1,0,0,2,0,0,0,2,3,9,0,0,0,2,0,0,1,0,1,4,3,1,1,1,6,5,0,2,1,2,2,2,3,1,0,3,4,3,7,0,0,0,1,1,44,12,218,5,39,6,525,807,4,104,12716,63,37,136,2574,9856,177,637,134,653,11756,128,121,18,4564,738,76,6,24,5030,288,1854,246,989,904,113,392,97,12039,277,81,6,58,14,151,34,28,2,4156,21274
