26992,12481,12170,2725,14133,11301,1267,0,1,163,37,1,0,21081,2123,168,0,7,0,9,1,38,0,2,0,0,0,0,38,114,72,0,0,0,27,16,24,0,59,0,27,158,102,1,0,0,0,149,321,34,1,0,0,311,0,0,0,0,0,0,0,0,0,0,1,2,5,0,0,0,0,0,1,0,0,0,0,0,0,0,0,0,1,1,0,0,1,2,1,0,1,0,0,0,0,1,0,0,1,1
12481,13966,7114,11136,1196,2747,1310,2,0,149,3,0,0,5382,3143,123,0,2,0,2,1,11,0,1,0,0,0,0,7,21,12,0,0,0,27,7,5,0,34,0,13,86,30,0,0,0,0,85,32,9,0,0,0,21,0,1,0,0,0,0,0,0,0,0,1,0,0,0,0,0,0,0,0,0,0,0,0,0,0,0,0,0,0,0,0,0,1,0,0,0,0,0,0,0,0,0,0,0,0,0
12170,7114,22541,3480,5073,7707,2789,0,0,89,7,0,0,473,399,32,0,0,1,0,0,9,0,1,0,0,1,0,3,7,13,0,0,0,7,1,6,0,8,0,5,50,10,0,0,0,0,25,17,6,12,164,1,1405,1,2,0,0,0,0,0,0,0,0,1,0,0,0,0,0,0,0,0,0,0,0,0,0,0,0,0,0,0,0,0,0,2,1,0,0,0,0,0,0,0,0,0,0,0,0
2725,11136,3480,44079,1056,6213,24455,3,7,1656,109,1,0,3522,17591,9264,0,14,3,21,3,66,0,9,0,0,1,0,50,113,300,2,1,0,365,129,39,5,373,0,51,532,2224,3,0,0,0,562,75,139,0,1,10,20,0,6,0,0,0,0,3,0,0,0,4,4,11,0,0,0,0,0,2,0,0,0,0,0,0,8,0,0,1,8,0,0,18,24,0,0,3,0,0,0,0,6,0,0,3,0
14133,1196,5073,1056,28527,38055,372,3,1,201,62,1,0,11428,1059,153,0,15,1,15,3,77,0,7,0,0,2,0,171,430,115,0,0,0,26,32,62,4,157,0,75,526,170,2,0,0,0,1180,4143,104,0,0,3,62,0,0,0,0,0,0,1,0,0,0,2,1,2,0,0,0,0,0,0,0,0,0,0,0,0,1,0,0,0,2,0,0,16,5,1,0,4,0,0,0,0,4,0,0,1,0
11301,2747,7707,6213,38055,18615,15454,0,3,435,41,1,1,3006,2399,305,0,5,2,8,0,43,1,32,0,0,3,0,49,96,124,0,0,0,142,70,122,1,656,1,56,303,85,0,0,1,0,3719,2243,32,4,13,1,129,0,5,0,0,0,0,2,0,0,0,0,0,5,0,3,0,0,0,0,0,0,0,0,0,0,0,0,0,1,0,0,0,16,9,0,0,7,0,0,0,0,8,0,0,1,0
1267,1310,2789,24455,372,15454,28999,0,3,933,78,1,0,907,1010,4680,0,4,5,5,0,59,0,12,0,0,0,0,46,74,101,0,0,0,3601,371,42,0,1090,0,42,314,68,1,0,0,0,633,47,64,0,0,3,5,3,202,0,0,0,0,1,0,0,0,2,6,11,0,0,0,0,0,1,0,0,0,0,0,0,3,0,0,4,1,0,0,17,17,0,0,9,0,0,0,0,5,1,0,1,0
0,2,0,3,3,0,0,28090,1837,956,1663,406,4415,46,19,734,1227,12302,191,13151,287,515,169,956,57,207,145,6,11,15,412,132,1863,24,2,31,1014,163,59,3,2,36,30,69,103,5,41,4,3,46,0,0,0,0,0,0,67,189,1,245,17,56,10,24,0,0,2,103,0,58,13,31,39,2,1,0,33,0,1,8,0,22,0,0,3,1,246,0,0,1,1,0,9,0,0,2,1,0,9,6
1,0,0,7,1,3,3,1837,76294,63,1174,254,270,18,15,669,195,473,4653,15487,112,232,112,16173,6384,138,9056,7,4,5,158,86,87,48,32,904,2818,96,1481,26,6,17,21,1128,25,12,35,23,2,10,0,0,1,0,0,0,69,118,0,180,12,18,3,27,2,0,0,53,2,68,8,21,31,6,0,8,128,0,0,2,2,24,1,0,17,3,154,3,1,0,0,1,9,1,6,1,1,0,4,2
163,149,89,1656,201,435,933,956,63,32047,1128,19,32,1630,1510,1696,7,1454,248,285,946,2138,13,133,5,362,15,7,360,809,1657,196,196,23,247,392,1217,211,1017,2,17584,37822,2910,17,26,5,44,1079,213,7289,7,1,16,2,2,0,1,4,1,7,35,12,0,0,23,12,21,1,10,1,1,16,19,0,0,0,0,0,4,51,2,0,8,8,1,1,78,27,5,0,26,0,2,0,1,3,1,1,51,2
37,3,7,109,62,41,78,1663,1174,1128,2861,5800,3489,368,250,2260,3046,1384,784,780,448,2617,1905,1416,13,393,120,46,282,199,3524,897,3228,112,100,694,2633,176,1385,36,278,393,1136,87,33,223,912,241,70,102,0,0,4,2,3,1,18,41,2,43,29,25,0,8,7,4,11,33,11,15,6,33,22,0,0,8,13,2,2,34,4,2,4,6,5,11,203,13,0,1,5,0,3,1,10,5,2,0,38,3
1,0,0,1,1,1,1,406,254,19,5800,17556,15664,4,2,84,11453,1647,52,360,7031,549,5534,210,8,129,34,13,1,2,305,491,16415,35,3,37,205,31,61,9,0,1,102,23,22,57,350,4,0,8,0,0,0,0,0,0,9,21,0,50,0,13,1,6,0,0,0,8,0,10,1,7,11,1,0,1,9,2,0,4,1,3,0,0,1,1,40,1,0,0,0,0,2,0,3,0,0,0,0,1
0,0,0,0,0,1,0,4415,270,32,3489,15664,15638,0,0,18,13729,2078,9,3022,542,381,2806,87,13,21,206,8,0,1,26,59,14714,21,0,5,237,16,9,7,0,3,6,18,566,22,98,5,1,0,1,0,0,0,0,0,138,126,0,240,6,24,7,59,0,0,1,37,1,154,10,22,29,14,0,3,114,0,0,7,3,21,1,0,7,1,56,0,1,3,0,1,2,0,3,2,0,0,1,0
21081,5382,473,3522,11428,3006,907,46,18,1630,368,4,0,92424,13417,930,4,360,30,290,25,889,4,48,1,41,9,6,2456,25366,1379,5,2,0,166,156,280,54,523,1,1229,11000,1981,20,2,3,3,562,18268,6880,4,0,13,4,9,0,0,0,0,2,20,5,0,0,17,10,25,1,4,0,1,5,3,0,1,0,0,1,0,19,0,0,7,13,2,0,80,28,4,0,10,0,0,0,0,9,1,0,19,1
2123,3143,399,17591,1059,2399,1010,19,15,1510,250,2,0,13417,18572,8525,1,180,16,121,12,150,2,29,1,5,5,0,213,1020,2317,1,2,0,246,172,159,21,671,0,118,2460,13695,6,0,0,1,706,303,19405,3,1,11,4,5,0,1,0,0,0,9,5,0,0,12,14,35,1,1,1,2,1,5,0,0,0,0,0,1,17,0,0,2,13,0,0,62,44,0,0,12,0,0,0,0,9,1,0,12,0
168,123,32,9264,153,305,4680,734,669,1696,2260,84,18,930,8525,37791,32,475,10470,906,387,142,8,834,26,14,117,1,54,108,11977,5,10,5,3573,13350,1436,51,8995,3,62,417,11954,103,4,0,0,2071,53,541,9,4,61,3,25,4,2,6,0,7,33,21,0,3,36,58,137,3,8,3,3,14,14,1,0,0,3,0,3,85,0,2,10,46,2,1,267,229,10,1,61,0,0,0,0,58,10,1,38,4
0,0,0,0,0,0,0,1227,195,7,3046,11453,13729,4,1,32,6702,1873,19,108,10168,161,418,195,2,47,10,1,0,1,255,136,932,11,0,19,152,23,26,1,0,1,89,2,3,8,85,2,0,3,0,0,0,0,0,0,15,21,1,30,4,10,0,1,0,0,0,7,1,10,1,7,11,1,0,0,3,0,0,0,0,1,2,0,0,0,39,1,0,0,1,1,1,0,1,0,0,0,1,0
7,2,0,14,15,5,4,12302,473,1454,1384,1647,2078,360,180,475,1873,2748,589,2716,2796,195,144,670,3,104,25,1,34,131,518,72,283,15,6,87,520,65,143,1,23,422,577,7,11,1,28,10,24,1328,0,0,1,0,0,0,0,19,1,17,6,9,0,2,0,0,1,18,3,2,2,10,4,0,0,0,0,0,1,1,0,0,1,1,0,0,122,4,0,1,0,0,0,0,0,0,0,0,3,1
0,0,1,3,1,2,5,191,4653,248,784,52,9,30,16,10470,19,589,17843,212,83,58,7,2202,12,1,36,0,7,8,2357,2,1,2,46,8356,715,15,314,0,8,38,50,31,1,0,0,35,7,53,1,0,2,0,0,0,0,1,0,2,5,5,0,0,0,3,5,1,0,1,1,2,6,0,0,0,1,0,1,8,0,0,1,1,0,1,23,7,0,0,2,0,0,0,0,1,0,0,11,1
9,2,0,21,15,8,5,13151,15487,285,780,360,3022,290,121,906,108,2716,212,32354,68,1763,3170,445,6110,510,6863,54,21,85,512,402,5245,120,3,60,641,9655,109,91,18,161,42,2573,8366,144,262,14,22,236,0,0,0,0,0,0,234,313,1,419,10,42,25,109,0,0,1,44,2,635,11,82,80,225,0,17,685,2,1,9,8,335,1,1,613,12,67,1,1,32,1,6,154,1,12,2,1,0,4,0
1,1,0,3,3,0,0,287,112,946,448,7031,542,25,12,387,10168,2796,83,68,15915,30,40,178,0,155,7,1,7,6,11640,139,416,16,0,51,297,40,140,0,4,117,10235,3,16,3,53,1,1,4798,0,0,0,0,0,0,0,5,0,1,3,2,0,0,0,1,0,3,0,1,2,3,0,0,0,0,1,0,1,2,0,0,0,1,0,0,15,1,0,0,0,0,0,0,1,0,0,0,1,0
38,11,9,66,77,43,59,515,232,2138,2617,549,381,889,150,142,161,195,58,1763,30,11850,1881,90,55,296,214,3597,6224,2344,152,153,364,838,15,47,167,106,145,970,25358,1593,111,365,26,3426,1046,65,407,125,0,0,2,0,0,0,5,7,1,12,4,5,1,3,1,0,1,6,0,10,0,11,2,1,0,4,21,50,0,2,2,4,3,1,9,33,19,3,0,3,1,12,11,10,14,1,0,0,8,0
0,0,0,0,0,1,0,169,112,13,1905,5534,2806,4,2,8,418,144,7,3170,40,1881,7687,27,303,1708,2162,525,3,1,3,1224,19781,342,0,6,5,1921,11,485,1,0,3,2132,309,2688,6011,0,0,0,0,0,0,0,0,0,5,2,0,8,1,0,2,2,0,0,0,2,1,19,0,30,6,20,0,61,82,5,0,0,42,32,0,0,72,40,5,0,0,22,0,15,51,7,56,0,0,0,1,0
2,1,1,9,7,32,12,956,16173,133,1416,210,87,48,29,834,195,670,2202,445,178,90,27,6877,336,41,2371,1,15,18,237,20,25,16,83,9315,10612,26,8972,8,6,38,45,190,5,5,19,201,12,21,2,3,8,0,6,0,3,12,2,24,12,6,1,1,6,2,16,14,2,2,2,7,11,2,0,2,9,0,0,8,1,3,3,7,1,0,142,37,0,0,18,0,2,0,0,22,0,0,8,0
0,0,0,0,0,0,0,57,6384,5,13,8,13,1,1,26,2,3,12,6110,0,55,303,336,10453,145,9463,5,0,1,11,205,301,47,0,22,68,786,66,47,0,0,1,3143,360,8,46,1,0,2,0,0,0,0,0,0,1,2,0,5,1,1,1,1,0,0,0,0,0,30,1,7,2,20,0,7,71,0,0,0,6,37,0,0,62,2,1,0,0,6,0,0,28,0,7,0,0,0,1,0
0,0,0,0,0,0,0,207,138,362,393,129,21,41,5,14,47,104,1,510,155,296,1708,41,145,15023,2839,335,5,8,22,13758,387,8767,0,5,8,11379,19,600,1,23,9,13373,5375,683,1262,2,1,20,0,0,0,0,0,0,0,0,1,3,6,3,0,1,0,0,0,6,0,6,3,97,0,1,0,307,59,29,0,0,267,23,0,0,10,250,0,0,0,18,0,53,345,40,525,0,0,0,2,2
0,0,1,1,2,3,0,145,9056,15,120,34,206,9,5,117,10,25,36,6863,7,214,2162,2371,9463,2839,15039,121,1,8,57,2968,1278,513,5,113,538,4179,428,3129,2,4,5,17695,3187,173,1638,9,0,7,0,0,1,1,0,0,4,4,0,11,1,4,1,6,0,1,0,3,0,18,0,23,1,15,0,58,41,8,0,0,41,29,0,0,64,31,6,2,0,20,1,11,64,9,60,0,1,0,0,0
0,0,0,0,0,0,0,6,7,7,46,13,8,6,0,1,1,1,0,54,1,3597,525,1,5,335,121,55151,367,14,1,181,30,3627,0,1,3,29,0,18714,15,5,0,316,6,19766,1482,0,3,1,0,0,0,0,0,0,0,0,0,0,0,0,0,1,0,0,0,1,0,0,0,13,4,1,0,12,9,1709,1,0,14,1,0,0,1,427,2,0,0,4,0,198,56,78,61,0,0,0,0,0
38,7,3,50,171,49,46,11,4,360,282,1,0,2456,213,54,0,34,7,21,7,6224,3,15,0,5,1,367,100678,8800,106,0,1,12,4,17,54,7,50,50,26114,1894,102,7,2,65,7,36,6892,257,0,0,1,0,0,0,0,0,0,0,0,0,0,0,0,0,1,0,0,0,0,0,0,0,0,0,0,5,0,3,1,0,0,0,0,1,3,2,0,0,0,0,0,1,0,1,0,0,4,0
114,21,7,113,430,96,74,15,5,809,199,2,1,25366,1020,108,1,131,8,85,6,2344,1,18,1,8,8,14,8800,51285,314,1,0,0,8,25,93,19,54,3,12825,18978,400,6,0,7,0,75,2836,3771,0,0,0,0,0,0,0,0,0,1,3,1,0,0,0,0,3,0,1,1,0,2,2,0,0,0,0,0,0,6,0,0,1,0,0,0,12,2,0,0,0,0,0,0,0,2,1,0,3,0
72,12,13,300,115,124,101,412,158,1657,3524,305,26,1379,2317,11977,255,518,2357,512,11640,152,3,237,11,22,57,1,106,314,22949,11,26,2,402,1220,928,59,3598,2,79,1076,33366,59,4,1,5,1337,105,4852,7,1,42,3,19,2,3,4,0,9,50,9,0,0,28,59,99,4,5,1,1,15,14,0,1,1,2,0,1,80,0,1,6,31,0,0,185,139,7,2,60,0,0,0,1,47,2,0,41,4
0,0,0,2,0,0,0,132,86,196,897,491,59,5,1,5,136,72,2,402,139,153,1224,20,205,13758,2968,181,0,1,11,37907,3618,5251,0,2,6,2442,6,1005,0,6,4,2053,5032,1843,25209,0,0,4,0,0,0,0,0,0,1,0,0,8,3,9,5,1,0,0,0,4,0,17,2,113,4,9,0,360,112,69,0,1,290,58,0,0,48,658,0,0,0,56,0,131,375,106,594,0,0,0,7,2
0,0,0,1,0,0,0,1863,87,196,3228,16415,14714,2,2,10,932,283,1,5245,416,364,19781,25,301,387,1278,30,1,0,26,3618,9497,70,0,5,37,382,15,36,1,2,8,392,740,241,11040,3,1,1,0,0,0,0,0,0,15,8,0,34,2,4,6,7,0,0,2,9,1,129,1,35,4,104,0,17,166,1,0,4,3,150,0,0,310,10,6,0,0,28,0,2,64,2,9,1,0,0,3,1
0,0,0,0,0,0,0,24,48,23,112,35,21,0,0,5,11,15,2,120,16,838,342,16,47,8767,513,3627,12,0,2,5251,70,38855,0,1,0,120,4,9296,0,1,1,5161,40,1414,9772,0,0,1,0,0,0,0,0,0,0,0,0,4,0,3,3,0,0,0,0,4,0,2,1,42,0,2,0,66,27,412,0,0,108,12,0,0,2,898,2,0,0,3,0,320,256,168,257,0,0,0,2,0
27,27,7,365,26,142,3601,2,32,247,100,3,0,166,246,3573,0,6,46,3,0,15,0,83,0,0,5,0,4,8,402,0,0,0,4318,5410,122,0,18442,0,10,43,31,1,0,0,0,3052,16,12,0,0,7,1,1,0,0,0,0,0,3,1,0,0,4,10,14,0,0,0,0,0,0,0,0,0,0,0,0,4,0,0,0,1,0,0,28,19,1,0,5,0,0,0,0,8,0,0,3,0
16,7,1,129,32,70,371,31,904,392,694,37,5,156,172,13350,19,87,8356,60,51,47,6,9315,22,5,113,1,17,25,1220,2,5,1,5410,16116,779,6,9170,2,21,126,151,31,1,1,2,1016,12,71,4,3,14,0,2,0,0,2,0,4,23,9,0,1,15,18,37,1,4,2,0,3,6,0,0,0,2,0,0,36,0,2,4,14,0,0,106,53,1,0,23,0,0,0,0,15,3,0,25,1
24,5,6,39,62,122,42,1014,2818,1217,2633,205,237,280,159,1436,152,520,715,641,297,167,5,10612,68,8,538,3,54,93,928,6,37,0,122,779,3512,8,7910,1,84,255,265,30,8,1,4,1011,77,184,3,0,10,1,5,1,55,117,0,168,4,24,10,13,7,8,20,26,2,55,9,15,31,4,0,1,13,0,1,10,1,9,0,6,1,0,227,56,1,0,21,0,0,0,0,56,0,0,7,1
0,0,0,5,4,1,0,163,96,211,176,31,16,54,21,51,23,65,15,9655,40,106,1921,26,786,11379,4179,29,7,19,59,2442,382,120,0,6,8,12380,13,42,2,45,13,10254,6629,58,743,1,3,31,0,0,0,0,0,0,0,0,0,0,1,1,1,0,0,0,0,0,0,10,0,21,0,2,0,56,70,4,0,0,15,21,0,0,28,7,1,0,0,26,0,1,18,0,22,0,0,0,0,1
59,34,8,373,157,656,1090,59,1481,1017,1385,61,9,523,671,8995,26,143,314,109,140,145,11,8972,66,19,428,0,50,54,3598,6,15,4,18442,9170,7910,13,39406,0,56,241,298,89,0,0,5,15673,97,132,6,2,38,2,10,2,2,2,0,3,31,9,0,1,25,28,93,2,7,3,0,7,17,0,0,1,3,0,2,73,0,0,7,22,0,0,304,186,2,1,58,1,0,0,0,83,3,0,26,1
0,0,0,0,0,1,0,3,26,2,36,9,7,1,0,3,1,1,0,91,0,970,485,8,47,600,3129,18714,50,3,2,1005,36,9296,0,2,1,42,0,39724,1,0,0,15107,14,1503,3561,0,0,1,0,0,0,0,0,0,0,0,0,0,2,1,2,0,0,0,0,0,0,1,1,22,0,1,0,41,18,1252,0,1,46,5,0,0,0,402,0,0,0,0,0,240,123,69,85,0,0,0,0,0
27,13,5,51,75,56,42,2,6,17584,278,0,0,1229,118,62,0,23,8,18,4,25358,1,6,0,1,2,15,26114,12825,79,0,1,0,10,21,84,2,56,1,63986,6999,66,4,0,8,0,41,464,143,0,0,2,0,0,0,0,0,0,0,3,2,0,0,2,1,2,0,0,0,0,1,0,0,0,1,1,0,0,6,0,0,0,1,0,1,5,3,0,0,2,0,0,0,0,0,0,0,2,0
158,86,50,532,526,303,314,36,17,37822,393,1,3,11000,2460,417,1,422,38,161,117,1593,0,38,0,23,4,5,1894,18978,1076,6,2,1,43,126,255,45,241,0,6999,32049,1175,2,3,0,0,188,1268,11646,2,0,1,0,0,0,1,0,0,3,7,6,0,0,0,9,10,0,2,0,0,6,6,0,0,0,0,0,0,14,0,0,2,5,0,0,39,18,1,0,9,0,0,0,0,1,0,0,16,0
102,30,10,2224,170,85,68,30,21,2910,1136,102,6,1981,13695,11954,89,577,50,42,10235,111,3,45,1,9,5,0,102,400,33366,4,8,1,31,151,265,13,298,0,66,1175,64149,5,1,0,0,177,97,10543,2,3,17,0,7,0,0,1,0,1,9,5,0,0,18,11,42,0,4,0,0,4,6,0,0,0,0,0,4,18,0,0,4,11,0,0,93,51,1,0,21,0,1,0,0,16,0,0,12,0
1,0,0,3,2,0,1,69,1128,17,87,23,18,20,6,103,2,7,31,2573,3,365,2132,190,3143,13373,17695,316,7,6,59,2053,392,5161,1,31,30,10254,89,15107,4,2,5,55134,831,526,1815,1,2,6,0,0,0,0,0,0,0,0,0,4,2,1,1,1,0,0,0,3,0,8,3,76,0,3,0,269,73,45,0,1,161,22,1,0,19,348,4,0,0,14,0,102,252,50,291,0,0,0,2,2
0,0,0,0,0,0,0,103,25,26,33,22,566,2,0,4,3,11,1,8366,16,26,309,5,360,5375,3187,6,2,0,4,5032,740,40,0,1,8,6629,0,14,0,3,1,831,7055,10,71,0,0,2,0,0,0,0,0,0,0,0,0,4,1,0,1,0,0,1,0,0,0,37,0,29,2,28,0,17,213,0,0,1,3,84,0,0,171,2,0,0,0,65,0,4,43,4,7,0,0,0,2,3
0,0,0,0,0,1,0,5,12,5,223,57,22,3,0,0,8,1,0,144,3,3426,2688,5,8,683,173,19766,65,7,1,1843,241,1414,0,1,1,58,0,1503,8,0,0,526,10,13776,15446,0,0,0,0,0,0,0,0,0,0,0,0,0,0,0,1,1,0,0,0,0,0,1,0,8,1,0,0,16,12,152,0,0,16,1,0,0,0,201,0,0,0,3,0,78,30,43,33,0,0,0,1,0
0,0,0,0,0,0,0,41,35,44,912,350,98,3,1,0,85,28,0,262,53,1046,6011,19,46,1262,1638,1482,7,0,5,25209,11040,9772,0,2,4,743,5,3561,0,0,0,1815,71,15446,30540,0,0,0,0,0,0,0,0,0,1,1,0,4,3,6,2,0,0,0,0,1,0,5,0,74,1,4,0,202,59,265,0,0,153,18,0,0,10,885,0,0,0,26,0,256,236,178,385,0,0,0,1,0
149,85,25,562,1180,3719,633,4,23,1079,241,4,5,562,706,2071,2,10,35,14,1,65,0,201,1,2,9,0,36,75,1337,0,3,0,3052,1016,1011,1,15673,0,41,188,177,1,0,0,0,8879,1021,45,3,1,13,2,9,1,0,0,0,1,4,2,0,0,8,11,48,1,3,1,0,0,4,0,0,0,0,0,0,17,0,0,2,11,0,0,155,77,1,1,39,0,1,0,0,51,1,0,8,0
321,32,17,75,4143,2243,47,3,2,213,70,0,1,18268,303,53,0,24,7,22,1,407,0,12,0,1,0,3,6892,2836,105,0,1,0,16,12,77,3,97,0,464,1268,97,2,0,0,0,1021,15983,226,0,0,0,0,0,0,0,0,0,0,7,0,0,0,0,2,0,0,1,0,0,0,2,0,0,0,0,0,0,3,0,0,1,2,0,0,9,7,1,0,3,0,0,0,0,0,0,0,5,1
34,9,6,139,104,32,64,46,10,7289,102,8,0,6880,19405,541,3,1328,53,236,4798,125,0,21,2,20,7,1,257,3771,4852,4,1,1,12,71,184,31,132,1,143,11646,10543,6,2,0,0,45,226,23569,0,1,5,0,0,0,0,0,0,1,12,4,0,0,6,10,12,0,1,0,0,3,2,0,1,0,0,0,4,13,0,0,1,5,0,0,46,11,2,0,5,0,0,0,0,0,1,1,17,1
1,0,12,0,0,4,0,0,0,7,0,0,1,4,3,9,0,0,1,0,0,0,0,2,0,0,0,0,0,0,7,0,0,0,0,4,3,0,6,0,0,2,2,0,0,0,0,3,0,0,57552,20036,3025,14525,22080,514,0,0,0,2,183,40,0,0,25701,731,360,4,17,61,1,18,22,1,0,8,3,0,236,204,1,0,1028,72,6,2,61,304,101,26,80,0,2,0,1,620,10035,2,641,138
0,0,164,1,0,13,0,0,0,1,0,0,0,0,1,4,0,0,0,0,0,0,0,3,0,0,0,0,0,0,1,0,0,0,0,3,0,0,2,0,0,0,3,0,0,0,0,1,0,1,20036,69593,12092,23498,5679,6794,0,0,0,1,66,14,0,0,12256,185,199,1,7,8,0,9,10,0,0,1,0,0,13,52,1,0,82,24,1,0,22,231,25,3,35,0,0,0,0,356,215,1,99,18
0,0,1,10,3,1,3,0,1,16,4,0,0,13,11,61,0,1,2,0,0,2,0,8,0,0,1,0,1,0,42,0,0,0,7,14,10,0,38,0,2,1,17,0,0,0,0,13,0,5,3025,12092,38246,4295,7002,12732,1,3,0,9,1079,246,0,2,12470,14983,4634,15,96,118,16,59,98,2,3,12,2,0,84,1142,3,4,512,989,4,0,126,2772,531,39,284,0,1,0,0,1071,282,4,861,578
311,21,1405,20,62,129,5,0,0,2,2,0,0,4,4,3,0,0,0,0,0,0,0,0,0,0,1,0,0,0,3,0,0,0,1,0,1,0,2,0,0,0,0,0,0,0,0,2,0,0,14525,23498,4295,27092,17098,7415,0,0,0,0,64,15,0,0,1631,94,162,0,4,3,0,8,5,0,0,1,1,0,12,38,0,1,32,11,1,0,12,410,13,2,55,0,0,0,0,604,111,0,61,10
0,0,1,0,0,0,3,0,0,2,3,0,0,9,5,25,0,0,0,0,0,0,0,6,0,0,0,0,0,0,19,0,0,0,1,2,5,0,10,0,0,0,7,0,0,0,0,9,0,0,22080,5679,7002,17098,22713,8057,0,0,1,3,640,132,0,0,2695,176,371,2,24,12,1,50,54,0,0,7,2,0,52,83,0,1,243,30,1,0,235,817,24,10,688,0,0,0,0,5043,6182,2,420,49
0,1,2,6,0,5,202,0,0,0,1,0,0,0,0,4,0,0,0,0,0,0,0,0,0,0,0,0,0,0,2,0,0,0,0,0,1,0,2,0,0,0,0,0,0,0,0,1,0,0,514,6794,12732,7415,8057,53422,0,0,0,0,49,8,0,0,209,23,3582,0,1,3,1,1,4,0,0,2,0,0,2,11,0,0,4,5,0,0,0,444,2,1,15,0,1,0,0,67,16,0,19,6
0,0,0,0,0,0,0,67,69,1,18,9,138,0,1,2,15,0,0,234,0,5,5,3,1,0,4,0,0,0,3,1,15,0,0,0,55,0,2,0,0,1,0,0,0,0,1,0,0,0,0,0,1,0,0,0,2300,4016,28,1104,139,215,124,2956,12,15,4,4252,30,1887,238,110,300,20,78,19,200,1,0,133,15,4806,6,3,752,11,268,1,64,18,1,0,20,2,18,0,4,0,122,467
0,0,0,0,0,0,0,189,118,4,41,21,126,0,0,6,21,19,1,313,5,7,2,12,2,0,4,0,0,0,4,0,8,0,0,2,117,0,2,0,0,0,1,0,0,0,1,0,0,0,0,0,3,0,0,0,4016,19458,5005,3702,46,305,94,1486,20,44,11,5907,390,6311,43,256,657,21,20,7,142,2,2,866,1,628,9,6,162,5,845,0,70,16,1,1,14,3,13,0,3,1,25,172
0,0,0,0,0,0,0,1,0,1,2,0,0,0,0,0,1,1,0,1,0,1,0,2,0,1,0,0,0,0,0,0,0,0,0,0,0,0,0,0,0,0,0,0,0,0,0,0,0,0,0,0,0,0,1,0,28,5005,2813,6926,35,123,2,5,1,1,613,2031,2311,475,11,63,71,1,0,1,3,0,1,1740,1,9,3,1,6,1,101,0,2,5,2,0,6,1,3,0,0,0,4,5
0,0,0,0,0,0,0,245,180,7,43,50,240,2,0,7,30,17,2,419,1,12,8,24,5,3,11,0,0,1,9,8,34,4,0,4,168,0,3,0,0,3,1,4,4,0,4,1,0,1,2,1,9,0,3,0,1104,3702,6926,49859,214,2023,727,1010,13,15,330,2183,6671,9660,368,1435,13258,5052,20,88,2002,6,15,1326,35,730,10,33,82,41,1785,36,10,344,27,12,1197,20,111,7,4,1,126,53
0,0,0,3,1,2,1,17,12,35,29,0,6,20,9,33,4,6,5,10,3,4,1,12,1,6,1,0,0,3,50,3,2,0,3,23,4,1,31,2,3,7,9,2,1,0,3,4,7,12,183,66,1079,64,640,49,139,46,35,214,27865,468,235,306,935,1431,1042,1184,315,214,2956,1007,934,13,203,337,49,8,151,1139,227,758,330,423,143,139,1195,1120,421,139,354,18,62,28,346,250,215,21819,69739,9185
0,0,0,0,0,0,0,56,18,12,25,13,24,5,5,21,10,9,5,42,2,5,0,6,1,3,4,0,0,1,9,9,4,3,1,9,24,1,9,1,2,6,5,1,0,0,6,2,0,4,40,14,246,15,132,8,215,305,123,2023,468,4930,5225,4503,119,162,383,4933,731,687,4216,9021,1450,37,30,105,79,8,35,792,84,1574,43,97,17,154,1114,482,32,63,209,17,109,82,353,134,39,1,205,112
0,0,0,0,0,0,0,10,3,0,0,1,7,0,0,0,0,0,0,25,0,1,2,1,1,0,1,0,0,0,0,5,6,3,0,0,10,1,0,2,0,0,0,1,1,1,2,0,0,0,0,0,0,0,0,0,124,94,2,727,235,5225,15973,17914,1,1,2,4779,20,410,2842,9900,140,40,3,48,103,5,1,29,17,17048,0,0,7,41,78,3,0,28,2,5,123,37,131,2,0,0,12,3
0,0,0,0,0,0,0,24,27,0,8,6,59,0,0,3,1,2,0,109,0,3,2,1,1,1,6,1,0,0,0,1,7,0,0,1,13,0,1,0,0,0,0,1,0,1,0,0,0,0,0,0,2,0,0,0,2956,1486,5,1010,306,4503,17914,11824,2,0,6,10063,24,1227,1901,2379,205,62,2,26,236,2,1,46,13,8617,1,3,28,37,115,3,1,12,0,6,41,28,107,0,0,0,38,33
1,1,1,4,2,0,2,0,2,23,7,0,0,17,12,36,0,0,0,0,0,1,0,6,0,0,0,0,0,0,28,0,0,0,4,15,7,0,25,0,2,0,18,0,0,0,0,8,0,6,25701,12256,12470,1631,2695,209,12,20,1,13,935,119,1,2,60257,19338,856,38,66,557,21,187,134,1,4,92,8,4,2593,1613,23,16,16932,796,58,5,237,608,1248,190,179,0,8,2,3,443,9963,19,5526,1610
2,0,0,4,1,0,6,0,0,12,4,0,0,10,14,58,0,0,3,0,1,0,0,2,0,0,1,0,0,0,59,0,0,0,10,18,8,0,28,0,1,9,11,0,1,0,0,11,2,10,731,185,14983,94,176,23,15,44,1,15,1431,162,1,0,19338,33709,8167,115,167,653,117,102,185,1,50,55,6,0,256,4589,16,28,7285,8427,85,0,153,282,16074,173,227,0,12,0,2,228,471,12,7621,12223
5,0,0,11,2,5,11,2,0,21,11,0,1,25,35,137,0,1,5,1,0,1,0,16,0,0,0,0,1,3,99,0,2,0,14,37,20,0,93,0,2,10,42,0,0,0,0,48,0,12,360,199,4634,162,371,3582,4,11,613,330,1042,383,2,6,856,8167,34291,80,10495,111,85,70,1281,15,2,8,13,0,36,12762,2,9,133,9200,5,4,331,17272,157,53,2764,0,50,1,1,539,54,1,377,134
0,0,0,0,0,0,0,103,53,1,33,8,37,1,1,3,7,18,1,44,3,6,2,14,0,6,3,1,0,0,4,4,9,4,0,1,26,0,2,0,0,0,0,3,0,0,1,1,0,0,4,1,15,0,2,0,4252,5907,2031,2183,1184,4933,4779,10063,38,115,80,8877,1227,890,17506,1683,2081,30,2015,162,63,1,9,3433,75,1408,21,84,277,105,2263,22,1420,127,41,10,80,29,251,10,4,3,553,2644
0,0,0,0,0,3,0,0,2,10,11,0,1,4,1,8,1,3,0,2,0,0,1,2,0,0,0,0,0,1,5,0,1,0,0,4,2,0,7,0,0,2,4,0,0,0,0,3,1,1,17,7,96,4,24,1,30,390,2311,6671,315,731,20,24,66,167,10495,1227,11232,677,195,297,5772,23,20,16,12,1,10,7527,2,34,21,508,11,0,602,3035,22,51,303,0,72,1,2,95,14,1,196,36
0,0,0,0,0,0,0,58,68,1,15,10,154,0,1,3,10,2,1,635,1,10,19,2,30,6,18,0,0,1,1,17,129,2,0,2,55,10,3,1,0,0,0,8,37,1,5,1,0,0,61,8,118,3,12,3,1887,6311,475,9660,214,687,410,1227,557,653,111,890,677,18742,81,1745,363,4388,34,271,3609,20,63,3097,133,9035,313,89,7730,128,446,35,355,5164,17,34,1117,68,298,9,126,4,460,703
0,0,0,0,0,0,0,13,8,1,6,1,10,1,2,3,1,2,1,11,2,0,0,2,1,3,0,0,0,0,1,2,1,1,0,0,9,0,0,1,0,0,0,3,0,0,0,0,0,0,1,0,16,0,1,1,238,43,11,368,2956,4216,2842,1901,21,117,85,17506,195,81,12632,1089,1099,10,10990,162,44,1,2,9327,118,1148,5,250,65,100,1167,54,2139,36,83,8,53,35,295,7,1,1,1160,9711
0,0,0,0,0,0,0,31,21,16,33,7,22,5,1,14,7,10,2,82,3,11,30,7,7,97,23,13,0,2,15,113,35,42,0,3,15,21,7,22,1,6,4,76,29,8,74,0,0,3,18,9,59,8,50,1,110,256,63,1435,1007,9021,9900,2379,187,102,70,1683,297,1745,1089,38269,956,300,12,1135,1982,1057,3947,447,258,15605,1148,25,176,1529,984,105,25,719,101,466,2351,6352,7225,50,644,4880,2741,80
1,0,0,2,0,0,1,39,31,19,22,11,29,3,5,14,11,4,6,80,0,2,6,11,2,0,1,4,0,2,14,4,4,0,0,6,31,0,17,0,0,6,6,0,2,1,1,4,2,2,22,10,98,5,54,4,300,657,71,13258,934,1450,140,205,134,185,1281,2081,5772,363,1099,956,8790,4436,194,86,711,31,100,2299,27,205,118,320,63,13,12302,3493,150,280,2587,13,409,7,63,282,55,16,1086,324
0,0,0,0,0,0,0,2,6,0,0,1,14,0,0,1,1,0,0,225,0,1,20,2,20,1,15,1,0,0,0,9,104,2,0,0,4,2,0,1,0,0,0,3,28,0,4,0,0,0,1,0,2,0,0,0,20,21,1,5052,13,37,40,62,1,1,15,30,23,4388,10,300,4436,18715,0,94,9638,19,2,51,43,795,2,1,1101,41,472,5,2,461,18,47,2731,15,90,3,0,0,12,6
0,0,0,0,0,0,0,1,0,0,0,0,0,1,0,0,0,0,0,0,0,0,0,0,0,0,0,0,0,0,1,0,0,0,0,0,0,0,0,0,0,0,0,0,0,0,0,0,0,1,0,0,3,0,0,0,78,20,0,20,203,30,3,2,4,50,2,2015,20,34,10990,12,194,0,5442,14,1,0,1,14666,5,86,6,721,20,3,271,8,6554,14,17,0,4,0,2,0,1,1,121,2531
0,0,0,0,0,0,0,0,8,0,8,1,3,0,0,0,0,0,0,17,0,4,61,2,7,307,58,12,0,0,1,360,17,66,0,0,1,56,1,41,1,0,0,269,17,16,202,0,0,0,8,1,12,1,7,2,19,7,1,88,337,105,48,26,92,55,8,162,16,271,162,1135,86,94,14,27208,4024,90,13,94,10261,1049,88,2,11232,5622,14,8,24,7408,2,501,16046,215,1650,2,25,1,1097,542
0,0,0,0,0,0,0,33,128,0,13,9,114,0,0,3,3,0,1,685,1,21,82,9,71,59,41,9,0,0,2,112,166,27,0,2,13,70,3,18,1,0,0,73,213,12,59,0,0,0,3,0,2,1,2,0,200,142,3,2002,49,79,103,236,8,6,13,63,12,3609,44,1982,711,9638,1,4024,16191,470,8,58,908,2296,5,2,4495,645,423,5,5,3403,22,2524,20217,115,1774,3,2,3,67,37
0,0,0,0,0,0,0,0,0,0,2,2,0,1,0,0,0,0,0,2,0,50,5,0,0,29,8,1709,5,0,0,69,1,412,0,0,0,4,0,1252,0,0,0,45,0,152,265,0,0,0,0,0,0,0,0,0,1,2,0,6,8,8,5,2,4,0,0,1,1,20,1,1057,31,19,0,90,470,50320,603,2,15,22,34,0,4,2824,28,0,0,5,3,27132,611,8847,117,0,2,131,20,0
0,0,0,0,0,0,0,1,0,4,2,0,0,0,1,3,0,1,1,1,1,0,0,0,0,0,0,1,0,0,1,0,0,0,0,0,1,0,2,0,0,0,4,0,0,0,0,0,0,4,236,13,84,12,52,2,0,2,1,15,151,35,1,1,2593,256,36,9,10,63,2,3947,100,2,1,13,8,603,132547,87,4,8,35813,26,7,41,166,50,35,28,15,12,6,909,12,12,11173,22304,5349,40
0,0,0,8,1,0,3,8,2,51,34,4,7,19,17,85,0,1,8,9,2,2,0,8,0,0,0,0,3,6,80,1,4,0,4,36,10,0,73,1,6,14,18,1,1,0,0,17,3,13,204,52,1142,38,83,11,133,866,1740,1326,1139,792,29,46,1613,4589,12762,3433,7527,3097,9327,447,2299,51,14666,94,58,2,87,13811,16,151,508,5700,150,8,2622,1098,11221,355,987,1,116,1,33,286,205,16,1284,5814
0,0,0,0,0,0,0,0,2,2,4,1,3,0,0,0,0,0,0,8,0,2,42,1,6,267,41,14,1,0,0,290,3,108,0,0,1,15,0,46,0,0,0,161,3,16,153,0,0,0,1,1,3,0,0,0,15,1,1,35,227,84,17,13,23,16,2,75,2,133,118,258,27,43,5,10261,908,15,4,16,16123,5389,19,1,4057,4885,3,0,6,688,0,605,1079,87,5977,0,1,0,366,146
0,0,0,0,0,0,0,22,24,0,2,3,21,0,0,2,1,0,0,335,0,4,32,3,37,23,29,1,0,0,1,58,150,12,0,2,9,21,0,5,0,0,0,22,84,1,18,0,0,0,0,0,4,1,1,0,4806,628,9,730,758,1574,17048,8617,16,28,9,1408,34,9035,1148,15605,205,795,86,1049,2296,22,8,151,5389,27427,12,8,3147,307,127,5,64,877,3,54,1719,114,7514,0,4,0,591,799
1,0,0,1,0,1,4,0,1,8,4,0,1,7,2,10,2,1,1,1,0,3,0,3,0,0,0,0,0,1,6,0,0,0,0,4,0,0,7,0,0,2,4,1,0,0,0,2,1,1,1028,82,512,32,243,4,6,9,3,10,330,43,0,1,16932,7285,133,21,21,313,5,1148,118,2,6,88,5,34,35813,508,19,12,108320,213,69,6,221,223,592,138,48,0,5,54,6,45,5375,11898,64880,1560
1,0,0,8,2,0,1,0,0,8,6,0,0,13,13,46,0,1,1,1,1,1,0,7,0,0,0,0,0,0,31,0,0,0,1,14,6,0,22,0,1,5,11,0,0,0,0,11,2,5,72,24,989,11,30,5,3,6,1,33,423,97,0,3,796,8427,9200,84,508,89,250,25,320,1,721,2,2,0,26,5700,1,8,213,41717,5,2,107,169,6914,25,129,0,6,0,0,68,61,1,318,1251
0,0,0,0,0,0,0,3,17,1,5,1,7,2,0,2,0,0,0,613,0,9,72,1,62,10,64,1,0,0,0,48,310,2,0,0,1,28,0,0,0,0,0,19,171,0,10,0,0,0,6,1,4,1,1,0,752,162,6,82,143,17,7,28,58,85,5,277,11,7730,65,176,63,1101,20,11232,4495,4,7,150,4057,3147,69,5,16511,151,35,2,89,10855,2,17,1411,13,329,1,12,0,577,849
0,0,0,0,0,0,0,1,3,1,11,1,1,0,0,1,0,0,1,12,0,33,40,0,2,250,31,427,1,0,0,658,10,898,0,0,0,7,0,402,1,0,0,348,2,201,885,0,0,0,2,0,0,0,0,0,11,5,1,41,139,154,41,37,5,0,4,105,0,128,100,1529,13,41,3,5622,645,2824,41,8,4885,307,6,2,151,54465,9,0,0,98,1,9126,5074,6032,4572,0,1,12,121,37
1,1,2,18,16,16,17,246,154,78,203,40,56,80,62,267,39,122,23,67,15,19,5,142,1,0,6,2,3,12,185,0,6,2,28,106,227,1,304,0,5,39,93,4,0,0,0,155,9,46,61,22,126,12,235,0,268,845,101,1785,1195,1114,78,115,237,153,331,2263,602,446,1167,984,12302,472,271,14,423,28,166,2622,3,127,221,107,35,9,5711,841,302,25,8007,18,58,5,11,2055,146,41,1464,513
2,0,1,24,5,9,17,0,3,27,13,1,0,28,44,229,1,4,7,1,1,3,0,37,0,0,2,0,2,2,139,0,0,0,19,53,56,0,186,0,3,18,51,0,0,0,0,77,7,11,304,231,2772,410,817,444,1,0,0,36,1120,482,3,3,608,282,17272,22,3035,35,54,105,3493,5,8,8,5,0,50,1098,0,5,223,169,2,0,841,38801,53,26,20078,0,9,0,1,2195,127,3,621,69
1,0,0,0,1,0,0,0,1,5,0,0,1,4,0,10,0,0,0,1,0,0,0,0,0,0,0,0,0,0,7,0,0,0,1,1,1,0,2,0,0,1,1,0,0,0,0,1,1,2,101,25,531,13,24,2,64,70,2,10,421,32,0,1,1248,16074,157,1420,22,355,2139,25,150,2,6554,24,5,0,35,11221,6,64,592,6914,89,0,302,53,24911,65,53,1,2,0,0,14,69,1,994,9045
0,0,0,0,0,0,0,1,0,0,1,0,3,0,0,1,0,1,0,32,0,3,22,0,6,18,20,4,0,0,2,56,28,3,0,0,0,26,1,0,0,0,0,14,65,3,26,1,0,0,26,3,39,2,10,1,18,16,5,344,139,63,28,12,190,173,53,127,51,5164,36,719,280,461,14,7408,3403,5,28,355,688,877,138,25,10855,98,25,26,65,11286,20,23,11675,29,766,10,56,0,679,523
1,0,0,3,4,7,9,1,0,26,5,0,0,10,12,61,1,0,2,1,0,1,0,18,0,0,1,0,0,0,60,0,0,0,5,23,21,0,58,0,2,9,21,0,0,0,0,39,3,5,80,35,284,55,688,15,1,1,2,27,354,209,2,0,179,227,2764,41,303,17,83,101,2587,18,17,2,22,3,15,987,0,3,48,129,2,1,8007,20078,53,20,17088,1,8,1,2,12344,42,7,273,58
0,0,0,0,0,0,0,0,1,0,0,0,1,0,0,0,1,0,0,6,0,12,15,0,0,53,11,198,0,0,0,131,2,320,0,0,0,1,1,240,0,0,0,102,4,78,256,0,0,0,0,0,0,0,0,0,0,1,0,12,18,17,5,6,0,0,0,10,0,34,8,466,13,47,0,501,2524,27132,12,1,605,54,0,0,17,9126,18,0,1,23,1,37535,14007,1044,1086,0,0,8,9,1
0,0,0,0,0,0,0,9,9,2,3,2,2,0,0,0,1,0,0,154,0,11,51,2,28,345,64,56,0,0,0,375,64,256,0,0,0,18,0,123,0,0,1,252,43,30,236,1,0,0,2,0,1,0,0,1,20,14,6,1197,62,109,123,41,8,12,50,80,72,1117,53,2351,409,2731,4,16046,20217,611,6,116,1079,1719,5,6,1411,5074,58,9,2,11675,8,14007,61570,319,2328,2,2,4,51,32
0,0,0,0,0,0,0,0,1,0,1,0,0,0,0,0,0,0,0,1,0,10,7,0,0,40,9,78,1,0,0,106,2,168,0,0,0,0,0,69,0,0,0,50,4,43,178,0,0,0,0,0,0,0,0,0,2,3,1,20,28,82,37,28,2,0,1,29,1,68,35,6352,7,15,0,215,115,8847,909,1,87,114,54,0,13,6032,5,0,0,29,1,1044,319,25181,10602,1,8,354,34,5
0,0,0,0,0,0,0,0,6,1,10,3,3,0,0,0,1,0,0,12,1,14,56,0,7,525,60,61,0,0,1,594,9,257,0,0,0,22,0,85,0,0,0,291,7,33,385,0,0,0,1,0,0,0,0,0,18,13,3,111,346,353,131,107,3,2,1,251,2,298,295,7225,63,90,2,1650,1774,117,12,33,5977,7514,6,0,329,4572,11,1,0,766,2,1086,2328,10602,17800,0,1,5,199,58
1,0,0,6,4,8,5,2,1,3,5,0,2,9,9,58,0,0,1,2,0,1,0,22,0,0,0,0,1,2,47,0,1,0,8,15,56,0,83,0,0,1,16,0,0,0,0,51,0,0,620,356,1071,604,5043,67,0,0,0,7,250,134,2,0,443,228,539,10,95,9,7,50,282,3,0,2,3,0,12,286,0,0,45,68,1,0,2055,2195,14,10,12344,0,2,1,0,11849,171,1,204,25
0,0,0,0,0,0,1,1,1,1,2,0,0,1,1,10,0,0,0,1,0,0,0,0,0,0,1,0,0,1,2,0,0,0,0,3,0,0,3,0,0,0,0,0,0,0,0,1,0,1,10035,215,282,111,6182,16,4,3,0,4,215,39,0,0,9963,471,54,4,14,126,1,644,55,0,1,25,2,2,11173,205,1,4,5375,61,12,1,146,127,69,56,42,0,2,8,1,171,45127,168,3376,84
0,0,0,0,0,0,0,0,0,1,0,0,0,0,0,1,0,0,0,0,0,0,0,0,0,0,0,0,0,0,0,0,0,0,0,0,0,0,0,0,0,0,0,0,0,0,0,0,0,1,2,1,4,0,2,0,0,1,0,1,21819,1,0,0,19,12,1,3,1,4,1,4880,16,0,1,1,3,131,22304,16,0,0,11898,1,0,12,41,3,1,0,7,8,4,354,5,1,168,31312,1173,3
1,0,0,3,1,1,1,9,4,51,38,0,1,19,12,38,1,3,11,4,1,8,1,8,1,2,0,0,4,3,41,7,3,2,3,25,7,0,26,0,2,16,12,2,2,1,1,8,5,17,641,99,861,61,420,19,122,25,4,126,69739,205,12,38,5526,7621,377,553,196,460,1160,2741,1086,12,121,1097,67,20,5349,1284,366,591,64880,318,577,121,1464,621,994,679,273,9,51,34,199,204,3376,1173,31166,6451
1,0,0,0,0,0,0,6,2,2,3,1,0,1,0,4,0,1,1,0,0,0,0,0,0,2,0,0,0,0,4,2,1,0,0,1,1,1,1,0,0,0,0,2,3,0,0,0,1,1,138,18,578,10,49,6,467,172,5,53,9185,112,3,33,1610,12223,134,2644,36,703,9711,80,324,6,2531,542,37,0,40,5814,146,799,1560,1251,849,37,513,69,9045,523,58,1,32,5,58,25,84,3,6451,15598
