15622,5971,5691,573,7960,1529,226,3,5,27,1,2,2,5080,136,124,0,10,0,8,4,294,3,2,2,1,1,11,938,910,3,3,6,2,29,4,34,6,24,0,578,146,12,5,14,21,6,130,1488,8,21,59,9,63,39,27,0,0,0,0,0,0,0,0,13,1,22,0,1,0,0,0,1,0,0,0,2,0,5,0,0,1,1,4,2,0,7,10,0,0,4,0,0,0,0,93,11,0,0,0
5971,40018,7740,17574,745,808,1048,36,46,277,29,15,26,4610,3774,2065,5,158,17,323,27,817,12,5,71,28,26,26,706,913,116,63,58,7,172,40,193,142,138,0,865,728,255,39,158,27,17,621,388,59,42,153,29,60,118,97,0,0,2,3,6,1,0,0,74,19,88,1,7,1,1,2,2,4,0,0,11,0,5,7,1,0,17,16,2,0,38,53,3,5,17,0,1,0,0,442,10,1,10,4
5691,7740,38849,6384,9398,8555,14938,5,3,49,4,1,0,409,27,283,0,7,2,9,5,222,3,0,11,1,4,12,395,409,2,6,2,1,78,4,47,5,52,0,373,101,8,2,2,13,4,687,413,9,70,180,25,1834,208,160,0,0,0,1,3,0,0,0,63,5,41,0,0,3,0,2,3,1,0,0,1,0,6,2,0,0,7,6,0,0,6,25,1,0,7,0,0,0,0,384,24,0,2,0
573,17574,6384,28747,365,2285,14611,62,89,264,42,17,35,2849,8794,12140,14,430,36,607,57,415,6,14,113,37,44,11,245,571,823,80,107,4,724,94,393,215,205,2,342,455,2670,75,253,7,25,2023,148,193,36,141,34,88,128,95,3,0,2,8,13,2,2,1,99,17,98,2,18,7,0,10,6,9,2,0,15,0,7,16,0,8,9,18,1,0,95,72,6,8,26,0,3,0,0,436,12,3,5,4
7960,745,9398,365,11941,10386,726,0,0,3,2,0,1,1285,28,26,1,0,0,6,1,49,0,0,0,0,2,3,413,315,0,2,1,0,7,2,9,1,5,0,118,18,4,0,3,4,0,271,3353,2,27,50,3,284,41,26,0,0,0,0,0,0,0,0,7,1,4,0,0,0,0,0,0,0,0,0,1,0,0,0,0,0,1,0,1,0,2,0,0,0,0,0,0,0,0,23,17,0,1,0
1529,808,8555,2285,10386,18219,14028,1,15,16,2,2,0,256,60,590,0,9,3,32,0,56,5,66,75,4,147,25,201,67,17,10,7,13,918,16,255,18,1646,36,60,22,41,71,5,4,10,5083,2011,1,140,232,10,1418,213,114,0,0,0,1,3,0,0,0,42,6,26,1,1,1,0,3,2,3,0,0,4,0,7,2,0,1,2,3,0,0,15,12,1,1,5,1,1,0,0,189,66,1,2,0
226,1048,14938,14611,726,14028,14227,2,31,29,12,0,1,105,31,1886,1,7,4,31,5,44,4,101,54,5,58,6,55,52,2,6,7,4,2552,33,277,15,2342,9,42,44,14,30,2,3,3,2080,83,7,26,93,19,107,105,158,0,0,2,1,6,0,0,0,57,9,42,2,4,0,0,3,0,0,1,1,2,0,2,3,1,1,10,6,1,0,30,26,0,0,8,0,1,0,0,330,3,1,4,0
3,36,5,62,0,1,2,28622,3921,78,1274,441,4978,35,49,525,669,9306,2439,6802,189,1822,254,68,95,37,101,17,8,14,81,115,419,21,12,181,1154,219,49,4,16,22,194,78,269,89,94,3,0,16,0,2,1,0,2,0,38,68,20,234,12,3,13,42,3,3,18,44,42,107,7,7,44,78,7,4,139,0,1,8,1,40,1,5,9,0,885,20,5,6,3,0,5,0,0,2,0,1,4,5
5,46,3,89,0,15,31,3921,35247,44,181,875,1487,32,25,2073,205,124,7223,5262,157,808,257,4284,6653,19,5479,29,8,43,24,71,884,25,345,1551,9646,127,342,69,15,32,125,358,55,57,81,35,2,25,0,0,2,0,0,3,64,101,20,360,4,5,33,91,4,3,10,40,21,356,4,20,51,346,0,11,1191,0,0,6,6,126,0,1,23,5,2227,6,2,43,4,5,33,0,4,3,1,0,0,3
27,277,49,264,3,16,29,78,44,36566,6840,2367,61,201,202,1326,70,216,138,91,4866,4639,264,14,25,29,56,31,298,173,97,380,892,56,184,198,246,54,114,8,6838,10860,1063,141,60,90,334,77,6,5682,0,2,1,1,1,6,0,0,8,6,9,1,0,0,3,4,39,4,30,2,1,7,5,1,9,5,13,0,1,23,4,3,4,7,2,2,127,36,11,5,10,1,10,0,1,9,1,0,5,6
1,29,4,42,2,2,12,1274,181,6840,6324,7862,266,57,25,577,390,831,724,181,1624,3804,1124,30,41,18,37,15,45,127,90,92,424,24,32,105,133,41,47,2,226,566,258,78,31,111,164,10,0,245,0,0,1,0,0,1,0,0,2,3,5,0,0,1,0,0,3,2,18,2,2,1,5,6,5,4,18,0,1,7,1,0,0,2,3,0,39,8,5,6,1,0,5,0,2,1,0,1,2,1
2,15,1,17,0,2,0,441,875,2367,7862,26362,3990,44,23,159,2355,315,155,1675,7623,1431,4131,56,496,25,125,14,46,124,89,169,5516,21,15,49,169,255,30,5,79,288,242,147,122,76,388,5,0,179,0,0,1,0,0,0,2,1,1,13,5,1,3,4,0,0,8,7,7,24,2,6,10,40,2,6,87,0,0,3,3,19,1,3,10,2,67,5,0,12,0,2,9,0,0,1,0,0,0,0
2,26,0,35,1,0,1,4978,1487,61,266,3990,17547,158,129,160,5866,3616,87,2780,1053,583,203,32,131,54,110,27,12,81,151,509,8574,47,9,15,360,40,10,5,17,62,562,58,696,38,110,5,2,86,0,0,2,0,0,1,13,29,1,93,2,1,9,24,0,2,7,2,8,100,0,4,9,90,1,6,173,0,0,2,3,35,0,1,9,1,242,5,0,20,1,0,10,1,2,3,0,0,0,1
5080,4610,409,2849,1285,256,105,35,32,201,57,44,158,51528,8980,665,26,323,12,432,173,522,21,7,45,79,40,33,3960,21698,100,445,542,53,290,98,507,79,221,4,925,1269,2000,81,474,31,82,409,13914,1957,8,49,19,17,22,47,1,0,1,2,5,0,1,0,84,28,149,1,15,9,0,6,3,9,6,0,28,0,3,21,2,6,11,31,2,0,81,93,9,4,37,0,3,0,0,215,13,2,6,3
136,3774,27,8794,28,60,31,49,25,202,25,23,129,8980,13406,1252,15,461,25,368,168,367,11,2,25,39,15,13,323,1844,256,168,313,12,124,41,173,100,83,1,459,1568,9494,44,278,9,23,184,64,8453,4,19,5,2,13,16,0,0,0,1,4,1,0,2,17,16,60,0,5,2,2,2,4,3,3,1,24,0,3,7,1,4,6,14,0,0,39,35,3,2,15,0,1,0,0,88,1,1,12,4
124,2065,283,12140,26,590,1886,525,2073,1326,577,159,160,665,1252,29902,111,2740,4664,1193,903,762,56,405,708,29,285,7,141,387,6611,99,246,16,4385,2625,1636,232,678,10,300,666,12929,162,160,13,45,1259,60,146,12,66,33,16,33,67,3,5,26,49,50,9,8,6,89,88,303,27,137,15,11,17,33,15,43,2,37,0,25,86,1,11,40,84,5,2,462,269,67,13,96,0,6,0,0,275,13,13,45,43
0,5,0,14,1,0,1,669,205,70,390,2355,5866,26,15,111,5307,3381,107,168,4508,295,136,77,15,12,21,3,5,25,1190,83,1436,7,12,18,103,12,31,0,13,24,307,25,71,21,61,0,1,15,0,0,0,0,0,0,1,4,5,11,4,2,0,2,0,0,2,13,7,1,1,2,15,1,1,1,5,0,0,4,0,0,1,2,0,0,139,2,1,0,1,0,1,0,0,0,0,0,1,0
10,158,7,430,0,9,7,9306,124,216,831,315,3616,323,461,2740,3381,5961,2444,1207,2362,633,100,49,29,28,25,6,20,70,4979,130,730,14,18,82,256,99,59,1,43,74,3369,35,336,41,49,5,3,33,2,0,2,0,1,4,4,13,21,30,19,8,1,7,6,10,33,24,62,14,9,5,22,12,16,3,23,1,4,44,0,6,5,3,4,0,264,47,18,6,4,0,3,0,1,2,2,3,7,11
0,17,2,36,0,3,4,2439,7223,138,724,155,87,12,25,4664,107,2444,10294,643,277,431,83,1085,401,11,175,8,8,27,93,53,106,8,43,1915,1109,65,86,3,18,53,208,80,23,25,34,4,2,11,0,1,2,0,2,5,4,13,37,44,27,7,7,9,4,11,49,39,97,10,20,7,44,7,25,3,26,0,2,39,2,8,8,9,6,2,635,67,12,4,11,0,1,0,0,2,1,1,15,8
8,323,9,607,6,32,31,6802,5262,91,181,1675,2780,432,368,1193,168,1207,643,23663,240,1358,1316,31,4360,104,695,32,59,212,182,670,8031,48,110,273,185,3072,54,10,65,108,1295,668,3284,99,259,28,9,106,0,2,8,1,2,4,15,18,5,112,8,5,102,74,7,8,22,10,21,408,4,46,21,676,3,9,1066,2,1,13,8,273,3,11,192,2,182,12,8,155,5,3,80,1,16,1,2,0,2,5
4,27,5,57,1,0,5,189,157,4866,1624,7623,1053,173,168,903,4508,2362,277,240,26534,498,291,83,31,35,37,17,118,473,1660,381,1866,31,81,186,373,51,122,2,234,1181,6098,68,139,29,197,7,2,3598,0,1,2,0,1,1,1,2,23,18,21,1,0,2,1,5,36,22,58,3,5,5,25,5,19,3,15,0,4,30,2,2,8,5,2,0,258,70,15,7,8,0,7,0,0,4,0,1,10,9
294,817,222,415,49,56,44,1822,808,4639,3804,1431,583,522,367,762,295,633,431,1358,498,22632,5069,27,411,155,370,1620,4914,480,88,394,503,383,106,146,225,485,95,160,10177,1824,502,916,160,5888,712,65,27,320,1,6,0,2,3,6,1,1,2,11,11,1,0,3,2,5,31,3,15,12,0,15,3,23,2,16,76,0,1,14,20,20,5,8,30,18,68,23,10,33,10,21,58,0,11,17,3,1,6,4
3,12,3,6,0,5,4,254,257,264,1124,4131,203,21,11,56,136,100,83,1316,291,5069,13733,28,918,453,1063,210,148,36,8,730,3253,522,26,35,39,1122,73,173,51,113,67,2097,408,5528,4771,39,4,46,0,0,0,0,0,2,0,2,2,2,2,0,7,1,1,2,0,2,2,18,2,41,5,54,1,51,226,8,0,4,46,67,1,0,77,37,11,1,1,159,1,41,136,4,31,0,0,0,4,4
2,5,0,14,0,66,101,68,4284,14,30,56,32,7,2,405,77,49,1085,31,83,27,28,4335,951,16,1490,75,7,13,2,47,39,42,1082,4157,4019,22,5359,211,7,13,27,412,5,11,44,240,14,8,0,1,2,0,0,2,1,2,3,7,3,0,3,0,0,4,6,4,11,6,1,2,2,5,1,3,29,2,1,5,4,3,0,1,2,2,128,10,1,6,0,16,8,0,4,5,0,0,1,2
2,71,11,113,0,75,54,95,6653,25,41,496,131,45,25,708,15,29,401,4360,31,411,918,951,14331,143,15398,43,15,25,12,577,2014,88,476,704,350,549,624,136,14,24,90,3313,390,62,365,211,20,18,2,1,4,1,0,4,2,6,0,34,2,7,38,35,12,7,13,6,9,265,2,96,5,535,0,44,1594,0,1,2,33,282,6,8,307,12,66,3,5,404,1,15,213,1,12,2,0,0,1,2
1,28,1,37,0,4,5,37,19,29,18,25,54,79,39,29,12,28,11,104,35,155,453,16,143,22069,1049,64,13,57,8,10989,215,5234,4,10,15,8579,47,95,18,37,109,10464,1878,162,1288,20,2,24,0,0,1,0,0,2,0,0,0,5,7,0,1,0,1,5,2,0,0,4,3,84,2,47,0,246,418,12,2,3,209,104,0,2,109,129,8,1,4,286,0,76,398,9,112,0,0,0,1,1
1,26,4,44,2,147,58,101,5479,56,37,125,110,40,15,285,21,25,175,695,37,370,1063,1490,15398,1049,32166,2274,34,39,4,2491,929,1160,489,532,2326,798,2443,8779,18,48,52,18916,539,342,1641,744,41,16,1,0,4,1,0,0,2,2,0,13,1,4,13,5,7,5,3,1,0,38,3,101,4,129,0,194,935,35,2,2,144,181,1,3,201,99,64,3,3,458,2,290,357,6,71,2,0,1,2,1
11,26,12,11,3,25,6,17,29,31,15,14,27,33,13,7,3,6,8,32,17,1620,210,75,43,64,2274,69631,976,100,1,380,60,10663,32,20,406,75,840,20258,246,65,24,1444,59,20369,9454,124,8,15,0,0,0,0,0,0,0,0,0,0,0,0,0,0,2,0,0,0,1,0,0,21,0,7,0,24,100,106,0,1,24,1,0,0,2,99,3,0,1,15,1,688,96,4,19,2,0,0,0,0
938,706,395,245,413,201,55,8,8,298,45,46,12,3960,323,141,5,20,8,59,118,4914,148,7,15,13,34,976,94118,8383,10,133,142,80,52,41,129,20,55,60,25383,1060,293,69,64,1040,109,75,5589,361,0,5,3,6,4,3,0,0,0,0,2,0,0,0,7,1,21,0,9,1,1,2,1,1,1,2,6,0,1,6,1,0,4,6,1,4,24,25,7,0,11,3,3,0,1,19,3,0,5,4
910,913,409,571,315,67,52,14,43,173,127,124,81,21698,1844,387,25,70,27,212,473,480,36,13,25,57,39,100,8383,46134,30,534,749,54,137,145,383,46,107,6,9274,9965,1352,76,283,66,173,49,620,3161,2,8,9,4,7,7,0,1,0,2,8,0,1,0,11,18,80,0,26,6,3,5,1,5,10,3,26,0,6,30,2,2,11,29,1,0,107,81,11,11,32,1,4,0,0,32,5,2,9,6
3,116,2,823,0,17,2,81,24,97,90,89,151,100,256,6611,1190,4979,93,182,1660,88,8,2,12,8,4,1,10,30,10872,27,164,1,48,49,122,32,45,1,27,36,12838,14,79,1,9,73,3,8,0,4,6,0,2,3,0,0,0,0,1,0,0,3,4,4,28,2,12,0,0,3,5,0,2,0,4,0,1,8,1,3,6,5,0,0,32,25,7,0,7,0,1,0,0,24,1,0,3,3
3,63,6,80,2,10,6,115,71,380,92,169,509,445,168,99,83,130,53,670,381,394,730,47,577,10989,2491,380,133,534,27,56474,4669,6251,26,35,54,2384,149,358,155,512,460,5988,5367,468,16677,56,11,424,0,1,3,0,0,0,1,1,0,8,8,2,4,2,5,5,5,3,1,8,2,139,9,70,2,329,609,13,0,1,308,167,6,3,167,222,13,2,6,452,4,146,525,17,142,1,1,0,2,1
6,58,2,107,1,7,7,419,884,892,424,5516,8574,542,313,246,1436,730,106,8031,1866,503,3253,39,2014,215,929,60,142,749,164,4669,27998,164,39,74,109,2554,59,20,255,980,1170,1327,4564,130,2579,28,9,839,0,0,1,0,0,1,2,3,3,17,5,3,29,14,6,5,11,5,15,96,2,67,5,176,5,34,415,1,0,7,37,164,1,1,169,15,75,10,2,193,1,8,102,4,22,2,0,0,1,4
2,7,1,4,0,13,4,21,25,56,24,21,47,53,12,16,7,14,8,48,31,383,522,42,88,5234,1160,10663,80,54,1,6251,164,39010,19,8,65,331,182,7430,50,53,40,11843,247,3623,19514,70,4,25,0,0,1,0,0,0,0,0,0,4,1,1,1,0,1,0,0,1,0,0,0,100,0,13,1,150,133,50,0,0,155,10,0,0,6,473,10,0,2,50,2,690,420,21,95,3,0,0,0,2
29,172,78,724,7,918,2552,12,345,184,32,15,9,290,124,4385,12,18,43,110,81,106,26,1082,476,4,489,32,52,137,48,26,39,19,10479,6210,1865,42,16157,64,80,171,303,209,12,7,26,2507,51,36,3,18,14,11,14,28,0,0,4,7,11,5,0,1,40,21,114,4,25,4,3,8,7,4,5,2,12,1,6,22,0,6,14,36,5,1,116,99,11,5,44,3,7,1,0,119,7,1,14,6
4,40,4,94,2,16,33,181,1551,198,105,49,15,98,41,2625,18,82,1915,273,186,146,35,4157,704,10,532,20,41,145,49,35,74,8,6210,21932,2845,62,4425,30,67,157,417,162,13,5,20,56,8,45,2,2,2,1,1,6,1,2,17,23,16,3,3,2,13,13,79,14,91,12,3,7,14,12,17,0,44,0,8,37,1,6,14,20,4,1,420,93,27,5,30,2,5,0,0,14,0,0,10,21
34,193,47,393,9,255,277,1154,9646,246,133,169,360,507,173,1636,103,256,1109,185,373,225,39,4019,350,15,2326,406,129,383,122,54,109,65,1865,2845,2708,23,7819,507,145,234,880,253,12,30,53,868,37,98,0,2,3,1,1,1,3,3,4,19,6,1,2,5,3,8,20,8,14,7,2,1,6,7,5,3,22,6,2,8,1,4,2,4,0,4,282,7,4,1,4,40,3,0,0,9,1,0,1,1
6,142,5,215,1,18,15,219,127,54,41,255,40,79,100,232,12,99,65,3072,51,485,1122,22,549,8579,798,75,20,46,32,2384,2554,331,42,62,23,29809,58,29,16,43,264,12581,9227,111,774,36,1,25,0,0,2,1,1,2,0,5,2,11,2,3,17,4,19,7,7,1,6,33,2,123,5,164,1,140,481,5,1,5,79,241,7,5,305,43,5,6,4,364,0,10,235,5,47,3,2,0,6,5
24,138,52,205,5,1646,2342,49,342,114,47,30,10,221,83,678,31,59,86,54,122,95,73,5359,624,47,2443,840,55,107,45,149,59,182,16157,4425,7819,58,38932,1144,43,94,198,1195,13,73,164,5026,56,28,2,6,1,1,1,9,0,0,3,5,12,0,0,0,10,8,66,3,32,2,1,5,9,3,3,6,35,8,2,20,3,4,5,10,5,6,190,62,9,14,17,56,8,1,2,38,0,2,6,1
0,0,0,2,0,36,9,4,69,8,2,5,5,4,1,10,0,1,3,10,2,160,173,211,136,95,8779,20258,60,6,1,358,20,7430,64,30,507,29,1144,35504,16,7,5,12168,20,1520,1645,163,5,4,0,0,0,0,0,0,0,0,0,1,1,1,0,0,0,1,0,1,1,0,0,68,4,14,0,65,434,328,0,0,57,4,0,0,5,465,18,0,0,11,12,3103,282,30,54,6,1,1,0,1
578,865,373,342,118,60,42,16,15,6838,226,79,17,925,459,300,13,43,18,65,234,10177,51,7,14,18,18,246,25383,9274,27,155,255,50,80,67,145,16,43,16,57213,10726,411,47,59,314,77,44,86,687,1,0,0,2,1,4,0,0,2,0,2,0,0,0,4,5,24,2,14,2,1,0,1,1,1,1,4,0,0,10,2,1,2,6,0,1,45,19,7,3,5,1,7,0,0,9,0,0,1,1
146,728,101,455,18,22,44,22,32,10860,566,288,62,1269,1568,666,24,74,53,108,1181,1824,113,13,24,37,48,65,1060,9965,36,512,980,53,171,157,234,43,94,7,10726,35136,1480,98,110,82,241,56,9,8826,2,1,3,1,2,4,1,0,4,5,13,2,1,0,5,7,31,1,45,7,1,2,4,2,9,2,19,1,1,28,0,2,9,9,0,0,116,46,11,10,14,0,4,0,3,12,1,1,3,4
12,255,8,2670,4,41,14,194,125,1063,258,242,562,2000,9494,12929,307,3369,208,1295,6098,502,67,27,90,109,52,24,293,1352,12838,460,1170,40,303,417,880,264,198,5,411,1480,48849,99,828,14,100,190,13,4468,4,21,17,1,11,17,2,2,3,16,27,1,3,3,35,35,191,3,66,11,4,6,11,15,10,1,41,0,5,39,0,12,17,44,6,0,225,170,28,11,58,0,6,0,2,98,15,2,14,16
5,39,2,75,0,71,30,78,358,141,78,147,58,81,44,162,25,35,80,668,68,916,2097,412,3313,10464,18916,1444,69,76,14,5988,1327,11843,209,162,253,12581,1195,12168,47,98,99,92056,1176,1264,5056,423,32,46,1,1,4,1,3,4,0,1,1,8,7,4,14,6,5,5,7,3,5,7,3,233,6,133,2,550,745,74,0,1,527,185,6,3,242,546,11,2,7,463,2,569,908,38,257,14,0,0,2,7
14,158,2,253,3,5,2,269,55,60,31,122,696,474,278,160,71,336,23,3284,139,160,408,5,390,1878,539,59,64,283,79,5367,4564,247,12,13,12,9227,13,20,59,110,828,1176,8333,32,409,12,5,94,0,0,2,0,0,0,1,1,5,6,2,1,20,5,3,7,7,3,2,34,0,78,6,150,2,33,275,0,1,8,24,190,1,1,239,8,21,0,0,248,0,0,103,2,21,1,0,0,3,2
21,27,13,7,4,4,3,89,57,90,111,76,38,31,9,13,21,41,25,99,29,5888,5528,11,62,162,342,20369,1040,66,1,468,130,3623,7,5,30,111,73,1520,314,82,14,1264,32,16704,9091,18,0,24,0,0,0,0,0,0,1,0,0,3,0,0,0,0,0,1,0,0,0,3,0,14,0,3,0,21,37,5,0,0,17,4,0,0,2,45,7,0,1,13,0,89,45,4,11,0,0,0,0,1
6,17,4,25,0,10,3,94,81,334,164,388,110,82,23,45,61,49,34,259,197,712,4771,44,365,1288,1641,9454,109,173,9,16677,2579,19514,26,20,53,774,164,1645,77,241,100,5056,409,9091,44603,59,1,121,0,0,4,0,0,0,0,1,1,2,0,1,6,3,1,9,4,1,2,6,1,75,0,38,2,206,270,30,0,0,179,74,2,2,99,229,7,0,0,217,3,268,327,14,95,3,0,0,1,0
130,621,687,2023,271,5083,2080,3,35,77,10,5,5,409,184,1259,0,5,4,28,7,65,39,240,211,20,744,124,75,49,73,56,28,70,2507,56,868,36,5026,163,44,56,190,423,12,18,59,6653,256,8,28,55,11,34,47,29,0,0,0,1,4,0,0,0,11,4,29,2,4,3,0,2,0,0,0,4,11,1,2,3,3,1,4,9,0,2,24,19,0,6,6,9,4,0,1,113,14,0,1,2
1488,388,413,148,3353,2011,83,0,2,6,0,0,2,13914,64,60,1,3,2,9,2,27,4,14,20,2,41,8,5589,620,3,11,9,4,51,8,37,1,56,5,86,9,13,32,5,0,1,256,10334,4,13,14,0,14,4,2,0,0,0,0,0,0,0,0,6,0,4,0,0,2,0,0,0,0,0,0,0,0,0,1,0,0,0,0,1,0,0,2,0,1,1,0,0,0,0,13,7,1,0,1
8,59,9,193,2,1,7,16,25,5682,245,179,86,1957,8453,146,15,33,11,106,3598,320,46,8,18,24,16,15,361,3161,8,424,839,25,36,45,98,25,28,4,687,8826,4468,46,94,24,121,8,4,9937,0,0,0,0,1,1,0,1,0,1,2,1,0,0,0,2,22,1,12,2,1,2,4,2,0,0,13,0,2,8,0,2,4,0,0,0,41,22,1,4,7,1,2,0,0,3,0,0,2,3
21,42,70,36,27,140,26,0,0,0,0,0,0,8,4,12,0,2,0,0,0,1,0,0,2,0,1,0,0,2,0,0,0,0,3,2,0,0,2,0,1,2,4,1,0,0,0,28,13,0,42398,11399,1140,12937,9353,1146,0,0,1,0,36,1,0,1,14162,108,113,0,3,13,0,225,8,6,1,5,8,3,1815,3,4,10,1105,23,10,2,8,71,6,19,45,2,9,2,3,535,14581,128,235,17
59,153,180,141,50,232,93,2,0,2,0,0,0,49,19,66,0,0,1,2,1,6,0,1,1,0,0,0,5,8,4,1,0,0,18,2,2,0,6,0,0,1,21,1,0,0,0,55,14,0,11399,60628,10624,11394,2747,9346,0,1,1,3,245,2,1,4,11251,89,228,1,7,19,3,533,18,8,4,6,4,2,774,1,12,15,902,19,17,2,34,167,24,29,14,0,6,0,2,1144,782,238,879,42
9,29,25,34,3,10,19,1,2,1,1,1,2,19,5,33,0,2,2,8,2,0,0,2,4,1,4,0,3,9,6,3,1,1,14,2,3,2,1,0,0,3,17,4,2,0,4,11,0,0,1140,10624,54270,112,302,14004,76,21,4,39,585,16,16,44,19524,8286,5489,17,15,414,11,400,44,52,7,76,45,3,490,75,69,259,1001,221,326,31,82,813,39,448,52,10,83,4,18,358,628,149,1379,149
63,60,1834,88,284,1418,107,0,0,1,0,0,0,17,2,16,0,0,0,1,0,2,0,0,1,0,1,0,6,4,0,0,0,0,11,1,1,1,1,0,2,1,1,1,0,0,0,34,14,0,12937,11394,112,46498,17459,22122,0,0,0,0,27,0,0,2,279,10,78,0,2,7,2,127,9,5,0,5,1,2,231,0,1,4,220,2,1,0,10,875,3,6,952,1,2,1,0,2922,346,39,122,5
39,118,208,128,41,213,105,2,0,1,0,0,0,22,13,33,0,1,2,2,1,3,0,0,0,0,0,0,4,7,2,0,0,0,14,1,1,1,1,0,1,2,11,3,0,0,0,47,4,1,9353,2747,302,17459,25968,13554,1,1,0,10,56,4,1,1,373,11,241,1,1,18,1,43,48,28,0,9,63,2,164,1,13,27,105,3,6,2,84,2223,5,33,887,13,38,1,3,8296,3747,25,70,7
27,97,160,95,26,114,158,0,3,6,1,0,1,47,16,67,0,4,5,4,1,6,2,2,4,2,0,0,3,7,3,0,1,0,28,6,1,2,9,0,4,4,17,4,0,0,0,29,2,1,1146,9346,14004,22122,13554,44183,7,10,6,47,431,18,12,16,2346,64,7682,9,26,206,10,281,150,94,6,31,36,3,246,15,37,121,476,26,90,20,228,6963,23,294,1229,9,86,3,11,2450,338,108,735,83
0,0,0,3,0,0,0,38,64,0,0,2,13,1,0,3,1,4,4,15,1,1,0,1,2,0,2,0,0,0,0,1,2,0,0,1,3,0,0,0,0,1,2,0,1,1,0,0,0,0,0,0,76,0,1,7,3060,3547,590,985,9,41,96,4667,73,183,368,958,234,3715,12,29,119,123,47,0,33,1,4,407,3,1339,18,269,20,1,527,11,54,19,1,1,12,1,3,6,0,1,10,8
0,0,0,0,0,0,0,68,101,0,0,1,29,0,0,5,4,13,13,18,2,1,2,2,6,0,2,0,0,1,0,1,3,0,0,2,3,5,0,0,0,0,2,1,1,0,1,0,0,1,0,1,21,0,1,10,3547,23002,3801,3847,31,175,103,1631,26,68,397,8995,448,7156,28,242,650,72,23,13,41,6,1,322,20,475,5,117,134,6,2138,13,24,78,5,1,21,13,18,1,1,1,7,4
0,2,0,2,0,0,2,20,20,8,2,1,1,1,0,26,5,21,37,5,23,2,2,3,0,0,0,0,0,0,0,0,3,0,4,17,4,2,3,0,2,4,3,1,5,0,1,0,0,0,1,1,4,0,0,6,590,3801,3434,4449,281,668,138,346,3,14,356,3045,2242,743,95,571,136,57,217,11,26,3,4,3662,37,376,6,26,170,10,646,12,22,74,17,2,23,19,24,1,1,3,28,24
0,3,1,8,0,1,1,234,360,6,3,13,93,2,1,49,11,30,44,112,18,11,2,7,34,5,13,0,0,2,0,8,17,4,7,23,19,11,5,1,0,5,16,8,6,3,2,1,0,1,0,3,39,0,10,47,985,3847,4449,45556,220,593,751,1410,22,46,664,780,6429,5741,226,877,9995,5549,74,51,1180,26,5,97,104,1185,30,55,326,38,10295,198,45,308,32,14,206,66,90,4,1,6,43,52
0,6,3,13,0,3,6,12,4,9,5,5,2,5,4,50,4,19,27,8,21,11,2,3,2,7,1,0,2,8,1,8,5,1,11,16,6,2,12,1,2,13,27,7,2,0,0,4,0,2,36,245,585,27,56,431,9,31,281,220,51213,5031,2200,304,341,638,2493,1441,1147,69,11044,3609,243,83,716,82,89,39,279,484,187,375,433,473,34,79,886,916,1410,98,374,19,122,143,231,107,223,37363,26252,8677
0,1,0,2,0,0,0,3,5,1,0,1,1,0,1,9,2,8,7,5,1,1,0,0,7,0,4,0,0,0,0,2,3,1,5,3,1,3,0,1,0,2,1,4,1,0,1,0,0,1,1,2,16,0,4,18,41,175,668,593,5031,7481,7304,553,24,102,371,2488,475,123,7205,4511,152,155,519,14,91,8,21,258,34,433,54,48,11,15,152,67,413,33,29,2,63,52,96,4,6,16,167,466
0,0,0,2,0,0,0,13,33,0,0,3,9,1,0,8,0,1,7,102,0,0,7,3,38,1,13,0,0,1,0,4,29,1,0,3,2,17,0,0,0,1,3,14,20,0,6,0,0,0,0,1,16,0,1,12,96,103,138,751,2200,7304,24941,16880,35,154,91,6065,115,903,5303,9786,129,1324,491,37,492,15,20,520,125,6866,51,28,262,47,176,26,331,210,12,10,254,190,442,7,3,6,131,319
0,0,0,1,0,0,0,42,91,0,1,4,24,0,2,6,2,7,9,74,2,3,1,0,35,0,5,0,0,0,3,2,14,0,1,2,5,4,0,0,0,0,3,6,5,0,3,0,0,0,1,4,44,2,1,16,4667,1631,346,1410,304,553,16880,16795,81,306,230,11572,204,1135,1548,693,162,841,286,12,220,1,20,872,46,9162,48,177,173,10,480,18,194,60,9,1,79,35,75,1,3,3,51,103
13,74,63,99,7,42,57,3,4,3,0,0,0,84,17,89,0,6,4,7,1,2,1,0,12,1,7,2,7,11,4,5,6,1,40,13,3,19,10,0,4,5,35,5,3,0,1,11,6,0,14162,11251,19524,279,373,2346,73,26,3,22,341,24,35,81,65371,13782,1866,23,35,277,11,476,22,55,14,263,60,36,3950,135,250,495,13320,1109,559,157,171,529,508,513,168,41,99,11,35,1060,9882,253,1355,413
1,19,5,17,1,6,9,3,3,4,0,0,2,28,16,88,0,10,11,8,5,5,2,4,7,5,5,0,1,18,4,5,5,0,21,13,8,7,8,1,5,7,35,5,7,1,9,4,0,2,108,89,8286,10,11,64,183,68,14,46,638,102,154,306,13782,61176,4266,98,92,402,170,498,30,87,43,265,88,55,1028,1280,437,1188,4883,5405,640,146,337,248,7329,372,139,26,125,37,154,88,353,153,4318,6966
22,88,41,98,4,26,42,18,10,39,3,8,7,149,60,303,2,33,49,22,36,31,0,6,13,2,3,0,21,80,28,5,11,0,114,79,20,7,66,0,24,31,191,7,7,0,4,29,4,22,113,228,5489,78,241,7682,368,397,356,664,2493,371,91,230,1866,4266,29844,393,4230,1583,154,690,181,305,323,63,96,5,262,9020,76,580,902,7739,495,45,1001,11789,1545,647,597,5,169,13,28,1106,197,166,1227,530
0,1,0,2,0,1,2,44,40,4,2,7,2,1,0,27,13,24,39,10,22,3,2,4,6,0,1,0,0,0,2,3,5,1,4,14,8,1,3,1,2,1,3,3,3,0,1,2,0,1,0,1,17,0,1,9,958,8995,3045,780,1441,2488,6065,11572,23,98,393,13091,833,102,7426,1208,534,48,3533,19,35,6,8,5390,57,946,35,125,45,23,1156,42,309,32,41,6,48,42,90,2,2,4,75,204
1,7,0,18,0,1,4,42,21,30,18,7,8,15,5,137,7,62,97,21,58,15,2,11,9,0,0,1,9,26,12,1,15,0,25,91,14,6,32,1,14,45,66,5,2,0,2,4,0,12,3,7,15,2,1,26,234,448,2242,6429,1147,475,115,204,35,92,4230,833,12221,865,193,500,8679,554,386,18,138,7,19,3691,34,321,103,46,140,6,1729,2998,195,151,136,3,135,8,15,7,6,17,272,216
0,1,3,7,0,1,0,107,356,2,2,24,100,9,2,15,1,14,10,408,3,12,18,6,265,4,38,0,1,6,0,8,96,0,4,12,7,33,2,0,2,7,11,7,34,3,6,3,2,2,13,19,414,7,18,206,3715,7156,743,5741,69,123,903,1135,277,402,1583,102,865,26936,22,445,98,3298,22,106,1331,16,32,436,133,5187,61,755,4114,30,612,103,111,4611,5,7,980,15,64,14,28,7,55,22
0,1,0,0,0,0,0,7,4,1,2,2,0,0,2,11,1,9,20,4,5,0,2,1,2,3,3,0,1,3,0,2,2,0,3,3,2,2,1,0,1,1,4,3,0,0,1,0,0,1,0,3,11,2,1,10,12,28,95,226,11044,7205,5303,1548,11,170,154,7426,193,22,17900,1258,155,37,8630,31,44,24,22,1097,101,312,95,20,17,38,352,86,5009,31,67,11,51,64,127,5,7,22,388,7109
0,2,2,10,0,3,3,7,20,7,1,6,4,6,2,17,2,5,7,46,5,15,41,2,96,84,101,21,2,5,3,139,67,100,8,7,1,123,5,68,0,2,6,233,78,14,75,2,0,2,225,533,400,127,43,281,29,242,571,877,3609,4511,9786,693,476,498,690,1208,500,445,1258,52389,194,1335,270,565,1967,1938,3473,307,1194,9376,997,220,423,2038,232,201,489,927,139,603,2376,15905,11265,89,164,3064,1903,636
1,2,3,6,0,2,0,44,51,5,5,10,9,3,4,33,15,22,44,21,25,3,5,2,5,2,4,0,1,1,5,9,5,0,7,14,6,5,9,4,1,4,11,6,6,0,0,0,0,4,8,18,44,9,48,150,119,650,136,9995,243,152,129,162,22,30,181,534,8679,98,155,194,6584,2330,83,29,748,6,5,53,42,236,20,24,35,16,5828,3350,48,72,1106,80,197,7,37,158,9,3,49,46
0,4,1,9,0,3,0,78,346,1,6,40,90,9,3,15,1,12,7,676,5,23,54,5,535,47,129,7,1,5,0,70,176,13,4,12,7,164,3,14,1,2,15,133,150,3,38,0,0,2,6,8,52,5,28,94,123,72,57,5549,83,155,1324,841,55,87,305,48,554,3298,37,1335,2330,23792,20,180,17215,91,4,58,308,3821,27,51,838,125,1226,274,45,3074,250,457,2928,35,250,140,15,3,30,34
0,0,0,2,0,0,1,7,0,9,5,2,1,6,3,43,1,16,25,3,19,2,1,1,0,0,0,0,1,10,2,2,5,1,5,17,5,1,3,0,1,9,10,2,2,0,2,0,0,0,1,4,7,0,0,6,47,23,217,74,716,519,491,286,14,43,323,3533,386,22,8630,270,83,20,7911,32,23,8,6,6240,60,277,25,1139,16,23,563,94,3966,20,52,5,20,25,51,1,2,6,64,1958
0,0,0,0,0,0,1,4,11,5,4,6,6,0,1,2,1,3,3,9,3,16,51,3,44,246,194,24,2,3,0,329,34,150,2,0,3,140,6,65,1,2,1,550,33,21,206,4,0,0,5,6,76,5,9,31,0,13,11,51,82,14,37,12,263,265,63,19,18,106,31,565,29,180,32,29036,1517,166,65,70,10066,698,227,76,9046,10160,42,11,143,8902,37,443,22119,82,421,32,25,8,124,117
2,11,1,15,1,4,2,139,1191,13,18,87,173,28,24,37,5,23,26,1066,15,76,226,29,1594,418,935,100,6,26,4,609,415,133,12,44,22,481,35,434,4,19,41,745,275,37,270,11,0,13,8,4,45,1,63,36,33,41,26,1180,89,91,492,220,60,88,96,35,138,1331,44,1967,748,17215,23,1517,29277,1033,18,36,1915,2624,44,37,1577,1127,1133,140,56,1634,844,6630,15937,156,1023,657,56,3,58,73
0,0,0,0,0,0,0,0,0,0,0,0,0,0,0,0,0,1,0,2,0,0,8,2,0,12,35,106,0,0,0,13,1,50,1,0,6,5,8,328,0,1,0,74,0,5,30,1,0,0,3,2,3,2,2,3,1,6,3,26,39,8,15,1,36,55,5,6,7,16,24,1938,6,91,8,166,1033,46506,762,9,121,54,74,4,38,10509,86,7,44,72,64,19208,931,27514,1252,26,5,115,48,53
5,5,6,7,0,7,2,1,0,1,1,0,0,3,3,25,0,4,2,1,4,1,0,1,1,2,2,0,1,6,1,0,0,0,6,8,2,1,2,0,0,1,5,0,1,0,0,2,0,2,1815,774,490,231,164,246,4,1,4,5,279,21,20,20,3950,1028,262,8,19,32,22,3473,5,4,6,65,18,762,162053,35,83,92,27679,153,55,54,99,170,387,57,48,40,32,574,23,103,17967,19694,2924,524
0,7,2,16,0,2,3,8,6,23,7,3,2,21,7,86,4,44,39,13,30,14,4,5,2,3,2,1,6,30,8,1,7,0,22,37,8,5,20,0,10,28,39,1,8,0,0,3,1,8,3,1,75,0,1,15,407,322,3662,97,484,258,520,872,135,1280,9020,5390,3691,436,1097,307,53,58,6240,70,36,9,35,10153,111,1063,92,6438,369,22,780,245,2677,139,110,2,41,26,55,22,8,21,174,142
0,1,0,0,0,0,1,1,6,4,1,3,3,2,1,1,0,0,2,8,2,20,46,4,33,209,144,24,1,2,1,308,37,155,0,1,1,79,3,57,2,0,0,527,24,17,179,3,0,0,4,12,69,1,13,37,3,20,37,104,187,34,125,46,250,437,76,57,34,133,101,1194,42,308,60,10066,1915,121,83,111,25218,2149,301,84,2543,9226,81,21,301,1151,66,330,3989,319,12118,48,30,13,222,271
1,0,0,8,0,1,1,40,126,3,0,19,35,6,4,11,0,6,8,273,2,20,67,3,282,104,181,1,0,2,3,167,164,10,6,6,4,241,4,4,1,2,12,185,190,4,74,1,0,2,10,15,259,4,27,121,1339,475,376,1185,375,433,6866,9162,495,1188,580,946,321,5187,312,9376,236,3821,277,698,2624,54,92,1063,2149,32952,355,446,16883,291,307,115,729,1977,71,39,2503,161,7999,79,60,14,283,515
1,17,7,9,1,2,10,1,0,4,0,1,0,11,6,40,1,5,8,3,8,5,1,0,6,0,1,0,4,11,6,6,1,0,14,14,2,7,5,0,2,9,17,6,1,0,2,4,0,4,1105,902,1001,220,105,476,18,5,6,30,433,54,51,48,13320,4883,902,35,103,61,95,997,20,27,25,227,44,74,27679,92,301,355,105957,490,220,133,341,422,1800,246,181,41,84,45,78,138,4614,4398,30279,2648
4,16,6,18,0,3,6,5,1,7,2,3,1,31,14,84,2,3,9,11,5,8,0,1,8,2,3,0,6,29,5,3,1,0,36,20,4,5,10,0,6,9,44,3,1,0,2,9,0,0,23,19,221,2,3,26,269,117,26,55,473,48,28,177,1109,5405,7739,125,46,755,20,220,24,51,1139,76,37,4,153,6438,84,446,490,12917,446,37,263,213,8776,295,104,6,35,3,13,123,104,61,430,140
2,2,0,1,1,0,1,9,23,2,3,10,9,2,0,5,0,4,6,192,2,30,77,2,307,109,201,2,1,1,0,167,169,6,5,4,0,305,5,5,0,0,6,242,239,2,99,0,1,0,10,17,326,1,6,90,20,134,170,326,34,11,262,173,559,640,495,45,140,4114,17,423,35,838,16,9046,1577,38,55,369,2543,16883,220,446,26402,298,54,28,163,10013,16,42,991,16,179,23,40,12,98,61
0,0,0,0,0,0,0,0,5,2,0,2,1,0,0,2,0,0,2,2,0,18,37,2,12,129,99,99,4,0,0,222,15,473,1,1,4,43,6,465,1,0,0,546,8,45,229,2,0,0,2,2,31,0,2,20,1,6,10,38,79,15,47,10,157,146,45,23,6,30,38,2038,16,125,23,10160,1127,10509,54,22,9226,291,133,37,298,37795,42,10,91,1069,49,7583,9578,12933,8415,45,17,18,71,96
7,38,6,95,2,15,30,885,2227,127,39,67,242,81,39,462,139,264,635,182,258,68,11,128,66,8,64,3,24,107,32,13,75,10,116,420,282,5,190,18,45,116,225,11,21,7,7,24,0,41,8,34,82,10,84,228,527,2138,646,10295,886,152,176,480,171,337,1001,1156,1729,612,352,232,5828,1226,563,42,1133,86,99,780,81,307,341,263,54,42,2396,4128,695,34,5176,370,247,13,60,868,52,54,577,530
10,53,25,72,0,12,26,20,6,36,8,5,5,93,35,269,2,47,67,12,70,23,1,10,3,1,3,0,25,81,25,2,10,0,99,93,7,6,62,0,19,46,170,2,0,0,0,19,2,22,71,167,813,875,2223,6963,11,13,12,198,916,67,26,18,529,248,11789,42,2998,103,86,201,3350,274,94,11,140,7,170,245,21,115,422,213,28,10,4128,28357,414,80,11322,10,84,2,16,8358,95,63,611,397
0,3,1,6,0,1,0,5,2,11,5,0,0,9,3,67,1,18,12,8,15,10,1,1,5,4,3,1,7,11,7,6,2,2,11,27,4,4,9,0,7,11,28,7,0,1,0,0,0,1,6,24,39,3,5,23,54,24,22,45,1410,413,331,194,508,7329,1545,309,195,111,5009,489,48,45,3966,143,56,44,387,2677,301,729,1800,8776,163,91,695,414,40202,125,205,12,83,55,151,19,77,76,2495,16045
0,5,0,8,0,1,0,6,43,5,6,12,20,4,2,13,0,6,4,155,7,33,159,6,404,286,458,15,0,11,0,452,193,50,5,5,1,364,14,11,3,10,11,463,248,13,217,6,1,4,19,29,448,6,33,294,19,78,74,308,98,33,210,60,513,372,647,32,151,4611,31,927,72,3074,20,8902,1634,72,57,139,1151,1977,246,295,10013,1069,34,80,125,41421,36,156,23335,30,411,80,58,18,120,74
4,17,7,26,0,5,8,3,4,10,1,0,1,37,15,96,1,4,11,5,8,10,1,0,1,0,2,1,11,32,7,4,1,2,44,30,4,0,17,12,5,14,58,2,0,0,3,6,1,7,45,14,52,952,887,1229,1,5,17,32,374,29,12,9,168,139,597,41,136,5,67,139,1106,250,52,37,844,64,48,110,66,71,181,104,16,49,5176,11322,205,36,17303,242,282,5,28,6589,56,25,216,184
0,0,0,0,0,1,0,0,5,1,0,2,0,0,0,0,0,0,0,3,0,21,41,16,15,76,290,688,3,1,0,146,8,690,3,2,40,10,56,3103,1,0,0,569,0,89,268,9,0,1,2,0,10,1,13,9,1,1,2,14,19,2,10,1,41,26,5,6,3,7,11,603,80,457,5,443,6630,19208,40,2,330,39,41,6,42,7583,370,10,12,156,242,45044,12899,1606,426,186,16,8,15,19
0,1,0,3,0,1,1,5,33,10,5,9,10,3,1,6,1,3,1,80,7,58,136,8,213,398,357,96,3,4,1,525,102,420,7,5,3,235,8,282,7,4,6,908,103,45,327,4,0,2,9,6,83,2,38,86,12,21,23,206,122,63,254,79,99,125,169,48,135,980,51,2376,197,2928,20,22119,15937,931,32,41,3989,2503,84,35,991,9578,247,84,83,23335,282,12899,62459,472,1822,231,30,7,73,98
0,0,0,0,0,0,0,0,0,0,0,0,1,0,0,0,0,0,0,1,0,0,4,0,1,9,6,4,0,0,0,17,4,21,1,0,0,5,1,30,0,0,0,38,2,4,14,0,0,0,2,0,4,1,1,3,1,13,19,66,143,52,190,35,11,37,13,42,8,15,64,15905,7,35,25,82,156,27514,574,26,319,161,45,3,16,12933,13,2,55,30,5,1606,472,20466,19369,5,6,130,45,88
0,0,0,0,0,0,0,0,4,1,2,0,2,0,0,0,0,1,0,16,0,11,31,4,12,112,71,19,1,0,0,142,22,95,0,0,0,47,2,54,0,3,2,257,21,11,95,1,0,0,3,2,18,0,3,11,3,18,24,90,231,96,442,75,35,154,28,90,15,64,127,11265,37,250,51,421,1023,1252,23,55,12118,7999,78,13,179,8415,60,16,151,411,28,426,1822,19369,34188,20,6,6,108,174
93,442,384,436,23,189,330,2,3,9,1,1,3,215,88,275,0,2,2,1,4,17,0,5,2,0,2,2,19,32,24,1,2,3,119,14,9,3,38,6,9,12,98,14,1,0,3,113,13,3,535,1144,358,2922,8296,2450,6,1,1,4,107,4,7,1,1060,88,1106,2,7,14,5,89,158,140,1,32,657,26,103,22,48,79,138,123,23,45,868,8358,19,80,6589,186,231,5,20,9749,1421,11,91,32
11,10,24,12,17,66,3,0,1,1,0,0,0,13,1,13,0,2,1,2,0,3,0,0,0,0,0,0,3,5,1,1,0,0,7,0,1,2,0,1,0,1,15,0,0,0,0,14,7,0,14581,782,628,346,3747,338,0,1,1,1,223,6,3,3,9882,353,197,2,6,28,7,164,9,15,2,25,56,5,17967,8,30,60,4614,104,40,17,52,95,77,58,56,16,30,6,6,1421,46981,547,2083,63
0,1,0,3,0,1,1,1,0,0,1,0,0,2,1,13,0,3,1,0,1,1,0,0,0,0,1,0,0,2,0,0,0,0,1,0,0,0,2,1,0,1,2,0,0,0,0,0,1,0,128,238,149,39,25,108,1,1,3,6,37363,16,6,3,253,153,166,4,17,7,22,3064,3,3,6,8,3,115,19694,21,13,14,4398,61,12,18,54,63,76,18,25,8,7,130,6,11,547,51203,4486,198
0,10,2,5,1,2,4,4,0,5,2,0,0,6,12,45,1,7,15,2,10,6,4,1,1,1,2,0,5,9,3,2,1,0,14,10,1,6,6,0,1,3,14,2,3,0,1,1,0,2,235,879,1379,122,70,735,10,7,28,43,26252,167,131,51,1355,4318,1227,75,272,55,388,1903,49,30,64,124,58,48,2924,174,222,283,30279,430,98,71,577,611,2495,120,216,15,73,45,108,91,2083,4486,41561,10775
0,4,0,4,0,0,0,5,3,6,1,0,1,3,4,43,0,11,8,5,9,4,4,2,2,1,1,0,4,6,3,1,4,2,6,21,1,5,1,1,1,4,16,7,2,1,0,2,1,3,17,42,149,5,7,83,8,4,24,52,8677,466,319,103,413,6966,530,204,216,22,7109,636,46,34,1958,117,73,53,524,142,271,515,2648,140,61,96,530,397,16045,74,184,19,98,88,174,32,63,198,10775,20576
