21435,5714,4162,1250,10077,3130,399,2,1,473,17,0,0,6865,40,139,0,0,2,3,0,908,1,2,0,0,1,0,167,183,3,0,1,0,18,6,22,2,7,0,304,664,5,3,0,0,0,72,631,16,1,3,0,33,10,0,1,0,0,0,0,0,0,0,4,1,4,0,0,1,0,0,0,0,0,0,0,0,0,0,0,0,0,0,0,0,6,3,0,0,3,0,0,0,0,57,2,0,0,0
5714,26525,8011,18780,436,989,1270,6,2,738,45,0,1,1617,1640,510,1,1,7,8,2,404,1,4,9,0,4,0,61,90,12,1,0,0,52,2,16,7,27,0,125,562,10,0,0,0,0,202,77,31,13,3,3,9,45,5,0,0,0,1,1,0,0,0,13,1,11,0,1,2,0,0,0,0,1,0,0,0,1,0,0,0,1,4,0,0,8,12,0,0,6,0,1,0,0,171,2,0,0,0
4162,8011,27199,9969,5656,9644,10241,3,4,383,12,0,1,173,15,408,0,0,0,4,0,341,0,3,3,0,5,0,24,53,5,2,1,0,34,1,9,1,25,0,91,333,8,1,1,0,0,183,61,7,130,142,2,2922,179,363,0,0,0,0,1,0,0,0,4,0,3,0,1,0,0,2,0,1,0,0,0,0,2,0,0,1,0,0,0,0,5,4,0,0,4,0,0,0,0,181,1,0,0,0
1250,18780,9969,66856,387,1402,14234,111,57,1397,183,7,23,2693,18105,12629,15,78,81,389,5,296,21,13,182,7,63,0,53,103,844,35,27,1,245,207,205,157,107,0,78,294,2784,43,43,1,5,509,58,302,11,16,15,23,84,18,7,4,1,8,1,1,2,2,17,1,46,0,15,5,0,4,1,3,1,1,9,0,3,5,0,1,1,4,2,0,51,60,1,3,29,0,1,0,0,331,4,0,4,0
10077,436,5656,387,12065,21727,411,0,5,50,3,0,0,2750,26,72,0,0,0,0,0,133,0,17,0,0,5,0,58,48,2,0,0,0,41,3,15,2,36,0,62,75,4,3,0,0,0,559,2611,4,0,2,0,412,16,0,0,0,0,0,0,0,0,0,1,0,0,0,0,1,0,0,0,0,0,0,0,0,0,0,0,0,0,0,0,0,0,1,0,0,1,0,0,0,0,19,1,0,0,0
3130,989,9644,1402,21727,17054,15594,2,25,122,31,0,0,302,61,1603,2,1,12,15,0,125,2,153,56,3,133,7,11,21,10,2,2,1,807,35,203,6,1786,4,27,81,14,23,0,3,0,7685,3233,7,91,10,1,1190,278,19,1,0,0,0,1,0,0,0,15,4,18,0,1,0,0,1,1,1,0,3,2,0,1,0,0,1,0,3,2,0,24,22,1,1,16,0,0,0,0,362,27,0,0,0
399,1270,10241,14234,411,15594,19748,2,12,144,33,1,1,158,45,8375,0,4,8,15,1,62,2,94,41,0,42,2,4,7,7,12,5,0,2023,69,201,13,2154,1,12,42,24,8,1,1,0,1685,24,4,13,40,13,226,274,712,0,0,1,2,0,0,0,0,15,2,25,0,6,1,0,0,3,0,0,0,0,0,1,0,0,3,1,1,1,1,28,38,0,0,16,0,2,0,0,356,10,0,2,2
2,6,3,111,0,2,2,42309,4912,87,2060,316,8454,80,86,701,1667,8789,4629,4343,154,1771,890,45,162,34,103,13,9,38,955,153,483,12,9,138,2170,209,6,2,5,70,350,68,321,87,83,2,3,162,1,0,1,0,1,3,128,252,46,389,23,7,27,94,4,9,19,71,90,122,33,12,34,47,22,3,36,0,6,23,6,52,7,3,14,0,348,23,12,9,7,0,11,1,3,1,0,1,11,14
1,2,4,57,5,25,12,4912,41416,45,425,161,803,18,17,522,108,62,7351,5727,40,481,658,9351,4217,24,4541,5,5,5,36,109,914,8,205,1083,9919,62,317,13,3,15,54,159,21,39,39,82,1,5,1,0,4,1,6,5,254,363,36,719,9,7,78,259,5,3,16,86,63,516,17,37,31,197,4,5,296,0,2,7,8,171,5,2,32,3,764,10,5,28,3,0,25,0,8,9,0,1,5,6
473,738,383,1397,50,122,144,87,45,39187,4025,1873,497,721,903,1171,500,163,249,113,3333,2135,490,122,73,209,96,69,153,190,411,1083,850,46,170,401,700,164,151,12,29244,40846,3164,132,221,70,315,116,33,16932,3,2,2,2,2,2,5,3,3,11,8,0,6,7,7,4,47,1,55,23,5,3,6,10,6,11,6,0,3,19,3,15,6,6,9,0,171,83,27,12,26,1,10,0,7,24,4,1,13,4
17,45,12,183,3,31,33,2060,425,4025,6855,13909,2760,67,115,1175,2718,339,995,281,3088,4140,3740,191,66,55,177,51,7,26,457,622,2198,29,185,612,484,83,180,15,21,80,757,187,31,250,542,120,6,72,0,1,7,0,2,2,8,9,5,21,10,1,7,13,4,3,30,7,34,17,1,6,6,11,4,11,9,0,0,14,5,20,4,1,8,1,47,32,8,11,7,0,10,0,3,16,3,2,3,5
0,0,0,7,0,0,1,316,161,1873,13909,28729,17022,2,1,63,10541,45,174,337,7409,1062,9205,27,271,16,104,1,0,2,22,265,15810,6,11,47,113,79,7,1,0,13,35,51,25,68,237,0,0,16,0,0,0,0,0,0,0,0,4,8,2,0,2,2,1,1,1,2,11,20,0,2,2,15,2,5,5,0,1,3,3,8,0,0,8,2,8,1,1,1,1,0,3,0,0,1,0,0,0,0
0,1,1,23,0,0,1,8454,803,497,2760,17022,23118,87,49,98,8379,3357,385,1365,1727,663,1580,47,185,254,97,8,11,105,213,747,19019,30,5,39,775,189,3,5,13,266,508,67,1340,56,105,2,4,514,0,0,1,0,0,0,104,114,16,235,3,1,31,77,2,0,10,25,22,174,4,24,12,51,2,9,33,0,0,7,4,66,0,1,17,0,198,5,2,12,0,0,8,0,7,0,0,0,2,2
6865,1617,173,2693,2750,302,158,80,18,721,67,2,87,67851,14607,751,27,91,16,75,13,1742,8,13,22,32,24,6,3604,31666,205,70,44,4,190,66,241,182,94,1,2204,4821,358,14,149,3,8,322,19756,4449,8,5,2,3,21,8,1,1,0,3,8,0,1,2,19,6,49,0,9,9,0,2,3,2,0,0,2,0,0,6,0,5,1,6,1,0,89,47,5,0,38,0,1,0,0,167,1,1,5,2
40,1640,15,18105,26,61,45,86,17,903,115,1,49,14607,19658,1523,14,126,40,157,13,267,8,7,47,12,15,2,121,695,959,22,19,3,84,122,109,129,38,1,151,712,5236,8,77,0,1,156,113,6549,3,1,4,1,14,3,0,1,0,5,1,0,0,1,9,5,28,1,7,3,0,0,2,1,3,0,2,0,0,4,1,2,1,1,1,0,34,27,0,2,15,0,0,0,0,78,2,0,1,2
139,510,408,12629,72,1603,8375,701,522,1171,1175,63,98,751,1523,29362,123,517,5942,815,86,548,60,270,530,12,216,4,60,111,7529,40,58,2,5874,3587,1324,126,786,9,79,250,10654,93,21,9,21,3185,58,81,22,36,35,13,115,43,17,11,14,25,25,3,5,16,68,25,206,5,88,23,9,4,13,11,9,1,12,0,7,28,2,10,11,34,7,0,287,257,26,1,153,0,6,0,1,513,12,3,19,10
0,1,0,15,0,2,0,1667,108,500,2718,10541,8379,27,14,123,10818,5135,470,51,8405,330,282,39,17,14,19,5,3,22,1627,111,543,2,12,69,245,26,3,2,5,80,379,15,28,10,34,3,0,141,0,1,0,0,0,0,3,4,8,12,2,1,4,3,1,3,5,7,16,2,2,3,8,4,2,1,1,0,0,4,1,8,0,0,4,0,23,7,2,1,0,0,1,0,0,0,0,0,3,4
0,1,0,78,0,1,4,8789,62,163,339,45,3357,91,126,517,5135,8285,2386,504,700,191,66,39,18,24,14,3,6,40,3583,81,172,5,16,126,259,168,28,1,7,134,1608,10,216,5,10,8,1,346,0,0,3,0,0,2,4,6,6,17,10,0,3,7,3,8,13,8,35,13,1,5,3,10,8,1,2,0,1,11,2,9,2,4,2,0,51,26,12,0,7,0,1,0,0,0,1,1,6,7
2,7,0,81,0,12,8,4629,7351,249,995,174,385,16,40,5942,470,2386,20068,706,195,495,141,1823,797,7,316,5,13,18,316,71,122,3,95,3701,2495,46,91,5,9,59,111,86,20,7,23,20,0,14,1,4,11,0,2,13,20,18,33,64,33,10,8,23,7,11,41,33,125,39,29,14,25,18,24,1,17,0,3,51,4,15,10,6,5,0,207,80,37,6,18,0,6,0,3,4,0,2,28,20
3,8,4,389,0,15,15,4343,5727,113,281,337,1365,75,157,815,51,504,706,28457,54,401,1633,16,4845,208,925,23,10,29,623,1354,7288,30,43,189,443,4076,17,9,10,56,434,808,7207,68,170,27,6,68,0,1,10,0,2,9,290,199,17,537,12,5,282,442,8,9,26,13,79,1156,11,110,37,595,7,16,281,1,3,12,26,458,5,2,136,3,152,21,7,83,5,1,54,4,19,9,1,0,8,4
0,2,0,5,0,0,1,154,40,3333,3088,7409,1727,13,13,86,8405,700,195,54,26132,245,289,26,21,39,22,9,6,18,1502,192,534,3,21,110,206,45,19,1,3,302,5572,16,34,5,39,1,0,2185,0,0,0,0,0,0,0,0,7,8,3,1,0,0,0,1,10,0,11,1,1,2,1,1,0,1,0,0,1,8,3,2,1,1,2,0,43,11,1,2,0,0,1,0,3,2,1,0,2,1
908,404,341,296,133,125,62,1771,481,2135,4140,1062,663,1742,267,548,330,191,495,401,245,27520,3844,45,363,115,449,2817,5931,1227,186,481,358,427,112,268,563,279,120,344,25181,1738,309,625,110,4695,898,76,417,87,4,2,2,2,8,9,4,5,4,11,8,1,8,4,8,4,60,2,26,15,1,22,8,6,3,15,13,2,1,8,24,45,7,8,20,15,145,83,6,22,35,5,30,1,8,38,1,1,8,4
1,1,0,21,0,2,2,890,658,490,3740,9205,1580,8,8,60,282,66,141,1633,289,3844,17297,26,1801,479,2453,380,7,8,32,10339,19134,322,11,36,113,1167,13,170,2,26,39,2040,388,6492,11685,9,1,25,0,0,4,0,0,0,15,14,7,33,6,4,28,32,3,2,2,3,7,120,0,66,2,65,2,89,74,2,0,4,94,234,1,0,194,25,24,2,1,151,2,5,121,2,58,0,0,0,2,3
2,4,3,13,17,153,94,45,9351,122,191,27,47,13,7,270,39,39,1823,16,26,45,26,4595,658,4,856,26,4,11,12,22,23,5,1263,3689,4156,7,8076,23,6,14,20,72,1,3,5,723,21,4,2,0,1,1,17,0,2,2,1,7,1,0,3,2,5,4,8,5,17,16,2,0,2,1,1,0,5,0,2,5,2,5,0,0,6,0,42,8,1,6,5,0,3,0,0,28,1,1,3,0
0,9,3,182,0,56,41,162,4217,73,66,271,185,22,47,530,17,18,797,4845,21,363,1801,658,9383,157,12189,34,4,12,55,1285,2677,29,240,628,276,1008,249,22,8,34,104,1358,311,101,320,97,4,30,0,0,3,0,2,1,34,32,2,119,2,2,132,96,5,3,16,3,19,394,2,113,12,355,2,23,175,0,0,7,27,336,1,0,256,5,45,11,3,154,5,1,115,6,39,14,0,1,4,3
0,0,0,7,0,3,0,34,24,209,55,16,254,32,12,12,14,24,7,208,39,115,479,4,157,20488,3085,175,4,56,24,27807,562,3483,1,12,12,8994,5,247,6,90,38,25680,2176,236,626,4,1,59,0,1,4,0,1,1,0,3,0,3,2,1,11,5,6,7,0,2,3,14,3,164,3,36,1,460,143,22,1,0,447,186,3,1,215,120,5,2,2,389,1,24,375,10,258,0,1,0,3,1
1,4,5,63,5,133,42,103,4541,96,177,104,97,24,15,216,19,14,316,925,22,449,2453,856,12189,3085,34394,1042,7,17,22,4837,993,718,317,360,1164,3460,2203,4993,4,33,50,19510,665,481,1184,841,29,26,1,2,4,1,37,3,31,11,1,65,3,1,37,34,4,14,10,4,12,124,4,254,7,191,1,346,253,28,0,3,315,377,2,5,423,107,22,6,2,450,4,97,410,14,170,37,3,0,1,3
0,0,0,0,0,7,2,13,5,69,51,1,8,6,2,4,5,3,5,23,9,2817,380,26,34,175,1042,66040,160,13,5,716,29,10512,13,2,198,186,193,19971,11,20,6,415,43,20999,5671,52,2,8,0,0,0,0,1,0,0,0,0,1,0,0,1,1,0,0,0,0,1,1,0,5,2,8,0,14,23,33,0,0,26,3,0,0,3,57,2,1,0,11,2,294,47,6,5,1,0,0,0,0
167,61,24,53,58,11,4,9,5,153,7,0,11,3604,121,60,3,6,13,10,6,5931,7,4,4,4,7,160,97523,8402,9,13,9,3,10,28,118,17,14,10,32245,813,34,6,19,80,6,13,6130,82,0,0,1,1,0,1,0,2,0,1,1,0,0,0,2,0,10,0,7,0,0,0,1,0,0,0,1,0,0,1,0,0,1,1,1,0,30,12,3,1,2,0,0,0,0,6,0,0,0,0
183,90,53,103,48,21,7,38,5,190,26,2,105,31666,695,111,22,40,18,29,18,1227,8,11,12,56,17,13,8402,50121,32,128,76,3,23,48,180,113,29,4,10801,17764,142,6,150,6,10,23,2341,2612,1,1,0,0,1,0,0,0,0,0,3,1,1,3,7,6,13,0,8,4,0,0,0,3,0,2,2,0,2,1,2,3,1,4,0,0,69,25,1,2,9,0,0,0,0,11,1,0,1,1
3,12,5,844,2,10,7,955,36,411,457,22,213,205,959,7529,1627,3583,316,623,1502,186,32,12,55,24,22,5,9,32,21138,54,75,4,143,383,297,367,39,1,13,136,17060,30,229,2,6,45,6,322,1,0,9,0,6,9,4,2,3,5,4,0,4,3,14,5,57,1,20,11,0,3,3,3,3,1,2,0,2,6,0,3,2,10,3,0,101,79,10,2,37,0,2,0,1,51,5,1,1,4
0,1,2,35,0,2,12,153,109,1083,622,265,747,70,22,40,111,81,71,1354,192,481,10339,22,1285,27807,4837,716,13,128,54,47067,10101,6253,12,26,38,2490,15,582,13,265,139,5119,9252,2141,25928,6,7,167,0,0,5,0,1,3,0,3,0,14,4,6,25,12,7,11,7,3,8,41,3,265,8,96,0,553,221,30,2,3,564,479,9,1,472,174,6,4,3,585,8,49,517,16,287,2,0,0,1,5
1,0,1,27,0,2,5,483,914,850,2198,15810,19019,44,19,58,543,172,122,7288,534,358,19134,23,2677,562,993,29,9,76,75,10101,27832,45,11,48,282,1177,5,14,7,170,134,420,3523,134,6685,1,1,176,0,1,5,0,0,3,94,84,2,223,3,3,104,148,5,2,6,7,28,521,6,77,4,215,1,20,112,0,1,0,24,268,1,0,156,4,117,5,0,101,1,1,45,1,19,0,0,0,1,1
0,0,0,1,0,1,0,12,8,46,29,6,30,4,3,2,2,5,3,30,3,427,322,5,29,3483,718,10512,3,3,4,6253,45,33599,0,2,15,333,26,5026,1,15,5,8955,53,3247,11121,12,0,6,1,0,0,0,0,0,0,2,0,1,0,0,2,0,0,1,0,0,0,1,0,109,1,13,0,179,131,92,2,0,344,10,1,0,3,739,2,0,3,38,1,622,563,102,228,0,0,0,1,1
18,52,34,245,41,807,2023,9,205,170,185,11,5,190,84,5874,12,16,95,43,21,112,11,1263,240,1,317,13,10,23,143,12,11,0,9702,2601,2081,19,18994,9,25,74,124,67,0,2,1,4472,43,20,6,9,9,7,41,19,0,4,4,6,9,0,0,1,31,13,116,1,36,8,0,2,6,1,2,0,6,0,2,8,0,4,5,14,2,0,176,154,7,4,92,2,0,0,0,211,5,4,4,3
6,2,1,207,3,35,69,138,1083,401,612,47,39,66,122,3587,69,126,3701,189,110,268,36,3689,628,12,360,2,28,48,383,26,48,2,2601,22655,3878,47,6172,10,38,184,436,86,5,2,12,195,7,20,2,4,17,3,8,15,4,4,14,20,15,2,4,7,17,20,121,13,102,17,5,12,17,6,19,1,13,1,3,31,1,7,7,22,6,0,382,182,22,3,55,0,2,0,1,65,2,1,5,11
22,16,9,205,15,203,201,2170,9919,700,484,113,775,241,109,1324,245,259,2495,443,206,563,113,4156,276,12,1164,198,118,180,297,38,282,15,2081,3878,3216,28,8273,170,101,523,555,77,18,18,12,1149,25,48,2,3,5,1,11,2,18,49,1,64,4,0,7,16,8,10,29,5,24,18,2,3,5,14,3,0,6,0,2,3,1,5,2,2,4,1,160,41,5,2,53,5,4,1,0,44,3,0,5,6
2,7,1,157,2,6,13,209,62,164,83,79,189,182,129,126,26,168,46,4076,45,279,1167,7,1008,8994,3460,186,17,113,367,2490,1177,333,19,47,28,26835,12,141,13,144,431,12593,4639,118,368,7,4,151,0,1,9,2,0,6,1,4,2,12,7,9,49,14,18,16,14,3,6,96,1,281,11,160,2,246,174,8,0,9,193,617,2,5,660,42,11,6,5,500,2,9,335,7,160,2,3,1,1,2
7,27,25,107,36,1786,2154,6,317,151,180,7,3,94,38,786,3,28,91,17,19,120,13,8076,249,5,2203,193,14,29,39,15,5,26,18994,6172,8273,12,32437,174,19,62,62,116,1,7,12,8969,54,15,5,1,7,2,28,3,0,1,4,6,13,0,0,0,15,5,73,1,33,0,1,1,8,4,0,1,3,0,1,10,2,7,3,9,1,1,304,82,6,0,45,2,2,0,0,141,4,1,6,7
0,0,0,0,0,4,1,2,13,12,15,1,5,1,1,9,2,1,5,9,1,344,170,23,22,247,4993,19971,10,4,1,582,14,5026,9,10,170,141,174,38090,2,3,2,11458,14,1880,897,73,1,1,0,0,0,0,4,0,0,1,0,0,1,1,6,0,1,2,0,0,1,2,0,89,5,36,1,100,342,391,0,0,173,8,1,0,1,872,31,2,0,24,24,3749,674,184,141,3,0,0,1,1
304,125,91,78,62,27,12,5,3,29244,21,0,13,2204,151,79,5,7,9,10,3,25181,2,6,8,6,4,11,32245,10801,13,13,7,1,25,38,101,13,19,2,82835,12751,50,2,23,6,3,18,188,121,1,0,1,0,2,4,0,1,0,0,2,0,0,1,2,4,19,0,3,1,0,0,0,0,0,0,0,0,0,0,0,0,0,3,0,0,34,18,0,0,1,0,0,0,0,11,0,1,2,1
664,562,333,294,75,81,42,70,15,40846,80,13,266,4821,712,250,80,134,59,56,302,1738,26,14,34,90,33,20,813,17764,136,265,170,15,74,184,523,144,62,3,12751,31761,2535,25,222,2,39,53,61,7169,2,0,8,0,6,5,0,0,0,4,5,2,1,1,12,11,53,1,25,8,0,0,5,2,3,3,3,0,2,11,2,7,3,11,2,1,135,69,13,5,32,0,3,0,0,27,1,1,6,4
5,10,8,2784,4,14,24,350,54,3164,757,35,508,358,5236,10654,379,1608,111,434,5572,309,39,20,104,38,50,6,34,142,17060,139,134,5,124,436,555,431,62,2,50,2535,53225,37,307,2,17,87,10,10175,4,5,9,3,7,5,3,4,3,6,8,0,2,5,8,11,70,0,31,9,0,2,6,5,1,0,6,0,0,7,3,11,6,8,2,0,154,66,9,7,28,0,2,0,1,76,1,0,7,6
3,0,1,43,3,23,8,68,159,132,187,51,67,14,8,93,15,10,86,808,16,625,2040,72,1358,25680,19510,415,6,6,30,5119,420,8955,67,86,77,12593,116,11458,2,25,37,77713,245,991,1713,66,0,10,0,0,5,0,0,2,1,5,0,5,3,6,19,3,9,11,5,3,6,25,6,227,3,71,0,696,251,64,0,2,849,359,2,0,320,512,7,4,3,471,7,275,769,59,366,6,3,0,4,4
0,0,1,43,0,0,1,321,21,221,31,25,1340,149,77,21,28,216,20,7207,34,110,388,1,311,2176,665,43,19,150,229,9252,3523,53,0,5,18,4639,1,14,23,222,307,245,12204,30,125,0,4,225,0,1,4,0,0,1,1,7,1,5,1,2,27,3,5,4,2,0,4,49,1,49,5,66,1,25,39,1,1,3,22,197,2,0,193,2,1,2,1,108,0,0,61,2,23,1,0,0,0,0
0,0,0,1,0,3,1,87,39,70,250,68,56,3,0,9,10,5,7,68,5,4695,6492,3,101,236,481,20999,80,6,2,2141,134,3247,2,2,18,118,7,1880,6,2,2,991,30,15604,7725,1,0,2,0,0,0,0,0,0,0,0,1,2,0,0,2,0,0,0,0,0,2,3,0,12,0,2,0,21,14,4,0,0,34,12,0,0,10,48,1,0,0,15,0,12,28,4,15,0,0,0,0,0
0,0,0,5,0,0,0,83,39,315,542,237,105,8,1,21,34,10,23,170,39,898,11685,5,320,626,1184,5671,6,10,6,25928,6685,11121,1,12,12,368,12,897,3,39,17,1713,125,7725,41710,3,1,10,0,0,3,0,0,0,1,1,2,1,1,4,11,4,1,5,1,0,5,15,1,76,2,29,0,138,82,27,0,1,242,133,0,2,114,243,4,0,1,102,1,119,245,22,128,0,1,0,0,0
72,202,183,509,559,7685,1685,2,82,116,120,0,2,322,156,3185,3,8,20,27,1,76,9,723,97,4,841,52,13,23,45,6,1,12,4472,195,1149,7,8969,73,18,53,87,66,0,1,3,9117,473,10,25,26,13,28,442,21,0,0,0,2,3,0,1,1,22,9,57,2,10,1,1,0,5,2,1,0,3,0,0,6,0,0,3,5,1,0,83,72,1,0,67,1,5,0,0,729,20,0,1,0
631,77,61,58,2611,3233,24,3,1,33,6,0,4,19756,113,58,0,1,0,6,0,417,1,21,4,1,29,2,6130,2341,6,7,1,0,43,7,25,4,54,1,188,61,10,0,4,0,1,473,11830,13,0,1,0,2,2,0,0,0,0,0,0,0,0,0,2,1,5,0,0,1,0,0,0,0,0,0,0,0,0,0,0,0,0,0,0,0,7,3,0,0,1,0,0,0,0,7,0,0,0,0
16,31,7,302,4,7,4,162,5,16932,72,16,514,4449,6549,81,141,346,14,68,2185,87,25,4,30,59,26,8,82,2612,322,167,176,6,20,20,48,151,15,1,121,7169,10175,10,225,2,10,10,13,13623,0,0,1,0,2,1,1,0,0,2,2,0,5,1,0,0,3,0,6,13,0,4,2,4,1,0,4,0,1,2,0,8,0,0,0,0,22,7,0,2,1,0,2,0,0,6,0,0,0,0
1,13,130,11,0,91,13,1,1,3,0,0,0,8,3,22,0,0,1,0,0,4,0,2,0,0,1,0,0,1,1,0,0,1,6,2,2,0,5,0,1,2,4,0,0,0,0,25,0,0,56928,14261,1915,10854,18991,1008,0,2,0,1,24,1,1,2,19290,101,138,1,9,22,4,83,10,5,1,15,5,5,660,6,10,16,442,18,17,5,18,91,14,19,44,0,8,6,1,494,11079,106,121,16
3,3,142,16,2,10,40,0,0,2,1,0,0,5,1,36,1,0,4,1,0,2,0,0,0,1,2,0,0,1,0,0,1,0,9,4,3,1,1,0,0,0,5,0,1,0,0,26,1,0,14261,68890,13171,9369,2004,9226,2,4,0,3,71,3,7,3,11842,67,213,1,7,27,3,101,3,4,2,0,4,4,139,4,6,19,194,14,14,4,16,121,4,20,23,1,3,2,2,356,392,56,239,20
0,3,2,15,0,1,13,1,4,2,7,0,1,2,4,35,0,3,11,10,0,2,4,1,3,4,4,0,1,0,9,5,5,0,9,17,5,9,7,0,1,8,9,5,4,0,3,13,0,1,1915,13171,53600,452,758,15953,68,66,21,45,374,28,31,75,21243,6061,6192,6,151,514,11,272,27,49,21,93,55,13,282,116,54,296,684,178,333,42,122,1011,54,307,114,3,57,10,25,268,753,155,931,121
33,9,2922,23,412,1190,226,0,1,2,0,0,0,3,1,13,0,0,0,0,0,2,0,1,0,0,1,0,1,0,0,0,0,0,7,3,1,2,2,0,0,0,3,0,0,0,0,28,2,0,10854,9369,452,39283,21035,16708,0,0,0,1,9,0,0,0,244,2,27,0,1,1,1,25,3,2,0,0,1,1,73,1,0,0,62,2,0,1,2,149,0,3,1287,0,0,1,0,1476,112,24,31,1
10,45,179,84,16,278,274,1,6,2,2,0,0,21,14,115,0,0,2,2,0,8,0,17,2,1,37,1,0,1,6,1,0,0,41,8,11,0,28,4,2,6,7,0,0,0,0,442,2,2,18991,2004,758,21035,27520,10534,0,3,2,7,56,6,0,6,719,32,223,0,18,17,2,38,25,25,3,4,13,1,74,3,5,13,71,3,4,1,71,573,7,21,1308,6,32,0,4,7111,4249,29,99,17
0,5,363,18,0,19,712,3,5,2,2,0,0,8,3,43,0,2,13,9,0,9,0,0,1,1,3,0,1,0,9,3,3,0,19,15,2,6,3,0,4,5,5,2,1,0,0,21,0,1,1008,9226,15953,16708,10534,41557,11,25,3,35,204,22,15,18,2336,70,5778,1,120,224,7,122,34,47,14,17,33,4,117,26,22,99,204,26,91,8,141,2765,26,169,1197,0,26,5,4,766,199,66,348,54
1,0,0,7,0,1,0,128,254,5,8,0,104,1,0,17,3,4,20,290,0,4,15,2,34,0,31,0,0,0,4,0,94,0,0,4,18,1,0,0,0,0,3,1,1,0,1,0,0,1,0,2,68,0,0,11,1919,4112,560,356,11,51,116,4581,86,159,270,669,194,2397,30,43,16,65,70,6,137,1,7,435,10,920,25,219,56,0,473,14,70,9,1,0,7,1,2,0,5,4,17,4
0,0,0,4,0,0,0,252,363,3,9,0,114,1,1,11,4,6,18,199,0,5,14,2,32,3,11,0,2,0,2,3,84,2,4,4,49,4,1,1,1,0,4,5,7,0,1,0,0,0,2,4,66,0,3,25,4112,25327,4124,3305,72,545,215,2165,33,48,316,5065,464,4268,59,846,91,69,45,35,132,17,5,254,87,728,10,66,221,21,2305,21,26,72,12,7,59,43,100,4,3,2,16,7
0,0,0,1,0,0,1,46,36,3,5,4,16,0,0,14,8,6,33,17,7,4,7,1,2,0,1,0,0,0,3,0,2,0,4,14,1,2,4,0,0,0,3,0,1,1,2,0,0,0,0,0,21,0,2,3,560,4124,4338,2509,408,917,100,297,16,20,557,2831,3311,467,132,654,120,43,316,17,31,4,10,2261,32,314,25,10,110,4,721,21,27,19,6,2,44,11,37,1,0,14,60,43
0,1,0,8,0,0,2,389,719,11,21,8,235,3,5,25,12,17,64,537,8,11,33,7,119,3,65,1,1,0,5,14,223,1,6,20,64,12,6,0,0,4,6,5,5,2,1,2,0,2,1,3,45,1,7,35,356,3305,2509,46957,261,542,483,795,27,37,207,251,4818,4022,174,791,8339,5890,84,39,2755,15,11,50,80,502,19,17,174,17,13917,116,31,191,25,6,367,33,104,8,7,8,49,39
0,1,1,1,0,1,0,23,9,8,10,2,3,8,1,25,2,10,33,12,3,8,6,1,2,2,3,0,1,3,4,4,3,0,9,15,4,7,13,1,2,5,8,3,1,0,1,3,0,2,24,71,374,9,56,204,11,72,408,261,37203,4867,1531,220,370,599,1650,683,1385,75,6598,2781,373,22,706,56,65,42,345,505,154,308,612,292,31,41,829,597,912,70,148,7,106,93,263,53,125,23638,20751,5213
0,0,0,1,0,0,0,7,7,0,1,0,1,0,0,3,1,0,10,5,1,1,4,0,2,1,1,0,0,1,0,6,3,0,0,2,0,9,0,1,0,2,0,6,2,0,4,0,0,0,1,3,28,0,6,22,51,545,917,542,4867,6451,5842,421,31,90,248,1579,671,66,6739,4137,122,44,557,24,61,13,21,240,53,218,58,26,18,23,195,81,185,64,15,6,88,59,121,5,4,21,259,431
0,0,0,2,0,0,0,27,78,6,7,2,31,1,0,5,4,3,8,282,0,8,28,3,132,11,37,1,0,1,4,25,104,2,0,4,7,49,0,6,0,1,2,19,27,2,11,1,0,5,1,7,31,0,0,15,116,215,100,483,1531,5842,15437,10285,68,264,93,3183,140,1272,5011,9288,75,904,823,41,459,32,26,527,183,5724,88,53,299,28,161,32,345,333,5,14,423,105,520,0,6,10,165,343
0,0,0,2,0,0,0,94,259,7,13,2,77,2,1,16,3,7,23,442,0,4,32,2,96,5,34,1,0,3,3,12,148,0,1,7,16,14,0,0,1,1,5,3,3,0,4,1,0,1,2,3,75,0,6,18,4581,2165,297,795,220,421,10285,16356,123,346,234,7061,202,897,1049,788,46,354,343,14,290,5,14,714,46,2665,84,180,70,5,372,12,230,68,2,3,73,31,91,1,11,1,64,124
4,13,4,17,1,15,15,4,5,7,4,1,2,19,9,68,1,3,7,8,0,8,3,5,5,6,4,0,2,7,14,7,5,0,31,17,8,18,15,1,2,12,8,9,5,0,1,22,2,0,19290,11842,21243,244,719,2336,86,33,16,27,370,31,68,123,70172,10147,2534,32,98,248,53,426,44,43,36,290,48,83,3722,189,360,716,17323,847,585,109,207,447,818,292,110,20,79,20,109,562,11314,271,1664,842
1,1,0,1,0,4,2,9,3,4,3,1,0,6,5,25,3,8,11,9,1,4,2,4,3,7,14,0,0,6,5,11,2,1,13,20,10,16,5,2,4,11,11,11,4,0,5,9,1,0,101,67,6061,2,32,70,159,48,20,37,599,90,264,346,10147,52669,4122,98,167,241,159,540,61,60,155,208,57,64,752,1046,534,1346,4436,5473,516,50,306,283,6056,195,134,9,75,26,235,123,400,236,3494,7315
4,11,3,46,0,18,25,19,16,47,30,1,10,49,28,206,5,13,41,26,10,60,2,8,16,0,10,0,10,13,57,7,6,0,116,121,29,14,73,0,19,53,70,5,2,0,1,57,5,3,138,213,6192,27,223,5778,270,316,557,207,1650,248,93,234,2534,4122,27642,298,4550,791,122,466,93,93,411,66,74,18,249,6572,90,554,710,5735,310,11,883,8276,902,211,765,3,72,10,28,755,196,200,1132,455
0,0,0,0,0,0,0,71,86,1,7,2,25,0,1,5,7,8,33,13,0,2,3,5,3,2,4,0,0,0,1,3,7,0,1,13,5,3,1,0,0,1,0,3,0,0,0,2,0,0,1,1,6,0,0,1,669,5065,2831,251,683,1579,3183,7061,32,98,298,6446,561,52,4569,875,106,26,2374,10,32,6,11,5295,57,499,34,102,37,8,637,24,201,23,15,4,28,30,124,0,4,5,86,139
0,1,1,15,0,1,6,90,63,55,34,11,22,9,7,88,16,35,125,79,11,26,7,17,19,3,12,1,7,8,20,8,28,0,36,102,24,6,33,1,3,25,31,6,4,2,5,10,0,6,9,7,151,1,18,120,194,464,3311,4818,1385,671,140,202,98,167,4550,561,13351,1034,288,541,4603,528,434,18,278,6,54,2609,51,353,212,123,116,5,3017,3044,309,204,184,8,291,7,30,63,30,62,463,279
1,2,0,5,1,0,1,122,516,23,17,20,174,9,3,23,2,13,39,1156,1,15,120,16,394,14,124,1,0,4,11,41,521,1,8,17,18,96,0,2,1,8,9,25,49,3,15,1,1,13,22,27,514,1,17,224,2397,4268,467,4022,75,66,1272,897,248,241,791,52,1034,19968,23,747,96,4519,20,91,1096,16,14,242,113,4282,59,226,3220,23,351,157,44,4172,15,7,440,16,129,17,25,13,60,34
0,0,0,0,0,0,0,33,17,5,1,0,4,0,0,9,2,1,29,11,1,1,0,2,2,3,4,0,0,0,0,3,6,0,0,5,2,1,1,0,0,0,0,6,1,0,1,1,0,0,4,3,11,1,2,7,30,59,132,174,6598,6739,5011,1049,53,159,122,4569,288,23,16166,1556,285,14,8040,32,46,15,46,955,143,421,147,19,23,28,495,102,1533,59,32,4,65,45,236,4,14,41,511,6404
0,0,2,4,0,1,0,12,37,3,6,2,24,2,0,4,3,5,14,110,2,22,66,0,113,164,254,5,0,0,3,265,77,109,2,12,3,281,1,89,0,0,2,227,49,12,76,0,0,4,83,101,272,25,38,122,43,846,654,791,2781,4137,9288,788,426,540,466,875,541,747,1556,42931,150,966,475,851,2308,1540,2360,305,1505,6391,865,122,454,1340,224,172,455,1890,83,328,2487,9767,10911,45,86,2182,1690,693
0,0,0,1,0,1,3,34,31,6,6,2,12,3,2,13,8,3,25,37,1,8,2,2,12,3,7,2,1,0,3,8,4,1,6,17,5,11,8,5,0,5,6,3,5,0,2,5,0,2,10,3,27,3,25,34,16,91,120,8339,373,122,75,46,44,61,93,106,4603,96,285,150,6859,2583,132,25,713,32,20,72,39,159,87,11,38,12,4525,2955,100,134,1291,48,415,2,30,159,12,20,157,109
0,0,1,3,0,1,0,47,197,10,11,15,51,2,1,11,4,10,18,595,1,6,65,1,355,36,191,8,0,3,3,96,215,13,1,6,14,160,4,36,0,2,5,71,66,2,29,2,0,4,5,4,49,2,25,47,65,69,43,5890,22,44,904,354,43,60,93,26,528,4519,14,966,2583,22026,14,111,14755,176,5,30,188,2170,20,17,552,60,1126,181,21,1340,246,410,3136,37,190,91,11,2,21,14
0,1,0,1,0,0,0,22,4,6,4,2,2,0,3,9,2,8,24,7,0,3,2,1,2,1,1,0,0,0,3,0,1,0,2,19,3,2,0,1,0,3,1,0,1,0,0,1,0,1,1,2,21,0,3,14,70,45,316,84,706,557,823,343,36,155,411,2374,434,20,8040,475,132,14,6880,24,15,8,18,4920,61,298,41,988,26,14,387,57,3576,30,18,3,19,16,97,2,6,9,135,1490
0,0,0,1,0,3,0,3,5,11,11,5,9,0,0,1,1,1,1,16,1,15,89,0,23,460,346,14,0,2,1,553,20,179,0,1,0,246,1,100,0,3,0,696,25,21,138,0,0,0,15,0,93,0,4,17,6,35,17,39,56,24,41,14,290,208,66,10,18,91,32,851,25,111,24,27558,2306,209,54,30,6969,359,148,38,4848,6524,45,20,59,7444,45,299,7910,101,643,6,39,5,59,50
0,0,0,9,0,2,0,36,296,6,9,5,33,2,2,12,1,2,17,281,0,13,74,5,175,143,253,23,1,2,2,221,112,131,6,13,6,174,3,342,0,3,6,251,39,14,82,3,0,4,5,4,55,1,13,33,137,132,31,2755,65,61,459,290,48,57,74,32,278,1096,46,2308,713,14755,15,2306,29772,1292,13,23,2803,1799,48,24,1799,1092,654,143,22,2138,499,7347,23726,136,1391,122,9,4,36,40
0,0,0,0,0,0,0,0,0,0,0,0,0,0,0,0,0,0,0,1,0,2,2,0,0,22,28,33,0,0,0,30,0,92,0,1,0,8,0,391,0,0,0,64,1,4,27,0,0,0,5,4,13,1,1,4,1,17,4,15,42,13,32,5,83,64,18,6,6,16,15,1540,32,176,8,209,1292,48442,968,15,309,26,94,6,84,8836,205,9,26,110,178,17309,1337,22994,1332,17,20,196,57,31
0,1,2,3,0,1,1,6,2,3,0,1,0,0,0,7,0,1,3,3,1,1,0,2,0,1,0,0,0,2,2,2,1,2,2,3,2,0,1,0,0,2,0,0,1,0,0,0,0,1,660,139,282,73,74,117,7,5,10,11,345,21,26,14,3722,752,249,11,54,14,46,2360,20,5,18,54,13,968,147679,43,72,106,23802,80,60,51,83,85,352,31,30,27,21,916,41,28,17069,15968,2241,518
0,0,0,5,0,0,0,23,7,19,14,3,7,6,4,28,4,11,51,12,8,8,4,5,7,0,3,0,1,1,6,3,0,0,8,31,3,9,10,0,0,11,7,2,3,0,1,6,0,2,6,4,116,1,3,26,435,254,2261,50,505,240,527,714,189,1046,6572,5295,2609,242,955,305,72,30,4920,30,23,15,43,8765,89,671,138,3599,159,10,465,189,1778,55,65,1,22,14,83,18,12,24,273,258
0,0,0,0,0,0,0,6,8,3,5,3,4,0,1,2,1,2,4,26,3,24,94,2,27,447,315,26,0,2,0,564,24,344,0,1,1,193,2,173,0,2,3,849,22,34,242,0,0,0,10,6,54,0,5,22,10,87,32,80,154,53,183,46,360,534,90,57,51,113,143,1505,39,188,61,6969,2803,309,72,89,24396,2512,354,79,2302,7690,76,23,220,1617,46,401,2731,474,9179,23,51,19,180,216
0,0,1,1,0,1,3,52,171,15,20,8,66,5,2,10,8,9,15,458,2,45,234,5,336,186,377,3,0,3,3,479,268,10,4,7,5,617,7,8,0,7,11,359,197,12,133,0,0,8,16,19,296,0,13,99,920,728,314,502,308,218,5724,2665,716,1346,554,499,353,4282,421,6391,159,2170,298,359,1799,26,106,671,2512,24372,508,385,8718,69,163,100,770,2844,31,18,2425,65,5820,21,56,32,373,508
0,1,0,1,0,0,1,7,5,6,4,0,0,1,1,11,0,2,10,5,1,7,1,0,1,3,2,0,1,1,2,9,1,1,5,7,2,2,3,1,0,3,6,2,2,0,0,3,0,0,442,194,684,62,71,204,25,10,25,19,612,58,88,84,17323,4436,710,34,212,59,147,865,87,20,41,148,48,94,23802,138,354,508,81989,332,206,73,309,238,1684,109,89,12,46,74,144,46,4436,4031,25945,2440
0,4,0,4,0,3,1,3,2,6,1,0,1,6,1,34,0,4,6,2,1,8,0,0,0,1,5,0,1,4,10,1,0,0,14,22,2,5,9,0,3,11,8,0,0,0,2,5,0,0,18,14,178,2,3,26,219,66,10,17,292,26,53,180,847,5473,5735,102,123,226,19,122,11,17,988,38,24,6,80,3599,79,385,332,5786,221,12,186,231,3352,81,109,2,21,6,26,43,65,50,363,183
0,0,0,2,0,2,1,14,32,9,8,8,17,1,1,7,4,2,5,136,2,20,194,6,256,215,423,3,1,0,3,472,156,3,2,6,4,660,1,1,0,2,2,320,193,10,114,1,0,0,17,14,333,0,4,91,56,221,110,174,31,18,299,70,585,516,310,37,116,3220,23,454,38,552,26,4848,1799,84,60,159,2302,8718,206,221,14517,192,33,32,111,9878,12,22,885,14,242,3,53,11,101,49
0,0,0,0,0,0,1,0,3,0,1,2,0,0,0,0,0,0,0,3,0,15,25,0,5,120,107,57,0,0,0,174,4,739,0,0,1,42,1,872,0,1,0,512,2,48,243,0,0,0,5,4,42,1,1,8,0,21,4,17,41,23,28,5,109,50,11,8,5,23,28,1340,12,60,14,6524,1092,8836,51,10,7690,69,73,12,192,32750,22,8,19,599,24,3950,5439,12406,4448,5,6,15,33,26
6,8,5,51,0,24,28,348,764,171,47,8,198,89,34,287,23,51,207,152,43,145,24,42,45,5,22,2,30,69,101,6,117,2,176,382,160,11,304,31,34,135,154,7,1,1,4,83,7,22,18,16,122,2,71,141,473,2305,721,13917,829,195,161,372,207,306,883,637,3017,351,495,224,4525,1126,387,45,654,205,83,465,76,163,309,186,33,22,3598,4135,669,58,6326,231,378,11,41,1170,60,74,556,408
3,12,4,60,1,22,38,23,10,83,32,1,5,47,27,257,7,26,80,21,11,83,2,8,11,2,6,1,12,25,79,4,5,0,154,182,41,6,82,2,18,69,66,4,2,0,0,72,3,7,91,121,1011,149,573,2765,14,21,21,116,597,81,32,12,447,283,8276,24,3044,157,102,172,2955,181,57,20,143,9,85,189,23,100,238,231,32,8,4135,23621,375,98,12345,4,138,3,19,7261,107,87,485,268
0,0,0,1,0,1,0,12,5,27,8,1,2,5,0,26,2,12,37,7,1,6,1,1,3,2,2,0,3,1,10,3,0,3,7,22,5,5,6,0,0,13,9,3,1,0,1,1,0,0,14,4,54,0,7,26,70,26,27,31,912,185,345,230,818,6056,902,201,309,44,1533,455,100,21,3576,59,22,26,352,1778,220,770,1684,3352,111,19,669,375,31677,47,144,2,45,25,171,32,115,120,2201,9861
0,0,0,3,0,1,0,9,28,12,11,1,12,0,2,1,1,0,6,83,2,22,151,6,154,389,450,11,1,2,2,585,101,38,4,3,2,500,0,24,0,5,7,471,108,15,102,0,0,2,19,20,307,3,21,169,9,72,19,191,70,64,333,68,292,195,211,23,204,4172,59,1890,134,1340,30,7444,2138,110,31,55,1617,2844,109,81,9878,599,58,98,47,28537,76,91,13808,106,769,64,27,17,77,50
3,6,4,29,1,16,16,7,3,26,7,1,0,38,15,153,0,7,18,5,0,35,2,5,5,1,4,2,2,9,37,8,1,1,92,55,53,2,45,24,1,32,28,7,0,0,1,67,1,1,44,23,114,1287,1308,1197,1,12,6,25,148,15,5,2,110,134,765,15,184,15,32,83,1291,246,18,45,499,178,30,65,46,31,89,109,12,24,6326,12345,144,76,16708,170,436,5,23,11562,84,18,142,105
0,0,0,0,0,0,0,0,0,1,0,0,0,0,0,0,0,0,0,1,0,5,5,0,1,24,97,294,0,0,0,49,1,622,2,0,5,9,2,3749,0,0,0,275,0,12,119,1,0,0,0,1,3,0,6,0,0,7,2,6,7,6,14,3,20,9,3,4,8,7,4,328,48,410,3,299,7347,17309,27,1,401,18,12,2,22,3950,231,4,2,91,170,42290,14813,528,268,40,6,7,10,6
0,1,0,1,0,0,2,11,25,10,10,3,8,1,0,6,1,1,6,54,1,30,121,3,115,375,410,47,0,0,2,517,45,563,0,2,4,335,2,674,0,3,2,769,61,28,245,5,0,2,8,3,57,0,32,26,7,59,44,367,106,88,423,73,79,75,72,28,291,440,65,2487,415,3136,19,7910,23726,1337,21,22,2731,2425,46,21,885,5439,378,138,45,13808,436,14813,47811,414,1450,180,22,9,41,56
0,0,0,0,0,0,0,1,0,0,0,0,0,0,0,0,0,0,0,4,0,1,2,0,6,10,14,6,0,0,0,16,1,102,0,0,1,7,0,184,0,0,0,59,2,4,22,0,0,0,6,2,10,1,0,5,1,43,11,33,93,59,105,31,20,26,10,30,7,16,45,9767,2,37,16,101,136,22994,916,14,474,65,74,6,14,12406,11,3,25,106,5,528,414,21507,14534,1,10,237,66,41
0,0,0,0,0,0,0,3,8,7,3,0,7,0,0,1,0,0,3,19,3,8,58,0,39,258,170,5,0,0,1,287,19,228,0,1,0,160,0,141,0,0,1,366,23,15,128,0,0,0,1,2,25,0,4,4,2,100,37,104,263,121,520,91,109,235,28,124,30,129,236,10911,30,190,97,643,1391,1332,41,83,9179,5820,144,26,242,4448,41,19,171,769,23,268,1450,14534,29204,14,18,20,152,206
57,171,181,331,19,362,356,1,9,24,16,1,0,167,78,513,0,0,4,9,2,38,0,28,14,0,37,1,6,11,51,2,0,0,211,65,44,2,141,3,11,27,76,6,1,0,0,729,7,6,494,356,268,1476,7111,766,0,4,1,8,53,5,0,1,562,123,755,0,63,17,4,45,159,91,2,6,122,17,28,18,23,21,46,43,3,5,1170,7261,32,64,11562,40,180,1,14,8604,667,20,90,22
2,2,1,4,1,27,10,0,0,4,3,0,0,1,2,12,0,1,0,1,1,1,0,1,0,1,3,0,0,1,5,0,0,0,5,2,3,3,4,0,0,1,1,3,0,0,1,20,0,0,11079,392,753,112,4249,199,5,3,0,7,125,4,6,11,11314,400,196,4,30,25,14,86,12,11,6,39,9,20,17069,12,51,56,4436,65,53,6,60,107,115,27,84,6,22,10,18,667,54190,423,802,126
0,0,0,0,0,0,0,1,1,1,2,0,0,1,0,3,0,1,2,0,0,1,0,1,1,0,0,0,0,0,1,0,0,0,4,1,0,1,1,0,1,1,0,0,0,0,0,0,0,0,106,56,155,24,29,66,4,2,14,8,23638,21,10,1,271,236,200,5,62,13,41,2182,20,2,9,5,4,196,15968,24,19,32,4031,50,11,15,74,87,120,17,18,7,9,237,20,20,423,41045,4149,254
0,0,0,4,0,0,2,11,5,13,3,0,2,5,1,19,3,6,28,8,2,8,2,3,4,3,1,0,0,1,1,1,1,1,4,5,5,1,6,1,2,6,7,4,0,0,0,1,0,0,121,239,931,31,99,348,17,16,60,49,20751,259,165,64,1664,3494,1132,86,463,60,511,1690,157,21,135,59,36,57,2241,273,180,373,25945,363,101,33,556,485,2201,77,142,10,41,66,152,90,802,4149,33239,8566
0,0,0,0,0,0,2,14,6,4,5,0,2,2,2,10,4,7,20,4,1,4,3,0,3,1,3,0,0,1,4,5,1,1,3,11,6,2,7,1,1,4,6,4,0,0,0,0,0,0,16,20,121,1,17,54,4,7,43,39,5213,431,343,124,842,7315,455,139,279,34,6404,693,109,14,1490,50,40,31,518,258,216,508,2440,183,49,26,408,268,9861,50,105,6,56,41,206,22,126,254,8566,11172
