14171,2869,9638,1609,8393,2978,1572,15,6,99,2,2,3,7330,233,65,1,2,3,16,12,956,11,1,10,16,8,68,1414,1207,10,16,19,34,127,35,78,26,260,17,1120,174,25,30,25,72,42,283,2454,31,31,94,55,44,42,86,0,1,0,2,14,3,2,1,79,17,29,1,5,2,2,6,0,2,2,0,1,1,14,3,0,4,44,18,2,1,11,45,0,3,65,0,6,1,1,24,31,5,11,3
2869,27054,7605,16656,757,2445,4094,9,6,689,5,9,4,6736,2603,187,1,5,4,12,31,869,3,4,5,9,7,28,489,900,23,15,9,20,289,88,221,14,324,6,1025,601,47,29,18,18,15,585,362,198,101,225,142,112,133,304,0,2,0,2,23,3,3,0,192,28,50,1,4,3,4,8,1,1,3,1,0,1,35,0,1,2,55,19,1,0,8,75,6,2,68,1,3,1,0,61,96,19,22,9
9638,7605,24622,8750,3351,12586,10821,1,1,253,2,3,1,1037,68,8,0,0,0,5,12,1602,5,2,2,8,6,70,1038,1273,2,12,12,46,19,12,74,1,62,18,1582,342,14,32,7,83,34,191,649,45,583,1090,94,1984,230,365,0,0,0,2,16,1,1,0,149,22,26,1,3,0,2,62,0,1,0,1,3,6,108,1,1,2,133,9,0,10,3,41,3,1,39,5,5,10,5,39,118,41,34,3
1609,16656,8750,28440,659,960,12540,119,69,1765,23,44,42,9426,8976,4729,15,33,82,92,231,1199,29,28,102,38,31,37,777,1774,272,69,100,49,1820,802,412,123,869,12,1489,1468,1140,160,118,46,57,978,538,888,88,218,106,92,105,249,3,5,9,28,29,3,3,3,169,34,68,6,27,18,12,10,9,13,1,1,6,1,37,8,0,7,65,22,9,1,19,71,7,7,75,3,12,3,2,37,62,11,21,5
8393,757,3351,659,15060,10384,970,0,3,39,0,1,1,2385,52,21,0,0,3,0,3,273,2,1,3,6,2,44,1009,500,2,4,5,18,52,8,55,4,140,9,402,65,7,22,7,30,21,756,4725,15,29,66,59,24,26,66,0,0,0,0,8,1,0,0,76,13,16,0,1,0,0,5,0,0,0,0,0,0,21,2,2,1,25,8,0,1,5,37,2,0,29,0,2,0,0,13,35,7,9,2
2978,2445,12586,960,10384,42420,18749,4,19,141,0,6,2,1346,165,27,0,0,1,0,13,357,16,6,12,20,51,60,466,420,8,19,16,16,322,15,164,4,1028,75,464,178,21,120,7,43,30,5280,2204,36,229,564,221,900,293,529,0,0,2,1,19,4,1,1,255,30,65,1,5,1,5,15,1,1,3,4,1,0,59,6,0,1,67,19,0,4,13,104,5,1,98,6,7,2,0,75,103,13,24,4
1572,4094,10821,12540,970,18749,21236,29,54,1649,39,49,37,1425,404,1273,9,8,26,42,242,936,18,27,52,14,24,28,365,661,156,63,107,26,2415,457,240,46,1461,13,938,844,410,63,58,27,44,1748,547,386,217,640,294,386,424,906,1,2,5,16,38,6,0,3,361,39,91,2,20,6,10,17,7,7,3,3,4,0,66,11,3,4,70,23,3,1,12,119,4,3,101,1,10,2,6,158,132,22,35,4
15,9,1,119,0,4,29,33841,6041,231,721,1324,8450,907,461,963,2694,4321,1632,6979,463,2445,427,214,341,143,244,35,119,375,1552,302,2548,111,40,372,1815,627,110,17,143,210,820,190,1965,177,256,4,16,304,2,3,23,0,1,3,371,632,171,2038,66,61,103,335,52,31,41,197,145,1027,103,99,282,309,11,14,30,2,11,60,8,449,47,17,177,3,63,32,10,64,12,4,55,8,15,1,9,6,28,8
6,6,1,69,3,19,54,6041,40051,400,543,2367,3155,89,42,391,1509,407,3491,8162,525,2436,805,5007,6527,138,4190,51,31,52,139,334,2940,140,202,3236,11285,608,561,94,86,69,164,1619,513,227,439,81,8,37,1,2,36,2,1,5,729,1460,279,4549,98,111,257,631,109,68,71,304,240,1753,148,265,516,860,27,49,118,3,17,89,35,902,86,47,575,15,135,46,19,326,11,6,222,14,29,2,16,10,36,14
99,689,253,1765,39,141,1649,231,400,49458,6382,7763,387,499,504,1067,194,54,388,128,9847,6044,1377,183,180,68,195,68,383,342,186,725,2523,108,904,1795,887,99,1274,33,10387,8065,1449,330,237,519,1329,235,30,3770,4,11,6,2,6,9,10,34,82,195,93,21,12,11,13,11,93,57,196,16,91,27,93,20,31,13,24,4,15,82,13,32,49,22,19,7,67,127,26,30,48,4,42,7,12,5,2,29,48,18
2,5,2,23,0,0,39,721,543,6382,6586,12087,260,28,12,252,294,65,329,92,1700,3373,1780,41,80,18,62,14,29,40,72,50,501,17,67,363,174,30,99,6,163,164,139,73,22,287,212,4,1,50,0,0,0,0,1,1,6,26,20,95,19,11,5,7,2,0,6,20,31,15,10,4,22,8,4,5,3,0,0,14,3,21,2,2,11,1,9,10,5,9,3,0,12,0,3,0,1,3,5,3
2,9,3,44,1,6,49,1324,2367,7763,12087,32685,5524,99,34,254,5332,516,449,720,7873,2749,6073,119,1023,48,443,36,93,231,468,120,6624,30,65,457,631,98,161,7,551,738,937,189,111,551,634,11,8,260,0,0,4,0,0,0,26,55,32,211,15,14,26,32,10,12,19,30,46,113,30,31,42,143,4,15,25,0,4,18,7,83,16,3,112,2,18,18,9,86,4,2,50,2,11,1,1,1,13,2
3,4,1,42,1,2,37,8450,3155,387,260,5524,25567,268,117,314,6804,1141,299,921,581,767,255,65,513,29,433,12,68,327,907,207,6445,22,32,197,1378,65,66,3,210,494,543,51,800,54,100,7,8,325,0,1,10,0,0,3,104,118,16,418,15,9,51,121,33,20,16,24,32,560,14,40,23,247,2,6,8,2,4,14,4,254,37,11,111,6,16,11,6,41,4,0,24,4,5,0,8,5,12,3
7330,6736,1037,9426,2385,1346,1425,907,89,499,28,99,268,48843,12771,1813,66,267,219,456,253,669,59,18,142,225,104,138,5408,19036,549,808,621,320,939,637,445,458,1315,55,1466,2605,3913,240,1493,116,352,750,7205,5153,55,103,104,28,50,100,6,5,13,31,59,8,10,8,163,43,101,10,39,36,18,44,12,44,7,12,21,2,77,21,8,40,131,66,48,6,33,174,20,29,210,4,25,5,5,44,87,25,42,14
233,2603,68,8976,52,165,404,461,42,504,12,34,117,12771,11259,1947,40,165,140,237,169,478,20,7,62,56,40,24,648,2175,528,155,176,93,441,470,158,141,285,14,893,2005,10329,62,438,22,73,179,219,5281,2,15,15,5,9,11,2,6,5,14,10,1,7,9,19,7,16,4,14,32,4,15,8,17,3,4,5,0,10,6,0,14,21,9,11,2,10,21,3,14,18,1,8,0,3,4,14,4,7,3
65,187,8,4729,21,27,1273,963,391,1067,252,254,314,1813,1947,18803,505,1882,1723,527,1181,525,53,30,152,39,59,10,190,632,12735,128,374,48,2449,1866,381,170,405,15,438,600,5181,121,265,25,63,70,66,596,5,3,3,6,2,5,6,35,44,136,99,13,12,19,10,11,95,43,186,45,77,30,82,24,37,2,8,3,28,85,1,36,58,33,21,5,47,149,45,12,52,2,13,2,2,2,6,27,55,21
1,1,0,15,0,0,9,2694,1509,194,294,5332,6804,66,40,505,6932,3283,881,90,4347,362,219,99,60,3,31,1,22,70,1141,66,1297,6,22,307,239,9,53,1,57,141,352,21,107,27,94,2,1,65,1,0,0,0,0,0,8,68,57,227,14,9,12,12,2,1,7,43,31,17,31,18,40,8,9,0,1,0,0,14,1,13,5,0,8,0,9,12,1,5,0,0,6,1,2,0,0,1,3,1
2,5,0,33,0,0,8,4321,407,54,65,516,1141,267,165,1882,3283,3215,2090,77,287,110,41,33,30,8,13,3,31,80,3859,50,612,5,19,202,125,15,57,3,37,56,356,15,139,17,54,1,4,91,0,1,0,0,0,0,7,30,42,167,17,18,11,8,1,1,8,36,34,7,36,5,40,6,4,0,1,1,2,16,0,3,4,0,7,0,15,11,6,2,2,1,3,1,0,1,0,2,8,2
3,4,0,82,3,1,26,1632,3491,388,329,449,299,219,140,1723,881,2090,3373,1399,1032,462,102,199,443,18,69,11,34,91,957,65,356,21,39,799,494,182,204,9,85,117,391,117,109,45,85,1,7,60,0,3,9,0,1,1,15,102,117,442,114,40,29,26,4,6,77,123,220,51,148,27,153,32,41,5,13,0,3,106,3,41,35,15,21,2,58,75,21,22,21,0,6,4,3,0,3,22,47,17
16,12,5,92,0,0,42,6979,8162,128,92,720,921,456,237,527,90,77,1399,19622,88,1031,693,68,3679,201,1385,22,67,198,398,325,4557,153,70,625,764,3728,37,10,72,127,439,522,2554,65,182,1,16,117,5,2,21,2,0,4,137,92,33,459,22,21,217,195,118,77,46,26,82,1116,31,200,48,1409,16,34,81,4,25,40,36,953,129,34,1051,12,15,23,33,552,5,9,189,13,36,0,17,6,29,16
12,31,12,231,3,13,242,463,525,9847,1700,7873,581,253,169,1181,4347,287,1032,88,16645,613,664,169,104,16,92,21,171,500,1280,256,1278,32,391,1737,629,51,815,15,1030,1936,4625,99,177,100,394,86,6,2042,0,1,7,1,1,2,12,46,80,226,98,27,10,14,9,6,53,94,161,21,110,14,78,10,25,2,5,3,14,93,3,23,39,30,17,4,54,119,29,9,47,1,12,2,4,3,3,18,46,19
956,869,1602,1199,273,357,936,2445,2436,6044,3373,2749,767,669,478,525,362,110,462,1031,613,23260,5347,129,1193,668,1097,995,4818,406,236,704,868,632,324,694,640,464,772,315,18242,1459,370,2368,355,6846,1411,163,51,181,6,26,19,7,8,19,22,45,15,175,56,9,32,28,37,26,62,16,70,124,42,72,44,164,20,100,112,5,30,48,56,135,64,45,169,59,32,112,26,121,88,58,289,5,55,14,23,19,43,10
11,3,5,29,2,16,18,427,805,1377,1780,6073,255,59,20,53,219,41,102,693,664,5347,19013,122,2241,323,1744,219,207,100,75,531,6559,192,29,169,133,593,117,60,341,235,236,2307,338,6074,7234,54,8,70,0,0,0,0,0,0,10,12,5,59,5,4,23,13,11,11,5,5,12,56,8,122,15,212,2,165,208,2,4,1,71,183,21,6,339,38,5,9,4,308,1,17,431,8,51,1,0,0,6,3
1,4,2,28,1,6,27,214,5007,183,41,119,65,18,7,30,99,33,199,68,169,129,122,5953,844,50,1045,28,14,18,35,106,162,33,123,4379,4567,75,2438,75,36,41,53,839,44,40,131,31,1,13,0,0,2,0,0,0,18,107,75,373,68,26,17,31,4,3,27,72,90,25,68,17,89,39,10,19,27,2,3,38,12,25,16,3,33,9,40,27,5,35,6,6,50,2,11,3,0,5,16,4
10,5,2,102,3,12,52,341,6527,180,80,1023,513,142,62,152,60,30,443,3679,104,1193,2241,844,6983,199,6637,48,44,107,66,724,7266,148,123,1137,413,1137,219,144,83,117,139,4102,1576,212,784,43,19,59,0,1,9,0,4,1,21,36,18,222,17,11,219,100,65,53,22,16,51,457,18,436,43,1766,13,155,649,5,24,21,108,987,98,28,1662,48,19,25,24,1282,13,25,825,18,85,5,13,6,38,19
16,9,8,38,6,20,14,143,138,68,18,48,29,225,56,39,3,8,18,201,16,668,323,50,199,18597,1160,118,159,150,33,10820,252,5670,14,52,60,6950,107,279,210,68,72,8399,1859,654,3236,45,20,45,0,0,0,1,1,0,3,3,3,11,25,5,28,7,5,13,3,3,12,26,10,257,15,102,2,1080,548,23,2,4,459,157,21,4,136,249,6,6,5,306,19,190,1745,30,359,2,2,6,25,7
8,7,6,31,2,51,24,244,4190,195,62,443,433,104,40,59,31,13,69,1385,92,1097,1744,1045,6637,1160,14490,1984,143,102,62,1851,2980,646,45,317,1107,1443,1591,8194,198,108,73,14039,1594,599,1969,318,34,55,2,1,7,1,0,1,14,6,6,52,14,7,43,30,13,16,11,8,24,103,14,264,23,379,7,495,529,32,13,10,270,339,33,6,525,168,6,13,4,658,17,240,1162,14,186,3,2,4,18,9
68,28,70,37,44,60,28,35,51,68,14,36,12,138,24,10,1,3,11,22,21,995,219,28,48,118,1984,59832,2846,414,7,127,79,8637,23,38,544,57,385,21837,984,73,37,1030,95,25111,8520,127,17,15,0,0,0,0,0,0,0,1,2,3,2,0,0,1,1,0,2,1,2,0,0,6,3,5,1,20,25,149,1,1,15,7,3,2,6,89,3,6,1,15,3,429,83,10,16,0,1,0,2,1
1414,489,1038,777,1009,466,365,119,31,383,29,93,68,5408,648,190,22,31,34,67,171,4818,207,14,44,159,143,2846,94359,11284,104,338,255,628,212,184,159,113,455,341,24245,761,377,484,253,3639,781,190,7823,198,7,18,17,5,7,19,2,0,2,10,14,2,1,1,27,4,33,1,21,12,5,10,5,7,6,13,11,0,15,5,10,8,41,20,8,16,15,65,11,6,61,26,24,4,14,5,11,4,18,4
1207,900,1273,1774,500,420,661,375,52,342,40,231,327,19036,2175,632,70,80,91,198,500,406,100,18,107,150,102,414,11284,38893,354,1061,1098,311,435,492,429,197,964,105,6719,7026,1847,241,1098,438,512,180,1431,1350,13,19,25,4,13,20,0,5,6,16,54,8,2,10,53,22,84,4,76,20,24,29,16,23,11,11,10,0,32,29,9,20,87,48,26,7,30,161,27,27,133,9,30,4,2,13,21,28,40,11
10,23,2,272,2,8,156,1552,139,186,72,468,907,549,528,12735,1141,3859,957,398,1280,236,75,35,66,33,62,7,104,354,10484,118,751,38,443,1280,319,131,340,5,214,385,5610,46,521,10,74,14,12,426,0,2,1,4,0,2,6,12,20,68,55,10,4,4,3,7,52,18,92,22,42,18,43,25,27,2,5,2,6,41,8,14,33,22,17,2,29,97,12,9,29,0,9,0,3,0,2,12,38,7
16,15,12,69,4,19,63,302,334,725,50,120,207,808,155,128,66,50,65,325,256,704,531,106,724,10820,1851,127,338,1061,118,39048,5674,3839,41,150,106,1686,203,330,564,1049,295,5039,9001,499,16388,58,29,508,0,1,4,0,0,1,5,6,8,33,18,3,32,10,3,9,7,7,16,27,14,261,21,182,3,853,515,28,5,4,393,203,30,5,247,285,11,11,3,416,11,220,1565,49,411,1,2,4,26,13
19,9,12,100,5,16,107,2548,2940,2523,501,6624,6445,621,176,374,1297,612,356,4557,1278,868,6559,162,7266,252,2980,79,255,1098,751,5674,28163,350,119,465,959,1401,196,45,952,1840,1022,2236,11819,378,7461,60,21,785,0,1,9,0,0,2,47,39,20,201,23,18,139,98,50,38,35,13,58,594,27,255,35,1069,9,103,303,3,13,27,79,632,92,27,946,37,20,27,18,662,14,11,422,16,50,1,11,4,32,11
34,20,46,49,18,16,26,111,140,108,17,30,22,320,93,48,6,5,21,153,32,632,192,33,148,5670,646,8637,628,311,38,3839,350,19596,18,58,88,1402,135,10116,546,131,92,5847,995,4287,19136,46,18,64,0,0,0,1,1,1,0,2,1,5,2,1,4,3,1,0,1,1,2,3,1,49,3,31,1,216,131,67,4,1,167,32,5,0,47,683,6,7,0,56,9,987,598,77,225,0,4,6,7,0
127,289,19,1820,52,322,2415,40,202,904,67,65,32,939,441,2449,22,19,39,70,391,324,29,123,123,14,45,23,212,435,443,41,119,18,6348,3300,423,48,2584,16,363,387,966,109,51,17,37,1226,132,203,21,26,32,5,13,25,2,8,16,52,63,15,5,8,54,22,95,19,75,7,38,13,28,6,22,1,2,1,41,36,0,11,103,51,8,2,53,146,26,5,90,1,6,0,2,17,25,18,38,18
35,88,12,802,8,15,457,372,3236,1795,363,457,197,637,470,1866,307,202,799,625,1737,694,169,4379,1137,52,317,38,184,492,1280,150,465,58,3300,4914,2582,201,4834,58,590,694,2016,660,126,59,170,64,26,266,6,6,25,7,6,8,22,154,198,565,335,56,41,57,32,30,299,193,574,75,326,68,275,64,129,23,29,4,51,302,8,78,201,120,59,5,177,450,148,39,135,8,57,10,14,7,12,72,247,72
78,221,74,412,55,164,240,1815,11285,887,174,631,1378,445,158,381,239,125,494,764,629,640,133,4567,413,60,1107,544,159,429,319,106,959,88,423,2582,3779,45,5587,809,403,431,654,558,122,102,162,402,57,163,10,9,43,2,14,26,61,215,118,753,166,63,40,58,46,21,108,119,221,140,165,59,228,64,46,14,15,9,33,118,3,67,115,63,34,13,175,214,54,19,98,32,29,4,14,19,17,39,123,38
26,14,1,123,4,4,46,627,608,99,30,98,65,458,141,170,9,15,182,3728,51,464,593,75,1137,6950,1443,57,113,197,131,1686,1401,1402,48,201,45,21206,66,109,104,85,188,11822,5901,170,1102,14,34,50,1,1,2,0,1,1,5,11,7,54,14,8,101,25,17,29,8,13,31,77,10,427,37,699,8,531,674,17,16,20,317,523,42,10,939,138,8,28,15,1008,10,31,1169,23,171,7,3,3,22,20
260,324,62,869,140,1028,1461,110,561,1274,99,161,66,1315,285,405,53,57,204,37,815,772,117,2438,219,107,1591,385,455,964,340,203,196,135,2584,4834,5587,66,13849,1112,757,738,1068,1196,71,138,260,5137,398,225,34,44,41,22,20,65,4,12,50,129,197,31,10,19,90,46,248,34,270,19,104,77,94,15,42,17,14,10,75,134,19,32,254,157,21,8,142,527,87,19,231,42,48,13,15,31,49,55,168,46
17,6,18,12,9,75,13,17,94,33,6,7,3,55,14,15,1,3,9,10,15,315,60,75,144,279,8194,21837,341,105,5,330,45,10116,16,58,809,109,1112,37413,218,26,22,10384,113,2001,2039,376,23,5,2,1,0,3,0,2,0,0,0,5,3,0,8,0,1,1,1,4,3,1,6,41,12,22,1,123,232,458,1,0,157,12,12,3,12,1339,24,6,1,30,16,5117,715,171,233,6,4,6,6,3
1120,1025,1582,1489,402,464,938,143,86,10387,163,551,210,1466,893,438,57,37,85,72,1030,18242,341,36,83,210,198,984,24245,6719,214,564,952,546,363,590,403,104,757,218,57513,10173,1029,607,387,1882,912,152,105,1183,7,16,11,7,8,10,1,3,14,40,42,8,6,6,32,9,71,9,96,11,22,32,28,17,17,30,16,0,16,33,13,12,59,26,22,17,36,135,18,11,55,29,67,4,14,10,15,13,45,10
174,601,342,1468,65,178,844,210,69,8065,164,738,494,2605,2005,600,141,56,117,127,1936,1459,235,41,117,68,108,73,761,7026,385,1049,1840,131,387,694,431,85,738,26,10173,27800,3976,140,777,152,550,120,32,10147,3,4,5,1,2,6,0,3,13,35,34,8,8,6,8,9,57,9,88,11,33,20,22,21,24,9,14,3,18,31,7,15,49,27,17,0,32,104,17,29,50,3,18,3,2,3,11,16,32,5
25,47,14,1140,7,21,410,820,164,1449,139,937,543,3913,10329,5181,352,356,391,439,4625,370,236,53,139,72,73,37,377,1847,5610,295,1022,92,966,2016,654,188,1068,22,1029,3976,26013,115,671,52,193,100,31,8525,1,1,9,2,1,3,5,12,30,66,75,13,10,11,9,7,95,29,137,52,54,22,39,23,36,0,13,0,15,35,3,33,64,25,33,0,46,167,32,25,54,5,20,3,6,3,8,13,47,15
30,29,32,160,22,120,63,190,1619,330,73,189,51,240,62,121,21,15,117,522,99,2368,2307,839,4102,8399,14039,1030,484,241,46,5039,2236,5847,109,660,558,11822,1196,10384,607,140,115,58496,1257,2467,7128,469,79,51,2,1,2,2,1,6,7,26,8,52,50,15,88,24,30,21,7,6,30,65,51,678,57,419,11,2180,1560,96,19,13,1119,478,61,10,630,839,25,34,12,1092,34,886,4424,136,890,6,5,20,68,18
25,18,7,118,7,7,58,1965,513,237,22,111,800,1493,438,265,107,139,109,2554,177,355,338,44,1576,1859,1594,95,253,1098,521,9001,11819,995,51,126,122,5901,71,113,387,777,671,1257,8993,80,1131,14,33,627,0,0,7,0,0,2,15,22,10,86,15,12,142,27,34,24,16,14,40,130,22,314,26,994,5,182,473,4,14,20,146,638,53,16,1183,45,12,22,20,953,14,14,710,15,83,5,5,5,24,19
72,18,83,46,30,43,27,177,227,519,287,551,54,116,22,25,27,17,45,65,100,6846,6074,40,212,654,599,25111,3639,438,10,499,378,4287,17,59,102,170,138,2001,1882,152,52,2467,80,22461,18265,52,7,27,1,0,0,0,0,2,3,2,1,8,4,0,2,1,2,2,4,2,4,9,1,31,1,26,1,113,89,9,3,2,82,22,9,0,24,235,2,7,2,52,5,233,331,16,108,1,1,1,3,3
42,15,34,57,21,30,44,256,439,1329,212,634,100,352,73,63,94,54,85,182,394,1411,7234,131,784,3236,1969,8520,781,512,74,16388,7461,19136,37,170,162,1102,260,2039,912,550,193,7128,1131,18265,46927,82,21,189,0,2,3,1,0,2,5,8,1,32,19,4,22,5,4,8,7,7,11,23,9,184,17,116,4,566,366,53,2,9,320,174,20,0,218,663,7,10,8,319,6,690,1280,98,353,2,0,11,28,6
283,585,191,978,756,5280,1748,4,81,235,4,11,7,750,179,70,2,1,1,1,86,163,54,31,43,45,318,127,190,180,14,58,60,46,1226,64,402,14,5137,376,152,120,100,469,14,52,82,5888,714,57,14,31,21,19,20,56,1,0,0,2,7,1,0,0,24,8,9,0,5,0,2,6,3,4,1,7,6,0,7,3,3,1,12,6,1,2,6,27,2,7,11,16,14,0,5,12,16,5,6,0
2454,362,649,538,4725,2204,547,16,8,30,1,8,8,7205,219,66,1,4,7,16,6,51,8,1,19,20,34,17,7823,1431,12,29,21,18,132,26,57,34,398,23,105,32,31,79,33,7,21,714,15436,7,12,41,31,16,17,29,0,1,1,2,9,2,2,0,46,10,26,0,0,1,3,1,2,0,0,1,3,0,14,2,1,1,24,13,4,0,6,46,6,1,49,3,2,0,1,14,27,1,13,4
31,198,45,888,15,36,386,304,37,3770,50,260,325,5153,5281,596,65,91,60,117,2042,181,70,13,59,45,55,15,198,1350,426,508,785,64,203,266,163,50,225,5,1183,10147,8525,51,627,27,189,57,7,9821,1,0,2,0,1,2,0,1,6,12,12,1,1,2,4,5,25,3,30,7,8,5,4,10,4,2,6,1,6,7,3,12,13,8,16,1,11,32,2,7,20,1,9,1,1,0,3,0,6,3
31,101,583,88,29,229,217,2,1,4,0,0,0,55,2,5,1,0,0,5,0,6,0,0,0,0,2,0,7,13,0,0,0,0,21,6,10,1,34,2,7,3,1,2,0,1,0,14,12,1,23425,7496,1572,11711,6534,2634,1,9,6,5,161,2,5,3,6151,148,172,0,14,7,10,248,4,5,4,13,7,77,1819,10,10,12,714,6,25,68,24,283,11,12,126,31,42,125,34,261,11048,274,238,16
94,225,1090,218,66,564,640,3,2,11,0,0,1,103,15,3,0,1,3,2,1,26,0,0,1,0,1,0,18,19,2,1,1,0,26,6,9,1,44,1,16,4,1,1,0,0,2,31,41,0,7496,69343,10138,15821,2741,9745,1,7,5,8,821,21,23,4,13805,103,150,3,25,6,16,1272,9,9,9,21,12,86,1881,9,25,27,2671,20,42,71,24,281,18,14,79,12,42,159,56,237,2617,1414,1247,62
55,142,94,106,59,221,294,23,36,6,0,4,10,104,15,3,0,0,9,21,7,19,0,2,9,0,7,0,17,25,1,4,9,0,32,25,43,2,41,0,11,5,9,2,7,0,3,21,31,2,1572,10138,22179,1067,507,6225,37,144,68,69,1423,79,42,50,21112,3427,6900,39,248,178,124,494,31,62,66,38,10,23,1175,283,35,109,1777,560,162,38,101,2384,125,175,427,10,82,49,36,680,2989,781,1500,191
44,112,1984,92,24,900,386,0,2,2,0,0,0,28,5,6,0,0,0,2,1,7,0,0,0,1,1,0,5,4,4,0,0,1,5,7,2,0,22,3,7,1,2,2,0,0,1,19,16,0,11711,15821,1067,40212,17762,22626,2,4,0,3,225,13,2,2,1112,41,74,1,9,4,7,477,0,5,2,11,12,86,1202,5,8,14,1211,12,17,77,20,249,9,3,191,23,51,122,36,1773,1329,492,309,19
42,133,230,105,26,293,424,1,1,6,1,0,0,50,9,2,0,0,1,0,1,8,0,0,4,1,0,0,7,13,0,0,0,1,13,6,14,1,20,0,8,2,1,1,0,0,0,20,17,1,6534,2741,507,17762,21169,7551,0,3,1,5,290,17,3,1,1497,65,143,4,11,4,24,150,4,14,13,9,31,16,331,4,8,17,373,13,8,20,61,1063,92,5,876,31,57,22,17,3547,3485,154,319,121
86,304,365,249,66,529,906,3,5,9,1,0,3,100,11,5,0,0,1,4,2,19,0,0,1,0,1,0,19,20,2,1,2,1,25,8,26,1,65,2,10,6,3,6,2,2,2,56,29,2,2634,9745,6225,22626,7551,13709,2,13,3,12,1107,36,27,6,3607,160,485,6,39,27,68,540,14,15,30,8,3,33,695,20,10,31,1204,39,25,34,35,1204,180,14,407,6,42,54,35,1087,1034,653,1182,352
0,0,0,3,0,0,1,371,729,10,6,26,104,6,2,6,8,7,15,137,12,22,10,18,21,3,14,0,2,0,6,5,47,0,2,22,61,5,4,0,1,0,5,7,15,3,5,1,0,0,1,1,37,2,0,2,2454,3633,978,868,17,52,95,3497,390,441,349,990,102,1301,28,194,101,90,128,33,28,4,61,965,29,1296,437,409,222,6,382,17,98,45,8,6,44,2,14,1,29,13,49,44
1,2,0,5,0,0,2,632,1460,34,26,55,118,5,6,35,68,30,102,92,46,45,12,107,36,3,6,1,0,5,12,6,39,2,8,154,215,11,12,0,3,3,12,26,22,2,8,0,1,1,9,7,144,4,3,13,3633,13936,4834,2847,112,517,590,2628,730,569,1091,3625,719,1481,189,1186,303,86,117,58,38,26,86,1222,34,646,310,831,348,36,914,47,72,230,15,8,120,55,74,0,60,27,80,24
0,0,0,9,0,2,5,171,279,82,20,32,16,13,5,44,57,42,117,33,80,15,5,75,18,3,6,2,2,6,20,8,20,1,16,198,118,7,50,0,14,13,30,8,10,1,1,0,1,6,6,5,68,0,1,3,978,4834,3396,1688,379,1129,607,1032,172,122,547,3443,1042,518,959,829,94,48,117,16,28,6,15,1039,14,406,54,155,397,24,433,43,34,99,20,7,62,34,59,2,22,21,65,17
2,2,2,28,0,1,16,2038,4549,195,95,211,418,31,14,136,227,167,442,459,226,175,59,373,222,11,52,3,10,16,68,33,201,5,52,565,753,54,129,5,40,35,66,52,86,8,32,2,2,12,5,8,69,3,5,12,868,2847,1688,34755,743,1226,1951,3555,91,103,717,2773,6553,5263,1363,1687,12187,4200,129,84,381,24,29,568,81,1613,84,97,201,67,6348,359,62,359,58,30,418,74,181,8,17,50,130,59
14,23,16,29,8,19,38,66,98,93,19,15,15,59,10,99,14,17,114,22,98,56,5,68,17,25,14,2,14,54,55,18,23,2,63,335,166,14,197,3,42,34,75,50,15,4,19,7,9,12,161,821,1423,225,290,1107,17,112,379,743,51466,4200,3162,155,797,769,1870,245,1291,94,6460,2647,351,88,328,167,158,111,460,343,209,358,981,367,146,189,1056,1658,221,119,807,34,400,376,517,262,194,16131,17381,2905
3,3,1,3,1,4,6,61,111,21,11,14,9,8,1,13,9,18,40,21,27,9,4,26,11,5,7,0,2,8,10,3,18,1,15,56,63,8,31,0,8,8,13,15,12,0,4,1,2,1,2,21,79,13,17,36,52,517,1129,1226,4200,5484,8890,371,50,56,716,254,708,217,3742,7000,139,102,119,50,63,32,43,247,32,208,90,64,37,48,302,265,41,33,102,17,168,245,144,29,20,81,213,56
2,3,1,3,0,1,0,103,257,12,5,26,51,10,7,12,12,11,29,217,10,32,23,17,219,28,43,0,1,2,4,32,139,4,5,41,40,101,10,8,6,8,10,88,142,2,22,0,2,1,5,23,42,2,3,27,95,590,607,1951,3162,8890,16016,7634,82,121,234,4450,314,926,7107,8011,114,1182,738,106,558,90,48,1336,86,5639,186,192,221,133,259,128,369,281,39,27,555,471,741,3,16,126,463,231
1,0,0,3,0,1,3,335,631,11,7,32,121,8,9,19,12,8,26,195,14,28,13,31,100,7,30,1,1,10,4,10,98,3,8,57,58,25,19,0,6,6,11,24,27,1,5,0,0,2,3,4,50,2,1,6,3497,2628,1032,3555,155,371,7634,17665,274,481,471,9302,277,1846,915,1101,152,557,605,52,224,26,48,2773,50,6066,322,673,225,48,543,93,428,116,35,8,141,71,143,5,25,27,167,170
79,192,149,169,76,255,361,52,109,13,2,10,33,163,19,10,2,1,4,118,9,37,11,4,65,5,13,1,27,53,3,3,50,1,54,32,46,17,90,1,32,8,9,30,34,2,4,24,46,4,6151,13805,21112,1112,1497,3607,390,730,172,91,797,50,82,274,59284,13886,1991,106,235,426,121,507,29,108,122,309,48,68,5799,603,261,656,13422,826,1865,131,144,1212,487,499,525,26,186,94,114,479,13479,702,1649,352
17,28,22,34,13,30,39,31,68,11,0,12,20,43,7,11,1,1,6,77,6,26,11,3,53,13,16,0,4,22,7,9,38,0,22,30,21,29,46,1,9,9,7,21,24,2,8,8,10,5,148,103,3427,41,65,160,441,569,122,103,769,56,121,481,13886,23553,3109,164,202,379,374,320,24,175,557,238,95,42,882,844,622,1670,8291,3797,2055,199,92,702,6660,246,262,13,196,52,304,201,654,443,3438,3952
29,50,26,68,16,65,91,41,71,93,6,19,16,101,16,95,7,8,77,46,53,62,5,27,22,3,11,2,33,84,52,7,35,1,95,299,108,8,248,1,71,57,95,7,16,4,7,9,26,25,172,150,6900,74,143,485,349,1091,547,717,1870,716,234,471,1991,3109,14161,858,2052,477,2109,395,139,129,1232,36,49,23,410,6454,68,599,1126,5012,439,48,394,3515,1028,178,1213,11,105,35,103,411,565,327,1019,357
1,1,1,6,0,1,2,197,304,57,20,30,24,10,4,43,43,36,123,26,94,16,5,72,16,3,8,1,1,4,18,7,13,1,19,193,119,13,34,4,9,9,29,6,14,2,7,0,0,3,0,3,39,1,4,6,990,3625,3443,2773,245,254,4450,9302,106,164,858,12609,976,171,5523,406,220,45,834,10,32,5,21,5294,26,1006,79,411,119,15,547,128,269,28,30,6,54,33,117,4,11,15,109,67
5,4,3,27,1,5,20,145,240,196,31,46,32,39,14,186,31,34,220,82,161,70,12,90,51,12,24,2,21,76,92,16,58,2,75,574,221,31,270,3,96,88,137,30,40,4,11,5,0,30,14,25,248,9,11,39,102,719,1042,6553,1291,708,314,277,235,202,2052,976,4494,1203,2078,475,4159,1218,607,65,202,21,127,1285,63,563,527,275,171,49,1502,1501,448,319,421,38,468,31,94,14,48,213,718,254
2,3,0,18,0,1,6,1027,1753,16,15,113,560,36,32,45,17,7,51,1116,21,124,56,25,457,26,103,0,12,20,22,27,594,3,7,75,140,77,19,1,11,11,52,65,130,9,23,0,1,7,7,6,178,4,4,27,1301,1481,518,5263,94,217,926,1846,426,379,477,171,1203,15982,146,1024,585,1647,77,317,377,21,91,325,247,5322,320,300,2746,148,687,125,102,4578,13,30,738,61,188,7,54,25,108,71
2,4,2,12,0,5,10,103,148,91,10,30,14,18,4,77,31,36,148,31,110,42,8,68,18,10,14,0,5,24,42,14,27,1,38,326,165,10,104,6,22,33,54,51,22,1,9,2,3,8,10,16,124,7,24,68,28,189,959,1363,6460,3742,7107,915,121,374,2109,5523,2078,146,17378,1724,378,97,1250,87,135,71,50,1879,121,741,320,407,106,122,891,1048,850,82,328,19,226,228,490,24,21,174,1195,1392
6,8,62,10,5,15,17,99,265,27,4,31,40,44,15,30,18,5,27,200,14,72,122,17,436,257,264,6,10,29,18,261,255,49,13,68,59,427,77,41,32,20,22,678,314,31,184,6,1,5,248,1272,494,477,150,540,194,1186,829,1687,2647,7000,8011,1101,507,320,395,406,475,1024,1724,37486,294,1844,232,1091,2433,1644,2731,318,662,5296,1454,190,666,1281,304,439,196,1179,346,401,5575,8740,7097,94,132,2172,1237,249
0,1,0,9,0,1,7,282,516,93,22,42,23,12,8,82,40,40,153,48,78,44,15,89,43,15,23,3,5,16,43,21,35,3,28,275,228,37,94,12,28,22,39,57,26,1,17,3,2,4,4,9,31,0,4,14,101,303,94,12187,351,139,114,152,29,24,139,220,4159,585,378,294,10255,4095,88,47,903,24,30,223,72,355,125,34,41,55,5193,2564,73,78,849,277,807,23,91,33,21,65,191,85
2,1,1,13,0,1,7,309,860,20,8,143,247,44,17,24,8,6,32,1409,10,164,212,39,1766,102,379,5,7,23,25,182,1069,31,6,64,64,699,15,22,17,21,23,419,994,26,116,4,0,10,5,9,62,5,14,15,90,86,48,4200,88,102,1182,557,108,175,129,45,1218,1647,97,1844,4095,11161,42,249,9359,70,52,92,315,4292,289,64,951,226,980,749,113,995,480,885,4235,105,467,80,59,28,165,120
2,3,0,1,0,3,3,11,27,31,4,4,2,7,3,37,9,4,41,16,25,20,2,10,13,2,7,1,6,11,27,3,9,1,22,129,46,8,42,1,17,24,36,11,5,1,4,1,0,4,4,9,66,2,13,30,128,117,117,129,328,119,738,605,122,557,1232,834,607,77,1250,232,88,42,3052,12,29,7,28,5320,55,693,238,1562,144,38,288,595,4182,45,239,5,54,25,163,22,18,27,464,1398
0,1,1,1,0,4,3,14,49,13,5,15,6,12,4,2,0,0,5,34,2,100,165,19,155,1080,495,20,13,11,2,853,103,216,1,23,14,531,17,123,30,9,0,2180,182,113,566,7,1,2,13,21,38,11,9,8,33,58,16,84,167,50,106,52,309,238,36,10,65,317,87,1091,47,249,12,15656,1228,221,191,31,11156,753,831,52,3644,7172,46,41,47,8078,75,309,6331,315,1805,25,61,65,272,74
1,0,3,6,0,1,4,30,118,24,3,25,8,21,5,8,1,1,13,81,5,112,208,27,649,548,529,25,11,10,5,515,303,131,2,29,15,674,14,232,16,14,13,1560,473,89,366,6,3,6,7,12,10,12,31,3,28,38,28,381,158,63,558,224,48,95,49,32,202,377,135,2433,903,9359,29,1228,16067,516,66,52,946,2077,244,23,923,792,658,457,64,909,1180,6936,12176,239,1253,238,123,38,173,74
1,1,6,1,0,0,0,2,3,4,0,0,2,2,0,3,0,1,0,4,3,5,2,2,5,23,32,149,0,0,2,28,3,67,1,4,9,17,10,458,0,3,0,96,4,9,53,0,0,1,77,86,23,86,16,33,4,26,6,24,111,32,90,26,68,42,23,5,21,21,71,1644,24,70,7,221,516,53821,4201,8,208,114,821,12,55,15890,111,55,19,79,118,17837,960,25764,1316,36,73,805,156,41
14,35,108,37,21,59,66,11,17,15,0,4,4,77,10,28,0,2,3,25,14,30,4,3,24,2,13,1,15,32,6,5,13,4,41,51,33,16,75,1,16,18,15,19,14,3,2,7,14,6,1819,1881,1175,1202,331,695,61,86,15,29,460,43,48,48,5799,882,410,21,127,91,50,2731,30,52,28,191,66,4201,140552,71,250,321,22702,189,728,1071,150,521,100,131,374,424,284,3327,409,175,14499,11898,1238,76
3,0,1,8,2,6,11,60,89,82,14,18,14,21,6,85,14,16,106,40,93,48,1,38,21,4,10,1,5,29,41,4,27,1,36,302,118,20,134,0,33,31,35,13,20,2,9,3,2,7,10,9,283,5,4,20,965,1222,1039,568,343,247,1336,2773,603,844,6454,5294,1285,325,1879,318,223,92,5320,31,52,8,71,16135,69,1839,240,5165,626,38,463,361,818,111,147,18,93,26,174,11,90,55,170,72
0,1,1,0,2,0,3,8,35,13,3,7,4,8,0,1,1,0,3,36,3,56,71,12,108,459,270,15,10,9,8,393,79,167,0,8,3,317,19,157,13,7,3,1119,146,82,320,3,1,3,10,25,35,8,8,10,29,34,14,81,209,32,86,50,261,622,68,26,63,247,121,662,72,315,55,11156,946,208,250,69,23694,3884,1584,113,4515,8857,45,69,254,1361,77,286,6114,186,6767,27,43,84,814,429
4,2,2,7,1,1,4,449,902,32,21,83,254,40,14,36,13,3,41,953,23,135,183,25,987,157,339,7,8,20,14,203,632,32,11,78,67,523,32,12,12,15,33,478,638,22,174,1,1,12,12,27,109,14,17,31,1296,646,406,1613,358,208,5639,6066,656,1670,599,1006,563,5322,741,5296,355,4292,693,753,2077,114,321,1839,3884,29589,2125,1049,15706,1115,380,314,1408,2431,136,70,4247,443,8740,29,73,121,1260,1075
44,55,133,65,25,67,70,47,86,49,2,16,37,131,21,58,5,4,35,129,39,64,21,16,98,21,33,3,41,87,33,30,92,5,103,201,115,42,254,12,59,49,64,61,53,9,20,12,24,13,714,2671,1777,1211,373,1204,437,310,54,84,981,90,186,322,13422,8291,1126,79,527,320,320,1454,125,289,238,831,244,821,22702,240,1584,2125,62413,1132,3890,889,564,1527,1063,430,963,175,542,1180,815,221,947,12687,19565,819
18,19,9,22,8,19,23,17,47,22,2,3,11,66,9,33,0,0,15,34,30,45,6,3,28,4,6,2,20,48,22,5,27,0,51,120,63,10,157,3,26,27,25,10,16,0,0,6,13,8,6,20,560,12,13,39,409,831,155,97,367,64,192,673,826,3797,5012,411,275,300,407,190,34,64,1562,52,23,12,189,5165,113,1049,1132,5750,806,48,251,795,3890,159,426,6,74,18,101,89,92,108,422,568
2,1,0,9,0,0,3,177,575,19,11,112,111,48,11,21,8,7,21,1051,17,169,339,33,1662,136,525,6,8,26,17,247,946,47,8,59,34,939,21,12,22,17,33,630,1183,24,218,1,4,16,25,42,162,17,8,25,222,348,397,201,146,37,221,225,1865,2055,439,119,171,2746,106,666,41,951,144,3644,923,55,728,626,4515,15706,3890,806,12354,865,87,80,398,5474,39,56,1758,66,587,8,185,166,887,413
1,0,10,1,1,4,1,3,15,7,1,2,6,6,2,5,0,0,2,12,4,59,38,9,48,249,168,89,16,7,2,285,37,683,2,5,13,138,8,1339,17,0,0,839,45,235,663,2,0,1,68,71,38,77,20,34,6,36,24,67,189,48,133,48,131,199,48,15,49,148,122,1281,55,226,38,7172,792,15890,1071,38,8857,1115,889,48,865,41601,41,69,117,1264,95,8110,10254,13421,8354,24,46,349,425,196
11,8,3,19,5,13,12,63,135,67,9,18,16,33,10,47,9,15,58,15,54,32,5,40,19,6,6,3,15,30,29,11,20,6,53,177,175,8,142,24,36,32,46,25,12,2,7,6,6,11,24,24,101,20,61,35,382,914,433,6348,1056,302,259,543,144,92,394,547,1502,687,891,304,5193,980,288,46,658,111,150,463,45,380,564,251,87,41,2161,2520,413,45,4221,580,434,22,51,486,123,184,624,222
45,75,41,71,37,104,119,32,46,127,10,18,11,174,21,149,12,11,75,23,119,112,9,27,25,6,13,6,65,161,97,11,27,7,146,450,214,28,527,6,135,104,167,34,22,7,10,27,46,32,283,281,2384,249,1063,1204,17,47,43,359,1658,265,128,93,1212,702,3515,128,1501,125,1048,439,2564,749,595,41,457,55,521,361,69,314,1527,795,80,69,2520,7440,998,86,5812,241,500,57,127,2010,643,433,1261,537
0,6,3,7,2,5,4,10,19,26,5,9,6,20,3,45,1,6,21,33,29,26,4,5,24,5,4,1,11,27,12,3,18,0,26,148,54,15,87,1,18,17,32,12,20,2,8,2,6,2,11,18,125,9,92,180,98,72,34,62,221,41,369,428,487,6660,1028,269,448,102,850,196,73,113,4182,47,64,19,100,818,254,1408,1063,3890,398,117,413,998,17187,93,370,14,131,45,300,60,28,75,2070,6157
3,2,1,7,0,1,3,64,326,30,9,86,41,29,14,12,5,2,22,552,9,121,308,35,1282,306,658,15,6,27,9,416,662,56,5,39,19,1008,19,30,11,29,25,1092,953,52,319,7,1,7,12,14,175,3,5,14,45,230,99,359,119,33,281,116,499,246,178,28,319,4578,82,1179,78,995,45,8078,909,79,131,111,1361,2431,430,159,5474,1264,45,86,93,19787,46,83,12779,104,658,18,108,42,152,76
65,68,39,75,29,98,101,12,11,48,3,4,4,210,18,52,0,2,21,5,47,88,1,6,13,19,17,3,61,133,29,11,14,9,90,135,98,10,231,16,55,50,54,34,14,5,6,11,49,20,126,79,427,191,876,407,8,15,20,58,807,102,39,35,525,262,1213,30,421,13,328,346,849,480,239,75,1180,118,374,147,77,136,963,426,39,95,4221,5812,370,46,9132,903,1043,48,124,2824,437,198,578,210
0,1,5,3,0,6,1,4,6,4,0,2,0,4,1,2,0,1,0,9,1,58,17,6,25,190,240,429,26,9,0,220,11,987,1,8,32,31,42,5117,29,3,5,886,14,233,690,16,3,1,31,12,10,23,31,6,6,8,7,30,34,17,27,8,26,13,11,6,38,30,19,401,277,885,5,309,6936,17837,424,18,286,70,175,6,56,8110,580,241,14,83,903,45751,15236,2964,983,223,85,102,60,15
6,3,5,12,2,7,10,55,222,42,12,50,24,25,8,13,6,3,6,189,12,289,431,50,825,1745,1162,83,24,30,9,1565,422,598,6,57,29,1169,48,715,67,18,20,4424,710,331,1280,14,2,9,42,42,82,51,57,42,44,120,62,418,400,168,555,141,186,196,105,54,468,738,226,5575,807,4235,54,6331,12176,960,284,93,6114,4247,542,74,1758,10254,434,500,131,12779,1043,15236,46455,1650,6011,290,218,160,410,198
1,1,10,3,0,2,2,8,14,7,0,2,4,5,0,2,1,1,4,13,2,5,8,2,18,30,14,10,4,4,0,49,16,77,0,10,4,23,13,171,4,3,3,136,15,16,98,0,0,1,125,159,49,122,22,54,2,55,34,74,376,245,471,71,94,52,35,33,31,61,228,8740,23,105,25,315,239,25764,3327,26,186,443,1180,18,66,13421,22,57,45,104,48,2964,1650,29855,12023,8,57,1083,315,73
1,0,5,2,0,0,6,15,29,12,3,11,5,5,3,2,2,0,3,36,4,55,51,11,85,359,186,16,14,2,3,411,50,225,2,14,14,171,15,233,14,2,6,890,83,108,353,5,1,1,34,56,36,36,17,35,14,74,59,181,517,144,741,143,114,304,103,117,94,188,490,7097,91,467,163,1805,1253,1316,409,174,6767,8740,815,101,587,8354,51,127,300,658,124,983,6011,12023,28453,39,34,205,797,476
24,61,39,37,13,75,158,1,2,5,0,1,0,44,4,2,0,1,0,0,3,14,1,3,5,2,3,0,5,13,0,1,1,0,17,7,19,7,31,6,10,3,3,6,5,1,2,12,14,0,261,237,680,1773,3547,1087,1,0,2,8,262,29,3,5,479,201,411,4,14,7,24,94,33,80,22,25,238,36,175,11,27,29,221,89,8,24,486,2010,60,18,2824,223,290,8,39,6434,1054,55,141,77
31,96,118,62,35,103,132,9,16,2,1,1,8,87,14,6,0,0,3,17,3,23,0,0,13,2,2,1,11,21,2,2,11,4,25,12,17,3,49,4,15,11,8,5,5,1,0,16,27,3,11048,2617,2989,1329,3485,1034,29,60,22,17,194,20,16,25,13479,654,565,11,48,54,21,132,21,59,18,61,123,73,14499,90,43,73,947,92,185,46,123,643,28,108,437,85,218,57,34,1054,31686,138,183,44
5,19,41,11,7,13,22,6,10,29,3,1,5,25,4,27,1,2,22,6,18,19,0,5,6,6,4,0,4,28,12,4,4,6,18,72,39,3,55,6,13,16,13,20,5,1,11,5,1,0,274,1414,781,492,154,653,13,27,21,50,16131,81,126,27,702,443,327,15,213,25,174,2172,65,28,27,65,38,805,11898,55,84,121,12687,108,166,349,184,433,75,42,198,102,160,1083,205,55,138,50957,13081,260
11,22,34,21,9,24,35,28,36,48,5,13,12,42,7,55,3,8,47,29,46,43,6,16,38,25,18,2,18,40,38,26,32,7,38,247,123,22,168,6,45,32,47,68,24,3,28,6,13,6,238,1247,1500,309,319,1182,49,80,65,130,17381,213,463,167,1649,3438,1019,109,718,108,1195,1237,191,165,464,272,173,156,1238,170,814,1260,19565,422,887,425,624,1261,2070,152,578,60,410,315,797,141,183,13081,41083,6034
3,9,3,5,2,4,4,8,14,18,3,2,3,14,3,21,1,2,17,16,19,10,3,4,19,7,9,1,4,11,7,13,11,0,18,72,38,20,46,3,10,5,15,18,19,3,6,0,4,3,16,62,191,19,121,352,44,24,17,59,2905,56,231,170,352,3952,357,67,254,71,1392,249,85,120,1398,74,74,41,76,72,429,1075,819,568,413,196,222,537,6157,76,210,15,198,73,476,77,44,260,6034,9678
