18662,3363,11479,993,11677,4098,794,2,3,145,6,1,0,12493,92,44,1,3,5,0,6,1435,4,3,3,3,5,48,860,1007,7,3,3,36,35,7,7,6,44,33,1026,203,6,21,2,31,13,77,2004,11,7,4,9,21,25,8,0,0,0,1,2,0,1,0,12,0,3,0,1,0,0,1,1,0,0,0,0,0,3,0,1,0,3,2,0,0,6,9,1,1,13,0,1,0,0,52,3,2,2,0
3363,26292,6767,21450,375,1113,1727,4,5,427,19,0,1,2937,2997,134,1,3,6,2,6,504,2,9,1,3,11,16,241,487,3,6,1,9,68,12,18,5,79,10,551,420,10,8,0,15,2,194,87,35,26,23,27,66,102,28,0,0,0,1,5,0,1,0,42,0,19,0,2,0,1,3,0,0,1,0,0,0,5,0,0,0,3,2,0,1,12,55,2,0,27,1,1,0,0,155,5,1,3,3
11479,6767,22286,8717,4081,7964,6347,2,3,167,3,1,1,738,58,51,1,4,5,0,3,1200,4,6,2,4,4,31,476,635,2,5,4,20,24,4,4,4,47,14,781,211,1,11,3,18,14,68,255,10,217,861,10,3929,260,78,0,0,0,0,2,1,0,1,21,1,13,0,6,0,0,3,1,0,0,1,0,2,33,1,3,0,29,0,1,5,6,15,0,1,17,4,2,6,5,76,33,7,3,1
993,21450,8717,48771,542,2418,13826,18,20,1479,94,2,8,7554,18366,7178,10,13,58,18,47,590,8,49,16,17,20,11,386,850,326,22,23,18,421,163,32,31,274,11,782,1011,1463,32,25,12,13,637,264,196,38,28,41,90,156,53,0,0,1,5,12,2,1,1,60,1,45,0,9,4,5,4,2,4,4,0,2,0,7,0,2,1,17,2,2,0,28,56,1,2,49,0,3,0,1,258,13,4,17,0
11677,375,4081,542,18501,17414,826,0,1,50,1,0,1,7178,149,67,1,0,1,1,1,309,5,4,1,7,6,51,964,583,3,5,9,26,27,5,6,2,28,19,439,54,7,17,2,32,17,1201,5416,2,6,4,6,12,23,7,0,0,0,0,3,0,0,0,6,0,3,0,2,0,0,1,0,0,0,0,0,0,2,0,1,1,1,0,0,1,7,13,1,0,7,1,1,1,0,24,0,0,0,2
4098,1113,7964,2418,17414,41497,25363,7,9,318,60,2,1,1099,121,325,2,2,5,4,35,445,8,38,11,8,123,26,350,338,3,12,5,16,523,78,114,9,1197,65,303,103,2,37,3,20,14,10200,2327,7,201,115,23,3004,243,298,0,0,0,2,2,0,0,1,38,0,17,0,2,0,0,3,1,3,0,2,1,0,10,0,1,0,22,1,2,1,11,22,0,0,28,0,8,5,2,324,22,5,5,1
794,1727,6347,13826,826,25363,14357,7,24,967,131,7,8,1133,205,2016,5,6,31,7,61,363,3,109,12,6,23,8,109,245,10,7,29,7,1063,227,62,7,800,10,275,212,49,26,9,6,4,2151,191,18,52,71,65,455,314,344,1,1,2,6,11,1,1,0,92,1,39,3,7,2,0,3,5,4,3,1,1,0,6,4,1,3,15,2,0,1,28,65,3,1,56,2,7,0,0,607,23,4,13,4
2,4,2,18,0,7,7,38674,4720,210,850,924,8466,271,191,259,2411,5098,1181,12738,352,1788,427,171,268,50,50,76,73,146,1038,155,1622,37,18,36,301,414,46,18,74,215,502,187,853,415,279,5,27,424,2,0,11,0,2,1,60,186,47,741,31,39,38,62,14,2,14,69,49,139,52,21,142,118,13,4,8,0,2,25,4,48,4,2,34,1,239,18,3,20,7,0,17,4,9,2,0,2,12,6
3,5,3,20,1,9,24,4720,52316,250,605,1239,2844,77,75,475,794,218,4584,14204,280,1360,749,7413,6985,143,3015,90,38,40,69,363,2555,121,171,1277,5372,406,689,90,71,64,98,1123,325,520,510,108,17,21,3,5,42,1,7,4,262,771,70,3963,60,124,203,540,135,35,43,178,153,1501,129,200,618,1756,23,35,112,0,23,77,17,502,62,13,466,16,1191,40,14,285,15,3,165,13,30,5,9,12,52,20
145,427,167,1479,50,318,967,210,250,43946,7958,3968,729,424,597,1993,297,131,436,196,7470,2710,860,304,251,102,118,117,609,1117,282,2128,3034,174,509,374,199,112,802,37,13765,14875,1586,273,376,362,1794,964,46,5332,9,6,11,11,36,8,3,13,12,45,24,5,3,6,42,7,42,7,59,26,19,13,51,52,13,14,13,1,7,21,8,20,21,16,28,5,91,116,13,18,68,1,28,3,6,44,16,6,31,8
6,19,3,94,1,60,131,850,605,7958,7746,13256,426,54,35,590,435,228,958,194,1000,6159,3248,336,88,22,97,173,35,34,60,316,837,62,159,288,228,42,414,31,287,23,64,262,29,1027,760,159,6,11,1,1,5,0,5,2,1,20,16,73,22,7,5,2,9,6,25,18,41,9,28,14,48,19,19,6,6,0,4,20,5,13,18,9,22,5,73,60,8,14,28,0,12,0,6,5,3,5,22,10
1,0,1,2,0,2,7,924,1239,3968,13256,24621,13068,19,13,102,2892,241,367,581,6014,1440,6650,130,182,15,70,84,17,25,64,77,12633,20,18,47,158,23,36,8,157,59,52,104,30,447,316,5,3,19,0,0,1,0,0,1,7,17,8,128,4,3,9,14,4,1,5,4,15,50,6,7,33,53,2,5,1,0,2,3,3,21,2,1,18,3,44,4,1,18,4,0,8,0,1,1,0,0,6,2
0,1,1,8,1,1,8,8466,2844,729,426,13068,24701,95,70,243,13751,3218,436,4869,820,380,254,94,151,36,43,19,38,134,874,282,20799,25,8,36,173,120,24,5,47,419,238,52,871,99,106,8,9,316,0,0,3,0,2,0,16,65,9,338,6,16,11,20,4,3,4,22,12,78,11,11,54,63,1,4,4,1,1,5,0,22,3,0,23,0,107,11,0,15,4,1,7,2,1,1,3,0,4,1
12493,2937,738,7554,7178,1099,1133,271,77,424,54,19,95,64995,22508,1971,39,149,249,220,146,894,48,91,91,192,71,141,5839,18996,196,335,212,195,595,248,89,393,874,91,1481,3059,712,201,519,98,183,1342,10405,7559,61,35,85,38,179,41,2,3,0,15,36,10,3,10,142,14,111,1,16,10,4,24,6,32,8,3,6,1,25,6,7,14,59,5,14,3,96,146,4,14,153,0,17,4,3,195,29,7,35,10
92,2997,58,18366,149,121,205,191,75,597,35,13,70,22508,22116,3979,34,111,362,206,156,293,35,42,90,60,26,24,639,1925,567,72,104,54,295,226,43,186,292,14,551,1164,9161,102,181,16,53,424,329,2856,12,2,16,10,25,8,0,5,5,13,11,6,4,5,42,1,35,2,9,13,2,5,7,31,3,0,1,1,5,0,3,6,12,5,7,1,24,47,0,5,44,0,5,0,2,64,15,2,9,2
44,134,51,7178,67,325,2016,259,475,1993,590,102,243,1971,3979,17000,339,752,5009,300,1217,398,39,149,196,39,63,24,317,678,8098,87,250,25,2435,1906,173,98,647,24,418,700,7872,102,87,28,62,1061,204,280,11,5,22,22,34,15,1,15,16,49,25,3,2,9,32,5,44,12,57,18,13,9,39,20,9,1,1,0,7,31,1,9,23,12,10,1,73,97,3,9,60,1,7,4,0,61,8,5,30,11
1,1,1,10,1,2,5,2411,794,297,435,2892,13751,39,34,339,5961,5192,1128,114,7701,195,323,235,53,9,15,11,18,32,608,103,1646,12,30,75,121,23,52,5,19,94,162,21,73,37,102,9,0,74,0,1,0,1,0,0,0,37,12,99,5,10,6,4,1,0,7,18,30,8,15,2,30,17,7,2,0,0,0,10,0,3,6,2,5,0,30,7,2,9,8,0,6,1,1,1,0,4,5,1
3,3,4,13,0,2,6,5098,218,131,228,241,3218,149,111,752,5192,4764,1604,472,286,170,53,133,28,8,10,10,41,94,5489,47,532,5,10,32,99,72,61,9,60,225,464,27,146,11,34,7,14,405,0,0,2,0,0,0,1,20,19,76,21,12,2,8,1,1,8,29,26,7,22,6,40,12,18,1,0,0,1,19,2,2,3,1,5,0,35,16,3,3,2,0,1,0,0,1,0,5,13,3
5,6,5,58,1,5,31,1181,4584,436,958,367,436,249,362,5009,1128,1604,6877,880,1064,306,124,1040,723,37,151,19,121,215,1200,104,291,37,177,903,552,201,769,40,180,165,948,280,93,74,114,72,34,138,1,3,5,0,0,1,9,86,65,261,77,27,23,22,5,8,54,49,177,45,86,31,196,56,54,4,9,0,10,80,1,26,41,22,31,3,230,125,20,21,38,3,20,2,3,5,2,20,71,17
0,2,0,18,1,4,7,12738,14204,196,194,581,4869,220,206,300,114,472,880,20671,162,1293,768,93,4722,300,329,61,74,147,358,292,5617,164,16,47,371,7541,37,54,56,238,409,2218,9661,202,249,13,30,284,2,4,41,1,6,0,123,172,17,1186,23,30,145,382,128,34,36,29,60,1089,14,127,225,1411,5,16,68,1,21,24,11,438,54,13,447,7,193,12,11,310,7,1,115,11,28,2,14,7,22,9
6,6,3,47,1,35,61,352,280,7470,1000,6014,820,146,156,1217,7701,286,1064,162,17116,197,772,234,156,37,38,35,75,220,888,343,1609,31,183,338,173,64,425,17,105,1062,8678,83,134,68,337,190,15,3674,1,4,3,0,4,2,3,6,14,50,22,2,5,3,6,5,21,10,70,11,22,5,56,36,12,3,2,1,4,14,1,11,13,12,6,3,86,67,13,8,27,1,12,2,2,9,2,6,23,7
1435,504,1200,590,309,445,363,1788,1360,2710,6159,1440,380,894,293,398,195,170,306,1293,197,18383,4708,236,693,447,999,1232,2334,323,249,486,583,990,266,230,193,274,804,668,21602,475,290,2943,198,6756,1078,305,36,92,3,2,14,9,10,6,9,12,7,84,27,10,19,20,44,7,37,11,36,33,13,42,46,137,10,88,55,5,6,16,64,52,31,10,81,73,74,96,8,67,43,59,193,6,43,27,6,6,27,12
4,2,4,8,5,8,3,427,749,860,3248,6650,254,48,35,39,323,53,124,768,772,4708,12822,110,2245,224,972,682,95,56,41,331,9166,173,13,32,89,493,92,68,129,53,34,1986,267,11408,3943,42,7,20,1,0,5,0,0,0,5,11,0,52,3,6,47,29,27,11,6,6,8,89,2,90,26,392,4,99,118,2,4,4,56,114,14,2,256,16,18,2,2,202,2,8,262,0,40,6,3,1,13,4
3,9,6,49,4,38,109,171,7413,304,336,130,94,91,42,149,235,133,1040,93,234,236,110,4654,414,61,1743,28,80,122,79,132,148,64,542,2232,5647,89,7796,173,144,86,82,414,56,63,135,376,14,12,2,0,5,0,1,0,7,46,19,186,28,23,12,19,7,4,23,15,83,27,33,21,89,43,21,11,12,0,6,39,6,30,17,9,27,4,276,65,12,20,23,1,26,1,3,13,1,4,33,9
3,1,2,16,1,11,12,268,6985,251,88,182,151,91,90,196,53,28,723,4722,156,693,2245,414,8654,221,4570,106,49,86,32,789,5778,131,55,163,151,2606,184,73,59,132,93,3243,2490,379,996,54,14,37,1,0,29,1,3,5,24,40,12,348,18,37,298,225,155,67,33,15,33,526,17,264,120,2918,8,83,186,0,30,24,48,659,110,14,1356,23,69,16,16,1086,7,10,582,13,68,10,14,9,52,24
3,3,4,17,7,8,6,50,143,102,22,15,36,192,60,39,9,8,37,300,37,447,224,61,221,20410,1372,231,138,195,38,17673,399,5662,15,15,22,5501,71,394,111,137,70,10457,2674,612,1857,48,39,77,1,1,6,1,3,0,4,2,0,19,13,4,28,1,13,13,6,3,1,17,12,227,21,117,7,827,385,10,5,3,505,213,26,1,218,168,8,3,8,260,3,105,1361,17,351,2,1,2,20,14
5,11,4,20,6,123,23,50,3015,118,97,70,43,71,26,63,15,10,151,329,38,999,972,1743,4570,1372,14843,723,139,83,19,1503,855,535,89,180,2105,1001,2123,6248,187,63,33,12215,646,802,1420,1230,63,14,1,4,9,1,7,0,5,14,3,69,12,8,100,37,39,18,4,7,20,91,17,280,61,562,0,457,386,13,2,8,277,336,29,3,505,133,18,17,11,433,15,24,966,21,230,30,2,8,30,14
48,16,31,11,51,26,8,76,90,117,173,84,19,141,24,24,11,10,19,61,35,1232,682,28,106,231,723,54798,1102,181,14,300,124,10830,13,15,60,80,69,11365,582,97,20,625,129,17903,2599,60,14,14,1,0,0,1,2,0,1,1,1,9,1,0,3,1,0,0,2,0,5,3,0,10,2,12,0,23,15,318,5,0,22,5,1,0,14,44,4,4,0,16,3,97,66,4,20,1,0,0,1,1
860,241,476,386,964,350,109,73,38,609,35,17,38,5839,639,317,18,41,121,74,75,2334,95,80,49,138,139,1102,76342,8073,114,265,123,407,145,138,61,118,388,234,18967,860,154,457,215,1112,311,217,7490,131,8,2,9,3,9,1,0,3,1,10,14,1,2,2,17,4,30,0,16,4,8,8,12,13,5,17,7,0,4,10,6,2,20,6,7,18,47,49,6,8,43,12,24,2,8,13,6,3,12,8
1007,487,635,850,583,338,245,146,40,1117,34,25,134,18996,1925,678,32,94,215,147,220,323,56,122,86,195,83,181,8073,27649,238,753,443,237,286,268,109,263,877,97,6413,8801,515,176,617,145,325,279,613,1292,17,4,18,8,22,7,1,2,3,10,23,3,2,3,34,5,55,2,38,14,9,20,13,29,5,4,9,1,10,7,0,9,31,13,15,6,87,134,7,14,75,0,15,1,2,22,7,15,21,7
7,3,2,326,3,3,10,1038,69,282,60,64,874,196,567,8098,608,5489,1200,358,888,249,41,79,32,38,19,14,114,238,15516,54,334,25,65,143,62,131,198,9,204,276,7389,40,234,12,24,16,19,324,0,0,2,0,1,0,2,3,7,18,11,2,3,3,4,1,13,2,25,8,7,4,25,8,2,2,2,1,1,10,0,7,13,7,5,3,55,54,4,5,17,0,3,0,0,2,0,1,11,3
3,6,5,22,5,12,7,155,363,2128,316,77,282,335,72,87,103,47,104,292,343,486,331,132,789,17673,1503,300,265,753,54,53576,18406,6090,23,60,48,1137,145,323,322,1040,80,5708,7960,565,14490,69,44,296,0,0,4,2,3,1,0,2,4,29,15,10,38,11,22,8,1,3,10,20,7,188,18,231,2,466,239,13,6,6,283,192,23,0,262,128,18,7,3,302,3,53,887,19,197,3,3,3,11,8
3,1,4,23,9,5,29,1622,2555,3034,837,12633,20799,212,104,250,1646,532,291,5617,1609,583,9166,148,5778,399,855,124,123,443,334,18406,31135,224,44,75,479,1140,126,42,162,1093,222,966,10044,337,18837,55,23,474,2,1,25,2,2,3,43,40,8,443,8,43,154,205,114,35,23,4,42,696,14,121,105,1464,4,28,72,0,10,22,12,404,66,9,578,10,91,21,10,404,6,1,190,5,27,5,10,4,15,13
36,9,20,18,26,16,7,37,121,174,62,20,25,195,54,25,12,5,37,164,31,990,173,64,131,5662,535,10830,407,237,25,6090,224,25244,13,24,26,784,103,8379,382,135,59,9913,518,2134,15011,64,35,43,0,0,0,4,3,1,0,1,0,9,3,1,9,3,8,1,2,0,5,6,3,63,7,33,0,135,131,127,15,1,174,32,9,0,45,880,16,8,2,37,7,791,544,131,268,4,0,4,9,1
35,68,24,421,27,523,1063,18,171,509,159,18,8,595,295,2435,30,10,177,16,183,266,13,542,55,15,89,13,145,286,65,23,44,13,1362,2637,208,10,4771,20,192,163,149,95,15,12,26,2970,126,21,6,8,13,15,44,11,2,6,7,16,21,9,1,3,37,4,44,8,18,1,14,7,13,6,3,0,1,0,12,14,1,1,20,8,0,2,63,90,3,2,44,0,5,1,3,71,12,7,18,8
7,12,4,163,5,78,227,36,1277,374,288,47,36,248,226,1906,75,32,903,47,338,230,32,2232,163,15,180,15,138,268,143,60,75,24,2637,2709,587,32,2876,40,189,191,326,128,21,23,55,547,56,23,3,1,10,2,12,2,3,15,13,58,40,12,7,5,22,4,56,11,82,12,29,12,76,14,16,4,7,1,14,36,1,8,40,29,13,2,172,126,15,13,54,1,11,1,4,15,3,8,40,12
7,18,4,32,6,114,62,301,5372,199,228,158,173,89,43,173,121,99,552,371,173,193,89,5647,151,22,2105,60,61,109,62,48,479,26,208,587,4430,19,7473,427,102,68,69,105,55,59,63,1052,56,12,2,2,9,3,5,2,13,27,7,176,9,10,10,17,6,2,12,6,19,53,6,9,31,44,5,2,4,2,0,11,3,17,6,3,11,4,121,17,2,4,9,1,4,2,3,26,4,0,5,5
6,5,4,31,2,9,7,414,406,112,42,23,120,393,186,98,23,72,201,7541,64,274,493,89,2606,5501,1001,80,118,263,131,1137,1140,784,10,32,19,21909,72,121,112,157,202,14454,7037,170,736,54,64,179,2,1,5,0,2,0,1,9,4,42,8,24,153,48,60,27,11,6,16,74,14,350,75,1032,7,247,322,3,12,13,166,396,45,4,879,78,23,7,13,826,8,9,903,21,148,9,5,1,33,26
44,79,47,274,28,1197,800,46,689,802,414,36,24,874,292,647,52,61,769,37,425,804,92,7796,184,71,2123,69,388,877,198,145,126,103,4771,2876,7473,72,17565,561,590,472,217,374,52,103,120,9348,265,50,8,8,22,5,23,6,2,8,8,39,23,15,8,5,38,6,52,9,75,6,31,12,78,10,12,6,6,0,12,43,1,11,41,30,12,1,232,177,15,12,79,1,24,3,2,68,17,12,51,13
33,10,14,11,19,65,10,18,90,37,31,8,5,91,14,24,5,9,40,54,17,668,68,173,73,394,6248,11365,234,97,9,323,42,8379,20,40,427,121,561,47300,229,40,15,7487,108,1512,2109,540,38,5,2,2,1,2,3,1,0,0,0,5,5,2,4,4,8,0,6,0,2,0,7,85,8,38,2,163,159,587,17,0,202,32,21,0,16,1210,20,12,0,22,12,1282,664,152,366,17,1,5,16,2
1026,551,781,782,439,303,275,74,71,13765,287,157,47,1481,551,418,19,60,180,56,105,21602,129,144,59,111,187,582,18967,6413,204,322,162,382,192,189,102,112,590,229,69996,17172,243,584,202,858,386,198,132,395,5,3,16,10,13,3,2,2,3,13,10,5,1,2,18,2,37,4,62,5,6,9,41,13,5,18,11,5,10,21,11,6,26,4,6,14,58,90,8,7,36,15,45,1,13,16,5,6,14,6
203,420,211,1011,54,103,212,215,64,14875,23,59,419,3059,1164,700,94,225,165,238,1062,475,53,86,132,137,63,97,860,8801,276,1040,1093,135,163,191,68,157,472,40,17172,30576,1820,111,852,80,334,142,27,13721,5,6,7,2,9,4,3,1,8,10,7,1,1,3,17,1,24,0,26,11,6,8,17,25,4,6,7,0,3,6,1,12,15,6,17,3,59,62,6,18,24,3,6,1,5,15,8,4,21,3
6,10,1,1463,7,2,49,502,98,1586,64,52,238,712,9161,7872,162,464,948,409,8678,290,34,82,93,70,33,20,154,515,7389,80,222,59,149,326,69,202,217,15,243,1820,33664,125,235,21,54,58,52,9063,4,0,4,0,1,0,3,7,3,22,13,2,4,6,7,1,19,7,25,16,8,10,26,38,1,0,3,0,1,8,0,9,8,2,11,0,71,41,1,7,11,0,8,1,2,4,3,0,6,2
21,8,11,32,17,37,26,187,1123,273,262,104,52,201,102,102,21,27,280,2218,83,2943,1986,414,3243,10457,12215,625,457,176,40,5708,966,9913,95,128,105,14454,374,7487,584,111,125,68560,937,3394,7041,209,55,51,0,0,7,5,5,1,2,10,7,55,21,22,119,21,37,25,7,5,8,79,21,505,81,625,7,1371,827,36,16,14,880,507,55,4,801,412,29,14,19,748,13,306,2669,60,637,10,1,6,51,28
2,0,3,25,2,3,9,853,325,376,29,30,871,519,181,87,73,146,93,9661,134,198,267,56,2490,2674,646,129,215,617,234,7960,10044,518,15,21,55,7037,52,108,202,852,235,937,15907,86,494,24,46,660,1,2,12,3,4,0,4,21,7,139,5,21,170,119,108,26,26,9,22,333,11,154,54,1543,2,72,109,2,10,22,32,375,80,15,780,14,32,8,5,630,5,3,344,15,56,5,8,5,19,7
31,15,18,12,32,20,6,415,520,362,1027,447,99,98,16,28,37,11,74,202,68,6756,11408,63,379,612,802,17903,1112,145,12,565,337,2134,12,23,59,170,103,1512,858,80,21,3394,86,22832,20240,43,10,13,0,0,0,0,1,0,0,3,1,38,2,3,14,3,1,3,2,4,3,15,3,36,15,60,1,119,59,21,2,1,112,33,7,3,40,139,17,4,1,40,0,98,267,11,106,3,1,0,4,2
13,2,14,13,17,14,4,279,510,1794,760,316,106,183,53,62,102,34,114,249,337,1078,3943,135,996,1857,1420,2599,311,325,24,14490,18837,15011,26,55,63,736,120,2109,386,334,54,7041,494,20240,57251,81,24,81,0,0,1,1,2,0,1,7,1,35,13,4,33,11,6,4,4,3,11,15,7,146,30,197,2,354,198,29,5,2,290,123,16,1,203,355,28,7,2,181,5,301,768,41,231,5,1,3,9,4
77,194,68,637,1201,10200,2151,5,108,964,159,5,8,1342,424,1061,9,7,72,13,190,305,42,376,54,48,1230,60,217,279,16,69,55,64,2970,547,1052,54,9348,540,198,142,58,209,24,43,81,11529,985,23,10,17,13,48,75,35,0,1,2,11,12,6,0,0,27,2,20,0,11,3,1,2,8,4,3,1,6,0,2,2,1,3,11,2,5,2,47,48,3,3,38,2,12,0,1,340,3,1,6,2
2004,87,255,264,5416,2327,191,27,17,46,6,3,9,10405,329,204,0,14,34,30,15,36,7,14,14,39,63,14,7490,613,19,44,23,35,126,56,56,64,265,38,132,27,52,55,46,10,24,985,14985,3,10,7,15,8,19,5,0,1,0,1,4,1,0,2,21,2,25,0,4,6,0,6,2,2,0,2,0,0,7,0,1,1,6,0,1,0,4,22,1,2,30,0,0,0,3,26,7,1,6,2
11,35,10,196,2,7,18,424,21,5332,11,19,316,7559,2856,280,74,405,138,284,3674,92,20,12,37,77,14,14,131,1292,324,296,474,43,21,23,12,179,50,5,395,13721,9063,51,660,13,81,23,3,20749,1,1,2,1,2,0,0,0,0,8,2,3,0,2,2,1,1,0,2,6,1,3,3,21,0,1,1,1,0,1,0,2,5,0,11,2,11,3,0,7,7,0,7,0,2,4,0,1,3,0
7,26,217,38,6,201,52,2,3,9,1,0,0,61,12,11,0,0,1,2,1,3,1,2,1,1,1,1,8,17,0,0,2,0,6,3,2,2,8,2,5,5,4,0,1,0,0,10,10,1,38426,13382,2120,15849,14251,1640,1,12,10,13,114,9,5,6,11240,74,109,0,43,13,9,98,5,6,1,10,13,61,1140,12,6,10,475,6,26,85,23,209,6,25,224,10,34,58,36,382,14187,139,230,22
4,23,861,28,4,115,71,0,5,6,1,0,0,35,2,5,1,0,3,4,4,2,0,0,0,1,4,0,2,4,0,0,1,0,8,1,2,1,8,2,3,6,0,0,2,0,0,17,7,1,13382,101553,10919,34245,5102,9540,3,1,2,7,184,11,6,4,17845,50,67,3,31,11,7,282,5,11,2,17,8,61,914,3,13,14,976,9,30,114,10,154,3,18,125,13,33,93,52,247,2233,374,574,19
9,27,10,41,6,23,65,11,42,11,5,1,3,85,16,22,0,2,5,41,3,14,5,5,29,6,9,0,9,18,2,4,25,0,13,10,9,5,22,1,16,7,4,7,12,0,1,13,15,2,2120,10919,51911,1047,6355,9793,88,253,142,162,739,84,39,116,24937,13070,7585,52,793,202,74,364,29,64,55,33,15,29,963,257,23,135,1553,656,336,55,73,3579,111,198,508,7,100,50,48,692,2859,543,1503,168
21,66,3929,90,12,3004,455,0,1,11,0,0,0,38,10,22,1,0,0,1,0,9,0,0,1,1,1,1,3,8,0,2,2,4,15,2,3,0,5,2,10,2,0,5,3,0,1,48,8,1,15849,34245,1047,59713,26653,21844,1,0,1,2,184,11,4,1,1441,36,24,0,9,6,7,214,4,4,4,17,12,80,873,1,12,14,1024,1,15,177,23,82,6,7,133,19,53,104,76,491,1513,365,544,17
25,102,260,156,23,243,314,2,7,36,5,0,2,179,25,34,0,0,0,6,4,10,0,1,3,3,7,2,9,22,1,3,2,3,44,12,5,2,23,3,13,9,1,5,4,1,2,75,19,2,14251,5102,6355,26653,34348,10281,2,19,18,30,521,28,13,16,5346,108,560,6,95,20,24,266,7,30,9,14,40,29,627,22,12,22,1066,11,33,71,74,1233,20,36,1643,23,102,46,52,5949,4545,511,955,126
8,28,78,53,7,298,344,1,4,8,2,1,0,41,8,15,0,0,1,0,2,6,0,0,5,0,0,0,1,7,0,1,3,1,11,2,2,0,6,1,3,4,0,1,0,0,0,35,5,0,1640,9540,9793,21844,10281,19836,4,11,17,15,290,10,5,7,2265,53,340,0,91,14,13,160,5,12,6,5,1,13,289,16,6,15,526,11,19,22,11,1564,7,14,1667,3,16,16,17,503,572,264,623,43
0,0,0,0,0,0,1,60,262,3,1,7,16,2,0,1,0,1,9,123,3,9,5,7,24,4,5,1,0,1,2,0,43,0,2,3,13,1,2,0,2,3,3,2,4,0,1,0,0,0,1,3,88,1,2,4,2379,4044,620,825,13,38,100,3871,573,339,429,865,262,1778,38,140,40,99,24,10,17,1,34,768,18,667,167,192,140,3,257,36,19,29,7,0,24,20,9,1,16,8,43,19
0,0,0,0,0,0,1,186,771,13,20,17,65,3,5,15,37,20,86,172,6,12,11,46,40,2,14,1,3,2,3,2,40,1,6,15,27,9,8,0,2,1,7,10,21,3,7,1,1,0,12,1,253,0,19,11,4044,14012,3017,5396,132,485,584,1910,760,337,890,4195,1528,2586,254,616,344,157,40,36,43,4,38,1269,14,442,125,403,315,8,1107,48,17,143,10,6,97,53,51,1,50,25,74,22
0,0,0,1,0,0,2,47,70,12,16,8,9,0,5,16,12,19,65,17,14,7,0,19,12,0,3,1,1,3,7,4,8,0,7,13,7,4,8,0,3,8,3,7,7,1,1,2,0,0,10,2,142,1,18,17,620,3017,2357,2418,205,577,205,571,240,55,752,2191,1572,337,522,227,119,28,145,7,10,1,26,1332,15,300,55,68,270,12,381,46,17,67,19,4,29,8,38,2,32,23,55,22
1,1,0,5,0,2,6,741,3963,45,73,128,338,15,13,49,99,76,261,1186,50,84,52,186,348,19,69,9,10,10,18,29,443,9,16,58,176,42,39,5,13,10,22,55,139,38,35,11,1,8,13,7,162,2,30,15,825,5396,2418,39820,579,1800,1873,3296,147,61,439,3348,7340,5065,1775,1695,9959,4547,208,85,741,9,36,865,69,1163,93,65,344,81,6516,145,41,352,64,33,517,134,194,24,25,52,151,74
2,5,2,12,3,2,11,31,60,24,22,4,6,36,11,25,5,21,77,23,22,27,3,28,18,13,12,1,14,23,11,15,8,3,21,40,9,8,23,5,10,7,13,21,5,2,13,12,4,2,114,184,739,184,521,290,13,132,205,579,38185,4880,1913,150,371,305,932,198,945,57,4628,2379,563,112,358,75,89,18,646,153,81,283,1119,110,93,108,837,1100,169,84,474,20,237,327,394,365,66,14853,13280,4336
0,0,1,2,0,0,1,39,124,5,7,3,16,10,6,3,10,12,27,30,2,10,6,23,37,4,8,0,1,3,2,10,43,1,9,12,10,24,15,2,5,1,2,22,21,3,4,6,1,3,9,11,84,11,28,10,38,485,577,1800,4880,7357,7238,265,42,31,380,217,724,201,3162,5498,354,239,104,22,58,6,45,152,26,241,84,18,59,37,429,230,42,65,87,5,163,202,114,33,10,174,417,186
1,1,0,1,0,0,1,38,203,3,5,9,11,3,4,2,6,2,23,145,5,19,47,12,298,28,100,3,2,2,3,38,154,9,1,7,10,153,8,4,1,1,4,119,170,14,33,0,0,0,5,6,39,4,13,5,100,584,205,1873,1913,7238,12151,4911,128,186,216,3743,305,680,3887,5776,260,2066,660,70,318,15,39,1102,83,6333,210,112,284,97,321,91,380,730,41,10,816,289,646,19,8,133,549,461
0,0,1,1,0,1,0,62,540,6,2,14,20,10,5,9,4,8,22,382,3,20,29,19,225,1,37,1,2,3,3,11,205,3,3,5,17,48,5,4,2,3,6,21,119,3,11,0,2,2,6,4,116,1,16,7,3871,1910,571,3296,150,265,4911,15591,559,491,578,9957,496,2352,806,732,162,1445,343,33,192,8,48,2064,73,5048,259,371,446,44,456,94,309,245,23,4,163,60,237,9,24,26,295,232
12,42,21,60,6,38,92,14,135,42,9,4,4,142,42,32,1,1,5,128,6,44,27,7,155,13,39,0,17,34,4,22,114,8,37,22,6,60,38,8,18,17,7,37,108,1,6,27,21,2,11240,17845,24937,1441,5346,2265,573,760,240,147,371,42,128,559,82198,14326,2537,152,593,532,141,401,33,268,280,287,66,127,6153,406,407,1285,17907,1266,2648,330,146,1330,606,600,833,13,296,119,413,667,16318,473,2307,1532
0,0,1,1,0,0,1,2,35,7,6,1,3,14,1,5,0,1,8,34,5,7,11,4,67,13,18,0,4,5,1,8,35,1,4,4,2,27,6,0,2,1,1,25,26,3,4,2,2,1,74,50,13070,36,108,53,339,337,55,61,305,31,186,491,14326,28890,2729,170,219,243,297,280,26,235,645,61,48,15,456,456,244,1428,3925,7999,1227,150,75,252,5714,210,137,4,162,52,508,71,365,256,4430,7991
3,19,13,45,3,17,39,14,43,42,25,5,4,111,35,44,7,8,54,36,21,37,6,23,33,6,4,2,30,55,13,1,23,2,44,56,12,11,52,6,37,24,19,7,26,2,4,20,25,1,109,67,7585,24,560,340,429,890,752,439,932,380,216,578,2537,2729,21887,607,4396,391,711,257,72,129,702,23,12,8,222,8233,35,503,717,4102,623,33,280,6273,624,164,634,2,64,20,82,333,300,233,779,352
0,0,0,0,0,0,3,69,178,7,18,4,22,1,2,12,18,29,49,29,10,11,6,15,15,3,7,0,0,2,2,3,4,0,8,11,6,6,9,0,4,0,7,5,9,4,3,0,0,0,0,3,52,0,6,0,865,4195,2191,3348,198,217,3743,9957,152,170,607,15514,1141,276,6926,295,343,111,595,11,24,1,18,4656,18,820,62,179,139,10,515,92,169,51,26,1,54,23,84,3,4,21,111,104
1,2,6,9,2,2,7,49,153,59,41,15,12,16,9,57,30,26,177,60,70,36,8,83,33,1,20,5,16,38,25,10,42,5,18,82,19,16,75,2,62,26,25,8,22,3,11,11,4,2,43,31,793,9,95,91,262,1528,1572,7340,945,724,305,496,593,219,4396,1141,12015,737,1666,342,4603,644,842,41,151,9,92,3518,40,420,312,309,243,25,1025,3642,227,201,219,39,242,23,85,49,87,149,536,203
0,0,0,4,0,0,2,139,1501,26,9,50,78,10,13,18,8,7,45,1089,11,33,89,27,526,17,91,3,4,14,8,20,696,6,1,12,53,74,6,0,5,11,16,79,333,15,15,3,6,6,13,11,202,6,20,14,1778,2586,337,5065,57,201,680,2352,532,243,391,276,737,17870,92,692,186,2738,49,332,217,6,44,345,190,3560,161,148,3212,119,449,27,24,4482,11,4,681,65,193,4,41,23,90,45
0,1,0,5,0,0,0,52,129,19,28,6,11,4,2,13,15,22,86,14,22,13,2,33,17,12,17,0,8,9,7,7,14,3,14,29,6,14,31,7,6,6,8,21,11,3,7,1,0,1,9,7,74,7,24,13,38,254,522,1775,4628,3162,3887,806,141,297,711,6926,1666,92,14320,1128,979,155,2398,34,50,10,58,1196,65,464,418,98,49,52,1013,550,537,64,160,8,135,175,307,37,13,148,1278,2462
1,3,3,4,1,3,3,21,200,13,14,7,11,24,5,9,2,6,31,127,5,42,90,21,264,227,280,10,8,20,4,188,121,63,7,12,9,350,12,85,9,8,10,505,154,36,146,2,6,3,98,282,364,214,266,160,140,616,227,1695,2379,5498,5776,732,401,280,257,295,342,692,1128,29579,369,1860,227,1222,1207,372,2678,252,695,2686,1937,97,506,1075,352,231,225,1099,173,228,4452,6609,5630,117,59,2454,1267,436
1,0,1,2,0,1,5,142,618,51,48,33,54,6,7,39,30,40,196,225,56,46,26,89,120,21,61,2,12,13,25,18,105,7,13,76,31,75,78,8,41,17,26,81,54,15,30,8,2,3,5,5,29,4,7,5,40,344,119,9959,563,354,260,162,33,26,72,343,4603,186,979,369,10186,4835,305,111,1855,63,32,339,70,407,177,49,75,128,5066,688,112,111,162,463,1601,34,154,32,9,82,312,158
0,0,0,4,0,3,4,118,1756,52,19,53,63,32,31,20,17,12,56,1411,36,137,392,43,2918,117,562,12,13,29,8,231,1464,33,6,14,44,1032,10,38,13,25,38,625,1543,60,197,4,2,21,6,11,64,4,30,12,99,157,28,4547,112,239,2066,1445,268,235,129,111,644,2738,155,1860,4835,11195,55,400,6997,117,59,135,335,4413,316,57,1272,356,896,307,128,2003,272,1012,4330,127,587,110,41,20,285,170
0,1,0,4,0,0,3,13,23,13,19,2,1,8,3,9,7,18,54,5,12,10,4,21,8,7,0,0,5,5,2,2,4,0,3,16,5,7,12,2,5,4,1,7,2,1,2,3,0,0,1,2,55,4,9,6,24,40,145,208,358,104,660,343,280,645,702,595,842,49,2398,227,305,55,4294,6,13,1,31,7585,19,403,276,944,44,30,338,469,6602,49,176,1,42,41,149,32,10,37,661,1929
0,0,1,0,0,2,1,4,35,14,6,5,4,3,0,1,2,1,4,16,3,88,99,11,83,827,457,23,17,4,2,466,28,135,0,4,2,247,6,163,18,6,0,1371,72,119,354,1,2,1,10,17,33,17,14,5,10,36,7,85,75,22,70,33,287,61,23,11,41,332,34,1222,111,400,6,21389,665,77,101,15,9118,365,291,21,3136,6072,83,41,17,12604,68,209,9246,180,2213,36,20,38,139,24
0,0,0,2,0,1,1,8,112,13,6,1,4,6,1,1,0,0,9,68,2,55,118,12,186,385,386,15,7,9,2,239,72,131,1,7,4,322,6,159,11,7,3,827,109,59,198,6,0,1,13,8,15,12,40,1,17,43,10,741,89,58,318,192,66,48,12,24,151,217,50,1207,1855,6997,13,665,12576,940,35,28,506,924,106,12,297,862,1098,450,27,304,794,8478,14458,94,798,283,34,17,105,44
0,0,2,0,0,0,0,0,0,1,0,0,1,1,1,0,0,0,0,1,1,5,2,0,0,10,13,318,0,1,1,13,0,127,0,1,2,3,0,587,5,0,0,36,2,21,29,0,0,1,61,61,29,80,29,13,1,4,1,9,18,6,15,8,127,15,8,1,9,6,10,372,63,117,1,77,940,45984,3814,4,50,40,715,3,24,7675,666,54,2,28,204,21340,1108,14303,819,43,66,436,53,14
3,5,33,7,2,10,6,2,23,7,4,2,1,25,5,7,0,1,10,21,4,6,4,6,30,5,2,5,4,10,1,6,10,15,12,14,0,12,12,17,10,3,1,16,10,2,5,2,7,0,1140,914,963,873,627,289,34,38,26,36,646,45,39,48,6153,456,222,18,92,44,58,2678,32,59,31,101,35,3814,94966,29,158,267,22216,56,327,1694,88,295,47,68,197,170,170,2843,463,144,13760,11284,1441,116
0,0,1,0,0,0,4,25,77,21,20,3,5,6,0,31,10,19,80,24,14,16,4,39,24,3,8,0,10,7,10,6,22,1,14,36,11,13,43,0,21,6,8,14,22,1,2,2,0,1,12,3,257,1,22,16,768,1269,1332,865,153,152,1102,2064,406,456,8233,4656,3518,345,1196,252,339,135,7585,15,28,4,29,12770,71,1397,150,2723,518,38,470,431,1543,161,115,8,78,20,210,14,32,22,214,289
1,0,3,2,1,1,1,4,17,8,5,3,0,7,3,1,0,2,1,11,1,64,56,6,48,505,277,22,6,0,0,283,12,174,1,1,3,166,1,202,11,1,0,880,32,112,290,1,1,0,6,13,23,12,12,6,18,14,15,69,81,26,83,73,407,244,35,18,40,190,65,695,70,335,19,9118,506,50,158,71,22606,2276,785,31,3085,7936,71,29,72,1301,50,378,2509,81,7533,29,48,56,399,147
0,0,0,1,1,0,3,48,502,20,13,21,22,14,6,9,3,2,26,438,11,52,114,30,659,213,336,5,2,9,7,192,404,32,1,8,17,396,11,32,6,12,9,507,375,33,123,3,1,2,10,14,135,14,22,15,667,442,300,1163,283,241,6333,5048,1285,1428,503,820,420,3560,464,2686,407,4413,403,365,924,40,267,1397,2276,30250,1655,461,14375,710,312,164,804,2993,80,42,3363,278,7333,46,67,95,1325,887
3,3,29,17,1,22,15,4,62,21,18,2,3,59,12,23,6,3,41,54,13,31,14,17,110,26,29,1,20,31,13,23,66,9,20,40,6,45,41,21,26,15,8,55,80,7,16,11,6,5,475,976,1553,1024,1066,526,167,125,55,93,1119,84,210,259,17907,3925,717,62,312,161,418,1937,177,316,276,291,106,715,22216,150,785,1655,69545,381,1627,1450,378,915,573,255,616,122,459,1550,1297,347,827,9867,22600,1387
2,2,0,2,0,1,2,2,13,16,9,1,0,5,5,12,2,1,22,13,12,10,2,9,14,1,3,0,6,13,7,0,9,0,8,29,3,4,30,0,4,6,2,4,15,3,1,2,0,0,6,9,656,1,11,11,192,403,68,65,110,18,112,371,1266,7999,4102,179,309,148,98,97,49,57,944,21,12,3,56,2723,31,461,381,8386,326,21,208,360,4022,88,194,1,46,10,99,24,29,41,497,856
0,0,1,2,0,2,0,34,466,28,22,18,23,14,7,10,5,5,31,447,6,81,256,27,1356,218,505,14,7,15,5,262,578,45,0,13,11,879,12,16,6,17,11,801,780,40,203,5,1,11,26,30,336,15,33,19,140,315,270,344,93,59,284,446,2648,1227,623,139,243,3212,49,506,75,1272,44,3136,297,24,327,518,3085,14375,1627,326,13139,783,118,65,138,5894,34,12,1601,39,1053,5,175,92,533,189
0,1,5,0,1,1,1,1,16,5,5,3,0,3,1,1,0,0,3,7,3,73,16,4,23,168,133,44,18,6,3,128,10,880,2,2,4,78,1,1210,14,3,0,412,14,139,355,2,0,2,85,114,55,177,71,22,3,8,12,81,108,37,97,44,330,150,33,10,25,119,52,1075,128,356,30,6072,862,7675,1694,38,7936,710,1450,21,783,38359,158,53,69,987,99,8049,8486,8061,6025,46,60,356,372,117
6,12,6,28,7,11,28,239,1191,91,73,44,107,96,24,73,30,35,230,193,86,74,18,276,69,8,18,4,47,87,55,18,91,16,63,172,121,23,232,20,58,59,71,29,32,17,28,47,4,11,23,10,73,23,74,11,257,1107,381,6516,837,429,321,456,146,75,280,515,1025,449,1013,352,5066,896,338,83,1098,666,88,470,71,312,378,208,118,158,2935,2112,235,86,2637,1788,1230,41,118,585,104,177,685,256
9,55,15,56,13,22,65,18,40,116,60,4,11,146,47,97,7,16,125,12,67,96,2,65,16,3,17,4,49,134,54,7,21,8,90,126,17,7,177,12,90,62,41,14,8,4,7,48,22,3,209,154,3579,82,1233,1564,36,48,46,145,1100,230,91,94,1330,252,6273,92,3642,27,550,231,688,307,469,41,450,54,295,431,29,164,915,360,65,53,2112,13915,515,42,8106,239,414,35,103,3988,353,330,1179,534
1,2,0,1,1,0,3,3,14,13,8,1,0,4,0,3,2,3,20,11,13,8,2,12,16,8,11,0,6,7,4,3,10,2,3,15,2,13,15,0,8,6,1,19,5,1,2,3,1,0,6,3,111,6,20,7,19,17,17,41,169,42,380,309,606,5714,624,169,227,24,537,225,112,128,6602,17,27,2,47,1543,72,804,573,4022,138,69,235,515,19689,68,232,2,89,26,351,73,13,46,2253,8297
1,0,1,2,0,0,1,20,285,18,14,18,15,14,5,9,9,3,21,310,8,67,202,20,1086,260,433,16,8,14,5,302,404,37,2,13,4,826,12,22,7,18,7,748,630,40,181,3,2,7,25,18,198,7,36,14,29,143,67,352,84,65,730,245,600,210,164,51,201,4482,64,1099,111,2003,49,12604,304,28,68,161,1301,2993,255,88,5894,987,86,42,68,13426,31,33,6689,100,995,31,81,23,216,119
13,27,17,49,7,28,56,7,15,68,28,4,4,153,44,60,8,2,38,7,27,43,2,23,7,3,15,3,43,75,17,3,6,7,44,54,9,8,79,12,36,24,11,13,5,0,5,38,30,7,224,125,508,133,1643,1667,7,10,19,64,474,87,41,23,833,137,634,26,219,11,160,173,162,272,176,68,794,204,197,115,50,80,616,194,34,99,2637,8106,232,31,13489,739,793,26,99,14620,285,186,588,249
0,1,4,0,1,0,2,0,3,1,0,0,1,0,0,1,0,0,3,1,1,59,8,1,10,105,24,97,12,0,0,53,1,791,0,1,1,9,1,1282,15,3,0,306,3,98,301,2,0,0,10,13,7,19,23,3,0,6,4,33,20,5,10,4,13,4,2,1,39,4,8,228,463,1012,1,209,8478,21340,170,8,378,42,122,1,12,8049,1788,239,2,33,739,41774,10877,434,885,197,25,30,24,7
1,1,2,3,1,8,7,17,165,28,12,8,7,17,5,7,6,1,20,115,12,193,262,26,582,1361,966,66,24,15,3,887,190,544,5,11,4,903,24,664,45,6,8,2669,344,267,768,12,0,7,34,33,100,53,102,16,24,97,29,517,237,163,816,163,296,162,64,54,242,681,135,4452,1601,4330,42,9246,14458,1108,170,78,2509,3363,459,46,1601,8486,1230,414,89,6689,793,10877,50616,495,3935,409,104,85,367,180
0,0,6,0,1,5,0,4,13,3,0,0,2,4,0,4,1,0,2,11,2,6,0,1,13,17,21,4,2,1,0,19,5,131,1,1,2,21,3,152,1,1,1,60,15,11,41,0,0,0,58,93,50,104,46,16,20,53,8,134,327,202,289,60,119,52,20,23,23,65,175,6609,34,127,41,180,94,14303,2843,20,81,278,1550,10,39,8061,41,35,26,100,26,434,495,19606,7547,12,46,829,354,110
0,0,5,1,0,2,0,9,30,6,6,1,1,3,2,0,1,0,3,28,2,43,40,3,68,351,230,20,8,2,0,197,27,268,3,4,3,148,2,366,13,5,2,637,56,106,231,1,3,2,36,52,48,76,52,17,9,51,38,194,394,114,646,237,413,508,82,84,85,193,307,5630,154,587,149,2213,798,819,463,210,7533,7333,1297,99,1053,6025,118,103,351,995,99,885,3935,7547,16244,39,43,204,1009,617
52,155,76,258,24,324,607,2,5,44,5,1,1,195,64,61,1,1,5,2,9,27,6,13,10,2,30,1,13,22,2,3,5,4,71,15,26,9,68,17,16,15,4,10,5,3,5,340,26,4,382,247,692,491,5949,503,1,1,2,24,365,33,19,9,667,71,333,3,49,4,37,117,32,110,32,36,283,43,144,14,29,46,347,24,5,46,585,3988,73,31,14620,197,409,12,39,12408,1286,144,411,120
3,5,33,13,0,22,23,0,9,16,3,0,3,29,15,8,0,0,2,14,2,6,3,1,14,1,2,0,6,7,0,3,10,0,12,3,4,5,17,1,5,8,3,1,8,1,1,3,7,0,14187,2233,2859,1513,4545,572,16,50,32,25,66,10,8,24,16318,365,300,4,87,41,13,59,9,41,10,20,34,66,13760,32,48,67,827,29,175,60,104,353,13,81,285,25,104,46,43,1286,38941,106,90,19
2,1,7,4,0,5,4,2,12,6,5,0,0,7,2,5,4,5,20,7,6,6,1,4,9,2,8,0,3,15,1,3,4,4,7,8,0,1,12,5,6,4,0,6,5,0,3,1,1,1,139,374,543,365,511,264,8,25,23,52,14853,174,133,26,473,256,233,21,149,23,148,2454,82,20,37,38,17,436,11284,22,56,95,9867,41,92,356,177,330,46,23,186,30,85,829,204,144,106,36143,9622,320
2,3,3,17,0,5,13,12,52,31,22,6,4,35,9,30,5,13,71,22,23,27,13,33,52,20,30,1,12,21,11,11,15,9,18,40,5,33,51,16,14,21,6,51,19,4,9,6,6,3,230,574,1503,544,955,623,43,74,55,151,13280,417,549,295,2307,4430,779,111,536,90,1278,1267,312,285,661,139,105,53,1441,214,399,1325,22600,497,533,372,685,1179,2253,216,588,24,367,354,1009,411,90,9622,37967,7116
0,3,1,0,2,1,4,6,20,8,10,2,1,10,2,11,1,3,17,9,7,12,4,9,24,14,14,1,8,7,3,8,13,1,8,12,5,26,13,2,6,3,2,28,7,2,4,2,2,0,22,19,168,17,126,43,19,22,22,74,4336,186,461,232,1532,7991,352,104,203,45,2462,436,158,170,1929,24,44,14,116,289,147,887,1387,856,189,117,256,534,8297,119,249,7,180,110,617,120,19,320,7116,11249
