17619,10668,5191,1261,12182,176,279,2,4,64,1,1,2,8544,602,188,0,2,9,3,7,230,1,4,3,4,5,56,575,1580,12,30,2,12,57,22,19,2,31,14,629,149,163,16,6,12,18,84,1790,9,2,3,9,110,5,10,0,0,0,0,4,0,0,1,22,4,15,0,5,0,0,1,0,0,1,0,0,0,1,1,0,0,6,1,0,0,4,17,4,1,9,2,0,0,1,19,1,0,3,2
10668,17877,10889,9694,1575,102,968,7,16,325,12,5,6,3579,2865,326,4,2,27,9,16,954,14,5,11,23,8,69,374,1245,10,23,7,11,135,60,54,8,61,12,1260,600,163,15,17,17,25,338,323,52,10,47,35,63,49,59,0,0,0,2,12,0,0,0,74,13,41,0,4,0,1,5,3,1,2,0,0,0,5,1,2,0,15,7,0,0,11,59,6,1,20,1,1,0,0,184,6,1,18,3
5191,10889,32016,6323,8747,3025,5834,5,1,105,4,3,0,743,99,51,0,1,5,6,5,521,8,4,2,3,4,76,375,1078,5,8,1,7,33,15,18,1,42,9,748,243,21,16,7,12,16,184,245,19,20,179,18,1384,54,91,0,0,1,1,10,1,0,0,37,5,20,0,2,0,1,4,1,1,0,1,0,0,1,1,0,0,6,3,0,0,6,26,1,0,5,0,0,1,0,223,1,2,6,2
1261,9694,6323,19539,586,961,9959,55,64,966,51,24,37,4960,11932,4322,17,10,192,86,51,1018,11,34,48,168,31,51,284,1068,353,156,42,41,707,308,141,91,199,12,1216,1062,1734,101,109,16,36,989,288,163,15,90,51,379,89,174,0,1,2,6,27,3,0,0,133,35,88,1,14,9,0,18,6,4,8,2,2,0,14,2,0,5,31,24,4,2,27,146,22,1,34,2,4,0,1,426,14,2,29,11
12182,1575,8747,586,25405,15474,2465,4,2,30,2,1,2,3672,173,93,1,0,5,2,4,111,2,4,1,3,1,47,576,1042,9,14,5,5,132,11,27,5,41,11,441,50,47,9,3,4,7,460,5781,7,8,7,11,1063,23,27,0,0,0,1,4,1,0,0,16,5,9,0,1,0,0,4,1,0,3,0,0,0,2,0,0,1,5,5,1,0,1,13,5,0,4,1,2,0,0,43,2,1,4,0
176,102,3025,961,15474,13419,13820,0,17,90,5,4,0,129,30,297,2,1,8,2,12,63,8,14,18,11,42,14,193,156,2,11,6,4,644,43,96,5,404,10,84,32,42,32,7,2,5,4899,2205,9,84,85,23,1710,169,285,0,0,0,1,5,0,0,0,40,8,18,0,0,0,1,2,1,1,0,0,0,0,2,2,1,0,5,3,0,1,4,54,4,1,11,0,2,0,0,365,6,2,11,2
279,968,5834,9959,2465,13820,14329,6,30,338,17,2,2,401,275,1929,2,0,60,15,37,364,7,38,20,37,14,9,69,203,22,17,9,6,3115,206,113,9,286,3,301,233,162,33,10,1,10,2953,190,58,66,210,80,810,387,1373,1,1,2,6,25,4,0,1,196,35,98,0,13,3,1,14,5,3,6,0,0,0,8,0,0,1,28,24,0,0,20,211,10,1,36,0,0,0,0,928,13,7,23,5
2,7,5,55,4,0,6,39422,6471,89,370,431,4606,282,393,765,3654,3654,2191,3849,565,1146,200,170,219,99,170,13,6,89,1027,258,797,13,22,110,1476,242,49,0,23,32,1624,90,642,15,113,9,0,87,0,1,0,0,0,0,160,272,47,495,33,46,13,54,6,4,18,28,25,426,22,34,35,232,7,4,19,0,1,10,3,52,9,6,74,3,323,10,5,10,4,1,6,0,3,0,0,1,11,7
4,16,1,64,2,17,30,6471,66623,191,708,1398,2776,109,89,479,1198,131,7808,5386,572,1543,353,10326,9344,177,3346,35,26,120,220,344,962,31,288,2062,11197,307,573,49,45,80,342,1008,328,24,242,108,12,75,1,0,2,1,1,2,495,853,85,1472,50,109,54,170,18,13,29,79,67,1396,54,77,101,754,20,13,79,7,0,22,15,190,16,12,258,8,1051,39,7,57,11,2,42,0,13,2,0,6,19,11
64,325,105,966,30,90,338,89,191,34003,2554,1415,125,483,655,1285,142,20,653,89,4036,4658,284,165,122,65,113,171,228,598,302,391,251,66,613,1068,1321,80,1132,30,9744,8133,1440,289,51,166,1025,600,81,6401,3,4,17,2,1,18,2,6,13,32,86,10,2,3,63,63,133,10,53,17,36,25,14,15,48,5,7,1,13,19,14,7,73,51,10,5,125,116,83,8,56,3,20,0,4,24,4,8,106,64
1,12,4,51,2,5,17,370,708,2554,4296,6734,528,58,31,313,151,26,719,191,792,4921,1563,138,150,30,105,72,29,114,80,85,283,38,97,283,405,49,238,17,130,193,178,228,26,266,839,61,4,68,1,0,2,0,0,2,3,10,16,32,22,8,2,2,6,7,11,6,10,8,7,11,7,13,13,16,6,0,0,8,10,9,12,9,17,3,31,13,12,9,3,4,12,1,2,3,1,3,16,12
1,5,3,24,1,4,2,431,1398,1415,6734,17316,6345,132,53,131,1483,74,417,626,3982,2384,6560,208,923,41,565,86,38,216,88,325,6048,51,50,186,1012,105,115,28,83,282,178,306,59,227,1623,26,2,231,0,0,3,0,0,2,22,41,16,59,17,16,8,17,5,3,7,11,13,154,10,22,4,84,5,20,15,1,0,5,6,40,3,5,44,3,108,6,2,24,3,2,16,0,7,1,0,1,6,4
2,6,0,37,2,0,2,4606,2776,125,528,6345,21268,560,393,277,4496,493,558,1942,1677,794,312,76,598,46,468,8,20,317,793,788,6771,11,18,80,886,59,35,4,47,95,1135,107,256,30,439,17,7,207,0,1,1,0,0,0,156,111,8,263,8,17,7,53,4,3,5,12,19,497,6,25,22,245,3,9,33,1,0,4,5,67,1,4,97,2,159,8,2,20,3,0,8,0,5,0,1,0,7,4
8544,3579,743,4960,3672,129,401,282,109,483,58,132,560,51815,11985,1156,327,57,254,323,901,546,84,56,280,398,185,171,3523,26756,286,2627,739,111,459,409,507,183,475,29,1510,1258,3841,219,577,28,664,606,9417,2032,18,38,61,30,19,94,4,6,5,16,66,6,5,3,227,84,199,3,36,36,11,42,17,26,25,7,6,1,26,11,3,19,104,68,23,1,52,172,69,10,69,2,16,0,4,125,18,15,75,39
602,2865,99,11932,173,30,275,393,89,655,31,53,393,11985,23037,1490,219,84,358,310,545,575,31,25,133,356,99,53,287,2376,556,914,361,68,273,270,237,223,191,9,956,1422,10693,173,436,12,183,288,306,4015,13,9,14,7,8,25,2,2,2,5,23,1,3,2,80,23,58,3,8,26,3,16,3,18,10,3,1,0,3,5,3,5,21,14,7,0,37,66,16,1,29,1,7,0,0,57,3,8,29,5
188,326,51,4322,93,297,1929,765,479,1285,313,131,277,1156,1490,22361,429,959,3675,485,711,568,34,101,196,196,69,23,85,521,14060,203,210,42,4179,4381,455,202,319,9,400,437,11346,162,208,10,63,652,111,196,8,23,21,9,20,43,5,12,11,19,46,8,2,1,81,37,93,5,36,23,9,24,7,16,20,1,0,1,8,14,0,12,45,24,8,2,70,109,27,6,27,2,4,0,1,83,7,10,64,25
0,4,0,17,1,2,2,3654,1198,142,151,1483,4496,327,219,429,5751,2422,790,159,5849,177,140,85,90,28,60,8,7,196,2203,374,1036,8,30,115,484,20,62,0,18,98,872,53,62,13,234,12,2,203,0,0,0,0,0,0,2,17,16,42,7,2,4,4,2,2,7,5,5,20,4,4,1,10,1,2,1,0,0,1,0,9,2,2,12,1,36,4,1,4,2,0,4,0,2,1,0,0,5,5
2,2,1,10,0,1,0,3654,131,20,26,74,493,57,84,959,2422,2864,1038,75,520,57,5,43,20,6,18,3,0,28,2672,140,192,1,7,36,167,7,36,0,6,11,651,12,47,1,15,2,0,29,0,0,0,0,0,0,2,7,5,15,8,4,0,2,0,1,1,2,4,3,4,3,0,2,3,1,0,0,0,2,0,1,1,2,1,0,29,2,0,1,0,0,0,0,0,0,0,0,1,2
9,27,5,192,5,8,60,2191,7808,653,719,417,558,254,358,3675,790,1038,17098,1351,1122,528,96,865,1161,113,197,8,16,214,1605,231,322,12,524,7058,1552,179,347,3,99,163,2005,257,214,11,112,40,7,121,2,3,2,0,0,1,16,61,51,142,97,21,9,16,15,27,53,22,99,60,31,32,25,54,32,4,4,0,3,26,1,15,34,25,18,1,182,70,19,5,18,0,7,1,1,2,1,5,65,31
3,9,6,86,2,2,15,3849,5386,89,191,626,1942,323,310,485,159,75,1351,19961,217,956,512,131,3249,364,1595,25,37,180,415,424,4247,42,74,349,412,2805,50,9,35,77,1180,654,4810,47,206,25,5,95,1,1,3,0,0,3,285,131,7,452,14,60,70,149,27,22,28,8,30,1471,16,93,72,1043,10,37,80,2,3,9,12,356,9,13,514,5,138,13,4,83,4,3,42,2,7,3,1,0,5,4
7,16,5,51,4,12,37,565,572,4036,792,3982,1677,901,545,711,5849,520,1122,217,18541,426,539,204,227,97,136,107,79,1723,2359,1305,1325,58,179,657,1325,71,477,7,461,1943,4274,212,163,60,1083,98,13,3842,2,3,4,0,1,0,3,17,15,49,57,17,3,8,16,17,34,8,44,16,15,13,11,27,18,13,6,1,5,14,8,10,33,16,19,0,106,35,21,11,24,2,17,0,4,7,0,2,27,10
230,954,521,1018,111,63,364,1146,1543,4658,4921,2384,794,546,575,568,177,57,528,956,426,16752,5228,86,523,131,476,2501,4597,595,163,290,374,749,243,367,461,247,356,477,12022,1590,647,1498,119,4369,2678,194,52,305,2,3,10,8,5,6,6,13,14,31,38,12,7,7,39,42,83,5,36,37,13,44,5,50,23,60,16,6,8,14,34,27,28,27,26,51,51,52,45,31,32,73,98,10,33,9,0,3,51,25
1,14,8,11,2,8,7,200,353,284,1563,6560,312,84,31,34,140,5,96,512,539,5228,7150,65,1024,211,1118,361,195,124,23,420,3508,189,13,45,126,452,80,88,95,119,77,2269,141,3084,5760,47,7,101,0,0,1,1,0,0,10,12,4,20,3,9,12,7,7,6,4,2,3,75,4,56,3,122,2,50,56,3,0,2,31,105,6,2,99,27,13,0,0,145,1,16,120,3,22,1,1,0,4,4
4,5,4,34,4,14,38,170,10326,165,138,208,76,56,25,101,85,43,865,131,204,86,65,7258,1220,62,797,27,13,93,31,92,116,17,703,5586,4380,33,6824,59,65,83,82,509,42,10,94,208,30,30,0,0,3,0,0,3,9,26,14,48,35,9,3,4,9,10,16,4,23,49,4,7,3,30,7,7,13,1,1,8,2,11,6,4,14,0,97,21,8,10,8,1,7,0,2,3,1,2,16,7
3,11,2,48,1,18,20,219,9344,122,150,923,598,280,133,196,90,20,1161,3249,227,523,1024,1220,11700,587,10701,59,41,294,108,1330,3720,118,183,802,683,1848,363,81,62,123,299,4796,1180,69,1008,225,27,136,1,0,6,1,0,3,103,55,20,180,13,49,154,107,40,40,32,19,33,1226,29,174,42,1259,17,91,207,3,5,46,47,596,20,28,862,15,71,8,8,322,3,4,163,3,39,0,2,1,11,15
4,23,3,168,3,11,37,99,177,65,30,41,46,398,356,196,28,6,113,364,97,131,211,62,587,10554,1973,136,20,130,222,10391,360,2283,57,76,54,4710,103,49,22,50,1303,11006,1501,109,1364,79,14,59,0,0,0,0,1,1,7,7,1,9,6,16,35,12,13,11,7,4,2,42,10,171,4,94,8,431,178,4,1,5,180,189,7,9,149,40,8,0,0,384,4,24,546,8,130,0,2,0,3,5
5,8,4,31,1,42,14,170,3346,113,105,565,468,185,99,69,60,18,197,1595,136,476,1118,797,10701,1973,17498,1620,64,204,72,3466,2101,1022,90,259,2171,1045,1531,6816,73,111,271,19150,1511,321,2980,451,34,71,0,0,3,1,0,2,26,11,10,89,6,24,81,26,18,21,19,5,18,249,14,192,14,518,9,281,286,36,0,11,128,354,15,17,346,104,13,5,5,492,2,129,477,16,112,2,0,2,4,8
56,69,76,51,47,14,9,13,35,171,72,86,8,171,53,23,8,3,8,25,107,2501,361,27,59,136,1620,66317,2839,428,13,435,66,7645,12,19,301,41,203,14500,1285,214,142,844,52,13837,10995,71,12,46,0,0,2,2,0,0,0,0,1,3,2,0,4,0,4,5,10,0,2,3,1,54,0,14,0,42,60,489,16,1,47,17,2,5,9,218,7,1,2,24,3,1351,147,157,45,5,0,3,3,6
575,374,375,284,576,193,69,6,26,228,29,38,20,3523,287,85,7,0,16,37,79,4597,195,13,41,20,64,2839,117164,11468,16,142,35,193,76,77,173,11,160,354,28957,698,170,146,11,680,332,161,8255,94,0,1,2,8,3,3,0,0,2,0,19,2,1,1,22,14,29,1,7,2,5,8,2,1,9,1,1,5,3,9,2,2,19,14,2,9,17,32,8,7,16,13,12,0,1,14,3,0,16,18
1580,1245,1078,1068,1042,156,203,89,120,598,114,216,317,26756,2376,521,196,28,214,180,1723,595,124,93,294,130,204,428,11468,53931,148,2320,702,103,469,612,863,82,781,77,14266,9071,2274,237,170,94,1159,441,2095,1874,11,9,25,23,10,16,4,5,13,21,101,23,6,2,123,83,209,8,82,26,24,51,8,28,46,6,7,1,16,20,10,22,128,80,18,5,92,156,109,7,84,6,25,2,2,51,13,14,108,75
12,10,5,353,9,2,22,1027,220,302,80,88,793,286,556,14060,2203,2672,1605,415,2359,163,23,31,108,222,72,13,16,148,15154,550,478,38,283,565,205,178,77,2,63,102,14872,105,380,3,81,57,18,129,1,3,4,0,3,3,4,4,1,12,12,3,0,2,8,6,13,2,4,23,3,5,2,15,7,1,1,0,3,4,0,11,7,4,13,0,33,14,4,1,5,0,2,0,1,3,2,1,13,6
30,23,8,156,14,11,17,258,344,391,85,325,788,2627,914,203,374,140,231,424,1305,290,420,92,1330,10391,3466,435,142,2320,550,28368,10256,3425,39,93,166,1302,168,184,337,667,2410,10459,3218,253,12936,117,28,733,0,1,1,0,1,0,8,15,3,37,9,17,77,15,13,15,11,19,8,68,26,251,7,167,11,535,266,22,3,7,262,325,10,6,254,117,24,4,2,567,2,60,795,14,185,1,0,0,14,7
2,7,1,42,5,6,9,797,962,251,283,6048,6771,739,361,210,1036,192,322,4247,1325,374,3508,116,3720,360,2101,66,35,702,478,10256,16045,79,40,110,315,743,105,14,90,315,915,1027,5227,96,5450,74,12,407,0,0,5,0,0,2,88,45,9,97,11,37,64,56,20,18,16,8,17,652,7,67,36,541,10,43,86,1,0,15,16,233,9,9,329,7,43,7,6,120,5,3,63,3,26,2,2,0,6,3
12,11,7,41,5,4,6,13,31,66,38,51,11,111,68,42,8,1,12,42,58,749,189,17,118,2283,1022,7645,193,103,38,3425,79,21982,16,9,39,142,60,4828,151,66,225,7054,139,2248,11417,32,7,31,0,0,0,1,0,0,0,2,0,5,1,12,12,8,0,7,3,4,0,7,13,152,2,19,3,263,140,250,3,3,333,29,3,2,15,1272,1,2,1,38,2,1560,784,190,390,2,0,3,1,2
57,135,33,707,132,644,3115,22,288,613,97,50,18,459,273,4179,30,7,524,74,179,243,13,703,183,57,90,12,76,469,283,39,40,16,8630,4265,859,55,3815,7,298,200,966,144,29,4,29,4221,179,131,16,34,35,10,29,71,1,10,7,25,73,12,1,1,158,68,165,5,45,15,13,32,7,5,28,6,1,1,15,18,1,5,79,50,4,1,86,153,56,0,67,0,0,0,2,135,16,14,85,27
22,60,15,308,11,43,206,110,2062,1068,283,186,80,409,270,4381,115,36,7058,349,657,367,45,5586,802,76,259,19,77,612,565,93,110,9,4265,15447,2522,105,6754,15,370,386,1448,304,42,12,66,447,39,225,4,7,16,2,3,12,12,28,42,65,144,30,1,9,78,52,167,11,110,18,42,46,17,19,56,5,4,1,22,30,3,6,89,52,20,2,191,177,97,6,68,0,6,2,0,19,9,15,153,78
19,54,18,141,27,96,113,1476,11197,1321,405,1012,886,507,237,455,484,167,1552,412,1325,461,126,4380,683,54,2171,301,173,863,205,166,315,39,859,2522,5183,52,8731,376,600,767,914,436,90,26,145,1373,101,428,1,2,7,1,5,6,40,79,13,207,28,11,5,18,26,18,38,7,35,127,14,18,30,128,29,4,2,1,2,12,3,19,25,5,31,5,69,57,25,7,20,6,4,0,2,17,4,4,40,18
2,8,1,91,5,5,9,242,307,80,49,105,59,183,223,202,20,7,179,2805,71,247,452,33,1848,4710,1045,41,11,82,178,1302,743,142,55,105,52,14207,71,11,26,42,660,8904,2879,51,554,52,6,43,0,1,4,0,0,1,7,6,5,21,2,16,41,20,16,12,21,5,8,168,3,68,8,295,6,65,92,4,2,13,21,188,17,14,245,13,6,4,1,241,2,0,89,0,25,1,1,1,6,2
31,61,42,199,41,404,286,49,573,1132,238,115,35,475,191,319,62,36,347,50,477,356,80,6824,363,103,1531,203,160,781,77,168,105,60,3815,6754,8731,71,23645,257,443,433,666,641,48,24,126,6885,422,224,6,9,11,5,8,10,4,7,10,27,99,21,3,3,101,35,141,6,62,8,14,35,13,7,31,8,6,3,12,10,1,7,64,53,5,3,120,119,45,7,60,3,14,3,5,39,11,11,102,37
14,12,9,12,11,10,3,0,49,30,17,28,4,29,9,9,0,0,3,9,7,477,88,59,81,49,6816,14500,354,77,2,184,14,4828,7,15,376,11,257,38946,210,35,24,9595,7,2070,2499,114,4,8,0,0,0,0,0,0,0,1,0,2,1,2,3,2,2,4,2,1,2,2,6,145,2,23,1,108,169,959,20,2,233,15,2,0,1,1095,16,3,4,13,8,4628,620,393,293,6,0,11,2,2
629,1260,748,1216,441,84,301,23,45,9744,130,83,47,1510,956,400,18,6,99,35,461,12022,95,65,62,22,73,1285,28957,14266,63,337,90,151,298,370,600,26,443,210,45771,11995,680,116,24,267,490,216,200,818,3,4,10,10,2,9,3,3,6,10,67,7,0,1,46,26,114,4,53,10,20,20,2,6,17,8,3,3,7,10,2,4,42,35,4,12,76,78,63,4,41,19,8,2,7,22,6,11,73,41
149,600,243,1062,50,32,233,32,80,8133,193,282,95,1258,1422,437,98,11,163,77,1943,1590,119,83,123,50,111,214,698,9071,102,667,315,66,200,386,767,42,433,35,11995,23345,1732,165,38,102,806,189,33,7659,2,1,9,5,1,5,5,2,11,13,58,11,5,2,42,12,78,3,55,15,14,12,5,15,18,7,2,2,5,13,13,10,37,18,8,0,90,87,32,7,34,5,15,0,1,20,5,5,52,27
163,163,21,1734,47,42,162,1624,342,1440,178,178,1135,3841,10693,11346,872,651,2005,1180,4274,647,77,82,299,1303,271,142,170,2274,14872,2410,915,225,966,1448,914,660,666,24,680,1732,47383,512,1527,20,371,514,113,4668,4,7,17,1,4,12,12,5,4,19,60,13,5,7,64,29,88,6,31,75,15,23,12,36,23,9,14,0,6,10,4,24,44,21,42,3,91,79,22,20,37,1,16,0,5,25,7,6,49,21
16,15,16,101,9,32,33,90,1008,289,228,306,107,219,173,162,53,12,257,654,212,1498,2269,509,4796,11006,19150,844,146,237,105,10459,1027,7054,144,304,436,8904,641,9595,116,165,512,51097,819,1298,8032,365,39,76,0,0,1,0,1,0,6,5,3,30,16,37,76,15,25,22,9,13,9,72,30,466,14,227,21,1149,502,75,1,13,693,480,29,8,287,560,18,7,10,882,3,442,1966,45,459,4,1,2,8,14
6,17,7,109,3,7,10,642,328,51,26,59,256,577,436,208,62,47,214,4810,163,119,141,42,1180,1501,1511,52,11,170,380,3218,5227,139,29,42,90,2879,48,7,24,38,1527,819,4951,15,254,58,8,82,0,0,7,0,0,1,55,19,8,68,5,33,61,36,19,18,25,7,16,505,5,67,21,517,15,35,98,4,2,12,17,243,14,15,355,7,23,5,5,151,1,3,57,2,17,3,0,0,6,6
12,17,12,16,4,2,1,15,24,166,266,227,30,28,12,10,13,1,11,47,60,4369,3084,10,69,109,321,13837,680,94,3,253,96,2248,4,12,26,51,24,2070,267,102,20,1298,15,14383,11859,11,3,16,0,0,0,0,0,0,0,0,0,2,1,3,0,0,0,4,0,1,0,2,1,33,0,3,0,30,24,72,0,0,45,14,1,0,4,231,5,2,1,15,2,274,123,39,50,0,1,2,1,0
18,25,16,36,7,5,10,113,242,1025,839,1623,439,664,183,63,234,15,112,206,1083,2678,5760,94,1008,1364,2980,10995,332,1159,81,12936,5450,11417,29,66,145,554,126,2499,490,806,371,8032,254,11859,42510,84,12,437,0,1,2,1,0,1,6,7,5,18,12,18,63,15,10,12,5,15,3,53,19,324,12,123,7,601,300,163,4,5,526,299,16,9,156,1082,14,2,3,454,4,1032,1277,119,489,2,2,0,9,8
84,338,184,989,460,4899,2953,9,108,600,61,26,17,606,288,652,12,2,40,25,98,194,47,208,225,79,451,71,161,441,57,117,74,32,4221,447,1373,52,6885,114,216,189,514,365,58,11,84,13877,1666,120,31,117,69,38,123,148,0,1,0,8,39,5,0,2,175,27,103,0,9,2,0,14,3,3,4,2,3,1,11,2,3,2,46,32,1,2,43,170,15,8,42,0,1,0,1,502,19,7,37,11
1790,323,245,288,5781,2205,190,0,12,81,4,2,7,9417,306,111,2,0,7,5,13,52,7,30,27,14,34,12,8255,2095,18,28,12,7,179,39,101,6,422,4,200,33,113,39,8,3,12,1666,18519,12,2,13,3,40,26,10,0,0,0,1,7,0,0,0,13,4,11,0,0,1,1,2,1,1,4,0,0,0,1,1,0,0,4,5,0,0,2,17,2,0,1,0,1,0,0,47,2,0,2,1
9,52,19,163,7,9,58,87,75,6401,68,231,207,2032,4015,196,203,29,121,95,3842,305,101,30,136,59,71,46,94,1874,129,733,407,31,131,225,428,43,224,8,818,7659,4668,76,82,16,437,120,12,12853,0,2,3,1,1,2,4,3,3,11,25,5,0,2,21,6,35,5,17,12,8,5,4,11,11,3,2,0,1,4,5,12,16,7,8,1,40,26,4,1,12,0,6,0,1,3,2,4,28,6
2,10,20,15,8,84,66,0,1,3,1,0,0,18,13,8,0,0,2,1,2,2,0,0,1,0,0,0,0,11,1,0,0,0,16,4,1,0,6,0,3,2,4,0,0,0,0,31,2,0,40209,16259,3713,12779,10582,1937,9,1,0,4,224,8,2,3,13963,137,180,0,14,7,5,247,18,11,10,12,5,7,673,8,5,11,475,22,9,5,48,198,4,8,73,4,5,2,2,286,7897,202,482,21
3,47,179,90,7,85,210,1,0,4,0,0,1,38,9,23,0,0,3,1,3,3,0,0,0,0,0,0,1,9,3,1,0,0,34,7,2,1,9,0,4,1,7,0,0,0,1,117,13,2,16259,42106,11695,8884,5996,8440,2,3,6,18,1170,18,2,1,13091,135,238,5,23,14,26,1044,16,8,15,8,4,10,367,7,7,8,779,19,9,5,66,332,16,5,99,4,10,2,4,469,757,498,2073,99
9,35,18,51,11,23,80,0,2,17,2,3,1,61,14,21,0,0,2,3,4,10,1,3,6,0,3,2,2,25,4,1,5,0,35,16,7,4,11,0,10,9,17,1,7,0,2,69,3,3,3713,11695,36022,319,1246,7004,56,24,24,36,1543,71,2,13,13129,6659,4274,19,154,134,40,464,68,38,59,83,18,12,225,65,34,129,438,203,117,19,143,893,80,125,290,0,31,3,11,485,581,276,1572,181
110,63,1384,379,1063,1710,810,0,1,2,0,0,0,30,7,9,0,0,0,0,0,8,1,0,1,0,1,2,8,23,0,0,0,1,10,2,1,0,5,0,10,5,1,0,0,0,1,38,40,1,12779,8884,319,26268,14053,12791,0,0,2,0,95,2,0,0,402,6,62,1,2,4,3,105,6,2,1,0,0,1,52,0,0,2,92,1,1,0,9,318,2,1,25,0,0,1,0,175,367,32,180,6
5,49,54,89,23,169,387,0,1,1,0,0,0,19,8,20,0,0,0,0,1,5,0,0,0,1,0,0,3,10,3,1,0,0,29,3,5,0,8,0,2,1,4,1,0,0,0,123,26,1,10582,5996,1246,14053,24089,8637,3,1,0,4,122,2,3,0,2580,63,217,2,31,7,6,44,111,62,19,11,28,2,47,2,2,7,53,26,10,3,158,1447,33,12,378,13,30,0,4,4913,5665,28,110,22
10,59,91,174,27,285,1373,0,2,18,2,2,0,94,25,43,0,0,1,3,0,6,0,3,3,1,2,0,3,16,3,0,2,0,71,12,6,1,10,0,9,5,12,0,1,0,1,148,10,2,1937,8440,7004,12791,8637,28593,16,6,6,25,853,46,5,0,1415,137,2972,5,78,52,28,275,72,20,25,19,4,5,62,13,7,18,199,23,35,8,101,2180,52,37,311,1,7,2,2,1210,146,123,777,72
0,0,0,0,0,0,1,160,495,2,3,22,156,4,2,5,2,2,16,285,3,6,10,9,103,7,26,0,0,4,4,8,88,0,1,12,40,7,4,0,3,5,12,6,55,0,6,0,0,4,9,2,56,0,3,16,4276,12904,1508,1403,33,79,90,8230,200,205,652,1630,714,3782,80,77,136,392,124,35,30,3,1,1226,39,3691,43,358,247,12,395,47,36,19,9,1,28,2,17,0,4,2,24,8
0,0,0,1,0,0,1,272,853,6,10,41,111,6,2,12,17,7,61,131,17,13,12,26,55,7,11,0,0,5,4,15,45,2,10,28,79,6,7,1,3,2,5,5,19,0,7,1,0,3,1,3,24,0,1,6,12904,39138,7652,6812,97,596,224,2284,78,90,524,9398,916,6155,285,540,466,394,203,41,58,11,2,1465,39,376,24,179,353,20,1826,75,28,58,11,8,81,14,36,2,2,4,15,15
0,0,1,2,0,0,2,47,85,13,16,16,8,5,2,11,16,5,51,7,15,14,4,14,20,1,10,1,2,13,1,3,9,0,7,42,13,5,10,0,6,11,4,3,8,0,5,0,0,3,0,6,24,2,0,6,1508,7652,5292,6806,247,640,96,446,88,89,1820,5260,4082,727,303,415,78,63,130,53,32,12,4,3451,42,378,43,284,311,28,486,64,31,73,25,2,33,14,19,2,4,4,59,27
0,2,1,6,1,1,6,495,1472,32,32,59,263,16,5,19,42,15,142,452,49,31,20,48,180,9,89,3,0,21,12,37,97,5,25,65,207,21,27,2,10,13,19,30,68,2,18,8,1,11,4,18,36,0,4,25,1403,6812,6806,46026,608,2195,767,1672,113,139,670,1498,5337,5254,1435,1419,10308,9668,191,89,632,19,15,315,90,564,131,138,450,57,7476,389,81,185,85,22,304,49,112,8,5,6,156,106
4,12,10,27,4,5,25,33,50,86,22,17,8,66,23,46,7,8,97,14,57,38,3,35,13,6,6,2,19,101,12,9,11,1,73,144,28,2,99,1,67,58,60,16,5,1,12,39,7,25,224,1170,1543,95,122,853,33,97,247,608,50902,4904,673,170,1076,913,1580,436,1092,93,5632,2753,476,132,1386,63,129,32,152,191,93,152,430,406,38,65,1171,1039,390,71,687,22,265,69,151,249,50,22866,35397,8564
0,0,1,3,1,0,4,46,109,10,8,16,17,6,1,8,2,4,21,60,17,12,9,9,49,16,24,0,2,23,3,17,37,12,12,30,11,16,21,2,7,11,13,37,33,3,18,5,0,5,8,18,71,2,2,46,79,596,640,2195,4904,9563,7347,1528,120,187,429,2101,643,314,8516,9397,369,480,315,52,255,43,22,152,149,793,115,105,77,114,610,229,79,86,119,36,436,178,411,24,3,14,251,205
0,0,0,0,0,0,0,13,54,2,2,8,7,5,3,2,4,0,9,70,3,7,12,3,154,35,81,4,1,6,0,77,64,12,1,1,5,41,3,3,0,5,5,76,61,0,63,0,0,0,2,2,2,0,3,5,90,224,96,767,673,7347,16726,13742,96,227,61,5508,101,324,8060,9874,152,1106,344,111,581,98,8,206,344,10530,101,91,140,197,193,32,128,180,27,62,663,233,942,9,3,4,100,135
1,0,0,0,0,0,1,54,170,3,2,17,53,3,2,1,4,2,16,149,8,7,7,4,107,12,26,0,1,2,2,15,56,8,1,9,18,20,3,2,1,2,7,15,36,0,15,2,0,2,3,1,13,0,0,0,8230,2284,446,1672,170,1528,13742,17583,193,334,233,8531,192,591,2875,867,137,682,421,62,135,37,9,1073,130,9316,131,251,92,69,338,27,138,45,14,13,143,54,194,5,3,3,53,60
22,74,37,133,16,40,196,6,18,63,6,5,4,227,80,81,2,0,15,27,16,39,7,9,40,13,18,4,22,123,8,13,20,0,158,78,26,16,101,2,46,42,64,25,19,0,10,175,13,21,13963,13091,13129,402,2580,1415,200,78,88,113,1076,120,96,193,76161,19031,2618,160,382,222,143,892,146,274,324,447,148,243,6467,397,490,1010,15114,2262,372,260,716,1019,460,212,800,29,197,25,121,767,19627,826,2576,638
4,13,5,35,5,8,35,4,13,63,7,3,3,84,23,37,2,1,27,22,17,42,6,10,40,11,21,5,14,83,6,15,18,7,68,52,18,12,35,4,26,12,29,22,18,4,12,27,4,6,137,135,6659,6,63,137,205,90,89,139,913,187,227,334,19031,45680,3876,348,364,254,448,389,149,276,1692,367,193,189,141,810,470,1065,7017,9965,267,248,585,480,7684,179,452,29,268,30,202,197,118,109,3565,8104
15,41,20,88,9,18,98,18,29,133,11,7,5,199,58,93,7,1,53,28,34,83,4,16,32,7,19,10,29,209,13,11,16,3,165,167,38,21,141,2,114,78,88,9,25,0,5,103,11,35,180,238,4274,62,217,2972,652,524,1820,670,1580,429,61,233,2618,3876,36488,468,9890,911,260,480,306,275,676,294,77,42,109,7424,156,765,602,8965,546,86,671,12056,709,343,1621,10,130,6,43,854,129,92,958,369
0,0,0,1,0,0,0,28,79,10,6,11,12,3,3,5,5,2,22,8,8,5,2,4,19,4,5,0,1,8,2,19,8,4,5,11,7,5,6,1,4,3,6,13,7,1,15,0,0,5,0,5,19,1,2,5,1630,9398,5260,1498,436,2101,5508,8531,160,348,468,13445,529,136,13318,771,288,169,1333,50,86,31,3,5443,114,965,100,408,75,61,490,89,343,28,38,16,121,57,171,6,5,2,81,168
5,4,2,14,1,0,13,25,67,53,10,13,19,36,8,36,5,4,99,30,44,36,3,23,33,2,18,2,7,82,4,8,17,0,45,110,35,8,62,2,53,55,31,9,16,0,3,9,0,17,14,23,154,2,31,78,714,916,4082,5337,1092,643,101,192,382,364,9890,529,6763,1319,455,495,3891,624,486,106,62,18,39,2122,48,374,394,646,375,29,976,4469,265,230,1028,7,111,7,34,88,29,36,417,240
0,0,0,9,0,0,3,426,1396,17,8,154,497,36,26,23,20,3,60,1471,16,37,75,49,1226,42,249,3,2,26,23,68,652,7,15,18,127,168,8,2,10,15,75,72,505,2,53,2,1,12,7,14,134,4,7,52,3782,6155,727,5254,93,314,324,591,222,254,911,136,1319,25795,88,667,310,11649,53,348,480,31,12,365,189,2571,75,428,4696,94,620,257,50,2717,23,18,2017,35,116,13,10,6,42,31
0,1,1,0,0,1,1,22,54,36,7,10,6,11,3,9,4,4,31,16,15,13,4,4,29,10,14,1,5,24,3,26,7,13,13,42,14,3,14,6,20,14,15,30,5,1,19,0,1,8,5,26,40,3,6,28,80,285,303,1435,5632,8516,8060,2875,143,448,260,13318,455,88,16581,1983,479,240,5275,72,250,79,16,1745,179,594,232,105,36,123,909,316,520,59,222,39,411,84,288,32,4,41,1255,4405
1,5,4,18,4,2,14,34,77,25,11,22,25,42,16,24,4,3,32,93,13,44,56,7,174,171,192,54,8,51,5,251,67,152,32,46,18,68,35,145,20,12,23,466,67,33,324,14,2,5,247,1044,464,105,44,275,77,540,415,1419,2753,9397,9874,867,892,389,480,771,495,667,1983,43320,250,1409,316,671,2020,5299,3230,157,1938,9920,939,147,245,2871,410,285,135,661,239,1152,4908,11005,13481,65,253,4114,2558,297
0,3,1,6,1,1,5,35,101,14,7,4,22,17,3,7,1,0,25,72,11,5,3,3,42,4,14,0,2,8,2,7,36,2,7,17,30,8,13,2,2,5,12,14,21,0,12,3,1,4,18,16,68,6,111,72,136,466,78,10308,476,369,152,137,146,149,306,288,3891,310,479,250,8737,3748,216,70,385,17,25,140,55,284,219,94,128,13,7043,3063,89,165,2033,27,259,4,49,598,44,19,188,106
0,1,1,4,0,1,3,232,754,15,13,84,245,26,18,16,10,2,54,1043,27,50,122,30,1259,94,518,14,1,28,15,167,541,19,5,19,128,295,7,23,6,15,36,227,517,3,123,3,1,11,11,8,38,2,62,20,392,394,63,9668,132,480,1106,682,274,276,275,169,624,11649,240,1409,3748,23102,149,898,9891,91,21,169,598,3536,226,156,2340,234,2460,311,100,2389,787,308,3282,65,447,373,17,6,91,75
1,2,0,8,3,0,6,7,20,48,13,5,3,25,10,20,1,3,32,10,18,23,2,7,17,8,9,0,9,46,7,11,10,3,28,56,29,6,31,1,17,18,23,21,15,0,7,4,4,11,10,15,59,1,19,25,124,203,130,191,1386,315,344,421,324,1692,676,1333,486,53,5275,316,216,149,8428,148,92,107,21,5642,249,592,441,2082,83,140,842,607,8207,47,509,33,154,31,142,70,6,41,1369,5503
0,0,1,2,0,0,0,4,13,5,16,20,9,7,3,1,2,1,4,37,13,60,50,7,91,431,281,42,1,6,1,535,43,263,6,5,4,65,8,108,8,7,9,1149,35,30,601,2,0,3,12,8,83,0,11,19,35,41,53,89,63,52,111,62,447,367,294,50,106,348,72,671,70,898,148,24210,2961,228,24,199,13630,2513,224,294,9642,7043,66,40,84,8756,73,341,16143,65,415,39,15,5,77,54
0,0,0,2,0,0,0,19,79,7,6,15,33,6,1,0,1,0,4,80,6,16,56,13,207,178,286,60,1,7,1,266,86,140,1,4,2,92,6,169,3,2,14,502,98,24,300,3,0,2,5,4,18,0,28,4,30,58,32,632,129,255,581,135,148,193,77,86,62,480,250,2020,385,9891,92,2961,13480,772,23,78,1806,1849,176,66,1800,1009,564,82,81,2892,512,6312,16656,134,1168,297,19,7,107,98
0,0,0,0,0,0,0,0,7,1,0,1,1,1,0,1,0,0,0,2,1,6,3,1,3,4,36,489,5,1,0,22,1,250,1,1,1,4,3,959,3,2,0,75,4,72,163,1,0,0,7,10,12,1,2,5,3,11,12,19,32,43,98,37,243,189,42,31,18,31,79,5299,17,91,107,228,772,55100,1985,49,412,186,270,54,58,11505,144,13,63,82,76,15995,647,24568,1441,37,29,682,112,48
1,5,1,14,2,2,8,1,0,13,0,0,0,26,3,8,0,0,3,3,5,8,0,1,5,1,0,16,3,16,3,3,0,3,15,22,2,2,12,20,7,5,6,1,2,0,4,11,1,1,673,367,225,52,47,62,1,2,4,15,152,22,8,9,6467,141,109,3,39,12,16,3230,25,21,21,24,23,1985,170763,5,25,53,28150,37,10,126,118,85,12,13,85,210,53,395,71,36,16879,29486,3154,46
1,1,1,2,0,2,0,10,22,19,8,5,4,11,5,14,1,2,26,9,14,14,2,8,46,5,11,1,9,20,4,7,15,3,18,30,12,13,10,2,10,13,10,13,12,0,5,2,1,4,8,7,65,0,2,13,1226,1465,3451,315,191,152,206,1073,397,810,7424,5443,2122,365,1745,157,140,169,5642,199,78,49,5,13293,204,1223,95,5249,389,76,328,217,665,125,127,9,75,11,75,12,6,6,73,114
0,2,0,0,0,1,0,3,15,14,10,6,5,3,3,0,0,0,1,12,8,34,31,2,47,180,128,47,2,10,0,262,16,333,1,3,3,21,1,233,2,13,4,693,17,45,526,3,0,5,5,7,34,0,2,7,39,39,42,90,93,149,344,130,490,470,156,114,48,189,179,1938,55,598,249,13630,1806,412,25,204,13593,3747,405,206,1995,9316,55,24,159,813,30,654,7483,417,11183,38,15,11,107,106
0,0,0,5,1,0,1,52,190,7,9,40,67,19,5,12,9,1,15,356,10,27,105,11,596,189,354,17,2,22,11,325,233,29,5,6,19,188,7,15,4,10,24,480,243,14,299,2,0,12,11,8,129,2,7,18,3691,376,378,564,152,793,10530,9316,1010,1065,765,965,374,2571,594,9920,284,3536,592,2513,1849,186,53,1223,3747,24431,482,874,11543,606,164,104,307,1254,71,68,2292,166,4992,79,37,17,160,150
6,15,6,31,5,5,28,9,16,73,12,3,1,104,21,45,2,1,34,9,33,28,6,6,20,7,15,2,19,128,7,10,9,3,79,89,25,17,64,2,42,37,44,29,14,1,16,46,4,16,475,779,438,92,53,199,43,24,43,131,430,115,101,131,15114,7017,602,100,394,75,232,939,219,226,441,224,176,270,28150,95,405,482,67412,524,97,238,842,571,318,92,534,40,231,48,118,146,2449,7170,28593,1456
1,7,3,24,5,3,24,6,12,51,9,5,4,68,14,24,2,2,25,13,16,27,2,4,28,9,17,5,14,80,4,6,9,2,50,52,5,14,53,0,35,18,21,8,15,0,9,32,5,7,22,19,203,1,26,23,358,179,284,138,406,105,91,251,2262,9965,8965,408,646,428,105,147,94,156,2082,294,66,54,37,5249,206,874,524,17487,411,124,560,573,4521,234,467,11,83,9,75,156,37,23,289,444
0,0,0,4,1,0,0,74,258,10,17,44,97,23,7,8,12,1,18,514,19,26,99,14,862,149,346,9,2,18,13,254,329,15,4,20,31,245,5,1,4,8,42,287,355,4,156,1,0,8,9,9,117,1,10,35,247,353,311,450,38,77,140,92,372,267,546,75,375,4696,36,245,128,2340,83,9642,1800,58,10,389,1995,11543,97,411,11156,339,99,71,56,5260,36,19,1386,13,100,26,9,6,38,28
0,0,0,2,0,1,0,3,8,5,3,3,2,1,0,2,1,0,1,5,0,51,27,0,15,40,104,218,9,5,0,117,7,1272,1,2,5,13,3,1095,12,0,3,560,7,231,1082,2,0,1,5,5,19,0,3,8,12,20,28,57,65,114,197,69,260,248,86,61,29,94,123,2871,13,234,140,7043,1009,11505,126,76,9316,606,238,124,339,42054,40,21,83,605,25,4000,11032,11210,4944,17,12,72,101,81
4,11,6,27,1,4,20,323,1051,125,31,108,159,52,37,70,36,29,182,138,106,51,13,97,71,8,13,7,17,92,33,24,43,1,86,191,69,6,120,16,76,90,91,18,23,5,14,43,2,40,48,66,143,9,158,101,395,1826,486,7476,1171,610,193,338,716,585,671,490,976,620,909,410,7043,2460,842,66,564,144,118,328,55,164,842,560,99,40,3072,2121,854,81,5320,330,289,11,47,1525,109,99,865,789
17,59,26,146,13,54,211,10,39,116,13,6,8,172,66,109,4,2,70,13,35,52,0,21,8,0,5,1,32,156,14,4,7,2,153,177,57,4,119,3,78,87,79,7,5,2,2,170,17,26,198,332,893,318,1447,2180,47,75,64,389,1039,229,32,27,1019,480,12056,89,4469,257,316,285,3063,311,607,40,82,13,85,217,24,104,571,573,71,21,2121,16523,596,97,10654,19,77,6,23,4536,121,78,720,441
4,6,1,22,5,4,10,5,7,83,12,2,2,69,16,27,1,0,19,4,21,45,0,8,8,0,5,2,8,109,4,2,6,1,56,97,25,1,45,4,63,32,22,10,5,1,3,15,2,4,4,16,80,2,33,52,36,28,31,81,390,79,128,138,460,7684,709,343,265,50,520,135,89,100,8207,84,81,63,12,665,159,307,318,4521,56,83,854,596,28971,46,658,12,94,10,66,187,9,28,723,10070
1,1,0,1,0,1,1,10,57,8,9,24,20,10,1,6,4,1,5,83,11,31,145,10,322,384,492,24,7,7,1,567,120,38,0,6,7,241,7,13,4,7,20,882,151,15,454,8,0,1,8,5,125,1,12,37,19,58,73,185,71,86,180,45,212,179,343,28,230,2717,59,661,165,2389,47,8756,2892,82,13,125,813,1254,92,234,5260,605,81,97,46,19798,86,38,18735,33,347,78,15,4,43,25
9,20,5,34,4,11,36,4,11,56,3,3,3,69,29,27,2,0,18,4,24,32,1,8,3,4,2,3,16,84,5,2,5,2,67,68,20,2,60,8,41,34,37,3,1,2,4,42,1,12,73,99,290,25,378,311,9,11,25,85,687,119,27,14,800,452,1621,38,1028,23,222,239,2033,787,509,73,512,76,85,127,30,71,534,467,36,25,5320,10654,658,86,18362,227,274,8,24,8433,167,74,565,427
2,1,0,2,1,0,0,1,2,3,4,2,0,2,1,2,0,0,0,3,2,73,16,1,4,24,129,1351,13,6,0,60,3,1560,0,0,6,0,3,4628,19,5,1,442,3,274,1032,0,0,0,4,4,0,0,13,1,1,8,2,22,22,36,62,13,29,29,10,16,7,18,39,1152,27,308,33,341,6312,15995,210,9,654,68,40,11,19,4000,330,19,12,38,227,40143,11219,1315,789,104,6,71,22,14
0,1,0,4,2,2,0,6,42,20,12,16,8,16,7,4,4,0,7,42,17,98,120,7,163,546,477,147,12,25,2,795,63,784,0,6,4,89,14,620,8,15,16,1966,57,123,1277,1,1,6,5,10,31,0,30,7,28,81,33,304,265,436,663,143,197,268,130,121,111,2017,411,4908,259,3282,154,16143,16656,647,53,75,7483,2292,231,83,1386,11032,289,77,94,18735,274,11219,45904,665,2963,204,9,14,155,151
0,0,1,0,0,0,0,0,0,0,1,0,0,0,0,0,0,0,1,2,0,10,3,0,3,8,16,157,0,2,0,14,3,190,0,2,0,0,3,393,2,0,0,45,2,39,119,0,0,0,2,2,3,1,0,2,2,14,14,49,69,178,233,54,25,30,6,57,7,35,84,11005,4,65,31,65,134,24568,395,11,417,166,48,9,13,11210,11,6,10,33,8,1315,665,20071,10109,2,4,141,46,19
1,0,0,1,0,0,0,3,13,4,2,7,5,4,0,1,2,0,1,7,4,33,22,2,39,130,112,45,1,2,1,185,26,390,2,0,2,25,5,293,7,1,5,459,17,50,489,1,0,1,2,4,11,0,4,2,17,36,19,112,151,411,942,194,121,202,43,171,34,116,288,13481,49,447,142,415,1168,1441,71,75,11183,4992,118,75,100,4944,47,23,66,347,24,789,2963,10109,23615,13,3,20,75,74
19,184,223,426,43,365,928,0,2,24,3,1,0,125,57,83,1,0,2,3,7,9,1,3,0,0,2,5,14,51,3,1,2,2,135,19,17,1,39,6,22,20,25,4,3,0,2,502,47,3,286,469,485,175,4913,1210,0,2,2,8,249,24,9,5,767,197,854,6,88,13,32,65,598,373,70,39,297,37,36,12,38,79,146,156,26,17,1525,4536,187,78,8433,104,204,2,13,12152,503,22,142,73
1,6,1,14,2,6,13,0,0,4,1,0,1,18,3,7,0,0,1,1,0,0,1,1,2,2,0,0,3,13,2,0,2,0,16,9,4,1,11,0,6,5,7,1,0,1,2,19,2,2,7897,757,581,367,5665,146,4,2,4,5,50,3,3,3,19627,118,129,5,29,10,4,253,44,17,6,15,19,29,16879,6,15,37,2449,37,9,12,109,121,9,15,167,6,9,4,3,503,46562,595,429,11
0,1,2,2,1,2,7,1,6,8,3,1,0,15,8,10,0,0,5,0,2,3,0,2,1,0,2,3,0,14,1,0,0,3,14,15,4,1,11,11,11,5,6,2,0,2,0,7,0,4,202,498,276,32,28,123,2,4,4,6,22866,14,4,3,826,109,92,2,36,6,41,4114,19,6,41,5,7,682,29486,6,11,17,7170,23,6,72,99,78,28,4,74,71,14,141,20,22,595,58732,12020,197
3,18,6,29,4,11,23,11,19,106,16,6,7,75,29,64,5,1,65,5,27,51,4,16,11,3,4,3,16,108,13,14,6,1,85,153,40,6,102,2,73,52,49,8,6,1,9,37,2,28,482,2073,1572,180,110,777,24,15,59,156,35397,251,100,53,2576,3565,958,81,417,42,1255,2558,188,91,1369,77,107,112,3154,73,107,160,28593,289,38,101,865,720,723,43,565,22,155,46,75,142,429,12020,49471,9406
2,3,2,11,0,2,5,7,11,64,12,4,4,39,5,25,5,2,31,4,10,25,4,7,15,5,8,6,18,75,6,7,3,2,27,78,18,2,37,2,41,27,21,14,6,0,8,11,1,6,21,99,181,6,22,72,8,15,27,106,8564,205,135,60,638,8104,369,168,240,31,4405,297,106,75,5503,54,98,48,46,114,106,150,1456,444,28,81,789,441,10070,25,427,14,151,19,74,73,11,197,9406,16308
