14053,8040,4721,1566,10618,222,422,12,7,100,4,3,13,7831,662,182,3,1,4,13,5,232,4,1,4,12,1,68,457,1455,7,27,3,19,142,32,17,16,41,5,791,168,165,10,15,17,21,177,1269,19,1,26,10,37,12,25,0,0,1,1,4,0,1,1,39,15,24,0,1,1,1,2,1,1,0,0,0,0,4,3,0,0,16,11,0,0,4,17,6,1,10,0,0,0,0,31,3,1,9,0
8040,12536,10735,8587,1528,219,1418,10,14,350,6,2,4,4288,2182,242,3,1,17,19,20,552,4,6,9,16,4,31,262,981,17,38,6,14,252,43,48,23,44,5,1029,533,121,15,19,20,17,523,267,45,11,83,47,36,48,115,0,0,0,2,7,0,0,0,83,18,40,1,3,2,1,3,3,1,1,0,0,1,3,0,0,1,19,18,0,0,3,33,5,0,16,1,0,1,0,125,11,6,15,2
4721,10735,30447,5980,7436,4081,5530,6,2,166,2,5,5,1042,129,45,0,0,4,3,14,480,7,2,5,4,0,72,345,1346,3,11,3,10,85,17,19,4,23,9,1043,296,28,10,7,20,15,761,394,20,12,79,35,317,30,90,1,0,0,0,6,0,0,0,56,10,20,0,4,0,1,4,1,0,2,0,0,0,3,0,0,0,7,5,0,0,2,16,2,0,3,0,0,0,0,127,7,5,0,0
1566,8587,5980,24462,898,996,11909,131,85,1078,31,31,51,6180,10670,5355,16,13,123,173,90,736,27,41,83,174,10,47,252,1001,286,210,46,45,1369,454,141,210,223,8,1124,956,1644,90,179,11,42,1925,277,157,28,129,88,60,82,161,2,2,2,15,24,1,2,0,140,32,83,0,10,10,2,18,4,3,2,0,2,0,14,2,0,2,40,44,0,1,14,85,14,5,24,0,2,0,0,228,18,13,29,9
10618,1528,7436,898,27393,17244,3314,12,7,61,2,4,1,4096,462,218,0,2,7,5,7,139,3,3,14,10,6,63,582,1138,10,23,7,6,177,31,34,15,41,5,618,72,151,18,15,15,13,992,8003,11,6,42,18,1189,25,35,0,0,1,2,8,0,1,0,27,10,23,1,1,2,0,2,0,0,1,0,0,0,4,0,0,0,10,12,0,0,3,19,6,0,13,0,1,0,0,53,4,1,8,3
222,219,4081,996,17244,17132,18408,2,17,91,5,6,4,398,68,96,0,0,6,2,13,50,7,20,42,7,65,12,202,266,6,19,13,2,405,45,179,6,398,23,160,42,140,57,11,2,12,4391,3840,20,17,105,44,2533,64,94,0,0,0,2,1,0,0,1,23,3,13,0,1,0,0,2,0,0,0,0,0,0,1,1,0,0,10,1,0,1,2,12,3,0,2,0,1,0,0,98,4,2,2,2
422,1418,5530,11909,3314,18408,18643,18,33,358,9,7,8,703,306,1803,4,1,35,16,34,272,6,23,31,45,9,6,78,268,33,34,12,4,2010,239,105,61,153,2,307,255,151,27,22,4,9,4769,172,59,21,181,91,348,214,250,1,1,3,5,18,0,0,1,142,18,61,1,7,2,0,7,1,2,2,0,0,1,13,4,0,0,26,36,3,0,7,70,8,1,24,0,0,0,0,299,14,7,23,5
12,10,6,131,12,2,18,40380,9662,121,495,297,6281,415,726,1150,3274,4127,2403,6225,367,830,96,66,396,103,73,2,13,91,1275,386,568,12,45,148,1072,322,41,4,24,32,2538,58,581,17,50,11,3,46,0,1,1,0,0,2,205,327,35,989,23,17,20,51,5,9,23,26,49,440,21,30,66,155,6,10,27,1,0,3,4,62,4,0,74,9,98,30,6,12,11,0,11,2,1,2,1,2,5,2
7,14,2,85,7,17,33,9662,57835,368,762,1282,3388,155,139,456,1334,295,7017,7346,864,1841,316,9538,7231,192,1474,15,18,132,215,409,901,41,393,1947,10503,678,606,33,71,118,492,640,460,34,167,74,6,93,1,0,12,1,1,2,468,977,147,3057,82,68,60,133,22,21,54,123,177,1051,101,89,235,503,33,18,114,4,3,24,17,134,28,7,175,10,347,126,16,42,26,5,34,2,11,2,1,5,24,14
100,350,166,1078,61,91,358,121,368,35074,2851,2144,198,666,842,1125,133,52,860,105,5052,6328,874,137,180,61,90,169,248,566,257,399,355,70,766,1356,983,79,1112,19,9625,9026,1463,337,44,262,1052,607,68,6787,3,4,24,3,5,13,5,8,29,46,111,12,2,3,73,51,165,11,119,7,27,40,28,7,32,8,6,0,19,29,6,11,90,67,8,5,63,253,46,12,108,10,19,1,4,19,13,21,96,28
4,6,2,31,2,5,9,495,762,2851,3675,5878,266,38,39,203,100,97,586,85,820,4417,1379,70,116,16,31,34,11,71,75,53,175,18,94,244,195,26,107,9,95,169,175,86,12,118,270,27,3,94,1,4,1,0,0,0,2,11,8,20,18,4,2,3,3,6,11,1,21,8,10,3,9,5,2,0,5,0,1,8,2,5,5,3,6,1,3,22,3,1,7,2,6,0,0,1,1,2,10,6
3,2,5,31,4,6,7,297,1282,2144,5878,20959,7627,180,143,119,1602,110,359,401,7237,3128,3921,134,1154,51,185,55,25,302,76,487,7696,41,56,217,484,74,134,9,170,451,560,289,67,211,1218,34,3,540,0,1,2,0,0,3,18,24,16,108,22,6,6,6,0,5,11,7,19,89,8,14,12,52,6,11,18,0,1,3,3,27,10,5,33,7,17,24,3,20,14,0,17,0,3,0,0,0,6,6
13,4,5,51,1,4,8,6281,3388,198,266,7627,22604,597,568,512,7047,1045,701,2027,2439,734,287,82,1219,83,177,9,17,273,730,1442,5215,18,44,111,732,77,46,1,67,105,1546,115,816,25,278,15,5,222,0,0,3,0,0,0,79,126,17,375,11,12,6,26,3,5,13,13,19,302,4,11,29,98,5,5,32,0,0,5,4,39,6,2,57,0,32,12,1,14,6,1,6,1,2,1,0,1,6,0
7831,4288,1042,6180,4096,398,703,415,155,666,38,180,597,55044,14898,1217,258,133,259,341,695,568,92,40,400,279,43,161,4627,30323,314,2487,755,86,1084,539,693,208,635,11,1711,1080,3708,204,508,42,602,947,9362,2728,11,67,77,53,41,102,3,4,10,22,84,6,7,2,191,99,209,3,43,15,7,43,13,15,10,6,11,3,36,21,5,7,102,90,9,2,48,238,59,15,108,2,6,0,3,125,28,30,78,26
662,2182,129,10670,462,68,306,726,139,842,39,143,568,14898,23312,1979,286,220,367,429,596,662,39,17,222,267,48,60,266,2593,1100,1056,402,63,530,515,395,264,415,10,1068,1342,13453,132,551,14,180,486,268,5405,4,19,25,9,12,31,3,3,6,12,37,2,3,0,74,32,71,3,21,13,2,19,6,10,4,4,4,3,9,8,0,9,55,34,9,0,29,91,17,7,31,1,2,0,0,49,7,10,25,6
182,242,45,5355,218,96,1803,1150,456,1125,203,119,512,1217,1979,21079,449,1852,3550,515,665,419,35,38,175,145,26,20,82,485,12511,251,201,27,4364,3065,223,305,219,2,370,410,10237,84,204,10,53,383,62,165,2,12,10,2,8,14,5,13,16,25,50,8,1,1,40,28,78,5,33,13,4,14,17,12,9,2,0,2,13,8,2,5,52,29,11,2,22,104,9,6,43,2,2,0,0,19,2,6,37,18
3,3,0,16,0,0,4,3274,1334,133,100,1602,7047,258,286,449,6815,2747,616,149,7287,258,113,58,158,25,29,8,7,154,1385,401,759,3,45,147,258,20,53,0,28,73,1540,35,92,15,134,17,4,172,0,0,1,0,0,0,4,13,16,48,9,3,3,5,2,3,7,9,11,13,8,6,4,4,2,1,4,0,1,1,5,4,3,3,8,0,10,12,1,4,4,0,6,0,0,1,0,1,1,1
1,1,0,13,2,0,1,4127,295,52,97,110,1045,133,220,1852,2747,3536,1562,130,967,121,14,19,62,10,7,2,2,28,3596,194,301,1,21,62,111,13,17,0,8,14,1570,5,100,3,22,7,2,28,0,0,1,0,1,2,3,12,17,25,11,3,1,0,0,3,7,8,18,7,4,6,6,3,4,1,3,0,0,2,0,1,4,0,3,0,8,15,0,4,1,0,0,0,0,0,0,2,3,1
4,17,4,123,7,6,35,2403,7017,860,586,359,701,259,367,3550,616,1562,11919,1380,1038,652,68,999,698,88,40,6,25,227,1531,172,223,5,394,3214,789,331,231,2,140,199,1682,141,204,11,69,39,4,127,3,1,6,0,2,4,8,44,91,150,106,16,5,9,28,25,66,31,144,37,45,42,63,24,30,0,5,2,10,24,1,10,60,19,11,1,64,153,9,3,39,0,3,1,3,6,3,18,62,27
13,19,3,173,5,2,16,6225,7346,105,85,401,2027,341,429,515,149,130,1380,20493,202,571,373,201,3690,393,606,12,17,151,486,1020,3047,52,149,410,433,4246,57,4,37,59,1360,460,3802,35,131,32,7,71,0,0,6,0,1,2,245,218,17,741,9,18,58,108,24,19,28,6,39,1212,9,65,63,671,8,19,187,1,0,12,9,244,11,11,404,8,13,25,8,70,7,2,31,4,13,1,1,0,1,5
5,20,14,90,7,13,34,367,864,5052,820,7237,2439,695,596,665,7287,967,1038,202,12623,698,547,187,349,42,86,58,57,1155,2133,1022,1283,30,222,865,993,53,596,10,494,1739,7598,169,90,77,844,118,21,3374,1,3,6,0,0,4,5,12,43,77,82,11,5,3,18,22,75,12,77,15,25,21,28,12,17,4,4,1,4,13,4,12,28,17,11,0,60,131,19,14,47,2,13,0,3,7,6,11,47,21
232,552,480,736,139,50,272,830,1841,6328,4417,3128,734,568,662,419,258,121,652,571,698,20975,6853,88,1042,147,250,1681,7131,867,160,399,406,566,241,379,392,233,334,218,14180,1460,712,1036,122,3112,1587,231,83,410,3,6,7,6,4,5,6,25,12,62,36,4,8,7,27,21,63,6,40,37,15,31,19,30,9,20,11,7,4,12,15,19,49,38,29,13,29,98,23,33,35,42,40,3,17,15,5,5,25,13
4,4,7,27,3,7,6,96,316,874,1379,3921,287,92,39,35,113,14,68,373,547,6853,10596,84,1744,263,766,189,69,212,21,681,3707,165,23,74,93,450,99,69,141,289,117,2098,159,4072,5753,51,6,162,0,0,0,0,0,0,2,8,2,16,6,2,15,4,6,6,9,2,6,45,6,43,4,82,3,57,62,1,2,3,33,73,2,2,130,18,1,2,5,162,2,8,102,1,14,2,0,0,3,3
1,6,2,41,3,20,23,66,9538,137,70,134,82,40,17,38,58,19,999,201,187,88,84,9652,1655,92,628,10,10,60,20,163,136,23,647,5630,4990,131,5592,41,23,45,97,525,77,5,68,216,11,26,1,2,2,1,0,2,17,40,36,171,43,13,6,4,19,13,32,30,56,52,28,14,46,30,14,5,20,0,2,6,2,17,10,5,26,0,48,65,2,26,16,1,8,1,0,4,2,7,18,12
4,9,5,83,14,42,31,396,7231,180,116,1154,1219,400,222,175,158,62,698,3690,349,1042,1744,1655,12250,778,6951,57,34,387,145,2210,5105,177,220,814,750,2199,606,99,66,177,510,5417,1920,125,963,326,45,220,0,2,5,1,2,2,106,78,5,446,11,25,165,51,43,49,35,15,36,995,20,154,41,922,34,137,335,9,3,21,65,520,13,26,924,40,9,23,13,559,4,15,196,7,56,1,2,6,13,8
12,16,4,174,10,7,45,103,192,61,16,51,83,279,267,145,25,10,88,393,42,147,263,92,778,8537,1079,143,10,78,110,10625,323,3836,66,106,47,4439,105,66,20,30,548,13130,1842,221,2063,56,5,27,0,0,0,0,1,0,2,8,0,19,10,12,27,9,8,7,6,2,3,33,17,115,7,140,2,306,195,10,0,3,141,165,9,4,135,56,2,2,2,370,0,76,521,7,127,1,1,1,8,10
1,4,0,10,6,65,9,73,1474,90,31,185,177,43,48,26,29,7,40,606,86,250,766,628,6951,1079,16206,1173,19,81,25,2299,775,1127,75,171,1370,855,1362,7132,34,55,85,15385,747,235,1822,402,40,38,0,0,0,0,0,0,5,9,3,10,2,9,52,6,2,4,8,4,4,32,11,124,10,203,13,239,254,30,0,1,115,248,6,5,226,103,5,2,4,566,3,133,586,15,114,2,0,0,3,6
68,31,72,47,63,12,6,2,15,169,34,55,9,161,60,20,8,2,6,12,58,1681,189,10,57,143,1173,72530,2727,352,3,348,38,8843,13,19,171,36,108,13067,1960,151,90,902,43,15342,11749,48,34,27,0,0,0,0,3,1,1,1,0,1,1,0,4,0,1,1,4,0,3,4,0,27,0,4,2,27,52,1040,4,0,32,10,1,1,6,167,12,4,2,21,5,1169,135,26,67,0,0,1,1,0
457,262,345,252,582,202,78,13,18,248,11,25,17,4627,266,82,7,2,25,17,57,7131,69,10,34,10,19,2727,131568,10751,6,101,28,236,62,55,86,5,85,238,35375,689,179,74,12,1011,278,115,10306,150,1,0,3,15,3,0,0,0,4,1,11,3,0,0,8,6,15,0,9,1,0,5,2,1,1,4,3,3,0,5,1,1,14,11,0,1,6,33,4,2,10,12,4,0,0,11,0,3,8,3
1455,981,1346,1001,1138,266,268,91,132,566,71,302,273,30323,2593,485,154,28,227,151,1155,867,212,60,387,78,81,352,10751,58242,142,2014,662,100,511,664,879,90,779,44,15787,8909,2934,254,129,98,1061,492,2383,3141,6,15,29,43,9,29,2,3,10,16,106,11,4,1,93,84,243,4,83,10,12,35,18,10,21,12,4,0,23,20,3,9,152,85,5,3,55,299,63,10,117,3,15,1,0,49,11,33,103,50
7,17,3,286,10,6,33,1275,215,257,75,76,730,314,1100,12511,1385,3596,1531,486,2133,160,21,20,145,110,25,3,6,142,11752,405,326,12,323,1001,192,204,167,1,56,68,15085,46,333,3,54,83,14,104,0,1,3,0,0,2,4,1,6,28,30,4,0,2,13,3,42,1,25,14,3,10,2,12,2,1,4,0,2,6,1,5,18,3,3,0,16,36,3,5,14,0,0,0,0,0,4,2,17,2
27,38,11,210,23,19,34,386,409,399,53,487,1442,2487,1056,251,401,194,172,1020,1022,399,681,163,2210,10625,2299,348,101,2014,405,29444,9854,3035,63,140,201,2345,225,169,313,656,2145,11725,3718,297,11512,125,36,849,0,1,1,0,1,2,9,24,7,64,13,17,46,15,18,15,10,8,9,56,20,226,10,265,12,444,300,12,2,10,193,305,16,14,321,131,9,8,3,636,3,102,794,8,155,4,1,0,10,13
3,6,3,46,7,13,12,568,901,355,175,7696,5215,755,402,201,759,301,223,3047,1283,406,3707,136,5105,323,775,38,28,662,326,9854,15119,69,51,140,244,638,122,7,124,348,999,917,6039,66,3768,57,7,493,0,1,1,0,0,0,34,29,5,121,4,8,36,18,11,7,13,7,17,262,10,39,11,227,6,39,83,1,0,5,23,110,5,7,194,8,7,13,1,136,2,1,60,2,13,1,1,0,2,1
19,14,10,45,6,2,4,12,41,70,18,41,18,86,63,27,3,1,5,52,30,566,165,23,177,3836,1127,8843,236,100,12,3035,69,27644,6,9,100,218,112,7869,292,54,111,9572,177,3055,16508,41,5,28,0,0,0,1,1,0,1,3,0,2,1,10,16,2,3,8,1,4,1,4,11,174,3,27,10,221,174,315,5,1,312,30,2,2,16,1270,4,1,2,49,5,2496,801,146,399,7,0,3,2,3
142,252,85,1369,177,405,2010,45,393,766,94,56,44,1084,530,4364,45,21,394,149,222,241,23,647,220,66,75,13,62,511,323,63,51,6,8412,3138,643,140,4897,4,303,267,1343,134,40,5,36,3916,93,170,6,19,25,11,6,19,3,1,14,19,49,2,0,2,55,21,92,3,50,11,14,31,12,2,17,0,1,1,14,9,1,5,57,37,7,1,15,114,24,5,42,1,2,0,1,50,6,16,42,12
32,43,17,454,31,45,239,148,1947,1356,244,217,111,539,515,3065,147,62,3214,410,865,379,74,5630,814,106,171,19,55,664,1001,140,140,9,3138,10389,1966,293,5563,22,348,474,1964,312,79,12,78,314,37,305,3,9,18,2,4,4,7,25,58,112,142,13,2,4,55,47,164,17,127,31,32,36,54,14,46,7,7,5,21,23,3,8,77,34,9,2,75,262,30,9,93,0,5,2,1,16,5,21,89,31
17,48,19,141,34,179,105,1072,10503,983,195,484,732,693,395,223,258,111,789,433,993,392,93,4990,750,47,1370,171,86,879,192,201,244,100,643,1966,3800,58,6559,576,429,556,1361,589,91,27,145,1427,114,542,7,11,22,6,8,16,54,223,31,991,83,23,14,27,67,65,141,47,117,110,62,41,123,111,31,8,18,6,21,30,8,26,105,93,22,7,303,268,62,9,102,9,18,1,5,31,5,25,98,61
16,23,4,210,15,6,61,322,678,79,26,74,77,208,264,305,20,13,331,4246,53,233,450,131,2199,4439,855,36,5,90,204,2345,638,218,140,293,58,14765,110,10,24,45,663,7576,5118,57,687,56,11,28,0,0,3,0,0,1,9,11,4,45,8,9,47,6,9,17,16,3,7,132,9,90,7,229,7,102,109,4,0,4,26,217,17,17,375,14,9,9,6,328,5,2,152,3,31,2,0,1,5,8
41,44,23,223,41,398,153,41,606,1112,107,134,46,635,415,219,53,17,231,57,596,334,99,5592,606,105,1362,108,85,779,167,225,122,112,4897,5563,6559,110,25693,420,382,518,1195,872,87,22,160,5372,173,383,3,9,16,3,3,9,1,8,28,40,105,14,1,1,53,38,178,8,64,6,8,44,19,13,13,6,13,1,15,6,2,8,80,39,14,2,57,182,15,20,46,7,16,2,3,15,10,28,58,27
5,5,9,8,5,23,2,4,33,19,9,9,1,11,10,2,0,0,2,4,10,218,69,41,99,66,7132,13067,238,44,1,169,7,7869,4,22,576,10,420,41263,239,25,11,12983,12,1504,1817,141,10,6,0,0,0,0,3,0,1,0,2,5,8,3,9,3,2,5,0,0,0,2,6,116,2,10,1,119,170,1006,9,1,197,9,11,0,4,957,20,1,3,14,12,4257,629,144,296,6,2,3,1,1
791,1029,1043,1124,618,160,307,24,71,9625,95,170,67,1711,1068,370,28,8,140,37,494,14180,141,23,66,20,34,1960,35375,15787,56,313,124,292,303,348,429,24,382,239,57558,11311,931,131,21,540,584,254,475,1181,2,8,9,26,7,8,2,3,6,15,51,3,4,0,31,36,68,1,53,2,11,18,9,7,10,4,1,6,11,8,4,1,37,33,2,3,30,122,19,3,52,16,3,3,3,17,2,12,44,23
168,533,296,956,72,42,255,32,118,9026,169,451,105,1080,1342,410,73,14,199,59,1739,1460,289,45,177,30,55,151,689,8909,68,656,348,54,267,474,556,45,518,25,11311,26420,2438,176,40,123,815,281,41,9744,2,4,16,4,1,8,1,3,15,10,67,8,2,0,33,31,105,4,55,6,11,22,10,3,8,4,6,0,16,15,1,5,49,23,4,5,42,134,26,7,66,3,6,0,1,12,3,15,49,25
165,121,28,1644,151,140,151,2538,492,1463,175,560,1546,3708,13453,10237,1540,1570,1682,1360,7598,712,117,97,510,548,85,90,179,2934,15085,2145,999,111,1343,1964,1361,663,1195,11,931,2438,44888,244,1301,24,398,973,114,8027,5,6,19,2,3,17,9,9,21,50,115,11,4,3,53,48,202,3,78,44,16,47,28,26,22,6,13,0,27,17,0,14,92,49,19,2,69,209,26,12,88,4,7,0,0,33,13,32,88,29
10,15,10,90,18,57,27,58,640,337,86,289,115,204,132,84,35,5,141,460,169,1036,2098,525,5417,13130,15385,902,74,254,46,11725,917,9572,134,312,589,7576,872,12983,131,176,244,53439,1268,1716,10174,429,47,86,0,0,1,1,2,1,5,20,9,49,29,27,94,15,27,40,8,12,6,55,41,577,19,357,32,1263,680,104,4,14,771,443,29,10,415,665,15,10,18,1054,10,992,2456,47,644,4,1,3,16,18
15,19,7,179,15,11,22,581,460,44,12,67,816,508,551,204,92,100,204,3802,90,122,159,77,1920,1842,747,43,12,129,333,3718,6039,177,40,79,91,5118,87,12,21,40,1301,1268,5907,13,247,55,5,55,0,0,2,1,0,0,31,18,5,88,6,7,41,24,21,15,6,3,8,231,5,40,5,249,9,48,71,4,0,8,27,146,7,4,268,11,3,8,9,182,1,3,58,1,12,0,2,0,4,2
17,20,20,11,15,2,4,17,34,262,118,211,25,42,14,10,15,3,11,35,77,3112,4072,5,125,221,235,15342,1011,98,3,297,66,3055,5,12,27,57,22,1504,540,123,24,1716,13,17643,12902,7,10,40,0,0,0,0,0,0,1,0,0,3,3,0,1,2,0,0,3,0,1,2,2,26,4,4,1,28,20,104,1,0,26,10,0,0,6,270,1,3,1,20,2,614,124,33,55,0,0,0,1,1
21,17,15,42,13,12,9,50,167,1052,270,1218,278,602,180,53,134,22,69,131,844,1587,5753,68,963,2063,1822,11749,278,1061,54,11512,3768,16508,36,78,145,687,160,1817,584,815,398,10174,247,12902,44966,70,15,526,1,2,0,0,0,0,6,5,6,18,12,8,29,6,3,21,5,5,7,26,11,265,6,126,7,443,226,201,4,2,405,139,15,8,143,943,9,11,9,351,5,1515,1184,94,483,0,1,3,5,10
177,523,761,1925,992,4391,4769,11,74,607,27,34,15,947,486,383,17,7,39,32,118,231,51,216,326,56,402,48,115,492,83,125,57,41,3916,314,1427,56,5372,141,254,281,973,429,55,7,70,10754,1029,209,27,171,102,98,85,246,1,1,2,6,38,0,3,0,164,47,93,1,7,2,1,17,6,5,2,4,1,3,16,3,0,4,57,50,8,2,20,107,10,8,46,5,9,3,2,247,13,7,31,4
1269,267,394,277,8003,3840,172,3,6,68,3,3,5,9362,268,62,4,2,4,7,21,83,6,11,45,5,40,34,10306,2383,14,36,7,5,93,37,114,11,173,10,475,41,114,47,5,10,15,1029,19930,22,1,15,6,61,8,9,0,0,1,1,3,0,0,0,9,5,10,0,0,0,0,2,1,0,1,2,0,0,1,0,0,1,3,1,1,0,0,10,1,0,6,0,4,0,0,15,1,1,3,0
19,45,20,157,11,20,59,46,93,6787,94,540,222,2728,5405,165,172,28,127,71,3374,410,162,26,220,27,38,27,150,3141,104,849,493,28,170,305,542,28,383,6,1181,9744,8027,86,55,40,526,209,22,18479,2,1,10,1,1,0,1,0,7,11,49,3,0,0,15,6,68,0,35,7,7,19,5,2,4,2,4,1,7,7,2,6,33,14,4,0,21,77,6,8,24,2,5,0,0,9,3,12,27,10
1,11,12,28,6,17,21,0,1,3,1,0,0,11,4,2,0,0,3,0,1,3,0,1,0,0,0,0,1,6,0,0,0,0,6,3,7,0,3,0,2,2,5,0,0,0,1,27,1,2,34782,14648,2223,14186,7178,2176,7,3,3,5,182,4,0,1,9691,118,192,0,7,2,3,327,10,6,8,8,4,60,1117,4,9,14,1056,23,6,16,46,187,6,8,33,14,10,22,8,294,8995,442,542,18
26,83,79,129,42,105,181,1,0,4,4,1,0,67,19,12,0,0,1,0,3,6,0,2,2,0,0,0,0,15,1,1,1,0,19,9,11,0,9,0,8,4,6,0,0,0,2,171,15,1,14648,45410,11849,12672,4055,6156,5,2,9,15,1088,20,7,3,10172,158,354,1,29,13,13,1091,10,8,18,9,1,95,827,8,6,12,1911,37,14,26,71,454,27,11,55,18,8,45,10,1163,1304,1319,2162,56
10,47,35,88,18,44,91,1,12,24,1,2,3,77,25,10,1,1,6,6,6,7,0,2,5,0,0,0,3,29,3,1,1,0,25,18,22,3,16,0,9,16,19,1,2,0,0,102,6,10,2223,11849,30170,944,463,7380,86,34,19,28,1736,64,12,28,14374,5079,4962,23,83,139,58,585,18,31,66,88,22,38,307,79,37,109,787,701,207,32,142,1149,96,121,159,5,21,14,13,729,821,607,2107,148
37,36,317,60,1189,2533,348,0,1,3,0,0,0,53,9,2,0,0,0,0,0,6,0,1,1,0,0,0,15,43,0,0,0,1,11,2,6,0,3,0,26,4,2,1,1,0,0,98,61,1,14186,12672,944,35123,15821,16691,1,0,1,2,121,2,0,1,573,18,115,1,8,1,2,241,8,2,3,1,2,19,279,1,0,1,495,6,1,9,25,403,4,1,18,3,2,14,2,674,948,274,353,4
12,48,30,82,25,64,214,0,1,5,0,0,0,41,12,8,0,1,2,1,0,4,0,0,2,1,0,3,3,9,0,1,0,1,6,4,8,0,3,3,7,1,3,2,0,0,0,85,8,1,7178,4055,463,15821,23053,7919,1,1,2,11,112,0,3,0,1554,50,203,1,10,15,4,87,83,79,6,15,73,14,301,3,4,26,157,33,12,6,203,1773,20,25,292,28,51,0,7,4674,6376,68,120,10
25,115,90,161,35,94,250,2,2,13,0,3,0,102,31,14,0,2,4,2,4,5,0,2,2,0,0,1,0,29,2,2,0,0,19,4,16,1,9,0,8,8,17,1,0,0,0,246,9,0,2176,6156,7380,16691,7919,26206,6,2,3,14,550,8,3,5,1379,109,1937,4,32,26,14,185,26,12,19,9,8,7,129,4,3,22,299,40,22,8,64,2148,35,8,114,2,4,3,2,2229,328,212,560,33
0,0,1,2,0,0,1,205,468,5,2,18,79,3,3,5,4,3,8,245,5,6,2,17,106,2,5,1,0,2,4,9,34,1,3,7,54,9,1,1,2,1,9,5,31,1,6,1,0,1,7,5,86,1,1,6,3720,8316,1209,994,48,79,109,4829,465,571,1067,460,571,2102,25,130,63,225,351,45,146,9,9,1275,58,1583,64,868,351,20,160,51,82,20,8,2,33,5,22,9,18,11,32,17
0,0,0,2,0,0,1,327,977,8,11,24,126,4,3,13,13,12,44,218,12,25,8,40,78,8,9,1,0,3,1,24,29,3,1,25,223,11,8,0,3,3,9,20,18,0,5,1,0,0,3,2,34,0,1,2,8316,28383,5997,5547,69,534,295,2611,102,188,765,6150,901,5716,444,692,299,211,357,48,106,21,10,892,77,521,29,242,405,40,1034,102,57,117,21,8,100,37,76,4,3,4,18,20
1,0,0,2,1,0,3,35,147,29,8,16,17,10,6,16,16,17,91,17,43,12,2,36,5,0,3,0,4,10,6,7,5,0,14,58,31,4,28,2,6,15,21,9,5,0,6,2,1,7,3,9,19,1,2,3,1209,5997,4102,2807,214,560,153,328,63,95,712,2386,2421,489,472,667,126,64,258,39,44,12,12,1401,44,258,65,207,217,17,326,55,46,41,51,9,51,17,56,4,1,7,34,44
1,2,0,15,2,2,5,989,3057,46,20,108,375,22,12,25,48,25,150,741,77,62,16,171,446,19,10,1,1,16,28,64,121,2,19,112,991,45,40,5,15,10,50,49,88,3,18,6,1,11,5,15,28,2,11,14,994,5547,2807,39873,416,1156,651,1207,100,127,588,1366,3933,5809,1200,1477,12933,7411,193,114,2646,43,14,111,108,712,97,71,542,74,6233,911,44,254,189,57,307,63,145,59,10,17,105,102
4,7,6,24,8,1,18,23,82,111,18,22,11,84,37,50,9,11,106,9,82,36,6,43,11,10,2,1,11,106,30,13,4,1,49,142,83,8,105,8,51,67,115,29,6,3,12,38,3,49,182,1088,1736,121,112,550,48,69,214,416,38233,4341,758,68,1431,1567,2225,152,950,61,4713,2702,285,126,772,53,108,99,178,234,74,131,692,751,48,86,1102,1273,629,57,778,27,208,111,163,543,132,18422,16117,4227
0,0,0,1,0,0,0,17,68,12,4,6,12,6,2,8,3,3,16,18,11,4,2,13,25,12,9,0,3,11,4,17,8,10,2,13,23,9,14,3,3,8,11,27,7,0,8,0,0,3,4,20,64,2,0,8,79,534,560,1156,4341,8751,6109,498,134,237,491,688,541,192,6009,8796,144,239,308,48,164,68,30,130,111,474,158,145,35,149,268,182,108,61,87,70,422,287,427,19,9,74,248,334
1,0,0,2,1,0,0,20,60,2,2,6,6,7,3,1,3,1,5,58,5,8,15,6,165,27,52,4,0,4,0,46,36,16,0,2,14,47,1,9,4,2,4,94,41,1,29,3,0,0,0,7,12,0,3,3,109,295,153,651,758,6109,14617,7088,117,258,98,2368,119,501,5640,7293,104,1153,535,129,698,129,8,205,385,6712,89,111,262,228,126,61,113,164,43,59,646,224,1012,26,2,16,71,115
1,0,0,0,0,1,1,51,133,3,3,6,26,2,0,1,5,0,9,108,3,7,4,4,51,9,6,0,0,1,2,15,18,2,2,4,27,6,1,3,0,0,3,15,24,2,6,0,0,0,1,3,28,1,0,5,4829,2611,328,1207,68,498,7088,13443,306,541,344,3831,153,491,1629,614,109,409,613,63,240,46,6,815,189,4606,128,479,175,85,148,27,173,34,16,7,112,42,174,5,8,4,34,50
39,83,56,140,27,23,142,5,22,73,3,0,3,191,74,40,2,0,28,24,18,27,6,19,43,8,2,1,8,93,13,18,11,3,55,55,67,9,53,2,31,33,53,27,21,0,3,164,9,15,9691,10172,14374,573,1554,1379,465,102,63,100,1431,134,117,306,65753,16158,2423,179,263,264,170,928,63,205,433,647,156,474,6577,411,634,1279,17428,1991,748,553,594,1202,484,286,464,71,201,70,221,984,18233,1231,2540,224
15,18,10,32,10,3,18,9,21,51,6,5,5,99,32,28,3,3,25,19,22,21,6,13,49,7,4,1,6,84,3,15,7,8,21,47,65,17,38,5,36,31,48,40,15,0,21,47,5,6,118,158,5079,18,50,109,571,188,95,127,1567,237,258,541,16158,34086,3760,414,301,330,563,689,57,291,1753,551,221,400,265,952,714,1440,5218,7952,761,557,584,623,4028,280,339,63,300,77,381,367,275,360,3608,4845
24,40,20,83,23,13,61,23,54,165,11,11,13,209,71,78,7,7,66,28,75,63,9,32,35,6,8,4,15,243,42,10,13,1,92,164,141,16,178,0,68,105,202,8,6,3,5,93,10,68,192,354,4962,115,203,1937,1067,765,712,588,2225,491,98,344,2423,3760,27310,665,3544,873,520,765,135,212,1257,247,78,47,173,5363,150,662,1083,8094,826,95,796,6216,778,272,905,17,74,17,79,837,209,294,1111,428
0,1,0,0,1,0,1,26,123,11,1,7,13,3,3,5,9,8,31,6,12,6,2,30,15,2,4,0,0,4,1,8,7,4,3,17,47,3,8,0,1,4,3,12,3,0,5,1,0,0,0,1,23,1,1,4,460,6150,2386,1366,152,688,2368,3831,179,414,665,7632,445,92,5731,559,213,101,2255,57,61,64,5,7006,112,732,99,647,85,72,383,84,224,34,40,8,68,28,108,8,9,7,52,86
1,3,4,10,1,1,7,49,177,119,21,19,19,43,21,33,11,18,144,39,77,40,6,56,36,3,4,3,9,83,25,9,17,1,50,127,117,7,64,0,53,55,78,6,8,1,7,7,0,35,7,29,83,8,10,32,571,901,2421,3933,950,541,119,153,263,301,3544,445,9357,1273,674,494,3540,647,524,63,129,33,59,1488,46,246,454,401,321,38,1087,3915,180,191,1146,12,81,18,40,63,29,86,385,233
1,2,0,10,2,0,2,440,1051,7,8,89,302,15,13,13,13,7,37,1212,15,37,45,52,995,33,32,4,1,10,14,56,262,4,11,31,110,132,6,2,2,6,44,55,231,2,26,2,0,7,2,13,139,1,15,26,2102,5716,489,5809,61,192,501,491,264,330,873,92,1273,23810,89,555,323,6657,108,350,1564,29,11,246,238,2328,68,358,4767,144,239,366,47,2686,63,9,1069,46,100,32,18,9,37,26
1,1,1,2,0,0,0,21,101,27,10,8,4,7,2,4,8,4,45,9,25,15,6,28,20,17,11,0,0,12,3,20,10,11,14,32,62,9,8,6,11,11,16,41,5,2,11,1,0,7,3,13,58,2,4,14,25,444,472,1200,4713,6009,5640,1629,170,563,520,5731,674,89,9215,1822,321,193,2747,95,202,249,28,771,201,616,292,177,39,205,673,393,342,67,205,56,415,124,388,24,7,90,787,2667
2,3,4,18,2,2,7,30,89,40,3,14,11,43,19,14,6,6,42,65,21,31,43,14,154,115,124,27,5,35,10,226,39,174,31,36,41,90,44,116,18,22,47,577,40,26,265,17,2,19,327,1091,585,241,87,185,130,692,667,1477,2702,8796,7293,614,928,689,765,559,494,555,1822,41541,176,1485,623,564,1620,5360,2642,180,1099,4121,1320,264,215,2892,398,379,359,656,267,1325,4076,11952,9619,196,123,4195,2158,454
1,3,1,4,0,0,1,66,235,28,9,12,29,13,6,17,4,6,63,63,28,19,4,46,41,7,10,0,2,18,2,10,11,3,12,54,123,7,19,2,9,10,28,19,5,4,6,6,1,5,10,10,18,8,83,26,63,299,126,12933,285,144,104,109,63,57,135,213,3540,323,321,176,9160,2583,101,84,738,19,14,40,63,237,93,21,97,24,6221,3860,37,85,2496,64,279,6,48,398,44,16,100,59
1,1,0,3,0,0,2,155,503,7,5,52,98,15,10,12,4,3,24,671,12,30,82,30,922,140,203,4,1,10,12,265,227,27,2,14,111,229,13,10,7,3,26,357,249,4,126,5,0,2,6,8,31,2,79,12,225,211,64,7411,126,239,1153,409,205,291,212,101,647,6657,193,1485,2583,14207,200,1012,12260,141,25,117,726,3670,188,144,2361,341,1453,636,127,2436,814,692,3192,73,533,385,60,11,91,75
0,1,2,2,1,0,2,6,33,32,2,6,5,10,4,9,2,4,30,8,17,9,3,14,34,2,13,2,1,21,2,12,6,10,17,46,31,7,13,1,10,8,22,32,9,1,7,2,1,4,8,18,66,3,6,19,351,357,258,193,772,308,535,613,433,1753,1257,2255,524,108,2747,623,101,200,4390,293,162,304,40,4320,473,1011,612,1931,234,346,387,361,5242,88,216,53,220,58,380,55,10,77,1108,2574
0,0,0,0,0,0,0,10,18,8,0,11,5,6,4,2,1,1,0,19,4,20,57,5,137,306,239,27,4,12,1,444,39,221,0,7,8,102,6,119,4,4,6,1263,48,28,443,4,2,2,8,9,88,1,15,9,45,48,39,114,53,48,129,63,647,551,247,57,63,350,95,564,84,1012,293,18414,2607,136,48,183,8700,2633,312,364,5572,6943,117,79,153,8710,96,396,12500,50,522,70,48,9,83,59
0,0,0,2,0,0,0,27,114,6,5,18,32,11,4,0,4,3,5,187,4,11,62,20,335,195,254,52,3,4,4,300,83,174,1,7,18,109,13,170,1,6,13,680,71,20,226,1,0,4,4,1,22,2,73,8,146,106,44,2646,108,164,698,240,156,221,78,61,129,1564,202,1620,738,12260,162,2607,11192,712,37,58,1245,1766,206,100,1682,673,1401,167,84,1694,910,5925,12275,98,1033,401,36,19,103,105
0,1,0,0,0,0,1,1,4,0,0,0,0,3,3,2,0,0,2,1,1,7,1,0,9,10,30,1040,3,0,0,12,1,315,1,5,6,4,1,1006,6,0,0,104,4,104,201,3,0,1,60,95,38,19,14,7,9,21,12,43,99,68,129,46,474,400,47,64,33,29,249,5360,19,141,304,136,712,64307,3485,43,199,130,989,101,53,14192,249,36,191,62,166,19693,833,22765,1169,68,63,1420,333,128
4,3,3,14,4,1,13,0,3,19,1,1,0,36,9,13,1,0,10,0,4,4,2,2,3,0,0,4,0,23,2,2,0,5,14,21,21,0,15,9,11,16,27,4,0,1,4,16,1,7,1117,827,307,279,301,129,9,10,12,14,178,30,8,6,6577,265,173,5,59,11,28,2642,14,25,40,48,37,3485,178098,24,44,83,30151,77,23,316,139,176,38,9,105,418,60,725,82,154,20684,19851,1696,61
3,0,0,2,0,1,4,3,24,29,8,3,5,21,8,8,1,2,24,12,13,12,3,6,21,3,1,0,5,20,6,10,5,1,9,23,30,4,6,1,8,15,17,14,8,0,2,3,0,7,4,8,79,1,3,4,1275,892,1401,111,234,130,205,815,411,952,5363,7006,1488,246,771,180,40,117,4320,183,58,43,24,9322,166,857,134,5390,476,118,157,127,346,70,74,11,49,16,94,27,10,21,77,78
0,0,0,0,0,0,0,4,17,6,2,3,4,5,0,2,5,0,1,9,4,15,33,2,65,141,115,32,1,3,1,193,23,312,1,3,8,26,2,197,4,1,0,771,27,26,405,0,0,2,9,6,37,0,4,3,58,77,44,108,74,111,385,189,634,714,150,112,46,238,201,1099,63,726,473,8700,1245,199,44,166,13422,2823,475,258,2510,6485,80,47,254,1211,64,752,7724,144,7735,45,27,18,128,126
0,1,0,2,0,0,0,62,134,11,5,27,39,7,9,5,4,1,10,244,12,19,73,17,520,165,248,10,1,9,5,305,110,30,5,8,26,217,8,9,1,5,14,443,146,10,139,4,1,6,14,12,109,1,26,22,1583,521,258,712,131,474,6712,4606,1279,1440,662,732,246,2328,616,4121,237,3670,1011,2633,1766,130,83,857,2823,19754,673,1111,10981,752,174,167,420,1273,138,51,1701,103,1636,104,79,27,161,120
16,19,7,40,10,10,26,4,28,90,5,10,6,102,55,52,3,4,60,11,28,49,2,10,13,9,6,1,14,152,18,16,5,2,57,77,105,17,80,11,37,49,92,29,7,0,15,57,3,33,1056,1911,787,495,157,299,64,29,65,97,692,158,89,128,17428,5218,1083,99,454,68,292,1320,93,188,612,312,206,989,30151,134,475,673,57226,641,172,585,916,816,595,103,593,117,310,222,266,331,2976,8555,16086,1229
11,18,5,44,12,1,36,0,7,67,3,5,2,90,34,29,3,0,19,11,17,38,2,5,26,4,5,1,11,85,3,14,7,2,37,34,93,17,39,0,33,23,49,10,4,0,8,50,1,14,23,37,701,6,33,40,868,242,207,71,751,145,111,479,1991,7952,8094,647,401,358,177,264,21,144,1931,364,100,101,77,5390,258,1111,641,10803,793,209,430,541,3967,238,355,20,58,17,93,407,87,97,440,436
0,0,0,0,0,0,3,74,175,8,6,33,57,9,9,11,8,3,11,404,11,29,130,26,924,135,226,6,0,5,3,321,194,16,7,9,22,375,14,4,2,4,19,415,268,6,143,8,1,4,6,14,207,1,12,22,351,405,217,542,48,35,262,175,748,761,826,85,321,4767,39,215,97,2361,234,5572,1682,53,23,476,2510,10981,172,793,8370,514,71,131,113,6035,63,31,1198,11,204,52,45,20,70,26
0,0,0,1,0,1,0,9,10,5,1,7,0,2,0,2,0,0,1,8,0,13,18,0,40,56,103,167,1,3,0,131,8,1270,1,2,7,14,2,957,3,5,2,665,11,270,943,2,0,0,16,26,32,9,6,8,20,40,17,74,86,149,228,85,553,557,95,72,38,144,205,2892,24,341,346,6943,673,14192,316,118,6485,752,585,209,514,35086,57,34,211,978,53,5044,9812,9053,4021,32,43,253,191,139
4,3,2,14,3,2,7,98,347,63,3,17,32,48,29,22,10,8,64,13,60,29,1,48,9,2,5,12,6,55,16,9,7,4,15,75,303,9,57,20,30,42,69,15,3,1,9,20,0,21,46,71,142,25,203,64,160,1034,326,6233,1102,268,126,148,594,584,796,383,1087,239,673,398,6221,1453,387,117,1401,249,139,157,80,174,916,430,71,57,3001,2844,579,93,5023,673,456,25,79,1444,129,172,872,568
17,33,16,85,19,12,70,30,126,253,22,24,12,238,91,104,12,15,153,25,131,98,2,65,23,2,2,4,33,299,36,8,13,1,114,262,268,9,182,1,122,134,209,10,8,3,11,107,10,77,187,454,1149,403,1773,2148,51,102,55,911,1273,182,61,27,1202,623,6216,84,3915,366,393,379,3860,636,361,79,167,36,176,127,47,167,816,541,131,34,2844,13874,373,124,8264,44,137,8,33,3867,204,211,782,322
6,5,2,14,6,3,8,6,16,46,3,3,1,59,17,9,1,0,9,8,19,23,5,2,13,2,4,2,4,63,3,3,1,2,24,30,62,6,15,3,19,26,26,18,9,1,9,10,1,6,6,27,96,4,20,35,82,57,46,44,629,108,113,173,484,4028,778,224,180,47,342,359,37,127,5242,153,84,191,38,346,254,420,595,3967,113,211,579,373,16060,45,314,27,127,31,184,295,19,101,918,5992
1,0,0,5,0,0,1,12,42,12,1,20,14,15,7,6,4,4,3,70,14,33,162,26,559,370,566,21,2,10,5,636,136,49,5,9,9,328,20,14,3,7,12,1054,182,20,351,8,0,8,8,11,121,1,25,8,20,117,41,254,57,61,164,34,286,280,272,34,191,2686,67,656,85,2436,88,8710,1694,62,9,70,1211,1273,103,238,6035,978,93,124,45,21815,94,51,14079,34,472,66,28,8,54,30
10,16,3,24,13,2,24,11,26,108,7,14,6,108,31,43,4,1,39,7,47,35,2,16,4,0,3,5,10,117,14,3,2,5,42,93,102,5,46,12,52,66,88,10,1,2,5,46,6,24,33,55,159,18,292,114,8,21,51,189,778,87,43,16,464,339,905,40,1146,63,205,267,2496,814,216,96,910,166,105,74,64,138,593,355,63,53,5023,8264,314,94,11920,532,496,8,61,9642,184,124,517,277
0,1,0,0,0,0,0,0,5,10,2,0,1,2,1,2,0,0,0,2,2,42,8,1,15,76,133,1169,12,3,0,102,1,2496,1,0,9,2,7,4257,16,3,4,992,3,614,1515,5,0,2,14,18,5,3,28,2,2,8,9,57,27,70,59,7,71,63,17,8,12,9,56,1325,64,692,53,396,5925,19693,418,11,752,51,117,20,31,5044,673,44,27,51,532,48693,13263,2036,1160,210,20,182,54,23
0,0,0,2,1,1,0,11,34,19,6,17,6,6,2,2,6,0,3,31,13,40,102,8,196,521,586,135,4,15,0,794,60,801,2,5,18,152,16,629,3,6,7,2456,58,124,1184,9,4,5,10,8,21,2,51,4,33,100,51,307,208,422,646,112,201,300,74,68,81,1069,415,4076,279,3192,220,12500,12275,833,60,49,7724,1701,310,58,1198,9812,456,137,127,14079,496,13263,41508,507,3970,275,46,37,186,199
0,1,0,0,0,0,0,2,2,1,0,0,1,0,0,0,0,0,1,4,0,3,1,1,7,7,15,26,0,1,0,8,2,146,0,2,1,3,2,144,3,0,0,47,1,33,94,3,0,0,22,45,14,14,0,3,5,37,17,63,111,287,224,42,70,77,17,28,18,46,124,11952,6,73,58,50,98,22765,725,16,144,103,222,17,11,9053,25,8,31,34,8,2036,507,21805,7852,2,10,483,128,49
0,0,0,0,0,0,0,1,11,4,0,3,2,3,0,0,0,0,3,13,3,17,14,0,56,127,114,67,0,0,0,155,13,399,1,1,5,31,3,296,3,1,0,644,12,55,483,2,0,0,8,10,13,2,7,2,22,76,56,145,163,427,1012,174,221,381,79,108,40,100,388,9619,48,533,380,522,1033,1169,82,94,7735,1636,266,93,204,4021,79,33,184,472,61,1160,3970,7852,23090,26,11,89,97,152
31,125,127,228,53,98,299,2,2,19,1,0,1,125,49,19,1,0,6,1,7,15,2,4,1,1,2,0,11,49,0,4,1,7,50,16,31,2,15,6,17,12,33,4,0,0,0,247,15,9,294,1163,729,674,4674,2229,9,4,4,59,543,19,26,5,984,367,837,8,63,32,24,196,398,385,55,70,401,68,154,27,45,104,331,407,52,32,1444,3867,295,66,9642,210,275,2,26,15041,1037,126,352,110
3,11,7,18,4,4,14,1,1,13,1,0,0,28,7,2,0,0,3,1,6,5,0,2,2,1,0,0,0,11,4,1,1,0,6,5,5,0,10,2,2,3,13,1,2,0,1,13,1,3,8995,1304,821,948,6376,328,18,3,1,10,132,9,2,8,18233,275,209,9,29,18,7,123,44,60,10,48,36,63,20684,10,27,79,2976,87,45,43,129,204,19,28,184,20,46,10,11,1037,44439,312,472,9
1,6,5,13,1,2,7,2,5,21,2,0,1,30,10,6,1,2,18,0,11,5,0,7,6,1,0,1,3,33,2,0,0,3,16,21,25,1,28,3,12,15,32,3,0,0,3,7,1,12,442,1319,607,274,68,212,11,4,7,17,18422,74,16,4,1231,360,294,7,86,9,90,4195,16,11,77,9,19,1420,19851,21,18,27,8555,97,20,253,172,211,101,8,124,182,37,483,89,126,312,47503,11485,297
9,15,0,29,8,2,23,5,24,96,10,6,6,78,25,37,1,3,62,1,47,25,3,18,13,8,3,1,8,103,17,10,2,2,42,89,98,5,58,1,44,49,88,16,4,1,5,31,3,27,542,2162,2107,353,120,560,32,18,34,105,16117,248,71,34,2540,3608,1111,52,385,37,787,2158,100,91,1108,83,103,333,1696,77,128,161,16086,440,70,191,872,782,918,54,517,54,186,128,97,352,472,11485,42401,5924
0,2,0,9,3,2,5,2,14,28,6,6,0,26,6,18,1,1,27,5,21,13,3,12,8,10,6,0,3,50,2,13,1,3,12,31,61,8,27,1,23,25,29,18,2,1,10,4,0,10,18,56,148,4,10,33,17,20,44,102,4227,334,115,50,224,4845,428,86,233,26,2667,454,59,75,2574,59,105,128,61,78,126,120,1229,436,26,139,568,322,5992,30,277,23,199,49,152,110,9,297,5924,10495
