17205,9297,8362,1770,14482,3382,1180,6,4,43,3,3,1,11825,548,208,0,0,4,13,0,165,1,0,7,0,1,28,426,618,4,15,11,1,95,6,25,4,62,9,305,96,77,8,17,12,13,83,1862,14,2,10,6,21,8,69,0,0,0,1,8,0,0,0,22,5,28,0,0,0,1,4,0,2,0,0,1,0,7,0,0,1,11,2,0,0,1,31,3,0,26,0,1,0,0,18,12,7,7,5
9297,17875,5412,22187,1899,3890,4525,16,9,152,5,1,2,7084,1846,585,0,2,8,27,12,360,4,4,12,2,5,27,283,964,16,18,24,4,312,18,51,15,162,5,509,302,183,14,48,21,19,399,560,65,4,49,33,79,26,204,0,0,0,1,18,1,1,0,91,11,113,0,16,1,2,6,2,2,6,1,3,0,21,0,0,3,21,15,4,0,1,110,2,1,72,0,1,1,0,109,32,2,12,3
8362,5412,11846,5494,9969,9360,11923,6,5,91,4,2,3,730,118,63,0,1,3,9,1,214,4,1,4,1,2,15,158,447,1,7,9,2,171,8,31,7,61,2,316,150,23,5,9,9,10,556,515,31,150,127,42,1008,111,1426,0,0,0,1,14,1,0,0,68,4,145,0,3,0,0,10,0,5,1,2,2,0,14,0,0,0,20,13,3,0,2,106,2,0,32,1,0,0,1,126,24,7,13,4
1770,22187,5494,35576,581,598,12376,246,87,839,39,44,55,8169,16456,6359,14,9,101,358,69,859,18,45,121,31,20,33,288,2138,202,167,169,23,1425,251,199,137,1003,9,984,1008,4870,89,426,38,133,1275,360,519,19,47,48,55,45,238,1,0,0,13,40,1,0,0,115,34,180,0,18,1,7,23,3,8,5,2,5,2,44,0,0,5,54,27,6,0,2,183,9,0,119,1,3,0,2,192,46,15,38,14
14482,1899,9969,581,34091,27724,1174,5,6,31,0,1,4,7590,299,75,1,0,2,2,5,57,0,3,2,0,3,10,376,351,6,1,4,1,81,4,15,1,80,5,115,37,49,8,5,6,5,1494,9612,5,0,9,5,12,3,50,0,0,0,0,4,0,0,0,5,2,16,0,1,0,1,2,0,2,2,0,1,0,3,0,1,0,2,0,0,0,0,13,0,0,17,0,0,0,0,17,6,5,2,0
3382,3890,9360,598,27724,45676,15204,5,11,27,4,0,1,252,91,60,0,0,2,4,0,33,1,5,10,1,34,8,151,76,8,2,4,1,298,2,98,3,249,14,57,25,23,18,7,2,5,8328,3255,11,14,51,26,1407,60,372,0,0,0,0,9,0,0,0,47,3,73,0,2,0,0,2,1,2,0,0,1,0,3,0,0,0,13,3,1,0,2,82,3,0,33,1,2,0,0,155,16,4,3,4
1180,4525,11923,12376,1174,15204,24897,75,73,749,22,21,24,950,654,2890,7,3,59,153,47,653,15,71,80,18,17,13,108,587,92,78,60,15,5213,219,335,82,5382,13,537,482,361,51,206,18,64,5883,229,132,48,150,103,671,119,1823,0,0,0,4,59,8,1,0,203,25,287,0,22,1,4,33,7,14,10,2,3,2,42,1,3,4,60,39,5,0,7,308,5,2,151,3,5,0,1,407,63,21,44,18
6,16,6,246,5,5,75,38088,14067,111,430,1250,9707,312,436,1452,2973,7807,7354,10160,898,1866,180,319,1111,46,297,2,18,121,4721,351,2554,30,120,335,1026,821,100,4,65,115,3588,174,2144,63,273,16,10,178,0,0,2,0,0,1,13,17,5,250,3,2,13,7,0,1,8,2,16,106,2,5,15,122,0,1,10,0,0,0,1,24,2,1,8,0,5,8,2,2,1,0,6,0,1,1,0,1,3,0
4,9,5,87,6,11,73,14067,65263,478,1026,2883,4721,78,109,671,1462,618,8047,11301,1685,3855,468,10514,9518,88,4887,8,19,110,516,230,2729,57,247,2820,6932,962,1026,34,63,165,1156,989,1052,141,525,171,23,174,0,0,3,0,3,0,40,55,12,848,21,17,28,20,1,2,19,2,99,357,20,20,35,464,10,2,71,0,0,1,0,121,4,3,70,1,56,18,3,15,13,0,22,1,5,1,2,1,11,4
43,152,91,839,31,27,749,111,478,49408,4415,3526,103,469,584,1064,81,13,1434,123,7958,7563,915,202,310,51,186,23,137,376,270,218,863,82,1073,1844,1024,216,3233,15,11801,8654,3852,903,136,441,1268,488,38,5911,1,5,9,5,10,15,0,1,7,32,116,11,0,3,20,9,131,2,120,4,22,16,11,5,37,4,12,0,16,9,1,3,32,23,4,0,5,141,27,3,107,3,13,0,0,25,7,32,58,50
3,5,4,39,0,4,22,430,1026,4415,5633,3971,175,34,43,282,75,22,1161,99,1413,7279,1494,140,130,18,34,2,21,49,121,25,103,26,83,494,149,53,255,6,142,211,430,219,28,175,178,26,1,105,0,0,1,1,0,1,1,1,1,19,10,6,0,0,1,3,12,1,24,3,8,1,7,6,4,0,2,0,0,3,0,3,4,3,2,0,5,6,5,0,9,0,3,1,1,3,0,2,8,6
3,1,2,44,1,0,21,1250,2883,3526,3971,23130,5804,94,172,262,2043,231,1017,794,9582,6347,4373,192,1943,59,454,10,33,144,641,117,2504,56,88,456,306,363,298,17,142,454,1562,653,192,453,1239,17,2,425,0,0,1,2,0,1,1,3,2,27,11,3,4,2,1,1,8,2,25,29,4,4,4,72,3,3,28,0,0,1,0,20,1,1,13,1,3,6,0,8,3,1,31,0,5,0,1,3,5,3
1,2,3,55,4,1,24,9707,4721,103,175,5804,12206,126,204,334,4270,767,1126,1384,1594,553,132,108,502,15,75,1,7,66,1156,127,2279,9,39,166,304,93,49,1,24,86,1490,93,190,33,249,1,3,146,0,0,1,0,0,0,2,8,0,69,0,1,2,1,1,0,1,0,3,18,1,0,2,27,1,0,3,0,0,0,0,6,0,0,2,0,2,0,0,2,2,0,6,0,1,1,0,0,0,0
11825,7084,730,8169,7590,252,950,312,78,469,34,94,126,62260,13649,1947,32,24,138,443,135,627,60,25,228,49,41,95,6826,36920,241,433,683,46,431,164,303,225,605,20,1331,1693,5142,192,579,83,471,280,21562,3169,9,15,20,18,9,75,1,0,1,7,48,4,0,0,58,17,130,1,19,0,5,24,2,8,11,2,5,3,20,2,1,2,32,23,6,0,1,110,14,2,114,0,4,0,0,62,13,13,46,20
548,1846,118,16456,299,91,654,436,109,584,43,172,204,13649,16154,3198,74,66,185,609,241,548,59,32,227,23,52,30,339,2322,383,392,896,40,311,197,155,222,353,3,666,1604,13022,145,633,29,473,163,386,5354,1,6,9,7,15,33,0,0,1,2,22,2,0,0,29,6,52,0,15,1,4,7,0,9,5,0,2,0,10,2,0,0,17,5,0,0,1,48,4,0,36,1,2,0,0,31,13,7,19,9
208,585,63,6359,75,60,2890,1452,671,1064,282,262,334,1947,3198,24076,261,380,5947,1144,699,848,50,165,256,32,54,14,89,648,12116,179,395,21,4838,7728,549,331,1587,6,372,476,10014,99,700,32,177,917,109,321,5,12,15,16,14,58,1,0,3,25,59,8,0,1,46,10,123,2,64,4,16,26,11,6,14,0,4,2,25,2,2,5,24,16,2,0,10,122,20,1,59,4,6,3,5,52,10,19,42,29
0,0,0,14,1,0,7,2973,1462,81,75,2043,4270,32,74,261,4471,1457,1046,129,4777,202,102,71,51,4,21,1,9,27,2458,32,618,1,22,128,86,17,66,0,10,59,1275,39,45,16,145,2,1,100,0,0,1,0,0,0,1,0,0,12,3,0,0,0,0,2,5,1,6,0,3,2,1,0,2,0,0,0,0,0,0,0,0,0,0,0,2,2,1,0,2,0,0,0,0,0,0,0,1,1
0,2,1,9,0,0,3,7807,618,13,22,231,767,24,66,380,1457,3941,2499,167,500,107,21,58,28,3,3,0,0,19,4120,36,252,0,12,79,25,13,18,0,2,8,849,14,81,1,55,1,1,27,0,0,0,0,0,0,0,0,0,2,2,0,0,0,0,1,1,0,8,0,3,0,0,0,0,0,1,0,0,0,0,0,1,0,0,0,1,0,0,1,0,0,0,0,0,0,0,0,0,1
4,8,3,101,2,2,59,7354,8047,1434,1161,1017,1126,138,185,5947,1046,2499,14202,2629,2267,1861,159,373,596,19,110,5,11,100,6573,130,683,22,278,3619,937,359,471,15,118,181,3164,195,655,55,221,19,5,150,0,2,8,2,2,7,1,3,13,101,113,21,4,3,10,16,72,8,227,9,54,29,39,18,62,0,4,0,7,17,1,6,26,25,7,0,29,89,33,3,48,0,1,1,3,5,1,19,56,71
13,27,9,358,2,4,153,10160,11301,123,99,794,1384,443,609,1144,129,167,2629,27919,189,1105,263,151,3533,93,1280,2,21,229,1240,833,6001,53,243,628,502,5004,211,8,64,170,3821,1416,6265,69,755,37,13,239,0,0,4,0,0,5,8,11,2,169,5,2,21,14,1,3,7,3,21,162,3,18,10,460,3,4,84,0,0,2,0,101,0,3,92,0,2,4,2,31,8,0,40,1,3,0,0,0,4,0
0,12,1,69,5,0,47,898,1685,7958,1413,9582,1594,135,241,699,4777,500,2267,189,15131,2030,697,294,260,40,126,6,24,249,2781,175,1251,35,209,1259,824,149,1325,12,463,1394,11147,461,128,228,976,41,4,2103,1,0,2,0,0,5,0,0,8,49,51,13,3,1,5,1,34,5,99,1,23,12,26,6,29,1,3,0,5,2,0,5,10,7,1,0,10,35,22,4,19,0,10,0,1,3,0,7,20,9
165,360,214,859,57,33,653,1866,3855,7563,7279,6347,553,627,548,848,202,107,1861,1105,2030,23584,6609,202,1997,371,584,1850,3612,986,356,283,521,695,616,993,566,752,1580,303,19859,2522,1943,3381,345,7800,1611,315,29,855,1,3,3,3,4,11,1,1,5,44,73,7,0,0,22,11,101,0,69,28,21,34,10,84,25,7,57,1,14,3,2,17,30,6,21,2,7,99,20,14,89,11,51,0,4,21,4,21,39,50
1,4,4,18,0,1,15,180,468,915,1494,4373,132,60,59,50,102,21,159,263,697,6609,7599,33,1386,271,489,10,60,139,83,193,1953,148,13,74,31,533,84,24,115,323,416,2180,224,3415,4012,12,2,226,0,0,1,0,0,0,0,2,0,8,1,0,0,0,0,1,0,0,3,7,1,4,0,35,0,6,40,1,0,0,2,2,0,0,13,0,0,1,0,15,0,2,47,0,1,0,0,0,2,0
0,4,1,45,3,5,71,319,10514,202,140,192,108,25,32,165,71,58,373,151,294,202,33,7480,1852,31,860,8,8,28,105,54,98,32,225,5793,12573,50,7325,57,35,50,322,526,53,16,92,125,11,36,0,1,1,0,1,1,16,24,14,475,16,10,5,5,2,4,11,5,98,22,23,11,42,33,12,2,8,1,3,3,0,9,8,4,10,1,50,14,3,1,8,0,11,0,2,1,0,5,8,5
7,12,4,121,2,10,80,1111,9518,310,130,1943,502,228,227,256,51,28,596,3533,260,1997,1386,1852,8993,539,12555,16,28,194,228,1691,4514,333,129,951,405,1956,727,80,99,278,1121,4851,1407,237,2877,172,17,248,1,2,0,0,0,1,0,4,2,148,2,4,23,10,1,2,9,3,34,125,6,28,19,913,2,31,299,0,1,0,9,124,2,10,332,3,5,4,1,152,3,11,266,2,18,1,3,2,2,2
0,2,1,31,0,1,18,46,88,51,18,59,15,49,23,32,4,3,19,93,40,371,271,31,539,10377,220,8,13,33,22,4831,188,1403,18,26,14,6513,50,41,21,39,167,6686,2597,155,882,8,1,27,0,0,0,0,0,1,0,0,0,2,0,0,0,0,0,0,0,0,1,0,0,0,1,8,0,7,23,0,0,0,0,1,0,0,8,2,1,0,0,4,0,21,71,0,4,0,0,0,0,0
1,5,2,20,3,34,17,297,4887,186,34,454,75,41,52,54,21,3,110,1280,126,584,489,860,12555,220,27623,2261,26,65,51,876,868,371,50,250,474,597,2040,7013,55,106,255,13096,789,117,1503,555,47,93,0,0,1,2,1,1,3,2,0,102,6,7,16,5,0,3,5,0,27,66,5,44,21,780,0,58,408,3,0,0,13,128,0,4,256,9,3,7,2,141,3,76,368,3,34,3,0,1,3,1
28,27,15,33,10,8,13,2,8,23,2,10,1,95,30,14,1,0,5,2,6,1850,10,8,16,8,2261,43135,2167,387,6,9,12,1599,12,10,125,7,130,10713,818,139,43,529,16,8601,2853,33,6,16,0,0,0,0,0,0,0,0,0,0,4,1,0,0,0,0,3,0,0,0,0,0,0,2,0,1,19,44,0,0,1,0,0,0,0,5,0,2,0,0,1,325,40,1,0,0,0,0,0,0
426,283,158,288,376,151,108,18,19,137,21,33,7,6826,339,89,9,0,11,21,24,3612,60,8,28,13,26,2167,54143,6836,10,35,49,67,41,22,72,21,109,165,16718,556,220,104,20,999,111,188,11118,139,1,1,1,0,0,5,0,0,0,0,3,1,0,0,2,1,11,0,2,1,1,1,0,1,2,0,1,0,1,1,0,0,1,1,0,0,0,14,3,0,8,1,2,0,0,6,2,3,3,1
618,964,447,2138,351,76,587,121,110,376,49,144,66,36920,2322,648,27,19,100,229,249,986,139,28,194,33,65,387,6836,51141,125,304,671,68,342,175,445,164,678,37,11813,10674,3123,312,281,237,659,235,2049,3040,1,5,12,5,4,28,1,0,1,8,45,4,0,2,28,5,106,1,55,2,11,20,1,7,15,1,6,0,19,0,1,2,17,16,2,0,4,67,14,3,56,0,5,1,0,20,12,12,38,22
4,16,1,202,6,8,92,4721,516,270,121,641,1156,241,383,12116,2458,4120,6573,1240,2781,356,83,105,228,22,51,6,10,125,14363,265,1141,23,524,1489,417,184,712,4,73,138,15425,102,767,21,295,101,14,233,0,2,8,2,2,6,0,1,5,26,28,3,1,1,8,4,26,1,63,1,10,9,8,8,25,0,4,0,3,5,0,2,5,5,3,1,4,29,14,3,12,0,3,0,2,5,2,8,11,15
15,18,7,167,1,2,78,351,230,218,25,117,127,433,392,179,32,36,130,833,175,283,193,54,1691,4831,876,9,35,304,265,17428,3607,1513,78,56,53,3588,120,98,135,310,1677,5812,11170,113,9296,48,13,315,0,0,0,0,0,2,0,0,0,3,1,1,1,0,0,2,1,0,1,4,0,2,2,24,1,27,93,1,0,0,6,9,0,0,9,7,0,4,0,14,2,39,241,0,11,1,0,0,0,0
11,24,9,169,4,4,60,2554,2729,863,103,2504,2279,683,896,395,618,252,683,6001,1251,521,1953,98,4514,188,868,12,49,671,1141,3607,11452,94,57,203,195,1520,97,12,335,1031,4540,1096,5283,106,3141,32,18,1295,0,0,0,0,0,1,2,2,2,40,5,0,8,4,0,0,6,0,6,38,1,2,4,153,0,4,63,0,0,0,1,33,0,1,55,0,2,2,1,31,1,3,67,0,7,0,0,1,2,0
1,4,2,23,1,1,15,30,57,82,26,56,9,46,40,21,1,0,22,53,35,695,148,32,333,1403,371,1599,67,68,23,1513,94,13258,5,16,32,459,54,1223,66,60,141,7028,791,2571,7049,18,1,38,0,0,0,0,0,0,0,0,0,1,0,0,0,0,0,0,0,0,0,0,0,2,0,20,0,8,60,2,0,0,6,1,0,0,7,45,2,2,0,2,2,342,194,3,6,0,0,0,1,0
95,312,171,1425,81,298,5213,120,247,1073,83,88,39,431,311,4838,22,12,278,243,209,616,13,225,129,18,50,12,41,342,524,78,57,5,7624,2693,455,96,9384,13,338,376,1525,59,202,6,49,4115,104,198,7,29,40,20,25,111,2,0,5,4,50,5,0,1,112,16,192,0,31,1,6,25,0,7,12,1,5,2,34,3,0,4,41,28,8,1,5,152,8,2,126,2,4,1,1,100,36,24,46,21
6,18,8,251,4,2,219,335,2820,1844,494,456,166,164,197,7728,128,79,3619,628,1259,993,74,5793,951,26,250,10,22,175,1489,56,203,16,2693,12337,1958,154,4408,27,231,320,2942,270,153,14,85,153,9,182,0,4,13,2,2,9,2,1,15,101,131,30,2,3,16,11,121,5,245,8,40,38,42,27,75,2,4,1,22,7,0,9,37,26,11,0,35,128,39,4,77,0,3,2,3,22,4,29,74,62
25,51,31,199,15,98,335,1026,6932,1024,149,306,304,303,155,549,86,25,937,502,824,566,31,12573,405,14,474,125,72,445,417,53,195,32,455,1958,2853,33,15157,304,364,548,1889,379,94,21,83,1894,110,347,3,10,39,5,18,27,51,48,15,826,421,39,23,32,31,46,321,23,600,172,161,101,126,114,322,2,9,1,58,39,2,62,89,86,23,3,46,647,221,5,460,2,14,4,10,103,17,108,263,297
4,15,7,137,1,3,82,821,962,216,53,363,93,225,222,331,17,13,359,5004,149,752,533,50,1956,6513,597,7,21,164,184,3588,1520,459,96,154,33,10014,106,19,90,201,1088,8237,7538,160,1820,32,11,163,0,0,0,0,1,1,0,2,2,28,1,2,5,2,0,1,3,0,6,31,1,5,3,190,0,8,67,0,0,0,1,33,1,1,72,1,2,4,0,45,2,3,58,0,9,1,0,0,0,0
62,162,61,1003,80,249,5382,100,1026,3233,255,298,49,605,353,1587,66,18,471,211,1325,1580,84,7325,727,50,2040,130,109,678,712,120,97,54,9384,4408,15157,106,59467,655,758,999,3158,1237,193,35,188,15746,385,540,5,9,22,5,7,32,4,1,5,77,159,22,1,4,74,24,214,7,236,5,39,43,25,12,46,3,7,3,38,10,2,4,65,31,5,1,16,176,34,3,140,1,7,1,6,56,15,50,91,55
9,5,2,9,5,14,13,4,34,15,6,17,1,20,3,6,0,0,15,8,12,303,24,57,80,41,7013,10713,165,37,4,98,12,1223,13,27,304,19,655,12442,88,22,32,5661,39,2395,1372,189,12,6,0,0,0,0,3,0,0,0,0,3,0,0,0,0,1,1,1,0,3,0,0,2,3,18,0,17,210,50,0,0,13,4,0,0,1,152,3,2,0,1,12,1955,459,9,13,8,0,0,0,0
305,509,316,984,115,57,537,65,63,11801,142,142,24,1331,666,372,10,2,118,64,463,19859,115,35,99,21,55,818,16718,11813,73,135,335,66,338,231,364,90,758,88,59063,11763,1312,269,114,494,440,201,63,1368,0,2,7,3,4,22,0,0,1,4,40,5,1,0,13,5,61,0,40,2,8,10,0,3,7,0,3,0,11,1,0,0,11,7,2,1,2,45,13,0,45,0,5,0,0,19,5,15,19,18
96,302,150,1008,37,25,482,115,165,8654,211,454,86,1693,1604,476,59,8,181,170,1394,2522,323,50,278,39,106,139,556,10674,138,310,1031,60,376,320,548,201,999,22,11763,27383,5739,501,211,284,1026,181,29,12291,1,3,6,2,2,16,0,0,4,12,45,3,1,2,17,2,51,0,52,1,12,14,3,2,13,0,13,0,11,3,1,1,19,8,1,0,2,52,15,4,47,1,5,1,1,15,3,10,25,21
77,183,23,4870,49,23,361,3588,1156,3852,430,1562,1490,5142,13022,10014,1275,849,3164,3821,11147,1943,416,322,1121,167,255,43,220,3123,15425,1677,4540,141,1525,2942,1889,1088,3158,32,1312,5739,67733,720,3546,111,2043,391,98,15499,2,8,8,2,3,13,0,0,4,55,115,16,3,1,21,7,117,3,172,4,24,43,22,20,59,0,13,1,19,6,0,8,29,12,8,0,9,92,24,8,68,0,15,1,1,21,6,23,46,30
8,14,5,89,8,18,51,174,989,903,219,653,93,192,145,99,39,14,195,1416,461,3381,2180,526,4851,6686,13096,529,104,312,102,5812,1096,7028,59,270,379,8237,1237,5661,269,501,720,42429,2404,2531,10044,343,21,323,0,0,0,0,1,2,0,0,0,17,2,2,0,0,3,0,3,0,5,6,4,19,8,98,0,103,410,9,0,0,59,27,1,0,50,77,1,3,0,58,7,659,1072,2,30,3,0,0,4,4
17,48,9,426,5,7,206,2144,1052,136,28,192,190,579,633,700,45,81,655,6265,128,345,224,53,1407,2597,789,16,20,281,767,11170,5283,791,202,153,94,7538,193,39,114,211,3546,2404,6964,70,2305,69,22,259,0,2,0,1,0,3,4,1,1,38,1,1,3,0,1,1,9,0,12,38,1,10,5,275,1,12,124,0,1,0,0,36,1,0,103,0,1,11,2,72,7,1,105,0,7,8,1,0,3,0
12,21,9,38,6,2,18,63,141,441,175,453,33,83,29,32,16,1,55,69,228,7800,3415,16,237,155,117,8601,999,237,21,113,106,2571,6,14,21,160,35,2395,494,284,111,2531,70,12589,4380,8,5,100,0,0,0,0,0,1,0,0,0,3,1,0,0,2,0,0,0,0,0,1,0,1,1,5,2,2,19,1,0,0,1,0,0,0,3,14,0,2,1,0,1,102,32,0,0,0,0,0,0,1
13,19,10,133,5,5,64,273,525,1268,178,1239,249,471,473,177,145,55,221,755,976,1611,4012,92,2877,882,1503,2853,111,659,295,9296,3141,7049,49,85,83,1820,188,1372,440,1026,2043,10044,2305,4380,12906,63,11,940,0,0,0,0,1,1,0,2,0,8,4,2,1,0,0,1,0,0,5,3,1,14,6,57,0,36,222,3,0,0,11,12,1,5,41,36,0,2,1,42,1,242,357,4,11,1,0,0,0,2
83,399,556,1275,1494,8328,5883,16,171,488,26,17,1,280,163,917,2,1,19,37,41,315,12,125,172,8,555,33,188,235,101,48,32,18,4115,153,1894,32,15746,189,201,181,391,343,69,8,63,16054,1813,50,28,128,100,168,141,538,1,1,0,4,33,1,1,0,174,23,255,0,12,1,3,19,1,13,4,1,9,1,23,0,1,1,37,22,4,1,5,353,11,0,146,2,10,1,3,473,47,19,25,8
1862,560,515,360,9612,3255,229,10,23,38,1,2,3,21562,386,109,1,1,5,13,4,29,2,11,17,1,47,6,11118,2049,14,13,18,1,104,9,110,11,385,12,63,29,98,21,22,5,11,1813,24318,15,0,0,1,4,0,7,0,0,0,0,6,0,0,0,8,0,10,0,1,0,1,2,0,0,2,0,1,0,1,0,0,0,4,2,0,0,0,10,1,0,8,0,0,0,0,10,2,0,4,0
14,65,31,519,5,11,132,178,174,5911,105,425,146,3169,5354,321,100,27,150,239,2103,855,226,36,248,27,93,16,139,3040,233,315,1295,38,198,182,347,163,540,6,1368,12291,15499,323,259,100,940,50,15,17832,0,3,0,0,0,2,0,0,0,8,13,3,0,1,6,1,25,0,19,3,8,6,3,6,7,3,7,0,3,1,0,1,2,2,1,0,1,23,4,2,15,0,8,0,1,3,0,5,8,9
2,4,150,19,0,14,48,0,0,1,0,0,0,9,1,5,0,0,0,0,1,1,0,0,1,0,0,0,1,1,0,0,0,0,7,0,3,0,5,0,0,1,2,0,0,0,0,28,0,0,22957,4737,1327,17712,12220,1674,1,0,0,0,29,1,0,1,4846,57,293,1,11,3,3,152,4,10,1,5,7,69,1033,0,1,6,358,11,8,15,1,196,1,3,59,15,17,28,19,264,11025,185,81,7
10,49,127,47,9,51,150,0,0,5,0,0,0,15,6,12,0,0,2,0,0,3,0,1,2,0,0,0,1,5,2,0,0,0,29,4,10,0,9,0,2,3,8,0,2,0,0,128,0,3,4737,19536,7110,7524,3007,9597,3,1,1,3,103,9,2,1,4472,170,648,0,7,8,3,364,2,6,7,12,7,78,948,2,11,10,936,28,28,31,0,522,13,4,133,18,33,49,33,321,1794,526,428,12
6,33,42,48,5,26,103,2,3,9,1,1,1,20,9,15,1,0,8,4,2,3,1,1,0,0,1,0,1,12,8,0,0,0,40,13,39,0,22,0,7,6,8,0,0,0,0,100,1,0,1327,7110,23445,904,418,8619,87,19,19,77,458,78,19,53,14593,3261,8769,38,176,185,121,287,18,60,160,139,26,52,960,56,47,236,1173,741,469,30,16,872,106,121,180,10,155,20,48,364,1688,352,735,124
21,79,1008,55,12,1407,671,0,0,5,1,2,0,18,7,16,0,0,2,0,0,3,0,0,0,0,2,0,0,5,2,0,0,0,20,2,5,0,5,0,3,2,2,0,1,0,0,168,4,0,17712,7524,904,38705,24084,23209,3,0,0,8,60,1,0,0,763,33,578,0,1,1,1,180,3,4,3,5,2,45,524,2,4,3,459,6,7,11,1,963,5,1,1737,13,14,33,10,1219,1205,236,133,9
8,26,111,45,3,60,119,0,3,10,0,0,0,9,15,14,0,0,2,0,0,4,0,1,0,0,1,0,0,4,2,0,0,0,25,2,18,1,7,3,4,2,3,1,0,0,1,141,0,0,12220,3007,418,24084,40755,9194,1,1,0,15,87,8,2,1,982,27,912,0,10,9,4,70,55,157,15,15,168,14,333,0,6,15,132,30,21,13,145,3708,15,14,2683,104,65,12,4,10000,7206,76,100,33
69,204,1426,238,50,372,1823,1,0,15,1,1,0,75,33,58,0,0,7,5,5,11,0,1,1,1,1,0,5,28,6,2,1,0,111,9,27,1,32,0,22,16,13,2,3,1,1,538,7,2,1674,9597,8619,23209,9194,27792,10,2,2,18,315,12,2,11,4645,213,2473,5,32,31,21,287,13,22,15,37,10,38,593,5,8,35,807,59,80,9,12,3325,24,31,1105,4,54,18,22,2390,1093,331,523,69
0,0,0,1,0,0,0,13,40,0,1,1,2,1,0,1,1,0,1,8,0,1,0,16,0,0,3,0,0,1,0,0,2,0,2,2,51,0,4,0,0,0,0,0,4,0,0,1,0,0,1,3,87,3,1,10,5241,7101,1466,1124,17,43,183,3744,103,367,702,1051,509,1243,22,91,10,225,53,15,5,1,21,301,13,982,74,781,166,3,105,44,44,6,35,0,22,5,33,14,19,8,19,14
0,0,0,0,0,0,0,17,55,1,1,3,8,0,0,0,0,0,3,11,0,1,2,24,4,0,2,0,0,0,1,0,2,0,0,1,48,2,1,0,0,0,0,0,1,0,2,1,0,0,0,1,19,0,1,2,7101,18768,5995,3017,33,409,194,1655,18,55,499,6711,601,3746,138,798,12,128,46,75,45,3,12,242,45,713,19,268,972,17,121,22,15,147,5,2,217,37,113,2,7,10,6,7
0,0,0,0,0,0,0,5,12,7,1,2,0,1,1,3,0,0,13,2,8,5,0,14,2,0,0,0,0,1,5,0,2,0,5,15,15,2,5,0,1,4,4,0,1,0,0,0,0,0,0,1,19,0,0,2,1466,5995,5932,2914,110,710,329,1047,9,57,765,3574,2786,1107,997,807,16,90,296,92,33,4,8,2009,46,895,21,160,949,34,38,21,28,152,6,4,153,34,165,5,4,12,17,32
1,1,1,13,0,0,4,250,848,32,19,27,69,7,2,25,12,2,101,169,49,44,8,475,148,2,102,0,0,8,26,3,40,1,4,101,826,28,77,3,4,12,55,17,38,3,8,4,0,8,0,3,77,8,15,18,1124,3017,2914,66345,348,1364,1580,3945,65,199,649,2140,6090,7218,1771,2251,6259,10333,231,94,1249,29,53,182,58,3096,139,216,896,37,4770,384,101,479,238,104,973,121,444,47,9,54,156,218
8,18,14,40,4,9,59,3,21,116,10,11,0,48,22,59,3,2,113,5,51,73,1,16,2,0,6,4,3,45,28,1,5,0,50,131,421,1,159,0,40,45,115,2,1,1,4,33,6,13,29,103,458,60,87,315,17,33,110,348,39951,4231,393,151,485,918,2691,77,1554,73,3238,3115,122,209,214,101,350,23,152,47,236,277,369,782,120,120,173,1575,377,112,1518,26,830,149,487,625,113,9342,8772,4357
0,1,1,1,0,0,8,2,17,11,6,3,1,4,2,8,0,0,21,2,13,7,0,10,4,0,7,1,1,4,3,1,0,0,5,30,39,2,22,0,5,3,16,2,1,0,2,1,0,3,1,9,78,1,8,12,43,409,710,1364,4231,7587,3640,1142,41,198,521,420,1156,206,4462,7060,93,242,176,23,101,25,51,70,35,569,62,327,54,36,81,208,99,73,148,14,342,308,375,28,5,96,193,361
0,1,0,0,0,0,1,13,28,0,0,4,2,0,0,0,0,0,4,21,3,0,0,5,23,0,16,0,0,0,1,1,8,0,0,2,23,5,1,0,1,1,3,0,3,0,1,1,0,0,0,2,19,0,2,2,183,194,329,1580,393,3640,9954,5794,43,264,269,1362,454,1509,5177,4052,25,1595,317,29,133,10,13,281,36,4574,58,434,299,11,27,46,139,177,13,9,361,146,525,6,1,12,70,165
0,0,0,0,0,0,0,7,20,3,0,2,1,0,0,1,0,0,3,14,1,0,0,5,10,0,5,0,0,2,1,0,4,0,1,3,32,2,4,0,0,2,1,0,0,2,0,0,0,1,1,1,53,0,1,11,3744,1655,1047,3945,151,1142,5794,14350,101,468,843,6260,726,1096,2778,910,20,683,373,22,61,7,35,915,54,4484,88,1096,187,18,73,42,148,74,14,3,173,72,378,5,7,9,45,85
22,91,68,115,5,47,203,0,1,20,1,1,1,58,29,46,0,0,10,1,5,22,0,2,1,0,0,0,2,28,8,0,0,0,112,16,31,0,74,1,13,17,21,3,1,0,0,174,8,6,4846,4472,14593,763,982,4645,103,18,9,65,485,41,43,101,39034,10832,4230,50,84,170,89,454,16,41,162,265,24,158,6877,50,107,382,7693,1022,597,90,16,1206,252,109,450,36,200,82,140,673,9493,649,966,246
5,11,4,34,2,3,25,1,2,9,3,1,0,17,6,10,2,1,16,3,1,11,1,4,2,0,3,0,1,5,4,2,0,0,16,11,46,1,24,1,5,2,7,0,1,0,1,23,0,1,57,170,3261,33,27,213,367,55,57,199,918,198,264,468,10832,35557,5168,227,284,324,442,754,24,150,1069,933,177,64,2319,156,767,2490,9663,5876,1867,360,21,369,11512,233,165,16,748,81,1070,133,472,507,3694,7236
28,113,145,180,16,73,287,8,19,131,12,8,1,130,52,123,5,1,72,7,34,101,0,11,9,0,5,3,11,106,26,1,6,0,192,121,321,3,214,1,61,51,117,3,9,0,0,255,10,25,293,648,8769,578,912,2473,702,499,765,649,2691,521,269,843,4230,5168,26571,1220,4809,895,1205,1042,198,308,3032,327,115,43,740,3459,131,1284,1170,9775,1510,60,187,4675,1149,270,1566,26,375,33,250,1353,784,756,1662,1007
0,0,0,0,0,0,0,2,2,2,1,2,0,1,0,2,1,0,8,3,5,0,0,5,3,0,0,0,0,1,1,0,0,0,0,5,23,0,7,0,0,0,3,0,0,0,0,0,0,0,1,0,38,0,0,5,1051,6711,3574,2140,77,420,1362,6260,50,227,1220,10083,963,137,4670,436,34,92,1398,11,30,3,9,3691,37,960,32,1076,99,12,36,53,119,30,16,1,108,25,223,8,2,4,21,61
0,16,3,18,1,2,22,16,99,120,24,25,3,19,15,64,6,8,227,21,99,69,3,98,34,1,27,0,2,55,63,1,6,0,31,245,600,6,236,3,40,52,172,5,12,0,5,12,1,19,11,7,176,1,10,32,509,601,2786,6090,1554,1156,454,726,84,284,4809,963,16778,1635,2089,888,4401,1925,1348,128,442,14,69,1210,54,1129,236,398,1027,32,1455,4939,387,340,1291,64,594,29,244,100,21,184,461,682
0,1,0,1,0,0,1,106,357,4,3,29,18,0,1,4,0,0,9,162,1,28,7,22,125,0,66,0,1,2,1,4,38,0,1,8,172,31,5,0,2,1,4,6,38,1,3,1,0,3,3,8,185,1,9,31,1243,3746,1107,7218,73,206,1509,1096,170,324,895,137,1635,19459,99,975,60,2506,47,238,189,10,40,130,111,7668,68,584,5542,37,292,186,36,5150,81,8,782,57,418,37,18,15,42,31
1,2,0,7,1,0,4,2,20,22,8,4,1,5,4,16,3,3,54,3,23,21,1,23,6,0,5,0,1,11,10,0,1,0,6,40,161,1,39,0,8,12,24,4,1,0,1,3,1,8,3,3,121,1,4,21,22,138,997,1771,3238,4462,5177,2778,89,442,1205,4670,2089,99,12935,2139,142,220,2341,58,196,10,33,1462,138,1366,133,1156,92,59,132,379,627,92,214,20,559,135,670,47,13,92,623,3137
4,6,10,23,2,2,33,5,20,16,1,4,0,24,7,26,2,0,29,18,12,34,4,11,28,0,44,0,1,20,9,2,2,2,25,38,101,5,43,2,10,14,43,19,10,1,14,19,2,6,152,364,287,180,70,287,91,798,807,2251,3115,7060,4052,910,454,754,1042,436,888,975,2139,36228,109,1938,359,229,1405,1656,1781,145,422,3935,925,596,469,792,90,467,298,987,315,358,4518,6490,7516,191,77,3953,1255,639
0,2,0,3,0,1,7,15,35,11,7,4,2,2,0,11,1,0,39,10,26,10,0,42,19,1,21,0,0,1,8,2,4,0,0,42,126,3,25,3,0,3,22,8,5,1,6,1,0,3,4,2,18,3,55,13,10,12,16,6259,122,93,25,20,16,24,198,34,4401,60,142,109,11111,3351,76,24,905,11,15,12,19,168,34,29,43,12,5140,4592,29,36,3142,252,399,6,105,314,27,19,57,82
2,2,5,8,2,2,14,122,464,5,6,72,27,8,9,6,0,0,18,460,6,84,35,33,913,8,780,2,1,7,8,24,153,20,7,27,114,190,12,18,3,2,20,98,275,5,57,13,0,6,10,6,60,4,157,22,225,128,90,10333,209,242,1595,683,41,150,308,92,1925,2506,220,1938,3351,19500,86,163,10482,54,33,47,158,7089,59,147,1296,82,1093,1019,52,901,2395,892,2495,97,881,722,74,34,101,101
0,6,1,5,2,0,10,0,10,37,4,3,1,11,5,14,2,0,62,3,29,25,0,12,2,0,0,0,2,15,25,1,0,0,12,75,322,0,46,0,7,13,59,0,1,2,0,4,2,7,1,7,160,3,15,15,53,46,296,231,214,176,317,373,162,1069,3032,1398,1348,47,2341,359,76,86,4186,44,76,4,58,6114,59,552,297,3946,86,28,63,516,2108,25,408,14,172,32,258,87,17,38,457,651
0,1,2,2,0,0,2,1,2,4,0,3,0,2,0,0,0,0,0,4,1,7,6,2,31,7,58,1,0,1,0,27,4,8,1,2,2,8,3,17,0,0,0,103,12,2,36,1,0,3,5,12,139,5,15,37,15,75,92,94,101,23,29,22,265,933,327,11,128,238,58,229,24,163,44,22175,673,19,185,49,4854,1082,463,579,6495,4975,15,59,128,8071,47,51,8202,36,614,60,37,65,252,209
1,3,2,5,1,1,3,10,71,12,2,28,3,5,2,4,0,1,4,84,3,57,40,8,299,23,408,19,1,6,4,93,63,60,5,4,9,67,7,210,3,13,13,410,124,19,222,9,1,7,7,7,26,2,168,10,5,45,33,1249,350,101,133,61,24,177,115,30,442,189,196,1405,905,10482,76,673,14353,243,22,20,314,1642,111,129,1100,237,382,423,99,762,1581,6938,6664,81,1651,673,54,38,207,229
0,0,0,2,0,0,2,0,0,0,0,0,0,3,0,2,0,0,0,0,0,1,1,1,0,0,3,44,0,0,0,1,0,2,2,1,1,0,3,50,0,0,1,9,0,1,3,1,0,0,69,78,52,45,14,38,1,3,4,29,23,25,10,7,158,64,43,3,14,10,10,1656,11,54,4,19,243,31358,3836,0,21,18,431,12,16,3606,6,32,7,3,44,7218,270,12061,706,35,44,1040,84,16
7,21,14,44,3,3,42,0,0,16,0,0,0,20,10,25,0,0,7,0,5,14,0,3,1,0,0,0,1,19,3,0,0,0,34,22,58,0,38,0,11,11,19,0,1,0,0,23,1,3,1033,948,960,524,333,593,21,12,8,53,152,51,13,35,6877,2319,740,9,69,40,33,1781,15,33,58,185,22,3836,54812,12,123,213,11420,386,259,410,18,465,284,34,215,285,238,1008,325,266,14150,7831,619,188
0,0,0,0,0,0,1,0,1,9,3,1,0,2,2,2,0,0,17,2,2,3,0,3,0,0,0,0,1,0,5,0,0,0,3,7,39,0,10,0,1,3,6,0,0,0,0,0,0,1,0,2,56,2,0,5,301,242,2009,182,47,70,281,915,50,156,3459,3691,1210,130,1462,145,12,47,6114,49,20,0,12,6447,57,887,24,2291,309,17,13,30,666,39,15,1,77,10,172,5,9,4,18,35
0,0,0,0,1,0,3,1,0,1,0,0,0,1,0,2,0,0,1,0,0,2,2,0,9,0,13,1,0,1,0,6,1,6,0,0,2,1,2,13,0,1,0,59,0,1,11,1,0,0,1,11,47,4,6,8,13,45,46,58,236,35,36,54,107,767,131,37,54,111,138,422,19,158,59,4854,314,21,123,57,7893,1760,370,417,2444,1898,3,30,176,658,29,126,6037,71,4494,20,18,63,330,310
1,3,0,5,0,0,4,24,121,3,3,20,6,2,0,5,0,0,6,101,5,17,2,9,124,1,128,0,0,2,2,9,33,1,4,9,62,33,4,4,0,1,8,27,36,0,12,1,0,1,6,10,236,3,15,35,982,713,895,3096,277,569,4574,4484,382,2490,1284,960,1129,7668,1366,3935,168,7089,552,1082,1642,18,213,887,1760,25831,758,2725,18371,357,59,195,683,4225,133,24,5317,102,2943,57,46,87,492,595
11,21,20,54,2,13,60,2,4,32,4,1,0,32,17,24,0,1,26,0,10,30,0,8,2,0,0,0,1,17,5,0,0,0,41,37,89,1,65,0,11,19,29,1,1,0,1,37,4,2,358,936,1173,459,132,807,74,19,21,139,369,62,58,88,7693,9663,1170,32,236,68,133,925,34,59,297,463,111,431,11420,24,370,758,24277,1260,642,279,17,665,1771,81,344,83,345,199,485,224,685,3799,9440,2347
2,15,13,27,0,3,39,1,3,23,3,1,0,23,5,16,0,0,25,3,7,6,0,4,10,0,4,0,1,16,5,0,1,0,28,26,86,1,31,0,7,8,12,0,0,0,5,22,2,2,11,28,741,6,30,59,781,268,160,216,782,327,434,1096,1022,5876,9775,1076,398,584,1156,596,29,147,3946,579,129,12,386,2291,417,2725,1260,14476,2124,207,23,287,6323,285,201,8,511,41,762,114,112,228,1049,596
0,4,3,6,0,1,5,8,70,4,2,13,2,6,0,2,0,0,7,92,1,21,13,10,332,8,256,0,0,2,3,9,55,7,8,11,23,72,5,1,2,1,8,50,103,3,41,4,0,1,8,28,469,7,21,80,166,972,949,896,120,54,299,187,597,1867,1510,99,1027,5542,92,469,43,1296,86,6495,1100,16,259,309,2444,18371,642,2124,11622,595,30,205,229,10256,165,18,4954,38,1236,153,97,66,286,179
0,0,0,0,0,0,0,0,1,0,0,1,0,0,0,0,0,0,0,0,0,2,0,1,3,2,9,5,0,0,1,7,0,45,1,0,3,1,1,152,1,0,0,77,0,14,36,1,0,0,15,31,30,11,13,9,3,17,34,37,120,36,11,18,90,360,60,12,32,37,59,792,12,82,28,4975,237,3606,410,17,1898,357,279,207,595,16348,6,17,78,196,32,1980,10595,4049,1591,12,8,194,199,164
1,1,2,2,0,2,7,5,56,5,5,3,2,1,1,10,2,1,29,2,10,7,0,50,5,1,3,0,0,4,4,0,2,2,5,35,46,2,16,3,2,2,9,1,1,0,0,5,0,1,1,0,16,1,145,12,105,121,38,4770,173,81,27,73,16,21,187,36,1455,292,132,90,5140,1093,63,15,382,6,18,13,3,59,17,23,30,6,3798,3203,57,11,8613,145,122,2,16,1103,60,25,60,76
31,110,106,183,13,82,308,8,18,141,6,6,0,110,48,122,2,0,89,4,35,99,1,14,4,0,7,2,14,67,29,4,2,2,152,128,647,4,176,2,45,52,92,3,11,2,2,353,10,23,196,522,872,963,3708,3325,44,22,21,384,1575,208,46,42,1206,369,4675,53,4939,186,379,467,4592,1019,516,59,423,32,465,30,30,195,665,287,205,17,3203,13308,428,99,13768,145,380,25,81,4875,477,429,931,602
3,2,2,9,0,3,5,2,3,27,5,0,0,14,4,20,1,0,33,2,22,20,0,3,1,0,2,0,3,14,14,0,1,0,8,39,221,0,34,0,13,15,24,0,2,1,1,11,1,4,1,13,106,5,15,24,44,15,28,101,377,99,139,148,252,11512,1149,119,387,36,627,298,29,52,2108,128,99,7,284,666,176,683,1771,6323,229,78,57,428,9917,42,439,13,227,28,324,116,25,158,1693,3775
0,1,0,0,0,0,2,2,15,3,0,8,2,2,0,1,0,1,3,31,4,14,15,1,152,4,141,0,0,3,3,14,31,2,2,4,5,45,3,1,0,4,8,58,72,0,42,0,0,2,3,4,121,1,14,31,6,147,152,479,112,73,177,74,109,233,270,30,340,5150,92,987,36,901,25,8071,762,3,34,39,658,4225,81,285,10256,196,11,99,42,21799,93,10,10543,49,1425,48,26,25,78,66
26,72,32,119,17,33,151,1,13,107,9,3,2,114,36,59,2,0,48,8,19,89,0,8,3,0,3,1,8,56,12,2,1,2,126,77,460,2,140,12,45,47,68,7,7,1,1,146,8,15,59,133,180,1737,2683,1105,35,5,6,238,1518,148,13,14,450,165,1566,16,1291,81,214,315,3142,2395,408,47,1581,44,215,15,29,133,344,201,165,32,8613,13768,439,93,26741,833,666,9,57,16233,546,262,622,408
0,0,1,1,0,1,3,0,0,3,0,1,0,0,1,4,0,0,0,0,0,11,2,0,11,21,76,325,1,0,0,39,3,342,2,0,2,3,1,1955,0,1,0,659,1,102,242,2,0,0,15,18,10,13,104,4,0,2,4,104,26,14,9,3,36,16,26,1,64,8,20,358,252,892,14,51,6938,7218,285,1,126,24,83,8,18,1980,145,145,13,10,833,20653,4624,1890,438,417,40,121,43,27
1,1,0,3,0,2,5,6,22,13,3,31,6,4,2,6,0,0,1,40,10,51,47,11,266,71,368,40,2,5,3,241,67,194,4,3,14,58,7,459,5,5,15,1072,105,32,357,10,0,8,17,33,155,14,65,54,22,217,153,973,830,342,361,173,200,748,375,108,594,782,559,4518,399,2495,172,8202,6664,270,238,77,6037,5317,345,511,4954,10595,122,380,227,10543,666,4624,34333,807,7106,311,50,187,578,611
0,1,0,0,0,0,0,0,1,0,1,0,0,0,0,3,0,0,1,1,0,0,0,0,2,0,3,1,0,1,0,0,0,3,1,2,4,0,1,9,0,1,1,2,0,0,4,1,0,0,28,49,20,33,12,18,5,37,34,121,149,308,146,72,82,81,33,25,29,57,135,6490,6,97,32,36,81,12061,1008,10,71,102,199,41,38,4049,2,25,28,49,9,1890,807,17524,3738,8,19,450,98,65
0,0,1,2,0,0,1,1,5,0,1,5,1,0,0,5,0,0,3,3,1,4,1,2,18,4,34,0,0,0,2,11,7,6,1,3,10,9,6,13,0,1,1,30,7,0,11,3,0,1,19,33,48,10,4,22,33,113,165,444,487,375,525,378,140,1070,250,223,244,418,670,7516,105,881,258,614,1651,706,325,172,4494,2943,485,762,1236,1591,16,81,324,1425,57,438,7106,3738,8024,34,26,196,493,609
18,109,126,192,17,155,407,1,1,25,3,0,1,62,31,52,0,0,5,0,3,21,0,1,1,0,3,0,6,20,5,1,0,0,100,22,103,1,56,8,19,15,21,3,8,0,1,473,10,3,264,321,364,1219,10000,2390,14,2,5,47,625,28,6,5,673,133,1353,8,100,37,47,191,314,722,87,60,673,35,266,5,20,57,224,114,153,12,1103,4875,116,48,16233,417,311,8,34,18170,1504,114,353,166
12,32,24,46,6,16,63,0,2,7,0,1,0,13,13,10,0,0,1,0,0,4,0,0,3,0,0,0,2,12,2,0,0,0,36,4,17,0,15,0,5,3,6,0,1,0,0,47,2,0,11025,1794,1688,1205,7206,1093,19,7,4,9,113,5,1,7,9493,472,784,2,21,18,13,77,27,74,17,37,54,44,14150,9,18,46,685,112,97,8,60,477,25,26,546,40,50,19,26,1504,37376,98,114,27
7,2,7,15,5,4,21,1,1,32,2,3,0,13,7,19,0,0,19,0,7,21,0,5,2,0,1,0,3,12,8,0,1,0,24,29,108,0,50,0,15,10,23,0,0,0,0,19,0,5,185,526,352,236,76,331,8,10,12,54,9342,96,12,9,649,507,756,4,184,15,92,3953,19,34,38,65,38,1040,7831,4,63,87,3799,228,66,194,25,429,158,25,262,121,187,450,196,114,98,40884,6171,345
7,12,13,38,2,3,44,3,11,58,8,5,0,46,19,42,1,0,56,4,20,39,2,8,2,0,3,0,3,38,11,0,2,1,46,74,263,0,91,0,19,25,46,4,3,0,0,25,4,8,81,428,735,133,100,523,19,6,17,156,8772,193,70,45,966,3694,1662,21,461,42,623,1255,57,101,457,252,207,84,619,18,330,492,9440,1049,286,199,60,931,1693,78,622,43,578,98,493,353,114,6171,23635,9617
5,3,4,14,0,4,18,0,4,50,6,3,0,20,9,29,1,1,71,0,9,50,0,5,2,0,1,0,1,22,15,0,0,0,21,62,297,0,55,0,18,21,30,4,0,1,2,8,0,9,7,12,124,9,33,69,14,7,32,218,4357,361,165,85,246,7236,1007,61,682,31,3137,639,82,101,651,209,229,16,188,35,310,595,2347,596,179,164,76,602,3775,66,408,27,611,65,609,166,27,345,9617,11810
