14704,4316,6726,2546,6504,921,398,0,0,14,0,1,0,5643,89,23,0,0,1,5,1,583,10,1,0,8,2,75,689,492,5,13,8,28,25,0,3,1,8,14,794,60,11,9,8,31,41,22,1193,1,1,2,0,59,6,14,0,0,0,0,0,0,0,0,2,0,3,0,0,0,0,0,0,0,0,0,0,0,0,0,0,0,0,0,0,0,3,5,0,0,2,1,0,0,0,3,0,0,0,0
4316,22366,5597,11801,1518,590,838,1,3,81,1,2,1,4798,1076,82,0,1,0,7,2,654,8,0,4,7,2,38,375,667,11,19,7,16,51,2,10,1,26,9,717,162,40,7,11,15,27,102,357,12,2,9,8,27,33,41,0,0,0,0,1,0,0,0,3,1,10,0,2,0,0,2,0,0,0,0,0,0,3,0,0,0,1,3,0,0,5,15,0,1,6,0,1,0,0,38,3,0,1,0
6726,5597,30817,6359,6436,4684,7669,3,0,140,6,3,1,814,72,95,0,1,2,11,2,912,14,1,2,9,5,88,564,584,8,16,16,23,121,6,14,1,58,17,1045,228,41,20,8,29,52,237,397,14,206,577,39,1222,163,198,0,0,0,0,1,0,0,0,27,5,11,0,2,1,0,11,1,1,0,1,0,4,17,0,1,1,16,2,0,1,2,74,1,0,24,3,1,2,0,104,44,11,14,3
2546,11801,6359,35900,3161,2879,14672,37,65,363,33,19,18,8230,5739,8737,4,23,32,239,13,884,57,25,69,72,29,90,828,1697,430,61,50,89,1387,104,172,66,311,16,1208,424,2369,58,191,25,58,832,1212,68,39,109,119,179,386,340,0,3,1,4,14,0,0,0,34,22,115,0,11,9,0,15,1,12,1,0,8,1,13,6,0,3,17,15,8,0,70,241,7,8,107,0,1,2,0,271,39,9,16,7
6504,1518,6436,3161,12667,15907,2662,0,1,18,0,2,0,2974,268,64,0,0,1,7,0,316,4,2,5,5,15,49,697,258,2,9,2,15,141,1,20,4,208,9,451,24,13,15,8,17,34,862,3329,4,4,8,7,789,39,52,0,0,1,0,1,0,0,0,4,1,5,0,0,0,0,1,0,1,0,1,0,0,0,0,0,1,0,0,0,1,9,16,0,0,8,0,0,0,0,24,7,0,0,0
921,590,4684,2879,15907,26987,23199,0,23,18,2,2,0,957,282,79,0,0,2,4,0,221,12,13,38,7,128,25,213,121,8,9,4,18,801,6,107,8,1842,54,242,33,24,70,9,9,22,6143,3091,5,16,21,9,1685,139,243,0,0,1,0,2,0,0,0,6,2,15,0,1,1,0,2,1,1,0,0,1,0,2,0,0,0,1,3,0,0,22,27,1,0,11,0,0,0,0,64,8,1,3,0
398,838,7669,14672,2662,23199,13484,4,27,87,11,3,2,946,322,2483,1,3,6,47,3,238,7,7,30,10,16,15,155,252,84,6,8,10,2189,107,95,10,918,1,254,72,178,11,23,5,10,1807,371,9,45,138,69,1206,459,1533,1,1,0,2,11,0,1,0,33,17,53,1,8,7,0,26,2,7,1,0,3,0,17,2,0,1,13,9,2,0,42,184,2,1,64,0,1,0,0,215,46,8,31,4
0,1,3,37,0,0,4,32342,7293,70,2220,777,8562,112,88,797,1262,8514,1229,9591,304,2670,344,91,342,173,102,24,7,75,875,138,1008,127,11,74,974,373,13,14,29,57,478,85,1188,29,65,3,2,62,0,1,4,0,0,0,87,77,25,417,6,2,10,14,3,4,35,16,43,148,11,7,30,51,6,2,24,0,1,14,0,22,2,8,15,2,292,27,20,13,2,0,9,2,2,1,1,1,4,8
0,3,0,65,1,23,27,7293,64578,121,1095,993,1597,24,23,492,484,507,10710,5281,302,1745,301,6052,8880,50,7138,28,7,26,126,116,613,42,330,3738,12337,125,1097,42,28,61,172,515,136,24,74,150,23,31,0,0,22,0,3,2,249,319,210,1931,20,9,36,43,8,15,123,107,161,766,32,31,154,545,27,13,444,0,2,45,9,145,10,39,98,5,1825,84,54,68,19,0,72,0,4,1,1,3,17,13
14,81,140,363,18,18,87,70,121,45836,4731,4414,228,204,261,1595,107,47,345,254,2743,4393,836,17,78,123,69,189,43,163,1012,474,490,68,157,405,129,43,168,10,9953,7695,2441,212,165,183,501,15,9,4314,0,1,6,6,3,3,0,1,3,13,3,0,1,0,1,4,77,3,26,8,5,6,7,14,2,2,15,0,1,6,3,1,3,18,8,2,98,51,11,9,19,2,10,0,1,8,0,2,3,3
0,1,6,33,0,2,11,2220,1095,4731,6780,9618,1433,63,66,1167,495,500,859,807,1369,5458,1509,20,129,37,58,99,6,69,563,73,342,40,41,182,48,79,62,14,117,216,832,91,84,89,118,9,5,174,0,0,0,0,1,1,0,5,4,22,2,0,1,1,1,3,26,1,12,11,0,1,3,9,1,0,9,0,0,1,0,4,0,1,0,0,26,16,2,2,7,0,8,0,1,1,0,0,3,3
1,2,3,19,2,2,3,777,993,4414,9618,27287,9216,57,40,236,4699,707,403,1202,6565,1829,6572,46,581,89,186,134,5,151,499,311,6724,46,65,220,106,213,61,23,154,497,731,198,294,174,502,4,0,393,0,3,2,0,1,0,7,2,14,35,1,2,5,1,1,2,28,11,29,48,1,1,6,46,3,3,33,0,0,10,3,5,2,5,13,2,110,12,7,14,3,0,14,0,1,0,0,0,1,2
0,1,1,18,0,0,2,8562,1597,228,1433,9216,25233,271,246,257,6068,1606,154,1540,1000,761,571,10,287,56,75,30,22,251,856,286,5529,45,7,43,352,72,10,6,93,283,861,92,390,30,173,3,2,327,0,0,1,0,1,1,40,29,4,135,0,0,2,2,0,1,16,2,9,98,1,0,13,43,0,2,20,0,0,1,3,27,2,2,2,0,60,10,1,8,2,0,9,0,0,0,0,0,2,1
5643,4798,814,8230,2974,957,946,112,24,204,63,57,271,61901,15136,997,32,58,28,715,55,542,67,6,51,126,41,220,4705,15020,539,248,428,163,174,28,97,53,93,28,1718,937,3212,71,767,43,113,215,10422,1249,6,16,20,53,42,72,2,1,1,11,7,0,0,0,14,7,50,2,7,12,0,4,2,36,1,1,12,1,0,2,2,7,5,2,4,0,36,83,4,11,35,1,14,1,1,58,7,0,7,1
89,1076,72,5739,268,282,322,88,23,261,66,40,246,15136,15075,1040,30,53,19,427,43,478,30,2,32,67,9,52,492,2184,665,103,289,55,120,28,46,55,50,17,652,721,6608,28,411,19,49,97,462,4426,0,6,10,9,31,28,2,0,1,4,1,1,1,0,2,4,26,0,6,9,0,0,0,5,0,2,5,0,1,0,0,9,3,11,5,0,22,41,3,6,17,0,1,0,0,36,3,0,0,1
23,82,95,8737,64,79,2483,797,492,1595,1167,236,257,997,1040,24126,204,1049,2235,1478,410,942,97,96,223,163,110,38,133,558,7750,85,226,145,3227,1889,555,302,1313,25,451,308,8266,113,565,18,45,314,105,181,6,26,53,37,74,91,4,4,14,41,21,3,6,1,19,33,422,2,104,34,17,24,20,33,8,1,14,1,4,23,0,12,20,93,7,2,295,377,50,16,138,3,17,1,0,81,11,8,31,15
0,0,0,4,0,0,1,1262,484,107,495,4699,6068,32,30,204,5715,3431,113,154,3036,360,340,29,34,18,20,9,4,38,1795,95,1037,10,2,25,23,20,4,2,12,44,465,24,94,14,104,0,1,53,0,0,0,0,0,0,0,3,7,22,0,0,1,0,0,1,8,3,11,5,3,1,6,4,2,0,3,0,0,2,0,0,1,2,1,0,46,2,2,0,3,1,4,0,0,0,0,0,0,0
0,1,1,23,0,0,3,8514,507,47,500,707,1606,58,53,1049,3431,3912,712,364,871,622,168,36,24,20,18,14,6,32,4567,76,534,16,1,23,39,28,23,2,19,21,877,16,157,6,54,0,1,26,0,1,0,0,1,0,3,3,17,42,5,1,0,1,0,4,17,11,18,11,5,0,10,3,10,0,1,0,0,9,1,3,0,9,1,0,68,15,20,1,4,0,5,0,0,0,0,0,3,5
1,0,2,32,1,2,6,1229,10710,345,859,403,154,28,19,2235,113,712,8324,1892,340,708,91,1120,617,50,159,4,6,13,537,35,123,35,68,4290,940,160,244,7,26,52,408,82,154,6,19,4,0,38,0,0,6,0,3,2,10,18,63,151,24,10,5,6,6,25,284,28,204,24,28,10,69,24,27,1,8,0,3,66,0,9,8,100,10,1,452,186,113,7,45,0,10,1,1,5,1,1,22,26
5,7,11,239,7,4,47,9591,5281,254,807,1202,1540,715,427,1478,154,364,1892,23554,111,1246,1182,70,2908,548,873,119,62,679,758,1008,8104,378,147,434,423,6020,142,35,234,412,1107,1125,3988,59,326,27,10,444,0,0,23,0,3,6,123,30,6,437,7,1,122,34,27,35,61,5,39,923,5,48,26,1074,5,17,317,0,2,5,18,283,22,16,243,7,52,38,9,135,9,4,134,5,17,5,0,3,19,12
1,2,2,13,0,0,3,304,302,2743,1369,6565,1000,55,43,410,3036,871,340,111,7243,505,518,39,37,25,16,25,8,114,1288,128,582,9,44,242,111,29,77,3,214,599,2650,48,65,31,136,1,0,1269,0,0,0,0,1,0,3,0,12,25,8,0,1,0,1,6,45,8,45,7,5,3,22,8,1,1,5,0,1,10,0,3,2,18,3,0,126,27,16,2,12,0,4,0,1,1,0,0,4,4
583,654,912,884,316,221,238,2670,1745,4393,5458,1829,761,542,478,942,360,622,708,1246,505,18898,4283,47,544,674,630,2464,2210,544,515,1301,557,1001,116,223,90,616,131,384,19952,1575,981,2384,630,4721,2730,51,31,513,2,5,11,18,12,28,3,1,2,20,4,0,8,0,3,10,38,0,11,45,0,7,6,57,1,23,59,0,0,1,23,20,1,5,20,19,43,57,3,41,19,22,101,2,11,14,0,0,6,5
10,8,14,57,4,12,7,344,301,836,1509,6572,571,67,30,97,340,168,91,1182,518,4283,17719,42,1015,1189,1274,834,57,139,132,2013,6659,712,19,74,50,1255,90,227,259,320,253,3717,1201,3487,11509,56,3,196,0,0,0,0,1,3,4,0,1,10,0,1,4,3,1,4,5,0,3,45,3,10,1,126,2,30,106,0,3,2,16,46,2,3,60,11,12,7,0,107,1,13,139,0,13,2,0,1,4,2
1,0,1,25,2,13,7,91,6052,17,20,46,10,6,2,96,29,36,1120,70,39,47,42,6249,879,22,1637,13,2,6,17,46,41,33,385,6197,3516,35,4527,137,7,3,37,398,25,5,27,134,9,4,0,1,1,0,0,0,3,9,30,74,3,0,5,2,2,3,22,18,39,18,7,2,23,35,4,1,26,0,0,6,2,5,5,12,15,1,279,22,8,9,3,4,14,0,0,2,1,0,3,3
0,4,2,69,5,38,30,342,8880,78,129,581,287,51,32,223,34,24,617,2908,37,544,1015,879,10160,221,10815,37,13,128,53,505,1756,126,223,1272,701,1292,677,54,60,113,87,2493,543,44,271,299,30,87,1,3,36,0,5,16,105,32,12,467,10,3,99,19,39,58,54,3,31,1232,10,70,42,2067,3,47,887,1,8,6,35,439,25,22,510,25,65,24,17,436,6,5,410,8,28,4,3,5,26,10
8,7,9,72,5,7,10,173,50,123,37,89,56,126,67,163,18,20,50,548,25,674,1189,22,221,14120,1000,56,25,124,117,10058,340,6667,15,30,27,4600,121,214,99,102,171,11715,5480,94,1325,91,3,54,0,0,5,0,1,0,1,1,2,11,5,1,21,0,4,13,7,3,1,12,5,72,6,109,2,249,431,8,2,0,223,136,2,3,121,50,7,7,5,423,5,38,869,8,118,2,1,0,15,8
2,2,5,29,15,128,16,102,7138,69,58,186,75,41,9,110,20,18,159,873,16,630,1274,1637,10815,1000,23268,704,19,53,28,1290,759,849,314,707,2140,945,4064,7482,39,57,59,16537,1107,77,713,1494,94,20,0,1,9,0,4,3,12,3,3,60,3,1,20,5,6,10,11,1,9,119,1,52,16,405,1,96,530,6,2,1,43,142,2,3,188,32,29,14,3,439,5,115,444,2,37,3,0,0,11,3
75,38,88,90,49,25,15,24,28,189,99,134,30,220,52,38,9,14,4,119,25,2464,834,13,37,56,704,46472,3343,234,13,418,179,11319,18,16,302,79,363,12519,1708,106,38,483,148,26618,8572,201,28,42,0,0,0,3,2,1,0,0,0,2,2,0,0,0,0,0,1,0,0,0,0,1,0,6,0,12,12,23,1,0,11,2,0,1,3,62,3,1,0,4,2,464,49,7,8,1,0,0,1,0
689,375,564,828,697,213,155,7,7,43,6,5,22,4705,492,133,4,6,6,62,8,2210,57,2,13,25,19,3343,108344,10321,34,75,52,213,60,10,21,7,49,148,30606,138,168,45,73,1179,324,101,8926,34,1,4,6,11,20,16,0,0,0,0,1,0,0,0,2,2,5,0,0,3,0,0,0,4,0,0,2,0,0,0,2,0,1,0,1,0,2,20,0,0,7,2,0,0,0,14,3,0,1,0
492,667,584,1697,258,121,252,75,26,163,69,151,251,15020,2184,558,38,32,13,679,114,544,139,6,128,124,53,234,10321,27417,383,572,886,144,90,40,44,68,59,39,9793,7990,2345,98,793,64,225,51,1571,1410,3,7,18,14,23,40,3,2,1,6,4,1,1,0,3,6,33,1,4,28,0,3,0,30,0,2,8,0,0,0,0,11,4,5,9,2,21,56,2,16,14,0,13,0,1,28,4,0,5,2
5,11,8,430,2,8,84,875,126,1012,563,499,856,539,665,7750,1795,4567,537,758,1288,515,132,17,53,117,28,13,34,383,9515,100,514,80,305,155,127,152,113,12,208,365,11344,43,564,3,59,22,16,541,1,2,8,2,6,11,3,3,7,20,5,0,0,0,3,7,91,4,47,13,7,6,9,18,8,2,5,0,2,3,1,7,1,33,7,1,74,58,12,8,21,0,8,1,1,6,0,0,3,8
13,19,16,61,9,9,6,138,116,474,73,311,286,248,103,85,95,76,35,1008,128,1301,2013,46,505,10058,1290,418,75,572,100,42529,5596,7626,16,56,67,1188,127,697,440,710,262,6048,7962,445,18396,111,9,392,0,0,3,0,0,2,1,4,0,9,2,1,6,0,5,2,4,0,4,28,5,57,4,100,1,278,234,8,1,1,224,80,4,1,95,121,3,5,4,236,3,188,861,6,87,2,0,1,7,3
8,7,16,50,2,4,8,1008,613,490,342,6724,5529,428,289,226,1037,534,123,8104,582,557,6659,41,1756,340,759,179,52,886,514,5596,20443,261,25,89,122,1148,45,31,380,1123,865,678,8417,95,1763,18,10,1052,0,0,4,0,1,2,33,7,4,86,3,0,15,6,6,6,13,1,7,213,0,14,6,266,0,8,124,0,0,3,6,77,3,2,71,4,17,9,2,77,6,2,80,0,6,3,0,1,6,4
28,16,23,89,15,18,10,127,42,68,40,46,45,163,55,145,10,16,35,378,9,1001,712,33,126,6667,849,11319,213,144,80,7626,261,39276,25,31,104,652,206,9624,425,101,157,6545,1434,3825,22580,128,9,47,0,0,0,0,0,0,0,2,0,5,5,3,3,1,0,5,3,1,0,14,2,42,2,52,0,236,137,52,0,0,241,30,1,0,23,528,2,1,3,49,3,956,843,92,106,2,0,0,4,0
25,51,121,1387,141,801,2189,11,330,157,41,65,7,174,120,3227,2,1,68,147,44,116,19,385,223,15,314,18,60,90,305,16,25,25,3204,1761,1136,39,7619,62,67,51,456,128,20,8,11,2944,214,30,14,52,63,41,127,144,1,4,9,28,20,0,2,2,26,43,280,2,38,16,6,14,10,12,2,0,8,3,11,8,1,9,30,53,6,0,298,332,27,2,137,4,5,0,0,137,21,10,21,7
0,2,6,104,1,6,107,74,3738,405,182,220,43,28,28,1889,25,23,4290,434,242,223,74,6197,1272,30,707,16,10,40,155,56,89,31,1761,8673,2502,89,5578,57,51,95,510,230,46,1,23,87,3,105,1,3,16,1,7,9,13,16,54,154,35,7,3,4,6,38,489,21,238,33,42,18,57,59,18,0,26,0,4,47,1,12,17,134,20,0,760,335,127,12,108,1,20,2,0,15,1,1,38,34
3,10,14,172,20,107,95,974,12337,129,48,106,352,97,46,555,23,39,940,423,111,90,50,3516,701,27,2140,302,21,44,127,67,122,104,1136,2502,4072,29,10092,650,52,63,334,349,25,12,44,1272,54,50,0,3,4,4,5,9,25,38,27,217,9,1,6,0,5,1,59,11,37,31,7,2,15,19,1,1,12,0,0,6,0,10,1,14,2,3,329,55,14,7,33,19,3,0,0,21,4,0,7,8
1,1,1,66,4,8,10,373,125,43,79,213,72,53,55,302,20,28,160,6020,29,616,1255,35,1292,4600,945,79,7,68,152,1188,1148,652,39,89,29,20984,85,41,42,56,173,9845,4118,64,535,54,5,36,1,1,14,0,2,2,2,2,3,39,1,3,17,7,14,11,13,4,7,135,4,44,20,491,1,62,326,0,2,3,36,172,2,6,238,13,8,16,3,319,7,4,273,2,21,3,2,4,10,4
8,26,58,311,208,1842,918,13,1097,168,62,61,10,93,50,1313,4,23,244,142,77,131,90,4527,677,121,4064,363,49,59,113,127,45,206,7619,5578,10092,85,34495,1223,69,41,271,1379,61,25,77,8782,226,47,2,17,65,30,85,76,2,5,30,33,46,6,4,1,19,66,632,11,149,22,7,35,30,29,19,5,20,3,10,29,5,13,27,97,8,3,986,453,49,9,196,14,26,2,2,97,9,5,45,19
14,9,17,16,9,54,1,14,42,10,14,23,6,28,17,25,2,2,7,35,3,384,227,137,54,214,7482,12519,148,39,12,697,31,9624,62,57,650,41,1223,50315,134,12,15,16942,102,1451,1703,641,31,8,0,0,0,0,2,1,0,1,0,3,1,3,0,1,0,0,2,0,2,1,0,37,0,19,0,146,150,217,3,0,134,11,1,1,4,785,10,0,1,27,4,3829,637,148,96,4,0,1,5,0
794,717,1045,1208,451,242,254,29,28,9953,117,154,93,1718,652,451,12,19,26,234,214,19952,259,7,60,99,39,1708,30606,9793,208,440,380,425,67,51,52,42,69,134,81676,9797,792,254,266,618,811,52,466,1089,2,3,4,19,21,26,0,1,0,7,2,0,0,0,9,3,20,0,2,8,0,7,1,13,0,2,9,0,0,3,3,4,1,4,9,2,16,40,3,9,13,6,10,2,0,20,3,1,1,0
60,162,228,424,24,33,72,57,61,7695,216,497,283,937,721,308,44,21,52,412,599,1575,320,3,113,102,57,106,138,7990,365,710,1123,101,51,95,63,56,41,12,9797,24480,2776,176,390,56,364,26,16,9819,2,3,3,1,2,3,2,1,2,6,2,0,1,0,1,7,25,1,11,21,3,1,0,16,0,2,14,0,0,1,1,5,1,3,5,0,27,17,2,5,8,2,16,0,0,8,1,0,0,0
11,40,41,2369,13,24,178,478,172,2441,832,731,861,3212,6608,8266,465,877,408,1107,2650,981,253,37,87,171,59,38,168,2345,11344,262,865,157,456,510,334,173,271,15,792,2776,28026,100,847,18,131,74,55,10571,2,9,15,11,12,19,0,0,8,31,13,1,4,2,0,16,220,3,73,17,2,10,16,35,4,5,19,0,6,16,0,14,7,38,10,0,173,132,28,14,55,1,10,0,1,18,4,3,8,8
9,7,20,58,15,70,11,85,515,212,91,198,92,71,28,113,24,16,82,1125,48,2384,3717,398,2493,11715,16537,483,45,98,43,6048,678,6545,128,230,349,9845,1379,16942,254,176,100,76618,897,523,3235,998,51,75,0,0,5,0,2,3,2,5,2,34,9,5,28,7,7,23,14,5,10,59,5,155,19,369,1,617,1063,14,1,6,559,263,12,9,252,198,16,5,7,880,11,329,2173,22,234,4,0,2,26,8
8,11,8,191,8,9,23,1188,136,165,84,294,390,767,411,565,94,157,154,3988,65,630,1201,25,543,5480,1107,148,73,793,564,7962,8417,1434,20,46,25,4118,61,102,266,390,847,897,12671,62,554,35,15,380,1,1,15,1,3,3,4,3,0,37,4,2,27,5,11,14,13,1,6,215,1,40,10,524,2,57,316,1,3,4,30,219,2,5,250,12,6,9,5,352,3,9,291,1,19,2,0,0,8,1
31,15,29,25,17,9,5,29,24,183,89,174,30,43,19,18,14,6,6,59,31,4721,3487,5,44,94,77,26618,1179,64,3,445,95,3825,8,1,12,64,25,1451,618,56,18,523,62,13415,11999,16,2,26,0,0,0,0,0,0,1,0,0,0,0,0,0,0,0,1,1,0,0,3,0,3,0,4,0,11,13,10,0,0,8,2,1,0,1,51,1,0,0,11,0,99,41,5,12,1,0,0,1,0
41,27,52,58,34,22,10,65,74,501,118,502,173,113,49,45,104,54,19,326,136,2730,11509,27,271,1325,713,8572,324,225,59,18396,1763,22580,11,23,44,535,77,1703,811,364,131,3235,554,11999,47071,56,10,186,0,0,1,1,0,0,0,0,0,5,2,2,1,0,4,1,5,1,0,11,0,20,1,57,1,142,122,30,1,0,139,28,0,2,36,249,4,1,2,88,0,389,492,30,49,1,0,0,5,2
22,102,237,832,862,6143,1807,3,150,15,9,4,3,215,97,314,0,0,4,27,1,51,56,134,299,91,1494,201,101,51,22,111,18,128,2944,87,1272,54,8782,641,52,26,74,998,35,16,56,8134,1076,2,18,53,48,70,196,175,0,1,2,4,9,1,0,1,13,5,62,1,7,2,1,4,2,4,0,3,8,1,6,1,3,3,4,5,5,1,85,112,4,4,41,13,13,1,1,165,17,9,8,2
1193,357,397,1212,3329,3091,371,2,23,9,5,0,2,10422,462,105,1,1,0,10,0,31,3,9,30,3,94,28,8926,1571,16,9,10,9,214,3,54,5,226,31,466,16,55,51,15,2,10,1076,17306,5,4,2,10,18,40,20,0,0,0,1,2,0,0,0,4,2,9,1,1,0,0,0,1,0,0,0,0,0,2,0,0,1,0,0,0,0,10,10,0,0,6,0,0,0,0,21,6,0,1,0
1,12,14,68,4,5,9,62,31,4314,174,393,327,1249,4426,181,53,26,38,444,1269,513,196,4,87,54,20,42,34,1410,541,392,1052,47,30,105,50,36,47,8,1089,9819,10571,75,380,26,186,2,5,12867,0,0,0,1,0,1,1,1,1,7,2,0,0,0,0,2,20,0,19,17,0,1,2,10,0,2,14,0,0,0,2,5,0,5,4,1,30,9,4,7,2,0,8,0,0,1,0,0,0,0
1,2,206,39,4,16,45,0,0,0,0,0,0,6,0,6,0,0,0,0,0,2,0,0,1,0,0,0,1,3,1,0,0,0,14,1,0,1,2,0,2,2,2,0,1,0,0,18,4,0,26046,16042,1884,10224,4444,2692,0,0,0,1,48,1,0,0,6258,17,35,1,0,16,0,89,0,5,2,4,6,27,508,0,0,16,254,1,13,7,9,75,1,5,35,2,6,18,1,191,12549,144,130,11
2,9,577,109,8,21,138,1,0,1,0,3,0,16,6,26,0,1,0,0,0,5,0,1,3,0,1,0,4,7,2,0,0,0,52,3,3,1,17,0,3,3,9,0,1,0,0,53,2,0,16042,76450,11938,11974,2165,10096,1,1,0,4,245,6,3,11,13112,65,102,1,3,72,3,740,0,9,0,14,1,78,903,0,3,38,849,8,54,14,25,247,5,21,56,6,13,65,4,426,3051,699,916,15
0,8,39,119,7,9,69,4,22,6,0,2,1,20,10,53,0,0,6,23,0,11,0,1,36,5,9,0,6,18,8,3,4,0,63,16,4,14,65,0,4,3,15,5,15,0,1,48,10,0,1884,11938,32605,241,696,10608,107,68,38,83,857,30,81,115,25489,4483,6318,30,64,1430,24,827,6,129,6,152,39,92,2001,15,81,872,2416,284,1041,86,177,2741,83,414,146,9,86,60,31,487,3546,786,2152,230
59,27,1222,179,789,1685,1206,0,0,6,0,0,0,53,9,37,0,0,0,0,0,18,0,0,0,0,0,3,11,14,2,0,0,0,41,1,4,0,30,0,19,1,11,0,1,0,1,70,18,1,10224,11974,241,35375,17970,19210,1,0,1,1,85,5,1,0,318,24,20,0,2,20,0,342,1,11,1,3,2,62,536,0,4,11,524,4,10,19,23,141,2,5,1194,3,8,54,2,1842,1063,437,396,13
6,33,163,386,39,139,459,0,3,3,1,1,1,42,31,74,0,1,3,3,1,12,1,0,5,1,4,2,20,23,6,0,1,0,127,7,5,2,85,2,21,2,12,2,3,0,0,196,40,0,4444,2165,696,17970,31144,14770,5,2,1,19,99,4,3,2,967,40,164,0,8,80,5,81,12,144,0,15,119,9,170,0,7,24,108,14,25,3,199,2279,1,31,2059,14,81,5,1,8468,3526,64,169,16
14,41,198,340,52,243,1533,0,2,3,1,0,1,72,28,91,0,0,2,6,0,28,3,0,16,0,3,1,16,40,11,2,2,0,144,9,9,2,76,1,26,3,19,3,3,0,0,175,20,1,2692,10096,10608,19210,14770,28317,20,18,11,25,547,11,11,15,2577,136,1776,5,10,372,7,677,5,65,0,45,12,47,617,4,5,125,759,57,196,16,145,2675,15,93,1773,9,36,39,10,1549,1598,545,1135,80
0,0,0,0,0,0,1,87,249,0,0,7,40,2,2,4,0,3,10,123,3,3,4,3,105,1,12,0,0,3,3,1,33,0,1,13,25,2,2,0,0,2,0,2,4,1,0,0,0,1,0,1,107,1,5,20,3656,4791,399,976,17,23,312,3732,55,167,580,637,326,3928,43,157,17,134,51,26,116,4,4,296,23,2659,23,170,124,18,384,31,23,58,3,2,34,6,17,2,4,5,40,15
0,0,0,3,0,0,1,77,319,1,5,2,29,1,0,4,3,3,18,30,0,1,0,9,32,1,3,0,0,2,3,4,7,2,4,16,38,2,5,1,1,1,0,5,3,0,0,1,0,1,0,1,68,0,2,18,4791,17542,4909,5528,61,285,378,2311,22,59,944,3843,1421,3630,140,1009,34,74,53,27,43,36,3,463,70,1082,12,114,132,37,818,35,29,60,10,12,124,81,88,5,3,3,21,12
0,0,0,1,1,1,0,25,210,3,4,14,4,1,1,14,7,17,63,6,12,2,1,30,12,2,3,0,0,1,7,0,4,0,9,54,27,3,30,0,0,2,8,2,0,0,0,2,0,1,0,0,38,1,1,11,399,4909,2013,1901,167,490,225,434,5,23,617,1623,2323,435,162,908,46,24,50,8,15,12,2,1132,20,362,6,93,67,4,353,24,34,23,6,2,40,28,25,1,1,5,26,21
0,0,0,4,0,0,2,417,1931,13,22,35,135,11,4,41,22,42,151,437,25,20,10,74,467,11,60,2,0,6,20,9,86,5,28,154,217,39,33,3,7,6,31,34,37,0,5,4,1,7,1,4,83,1,19,25,976,5528,1901,58620,235,411,876,980,24,81,1052,733,7255,7061,445,1498,9856,5677,63,41,2632,36,5,71,108,1011,30,64,88,72,11162,678,110,90,138,35,333,74,109,38,2,3,60,60
0,1,1,14,1,2,11,6,20,3,2,1,0,7,1,21,0,5,24,7,8,4,0,3,10,5,3,2,1,4,5,2,3,5,20,35,9,1,46,1,2,2,13,9,4,0,2,9,2,2,48,245,857,85,99,547,17,61,167,235,34363,6257,1270,94,344,1028,2562,133,525,97,3718,5406,94,69,294,115,76,123,93,176,186,291,303,724,108,151,350,781,685,87,309,42,382,248,223,116,56,22927,16685,3242
0,0,0,0,0,0,0,2,9,0,0,2,0,0,1,3,0,1,10,1,0,0,1,0,3,1,1,0,0,1,0,1,0,3,0,7,1,3,6,3,0,0,1,5,2,0,2,1,0,0,1,6,30,5,4,11,23,285,490,411,6257,5309,5762,180,10,130,530,216,387,56,3648,7200,46,54,88,13,34,57,14,134,61,221,32,146,18,59,41,86,236,59,15,8,138,188,158,3,5,43,440,434
0,0,0,0,0,0,1,10,36,1,1,5,2,0,1,6,1,0,5,122,1,8,4,5,99,21,20,0,0,1,0,6,15,3,2,3,6,17,4,0,0,1,4,28,27,0,1,0,0,0,0,3,81,1,3,11,312,378,225,876,1270,5762,18418,5817,95,630,719,4041,204,1167,8576,10029,71,1063,504,74,326,89,28,841,292,7446,158,685,261,162,75,45,865,338,23,37,504,385,900,6,3,33,567,619
0,0,0,0,0,0,0,14,43,0,1,1,2,0,0,1,0,1,6,34,0,0,3,2,19,0,5,0,0,0,0,0,6,1,2,4,0,7,1,1,0,0,2,7,5,0,0,1,0,0,0,11,115,0,2,15,3732,2311,434,980,94,180,5817,14638,104,433,1109,6402,324,409,1290,618,31,172,319,14,79,10,6,1011,46,4446,99,585,48,32,90,30,297,35,7,1,63,48,102,7,6,16,162,111
2,3,27,34,4,6,33,3,8,1,1,1,0,14,2,19,0,0,6,27,1,3,1,2,39,4,6,0,2,3,3,5,6,0,26,6,5,14,19,0,9,1,0,7,11,0,4,13,4,0,6258,13112,25489,318,967,2577,55,22,5,24,344,10,95,104,63916,12162,811,23,18,530,36,455,7,96,4,185,28,90,9120,5,158,1141,17922,158,907,175,98,321,188,239,76,16,111,57,64,222,11138,486,1553,668
0,1,5,22,1,2,17,4,15,4,3,2,1,7,4,33,1,4,25,35,6,10,4,3,58,13,10,0,2,6,7,2,6,5,43,38,1,11,66,0,3,7,16,23,14,1,1,5,2,2,17,65,4483,24,40,136,167,59,23,81,1028,130,630,433,12162,35902,5823,147,72,1011,453,868,21,239,75,303,101,80,372,62,689,3458,4724,6274,1293,405,237,327,7309,323,159,30,236,98,422,102,114,453,6520,10732
3,10,11,115,5,15,53,35,123,77,26,28,16,50,26,422,8,17,284,61,45,38,5,22,54,7,11,1,5,33,91,4,13,3,280,489,59,13,632,2,20,25,220,14,13,1,5,62,9,20,35,102,6318,20,164,1776,580,944,617,1052,2562,530,719,1109,811,5823,30784,1218,3509,3084,850,1566,134,358,344,100,89,27,141,2868,141,1792,648,6888,857,60,1624,4659,1223,335,822,9,142,28,106,381,97,241,1470,634
0,0,0,0,0,0,1,16,107,3,1,11,2,2,0,2,3,11,28,5,8,0,0,18,3,3,1,0,0,1,4,0,1,1,2,21,11,4,11,0,0,1,3,5,1,0,1,1,1,0,1,1,30,0,0,5,637,3843,1623,733,133,216,4041,6402,23,147,1218,12977,537,85,6431,647,31,52,1772,13,27,8,1,5441,44,1305,21,908,48,19,136,29,802,31,5,4,73,29,102,0,1,5,63,153
0,2,2,11,0,1,8,43,161,26,12,29,9,7,6,104,11,18,204,39,45,11,3,39,31,1,9,0,0,4,47,4,7,0,38,238,37,7,149,2,2,11,73,10,6,0,0,7,1,19,0,3,64,2,8,10,326,1421,2323,7255,525,387,204,324,18,72,3509,537,7520,1283,348,806,3119,648,127,22,143,5,5,2006,22,427,57,232,187,18,1418,1061,224,63,185,10,143,17,20,7,2,17,167,108
0,0,1,9,0,1,7,148,766,8,11,48,98,12,9,34,5,11,24,923,7,45,45,18,1232,12,119,0,3,28,13,28,213,14,16,33,31,135,22,1,8,21,17,59,215,3,11,2,0,17,16,72,1430,20,80,372,3928,3630,435,7061,97,56,1167,409,530,1011,3084,85,1283,18202,73,731,115,3859,30,361,841,40,90,235,245,6745,215,570,3339,173,356,738,98,5052,84,26,526,67,160,52,46,42,216,77
0,0,0,0,0,0,0,11,32,5,0,1,1,0,0,17,3,5,28,5,5,0,3,7,10,5,1,0,0,0,7,5,0,2,6,42,7,4,7,0,0,3,2,5,1,0,0,1,0,0,0,3,24,0,5,7,43,140,162,445,3718,3648,8576,1290,36,453,850,6431,348,73,15679,1874,155,79,2556,29,40,39,9,2225,96,668,80,992,60,62,197,127,3069,43,50,19,144,120,249,6,3,53,810,3945
0,2,11,15,1,2,26,7,31,6,1,1,0,4,0,24,1,0,10,48,3,7,10,2,70,72,52,1,0,3,6,57,14,42,14,18,2,44,35,37,7,1,10,155,40,3,20,4,0,1,89,740,827,342,81,677,157,1009,908,1498,5406,7200,10029,618,455,868,1566,647,806,731,1874,54003,95,961,240,540,904,3112,1953,392,3434,7354,1025,620,441,1621,168,409,574,1148,172,440,3305,12252,13097,102,48,3164,2915,729
0,0,1,1,0,1,2,30,154,7,3,6,13,2,0,20,6,10,69,26,22,6,1,23,42,6,16,0,0,0,9,4,6,2,10,57,15,20,30,0,1,0,16,19,10,0,1,2,1,2,0,0,6,1,12,5,17,34,46,9856,94,46,71,31,7,21,134,31,3119,115,155,95,8989,3288,38,26,848,3,3,31,26,138,18,28,24,7,5850,3010,73,43,1687,33,351,8,18,106,0,2,27,43
0,0,1,12,1,1,7,51,545,14,9,46,43,36,5,33,4,3,24,1074,8,57,126,35,2067,109,405,6,4,30,18,100,266,52,12,59,19,491,29,19,13,16,35,369,524,4,57,4,0,10,5,9,129,11,144,65,134,74,24,5677,69,54,1063,172,96,239,358,52,648,3859,79,961,3288,19585,24,311,16420,48,23,36,395,2885,76,92,564,188,1154,1400,69,2251,1417,568,2964,72,320,646,24,15,136,62
0,0,0,1,0,0,1,6,27,2,1,3,0,1,0,8,2,10,27,5,1,1,2,4,3,2,1,0,0,0,8,1,0,0,2,18,1,1,19,0,0,0,4,1,2,0,1,0,0,0,2,0,6,1,0,0,51,53,50,63,294,88,504,319,4,75,344,1772,127,30,2556,240,38,24,835,7,9,4,0,3308,32,358,15,627,32,15,86,37,806,14,10,2,21,14,48,1,0,2,90,509
0,0,1,0,1,0,0,2,13,2,0,3,2,1,2,1,0,0,1,17,1,23,30,1,47,249,96,12,0,2,2,278,8,236,0,0,1,62,5,146,2,2,5,617,57,11,142,3,0,2,4,14,152,3,15,45,26,27,8,41,115,13,74,14,185,303,100,13,22,361,29,540,26,311,7,21321,1188,186,50,11,11061,1432,200,63,5117,7193,60,35,40,9196,34,410,11416,69,408,37,20,25,270,95
0,0,0,8,0,1,3,24,444,15,9,33,20,12,5,14,3,1,8,317,5,59,106,26,887,431,530,12,2,8,5,234,124,137,8,26,12,326,20,150,9,14,19,1063,316,13,122,8,0,14,6,1,39,2,119,12,116,43,15,2632,76,34,326,79,28,101,89,27,143,841,40,904,848,16420,9,1188,27008,594,17,23,1083,1543,36,35,719,408,1762,336,37,1050,1104,7444,16565,87,570,740,28,7,106,43
0,0,4,1,0,0,0,0,0,0,0,0,0,1,0,1,0,0,0,0,0,0,0,0,1,8,6,23,0,0,0,8,0,52,3,0,0,0,3,217,0,0,0,14,1,10,30,1,0,0,27,78,92,62,9,47,4,36,12,36,123,57,89,10,90,80,27,8,5,40,39,3112,3,48,4,186,594,44331,2743,3,156,92,714,4,68,14857,106,17,16,85,18,15355,703,25800,686,24,10,1370,372,46
0,3,17,13,0,2,17,1,2,1,0,0,0,0,1,4,0,0,3,2,1,0,3,0,8,2,2,1,0,0,2,1,0,0,11,4,0,2,10,3,0,0,6,1,3,0,1,6,2,0,508,903,2001,536,170,617,4,3,2,5,93,14,28,6,9120,372,141,1,5,90,9,1953,3,23,0,50,17,2743,136291,4,55,186,28861,33,142,147,49,104,29,48,43,182,78,1492,65,109,8231,22271,1344,46
0,0,0,6,0,0,2,14,45,6,1,10,1,2,0,23,2,9,66,5,10,1,2,6,6,0,1,0,0,0,3,1,3,0,8,47,6,3,29,0,3,1,16,6,4,0,0,1,0,0,0,0,15,0,0,4,296,463,1132,71,176,134,841,1011,5,62,2868,5441,2006,235,2225,392,31,36,3308,11,23,3,4,5870,48,1058,12,2167,138,16,150,48,610,26,23,0,28,22,65,2,1,4,73,128
0,0,1,0,0,0,0,0,9,3,0,3,3,2,0,0,0,1,0,18,0,23,16,2,35,223,43,11,2,0,1,224,6,241,1,1,0,36,5,134,3,1,0,559,30,8,139,3,0,2,0,3,81,4,7,5,23,70,20,108,186,61,292,46,158,689,141,44,22,245,96,3434,26,395,32,11061,1083,156,55,48,17002,3959,275,140,2779,4994,34,25,186,1125,28,441,5913,694,8088,25,9,39,581,272
0,0,1,3,1,0,1,22,145,1,4,5,27,7,9,12,0,3,9,283,3,20,46,5,439,136,142,2,0,11,7,80,77,30,9,12,10,172,13,11,4,5,14,263,219,2,28,3,1,5,16,38,872,11,24,125,2659,1082,362,1011,291,221,7446,4446,1141,3458,1792,1305,427,6745,668,7354,138,2885,358,1432,1543,92,186,1058,3959,27817,1059,1562,15773,648,112,157,955,2582,65,73,2667,356,4585,31,56,124,1515,716
0,1,16,17,0,1,13,2,10,3,0,2,2,5,3,20,1,0,8,22,2,1,2,5,25,2,2,0,1,4,1,4,3,1,30,17,1,2,27,1,1,1,7,12,2,1,0,4,0,0,254,849,2416,524,108,759,23,12,6,30,303,32,158,99,17922,4724,648,21,57,215,80,1025,18,76,15,200,36,714,28861,12,275,1059,58760,183,577,291,190,316,306,139,127,62,155,452,123,118,2315,10319,21289,1165
0,3,2,15,0,3,9,8,39,18,1,5,2,2,11,93,2,9,100,16,18,5,3,12,22,3,3,1,0,5,33,1,2,0,53,134,14,6,97,1,4,3,38,9,5,0,2,5,0,5,1,8,284,4,14,57,170,114,93,64,724,146,685,585,158,6274,6888,908,232,570,992,620,28,92,627,63,35,4,33,2167,140,1562,183,7901,444,58,447,314,4584,104,201,4,76,28,131,37,15,57,576,877
0,0,0,8,0,0,2,15,98,8,0,13,2,4,5,7,1,1,10,243,3,20,60,15,510,121,188,3,1,9,7,95,71,23,6,20,2,238,8,4,9,5,10,252,250,1,36,5,0,4,13,54,1041,10,25,196,124,132,67,88,108,18,261,48,907,1293,857,48,187,3339,60,441,24,564,32,5117,719,68,142,138,2779,15773,577,444,9310,607,15,96,183,3983,18,52,1236,48,671,24,104,94,513,150
0,0,1,0,1,0,0,2,5,2,0,2,0,0,0,2,0,0,1,7,0,19,11,1,25,50,32,62,0,2,1,121,4,528,0,0,3,13,3,785,2,0,0,198,12,51,249,1,0,1,7,14,86,19,3,16,18,37,4,72,151,59,162,32,175,405,60,19,18,173,62,1621,7,188,15,7193,408,14857,147,16,4994,648,291,58,607,38278,31,21,100,575,9,4829,6456,14679,3866,13,13,131,533,178
3,5,2,70,9,22,42,292,1825,98,26,110,60,36,22,295,46,68,452,52,126,43,12,279,65,7,29,3,2,21,74,3,17,2,298,760,329,8,986,10,16,27,173,16,6,1,4,85,10,30,9,25,177,23,199,145,384,818,353,11162,350,41,75,90,98,237,1624,136,1418,356,197,168,5850,1154,86,60,1762,106,49,150,34,112,190,447,15,31,2265,4866,390,42,5742,633,625,9,30,1439,36,59,353,198
5,15,74,241,16,27,184,27,84,51,16,12,10,83,41,377,2,15,186,38,27,57,7,22,24,7,14,1,20,56,58,5,9,1,332,335,55,16,453,0,40,17,132,5,9,0,1,112,10,9,75,247,2741,141,2279,2675,31,35,24,678,781,86,45,30,321,327,4659,29,1061,738,127,409,3010,1400,37,35,336,17,104,48,25,157,316,314,96,21,4866,12941,203,109,11482,27,291,10,17,3938,191,130,691,205
0,0,1,7,0,1,2,20,54,11,2,7,1,4,3,50,2,20,113,9,16,3,0,8,17,5,3,0,0,2,12,4,2,3,27,127,14,3,49,1,3,2,28,7,5,0,2,4,0,4,1,5,83,2,1,15,23,29,34,110,685,236,865,297,188,7309,1223,802,224,98,3069,574,73,69,806,40,37,16,29,610,186,955,306,4584,183,100,390,203,13267,64,127,3,105,48,166,5,10,42,1156,6729
0,1,0,8,0,0,1,13,68,9,2,14,8,11,6,16,0,1,7,135,2,41,107,9,436,423,439,4,0,16,8,236,77,49,2,12,7,319,9,27,9,5,14,880,352,11,88,4,0,7,5,21,414,5,31,93,58,60,23,90,87,59,338,35,239,323,335,31,63,5052,43,1148,43,2251,14,9196,1050,85,48,26,1125,2582,139,104,3983,575,42,109,64,23576,75,90,11373,77,525,70,27,35,208,72
2,6,24,107,8,11,64,2,19,19,7,3,2,35,17,138,3,4,45,9,12,19,1,3,6,5,5,2,7,14,21,3,6,3,137,108,33,7,196,4,13,8,55,11,3,0,0,41,6,2,35,56,146,1194,2059,1773,3,10,6,138,309,15,23,7,76,159,822,5,185,84,50,172,1687,1417,10,34,1104,18,43,23,28,65,127,201,18,9,5742,11482,127,75,31530,225,514,7,15,8619,77,63,282,109
1,0,3,0,0,0,0,0,0,2,0,0,0,1,0,3,1,0,0,4,0,22,13,4,5,38,115,464,2,0,0,188,2,956,4,1,19,4,14,3829,6,2,1,329,9,99,389,13,0,0,2,6,9,3,14,9,2,12,2,35,42,8,37,1,16,30,9,4,10,26,19,440,33,568,2,410,7444,15355,182,0,441,73,62,4,52,4829,633,27,3,90,225,46062,17642,1507,463,137,8,81,95,17
0,1,1,1,0,0,1,9,72,10,8,14,9,14,1,17,4,5,10,134,4,101,139,14,410,869,444,49,0,13,8,861,80,843,5,20,3,273,26,637,10,16,10,2173,291,41,492,13,0,8,6,13,86,8,81,36,34,124,40,333,382,138,504,63,111,236,142,73,143,526,144,3305,351,2964,21,11416,16565,703,78,28,5913,2667,155,76,1236,6456,625,291,105,11373,514,17642,65352,769,2391,433,18,36,562,176
0,0,2,2,0,0,0,2,0,0,0,0,0,1,0,1,0,0,1,5,0,2,0,0,8,8,2,7,0,0,1,6,0,92,0,2,0,2,2,148,2,0,0,22,1,5,30,1,0,0,18,65,60,54,5,39,6,81,28,74,248,188,385,48,57,98,28,29,17,67,120,12252,8,72,14,69,87,25800,1492,22,694,356,452,28,48,14679,9,10,48,77,7,1507,769,32912,10040,3,6,1013,507,136
0,0,0,0,0,0,0,2,4,1,1,1,0,1,0,0,0,0,1,17,1,11,13,0,28,118,37,8,0,1,1,87,6,106,0,0,0,21,2,96,0,0,1,234,19,12,49,1,0,0,1,4,31,2,1,10,17,88,25,109,223,158,900,102,64,422,106,102,20,160,249,13097,18,320,48,408,570,686,65,65,8088,4585,123,131,671,3866,30,17,166,525,15,463,2391,10040,20502,10,6,42,466,245
3,38,104,271,24,64,215,1,1,8,1,0,0,58,36,81,0,0,5,5,1,14,2,2,4,2,3,1,14,28,6,2,3,2,137,15,21,3,97,4,20,8,18,4,2,1,1,165,21,1,191,426,487,1842,8468,1549,2,5,1,38,116,3,6,7,222,102,381,0,7,52,6,102,106,646,1,37,740,24,109,2,25,31,118,37,24,13,1439,3938,5,70,8619,137,433,3,10,8037,507,50,179,17
0,3,44,39,7,8,46,1,1,0,0,0,0,7,3,11,0,0,1,0,0,0,0,1,3,1,0,0,3,4,0,0,0,0,21,1,4,2,9,0,3,1,4,0,0,0,0,17,6,0,12549,3051,3546,1063,3526,1598,4,3,1,2,56,5,3,6,11138,114,97,1,2,46,3,48,0,24,0,20,28,10,8231,1,9,56,2315,15,104,13,36,191,10,27,77,8,18,6,6,507,31873,66,167,11
0,0,11,9,0,1,8,1,3,2,0,0,0,0,0,8,0,0,1,3,0,0,1,0,5,0,0,0,0,0,0,1,1,0,10,1,0,4,5,1,1,0,3,2,0,0,0,9,0,0,144,699,786,437,64,545,5,3,5,3,22927,43,33,16,486,453,241,5,17,42,53,3164,2,15,2,25,7,1370,22271,4,39,124,10319,57,94,131,59,130,42,35,63,81,36,1013,42,50,66,54798,9861,225
0,1,14,16,0,3,31,4,17,3,3,1,2,7,0,31,0,3,22,19,4,6,4,3,26,15,11,1,1,5,3,7,6,4,21,38,7,10,45,5,1,0,8,26,8,1,5,8,1,0,130,916,2152,396,169,1135,40,21,26,60,16685,440,567,162,1553,6520,1470,63,167,216,810,2915,27,136,90,270,106,372,1344,73,581,1515,21289,576,513,533,353,691,1156,208,282,95,562,507,466,179,167,9861,53963,10372
0,0,3,7,0,0,4,8,13,3,3,2,1,1,1,15,0,5,26,12,4,5,2,3,10,8,3,0,0,2,8,3,4,0,7,34,8,4,19,0,0,0,8,8,1,0,2,2,0,0,11,15,230,13,16,80,15,12,21,60,3242,434,619,111,668,10732,634,153,108,77,3945,729,43,62,509,95,43,46,46,128,272,716,1165,877,150,178,198,205,6729,72,109,17,176,136,245,17,11,225,10372,11928
