10223,4943,4534,2236,7374,5420,254,0,3,353,15,0,1,15730,172,81,0,0,0,0,2,299,0,1,0,0,0,0,47,163,6,0,0,0,22,3,12,0,4,0,47,512,13,0,0,0,0,28,452,81,0,2,0,8,2,1,0,0,0,0,1,0,0,0,0,0,1,0,1,0,1,0,0,0,0,0,0,0,0,0,0,0,0,0,0,0,2,5,0,0,5,0,0,0,0,9,0,0,0,0
4943,20374,8504,16674,170,1186,263,0,0,522,27,0,0,4237,1138,95,0,1,0,0,1,103,1,1,0,0,0,0,8,51,6,0,0,0,48,9,14,0,7,0,4,179,22,0,1,0,0,28,17,124,0,2,0,3,3,0,0,0,0,0,0,0,0,0,0,0,1,0,0,0,0,1,0,0,0,0,0,0,0,0,0,1,0,0,0,0,3,8,0,1,5,0,0,0,0,14,0,0,0,0
4534,8504,38436,11663,4000,8708,3261,0,2,573,25,0,0,582,211,92,0,0,1,0,0,220,0,3,0,0,0,0,24,105,3,0,0,0,52,3,14,0,8,0,27,332,7,0,0,0,0,67,66,97,0,186,1,579,9,3,0,0,0,0,0,0,0,0,0,0,1,0,2,0,0,0,0,0,0,0,0,0,0,2,0,0,0,1,0,0,2,7,0,0,3,0,0,0,0,26,0,0,0,0
2236,16674,11663,63519,578,6699,17975,1,6,1463,166,2,3,4561,9152,9056,1,1,4,6,8,193,2,18,0,6,1,0,45,377,198,25,1,3,634,62,99,28,71,0,42,306,5033,7,10,0,2,462,81,172,1,1,5,49,54,60,0,0,0,0,5,0,0,0,4,1,12,0,5,0,0,2,2,0,1,0,0,0,0,1,0,1,0,1,2,0,19,51,3,0,39,0,1,0,0,203,1,0,1,1
7374,170,4000,578,10900,27518,219,0,1,72,14,0,0,10950,98,42,0,0,0,0,0,162,0,7,0,0,0,0,55,225,10,0,0,0,31,11,38,1,13,1,59,152,18,0,0,0,0,127,1900,18,0,1,2,193,5,0,0,0,0,0,2,0,0,0,0,1,0,0,1,0,0,0,0,0,0,0,0,0,0,0,0,0,0,0,0,0,4,9,0,0,5,0,0,0,0,15,0,0,0,0
5420,1186,8708,6699,27518,25216,22900,0,5,486,63,0,1,2541,333,755,0,0,4,5,1,314,1,127,2,2,29,2,36,282,18,3,0,0,1112,85,148,3,347,6,39,418,16,4,1,1,0,3215,1551,31,0,6,4,1206,263,120,0,0,0,0,0,0,0,0,3,0,9,0,1,0,0,0,0,1,0,0,0,0,0,1,0,0,0,3,1,0,7,15,0,0,10,1,0,0,0,125,0,0,0,2
254,263,3261,17975,219,22900,26878,0,7,153,66,2,0,153,74,3673,0,0,5,1,11,74,0,61,2,1,3,0,4,19,11,1,0,0,2542,176,81,4,86,0,10,88,19,5,1,0,0,1093,7,12,0,2,3,305,170,550,0,0,0,0,4,0,0,0,4,1,8,0,1,1,0,0,0,0,0,0,0,0,0,1,0,0,0,2,0,0,11,46,1,0,27,0,0,0,0,145,2,1,1,0
0,0,0,1,0,0,0,31151,7662,20,1776,282,3917,1,1,238,3058,8862,786,11001,147,706,277,103,41,31,70,3,3,1,71,108,276,5,5,21,1284,154,12,1,1,2,42,55,979,16,20,2,2,4,0,0,0,0,0,0,11,10,3,38,4,2,3,11,0,0,0,11,6,18,11,2,3,6,3,1,1,0,0,3,0,6,2,0,8,1,107,1,0,1,0,0,3,0,0,0,0,0,0,1
3,0,2,6,1,5,7,7662,55720,57,1194,371,893,3,0,510,235,699,5044,6352,132,752,497,11514,4086,47,4551,5,9,7,66,111,830,5,32,400,11147,256,233,4,0,9,42,729,275,10,46,13,3,16,0,0,2,0,0,1,39,27,7,286,9,8,17,33,1,0,4,27,16,58,19,10,38,18,9,6,13,0,0,13,6,50,3,0,27,3,217,3,3,7,2,0,8,1,4,3,0,0,1,0
353,522,573,1463,72,486,153,20,57,42202,3286,829,90,437,341,1715,188,35,214,26,1388,2343,146,347,15,66,31,3,114,266,855,399,79,10,369,464,1008,61,614,2,21616,30900,4627,62,48,23,104,178,184,16447,2,3,5,2,20,6,0,0,10,7,33,4,1,1,9,11,37,2,55,3,13,10,12,2,23,3,3,0,4,37,0,1,9,23,10,0,56,96,30,2,89,1,4,0,1,54,4,3,17,8
15,27,25,166,14,63,66,1776,1194,3286,7372,11276,3497,96,44,1671,2767,243,690,599,4219,3924,3354,391,90,74,155,15,29,43,908,554,1888,36,331,380,688,119,362,6,15,59,1053,232,88,122,542,173,17,164,1,0,2,1,11,1,2,7,6,7,15,7,3,4,8,4,11,4,22,12,19,7,15,4,9,5,4,0,3,11,4,9,3,3,13,1,44,32,3,4,23,1,9,0,2,47,2,0,8,7
0,0,0,2,0,0,2,282,371,829,11276,24522,20003,0,0,54,6894,75,91,556,9272,755,7211,98,147,62,113,3,2,1,38,743,16007,18,11,32,408,82,6,3,0,14,206,158,78,90,927,1,0,56,0,0,0,0,0,0,1,2,2,3,3,0,0,2,0,0,2,0,4,6,4,3,3,2,2,4,5,0,0,2,4,8,0,0,6,0,14,0,0,8,0,0,8,0,2,0,0,0,0,1
1,0,0,3,0,1,0,3917,893,90,3497,20003,15097,0,7,38,9563,2085,33,3210,1923,471,2327,69,151,184,125,3,3,1,159,1722,18064,19,2,14,441,96,4,1,1,27,1093,100,1052,32,200,1,0,213,0,0,0,0,0,0,30,7,3,28,0,2,3,24,1,0,0,2,0,31,2,4,1,6,0,2,7,0,0,2,2,25,0,0,12,0,54,0,1,1,0,0,7,2,0,0,0,0,1,0
15730,4237,582,4561,10950,2541,153,1,3,437,96,0,0,48467,14608,256,0,1,10,1,3,1781,0,24,0,1,2,1,1662,29045,214,2,1,0,109,66,258,7,51,0,1320,2445,1167,0,2,0,0,152,13839,1588,2,1,1,3,27,3,1,0,1,0,4,0,0,0,1,5,12,0,8,2,1,2,0,0,2,0,0,0,3,3,0,1,2,8,0,0,16,45,0,0,31,1,0,0,1,60,1,0,4,0
172,1138,211,9152,98,333,74,1,0,341,44,0,7,14608,12907,387,2,0,2,3,8,181,1,6,0,8,0,0,142,1150,226,17,2,0,91,20,53,19,27,0,99,345,20229,0,10,0,0,131,229,1166,0,2,10,3,18,3,0,0,0,0,4,0,0,0,5,1,20,0,13,1,1,2,3,0,1,0,0,0,2,3,0,0,2,4,0,0,10,55,2,0,57,0,0,0,0,69,1,1,3,3
81,95,92,9056,42,755,3673,238,510,1715,1671,54,38,256,387,27817,54,1471,5591,1112,618,403,51,353,116,36,103,1,26,115,15195,62,61,1,2674,2463,989,744,501,2,30,407,7639,247,103,2,11,1625,47,161,6,8,18,16,112,29,2,1,8,4,23,2,3,2,21,16,62,3,35,7,20,11,13,2,21,2,2,0,0,19,0,5,7,23,7,0,62,252,18,1,184,0,2,1,0,506,1,1,16,4
0,0,0,1,0,0,0,3058,235,188,2767,6894,9563,0,2,54,8698,762,105,47,10668,280,458,84,16,32,32,1,2,0,842,264,354,8,6,28,232,42,9,1,0,5,461,30,22,10,98,2,0,30,0,0,0,0,0,0,0,4,1,3,5,2,0,0,1,0,1,6,2,0,4,1,4,0,0,0,0,0,1,0,0,2,1,0,1,1,14,0,0,1,0,0,0,0,0,1,0,0,1,1
0,1,0,1,0,0,0,8862,699,35,243,75,2085,1,0,1471,762,2419,499,818,184,104,55,74,9,64,22,0,2,5,952,202,53,5,1,19,410,310,44,0,0,5,327,14,851,2,12,1,2,25,1,0,0,0,1,0,3,3,5,12,10,1,3,3,2,1,5,7,27,5,18,4,12,1,9,0,2,0,2,8,0,5,0,0,4,0,36,6,1,0,2,0,1,0,1,0,0,1,4,6
0,0,1,4,0,4,5,786,5044,214,690,91,33,10,2,5591,105,499,15888,559,300,182,40,1722,255,11,157,1,3,9,2004,25,54,4,32,3776,1443,163,389,4,7,40,117,185,16,2,9,11,5,25,0,0,0,0,4,1,2,0,16,8,20,4,2,8,3,5,5,9,181,8,20,8,20,2,12,5,3,0,3,22,0,5,5,7,8,0,38,13,8,1,15,0,1,0,3,4,2,3,6,5
0,0,0,6,0,5,1,11001,6352,26,599,556,3210,1,3,1112,47,818,559,20982,80,993,2193,102,4537,69,2768,5,8,4,388,193,5512,11,14,98,2282,3333,23,4,0,4,73,1062,4295,42,94,4,0,18,0,1,0,0,0,0,165,39,4,112,1,3,45,110,1,1,9,7,8,338,3,19,4,94,4,12,54,0,1,8,6,208,0,5,114,1,199,2,4,23,0,2,28,1,2,0,0,0,0,1
2,1,0,8,0,1,11,147,132,1388,4219,9272,1923,3,8,618,10668,184,300,80,41033,355,768,215,55,176,81,5,6,5,4233,1359,802,34,28,133,641,205,94,4,7,267,14319,132,196,83,391,10,1,3500,0,0,0,1,0,0,0,0,7,5,18,3,3,2,1,2,5,1,12,6,12,3,4,3,5,9,1,0,0,8,3,6,1,2,9,1,20,7,1,3,2,0,11,0,3,1,0,0,3,4
299,103,220,193,162,314,74,706,752,2343,3924,755,471,1781,181,403,280,104,182,993,355,23077,1988,146,255,363,273,3161,7944,2388,154,447,322,1236,187,275,691,158,343,585,18689,1674,283,1066,159,3863,925,70,1056,244,2,1,3,1,16,7,0,0,5,1,16,1,0,5,6,6,22,0,28,15,4,6,2,7,10,13,11,5,3,17,9,12,5,17,9,39,46,63,13,4,51,51,37,6,6,30,1,0,8,9
0,1,0,2,0,1,0,277,497,146,3354,7211,2327,0,1,51,458,55,40,2193,768,1988,14227,94,1206,1365,2045,230,4,2,36,8848,17653,305,7,19,132,1128,11,73,0,18,137,3848,971,3826,19810,15,1,72,0,0,0,0,0,1,5,1,0,6,0,0,10,4,0,1,1,1,1,30,2,43,2,32,1,113,83,3,0,2,27,156,1,1,169,21,10,2,2,102,0,11,163,1,45,1,1,0,0,1
1,1,3,18,7,127,61,103,11514,347,391,98,69,24,6,353,84,74,1722,102,215,146,94,5725,341,31,1306,15,9,32,79,77,74,3,930,8268,7196,119,9579,27,14,139,142,494,60,6,19,1306,15,60,0,1,3,2,28,2,1,1,3,7,11,3,2,1,2,2,10,3,46,3,4,3,5,1,4,0,6,0,0,5,0,5,3,5,9,1,18,25,2,3,22,2,5,0,2,119,3,0,2,4
0,0,0,0,0,2,2,41,4086,15,90,147,151,0,0,116,16,9,255,4537,55,255,1206,341,8407,96,9388,2,2,0,14,353,1844,7,13,58,357,1995,31,2,1,0,32,1608,808,11,146,5,0,13,0,0,0,0,0,0,7,3,1,6,2,4,12,9,1,1,6,0,4,71,0,15,2,56,0,19,33,0,0,3,10,79,0,2,108,3,10,0,1,53,1,0,38,0,3,0,0,0,0,2
0,0,0,6,0,2,1,31,47,66,74,62,184,1,8,36,32,64,11,69,176,363,1365,31,96,19913,2216,111,0,0,139,33703,196,6235,1,4,19,5943,17,150,0,16,306,13362,1106,732,1298,18,0,104,1,0,0,0,0,0,1,0,1,2,3,1,5,2,5,2,3,0,0,9,4,103,3,16,5,548,166,8,1,1,285,123,6,4,170,246,1,1,4,170,0,142,804,24,233,0,0,0,4,2
0,0,0,1,0,29,3,70,4551,31,155,113,125,2,0,103,32,22,157,2768,81,273,2045,1306,9388,2216,25225,635,3,3,48,2664,1093,311,77,89,3108,3429,1606,3621,3,13,46,24942,2035,284,1115,651,2,35,1,0,1,0,9,0,18,4,2,18,1,8,29,23,6,6,6,2,8,172,3,115,7,100,4,225,136,12,2,5,114,294,2,5,372,70,7,8,4,199,2,158,345,12,113,33,1,0,2,2
0,0,0,0,0,2,0,3,5,3,15,3,3,1,0,1,1,0,1,5,5,3161,230,15,2,111,635,62037,82,6,3,132,7,15630,1,2,151,71,111,21345,1,3,5,854,6,21696,6944,30,1,1,0,0,0,0,1,0,0,0,0,1,1,0,0,1,0,0,0,0,0,0,0,2,0,3,0,11,32,45,0,0,3,2,0,0,1,84,7,0,0,2,6,732,51,4,14,1,0,1,0,0
47,8,24,45,55,36,4,3,9,114,29,2,3,1662,142,26,2,2,3,8,6,7944,4,9,2,0,3,82,100939,12932,15,1,2,9,13,21,70,2,28,12,29265,680,37,4,1,64,3,13,6698,138,0,0,0,0,3,0,0,0,0,0,3,0,0,0,2,2,2,0,3,1,0,0,0,1,0,0,0,0,0,0,0,1,1,1,0,0,3,7,2,0,7,0,0,0,0,4,0,0,1,0
163,51,105,377,225,282,19,1,7,266,43,1,1,29045,1150,115,0,5,9,4,5,2388,2,32,0,0,3,6,12932,38357,65,1,0,0,62,58,248,3,49,0,18332,11510,198,3,0,3,3,20,4147,2740,0,0,1,2,4,2,0,0,0,0,5,1,0,1,5,1,8,1,7,0,0,2,5,1,0,0,1,1,2,6,0,2,1,4,1,0,17,15,4,0,24,1,0,0,0,14,1,1,2,2
6,6,3,198,10,18,11,71,66,855,908,38,159,214,226,15195,842,952,2004,388,4233,154,36,79,14,139,48,3,15,65,19125,204,34,9,132,133,378,1324,157,0,20,140,28345,72,672,1,18,151,32,61,3,1,3,2,17,3,1,2,2,2,14,2,1,0,4,7,21,1,28,5,5,7,7,1,8,1,1,0,4,8,0,2,4,5,5,0,28,62,3,0,76,0,2,0,0,66,0,1,10,4
0,0,0,25,0,3,1,108,111,399,554,743,1722,2,17,62,264,202,25,193,1359,447,8848,77,353,33703,2664,132,1,1,204,54435,7756,3620,5,16,59,1397,15,99,2,125,1318,4408,19601,1923,33806,14,0,643,1,0,1,0,0,0,1,2,0,7,2,5,9,3,8,4,2,1,3,14,3,144,3,40,4,374,151,8,2,2,165,226,2,4,302,134,2,0,3,229,3,47,561,11,187,4,1,2,3,0
0,0,0,1,0,0,0,276,830,79,1888,16007,18064,1,2,61,354,53,54,5512,802,322,17653,74,1844,196,1093,7,2,0,34,7756,19220,12,7,8,789,540,14,0,1,21,355,548,5280,77,5488,6,0,123,0,0,0,0,0,0,69,15,1,66,1,1,41,49,2,1,1,2,4,179,1,19,7,62,1,16,53,0,0,6,9,140,1,2,109,2,92,1,0,29,0,2,37,1,11,1,1,0,0,0
0,0,0,3,0,0,0,5,5,10,36,18,19,0,0,1,8,5,4,11,34,1236,305,3,7,6235,311,15630,9,0,9,3620,12,41762,2,0,9,128,10,4375,0,4,41,5526,40,4036,14969,7,0,14,0,0,1,0,0,0,0,0,0,1,0,0,1,0,1,0,0,2,0,1,0,12,1,1,0,65,24,89,0,1,48,9,0,1,6,636,2,0,1,4,2,787,361,91,84,1,0,0,1,0
22,48,52,634,31,1112,2542,5,32,369,331,11,2,109,91,2674,6,1,32,14,28,187,7,930,13,1,77,1,13,62,132,5,7,2,4825,2839,961,45,10400,2,18,183,80,28,9,1,4,6209,37,116,6,12,22,13,93,15,2,0,6,0,21,1,0,0,21,13,65,1,30,3,1,3,4,0,6,0,0,0,8,9,2,3,6,15,1,0,86,245,13,2,190,1,0,0,0,578,0,1,4,3
3,9,3,62,11,85,176,21,400,464,380,32,14,66,20,2463,28,19,3776,98,133,275,19,8268,58,4,89,2,21,58,133,16,8,0,2839,18370,1889,115,12001,4,33,276,95,110,7,0,4,437,21,72,5,1,7,2,35,3,1,0,4,6,28,1,3,1,14,6,38,3,110,6,12,13,17,0,10,5,2,0,11,23,0,4,3,23,16,1,69,99,8,2,80,0,1,1,3,83,4,2,9,4
12,14,14,99,38,148,81,1284,11147,1008,688,408,441,258,53,989,232,410,1443,2282,641,691,132,7196,357,19,3108,151,70,248,378,59,789,9,961,1889,4178,77,7187,243,95,740,501,316,152,19,24,1711,84,269,3,1,4,3,23,5,30,15,7,26,17,5,20,33,9,5,22,13,23,60,19,15,4,9,4,3,8,3,1,12,1,42,5,11,27,5,194,45,6,6,61,44,10,0,3,196,3,0,6,8
0,0,0,28,1,3,4,154,256,61,119,82,96,7,19,744,42,310,163,3333,205,158,1128,119,1995,5943,3429,71,2,3,1324,1397,540,128,45,115,77,22911,58,18,0,21,704,25456,5782,70,318,28,0,113,0,0,2,0,0,1,5,4,2,10,4,5,13,4,5,0,8,2,1,71,3,98,1,66,3,219,157,1,3,6,61,299,1,3,461,3,8,0,4,262,4,7,277,3,91,6,1,0,1,1
4,7,8,71,13,347,86,12,233,614,362,6,4,51,27,501,9,44,389,23,94,343,11,9579,31,17,1606,111,28,49,157,15,14,10,10400,12001,7187,58,40433,182,29,367,109,342,7,9,7,10794,37,85,0,3,12,3,46,6,1,0,6,3,32,1,1,1,10,13,24,1,31,5,4,9,7,1,7,2,3,0,5,21,0,1,5,19,6,2,90,116,10,2,111,24,3,0,1,258,5,1,5,5
0,0,0,0,1,6,0,1,4,2,6,3,1,0,0,2,1,0,4,4,4,585,73,27,2,150,3621,21345,12,0,0,99,0,4375,2,4,243,18,182,29991,2,3,0,13895,2,1579,855,86,0,2,0,0,0,0,0,0,0,1,0,0,1,0,0,0,1,0,0,0,0,1,1,20,0,12,0,19,104,216,0,2,22,0,1,0,2,773,33,1,1,1,11,3700,498,115,73,4,0,0,0,0
47,4,27,42,59,39,10,1,0,21616,15,0,1,1320,99,30,0,0,7,0,7,18689,0,14,1,0,3,1,29265,18332,20,2,1,0,18,33,95,0,29,2,66859,7088,22,0,0,0,0,9,413,198,1,0,0,0,1,0,0,0,0,0,0,0,0,0,0,1,1,0,7,1,0,0,1,0,2,0,0,0,0,3,0,0,0,4,0,0,7,8,3,0,11,0,0,0,0,4,0,1,0,0
512,179,332,306,152,418,88,2,9,30900,59,14,27,2445,345,407,5,5,40,4,267,1674,18,139,0,16,13,3,680,11510,140,125,21,4,183,276,740,21,367,3,7088,22624,695,8,26,4,14,79,352,4806,4,3,12,1,16,4,0,0,2,5,11,5,1,0,8,5,23,0,33,1,2,4,9,1,11,0,1,0,2,21,1,3,3,19,1,0,30,63,16,2,61,0,0,0,0,38,0,1,12,3
13,22,7,5033,18,16,19,42,42,4627,1053,206,1093,1167,20229,7639,461,327,117,73,14319,283,137,142,32,306,46,5,37,198,28345,1318,355,41,80,95,501,704,109,0,22,695,69281,85,697,18,100,51,55,6836,1,5,4,0,17,5,2,0,3,1,9,1,1,0,6,2,21,4,11,5,8,3,7,2,1,3,2,0,1,6,1,6,2,7,11,1,31,44,3,4,43,0,5,0,0,63,0,2,0,3
0,0,0,7,0,4,5,55,729,62,232,158,100,0,0,247,30,14,185,1062,132,1066,3848,494,1608,13362,24942,854,4,3,72,4408,548,5526,28,110,316,25456,342,13895,0,8,85,113675,321,1852,2249,206,2,35,2,1,3,0,11,0,9,3,1,7,5,2,6,3,7,4,7,3,6,33,4,209,6,42,7,858,326,78,1,7,388,293,4,4,434,838,12,3,7,381,3,905,1343,111,408,11,3,2,3,3
0,1,0,10,0,1,1,979,275,48,88,78,1052,2,10,103,22,851,16,4295,196,159,971,60,808,1106,2035,6,1,0,672,19601,5280,40,9,7,152,5782,7,2,0,26,697,321,25327,12,63,5,0,156,0,0,0,0,0,0,23,4,0,13,2,0,23,24,3,2,7,2,2,168,0,22,5,99,4,9,76,0,0,5,11,143,0,2,200,4,22,0,1,42,1,0,62,1,7,1,0,0,0,0
0,0,0,0,0,1,0,16,10,23,122,90,32,0,0,2,10,2,2,42,83,3863,3826,6,11,732,284,21696,64,3,1,1923,77,4036,1,0,19,70,9,1579,0,4,18,1852,12,22289,12075,4,0,14,0,0,0,0,0,0,0,0,0,0,0,0,0,0,0,0,0,0,0,0,0,11,0,0,0,24,12,28,0,0,19,7,0,0,8,177,0,0,0,13,0,277,103,22,35,0,0,0,0,0
0,0,0,2,0,0,0,20,46,104,542,927,200,0,0,11,98,12,9,94,391,925,19810,19,146,1298,1115,6944,3,3,18,33806,5488,14969,4,4,24,318,7,855,0,14,100,2249,63,12075,66715,7,0,81,0,0,0,0,1,0,1,0,0,1,1,2,3,2,1,0,1,0,1,4,0,45,1,4,0,97,74,37,2,0,71,100,2,2,137,319,2,1,2,91,1,338,276,53,80,0,0,1,1,0
28,28,67,462,127,3215,1093,2,13,178,173,1,1,152,131,1625,2,1,11,4,10,70,15,1306,5,18,651,30,13,20,151,14,6,7,6209,437,1711,28,10794,86,9,79,51,206,5,4,7,9336,327,32,3,3,5,9,162,25,0,0,0,0,9,1,0,0,12,4,40,0,7,0,1,2,2,0,3,1,1,0,0,1,1,1,0,15,6,4,44,158,3,0,115,7,2,0,0,1195,6,0,3,1
452,17,66,81,1900,1551,7,2,3,184,17,0,0,13839,229,47,0,2,5,0,1,1056,1,15,0,0,2,1,6698,4147,32,0,0,0,37,21,84,0,37,0,413,352,55,2,0,0,0,327,11040,68,1,2,1,0,8,3,0,0,0,0,4,0,0,0,2,1,5,0,3,0,0,0,0,0,0,0,0,0,0,0,0,0,0,2,0,0,7,18,1,0,20,0,0,0,0,23,0,0,1,0
81,124,97,172,18,31,12,4,16,16447,164,56,213,1588,1166,161,30,25,25,18,3500,244,72,60,13,104,35,1,138,2740,61,643,123,14,116,72,269,113,85,2,198,4806,6836,35,156,14,81,32,68,14911,1,0,6,1,12,5,0,0,1,4,5,1,0,1,7,6,17,2,9,1,3,4,3,1,5,4,1,0,3,3,0,2,4,10,6,0,22,39,6,1,53,0,3,0,0,34,0,0,3,3
0,0,0,1,0,0,0,0,0,2,1,0,0,2,0,6,0,1,0,0,0,2,0,0,0,1,1,0,0,0,3,1,0,0,6,5,3,0,0,0,1,4,1,2,0,0,0,3,1,1,64075,26948,4508,17396,16818,2797,1,0,0,6,81,6,2,1,23985,331,607,1,16,12,7,89,5,0,7,17,5,8,805,24,20,31,384,71,82,9,36,239,30,9,50,0,6,2,7,85,12556,63,129,12
2,2,186,1,1,6,2,0,0,3,0,0,0,1,2,8,0,0,0,1,0,1,0,1,0,0,0,0,0,0,1,0,0,0,12,1,1,0,3,0,0,3,5,1,0,0,0,3,2,0,26948,67143,12326,21599,3020,7646,0,0,2,0,82,1,1,1,10371,103,402,0,11,3,4,70,4,1,2,3,0,0,54,3,2,1,27,17,6,2,16,255,7,0,22,0,2,1,0,89,130,24,64,5
0,0,1,5,2,4,3,0,2,5,2,0,0,1,10,18,0,0,0,0,0,3,0,3,0,0,1,0,0,1,3,1,0,1,22,7,4,2,12,0,0,12,4,3,0,0,0,5,1,6,4508,12326,34114,2986,3440,12807,10,7,18,14,554,22,13,7,15377,13107,7762,7,102,70,23,366,14,10,30,36,13,5,271,78,21,51,223,465,191,15,96,1119,194,18,84,2,18,5,10,133,487,106,344,33
8,3,579,49,193,1206,305,0,0,2,1,0,0,3,3,16,0,0,0,0,1,1,0,2,0,0,0,0,0,2,2,0,0,0,13,2,3,0,3,0,0,1,0,0,0,0,0,9,0,1,17396,21599,2986,42131,28779,17502,0,1,0,2,30,4,1,0,1172,20,160,0,3,1,1,35,1,1,0,1,0,1,28,2,0,1,14,3,5,0,8,317,3,1,164,0,0,0,0,81,117,13,40,5
2,3,9,54,5,263,170,0,0,20,11,0,0,27,18,112,0,1,4,0,0,16,0,28,0,0,9,1,3,4,17,0,0,0,93,35,23,0,46,0,1,16,17,11,0,0,1,162,8,12,16818,3020,3440,28779,37616,8080,2,4,7,11,184,11,2,1,5825,698,1074,2,40,17,11,100,15,21,12,6,7,1,146,31,13,16,89,146,40,3,135,1430,44,5,607,3,11,2,1,5613,4681,40,172,30
1,0,3,60,0,120,550,0,1,6,1,0,0,3,3,29,0,0,1,0,0,7,1,2,0,0,0,0,0,2,3,0,0,0,15,3,5,1,6,0,0,4,5,0,0,0,0,25,3,5,2797,7646,12807,17502,8080,39963,1,4,6,3,247,12,2,3,1875,98,5226,3,28,18,7,164,10,2,5,9,4,2,53,12,5,12,60,21,35,3,52,5259,13,6,707,0,1,4,6,245,112,37,142,27
0,0,0,0,0,0,0,11,39,0,2,1,30,1,0,2,0,3,2,165,0,0,5,1,7,1,18,0,0,0,1,1,69,0,2,1,30,5,1,0,0,0,2,9,23,0,1,0,0,0,1,0,10,0,2,1,2987,6235,474,450,9,43,316,3539,29,29,229,791,201,1595,61,96,79,93,34,8,191,2,4,262,24,2289,4,71,213,4,843,10,18,8,17,0,21,1,13,9,2,2,4,5
0,0,0,0,0,0,0,10,27,0,7,2,7,0,0,1,4,3,0,39,0,0,1,1,3,0,4,0,0,0,2,2,15,0,0,0,15,4,0,1,0,0,0,3,4,0,0,0,0,0,0,0,7,1,4,4,6235,16365,3357,3611,39,196,293,2255,15,18,380,4841,553,2192,228,500,73,46,89,48,56,12,6,439,80,562,3,37,434,15,1062,16,3,26,16,3,61,18,80,6,7,1,8,5
0,0,0,0,0,0,0,3,7,10,6,2,3,1,0,8,1,5,16,4,7,5,0,3,1,1,2,0,0,0,2,0,1,0,6,4,7,2,6,0,0,2,3,1,0,0,0,0,0,1,0,2,18,0,7,6,474,3357,2042,2284,75,296,227,398,35,44,1046,2964,2633,419,308,364,104,38,187,18,23,3,4,1158,43,308,7,97,241,14,529,20,19,13,19,1,28,9,45,0,3,3,13,8
0,0,0,0,0,0,0,38,286,7,7,3,28,0,0,4,3,12,8,112,5,1,6,7,6,2,18,1,0,0,2,7,66,1,0,6,26,10,3,0,0,5,1,7,13,0,1,0,0,4,6,0,14,2,11,3,450,3611,2284,43971,234,604,625,492,21,20,205,503,5483,4400,319,922,13440,4334,46,88,1018,17,10,57,77,529,15,19,403,22,8538,127,18,108,87,7,268,17,115,36,1,5,26,31
1,0,0,5,2,0,4,4,9,33,15,3,0,4,4,23,5,10,20,1,18,16,0,11,2,3,1,1,3,5,14,2,1,0,21,28,17,4,32,1,0,11,9,5,2,0,1,9,4,5,81,82,554,30,184,247,9,39,75,234,25671,4789,918,48,784,954,1492,175,637,88,4228,2454,664,70,729,74,63,43,268,265,105,245,338,462,99,75,1025,570,857,65,371,9,218,71,244,148,74,23215,24212,9205
0,0,0,0,0,0,0,2,8,4,7,0,2,0,0,2,2,1,4,3,3,1,0,3,4,1,8,0,0,1,2,5,1,0,1,1,5,5,1,0,0,5,1,2,0,0,2,1,0,1,6,1,22,4,11,12,43,196,296,604,4789,7514,5090,192,78,69,315,780,409,175,5340,6279,269,81,437,20,39,17,54,175,39,699,67,41,55,19,378,92,257,66,61,1,133,45,156,10,20,41,258,540
0,0,0,0,0,0,0,3,17,1,3,0,3,0,0,3,0,3,2,45,3,0,10,2,12,5,29,0,0,0,1,9,41,1,0,3,20,13,1,0,0,1,1,6,23,0,3,0,0,0,2,1,13,1,2,2,316,293,227,625,918,5090,20249,6690,97,75,188,5006,215,902,8046,7058,127,396,558,58,151,7,39,737,77,8306,59,74,205,20,315,22,175,80,11,4,219,35,254,1,11,22,121,274
0,0,0,0,0,0,0,11,33,1,4,2,24,0,0,2,0,3,8,110,2,5,4,1,9,2,23,1,0,1,0,3,49,0,0,1,33,4,1,0,0,0,0,3,24,0,2,0,0,1,1,1,7,0,1,3,3539,2255,398,492,48,192,6690,12333,56,82,355,7338,209,554,765,238,61,146,126,14,79,3,10,583,32,4457,20,93,99,6,607,12,50,13,6,4,23,7,38,2,6,6,19,21
0,0,0,4,0,3,4,0,1,9,8,0,1,1,5,21,1,2,3,1,1,6,0,2,1,5,6,0,2,5,4,8,2,1,21,14,9,5,10,1,0,8,6,7,3,0,1,12,2,7,23985,10371,15377,1172,5825,1875,29,15,35,21,784,78,97,56,70747,20684,2879,54,201,164,225,861,70,51,472,264,44,89,7903,624,368,574,19877,2309,961,140,286,477,2532,48,149,7,90,45,280,242,12440,478,2576,1401
0,0,0,1,1,0,1,0,0,11,4,0,0,5,1,16,0,1,5,1,2,6,1,2,1,2,6,0,2,1,7,4,1,0,13,6,5,0,13,0,1,5,2,4,2,0,0,4,1,6,331,103,13107,20,698,98,29,18,44,20,954,69,75,82,20684,41788,4352,39,170,167,248,659,48,37,455,111,29,53,728,895,175,372,2986,9418,658,85,224,143,12834,50,94,8,53,31,166,63,556,253,3911,3349
1,1,1,12,0,9,8,0,4,37,11,2,0,12,20,62,1,5,5,9,5,22,1,10,6,3,6,0,2,8,21,2,1,0,65,38,22,8,24,0,1,23,21,7,7,0,1,40,5,17,607,402,7762,160,1074,5226,229,380,1046,205,1492,315,188,355,2879,4352,35440,749,5951,638,408,648,113,75,702,126,50,11,241,11602,122,605,279,4633,782,34,508,6153,517,95,249,2,58,12,93,254,238,131,590,199
0,0,0,0,0,0,0,11,27,2,4,0,2,0,0,3,6,7,9,7,1,0,1,3,0,0,2,0,0,1,1,1,2,2,1,3,13,2,1,0,0,0,4,3,2,0,0,0,0,2,1,0,7,0,2,3,791,4841,2964,503,175,780,5006,7338,54,39,749,11363,743,127,7255,534,180,50,1927,14,16,3,14,4113,37,1188,20,57,69,14,970,21,79,15,13,2,41,9,65,1,2,4,33,88
1,0,2,5,1,1,1,6,16,55,22,4,0,8,13,35,2,27,181,8,12,28,1,46,4,0,8,0,3,7,28,3,4,0,30,110,23,1,31,0,7,33,11,6,2,0,1,7,3,9,16,11,102,3,40,28,201,553,2633,5483,637,409,215,209,201,170,5951,743,18871,1253,585,486,3751,311,425,37,70,7,70,1190,51,313,101,232,269,17,1537,5895,204,98,824,5,103,15,62,66,38,46,210,147
0,0,0,0,0,0,1,18,58,3,12,6,31,2,1,7,0,5,8,338,6,15,30,3,71,9,172,0,1,0,5,14,179,1,3,6,60,71,5,1,1,1,5,33,168,0,4,0,0,1,12,3,70,1,17,18,1595,2192,419,4400,88,175,902,554,164,167,638,127,1253,19542,98,1025,298,3172,65,230,1688,16,28,191,186,4374,36,224,3925,44,1206,146,92,2156,56,1,266,17,163,17,23,11,40,23
1,0,0,0,0,0,0,11,19,13,19,4,2,1,1,20,4,18,20,3,12,4,2,4,0,4,3,0,0,0,5,3,1,0,1,12,19,3,4,1,0,2,8,4,0,0,0,1,0,3,7,4,23,1,11,7,61,228,308,319,4228,5340,8046,765,225,248,408,7255,585,98,18438,1941,530,59,6977,81,51,64,140,1804,141,1006,276,70,110,67,1021,158,1184,39,140,10,180,73,288,15,43,123,1108,7525
0,1,0,2,0,0,0,2,10,10,7,3,4,2,2,11,1,4,8,19,3,6,43,3,15,103,115,2,0,2,7,144,19,12,3,13,15,98,9,20,0,4,3,209,22,11,45,2,0,4,89,70,366,35,100,164,96,500,364,922,2454,6279,7058,238,861,659,648,534,486,1025,1941,42412,161,582,518,671,992,1332,1597,423,628,9434,865,244,861,826,277,214,510,815,117,161,2332,7412,9436,48,106,5275,3434,710
0,0,0,2,0,0,0,3,38,12,15,3,1,0,3,13,4,12,20,4,4,2,2,5,2,3,7,0,0,5,7,3,7,1,4,17,4,1,7,0,1,9,7,6,5,0,1,2,0,3,5,4,14,1,15,10,79,73,104,13440,664,269,127,61,70,48,113,180,3751,298,530,161,5040,2739,154,42,346,4,39,109,15,181,63,20,89,7,9362,2770,69,123,1992,7,315,7,27,164,13,24,200,108
0,0,0,0,0,1,0,6,18,2,4,2,6,0,0,2,0,1,2,94,3,7,32,1,56,16,100,3,1,1,1,40,62,1,0,0,9,66,1,12,0,1,2,42,99,0,4,0,0,1,0,1,10,1,21,2,93,46,38,4334,70,81,396,146,51,37,75,50,311,3172,59,582,2739,20666,38,139,12683,51,5,71,86,1480,17,23,680,38,2079,148,22,1015,1033,379,3339,15,115,186,6,6,17,27
0,0,0,1,0,0,0,3,9,23,9,2,0,2,1,21,0,9,12,4,5,10,1,4,0,5,4,0,0,0,8,4,1,0,6,10,4,3,7,0,2,11,1,7,4,0,0,3,0,5,7,2,30,0,12,5,34,89,187,46,729,437,558,126,472,455,702,1927,425,65,6977,518,154,38,13247,84,24,32,224,7624,114,428,429,1969,280,47,553,206,7541,29,228,5,67,30,150,56,61,149,1075,2969
0,0,0,0,0,0,0,1,6,3,5,4,2,0,0,2,0,0,5,12,9,13,113,0,19,548,225,11,0,0,1,374,16,65,0,5,3,219,2,19,0,0,3,858,9,24,97,1,0,4,17,3,36,1,6,9,8,48,18,88,74,20,58,14,264,111,126,14,37,230,81,671,42,139,84,23603,1994,55,67,70,6527,367,107,108,3274,2944,55,14,124,4877,20,107,7796,85,1254,4,39,27,92,33
0,0,0,0,0,0,0,1,13,3,4,5,7,0,0,2,0,2,3,54,1,11,83,6,33,166,136,32,0,1,1,151,53,24,0,2,8,157,3,104,0,1,2,326,76,12,74,1,0,1,5,0,13,0,7,4,191,56,23,1018,63,39,151,79,44,29,50,16,70,1688,51,992,346,12683,24,1994,25121,321,14,48,779,1958,26,30,3146,424,791,25,36,2667,317,5792,24647,64,857,56,10,6,28,9
0,0,0,0,0,0,0,0,0,0,0,0,0,0,0,0,0,0,0,0,0,5,3,0,0,8,12,45,0,1,0,8,0,89,0,0,3,1,0,216,0,0,0,78,0,28,37,0,0,0,8,0,5,1,1,2,2,12,3,17,43,17,7,3,89,53,11,3,7,16,64,1332,4,51,32,55,321,56690,223,17,28,43,81,14,60,13793,119,2,37,19,44,14967,357,14895,940,4,26,309,87,38
0,0,0,0,0,0,0,0,0,4,3,0,0,3,2,0,1,2,3,1,0,3,0,0,0,1,2,0,0,2,4,2,0,0,8,11,1,3,5,0,0,2,1,1,0,0,2,0,0,3,805,54,271,28,146,53,4,6,4,10,268,54,39,10,7903,728,241,14,70,28,140,1597,39,5,224,67,14,223,155627,92,118,119,24277,213,218,78,140,99,604,14,92,20,36,241,118,20,16122,22915,3349,336
0,0,2,1,0,1,1,3,13,37,11,2,2,3,3,19,0,8,22,8,8,17,2,5,3,1,5,0,0,6,8,2,6,1,9,23,12,6,21,2,3,21,6,7,5,0,0,1,0,3,24,3,78,2,31,12,262,439,1158,57,265,175,737,583,624,895,11602,4113,1190,191,1804,423,109,71,7624,70,48,17,92,15662,168,1109,231,4019,466,53,568,200,2549,32,150,1,55,21,198,25,55,32,224,244
0,0,0,0,0,0,0,0,6,0,4,4,2,0,0,0,0,0,0,6,3,9,27,0,10,285,114,3,0,0,0,165,9,48,2,0,1,61,0,22,0,1,1,388,11,19,71,1,0,0,20,2,21,0,13,5,24,80,43,77,105,39,77,32,368,175,122,37,51,186,141,628,15,86,114,6527,779,28,118,168,14193,2185,183,127,4471,6589,52,14,219,628,14,140,2190,124,10930,0,65,36,131,92
0,1,0,1,0,0,0,6,50,1,9,8,25,1,0,5,2,5,5,208,6,12,156,5,79,123,294,2,1,2,2,226,140,9,3,4,42,299,1,0,0,3,6,293,143,7,100,1,0,2,31,1,51,1,16,12,2289,562,308,529,245,699,8306,4457,574,372,605,1188,313,4374,1006,9434,181,1480,428,367,1958,43,119,1109,2185,22224,225,364,10124,153,418,41,389,1318,39,18,1844,105,4105,8,61,41,179,184
0,0,0,0,0,0,0,2,3,9,3,0,0,2,2,7,1,0,5,0,1,5,1,3,0,6,2,0,1,1,4,2,1,0,6,3,5,1,5,1,0,3,2,4,0,0,2,0,0,4,384,27,223,14,89,60,4,3,7,15,338,67,59,20,19877,2986,279,20,101,36,276,865,63,17,429,107,26,81,24277,231,183,225,43361,451,258,79,189,116,1506,21,96,14,54,82,145,20,1961,12848,15856,1433
0,0,1,1,0,3,2,0,0,23,3,0,0,8,4,23,0,0,7,5,2,17,1,5,2,4,5,0,1,4,5,4,2,1,15,23,11,3,19,0,4,19,7,4,2,0,2,15,2,10,71,17,465,3,146,21,71,37,97,19,462,41,74,93,2309,9418,4633,57,232,224,70,244,20,23,1969,108,30,14,213,4019,127,364,451,16275,704,41,316,141,9916,49,175,3,40,12,97,132,151,82,414,137
0,0,0,2,0,1,0,8,27,10,13,6,12,0,0,7,1,4,8,114,9,9,169,9,108,170,372,1,0,1,5,302,109,6,1,16,27,461,6,2,0,1,11,434,200,8,137,6,0,6,82,6,191,5,40,35,213,434,241,403,99,55,205,99,961,658,782,69,269,3925,110,861,89,680,280,3274,3146,60,218,466,4471,10124,258,704,19552,458,212,83,440,4727,48,18,1509,31,880,11,164,51,178,62
0,0,0,0,0,0,0,1,3,0,1,0,0,0,0,0,1,0,0,1,1,39,21,1,3,246,70,84,0,0,0,134,2,636,0,1,5,3,2,773,0,0,1,838,4,177,319,4,0,0,9,2,15,0,3,3,4,15,14,22,75,19,20,6,140,85,34,14,17,44,67,826,7,38,47,2944,424,13793,78,53,6589,153,79,41,458,41922,23,4,66,196,8,4602,5420,10109,4737,2,22,84,84,45
2,3,2,19,4,7,11,107,217,56,44,14,54,16,10,62,14,36,38,199,20,46,10,18,10,1,7,7,3,17,28,2,92,2,86,69,194,8,90,33,7,30,31,12,22,0,2,44,7,22,36,16,96,8,135,52,843,1062,529,8538,1025,378,315,607,286,224,508,970,1537,1206,1021,277,9362,2079,553,55,791,119,140,568,52,418,189,316,212,23,4380,2084,457,142,4257,469,412,11,50,1402,61,96,434,323
5,8,7,51,9,15,46,1,3,96,32,0,0,45,55,252,0,6,13,2,7,63,2,25,0,1,8,0,7,15,62,0,1,0,245,99,45,0,116,1,8,63,44,3,0,0,1,158,18,39,239,255,1119,317,1430,5259,10,16,20,127,570,92,22,12,477,143,6153,21,5895,146,158,214,2770,148,206,14,25,2,99,200,14,41,116,141,83,4,2084,25178,172,27,16742,3,31,5,14,5586,67,67,322,151
0,0,0,3,0,0,1,0,3,30,3,0,1,0,2,18,0,1,8,4,1,13,2,2,1,4,4,0,2,4,3,3,0,1,13,8,6,4,10,1,3,16,3,7,1,0,2,3,1,6,30,7,194,3,44,13,18,3,19,18,857,257,175,50,2532,12834,517,79,204,92,1184,510,69,22,7541,124,36,37,604,2549,219,389,1506,9916,440,66,457,172,32393,31,252,4,69,29,217,180,245,264,2891,9434
0,1,0,0,0,0,0,1,7,2,4,8,1,0,0,1,1,0,1,23,3,4,102,3,53,170,199,2,0,0,0,229,29,4,2,2,6,262,2,1,0,2,4,381,42,13,91,0,0,1,9,0,18,1,5,6,8,26,13,108,65,66,80,13,48,50,95,15,98,2156,39,815,123,1015,29,4877,2667,19,14,32,628,1318,21,49,4727,196,142,27,31,20833,62,6,9799,48,501,9,10,8,21,10
5,5,3,39,5,10,27,0,2,89,23,0,0,31,57,184,0,2,15,0,2,51,0,22,1,0,2,6,7,24,76,3,0,2,190,80,61,4,111,11,11,61,43,3,1,0,1,115,20,53,50,22,84,164,607,707,17,16,19,87,371,61,11,6,149,94,249,13,824,56,140,117,1992,1033,228,20,317,44,92,150,14,39,96,175,48,8,4257,16742,252,62,21640,161,248,6,16,17338,63,33,239,126
0,0,0,0,0,1,0,0,0,1,1,0,0,1,0,0,0,0,0,2,0,51,11,2,0,142,158,732,0,1,0,47,2,787,1,0,44,7,24,3700,0,0,0,905,0,277,338,7,0,0,0,0,2,0,3,0,0,3,1,7,9,1,4,4,7,8,2,2,5,1,10,161,7,379,5,107,5792,14967,20,1,140,18,14,3,18,4602,469,3,4,6,161,42290,14111,881,421,11,2,18,11,6
0,0,0,1,0,0,0,3,8,4,9,8,7,0,0,2,0,1,1,28,11,37,163,5,38,804,345,51,0,0,2,561,37,361,0,1,10,277,3,498,0,0,5,1343,62,103,276,2,0,3,6,2,18,0,11,1,21,61,28,268,218,133,219,23,90,53,58,41,103,266,180,2332,315,3339,67,7796,24647,357,36,55,2190,1844,54,40,1509,5420,412,31,69,9799,248,14111,60966,365,2625,52,11,27,103,75
0,0,0,0,0,0,0,0,1,0,0,0,2,0,0,1,0,0,0,1,0,6,1,0,0,24,12,4,0,0,0,11,1,91,0,1,0,3,0,115,0,0,0,111,1,22,53,0,0,0,2,1,5,0,2,4,1,18,9,17,71,45,35,7,45,31,12,9,15,17,73,7412,7,15,30,85,64,14895,241,21,124,105,82,12,31,10109,11,5,29,48,6,881,365,15153,7590,2,17,437,91,31
0,0,0,0,0,0,0,0,4,1,2,2,0,1,0,0,0,1,3,2,3,6,45,2,3,233,113,14,0,0,0,187,11,84,0,3,3,91,1,73,0,0,0,408,7,35,80,0,0,0,7,0,10,0,1,6,13,80,45,115,244,156,254,38,280,166,93,65,62,163,288,9436,27,115,150,1254,857,940,118,198,10930,4105,145,97,880,4737,50,14,217,501,16,421,2625,7590,29284,3,49,93,187,164
9,14,26,203,15,125,145,0,3,54,47,0,0,60,69,506,1,0,4,0,1,30,1,119,0,0,33,1,4,14,66,4,1,1,578,83,196,6,258,4,4,38,63,11,1,0,0,1195,23,34,85,89,133,81,5613,245,9,6,0,36,148,10,1,2,242,63,254,1,66,17,15,48,164,186,56,4,56,4,20,25,0,8,20,132,11,2,1402,5586,180,9,17338,11,52,2,3,14948,259,11,80,18
0,0,0,1,0,0,2,0,0,4,2,0,0,1,1,1,0,0,2,0,0,1,1,3,0,0,1,0,0,1,0,1,1,0,0,4,3,1,5,0,0,0,0,3,0,0,0,6,0,0,12556,130,487,117,4681,112,2,7,3,1,74,20,11,6,12440,556,238,2,38,23,43,106,13,6,61,39,10,26,16122,55,65,61,1961,151,164,22,61,67,245,10,63,2,11,17,49,259,42381,238,1305,94
0,0,0,0,0,0,1,0,0,3,0,0,0,0,1,1,0,1,3,0,0,0,0,0,0,0,0,1,0,1,1,2,0,0,1,2,0,0,1,0,1,1,2,2,0,0,1,0,0,0,63,24,106,13,40,37,2,1,3,5,23215,41,22,6,478,253,131,4,46,11,123,5275,24,6,149,27,6,309,22915,32,36,41,12848,82,51,84,96,67,264,8,33,18,27,437,93,11,238,52859,4998,547
0,0,0,1,0,0,1,0,1,17,8,0,1,4,3,16,1,4,6,0,3,8,0,2,0,4,2,0,1,2,10,3,0,1,4,9,6,1,5,0,0,12,0,3,0,0,1,3,1,3,129,64,344,40,172,142,4,8,13,26,24212,258,121,19,2576,3911,590,33,210,40,1108,3434,200,17,1075,92,28,87,3349,224,131,179,15856,414,178,84,434,322,2891,21,239,11,103,91,187,80,1305,4998,21981,9629
0,0,0,1,0,2,0,1,0,8,7,1,0,0,3,4,1,6,5,1,4,9,1,4,2,2,2,0,0,2,4,0,0,0,3,4,8,1,5,0,0,3,3,3,0,0,0,1,0,3,12,5,33,5,30,27,5,5,8,31,9205,540,274,21,1401,3349,199,88,147,23,7525,710,108,27,2969,33,9,38,336,244,92,184,1433,137,62,45,323,151,9434,10,126,6,75,31,164,18,94,547,9629,11998
