29431,7488,10007,1938,15845,2588,912,0,0,31,1,2,0,17148,104,129,0,0,3,3,2,230,2,0,0,0,0,15,592,585,2,5,0,2,10,2,19,1,12,4,396,183,66,2,7,10,5,103,2250,9,9,134,41,232,29,26,0,0,0,0,2,0,0,0,11,10,21,0,2,1,1,1,0,0,2,1,1,0,6,4,0,0,1,1,1,1,0,1,3,0,1,0,1,0,0,35,4,2,2,1
7488,25387,6967,17140,789,1364,1495,1,0,211,3,2,0,10585,2338,92,1,0,5,2,8,304,2,1,1,0,1,6,141,218,5,4,2,4,17,5,19,3,13,1,630,559,51,4,3,15,6,665,193,54,29,99,141,115,84,136,0,0,1,0,1,0,0,0,68,18,53,1,5,0,1,2,0,2,3,1,1,1,5,1,0,0,6,6,0,0,4,22,3,1,1,3,0,0,1,129,23,0,5,2
10007,6967,24285,10690,5431,6109,7270,6,2,351,1,10,2,1648,89,95,2,0,8,6,7,757,4,3,2,2,1,19,505,741,12,2,8,5,33,15,47,0,20,4,1536,876,23,5,4,39,9,592,532,56,231,570,111,1962,145,120,0,0,1,1,4,0,0,0,57,12,38,0,3,0,2,4,1,1,4,1,0,0,25,5,0,0,10,5,0,0,6,25,4,0,7,0,0,0,0,97,35,2,8,7
1938,17140,10690,64421,1048,2583,10596,16,4,799,9,16,9,6701,11456,10046,2,0,24,67,31,578,14,7,17,44,9,60,259,348,109,111,42,40,416,62,124,20,217,7,1113,1143,1496,32,156,25,22,4020,398,259,163,575,1137,447,492,789,3,4,2,2,22,0,1,2,607,207,516,3,9,9,7,13,2,7,9,3,4,2,97,8,0,4,98,42,12,2,18,130,24,9,30,6,6,3,1,705,107,19,37,9
15845,789,5431,1048,31739,19817,194,0,1,14,0,1,0,7733,186,209,1,1,1,8,0,90,2,3,2,5,7,7,710,363,12,7,2,3,57,3,24,1,120,8,167,50,137,7,8,9,2,932,6936,14,2,50,22,168,7,6,0,0,0,0,0,0,0,0,7,10,13,0,0,1,0,2,0,0,0,0,0,0,2,0,0,0,2,4,0,1,1,2,0,0,2,0,0,0,0,8,3,0,1,0
2588,1364,6109,2583,19817,15433,16398,3,3,67,0,0,1,910,103,151,1,0,1,2,7,102,6,12,15,2,21,13,201,183,19,12,3,4,264,18,59,0,376,24,197,90,70,28,5,5,10,3900,2259,10,107,153,143,919,250,196,0,0,0,1,3,0,0,0,59,20,54,1,3,2,1,1,1,2,0,0,3,3,12,2,1,1,8,10,1,0,9,29,3,3,7,3,1,0,0,182,34,1,2,3
912,1495,7270,10596,194,16398,22164,18,16,450,18,31,8,700,444,3115,3,2,19,58,67,261,13,32,34,35,13,32,73,156,151,71,35,25,3401,290,166,11,341,5,369,375,464,22,98,12,19,3165,174,67,38,127,336,474,144,511,0,1,3,3,15,2,0,0,194,101,286,2,17,11,7,15,2,4,20,0,2,2,52,11,1,4,52,47,10,1,19,83,22,5,25,1,5,2,0,203,46,8,25,8
0,1,6,16,0,3,18,50819,9352,160,1529,1632,7708,139,308,547,3388,9713,3332,4192,459,2032,281,258,574,59,174,15,18,58,1696,198,1466,32,39,126,3730,89,28,13,44,76,1560,75,703,50,108,6,11,136,0,0,9,1,2,4,438,1072,190,2294,135,57,162,293,9,34,103,111,252,1956,165,91,199,565,50,17,45,2,16,47,14,466,25,25,320,4,126,34,26,64,10,6,21,5,7,2,1,9,46,24
0,0,2,4,1,3,16,9352,45703,106,1106,1474,2150,19,17,341,1182,462,11713,4411,368,2004,376,9035,6387,134,2618,53,16,29,193,177,877,76,99,788,14210,129,81,113,23,44,117,528,205,95,137,11,6,34,0,1,6,0,0,4,476,1200,124,3339,90,43,133,293,9,11,82,77,195,1951,100,72,235,775,36,22,127,8,9,28,8,457,29,33,338,8,131,33,14,99,5,13,42,3,8,4,4,12,17,13
31,211,351,799,14,67,450,160,106,36507,3830,5430,162,139,238,1199,231,30,545,85,4436,5321,752,210,101,43,72,121,306,170,324,331,485,67,677,957,1233,39,1054,41,14467,10328,2459,160,74,414,508,178,89,5082,2,5,23,6,4,12,4,16,140,52,230,26,17,2,28,66,270,33,415,15,139,52,37,9,241,10,7,6,51,182,7,15,69,87,13,2,90,168,130,19,58,13,17,5,2,25,7,53,136,97
1,3,1,9,0,0,18,1529,1106,3830,5087,11346,717,10,7,185,487,75,859,169,2054,2750,1218,84,143,16,41,33,20,32,121,32,177,15,69,231,306,16,88,22,125,78,129,72,21,262,158,10,2,26,0,0,0,0,0,1,11,42,45,90,48,9,11,6,2,8,26,23,89,36,51,8,33,20,44,9,8,1,8,35,3,16,9,4,24,3,22,14,8,8,3,5,6,2,1,2,1,8,19,15
2,2,10,16,1,0,31,1632,1474,5430,11346,25664,7553,27,21,145,8538,311,477,1202,9108,3432,6192,205,2264,62,585,63,30,116,563,302,5004,43,80,259,749,200,113,31,157,519,722,506,344,398,781,15,7,176,0,1,3,2,0,3,28,60,53,164,66,16,24,14,6,8,32,29,105,167,50,46,43,198,44,37,62,5,8,41,11,100,24,14,267,9,40,20,9,221,8,4,110,5,5,2,2,5,20,14
0,0,2,9,0,1,8,7708,2150,162,717,7553,20982,36,86,133,5973,1541,211,1388,1258,773,185,54,756,11,196,12,19,76,1305,400,6549,10,30,91,729,37,32,1,51,174,535,45,270,27,149,5,6,208,0,1,4,0,1,2,175,300,19,626,13,1,49,103,1,10,40,10,80,843,17,15,80,283,9,5,28,1,5,11,5,209,11,14,158,5,16,9,12,44,3,4,18,0,3,1,1,0,14,4
17148,10585,1648,6701,7733,910,700,139,19,139,10,27,36,77853,10858,915,9,15,43,219,50,291,33,7,70,72,28,91,6625,21489,252,347,259,80,739,104,560,41,739,13,869,802,2969,53,451,59,99,574,14660,2498,56,165,458,115,140,253,2,4,4,4,70,1,5,0,322,313,652,1,31,13,7,41,3,23,22,4,5,9,173,39,1,11,168,137,33,0,52,216,118,15,106,3,8,4,0,299,62,51,115,42
104,2338,89,11456,186,103,444,308,17,238,7,21,86,10858,22682,688,7,31,22,309,60,175,19,4,71,69,29,64,327,2078,333,362,359,51,648,62,340,42,585,12,408,877,8981,36,547,13,63,470,230,3971,41,161,495,97,133,250,0,4,1,3,61,0,7,1,351,254,515,2,14,11,6,34,6,20,21,8,7,7,121,23,1,14,138,118,32,4,37,135,72,18,77,4,9,4,4,274,52,31,94,20
129,92,95,10046,209,151,3115,547,341,1199,185,145,133,915,688,41681,160,241,4505,701,793,419,50,104,230,211,70,132,170,408,17144,352,199,131,3352,5162,1070,111,817,30,595,847,8330,131,572,23,76,847,126,241,40,118,382,56,80,196,14,17,71,43,207,6,16,13,325,238,763,19,337,85,90,77,14,65,244,9,14,8,179,215,4,20,205,200,51,0,105,304,244,21,127,5,12,10,3,178,45,54,199,125
0,1,2,2,1,1,3,3388,1182,231,487,8538,5973,9,7,160,6158,1497,668,58,4670,309,340,58,62,5,22,4,1,13,2491,100,643,9,12,44,692,5,7,4,14,55,236,35,20,19,134,1,1,19,0,0,2,0,0,1,8,62,54,125,60,17,11,8,0,1,3,24,54,15,57,17,30,6,28,4,4,1,2,22,2,8,6,3,10,1,17,7,5,12,2,2,5,0,0,2,1,3,12,8
0,0,0,0,1,0,2,9713,462,30,75,311,1541,15,31,241,1497,2504,834,274,163,70,35,38,37,3,13,2,0,12,1095,91,489,4,3,18,251,11,8,1,4,8,324,9,155,4,29,1,3,22,0,0,0,0,0,0,7,28,42,59,32,14,14,6,0,1,11,14,62,14,46,11,32,7,28,1,0,2,2,8,2,8,0,1,14,0,16,9,0,4,3,0,3,2,1,0,0,4,12,6
3,5,8,24,1,1,19,3332,11713,545,859,477,211,43,22,4505,668,834,19120,943,1582,445,102,1898,1091,87,268,43,56,74,3789,135,243,42,92,2766,2343,106,223,40,145,178,817,219,212,22,55,6,3,41,1,1,4,0,0,6,38,77,272,183,301,46,33,21,7,27,159,77,621,146,226,76,130,94,325,6,17,7,28,203,9,73,72,30,62,4,136,167,70,39,42,6,9,3,2,3,1,49,151,99
3,2,6,67,8,2,58,4192,4411,85,169,1202,1388,219,309,701,58,274,943,21942,110,752,739,143,5306,1127,1194,168,37,177,975,1677,5734,350,68,284,268,4947,76,73,101,187,1454,1721,6789,64,446,26,12,249,1,3,29,4,2,17,173,209,35,558,32,10,181,93,50,113,105,17,145,1454,31,142,100,1583,49,140,204,13,49,43,43,740,79,63,1525,26,24,22,72,914,10,21,332,7,15,8,12,10,50,24
2,8,7,31,0,7,67,459,368,4436,2054,9108,1258,50,60,793,4670,163,1582,110,21157,437,724,310,140,22,74,61,49,218,4008,394,902,36,284,863,1253,36,473,40,307,1454,13299,122,81,159,508,48,14,1722,0,1,7,2,1,3,4,44,141,115,259,48,24,8,13,20,129,53,366,26,164,55,84,16,189,14,8,5,22,145,2,28,43,36,18,3,101,112,45,22,34,7,19,3,2,6,1,33,85,77
230,304,757,578,90,102,261,2032,2004,5321,2750,3432,773,291,175,419,309,70,445,752,437,18219,6614,106,918,439,513,1005,4673,660,163,411,383,679,241,290,539,138,387,526,12254,774,367,1390,175,5180,1223,77,88,129,3,5,11,13,4,15,29,49,36,124,97,12,24,20,23,59,160,10,147,148,41,46,18,124,102,165,52,20,29,70,57,74,57,62,117,68,32,100,79,75,28,150,155,8,24,12,4,22,68,65
2,2,4,14,2,6,13,281,376,752,1218,6192,185,33,19,50,340,35,102,739,724,6614,6718,115,1737,705,1298,194,112,55,91,567,2422,367,20,64,124,782,80,303,124,186,128,3093,764,5437,4060,12,5,70,0,1,1,0,1,0,10,9,8,28,6,0,11,3,3,3,6,4,14,38,9,69,17,105,7,321,171,14,1,0,87,88,6,8,341,75,6,5,5,321,2,121,351,4,33,0,1,3,9,2
0,1,3,7,3,12,32,258,9035,210,84,205,54,7,4,104,58,38,1898,143,310,106,115,6291,1698,150,1768,199,20,31,164,167,153,119,517,4286,2912,83,4001,668,60,68,97,1017,94,23,108,71,21,19,0,1,2,0,0,6,13,40,31,93,58,7,2,19,1,7,36,11,94,82,42,12,29,40,42,24,21,4,6,39,11,28,14,9,48,6,32,36,13,41,6,13,29,3,4,0,1,7,22,9
0,1,2,17,2,15,34,574,6387,101,143,2264,756,70,71,230,62,37,1091,5306,140,918,1737,1698,12227,524,9864,184,28,128,154,1224,3896,284,97,612,448,996,338,340,61,160,234,4385,1952,135,617,87,32,156,3,1,16,3,4,9,74,79,19,320,15,21,145,42,30,74,79,12,76,767,14,297,72,1426,32,272,469,24,27,19,83,682,69,48,2009,55,14,15,45,1565,6,46,708,12,29,2,11,2,36,12
0,0,2,44,5,2,35,59,134,43,16,62,11,72,69,211,5,3,87,1127,22,439,705,150,524,17252,710,234,14,14,117,12703,242,3807,22,88,28,3838,68,366,26,29,261,10809,3895,251,1796,26,12,24,0,0,1,0,1,0,1,2,4,4,5,3,4,3,3,5,2,0,7,3,13,99,11,49,6,1451,399,45,3,3,248,68,5,2,175,208,2,1,5,254,7,398,1035,26,124,0,1,3,7,7
0,1,1,9,7,21,13,174,2618,72,41,585,196,28,29,70,22,13,268,1194,74,513,1298,1768,9864,710,16595,2330,15,35,49,1478,1106,496,60,226,1799,446,2011,9884,35,69,100,11571,1501,234,1051,278,86,38,0,5,4,1,7,3,26,17,5,146,5,3,28,17,8,7,18,5,29,168,8,144,35,345,9,543,385,55,4,1,146,224,9,4,514,132,6,7,8,623,4,314,655,14,59,2,0,1,6,5
15,6,19,60,7,13,32,15,53,121,33,63,12,91,64,132,4,2,43,168,61,1005,194,199,184,234,2330,66078,714,205,61,484,81,9560,39,63,439,123,522,12306,702,92,182,1248,245,20742,4808,92,44,29,1,1,4,2,0,0,1,1,1,3,1,0,2,0,1,0,9,0,5,0,4,13,0,7,2,55,33,364,0,3,17,6,3,3,21,101,2,4,4,24,5,352,60,22,15,2,1,0,2,3
592,141,505,259,710,201,73,18,16,306,20,30,19,6625,327,170,1,0,56,37,49,4673,112,20,28,14,15,714,90253,17254,58,55,49,96,106,87,240,11,168,89,14817,407,223,45,49,924,100,57,5151,114,0,6,17,6,4,3,0,1,21,5,50,4,2,1,19,40,96,4,79,5,18,2,2,5,38,3,3,1,20,48,3,6,33,40,5,4,18,59,39,6,24,10,3,2,2,14,1,13,34,38
585,218,741,348,363,183,156,58,29,170,32,116,76,21489,2078,408,13,12,74,177,218,660,55,31,128,14,35,205,17254,50224,173,478,518,64,318,306,778,39,573,36,19569,11255,1339,78,239,223,220,85,940,3814,3,10,45,11,6,16,2,3,21,2,106,4,6,2,54,139,322,3,158,9,30,32,5,13,144,7,4,3,82,137,1,16,120,133,27,2,52,170,160,9,68,2,7,2,0,36,15,37,140,105
2,5,12,109,12,19,151,1696,193,324,121,563,1305,252,333,17144,2491,1095,3789,975,4008,163,91,164,154,117,49,61,58,173,17468,467,1377,73,710,1557,1104,115,538,25,178,259,18169,125,755,23,192,112,27,216,0,9,35,3,5,13,10,32,120,49,238,19,14,9,31,84,341,33,346,53,99,98,47,39,203,6,10,8,80,189,2,35,112,127,44,0,102,190,175,32,84,2,16,6,1,24,9,34,158,102
5,4,2,111,7,12,71,198,177,331,32,302,400,347,362,352,100,91,135,1677,394,411,567,167,1224,12703,1478,484,55,478,467,32722,6325,11562,69,121,91,2014,130,1029,208,713,848,6983,9111,429,12720,34,24,625,0,0,4,0,2,1,2,10,5,12,12,0,9,3,0,16,13,2,21,37,11,147,14,108,7,1198,330,74,3,12,292,109,7,6,309,410,11,5,10,369,1,816,1041,49,160,5,1,2,10,7
0,2,8,42,2,3,35,1466,877,485,177,5004,6549,259,359,199,643,489,243,5734,902,383,2422,153,3896,242,1106,81,49,518,1377,6325,24581,191,63,194,267,918,119,66,180,944,1055,1699,5311,235,4571,35,19,988,0,2,6,1,0,2,36,45,14,148,22,8,41,26,10,27,42,8,50,423,14,80,24,394,18,144,134,9,12,11,41,215,27,25,572,21,16,19,24,460,7,26,227,7,21,4,3,4,22,14
2,4,5,40,3,4,25,32,76,67,15,43,10,80,51,131,9,4,42,350,36,679,367,119,284,3807,496,9560,96,64,73,11562,191,33818,29,50,54,586,112,12599,150,55,196,6518,1164,4786,12027,23,17,28,0,0,2,0,0,0,0,1,1,4,6,0,1,0,1,4,3,2,2,3,1,35,4,19,2,245,69,178,0,1,107,21,1,4,48,734,3,2,2,61,7,1140,245,107,71,2,1,0,2,0
10,17,33,416,57,264,3401,39,99,677,69,80,30,739,648,3352,12,3,92,68,284,241,20,517,97,22,60,39,106,318,710,69,63,29,6816,4072,680,28,6289,36,323,548,1712,72,66,7,26,2464,131,230,4,18,68,13,23,35,2,3,13,9,65,4,1,5,65,134,286,1,58,15,24,31,5,14,67,1,7,3,79,69,1,6,95,96,9,0,40,106,91,3,67,2,2,2,2,77,14,28,56,56
2,5,15,62,3,18,290,126,788,957,231,259,91,104,62,5162,44,18,2766,284,863,290,64,4286,612,88,226,63,87,306,1557,121,194,50,4072,10046,1689,71,6589,112,390,567,1416,286,81,23,54,76,23,141,1,3,18,2,6,9,10,23,81,50,183,6,14,7,19,74,334,18,458,67,89,44,32,41,280,7,12,9,61,268,1,35,92,108,42,2,102,224,223,22,61,4,13,9,4,15,11,47,179,139
19,19,47,124,24,59,166,3730,14210,1233,306,749,729,560,340,1070,692,251,2343,268,1253,539,124,2912,448,28,1799,439,240,778,1104,91,267,54,680,1689,3659,26,5429,976,730,1240,2377,301,74,95,104,709,154,610,3,12,32,13,13,31,34,123,41,456,79,7,23,29,23,37,132,10,163,116,36,23,43,61,115,7,11,11,29,82,3,38,39,55,24,5,48,91,72,7,40,16,10,2,2,42,9,14,75,68
1,3,0,20,1,0,11,89,129,39,16,200,37,41,42,111,5,11,106,4947,36,138,782,83,996,3838,446,123,11,39,115,2014,918,586,28,71,26,9415,36,125,7,40,178,8029,4425,56,702,8,4,42,0,0,1,0,2,2,1,3,0,10,2,3,9,0,0,4,14,1,10,27,2,100,8,116,4,321,198,7,3,9,77,109,1,4,432,37,1,3,5,523,1,46,328,7,17,0,0,0,5,2
12,13,20,217,120,376,341,28,81,1054,88,113,32,739,585,817,7,8,223,76,473,387,80,4001,338,68,2011,522,168,573,538,130,119,112,6289,6589,5429,36,28431,1500,504,835,1966,790,97,53,116,6624,694,394,4,7,43,12,16,38,3,3,28,13,138,4,3,2,45,113,387,4,208,13,34,45,11,12,115,12,5,8,81,137,2,10,110,129,16,11,89,153,129,23,72,23,20,0,3,37,18,41,123,83
4,1,4,7,8,24,5,13,113,41,22,31,1,13,12,30,4,1,40,73,40,526,303,668,340,366,9884,12306,89,36,25,1029,66,12599,36,112,976,125,1500,34390,134,28,38,11725,132,2745,2631,267,72,11,0,2,4,0,2,1,1,2,1,2,3,2,5,0,1,2,1,1,2,5,2,53,6,20,2,302,99,709,2,5,134,22,2,1,42,967,5,2,4,51,4,2343,298,187,115,3,2,0,2,1
396,630,1536,1113,167,197,369,44,23,14467,125,157,51,869,408,595,14,4,145,101,307,12254,124,60,61,26,35,702,14817,19569,178,208,180,150,323,390,730,7,504,134,68568,16165,908,92,73,1157,235,86,175,797,4,11,31,8,5,12,3,7,50,5,105,9,2,2,31,86,242,9,224,6,54,50,10,8,158,13,4,3,59,120,3,2,73,102,7,7,53,156,132,6,54,24,12,4,4,25,4,26,109,98
183,559,876,1143,50,90,375,76,44,10328,78,519,174,802,877,847,55,8,178,187,1454,774,186,68,160,29,69,92,407,11255,259,713,944,55,548,567,1240,40,835,28,16165,35575,5596,146,206,171,444,129,48,12046,5,8,22,8,4,16,4,10,51,6,142,7,7,1,23,66,288,11,252,27,55,44,7,14,166,13,1,6,79,178,4,13,103,111,27,1,73,160,161,26,64,6,9,2,3,34,6,33,132,85
66,51,23,1496,137,70,464,1560,117,2459,129,722,535,2969,8981,8330,236,324,817,1454,13299,367,128,97,234,261,100,182,223,1339,18169,848,1055,196,1712,1416,2377,178,1966,38,908,5596,60972,195,1742,61,281,486,185,15031,13,60,250,41,54,109,4,15,45,30,226,14,12,4,193,253,729,9,338,62,77,101,18,59,173,19,14,9,175,178,5,45,237,213,67,2,171,311,217,50,169,8,23,9,3,161,38,53,237,124
2,4,5,32,7,28,22,75,528,160,72,506,45,53,36,131,35,9,219,1721,122,1390,3093,1017,4385,10809,11571,1248,45,78,125,6983,1699,6518,72,286,301,8029,790,11725,92,146,195,40952,2744,1255,4681,192,66,73,2,2,4,0,3,3,3,9,0,20,8,6,20,6,6,10,10,3,11,20,20,233,24,154,7,1745,666,145,5,3,441,193,15,5,573,589,5,2,10,734,14,1333,1651,67,215,7,2,1,15,9
7,3,4,156,8,5,98,703,205,74,21,344,270,451,547,572,20,155,212,6789,81,175,764,94,1952,3895,1501,245,49,239,755,9111,5311,1164,66,81,74,4425,97,132,73,206,1742,2744,15548,70,907,33,30,309,0,1,14,1,2,3,16,21,10,33,12,4,52,9,16,39,43,3,23,147,10,275,25,508,16,627,560,23,12,13,172,443,26,21,1824,93,10,14,24,1773,11,51,940,9,61,2,6,4,20,10
10,15,39,25,9,5,12,50,95,414,262,398,27,59,13,23,19,4,22,64,159,5180,5437,23,135,251,234,20742,924,223,23,429,235,4786,7,23,95,56,53,2745,1157,171,61,1255,70,17887,8750,11,17,29,0,0,0,0,0,2,2,2,4,4,7,2,5,1,1,3,8,0,14,10,3,14,2,8,7,95,26,88,2,6,36,8,1,5,16,236,3,5,8,21,4,471,79,28,24,1,0,0,3,3
5,6,9,22,2,10,19,108,137,508,158,781,149,99,63,76,134,29,55,446,508,1223,4060,108,617,1796,1051,4808,100,220,192,12720,4571,12027,26,54,104,702,116,2631,235,444,281,4681,907,8750,29502,27,14,221,0,0,1,0,0,0,0,4,5,15,15,4,3,2,2,9,6,2,16,16,12,102,4,40,10,656,175,128,2,5,189,49,7,3,134,615,6,3,8,171,9,1091,569,92,116,1,2,2,5,2
103,665,592,4020,932,3900,3165,6,11,178,10,15,5,574,470,847,1,1,6,26,48,77,12,71,87,26,278,92,57,85,112,34,35,23,2464,76,709,8,6624,267,86,129,486,192,33,11,27,6890,1057,49,109,389,829,263,325,552,1,1,2,2,11,1,0,1,430,167,355,3,0,2,2,13,2,3,6,4,9,7,70,9,3,4,65,38,7,4,26,136,20,0,28,12,4,1,0,557,87,14,34,8
2250,193,532,398,6936,2259,174,11,6,89,2,7,6,14660,230,126,1,3,3,12,14,88,5,21,32,12,86,44,5151,940,27,24,19,17,131,23,154,4,694,72,175,48,185,66,30,17,14,1057,9726,20,3,14,20,18,6,8,0,1,1,1,5,0,0,0,9,13,19,0,5,2,0,1,0,3,0,2,0,1,6,0,0,0,9,5,2,0,5,15,7,3,10,2,3,1,0,13,1,4,3,4
9,54,56,259,14,10,67,136,34,5082,26,176,208,2498,3971,241,19,22,41,249,1722,129,70,19,156,24,38,29,114,3814,216,625,988,28,230,141,610,42,394,11,797,12046,15031,73,309,29,221,49,20,14027,0,2,5,2,2,3,1,3,7,5,50,1,1,0,14,39,113,2,55,16,21,16,3,18,40,8,3,4,27,36,2,5,52,53,20,3,18,62,57,16,25,1,11,2,0,11,2,21,40,33
9,29,231,163,2,107,38,0,0,2,0,0,0,56,41,40,0,0,1,1,0,3,0,0,3,0,0,1,0,3,0,0,0,0,4,1,3,0,4,0,4,5,13,2,0,0,0,109,3,0,45931,18184,2408,18995,12187,688,1,3,3,0,17,1,0,0,13352,115,193,0,4,3,6,51,1,8,2,6,2,24,1219,1,1,2,273,6,8,0,13,52,7,4,40,4,6,9,0,358,12081,49,58,13
134,99,570,575,50,153,127,0,1,5,0,1,1,165,161,118,0,0,1,3,1,5,1,1,1,0,5,1,6,10,9,0,2,0,18,3,12,0,7,2,11,8,60,2,1,0,0,389,14,2,18184,51033,17625,11205,3041,7334,0,3,1,2,91,4,4,0,9712,162,309,0,3,0,5,217,1,2,5,5,2,41,1540,5,1,3,1258,9,8,1,17,92,18,2,21,1,4,34,8,550,1758,290,379,34
41,141,111,1137,22,143,336,9,6,23,0,3,4,458,495,382,2,0,4,29,7,11,1,2,16,1,4,4,17,45,35,4,6,2,68,18,32,1,43,4,31,22,250,4,14,0,1,829,20,5,2408,17625,43536,992,1050,16016,27,115,32,19,469,7,14,10,14667,6266,7257,19,30,71,25,313,5,20,23,68,11,41,1285,95,13,68,1321,236,207,16,102,495,116,46,217,8,11,28,7,1352,1638,428,1300,221
232,115,1962,447,168,919,474,1,0,6,0,2,0,115,97,56,0,0,0,4,2,13,0,0,3,0,1,2,6,11,3,0,1,0,13,2,13,0,12,0,8,8,41,0,1,0,0,263,18,2,18995,11205,992,24826,18859,14538,2,0,2,1,80,2,0,1,733,81,785,0,5,1,7,110,0,1,5,3,0,35,908,4,1,4,551,20,1,2,14,136,13,3,32,0,0,28,1,709,2378,141,205,35
29,84,145,492,7,250,144,2,0,4,0,0,1,140,133,80,0,0,0,2,1,4,1,0,4,1,7,0,4,6,5,2,0,0,23,6,13,2,16,2,5,4,54,3,2,0,0,325,6,2,12187,3041,1050,18859,29472,5577,1,3,2,3,77,2,3,4,2655,151,1353,1,8,1,5,97,8,24,18,20,62,68,944,21,6,13,751,56,18,13,72,1047,42,24,355,72,31,27,3,3330,6639,120,160,29
26,136,120,789,6,196,511,4,4,12,1,3,2,253,250,196,1,0,6,17,3,15,0,6,9,0,3,0,3,16,13,1,2,0,35,9,31,2,38,1,12,16,109,3,3,2,0,552,8,3,688,7334,16016,14538,5577,29961,5,36,10,4,410,8,3,3,748,257,6925,4,32,18,12,227,5,9,28,26,4,34,471,26,10,18,590,100,84,12,65,1174,55,15,108,2,4,16,5,1485,351,287,891,167
0,0,0,3,0,0,0,438,476,4,11,28,175,2,0,14,8,7,38,173,4,29,10,13,74,1,26,1,0,2,10,2,36,0,2,10,34,1,3,1,3,4,4,3,16,2,0,1,0,1,1,0,27,2,1,5,3339,8363,499,664,25,29,276,2551,72,100,221,749,239,2190,28,137,39,187,67,24,49,23,27,164,29,1607,52,298,199,16,103,9,122,28,5,4,13,10,19,5,11,6,15,9
0,0,0,4,0,0,1,1072,1200,16,42,60,300,4,4,17,62,28,77,209,44,49,9,40,79,2,17,1,1,3,32,10,45,1,3,23,123,3,3,2,7,10,15,9,21,2,4,1,1,3,3,3,115,0,3,36,8363,31466,7422,11186,186,496,954,4089,155,258,1150,8073,1966,4560,320,1249,326,517,181,80,85,47,59,662,89,1090,110,809,754,34,1020,64,290,227,24,26,58,63,42,5,21,26,53,26
0,1,1,2,0,0,3,190,124,140,45,53,19,4,1,71,54,42,272,35,141,36,8,31,19,4,5,1,21,21,120,5,14,1,13,81,41,0,28,1,50,51,45,0,10,4,5,2,1,7,3,1,32,2,2,10,499,7422,11542,5264,273,352,368,406,43,58,1461,5394,3905,687,624,478,219,121,1284,36,44,21,30,4364,45,511,42,271,433,16,857,99,71,64,73,12,13,12,27,10,9,18,60,47
0,0,1,2,0,1,3,2294,3339,52,90,164,626,4,3,43,125,59,183,558,115,124,28,93,320,4,146,3,5,2,49,12,148,4,9,50,456,10,13,2,5,6,30,20,33,4,15,2,1,5,0,2,19,1,3,4,664,11186,5264,50281,266,672,1312,1958,16,42,332,1398,4696,3635,867,1403,12716,4851,172,197,1441,42,29,171,102,677,48,79,348,74,6259,76,59,393,32,73,436,50,58,8,1,13,52,61
2,1,4,22,0,3,15,135,90,230,48,66,13,70,61,207,60,32,301,32,259,97,6,58,15,5,5,1,50,106,238,12,22,6,65,183,79,2,138,3,105,142,226,8,12,7,15,11,5,50,17,91,469,80,77,410,25,186,273,266,35678,4326,2373,122,176,292,1609,194,1686,44,4813,2962,281,60,758,25,48,110,474,180,38,128,685,102,56,31,1705,1008,534,28,761,34,40,82,48,227,43,13724,14460,4416
0,0,0,0,0,0,2,57,43,26,9,16,1,1,0,6,17,14,46,10,48,12,0,7,21,3,3,0,4,4,19,0,8,0,4,6,7,3,4,2,9,7,14,6,4,2,4,1,0,1,1,4,7,2,2,8,29,496,352,672,4326,5700,6531,358,5,25,109,452,577,100,5615,7050,146,100,425,12,37,29,79,137,22,120,65,21,40,10,304,40,49,30,52,13,39,105,40,5,0,92,226,159
0,0,0,1,0,0,0,162,133,17,11,24,49,5,7,16,11,14,33,181,24,24,11,2,145,4,28,2,2,6,14,9,41,1,1,14,23,9,3,5,2,7,12,20,52,5,3,0,0,1,0,4,14,0,3,3,276,954,368,1312,2373,6531,21577,11939,22,120,113,3822,368,947,5024,5484,167,1073,814,47,179,124,32,847,167,5389,85,97,408,65,200,32,301,337,38,38,122,248,193,8,4,23,198,202
0,0,0,2,0,0,0,293,293,2,6,14,103,0,1,13,8,6,21,93,8,20,3,19,42,3,17,0,1,2,9,3,26,0,5,7,29,0,2,0,2,1,4,6,9,1,2,1,0,0,0,0,10,1,4,3,2551,4089,406,1958,122,358,11939,14039,23,82,158,2917,258,1303,487,652,92,282,156,21,75,48,17,331,86,4230,37,167,142,31,177,16,163,61,21,14,31,31,59,2,2,6,19,29
11,68,57,607,7,59,194,9,9,28,2,6,1,322,351,325,0,0,7,50,13,23,3,1,30,3,8,1,19,54,31,0,10,1,65,19,23,0,45,1,31,23,193,6,16,1,2,430,9,14,13352,9712,14667,733,2655,748,72,155,43,16,176,5,22,23,56789,13597,1646,48,35,79,14,263,6,41,33,119,36,124,6729,51,36,165,12120,614,402,38,164,370,460,43,194,9,17,28,13,696,12649,316,822,185
10,18,12,207,10,20,101,34,11,66,8,8,10,313,254,238,1,1,27,113,20,59,3,7,74,5,7,0,40,139,84,16,27,4,134,74,37,4,113,2,86,66,253,10,39,3,9,167,13,39,115,162,6266,81,151,257,100,258,58,42,292,25,120,82,13597,27490,3526,168,131,163,264,275,15,209,683,218,83,299,2183,186,194,552,7042,3889,814,109,437,608,11248,73,378,32,41,42,61,357,632,204,4231,5165
21,53,38,516,13,54,286,103,82,270,26,32,40,652,515,763,3,11,159,105,129,160,6,36,79,2,18,9,96,322,341,13,42,3,286,334,132,14,387,1,242,288,729,10,43,8,6,355,19,113,193,309,7257,785,1353,6925,221,1150,1461,332,1609,109,113,158,1646,3526,45667,524,8830,599,584,572,154,190,1682,185,73,90,1065,11546,62,371,1437,7883,784,44,1218,8237,1144,240,1096,25,40,67,33,1639,432,483,2001,723
0,1,0,3,0,1,2,111,77,33,23,29,10,1,2,19,24,14,77,17,53,10,4,11,12,0,5,0,4,3,33,2,8,2,1,18,10,1,4,1,9,11,9,3,3,0,2,3,0,2,0,0,19,0,1,4,749,8073,5394,1398,194,452,3822,2917,48,168,524,9812,1163,176,3911,558,254,88,935,17,27,43,36,3320,72,688,81,376,149,20,388,45,278,52,30,8,27,29,59,2,10,10,37,44
2,5,3,9,0,3,17,252,195,415,89,105,80,31,14,337,54,62,621,145,366,147,14,94,76,7,29,5,79,158,346,21,50,2,58,458,163,10,208,2,224,252,338,11,23,14,16,0,5,55,4,3,30,5,8,32,239,1966,3905,4696,1686,577,368,258,35,131,8830,1163,16347,1262,1834,705,3940,1018,2325,196,178,54,121,3086,68,499,220,371,468,51,2735,3928,329,384,630,43,169,37,46,62,13,155,518,434
1,0,0,9,1,2,11,1956,1951,15,36,167,843,13,11,85,15,14,146,1454,26,148,38,82,767,3,168,0,5,9,53,37,423,3,15,67,116,27,13,5,6,27,62,20,147,10,16,2,2,16,3,0,71,1,1,18,2190,4560,687,3635,44,100,947,1303,79,163,599,176,1262,17953,72,662,197,6076,96,691,587,135,50,162,217,3588,71,344,5488,181,203,81,180,4825,32,48,335,47,89,13,5,7,53,35
1,1,2,7,0,1,7,165,100,139,51,50,17,7,6,90,57,46,226,31,164,41,9,42,14,13,8,4,18,30,99,11,14,1,24,89,36,2,34,2,54,55,77,20,10,3,12,2,0,21,6,5,25,7,5,12,28,320,624,867,4813,5615,5024,487,14,264,584,3911,1834,72,15172,1999,434,130,7888,44,75,140,86,1662,104,451,227,83,97,60,1378,403,533,60,364,28,66,147,118,30,7,122,1002,4497
1,2,4,13,2,1,15,91,72,52,8,46,15,41,34,77,17,11,76,142,55,46,69,12,297,99,144,13,2,32,98,147,80,35,31,44,23,100,45,53,50,44,101,233,275,14,102,13,1,16,51,217,313,110,97,227,137,1249,478,1403,2962,7050,5484,652,263,275,572,558,705,662,1999,33456,329,1456,539,888,1049,1868,4572,286,531,8188,1354,144,769,696,443,281,326,1309,323,525,2001,7182,6047,103,56,2741,1104,327
0,0,1,2,0,1,2,199,235,37,33,43,80,3,6,14,30,32,130,100,84,18,17,29,72,11,35,0,2,5,47,14,24,4,5,32,43,8,11,6,10,7,18,24,25,2,4,2,0,3,1,1,5,0,8,5,39,326,219,12716,281,146,167,92,6,15,154,254,3940,197,434,329,10133,4067,176,382,1380,58,31,95,157,337,52,3,285,148,4974,2246,29,431,930,491,902,23,51,39,4,24,73,63
0,2,1,7,0,2,4,565,775,9,20,198,283,23,20,65,6,7,94,1583,16,124,105,40,1426,49,345,7,5,13,39,108,394,19,14,41,61,116,12,20,8,14,59,154,508,8,40,3,3,18,8,2,20,1,24,9,187,517,121,4851,60,100,1073,282,41,209,190,88,1018,6076,130,1456,4067,14002,136,886,10150,268,56,80,518,3497,153,107,2476,400,826,341,222,2765,876,1540,3736,61,173,169,30,13,135,79
2,3,4,9,0,0,20,50,36,241,44,44,9,22,21,244,28,28,325,49,189,102,7,42,32,6,9,2,38,144,203,7,18,2,67,280,115,4,115,2,158,166,173,7,16,7,10,6,0,40,2,5,23,5,18,28,67,181,1284,172,758,425,814,156,33,683,1682,935,2325,96,7888,539,176,136,14678,58,57,127,104,6486,123,514,265,1913,216,47,1753,905,6034,72,755,23,33,60,96,99,9,73,913,3014
1,1,1,3,0,0,0,17,22,10,9,37,5,4,8,9,4,1,6,140,14,165,321,24,272,1451,543,55,3,7,6,1198,144,245,1,7,7,321,12,302,13,13,19,1745,627,95,656,4,2,8,6,5,68,3,20,26,24,80,36,197,25,12,47,21,119,218,185,17,196,691,44,888,382,886,58,32153,1618,701,127,35,9064,905,229,120,9980,12450,57,98,99,11584,213,1343,11080,267,929,79,46,18,99,44
1,1,0,4,0,3,2,45,127,7,8,62,28,5,7,14,4,0,17,204,8,52,171,21,469,399,385,33,3,4,10,330,134,69,7,12,11,198,5,99,4,1,14,666,560,26,175,9,0,3,2,2,11,0,62,4,49,85,44,1441,48,37,179,75,36,83,73,27,178,587,75,1049,1380,10150,57,1618,16194,1105,45,31,876,1290,68,30,1804,689,1125,210,51,1505,1153,11187,8420,116,352,305,25,12,55,36
0,1,0,2,0,3,2,2,8,6,1,5,1,9,7,8,1,2,7,13,5,20,14,4,24,45,55,364,1,3,8,74,9,178,3,9,11,7,8,709,3,6,9,145,23,88,128,7,1,4,24,41,41,35,68,34,23,47,21,42,110,29,124,48,124,299,90,43,54,135,140,1868,58,268,127,701,1105,55176,1905,47,554,578,959,67,571,12275,153,55,188,238,242,11231,714,13831,867,181,66,501,466,177
6,5,25,97,2,12,52,16,9,51,8,8,5,173,121,179,2,2,28,49,22,29,1,6,27,3,4,0,20,82,80,3,12,0,79,61,29,3,81,2,59,79,175,5,12,2,2,70,6,27,1219,1540,1285,908,944,471,27,59,30,29,474,79,32,17,6729,2183,1065,36,121,50,86,4572,31,56,104,127,45,1905,114039,103,66,152,27688,367,267,75,351,388,467,39,215,41,35,695,70,201,17429,15089,2944,384
4,1,5,8,0,2,11,47,28,182,35,41,11,39,23,215,22,8,203,43,145,70,0,39,19,3,1,3,48,137,189,12,11,1,69,268,82,9,137,5,120,178,178,3,13,6,5,9,0,36,1,5,95,4,21,26,164,662,4364,171,180,137,847,331,51,186,11546,3320,3086,162,1662,286,95,80,6486,35,31,47,103,10796,95,590,150,4958,350,27,892,521,588,69,253,6,16,29,61,80,15,44,137,140
0,0,0,0,0,1,1,14,8,7,3,11,5,1,1,4,2,2,9,43,2,57,87,11,83,248,146,17,3,1,2,292,41,107,1,1,3,77,2,134,3,4,5,441,172,36,189,3,0,2,1,1,13,1,6,10,29,89,45,102,38,22,167,86,36,194,62,72,68,217,104,531,157,518,123,9064,876,554,66,95,10490,5277,150,109,4735,10647,49,40,234,976,125,1081,3660,473,4779,44,11,13,122,110
0,0,0,4,0,1,4,466,457,15,16,100,209,11,14,20,8,8,73,740,28,74,88,28,682,68,224,6,6,16,35,109,215,21,6,35,38,109,10,22,2,13,45,193,443,8,49,4,0,5,2,3,68,4,13,18,1607,1090,511,677,128,120,5389,4230,165,552,371,688,499,3588,451,8188,337,3497,514,905,1290,578,152,590,5277,28359,339,529,14387,640,141,87,806,2572,179,136,1539,361,4756,34,32,24,202,153
1,6,10,98,2,8,52,25,29,69,9,24,11,168,138,205,6,0,72,79,43,57,6,14,69,5,9,3,33,120,112,7,27,1,95,92,39,1,110,2,73,103,237,15,26,1,7,65,9,52,273,1258,1321,551,751,590,52,110,42,48,685,65,85,37,12120,7042,1437,81,220,71,227,1354,52,153,265,229,68,959,27688,150,150,339,53906,622,595,144,612,579,1326,51,379,40,56,366,61,244,1242,9466,18017,1711
1,6,5,42,4,10,47,25,33,87,4,14,14,137,118,200,3,1,30,63,36,62,8,9,48,2,4,3,40,133,127,6,25,4,96,108,55,4,129,1,102,111,213,5,21,5,3,38,5,53,6,9,236,20,56,100,298,809,271,79,102,21,97,167,614,3889,7883,376,371,344,83,144,3,107,1913,120,30,67,367,4958,109,529,622,9893,846,41,576,793,4654,108,443,4,28,14,29,315,100,57,231,103
1,0,0,12,0,1,10,320,338,13,24,267,158,33,32,51,10,14,62,1525,18,117,341,48,2009,175,514,21,5,27,44,309,572,48,9,42,24,432,16,42,7,27,67,573,1824,16,134,7,2,20,8,8,207,1,18,84,199,754,433,348,56,40,408,142,402,814,784,149,468,5488,97,769,285,2476,216,9980,1804,571,267,350,4735,14387,595,846,21689,1508,127,92,556,6591,203,186,2125,132,750,56,77,42,231,88
1,0,0,2,1,0,1,4,8,2,3,9,5,0,4,0,1,0,4,26,3,68,75,6,55,208,132,101,4,2,0,410,21,734,0,2,5,37,11,967,7,1,2,589,93,236,615,4,0,3,0,1,16,2,13,12,16,34,16,74,31,10,65,31,38,109,44,20,51,181,60,696,148,400,47,12450,689,12275,75,27,10647,640,144,41,1508,36296,30,33,75,930,85,9497,5672,5632,3135,26,23,20,81,41
0,4,6,18,1,9,19,126,131,90,22,40,16,52,37,105,17,16,136,24,101,32,6,32,14,2,6,2,18,52,102,11,16,3,40,102,48,1,89,5,53,73,171,5,10,3,6,26,5,18,13,17,102,14,72,65,103,1020,857,6259,1705,304,200,177,164,437,1218,388,2735,203,1378,443,4974,826,1753,57,1125,153,351,892,49,141,612,576,127,30,2729,3631,999,58,3707,425,105,28,24,599,56,280,1075,852
1,22,25,130,2,29,83,34,33,168,14,20,9,216,135,304,7,9,167,22,112,100,5,36,15,1,7,4,59,170,190,5,19,2,106,224,91,3,153,2,156,160,311,2,14,5,3,136,15,62,52,92,495,136,1047,1174,9,64,99,76,1008,40,32,16,370,608,8237,45,3928,81,403,281,2246,341,905,98,210,55,388,521,40,87,579,793,92,33,3631,14936,801,115,10768,98,171,23,18,3670,167,234,912,605
3,3,4,24,0,3,22,26,14,130,8,9,12,118,72,244,5,0,70,72,45,79,5,13,45,5,8,4,39,160,175,10,24,2,91,223,72,5,129,4,132,161,217,10,24,8,8,20,7,57,7,18,116,13,42,55,122,290,71,59,534,49,301,163,460,11248,1144,278,329,180,533,326,29,222,6034,99,51,188,467,588,234,806,1326,4654,556,75,999,801,13686,82,589,19,44,44,110,200,54,94,2189,5650
0,1,0,9,0,3,5,64,99,19,8,221,44,15,18,21,12,4,39,914,22,75,321,41,1565,254,623,24,6,9,32,369,460,61,3,22,7,523,23,51,6,26,50,734,1773,21,171,0,3,16,4,2,46,3,24,15,28,227,64,393,28,30,337,61,43,73,240,52,384,4825,60,1309,431,2765,72,11584,1505,238,39,69,976,2572,51,108,6591,930,58,115,82,21765,215,359,11909,78,292,63,20,8,23,25
1,1,7,30,2,7,25,10,5,58,3,8,3,106,77,127,2,3,42,10,34,28,2,6,6,7,4,5,24,68,84,1,7,7,67,61,40,1,72,4,54,64,169,14,11,4,9,28,10,25,40,21,217,32,355,108,5,24,73,32,761,52,38,21,194,378,1096,30,630,32,364,323,930,876,755,213,1153,242,215,253,125,179,379,443,203,85,3707,10768,589,215,9408,1149,498,23,52,5513,219,157,633,442
0,3,0,6,0,3,1,6,13,13,5,4,4,3,4,5,2,0,6,21,7,150,121,13,46,398,314,352,10,2,2,816,26,1140,2,4,16,46,23,2343,24,6,8,1333,51,471,1091,12,2,1,4,1,8,0,72,2,4,26,12,73,34,13,38,14,9,32,25,8,43,48,28,525,491,1540,23,1343,11187,11231,41,6,1081,136,40,4,186,9497,425,98,19,359,1149,41316,11369,1509,917,516,25,15,37,25
1,0,0,6,0,1,5,21,42,17,6,110,18,8,9,12,5,3,9,332,19,155,351,29,708,1035,655,60,3,7,16,1041,227,245,2,13,10,328,20,298,12,9,23,1651,940,79,569,4,3,11,6,4,11,0,31,4,13,58,13,436,40,39,122,31,17,41,40,27,169,335,66,2001,902,3736,33,11080,8420,714,35,16,3660,1539,56,28,2125,5672,105,171,44,11909,498,11369,34768,475,1380,155,16,12,64,27
0,0,0,3,0,0,2,5,3,5,2,5,0,4,4,10,0,2,3,7,3,8,4,3,12,26,14,22,2,2,6,49,7,107,2,9,2,7,0,187,4,2,9,67,9,28,92,1,1,2,9,34,28,28,27,16,10,63,12,50,82,105,248,31,28,42,67,29,37,47,147,7182,23,61,60,267,116,13831,695,29,473,361,366,14,132,5632,28,23,44,78,23,1509,475,12751,7188,13,17,282,150,31
0,1,0,1,0,0,0,7,8,2,1,5,3,0,4,3,0,1,2,15,2,24,33,4,29,124,59,15,2,0,1,160,21,71,2,4,2,17,3,115,4,3,3,215,61,24,116,0,0,0,0,8,7,1,3,5,19,42,27,58,48,40,193,59,13,61,33,59,46,89,118,6047,51,173,96,929,352,867,70,61,4779,4756,61,29,750,3135,24,18,110,292,52,917,1380,7188,11335,9,2,41,48,58
35,129,97,705,8,182,203,2,4,25,2,2,1,299,274,178,2,0,3,8,6,12,0,0,2,0,2,2,14,36,24,5,4,2,77,15,42,0,37,3,25,34,161,7,2,1,1,557,13,11,358,550,1352,709,3330,1485,5,5,10,8,227,5,8,2,696,357,1639,2,62,13,30,103,39,169,99,79,305,181,201,80,44,34,244,315,56,26,599,3670,200,63,5513,516,155,13,9,8162,1068,58,256,122
4,23,35,107,3,34,46,1,4,7,1,2,1,62,52,45,1,0,1,12,1,4,1,1,11,1,0,1,1,15,9,1,3,1,14,11,9,0,18,2,4,6,38,2,6,0,2,87,1,2,12081,1758,1638,2378,6639,351,11,21,9,1,43,0,4,2,12649,632,432,10,13,5,7,56,4,30,9,46,25,66,17429,15,11,32,1242,100,77,23,56,167,54,20,219,25,16,17,2,1068,34366,51,94,22
2,0,2,19,0,1,8,9,12,53,8,5,0,51,31,54,3,4,49,10,33,22,3,7,2,3,1,0,13,37,34,2,4,0,28,47,14,0,41,0,26,33,53,1,4,0,2,14,4,21,49,290,428,141,120,287,6,26,18,13,13724,92,23,6,316,204,483,10,155,7,122,2741,24,13,73,18,12,501,15089,44,13,24,9466,57,42,20,280,234,94,8,157,15,12,282,41,58,51,33276,5205,238
2,5,8,37,1,2,25,46,17,136,19,20,14,115,94,199,12,12,151,50,85,68,9,22,36,7,6,2,34,140,158,10,22,2,56,179,75,5,123,2,109,132,237,15,20,3,5,34,3,40,58,379,1300,205,160,891,15,53,60,52,14460,226,198,19,822,4231,2001,37,518,53,1002,1104,73,135,913,99,55,466,2944,137,122,202,18017,231,231,81,1075,912,2189,23,633,37,64,150,48,256,94,5205,21076,9419
1,2,7,9,0,3,8,24,13,97,15,14,4,42,20,125,8,6,99,24,77,65,2,9,12,7,5,3,38,105,102,7,14,0,56,139,68,2,83,1,98,85,124,9,10,3,2,8,4,33,13,34,221,35,29,167,9,26,47,61,4416,159,202,29,185,5165,723,44,434,35,4497,327,63,79,3014,44,36,177,384,140,110,153,1711,103,88,41,852,605,5650,25,442,25,27,31,58,122,22,238,9419,11992
