11613,6057,6024,1356,10688,886,303,4,1,48,0,0,1,13418,462,206,0,2,7,8,3,173,6,4,15,3,5,22,157,305,4,8,3,4,138,6,3,2,28,4,100,167,17,15,5,7,3,33,748,6,0,2,0,13,2,4,0,0,0,1,1,0,0,0,4,0,2,0,0,0,0,2,0,1,0,0,0,0,0,0,0,0,1,1,0,0,2,7,0,1,5,0,1,0,0,20,0,0,1,0
6057,29479,7100,16081,815,290,668,2,4,114,2,0,1,3016,2450,141,1,2,6,4,0,730,4,3,2,1,4,37,185,390,4,4,4,7,127,6,13,1,49,8,307,780,8,9,5,8,6,77,113,8,1,2,5,4,11,5,0,0,1,0,0,0,0,0,0,0,5,0,0,0,0,2,1,0,0,0,0,0,0,4,0,0,0,2,0,0,3,11,0,0,11,1,1,0,0,86,0,0,2,0
6024,7100,8529,3762,2383,4929,3546,0,0,26,0,0,0,1871,167,29,0,0,14,6,0,408,1,4,2,2,5,52,244,608,3,1,1,8,31,5,18,2,26,9,188,414,8,10,1,13,6,133,172,4,1,125,2,1370,40,519,0,0,0,0,2,0,0,0,0,0,0,0,1,0,0,0,3,1,0,0,0,0,0,0,0,0,1,1,0,2,10,2,0,0,8,2,0,0,0,43,1,0,1,0
1356,16081,3762,40938,1440,5142,14096,7,24,509,4,3,2,3030,9783,8309,0,12,25,31,9,821,9,37,48,6,23,36,252,536,70,12,13,7,1902,50,41,12,352,11,544,812,1214,47,10,14,18,529,254,106,2,22,10,7,32,36,0,0,0,2,5,0,1,0,20,1,17,0,2,0,1,4,4,0,1,0,0,0,2,2,0,1,3,3,2,0,15,78,0,1,44,1,4,2,1,420,3,0,1,0
10688,815,2383,1440,23304,13524,613,9,6,67,2,3,1,13115,284,376,1,4,2,23,2,138,5,10,11,12,9,13,184,322,16,6,7,3,267,17,3,19,95,2,111,131,52,17,21,2,10,1073,3658,20,0,6,5,18,2,2,0,0,0,0,1,0,0,0,2,1,3,0,1,1,0,1,2,1,0,0,0,0,1,0,1,0,0,1,1,0,4,11,0,0,8,0,0,0,0,33,1,0,1,0
886,290,4929,5142,13524,16272,10947,4,36,181,2,2,0,988,51,222,1,3,4,7,11,226,12,219,39,5,80,30,242,298,10,9,12,15,1753,96,100,9,2236,45,123,242,63,53,9,9,29,8280,1478,86,59,83,16,2071,134,136,0,0,0,5,3,0,0,0,17,0,17,0,2,2,0,1,3,1,0,0,2,0,5,3,0,1,6,1,1,0,4,68,0,1,60,0,3,1,0,430,4,0,4,1
303,668,3546,14096,613,10947,16837,0,42,273,5,6,1,780,240,6623,3,4,14,9,15,180,10,343,44,10,93,21,120,241,9,8,7,9,6166,278,195,12,5940,44,142,267,107,77,16,16,18,3073,255,121,7,37,32,546,210,478,0,0,0,0,16,0,0,0,52,2,33,0,1,0,1,6,5,1,1,0,1,0,2,2,0,0,3,10,0,0,11,105,0,0,101,1,3,0,0,576,5,1,8,4
4,2,0,7,9,4,0,34114,6363,118,3255,1880,7385,218,434,209,2787,13046,210,7901,652,1955,754,147,205,115,77,21,29,91,898,141,1806,30,3,19,750,112,16,9,12,41,605,91,902,215,318,7,35,76,0,0,1,0,0,0,31,68,10,140,6,6,8,24,1,2,2,11,2,75,14,17,49,22,3,3,4,0,0,11,1,25,0,1,10,1,608,3,0,12,2,1,18,2,1,1,0,0,1,2
1,4,0,24,6,36,42,6363,62621,208,1158,2296,1763,104,60,914,889,1081,7306,4964,802,893,692,12271,8702,77,2752,75,18,65,223,151,1318,73,101,315,5811,112,398,299,13,52,137,728,185,152,506,87,15,27,0,1,2,1,2,1,90,82,18,543,24,13,68,76,8,2,14,31,20,438,38,46,136,146,6,5,9,0,0,32,4,122,5,6,28,2,981,18,2,35,16,4,40,2,4,6,1,1,6,4
48,114,26,509,67,181,273,118,208,37264,2857,1617,135,142,267,1845,136,63,564,189,2803,3016,462,484,130,104,113,65,287,97,448,418,587,44,334,501,1195,80,1739,34,7978,12895,1837,259,116,237,1125,532,22,10436,0,14,26,3,18,31,1,2,3,28,112,7,6,1,58,13,146,2,109,9,23,45,154,17,20,1,9,2,9,52,4,14,36,57,12,3,470,298,14,8,347,3,16,2,1,154,15,12,45,25
0,2,0,4,2,2,5,3255,1158,2857,4450,9823,361,29,64,855,179,567,902,642,1079,4178,1661,245,101,40,104,36,24,24,513,59,433,28,24,204,558,44,217,15,42,50,141,149,54,206,508,29,5,27,0,0,0,0,0,0,2,1,4,26,32,4,8,0,7,2,14,7,23,12,10,6,43,4,16,5,8,0,0,30,0,9,3,1,0,0,103,26,3,3,22,0,17,1,2,0,0,0,3,6
0,0,0,3,3,2,6,1880,2296,1617,9823,25949,7315,48,50,301,2527,330,711,1244,9200,479,3873,445,322,44,126,22,16,102,190,171,4655,30,18,68,1043,79,64,9,16,183,129,201,87,184,1732,9,6,97,0,0,3,0,0,1,6,3,13,61,17,7,7,18,1,3,2,2,8,52,18,10,34,25,7,9,7,1,0,26,1,23,3,1,11,1,152,7,1,12,6,2,17,0,1,1,0,0,0,2
1,1,0,2,1,0,1,7385,1763,135,361,7315,18279,88,70,29,5669,1436,31,3227,405,87,231,37,207,91,33,3,11,274,115,186,8192,5,1,4,465,29,6,2,18,133,140,25,408,7,208,3,11,144,0,0,2,0,0,0,20,14,0,105,1,2,14,18,3,0,5,2,1,86,3,8,20,25,1,0,2,0,0,6,1,33,1,0,3,0,156,2,0,3,2,0,7,0,1,1,0,0,0,0
13418,3016,1871,3030,13115,988,780,218,104,142,29,48,88,84775,14527,3345,21,160,120,365,98,297,83,48,302,276,125,95,4863,31447,309,360,379,52,583,57,141,215,378,26,562,692,1189,267,511,34,269,269,13341,3809,0,6,7,5,9,19,3,1,1,35,15,0,2,8,21,0,21,1,11,43,1,5,20,26,0,2,4,1,5,4,1,13,3,6,16,0,68,80,0,15,54,1,11,1,0,150,4,0,9,1
462,2450,167,9783,284,51,240,434,60,267,64,50,70,14527,23778,3088,28,271,123,253,112,323,54,20,94,71,24,29,239,1435,676,76,150,23,147,26,43,92,58,11,283,853,17558,50,291,21,42,32,315,24606,0,0,3,0,2,3,3,0,0,10,4,0,1,3,1,1,10,0,3,15,1,1,11,11,3,0,3,0,0,3,0,8,1,0,2,1,9,6,0,4,8,0,4,0,1,33,1,0,2,1
206,141,29,8309,376,222,6623,209,914,1845,855,301,29,3345,3088,33095,141,243,6950,500,963,508,70,485,503,31,182,79,432,912,10791,38,92,12,2754,4295,551,93,1466,22,369,701,11590,260,62,34,80,397,434,329,3,7,33,2,17,29,0,1,3,30,87,8,4,4,70,11,118,4,95,16,18,41,118,7,16,1,6,1,7,43,0,6,41,54,5,1,309,299,8,4,316,0,5,2,2,224,14,12,60,16
0,1,0,0,1,1,3,2787,889,136,179,2527,5669,21,28,141,8291,4090,323,161,2571,36,249,149,39,24,22,3,5,57,1317,76,1128,6,5,24,290,17,22,5,4,70,315,21,52,13,332,5,3,96,0,0,1,0,0,1,0,1,1,6,8,1,0,1,0,0,2,7,6,3,3,3,14,5,2,1,3,0,0,7,0,4,0,0,0,0,46,4,1,0,1,0,3,0,0,1,0,0,0,0
2,2,0,12,4,3,4,13046,1081,63,567,330,1436,160,271,243,4090,7756,333,1101,444,317,79,139,67,133,19,6,9,179,3066,198,904,6,10,29,331,55,29,0,29,82,1301,23,648,10,69,2,31,186,0,0,1,0,0,0,4,2,4,22,18,2,3,2,4,0,4,5,6,15,20,6,31,15,11,1,2,0,1,21,0,10,1,0,0,1,58,10,2,5,11,0,3,0,0,2,0,0,3,2
7,6,14,25,2,4,14,210,7306,564,902,711,31,120,123,6950,323,333,12663,332,1246,177,59,1493,382,17,107,12,34,97,2299,14,76,10,259,2706,677,30,324,2,36,94,554,138,27,14,65,22,13,38,0,1,2,0,2,0,1,3,8,18,63,14,8,0,9,4,24,5,48,8,37,15,122,2,27,1,2,0,1,46,0,11,4,5,5,0,126,101,10,2,71,0,2,1,2,4,2,2,22,19
8,4,6,31,23,7,9,7901,4964,189,642,1244,3227,365,253,500,161,1101,332,22351,219,1054,1541,82,5261,495,587,79,65,257,375,486,5716,117,14,39,486,4132,41,41,22,135,276,1215,8257,295,1120,33,56,69,4,0,10,0,0,0,162,51,6,762,7,12,123,190,36,9,23,10,15,940,9,92,142,614,5,11,44,0,3,33,7,443,11,7,102,3,117,9,1,93,8,5,102,1,9,4,3,0,8,3
3,0,0,9,2,11,15,652,802,2803,1079,9200,405,98,112,963,2571,444,1246,219,18840,78,477,595,101,75,58,21,38,417,2178,196,630,25,52,273,1577,47,325,8,51,759,5697,91,68,60,634,40,9,4860,1,0,1,0,0,3,1,1,15,29,62,15,4,1,4,4,16,6,56,11,23,18,144,8,9,1,2,0,2,33,2,12,6,4,4,0,247,65,1,9,55,1,8,0,1,4,3,3,7,6
173,730,408,821,138,226,180,1955,893,3016,4178,479,87,297,323,508,36,317,177,1054,78,21028,4786,112,502,275,399,535,6265,442,151,284,322,515,100,82,248,234,311,255,9607,1356,411,1239,273,2535,389,146,34,148,1,4,7,2,3,7,8,5,4,46,22,3,8,8,11,10,30,1,27,56,3,37,30,64,6,61,37,10,1,7,21,49,9,11,26,48,117,77,2,39,76,56,114,7,36,54,5,4,15,4
6,4,1,9,5,12,10,754,692,462,1661,3873,231,83,54,70,249,79,59,1541,477,4786,8344,126,1002,554,1337,362,143,95,73,760,3172,329,13,23,165,749,129,161,77,120,79,2688,409,4316,4234,105,14,37,0,0,0,2,2,0,5,7,1,38,4,3,14,6,3,2,2,1,1,102,2,54,18,150,2,88,89,7,0,12,37,91,5,1,123,19,27,4,1,147,5,28,223,2,35,9,1,0,2,1
4,3,4,37,10,219,343,147,12271,484,245,445,37,48,20,485,149,139,1493,82,595,112,126,4660,1080,70,1685,139,57,105,298,76,83,64,862,6534,5854,70,10712,495,53,93,249,518,36,35,189,623,13,40,1,0,0,0,2,0,2,2,13,22,67,12,5,3,7,5,21,5,68,17,29,15,144,18,18,5,8,1,2,32,3,9,4,7,3,3,227,72,3,16,84,3,7,0,4,32,4,5,14,8
15,2,2,48,11,39,44,205,8702,130,101,322,207,302,94,503,39,67,382,5261,101,502,1002,1080,10877,240,9290,44,36,241,63,486,2104,103,79,148,559,562,235,119,31,98,87,1993,1286,222,1304,144,48,39,0,0,6,1,0,1,50,29,9,249,5,3,64,48,17,6,8,5,9,664,1,78,58,598,1,14,64,4,1,22,7,348,9,5,122,5,60,11,2,148,6,1,133,2,19,12,1,2,6,4
3,1,2,6,12,5,10,115,77,104,40,44,91,276,71,31,24,133,17,495,75,275,554,70,240,16654,1086,388,68,392,71,10285,589,5780,6,7,37,5055,98,280,56,156,130,10341,2778,443,2819,102,38,114,0,0,1,0,2,0,2,2,0,9,4,2,7,1,6,3,1,0,3,50,4,118,18,108,0,248,189,12,1,8,83,112,11,3,149,52,10,5,3,207,6,72,504,8,110,9,2,1,5,6
5,4,5,23,9,80,93,77,2752,113,104,126,33,125,24,182,22,19,107,587,58,399,1337,1685,9290,1086,17334,752,44,114,20,1535,670,594,106,144,996,758,1704,5634,37,79,51,9688,984,478,2693,686,12,29,0,3,2,1,4,5,5,1,0,18,3,1,5,5,7,5,4,0,5,55,1,42,12,123,1,51,113,19,0,4,19,91,3,1,102,23,30,12,3,139,8,32,187,5,22,26,2,0,5,2
22,37,52,36,13,30,21,21,75,65,36,22,3,95,29,79,3,6,12,79,21,535,362,139,44,388,752,70338,1237,280,22,491,54,9733,20,14,213,121,525,12533,474,161,57,658,120,8265,4061,255,7,13,0,1,0,0,2,0,0,0,0,0,2,0,0,0,2,1,6,0,8,1,0,24,4,3,0,21,36,235,2,2,21,7,2,2,3,59,30,12,0,13,18,338,61,25,22,16,1,0,1,1
157,185,244,252,184,242,120,29,18,287,24,16,11,4863,239,432,5,9,34,65,38,6265,143,57,36,68,44,1237,90543,9044,130,117,86,221,112,96,133,30,247,167,25561,1479,331,174,81,958,148,448,4164,130,1,0,8,0,0,3,0,0,0,3,19,1,0,0,11,8,26,1,25,7,0,10,32,3,2,3,4,5,2,6,4,5,9,16,2,7,117,65,0,5,67,30,11,3,3,35,2,2,17,5
305,390,608,536,322,298,241,91,65,97,24,102,274,31447,1435,912,57,179,97,257,417,442,95,105,241,392,114,280,9044,54503,357,1095,1120,114,237,123,356,146,558,49,14862,8478,1626,234,726,144,682,200,2428,4076,2,2,19,5,7,14,1,3,0,12,50,4,0,3,29,5,62,2,50,28,4,31,34,29,2,5,10,1,9,12,2,25,14,31,11,2,258,150,0,17,161,3,15,0,2,97,7,7,31,6
4,4,3,70,16,10,9,898,223,448,513,190,115,309,676,10791,1317,3066,2299,375,2178,151,73,298,63,71,20,22,130,357,20002,61,201,18,36,148,792,62,180,3,107,271,17574,53,228,15,68,18,46,442,0,0,2,0,1,0,3,1,3,18,65,8,6,2,8,4,44,1,100,17,17,20,132,5,11,0,0,0,2,18,3,3,8,16,4,0,150,95,5,5,56,1,4,1,0,5,4,6,26,7
8,4,1,12,6,9,8,141,151,418,59,171,186,360,76,38,76,198,14,486,196,284,760,76,486,10285,1535,491,117,1095,61,44603,6179,4413,16,11,51,1391,109,375,87,457,162,3517,5340,620,18467,101,69,230,0,0,0,2,1,0,2,2,1,10,6,1,9,2,6,2,1,1,1,74,3,126,16,140,3,252,156,22,1,1,88,116,7,1,139,67,9,3,1,225,3,81,533,18,96,6,0,0,4,5
3,4,1,13,7,12,7,1806,1318,587,433,4655,8192,379,150,92,1128,904,76,5716,630,322,3172,83,2104,589,670,54,86,1120,201,6179,12627,97,12,12,465,553,63,27,107,576,300,694,3146,172,6918,50,44,426,0,0,2,0,2,2,58,8,2,263,4,5,52,53,9,6,6,3,6,512,2,50,38,291,0,7,25,1,0,13,2,263,4,7,73,3,34,1,4,83,4,5,87,1,3,4,1,3,5,1
4,7,8,7,3,15,9,30,73,44,28,30,5,52,23,12,6,6,10,117,25,515,329,64,103,5780,594,9733,221,114,18,4413,97,23439,10,5,34,708,133,5527,128,91,28,7583,285,3007,10891,81,7,20,0,1,0,1,3,0,0,0,0,2,3,0,6,0,0,0,3,0,3,7,1,125,6,18,0,167,99,329,0,0,115,14,2,0,23,395,6,4,0,41,7,826,412,97,171,5,0,1,3,3
138,127,31,1902,267,1753,6166,3,101,334,24,18,1,583,147,2754,5,10,259,14,52,100,13,862,79,6,106,20,112,237,36,16,12,10,7369,5640,344,9,12965,31,109,209,209,86,6,18,29,1382,175,107,6,18,36,6,36,59,0,0,1,3,24,0,0,0,54,4,63,1,20,2,4,15,17,0,4,0,1,0,7,4,0,2,20,17,1,0,80,215,1,4,173,1,2,0,1,430,16,7,18,1
6,6,5,50,17,96,278,19,315,501,204,68,4,57,26,4295,24,29,2706,39,273,82,23,6534,148,7,144,14,96,123,148,11,12,5,5640,13583,1076,15,10516,14,86,130,235,111,12,4,43,194,15,54,2,1,5,1,5,6,0,0,1,3,64,6,0,0,32,7,91,0,80,2,12,23,107,1,4,0,2,2,6,31,1,0,20,25,2,0,506,188,2,1,215,0,2,0,0,45,2,7,36,6
3,13,18,41,3,100,195,750,5811,1195,558,1043,465,141,43,551,290,331,677,486,1577,248,165,5854,559,37,996,213,133,356,792,51,465,34,344,1076,3118,23,7130,276,191,442,847,127,81,71,148,656,24,258,0,0,4,1,6,3,35,102,2,178,39,7,17,27,6,1,15,10,13,38,35,18,98,14,16,1,1,1,0,34,1,23,3,5,4,0,448,44,6,2,48,1,6,2,3,44,3,3,11,7
2,1,2,12,19,9,12,112,112,80,44,79,29,215,92,93,17,55,30,4132,47,234,749,70,562,5055,758,121,30,146,62,1391,553,708,9,15,23,17201,49,100,26,75,91,10451,4428,137,1543,51,35,36,0,0,1,0,1,1,3,5,0,15,2,0,13,5,8,2,2,0,1,102,1,56,17,202,1,24,108,0,0,10,22,129,12,2,154,12,9,6,2,232,6,11,193,1,18,2,0,0,2,3
28,49,26,352,95,2236,5940,16,398,1739,217,64,6,378,58,1466,22,29,324,41,325,311,129,10712,235,98,1704,525,247,558,180,109,63,133,12965,10516,7130,49,39790,1080,332,742,562,491,71,103,298,8269,115,423,7,14,38,158,76,125,0,0,2,6,88,5,1,0,72,10,144,0,83,3,7,44,127,5,8,1,8,2,15,31,4,3,37,47,3,4,659,322,2,10,618,6,12,3,1,479,23,16,61,11
4,8,9,11,2,45,44,9,299,34,15,9,2,26,11,22,5,0,2,41,8,255,161,495,119,280,5634,12533,167,49,3,375,27,5527,31,14,276,100,1080,28414,100,42,18,8502,46,2239,2214,520,4,4,0,2,0,0,5,1,0,0,0,1,0,2,1,0,0,0,1,1,0,5,0,83,5,9,0,62,108,631,2,1,46,8,1,1,7,309,6,3,0,6,11,1260,256,85,112,30,0,1,0,1
100,307,188,544,111,123,142,12,13,7978,42,16,18,562,283,369,4,29,36,22,51,9607,77,53,31,56,37,474,25561,14862,107,87,107,128,109,86,191,26,332,100,39434,13395,352,103,71,325,144,117,67,563,0,1,8,3,3,4,0,0,0,1,25,0,0,0,20,8,37,0,24,3,3,14,27,3,5,3,0,3,3,8,1,2,16,18,0,5,155,85,3,1,110,4,9,0,3,62,5,4,19,2
167,780,414,812,131,242,267,41,52,12895,50,183,133,692,853,701,70,82,94,135,759,1356,120,93,98,156,79,161,1479,8478,271,457,576,91,209,130,442,75,742,42,13395,27663,1234,177,207,154,515,293,27,10180,1,5,12,2,8,18,0,0,0,11,50,2,5,2,38,7,77,0,56,12,3,27,60,17,3,5,7,2,6,16,4,7,20,27,9,3,336,164,3,7,270,6,6,2,2,134,6,9,34,9
17,8,8,1214,52,63,107,605,137,1837,141,129,140,1189,17558,11590,315,1301,554,276,5697,411,79,249,87,130,51,57,331,1626,17574,162,300,28,209,235,847,91,562,18,352,1234,65521,91,520,27,102,168,228,17286,0,0,6,0,2,8,1,1,1,16,57,7,1,2,16,8,54,0,68,13,11,10,112,7,7,2,3,0,2,23,0,6,10,14,9,0,241,112,2,12,85,1,6,1,0,27,5,2,19,8
15,9,10,47,17,53,77,91,728,259,149,201,25,267,50,260,21,23,138,1215,91,1239,2688,518,1993,10341,9688,658,174,234,53,3517,694,7583,86,111,127,10451,491,8502,103,177,91,40961,1047,2202,7212,347,49,43,0,0,2,1,5,1,3,9,0,27,9,6,7,9,8,5,15,3,3,94,3,196,30,243,3,410,230,57,3,5,158,158,16,1,209,211,13,13,5,275,15,255,815,33,211,26,3,1,8,5
5,5,1,10,21,9,16,902,185,116,54,87,408,511,291,62,52,648,27,8257,68,273,409,36,1286,2778,984,120,81,726,228,5340,3146,285,6,12,81,4428,71,46,71,207,520,1047,6310,90,1097,55,115,272,1,0,0,0,1,0,15,11,1,71,4,3,32,16,8,2,4,5,5,464,1,47,23,447,1,13,88,1,0,14,7,306,16,0,173,2,19,9,2,207,6,2,169,3,10,9,0,1,5,1
7,8,13,14,2,9,16,215,152,237,206,184,7,34,21,34,13,10,14,295,60,2535,4316,35,222,443,478,8265,958,144,15,620,172,3007,18,4,71,137,103,2239,325,154,27,2202,90,12603,11792,66,7,14,0,0,0,0,0,0,0,0,0,5,0,0,2,1,1,0,2,0,2,12,0,65,1,14,1,127,44,95,1,0,56,17,2,1,19,111,8,5,0,17,5,259,286,28,82,4,0,1,3,0
3,6,6,18,10,29,18,318,506,1125,508,1732,208,269,42,80,332,69,65,1120,634,389,4234,189,1304,2819,2693,4061,148,682,68,18467,6918,10891,29,43,148,1543,298,2214,144,515,102,7212,1097,11792,37761,234,39,185,0,2,3,0,1,0,2,6,1,16,12,6,11,3,7,4,2,0,3,87,8,186,24,182,1,257,214,193,4,10,117,136,8,4,181,317,32,13,4,260,11,544,725,80,206,23,1,1,6,4
33,77,133,529,1073,8280,3073,7,87,532,29,9,3,269,32,397,5,2,22,33,40,146,105,623,144,102,686,255,448,200,18,101,50,81,1382,194,656,51,8269,520,117,293,168,347,55,66,234,9869,1360,211,1,28,7,30,46,31,0,0,0,1,4,0,0,1,15,0,8,0,4,3,1,5,2,1,0,4,4,0,3,1,3,1,2,1,2,0,20,51,0,5,44,3,6,0,2,358,3,1,4,1
748,113,172,254,3658,1478,255,35,15,22,5,6,11,13341,315,434,3,31,13,56,9,34,14,13,48,38,12,7,4164,2428,46,69,44,7,175,15,24,35,115,4,67,27,228,49,115,7,39,1360,17485,53,0,0,2,0,1,4,1,0,0,2,3,0,1,0,5,2,4,0,2,8,0,4,7,4,0,0,2,0,1,1,0,8,0,5,0,1,13,15,0,1,16,0,1,0,0,31,2,0,2,0
6,8,4,106,20,86,121,76,27,10436,27,97,144,3809,24606,329,96,186,38,69,4860,148,37,40,39,114,29,13,130,4076,442,230,426,20,107,54,258,36,423,4,563,10180,17286,43,272,14,185,211,53,28335,1,4,16,2,8,13,2,1,2,5,29,1,1,0,22,9,50,1,30,7,0,12,19,7,2,0,3,0,5,9,0,3,8,9,5,0,187,93,1,2,139,0,6,0,0,97,8,3,18,2
0,1,1,2,0,59,7,0,0,0,0,0,0,0,0,3,0,0,0,4,1,1,0,1,0,0,0,0,1,2,0,0,0,0,6,2,0,0,7,0,0,1,0,0,1,0,0,1,0,1,24389,15531,771,5835,13709,893,1,0,0,1,46,0,0,1,18704,54,46,0,4,2,1,27,3,1,0,0,0,2,235,8,0,5,295,13,3,0,3,122,1,5,25,0,1,1,0,84,5935,23,76,8
2,2,125,22,6,83,37,0,1,14,0,0,0,6,0,7,0,0,1,0,0,4,0,0,0,0,3,1,0,2,0,0,0,1,18,1,0,0,14,2,1,5,0,0,0,0,2,28,0,4,15531,50083,8069,8200,3337,4033,0,0,1,2,366,2,1,0,11331,39,40,1,9,2,1,358,10,1,0,2,1,12,156,3,1,3,425,18,1,3,6,185,0,3,58,0,2,5,1,317,476,236,791,24
0,5,2,10,5,16,32,1,2,26,0,3,2,7,3,33,1,1,2,10,1,7,0,0,6,1,2,0,8,19,2,0,2,0,36,5,4,1,38,0,8,12,6,2,0,0,3,7,2,16,771,8069,33819,65,591,21380,5,10,12,15,954,18,15,8,20282,10072,4899,3,145,44,42,429,221,13,25,3,1,7,261,109,17,29,670,750,28,6,30,2967,43,33,438,0,23,10,10,153,626,331,1932,281
13,4,1370,7,18,2071,546,0,1,3,0,0,0,5,0,2,0,0,0,0,0,2,2,0,1,0,1,0,0,5,0,2,0,1,6,1,1,0,158,0,3,2,0,1,0,0,0,30,0,2,5835,8200,65,23045,11152,8563,0,0,0,0,13,0,0,0,385,1,6,0,0,0,1,28,0,0,0,0,0,0,10,0,1,0,42,1,0,0,2,16,0,0,1747,0,0,0,0,1154,186,18,29,1
2,11,40,32,2,134,210,0,2,18,0,0,0,9,2,17,0,0,2,0,0,3,2,2,0,2,4,2,0,7,1,1,2,3,36,5,6,1,76,5,3,8,2,5,1,0,1,46,1,8,13709,3337,591,11152,19892,6205,0,0,1,0,125,2,1,0,1049,10,76,0,7,1,5,75,15,11,1,14,22,0,42,3,5,11,78,10,4,2,39,556,5,5,1533,1,28,4,6,6777,1831,37,203,26
4,5,519,36,2,136,478,0,1,31,0,1,0,19,3,29,1,0,0,0,3,7,0,0,1,0,5,0,3,14,0,0,2,0,59,6,3,1,125,1,4,18,8,1,0,0,0,31,4,13,893,4033,21380,8563,6205,31033,0,1,0,1,548,4,4,3,1788,27,3464,0,44,3,10,337,66,1,11,3,1,8,97,6,7,6,295,35,6,2,19,5765,11,9,1054,0,10,7,2,633,202,188,984,125
0,0,0,0,0,0,0,31,90,1,2,6,20,3,3,0,0,4,1,162,1,8,5,2,50,2,5,0,0,1,3,2,58,0,0,0,35,3,0,0,0,0,1,3,15,0,2,0,1,2,1,0,5,0,0,0,1461,7783,507,764,7,52,318,3401,69,35,123,2392,218,2445,24,119,212,55,3,9,9,0,2,781,8,698,54,23,91,2,894,11,4,40,3,0,19,3,4,0,2,1,15,1
0,0,0,0,0,0,0,68,82,2,1,3,14,1,0,1,1,2,3,51,1,5,7,2,29,2,1,0,0,3,1,2,8,0,0,0,102,5,0,0,0,0,1,9,11,0,6,0,0,1,0,0,10,0,0,1,7783,24317,4832,5914,68,676,783,2161,66,33,261,8470,504,5828,218,1223,686,88,14,29,26,11,14,1879,56,1075,46,30,599,22,3161,11,3,141,14,1,69,30,68,1,12,12,11,9
0,1,0,0,0,0,0,10,18,3,4,13,0,1,0,3,1,4,8,6,15,4,1,13,9,0,0,0,0,0,3,1,2,0,1,1,2,0,2,0,0,0,1,0,1,0,1,0,0,2,0,1,12,0,1,0,507,4832,3742,3093,191,809,350,531,48,24,569,3445,2692,533,431,773,254,42,54,7,9,5,11,4851,17,322,20,26,126,5,494,16,14,53,41,2,29,9,17,1,9,6,8,15
1,0,0,2,0,5,0,140,543,28,26,61,105,35,10,30,6,22,18,762,29,46,38,22,249,9,18,0,3,12,18,10,263,2,3,3,178,15,6,1,1,11,16,27,71,5,16,1,2,5,1,2,15,0,0,1,764,5914,3093,45914,489,1851,2593,1634,42,34,215,1523,7932,6041,1781,1974,15434,4878,144,49,203,20,21,502,95,1970,56,30,494,26,5357,29,32,580,73,10,652,44,161,5,4,13,49,45
1,0,2,5,1,3,16,6,24,112,32,17,1,15,4,87,8,18,63,7,62,22,4,67,5,4,3,2,19,50,65,6,4,3,24,64,39,2,88,0,25,50,57,9,4,0,12,4,3,29,46,366,954,13,125,548,7,68,191,489,41189,3602,2302,80,1690,519,1295,216,1139,46,4927,3446,2203,52,890,65,61,64,278,362,158,443,323,241,145,61,1810,1682,499,57,1466,19,216,187,276,303,105,21423,44241,9698
0,0,0,0,0,0,0,6,13,7,4,7,2,0,0,8,1,2,14,12,15,3,3,12,3,2,1,0,1,4,8,1,5,0,0,6,7,0,5,2,0,2,7,6,3,0,6,0,0,1,0,2,18,0,2,4,52,676,809,1851,3602,5528,7179,185,72,38,336,459,638,105,6636,6573,1607,61,209,33,34,13,30,417,30,742,82,39,26,13,1216,97,63,25,94,11,115,69,178,5,7,41,160,316
0,0,0,1,0,0,0,8,68,6,8,7,14,2,1,4,0,3,8,123,4,8,14,5,64,7,5,0,0,0,6,9,52,6,0,0,17,13,1,1,0,5,1,7,32,2,11,0,1,1,0,1,15,0,1,4,318,783,350,2593,2302,7179,26707,7920,115,137,104,3354,232,782,9684,7342,951,326,534,44,103,18,20,1169,52,8891,273,75,106,22,995,70,322,44,74,9,188,98,333,1,13,18,320,402
0,0,0,0,0,0,0,24,76,1,0,18,18,8,3,4,1,2,0,190,1,8,6,3,48,1,5,0,0,3,2,2,53,0,0,0,27,5,0,0,0,2,2,9,16,1,3,1,0,0,1,0,8,0,0,3,3401,2161,531,1634,80,185,7920,14805,120,81,104,4908,154,916,338,387,310,146,52,6,28,2,16,1625,26,3821,196,20,124,6,719,19,51,17,11,1,36,3,31,1,5,5,65,44
4,0,0,20,2,17,52,1,8,58,7,1,3,21,1,70,0,4,9,36,4,11,3,7,17,6,7,2,11,29,8,6,9,0,54,32,6,8,72,0,20,38,16,8,8,1,7,15,5,22,18704,11331,20282,385,1049,1788,69,66,48,42,1690,72,115,120,93153,17096,3016,35,268,265,93,929,430,87,141,73,30,48,5164,1280,156,464,30534,4532,645,42,116,2237,701,391,629,7,165,38,87,323,18379,777,3704,685
0,0,0,1,1,0,2,2,2,13,2,3,0,0,1,11,0,0,4,9,4,10,2,5,6,3,5,1,8,5,4,2,6,0,4,7,1,2,10,0,8,7,8,5,2,0,4,0,2,9,54,39,10072,1,10,27,35,33,24,34,519,38,137,81,17096,45846,6077,80,129,100,230,325,244,62,702,41,34,17,273,2388,140,519,10698,16313,279,33,97,298,9900,135,178,1,108,22,122,28,367,152,4411,8802
2,5,0,17,3,17,33,2,14,146,14,2,5,21,10,118,2,4,24,23,16,30,2,21,8,1,4,6,26,62,44,1,6,3,63,91,15,2,144,1,37,77,54,15,4,2,2,8,4,50,46,40,4899,6,76,3464,123,261,569,215,1295,336,104,104,3016,6077,44837,347,6377,313,274,494,2996,48,246,24,12,7,177,12482,34,226,666,8664,233,12,455,10189,920,173,1345,0,56,10,25,889,316,104,608,384
0,0,0,0,0,0,0,11,31,2,7,2,2,1,0,4,7,5,5,10,6,1,1,5,5,0,0,0,1,2,1,1,3,0,1,0,10,0,0,1,0,0,0,3,5,0,0,0,0,1,0,1,3,0,0,0,2392,8470,3445,1523,216,459,3354,4908,35,80,347,10350,802,120,10705,550,709,34,1073,14,9,6,5,5889,31,1466,82,43,46,6,1017,16,279,12,35,3,40,7,82,1,4,6,71,92
0,0,1,2,1,2,1,2,20,109,23,8,1,11,3,95,6,6,48,15,56,27,1,68,9,3,5,8,25,50,100,1,6,3,20,80,13,1,83,0,24,56,68,3,5,2,3,4,2,30,4,9,145,0,7,44,218,504,2692,7932,1139,638,232,154,268,129,6377,802,10881,363,616,655,11146,74,376,17,29,3,24,4996,31,223,102,243,127,12,973,3850,138,91,777,6,77,8,31,56,29,52,335,228
0,0,0,0,1,2,0,75,438,9,12,52,86,43,15,16,3,15,8,940,11,56,102,17,664,50,55,1,7,28,17,74,512,7,2,2,38,102,3,5,3,12,13,94,464,12,87,3,8,7,2,2,44,0,1,3,2445,5828,533,6041,46,105,782,916,265,100,313,120,363,26083,39,926,694,3810,11,77,140,16,37,618,128,3986,181,79,3173,31,717,49,27,5241,39,5,1175,30,113,2,24,15,66,29
0,0,0,1,0,0,1,14,38,23,10,18,3,1,1,18,3,20,37,9,23,3,2,29,1,4,1,0,0,4,17,3,2,1,4,12,35,1,7,0,3,3,11,3,1,0,8,1,0,0,1,1,42,1,5,10,24,218,431,1781,4927,6636,9684,338,93,230,274,10705,616,39,22250,1867,2824,32,14234,36,63,29,22,3938,99,754,415,246,53,31,2271,282,3069,33,375,7,138,107,256,16,18,38,1066,8955
2,2,0,4,1,1,6,17,46,45,6,10,8,5,1,41,3,6,15,92,18,37,54,15,78,118,42,24,10,31,20,126,50,125,15,23,18,56,44,83,14,27,10,196,47,65,186,5,4,12,27,358,429,28,75,337,119,1223,773,1974,3446,6573,7342,387,929,325,494,550,655,926,1867,37863,1164,1094,309,1515,1772,2390,7402,717,811,7885,1091,143,660,1514,833,551,270,747,638,775,5128,13004,9619,86,135,2400,2149,568
0,1,3,4,2,3,5,49,136,154,43,34,20,20,11,118,14,31,122,142,144,30,18,144,58,18,12,4,32,34,132,16,38,6,17,107,98,17,127,5,27,60,112,30,23,1,24,2,7,19,3,10,221,0,15,66,212,686,254,15434,2203,1607,951,310,430,244,2996,709,11146,694,2824,1164,11580,3448,1078,155,1039,25,44,1947,143,716,170,335,209,50,8514,2435,230,302,1170,80,1183,34,222,77,57,71,473,467
1,0,1,0,1,1,1,22,146,17,4,25,25,26,11,7,5,15,2,614,8,64,150,18,598,108,123,3,3,29,5,140,291,18,0,1,14,202,5,9,3,17,7,243,447,14,182,1,4,7,1,1,13,0,11,1,55,88,42,4878,52,61,326,146,87,62,48,34,74,3810,32,1094,3448,13963,13,258,4453,151,14,95,247,2967,156,27,851,113,599,126,32,1496,341,575,2565,47,405,20,15,13,60,47
0,0,0,1,0,0,1,3,6,20,16,7,1,0,3,16,2,11,27,5,9,6,2,18,1,0,1,0,2,2,11,3,0,0,4,4,16,1,8,0,5,3,7,3,1,1,1,0,0,2,0,0,25,0,1,11,3,14,54,144,890,209,534,52,141,702,246,1073,376,11,14234,309,1078,13,13035,15,15,6,19,8141,59,327,888,2537,38,9,651,217,11919,12,220,3,60,27,97,14,13,25,1376,5725
0,0,0,0,0,0,0,3,5,1,5,9,0,2,0,1,1,1,1,11,1,61,88,5,14,248,51,21,3,5,0,252,7,167,0,0,1,24,1,62,3,5,2,410,13,127,257,4,0,0,0,2,3,0,14,3,9,29,7,49,65,33,44,6,73,41,24,14,17,77,36,1515,155,258,15,16716,1512,664,30,56,6209,577,165,14,4163,11839,166,49,22,5365,136,242,9879,230,2166,13,17,14,104,74
0,0,0,0,0,2,1,4,9,9,8,7,2,4,3,6,3,2,2,44,2,37,89,8,64,189,113,36,4,10,0,156,25,99,1,2,1,108,8,108,0,7,3,230,88,44,214,4,2,3,0,1,1,0,22,1,9,26,9,203,61,34,103,28,30,34,12,9,29,140,63,1772,1039,4453,15,1512,9346,1565,28,33,901,914,94,8,615,562,825,144,33,663,476,5699,8172,192,1373,37,12,8,82,62
0,0,0,0,0,0,0,0,0,2,0,1,0,1,0,1,0,0,0,0,0,10,7,1,4,12,19,235,5,1,0,22,1,329,0,2,1,0,2,631,3,2,0,57,1,95,193,0,0,0,2,12,7,0,0,8,0,11,5,20,64,13,18,2,48,17,7,6,3,16,29,2390,25,151,6,664,1565,57954,2567,5,271,53,243,4,128,11115,75,11,9,112,37,16118,1906,24626,1332,5,35,366,135,30
0,0,0,2,1,5,2,0,0,9,0,0,0,5,0,7,0,1,1,3,2,1,0,2,1,1,0,2,2,9,2,1,0,0,7,6,0,0,15,2,3,6,2,3,0,1,4,3,1,5,235,156,261,10,42,97,2,14,11,21,278,30,20,16,5164,273,177,5,24,37,22,7402,44,14,19,30,28,2567,131696,73,54,93,44294,198,109,196,52,180,51,59,144,100,104,1859,62,36,15394,26226,1904,35
0,4,0,2,0,3,2,11,32,52,30,26,6,4,3,43,7,21,46,33,33,7,12,32,22,8,4,2,6,12,18,1,13,0,4,31,34,10,31,1,8,16,23,5,14,0,10,1,1,9,8,3,109,0,3,6,781,1879,4851,502,362,417,1169,1625,1280,2388,12482,5889,4996,618,3938,717,1947,95,8141,56,33,5,73,15503,206,2065,1379,5047,908,28,962,313,2638,273,270,3,148,27,157,9,69,28,472,708
0,0,0,0,1,0,0,1,4,4,0,1,1,1,0,0,0,0,0,7,2,21,37,3,7,83,19,21,4,2,3,88,2,115,0,1,1,22,4,46,1,4,0,158,7,56,117,3,0,0,0,1,17,1,5,7,8,56,17,95,158,30,52,26,156,140,34,31,31,128,99,811,143,247,59,6209,901,271,54,206,22566,3253,674,33,7268,6002,108,43,141,510,79,358,4134,290,9175,13,24,40,460,278
0,0,0,1,0,1,0,25,122,14,9,23,33,13,8,6,4,10,11,443,12,49,91,9,348,112,91,7,5,25,3,116,263,14,2,0,23,129,3,8,2,7,6,158,306,17,136,1,8,3,5,3,29,0,11,6,698,1075,322,1970,443,742,8891,3821,464,519,226,1466,223,3986,754,7885,716,2967,327,577,914,53,93,2065,3253,31678,1322,122,18754,222,592,99,533,1460,156,31,2243,107,6091,9,53,55,729,606
1,0,1,3,0,6,3,0,5,36,3,3,1,3,1,41,0,1,4,11,6,9,5,4,9,11,3,2,9,14,8,7,4,2,20,20,3,12,37,1,16,20,10,16,16,2,8,2,0,8,295,425,670,42,78,295,54,46,20,56,323,82,273,196,30534,10698,666,82,102,181,415,1091,170,156,888,165,94,243,44294,1379,674,1322,100750,2540,1364,134,207,603,2898,332,423,19,295,230,344,117,12980,6373,41428,2525
1,2,1,3,1,1,10,1,6,57,1,1,0,6,0,54,0,0,5,7,4,11,1,7,5,3,1,2,16,31,16,1,7,0,17,25,5,2,47,1,18,27,14,1,0,1,4,1,5,9,13,18,750,1,10,35,23,30,26,30,241,39,75,20,4532,16313,8664,43,243,79,246,143,335,27,2537,14,8,4,198,5047,33,122,2540,23687,76,4,245,975,14602,70,414,2,27,11,21,139,264,65,891,1482
0,0,0,2,1,1,0,10,28,12,0,11,3,16,2,5,0,0,5,102,4,26,123,3,122,149,102,3,2,11,4,139,73,23,1,2,4,154,3,7,0,9,9,209,173,19,181,2,0,5,3,1,28,0,4,6,91,599,126,494,145,26,106,124,645,279,233,46,127,3173,53,660,209,851,38,4163,615,128,109,908,7268,18754,1364,76,12679,1037,146,75,149,3458,84,35,1553,58,1376,10,88,62,448,209
0,0,2,0,0,0,0,1,2,3,0,1,0,0,1,1,0,1,0,3,0,48,19,3,5,52,23,59,7,2,0,67,3,395,0,0,0,12,4,309,5,3,0,211,2,111,317,0,1,0,0,3,6,0,2,2,2,22,5,26,61,13,22,6,42,33,12,6,12,31,31,1514,50,113,9,11839,562,11115,196,28,6002,222,134,4,1037,30699,45,20,32,644,39,1649,7066,10470,4883,0,15,63,119,31
2,3,10,15,4,4,11,608,981,470,103,152,156,68,9,309,46,58,126,117,247,117,27,227,60,10,30,30,117,258,150,9,34,6,80,506,448,9,659,6,155,336,241,13,19,8,32,20,13,187,3,6,30,2,39,19,894,3161,494,5357,1810,1216,995,719,116,97,455,1017,973,717,2271,833,8514,599,651,166,825,75,52,962,108,592,207,245,146,45,4528,1854,198,154,5092,201,504,29,180,111,31,111,489,394
7,11,2,78,11,68,105,3,18,298,26,7,2,80,6,299,4,10,101,9,65,77,4,72,11,5,12,12,65,150,95,3,1,4,215,188,44,6,322,3,85,164,112,13,9,5,13,51,15,93,122,185,2967,16,556,5765,11,11,16,29,1682,97,70,19,2237,298,10189,16,3850,49,282,551,2435,126,217,49,144,11,180,313,43,99,603,975,75,20,1854,26374,169,70,17889,17,149,14,48,5309,362,256,1382,484
0,0,0,0,0,0,0,0,2,14,3,1,0,0,0,8,1,2,10,1,1,2,1,3,2,3,3,0,0,0,5,1,4,0,1,2,6,2,2,0,3,3,2,5,2,0,4,0,0,1,1,0,43,0,5,11,4,3,14,32,499,63,322,51,701,9900,920,279,138,27,3069,270,230,32,11919,22,33,9,51,2638,141,533,2898,14602,149,32,198,169,35412,35,149,0,74,32,135,5,30,37,3311,19074
1,0,0,1,0,1,0,12,35,8,3,12,3,15,4,4,0,5,2,93,9,39,147,16,148,207,139,13,5,17,5,225,83,41,4,1,2,232,10,6,1,7,12,275,207,17,260,5,1,2,5,3,33,0,5,9,40,141,53,580,57,25,44,17,391,135,173,12,91,5241,33,747,302,1496,12,5365,663,112,59,273,510,1460,332,70,3458,644,154,70,35,14847,122,42,11102,47,517,13,64,29,108,52
5,11,8,44,8,60,101,2,16,347,22,6,2,54,8,316,1,11,71,8,55,76,5,84,6,6,8,18,67,161,56,3,4,7,173,215,48,6,618,11,110,270,85,15,6,5,11,44,16,139,25,58,438,1747,1533,1054,3,14,41,73,1466,94,74,11,629,178,1345,35,777,39,375,638,1170,341,220,136,476,37,144,270,79,156,423,414,84,39,5092,17889,149,122,21180,85,454,20,143,10031,314,207,969,366
0,1,2,1,0,0,1,1,4,3,0,2,0,1,0,0,0,0,0,5,1,56,28,3,1,72,32,338,30,3,1,81,5,826,1,0,1,11,6,1260,4,6,1,255,2,259,544,3,0,0,0,0,0,0,1,0,0,1,2,10,19,11,9,1,7,1,0,3,6,5,7,775,80,575,3,242,5699,16118,100,3,358,31,19,2,35,1649,201,17,0,42,85,29124,8641,1317,1150,7,3,25,18,6
1,1,0,4,0,3,3,18,40,16,17,17,7,11,4,5,3,3,2,102,8,114,223,7,133,504,187,61,11,15,4,533,87,412,2,2,6,193,12,256,9,6,6,815,169,286,725,6,1,6,1,2,23,0,28,10,19,69,29,652,216,115,188,36,165,108,56,40,77,1175,138,5128,1183,2565,60,9879,8172,1906,104,148,4134,2243,295,27,1553,7066,504,149,74,11102,454,8641,32024,1051,5648,50,39,36,187,191
0,0,0,2,0,1,0,2,2,2,1,0,0,1,0,2,0,0,1,1,0,7,2,0,2,8,5,25,3,0,1,18,1,97,0,0,2,1,3,85,0,2,1,33,3,28,80,0,0,0,1,5,10,0,4,7,3,30,9,44,187,69,98,3,38,22,10,7,8,30,107,13004,34,47,27,230,192,24626,1859,27,290,107,230,11,58,10470,29,14,32,47,20,1317,1051,22230,8105,3,19,574,238,105
0,0,0,1,0,0,0,1,4,1,2,1,1,0,1,2,0,0,2,9,1,36,35,4,19,110,22,22,3,2,0,96,3,171,1,0,3,18,1,112,3,2,0,211,10,82,206,2,0,0,0,1,10,0,6,2,4,68,17,161,276,178,333,31,87,122,25,82,31,113,256,9619,222,405,97,2166,1373,1332,62,157,9175,6091,344,21,1376,4883,180,48,135,517,143,1150,5648,8105,21995,10,10,37,326,278
20,86,43,420,33,430,576,1,6,154,0,1,1,150,33,224,1,2,4,4,4,54,9,32,12,9,26,16,35,97,5,6,4,5,430,45,44,2,479,30,62,134,27,26,9,4,23,358,31,97,84,317,153,1154,6777,633,0,1,1,5,303,5,1,1,323,28,889,1,56,2,16,86,77,20,14,13,37,5,36,9,13,9,117,139,10,0,111,5309,5,13,10031,7,50,3,10,7880,284,60,347,67
0,0,1,3,1,4,5,0,1,15,0,0,0,4,1,14,0,0,2,3,3,5,1,4,1,2,2,1,2,7,4,0,1,0,16,2,3,0,23,0,5,6,5,3,0,0,1,3,2,8,5935,476,626,186,1831,202,2,12,9,4,105,7,13,5,18379,367,316,4,29,24,18,135,57,15,13,17,12,35,15394,69,24,53,12980,264,88,15,31,362,30,64,314,3,39,19,10,284,45261,956,317,22
0,0,0,0,0,0,1,0,1,12,0,0,0,0,0,12,0,0,2,0,3,4,0,5,2,1,0,0,2,7,6,0,3,1,7,7,3,0,16,1,4,9,2,1,1,1,1,1,0,3,23,236,331,18,37,188,1,12,6,13,21423,41,18,5,777,152,104,6,52,15,38,2400,71,13,25,14,8,366,26226,28,40,55,6373,65,62,63,111,256,37,29,207,25,36,574,37,60,956,46893,6285,194
1,2,1,1,1,4,8,1,6,45,3,0,0,9,2,60,0,3,22,8,7,15,2,14,6,5,5,1,17,31,26,4,5,3,18,36,11,2,61,0,19,34,19,8,5,3,6,4,2,18,76,791,1932,29,203,984,15,11,8,49,44241,160,320,65,3704,4411,608,71,335,66,1066,2149,473,60,1376,104,82,135,1904,472,460,729,41428,891,448,119,489,1382,3311,108,969,18,187,238,326,347,317,6285,41343,10867
0,0,0,0,0,1,4,2,4,25,6,2,0,1,1,16,0,2,19,3,6,4,1,8,4,6,2,1,5,6,7,5,1,3,1,6,7,3,11,1,2,9,8,5,1,0,4,1,0,2,8,24,281,1,26,125,1,9,15,45,9698,316,402,44,685,8802,384,92,228,29,8955,568,467,47,5725,74,62,30,35,708,278,606,2525,1482,209,31,394,484,19074,52,366,6,191,105,278,67,22,194,10867,16334
