23502,4200,7689,4803,10531,463,521,51,6,222,17,5,20,11836,856,184,18,7,8,28,40,701,4,6,31,22,11,114,993,491,30,47,50,45,139,26,79,45,41,9,637,167,158,37,88,40,20,256,1567,37,6,3,3,15,4,18,0,0,0,1,8,0,0,0,17,3,20,0,2,0,0,4,2,3,1,2,2,0,15,0,0,4,11,2,1,0,0,33,4,2,9,0,2,0,1,180,10,2,9,1
4200,12162,5970,9393,105,275,708,15,5,169,10,6,9,2339,869,96,3,5,0,15,30,319,0,2,17,5,2,36,179,178,15,23,30,11,97,13,27,19,28,1,237,114,59,17,35,14,7,202,58,29,17,6,6,32,4,17,0,0,1,1,4,0,0,0,6,0,14,0,3,0,0,3,1,3,1,0,0,0,6,0,0,1,2,1,1,0,0,25,2,2,4,0,0,0,0,176,3,1,9,1
7689,5970,37055,13465,5304,9174,10948,3,3,137,6,1,4,916,47,54,0,1,1,2,13,820,2,1,5,6,0,93,498,387,5,13,18,18,38,15,32,10,26,3,533,212,19,13,10,35,4,173,213,20,33,403,2,1694,13,40,0,0,0,1,8,0,1,0,13,0,10,0,1,1,0,4,2,0,1,0,0,0,3,0,0,1,0,0,0,0,0,15,0,1,4,1,0,1,0,140,9,1,5,1
4803,9393,13465,59220,1130,7144,12760,566,108,1322,211,51,173,6079,6383,7096,71,80,110,303,284,828,38,27,235,152,76,97,435,465,1114,278,386,324,494,299,179,575,177,38,710,539,1754,340,937,23,69,1526,207,244,46,39,4,216,53,83,5,1,3,8,26,1,4,0,28,5,52,0,16,6,3,26,7,23,4,5,6,0,17,1,1,22,17,2,21,1,2,57,2,15,34,4,15,1,4,819,24,7,19,0
10531,105,5304,1130,17283,25015,800,30,7,106,8,2,11,3427,122,96,2,7,1,13,17,238,2,4,14,8,4,47,712,265,11,22,26,21,82,15,55,24,65,10,291,55,94,15,53,18,12,276,3763,26,7,6,3,619,10,11,0,0,2,1,6,2,0,0,10,0,22,0,1,0,0,8,0,2,0,0,1,0,10,0,0,1,7,1,1,0,0,26,2,1,11,1,1,0,0,99,5,5,7,2
463,275,9174,7144,25015,35272,28967,7,14,211,42,5,5,416,57,507,2,2,4,6,33,88,14,58,31,16,47,30,120,55,18,16,15,17,942,73,101,20,609,45,68,45,90,56,10,6,15,6119,2651,8,8,5,1,2705,27,16,1,1,1,1,8,0,1,0,3,0,1,0,4,0,0,3,1,0,2,1,1,0,0,0,1,2,1,0,0,0,0,8,0,0,6,0,0,0,0,199,5,2,1,0
521,708,10948,12760,800,28967,19534,33,94,665,122,27,13,414,88,5079,20,6,42,45,189,237,14,90,122,47,29,21,95,132,120,38,36,82,4060,640,154,117,617,17,175,129,227,128,107,7,21,3305,103,36,35,32,5,439,63,255,0,3,4,4,24,1,2,2,22,1,25,2,18,1,6,14,4,7,1,1,1,0,12,2,0,2,9,2,2,0,2,38,2,3,15,3,3,0,0,737,11,5,16,9
51,15,3,566,30,7,33,28657,5887,216,3116,2388,7321,401,883,2076,2834,3233,814,3186,1777,2639,452,141,255,63,68,37,14,23,2850,169,2193,79,35,95,438,658,39,18,23,26,1213,230,1891,110,102,16,11,24,1,1,0,0,1,1,109,229,87,631,49,23,22,83,13,3,30,38,113,48,36,47,146,56,17,5,6,0,2,7,4,59,10,1,11,4,0,30,6,14,7,3,11,0,3,2,0,6,14,5
6,5,3,108,7,14,94,5887,60019,179,957,1953,3496,60,103,1327,879,87,6220,3781,434,1447,414,6534,7266,117,1460,45,14,14,161,115,2258,127,280,1952,1544,748,222,128,33,36,152,870,627,53,137,45,6,22,1,0,3,0,0,5,422,707,180,2026,58,62,78,375,6,3,47,77,167,348,61,142,305,325,19,9,7,2,6,11,7,300,21,3,51,8,0,60,11,26,15,3,26,2,9,5,2,6,22,15
222,169,137,1322,106,211,665,216,179,34050,3289,2062,82,783,1041,1660,135,23,118,56,5668,4210,565,206,167,58,175,128,450,173,365,303,699,116,775,874,782,71,836,39,10669,6329,2001,655,88,274,527,583,128,4645,7,3,6,2,3,14,1,6,50,7,133,14,3,7,33,2,82,7,120,7,21,48,30,18,12,11,8,3,14,9,8,23,41,10,5,4,0,155,19,15,73,5,34,1,15,59,4,19,68,22
17,10,6,211,8,42,122,3116,957,3289,6610,9198,639,86,166,1365,550,227,391,338,1303,5115,2242,141,181,48,92,92,24,27,660,72,485,80,202,476,297,52,235,38,94,108,624,481,77,311,241,141,6,67,1,0,0,1,1,2,6,8,29,19,39,7,4,1,5,0,23,7,66,5,22,18,14,9,6,9,4,1,8,5,8,10,20,2,6,3,0,47,7,9,23,9,27,0,7,10,1,3,14,6
5,6,1,51,2,5,27,2388,1953,2062,9198,24832,8647,64,121,383,5877,724,262,568,5185,2065,5273,214,1159,49,181,71,39,63,318,133,7152,76,81,264,565,88,65,35,113,253,667,468,124,247,400,29,4,219,0,0,0,0,0,1,10,19,36,68,14,5,15,9,0,1,14,13,32,29,14,19,15,52,2,5,4,1,1,3,3,24,5,0,18,1,0,14,3,14,7,3,14,0,11,5,2,3,5,4
20,9,4,173,11,5,13,7321,3496,82,639,8647,19505,210,504,404,5988,800,110,958,1052,393,179,51,403,11,12,7,23,28,720,72,8371,17,16,54,49,29,10,1,20,42,739,65,230,15,36,2,9,73,0,0,0,0,0,3,74,114,3,337,5,12,15,54,0,0,3,2,22,59,2,22,57,60,0,1,3,0,1,0,2,47,0,0,3,0,0,9,0,2,1,1,3,0,0,0,0,0,2,0
11836,2339,916,6079,3427,416,414,401,60,783,86,64,210,59848,13748,762,73,109,43,206,486,876,81,51,287,92,90,242,7036,13252,375,621,739,310,380,224,345,293,237,23,2004,1232,1875,376,773,104,214,299,13388,5228,11,6,4,2,8,14,0,3,6,7,70,2,0,2,33,5,66,2,41,9,9,38,8,16,5,4,5,0,19,5,4,21,27,7,20,1,1,145,6,21,61,3,12,0,5,147,11,12,46,11
856,869,47,6383,122,57,88,883,103,1041,166,121,504,13748,16265,1760,279,259,60,341,992,537,78,16,276,123,94,80,519,1253,1310,627,1284,232,145,138,80,403,67,23,833,1439,10497,321,1276,30,207,139,112,9372,0,1,0,1,1,9,1,2,3,5,13,0,2,2,4,0,10,3,4,7,0,10,2,18,0,2,5,0,2,1,3,16,5,2,20,1,0,13,1,16,4,3,10,0,0,27,1,4,8,2
184,96,54,7096,96,507,5079,2076,1327,1660,1365,383,404,762,1760,24395,559,1184,4711,677,1400,618,81,288,724,147,78,31,128,152,14775,158,441,241,3484,8022,429,649,308,40,256,248,7776,393,640,25,76,800,67,109,10,6,10,4,7,16,8,19,54,52,121,7,6,3,22,7,108,15,172,12,30,52,35,33,27,1,5,2,18,13,1,19,40,12,19,3,0,200,11,14,90,1,9,0,4,165,9,26,76,29
18,3,0,71,2,2,20,2834,879,135,550,5877,5988,73,279,559,6555,3058,223,64,6332,135,299,90,59,6,14,7,7,18,2455,45,1288,12,32,131,245,16,37,3,26,33,879,60,41,11,75,19,2,40,0,0,0,0,1,0,2,22,27,18,10,3,4,1,3,0,3,11,25,1,18,3,9,1,6,1,0,0,1,1,0,3,2,1,3,0,0,3,2,3,1,0,1,0,0,2,0,5,4,2
7,5,1,80,7,2,6,3233,87,23,227,724,800,109,259,1184,3058,2769,172,68,1692,58,62,9,26,6,7,3,8,8,5711,48,559,19,5,32,42,22,3,1,4,12,872,16,154,5,22,2,3,18,0,0,0,0,0,0,0,1,7,6,3,1,2,1,0,0,1,6,5,1,1,2,0,1,2,0,0,0,0,2,0,0,1,0,5,0,0,3,1,2,1,0,1,0,1,0,0,0,1,1
8,0,1,110,1,4,42,814,6220,118,391,262,110,43,60,4711,223,172,5731,453,479,163,55,1104,960,31,72,9,8,16,437,30,143,39,158,2824,491,151,68,13,22,17,208,232,103,5,34,11,3,15,1,0,1,0,1,1,7,30,96,69,59,13,6,13,10,5,37,27,156,8,39,19,26,15,33,3,0,0,9,16,1,12,22,1,7,1,0,45,14,3,16,1,2,0,0,4,1,13,34,24
28,15,2,303,13,6,45,3186,3781,56,338,568,958,206,341,677,64,68,453,14727,121,844,494,69,2608,101,165,22,22,28,258,213,4239,118,60,231,23,4461,7,20,22,32,303,1049,2451,40,114,14,8,24,0,1,5,0,1,8,142,136,9,453,6,15,80,129,8,6,24,2,19,303,5,105,49,381,4,7,18,0,1,4,6,304,6,4,119,7,1,22,5,64,5,1,31,1,3,6,0,0,3,2
40,30,13,284,17,33,189,1777,434,5668,1303,5185,1052,486,992,1400,6332,1692,479,121,22442,380,674,411,289,66,175,87,174,351,3040,481,1630,185,401,1084,1198,104,444,37,542,2191,10927,510,234,128,535,183,27,3952,0,2,1,0,2,4,1,9,72,42,124,13,10,9,13,0,41,28,168,5,39,32,20,23,12,8,0,0,8,12,7,14,18,2,12,3,0,86,5,10,52,2,15,0,3,13,2,12,33,15
701,319,820,828,238,88,237,2639,1447,4210,5115,2065,393,876,537,618,135,58,163,844,380,17161,3469,128,846,221,516,3248,3785,380,239,272,466,1384,212,285,233,210,280,457,15484,1053,433,2226,275,5362,934,169,107,276,4,5,2,3,2,8,11,7,9,38,57,11,11,5,22,3,41,3,47,26,9,69,14,63,11,51,34,9,13,7,20,45,12,4,46,29,1,84,11,49,42,89,135,3,39,26,5,13,36,6
4,0,2,38,2,14,14,452,414,565,2242,5273,179,81,78,81,299,62,55,494,674,3469,10419,125,1761,306,1489,447,54,65,79,425,3916,425,49,109,52,398,90,158,97,206,242,3392,271,3867,4832,65,7,135,1,2,3,0,0,3,2,5,1,19,6,3,14,1,7,1,8,2,9,18,5,99,4,115,2,80,83,4,1,1,33,155,3,4,130,28,0,5,5,126,4,28,168,1,52,2,1,1,11,2
6,2,1,27,4,58,90,141,6534,206,141,214,51,51,16,288,90,9,1104,69,411,128,125,5919,1184,72,1484,57,31,27,36,134,134,83,837,5654,1896,94,4639,429,50,71,82,639,51,21,106,298,33,19,0,0,2,1,2,2,26,41,35,138,57,9,11,24,7,1,39,7,106,9,14,27,324,19,8,5,6,2,10,9,1,13,19,2,9,1,17,58,6,7,30,6,8,0,2,13,2,8,27,15
31,17,5,235,14,31,122,255,7266,167,181,1159,403,287,276,724,59,26,960,2608,289,846,1761,1184,7473,155,4765,34,58,97,113,392,5622,129,299,1303,121,883,339,91,60,121,253,2762,1185,76,496,128,19,101,1,1,10,0,0,10,34,40,8,150,11,6,92,45,11,4,33,6,26,280,9,169,30,536,3,20,52,3,0,4,14,368,9,7,291,16,0,27,5,180,10,2,64,0,20,12,1,0,4,8
22,5,6,152,8,16,47,63,117,58,48,49,11,92,123,147,6,6,31,101,66,221,306,72,155,11860,648,62,18,20,56,6156,291,5619,42,92,23,3971,84,246,13,27,118,9742,2257,187,1434,55,9,16,1,0,4,0,0,5,1,6,1,18,11,6,10,2,9,11,10,1,8,7,3,238,4,71,4,347,101,18,2,3,208,212,7,9,60,125,1,5,11,151,8,71,614,10,236,10,0,1,5,11
11,2,0,76,4,47,29,68,1460,175,92,181,12,90,94,78,14,7,72,165,175,516,1489,1484,4765,648,12029,631,32,57,40,2053,1193,422,225,414,829,870,1209,3960,52,88,116,4708,1362,160,1390,361,50,70,2,0,3,0,3,1,2,7,4,24,4,2,11,2,4,4,11,0,5,25,4,85,6,134,0,73,87,5,1,5,36,139,5,2,127,28,7,7,4,126,15,45,144,0,38,22,1,1,6,6
114,36,93,97,47,30,21,37,45,128,92,71,7,242,80,31,7,3,9,22,87,3248,447,57,34,62,631,61486,1039,181,19,127,176,13440,40,41,124,45,191,9102,738,152,45,351,110,16615,3560,122,22,45,0,0,1,1,1,1,0,0,0,2,6,0,2,0,1,1,3,0,5,0,2,10,0,8,0,15,35,27,2,0,8,9,0,2,5,45,2,8,0,5,3,315,70,4,16,7,1,0,2,1
993,179,498,435,712,120,95,14,14,450,24,39,23,7036,519,128,7,8,8,22,174,3785,54,31,58,18,32,1039,95155,9828,31,117,139,179,87,141,143,31,108,53,25238,1273,239,138,54,608,95,87,9486,314,3,1,2,0,0,3,0,0,3,3,45,0,1,1,8,0,25,0,20,2,8,10,2,6,3,2,1,0,2,0,0,0,5,2,2,0,0,44,5,1,22,3,9,0,0,15,1,3,21,2
491,178,387,465,265,55,132,23,14,173,27,63,28,13252,1253,152,18,8,16,28,351,380,65,27,97,20,57,181,9828,23454,60,206,265,97,91,137,185,49,105,18,8127,6278,512,184,81,91,186,80,906,1141,2,3,1,0,1,5,1,1,2,0,38,3,0,1,7,0,24,1,19,0,3,16,5,4,6,1,6,1,2,0,1,5,15,2,5,0,0,59,6,2,27,0,12,0,1,12,0,6,21,5
30,15,5,1114,11,18,120,2850,161,365,660,318,720,375,1310,14775,2455,5711,437,258,3040,239,79,36,113,56,40,19,31,60,19219,187,920,92,326,581,242,281,113,11,40,68,15772,135,632,13,79,111,14,103,0,0,1,0,0,2,1,8,8,7,52,0,1,0,6,0,21,4,46,9,7,22,9,9,3,4,6,0,4,1,1,9,12,3,8,0,0,60,4,6,31,0,4,1,0,14,1,14,37,8
47,23,13,278,22,16,38,169,115,303,72,133,72,621,627,158,45,48,30,213,481,272,425,134,392,6156,2053,127,117,206,187,28489,5414,5753,40,98,52,647,115,531,140,281,455,6504,3609,168,12319,71,27,321,2,1,2,0,1,4,3,11,2,40,13,4,14,6,5,7,9,1,14,12,4,231,12,116,3,387,160,21,2,5,220,258,8,5,134,133,1,4,11,191,5,117,780,10,199,8,1,0,9,3
50,30,18,386,26,15,36,2193,2258,699,485,7152,8371,739,1284,441,1288,559,143,4239,1630,466,3916,134,5622,291,1193,176,139,265,920,5414,19649,799,58,206,87,1168,105,63,281,531,1702,2941,8583,140,4891,47,25,662,0,0,6,0,2,3,72,82,8,211,10,4,63,70,7,7,20,3,21,221,3,130,21,352,4,34,45,3,1,1,13,270,9,3,174,11,0,15,4,106,6,6,85,2,24,4,0,0,9,5
45,11,18,324,21,17,82,79,127,116,80,76,17,310,232,241,12,19,39,118,185,1384,425,83,129,5619,422,13440,179,97,92,5753,799,26602,62,82,38,1231,77,15970,149,83,232,5985,2102,4538,12957,51,24,76,0,0,2,0,2,0,2,0,2,11,2,2,1,2,5,1,1,2,3,3,1,109,1,31,0,167,89,62,0,3,96,63,5,2,40,306,1,8,3,38,4,815,504,35,212,7,0,0,3,2
139,97,38,494,82,942,4060,35,280,775,202,81,16,380,145,3484,32,5,158,60,401,212,49,837,299,42,225,40,87,91,326,40,58,62,10114,10028,1040,108,15906,100,143,111,709,227,60,9,59,3233,147,38,8,2,3,1,10,18,4,7,10,20,118,7,2,5,30,6,66,3,93,6,16,38,24,12,4,2,3,0,18,14,3,16,37,6,3,2,0,167,17,6,83,0,5,1,1,176,9,18,66,23
26,13,15,299,15,73,640,95,1952,874,476,264,54,224,138,8022,131,32,2824,231,1084,285,109,5654,1303,92,414,41,141,137,581,98,206,82,10028,23117,2491,218,9441,83,180,169,823,548,81,23,96,323,20,63,3,5,10,0,3,14,7,22,72,80,381,24,13,13,23,12,177,27,375,17,77,89,58,31,48,4,2,1,22,17,2,25,78,17,9,3,1,414,50,12,257,1,14,1,3,38,10,53,183,67
79,27,32,179,55,101,154,438,1544,782,297,565,49,345,80,429,245,42,491,23,1198,233,52,1896,121,23,829,124,143,185,242,52,87,38,1040,2491,1434,32,6551,298,218,189,620,143,38,18,64,1101,54,77,20,10,12,1,15,26,0,38,103,78,337,45,31,10,43,19,138,48,328,9,160,77,179,19,129,0,11,4,30,24,2,18,108,10,7,7,158,371,67,3,751,5,11,2,7,234,21,43,200,92
45,19,10,575,24,20,117,658,748,71,52,88,29,293,403,649,16,22,151,4461,104,210,398,94,883,3971,870,45,31,49,281,647,1168,1231,108,218,32,11270,93,125,50,34,407,10760,3304,45,371,64,17,48,1,3,9,0,2,6,3,15,8,51,21,5,28,7,11,6,18,2,19,68,3,220,24,333,9,165,177,12,5,10,62,395,6,10,327,36,6,7,15,338,8,16,256,4,105,10,1,1,10,9
41,28,26,177,65,609,617,39,222,836,235,65,10,237,67,308,37,3,68,7,444,280,90,4639,339,84,1209,191,108,105,113,115,105,77,15906,9441,6551,93,18983,761,173,132,369,536,54,37,122,6518,317,43,8,1,4,0,2,10,0,2,17,11,182,6,2,2,20,4,74,3,118,4,8,44,14,9,18,3,6,0,22,6,1,10,39,6,8,2,2,205,13,5,109,5,4,0,6,87,7,22,72,12
9,1,3,38,10,45,17,18,128,39,38,35,1,23,23,40,3,1,13,20,37,457,158,429,91,246,3960,9102,53,18,11,531,63,15970,100,83,298,125,761,31680,46,22,24,7978,98,1918,2223,365,30,5,0,0,3,0,3,2,0,3,3,10,2,4,6,1,7,1,4,0,2,2,0,149,8,47,0,195,300,212,4,0,166,27,7,5,10,545,14,5,2,12,21,3024,974,94,316,25,4,1,6,6
637,237,533,710,291,68,175,23,33,10669,94,113,20,2004,833,256,26,4,22,22,542,15484,97,50,60,13,52,738,25238,8127,40,140,281,149,143,180,218,50,173,46,43490,9605,519,181,72,438,151,130,188,992,3,1,6,0,0,2,1,1,3,5,32,3,2,2,6,3,16,3,39,2,3,13,7,6,3,5,5,1,3,3,3,4,11,3,2,3,0,55,7,1,27,3,5,0,4,23,4,4,17,6
167,114,212,539,55,45,129,26,36,6329,108,253,42,1232,1439,248,33,12,17,32,2191,1053,206,71,121,27,88,152,1273,6278,68,281,531,83,111,169,189,34,132,22,9605,14396,1905,307,78,95,324,102,95,9050,1,0,0,1,2,1,0,3,3,4,28,1,1,0,5,1,20,2,26,1,3,11,6,8,2,3,2,1,1,1,1,9,6,1,5,0,0,27,3,5,24,2,12,1,1,14,3,2,14,2
158,59,19,1754,94,90,227,1213,152,2001,624,667,739,1875,10497,7776,879,872,208,303,10927,433,242,82,253,118,116,45,239,512,15772,455,1702,232,709,823,620,407,369,24,519,1905,37455,297,928,27,246,400,70,8062,1,1,5,0,3,11,0,3,6,13,75,1,4,3,12,1,41,3,49,3,6,26,6,20,5,5,1,0,11,4,2,17,22,4,19,2,0,92,3,14,52,1,11,1,2,47,4,13,38,7
37,17,13,340,15,56,128,230,870,655,481,468,65,376,321,393,60,16,232,1049,510,2226,3392,639,2762,9742,4708,351,138,184,135,6504,2941,5985,227,548,143,10760,536,7978,181,307,297,33777,1436,1564,6720,325,38,248,0,3,11,0,4,4,2,12,10,37,15,5,20,8,12,17,17,4,16,37,8,363,12,222,4,449,212,45,6,1,282,305,9,15,249,205,3,8,18,205,9,428,1282,18,319,18,2,1,10,16
88,35,10,937,53,10,107,1891,627,88,77,124,230,773,1276,640,41,154,103,2451,234,275,271,51,1185,2257,1362,110,54,81,632,3609,8583,2102,60,81,38,3304,54,98,72,78,928,1436,6415,53,504,59,28,106,0,2,3,0,0,10,19,37,12,74,8,12,59,30,11,11,15,0,22,151,7,227,22,385,6,66,124,8,5,4,42,352,15,11,320,13,0,8,12,290,7,9,193,4,71,13,1,2,13,6
40,14,35,23,18,6,7,110,53,274,311,247,15,104,30,25,11,5,5,40,128,5362,3867,21,76,187,160,16615,608,91,13,168,140,4538,9,23,18,45,37,1918,438,95,27,1564,53,15006,7518,18,4,40,0,0,0,0,1,0,0,0,0,3,1,1,2,0,1,0,3,0,1,0,0,35,0,6,1,48,16,12,2,0,42,10,2,1,8,76,1,3,1,5,3,200,171,12,53,2,0,0,3,1
20,7,4,69,12,15,21,102,137,527,241,400,36,214,207,76,75,22,34,114,535,934,4832,106,496,1434,1390,3560,95,186,79,12319,4891,12957,59,96,64,371,122,2223,151,324,246,6720,504,7518,22912,80,11,227,0,1,6,0,0,3,3,1,5,21,6,2,9,1,3,2,7,0,12,15,2,228,5,87,4,302,159,38,2,2,189,152,2,5,71,208,0,8,11,104,5,489,843,19,252,6,0,1,8,9
256,202,173,1526,276,6119,3305,16,45,583,141,29,2,299,139,800,19,2,11,14,183,169,65,298,128,55,361,122,87,80,111,71,47,51,3233,323,1101,64,6518,365,130,102,400,325,59,18,80,7687,913,34,14,7,0,23,52,56,0,1,5,6,13,0,0,0,7,0,14,0,23,1,1,11,1,0,2,0,2,0,4,1,0,2,2,0,1,2,0,29,1,4,14,6,1,0,0,330,5,3,9,1
1567,58,213,207,3763,2651,103,11,6,128,6,4,9,13388,112,67,2,3,3,8,27,107,7,33,19,9,50,22,9486,906,14,27,25,24,147,20,54,17,317,30,188,95,70,38,28,4,11,913,16002,19,1,1,1,11,4,6,0,1,0,1,3,0,0,0,6,0,8,0,2,0,0,2,1,1,0,0,1,0,3,0,0,1,6,1,0,0,0,12,1,1,4,0,0,0,0,21,2,1,6,0
37,29,20,244,26,8,36,24,22,4645,67,219,73,5228,9372,109,40,18,15,24,3952,276,135,19,101,16,70,45,314,1141,103,321,662,76,38,63,77,48,43,5,992,9050,8062,248,106,40,227,34,19,17251,0,0,0,0,0,0,0,0,0,1,8,1,1,1,3,0,4,0,19,0,1,5,2,3,2,2,2,0,1,1,0,3,3,0,2,1,0,12,1,3,9,1,2,0,2,2,0,1,3,1
6,17,33,46,7,8,35,1,1,7,1,0,0,11,0,10,0,0,1,0,0,4,1,0,1,1,2,0,3,2,0,2,0,0,8,3,20,1,8,0,3,1,1,0,0,0,0,14,1,0,42890,16862,2758,10116,14557,2894,7,5,1,5,119,9,8,10,15326,127,384,3,5,10,7,216,5,17,8,27,10,31,1046,4,25,66,662,31,48,40,1,226,13,18,104,8,14,18,8,433,6766,207,245,23
3,6,403,39,6,5,32,1,0,3,0,0,0,6,1,6,0,0,0,1,2,5,2,0,1,0,0,0,1,3,0,1,0,0,2,5,10,3,1,0,1,0,1,3,2,0,1,7,1,0,16862,90470,9170,22515,473,13268,5,6,2,8,209,17,8,13,11755,152,545,7,4,13,7,443,3,27,6,50,2,41,872,12,51,136,994,56,83,56,3,193,22,19,36,7,35,20,4,556,885,273,508,35
3,6,2,4,3,1,5,0,3,6,0,0,0,4,0,10,0,0,1,5,1,2,3,2,10,4,3,1,2,1,1,2,6,2,3,10,12,9,4,3,6,0,5,11,3,0,6,0,1,0,2758,9170,33649,200,425,13814,172,84,12,32,523,107,48,210,13404,7661,5615,53,90,137,50,529,13,121,85,277,21,65,840,218,279,958,1295,729,756,214,2,1183,117,272,56,25,174,25,67,177,811,323,1254,158
15,32,1694,216,619,2705,439,0,0,2,1,0,0,2,1,4,0,0,0,0,0,3,0,1,0,0,0,1,0,0,0,0,0,0,1,0,1,0,0,0,0,1,0,0,0,0,0,23,11,0,10116,22515,200,58475,20792,21751,1,3,1,0,102,2,1,2,191,7,95,2,1,7,2,142,0,4,0,11,2,15,242,1,7,24,189,4,22,13,0,27,4,12,1314,4,7,5,2,1303,385,120,147,10
4,4,13,53,10,27,63,1,0,3,1,0,0,8,1,7,1,0,1,1,2,2,0,2,0,0,3,1,0,1,0,1,2,2,10,3,15,2,2,3,0,2,3,4,0,1,0,52,4,0,14557,473,425,20792,21202,10917,5,6,2,9,131,12,5,7,101,7,239,3,22,7,7,72,9,28,12,26,29,29,100,6,10,39,70,19,34,19,28,345,7,32,1935,65,48,2,9,4127,3281,50,188,16
18,17,40,83,11,16,255,1,5,14,2,1,3,14,9,16,0,0,1,8,4,8,3,2,10,5,1,1,3,5,2,4,3,0,18,14,26,6,10,2,2,1,11,4,10,0,3,56,6,0,2894,13268,13814,21751,10917,33713,65,68,18,43,1034,64,31,68,2190,118,11949,17,114,120,69,697,44,89,59,272,28,56,432,68,161,487,826,127,534,148,7,3077,60,285,744,35,134,15,23,3097,420,432,1591,136
0,0,0,5,0,1,0,109,422,1,6,10,74,0,1,8,2,0,7,142,1,11,2,26,34,1,2,0,0,1,1,3,72,2,4,7,0,3,0,0,1,0,0,2,19,0,3,0,0,0,7,5,172,1,5,65,2715,7432,1166,1819,29,210,299,5077,89,71,1062,325,853,3272,17,363,192,487,19,6,9,4,5,154,11,2217,17,92,96,7,6,56,22,41,4,4,44,6,17,11,2,2,17,5
0,0,0,1,0,1,3,229,707,6,8,19,114,3,2,19,22,1,30,136,9,7,5,41,40,6,7,0,0,1,8,11,82,0,7,22,38,15,2,3,1,3,3,12,37,0,1,1,1,0,5,6,84,3,6,68,7432,27229,7007,7999,76,660,762,4752,46,32,1483,5795,1875,5412,101,1235,436,393,147,62,52,36,6,515,39,1604,19,78,568,53,61,140,39,233,7,9,147,41,70,22,1,2,24,21
0,1,0,3,2,1,4,87,180,50,29,36,3,6,3,54,27,7,96,9,72,9,1,35,8,1,4,0,3,2,8,2,8,2,10,72,103,8,17,3,3,3,6,10,12,0,5,5,0,0,1,2,12,1,2,18,1166,7007,2741,3055,223,604,276,1234,17,14,3711,2278,4201,254,140,596,130,94,896,37,25,15,2,3370,50,777,10,28,335,32,86,77,21,59,11,8,50,8,39,3,2,4,18,12
1,1,1,8,1,1,4,631,2026,7,19,68,337,7,5,52,18,6,69,453,42,38,19,138,150,18,24,2,3,0,7,40,211,11,20,80,78,51,11,10,5,4,13,37,74,3,21,6,1,1,5,8,32,0,9,43,1819,7999,3055,49400,535,1834,1962,5013,56,60,769,1736,8713,6236,884,3617,11504,7676,227,109,816,79,27,161,103,2189,66,57,642,133,236,975,89,471,144,108,657,78,179,59,15,15,98,77
8,4,8,26,6,8,24,49,58,133,39,14,5,70,13,121,10,3,59,6,124,57,6,57,11,11,4,6,45,38,52,13,10,2,118,381,337,21,182,2,32,28,75,15,8,1,6,13,3,8,119,209,523,102,131,1034,29,76,223,535,36855,6710,1302,84,557,266,2287,216,2020,74,5171,3515,294,172,538,22,77,92,354,142,34,314,979,169,46,65,127,2895,704,73,1095,29,228,69,112,685,138,16385,22830,5537
0,0,0,1,2,0,1,23,62,14,7,5,12,2,0,7,3,1,13,15,13,11,3,9,6,6,2,0,0,3,0,4,4,2,7,24,45,5,6,4,3,1,1,5,12,1,2,0,0,1,9,17,107,2,12,64,210,660,604,1834,6710,6877,7362,511,133,132,755,637,1187,145,4245,5279,149,210,384,12,49,39,73,190,12,456,259,87,24,25,47,334,268,36,59,7,136,57,116,30,39,110,732,466
0,0,1,4,0,1,2,22,78,3,4,15,15,0,2,6,4,2,6,80,10,11,14,11,92,10,11,2,1,0,1,14,63,1,2,13,31,28,2,6,2,1,4,20,59,2,9,0,0,1,8,8,48,1,5,31,299,762,276,1962,1302,7362,11673,6697,81,135,577,3955,548,838,5590,7870,255,1932,1081,29,84,34,28,864,42,5529,94,309,124,52,46,187,514,128,43,15,220,58,214,15,7,13,229,347
0,0,0,0,0,0,2,83,375,7,1,9,54,2,2,3,1,1,13,129,9,5,1,24,45,2,2,0,1,1,0,6,70,2,5,13,10,7,2,1,2,0,3,8,30,0,1,0,0,1,10,13,210,2,7,68,5077,4752,1234,5013,84,511,6697,20266,232,307,1987,4550,1057,817,562,845,362,949,586,13,22,7,29,1203,15,3491,93,620,51,16,31,141,322,37,16,7,49,11,62,14,11,11,71,95
17,6,13,28,10,3,22,13,6,33,5,0,0,33,4,22,3,0,10,8,13,22,7,7,11,9,4,1,8,7,6,5,7,5,30,23,43,11,20,7,6,5,12,12,11,1,3,7,6,3,15326,11755,13404,191,101,2190,89,46,17,56,557,133,81,232,66978,18385,2452,47,96,79,164,1253,43,256,208,245,59,284,6076,362,499,1686,20165,1832,569,501,17,570,1298,187,210,43,297,85,169,363,13272,870,3233,1114
3,0,0,5,0,0,1,3,3,2,0,1,0,5,0,7,0,0,5,6,0,3,1,1,4,11,4,1,0,0,0,7,7,1,6,12,19,6,4,1,3,1,1,17,11,0,2,0,0,0,127,152,7661,7,7,118,71,32,14,60,266,132,135,307,18385,40378,6492,98,74,92,265,526,17,222,388,102,59,97,794,666,315,1409,7001,9831,339,283,5,242,4911,112,69,24,216,31,165,80,198,197,3986,7072
20,14,10,52,22,1,25,30,47,82,23,14,3,66,10,108,3,1,37,24,41,41,8,39,33,10,11,3,25,24,21,9,20,1,66,177,138,18,74,4,16,20,41,17,15,3,7,14,8,4,384,545,5615,95,239,11949,1062,1483,3711,769,2287,755,577,1987,2452,6492,51639,1673,10320,713,601,1058,97,427,1700,231,68,69,391,12373,325,2853,995,8854,1141,259,26,16461,1600,440,347,30,233,35,170,1013,240,194,1479,860
0,0,0,0,0,0,2,38,77,7,7,13,2,2,3,15,11,6,27,2,28,3,2,7,6,1,0,0,0,1,4,1,3,2,3,27,48,2,3,0,3,2,3,4,0,0,0,0,0,0,3,7,53,2,3,17,325,5795,2278,1736,216,637,3955,4550,47,98,1673,6545,1377,47,4674,464,332,66,4408,6,7,14,8,4634,8,481,34,335,10,14,86,152,304,18,10,1,26,4,31,10,1,6,60,144
2,3,1,16,1,4,18,113,167,120,66,32,22,41,4,172,25,5,156,19,168,47,9,106,26,8,5,5,20,19,46,14,21,3,93,375,328,19,118,2,39,26,49,16,22,1,12,23,2,19,5,4,90,1,22,114,853,1875,4201,8713,2020,1187,548,1057,96,74,10320,1377,23584,1457,1090,1169,6497,1199,1351,139,91,42,61,999,105,1379,201,79,492,85,108,6775,217,380,458,26,247,20,89,139,27,82,422,252
0,0,1,6,0,0,1,48,348,7,5,29,59,9,7,12,1,1,8,303,5,26,18,9,280,7,25,0,2,0,9,12,221,3,6,17,9,68,4,2,2,1,3,37,151,0,15,1,0,0,10,13,137,7,7,120,3272,5412,254,6236,74,145,838,817,79,92,713,47,1457,21850,45,825,144,5827,27,239,44,30,12,64,146,6899,51,71,3244,99,6,491,40,3541,49,18,442,20,73,45,5,6,53,21
0,0,0,3,0,0,6,36,61,21,22,14,2,9,0,30,18,1,39,5,39,9,5,14,9,3,4,2,8,3,7,4,3,1,16,77,160,3,8,0,3,3,6,8,7,0,2,1,0,1,7,7,50,2,7,69,17,101,140,884,5171,4245,5590,562,164,265,601,4674,1090,45,9404,1370,385,131,8858,14,48,45,113,1167,27,423,425,363,16,49,152,691,2250,34,181,13,135,36,93,55,14,55,1058,4968
4,3,4,26,8,3,14,47,142,48,18,19,22,38,10,52,3,2,19,105,32,69,99,27,169,238,85,10,10,16,22,231,130,109,38,89,77,220,44,149,13,11,26,363,227,35,228,11,2,5,216,443,529,142,72,697,363,1235,596,3617,3515,5279,7870,845,1253,526,1058,464,1169,825,1370,32906,321,3263,430,509,1574,4480,3368,381,207,4442,2269,421,335,2302,96,709,790,918,430,1025,4385,7761,9247,264,172,3365,2412,809
2,1,2,7,0,1,4,146,305,30,14,15,57,8,2,35,9,0,26,49,20,14,4,324,30,4,6,0,2,5,9,12,21,1,24,58,179,24,14,8,7,6,6,12,22,0,5,1,1,2,5,3,13,0,9,44,192,436,130,11504,294,149,255,362,43,17,97,332,6497,144,385,321,8558,2723,173,47,441,26,21,57,41,469,80,19,76,50,1813,4517,59,112,1058,99,419,5,77,119,9,15,119,66
3,3,0,23,2,0,7,56,325,18,9,52,60,16,18,33,1,1,15,381,23,63,115,19,536,71,134,8,6,4,9,116,352,31,12,31,19,333,9,47,6,8,20,222,385,6,87,0,1,3,17,27,121,4,28,89,487,393,94,7676,172,210,1932,949,256,222,427,66,1199,5827,131,3263,2723,15525,86,322,9149,195,68,107,346,8528,242,176,1450,368,927,907,186,3405,1164,1252,4014,72,581,185,56,28,215,173
1,1,1,4,0,2,1,17,19,12,6,2,0,5,0,27,6,2,33,4,12,11,2,8,3,4,0,0,3,6,3,3,4,0,4,48,129,9,18,0,3,2,5,4,6,1,4,2,0,2,8,6,85,0,12,59,19,147,896,227,538,384,1081,586,208,388,1700,4408,1351,27,8858,430,173,86,13180,8,31,19,64,6307,38,394,216,2200,23,32,73,714,6191,18,144,7,88,16,77,34,12,29,428,2628
2,0,0,5,0,1,1,5,9,11,9,5,1,4,2,1,1,0,3,7,8,51,80,5,20,347,73,15,2,1,4,387,34,167,2,4,0,165,3,195,5,3,5,449,66,48,302,0,0,2,27,50,277,11,26,272,6,62,37,109,22,12,29,13,245,102,231,6,139,239,14,509,47,322,8,11843,552,77,48,17,4077,708,102,40,1866,4129,31,146,36,5665,54,185,4889,64,561,57,28,14,52,38
2,0,0,6,1,1,1,6,7,8,4,4,3,5,5,5,0,0,0,18,0,34,83,6,52,101,87,35,1,6,6,160,45,89,3,2,11,177,6,300,5,2,1,212,124,16,159,2,1,2,10,2,21,2,29,28,9,52,25,816,77,49,84,22,59,59,68,7,91,44,48,1574,441,9149,31,552,7977,690,29,23,507,1499,94,55,493,420,359,153,82,321,512,7232,6406,79,824,103,34,6,88,71
0,0,0,0,0,0,0,0,2,3,1,1,0,0,0,2,0,0,0,0,0,9,4,2,3,18,5,27,0,1,0,21,3,62,0,1,4,12,0,212,1,1,0,45,8,12,38,0,0,0,31,41,65,15,29,56,4,36,15,79,92,39,34,7,284,97,69,14,42,30,45,4480,26,195,19,77,690,49369,2622,19,72,159,722,55,53,12987,92,51,101,73,106,21762,989,20668,2046,49,72,738,257,100
15,6,3,17,10,0,12,2,6,14,8,1,1,19,2,18,1,0,9,1,8,13,1,10,0,2,1,2,2,2,4,2,1,0,18,22,30,5,22,4,3,1,11,6,5,2,2,4,3,1,1046,872,840,242,100,432,5,6,2,27,354,73,28,29,6076,794,391,8,61,12,113,3368,21,68,64,48,29,2622,111609,42,111,285,29045,252,82,410,13,302,225,42,160,141,103,513,84,203,12192,11889,2295,240
0,0,0,1,0,0,2,7,11,9,5,3,0,5,1,13,1,2,16,4,12,7,1,9,4,3,5,0,0,0,1,5,1,3,14,17,24,10,6,0,3,1,4,1,4,0,2,1,0,1,4,12,218,1,6,68,154,515,3370,161,142,190,864,1203,362,666,12373,4634,999,64,1167,381,57,107,6307,17,23,19,42,10365,43,973,174,4259,98,62,24,215,2357,41,39,5,69,16,103,27,8,15,217,425
0,0,0,1,0,1,0,4,7,8,8,3,2,4,3,1,0,0,1,6,7,20,33,1,14,208,36,8,0,1,1,220,13,96,3,2,2,62,1,166,3,1,2,282,42,42,189,0,0,0,25,51,279,7,10,161,11,39,50,103,34,12,42,15,499,315,325,8,105,146,27,207,41,346,38,4077,507,72,111,43,9604,4112,336,202,2813,6362,17,80,190,866,69,276,3394,33,3708,34,47,32,175,125
4,1,1,22,1,2,2,59,300,23,10,24,47,21,16,19,3,0,12,304,14,45,155,13,368,212,139,9,0,5,9,258,270,63,16,25,18,395,10,27,4,9,17,305,352,10,152,2,1,3,66,136,958,24,39,487,2217,1604,777,2189,314,456,5529,3491,1686,1409,2853,481,1379,6899,423,4442,469,8528,394,708,1499,159,285,973,4112,31438,921,1601,14237,1754,74,504,1303,2786,231,120,3855,115,4185,84,88,75,629,565
11,2,0,17,7,1,9,10,21,41,20,5,0,27,5,40,2,1,22,6,18,12,3,19,9,7,5,0,5,15,12,8,9,5,37,78,108,6,39,7,11,6,22,9,15,2,2,2,6,3,662,994,1295,189,70,826,17,19,10,66,979,259,94,93,20165,7001,995,34,201,51,425,2269,80,242,216,102,94,722,29045,174,336,921,50912,997,199,519,38,705,1606,129,380,79,273,204,197,315,2874,7373,23966,2086
2,1,0,2,1,0,2,1,3,10,2,0,0,7,2,12,1,0,1,4,2,4,4,2,7,9,2,2,2,2,3,5,3,2,6,17,10,10,6,5,3,1,4,15,11,1,5,0,1,0,31,56,729,4,19,127,92,78,28,57,169,87,309,620,1832,9831,8854,335,79,71,363,421,19,176,2200,40,55,55,252,4259,202,1601,997,20738,224,208,5,391,16063,122,113,12,153,25,196,100,60,73,1075,1436
1,1,0,21,1,0,2,11,51,5,6,18,3,20,20,19,3,5,7,119,12,46,130,9,291,60,127,5,2,5,8,134,174,40,3,9,7,327,8,10,2,5,19,249,320,8,71,1,0,2,48,83,756,22,34,534,96,568,335,642,46,24,124,51,569,339,1141,10,492,3244,16,335,76,1450,23,1866,493,53,82,98,2813,14237,199,224,10313,677,10,235,85,5114,33,53,856,15,197,65,48,17,87,49
0,0,0,1,0,0,0,4,8,4,3,1,0,1,1,3,0,0,1,7,3,29,28,1,16,125,28,45,0,0,0,133,11,306,2,3,7,36,2,545,3,0,2,205,13,76,208,2,0,1,40,56,214,13,19,148,7,53,32,133,65,25,52,16,501,283,259,14,85,99,49,2302,50,368,32,4129,420,12987,410,62,6362,1754,519,208,677,37615,30,104,254,569,79,6483,4740,10701,5833,35,56,178,297,165
0,0,0,2,0,0,2,0,0,0,0,0,0,1,0,0,0,0,0,1,0,1,0,17,0,1,7,2,0,0,0,1,0,1,0,1,158,6,2,14,0,0,0,3,0,1,0,0,0,0,1,3,2,0,28,7,6,61,86,236,127,47,46,31,17,5,26,86,108,6,152,96,1813,927,73,31,359,92,13,24,17,74,38,5,10,30,807,649,24,15,2222,513,315,9,43,93,17,8,37,30
33,25,15,57,26,8,38,30,60,155,47,14,9,145,13,200,3,3,45,22,86,84,5,58,27,5,7,8,44,59,60,4,15,8,167,414,371,7,205,5,55,27,92,8,8,3,8,29,12,12,226,193,1183,27,345,3077,56,140,77,975,2895,334,187,141,570,242,16461,152,6775,491,691,709,4517,907,714,146,153,51,302,215,80,504,705,391,235,104,649,35215,463,295,14085,67,282,16,54,4931,211,348,1616,500
4,2,0,2,2,0,2,6,11,19,7,3,0,6,1,11,2,1,14,5,5,11,5,6,5,11,4,0,5,6,4,11,4,3,17,50,67,15,13,2,7,3,3,18,12,1,11,1,1,1,13,22,117,4,7,60,22,39,21,89,704,268,514,322,1298,4911,1600,304,217,40,2250,790,59,186,6191,36,82,101,225,2357,190,1303,1606,16063,85,254,24,463,43589,92,242,20,263,41,257,80,23,88,3979,18974
2,2,1,15,1,0,3,14,26,15,9,14,2,21,16,14,3,2,3,64,10,49,126,7,180,151,126,5,1,2,6,191,106,38,6,12,3,338,5,12,1,5,14,205,290,5,104,4,1,3,18,19,272,12,32,285,41,233,59,471,73,36,128,37,187,112,440,18,380,3541,34,918,112,3405,18,5665,321,73,42,41,866,2786,129,122,5114,569,15,295,92,18196,67,79,8865,34,446,89,16,14,93,68
9,4,4,34,11,6,15,7,15,73,23,7,1,61,4,90,1,1,16,5,52,42,4,30,10,8,15,3,22,27,31,5,6,4,83,257,751,8,109,21,27,24,52,9,7,3,5,14,4,9,104,36,56,1314,1935,744,4,7,11,144,1095,59,43,16,210,69,347,10,458,49,181,430,1058,1164,144,54,512,106,160,39,69,231,380,113,33,79,2222,14085,242,67,13171,562,618,12,68,7609,371,242,787,272
0,0,1,4,1,0,3,3,3,5,9,3,1,3,3,1,0,0,1,1,2,89,28,6,2,71,45,315,3,0,0,117,6,815,0,1,5,16,5,3024,3,2,1,428,9,200,489,6,0,1,8,7,25,4,65,35,4,9,8,108,29,7,15,7,43,24,30,1,26,18,13,1025,99,1252,7,185,7232,21762,141,5,276,120,79,12,53,6483,513,67,20,79,562,33367,11346,1380,1442,157,56,62,41,23
2,0,0,15,1,0,3,11,26,34,27,14,3,12,10,9,1,1,2,31,15,135,168,8,64,614,144,70,9,12,4,780,85,504,5,14,11,256,4,974,5,12,11,1282,193,171,843,1,0,2,14,35,174,7,48,134,44,147,50,657,228,136,220,49,297,216,233,26,247,442,135,4385,419,4014,88,4889,6406,989,103,69,3394,3855,273,153,856,4740,315,282,263,8865,618,11346,35382,707,3841,139,67,57,283,246
0,0,1,1,0,0,0,0,2,1,0,0,0,0,0,0,0,0,0,1,0,3,1,0,0,10,0,4,0,0,1,10,2,35,1,1,2,4,0,94,0,1,1,18,4,12,19,0,0,0,18,20,25,5,2,15,6,41,8,78,69,57,58,11,85,31,35,4,20,20,36,7761,5,72,16,64,79,20668,513,16,33,115,204,25,15,10701,9,16,41,34,12,1380,707,9686,7344,8,22,163,104,53
1,0,0,4,0,0,0,3,9,15,7,11,0,5,0,4,0,1,0,3,3,39,52,2,20,236,38,16,0,1,0,199,24,212,1,3,7,105,6,316,4,1,2,319,71,53,252,0,0,2,8,4,67,2,9,23,17,70,39,179,112,116,214,62,169,165,170,31,89,73,93,9247,77,581,77,561,824,2046,84,103,3708,4185,197,196,197,5833,43,54,257,446,68,1442,3841,7344,12669,24,13,42,160,163
180,176,140,819,99,199,737,2,5,59,10,5,0,147,27,165,2,0,4,6,13,26,2,13,12,10,22,7,15,12,14,8,4,7,176,38,234,10,87,25,23,14,47,18,13,2,6,330,21,2,433,556,177,1303,4127,3097,11,22,3,59,685,30,15,14,363,80,1013,10,139,45,55,264,119,185,34,57,103,49,203,27,34,84,315,100,65,35,93,4931,80,89,7609,157,139,8,24,7454,742,156,646,108
10,3,9,24,5,5,11,0,2,4,1,2,0,11,1,9,0,0,1,0,2,5,1,2,1,0,1,1,1,0,1,1,0,0,9,10,21,1,7,4,4,3,4,2,1,0,0,5,2,0,6766,885,811,385,3281,420,2,1,2,15,138,39,7,11,13272,198,240,1,27,5,14,172,9,56,12,28,34,72,12192,8,47,88,2874,60,48,56,17,211,23,16,371,56,67,22,13,742,29467,314,1176,28
2,1,1,7,5,2,5,6,6,19,3,3,0,12,4,26,5,0,13,0,12,13,1,8,0,1,1,0,3,6,14,0,0,0,18,53,43,1,22,1,4,2,13,1,2,0,1,3,1,1,207,273,323,120,50,432,2,2,4,15,16385,110,13,11,870,197,194,6,82,6,55,3365,15,28,29,14,6,738,11889,15,32,75,7373,73,17,178,8,348,88,14,242,62,57,163,42,156,314,34585,7416,181
9,9,5,19,7,1,16,14,22,68,14,5,2,46,8,76,4,1,34,3,33,36,11,27,4,5,6,2,21,21,37,9,9,3,66,183,200,10,72,6,17,14,38,10,13,3,8,9,6,3,245,508,1254,147,188,1591,17,24,18,98,22830,732,229,71,3233,3986,1479,60,422,53,1058,2412,119,215,428,52,88,257,2295,217,175,629,23966,1075,87,297,37,1616,3979,93,787,41,283,104,160,646,1176,7416,34973,9145
1,1,1,0,2,0,9,5,15,22,6,4,0,11,2,29,2,1,24,2,15,6,2,15,8,11,6,1,2,5,8,3,5,2,23,67,92,9,12,6,6,2,7,16,6,1,9,1,0,1,23,35,158,10,16,136,5,21,12,77,5537,466,347,95,1114,7072,860,144,252,21,4968,809,66,173,2628,38,71,100,240,425,125,565,2086,1436,49,165,30,500,18974,68,272,23,246,53,163,108,28,181,9145,19548
