10993,3832,4523,2596,12701,2234,1021,2,0,53,1,2,0,8552,286,250,0,1,0,4,4,200,2,3,1,0,0,61,991,1186,5,12,8,3,41,9,27,3,9,2,684,41,60,0,11,34,8,85,3087,11,28,76,66,28,51,277,1,0,0,0,1,0,0,0,135,20,104,0,2,0,1,3,1,0,0,0,0,0,10,2,0,0,19,18,2,0,11,74,1,1,18,1,1,0,1,117,11,4,5,0
3832,41883,7502,19201,1042,1969,2583,6,2,176,8,7,5,6408,2674,494,2,2,3,11,14,730,8,5,3,4,1,85,729,1464,12,19,22,5,90,15,92,8,37,2,1823,236,152,5,16,52,22,251,451,80,145,292,343,113,221,1026,0,1,1,0,11,0,0,0,436,88,293,0,7,1,3,21,2,3,1,2,0,0,38,4,0,1,46,65,6,0,31,298,7,1,66,2,1,1,0,482,50,14,14,5
4523,7502,12273,6918,3774,4622,7211,3,0,65,3,3,1,1008,80,52,2,0,2,4,3,436,4,1,0,2,0,74,608,1001,1,10,6,5,18,15,18,1,15,4,1236,86,43,3,3,56,18,49,341,15,114,226,106,918,92,1231,0,0,0,1,5,0,0,0,125,22,79,0,2,1,0,15,1,1,0,0,0,0,18,3,0,0,21,10,3,0,5,79,0,0,21,0,0,0,0,121,30,9,11,1
2596,19201,6918,26006,1273,2224,9085,52,15,620,36,43,38,10781,9999,6190,13,9,21,172,79,842,15,32,74,18,13,69,838,1972,422,193,161,12,542,122,235,50,124,2,1995,503,2283,58,263,54,78,601,747,236,153,387,357,146,250,1249,1,0,6,4,30,3,0,1,551,94,402,1,22,3,1,15,6,9,6,1,3,1,59,7,3,5,59,69,10,2,51,387,10,6,88,0,4,0,2,537,52,22,26,2
12701,1042,3774,1273,13383,19215,1960,1,1,25,1,1,0,2636,141,120,0,0,0,3,1,76,1,3,2,0,2,29,490,512,3,5,5,0,27,3,21,0,7,0,246,17,57,1,8,14,7,518,3124,8,9,37,43,54,25,192,0,0,0,0,1,0,0,0,62,11,47,0,1,0,1,1,1,0,0,0,0,0,7,0,1,0,7,9,0,0,3,38,0,0,7,0,1,0,0,54,5,0,4,0
2234,1969,4622,2224,19215,24272,25337,1,6,52,3,0,1,1160,202,281,1,1,3,2,2,74,2,26,29,1,32,22,303,263,10,7,3,1,297,5,91,3,114,27,218,28,65,27,9,6,8,3691,2996,8,313,335,100,1593,204,1065,0,0,0,2,7,0,0,0,113,11,58,0,8,0,0,8,0,3,0,0,0,0,21,1,0,1,25,8,1,0,8,111,1,4,20,0,6,0,0,142,34,12,6,1
1021,2583,7211,9085,1960,25337,13009,1,12,274,15,7,1,1116,322,1182,4,1,3,35,29,284,3,59,26,5,3,24,251,461,21,34,17,5,1588,97,294,16,172,2,555,121,142,14,32,14,9,3415,433,39,200,536,482,220,393,2414,1,0,1,9,36,1,2,0,569,110,511,0,22,4,1,25,6,6,2,1,5,0,50,4,2,3,73,107,6,2,66,525,9,5,121,0,1,1,1,873,80,28,32,1
2,6,3,52,1,1,1,29091,5917,166,548,1146,7645,64,82,1142,2251,6095,1760,11795,486,2774,278,48,760,35,96,23,24,38,1267,424,1327,16,50,67,1136,241,24,1,61,31,814,126,1533,93,251,8,3,29,0,0,3,0,2,3,297,330,76,986,17,12,197,173,4,1,24,66,87,1025,48,35,105,786,19,2,12,2,2,29,4,211,2,3,90,2,95,13,10,51,2,1,24,1,6,2,1,2,8,5
0,2,0,15,1,6,12,5917,50914,223,292,1229,1394,36,20,277,939,262,5145,5857,426,946,159,9935,9519,25,3713,16,16,32,94,123,487,21,201,1184,16677,59,273,43,45,57,136,332,172,41,116,45,5,37,4,2,4,0,1,5,518,808,230,2770,67,52,245,284,7,6,24,172,333,1702,157,74,202,1400,77,4,70,1,6,74,14,292,19,14,168,7,264,30,20,125,4,2,98,0,20,1,0,15,31,21
53,176,65,620,25,52,274,166,223,31260,6039,2554,148,451,526,1776,424,80,737,94,3904,5744,819,191,76,54,45,114,451,396,341,327,416,66,690,1265,888,56,947,14,8297,5312,3129,220,71,498,760,332,81,5388,5,4,24,2,6,19,3,16,99,126,72,7,6,1,36,18,85,17,238,5,29,28,65,19,45,5,5,4,13,68,1,6,34,15,8,3,53,109,44,8,58,4,32,1,6,22,2,20,34,14
1,8,3,36,1,3,15,548,292,6039,3775,10006,457,37,41,410,912,159,606,117,1165,4395,965,47,64,7,15,12,31,57,105,37,156,13,81,322,172,27,83,6,239,165,325,69,38,120,153,18,3,129,0,1,2,1,0,4,4,9,20,46,12,1,2,2,1,5,10,7,39,5,10,5,8,8,7,0,2,0,2,12,0,3,7,0,1,2,13,9,3,6,6,1,12,0,0,1,0,2,8,5
2,7,3,43,1,0,7,1146,1229,2554,10006,19010,5971,173,329,333,4667,252,427,1241,4299,4054,5947,116,1229,67,211,60,53,271,419,259,4300,40,85,218,518,293,111,8,313,391,1625,434,452,477,1075,16,2,630,0,0,1,0,0,1,21,33,65,175,22,2,11,15,1,1,5,34,65,82,24,23,19,158,20,11,25,1,0,20,5,43,6,1,54,5,68,13,14,66,7,1,75,0,12,2,0,2,7,3
0,5,1,38,0,1,1,7645,1394,148,457,5971,20517,206,271,533,4376,1007,514,2648,1157,633,170,45,1059,11,201,7,22,183,1446,407,4690,7,32,60,822,70,20,2,67,114,1449,56,641,26,144,5,3,198,2,0,1,0,0,0,195,119,30,335,5,5,161,82,1,6,20,14,55,979,8,24,48,804,5,4,27,0,0,11,4,244,2,10,96,1,53,11,7,62,0,4,27,0,8,0,0,0,4,2
8552,6408,1008,10781,2636,1160,1116,64,36,451,37,173,206,48389,18481,1855,51,20,31,335,203,563,99,33,96,51,21,200,4811,24990,191,872,845,45,593,161,460,127,469,13,2153,872,4351,140,609,141,373,518,12260,2137,66,116,206,31,48,389,0,2,8,15,48,5,1,0,365,103,353,1,40,0,3,40,10,15,7,0,4,2,54,13,3,7,93,97,15,4,68,394,34,18,180,0,32,2,4,247,35,26,47,4
286,2674,80,9999,141,202,322,82,20,526,41,329,271,18481,20762,1054,124,27,28,283,539,558,92,14,106,29,20,58,636,3066,274,591,915,15,194,70,206,80,131,4,1580,1597,10233,102,495,80,308,170,292,8555,29,30,90,14,25,128,1,1,8,7,13,0,0,0,137,28,113,0,13,2,2,9,4,10,4,0,5,0,15,7,3,5,21,32,11,1,38,101,6,13,46,1,12,0,1,86,15,13,12,3
250,494,52,6190,120,281,1182,1142,277,1776,410,333,533,1855,1054,19581,401,851,3490,1480,1270,806,105,202,330,62,48,59,326,836,8188,265,508,34,3245,2279,707,179,580,6,1170,485,10488,161,651,35,120,1032,138,326,50,101,197,33,45,309,8,8,52,80,132,13,15,7,268,74,448,8,338,45,24,77,68,51,70,3,9,0,51,108,2,11,155,104,20,6,72,525,111,20,242,2,19,2,3,236,25,59,79,41
0,2,2,13,0,1,4,2251,939,424,912,4667,4376,51,124,401,5692,1103,505,113,7326,535,194,47,40,3,14,8,6,81,2539,99,783,10,39,137,475,16,38,4,81,89,1322,43,40,49,183,7,0,181,0,0,1,0,0,0,14,72,49,246,19,13,5,14,0,2,7,36,36,23,23,14,23,17,16,0,3,0,1,16,1,11,1,3,10,2,83,10,5,2,7,0,5,0,2,0,1,3,5,3
1,2,0,9,0,1,1,6095,262,80,159,252,1007,20,27,851,1103,3504,1990,292,551,407,46,7,18,4,3,2,12,8,3721,78,365,0,4,10,190,11,7,1,15,10,472,24,106,14,45,1,0,8,0,0,0,1,0,0,12,39,46,111,17,3,5,5,1,2,4,33,27,5,46,3,24,6,17,1,2,0,0,17,2,8,2,0,6,1,25,4,6,2,2,0,3,0,2,0,0,3,10,9
0,3,2,21,0,3,3,1760,5145,737,606,427,514,31,28,3490,505,1990,7036,3013,1181,551,78,903,1410,34,171,9,24,63,2655,116,381,15,140,2477,1508,197,222,9,172,107,780,156,427,20,81,11,3,67,3,4,11,0,0,2,26,40,193,258,154,18,21,12,14,32,120,34,420,97,78,48,115,93,116,4,6,1,8,169,7,40,56,10,25,2,79,138,78,33,62,0,25,2,10,1,2,28,84,54
4,11,4,172,3,2,35,11795,5857,94,117,1241,2648,335,283,1480,113,292,3013,25039,96,1065,755,214,6824,267,1260,39,30,147,546,1192,4998,84,238,693,632,4473,144,29,79,53,1666,2899,5022,74,581,81,11,86,1,0,4,0,3,2,253,163,38,460,7,12,302,96,11,13,32,9,124,1562,7,145,118,2598,11,42,127,0,1,37,38,697,1,41,601,22,33,23,14,489,15,11,365,3,62,3,2,2,8,3
4,14,3,79,1,2,29,486,426,3904,1165,4299,1157,203,539,1270,7326,551,1181,96,11855,666,425,194,64,24,30,40,67,428,2831,346,844,32,277,800,931,32,430,8,639,968,7575,114,89,142,440,62,7,2159,0,2,7,0,1,4,11,46,131,279,91,14,8,2,5,7,53,42,203,9,46,30,74,12,52,5,3,1,7,83,3,7,18,5,3,0,85,68,31,13,33,0,19,2,7,8,0,12,56,23
200,730,436,842,76,74,284,2774,946,5744,4395,4054,633,563,558,806,535,407,551,1065,666,22715,6801,83,822,420,325,2026,5434,959,229,749,437,628,269,385,319,335,421,235,15114,903,1201,1778,427,4748,2060,221,37,456,3,6,19,2,3,36,13,6,24,46,33,3,8,6,34,17,74,2,79,46,7,41,22,81,19,30,46,5,12,16,33,17,24,16,42,31,17,88,25,45,35,55,176,7,19,25,2,15,10,17
2,8,4,15,1,2,3,278,159,819,965,5947,170,99,92,105,194,46,78,755,425,6801,10959,51,1005,495,584,265,80,153,60,841,2235,283,27,39,81,694,49,141,210,263,327,2178,698,4842,7060,23,2,254,0,0,1,0,0,1,3,3,5,12,4,2,6,2,3,2,4,1,10,17,1,34,4,90,2,58,102,1,0,3,45,40,0,1,100,23,6,5,3,175,2,37,337,4,28,0,1,0,2,2
3,5,1,32,3,26,59,48,9935,191,47,116,45,33,14,202,47,7,903,214,194,83,51,8235,2410,20,1594,22,18,31,66,53,126,18,754,4948,4734,41,4589,97,79,41,155,325,53,4,34,258,22,33,1,3,3,1,2,6,10,22,79,136,52,8,8,4,8,6,25,20,198,56,23,19,39,95,27,4,11,1,0,30,1,25,11,12,31,1,49,47,14,19,19,3,44,1,5,3,2,12,18,12
1,3,0,74,2,29,26,760,9519,76,64,1229,1059,96,106,330,40,18,1410,6824,64,822,1005,2410,22089,229,14668,94,25,78,70,964,3458,152,274,1097,1960,629,1130,531,46,59,284,5203,832,96,816,382,53,66,3,2,9,3,5,16,204,95,46,402,8,12,263,67,15,15,47,14,147,1685,9,264,198,4798,5,123,517,6,2,30,98,1042,2,44,1353,55,55,36,23,1435,6,24,1145,6,133,20,2,1,3,7
0,4,2,18,0,1,5,35,25,54,7,67,11,51,29,62,3,4,34,267,24,420,495,20,229,6159,443,316,13,31,22,9866,173,4477,16,15,47,3648,62,402,31,31,123,8637,1597,227,2788,28,4,28,0,0,0,0,1,1,1,1,1,2,5,1,1,0,2,7,6,1,3,0,7,119,9,69,3,175,202,10,2,1,163,49,3,5,148,76,3,0,5,266,3,112,791,10,118,0,0,0,9,2
0,1,0,13,2,32,3,96,3713,45,15,211,201,21,20,48,14,3,171,1260,30,325,584,1594,14668,443,21272,1255,16,24,23,989,751,549,69,234,4324,505,2419,7477,37,25,63,12985,492,171,1025,789,37,25,0,8,4,3,5,14,4,2,2,32,5,2,12,2,3,2,4,1,19,46,6,154,18,561,0,162,647,14,2,0,100,212,1,3,505,78,6,7,3,792,6,189,1590,11,133,21,0,0,6,5
61,85,74,69,29,22,24,23,16,114,12,60,7,200,58,59,8,2,9,39,40,2026,265,22,94,316,1255,75330,2133,603,12,509,69,11532,26,20,1599,130,547,18917,1081,98,102,1527,318,18835,9959,208,4,31,0,2,2,0,5,7,0,0,0,1,4,0,1,0,2,2,4,1,7,2,1,23,1,8,0,26,78,372,0,2,38,4,2,0,7,247,13,5,0,16,7,1030,179,38,24,6,0,1,1,1
991,729,608,838,490,303,251,24,16,451,31,53,22,4811,636,326,6,12,24,30,67,5434,80,18,25,13,16,2133,103313,11283,34,115,90,103,137,90,164,18,171,42,30971,481,544,55,65,1691,187,141,8677,210,7,12,25,5,8,50,0,1,3,6,11,0,0,0,55,9,58,3,19,0,0,2,6,2,3,1,2,1,8,10,2,0,25,12,0,0,10,83,15,1,38,6,6,1,0,22,5,2,8,3
1186,1464,1001,1972,512,263,461,38,32,396,57,271,183,24990,3066,836,81,8,63,147,428,959,153,31,78,31,24,603,11283,34050,149,654,718,66,341,258,464,80,539,16,9813,7312,2855,155,248,428,516,214,1113,3173,10,27,54,7,13,68,1,2,13,18,36,1,0,0,94,29,151,2,74,4,5,17,14,7,14,2,5,1,14,19,1,3,61,45,5,3,30,188,43,8,118,7,11,0,5,43,11,17,14,6
5,12,1,422,3,10,21,1267,94,341,105,419,1446,191,274,8188,2539,3721,2655,546,2831,229,60,66,70,22,23,12,34,149,15840,279,976,15,425,384,339,86,218,3,206,95,11956,75,577,15,134,58,7,74,1,7,17,3,1,19,2,7,52,70,63,8,5,2,25,20,93,10,173,6,34,16,30,16,40,3,5,1,11,52,4,9,58,15,11,1,30,115,34,2,47,2,16,0,2,13,4,23,54,25
12,19,10,193,5,7,34,424,123,327,37,259,407,872,591,265,99,78,116,1192,346,749,841,53,964,9866,989,509,115,654,279,50538,8242,7375,28,60,98,2231,93,520,354,413,1561,6179,12501,659,21694,82,13,464,1,0,0,0,1,5,4,6,6,18,12,5,11,2,2,15,13,2,9,16,5,183,11,169,5,360,324,16,3,5,262,96,5,8,216,177,5,6,8,385,7,289,1495,19,210,3,1,5,6,7
8,22,6,161,5,3,17,1327,487,416,156,4300,4690,845,915,508,783,365,381,4998,844,437,2235,126,3458,173,751,69,90,718,976,8242,15915,84,57,123,278,1443,79,25,376,547,2511,1356,9281,254,3915,33,6,747,0,0,1,0,1,1,30,19,19,86,6,3,40,12,3,1,10,5,29,298,3,47,35,654,5,31,85,2,0,14,23,180,1,6,223,13,28,7,5,283,5,12,232,4,28,2,0,0,4,5
3,5,5,12,0,1,5,16,21,66,13,40,7,45,15,34,10,0,15,84,32,628,283,18,152,4477,549,11532,103,66,15,7375,84,22500,2,10,121,355,86,9837,95,37,80,7690,428,2487,16552,32,1,27,0,0,1,0,1,0,0,0,2,4,4,1,3,1,3,10,1,1,1,3,1,94,3,34,0,118,108,138,3,0,292,15,4,2,20,819,6,1,1,43,4,1755,947,107,142,3,0,2,1,3
41,90,18,542,27,297,1588,50,201,690,81,85,32,593,194,3245,39,4,140,238,277,269,27,754,274,16,69,26,137,341,425,28,57,2,5302,2749,952,41,6501,19,445,174,1532,67,102,10,24,3862,77,173,32,39,117,16,28,170,3,3,31,28,68,2,4,1,203,71,258,3,88,15,10,26,22,19,14,5,7,0,43,29,0,11,92,67,12,3,70,359,59,7,193,2,11,3,2,173,24,29,54,19
9,15,15,122,3,5,97,67,1184,1265,322,218,60,161,70,2279,137,10,2477,693,800,385,39,4948,1097,15,234,20,90,258,384,60,123,10,2749,6912,2429,68,4542,18,452,254,1469,169,124,9,64,139,7,195,4,5,34,0,1,17,4,11,133,142,164,22,12,7,48,41,265,18,515,34,45,64,104,69,105,1,12,2,22,164,2,20,110,49,19,3,66,373,144,16,193,0,29,0,8,10,2,52,120,58
27,92,18,235,21,91,294,1136,16677,888,172,518,822,460,206,707,475,190,1508,632,931,319,81,4734,1960,47,4324,1599,164,464,339,98,278,121,952,2429,2980,51,6309,2598,557,244,1192,891,60,55,112,1254,37,259,9,15,32,4,18,62,32,49,118,377,160,15,21,17,38,39,105,22,376,43,69,53,206,58,109,2,20,3,15,114,5,29,83,18,20,4,890,163,63,13,64,49,23,3,9,140,6,41,90,56
3,8,1,50,0,3,16,241,59,56,27,293,70,127,80,179,16,11,197,4473,32,335,694,41,629,3648,505,130,18,80,86,2231,1443,355,41,68,51,15921,81,68,44,48,422,9229,7149,59,1019,49,2,53,0,1,1,2,1,3,2,5,2,19,5,1,8,2,1,2,3,0,10,32,3,112,18,439,2,56,272,2,3,1,52,198,2,7,398,19,5,3,3,477,4,11,635,4,77,6,0,1,2,0
9,37,15,124,7,114,172,24,273,947,83,111,20,469,131,580,38,7,222,144,430,421,49,4589,1130,62,2419,547,171,539,218,93,79,86,6501,4542,6309,81,26230,1607,664,328,1211,977,72,37,110,4092,42,303,9,14,73,4,9,41,2,3,50,47,99,7,0,1,124,64,274,1,258,9,14,56,53,18,26,4,8,2,52,65,3,7,142,74,19,3,76,434,86,21,284,20,29,4,2,54,13,44,102,28
2,2,4,2,0,27,2,1,43,14,6,8,2,13,4,6,4,1,9,29,8,235,141,97,531,402,7477,18917,42,16,3,520,25,9837,19,18,2598,68,1607,29101,37,7,9,16134,53,1814,2962,659,15,6,1,2,0,3,7,5,1,1,1,3,3,2,2,0,3,4,4,2,2,3,3,136,3,45,1,185,356,256,1,2,294,20,6,1,37,1144,55,1,5,106,11,4009,1187,168,170,22,0,5,1,2
684,1823,1236,1995,246,218,555,61,45,8297,239,313,67,2153,1580,1170,81,15,172,79,639,15114,210,79,46,31,37,1081,30971,9813,206,354,376,95,445,452,557,44,664,37,64841,7600,2541,141,143,846,466,345,164,1682,13,19,49,6,7,72,0,4,19,37,41,3,2,0,63,36,134,5,116,1,8,18,20,6,14,1,4,1,25,26,2,2,55,30,6,3,40,175,34,8,93,9,6,1,2,42,8,14,31,12
41,236,86,503,17,28,121,31,57,5312,165,391,114,872,1597,485,89,10,107,53,968,903,263,41,59,31,25,98,481,7312,95,413,547,37,174,254,244,48,328,7,7600,19531,3602,117,112,167,542,110,40,8874,1,2,12,3,1,12,0,5,26,27,32,6,1,2,11,9,47,6,72,0,3,9,18,5,5,2,4,0,5,21,0,1,17,11,5,0,16,66,18,6,22,4,16,0,2,9,0,8,11,6
60,152,43,2283,57,65,142,814,136,3129,325,1625,1449,4351,10233,10488,1322,472,780,1666,7575,1201,327,155,284,123,63,102,544,2855,11956,1561,2511,80,1532,1469,1192,422,1211,9,2541,3602,33402,358,2004,115,686,432,127,13364,20,42,88,7,11,108,2,8,67,80,119,8,4,3,147,46,297,16,323,34,29,44,53,43,62,5,17,3,42,66,3,13,114,61,33,6,71,375,69,39,176,1,44,1,7,97,15,35,80,40
0,5,3,58,1,27,14,126,332,220,69,434,56,140,102,161,43,24,156,2899,114,1778,2178,325,5203,8637,12985,1527,55,155,75,6179,1356,7690,67,169,891,9229,977,16134,141,117,358,45197,2201,921,6976,437,16,100,1,6,3,2,7,17,4,7,7,17,29,9,19,1,9,28,14,3,24,42,17,575,24,596,9,1004,1185,127,3,7,836,348,11,18,694,602,16,8,27,1146,17,1275,4636,60,589,30,0,5,27,27
11,16,3,263,8,9,32,1533,172,71,38,452,641,609,495,651,40,106,427,5022,89,427,698,53,832,1597,492,318,65,248,577,12501,9281,428,102,124,60,7149,72,53,143,112,2004,2201,7547,80,1754,77,11,156,1,0,3,0,1,2,4,12,6,47,3,4,20,2,5,3,11,2,15,117,5,148,40,1003,2,57,277,4,0,3,66,319,3,11,658,40,5,6,4,652,9,18,686,1,99,7,0,0,3,1
34,52,56,54,14,6,14,93,41,498,120,477,26,141,80,35,49,14,20,74,142,4748,4842,4,96,227,171,18835,1691,428,15,659,254,2487,10,9,55,59,37,1814,846,167,115,921,80,15755,12710,14,0,82,0,1,1,0,1,4,0,0,1,3,1,0,0,1,2,1,4,0,0,3,2,14,1,11,0,31,35,19,0,0,61,5,1,1,8,151,4,8,4,21,2,299,196,17,30,1,0,3,4,0
8,22,18,78,7,8,9,251,116,760,153,1075,144,373,308,120,183,45,81,581,440,2060,7060,34,816,2788,1025,9959,187,516,134,21694,3915,16552,24,64,112,1019,110,2962,466,542,686,6976,1754,12710,38238,44,4,445,0,1,0,0,0,4,2,3,7,11,4,4,9,0,6,10,4,3,12,25,4,165,6,124,3,300,258,99,2,0,351,44,3,5,114,662,6,9,11,208,4,1308,1505,85,213,4,0,3,9,7
85,251,49,601,518,3691,3415,8,45,332,18,16,5,518,170,1032,7,1,11,81,62,221,23,258,382,28,789,208,141,214,58,82,33,32,3862,139,1254,49,4092,659,345,110,432,437,77,14,44,7571,518,88,32,79,115,27,83,322,2,0,7,10,19,2,0,0,150,40,176,1,24,0,2,18,4,5,7,1,7,1,20,8,1,1,36,44,9,2,38,187,13,7,66,8,9,1,1,250,14,15,15,2
3087,451,341,747,3124,2996,433,3,5,81,3,2,3,12260,292,138,0,0,3,11,7,37,2,22,53,4,37,4,8677,1113,7,13,6,1,77,7,37,2,42,15,164,40,127,16,11,0,4,518,10877,15,4,17,24,5,10,54,0,0,2,0,4,0,0,0,36,5,27,0,2,0,0,2,1,1,0,0,0,0,6,2,0,0,4,6,1,0,8,41,0,0,19,0,0,0,1,29,3,0,0,0
11,80,15,236,8,8,39,29,37,5388,129,630,198,2137,8555,326,181,8,67,86,2159,456,254,33,66,28,25,31,210,3173,74,464,747,27,173,195,259,53,303,6,1682,8874,13364,100,156,82,445,88,15,18835,0,1,9,2,0,5,1,0,11,31,13,1,1,1,9,5,29,4,46,4,4,7,11,12,5,2,4,0,1,14,1,6,17,6,3,0,12,39,12,6,19,0,15,1,0,4,0,8,7,0
28,145,114,153,9,313,200,0,4,5,0,0,2,66,29,50,0,0,3,1,0,3,0,1,3,0,0,0,7,10,1,1,0,0,32,4,9,0,9,1,13,1,20,1,1,0,0,32,4,0,24423,8950,2578,11832,7524,2476,1,0,1,3,106,4,1,3,9718,131,437,0,11,8,1,266,4,9,7,5,1,38,2114,10,3,6,1031,33,26,13,38,269,15,13,50,5,16,35,3,139,9999,338,195,15
76,292,226,387,37,335,536,0,2,4,1,0,0,116,30,101,0,0,4,0,2,6,0,3,2,0,8,2,12,27,7,0,0,0,39,5,15,1,14,2,19,2,42,6,0,1,1,79,17,1,8950,56632,11245,9133,2156,8816,0,2,1,8,362,2,2,1,14020,173,422,2,17,3,5,972,2,1,3,2,2,47,1313,7,4,11,1454,32,34,32,66,433,37,10,63,4,12,57,12,153,1440,1258,820,21
66,343,106,357,43,100,482,3,4,24,2,1,1,206,90,197,1,0,11,4,7,19,1,3,9,0,4,2,25,54,17,0,1,1,117,34,32,1,73,0,49,12,88,3,3,1,0,115,24,9,2578,11245,25542,428,429,10301,41,38,7,22,1043,50,15,15,19773,3657,9074,9,129,128,42,728,22,43,87,112,6,28,1194,124,116,154,1608,603,619,116,211,1201,198,199,220,10,82,49,45,387,1527,889,1131,119
28,113,918,146,54,1593,220,0,0,2,1,0,0,31,14,33,0,1,0,0,0,2,0,1,3,0,3,0,5,7,3,0,0,0,16,0,4,2,4,3,6,3,7,2,0,0,0,27,5,2,11832,9133,428,13690,11917,23311,0,0,1,0,56,3,0,0,443,31,60,0,2,2,1,319,1,1,0,3,3,25,696,1,0,4,721,12,6,14,14,224,12,1,26,3,10,38,5,114,686,507,239,11
51,221,92,250,25,204,393,2,1,6,0,0,0,48,25,45,0,0,0,3,1,3,0,2,5,1,5,5,8,13,1,1,1,1,28,1,18,1,9,7,7,1,11,7,1,1,0,83,10,0,7524,2156,429,11917,23195,12411,0,0,1,10,42,4,0,0,1169,42,266,0,6,10,4,53,51,159,7,6,127,29,281,3,7,8,164,36,17,6,140,1812,42,16,584,96,112,7,8,4369,5254,74,47,10
277,1026,1231,1249,192,1065,2414,3,5,19,4,1,0,389,128,309,0,0,2,2,4,36,1,6,16,1,14,7,50,68,19,5,1,0,170,17,62,3,41,5,72,12,108,17,2,4,4,322,54,5,2476,8816,10301,23311,12411,23290,1,3,3,10,346,7,1,0,3378,125,2449,2,27,18,11,343,15,18,12,10,3,18,376,9,14,16,621,44,56,16,138,3126,56,29,172,1,19,7,7,1437,480,450,356,49
1,0,0,1,0,0,1,297,518,3,4,21,195,0,1,8,14,12,26,253,11,13,3,10,204,1,4,0,0,1,2,4,30,0,3,4,32,2,2,1,0,0,2,4,4,0,2,2,0,1,1,0,41,0,0,1,3636,7204,1817,848,24,93,458,3876,25,49,454,872,783,1934,63,162,63,76,84,15,28,3,5,606,40,1533,8,383,755,18,235,23,70,50,3,1,21,8,43,2,0,4,3,7
0,1,0,0,0,0,0,330,808,16,9,33,119,2,1,8,72,39,40,163,46,6,3,22,95,1,2,0,1,2,7,6,19,0,3,11,49,5,3,1,4,5,8,7,12,0,3,0,0,0,0,2,38,0,0,3,7204,19772,6475,5543,59,368,449,3187,29,49,631,5163,1786,4971,211,1205,82,472,174,40,33,16,8,1001,45,843,11,304,999,32,684,37,65,270,7,4,105,37,87,1,2,2,15,18
0,1,0,6,0,0,1,76,230,99,20,65,30,8,8,52,49,46,193,38,131,24,5,79,46,1,2,0,3,13,52,6,19,2,31,133,118,2,50,1,19,26,67,7,6,1,7,7,2,11,1,1,7,1,1,3,1817,6475,3953,2157,417,977,268,787,8,27,408,3868,3246,612,534,1374,77,130,416,25,23,10,9,2138,60,680,20,57,656,26,552,39,75,79,103,7,88,22,101,4,0,21,48,41
0,0,1,4,0,2,9,986,2770,126,46,175,335,15,7,80,246,111,258,460,279,46,12,136,402,2,32,1,6,18,70,18,86,4,28,142,377,19,47,3,37,27,80,17,47,3,11,10,0,31,3,8,22,0,10,10,848,5543,2157,52058,562,1023,1446,974,20,65,258,878,4620,7819,1523,1606,14094,10605,176,37,943,14,27,117,54,803,46,53,647,41,9139,169,111,409,153,16,420,26,143,11,4,39,99,128
1,11,5,30,1,7,36,17,67,72,12,22,5,48,13,132,19,17,154,7,91,33,4,52,8,5,5,4,11,36,63,12,6,4,68,164,160,5,99,3,41,32,119,29,3,1,4,19,4,13,106,362,1043,56,42,346,24,59,417,562,23595,4188,708,40,817,1112,2146,225,1328,57,4617,3672,212,90,802,86,94,92,163,252,113,177,238,941,106,112,980,1019,2368,83,766,34,513,132,282,174,65,12475,7626,3381
0,0,0,3,0,0,1,12,52,7,1,2,5,5,0,13,13,3,18,12,14,3,2,8,12,1,2,0,0,1,8,5,3,1,2,22,15,1,7,2,3,6,8,9,4,0,4,2,0,1,4,2,50,3,4,7,93,368,977,1023,4188,7327,6020,256,30,71,523,1271,966,134,6474,6813,106,151,215,43,36,42,6,160,53,650,23,136,46,64,293,120,239,62,47,16,267,123,306,4,5,71,110,430
0,0,0,0,0,0,2,197,245,6,2,11,161,1,0,15,5,5,21,302,8,8,6,8,263,1,12,1,0,0,5,11,40,3,4,12,21,8,0,2,2,1,4,19,20,0,9,0,0,1,1,2,15,0,0,1,458,449,268,1446,708,6020,11747,5595,30,110,141,4317,327,1673,7198,6815,120,1456,470,39,112,44,6,514,127,5126,16,134,344,97,405,44,308,170,16,16,311,115,502,1,3,14,43,223
0,0,0,1,0,0,0,173,284,1,2,15,82,0,0,7,14,5,12,96,2,6,2,4,67,0,2,0,0,0,2,2,12,1,1,7,17,2,1,0,0,2,3,1,2,1,0,0,0,1,3,1,15,0,0,0,3876,3187,787,974,40,256,5595,10556,33,48,241,4663,442,745,1384,314,68,195,185,12,9,6,1,637,11,1959,8,242,192,6,188,10,97,27,1,0,21,14,66,0,1,3,10,30
135,436,125,551,62,113,569,4,7,36,1,1,1,365,137,268,0,1,14,11,5,34,3,8,15,2,3,2,55,94,25,2,3,3,203,48,38,1,124,3,63,11,147,9,5,2,6,150,36,9,9718,14020,19773,443,1169,3378,25,29,8,20,817,30,30,33,64260,19531,2252,37,96,91,39,856,21,32,96,303,23,216,13373,151,560,502,17952,2048,1093,739,352,1224,544,207,465,51,260,147,265,460,13911,1225,2050,618
20,88,22,94,11,11,110,1,6,18,5,1,6,103,28,74,2,2,32,13,7,17,2,6,15,7,2,2,9,29,20,15,1,10,71,41,39,2,64,4,36,9,46,28,3,1,10,40,5,5,131,173,3657,31,42,125,49,49,27,65,1112,71,110,48,19531,33787,3833,86,205,126,252,1113,30,91,522,339,56,262,685,508,715,823,6024,10044,1105,750,417,482,7758,263,413,64,513,205,727,147,234,963,4708,3191
104,293,79,402,47,58,511,24,24,85,10,5,20,353,113,448,7,4,120,32,53,74,4,25,47,6,4,4,58,151,93,13,10,1,258,265,105,3,274,4,134,47,297,14,11,4,4,176,27,29,437,422,9074,60,266,2449,454,631,408,258,2146,523,141,241,2252,3833,25988,436,5940,821,344,990,146,324,1257,247,33,43,381,7469,276,714,1040,7875,1812,226,588,6649,1384,794,1280,18,195,42,154,682,250,590,959,429
0,0,0,1,0,0,0,66,172,17,7,34,14,1,0,8,36,33,34,9,42,2,1,20,14,1,1,1,3,2,10,2,5,1,3,18,22,0,1,2,5,6,16,3,2,0,3,1,0,4,0,2,9,0,0,2,872,5163,3868,878,225,1271,4317,4663,37,86,436,9155,1461,126,5045,707,59,71,1424,13,15,15,6,4137,39,1218,14,266,75,28,362,32,202,18,27,6,65,26,182,3,2,5,31,193
2,7,2,22,1,8,22,87,333,238,39,65,55,40,13,338,36,27,420,124,203,79,10,198,147,3,19,7,19,74,173,9,29,1,88,515,376,10,258,2,116,72,323,24,15,0,12,24,2,46,11,17,129,2,6,27,783,1786,3246,4620,1328,966,327,442,96,205,5940,1461,11190,2114,823,1138,6146,1757,1103,65,120,16,69,2002,87,779,257,313,714,69,1234,2013,605,536,539,24,347,32,140,27,7,159,394,289
0,1,1,3,0,0,4,1025,1702,5,5,82,979,0,2,45,23,5,97,1562,9,46,17,56,1685,0,46,2,0,4,6,16,298,3,15,34,43,32,9,3,1,0,34,42,117,3,25,0,0,4,8,3,128,2,10,18,1934,4971,612,7819,57,134,1673,745,91,126,821,126,2114,22055,73,935,465,5484,53,180,279,22,13,274,220,7944,13,371,7941,131,466,255,100,3263,47,10,436,33,272,19,5,8,18,12
1,3,0,1,1,0,1,48,157,29,10,24,8,3,2,24,23,46,78,7,46,7,1,23,9,7,6,1,0,5,34,5,3,1,10,45,69,3,14,3,8,3,29,17,5,2,4,2,0,4,1,5,42,1,4,11,63,211,534,1523,4617,6474,7198,1384,39,252,344,5045,823,73,10040,2896,222,117,4117,72,81,131,10,724,123,923,66,115,58,167,838,215,1116,62,170,43,460,152,486,9,3,131,438,3608
3,21,15,15,1,8,25,35,74,28,5,23,24,40,9,77,14,3,48,145,30,41,34,19,264,119,154,23,2,17,16,183,47,94,26,64,53,112,56,136,18,9,44,575,148,14,165,18,2,7,266,972,728,319,53,343,162,1205,1374,1606,3672,6813,6815,314,856,1113,990,707,1138,935,2896,43757,193,2163,606,855,1295,3224,2564,539,1412,3720,1259,642,649,2345,406,375,1237,1300,332,798,7501,14078,14530,109,53,2948,1735,834
1,2,1,6,1,0,6,105,202,65,8,19,48,10,4,68,23,24,115,118,74,22,4,39,198,9,18,1,6,14,30,11,35,3,22,104,206,18,53,3,20,18,53,24,40,1,6,4,1,11,4,2,22,1,51,15,63,82,77,14094,212,106,120,68,21,30,146,59,6146,465,222,193,12833,5861,96,31,1315,12,17,85,39,235,49,22,59,22,5280,4698,50,100,2024,221,745,7,78,142,3,27,73,69
0,3,1,9,0,3,6,786,1400,19,8,158,804,15,10,51,17,6,93,2598,12,81,90,95,4798,69,561,8,2,7,16,169,654,34,19,69,58,439,18,45,6,5,43,596,1003,11,124,5,1,12,9,1,43,1,159,18,76,472,130,10605,90,151,1456,195,32,91,324,71,1757,5484,117,2163,5861,30962,60,297,12607,56,15,78,420,4406,38,123,1798,220,2262,607,72,1710,1490,1028,8860,64,928,575,16,17,39,41
0,1,0,6,0,0,2,19,77,45,7,20,5,7,4,70,16,17,116,11,52,19,2,27,5,3,0,0,3,14,40,5,5,0,14,105,109,2,26,1,14,5,62,9,2,0,3,7,0,5,7,3,87,0,7,12,84,174,416,176,802,215,470,185,96,522,1257,1424,1103,53,4117,606,96,60,9195,58,21,64,13,6693,132,610,78,748,162,146,523,363,2476,47,348,17,151,46,216,16,4,76,305,2745
0,2,0,1,0,0,1,2,4,5,0,11,4,0,0,3,0,1,4,42,5,30,58,4,123,175,162,26,1,2,3,360,31,118,5,1,2,56,4,185,1,2,5,1004,57,31,300,1,0,2,5,2,112,3,6,10,15,40,25,37,86,43,39,12,303,339,247,13,65,180,72,855,31,297,58,14613,597,105,45,102,11200,639,218,476,3488,9727,31,35,249,8960,29,247,8040,130,633,22,8,36,143,72
0,0,0,3,0,0,5,12,70,5,2,25,27,4,5,9,3,2,6,127,3,46,102,11,517,202,647,78,2,5,5,324,85,108,7,12,20,272,8,356,4,4,17,1185,277,35,258,7,0,4,1,2,6,3,127,3,28,33,23,943,94,36,112,9,23,56,33,15,120,279,81,1295,1315,12607,21,597,20302,808,12,17,773,597,39,16,593,403,1850,127,69,359,1358,13051,14366,96,1068,486,10,12,68,53
0,0,0,1,0,0,0,2,1,4,0,1,0,2,0,0,0,0,1,0,1,5,1,1,6,10,14,372,1,1,1,16,2,138,0,2,3,2,2,256,1,0,3,127,4,19,99,1,0,0,38,47,28,25,29,18,3,16,10,14,92,42,44,6,216,262,43,15,16,22,131,3224,12,56,64,105,808,54905,1567,25,371,33,531,116,62,17393,404,12,187,58,83,19644,1734,23553,1486,58,18,325,295,147
10,38,18,59,7,21,50,2,6,13,2,0,0,54,15,51,1,0,8,1,7,12,0,0,2,2,2,0,8,14,11,3,0,3,43,22,15,3,52,1,25,5,42,3,0,0,2,20,6,1,2114,1313,1194,696,281,376,5,8,9,27,163,6,6,1,13373,685,381,6,69,13,10,2564,17,15,13,45,12,1567,156953,28,59,45,31738,184,132,289,196,290,94,26,218,59,117,1869,122,114,14052,17670,1541,54
2,4,3,7,0,1,4,29,74,68,12,20,11,13,7,108,16,17,169,37,83,16,3,30,30,1,0,2,10,19,52,5,14,0,29,164,114,1,65,2,26,21,66,7,3,0,0,8,2,14,10,7,124,1,3,9,606,1001,2138,117,252,160,514,637,151,508,7469,4137,2002,274,724,539,85,78,6693,102,17,25,28,16650,280,1572,84,4726,813,206,369,194,2312,132,165,8,86,30,337,13,6,39,122,95
0,0,0,3,1,0,2,4,14,1,0,5,4,3,3,2,1,2,7,38,3,33,45,1,98,163,100,38,2,1,4,262,23,292,0,2,5,52,3,294,2,0,3,836,66,61,351,1,0,1,3,4,116,0,7,14,40,45,60,54,113,53,127,11,560,715,276,39,87,220,123,1412,39,420,132,11200,773,371,59,280,23395,1809,306,767,7557,11038,53,41,505,1920,39,928,6829,1313,10881,16,19,42,288,182
0,1,0,5,0,1,3,211,292,6,3,43,244,7,5,11,11,8,40,697,7,17,40,25,1042,49,212,4,0,3,9,96,180,15,11,20,29,198,7,20,2,1,13,348,319,5,44,1,0,6,6,11,154,4,8,16,1533,843,680,803,177,650,5126,1959,502,823,714,1218,779,7944,923,3720,235,4406,610,639,597,33,45,1572,1809,15332,232,1297,11118,289,340,125,1089,2202,66,37,2672,98,3652,28,13,33,221,216
19,46,21,59,7,25,73,2,19,34,7,6,2,93,21,155,1,2,56,1,18,24,0,11,2,3,1,2,25,61,58,5,1,4,92,110,83,2,142,6,55,17,114,11,3,1,3,36,4,17,1031,1454,1608,721,164,621,8,11,20,46,238,23,16,8,17952,6024,1040,14,257,13,66,1259,49,38,78,218,39,531,31738,84,306,232,40153,785,596,566,634,829,767,91,635,81,292,537,198,171,1563,11473,14086,537
18,65,10,69,9,8,107,3,14,15,0,1,10,97,32,104,3,0,10,41,5,16,1,12,44,5,3,0,12,45,15,8,6,2,67,49,18,7,74,1,30,11,61,18,11,1,5,44,6,6,33,32,603,12,36,44,383,304,57,53,941,136,134,242,2048,10044,7875,266,313,371,115,642,22,123,748,476,16,116,184,4726,767,1297,785,11068,2926,638,291,447,4420,616,301,31,294,64,404,140,62,399,911,263
2,6,3,10,0,1,6,90,168,8,1,54,96,15,11,20,10,6,25,601,3,42,100,31,1353,148,505,7,0,5,11,216,223,20,12,19,20,398,19,37,6,5,33,694,658,8,114,9,1,3,26,34,619,6,17,56,755,999,656,647,106,46,344,192,1093,1105,1812,75,714,7941,58,649,59,1798,162,3488,593,62,132,813,7557,11118,596,2926,16916,1407,85,216,715,6208,98,63,3856,40,1451,63,39,74,225,64
0,0,0,2,0,0,2,2,7,3,2,5,1,4,1,6,2,1,2,22,0,31,23,1,55,76,78,247,0,3,1,177,13,819,3,3,4,19,3,1144,3,0,6,602,40,151,662,2,0,0,13,32,116,14,6,16,18,32,26,41,112,64,97,6,739,750,226,28,69,131,167,2345,22,220,146,9727,403,17393,289,206,11038,289,566,638,1407,45147,51,22,527,982,40,5830,11449,13673,6259,18,11,142,376,210
11,31,5,51,3,8,66,95,264,53,13,68,53,68,38,72,83,25,79,33,85,17,6,49,55,3,6,13,10,30,30,5,28,6,70,66,890,5,76,55,40,16,71,16,5,4,6,38,8,12,38,66,211,14,140,138,235,684,552,9139,980,293,405,188,352,417,588,362,1234,466,838,406,5280,2262,523,31,1850,404,196,369,53,340,634,291,85,51,2600,1791,1109,72,4792,1584,592,21,71,944,39,263,713,495
74,298,79,387,38,111,525,13,30,109,9,13,11,394,101,525,10,4,138,23,68,88,5,47,36,0,7,5,83,188,115,6,7,1,359,373,163,3,434,1,175,66,375,8,6,8,9,187,41,39,269,433,1201,224,1812,3126,23,37,39,169,1019,120,44,10,1224,482,6649,32,2013,255,215,375,4698,607,363,35,127,12,290,194,41,125,829,447,216,22,1791,10047,1180,223,7799,31,205,20,48,4376,130,355,656,383
1,7,0,10,0,1,9,10,20,44,3,14,7,34,6,111,5,6,78,14,31,25,3,14,23,5,3,0,15,43,34,8,5,1,59,144,63,3,86,5,34,18,69,27,4,4,11,13,0,12,15,37,198,12,42,56,70,65,75,111,2368,239,308,97,544,7758,1384,202,605,100,1116,1237,50,72,2476,249,69,187,94,2312,505,1089,767,4420,715,527,1109,1180,17960,149,1336,51,393,137,751,136,14,656,4993,5560
1,1,0,6,0,4,5,51,125,8,6,66,62,18,13,20,2,2,33,489,13,45,175,19,1435,266,792,16,1,8,2,385,283,43,7,16,13,477,21,106,8,6,39,1146,652,21,208,7,0,6,13,10,199,1,16,29,50,270,79,409,83,62,170,27,207,263,794,18,536,3263,62,1300,100,1710,47,8960,359,58,26,132,1920,2202,91,616,6208,982,72,223,149,24257,67,81,12844,74,1121,43,14,24,63,35
18,66,21,88,7,20,121,2,4,58,6,7,0,180,46,242,7,2,62,15,33,35,2,19,6,3,6,7,38,118,47,7,5,4,193,193,64,4,284,11,93,22,176,17,9,2,4,66,19,19,50,63,220,26,584,172,3,7,103,153,766,47,16,1,465,413,1280,27,539,47,170,332,2024,1490,348,29,1358,83,218,165,39,66,635,301,98,40,4792,7799,1336,67,19179,711,710,27,62,5761,93,279,610,402
1,2,0,0,0,0,0,1,2,4,1,1,4,0,1,2,0,0,0,11,0,55,37,3,24,112,189,1030,6,7,2,289,12,1755,2,0,49,11,20,4009,9,4,1,1275,18,299,1308,8,0,0,5,4,10,3,96,1,1,4,7,16,34,16,16,0,51,64,18,6,24,10,43,798,221,1028,17,247,13051,19644,59,8,928,37,81,31,63,5830,1584,31,51,81,711,47831,14343,1692,844,345,8,25,61,35
1,1,0,4,1,6,1,24,98,32,12,75,27,32,12,19,5,3,25,365,19,176,337,44,1145,791,1590,179,6,11,16,1495,232,947,11,29,23,635,29,1187,6,16,44,4636,686,196,1505,9,0,15,16,12,82,10,112,19,21,105,88,420,513,267,311,21,260,513,195,65,347,436,460,7501,745,8860,151,8040,14366,1734,117,86,6829,2672,292,294,3856,11449,592,205,393,12844,710,14343,57081,1430,4920,407,19,111,447,381
0,1,0,0,0,0,1,1,0,1,0,0,0,2,0,2,0,0,2,3,2,7,4,1,6,10,11,38,1,0,0,19,4,107,3,0,3,4,4,168,1,0,1,60,1,17,85,1,0,1,35,57,49,38,7,7,8,37,22,26,132,123,115,14,147,205,42,26,32,33,152,14078,7,64,46,130,96,23553,1869,30,1313,98,537,64,40,13673,21,20,137,74,27,1692,1430,27372,8889,5,17,518,254,102
1,0,0,2,0,0,1,6,20,6,0,12,8,4,1,3,2,2,10,62,7,19,28,5,133,118,133,24,0,5,2,210,28,142,2,8,9,77,2,170,2,2,7,589,99,30,213,1,1,0,3,12,45,5,8,7,43,87,101,143,282,306,502,66,265,727,154,182,140,272,486,14530,78,928,216,633,1068,1486,122,337,10881,3652,198,404,1451,6259,71,48,751,1121,62,844,4920,8889,16726,19,5,78,315,301
117,482,121,537,54,142,873,2,1,22,1,2,0,247,86,236,0,0,1,3,8,25,0,3,20,0,21,6,22,43,13,3,2,3,173,10,140,6,54,22,42,9,97,30,7,1,4,250,29,4,139,153,387,114,4369,1437,2,1,4,11,174,4,1,0,460,147,682,3,27,19,9,109,142,575,16,22,486,58,114,13,16,28,171,140,63,18,944,4376,136,43,5761,345,407,5,19,8000,385,61,120,46
11,50,30,52,5,34,80,1,0,2,0,0,0,35,15,25,1,0,2,2,0,2,1,2,2,0,0,0,5,11,4,1,0,0,24,2,6,0,13,0,8,0,15,0,0,0,0,14,3,0,9999,1440,1527,686,5254,480,0,2,0,4,65,5,3,1,13911,234,250,2,7,5,3,53,3,16,4,8,10,18,14052,6,19,13,1563,62,39,11,39,130,14,14,93,8,19,17,5,385,31094,84,89,6
4,14,9,22,0,12,28,2,15,20,2,2,0,26,13,59,3,3,28,2,12,15,0,12,1,0,0,1,2,17,23,5,0,2,29,52,41,1,44,5,14,8,35,5,0,3,3,15,0,8,338,1258,889,507,74,450,4,2,21,39,12475,71,14,3,1225,963,590,5,159,8,131,2948,27,17,76,36,12,325,17670,39,42,33,11473,399,74,142,263,355,656,24,279,25,111,518,78,61,84,44870,6246,635
5,14,11,26,4,6,32,8,31,34,8,7,4,47,12,79,5,10,84,8,56,10,2,18,3,9,6,1,8,14,54,6,4,1,54,120,90,2,102,1,31,11,80,27,3,4,9,15,0,7,195,820,1131,239,47,356,3,15,48,99,7626,110,43,10,2050,4708,959,31,394,18,438,1735,73,39,305,143,68,295,1541,122,288,221,14086,911,225,376,713,656,4993,63,610,61,447,254,315,120,89,6246,25955,7483
0,5,1,2,0,1,1,5,21,14,5,3,2,4,3,41,3,9,54,3,23,17,2,12,7,2,5,1,3,6,25,7,5,3,19,58,56,0,28,2,12,6,40,27,1,0,7,2,0,0,15,21,119,11,10,49,7,18,41,128,3381,430,223,30,618,3191,429,193,289,12,3608,834,69,41,2745,72,53,147,54,95,182,216,537,263,64,210,495,383,5560,35,402,35,381,102,301,46,6,635,7483,5267
