12844,8602,8889,3337,12149,687,602,4,6,35,5,1,3,6431,355,87,3,0,11,13,8,254,4,5,10,6,6,15,487,364,6,10,6,3,30,13,10,2,20,1,245,33,69,10,10,10,8,47,2043,13,1,4,2,17,0,25,0,0,1,1,1,0,0,0,1,0,0,0,3,0,0,2,0,2,0,0,0,0,2,0,0,0,2,1,0,0,2,17,0,0,2,0,0,0,0,5,3,2,2,0
8602,41869,5204,21511,2278,265,1100,7,5,110,14,7,1,8524,6155,198,2,0,15,23,16,585,7,13,19,6,6,18,519,499,3,9,8,4,49,27,19,3,30,1,433,63,82,22,17,10,15,118,698,30,7,5,2,16,6,52,0,0,2,1,1,0,0,0,7,1,3,0,3,0,0,3,0,0,1,1,0,0,4,0,0,0,1,0,0,0,4,21,1,0,5,0,1,0,0,10,5,1,3,2
8889,5204,27338,12686,7132,5048,11355,2,0,43,3,1,0,590,116,30,0,0,6,5,8,337,1,3,3,2,3,15,233,203,1,6,0,2,22,7,11,1,20,0,224,28,22,8,5,6,3,107,277,8,68,797,36,2221,82,756,0,0,0,1,5,0,0,0,26,1,5,0,0,1,0,9,0,1,0,0,0,2,18,0,0,1,6,1,1,0,0,15,0,1,5,0,0,0,0,19,14,5,6,3
3337,21511,12686,33643,1965,1181,12224,40,115,662,77,81,26,11227,12464,6045,21,3,152,185,156,1106,28,153,220,60,63,43,981,1368,300,141,98,26,830,663,226,52,552,6,839,250,1784,190,81,15,63,1088,1098,243,29,55,21,307,77,385,0,3,7,38,15,1,1,0,19,3,56,6,44,7,7,10,3,8,5,1,1,0,13,0,0,2,8,19,1,2,24,111,8,5,44,0,5,0,0,73,30,8,14,3
12149,2278,7132,1965,20077,15354,1183,4,5,60,9,8,4,3152,248,108,1,0,5,15,3,122,2,3,11,7,4,10,202,135,9,9,9,5,45,16,16,2,50,2,93,27,58,20,6,3,3,237,3863,18,3,2,2,57,9,53,0,0,1,0,5,0,0,1,3,0,8,0,3,1,0,1,2,1,0,0,0,0,3,0,0,0,1,3,0,0,1,13,0,1,5,0,1,0,0,13,1,1,3,0
687,265,5048,1181,15354,23607,23196,0,9,33,2,0,1,188,35,81,0,0,2,2,8,33,3,12,13,4,45,5,122,22,4,10,2,7,169,20,51,2,1036,15,30,11,28,39,0,1,7,2539,1833,5,195,29,5,995,67,404,0,0,0,0,1,1,0,0,10,1,5,0,1,0,0,7,0,1,1,0,1,0,6,0,0,1,6,0,0,0,1,15,0,0,6,0,0,0,0,26,11,3,2,0
602,1100,11355,12224,1183,23196,19687,11,44,364,45,34,7,1045,468,1796,5,1,46,35,66,375,16,86,89,20,46,6,264,360,71,63,40,25,1460,361,196,21,1771,8,319,93,319,91,30,4,31,3807,342,84,38,87,37,778,114,1039,0,1,4,9,18,3,2,0,36,7,49,1,26,5,3,20,6,2,4,0,2,0,32,1,1,0,18,13,2,0,21,161,10,6,71,0,3,0,1,136,31,13,20,2
4,7,2,40,4,0,11,31201,5747,104,297,1564,10433,505,188,630,4940,5670,3693,6213,738,2047,383,100,207,308,104,32,147,444,1731,743,2263,108,25,189,982,399,29,9,110,149,1466,163,2740,93,386,10,27,355,0,0,2,0,0,6,38,51,31,556,4,7,18,28,2,1,13,24,58,185,20,20,36,178,1,3,19,1,0,8,3,65,1,2,19,2,121,12,2,12,1,0,11,0,2,0,0,1,2,1
6,5,0,115,5,9,44,5747,41634,219,379,3451,5467,150,48,412,1535,99,5723,8198,656,1665,585,7283,5311,124,3243,44,55,88,205,825,2259,128,166,1754,6851,185,579,37,42,49,523,940,445,118,743,40,11,59,0,1,8,0,0,26,161,216,66,2438,11,29,95,104,5,6,43,67,303,797,41,91,138,1179,18,17,110,2,5,3,9,323,10,7,156,17,540,58,6,70,20,4,45,2,15,2,0,1,5,11
35,110,43,662,60,33,364,104,219,38750,4220,4518,558,422,282,1029,92,10,316,201,5438,6680,527,47,185,139,73,57,676,430,316,1000,830,101,427,790,624,74,669,16,12044,9293,4314,244,161,223,819,280,76,5983,4,5,10,5,5,81,1,4,10,33,53,13,3,1,11,8,110,11,151,10,25,21,17,13,22,5,11,0,14,7,6,10,18,56,6,3,85,194,31,7,43,5,13,1,2,9,3,18,35,9
5,14,3,77,9,2,45,297,379,4220,5374,8618,384,84,35,343,60,6,583,98,891,5480,1579,31,112,18,47,34,36,46,115,78,303,30,103,371,221,21,166,2,137,65,553,121,30,133,231,48,9,46,0,2,2,2,3,7,1,6,7,19,19,2,1,3,2,2,24,10,54,3,8,7,6,7,8,4,2,1,2,3,0,4,4,15,1,2,19,44,7,4,12,2,9,0,3,1,0,1,9,2
1,7,1,81,8,0,34,1564,3451,4518,8618,24642,8407,163,41,399,3790,157,2271,1344,8369,4474,5027,182,1539,65,472,81,205,328,517,449,7249,83,101,677,882,201,126,11,454,505,1073,658,344,363,1320,25,19,276,0,0,0,0,1,16,4,10,51,158,17,10,11,5,0,1,36,31,144,49,21,25,19,136,11,19,32,1,5,3,8,24,2,6,29,10,71,52,4,37,3,3,48,0,5,3,0,1,7,0
3,1,0,26,4,1,7,10433,5467,558,384,8407,28032,270,111,354,8628,772,1451,4066,1963,772,256,74,359,82,180,12,215,636,869,434,8231,22,23,163,1018,86,36,3,313,462,1014,108,683,36,274,13,15,387,0,0,0,0,0,2,20,23,4,266,2,5,15,13,0,0,4,4,23,119,5,9,13,249,0,2,21,0,0,2,0,53,3,2,26,2,58,9,1,11,1,1,9,0,3,0,0,0,1,0
6431,8524,590,11227,3152,188,1045,505,150,422,84,163,270,63237,16277,1537,102,54,409,720,275,775,47,42,214,461,51,68,7698,26879,292,843,438,185,237,363,92,275,181,9,1471,1335,8050,246,925,32,244,155,8091,4813,2,12,17,12,12,103,0,1,10,24,8,2,1,3,8,4,28,5,17,6,4,8,7,11,6,1,4,0,11,0,0,4,8,12,9,0,15,64,6,7,22,1,10,0,2,16,2,4,10,4
355,6155,116,12464,248,35,468,188,48,282,35,41,111,16277,9617,757,48,19,143,193,132,433,16,17,87,73,14,18,630,1706,151,145,122,26,98,206,41,68,87,5,466,553,7272,67,239,11,54,38,411,5495,2,1,0,0,1,19,0,0,2,6,1,2,1,0,0,1,5,1,11,1,2,1,3,2,0,1,3,0,0,0,0,2,0,2,0,0,10,18,2,2,5,0,1,0,1,4,4,0,3,2
87,198,30,6045,108,81,1796,630,412,1029,343,399,354,1537,757,19298,717,207,4608,403,1480,610,55,207,280,93,61,15,264,509,12738,227,261,50,2362,5037,406,81,895,8,361,257,12006,225,210,17,119,543,209,280,15,27,23,15,33,231,0,5,27,39,39,7,5,2,21,10,94,11,116,5,33,26,15,20,11,4,6,0,24,8,1,4,15,30,6,2,51,179,18,2,52,1,7,0,3,30,15,11,31,13
3,2,0,21,1,0,5,4940,1535,92,60,3790,8628,102,48,717,8858,2205,2918,233,6334,196,118,40,79,35,16,3,47,122,2910,268,1103,26,28,240,162,36,21,0,35,79,754,82,154,21,240,2,4,119,0,0,0,0,1,3,1,2,12,38,1,4,1,1,0,0,6,7,32,2,6,1,3,6,0,2,0,0,0,2,2,1,1,0,3,1,22,5,1,4,2,1,2,0,1,0,0,0,4,1
0,0,0,3,0,0,1,5670,99,10,6,157,772,54,19,207,2205,2519,1550,148,91,37,4,1,12,15,2,1,9,36,857,60,255,5,3,17,17,13,3,0,8,16,274,7,111,1,18,0,0,43,0,0,0,0,0,0,0,1,4,6,0,0,0,1,0,0,0,5,3,1,1,0,1,3,0,0,0,0,0,1,0,1,0,0,0,0,3,0,1,0,0,0,0,0,0,0,0,0,0,0
11,15,6,152,5,2,46,3693,5723,316,583,2271,1451,409,143,4608,2918,1550,12432,2018,3693,1375,234,626,1067,193,122,46,78,214,4964,638,838,146,295,4302,587,235,152,16,105,108,2874,575,568,55,430,18,26,176,0,1,5,0,2,28,9,40,126,199,50,29,15,9,6,3,127,76,485,28,85,19,41,39,43,7,10,0,2,25,2,22,13,14,14,7,75,190,10,11,17,0,16,2,3,1,2,6,26,14
13,23,5,185,15,2,35,6213,8198,201,98,1344,4066,720,193,403,233,148,2018,15253,344,1016,687,162,2963,1186,627,88,203,664,362,2174,8004,407,52,488,302,4264,105,16,248,274,1307,2187,7434,130,899,22,37,355,0,0,1,1,1,7,29,21,3,332,7,13,47,19,8,6,20,0,56,336,9,72,22,843,8,22,54,4,5,0,6,200,11,10,230,9,17,25,10,92,17,4,66,5,8,5,2,0,10,12
8,16,8,156,3,8,66,738,656,5438,891,8369,1963,275,132,1480,6334,91,3693,344,22509,727,458,80,210,116,105,26,411,941,2273,712,1253,60,263,1457,784,68,402,7,1166,1814,7830,190,245,51,610,126,30,3111,2,0,5,0,2,21,0,8,40,60,25,12,3,5,2,3,76,9,167,14,29,9,15,21,12,5,4,2,2,8,2,3,8,25,8,2,62,136,19,6,15,0,10,0,4,2,2,8,15,8
254,585,337,1106,122,33,375,2047,1665,6680,5480,4474,772,775,433,610,196,37,1375,1016,727,23552,6161,72,840,244,457,2552,6806,894,174,762,801,666,190,487,285,227,313,237,12927,1090,1816,1636,423,5623,2327,165,76,762,2,5,11,7,3,51,3,5,9,46,23,5,4,4,9,5,57,4,67,35,16,24,4,78,4,40,57,8,9,2,13,13,8,25,26,26,42,108,12,31,27,31,104,3,17,8,4,2,26,10
4,7,1,28,2,3,16,383,585,527,1579,5027,256,47,16,55,118,4,234,687,458,6161,11433,95,1565,377,1268,615,177,71,52,503,3098,347,30,134,137,302,146,102,93,66,151,3230,206,5842,5775,55,14,38,0,0,2,0,1,2,0,0,3,25,2,2,5,0,0,1,5,2,22,12,0,20,10,105,2,121,122,10,0,1,49,17,2,2,53,31,3,9,1,110,7,21,298,4,39,3,0,0,1,2
5,13,3,153,3,12,86,100,7283,47,31,182,74,42,17,207,40,1,626,162,80,72,95,6303,1260,48,1609,39,8,19,49,158,135,66,481,6238,3621,18,4614,221,14,7,147,648,33,14,156,141,10,6,1,0,2,1,0,14,9,20,29,211,12,10,10,8,3,1,19,16,127,48,18,10,26,102,8,5,21,0,0,2,1,26,1,3,10,3,103,31,7,12,3,5,9,0,2,0,1,1,7,2
10,19,3,220,11,13,89,207,5311,185,112,1539,359,214,87,280,79,12,1067,2963,210,840,1565,1260,8011,656,7110,132,94,160,93,2162,3734,344,167,1427,231,1184,656,94,86,119,469,4309,1177,190,1803,81,19,66,1,0,7,2,2,17,7,6,3,145,3,3,34,3,4,13,21,0,71,134,7,77,18,767,6,57,153,3,4,0,22,148,12,5,300,14,12,45,8,277,28,10,207,1,35,2,2,0,8,3
6,6,2,60,7,4,20,308,124,139,18,65,82,461,73,93,35,15,193,1186,116,244,377,48,656,19381,1087,299,215,598,127,11324,781,6952,25,120,77,6268,118,124,188,195,407,18451,2197,101,2198,67,47,211,0,0,0,1,0,5,0,0,0,7,1,4,2,1,0,1,3,2,9,6,1,41,9,75,0,301,201,23,2,0,109,15,1,1,40,206,1,9,3,161,8,66,681,11,104,4,0,2,1,0
6,6,3,63,4,45,46,104,3243,73,47,472,180,51,14,61,16,2,122,627,105,457,1268,1609,7110,1087,15225,2596,88,64,20,2403,1064,918,252,502,1913,443,3199,5095,41,38,84,10260,540,283,2071,842,61,19,0,0,4,1,1,11,2,2,0,93,5,2,6,1,2,4,6,2,19,50,3,32,14,293,0,101,182,20,2,0,33,72,7,1,103,68,0,17,0,131,6,73,305,11,39,4,0,0,3,2
15,18,15,43,10,5,6,32,44,57,34,81,12,68,18,15,3,1,46,88,26,2552,615,39,132,299,2596,77414,1757,148,11,527,97,18503,11,31,150,93,180,13814,451,54,61,2811,57,14944,12512,77,12,36,0,0,0,0,1,0,0,0,2,0,0,0,0,0,0,0,0,0,2,0,0,11,4,15,0,31,38,176,0,0,22,0,0,0,3,170,4,5,0,8,5,647,216,18,34,4,0,0,0,0
487,519,233,981,202,122,264,147,55,676,36,205,215,7698,630,264,47,9,78,203,411,6806,177,8,94,215,88,1757,119118,21549,80,770,372,208,110,91,71,88,125,87,37197,1078,1560,182,305,961,429,262,8369,990,0,4,1,3,3,37,0,2,6,1,4,0,1,0,5,2,21,1,5,0,4,4,2,6,1,2,5,0,2,0,0,0,2,10,1,8,9,36,3,2,8,4,6,0,0,5,1,2,5,3
364,499,203,1368,135,22,360,444,88,430,46,328,636,26879,1706,509,122,36,214,664,941,894,71,19,160,598,64,148,21549,47551,194,2059,993,244,118,164,95,253,120,17,14465,4824,4868,238,1056,60,647,84,1016,3896,0,4,3,1,3,31,0,0,3,7,15,2,0,0,1,3,23,2,17,3,1,5,3,10,5,3,5,0,8,1,0,1,1,15,8,0,16,44,7,8,10,1,5,0,0,3,2,5,12,3
6,3,1,300,9,4,71,1731,205,316,115,517,869,292,151,12738,2910,857,4964,362,2273,174,52,49,93,127,20,11,80,194,12959,262,499,45,577,1402,178,73,229,3,117,102,9728,81,319,8,154,48,27,184,1,7,4,1,4,45,1,2,18,25,7,2,0,0,2,3,30,7,60,2,9,9,3,5,3,1,1,0,7,2,1,4,1,10,8,0,18,41,6,1,7,0,2,1,0,5,5,2,3,1
10,9,6,141,9,10,63,743,825,1000,78,449,434,843,145,227,268,60,638,2174,712,762,503,158,2162,11324,2403,527,770,2059,262,50218,6493,8049,86,293,298,2670,362,289,939,1033,968,12882,6521,406,19284,144,101,642,1,1,1,1,0,13,1,3,4,37,3,4,2,1,1,2,8,2,28,24,8,65,16,139,3,360,229,34,0,0,135,28,1,3,75,206,11,15,2,191,20,91,771,16,108,8,0,0,5,2
6,8,0,98,9,2,40,2263,2259,830,303,7249,8231,438,122,261,1103,255,838,8004,1253,801,3098,135,3734,781,1064,97,372,993,499,6493,11043,201,51,239,351,916,131,29,489,682,1046,1907,6947,252,6306,43,41,536,0,0,3,0,0,9,8,7,8,113,4,4,20,7,2,7,10,3,26,137,3,37,11,425,5,43,94,6,1,4,19,68,4,4,127,10,18,33,1,128,7,7,120,2,12,2,1,0,5,2
3,4,2,26,5,7,25,108,128,101,30,83,22,185,26,50,26,5,146,407,60,666,347,66,344,6952,918,18503,208,244,45,8049,201,31583,15,112,121,862,196,6704,130,69,160,15366,315,2868,16054,104,31,71,0,0,0,0,3,3,1,2,1,1,0,0,1,0,0,1,1,1,4,7,3,36,7,30,0,120,110,125,1,0,65,3,1,1,13,545,5,3,0,33,10,703,588,53,120,3,1,2,1,0
30,49,22,830,45,169,1460,25,166,427,103,101,23,237,98,2362,28,3,295,52,263,190,30,481,167,25,252,11,110,118,577,86,51,15,2306,3127,664,8,5373,71,146,104,1698,167,11,8,41,2450,138,94,24,38,32,24,33,299,0,4,16,25,42,6,3,1,29,17,94,9,63,6,14,23,12,6,13,1,3,0,25,5,1,7,28,36,2,1,37,205,29,2,83,0,2,1,1,59,18,19,35,14
13,27,7,663,16,20,361,189,1754,790,371,677,163,363,206,5037,240,17,4302,488,1457,487,134,6238,1427,120,502,31,91,164,1402,293,239,112,3127,14745,2493,55,8761,73,193,131,3843,748,78,25,204,312,46,181,9,5,10,5,8,97,10,22,102,210,89,39,22,8,11,18,168,60,432,23,90,48,62,38,52,6,11,0,17,18,3,17,20,65,18,3,183,338,39,13,49,2,18,0,4,8,9,17,60,19
10,19,11,226,16,51,196,982,6851,624,221,882,1018,92,41,406,162,17,587,302,784,285,137,3621,231,77,1913,150,71,95,178,298,351,121,664,2493,2609,23,8389,751,158,111,678,483,42,47,247,1318,44,112,0,4,4,1,4,58,33,43,34,508,37,21,15,22,3,5,43,21,136,69,35,9,39,51,21,3,1,3,5,8,1,36,7,12,2,8,108,132,9,2,32,9,11,0,5,6,2,3,20,7
2,3,1,52,2,2,21,399,185,74,21,201,86,275,68,81,36,13,235,4264,68,227,302,18,1184,6268,443,93,88,253,73,2670,916,862,8,55,23,6121,30,18,80,81,313,5387,3417,41,831,7,28,95,0,0,1,0,0,0,0,0,0,10,0,1,4,0,0,1,2,1,5,12,1,24,10,93,1,45,114,1,0,0,20,13,1,1,73,19,0,9,1,100,10,3,200,0,26,2,0,1,1,0
20,30,20,552,50,1036,1771,29,579,669,166,126,36,181,87,895,21,3,152,105,402,313,146,4614,656,118,3199,180,125,120,229,362,131,196,5373,8761,8389,30,39757,1135,158,85,1065,1254,34,47,330,7898,196,94,27,31,31,23,30,333,0,13,55,86,95,8,7,6,32,16,202,21,168,15,50,67,25,11,20,6,6,3,48,8,1,12,45,96,7,9,236,350,53,13,117,12,22,1,4,56,31,30,46,25
1,1,0,6,2,15,8,9,37,16,2,11,3,9,5,8,0,0,16,16,7,237,102,221,94,124,5095,13814,87,17,3,289,29,6704,71,73,751,18,1135,30038,25,7,18,10370,7,931,1465,375,29,1,0,0,1,0,3,3,0,0,0,6,0,0,2,0,0,0,0,0,2,1,0,18,15,25,0,52,170,467,2,0,24,0,4,2,5,549,8,6,1,12,26,2327,689,61,51,16,2,1,0,0
245,433,224,839,93,30,319,110,42,12044,137,454,313,1471,466,361,35,8,105,248,1166,12927,93,14,86,188,41,451,37197,14465,117,939,489,130,146,193,158,80,158,25,69013,11814,2453,138,343,216,465,104,360,3583,2,1,1,1,6,25,0,0,6,1,23,2,1,0,3,3,36,4,28,6,2,8,6,12,9,1,2,0,2,3,2,2,4,16,2,0,27,58,7,8,17,0,5,0,0,5,3,4,11,3
33,63,28,250,27,11,93,149,49,9293,65,505,462,1335,553,257,79,16,108,274,1814,1090,66,7,119,195,38,54,1078,4824,102,1033,682,69,104,131,111,81,85,7,11814,20507,4104,97,361,47,426,59,31,13178,1,1,3,0,1,13,0,0,3,3,5,1,0,0,0,5,19,0,18,4,1,2,1,7,2,2,2,0,2,1,1,2,9,8,4,1,23,37,1,3,8,1,8,0,0,3,0,3,8,2
69,82,22,1784,58,28,319,1466,523,4314,553,1073,1014,8050,7272,12006,754,274,2874,1307,7830,1816,151,147,469,407,84,61,1560,4868,9728,968,1046,160,1698,3843,678,313,1065,18,2453,4104,53510,394,1169,39,402,329,337,17084,6,10,10,7,10,148,3,6,12,45,64,6,3,2,15,8,104,17,102,10,21,29,12,24,23,2,5,0,16,2,1,4,18,29,3,2,94,181,24,12,47,0,9,0,4,18,15,15,21,11
10,22,8,190,20,39,91,163,940,244,121,658,108,246,67,225,82,7,575,2187,190,1636,3230,648,4309,18451,10260,2811,182,238,81,12882,1907,15366,167,748,483,5387,1254,10370,138,97,394,68833,640,1459,11203,503,73,59,0,5,1,1,4,15,1,3,1,23,6,2,4,1,1,3,7,0,39,22,6,114,24,245,1,418,494,138,0,1,159,55,5,3,108,653,14,25,0,239,31,611,1250,54,203,17,1,1,4,2
10,17,5,81,6,0,30,2740,445,161,30,344,683,925,239,210,154,111,568,7434,245,423,206,33,1177,2197,540,57,305,1056,319,6521,6947,315,11,78,42,3417,34,7,343,361,1169,640,7494,30,741,23,71,476,0,0,0,0,1,6,1,2,1,24,3,1,9,1,1,1,6,0,12,47,3,23,8,277,4,15,60,2,0,2,7,26,6,0,129,8,5,11,5,120,4,3,88,1,14,1,1,0,2,2
10,10,6,15,3,1,4,93,118,223,133,363,36,32,11,17,21,1,55,130,51,5623,5842,14,190,101,283,14944,961,60,8,406,252,2868,8,25,47,41,47,931,216,47,39,1459,30,14378,13067,24,0,17,0,0,0,0,0,0,0,0,0,9,0,0,0,0,0,0,1,0,6,3,0,4,0,14,0,29,15,18,0,0,6,3,0,1,4,44,2,1,0,12,3,59,81,6,6,1,0,0,0,0
8,15,3,63,3,7,31,386,743,819,231,1320,274,244,54,119,240,18,430,899,610,2327,5775,156,1803,2198,2071,12512,429,647,154,19284,6306,16054,41,204,247,831,330,1465,465,426,402,11203,741,13067,62899,121,47,214,0,0,0,0,2,5,2,4,3,31,2,0,5,1,0,1,8,3,18,13,3,49,11,116,2,249,227,71,1,0,140,29,0,1,63,378,18,15,0,140,11,316,770,40,151,5,1,0,4,1
47,118,107,1088,237,2539,3807,10,40,280,48,25,13,155,38,543,2,0,18,22,126,165,55,141,81,67,842,77,262,84,48,144,43,104,2450,312,1318,7,7898,375,104,59,329,503,23,24,121,10370,1113,74,31,64,22,63,105,512,0,0,5,7,11,2,2,1,23,3,39,3,18,4,2,10,1,2,0,2,5,0,26,0,2,2,16,11,3,4,23,133,10,4,40,1,6,1,1,134,30,10,21,4
2043,698,277,1098,3863,1833,342,27,11,76,9,19,15,8091,411,209,4,0,26,37,30,76,14,10,19,47,61,12,8369,1016,27,101,41,31,138,46,44,28,196,29,360,31,337,73,71,0,47,1113,10521,61,5,4,4,10,14,72,0,0,2,0,9,1,0,0,6,2,10,0,5,1,1,9,0,1,0,0,0,0,2,0,0,1,2,7,0,0,1,30,2,1,12,0,0,0,0,13,4,2,3,1
13,30,8,243,18,5,84,355,59,5983,46,276,387,4813,5495,280,119,43,176,355,3111,762,38,6,66,211,19,36,990,3896,184,642,536,71,94,181,112,95,94,1,3583,13178,17084,59,476,17,214,74,61,19798,2,0,0,0,1,11,0,0,4,5,11,3,0,0,0,1,26,1,11,2,3,6,1,4,2,2,1,0,1,1,0,3,2,7,3,0,19,31,4,5,1,0,2,0,0,2,2,2,8,3
1,7,68,29,3,195,38,0,0,4,0,0,0,2,2,15,0,0,0,0,2,2,0,1,1,0,0,0,0,0,1,1,0,0,24,9,0,0,27,0,2,1,6,0,0,0,0,31,5,2,35872,16665,1897,16233,9684,4970,6,13,8,7,114,8,6,4,10657,91,138,0,31,34,16,180,1,11,7,39,3,26,2442,8,16,33,395,43,64,22,21,172,27,46,40,6,12,14,13,176,10975,269,171,26
4,5,797,55,2,29,87,0,1,5,2,0,0,12,1,27,0,0,1,0,0,5,0,0,0,0,0,0,4,4,7,1,0,0,38,5,4,0,31,0,1,1,10,5,0,0,0,64,4,0,16665,81588,14315,11661,3683,11970,3,13,7,7,320,26,5,3,14190,99,100,1,20,22,22,786,5,15,12,21,5,46,1873,4,16,21,1143,33,61,23,26,155,43,35,41,6,14,41,15,330,1865,867,622,61
2,2,36,21,2,5,37,2,8,10,2,0,0,17,0,23,0,0,5,1,5,11,2,2,7,0,4,0,1,3,4,1,3,0,32,10,4,1,31,1,1,3,10,1,0,0,0,22,4,0,1897,14315,30724,572,348,18571,125,206,93,107,439,56,29,52,22540,4585,5227,18,302,415,79,496,12,82,61,114,11,23,1934,97,71,198,1416,585,404,93,88,1058,145,290,53,1,49,30,31,130,1914,426,715,100
17,16,2221,307,57,995,778,0,0,5,2,0,0,12,0,15,0,0,0,1,0,7,0,1,2,1,1,0,3,1,1,1,0,0,24,5,1,0,23,0,1,0,7,1,0,0,0,63,10,0,16233,11661,572,36806,14427,27444,1,4,2,6,68,6,3,0,649,16,21,0,7,15,5,141,14,9,5,5,7,15,396,0,5,8,221,3,12,5,19,129,16,13,142,5,14,11,9,571,495,175,108,19
0,6,82,77,9,67,114,0,0,5,3,1,0,12,1,33,1,0,2,1,2,3,1,0,2,0,1,1,3,3,4,0,0,3,33,8,4,0,30,3,6,1,10,4,1,0,2,105,14,1,9684,3683,348,14427,22953,15597,0,4,1,12,111,5,3,1,1532,29,73,2,25,19,9,108,64,68,13,17,133,41,326,0,18,11,111,29,12,14,85,809,31,21,1078,47,132,7,5,4032,4057,94,90,17
25,52,756,385,53,404,1039,6,26,81,7,16,2,103,19,231,3,0,28,7,21,51,2,14,17,5,11,0,37,31,45,13,9,3,299,97,58,0,333,3,25,13,148,15,6,0,5,512,72,11,4970,11970,18571,27444,15597,44160,76,180,99,268,1426,121,107,52,8027,1197,5654,32,617,557,274,1134,264,505,235,285,168,67,2087,134,133,387,1599,1367,470,202,500,8821,405,635,2105,31,262,44,132,5781,2147,817,1446,304
0,0,0,0,0,0,0,38,161,1,1,4,20,0,0,0,1,0,9,29,0,3,0,9,7,0,2,0,0,0,1,1,8,1,0,10,33,0,0,0,0,0,3,1,1,0,2,0,0,0,6,3,125,1,0,76,2129,5484,776,786,20,67,120,3251,298,176,578,607,387,1109,27,133,195,171,133,7,17,4,102,182,9,1765,172,472,60,4,107,48,58,18,1,3,4,5,9,5,38,18,43,5
0,0,0,3,0,0,1,51,216,4,6,10,23,1,0,5,2,1,40,21,8,5,0,20,6,0,2,0,2,0,2,3,7,2,4,22,43,0,13,0,0,0,6,3,2,0,4,0,0,0,13,13,206,4,4,180,5484,22298,5692,5687,72,675,465,2729,251,115,1074,4156,1705,5872,88,1044,191,137,120,30,16,6,90,424,35,818,99,481,472,26,321,87,34,132,4,3,49,20,61,2,48,31,48,6
1,2,0,7,1,0,4,31,66,10,7,51,4,10,2,27,12,4,126,3,40,9,3,29,3,0,0,2,6,3,18,4,8,1,16,102,34,0,55,0,6,3,12,1,1,0,3,5,2,4,8,7,93,2,1,99,776,5692,3844,5772,111,800,603,1240,84,40,1181,4633,2704,761,1228,663,17,86,1279,32,13,4,27,2291,43,764,26,199,274,32,265,65,36,84,5,0,43,25,84,2,10,19,28,10
1,1,1,38,0,0,9,556,2438,33,19,158,266,24,6,39,38,6,199,332,60,46,25,211,145,7,93,0,1,7,25,37,113,1,25,210,508,10,86,6,1,3,45,23,24,9,31,7,0,5,7,7,107,6,12,268,786,5687,5772,52766,112,1210,1633,2135,60,35,846,1328,11130,6985,633,1920,4450,8291,124,113,1204,64,34,97,135,1556,41,108,383,137,6171,796,47,362,271,39,465,78,278,34,26,18,45,27
1,1,5,15,5,1,18,4,11,53,19,17,2,8,1,39,1,0,50,7,25,23,2,12,3,1,5,0,4,15,7,3,4,0,42,89,37,0,95,0,23,5,64,6,3,0,2,11,9,11,114,320,439,68,111,1426,20,72,111,112,36267,4248,997,37,274,222,1899,22,796,152,5574,3546,30,118,653,127,38,57,548,48,252,346,487,304,269,187,604,1485,686,135,425,9,198,107,388,301,68,9636,18029,2840
0,0,0,1,0,1,3,7,29,13,2,10,5,2,2,7,4,0,29,13,12,5,2,10,3,4,2,0,0,2,2,4,4,0,6,39,21,1,8,0,2,1,6,2,1,0,0,2,1,3,8,26,56,6,5,121,67,675,800,1210,4248,10336,6665,113,33,64,584,151,1126,328,4050,7509,37,183,322,31,31,24,83,69,51,212,99,89,100,51,273,225,211,98,32,7,123,120,197,14,10,133,534,323
0,0,0,1,0,0,2,18,95,3,1,11,15,1,1,5,1,0,15,47,3,4,5,10,34,2,6,0,1,0,0,2,20,1,3,22,15,4,7,2,1,0,3,4,9,0,5,2,0,0,6,5,29,3,3,107,120,465,603,1633,997,6665,15414,4169,59,187,512,4602,559,1024,7817,6343,88,1162,1771,61,148,21,93,960,109,4056,221,425,288,83,214,162,749,207,47,6,199,83,409,7,13,95,500,593
0,0,0,0,1,0,0,28,104,1,3,5,13,3,0,2,1,1,9,19,5,4,0,8,3,1,1,0,0,0,0,1,7,0,1,8,22,0,6,0,0,0,2,1,1,0,1,1,0,0,4,3,52,0,1,52,3251,2729,1240,2135,37,113,4169,15297,149,216,618,5466,521,702,641,305,173,338,588,15,29,2,78,649,16,3658,155,638,118,10,141,46,223,28,3,0,19,7,31,2,8,19,66,69
1,7,26,19,3,10,36,2,5,11,2,0,0,8,0,21,0,0,6,8,2,9,0,3,4,0,2,0,5,1,2,1,2,0,29,11,3,0,32,0,3,0,15,1,1,0,0,23,6,0,10657,14190,22540,649,1532,8027,298,251,84,60,274,33,59,149,50909,10874,2208,24,173,517,59,432,8,77,45,283,17,32,6159,69,178,587,6285,1246,1429,215,51,477,396,266,68,10,53,26,99,153,7784,487,773,236
0,1,1,3,0,1,7,1,6,8,2,1,0,4,1,10,0,0,3,6,3,5,1,1,13,1,4,0,2,3,3,2,7,1,17,18,5,1,16,0,3,5,8,3,1,0,1,3,2,1,91,99,4585,16,29,1197,176,115,40,35,222,64,187,216,10874,26087,3315,22,88,273,224,452,4,107,286,227,26,43,1914,40,364,1163,7498,5842,1260,185,102,229,5603,119,77,8,62,39,246,71,296,455,3972,9188
0,3,5,56,8,5,49,13,43,110,24,36,4,28,5,94,6,0,127,20,76,57,5,19,21,3,6,0,21,23,30,8,10,1,94,168,43,2,202,0,36,19,104,7,6,1,8,39,10,26,138,100,5227,21,73,5654,578,1074,1181,846,1899,584,512,618,2208,3315,27478,490,5696,1215,1820,996,109,355,2615,200,34,18,931,10419,159,1116,1335,14656,939,119,596,12438,940,394,263,5,125,30,155,285,328,444,1076,376
0,0,0,6,0,0,1,24,67,11,10,31,4,5,1,11,7,5,76,0,9,4,2,16,0,2,2,0,1,2,7,2,3,1,9,60,21,1,21,0,4,0,17,0,0,0,3,3,0,1,0,1,18,0,2,32,607,4156,4633,1328,22,151,4602,5466,24,22,490,6832,1155,112,3161,476,85,47,1844,10,14,1,13,2130,21,1396,26,162,72,11,371,55,63,17,3,3,27,13,69,2,7,4,20,17
3,3,0,44,3,1,26,58,303,151,54,144,23,17,11,116,32,3,485,56,167,67,22,127,71,9,19,2,5,17,60,28,26,4,63,432,136,5,168,2,28,18,102,39,12,6,18,18,5,11,31,20,302,7,25,617,387,1705,2704,11130,796,1126,559,521,173,88,5696,1155,12525,1781,2551,812,3410,1755,1086,119,193,24,107,1123,101,708,128,405,319,85,2087,4556,241,316,696,16,241,22,134,83,33,61,173,108
0,0,1,7,1,0,5,185,797,10,3,49,119,6,1,5,2,1,28,336,14,35,12,48,134,6,50,0,0,3,2,24,137,7,6,23,69,12,15,1,6,4,10,22,47,3,13,4,1,2,34,22,415,15,19,557,1109,5872,761,6985,152,328,1024,702,517,273,1215,112,1781,16178,108,1525,296,2140,164,390,180,14,274,141,197,4464,364,521,4288,227,190,365,142,3584,47,8,258,42,247,13,97,66,194,65
0,0,0,7,0,0,3,20,41,25,8,21,5,4,2,33,6,1,85,9,29,16,0,18,7,1,3,0,4,1,9,8,3,3,14,90,35,1,50,0,2,1,21,6,3,0,3,2,1,3,16,22,79,5,9,274,27,88,1228,633,5574,4050,7817,641,59,224,1820,3161,2551,108,13645,1587,62,116,6816,63,31,28,123,1758,139,970,377,719,173,105,736,687,1970,86,95,2,111,64,333,37,18,285,2283,4214
2,3,9,10,1,7,20,20,91,21,7,25,9,8,1,26,1,0,19,72,9,24,20,10,77,41,32,11,4,5,9,65,37,36,23,48,9,24,67,18,8,2,29,114,23,4,49,10,9,6,180,786,496,141,108,1134,133,1044,663,1920,3546,7509,6343,305,432,452,996,476,812,1525,1587,32738,151,2562,654,1008,981,1860,3184,244,583,2944,1408,487,1377,1342,232,750,691,2259,364,295,3414,7387,8117,159,80,3454,1921,663
0,0,0,3,2,0,6,36,138,17,6,19,13,7,3,15,3,1,41,22,15,4,10,26,18,9,14,4,2,3,3,16,11,7,12,62,39,10,25,15,6,1,12,24,8,0,11,1,0,1,1,5,12,14,64,264,195,191,17,4450,30,37,88,173,8,4,109,85,3410,296,62,151,5413,3063,19,26,1501,127,9,14,34,220,12,10,45,49,3691,3692,11,49,3955,276,564,6,59,223,8,9,21,14
2,0,1,8,1,1,2,178,1179,13,7,136,249,11,2,20,6,3,39,843,21,78,105,102,767,75,293,15,6,10,5,139,425,30,6,38,51,93,11,25,12,7,24,245,277,14,116,2,1,4,11,15,82,9,68,505,171,137,86,8291,118,183,1162,338,77,107,355,47,1755,2140,116,2562,3063,11457,106,461,8901,232,69,39,455,4031,163,112,1293,486,532,1300,132,2112,1134,512,4673,111,808,290,27,33,158,90
0,1,0,5,0,1,4,1,18,22,8,11,0,6,0,11,0,0,43,8,12,4,2,8,6,0,0,0,1,5,3,3,5,0,13,52,21,1,20,0,9,2,23,1,4,0,2,0,0,2,7,12,61,5,13,235,133,120,1279,124,653,322,1771,588,45,286,2615,1844,1086,164,6816,654,19,106,8782,66,19,10,96,5317,145,1350,321,2849,378,63,346,652,5195,73,78,4,82,27,239,48,6,106,1016,2864
0,1,0,1,0,0,0,3,17,5,4,19,2,1,1,4,2,0,7,22,5,40,121,5,57,301,101,31,2,3,1,360,43,120,1,6,3,45,6,52,1,2,2,418,15,29,249,2,0,2,39,21,114,5,17,285,7,30,32,113,127,31,61,15,283,227,200,10,119,390,63,1008,26,461,66,32617,510,288,327,17,6292,1085,437,252,8082,13173,23,198,147,8596,83,257,7858,274,1493,47,82,82,235,76
0,0,0,1,0,1,2,19,110,11,2,32,21,4,3,6,0,0,10,54,4,57,122,21,153,201,182,38,5,5,1,229,94,110,3,11,1,114,6,170,2,2,5,494,60,15,227,5,0,1,3,5,11,7,133,168,17,16,13,1204,38,31,148,29,17,26,34,14,193,180,31,981,1501,8901,19,510,8074,2865,42,5,549,752,47,13,368,670,1815,537,31,322,1973,5449,9431,118,748,747,31,23,40,23
0,0,2,0,0,0,0,1,2,0,1,1,0,0,0,0,0,0,0,4,2,8,10,0,3,23,20,176,0,0,0,34,6,125,0,0,3,1,3,467,0,0,0,138,2,18,71,0,0,0,26,46,23,15,41,67,4,6,4,64,57,24,21,2,32,43,18,1,24,14,28,1860,127,232,10,288,2865,56521,1242,1,222,59,375,23,116,12683,438,91,32,125,422,26280,4051,16492,1113,331,19,444,133,30
2,4,18,13,3,6,32,0,5,14,2,5,0,11,0,24,0,0,2,5,2,9,0,0,4,2,2,0,2,8,7,0,1,1,25,17,5,0,48,2,2,2,16,0,0,0,1,26,2,1,2442,1873,1934,396,326,2087,102,90,27,34,548,83,93,78,6159,1914,931,13,107,274,123,3184,9,69,96,327,42,1242,154207,25,254,531,28444,707,1013,450,110,313,753,169,137,176,109,829,279,159,14646,16460,2093,489
0,0,0,0,0,0,1,8,3,7,3,3,2,0,0,8,2,1,25,0,8,2,1,2,0,0,0,0,0,1,2,0,4,0,5,18,8,0,8,0,3,1,2,1,2,0,0,0,0,1,8,4,97,0,0,134,182,424,2291,97,48,69,960,649,69,40,10419,2130,1123,141,1758,244,14,39,5317,17,5,1,25,9786,51,847,27,3147,211,20,118,264,272,25,13,0,22,5,65,6,13,7,34,38
0,0,0,0,0,0,1,3,9,6,0,8,0,0,0,1,2,0,2,6,2,13,49,1,22,109,33,22,0,0,1,135,19,65,1,3,1,20,1,24,2,1,1,159,7,6,140,2,0,0,16,16,71,5,18,133,9,35,43,135,252,51,109,16,178,364,159,21,101,197,139,583,34,455,145,6292,549,222,254,51,15371,3369,606,259,4562,5720,24,127,327,1528,98,208,4469,648,9004,38,28,141,489,223
0,0,1,2,0,1,0,65,323,10,4,24,53,4,2,4,1,1,22,200,3,13,17,26,148,15,72,0,0,1,4,28,68,3,7,17,36,13,12,0,2,2,4,55,26,3,29,2,1,3,33,21,198,8,11,387,1765,818,764,1556,346,212,4056,3658,587,1163,1116,1396,708,4464,970,2944,220,4031,1350,1085,752,59,531,847,3369,29465,1265,1713,13977,850,183,356,1261,1888,173,22,1620,173,5896,47,75,173,820,620
2,1,6,8,1,6,18,1,10,18,4,2,3,8,0,15,1,0,13,11,8,8,2,1,12,1,7,0,2,1,1,1,4,1,28,20,7,1,45,4,4,9,18,5,6,0,0,16,2,2,395,1143,1416,221,111,1599,172,99,26,41,487,99,221,155,6285,7498,1335,26,128,364,377,1408,12,163,321,437,47,375,28444,27,606,1265,57185,1637,1762,562,174,401,2372,171,139,48,123,285,395,132,516,9547,13817,2313
1,0,1,19,3,0,13,2,7,56,15,6,2,12,2,30,0,0,14,10,25,25,2,3,5,1,1,0,10,15,10,3,4,1,36,65,12,1,96,2,16,8,29,3,0,1,1,11,7,7,43,33,585,3,29,1367,472,481,199,108,304,89,425,638,1246,5842,14656,162,405,521,719,487,10,112,2849,252,13,23,707,3147,259,1713,1637,8934,1397,160,397,964,3049,159,195,4,56,24,223,169,129,197,848,669
0,0,1,1,0,0,2,19,156,6,1,29,26,9,0,6,3,0,14,230,8,26,53,10,300,40,103,3,1,8,8,75,127,13,2,18,2,73,7,5,2,4,3,108,129,4,63,3,0,3,64,61,404,12,12,470,60,472,274,383,269,100,288,118,1429,1260,939,72,319,4288,173,1377,45,1293,378,8082,368,116,1013,211,4562,13977,1762,1397,16726,2266,37,165,662,3783,55,27,801,83,1282,34,227,269,729,299
0,0,0,2,0,0,0,2,17,3,2,10,2,0,0,2,1,0,7,9,2,26,31,3,14,206,68,170,8,0,0,206,10,545,1,3,8,19,9,549,0,1,2,653,8,44,378,4,0,0,22,23,93,5,14,202,4,26,32,137,187,51,83,10,215,185,119,11,85,227,105,1342,49,486,63,13173,670,12683,450,20,5720,850,562,160,2266,43108,43,161,157,2284,143,4861,9169,8910,3952,59,47,166,352,120
2,4,0,24,1,1,21,121,540,85,19,71,58,15,10,51,22,3,75,17,62,42,3,103,12,1,0,4,9,16,18,11,18,5,37,183,108,0,236,8,27,23,94,14,5,2,18,23,1,19,21,26,88,19,85,500,107,321,265,6171,604,273,214,141,51,102,596,371,2087,190,736,232,3691,532,346,23,1815,438,110,118,24,183,174,397,37,43,2460,4075,376,40,3771,422,283,19,51,636,29,123,425,168
17,21,15,111,13,15,161,12,58,194,44,52,9,64,18,179,5,0,190,25,136,108,9,31,45,9,17,5,36,44,41,15,33,3,205,338,132,9,350,6,58,37,181,25,11,1,15,133,30,31,172,155,1058,129,809,8821,48,87,65,796,1485,225,162,46,477,229,12438,55,4556,365,687,750,3692,1300,652,198,537,91,313,264,127,356,401,964,165,161,4075,23630,641,344,14479,95,535,24,135,4108,236,299,804,281
0,1,0,8,0,0,10,2,6,31,7,4,1,6,2,18,1,1,10,10,19,12,1,7,8,3,0,0,3,7,6,2,1,0,29,39,9,1,53,1,7,1,24,0,5,0,0,10,2,4,27,43,145,16,31,405,58,34,36,47,686,211,749,223,396,5603,940,63,241,142,1970,691,11,132,5195,147,31,32,753,272,327,1261,2372,3049,662,157,376,641,15718,91,216,5,88,44,377,175,29,386,3556,8309
0,0,1,5,1,0,6,12,70,7,4,37,11,7,2,2,4,0,11,92,6,31,110,12,277,161,131,8,2,8,1,191,128,33,2,13,2,100,13,12,8,3,12,239,120,12,140,4,1,5,46,35,290,13,21,635,18,132,84,362,135,98,207,28,266,119,394,17,316,3584,86,2259,49,2112,73,8596,322,125,169,25,1528,1888,171,159,3783,2284,40,344,91,18149,180,42,7584,155,1504,48,106,65,152,64
2,5,5,44,5,6,71,1,20,43,12,3,1,22,5,52,2,0,17,17,15,27,7,3,28,8,6,5,8,10,7,20,7,10,83,49,32,10,117,26,17,8,47,31,4,3,11,40,12,1,40,41,53,142,1078,2105,1,4,5,271,425,32,47,3,68,77,263,3,696,47,95,364,3955,1134,78,83,1973,422,137,13,98,173,139,195,55,143,3771,14479,216,180,20330,685,1169,21,126,5761,120,107,266,101
0,0,0,0,0,0,0,0,4,5,2,3,1,1,0,1,1,0,0,4,0,31,21,5,10,66,73,647,4,1,0,91,7,703,0,2,9,3,12,2327,0,1,0,611,3,59,316,1,0,0,6,6,1,5,47,31,3,3,0,39,9,7,6,0,10,8,5,3,16,8,2,295,276,512,4,257,5449,26280,176,0,208,22,48,4,27,4861,422,95,5,42,685,35398,12947,673,359,347,13,60,18,5
0,1,0,5,1,0,3,11,45,13,9,48,9,10,1,7,2,0,16,66,10,104,298,9,207,681,305,216,6,5,2,771,120,588,2,18,11,200,22,689,5,8,9,1250,88,81,770,6,0,2,12,14,49,14,132,262,4,49,43,465,198,123,199,19,53,62,125,27,241,258,111,3414,564,4673,82,7858,9431,4051,109,22,4469,1620,123,56,801,9169,283,535,88,7584,1169,12947,40335,1095,5065,534,51,82,195,95
0,0,0,0,0,0,0,0,2,1,0,0,0,0,0,0,0,0,2,5,0,3,4,0,1,11,11,18,0,0,1,16,2,53,1,0,0,0,1,61,0,0,0,54,1,6,40,1,0,0,14,41,30,11,7,44,5,20,25,78,107,120,83,7,26,39,30,13,22,42,64,7387,6,111,27,274,118,16492,829,5,648,173,285,24,83,8910,19,24,44,155,21,673,1095,22089,9260,13,10,355,143,51
0,0,0,0,0,0,1,2,15,2,3,5,3,2,1,3,1,0,3,8,4,17,39,2,35,104,39,34,0,0,0,108,12,120,1,4,5,26,4,51,0,0,4,203,14,6,151,1,0,0,13,15,31,9,5,132,9,61,84,278,388,197,409,31,99,246,155,69,134,247,333,8117,59,808,239,1493,748,1113,279,65,9004,5896,395,223,1282,3952,51,135,377,1504,126,359,5065,9260,18178,59,19,149,523,289
5,10,19,73,13,26,136,0,2,9,1,3,0,16,4,30,0,0,1,5,2,8,3,0,2,4,4,4,5,3,5,8,2,3,59,8,6,2,56,16,5,3,18,17,1,1,5,134,13,2,176,330,130,571,4032,5781,5,2,2,34,301,14,7,2,153,71,285,2,83,13,37,159,223,290,48,47,747,331,159,6,38,47,132,169,34,59,636,4108,175,48,5761,347,534,13,59,7237,456,102,217,53
3,5,14,30,1,11,31,0,0,3,0,0,0,2,4,15,0,0,2,2,2,4,0,1,2,0,0,0,1,2,5,0,1,1,18,9,2,0,31,2,3,0,15,1,1,0,1,30,4,2,10975,1865,1914,495,4057,2147,38,48,10,26,68,10,13,8,7784,296,328,7,33,97,18,80,8,27,6,82,31,19,14646,13,28,75,516,129,227,47,29,236,29,106,120,13,51,10,19,456,25680,181,99,22
2,1,5,8,1,3,13,1,1,18,1,1,0,4,0,11,0,0,6,0,8,2,0,1,0,2,0,0,2,5,2,0,0,2,19,17,3,1,30,1,4,3,15,1,0,0,0,10,2,2,269,867,426,175,94,817,18,31,19,18,9636,133,95,19,487,455,444,4,61,66,285,3454,9,33,106,82,23,444,16460,7,141,173,9547,197,269,166,123,299,386,65,107,60,82,355,149,102,181,34462,5682,440
2,3,6,14,3,2,20,2,5,35,9,7,1,10,3,31,4,0,26,10,15,26,1,7,8,1,3,0,5,12,3,5,5,1,35,60,20,1,46,0,11,8,21,4,2,0,4,21,3,8,171,622,715,108,90,1446,43,48,28,45,18029,534,500,66,773,3972,1076,20,173,194,2283,1921,21,158,1016,235,40,133,2093,34,489,820,13817,848,729,352,425,804,3556,152,266,18,195,143,523,217,99,5682,32968,8031
0,2,3,3,0,0,2,1,11,9,2,0,0,4,2,13,1,0,14,12,8,10,2,2,3,0,2,0,3,3,1,2,2,0,14,19,7,0,25,0,3,2,11,2,2,0,1,4,1,3,26,61,100,19,17,304,5,6,10,27,2840,323,593,69,236,9188,376,17,108,65,4214,663,14,90,2864,76,23,30,489,38,223,620,2313,669,299,120,168,281,8309,64,101,5,95,51,289,53,22,440,8031,10528
