19961,9259,6832,5771,16441,1093,559,2,4,85,4,0,6,9832,1084,1066,0,0,4,4,4,478,3,4,3,8,4,24,849,845,32,25,5,11,316,54,32,5,88,2,371,183,325,14,26,14,9,135,973,15,8,6,5,29,18,14,0,0,0,1,1,0,0,0,16,1,37,0,13,1,0,1,0,2,1,0,0,0,1,4,0,0,3,13,1,0,5,37,2,0,9,0,0,1,0,34,3,0,1,0
9259,38564,20973,24166,2816,1086,1410,3,2,393,3,3,10,3535,3140,1107,0,1,10,5,8,1253,8,6,5,8,8,25,630,937,19,18,9,12,728,78,65,8,289,8,1206,1025,338,16,18,22,12,342,306,56,21,18,19,33,57,63,0,0,0,3,5,1,0,0,41,4,99,0,15,0,2,1,2,2,0,0,1,0,4,4,0,2,4,17,0,0,28,120,4,1,31,0,1,0,0,111,6,1,6,3
6832,20973,45479,8705,8139,8827,7905,2,0,209,0,3,3,786,109,594,2,0,5,2,2,1491,2,2,4,2,3,45,1041,1168,5,5,6,10,809,52,37,4,479,17,1439,718,69,7,1,39,12,195,366,26,266,2088,13,4503,94,215,0,1,1,0,3,1,0,0,47,4,36,0,9,0,0,26,3,0,2,1,0,1,58,1,0,0,32,12,0,1,7,63,0,1,13,2,1,1,0,56,33,16,10,0
5771,24166,8705,39269,4633,2760,10644,15,19,418,18,7,6,2068,14512,9133,5,0,42,18,20,455,16,11,40,32,21,21,415,514,462,44,9,17,1712,198,107,48,423,6,415,543,3576,86,75,14,18,378,386,186,22,21,23,49,73,125,1,3,3,4,3,0,2,0,38,11,89,1,28,5,0,2,3,4,3,2,3,0,7,7,0,2,2,26,7,0,21,131,2,1,29,0,1,0,0,109,7,3,2,1
16441,2816,8139,4633,35266,20166,2304,2,7,153,7,3,4,9485,1170,1893,1,0,9,7,4,510,9,9,8,25,7,37,1693,1272,51,40,11,23,1021,109,60,11,448,6,534,167,658,35,29,25,23,482,5565,26,13,11,9,443,44,73,0,1,1,0,5,0,1,0,29,10,52,0,14,2,2,1,1,4,3,0,1,0,3,2,0,0,1,10,1,0,14,74,2,0,14,0,0,0,0,41,4,3,6,2
1093,1086,8827,2760,20166,29137,15059,1,6,59,3,5,0,272,122,1738,0,0,8,2,13,126,9,32,9,5,89,18,192,76,8,4,4,17,7113,283,213,8,3686,87,93,62,97,83,9,6,7,5100,1449,7,150,27,31,3618,429,624,0,1,1,1,3,0,0,0,47,6,53,1,25,2,1,3,1,1,0,0,1,0,7,3,0,1,6,17,0,0,37,93,2,0,15,1,3,0,0,84,10,2,2,1
559,1410,7905,10644,2304,15059,20537,2,4,65,1,2,0,46,37,3364,1,0,3,0,9,104,0,11,5,5,12,3,41,42,8,2,0,3,7372,189,70,1,2893,7,68,83,33,11,4,2,1,949,33,6,13,5,9,155,58,2597,0,0,2,1,5,0,0,0,20,3,55,0,14,1,1,1,0,0,0,1,1,0,5,3,0,0,4,11,1,0,15,66,0,0,7,0,0,1,0,105,5,0,3,1
2,3,2,15,2,1,2,42605,7301,283,4181,1569,10375,34,107,1019,6659,4176,4742,7522,1332,2194,1064,145,1252,152,100,11,10,30,3152,285,1712,49,14,191,574,815,27,24,18,55,1934,353,1581,6,130,2,2,98,2,1,0,0,1,1,119,174,89,768,22,10,24,34,11,8,45,134,207,211,106,29,136,303,53,9,51,0,8,42,1,65,10,15,50,2,435,54,11,9,7,0,13,1,3,0,0,0,17,15
4,2,0,19,7,6,4,7301,53673,118,1608,873,2388,12,31,382,675,27,7473,4370,184,1032,801,6865,10151,107,7235,34,6,7,93,131,664,67,77,2222,3665,173,239,581,7,25,257,1929,121,11,124,43,3,29,5,2,9,0,2,0,403,413,83,2527,23,20,56,100,26,14,59,160,226,649,104,46,320,960,46,21,445,2,3,30,5,167,7,23,125,13,756,29,8,38,8,7,56,1,2,1,3,1,18,5
85,393,209,418,153,59,65,283,118,48875,3722,4940,833,170,856,1656,402,12,918,114,4698,4456,1549,66,101,23,70,12,138,129,287,245,842,29,365,893,474,80,524,33,9275,10706,3769,171,130,28,402,112,23,5933,3,2,4,3,6,2,1,12,27,25,25,4,6,1,15,8,69,13,247,5,15,10,18,7,25,1,11,1,3,49,0,3,6,27,6,1,252,122,24,3,24,1,12,0,0,6,3,1,13,19
4,3,0,18,7,3,1,4181,1608,3722,2129,9848,2036,18,21,236,614,22,855,646,731,2961,1683,36,123,14,33,4,17,45,79,17,373,4,33,214,45,48,104,7,140,213,254,60,53,9,78,6,2,44,0,1,0,0,0,0,2,4,9,25,4,1,1,4,1,1,16,5,31,10,6,2,7,20,5,1,3,0,2,4,0,2,1,2,2,0,28,12,3,1,3,0,4,0,0,1,0,1,4,4
0,3,3,7,3,5,2,1569,873,4940,9848,24971,9628,29,21,87,4715,256,464,439,4202,1541,8292,81,504,39,157,4,14,118,223,103,3057,12,19,169,168,324,18,10,107,667,340,460,283,48,529,10,6,251,0,0,1,0,0,0,6,27,29,68,6,3,11,5,2,2,10,29,73,8,29,10,27,50,10,6,62,0,1,13,2,6,0,5,21,0,102,18,2,7,2,4,22,0,1,1,1,0,3,4
6,10,3,6,4,0,0,10375,2388,833,2036,9628,29911,159,177,140,5391,313,503,1875,1174,576,1224,29,370,33,28,5,53,185,863,421,7735,28,4,53,66,89,8,6,77,496,1544,120,660,11,220,2,10,593,0,0,0,0,0,0,19,22,6,160,1,2,9,10,1,2,7,9,21,74,4,9,23,89,1,2,32,0,0,3,0,20,2,3,19,0,56,1,0,4,0,0,4,0,0,0,0,0,0,2
9832,3535,786,2068,9485,272,46,34,12,170,18,29,159,44814,11195,585,7,0,17,107,29,545,79,3,41,71,11,59,5162,27117,74,531,229,100,155,112,102,42,174,14,846,2709,1394,105,366,30,270,72,8115,5304,7,4,5,5,7,4,0,3,4,4,6,0,1,0,14,8,42,0,39,4,2,4,1,14,3,1,13,0,3,9,1,3,4,24,5,0,34,67,5,3,22,0,7,0,1,5,5,1,7,6
1084,3140,109,14512,1170,122,37,107,31,856,21,21,177,11195,21908,1499,8,1,129,135,53,551,55,15,66,173,37,20,621,1741,371,389,183,98,117,140,45,141,114,6,755,1625,10342,198,496,15,162,59,394,8143,6,5,6,2,6,5,5,0,3,15,3,0,0,1,14,2,42,0,31,10,0,7,2,29,7,1,15,0,1,8,3,5,2,13,6,0,23,42,7,5,17,1,4,1,1,19,3,2,3,4
1066,1107,594,9133,1893,1738,3364,1019,382,1656,236,87,140,585,1499,22717,110,55,4185,739,367,512,126,165,576,160,182,14,238,311,5748,93,128,56,7023,7509,414,471,1277,33,440,520,17473,498,371,8,49,1356,230,169,58,49,49,13,92,60,7,8,16,64,37,1,6,3,127,48,294,10,203,36,19,14,12,59,31,6,31,1,18,59,1,16,20,116,15,1,151,447,31,9,128,2,10,1,1,192,16,5,25,16
0,0,2,5,1,0,1,6659,675,402,614,4715,5391,7,8,110,6681,2127,765,52,5916,409,199,56,44,6,16,2,7,17,1400,38,432,3,9,131,128,16,16,8,9,107,455,25,25,1,43,0,1,94,1,0,0,0,1,0,5,26,19,63,11,4,7,3,1,1,13,28,59,1,20,6,19,3,23,1,2,0,0,4,0,4,2,3,2,1,74,15,1,0,2,0,1,0,0,1,0,1,4,2
0,1,0,0,0,0,0,4176,27,12,22,256,313,0,1,55,2127,566,225,6,359,14,27,6,3,1,4,0,0,0,722,9,71,0,0,18,17,2,4,1,3,5,93,4,15,1,10,0,0,7,1,0,1,0,0,0,0,3,6,11,1,1,1,4,3,0,1,9,15,1,4,2,4,0,6,0,0,0,0,2,1,1,1,1,0,0,14,4,0,0,0,0,0,0,0,0,0,0,2,0
4,10,5,42,9,8,3,4742,7473,918,855,464,503,17,129,4185,765,225,12216,1641,858,417,163,1727,2224,90,615,12,12,31,2577,78,225,28,34,4906,914,409,139,103,53,63,2413,684,225,2,54,7,3,68,2,3,4,2,1,0,26,109,114,214,41,11,22,17,18,11,67,109,404,58,120,22,85,85,111,5,76,0,8,80,5,31,27,32,27,2,456,117,18,10,26,3,14,0,2,6,2,5,26,24
4,5,2,18,7,2,0,7522,4370,114,646,439,1875,107,135,739,52,6,1641,18320,69,199,1962,72,6407,453,345,12,16,79,369,1057,4568,138,10,473,38,5867,30,15,25,108,1291,1312,6103,4,369,7,11,148,1,0,2,0,1,0,87,42,8,407,5,4,16,15,8,13,22,4,48,403,3,28,54,810,3,25,331,1,0,11,0,189,7,14,240,5,75,11,3,54,3,3,110,0,6,1,1,1,2,1
4,8,2,20,4,13,9,1332,184,4698,731,4202,1174,29,53,367,5916,359,858,69,10674,212,351,98,51,16,64,4,23,85,677,249,671,18,82,538,392,42,213,20,88,966,4584,91,120,10,208,18,3,2056,2,0,4,0,0,3,1,18,39,64,21,12,4,7,11,7,37,25,208,6,25,9,27,12,32,1,5,0,2,36,0,5,8,17,4,1,267,64,9,2,21,2,1,0,0,0,1,3,7,7
478,1253,1491,455,510,126,104,2194,1032,4456,2961,1541,576,545,551,512,409,14,417,199,212,18359,5799,59,143,436,293,1749,2713,427,78,550,235,1301,181,279,106,219,232,546,12645,1341,741,2404,212,5014,2064,90,49,191,0,1,5,2,5,4,1,8,3,19,3,0,3,0,8,11,41,2,80,5,1,12,6,22,10,30,82,2,4,16,17,5,4,14,13,17,45,49,10,12,21,43,60,4,11,6,1,0,5,5
3,8,2,16,9,9,0,1064,801,1549,1683,8292,1224,79,55,126,199,27,163,1962,351,5799,15210,81,1523,681,907,953,59,185,57,754,5953,439,15,150,29,1222,43,162,167,613,305,4370,1010,3995,7980,49,9,157,0,0,1,0,0,1,7,6,3,46,2,1,1,1,2,2,3,2,8,69,1,18,10,193,2,80,353,4,1,3,29,36,5,5,99,13,13,1,1,33,1,56,188,2,18,2,1,0,2,2
4,6,2,11,9,32,11,145,6865,66,36,81,29,3,15,165,56,6,1727,72,98,59,81,6096,762,67,2624,91,5,12,28,57,56,79,362,5726,2650,54,5865,804,11,15,76,1295,47,11,72,154,7,8,1,1,2,0,1,1,21,30,23,196,6,3,6,3,5,1,13,26,57,36,14,5,29,93,13,4,87,1,1,5,1,14,2,10,10,7,187,13,1,4,4,6,20,0,2,2,1,1,3,3
3,5,4,40,8,9,5,1252,10151,101,123,504,370,41,66,576,44,3,2224,6407,51,143,1523,762,7329,122,7459,5,11,47,94,190,1618,32,75,1605,94,904,126,44,25,93,522,4026,735,15,151,29,4,80,4,1,3,0,0,0,53,40,10,338,3,3,31,17,20,20,23,12,34,340,7,60,72,1312,5,36,1080,0,5,13,10,221,16,18,467,13,70,18,6,119,9,13,203,0,17,4,3,1,10,1
8,8,2,32,25,5,5,152,107,23,14,39,33,71,173,160,6,1,90,453,16,436,681,67,122,12435,405,77,15,26,95,6753,263,3791,29,143,4,4516,54,138,14,22,819,9387,4768,102,1109,37,11,32,1,0,0,0,1,0,0,0,0,5,0,0,0,1,0,0,2,0,3,7,0,36,4,87,1,198,312,13,0,0,80,27,0,1,49,52,3,4,0,37,0,114,339,0,42,2,3,0,0,0
4,8,3,21,7,89,12,100,7235,70,33,157,28,11,37,182,16,4,615,345,64,293,907,2624,7459,405,12209,518,12,12,22,670,438,395,190,1550,1040,427,1255,4918,15,28,159,9339,519,63,591,544,22,15,0,0,1,1,2,0,9,4,4,68,6,1,7,4,7,6,11,1,15,76,2,105,53,814,3,452,2345,27,0,2,68,109,5,3,491,75,29,22,4,335,9,175,1212,2,63,6,0,0,1,1
24,25,45,21,37,18,3,11,34,12,4,4,5,59,20,14,2,0,12,12,4,1749,953,91,5,77,518,45586,432,83,7,233,23,5279,21,39,147,12,299,10911,279,80,43,573,59,9675,4765,193,11,10,0,0,0,0,0,0,1,0,0,1,0,0,0,0,0,0,1,0,3,0,0,4,0,6,0,8,33,70,0,0,13,1,0,0,3,111,2,0,0,1,1,560,48,2,11,0,0,0,1,0
849,630,1041,415,1693,192,41,10,6,138,17,14,53,5162,621,238,7,0,12,16,23,2713,59,5,11,15,12,432,63525,11160,26,150,83,74,85,65,55,16,124,69,12713,1190,366,41,67,536,145,81,6701,185,2,1,2,6,3,3,0,0,3,2,3,0,0,1,3,2,24,0,27,1,0,1,0,3,7,1,6,0,1,8,0,0,2,7,0,1,17,27,3,0,13,2,0,0,0,3,0,1,3,3
845,937,1168,514,1272,76,42,30,7,129,45,118,185,27117,1741,311,17,0,31,79,85,427,185,12,47,26,12,83,11160,46306,64,462,353,61,131,125,131,47,141,18,11562,10881,820,98,221,58,297,52,2913,1874,1,1,2,2,4,3,3,1,3,5,3,0,0,1,11,6,37,0,54,1,2,2,6,6,4,1,9,0,1,18,0,2,4,16,3,0,53,47,8,0,18,0,2,0,0,3,3,1,2,2
32,19,5,462,51,8,8,3152,93,287,79,223,863,74,371,5748,1400,722,2577,369,677,78,57,28,94,95,22,7,26,64,8228,157,298,45,48,284,141,202,61,7,39,115,13446,106,521,1,63,22,12,120,1,1,3,0,1,1,5,14,30,31,20,0,1,4,8,8,44,10,157,20,11,8,9,24,20,2,17,0,4,25,1,3,13,19,12,1,175,51,9,5,15,1,9,0,0,4,1,3,9,4
25,18,5,44,40,4,2,285,131,245,17,103,421,531,389,93,38,9,78,1057,249,550,754,57,190,6753,670,233,150,462,157,23604,4925,5435,21,71,5,763,54,517,130,527,1123,6380,7313,284,9427,45,61,556,0,0,1,0,0,0,2,3,0,7,0,1,2,0,3,0,0,1,2,4,0,39,6,56,0,207,314,26,0,0,73,17,4,1,34,104,6,1,1,35,1,232,383,5,63,1,0,0,0,0
5,9,6,9,11,4,0,1712,664,842,373,3057,7735,229,183,128,432,71,225,4568,671,235,5953,56,1618,263,438,23,83,353,298,4925,14289,142,9,139,24,1169,25,23,147,775,1002,2080,5796,331,4238,23,21,686,0,0,0,0,0,0,13,12,2,61,1,0,6,7,2,1,1,1,15,81,1,11,16,210,0,25,206,1,0,1,3,37,1,2,91,6,19,2,0,28,1,17,95,1,4,2,0,0,2,0
11,12,10,17,23,17,3,49,67,29,4,12,28,100,98,56,3,0,28,138,18,1301,439,79,32,3791,395,5279,74,61,45,5435,142,15414,16,39,28,313,129,6117,76,47,388,5513,1023,2073,8703,106,16,40,0,0,0,0,0,1,1,1,0,1,0,0,0,0,0,0,1,1,1,0,0,41,4,25,0,84,156,146,1,0,82,6,0,0,13,375,0,0,0,15,2,1029,353,7,84,1,0,0,2,0
316,728,809,1712,1021,7113,7372,14,77,365,33,19,4,155,117,7023,9,0,34,10,82,181,15,362,75,29,190,21,85,131,48,21,9,16,8386,2534,808,20,8922,112,138,157,418,192,18,5,12,9116,92,62,64,46,76,47,182,130,2,2,9,14,32,2,1,0,137,43,286,5,121,6,5,20,9,5,13,2,10,0,19,33,0,2,17,79,4,0,134,427,17,2,102,2,3,1,0,340,13,8,20,5
54,78,52,198,109,283,189,191,2222,893,214,169,53,112,140,7509,131,18,4906,473,538,279,150,5726,1605,143,1550,39,65,125,284,71,139,39,2534,14526,1959,338,6186,266,136,212,1270,1416,143,4,60,707,35,105,18,6,16,4,25,20,19,53,92,209,74,8,21,12,71,42,245,43,538,87,61,27,66,145,78,5,119,0,9,86,2,20,38,90,33,1,706,338,48,21,107,6,19,0,2,43,8,13,41,38
32,65,37,107,60,213,70,574,3665,474,45,168,66,102,45,414,128,17,914,38,392,106,29,2650,94,4,1040,147,55,131,141,5,24,28,808,1959,2232,9,6022,431,121,233,663,159,13,11,11,1715,50,132,1,0,0,1,1,1,5,22,3,46,1,3,1,2,2,5,9,10,26,3,11,1,4,14,2,4,94,1,1,7,0,2,1,2,3,1,57,18,6,0,8,6,5,0,1,3,0,0,1,2
5,8,4,48,11,8,1,815,173,80,48,324,89,42,141,471,16,2,409,5867,42,219,1222,54,904,4516,427,12,16,47,202,763,1169,313,20,338,9,10073,38,34,18,69,1010,7886,5917,27,523,24,6,54,0,0,1,0,2,1,3,3,1,23,1,0,1,1,5,1,14,3,22,37,1,29,27,403,2,139,569,1,0,5,30,68,6,6,310,30,10,11,1,131,3,40,369,1,20,2,0,0,1,0
88,289,479,423,448,3686,2893,27,239,524,104,18,8,174,114,1277,16,4,139,30,213,232,43,5865,126,54,1255,299,124,141,61,54,25,129,8922,6186,6022,38,16677,1196,146,205,618,813,31,15,58,7310,101,76,35,16,22,8,39,70,0,10,19,23,41,2,1,0,55,26,251,5,217,15,9,20,12,23,19,5,71,0,20,57,2,5,15,80,7,1,401,260,33,1,81,20,10,0,2,61,19,8,25,15
2,8,17,6,6,87,7,24,581,33,7,10,6,14,6,33,8,1,103,15,20,546,162,804,44,138,4918,10911,69,18,7,517,23,6117,112,266,431,34,1196,27424,42,22,31,9253,47,1545,1668,944,36,5,0,0,0,0,2,0,0,0,2,4,0,1,0,0,1,1,1,0,5,4,0,43,4,35,0,115,277,330,1,1,80,11,0,0,21,657,6,1,0,17,1,2354,469,14,116,2,1,0,1,0
371,1206,1439,415,534,93,68,18,7,9275,140,107,77,846,755,440,9,3,53,25,88,12645,167,11,25,14,15,279,12713,11562,39,130,147,76,138,136,121,18,146,42,50516,12979,763,57,69,207,148,29,90,627,0,0,6,3,3,3,0,0,2,1,4,0,0,0,6,7,31,0,63,2,0,0,5,8,5,0,1,0,3,11,1,1,5,11,0,1,47,39,9,0,13,2,0,0,0,0,3,1,6,5
183,1025,718,543,167,62,83,55,25,10706,213,667,496,2709,1625,520,107,5,63,108,966,1341,613,15,93,22,28,80,1190,10881,115,527,775,47,157,212,233,69,205,22,12979,24508,3085,158,195,51,413,59,46,9962,2,3,7,0,1,3,0,4,9,9,10,0,0,4,15,12,48,2,96,3,2,6,12,3,7,3,7,0,4,20,0,2,7,28,2,1,66,72,17,0,19,1,9,0,2,4,4,1,14,8
325,338,69,3576,658,97,33,1934,257,3769,254,340,1544,1394,10342,17473,455,93,2413,1291,4584,741,305,76,522,819,159,43,366,820,13446,1123,1002,388,418,1270,663,1010,618,31,763,3085,53829,938,2551,14,389,326,193,11697,25,8,21,4,20,16,10,9,34,73,34,4,11,4,52,19,187,12,320,60,15,30,27,139,36,9,91,0,16,91,3,28,23,102,29,1,272,277,47,12,81,9,35,0,1,41,14,5,31,20
14,16,7,86,35,83,11,353,1929,171,60,460,120,105,198,498,25,4,684,1312,91,2404,4370,1295,4026,9387,9339,573,41,98,106,6380,2080,5513,192,1416,159,7886,813,9253,57,158,938,46963,3503,791,5097,659,51,104,1,0,3,0,5,0,9,4,2,83,3,1,5,2,14,5,16,4,33,73,8,288,51,901,2,1058,2705,116,3,9,325,180,16,5,614,482,35,17,4,350,22,1044,2195,18,266,12,3,1,8,4
26,18,1,75,29,9,4,1581,121,130,53,283,660,366,496,371,25,15,225,6103,120,212,1010,47,735,4768,519,59,67,221,521,7313,5796,1023,18,143,13,5917,31,47,69,195,2551,3503,8527,29,1663,23,49,286,2,0,2,0,1,1,4,5,4,50,0,0,9,3,7,12,8,1,20,99,2,65,20,549,3,137,719,3,1,2,35,103,6,10,426,42,19,11,0,161,7,41,408,1,18,7,3,0,0,4
14,22,39,14,25,6,2,6,11,28,9,48,11,30,15,8,1,1,2,4,10,5014,3995,11,15,102,63,9675,536,58,1,284,331,2073,5,4,11,27,15,1545,207,51,14,791,29,14317,8867,10,2,14,0,1,0,0,0,0,0,0,1,0,0,0,0,0,1,0,0,0,1,0,0,4,1,3,0,5,15,31,0,0,8,2,0,0,4,59,0,0,0,2,0,122,29,1,4,0,0,0,0,0
9,12,12,18,23,7,1,130,124,402,78,529,220,270,162,49,43,10,54,369,208,2064,7980,72,151,1109,591,4765,145,297,63,9427,4238,8703,12,60,11,523,58,1668,148,413,389,5097,1663,8867,28809,53,31,303,0,0,0,0,0,0,2,1,0,10,0,0,1,2,1,1,1,0,0,6,0,27,5,49,0,117,195,57,0,0,43,13,0,1,50,212,6,1,0,29,0,407,272,4,51,0,0,0,0,0
135,342,195,378,482,5100,949,2,43,112,6,10,2,72,59,1356,0,0,7,7,18,90,49,154,29,37,544,193,81,52,22,45,23,106,9116,707,1715,24,7310,944,29,59,326,659,23,10,53,6843,531,25,18,12,18,6,93,31,0,0,3,4,10,1,0,0,36,5,100,2,27,0,0,4,6,2,3,2,32,3,5,13,0,1,3,29,4,3,45,124,4,0,27,7,8,0,0,130,7,3,5,2
973,306,366,386,5565,1449,33,2,3,23,2,6,10,8115,394,230,1,0,3,11,3,49,9,7,4,11,22,11,6701,2913,12,61,21,16,92,35,50,6,101,36,90,46,193,51,49,2,31,531,10800,55,1,2,3,2,4,2,0,0,0,0,3,0,0,0,4,2,9,0,4,1,0,1,0,3,0,1,3,0,1,1,0,0,1,4,0,0,12,7,1,0,8,0,0,0,0,4,1,0,0,0
15,56,26,186,26,7,6,98,29,5933,44,251,593,5304,8143,169,94,7,68,148,2056,191,157,8,80,32,15,10,185,1874,120,556,686,40,62,105,132,54,76,5,627,9962,11697,104,286,14,303,25,55,23351,2,0,1,0,0,0,2,1,4,5,6,0,0,0,7,3,19,0,45,7,0,4,3,8,2,0,11,0,1,11,0,3,1,7,6,0,42,31,1,4,7,0,5,1,0,1,1,0,3,4
8,21,266,22,13,150,13,2,5,3,0,0,0,7,6,58,1,1,2,1,2,0,0,1,4,1,0,0,2,1,1,0,0,0,64,18,1,0,35,0,0,2,25,1,2,0,0,18,1,2,50883,17895,2440,15754,11865,2736,32,9,4,10,156,6,5,2,15898,184,1321,0,34,31,5,185,14,21,5,86,9,16,1204,11,39,37,532,103,159,73,69,1199,19,24,161,5,39,26,12,408,9189,168,225,16
6,18,2088,21,11,27,5,1,2,2,1,0,0,4,5,49,0,0,3,0,0,1,0,1,1,0,0,0,1,1,1,0,0,0,46,6,0,0,16,0,0,3,8,0,0,1,0,12,2,0,17895,92122,17009,15798,2841,10354,20,7,2,8,389,13,6,1,14905,92,1036,3,21,21,17,881,5,12,8,34,3,26,1028,3,17,16,1170,63,50,31,47,1000,19,26,132,3,20,49,10,446,857,604,1061,30
5,19,13,23,9,31,9,0,9,4,0,1,0,5,6,49,0,1,4,2,4,5,1,2,3,0,1,0,2,2,3,1,0,0,76,16,0,1,22,0,6,7,21,3,2,0,0,18,3,1,2440,17009,23561,2143,661,13814,44,44,15,26,363,13,16,12,11597,2848,10013,11,92,119,17,258,32,68,16,132,18,9,298,14,25,57,459,381,212,75,83,3127,24,84,132,8,63,13,16,286,341,266,647,56
29,33,4503,49,443,3618,155,0,0,3,0,0,0,5,2,13,0,0,2,0,0,2,0,0,0,0,1,0,6,2,0,0,0,0,47,4,1,0,8,0,3,0,4,0,0,0,0,6,2,0,15754,15798,2143,46626,16193,17352,4,0,0,2,113,6,1,2,1537,43,271,1,7,3,8,371,7,6,4,8,4,31,858,1,5,6,907,22,15,8,10,676,9,5,1138,4,4,41,6,887,706,376,357,12
18,57,94,73,44,429,58,1,2,6,0,0,0,7,6,92,1,0,1,1,0,5,0,1,0,1,2,0,3,4,1,0,0,0,182,25,1,2,39,2,3,1,20,5,1,0,0,93,4,0,11865,2841,661,16193,24594,10517,2,0,1,5,85,1,0,1,1615,30,882,3,11,5,3,53,25,64,1,15,110,9,225,3,4,2,62,25,17,4,106,4315,5,13,1503,56,48,4,3,5090,2778,46,103,10
14,63,215,125,73,624,2597,1,0,2,0,0,0,4,5,60,0,0,0,0,3,4,1,1,0,0,0,0,3,3,1,0,0,1,130,20,1,1,70,0,3,3,16,0,1,0,0,31,2,0,2736,10354,13814,17352,10517,38732,10,1,1,7,239,15,4,1,2184,35,4074,0,18,22,10,278,8,24,5,35,5,8,200,2,9,7,290,29,65,26,45,6391,8,22,1978,4,19,11,2,877,203,195,449,21
0,0,0,1,0,0,0,119,403,1,2,6,19,0,5,7,5,0,26,87,1,1,7,21,53,0,9,1,0,3,5,2,13,1,2,19,5,3,0,0,0,0,10,9,4,0,2,0,0,2,32,20,44,4,2,10,4491,9043,1057,1356,82,94,698,8296,743,698,345,977,531,2486,138,506,57,378,278,107,50,4,59,685,135,4836,188,951,700,56,316,17,198,53,6,5,43,7,50,2,54,23,104,40
0,0,1,3,1,1,0,174,413,12,4,27,22,3,0,8,26,3,109,42,18,8,6,30,40,0,4,0,0,1,14,3,12,1,2,53,22,3,10,0,0,4,9,4,5,0,1,0,0,1,9,7,44,0,0,1,9043,29052,5889,5582,219,601,786,3215,221,341,439,7201,1292,3479,650,1526,65,486,220,142,28,14,14,702,110,1271,53,675,959,75,784,23,82,133,3,15,77,11,49,2,12,5,50,36
0,0,1,3,1,1,2,89,83,27,9,29,6,4,3,16,19,6,114,8,39,3,3,23,10,0,4,0,3,3,30,0,2,0,9,92,3,1,19,2,2,9,34,2,4,1,0,3,0,4,4,2,15,0,1,1,1057,5889,6504,3258,423,408,301,653,121,251,816,5104,4718,698,493,698,50,256,882,72,21,11,16,3855,58,599,46,657,505,44,265,30,83,52,42,4,48,3,39,2,5,18,74,38
1,3,0,4,0,1,1,768,2527,25,25,68,160,4,15,64,63,11,214,407,64,19,46,196,338,5,68,1,2,5,31,7,61,1,14,209,46,23,23,4,1,9,73,83,50,0,10,4,0,5,10,8,26,2,5,7,1356,5582,3258,55566,425,599,1158,1526,125,175,629,719,6406,6230,858,1803,8629,16925,217,215,1226,23,33,185,107,1376,80,324,833,129,7980,166,66,589,40,110,864,16,117,22,5,19,122,67
1,5,3,3,5,3,5,22,23,25,4,6,1,6,3,37,11,1,41,5,21,3,2,6,3,0,6,0,3,3,20,0,1,0,32,74,1,1,41,0,4,10,34,3,0,0,0,10,3,6,156,389,363,113,85,239,82,219,423,425,39140,5310,1452,149,838,926,1854,231,2154,115,5559,3886,108,104,1526,51,33,46,555,324,86,266,748,978,150,100,504,567,831,46,487,13,64,65,71,133,46,19703,24531,7142
0,1,1,0,0,0,0,10,20,4,1,3,2,0,0,1,4,1,11,4,12,0,1,3,3,0,1,0,0,0,0,1,0,0,2,8,3,0,2,1,0,0,4,1,0,0,0,1,0,0,6,13,13,6,1,15,94,601,408,599,5310,5382,3540,327,43,91,124,239,390,100,3642,5001,47,36,408,6,9,1,24,98,4,228,78,83,31,7,63,26,94,5,12,1,11,3,11,2,0,67,423,261
0,0,0,2,1,0,0,24,56,6,1,11,9,1,0,6,7,1,22,16,4,3,1,6,31,0,7,0,0,0,1,2,6,0,1,21,1,1,1,0,0,0,11,5,9,0,1,0,0,0,5,6,16,1,0,4,698,786,301,1158,1452,3540,16688,9701,110,188,142,3093,266,584,5804,7669,79,656,1133,42,61,12,35,883,104,6471,149,261,269,48,118,29,405,53,8,11,111,13,165,1,3,94,355,347
0,0,0,0,0,0,0,34,100,1,4,5,10,0,1,3,3,4,17,15,7,0,1,3,17,1,4,0,1,1,4,0,7,0,0,12,2,1,0,0,0,4,4,2,3,0,2,0,0,0,2,1,12,2,1,1,8296,3215,653,1526,149,327,9701,15128,204,261,129,4526,300,508,1966,944,61,215,564,38,21,5,34,833,59,6481,137,344,211,30,174,10,224,26,1,6,29,1,51,1,17,9,89,86
16,41,47,38,29,47,20,11,26,15,1,2,1,14,14,127,1,3,18,8,11,8,2,5,20,0,7,0,3,11,8,3,2,0,137,71,2,5,55,1,6,15,52,14,7,1,1,36,4,7,15898,14905,11597,1537,1615,2184,743,221,121,125,838,43,110,204,74983,17637,3939,90,310,641,123,964,60,256,198,1221,38,155,5945,205,652,979,12685,3060,2426,815,268,1496,808,326,356,46,266,75,218,442,10738,748,2358,503
1,4,4,11,10,6,3,8,14,8,1,2,2,8,2,48,1,0,11,13,7,11,2,1,20,0,6,0,2,6,8,0,1,0,43,42,5,1,26,1,7,12,19,5,12,0,1,5,2,3,184,92,2848,43,30,35,698,341,251,175,926,91,188,261,17637,31824,3598,182,539,640,355,760,28,208,607,447,30,52,828,590,386,928,8278,10890,1478,350,198,127,5012,168,157,24,135,28,173,81,248,448,5051,3381
37,99,36,89,52,53,55,45,59,69,16,10,7,42,42,294,13,1,67,22,37,41,3,13,23,2,11,1,24,37,44,0,1,1,286,245,9,14,251,1,31,48,187,16,8,0,1,100,9,19,1321,1036,10013,271,882,4074,345,439,816,629,1854,124,142,129,3939,3598,29713,215,10387,947,209,712,359,646,294,360,85,27,312,7129,72,319,628,7852,869,174,846,4993,332,472,774,29,305,13,42,1051,331,368,1258,279
0,0,0,1,0,1,0,134,160,13,5,29,9,0,0,10,28,9,109,4,25,2,2,26,12,0,1,0,0,0,10,1,1,1,5,43,10,3,5,0,0,2,12,4,1,0,0,2,0,0,0,3,11,1,3,0,977,7201,5104,719,231,239,3093,4526,90,182,215,10799,997,98,9142,502,84,46,1603,15,9,3,15,5131,38,1190,74,442,106,9,383,26,187,7,11,9,26,5,34,0,4,12,93,92
13,15,9,28,14,25,14,207,226,247,31,73,21,39,31,203,59,15,404,48,208,80,8,57,34,3,15,3,27,54,157,2,15,1,121,538,26,22,217,5,63,96,320,33,20,1,0,27,4,45,34,21,92,7,11,18,531,1292,4718,6406,2154,390,266,300,310,539,10387,997,22020,1250,840,799,6000,1998,916,274,356,20,94,2887,84,533,243,1524,629,123,3046,4964,253,490,775,104,529,11,43,106,38,154,614,265
1,0,0,5,2,2,1,211,649,5,10,8,74,4,10,36,1,1,58,403,6,5,69,36,340,7,76,0,1,1,20,4,81,0,6,87,3,37,15,4,2,3,60,73,99,0,6,0,1,7,31,21,119,3,5,22,2486,3479,698,6230,115,100,584,508,641,640,947,98,1250,15616,59,1064,152,3930,110,408,299,7,65,292,162,3521,144,985,5025,141,345,85,111,2688,18,11,1073,11,81,2,32,25,103,46
0,2,0,0,2,1,1,106,104,15,6,29,4,2,0,19,20,4,120,3,25,1,1,14,7,0,2,0,0,2,11,0,1,0,5,61,11,1,9,0,0,2,15,8,2,0,0,0,0,0,5,17,17,8,3,10,138,650,493,858,5559,3642,5804,1966,123,355,209,9142,840,59,12888,1515,218,73,11142,36,24,18,104,3126,73,722,405,324,97,50,575,147,1284,14,93,11,38,20,58,7,9,161,1819,6525
1,1,26,2,1,3,1,29,46,10,2,10,9,4,7,14,6,2,22,28,9,12,18,5,60,36,105,4,1,2,8,39,11,41,20,27,1,29,20,43,0,6,30,288,65,4,27,4,1,4,185,881,258,371,53,278,506,1526,698,1803,3886,5001,7669,944,964,760,712,502,799,1064,1515,49160,212,1683,701,1983,1170,1541,2485,390,1633,10083,2350,590,1511,2405,227,261,591,1289,165,1060,4910,8458,9013,81,86,3385,3145,640
0,2,3,3,1,1,0,136,320,18,7,27,23,1,2,12,19,4,85,54,27,6,10,29,72,4,53,0,0,6,9,6,16,4,9,66,4,27,12,4,5,12,27,51,20,1,5,6,0,3,14,5,32,7,25,8,57,65,50,8629,108,47,79,61,60,28,359,84,6000,152,218,212,8477,4065,124,158,1651,34,21,38,54,194,40,54,180,93,6964,1774,24,231,759,475,887,4,60,147,23,11,63,53
2,2,0,4,4,1,0,303,960,7,20,50,89,14,29,59,3,0,85,810,12,22,193,93,1312,87,814,6,3,6,24,56,210,25,5,145,14,403,23,35,8,3,139,901,549,3,49,2,3,8,21,12,68,6,64,24,378,486,256,16925,104,36,656,215,256,208,646,46,1998,3930,73,1683,4065,25811,71,362,12472,122,50,91,218,2588,172,264,1416,198,1374,609,103,991,711,1493,5082,20,267,330,52,23,102,80
1,0,2,3,3,0,0,53,46,25,5,10,1,3,7,31,23,6,111,3,32,10,2,13,5,1,3,0,7,4,20,0,0,0,13,78,2,2,19,0,5,7,36,2,3,0,0,3,0,2,5,8,16,4,1,5,278,220,882,217,1526,408,1133,564,198,607,294,1603,916,110,11142,701,124,71,9969,141,19,45,132,8412,139,846,629,2150,443,137,614,165,5685,19,156,15,34,11,77,4,12,131,1648,3519
0,0,1,2,0,0,1,9,21,1,1,6,2,1,1,6,1,0,5,25,1,30,80,4,36,198,452,8,1,1,2,207,25,84,2,5,4,139,5,115,0,3,9,1058,137,5,117,2,1,0,86,34,132,8,15,35,107,142,72,215,51,6,42,38,1221,447,360,15,274,408,36,1983,158,362,141,26274,677,265,194,140,7269,1688,484,563,10538,9348,94,120,201,4709,92,527,11532,91,1663,47,173,52,148,60
0,1,0,3,1,1,1,51,445,11,3,62,32,13,15,31,2,0,76,331,5,82,353,87,1080,312,2345,33,6,9,17,314,206,156,10,119,94,569,71,277,1,7,91,2705,719,15,195,32,3,11,9,3,18,4,110,5,50,28,21,1226,33,9,61,21,38,30,85,9,356,299,24,1170,1651,12472,19,677,16742,528,29,16,433,900,38,41,813,414,1468,471,16,310,1317,7762,10375,38,635,772,78,10,20,13
0,0,1,0,0,0,0,0,2,1,0,0,0,0,0,1,0,0,0,1,0,2,4,1,0,13,27,70,0,0,0,26,1,146,0,0,1,1,0,330,0,0,0,116,3,31,57,3,0,0,16,26,9,31,9,8,4,14,11,23,46,1,12,5,155,52,27,3,20,7,18,1541,34,122,45,265,528,41526,585,20,290,131,322,29,90,9546,402,22,37,33,171,16152,1226,15428,1592,80,30,263,99,40
1,4,58,7,3,7,5,8,3,3,2,1,0,3,1,18,0,0,8,0,2,4,1,1,5,0,0,0,1,1,4,0,0,1,19,9,1,0,20,1,3,4,16,3,1,0,0,5,1,1,1204,1028,298,858,225,200,59,14,16,33,555,24,35,34,5945,828,312,15,94,65,104,2485,21,50,132,194,29,585,100974,35,281,275,24347,335,448,308,92,162,283,34,92,50,52,1495,135,120,15780,16221,1826,243
4,4,1,7,2,3,3,42,30,49,4,13,3,9,8,59,4,2,80,11,36,16,3,5,13,0,2,0,8,18,25,0,1,0,33,86,7,5,57,1,11,20,91,9,2,0,0,13,1,11,11,3,14,1,3,2,685,702,3855,185,324,98,883,833,205,590,7129,5131,2887,292,3126,390,38,91,8412,140,16,20,35,8587,109,959,209,2408,505,103,293,87,783,60,184,11,56,2,59,16,15,37,294,274
0,0,0,0,0,0,0,1,5,0,0,2,0,1,3,1,0,1,5,0,0,17,29,1,10,80,68,13,0,0,1,73,3,82,0,2,0,30,2,80,1,0,3,325,35,8,43,0,0,0,39,17,25,5,4,9,135,110,58,107,86,4,104,59,652,386,72,38,84,162,73,1633,54,218,139,7269,433,290,281,109,13583,3388,705,225,4620,9142,36,24,228,403,28,581,2612,250,6405,27,131,48,252,122
0,2,0,2,0,1,0,65,167,3,2,6,20,3,5,16,4,1,31,189,5,5,36,14,221,27,109,1,0,2,3,17,37,6,2,20,2,68,5,11,1,2,28,180,103,2,13,1,0,3,37,16,57,6,2,7,4836,1271,599,1376,266,228,6471,6481,979,928,319,1190,533,3521,722,10083,194,2588,846,1688,900,131,275,959,3388,28866,933,899,12130,1245,146,72,791,1543,35,146,2392,174,6345,16,104,57,477,397
3,4,32,2,1,6,4,10,7,6,1,0,2,4,2,20,2,1,27,7,8,4,5,2,16,0,5,0,2,4,13,4,1,0,17,38,1,6,15,0,5,7,23,16,6,0,0,3,1,1,532,1170,459,907,62,290,188,53,46,80,748,78,149,137,12685,8278,628,74,243,144,405,2350,40,172,629,484,38,322,24347,209,705,933,63233,1251,1141,677,261,213,1594,81,185,44,154,450,331,63,1037,7208,32993,1555
13,17,12,26,10,17,11,15,23,27,2,5,3,24,13,116,3,1,32,14,17,14,5,10,18,1,3,0,7,16,19,1,2,0,79,90,2,6,80,0,11,28,102,5,10,0,1,29,4,7,103,63,381,22,25,29,951,675,657,324,978,83,261,344,3060,10890,7852,442,1524,985,324,590,54,264,2150,563,41,29,335,2408,225,899,1251,15041,1595,276,397,229,6913,252,325,18,206,17,66,151,134,259,1391,749
1,0,0,7,1,0,1,50,125,6,2,21,19,5,6,15,2,0,27,240,4,13,99,10,467,49,491,3,0,3,12,34,91,13,4,33,3,310,7,21,0,2,29,614,426,4,50,4,0,6,159,50,212,15,17,65,700,959,505,833,150,31,269,211,2426,1478,869,106,629,5025,97,1511,180,1416,443,10538,813,90,448,505,4620,12130,1141,1595,17758,1460,75,137,592,3731,39,109,2483,38,1558,37,295,88,374,180
0,0,1,0,0,0,0,2,13,1,0,0,0,0,0,1,1,0,2,5,1,17,13,7,13,52,75,111,1,0,1,104,6,375,0,1,1,30,1,657,1,1,1,482,42,59,212,3,0,0,73,31,75,8,4,26,56,75,44,129,100,7,48,30,815,350,174,9,123,141,50,2405,93,198,137,9348,414,9546,308,103,9142,1245,677,276,1460,26470,65,49,169,407,40,3831,6610,4417,6323,34,159,104,242,123
5,28,7,21,14,37,15,435,756,252,28,102,56,34,23,151,74,14,456,75,267,45,13,187,70,3,29,2,17,53,175,6,19,0,134,706,57,10,401,6,47,66,272,35,19,0,6,45,12,42,69,47,83,10,106,45,316,784,265,7980,504,63,118,174,268,198,846,383,3046,345,575,227,6964,1374,614,94,1468,402,92,293,36,146,261,397,75,65,3709,4033,378,58,4025,1543,347,12,43,1142,105,95,319,331
37,120,63,131,74,93,66,54,29,122,12,18,1,67,42,447,15,4,117,11,64,49,1,13,18,4,22,0,27,47,51,1,2,0,427,338,18,11,260,1,39,72,277,17,11,0,1,124,7,31,1199,1000,3127,676,4315,6391,17,23,30,166,567,26,29,10,1496,127,4993,26,4964,85,147,261,1774,609,165,120,471,22,162,87,24,72,213,229,137,49,4033,16704,122,119,9494,174,314,9,26,5354,268,117,497,138
2,4,0,2,2,2,0,11,8,24,3,2,0,5,7,31,1,0,18,3,9,10,1,1,6,0,4,0,3,8,9,1,0,0,17,48,6,1,33,0,9,17,47,4,0,0,0,4,1,1,19,19,24,9,5,8,198,82,83,66,831,94,405,224,808,5012,332,187,253,111,1284,591,24,103,5685,201,16,37,283,783,228,791,1594,6913,592,169,378,122,23329,41,198,11,51,14,88,27,47,198,3749,9540
0,1,1,1,0,0,0,9,38,3,1,7,4,3,5,9,0,0,10,54,2,12,33,4,119,37,335,1,0,0,5,35,28,15,2,21,0,131,1,17,0,0,12,350,161,2,29,0,0,4,24,26,84,5,13,22,53,133,52,589,46,5,53,26,326,168,472,7,490,2688,14,1289,231,991,19,4709,310,33,34,60,403,1543,81,252,3731,407,58,119,41,5874,34,65,5976,17,643,14,33,14,49,23
9,31,13,29,14,15,7,7,8,24,3,2,0,22,17,128,2,0,26,3,21,21,1,4,9,0,9,1,13,18,15,1,1,2,102,107,8,3,81,1,13,19,81,22,7,0,0,27,8,7,161,132,132,1138,1503,1978,6,3,42,40,487,12,8,1,356,157,774,11,775,18,93,165,759,711,156,92,1317,171,92,184,28,35,185,325,39,40,4025,9494,198,34,15570,1179,420,7,34,8354,173,84,312,196
0,0,2,0,0,1,0,0,7,1,0,4,0,0,1,2,0,0,3,3,2,43,56,6,13,114,175,560,2,0,1,232,17,1029,2,6,6,40,20,2354,2,1,9,1044,41,122,407,7,0,0,5,3,8,4,56,4,5,15,4,110,13,1,11,6,46,24,29,9,104,11,11,1060,475,1493,15,527,7762,16152,50,11,581,146,44,18,109,3831,1543,174,11,65,1179,47559,14119,1122,1196,615,39,33,27,8
0,1,1,1,0,3,0,13,56,12,4,22,4,7,4,10,1,0,14,110,1,60,188,20,203,339,1212,48,0,2,9,383,95,353,3,19,5,369,10,469,0,9,35,2195,408,29,272,8,0,5,39,20,63,4,48,19,43,77,48,864,64,11,111,29,266,135,305,26,529,1073,38,4910,887,5082,34,11532,10375,1226,52,56,2612,2392,154,206,2483,6610,347,314,51,5976,420,14119,34631,316,3715,260,76,28,104,47
1,0,1,0,0,0,1,1,1,0,0,0,0,0,1,1,0,0,0,0,0,4,2,0,0,0,2,2,0,0,0,5,1,7,1,0,0,1,0,14,0,0,0,18,1,1,4,0,0,1,26,49,13,41,4,11,7,11,3,16,65,3,13,1,75,28,13,5,11,11,20,8458,4,20,11,91,38,15428,1495,2,250,174,450,17,38,4417,12,9,14,17,7,1122,316,16620,10961,3,14,775,139,27
0,0,0,0,0,0,0,3,2,0,0,1,0,1,1,1,0,0,2,6,0,11,18,2,17,42,63,11,0,0,0,63,4,84,0,2,1,20,2,116,0,2,1,266,18,4,51,0,0,0,12,10,16,6,3,2,50,49,39,117,71,11,165,51,218,173,42,34,43,81,58,9013,60,267,77,1663,635,1592,135,59,6405,6345,331,66,1558,6323,43,26,88,643,34,1196,3715,10961,23303,22,33,50,136,88
34,111,56,109,41,84,105,0,1,6,1,1,0,5,19,192,1,0,6,1,0,6,2,2,4,2,6,0,3,3,4,1,2,1,340,43,3,2,61,2,0,4,41,12,7,0,0,130,4,1,408,446,286,887,5090,877,2,2,2,22,133,2,1,1,442,81,1051,0,106,2,7,81,147,330,4,47,772,80,120,16,27,16,63,151,37,34,1142,5354,27,14,8354,615,260,3,22,5782,590,25,103,29
3,6,33,7,4,10,5,0,3,3,0,1,0,5,3,16,0,0,2,1,1,1,1,1,3,3,0,0,0,3,1,0,0,0,13,8,0,0,19,1,3,4,14,3,3,0,0,7,1,1,9189,857,341,706,2778,203,54,12,5,5,46,0,3,17,10738,248,331,4,38,32,9,86,23,52,12,173,78,30,15780,15,131,104,1037,134,295,159,105,268,47,33,173,39,76,14,33,590,37720,71,73,20
0,1,16,3,3,2,0,0,1,1,1,0,0,1,2,5,1,0,5,1,3,0,0,1,1,0,0,0,1,1,3,0,0,0,8,13,0,0,8,0,1,1,5,1,0,0,0,3,0,0,168,604,266,376,46,195,23,5,18,19,19703,67,94,9,748,448,368,12,154,25,161,3385,11,23,131,52,10,263,16221,37,48,57,7208,259,88,104,95,117,198,14,84,33,28,775,50,25,71,41017,7930,369
1,6,10,2,6,2,3,17,18,13,4,3,0,7,3,25,4,2,26,2,7,5,2,3,10,0,1,1,3,2,9,0,2,2,20,41,1,1,25,1,6,14,31,8,0,0,0,5,0,3,225,1061,647,357,103,449,104,50,74,122,24531,423,355,89,2358,5051,1258,93,614,103,1819,3145,63,102,1648,148,20,99,1826,294,252,477,32993,1391,374,242,319,497,3749,49,312,27,104,139,136,103,73,7930,40899,14015
0,3,0,1,2,1,1,15,5,19,4,4,2,6,4,16,2,0,24,1,7,5,2,3,1,0,1,0,3,2,4,0,0,0,5,38,2,0,15,0,5,8,20,4,4,0,0,2,0,4,16,30,56,12,10,21,40,36,38,67,7142,261,347,86,503,3381,279,92,265,46,6525,640,53,80,3519,60,13,40,243,274,122,397,1555,749,180,123,331,138,9540,23,196,8,47,27,88,29,20,369,14015,12926
