16046,8132,8004,3247,12384,1956,1222,9,7,57,2,2,2,10563,501,190,1,2,2,19,4,278,5,1,3,4,3,5,388,592,17,18,6,2,127,17,62,1,72,0,286,180,146,5,10,6,10,63,1004,14,0,1,3,3,3,26,1,0,0,0,2,0,0,0,8,3,5,0,3,3,0,2,1,0,0,0,0,0,2,0,0,0,3,0,0,1,2,19,3,1,7,0,2,0,0,1,1,1,2,1
8132,35400,5028,19250,1356,507,1122,19,5,242,9,11,14,5991,3446,322,6,2,6,20,13,1037,5,6,9,6,2,11,402,981,20,39,21,5,214,30,112,1,115,0,884,920,212,11,31,6,24,194,271,115,4,14,30,2,52,70,1,1,0,0,6,1,0,0,24,12,10,0,0,1,1,2,0,1,1,0,1,0,3,0,0,0,9,0,1,0,4,45,5,0,21,0,1,0,0,26,5,1,10,2
8004,5028,28228,7873,3023,6145,6924,7,3,99,5,7,5,365,173,57,2,2,3,18,4,342,0,3,5,3,1,5,128,275,8,12,4,7,112,7,62,0,53,0,267,296,55,4,8,1,8,310,73,29,36,691,25,633,75,184,0,0,0,0,6,0,0,0,27,11,11,0,0,0,0,7,0,0,0,1,0,0,6,0,0,0,14,0,1,0,3,55,4,2,10,0,0,0,1,21,5,2,5,2
3247,19250,7873,35227,1408,2618,13698,124,54,673,39,30,41,6295,11548,5327,7,24,32,211,49,1071,27,32,52,35,13,12,396,1140,319,93,57,49,1029,159,340,14,496,6,896,1128,2163,28,167,6,46,695,375,234,9,39,82,12,113,301,3,1,0,1,22,3,1,0,76,46,42,0,13,7,2,6,1,2,7,3,3,0,17,3,1,2,27,1,4,0,15,155,28,2,41,0,2,1,0,69,11,2,12,9
12384,1356,3023,1408,19470,19540,1886,9,1,28,3,1,3,5527,349,156,0,1,3,10,5,80,3,1,4,3,2,0,240,301,12,5,2,1,213,11,46,1,105,0,112,59,155,4,2,6,3,463,3389,16,5,5,14,2,12,40,0,0,0,0,2,0,0,0,21,17,16,0,3,1,0,4,0,0,1,0,0,0,4,0,0,0,12,0,0,0,1,41,11,0,11,0,0,0,0,7,3,1,1,1
1956,507,6145,2618,19540,16209,19435,2,5,55,7,2,0,336,387,118,2,0,2,8,6,74,4,14,4,1,7,2,70,59,8,9,1,6,873,18,70,6,1019,17,48,37,65,23,9,0,6,5385,2387,12,9,54,44,26,145,384,0,0,0,0,3,0,0,0,35,8,15,0,2,0,0,0,0,0,0,0,1,0,5,1,0,1,6,0,1,0,5,87,5,0,15,1,3,0,0,86,3,1,1,2
1222,1122,6924,13698,1886,19435,22312,106,64,526,63,42,23,904,869,5436,15,17,80,159,90,471,21,87,32,18,14,0,107,298,727,39,41,20,2872,308,435,22,1197,6,300,388,1486,32,50,2,33,2206,145,128,12,46,73,19,136,733,1,1,1,6,22,2,1,0,77,45,61,0,5,1,1,3,3,1,7,2,1,0,5,6,0,2,32,0,4,0,21,208,28,1,46,1,4,0,1,78,5,5,14,4
9,19,7,124,9,2,106,40239,7904,197,761,1753,8468,312,550,1925,4743,5088,4604,5738,791,1863,442,448,494,95,89,17,24,97,2255,196,1404,84,125,405,1995,107,159,8,38,98,1801,118,667,37,225,16,8,57,0,0,3,0,0,1,61,138,5,313,7,6,10,30,2,1,7,2,31,179,3,9,21,18,2,3,11,0,0,5,2,84,2,0,19,1,121,3,7,8,1,0,3,0,2,0,0,0,1,0
7,5,3,54,1,5,64,7904,41384,231,808,2311,2676,92,117,597,1263,427,4997,4668,703,2116,682,9477,4706,110,2166,36,17,40,298,239,1346,100,257,1476,8427,146,287,101,25,66,486,658,371,41,370,38,5,63,0,0,1,0,0,4,71,133,10,816,4,10,11,30,5,9,4,4,254,188,7,17,31,32,7,9,23,0,0,3,2,89,4,0,35,3,252,6,7,21,4,2,12,1,3,0,1,0,4,1
57,242,99,673,28,55,526,197,231,29487,2810,2951,205,487,672,851,131,26,167,165,3239,5523,1032,102,88,58,72,29,316,374,192,406,1010,86,588,513,883,83,696,17,17651,12792,3094,189,96,127,892,166,18,7344,2,6,17,0,5,6,0,3,3,6,24,6,0,0,17,23,24,0,22,4,8,6,2,2,15,4,3,0,15,5,2,7,15,4,3,1,30,47,30,4,22,0,3,1,1,1,3,5,11,10
2,9,5,39,3,7,63,761,808,2810,3819,8277,385,51,82,481,100,16,497,212,1476,3890,1670,142,72,18,32,9,26,35,101,62,449,13,142,397,320,15,200,10,75,150,406,56,33,48,208,18,2,158,0,0,3,0,1,1,0,2,0,18,10,2,0,0,5,4,2,0,19,5,2,2,1,2,0,3,3,0,1,1,1,6,1,0,0,0,14,5,2,2,3,0,1,0,0,0,0,0,4,4
2,11,7,30,1,2,42,1753,2311,2951,8277,23637,13465,79,112,230,2723,546,460,1467,6684,3098,3858,363,1058,53,331,14,44,92,330,472,8462,61,147,386,791,92,182,13,98,390,1048,134,221,66,608,16,1,412,0,0,1,0,0,0,3,7,1,28,3,3,5,2,4,4,1,0,28,45,2,8,0,21,1,4,13,0,0,4,1,60,2,0,25,3,22,2,5,22,1,2,10,0,2,0,1,0,2,2
2,14,5,41,3,0,23,8468,2676,205,385,13465,23458,188,307,260,6976,1315,351,2291,1007,398,302,72,666,67,160,8,11,91,798,473,4014,56,58,159,748,24,53,8,27,127,1216,46,501,16,143,11,4,177,0,0,0,0,1,0,23,24,2,73,0,1,9,14,2,2,1,2,23,132,0,5,2,19,0,6,25,0,1,0,0,87,1,1,15,0,24,3,0,15,0,0,1,0,0,0,0,0,2,1
10563,5991,365,6295,5527,336,904,312,92,487,51,79,188,55011,12899,1074,72,66,83,482,111,851,64,52,154,148,53,65,4280,32414,294,662,311,202,1009,316,843,55,959,22,1675,2962,2670,95,577,37,430,353,16910,3323,7,15,43,4,24,56,0,4,2,4,34,1,1,0,70,47,53,0,35,14,4,14,1,8,8,3,2,1,16,4,1,5,28,2,6,3,21,133,61,2,58,0,5,0,0,14,7,9,24,18
501,3446,173,11548,349,387,869,550,117,672,82,112,307,12899,32423,2189,95,180,135,696,281,557,90,38,192,151,72,30,299,1759,979,558,471,167,771,294,543,45,515,12,624,1951,17351,71,681,13,247,248,199,6695,2,11,30,3,16,40,1,1,0,5,6,1,0,0,26,26,23,0,10,12,5,8,3,5,3,1,5,0,9,0,0,8,16,0,9,1,22,64,24,7,16,0,3,0,1,12,3,3,10,3
190,322,57,5327,156,118,5436,1925,597,851,481,230,260,1074,2189,35637,280,1215,5734,1002,453,538,80,90,131,60,40,14,83,261,17312,113,224,51,3747,3543,527,40,527,4,222,320,9245,54,292,5,72,136,54,163,0,3,9,1,9,21,4,3,2,6,14,2,0,1,14,27,17,1,19,14,7,7,2,2,4,1,3,0,7,0,1,11,8,0,5,2,25,40,25,2,13,0,1,0,0,9,2,6,10,6
1,6,2,7,0,2,15,4743,1263,131,100,2723,6976,72,95,280,9659,2107,496,178,6167,98,113,98,40,11,7,2,2,23,971,134,978,17,48,156,159,12,47,1,7,49,854,19,74,5,83,3,1,73,0,0,0,0,0,0,0,0,0,14,2,0,1,0,0,1,0,0,1,2,1,4,1,0,2,0,0,0,1,0,0,2,2,0,1,0,7,2,1,1,0,0,0,0,0,0,0,0,0,1
2,2,2,24,1,0,17,5088,427,26,16,546,1315,66,180,1215,2107,3329,2674,211,426,39,42,20,49,9,15,0,3,18,2309,138,445,10,27,79,63,6,14,1,7,30,710,8,236,0,45,3,0,37,0,1,0,0,0,1,0,0,0,6,0,1,0,0,0,0,0,0,2,2,0,2,1,1,0,1,1,0,1,0,0,1,0,0,4,0,3,3,0,2,0,0,0,0,0,0,0,0,1,0
2,6,3,32,3,2,80,4604,4997,167,497,460,351,83,135,5734,496,2674,11753,1894,685,460,130,653,385,28,57,4,2,33,3073,81,276,21,294,2621,982,56,135,9,25,47,792,55,165,9,51,7,3,48,0,1,7,0,0,4,8,2,3,26,17,3,1,4,0,6,5,2,70,16,3,8,2,4,6,0,4,0,4,3,3,11,7,0,3,1,59,12,14,2,0,0,3,0,1,0,0,0,12,8
19,20,18,211,10,8,159,5738,4668,165,212,1467,2291,482,696,1002,178,211,1894,27594,223,902,934,280,4011,621,871,29,32,222,988,1083,4557,277,283,849,1277,2689,241,41,62,159,2215,1127,7667,41,540,51,15,217,0,1,0,0,1,1,65,69,3,149,3,6,24,24,11,16,11,2,65,345,4,47,5,161,11,17,77,0,2,11,11,240,5,0,171,11,47,4,11,81,2,5,37,1,5,0,0,1,4,2
4,13,4,49,5,6,90,791,703,3239,1476,6684,1007,111,281,453,6167,426,685,223,14971,602,562,279,125,54,53,16,42,162,1294,482,1451,57,240,577,952,34,322,13,232,766,8871,68,151,31,571,23,1,2814,0,1,0,0,2,1,2,1,4,7,13,4,0,0,3,3,8,0,18,4,4,4,0,1,5,1,0,0,3,0,3,5,5,0,2,1,24,9,9,2,2,0,4,0,0,2,0,1,8,4
278,1037,342,1071,80,74,471,1863,2116,5523,3890,3098,398,851,557,538,98,39,460,902,602,15998,5295,210,625,370,373,2481,5012,1073,160,451,571,712,356,410,602,277,427,252,18757,1575,1037,1099,192,7502,2299,107,46,465,0,0,12,0,3,16,10,8,0,22,15,4,0,1,17,16,13,0,37,43,1,9,1,17,7,16,21,0,5,1,8,24,12,0,23,8,28,45,20,13,10,9,20,1,1,4,1,2,10,7
5,5,0,27,3,4,21,442,682,1032,1670,3858,302,64,90,80,113,42,130,934,562,5295,8012,134,1336,502,637,143,210,83,76,646,4978,305,58,147,184,750,106,91,109,278,313,1578,646,2286,6758,35,2,190,0,0,2,0,1,0,0,2,0,5,3,0,2,2,1,7,2,0,9,19,0,6,0,16,0,16,33,1,0,3,7,29,2,1,40,6,4,2,2,29,1,7,31,1,5,0,0,0,0,0
1,6,3,32,1,14,87,448,9477,102,142,363,72,52,38,90,98,20,653,280,279,210,134,7352,729,47,991,14,6,22,57,117,241,47,424,4573,5529,83,4827,168,15,33,186,564,122,11,91,135,14,40,1,1,1,0,1,1,4,10,3,63,4,3,1,0,2,1,0,0,73,9,2,3,1,0,2,0,4,0,0,0,0,4,0,0,2,2,39,1,6,1,1,1,3,0,0,1,0,0,2,1
3,9,5,52,4,4,32,494,4706,88,72,1058,666,154,192,131,40,49,385,4011,125,625,1336,729,5774,341,6476,27,20,85,141,994,3521,232,126,500,542,670,292,218,28,129,506,2383,1662,43,695,75,7,133,0,1,1,0,1,2,18,11,2,35,2,4,16,7,10,12,8,0,39,145,2,34,4,100,2,38,65,2,2,8,10,133,4,2,192,8,14,1,12,105,0,5,59,1,8,1,0,0,2,1
4,6,3,35,3,1,18,95,110,58,18,53,67,148,151,60,11,9,28,621,54,370,502,47,341,19383,658,110,32,66,93,9419,295,6310,22,43,77,5815,90,282,29,68,406,9293,3457,72,2053,39,2,44,0,0,0,0,1,0,1,0,1,2,0,0,2,1,2,1,3,0,3,5,0,12,0,11,0,104,92,1,0,2,52,6,0,1,23,45,0,2,1,50,0,73,126,2,29,1,0,0,3,0
3,2,1,13,2,7,14,89,2166,72,32,331,160,53,72,40,7,15,57,871,53,373,637,991,6476,658,18046,547,18,49,37,1053,1067,974,98,163,2309,658,1221,7776,15,43,187,14261,1025,45,760,332,16,44,0,0,1,0,0,0,0,1,1,13,1,4,3,0,2,9,4,0,8,72,2,20,2,180,5,44,369,2,0,4,23,59,4,0,71,24,2,0,8,74,2,68,87,0,17,2,0,0,1,3
5,11,5,12,0,2,0,17,36,29,9,14,8,65,30,14,2,0,4,29,16,2481,143,14,27,110,547,65780,2005,142,5,153,43,11056,8,6,224,33,107,11593,379,51,43,739,60,23687,7996,30,6,24,0,0,0,0,0,0,0,0,0,0,0,0,0,0,0,0,0,0,0,1,0,0,0,0,0,5,13,215,1,0,4,0,0,0,1,20,1,1,0,2,1,103,8,2,2,0,0,0,0,1
388,402,128,396,240,70,107,24,17,316,26,44,11,4280,299,83,2,3,2,32,42,5012,210,6,20,32,18,2005,103684,8827,13,95,49,171,70,33,115,26,107,59,27852,1012,297,86,37,2154,404,44,7694,211,0,1,1,0,1,8,0,0,0,0,5,0,0,0,5,12,8,0,4,1,0,0,0,2,2,2,0,0,1,0,0,1,3,1,1,1,3,12,7,1,3,0,1,0,0,0,0,0,2,0
592,981,275,1140,301,59,298,97,40,374,35,92,91,32414,1759,261,23,18,33,222,162,1073,83,22,85,66,49,142,8827,41492,64,528,301,120,289,192,551,27,388,11,6903,10087,1476,51,251,105,435,101,2438,2690,1,6,6,0,2,14,0,2,0,1,21,4,1,1,26,20,27,0,22,5,3,7,1,1,4,0,0,1,8,3,0,9,23,0,2,1,15,53,27,0,12,1,2,0,1,3,4,0,16,7
17,20,8,319,12,8,727,2255,298,192,101,330,798,294,979,17312,971,2309,3073,988,1294,160,76,57,141,93,37,5,13,64,17589,341,602,87,728,830,324,45,272,12,56,132,20975,45,589,6,114,55,17,171,1,3,5,3,1,6,3,1,0,5,7,0,0,0,2,10,10,0,5,13,0,1,0,2,2,0,1,0,1,1,2,9,6,0,7,3,10,15,6,8,9,1,3,0,2,0,0,1,8,2
18,39,12,93,5,9,39,196,239,406,62,472,473,662,558,113,134,138,81,1083,482,451,646,117,994,9419,1053,153,95,528,341,33354,6571,7210,67,84,126,1566,144,419,166,706,1706,4923,9543,160,13101,57,10,670,0,0,2,0,0,0,2,1,0,6,4,1,3,1,1,4,1,1,5,7,0,13,0,19,0,135,123,6,0,1,68,17,1,0,44,108,0,3,4,62,2,191,206,3,27,0,0,0,0,1
6,21,4,57,2,1,41,1404,1346,1010,449,8462,4014,311,471,224,978,445,276,4557,1451,571,4978,241,3521,295,1067,43,49,301,602,6571,17534,257,74,247,376,1051,223,41,156,711,2019,1027,4707,105,2584,42,8,874,0,0,2,0,0,3,14,6,4,18,3,2,8,1,7,5,8,0,16,98,2,12,3,77,3,24,54,0,1,6,8,94,7,1,110,4,8,3,7,83,1,3,35,0,7,0,1,0,4,3
2,5,7,49,1,6,20,84,100,86,13,61,56,202,167,51,17,10,21,277,57,712,305,47,232,6310,974,11056,171,120,87,7210,257,32056,26,37,131,745,143,15878,56,118,407,8881,830,2079,18635,72,6,98,0,0,2,0,1,0,0,0,0,0,0,0,0,0,1,0,2,0,2,1,0,6,0,7,0,43,57,14,0,0,20,5,1,0,12,115,3,0,1,15,0,369,76,4,9,2,0,0,0,0
127,214,112,1029,213,873,2872,125,257,588,142,147,58,1009,771,3747,48,27,294,283,240,356,58,424,126,22,98,8,70,289,728,67,74,26,7578,6636,1231,44,11522,27,215,257,2257,76,93,8,39,5177,252,158,14,45,72,16,61,166,4,3,0,5,49,2,0,1,88,94,77,0,24,6,8,16,5,6,5,1,2,0,16,1,1,6,31,2,8,2,35,219,70,2,79,0,3,0,1,54,10,6,37,9
17,30,7,159,11,18,308,405,1476,513,397,386,159,316,294,3543,156,79,2621,849,577,410,147,4573,500,43,163,6,33,192,830,84,247,37,6636,12436,3050,75,6189,51,105,199,1520,165,122,10,55,130,15,161,0,1,10,0,5,17,6,9,1,27,49,7,1,1,17,11,32,1,56,25,7,11,1,6,13,1,0,1,8,2,2,14,23,0,6,3,79,47,36,4,10,0,1,1,1,3,1,2,25,14
62,112,62,340,46,70,435,1995,8427,883,320,791,748,843,543,527,159,63,982,1277,952,602,184,5529,542,77,2309,224,115,551,324,126,376,131,1231,3050,2470,68,7333,1403,316,520,2515,669,129,20,109,1262,91,538,4,16,41,6,33,71,59,129,51,668,98,31,12,33,91,91,112,10,234,110,61,40,50,17,33,6,8,1,40,8,5,41,75,9,8,13,752,331,149,8,127,10,6,1,3,23,9,20,74,62
1,1,0,14,1,6,22,107,146,83,15,92,24,55,45,40,12,6,56,2689,34,277,750,83,670,5815,658,33,26,27,45,1566,1051,745,44,75,68,9017,139,96,18,46,147,6947,4628,53,919,55,5,32,0,0,0,0,0,0,1,1,0,1,1,1,3,1,1,6,0,0,4,9,2,12,0,24,0,47,32,0,0,1,13,28,0,0,104,10,1,0,3,73,0,6,61,0,10,0,0,0,1,1
72,115,53,496,105,1019,1197,159,287,696,200,182,53,959,515,527,47,14,135,241,322,427,106,4827,292,90,1221,107,107,388,272,144,223,143,11522,6189,7333,139,28754,1057,206,306,1781,829,154,9,127,10584,258,251,5,22,47,6,19,59,3,2,0,6,36,5,0,1,64,55,65,1,27,8,3,15,3,2,20,1,9,0,22,2,3,5,34,3,4,0,44,136,53,3,43,8,6,1,1,15,9,9,36,15
0,0,0,6,0,17,6,8,101,17,10,13,8,22,12,4,1,1,9,41,13,252,91,168,218,282,7776,11593,59,11,12,419,41,15878,27,51,1403,96,1057,35638,17,19,63,12409,84,818,1800,355,14,8,0,0,1,0,0,1,0,0,0,1,0,0,1,0,0,1,0,0,2,1,0,1,1,2,0,46,111,69,0,0,30,1,0,0,4,204,5,0,0,8,1,1192,112,4,25,1,0,0,0,0
286,884,267,896,112,48,300,38,25,17651,75,98,27,1675,624,222,7,7,25,62,232,18757,109,15,28,29,15,379,27852,6903,56,166,156,56,215,105,316,18,206,17,51261,14718,1036,60,56,414,316,72,144,971,0,1,7,1,2,6,0,0,0,0,8,3,0,0,5,11,9,0,9,2,2,3,0,0,0,0,2,0,4,1,2,2,7,0,3,0,13,24,8,1,7,0,2,0,0,5,1,0,16,1
180,920,296,1128,59,37,388,98,66,12792,150,390,127,2962,1951,320,49,30,47,159,766,1575,278,33,129,68,43,51,1012,10087,132,706,711,118,257,199,520,46,306,19,14718,18441,4819,107,227,67,698,74,82,10330,1,3,3,1,8,14,0,0,1,3,17,2,0,2,6,9,14,0,12,2,2,4,2,7,6,0,5,0,2,2,1,8,13,0,4,2,14,29,27,1,10,1,4,0,1,1,1,1,18,4
146,212,55,2163,155,65,1486,1801,486,3094,406,1048,1216,2670,17351,9245,854,710,792,2215,8871,1037,313,186,506,406,187,43,297,1476,20975,1706,2019,407,2257,1520,2515,147,1781,63,1036,4819,58661,227,1952,26,882,369,85,11218,2,7,29,4,10,32,10,2,3,10,62,7,4,3,42,31,70,1,53,25,9,25,1,11,18,7,15,0,18,7,0,33,33,2,20,4,65,93,58,16,35,0,9,1,7,10,4,3,42,13
5,11,4,28,4,23,32,118,658,189,56,134,46,95,71,54,19,8,55,1127,68,1099,1578,564,2383,9293,14261,739,86,51,45,4923,1027,8881,76,165,669,6947,829,12409,60,107,227,41162,1317,297,3960,324,14,57,0,2,2,1,1,2,0,3,0,2,4,1,0,1,2,7,3,0,3,5,0,22,0,19,0,287,264,19,0,2,165,16,2,0,91,236,2,1,3,91,1,464,387,9,93,3,0,0,0,1
10,31,8,167,2,9,50,667,371,96,33,221,501,577,681,292,74,236,165,7667,151,192,646,122,1662,3457,1025,60,37,251,589,9543,4707,830,93,122,129,4628,154,84,56,227,1952,1317,10458,30,1111,53,9,197,0,3,1,0,2,2,3,2,0,8,3,2,4,2,6,11,6,0,7,50,4,44,1,80,1,50,71,1,2,4,29,91,2,1,263,26,2,1,8,139,0,5,94,1,29,1,2,0,2,4
6,6,1,6,6,0,2,37,41,127,48,66,16,37,13,5,5,0,9,41,31,7502,2286,11,43,72,45,23687,2154,105,6,160,105,2079,8,10,20,53,9,818,414,67,26,297,30,14676,8337,2,7,14,0,0,0,0,0,0,0,0,0,0,0,0,0,0,0,0,0,0,0,0,1,0,0,0,0,3,2,0,0,0,1,3,0,0,2,2,0,0,0,2,0,7,4,0,1,0,0,0,0,0
10,24,8,46,3,6,33,225,370,892,208,608,143,430,247,72,83,45,51,540,571,2299,6758,91,695,2053,760,7996,404,435,114,13101,2584,18635,39,55,109,919,127,1800,316,698,882,3960,1111,8337,37336,46,9,547,0,0,0,0,0,1,0,0,0,1,2,0,0,0,2,1,1,0,1,5,0,7,1,8,0,73,104,7,0,0,37,11,0,0,25,77,3,0,3,31,1,235,103,2,20,1,0,0,1,0
63,194,310,695,463,5385,2206,16,38,166,18,16,11,353,248,136,3,3,7,51,23,107,35,135,75,39,332,30,44,101,55,57,42,72,5177,130,1262,55,10584,355,72,74,369,324,53,2,46,10279,946,29,13,83,52,27,224,261,0,1,0,1,14,0,0,0,59,15,33,0,5,1,1,5,3,0,3,0,5,0,8,1,0,0,14,2,2,0,14,153,18,0,44,2,2,0,0,135,9,1,7,2
1004,271,73,375,3389,2387,145,8,5,18,2,1,4,16910,199,54,1,0,3,15,1,46,2,14,7,2,16,6,7694,2438,17,10,8,6,252,15,91,5,258,14,144,82,85,14,9,7,9,946,13983,10,0,0,3,0,3,6,0,0,0,0,3,1,0,2,5,9,3,0,1,0,0,1,0,0,1,0,0,0,0,0,0,0,3,0,0,0,1,5,4,1,1,0,1,0,0,0,0,0,4,0
14,115,29,234,16,12,128,57,63,7344,158,412,177,3323,6695,163,73,37,48,217,2814,465,190,40,133,44,44,24,211,2690,171,670,874,98,158,161,538,32,251,8,971,10330,11218,57,197,14,547,29,10,16814,0,0,2,0,1,3,0,3,1,1,16,6,1,1,6,8,13,0,8,3,1,1,0,1,3,2,0,0,1,4,0,3,9,1,3,2,21,10,9,4,4,0,2,0,2,0,2,0,10,3
0,4,36,9,5,9,12,0,0,2,0,0,0,7,2,0,0,0,0,0,0,0,0,1,0,0,0,0,0,1,1,0,0,0,14,0,4,0,5,0,0,1,2,0,0,0,0,13,0,0,23314,11869,1966,6749,8672,2160,2,3,1,8,53,2,1,1,9845,63,63,0,8,6,7,143,2,7,4,6,1,14,981,3,7,2,448,0,8,13,47,76,18,16,42,2,4,21,4,69,6806,110,115,10
1,14,691,39,5,54,46,0,0,6,0,0,0,15,11,3,0,1,1,1,1,0,0,1,1,0,0,0,1,6,3,0,0,0,45,1,16,0,22,0,1,3,7,2,3,0,0,83,0,0,11869,77049,10659,17115,4788,8740,8,7,3,14,531,4,2,1,13806,151,160,5,33,10,17,885,8,16,21,8,8,23,1598,4,11,7,2029,4,24,29,83,198,67,17,79,2,29,43,11,281,1302,524,1018,87
3,30,25,82,14,44,73,3,1,17,3,1,0,43,30,9,0,0,7,0,0,12,2,1,1,0,1,0,1,6,5,2,2,2,72,10,41,0,47,1,7,3,29,2,1,0,0,52,3,2,1966,10659,33921,1357,1148,7260,67,120,75,90,676,41,16,15,15591,5967,4421,33,242,145,91,333,34,69,138,73,44,6,649,114,53,97,1043,118,136,106,246,633,562,199,251,7,156,12,32,373,702,241,824,155
3,2,633,12,2,26,19,0,0,0,0,0,0,4,3,1,0,0,0,0,0,0,0,0,0,0,0,0,0,0,3,0,0,0,16,0,6,0,6,0,1,1,4,1,0,0,0,27,0,0,6749,17115,1357,32749,15809,24652,1,3,2,2,89,2,1,1,506,25,32,0,10,2,3,158,4,3,3,4,0,3,262,2,4,2,352,1,3,6,22,75,8,2,28,0,6,9,2,153,237,93,157,8
3,52,75,113,12,145,136,0,0,5,1,0,1,24,16,9,0,0,0,1,2,3,1,1,1,1,0,0,1,2,1,0,0,1,61,5,33,0,19,0,2,8,10,1,2,0,0,224,3,1,8672,4788,1148,15809,27028,12639,1,3,1,12,58,5,1,1,1540,85,120,1,32,11,10,54,74,46,19,7,38,3,119,2,6,6,187,1,8,9,276,2571,60,20,970,27,42,4,2,5025,3183,33,77,23
26,70,184,301,40,384,733,1,4,6,1,0,0,56,40,21,0,1,4,1,1,16,0,1,2,0,0,0,8,14,6,0,3,0,166,17,71,0,59,1,6,14,32,2,2,0,1,261,6,3,2160,8740,7260,24652,12639,34704,22,23,14,95,436,27,9,7,2250,520,2261,12,213,78,72,230,120,85,80,17,43,4,260,22,19,60,480,18,37,22,388,4459,398,55,729,11,96,5,10,1476,300,149,440,125
1,1,0,3,0,0,1,61,71,0,0,3,23,0,1,4,0,0,8,65,2,10,0,4,18,1,0,0,0,0,3,2,14,0,4,6,59,1,3,0,0,0,10,0,3,0,0,0,0,0,2,8,67,1,1,22,3668,8832,521,1032,29,106,182,2880,220,383,333,1124,240,2065,89,158,72,68,173,44,314,1,10,826,31,2491,64,58,209,26,396,22,201,22,21,3,22,3,19,9,6,3,41,27
0,1,0,1,0,0,1,138,133,3,2,7,24,4,1,3,0,0,2,69,1,8,2,10,11,0,1,0,0,2,1,1,6,0,3,9,129,1,2,0,0,0,2,3,2,0,0,1,0,3,3,7,120,3,3,23,8832,27009,5802,4968,123,668,344,1763,273,649,663,4649,1440,5394,511,827,200,90,876,127,148,2,31,3041,128,1374,82,71,499,125,1101,50,311,336,26,6,185,18,98,8,10,5,53,45
0,0,0,0,0,0,1,5,10,3,0,1,2,2,0,2,0,0,3,3,4,0,0,3,2,1,1,0,0,0,0,0,4,0,0,1,51,0,0,0,0,1,3,0,0,0,0,0,0,1,1,3,75,2,1,14,521,5802,6381,2563,171,327,100,192,44,193,496,2214,2249,436,609,264,16,49,439,74,25,2,2,2224,85,242,6,36,254,57,406,22,126,67,15,5,39,5,31,0,3,1,17,29
0,0,0,1,0,0,6,313,816,6,18,28,73,4,5,6,14,6,26,149,7,22,5,63,35,2,13,0,0,1,5,6,18,0,5,27,668,1,6,1,0,3,10,2,8,0,1,1,0,1,8,14,90,2,12,95,1032,4968,2563,35250,276,1057,968,1695,69,185,428,1188,7695,5097,1018,1515,8637,4213,436,99,1466,6,11,318,175,2960,28,27,300,114,8460,474,252,369,170,29,419,24,179,35,8,10,52,93
2,6,6,22,2,3,22,7,4,24,10,3,0,34,6,14,2,0,17,3,13,15,3,4,2,0,1,0,5,21,7,4,3,0,49,49,98,1,36,0,8,17,62,4,3,0,2,14,3,16,53,531,676,89,58,436,29,123,171,276,21981,2206,843,187,711,940,1378,392,1038,41,4417,1843,62,69,982,80,70,17,288,144,153,342,389,69,60,222,888,607,1474,134,454,43,362,190,629,140,50,18872,16818,6865
0,1,0,3,0,0,2,6,10,6,2,3,1,1,1,2,0,1,3,6,4,4,0,3,4,0,4,0,0,4,0,1,2,0,2,7,31,1,5,0,3,2,7,1,2,0,0,0,1,6,2,4,41,2,5,27,106,668,327,1057,2206,4120,4638,710,38,121,279,768,592,210,4065,6419,41,102,267,34,61,8,14,186,81,1013,20,14,40,83,320,95,394,57,61,12,157,186,364,9,2,18,76,271
0,0,0,1,0,0,1,10,11,0,0,5,9,1,0,0,1,0,1,24,0,0,2,1,16,2,3,0,0,1,0,3,8,0,0,1,12,3,0,1,0,0,4,0,4,0,0,0,0,1,1,2,16,1,1,9,182,344,100,968,843,4638,8023,4737,34,128,125,2330,204,622,5165,4894,52,426,405,31,233,4,8,348,134,6192,12,32,76,74,161,28,386,65,14,10,149,146,533,3,1,3,66,189
0,0,0,0,0,0,0,30,30,0,0,2,14,0,0,1,0,0,4,24,0,1,2,0,7,1,0,0,0,1,0,1,1,0,1,1,33,1,1,0,0,2,3,1,2,0,0,0,2,1,1,1,15,1,1,7,2880,1763,192,1695,187,710,4737,10336,77,256,250,6720,211,729,1617,514,79,100,562,30,142,2,13,837,74,5371,29,74,129,31,230,16,353,29,8,4,36,8,88,3,3,8,37,82
8,24,27,76,21,35,77,2,5,17,5,4,2,70,26,14,0,0,0,11,3,17,1,2,10,2,2,0,5,26,2,1,7,1,88,17,91,1,64,0,5,6,42,2,6,0,2,59,5,6,9845,13806,15591,506,1540,2250,220,273,44,69,711,38,34,77,61787,13612,1141,148,251,202,162,552,42,97,221,559,71,73,6417,223,545,354,20613,93,886,779,454,682,1277,248,403,63,309,59,174,383,10581,461,2428,857
3,12,11,46,17,8,45,1,9,23,4,4,2,47,26,27,1,0,6,16,3,16,7,1,12,1,9,0,12,20,10,4,5,0,94,11,91,6,55,1,11,9,31,7,11,0,1,15,9,8,63,151,5967,25,85,520,383,649,193,185,940,121,128,256,13612,44868,7084,393,610,523,531,419,42,267,681,813,161,47,357,1231,1134,836,1834,2593,1321,1134,672,689,15226,560,410,60,559,49,464,328,163,235,3259,8171
5,10,11,42,16,15,61,7,4,24,2,1,1,53,23,17,0,0,5,11,8,13,2,0,8,3,4,0,8,27,10,1,8,2,77,32,112,0,65,0,9,14,70,3,6,0,1,33,3,13,63,160,4421,32,120,2261,333,663,496,428,1378,279,125,250,1141,7084,25804,242,6678,625,564,373,147,227,2314,251,115,15,191,7371,232,632,496,6130,657,250,511,4834,4102,415,468,28,295,12,114,362,78,137,744,526
0,0,0,0,0,0,0,2,4,0,0,0,2,0,0,1,0,0,2,2,0,0,0,0,0,0,0,0,0,0,0,1,0,0,0,1,10,0,1,0,0,0,1,0,0,0,0,0,0,0,0,5,33,0,1,12,1124,4649,2214,1188,392,768,2330,6720,148,393,242,6396,403,92,6191,599,33,34,1292,17,10,0,8,2862,44,1153,60,64,78,32,185,31,489,25,28,2,40,23,137,2,3,3,70,149
3,0,0,13,3,2,5,31,254,22,19,28,23,35,10,19,1,2,70,65,18,37,9,73,39,3,8,0,4,22,5,5,16,2,24,56,234,4,27,2,9,12,53,3,7,0,1,5,1,8,8,33,242,10,32,213,240,1440,2249,7695,1038,592,204,211,251,610,6678,403,19392,1600,1163,578,3257,919,1298,125,334,3,95,1512,175,773,255,351,353,141,2102,4641,1384,435,409,30,429,21,127,74,26,68,353,381
3,1,0,7,1,0,1,179,188,4,5,45,132,14,12,14,2,2,16,345,4,43,19,9,145,5,72,1,1,5,13,7,98,1,6,25,110,9,8,1,2,2,25,5,50,0,5,1,0,3,6,10,145,2,11,78,2065,5394,436,5097,41,210,622,729,202,523,625,92,1600,15810,105,736,175,1360,121,371,1949,9,10,532,205,5972,52,76,2778,236,889,168,375,2739,58,33,903,20,163,35,6,5,63,65
0,1,0,2,0,0,1,3,7,8,2,2,0,4,5,7,1,0,3,4,4,1,0,2,2,0,2,0,0,3,0,0,2,0,8,7,61,2,3,0,2,2,9,0,4,1,0,1,0,1,7,17,91,3,10,72,89,511,609,1018,4417,4065,5165,1617,162,531,564,6191,1163,105,15908,1408,68,92,3659,52,48,8,31,1286,278,1304,90,107,95,189,803,202,2203,128,117,23,217,95,540,18,5,73,773,4541
2,2,7,6,4,0,3,9,17,6,2,8,5,14,8,7,4,2,8,47,4,9,6,3,34,12,20,0,0,7,1,13,12,6,16,11,40,12,15,1,3,4,25,22,44,0,7,5,1,1,143,885,333,158,54,230,158,827,264,1515,1843,6419,4894,514,552,419,373,599,578,736,1408,38796,94,1192,314,456,650,1153,2654,194,773,6101,1101,32,503,1096,361,193,654,904,112,234,2322,7931,6676,44,69,2378,1290,476
1,0,0,1,0,0,3,21,31,2,1,0,2,1,3,2,1,1,2,5,0,1,0,1,4,0,2,0,0,1,0,0,3,0,5,1,50,0,3,1,0,2,1,0,1,0,1,3,0,0,2,8,34,4,74,120,72,200,16,8637,62,41,52,79,42,42,147,33,3257,175,68,94,4962,1209,34,24,417,9,7,14,23,169,19,1,44,26,3620,2917,72,82,1584,116,236,4,36,310,11,8,29,22
0,1,0,2,0,0,1,18,32,2,2,21,19,8,5,2,0,1,4,161,1,17,16,0,100,11,180,0,2,1,2,19,77,7,6,6,17,24,2,2,0,7,11,19,80,0,8,0,0,1,7,16,69,3,46,85,68,90,49,4213,69,102,426,100,97,267,227,34,919,1360,92,1192,1209,13240,77,203,7114,26,15,66,289,2437,79,15,683,255,444,485,258,593,482,544,2439,39,391,231,7,7,96,109
0,1,0,7,1,0,7,2,7,15,0,1,0,8,3,4,2,0,6,11,5,7,0,2,2,0,5,0,2,4,2,0,3,0,5,13,33,0,20,0,0,6,18,0,1,0,0,3,1,3,4,21,138,3,19,80,173,876,439,436,982,267,405,562,221,681,2314,1292,1298,121,3659,314,34,77,6733,82,37,3,19,5629,280,627,82,1466,162,196,552,305,6647,79,153,13,121,20,249,29,8,50,572,3293
0,0,1,3,0,0,2,3,9,4,3,4,6,3,1,1,0,1,0,17,1,16,16,0,38,104,44,5,2,0,0,135,24,43,1,1,6,47,1,46,0,0,7,287,50,3,73,0,0,2,6,8,73,4,7,17,44,127,74,99,80,34,31,30,559,813,251,17,125,371,52,456,24,203,82,27135,1488,134,69,204,5593,1597,294,41,7117,11648,56,33,485,5204,66,442,8617,51,657,45,21,16,181,143
0,1,0,3,0,1,1,11,23,3,3,13,25,2,5,3,0,1,4,77,0,21,33,4,65,92,369,13,0,0,1,123,54,57,2,0,8,32,9,111,2,5,15,264,71,2,104,5,0,0,1,8,44,0,38,43,314,148,25,1466,70,61,233,142,71,161,115,10,334,1949,48,650,417,7114,37,1488,17971,270,13,44,763,1513,39,13,1202,1032,640,228,116,1223,669,9296,11598,70,715,423,6,2,54,63
0,0,0,0,0,0,0,0,0,0,0,0,0,1,0,0,0,0,0,0,0,0,1,0,2,1,2,215,0,1,0,6,0,14,0,1,1,0,0,69,0,0,0,19,1,0,7,0,0,0,14,23,6,3,3,4,1,2,2,6,17,8,4,2,73,47,15,0,3,9,8,1153,9,26,3,134,270,36626,1694,3,65,27,189,0,30,10338,97,9,25,27,72,17494,517,27631,1257,54,30,333,64,15
2,3,6,17,4,5,5,0,0,15,1,0,1,16,9,7,1,1,4,2,3,5,0,0,2,0,0,1,1,8,1,0,1,0,16,8,40,0,22,0,4,2,18,0,2,0,0,8,0,1,981,1598,649,262,119,260,10,31,2,11,288,14,8,13,6417,357,191,8,95,10,31,2654,7,15,19,69,13,1694,140278,14,74,36,18067,4,69,226,176,153,129,31,106,43,66,1735,120,63,13157,9705,1939,202
0,0,0,3,0,1,6,5,3,5,1,4,0,4,0,0,0,0,3,11,0,1,3,0,8,2,4,0,0,3,1,1,6,0,1,2,8,1,2,0,1,2,7,2,4,0,0,1,0,4,3,4,114,2,2,22,826,3041,2224,318,144,186,348,837,223,1231,7371,2862,1512,532,1286,194,14,66,5629,204,44,3,14,6602,257,989,62,3762,828,139,89,57,1391,146,27,13,110,8,124,11,7,7,47,59
0,0,0,1,0,0,0,2,2,2,1,1,0,1,0,1,0,0,3,11,3,8,7,0,10,52,23,4,0,0,2,68,8,20,1,2,5,13,3,30,2,1,0,165,29,1,37,0,0,0,7,11,53,4,6,19,31,128,85,175,153,81,134,74,545,1134,232,44,175,205,278,773,23,289,280,5593,763,65,74,257,13143,3629,338,79,3106,6731,76,39,1151,659,40,650,3336,239,7321,19,24,20,373,505
0,0,0,2,0,1,2,84,89,7,6,60,87,5,8,11,2,1,11,240,5,24,29,4,133,6,59,0,1,9,9,17,94,5,6,14,41,28,5,1,2,8,33,16,91,3,11,0,0,3,2,7,97,2,6,60,2491,1374,242,2960,342,1013,6192,5371,354,836,632,1153,773,5972,1304,6101,169,2437,627,1597,1513,27,36,989,3629,15938,119,132,10285,1000,433,152,1227,995,45,76,1081,124,4611,21,8,13,171,318
3,9,14,27,12,6,32,2,4,15,1,2,1,28,16,8,2,0,7,5,5,12,2,0,4,0,4,0,3,23,6,1,7,1,31,23,75,0,34,0,7,13,33,2,2,0,0,14,3,9,448,2029,1043,352,187,480,64,82,6,28,389,20,12,29,20613,1834,496,60,255,52,90,1101,19,79,82,294,39,189,18067,62,338,119,50634,14,347,578,551,328,387,108,210,27,159,255,152,101,2343,3072,13832,854
0,0,0,1,0,0,0,0,0,4,0,0,1,2,0,0,0,0,0,0,0,0,1,0,2,1,0,0,1,0,0,0,1,0,2,0,9,0,3,0,0,0,2,0,1,0,0,2,0,1,0,4,118,1,1,18,58,71,36,27,69,14,32,74,93,2593,6130,64,351,76,107,32,1,15,1466,41,13,0,4,3762,79,132,14,6246,107,37,73,100,4037,43,33,4,34,1,29,15,2,4,31,47
0,1,1,4,0,1,4,19,35,3,0,25,15,6,9,5,1,4,3,171,2,23,40,2,192,23,71,1,1,2,7,44,110,12,8,6,8,104,4,4,3,4,20,91,263,2,25,2,0,3,8,24,136,3,8,37,209,499,254,300,60,40,76,129,886,1321,657,78,353,2778,95,503,44,683,162,7117,1202,30,69,828,3106,10285,347,107,17485,2004,115,56,873,3148,65,104,1649,18,448,41,30,24,214,178
1,0,0,0,0,0,0,1,3,1,0,3,0,3,1,2,0,0,1,11,1,8,6,2,8,45,24,20,1,1,3,108,4,115,2,3,13,10,0,204,0,2,4,236,26,2,77,0,0,2,13,29,106,6,9,22,26,125,57,114,222,83,74,31,779,1134,250,32,141,236,189,1096,26,255,196,11648,1032,10338,226,139,6731,1000,578,37,2004,35982,68,43,851,1171,69,8487,9937,7536,5755,54,35,75,487,439
2,4,3,15,1,5,21,121,252,30,14,22,24,21,22,25,7,3,59,47,24,28,4,39,14,0,2,1,3,15,10,0,8,3,35,79,752,1,44,5,13,14,65,2,2,0,3,14,1,21,47,83,246,22,276,388,396,1101,406,8460,888,320,161,230,454,672,511,185,2102,889,803,361,3620,444,552,56,640,97,176,89,76,433,551,73,115,68,4839,2877,1162,63,6881,571,191,24,67,1783,77,110,586,582
19,45,55,155,41,87,208,3,6,47,5,2,3,133,64,40,2,3,12,4,9,45,2,1,1,2,0,1,12,53,15,3,3,0,219,47,331,0,136,0,24,29,93,1,1,0,0,153,5,10,76,198,633,75,2571,4459,22,50,22,474,607,95,28,16,682,689,4834,31,4641,168,202,193,2917,485,305,33,228,9,153,57,39,152,328,100,56,43,2877,23953,939,140,11294,84,312,9,31,4842,210,77,405,291
3,5,4,28,11,5,28,7,7,30,2,5,0,61,24,25,1,0,14,11,9,20,2,6,12,1,8,0,7,27,6,4,7,1,70,36,149,3,53,0,8,27,58,3,8,0,3,18,4,9,18,67,562,8,60,398,201,311,126,252,1474,394,386,353,1277,15226,4102,489,1384,375,2203,654,72,258,6647,485,116,25,129,1391,1151,1227,387,4037,873,851,1162,939,28403,289,798,46,405,67,789,280,29,176,2306,7282
1,0,2,2,0,0,1,8,21,4,2,22,15,2,7,2,1,2,2,81,2,13,29,1,105,50,74,2,1,0,8,62,83,15,2,4,8,73,3,8,1,1,16,91,139,2,31,0,1,4,16,17,199,2,20,55,22,336,67,369,134,57,65,29,248,560,415,25,435,2739,128,904,82,593,79,5204,1223,27,31,146,659,995,108,43,3148,1171,63,140,289,10280,118,90,6036,49,624,71,10,18,161,140
7,21,10,41,11,15,46,1,4,22,3,1,0,58,16,13,0,0,0,2,2,10,1,1,0,0,2,1,3,12,9,2,1,0,79,10,127,0,43,1,7,10,35,1,0,0,1,44,1,4,42,79,251,28,970,729,21,26,15,170,454,61,14,8,403,410,468,28,409,58,117,112,1584,482,153,66,669,72,106,27,40,45,210,33,65,69,6881,11294,798,118,15015,610,328,4,30,11484,105,45,315,186
0,0,0,0,0,1,1,0,2,0,0,2,0,0,0,0,0,0,0,5,0,9,7,1,5,73,68,103,0,1,1,191,3,369,0,0,10,6,8,1192,0,1,0,464,5,7,235,2,0,0,2,2,7,0,27,11,3,6,5,29,43,12,10,4,63,60,28,2,30,33,23,234,116,544,13,442,9296,17494,43,13,650,76,27,4,104,8487,571,84,46,90,610,52078,9010,821,1119,443,7,7,32,24
2,1,0,2,0,3,4,3,12,3,1,10,1,5,3,1,0,0,3,37,4,20,31,3,59,126,87,8,1,2,3,206,35,76,3,1,6,61,6,112,2,4,9,387,94,4,103,2,1,2,4,29,156,6,42,96,22,185,39,419,362,157,149,36,309,559,295,40,429,903,217,2322,236,2439,121,8617,11598,517,66,110,3336,1081,159,34,1649,9937,191,312,405,6036,328,9010,28988,461,2933,242,22,33,248,266
0,0,0,1,0,0,0,0,1,1,0,0,0,0,0,0,0,0,0,1,0,1,1,0,1,2,0,2,0,0,0,3,0,4,0,1,1,0,1,4,0,0,1,9,1,0,2,0,0,0,21,43,12,9,4,5,3,18,5,24,190,186,146,8,59,49,12,23,21,20,95,7931,4,39,20,51,70,27631,1735,8,239,124,255,1,18,7536,24,9,67,49,4,821,461,22100,7150,3,21,565,103,52
0,0,1,0,0,0,1,2,3,1,0,2,0,0,1,0,0,0,1,5,0,1,5,0,8,29,17,2,0,1,2,27,7,9,1,1,3,10,1,25,0,1,7,93,29,1,20,0,0,2,4,11,32,2,2,10,19,98,31,179,629,364,533,88,174,464,114,137,127,163,540,6676,36,391,249,657,715,1257,120,124,7321,4611,152,29,448,5755,67,31,789,624,30,1119,2933,7150,18520,18,3,58,322,480
1,26,21,69,7,86,78,0,0,1,0,0,0,14,12,9,0,0,0,0,2,4,0,1,1,1,2,0,0,3,0,0,0,2,54,3,23,0,15,1,5,1,10,3,1,0,1,135,0,0,69,281,373,153,5025,1476,9,8,0,35,140,9,3,3,383,328,362,2,74,35,18,44,310,231,29,45,423,54,63,11,19,21,101,15,41,54,1783,4842,280,71,11484,443,242,3,18,7043,563,38,84,53
1,5,5,11,3,3,5,0,1,3,0,1,0,7,3,2,0,0,0,0,0,1,0,0,0,0,0,0,0,4,0,0,1,0,10,1,9,0,9,0,1,1,4,0,2,0,0,9,0,2,6806,1302,702,237,3183,300,6,10,3,8,50,2,1,3,10581,163,78,3,26,6,5,69,11,7,8,21,6,30,13157,7,24,8,2343,2,30,35,77,210,29,10,105,7,22,21,3,563,30365,74,304,26
1,1,2,2,1,1,5,0,0,5,0,0,0,9,3,6,0,0,0,1,1,2,0,0,0,0,0,0,0,0,1,0,0,0,6,2,20,0,9,0,0,1,3,0,0,0,0,1,0,0,110,524,241,93,33,149,3,5,1,10,18872,18,3,8,461,235,137,3,68,5,73,2378,8,7,50,16,2,333,9705,7,20,13,3072,4,24,75,110,77,176,18,45,7,33,565,58,38,74,37361,5414,334
2,10,5,12,1,1,14,1,4,11,4,2,2,24,10,10,0,1,12,4,8,10,0,2,2,3,1,0,2,16,8,0,4,0,37,25,74,1,36,0,16,18,42,0,2,0,1,7,4,10,115,1018,824,157,77,440,41,53,17,52,16818,76,66,37,2428,3259,744,70,353,63,773,1290,29,96,572,181,54,64,1939,47,373,171,13832,31,214,487,586,405,2306,161,315,32,248,103,322,84,304,5414,20263,11334
1,2,2,9,1,2,4,0,1,10,4,2,1,18,3,6,1,0,8,2,4,7,0,1,1,0,3,1,0,7,2,1,3,0,9,14,62,1,15,0,1,4,13,1,4,0,0,2,0,3,10,87,155,8,23,125,27,45,29,93,6865,271,189,82,857,8171,526,149,381,65,4541,476,22,109,3293,143,63,15,202,59,505,318,854,47,178,439,582,291,7282,140,186,24,266,52,480,53,26,334,11334,11540
