25788,6816,8034,2931,18431,4278,898,1,0,103,5,5,3,14219,365,166,1,1,8,4,2,314,1,2,0,0,2,8,848,510,30,3,3,1,22,12,23,3,52,0,288,41,87,0,3,4,6,57,1740,7,9,31,26,10,22,47,0,0,0,0,11,0,0,0,25,7,33,0,2,0,0,5,2,0,1,0,0,0,3,2,0,0,6,2,0,0,5,31,1,0,4,0,0,0,0,43,7,1,2,1
6816,35208,12387,20327,1085,372,706,2,4,325,11,4,1,7596,5436,335,1,0,15,1,9,665,2,2,2,0,1,5,471,503,31,2,4,2,49,32,79,2,167,3,534,77,99,1,6,1,1,211,337,25,65,114,102,50,82,211,0,1,1,1,28,1,0,0,118,15,124,0,6,2,0,12,5,0,2,0,0,0,19,3,0,2,16,27,0,0,11,107,2,0,25,0,0,0,0,166,31,1,2,0
8034,12387,25531,7805,2148,7098,10162,2,2,137,3,2,2,716,164,49,1,0,3,4,4,356,1,1,0,0,0,3,216,326,9,2,3,2,13,4,36,0,78,1,325,60,21,0,2,2,3,128,70,14,158,179,72,1562,84,209,1,0,0,0,14,2,0,0,82,15,76,0,3,0,1,12,1,1,2,0,0,0,9,0,0,0,14,12,0,0,6,79,1,0,10,0,0,0,0,125,20,6,2,0
2931,20327,7805,34439,562,728,7835,8,9,1228,81,19,7,4939,11871,9012,8,5,120,24,19,899,4,29,11,4,6,6,392,511,640,6,18,3,381,299,184,6,499,2,631,149,1939,14,5,1,13,657,189,154,87,163,144,81,151,358,1,2,2,1,50,3,0,0,176,26,178,1,13,0,1,27,7,0,0,0,1,0,19,6,0,0,33,29,0,0,28,198,2,1,64,0,2,0,0,301,37,10,9,1
18431,1085,2148,562,21059,23291,921,0,1,45,6,0,0,4671,178,162,0,0,5,1,2,66,0,31,3,0,6,4,559,164,11,1,3,1,30,13,26,2,192,2,71,6,65,8,2,1,2,562,3406,4,9,16,12,7,8,19,0,0,0,0,6,0,0,0,19,2,14,0,5,0,0,2,1,0,0,0,0,0,3,0,0,0,2,4,0,0,0,10,0,0,4,0,0,0,0,20,4,0,0,0
4278,372,7098,728,23291,45168,28560,1,1,27,0,0,0,132,12,105,2,0,2,0,0,33,1,26,6,0,13,0,67,52,4,0,4,0,62,1,16,1,556,2,34,2,8,4,1,1,2,7342,2129,3,123,53,20,1172,217,167,0,0,0,0,2,3,1,0,35,3,39,0,3,0,0,2,1,1,0,0,2,0,4,0,0,0,8,5,0,0,11,56,0,0,16,0,0,0,0,277,11,2,0,0
898,706,10162,7835,921,28560,23992,1,6,350,31,3,0,509,178,3220,2,1,61,9,9,231,1,52,10,3,3,1,76,140,81,2,6,3,1669,101,180,2,758,2,146,33,204,8,1,0,2,2405,56,23,98,202,141,118,262,441,0,0,1,1,34,8,0,0,151,22,165,0,8,2,0,17,2,2,4,0,1,1,21,1,0,1,24,27,1,0,26,214,5,0,55,0,1,0,0,563,38,8,3,1
1,2,2,8,0,1,1,33411,6978,274,972,571,7415,342,121,184,2762,3851,1816,6037,311,1716,154,63,62,48,321,6,34,147,587,152,1317,31,9,32,1224,430,17,6,49,158,288,86,1462,15,125,3,7,201,1,0,2,0,0,1,134,303,60,433,55,41,50,80,7,8,46,78,50,562,54,15,22,29,20,6,147,0,3,25,4,156,15,9,47,0,256,9,11,36,4,1,3,0,5,1,3,0,7,3
0,4,2,9,1,1,6,6978,59170,140,394,655,1950,28,14,98,519,80,5826,3737,220,850,229,8276,8418,37,5150,25,6,30,137,86,825,42,27,305,12677,218,171,95,18,29,56,888,144,21,192,28,6,16,2,0,4,0,0,1,158,471,87,696,96,76,74,105,9,6,52,137,224,1037,77,38,46,84,19,18,418,1,13,18,7,215,31,5,91,5,622,5,17,83,5,4,23,5,20,2,5,1,13,5
103,325,137,1228,45,27,350,274,140,49778,4410,7978,763,622,1001,1391,663,46,635,182,6803,5462,717,89,56,47,97,25,427,781,863,506,1297,36,144,391,434,158,435,6,10397,6043,3899,209,529,70,766,160,33,2797,2,2,7,3,5,6,4,15,16,30,48,17,1,4,12,13,106,17,83,21,10,9,39,14,16,7,21,0,7,32,6,16,15,21,18,1,87,39,26,24,21,4,13,0,3,3,3,2,5,2
5,11,3,81,6,0,31,972,394,4410,3927,11851,687,83,69,483,235,45,1030,312,1411,3189,1555,26,34,18,48,13,30,71,289,52,389,8,54,151,205,63,134,2,93,86,337,84,65,47,283,29,6,54,1,2,6,0,2,1,4,25,7,47,21,8,4,2,12,10,48,12,45,18,8,11,6,10,16,4,14,0,8,13,2,14,16,8,5,1,43,20,16,10,9,0,4,0,1,2,1,1,1,1
5,4,2,19,0,0,3,571,655,7978,11851,33608,9367,67,26,89,2343,111,379,879,9514,3396,6754,52,314,47,476,15,91,202,122,171,4688,14,10,70,326,191,53,3,250,253,466,230,222,140,1054,11,7,85,0,0,3,0,0,0,14,21,25,47,18,10,7,6,2,7,23,11,28,68,5,9,8,48,3,4,85,0,1,8,1,67,6,5,49,6,66,6,1,64,3,5,20,0,1,0,1,1,3,0
3,1,2,7,0,0,0,7415,1950,763,687,9367,21935,290,79,92,5988,637,436,4292,854,1049,288,30,338,21,736,9,96,363,311,224,6181,5,5,40,536,138,28,8,158,445,344,137,565,22,429,5,10,334,1,0,0,0,0,0,49,85,9,194,10,12,25,58,7,4,25,19,21,442,12,13,11,51,6,11,209,0,2,11,2,176,2,3,74,2,134,5,2,60,4,3,19,1,11,1,0,0,4,2
14219,7596,716,4939,4671,132,509,342,28,622,83,67,290,76492,16823,1542,103,98,333,350,218,959,50,28,21,128,28,41,4350,19743,814,534,436,157,260,298,417,211,924,12,1108,2322,5327,108,1154,13,263,329,13828,1552,69,110,98,36,54,162,0,3,2,9,115,6,2,0,229,83,343,3,46,7,7,53,23,8,9,3,22,0,53,12,1,6,58,82,14,0,44,161,30,12,94,2,10,0,3,87,59,21,10,1
365,5436,164,11871,178,12,178,121,14,1001,69,26,79,16823,23143,1223,40,41,166,109,86,609,13,18,4,14,9,11,636,1516,650,45,75,22,120,147,109,56,228,1,1013,1428,12355,14,181,10,34,103,243,9691,19,25,29,10,19,39,1,1,2,4,20,1,0,0,44,7,65,1,20,0,1,9,2,0,2,2,3,0,11,5,0,2,4,10,1,0,13,48,5,6,10,1,3,0,0,32,12,1,6,0
166,335,49,9012,162,105,3220,184,98,1391,483,89,92,1542,1223,28169,231,419,6135,265,415,448,12,76,45,10,33,5,207,358,16207,24,63,7,2449,7085,503,44,1432,0,231,129,5269,41,53,4,9,1732,104,184,83,134,109,55,87,215,1,8,18,21,134,21,1,2,222,104,388,8,151,11,15,50,30,1,39,0,9,0,51,51,0,10,77,127,5,0,71,228,71,5,121,0,2,0,0,224,52,16,25,4
1,1,1,8,0,2,2,2762,519,663,235,2343,5988,103,40,231,10027,1632,826,170,5342,290,161,28,22,2,30,1,47,163,2117,52,1204,5,2,33,197,29,23,2,91,224,517,41,121,9,162,2,1,178,0,1,0,0,0,0,8,35,20,42,21,15,5,6,2,5,15,15,20,24,13,2,4,5,3,1,9,0,3,11,2,17,1,0,4,0,37,6,4,9,2,1,4,0,2,0,1,1,2,3
1,0,0,5,0,0,1,3851,80,46,45,111,637,98,41,419,1632,1334,739,63,293,52,6,26,2,0,1,0,20,71,1315,14,221,1,6,27,82,9,23,0,27,112,259,7,62,0,13,2,1,137,0,0,3,0,0,0,5,18,12,30,23,17,1,4,7,0,10,14,19,8,8,3,5,2,4,1,5,0,0,8,2,5,3,6,5,0,19,4,9,2,2,0,1,0,1,0,2,0,3,1
8,15,3,120,5,2,61,1816,5826,635,1030,379,436,333,166,6135,826,739,21865,1525,964,605,75,759,796,27,225,5,65,129,3957,46,291,18,302,5249,1648,156,487,8,86,103,771,228,149,6,63,37,10,133,10,9,30,3,0,12,20,90,101,178,204,62,23,9,47,45,284,84,419,74,76,31,88,20,145,6,35,0,36,109,1,42,64,74,33,2,304,151,187,23,97,0,6,1,3,11,20,4,29,12
4,1,4,24,1,0,9,6037,3737,182,312,879,4292,350,109,265,170,63,1525,19029,176,1067,756,76,1745,106,2753,13,54,198,399,161,7302,46,41,252,604,2748,139,2,66,148,242,1144,4682,23,215,8,9,108,1,0,8,0,0,0,95,99,29,353,18,24,87,102,12,28,51,15,79,1621,14,62,60,633,20,47,1259,0,3,26,14,1029,9,6,621,7,264,10,18,443,7,0,125,2,28,3,4,0,7,5
2,9,4,19,2,0,9,311,220,6803,1411,9514,854,218,86,415,5342,293,964,176,15768,601,367,57,48,12,53,3,187,594,1473,150,946,23,31,171,484,69,160,1,592,1182,6898,78,268,21,301,15,8,1528,2,0,5,0,0,3,9,45,29,54,52,16,2,3,5,15,70,19,78,16,17,12,22,11,20,5,15,0,4,27,2,10,12,14,13,1,130,16,16,20,21,1,7,0,2,3,1,1,4,2
314,665,356,899,66,33,231,1716,850,5462,3189,3396,1049,959,609,448,290,52,605,1067,601,14505,2665,56,238,381,492,1636,3995,1215,270,522,544,1262,69,158,238,396,269,633,9839,554,665,1752,459,2362,3135,107,58,182,6,7,14,4,5,10,6,12,7,27,29,5,8,2,16,13,98,7,53,58,3,19,14,31,10,21,76,6,10,15,30,38,19,29,40,76,34,31,32,51,30,63,83,5,19,10,9,0,5,0
1,2,1,4,0,1,1,154,229,717,1555,6754,288,50,13,12,161,6,75,756,367,2665,12818,63,288,759,742,381,43,68,32,613,3173,333,3,13,42,595,30,124,54,57,64,2204,615,3653,9103,20,1,19,0,0,0,0,0,0,2,2,2,6,0,0,10,4,1,1,5,2,4,22,4,23,4,53,0,58,136,5,0,0,32,71,0,1,69,44,5,1,1,109,0,24,122,2,23,1,0,0,2,3
2,2,1,29,31,26,52,63,8276,89,26,52,30,28,18,76,28,26,759,76,57,56,63,3848,2110,26,1379,25,8,19,46,35,89,25,94,4827,3245,46,12278,66,15,9,67,609,32,6,67,566,20,8,4,1,5,1,5,5,1,12,5,14,20,9,0,1,5,9,58,5,85,19,1,5,11,6,12,7,26,1,6,17,4,11,8,10,8,2,41,24,9,21,17,1,8,0,5,13,2,1,3,2
0,2,0,11,3,6,10,62,8418,56,34,314,338,21,4,45,22,2,796,1745,48,238,288,2110,18923,42,12443,13,4,23,22,77,1196,44,35,380,258,138,429,145,13,14,37,2532,308,11,193,139,5,6,0,1,2,0,6,1,9,6,5,27,5,0,19,9,3,7,5,9,74,245,5,38,14,277,0,69,621,2,1,3,21,337,4,3,258,11,29,0,4,379,2,11,145,1,14,0,0,0,2,2
0,0,0,4,0,0,3,48,37,47,18,47,21,128,14,10,2,0,27,106,12,381,759,26,42,11377,586,46,16,49,24,7177,112,3301,1,6,12,2155,17,55,16,20,66,6772,1370,85,1154,11,5,29,1,0,0,0,0,0,0,3,1,0,12,4,4,4,0,2,0,2,1,2,6,82,3,29,2,293,373,4,3,1,241,105,4,1,32,51,2,3,0,322,0,26,457,10,139,1,0,0,2,4
2,1,0,6,6,13,3,321,5150,97,48,476,736,28,9,33,30,1,225,2753,53,492,742,1379,12443,586,22313,1164,40,48,31,606,1638,544,15,178,1792,678,1010,4530,26,28,38,14411,1289,125,823,417,10,19,2,0,0,2,10,5,3,3,2,9,5,2,6,8,1,0,6,5,24,65,5,52,3,92,2,137,370,10,0,1,130,150,6,3,110,82,6,1,0,278,2,103,276,3,62,12,2,1,0,0
8,5,3,6,4,0,1,6,25,25,13,15,9,41,11,5,1,0,5,13,3,1636,381,25,13,46,1164,43207,1758,96,4,103,26,5569,1,4,372,30,100,16519,156,12,12,1588,79,15876,6473,61,2,7,0,0,0,0,4,1,0,1,0,0,1,0,0,0,0,0,0,0,1,1,1,3,0,0,0,6,9,586,0,0,10,3,0,1,2,59,0,1,0,5,1,232,16,8,16,1,0,0,0,0
848,471,216,392,559,67,76,34,6,427,30,91,96,4350,636,207,47,20,65,54,187,3995,43,8,4,16,40,1758,79768,15819,122,138,203,270,45,72,106,35,247,244,24737,970,608,65,251,518,313,74,5791,308,9,10,11,0,7,13,1,0,3,2,20,2,1,0,23,13,73,0,24,4,0,14,7,2,4,1,2,0,7,4,0,4,11,18,5,2,15,21,17,5,19,4,0,1,0,6,12,0,6,0
510,503,326,511,164,52,140,147,30,781,71,202,363,19743,1516,358,163,71,129,198,594,1215,68,19,23,49,48,96,15819,39718,322,483,659,110,98,172,231,141,442,21,9044,7612,1894,97,811,30,346,97,2155,1579,13,12,15,1,8,16,1,3,2,3,53,6,1,0,36,29,122,2,33,5,0,20,16,6,8,6,5,0,14,7,1,11,29,43,14,0,23,36,19,26,58,2,12,0,0,10,8,6,5,0
30,31,9,640,11,4,81,587,137,863,289,122,311,814,650,16207,2117,1315,3957,399,1473,270,32,46,22,24,31,4,122,322,17815,36,174,28,336,1372,361,113,420,2,179,473,13059,49,185,4,35,106,33,835,13,16,32,6,6,23,4,12,34,40,81,20,3,5,52,36,187,18,105,23,23,24,27,4,35,1,17,0,21,45,0,6,34,51,6,1,102,74,50,7,34,2,2,0,2,21,21,5,6,3
3,2,2,6,1,0,2,152,86,506,52,171,224,534,45,24,52,14,46,161,150,522,613,35,77,7177,606,103,138,483,36,24564,3971,4220,5,14,24,720,17,250,201,344,168,2998,7528,139,11157,14,24,234,0,0,0,0,0,0,0,2,1,3,2,7,5,1,0,3,1,4,7,8,3,91,1,48,2,323,336,17,2,1,303,132,3,0,79,268,4,1,1,293,0,162,574,17,171,1,0,0,2,2
3,4,3,18,3,4,6,1317,825,1297,389,4688,6181,436,75,63,1204,221,291,7302,946,544,3173,89,1196,112,1638,26,203,659,174,3971,16650,85,8,44,152,1443,63,8,348,749,361,1455,7733,117,4796,37,18,418,1,0,1,0,0,0,12,15,8,42,9,15,45,15,5,5,5,10,17,249,3,65,13,289,8,89,447,0,1,4,17,421,6,10,423,11,43,3,5,395,5,4,170,3,27,4,0,0,2,5
1,2,2,3,1,0,3,31,42,36,8,14,5,157,22,7,5,1,18,46,23,1262,333,25,44,3301,544,5569,270,110,28,4220,85,29278,1,4,112,293,45,6989,57,32,71,6801,895,2172,14466,21,11,36,0,0,0,0,0,0,0,0,0,0,2,0,0,0,0,1,1,1,3,1,2,41,1,9,1,69,107,62,0,1,155,16,1,0,11,719,1,0,0,46,0,802,309,76,123,1,0,0,0,0
22,49,13,381,30,62,1669,9,27,144,54,10,5,260,120,2449,2,6,302,41,31,69,3,94,35,1,15,1,45,98,336,5,8,1,1532,2437,275,14,2955,0,44,19,334,17,2,1,3,2304,26,23,17,51,45,15,29,69,0,3,3,4,40,6,0,2,70,29,122,4,24,3,3,16,3,1,5,0,3,0,17,9,0,1,35,38,0,0,30,74,12,1,49,0,1,0,1,63,20,6,4,0
12,32,4,299,13,1,101,32,305,391,151,70,40,298,147,7085,33,27,5249,252,171,158,13,4827,380,6,178,4,72,172,1372,14,44,4,2437,10294,1773,65,4596,5,102,88,795,174,23,1,15,174,17,83,15,14,24,2,6,16,5,16,18,42,86,29,0,0,58,68,312,18,301,16,11,35,56,7,47,2,20,0,28,59,1,19,55,72,2,0,155,137,82,7,82,2,4,0,1,17,13,9,18,4
23,79,36,184,26,16,180,1224,12677,434,205,326,536,417,109,503,197,82,1648,604,484,238,42,3245,258,12,1792,372,106,231,361,24,152,112,275,1773,3570,43,7877,506,133,119,554,371,51,39,79,844,39,118,39,67,79,20,48,107,11,29,9,76,65,17,7,9,125,48,216,13,120,40,16,19,16,8,16,4,9,2,27,12,1,7,34,63,10,2,214,132,25,8,58,9,2,0,0,143,29,6,13,2
3,2,0,6,2,1,2,430,218,158,63,191,138,211,56,44,29,9,156,2748,69,396,595,46,138,2155,678,30,35,141,113,720,1443,293,14,65,43,9425,34,17,40,95,124,10082,3270,34,707,6,13,73,0,0,1,0,1,1,0,2,1,9,8,8,32,7,3,7,15,2,16,56,5,76,13,224,5,164,360,0,1,4,37,290,4,5,322,10,7,6,4,463,2,6,225,7,44,1,0,0,1,2
52,167,78,499,192,556,758,17,171,435,134,53,28,924,228,1432,23,23,487,139,160,269,30,12278,429,17,1010,100,247,442,420,17,63,45,2955,4596,7877,34,35174,157,190,136,1039,463,33,15,49,11685,193,183,94,77,100,31,75,150,4,12,25,21,206,29,3,3,206,113,616,16,207,16,8,76,57,4,34,6,19,3,74,75,2,12,86,173,2,1,212,267,80,12,201,4,10,0,2,183,59,24,29,3
0,3,1,2,2,2,2,6,95,6,2,3,8,12,1,0,2,0,8,2,1,633,124,66,145,55,4530,16519,244,21,2,250,8,6989,0,5,506,17,157,31180,37,2,3,14454,32,1109,1613,68,2,0,1,0,0,0,1,0,0,0,0,0,0,0,1,0,0,0,0,1,1,0,0,17,0,1,0,18,37,133,0,0,73,4,0,0,1,535,6,0,0,9,1,1292,143,33,54,3,0,0,0,0
288,534,325,631,71,34,146,49,18,10397,93,250,158,1108,1013,231,91,27,86,66,592,9839,54,15,13,16,26,156,24737,9044,179,201,348,57,44,102,133,40,190,37,62276,5884,925,44,202,48,249,65,63,1254,5,3,10,0,3,12,2,2,1,5,12,2,1,1,13,16,55,6,22,3,0,5,5,3,7,4,3,1,6,7,1,5,11,29,2,0,16,23,11,5,20,0,1,0,0,2,3,3,4,1
41,77,60,149,6,2,33,158,29,6043,86,253,445,2322,1428,129,224,112,103,148,1182,554,57,9,14,20,28,12,970,7612,473,344,749,32,19,88,119,95,136,2,5884,15982,3236,68,593,12,228,30,29,11650,1,0,4,0,0,3,2,2,3,2,11,2,2,1,6,5,35,5,19,0,2,3,2,9,2,2,12,0,2,8,3,10,4,10,8,0,16,12,7,10,8,0,2,0,5,0,1,1,3,1
87,99,21,1939,65,8,204,288,56,3899,337,466,344,5327,12355,5269,517,259,771,242,6898,665,64,67,37,66,38,12,608,1894,13059,168,361,71,334,795,554,124,1039,3,925,3236,43040,80,440,8,120,223,179,12905,21,13,25,4,15,20,4,6,13,20,108,14,2,3,68,44,267,6,93,10,6,31,32,8,20,4,13,0,32,34,2,6,37,75,7,0,71,109,40,6,85,0,5,0,0,24,18,9,13,2
0,1,0,14,8,4,8,86,888,209,84,230,137,108,14,41,41,7,228,1144,78,1752,2204,609,2532,6772,14411,1588,65,97,49,2998,1455,6801,17,174,371,10082,463,14454,44,68,80,61477,1296,865,4855,217,8,54,1,0,0,1,4,3,1,3,1,9,13,12,14,10,1,5,7,16,20,34,18,225,8,193,4,646,1012,61,1,8,661,360,9,3,354,977,10,3,4,817,4,830,1308,77,387,5,1,0,8,4
3,6,2,5,2,1,1,1462,144,529,65,222,565,1154,181,53,121,62,149,4682,268,459,615,32,308,1370,1289,79,251,811,185,7528,7733,895,2,23,51,3270,33,32,202,593,440,1296,11839,37,1398,16,41,502,1,1,2,0,0,0,3,11,6,24,14,18,33,18,4,5,21,21,17,194,17,192,17,458,7,341,821,2,1,10,66,704,4,10,770,17,15,3,11,1053,4,9,475,6,107,1,1,1,5,3
4,1,2,1,1,1,0,15,21,70,47,140,22,13,10,4,9,0,6,23,21,2362,3653,6,11,85,125,15876,518,30,4,139,117,2172,1,1,39,34,15,1109,48,12,8,865,37,14825,11406,9,2,7,0,0,0,0,0,0,0,0,1,0,1,0,0,0,0,0,0,0,1,0,0,2,0,2,0,7,17,14,0,0,32,2,0,0,4,172,1,0,0,7,1,179,54,7,16,1,0,0,0,0
6,1,3,13,2,2,2,125,192,766,283,1054,429,263,34,9,162,13,63,215,301,3135,9103,67,193,1154,823,6473,313,346,35,11157,4796,14466,3,15,79,707,49,1613,249,228,120,4855,1398,11406,40539,29,10,111,2,0,0,0,1,0,0,3,2,5,7,4,3,3,1,2,4,2,1,9,8,103,2,36,4,211,284,73,0,3,336,104,2,2,85,971,7,2,3,190,2,902,648,83,254,3,1,1,2,2
57,211,128,657,562,7342,2405,3,28,160,29,11,5,329,103,1732,2,2,37,8,15,107,20,566,139,11,417,61,74,97,106,14,37,21,2304,174,844,6,11685,68,65,30,223,217,16,9,29,15733,714,28,98,161,136,133,472,506,0,1,1,4,40,3,0,0,147,26,203,1,18,0,2,17,8,9,1,0,10,0,17,2,1,1,27,38,3,2,66,192,5,3,109,3,7,1,2,820,29,4,5,1
1740,337,70,189,3406,2129,56,7,6,33,6,7,10,13828,243,104,1,1,10,9,8,58,1,20,5,5,10,2,5791,2155,33,24,18,11,26,17,39,13,193,2,63,29,179,8,41,2,10,714,17299,10,4,6,3,2,3,5,0,0,0,0,3,0,0,0,8,9,17,0,3,0,0,2,1,0,0,1,0,0,3,2,0,1,2,2,0,0,2,10,3,0,3,0,0,0,0,2,4,1,2,0
7,25,14,154,4,3,23,201,16,2797,54,85,334,1552,9691,184,178,137,133,108,1528,182,19,8,6,29,19,7,308,1579,835,234,418,36,23,83,118,73,183,0,1254,11650,12905,54,502,7,111,28,10,16476,3,2,2,0,2,1,2,1,2,2,13,5,0,0,6,5,30,0,22,3,2,9,4,3,3,1,7,0,3,7,1,4,3,9,4,0,11,13,7,7,12,1,2,0,0,1,2,1,0,0
9,65,158,87,9,123,98,1,2,2,1,0,1,69,19,83,0,0,10,1,2,6,0,4,0,1,2,0,9,13,13,0,1,0,17,15,39,0,94,1,5,1,21,1,1,0,2,98,4,3,50086,12138,1685,9858,9309,760,3,6,5,2,237,8,0,0,22027,238,465,4,38,27,8,341,14,6,5,1,5,3,1538,10,8,7,1400,138,13,1,92,119,20,52,268,0,4,3,2,364,6501,148,90,5
31,114,179,163,16,53,202,0,0,2,2,0,0,110,25,134,1,0,9,0,0,7,0,1,1,0,0,0,10,12,16,0,0,0,51,14,67,0,77,0,3,0,13,0,1,0,0,161,6,2,12138,70578,11813,9486,2070,6785,1,5,1,1,1059,10,0,0,12486,114,288,0,11,4,2,510,12,0,5,1,1,7,920,5,1,3,1220,57,6,0,86,88,10,9,90,0,0,4,1,121,912,306,266,26
26,102,72,144,12,20,141,2,4,7,6,3,0,98,29,109,0,3,30,8,5,14,0,5,2,0,0,0,11,15,32,0,1,0,45,24,79,1,100,0,10,4,25,0,2,0,0,136,3,2,1685,11813,41333,1006,279,8076,16,35,15,27,931,34,5,5,17984,10700,5509,25,244,90,18,222,124,38,18,8,18,0,744,91,11,32,1551,1798,59,1,257,476,222,136,263,0,8,2,1,236,812,166,354,104
10,50,1562,81,7,1172,118,0,0,3,0,0,0,36,10,55,0,0,3,0,0,4,0,1,0,0,2,0,0,1,6,0,0,0,15,2,20,0,31,0,0,0,4,1,0,0,0,133,2,0,9858,9486,1006,35460,16041,22768,1,1,0,2,149,2,0,0,399,7,166,0,2,0,1,72,2,0,0,0,1,0,122,1,0,0,151,14,1,0,11,50,1,4,29,0,0,0,0,332,119,44,31,2
22,82,84,151,8,217,262,0,0,5,2,0,0,54,19,87,0,0,0,0,0,5,0,5,6,0,10,4,7,8,6,0,0,0,29,6,48,1,75,1,3,0,15,4,0,0,1,472,3,2,9309,2070,279,16041,24541,5229,1,0,1,0,145,12,0,1,576,27,339,0,17,2,3,31,35,48,7,0,42,3,88,3,1,1,173,36,0,1,110,310,1,3,915,8,13,0,1,4652,1266,25,42,9
47,211,209,358,19,167,441,1,1,6,1,0,0,162,39,215,0,0,12,0,3,10,0,5,1,0,5,1,13,16,23,0,0,0,69,16,107,1,150,0,12,3,20,3,0,0,0,506,5,1,760,6785,8076,22768,5229,29515,3,6,1,3,775,18,1,1,1930,118,3945,0,43,17,1,138,27,4,3,3,3,0,275,3,1,8,785,28,15,0,110,1050,11,31,199,0,5,2,3,456,200,83,237,33
0,0,1,1,0,0,0,134,158,4,4,14,49,0,1,1,8,5,20,95,9,6,2,1,9,0,3,0,1,1,4,0,12,0,0,5,11,0,4,0,2,2,4,1,3,0,0,0,0,2,3,1,16,1,1,3,2425,7275,353,398,26,85,98,1643,34,164,112,959,113,4748,26,83,24,23,26,62,57,0,16,352,25,3059,96,34,245,8,221,5,91,47,2,0,7,4,18,2,8,3,30,79
0,1,0,2,0,0,0,303,471,15,25,21,85,3,1,8,35,18,90,99,45,12,2,12,6,3,3,1,0,3,12,2,15,0,3,16,29,2,12,0,2,2,6,3,11,0,3,1,0,1,6,5,35,1,0,6,7275,33289,7434,3666,252,1157,834,2870,102,394,920,6348,715,8494,515,881,114,29,51,38,67,3,33,2626,33,629,166,90,191,10,1364,1,84,123,4,5,33,64,117,1,23,11,44,78
0,1,0,2,0,0,1,60,87,16,7,25,9,2,2,18,20,12,101,29,29,7,2,5,5,1,2,0,3,2,34,1,8,0,3,18,9,1,25,0,1,3,13,1,6,1,2,1,0,2,5,1,15,0,1,1,353,7434,4167,3942,255,546,147,189,35,98,961,3095,1393,705,343,246,77,116,62,21,45,2,7,1636,21,189,52,65,100,6,483,7,34,107,8,1,23,13,43,1,13,7,24,16
0,1,0,1,0,0,1,433,696,30,47,47,194,9,4,21,42,30,178,353,54,27,6,14,27,0,9,0,2,3,40,3,42,0,4,42,76,9,21,0,5,2,20,9,24,0,5,4,0,2,2,1,27,2,0,3,398,3666,3942,48508,506,1198,1057,925,45,68,645,927,7231,5582,545,602,14969,2215,90,25,1273,1,27,155,39,874,108,44,123,12,10545,19,30,216,15,5,115,51,95,1,26,5,27,25
11,28,14,50,6,2,34,55,96,48,21,18,10,115,20,134,21,23,204,18,52,29,0,20,5,12,5,1,20,53,81,2,9,2,40,86,65,8,206,0,12,11,108,13,14,1,7,40,3,13,237,1059,931,149,145,775,26,252,255,506,54511,7985,2832,444,866,943,2511,842,807,138,7823,2232,414,51,1259,208,123,18,1110,363,233,459,2416,479,248,124,1282,606,1344,325,891,15,217,250,793,311,203,15422,52242,18815
0,1,2,3,0,3,8,41,76,17,8,10,12,6,1,21,15,17,62,24,16,5,0,9,0,4,2,0,2,6,20,7,15,0,6,29,17,8,29,0,2,2,14,12,18,0,4,3,0,5,8,10,34,2,12,18,85,1157,546,1198,7985,13295,12376,1626,67,92,969,2312,608,535,5766,7526,212,105,389,47,133,12,14,326,153,1522,61,140,35,50,738,80,104,123,203,10,157,234,702,55,17,12,52,46
0,0,0,0,0,1,0,50,74,1,4,7,25,2,0,1,5,1,23,87,2,8,10,0,19,4,6,0,1,1,3,5,45,0,0,0,7,32,3,1,1,2,2,14,33,0,3,0,0,0,0,0,5,0,0,1,98,834,147,1057,2832,12376,24973,15018,13,26,113,6412,94,852,5331,7772,99,488,179,31,515,16,3,141,165,12371,26,33,67,42,308,5,29,166,4,14,246,205,675,0,3,1,30,32
0,0,0,0,0,0,0,80,105,4,2,6,58,0,0,2,6,4,9,102,3,2,4,1,9,4,8,0,0,0,5,1,15,0,2,0,9,7,3,0,1,1,3,10,18,0,3,0,0,0,0,0,5,0,1,1,1643,2870,189,925,444,1626,15018,17062,11,88,92,8059,62,2234,3205,721,46,126,57,46,174,3,14,239,95,18166,43,23,183,15,283,3,28,41,5,4,74,30,220,0,1,3,25,43
25,118,82,176,19,35,151,7,9,12,12,2,7,229,44,222,2,7,47,12,5,16,1,5,3,0,1,0,23,36,52,0,5,0,70,58,125,3,206,0,13,6,68,1,4,0,1,147,8,6,22027,12486,17984,399,576,1930,34,102,35,45,866,67,13,11,68893,17442,3647,72,240,286,41,694,115,54,54,57,27,15,4396,187,17,108,22562,1264,189,11,452,450,255,542,572,0,17,5,14,488,10508,394,420,627
7,15,15,26,2,3,22,8,6,13,10,7,4,83,7,104,5,0,45,28,15,13,1,9,7,2,0,0,13,29,36,3,5,1,29,68,48,7,113,0,16,5,44,5,5,0,2,26,9,5,238,114,10700,7,27,118,164,394,98,68,943,92,26,88,17442,66780,2683,236,206,606,252,320,87,82,498,170,44,6,1027,1201,76,386,10430,9256,628,45,361,185,10426,810,261,3,47,14,48,84,633,264,2460,15870
33,124,76,178,14,39,165,46,52,106,48,23,25,343,65,388,15,10,284,51,70,98,5,58,5,0,6,0,73,122,187,1,5,1,122,312,216,15,616,0,55,35,267,7,21,0,4,203,17,30,465,288,5509,166,339,3945,112,920,961,645,2511,969,113,92,3647,2683,40918,845,6731,708,428,459,772,182,557,42,66,1,566,7876,37,227,1080,16840,110,6,1424,6534,871,253,2213,0,31,10,40,1694,477,142,373,106
0,0,0,1,0,0,0,78,137,17,12,11,19,3,1,8,15,14,84,15,19,7,2,5,9,2,5,0,0,2,18,4,10,1,4,18,13,2,16,1,6,5,6,16,21,0,2,1,0,0,4,0,25,0,0,0,959,6348,3095,927,842,2312,6412,8059,72,236,845,8468,682,241,14910,1033,145,77,1188,170,92,7,20,4496,228,1831,120,235,335,62,526,15,281,155,12,8,97,33,302,5,13,4,64,196
2,6,3,13,5,3,8,50,224,83,45,28,21,46,20,151,20,19,419,79,78,53,4,85,74,1,24,1,24,33,105,7,17,3,24,301,120,16,207,1,22,19,93,20,17,1,1,18,3,22,38,11,244,2,17,43,113,715,1393,7231,807,608,94,62,240,206,6731,682,14875,835,356,206,5418,311,281,22,101,4,67,2571,22,199,209,251,80,7,1749,1822,140,221,669,1,57,14,21,124,43,24,65,28
0,2,0,0,0,0,2,562,1037,21,18,68,442,7,0,11,24,8,74,1621,16,58,22,19,245,2,65,1,4,5,23,8,249,1,3,16,40,56,16,0,3,0,10,34,194,0,9,0,0,3,27,4,90,0,2,17,4748,8494,705,5582,138,535,852,2234,286,606,708,241,835,19169,93,821,361,3533,93,84,2232,10,104,509,78,6442,320,177,4346,30,1211,18,111,3309,19,6,668,84,184,2,62,24,64,117
0,0,1,1,0,0,0,54,77,10,8,5,12,7,1,15,13,8,76,14,17,3,4,1,5,6,5,1,0,0,23,3,3,2,3,11,16,5,8,0,0,2,6,18,17,0,8,2,0,2,8,2,18,1,3,1,26,515,343,545,7823,5766,5331,3205,41,252,428,14910,356,93,20835,1452,327,49,4844,193,112,10,27,2628,287,806,293,241,135,121,867,55,1670,230,80,21,164,107,620,13,7,10,972,12611
5,12,12,27,2,2,17,15,38,9,11,9,13,53,9,50,2,3,31,62,12,19,23,5,38,82,52,3,14,20,24,91,65,41,16,35,19,76,76,17,5,3,31,225,192,2,103,17,2,9,341,510,222,72,31,138,83,881,246,602,2232,7526,7772,721,694,320,459,1033,206,821,1452,36303,120,836,227,516,1741,3571,3161,163,1183,10784,1895,131,357,1471,243,105,77,1032,172,492,2537,10058,10819,79,392,650,373,103
2,5,1,7,1,1,2,22,46,39,6,8,11,23,2,30,4,5,88,60,22,14,4,11,14,3,3,0,7,16,27,1,13,1,3,56,16,13,57,0,5,2,32,8,17,0,2,8,1,4,14,12,124,2,35,27,24,114,77,14969,414,212,99,46,115,87,772,145,5418,361,327,120,4447,1193,228,27,689,0,59,119,38,278,165,104,76,15,7632,6820,87,88,4431,7,293,9,37,141,29,7,60,30
0,0,1,0,0,1,2,29,84,14,10,48,51,8,0,1,5,2,20,633,11,31,53,6,277,29,92,0,2,6,4,48,289,9,1,7,8,224,4,1,3,9,8,193,458,2,36,9,0,3,6,0,38,0,48,4,23,29,116,2215,51,105,488,126,54,82,182,77,311,3533,49,836,1193,25322,27,207,15918,10,19,34,204,3073,46,56,1358,76,878,92,25,1361,758,110,1787,55,272,98,22,3,21,17
1,2,2,0,0,0,4,20,19,16,16,3,6,9,2,39,3,4,145,20,20,10,0,12,0,2,2,0,4,8,35,2,8,1,5,47,16,5,34,0,7,2,20,4,7,0,4,1,0,3,5,5,18,0,7,3,26,51,62,90,1259,389,179,57,54,498,557,1188,281,93,4844,227,228,27,14546,120,39,5,68,5820,122,339,807,1687,171,53,496,91,7664,214,143,7,59,23,159,17,13,19,955,5030
0,0,0,0,0,0,0,6,18,7,4,4,11,3,2,0,1,1,6,47,5,21,58,7,69,293,137,6,1,6,1,323,89,69,0,2,4,164,6,18,4,2,4,646,341,7,211,0,1,1,1,1,8,0,0,3,62,38,21,25,208,47,31,46,57,170,42,170,22,84,193,516,27,207,120,23251,3027,29,58,131,9090,1716,476,66,3228,5475,35,6,116,6643,18,163,9776,65,390,3,24,17,260,272
0,0,0,1,0,2,1,147,418,21,14,85,209,22,3,9,9,5,35,1259,15,76,136,26,621,373,370,9,2,5,17,336,447,107,3,20,9,360,19,37,3,12,13,1012,821,17,284,10,0,7,5,1,18,1,42,3,57,67,45,1273,123,133,515,174,27,44,66,92,101,2232,112,1741,689,15918,39,3027,17605,230,14,35,1880,3273,58,21,2085,1154,725,65,20,2783,516,5609,9376,169,1245,84,11,3,24,28
0,0,0,0,0,0,1,0,1,0,0,0,0,0,0,0,0,0,0,0,0,6,5,1,2,4,10,586,0,0,0,17,0,62,0,0,2,0,3,133,1,0,0,61,2,14,73,0,0,0,3,7,0,0,3,0,0,3,2,1,18,12,16,3,15,6,1,7,4,10,10,3571,0,10,5,29,230,45128,663,6,129,23,18,0,15,13366,37,2,2,22,9,12978,465,17283,900,2,8,282,11,3
3,19,9,19,3,4,21,3,13,7,8,1,2,53,11,51,3,0,36,3,4,10,0,6,1,3,0,0,7,14,21,2,1,0,17,28,27,1,74,0,6,2,32,1,1,0,0,17,3,3,1538,920,744,122,88,275,16,33,7,27,1110,14,3,14,4396,1027,566,20,67,104,27,3161,59,19,68,58,14,663,135064,72,19,55,34286,151,122,88,197,152,166,266,169,26,15,329,18,88,9534,30309,1578,114
2,3,0,6,0,0,1,25,18,32,13,8,11,12,5,51,11,8,109,26,27,15,0,17,3,1,1,0,4,7,45,1,4,1,9,59,12,4,75,0,7,8,34,8,10,0,3,2,2,7,10,5,91,1,3,3,352,2626,1636,155,363,326,141,239,187,1201,7876,4496,2571,509,2628,163,119,34,5820,131,35,6,72,5249,95,464,285,5691,347,29,279,49,995,269,83,4,42,11,92,7,28,14,73,289
0,0,0,0,0,0,0,4,7,6,2,1,2,1,0,0,2,2,1,14,2,30,32,4,21,241,130,10,0,1,0,303,17,155,0,1,1,37,2,73,1,3,2,661,66,32,336,1,0,1,8,1,11,0,1,1,25,33,21,39,233,153,165,95,17,76,37,228,22,78,287,1183,38,204,122,9090,1880,129,19,95,18610,2187,189,52,2516,7998,42,6,103,649,19,644,4906,820,7127,4,7,11,125,158
0,2,0,0,0,0,1,156,215,16,14,67,176,6,2,10,17,5,42,1029,10,38,71,11,337,105,150,3,4,11,6,132,421,16,1,19,7,290,12,4,5,10,6,360,704,2,104,1,1,4,7,3,32,0,1,8,3059,629,189,874,459,1522,12371,18166,108,386,227,1831,199,6442,806,10784,278,3073,339,1716,3273,23,55,464,2187,40039,344,147,13528,231,305,15,277,2873,34,20,2577,160,7872,4,30,13,174,302
6,16,14,33,2,8,24,15,31,15,16,6,2,58,4,77,1,3,64,9,12,19,0,8,4,4,6,0,11,29,34,3,6,1,35,55,34,4,86,0,11,4,37,9,4,0,2,27,2,3,1400,1220,1551,151,173,785,96,166,52,108,2416,61,26,43,22562,10430,1080,120,209,320,293,1895,165,46,807,476,58,18,34286,285,189,344,79840,617,894,135,515,325,2496,966,304,5,111,22,133,126,4091,10244,18741,3456
2,27,12,29,4,5,27,9,5,21,8,5,3,82,10,127,0,6,74,6,14,29,1,10,3,1,3,1,18,43,51,0,10,0,38,72,63,5,173,0,29,10,75,3,10,0,2,38,2,9,138,57,1798,14,36,28,34,90,65,44,479,140,33,23,1264,9256,16840,235,251,177,241,131,104,56,1687,66,21,0,151,5691,52,147,617,26141,99,16,431,210,7508,131,343,1,7,6,38,122,174,31,237,649
0,0,0,0,0,0,1,47,91,18,5,49,74,14,1,5,4,5,33,621,13,40,69,8,258,32,110,2,5,14,6,79,423,11,0,2,10,322,2,1,2,8,7,354,770,4,85,3,0,4,13,6,59,1,0,15,245,191,100,123,248,35,67,183,189,628,110,335,80,4346,135,357,76,1358,171,3228,2085,15,122,347,2516,13528,894,99,20230,202,112,5,174,6943,23,13,768,28,610,2,43,36,338,393
0,0,0,0,0,0,0,0,5,1,1,6,2,0,0,0,0,0,2,7,1,76,44,2,11,51,82,59,2,0,1,268,11,719,0,0,2,10,1,535,0,0,0,977,17,172,971,2,0,0,1,0,1,0,1,0,8,10,6,12,124,50,42,15,11,45,6,62,7,30,121,1471,15,76,53,5475,1154,13366,88,29,7998,231,135,16,202,49669,16,2,35,1127,12,7989,10067,7713,5373,3,8,48,85,58
5,11,6,28,0,11,26,256,622,87,43,66,134,44,13,71,37,19,304,264,130,34,5,41,29,2,6,0,15,23,102,4,43,1,30,155,214,7,212,6,16,16,71,10,15,1,7,66,2,11,92,86,257,11,110,110,221,1364,483,10545,1282,738,308,283,452,361,1424,526,1749,1211,867,243,7632,878,496,35,725,37,197,279,42,305,515,431,112,16,4230,2957,399,62,6289,353,51,26,45,492,100,43,160,51
31,107,79,198,10,56,214,9,5,39,20,6,5,161,48,228,6,4,151,10,16,31,1,24,0,3,1,1,21,36,74,1,3,0,74,137,132,6,267,0,23,12,109,3,3,0,2,192,10,13,119,88,476,50,310,1050,5,1,7,19,606,80,5,3,450,185,6534,15,1822,18,55,105,6820,92,91,6,65,2,152,49,6,15,325,210,5,2,2957,13620,88,17,8750,0,47,2,3,3571,105,34,95,21
1,2,1,2,0,0,5,11,17,26,16,1,2,30,5,71,4,9,187,18,16,32,1,9,4,0,0,0,17,19,50,1,5,0,12,82,25,4,80,0,11,7,40,4,11,0,3,5,3,7,20,10,222,1,1,11,91,84,34,30,1344,104,29,28,255,10426,871,281,140,111,1670,77,87,25,7664,116,20,2,166,995,103,277,2496,7508,174,35,399,88,23967,163,211,0,33,2,56,30,50,67,2009,10611
0,0,0,1,0,0,0,36,83,24,10,64,60,12,6,5,9,2,23,443,20,51,109,21,379,322,278,5,5,26,7,293,395,46,1,7,8,463,12,9,5,10,6,817,1053,7,190,3,0,7,52,9,136,4,3,31,47,123,107,216,325,123,166,41,542,810,253,155,221,3309,230,1032,88,1361,214,6643,2783,22,266,269,649,2873,966,131,6943,1127,62,17,163,18280,36,30,18350,58,422,14,150,65,296,247
4,25,10,64,4,16,55,4,5,21,9,3,4,94,10,121,2,2,97,7,21,30,0,17,2,0,2,1,19,58,34,0,5,0,49,82,58,2,201,1,20,8,85,4,4,1,2,109,3,12,268,90,263,29,915,199,2,4,8,15,891,203,4,5,572,261,2213,12,669,19,80,172,4431,758,143,18,516,9,169,83,19,34,304,343,23,12,6289,8750,211,36,26470,55,113,2,13,12791,289,56,99,13
0,0,0,0,0,0,0,1,4,4,0,5,3,2,1,0,1,0,0,0,1,63,24,1,11,26,103,232,4,2,2,162,4,802,0,2,9,6,4,1292,0,0,0,830,9,179,902,3,0,1,0,0,0,0,8,0,0,5,1,5,15,10,14,4,0,3,0,8,1,6,21,492,7,110,7,163,5609,12978,26,4,644,20,5,1,13,7989,353,0,0,30,55,42562,6215,1878,903,11,4,10,7,5
0,0,0,2,0,0,1,3,23,13,4,20,19,10,3,2,4,1,6,125,7,83,122,8,145,457,276,16,0,12,2,574,170,309,1,4,2,225,10,143,1,2,5,1308,475,54,648,7,0,2,4,0,8,0,13,5,7,33,23,115,217,157,246,74,17,47,31,97,57,668,164,2537,293,1787,59,9776,9376,465,15,42,4906,2577,111,7,768,10067,51,47,33,18350,113,6215,41448,440,2000,16,6,5,83,52
0,0,0,0,0,0,0,0,5,0,0,0,1,0,0,0,0,0,1,2,0,5,2,0,1,10,3,8,1,0,0,17,3,76,0,0,0,7,0,33,0,0,0,77,6,7,83,1,0,0,3,4,2,0,0,2,4,64,13,51,250,234,205,30,5,14,10,33,14,84,107,10058,9,55,23,65,169,17283,329,11,820,160,22,6,28,7713,26,2,2,58,2,1878,440,14440,6347,1,5,127,11,11
0,0,0,0,0,0,0,5,20,3,1,1,11,3,0,0,2,1,3,28,2,19,23,5,14,139,62,16,0,0,2,171,27,123,1,1,0,44,2,54,0,5,0,387,107,16,254,2,0,0,2,1,1,0,1,3,18,117,43,95,793,702,675,220,14,48,40,302,21,184,620,10819,37,272,159,390,1245,900,18,92,7127,7872,133,38,610,5373,45,3,56,422,13,903,2000,6347,24557,2,6,15,106,94
43,166,125,301,20,277,563,1,2,3,2,0,1,87,32,224,0,0,11,3,3,10,1,13,0,1,12,1,6,10,21,1,4,1,63,17,143,1,183,3,2,0,24,5,1,1,3,820,2,1,364,121,236,332,4652,456,2,1,1,1,311,55,0,0,488,84,1694,5,124,2,13,79,141,98,17,3,84,2,88,7,4,4,126,122,2,3,492,3571,30,14,12791,11,16,1,2,11293,449,23,41,5
7,31,20,37,4,11,38,3,5,3,1,1,0,59,12,52,1,2,20,4,1,9,0,2,0,0,2,0,12,8,21,0,0,0,20,13,29,0,59,0,3,1,18,1,1,0,1,29,4,2,6501,912,812,119,1266,200,8,23,13,26,203,17,3,1,10508,633,477,13,43,62,7,392,29,22,13,24,11,8,9534,28,7,30,4091,174,43,8,100,105,50,150,289,4,6,5,6,449,34673,259,227,29
1,1,6,10,0,2,8,0,1,2,1,1,0,21,1,16,1,0,4,0,1,0,0,1,0,0,1,0,0,6,5,0,0,0,6,9,6,0,24,0,3,1,9,0,1,0,1,4,1,1,148,306,166,44,25,83,3,11,7,5,15422,12,1,3,394,264,142,4,24,24,10,650,7,3,19,17,3,282,30309,14,11,13,10244,31,36,48,43,34,67,65,56,10,5,127,15,23,259,36394,5087,90
2,2,2,9,0,0,3,7,13,5,1,3,4,10,6,25,2,3,29,7,4,5,2,3,2,2,0,0,6,5,6,2,2,0,4,18,13,1,29,0,4,3,13,8,5,0,2,5,2,0,90,266,354,31,42,237,30,44,24,27,52242,52,30,25,420,2460,373,64,65,64,972,373,60,21,955,260,24,11,1578,73,125,174,18741,237,338,85,160,95,2009,296,99,7,83,11,106,41,227,5087,26519,11093
1,0,0,1,0,0,1,3,5,2,1,0,2,1,0,4,3,1,12,5,2,0,3,2,2,4,0,0,0,0,3,2,5,0,0,4,2,2,3,0,1,1,2,4,3,0,2,1,0,0,5,26,104,2,9,33,79,78,16,25,18815,46,32,43,627,15870,106,196,28,117,12611,103,30,17,5030,272,28,3,114,289,158,302,3456,649,393,58,51,21,10611,247,13,5,52,11,94,5,29,90,11093,22475
