22481,4593,10905,1537,15698,2062,691,5,5,100,4,3,0,12784,660,502,2,1,17,11,6,200,0,1,15,12,8,54,486,1092,42,19,15,32,137,43,44,40,104,11,512,86,352,16,66,33,29,74,2301,16,6,9,4,300,6,101,1,0,0,3,3,1,0,0,31,5,39,1,3,3,1,1,1,5,0,2,2,0,2,1,0,0,5,16,0,0,3,41,2,1,22,0,1,0,0,28,6,5,6,4
4593,28623,9846,22206,834,996,880,2,2,108,2,2,4,6704,3903,332,0,0,5,6,5,327,6,0,4,11,2,43,205,658,19,22,5,14,67,21,26,24,47,8,612,111,141,9,23,33,22,59,194,15,14,14,14,51,18,67,0,0,3,2,3,2,0,0,22,3,25,0,6,0,1,0,0,0,0,0,0,0,4,2,0,0,5,8,1,0,4,36,0,0,9,0,2,0,2,46,1,3,7,4
10905,9846,48865,9716,8151,6794,11610,2,2,72,3,4,1,1725,136,119,2,0,6,2,3,372,8,0,0,1,5,109,487,1336,10,9,3,15,62,12,22,6,193,20,871,114,45,6,12,79,26,101,536,15,23,24,18,4013,28,1294,0,0,1,0,4,0,0,0,36,7,31,0,3,0,0,4,0,0,0,0,0,0,4,1,0,0,9,5,0,0,2,49,2,0,16,1,1,0,0,89,4,2,4,4
1537,22206,9716,53857,518,1639,18540,22,27,443,3,17,9,5153,10285,9594,9,2,47,46,24,616,8,10,50,47,23,75,261,1079,333,82,34,102,556,144,148,161,304,20,1252,434,1959,76,167,48,81,589,172,63,74,76,59,201,85,910,2,1,4,16,17,0,2,3,133,13,128,3,21,9,0,5,3,7,1,4,5,1,12,9,1,5,34,27,9,0,22,170,13,4,69,2,8,0,0,226,27,13,13,7
15698,834,8151,518,16365,19534,899,0,2,19,1,0,0,4264,244,136,1,1,7,6,2,54,2,2,3,8,7,35,216,441,18,10,1,10,97,13,21,11,117,12,161,17,84,7,28,13,8,139,4730,4,2,5,2,1328,13,142,0,0,0,1,2,0,1,0,14,3,14,0,1,0,0,2,3,0,0,0,3,0,0,0,0,0,2,2,0,0,2,21,0,1,8,0,0,0,0,8,4,2,4,0
2062,996,6794,1639,19534,28510,18597,2,6,30,1,1,0,870,288,162,0,0,3,0,1,83,7,8,8,16,54,37,283,426,14,10,2,12,289,25,179,4,916,59,226,35,36,38,6,21,24,2619,3030,3,19,22,17,2424,60,1035,0,0,0,1,0,1,0,1,20,1,16,0,1,0,0,2,0,1,0,1,1,1,0,1,0,0,1,6,0,0,2,25,2,0,6,1,2,0,0,81,8,2,3,0
691,880,11610,18540,899,18597,28877,2,20,111,2,4,0,673,170,4536,1,1,8,11,13,127,5,19,42,13,31,30,90,311,26,23,11,31,3269,90,173,20,2038,4,248,59,109,31,38,11,32,2823,205,11,86,104,60,1367,198,3530,2,0,11,4,12,0,0,0,127,18,110,1,8,3,3,3,1,3,1,2,0,0,12,6,0,1,20,28,4,1,18,173,6,3,64,0,2,0,1,318,18,8,18,10
5,2,2,22,0,2,2,29112,2791,140,621,708,8300,201,52,787,3019,4126,2543,6207,393,1576,175,29,165,16,41,10,15,59,1689,134,2324,25,20,135,474,658,13,3,49,32,643,43,1387,44,202,5,3,73,0,0,4,0,0,0,108,133,69,520,16,7,29,87,3,4,11,55,94,121,14,11,30,102,6,0,12,2,0,10,1,63,4,3,23,0,138,11,5,6,8,0,5,0,1,0,0,4,12,11
5,2,2,27,2,6,20,2791,47562,103,162,640,1131,48,7,148,316,39,6155,4111,167,840,154,7664,6629,107,3460,47,18,19,66,122,732,93,168,1345,7235,395,856,72,24,23,79,490,160,98,236,68,11,14,1,2,16,0,1,2,568,565,190,2384,28,23,139,399,14,15,60,191,251,812,37,46,214,756,24,17,78,1,2,30,5,424,10,20,82,3,513,45,7,42,11,1,48,1,16,1,1,5,17,5
100,108,72,443,19,30,111,140,103,29408,3961,4596,341,452,159,1161,436,52,1371,219,3790,4311,653,52,203,51,86,102,194,494,561,905,1018,62,533,1405,944,148,778,27,12470,12702,2664,221,388,286,1489,213,28,5285,4,2,6,3,1,17,4,8,74,55,60,2,8,4,43,20,114,9,204,21,8,14,26,47,20,6,16,3,22,37,4,9,49,40,11,3,153,196,65,16,71,4,34,4,4,6,5,14,56,43
4,2,3,3,1,1,2,621,162,3961,3590,6833,368,13,4,123,333,47,756,72,1028,3398,925,8,34,5,20,19,29,18,69,23,259,9,32,184,95,47,42,2,144,97,56,40,58,151,212,4,0,20,0,0,1,0,0,0,2,4,11,14,12,1,2,0,3,3,6,6,29,6,3,5,5,10,4,3,5,0,1,1,0,3,4,4,0,1,24,13,7,1,8,2,4,0,0,1,0,0,10,7
3,2,4,17,0,1,4,708,640,4596,6833,27866,9357,35,6,124,4938,559,750,505,5949,3901,3780,40,445,23,92,28,26,159,189,216,6403,23,53,282,454,128,46,9,316,440,168,131,187,251,1245,4,4,137,0,0,2,0,0,2,19,34,50,111,16,2,15,14,2,1,12,25,74,51,5,11,16,71,22,4,11,1,1,13,2,23,5,2,29,3,96,32,6,9,6,1,15,0,2,0,0,2,7,3
0,4,1,9,0,0,0,8300,1131,341,368,9357,23700,206,20,97,5784,1388,347,1580,646,1019,288,23,146,5,34,2,12,103,521,117,9631,5,11,63,350,38,17,2,64,108,494,25,602,41,209,1,2,225,0,0,2,0,0,0,65,75,7,214,4,2,16,44,1,0,5,16,18,102,1,4,17,41,2,0,5,0,0,4,1,24,1,2,9,0,62,7,2,3,1,0,0,0,2,0,0,0,0,0
12784,6704,1725,5153,4264,870,673,201,48,452,13,35,206,75736,18749,1655,70,24,151,358,341,367,41,13,209,120,53,146,3404,29275,486,951,733,200,595,383,393,349,727,39,1210,567,8843,113,2004,47,386,219,10911,2596,25,13,28,53,26,81,4,5,10,17,38,1,3,4,107,34,206,0,48,25,7,15,6,60,3,2,9,5,22,18,1,18,62,80,26,0,57,228,31,14,132,1,8,1,4,54,19,17,48,23
660,3903,136,10285,244,288,170,52,7,159,4,6,20,18749,19464,1514,10,6,63,87,50,193,8,5,43,43,14,27,124,781,206,96,82,51,109,112,61,161,52,8,353,166,10330,39,356,17,53,28,105,2810,5,8,4,7,5,11,1,1,0,4,5,0,2,2,16,3,14,1,11,4,1,1,0,9,1,1,2,1,2,1,1,10,9,2,4,0,6,26,4,3,12,0,3,1,1,13,2,1,3,0
502,332,119,9594,136,162,4536,787,148,1161,123,124,97,1655,1514,30302,530,1168,9002,501,430,542,46,59,158,101,88,84,162,822,14422,148,180,175,6224,6508,477,751,1050,24,725,410,14257,156,586,32,161,1255,249,166,58,71,54,48,50,140,6,8,37,66,57,1,8,12,192,28,270,8,84,26,9,19,18,42,10,5,6,1,29,30,0,19,80,78,29,3,97,309,59,20,155,1,12,3,3,139,34,26,47,43
2,0,2,9,1,0,1,3019,316,436,333,4938,5784,70,10,530,6937,4165,1829,128,6150,426,384,25,66,5,28,8,11,65,1185,212,2627,7,43,270,299,53,42,6,48,103,498,42,234,35,462,1,3,106,0,0,2,0,0,0,0,24,46,104,11,1,8,6,3,5,9,27,60,10,17,4,15,14,4,2,5,0,2,9,1,6,3,6,8,1,71,23,12,6,8,2,4,0,0,1,0,6,8,8
1,0,0,2,1,0,1,4126,39,52,47,559,1388,24,6,1168,4165,2138,1877,107,229,46,86,6,16,2,2,0,1,11,1810,53,1008,1,8,119,60,19,9,1,14,9,270,13,121,6,139,3,0,14,0,0,0,0,0,1,1,5,14,15,11,0,1,5,1,5,4,4,26,4,3,2,5,3,4,0,2,0,0,1,0,2,2,1,5,0,18,12,3,1,4,0,2,0,0,0,0,0,4,2
17,5,6,47,7,3,8,2543,6155,1371,756,750,347,151,63,9002,1829,1877,15903,1533,1382,574,111,1299,1306,92,408,27,40,144,2661,135,488,108,485,9743,1213,546,432,26,252,157,988,316,332,49,234,16,7,123,0,3,11,1,4,6,43,67,229,339,123,9,18,37,21,22,96,97,430,62,61,23,76,121,101,7,16,2,11,71,2,58,75,38,43,2,281,246,112,24,68,0,15,5,3,6,2,32,90,72
11,6,2,46,6,0,11,6207,4111,219,72,505,1580,358,87,501,128,107,1533,18130,215,897,381,77,3981,115,421,42,19,160,840,282,3140,109,79,419,232,5858,63,14,99,145,749,852,2372,45,390,11,3,175,2,0,15,0,0,5,383,164,19,1016,5,13,146,240,14,3,32,11,91,766,12,41,86,1406,7,10,104,0,2,6,4,588,4,23,287,4,74,21,19,112,11,2,68,1,13,1,2,4,8,4
6,5,3,24,2,1,13,393,167,3790,1028,5949,646,341,50,430,6150,229,1382,215,17087,529,421,43,155,24,58,17,34,372,1216,578,1634,24,127,856,750,83,222,7,311,1307,6197,78,526,49,697,20,9,3006,1,1,1,0,0,1,3,13,80,58,39,4,5,5,7,5,64,22,166,10,11,10,16,24,22,3,6,1,3,29,0,11,21,17,5,0,135,106,33,8,26,1,6,1,1,4,3,9,32,21
200,327,372,616,54,83,127,1576,840,4311,3398,3901,1019,367,193,542,426,46,574,897,529,19339,7024,35,448,160,329,1225,5212,689,272,384,1047,429,199,481,287,246,363,204,13223,1161,847,897,603,5781,1510,98,54,178,3,3,5,13,3,20,11,9,20,54,24,0,4,5,25,9,54,4,68,35,6,20,7,71,8,34,65,5,8,10,19,33,23,18,28,20,54,95,32,23,45,40,123,6,20,3,3,9,18,7
0,6,8,8,2,7,5,175,154,653,925,3780,288,41,8,46,384,86,111,381,421,7024,14218,43,727,238,656,418,89,77,53,388,3025,179,19,64,44,596,49,83,127,143,82,1243,459,6814,7817,25,4,38,0,1,2,0,0,1,8,1,4,32,2,1,10,9,2,5,0,3,5,24,1,21,10,144,0,64,114,4,0,0,14,51,1,3,108,17,6,6,4,74,2,22,143,5,25,1,0,0,0,1
1,0,0,10,2,8,19,29,7664,52,8,40,23,13,5,59,25,6,1299,77,43,35,43,4835,1141,94,1667,57,4,18,10,115,37,64,255,4487,2491,48,3227,138,22,15,26,391,24,24,174,77,10,7,1,1,1,0,0,3,6,20,47,81,19,0,11,7,2,3,12,12,81,25,9,10,28,51,15,17,22,0,1,15,3,22,8,3,22,6,81,35,11,30,11,3,26,1,7,4,0,1,10,9
15,4,0,50,3,8,42,165,6629,203,34,445,146,209,43,158,66,16,1306,3981,155,448,727,1141,5563,110,4822,40,23,159,59,421,2041,93,104,764,411,1039,344,20,74,163,191,1569,612,49,722,53,9,145,1,3,12,1,0,6,151,70,37,632,12,13,257,155,18,17,43,16,105,745,17,92,91,2933,10,43,357,4,2,15,9,957,7,25,942,8,59,26,23,355,9,0,322,1,38,2,1,1,5,3
12,11,1,47,8,16,13,16,107,51,5,23,5,120,43,101,5,2,92,115,24,160,238,94,110,23938,1347,553,18,43,95,18576,160,9600,47,147,53,4282,201,307,27,32,178,16670,2545,308,4541,83,18,27,1,0,3,0,1,1,1,2,1,14,5,1,7,1,2,5,2,2,4,9,2,111,14,60,2,475,592,47,0,3,175,44,2,1,76,134,3,12,2,159,11,171,1012,17,199,0,0,0,0,0
8,2,5,23,7,54,31,41,3460,86,20,92,34,53,14,88,28,2,408,421,58,329,656,1667,4822,1347,15594,1371,37,51,24,1637,453,792,179,733,1267,678,2075,4902,48,52,71,8360,497,464,2600,395,85,32,2,2,6,1,0,6,40,18,7,245,12,8,77,46,21,21,29,9,35,138,7,166,59,1273,6,309,1044,64,4,6,101,343,10,12,430,93,23,17,10,432,17,155,909,9,188,2,1,3,7,15
54,43,109,75,35,37,30,10,47,102,19,28,2,146,27,84,8,0,27,42,17,1225,418,57,40,553,1371,78763,1382,425,45,782,62,15267,47,58,405,244,288,15771,901,106,158,1595,345,15473,5826,136,30,37,0,0,1,4,0,1,1,0,1,3,1,0,0,1,3,0,7,0,1,4,3,16,2,17,0,24,120,611,1,1,15,6,2,4,8,144,15,19,4,12,21,788,190,20,18,1,2,1,1,0
486,205,487,261,216,283,90,15,18,194,29,26,12,3404,124,162,11,1,40,19,34,5212,89,4,23,18,37,1382,99898,8600,64,78,49,163,97,135,127,19,185,127,19062,301,319,64,95,772,162,109,7902,129,0,2,3,18,2,11,0,0,3,2,7,0,0,2,20,7,34,0,16,1,2,2,1,5,2,1,3,2,5,1,2,0,22,19,2,1,20,64,11,0,32,6,4,0,0,2,1,2,11,12
1092,658,1336,1079,441,426,311,59,19,494,18,159,103,29275,781,822,65,11,144,160,372,689,77,18,159,43,51,425,8600,55914,421,812,601,93,378,601,537,94,640,47,14025,4300,2708,91,865,201,566,144,1188,2752,6,5,9,57,4,50,5,0,16,17,59,0,2,2,65,29,149,2,93,24,8,10,12,24,11,2,4,4,17,25,0,13,76,68,13,2,101,201,60,6,111,3,5,0,1,16,9,18,56,29
42,19,10,333,18,14,26,1689,66,561,69,189,521,486,206,14422,1185,1810,2661,840,1216,272,53,10,59,95,24,45,64,421,13546,235,727,144,647,1497,259,682,252,13,322,231,12741,90,1418,28,183,69,28,262,5,3,7,4,4,11,8,14,25,31,23,0,2,8,16,8,49,5,80,10,6,9,4,36,9,1,8,1,6,10,1,11,23,23,13,1,46,98,32,8,48,1,6,0,2,10,3,4,37,12
19,22,9,82,10,10,23,134,122,905,23,216,117,951,96,148,212,53,135,282,578,384,388,115,421,18576,1637,782,78,812,235,49911,7919,8987,66,168,83,1879,211,347,317,758,652,6007,8201,467,27710,79,25,737,0,0,2,0,1,2,2,3,3,23,5,2,16,2,9,4,11,0,9,20,5,89,16,203,2,286,471,38,2,1,119,77,5,2,134,131,7,12,5,172,12,148,778,13,137,0,2,1,1,2
15,5,3,34,1,2,11,2324,732,1018,259,6403,9631,733,82,180,2627,1008,488,3140,1634,1047,3025,37,2041,160,453,62,49,601,727,7919,18670,101,34,150,225,818,39,15,242,696,1024,833,8071,137,5781,7,12,911,1,1,10,0,0,3,105,37,16,305,4,2,41,71,6,6,16,7,35,271,4,17,28,429,2,11,64,1,1,7,2,173,4,3,131,4,41,16,10,44,7,3,69,0,13,1,0,0,3,4
32,14,15,102,10,12,31,25,93,62,9,23,5,200,51,175,7,1,108,109,24,429,179,64,93,9600,792,15267,163,93,144,8987,101,56822,49,129,94,1444,203,18953,158,54,284,17285,1388,3436,18257,81,19,26,0,0,1,0,1,1,0,3,1,3,6,0,3,0,2,0,2,0,2,6,2,40,7,42,2,68,188,350,2,2,54,14,1,0,14,631,6,9,2,24,25,1531,696,59,63,3,0,1,1,1
137,67,62,556,97,289,3269,20,168,533,32,53,11,595,109,6224,43,8,485,79,127,199,19,255,104,47,179,47,97,378,647,66,34,49,7653,5310,983,83,10435,41,302,171,995,120,103,21,81,4813,355,62,53,36,48,35,37,110,2,9,22,27,56,2,2,3,165,34,265,4,71,12,17,20,9,17,10,5,12,1,30,28,2,9,74,70,11,1,91,319,49,8,255,2,4,1,1,124,34,22,67,31
43,21,12,144,13,25,90,135,1345,1405,184,282,63,383,112,6508,270,119,9743,419,856,481,64,4487,764,147,733,58,135,601,1497,168,150,129,5310,16915,3455,361,7865,88,607,373,1714,435,156,34,246,193,52,171,19,13,19,7,6,26,15,30,169,166,159,6,15,18,111,61,317,52,442,32,48,44,47,72,56,14,39,6,34,120,3,37,156,117,34,3,422,553,211,18,218,1,34,3,10,16,12,56,137,101
44,26,22,148,21,179,173,474,7235,944,95,454,350,393,61,477,299,60,1213,232,750,287,44,2491,411,53,1267,405,127,537,259,83,225,94,983,3455,2762,56,8267,522,519,350,716,171,67,69,142,1523,245,168,1,3,5,1,3,9,47,112,136,515,108,5,14,44,22,34,72,42,255,49,59,17,72,43,35,6,8,3,8,47,2,30,51,31,21,0,1067,205,77,6,89,11,20,1,4,9,7,24,77,45
40,24,6,161,11,4,20,658,395,148,47,128,38,349,161,751,53,19,546,5858,83,246,596,48,1039,4282,678,244,19,94,682,1879,818,1444,83,361,56,15662,110,104,59,68,811,7567,4913,125,2331,36,7,54,0,5,12,0,1,11,25,12,10,78,13,4,67,23,24,21,16,2,33,154,6,81,28,907,5,160,549,16,3,5,44,269,11,10,435,34,18,25,16,451,9,26,436,5,81,0,4,0,1,12
104,47,193,304,117,916,2038,13,856,778,42,46,17,727,52,1050,42,9,432,63,222,363,49,3227,344,201,2075,288,185,640,252,211,39,203,10435,7865,8267,110,33376,693,484,265,425,688,83,109,425,7355,357,105,28,17,33,24,16,103,2,9,74,68,113,3,10,6,226,59,368,18,215,8,22,37,24,23,18,18,40,6,52,60,4,11,145,121,18,8,307,452,82,26,394,12,42,4,16,39,41,38,109,68
11,8,20,20,12,59,4,3,72,27,2,9,2,39,8,24,6,1,26,14,7,204,83,138,20,307,4902,15771,127,47,13,347,15,18953,41,88,522,104,693,47686,126,19,40,9724,80,1595,1929,267,76,5,1,0,0,0,1,0,0,2,0,7,3,1,1,0,6,2,2,0,1,1,2,41,9,34,0,71,434,1415,4,0,62,2,5,0,8,922,22,20,1,17,50,3708,1012,99,65,4,2,0,1,1
512,612,871,1252,161,226,248,49,24,12470,144,316,64,1210,353,725,48,14,252,99,311,13223,127,22,74,27,48,901,19062,14025,322,317,242,158,302,607,519,59,484,126,54829,9998,1600,97,315,517,434,146,64,682,2,4,6,31,4,25,0,1,19,11,31,1,2,3,35,15,74,3,107,11,4,6,2,11,6,3,9,2,9,13,3,5,50,27,8,1,83,148,46,3,71,8,11,0,1,11,4,16,32,28
86,111,114,434,17,35,59,32,23,12702,97,440,108,567,166,410,103,9,157,145,1307,1161,143,15,163,32,52,106,301,4300,231,758,696,54,171,373,350,68,265,19,9998,18193,2844,99,423,122,662,81,28,7966,4,1,4,5,0,9,3,0,7,6,22,0,1,1,23,9,39,0,50,12,7,8,7,19,4,1,5,1,3,10,0,4,17,12,4,2,52,84,22,6,34,1,6,0,1,0,3,6,21,11
352,141,45,1959,84,36,109,643,79,2664,56,168,494,8843,10330,14257,498,270,988,749,6197,847,82,26,191,178,71,158,319,2708,12741,652,1024,284,995,1714,716,811,425,40,1600,2844,63970,175,2554,66,399,134,117,18065,8,7,9,12,5,21,7,3,17,47,39,1,9,8,55,25,111,2,112,30,3,24,12,88,3,4,14,2,16,19,3,22,41,36,34,4,101,174,47,22,85,1,17,1,6,30,5,16,36,22
16,9,6,76,7,38,31,43,490,221,40,131,25,113,39,156,42,13,316,852,78,897,1243,391,1569,16670,8360,1595,64,91,90,6007,833,17285,120,435,171,7567,688,9724,97,99,175,65846,1122,1762,10409,186,34,39,3,2,9,0,4,3,4,6,3,37,11,4,32,12,18,16,19,3,29,45,8,169,31,601,3,622,1065,172,11,3,238,179,14,7,321,429,13,26,17,382,28,863,1737,41,307,2,2,2,6,8
66,23,12,167,28,6,38,1387,160,388,58,187,602,2004,356,586,234,121,332,2372,526,603,459,24,612,2545,497,345,95,865,1418,8201,8071,1388,103,156,67,4913,83,80,315,423,2554,1122,15047,157,2898,53,41,1069,1,0,9,1,1,7,61,26,14,174,5,4,61,38,13,15,23,2,40,272,3,42,32,745,4,68,212,2,4,4,15,285,3,7,322,12,19,13,8,241,14,12,203,1,34,1,0,2,3,11
33,33,79,48,13,21,11,44,98,286,151,251,41,47,17,32,35,6,49,45,49,5781,6814,24,49,308,464,15473,772,201,28,467,137,3436,21,34,69,125,109,1595,517,122,66,1762,157,21608,11174,25,5,17,0,0,0,1,0,3,1,0,0,4,1,0,0,1,1,1,8,1,7,1,0,13,4,7,0,41,72,52,0,2,22,2,2,1,6,93,9,9,2,13,6,188,209,11,23,0,0,0,0,0
29,22,26,81,8,24,32,202,236,1489,212,1245,209,386,53,161,462,139,234,390,697,1510,7817,174,722,4541,2600,5826,162,566,183,27710,5781,18257,81,246,142,2331,425,1929,434,662,399,10409,2898,11174,61544,138,41,340,0,1,6,0,1,6,4,5,2,38,5,0,18,4,4,12,6,2,21,21,2,98,18,278,3,299,574,108,1,3,123,81,5,5,171,336,11,20,15,239,18,626,909,29,148,2,1,2,8,5
74,59,101,589,139,2619,2823,5,68,213,4,4,1,219,28,1255,1,3,16,11,20,98,25,77,53,83,395,136,109,144,69,79,7,81,4813,193,1523,36,7355,267,146,81,134,186,53,25,138,7783,949,18,31,49,24,50,71,107,0,1,5,8,8,0,1,0,48,7,65,2,10,1,2,0,0,4,0,5,15,2,5,4,1,1,11,12,3,3,23,78,2,4,37,2,8,0,2,204,10,5,8,7
2301,194,536,172,4730,3030,205,3,11,28,0,4,2,10911,105,249,3,0,7,3,9,54,4,10,9,18,85,30,7902,1188,28,25,12,19,355,52,245,7,357,76,64,28,117,34,41,5,41,949,10643,6,0,1,2,65,3,15,0,0,1,0,4,0,1,1,10,3,14,0,1,1,0,3,0,3,1,2,1,0,2,1,1,0,0,1,0,0,2,6,3,0,11,0,0,0,0,4,1,1,3,1
16,15,15,63,4,3,11,73,14,5285,20,137,225,2596,2810,166,106,14,123,175,3006,178,38,7,145,27,32,37,129,2752,262,737,911,26,62,171,168,54,105,5,682,7966,18065,39,1069,17,340,18,6,13940,0,0,0,0,0,2,1,3,8,15,3,0,4,1,2,1,22,1,41,10,4,4,1,32,5,2,6,0,3,5,0,5,5,4,9,1,39,28,7,6,9,0,7,1,1,1,0,4,10,4
6,14,23,74,2,19,86,0,1,4,0,0,0,25,5,58,0,0,0,2,1,3,0,1,1,1,2,0,0,6,5,0,1,0,53,19,1,0,28,1,2,4,8,3,1,0,0,31,0,0,38100,22931,2183,15066,15631,1894,5,5,2,3,123,0,3,3,15652,198,251,0,32,15,3,126,4,9,3,49,25,55,1065,6,9,18,796,70,141,22,51,242,42,45,158,7,25,31,13,365,8683,273,295,45
9,14,24,76,5,22,104,0,2,2,0,0,0,13,8,71,0,0,3,0,1,3,1,1,3,0,2,0,2,5,3,0,1,0,36,13,3,5,17,0,4,1,7,2,0,0,1,49,1,0,22931,131491,23024,19672,3118,12310,4,0,10,2,256,1,3,4,12242,375,191,0,27,15,7,404,2,7,5,42,10,76,824,13,4,23,1245,63,142,40,26,153,35,32,81,10,17,60,25,430,1225,627,546,85
4,14,18,59,2,17,60,4,16,6,1,2,2,28,4,54,2,0,11,15,1,5,2,1,12,3,6,1,3,9,7,2,10,1,48,19,5,12,33,0,6,4,9,9,9,0,6,24,2,0,2183,23024,48888,603,524,16028,59,31,37,33,301,4,16,21,12530,7406,6851,6,256,172,28,172,5,47,19,198,19,36,320,119,20,165,612,583,799,43,50,520,187,274,103,3,54,20,31,215,585,270,589,156
300,51,4013,201,1328,2424,1367,0,0,3,0,0,0,53,7,48,0,0,1,0,0,13,0,0,1,0,1,4,18,57,4,0,0,0,35,7,1,0,24,0,31,5,12,0,1,1,0,50,65,0,15066,19672,603,48767,23505,23325,0,1,3,0,157,1,3,0,997,61,57,0,13,1,3,259,2,3,0,14,4,57,451,0,6,6,756,18,21,18,24,120,19,12,55,6,7,71,8,616,495,475,302,31
6,18,28,85,13,60,198,0,1,1,0,0,0,26,5,50,0,0,4,0,0,3,0,0,0,1,0,0,2,4,4,1,0,1,37,6,3,1,16,1,4,0,5,4,1,0,1,71,3,0,15631,3118,524,23505,17089,7584,1,0,0,5,88,3,3,3,685,81,143,2,18,5,7,47,5,11,6,22,54,20,147,6,9,10,185,37,31,19,133,830,36,28,646,36,76,9,19,7103,3899,65,122,49
101,67,1294,910,142,1035,3530,0,2,17,0,2,0,81,11,140,0,1,6,5,1,20,1,3,6,1,6,1,11,50,11,2,3,1,110,26,9,11,103,0,25,9,21,3,7,3,6,107,15,2,1894,12310,16028,23325,7584,40822,9,2,14,10,308,5,6,10,1629,214,3159,2,163,34,22,216,5,30,14,107,16,28,223,53,18,63,566,133,241,22,62,1242,100,142,260,3,37,33,22,1431,299,322,575,126
1,0,0,2,0,0,2,108,568,4,2,19,65,4,1,6,0,1,43,383,3,11,8,6,151,1,40,1,0,5,8,2,105,0,2,15,47,25,2,0,0,3,7,4,61,1,4,0,0,1,5,4,59,0,1,9,3105,8759,1358,467,14,46,202,2900,87,153,243,718,522,3531,16,164,16,243,48,12,75,3,4,160,6,2764,13,325,397,2,236,23,143,58,5,1,21,7,11,2,4,6,13,14
0,0,0,1,0,0,0,133,565,8,4,34,75,5,1,8,24,5,67,164,13,9,1,20,70,2,18,0,0,0,14,3,37,3,9,30,112,12,9,2,1,0,3,6,26,0,5,1,0,3,5,0,31,1,0,2,8759,22997,4869,2583,123,316,594,3861,22,34,147,7792,936,2755,123,811,113,190,54,41,37,5,2,235,26,1170,12,115,971,21,617,18,48,128,8,3,47,20,46,1,5,7,21,19
0,3,1,4,0,0,11,69,190,74,11,50,7,10,0,37,46,14,229,19,80,20,4,47,37,1,7,1,3,16,25,3,16,1,22,169,136,10,74,0,19,7,17,3,14,0,2,5,1,8,2,10,37,3,0,14,1358,4869,6162,1932,942,627,505,1272,25,37,775,3486,4246,598,251,760,186,78,1831,40,26,6,12,4680,18,1108,74,103,1028,11,594,97,275,81,90,10,56,11,74,2,3,72,161,167
3,2,0,16,1,1,4,520,2384,55,14,111,214,17,4,66,104,15,339,1016,58,54,32,81,632,14,245,3,2,17,31,23,305,3,27,166,515,78,68,7,11,6,47,37,174,4,38,8,0,15,3,2,33,0,5,10,467,2583,1932,31103,287,350,427,678,15,13,184,305,5330,4296,189,857,9844,6085,52,93,1202,20,14,38,39,554,28,21,276,46,6988,254,20,211,122,60,418,14,103,8,5,29,69,56
3,3,4,17,2,0,12,16,28,60,12,16,4,38,5,57,11,11,123,5,39,24,2,19,12,5,12,1,7,59,23,5,4,6,56,159,108,13,113,3,31,22,39,11,5,1,5,8,4,3,123,256,301,157,88,308,14,123,942,287,34638,2781,1768,117,442,575,847,318,1631,38,8588,3673,163,74,871,123,116,63,166,334,157,428,812,192,217,122,1029,980,591,169,567,20,267,157,400,99,45,13945,14441,2591
1,2,0,0,0,1,0,7,23,2,1,2,2,1,0,1,1,0,9,13,4,0,1,0,13,1,8,0,0,0,0,2,2,0,2,6,5,4,3,1,1,0,1,4,4,0,0,0,0,0,0,1,4,1,3,5,46,316,627,350,2781,3583,5042,220,7,43,35,822,255,87,3388,4521,26,50,436,13,29,7,9,238,25,296,41,12,27,33,87,22,104,25,11,5,73,69,105,1,3,51,180,208
0,0,0,2,1,0,0,29,139,8,2,15,16,3,2,8,8,1,18,146,5,4,10,11,257,7,77,0,0,2,2,16,41,3,2,15,14,67,10,1,2,1,9,32,61,0,18,1,1,4,3,3,16,3,3,6,202,594,505,427,1768,5042,27741,10303,31,114,80,3718,262,606,8844,6505,41,866,1452,72,268,28,24,1409,61,8955,76,88,639,58,234,35,677,398,21,9,331,99,500,2,4,63,207,523
0,0,0,3,0,1,0,87,399,4,0,14,44,4,2,12,6,5,37,240,5,5,9,7,155,1,46,1,2,2,8,2,71,0,3,18,44,23,6,0,3,1,8,12,38,1,4,0,1,1,3,4,21,0,3,10,2900,3861,1272,678,117,220,10303,16564,55,170,188,7778,423,700,1206,542,60,365,413,28,117,3,5,848,16,5805,13,429,484,6,501,16,415,46,13,4,37,14,44,0,4,7,23,85
31,22,36,133,14,20,127,3,14,43,3,2,1,107,16,192,3,1,21,14,7,25,2,2,18,2,21,3,20,65,16,9,6,2,165,111,22,24,226,6,35,23,55,18,13,1,4,48,10,2,15652,12242,12530,997,685,1629,87,22,25,15,442,7,31,55,77417,15297,2412,7,199,174,57,346,15,46,40,774,55,114,6999,106,134,575,15761,1825,2130,142,347,781,1080,464,562,12,116,67,196,316,12283,575,931,575
5,3,7,13,3,1,18,4,15,20,3,1,0,34,3,28,5,5,22,3,5,9,5,3,17,5,21,0,7,29,8,4,6,0,34,61,34,21,59,2,15,9,25,16,15,1,12,7,3,1,198,375,7406,61,81,214,153,34,37,13,575,43,114,170,15297,42460,3313,15,178,168,196,364,20,79,77,666,56,95,676,298,217,1247,8610,9184,2998,113,273,312,4657,386,263,15,137,50,416,110,263,479,3241,7472
39,25,31,128,14,16,110,11,60,114,6,12,5,206,14,270,9,4,96,32,64,54,0,12,43,2,29,7,34,149,49,11,16,2,265,317,72,16,368,2,74,39,111,19,23,8,6,65,14,22,251,191,6851,57,143,3159,243,147,775,184,847,35,80,188,2412,3313,43534,97,9971,500,136,251,69,222,368,189,63,42,204,9855,40,410,791,9149,1029,33,691,10199,1463,327,706,5,139,17,61,376,217,283,756,522
1,0,0,3,0,0,1,55,191,9,6,25,16,0,1,8,27,4,97,11,22,4,3,12,16,2,9,0,0,2,5,0,7,0,4,52,42,2,18,0,3,0,2,3,2,1,2,2,0,1,0,0,6,0,2,2,718,7792,3486,305,318,822,3718,7778,7,15,97,8299,648,73,4265,563,103,32,1425,18,19,1,4,4616,23,1092,6,75,214,6,388,23,85,26,19,1,33,10,72,0,0,12,35,141
3,6,3,21,1,1,8,94,251,204,29,74,18,48,11,84,60,26,430,91,166,68,5,81,105,4,35,1,16,93,80,9,35,2,71,442,255,33,215,1,107,50,112,29,40,7,21,10,1,41,32,27,256,13,18,163,522,936,4246,5330,1631,255,262,423,199,178,9971,648,19331,1207,451,702,4236,1389,760,153,413,38,64,3577,63,709,351,567,741,63,2276,4784,841,353,865,73,439,16,129,18,25,217,593,469
3,0,0,9,0,0,3,121,812,21,6,51,102,25,4,26,10,4,62,766,10,35,24,25,745,9,138,4,1,24,10,20,271,6,12,32,49,154,8,1,11,12,30,45,272,1,21,1,1,10,15,15,172,1,5,34,3531,2755,598,4296,38,87,606,700,174,168,500,73,1207,17458,28,426,211,3704,25,68,211,3,9,73,22,4215,22,283,3577,20,380,85,75,1494,17,5,349,16,67,6,13,11,19,32
1,1,0,0,0,0,3,14,37,8,3,5,1,7,1,9,17,3,61,12,11,6,1,9,17,2,7,3,2,8,6,5,4,2,17,48,59,6,22,2,4,7,3,8,3,0,2,2,0,4,3,7,28,3,7,22,16,123,251,189,8588,3388,8844,1206,57,196,136,4265,451,28,15388,1809,90,63,6892,78,85,48,33,2657,167,954,229,60,264,97,411,196,879,138,87,7,195,62,475,11,5,137,849,5892
1,0,4,5,2,2,3,11,46,14,5,11,4,15,1,19,4,2,23,41,10,20,21,10,92,111,166,16,2,10,9,89,17,40,20,44,17,81,37,41,6,8,24,169,42,13,98,0,3,4,126,404,172,259,47,216,164,811,760,857,3673,4521,6505,542,346,364,251,563,702,426,1809,35546,116,526,555,1090,1098,1857,3613,309,880,4788,1894,153,598,1501,267,305,372,1042,212,356,3170,8945,9949,34,69,3076,1227,483
1,0,0,3,3,0,1,30,214,26,5,16,17,6,0,18,15,5,76,86,16,7,10,28,91,14,59,2,1,12,4,16,28,7,9,47,72,28,24,9,2,7,12,31,32,4,18,0,0,1,4,2,5,2,5,5,16,113,186,9844,163,26,41,60,15,20,69,103,4236,211,90,116,11331,3346,49,121,1031,47,8,40,62,150,37,11,77,62,3308,2392,45,100,645,154,513,7,144,6,4,14,69,31
5,0,0,7,0,1,3,102,756,47,10,71,41,60,9,42,14,3,121,1406,24,71,144,51,2933,60,1273,17,5,24,36,203,429,42,17,72,43,907,23,34,11,19,88,601,745,7,278,4,3,32,9,7,47,3,11,30,243,190,78,6085,74,50,866,365,46,79,222,32,1389,3704,63,526,3346,11414,44,309,8175,104,13,47,145,2873,42,53,1283,138,1019,825,97,819,452,412,2818,28,360,15,11,3,22,47
0,0,0,1,0,0,1,6,24,20,4,22,2,3,1,10,4,4,101,7,22,8,0,15,10,2,6,0,2,11,9,2,2,2,10,56,35,5,18,0,6,4,3,3,4,0,3,0,1,5,3,5,19,0,6,14,48,54,1831,52,871,436,1452,413,40,77,368,1425,760,25,6892,555,49,44,6117,55,46,14,6,7678,61,845,72,909,424,30,261,163,3854,82,67,11,57,12,246,1,8,49,201,2814
2,0,0,4,0,1,2,0,17,6,3,4,0,2,1,5,2,0,7,10,3,34,64,17,43,475,309,24,1,2,1,286,11,68,5,14,6,160,18,71,3,1,4,622,68,41,299,5,2,2,49,42,198,14,22,107,12,41,40,93,123,13,72,28,774,666,189,18,153,68,78,1090,121,309,55,38008,1565,499,98,39,14366,1422,303,288,8517,14438,36,184,293,9783,207,249,14830,105,1822,35,58,48,125,151
2,0,0,5,3,1,0,12,78,16,5,11,5,9,2,6,5,2,16,104,6,65,114,22,357,592,1044,120,3,4,8,471,64,188,12,39,8,549,40,434,9,5,14,1065,212,72,574,15,1,6,25,10,19,4,54,16,75,37,26,1202,116,29,268,117,55,56,63,19,413,211,85,1098,1031,8175,46,1565,13782,1493,38,21,874,1180,68,17,714,875,1001,1043,75,917,1801,6030,10821,152,1430,96,43,22,50,48
0,0,0,1,0,1,0,2,1,3,0,1,0,5,1,1,0,0,2,0,1,5,4,0,4,47,64,611,2,4,1,38,1,350,1,6,3,16,6,1415,2,1,2,172,2,52,108,2,0,0,55,76,36,57,20,28,3,5,6,20,63,7,28,3,114,95,42,1,38,3,48,1857,47,104,14,499,1493,51477,2133,2,194,50,829,20,225,7854,142,123,54,191,405,19778,2516,17681,787,40,49,786,137,64
2,4,4,12,0,0,12,0,2,22,1,1,0,22,2,29,2,0,11,2,3,8,0,1,2,0,4,1,5,17,6,2,1,2,30,34,8,3,52,4,9,3,16,11,4,0,1,5,2,3,1065,824,320,451,147,223,4,2,12,14,166,9,24,5,6999,676,204,4,64,9,33,3613,8,13,6,98,38,2133,91756,17,55,77,27315,169,166,348,179,200,177,37,172,87,116,1214,126,93,16476,13119,926,191
1,2,1,9,0,1,6,10,30,37,1,13,4,18,1,30,9,1,71,6,29,10,0,15,15,3,6,1,1,25,10,1,7,2,28,120,47,5,60,0,13,10,19,3,4,2,3,4,1,5,6,13,119,0,6,53,160,235,4680,38,334,238,1409,848,106,298,9855,4616,3577,73,2657,309,40,47,7678,39,21,2,17,8792,30,1022,111,1903,508,9,255,397,2578,62,93,1,41,6,140,8,11,42,109,665
0,0,0,1,0,0,0,1,5,4,0,2,1,1,1,0,1,0,2,4,0,19,14,3,9,175,101,15,2,0,1,119,2,54,2,3,2,44,4,62,3,0,3,238,15,22,123,1,1,0,9,4,20,6,9,18,6,26,18,39,157,25,61,16,134,217,40,23,63,22,167,880,62,145,61,14366,874,194,55,30,23869,2077,141,75,2796,11560,24,72,239,841,109,228,4693,150,13800,14,13,16,92,171
0,0,0,5,0,0,1,63,424,9,3,23,24,18,10,19,6,2,58,588,11,33,51,22,957,44,343,6,0,13,11,77,173,14,9,37,30,269,11,2,5,4,22,179,285,2,81,1,0,5,18,23,165,6,10,63,2764,1170,1108,554,428,296,8955,5805,575,1247,410,1092,709,4215,954,4788,150,2873,845,1422,1180,50,77,1022,2077,27356,308,1144,16115,215,340,162,2233,2840,71,30,1900,57,5784,13,36,50,214,657
5,5,9,34,2,1,20,4,10,49,4,5,1,62,9,80,3,2,75,4,21,23,1,8,7,2,10,2,22,76,23,5,4,1,74,156,51,11,145,5,50,17,41,14,3,2,5,11,0,5,796,1245,612,756,185,566,13,12,74,28,812,41,76,13,15761,8610,791,6,351,22,229,1894,37,42,72,303,68,829,27315,111,141,308,60676,615,641,268,779,732,1014,133,625,61,143,592,286,175,1679,8918,13059,2190
16,8,5,27,2,6,28,3,20,40,4,2,2,80,2,78,6,1,38,23,17,18,3,3,25,1,12,4,19,68,23,2,3,0,70,117,31,10,121,0,27,12,36,7,7,1,5,12,1,4,70,63,583,18,37,133,325,115,103,21,192,12,88,429,1825,9184,9149,75,567,283,60,153,11,53,909,288,17,20,169,1903,75,1144,615,15919,2502,45,422,631,6558,232,326,0,47,5,123,98,103,171,351,501
0,1,0,9,0,0,4,23,82,11,0,29,9,26,4,29,8,5,43,287,5,28,108,22,942,76,430,8,2,13,13,134,131,14,11,34,21,435,18,8,8,4,34,321,322,6,171,3,0,9,141,142,799,21,31,241,397,971,1028,276,217,27,639,484,2130,2998,1029,214,741,3577,264,598,77,1283,424,8517,714,225,166,508,2796,16115,641,2502,18681,1306,92,178,2165,6898,81,44,1673,51,2962,34,125,104,356,555
0,0,0,0,0,0,1,0,3,3,1,3,0,0,0,3,1,0,2,4,0,20,17,6,8,134,93,144,1,2,1,131,4,631,1,3,0,34,8,922,1,2,4,429,12,93,336,3,0,1,22,40,43,18,19,22,2,21,11,46,122,33,58,6,142,113,33,6,63,20,97,1501,62,138,30,14438,875,7854,348,9,11560,215,268,45,1306,56153,28,109,105,1289,175,8057,15042,9441,6644,16,21,167,111,85
3,4,2,22,2,2,18,138,513,153,24,96,62,57,6,97,71,18,281,74,135,54,6,81,59,3,23,15,20,101,46,7,41,6,91,422,1067,18,307,22,83,52,101,13,19,9,11,23,2,39,51,26,50,24,133,62,236,617,594,6988,1029,87,234,501,347,273,691,388,2276,380,411,267,3308,1019,261,36,1001,142,179,255,24,340,779,422,92,28,2990,3065,770,41,3632,243,183,20,54,365,135,260,813,526
41,36,49,170,21,25,173,11,45,196,13,32,7,228,26,309,23,12,246,21,106,95,6,35,26,12,17,19,64,201,98,12,16,9,319,553,205,25,452,20,148,84,174,26,13,9,20,78,6,28,242,153,520,120,830,1242,23,18,97,254,980,22,35,16,781,312,10199,23,4784,85,196,305,2392,825,163,184,1043,123,200,397,72,162,732,631,178,109,3065,24446,755,169,10315,317,555,24,135,3258,323,253,799,493
2,0,2,13,0,2,6,5,7,65,7,6,2,31,4,59,12,3,112,19,33,32,4,11,23,2,10,4,11,60,32,5,10,2,49,211,77,16,82,1,46,22,47,17,8,2,15,2,3,7,42,35,187,19,36,100,143,48,275,20,591,104,677,415,1080,4657,1463,85,841,75,879,372,45,97,3854,293,75,54,177,2578,239,2233,1014,6558,2165,105,770,755,38045,224,375,6,166,26,587,54,66,156,1495,12519
1,0,0,4,1,0,3,6,42,16,1,9,3,14,3,20,6,1,24,112,8,23,74,30,355,159,432,12,0,6,8,172,44,24,8,18,6,451,26,17,3,6,22,382,241,13,239,4,0,6,45,32,274,12,28,142,58,128,81,211,169,25,398,46,464,386,327,26,353,1494,138,1042,100,819,82,9783,917,191,37,62,841,2840,133,232,6898,1289,41,169,224,20624,78,108,10269,60,1319,18,39,28,132,96
22,9,16,69,8,6,64,8,11,71,8,6,1,132,12,155,8,4,68,11,26,45,2,11,9,11,17,21,32,111,48,12,7,25,255,218,89,9,394,50,71,34,85,28,14,6,18,37,11,9,158,81,103,55,646,260,5,8,90,122,567,11,21,13,562,263,706,19,865,17,87,212,645,452,67,207,1801,405,172,93,109,71,625,326,81,175,3632,10315,375,78,14051,888,905,30,193,5861,351,185,575,320
0,0,1,2,0,1,0,0,1,4,2,1,0,1,0,1,2,0,0,2,1,40,22,3,0,171,155,788,6,3,1,148,3,1531,2,1,11,26,12,3708,8,1,1,863,12,188,626,2,0,0,7,10,3,6,36,3,1,3,10,60,20,5,9,4,12,15,5,1,73,5,7,356,154,412,11,249,6030,19778,87,1,228,30,61,0,44,8057,243,317,6,108,888,42393,20007,1514,541,53,36,41,16,3
1,2,1,8,0,2,2,5,48,34,4,15,0,8,3,12,4,2,15,68,6,123,143,26,322,1012,909,190,4,5,6,778,69,696,4,34,20,436,42,1012,11,6,17,1737,203,209,909,8,0,7,25,17,54,7,76,37,21,47,56,418,267,73,331,37,116,137,139,33,439,349,195,3170,513,2818,57,14830,10821,2516,116,41,4693,1900,143,47,1673,15042,183,555,166,10269,905,20007,56988,1061,6185,102,66,79,166,144
0,0,0,0,0,0,0,0,1,4,0,0,0,1,1,3,0,0,5,1,1,6,5,1,1,17,9,20,0,0,0,13,0,59,1,3,1,5,4,99,0,0,1,41,1,11,29,0,0,1,31,60,20,71,9,33,7,20,11,14,157,69,99,14,67,50,17,10,16,16,62,8945,7,28,12,105,152,17681,1214,6,150,57,592,5,51,9441,20,24,26,60,30,1514,1061,20584,5610,5,21,559,132,32
0,2,0,0,0,0,1,1,16,4,0,2,2,4,1,3,0,0,3,13,1,20,25,7,38,199,188,18,0,1,2,137,13,63,1,10,4,81,16,65,1,1,6,307,34,23,148,2,0,1,13,25,31,8,19,22,11,46,74,103,400,105,500,44,196,416,61,72,129,67,475,9949,144,360,246,1822,1430,787,126,140,13800,5784,286,123,2962,6644,54,135,587,1319,193,541,6185,5610,30977,26,24,74,221,394
28,46,89,226,8,81,318,0,1,6,1,0,0,54,13,139,1,0,6,1,4,3,1,4,2,0,2,1,2,16,10,0,1,3,124,16,9,0,39,4,11,0,30,2,1,0,2,204,4,1,365,430,215,616,7103,1431,2,1,2,8,99,1,2,0,316,110,376,0,18,6,11,34,6,15,1,35,96,40,93,8,14,13,175,98,34,16,365,3258,54,18,5861,53,102,5,26,9571,600,52,144,64
6,1,4,27,4,8,18,0,1,5,0,0,0,19,2,34,0,0,2,2,3,3,0,0,1,0,1,2,1,9,3,2,0,0,34,12,7,4,41,2,4,3,5,2,0,0,1,10,1,0,8683,1225,585,495,3899,299,4,5,3,5,45,3,4,4,12283,263,217,0,25,13,5,69,4,11,8,58,43,49,16476,11,13,36,1679,103,125,21,135,323,66,39,351,36,66,21,24,600,29922,177,123,60
5,3,2,13,2,2,8,4,5,14,0,2,0,17,1,26,6,0,32,4,9,9,0,1,1,0,3,1,2,18,4,1,0,1,22,56,24,0,38,0,16,6,16,2,2,0,2,5,1,4,273,627,270,475,65,322,6,7,72,29,13945,51,63,7,575,479,283,12,217,11,137,3076,14,3,49,48,22,786,13119,42,16,50,8918,171,104,167,260,253,156,28,185,41,79,559,74,52,177,35885,6737,295
6,7,4,13,4,3,18,12,17,56,10,7,0,48,3,47,8,4,90,8,32,18,0,10,5,0,7,1,11,56,37,1,3,1,67,137,77,1,109,1,32,21,36,6,3,0,8,8,3,10,295,546,589,302,122,575,13,21,161,69,14441,180,207,23,931,3241,756,35,593,19,849,1227,69,22,201,125,50,137,926,109,92,214,13059,351,356,111,813,799,1495,132,575,16,166,132,221,144,123,6737,32172,12504
4,4,4,7,0,0,10,11,5,43,7,3,0,23,0,43,8,2,72,4,21,7,1,9,3,0,15,0,12,29,12,2,4,1,31,101,45,12,68,1,28,11,22,8,11,0,5,7,1,4,45,85,156,31,49,126,14,19,167,56,2591,208,523,85,575,7472,522,141,469,32,5892,483,31,47,2814,151,48,64,191,665,171,657,2190,501,555,85,526,493,12519,96,320,3,144,32,394,64,60,295,12504,17206
