48640,5127,15782,3117,17332,7409,380,0,0,117,22,0,0,13905,664,139,0,0,1,0,1,104,0,8,0,4,0,1,82,155,33,4,6,2,10,14,5,0,19,0,47,67,150,2,1,0,2,89,283,54,0,0,0,0,0,0,0,1,0,0,4,0,0,0,0,2,1,0,1,0,0,0,7,0,0,0,0,0,1,1,0,0,0,0,0,0,2,4,0,0,0,0,0,0,0,0,0,0,0,0
5127,8223,7555,11809,409,1721,327,0,0,31,8,0,0,2522,1035,147,0,0,0,0,0,41,0,1,1,0,0,0,21,24,16,0,1,1,6,5,1,0,6,0,14,33,67,0,0,0,0,37,18,13,0,0,0,0,0,0,0,0,0,0,0,0,0,0,0,0,0,0,0,0,0,0,2,0,0,0,0,0,0,0,0,0,0,0,0,0,0,0,0,0,0,0,1,0,0,1,0,0,0,0
15782,7555,45903,10003,7552,8682,6164,0,1,79,10,0,0,655,201,68,0,0,2,1,0,92,0,2,0,1,0,0,32,40,7,0,0,0,10,8,1,0,20,0,28,61,32,0,0,1,1,55,18,14,186,284,14,2854,33,80,0,0,0,0,6,1,0,0,9,2,0,0,1,0,0,3,0,0,0,0,0,0,0,1,0,0,0,0,0,0,0,1,0,1,0,0,0,0,0,1,1,0,2,0
3117,11809,10003,64750,1375,10187,21157,3,19,2369,191,1,2,4499,10539,10413,1,1,12,3,0,683,1,49,0,11,1,5,256,550,182,3,12,1,671,131,60,1,373,0,285,805,2067,2,2,2,1,733,82,606,1,1,3,1,3,3,1,1,3,0,16,0,0,0,5,10,39,1,7,0,0,1,37,0,0,0,1,0,1,5,0,0,0,1,0,0,9,21,1,1,15,0,0,0,0,1,0,0,7,2
17332,409,7552,1375,25789,33724,89,0,3,92,27,0,0,15256,294,109,0,2,1,0,0,75,0,7,0,6,0,2,129,730,44,1,10,2,10,15,7,0,16,0,29,86,128,1,0,0,0,108,3888,75,0,0,1,0,0,0,0,0,0,0,2,1,0,0,0,2,2,0,1,0,0,0,4,0,0,0,0,0,0,1,1,0,0,1,0,0,3,2,0,0,2,0,0,0,0,1,0,0,0,0
7409,1721,8682,10187,33724,35034,18861,0,3,422,68,0,0,4524,954,335,1,3,2,1,0,525,0,40,0,2,1,3,257,402,75,2,5,5,214,67,51,1,346,3,218,303,198,0,1,3,0,3346,2623,59,20,5,1,2375,273,79,0,0,0,0,14,0,0,0,2,2,9,1,4,0,1,6,4,0,0,0,0,0,3,0,0,0,2,0,0,0,9,7,0,0,3,0,1,0,0,4,0,0,9,1
380,327,6164,21157,89,18861,45055,1,7,745,110,0,1,418,115,13954,0,0,3,1,0,515,0,13,0,0,0,1,134,217,14,0,2,2,3828,101,41,0,2472,0,163,365,29,0,0,1,0,344,8,75,1,5,18,465,34,458,1,1,0,0,52,1,0,0,10,12,20,0,7,0,0,10,16,0,0,0,0,0,6,3,0,0,4,0,0,0,6,26,0,0,15,0,0,0,1,8,0,1,35,2
0,0,0,3,0,0,1,56317,4836,48,1056,238,4280,56,5,1143,2385,12315,5358,10158,58,910,292,228,8,150,10,12,25,23,268,8,3089,11,1,6,320,239,7,1,9,49,85,22,3482,24,17,4,2,92,0,0,0,1,0,0,49,42,4,121,10,26,5,30,0,0,1,12,0,151,10,6,14,27,0,2,6,0,0,0,0,30,0,1,20,0,15,0,1,5,2,0,4,0,0,0,1,0,4,2
0,0,1,19,3,3,7,4836,58020,235,2391,739,258,57,10,1515,864,1996,8850,9029,74,588,248,7240,11030,472,7738,124,66,71,63,169,203,153,9,277,3952,284,243,203,44,67,44,1412,164,44,325,21,1,21,0,0,0,0,0,1,97,108,29,1712,64,57,12,47,5,6,9,37,6,430,19,53,89,70,0,29,93,0,5,9,11,67,5,1,65,13,100,9,1,47,4,2,66,6,24,1,2,4,27,8
117,31,79,2369,92,422,745,48,235,31801,1098,524,251,553,382,3839,301,1135,219,17,4128,1576,50,355,4,24,8,8,175,496,3190,23,2541,14,144,134,366,15,248,3,15415,28680,2394,23,38,4,77,131,16,5458,0,1,2,2,2,0,1,5,19,7,44,5,0,1,6,5,26,12,13,6,5,9,82,0,0,1,1,0,3,16,1,0,4,0,4,2,52,19,1,2,16,0,1,3,3,5,1,2,27,9
22,8,10,191,27,68,110,1056,2391,1098,3543,7495,630,211,156,3114,2328,532,930,687,180,2682,3324,1407,11,91,60,139,43,54,917,146,2442,72,214,465,1368,131,719,14,36,37,449,106,98,104,1013,120,10,74,3,4,6,1,8,3,21,66,30,66,87,32,0,8,17,13,73,29,38,58,14,16,182,2,1,7,7,0,8,43,4,5,6,1,9,5,99,66,3,8,48,1,7,1,5,17,9,2,52,11
0,0,0,1,0,0,0,238,739,524,7495,20425,12824,5,1,102,9426,1638,39,656,2714,1540,5888,398,14,20,22,20,29,1,191,28,12893,12,1,12,333,40,32,3,1,17,52,52,35,55,462,3,0,23,0,0,0,0,0,1,12,16,3,52,5,15,3,11,1,0,3,5,1,47,5,1,13,2,0,1,5,0,0,0,0,9,0,0,2,1,14,2,0,5,2,2,6,0,1,0,0,0,0,0
0,0,0,2,0,0,1,4280,258,251,630,12824,18595,79,7,29,11670,2407,60,1117,193,389,554,69,38,8,31,4,19,40,128,6,16782,3,0,2,126,11,2,1,5,90,161,9,578,11,41,1,1,210,0,0,0,0,0,0,32,29,0,113,4,7,2,25,0,0,1,4,0,180,4,10,4,11,0,0,8,0,1,0,0,20,0,0,6,0,10,0,0,3,0,0,3,1,3,0,0,0,0,0
13905,2522,655,4499,15256,4524,418,56,57,553,211,5,79,78708,13791,1718,8,218,87,11,81,610,8,262,1,69,11,24,3677,20800,1073,42,755,21,122,358,176,8,392,2,446,5766,2631,16,56,8,33,501,14043,12366,1,0,7,2,1,4,1,2,6,4,45,4,0,0,15,12,63,3,20,5,3,4,84,0,0,3,1,0,4,35,0,1,3,5,1,0,44,55,3,4,37,0,2,0,0,10,6,1,15,4
664,1035,201,10539,294,954,115,5,10,382,156,1,7,13791,14057,6616,2,11,11,1,3,94,1,60,1,29,3,2,118,588,1063,5,67,8,113,133,29,3,187,0,49,664,12065,6,7,0,8,669,60,12588,1,0,0,0,1,1,0,0,1,0,9,0,0,0,3,5,18,2,8,0,1,2,12,0,0,0,0,0,0,1,0,1,0,1,0,0,11,12,1,0,9,0,0,0,0,0,0,0,2,0
139,147,68,10413,109,335,13954,1143,1515,3839,3114,102,29,1718,6616,38651,69,516,16460,367,58,431,86,3182,33,1303,102,157,164,383,17718,202,427,327,8643,15363,549,605,6524,7,99,468,27808,176,1007,14,274,1289,33,737,15,7,24,3,14,12,3,14,20,25,128,12,0,4,38,39,284,12,90,19,9,24,234,18,0,28,22,0,6,58,10,24,5,11,32,6,136,172,2,25,115,1,28,0,4,52,4,0,38,15
0,0,0,1,0,1,0,2385,864,301,2328,9426,11670,8,2,69,11832,4020,67,183,13519,259,733,418,6,25,9,5,6,3,743,25,1665,10,0,20,435,36,22,2,0,19,388,25,26,9,222,1,0,28,0,0,0,0,0,0,16,21,1,36,7,8,0,7,2,0,1,5,0,35,3,3,12,0,0,1,4,0,0,0,1,3,1,0,3,3,16,1,0,1,1,1,5,0,2,0,0,0,3,0
0,0,0,1,2,3,0,12315,1996,1135,532,1638,2407,218,11,516,4020,3164,1850,151,2430,88,137,691,2,94,14,7,29,117,1534,36,1386,20,5,42,1016,68,116,1,12,260,880,15,448,2,59,8,3,409,0,0,0,0,0,1,3,16,10,14,13,4,0,0,0,1,7,5,5,8,3,3,33,2,0,1,4,0,1,4,0,2,0,0,2,2,25,1,0,2,2,0,4,1,0,0,0,0,12,1
1,0,2,12,1,2,3,5358,8850,219,930,39,60,87,11,16460,67,1850,31724,266,16,186,22,3110,7,464,19,34,42,64,218,51,66,63,101,9162,186,309,176,1,44,72,84,19,581,1,50,30,0,10,0,0,1,0,0,1,0,3,4,1,24,4,0,1,5,6,20,3,10,4,5,10,68,4,0,7,6,0,1,12,1,7,1,1,5,1,28,15,0,14,8,0,7,0,2,2,0,1,12,3
0,0,1,3,0,1,1,10158,9029,17,687,656,1117,11,1,367,183,151,266,22311,10,1590,771,281,11751,286,1050,40,43,7,26,45,3485,58,0,20,352,6688,6,12,4,4,16,2306,8615,116,103,0,0,5,0,0,0,0,0,1,153,90,6,442,13,53,73,184,0,2,4,16,1,1489,17,63,27,1002,1,12,227,3,1,1,6,376,0,1,903,3,40,1,1,51,2,0,83,5,11,0,0,0,0,2
1,0,0,0,0,0,0,58,74,4128,180,2714,193,81,3,58,13519,2430,16,10,14797,23,48,78,1,3,1,3,8,49,12574,4,749,0,1,12,73,2,13,1,9,577,12716,3,11,0,32,1,0,5119,0,0,0,0,0,0,0,1,1,0,1,0,0,0,0,0,1,1,0,2,0,1,3,0,0,0,0,0,0,0,0,0,0,0,1,1,3,0,0,1,1,0,1,0,0,0,0,0,1,0
104,41,92,683,75,525,515,910,588,1576,2682,1540,389,610,94,431,259,88,186,1590,23,14537,3273,541,51,144,229,2293,4821,1049,51,113,1118,146,57,139,681,168,250,213,16671,847,72,392,170,3244,257,125,158,113,0,1,2,0,0,0,5,3,12,15,54,12,3,1,6,1,20,21,12,40,5,22,106,12,0,20,19,0,1,17,18,5,4,1,28,21,62,17,1,16,11,8,32,5,6,3,0,0,31,3
0,0,0,1,0,0,0,292,248,50,3324,5888,554,8,1,86,733,137,22,771,48,3273,11722,58,119,1233,1101,1545,44,5,12,708,8461,233,0,6,32,848,13,151,2,1,6,1970,387,4290,6855,0,0,3,0,0,0,0,0,0,7,3,1,11,5,5,2,3,0,3,4,1,0,32,1,72,2,37,0,155,101,2,1,0,66,53,0,1,57,49,1,0,0,136,0,22,222,12,64,0,0,0,0,0
8,1,2,49,7,40,13,228,7240,355,1407,398,69,262,60,3182,418,691,3110,281,78,541,58,8127,345,105,607,48,134,188,239,37,57,48,210,9915,10146,40,12222,58,102,186,119,232,42,8,98,458,9,41,2,0,17,3,4,5,26,32,22,119,125,21,3,7,12,15,114,29,47,45,9,31,190,3,0,8,7,1,8,45,2,5,5,1,3,4,153,63,0,14,55,1,8,2,2,10,6,5,67,18
0,1,0,0,0,0,0,8,11030,4,11,14,38,1,1,33,6,2,7,11751,1,51,119,345,11827,14,8774,15,4,2,6,17,292,9,1,8,68,156,4,13,0,1,6,3713,66,10,22,1,1,0,0,0,0,0,0,0,13,16,1,71,0,6,21,18,0,2,2,0,0,681,3,28,3,339,0,12,373,0,0,0,5,128,0,1,459,1,5,0,0,98,1,0,81,2,8,0,0,1,0,0
4,0,1,11,6,2,0,150,472,24,91,20,8,69,29,1303,25,94,464,286,3,144,1233,105,14,25552,1801,841,9,15,195,10395,566,8398,8,39,38,8176,29,363,2,12,69,11770,3956,291,3175,5,0,36,0,0,0,0,0,0,4,1,0,33,4,5,2,4,2,11,12,3,0,13,8,373,12,26,0,832,386,35,0,6,426,144,0,2,43,388,4,1,0,555,3,116,1060,46,353,0,0,0,1,5
0,0,0,1,0,1,0,10,7738,8,60,22,31,11,3,102,9,14,19,1050,1,229,1101,607,8774,1801,25517,624,5,3,15,1079,589,521,6,16,1063,819,269,6004,0,0,8,17642,391,266,1911,9,0,2,0,1,0,0,0,0,8,8,1,51,8,1,3,3,1,2,6,2,1,85,1,77,3,176,0,171,282,2,0,2,53,135,0,1,221,47,1,0,0,220,0,11,315,11,58,0,0,0,0,2
1,0,0,5,2,3,1,12,124,8,139,20,4,24,2,157,5,7,34,40,3,2293,1545,48,15,841,624,63568,282,48,30,624,146,7680,0,6,62,76,33,46389,96,5,13,2079,56,17213,2529,2,1,13,0,0,0,0,0,1,0,1,0,1,1,0,0,1,0,0,1,0,0,2,0,27,0,1,0,40,26,33,1,0,67,8,0,0,6,118,0,1,0,26,0,45,67,20,27,0,0,0,0,0
82,21,32,256,129,257,134,25,66,175,43,29,19,3677,118,164,6,29,42,43,8,4821,44,134,4,9,5,282,75318,9386,74,5,113,7,20,65,171,10,104,13,20325,875,92,6,6,186,3,44,5003,229,0,0,0,0,1,0,0,4,5,1,29,2,0,0,3,1,8,4,1,3,1,3,35,0,0,0,0,0,0,5,0,0,0,1,0,0,28,11,0,1,3,0,0,0,0,0,0,0,7,3
155,24,40,550,730,402,217,23,71,496,54,1,40,20800,588,383,3,117,64,7,49,1049,5,188,2,15,3,48,9386,42366,457,19,437,6,29,77,199,3,120,0,13078,22410,347,3,7,15,10,69,1243,5505,0,0,1,0,1,0,0,1,7,2,22,1,0,0,4,2,10,4,9,1,3,8,38,0,0,2,0,0,7,9,0,0,3,1,1,0,31,10,2,1,4,0,0,0,0,1,1,0,17,5
33,16,7,182,44,75,14,268,63,3190,917,191,128,1073,1063,17718,743,1534,218,26,12574,51,12,239,6,195,15,30,74,457,18560,46,715,55,59,514,117,18,188,3,32,870,58761,25,272,6,55,45,17,3434,0,0,0,0,0,1,0,2,1,3,6,1,0,0,3,3,14,1,2,3,3,2,25,4,0,5,4,0,0,3,2,8,0,1,8,0,17,6,0,8,7,0,4,0,1,1,0,0,5,0
4,0,0,3,1,2,0,8,169,23,146,28,6,42,5,202,25,36,51,45,4,113,708,37,17,10395,1079,624,5,19,46,46491,7315,7987,0,11,11,586,15,524,1,17,18,1668,10196,228,26157,4,1,25,0,0,0,0,0,0,1,1,0,8,7,3,0,1,0,2,2,5,0,7,2,213,10,24,0,501,206,27,0,1,432,58,0,1,45,518,0,2,0,220,1,179,769,87,211,0,0,1,0,3
6,1,0,12,10,5,2,3089,203,2541,2442,12893,16782,755,67,427,1665,1386,66,3485,749,1118,8461,57,292,566,589,146,113,437,715,7315,15888,133,1,20,90,1453,20,11,34,657,632,1678,3958,184,13527,3,12,1043,0,0,1,0,0,2,16,19,0,60,1,4,22,20,2,2,0,0,0,386,1,17,5,202,0,42,171,0,0,1,5,122,0,2,390,7,5,2,0,82,0,3,96,3,8,0,0,0,0,2
2,1,0,1,2,5,2,11,153,14,72,12,3,21,8,327,10,20,63,58,0,146,233,48,9,8398,521,7680,7,6,55,7987,133,60217,3,15,27,240,28,13679,3,5,26,9218,103,782,7044,4,0,12,0,0,0,0,0,0,0,0,0,4,1,6,0,2,0,2,1,0,0,3,0,66,2,0,0,124,38,72,0,0,299,7,0,0,3,852,2,1,0,24,0,289,335,166,95,0,0,0,0,0
10,6,10,671,10,214,3828,1,9,144,214,1,0,122,113,8643,0,5,101,0,1,57,0,210,1,8,6,0,20,29,59,0,1,3,13707,9642,122,1,30874,1,15,30,141,5,0,0,3,3789,8,20,2,0,8,1,0,2,2,2,3,2,18,2,0,0,10,13,69,0,14,2,3,2,44,0,0,0,0,0,1,8,0,0,0,2,0,0,19,28,2,0,20,0,0,0,0,4,0,0,5,5
14,5,8,131,15,67,101,6,277,134,465,12,2,358,133,15363,20,42,9162,20,12,139,6,9915,8,39,16,6,65,77,514,11,20,15,9642,22188,211,13,9973,6,27,50,320,29,8,2,19,896,12,53,5,0,11,1,3,8,1,2,5,3,66,3,0,0,31,21,142,5,35,3,11,7,147,0,0,2,2,0,3,35,1,0,1,2,0,0,89,110,2,2,66,0,4,0,0,19,1,0,21,11
5,1,1,60,7,51,41,320,3952,366,1368,333,126,176,29,549,435,1016,186,352,73,681,32,10146,68,38,1063,62,171,199,117,11,90,27,122,211,2910,32,3484,312,141,225,66,46,26,7,29,635,14,50,1,0,4,1,4,4,22,19,8,75,19,12,2,11,3,6,56,13,21,34,3,10,55,3,3,1,5,0,1,3,0,3,1,0,2,0,108,33,0,2,32,0,4,0,1,60,1,0,3,2
0,0,0,1,0,1,0,239,284,15,131,40,11,8,3,605,36,68,309,6688,2,168,848,40,156,8176,819,76,10,3,18,586,1453,240,1,13,32,17748,4,17,0,3,21,6955,7436,52,855,1,0,4,0,0,0,0,0,0,8,6,2,24,2,4,13,8,0,2,3,4,3,134,0,53,3,278,0,205,286,1,0,4,25,283,0,0,444,12,1,0,0,338,0,4,293,2,50,0,0,0,0,3
19,6,20,373,16,346,2472,7,243,248,719,32,2,392,187,6524,22,116,176,6,13,250,13,12222,4,29,269,33,104,120,188,15,20,28,30874,9973,3484,4,37474,141,62,97,165,49,9,6,33,12500,59,68,8,3,16,0,6,13,4,3,10,3,74,6,0,0,35,30,182,4,45,4,4,6,160,0,0,1,1,0,1,30,2,0,3,6,1,0,122,118,3,4,67,1,2,0,0,30,1,1,23,10
0,0,0,0,0,3,0,1,203,3,14,3,1,2,0,7,2,1,1,12,1,213,151,58,13,363,6004,46389,13,0,3,524,11,13679,1,6,312,17,141,39767,3,0,1,10549,12,856,1519,11,1,0,0,0,0,0,0,0,0,0,0,0,0,0,0,0,0,1,0,0,1,3,0,21,0,1,0,34,15,56,0,0,80,2,0,0,2,293,0,0,0,10,0,117,109,55,29,0,0,1,0,0
47,14,28,285,29,218,163,9,44,15415,36,1,5,446,49,99,0,12,44,4,9,16671,2,102,0,2,0,96,20325,13078,32,1,34,3,15,27,141,0,62,3,51904,7632,58,1,2,53,3,46,11,141,0,0,2,0,0,0,0,4,2,3,8,4,0,0,2,2,6,6,3,0,3,4,38,0,0,1,1,0,0,5,0,0,0,0,0,0,21,3,0,0,6,0,0,0,0,1,1,0,5,0
67,33,61,805,86,303,365,49,67,28680,37,17,90,5766,664,468,19,260,72,4,577,847,1,186,1,12,0,5,875,22410,870,17,657,5,30,50,225,3,97,0,7632,23810,818,0,10,5,8,60,35,5507,0,0,1,0,0,0,1,2,14,6,20,3,0,0,2,6,9,6,7,1,3,3,38,0,0,0,0,0,2,6,0,2,0,0,1,0,21,10,0,1,6,0,0,0,0,1,2,0,14,4
150,67,32,2067,128,198,29,85,44,2394,449,52,161,2631,12065,27808,388,880,84,16,12716,72,6,119,6,69,8,13,92,347,58761,18,632,26,141,320,66,21,165,1,58,818,85187,13,37,0,15,600,33,16092,1,1,3,0,3,0,1,0,2,1,14,3,0,0,6,6,18,3,8,1,0,2,19,0,0,0,0,0,1,0,1,0,0,0,1,1,5,12,1,1,6,0,1,0,0,1,0,0,0,1
2,0,0,2,1,0,0,22,1412,23,106,52,9,16,6,176,25,15,19,2306,3,392,1970,232,3713,11770,17642,2079,6,3,25,1668,1678,9218,5,29,46,6955,49,10549,1,0,13,48308,266,622,3912,4,0,5,0,0,0,0,0,0,11,7,0,50,1,11,12,12,2,6,12,1,0,105,5,325,15,248,0,716,505,27,0,2,450,259,0,4,431,531,1,1,2,499,0,188,1132,101,291,3,0,0,1,2
1,0,0,2,0,1,0,3482,164,38,98,35,578,56,7,1007,26,448,581,8615,11,170,387,42,66,3956,391,56,6,7,272,10196,3958,103,0,8,26,7436,9,12,2,10,37,266,19991,39,493,1,1,47,0,0,0,0,0,0,12,15,1,37,1,6,22,13,2,4,3,1,0,354,0,46,9,342,0,77,289,0,0,3,5,236,0,0,755,1,3,0,0,226,0,2,216,1,15,0,0,0,1,0
0,0,1,2,0,3,1,24,44,4,104,55,11,8,0,14,9,2,1,116,0,3244,4290,8,10,291,266,17213,186,15,6,228,184,782,0,2,7,52,6,856,53,5,0,622,39,19134,9341,1,1,1,0,0,0,0,0,0,1,0,0,2,0,0,1,0,0,0,1,1,0,3,0,13,0,1,0,30,25,3,0,0,41,5,0,0,6,71,0,0,0,18,0,32,53,11,12,0,0,0,0,0
2,0,1,1,0,0,0,17,325,77,1013,462,41,33,8,274,222,59,50,103,32,257,6855,98,22,3175,1911,2529,3,10,55,26157,13527,7044,3,19,29,855,33,1519,3,8,15,3912,493,9341,54205,3,1,9,0,0,0,0,0,0,3,1,1,16,3,6,3,5,2,4,2,2,0,10,3,196,5,16,0,404,181,39,0,3,261,54,1,0,23,513,1,1,0,248,0,155,548,90,191,1,0,1,1,6
89,37,55,733,108,3346,344,4,21,131,120,3,1,501,669,1289,1,8,30,0,1,125,0,458,1,5,9,2,44,69,45,4,3,4,3789,896,635,1,12500,11,46,60,600,4,1,1,3,6257,600,24,1,0,7,0,3,4,1,0,1,1,21,0,0,0,3,12,49,3,10,1,1,1,24,0,0,0,1,0,0,2,0,0,0,2,0,0,27,47,0,0,19,0,0,0,0,13,1,0,4,2
283,18,18,82,3888,2623,8,2,1,16,10,0,1,14043,60,33,0,3,0,0,0,158,0,9,1,0,0,1,5003,1243,17,1,12,0,8,12,14,0,59,1,11,35,33,0,1,1,1,600,9154,27,0,0,0,0,0,0,0,0,0,0,3,0,0,0,0,2,4,0,1,0,0,0,2,0,0,0,0,0,0,0,0,0,0,0,0,0,4,0,0,0,0,0,0,0,0,0,0,0,1,0
54,13,14,606,75,59,75,92,21,5458,74,23,210,12366,12588,737,28,409,10,5,5119,113,3,41,0,36,2,13,229,5505,3434,25,1043,12,20,53,50,4,68,0,141,5507,16092,5,47,1,9,24,27,14907,0,0,2,2,2,0,0,0,3,0,7,0,0,0,1,4,9,4,8,1,1,3,19,0,0,0,2,0,0,1,0,2,0,1,2,0,12,16,0,1,4,0,1,0,0,3,0,0,5,2
0,0,186,1,0,20,1,0,0,0,3,0,0,1,1,15,0,0,0,0,0,0,0,2,0,0,0,0,0,0,0,0,0,0,2,5,1,0,8,0,0,0,1,0,0,0,0,1,0,0,49839,20984,3797,20165,18403,443,2,9,2,1,288,37,0,0,24334,451,274,1,10,8,1,68,36,0,0,9,3,0,355,16,1,2,334,22,4,2,17,236,2,28,27,1,3,7,6,135,8600,17,253,65
0,0,284,1,0,5,5,0,0,1,4,0,0,0,0,7,0,0,0,0,0,1,0,0,0,0,1,0,0,0,0,0,0,0,0,0,0,0,3,0,0,0,1,0,0,0,0,0,0,0,20984,78784,20415,22939,3730,9364,1,3,0,0,334,16,0,0,5264,231,167,0,3,1,0,78,5,0,0,2,0,2,82,1,0,1,63,7,0,0,9,333,0,5,19,0,2,2,1,117,325,6,299,20
0,0,14,3,1,1,18,0,0,2,6,0,0,7,0,24,0,0,1,0,0,2,0,17,0,0,0,0,0,1,0,0,1,0,8,11,4,0,16,0,2,1,3,0,0,0,0,7,0,2,3797,20415,51557,5199,3457,8403,4,23,8,6,1579,97,0,0,11985,12219,3155,4,22,17,3,138,37,1,0,12,5,1,120,49,6,4,128,475,7,0,33,1742,0,57,68,0,2,2,5,224,257,15,524,77
0,0,2854,1,0,2375,465,1,0,2,1,0,0,2,0,3,0,0,0,0,0,0,0,3,0,0,0,0,0,0,0,0,0,0,1,1,1,0,0,0,0,0,0,0,0,0,0,0,0,2,20165,22939,5199,47014,18069,18610,1,2,2,0,1003,15,0,0,1158,154,95,2,8,1,0,338,18,0,0,1,0,2,172,2,0,0,150,0,0,0,11,257,1,3,25,1,0,7,0,239,209,45,1065,17
0,0,33,3,0,273,34,0,0,2,8,0,0,1,1,14,0,0,0,0,0,0,0,4,0,0,0,0,1,1,0,0,0,0,0,3,4,0,6,0,0,0,3,0,0,0,0,3,0,2,18403,3730,3457,18069,22897,8340,0,1,2,1,740,55,0,0,2019,202,230,3,30,4,1,222,92,13,0,1,16,2,170,7,2,2,158,8,1,3,177,2386,1,7,453,3,3,4,2,2634,5938,35,439,18
0,0,80,3,0,79,458,0,1,0,3,1,0,4,1,12,0,1,1,1,0,0,0,5,0,0,0,1,0,0,1,0,2,0,2,8,4,0,13,0,0,0,0,0,0,0,0,4,0,0,443,9364,8403,18610,8340,59214,0,4,0,2,2491,111,0,0,335,547,3048,0,20,2,0,353,23,2,0,4,0,0,143,3,1,0,113,0,2,0,28,1285,0,9,83,0,0,8,1,404,67,49,1389,27
0,0,0,1,0,0,1,49,97,1,21,12,32,1,0,3,16,3,0,153,0,5,7,26,13,4,8,0,0,0,0,1,16,0,2,1,22,8,4,0,0,1,1,11,12,1,3,1,0,0,2,1,4,1,0,0,6963,8062,96,108,296,446,139,1869,9,250,92,4060,111,5437,844,252,129,16,231,152,30,5,3,1829,110,4356,2,170,3984,18,317,16,855,145,4,1,24,6,48,3,3,1,42,771
1,0,0,1,0,0,1,42,108,5,66,16,29,2,0,14,21,16,3,90,1,3,3,32,16,1,8,1,4,1,2,1,19,0,2,2,19,6,3,0,4,2,0,7,15,0,1,0,0,0,9,3,23,2,1,4,8062,27707,10057,770,427,1645,134,684,76,316,1241,9944,861,6948,424,891,756,205,124,45,139,8,22,2077,20,277,14,186,425,7,871,30,54,358,4,1,204,14,36,4,16,8,102,65
0,0,0,3,0,0,0,4,29,19,30,3,0,6,1,20,1,10,4,6,1,12,1,22,1,0,1,0,5,7,1,0,0,0,3,5,8,2,10,0,2,14,2,0,1,0,1,1,0,3,2,0,8,2,2,0,96,10057,13651,11179,324,234,4,8,32,99,4161,2392,6751,138,95,94,599,106,115,17,67,0,17,6676,13,13,13,79,10,4,368,76,60,164,19,2,86,1,9,3,12,5,136,80
0,0,0,0,0,0,0,121,1712,7,66,52,113,4,0,25,36,14,1,442,0,15,11,119,71,33,51,1,1,2,3,8,60,4,2,3,75,24,3,0,3,6,1,50,37,2,16,1,0,0,1,0,6,0,1,2,108,770,11179,44895,232,431,43,163,17,20,360,215,4742,3700,93,285,11497,9508,9,53,1999,15,19,119,58,82,7,18,45,54,2033,20,4,547,11,7,1170,24,103,2,11,6,46,11
4,0,6,16,2,14,52,10,64,44,87,5,4,45,9,128,7,13,24,13,1,54,5,125,0,4,8,1,29,22,6,7,1,1,18,66,19,2,74,0,8,20,14,1,1,0,3,21,3,7,288,334,1579,1003,740,2491,296,427,324,232,29681,450,721,109,755,1617,2248,620,400,93,5966,1002,1710,6,200,255,44,45,114,1955,502,344,116,643,129,137,1190,1001,2852,219,347,8,70,43,307,454,210,25289,48191,12313
0,0,1,0,1,0,1,26,57,5,32,15,7,4,0,12,8,4,4,53,0,12,5,21,6,5,1,0,2,1,1,3,4,6,2,3,12,4,6,0,4,3,3,11,6,0,6,0,0,0,37,16,97,15,55,111,446,1645,234,431,450,3932,5864,3877,67,20,160,2937,70,1369,3325,7238,1157,18,19,54,86,116,36,118,69,860,26,23,27,61,622,128,16,71,38,25,127,254,284,70,26,15,25,22
0,0,0,0,0,0,0,5,12,0,0,3,2,0,0,0,0,0,0,73,0,3,2,3,21,2,3,0,0,0,0,0,22,0,0,0,2,13,0,0,0,0,0,12,22,1,3,0,0,0,0,0,0,0,0,0,139,134,4,43,721,5864,20647,20708,0,1,2,3047,0,363,2426,6440,22,72,2,17,183,16,4,4,21,11883,0,0,91,16,19,0,0,60,0,3,73,97,437,0,0,15,7,12
0,0,0,0,0,0,0,30,47,1,8,11,25,0,0,4,7,0,1,184,0,1,3,7,18,4,3,1,0,0,0,1,20,2,0,0,11,8,0,0,0,0,0,12,13,0,5,0,0,0,0,0,0,0,0,0,1869,684,8,163,109,3877,20708,11322,0,3,6,13605,1,602,1726,2508,50,67,11,26,94,12,0,78,88,9688,1,4,402,32,94,0,17,48,0,1,77,36,509,0,0,0,1,12
0,0,9,5,0,2,10,0,5,6,17,1,0,15,3,38,2,0,5,0,0,6,0,12,0,2,1,0,3,4,3,0,2,0,10,31,3,0,35,0,2,2,6,2,2,0,2,3,0,1,24334,5264,11985,1158,2019,335,9,76,32,17,755,67,0,0,56909,18634,1920,34,53,59,7,317,133,2,1,61,6,7,5747,158,40,26,20453,624,37,10,136,341,20,167,102,0,15,24,25,216,11069,192,4015,2401
2,0,2,10,2,2,12,0,6,5,13,0,0,12,5,39,0,1,6,2,0,1,3,15,2,11,2,0,1,2,3,2,2,2,13,21,6,2,30,1,2,6,6,6,4,0,4,12,2,4,451,231,12219,154,202,547,250,316,99,20,1617,20,1,3,18634,60242,7957,79,148,279,291,125,124,4,50,364,34,5,745,2313,134,104,5908,10307,296,42,68,100,3875,675,44,1,69,13,74,64,817,34,3003,10780
1,0,0,39,2,9,20,1,9,26,73,3,1,63,18,284,1,7,20,4,1,20,4,114,2,12,6,1,8,10,14,2,0,1,69,142,56,3,182,0,6,9,18,12,3,1,2,49,4,9,274,167,3155,95,230,3048,92,1241,4161,360,2248,160,2,6,1920,7957,56450,636,17504,384,71,133,2863,5,30,196,34,5,60,8206,67,48,94,8733,135,21,466,20179,108,852,3191,2,58,5,77,979,81,7,368,235
0,0,0,1,0,1,0,12,37,12,29,5,4,3,2,12,5,5,3,16,1,21,1,29,0,3,2,0,4,4,1,5,0,0,0,5,13,4,4,0,6,6,3,1,1,1,2,3,0,4,1,0,4,2,3,0,4060,9944,2392,215,620,2937,3047,13605,34,79,636,6428,716,163,3769,1150,1049,3,1977,68,20,10,18,3808,134,504,12,65,81,29,699,25,261,57,10,3,48,39,175,11,10,9,111,324
1,0,1,7,1,4,7,0,6,13,38,1,0,20,8,90,0,5,10,1,0,12,0,47,0,0,1,0,1,9,2,0,0,0,14,35,21,3,45,1,3,7,8,0,0,0,0,10,1,8,10,3,22,8,30,20,111,861,6751,4742,400,70,0,1,53,148,17504,716,31040,91,59,51,7442,9,23,8,9,0,12,7232,9,12,12,77,14,0,415,4419,48,86,805,0,10,2,3,371,7,5,129,128
0,0,0,0,0,0,0,151,430,6,58,47,180,5,0,19,35,8,4,1489,2,40,32,45,681,13,85,2,3,1,3,7,386,3,2,3,34,134,4,3,0,1,1,105,354,3,10,1,0,1,8,1,17,1,4,2,5437,6948,138,3700,93,1369,363,602,59,279,384,163,91,17316,61,2182,207,1432,1,233,367,34,9,761,61,3630,8,185,8928,27,526,6,21,4662,3,2,371,69,73,3,4,3,36,15
0,0,0,0,0,1,0,10,19,5,14,5,4,3,1,9,3,3,5,17,0,5,1,9,3,8,1,0,1,3,3,2,1,0,3,11,3,0,4,0,3,3,0,5,0,0,3,1,0,1,1,0,3,0,1,0,844,424,95,93,5966,3325,2426,1726,7,291,71,3769,59,61,7698,992,720,5,9372,91,43,19,11,4165,343,600,6,246,93,52,406,30,4738,63,38,4,74,48,288,21,3,5,444,17288
0,0,3,1,0,6,10,6,53,9,16,1,10,4,2,24,3,3,10,63,1,22,72,31,28,373,77,27,3,8,2,213,17,66,2,7,10,53,6,21,4,3,2,325,46,13,196,1,0,3,68,78,138,338,222,353,252,891,94,285,1002,7238,6440,2508,317,125,133,1150,51,2182,992,36281,401,139,6,1180,1532,1515,2693,106,1222,7048,808,24,213,1679,292,158,36,1244,58,449,3443,13521,8663,146,302,4429,866,92
7,2,0,37,4,4,16,14,89,82,182,13,4,84,12,234,12,33,68,27,3,106,2,190,3,12,3,0,35,38,25,10,5,2,44,147,55,3,160,0,38,38,19,15,9,0,5,24,2,19,36,5,37,18,92,23,129,756,599,11497,1710,1157,22,50,133,124,2863,1049,7442,207,720,401,4423,5129,51,53,1063,31,98,503,56,44,57,73,19,52,9825,6105,62,222,5920,73,393,23,90,929,101,29,501,129
0,0,0,0,0,0,0,27,70,0,2,2,11,0,0,18,0,2,4,1002,0,12,37,3,339,26,176,1,0,0,4,24,202,0,0,0,3,278,0,1,0,0,0,248,342,1,16,0,0,0,0,0,1,0,13,2,16,205,106,9508,6,18,72,67,2,4,5,3,9,1432,5,139,5129,20033,0,44,9377,10,1,8,21,416,1,2,607,25,790,21,1,185,144,29,4465,14,70,59,0,0,0,0
0,0,0,0,0,0,0,0,0,0,1,0,0,0,0,0,0,0,0,1,0,0,0,0,0,0,0,0,0,0,0,0,0,0,0,0,3,0,0,0,0,0,0,0,0,0,0,0,0,0,0,0,0,0,0,0,231,124,115,9,200,19,2,11,1,50,30,1977,23,1,9372,6,51,0,3131,8,0,1,2,9296,8,26,1,440,11,1,28,2,2934,4,1,0,0,0,2,0,0,1,20,1406
0,0,0,0,0,0,0,2,29,1,7,1,0,3,0,28,1,1,7,12,0,20,155,8,12,832,171,40,0,2,5,501,42,124,0,2,1,205,1,34,1,0,0,716,77,30,404,0,0,0,9,2,12,1,1,4,152,45,17,53,255,54,17,26,61,364,196,68,8,233,91,1180,53,44,8,31138,1530,110,9,233,13358,2888,10,103,4585,7872,11,20,153,11796,9,226,15876,315,1559,5,11,3,101,377
0,0,0,1,0,0,0,6,93,1,7,5,8,1,0,22,4,4,6,227,0,19,101,7,373,386,282,26,0,0,4,206,171,38,0,2,5,286,1,15,1,0,0,505,289,25,181,1,0,2,3,0,5,0,16,0,30,139,67,1999,44,86,183,94,6,34,34,20,9,367,43,1532,1063,9377,0,1530,22773,325,2,25,744,1156,1,14,955,662,828,17,5,1230,132,3241,11411,247,1343,50,1,0,9,16
0,0,0,0,0,0,0,0,0,0,0,0,0,0,0,0,0,0,0,3,0,0,2,1,0,35,2,33,0,0,0,27,0,72,0,0,0,1,0,56,0,0,0,27,0,3,39,0,0,0,0,2,1,2,2,0,5,8,0,15,45,116,16,12,7,5,5,10,0,34,19,1515,31,10,1,110,325,53780,152,3,128,82,38,0,8,4741,38,1,1,113,10,40817,948,11446,180,1,7,60,17,26
1,0,0,1,0,3,6,0,5,3,8,0,1,4,0,6,0,1,1,1,0,1,1,8,0,0,0,1,0,7,0,0,0,0,1,3,1,0,1,0,0,2,1,0,0,0,0,0,0,0,355,82,120,172,170,143,3,22,17,19,114,36,4,0,5747,745,60,18,12,9,11,2693,98,1,2,9,2,152,99881,29,7,9,19556,7,8,24,150,51,1,11,24,14,6,717,5,39,10634,20281,3768,183
1,0,1,5,1,0,3,0,9,16,43,0,0,35,1,58,0,4,12,1,0,17,0,45,0,6,2,0,5,9,3,1,1,0,8,35,3,4,30,0,5,6,0,2,3,0,3,2,0,1,16,1,49,2,7,3,1829,2077,6676,119,1955,118,4,78,158,2313,8206,3808,7232,761,4165,106,503,8,9296,233,25,3,29,14239,85,205,30,3214,324,18,301,83,5845,594,57,0,32,3,60,15,19,6,425,4186
0,0,0,0,1,0,0,0,11,1,4,0,0,0,0,10,1,0,1,6,0,18,66,2,5,426,53,67,0,0,2,432,5,299,0,1,0,25,2,80,0,0,1,450,5,41,261,0,0,0,1,0,6,0,2,1,110,20,13,58,502,69,21,88,40,134,67,134,9,61,343,1222,56,21,8,13358,744,128,7,85,21796,6492,5,31,3272,14125,15,11,98,2181,10,532,2825,1294,13654,4,4,2,121,523
0,0,0,0,0,0,0,30,67,0,5,9,20,1,1,24,3,2,7,376,0,5,53,5,128,144,135,8,0,0,8,58,122,7,0,0,3,283,0,2,0,2,0,259,236,5,54,0,0,2,2,1,4,0,2,0,4356,277,13,82,344,860,11883,9688,26,104,48,504,12,3630,600,7048,44,416,26,2888,1156,82,9,205,6492,22904,7,41,8275,128,54,8,282,2012,6,11,939,112,13965,5,3,2,71,530
0,0,0,0,0,2,4,0,5,4,6,0,0,3,0,5,1,0,1,0,0,4,0,5,0,0,0,0,0,3,0,0,0,0,0,1,1,0,3,0,0,0,0,0,0,0,1,0,0,0,334,63,128,150,158,113,2,14,13,7,116,26,0,1,20453,5908,94,12,12,8,6,808,57,1,1,10,1,38,19556,30,5,7,49954,21,6,7,79,33,6,15,16,0,4,171,4,33,4288,7387,36585,2337
0,0,0,1,1,0,0,1,1,0,1,0,0,5,1,11,0,0,1,1,0,1,1,1,1,2,1,0,1,1,1,1,2,0,2,2,0,0,6,0,0,0,0,4,0,0,0,2,0,1,22,7,475,0,8,0,170,186,79,18,643,23,0,4,624,10307,8733,65,77,185,246,24,73,2,440,103,14,0,7,3214,31,41,21,15748,111,11,25,13,8281,247,7,0,13,0,15,14,10,0,83,797
0,0,0,0,0,0,0,20,65,4,9,2,6,1,0,32,3,2,5,903,1,28,57,3,459,43,221,6,0,1,8,45,390,3,0,0,2,444,1,2,0,1,1,431,755,6,23,0,0,2,4,0,7,0,1,2,3984,425,10,45,129,27,91,402,37,296,135,81,14,8928,93,213,19,607,11,4585,955,8,8,324,3272,8275,6,111,27880,14,8,7,218,7801,3,3,443,13,1685,0,7,1,44,293
0,0,0,0,0,0,0,0,13,2,5,1,0,0,0,6,3,2,1,3,1,21,49,4,1,388,47,118,0,0,0,518,7,852,0,0,0,12,0,293,0,0,1,531,1,71,513,0,0,0,2,0,0,0,3,0,18,7,4,54,137,61,16,32,10,42,21,29,0,27,52,1679,52,25,1,7872,662,4741,24,18,14125,128,7,11,14,66032,35,4,14,1002,8,8103,8551,6933,3751,6,0,6,31,105
2,0,0,9,3,9,6,15,100,52,99,14,10,44,11,136,16,25,28,40,3,62,1,153,5,4,1,0,28,31,17,0,5,2,19,89,108,1,122,0,21,21,5,1,3,0,1,27,4,12,17,9,33,11,177,28,317,871,368,2033,1190,622,19,94,136,68,466,699,415,526,406,292,9825,790,28,11,828,38,150,301,15,54,79,25,8,35,4274,1447,42,48,2767,201,81,11,14,1146,104,31,590,129
4,0,1,21,2,7,26,0,9,19,66,2,0,55,12,172,1,1,15,1,0,17,0,63,0,1,0,1,11,10,6,2,2,1,28,110,33,0,118,0,3,10,12,1,0,0,1,47,0,16,236,333,1742,257,2386,1285,16,30,76,20,1001,128,0,0,341,100,20179,25,4419,6,30,158,6105,21,2,20,17,1,51,83,11,8,33,13,7,4,1447,33969,4,71,18675,3,9,1,14,2728,34,13,312,47
0,0,0,1,0,0,0,1,1,1,3,0,0,3,1,2,0,0,0,1,0,1,0,0,0,0,0,0,0,2,0,0,0,0,2,2,0,0,3,0,0,0,1,2,0,0,0,0,0,0,2,0,0,1,1,0,855,54,60,4,2852,16,0,17,20,3875,108,261,48,21,4738,36,62,1,2934,153,5,1,1,5845,98,282,6,8281,218,14,42,4,40211,153,4,1,6,3,53,2,3,2,368,14307
0,0,1,1,0,0,0,5,47,2,8,5,3,4,0,25,1,2,14,51,1,16,136,14,98,555,220,26,1,1,8,220,82,24,0,2,2,338,4,10,0,1,1,499,226,18,248,0,0,1,28,5,57,3,7,9,145,358,164,547,219,71,60,48,167,675,852,57,86,4662,63,1244,222,185,4,11796,1230,113,11,594,2181,2012,15,247,7801,1002,48,71,153,23744,13,34,17007,170,1394,5,11,6,103,331
0,0,0,15,2,3,15,2,4,16,48,2,0,37,9,115,1,2,8,2,1,11,0,55,1,3,0,0,3,4,7,1,0,0,20,66,32,0,67,0,6,6,6,0,0,0,0,19,0,4,27,19,68,25,453,83,4,4,19,11,347,38,0,0,102,44,3191,10,805,3,38,58,5920,144,1,9,132,10,24,57,10,6,16,7,3,8,2767,18675,4,13,19168,42,15,3,2,13233,11,10,122,14
0,0,0,0,0,0,0,0,2,0,1,2,0,0,0,1,1,0,0,0,0,8,22,1,0,116,11,45,0,0,0,179,3,289,0,0,0,4,1,117,0,0,0,188,2,32,155,0,0,0,1,0,0,1,3,0,1,1,2,7,8,25,3,1,0,1,2,3,0,2,4,449,73,29,0,226,3241,40817,14,0,532,11,0,0,3,8103,201,3,1,34,42,52689,10671,1768,312,14,0,7,3,3
0,1,0,0,0,1,0,4,66,1,7,6,3,2,0,28,5,4,7,83,1,32,222,8,81,1060,315,67,0,0,4,769,96,335,0,4,4,293,2,109,0,0,1,1132,216,53,548,0,0,1,3,2,2,0,3,0,24,204,86,1170,70,127,73,77,15,69,58,48,10,371,74,3443,393,4465,0,15876,11411,948,6,32,2825,939,4,13,443,8551,81,9,6,17007,15,10671,45011,1451,3536,6,0,6,15,37
0,0,0,0,0,0,0,0,6,3,1,0,1,0,0,0,0,1,0,5,0,5,12,2,2,46,11,20,0,0,0,87,3,166,0,0,0,2,0,55,0,0,0,101,1,11,90,0,0,0,7,2,2,7,4,8,6,14,1,24,43,254,97,36,24,13,5,39,2,69,48,13521,23,14,0,315,247,11446,717,3,1294,112,171,0,13,6933,11,1,3,170,3,1768,1451,28153,17205,2,14,302,27,14
0,0,0,0,0,0,1,0,24,3,5,1,3,0,0,4,2,0,2,11,0,6,64,2,8,353,58,27,0,0,1,211,8,95,0,0,1,50,0,29,0,0,0,291,15,12,191,0,0,0,6,1,5,0,2,1,48,36,9,103,307,284,437,509,25,74,77,175,3,73,288,8663,90,70,2,1559,1343,180,5,60,13654,13965,4,15,1685,3751,14,14,53,1394,2,312,3536,17205,32964,3,0,2,43,246
0,1,1,1,1,4,8,0,1,5,17,0,0,10,0,52,0,0,2,0,0,3,0,10,0,0,0,0,0,1,1,0,0,0,4,19,60,0,30,0,1,1,1,3,0,0,1,13,0,3,135,117,224,239,2634,404,3,4,3,2,454,70,0,0,216,64,979,11,371,3,21,146,929,59,0,5,50,1,39,15,4,5,33,14,0,6,1146,2728,2,5,13233,14,6,2,3,7490,37,17,213,21
0,0,1,0,0,0,0,1,2,1,9,0,0,6,0,4,0,0,0,0,0,0,0,6,0,0,0,0,0,1,0,0,0,0,0,1,1,0,1,0,1,2,0,0,0,0,0,1,0,0,8600,325,257,209,5938,67,3,16,12,11,210,26,0,0,11069,817,81,10,7,4,3,302,101,0,0,11,1,7,10634,19,4,3,4288,10,7,0,104,34,3,11,11,0,0,14,0,37,26980,931,1959,162
0,0,0,0,0,0,1,0,4,2,2,0,0,1,0,0,0,0,1,0,0,0,0,5,1,0,0,0,0,0,0,1,0,0,0,0,0,0,1,1,0,0,0,0,0,0,1,0,0,0,17,6,15,45,35,49,1,8,5,6,25289,15,15,0,192,34,7,9,5,3,5,4429,29,0,1,3,0,60,20281,6,2,2,7387,0,1,6,31,13,2,6,10,7,6,302,2,17,931,37793,1816,13
0,0,2,7,0,9,35,4,27,27,52,0,0,15,2,38,3,12,12,0,1,31,0,67,0,1,0,0,7,17,5,0,0,0,5,21,3,0,23,0,5,14,0,1,1,0,1,4,1,5,253,299,524,1065,439,1389,42,102,136,46,48191,25,7,1,4015,3003,368,111,129,36,444,866,501,0,20,101,9,17,3768,425,121,71,36585,83,44,31,590,312,368,103,122,3,15,27,43,213,1959,1816,19269,8572
0,0,0,2,0,1,2,2,8,9,11,0,0,4,0,15,0,1,3,2,0,3,0,18,0,5,2,0,3,5,0,3,2,0,5,11,2,3,10,0,0,4,1,2,0,0,6,2,0,2,65,20,77,17,18,27,771,65,80,11,12313,22,12,12,2401,10780,235,324,128,15,17288,92,129,0,1406,377,16,26,183,4186,523,530,2337,797,293,105,129,47,14307,331,14,3,37,14,246,21,162,13,8572,20495
