12269,8460,8399,1775,9007,312,935,15,9,73,7,6,2,6841,424,408,1,1,15,34,7,139,6,4,5,37,6,36,777,650,37,55,25,20,97,27,19,29,90,13,229,24,133,53,79,29,26,104,1467,13,2,5,2,46,7,16,0,0,0,3,9,0,0,0,22,1,13,0,5,0,0,1,3,4,0,1,1,2,4,0,0,0,9,1,1,2,2,24,2,1,24,4,3,0,1,20,1,6,4,1
8460,26091,7558,22241,1854,285,2717,23,18,200,18,3,12,9213,2993,1219,2,2,40,38,10,537,17,5,12,89,12,36,692,1147,78,84,39,29,219,60,17,60,123,10,611,66,326,87,132,50,55,188,492,29,6,10,6,30,15,23,0,0,0,3,15,3,0,0,29,0,27,1,6,1,2,3,2,3,0,1,6,1,6,1,3,1,5,5,3,0,9,51,2,5,45,2,5,0,0,53,0,2,9,2
8399,7558,25271,6994,6151,6414,12581,7,5,151,7,5,3,1112,160,226,1,0,11,13,4,459,12,2,5,27,8,85,1462,1223,16,34,24,25,64,7,14,31,78,22,665,49,50,45,40,66,32,204,1197,12,97,457,7,1946,119,49,0,0,0,1,19,1,1,0,46,3,34,0,1,2,1,20,0,3,0,3,1,1,36,0,2,0,38,4,1,6,7,62,3,2,53,4,3,3,2,93,13,18,16,1
1775,22241,6994,28528,367,581,14822,58,55,327,58,26,12,6285,12986,6080,8,5,165,110,26,412,23,19,30,194,31,21,164,538,286,165,63,22,666,142,61,178,377,9,382,86,1514,213,289,27,78,574,169,177,16,18,14,44,41,67,1,1,3,13,40,0,2,2,66,5,50,0,15,2,4,18,9,12,0,1,12,1,10,4,1,6,42,8,5,2,41,127,6,3,86,1,9,0,1,113,8,5,27,8
9007,1854,6151,367,10711,11937,1266,5,4,26,4,0,2,2927,123,127,0,0,5,10,0,43,1,2,1,21,24,13,477,173,7,31,13,7,127,15,19,9,125,17,70,6,39,56,26,13,21,469,3724,5,1,1,0,62,21,2,0,0,0,1,6,0,0,0,2,1,4,0,4,1,0,2,2,2,1,0,0,0,1,0,0,0,4,1,0,0,4,15,0,2,12,1,3,0,0,7,2,0,1,1
312,285,6414,581,11937,16809,13162,1,9,27,2,3,1,170,42,128,0,1,5,0,2,30,7,5,3,9,78,21,115,72,20,9,1,8,363,22,80,12,392,41,52,7,15,123,4,5,19,3281,1370,2,57,39,5,985,499,53,0,1,0,2,9,0,0,0,13,3,14,0,1,2,0,3,2,4,0,1,1,1,8,1,0,0,9,1,0,1,3,28,1,3,22,1,0,0,1,33,4,6,3,1
935,2717,12581,14822,1266,13162,19020,29,60,205,29,23,8,973,471,4694,3,0,160,48,32,217,10,33,34,86,62,7,80,172,176,75,36,14,2446,332,114,86,759,16,205,51,262,172,97,11,48,2660,236,34,41,74,30,366,182,176,0,2,1,11,75,7,0,1,121,14,124,1,20,6,7,19,3,8,7,2,12,0,37,9,2,2,50,16,5,0,58,285,6,1,183,3,4,0,0,280,13,18,45,11
15,23,7,58,5,1,29,49265,7101,312,1895,2381,7298,576,203,1234,4339,3609,3132,9085,1791,3577,755,279,381,160,158,9,40,289,2324,252,1847,13,50,126,494,377,86,11,61,114,1047,221,1256,140,412,5,16,272,0,0,3,0,0,1,15,23,4,178,4,8,2,6,7,1,10,2,33,112,4,12,36,114,3,3,31,0,1,3,1,30,2,3,9,1,68,15,0,6,9,3,9,0,1,2,1,1,2,1
9,18,5,55,4,9,60,7101,58225,201,769,1720,2666,105,63,834,553,98,7203,3985,520,1698,616,7578,10710,229,3642,16,23,94,225,147,1037,52,239,1043,2979,561,1221,82,48,43,264,1542,175,229,477,62,10,45,6,6,12,1,2,10,128,171,24,4241,33,24,59,89,24,12,35,13,137,827,22,55,469,1054,22,14,235,0,6,17,7,218,13,7,54,9,608,81,2,42,33,7,59,1,11,4,5,6,11,9
73,200,151,327,26,27,205,312,201,36062,4907,2944,231,725,367,1381,158,20,807,146,4354,5417,982,64,51,83,40,44,326,1308,885,434,1277,60,322,641,191,68,490,28,13771,6317,2680,172,132,160,1405,129,52,2371,3,7,2,6,5,13,0,5,8,37,55,8,1,1,39,7,43,3,58,4,10,20,37,16,9,4,8,0,17,9,3,3,32,7,2,5,59,99,12,4,83,4,19,0,3,16,1,5,15,11
7,18,7,58,4,2,29,1895,769,4907,7101,8071,413,161,58,674,659,116,1017,325,901,5304,1969,75,59,32,23,13,48,341,341,57,535,17,81,260,93,50,165,6,659,255,325,88,53,118,476,28,3,99,0,1,2,0,0,1,0,2,4,23,16,4,2,0,4,2,13,2,26,5,7,8,20,15,5,4,2,1,1,7,2,1,9,2,0,0,32,21,5,5,22,0,4,0,3,3,0,1,9,6
6,3,5,26,0,3,23,2381,1720,2944,8071,16472,7740,237,65,374,4550,338,754,1543,4543,1618,3217,180,676,22,181,7,90,1171,742,104,4262,18,68,226,307,116,149,13,446,584,532,171,120,68,689,10,7,222,1,0,0,0,0,0,6,12,3,71,12,6,4,0,1,1,9,3,36,79,2,10,38,117,1,0,46,0,1,2,5,19,2,0,13,1,48,15,2,8,15,0,13,0,2,4,2,0,2,0
2,12,3,12,2,1,8,7298,2666,231,413,7740,23760,444,162,389,3744,518,397,3261,1146,279,146,193,668,18,217,3,54,786,1314,122,5633,9,8,50,361,66,23,3,105,328,589,110,496,14,230,3,17,302,0,0,1,0,0,1,10,28,1,190,2,3,13,1,5,2,1,0,11,200,0,13,34,215,0,0,95,0,0,0,2,38,4,0,13,1,96,3,0,5,1,0,12,0,1,0,0,0,1,0
6841,9213,1112,6285,2927,170,973,576,105,725,161,237,444,62453,14281,3156,30,46,580,655,249,818,130,28,148,660,103,70,3376,17008,1103,1929,1411,117,428,319,122,409,491,33,1045,850,5942,435,2231,114,1285,256,8481,4779,12,12,10,24,14,42,1,4,7,18,74,7,2,0,54,7,69,0,58,16,6,14,15,59,7,3,34,1,20,10,6,12,47,11,22,5,57,153,6,24,134,3,26,1,6,69,3,15,43,17
424,2993,160,12986,123,42,471,203,63,367,58,65,162,14281,10400,5884,23,25,300,234,113,371,31,12,37,203,23,13,235,1680,959,321,336,24,271,172,28,204,172,2,384,728,8146,184,580,16,126,100,104,7801,5,2,4,2,4,7,1,2,2,10,20,2,0,0,18,1,12,1,10,4,1,4,12,21,1,2,13,0,7,1,0,4,6,4,5,0,19,35,2,9,23,1,5,0,0,15,2,4,11,2
408,1219,226,6080,127,128,4694,1234,834,1381,674,374,389,3156,5884,23695,641,648,6200,856,1743,756,104,156,302,415,166,15,141,1076,11656,255,391,46,5295,3389,225,429,1651,15,598,579,9104,570,613,26,181,745,170,924,17,25,14,23,22,60,1,4,12,58,128,11,5,2,90,21,98,4,104,20,15,37,41,36,13,0,26,0,37,14,2,11,66,28,11,4,120,235,16,9,223,1,14,0,5,108,15,16,45,19
1,2,1,8,0,0,3,4339,553,158,659,4550,3744,30,23,641,4429,2344,762,126,5361,84,121,75,64,6,27,2,9,138,2776,44,758,2,13,54,142,10,34,1,35,85,372,24,71,5,143,3,1,53,0,0,0,0,0,1,1,2,0,15,0,0,0,0,0,0,4,0,5,4,1,2,4,5,1,0,3,0,0,1,1,2,0,2,0,0,6,2,0,2,1,0,1,0,0,0,0,0,1,0
1,2,0,5,0,1,0,3609,98,20,116,338,518,46,25,648,2344,1199,687,128,908,133,33,11,10,8,3,1,3,24,2965,12,160,0,7,5,15,5,4,3,7,20,97,3,46,2,33,1,1,19,0,0,0,0,0,0,0,1,0,4,0,0,0,0,1,0,0,0,1,1,0,0,2,1,0,0,1,0,0,0,0,0,0,0,0,0,4,0,0,0,0,0,1,0,0,0,0,0,0,0
15,40,11,165,5,5,160,3132,7203,807,1017,754,397,580,300,6200,762,687,10613,1498,1786,970,179,979,985,165,237,5,53,360,2836,91,317,15,606,3582,269,406,391,19,220,216,1701,512,272,29,166,37,19,323,1,1,7,4,4,11,2,19,32,167,60,7,12,4,21,7,29,14,149,26,16,23,86,41,27,1,18,0,9,21,4,21,29,5,9,3,148,110,7,10,71,0,12,0,2,8,4,6,21,9
34,38,13,110,10,0,48,9085,3985,146,325,1543,3261,655,234,856,126,128,1498,17803,221,1966,1166,149,4624,749,604,8,67,370,750,300,4856,33,85,180,96,5060,93,12,75,123,827,1568,4561,150,844,14,29,190,2,1,7,0,0,3,35,26,4,266,6,8,26,18,21,11,14,2,29,605,2,67,75,1095,3,15,299,2,3,5,10,248,7,4,128,8,80,17,2,132,8,3,116,0,10,2,1,0,7,1
7,10,4,26,0,2,32,1791,520,4354,901,4543,1146,249,113,1743,5361,908,1786,221,14793,243,120,142,35,31,24,9,96,1490,5757,135,886,10,123,407,229,37,256,7,513,1230,6261,45,266,18,330,13,11,1280,2,1,2,0,1,5,0,3,16,54,19,5,3,0,4,0,15,4,59,9,3,8,29,9,4,2,4,0,1,5,0,2,5,2,1,2,54,41,0,1,28,0,4,0,0,2,2,1,4,1
139,537,459,412,43,30,217,3577,1698,5417,5304,1618,279,818,371,756,84,133,970,1966,243,23837,5252,76,574,625,447,357,2747,1550,466,334,467,327,187,258,141,525,301,260,16819,510,723,1994,239,3098,956,103,73,193,4,4,4,2,2,4,5,5,4,54,22,3,3,2,12,8,31,4,43,66,5,38,29,104,4,86,122,12,12,4,47,25,16,4,29,43,49,70,4,67,52,32,168,4,23,13,2,5,14,10
6,17,12,23,1,7,10,755,616,982,1969,3217,146,130,31,104,121,33,179,1166,120,5252,6589,49,981,725,1114,149,129,406,85,293,1897,203,37,60,38,1195,84,160,386,185,84,3018,306,4623,5935,31,18,38,0,0,2,0,0,3,1,4,0,21,5,1,3,3,2,3,3,0,7,59,1,53,12,279,0,141,273,10,1,1,83,81,2,3,95,64,9,9,0,190,5,35,338,5,52,1,0,0,10,1
4,5,2,19,2,5,33,279,7578,64,75,180,193,28,12,156,75,11,979,149,142,76,49,4017,820,75,1616,14,5,18,25,59,105,19,194,2503,2655,134,7166,92,19,10,50,953,15,19,94,60,5,9,2,1,4,0,4,4,19,35,17,233,26,13,12,3,10,5,24,12,105,54,13,18,85,75,13,5,47,1,4,14,3,25,11,4,18,1,158,61,3,12,23,1,14,0,1,5,1,5,13,3
5,12,5,30,1,3,34,381,10710,51,59,676,668,148,37,302,64,10,985,4624,35,574,981,820,7969,137,4629,12,19,146,87,150,2607,31,110,405,244,988,302,12,26,39,118,2229,682,103,723,14,6,26,3,3,11,0,0,4,27,39,7,421,5,5,48,24,20,15,14,1,41,718,3,108,87,1779,0,15,284,0,2,6,16,364,16,13,309,8,73,19,4,250,13,1,248,3,14,0,1,1,6,1
37,89,27,194,21,9,86,160,229,83,32,22,18,660,203,415,6,8,165,749,31,625,725,75,137,32091,695,105,93,259,263,14049,325,3305,88,123,61,6081,144,440,109,48,546,10834,2533,943,5953,49,57,70,0,0,1,1,1,2,1,1,2,8,10,0,2,1,6,3,2,0,7,13,1,119,12,114,2,410,489,35,7,2,182,69,13,0,84,330,6,12,2,297,17,272,904,18,203,7,2,3,9,4
6,12,8,31,24,78,62,158,3642,40,23,181,217,103,23,166,27,3,237,604,24,447,1114,1616,4629,695,15709,2135,36,83,37,1247,962,523,248,616,2290,848,4643,5332,37,16,66,13494,729,307,2084,927,53,16,4,4,5,5,2,9,17,18,6,131,7,3,27,5,21,9,11,5,42,445,5,145,49,1571,2,225,998,38,6,4,152,291,21,11,466,86,46,30,3,772,24,132,875,7,103,16,2,3,11,3
36,36,85,21,13,21,7,9,16,44,13,7,3,70,13,15,2,1,5,8,9,357,149,14,12,105,2135,28281,902,251,10,119,21,5068,19,18,715,22,461,10769,384,38,21,514,24,5761,4119,154,28,5,0,0,0,2,1,0,0,0,1,1,3,0,0,0,0,3,4,0,1,0,0,5,1,4,1,26,86,960,2,0,27,2,0,0,3,163,19,0,0,8,6,644,101,33,33,5,0,0,0,0
777,692,1462,164,477,115,80,40,23,326,48,90,54,3376,235,141,9,3,53,67,96,2747,129,5,19,93,36,902,71657,8097,69,263,214,167,34,32,42,44,70,115,16510,273,314,184,140,875,389,29,6239,108,1,1,2,16,2,5,0,0,0,2,12,1,0,1,3,3,5,0,6,3,4,4,4,9,1,6,8,5,1,1,6,3,8,1,6,7,15,16,1,1,15,6,12,0,4,8,1,4,8,1
650,1147,1223,538,173,72,172,289,94,1308,341,1171,786,17008,1680,1076,138,24,360,370,1490,1550,406,18,146,259,83,251,8097,47054,1109,1948,2978,179,175,273,138,201,300,63,8241,7525,4657,377,1051,336,2597,94,669,3829,4,2,0,6,2,8,0,1,7,28,28,6,0,0,12,3,38,1,70,16,6,17,18,43,3,12,17,6,7,2,4,8,14,8,11,7,38,88,1,6,70,7,26,1,6,13,1,8,22,4
37,78,16,286,7,20,176,2324,225,885,341,742,1314,1103,959,11656,2776,2965,2836,750,5757,466,85,25,87,263,37,10,69,1109,14026,263,881,19,554,510,111,227,302,5,313,791,16595,199,1110,17,203,109,29,1227,2,6,8,3,7,9,0,1,5,22,19,8,1,0,17,3,13,2,26,12,6,10,15,24,6,1,15,1,3,1,2,5,8,3,3,0,32,53,2,7,39,0,10,0,1,14,2,5,7,1
55,84,34,165,31,9,75,252,147,434,57,104,122,1929,321,255,44,12,91,300,135,334,293,59,150,14049,1247,119,263,1948,263,22985,6831,4150,45,58,113,1927,200,912,373,445,525,7886,4947,327,12729,81,145,301,2,0,1,0,0,3,1,5,2,12,8,1,4,1,6,2,1,0,5,17,4,133,12,117,5,495,624,72,7,1,243,103,17,1,128,580,12,8,3,291,20,462,1075,36,231,5,1,2,13,6
25,39,24,63,13,1,36,1847,1037,1277,535,4262,5633,1411,336,391,758,160,317,4856,886,467,1897,105,2607,325,962,21,214,2978,881,6831,16080,83,26,112,85,1465,71,26,610,1063,782,1500,5125,63,6575,17,38,714,0,0,5,0,0,2,10,9,3,116,4,3,18,5,18,6,14,2,16,342,0,40,25,766,1,14,231,0,2,1,11,155,5,7,111,7,47,10,3,116,7,3,102,0,7,0,0,1,4,2
20,29,25,22,7,8,14,13,52,60,17,18,9,117,24,46,2,0,15,33,10,327,203,19,31,3305,523,5068,167,179,19,4150,83,15618,20,29,228,252,309,3122,151,30,56,6962,143,2641,11042,108,20,15,0,0,1,1,0,4,0,0,0,3,5,0,0,2,0,1,0,0,2,0,0,44,6,16,0,125,100,374,8,0,78,9,7,0,13,719,9,1,1,23,11,911,333,83,152,2,0,0,3,2
97,219,64,666,127,363,2446,50,239,322,81,68,8,428,271,5295,13,7,606,85,123,187,37,194,110,88,248,19,34,175,554,45,26,20,3836,2113,323,100,6887,57,154,71,773,335,54,13,48,3435,214,70,18,42,26,16,48,108,1,4,6,50,111,7,5,3,112,8,96,3,63,9,19,32,17,24,11,2,11,3,28,15,1,4,67,19,6,2,125,205,15,7,225,3,14,1,3,130,16,19,58,17
27,60,7,142,15,22,332,126,1043,641,260,226,50,319,172,3389,54,5,3582,180,407,258,60,2503,405,123,616,18,32,273,510,58,112,29,2113,10027,718,205,6715,69,247,140,925,707,72,17,99,154,34,176,4,7,17,5,6,19,4,13,25,124,121,26,13,8,33,11,60,8,215,29,34,47,88,51,39,4,25,1,32,34,7,13,52,31,10,2,170,223,22,9,186,6,18,1,4,35,5,26,45,29
19,17,14,61,19,80,114,494,2979,191,93,307,361,122,28,225,142,15,269,96,229,141,38,2655,244,61,2290,715,42,138,111,113,85,228,323,718,5855,27,13689,1634,108,42,186,1031,24,65,222,1925,69,24,6,14,18,5,18,29,25,36,8,218,50,16,10,13,42,8,42,9,62,82,15,27,80,84,13,5,19,8,20,16,4,37,29,10,14,9,323,98,6,13,119,13,19,1,3,73,5,8,19,11
29,60,31,178,9,12,86,377,561,68,50,116,66,409,204,429,10,5,406,5060,37,525,1195,134,988,6081,848,22,44,201,227,1927,1465,252,100,205,27,9497,161,16,54,63,420,6483,4089,162,2505,49,24,67,2,2,1,0,0,4,1,6,1,31,7,1,6,4,6,2,8,1,16,81,0,132,22,748,1,67,534,2,1,1,39,191,7,4,399,19,13,18,3,546,13,7,327,0,28,2,0,2,5,3
90,123,78,377,125,392,759,86,1221,490,165,149,23,491,172,1651,34,4,391,93,256,301,84,7166,302,144,4643,461,70,300,302,200,71,309,6887,6715,13689,161,36116,2002,262,108,593,3459,54,100,346,9039,281,86,17,29,37,9,32,78,3,27,48,252,279,50,12,3,112,30,180,14,327,54,45,85,160,86,53,25,55,11,56,51,13,28,129,46,28,14,433,515,38,35,465,13,55,2,4,114,14,42,124,56
13,10,22,9,17,41,16,11,82,28,6,13,3,33,2,15,1,3,19,12,7,260,160,92,12,440,5332,10769,115,63,5,912,26,3122,57,69,1634,16,2002,19288,124,10,5,8578,18,1515,3514,664,37,0,0,3,2,1,1,0,0,4,2,4,9,1,1,0,3,1,2,1,2,4,3,56,2,15,0,243,188,1071,6,0,129,7,7,1,3,840,22,15,0,20,10,1452,747,61,194,9,1,0,5,3
229,611,665,382,70,52,205,61,48,13771,659,446,105,1045,384,598,35,7,220,75,513,16819,386,19,26,109,37,384,16510,8241,313,373,610,151,154,247,108,54,262,124,59999,4534,1052,212,152,546,890,80,133,742,4,1,5,3,2,9,0,0,3,18,22,3,1,1,10,1,32,0,42,2,1,9,13,11,6,13,6,5,9,7,3,0,17,5,1,7,41,55,3,3,54,9,22,0,2,13,2,3,19,13
24,66,49,86,6,7,51,114,43,6317,255,584,328,850,728,579,85,20,216,123,1230,510,185,10,39,48,16,38,273,7525,791,445,1063,30,71,140,42,63,108,10,4534,13145,4087,80,242,58,754,24,24,7425,1,0,0,1,0,3,0,0,0,10,10,1,0,0,1,0,8,0,22,5,1,4,7,11,2,5,10,0,0,0,0,0,4,2,2,8,19,28,1,3,15,0,9,0,3,4,0,4,6,3
133,326,50,1514,39,15,262,1047,264,2680,325,532,589,5942,8146,9104,372,97,1701,827,6261,723,84,50,118,546,66,21,314,4657,16595,525,782,56,773,925,186,420,593,5,1052,4087,38817,377,1370,28,348,157,102,13648,3,5,9,5,4,15,1,3,5,44,39,3,3,1,31,4,34,0,90,20,11,16,22,39,4,5,31,1,11,5,3,6,22,9,5,2,72,80,7,20,78,2,18,0,3,25,0,6,19,7
53,87,45,213,56,123,172,221,1542,172,88,171,110,435,184,570,24,3,512,1568,45,1994,3018,953,2229,10834,13494,514,184,377,199,7886,1500,6962,335,707,1031,6483,3459,8578,212,80,377,38883,848,2706,11274,1295,116,39,4,5,4,2,10,12,6,13,6,55,31,5,14,4,24,10,24,3,34,93,13,350,37,720,1,1313,1472,185,15,4,695,281,38,4,413,1005,53,45,6,888,65,889,2723,50,538,19,6,9,38,12
79,132,40,289,26,4,97,1256,175,132,53,120,496,2231,580,613,71,46,272,4561,266,239,306,15,682,2533,729,24,140,1051,1110,4947,5125,143,54,72,24,4089,54,18,152,242,1370,848,9402,72,1733,26,141,472,0,0,0,1,0,2,1,2,0,41,3,1,8,3,5,3,7,2,15,181,0,64,25,949,2,32,255,1,3,0,21,144,8,4,313,9,13,11,2,422,7,7,233,3,18,2,1,1,1,1
29,50,66,27,13,5,11,140,229,160,118,68,14,114,16,26,5,2,29,150,18,3098,4623,19,103,943,307,5761,875,336,17,327,63,2641,13,17,65,162,100,1515,546,58,28,2706,72,10491,7869,42,16,12,1,0,1,1,2,0,0,1,0,2,4,0,0,0,0,1,0,0,1,6,1,11,3,29,1,96,67,64,3,0,63,11,4,0,13,165,4,3,1,39,4,180,254,10,57,3,0,3,1,1
26,55,32,78,21,19,48,412,477,1405,476,689,230,1285,126,181,143,33,166,844,330,956,5935,94,723,5953,2084,4119,389,2597,203,12729,6575,11042,48,99,222,2505,346,3514,890,754,348,11274,1733,7869,36844,140,96,256,0,2,2,1,4,3,0,4,2,22,15,1,4,1,12,13,6,1,12,36,2,163,22,236,0,538,617,327,5,1,324,107,14,2,132,969,21,14,2,336,27,1034,1172,61,323,8,2,1,17,4
104,188,204,574,469,3281,2660,5,62,129,28,10,3,256,100,745,3,1,37,14,13,103,31,60,14,49,927,154,29,94,109,81,17,108,3435,154,1925,49,9039,664,80,24,157,1295,26,42,140,9769,851,19,27,45,20,42,60,125,1,3,3,37,50,0,0,2,87,7,65,2,19,11,3,15,13,12,2,4,18,3,19,6,1,7,47,13,4,7,50,197,4,9,125,7,25,1,1,257,7,7,28,10
1467,492,1197,169,3724,1370,236,16,10,52,3,7,17,8481,104,170,1,1,19,29,11,73,18,5,6,57,53,28,6239,669,29,145,38,20,214,34,69,24,281,37,133,24,102,116,141,16,96,851,17278,17,2,5,2,9,4,6,1,0,1,1,16,1,0,1,8,3,15,0,9,1,1,4,1,1,0,1,2,1,4,0,3,1,7,3,1,0,15,12,0,2,20,3,5,1,0,18,2,3,10,3
13,29,12,177,5,2,34,272,45,2371,99,222,302,4779,7801,924,53,19,323,190,1280,193,38,9,26,70,16,5,108,3829,1227,301,714,15,70,176,24,67,86,0,742,7425,13648,39,472,12,256,19,17,9963,1,0,2,0,0,2,0,0,1,4,7,0,0,0,3,0,3,0,14,2,0,4,3,11,0,1,4,0,1,1,1,0,0,1,0,0,7,14,0,4,12,0,3,0,1,2,0,2,3,0
2,6,97,16,1,57,41,0,6,3,0,1,0,12,5,17,0,0,1,2,2,4,0,2,3,0,4,0,1,4,2,2,0,0,18,4,6,2,17,0,4,1,3,4,0,1,0,27,2,1,36718,15174,1888,14053,11023,2933,0,19,14,77,306,6,4,4,12395,183,890,2,56,47,2,413,18,43,5,33,26,64,1993,13,13,22,1005,63,54,24,50,429,4,62,179,21,87,75,31,322,9148,394,437,20
5,10,457,18,1,39,74,0,6,7,1,0,0,12,2,25,0,0,1,1,1,4,0,1,3,0,4,0,1,2,6,0,0,0,42,7,14,2,29,3,1,0,5,5,0,0,2,45,5,0,15174,95173,10247,16590,4048,17153,5,25,4,42,704,6,6,1,13634,122,723,2,53,32,2,1506,18,36,5,29,20,79,1813,6,19,22,2077,47,58,58,22,478,12,51,159,21,68,106,41,247,888,1245,1592,26
2,6,7,14,0,5,30,3,12,2,2,0,1,10,4,14,0,0,7,7,2,4,2,4,11,1,5,0,2,0,8,1,5,1,26,17,18,1,37,2,5,0,9,4,0,1,2,20,2,2,1888,10247,26573,705,648,13269,23,149,97,416,607,43,32,19,15288,6458,8049,13,344,254,35,351,51,152,15,56,63,11,583,126,24,116,1019,689,191,18,81,1213,35,231,197,7,221,13,18,108,465,391,912,79
46,30,1946,44,62,985,366,0,1,6,0,0,0,24,2,23,0,0,4,0,0,2,0,0,0,1,5,2,16,6,3,0,0,1,16,5,5,0,9,1,3,1,5,2,1,1,1,42,9,0,14053,16590,705,41309,21248,20106,1,2,2,9,121,2,1,1,1152,24,119,0,11,9,1,696,4,11,0,20,9,91,1614,2,8,14,1223,14,27,45,20,221,5,18,60,21,38,88,32,203,801,487,358,4
7,15,119,41,21,499,182,0,2,5,0,0,0,14,4,22,0,0,4,0,1,2,0,4,0,1,2,1,2,2,7,0,0,0,48,6,18,0,32,1,2,0,4,10,0,2,4,60,4,0,11023,4048,648,21248,32425,8588,0,3,1,27,175,5,3,0,2479,46,383,0,12,8,9,161,23,61,3,16,125,24,290,5,7,9,302,15,7,24,272,1021,12,25,612,86,70,14,12,3895,3961,139,168,17
16,23,49,67,2,53,176,1,10,13,1,0,1,42,7,60,1,0,11,3,5,4,3,4,4,2,9,0,5,8,9,3,2,4,108,19,29,4,78,0,9,3,15,12,2,0,3,125,6,2,2933,17153,13269,20106,8588,38483,3,35,19,121,639,10,14,3,4917,96,2790,4,100,70,11,386,47,108,8,42,58,14,422,15,16,50,520,40,72,30,91,1959,9,143,315,18,199,11,25,935,312,388,688,54
0,0,0,1,0,0,0,15,128,0,0,6,10,1,1,1,1,0,2,35,0,5,1,19,27,1,17,0,0,0,0,1,10,0,1,4,25,1,3,0,0,0,1,6,1,0,0,1,1,0,0,5,23,1,0,3,3679,6088,1131,896,49,260,423,4348,221,428,258,1407,327,3143,149,132,86,228,40,8,34,0,40,270,6,3261,286,369,220,6,419,31,106,31,8,3,18,0,11,2,6,11,61,51
0,0,0,1,0,1,2,23,171,5,2,12,28,4,2,4,2,1,19,26,3,5,4,35,39,1,18,0,0,1,1,5,9,0,4,13,36,6,27,4,0,0,3,13,2,1,4,3,0,0,19,25,149,2,3,35,6088,38515,9085,8912,253,1336,1182,3672,866,1133,770,7083,1415,8471,409,1909,245,276,130,57,66,9,120,866,77,1580,595,1085,908,60,1022,90,231,235,37,11,132,66,229,2,25,44,212,128
0,0,0,3,0,0,1,4,24,8,4,3,1,7,2,12,0,0,32,4,16,4,0,17,7,2,6,1,0,7,5,2,3,0,6,25,8,1,48,2,3,0,5,6,0,0,2,3,1,1,14,4,97,2,1,19,1131,9085,5961,5510,439,931,880,1483,293,555,2674,3788,3692,642,816,795,86,55,1326,35,10,3,33,5945,107,1307,186,817,857,49,313,111,384,86,74,6,40,17,91,4,12,29,191,253
3,3,1,13,1,2,11,178,4241,37,23,71,190,18,10,58,15,4,167,266,54,54,21,233,421,8,131,1,2,28,22,12,116,3,50,124,218,31,252,4,18,10,44,55,41,2,22,37,1,4,77,42,416,9,27,121,896,8912,5510,64945,520,1523,2007,2745,616,579,1242,891,14474,6745,902,2291,10474,12427,221,67,604,27,95,307,149,1908,230,514,546,115,4425,968,80,295,271,34,475,72,343,16,24,66,186,63
9,15,19,40,6,9,75,4,33,55,16,12,2,74,20,128,0,0,60,6,19,22,5,26,5,10,7,3,12,28,19,8,4,5,111,121,50,7,279,9,22,10,39,31,3,4,15,50,16,7,306,704,607,121,175,639,49,253,439,520,51398,4436,3068,362,882,933,2113,404,1835,144,5445,3385,149,84,681,244,76,72,289,555,476,688,576,1004,361,608,777,1239,1145,146,1305,63,224,199,1182,297,111,17959,20419,7767
0,3,1,0,0,0,7,8,24,8,4,6,3,7,2,11,0,0,7,8,5,3,1,13,5,0,3,0,1,6,8,1,3,0,7,26,16,1,50,1,3,1,3,5,1,0,1,0,1,0,6,6,43,2,5,10,260,1336,931,1523,4436,5747,5473,423,68,135,435,920,1172,362,4298,5012,110,103,440,20,18,8,19,294,39,291,63,182,42,40,285,131,193,32,159,5,54,55,160,18,4,38,196,123
0,0,1,2,0,0,0,2,59,1,2,4,13,2,0,5,0,0,12,26,3,3,3,12,48,2,27,0,0,0,1,4,18,0,5,13,10,6,12,1,1,0,3,14,8,0,4,0,0,0,4,6,32,1,3,14,423,1182,880,2007,3068,5473,14128,6936,134,292,359,3294,588,1360,7017,5740,123,693,991,30,140,5,34,935,50,4882,223,435,190,33,284,76,697,89,33,4,113,37,150,2,7,69,475,317
0,0,0,2,0,0,1,6,89,1,0,0,1,0,0,2,0,0,4,18,0,2,3,3,24,1,5,0,1,0,0,1,5,2,3,8,13,4,3,0,1,0,1,4,3,0,1,2,1,0,4,1,19,1,0,3,4348,3672,1483,2745,362,423,6936,15289,142,320,394,5954,526,1475,1358,538,177,412,226,12,65,2,28,739,36,6840,197,442,271,12,621,33,391,67,12,4,70,11,62,0,5,15,107,100
22,29,46,66,2,13,121,7,24,39,4,1,5,54,18,90,0,1,21,21,4,12,2,10,20,6,21,0,3,12,17,6,18,0,112,33,42,6,112,3,10,1,31,24,5,0,12,87,8,3,12395,13634,15288,1152,2479,4917,221,866,293,616,882,68,134,142,86462,21916,4585,66,546,1215,73,767,60,231,57,410,99,92,6493,373,221,682,16113,2318,2446,186,222,1444,859,994,749,21,492,77,90,389,9857,855,2074,1325
1,0,3,5,1,3,14,1,12,7,2,1,2,7,1,21,0,0,7,11,0,8,3,5,15,3,9,3,3,3,3,2,6,1,8,11,8,2,30,1,1,0,4,10,3,1,13,7,3,0,183,122,6458,24,46,96,428,1133,555,579,933,135,292,320,21916,37077,4130,172,798,1116,339,394,27,139,334,448,50,23,738,1242,461,1355,8909,12895,2669,279,78,588,8344,504,205,6,177,18,149,26,174,401,3032,8029
13,27,34,50,4,14,124,10,35,43,13,9,1,69,12,98,4,0,29,14,15,31,3,24,14,2,11,4,5,38,13,1,14,0,96,60,42,8,180,2,32,8,34,24,7,0,6,65,15,3,890,723,8049,119,383,2790,258,770,2674,1242,2113,435,359,394,4585,4130,30127,384,11183,604,658,670,600,398,888,96,130,19,635,6018,130,770,1382,10213,764,60,277,13297,716,311,1987,15,342,19,74,525,337,480,1459,848
0,1,0,0,0,0,1,2,13,3,2,3,0,0,1,4,0,0,14,2,4,4,0,12,1,0,5,0,0,1,2,0,2,0,3,8,9,1,14,1,0,0,0,3,2,0,1,2,0,0,2,2,13,0,0,4,1407,7083,3788,891,404,920,3294,5954,66,172,384,4646,691,116,4661,371,80,56,1115,27,10,1,15,2064,33,618,73,340,160,9,298,56,307,40,17,2,23,8,48,2,4,14,108,109
5,6,1,15,4,1,20,33,137,58,26,36,11,58,10,104,5,1,149,29,59,43,7,105,41,7,42,1,6,70,26,5,16,2,63,215,62,16,327,2,42,22,90,34,15,1,12,19,9,14,56,53,344,11,12,100,327,1415,3692,14474,1835,1172,588,526,546,798,11183,691,22881,1004,1013,843,5831,1289,974,102,280,10,154,2979,145,861,399,1358,666,44,1045,7337,278,257,1082,24,512,17,86,40,35,176,634,443
0,1,2,2,1,2,6,112,827,4,5,79,200,16,4,20,4,1,26,605,9,66,59,54,718,13,445,0,3,16,12,17,342,0,9,29,82,81,54,4,2,5,20,93,181,6,36,11,1,2,47,32,254,9,8,70,3143,8471,642,6745,144,362,1360,1475,1215,1116,604,116,1004,22715,78,1961,302,5851,70,190,687,19,223,246,243,8485,1023,686,7147,104,434,147,150,5048,39,17,1569,70,228,6,56,60,275,83
0,2,1,4,0,0,7,4,22,10,7,2,0,6,1,15,1,0,16,2,3,5,1,13,3,1,5,0,4,6,6,4,0,0,19,34,15,0,45,3,1,1,11,13,0,1,2,3,1,0,2,2,35,1,9,11,149,409,816,902,5445,4298,7017,1358,73,339,658,4661,1013,78,13156,879,130,67,6682,115,25,3,40,2124,143,574,145,770,197,124,409,217,2135,74,232,8,51,17,180,24,7,77,824,6885
1,3,20,18,2,3,19,12,55,20,8,10,13,14,4,37,2,0,23,67,8,38,53,18,108,119,145,5,4,17,10,133,40,44,32,47,27,132,85,56,9,4,16,350,64,11,163,15,4,4,413,1506,351,696,161,386,132,1909,795,2291,3385,5012,5740,538,767,394,670,371,843,1961,879,43571,121,1925,233,476,1149,1336,1748,281,656,5294,1907,327,798,1291,294,333,231,1631,323,499,3193,9825,9734,84,145,3179,1795,259
3,2,0,9,2,2,3,36,469,37,20,38,34,15,12,41,4,2,86,75,29,29,12,85,87,12,49,1,4,18,15,12,25,6,17,88,80,22,160,2,13,7,22,37,25,3,22,13,1,3,18,18,51,4,23,47,86,245,86,10474,149,110,123,177,60,27,600,80,5831,302,130,121,7023,4440,81,80,685,3,18,57,34,185,61,24,62,31,4459,3958,17,74,1371,58,508,7,44,117,10,11,55,27
4,3,3,12,2,4,8,114,1054,16,15,117,215,59,21,36,5,1,41,1095,9,104,279,75,1779,114,1571,4,9,43,24,117,766,16,24,51,84,748,86,15,11,11,39,720,949,29,236,12,1,11,43,36,152,11,61,108,228,276,55,12427,84,103,693,412,231,139,398,56,1289,5851,67,1925,4440,11225,20,227,8397,39,37,34,297,4091,114,66,1799,147,1809,1056,36,1473,1001,281,3412,39,284,152,21,13,69,27
0,0,0,0,1,0,7,3,22,9,5,1,0,7,1,13,1,0,27,3,4,4,0,13,0,2,2,1,1,3,6,5,1,0,11,39,13,1,53,0,6,2,4,1,2,1,0,2,0,0,5,5,15,0,3,8,40,130,1326,221,681,440,991,226,57,334,888,1115,974,70,6682,233,81,20,6298,84,16,4,17,5026,77,283,122,1839,328,44,424,174,4096,98,152,1,40,8,66,12,8,36,370,3461
1,1,3,1,0,1,2,3,14,4,4,0,0,3,2,0,0,0,1,15,2,86,141,5,15,410,225,26,6,12,1,495,14,125,2,4,5,67,25,243,13,5,5,1313,32,96,538,4,1,1,33,29,56,20,16,42,8,57,35,67,244,20,30,12,410,448,96,27,102,190,115,476,80,227,84,16302,1139,110,335,75,4757,520,1346,124,6582,6495,88,123,143,7461,158,253,10334,49,565,51,34,88,695,290
1,6,1,12,0,1,12,31,235,8,2,46,95,34,13,26,3,1,18,299,4,122,273,47,284,489,998,86,8,17,15,624,231,100,11,25,19,534,55,188,6,10,31,1472,255,67,617,18,2,4,26,20,63,9,125,58,34,66,10,604,76,18,140,65,99,50,130,10,280,687,25,1149,685,8397,16,1139,10222,967,42,14,904,1437,120,28,1093,489,1209,538,18,1447,1780,4829,6328,74,623,427,71,18,73,38
2,1,1,1,0,1,0,0,0,0,1,0,0,1,0,0,0,0,0,2,0,12,10,1,0,35,38,960,5,6,1,72,0,374,3,1,8,2,11,1071,5,0,1,185,1,64,327,3,1,0,64,79,11,91,24,14,0,9,3,27,72,8,5,2,92,23,19,1,10,19,3,1336,3,39,4,110,967,17787,2152,4,122,31,501,7,42,5677,256,23,6,59,131,8451,785,8598,1119,57,47,403,113,23
4,6,36,10,1,8,37,1,6,17,1,1,0,20,7,37,0,0,9,3,1,12,1,4,2,7,6,2,1,7,3,7,2,8,28,32,20,1,56,6,9,0,11,15,3,3,5,19,4,1,1993,1813,583,1614,290,422,40,120,33,95,289,19,34,28,6493,738,635,15,154,223,40,1748,18,37,17,335,42,2152,115625,80,218,217,23053,365,1037,557,139,351,115,290,308,111,232,1510,349,101,11509,9608,1471,86
0,1,0,4,0,1,9,3,17,9,7,2,0,10,1,14,1,0,21,5,5,4,1,14,6,2,4,0,1,2,1,1,1,0,15,34,16,1,51,0,7,0,5,4,0,0,1,6,0,1,13,6,126,2,5,15,270,866,5945,307,555,294,935,739,373,1242,6018,2064,2979,246,2124,281,57,34,5026,75,14,4,80,8496,116,931,335,4778,563,58,375,282,1535,124,153,6,51,4,58,12,16,52,451,1137
0,3,2,1,0,0,2,1,7,3,2,5,2,6,0,2,1,0,4,10,0,47,83,3,16,182,152,27,6,4,2,243,11,78,1,7,4,39,13,129,3,0,3,695,21,63,324,1,3,1,13,19,24,8,7,16,6,77,107,149,476,39,50,36,221,461,130,33,145,243,143,656,34,297,77,4757,904,122,218,116,10557,2578,1031,187,1839,6301,94,78,305,1126,140,323,5034,126,2846,30,18,96,1068,451
0,1,0,6,0,0,2,30,218,3,1,19,38,12,4,11,2,0,21,248,2,25,81,25,364,69,291,2,3,8,5,103,155,9,4,13,37,191,28,7,0,0,6,281,144,11,107,7,1,0,22,22,116,14,9,50,3261,1580,1307,1908,688,291,4882,6840,682,1355,770,618,861,8485,574,5294,185,4091,283,520,1437,31,217,931,2578,19681,1327,1036,10951,386,468,141,1212,2888,53,42,2268,89,2940,8,28,109,982,743
9,5,38,42,4,9,50,2,13,32,9,2,4,47,6,66,0,0,29,7,5,16,2,11,16,13,21,0,8,14,8,17,5,7,67,52,29,7,129,7,17,4,22,38,8,4,14,47,7,0,1005,2077,1019,1223,302,520,286,595,186,230,576,63,223,197,16113,8909,1382,73,399,1023,145,1907,61,114,122,1346,120,501,23053,335,1031,1327,62030,1957,4947,1141,358,650,1659,1019,610,95,404,538,555,158,2194,5317,19918,1413
1,5,4,8,1,1,16,3,7,7,2,0,0,11,4,28,2,0,5,4,2,4,3,4,13,0,11,0,1,8,3,1,7,0,19,31,10,4,46,1,5,2,9,4,4,0,2,13,3,1,63,47,689,14,15,40,369,1085,817,514,1004,182,435,442,2318,12895,10213,340,1358,686,770,327,24,66,1839,124,28,7,365,4778,187,1036,1957,19944,1111,99,76,764,10451,219,321,3,107,9,116,29,74,261,1354,2771
1,3,1,5,0,0,5,9,54,2,0,13,13,22,5,11,0,0,9,128,1,29,95,18,309,84,466,3,6,11,3,128,111,13,6,10,14,399,28,3,1,2,5,413,313,13,132,4,1,0,54,58,191,27,7,72,220,908,857,546,361,42,190,271,2446,2669,764,160,666,7147,197,798,62,1799,328,6582,1093,42,1037,563,1839,10951,4947,1111,17021,805,125,147,837,5950,46,24,1923,40,257,13,160,156,1284,782
2,0,6,2,0,1,0,1,9,5,0,1,1,5,0,4,0,0,3,8,2,43,64,1,8,330,86,163,7,7,0,580,7,719,2,2,9,19,14,840,7,8,2,1005,9,165,969,7,0,0,24,58,18,45,24,30,6,60,49,115,608,40,33,12,186,279,60,9,44,104,124,1291,31,147,44,6495,489,5677,557,58,6301,386,1141,99,805,25512,99,64,144,1069,144,3746,9162,2688,6354,45,37,227,1141,339
2,9,7,41,4,3,58,68,608,59,32,48,96,57,19,120,6,4,148,80,54,49,9,158,73,6,46,19,15,38,32,12,47,9,125,170,323,13,433,22,41,19,72,53,13,4,21,50,15,7,50,22,81,20,272,91,419,1022,313,4425,777,285,284,621,222,78,277,298,1045,434,409,294,4459,1809,424,88,1209,256,139,375,94,468,358,76,125,99,8010,2519,164,46,7331,1493,471,19,56,1721,218,129,338,213
24,51,62,127,15,28,285,15,81,99,21,15,3,153,35,235,2,0,110,17,41,70,9,61,19,12,30,0,16,88,53,8,10,1,205,223,98,18,515,15,55,28,80,45,11,3,14,197,12,14,429,478,1213,221,1021,1959,31,90,111,968,1239,131,76,33,1444,588,13297,56,7337,147,217,333,3958,1056,174,123,538,23,351,282,78,141,650,764,147,64,2519,18661,166,117,11408,112,704,20,41,4723,286,277,699,342
2,2,3,6,0,1,6,0,2,12,5,2,0,6,2,16,0,0,7,2,0,4,0,3,4,2,3,0,1,1,2,3,3,1,15,22,6,3,38,0,3,1,7,6,2,1,2,4,0,0,4,12,35,5,12,9,106,231,384,80,1145,193,697,391,859,8344,716,307,278,150,2135,231,17,36,4096,143,18,6,115,1535,305,1212,1659,10451,837,144,164,166,26616,91,206,5,56,13,160,16,11,98,2321,18403
1,5,2,3,2,3,1,6,42,4,5,8,5,24,9,9,2,0,10,132,1,67,190,12,250,297,772,8,1,6,7,291,116,23,7,9,13,546,35,20,3,3,20,888,422,39,336,9,2,4,62,51,231,18,25,143,31,235,86,295,146,32,89,67,994,504,311,40,257,5048,74,1631,74,1473,98,7461,1447,59,290,124,1126,2888,1019,219,5950,1069,46,117,91,19938,73,52,14914,57,545,13,68,67,291,148
24,45,53,86,12,22,183,9,33,83,22,15,1,134,23,223,1,0,71,8,28,52,5,23,13,17,24,6,15,70,39,20,7,11,225,186,119,13,465,10,54,15,78,65,7,4,27,125,20,12,179,159,197,60,612,315,8,37,74,271,1305,159,33,12,749,205,1987,17,1082,39,232,323,1371,1001,152,158,1780,131,308,153,140,53,610,321,46,144,7331,11408,206,73,19395,1084,945,24,74,9297,318,224,677,366
4,2,4,1,1,1,3,3,7,4,0,0,0,3,1,1,0,0,0,3,0,32,35,1,1,272,132,644,6,7,0,462,3,911,3,6,13,7,13,1452,9,0,2,889,7,180,1034,7,3,0,21,21,7,21,86,18,3,11,6,34,63,5,4,4,21,6,15,2,24,17,8,499,58,281,1,253,4829,8451,111,6,323,42,95,3,24,3746,1493,112,5,52,1084,19272,5388,550,1008,372,105,50,49,13
3,5,3,9,3,0,4,9,59,19,4,13,12,26,5,14,1,1,12,116,4,168,338,14,248,904,875,101,12,26,10,1075,102,333,14,18,19,327,55,747,22,9,18,2723,233,254,1172,25,5,3,87,68,221,38,70,199,18,132,40,475,224,54,113,70,492,177,342,23,512,1569,51,3193,508,3412,40,10334,6328,785,232,51,5034,2268,404,107,1923,9162,471,704,56,14914,945,5388,32647,552,3740,263,80,88,269,77
0,0,3,0,0,0,0,0,1,0,0,0,0,1,0,0,0,0,0,0,0,4,5,0,3,18,7,33,0,1,0,36,0,83,1,1,1,0,2,61,0,0,0,50,3,10,61,1,1,0,75,106,13,88,14,11,0,66,17,72,199,55,37,11,77,18,19,8,17,70,17,9825,7,39,8,49,74,8598,1510,4,126,89,538,9,40,2688,19,20,13,57,24,550,552,11337,5615,5,25,674,191,21
1,0,2,1,0,1,0,1,11,3,3,2,1,6,0,5,0,0,2,10,0,23,52,1,14,203,103,33,4,6,1,231,7,152,3,4,3,28,4,194,2,3,3,538,18,57,323,1,0,1,31,41,18,32,12,25,11,229,91,343,1182,160,150,62,90,149,74,48,86,228,180,9734,44,284,66,565,623,1119,349,58,2846,2940,555,116,257,6354,56,41,160,545,74,1008,3740,5615,14923,32,15,196,1012,292
20,53,93,113,7,33,280,2,4,16,3,4,0,69,15,108,0,0,8,2,2,13,1,5,0,7,16,5,8,13,14,5,0,2,130,35,73,2,114,9,13,4,25,19,2,3,8,257,18,2,322,247,108,203,3895,935,2,2,4,16,297,18,2,0,389,26,525,2,40,6,24,84,117,152,12,51,427,57,101,12,30,8,158,29,13,45,1721,4723,16,13,9297,372,263,5,32,8335,713,60,178,51
1,0,13,8,2,4,13,1,5,1,0,2,0,3,2,15,0,0,4,1,2,2,0,1,1,2,2,0,1,1,2,1,0,0,16,5,5,0,14,1,2,0,0,6,1,0,2,7,2,0,9148,888,465,801,3961,312,6,25,12,24,111,4,7,5,9857,174,337,4,35,56,7,145,10,21,8,34,71,47,11509,16,18,28,2194,74,160,37,218,286,11,68,318,105,80,25,15,713,25024,192,318,20
6,2,18,5,0,6,18,1,6,5,1,0,0,15,4,16,0,0,6,0,1,5,0,5,1,3,3,0,4,8,5,2,1,0,19,26,8,2,42,0,3,4,6,9,1,3,1,7,3,2,394,1245,391,487,139,388,11,44,29,66,17959,38,69,15,855,401,480,14,176,60,77,3179,11,13,36,88,18,403,9608,52,96,109,5317,261,156,227,129,277,98,67,224,50,88,674,196,60,192,36075,6557,440
4,9,16,27,1,3,45,2,11,15,9,2,1,43,11,45,1,0,21,7,4,14,10,13,6,9,11,0,8,22,7,13,4,3,58,45,19,5,124,5,19,6,19,38,1,1,17,28,10,3,437,1592,912,358,168,688,61,212,191,186,20419,196,475,107,2074,3032,1459,108,634,275,824,1795,55,69,370,695,73,113,1471,451,1068,982,19918,1354,1284,1141,338,699,2321,291,677,49,269,191,1012,178,318,6557,26661,7069
1,2,1,8,1,1,11,1,9,11,6,0,0,17,2,19,0,0,9,1,1,10,1,3,1,4,3,0,1,4,1,6,2,2,17,29,11,3,56,3,13,3,7,12,1,1,4,10,3,0,20,26,79,4,17,54,51,128,253,63,7767,123,317,100,1325,8029,848,109,443,83,6885,259,27,27,3461,290,38,23,86,1137,451,743,1413,2771,782,339,213,342,18403,148,366,13,77,21,292,51,20,440,7069,18517
