19310,6781,10490,929,10779,2467,489,1,1,17,0,0,0,14228,106,50,0,0,1,3,1,209,0,0,0,0,0,2,1212,562,3,4,5,2,29,1,4,1,13,1,575,47,5,1,0,12,0,54,1786,3,4,24,13,316,10,32,0,0,0,0,4,1,0,0,8,0,6,0,0,1,0,1,0,0,0,0,0,0,2,0,0,0,7,2,0,0,0,9,1,0,4,0,0,0,0,43,2,0,3,1
6781,45253,12962,13758,1141,1662,2194,7,3,184,2,7,7,12009,1970,151,1,0,3,4,2,804,4,0,3,5,1,7,1119,1638,5,10,6,3,177,5,31,2,58,0,1879,348,42,5,24,23,4,449,437,24,58,223,104,69,101,222,0,0,0,1,27,1,0,0,64,8,43,0,1,1,0,22,1,1,1,0,0,0,26,0,0,0,57,14,0,0,6,71,2,1,39,2,1,0,0,265,20,14,33,7
10490,12962,37543,5300,7345,9314,12254,1,2,41,0,1,1,907,39,29,0,0,0,5,0,478,0,1,1,0,2,11,621,830,5,3,7,1,117,3,10,0,20,2,1154,123,16,1,4,10,0,276,412,9,51,187,45,1471,100,231,0,0,0,0,7,0,0,0,39,2,16,0,2,0,0,13,0,0,0,0,0,0,9,1,0,0,23,4,0,0,4,28,1,0,18,0,1,0,0,166,9,7,16,2
929,13758,5300,30536,830,1495,10146,15,7,410,6,14,14,7575,7688,8704,7,1,9,50,19,587,7,1,14,10,7,12,1042,1823,108,31,36,6,942,15,102,32,251,7,1451,638,286,56,70,12,11,1132,411,77,63,260,114,70,126,291,0,0,0,3,42,2,0,0,76,6,57,2,9,0,0,33,1,4,1,1,0,0,43,3,0,1,61,31,0,0,10,104,3,1,66,0,2,0,1,323,21,24,56,12
10779,1141,7345,830,19520,18589,2279,0,0,20,0,0,1,4737,134,77,1,0,2,0,0,70,0,0,3,1,1,3,473,198,4,3,3,1,66,2,10,2,39,0,212,31,16,3,2,4,1,288,3391,1,6,20,13,512,10,30,0,0,0,1,7,0,0,0,5,1,6,0,0,0,0,3,0,0,0,0,0,0,0,0,0,0,8,6,0,0,0,16,1,0,0,0,0,0,0,20,2,1,8,4
2467,1662,9314,1495,18589,29275,16989,0,0,23,0,2,1,598,21,63,0,0,2,2,0,76,2,3,4,1,14,2,181,137,7,6,3,2,222,2,38,1,114,8,187,17,11,15,7,6,1,2945,2665,2,163,204,32,2382,224,205,0,0,0,0,7,1,0,0,22,0,6,0,1,0,1,6,1,0,0,0,0,0,14,0,0,1,16,2,1,0,4,28,0,0,15,0,0,0,0,261,8,4,4,2
489,2194,12254,10146,2279,16989,23533,4,15,274,6,10,7,922,221,2749,2,0,16,25,22,229,3,1,17,3,2,1,188,333,26,7,12,2,4155,19,149,10,757,1,502,190,64,19,13,3,4,4458,218,22,69,305,151,205,255,580,0,1,1,1,42,0,0,0,82,11,72,0,6,2,2,32,2,1,0,2,3,0,34,0,0,1,67,23,2,0,20,109,5,0,65,0,0,2,0,417,24,18,63,7
1,7,1,15,0,0,4,34047,3718,196,1698,1456,7152,116,202,835,3502,4402,2372,9781,97,2580,241,104,180,26,46,6,20,91,1925,88,809,8,23,66,2166,127,65,1,47,58,710,96,972,25,36,7,1,32,1,0,2,0,0,0,96,121,43,288,41,48,51,39,4,5,13,14,47,234,25,60,16,29,2,1,20,1,1,0,1,142,5,3,37,1,228,8,2,5,0,3,5,1,4,0,0,1,3,1
1,3,2,7,0,0,15,3718,52317,229,865,2247,3334,22,23,412,932,90,4336,5559,73,2328,525,7223,7445,73,1801,22,15,42,118,337,1231,49,128,1832,8233,141,397,32,24,59,88,787,373,51,160,12,1,16,1,0,4,0,0,0,139,182,50,2819,44,62,112,74,8,16,32,32,198,416,41,78,174,155,3,7,149,0,2,6,4,193,8,8,118,0,480,30,3,18,6,1,20,1,6,0,0,2,11,0
17,184,41,410,20,23,274,196,229,38254,2798,8261,705,236,461,2656,501,41,898,302,4250,4658,695,53,197,39,188,71,213,184,1063,445,1148,47,789,884,922,71,1111,34,18820,8335,3126,343,221,113,329,291,27,3816,0,9,9,0,4,5,2,16,44,29,189,16,9,3,7,9,107,22,128,16,35,56,19,14,17,3,15,1,13,16,1,20,33,49,19,1,75,114,37,9,104,3,4,0,6,9,0,21,88,27
0,2,0,6,0,0,6,1698,865,2798,3189,12472,380,6,9,340,192,33,1083,313,232,2707,1592,37,142,4,95,36,3,8,122,37,321,13,37,147,172,20,72,8,46,81,59,173,15,84,98,12,0,10,0,0,0,0,0,0,6,8,4,12,14,4,6,2,0,1,5,1,14,8,6,5,3,5,1,2,8,0,0,0,0,9,3,0,17,2,8,6,1,4,1,1,3,0,2,1,0,1,4,2
0,7,1,14,0,2,10,1456,2247,8261,12472,30219,7307,68,112,861,5529,489,1360,1799,2539,2648,6722,194,2577,53,1335,65,36,212,1043,371,6922,40,126,560,965,268,353,22,398,1240,1076,1776,242,174,554,79,7,349,0,0,0,2,1,3,13,26,32,53,39,18,51,8,4,5,13,9,42,111,13,69,11,116,8,17,103,0,0,2,8,102,5,6,210,5,47,8,6,82,3,1,30,1,8,2,0,0,11,5
0,7,1,14,1,1,7,7152,3334,705,380,7307,20169,317,426,558,4379,707,950,3733,459,328,105,110,587,19,98,2,55,473,1099,150,4232,7,18,86,1254,33,47,0,250,828,1246,124,551,3,42,9,4,367,0,0,2,0,0,0,37,30,2,67,4,7,25,12,0,4,7,4,6,126,2,20,4,28,2,3,26,0,0,1,0,67,5,5,31,0,79,1,1,2,2,0,2,0,2,0,0,0,2,4
14228,12009,907,7575,4737,598,922,116,22,236,6,68,317,75624,15413,1327,38,11,59,255,25,527,18,7,83,209,51,33,9684,25406,172,503,445,86,408,33,169,144,318,3,2061,899,1571,224,1062,53,96,410,13293,1586,26,73,62,23,39,96,0,0,2,1,50,1,3,0,37,6,92,1,4,2,2,35,1,6,5,1,3,0,23,8,0,5,53,50,8,0,15,91,6,0,76,0,2,0,1,106,16,14,61,7
106,1970,39,7688,134,21,221,202,23,461,9,112,426,15413,23291,935,115,23,88,309,90,391,5,1,37,115,17,7,973,3799,378,260,325,46,107,25,69,107,93,2,1423,1915,11023,173,898,8,33,91,230,7458,4,17,10,1,4,17,0,0,3,1,18,0,2,0,9,3,19,0,3,3,1,4,1,3,2,0,2,0,11,0,0,4,5,6,8,0,2,19,2,2,17,0,1,0,0,24,4,4,12,3
50,151,29,8704,77,63,2749,835,412,2656,340,861,558,1327,935,25935,1378,456,2489,1174,1025,963,50,9,234,63,31,7,338,791,13985,110,259,20,2663,719,510,199,913,5,1192,1134,3722,300,321,9,32,1286,115,245,19,43,48,8,28,65,1,12,26,17,126,10,2,2,41,17,136,9,77,14,25,48,10,17,9,1,7,2,20,9,1,11,58,63,13,1,28,141,27,2,116,0,1,0,0,71,14,16,94,26
0,1,0,7,1,0,2,3502,932,501,192,5529,4379,38,115,1378,6177,2691,1400,135,3402,141,43,44,30,5,11,0,5,60,2374,31,173,2,52,234,291,8,101,0,41,167,794,15,53,1,13,9,0,95,0,0,0,0,0,0,0,8,4,20,13,6,3,2,0,0,4,4,22,2,6,1,6,0,1,0,1,0,0,0,0,1,2,2,2,0,12,1,2,0,3,0,2,0,0,0,0,1,6,3
0,0,0,1,0,0,0,4402,90,41,33,489,707,11,23,456,2691,1680,1691,42,43,26,4,5,4,0,4,0,1,9,1540,8,101,1,6,9,55,4,7,0,4,6,149,2,29,1,4,0,1,4,0,0,0,0,0,0,0,3,1,8,2,0,0,1,0,0,2,3,4,0,1,1,1,0,0,0,0,0,0,0,0,0,0,0,0,0,5,2,0,1,0,0,0,0,0,0,0,0,2,2
1,3,0,9,2,2,16,2372,4336,898,1083,1360,950,59,88,2489,1400,1691,8675,1407,691,1121,75,582,702,11,54,5,15,48,1874,69,268,7,103,3501,980,71,212,6,96,90,693,218,208,4,18,11,1,44,0,0,2,1,1,2,12,101,110,120,136,52,22,7,5,4,37,37,151,21,81,28,24,16,17,1,6,0,1,9,0,15,20,13,16,0,69,47,8,5,5,0,3,1,2,2,1,6,27,19
3,4,5,50,0,2,25,9781,5559,302,313,1799,3733,255,309,1174,135,42,1407,30991,115,1568,914,146,2797,187,835,27,44,234,1339,705,4937,65,121,585,888,5511,162,11,129,268,751,2431,5023,60,228,13,7,107,0,1,2,0,1,0,43,26,11,127,19,19,161,36,7,52,13,6,23,592,7,143,5,312,5,11,272,0,3,6,5,312,15,18,532,5,67,5,12,50,4,2,33,2,4,1,0,1,20,3
1,2,0,19,0,0,22,97,73,4250,232,2539,459,25,90,1025,3402,43,691,115,5564,71,57,36,45,18,33,4,11,103,774,170,414,8,210,565,397,17,388,4,209,615,2554,56,100,6,57,33,2,698,0,1,3,0,0,1,0,4,12,10,52,12,3,1,2,1,14,4,44,3,9,10,2,2,3,0,1,0,0,1,0,3,5,3,2,1,29,14,2,1,9,0,0,0,0,1,0,2,23,6
209,804,478,587,70,76,229,2580,2328,4658,2707,2648,328,527,391,963,141,26,1121,1568,71,20299,5701,110,1171,57,775,1075,6299,571,393,250,418,278,289,355,624,102,496,219,16355,429,475,1460,140,6638,667,142,29,58,3,9,11,6,2,13,11,29,18,47,80,10,39,6,12,14,66,2,37,80,14,67,10,47,8,33,86,1,4,10,15,82,28,34,115,15,48,84,19,30,69,10,32,5,30,13,1,27,50,21
0,4,0,7,0,2,3,241,525,695,1592,6722,105,18,5,50,43,4,75,914,57,5701,12076,112,1861,107,2414,484,77,23,42,355,3735,221,15,71,130,198,212,145,105,99,52,3661,96,3789,3438,89,5,22,0,1,0,0,1,0,4,4,1,15,2,3,63,0,3,12,2,2,4,72,8,147,2,109,2,67,111,1,0,2,42,151,7,3,245,34,9,10,5,141,3,22,90,12,53,2,0,0,6,2
0,0,1,1,0,3,1,104,7223,53,37,194,110,7,1,9,44,5,582,146,36,110,112,3625,1125,74,1131,33,3,4,7,144,148,33,48,2781,3062,52,7545,160,12,14,20,473,133,11,108,197,8,1,0,0,0,0,0,0,3,14,11,19,32,8,9,5,0,0,4,3,31,17,5,14,4,9,1,1,7,0,1,0,0,8,2,2,9,1,138,3,0,4,2,5,3,0,1,0,0,1,3,0
0,3,1,14,3,4,17,180,7445,197,142,2577,587,83,37,234,30,4,702,2797,45,1171,1861,1125,10127,318,6213,44,13,107,126,1146,3549,125,114,1054,470,622,536,45,71,181,142,5557,2743,87,589,63,4,57,1,0,1,0,1,1,8,6,4,61,7,13,122,17,11,32,9,3,17,364,5,111,4,297,2,24,228,0,1,7,3,248,13,10,532,10,19,2,5,81,3,1,43,7,11,0,0,0,4,8
0,5,0,10,1,1,3,26,73,39,4,53,19,209,115,63,5,0,11,187,18,57,107,74,318,10529,1608,30,20,173,177,6937,350,2957,5,18,28,6156,134,43,49,73,205,12022,2385,52,765,36,3,30,0,1,0,0,2,0,0,0,0,6,2,2,7,0,0,1,0,0,2,5,2,103,7,23,0,49,109,2,0,0,31,92,0,0,41,26,1,1,1,59,4,7,59,4,52,1,0,0,1,5
0,1,2,7,1,14,2,46,1801,188,95,1335,98,51,17,31,11,4,54,835,33,775,2414,1131,6213,1608,16433,1874,17,54,61,3293,2477,788,23,150,1842,1260,1454,7478,43,103,79,9954,2761,521,2952,402,20,23,0,2,2,0,2,1,0,2,0,5,3,3,31,3,1,4,3,0,0,35,0,76,1,71,0,41,113,12,0,1,39,86,4,3,136,37,3,2,1,81,2,105,82,14,42,3,1,1,1,1
2,7,11,12,3,2,1,6,22,71,36,65,2,33,7,7,0,0,5,27,4,1075,484,33,44,30,1874,57009,985,61,6,245,72,6824,1,5,153,12,247,14882,304,9,4,935,16,19742,9049,87,6,3,0,0,0,0,0,0,0,0,0,1,1,0,0,0,0,0,0,0,0,4,0,13,0,4,0,7,25,27,0,0,8,2,0,0,4,28,1,1,1,3,0,166,14,25,16,1,0,0,0,0
1212,1119,621,1042,473,181,188,20,15,213,3,36,55,9684,973,338,5,1,15,44,11,6299,77,3,13,20,17,985,110988,10893,56,114,101,54,145,15,77,9,122,64,25582,259,269,64,135,1406,58,145,6590,88,7,22,10,13,7,15,0,0,0,1,18,0,1,0,6,4,20,0,6,3,0,9,0,0,0,1,1,0,1,1,1,0,11,14,0,0,4,25,1,1,25,0,0,0,0,18,5,4,20,3
562,1638,830,1823,198,137,333,91,42,184,8,212,473,25406,3799,791,60,9,48,234,103,571,23,4,107,173,54,61,10893,46588,268,614,745,73,289,62,183,103,282,7,12739,3239,2334,172,905,90,109,227,1507,3337,8,30,24,13,11,22,0,0,2,3,49,2,3,0,29,8,65,1,12,5,3,19,3,7,3,2,6,0,13,0,0,3,23,24,12,0,14,89,14,1,57,1,1,0,0,24,6,9,35,12
3,5,5,108,4,7,26,1925,118,1063,122,1043,1099,172,378,13985,2374,1540,1874,1339,774,393,42,7,126,177,61,6,56,268,18390,298,431,47,256,184,294,389,241,2,443,686,12106,442,1233,8,44,93,8,194,2,1,7,0,4,5,1,4,12,15,32,2,3,1,3,4,33,2,22,9,2,24,3,8,0,0,8,0,6,2,0,3,6,8,15,0,25,32,4,2,27,0,1,0,0,6,0,3,20,6
4,10,3,31,3,6,7,88,337,445,37,371,150,503,260,110,31,8,69,705,170,250,355,144,1146,6937,3293,245,114,614,298,27871,6016,4689,21,76,131,1491,330,376,308,686,549,13934,5114,299,10131,131,13,173,0,0,0,0,2,0,1,1,3,9,5,3,18,4,0,3,2,1,5,17,2,190,4,63,0,101,131,1,0,0,73,146,2,2,151,96,5,1,2,143,6,49,135,23,115,1,1,0,2,1
5,6,7,36,3,3,12,809,1231,1148,321,6922,4232,445,325,259,173,101,268,4937,414,418,3735,148,3549,350,2477,72,101,745,431,6016,15414,141,46,151,324,792,314,41,467,1381,850,4583,7120,172,3832,111,20,492,0,0,1,0,3,1,4,9,5,25,4,7,57,10,0,15,7,4,6,126,2,156,2,138,1,64,169,1,1,4,27,170,6,6,355,17,17,3,4,176,8,4,64,4,45,2,0,0,4,1
2,3,1,6,1,2,2,8,49,47,13,40,7,86,46,20,2,1,7,65,8,278,221,33,125,2957,788,6824,54,73,47,4689,141,20517,5,12,57,326,108,3792,34,42,95,11207,392,3728,13440,32,5,10,0,0,0,0,1,0,1,0,0,0,2,1,5,0,0,1,0,0,0,1,1,28,0,7,0,28,46,15,0,0,31,18,0,0,12,93,0,0,2,10,1,147,62,35,57,1,0,0,1,0
29,177,117,942,66,222,4155,23,128,789,37,126,18,408,107,2663,52,6,103,121,210,289,15,48,114,5,23,1,145,289,256,21,46,5,5411,597,513,19,4667,5,430,344,359,70,30,1,13,4493,74,84,16,75,35,6,29,88,2,5,9,12,82,4,1,0,35,16,95,4,22,8,9,48,3,5,5,0,1,1,21,8,0,5,51,38,5,0,33,100,9,1,81,1,0,0,0,103,14,9,58,20
1,5,3,15,2,2,19,66,1832,884,147,560,86,33,25,719,234,9,3501,585,565,355,71,2781,1054,18,150,5,15,62,184,76,151,12,597,7720,1827,65,3951,22,140,185,343,366,133,9,42,88,6,54,0,4,7,1,0,4,8,31,76,80,153,26,9,3,2,7,62,23,160,20,51,45,28,9,16,1,8,0,5,6,1,20,16,28,17,1,87,60,33,3,39,0,0,0,1,3,0,6,37,18
4,31,10,102,10,38,149,2166,8233,922,172,965,1254,169,69,510,291,55,980,888,397,624,130,3062,470,28,1842,153,77,183,294,131,324,57,513,1827,2999,11,7062,480,410,403,689,226,97,52,109,1037,41,139,0,4,5,1,7,7,53,65,15,150,45,12,30,13,2,9,29,1,43,95,17,26,11,15,6,1,18,3,5,4,1,49,8,12,13,1,157,34,6,4,23,6,2,0,5,15,3,3,19,8
1,2,0,32,2,1,10,127,141,71,20,268,33,144,107,199,8,4,71,5511,17,102,198,52,622,6156,1260,12,9,103,389,1491,792,326,19,65,11,15023,80,5,37,47,302,11724,6815,12,276,16,4,15,0,0,0,0,0,0,0,0,1,3,2,3,21,0,1,4,1,0,1,23,1,111,0,50,0,39,56,0,0,0,6,99,1,1,109,5,1,2,0,83,2,1,49,5,20,1,0,0,1,2
13,58,20,251,39,114,757,65,397,1111,72,353,47,318,93,913,101,7,212,162,388,496,212,7545,536,134,1454,247,122,282,241,330,314,108,4667,3951,7062,80,29297,876,567,459,601,848,148,59,302,6589,116,118,7,13,32,4,12,20,4,15,43,30,262,24,4,1,17,15,173,10,131,7,33,65,26,7,25,0,7,1,21,14,2,8,63,62,12,1,122,195,33,4,224,10,4,1,2,42,6,31,129,41
1,0,2,7,0,8,1,1,32,34,8,22,0,3,2,5,0,0,6,11,4,219,145,160,45,43,7478,14882,64,7,2,376,41,3792,5,22,480,5,876,23322,26,5,8,7950,15,2447,1906,241,13,1,0,0,1,0,2,0,0,0,0,1,1,1,2,0,0,2,0,0,0,0,0,20,3,8,0,13,134,152,0,0,43,6,1,0,2,185,8,0,0,1,5,881,86,73,121,5,0,0,0,0
575,1879,1154,1451,212,187,502,47,24,18820,46,398,250,2061,1423,1192,41,4,96,129,209,16355,105,12,71,49,43,304,25582,12739,443,308,467,34,430,140,410,37,567,26,65246,7722,1538,125,294,530,113,245,200,876,6,22,18,24,14,25,1,1,11,1,77,4,1,0,19,7,105,2,30,4,13,27,4,5,3,0,4,0,13,9,1,2,31,44,4,2,34,93,14,1,92,0,2,0,0,26,3,24,62,23
47,348,123,638,31,17,190,58,59,8335,81,1240,828,899,1915,1134,167,6,90,268,615,429,99,14,181,73,103,9,259,3239,686,686,1381,42,344,185,403,47,459,5,7722,20210,5266,233,511,17,187,167,24,10081,2,3,6,0,5,5,0,0,11,3,65,6,3,0,7,3,52,2,36,8,0,19,7,11,4,1,11,0,6,5,0,14,11,26,13,0,27,52,6,2,38,0,1,0,0,8,0,13,26,18
5,42,16,286,16,11,64,710,88,3126,59,1076,1246,1571,11023,3722,794,149,693,751,2554,475,52,20,142,205,79,4,269,2334,12106,549,850,95,359,343,689,302,601,8,1538,5266,29642,423,1597,7,76,182,40,9216,2,8,8,0,2,5,0,4,8,7,100,5,2,0,9,4,75,5,50,12,9,41,9,14,0,1,13,0,5,5,0,3,13,14,7,0,48,53,9,2,50,0,2,0,0,4,0,13,49,19
1,5,1,56,3,15,19,96,787,343,173,1776,124,224,173,300,15,2,218,2431,56,1460,3661,473,5557,12022,9954,935,64,172,442,13934,4583,11207,70,366,226,11724,848,7950,125,233,423,63840,5263,2031,10330,270,12,56,0,2,0,0,2,2,1,2,1,10,9,4,36,3,2,7,4,1,10,37,2,180,5,84,1,123,164,10,1,1,121,172,3,3,205,150,6,2,1,171,3,152,184,55,156,6,0,0,4,4
0,24,4,70,2,7,13,972,373,221,15,242,551,1062,898,321,53,29,208,5023,100,140,96,133,2743,2385,2761,16,135,905,1233,5114,7120,392,30,133,97,6815,148,15,294,511,1597,5263,12457,16,344,60,16,252,1,1,2,0,1,0,5,4,5,19,6,6,85,5,5,18,3,1,10,143,1,106,6,243,0,24,269,0,2,1,7,185,8,3,398,14,12,4,5,143,0,2,55,5,23,1,0,2,6,7
12,23,10,12,4,6,3,25,51,113,84,174,3,53,8,9,1,1,4,60,6,6638,3789,11,87,52,521,19742,1406,90,8,299,172,3728,1,9,52,12,59,2447,530,17,7,2031,16,15528,7924,24,3,2,0,0,1,0,0,0,0,0,0,0,1,0,3,1,1,0,1,1,0,6,1,13,0,7,0,12,23,4,0,0,21,12,1,1,9,47,1,0,0,7,1,70,27,18,30,2,0,0,0,0
0,4,0,11,1,1,4,36,160,329,98,554,42,96,33,32,13,4,18,228,57,667,3438,108,589,765,2952,9049,58,109,44,10131,3832,13440,13,42,109,276,302,1906,113,187,76,10330,344,7924,33548,108,11,51,1,0,0,0,2,0,0,0,0,7,4,2,15,1,1,2,1,0,0,17,5,160,3,35,0,119,150,11,0,1,89,123,3,0,110,137,1,0,2,127,3,189,155,50,155,3,0,0,3,4
54,449,276,1132,288,2945,4458,7,12,291,12,79,9,410,91,1286,9,0,11,13,33,142,89,197,63,36,402,87,145,227,93,131,111,32,4493,88,1037,16,6589,241,245,167,182,270,60,24,108,10075,917,47,87,492,208,107,302,541,0,1,3,2,39,5,1,0,113,10,82,1,3,2,1,24,2,3,0,0,2,3,40,4,1,2,54,23,2,1,23,185,4,1,92,2,3,1,2,636,30,24,55,7
1786,437,412,411,3391,2665,218,1,1,27,0,7,4,13293,230,115,0,1,1,7,2,29,5,8,4,3,20,6,6590,1507,8,13,20,5,74,6,41,4,116,13,200,24,40,12,16,3,11,917,12630,9,1,5,6,27,3,9,0,0,0,2,4,0,0,0,5,0,8,0,2,1,0,2,0,1,0,0,0,0,3,0,0,0,6,2,0,1,1,8,0,0,8,0,0,0,0,13,0,1,4,0
3,24,9,77,1,2,22,32,16,3816,10,349,367,1586,7458,245,95,4,44,107,698,58,22,1,57,30,23,3,88,3337,194,173,492,10,84,54,139,15,118,1,876,10081,9216,56,252,2,51,47,9,16568,0,0,3,1,0,1,0,0,4,2,13,0,1,0,1,0,8,0,5,2,0,3,1,3,0,0,4,0,0,2,0,0,6,1,9,1,11,11,1,1,8,0,1,0,0,1,0,4,5,1
4,58,51,63,6,163,69,1,1,0,0,0,0,26,4,19,0,0,0,0,0,3,0,0,1,0,0,0,7,8,2,0,0,0,16,0,0,0,7,0,6,2,2,0,1,0,1,87,1,0,56025,30217,2247,13835,16687,2403,1,2,0,3,91,0,2,2,15140,69,102,2,3,6,1,191,2,4,1,2,0,18,2383,1,1,6,851,16,13,2,18,144,7,3,90,2,8,1,1,288,13322,154,263,28
24,223,187,260,20,204,305,0,0,9,0,0,0,73,17,43,0,0,0,1,1,9,1,0,0,1,2,0,22,30,1,0,0,0,75,4,4,0,13,0,22,3,8,2,1,0,0,492,5,0,30217,90680,14531,12414,3753,8082,2,1,2,3,249,3,3,1,14387,77,113,2,13,3,2,808,2,6,0,5,3,35,2113,2,2,6,2462,15,20,7,48,316,11,13,147,4,16,19,0,536,2242,642,1123,35
13,104,45,114,13,32,151,2,4,9,0,0,2,62,10,48,0,0,2,2,3,11,0,0,1,0,2,0,10,24,7,0,1,0,35,7,5,0,32,1,18,6,8,0,2,1,0,208,6,3,2247,14531,27921,129,467,10295,15,26,21,49,556,20,30,19,15852,3285,3490,21,60,166,39,436,22,93,14,46,32,12,1578,52,16,74,2291,184,146,21,118,492,76,151,255,1,191,11,9,482,1587,430,1467,263
316,69,1471,70,512,2382,205,0,0,0,0,2,0,23,1,8,0,0,1,0,0,6,0,0,0,0,0,0,13,13,0,0,0,0,6,1,1,0,4,0,24,0,0,0,0,0,0,107,27,1,13835,12414,129,31518,19132,18021,0,0,0,0,25,0,0,0,183,4,14,0,1,1,0,91,0,0,1,0,2,7,242,1,0,2,282,2,1,0,8,47,2,0,533,0,0,5,0,459,332,90,99,2
10,101,100,126,10,224,255,0,0,4,0,1,0,39,4,28,0,0,1,1,0,2,1,0,1,2,2,0,7,11,4,2,3,1,29,0,7,0,12,2,14,5,2,2,1,0,2,302,3,0,16687,3753,467,19132,27727,7871,0,1,2,3,75,3,2,0,1067,14,95,0,8,3,5,69,9,16,3,2,25,3,118,3,3,6,126,15,6,2,85,1565,10,1,872,10,17,1,8,4707,4853,34,143,42
32,222,231,291,30,205,580,0,0,5,0,3,0,96,17,65,0,0,2,0,1,13,0,0,1,0,1,0,15,22,5,0,1,0,88,4,7,0,20,0,25,5,5,2,0,0,0,541,9,1,2403,8082,10295,18021,7871,29906,3,3,1,15,408,9,7,2,1510,75,2363,8,41,24,11,369,18,21,3,7,12,3,469,9,5,16,1027,53,21,1,124,1159,40,31,483,2,55,2,5,1351,386,263,855,132
0,0,0,0,0,0,0,96,139,2,6,13,37,0,0,1,0,0,12,43,0,11,4,3,8,0,0,0,0,0,1,1,4,1,2,8,53,0,4,0,1,0,0,1,5,0,0,0,0,0,1,2,15,0,0,3,4302,5291,694,1888,6,31,105,4517,92,356,144,281,434,2802,23,52,91,102,35,7,63,1,11,222,4,2119,77,480,292,6,1469,13,143,27,3,0,14,1,5,1,3,2,20,23
0,0,0,0,0,0,1,121,182,16,8,26,30,0,0,12,8,3,101,26,4,29,4,14,6,0,2,0,0,0,4,1,9,0,5,31,65,0,15,0,1,0,4,2,4,0,0,1,0,0,2,1,26,0,1,3,5291,21609,5412,5560,57,595,839,3221,72,297,405,6662,1224,4112,251,547,203,136,202,29,50,3,10,833,12,793,36,519,393,18,1891,53,136,145,15,0,91,9,11,5,0,4,17,46
0,0,0,0,0,0,1,43,50,44,4,32,2,2,3,26,4,1,110,11,12,18,1,11,4,0,0,0,0,2,12,3,5,0,9,76,15,1,43,0,11,11,8,1,5,0,0,3,0,4,0,2,21,0,2,1,694,5412,4369,2270,288,715,232,302,17,81,559,2658,2725,595,268,344,31,40,159,11,22,1,5,2233,4,254,39,240,293,7,528,28,51,36,30,1,23,5,7,6,2,6,43,55
0,1,0,3,1,0,1,288,2819,29,12,53,67,1,1,17,20,8,120,127,10,47,15,19,61,6,5,1,1,3,15,9,25,0,12,80,150,3,30,1,1,3,7,10,19,0,7,2,2,2,3,3,49,0,3,15,1888,5560,2270,45001,648,1850,1890,2213,45,118,725,1116,5200,7453,1118,1751,7078,5272,133,90,792,21,24,161,72,2067,79,140,649,49,8335,404,60,285,139,27,417,59,115,10,3,16,98,74
4,27,7,42,7,7,42,41,44,189,14,39,4,50,18,126,13,2,136,19,52,80,2,32,7,2,3,1,18,49,32,5,4,2,82,153,45,2,262,1,77,65,100,9,6,1,4,39,4,13,91,249,556,25,75,408,6,57,288,648,41295,4016,1570,112,296,300,2290,269,2166,90,6870,2612,242,152,204,74,154,35,255,79,98,421,553,231,242,111,2110,1694,471,59,1533,26,285,83,194,394,50,19590,16635,3337
1,1,0,2,0,1,0,48,62,16,4,18,7,1,0,10,6,0,52,19,12,10,3,8,13,2,3,0,0,2,2,3,7,1,4,26,12,3,24,1,4,6,5,4,6,0,2,5,0,0,0,3,20,0,3,9,31,595,715,1850,4016,6020,8507,270,20,49,322,436,1026,225,4920,4433,101,299,117,15,118,18,14,96,17,380,31,70,50,28,572,113,121,32,115,10,155,59,102,10,2,19,124,185
0,0,0,0,0,0,0,51,112,9,6,51,25,3,2,2,3,0,22,161,3,39,63,9,122,7,31,0,1,3,3,18,57,5,1,9,30,21,4,2,1,3,2,36,85,3,15,1,0,1,2,3,30,0,2,7,105,839,232,1890,1570,8507,18686,4565,38,316,225,4093,612,1091,6498,7811,116,2808,502,54,976,35,17,850,88,8092,133,322,361,67,476,82,696,181,70,12,585,118,295,17,1,11,248,547
0,0,0,0,0,0,0,39,74,3,2,8,12,0,0,2,2,1,7,36,1,6,0,5,17,0,3,0,0,0,1,4,10,0,0,3,13,0,1,0,0,0,0,3,5,1,1,0,0,0,2,1,19,0,0,2,4517,3221,302,2213,112,270,4565,15739,54,415,173,5260,368,1035,651,348,66,208,218,9,101,1,9,652,8,5688,76,342,167,13,686,22,413,25,18,4,46,12,22,6,0,3,69,156
8,64,39,76,5,22,82,4,8,7,0,4,0,37,9,41,0,0,5,7,2,12,3,0,11,0,1,0,6,29,3,0,0,0,35,2,2,1,17,0,19,7,9,2,5,1,1,113,5,1,15140,14387,15852,183,1067,1510,92,72,17,45,296,20,38,54,78923,12763,794,25,60,231,18,386,7,97,10,316,40,39,8382,64,104,249,17866,790,1244,221,118,340,281,336,187,24,359,28,56,223,12099,374,1437,182
0,8,2,6,1,0,11,5,16,9,1,5,4,6,3,17,0,0,4,52,1,14,12,0,32,1,4,0,4,8,4,3,15,1,16,7,9,4,15,2,7,3,4,7,18,0,2,10,0,0,69,77,3285,4,14,75,356,297,81,118,300,49,316,415,12763,36295,1557,186,215,711,148,346,24,425,117,442,159,22,565,429,217,1582,9985,5558,3160,274,172,213,10929,457,157,12,455,22,137,86,114,146,2669,5701
6,43,16,57,6,6,72,13,32,107,5,13,7,92,19,136,4,2,37,13,14,66,2,4,9,0,3,0,20,65,33,2,7,0,95,62,29,1,173,0,105,52,75,4,3,1,1,82,8,8,102,113,3490,14,95,2363,144,405,559,725,2290,322,225,173,794,1557,33918,413,9059,968,675,769,210,557,630,71,141,10,342,4682,33,376,1245,9109,362,33,665,7585,954,256,612,8,337,7,27,395,124,333,1809,1158
0,0,0,2,0,0,0,14,32,22,1,9,4,1,0,9,4,3,37,6,4,2,2,3,3,0,0,0,0,1,2,1,4,0,4,23,1,0,10,0,2,2,5,1,1,1,0,1,0,0,2,2,21,0,0,8,281,6662,2658,1116,269,436,4093,5260,25,186,413,8978,1634,118,4498,208,52,65,1590,18,22,1,2,3489,16,739,42,464,164,23,355,81,642,8,52,3,39,2,18,1,0,4,60,168
0,1,2,9,0,1,6,47,198,128,14,42,6,4,3,77,22,4,151,23,44,37,4,31,17,2,0,0,6,12,22,5,6,0,22,160,43,1,131,0,30,36,50,10,10,0,0,3,2,5,3,13,60,1,8,41,434,1224,2725,5200,2166,1026,612,368,60,215,9059,1634,14513,1429,1630,686,3614,954,872,52,252,5,46,3478,50,559,265,1009,483,30,1671,5087,342,159,748,10,288,20,65,15,4,69,530,602
1,1,0,0,0,0,2,234,416,16,8,111,126,2,3,14,2,0,21,592,3,80,72,17,364,5,35,4,3,5,9,17,126,1,8,20,95,23,7,0,4,8,12,37,143,6,17,2,1,2,6,3,166,1,3,24,2802,4112,595,7453,90,225,1091,1035,231,711,968,118,1429,24882,70,697,125,5191,52,208,986,9,47,298,67,5954,192,806,5355,99,1919,172,246,2970,23,10,702,34,94,8,4,16,107,86
0,0,0,0,0,1,2,25,41,35,6,13,2,2,1,25,6,1,81,7,9,14,8,5,5,2,0,0,0,3,2,2,2,1,9,51,17,1,33,0,13,0,9,2,1,1,5,1,0,0,1,2,39,0,5,11,23,251,268,1118,6870,4920,6498,651,18,148,675,4498,1630,70,8671,839,154,100,2931,52,81,25,14,947,63,425,113,249,120,84,1014,354,1692,15,230,20,111,47,138,28,5,17,454,4350
1,22,13,33,3,6,32,60,78,56,5,69,20,35,4,48,1,1,28,143,10,67,147,14,111,103,76,13,9,19,24,190,156,28,48,45,26,111,65,20,27,19,41,180,106,13,160,24,2,3,191,808,436,91,69,369,52,547,344,1751,2612,4433,7811,348,386,346,769,208,686,697,839,40449,313,3701,73,325,3796,2289,2884,94,384,5359,1450,291,517,840,657,644,193,559,642,528,6475,9171,5547,248,49,3420,1208,314
0,1,0,1,0,1,2,16,174,19,3,11,4,1,1,10,6,1,24,5,2,10,2,4,4,7,1,0,0,3,3,4,2,0,3,28,11,0,26,3,4,7,9,5,6,0,3,2,0,1,2,2,22,0,9,18,91,203,31,7078,242,101,116,66,7,24,210,52,3614,125,154,313,8158,2451,39,114,758,13,5,15,83,273,49,32,178,49,3625,2443,45,63,2788,103,407,19,112,120,6,11,88,48
0,1,0,4,0,0,1,29,155,14,5,116,28,6,3,17,0,0,16,312,2,47,109,9,297,23,71,4,0,7,8,63,138,7,5,9,15,50,7,8,5,11,14,84,243,7,35,3,1,3,4,6,93,0,16,21,102,136,40,5272,152,299,2808,208,97,425,557,65,954,5191,100,3701,2451,13276,48,859,7071,60,33,83,612,6704,245,234,4764,423,873,400,191,1938,583,421,4044,123,767,131,16,15,168,151
0,1,0,1,0,0,0,2,3,17,1,8,2,5,2,9,1,0,17,5,3,8,2,1,2,0,0,0,0,3,0,0,1,0,5,16,6,0,25,0,3,4,0,1,0,0,0,0,0,0,1,0,14,1,3,3,35,202,159,133,204,117,502,218,10,117,630,1590,872,52,2931,73,39,48,2824,41,15,2,5,4115,29,276,33,1303,157,47,318,206,2642,13,136,2,36,4,31,15,0,4,86,1348
0,0,0,1,0,0,2,1,7,3,2,17,3,1,0,1,0,0,1,11,0,33,67,1,24,49,41,7,1,2,0,101,64,28,0,1,1,39,0,13,0,1,1,123,24,12,119,0,0,0,2,5,46,0,2,7,7,29,11,90,74,15,54,9,316,442,71,18,52,208,52,325,114,859,41,24963,2411,36,86,39,8412,1131,583,235,8973,7716,44,50,105,9416,104,207,16689,116,1155,36,14,29,262,133
0,0,0,0,0,0,3,20,149,15,8,103,26,3,2,7,1,0,6,272,1,86,111,7,228,109,113,25,1,6,8,131,169,46,1,8,18,56,7,134,4,11,13,164,269,23,150,2,0,4,0,3,32,2,25,12,63,50,22,792,154,118,976,101,40,159,141,22,252,986,81,3796,758,7071,15,2411,15117,495,18,24,1675,3679,91,110,2842,1328,1149,218,61,1174,806,8036,7015,491,2397,322,32,16,109,66
0,0,0,0,0,0,0,1,0,1,0,0,0,0,0,2,0,0,0,0,0,1,1,0,0,2,12,27,0,0,0,1,1,15,1,0,3,0,1,152,0,0,0,10,0,4,11,3,0,0,18,35,12,7,3,3,1,3,1,21,35,18,35,1,39,22,10,1,5,9,25,2289,13,60,2,36,495,41172,1749,2,103,52,278,1,32,7372,53,8,7,14,55,9336,786,21801,1275,36,10,341,73,23
2,26,9,43,0,14,34,1,2,13,0,0,0,23,11,20,0,0,1,3,0,4,0,1,1,0,0,0,1,13,6,0,1,0,21,5,5,0,21,0,13,6,5,1,2,0,0,40,3,0,2383,2113,1578,242,118,469,11,10,5,24,255,14,17,9,8382,565,342,2,46,47,14,2884,5,33,5,86,18,1749,143400,5,43,89,26924,150,266,108,103,302,77,69,175,65,83,776,31,114,12682,14229,1112,60
0,0,1,3,0,0,0,0,6,16,0,2,1,8,0,9,0,0,9,6,1,10,2,0,7,0,1,0,1,0,2,0,4,0,8,6,4,0,14,0,9,5,5,1,1,0,1,4,0,2,1,2,52,1,3,9,222,833,2233,161,79,96,850,652,64,429,4682,3489,3478,298,947,94,15,83,4115,39,24,2,5,3799,16,473,75,4137,319,22,131,101,1486,63,78,2,54,4,19,23,3,8,52,195
0,0,0,0,0,0,0,1,4,1,0,8,0,0,0,1,0,0,0,5,0,15,42,0,3,31,39,8,1,0,0,73,27,31,0,1,1,6,2,43,1,0,0,121,7,21,89,1,0,0,1,2,16,0,3,5,4,12,4,72,98,17,88,8,104,217,33,16,50,67,63,384,83,612,29,8412,1675,103,43,16,11696,1184,271,85,2830,6526,42,30,54,894,84,617,7163,385,6171,44,5,18,167,118
0,0,0,1,0,1,1,142,193,20,9,102,67,5,4,11,1,0,15,312,3,82,151,8,248,92,86,2,0,3,3,146,170,18,5,20,49,99,8,6,2,14,3,172,185,12,123,2,0,0,6,6,74,2,6,16,2119,793,254,2067,421,380,8092,5688,249,1582,376,739,559,5954,425,5359,273,6704,276,1131,3679,52,89,473,1184,22477,837,820,14926,412,989,152,1003,1305,190,64,4810,151,3271,78,12,45,676,845
7,57,23,61,8,16,67,5,8,33,3,5,5,53,5,58,2,0,20,15,5,28,7,2,13,0,4,0,11,23,6,2,6,0,51,16,8,1,63,1,31,11,13,3,8,1,3,54,6,6,851,2462,2291,282,126,1027,77,36,39,79,553,31,133,76,17866,9985,1245,42,265,192,113,1450,49,245,33,583,91,278,26924,75,271,837,75573,1136,2226,537,449,791,1521,307,558,31,425,114,154,276,1769,9195,15910,567
2,14,4,31,6,2,23,3,8,49,0,6,5,50,6,63,2,0,13,18,3,34,3,2,10,0,3,0,14,24,8,2,6,0,38,28,12,1,62,0,44,26,14,3,3,1,0,23,2,1,16,15,184,2,15,53,480,519,240,140,231,70,322,342,790,5558,9109,464,1009,806,249,291,32,234,1303,235,110,1,150,4137,85,820,1136,12770,1891,130,470,400,3722,567,371,5,576,10,64,161,39,75,655,852
0,0,0,0,0,1,2,37,118,19,17,210,31,8,8,13,2,0,16,532,2,115,245,9,532,41,136,4,0,12,15,151,355,12,5,17,13,109,12,2,4,13,7,205,398,9,110,2,0,9,13,20,146,1,6,21,292,393,293,649,242,50,361,167,1244,3160,362,164,483,5355,120,517,178,4764,157,8973,2842,32,266,319,2830,14926,2226,1891,27868,1633,189,79,971,5560,100,53,4624,79,1367,19,37,80,952,625
0,0,0,0,0,0,0,1,0,1,2,5,0,0,0,1,0,0,0,5,1,15,34,1,10,26,37,28,0,0,0,96,17,93,0,1,1,5,1,185,2,0,0,150,14,47,137,1,1,1,2,7,21,0,2,1,6,18,7,49,111,28,67,13,221,274,33,23,30,99,84,840,49,423,47,7716,1328,7372,108,22,6526,412,537,130,1633,26227,50,18,88,1580,76,3439,12109,11006,6312,31,16,27,272,153
0,6,4,10,0,4,20,228,480,75,8,47,79,15,2,28,12,5,69,67,29,48,9,138,19,1,3,1,4,14,25,5,17,0,33,87,157,1,122,8,34,27,48,6,12,1,1,23,1,11,18,48,118,8,85,124,1469,1891,528,8335,2110,572,476,686,118,172,665,355,1671,1919,1014,657,3625,873,318,44,1149,53,103,131,42,989,449,470,189,50,4873,1183,560,34,4430,253,134,36,83,1090,47,206,1011,492
9,71,28,104,16,28,109,8,30,114,6,8,1,91,19,141,1,2,47,5,14,84,10,3,2,1,2,1,25,89,32,1,3,0,100,60,34,2,195,0,93,52,53,2,4,0,0,185,8,11,144,316,492,47,1565,1159,13,53,28,404,1694,113,82,22,340,213,7585,81,5087,172,354,644,2443,400,206,50,218,8,302,101,30,152,791,400,79,18,1183,15628,429,43,5845,18,206,10,42,2830,123,255,1311,618
1,2,1,3,1,0,5,2,3,37,1,6,1,6,2,27,2,0,8,12,2,19,5,0,5,1,1,1,1,14,4,2,4,2,9,33,6,0,33,0,14,6,9,1,5,0,2,4,0,1,7,11,76,2,10,40,143,136,51,60,471,121,696,413,281,10929,954,642,342,246,1692,193,45,191,2642,105,61,7,77,1486,54,1003,1521,3722,971,88,560,429,26013,146,467,6,183,14,69,120,4,34,1807,9460
0,1,0,1,0,0,0,5,18,9,4,82,2,0,2,2,0,1,5,50,1,30,141,4,81,59,81,3,1,1,2,143,176,10,1,3,4,83,4,1,1,2,2,171,143,7,127,1,0,1,3,13,151,0,1,31,27,145,36,285,59,32,181,25,336,457,256,8,159,2970,15,559,63,1938,13,9416,1174,14,69,63,894,1305,307,567,5560,1580,34,43,146,17243,43,18,11034,47,345,17,29,35,183,29
4,39,18,66,0,15,65,0,6,104,1,3,2,76,17,116,3,0,5,4,9,69,3,2,3,4,2,0,25,57,27,6,8,1,81,39,23,2,224,5,92,38,50,3,0,1,3,92,8,8,90,147,255,533,872,483,3,15,30,139,1533,115,70,18,187,157,612,52,748,23,230,642,2788,583,136,104,806,55,175,78,84,190,558,371,100,76,4430,5845,467,43,17963,362,282,41,131,7069,230,217,1089,508
0,2,0,0,0,0,0,3,1,3,1,1,0,0,0,0,0,0,0,2,0,10,22,5,1,7,105,166,0,1,0,49,4,147,1,0,6,1,10,881,0,0,0,152,2,70,189,2,0,0,2,4,1,0,10,2,0,0,1,27,26,10,12,4,24,12,8,3,10,10,20,528,103,421,2,207,8036,9336,65,2,617,64,31,5,53,3439,253,18,6,18,362,29267,11598,2676,1898,194,15,20,19,16
0,1,1,2,0,0,0,5,20,4,3,30,2,2,1,1,2,0,3,33,0,32,90,3,43,59,82,14,0,1,1,135,64,62,0,0,2,49,4,86,2,1,2,184,55,27,155,3,0,1,8,16,191,0,17,55,14,91,23,417,285,155,585,46,359,455,337,39,288,702,111,6475,407,4044,36,16689,7015,786,83,54,7163,4810,425,576,4624,12109,134,206,183,11034,282,11598,50377,1994,7158,135,42,50,290,139
0,0,0,0,0,0,2,1,1,0,0,1,0,0,0,0,0,0,1,2,0,5,12,0,7,4,14,25,0,0,0,23,4,35,0,0,0,5,1,73,0,0,0,55,5,18,50,1,0,0,1,19,11,5,1,2,1,9,5,59,83,59,118,12,28,22,7,2,20,34,47,9171,19,123,4,116,491,21801,776,4,385,151,114,10,79,11006,36,10,14,47,41,2676,1994,21569,9065,22,3,232,73,53
0,0,0,1,0,0,0,4,6,6,2,8,2,1,0,0,0,0,2,4,0,30,53,1,11,52,42,16,0,0,0,115,45,57,0,1,5,20,2,121,0,0,0,156,23,30,155,2,0,0,1,0,9,0,8,5,5,11,7,115,194,102,295,22,56,137,27,18,65,94,138,5547,112,767,31,1155,2397,1275,31,19,6171,3271,154,64,1367,6312,83,42,69,345,131,1898,7158,9065,20586,69,11,14,153,145
43,265,166,323,20,261,417,0,0,9,1,2,0,106,24,71,0,0,2,1,1,13,2,0,0,1,3,1,18,24,6,1,2,1,103,3,15,1,42,5,26,8,4,6,1,2,3,636,13,1,288,536,482,459,4707,1351,1,5,6,10,394,10,17,6,223,86,395,1,15,8,28,248,120,131,15,36,322,36,114,23,44,78,276,161,19,31,1090,2830,120,17,7069,194,135,22,69,7098,920,80,493,201
2,20,9,21,2,8,24,0,0,0,0,0,0,16,4,14,0,0,1,0,0,1,0,0,0,0,1,0,5,6,0,1,0,0,14,0,3,0,6,0,3,0,0,0,0,0,0,30,0,0,13322,2242,1587,332,4853,386,3,0,2,3,50,2,1,0,12099,114,124,0,4,4,5,49,6,16,0,14,32,10,12682,3,5,12,1769,39,37,16,47,123,4,29,230,15,42,3,11,920,34449,50,140,26
0,14,7,24,1,4,18,1,2,21,1,0,0,14,4,16,1,0,6,1,2,27,0,1,0,0,1,0,4,9,3,0,0,0,9,6,3,0,31,0,24,13,13,0,2,0,0,24,1,4,154,642,430,90,34,263,2,4,6,16,19590,19,11,3,374,146,333,4,69,16,17,3420,11,15,4,29,16,341,14229,8,18,45,9195,75,80,27,206,255,34,35,217,20,50,232,14,80,50,41204,5864,143
3,33,16,56,8,4,63,3,11,88,4,11,2,61,12,94,6,2,27,20,23,50,6,3,4,1,1,0,20,35,20,2,4,1,58,37,19,1,129,0,62,26,49,4,6,0,3,55,4,5,263,1123,1467,99,143,855,20,17,43,98,16635,124,248,69,1437,2669,1809,60,530,107,454,1208,88,168,86,262,109,73,1112,52,167,676,15910,655,952,272,1011,1311,1807,183,1089,19,290,73,153,493,140,5864,37303,12213
1,7,2,12,4,2,7,1,0,27,2,5,4,7,3,26,3,2,19,3,6,21,2,0,8,5,1,0,3,12,6,1,1,0,20,18,8,2,41,0,23,18,19,4,7,0,4,7,0,1,28,35,263,2,42,132,23,46,55,74,3337,185,547,156,182,5701,1158,168,602,86,4350,314,48,151,1348,133,66,23,60,195,118,845,567,852,625,153,492,618,9460,29,508,16,139,53,145,201,26,143,12213,15428
