20416,7983,9015,1324,15366,7502,1064,1,2,72,0,2,1,12224,386,114,2,1,2,2,8,382,1,4,1,5,3,10,440,718,10,4,2,1,58,3,66,3,75,1,377,105,38,6,7,10,10,336,1749,13,10,12,2,147,6,40,0,0,0,0,9,0,0,0,22,5,14,1,2,0,0,6,0,0,0,0,2,0,3,0,0,0,1,10,0,1,12,9,0,1,7,0,0,0,0,32,5,1,14,0
7983,27167,12344,22320,1022,1770,1658,8,0,134,2,2,4,4912,5265,240,3,2,2,9,4,410,2,4,3,7,0,11,252,608,14,10,6,1,101,11,77,3,128,1,433,252,78,4,15,12,8,121,301,38,24,25,12,129,7,43,0,0,0,0,18,0,0,0,42,10,15,0,1,0,1,5,0,0,0,0,0,0,8,1,0,0,5,10,0,0,9,21,0,0,11,0,0,0,0,50,5,4,13,0
9015,12344,26097,4146,3829,7962,6823,4,3,149,5,0,2,915,148,40,2,1,2,3,7,581,3,4,0,1,0,9,251,633,9,7,3,4,52,7,60,2,177,0,583,395,26,4,4,16,3,242,105,43,543,923,16,2505,53,191,0,0,0,0,20,1,0,0,53,13,21,0,0,1,0,11,0,0,0,0,0,0,5,1,0,0,10,14,0,0,3,27,0,1,12,0,0,0,0,67,4,3,27,1
1324,22320,4146,64784,348,1477,22913,43,28,925,31,0,16,2815,19408,11655,9,23,25,80,34,653,12,41,26,49,21,4,272,1025,526,51,38,7,709,58,422,54,552,1,843,839,2428,37,153,18,24,487,200,234,49,57,40,277,47,262,0,0,1,1,44,1,0,0,133,29,87,0,4,6,0,26,2,4,0,0,4,1,23,4,2,2,28,45,2,0,56,119,1,7,59,0,1,0,1,217,19,13,68,2
15366,1022,3829,348,21611,21499,459,0,0,18,1,0,0,5069,97,36,1,1,0,6,3,63,0,2,0,1,1,10,287,347,6,3,3,1,27,1,32,3,36,0,140,21,30,2,11,8,3,1033,3103,3,5,2,1,83,3,5,0,0,0,0,1,1,0,0,7,1,3,0,0,0,0,3,0,0,0,0,0,0,0,0,0,0,0,4,0,0,6,1,0,0,5,0,1,0,0,9,0,0,5,0
7502,1770,7962,1477,21499,20712,13355,1,8,56,29,2,1,778,173,259,0,1,1,1,4,179,2,102,5,1,28,14,214,410,19,4,6,4,575,10,226,2,1889,19,267,85,55,15,6,17,8,8040,2607,11,91,76,11,1502,51,156,1,0,0,0,10,1,0,0,32,6,25,0,0,0,0,8,0,2,0,0,1,0,0,2,0,0,3,5,0,0,16,32,0,0,13,0,1,0,0,115,5,3,7,0
1064,1658,6823,22913,459,13355,25926,13,31,477,34,3,2,656,299,6980,3,3,11,15,15,343,1,132,19,18,16,3,97,314,49,9,7,6,4875,247,474,16,3311,0,276,243,209,9,22,4,6,1925,75,49,83,71,75,980,75,796,0,0,2,0,36,1,0,0,169,48,104,1,2,3,1,33,2,1,0,0,0,1,23,5,0,0,44,61,2,0,37,140,3,2,62,0,0,0,0,313,26,6,67,0
1,8,4,43,0,1,13,24895,5956,89,1010,366,7207,131,204,338,5386,6690,1584,5709,322,1182,196,152,39,60,62,6,20,37,1642,81,408,7,23,95,1143,121,60,2,14,14,813,37,935,39,63,1,11,27,0,0,0,0,0,0,22,50,11,94,10,5,2,26,0,0,3,16,8,137,3,7,4,84,7,2,7,0,1,5,0,21,1,1,9,1,103,6,1,6,8,0,8,0,0,1,0,1,5,1
2,0,3,28,0,8,31,5956,38466,142,487,846,1091,53,42,420,253,70,3890,5490,324,879,406,15122,5268,76,4236,8,25,20,328,99,1090,32,181,760,7386,248,254,22,25,23,227,446,333,53,149,34,5,12,0,0,0,0,0,1,71,108,6,263,5,9,24,67,1,3,12,10,38,772,8,24,17,443,2,15,75,0,0,3,12,171,0,4,47,2,299,11,2,55,10,0,41,2,3,1,0,0,4,2
72,134,149,925,18,56,477,89,142,43631,2860,2508,348,293,373,1172,256,57,226,94,6010,6156,404,193,88,46,110,12,349,1081,465,664,962,30,456,321,819,67,528,9,14756,14232,3491,124,234,108,725,121,32,11231,2,2,1,4,0,4,3,3,14,3,14,5,2,2,4,3,19,8,15,6,2,8,5,19,5,15,9,1,5,14,1,5,6,5,6,4,28,11,4,18,10,2,20,0,2,1,2,0,12,1
0,2,5,31,1,29,34,1010,487,2860,7854,11438,424,29,21,489,555,40,471,207,2728,4717,1833,107,67,20,85,11,36,36,158,98,732,18,183,231,266,32,311,6,54,44,106,97,41,161,402,73,7,27,1,0,0,0,1,2,0,1,2,4,3,4,1,2,0,0,3,1,6,12,1,2,1,6,3,6,1,2,1,4,3,5,1,1,3,2,13,1,0,9,1,4,11,1,0,6,0,0,4,0
2,2,0,0,0,2,3,366,846,2508,11438,25382,7962,42,33,37,4019,86,112,497,9539,2671,5776,191,280,16,332,13,44,48,130,100,5623,16,16,66,477,43,20,5,53,118,83,83,105,160,412,0,1,88,0,0,0,0,0,0,4,9,5,17,4,4,0,3,0,0,3,3,3,87,2,7,0,84,0,6,18,0,0,3,2,32,2,0,15,0,34,1,1,17,4,0,20,1,2,2,0,1,0,1
1,4,2,16,0,1,2,7207,1091,348,424,7962,22923,213,180,41,5986,830,102,3697,1266,367,355,65,124,45,361,1,13,75,508,212,9358,5,10,42,811,46,15,1,30,69,487,52,855,21,124,1,10,164,0,0,0,0,0,2,49,55,7,160,2,6,12,60,0,1,11,8,12,546,1,12,3,260,1,4,50,0,1,3,1,77,0,5,24,1,150,7,1,16,6,0,11,1,1,1,0,1,0,0
12224,4912,915,2815,5069,778,656,131,53,293,29,42,213,81797,16698,830,146,74,64,241,452,406,49,64,66,209,73,26,3281,29870,343,688,352,16,798,76,945,114,707,11,999,1204,4641,51,1119,41,180,258,15720,3971,38,28,30,31,23,44,0,0,3,3,63,4,0,1,92,28,88,1,10,8,3,27,1,13,1,5,6,0,20,10,3,6,32,58,2,0,103,64,3,14,67,0,15,0,0,64,14,11,88,3
386,5265,148,19408,97,173,299,204,42,373,21,33,180,16698,21630,2068,105,80,78,217,433,234,17,31,31,128,29,6,316,1421,516,322,195,12,321,48,304,96,316,3,404,607,24948,32,732,13,66,184,180,9348,12,11,16,17,16,22,0,0,2,3,30,2,0,2,50,7,29,2,2,12,2,14,0,10,0,3,3,0,11,4,1,5,14,21,2,1,37,35,2,10,28,0,9,0,0,38,5,3,31,0
114,240,40,11655,36,259,6980,338,420,1172,489,37,41,830,2068,34517,102,501,10593,227,160,362,27,275,145,75,93,6,155,461,12285,85,109,9,4438,7917,1009,129,1128,9,345,312,10222,103,181,10,40,903,51,125,11,18,13,12,12,24,0,0,5,5,24,7,0,2,49,11,37,4,28,13,5,17,7,12,7,2,3,0,10,11,2,7,17,28,4,0,48,32,2,12,55,1,7,0,0,40,7,6,37,4
2,3,2,9,1,0,3,5386,253,256,555,4019,5986,146,105,102,8336,3303,532,70,6514,237,264,79,23,10,29,0,16,63,1798,40,769,1,16,90,414,10,23,0,24,58,283,8,69,7,63,1,3,97,0,0,0,1,0,0,3,7,2,11,7,3,0,1,0,0,2,7,4,10,1,1,2,8,4,0,0,0,0,3,0,2,0,0,1,0,15,2,0,2,4,0,1,0,0,0,0,1,1,0
1,2,1,23,1,1,3,6690,70,57,40,86,830,74,80,501,3303,4653,1367,87,404,45,15,37,4,9,10,0,4,21,1955,38,147,1,12,100,203,7,47,1,9,18,562,6,125,2,11,1,2,30,0,0,0,0,0,0,1,0,8,2,6,1,0,0,0,1,6,1,11,6,0,2,1,1,5,0,0,0,0,2,0,2,0,1,0,0,8,1,3,2,3,0,1,0,0,1,0,0,3,1
2,2,2,25,0,1,11,1584,3890,226,471,112,102,64,78,10593,532,1367,9176,274,312,282,32,276,215,15,92,2,18,50,2082,30,89,4,109,3113,1218,60,319,11,43,40,579,67,94,9,24,6,9,21,1,0,0,1,0,1,0,4,17,11,16,6,1,0,3,2,17,15,22,13,4,11,9,10,13,1,3,0,3,11,1,9,2,6,7,0,28,10,6,4,12,0,4,0,0,1,0,2,15,2
2,9,3,80,6,1,15,5709,5490,94,207,497,3697,241,217,227,70,87,274,18317,121,775,713,74,2272,368,1362,7,45,81,762,496,2566,43,41,160,303,3991,25,11,41,53,682,1325,6304,69,351,3,11,63,0,0,1,0,0,1,29,44,11,85,3,13,52,59,2,5,11,8,22,937,2,48,8,739,2,32,103,1,0,7,17,398,3,6,198,4,41,4,5,223,7,3,149,4,8,2,0,0,4,1
8,4,7,34,3,4,15,322,324,6010,2728,9539,1266,452,433,160,6514,404,312,121,21050,635,478,357,91,61,84,6,51,416,1601,444,1168,11,93,235,1084,43,122,8,213,1157,9528,56,368,33,420,12,5,3493,0,0,0,0,0,1,2,4,12,5,19,8,1,0,1,2,13,5,21,12,5,2,4,9,9,5,4,1,0,4,0,7,1,2,9,0,28,10,5,11,6,1,11,0,2,0,3,0,3,0
382,410,581,653,63,179,343,1182,879,6156,4717,2671,367,406,234,362,237,45,282,775,635,15561,4368,119,342,210,441,699,4149,548,166,374,485,231,183,149,285,210,251,104,11069,815,379,739,254,3876,1486,64,95,130,3,4,1,30,2,12,6,6,3,13,13,1,1,7,14,0,11,7,11,84,1,18,1,64,1,43,26,5,5,5,11,43,5,10,24,15,21,6,1,41,16,23,92,3,9,3,2,5,10,1
1,2,3,12,0,2,1,196,406,404,1833,5776,355,49,17,27,264,15,32,713,478,4368,8489,93,672,275,1031,120,174,57,78,402,3757,124,14,25,72,481,19,67,78,48,58,1101,451,4097,4146,2,2,49,0,0,0,0,0,1,2,2,0,11,1,0,2,2,1,3,3,3,2,66,1,19,1,61,1,90,53,3,0,1,40,82,1,0,36,17,6,0,0,149,3,14,178,1,16,0,0,0,1,2
4,4,4,41,2,102,132,152,15122,193,107,191,65,64,31,275,79,37,276,74,357,119,93,3447,1180,87,2539,120,25,56,99,161,115,61,1088,6858,3728,182,12535,394,51,49,182,727,53,38,176,393,15,27,1,1,0,1,1,0,1,0,8,8,12,1,5,2,4,3,6,5,10,29,4,10,3,22,3,2,9,1,2,4,3,12,1,5,6,4,15,9,4,18,3,5,18,3,1,13,0,0,2,0
1,3,0,26,0,5,19,39,5268,88,67,280,124,66,31,145,23,4,215,2272,91,342,672,1180,13730,225,16137,9,22,52,58,442,1536,71,80,272,392,858,60,56,22,61,65,4280,750,75,495,7,1,33,0,0,1,0,0,0,7,12,8,15,4,9,38,8,5,10,4,15,8,480,5,75,5,583,1,56,222,2,0,1,30,382,1,4,300,13,7,5,4,531,2,4,290,5,10,0,0,0,2,3
5,7,1,49,1,1,18,60,76,46,20,16,45,209,128,75,10,9,15,368,61,210,275,87,225,9035,904,74,41,81,145,10867,248,5775,17,21,22,4092,28,265,21,31,283,5663,1829,230,3029,3,8,53,0,0,0,0,0,1,0,0,2,8,2,6,5,2,7,10,1,5,3,8,4,120,1,46,1,430,244,25,0,3,190,163,0,7,57,89,1,0,2,256,0,127,871,5,80,0,0,0,5,2
3,0,0,21,1,28,16,62,4236,110,85,332,361,73,29,93,29,10,92,1362,84,441,1031,2539,16137,904,24056,647,37,51,74,1774,1850,511,81,142,1298,1751,897,3925,33,52,114,18074,1136,298,2043,138,8,40,2,1,0,0,1,0,4,6,0,9,3,4,8,2,5,3,4,5,3,66,3,69,9,102,3,272,209,17,0,3,113,149,4,3,58,64,4,1,0,291,1,63,577,3,52,2,0,0,3,3
10,11,9,4,10,14,3,6,8,12,11,13,1,26,6,6,0,0,2,7,6,699,120,120,9,74,647,58555,769,87,8,116,10,6887,15,19,171,18,218,10554,162,15,9,578,10,10153,3240,36,8,4,0,0,0,0,0,0,0,0,0,0,0,0,0,0,1,0,0,0,0,0,0,6,1,1,0,23,19,58,0,0,24,1,0,0,0,182,2,0,0,3,1,315,95,8,19,1,1,0,0,0
440,252,251,272,287,214,97,20,25,349,36,44,13,3281,316,155,16,4,18,45,51,4149,174,25,22,41,37,769,80047,8992,66,79,61,123,148,42,217,23,172,78,23397,629,257,69,66,1199,344,34,5878,70,3,4,4,7,1,9,0,0,1,1,7,4,0,0,11,5,13,0,4,4,0,7,0,2,0,6,5,3,4,1,6,5,4,14,1,12,19,14,2,4,11,9,13,0,3,3,3,2,18,1
718,608,633,1025,347,410,314,37,20,1081,36,48,75,29870,1421,461,63,21,50,81,416,548,57,56,52,81,51,87,8992,58592,192,456,290,24,341,80,641,42,390,10,9583,12406,1495,46,448,128,235,80,1884,2905,12,8,5,36,5,15,0,1,4,1,23,3,0,0,31,7,40,4,9,6,0,13,0,8,1,1,5,0,15,5,2,5,8,29,3,2,43,27,5,6,29,3,12,0,0,16,5,3,27,1
10,14,9,526,6,19,49,1642,328,465,158,130,508,343,516,12285,1798,1955,2082,762,1601,166,78,99,58,145,74,8,66,192,25535,262,360,21,208,361,559,214,259,1,97,120,17381,82,764,18,73,60,12,169,1,1,4,1,2,3,0,3,11,11,24,3,2,2,10,7,36,3,20,27,4,4,6,17,4,4,3,0,4,14,0,10,5,9,5,1,24,17,6,14,19,0,7,0,1,6,2,4,19,1
4,10,7,51,3,4,9,81,99,664,98,100,212,688,322,85,40,38,30,496,444,374,402,161,442,10867,1774,116,79,456,262,33401,7556,4306,23,41,67,1868,38,221,143,353,463,5291,4702,379,13846,4,23,370,0,0,0,0,0,0,0,6,1,8,4,2,5,0,5,10,2,1,4,13,4,114,4,60,1,518,275,45,1,3,236,183,2,8,84,107,2,0,2,339,2,136,1087,8,95,0,0,0,2,2
2,6,3,38,3,6,7,408,1090,962,732,5623,9358,352,195,109,769,147,89,2566,1168,485,3757,115,1536,248,1850,10,61,290,360,7556,18060,71,22,74,279,652,33,15,110,346,398,935,3456,133,8896,3,7,389,0,0,0,0,0,0,17,18,10,33,2,6,29,35,3,5,7,1,18,698,4,39,4,471,2,35,112,2,0,7,25,304,0,5,106,4,15,2,3,199,7,3,134,0,5,1,0,0,2,0
1,1,4,7,1,4,6,7,32,30,18,16,5,16,12,9,1,1,4,43,11,231,124,61,71,5775,511,6887,123,24,21,4306,71,21329,7,8,32,413,49,4185,38,13,42,5233,93,1812,12014,13,2,1,1,0,0,0,0,0,0,1,1,2,1,3,4,1,2,3,1,2,1,5,1,55,1,17,2,248,99,135,0,0,331,37,0,1,9,821,3,2,0,40,3,1411,1033,54,205,0,1,0,2,2
58,101,52,709,27,575,4875,23,181,456,183,16,10,798,321,4438,16,12,109,41,93,183,14,1088,80,17,81,15,148,341,208,23,22,7,7871,3464,1282,26,17451,28,168,75,516,74,28,9,24,3930,53,62,25,16,21,15,30,55,0,2,5,2,35,3,0,1,68,15,60,0,13,7,1,21,3,3,1,1,1,0,5,10,2,2,14,35,1,1,57,53,8,0,49,0,3,1,0,116,9,3,42,2
3,11,7,58,1,10,247,95,760,321,231,66,42,76,48,7917,90,100,3113,160,235,149,25,6858,272,21,142,19,42,80,361,41,74,8,3464,16209,2118,51,7268,34,77,53,236,115,49,4,26,89,11,26,1,0,1,3,0,2,1,2,19,5,28,6,1,1,3,2,15,8,26,15,7,10,10,10,4,0,5,0,2,14,1,4,3,9,2,0,34,17,5,7,21,1,7,1,1,1,1,4,16,5
66,77,60,422,32,226,474,1143,7386,819,266,477,811,945,304,1009,414,203,1218,303,1084,285,72,3728,392,22,1298,171,217,641,559,67,279,32,1282,2118,5680,37,10734,443,458,357,1412,192,96,43,93,1359,78,190,14,12,15,15,20,17,13,47,5,58,21,6,2,12,60,15,35,15,7,35,2,13,2,33,4,4,4,0,8,3,1,12,19,34,5,0,129,31,3,1,51,1,7,0,1,108,12,5,19,1
3,3,2,54,3,2,16,121,248,67,32,43,46,114,96,129,10,7,60,3991,43,210,481,182,858,4092,1751,18,23,42,214,1868,652,413,26,51,37,19027,34,63,17,19,285,11390,4166,116,1005,8,8,16,2,0,0,0,1,0,5,2,3,9,3,4,11,3,3,12,5,6,5,28,6,79,8,90,0,228,171,2,1,3,99,205,7,3,170,34,3,3,3,456,1,18,540,3,31,0,0,0,1,3
75,128,177,552,36,1889,3311,60,254,528,311,20,15,707,316,1128,23,47,319,25,122,251,19,12535,60,28,897,218,172,390,259,38,33,49,17451,7268,10734,34,48487,669,246,128,624,304,21,29,81,10432,156,71,10,4,7,35,13,51,0,0,8,1,38,3,0,0,20,4,37,3,14,1,2,13,3,0,1,4,0,2,6,8,2,3,19,29,1,0,71,29,4,4,39,5,9,1,0,40,8,6,36,2
1,1,0,1,0,19,0,2,22,9,6,5,1,11,3,9,0,1,11,11,8,104,67,394,56,265,3925,10554,78,10,1,221,15,4185,28,34,443,63,669,19576,23,3,7,7563,4,905,2133,96,2,3,0,0,0,0,0,0,0,0,1,3,1,0,3,0,0,1,0,2,0,1,4,38,0,22,0,139,105,241,1,0,250,15,0,0,5,965,2,0,1,16,4,1858,786,48,191,4,0,1,0,1
377,433,583,843,140,267,276,14,25,14756,54,53,30,999,404,345,24,9,43,41,213,11069,78,51,22,21,33,162,23397,9583,97,143,110,38,168,77,458,17,246,23,49708,11312,563,57,106,317,202,43,253,628,3,1,1,19,5,11,0,0,2,0,7,3,0,0,11,7,17,1,5,2,0,11,0,2,1,4,1,0,4,5,0,4,5,8,1,1,30,9,2,4,13,5,10,0,2,6,2,1,15,0
105,252,395,839,21,85,243,14,23,14232,44,118,69,1204,607,312,58,18,40,53,1157,815,48,49,61,31,52,15,629,12406,120,353,346,13,75,53,357,19,128,3,11312,22129,2048,34,224,34,227,24,43,9495,3,1,0,11,1,9,0,0,3,0,5,2,0,0,2,1,9,1,5,9,1,3,3,9,2,4,1,0,1,2,0,5,4,2,8,1,12,4,0,7,6,2,4,0,0,3,0,1,5,0
38,78,26,2428,30,55,209,813,227,3491,106,83,487,4641,24948,10222,283,562,579,682,9528,379,58,182,65,283,114,9,257,1495,17381,463,398,42,516,236,1412,285,624,7,563,2048,63299,109,1220,22,110,110,130,12955,8,3,7,1,6,11,0,1,3,4,51,6,5,2,35,10,41,3,26,22,2,25,2,17,6,6,9,0,14,14,2,9,24,34,4,0,119,35,8,20,40,1,13,0,2,12,5,5,57,2
6,4,4,37,2,15,9,37,446,124,97,83,52,51,32,103,8,6,67,1325,56,739,1101,727,4280,5663,18074,578,69,46,82,5291,935,5233,74,115,192,11390,304,7563,57,34,109,31901,682,846,5833,68,6,20,0,0,0,0,2,1,5,7,2,17,7,7,10,2,10,9,3,8,6,21,13,234,11,146,6,1312,704,131,0,4,651,387,3,7,136,383,10,3,6,667,3,620,3011,28,265,2,0,0,7,5
7,15,4,153,11,6,22,935,333,234,41,105,855,1119,732,181,69,125,94,6304,368,254,451,53,750,1829,1136,10,66,448,764,4702,3456,93,28,49,96,4166,21,4,106,224,1220,682,5896,49,672,6,39,414,0,0,0,1,1,1,7,5,2,7,3,3,11,3,5,4,5,9,3,188,2,40,2,219,1,55,111,1,1,3,15,207,3,5,199,10,7,2,2,335,2,5,163,1,4,0,0,1,6,2
10,12,16,18,8,17,4,39,53,108,161,160,21,41,13,10,7,2,9,69,33,3876,4097,38,75,230,298,10153,1199,128,18,379,133,1812,9,4,43,116,29,905,317,34,22,846,49,12272,9336,4,6,11,0,0,0,1,0,0,1,0,0,2,3,1,1,0,1,1,0,0,0,1,0,13,1,9,0,91,32,44,1,1,106,16,0,1,7,188,3,0,2,29,0,227,272,12,46,0,0,0,2,0
10,8,3,24,3,8,6,63,149,725,402,412,124,180,66,40,63,11,24,351,420,1486,4146,176,495,3029,2043,3240,344,235,73,13846,8896,12014,24,26,93,1005,81,2133,202,227,110,5833,672,9336,44731,13,9,123,0,0,0,0,0,1,1,2,3,6,6,3,6,2,5,7,2,6,7,27,5,104,8,71,3,642,221,135,0,4,540,176,5,3,74,672,5,0,1,238,2,1172,1872,42,234,0,0,0,4,0
336,121,242,487,1033,8040,1925,1,34,121,73,0,1,258,184,903,1,1,6,3,12,64,2,393,7,3,138,36,34,80,60,4,3,13,3930,89,1359,8,10432,96,43,24,110,68,6,4,13,10248,215,6,38,46,54,47,93,128,0,0,0,0,14,2,0,0,90,21,72,0,0,0,0,5,2,1,1,1,3,1,12,0,0,0,16,15,0,1,36,111,0,0,56,5,3,0,0,494,22,4,27,2
1749,301,105,200,3103,2607,75,11,5,32,7,1,10,15720,180,51,3,2,9,11,5,95,2,15,1,8,8,8,5878,1884,12,23,7,2,53,11,78,8,156,2,253,43,130,6,39,6,9,215,18365,7,2,0,1,7,2,6,0,0,0,0,5,0,0,0,8,1,6,0,0,0,0,3,0,1,0,0,1,0,2,0,0,1,0,8,0,0,10,4,1,0,4,0,0,0,0,5,1,0,8,0
13,38,43,234,3,11,49,27,12,11231,27,88,164,3971,9348,125,97,30,21,63,3493,130,49,27,33,53,40,4,70,2905,169,370,389,1,62,26,190,16,71,3,628,9495,12955,20,414,11,123,6,7,16807,1,2,0,0,2,3,0,1,1,1,6,0,0,0,1,0,2,0,6,9,0,2,0,9,0,2,5,0,1,3,0,13,2,2,2,0,15,2,0,5,6,2,2,0,0,5,0,2,5,0
10,24,543,49,5,91,83,0,0,2,1,0,0,38,12,11,0,0,1,0,0,3,0,1,0,0,2,0,3,12,1,0,0,1,25,1,14,2,10,0,3,3,8,0,0,0,0,38,2,1,64592,17832,1986,19858,25666,543,2,7,1,3,212,17,1,2,23433,315,595,2,10,23,1,234,5,5,1,28,3,4,1454,4,22,14,648,134,46,5,68,300,7,28,223,0,7,3,0,683,19420,126,572,19
12,25,923,57,2,76,71,0,0,2,0,0,0,28,11,18,0,0,0,0,0,4,0,1,0,0,1,0,4,8,1,0,0,0,16,0,12,0,4,0,1,1,3,0,0,0,0,46,0,2,17832,53156,8277,19762,2430,3393,2,0,2,3,817,10,0,0,7273,189,290,2,4,6,1,263,3,0,1,2,1,0,236,7,4,7,393,78,11,4,23,181,4,15,75,0,0,1,1,411,553,113,958,12
2,12,16,40,1,11,75,0,0,1,0,0,0,30,16,13,0,0,0,1,0,1,0,0,1,0,0,0,4,5,4,0,0,0,21,1,15,0,7,0,1,0,7,0,0,0,0,54,1,0,1986,8277,31086,912,1373,16331,4,8,5,5,471,41,2,0,8276,11684,5257,3,7,25,6,117,3,2,5,7,1,0,188,10,8,5,233,727,42,4,51,430,10,34,99,1,4,2,0,259,415,81,634,30
147,129,2505,277,83,1502,980,0,0,4,0,0,0,31,17,12,1,0,1,0,0,30,0,1,0,0,0,0,7,36,1,0,0,0,15,3,15,0,35,0,19,11,1,0,1,1,0,47,7,0,19858,19762,912,27730,17177,12044,1,1,1,2,740,9,0,0,1714,122,126,3,12,6,0,374,5,1,1,4,0,2,272,4,5,1,504,37,7,1,29,176,3,2,548,0,0,0,3,1432,455,176,1181,10
6,7,53,47,3,51,75,0,0,0,1,0,0,23,16,12,0,0,0,0,0,2,0,1,0,0,1,0,1,5,2,0,0,0,30,0,20,1,13,0,5,1,6,2,1,0,0,93,2,2,25666,2430,1373,17177,23086,5066,0,1,5,1,374,11,1,0,1463,158,348,5,15,4,2,395,12,13,2,2,6,4,407,7,1,3,448,69,11,1,139,606,11,8,1806,4,10,2,0,6382,6456,142,1021,16
40,43,191,262,5,156,796,0,1,4,2,0,2,44,22,24,0,0,1,1,1,12,1,0,0,1,0,0,9,15,3,0,0,0,55,2,17,0,51,0,11,9,11,1,1,0,1,128,6,3,543,3393,16331,12044,5066,34428,4,7,3,5,911,63,1,3,1532,409,4416,2,16,36,11,234,6,6,6,12,1,1,130,7,8,12,312,120,46,1,103,1877,21,42,798,1,2,2,2,1080,120,118,966,80
0,0,0,0,0,1,0,22,71,3,0,4,49,0,0,0,3,1,0,29,2,6,2,1,7,0,4,0,0,0,0,0,17,0,0,1,13,5,0,0,0,0,0,5,7,1,1,0,0,0,2,2,4,1,0,4,2738,5380,201,636,14,20,194,3407,55,106,98,2323,35,2737,16,101,51,202,18,88,63,1,1,321,65,1522,15,90,390,5,239,9,24,53,1,1,26,5,28,0,2,0,18,4
0,0,0,0,0,0,0,50,108,3,1,9,55,0,0,0,7,0,4,44,4,6,2,0,12,0,6,0,0,1,3,6,18,1,2,2,47,2,0,0,0,0,1,7,5,0,2,0,0,1,7,0,8,1,1,7,5380,18563,6353,3752,87,529,162,2046,62,121,228,7303,102,6289,80,591,266,113,15,30,57,3,3,468,57,308,3,205,257,21,1316,15,15,63,5,2,60,42,92,2,3,5,19,3
0,0,0,1,0,0,2,11,6,14,2,5,7,3,2,5,2,8,17,11,12,3,0,8,8,2,0,0,1,4,11,1,10,1,5,19,5,3,8,1,2,3,3,2,2,0,3,0,0,1,1,2,5,1,5,3,201,6353,4882,3632,343,810,117,106,25,86,2929,1388,4932,1360,172,423,77,123,794,30,18,1,5,4514,23,92,11,368,203,8,733,59,287,108,95,1,26,19,12,4,3,7,49,33
0,0,0,1,0,0,0,94,263,3,4,17,160,3,3,5,11,2,11,85,5,13,11,8,15,8,9,0,1,1,11,8,33,2,2,5,58,9,1,3,0,0,4,17,7,2,6,0,0,1,3,3,5,2,1,5,636,3752,3632,20870,261,957,436,723,21,45,242,632,2411,1618,294,1182,12028,10150,56,54,580,14,7,92,102,407,5,83,189,49,6438,149,16,200,99,12,254,77,119,5,2,2,33,16
9,18,20,44,1,10,36,10,5,14,3,4,2,63,30,24,7,6,16,3,19,13,1,12,4,2,3,0,7,23,24,4,2,1,35,28,21,3,38,1,7,5,51,7,3,3,6,14,5,6,212,817,471,740,374,911,14,87,343,261,48167,5556,1869,354,637,1010,1826,606,813,80,6404,1792,294,43,696,103,37,60,151,404,222,338,159,1331,142,38,1058,1443,1152,114,1693,14,74,156,252,477,50,30021,35741,7093
0,0,1,1,1,1,1,5,9,5,4,4,6,4,2,7,3,1,6,13,8,1,0,1,9,6,4,0,4,3,3,2,6,3,3,6,6,4,3,0,3,2,6,7,3,1,3,2,0,0,17,10,41,9,11,63,20,529,810,957,5556,8200,8495,2069,66,159,620,1719,736,168,7209,7148,424,168,610,36,68,18,12,355,56,1009,18,254,26,23,661,335,113,65,383,3,128,172,211,53,7,5,99,87
0,0,0,0,0,0,0,2,24,2,1,0,12,0,0,0,0,0,1,52,1,1,2,5,38,5,8,0,0,0,2,5,29,4,0,1,2,11,0,3,0,0,5,10,11,1,6,0,0,0,1,0,2,0,1,1,194,162,117,436,1869,8495,15220,13468,12,40,48,3442,92,367,4327,8389,142,603,281,33,204,12,3,215,64,9774,4,27,33,23,181,15,57,118,16,7,251,159,259,0,1,77,66,27
0,0,0,0,0,0,0,26,67,2,2,3,60,1,2,2,1,0,0,59,0,7,2,2,8,2,2,0,0,0,2,0,35,1,1,1,12,3,0,0,0,0,2,2,3,0,2,0,0,0,2,0,0,0,0,3,3407,2046,106,723,354,2069,13468,13045,30,61,43,8131,61,1569,2621,1037,70,412,163,20,158,4,1,321,47,6075,9,44,60,12,260,7,32,24,6,3,52,32,117,0,0,0,19,21
22,42,53,133,7,32,169,0,1,4,0,0,0,92,50,49,0,0,3,2,1,14,1,4,5,7,5,1,11,31,10,5,3,2,68,3,60,3,20,0,11,2,35,10,5,1,5,90,8,1,23433,7273,8276,1714,1463,1532,55,62,25,21,637,66,12,30,84382,13489,2550,37,53,245,41,493,11,23,41,286,18,12,12048,148,261,192,26801,2667,416,48,384,1041,133,346,683,1,38,9,26,817,17622,334,4228,315
5,10,13,29,1,6,48,0,3,3,0,0,1,28,7,11,0,1,2,5,2,0,3,3,10,10,3,0,5,7,7,10,5,3,15,2,15,12,4,1,7,1,10,9,4,1,7,21,1,0,315,189,11684,122,158,409,106,121,86,45,1010,159,40,61,13489,61890,4098,134,95,291,149,295,15,59,324,356,41,6,234,414,387,480,3674,13901,485,69,190,530,4891,348,353,2,65,23,121,187,260,119,6934,4178
14,15,21,87,3,25,104,3,12,19,3,3,11,88,29,37,2,6,17,11,13,11,3,6,4,1,4,0,13,40,36,2,7,1,60,15,35,5,37,0,17,9,41,3,5,0,2,72,6,2,595,290,5257,126,348,4416,98,228,2929,242,1826,620,48,43,2550,4098,50367,283,10015,553,160,441,81,228,640,78,54,3,293,4953,33,108,454,21695,307,16,1190,16192,702,282,2330,3,65,11,17,885,267,125,1273,237
1,0,0,0,0,0,1,16,10,8,1,3,8,1,2,4,7,1,15,8,5,7,3,5,15,5,5,0,0,4,3,1,1,2,0,8,15,6,3,2,1,1,3,8,9,0,6,0,0,0,2,2,3,3,5,2,2323,7303,1388,632,606,1719,3442,8131,37,134,283,10748,333,165,13343,729,480,54,1652,108,42,13,6,2169,219,1161,15,174,208,19,1259,64,548,81,54,5,78,40,213,2,6,2,77,97
2,1,0,4,0,0,2,8,38,15,6,3,12,10,2,28,4,11,22,22,21,11,2,10,8,3,3,0,4,9,20,4,18,1,13,26,7,5,14,0,5,5,26,6,3,0,7,0,0,6,10,4,7,12,15,16,35,102,4932,2411,813,736,92,61,53,95,10015,333,14438,520,323,360,2965,785,452,24,144,3,36,1220,40,166,44,207,120,14,2080,4209,231,257,894,11,111,10,24,20,6,30,236,94
0,0,1,6,0,0,3,137,772,6,12,87,546,8,12,13,10,6,13,937,12,84,66,29,480,8,66,0,4,6,27,13,698,5,7,15,35,28,1,1,2,9,22,21,188,1,27,0,0,9,23,6,25,6,4,36,2737,6289,1360,1618,80,168,367,1569,245,291,553,165,520,14820,34,596,36,10713,19,87,1186,6,13,243,90,4187,27,372,3196,44,665,97,46,4878,32,6,374,59,80,8,11,6,66,10
0,1,0,0,0,0,1,3,8,2,1,2,1,3,2,5,1,0,4,2,5,1,1,4,5,4,3,0,0,0,4,4,4,1,1,7,2,6,2,4,0,1,2,13,2,0,5,0,0,0,1,1,6,0,2,11,16,80,172,294,6404,7209,4327,2621,41,149,160,13343,323,34,21896,1631,400,45,6395,81,24,39,12,2460,254,662,37,61,31,58,664,139,2103,44,228,5,106,163,382,11,0,14,821,5911
6,5,11,26,3,8,33,7,24,8,2,7,12,27,14,17,1,2,11,48,2,18,19,10,75,120,69,6,7,13,4,114,39,55,21,10,13,79,13,38,11,3,25,234,40,13,104,5,3,2,234,263,117,374,395,234,101,591,423,1182,1792,7148,8389,1037,493,295,441,729,360,596,1631,39904,202,1035,326,512,1165,2840,4255,186,763,7224,1190,269,290,1006,282,358,200,1245,325,359,2676,11392,8606,192,460,2664,1805,143
0,0,0,2,0,0,2,4,17,5,1,0,3,1,0,7,2,1,9,8,4,1,1,3,5,1,9,1,0,0,6,4,4,1,3,10,2,8,3,0,0,3,2,11,2,1,8,2,0,0,5,3,3,5,12,6,51,266,77,12028,294,424,142,70,11,15,81,480,2965,36,400,202,4809,3163,201,42,225,6,19,109,59,132,10,16,60,60,7506,7503,57,115,3782,39,252,7,29,48,6,6,81,30
0,0,0,4,0,2,1,84,443,19,6,84,260,13,10,12,8,1,10,739,9,64,61,22,583,46,102,1,2,8,17,60,471,17,3,10,33,90,0,22,2,9,17,146,219,9,71,1,1,9,5,0,2,1,13,6,202,113,123,10150,43,168,603,412,23,59,228,54,785,10713,45,1035,3163,19213,16,218,16013,207,1,18,284,2500,7,39,784,319,2575,223,18,2282,729,889,2810,70,190,45,6,2,17,12
0,0,0,0,0,0,0,7,2,5,3,0,1,1,0,7,4,5,13,2,9,1,1,3,1,1,3,0,0,1,4,1,2,2,1,4,4,0,1,0,1,2,6,6,1,0,3,1,0,0,1,1,5,1,2,6,18,15,794,56,696,610,281,163,41,324,640,1652,452,19,6395,326,201,16,13935,39,16,14,5,6927,165,283,32,311,28,30,562,174,11640,31,391,2,45,38,152,7,2,7,240,2235
0,0,0,0,0,0,0,2,15,15,6,6,4,5,3,2,0,0,1,32,5,43,90,2,56,430,272,23,6,1,4,518,35,248,1,0,4,228,4,139,4,4,6,1312,55,91,642,1,0,2,28,2,7,4,2,12,88,30,30,54,103,36,33,20,286,356,78,108,24,87,81,512,42,218,39,15035,487,42,19,152,7630,3034,135,115,2310,3972,25,20,63,4329,19,102,4065,58,465,2,20,10,170,62
2,0,0,4,0,1,0,7,75,9,1,18,50,6,3,3,0,0,3,103,4,26,53,9,222,244,209,19,5,5,3,275,112,99,1,5,4,171,0,105,1,1,9,704,111,32,221,3,1,5,3,1,1,0,6,1,63,57,18,580,37,68,204,158,18,41,54,42,144,1186,24,1165,225,16013,16,487,14766,938,7,21,538,1727,8,16,589,601,458,50,17,1128,458,4686,12339,135,495,32,4,0,21,17
0,0,0,1,0,0,1,0,0,1,2,0,0,0,0,0,0,0,0,1,1,5,3,1,2,25,17,58,3,0,0,45,2,135,0,0,0,2,2,241,0,0,0,131,1,44,135,1,0,0,4,0,0,2,4,1,1,3,1,14,60,18,12,4,12,6,3,13,3,6,39,2840,6,207,14,42,938,32613,647,5,151,46,13,3,12,6961,59,3,11,51,81,14670,1466,21513,928,6,9,60,28,11
3,8,5,23,0,0,23,1,0,5,1,0,1,20,11,10,0,0,3,0,0,5,0,2,0,0,0,0,4,15,4,1,0,0,5,2,8,1,6,1,4,1,14,0,1,1,0,12,2,1,1454,236,188,272,407,130,1,3,5,7,151,12,3,1,12048,234,293,6,36,13,12,4255,19,1,5,19,7,647,127290,32,18,17,25889,182,20,61,162,225,34,29,243,15,6,610,25,119,13672,20873,2938,12
0,1,1,4,0,2,5,5,3,14,4,3,3,10,4,11,3,2,11,7,4,5,1,4,1,3,3,0,1,5,14,3,7,0,10,14,3,3,8,0,5,2,14,4,3,1,4,0,0,3,4,7,10,4,7,7,321,468,4514,92,404,355,215,321,148,414,4953,2169,1220,243,2460,186,109,18,6927,152,21,5,32,4166,105,308,41,2712,300,20,535,223,2019,110,290,1,22,16,50,24,5,22,194,139
0,0,0,2,0,0,0,0,12,1,3,2,1,3,1,2,0,0,1,17,0,11,40,3,30,190,113,24,6,2,0,236,25,331,2,1,1,99,2,250,0,0,2,651,15,106,540,0,0,0,22,4,8,5,1,8,65,57,23,102,222,56,64,47,261,387,33,219,40,90,254,763,59,284,165,7630,538,151,18,105,11838,2929,113,116,2614,6677,20,19,137,1234,27,542,4741,408,9741,1,21,9,202,151
0,0,0,2,0,0,0,21,171,5,5,32,77,6,5,7,2,2,9,398,7,43,82,12,382,163,149,1,5,5,10,183,304,37,2,4,12,205,3,15,4,5,9,387,207,16,176,0,1,13,14,7,5,1,3,12,1522,308,92,407,338,1009,9774,6075,192,480,108,1161,166,4187,662,7224,132,2500,283,3034,1727,46,17,308,2929,29005,78,221,10952,245,174,50,281,2029,32,38,2575,245,4191,4,15,7,160,150
1,5,10,28,0,3,44,1,0,6,1,2,0,32,14,17,0,0,2,3,1,5,1,1,1,0,4,0,4,8,5,2,0,0,14,3,19,7,19,0,5,4,24,3,3,0,5,16,0,2,648,393,233,504,448,312,15,3,11,5,159,18,4,9,26801,3674,454,15,44,27,37,1190,10,7,32,135,8,13,25889,41,113,78,49874,597,112,20,244,388,131,105,373,2,14,11,18,169,3526,15388,41621,302
10,10,14,45,4,5,61,1,4,5,1,0,5,58,21,28,0,1,6,6,2,10,0,5,4,7,3,0,14,29,9,8,5,1,35,9,34,3,29,0,8,2,34,7,5,1,3,15,8,2,134,78,727,37,69,120,90,205,368,83,1331,254,27,44,2667,13901,21695,174,207,372,61,269,16,39,311,115,16,3,182,2712,116,221,597,38431,366,17,407,1763,13503,221,867,3,31,10,32,384,121,125,1459,856
0,0,0,2,0,0,2,9,47,6,3,15,24,2,2,4,1,0,7,198,9,24,36,6,300,57,58,0,1,3,5,84,106,9,1,2,5,170,1,5,1,8,4,136,199,7,74,0,0,2,46,11,42,7,11,46,390,257,203,189,142,26,33,60,416,485,307,208,120,3196,31,290,60,784,28,2310,589,12,20,300,2614,10952,112,366,9919,139,61,57,61,1861,26,13,535,22,315,6,27,8,119,39
1,0,0,0,0,0,0,1,2,4,2,0,1,0,1,0,0,0,0,4,0,15,17,4,13,89,64,182,12,2,1,107,4,821,1,0,0,34,0,965,1,1,0,383,10,188,672,1,0,0,5,4,4,1,1,1,5,21,8,49,38,23,23,12,48,69,16,19,14,44,58,1006,60,319,30,3972,601,6961,61,20,6677,245,20,17,139,31903,15,12,20,712,27,2756,6507,11249,5674,5,8,8,51,30
12,9,3,56,6,16,37,103,299,28,13,34,150,103,37,48,15,8,28,41,28,21,6,15,7,1,4,2,19,43,24,2,15,3,57,34,129,3,71,2,30,12,119,10,7,3,5,36,10,15,68,23,51,29,139,103,239,1316,733,6438,1058,661,181,260,384,190,1190,1259,2080,665,664,282,7506,2575,562,25,458,59,162,535,20,174,244,407,61,15,7106,1554,372,33,7409,296,182,12,21,933,79,89,674,220
9,21,27,119,1,32,140,6,11,11,1,1,7,64,35,32,2,1,10,4,10,6,0,9,5,0,1,0,14,27,17,0,2,2,53,17,31,3,29,0,9,4,35,3,2,0,0,111,4,2,300,181,430,176,606,1877,9,15,59,149,1443,335,15,7,1041,530,16192,64,4209,97,139,358,7503,223,174,20,50,3,225,223,19,50,388,1763,57,12,1554,28751,196,119,17939,8,62,4,13,4055,112,100,1112,155
0,0,0,1,0,0,3,1,2,4,0,1,1,3,2,2,0,3,6,5,5,1,0,4,4,2,0,0,2,5,6,2,3,0,8,5,3,3,4,1,2,0,8,6,2,2,1,0,1,0,7,4,10,3,11,21,24,15,287,16,1152,113,57,32,133,4891,702,548,231,46,2103,200,57,18,11640,63,17,11,34,2019,137,281,131,13503,61,20,372,196,49323,42,403,1,24,21,70,34,8,33,1222,13654
1,0,1,7,0,0,2,6,55,18,9,17,16,14,10,12,2,2,4,223,11,41,149,18,531,256,291,3,4,6,14,339,199,40,0,7,1,456,4,16,4,7,20,667,335,29,238,0,0,5,28,15,34,2,8,42,53,63,108,200,114,65,118,24,346,348,282,81,257,4878,44,1245,115,2282,31,4329,1128,51,29,110,1234,2029,105,221,1861,712,33,119,42,11607,49,37,13017,63,308,14,16,14,142,37
7,11,12,59,5,13,62,8,10,10,1,4,6,67,28,55,4,3,12,7,6,16,3,3,2,0,1,1,11,29,19,2,7,3,49,21,51,1,39,4,13,6,40,3,2,0,2,56,4,6,223,75,99,548,1806,798,1,5,95,99,1693,383,16,6,683,353,2330,54,894,32,228,325,3782,729,391,19,458,81,243,290,27,32,373,867,26,27,7409,17939,403,49,30061,357,315,9,16,13977,147,118,1048,293
0,0,0,0,0,0,0,0,0,2,4,0,0,0,0,1,0,0,0,3,1,23,14,5,4,127,63,315,9,3,0,136,3,1411,0,1,1,18,5,1858,5,2,1,620,5,227,1172,5,0,2,0,0,1,0,4,1,1,2,1,12,14,3,7,3,1,2,3,5,11,6,5,359,39,889,2,102,4686,14670,15,1,542,38,2,3,13,2756,296,8,1,37,357,26874,8929,754,780,16,3,1,7,2
0,0,0,1,1,1,0,8,41,20,11,20,11,15,9,7,1,1,4,149,11,92,178,18,290,871,577,95,13,12,7,1087,134,1033,3,7,7,540,9,786,10,4,13,3011,163,272,1872,3,0,2,7,0,4,0,10,2,26,60,26,254,74,128,251,52,38,65,65,78,111,374,106,2676,252,2810,45,4065,12339,1466,6,22,4741,2575,14,31,535,6507,182,62,24,13017,315,8929,34025,444,1985,41,2,2,47,21
0,0,0,0,0,0,0,0,2,0,1,1,1,0,0,0,0,0,0,4,0,3,1,3,5,5,3,8,0,0,0,8,0,54,1,1,0,3,1,48,0,0,0,28,1,12,42,0,0,0,3,1,2,0,2,2,5,42,19,77,156,172,159,32,9,23,11,40,10,59,163,11392,7,70,38,58,135,21513,610,16,408,245,11,10,22,11249,12,4,21,63,9,754,444,33615,9802,1,11,72,40,23
0,0,0,1,0,0,0,0,3,2,0,2,1,0,0,0,0,0,0,8,2,9,16,1,10,80,52,19,3,0,1,95,5,205,0,1,1,31,0,191,2,0,2,265,4,46,234,0,0,0,0,1,0,3,0,2,28,92,12,119,252,211,259,117,26,121,17,213,24,80,382,8606,29,190,152,465,495,928,25,50,9741,4191,18,32,315,5674,21,13,70,308,16,780,1985,9802,19591,1,3,7,84,81
32,50,67,217,9,115,313,1,1,1,6,2,1,64,38,40,0,1,1,2,0,3,0,13,0,0,2,1,3,16,6,0,1,0,116,1,108,0,40,4,6,3,12,2,0,0,0,494,5,5,683,411,259,1432,6382,1080,0,2,4,5,477,53,0,0,817,187,885,2,20,8,11,192,48,45,7,2,32,6,119,24,1,4,169,384,6,5,933,4055,34,14,13977,16,41,1,1,12681,312,49,508,9
5,5,4,19,0,5,26,0,0,2,0,0,0,14,5,7,0,0,0,0,3,2,0,0,0,0,0,1,3,5,2,0,0,1,9,1,12,0,8,0,2,0,5,0,0,0,0,22,1,0,19420,553,415,455,6456,120,2,3,3,2,50,7,1,0,17622,260,267,6,6,11,0,460,6,6,2,20,4,9,13672,5,21,15,3526,121,27,8,79,112,8,16,147,3,2,11,3,312,42833,317,687,1
1,4,3,13,0,3,6,1,0,0,0,1,1,11,3,6,1,0,2,0,0,5,0,0,0,0,0,0,2,3,4,0,0,0,3,4,5,0,6,1,1,1,5,0,1,0,0,4,0,2,126,113,81,176,142,118,0,5,7,2,30021,5,77,0,334,119,125,2,30,6,14,2664,6,2,7,10,0,60,20873,22,9,7,15388,125,8,8,89,100,33,14,118,1,2,72,7,49,317,46595,6667,149
14,13,27,68,5,7,67,5,4,12,4,0,0,88,31,37,1,3,15,4,3,10,1,2,2,5,3,0,18,27,19,2,2,2,42,16,19,1,36,0,15,5,57,7,6,2,4,27,8,5,572,958,634,1181,1021,966,18,19,49,33,35741,99,66,19,4228,6934,1273,77,236,66,821,1805,81,17,240,170,21,28,2938,194,202,160,41621,1459,119,51,674,1112,1222,142,1048,7,47,40,84,508,687,6667,40837,7101
0,0,1,2,0,0,0,1,2,1,0,1,0,3,0,4,0,1,2,1,0,1,2,0,3,2,3,0,1,1,1,2,0,2,2,5,1,3,2,1,0,0,2,5,2,0,0,2,0,0,19,12,30,10,16,80,4,3,33,16,7093,87,27,21,315,4178,237,97,94,10,5911,143,30,12,2235,62,17,11,12,139,151,150,302,856,39,30,220,155,13654,37,293,2,21,23,81,9,1,149,7101,16805
