14054,6657,8767,4437,8394,1404,1042,7,1,70,0,1,0,17635,1485,327,0,4,4,2,5,327,2,0,1,5,1,44,870,854,7,24,8,28,57,14,16,5,21,4,554,130,107,16,8,26,40,55,1785,33,5,14,7,116,16,45,0,0,0,1,3,1,1,0,11,3,11,0,5,0,0,3,0,0,1,0,0,0,2,1,0,0,5,6,0,0,0,27,2,0,18,1,0,1,0,6,2,1,1,3
6657,38031,9723,18152,1050,487,778,7,5,473,5,1,1,9738,3275,256,3,1,6,0,5,748,8,0,1,7,3,22,358,362,10,9,3,9,250,27,76,1,93,2,701,504,94,13,10,11,36,209,272,142,54,169,75,108,156,439,0,0,0,0,5,0,1,0,124,25,85,0,7,0,0,11,1,2,2,0,0,0,38,3,0,0,19,10,1,2,7,109,9,0,52,0,2,1,0,121,30,8,9,4
8767,9723,27653,6539,4020,7118,7769,3,3,155,2,2,0,2202,252,84,0,1,7,3,2,541,5,1,1,1,0,55,479,512,5,10,3,30,77,10,20,0,32,6,693,236,40,14,4,18,40,216,372,30,361,767,60,2274,185,376,0,0,0,0,3,0,0,0,74,8,31,0,2,1,0,6,0,0,0,0,1,0,48,1,0,0,34,4,0,1,2,47,3,0,21,1,1,1,0,62,26,11,6,3
4437,18152,6539,40516,3737,2690,9854,136,31,1317,31,27,12,8150,8333,8346,5,18,105,53,55,1162,19,3,11,69,7,55,528,868,118,159,19,70,507,192,169,48,227,6,1002,881,1326,48,146,25,93,1024,865,337,81,220,135,205,212,746,1,2,1,12,23,0,0,0,232,40,150,0,54,10,4,15,9,3,3,4,3,0,42,9,1,4,33,27,8,0,9,199,18,5,95,1,9,2,2,228,50,17,27,11
8394,1050,4020,3737,16723,21488,4212,3,9,60,1,2,1,6145,859,561,1,0,7,2,3,112,0,6,6,2,9,29,803,560,9,9,2,15,103,21,21,2,78,4,225,82,85,10,5,15,12,921,5435,27,11,26,13,540,30,94,0,2,0,1,0,0,0,0,28,1,14,0,6,0,0,2,1,2,1,1,0,0,5,2,0,0,2,2,0,1,3,22,3,2,10,1,2,0,0,26,8,2,2,1
1404,487,7118,2690,21488,21712,25444,3,13,55,2,0,0,932,241,236,1,1,8,0,2,38,0,16,6,0,68,15,260,103,5,3,0,5,343,31,79,1,386,27,43,32,35,34,0,1,6,3311,3157,9,117,159,46,2464,463,592,0,0,1,2,6,0,0,0,48,1,27,0,11,1,0,1,0,3,1,0,1,0,8,2,0,1,2,2,1,1,3,53,3,1,9,1,2,0,0,76,36,3,6,1
1042,778,7769,9854,4212,25444,22480,18,50,515,22,14,3,593,140,2772,3,2,210,49,50,283,6,5,25,17,27,8,118,169,77,28,7,19,3082,511,296,22,581,2,151,168,266,26,21,3,34,4118,342,78,83,301,185,359,313,1175,0,2,4,15,24,0,0,0,201,31,142,2,63,5,3,23,11,4,7,0,1,0,61,22,0,7,47,22,5,0,14,230,19,9,101,0,2,2,1,236,56,7,25,14
7,7,3,136,3,3,18,58808,8982,397,1047,2370,9682,542,310,978,2722,8993,5516,11860,1672,4075,628,125,365,157,53,63,45,144,2100,688,1986,86,43,159,224,723,106,6,55,55,1851,251,3208,181,440,8,18,56,1,1,3,1,3,8,211,459,129,2760,69,31,76,135,13,9,51,90,399,602,117,86,229,345,46,12,24,0,6,55,7,182,14,20,110,6,110,55,16,29,25,2,23,0,8,3,1,4,21,11
1,5,3,31,9,13,50,8982,64467,201,394,2540,1633,88,37,186,1255,171,4154,4585,956,1559,501,10555,4300,61,4586,119,31,59,199,128,992,95,76,3582,5476,180,698,288,20,44,295,845,226,111,240,83,27,47,2,3,16,1,8,24,766,1697,375,12890,109,92,307,433,40,50,138,338,1058,2980,357,264,1050,2391,66,43,210,10,17,118,30,785,44,38,447,24,539,97,37,138,50,14,128,5,25,19,17,7,31,15
70,473,155,1317,60,55,515,397,201,34706,4828,3140,206,518,397,2366,342,37,1151,138,4660,8127,1070,100,67,92,76,267,428,461,664,320,240,160,655,1386,673,102,943,24,8637,7576,3335,427,56,840,1499,222,88,4534,3,7,12,7,10,38,3,10,37,49,101,10,2,1,34,29,124,10,402,12,24,41,79,16,60,12,12,4,26,85,8,4,40,30,21,6,60,179,103,17,78,6,29,0,11,14,7,11,76,61
0,5,2,31,1,2,22,1047,394,4828,3930,6593,115,17,6,264,865,41,612,89,1941,4159,1311,50,40,22,22,34,15,17,91,34,79,13,29,186,97,35,81,3,51,47,269,127,26,218,252,11,1,37,1,0,1,0,0,1,3,3,13,51,14,2,2,0,4,1,16,8,87,8,8,5,32,10,12,1,1,0,2,9,1,2,5,2,2,2,18,18,10,1,7,1,7,0,1,0,0,6,4,7
1,1,2,27,2,0,14,2370,2540,3140,6593,21582,7519,81,29,154,8654,89,591,1799,8810,3902,5908,100,522,62,48,76,31,67,192,238,2945,70,37,210,185,105,104,10,67,132,944,255,132,441,974,3,2,145,1,0,1,0,0,6,40,31,30,311,23,6,14,10,6,3,14,14,131,179,19,17,75,139,21,7,13,0,3,24,0,50,6,3,34,2,47,16,10,19,2,2,13,0,1,1,1,1,10,1
0,1,0,12,1,0,3,9682,1633,206,115,7519,22020,100,46,55,5127,573,168,1730,574,531,546,23,175,34,11,16,10,29,328,484,3662,37,9,46,29,33,13,2,4,17,308,57,276,38,466,1,1,21,0,0,0,0,1,1,54,114,11,584,3,2,14,30,1,0,6,5,28,187,6,11,18,93,1,2,5,1,0,9,3,37,2,1,20,2,17,9,2,9,1,1,3,0,0,0,0,1,0,1
17635,9738,2202,8150,6145,932,593,542,88,518,17,81,100,105797,19981,1541,78,335,193,410,222,726,100,7,70,195,32,292,8966,32674,624,1753,646,303,657,501,405,93,782,28,1428,2836,8812,211,737,99,1260,206,16179,5643,23,41,53,35,21,127,3,5,8,25,60,0,2,2,140,64,261,0,92,33,8,40,19,41,22,6,15,4,76,41,4,18,78,114,22,0,35,312,83,13,198,1,22,4,3,47,32,37,48,44
1485,3275,252,8333,859,241,140,310,37,397,6,29,46,19981,24929,1395,29,172,102,107,70,552,28,4,16,52,8,40,485,1696,414,352,178,72,69,59,57,33,54,5,714,1170,17802,43,233,23,227,28,536,6446,4,2,6,11,10,14,0,1,0,8,8,1,0,0,11,9,25,1,24,7,0,2,1,16,3,7,5,0,6,6,0,3,7,3,7,1,4,24,4,5,12,1,11,0,1,2,2,3,2,4
327,256,84,8346,561,236,2772,978,186,2366,264,154,55,1541,1395,27779,38,517,5395,358,513,1054,105,90,94,177,64,44,271,557,13482,281,111,129,2704,4410,635,206,805,15,454,512,9415,181,364,37,210,810,261,260,54,79,92,56,50,299,15,17,31,109,132,10,4,7,201,67,355,9,333,43,30,57,59,52,80,11,16,3,99,98,7,20,115,100,43,7,75,495,163,20,238,1,12,3,9,91,45,45,118,81
0,3,0,5,1,1,3,2722,1255,342,865,8654,5127,78,29,38,4142,723,288,204,4403,566,811,39,46,20,16,8,11,29,837,212,1242,20,1,33,50,26,15,2,9,29,278,60,80,60,523,1,0,32,0,0,0,0,0,0,2,24,17,224,4,5,2,8,0,0,7,17,56,11,18,3,43,7,6,2,0,0,1,5,1,8,0,0,6,2,12,8,1,5,1,0,2,0,0,1,0,1,6,1
4,1,1,18,0,1,2,8993,171,37,41,89,573,335,172,517,723,3581,2651,361,458,107,41,21,24,28,3,4,16,70,3464,438,570,18,9,41,52,9,43,1,22,26,1352,27,240,8,166,1,5,51,0,0,4,1,0,2,4,4,16,71,15,2,2,3,0,2,14,4,61,16,13,9,28,15,6,1,5,0,1,9,1,9,4,3,8,0,7,7,9,0,9,0,4,0,1,1,1,4,2,1
4,6,7,105,7,8,210,5516,4154,1151,612,591,168,193,102,5395,288,2651,9277,2871,1881,1020,277,1611,454,71,210,17,35,109,3805,119,308,40,418,5000,1171,301,771,9,83,100,1893,251,233,48,173,27,9,119,6,6,23,4,8,53,41,72,133,762,214,35,35,28,25,33,189,44,959,188,144,89,343,182,119,14,15,5,36,191,7,57,60,37,76,6,214,277,129,36,134,3,29,2,7,35,10,45,122,99
2,0,3,53,2,0,49,11860,4585,138,89,1799,1730,410,107,358,204,361,2871,31898,198,1420,1349,99,3744,329,77,33,46,146,260,1881,6970,158,52,330,61,4427,54,11,44,86,657,536,5031,118,999,9,1,66,0,1,11,0,2,8,149,174,23,951,21,13,175,79,58,53,39,18,147,1787,19,178,128,2335,20,35,119,1,12,36,21,582,48,27,780,11,32,33,23,272,7,6,115,9,19,1,3,7,13,11
5,5,2,55,3,2,50,1672,956,4660,1941,8810,574,222,70,513,4403,458,1881,198,18166,1102,1252,191,54,38,58,70,40,251,2178,285,956,47,107,564,596,75,429,6,142,511,9309,177,86,227,1036,17,5,1367,1,0,6,1,1,16,8,12,62,218,83,17,11,5,8,7,95,22,436,13,59,41,175,21,44,8,5,2,11,88,2,11,10,2,19,2,86,82,31,20,30,3,17,1,1,8,3,4,28,25
327,748,541,1162,112,38,283,4075,1559,8127,4159,3902,531,726,552,1054,566,107,1020,1420,1102,18144,5452,99,814,618,332,1235,5535,680,290,918,419,1396,217,521,258,1264,394,261,12665,1425,1173,3569,533,4201,2662,73,60,425,1,5,8,4,6,24,8,22,19,124,50,2,4,7,10,11,59,6,156,65,13,27,57,119,32,43,34,10,20,29,33,29,29,28,62,34,38,83,60,58,46,55,145,5,15,7,8,7,36,23
2,8,5,19,0,0,6,628,501,1070,1311,5908,546,100,28,105,811,41,277,1349,1252,5452,11777,45,1461,418,391,271,124,126,94,513,2181,181,16,118,48,1142,50,43,105,166,518,2207,614,3349,5264,5,4,117,0,0,0,0,0,1,4,5,2,51,10,1,6,2,5,2,9,2,25,77,2,29,14,167,4,45,59,2,2,7,19,34,4,1,124,20,4,15,2,92,1,13,134,2,12,0,1,1,3,2
0,0,1,3,6,16,5,125,10555,100,50,100,23,7,4,90,39,21,1611,99,191,99,45,6434,499,19,1583,57,19,14,62,35,43,49,137,3185,2858,20,3573,232,8,10,101,575,20,17,57,206,70,13,1,1,3,1,2,11,21,60,50,575,55,18,13,21,4,2,32,22,279,66,51,28,185,98,36,31,45,4,6,40,9,23,15,1,39,9,91,35,15,40,29,12,74,1,10,7,4,7,11,8
1,1,1,11,6,6,25,365,4300,67,40,522,175,70,16,94,46,24,454,3744,54,814,1461,499,5550,127,4239,18,29,71,47,503,1991,117,38,306,39,485,171,32,19,34,124,2279,796,78,996,46,27,30,0,0,5,1,0,2,49,49,13,316,8,3,97,19,52,42,29,12,107,1157,20,245,109,4488,26,141,451,4,20,47,60,554,35,22,1590,57,13,17,23,1146,2,8,646,7,53,5,3,4,15,9
5,7,1,69,2,0,17,157,61,92,22,62,34,195,52,177,20,28,71,329,38,618,418,19,127,10987,228,59,75,114,91,7904,192,2244,11,47,5,7745,27,39,46,46,405,6465,2093,225,2137,4,10,21,0,0,1,0,3,0,1,3,2,14,5,0,3,0,6,5,2,1,13,6,3,64,6,134,0,375,274,15,2,3,254,49,7,5,237,246,2,3,1,343,3,151,1020,9,119,1,2,1,4,2
1,3,0,7,9,68,27,53,4586,76,22,48,11,32,8,64,16,3,210,77,58,332,391,1583,4239,228,10815,2107,98,49,23,518,196,753,69,399,799,127,1987,9180,40,35,71,8945,141,141,754,575,191,16,1,2,0,1,5,3,5,10,1,83,10,2,6,5,11,3,12,2,39,51,3,111,49,903,2,536,1252,96,5,2,274,108,7,5,751,270,14,5,9,1212,9,274,1909,11,113,3,3,1,9,5
44,22,55,55,29,15,8,63,119,267,34,76,16,292,40,44,8,4,17,33,70,1235,271,57,18,59,2107,65857,1852,489,21,162,65,10533,19,37,266,83,558,13106,724,217,147,1490,74,8490,11280,149,44,62,1,0,0,0,2,0,0,2,1,3,3,1,1,0,0,2,5,1,5,4,1,10,5,32,2,21,154,1218,1,1,21,2,4,1,7,524,21,3,2,12,34,2118,267,24,25,15,5,1,7,2
870,358,479,528,803,260,118,45,31,428,15,31,10,8966,485,271,11,16,35,46,40,5535,124,19,29,75,98,1852,86164,9412,73,242,50,491,167,156,153,82,264,185,21561,1214,519,426,56,1409,826,266,9995,211,3,7,14,14,7,27,1,0,0,7,22,0,1,2,22,15,49,1,46,2,3,10,5,6,13,5,4,5,16,8,2,1,21,20,7,12,12,70,24,3,35,13,29,0,0,6,5,7,16,18
854,362,512,868,560,103,169,144,59,461,17,67,29,32674,1696,557,29,70,109,146,251,680,126,14,71,114,49,489,9412,52339,224,1139,446,370,303,458,372,66,600,48,12601,20729,3098,270,233,298,1392,88,1313,1808,15,11,13,5,4,45,3,1,6,9,43,0,3,0,48,38,140,0,112,22,4,23,9,23,11,8,8,2,52,33,6,10,39,56,22,11,28,199,81,18,88,9,24,2,6,13,4,25,55,34
7,10,5,118,9,5,77,2100,199,664,91,192,328,624,414,13482,837,3464,3805,260,2178,290,94,62,47,91,23,21,73,224,19300,311,521,73,385,947,638,83,499,5,116,130,11134,80,292,16,243,72,30,135,4,7,20,6,8,43,4,16,35,92,137,10,4,0,45,25,172,11,355,29,26,49,74,27,58,3,9,3,44,103,4,15,48,36,16,2,83,225,91,12,101,2,9,1,10,15,14,21,87,68
24,9,10,159,9,3,28,688,128,320,34,238,484,1753,352,281,212,438,119,1881,285,918,513,35,503,7904,518,162,242,1139,311,32660,6008,3067,25,98,52,2555,64,167,299,503,1495,4275,8056,350,18023,9,51,353,1,0,2,0,2,3,6,2,1,31,12,1,2,0,10,2,10,1,32,23,2,63,17,172,3,546,316,64,2,7,338,52,10,8,274,616,4,15,7,348,6,435,1685,31,190,2,1,0,5,6
8,3,3,19,2,0,7,1986,992,240,79,2945,3662,646,178,111,1242,570,308,6970,956,419,2181,43,1991,192,196,65,50,446,521,6008,17080,134,20,143,48,815,63,11,99,235,1237,681,4009,95,2870,6,13,297,1,0,1,0,0,2,26,28,5,149,10,1,17,17,5,8,13,4,34,252,11,35,22,390,7,28,51,0,1,10,9,77,2,12,181,10,13,15,7,120,3,4,95,1,9,1,1,1,13,5
28,9,30,70,15,5,19,86,95,160,13,70,37,303,72,129,20,18,40,158,47,1396,181,49,117,2244,753,10533,491,370,73,3067,134,34173,20,40,44,1140,135,10627,405,167,323,8266,518,2933,19238,35,31,61,0,1,0,0,0,0,0,3,1,7,8,0,5,2,5,3,3,0,8,5,3,54,4,81,2,189,252,586,8,3,212,13,5,2,44,2521,10,2,3,83,13,3018,2188,60,242,3,2,1,2,1
57,250,77,507,103,343,3082,43,76,655,29,37,9,657,69,2704,1,9,418,52,107,217,16,137,38,11,69,19,167,303,385,25,20,20,9945,4401,822,36,5614,20,129,135,811,51,30,9,29,6891,316,123,28,54,62,35,38,187,2,2,14,27,57,2,2,1,200,64,259,3,144,12,13,49,31,17,29,2,4,2,94,34,1,2,91,72,10,1,53,340,70,3,182,2,4,1,2,55,31,39,61,44
14,27,10,192,21,31,511,159,3582,1386,186,210,46,501,59,4410,33,41,5000,330,564,521,118,3185,306,47,399,37,156,458,947,98,143,40,4401,8744,2064,109,5527,38,234,246,1978,343,67,22,132,262,76,283,9,16,39,8,8,81,18,41,84,499,254,22,16,16,116,100,415,34,805,86,87,101,248,129,132,6,22,5,88,162,16,28,153,160,56,8,210,505,296,27,317,1,31,7,9,49,18,66,183,188
16,76,20,169,21,79,296,224,5476,673,97,185,29,405,57,635,50,52,1171,61,596,258,48,2858,39,5,799,266,153,372,638,52,48,44,822,2064,2601,15,5408,346,220,243,1610,226,20,23,103,595,132,324,2,2,10,6,13,29,6,26,28,339,79,4,5,6,18,28,85,12,226,9,41,22,119,17,37,3,4,3,23,40,1,4,40,30,7,5,283,128,52,5,71,8,15,1,3,19,10,14,39,41
5,1,0,48,2,1,22,723,180,102,35,105,33,93,33,206,26,9,301,4427,75,1264,1142,20,485,7745,127,83,82,66,83,2555,815,1140,36,109,15,14107,32,25,39,36,288,7340,5232,260,1581,6,2,38,0,1,0,1,0,0,1,3,4,38,7,1,11,4,4,8,10,0,21,71,8,92,39,645,2,340,313,8,3,6,177,118,5,8,606,71,2,11,1,783,4,24,554,3,74,2,0,2,7,2
21,93,32,227,78,386,581,106,698,943,81,104,13,782,54,805,15,43,771,54,429,394,50,3573,171,27,1987,558,264,600,499,64,63,135,5614,5527,5408,32,29526,1395,260,270,1530,924,26,46,115,6693,566,255,27,24,62,10,20,160,10,13,60,128,256,20,7,2,157,109,527,21,776,24,57,118,182,45,134,20,26,16,147,184,11,21,196,129,30,30,238,688,246,36,294,36,54,7,13,58,43,58,212,132
4,2,6,6,4,27,2,6,288,24,3,10,2,28,5,15,2,1,9,11,6,261,43,232,32,39,9180,13106,185,48,5,167,11,10627,20,38,346,25,1395,35338,101,20,22,12734,12,835,1388,309,75,5,1,0,1,1,13,1,1,0,0,4,9,1,2,1,8,1,6,0,5,4,3,30,9,70,2,92,303,2221,12,2,94,9,13,1,14,3043,29,0,5,36,56,6316,1733,95,142,18,8,1,11,5
554,701,693,1002,225,43,151,55,20,8637,51,67,4,1428,714,454,9,22,83,44,142,12665,105,8,19,46,40,724,21561,12601,116,299,99,405,129,234,220,39,260,101,50503,10858,1118,258,59,545,790,41,136,1002,5,5,9,6,5,13,1,2,4,2,35,0,2,0,7,5,59,1,88,5,4,9,11,8,14,4,2,3,15,19,3,0,16,16,8,7,25,67,41,10,31,13,18,1,4,7,2,5,31,23
130,504,236,881,82,32,168,55,44,7576,47,132,17,2836,1170,512,29,26,100,86,511,1425,166,10,34,46,35,217,1214,20729,130,503,235,167,135,246,243,36,270,20,10858,29520,4004,174,55,227,893,48,51,14557,0,5,1,2,0,9,1,1,9,12,34,0,0,2,9,9,46,2,77,7,3,10,15,10,26,10,6,0,8,31,4,2,17,11,11,4,20,72,43,17,39,5,16,0,2,5,2,8,32,20
107,94,40,1326,85,35,266,1851,295,3335,269,944,308,8812,17802,9415,278,1352,1893,657,9309,1173,518,101,124,405,71,147,519,3098,11134,1495,1237,323,811,1978,1610,288,1530,22,1118,4004,63784,302,1092,146,1339,232,176,16517,14,20,50,7,20,109,11,24,51,133,221,14,10,6,79,53,386,16,696,67,43,99,110,85,111,15,17,2,80,174,7,29,99,71,52,9,139,458,191,48,166,3,40,8,6,33,19,55,161,101
16,13,14,48,10,34,26,251,845,427,127,255,57,211,43,181,60,27,251,536,177,3569,2207,575,2279,6465,8945,1490,426,270,80,4275,681,8266,51,343,226,7340,924,12734,258,174,302,35887,822,1713,7688,384,101,84,2,1,3,2,9,6,7,6,5,71,19,5,20,7,25,20,20,5,38,40,16,246,73,812,9,1873,2039,385,11,9,1276,197,19,6,917,2284,20,12,8,1397,31,2356,7229,68,585,11,14,5,18,8
8,10,4,146,5,0,21,3208,226,56,26,132,276,737,233,364,80,240,233,5031,86,533,614,20,796,2093,141,74,56,233,292,8056,4009,518,30,67,20,5232,26,12,59,55,1092,822,6526,92,1606,5,12,62,0,0,3,0,1,5,6,15,6,97,8,3,14,6,6,10,16,4,45,172,15,107,62,1126,7,115,239,4,6,5,64,162,8,9,840,43,8,10,10,663,4,10,399,3,36,2,3,1,6,2
26,11,18,25,15,1,3,181,111,840,218,441,38,99,23,37,60,8,48,118,227,4201,3349,17,78,225,141,8490,1409,298,16,350,95,2933,9,22,23,260,46,835,545,227,146,1713,92,10831,10589,6,14,72,0,0,0,0,1,0,0,1,2,6,1,0,0,0,1,1,4,0,11,4,0,0,0,7,2,11,24,27,0,2,18,2,0,2,7,140,5,1,2,17,3,167,111,3,12,0,0,0,1,1
40,36,40,93,12,6,34,440,240,1499,252,974,466,1260,227,210,523,166,173,999,1036,2662,5264,57,996,2137,754,11280,826,1392,243,18023,2870,19238,29,132,103,1581,115,1388,790,893,1339,7688,1606,10589,46881,21,25,590,0,0,0,0,0,2,1,2,2,36,10,2,2,2,2,2,12,2,38,32,8,49,18,149,4,258,223,195,5,9,200,28,7,3,162,1216,14,7,9,232,20,1089,1291,23,155,3,1,3,5,6
55,209,216,1024,921,3311,4118,8,83,222,11,3,1,206,28,810,1,1,27,9,17,73,5,206,46,4,575,149,266,88,72,9,6,35,6891,262,595,6,6693,309,41,48,232,384,5,6,21,6683,1778,26,45,180,79,147,256,506,1,0,4,9,16,1,1,0,100,12,75,0,56,2,5,7,19,10,13,5,7,5,27,10,1,0,16,10,3,5,23,125,11,4,49,7,15,1,5,155,34,8,11,12
1785,272,372,865,5435,3157,342,18,27,88,1,2,1,16179,536,261,0,5,9,1,5,60,4,70,27,10,191,44,9995,1313,30,51,13,31,316,76,132,2,566,75,136,51,176,101,12,14,25,1778,16981,24,6,9,11,22,6,26,0,2,1,0,4,0,1,0,19,8,19,3,22,2,5,2,5,5,1,4,4,0,12,6,3,0,4,8,2,2,7,28,7,4,17,3,8,2,2,7,7,2,2,2
33,142,30,337,27,9,78,56,47,4534,37,145,21,5643,6446,260,32,51,119,66,1367,425,117,13,30,21,16,62,211,1808,135,353,297,61,123,283,324,38,255,5,1002,14557,16517,84,62,72,590,26,24,23120,0,0,4,0,1,7,1,1,3,6,31,1,0,1,10,13,53,1,80,14,3,8,9,6,9,6,3,0,13,22,2,2,15,4,9,1,21,70,23,6,24,2,4,0,1,2,0,6,26,15
5,54,361,81,11,117,83,1,2,3,1,1,0,23,4,54,0,0,6,0,1,1,0,1,0,0,1,1,3,15,4,1,1,0,28,9,2,0,27,1,5,0,14,2,0,0,0,45,6,0,48414,23092,1660,15874,14137,3726,2,3,6,7,73,0,0,0,19653,84,196,0,16,0,4,266,4,8,3,12,18,32,3093,12,21,2,1152,27,33,28,42,163,19,7,86,16,27,48,32,510,10916,341,179,6
14,169,767,220,26,159,301,1,3,7,0,0,0,41,2,79,0,0,6,1,0,5,0,1,0,0,2,0,7,11,7,0,0,1,54,16,2,1,24,0,5,5,20,1,0,0,0,180,9,0,23092,70495,10461,10935,1520,6460,0,2,4,4,347,5,2,1,9205,65,122,2,25,2,3,664,9,6,6,5,1,36,1570,3,8,5,1280,17,23,51,25,185,20,3,46,4,12,58,23,315,593,730,496,14
7,75,60,135,13,46,185,3,16,12,1,1,0,53,6,92,0,4,23,11,6,8,0,3,5,1,0,0,14,13,20,2,1,0,62,39,10,0,62,1,9,1,50,3,3,0,0,79,11,4,1660,10461,37692,716,695,11199,7,31,32,22,799,22,12,1,13450,3871,4350,15,172,34,24,506,13,44,42,36,8,12,820,112,32,26,772,172,95,49,86,338,60,64,155,3,52,20,19,406,703,556,805,51
116,108,2274,205,540,2464,359,1,1,7,0,0,0,35,11,56,0,1,4,0,1,4,0,1,1,0,1,0,14,5,6,0,0,0,35,8,6,1,10,1,6,2,7,2,0,0,0,147,22,0,15874,10935,716,41040,22564,26231,0,0,2,0,78,0,1,0,852,26,69,0,8,3,2,161,2,8,2,4,4,16,890,4,4,1,480,3,9,14,19,222,7,3,44,6,4,26,10,464,953,184,105,3
16,156,185,212,30,463,313,3,8,10,0,0,1,21,10,50,0,0,8,2,1,6,0,2,0,3,5,2,7,4,8,2,0,0,38,8,13,0,20,13,5,0,20,9,1,1,0,256,6,1,14137,1520,695,22564,22560,13292,0,1,3,8,44,0,1,0,2279,51,184,0,25,5,6,50,17,69,8,10,258,109,395,4,6,4,113,8,2,19,190,1663,14,7,726,314,162,11,2,5651,3942,42,41,9
45,439,376,746,94,592,1175,8,24,38,1,6,1,127,14,299,0,2,53,8,16,24,1,11,2,0,3,0,27,45,43,3,2,0,187,81,29,0,160,1,13,9,109,6,5,0,2,506,26,7,3726,6460,11199,26231,13292,33735,3,15,21,38,581,25,11,3,3675,200,5464,8,297,19,55,387,67,85,73,15,15,9,543,117,11,15,399,88,46,18,200,2098,70,25,388,4,36,15,23,2601,877,381,511,54
0,0,0,1,0,0,0,211,766,3,3,40,54,3,0,15,2,4,41,149,8,8,4,21,49,1,5,0,1,3,4,6,26,0,2,18,6,1,10,1,1,1,11,7,6,0,1,1,0,1,2,0,7,0,0,3,2864,7142,996,552,29,54,449,4325,198,222,184,848,302,2902,108,303,24,112,38,23,29,7,50,519,88,2056,110,262,379,33,71,4,47,13,4,1,21,5,35,0,10,10,15,5
0,0,0,2,2,0,2,459,1697,10,3,31,114,5,1,17,24,4,72,174,12,22,5,60,49,3,10,2,0,1,16,2,28,3,2,41,26,3,13,0,2,1,24,6,15,1,2,0,2,1,3,2,31,0,1,15,7142,28799,7665,6492,119,823,756,2830,150,195,359,6662,971,3199,375,2162,195,462,102,56,44,25,47,706,75,876,84,305,839,39,205,12,40,193,5,3,76,26,62,4,7,14,26,14
0,0,0,1,0,1,4,129,375,37,13,30,11,8,0,31,17,16,133,23,62,19,2,50,13,2,1,1,0,6,35,1,5,1,14,84,28,4,60,0,4,9,51,5,6,2,2,4,1,3,6,4,32,2,3,21,996,7665,4974,2541,274,1000,289,395,83,113,504,4851,1668,681,941,1485,77,122,301,20,13,21,14,3782,53,422,30,284,578,22,131,21,65,51,12,2,23,23,54,1,0,20,44,23
1,0,0,12,1,2,15,2760,12890,49,51,311,584,25,8,109,224,71,762,951,218,124,51,575,316,14,83,3,7,9,92,31,149,7,27,499,339,38,128,4,2,12,133,71,97,6,36,9,0,6,7,4,22,0,8,38,552,6492,2541,69613,203,731,1766,1675,31,24,283,1108,6250,4062,1510,2325,12025,6823,161,67,969,24,24,204,49,804,27,28,300,55,9117,120,52,205,78,17,237,35,66,28,25,12,42,23
3,5,3,23,0,6,24,69,109,101,14,23,3,60,8,132,4,15,214,21,83,50,10,55,8,5,10,3,22,43,137,12,10,8,57,254,79,7,256,9,35,34,221,19,8,1,10,16,4,31,73,347,799,78,44,581,29,119,274,203,33965,3565,1400,97,509,712,2400,91,1731,62,5555,4518,165,144,1014,121,72,524,446,433,224,183,412,492,192,258,643,611,603,105,319,25,450,397,448,165,91,15783,12336,3755
1,0,0,0,0,0,0,31,92,10,2,6,2,0,1,10,5,2,35,13,17,2,1,18,3,0,2,1,0,0,10,1,1,0,2,22,4,1,20,1,0,0,14,5,3,0,2,1,0,1,0,5,22,0,0,25,54,823,1000,731,3565,5410,5550,397,23,25,225,192,724,74,7669,6320,47,96,166,16,15,44,35,127,19,149,17,39,47,23,53,34,43,24,6,6,89,101,114,1,5,26,95,99
1,1,0,0,0,0,0,76,307,2,2,14,14,2,0,4,2,2,35,175,11,4,6,13,97,3,6,1,1,3,4,2,17,5,2,16,5,11,7,2,2,0,10,20,14,0,2,1,1,0,0,2,12,1,1,11,449,756,289,1766,1400,5550,16132,7863,30,48,100,1938,318,797,8052,7830,23,969,741,30,114,109,36,630,101,4709,35,33,224,77,64,20,141,49,9,11,134,277,555,3,7,32,107,137
0,0,0,0,0,0,0,135,433,1,0,10,30,2,0,7,8,3,28,79,5,7,2,21,19,0,5,0,2,0,0,0,17,2,1,16,6,4,2,1,0,2,6,7,6,0,2,0,0,1,0,1,1,0,0,3,4325,2830,395,1675,97,397,7863,19240,38,39,90,3486,131,718,1923,899,30,186,195,9,26,17,16,515,71,3638,31,82,200,36,48,6,42,10,0,2,34,15,122,1,2,2,14,9
11,124,74,232,28,48,201,13,40,34,4,6,1,140,11,201,0,0,25,58,8,10,5,4,52,6,11,0,22,48,45,10,5,5,200,116,18,4,157,8,7,9,79,25,6,1,2,100,19,10,19653,9205,13450,852,2279,3675,198,150,83,31,509,23,30,38,83700,12808,2544,75,199,231,29,615,16,108,146,370,32,127,14479,275,434,426,18360,1894,1925,481,158,629,902,209,397,20,182,63,169,673,13049,673,983,110
3,25,8,40,1,1,31,9,50,29,1,3,0,64,9,67,0,2,33,53,7,11,2,2,42,5,3,2,15,38,25,2,8,3,64,100,28,8,109,1,5,9,53,20,10,1,2,12,8,13,84,65,3871,26,51,200,222,195,113,24,712,25,48,39,12808,33896,4090,127,297,238,57,482,13,153,374,240,34,96,1006,582,440,503,4698,6039,1550,312,210,255,9926,153,172,11,156,54,243,136,255,505,3775,4473
11,85,31,150,14,27,142,51,138,124,16,14,6,261,25,355,7,14,189,39,95,59,9,32,29,2,12,5,49,140,172,10,13,3,259,415,85,10,527,6,59,46,386,20,16,4,12,75,19,53,196,122,4350,69,184,5464,184,359,504,283,2400,225,100,90,2544,4090,24436,238,6225,343,474,1096,68,345,1131,130,33,37,685,5978,121,211,1023,7429,626,109,471,2703,1569,246,689,8,158,55,78,884,433,556,1363,741
0,0,0,0,0,0,2,90,338,10,8,14,5,0,1,9,17,4,44,18,22,6,2,22,12,1,2,1,1,0,11,1,4,0,3,34,12,0,21,0,1,2,16,5,4,0,2,0,3,1,0,2,15,0,0,8,848,6662,4851,1108,91,192,1938,3486,75,127,238,8901,601,146,3052,466,45,79,466,14,10,7,22,3115,71,1047,59,190,214,22,38,12,68,4,4,3,12,15,129,4,2,7,14,20
5,7,2,54,6,11,63,399,1058,402,87,131,28,92,24,333,56,61,959,147,436,156,25,279,107,13,39,5,46,112,355,32,34,8,144,805,226,21,776,5,88,77,696,38,45,11,38,56,22,80,16,25,172,8,25,297,302,971,1668,6250,1731,724,318,131,199,297,6225,601,14959,685,1782,1525,4789,1924,1380,70,242,23,181,3034,88,325,358,583,346,61,2060,1835,929,142,384,33,280,33,92,80,52,200,603,557
0,0,1,10,0,1,5,602,2980,12,8,179,187,33,7,43,11,16,188,1787,13,65,77,66,1157,6,51,4,2,22,29,23,252,5,12,86,9,71,24,4,5,7,67,40,172,4,32,2,2,14,0,2,34,3,5,19,2902,3199,681,4062,62,74,797,718,231,238,343,146,685,14420,83,1215,34,6020,104,326,649,29,67,362,305,3818,133,313,4085,162,113,30,84,2186,11,5,344,55,207,4,23,16,49,32
0,0,0,4,0,0,3,117,357,24,8,19,6,8,0,30,18,13,144,19,59,13,2,51,20,3,3,1,3,4,26,2,11,3,13,87,41,8,57,3,4,3,43,16,15,0,8,5,5,3,4,3,24,2,6,55,108,375,941,1510,5555,7669,8052,1923,29,57,474,3052,1782,83,12842,3690,147,155,5326,39,45,205,48,2005,119,917,83,36,94,105,279,126,316,29,28,9,172,327,534,10,3,76,448,2010
3,11,6,15,2,1,23,86,264,41,5,17,11,40,2,57,3,9,89,178,41,27,29,28,245,64,111,10,10,23,49,63,35,54,49,101,22,92,118,30,9,10,99,246,107,0,49,7,2,8,266,664,506,161,50,387,303,2162,1485,2325,4518,6320,7830,899,615,482,1096,466,1525,1215,3690,38558,156,3355,816,913,811,1641,4594,545,1048,4580,1415,347,1745,1915,225,268,441,1459,148,280,4476,9097,10128,85,64,3020,1620,498
0,1,0,9,1,0,11,229,1050,79,32,75,18,19,1,59,43,28,343,128,175,57,14,185,109,6,49,5,5,9,74,17,22,4,31,248,119,39,182,9,11,15,110,73,62,0,18,19,5,9,4,9,13,2,17,67,24,195,77,12025,165,47,23,30,16,13,68,45,4789,34,147,156,10180,2820,70,19,1091,32,17,82,31,75,18,11,20,36,6852,2264,48,57,1588,200,515,5,31,153,62,24,59,35
0,2,0,3,2,3,4,345,2391,16,10,139,93,41,16,52,7,15,182,2335,21,119,167,98,4488,134,903,32,6,23,27,172,390,81,17,129,17,645,45,70,8,10,85,812,1126,7,149,10,5,6,8,6,44,8,69,85,112,462,122,6823,144,96,969,186,108,153,345,79,1924,6020,155,3355,2820,17457,192,218,12451,232,93,193,261,3561,125,75,957,240,964,401,191,908,766,1789,3078,105,592,248,274,10,83,66
1,2,0,3,1,1,7,46,66,60,12,21,1,22,3,80,6,6,119,20,44,32,4,36,26,0,2,2,13,11,58,3,7,2,29,132,37,2,134,2,14,26,111,9,7,2,4,13,1,9,3,6,42,2,8,73,38,102,301,161,1014,166,741,195,146,374,1131,466,1380,104,5326,816,70,192,6008,41,28,135,96,6508,264,779,372,1402,255,128,397,273,3975,25,131,11,96,147,514,27,15,103,885,1698
0,0,0,4,1,0,0,12,43,12,1,7,2,6,7,11,2,1,14,35,8,43,45,31,141,375,536,21,5,8,3,546,28,189,2,6,3,340,20,92,4,10,15,1873,115,11,258,5,4,6,12,5,36,4,10,15,23,56,20,67,121,16,30,9,370,240,130,14,70,326,39,913,19,218,41,8662,152,52,194,33,6471,337,472,161,2257,4125,12,15,49,3486,3,52,4928,84,603,3,33,50,146,54
0,0,1,3,0,1,1,24,210,12,1,13,5,15,5,16,0,5,15,119,5,34,59,45,451,274,1252,154,4,8,9,316,51,252,4,22,4,313,26,303,2,6,17,2039,239,24,223,7,4,3,18,1,8,4,258,15,29,44,13,969,72,15,114,26,32,34,33,10,242,649,45,811,1091,12451,28,152,13223,911,79,36,221,464,57,20,280,496,702,165,29,294,1392,7728,10526,74,307,482,509,10,61,31
0,0,0,0,0,0,0,0,10,4,0,0,1,4,0,3,0,0,5,1,2,10,2,4,4,15,96,1218,5,2,3,64,0,586,2,5,3,8,16,2221,3,0,2,385,4,27,195,5,0,0,32,36,12,16,109,9,7,25,21,24,524,44,109,17,127,96,37,7,23,29,205,1641,32,232,135,52,911,62782,2946,15,143,168,558,17,91,20901,268,30,114,55,392,14176,1204,19441,2060,159,131,578,386,205
2,38,48,42,5,8,61,6,17,26,2,3,0,76,6,99,1,1,36,12,11,20,2,6,20,2,5,1,16,52,44,2,1,8,94,88,23,3,147,12,15,8,80,11,6,0,5,27,12,13,3093,1570,820,890,395,543,50,47,14,24,446,35,36,16,14479,1006,685,22,181,67,48,4594,17,93,96,194,79,2946,132208,72,252,123,34174,414,756,950,186,396,353,95,259,196,281,2401,435,192,18063,10045,2138,191
1,3,1,9,2,2,22,55,118,85,9,24,9,41,6,98,5,9,191,36,88,29,7,40,47,3,2,1,8,33,103,7,10,3,34,162,40,6,184,2,19,31,174,9,5,2,9,10,6,22,12,3,112,4,4,117,519,706,3782,204,433,127,630,515,275,582,5978,3115,3034,362,2005,545,82,193,6508,33,36,15,72,11496,211,1094,173,8504,801,76,240,130,1039,49,76,9,44,50,281,14,23,68,188,152
0,0,0,1,0,0,0,7,30,8,1,0,3,4,0,7,1,1,7,21,2,33,19,9,60,254,274,21,2,6,4,338,9,212,1,16,1,177,11,94,3,4,7,1276,64,18,200,1,3,2,21,8,32,4,6,11,88,75,53,49,224,19,101,71,434,440,121,71,88,305,119,1048,31,261,264,6471,221,143,252,211,18208,3012,922,124,8628,9397,21,23,259,607,15,135,4304,371,5056,7,22,88,487,213
0,0,0,4,0,1,7,182,785,4,2,50,37,18,3,20,8,9,57,582,11,29,34,23,554,49,108,2,1,10,15,52,77,13,2,28,4,118,21,9,0,2,29,197,162,2,28,0,0,2,2,5,26,1,4,15,2056,876,422,804,183,149,4709,3638,426,503,211,1047,325,3818,917,4580,75,3561,779,337,464,168,123,1094,3012,26366,467,306,18399,613,81,34,465,813,15,33,865,204,4336,4,19,42,189,171
5,19,34,33,2,2,47,14,44,40,5,6,2,78,7,115,0,4,60,48,10,29,4,15,35,7,7,4,21,39,48,10,2,5,91,153,40,5,196,13,16,17,99,19,8,0,7,16,4,15,1152,1280,772,480,113,399,110,84,30,27,412,17,35,31,18360,4698,1023,59,358,133,83,1415,18,125,372,472,57,558,34174,173,922,467,68414,1115,2058,1076,313,420,2410,121,251,64,336,601,458,143,1006,5772,17860,1054
6,10,4,27,2,2,22,20,38,30,2,3,1,114,3,100,0,3,37,27,2,28,1,1,22,5,5,1,20,56,36,8,12,2,72,160,30,8,129,1,16,11,71,6,9,2,3,10,8,4,27,17,172,3,8,88,262,305,284,28,492,39,33,82,1894,6039,7429,190,583,313,36,347,11,75,1402,161,20,17,414,8504,124,306,1115,12578,1051,148,209,235,4127,260,196,3,104,21,81,57,80,168,442,205
0,1,0,8,0,1,5,110,447,21,2,34,20,22,7,43,6,8,76,780,19,62,124,39,1590,237,751,7,7,22,16,274,181,44,10,56,7,606,30,14,8,11,52,917,840,7,162,3,2,9,33,23,95,9,2,46,379,839,578,300,192,47,224,200,1925,1550,626,214,346,4085,94,1745,20,957,255,2257,280,91,756,801,8628,18399,2058,1051,19548,1509,54,29,317,3782,22,32,926,146,1428,7,153,174,449,124
0,2,1,0,1,1,0,6,24,6,2,2,2,0,1,7,2,0,6,11,2,34,20,9,57,246,270,524,12,11,2,616,10,2521,1,8,5,71,30,3043,7,4,9,2284,43,140,1216,5,2,1,28,51,49,14,19,18,33,39,22,55,258,23,77,36,481,312,109,22,61,162,105,1915,36,240,128,4125,496,20901,950,76,9397,613,1076,148,1509,68827,39,32,175,499,62,5628,11394,10927,11198,33,64,260,483,179
0,7,2,9,3,3,14,110,539,60,18,47,17,35,4,75,12,7,214,32,86,38,4,91,13,2,14,21,12,28,83,4,13,10,53,210,283,2,238,29,25,20,139,20,8,5,14,23,7,21,42,25,86,19,190,200,71,205,131,9117,643,53,64,48,158,210,471,38,2060,113,279,225,6852,964,397,12,702,268,186,240,21,81,313,209,54,39,4682,3384,753,11,7386,650,202,19,33,651,244,149,506,523
27,109,47,199,22,53,230,55,97,179,18,16,9,312,24,495,8,7,277,33,82,83,15,35,17,3,5,3,70,199,225,15,15,2,340,505,128,11,688,0,67,72,458,12,10,1,7,125,28,70,163,185,338,222,1663,2098,4,12,21,120,611,34,20,6,629,255,2703,12,1835,30,126,268,2264,401,273,15,165,30,396,130,23,34,420,235,29,32,3384,15138,717,20,9779,79,98,20,34,5043,769,160,462,467
2,9,3,18,3,3,19,16,37,103,10,10,2,83,4,163,1,9,129,23,31,60,2,15,23,1,9,2,24,81,91,7,7,3,70,296,52,1,246,5,41,43,191,8,10,2,9,11,7,23,19,20,60,7,14,70,47,40,65,52,603,43,141,42,902,9926,1569,68,929,84,316,441,48,191,3975,49,29,114,353,1039,259,465,2410,4127,317,175,753,717,17073,24,352,11,100,89,365,95,44,292,3993,6938
0,0,0,5,2,1,9,29,138,17,1,19,9,13,5,20,5,0,36,272,20,58,92,40,1146,343,1212,12,3,18,12,348,120,83,3,27,5,783,36,36,10,17,48,1397,663,17,232,4,4,6,7,3,64,3,7,25,13,193,51,205,105,24,49,10,209,153,246,4,142,2186,29,1459,57,908,25,3486,294,55,95,49,607,813,121,260,3782,499,11,20,24,13143,29,44,7029,79,486,15,48,27,74,23
18,52,21,95,10,9,101,25,50,78,7,2,1,198,12,238,1,9,134,7,30,46,1,29,2,3,9,34,35,88,101,6,3,13,182,317,71,4,294,56,31,39,166,31,4,3,20,49,17,24,86,46,155,44,726,388,4,5,12,78,319,6,9,0,397,172,689,4,384,11,28,148,1588,766,131,3,1392,392,259,76,15,15,251,196,22,62,7386,9779,352,29,16443,1497,568,17,26,6588,761,115,271,235
1,0,1,1,1,1,0,2,14,6,1,2,1,1,1,1,0,0,3,6,3,55,13,12,8,151,274,2118,13,9,2,435,4,3018,2,1,8,24,36,6316,13,5,3,2356,10,167,1089,7,3,2,16,4,3,6,314,4,1,3,2,17,25,6,11,2,20,11,8,3,33,5,9,280,200,1789,11,52,7728,14176,196,9,135,33,64,3,32,5628,650,79,11,44,1497,45677,12010,518,660,528,457,26,24,12
0,2,1,9,2,2,2,23,128,29,7,13,3,22,11,12,2,4,29,115,17,145,134,74,646,1020,1909,267,29,24,9,1685,95,2188,4,31,15,554,54,1733,18,16,40,7229,399,111,1291,15,8,4,27,12,52,4,162,36,21,76,23,237,450,89,134,34,182,156,158,12,280,344,172,4476,515,3078,96,4928,10526,1204,281,44,4304,865,336,104,926,11394,202,98,100,7029,568,12010,36000,802,3685,226,301,112,370,178
1,1,1,2,0,0,2,0,5,0,0,0,0,4,0,3,0,0,2,9,1,5,2,1,7,9,11,24,0,2,1,31,1,60,1,7,1,3,7,95,1,0,8,68,3,3,23,1,2,0,48,58,20,26,11,15,5,26,23,35,397,101,277,15,63,54,55,15,33,55,327,9097,5,105,147,84,74,19441,2401,50,371,204,601,21,146,10927,19,20,89,79,17,518,802,23754,10238,5,24,709,315,123
0,0,0,2,0,0,1,8,25,11,1,1,0,3,1,9,0,1,7,19,1,15,12,10,53,119,113,25,0,6,10,190,9,242,2,9,3,74,13,142,4,2,6,585,36,12,155,5,2,1,32,23,19,10,2,23,35,62,54,66,448,114,555,122,169,243,78,129,92,207,534,10128,31,592,514,603,307,2060,435,281,5056,4336,458,81,1428,11198,33,34,365,486,26,660,3685,10238,15193,6,17,160,455,299
6,121,62,228,26,76,236,3,19,14,0,1,0,47,2,91,1,1,35,1,8,7,0,7,5,1,3,15,6,13,15,2,1,3,55,49,19,2,58,18,7,5,33,11,2,0,3,155,7,2,510,315,406,464,5651,2601,0,4,1,28,165,1,3,1,673,136,884,4,80,4,10,85,153,248,27,3,482,159,192,14,7,4,143,57,7,33,651,5043,95,15,6588,528,226,5,6,6981,1695,79,135,46
2,30,26,50,8,36,56,1,17,7,0,1,0,32,2,45,0,1,10,3,3,8,1,4,3,2,3,5,5,4,14,1,1,2,31,18,10,0,43,8,2,2,19,14,3,0,1,34,7,0,10916,593,703,953,3942,877,10,7,0,25,91,5,7,2,13049,255,433,2,52,23,3,64,62,274,15,33,509,131,18063,23,22,19,1006,80,153,64,244,769,44,48,761,457,301,24,17,1695,26982,117,80,23
1,8,11,17,2,3,7,4,7,11,6,1,1,37,3,45,1,4,45,7,4,7,1,7,4,1,1,1,7,25,21,0,1,1,39,66,14,2,58,1,5,8,55,5,1,0,3,8,2,6,341,730,556,184,42,381,10,14,20,12,15783,26,32,2,673,505,556,7,200,16,76,3020,24,10,103,50,10,578,10045,68,88,42,5772,168,174,260,149,160,292,27,115,26,112,709,160,79,117,36909,8259,417
1,9,6,27,2,6,25,21,31,76,4,10,0,48,2,118,6,2,122,13,28,36,3,11,15,4,9,7,16,55,87,5,13,2,61,183,39,7,212,11,31,32,161,18,6,1,5,11,2,26,179,496,805,105,41,511,15,26,44,42,12336,95,107,14,983,3775,1363,14,603,49,448,1620,59,83,885,146,61,386,2138,188,487,189,17860,442,449,483,506,462,3993,74,271,24,370,315,455,135,80,8259,36153,7943
3,4,3,11,1,1,14,11,15,61,7,1,1,44,4,81,1,1,99,11,25,23,2,8,9,2,5,2,18,34,68,6,5,1,44,188,41,2,132,5,23,20,101,8,2,1,6,12,2,15,6,14,51,3,9,54,5,14,23,23,3755,99,137,9,110,4473,741,20,557,32,2010,498,35,66,1698,54,31,205,191,152,213,171,1054,205,124,179,523,467,6938,23,235,12,178,123,299,46,23,417,7943,6681
