14227,8035,8899,1224,10950,3214,860,10,22,53,3,4,6,9063,354,258,2,3,14,36,9,1056,14,4,13,39,3,77,618,762,19,36,20,15,65,16,8,30,50,8,690,454,116,29,41,10,26,62,1672,17,17,11,7,16,12,33,0,1,0,1,2,0,0,0,9,4,29,1,2,0,0,2,0,0,0,0,3,0,1,2,0,2,8,16,2,0,3,18,3,3,9,0,0,0,0,27,8,2,3,1
8035,46860,20689,26278,1365,2292,3060,23,35,198,11,6,12,11367,6770,924,7,6,17,40,10,1995,13,6,22,38,6,57,466,1110,26,32,37,18,120,31,25,18,83,4,810,1356,268,35,36,9,23,94,481,46,22,22,17,60,50,68,0,1,1,0,4,0,0,0,17,10,34,0,5,2,2,2,0,0,12,0,1,0,2,2,0,0,5,20,0,2,10,26,3,5,10,1,2,0,0,53,14,1,6,1
8899,20689,30941,11338,6094,7147,7541,3,8,93,1,3,7,1656,179,122,4,3,4,17,2,1983,24,2,6,9,0,66,384,784,8,11,14,25,69,11,10,8,49,2,916,1038,42,14,10,13,7,124,352,9,28,12,23,47,43,86,1,0,0,1,3,0,0,0,24,2,27,0,2,0,3,2,0,0,3,0,0,0,1,2,0,0,4,7,0,0,4,17,3,0,3,0,1,0,1,49,19,0,4,0
1224,26278,11338,34040,541,1674,12497,53,231,583,22,31,43,8137,18053,8499,25,21,92,170,71,1771,31,23,101,124,27,33,324,1067,164,67,91,52,591,180,63,111,253,9,697,1746,1795,96,90,9,32,488,338,178,81,54,44,116,123,228,0,2,7,4,18,0,3,0,66,12,130,1,33,5,4,5,0,3,14,5,5,0,9,10,2,2,14,41,7,0,21,86,12,8,19,0,4,0,0,153,44,8,9,7
10950,1365,6094,541,16823,24071,1191,4,8,20,2,2,5,2639,314,120,0,1,5,15,1,453,8,2,11,17,5,32,335,322,8,14,14,8,80,10,2,13,58,8,317,149,58,13,18,10,7,683,3668,8,9,7,5,25,19,27,0,0,0,0,6,1,0,0,11,5,27,0,3,0,0,2,0,2,0,0,0,1,3,1,0,0,4,11,0,0,1,24,1,0,12,0,1,0,0,34,3,2,0,0
3214,2292,7147,1674,24071,28912,15918,1,8,38,0,2,3,670,880,265,1,2,1,7,3,551,6,8,4,6,22,37,181,251,11,4,4,12,294,20,15,3,184,28,260,197,33,13,8,7,2,2509,3215,9,37,32,12,85,74,90,0,0,0,0,3,0,0,0,23,3,32,0,4,0,0,0,0,0,1,0,0,0,4,0,0,0,2,12,0,0,3,27,1,1,7,0,1,0,1,58,17,4,3,0
860,3060,7541,12497,1191,15918,24249,16,115,332,18,16,12,1233,428,3200,13,4,29,60,55,862,26,86,60,41,52,13,114,368,50,29,34,25,3242,175,63,37,777,14,297,574,302,54,25,5,14,3254,273,73,176,162,90,446,445,940,0,1,3,9,25,1,3,0,147,38,237,5,39,5,5,16,0,4,16,4,1,1,22,8,0,3,24,65,1,0,26,164,16,4,53,0,5,3,1,432,72,12,18,7
10,23,3,53,4,1,16,31712,12661,118,731,903,6155,1454,1096,431,3715,8757,1421,7144,638,1582,407,222,578,162,88,13,61,660,1878,138,840,43,67,258,477,286,83,4,91,363,1943,138,575,38,110,3,16,514,3,2,17,0,1,4,67,172,13,554,19,11,85,40,42,37,21,26,81,633,25,107,38,317,37,44,67,1,4,15,25,359,15,24,314,8,999,29,24,264,7,2,68,0,24,5,9,2,11,21
22,35,8,231,8,8,115,12661,51626,250,1091,2391,4174,358,555,1097,1648,620,5008,8167,1073,3373,1508,7433,4299,187,3122,38,42,157,435,416,3764,135,479,5214,2666,251,705,100,45,153,1350,860,413,105,398,21,17,120,5,6,23,0,1,17,100,293,38,1191,29,40,141,61,67,59,46,43,144,943,27,192,64,505,54,65,157,4,18,15,38,462,45,42,441,12,2344,53,43,397,13,4,186,3,23,6,12,6,22,27
53,198,93,583,20,38,332,118,250,23331,2311,3779,1355,312,576,878,731,71,747,68,6406,3685,506,47,66,43,39,8,34,99,284,136,1026,30,638,886,350,33,1411,16,8145,10964,3208,75,51,64,260,254,27,5451,9,20,25,9,12,40,3,18,27,21,99,4,10,5,56,52,206,13,221,15,43,28,8,5,153,2,3,0,14,36,4,9,41,98,10,2,90,201,131,9,128,1,9,0,4,51,15,20,61,49
3,11,1,22,2,0,18,731,1091,2311,1556,5962,1690,34,47,188,261,35,894,85,1385,3907,1457,52,86,7,32,1,7,20,48,28,475,8,66,363,86,17,191,5,28,162,293,55,11,28,89,10,2,132,1,1,5,1,0,6,1,9,8,20,11,3,8,6,7,5,15,12,56,3,11,7,10,6,23,5,4,0,1,8,0,11,5,12,10,0,81,12,22,12,12,0,5,0,2,3,3,1,12,4
4,6,3,31,2,2,16,903,2391,3779,5962,13428,8220,88,62,102,3743,83,378,463,6275,2131,4917,131,1248,36,186,5,11,147,92,114,5951,17,53,261,217,85,136,6,116,754,673,283,74,80,375,5,4,405,0,1,0,1,0,0,5,14,7,59,6,3,7,6,5,1,7,19,23,17,10,40,8,62,4,26,34,1,0,1,16,28,2,5,73,3,198,5,5,129,4,3,72,0,18,1,0,1,2,8
6,12,7,43,5,3,12,6155,4174,1355,1690,8220,12373,591,217,131,6859,897,311,3206,1659,764,464,83,458,81,55,7,48,597,214,260,6030,32,31,138,138,57,45,2,168,851,1228,90,423,20,97,6,13,821,1,0,4,0,0,3,6,30,7,101,7,3,12,5,9,3,11,8,22,83,5,25,7,70,7,10,22,0,1,4,7,53,6,8,54,4,144,12,8,57,0,0,29,0,6,1,0,0,6,6
9063,11367,1656,8137,2639,670,1233,1454,358,312,34,88,591,69083,17356,1724,162,389,154,1335,120,1585,92,21,301,684,45,210,4199,39480,309,904,820,384,324,144,76,419,282,23,2388,2912,2819,280,1382,65,364,194,6223,2427,27,23,24,26,41,80,1,2,2,10,28,0,0,0,45,17,112,5,53,12,8,27,3,47,24,12,19,0,7,12,7,15,13,54,24,2,25,92,23,61,60,6,22,0,5,81,35,5,28,9
354,6770,179,18053,314,880,428,1096,555,576,47,62,217,17356,34247,2244,128,424,522,1083,188,1084,60,13,166,302,28,22,347,2211,916,265,295,133,251,341,62,381,177,11,696,2128,16832,209,680,13,91,57,246,4411,8,5,10,7,8,24,1,2,5,17,14,3,3,2,24,6,30,2,29,11,11,14,1,23,22,5,8,0,3,7,0,14,3,13,33,2,26,35,14,49,17,1,16,0,4,27,6,3,7,4
258,924,122,8499,120,265,3200,431,1097,878,188,102,131,1724,2244,21546,274,453,8088,489,770,667,62,137,249,140,73,12,102,534,6288,80,163,71,4004,5965,319,125,943,8,334,826,10860,187,171,5,42,522,131,308,58,44,57,88,98,217,7,15,21,21,107,6,12,13,138,63,376,17,236,18,41,28,6,13,173,4,10,0,22,60,4,12,43,165,13,0,112,304,156,18,145,2,11,1,6,182,59,27,86,59
2,7,4,25,0,1,13,3715,1648,731,261,3743,6859,162,128,274,7728,2341,866,173,7266,123,175,90,38,6,15,4,8,212,2731,9,844,6,60,276,157,6,127,6,56,368,1594,14,18,6,25,4,1,479,0,2,3,0,0,2,5,23,3,38,9,6,8,6,3,3,6,16,28,11,11,9,3,0,5,0,2,0,1,3,1,6,4,5,4,0,129,7,7,8,5,1,0,0,1,1,2,2,3,2
3,6,3,21,1,2,4,8757,620,71,35,83,897,389,424,453,2341,3075,1239,579,884,78,8,33,27,24,3,1,14,274,2773,34,286,3,24,138,71,31,64,1,57,302,2016,17,145,4,8,4,1,563,1,0,1,0,0,1,2,24,4,24,6,0,2,3,1,1,10,17,13,8,5,2,9,6,6,3,6,0,1,4,1,4,3,0,11,0,56,4,4,10,4,0,4,0,0,2,1,1,4,3
14,17,4,92,5,1,29,1421,5008,747,894,378,311,154,522,8088,866,1239,13628,828,2284,520,121,236,279,90,87,8,8,51,3900,61,232,46,257,4175,351,130,200,11,38,157,2745,166,170,3,37,7,5,99,5,6,26,0,0,8,8,18,31,47,88,7,16,7,50,28,119,25,251,24,50,30,3,19,134,5,8,0,10,34,5,33,19,55,18,2,155,109,91,37,43,0,8,1,4,5,10,8,30,44
36,40,17,170,15,7,60,7144,8167,68,85,463,3206,1335,1083,489,173,579,828,17989,124,585,499,65,1984,688,266,17,78,844,629,1403,6367,230,93,338,63,2707,78,10,164,523,1609,1439,7974,36,324,8,21,540,2,3,5,0,0,2,17,26,10,265,13,5,56,5,26,18,14,4,64,254,8,246,23,714,28,179,196,4,4,9,94,321,24,20,621,17,116,16,30,982,13,6,461,1,67,7,3,5,21,21
9,10,2,71,1,3,55,638,1073,6406,1385,6275,1659,120,188,770,7266,884,2284,124,11528,239,144,200,35,18,42,4,7,133,3126,41,476,9,244,1038,545,11,676,18,114,1034,8838,31,44,9,50,25,3,1709,6,1,21,0,1,9,6,42,28,48,58,8,9,19,24,15,53,25,140,13,57,21,14,2,65,3,1,0,6,18,0,16,10,29,12,0,386,61,42,12,21,0,1,1,2,9,5,6,23,22
1056,1995,1983,1771,453,551,862,1582,3373,3685,3907,2131,764,1585,1084,667,123,78,520,585,239,20473,3768,141,972,176,322,2928,2621,1160,204,210,636,708,277,376,209,138,621,241,20796,2649,1250,760,200,1563,743,143,70,281,17,9,24,11,8,42,9,19,16,67,53,7,19,8,49,25,202,13,123,40,23,51,6,72,90,77,26,6,14,29,50,58,31,110,86,32,136,181,84,130,125,26,129,4,27,77,18,13,54,35
14,13,24,31,8,6,26,407,1508,506,1457,4917,464,92,60,62,175,8,121,499,144,3768,9274,182,1885,692,1553,600,40,82,25,569,7623,513,39,146,47,429,162,200,77,197,117,3626,313,1788,5487,24,8,72,0,0,1,1,0,0,6,6,3,26,3,1,9,0,5,0,3,3,7,21,2,90,5,94,6,363,121,5,0,2,217,67,4,3,149,121,55,2,3,265,3,60,474,4,127,1,2,1,2,1
4,6,2,23,2,8,86,222,7433,47,52,131,83,21,13,137,90,33,236,65,200,141,182,5587,379,134,2560,45,4,7,28,198,160,174,555,4591,2641,66,5866,336,14,20,79,638,152,8,114,152,4,14,1,1,2,1,0,5,2,27,4,60,7,3,8,7,3,4,5,11,22,26,2,10,8,14,4,14,11,1,0,1,9,18,1,2,20,8,222,7,3,27,7,2,32,0,14,6,1,0,6,2
13,22,6,101,11,4,60,578,4299,66,86,1248,458,301,166,249,38,27,279,1984,35,972,1885,379,5546,384,2630,19,34,305,58,1154,4752,206,159,776,57,542,283,74,66,191,283,2876,1977,104,582,29,14,133,3,0,4,3,1,2,10,9,2,178,10,4,16,3,20,10,10,5,26,111,3,281,40,852,11,212,311,4,0,3,149,227,6,7,699,36,108,26,10,1303,27,18,689,2,112,3,4,2,6,9
39,38,9,124,17,6,41,162,187,43,7,36,81,684,302,140,6,24,90,688,18,176,692,134,384,17516,1191,66,37,236,84,16477,505,4103,51,202,13,7915,199,140,53,114,369,10839,6771,109,1980,16,31,67,1,3,2,1,2,1,0,2,0,10,1,0,4,2,5,5,8,0,6,3,1,137,8,48,3,1240,130,39,4,0,730,50,10,5,30,311,4,4,2,97,5,208,1411,26,414,2,1,2,2,4
3,6,0,27,5,22,52,88,3122,39,32,186,55,45,28,73,15,3,87,266,42,322,1553,2560,2630,1191,13021,804,9,41,22,2166,1176,786,150,737,1278,688,1953,6987,16,39,66,6857,1539,120,1245,192,19,19,0,0,2,2,0,1,1,2,1,25,1,1,7,0,4,0,5,0,4,14,3,107,6,125,2,504,166,19,1,1,285,90,2,2,222,99,23,2,3,315,3,83,635,5,181,4,1,2,4,4
77,57,66,33,32,37,13,13,38,8,1,5,7,210,22,12,4,1,8,17,4,2928,600,45,19,66,804,51089,2588,225,4,90,23,9923,10,18,158,10,503,12436,415,20,19,528,31,19240,8686,128,18,3,0,0,0,1,0,1,0,0,0,1,2,0,0,0,5,1,4,0,1,0,0,7,0,1,0,32,23,141,0,0,33,2,1,2,1,285,3,2,1,1,2,576,112,15,21,2,1,0,2,0
618,466,384,324,335,181,114,61,42,34,7,11,48,4199,347,102,8,14,8,78,7,2621,40,4,34,37,9,2588,55784,11210,21,81,81,141,37,17,20,18,47,82,11199,68,144,29,72,559,100,37,5524,11,0,4,8,2,1,5,0,0,0,0,2,0,0,1,7,3,35,0,8,1,2,4,0,0,12,1,1,1,2,3,0,0,7,9,0,2,3,17,7,2,18,3,4,0,0,12,3,4,5,0
762,1110,784,1067,322,251,368,660,157,99,20,147,597,39480,2211,534,212,274,51,844,133,1160,82,7,305,236,41,225,11210,69697,183,860,1322,204,180,88,85,134,299,24,15257,9556,1825,142,683,66,400,86,1163,2074,17,8,17,5,9,23,0,1,4,4,29,0,1,2,28,18,115,1,39,2,6,15,0,26,22,5,12,0,11,11,6,9,17,50,14,4,21,85,28,25,56,1,26,2,5,35,10,11,26,14
19,26,8,164,8,11,50,1878,435,284,48,92,214,309,916,6288,2731,2773,3900,629,3126,204,25,28,58,84,22,4,21,183,5528,53,127,40,243,707,220,112,257,3,98,335,13406,44,247,2,23,43,14,254,5,14,17,9,12,13,1,7,11,15,48,1,6,0,36,20,129,8,114,5,22,17,2,7,82,3,7,0,7,31,3,15,23,56,12,2,56,118,73,22,47,1,10,0,3,33,8,7,33,29
36,32,11,67,14,4,29,138,416,136,28,114,260,904,265,80,9,34,61,1403,41,210,569,198,1154,16477,2166,90,81,860,53,25389,4246,8349,51,172,26,1168,225,466,180,514,335,7242,7007,279,9477,26,44,314,0,0,0,0,1,2,0,0,0,12,3,0,1,2,2,1,0,1,12,8,4,132,9,42,3,941,155,35,3,0,557,48,3,1,81,468,17,6,4,184,9,299,1163,39,372,1,1,2,3,1
20,37,14,91,14,4,34,840,3764,1026,475,5951,6030,820,295,163,844,286,232,6367,476,636,7623,160,4752,505,1176,23,81,1322,127,4246,15985,194,71,275,116,794,180,22,386,1709,1145,2384,4004,307,5238,13,19,1457,1,0,6,0,0,0,2,20,4,88,4,5,17,2,10,8,7,1,22,72,3,121,7,236,11,217,138,8,3,2,117,133,3,7,314,26,94,15,8,507,5,10,371,2,84,3,0,0,5,8
15,18,25,52,8,12,25,43,135,30,8,17,32,384,133,71,6,3,46,230,9,708,513,174,206,4103,786,9923,141,204,40,8349,194,30540,43,117,23,361,234,11440,78,89,136,6596,867,3516,16331,33,12,46,0,0,1,0,1,1,0,1,0,3,1,1,0,0,1,4,2,0,4,2,0,40,0,15,0,386,76,163,1,0,263,17,0,0,15,1019,5,4,0,23,2,739,665,58,236,1,0,0,2,1
65,120,69,591,80,294,3242,67,479,638,66,53,31,324,251,4004,60,24,257,93,244,277,39,555,159,51,150,10,37,180,243,51,71,43,4754,4919,262,35,9793,30,150,430,1182,166,48,2,21,2059,81,249,52,42,54,64,64,169,1,6,7,14,52,1,3,2,79,39,224,9,92,7,13,16,2,3,50,7,6,0,19,25,5,9,40,93,9,2,71,160,55,7,117,1,7,0,0,174,46,12,43,25
16,31,11,180,10,20,175,258,5214,886,363,261,138,144,341,5965,276,138,4175,338,1038,376,146,4591,776,202,737,18,17,88,707,172,275,117,4919,13089,828,134,4937,67,103,329,2293,544,172,4,84,88,10,204,8,7,21,5,14,33,7,33,37,80,93,9,18,4,54,46,173,25,269,44,36,43,8,36,166,18,16,3,12,55,6,19,36,105,32,2,415,197,142,45,101,2,31,2,8,37,14,13,63,43
8,25,10,63,2,15,63,477,2666,350,86,217,138,76,62,319,157,71,351,63,545,209,47,2641,57,13,1278,158,20,85,220,26,116,23,262,828,1546,6,5449,296,60,167,1205,63,18,2,28,275,13,115,2,2,4,4,2,7,4,65,5,111,10,1,8,15,5,4,18,15,21,7,5,8,15,7,18,1,2,1,3,5,3,8,5,4,5,1,265,24,8,9,16,5,5,0,1,11,2,0,5,5
30,18,8,111,13,3,37,286,251,33,17,85,57,419,381,125,6,31,130,2707,11,138,429,66,542,7915,688,10,18,134,112,1168,794,361,35,134,6,13454,94,22,27,101,379,9401,7720,14,319,12,19,56,1,0,2,0,0,0,0,1,2,13,2,0,5,1,2,2,1,3,7,13,2,144,3,112,2,746,191,11,4,0,472,86,5,4,177,73,7,3,7,367,4,30,652,5,279,0,1,0,4,0
50,83,49,253,58,184,777,83,705,1411,191,136,45,282,177,943,127,64,200,78,676,621,162,5866,283,199,1953,503,47,299,257,225,180,234,9793,4937,5449,94,31150,1716,230,790,1776,699,166,27,156,8443,108,420,60,42,62,49,72,139,2,3,8,18,142,4,8,7,127,53,514,8,173,12,21,57,5,7,112,18,3,2,39,60,7,13,89,236,15,10,173,351,135,15,272,10,18,2,5,249,61,30,130,38
8,4,2,9,8,28,14,4,100,16,5,6,2,23,11,8,6,1,11,10,18,241,200,336,74,140,6987,12436,82,24,3,466,22,11440,30,67,296,22,1716,22866,22,3,17,6271,31,790,2133,432,38,3,3,4,0,4,0,3,0,0,0,4,0,0,0,0,2,1,4,0,0,0,0,26,2,20,0,274,106,447,0,0,196,5,3,2,4,1271,0,2,2,11,3,1844,657,65,190,7,0,2,1,0
690,810,916,697,317,260,297,91,45,8145,28,116,168,2388,696,334,56,57,38,164,114,20796,77,14,66,53,16,415,11199,15257,98,180,386,78,150,103,60,27,230,22,47821,11203,746,39,138,84,148,59,79,470,9,2,12,9,6,20,1,2,4,2,21,0,1,1,25,11,81,0,45,1,2,11,0,2,32,4,2,1,2,17,4,5,15,45,6,2,12,73,30,4,47,0,3,0,0,35,10,7,26,12
454,1356,1038,1746,149,197,574,363,153,10964,162,754,851,2912,2128,826,368,302,157,523,1034,2649,197,20,191,114,39,20,68,9556,335,514,1709,89,430,329,167,101,790,3,11203,28638,4447,112,347,53,366,206,56,9163,11,17,25,15,13,53,2,10,12,5,35,1,5,3,51,30,173,8,88,9,21,16,0,16,89,5,5,0,10,29,6,10,24,76,14,3,32,143,85,24,100,5,12,0,7,57,16,13,42,16
116,268,42,1795,58,33,302,1943,1350,3208,293,673,1228,2819,16832,10860,1594,2016,2745,1609,8838,1250,117,79,283,369,66,19,144,1825,13406,335,1145,136,1182,2293,1205,379,1776,17,746,4447,74314,215,764,11,132,247,64,12983,34,27,77,23,33,92,7,17,63,39,216,5,16,10,124,67,468,32,496,30,62,78,10,21,293,10,12,0,30,91,7,30,67,207,42,6,173,407,233,58,186,2,24,0,5,113,45,41,115,87
29,35,14,96,13,13,54,138,860,75,55,283,90,280,209,187,14,17,166,1439,31,760,3626,638,2876,10839,6857,528,29,142,44,7242,2384,6596,166,544,63,9401,699,6271,39,112,215,37520,2695,501,4114,81,21,53,1,2,4,2,0,4,3,2,1,19,4,1,7,2,3,4,8,2,14,14,1,164,8,94,2,1397,290,44,8,2,798,83,4,6,118,649,28,4,5,268,7,429,1815,45,540,4,1,1,1,3
41,36,10,90,18,8,25,575,413,51,11,74,423,1382,680,171,18,145,170,7974,44,200,313,152,1977,6771,1539,31,72,683,247,7007,4004,867,48,172,18,7720,166,31,138,347,764,2695,16575,33,747,22,33,257,0,1,2,1,1,1,0,1,2,33,6,3,6,3,6,5,1,3,19,25,0,342,22,400,8,611,370,6,3,3,416,247,4,6,719,71,19,10,3,1236,3,20,887,4,294,2,0,1,6,6
10,9,13,9,10,7,5,38,105,64,28,80,20,65,13,5,6,4,3,36,9,1563,1788,8,104,109,120,19240,559,66,2,279,307,3516,2,4,2,14,27,790,84,53,11,501,33,11453,8419,6,0,11,0,0,0,0,0,0,0,1,0,1,0,0,0,0,0,1,0,0,1,2,0,10,1,12,1,89,5,25,1,1,45,1,2,0,4,193,8,0,0,18,0,116,132,11,60,0,0,0,0,0
26,23,7,32,7,2,14,110,398,260,89,375,97,364,91,42,25,8,37,324,50,743,5487,114,582,1980,1245,8686,100,400,23,9477,5238,16331,21,84,28,319,156,2133,148,366,132,4114,747,8419,31335,24,21,175,0,0,1,0,0,1,0,1,0,13,2,0,0,2,0,3,3,2,3,5,0,68,6,41,1,573,117,100,1,0,368,40,2,2,50,948,22,4,2,94,6,629,910,60,289,2,0,1,2,0
62,94,124,488,683,2509,3254,3,21,254,10,5,6,194,57,522,4,4,7,8,25,143,24,152,29,16,192,128,37,86,43,26,13,33,2059,88,275,12,8443,432,59,206,247,81,22,6,24,10202,453,81,52,53,26,113,135,186,0,0,1,1,10,0,0,0,45,18,88,1,13,2,0,9,0,0,6,1,0,0,8,4,1,2,6,27,4,2,10,54,11,1,27,2,3,0,1,154,33,8,14,6
1672,481,352,338,3668,3215,273,16,17,27,2,4,13,6223,246,131,1,1,5,21,3,70,8,4,14,31,19,18,5524,1163,14,44,19,12,81,10,13,19,108,38,79,56,64,21,33,0,21,453,7948,15,3,2,5,5,7,21,0,0,0,2,3,0,0,0,11,2,14,0,1,0,0,0,0,1,0,0,0,0,1,2,0,0,4,7,0,1,4,10,4,2,5,0,4,0,0,25,7,1,2,1
17,46,9,178,8,9,73,514,120,5451,132,405,821,2427,4411,308,479,563,99,540,1709,281,72,14,133,67,19,3,11,2074,254,314,1457,46,249,204,115,56,420,3,470,9163,12983,53,257,11,175,81,15,11428,5,0,14,2,4,8,0,4,10,9,24,1,1,1,13,6,61,5,57,2,10,9,5,14,45,10,2,0,3,5,3,5,8,23,7,0,17,64,26,13,29,1,7,0,3,20,8,7,19,15
17,22,28,81,9,37,176,3,5,9,1,0,1,27,8,58,0,1,5,2,6,17,0,1,3,1,0,0,0,17,5,0,1,0,52,8,2,1,60,3,9,11,34,1,0,0,0,52,3,5,26943,19785,3049,9026,13382,1648,4,40,7,17,91,1,5,7,15718,190,254,11,16,41,11,80,4,19,7,34,11,11,658,10,21,18,309,39,51,15,34,115,11,58,34,7,32,8,7,377,9930,156,136,21
11,22,12,54,7,32,162,2,6,20,1,1,0,23,5,44,2,0,6,3,1,9,0,1,0,3,0,0,4,8,14,0,0,0,42,7,2,0,42,4,2,17,27,2,1,0,0,53,2,0,19785,100593,12785,12272,2118,8005,7,17,12,21,211,7,7,10,22162,240,581,18,77,34,15,384,7,28,11,44,5,14,927,13,41,32,739,62,71,23,68,212,32,92,62,7,38,43,31,432,2860,438,332,57
7,17,23,44,5,12,90,17,23,25,5,0,4,24,10,57,3,1,26,5,21,24,1,2,4,2,2,0,8,17,17,0,6,1,54,21,4,2,62,0,12,25,77,4,2,0,1,26,5,14,3049,12785,22361,1812,304,7566,63,250,101,221,505,40,68,51,23762,6370,5384,113,355,234,109,312,27,104,114,168,45,15,502,192,105,140,823,897,322,43,184,696,190,543,174,13,224,15,41,441,1412,351,604,180
16,60,47,116,25,85,446,0,0,9,1,1,0,26,7,88,0,0,0,0,0,11,1,1,3,1,2,1,2,5,9,0,0,0,64,5,4,0,49,4,9,15,23,2,1,0,0,113,5,2,9026,12272,1812,33633,15298,19453,0,4,2,9,91,3,4,4,1087,52,564,3,17,7,6,83,2,7,6,15,4,8,163,4,11,8,151,12,14,4,13,458,8,21,31,6,19,6,3,1191,815,97,106,17
12,50,43,123,19,74,445,1,1,12,0,0,0,41,8,98,0,0,0,0,1,8,0,0,1,2,0,0,1,9,12,1,0,1,64,14,2,0,72,0,6,13,33,0,1,0,0,135,7,4,13382,2118,304,15298,22816,7352,0,0,1,4,44,1,1,0,895,39,447,3,20,7,4,37,5,15,6,7,32,19,86,6,15,7,70,25,7,4,54,1152,3,22,109,48,31,3,4,5449,5739,37,54,7
33,68,86,228,27,90,940,4,17,40,6,0,3,80,24,217,2,1,8,2,9,42,0,5,2,1,1,1,5,23,13,2,0,1,169,33,7,0,139,3,20,53,92,4,1,0,1,186,21,8,1648,8005,7566,19453,7352,29348,7,51,19,92,461,11,13,16,3572,357,2997,26,141,85,42,377,16,63,28,76,24,9,318,26,51,48,486,87,113,32,121,2309,47,236,137,7,89,15,23,2351,631,398,617,71
0,0,1,0,0,0,0,67,100,3,1,5,6,1,1,7,5,2,8,17,6,9,6,2,10,0,1,0,0,0,1,0,2,0,1,7,4,0,2,0,1,2,7,3,0,0,0,0,0,0,4,7,63,0,0,7,1911,6882,463,996,24,33,274,2270,254,237,110,445,435,2205,32,57,77,47,343,21,20,2,21,224,20,1348,98,239,252,3,365,12,157,61,8,0,22,0,13,3,35,7,32,49
1,1,0,2,0,0,1,172,293,18,9,14,30,2,2,15,23,24,18,26,42,19,6,27,9,2,2,0,0,1,7,0,20,1,6,33,65,1,3,0,2,10,17,2,1,1,1,0,0,4,40,17,250,4,0,51,6882,15476,2687,7864,217,469,1206,4414,817,636,404,4966,2201,3935,358,471,440,197,1421,36,27,4,63,1215,52,1736,181,744,717,15,1773,59,333,373,33,9,68,5,41,5,99,40,91,93
0,1,0,7,0,0,3,13,38,27,8,7,7,2,5,21,3,4,31,10,28,16,3,4,2,0,1,0,0,4,11,0,4,0,7,37,5,2,8,0,4,12,63,1,2,0,0,1,0,10,7,12,101,2,1,19,463,2687,2820,2287,500,259,407,587,150,136,1012,2376,6800,573,451,303,112,59,2009,53,27,2,13,4493,29,423,31,393,311,6,432,81,183,234,25,15,54,1,21,4,17,29,114,79
1,0,1,4,0,0,9,554,1191,21,20,59,101,10,17,21,38,24,47,265,48,67,26,60,178,10,25,1,0,4,15,12,88,3,14,80,111,13,18,4,2,5,39,19,33,1,13,1,2,9,17,21,221,9,4,92,996,7864,2287,47177,478,1458,2213,2514,270,274,558,1448,9983,6161,634,1977,8117,5818,342,243,1396,30,56,277,249,3638,173,288,981,35,7408,530,200,1000,126,97,834,12,190,15,54,36,146,226
2,4,3,18,6,3,25,19,29,99,11,6,7,28,14,107,9,6,88,13,58,53,3,7,10,1,1,2,2,29,48,3,4,1,52,93,10,2,142,0,21,35,216,4,6,0,2,10,3,24,91,211,505,91,44,461,24,217,500,478,31922,2891,3607,780,551,795,1504,473,2652,82,3755,3628,72,94,272,104,38,21,319,166,246,426,741,507,133,49,851,1134,392,51,633,16,56,23,174,164,104,12792,22093,5906
0,0,0,0,1,0,1,11,40,4,3,3,3,0,3,6,6,0,7,5,8,7,1,3,4,0,1,0,0,0,1,0,5,1,1,9,1,0,4,0,0,1,5,1,3,0,0,0,0,1,1,7,40,3,1,11,33,469,259,1458,2891,2705,3215,385,50,56,102,284,507,183,817,4646,81,51,99,9,15,6,31,59,15,324,40,67,48,4,304,86,42,29,34,4,15,8,19,2,5,78,220,147
0,0,0,3,0,0,3,85,141,10,8,7,12,0,3,12,8,2,16,56,9,19,9,8,16,4,7,0,0,1,6,1,17,0,3,18,8,5,8,0,1,5,16,7,6,0,0,0,0,1,5,7,68,4,1,13,274,1206,407,2213,3607,3215,16623,9417,136,264,214,3441,852,629,7061,6614,209,412,1177,55,170,11,27,627,135,6166,105,247,170,21,640,144,495,114,71,7,61,6,348,8,13,75,448,855
0,0,0,0,0,0,0,40,61,5,6,6,5,0,2,13,6,3,7,5,19,8,0,7,3,2,0,0,1,2,0,2,2,0,2,4,15,1,7,0,1,3,10,2,3,0,2,0,0,1,7,10,51,4,0,16,2270,4414,587,2514,780,385,9417,12626,205,285,196,7341,800,735,4671,815,198,71,1046,30,29,3,27,768,51,3609,94,262,162,9,581,87,331,55,28,3,24,3,54,3,29,19,100,334
9,17,24,66,11,23,147,42,67,56,7,5,9,45,24,138,3,1,50,26,24,49,5,3,20,5,4,5,7,28,36,2,10,1,79,54,5,2,127,2,25,51,124,3,6,0,0,45,11,13,15718,22162,23762,1087,895,3572,254,817,150,270,551,50,136,205,96834,21317,1972,321,308,737,191,505,22,226,236,591,102,41,4856,175,418,670,22007,2085,1450,211,298,489,1626,846,222,14,307,48,107,467,16114,628,1352,1412
4,10,2,12,5,3,38,37,59,52,5,1,3,17,6,63,3,1,28,18,15,25,0,4,10,5,0,1,3,18,20,1,8,4,39,46,4,2,53,1,11,30,67,4,5,1,3,18,2,6,190,240,6370,52,39,357,237,636,136,274,795,56,264,285,21317,41289,2543,350,381,759,416,489,30,317,620,492,116,28,924,225,556,1313,7379,7491,1270,157,278,290,15822,550,196,7,202,30,181,144,561,526,5572,12954
29,34,27,130,27,32,237,21,46,206,15,7,11,112,30,376,6,10,119,14,53,202,3,5,10,8,5,4,35,115,129,0,7,2,224,173,18,1,514,4,81,173,468,8,1,0,3,88,14,61,254,581,5384,564,447,2997,110,404,1012,558,1504,102,214,196,1972,2543,26940,395,9319,378,497,471,245,248,2127,166,85,9,287,3572,97,383,812,8967,356,49,728,11754,1500,514,2894,33,289,11,52,1613,320,390,1475,647
1,0,0,1,0,0,5,26,43,13,12,19,8,5,2,17,16,17,25,4,25,13,3,11,5,0,0,0,0,1,8,1,1,0,9,25,15,3,8,0,0,8,32,2,3,0,2,1,0,5,11,18,113,3,3,26,445,4966,2376,1448,473,284,3441,7341,321,350,395,8823,2020,265,5547,357,107,40,2650,26,25,4,25,4057,62,1022,95,516,158,4,660,121,349,53,64,11,21,0,57,7,30,14,84,313
2,5,2,33,3,4,39,81,144,221,56,23,22,53,29,236,28,13,251,64,140,123,7,22,26,6,4,1,8,39,114,12,22,4,92,269,21,7,173,0,45,88,496,14,19,1,3,13,1,57,16,77,355,17,20,141,435,2201,6800,9983,2652,507,852,800,308,381,9319,2020,23892,1593,1657,985,5250,1132,2104,263,366,34,116,4821,191,960,348,925,838,57,3092,6017,476,1202,947,82,814,10,105,61,43,215,864,761
0,2,0,5,0,0,5,633,943,15,3,17,83,12,11,18,11,8,24,254,13,40,21,26,111,3,14,0,1,2,5,8,72,2,7,44,7,13,12,0,1,9,30,14,25,2,5,2,0,2,41,34,234,7,7,85,2205,3935,573,6161,82,183,629,735,737,759,378,265,1593,13123,87,492,315,1803,675,409,481,19,73,334,194,5939,335,560,5375,82,1391,111,470,4769,53,2,713,3,97,12,82,40,182,195
0,2,3,4,0,0,5,25,27,43,11,10,5,8,11,41,11,5,50,8,57,23,2,2,3,1,3,0,2,6,22,4,3,0,13,36,5,2,21,0,2,21,62,1,0,0,0,0,0,10,11,15,109,6,4,42,32,358,451,634,3755,817,7061,4671,191,416,497,5547,1657,87,14053,1048,81,83,5701,79,37,7,52,2761,196,874,180,424,148,34,846,493,1437,83,219,13,47,8,143,14,24,80,745,8236
2,2,2,5,2,0,16,107,192,28,7,40,25,27,14,28,9,2,30,246,21,51,90,10,281,137,107,7,4,15,17,132,121,40,16,43,8,144,57,26,11,16,78,164,342,10,68,9,0,9,80,384,312,83,37,377,57,471,303,1977,3628,4646,6614,815,505,489,471,357,985,492,1048,40892,244,2442,306,675,1210,675,2298,114,747,5511,1442,229,615,619,417,377,274,816,218,197,1687,4190,6803,70,134,3119,1999,682
0,0,0,0,0,0,0,38,64,8,10,8,7,3,1,6,3,9,3,23,14,6,5,8,40,8,6,0,0,0,2,9,7,0,2,8,15,3,5,2,0,0,10,8,22,1,6,0,0,5,4,7,27,2,5,16,77,440,112,8117,72,81,209,198,22,30,245,107,5250,315,81,244,7504,3255,38,173,850,29,7,27,136,385,30,25,180,30,4231,2547,23,157,778,141,546,5,88,24,5,14,27,29
0,0,0,3,2,0,4,317,505,5,6,62,70,47,23,13,0,6,19,714,2,72,94,14,852,48,125,1,0,26,7,42,236,15,3,36,7,112,7,20,2,16,21,94,400,12,41,0,1,14,19,28,104,7,15,63,47,197,59,5818,94,51,412,71,226,317,248,40,1132,1803,83,2442,3255,12788,174,1031,7826,70,61,49,951,3611,209,122,2377,173,663,748,206,1370,678,473,2840,28,831,114,49,31,255,237
0,12,3,14,0,1,16,37,54,153,23,4,7,24,22,173,5,6,134,28,65,90,6,4,11,3,2,0,12,22,82,3,11,0,50,166,18,2,112,0,32,89,293,2,8,1,1,6,0,45,7,11,114,6,6,28,343,1421,2009,342,272,99,1177,1046,236,620,2127,2650,2104,675,5701,306,38,174,13246,321,86,13,24,8098,308,1701,169,2531,1047,83,796,503,7387,534,345,11,134,0,135,35,21,37,309,4176
0,0,0,5,0,0,4,44,65,2,5,26,10,12,5,4,0,3,5,179,3,77,363,14,212,1240,504,32,1,5,3,941,217,386,7,18,1,746,18,274,4,5,10,1397,611,89,573,1,0,10,34,44,168,15,7,76,21,36,53,243,104,9,55,30,591,492,166,26,263,409,79,675,173,1031,321,29933,2820,771,153,58,12783,1422,493,173,4231,10031,76,142,313,4605,105,779,10314,208,974,45,129,59,285,270
3,1,0,5,0,0,1,67,157,3,4,34,22,19,8,10,2,6,8,196,1,26,121,11,311,130,166,23,1,12,7,155,138,76,6,16,2,191,3,106,2,5,12,290,370,5,117,0,0,2,11,5,45,4,32,24,20,27,27,1396,38,15,170,29,102,116,85,25,366,481,37,1210,850,7826,86,2820,12194,1070,32,28,2202,1047,86,52,1175,548,766,407,76,1303,975,6667,9204,61,1184,302,34,14,71,58
0,0,0,0,1,0,1,1,4,0,0,1,0,0,0,0,0,0,0,4,0,6,5,1,4,39,19,141,1,0,0,35,8,163,0,3,1,11,2,447,1,0,0,44,6,25,100,0,0,0,11,14,15,8,19,9,2,4,2,30,21,6,11,3,41,28,9,4,34,19,7,675,29,70,13,771,1070,42501,212,1,486,66,119,13,59,15628,224,51,19,37,325,13109,1479,16557,1685,247,21,73,55,21
1,2,1,9,3,4,22,4,18,14,1,0,1,7,3,22,1,1,10,4,6,14,0,0,0,4,1,0,2,11,7,3,3,1,19,12,3,4,39,0,2,10,30,8,3,1,1,8,1,3,658,927,502,163,86,318,21,63,13,56,319,31,27,27,4856,924,287,25,116,73,52,2298,7,61,24,153,32,212,123456,13,144,164,28093,190,241,124,75,124,191,68,80,12,101,343,149,68,13793,16413,2274,297
2,2,2,10,1,0,8,15,15,36,8,1,4,12,7,60,3,4,34,9,18,29,2,1,3,0,1,0,3,11,31,0,2,0,25,55,5,0,60,0,17,29,91,2,3,1,0,4,2,5,10,13,192,4,6,26,224,1215,4493,277,166,59,627,768,175,225,3572,4057,4821,334,2761,114,27,49,8098,58,28,1,13,3926,58,547,47,1188,277,20,308,158,831,174,97,2,32,0,40,31,8,13,65,439
0,0,0,2,0,0,0,25,38,4,0,16,7,7,0,4,1,1,5,94,0,50,217,9,149,730,285,33,0,6,3,557,117,263,5,6,3,472,7,196,4,6,7,798,416,45,368,1,0,3,21,41,105,11,15,51,20,52,29,249,246,15,135,51,418,556,97,62,191,194,196,747,136,951,308,12783,2202,486,144,58,12347,3781,633,154,2401,8465,74,111,394,575,88,552,4603,416,7754,38,95,71,574,592
2,0,0,2,0,0,3,359,462,9,11,28,53,15,14,12,6,4,33,321,16,58,67,18,227,50,90,2,0,9,15,48,133,17,9,19,8,86,13,5,5,10,30,83,247,1,40,2,0,5,18,32,140,8,7,48,1348,1736,423,3638,426,324,6166,3609,670,1313,383,1022,960,5939,874,5511,385,3611,1701,1422,1047,66,164,547,3781,21102,738,694,11010,415,959,196,1366,1659,113,51,1399,45,6391,14,83,94,829,1137
8,5,4,14,4,2,24,15,45,41,5,2,6,13,3,43,4,3,19,24,10,31,4,1,6,10,2,1,7,17,23,3,3,0,40,36,5,5,89,3,15,24,67,4,4,2,2,6,4,8,309,739,823,151,70,486,98,181,31,173,741,40,105,94,22007,7379,812,95,348,335,180,1442,30,209,169,493,86,119,28093,47,633,738,86541,817,858,198,226,313,1127,201,217,19,132,203,260,137,2750,5489,26676,2677
16,20,7,41,11,12,65,24,42,98,12,5,8,54,13,165,5,0,55,20,29,110,3,2,7,5,2,2,9,50,56,1,7,0,93,105,4,4,236,2,45,76,207,6,6,0,2,27,7,23,39,62,897,12,25,87,239,744,393,288,507,67,247,262,2085,7491,8967,516,925,560,424,229,25,122,2531,173,52,13,190,1188,154,694,817,17033,710,39,310,490,7327,498,623,5,157,7,52,505,146,150,789,1239
2,0,0,7,0,0,1,314,441,10,10,73,54,24,33,13,4,11,18,621,12,86,149,20,699,30,222,1,0,14,12,81,314,15,9,32,5,177,15,4,6,14,42,118,719,4,50,4,0,7,51,71,322,14,7,113,252,717,311,981,133,48,170,162,1450,1270,356,158,838,5375,148,615,180,2377,1047,4231,1175,59,241,277,2401,11010,858,710,13714,435,456,151,857,6467,79,25,2468,11,574,25,225,84,501,631
0,2,0,0,0,0,0,8,12,2,0,3,4,2,2,0,0,0,2,17,0,32,121,8,36,311,99,285,2,4,2,468,26,1019,2,2,1,73,10,1271,2,3,6,649,71,193,948,2,1,0,15,23,43,4,4,32,3,15,6,35,49,4,21,9,211,157,49,4,57,82,34,619,30,173,83,10031,548,15628,124,20,8465,415,198,39,435,33937,34,29,91,236,49,10006,7340,7405,2895,23,37,48,134,109
3,10,4,21,1,3,26,999,2344,90,81,198,144,25,26,112,129,56,155,116,386,136,55,222,108,4,23,3,3,21,56,17,94,5,71,415,265,7,173,0,12,32,173,28,19,8,22,10,4,17,34,68,184,13,54,121,365,1773,432,7408,851,304,640,581,298,278,728,660,3092,1391,846,417,4231,663,796,76,766,224,75,308,74,959,226,310,456,34,4700,3653,510,284,5426,419,223,3,48,1116,58,103,390,437
18,26,17,86,24,27,164,29,53,201,12,5,12,92,35,304,7,4,109,16,61,181,2,7,26,4,2,2,17,85,118,6,15,4,160,197,24,3,351,2,73,143,407,4,10,0,4,54,10,64,115,212,696,458,1152,2309,12,59,81,530,1134,86,144,87,489,290,11754,121,6017,111,493,377,2547,748,503,142,407,51,124,158,111,196,313,490,151,29,3653,13402,360,299,12020,169,426,10,75,3246,144,205,684,472
3,3,3,12,1,1,16,24,43,131,22,5,8,23,14,156,7,4,91,30,42,84,3,3,10,2,3,1,7,28,73,4,8,0,55,142,8,7,135,2,30,85,233,5,3,0,2,11,4,26,11,32,190,8,3,47,157,333,183,200,392,42,495,331,1626,15822,1500,349,476,470,1437,274,23,206,7387,313,76,19,191,831,394,1366,1127,7327,857,91,510,360,16871,286,324,10,104,3,154,55,95,133,1881,10876
3,5,0,8,0,1,4,264,397,9,12,129,57,61,49,18,8,10,37,982,12,130,265,27,1303,97,315,1,2,25,22,184,507,23,7,45,9,367,15,11,4,24,58,268,1236,18,94,1,2,13,58,92,543,21,22,236,61,373,234,1000,51,29,114,55,846,550,514,53,1202,4769,83,816,157,1370,534,4605,1303,37,68,174,575,1659,201,498,6467,236,284,299,286,17064,132,43,11961,5,323,44,125,41,124,91
9,10,3,19,12,7,53,7,13,128,12,4,0,60,17,145,5,4,43,13,21,125,3,7,27,5,3,2,18,56,47,9,5,2,117,101,16,4,272,3,47,100,186,7,3,0,6,27,5,29,34,62,174,31,109,137,8,33,25,126,633,34,71,28,222,196,2894,64,947,53,219,218,778,678,345,105,975,325,80,97,88,113,217,623,79,49,5426,12020,324,132,17716,813,384,10,36,7641,98,138,450,246
0,1,0,0,0,0,0,2,4,1,0,3,0,6,1,2,1,0,0,6,0,26,60,2,18,208,83,576,3,1,1,299,10,739,1,2,5,30,10,1844,0,5,2,429,20,116,629,2,0,1,7,7,13,6,48,7,0,9,15,97,16,4,7,3,14,7,33,11,82,2,13,197,141,473,11,779,6667,13109,12,2,552,51,19,5,25,10006,419,169,10,43,813,30952,11728,730,661,413,19,5,14,10
0,2,1,4,1,1,5,68,186,9,5,72,29,22,16,11,0,4,8,461,1,129,474,32,689,1411,635,112,4,26,10,1163,371,665,7,31,5,652,18,657,3,12,24,1815,887,132,910,3,4,7,32,38,224,19,31,89,22,68,54,834,56,15,61,24,307,202,289,21,814,713,47,1687,546,2840,134,10314,9204,1479,101,32,4603,1399,132,157,2468,7340,223,426,104,11961,384,11728,36436,358,2020,170,47,34,72,79
0,0,0,0,0,0,3,0,3,0,0,0,0,0,0,1,0,0,1,1,1,4,4,0,2,26,5,15,0,2,0,39,2,58,0,2,0,5,2,65,0,0,0,45,4,11,60,0,0,0,8,43,15,6,3,15,0,5,1,12,23,8,6,3,48,30,11,0,10,3,8,4190,5,28,0,208,61,16557,343,0,416,45,203,7,11,7405,3,10,3,5,10,730,358,15151,7866,4,7,187,95,6
0,0,1,0,0,1,1,24,23,4,2,18,6,5,4,6,1,0,4,67,2,27,127,14,112,414,181,21,0,5,3,372,84,236,0,8,1,279,5,190,0,7,5,540,294,60,289,1,0,3,7,31,41,3,4,23,13,41,21,190,174,19,348,54,107,181,52,57,105,97,143,6803,88,831,135,974,1184,1685,149,40,7754,6391,260,52,574,2895,48,75,154,323,36,661,2020,7866,18333,15,23,60,270,278
27,53,49,153,34,58,432,5,6,51,3,1,1,81,27,182,1,2,5,7,9,77,1,6,3,2,4,2,12,35,33,1,3,1,174,37,11,0,249,7,35,57,113,4,2,0,2,154,25,20,377,432,441,1191,5449,2351,3,5,4,15,164,2,8,3,467,144,1613,7,61,12,14,70,24,114,35,45,302,247,68,31,38,14,137,505,25,23,1116,3246,55,44,7641,413,170,4,15,9358,413,61,219,54
8,14,19,44,3,17,72,9,12,15,3,0,0,35,6,59,2,1,10,3,5,18,2,1,4,1,1,1,3,10,8,1,0,0,46,14,2,1,61,0,10,16,45,1,0,0,0,33,7,8,9930,2860,1412,815,5739,631,35,99,17,54,104,5,13,29,16114,561,320,30,43,82,24,134,5,49,21,129,34,21,13793,8,95,83,2750,146,225,37,58,144,95,125,98,19,47,7,23,413,45741,299,1486,87
2,1,0,8,2,4,12,2,6,20,1,1,0,5,3,27,2,1,8,5,6,13,1,0,2,2,2,0,4,11,7,2,0,0,12,13,0,0,30,2,7,13,41,1,1,0,1,8,1,7,156,438,351,97,37,398,7,40,29,36,12792,78,75,19,628,526,390,14,215,40,80,3119,14,31,37,59,14,73,16413,13,71,94,5489,150,84,48,103,205,133,41,138,5,34,187,60,61,299,28670,4421,337
3,6,4,9,0,3,18,11,22,61,12,2,6,28,7,86,3,4,30,21,23,54,2,6,6,2,4,2,5,26,33,3,5,2,43,63,5,4,130,1,26,42,115,1,6,0,2,14,2,19,136,332,604,106,54,617,32,91,114,146,22093,220,448,100,1352,5572,1475,84,864,182,745,1999,27,255,309,285,71,55,2274,65,574,829,26676,789,501,134,390,684,1881,124,450,14,72,95,270,219,1486,4421,32547,11807
1,1,0,7,0,0,7,21,27,49,4,8,6,9,4,59,2,3,44,21,22,35,1,2,9,4,4,0,0,14,29,1,8,1,25,43,5,0,38,0,12,16,87,3,6,0,0,6,1,15,21,57,180,17,7,71,49,93,79,226,5906,147,855,334,1412,12954,647,313,761,195,8236,682,29,237,4176,270,58,21,297,439,592,1137,2677,1239,631,109,437,472,10876,91,246,10,79,6,278,54,87,337,11807,20425
