15695,10550,8482,1303,12628,4104,1173,6,21,107,7,1,11,10251,646,169,3,5,10,27,3,390,3,4,21,23,6,6,276,453,25,11,11,17,57,12,14,26,60,9,241,239,87,23,11,10,12,114,1250,6,3,10,11,8,23,24,0,0,0,1,3,0,0,0,5,3,11,0,3,0,1,5,0,0,0,2,0,0,2,0,0,1,0,5,0,0,0,3,0,0,6,1,0,0,0,34,3,3,2,2
10550,42542,16523,21526,1376,2478,3762,18,28,383,12,4,15,10597,7299,621,5,10,18,34,14,973,3,9,45,16,7,12,242,1084,55,11,27,14,77,20,26,22,93,5,390,716,217,24,25,10,17,233,308,58,11,9,9,19,33,37,0,0,0,1,5,1,0,0,8,1,23,0,6,1,0,3,0,0,0,1,1,0,4,1,0,0,7,1,0,0,1,19,5,0,5,0,0,0,0,50,4,0,7,1
8482,16523,18791,5454,5390,6333,10409,3,4,177,6,1,6,1263,219,108,3,1,4,13,6,593,1,2,7,8,4,4,143,382,15,9,10,7,32,11,8,10,38,0,193,324,32,7,1,11,5,302,172,11,41,160,14,1801,70,826,0,1,0,0,6,0,1,0,28,6,20,0,1,1,1,8,0,0,0,3,0,2,10,1,2,0,10,6,0,0,2,19,0,0,6,0,0,0,0,64,10,3,12,2
1303,21526,5454,41457,398,922,16111,34,147,817,36,12,26,7066,14496,7004,24,30,81,102,50,571,9,49,134,68,32,8,166,850,352,35,40,28,309,125,54,83,223,13,226,848,1662,113,29,3,22,490,177,120,24,22,15,30,61,61,1,0,1,3,10,1,1,1,13,13,47,0,8,1,2,6,1,3,3,0,0,1,0,1,1,1,6,14,3,0,2,26,2,0,17,0,0,0,0,87,10,3,12,2
12628,1376,5390,398,15492,26458,524,16,12,50,4,4,8,4167,402,126,1,5,11,32,5,113,1,4,17,18,6,8,97,190,31,20,8,24,53,12,12,18,82,3,65,85,64,30,12,10,9,483,3501,9,8,8,8,7,10,23,0,0,0,0,4,0,0,0,10,3,22,0,0,0,1,2,0,1,0,0,0,0,2,0,0,0,2,3,0,0,1,11,0,1,10,0,0,0,0,40,3,0,4,1
4104,2478,6333,922,26458,33812,15530,1,2,65,3,2,3,1174,938,106,0,0,0,4,2,142,1,7,5,0,38,3,31,134,12,3,3,4,226,7,30,3,321,1,51,103,22,5,1,2,4,5094,2642,3,66,42,15,984,246,434,0,0,0,0,4,0,0,0,22,3,25,0,2,0,0,5,3,1,1,1,0,1,9,0,0,0,9,10,1,0,1,21,0,0,6,2,0,0,0,108,14,6,10,0
1173,3762,10409,16111,524,15530,27915,20,104,553,48,4,15,1741,527,3871,17,13,60,55,64,379,8,92,71,31,20,3,65,343,117,18,21,23,1479,174,60,50,681,9,134,489,167,61,18,5,14,2956,127,64,56,68,36,76,154,194,0,0,1,2,10,0,1,0,33,24,88,1,7,1,1,10,1,2,1,0,0,0,14,2,1,2,11,23,0,0,4,50,6,2,30,2,2,0,0,250,27,7,20,5
6,18,3,34,16,1,20,22304,9301,126,277,321,3696,732,861,303,2027,16735,2002,7422,244,516,80,566,328,14,24,1,53,743,2773,59,1052,14,17,109,719,51,39,3,60,332,584,35,86,10,54,4,32,598,1,0,3,0,0,2,13,12,2,144,3,0,6,5,5,6,7,0,7,98,2,10,5,51,3,0,3,0,0,0,0,17,2,1,29,0,5,4,6,6,1,0,1,0,1,2,0,3,4,1
21,28,4,147,12,2,104,9301,56526,243,535,1456,3627,351,642,752,982,1489,5091,8435,604,801,726,13193,6222,177,1243,17,25,195,1055,608,3905,104,246,2463,4488,287,549,24,35,160,761,567,456,71,500,28,10,209,2,5,16,0,1,6,63,52,19,981,31,10,62,27,37,34,26,2,57,497,28,103,38,424,20,25,29,2,9,5,8,152,20,15,144,8,15,20,26,123,3,2,33,0,10,8,2,5,25,21
107,383,177,817,50,65,553,126,243,27645,1223,2503,888,557,831,716,1077,107,256,158,4740,3426,239,78,205,60,63,9,50,204,544,320,1184,50,474,467,414,50,1147,8,16178,35616,2646,85,109,25,265,352,23,12075,22,65,80,26,55,104,2,8,6,6,138,9,10,6,83,34,272,3,132,11,31,49,2,10,54,9,2,3,32,8,2,7,66,93,15,2,24,168,79,11,124,2,3,2,3,200,27,41,110,75
7,12,6,36,4,3,48,277,535,1223,2162,5770,1480,58,65,186,633,64,481,100,2459,4029,1495,113,154,18,95,12,7,37,142,189,1420,8,99,332,272,13,275,9,15,198,200,81,15,80,313,35,0,225,6,8,20,4,5,12,0,5,3,7,44,10,6,2,20,12,29,0,43,4,28,16,1,5,24,1,1,0,5,0,3,2,10,18,1,2,10,33,20,3,9,0,6,0,1,20,3,10,19,27
1,4,1,12,4,2,4,321,1456,2503,5770,13783,11861,46,39,39,3875,232,185,185,5703,2261,3424,215,629,29,136,14,5,77,121,438,11827,16,16,105,357,26,75,10,27,463,249,88,19,103,990,8,1,555,0,0,5,0,1,2,1,0,3,10,10,2,8,1,1,2,2,0,6,15,7,9,0,36,5,5,7,0,1,0,2,8,0,1,12,2,0,3,3,19,2,3,8,0,3,2,0,1,3,2
11,15,6,26,8,3,15,3696,3627,888,1480,11861,14319,600,207,81,8878,4004,262,2987,1760,674,413,291,272,19,37,7,74,1174,559,94,10459,7,19,106,357,26,53,2,137,1122,723,41,62,24,104,5,42,1536,1,2,3,0,0,2,6,1,1,31,11,0,4,2,2,1,1,1,6,10,6,5,2,9,3,2,1,0,0,2,1,6,0,1,8,0,0,2,1,6,1,0,2,0,2,2,0,1,3,2
10251,10597,1263,7066,4167,1174,1741,732,351,557,58,46,600,76436,26070,1589,87,150,210,1579,86,1011,34,49,416,369,71,85,5761,46428,529,347,506,309,286,139,114,392,428,65,1679,2767,2327,309,753,83,153,330,12779,3353,20,24,23,21,53,83,0,1,3,2,35,4,0,0,28,20,79,0,20,8,9,16,1,15,9,8,1,1,6,1,1,4,13,35,9,0,6,58,14,20,41,3,6,0,2,129,11,13,28,12
646,7299,219,14496,402,938,527,861,642,831,65,39,207,26070,40897,1973,107,231,647,1094,144,478,23,48,315,159,38,24,304,3057,2331,132,215,137,174,312,103,300,202,21,361,1759,15081,257,243,13,74,136,257,14237,9,8,15,9,13,16,0,1,2,4,23,1,1,0,7,14,27,0,24,6,8,5,0,7,9,1,2,0,2,1,1,4,4,11,7,1,3,17,9,7,7,0,3,0,2,28,2,3,17,8
169,621,108,7004,126,106,3871,303,752,716,186,39,81,1589,1973,20034,103,168,14465,251,269,271,25,221,310,100,52,3,64,364,7029,56,95,51,4963,8629,179,143,1395,18,102,581,5953,182,42,5,45,686,75,167,37,46,45,35,69,118,0,2,0,4,88,5,2,0,54,24,149,0,52,9,19,35,0,4,16,5,2,2,26,3,0,8,40,51,5,2,6,117,42,5,84,4,2,0,1,191,22,25,57,32
3,5,3,24,1,0,17,2027,982,1077,633,3875,8878,87,107,103,6359,1695,535,205,22706,126,85,170,61,12,25,3,4,107,1727,46,1963,8,43,236,335,6,170,3,21,329,1207,16,22,2,31,8,4,834,1,5,10,0,2,8,1,7,5,4,37,10,5,2,14,5,18,1,38,3,15,12,1,2,19,1,0,0,1,3,0,5,9,8,1,0,4,6,14,0,5,0,4,0,0,7,3,5,18,14
5,10,1,30,5,0,13,16735,1489,107,64,232,4004,150,231,168,1695,2658,1432,1325,827,53,17,151,69,19,27,1,12,195,937,53,890,14,41,178,241,30,96,2,16,137,660,9,134,1,16,11,6,382,0,1,4,0,1,4,0,3,6,6,18,1,3,0,4,2,9,2,20,4,6,6,3,3,11,0,0,0,1,1,1,3,2,6,3,0,1,7,10,4,2,0,1,0,1,2,0,2,7,10
10,18,4,81,11,0,60,2002,5091,256,481,185,262,210,647,14465,535,1432,14329,914,719,151,42,508,464,64,47,4,6,121,7045,67,246,38,269,6066,383,165,181,10,25,152,1064,184,59,4,40,6,8,167,10,9,52,5,3,18,1,5,4,11,114,14,13,3,34,34,100,3,147,10,51,40,2,9,44,4,1,0,10,7,1,3,30,48,6,1,20,63,60,7,21,1,2,1,2,10,10,21,71,70
27,34,13,102,32,4,55,7422,8435,158,100,185,2987,1579,1094,251,205,1325,914,21427,127,258,315,184,7430,474,267,13,122,1882,1580,718,6712,268,18,147,504,3486,31,35,148,835,929,1629,6547,23,284,6,51,1198,2,3,11,1,0,5,29,22,4,456,5,5,72,8,36,29,15,1,35,487,4,119,10,797,8,68,41,2,1,3,14,191,13,8,378,4,7,14,20,345,9,3,90,4,16,5,0,1,16,11
3,14,6,50,5,2,64,244,604,4740,2459,5703,1760,86,144,269,22706,827,719,127,16998,479,179,270,131,22,65,2,12,183,8044,161,1429,25,190,570,978,16,925,4,63,1759,6926,39,65,7,115,54,6,7858,5,15,47,4,8,22,0,12,13,7,154,14,14,5,34,37,80,3,107,6,55,45,3,3,49,4,1,0,13,7,1,13,35,40,7,0,28,52,57,1,30,1,1,2,1,39,14,29,69,61
390,973,593,571,113,142,379,516,801,3426,4029,2261,674,1011,478,271,126,53,151,258,479,25442,4730,70,506,59,278,633,1511,969,171,282,828,160,114,104,138,44,251,60,36129,3299,377,229,111,1585,427,117,27,191,10,10,19,14,17,43,1,1,2,14,36,1,0,1,30,17,71,0,30,12,5,21,1,17,7,9,5,1,8,1,5,13,20,28,13,7,5,57,15,16,37,1,5,0,8,64,6,10,30,23
3,3,1,9,1,1,8,80,726,239,1495,3424,413,34,23,25,85,17,42,315,179,4730,7911,130,1596,320,1839,115,10,36,18,2821,3195,235,6,33,53,145,30,194,6,106,23,1482,130,1779,7690,4,2,43,0,0,1,1,2,1,3,0,0,17,2,1,3,1,1,2,1,0,2,31,0,44,3,63,1,100,18,2,0,0,39,36,0,1,91,22,0,1,1,83,0,4,87,1,48,2,0,0,1,1
4,9,2,49,4,7,92,566,13193,78,113,215,291,49,48,221,170,151,508,184,270,70,130,8030,531,104,1434,9,4,22,90,226,237,73,435,3646,7647,89,6223,36,10,43,85,297,155,5,140,118,7,31,2,5,4,2,3,5,6,7,4,38,10,1,2,5,4,3,14,2,9,22,4,12,2,10,3,9,3,0,2,2,2,5,3,5,18,2,2,10,6,9,3,0,8,0,1,12,2,3,10,4
21,45,7,134,17,5,71,328,6222,205,154,629,272,416,315,310,61,69,464,7430,131,506,1596,531,11364,562,6523,31,53,507,244,2396,4605,277,117,410,266,2226,151,98,74,393,367,4902,1333,131,1854,26,17,254,4,3,11,0,2,2,5,10,1,195,5,3,32,3,17,11,10,1,36,227,4,141,19,748,6,128,80,5,4,0,54,184,8,6,444,13,4,18,12,492,10,4,142,2,53,8,3,1,7,9
23,16,8,68,18,0,31,14,177,60,18,29,19,369,159,100,12,19,64,474,22,59,320,104,562,14780,2694,132,28,272,158,19148,699,7869,17,40,20,8841,44,525,31,168,167,9984,4715,180,2475,9,13,95,0,0,2,0,0,0,0,1,0,6,0,0,3,0,3,1,2,0,4,3,2,120,2,37,1,776,67,12,2,0,324,45,3,1,52,121,2,8,3,81,3,114,772,15,301,1,1,0,1,4
6,7,4,32,6,38,20,24,1243,63,95,136,37,71,38,52,25,27,47,267,65,278,1839,1434,6523,2694,15720,674,8,66,44,6163,783,1027,57,134,1116,2212,1597,6606,16,90,60,8938,2444,324,3691,410,23,49,18,24,19,22,31,56,0,0,3,24,7,3,7,0,19,5,33,0,10,22,2,105,5,157,3,676,247,54,4,1,265,108,9,11,205,66,3,29,10,296,24,130,757,15,246,105,11,3,13,8
6,12,4,8,8,3,3,1,17,9,12,14,7,85,24,3,3,1,4,13,2,633,115,9,31,132,674,72002,414,118,9,153,28,14771,1,3,59,29,25,16513,236,22,12,277,28,15663,12388,8,2,8,0,0,0,1,1,1,0,0,0,0,1,0,0,0,1,0,3,0,2,0,1,4,2,5,0,20,16,318,0,1,19,2,0,0,0,172,5,2,0,3,5,443,175,14,32,2,3,0,1,0
276,242,143,166,97,31,65,53,25,50,7,5,74,5761,304,64,4,12,6,122,12,1511,10,4,53,28,8,414,68529,12208,33,52,87,50,15,7,8,26,28,36,24464,242,85,18,64,632,47,12,7706,29,4,1,0,3,3,9,0,0,0,0,2,0,0,0,6,1,8,0,0,1,0,0,0,1,1,0,0,0,1,0,0,2,3,4,0,0,1,8,3,1,6,1,2,0,0,13,1,1,5,5
453,1084,382,850,190,134,343,743,195,204,37,77,1174,46428,3057,364,107,195,121,1882,183,969,36,22,507,272,66,118,12208,86025,514,637,1212,268,115,63,100,244,259,47,15829,18480,1983,207,981,122,268,89,1157,4072,5,8,16,9,19,41,0,1,1,2,35,1,2,0,17,8,68,1,21,11,8,22,1,27,3,4,4,1,10,5,5,8,15,22,15,2,8,34,13,16,28,2,8,1,2,66,6,8,26,9
25,55,15,352,31,12,117,2773,1055,544,142,121,559,529,2331,7029,1727,937,7045,1580,8044,171,18,90,244,158,44,9,33,514,13126,141,407,156,636,1946,361,301,766,30,77,647,23585,207,324,1,46,215,32,1339,30,50,62,25,40,77,2,5,6,12,147,10,5,2,72,42,229,1,146,8,41,53,2,17,45,8,2,2,20,4,4,11,67,92,11,1,19,196,87,6,106,4,3,3,4,154,27,44,132,70
11,11,9,35,20,3,18,59,608,320,189,438,94,347,132,56,46,53,67,718,161,282,2821,226,2396,19148,6163,153,52,637,141,30075,7409,11433,22,70,81,1349,91,1208,82,607,160,7001,9362,757,18416,5,34,353,0,1,4,0,0,0,0,0,0,14,0,0,4,0,3,2,2,0,6,13,1,100,4,66,2,598,75,12,1,0,249,69,1,2,156,154,3,6,2,205,2,55,559,13,237,0,0,1,2,2
11,27,10,40,8,3,21,1052,3905,1184,1420,11827,10459,506,215,95,1963,890,246,6712,1429,828,3195,237,4605,699,783,28,87,1212,407,7409,9091,341,28,122,322,595,67,49,163,1643,831,728,8491,99,4628,18,30,1604,0,0,6,0,1,2,5,7,1,104,13,0,17,5,9,6,8,0,16,82,5,44,2,227,4,40,11,2,1,2,18,67,4,5,131,10,3,10,7,129,2,3,52,0,18,3,3,1,4,5
17,14,7,28,24,4,23,14,104,50,8,16,7,309,137,51,8,14,38,268,25,160,235,73,277,7869,1027,14771,50,268,156,11433,341,44463,11,23,40,1031,37,15941,58,117,114,7106,892,2377,25349,2,26,63,0,0,2,0,0,0,0,1,0,5,1,0,0,0,1,0,0,0,3,3,2,59,7,28,0,350,71,142,3,0,237,13,2,0,22,935,3,4,0,18,5,856,945,71,338,1,0,1,1,1
57,77,32,309,53,226,1479,17,246,474,99,16,19,286,174,4963,43,41,269,18,190,114,6,435,117,17,57,1,15,115,636,22,28,11,5233,3667,163,32,8624,1,64,348,494,69,12,2,13,2463,42,76,42,41,59,56,108,137,4,2,2,7,54,6,2,1,64,21,131,0,34,3,7,25,3,2,5,0,1,2,19,2,1,2,29,44,2,0,7,105,22,1,76,0,2,1,1,224,26,12,53,15
12,20,11,125,12,7,174,109,2463,467,332,105,106,139,312,8629,236,178,6066,147,570,104,33,3646,410,40,134,3,7,63,1946,70,122,23,3667,8319,486,57,3103,5,23,253,1099,155,33,4,39,68,6,126,12,12,30,11,9,29,0,2,3,4,111,10,3,1,26,23,172,1,96,11,21,31,3,8,31,4,3,0,21,4,2,3,44,66,5,0,19,112,67,4,66,1,3,2,2,77,11,28,84,42
14,26,8,54,12,30,60,719,4488,414,272,357,357,114,103,179,335,241,383,504,978,138,53,7647,266,20,1116,59,8,100,361,81,322,40,163,486,3016,31,6605,79,21,190,493,63,74,9,41,878,9,148,11,29,42,11,26,49,48,51,32,313,131,17,15,14,40,35,112,2,134,73,67,43,27,19,55,3,4,7,9,7,3,32,39,37,5,1,20,80,39,12,62,12,5,0,2,103,13,19,62,57
26,22,10,83,18,3,50,51,287,50,13,26,26,392,300,143,6,30,165,3486,16,44,145,89,2226,8841,2212,29,26,244,301,1349,595,1031,32,57,31,15125,42,132,27,129,253,15880,9079,33,521,7,18,112,0,0,2,0,1,0,1,2,0,28,1,0,6,2,2,2,2,0,12,30,5,173,12,212,3,609,174,3,2,1,216,200,5,2,428,33,1,10,9,458,5,21,398,6,248,4,2,0,1,3
60,93,38,223,82,321,681,39,549,1147,275,75,53,428,202,1395,170,96,181,31,925,251,30,6223,151,44,1597,25,28,259,766,91,67,37,8624,3103,6605,42,34699,55,92,727,1095,118,36,1,45,11638,69,246,75,96,126,71,161,259,3,3,2,12,215,12,5,1,135,94,549,1,104,11,29,85,6,7,21,10,10,10,63,8,3,11,120,176,7,2,59,412,99,14,289,13,12,1,4,603,57,61,179,105
9,5,0,13,3,1,9,3,24,8,9,10,2,65,21,18,3,2,10,35,4,60,194,36,98,525,6606,16513,36,47,30,1208,49,15941,1,5,79,132,55,26410,34,14,21,8798,103,1319,5938,21,1,13,1,5,1,1,4,2,0,1,0,10,1,0,2,1,2,2,7,0,11,2,0,71,10,61,0,437,179,1025,9,0,335,23,4,1,7,1586,30,21,3,23,27,3043,2065,149,467,13,3,1,2,1
241,390,193,226,65,51,134,60,35,16178,15,27,137,1679,361,102,21,16,25,148,63,36129,6,10,74,31,16,236,24464,15829,77,82,163,58,64,23,21,27,92,34,58439,8831,244,32,91,282,62,33,30,181,3,7,10,5,9,17,0,1,0,1,15,0,1,0,5,8,31,1,9,4,5,6,0,0,2,0,0,0,2,0,2,2,10,6,2,1,2,15,11,3,15,1,2,0,0,17,1,2,18,10
239,716,324,848,85,103,489,332,160,35616,198,463,1122,2767,1759,581,329,137,152,835,1759,3299,106,43,393,168,90,22,242,18480,647,607,1643,117,348,253,190,129,727,14,8831,30502,3258,177,536,23,279,220,28,9722,19,36,42,18,38,65,2,3,5,10,74,3,3,3,46,19,160,0,54,6,16,30,1,21,18,4,5,2,15,2,1,3,32,48,16,3,10,121,38,12,54,3,9,0,1,153,22,14,61,39
87,217,32,1662,64,22,167,584,761,2646,200,249,723,2327,15081,5953,1207,660,1064,929,6926,377,23,85,367,167,60,12,85,1983,23585,160,831,114,494,1099,493,253,1095,21,244,3258,73502,249,196,11,76,186,69,14131,16,20,42,18,27,51,0,3,3,8,126,7,5,6,43,30,179,1,117,7,38,59,2,11,36,5,4,6,20,1,4,8,53,79,8,0,26,158,59,8,71,2,3,0,0,111,21,40,117,43
23,24,7,113,30,5,61,35,567,85,81,88,41,309,257,182,16,9,184,1629,39,229,1482,297,4902,9984,8938,277,18,207,207,7001,728,7106,69,155,63,15880,118,8798,32,177,249,39223,1671,454,3889,23,25,81,1,0,1,1,0,1,0,0,1,17,4,1,7,2,1,2,2,0,2,25,0,91,6,62,0,584,103,21,0,0,219,77,2,0,127,108,1,4,3,191,3,90,605,11,236,6,2,0,1,1
11,25,1,29,12,1,18,86,456,109,15,19,62,753,243,42,22,134,59,6547,65,111,130,155,1333,4715,2444,28,64,981,324,9362,8491,892,12,33,74,9079,36,103,91,536,196,1671,12028,24,747,4,47,489,0,0,0,0,1,2,2,1,0,11,1,1,7,0,0,7,1,0,6,22,1,99,1,137,0,205,47,3,1,1,94,144,1,2,323,10,1,6,3,349,0,6,178,0,84,2,0,1,2,0
10,10,11,3,10,2,5,10,71,25,80,103,24,83,13,5,2,1,4,23,7,1585,1779,5,131,180,324,15663,632,122,1,757,99,2377,2,4,9,33,1,1319,282,23,11,454,24,7355,10814,0,1,3,0,0,0,0,1,0,0,0,0,0,1,0,0,0,1,2,2,0,0,2,0,15,3,7,0,59,8,20,1,0,46,2,0,1,11,159,1,1,0,9,2,88,144,4,38,1,0,0,0,0
12,17,5,22,9,4,14,54,500,265,313,990,104,153,74,45,31,16,40,284,115,427,7690,140,1854,2475,3691,12388,47,268,46,18416,4628,25349,13,39,41,521,45,5938,62,279,76,3889,747,10814,50283,7,15,96,1,0,3,0,1,0,1,0,0,18,3,1,5,1,4,1,2,1,1,8,1,105,0,84,0,528,76,94,7,1,370,71,6,1,141,821,3,9,2,146,3,576,970,55,356,2,0,0,3,1
114,233,302,490,483,5094,2956,4,28,352,35,8,5,330,136,686,8,11,6,6,54,117,4,118,26,9,410,8,12,89,215,5,18,2,2463,68,878,7,11638,21,33,220,186,23,4,0,7,10934,591,25,115,170,84,209,420,441,0,2,1,5,23,0,0,0,94,36,178,0,6,2,4,22,1,1,4,3,3,6,26,2,1,6,37,48,4,1,15,109,15,0,74,1,4,0,0,784,59,16,29,13
1250,308,172,177,3501,2642,127,32,10,23,0,1,42,12779,257,75,4,6,8,51,6,27,2,7,17,13,23,2,7706,1157,32,34,30,26,42,6,9,18,69,1,30,28,69,25,47,1,15,591,5976,5,4,4,3,3,13,7,0,1,0,0,3,1,0,0,6,5,10,0,0,0,1,3,0,0,2,1,0,1,1,0,1,0,0,1,0,0,1,8,1,1,9,1,0,0,0,18,1,0,2,3
6,58,11,120,9,3,64,598,209,12075,225,555,1536,3353,14237,167,834,382,167,1198,7858,191,43,31,254,95,49,8,29,4072,1339,353,1604,63,76,126,148,112,246,13,181,9722,14131,81,489,3,96,25,5,20688,1,2,8,4,6,9,1,1,2,3,23,1,3,1,13,12,42,0,25,8,12,14,0,14,10,2,1,0,5,1,2,1,14,12,7,1,4,34,10,7,16,1,3,0,0,19,2,6,12,13
3,11,41,24,8,66,56,1,2,22,6,0,1,20,9,37,1,0,10,2,5,10,0,2,4,0,18,0,4,5,30,0,0,0,42,12,11,0,75,1,3,19,16,1,0,0,1,115,4,1,21908,13185,1338,10559,11306,1609,7,17,9,12,97,2,3,3,9513,163,199,2,26,26,19,345,1,5,11,25,6,32,1869,7,15,15,613,26,72,18,38,86,20,43,85,8,24,68,8,442,8020,255,255,30
10,9,160,22,8,42,68,0,5,65,8,0,2,24,8,46,5,1,9,3,15,10,0,5,3,0,24,0,1,8,50,1,0,0,41,12,29,0,96,5,7,36,20,0,0,0,0,170,4,2,13185,84350,14833,8268,2713,10314,19,42,24,19,220,19,15,8,22060,435,527,3,74,92,58,1142,6,27,20,55,11,70,2295,15,53,64,1713,40,123,26,84,213,47,149,107,10,42,81,32,406,2987,727,917,86
11,9,14,15,8,15,36,3,16,80,20,5,3,23,15,45,10,4,52,11,47,19,1,4,11,2,19,0,0,16,62,4,6,2,59,30,42,2,126,1,10,42,42,1,0,0,3,84,3,8,1338,14833,33448,832,556,7454,131,356,134,210,431,94,65,54,20672,11743,5510,46,634,532,334,479,28,118,208,125,46,32,778,126,80,189,1198,654,493,16,267,574,240,528,268,9,139,24,35,543,943,300,912,299
8,19,1801,30,7,984,76,0,0,26,4,0,0,21,9,35,0,0,5,1,4,14,1,2,0,0,22,1,3,9,25,0,0,0,56,11,11,0,71,1,5,18,18,1,0,0,0,209,3,4,10559,8268,832,30598,14349,16344,1,2,4,2,68,3,2,0,779,38,214,0,14,16,12,324,0,8,2,11,6,20,664,2,4,9,446,12,6,10,13,126,1,18,41,4,6,26,7,723,971,175,191,13
23,33,70,61,10,246,154,0,1,55,5,1,0,53,13,69,2,1,3,0,8,17,2,3,2,0,31,1,3,19,40,0,1,0,108,9,26,1,161,4,9,38,27,0,1,1,1,420,13,6,11306,2713,556,14349,22378,4574,1,3,1,8,66,3,4,1,2308,122,634,0,28,9,8,174,9,16,5,12,36,34,374,3,6,6,260,47,17,5,84,795,10,26,364,41,35,25,4,7025,6174,126,148,17
24,37,826,61,23,434,194,2,6,104,12,2,2,83,16,118,8,4,18,5,22,43,1,5,2,0,56,1,9,41,77,0,2,0,137,29,49,0,259,2,17,65,51,1,2,0,0,441,7,9,1609,10314,7454,16344,4574,30469,14,40,16,37,374,22,20,11,2814,469,3989,4,112,84,69,582,14,30,31,37,19,17,509,14,36,54,667,47,123,13,134,3101,40,140,292,9,43,17,14,1785,526,429,910,127
0,0,0,1,0,0,0,13,63,2,0,1,6,0,0,0,1,0,1,29,0,1,3,6,5,0,0,0,0,0,2,0,5,0,4,0,48,1,3,0,0,2,0,0,2,0,1,0,0,1,7,19,131,1,1,14,3603,1771,133,903,13,37,189,2719,412,563,263,426,237,1866,29,247,116,38,384,71,19,6,48,361,17,1650,161,307,321,15,189,27,488,105,6,4,39,3,10,4,33,11,62,94
0,0,1,0,0,0,0,12,52,8,5,0,1,1,1,2,7,3,5,22,12,1,0,7,10,1,0,0,0,1,5,0,7,1,2,2,51,2,3,1,1,3,3,0,1,0,0,2,1,1,17,42,356,2,3,40,1771,15604,4012,4880,131,705,582,1977,489,459,507,2654,796,2800,664,1597,357,70,1456,25,34,3,70,2066,22,633,125,381,279,7,1013,68,300,199,18,8,40,2,25,4,48,19,55,58
0,0,0,1,0,0,1,2,19,6,3,3,1,3,2,0,5,6,4,4,13,2,0,4,1,0,3,0,0,1,6,0,1,0,2,3,32,0,2,0,0,5,3,1,0,0,0,1,0,2,9,24,134,4,1,16,133,4012,5384,3508,185,352,230,283,145,107,462,935,1590,828,932,312,178,76,1135,15,27,4,11,1879,26,208,36,133,149,5,564,77,90,134,29,10,45,0,17,6,10,13,21,59
1,1,0,3,0,0,2,144,981,6,7,10,31,2,4,4,4,6,11,456,7,14,17,38,195,6,24,0,0,2,12,14,104,5,7,4,313,28,12,10,1,10,8,17,11,0,18,5,0,3,12,19,210,2,8,37,903,4880,3508,43265,224,824,1016,1452,131,137,660,974,9007,3729,901,2588,8251,5998,462,138,2233,49,30,259,138,1396,83,123,256,13,5110,1269,140,426,426,145,1337,7,142,58,17,16,65,89
3,5,6,10,4,4,10,3,31,138,44,10,11,35,23,88,37,18,114,5,154,36,2,10,5,0,7,1,2,35,147,0,13,1,54,111,131,1,215,1,15,74,126,4,1,1,3,23,3,23,97,220,431,68,66,374,13,131,185,224,30905,1307,1286,157,324,451,1222,59,1680,97,3049,2299,51,74,146,53,45,44,201,89,233,431,458,174,107,34,937,1254,303,151,829,32,51,15,315,214,60,14896,12634,2909
0,1,0,1,0,0,0,0,10,9,10,2,0,4,1,5,10,1,14,5,14,1,1,1,3,0,3,0,0,1,10,0,0,0,6,10,17,0,12,0,0,3,7,1,1,0,1,0,1,1,2,19,94,3,3,22,37,705,352,824,1307,2268,2943,255,45,47,140,95,484,143,2784,3124,47,44,99,10,13,5,9,85,18,125,41,32,27,4,268,102,50,28,78,9,12,1,59,6,2,33,132,91
0,0,1,1,0,0,1,6,62,10,6,8,4,0,1,2,5,3,13,72,14,0,3,2,32,3,7,0,0,2,5,4,17,0,2,3,15,6,5,2,1,3,5,7,7,0,5,0,0,3,3,15,65,2,4,20,189,582,230,1016,1286,2943,10878,3985,74,213,179,2542,373,1333,5087,6278,56,710,1191,53,137,12,19,376,164,5533,76,143,320,18,245,93,575,361,57,9,119,10,371,8,12,47,358,605
0,0,0,1,0,0,0,5,27,6,2,1,2,0,0,0,2,0,3,8,5,1,1,5,3,0,0,0,0,0,2,0,5,0,1,1,14,2,1,1,0,3,6,2,0,0,1,0,0,1,3,8,54,0,1,11,2719,1977,283,1452,157,255,3985,7556,164,381,227,4297,330,887,1259,648,89,69,1244,50,19,13,20,663,46,2602,87,228,191,15,184,48,672,55,31,7,32,2,25,5,10,8,73,262
5,8,28,13,10,22,33,5,37,83,20,1,2,28,7,54,14,4,34,36,34,30,1,4,17,3,19,1,6,17,72,3,9,1,64,26,40,2,135,2,5,46,43,1,0,1,4,94,6,13,9513,22060,20672,779,2308,2814,412,489,145,131,324,45,74,164,82423,17019,1095,78,207,831,239,855,12,114,326,470,29,183,8114,217,294,678,17614,792,1374,134,210,341,945,629,197,24,130,104,105,365,12796,588,1484,1183
3,1,6,13,3,3,24,6,34,34,12,2,1,20,14,24,5,2,34,29,37,17,2,3,11,1,5,0,1,8,42,2,6,0,21,23,35,2,94,2,8,19,30,2,7,2,1,36,5,12,163,435,11743,38,122,469,563,459,107,137,451,47,213,381,17019,48574,2348,119,374,955,469,388,11,180,560,359,40,109,661,250,442,1484,6666,4813,1332,120,170,291,9841,521,192,23,109,15,195,203,289,331,3464,9652
11,23,20,47,22,25,88,7,26,272,29,2,1,79,27,149,18,9,100,15,80,71,1,14,10,2,33,3,8,68,229,2,8,0,131,172,112,2,549,7,31,160,179,2,1,2,2,178,10,42,199,527,5510,214,634,3989,263,507,462,660,1222,140,179,227,1095,2348,30125,121,11352,735,704,463,209,206,1300,111,117,17,204,1610,58,266,575,10295,411,11,608,11624,1602,470,1678,30,194,18,35,2232,222,353,1107,705
0,0,0,0,0,0,1,0,2,3,0,0,1,0,0,0,1,2,3,1,3,0,0,2,1,0,0,0,0,1,1,0,0,0,0,1,2,0,1,0,1,0,1,0,0,0,1,0,0,0,2,3,46,0,0,4,426,2654,935,974,59,95,2542,4297,78,119,121,3937,211,138,3152,292,61,13,2405,7,8,3,14,1540,4,314,35,123,21,2,194,30,229,20,6,0,6,1,10,1,8,6,26,95
3,6,1,8,0,2,7,7,57,132,43,6,6,20,24,52,38,20,147,35,107,30,2,9,36,4,10,2,0,21,146,6,16,3,34,96,134,12,104,11,9,54,117,2,6,0,1,6,0,25,26,74,634,14,28,112,237,796,1590,9007,1680,484,373,330,207,374,11352,211,27940,1856,1937,682,3012,915,1719,175,500,32,47,701,114,515,138,1309,587,23,2039,7356,876,1008,697,104,672,6,106,177,25,137,564,737
0,1,1,1,0,0,1,98,497,11,4,15,10,8,6,9,3,4,10,487,6,12,31,22,227,3,22,0,1,11,8,13,82,3,3,11,73,30,11,2,4,6,7,25,22,2,8,2,0,8,26,92,532,16,9,84,1866,2800,828,3729,97,143,1333,887,831,955,735,138,1856,12688,140,1893,206,2604,373,428,336,32,137,226,164,7596,443,399,5600,63,298,215,726,2703,74,16,490,9,175,35,85,40,244,423
1,0,1,2,1,0,1,2,28,31,28,7,6,9,8,19,15,6,51,4,55,5,0,4,4,2,2,1,0,8,41,1,5,2,7,21,67,5,29,0,5,16,38,0,1,0,1,4,1,12,19,58,334,12,8,69,29,664,932,901,3049,2784,5087,1259,239,469,704,3152,1937,140,11860,991,120,83,7150,45,23,23,46,2563,110,629,209,374,111,20,955,430,1741,105,281,22,37,5,166,31,20,114,725,4423
5,3,8,6,2,5,10,10,103,49,16,9,5,16,5,35,12,6,40,119,45,21,44,12,141,120,105,4,0,22,53,100,44,59,25,31,43,173,85,71,6,30,59,91,99,15,105,22,3,14,345,1142,479,324,174,582,247,1597,312,2588,2299,3124,6278,648,855,388,463,292,682,1893,991,30785,172,2123,141,840,919,1295,2643,73,427,3840,2438,103,527,345,433,398,172,2250,254,213,2195,2879,6072,131,132,3440,1474,390
0,0,0,1,0,3,1,5,38,2,1,0,2,1,0,0,1,3,2,10,3,1,3,2,19,2,5,2,0,1,2,4,2,7,3,3,27,12,6,10,0,1,2,6,1,3,0,1,0,0,1,6,28,0,9,14,116,357,178,8251,51,47,56,89,12,11,209,61,3012,206,120,172,2840,2486,41,81,1213,87,4,14,51,111,8,8,53,24,3936,3398,11,109,1371,293,557,3,50,97,3,7,17,18
0,0,0,3,1,1,2,51,424,10,5,36,9,15,7,4,2,3,9,797,3,17,63,10,748,37,157,5,1,27,17,66,227,28,2,8,19,212,7,61,0,21,11,62,137,7,84,1,0,14,5,27,118,8,16,30,38,70,76,5998,74,44,710,69,114,180,206,13,915,2604,83,2123,2486,10265,74,550,10580,125,30,9,535,2592,78,67,1180,88,546,879,156,948,620,691,6057,15,513,178,16,12,115,157
0,0,0,3,0,1,1,3,20,54,24,5,3,9,9,16,19,11,44,8,49,7,1,3,6,1,3,0,1,3,45,2,4,0,5,31,55,3,21,0,2,18,36,0,0,0,0,4,2,10,11,20,208,2,5,31,384,1456,1135,462,146,99,1191,1244,326,560,1300,2405,1719,373,7150,141,41,74,16081,107,28,26,49,7728,97,1093,174,1901,380,25,644,357,6253,213,227,13,67,4,58,23,37,16,134,3288
2,1,3,0,0,1,0,0,25,9,1,5,2,8,1,5,1,0,4,68,4,9,100,9,128,776,676,20,0,4,8,598,40,350,0,4,3,609,10,437,0,4,5,584,205,59,528,3,1,2,25,55,125,11,12,37,71,25,15,138,53,10,53,50,470,359,111,7,175,428,45,840,81,550,107,23239,1673,308,151,12,9785,802,408,76,3342,6978,55,114,276,9500,103,934,6430,337,1184,39,84,42,152,219
0,1,0,0,0,0,0,3,29,2,1,7,1,1,2,2,0,0,1,41,1,5,18,3,80,67,247,16,0,4,2,75,11,71,1,3,4,174,10,179,0,5,4,103,47,8,76,3,0,1,6,11,46,6,36,19,19,34,27,2233,45,13,137,19,29,40,117,8,500,336,23,919,1213,10580,28,1673,13373,908,18,1,913,620,29,11,638,220,1184,856,38,863,973,6049,12563,62,889,322,21,5,31,37
0,0,2,1,0,1,0,0,2,3,0,0,0,1,0,2,0,0,0,2,0,1,2,0,5,12,54,318,0,1,2,12,2,142,2,0,7,3,10,1025,0,2,6,21,3,20,94,6,1,0,32,70,32,20,34,17,6,3,4,49,44,5,12,13,183,109,17,3,32,32,23,1295,87,125,26,308,908,56460,659,2,218,133,348,23,137,8458,778,188,82,80,510,16892,2623,15589,1821,286,64,112,88,60
2,4,10,0,2,9,14,0,9,32,5,1,0,6,2,26,1,1,10,1,13,8,0,2,4,2,4,0,1,10,20,1,1,3,19,21,9,2,63,9,2,15,20,0,1,1,7,26,1,5,1869,2295,778,664,374,509,48,70,11,30,201,9,19,20,8114,661,204,14,47,137,46,2643,4,30,49,151,18,659,114154,22,99,114,23169,99,246,152,42,110,85,81,71,69,104,637,116,147,15408,8677,981,163
0,1,1,1,0,0,2,0,5,8,0,0,2,1,1,3,3,1,7,3,7,1,0,2,0,0,1,1,0,5,4,0,2,0,2,4,7,1,8,0,0,2,1,0,1,0,1,2,0,1,7,15,126,2,3,14,361,2066,1879,259,89,85,376,663,217,250,1610,1540,701,226,2563,73,14,9,7728,12,1,2,22,2080,10,281,53,1537,137,1,85,41,324,83,22,1,6,1,11,16,18,5,37,104
0,0,2,1,0,0,1,0,8,2,3,2,1,1,1,0,0,1,1,14,1,5,39,2,54,324,265,19,0,5,4,249,18,237,1,2,3,216,3,335,2,1,4,219,94,46,370,1,1,2,15,53,80,4,6,36,17,22,26,138,233,18,164,46,294,442,58,4,114,164,110,427,51,535,97,9785,913,218,99,10,12245,2765,576,53,1610,5244,38,86,353,1323,67,425,3424,97,5284,27,49,57,438,505
1,0,0,1,0,0,2,17,152,7,2,8,6,4,4,8,5,3,3,191,13,13,36,5,184,45,108,2,2,8,11,69,67,13,2,3,32,200,11,23,2,3,8,77,144,2,71,6,0,1,15,64,189,9,6,54,1650,633,208,1396,431,125,5533,2602,678,1484,266,314,515,7596,629,3840,111,2592,1093,802,620,133,114,281,2765,24507,709,431,7201,307,155,190,1869,3287,83,46,1135,25,4854,21,66,79,655,1254
0,7,10,6,2,9,11,2,20,66,10,0,0,13,4,40,9,2,30,13,35,20,0,3,8,3,9,0,3,15,67,1,4,2,29,44,39,5,120,4,10,32,53,2,1,0,6,37,0,14,613,1713,1198,446,260,667,161,125,36,83,458,41,76,87,17614,6666,575,35,138,443,209,2438,8,78,174,408,29,348,23169,53,576,709,62116,306,889,201,152,325,712,239,199,57,91,314,208,161,1116,5714,20991,1435
5,1,6,14,3,10,23,1,15,93,18,1,1,35,11,51,8,6,48,8,40,28,1,5,6,1,11,0,4,22,92,2,5,0,44,66,37,2,176,1,6,48,79,0,2,1,1,48,1,12,26,40,654,12,47,47,307,381,133,123,174,32,143,228,792,4813,10295,123,1309,399,374,103,8,67,1901,76,11,23,99,1537,53,431,306,10302,342,20,178,552,6240,238,339,8,41,4,27,331,71,69,315,521
0,0,0,3,0,1,0,29,144,15,1,12,8,9,7,5,1,3,6,378,7,13,91,18,444,52,205,0,0,15,11,156,131,22,2,5,5,428,7,7,2,16,8,127,323,11,141,4,0,7,72,123,493,6,17,123,321,279,149,256,107,27,320,191,1374,1332,411,21,587,5600,111,527,53,1180,380,3342,638,137,246,137,1610,7201,889,342,13033,393,128,125,979,9597,67,31,1206,19,362,21,177,52,378,570
0,0,0,0,0,0,0,0,8,2,2,2,0,0,1,2,0,0,1,4,0,7,22,2,13,121,66,172,0,2,1,154,10,935,0,0,1,33,2,1586,1,3,0,108,10,159,821,1,0,1,18,26,16,10,5,13,15,7,5,13,34,4,18,15,134,120,11,2,23,63,20,345,24,88,25,6978,220,8458,152,1,5244,307,201,20,393,23802,36,33,94,276,49,6344,6454,7109,4574,25,24,41,65,88
0,1,2,2,1,1,4,5,15,24,10,0,0,6,3,6,4,1,20,7,28,5,0,2,4,2,3,5,1,8,19,3,3,3,7,19,20,1,59,30,2,10,26,1,1,1,3,15,1,4,38,84,267,13,84,134,189,1013,564,5110,937,268,245,184,210,170,608,194,2039,298,955,433,3936,546,644,55,1184,778,42,85,38,155,152,178,128,36,5554,3791,299,139,4497,998,276,14,53,1033,47,137,316,406
3,19,19,26,11,21,50,4,20,168,33,3,2,58,17,117,6,7,63,14,52,57,1,10,18,8,29,2,8,34,196,6,10,4,105,112,80,10,412,21,15,121,158,4,6,1,9,109,8,34,86,213,574,126,795,3101,27,68,77,1269,1254,102,93,48,341,291,11624,30,7356,215,430,398,3398,879,357,114,856,188,110,41,86,190,325,552,125,33,3791,21985,540,309,17549,410,690,11,60,3541,101,245,789,794
0,5,0,2,0,0,6,6,26,79,20,3,1,14,9,42,14,10,60,20,57,15,1,6,12,3,10,0,3,13,87,2,7,0,22,67,39,9,99,3,11,38,59,3,3,0,2,15,1,10,20,47,240,1,10,40,488,300,90,140,303,50,575,672,945,9841,1602,229,876,726,1741,172,11,156,6253,276,38,82,85,324,353,1869,712,6240,979,94,299,540,17023,361,305,34,74,7,177,83,38,63,1069,8717
0,0,0,0,1,0,2,6,123,11,3,19,6,20,7,5,0,4,7,345,1,16,83,9,492,81,296,3,1,16,6,205,129,18,1,4,12,458,14,23,3,12,8,191,349,9,146,0,1,7,43,149,528,18,26,140,105,199,134,426,151,28,361,55,629,521,470,20,1008,2703,105,2250,109,948,213,9500,863,80,81,83,1323,3287,239,238,9597,276,139,309,361,12960,184,68,7571,31,1102,87,65,31,202,241
6,5,6,17,10,6,30,1,3,124,9,2,1,41,7,84,5,2,21,9,30,37,0,3,10,3,24,5,6,28,106,2,2,5,76,66,62,5,289,27,15,54,71,3,0,2,3,74,9,16,85,107,268,41,364,292,6,18,29,426,829,78,57,31,197,192,1678,6,697,74,281,254,1371,620,227,103,973,510,71,22,67,83,199,339,67,49,4497,17549,305,184,16242,939,539,29,44,8195,134,158,501,464
1,0,0,0,0,2,2,0,2,2,0,3,0,3,0,4,0,0,1,3,1,1,4,0,4,114,130,443,1,2,4,55,3,856,0,1,12,21,13,3043,1,3,2,90,6,88,576,1,1,1,8,10,9,4,41,9,4,8,10,145,32,9,9,7,24,23,30,0,104,16,22,213,293,691,13,934,6049,16892,69,1,425,46,57,8,31,6344,998,410,34,68,939,26484,17559,782,763,464,23,11,22,19
0,0,0,0,0,0,2,1,33,3,6,8,2,6,3,2,4,1,2,90,1,5,87,8,142,772,757,175,2,8,3,559,52,945,2,3,5,398,12,2065,2,9,3,605,178,144,970,4,0,3,24,42,139,6,35,43,39,40,45,1337,51,12,119,32,130,109,194,6,672,490,37,2195,557,6057,67,6430,12563,2623,104,6,3424,1135,91,41,1206,6454,276,690,74,7571,539,17559,34455,499,2535,252,34,22,67,52
0,0,0,0,0,0,0,0,0,2,0,0,0,0,0,0,0,0,1,4,2,0,1,0,2,15,15,14,0,1,3,13,0,71,1,2,0,6,1,149,0,0,0,11,0,4,55,0,0,0,68,81,24,26,25,17,3,2,0,7,15,1,10,2,104,15,18,1,6,9,5,2879,3,15,4,337,62,15589,637,1,97,25,314,4,19,7109,14,11,7,31,29,782,499,20782,8101,13,35,119,55,10
0,0,0,0,0,0,0,1,10,3,1,3,2,2,2,1,0,1,2,16,1,8,48,1,53,301,246,32,0,2,4,237,18,338,1,2,2,248,4,467,0,1,0,236,84,38,356,0,0,0,8,32,35,7,4,14,10,25,17,142,315,59,371,25,105,195,35,10,106,175,166,6072,50,513,58,1184,889,1821,116,11,5284,4854,208,27,362,4574,53,60,177,1102,44,763,2535,8101,10845,21,18,64,285,274
34,50,64,87,40,108,250,2,8,200,20,2,2,129,28,191,7,2,10,5,39,64,2,12,8,1,105,2,13,66,154,0,3,1,224,77,103,4,603,13,17,153,111,6,2,1,2,784,18,19,442,406,543,723,7025,1785,4,4,6,58,214,6,8,5,365,203,2232,1,177,35,31,131,97,178,23,39,322,286,147,16,27,21,161,331,21,25,1033,3541,83,87,8195,464,252,13,21,11224,481,80,273,91
3,4,10,10,3,14,27,0,2,27,3,0,0,11,2,22,3,0,10,0,14,6,0,2,3,1,11,3,1,6,27,0,3,0,26,11,13,2,57,3,1,22,21,2,0,0,0,59,1,2,8020,2987,943,971,6174,526,33,48,10,17,60,2,12,10,12796,289,222,8,25,85,20,132,3,16,37,84,21,64,15408,18,49,66,1116,71,177,24,47,101,38,65,134,23,34,35,18,481,32855,102,136,44
3,0,3,3,0,6,7,3,5,41,10,1,1,13,3,25,5,2,21,1,29,10,0,3,1,0,3,0,1,8,44,1,1,1,12,28,19,0,61,1,2,14,40,0,1,0,0,16,0,6,255,727,300,175,126,429,11,19,13,16,14896,33,47,8,588,331,353,6,137,40,114,3440,7,12,16,42,5,112,8677,5,57,79,5714,69,52,41,137,245,63,31,158,11,22,119,64,80,102,24802,4373,245
2,7,12,12,4,10,20,4,25,110,19,3,3,28,17,57,18,7,71,16,69,30,1,10,7,1,13,1,5,26,132,2,4,1,53,84,62,1,179,2,18,61,117,1,2,0,3,29,2,12,255,917,912,191,148,910,62,55,21,65,12634,132,358,73,1484,3464,1107,26,564,244,725,1474,17,115,134,152,31,88,981,37,438,655,20991,315,378,65,316,789,1069,202,501,22,67,55,285,273,136,4373,31985,8285
2,1,2,2,1,0,5,1,21,75,27,2,2,12,8,32,14,10,70,11,61,23,1,4,9,4,8,0,5,9,70,2,5,1,15,42,57,3,105,1,10,39,43,1,0,0,1,13,3,13,30,86,299,13,17,127,94,58,59,89,2909,91,605,262,1183,9652,705,95,737,423,4423,390,18,157,3288,219,37,60,163,104,505,1254,1435,521,570,88,406,794,8717,241,464,19,52,10,274,91,44,245,8285,17083
