12212,10682,5476,2325,4567,163,263,1,2,44,0,0,4,8454,133,105,0,1,5,7,5,216,4,2,2,10,6,41,621,374,12,11,4,24,38,14,10,8,10,6,401,87,79,9,25,24,10,48,1567,4,13,14,18,4,9,28,0,0,0,3,5,0,0,0,27,4,11,0,1,1,1,2,0,0,0,0,0,1,1,0,0,1,8,5,0,1,1,25,1,1,3,0,1,0,0,14,6,1,2,1
10682,29993,11668,10827,1295,430,551,16,8,221,6,9,9,8340,3241,442,6,5,23,26,13,1115,17,2,5,20,11,78,708,840,61,28,31,59,210,48,50,14,44,18,1544,580,398,20,63,39,35,201,956,48,50,68,50,15,30,137,0,0,2,3,12,0,0,0,88,29,48,0,7,2,4,5,1,1,1,3,2,0,6,0,0,0,27,11,0,0,5,67,5,1,11,3,1,1,0,78,18,2,5,3
5476,11668,35731,9481,8391,4416,8404,1,2,108,6,2,3,1265,63,112,0,1,4,4,2,813,12,6,5,5,7,118,963,729,8,12,18,64,60,9,14,4,55,36,1388,266,51,26,14,66,35,131,871,26,271,554,25,1827,80,212,0,0,1,0,9,0,0,0,33,15,8,0,4,0,0,28,0,1,0,2,0,5,30,0,2,0,66,7,0,4,7,27,5,0,4,3,4,2,0,33,47,29,25,2
2325,10827,9481,43647,963,1528,16903,48,59,957,42,22,46,5733,11145,11758,16,21,144,187,83,1442,17,10,33,55,32,74,478,921,482,131,142,87,934,392,163,92,244,16,1732,1317,4171,36,278,22,79,1188,664,184,186,294,186,60,122,498,1,3,3,8,37,1,0,3,276,85,125,1,37,15,2,21,0,12,3,1,6,1,29,1,3,7,80,27,2,2,12,232,14,1,45,3,6,2,0,257,74,4,12,9
4567,1295,8391,963,16319,13201,492,4,2,42,3,0,3,2297,91,105,2,0,7,10,4,219,7,0,1,5,6,63,954,462,18,9,9,26,58,12,22,2,21,17,500,67,97,6,12,41,16,697,6246,7,16,9,16,35,9,32,0,0,0,0,4,1,0,0,19,7,15,0,2,0,0,2,0,1,1,0,1,0,1,0,0,0,6,6,0,0,2,16,1,0,5,4,1,0,0,14,7,0,4,0
163,430,4416,1528,13201,21284,11248,0,9,31,2,1,1,527,403,103,0,1,1,10,2,80,6,18,11,4,27,16,199,82,6,14,9,8,554,29,67,7,485,42,106,35,48,32,7,8,7,4235,2842,9,219,164,64,2171,567,707,0,0,1,0,4,1,0,0,89,20,21,0,7,1,0,8,0,1,1,1,0,0,13,1,0,1,32,5,0,0,2,66,0,2,84,2,2,1,1,115,48,5,9,1
263,551,8404,16903,492,11248,25282,8,34,247,10,4,6,263,90,1822,3,4,55,37,35,291,8,19,4,12,16,12,89,142,46,16,23,10,1502,519,90,16,808,3,296,196,266,12,38,5,14,1507,143,29,150,211,116,538,278,1017,0,0,3,5,28,3,0,0,133,48,88,1,19,2,2,12,3,7,0,0,1,0,11,1,0,1,51,12,2,1,7,117,9,0,29,1,0,1,1,163,47,6,12,3
1,16,1,48,4,0,8,36483,7981,197,1721,827,8052,317,175,642,4377,3610,2563,7969,1144,1670,297,36,356,58,123,8,15,53,627,134,1129,29,22,78,605,190,16,5,34,32,1280,60,987,14,88,1,4,50,0,1,6,0,2,4,149,285,64,1102,14,9,73,61,3,7,43,43,127,634,23,27,79,261,17,6,48,0,0,4,8,191,3,18,72,1,39,24,12,18,3,0,11,0,12,1,0,1,4,7
2,8,2,59,2,9,34,7981,38180,120,791,1380,2893,69,36,257,1393,147,9251,5057,582,889,648,6659,5362,88,2585,16,10,37,89,134,1606,40,154,2300,5499,206,532,61,26,31,228,350,269,32,200,68,11,36,0,2,22,1,0,9,515,911,150,4093,23,27,227,211,15,22,98,85,318,1751,53,64,368,973,22,16,266,4,1,9,12,605,13,37,227,4,172,40,25,71,2,4,46,1,9,4,3,1,10,9
44,221,108,957,42,31,247,197,120,36541,4704,2411,156,416,286,1465,102,60,1118,115,4544,6324,601,101,57,120,126,24,160,143,212,219,794,41,585,770,755,79,593,19,13753,6533,2182,267,60,114,350,236,76,5969,22,44,62,3,24,68,2,6,49,60,77,2,2,2,100,73,156,5,200,6,37,26,19,8,21,14,15,2,11,9,11,9,115,44,6,1,43,230,93,13,64,3,21,1,7,47,13,10,54,53
0,6,6,42,3,2,10,1721,791,4704,3543,6063,681,57,24,253,204,197,614,192,977,3390,1155,19,54,63,52,17,12,31,110,45,382,15,22,65,156,30,35,12,142,143,281,92,17,84,126,10,2,107,2,1,2,0,4,3,14,33,16,124,10,5,12,8,3,5,9,7,30,42,12,4,13,21,9,6,3,0,1,0,6,9,9,3,6,0,5,14,8,6,2,1,7,0,3,6,4,0,8,6
0,9,2,22,0,1,4,827,1380,2411,6063,19751,5785,77,55,138,2309,113,422,865,5847,1247,2903,56,543,52,221,17,16,128,158,59,4161,32,29,96,290,47,43,8,147,455,841,129,89,66,311,11,4,365,1,0,2,0,0,2,11,34,27,119,7,4,22,9,1,10,14,14,40,129,11,13,16,136,7,8,45,1,1,2,7,63,5,10,59,2,13,9,8,25,1,4,21,2,3,0,1,0,6,4
4,9,3,46,3,1,6,8052,2893,156,681,5785,26632,478,262,429,7282,1334,441,1928,1974,256,214,25,223,14,57,9,33,234,1161,92,3569,13,12,35,477,16,11,2,84,150,2164,32,107,8,77,2,3,266,1,0,4,0,1,1,89,109,24,519,3,5,48,34,3,4,28,7,45,351,11,15,38,150,8,2,29,0,0,2,1,121,3,6,36,0,22,3,5,9,3,0,7,0,2,3,0,0,2,3
8454,8340,1265,5733,2297,527,263,317,69,416,57,77,478,60341,13467,1300,108,147,203,715,175,853,49,30,120,245,94,258,6243,18662,436,1074,1006,335,550,382,583,160,429,57,1842,1303,7133,124,1140,92,268,353,11437,2438,89,140,201,46,99,224,4,4,7,16,85,4,8,1,357,181,397,2,81,30,8,30,9,53,10,13,28,3,42,4,6,27,259,100,46,3,65,539,100,23,171,8,16,0,3,150,59,18,58,44
133,3241,63,11145,91,403,90,175,36,286,24,55,262,13467,12600,2038,57,88,117,334,148,524,26,5,44,65,36,45,299,1199,503,281,461,75,187,111,114,83,62,12,861,1006,11304,38,377,18,92,161,248,3673,27,30,39,7,16,83,4,2,2,9,18,1,1,0,66,22,35,0,12,6,3,4,2,17,0,3,6,0,6,2,4,14,38,7,6,1,6,77,9,11,8,1,8,1,4,33,16,3,1,2
105,442,112,11758,105,103,1822,642,257,1465,253,138,429,1300,2038,25046,333,1105,4531,572,543,808,41,27,53,57,26,19,166,391,8849,149,337,47,1324,3827,191,108,199,6,496,514,8037,40,378,12,54,284,172,159,51,54,60,14,18,80,2,5,15,25,37,1,4,1,98,44,146,1,87,11,9,18,12,18,10,4,4,0,11,4,2,8,90,33,10,3,24,139,50,5,44,1,3,0,1,49,15,14,26,21
0,6,0,16,2,0,3,4377,1393,102,204,2309,7282,108,57,333,8998,3588,547,123,10201,251,98,40,23,13,22,1,8,93,2509,49,882,7,21,56,230,11,14,3,29,76,1215,21,29,5,77,1,1,117,0,1,0,0,0,1,6,42,11,127,5,1,0,9,0,0,9,10,26,7,4,1,21,4,0,3,4,0,1,2,3,8,1,2,4,0,9,9,1,1,0,0,2,0,2,0,0,0,0,1
1,5,1,21,0,1,4,3610,147,60,197,113,1334,147,88,1105,3588,3629,1940,215,1186,195,11,8,10,7,6,2,5,25,3165,39,416,3,6,11,66,4,3,1,15,16,1410,6,45,2,18,0,2,30,1,0,0,0,0,1,1,13,5,46,5,2,0,4,1,2,1,5,13,4,3,4,4,6,1,0,0,0,0,0,1,4,2,0,1,0,2,1,0,0,0,0,1,0,0,1,0,0,1,0
5,23,4,144,7,1,55,2563,9251,1118,614,422,441,203,117,4531,547,1940,10265,1305,1491,999,138,974,412,56,163,13,25,193,1237,110,361,37,186,3547,838,161,288,19,217,200,1702,114,294,10,73,21,14,125,3,15,37,3,15,13,13,60,102,283,92,4,12,17,29,62,178,31,355,41,53,29,64,38,63,5,9,7,20,14,4,38,135,59,15,0,61,165,117,16,35,0,14,2,7,7,9,13,64,76
7,26,4,187,10,10,37,7969,5057,115,192,865,1928,715,334,572,123,215,1305,16909,121,717,965,76,2620,290,934,25,36,215,483,1305,9284,141,91,429,345,4055,63,16,76,117,1738,875,4276,52,502,17,12,134,1,5,16,2,0,4,109,76,13,424,4,12,169,43,20,48,49,7,68,986,17,89,27,1220,20,47,317,2,0,15,25,591,18,47,495,10,26,16,58,178,5,7,102,2,27,1,2,0,4,11
5,13,2,83,4,2,35,1144,582,4544,977,5847,1974,175,148,543,10201,1186,1491,121,12375,804,383,122,45,46,65,7,25,333,1152,199,1398,39,106,428,666,35,231,11,423,1208,6828,118,47,29,328,15,5,2471,1,6,11,0,2,3,4,42,51,125,51,11,7,10,19,27,101,20,152,6,40,9,31,8,26,7,7,1,5,4,1,8,43,20,8,2,38,69,42,6,18,4,13,0,4,5,1,8,30,28
216,1115,813,1442,219,80,291,1670,889,6324,3390,1247,256,853,524,808,251,195,999,717,804,21950,5291,118,684,610,785,1061,2685,629,164,474,612,917,274,432,371,394,345,444,11013,1148,1153,1848,250,3170,1229,135,100,397,19,21,52,14,23,51,5,24,24,95,50,9,17,6,85,86,164,19,132,64,38,53,19,182,20,97,78,3,12,9,77,76,107,54,94,50,28,170,87,85,48,102,161,12,66,48,10,5,36,38
4,17,12,17,7,6,8,297,648,601,1155,2903,214,49,26,41,98,11,138,965,383,5291,11922,91,1099,1052,1274,340,202,92,29,555,4562,436,19,83,102,672,134,207,214,150,195,2629,447,3710,5212,42,14,77,2,0,9,0,0,2,13,9,3,53,6,4,28,4,2,15,14,2,10,115,5,52,9,233,6,130,133,5,1,6,94,136,4,16,130,35,3,7,12,174,2,59,245,2,90,4,0,0,1,2
2,2,6,10,0,18,19,36,6659,101,19,56,25,30,5,27,40,8,974,76,122,118,91,7649,968,64,1688,37,10,45,15,97,167,41,415,5680,3005,73,4522,256,50,42,88,446,59,12,84,174,12,16,0,1,5,0,2,1,10,35,12,198,15,1,8,13,5,13,31,11,42,28,11,12,20,50,7,9,33,0,2,2,4,22,14,5,24,1,13,28,12,21,3,13,21,1,5,2,0,0,4,7
2,5,5,33,1,11,4,356,5362,57,54,543,223,120,44,53,23,10,412,2620,45,684,1099,968,8573,374,9807,31,29,65,40,676,2609,128,76,499,260,662,340,121,41,48,222,2814,716,53,593,88,17,52,0,1,15,1,1,7,29,39,12,229,9,6,90,22,14,54,38,6,45,598,12,142,25,1283,21,105,406,3,1,17,47,489,4,75,578,7,11,4,35,427,2,11,254,3,57,5,3,1,2,9
10,20,5,55,5,4,12,58,88,120,63,52,14,245,65,57,13,7,56,290,46,610,1052,64,374,14079,1172,87,87,115,32,7420,290,2269,32,112,56,6620,131,233,84,92,389,6784,1442,207,1751,40,9,78,1,2,2,0,2,3,0,5,4,10,5,6,7,0,3,6,5,1,8,14,12,107,0,63,6,399,243,8,0,4,260,62,8,6,76,74,1,1,12,223,1,94,656,13,239,0,0,0,1,7
6,11,7,32,6,27,16,123,2585,126,52,221,57,94,36,26,22,6,163,934,65,785,1274,1688,9807,1172,17742,1150,110,82,26,1118,1239,549,172,390,1417,925,2123,6596,81,68,157,12791,750,233,1483,517,60,52,5,4,4,0,2,4,9,17,3,60,3,3,13,9,5,15,9,2,10,64,12,115,10,256,13,207,351,28,0,6,105,176,7,18,187,30,4,4,14,344,2,141,425,9,123,4,0,1,6,5
41,78,118,74,63,16,12,8,16,24,17,17,9,258,45,19,1,2,13,25,7,1061,340,37,31,87,1150,52982,1577,355,8,124,53,6340,19,22,389,54,275,12089,606,47,85,700,47,14946,9687,107,48,16,0,0,1,0,2,1,0,1,0,1,1,0,0,0,0,0,4,0,6,1,0,1,1,5,0,11,15,718,0,0,11,0,2,3,4,46,4,4,1,2,0,972,32,21,16,1,0,0,2,1
621,708,963,478,954,199,89,15,10,160,12,16,33,6243,299,166,8,5,25,36,25,2685,202,10,29,87,110,1577,85559,9626,27,110,104,487,61,65,85,30,89,259,26880,345,366,245,46,1359,406,119,7681,162,9,17,14,9,11,21,0,1,1,3,14,0,0,0,31,14,37,0,32,2,0,8,4,3,1,3,8,1,4,0,10,3,38,14,4,13,8,49,20,2,17,56,25,5,8,20,5,1,17,12
374,840,729,921,462,82,142,53,37,143,31,128,234,18662,1199,391,93,25,193,215,333,629,92,45,65,115,82,355,9626,50193,94,602,948,190,229,346,482,40,407,68,12124,5333,2810,201,169,189,388,88,664,2851,14,28,59,6,23,67,1,3,7,15,66,4,4,1,88,66,256,1,150,16,25,29,7,18,10,7,9,3,22,2,5,11,185,75,10,5,45,268,121,9,73,10,14,1,6,28,15,15,55,60
12,61,8,482,18,6,46,627,89,212,110,158,1161,436,503,8849,2509,3165,1237,483,1152,164,29,15,40,32,26,8,27,94,15430,187,688,30,130,190,134,58,50,3,71,103,13312,20,412,5,93,41,22,87,6,7,7,1,3,7,7,3,6,17,8,0,3,3,13,7,20,3,26,13,7,5,3,20,2,0,4,0,3,0,2,7,11,5,6,0,9,28,9,2,3,0,5,0,1,6,5,0,6,3
11,28,12,131,9,14,16,134,134,219,45,59,92,1074,281,149,49,39,110,1305,199,474,555,97,676,7420,1118,124,110,602,187,26243,5611,5086,46,155,80,1697,120,696,241,340,1489,3514,5076,247,6174,60,19,426,1,2,7,2,1,3,2,11,4,29,10,5,12,3,5,11,10,2,13,36,12,150,3,109,5,479,243,14,2,1,366,88,6,15,128,261,4,4,14,231,5,399,969,46,315,4,2,4,1,10
4,31,18,142,9,9,23,1129,1606,794,382,4161,3569,1006,461,337,882,416,361,9284,1398,612,4562,167,2609,290,1239,53,104,948,688,5611,16097,133,78,260,253,546,159,16,468,999,3242,815,3145,87,2290,35,20,1243,1,4,10,1,2,9,27,38,11,168,11,6,57,11,20,43,27,5,31,353,12,92,12,612,16,51,198,3,2,8,32,301,6,58,312,8,19,14,39,212,4,5,152,4,43,5,0,0,3,8
24,59,64,87,26,8,10,29,40,41,15,32,13,335,75,47,7,3,37,141,39,917,436,41,128,2269,549,6340,487,190,30,5086,133,15202,22,43,69,530,85,7197,307,64,361,4434,423,4111,13486,35,27,56,0,0,2,1,0,0,1,1,1,1,5,0,3,1,1,0,2,0,3,5,5,28,1,27,2,89,57,102,4,1,85,14,3,2,14,359,0,1,2,29,1,1509,285,70,113,3,0,3,2,3
38,210,60,934,58,554,1502,22,154,585,22,29,12,550,187,1324,21,6,186,91,106,274,19,415,76,32,172,19,61,229,130,46,78,22,4309,3344,742,41,4460,73,269,200,580,112,50,9,39,3149,116,85,122,199,199,35,94,294,1,2,8,11,82,1,4,0,264,106,259,3,86,3,11,33,2,3,15,3,7,1,29,3,5,7,194,42,5,4,36,371,57,6,86,4,3,0,3,187,54,26,48,23
14,48,9,392,12,29,519,78,2300,770,65,96,35,382,111,3827,56,11,3547,429,428,432,83,5680,499,112,390,22,65,346,190,155,260,43,3344,10858,1636,234,4344,65,267,264,855,241,180,17,90,119,25,157,12,26,83,5,15,38,10,24,47,128,125,4,5,5,121,84,373,7,364,27,47,44,35,39,37,10,21,5,42,10,5,25,248,109,29,0,64,412,200,16,87,9,15,0,1,50,20,24,107,103
10,50,14,163,22,67,90,605,5499,755,156,290,477,583,114,191,230,66,838,345,666,371,102,3005,260,56,1417,389,85,482,134,80,253,69,742,1636,3310,27,6914,1228,338,265,751,374,42,75,134,1004,76,205,35,33,63,12,29,81,30,65,34,349,77,14,9,15,79,57,134,31,146,45,47,18,71,37,30,4,9,9,11,9,1,32,99,53,15,2,131,212,64,9,83,50,8,4,6,100,23,10,45,46
8,14,4,92,2,7,16,190,206,79,30,47,16,160,83,108,11,4,161,4055,35,394,672,73,662,6620,925,54,30,40,58,1697,546,530,41,234,27,14466,109,52,51,67,339,7261,5241,64,791,24,12,45,0,2,3,1,1,2,1,8,1,14,8,3,21,3,7,18,13,4,6,32,12,102,3,230,13,314,262,5,0,0,121,143,10,31,167,20,1,4,23,366,5,23,426,6,156,1,2,0,6,9
10,44,55,244,21,485,808,16,532,593,35,43,11,429,62,199,14,3,288,63,231,345,134,4522,340,131,2123,275,89,407,50,120,159,85,4460,4344,6914,109,20845,1278,268,238,474,866,74,59,178,5453,90,140,34,41,69,8,20,83,1,3,13,25,79,0,7,0,151,72,324,2,161,11,15,25,12,16,8,6,11,2,41,6,8,5,204,72,10,1,53,330,100,10,85,33,17,2,3,67,30,19,64,50
6,18,36,16,17,42,3,5,61,19,12,8,2,57,12,6,3,1,19,16,11,444,207,256,121,233,6596,12089,259,68,3,696,16,7197,73,65,1228,52,1278,27825,140,21,38,10426,28,2125,2218,450,42,8,2,2,0,1,0,2,0,0,0,3,0,1,2,0,1,2,3,1,0,1,2,32,1,7,4,118,82,501,6,0,104,11,3,2,13,390,4,2,4,18,2,4487,379,86,137,10,1,3,0,1
401,1544,1388,1732,500,106,296,34,26,13753,142,147,84,1842,861,496,29,15,217,76,423,11013,214,50,41,84,81,606,26880,12124,71,241,468,307,269,267,338,51,268,140,59682,13913,1581,211,76,388,370,152,269,1278,26,22,33,13,12,44,0,1,15,10,50,1,3,0,46,39,118,0,118,3,9,17,12,4,9,6,10,3,16,5,3,6,82,23,6,11,32,147,64,5,35,23,15,1,4,27,7,7,33,24
87,580,266,1317,67,35,196,32,31,6533,143,455,150,1303,1006,514,76,16,200,117,1208,1148,150,42,48,92,68,47,345,5333,103,340,999,64,200,264,265,67,238,21,13913,22184,3857,175,76,67,292,86,82,10369,8,24,20,3,10,29,5,4,22,19,29,1,0,3,47,25,87,1,110,5,8,9,3,10,13,13,7,0,11,4,8,5,72,25,6,1,24,103,46,1,26,2,9,0,4,22,6,7,24,27
79,398,51,4171,97,48,266,1280,228,2182,281,841,2164,7133,11304,8037,1215,1410,1702,1738,6828,1153,195,88,222,389,157,85,366,2810,13312,1489,3242,361,580,855,751,339,474,38,1581,3857,67592,191,2191,42,568,242,213,7879,14,22,44,9,14,59,7,13,33,71,71,2,11,3,59,41,172,6,180,62,17,27,16,98,21,18,33,3,16,4,5,47,99,45,51,4,68,168,77,35,25,8,30,0,10,29,10,5,64,29
9,20,26,36,6,32,12,60,350,267,92,129,32,124,38,40,21,6,114,875,118,1848,2629,446,2814,6784,12791,700,245,201,20,3514,815,4434,112,241,374,7261,866,10426,211,175,191,44607,814,926,4522,347,26,106,6,1,3,2,3,4,1,5,5,23,22,7,22,0,4,19,8,1,7,27,23,253,8,175,17,898,576,46,3,3,620,150,14,17,195,396,7,3,21,440,4,846,1769,64,525,9,2,4,9,11
25,63,14,278,12,7,38,987,269,60,17,89,107,1140,377,378,29,45,294,4276,47,250,447,59,716,1442,750,47,46,169,412,5076,3145,423,50,180,42,5241,74,28,76,76,2191,814,7415,31,566,37,40,99,1,9,16,1,0,3,7,16,10,59,8,7,50,12,26,47,25,5,27,188,19,159,16,646,17,159,261,1,0,10,78,331,17,58,445,10,5,13,44,523,4,9,370,6,125,1,3,0,6,8
24,39,66,22,41,8,5,14,32,114,84,66,8,92,18,12,5,2,10,52,29,3170,3710,12,53,207,233,14946,1359,189,5,247,87,4111,9,17,75,64,59,2125,388,67,42,926,31,14105,8084,25,22,14,0,0,1,0,1,2,0,2,1,5,1,0,0,1,2,1,1,0,0,11,3,10,0,12,1,28,11,15,0,0,26,9,1,0,6,132,0,4,0,13,3,509,90,20,39,1,0,0,3,2
10,35,35,79,16,7,14,88,200,350,126,311,77,268,92,54,77,18,73,502,328,1229,5212,84,593,1751,1483,9687,406,388,93,6174,2290,13486,39,90,134,791,178,2218,370,292,568,4522,566,8084,33091,62,18,314,0,1,4,0,0,0,4,5,4,14,7,1,10,1,3,9,11,2,5,33,9,79,3,101,6,305,195,54,3,1,232,85,3,12,87,456,3,6,10,182,1,1253,686,75,264,0,0,4,0,4
48,201,131,1188,697,4235,1507,1,68,236,10,11,2,353,161,284,1,0,21,17,15,135,42,174,88,40,517,107,119,88,41,60,35,35,3149,119,1004,24,5453,450,152,86,242,347,37,25,62,4159,551,29,187,260,170,44,125,431,0,1,2,2,43,0,0,0,252,90,115,0,12,3,1,20,2,7,0,3,2,5,36,0,1,1,80,36,4,0,16,229,8,7,47,11,8,2,2,249,66,11,18,6
1567,956,871,664,6246,2842,143,4,11,76,2,4,3,11437,248,172,1,2,14,12,5,100,14,12,17,9,60,48,7681,664,22,19,20,27,116,25,76,12,90,42,269,82,213,26,40,22,18,551,15635,19,27,36,33,6,11,46,0,0,0,3,12,0,1,0,57,20,26,0,6,0,0,3,1,3,1,0,2,1,4,0,2,2,20,2,0,0,0,54,6,1,20,3,2,0,0,33,6,1,3,3
4,48,26,184,7,9,29,50,36,5969,107,365,266,2438,3673,159,117,30,125,134,2471,397,77,16,52,78,52,16,162,2851,87,426,1243,56,85,157,205,45,140,8,1278,10369,7879,106,99,14,314,29,19,12763,3,7,5,2,4,11,2,1,10,11,18,1,2,0,17,10,43,1,54,3,4,13,6,14,2,7,4,0,6,1,3,7,33,10,4,2,16,48,19,11,24,4,11,0,4,6,2,2,15,7
13,50,271,186,16,219,150,0,0,22,2,1,1,89,27,51,0,1,3,1,1,19,2,0,0,1,5,0,9,14,6,1,1,0,122,12,35,0,34,2,26,8,14,6,1,0,0,187,27,3,29600,13539,1334,8301,4631,1878,0,0,1,0,162,3,0,0,12508,235,109,2,17,4,6,288,4,5,0,23,10,82,1083,1,6,5,1106,26,20,29,27,180,24,13,42,20,22,36,13,426,10317,317,224,11
14,68,554,294,9,164,211,1,2,44,1,0,0,140,30,54,1,0,15,5,6,21,0,1,1,2,4,0,17,28,7,2,4,0,199,26,33,2,41,2,22,24,22,1,9,0,1,260,36,7,13539,69010,8252,10363,1358,8664,2,0,5,6,1293,13,6,3,6945,351,331,3,64,18,18,2023,7,25,5,82,20,140,1208,1,30,38,2276,98,74,101,112,355,119,56,46,49,76,103,45,840,2659,1184,1690,60
18,50,25,186,16,64,116,6,22,62,2,2,4,201,39,60,0,0,37,16,11,52,9,5,15,2,4,1,14,59,7,7,10,2,199,83,63,3,69,0,33,20,44,3,16,1,4,170,33,5,1334,8252,21294,329,282,7684,7,22,25,48,1036,34,28,12,9229,4654,9103,8,251,158,57,420,34,211,37,144,97,19,290,49,52,99,615,1309,201,10,273,932,166,343,105,6,149,13,21,867,1316,155,443,89
4,15,1827,60,35,2171,538,0,1,3,0,0,0,46,7,14,0,0,3,2,0,14,0,0,1,0,0,0,9,6,1,2,1,1,35,5,12,1,8,1,13,3,9,2,1,0,0,44,6,2,8301,10363,329,25149,15120,13662,0,0,0,3,181,2,2,1,354,49,89,0,15,5,3,399,30,32,1,12,50,55,383,1,12,7,667,34,7,24,160,429,20,11,1773,25,30,38,16,1249,837,290,207,15
9,30,80,122,9,567,278,2,0,24,4,0,1,99,16,18,0,0,15,0,2,23,0,2,1,2,2,2,11,23,3,1,2,0,94,15,29,1,20,0,12,10,14,3,0,1,0,125,11,4,4631,1358,282,15120,17097,9293,1,0,3,11,93,1,2,0,1118,173,169,0,51,4,5,55,71,81,2,11,78,2,47,2,7,15,103,47,6,4,300,2684,35,5,1196,10,33,4,8,5094,3861,21,31,18
28,137,212,498,32,707,1017,4,9,68,3,2,1,224,83,80,1,1,13,4,3,51,2,1,7,3,4,1,21,67,7,3,9,0,294,38,81,2,83,2,44,29,59,4,3,2,0,431,46,11,1878,8664,7684,13662,9293,29704,1,2,3,16,756,13,6,4,1433,288,3144,3,96,33,25,408,48,62,15,59,33,6,105,6,20,34,299,167,56,5,185,2581,123,83,893,8,42,12,13,2049,406,167,375,48
0,0,0,1,0,0,0,149,515,2,14,11,89,4,4,2,6,1,13,109,4,5,13,10,29,0,9,0,0,1,7,2,27,1,1,10,30,1,1,0,0,5,7,1,7,0,4,0,0,2,0,2,7,0,1,1,4837,9875,806,937,11,83,342,5496,36,109,281,436,331,2965,57,118,18,187,139,7,102,0,2,649,14,2595,12,440,154,7,127,3,198,26,2,1,28,6,19,2,4,0,5,13
0,0,0,3,0,0,0,285,911,6,33,34,109,4,2,5,42,13,60,76,42,24,9,35,39,5,17,1,1,3,3,11,38,1,2,24,65,8,3,0,1,4,13,5,16,2,5,1,0,1,0,0,22,0,0,2,9875,36543,7151,9151,109,679,705,5075,24,95,580,6673,1038,4678,689,1163,149,464,548,61,89,7,3,1478,35,1417,12,481,1238,22,401,20,187,263,1,2,105,19,68,1,3,2,7,23
0,2,1,3,0,1,3,64,150,49,16,27,24,7,2,15,11,5,102,13,51,24,3,12,12,4,3,0,1,7,6,4,11,1,8,47,34,1,13,0,15,22,33,5,10,1,4,2,0,10,1,5,25,0,3,3,806,7151,6750,3692,349,616,201,789,22,94,477,2846,2150,755,615,724,81,143,600,26,40,3,5,1534,32,520,42,417,547,11,229,15,168,117,7,3,42,11,46,4,1,3,35,82
3,3,0,8,0,0,5,1102,4093,60,124,119,519,16,9,25,127,46,283,424,125,95,53,198,229,10,60,1,3,15,17,29,168,1,11,128,349,14,25,3,10,19,71,23,59,5,14,2,3,11,0,6,48,3,11,16,937,9151,3692,46870,283,632,1500,1781,23,47,852,1048,6573,8476,909,1206,6790,8839,239,81,852,16,9,114,85,1434,36,89,568,19,3306,234,112,408,72,30,410,38,145,41,3,9,52,92
5,12,9,37,4,4,28,14,23,77,10,7,3,85,18,37,5,5,92,4,51,50,6,15,9,5,3,1,14,66,8,10,11,5,82,125,77,8,79,0,50,29,71,22,8,1,7,43,12,18,162,1293,1036,181,93,756,11,109,349,283,36281,3064,997,125,1047,1960,2336,116,1420,40,5166,2744,124,128,227,144,269,63,185,101,129,154,577,1067,88,89,699,772,1095,107,250,48,448,141,302,202,133,19162,22262,5793
0,0,0,1,1,1,3,9,27,2,5,4,5,4,1,1,1,2,4,12,11,9,4,1,6,6,3,0,0,4,0,5,6,0,1,4,14,3,0,1,1,1,2,7,7,0,1,0,0,1,3,13,34,2,1,13,83,679,616,632,3064,6049,4767,760,16,50,316,572,517,59,5731,5992,43,138,402,32,111,28,3,73,34,457,29,117,48,45,99,32,157,44,10,20,197,115,217,4,0,16,112,219
0,0,0,0,0,0,0,73,227,2,12,22,48,8,1,4,0,0,12,169,7,17,28,8,90,7,13,0,0,4,3,12,57,3,4,5,9,21,7,2,3,0,11,22,50,0,10,0,1,2,0,6,28,2,2,6,342,705,201,1500,997,4767,16980,10954,21,73,145,2847,231,569,3803,5839,45,1275,853,63,612,46,9,307,62,8446,32,124,225,88,187,18,491,101,8,37,289,216,708,7,1,4,46,280
0,0,0,3,0,0,0,61,211,2,8,9,34,1,0,1,9,4,17,43,10,6,4,13,22,0,9,0,0,1,3,3,11,1,0,5,15,3,0,0,0,3,3,0,12,1,1,0,0,0,0,3,12,1,0,4,5496,5075,789,1781,125,760,10954,18559,32,138,301,5743,436,424,1468,586,64,231,689,19,95,6,2,1028,30,4570,38,389,168,11,141,12,539,29,1,7,56,27,121,4,1,2,14,99
27,88,33,276,19,89,133,3,15,100,3,1,3,357,66,98,0,1,29,20,19,85,2,5,14,3,5,0,31,88,13,5,20,1,264,121,79,7,151,1,46,47,59,4,26,2,3,252,57,17,12508,6945,9229,354,1118,1433,36,24,22,23,1047,16,21,32,40055,17502,787,10,266,82,54,658,22,85,35,414,88,78,3298,25,210,252,10225,1129,545,62,423,583,1159,253,154,31,145,52,56,549,12659,621,1277,285
4,29,15,85,7,20,48,7,22,73,5,10,4,181,22,44,0,2,62,48,27,86,15,13,54,6,15,0,14,66,7,11,43,0,106,84,57,18,72,2,39,25,41,19,47,1,9,90,20,10,235,351,4654,49,173,288,109,95,94,47,1960,50,73,138,17502,37534,2624,45,450,252,234,818,45,257,152,925,192,86,491,98,529,724,5072,8084,1478,61,574,559,11051,707,143,20,293,54,190,305,824,486,2608,4868
11,48,8,125,15,21,88,43,98,156,9,14,28,397,35,146,9,1,178,49,101,164,14,31,38,5,9,4,37,256,20,10,27,2,259,373,134,13,324,3,118,87,172,8,25,1,11,115,26,43,109,331,9103,89,169,3144,281,580,477,852,2336,316,145,301,787,2624,38879,367,7456,809,497,561,370,728,760,231,166,11,118,5263,109,523,989,7599,900,17,999,6048,1590,586,190,18,257,19,80,425,124,132,649,579
0,0,0,1,0,0,1,43,85,5,7,14,7,2,0,1,10,5,31,7,20,19,2,11,6,1,2,0,0,1,3,2,5,0,3,7,31,4,2,1,0,1,6,1,5,0,2,0,0,1,2,3,8,0,0,3,436,6673,2846,1048,116,572,2847,5743,10,45,367,6968,746,43,4704,560,130,93,1828,26,56,9,3,3937,35,799,12,292,113,10,199,11,347,23,2,10,50,18,140,1,0,2,10,115
1,7,4,37,2,7,19,127,318,200,30,40,45,81,12,87,26,13,355,68,152,132,10,42,45,8,10,6,32,150,26,13,31,3,86,364,146,6,161,0,118,110,180,7,27,0,5,12,6,54,17,64,251,15,51,96,331,1038,2150,6573,1420,517,231,436,266,450,7456,746,12936,1071,827,617,4071,1786,814,92,314,13,67,989,56,453,635,701,477,10,2382,3103,888,295,272,11,361,19,84,29,17,92,543,557
1,2,0,15,0,1,2,634,1751,6,42,129,351,30,6,11,7,4,41,986,6,64,115,28,598,14,64,1,2,16,13,36,353,5,3,27,45,32,11,1,3,5,62,27,188,11,33,3,0,3,4,18,158,5,4,33,2965,4678,755,8476,40,59,569,424,82,252,809,43,1071,22834,49,357,59,6544,96,206,1149,4,5,282,128,3746,26,863,4442,14,389,51,200,3912,4,5,608,4,104,8,7,6,16,25
1,4,0,2,0,0,2,23,53,37,12,11,11,8,3,9,4,3,53,17,40,38,5,11,12,12,12,0,0,25,7,12,12,5,11,47,47,12,15,2,9,8,17,23,19,3,9,1,0,4,6,18,57,3,5,25,57,689,615,909,5166,5731,3803,1468,54,234,497,4704,827,49,17442,2058,148,192,5329,287,280,103,29,611,273,1001,161,157,230,126,514,168,1349,111,36,48,509,217,649,12,2,84,706,5628
2,5,28,21,2,8,12,27,64,26,4,13,15,30,4,18,1,4,29,89,9,53,52,12,142,107,115,1,8,29,5,150,92,28,33,44,18,102,25,32,17,9,27,253,159,10,79,20,3,13,288,2023,420,399,55,408,118,1163,724,1206,2744,5992,5839,586,658,818,561,560,617,357,2058,40808,71,1820,628,780,2020,1694,1499,181,492,5492,1000,339,476,1726,196,175,680,867,76,646,3930,6092,8872,91,69,3288,1639,623
0,1,0,0,0,0,3,79,368,19,13,16,38,9,2,12,21,4,64,27,31,19,9,20,25,0,10,1,4,7,3,3,12,1,2,35,71,3,12,1,12,3,16,8,16,0,3,2,1,6,4,7,34,30,71,48,18,149,81,6790,124,43,45,64,22,45,370,130,4071,59,148,71,6135,2731,56,26,508,4,2,12,24,77,42,39,53,7,4034,2136,60,44,838,47,197,4,47,237,6,6,49,58
0,1,1,12,1,1,7,261,973,8,21,136,150,53,17,18,4,6,38,1220,8,182,233,50,1283,63,256,5,3,18,20,109,612,27,3,39,37,230,16,7,4,10,98,175,646,12,101,7,3,14,5,25,211,32,81,62,187,464,143,8839,128,138,1275,231,85,257,728,93,1786,6544,192,1820,2731,20667,223,632,8984,47,9,98,533,5110,78,464,2534,103,490,411,410,3623,505,414,4562,48,788,346,13,7,58,114
0,1,0,3,1,1,0,17,22,21,9,7,8,10,0,10,0,1,63,20,26,20,6,7,21,6,13,0,1,10,2,5,16,2,15,37,30,13,8,4,9,13,21,17,17,1,6,0,1,2,0,5,37,1,2,15,139,548,600,239,227,402,853,689,35,152,760,1828,814,96,5329,628,56,223,8652,408,204,50,9,4632,400,1295,70,1348,798,108,358,94,4534,134,44,36,268,85,612,11,3,10,115,2268
0,3,2,1,0,1,0,6,16,14,6,8,2,13,3,4,3,0,5,47,7,97,130,9,105,399,207,11,3,7,0,479,51,89,3,10,4,314,6,118,6,13,18,898,159,28,305,3,0,7,23,82,144,12,11,59,7,61,26,81,144,32,63,19,414,925,231,26,92,206,287,780,26,632,408,23492,2256,143,47,108,10500,1819,443,714,5496,2942,48,43,1072,7712,29,466,13234,191,1614,34,32,34,186,390
0,2,0,6,1,0,1,48,266,15,3,45,29,28,6,4,4,0,9,317,7,78,133,33,406,243,351,15,8,9,4,243,198,57,7,21,9,262,11,82,10,7,33,576,261,11,195,2,2,4,10,20,97,50,78,33,102,89,40,852,269,111,612,95,88,192,166,56,314,1149,280,2020,508,8984,204,2256,18583,669,27,49,1662,2518,117,241,1852,457,619,227,356,1921,558,5844,11506,207,2136,517,25,20,96,171
1,0,5,1,0,0,0,0,4,2,0,1,0,3,0,0,0,0,7,2,1,3,5,0,3,8,28,718,1,3,0,14,3,102,1,5,9,5,2,501,3,0,3,46,1,15,54,5,1,0,82,140,19,55,2,6,0,7,3,16,63,28,46,6,78,86,11,9,13,4,103,1694,4,47,50,143,669,45024,2174,11,289,82,488,16,22,10370,106,9,106,20,25,11128,359,15905,1922,21,35,740,131,65
1,6,30,29,1,13,11,0,1,11,1,1,0,42,6,11,1,0,20,0,5,12,1,2,1,0,0,0,4,22,3,2,2,4,29,42,11,0,41,6,16,11,16,3,0,0,3,36,4,6,1083,1208,290,383,47,105,2,3,5,9,185,3,9,2,3298,491,118,3,67,5,29,1499,2,9,9,47,27,2174,136147,3,33,18,22313,71,28,415,127,99,63,12,21,240,122,1005,152,48,10240,17366,941,84
0,0,0,1,0,1,1,4,9,9,0,2,2,4,2,4,2,0,14,15,4,9,6,2,17,4,6,0,0,2,0,1,8,1,3,10,9,0,6,0,5,4,4,3,10,0,1,0,0,1,1,1,49,1,2,6,649,1478,1534,114,101,73,307,1028,25,98,5263,3937,989,282,611,181,12,98,4632,108,49,11,3,7856,82,1045,13,2602,885,19,75,25,1443,163,9,0,67,10,175,6,2,2,9,38
0,0,2,3,0,0,0,8,12,11,6,7,1,6,4,2,3,1,4,25,1,77,94,4,47,260,105,11,10,5,2,366,32,85,5,5,1,121,8,104,3,8,5,620,78,26,232,1,2,3,6,30,52,12,7,20,14,35,32,85,129,34,62,30,210,529,109,35,56,128,273,492,24,533,400,10500,1662,289,33,82,23683,1917,343,306,5570,8468,59,22,826,1403,38,765,6697,191,7545,37,6,26,160,380
1,0,0,7,0,1,1,191,605,9,9,63,121,27,14,8,8,4,38,591,8,76,136,22,489,62,176,0,3,11,7,88,301,14,7,25,32,143,5,11,6,5,47,150,331,9,85,1,2,7,5,38,99,7,15,34,2595,1417,520,1434,154,457,8446,4570,252,724,523,799,453,3746,1001,5492,77,5110,1295,1819,2518,82,18,1045,1917,26419,258,1116,15993,355,252,53,1962,1794,32,63,1798,143,8816,39,14,19,138,490
8,27,66,80,6,32,51,3,13,115,9,5,3,259,38,90,1,2,135,18,43,107,4,14,4,8,7,2,38,185,11,6,6,3,194,248,99,10,204,3,82,72,99,14,17,1,3,80,20,33,1106,2276,615,667,103,299,12,12,42,36,577,29,32,38,10225,5072,989,12,635,26,161,1000,42,78,70,443,117,488,22313,13,343,258,75503,535,347,219,938,593,1179,101,207,99,206,227,178,147,3034,6587,22352,1267
5,11,7,27,6,5,12,18,37,44,3,10,6,100,7,33,2,0,59,47,20,54,16,5,75,6,18,3,14,75,5,15,58,2,42,109,53,31,72,2,23,25,45,17,58,0,12,36,2,10,26,98,1309,34,47,167,440,481,417,89,1067,117,124,389,1129,8084,7599,292,701,863,157,339,39,464,1348,714,241,16,71,2602,306,1116,535,16621,2381,43,477,619,6169,1355,124,10,384,16,162,186,85,65,365,294
0,0,0,2,0,0,2,72,227,6,6,59,36,46,6,10,4,1,15,495,8,94,130,24,578,76,187,4,4,10,6,128,312,14,5,29,15,167,10,13,6,6,51,195,445,6,87,4,0,4,20,74,201,7,6,56,154,1238,547,568,88,48,225,168,545,1478,900,113,477,4442,230,476,53,2534,798,5496,1852,22,28,885,5570,15993,347,2381,16707,317,58,38,2032,7029,28,47,1812,42,2522,28,36,22,124,368
1,0,4,2,0,0,1,1,4,1,0,2,0,3,1,3,0,0,0,10,2,50,35,1,7,74,30,46,13,5,0,261,8,359,4,0,2,20,1,390,11,1,4,396,10,132,456,0,0,2,29,101,10,24,4,5,7,22,11,19,89,45,88,11,62,61,17,10,10,14,126,1726,7,103,108,2942,457,10370,415,19,8468,355,219,43,317,39382,27,10,182,174,14,7273,6773,10467,8327,12,10,245,103,116
1,5,7,12,2,2,7,39,172,43,5,13,22,65,6,24,9,2,61,26,38,28,3,13,11,1,4,4,8,45,9,4,19,0,36,64,131,1,53,4,32,24,68,7,5,0,3,16,0,16,27,112,273,160,300,185,127,401,229,3306,699,99,187,141,423,574,999,199,2382,389,514,196,4034,490,358,48,619,106,127,75,59,252,938,477,58,27,3634,4578,1122,39,4418,389,210,16,52,1522,69,92,533,683
25,67,27,232,16,66,117,24,40,230,14,9,3,539,77,139,9,1,165,16,69,170,7,28,4,1,4,4,49,268,28,4,14,1,371,412,212,4,330,2,147,103,168,3,13,4,6,229,54,48,180,355,932,429,2684,2581,3,20,15,234,772,32,18,12,583,559,6048,11,3103,51,168,175,2136,411,94,43,227,9,99,25,22,53,593,619,38,10,4578,14597,634,53,8707,43,119,14,22,3431,141,81,365,319
1,5,5,14,1,0,9,12,25,93,8,8,5,100,9,50,1,0,117,58,42,87,12,12,35,12,14,1,20,121,9,14,39,2,57,200,64,23,100,4,64,46,77,21,44,0,10,8,6,19,24,119,166,20,35,123,198,187,168,112,1095,157,491,539,1159,11051,1590,347,888,200,1349,680,60,410,4534,1072,356,106,63,1443,826,1962,1179,6169,2032,182,1122,634,25342,454,217,41,467,80,805,91,41,143,1684,6428
1,1,0,1,0,2,0,18,71,13,6,25,9,23,11,5,1,0,16,178,6,85,174,21,427,223,344,2,2,9,2,231,212,29,6,16,9,366,10,18,5,1,35,440,523,13,182,7,1,11,13,56,343,11,5,83,26,263,117,408,107,44,101,29,253,707,586,23,295,3912,111,867,44,3623,134,7712,1921,20,12,163,1403,1794,101,1355,7029,174,39,53,454,23297,27,45,12204,42,822,27,36,7,51,80
3,11,4,45,5,84,29,3,2,64,2,1,3,171,8,44,0,0,35,5,18,48,2,3,2,1,2,0,17,73,3,5,4,1,86,87,83,5,85,2,35,26,25,4,4,3,1,47,20,24,42,46,105,1773,1196,893,2,1,7,72,250,10,8,1,154,143,190,2,272,4,36,76,838,505,44,29,558,25,21,9,38,32,207,124,28,14,4418,8707,217,27,11056,158,216,6,40,4227,46,22,110,111
0,3,3,3,4,2,1,0,4,3,1,4,0,8,1,1,0,0,0,7,4,102,59,13,11,94,141,972,56,10,0,399,5,1509,4,9,50,23,33,4487,23,2,8,846,9,509,1253,11,3,4,20,49,6,25,10,8,1,2,3,30,48,20,37,7,31,20,18,10,11,5,48,646,47,414,36,466,5844,11128,240,0,765,63,99,10,47,7273,389,43,41,45,158,43472,12286,2512,1606,164,6,118,49,30
1,1,4,6,1,2,0,11,46,21,7,21,7,16,8,3,2,1,14,102,13,161,245,21,254,656,425,32,25,14,5,969,152,285,3,15,8,426,17,379,15,9,30,1769,370,90,686,8,2,11,22,76,149,30,33,42,28,105,42,410,448,197,289,56,145,293,257,50,361,608,509,3930,197,4562,268,13234,11506,359,122,67,6697,1798,206,384,1812,6773,210,119,467,12204,216,12286,42474,1148,5645,231,18,106,183,317
0,1,2,2,0,1,1,0,1,1,0,2,0,0,1,0,0,0,2,2,0,12,2,1,3,13,9,21,5,1,0,46,4,70,0,0,4,6,2,86,1,0,0,64,6,20,75,2,0,0,36,103,13,38,4,12,6,19,11,38,141,115,216,27,52,54,19,18,19,4,217,6092,4,48,85,191,207,15905,1005,10,191,143,227,16,42,10467,16,14,80,42,6,2512,1148,18793,8747,8,19,416,100,92
0,0,0,0,0,1,1,12,9,7,3,3,2,3,4,1,2,0,7,27,4,66,90,5,57,239,123,16,8,6,1,315,43,113,3,1,6,156,3,137,4,4,10,525,125,39,264,2,0,4,13,45,21,16,8,13,19,68,46,145,302,217,708,121,56,190,80,140,84,104,649,8872,47,788,612,1614,2136,1922,152,175,7545,8816,178,162,2522,8327,52,22,805,822,40,1606,5645,8747,29858,35,4,108,117,367
14,78,33,257,14,115,163,1,4,47,6,0,3,150,33,49,0,1,7,1,5,48,4,2,5,0,4,1,20,28,6,4,5,3,187,50,100,1,67,10,27,22,29,9,1,1,0,249,33,6,426,840,867,1249,5094,2049,2,1,4,41,202,4,7,4,549,305,425,1,29,8,12,91,237,346,11,34,517,21,48,6,37,39,147,186,28,12,1522,3431,91,27,4227,164,231,8,35,4769,538,24,60,38
6,18,47,74,7,48,47,0,3,13,4,1,0,59,16,15,0,0,9,2,1,10,0,0,3,0,0,0,5,15,5,2,0,0,54,20,23,2,30,1,7,6,10,2,3,0,0,66,6,2,10317,2659,1316,837,3861,406,4,3,1,3,133,0,1,1,12659,824,124,0,17,7,2,69,6,13,3,32,25,35,10240,2,6,14,3034,85,36,10,69,141,41,36,46,6,18,19,4,538,42327,141,143,8
1,2,29,4,0,5,6,1,1,10,0,0,0,18,3,14,0,0,13,0,8,5,0,0,1,0,1,0,1,15,0,4,0,3,26,24,10,0,19,3,7,7,5,4,0,0,4,11,1,2,317,1184,155,290,21,167,0,2,3,9,19162,16,4,2,621,486,132,2,92,6,84,3288,6,7,10,34,20,740,17366,2,26,19,6587,65,22,245,92,81,143,7,22,118,106,416,108,24,141,49346,5745,370
2,5,25,12,4,9,12,4,10,54,8,6,2,58,1,26,0,1,64,4,30,36,1,4,2,1,6,2,17,55,6,1,3,2,48,107,45,6,64,0,33,24,64,9,6,3,0,18,3,15,224,1690,443,207,31,375,5,7,35,52,22262,112,46,14,1277,2608,649,10,543,16,706,1639,49,58,115,186,96,131,941,9,160,138,22352,365,124,103,533,365,1684,51,110,49,183,100,117,60,143,5745,23799,6032
1,3,2,9,0,1,3,7,9,53,6,4,3,44,2,21,1,0,76,11,28,38,2,7,9,7,5,1,12,60,3,10,8,3,23,103,46,9,50,1,24,27,29,11,8,2,4,6,3,7,11,60,89,15,18,48,13,23,82,92,5793,219,280,99,285,4868,579,115,557,25,5628,623,58,114,2268,390,171,65,84,38,380,490,1267,294,368,116,683,319,6428,80,111,30,317,92,367,38,8,370,6032,8469
