16349,6557,8315,1334,13067,2221,822,5,1,55,2,2,9,12278,126,27,0,2,0,25,1,445,1,1,2,2,3,68,2096,1165,5,9,16,9,65,8,56,0,26,8,774,183,19,6,33,22,10,74,1715,10,10,78,6,112,9,68,0,0,0,0,9,0,0,0,58,8,35,0,4,3,0,1,0,1,0,0,1,0,5,3,0,2,11,9,3,0,4,28,2,1,13,0,0,0,0,82,7,0,2,0
6557,29660,10340,15035,1100,443,985,17,4,292,10,5,4,9146,2688,149,1,2,5,51,2,951,5,5,9,7,5,96,1316,1713,6,22,28,17,273,26,104,6,130,7,1604,611,37,11,78,36,10,195,510,40,50,355,73,74,53,324,0,1,1,0,19,0,1,0,190,36,196,0,9,3,3,3,4,4,1,1,2,1,26,6,0,1,34,31,3,0,11,138,1,5,66,1,2,2,0,397,26,3,11,4
8315,10340,30352,6690,6020,4396,14569,1,4,175,5,3,4,1509,36,83,1,2,8,11,6,707,6,7,5,1,7,92,1172,1334,5,14,11,7,223,19,73,2,84,12,1350,382,28,7,19,35,22,214,458,25,93,592,80,911,120,628,0,1,0,1,13,1,0,0,218,45,227,0,3,1,1,6,1,0,1,1,0,1,18,3,0,2,46,32,0,1,4,185,4,2,75,1,0,0,0,584,31,7,10,1
1334,15035,6690,45739,562,1084,12840,307,82,1749,99,53,91,9475,10952,9731,15,31,129,980,59,1355,65,18,119,75,23,103,973,2150,489,207,191,65,1447,316,234,232,331,11,2706,1981,1758,37,1118,39,64,800,399,414,91,771,140,174,148,776,4,4,17,17,31,2,6,1,269,69,329,2,47,27,16,15,10,51,15,3,36,1,30,22,6,45,62,63,42,0,27,287,13,41,93,0,27,1,6,840,46,9,18,9
13067,1100,6020,562,17683,17913,2718,2,0,36,0,1,3,3553,26,24,0,1,1,20,1,203,2,14,12,4,15,49,1316,439,11,9,18,9,77,6,27,2,56,17,333,54,24,14,32,20,8,259,3239,9,3,38,7,256,4,42,0,0,0,0,3,1,0,0,18,3,12,0,1,1,0,0,0,2,1,0,0,0,2,3,1,2,4,8,1,0,2,9,1,0,4,0,0,0,0,47,6,3,3,0
2221,443,4396,1084,17913,21566,14047,1,23,95,5,3,1,603,77,57,2,1,3,5,13,181,7,54,35,2,153,49,665,345,9,17,10,14,677,19,144,6,617,84,308,96,80,105,12,19,16,4546,2954,32,185,302,22,1709,124,350,0,1,2,1,7,0,0,1,59,7,55,0,4,1,1,11,1,2,0,3,4,1,21,2,1,2,19,10,1,1,4,42,3,1,17,3,5,2,4,282,27,6,6,0
822,985,14569,12840,2718,14047,24110,20,97,973,52,25,9,982,188,2201,9,2,43,139,65,560,16,47,106,8,24,37,438,694,88,42,40,23,4024,101,175,47,379,3,894,666,586,38,81,22,27,2758,417,154,97,1020,126,454,238,1146,0,1,8,6,39,2,2,4,266,45,325,1,36,6,9,6,17,6,3,0,5,1,36,20,1,9,45,48,7,0,23,269,6,8,87,0,1,2,2,1174,58,10,19,6
5,17,1,307,2,1,20,39485,6835,287,2900,1572,8919,478,576,1020,3306,5040,3230,6427,180,1852,501,91,206,16,119,16,33,122,623,91,902,24,24,51,1372,130,20,10,62,66,1677,90,351,143,138,2,5,62,3,2,38,0,2,13,250,513,239,2409,66,62,117,410,50,24,54,164,211,610,87,79,149,249,50,5,40,1,6,72,8,497,13,23,67,1,537,27,8,24,10,1,28,2,15,5,2,3,11,9
1,4,4,82,0,23,97,6835,42528,261,1348,2478,1724,33,39,645,1439,204,5672,4953,343,1140,615,9920,6221,37,2450,82,14,20,124,209,1023,97,336,2121,7911,152,337,233,42,64,281,780,265,159,259,41,17,19,4,9,66,1,3,17,507,910,393,4662,141,113,201,616,50,34,93,285,405,882,155,148,308,439,95,20,135,4,5,130,26,718,16,46,157,7,1452,64,11,95,15,12,95,6,50,3,12,9,24,15
55,292,175,1749,36,95,973,287,261,29238,4341,3841,58,352,437,2014,230,37,1260,136,2964,4811,1745,134,73,54,81,79,348,174,141,274,605,75,1398,1523,1120,97,1302,27,11793,7955,2304,356,90,540,1124,400,47,3958,8,19,16,10,3,28,6,13,92,75,133,14,13,5,41,52,236,5,258,27,78,43,64,16,95,14,21,4,19,140,22,35,66,97,15,4,152,321,77,25,125,11,41,2,16,24,9,23,70,53
2,10,5,99,0,5,52,2900,1348,4341,2000,9137,98,39,74,423,1186,130,1449,169,526,1966,1079,43,38,3,18,15,27,20,80,22,293,8,104,222,184,20,124,5,201,133,313,53,31,101,144,16,3,25,0,0,4,0,2,4,5,18,59,124,33,9,5,3,4,6,28,16,58,6,21,14,30,11,17,0,4,0,1,31,1,17,5,12,2,1,60,31,8,4,14,0,2,1,2,2,3,5,7,7
2,5,3,53,1,3,25,1572,2478,3841,9137,26511,4446,89,170,262,7355,347,688,1016,3493,2314,6236,103,625,23,114,9,31,106,302,79,4522,31,66,304,404,124,69,9,141,370,1410,200,203,319,619,12,3,212,0,1,4,0,0,2,21,43,104,313,37,18,12,34,5,7,28,26,91,94,42,23,66,94,22,7,39,0,1,38,10,141,7,11,95,3,163,32,7,58,5,1,25,0,11,2,1,4,7,3
9,4,4,91,3,1,9,8919,1724,58,98,4446,16521,426,497,431,5362,1396,701,2745,111,303,156,38,360,2,150,1,27,171,343,166,7796,11,18,40,396,25,9,1,42,84,952,28,515,34,98,4,10,143,1,0,3,0,1,2,69,133,14,433,10,13,38,128,15,15,10,11,21,274,7,20,10,150,2,1,27,0,0,3,2,212,4,5,29,1,142,8,0,10,3,2,4,0,2,1,3,2,4,4
12278,9146,1509,9475,3553,603,982,478,33,352,39,89,426,62893,9756,751,116,65,52,960,92,448,94,14,163,41,24,129,6732,20936,215,803,1154,63,762,80,350,105,601,13,1118,1333,2646,92,1555,57,258,376,12303,1923,70,256,100,59,36,228,0,2,7,7,58,1,3,1,322,101,311,2,33,37,12,33,14,46,18,0,16,1,52,17,9,60,113,98,58,1,26,294,20,43,151,0,15,1,11,327,46,15,39,16
126,2688,36,10952,26,77,188,576,39,437,74,170,497,9756,22802,1238,168,141,147,913,110,188,105,8,77,21,20,20,249,1453,296,446,1047,33,366,128,184,96,185,3,477,1496,10382,49,1071,19,187,121,68,9085,7,45,12,6,3,40,1,0,6,6,28,1,0,1,65,17,66,2,18,15,9,10,6,14,7,0,17,0,8,18,6,29,30,26,25,0,17,78,10,13,30,0,12,0,3,55,16,5,11,8
27,149,83,9731,24,57,2201,1020,645,2014,423,262,431,751,1238,28883,383,899,4444,1517,715,472,85,75,118,44,11,19,128,449,12298,188,486,55,2059,2544,719,221,602,3,511,491,14459,34,641,12,93,169,46,297,8,43,36,3,16,33,7,19,65,64,185,17,15,15,71,56,352,11,306,45,85,41,52,32,82,3,16,1,22,156,6,55,74,127,21,1,165,430,78,23,142,0,22,1,6,52,14,46,98,69
0,1,1,15,0,2,9,3306,1439,230,1186,7355,5362,116,168,383,6874,3481,520,83,3574,160,249,30,14,1,8,1,4,54,1597,47,791,5,24,87,152,14,25,1,27,70,1378,18,18,34,114,2,1,74,0,0,1,1,0,0,9,24,51,177,13,13,14,6,0,2,12,24,47,10,17,8,29,0,13,1,4,0,0,18,1,3,1,5,3,0,71,17,3,5,3,0,5,0,2,0,0,1,7,2
2,2,2,31,1,1,2,5040,204,37,130,347,1396,65,141,899,3481,4305,2741,64,160,26,60,31,14,2,1,4,8,27,2136,84,936,0,6,21,106,4,12,0,13,19,965,9,60,9,66,2,0,23,0,1,2,1,0,0,7,34,49,168,16,13,19,10,1,2,6,32,56,6,33,10,32,2,24,0,1,0,0,26,1,6,7,6,5,1,55,12,2,5,2,0,3,0,0,0,2,1,0,4
0,5,8,129,1,3,43,3230,5672,1260,1449,688,701,52,147,4444,520,2741,15920,3016,1022,327,107,632,548,24,48,16,25,45,2468,121,357,35,51,2055,864,182,157,12,115,95,2090,90,386,21,79,3,0,27,0,7,23,0,1,14,14,38,233,303,185,26,36,26,23,26,158,45,428,76,136,39,184,28,136,2,14,1,8,234,3,66,28,44,29,1,334,263,33,32,58,3,16,2,5,10,2,19,56,46
25,51,11,980,20,5,139,6427,4953,136,169,1016,2745,960,913,1517,83,64,3016,22145,62,1155,1194,290,3329,190,1254,60,82,285,496,1108,5751,192,175,924,429,4827,72,3,115,132,2114,582,4207,88,382,22,37,115,6,4,60,1,2,9,168,222,35,629,33,53,169,371,93,63,56,14,69,1736,18,152,50,1341,11,18,258,2,9,16,29,1916,34,56,719,5,150,28,15,327,3,6,113,7,71,3,8,0,37,11
1,2,6,59,1,13,65,180,343,2964,526,3493,111,92,110,715,3574,160,1022,62,6533,166,392,93,20,8,19,22,15,99,547,107,328,16,341,925,605,25,491,6,236,626,6018,42,19,52,238,55,5,1196,1,1,7,0,2,3,3,12,114,103,75,19,14,4,10,11,85,11,198,11,60,21,61,5,51,1,6,2,6,84,2,11,12,37,3,0,139,113,22,11,40,1,6,1,6,4,2,10,31,16
445,951,707,1355,203,181,560,1852,1140,4811,1966,2314,303,448,188,472,160,26,327,1155,166,16248,4293,61,694,205,316,2789,3426,544,69,326,649,1199,357,284,273,552,451,454,11988,1259,380,1281,488,8505,1675,112,61,122,5,11,16,12,3,14,13,23,21,109,40,10,14,35,43,24,121,7,48,120,22,66,14,129,24,43,104,3,6,39,81,180,42,52,118,43,46,126,29,120,67,52,180,4,88,18,5,10,43,31
1,5,6,65,2,7,16,501,615,1745,1079,6236,156,94,105,85,249,60,107,1194,392,4293,10500,76,1427,459,685,161,89,157,76,905,4590,273,32,84,79,1416,61,64,172,448,622,3146,695,4083,8531,24,12,163,0,0,2,0,0,3,12,18,11,60,17,7,12,14,22,13,8,6,20,156,5,150,16,252,7,128,343,7,0,3,203,423,22,7,325,46,26,9,6,421,3,30,545,5,216,2,0,2,11,3
1,5,7,18,14,54,47,91,9920,134,43,103,38,14,8,75,30,31,632,290,93,61,76,5375,2570,22,1270,63,10,16,39,109,83,67,337,4663,4660,86,4326,185,22,34,130,572,31,18,78,225,63,13,0,3,8,0,1,9,8,36,121,187,65,12,11,13,8,8,49,20,222,45,50,33,88,42,52,20,37,1,2,82,13,53,5,19,39,8,229,96,9,33,30,10,64,0,23,5,1,3,18,10
2,9,5,119,12,35,106,206,6221,73,38,625,360,163,77,118,14,14,548,3329,20,694,1427,2570,11885,117,7241,156,34,93,18,1704,2733,310,231,1292,910,1392,345,378,28,76,99,6239,937,126,856,97,46,40,2,2,26,0,3,5,67,92,28,329,21,25,72,128,75,61,31,7,48,1205,10,308,84,1601,12,120,1105,7,13,13,160,1678,44,27,1358,27,130,13,24,1309,5,18,915,7,262,5,13,6,29,9
2,7,1,75,4,2,8,16,37,54,3,23,2,41,21,44,1,2,24,190,8,205,459,22,117,7657,156,50,8,42,7,6594,76,3391,1,28,8,4990,12,69,21,42,54,6991,1551,228,2135,5,4,18,0,0,1,0,0,1,0,1,2,5,11,2,4,1,1,5,4,2,1,6,2,134,2,47,3,204,232,7,1,2,330,60,6,2,113,80,2,0,1,183,1,55,581,9,252,0,0,0,7,2
3,5,7,23,15,153,24,119,2450,81,18,114,150,24,20,11,8,1,48,1254,19,316,685,1270,7241,156,9659,1355,30,30,6,727,468,733,117,289,1284,475,2166,6622,16,33,28,12510,319,242,928,573,129,7,1,2,2,0,0,2,1,1,5,23,9,3,6,7,8,3,7,3,5,33,7,122,9,142,4,230,741,26,4,5,316,254,11,3,223,117,4,3,6,540,1,218,980,12,277,5,0,2,14,4
68,96,92,103,49,49,37,16,82,79,15,9,1,129,20,19,1,4,16,60,22,2789,161,63,156,50,1355,74307,2001,352,5,178,32,12472,29,31,195,105,359,16614,766,149,44,1623,99,18160,10863,122,40,30,1,0,0,1,0,0,0,0,0,1,7,1,1,0,2,5,3,0,6,1,0,39,0,11,1,25,66,58,0,0,97,10,1,3,8,414,3,7,2,19,5,788,198,31,169,2,1,0,2,2
2096,1316,1172,973,1316,665,438,33,14,348,27,31,27,6732,249,128,4,8,25,82,15,3426,89,10,34,8,30,2001,102855,10449,38,123,139,102,150,48,121,22,178,96,24723,670,195,72,104,1161,135,105,5490,112,4,12,8,43,4,18,1,0,2,3,26,3,3,3,14,15,70,0,21,7,5,6,5,3,6,1,6,0,7,11,0,5,13,21,5,2,13,65,12,3,33,5,7,0,2,22,3,7,14,6
1165,1713,1334,2150,439,345,694,122,20,174,20,106,171,20936,1453,449,54,27,45,285,99,544,157,16,93,42,30,352,10449,42610,113,848,997,75,404,140,276,79,485,26,8980,7367,1478,137,456,122,421,122,1402,1879,16,50,30,30,10,37,1,3,7,7,39,3,5,1,97,36,159,0,35,15,12,19,12,20,16,4,17,1,16,29,5,22,58,85,18,2,16,209,34,12,106,1,21,1,4,64,9,11,40,21
5,6,5,489,11,9,88,623,124,141,80,302,343,215,296,12298,1597,2136,2468,496,547,69,76,39,18,7,6,5,38,113,9037,97,368,6,365,475,295,43,206,2,60,57,16185,13,182,12,85,19,18,39,2,3,7,0,2,12,5,8,53,53,48,4,4,4,32,13,82,8,99,7,24,14,54,8,30,0,4,2,9,43,0,17,21,24,11,0,69,110,15,7,37,0,2,0,1,8,5,10,24,10
9,22,14,207,9,17,42,91,209,274,22,79,166,803,446,188,47,84,121,1108,107,326,905,109,1704,6594,727,178,123,848,97,38117,4004,3677,51,109,45,4447,62,196,237,639,543,5600,6456,374,15715,26,51,435,0,2,5,0,0,2,1,10,10,36,21,3,9,9,14,14,4,4,14,60,13,276,18,268,8,373,601,21,6,6,552,392,17,4,388,190,11,11,11,574,1,164,1222,9,524,3,2,1,13,7
16,28,11,191,18,10,40,902,1023,605,293,4522,7796,1154,1047,486,791,936,357,5751,328,649,4590,83,2733,76,468,32,139,997,368,4004,14772,86,56,133,221,1047,68,11,295,870,1634,957,11346,189,3844,20,49,779,0,3,9,0,0,2,33,43,15,180,14,9,37,55,41,28,24,9,35,426,12,117,38,483,5,38,251,1,3,14,40,599,20,19,413,5,52,23,12,374,9,3,198,4,91,1,2,1,18,5
9,17,7,65,9,14,23,24,97,75,8,31,11,63,33,55,5,0,35,192,16,1199,273,67,310,3391,733,12472,102,75,6,3677,86,31236,16,48,52,1439,134,8394,59,58,61,6518,335,4066,22918,50,10,29,0,0,1,1,1,1,0,0,1,7,10,2,3,0,0,2,0,0,0,11,3,121,0,19,3,126,114,49,0,3,426,48,4,1,33,1039,1,0,2,51,0,890,657,49,664,0,0,0,11,2
65,273,223,1447,77,677,4024,24,336,1398,104,66,18,762,366,2059,24,6,51,175,341,357,32,337,231,1,117,29,150,404,365,51,56,16,6000,2256,717,35,8357,29,496,474,2150,61,37,15,26,3863,190,341,24,96,34,12,14,85,0,4,28,22,95,7,3,5,131,78,257,7,75,18,25,17,33,10,39,1,7,2,32,72,3,12,89,134,11,1,71,287,61,9,160,2,8,1,2,160,24,23,71,53
8,26,19,316,6,19,101,51,2121,1523,222,304,40,80,128,2544,87,21,2055,924,925,284,84,4663,1292,28,289,31,48,140,475,109,133,48,2256,10434,1807,144,4965,67,295,283,2071,217,80,16,57,80,15,142,2,11,26,4,8,16,4,31,147,142,291,30,24,12,45,60,420,17,562,65,171,56,136,40,158,2,18,3,28,267,7,61,96,164,44,3,334,641,125,48,193,5,16,7,11,20,5,46,179,107
56,104,73,234,27,144,175,1372,7911,1120,184,404,396,350,184,719,152,106,864,429,605,273,79,4660,910,8,1284,195,121,276,295,45,221,52,717,1807,1861,35,6303,455,404,453,2101,191,44,26,68,537,88,293,2,5,7,3,3,5,7,22,21,102,33,9,10,7,16,6,29,11,53,22,20,13,29,19,21,2,13,3,4,28,4,35,8,18,10,4,65,67,11,9,25,23,17,0,9,10,1,5,25,14
0,6,2,232,2,6,47,130,152,97,20,124,25,105,96,221,14,4,182,4827,25,552,1416,86,1392,4990,475,105,22,79,43,4447,1047,1439,35,144,35,22783,38,41,44,77,271,8453,5776,175,1779,7,12,41,1,1,8,0,0,1,1,5,7,35,15,3,9,3,19,22,8,3,12,90,10,312,21,391,0,254,701,11,3,8,461,576,31,7,627,48,5,8,11,807,4,38,1073,4,372,4,3,2,18,5
26,130,84,331,56,617,379,20,337,1302,124,69,9,601,185,602,25,12,157,72,491,451,61,4326,345,12,2166,359,178,485,206,62,68,134,8357,4965,6303,38,17121,942,553,578,1999,586,23,40,109,5107,364,345,15,50,34,7,6,57,4,11,75,42,259,22,9,3,164,111,545,6,351,26,70,67,74,18,95,7,21,6,60,158,14,33,160,221,19,16,264,644,106,30,248,47,36,4,17,97,20,52,133,76
8,7,12,11,17,84,3,10,233,27,5,9,1,13,3,3,1,0,12,3,6,454,64,185,378,69,6622,16614,96,26,2,196,11,8394,29,67,455,41,942,35952,34,11,20,9679,9,1451,1979,321,76,5,0,0,0,0,1,0,1,2,3,2,5,4,5,0,0,0,2,1,0,4,4,94,1,12,1,122,190,214,5,0,397,18,3,0,12,1498,4,1,0,50,14,2876,779,109,748,4,1,2,6,3
774,1604,1350,2706,333,308,894,62,42,11793,201,141,42,1118,477,511,27,13,115,115,236,11988,172,22,28,21,16,766,24723,8980,60,237,295,59,496,295,404,44,553,34,57756,10182,617,102,155,253,303,155,418,530,3,16,14,25,5,24,0,2,12,9,58,6,4,0,46,26,140,5,74,15,27,13,16,9,24,4,7,3,19,44,7,12,63,68,4,6,35,161,41,15,80,0,9,4,3,45,9,12,51,32
183,611,382,1981,54,96,666,66,64,7955,133,370,84,1333,1496,491,70,19,95,132,626,1259,448,34,76,42,33,149,670,7367,57,639,870,58,474,283,453,77,578,11,10182,26900,2075,174,153,170,834,164,54,7602,7,16,6,2,1,15,2,0,11,15,61,5,3,0,42,35,144,0,72,10,18,18,12,16,20,8,13,1,21,50,15,25,59,63,22,6,47,192,35,18,73,1,27,0,7,24,5,14,40,32
19,37,28,1758,24,80,586,1677,281,2304,313,1410,952,2646,10382,14459,1378,965,2090,2114,6018,380,622,130,99,54,28,44,195,1478,16185,543,1634,61,2150,2071,2101,271,1999,20,617,2075,31191,74,1288,66,446,287,71,9965,9,30,35,9,7,34,4,18,104,82,246,9,14,9,107,86,538,12,431,53,94,67,107,35,120,7,22,1,47,215,4,59,116,206,45,1,264,604,104,44,224,0,24,1,15,46,15,61,143,86
6,11,7,37,14,105,38,90,780,356,53,200,28,92,49,34,18,9,90,582,42,1281,3146,572,6239,6991,12510,1623,72,137,13,5600,957,6518,61,217,191,8453,586,9679,102,174,74,49395,397,1438,5968,313,87,53,3,3,6,2,0,2,2,7,10,33,50,16,12,6,22,25,8,5,24,50,22,702,19,425,14,1113,1497,69,7,11,1652,497,43,10,595,770,16,10,17,1076,8,774,3445,61,1559,1,1,7,49,13
33,78,19,1118,32,12,81,351,265,90,31,203,515,1555,1071,641,18,60,386,4207,19,488,695,31,937,1551,319,99,104,456,182,6456,11346,335,37,80,44,5776,23,9,155,153,1288,397,8659,59,559,3,65,158,3,1,7,0,0,3,19,26,13,75,10,17,34,22,41,33,25,3,21,423,4,227,35,796,8,92,463,4,8,10,137,965,33,11,795,15,21,12,18,873,5,10,650,4,176,3,4,3,18,8
22,36,35,39,20,19,22,143,159,540,101,319,34,57,19,12,34,9,21,88,52,8505,4083,18,126,228,242,18160,1161,122,12,374,189,4066,15,16,26,175,40,1451,253,170,66,1438,59,19648,11953,13,8,46,0,0,1,0,0,0,1,0,3,10,7,0,2,0,3,2,1,1,4,15,2,42,2,15,0,49,58,20,0,3,150,20,3,0,28,329,5,1,0,32,3,242,268,8,235,1,1,0,0,1
10,10,22,64,8,16,27,138,259,1124,144,619,98,258,187,93,114,66,79,382,238,1675,8531,78,856,2135,928,10863,135,421,85,15715,3844,22918,26,57,68,1779,109,1979,303,834,446,5968,559,11953,61684,40,26,349,1,1,5,0,1,1,3,4,9,27,17,6,6,3,9,7,6,2,10,32,6,268,5,140,3,348,504,43,0,9,746,224,14,9,237,881,18,7,8,338,2,680,1312,32,859,1,0,4,8,3
74,195,214,800,259,4546,2758,2,41,400,16,12,4,376,121,169,2,2,3,22,55,112,24,225,97,5,573,122,105,122,19,26,20,50,3863,80,537,7,5107,321,155,164,287,313,3,13,40,9036,1074,87,31,274,38,59,76,290,0,1,2,2,13,0,0,0,86,13,108,1,15,0,1,4,4,2,4,3,12,3,8,0,4,6,17,22,3,5,17,101,2,13,17,11,10,2,7,410,17,2,7,2
1715,510,458,399,3239,2954,417,5,17,47,3,3,10,12303,68,46,1,0,0,37,5,61,12,63,46,4,129,40,5490,1402,18,51,49,10,190,15,88,12,364,76,418,54,71,87,65,8,26,1074,11845,17,1,12,4,21,2,21,0,0,1,0,3,0,1,0,15,6,13,0,3,5,0,2,1,5,0,0,6,1,3,1,1,5,7,6,2,2,6,20,0,3,6,3,1,0,2,22,4,0,2,0
10,40,25,414,9,32,154,62,19,3958,25,212,143,1923,9085,297,74,23,27,115,1196,122,163,13,40,18,7,30,112,1879,39,435,779,29,341,142,293,41,345,5,530,7602,9965,53,158,46,349,87,17,19729,0,2,3,1,1,4,0,2,3,4,28,0,2,2,15,5,63,1,29,4,5,4,4,8,10,6,16,1,4,17,2,6,19,24,7,0,22,63,10,4,36,0,10,2,5,11,4,3,16,7
10,50,93,91,3,185,97,3,4,8,0,0,1,70,7,8,0,0,0,6,1,5,0,0,2,0,1,1,4,16,2,0,0,0,24,2,2,1,15,0,3,7,9,3,3,0,1,31,1,0,46606,19972,2541,10514,18152,3984,0,0,4,5,182,7,3,2,14758,99,579,2,22,24,12,211,3,20,3,10,14,54,1998,5,8,18,772,30,35,5,52,216,7,90,98,10,13,37,8,690,10463,283,172,14
78,355,592,771,38,302,1020,2,9,19,0,1,0,256,45,43,0,1,7,4,1,11,0,3,2,0,2,0,12,50,3,2,3,0,96,11,5,1,50,0,16,16,30,3,1,0,1,274,12,2,19972,74171,17202,12186,3397,9405,2,2,8,11,856,15,5,3,8723,153,947,3,28,22,17,1086,9,18,9,9,8,130,1803,7,14,38,2050,27,40,11,109,411,20,60,102,23,12,123,23,954,1959,1330,1395,53
6,73,80,140,7,22,126,38,66,16,4,4,3,100,12,36,1,2,23,60,7,16,2,8,26,1,2,0,8,30,7,5,9,1,34,26,7,8,34,0,14,6,35,6,7,1,5,38,4,3,2541,17202,42686,280,933,11503,38,63,170,117,1337,67,35,50,19717,7989,11287,13,479,424,81,598,34,116,58,36,41,50,929,124,30,212,1650,720,396,11,256,624,105,924,122,11,86,20,47,314,1434,701,1429,136
112,74,911,174,256,1709,454,0,1,10,0,0,0,59,6,3,1,1,0,1,0,12,0,0,0,0,0,1,43,30,0,0,0,1,12,4,3,0,7,0,25,2,9,2,0,0,0,59,21,1,10514,12186,280,21998,12295,15820,0,1,1,0,83,2,1,0,426,30,152,0,5,3,4,243,3,4,0,2,3,50,799,2,2,7,629,9,8,5,19,91,1,7,117,5,1,53,14,827,761,297,179,16
9,53,120,148,4,124,238,2,3,3,2,0,1,36,3,16,0,0,1,2,2,3,0,1,3,0,0,0,4,10,2,0,0,1,14,8,3,0,6,1,5,1,7,0,0,0,1,76,2,1,18152,3397,933,12295,17873,10722,0,2,2,6,76,2,1,0,664,27,434,1,9,4,5,37,24,135,6,1,145,7,140,6,4,14,84,20,4,4,98,628,9,24,582,56,63,13,11,5085,5461,45,62,22
68,324,628,776,42,350,1146,13,17,28,4,2,2,228,40,33,0,0,14,9,3,14,3,9,5,1,2,0,18,37,12,2,2,1,85,16,5,1,57,0,24,15,34,2,3,0,1,290,21,4,3984,9405,11503,15820,10722,31828,0,2,7,38,1202,19,8,4,2377,132,6549,5,100,46,39,522,49,42,25,9,14,39,613,27,12,38,974,53,27,1,149,1367,23,150,234,8,23,42,19,3253,799,788,1311,98
0,0,0,4,0,0,0,250,507,6,5,21,69,0,1,7,9,7,14,168,3,13,12,8,67,0,1,0,1,1,5,1,33,0,0,4,7,1,4,1,0,2,4,2,19,1,3,0,0,0,0,2,38,0,0,0,1922,6064,763,582,33,75,153,2399,96,132,166,531,101,986,28,116,62,74,20,1,22,1,4,116,5,1127,18,246,56,1,446,2,60,23,2,1,10,1,14,0,1,2,14,10
0,1,1,4,0,1,1,513,910,13,18,43,133,2,0,19,24,34,38,222,12,23,18,36,92,1,1,0,0,3,8,10,43,0,4,31,22,5,11,2,2,0,18,7,26,0,4,1,0,2,0,2,63,1,2,2,6064,16406,2181,4118,194,729,677,2413,141,126,253,2479,278,4860,145,1181,147,213,41,18,80,3,6,196,31,1198,24,279,1051,6,974,3,33,340,2,5,44,21,52,1,7,5,12,14
0,1,0,17,0,2,8,239,393,92,59,104,14,7,6,65,51,49,233,35,114,21,11,121,28,2,5,0,2,7,53,10,15,1,28,147,21,7,75,3,12,11,104,10,13,3,9,2,1,3,4,8,170,1,2,7,763,2181,4793,2867,804,1212,2586,2038,214,332,2089,5208,3516,342,1033,1275,103,68,1267,15,29,4,10,3700,41,2322,37,851,310,9,774,45,127,44,44,3,34,26,187,3,12,12,49,60
0,0,1,17,0,1,6,2409,4662,75,124,313,433,7,6,64,177,168,303,629,103,109,60,187,329,5,23,1,3,7,53,36,180,7,22,142,102,35,42,2,9,15,82,33,75,10,27,2,0,4,5,11,117,0,6,38,582,4118,2867,34185,581,1034,1430,1026,78,97,394,739,5617,2805,613,1576,8723,6006,113,27,673,18,6,166,62,1277,26,161,506,14,10956,168,30,405,62,9,285,35,189,12,7,6,46,42
9,19,13,31,3,7,39,66,141,133,33,37,10,58,28,185,13,16,185,33,75,40,17,65,21,11,9,7,26,39,48,21,14,10,95,291,33,15,259,5,58,61,246,50,10,7,17,13,3,28,182,856,1337,83,76,1202,33,194,804,581,36951,4378,2594,52,484,1375,3725,321,1420,138,5546,4449,167,112,624,62,171,206,266,366,161,522,478,680,174,119,1578,1083,972,156,684,85,332,266,623,249,247,28200,25133,4492
0,0,1,2,1,0,2,62,113,14,9,18,13,1,1,17,13,13,26,53,19,10,7,12,25,2,3,1,3,3,4,3,9,2,7,30,9,3,22,4,6,5,9,16,17,0,6,0,0,0,7,15,67,2,2,19,75,729,1212,1034,4378,4901,5154,151,94,127,283,788,626,136,4796,7231,85,153,221,13,103,17,68,210,11,610,69,142,25,17,473,68,83,48,30,6,68,162,199,5,6,65,196,132
0,1,0,6,0,0,2,117,201,13,5,12,38,3,0,15,14,19,36,169,14,14,12,11,72,4,6,1,3,5,4,9,37,3,3,24,10,9,9,5,4,3,14,12,34,2,6,0,1,2,3,5,35,1,1,8,153,677,2586,1430,2594,5154,25115,9501,79,271,469,6294,423,262,6546,7089,125,329,1508,23,264,31,17,2670,62,7285,50,462,67,27,561,58,462,76,37,7,148,230,481,8,0,67,234,367
0,0,0,1,0,1,4,410,616,5,3,34,128,1,1,15,6,10,26,371,4,35,14,13,128,1,7,0,3,1,4,9,55,0,5,12,7,3,3,0,0,0,9,6,22,0,3,0,0,2,2,3,50,0,0,4,2399,2413,2038,1026,52,151,9501,11989,156,319,372,5746,174,522,842,267,124,179,280,1,169,5,13,956,10,7540,56,518,74,3,654,10,262,16,7,2,13,9,35,2,3,4,48,59
58,190,218,269,18,59,266,50,50,41,4,5,15,322,65,71,0,1,23,93,10,43,22,8,75,1,8,2,14,97,32,14,41,0,131,45,16,19,164,0,46,42,107,22,41,3,9,86,15,15,14758,8723,19717,426,664,2377,96,141,214,78,484,94,79,156,52185,15118,3146,19,349,503,71,444,26,115,86,176,88,73,8693,170,213,690,18047,1452,2471,39,501,818,458,1325,289,25,108,54,149,585,16080,459,1065,541
8,36,45,69,3,7,45,24,34,52,6,7,15,101,17,56,2,2,26,63,11,24,13,8,61,5,3,5,15,36,13,14,28,2,78,60,6,22,111,0,26,35,86,25,33,2,7,13,6,5,99,153,7989,30,27,132,132,126,332,97,1375,127,271,319,15118,31664,4836,78,433,527,230,600,19,131,575,92,98,59,573,451,252,1684,6407,7298,1790,78,559,376,9192,603,203,23,94,34,399,156,249,489,4209,6499
35,196,227,329,12,55,325,54,93,236,28,28,10,311,66,352,12,6,158,56,85,121,8,49,31,4,7,3,70,159,82,4,24,0,257,420,29,8,545,2,140,144,538,8,25,1,6,108,13,63,579,947,11287,152,434,6549,166,253,2089,394,3725,283,469,372,3146,4836,42513,278,7845,593,1065,764,189,316,1256,29,67,31,412,7698,50,919,1008,12159,441,15,1149,8691,740,453,822,2,94,27,142,1319,451,598,1455,820
0,0,0,2,0,0,1,164,285,5,16,26,11,2,2,11,24,32,45,14,11,7,6,20,7,2,3,0,0,0,8,4,9,0,7,17,11,3,6,1,5,0,12,5,3,1,2,1,0,1,2,3,13,0,1,5,531,2479,5208,739,321,788,6294,5746,19,78,278,7222,360,31,6005,359,93,21,1429,5,12,5,1,2230,15,1299,18,216,14,4,573,39,104,11,12,5,25,13,117,2,2,6,41,156
4,9,3,47,1,4,36,211,405,258,58,91,21,33,18,306,47,56,428,69,198,48,20,222,48,1,5,6,21,35,99,14,35,0,75,562,53,12,351,0,74,72,431,24,21,4,10,15,3,29,22,28,479,5,9,100,101,278,3516,5617,1420,626,423,174,349,433,7845,360,12418,995,1426,660,4693,1105,833,21,156,9,48,2042,36,525,148,1039,174,6,1522,1836,208,359,186,7,177,17,93,24,41,104,340,333
3,3,1,27,1,1,6,610,882,27,6,94,274,37,15,45,10,6,76,1736,11,120,156,45,1205,6,33,1,7,15,7,60,426,11,18,65,22,90,26,4,15,10,53,50,423,15,32,0,5,4,24,22,424,3,4,46,986,4860,342,2805,138,136,262,522,503,527,593,31,995,12159,99,405,104,3037,72,46,991,8,26,155,88,4055,69,582,1946,10,471,49,99,3585,26,3,514,13,193,8,28,21,67,28
0,3,1,16,0,1,9,87,155,78,21,42,7,12,9,85,17,33,136,18,60,22,5,50,10,2,7,0,5,12,24,13,12,3,25,171,20,10,70,4,27,18,94,22,4,2,6,1,0,5,12,17,81,4,5,39,28,145,1033,613,5546,4796,6546,842,71,230,1065,6005,1426,99,18212,2123,160,68,3912,25,81,59,48,1648,82,1133,203,248,47,49,1155,380,526,64,238,23,149,118,556,28,11,141,1173,4310
1,3,6,15,0,11,6,79,148,43,14,23,20,33,10,41,8,10,39,152,21,66,150,33,308,134,122,39,6,19,14,276,117,121,17,56,13,312,67,94,13,18,67,702,227,42,268,4,2,4,211,1086,598,243,37,522,116,1181,1275,1576,4449,7231,7089,267,444,600,764,359,660,405,2123,55269,131,1144,620,526,1640,2107,3512,632,981,7450,1114,394,585,1293,432,200,421,1119,112,700,3142,13420,14966,53,127,4713,1417,564
0,4,1,10,0,1,17,149,308,64,30,66,10,14,6,52,29,32,184,50,61,14,16,88,84,2,9,0,5,12,54,18,38,0,33,136,29,21,74,1,16,12,107,19,35,2,5,4,1,4,3,9,34,3,24,49,62,147,103,8723,167,85,125,124,26,19,189,93,4693,104,160,131,8188,2893,84,8,738,15,8,78,49,346,28,17,45,17,4374,3942,16,203,1301,106,340,6,89,106,12,4,25,29
1,4,0,51,2,2,6,249,439,16,11,94,150,46,14,32,0,2,28,1341,5,129,252,42,1601,47,142,11,3,20,8,268,483,19,10,40,19,391,18,12,9,16,35,425,796,15,140,2,5,8,20,18,116,4,135,42,74,213,68,6006,112,153,329,179,115,131,316,21,1105,3037,68,1144,2893,13336,45,64,12005,52,23,37,301,3223,77,71,567,96,1308,986,59,1372,895,349,3370,37,731,280,63,16,75,42
0,1,1,15,1,0,3,50,95,95,17,22,2,18,7,82,13,24,136,11,51,24,7,52,12,3,4,1,6,16,30,8,5,3,39,158,21,0,95,1,24,20,120,14,8,0,3,4,0,10,3,9,58,0,6,25,20,41,1267,113,624,221,1508,280,86,575,1256,1429,833,72,3912,620,84,45,6631,10,33,15,22,6576,60,1071,152,1622,56,20,685,341,4824,36,181,11,33,34,298,32,2,46,591,2696
0,1,1,3,0,3,0,5,20,14,0,7,1,0,0,3,1,0,2,18,1,43,128,20,120,204,230,25,1,4,0,373,38,126,1,2,2,254,7,122,4,8,7,1113,92,49,348,3,0,6,10,9,36,2,1,9,1,18,15,27,62,13,23,1,176,92,29,5,21,46,25,526,8,64,10,5869,430,92,29,10,12335,704,169,19,1838,4452,10,3,26,4550,9,133,8118,67,1168,1,14,19,92,26
1,2,0,36,0,4,5,40,135,21,4,39,27,16,17,16,4,1,14,258,6,104,343,37,1105,232,741,66,6,17,4,601,251,114,7,18,13,701,21,190,7,13,22,1497,463,58,504,12,6,16,14,8,41,3,145,14,22,80,29,673,171,103,264,169,88,98,67,12,156,991,81,1640,738,12005,33,430,15063,744,35,24,1092,2247,106,56,1075,487,1074,332,69,1384,1258,7577,8731,174,1583,316,55,26,147,55
0,1,1,1,0,1,1,1,4,4,0,0,0,1,0,1,0,0,1,2,2,3,7,1,7,7,26,58,0,1,2,21,1,49,2,3,3,11,6,214,3,1,1,69,4,20,43,3,1,1,54,130,50,50,7,39,1,3,4,18,206,17,31,5,73,59,31,5,9,8,59,2107,15,52,15,92,744,62864,2073,12,519,110,492,16,89,17721,51,11,34,145,58,25580,706,28745,3357,19,25,634,321,86
5,26,18,30,2,21,36,6,5,19,1,1,0,52,8,22,0,0,8,9,6,6,0,2,13,1,4,0,7,16,9,6,3,0,32,28,4,3,60,5,19,21,47,7,8,0,0,8,3,4,1998,1803,929,799,140,613,4,6,10,6,266,68,17,13,8693,573,412,1,48,26,48,3512,8,23,22,29,35,2073,188262,10,83,136,30890,144,288,76,212,162,86,121,90,111,44,1876,130,88,15229,22990,1265,150
3,6,3,22,3,2,20,72,130,140,31,38,3,17,18,156,18,26,234,16,84,39,3,82,13,2,5,0,11,29,43,6,14,3,72,267,28,8,158,0,44,50,215,11,10,3,9,0,1,17,5,7,124,2,6,27,116,196,3700,166,366,210,2670,956,170,451,7698,2230,2042,155,1648,632,78,37,6576,10,24,12,10,12759,63,2075,56,5861,182,20,760,239,1515,50,126,3,37,23,357,20,12,14,119,410
0,0,0,6,1,1,1,8,26,22,1,10,2,9,6,6,1,1,3,29,2,81,203,13,160,330,316,97,0,5,0,552,40,426,3,7,4,461,14,397,7,15,4,1652,137,150,746,4,1,2,8,14,30,2,4,12,5,31,41,62,161,11,62,10,213,252,50,15,36,88,82,981,49,301,60,12335,1092,519,83,63,31176,4440,556,70,6957,11054,24,17,183,2683,29,804,5800,233,16582,9,16,44,464,145
2,1,2,45,2,2,9,497,718,35,17,141,212,60,29,55,3,6,66,1916,11,180,423,53,1678,60,254,10,5,22,17,392,599,48,12,61,35,576,33,18,12,25,59,497,965,20,224,6,5,6,18,38,212,7,14,38,1127,1198,2322,1277,522,610,7285,7540,690,1684,919,1299,525,4055,1133,7450,346,3223,1071,704,2247,110,136,2075,4440,29109,865,1363,18445,307,742,116,1850,1699,64,70,1844,156,6911,25,41,89,965,669
11,34,46,62,4,19,45,13,16,66,5,7,4,113,30,74,1,7,28,34,12,42,22,5,44,6,11,1,13,58,21,17,20,4,89,96,8,31,160,3,63,59,116,43,33,3,14,17,7,19,772,2050,1650,629,84,974,18,24,37,26,478,69,50,56,18047,6407,1008,18,148,69,203,1114,28,77,152,169,106,492,30890,56,556,865,71456,554,1487,182,677,415,851,337,285,115,136,336,516,173,3092,11204,18563,2210
9,31,32,63,8,10,48,23,46,97,12,11,5,98,26,127,5,6,44,56,37,52,7,19,27,2,3,3,21,85,24,4,19,1,134,164,18,7,221,0,68,63,206,10,11,0,9,22,6,24,30,27,720,9,20,53,246,279,851,161,680,142,462,518,1452,7298,12159,216,1039,582,248,394,17,71,1622,19,56,16,144,5861,70,1363,554,14793,923,15,736,469,9096,311,313,3,57,10,176,177,68,161,602,765
3,3,0,42,1,1,7,67,157,15,2,95,29,58,25,21,3,5,29,719,3,118,325,39,1358,113,223,8,5,18,11,388,413,33,11,44,10,627,19,12,4,22,45,595,795,28,237,3,2,7,35,40,396,8,4,27,56,1051,310,506,174,25,67,74,2471,1790,441,14,174,1946,47,585,45,567,56,1838,1075,89,288,182,6957,18445,1487,923,9394,244,98,24,486,1603,11,78,477,44,1173,7,155,98,548,178
0,0,1,0,0,1,0,1,7,4,1,3,1,1,0,1,0,1,1,5,0,43,46,8,27,80,117,414,2,2,0,190,5,1039,1,3,4,48,16,1498,6,6,1,770,15,329,881,5,2,0,5,11,11,5,4,1,1,6,9,14,119,17,27,3,39,78,15,4,6,10,49,1293,17,96,20,4452,487,17721,76,20,11054,307,182,15,244,67169,23,6,38,1435,33,5828,11409,11987,13418,9,12,58,180,56
4,11,4,27,2,4,23,537,1452,152,60,163,142,26,17,165,71,55,334,150,139,46,26,229,130,2,4,3,13,16,69,11,52,1,71,334,65,5,264,4,35,47,264,16,21,5,18,17,6,22,52,109,256,19,98,149,446,974,774,10956,1578,473,561,654,501,559,1149,573,1522,471,1155,432,4374,1308,685,10,1074,51,212,760,24,742,677,736,98,23,3323,3591,651,63,4081,205,151,33,67,417,85,353,1156,618
28,138,185,287,9,42,269,27,64,321,31,32,8,294,78,430,17,12,263,28,113,126,9,96,13,0,3,7,65,209,110,11,23,0,287,641,67,8,644,1,161,192,604,10,12,1,7,101,20,63,216,411,624,91,628,1367,2,3,45,168,1083,68,58,10,818,376,8691,39,1836,49,380,200,3942,986,341,3,332,11,162,239,17,116,415,469,24,6,3591,15169,285,94,8876,37,148,8,29,5850,279,171,567,351
2,1,4,13,1,3,6,8,11,77,8,7,0,20,10,78,3,2,33,15,22,29,6,9,24,1,6,2,12,34,15,11,12,2,61,125,11,11,106,0,41,35,104,17,18,0,8,2,0,10,7,20,105,1,9,23,60,33,127,30,972,83,462,262,458,9192,740,104,208,99,526,421,16,59,4824,26,69,34,86,1515,183,1850,851,9096,486,38,651,285,17474,72,198,13,62,25,432,55,12,173,2395,7264
1,5,2,41,0,1,8,24,95,25,4,58,10,43,13,23,5,5,32,327,11,120,421,33,1309,183,540,19,3,12,7,574,374,51,9,48,9,807,30,50,15,18,44,1076,873,32,338,13,3,4,90,60,924,7,24,150,23,340,44,405,156,48,76,16,1325,603,453,11,359,3585,64,1119,203,1372,36,4550,1384,145,121,50,2683,1699,337,311,1603,1435,63,94,72,19179,80,187,14847,81,1564,34,146,62,200,49
13,66,75,93,4,17,87,10,15,125,14,5,3,151,30,142,3,2,58,3,40,67,3,30,5,1,1,5,33,106,37,1,9,0,160,193,25,4,248,14,80,73,224,8,5,3,2,17,6,36,98,102,122,117,582,234,2,2,44,62,684,30,37,7,289,203,822,12,186,26,238,112,1301,895,181,9,1258,58,90,126,29,64,285,313,11,33,4081,8876,198,80,13900,337,257,11,46,7401,293,123,352,218
0,1,1,0,0,3,0,1,12,11,0,1,2,0,0,0,0,0,3,6,1,52,30,10,18,55,218,788,5,1,0,164,3,890,2,5,23,38,47,2876,0,1,0,774,10,242,680,11,3,0,10,23,11,5,56,8,1,5,3,9,85,6,7,2,25,23,2,5,7,3,23,700,106,349,11,133,7577,25580,111,3,804,70,115,3,78,5828,205,37,13,187,337,49470,10051,3413,2356,89,11,82,123,19
0,2,0,27,0,5,1,28,95,41,2,25,4,15,12,22,5,3,16,113,6,180,545,64,915,581,980,198,7,21,2,1222,198,657,8,16,17,1073,36,779,9,27,24,3445,650,268,1312,10,1,10,13,12,86,1,63,23,10,44,34,285,332,68,148,13,108,94,94,25,177,514,149,3142,340,3370,33,8118,8731,706,44,37,5800,1844,136,57,477,11409,151,148,62,14847,257,10051,52856,473,5872,104,28,49,294,111
0,2,0,1,0,2,2,2,6,2,1,0,0,1,0,1,0,0,2,7,1,4,5,0,7,9,12,31,0,1,0,9,4,49,1,7,0,4,4,109,4,0,1,61,4,8,32,2,0,2,37,123,20,53,13,42,1,21,26,35,266,162,230,9,54,34,27,13,17,13,118,13420,6,37,34,67,174,28745,1876,23,233,156,336,10,44,11987,33,8,25,81,11,3413,473,29258,10631,4,9,557,179,75
0,0,0,6,0,4,2,15,50,16,2,11,2,11,3,6,2,0,5,71,6,88,216,23,262,252,277,169,2,4,1,524,91,664,2,11,9,372,17,748,3,7,15,1559,176,235,859,7,2,5,8,23,47,14,11,19,14,52,187,189,623,199,481,35,149,399,142,117,93,193,556,14966,89,731,298,1168,1583,3357,130,357,16582,6911,516,176,1173,13418,67,29,432,1564,46,2356,5872,10631,35452,21,18,116,747,357
82,397,584,840,47,282,1174,5,3,24,2,2,1,327,55,52,0,0,10,3,4,18,2,5,5,0,5,2,22,64,8,3,1,0,160,20,10,4,97,4,45,24,46,1,3,1,1,410,22,11,690,954,314,827,5085,3253,0,1,3,12,249,5,8,2,585,156,1319,2,24,8,28,53,106,280,32,1,316,19,88,20,9,25,173,177,7,9,417,5850,55,34,7401,89,104,4,21,9204,948,69,152,73
7,26,31,46,6,27,58,2,12,9,3,1,3,46,16,14,0,2,2,8,2,5,0,1,13,0,0,1,3,9,5,2,2,0,24,5,1,3,20,1,9,5,15,1,4,1,0,17,4,4,10463,1959,1434,761,5461,799,1,7,12,7,247,6,0,3,16080,249,451,2,41,28,11,127,12,63,2,14,55,25,15229,12,16,41,3092,68,155,12,85,279,12,146,293,11,28,9,18,948,41031,524,858,21
0,3,7,9,3,6,10,3,9,23,5,4,2,15,5,46,1,1,19,0,10,10,2,3,6,0,2,0,7,11,10,1,1,0,23,46,5,2,52,2,12,14,61,7,3,0,4,2,0,3,283,1330,701,297,45,788,2,5,12,6,28200,65,67,4,459,489,598,6,104,21,141,4713,4,16,46,19,26,634,22990,14,44,89,11204,161,98,58,353,171,173,62,123,82,49,557,116,69,524,61445,7351,292
2,11,10,18,3,6,19,11,24,70,7,7,4,39,11,98,7,0,56,37,31,43,11,18,29,7,14,2,14,40,24,13,18,11,71,179,25,18,133,6,51,40,143,49,18,0,8,7,2,16,172,1395,1429,179,62,1311,14,12,49,46,25133,196,234,48,1065,4209,1455,41,340,67,1173,1417,25,75,591,92,147,321,1265,119,464,965,18563,602,548,180,1156,567,2395,200,352,123,294,179,747,152,858,7351,36094,13710
0,4,1,9,0,0,6,9,15,53,7,3,4,16,8,69,2,4,46,11,16,31,3,10,9,2,4,2,6,21,10,7,5,2,53,107,14,5,76,3,32,32,86,13,8,1,3,2,0,7,14,53,136,16,22,98,10,14,60,42,4492,132,367,59,541,6499,820,156,333,28,4310,564,29,42,2696,26,55,86,150,410,145,669,2210,765,178,56,618,351,7264,49,218,19,111,75,357,73,21,292,13710,16831
