23987,12849,11981,2738,11650,3267,1395,4,2,4,0,1,3,13512,78,33,0,0,3,5,2,73,3,4,3,3,0,14,900,352,2,6,7,5,43,20,2,2,33,2,134,16,23,1,16,4,13,50,2235,0,2,7,5,24,8,13,0,0,1,0,1,0,1,0,3,3,11,0,4,1,0,1,0,0,0,0,0,0,2,0,0,0,1,2,0,0,0,11,0,1,3,0,0,0,0,8,0,1,0,0
12849,31055,8067,20343,2745,2388,3117,6,10,19,1,1,2,9827,1647,208,0,0,9,14,3,155,2,6,8,8,3,16,573,558,4,12,11,5,106,54,7,5,89,4,257,56,85,3,19,9,8,83,730,4,5,7,8,79,25,26,0,1,0,0,0,0,0,0,3,7,27,0,3,1,0,5,0,1,0,0,0,0,4,0,0,1,1,5,2,0,2,35,2,1,7,0,0,0,0,17,3,0,3,1
11981,8067,30448,8557,7244,7034,9696,3,2,7,0,0,0,1126,53,10,0,0,1,2,1,89,0,1,0,1,2,11,200,240,0,1,4,1,45,9,2,5,62,1,95,30,8,2,7,2,5,52,258,2,1,5,2,990,9,24,0,0,0,0,0,0,0,0,3,3,15,1,0,0,0,1,0,1,0,0,0,0,4,0,0,0,2,5,0,0,0,23,2,0,4,0,1,0,0,11,0,0,0,0
2738,20343,8557,51054,3255,4535,22087,101,152,164,28,30,54,12983,10041,7635,16,3,116,169,64,607,40,65,128,86,54,53,1115,1821,234,137,114,46,855,1030,86,126,782,12,743,334,2747,48,370,30,85,562,1123,104,11,41,42,329,77,183,1,3,4,12,24,1,2,0,27,33,156,1,29,6,1,20,6,15,9,1,7,0,17,4,1,5,31,41,6,0,11,193,9,10,76,3,6,0,0,119,21,6,10,8
11650,2745,7244,3255,24284,18849,3511,1,8,10,0,5,2,3173,130,66,0,0,4,8,0,63,0,4,6,2,3,7,367,157,3,7,5,4,95,20,5,2,96,5,102,13,32,3,8,6,7,436,3766,3,2,4,8,44,13,22,0,0,0,1,1,0,0,0,6,6,16,0,0,0,0,5,0,0,1,0,0,0,3,0,0,0,5,3,1,0,0,28,1,0,9,0,0,0,0,12,4,2,2,0
3267,2388,7034,4535,18849,24698,21632,1,21,22,5,2,1,1489,304,99,0,0,8,11,3,102,3,30,20,6,50,8,146,213,16,16,21,5,1110,148,85,8,1130,4,74,35,55,13,12,2,13,4555,2455,10,12,25,20,411,72,181,0,0,0,2,4,0,0,0,21,6,49,1,7,1,1,1,0,7,2,0,0,0,8,0,0,1,7,11,0,0,0,84,1,3,33,0,0,0,0,43,10,3,5,1
1395,3117,9696,22087,3511,21632,24221,44,227,121,17,27,21,2355,559,2646,10,6,101,78,49,266,28,92,109,35,54,23,311,537,100,63,73,18,4019,1542,154,58,3748,4,308,124,356,37,117,10,39,1802,425,37,28,89,92,524,223,452,4,3,2,19,14,3,1,1,64,79,293,1,52,4,9,12,5,16,15,2,3,2,27,8,0,2,50,80,8,1,9,327,17,3,128,0,2,2,0,199,23,19,35,10
4,6,3,101,1,1,44,37163,6709,140,1383,1316,7925,238,354,1359,5345,7236,3510,7686,1888,2828,194,69,372,67,215,17,42,207,2022,322,1767,28,22,188,708,210,55,3,61,88,1684,74,1284,61,167,17,7,79,0,0,4,0,0,0,59,85,23,353,22,4,49,51,3,5,35,27,75,87,22,27,53,188,8,2,38,1,1,6,2,51,5,9,55,3,33,23,1,14,4,1,5,2,6,5,0,2,6,10
2,10,2,152,8,21,227,6709,48469,226,700,2423,2511,75,72,886,1425,150,8678,4183,1058,1538,250,4995,4671,126,3690,28,9,68,206,288,1610,72,224,3278,4702,275,976,38,63,68,305,350,443,43,256,219,9,68,0,0,15,0,2,8,166,311,66,1117,38,25,138,181,9,24,102,77,199,323,86,101,158,695,48,5,195,0,5,29,3,180,14,44,201,5,75,76,17,85,18,0,34,1,11,13,2,13,20,23
4,19,7,164,10,22,121,140,226,34743,3162,1348,116,124,160,1414,120,7,735,106,4204,4416,471,53,140,106,172,87,252,218,233,469,516,102,129,999,611,120,562,24,19900,10249,1574,384,165,187,820,183,9,4326,0,4,11,2,3,23,2,8,17,25,55,9,1,4,7,20,211,6,177,2,18,34,8,23,65,3,7,0,12,28,2,12,22,62,8,2,25,89,46,11,41,1,19,4,14,37,2,22,36,32
0,1,0,28,0,5,17,1383,700,3162,5790,6382,424,10,21,465,775,56,1281,125,2194,4027,936,71,67,31,76,36,15,30,236,46,268,26,22,252,193,45,94,9,128,137,191,135,65,157,183,9,0,54,0,0,3,0,1,1,0,1,9,19,10,4,3,3,3,1,24,3,58,1,8,10,2,4,21,2,1,1,0,6,1,3,3,1,2,4,3,21,11,5,10,0,9,1,3,4,1,2,11,12
1,1,0,30,5,2,27,1316,2423,1348,6382,18524,11866,35,60,176,6607,142,469,1142,8123,2320,3661,100,1395,53,575,29,26,80,355,269,6005,43,26,235,460,146,91,14,84,209,478,235,237,146,647,17,1,156,0,0,2,0,1,2,10,15,6,55,6,0,13,12,2,4,21,7,41,32,4,15,6,98,9,4,29,3,0,6,2,19,1,2,31,3,6,7,1,26,4,1,19,0,7,1,0,0,5,1
3,2,0,54,2,1,21,7925,2511,116,424,11866,24955,144,196,434,5210,445,606,2450,2060,399,110,33,441,18,314,7,29,152,1084,223,6514,9,19,111,585,33,31,2,70,122,774,25,473,16,141,9,4,142,0,0,2,1,0,3,31,53,5,152,3,4,27,28,1,6,15,3,18,70,3,23,19,171,7,1,44,0,0,2,2,32,4,7,44,0,14,7,2,6,1,0,4,0,0,2,1,2,2,3
13512,9827,1126,12983,3173,1489,2355,238,75,124,10,35,144,56102,14062,1648,21,7,71,367,102,474,49,15,90,99,50,122,10539,19350,193,521,389,65,242,297,87,113,253,11,1426,1655,3286,74,846,47,223,267,13913,1969,5,14,28,20,33,82,1,1,1,10,13,0,3,0,19,29,113,0,15,3,2,16,1,17,5,1,3,0,4,2,0,4,17,34,6,3,4,121,6,7,42,0,2,0,4,69,8,6,12,3
78,1647,53,10041,130,304,559,354,72,160,21,60,196,14062,12279,3877,47,14,108,372,178,394,29,7,109,93,41,32,538,2998,561,475,375,33,131,291,61,89,107,4,849,1182,12855,50,813,22,173,131,233,4833,1,7,9,4,8,22,3,0,1,6,10,0,2,3,5,10,52,0,10,4,2,11,0,10,5,0,1,0,8,5,0,5,15,13,5,1,5,41,4,7,22,0,4,0,2,15,3,2,9,1
33,208,10,7635,66,99,2646,1359,886,1414,465,176,434,1648,3877,22140,553,675,4395,495,1512,993,58,74,197,90,83,31,275,781,9724,268,443,49,1864,5764,392,176,691,4,866,592,12670,44,773,14,162,544,110,396,6,20,52,7,39,131,1,5,28,55,99,8,4,6,48,83,488,4,197,16,27,67,23,32,95,8,8,1,25,44,1,13,64,151,19,3,32,376,86,12,156,1,4,1,5,151,8,45,110,63
0,0,0,16,0,0,10,5345,1425,120,775,6607,5210,21,47,553,5721,2188,967,127,7773,184,143,62,55,6,38,4,4,30,3840,128,895,8,9,117,374,20,43,4,25,47,588,25,96,13,139,4,0,59,0,0,2,0,0,0,0,5,12,44,9,3,3,1,0,0,9,6,40,1,14,8,9,13,10,2,1,0,0,2,0,3,1,3,2,0,7,10,1,0,2,0,0,0,0,0,0,0,5,4
0,0,0,3,0,0,6,7236,150,7,56,142,445,7,14,675,2188,1331,782,84,1618,73,12,9,14,2,7,0,1,7,4422,56,216,1,0,31,36,7,9,1,2,2,179,3,59,1,23,0,0,11,0,0,0,0,0,1,0,3,4,8,1,0,1,0,0,1,3,2,5,0,3,2,1,4,2,0,0,0,0,0,0,0,0,1,0,0,0,5,0,0,0,0,0,0,0,1,0,0,1,1
3,9,1,116,4,8,101,3510,8678,735,1281,469,606,71,108,4395,967,782,11346,721,2065,1199,50,403,321,61,86,14,20,87,2721,157,385,28,127,6161,805,145,431,6,142,152,884,50,398,19,96,55,9,94,2,3,17,2,2,19,12,26,63,129,122,11,14,16,6,15,229,21,596,24,79,57,47,54,171,0,11,0,13,71,1,15,23,38,12,1,35,124,39,6,47,1,5,1,1,11,2,23,82,80
5,14,2,169,8,11,78,7686,4183,106,125,1142,2450,367,372,495,127,84,721,21459,290,1096,534,52,5481,660,1447,74,76,322,475,1785,8449,179,52,294,184,5393,97,27,124,162,977,808,4623,83,776,45,13,120,1,1,20,1,1,11,74,87,10,307,6,11,181,85,13,36,49,8,37,290,14,113,36,936,21,9,189,4,4,14,7,285,6,38,311,7,10,27,23,167,19,2,34,1,14,7,3,1,8,6
2,3,1,64,0,3,49,1888,1058,4204,2194,8123,2060,102,178,1512,7773,1618,2065,290,21851,693,649,147,152,69,127,51,49,283,5271,603,1636,49,72,975,1077,86,436,9,530,1190,7785,214,316,89,667,86,4,2136,0,2,3,1,0,9,2,5,43,68,68,14,7,4,4,7,155,16,335,6,50,35,15,21,60,2,8,1,14,35,3,4,17,14,7,0,27,76,27,11,23,1,11,2,5,12,2,8,33,37
73,155,89,607,63,102,266,2828,1538,4416,4027,2320,399,474,394,993,184,73,1199,1096,693,25045,6268,81,1028,465,1023,2279,4448,731,323,766,743,1145,107,630,340,499,410,415,23327,1699,1144,2463,517,6039,2145,204,24,381,1,6,18,4,10,25,6,11,8,32,62,1,15,7,16,28,164,2,135,26,21,48,10,67,69,48,50,9,13,27,34,28,15,70,56,43,17,129,36,70,56,36,117,7,65,51,2,13,42,40
3,2,0,40,0,3,28,194,250,471,936,3661,110,49,29,58,143,12,50,534,649,6268,7852,53,1062,629,1458,333,102,104,52,1199,5452,332,13,71,78,691,113,157,156,164,153,2443,415,3831,4976,84,1,60,0,0,1,0,0,1,0,3,1,4,2,1,9,3,0,2,3,3,6,11,3,57,1,65,4,49,44,5,0,1,34,42,1,3,66,24,0,5,3,93,6,4,139,6,68,1,0,0,1,1
4,6,1,65,4,30,92,69,4995,53,71,100,33,15,7,74,62,9,403,52,147,81,53,4289,279,37,1252,22,8,17,12,52,124,21,184,5110,3314,58,4424,44,24,23,77,187,50,10,89,420,8,16,0,2,1,1,3,8,3,16,29,62,28,8,8,5,3,11,60,13,145,9,37,21,20,32,29,2,4,0,3,8,4,14,9,12,15,2,15,29,8,22,22,0,11,1,4,9,0,5,20,9
3,8,0,128,6,20,109,372,4671,140,67,1395,441,90,109,197,55,14,321,5481,152,1028,1062,279,10094,509,6907,86,35,152,77,1363,4249,232,79,522,130,1260,289,85,103,128,195,2842,1007,158,1181,104,6,106,0,1,13,0,2,5,40,32,6,126,10,6,156,54,13,25,36,9,35,224,12,216,24,933,24,37,140,3,7,9,24,332,8,24,523,14,12,30,12,450,16,6,139,3,44,6,1,2,6,13
3,8,1,86,2,6,35,67,126,106,31,53,18,99,93,90,6,2,61,660,69,465,629,37,509,20940,1602,281,41,118,40,17892,250,5522,28,96,57,7302,84,298,99,72,163,17700,3063,382,3234,52,6,41,0,0,0,0,0,2,1,0,0,1,3,0,9,0,1,7,0,1,3,2,2,114,4,63,3,188,143,15,2,2,130,51,4,5,86,89,2,3,5,207,13,38,407,31,202,4,1,1,4,5
0,3,2,54,3,50,54,215,3690,172,76,575,314,50,41,83,38,7,86,1447,127,1023,1458,1252,6907,1602,29592,2309,67,106,33,2656,2029,1457,75,239,2262,1527,2382,12877,122,121,125,12474,1376,635,2639,1659,16,53,0,0,12,0,2,4,40,49,2,158,13,10,118,45,11,16,25,6,22,147,11,219,24,647,12,118,837,75,7,8,123,232,10,26,355,61,81,23,15,443,17,99,398,35,236,11,0,4,2,9
14,16,11,53,7,8,23,17,28,87,36,29,7,122,32,31,4,0,14,74,51,2279,333,22,86,281,2309,68613,1991,422,9,433,103,11896,6,24,141,178,75,18445,1094,153,51,1603,128,15258,6729,80,7,20,0,0,0,0,1,0,0,0,0,0,1,0,2,0,0,0,4,1,2,1,0,11,0,9,1,29,82,409,4,0,26,1,5,0,9,130,3,5,0,12,6,397,138,39,34,3,0,0,2,0
900,573,200,1115,367,146,311,42,9,252,15,26,29,10539,538,275,4,1,20,76,49,4448,102,8,35,41,67,1991,98281,12454,37,128,95,236,49,83,51,28,77,168,27182,604,509,120,151,909,285,61,6506,164,0,0,5,3,2,10,0,0,2,2,1,1,1,1,6,7,37,0,7,0,1,4,0,3,7,2,6,3,2,2,1,2,6,11,3,3,1,36,3,1,7,2,10,0,1,17,0,2,5,1
352,558,240,1821,157,213,537,207,68,218,30,80,152,19350,2998,781,30,7,87,322,283,731,104,17,152,118,106,422,12454,47086,174,922,545,154,110,233,115,111,185,60,14649,8668,3283,141,737,148,510,206,765,1876,5,4,9,8,11,45,1,0,1,1,14,1,1,0,5,15,106,0,36,3,2,12,2,6,17,3,4,0,8,4,1,5,11,32,9,2,5,78,14,10,28,2,3,0,1,39,1,9,12,14
2,4,0,234,3,16,100,2022,206,233,236,355,1084,193,561,9724,3840,4422,2721,475,5271,323,52,12,77,40,33,9,37,174,14664,304,784,27,143,635,307,83,232,4,187,201,11078,36,727,11,143,142,6,307,3,6,12,3,7,30,2,1,14,39,40,6,3,1,8,22,181,6,110,7,8,22,11,13,33,0,0,0,14,23,2,9,24,35,7,2,19,106,12,5,52,0,0,1,0,38,2,11,38,6
6,12,1,137,7,16,63,322,288,469,46,269,223,521,475,268,128,56,157,1785,603,766,1199,52,1363,17892,2656,433,128,922,304,54650,6506,6420,33,125,153,1924,140,749,516,663,797,5838,10987,541,20539,106,11,387,0,1,0,0,0,1,1,5,0,8,10,4,14,0,1,6,10,1,9,16,5,152,5,138,2,279,135,33,3,2,178,65,3,6,143,187,6,9,3,231,13,80,579,56,235,13,1,1,2,6
7,11,4,114,5,21,73,1767,1610,516,268,6005,6514,389,375,443,895,216,385,8449,1636,743,5452,124,4249,250,2029,103,95,545,784,6506,16337,138,40,253,248,1024,193,31,350,597,1071,1239,7368,184,8016,102,8,469,0,0,2,1,0,1,16,19,4,58,4,3,34,19,4,9,19,4,23,84,2,75,16,288,6,19,82,1,1,4,8,120,3,13,144,8,4,14,4,137,6,7,51,0,34,2,0,0,2,5
5,5,1,46,4,5,18,28,72,102,26,43,9,65,33,49,8,1,28,179,49,1145,332,21,232,5522,1457,11896,236,154,27,6420,138,45054,7,32,81,700,99,12059,274,95,96,14511,455,3012,17005,76,1,32,0,3,0,0,1,2,1,1,0,1,2,1,3,0,4,6,3,0,2,6,0,59,4,36,1,113,135,285,10,0,110,10,8,0,26,602,8,1,0,61,14,579,494,126,141,9,0,2,3,0
43,106,45,855,95,1110,4019,22,224,129,22,26,19,242,131,1864,9,0,127,52,72,107,13,184,79,28,75,6,49,110,143,33,40,7,5193,6091,263,38,11348,7,116,61,386,30,38,1,46,3541,78,50,6,26,39,8,51,111,2,3,4,13,20,1,4,0,25,41,265,4,60,2,5,24,2,13,21,0,4,1,14,9,2,3,37,68,9,2,18,188,22,9,98,1,5,0,1,93,9,13,30,15
20,54,9,1030,20,148,1542,188,3278,999,252,235,111,297,291,5764,117,31,6161,294,975,630,71,5110,522,96,239,24,83,233,635,125,253,32,6091,26174,2457,137,11122,7,523,318,1640,149,142,15,100,1166,37,243,6,20,52,5,33,98,5,28,78,135,236,18,16,16,37,91,802,31,848,23,95,153,58,70,276,3,12,5,38,124,2,25,110,198,27,2,102,494,127,24,182,0,7,4,6,122,7,57,179,138
2,7,2,86,5,85,154,708,4702,611,193,460,585,87,61,392,374,36,805,184,1077,340,78,3314,130,57,2262,141,51,115,307,153,248,81,263,2457,4687,48,8234,461,340,183,1022,300,70,37,130,1985,9,191,3,2,22,0,8,34,50,81,63,361,99,23,55,40,9,17,220,30,378,39,104,67,92,70,116,2,49,1,7,32,8,39,34,55,15,4,240,221,49,11,77,6,7,0,7,54,2,20,72,74
2,5,5,126,2,8,58,210,275,120,45,146,33,113,89,176,20,7,145,5393,86,499,691,58,1260,7302,1527,178,28,111,83,1924,1024,700,38,137,48,10075,127,98,99,100,246,9719,4136,153,1386,90,4,60,0,1,1,1,0,3,0,3,3,12,3,1,22,5,0,3,9,2,5,32,3,115,4,228,8,19,79,11,0,4,19,117,4,3,229,15,1,6,8,262,9,8,128,6,63,6,0,0,8,1
33,89,62,782,96,1130,3748,55,976,562,94,91,31,253,107,691,43,9,431,97,436,410,113,4424,289,84,2382,75,77,185,232,140,193,99,11348,11122,8234,127,36837,299,320,243,777,441,134,25,156,9766,96,175,8,18,50,15,35,118,6,12,37,61,124,15,7,5,45,81,582,14,349,16,27,96,23,67,113,6,15,3,23,44,4,24,72,155,33,5,58,352,73,26,162,1,13,1,12,130,17,30,97,74
2,4,1,12,5,4,4,3,38,24,9,14,2,11,4,4,4,1,6,27,9,415,157,44,85,298,12877,18445,168,60,4,749,31,12059,7,7,461,98,299,59502,141,25,10,13511,43,1415,3073,268,0,3,0,2,1,0,2,0,0,0,0,1,2,1,3,0,0,3,2,1,3,1,1,61,0,32,0,103,236,947,12,0,103,6,8,3,12,582,18,6,0,44,22,1161,624,152,189,20,0,5,4,1
134,257,95,743,102,74,308,61,63,19900,128,84,70,1426,849,866,25,2,142,124,530,23327,156,24,103,99,122,1094,27182,14649,187,516,350,274,116,523,340,99,320,141,78529,11713,1792,254,363,411,551,217,84,1470,3,4,7,1,8,31,2,3,5,8,34,4,1,0,9,24,149,1,72,4,9,28,3,13,15,3,8,3,6,12,4,6,12,43,6,3,19,96,30,9,46,3,7,0,8,37,4,6,27,14
16,56,30,334,13,35,124,88,68,10249,137,209,122,1655,1182,592,47,2,152,162,1190,1699,164,23,128,72,121,153,604,8668,201,663,597,95,61,318,183,100,243,25,11713,17579,3509,229,314,143,592,129,6,7542,0,2,6,0,2,5,2,0,2,10,17,1,2,0,8,9,91,2,45,7,6,20,5,10,19,2,6,1,3,9,2,6,10,17,8,1,8,68,17,6,18,5,8,2,5,20,2,5,21,5
23,85,8,2747,32,55,356,1684,305,1574,191,478,774,3286,12855,12670,588,179,884,977,7785,1144,153,77,195,163,125,51,509,3283,11078,797,1071,96,386,1640,1022,246,777,10,1792,3509,65702,121,1777,30,390,545,89,10433,2,12,57,10,13,92,9,9,11,30,114,5,5,6,42,61,598,8,246,12,16,94,8,32,44,1,8,2,26,45,0,12,73,165,18,0,45,292,71,20,134,1,10,1,5,110,8,35,119,48
1,3,2,48,3,13,37,74,350,384,135,235,25,74,50,44,25,3,50,808,214,2463,2443,187,2842,17700,12474,1603,120,141,36,5838,1239,14511,30,149,300,9719,441,13511,254,229,121,64951,871,2053,7766,347,5,61,0,1,3,0,0,2,1,2,3,14,12,2,12,4,4,7,8,0,6,12,7,235,9,212,7,373,273,110,7,2,295,92,8,8,183,462,8,8,8,302,13,294,1044,96,465,18,0,2,4,6
16,19,7,370,8,12,117,1284,443,165,65,237,473,846,813,773,96,59,398,4623,316,517,415,50,1007,3063,1376,128,151,737,727,10987,7368,455,38,142,70,4136,134,43,363,314,1777,871,10791,93,1901,90,33,248,0,1,0,1,1,3,12,15,4,41,11,3,48,12,8,12,19,3,21,70,6,116,9,425,4,19,45,3,0,3,24,150,3,16,300,11,6,13,11,348,18,2,125,2,42,7,4,1,2,9
4,9,2,30,6,2,10,61,43,187,157,146,16,47,22,14,13,1,19,83,89,6039,3831,10,158,382,635,15258,909,148,11,541,184,3012,1,15,37,153,25,1415,411,143,30,2053,93,17098,11245,16,2,20,0,0,0,0,0,2,0,0,0,0,3,1,0,0,0,0,0,0,2,2,0,29,0,15,0,36,34,48,1,0,27,5,0,1,11,97,1,0,1,29,7,103,116,19,40,3,0,2,0,2
13,8,5,85,7,13,39,167,256,820,183,647,141,223,173,162,139,23,96,776,667,2145,4976,89,1181,3234,2639,6729,285,510,143,20539,8016,17005,46,100,130,1386,156,3073,551,592,390,7766,1901,11245,45425,136,11,275,0,3,2,0,1,2,0,3,2,12,7,1,6,2,0,5,12,0,4,11,3,139,7,102,5,154,193,173,4,1,154,50,6,2,97,476,11,10,3,168,20,380,642,90,243,8,0,5,5,8
50,83,52,562,436,4555,1802,17,219,183,9,17,9,267,131,544,4,0,55,45,86,204,84,420,104,52,1659,80,61,206,142,106,102,76,3541,1166,1985,90,9766,268,217,129,545,347,90,16,136,7738,278,68,14,22,45,10,53,130,1,2,9,16,29,3,2,2,35,42,193,3,34,4,3,17,1,19,9,2,8,4,10,8,3,5,31,76,9,4,7,177,10,11,78,2,10,0,8,97,7,10,21,17
2235,730,258,1123,3766,2455,425,7,9,9,0,1,4,13913,233,110,0,0,9,13,4,24,1,8,6,6,16,7,6506,765,6,11,8,1,78,37,9,4,96,0,84,6,89,5,33,2,11,278,13880,10,1,2,3,6,8,8,0,0,0,0,1,0,0,0,4,2,17,0,1,0,0,2,1,3,0,0,0,0,0,0,0,0,4,2,0,0,1,18,1,0,1,0,0,0,0,8,1,0,2,1
0,4,2,104,3,10,37,79,68,4326,54,156,142,1969,4833,396,59,11,94,120,2136,381,60,16,106,41,53,20,164,1876,307,387,469,32,50,243,191,60,175,3,1470,7542,10433,61,248,20,275,68,10,15803,0,1,5,0,0,3,0,0,2,4,17,0,0,0,0,3,60,0,34,1,3,9,0,5,6,3,0,1,4,5,2,1,4,10,4,2,11,24,6,6,4,1,4,0,0,11,1,1,12,5
2,5,1,11,2,12,28,0,0,0,0,0,0,5,1,6,0,0,2,1,0,1,0,0,0,0,0,0,0,5,3,0,0,0,6,6,3,0,8,0,3,0,2,0,0,0,0,14,1,0,21631,31051,1390,11509,4738,4192,0,0,1,8,11,2,3,1,7457,43,77,1,14,8,0,86,0,10,9,4,1,26,1443,1,2,8,372,6,9,18,4,222,7,9,20,12,17,26,6,89,10801,84,27,3
7,7,5,41,4,25,89,0,0,4,0,0,0,14,7,20,0,0,3,1,2,6,0,2,1,0,0,0,0,4,6,1,0,3,26,20,2,1,18,2,4,2,12,1,1,0,3,22,2,1,31051,93359,8629,11001,3078,12973,1,2,5,10,52,7,5,4,9007,164,236,1,26,13,7,497,6,32,12,8,7,103,2290,7,14,21,1700,35,28,58,16,479,25,38,46,21,81,72,21,266,4670,327,218,19
5,8,2,42,8,20,92,4,15,11,3,2,2,28,9,52,2,0,17,20,3,18,1,1,13,0,12,0,5,9,12,0,2,0,39,52,22,1,50,1,7,6,57,3,0,0,2,45,3,5,1390,8629,36206,153,241,13544,60,82,16,117,126,15,29,38,16232,11388,7134,26,182,113,51,331,5,144,76,52,17,54,1455,84,24,172,1486,599,216,67,41,1341,149,219,92,8,90,34,39,163,1964,196,370,91
24,79,990,329,44,411,524,0,0,2,0,0,1,20,4,7,0,0,2,1,1,4,0,1,0,0,0,0,3,8,3,0,1,0,8,5,0,1,15,0,1,0,10,0,1,0,0,10,6,0,11509,11001,153,26075,10611,19121,1,1,0,10,5,1,2,0,228,17,74,0,13,6,2,70,3,11,1,1,2,21,223,2,2,8,187,5,5,10,4,347,4,4,25,5,13,9,2,177,683,45,42,1
8,25,9,77,13,72,223,0,2,3,1,1,0,33,8,39,0,0,2,1,0,10,0,3,2,0,2,1,2,11,7,0,0,1,51,33,8,0,35,2,8,2,13,0,1,0,1,53,8,0,4738,3078,241,10611,19048,13468,1,1,2,21,42,4,7,1,533,125,258,3,57,8,12,52,12,55,8,4,24,14,92,3,2,15,92,33,4,11,57,2284,7,10,385,18,15,4,3,3015,2008,21,34,12
13,26,24,183,22,181,452,0,8,23,1,2,3,82,22,131,0,1,19,11,9,25,1,8,5,2,4,0,10,45,30,1,1,2,111,98,34,3,118,0,31,5,92,2,3,2,2,130,8,3,4192,12973,13544,19121,13468,41167,18,30,9,147,164,22,29,22,4523,1262,5979,11,286,83,43,367,27,173,68,39,23,48,1303,48,16,103,1347,165,88,44,73,8147,63,134,338,12,55,35,27,1225,2167,237,327,58
0,0,0,1,0,0,4,59,166,2,0,10,31,1,3,1,0,0,12,74,2,6,0,3,40,1,40,0,0,1,2,1,16,1,2,5,50,0,6,0,2,2,9,1,12,0,0,1,0,0,0,1,60,1,1,18,5223,5115,598,535,19,28,284,2958,85,231,351,559,335,1230,35,190,92,252,227,35,129,7,17,330,24,1439,60,543,1059,19,41,12,177,45,7,2,28,10,23,4,3,10,16,12
0,1,0,3,0,0,3,85,311,8,1,15,53,1,0,5,5,3,26,87,5,11,3,16,32,0,49,0,0,0,1,5,19,1,3,28,81,3,12,0,3,0,9,2,15,0,3,2,0,0,0,2,82,1,1,30,5115,21504,3725,4784,83,336,587,2624,85,225,747,6015,1017,1816,537,1132,227,467,259,30,104,22,31,640,25,695,51,695,516,20,297,28,137,215,16,1,60,12,46,12,14,7,21,42
1,0,0,4,0,0,2,23,66,17,9,6,5,1,1,28,12,4,63,10,43,8,1,29,6,0,2,0,2,1,14,0,4,0,4,78,63,3,37,0,5,2,11,3,4,0,2,9,0,2,1,5,16,0,2,9,598,3725,3269,1803,119,504,230,606,26,50,521,3048,2258,161,868,837,11,91,751,19,17,7,13,2646,27,431,21,221,332,11,170,23,76,73,16,1,27,3,26,4,2,6,23,34
0,0,0,12,1,2,19,353,1117,25,19,55,152,10,6,55,44,8,129,307,68,32,4,62,126,1,158,0,2,1,39,8,58,1,13,135,361,12,61,1,8,10,30,14,41,0,12,16,0,4,8,10,117,10,21,147,535,4784,1803,37381,229,421,925,1294,60,104,1671,1067,6166,1118,1203,1018,4062,5757,234,24,457,11,27,178,30,449,40,249,267,25,2491,713,52,153,335,26,149,8,77,70,7,21,47,74
1,0,0,24,1,4,14,22,38,55,10,6,3,13,10,99,9,1,122,6,68,62,2,28,10,3,13,1,1,14,40,10,4,2,20,236,99,3,124,2,34,17,114,12,11,3,7,29,1,17,11,52,126,5,42,164,19,83,119,229,30961,2464,1181,79,98,282,1408,95,754,48,3909,2917,10,184,1007,83,77,129,272,182,79,320,412,298,181,110,764,268,338,182,479,22,388,114,261,238,19,9689,8994,4074
0,0,0,1,0,0,3,4,25,9,4,0,4,0,0,8,3,0,11,11,14,1,1,8,6,0,10,0,1,1,6,4,3,1,1,18,23,1,15,1,4,1,5,2,3,1,1,3,0,0,2,7,15,1,4,22,28,336,504,421,2464,4770,4739,243,16,40,314,198,676,53,2984,5040,20,103,204,7,21,16,30,84,16,158,46,95,22,8,100,41,56,25,34,4,58,51,106,12,1,85,149,160
1,0,0,2,0,0,1,49,138,1,3,13,27,3,2,4,3,1,14,181,7,15,9,8,156,9,118,2,1,1,3,14,34,3,4,16,55,22,7,3,1,2,5,12,48,0,6,2,0,0,3,5,29,2,7,29,284,587,230,925,1181,4739,13373,5821,39,103,199,1579,290,803,4493,5484,66,1831,1118,28,417,43,22,372,44,4826,61,177,558,24,82,46,188,211,37,6,255,103,375,11,2,129,195,325
0,0,0,0,0,0,1,51,181,4,3,12,28,0,3,6,1,0,16,85,4,7,3,5,54,0,45,0,1,0,1,0,19,0,0,16,40,5,5,0,0,0,6,4,12,0,2,2,0,0,1,4,38,0,1,22,2958,2624,606,1294,79,243,5821,9832,39,184,324,4278,432,702,754,368,88,696,951,13,241,14,12,796,18,2209,54,459,458,12,111,31,332,55,6,1,42,15,57,15,3,7,36,83
3,3,3,27,6,21,64,3,9,7,3,2,1,19,5,48,0,0,6,13,4,16,0,3,13,1,11,0,6,5,8,1,4,4,25,37,9,0,45,0,9,8,42,4,8,0,0,35,4,0,7457,9007,16232,228,533,4523,85,85,26,60,98,16,39,39,47227,7911,1636,33,99,85,20,279,3,108,84,128,32,102,6120,56,71,280,9415,803,509,142,40,659,637,278,95,14,117,59,85,141,6664,211,442,194
3,7,3,33,6,6,79,5,24,20,1,4,6,29,10,83,0,1,15,36,7,28,2,11,25,7,16,0,7,15,22,6,9,6,41,91,17,3,81,3,24,9,61,7,12,0,5,42,2,3,43,164,11388,17,125,1262,231,225,50,104,282,40,103,184,7911,40293,7007,147,193,174,134,533,4,220,466,318,76,151,1219,230,222,1068,5450,6328,1595,244,82,358,15269,447,123,28,209,71,243,191,286,261,2902,3939
11,27,15,156,16,49,293,35,102,211,24,21,15,113,52,488,9,3,229,49,155,164,3,60,36,0,25,4,37,106,181,10,19,3,265,802,220,9,582,2,149,91,598,8,19,0,12,193,17,60,77,236,7134,74,258,5979,351,747,521,1671,1408,314,199,324,1636,7007,35910,631,11566,371,605,1020,267,704,2354,63,48,49,515,5802,44,533,1056,13401,530,59,734,12938,1040,360,1578,16,129,21,87,1171,302,350,791,534
0,0,1,1,0,1,1,27,77,6,3,7,3,0,0,4,6,2,21,8,16,2,3,13,9,1,6,1,0,0,6,1,4,0,4,31,30,2,14,1,1,2,8,0,3,0,0,3,0,0,1,1,26,0,3,11,559,6015,3048,1067,95,198,1579,4278,33,147,631,4632,1251,125,3873,357,23,152,2111,15,17,11,10,3344,33,786,34,512,178,15,141,20,311,36,10,3,40,21,72,3,1,10,24,80
4,3,0,29,0,7,52,75,199,177,58,41,18,15,10,197,40,5,596,37,335,135,6,145,35,3,22,2,7,36,110,9,23,2,60,848,378,5,349,3,72,45,246,6,21,2,4,34,1,34,14,26,182,13,57,286,335,1017,2258,6166,754,676,290,432,99,193,11566,1251,11545,285,1406,1106,3334,1691,1646,68,111,26,56,2657,50,495,93,534,334,30,2942,5714,198,194,2290,19,217,22,110,248,20,69,185,190
1,1,0,6,0,1,4,87,323,2,1,32,70,3,4,16,1,0,24,290,6,26,11,9,224,2,147,1,0,3,7,16,84,6,2,23,39,32,16,1,4,7,12,12,70,2,11,4,0,1,8,13,113,6,8,83,1230,1816,161,1118,48,53,803,702,85,174,371,125,285,8079,93,626,82,3082,134,88,186,23,22,94,62,3299,42,274,4416,37,29,106,124,4426,38,3,311,17,97,15,7,7,27,43
0,0,0,1,0,1,9,22,86,18,8,4,3,2,2,27,14,3,79,14,50,21,3,37,12,2,11,0,1,2,8,5,2,0,5,95,104,3,27,1,9,6,16,7,6,0,3,3,0,3,0,7,51,2,12,43,35,537,868,1203,3909,2984,4493,754,20,134,605,3873,1406,93,14780,1621,45,225,7626,28,57,57,32,1555,66,641,75,305,112,57,528,159,372,96,118,8,155,85,272,28,4,84,346,1635
1,5,1,20,5,1,12,27,101,34,10,15,23,16,11,67,8,2,57,113,35,48,57,21,216,114,219,11,4,12,22,152,75,59,24,153,67,115,96,61,28,20,94,235,116,29,139,17,2,9,86,497,331,70,52,367,190,1132,837,1018,2917,5040,5484,368,279,533,1020,357,1106,626,1621,32623,124,3009,693,615,1961,1117,3220,212,783,5406,1299,495,957,1105,321,339,460,1987,462,513,5524,5553,9180,225,44,2676,926,705
0,0,0,6,0,0,5,53,158,8,2,6,19,1,0,23,9,1,47,36,15,10,1,20,24,4,24,0,0,2,11,5,16,4,2,58,92,4,23,0,3,5,8,9,9,0,7,1,1,0,0,6,5,3,12,27,92,227,11,4062,10,20,66,88,3,4,267,23,3334,82,45,124,4647,3729,17,40,414,29,4,3,41,98,7,11,98,33,2216,2345,4,63,1294,108,276,12,95,120,1,4,5,4
0,1,1,15,0,7,16,188,695,23,4,98,171,17,10,32,13,4,54,936,21,67,65,32,933,63,647,9,3,6,13,138,288,36,13,70,70,228,67,32,13,10,32,212,425,15,102,19,3,5,10,32,144,11,55,173,252,467,91,5757,184,103,1831,696,108,220,704,152,1691,3082,225,3009,3729,18616,240,464,6198,299,51,104,455,4790,124,234,2630,381,937,1482,185,2136,2171,911,4965,174,1247,543,18,27,133,154
0,0,0,9,1,2,15,8,48,65,21,9,7,5,5,95,10,2,171,21,60,69,4,29,24,3,12,1,7,17,33,2,6,1,21,276,116,8,113,0,15,19,44,7,4,0,5,9,0,6,9,12,76,1,8,68,227,259,751,234,1007,204,1118,951,84,466,2354,2111,1646,134,7626,693,17,240,15724,77,75,83,86,10222,110,1184,435,3120,471,84,898,144,7855,135,310,10,152,72,303,98,11,85,898,3936
0,0,0,1,0,0,2,2,5,3,2,4,1,1,0,8,2,0,0,9,2,48,49,2,37,188,118,29,2,3,0,279,19,113,0,3,2,19,6,103,3,2,1,373,19,36,154,2,0,3,4,8,52,1,4,39,35,30,19,24,83,7,28,13,128,318,63,15,68,88,28,615,40,464,77,12620,901,326,126,25,6690,493,257,131,3820,5362,31,73,166,11235,129,345,6871,395,1174,63,11,42,144,106
0,0,0,7,0,0,3,38,195,7,1,29,44,3,1,8,1,0,11,189,8,50,44,4,140,143,837,82,6,4,0,135,82,135,4,12,49,79,15,236,8,6,8,273,45,34,193,8,0,0,1,7,17,2,24,23,129,104,17,457,77,21,417,241,32,76,48,17,111,186,57,1961,414,6198,75,901,14587,2079,46,21,944,1236,90,64,1424,639,1003,259,50,1588,1301,8292,11811,368,2372,844,15,23,74,70
0,0,0,0,0,0,2,1,0,0,1,3,0,0,0,1,0,0,0,4,1,9,5,0,3,15,75,409,3,0,0,33,1,285,1,5,1,11,3,947,3,1,2,110,3,48,173,4,0,1,26,103,54,21,14,48,7,22,7,11,129,16,43,14,102,151,49,11,26,23,57,1117,29,299,83,326,2079,48011,2486,3,373,70,661,55,227,9881,166,45,105,303,173,17162,3204,13487,1473,194,16,438,234,184
2,4,4,17,3,8,27,1,5,12,0,0,0,4,8,25,0,0,13,4,14,13,0,3,7,2,7,4,2,8,14,3,1,10,14,38,7,0,23,12,6,3,26,7,0,1,4,10,0,4,1443,2290,1455,223,92,1303,17,31,13,27,272,30,22,12,6120,1219,515,10,56,22,32,3220,4,51,86,126,46,2486,105392,15,82,124,20457,296,225,735,59,225,488,108,85,356,387,799,173,98,10136,11860,839,208
0,0,0,4,0,0,8,6,29,28,6,6,2,2,5,44,2,0,71,14,35,27,1,8,9,2,8,0,2,4,23,2,4,0,9,124,32,4,44,0,12,9,45,2,3,0,1,8,0,5,1,7,84,2,3,48,330,640,2646,178,182,84,372,796,56,230,5802,3344,2657,94,1555,212,3,104,10222,25,21,3,15,11809,20,537,38,4341,322,10,152,45,917,60,40,0,26,8,48,22,8,17,45,68
0,0,0,1,0,0,0,2,3,2,1,2,2,0,0,1,0,0,1,7,3,34,34,4,24,130,123,26,1,1,2,178,8,110,2,2,8,19,4,103,4,2,0,295,24,27,154,3,0,2,2,14,24,2,2,16,24,25,27,30,79,16,44,18,71,222,44,33,50,62,66,783,41,455,110,6690,944,373,82,20,17613,908,175,114,3329,6970,39,55,187,1570,103,351,4125,1036,7700,41,2,44,119,161
0,1,0,5,0,1,2,51,180,12,3,19,32,4,5,13,3,0,15,285,4,28,42,14,332,51,232,1,2,5,9,65,120,10,3,25,39,117,24,6,6,6,12,92,150,5,50,5,0,1,8,21,172,8,15,103,1439,695,431,449,320,158,4826,2209,280,1068,533,786,495,3299,641,5406,98,4790,1184,493,1236,70,124,537,908,15827,489,951,11573,165,85,168,1122,2602,163,23,2168,115,4024,63,28,56,401,604
1,1,2,31,5,7,50,5,14,22,3,1,4,17,15,64,1,0,23,6,17,15,1,9,8,4,10,5,6,11,24,3,3,8,37,110,34,4,72,8,12,10,73,8,3,0,6,31,4,4,372,1700,1486,187,92,1347,60,51,21,40,412,46,61,54,9415,5450,1056,34,93,42,75,1299,7,124,435,257,90,661,20457,38,175,489,40750,875,863,493,186,311,2496,231,192,103,386,336,279,210,688,4448,10793,1385
2,5,5,41,3,11,80,9,44,62,1,2,7,34,13,151,3,1,38,38,14,70,3,12,24,5,26,0,11,32,35,6,13,0,68,198,55,3,155,3,43,17,165,8,16,1,2,76,2,10,6,35,599,5,33,165,543,695,221,249,298,95,177,459,803,6328,13401,512,534,274,305,495,11,234,3120,131,64,55,296,4341,114,951,875,21870,1231,103,198,222,6588,481,200,12,145,28,162,248,76,156,573,492
0,2,0,6,1,0,8,55,201,8,2,31,44,6,5,19,2,0,12,311,7,56,66,15,523,86,355,9,3,9,7,143,144,26,9,27,15,229,33,12,6,8,18,183,300,11,97,9,0,4,9,28,216,5,4,88,1059,516,332,267,181,22,558,458,509,1595,530,178,334,4416,112,957,98,2630,471,3820,1424,227,225,322,3329,11573,863,1231,13954,844,66,143,894,10715,151,37,2635,142,1883,73,25,82,464,383
0,0,0,0,0,0,1,3,5,2,4,3,0,3,1,3,0,0,1,7,0,43,24,2,14,89,61,130,3,2,2,187,8,602,2,2,4,15,5,582,3,1,0,462,11,97,476,4,0,2,18,58,67,10,11,44,19,20,11,25,110,8,24,12,142,244,59,15,30,37,57,1105,33,381,84,5362,639,9881,735,10,6970,165,493,103,844,29423,60,66,132,1961,144,3554,7720,11684,4184,67,13,193,171,120
0,2,0,11,0,0,9,33,75,25,3,6,14,4,5,32,7,0,35,10,27,17,0,15,12,2,81,3,1,5,19,6,4,8,18,102,240,1,58,18,19,8,45,8,6,1,11,7,1,11,4,16,41,4,57,73,41,297,170,2491,764,100,82,111,40,82,734,141,2942,29,528,321,2216,937,898,31,1003,166,59,152,39,85,186,198,66,60,4431,2259,368,56,4538,373,240,34,98,1768,28,138,405,510
11,35,23,193,28,84,327,23,76,89,21,7,7,121,41,376,10,5,124,27,76,129,5,29,30,3,23,5,36,78,106,9,14,1,188,494,221,6,352,6,96,68,292,8,13,0,10,177,18,24,222,479,1341,347,2284,8147,12,28,23,713,268,41,46,31,659,358,12938,20,5714,106,159,339,2345,1482,144,73,259,45,225,45,55,168,311,222,143,66,2259,18422,94,145,12644,66,298,38,157,4746,316,112,209,132
0,2,2,9,1,1,17,1,17,46,11,1,2,6,4,86,1,0,39,23,27,36,3,8,12,5,15,0,3,14,12,3,4,0,22,127,49,8,73,0,30,17,71,8,11,1,3,10,1,6,7,25,149,4,7,63,177,137,76,52,338,56,188,332,637,15269,1040,311,198,124,372,460,4,185,7855,166,50,105,488,917,187,1122,2496,6588,894,132,368,94,23117,171,254,12,158,63,292,123,44,177,2178,9805
1,1,0,10,0,3,3,14,85,11,5,26,6,7,7,12,0,0,6,167,11,70,93,22,450,207,443,12,1,10,5,231,137,61,9,24,11,262,26,44,9,6,20,302,348,29,168,11,0,6,9,38,219,4,10,134,45,215,73,153,182,25,211,55,278,447,360,36,194,4426,96,1987,63,2136,135,11235,1588,303,108,60,1570,2602,231,481,10715,1961,56,145,171,26652,198,110,17869,262,1741,99,28,37,146,116
3,7,4,76,9,33,128,4,18,41,10,4,1,42,22,156,2,0,47,19,23,56,6,22,16,13,17,6,7,28,52,13,6,14,98,182,77,9,162,22,46,18,134,13,18,7,20,78,1,4,20,46,92,25,385,338,7,16,16,335,479,34,37,6,95,123,1578,10,2290,38,118,462,1294,2171,310,129,1301,173,85,40,103,163,192,200,151,144,4538,12644,254,198,14041,482,710,81,262,5894,92,131,320,243
0,0,0,3,0,0,0,1,0,1,0,1,0,0,0,1,0,0,1,2,1,36,4,0,6,38,99,397,2,2,0,80,7,579,1,0,6,8,1,1161,3,5,1,294,2,103,380,2,0,1,12,21,8,5,18,12,2,1,1,26,22,4,6,1,14,28,16,3,19,3,8,513,108,911,10,345,8292,17162,356,0,351,23,103,12,37,3554,373,66,12,110,482,35954,14791,1235,818,441,10,60,26,19
0,0,1,6,0,0,2,5,34,19,9,19,4,2,4,4,0,0,5,34,11,117,139,11,139,407,398,138,10,3,0,579,51,494,5,7,7,128,13,624,7,8,10,1044,125,116,642,10,0,4,17,81,90,13,15,55,28,60,27,149,388,58,255,42,117,209,129,40,217,311,155,5524,276,4965,152,6871,11811,3204,387,26,4125,2168,386,145,2635,7720,240,298,158,17869,710,14791,57108,2331,7665,334,16,127,263,304
0,0,0,0,0,0,2,2,1,4,1,0,0,0,0,1,0,0,1,1,2,7,6,1,3,31,35,39,0,0,1,56,0,126,0,4,0,6,1,152,0,2,1,96,2,19,90,0,0,0,26,72,34,9,4,35,10,12,3,8,114,51,103,15,59,71,21,21,22,17,85,5553,12,174,72,395,368,13487,799,8,1036,115,336,28,142,11684,34,38,63,262,81,1235,2331,13942,9688,39,9,246,118,107
0,0,0,0,0,0,0,6,11,14,3,7,0,4,2,5,0,0,1,14,5,65,68,4,44,202,236,34,1,1,0,235,34,141,1,6,7,63,12,189,8,5,5,465,42,40,243,8,0,0,6,21,39,2,3,27,23,46,26,77,261,106,375,57,85,243,87,72,110,97,272,9180,95,1247,303,1174,2372,1473,173,48,7700,4024,279,162,1883,4184,98,157,292,1741,262,818,7665,9688,22442,121,7,77,206,380
8,17,11,119,12,43,199,5,13,37,4,1,2,69,15,151,0,1,11,7,12,51,1,9,6,4,11,3,17,39,38,13,2,9,93,122,54,6,130,20,37,20,110,18,7,3,8,97,8,11,89,266,163,177,3015,1225,4,12,4,70,238,12,11,15,141,191,1171,3,248,15,28,225,120,543,98,63,844,194,98,22,41,63,210,248,73,67,1768,4746,123,99,5894,441,334,39,121,6642,430,76,242,128
0,3,0,21,4,10,23,0,2,2,1,0,1,8,3,8,0,0,2,3,2,2,0,0,1,1,0,0,0,1,2,1,0,0,9,7,2,0,17,0,4,2,8,0,4,0,0,7,1,1,10801,4670,1964,683,2008,2167,3,14,2,7,19,1,2,3,6664,286,302,1,20,7,4,44,1,18,11,11,15,16,10136,8,2,28,688,76,25,13,28,316,44,28,92,10,16,9,7,430,24782,36,51,18
1,0,0,6,2,3,19,2,13,22,2,0,2,6,2,45,0,0,23,1,8,13,0,5,2,1,4,0,2,9,11,1,0,2,13,57,20,0,30,5,6,5,35,2,1,2,5,10,0,1,84,327,196,45,21,237,10,7,6,21,9689,85,129,7,211,261,350,10,69,7,84,2676,4,27,85,42,23,438,11860,17,44,56,4448,156,82,193,138,112,177,37,131,60,127,246,77,76,36,29887,3490,274
0,3,0,10,2,5,35,6,20,36,11,5,2,12,9,110,5,1,82,8,33,42,1,20,6,4,2,2,5,12,38,2,2,3,30,179,72,8,97,4,27,21,119,4,2,0,5,21,2,12,27,218,370,42,34,327,16,21,23,47,8994,149,195,36,442,2902,791,24,185,27,346,926,5,133,898,144,74,234,839,45,119,401,10793,573,464,171,405,209,2178,146,320,26,263,118,206,242,51,3490,27573,8776
0,1,0,8,0,1,10,10,23,32,12,1,3,3,1,63,4,1,80,6,37,40,1,9,13,5,9,0,1,14,6,6,5,0,15,138,74,1,74,1,14,5,48,6,9,2,8,17,1,5,3,19,91,1,12,58,12,42,34,74,4074,160,325,83,194,3939,534,80,190,43,1635,705,4,154,3936,106,70,184,208,68,161,604,1385,492,383,120,510,132,9805,116,243,19,304,107,380,128,18,274,8776,11298
