20171,2070,8060,2336,11919,1127,1039,0,2,40,2,2,1,10377,300,53,0,0,0,2,0,332,1,1,2,0,0,25,528,1085,1,1,2,5,16,5,7,2,8,3,384,58,23,4,2,16,10,55,2766,4,0,0,0,178,4,6,0,0,0,0,0,0,0,0,3,2,2,0,3,0,0,1,0,0,0,0,0,0,0,0,0,0,0,1,0,1,2,14,1,0,6,0,0,0,0,4,1,2,0,0
2070,7861,6726,10293,312,975,857,2,3,135,4,2,2,3907,2634,282,1,0,4,1,2,353,3,1,1,0,4,4,129,467,3,3,5,1,57,9,14,5,38,1,323,86,52,2,3,5,4,159,236,8,4,7,10,17,20,36,1,0,0,1,7,0,0,0,7,8,15,0,5,1,0,4,1,0,0,0,0,0,6,0,0,0,3,13,1,0,3,43,4,0,6,0,0,0,0,23,0,3,4,1
8060,6726,28289,8194,6306,10811,14179,2,1,123,6,1,3,1507,106,26,2,0,0,1,3,848,4,1,3,0,3,19,557,1008,1,3,10,12,23,4,6,1,23,4,804,171,32,4,2,28,15,326,783,11,12,27,18,717,33,155,0,0,0,1,3,0,0,0,22,8,11,0,10,0,0,6,0,0,3,0,0,0,9,0,0,0,9,8,0,0,2,54,3,0,16,0,0,0,0,39,4,2,3,1
2336,10293,8194,44754,1028,3727,13903,95,86,1453,52,47,81,8128,8361,6810,34,7,81,89,62,1302,27,87,55,6,48,25,776,2480,102,49,82,16,1598,188,322,69,829,6,1604,876,2316,52,127,15,41,3025,1199,230,15,55,88,152,107,281,1,2,4,19,52,3,2,0,85,49,132,0,96,7,5,23,10,7,5,0,1,0,40,2,0,3,51,57,4,0,23,417,14,1,120,0,4,0,0,243,16,24,36,10
11919,312,6306,1028,21948,23600,1550,0,1,16,0,0,1,2031,76,35,0,0,0,0,0,220,1,0,0,0,1,12,393,582,1,0,0,2,23,1,5,1,11,2,206,15,11,2,3,11,7,77,6102,3,0,2,3,508,5,3,0,0,0,0,1,0,0,0,3,0,1,0,3,0,0,0,0,0,0,0,0,0,1,0,0,0,0,1,0,0,0,8,0,0,0,0,1,0,0,2,0,0,0,0
1127,975,10811,3727,23600,30628,24225,3,12,104,6,2,1,925,169,127,1,0,5,1,4,219,3,22,18,3,103,10,283,317,7,6,5,8,295,15,292,3,545,36,201,46,94,33,1,7,8,5258,3002,9,43,14,16,1885,111,372,0,1,0,3,9,0,0,0,24,14,17,0,18,1,0,10,0,0,1,1,0,0,10,0,0,0,6,6,0,0,4,79,4,1,18,0,1,1,0,54,5,6,6,2
1039,857,14179,13903,1550,24225,19955,60,189,559,82,37,18,1323,479,5655,13,4,152,67,91,368,7,197,79,4,90,8,170,427,131,11,30,4,4119,641,344,24,1097,23,413,195,1279,52,20,6,15,3605,483,58,14,34,48,265,160,256,0,1,2,18,32,1,1,4,59,32,85,0,101,5,7,22,19,6,6,0,2,0,27,6,0,5,39,46,2,1,14,298,24,0,101,2,2,0,0,150,15,10,22,18
0,2,2,95,0,3,60,45316,5453,106,944,2485,11466,132,249,2109,4329,3856,3579,7210,574,2906,571,147,252,26,87,10,15,92,1120,207,2633,4,45,95,374,440,28,7,31,20,1789,134,1558,88,281,7,3,36,0,0,1,0,0,0,70,35,13,335,12,7,13,33,0,5,8,3,50,89,5,12,35,32,11,1,1,0,1,3,0,33,4,4,5,1,37,11,5,5,0,0,11,0,0,3,1,0,3,8
2,3,1,86,1,12,189,5453,48548,111,313,1654,2300,44,83,1614,350,23,9701,5236,197,1301,493,9528,6347,33,4611,10,9,39,108,207,1811,20,379,3111,6993,312,662,30,33,27,428,564,503,65,345,138,5,11,0,1,1,0,5,2,388,261,33,3677,38,66,82,157,7,9,18,19,142,625,31,90,201,285,24,9,29,0,2,16,3,184,10,18,69,2,214,27,8,48,13,1,83,2,8,1,0,7,12,10
40,135,123,1453,16,104,559,106,111,39051,3175,4244,263,357,902,1452,392,10,292,48,4043,5437,1020,186,124,31,72,17,307,507,104,371,1014,22,626,600,632,71,998,15,14475,6947,2747,168,86,108,823,554,69,3800,1,6,20,9,6,28,1,2,7,46,48,6,3,4,25,36,69,3,190,10,11,15,42,16,25,1,5,0,12,10,0,7,34,35,7,0,23,155,19,1,64,3,10,0,1,24,5,7,27,16
2,4,6,52,0,6,82,944,313,3175,5434,5925,186,25,32,699,129,35,584,91,362,6972,1248,61,53,7,33,6,14,48,79,35,304,4,108,291,129,30,142,8,152,86,249,56,20,90,165,24,2,30,0,2,2,0,0,2,1,1,3,11,1,1,4,0,3,7,4,0,33,6,5,3,11,4,3,1,0,0,1,1,0,2,2,5,1,0,4,14,4,0,7,0,5,0,0,1,0,0,1,1
2,2,1,47,0,2,37,2485,1654,4244,5925,25269,5795,282,141,610,6020,455,790,474,6816,2929,3950,223,422,4,75,11,94,523,720,86,8558,12,88,290,340,51,48,5,336,583,2027,109,86,81,378,18,4,296,0,0,0,0,1,2,17,6,7,114,8,6,7,5,1,3,5,3,34,42,8,6,26,25,7,1,1,0,0,8,1,18,4,5,5,0,17,8,3,4,5,0,6,0,1,0,0,0,2,2
1,2,3,81,1,1,18,11466,2300,263,186,5795,19679,489,299,783,6270,690,573,2695,722,729,403,139,544,12,114,4,52,418,871,128,8141,4,18,44,210,100,17,0,123,167,1993,70,712,33,140,9,5,176,0,0,1,0,0,2,51,44,1,246,2,9,14,20,0,0,6,1,26,77,3,10,18,32,1,0,3,0,0,0,0,33,1,3,7,0,27,5,3,5,0,0,4,0,0,0,0,1,1,2
10377,3907,1507,8128,2031,925,1323,132,44,357,25,282,489,43470,9754,774,146,15,57,133,268,552,134,27,89,23,25,37,2036,21176,118,389,875,20,236,86,189,127,229,6,1171,860,4709,95,419,34,351,309,9761,5025,4,8,16,31,15,62,0,3,0,7,18,2,0,0,29,29,50,0,75,10,4,9,7,5,6,0,4,0,16,5,0,4,23,31,5,0,12,130,6,2,47,1,5,0,0,38,2,6,8,4
300,2634,106,8361,76,169,479,249,83,902,32,141,299,9754,16159,1758,91,28,128,239,154,689,41,27,79,17,31,18,532,3408,256,154,369,8,270,91,196,168,317,6,1120,1103,13444,92,331,21,130,365,242,7237,6,5,20,16,15,62,1,1,2,11,18,2,2,1,32,18,51,0,99,8,0,7,8,4,6,0,1,0,9,5,0,2,23,29,1,0,14,142,13,1,58,1,4,0,0,35,2,8,12,11
53,282,26,6810,35,127,5655,2109,1614,1452,699,610,783,774,1758,31734,911,521,5840,683,903,679,109,440,441,10,229,7,116,431,8009,84,468,10,4073,3252,1169,171,1615,41,363,283,16262,173,242,11,89,769,135,150,8,20,61,30,38,127,8,11,4,123,130,12,8,5,65,63,160,4,408,33,18,42,80,18,62,1,8,0,42,33,1,15,72,100,9,0,46,361,75,1,149,1,11,0,3,85,7,27,55,43
0,1,2,34,0,1,13,4329,350,392,129,6020,6270,146,91,911,5669,2657,868,51,7176,190,174,51,29,1,12,0,28,134,2645,24,603,0,29,95,142,12,16,1,61,121,1665,7,48,11,85,6,1,108,0,0,0,0,1,1,2,4,6,30,8,2,2,4,0,1,2,3,10,4,2,3,9,4,4,0,0,0,0,1,0,3,1,2,0,0,3,5,0,1,2,0,0,0,1,0,1,0,3,1
0,0,0,7,0,0,4,3856,23,10,35,455,690,15,28,521,2657,1152,676,22,666,53,29,3,7,1,3,0,0,11,1743,20,192,1,1,15,15,6,2,0,4,2,415,5,22,1,27,0,0,8,0,0,0,0,0,1,0,0,1,6,1,0,1,1,0,1,1,0,5,0,0,2,5,1,0,0,0,0,1,1,0,0,0,0,1,0,2,2,0,0,0,0,1,0,0,1,0,0,0,0
0,4,0,81,0,5,152,3579,9701,292,584,790,573,57,128,5840,868,676,10324,865,647,560,152,2194,1082,12,271,3,13,54,992,51,395,7,195,5289,1385,75,148,28,38,35,1361,176,134,17,82,21,2,21,0,0,2,1,1,13,17,13,31,304,76,18,10,9,17,9,41,11,232,56,22,21,106,41,56,1,4,2,4,18,0,23,14,16,8,2,38,60,34,1,18,0,13,2,2,4,3,6,21,27
2,1,1,89,0,1,67,7210,5236,48,91,474,2695,133,239,683,51,22,865,20486,55,838,586,123,2127,76,649,4,12,103,238,220,4721,17,60,294,234,2692,43,4,24,29,1040,678,4191,42,350,14,3,23,0,0,4,0,0,3,225,82,1,658,7,26,97,95,2,5,10,0,36,651,9,62,82,522,13,9,32,0,2,5,4,264,3,7,90,3,41,7,9,32,2,2,58,0,12,2,1,1,5,4
0,2,3,62,0,4,91,574,197,4043,362,6816,722,268,154,903,7176,666,647,55,12676,312,281,110,56,8,41,4,97,509,2289,127,691,5,181,406,380,47,203,7,437,933,6175,37,94,13,256,47,7,2191,0,0,1,0,2,4,3,1,14,30,19,5,4,3,4,8,5,5,79,11,4,6,30,4,10,0,0,0,2,3,0,6,7,8,4,0,19,22,13,2,13,0,6,0,0,4,1,3,12,6
332,353,848,1302,220,219,368,2906,1301,5437,6972,2929,729,552,689,679,190,53,560,838,312,27706,8609,84,880,181,211,883,4530,437,126,571,999,475,183,220,222,494,284,236,15928,1435,720,1474,324,5337,1979,184,57,208,0,2,9,23,6,22,18,12,2,69,21,3,9,7,14,10,26,1,74,66,4,7,11,63,9,13,8,6,4,2,9,17,16,19,31,12,10,77,18,25,28,13,59,1,9,11,1,4,12,4
1,3,4,27,1,3,7,571,493,1020,1248,3950,403,134,41,109,174,29,152,586,281,8609,17011,42,1673,273,631,347,147,269,76,887,4229,220,18,47,60,1274,23,120,278,286,339,3415,533,9062,8110,14,4,105,0,0,0,0,0,0,13,7,0,31,3,0,13,6,0,3,4,1,5,101,4,21,11,166,1,37,45,2,2,1,15,53,1,4,75,4,2,0,1,68,1,14,176,0,20,2,0,0,0,0
1,1,1,87,0,22,197,147,9528,186,61,223,139,27,27,440,51,3,2194,123,110,84,42,5872,946,9,1370,7,8,34,29,29,76,16,743,7035,4616,21,4429,170,46,35,179,363,30,4,32,232,12,15,0,0,2,2,0,6,11,20,11,162,21,6,5,9,4,6,8,3,70,35,7,8,29,17,10,0,4,0,7,4,1,12,4,6,14,0,36,15,5,10,9,1,21,1,0,3,1,3,12,11
2,1,3,55,0,18,79,252,6347,124,53,422,544,89,79,441,29,7,1082,2127,56,880,1673,946,8364,112,7800,12,33,99,52,628,3908,53,162,851,632,522,297,44,62,50,349,3366,742,108,1095,310,18,41,0,1,1,0,0,4,202,58,11,676,7,28,142,92,4,4,20,3,44,1114,12,190,156,2117,19,35,259,2,1,5,22,588,7,15,522,10,37,15,6,370,7,10,586,3,29,2,2,2,2,5
0,0,0,6,0,3,4,26,33,31,7,4,12,23,17,10,1,1,12,76,8,181,273,9,112,13082,317,17,13,35,10,11424,357,3177,6,5,21,6516,9,123,14,7,74,14760,1073,129,1452,12,2,4,0,0,0,0,1,0,0,2,0,4,1,1,1,0,0,0,1,0,1,12,1,75,5,67,1,192,166,17,0,0,76,48,0,1,86,33,0,1,1,87,3,124,850,3,79,2,0,1,1,0
0,4,3,48,1,103,90,87,4611,72,33,75,114,25,31,229,12,3,271,649,41,211,631,1370,7800,317,24857,1023,26,32,38,904,510,621,283,743,2174,273,2824,7472,31,27,148,14840,123,108,1047,1506,48,13,0,0,0,0,1,0,37,13,2,161,7,1,26,21,2,1,1,1,21,149,5,132,33,617,3,226,631,19,1,3,58,204,4,5,425,36,17,4,6,294,6,73,1502,3,91,4,0,0,1,1
25,4,19,25,12,10,8,10,10,17,6,11,4,37,18,7,0,0,3,4,4,883,347,7,12,17,1023,67403,547,109,2,66,18,9672,4,3,185,11,44,13950,367,27,16,274,7,11987,5458,46,4,14,0,0,0,2,2,0,0,0,0,0,1,0,0,0,1,0,0,0,1,0,0,5,2,5,0,3,31,192,2,0,9,1,0,0,2,87,10,1,0,1,4,397,82,3,13,3,0,1,0,0
528,129,557,776,393,283,170,15,9,307,14,94,52,2036,532,116,28,0,13,12,97,4530,147,8,33,13,26,547,87571,8897,13,112,183,187,51,23,82,20,92,82,25886,666,448,79,51,695,332,229,7045,226,0,1,4,20,3,10,0,0,0,3,4,0,1,0,2,8,9,0,18,0,0,1,2,3,3,1,0,1,1,0,0,2,9,4,1,1,4,30,5,0,10,6,3,0,1,7,1,1,2,1
1085,467,1008,2480,582,317,427,92,39,507,48,523,418,21176,3408,431,134,11,54,103,509,437,269,34,99,35,32,109,8897,41485,99,475,1131,32,168,99,225,144,234,14,5962,4567,3574,129,357,107,603,211,1737,1650,2,6,14,45,5,48,5,0,2,10,34,1,1,2,25,25,49,0,101,4,3,23,11,4,4,2,1,1,17,3,0,3,33,34,4,0,16,123,19,4,47,1,10,0,1,30,4,4,17,11
1,3,1,102,1,7,131,1120,108,104,79,720,871,118,256,8009,2645,1743,992,238,2289,126,76,29,52,10,38,2,13,99,9337,54,468,1,161,134,202,89,149,2,40,50,10394,32,212,4,70,57,3,69,0,2,5,2,1,5,4,1,2,14,12,2,2,0,1,4,23,0,69,5,4,1,10,6,4,0,0,0,6,5,0,0,9,13,1,0,5,29,5,0,15,0,1,0,0,3,0,2,4,8
1,3,3,49,0,6,11,207,207,371,35,86,128,389,154,84,24,20,51,220,127,571,887,29,628,11424,904,66,112,475,54,28653,9582,3611,7,38,37,6714,28,425,162,250,507,11995,6955,515,16315,28,7,134,1,0,2,0,1,0,2,2,1,19,1,3,4,1,0,2,0,0,6,43,1,72,6,146,1,250,186,11,0,0,102,74,1,2,111,63,3,2,3,105,6,110,900,3,72,3,2,0,0,0
2,5,10,82,0,5,30,2633,1811,1014,304,8558,8141,875,369,468,603,192,395,4721,691,999,4229,76,3908,357,510,18,183,1131,468,9582,17655,45,34,89,151,2088,43,16,429,714,1721,1269,8133,86,9905,16,16,408,0,0,2,1,0,1,86,28,3,251,6,12,56,30,1,1,11,1,30,408,3,47,38,393,6,8,34,0,0,2,4,145,2,6,97,0,19,2,3,78,2,2,104,0,7,2,0,0,2,4
5,1,12,16,2,8,4,4,20,22,4,12,4,20,8,10,0,1,7,17,5,475,220,16,53,3177,621,9672,187,32,1,3611,45,36133,6,9,78,234,62,13674,133,20,12,14536,48,2977,20001,71,2,7,0,0,0,0,0,0,1,0,1,3,3,4,3,0,0,1,0,0,4,0,1,96,4,32,3,158,148,316,5,0,272,22,1,1,13,871,20,7,1,14,19,1707,1261,53,399,4,0,3,0,1
16,57,23,1598,23,295,4119,45,379,626,108,88,18,236,270,4073,29,1,195,60,181,183,18,743,162,6,283,4,51,168,161,7,34,6,4422,2641,972,21,6678,64,175,130,1271,122,17,3,16,2485,156,65,4,13,40,33,27,116,0,2,4,35,41,4,1,2,56,38,89,1,172,10,8,28,23,4,20,0,3,0,23,10,1,4,38,67,3,0,25,280,43,0,88,0,2,0,1,81,16,13,33,18
5,9,4,188,1,15,641,95,3111,600,291,290,44,86,91,3252,95,15,5289,294,406,220,47,7035,851,5,743,3,23,99,134,38,89,9,2641,15432,2341,36,4400,111,131,102,686,292,23,6,37,187,10,64,1,2,16,3,3,14,12,6,30,193,94,12,11,8,12,34,54,10,340,48,23,22,108,26,42,2,6,1,12,23,0,16,36,34,6,0,64,126,48,8,40,3,13,1,1,13,1,16,44,33
7,14,6,322,5,292,344,374,6993,632,129,340,210,189,196,1169,142,15,1385,234,380,222,60,4616,632,21,2174,185,82,225,202,37,151,78,972,2341,5771,27,9561,754,219,186,1191,548,31,13,77,3311,103,137,4,2,12,3,9,20,28,31,22,618,46,23,19,25,15,15,33,24,95,33,27,13,95,35,36,2,4,1,4,16,2,22,9,21,10,0,96,81,22,3,29,3,11,0,4,43,2,9,13,21
2,5,1,69,1,3,24,440,312,71,30,51,100,127,168,171,12,6,75,2692,47,494,1274,21,522,6516,273,11,20,144,89,6714,2088,234,21,36,27,8684,21,38,41,45,706,11768,3172,159,2060,20,5,40,0,0,0,0,1,1,3,7,1,30,3,5,29,5,1,2,2,0,9,123,0,85,24,515,4,104,301,1,0,1,21,172,0,5,341,7,3,4,2,236,4,15,661,1,35,3,1,0,0,1
8,38,23,829,11,545,1097,28,662,998,142,48,17,229,317,1615,16,2,148,43,203,284,23,4429,297,9,2824,44,92,234,149,28,43,62,6678,4400,9561,21,23931,711,264,187,1393,670,7,10,45,9337,172,82,8,25,48,47,34,165,1,1,11,47,102,11,9,3,88,103,210,2,468,7,13,48,63,14,40,2,4,1,47,28,2,12,98,144,5,2,71,521,80,10,198,1,15,0,4,122,12,35,63,52
3,1,4,6,2,36,23,7,30,15,8,5,0,6,6,41,1,0,28,4,7,236,120,170,44,123,7472,13950,82,14,2,425,16,13674,64,111,754,38,711,40899,69,12,38,6789,6,1499,3506,468,11,6,0,0,0,0,2,0,0,1,0,3,3,2,2,0,1,2,0,0,4,4,2,97,6,33,3,203,184,525,6,0,261,24,2,0,17,1035,45,8,0,13,25,2345,1354,68,394,17,0,1,0,0
384,323,804,1604,206,201,413,31,33,14475,152,336,123,1171,1120,363,61,4,38,24,437,15928,278,46,62,14,31,367,25886,5962,40,162,429,133,175,131,219,41,264,69,63308,11198,1322,94,88,479,413,187,81,1332,1,2,12,26,4,16,2,1,2,9,19,3,0,0,9,8,35,1,73,2,3,9,20,4,3,2,0,1,4,2,1,1,13,16,0,0,5,52,10,1,23,5,3,0,0,13,3,3,6,8
58,86,171,876,15,46,195,20,27,6947,86,583,167,860,1103,283,121,2,35,29,933,1435,286,35,50,7,27,27,666,4567,50,250,714,20,130,102,186,45,187,12,11198,15252,3298,59,107,52,425,137,25,7458,0,2,5,5,5,13,1,0,2,10,6,0,0,0,5,11,15,0,56,5,1,6,13,5,6,2,0,1,3,5,0,3,15,7,3,0,7,32,0,5,20,0,3,0,1,3,0,5,4,4
23,52,32,2316,11,94,1279,1789,428,2747,249,2027,1993,4709,13444,16262,1665,415,1361,1040,6175,720,339,179,349,74,148,16,448,3574,10394,507,1721,12,1271,686,1191,706,1393,38,1322,3298,45717,346,1257,25,527,793,99,8231,7,15,45,30,17,111,7,6,12,60,98,8,14,4,75,76,175,1,374,31,10,52,43,29,29,2,4,0,48,22,1,21,69,97,8,0,54,390,55,8,157,2,9,0,0,74,13,16,62,41
4,2,4,52,2,33,52,134,564,168,56,109,70,95,92,173,7,5,176,678,37,1474,3415,363,3366,14760,14840,274,79,129,32,11995,1269,14536,122,292,548,11768,670,6789,94,59,346,66487,726,1305,10111,729,26,25,1,0,2,0,2,1,5,7,4,66,6,9,32,6,1,7,9,2,13,140,6,327,40,958,13,928,1219,47,2,3,290,404,5,9,749,192,19,7,3,612,12,452,3947,14,346,8,1,1,0,4
2,3,2,127,3,1,20,1558,503,86,20,86,712,419,331,242,48,22,134,4191,94,324,533,30,742,1073,123,7,51,357,212,6955,8133,48,17,23,31,3172,7,6,88,107,1257,726,4389,52,1318,9,10,65,0,0,1,0,0,2,14,13,2,84,5,3,29,6,0,4,4,2,13,159,2,37,15,348,5,8,44,0,0,0,7,102,2,1,113,1,4,2,1,78,0,3,127,1,4,0,0,1,2,0
16,5,28,15,11,7,6,88,65,108,90,81,33,34,21,11,11,1,17,42,13,5337,9062,4,108,129,108,11987,695,107,4,515,86,2977,3,6,13,159,10,1499,479,52,25,1305,52,16505,10322,5,2,13,0,0,0,1,0,1,0,1,0,2,0,0,1,0,0,0,1,0,1,3,0,8,1,9,0,17,19,45,2,0,16,4,0,2,4,107,4,2,0,8,2,193,117,6,27,2,0,0,1,0
10,4,15,41,7,8,15,281,345,823,165,378,140,351,130,89,85,27,82,350,256,1979,8110,32,1095,1452,1047,5458,332,603,70,16315,9905,20001,16,37,77,2060,45,3506,413,425,527,10111,1318,10322,61679,38,4,171,0,2,1,0,1,0,6,2,3,31,2,0,11,2,1,5,3,3,9,54,1,95,11,160,4,202,157,147,3,1,175,51,1,3,86,494,9,2,1,92,8,770,1100,23,264,4,0,1,1,1
55,159,326,3025,77,5258,3605,7,138,554,24,18,9,309,365,769,6,0,21,14,47,184,14,232,310,12,1506,46,229,211,57,28,16,71,2485,187,3311,20,9337,468,187,137,793,729,9,5,38,12217,1540,56,20,47,62,117,91,247,0,2,0,10,23,1,3,1,86,53,114,0,77,7,0,20,15,10,8,1,5,1,39,0,0,1,37,61,7,0,26,398,22,5,89,1,12,2,0,245,21,10,24,12
2766,236,783,1199,6102,3002,483,3,5,69,2,4,5,9761,242,135,1,0,2,3,7,57,4,12,18,2,48,4,7045,1737,3,7,16,2,156,10,103,5,172,11,81,25,99,26,10,2,4,1540,17731,5,2,1,5,29,6,14,0,0,0,1,0,1,0,0,6,6,9,0,9,0,1,2,0,1,0,0,0,0,4,0,0,0,3,6,1,0,3,23,2,0,4,0,1,0,0,12,0,1,4,0
4,8,11,230,3,9,58,36,11,3800,30,296,176,5025,7237,150,108,8,21,23,2191,208,105,15,41,4,13,14,226,1650,69,134,408,7,65,64,137,40,82,6,1332,7458,8231,25,65,13,171,56,5,12637,0,0,1,0,0,5,0,1,0,7,8,2,0,1,2,4,11,0,39,1,0,0,2,0,1,1,1,0,2,1,0,0,5,8,0,0,7,17,7,0,13,0,1,0,0,4,0,3,7,7
0,4,12,15,0,43,14,0,0,1,0,0,0,4,6,8,0,0,0,0,0,0,0,0,0,0,0,0,0,2,0,1,0,0,4,1,4,0,8,0,1,0,7,1,0,0,0,20,2,0,36236,14700,1901,14201,8843,2741,3,1,0,4,85,2,1,1,7486,47,101,0,21,3,0,375,3,11,8,5,3,32,1904,0,2,6,850,14,2,10,23,154,13,0,31,4,16,13,12,164,8497,248,135,19
0,7,27,55,2,14,34,0,1,6,2,0,0,8,5,20,0,0,0,0,0,2,0,0,1,0,0,0,1,6,2,0,0,0,13,2,2,0,25,0,2,2,15,0,0,0,2,47,1,0,14700,52126,8848,12421,859,4604,1,2,1,5,240,8,1,0,7302,87,87,0,26,1,2,577,1,2,10,2,0,23,1240,0,0,8,917,24,5,15,15,115,27,0,17,1,5,16,12,149,1612,373,345,62
0,10,18,88,3,16,48,1,1,20,2,0,1,16,20,61,0,0,2,4,1,9,0,2,1,0,0,0,4,14,5,2,2,0,40,16,12,0,48,0,12,5,45,2,1,0,1,62,5,1,1901,8848,23533,312,324,12926,24,8,11,39,522,35,26,25,13883,5207,5036,6,436,56,32,370,52,6,47,4,5,10,1498,11,6,63,1133,213,41,7,80,820,82,5,74,3,9,12,9,168,1790,297,496,120
178,17,717,152,508,1885,265,0,0,9,0,0,0,31,16,30,0,0,1,0,0,23,0,2,0,0,0,2,20,45,2,0,1,0,33,3,3,0,47,0,26,5,30,0,0,1,0,117,29,0,14201,12421,312,52210,18496,17647,1,2,1,3,231,2,4,0,629,65,74,1,24,3,6,382,2,6,15,5,0,25,755,1,2,9,689,19,0,8,13,327,25,2,230,4,10,14,7,608,956,321,344,94
4,20,33,107,5,111,160,0,5,6,0,1,0,15,15,38,1,0,1,0,2,6,0,0,0,1,1,2,3,5,1,1,0,0,27,3,9,1,34,2,4,5,17,2,0,0,1,91,6,0,8843,859,324,18496,30536,11639,1,1,1,8,108,3,4,0,1270,57,124,0,70,4,10,132,30,116,9,1,88,25,353,1,0,7,233,41,7,9,219,1671,37,3,548,72,129,6,6,5282,3921,96,110,48
6,36,155,281,3,372,256,0,2,28,2,2,2,62,62,127,1,1,13,3,4,22,0,6,4,0,0,0,10,48,5,0,1,0,116,14,20,1,165,0,16,13,111,1,2,1,0,247,14,5,2741,4604,12926,17647,11639,36849,10,8,7,46,974,51,17,19,3405,510,4632,4,479,65,55,597,75,14,73,3,11,24,1315,3,2,40,1399,169,26,7,153,2566,148,10,319,5,14,16,10,1595,1479,525,942,285
0,1,0,1,0,0,0,70,388,1,1,17,51,0,1,8,2,0,17,225,3,18,13,11,202,0,37,0,0,5,4,2,86,1,0,12,28,3,1,0,2,1,7,5,14,0,6,0,0,0,3,1,24,1,1,10,4199,7289,801,1570,27,282,264,4466,43,74,324,622,475,5490,30,442,34,274,129,6,14,2,7,320,10,2089,24,177,304,7,110,20,62,77,4,2,47,1,27,2,1,4,15,10
0,0,0,2,0,1,1,35,261,2,1,6,44,3,1,11,4,0,13,82,1,12,7,20,58,2,13,0,0,0,1,2,28,0,2,6,31,7,1,1,1,0,6,7,13,1,2,2,0,1,1,2,8,2,1,8,7289,20888,3321,2895,105,1050,761,3599,18,28,274,6569,897,3936,89,1475,27,103,97,32,10,2,9,373,35,1281,3,103,382,13,110,23,33,87,2,6,99,19,91,1,2,4,14,14
0,0,0,4,0,0,2,13,33,7,3,7,1,0,2,4,6,1,31,1,14,2,0,11,11,0,2,0,0,2,2,1,3,1,4,30,22,1,11,0,2,2,12,4,2,0,3,0,0,0,0,1,11,1,1,7,801,3321,6572,2692,367,2019,619,1090,13,35,318,3504,1811,318,483,961,52,29,413,23,9,6,5,2130,11,560,16,98,100,12,74,25,35,28,3,5,65,11,58,3,1,12,31,34
0,1,1,19,0,3,18,335,3677,46,11,114,246,7,11,123,30,6,304,658,30,69,31,162,676,4,161,0,3,10,14,19,251,3,35,193,618,30,47,3,9,10,60,66,84,2,31,10,1,7,4,5,39,3,8,46,1570,2895,2692,63914,621,2136,1835,1852,56,90,388,831,11533,6405,573,2186,11330,6380,268,55,703,6,24,139,38,1442,53,148,326,20,4594,225,77,158,61,34,349,36,160,31,9,27,73,97
0,7,3,52,1,9,32,12,38,48,1,8,2,18,18,130,8,1,76,7,19,21,3,21,7,1,7,1,4,34,12,1,6,3,41,94,46,3,102,3,19,6,98,6,5,0,2,23,0,8,85,240,522,231,108,974,27,105,367,621,45532,5154,1805,118,585,583,1196,65,2219,142,5717,3440,313,61,1192,71,23,15,357,103,25,309,421,532,49,22,547,1082,453,38,295,16,195,51,176,124,73,15147,10560,4299
0,0,0,3,0,0,1,7,66,6,1,6,9,2,2,12,2,0,18,26,5,3,0,6,28,1,1,0,0,1,2,3,12,4,4,12,23,5,11,2,3,0,8,9,3,0,0,1,1,2,2,8,35,2,3,51,282,1050,2019,2136,5154,6023,9768,620,45,95,328,301,1413,472,3239,5828,119,151,564,62,18,6,27,155,22,719,94,95,84,29,98,84,157,68,26,3,211,60,142,15,4,83,277,335
0,0,0,2,0,0,1,13,82,3,4,7,14,0,2,8,2,1,10,97,4,9,13,5,142,1,26,0,1,1,2,4,56,3,1,11,19,29,9,2,0,0,14,32,29,1,11,3,0,0,1,1,26,4,4,17,264,761,619,1835,1805,9768,28058,8362,130,351,275,3608,468,1620,7955,8188,102,803,2799,84,64,8,31,844,81,8568,190,416,608,41,88,38,542,278,11,12,425,43,330,6,5,52,244,462
0,0,0,0,0,0,4,33,157,4,0,5,20,0,1,5,4,1,9,95,3,7,6,9,92,0,21,0,0,2,0,1,30,0,2,8,25,5,3,0,0,0,4,6,6,0,2,1,0,1,1,0,25,0,0,19,4466,3599,1090,1852,118,620,8362,19931,142,318,573,6791,642,1152,1106,622,38,223,1014,19,13,4,22,1104,26,2788,101,543,191,8,85,22,281,36,5,2,63,7,57,2,6,14,38,105
3,7,22,85,3,24,59,0,7,25,3,1,0,29,32,65,0,0,17,2,4,14,0,4,4,0,2,1,2,25,1,0,1,0,56,12,15,1,88,1,9,5,75,1,0,0,1,86,6,2,7486,7302,13883,629,1270,3405,43,18,13,56,585,45,130,142,71395,9413,2027,35,422,149,54,822,37,31,242,18,3,73,11707,46,43,420,13987,1478,174,32,137,598,1170,28,127,5,53,23,105,176,9120,596,955,329
2,8,8,49,0,14,32,5,9,36,7,3,0,29,18,63,1,1,9,5,8,10,3,6,4,0,1,0,8,25,4,2,1,1,38,34,15,2,103,2,8,11,76,7,4,0,5,53,6,4,47,87,5207,65,57,510,74,28,35,90,583,95,351,318,9413,30095,2765,76,806,237,208,603,65,33,849,35,15,23,995,129,80,849,4739,6829,260,29,268,570,10586,50,162,4,78,16,188,121,208,359,3553,4799
2,15,11,132,1,17,85,8,18,69,4,5,6,50,51,160,2,1,41,10,5,26,4,8,20,1,1,0,9,49,23,0,11,0,89,54,33,2,210,0,35,15,175,9,4,1,3,114,9,11,101,87,5036,74,124,4632,324,274,318,388,1196,328,275,573,2027,2765,19729,282,10703,615,281,521,277,87,1235,24,15,11,389,6026,44,789,696,6759,335,17,326,5356,1309,65,442,7,63,6,79,277,221,238,538,377
0,0,0,0,0,0,0,3,19,3,0,3,1,0,0,4,3,0,11,0,5,1,1,3,3,0,1,0,0,0,0,0,1,0,1,10,24,0,2,0,1,0,1,2,2,0,3,0,0,0,0,0,6,1,0,4,622,6569,3504,831,65,301,3608,6791,35,76,282,8784,624,99,4878,215,31,13,2476,4,1,2,2,4407,9,637,27,186,33,0,44,10,99,9,2,4,17,3,20,0,0,1,13,29
3,5,10,96,3,18,101,50,142,190,33,34,26,75,99,408,10,5,232,36,79,74,5,70,44,1,21,1,18,101,69,6,30,4,172,340,95,9,468,4,73,56,374,13,13,1,9,77,9,39,21,26,436,24,70,479,475,897,1811,11533,2219,1413,468,642,422,806,10703,624,30286,1870,915,846,6308,728,1739,31,261,31,180,4085,23,684,504,1494,216,16,2017,6057,902,108,1081,117,315,6,82,301,86,219,594,593
0,1,0,7,0,1,5,89,625,10,6,42,77,10,8,33,4,0,56,651,11,66,101,35,1114,12,149,0,0,4,5,43,408,0,10,48,33,123,7,4,2,5,31,140,159,3,54,7,0,1,3,1,56,3,4,65,5490,3936,318,6405,142,472,1620,1152,149,237,615,99,1870,20978,108,1508,680,3073,334,229,175,11,29,206,161,7334,93,502,2707,74,212,129,224,2283,34,20,629,20,263,19,6,25,44,52
0,0,0,5,0,0,7,5,31,11,5,8,3,4,0,18,2,0,22,9,4,4,4,7,12,1,5,0,0,3,4,1,3,1,8,23,27,0,13,2,3,1,10,6,2,0,1,0,1,0,0,2,32,6,10,55,30,89,483,573,5717,3239,7955,1106,54,208,281,4878,915,108,12666,1125,128,37,8917,44,15,6,44,1519,29,690,218,198,64,19,142,121,617,27,47,7,130,16,161,13,6,144,719,4552
1,4,6,23,0,10,22,12,90,15,3,6,10,9,7,42,3,2,21,62,6,7,21,8,190,75,132,5,1,23,1,72,47,96,28,22,13,85,48,97,9,6,52,327,37,8,95,20,2,0,375,577,370,382,132,597,442,1475,961,2186,3440,5828,8188,622,822,603,521,215,846,1508,1125,42161,126,1398,873,1970,778,2238,4252,169,489,7093,1676,378,1459,1655,160,291,436,1392,96,459,7181,10576,9481,72,76,3035,1444,687
0,1,0,10,0,0,19,35,201,42,11,26,18,7,8,80,9,5,106,82,30,11,11,29,156,5,33,2,2,11,10,6,38,4,23,108,95,24,63,6,20,13,43,40,15,1,11,15,0,2,3,1,52,2,30,75,34,27,52,11330,313,119,102,38,37,65,277,31,6308,680,128,126,10916,4587,105,18,1047,65,12,15,13,181,50,57,61,10,5741,2544,66,55,640,290,708,1,28,120,32,24,63,67
0,0,0,7,0,0,6,32,285,16,4,25,32,5,4,18,4,1,41,522,4,63,166,17,2117,67,617,5,3,4,6,146,393,32,4,26,35,515,14,33,4,5,29,958,348,9,160,10,1,0,11,2,6,6,116,14,274,103,29,6380,61,151,803,223,31,33,87,13,728,3073,37,1398,4587,15347,75,242,10517,121,17,29,169,3162,31,76,1181,115,1336,422,48,425,737,838,4222,17,296,393,84,7,14,19
0,0,3,5,0,1,6,11,24,25,3,7,1,6,6,62,4,0,56,13,10,9,1,10,19,1,3,0,3,4,4,1,6,3,20,42,36,4,40,3,3,6,29,13,5,0,4,8,0,1,8,10,47,15,9,73,129,97,413,268,1192,564,2799,1014,242,849,1235,2476,1739,334,8917,873,105,75,9711,62,14,5,102,6330,91,1717,658,2068,342,37,265,256,5361,55,92,11,155,16,347,32,12,93,904,3009
0,0,0,0,0,1,0,1,9,1,1,1,0,0,0,1,0,0,1,9,0,13,37,0,35,192,226,3,1,2,0,250,8,158,0,2,2,104,2,203,2,2,2,928,8,17,202,1,0,1,5,2,4,5,1,3,6,32,23,55,71,62,84,19,18,35,24,4,31,229,44,1970,18,242,62,28376,426,248,40,10,11971,836,29,35,2803,4372,13,4,35,5363,22,208,10214,134,3077,15,3,14,21,25
0,0,0,1,0,0,2,1,29,5,0,1,3,4,1,8,0,0,4,32,0,8,45,4,259,166,631,31,0,1,0,186,34,148,3,6,4,301,4,184,0,0,4,1219,44,19,157,5,0,1,3,0,5,0,88,11,14,10,9,703,23,18,64,13,3,15,15,1,261,175,15,778,1047,10517,14,426,17150,1137,13,3,218,793,17,10,538,258,1176,320,12,186,1027,7915,14791,32,432,403,58,3,8,10
0,0,0,0,0,0,0,0,0,0,0,0,0,0,0,0,0,0,2,0,0,6,2,0,2,17,19,192,1,1,0,11,0,316,0,1,1,1,1,525,1,1,0,47,0,45,147,1,0,0,32,23,10,25,25,24,2,2,6,6,15,6,8,4,73,23,11,2,31,11,6,2238,65,121,5,248,1137,58084,2233,2,203,57,181,4,85,8954,362,49,9,24,235,22664,2180,20163,1298,97,32,258,49,9
0,6,9,40,1,10,27,1,2,12,1,0,0,16,9,42,0,1,4,2,2,4,2,7,1,0,1,2,1,17,6,0,0,5,23,12,4,0,47,6,4,3,48,2,0,2,3,39,4,2,1904,1240,1498,755,353,1315,7,9,5,24,357,27,31,22,11707,995,389,2,180,29,44,4252,12,17,102,40,13,2233,144221,14,27,100,21984,306,42,521,79,262,293,17,65,119,158,955,232,96,22739,16590,1141,253
0,0,0,2,0,0,6,3,16,10,1,8,0,5,5,33,1,1,18,5,3,2,1,4,5,0,3,0,0,3,5,0,2,0,10,23,16,1,28,0,2,5,22,3,0,0,1,0,0,1,0,0,11,1,1,3,320,373,2130,139,103,155,844,1104,46,129,6026,4407,4085,206,1519,169,15,29,6330,10,3,2,14,9241,26,914,36,1592,167,11,29,50,385,28,25,4,17,4,55,4,1,9,40,53
0,0,0,0,0,0,0,0,3,0,0,1,0,0,0,1,0,0,0,4,0,9,15,1,22,76,58,9,0,0,0,102,4,272,1,0,2,21,2,261,1,0,1,290,7,16,175,0,0,0,2,0,6,2,0,2,10,35,11,38,25,22,81,26,43,80,44,9,23,161,29,489,13,169,91,11971,218,203,27,26,22330,1570,47,62,3465,7698,7,1,67,494,9,432,4542,95,6685,8,1,11,18,33
0,0,0,3,0,0,5,33,184,7,2,18,33,4,2,15,3,0,23,264,6,17,53,12,588,48,204,1,2,3,0,74,145,22,4,16,22,172,12,24,1,3,21,404,102,4,51,1,0,0,6,8,63,9,7,40,2089,1281,560,1442,309,719,8568,2788,420,849,789,637,684,7334,690,7093,181,3162,1717,836,793,57,100,914,1570,36814,280,1059,18361,288,91,50,794,3243,18,57,4639,61,3970,22,12,41,207,322
0,3,9,51,0,6,39,4,10,34,2,4,1,23,23,72,1,0,14,3,7,16,1,4,7,0,4,0,9,33,9,1,2,1,38,36,9,0,98,2,13,15,69,5,2,0,1,37,3,5,850,917,1133,689,233,1399,24,3,16,53,421,94,190,101,13987,4739,696,27,504,93,218,1676,50,31,658,29,17,181,21984,36,47,280,65105,899,95,85,242,464,1633,14,155,26,98,106,161,77,2125,5275,15621,1732
1,13,8,57,1,6,46,4,18,35,5,5,3,31,29,100,2,0,16,7,8,19,4,6,15,1,5,0,4,34,13,2,6,1,67,34,21,5,144,0,16,7,97,9,1,2,3,61,6,8,14,24,213,19,41,169,177,103,98,148,532,95,416,543,1478,6829,6759,186,1494,502,198,378,57,76,2068,35,10,4,306,1592,62,1059,899,6511,412,35,326,589,5486,72,190,8,69,8,153,147,77,117,406,537
0,1,0,4,0,0,2,5,69,7,1,5,7,5,1,9,0,1,8,90,4,31,75,14,522,86,425,2,1,4,1,111,97,13,3,6,10,341,5,17,0,3,8,749,113,4,86,7,1,0,2,5,41,0,7,26,304,382,100,326,49,84,608,191,174,260,335,33,216,2707,64,1459,61,1181,342,2803,538,85,42,167,3465,18361,95,412,17408,420,23,35,219,10191,14,26,3731,43,1255,9,8,15,58,55
1,0,0,0,0,0,1,1,2,0,0,0,0,0,0,0,0,0,2,3,0,12,4,0,10,33,36,87,1,0,0,63,0,871,0,0,0,7,2,1035,0,0,0,192,1,107,494,0,0,0,10,15,7,8,9,7,7,13,12,20,22,29,41,8,32,29,17,0,16,74,19,1655,10,115,37,4372,258,8954,521,11,7698,288,85,35,420,37762,18,8,19,148,14,2453,9743,8761,5716,16,15,78,40,18
2,3,2,23,0,4,14,37,214,23,4,17,27,12,14,46,3,2,38,41,19,10,2,36,37,0,17,10,4,16,5,3,19,20,25,64,96,3,71,45,5,7,54,19,4,4,9,26,3,7,23,15,80,13,219,153,110,110,74,4594,547,98,88,85,137,268,326,44,2017,212,142,160,5741,1336,265,13,1176,362,79,29,7,91,242,326,23,18,4867,2612,389,32,4682,1333,790,3,26,1268,122,92,256,293
14,43,54,417,8,79,298,11,27,155,14,8,5,130,142,361,5,2,60,7,22,77,0,15,15,1,4,1,30,123,29,2,2,7,280,126,81,4,521,8,52,32,390,7,2,2,2,398,23,17,154,115,820,327,1671,2566,20,23,25,225,1082,84,38,22,598,570,5356,10,6057,129,121,291,2544,422,256,4,320,49,262,50,1,50,464,589,35,8,2612,12671,410,22,8138,223,251,8,13,5437,577,222,535,337
1,4,3,14,0,4,24,5,8,19,4,3,3,6,13,75,0,0,34,9,13,18,1,5,6,1,6,0,5,19,5,3,3,1,43,48,22,2,80,0,10,0,55,3,1,0,1,22,2,7,13,27,82,25,37,148,62,33,35,77,453,157,542,281,1170,10586,1309,99,902,224,617,436,66,48,5361,35,12,9,293,385,67,794,1633,5486,219,19,389,410,24768,34,179,9,83,16,169,91,56,162,1836,9317
0,0,0,1,0,1,0,5,48,1,0,4,5,2,1,1,1,0,1,32,2,25,68,10,370,87,294,1,0,4,0,105,78,14,0,8,3,236,10,13,1,5,8,612,78,8,92,5,0,0,0,0,5,2,3,10,77,87,28,158,38,68,278,36,28,50,65,9,108,2283,27,1392,55,425,55,5363,186,24,17,28,494,3243,14,72,10191,148,32,22,34,13419,30,24,8340,35,681,5,3,5,17,15
6,6,16,120,0,18,101,0,13,64,7,5,0,47,58,149,2,0,18,2,13,28,1,9,7,3,6,4,10,47,15,6,2,19,88,40,29,4,198,25,23,20,157,12,0,2,8,89,4,13,31,17,74,230,548,319,4,2,3,61,295,26,11,5,127,162,442,2,1081,34,47,96,640,737,92,22,1027,235,65,25,9,18,155,190,14,14,4682,8138,179,30,11554,1007,931,5,15,6378,366,52,121,131
0,0,0,0,0,0,2,0,1,3,0,0,0,1,1,1,0,0,0,2,0,13,14,1,10,124,73,397,6,1,0,110,2,1707,0,3,3,15,1,2345,5,0,2,452,3,193,770,1,0,0,4,1,3,4,72,5,2,6,5,34,16,3,12,2,5,4,7,4,117,20,7,459,290,838,11,208,7915,22664,119,4,432,57,26,8,26,2453,1333,223,9,24,1007,42671,12390,305,910,356,43,19,9,4
0,0,0,4,1,1,2,11,83,10,5,6,4,5,4,11,0,1,13,58,6,59,176,21,586,850,1502,82,3,10,1,900,104,1261,2,13,11,661,15,1354,3,3,9,3947,127,117,1100,12,1,1,16,5,9,10,129,14,47,99,65,349,195,211,425,63,53,78,63,17,315,629,130,7181,708,4222,155,10214,14791,2180,158,17,4542,4639,98,69,3731,9743,790,251,83,8340,931,12390,58186,563,7170,499,90,45,83,78
0,0,0,0,0,1,0,0,2,0,0,0,0,0,0,0,0,0,2,0,0,1,0,1,3,3,3,3,0,0,0,3,0,53,0,1,0,1,0,68,0,0,0,14,1,6,23,2,0,0,13,16,12,14,6,16,1,19,11,36,51,60,43,7,23,16,6,3,6,20,16,10576,1,17,16,134,32,20163,955,4,95,61,106,8,43,8761,3,8,16,35,5,305,563,26887,16497,3,13,146,41,15
0,0,0,0,0,0,0,0,8,1,0,1,0,0,0,3,1,0,2,12,0,9,20,0,29,79,91,13,1,1,0,72,7,399,1,1,4,35,4,394,0,1,0,346,4,27,264,0,0,0,12,12,9,7,6,10,27,91,58,160,176,142,330,57,105,188,79,20,82,263,161,9481,28,296,347,3077,432,1298,232,55,6685,3970,161,153,1255,5716,26,13,169,681,15,910,7170,16497,26715,6,5,54,89,126
4,23,39,243,2,54,150,3,1,24,1,0,0,38,35,85,0,1,4,2,4,11,2,3,2,2,4,3,7,30,3,3,2,4,81,13,43,3,122,17,13,3,74,8,0,2,4,245,12,4,164,149,168,608,5282,1595,2,1,3,31,124,15,6,2,176,121,277,0,301,19,13,72,120,393,32,15,403,97,96,4,8,22,77,147,9,16,1268,5437,91,5,6378,356,499,3,6,7526,771,38,94,62
1,0,4,16,0,5,15,1,0,5,0,0,0,2,2,7,1,0,3,1,1,1,0,1,2,0,0,0,1,4,0,2,0,0,16,1,2,1,12,0,3,0,13,1,0,0,0,21,0,0,8497,1612,1790,956,3921,1479,1,2,1,9,73,4,5,6,9120,208,221,0,86,6,6,76,32,84,12,3,58,32,22739,1,1,12,2125,77,8,15,122,577,56,3,366,43,90,13,5,771,36311,487,92,32
2,3,2,24,0,6,10,0,7,7,0,0,1,6,8,27,0,0,6,1,3,4,0,3,2,1,0,1,1,4,2,0,0,3,13,16,9,0,35,1,3,5,16,1,1,0,1,10,1,3,248,373,297,321,96,525,4,4,12,27,15147,83,52,14,596,359,238,1,219,25,144,3035,24,7,93,14,3,258,16590,9,11,41,5275,117,15,78,92,222,162,5,52,19,45,146,54,38,487,32992,6191,519
0,4,3,36,0,6,22,3,12,27,1,2,1,8,12,55,3,0,21,5,12,12,0,12,2,1,1,0,2,17,4,0,2,0,33,44,13,0,63,0,6,4,62,0,2,1,1,24,4,7,135,345,496,344,110,942,15,14,31,73,10560,277,244,38,955,3553,538,13,594,44,719,1444,63,14,904,21,8,49,1141,40,18,207,15621,406,58,40,256,535,1836,17,121,9,83,41,89,94,92,6191,30172,9223
0,1,1,10,0,2,18,8,10,16,1,2,2,4,11,43,1,0,27,4,6,4,0,11,5,0,1,0,1,11,8,0,4,1,18,33,21,1,52,0,8,4,41,4,0,0,1,12,0,7,19,62,120,94,48,285,10,14,34,97,4299,335,462,105,329,4799,377,29,593,52,4552,687,67,19,3009,25,10,9,253,53,33,322,1732,537,55,18,293,337,9317,15,131,4,78,15,126,62,32,519,9223,12718
