17755,6913,8149,3830,8148,2830,1108,0,1,95,2,0,0,17485,1494,152,0,0,0,0,0,227,0,3,0,0,0,0,181,493,79,0,1,0,21,1,33,0,25,0,25,8,30,0,0,3,0,74,1216,8,0,0,0,0,0,0,0,0,0,0,0,0,0,0,3,0,3,0,0,1,0,0,0,0,0,0,0,0,0,1,0,0,1,0,0,0,1,1,0,0,0,0,0,0,0,1,0,0,1,0
6913,24550,9886,18361,851,813,1196,0,1,81,2,0,0,8358,1986,68,0,0,0,0,0,189,0,3,0,0,0,0,115,250,9,0,0,0,11,0,20,0,7,0,27,29,13,0,0,0,0,32,284,7,0,0,0,0,0,2,0,0,0,0,0,0,0,0,1,0,3,0,0,0,0,0,0,0,0,0,0,0,0,1,0,0,0,0,0,0,0,3,0,0,1,0,0,0,0,1,0,0,0,0
8149,9886,26677,12110,5518,6216,9025,2,1,256,1,0,0,1590,219,98,0,0,0,0,0,492,0,6,0,0,0,1,220,474,9,0,0,0,22,0,43,0,36,0,80,50,3,0,0,2,0,120,223,7,162,304,5,595,69,14,0,0,0,0,1,0,0,0,15,0,8,0,0,0,0,3,0,0,0,0,0,0,1,1,0,0,2,0,0,0,0,3,0,0,1,0,0,0,0,6,3,1,0,0
3830,18361,12110,62034,1284,1921,22625,14,12,1474,35,0,1,3995,15116,9489,0,1,8,5,1,948,0,72,0,0,1,2,494,1315,179,0,1,0,78,10,562,0,70,0,323,329,1289,0,0,10,0,251,575,191,13,4,15,6,82,235,0,0,1,0,13,2,0,0,53,1,441,0,15,1,0,10,2,0,0,0,0,0,7,61,0,0,10,12,0,0,29,368,0,0,23,0,0,0,0,263,10,1,10,0
8148,851,5518,1284,11409,24275,1629,3,0,51,1,0,0,9501,464,219,0,1,1,1,0,196,0,2,0,0,0,0,221,975,250,0,1,0,53,3,43,0,75,0,19,7,40,0,0,1,0,762,2804,19,0,1,0,0,0,0,0,0,0,0,0,0,0,0,2,0,1,0,0,0,0,0,0,0,0,0,0,0,0,2,0,0,0,0,0,0,0,4,0,0,0,0,0,0,0,7,1,0,0,0
2830,813,6216,1921,24275,6942,10900,0,0,80,2,0,0,901,112,338,0,0,0,0,0,170,0,33,0,0,0,1,101,165,27,0,0,0,130,8,50,0,857,0,25,10,11,0,0,1,0,1633,1384,1,116,74,0,642,119,9,0,0,0,0,0,0,0,0,13,0,4,0,1,0,0,3,0,0,0,0,0,0,0,2,0,0,0,0,0,0,2,1,0,0,3,0,0,0,0,7,1,1,1,1
1108,1196,9025,22625,1629,10900,20838,1,4,295,8,0,0,688,68,7716,0,0,2,0,0,582,0,27,1,0,0,0,244,422,13,0,0,0,790,64,166,1,1337,0,73,33,8,0,0,2,0,921,142,9,2,3,0,20,56,803,0,0,0,0,4,0,0,0,20,0,154,0,5,0,0,4,1,0,0,0,0,0,1,14,0,0,0,3,0,0,16,164,0,0,14,0,0,0,0,118,2,1,1,1
0,0,2,14,3,0,1,31153,7048,272,3443,550,3028,8,16,5336,2792,16719,877,17952,224,895,318,2612,177,15,144,40,13,11,2203,21,2344,57,1,17,1825,72,20,5,6,23,20,63,6,66,123,0,6,62,0,0,0,0,0,0,2,1,0,0,0,0,1,0,0,0,0,0,0,13,0,4,0,1,0,0,12,0,0,1,5,7,0,1,0,1,0,0,0,6,0,2,5,0,5,1,0,0,0,0
1,1,1,12,0,0,4,7048,73349,188,1112,280,504,6,16,899,209,602,6683,7015,180,426,301,23613,10799,65,4574,41,18,10,220,150,482,98,4,34,4600,320,133,210,4,8,17,659,19,28,134,0,1,11,0,0,0,0,0,0,0,1,0,0,1,0,0,1,0,0,0,1,6,13,0,2,0,2,0,1,12,1,0,0,7,17,0,0,3,2,1,0,0,13,0,7,13,1,3,0,0,0,0,0
95,81,256,1474,51,80,295,272,188,31711,4341,1511,269,372,1876,4310,188,872,178,40,1937,3694,750,981,16,14,45,224,104,511,5128,81,171,101,84,127,1041,16,831,28,16098,24076,2287,103,2,333,515,50,186,15735,2,0,0,0,1,0,1,0,0,0,2,1,0,0,8,2,25,0,2,0,0,0,0,0,0,4,2,1,2,15,4,3,0,5,0,8,5,6,1,5,0,9,19,0,3,4,1,1,3,0
2,2,1,35,1,2,8,3443,1112,4341,5039,7176,4124,33,115,915,1324,1741,524,893,2662,3825,3031,1543,107,15,112,77,27,13,2025,50,845,56,14,40,688,77,389,13,8,21,300,194,2,272,382,7,10,274,0,0,0,0,0,0,0,0,0,0,0,0,0,0,1,0,0,0,0,6,0,3,0,0,0,3,2,0,0,2,1,5,0,1,0,2,1,1,0,7,0,3,5,0,1,0,0,0,1,0
0,0,0,0,0,0,0,550,280,1511,7176,9289,17322,0,0,12,2961,795,32,925,3483,584,6406,471,341,6,193,83,0,0,97,57,7620,37,0,1,177,98,2,15,0,13,125,160,4,337,547,0,0,130,0,0,0,0,0,0,1,0,0,0,0,0,3,1,0,0,0,0,0,16,1,3,0,2,0,2,13,0,0,0,4,13,0,0,0,0,0,0,0,6,0,0,10,0,1,0,0,0,0,0
0,0,0,1,0,0,0,3028,504,269,4124,17322,8853,0,0,20,4211,3045,12,1936,1403,362,3432,275,261,15,229,170,6,0,46,388,14714,115,0,0,710,53,0,17,0,9,48,134,7,414,1575,0,0,56,0,0,0,0,0,0,0,0,0,0,0,0,2,1,0,0,0,1,0,15,0,2,1,5,0,7,14,0,0,0,8,13,0,0,6,5,0,0,0,9,0,4,24,0,7,0,0,0,0,0
17485,8358,1590,3995,9501,901,688,8,6,372,33,0,0,76153,18994,997,0,0,6,0,0,1198,3,53,1,0,3,8,2466,36290,3330,0,8,3,145,48,915,0,224,0,190,1616,821,1,0,6,2,181,17344,7713,2,0,2,0,7,2,0,0,0,0,8,1,0,0,18,0,45,0,3,0,1,11,1,0,0,0,0,0,4,35,0,0,2,3,0,0,9,10,0,0,6,0,0,0,0,7,3,1,5,0
1494,1986,219,15116,464,112,68,16,16,1876,115,0,0,18994,18735,3391,0,0,10,5,3,457,0,70,0,0,1,1,465,3060,3148,0,1,0,64,25,373,3,96,0,331,784,15952,0,0,2,1,53,618,6840,2,1,1,0,3,1,0,0,0,0,2,0,0,0,11,1,35,0,1,0,2,4,0,0,0,0,0,0,2,25,0,0,2,8,0,0,7,16,1,0,1,0,0,0,0,2,4,1,2,1
152,68,98,9489,219,338,7716,5336,899,4310,915,12,20,997,3391,32290,10,2650,18061,576,36,1050,25,1967,48,78,74,63,252,913,13216,58,89,86,9690,6245,5265,119,3694,16,252,574,7940,39,37,3,19,6272,204,330,30,15,20,9,129,18,0,0,0,1,24,4,1,0,147,6,632,0,23,2,0,36,6,1,0,0,7,0,23,162,1,6,25,31,2,0,80,362,0,2,24,0,0,0,0,204,12,5,26,0
0,0,0,0,0,0,0,2792,209,188,1324,2961,4211,0,0,10,9085,624,1,21,11271,98,102,450,3,0,3,3,0,0,439,4,22,5,0,0,132,2,1,1,0,4,119,7,0,14,12,0,0,36,0,0,0,0,0,0,0,0,0,0,0,0,0,0,0,0,0,0,0,0,0,1,0,0,0,0,0,0,0,0,0,0,0,0,0,0,0,0,0,0,0,0,1,0,0,0,0,0,0,0
0,0,0,1,1,0,0,16719,602,872,1741,795,3045,0,0,2650,624,3001,582,29,3599,101,430,1115,17,4,26,112,2,2,1767,71,135,48,1,2,365,14,13,11,2,38,121,31,1,163,381,1,1,100,0,0,0,0,0,0,0,0,0,0,0,0,0,0,0,0,0,0,0,0,1,2,0,0,0,1,1,0,0,1,1,0,0,0,0,5,0,0,0,1,0,2,2,0,2,0,0,0,1,0
0,0,0,8,1,0,2,877,6683,178,524,32,12,6,10,18061,1,582,7913,139,46,180,24,1851,110,1,52,2,19,32,848,1,13,2,3,2111,806,28,104,1,4,3,15,28,1,1,7,3,5,9,0,0,0,0,0,0,0,0,0,0,0,0,0,0,0,0,0,0,84,0,0,1,0,0,0,1,1,0,0,0,0,1,0,0,0,0,0,0,0,0,0,0,0,0,0,0,0,0,0,0
0,0,0,5,1,0,0,17952,7015,40,893,925,1936,0,5,576,21,29,139,25099,19,609,1578,884,10246,264,4822,126,10,2,97,185,9536,223,0,14,4872,2516,7,42,2,5,17,1178,2104,73,140,1,8,6,0,0,0,0,0,0,9,0,0,4,0,4,66,10,0,0,0,1,0,190,1,14,6,93,0,8,121,0,0,0,9,102,0,0,34,5,4,0,0,44,0,4,47,1,3,0,0,0,0,0
0,0,0,1,0,0,0,224,180,1937,2662,3483,1403,0,3,36,11271,3599,46,19,10595,188,425,580,4,2,13,37,2,1,5691,15,63,17,0,0,130,7,74,4,4,245,9828,37,0,83,121,0,0,6791,0,0,0,0,0,0,0,0,0,0,0,1,0,0,0,0,0,0,0,0,0,0,0,0,0,1,1,0,0,0,0,0,0,0,0,1,0,0,0,1,0,0,2,0,0,0,0,0,0,0
227,189,492,948,196,170,582,895,426,3694,3825,584,362,1198,457,1050,98,101,180,609,188,18337,5111,489,166,119,546,2004,6528,5096,688,238,269,548,71,140,1508,423,622,180,24634,2077,117,1630,13,7994,1836,38,525,170,3,0,0,0,6,1,0,0,0,1,1,0,2,0,11,0,27,4,0,5,0,18,1,3,1,26,5,4,6,24,44,15,2,4,4,35,10,3,0,33,4,25,116,3,21,2,2,1,4,0
0,0,0,0,0,0,0,318,301,750,3031,6406,3432,3,0,25,102,430,24,1578,425,5111,15908,137,762,285,1490,573,103,4,44,526,11407,359,0,1,74,1430,1,92,1,37,34,2862,49,7387,10164,0,0,83,0,0,0,0,0,0,3,0,0,4,0,2,13,6,0,0,0,1,0,43,1,41,5,19,0,38,20,7,0,0,65,114,0,0,24,31,0,0,0,115,0,19,156,1,23,0,0,0,0,0
3,3,6,72,2,33,27,2612,23613,981,1543,471,275,53,70,1967,450,1115,1851,884,580,489,137,4745,1333,17,719,60,105,129,754,56,107,68,742,9916,21261,138,12879,268,21,40,150,276,7,23,66,244,23,38,1,0,0,0,0,0,0,0,0,1,0,1,0,0,3,0,9,0,0,9,0,2,0,2,0,2,7,1,0,4,2,2,0,1,2,2,3,8,0,4,1,2,5,0,1,8,1,0,2,0
0,0,0,0,0,0,1,177,10799,16,107,341,261,1,0,48,3,17,110,10246,4,166,762,1333,18511,65,11527,37,1,0,26,176,1723,102,1,1,360,1012,2,146,0,3,3,3917,13,28,123,0,0,0,0,0,0,0,0,0,4,0,0,1,0,0,27,9,0,0,0,1,0,105,0,19,6,42,0,7,36,1,0,0,12,68,0,0,16,6,0,0,0,51,0,8,46,0,13,0,0,0,1,0
0,0,0,0,0,0,0,15,65,14,15,6,15,0,0,78,0,4,1,264,2,119,285,17,65,20370,985,304,2,1,15,11149,482,4991,0,0,1,4734,2,106,0,1,0,6559,823,73,1376,0,1,4,0,0,0,0,0,0,6,0,0,6,6,7,20,11,0,0,0,8,0,2,4,213,7,25,2,248,58,19,0,0,257,206,0,0,65,105,1,0,0,323,0,67,654,8,151,0,0,0,1,3
0,0,0,1,0,0,0,144,4574,45,112,193,229,3,1,74,3,26,52,4822,13,546,1490,719,11527,985,18488,1185,11,1,29,1615,2023,1612,0,6,189,2333,154,10074,1,7,4,16900,389,211,1405,2,0,3,0,0,0,0,0,0,4,0,0,6,0,1,39,6,0,0,0,4,0,131,0,70,8,83,1,59,50,21,0,0,86,133,0,0,45,49,1,0,0,156,0,177,275,4,38,0,0,0,0,0
0,0,1,2,0,1,0,40,41,224,77,83,170,8,1,63,3,112,2,126,37,2004,573,60,37,304,1185,58490,461,28,42,263,226,9018,0,0,40,324,18,11068,10,32,4,792,35,22345,8715,1,3,34,0,0,0,0,0,0,1,0,0,0,0,0,1,0,0,0,0,0,0,2,1,6,3,18,0,8,20,56,0,0,36,5,0,0,0,90,0,0,0,3,0,367,86,2,17,0,0,0,0,0
181,115,220,494,221,101,244,13,18,104,27,0,6,2466,465,252,0,2,19,10,2,6528,103,105,1,2,11,461,105208,13150,500,6,10,11,28,25,590,7,211,5,31101,411,78,21,0,700,46,25,3470,170,1,0,0,0,1,1,0,0,0,0,0,0,0,0,4,0,7,0,0,0,0,2,0,0,0,0,0,0,1,10,0,0,0,0,0,0,0,7,0,0,1,1,0,0,1,0,0,0,0,0
493,250,474,1315,975,165,422,11,10,511,13,0,0,36290,3060,913,0,2,32,2,1,5096,4,129,0,1,1,28,13150,47247,1814,2,9,6,76,72,999,0,413,0,14248,25832,272,2,0,42,8,34,3820,5333,0,0,1,1,2,0,0,0,0,0,3,1,0,0,8,0,23,0,0,0,0,4,0,0,0,0,0,0,2,29,0,0,3,5,0,0,11,4,0,0,0,0,0,0,0,0,4,2,3,0
79,9,9,179,250,27,13,2203,220,5128,2025,97,46,3330,3148,13216,439,1767,848,97,5691,688,44,754,26,15,29,42,500,1814,16575,25,290,30,204,980,1157,15,494,11,162,1073,32300,17,10,24,50,124,535,9606,3,0,2,1,1,0,0,0,0,0,3,0,0,0,12,1,26,0,0,1,0,7,0,0,0,1,1,0,0,23,1,1,2,8,1,1,9,3,0,1,2,1,1,0,0,4,2,1,1,0
0,0,0,0,0,0,0,21,150,81,50,57,388,0,0,58,4,71,1,185,15,238,526,56,176,11149,1615,263,6,2,25,24304,3824,3356,0,0,10,1878,5,260,0,19,4,6286,4092,251,20702,0,0,14,0,0,0,0,0,0,11,4,2,2,10,7,17,15,0,0,0,16,0,5,11,221,5,44,0,339,63,48,1,0,453,291,1,0,95,261,0,0,0,475,0,164,1194,26,233,0,0,0,0,3
1,0,0,1,1,0,0,2344,482,171,845,7620,14714,8,1,89,22,135,13,9536,63,269,11407,107,1723,482,2023,226,10,9,290,3824,23254,253,0,1,1142,1232,1,32,1,37,4,648,1552,415,7184,0,2,79,0,0,0,0,0,0,3,1,0,7,1,3,46,20,0,0,0,0,0,198,1,23,8,87,0,12,111,3,1,0,15,139,0,0,31,15,2,0,0,79,0,5,95,1,11,0,0,0,0,0
0,0,0,0,0,0,0,57,98,101,56,37,115,3,0,86,5,48,2,223,17,548,359,68,102,4991,1612,9018,11,6,30,3356,253,25876,0,0,23,870,29,11278,4,14,2,12488,114,1983,8157,0,0,23,0,0,0,0,0,0,11,1,0,1,6,3,4,3,0,0,0,25,0,8,7,51,0,20,1,116,62,153,1,0,378,22,0,0,6,789,0,0,0,71,0,1440,1066,23,157,0,0,0,0,1
21,11,22,78,53,130,790,1,4,84,14,0,0,145,64,9690,0,1,3,0,0,71,0,742,1,0,0,0,28,76,204,0,0,0,10632,4127,840,0,11239,0,10,5,18,2,0,0,0,3755,28,10,3,3,4,1,18,3,0,0,0,0,3,0,0,0,11,1,71,0,2,0,0,0,0,0,0,0,0,0,0,10,0,0,4,0,0,0,15,80,0,0,7,0,0,0,0,91,1,1,1,0
1,0,0,10,3,8,64,17,34,127,40,1,0,48,25,6245,0,2,2111,14,0,140,1,9916,1,0,6,0,25,72,980,0,1,0,4127,13460,1756,4,9964,1,9,11,42,3,0,0,1,327,8,11,1,0,1,1,0,0,0,0,0,0,4,0,0,0,2,0,7,0,1,0,0,1,0,0,0,0,0,0,1,16,0,0,1,0,0,0,1,2,0,0,0,0,0,0,0,2,0,0,2,0
33,20,43,562,43,50,166,1825,4600,1041,688,177,710,915,373,5265,132,365,806,4872,130,1508,74,21261,360,1,189,40,590,999,1157,10,1142,23,840,1756,3045,15,3594,147,134,93,167,27,1,14,18,1190,172,92,5,0,0,1,6,2,1,0,0,0,3,1,0,2,10,0,30,0,2,7,1,7,0,8,0,1,1,0,3,17,1,11,3,6,3,1,79,21,0,13,6,0,4,0,1,16,3,3,1,1
0,0,0,0,0,0,1,72,320,16,77,98,53,0,3,119,2,14,28,2516,7,423,1430,138,1012,4734,2333,324,7,0,15,1878,1232,870,0,4,15,6057,0,102,0,2,3,11397,3611,211,892,0,1,2,0,0,0,0,0,0,1,2,0,1,0,5,22,4,0,0,0,2,0,35,2,81,5,17,0,21,36,8,0,0,28,188,0,0,78,17,1,0,0,177,1,8,127,4,25,0,0,0,0,0
25,7,36,70,75,857,1337,20,133,831,389,2,0,224,96,3694,1,13,104,7,74,622,1,12879,2,2,154,18,211,413,494,5,1,29,11239,9964,3594,0,24191,127,91,81,52,21,0,2,6,10003,105,92,3,0,2,1,7,0,0,0,0,0,0,0,0,0,2,0,26,0,1,0,0,0,0,0,0,0,1,0,1,9,1,0,0,0,0,1,5,23,0,0,2,0,2,0,0,55,2,0,1,0
0,0,0,0,0,0,0,5,210,28,13,15,17,0,0,16,1,11,1,42,4,180,92,268,146,106,10074,11068,5,0,11,260,32,11278,0,1,147,102,127,42879,0,0,1,10983,5,781,821,0,0,0,0,0,0,0,0,0,4,0,0,0,3,1,2,2,0,0,0,7,0,1,3,32,20,173,1,67,241,420,0,0,216,9,0,0,4,761,1,0,0,41,0,3477,740,31,107,0,0,0,0,0
25,27,80,323,19,25,73,6,4,16098,8,0,0,190,331,252,0,2,4,2,4,24634,1,21,0,0,1,10,31101,14248,162,0,1,4,10,9,134,0,91,0,59033,8977,42,0,0,5,4,1,41,287,0,0,0,0,1,0,0,0,0,0,1,0,0,0,1,0,1,0,0,0,0,0,0,0,0,0,0,0,0,3,0,0,0,0,0,0,1,2,0,0,1,0,0,0,0,0,0,0,0,0
8,29,50,329,7,10,33,23,8,24076,21,13,9,1616,784,574,4,38,3,5,245,2077,37,40,3,1,7,32,411,25832,1073,19,37,14,5,11,93,2,81,0,8977,11251,431,9,0,27,55,6,16,5578,0,0,0,0,0,1,0,0,0,0,0,0,0,0,1,0,3,0,0,0,0,1,0,0,0,2,0,0,0,2,0,0,1,0,0,0,0,1,0,1,0,0,1,0,0,1,0,0,0,0
30,13,3,1289,40,11,8,20,17,2287,300,125,48,821,15952,7940,119,121,15,17,9828,117,34,150,3,0,4,4,78,272,32300,4,4,2,18,42,167,3,52,1,42,431,43364,4,0,9,15,25,97,13981,0,1,0,1,0,0,0,0,0,0,1,0,0,0,1,0,6,0,0,0,0,0,0,0,0,0,0,1,1,6,0,0,0,0,0,0,2,3,0,0,1,0,0,0,0,3,0,0,0,0
0,0,0,0,0,0,0,63,659,103,194,160,134,1,0,39,7,31,28,1178,37,1630,2862,276,3917,6559,16900,792,21,2,17,6286,648,12488,2,3,27,11397,21,10983,0,9,4,55480,247,949,3839,2,0,6,0,0,0,0,0,0,19,0,0,1,5,14,19,22,0,0,0,35,2,10,20,421,7,62,2,531,141,75,0,0,813,394,0,0,117,415,1,0,0,848,0,433,1888,25,347,0,0,0,4,2
0,0,0,0,0,0,0,6,19,2,2,4,7,0,0,37,0,1,1,2104,0,13,49,7,13,823,389,35,0,0,10,4092,1552,114,0,0,1,3611,0,5,0,0,0,247,6042,5,79,0,0,1,0,0,0,0,0,0,0,0,0,0,0,0,3,1,0,0,0,0,0,5,1,16,0,4,0,0,2,1,0,0,6,48,0,0,12,1,0,0,0,48,0,1,33,0,3,0,0,0,0,0
3,0,2,10,1,1,2,66,28,333,272,337,414,6,2,3,14,163,1,73,83,7994,7387,23,28,73,211,22345,700,42,24,251,415,1983,0,0,14,211,2,781,5,27,9,949,5,18693,11175,0,4,32,0,0,0,0,0,0,0,0,0,0,1,0,0,0,0,0,0,3,0,1,0,10,1,1,0,10,1,4,0,0,25,10,0,0,0,25,0,0,0,9,0,60,55,3,14,0,0,0,0,0
0,0,0,0,0,0,0,123,134,515,382,547,1575,2,1,19,12,381,7,140,121,1836,10164,66,123,1376,1405,8715,46,8,50,20702,7184,8157,0,1,18,892,6,821,4,55,15,3839,79,11175,54770,0,0,61,0,0,0,0,0,0,13,1,0,2,5,4,13,7,0,0,0,20,0,15,6,135,0,24,3,242,50,51,0,0,418,197,0,0,50,409,0,0,0,266,0,375,1006,15,187,0,0,1,0,0
74,32,120,251,762,1633,921,0,0,50,7,0,0,181,53,6272,0,1,3,1,0,38,0,244,0,0,2,1,25,34,124,0,0,0,3755,327,1190,0,10003,0,1,6,25,2,0,0,0,4800,433,3,7,0,3,1,41,1,0,0,0,0,4,0,0,0,4,0,74,0,8,0,0,1,4,0,0,0,0,0,0,10,0,0,0,0,0,0,10,107,0,0,11,0,0,0,0,237,6,0,1,0
1216,284,223,575,2804,1384,142,6,1,186,10,0,0,17344,618,204,0,1,5,8,0,525,0,23,0,1,0,3,3470,3820,535,0,2,0,28,8,172,1,105,0,41,16,97,0,0,4,0,433,10484,58,0,1,0,0,0,1,0,0,0,0,0,0,0,0,2,0,5,0,0,0,0,0,0,0,0,0,0,0,1,6,0,0,0,0,0,0,1,0,0,0,1,0,0,0,0,2,0,0,0,0
8,7,7,191,19,1,9,62,11,15735,274,130,56,7713,6840,330,36,100,9,6,6791,170,83,38,0,4,3,34,170,5333,9606,14,79,23,10,11,92,2,92,0,287,5578,13981,6,1,32,61,3,58,20373,0,0,0,0,0,0,0,0,0,0,0,0,0,0,1,0,4,0,0,0,0,1,0,0,0,0,0,0,0,2,1,0,0,1,0,0,0,0,0,0,0,0,3,0,0,1,1,1,0,0
0,0,162,13,0,116,2,0,0,2,0,0,0,2,2,30,0,0,0,0,0,3,0,1,0,0,0,0,1,0,3,0,0,0,3,1,5,0,3,0,0,0,0,0,0,0,0,7,0,0,42926,19003,3678,18039,20468,1427,0,0,1,0,60,7,0,0,29389,14,699,12,23,1,2,245,12,0,0,0,0,1,452,147,0,0,827,18,0,0,83,210,0,1,164,0,1,0,0,823,9286,73,129,54
0,0,304,4,1,74,3,0,0,0,0,0,0,0,1,15,0,0,0,0,0,0,0,0,0,0,0,0,0,0,0,0,0,0,3,0,0,0,0,0,0,0,1,0,0,0,0,0,1,0,19003,49066,6191,15901,4862,6073,0,0,2,1,418,15,0,0,8231,4,241,4,3,0,4,336,6,0,1,0,0,0,213,26,0,1,233,2,0,0,33,108,1,0,28,0,0,0,0,138,574,76,358,7
0,0,5,15,0,0,0,0,0,0,0,0,0,2,1,20,0,0,0,0,0,0,0,0,0,0,0,0,0,1,2,0,0,0,4,1,0,0,2,0,0,0,0,0,0,0,0,3,0,0,3678,6191,26415,420,1887,9210,0,2,4,1,579,35,0,0,21562,3947,4696,6,9,0,19,147,10,0,20,0,0,0,163,383,0,0,247,233,0,0,42,263,63,1,9,0,2,0,0,51,366,62,412,101
0,0,595,6,0,642,20,0,0,0,0,0,0,0,0,9,0,0,0,0,0,0,0,0,0,0,0,0,0,1,1,0,0,0,1,1,1,0,1,0,0,0,1,0,0,0,0,1,0,0,18039,15901,420,25557,14161,6405,0,1,0,0,220,5,0,0,2052,3,102,2,7,0,0,339,5,0,1,0,0,0,250,25,0,0,235,1,0,0,19,158,0,0,739,0,1,2,1,1012,423,85,274,9
0,0,69,82,0,119,56,0,0,1,0,0,0,7,3,129,0,0,0,0,0,6,0,0,0,0,0,0,1,2,1,0,0,0,18,0,6,0,7,0,1,0,0,0,0,0,0,41,0,0,20468,4862,1887,14161,23093,6838,1,1,9,7,457,52,1,1,2487,11,977,11,123,3,22,450,94,0,22,0,0,1,376,155,1,0,423,23,0,0,200,1155,9,1,1668,0,0,2,0,5247,2838,113,568,65
0,2,14,235,0,9,803,0,0,0,0,0,0,2,1,18,0,0,0,0,0,1,0,0,0,0,0,0,1,0,0,0,0,0,3,0,2,0,0,0,0,1,0,0,0,0,0,1,1,0,1427,6073,9210,6405,6838,28705,1,3,2,0,544,26,0,0,1283,6,5763,4,5,1,2,456,11,0,4,1,0,0,272,38,0,0,321,6,0,0,51,1616,1,0,906,0,0,0,0,62,214,111,524,17
0,0,0,0,0,0,0,2,0,1,0,1,0,0,0,0,0,0,0,9,0,0,3,0,4,6,4,1,0,0,0,11,3,11,0,0,1,1,0,4,0,0,0,19,0,0,13,0,0,0,0,0,0,0,1,1,1484,5641,71,777,141,1284,255,591,2,0,2,6071,5,5848,341,700,1054,130,11,56,102,332,7,78,551,1774,0,0,626,547,500,2,1,150,3,61,137,168,462,7,0,0,3,5
0,0,0,0,0,0,0,1,1,0,0,0,0,0,0,0,0,0,0,0,0,0,0,0,0,0,0,0,0,0,0,4,1,1,0,0,0,2,0,0,0,0,0,0,0,0,1,0,0,0,0,0,2,1,1,3,5641,20998,9967,2827,195,2340,226,366,2,0,65,15374,197,11409,759,716,1498,175,6,8,32,6,14,814,26,53,3,1,25,15,1007,3,0,117,7,6,152,37,18,17,3,1,7,8
0,0,0,1,0,0,0,0,0,0,0,0,0,0,0,0,0,0,0,0,0,0,0,0,0,0,0,0,0,0,0,2,0,0,0,0,0,0,0,0,0,0,0,0,0,0,0,0,0,0,1,2,4,0,9,2,71,9967,10163,4095,370,796,93,34,10,4,755,5016,3952,295,231,312,533,8,29,0,7,5,44,6101,5,12,33,1,8,5,893,13,3,24,49,0,25,3,5,23,5,8,48,33
0,0,0,0,0,0,0,0,0,0,0,0,0,0,0,1,0,0,0,4,0,1,4,1,1,6,6,0,0,0,0,2,7,1,0,0,0,1,0,0,0,0,0,1,0,0,2,0,0,0,0,1,1,0,7,0,777,2827,4095,47523,511,1283,431,446,5,1,75,1220,4883,4769,717,474,23043,8133,45,15,160,3,19,480,19,146,17,2,14,22,1881,5,6,118,40,6,342,20,18,58,4,6,51,35
0,0,1,13,0,0,4,0,1,2,0,0,0,8,2,24,0,0,0,0,0,1,0,0,0,6,0,0,0,3,3,10,1,6,3,4,3,0,0,3,1,0,1,5,0,1,5,4,0,0,60,418,579,220,457,544,141,195,370,511,30091,3067,726,477,611,604,1430,2169,482,56,3385,1032,1782,37,1655,12,72,51,381,3982,66,25,220,312,4,46,1012,383,890,71,622,19,153,105,69,46,56,34435,71021,14239
0,0,0,2,0,0,0,0,0,1,0,0,0,1,0,4,0,0,0,4,1,0,2,1,0,7,1,0,0,1,0,7,3,3,0,0,1,5,0,1,0,0,0,14,0,0,4,0,0,0,7,15,35,5,52,26,1284,2340,796,1283,3067,6825,7463,4786,26,27,181,3139,186,1062,4137,9919,1073,172,229,12,157,54,24,600,80,285,6,25,11,60,612,83,62,239,139,20,398,291,184,6,1,4,58,210
0,0,0,0,0,0,0,1,0,0,0,3,2,0,0,1,0,0,0,66,0,2,13,0,27,20,39,1,0,0,0,17,46,4,0,0,0,22,0,2,0,0,0,19,3,0,13,0,0,0,0,0,0,0,1,0,255,226,93,431,726,7463,7687,21065,3,0,3,5911,8,1114,7549,10478,441,914,59,11,468,45,9,43,82,10229,2,1,26,53,298,3,62,204,2,18,726,291,311,1,0,0,12,162
0,0,0,0,0,0,0,0,1,0,0,1,1,0,0,0,0,0,0,10,0,0,6,0,9,11,6,0,0,0,0,15,20,3,0,0,2,4,0,2,0,0,0,22,1,0,7,0,0,0,0,0,0,0,1,0,591,366,34,446,477,4786,21065,6520,0,0,2,3835,2,2272,2062,4332,385,354,34,13,196,131,6,10,211,9890,1,0,81,141,545,0,10,51,0,22,206,227,565,1,0,0,4,31
3,1,15,53,2,13,20,0,0,8,1,0,0,18,11,147,0,0,0,0,0,11,0,3,0,0,0,0,4,8,12,0,0,0,11,2,10,0,2,0,1,1,1,0,0,0,0,4,2,1,29389,8231,21562,2052,2487,1283,2,2,10,5,611,26,3,0,91619,13242,3297,352,72,6,11,522,64,0,12,3,0,16,4229,3646,3,1,12079,1445,3,23,480,204,239,20,96,3,7,1,2,406,15580,265,1627,1671
0,0,0,1,0,0,0,0,0,2,0,0,0,0,1,6,0,0,0,0,0,0,0,0,0,0,0,0,0,0,1,0,0,0,1,0,0,0,0,0,0,0,0,0,0,0,0,0,0,0,14,4,3947,3,11,6,0,0,4,1,604,27,0,0,13242,28919,4071,69,4,0,6,52,10,0,90,0,0,0,143,3923,0,0,8625,4729,0,1,19,2,4091,0,8,0,1,0,1,21,103,26,1490,5226
3,3,8,441,1,4,154,0,0,25,0,0,0,45,35,632,0,0,0,0,0,27,0,9,0,0,0,0,7,23,26,0,0,0,71,7,30,0,26,0,1,3,6,0,0,0,0,74,5,4,699,241,4696,102,977,5763,2,65,755,75,1430,181,3,2,3297,4071,20951,56,12357,9,46,251,215,0,51,0,0,2,260,15743,0,1,457,4856,0,2,1164,19857,121,6,1105,1,2,1,0,2814,224,77,828,155
0,0,0,0,0,0,0,0,1,0,0,0,1,0,0,0,0,0,0,1,0,4,1,0,1,8,4,0,0,0,0,16,0,25,0,0,0,2,0,7,0,0,0,35,0,3,20,0,0,0,12,4,6,2,11,4,6071,15374,5016,1220,2169,3139,5911,3835,352,69,56,7609,429,947,14943,839,1988,45,1422,69,109,470,143,3245,348,233,670,9,145,744,1183,70,689,315,91,108,282,203,292,5,102,19,538,1593
0,0,0,15,0,1,5,0,6,2,0,0,0,3,1,23,0,0,84,0,0,0,0,0,0,0,0,0,0,0,0,0,0,0,2,1,2,0,1,0,0,0,0,2,0,0,0,8,0,0,23,3,9,7,123,5,5,197,3952,4883,482,186,8,2,72,4,12357,429,23405,54,118,195,7061,17,53,1,1,0,112,11175,1,4,90,4,3,1,1796,5612,7,13,1986,1,18,2,0,1495,37,41,148,43
1,0,0,1,0,0,0,13,13,0,6,16,15,0,0,2,0,0,0,190,0,5,43,9,105,2,131,2,0,0,1,5,198,8,0,0,7,35,0,1,0,0,0,10,5,1,15,0,0,0,1,0,0,0,3,1,5848,11409,295,4769,56,1062,1114,2272,6,0,9,947,54,15031,48,1418,3782,10377,1,74,1727,42,29,693,214,8086,2,0,3127,183,3615,1,0,4343,11,37,2900,161,150,24,2,1,4,3
0,0,0,0,0,0,0,0,0,0,0,1,0,1,2,0,0,1,0,1,0,0,1,0,0,4,0,1,0,0,0,11,1,7,0,0,1,2,0,3,0,0,0,20,1,0,6,0,0,0,2,4,19,0,22,2,341,759,231,717,3385,4137,7549,2062,11,6,46,14943,118,48,15657,951,1556,58,12758,15,129,67,7,4946,71,58,45,10,3,72,821,54,357,93,223,21,186,118,92,10,1,5,639,5879
0,0,3,10,0,3,4,4,2,0,3,3,2,11,4,36,1,2,1,14,0,18,41,2,19,213,70,6,2,4,7,221,23,51,0,1,7,81,0,32,0,1,0,421,16,10,135,1,0,1,245,336,147,339,450,456,700,716,312,474,1032,9919,10478,4332,522,52,251,839,195,1418,951,32247,434,1007,68,151,1365,2409,6421,555,943,8030,1182,50,85,709,669,173,24,1717,249,245,2887,11426,6797,52,168,2258,1751,60
0,0,0,2,0,0,1,0,0,0,0,0,1,1,0,6,0,0,0,6,0,1,5,0,6,7,8,3,0,0,0,5,8,0,0,0,0,5,0,20,0,0,0,7,0,1,0,4,0,0,12,6,10,5,94,11,1054,1498,533,23043,1782,1073,441,385,64,10,215,1988,7061,3782,1556,434,6049,7790,249,12,1027,33,126,1136,37,376,204,7,54,30,20291,6019,27,144,4265,164,482,20,28,607,57,42,305,236
0,0,0,0,0,0,0,1,2,0,0,2,5,0,0,1,0,0,0,93,0,3,19,2,42,25,83,18,0,0,0,44,87,20,0,0,8,17,0,173,0,0,0,62,4,1,24,0,0,0,0,0,0,0,0,0,130,175,8,8133,37,172,914,354,0,0,0,45,17,10377,58,1007,7790,21217,4,109,10218,392,7,29,245,1850,1,0,366,313,777,2,0,500,23,2616,5034,83,225,4,0,0,8,14
0,0,0,0,0,0,0,0,0,0,0,0,0,0,0,0,0,0,0,0,0,1,0,0,0,2,1,0,0,0,0,0,0,1,0,0,0,0,0,1,0,0,0,2,0,0,3,0,0,0,0,1,20,1,22,4,11,6,29,45,1655,229,59,34,12,90,51,1422,53,1,12758,68,249,4,15033,1,20,15,4,10404,7,3,58,4496,0,6,154,39,12431,10,93,1,20,10,5,7,2,3,775,9379
0,0,0,0,0,0,0,0,1,4,3,2,7,0,0,0,0,1,1,8,1,26,38,2,7,248,59,8,0,0,1,339,12,116,0,0,1,21,0,67,0,2,0,531,0,10,242,0,0,0,0,0,0,0,0,1,56,8,0,15,12,12,11,13,3,0,0,69,1,74,15,151,12,109,1,11036,308,127,3,11,6813,142,2,0,2161,2475,7,0,0,9267,1,76,4707,30,271,0,2,0,0,4
0,0,0,0,0,0,0,12,12,2,2,13,14,0,0,7,0,1,1,121,1,5,20,7,36,58,50,20,0,0,1,63,111,62,0,0,1,36,1,241,0,0,0,141,2,1,50,0,0,0,0,0,0,0,0,0,102,32,7,160,72,157,468,196,0,0,0,109,1,1727,129,1365,1027,10218,20,308,16694,528,3,10,491,1638,7,0,547,527,17,0,3,1513,3,8806,11184,82,429,0,1,0,22,19
0,0,0,0,0,0,0,0,1,1,0,0,0,0,0,0,0,0,0,0,0,4,7,1,1,19,21,56,0,0,0,48,3,153,0,0,0,8,0,420,0,0,1,75,1,4,51,0,0,0,1,0,0,0,1,0,332,6,5,3,51,54,45,131,16,0,2,470,0,42,67,2409,33,392,15,127,528,32221,672,6,442,77,16,0,49,7313,4,0,5,144,0,12036,1110,23645,777,0,3,85,18,20
0,0,1,7,0,0,1,0,0,2,0,0,0,4,2,23,0,0,0,0,0,6,0,0,0,0,0,0,1,2,0,1,1,1,0,1,3,0,1,0,0,0,1,0,0,0,0,0,1,0,452,213,163,250,376,272,7,14,44,19,381,24,9,6,4229,143,260,143,112,29,7,6421,126,7,4,3,3,672,148576,600,9,7,21714,45,1,16,352,70,16,26,146,4,32,501,16,25,7223,35493,2033,51
1,1,1,61,2,2,14,1,0,15,2,0,0,35,25,162,0,1,0,0,0,24,0,4,0,0,0,0,10,29,23,0,0,0,10,16,17,0,9,0,3,2,6,0,0,0,0,10,6,2,147,26,383,25,155,38,78,814,6101,480,3982,600,43,10,3646,3923,15743,3245,11175,693,4946,555,1136,29,10404,11,10,6,600,11638,23,29,2182,5599,9,28,3468,772,11629,257,1774,6,87,7,6,912,399,185,1940,4910
0,0,0,0,0,0,0,5,7,4,1,4,8,0,0,1,0,1,0,9,0,44,65,2,12,257,86,36,0,0,1,453,15,378,0,0,1,28,1,216,0,0,0,813,6,25,418,0,0,1,0,0,0,0,1,0,551,26,5,19,66,80,82,211,3,0,0,348,1,214,71,943,37,245,7,6813,491,442,9,23,15894,859,6,0,2675,9683,16,0,0,2145,2,366,3855,450,12292,0,2,0,13,12
0,0,0,0,0,0,0,7,17,3,5,13,13,0,0,6,0,0,1,102,0,15,114,2,68,206,133,5,0,0,1,291,139,22,0,0,11,188,0,9,0,0,0,394,48,10,197,0,0,0,0,1,0,0,0,0,1774,53,12,146,25,285,10229,9890,1,0,1,233,4,8086,58,8030,376,1850,3,142,1638,77,7,29,859,24311,2,1,8045,223,682,0,1,2766,1,33,2171,178,2323,1,0,2,6,1
1,0,2,10,0,0,0,0,0,0,0,0,0,2,2,25,0,0,0,0,0,2,0,0,0,0,0,0,0,3,2,1,0,0,4,1,3,0,0,0,0,1,0,0,0,0,0,0,0,0,827,233,247,235,423,321,0,3,33,17,220,6,2,1,12079,8625,457,670,90,2,45,1182,204,1,58,2,7,16,21714,2182,6,2,62173,390,0,18,293,109,627,15,129,1,7,1,3,55,3635,12046,41375,3775
0,0,0,12,0,0,3,1,0,5,1,0,0,3,8,31,0,0,0,0,0,4,0,1,0,0,0,0,0,5,8,0,0,0,0,0,6,0,0,0,0,0,0,0,0,0,0,0,0,1,18,2,233,1,23,6,0,1,1,2,312,25,1,0,1445,4729,4856,9,4,0,10,50,7,0,4496,0,0,0,45,5599,0,1,390,7844,0,0,172,20,5035,0,17,0,0,0,0,23,36,14,185,401
0,0,0,0,0,0,0,0,3,0,0,0,6,0,0,2,0,0,0,34,0,4,24,2,16,65,45,0,0,0,1,95,31,6,0,0,3,78,0,4,0,0,0,117,12,0,50,0,0,0,0,0,0,0,0,0,626,25,8,14,4,11,26,81,3,0,0,145,3,3127,3,85,54,366,0,2161,547,49,1,9,2675,8045,0,0,10622,272,55,1,0,4243,0,14,627,36,203,0,0,0,1,0
0,0,0,0,0,0,0,1,2,8,2,0,5,0,0,0,0,5,0,5,1,35,31,2,6,105,49,90,0,0,1,261,15,789,0,0,1,17,1,761,0,0,0,415,1,25,409,0,0,0,0,0,0,0,0,0,547,15,5,22,46,60,53,141,23,1,2,744,1,183,72,709,30,313,6,2475,527,7313,16,28,9683,223,18,0,272,35071,22,0,0,1991,0,5490,9345,3895,4273,0,3,3,24,24
1,0,0,29,0,2,16,0,1,5,1,0,0,9,7,80,0,0,0,4,0,10,0,3,0,1,1,0,0,11,9,0,2,0,15,1,79,1,5,1,1,0,2,1,0,0,0,10,1,0,83,33,42,19,200,51,500,1007,893,1881,1012,612,298,545,480,19,1164,1183,1796,3615,821,669,20291,777,154,7,17,4,352,3468,16,682,293,172,55,22,3665,2159,24,82,3984,5,51,6,12,1072,172,95,431,135
1,3,3,368,4,1,164,0,0,6,1,0,0,10,16,362,0,0,0,0,0,3,0,8,0,0,0,0,7,4,3,0,0,0,80,2,21,0,23,0,2,1,3,0,0,0,0,107,0,0,210,108,263,158,1155,1616,2,3,13,5,383,83,3,0,204,2,19857,70,5612,1,54,173,6019,2,39,0,0,0,70,772,0,0,109,20,1,0,2159,25581,10,4,14585,0,4,1,0,6228,75,32,187,52
0,0,0,0,0,0,0,0,0,1,0,0,0,0,1,0,0,0,0,0,0,0,0,0,0,0,0,0,0,0,0,0,0,0,0,0,0,0,0,0,0,0,0,0,0,0,0,0,0,0,0,1,63,0,9,1,1,0,3,6,890,62,62,10,239,4091,121,689,7,0,357,24,27,0,12431,0,3,5,16,11629,0,1,627,5035,0,0,24,10,16344,1,8,0,3,3,0,115,7,2,497,7634
0,0,0,0,0,0,0,6,13,5,7,6,9,0,0,2,0,1,0,44,1,33,115,4,51,323,156,3,0,0,1,475,79,71,0,0,13,177,0,41,0,1,0,848,48,9,266,0,0,0,1,0,1,0,1,0,150,117,24,118,71,239,204,51,20,0,6,315,13,4343,93,1717,144,500,10,9267,1513,144,26,257,2145,2766,15,0,4243,1991,82,4,1,24136,4,200,18942,246,569,0,1,4,20,15
0,1,1,23,0,3,14,0,0,0,0,0,0,6,1,24,0,0,0,0,0,4,0,1,0,0,0,0,1,0,2,0,0,0,7,0,6,1,2,0,1,0,1,0,0,0,0,11,1,0,164,28,9,739,1668,906,3,7,49,40,622,139,2,0,96,8,1105,91,1986,11,223,249,4265,23,93,1,3,0,146,1774,2,1,129,17,0,0,3984,14585,8,4,21522,3,3,0,1,15240,177,51,263,85
0,0,0,0,0,0,0,2,7,9,3,0,4,0,0,0,0,2,0,4,0,25,19,2,8,67,177,367,1,0,1,164,5,1440,0,0,0,8,0,3477,0,0,0,433,1,60,375,0,0,0,0,0,0,0,0,0,61,6,0,6,19,20,18,22,3,0,1,108,1,37,21,245,164,2616,1,76,8806,12036,4,6,366,33,1,0,14,5490,5,0,0,200,3,49049,13175,461,614,1,2,1,4,4
0,0,0,0,0,0,0,5,13,19,5,10,24,0,0,0,1,2,0,47,2,116,156,5,46,654,275,86,0,0,1,1194,95,1066,0,0,4,127,2,740,0,1,0,1888,33,55,1006,0,0,3,1,0,2,1,0,0,137,152,25,342,153,398,726,206,7,1,2,282,18,2900,186,2887,482,5034,20,4707,11184,1110,32,87,3855,2171,7,0,627,9345,51,4,3,18942,3,13175,40501,456,1645,1,0,1,30,26
0,0,0,0,0,0,0,0,1,0,0,0,0,0,0,0,0,0,0,1,0,3,1,0,0,8,4,2,0,0,0,26,1,23,0,0,0,4,0,31,0,0,0,25,0,3,15,0,0,0,0,0,0,2,2,0,168,37,3,20,105,291,291,227,1,0,1,203,2,161,118,11426,20,83,10,30,82,23645,501,7,450,178,1,0,36,3895,6,1,3,246,0,461,456,21623,8675,0,0,56,7,13
0,0,0,0,0,0,0,5,3,3,1,1,7,0,0,0,0,2,0,3,0,21,23,1,13,151,38,17,1,0,0,233,11,157,0,0,1,25,0,107,0,0,0,347,3,14,187,0,0,0,0,0,0,1,0,0,462,18,5,18,69,184,311,565,2,1,0,292,0,150,92,6797,28,225,5,271,429,777,16,6,12292,2323,3,0,203,4273,12,0,0,569,1,614,1645,8675,26217,0,0,2,7,14
1,1,6,263,7,7,118,1,0,4,0,0,0,7,2,204,0,0,0,0,0,2,0,8,0,0,0,0,0,0,4,0,0,0,91,2,16,0,55,0,0,1,3,0,0,0,0,237,2,1,823,138,51,1012,5247,62,7,17,23,58,46,6,1,1,406,21,2814,5,1495,24,10,52,607,4,7,0,0,0,25,912,0,1,55,23,0,0,1072,6228,115,0,15240,1,1,0,0,9961,285,17,38,27
0,0,3,10,1,1,2,0,0,1,0,0,0,3,4,12,0,0,0,0,0,2,0,1,0,0,0,0,0,4,2,0,0,0,1,0,3,0,2,0,0,0,0,0,0,0,0,6,0,1,9286,574,366,423,2838,214,0,3,5,4,56,1,0,0,15580,103,224,102,37,2,1,168,57,0,2,2,1,3,7223,399,2,0,3635,36,0,3,172,75,7,1,177,2,0,0,0,285,26992,444,301,31
0,0,1,1,0,1,1,0,0,1,0,0,0,1,1,5,0,0,0,0,0,1,0,0,0,0,0,0,0,2,1,0,0,0,1,0,3,0,0,0,0,0,0,0,0,0,1,0,0,1,73,76,62,85,113,111,0,1,8,6,34435,4,0,0,265,26,77,19,41,1,5,2258,42,0,3,0,0,85,35493,185,0,2,12046,14,0,3,95,32,2,4,51,1,1,56,2,17,444,38472,2296,28
1,0,0,10,0,1,1,0,0,3,1,0,0,5,2,26,0,1,0,0,0,4,0,2,1,1,0,0,0,3,1,0,0,0,1,2,1,0,1,0,0,0,0,4,0,0,0,1,0,0,129,358,412,274,568,524,3,7,48,51,71021,58,12,4,1627,1490,828,538,148,4,639,1751,305,8,775,0,22,18,2033,1940,13,6,41375,185,1,24,431,187,497,20,263,4,30,7,7,38,301,2296,15034,3680
0,0,0,0,0,1,1,0,0,0,0,0,0,0,1,0,0,0,0,0,0,0,0,0,0,3,0,0,0,0,0,3,0,1,0,0,1,0,0,0,0,0,0,2,0,0,0,0,0,0,54,7,101,9,65,17,5,8,33,35,14239,210,162,31,1671,5226,155,1593,43,3,5879,60,236,14,9379,4,19,20,51,4910,12,1,3775,401,0,24,135,52,7634,15,85,4,26,13,14,27,31,28,3680,11259
