21246,5908,11002,2034,8633,1080,1700,1,4,127,4,2,2,11814,93,50,0,2,0,9,12,718,2,0,1,6,2,49,808,952,5,8,7,4,30,3,27,9,20,7,364,106,21,11,17,8,7,78,2768,10,20,86,35,60,7,113,0,0,0,0,0,0,0,0,29,2,51,0,0,2,2,2,0,0,0,1,1,1,9,1,0,0,4,7,2,0,2,38,2,0,18,0,0,0,0,58,7,3,5,1
5908,24814,4591,17268,485,636,1916,8,10,529,15,3,5,7332,3069,212,4,0,11,32,4,641,4,3,14,28,6,13,267,487,12,20,12,4,53,14,63,35,53,5,217,259,81,9,49,4,5,169,415,18,61,222,63,71,19,334,1,2,1,2,3,2,0,2,81,7,89,0,6,8,0,6,1,0,1,0,0,3,23,0,0,0,25,24,2,0,6,104,6,2,62,0,3,0,0,145,21,9,3,2
11002,4591,27092,4526,9900,7441,5959,0,7,212,5,3,2,1257,101,24,1,2,3,3,8,867,3,0,2,6,0,47,726,919,3,12,8,6,35,3,18,10,39,8,451,162,24,5,9,10,7,132,1348,8,62,371,76,1435,34,368,0,0,0,1,3,1,0,0,48,6,76,0,3,3,0,6,0,0,1,0,1,0,16,1,1,1,25,13,1,1,3,93,4,0,51,0,0,1,1,123,21,5,6,0
2034,17268,4526,32470,916,1550,16265,60,171,1548,74,20,34,8538,11548,8215,16,6,113,242,113,780,34,54,176,198,43,13,341,802,368,122,68,19,702,193,307,317,292,9,280,503,3338,131,215,9,33,1832,782,134,150,577,244,288,60,910,8,4,10,26,10,3,6,10,210,28,343,2,38,35,5,20,2,14,9,4,4,2,48,17,0,7,81,80,11,1,14,286,28,2,173,0,5,2,1,390,55,26,31,17
8633,485,9900,916,16126,15043,2139,1,6,70,3,1,0,2837,58,36,0,0,2,3,1,229,0,3,2,4,15,26,457,295,2,6,3,2,58,3,23,6,72,8,114,35,16,6,6,7,6,399,7251,4,15,31,16,97,3,44,0,0,0,0,1,0,0,1,16,2,15,0,0,0,1,2,0,1,0,0,0,0,5,3,0,0,2,3,0,0,0,22,2,1,12,0,1,0,0,30,6,1,4,0
1080,636,7441,1550,15043,17407,15679,0,4,40,0,0,0,366,106,30,0,0,0,2,3,134,0,1,1,0,26,12,199,152,2,5,4,0,105,1,22,4,119,1,70,14,10,5,3,4,1,3767,1841,1,136,141,20,1010,180,747,0,0,0,0,0,0,0,0,27,0,23,0,3,2,0,1,0,0,0,0,0,0,6,1,0,0,9,2,0,1,0,30,1,1,69,0,0,0,0,70,10,2,2,3
1700,1916,5959,16265,2139,15679,14757,9,67,619,44,6,10,1516,520,2872,7,0,53,38,75,384,7,89,64,40,36,9,190,344,137,20,23,3,2756,246,295,51,887,6,137,160,351,33,46,3,7,5133,796,32,170,664,197,694,242,1226,3,1,5,12,15,5,0,1,151,14,195,0,36,13,2,14,2,3,4,3,3,1,43,8,1,4,50,65,6,2,13,244,28,1,117,0,4,3,2,476,38,8,19,7
1,8,0,60,1,0,9,30705,9703,78,421,1136,9268,361,251,324,2148,6269,2461,9272,310,1133,427,31,299,112,57,0,26,119,1038,140,2520,16,15,61,671,547,20,4,8,95,757,107,704,74,104,4,3,69,0,0,21,0,0,8,278,246,67,861,6,34,44,182,9,3,45,50,166,294,21,37,37,109,9,3,12,0,0,19,1,102,8,14,25,2,35,36,9,5,6,1,10,0,3,1,1,1,4,6
4,10,7,171,6,4,67,9703,68956,239,487,1943,3039,153,204,688,1591,545,7364,7052,777,1326,812,7998,10450,104,3511,16,24,104,569,247,2125,21,338,2272,8348,380,1436,25,22,99,666,300,384,158,359,210,45,56,4,4,57,2,2,55,860,1233,387,3786,74,131,222,725,42,30,229,289,896,1142,135,122,283,644,53,22,127,3,9,111,14,541,51,75,98,13,232,258,55,28,74,1,44,2,10,10,5,8,55,49
127,529,212,1548,70,40,619,78,239,45007,3970,3873,262,928,1133,987,723,6,444,125,6566,4637,1095,25,166,62,71,14,113,284,192,472,1004,39,476,428,443,52,667,19,14046,14729,2287,127,168,185,579,275,96,3315,4,5,24,7,1,18,2,0,22,14,36,5,3,6,29,28,203,0,145,20,10,22,0,5,16,2,4,2,6,47,1,9,44,91,3,1,12,110,71,5,61,0,8,1,1,16,6,10,22,25
4,15,5,74,3,0,44,421,487,3970,7315,6857,240,53,44,205,470,28,410,166,1373,6276,2546,17,148,11,40,1,9,63,39,49,583,8,89,179,72,25,122,4,28,131,184,62,27,216,142,28,12,31,0,1,2,0,0,4,1,1,10,20,11,3,3,1,6,4,31,2,37,7,4,4,0,5,10,3,1,0,2,11,0,4,7,19,3,3,0,15,13,3,11,0,4,1,0,2,2,2,10,5
2,3,3,20,1,0,6,1136,1943,3873,6857,28439,7572,102,30,119,8098,343,572,537,8160,2939,5587,26,591,21,94,14,43,253,339,96,11536,14,36,160,164,47,60,3,73,450,537,77,70,204,426,4,2,195,0,0,2,0,0,4,30,10,43,51,8,11,10,17,5,3,37,11,83,103,9,6,1,22,5,1,11,2,3,15,1,16,10,20,17,0,5,17,5,9,2,0,11,0,0,0,0,0,4,3
2,5,2,34,0,0,10,9268,3039,262,240,7572,21930,321,99,137,7324,1265,592,793,1176,270,216,16,180,20,15,3,25,234,802,102,7375,0,24,41,223,26,25,6,42,242,695,17,109,22,88,1,1,184,1,0,5,0,0,6,74,80,23,223,7,6,12,55,7,4,25,21,58,96,7,9,16,25,2,2,2,0,1,13,0,27,5,6,2,0,14,19,6,2,5,0,0,0,2,0,0,0,2,2
11814,7332,1257,8538,2837,366,1516,361,153,928,53,102,321,80435,19251,751,117,65,166,702,454,1034,129,10,197,547,92,101,6646,27036,453,1270,994,39,481,118,734,406,653,21,757,2587,5395,149,1558,38,284,311,18686,5603,63,110,116,59,12,220,5,5,9,13,44,5,12,6,186,49,416,4,47,46,3,29,3,23,12,4,5,3,61,22,4,14,122,187,41,2,17,316,47,10,283,1,10,3,2,120,39,27,46,17
93,3069,101,11548,58,106,520,251,204,1133,44,30,99,19251,19433,2028,47,32,250,494,233,490,27,7,147,198,51,10,335,1415,817,218,220,10,157,86,171,335,141,5,251,1550,7576,92,492,6,54,96,170,4262,10,34,29,6,4,53,9,4,8,23,10,2,3,7,35,5,100,1,41,24,0,7,0,21,3,2,2,1,22,5,1,13,23,38,14,0,6,57,16,2,47,0,4,0,0,28,9,9,12,5
50,212,24,8215,36,30,2872,324,688,987,205,119,137,751,2028,27513,188,96,4931,566,846,323,45,151,342,136,59,5,92,278,8037,102,179,14,4449,2978,710,260,1457,6,99,206,8205,96,287,15,43,304,64,149,23,51,50,17,3,104,11,6,29,51,85,13,8,21,74,46,463,4,181,22,18,42,5,14,41,1,2,2,43,81,1,14,102,197,11,3,30,285,186,3,152,1,2,1,1,53,8,39,91,51
0,4,1,16,0,0,7,2148,1591,723,470,8098,7324,117,47,188,5290,1554,1126,172,9070,392,265,35,48,17,13,0,17,133,2273,77,1327,3,45,120,153,36,39,0,33,205,669,12,123,20,62,6,3,211,0,0,0,0,0,1,1,7,44,60,18,9,3,1,2,2,33,11,89,12,16,2,6,5,3,1,2,0,3,24,0,1,14,12,0,1,9,29,15,2,8,0,0,0,0,1,0,0,13,13
2,0,2,6,0,0,0,6269,545,6,28,343,1265,65,32,96,1554,3422,1048,242,34,51,28,7,4,9,3,0,3,16,490,31,274,1,2,20,29,14,5,0,3,16,132,0,159,2,7,1,1,27,0,0,0,0,0,1,0,4,12,19,1,0,0,1,1,0,6,4,20,4,4,2,1,0,1,0,0,0,0,2,0,0,5,0,0,0,3,8,2,0,3,0,0,0,0,0,0,0,3,4
0,11,3,113,2,0,53,2461,7364,444,410,572,592,166,250,4931,1126,1048,14810,1992,1807,469,140,1535,1157,106,114,2,10,64,5154,161,456,6,493,6424,1074,384,825,12,16,93,1869,107,566,16,62,14,3,110,3,4,29,2,0,34,29,20,153,172,133,46,22,28,45,32,394,27,638,60,77,39,16,26,91,4,6,4,19,112,4,26,148,204,18,2,48,274,276,3,77,0,8,3,1,4,2,28,120,101
9,32,3,242,3,2,38,9272,7052,125,166,537,793,702,494,566,172,242,1992,32301,197,451,638,28,6108,421,410,8,70,302,817,1172,6016,36,57,284,248,4899,54,5,38,158,1141,812,4610,60,272,9,22,105,0,1,25,1,0,19,317,100,19,382,10,19,224,266,29,22,72,12,98,1393,4,89,20,799,4,16,89,2,3,10,22,575,16,44,322,5,27,47,16,65,15,4,83,1,12,2,1,3,4,7
12,4,8,113,1,3,75,310,777,6566,1373,8160,1176,454,233,846,9070,34,1807,197,27685,722,495,61,140,73,42,5,70,569,1428,351,1259,12,305,795,607,36,543,7,204,1580,8397,32,258,40,198,55,12,5697,0,2,11,0,1,16,2,3,85,47,47,20,9,5,23,14,246,9,308,20,25,15,4,9,28,2,2,1,12,79,1,5,62,107,11,0,24,125,109,2,52,0,3,1,0,4,2,16,56,34
718,641,867,780,229,134,384,1133,1326,4637,6276,2939,270,1034,490,323,392,51,469,451,722,12975,6539,17,608,260,387,1564,2181,1040,105,352,643,425,175,162,165,184,240,283,25840,2413,656,1270,161,7399,1538,109,90,223,6,11,10,11,2,20,6,1,14,21,13,1,12,6,26,10,108,5,54,43,7,11,1,29,4,21,10,3,8,23,14,19,32,48,19,18,8,59,36,20,37,21,33,0,9,12,2,4,16,16
2,4,3,34,0,0,7,427,812,1095,2546,5587,216,129,27,45,265,28,140,638,495,6539,14792,13,1591,320,1575,345,106,165,48,694,6044,225,16,57,35,636,30,184,54,227,124,1775,259,7845,6362,16,3,55,0,0,4,0,0,2,7,5,2,22,4,1,18,8,7,1,9,1,13,88,0,27,4,67,1,99,60,2,1,2,39,59,4,4,108,11,3,5,4,183,2,8,161,0,18,1,0,0,5,1
0,3,0,54,3,1,89,31,7998,25,17,26,16,10,7,151,35,7,1535,28,61,17,13,6300,414,5,241,0,4,7,17,6,23,2,571,5883,3440,26,5054,24,2,5,58,38,7,4,8,77,10,1,0,0,11,1,0,5,17,68,47,206,17,7,8,8,5,1,39,26,157,24,23,9,18,13,12,1,3,1,2,23,0,8,13,10,5,0,28,35,22,1,18,0,4,0,0,1,0,4,9,15
1,14,2,176,2,1,64,299,10450,166,148,591,180,197,147,342,48,4,1157,6108,140,608,1591,414,23146,609,7703,13,50,155,179,1572,2622,107,149,918,352,4360,343,75,32,130,380,3515,737,157,1087,135,23,55,1,1,25,0,0,13,216,59,24,336,9,39,332,241,58,22,67,8,119,1617,9,150,16,1232,14,90,381,0,6,13,47,723,20,53,615,18,24,45,26,339,18,10,269,2,34,6,1,2,9,5
6,28,6,198,4,0,40,112,104,62,11,21,20,547,198,136,17,9,106,421,73,260,320,5,609,37006,1663,85,76,239,117,18155,808,5925,20,30,17,14004,23,288,28,85,301,22105,5185,172,1315,21,31,56,0,0,3,0,0,1,2,3,1,1,0,0,7,4,6,2,4,1,3,39,3,46,0,62,2,295,117,3,1,1,146,96,5,4,139,74,0,7,2,295,5,50,489,1,65,0,0,0,1,1
2,6,0,43,15,26,36,57,3511,71,40,94,15,92,51,59,13,3,114,410,42,387,1575,241,7703,1663,27648,537,36,42,33,2294,902,462,157,242,1642,3064,2164,7018,9,36,109,17212,888,274,1756,979,124,22,2,2,12,0,3,6,4,3,2,44,6,7,77,12,26,9,25,1,27,150,8,129,17,445,3,471,480,9,2,1,190,238,10,10,384,70,10,31,13,727,16,105,934,5,86,11,1,1,9,11
49,13,47,13,26,12,9,0,16,14,1,14,3,101,10,5,0,0,2,8,5,1564,345,0,13,85,537,55036,1840,355,0,245,39,9654,2,3,13,22,8,16840,321,41,11,356,12,18038,8172,8,29,9,0,0,0,1,0,0,0,0,0,0,1,0,0,0,1,0,4,0,1,1,0,1,0,3,0,4,3,6,0,0,8,3,0,2,0,16,1,4,1,1,2,71,37,3,4,1,0,0,0,0
808,267,726,341,457,199,190,26,24,113,9,43,25,6646,335,92,17,3,10,70,70,2181,106,4,50,76,36,1840,97538,15518,43,208,172,134,78,17,95,27,123,195,20139,415,275,111,153,1174,306,70,6323,73,7,4,10,11,2,26,0,1,0,3,4,1,0,0,20,2,66,0,8,9,1,6,0,2,4,1,1,0,8,15,1,1,15,29,1,6,2,32,5,0,38,2,9,0,0,8,3,3,9,5
952,487,919,802,295,152,344,119,104,284,63,253,234,27036,1415,278,133,16,64,302,569,1040,165,7,155,239,42,355,15518,41722,153,930,1049,54,221,99,331,83,345,51,11216,5850,1891,65,612,114,404,127,2083,635,5,9,23,12,2,22,1,3,5,7,20,4,3,8,44,16,177,1,38,30,3,12,0,16,6,3,4,0,19,23,1,3,55,73,13,2,11,112,37,2,77,0,5,0,3,17,7,11,24,17
5,12,3,368,2,2,137,1038,569,192,39,339,802,453,817,8037,2273,490,5154,817,1428,105,48,17,179,117,33,0,43,153,6389,179,490,7,363,576,249,298,216,3,30,167,9003,71,579,6,45,49,14,205,3,5,9,0,0,15,11,8,34,38,30,4,3,6,18,11,144,1,141,26,12,11,1,14,19,3,1,0,7,34,4,11,44,52,8,0,9,70,45,1,34,0,5,0,0,9,0,5,32,16
8,20,12,122,6,5,20,140,247,472,49,96,102,1270,218,102,77,31,161,1172,351,352,694,6,1572,18155,2294,245,208,930,179,36837,13612,8669,25,56,40,1489,43,973,131,504,534,6263,8743,423,17202,19,34,212,0,1,0,0,0,1,2,2,3,5,1,1,15,5,5,1,16,0,8,67,5,57,1,91,2,271,99,8,0,2,145,66,4,7,157,124,3,5,2,279,4,78,470,1,65,0,1,1,3,2
7,12,8,68,3,4,23,2520,2125,1004,583,11536,7375,994,220,179,1327,274,456,6016,1259,643,6044,23,2622,808,902,39,172,1049,490,13612,22441,85,49,123,196,475,59,32,174,866,866,603,7413,186,8154,12,23,447,1,1,13,0,0,8,108,40,16,160,4,8,58,110,15,8,27,3,41,461,9,30,2,198,7,45,39,0,1,9,20,213,6,22,122,6,11,23,16,90,8,0,64,2,12,1,0,3,6,7
4,4,6,19,2,0,3,16,21,39,8,14,0,39,10,14,3,1,6,36,12,425,225,2,107,5925,462,9654,134,54,7,8669,85,33483,5,5,6,430,14,14808,32,26,15,15118,119,2147,14661,4,3,5,0,0,0,0,1,0,0,0,0,2,4,1,4,0,1,0,0,0,1,3,0,34,0,9,1,89,62,20,0,0,126,5,2,0,9,267,2,1,3,36,1,356,486,17,73,1,1,0,0,1
30,53,35,702,58,105,2756,15,338,476,89,36,24,481,157,4449,45,2,493,57,305,175,16,571,149,20,157,2,78,221,363,25,49,5,4155,3854,939,43,6164,19,59,152,973,52,21,3,20,3211,261,141,15,53,68,16,7,134,3,5,8,23,31,10,1,3,104,38,308,1,100,14,15,24,2,3,16,2,1,3,36,41,1,3,84,135,6,2,18,198,103,0,112,1,3,2,2,64,21,20,39,25
3,14,3,193,3,1,246,61,2272,428,179,160,41,118,86,2978,120,20,6424,284,795,162,57,5883,918,30,242,3,17,99,576,56,123,5,3854,10216,1803,116,5752,8,27,92,997,110,39,6,37,64,10,112,2,8,31,1,2,32,8,22,85,83,109,21,15,12,58,50,516,10,477,43,48,51,12,19,67,4,8,2,33,117,4,18,147,259,11,3,46,282,249,3,105,0,5,4,2,9,1,36,119,104
27,63,18,307,23,22,295,671,8348,443,72,164,223,734,171,710,153,29,1074,248,607,165,35,3440,352,17,1642,13,95,331,249,40,196,6,939,1803,1607,31,6813,255,74,179,1124,88,38,4,25,1241,114,190,7,7,26,1,2,21,124,230,58,729,87,43,24,55,39,23,214,61,388,60,69,24,104,35,49,6,6,2,20,36,1,15,81,100,3,3,322,240,153,2,86,2,2,1,0,18,5,15,74,81
9,35,10,317,6,4,51,547,380,52,25,47,26,406,335,260,36,14,384,4899,36,184,636,26,4360,14004,3064,22,27,83,298,1489,475,430,43,116,31,20945,75,69,20,39,575,19042,6209,105,666,63,21,26,2,1,14,0,0,5,9,10,3,20,6,7,50,7,22,3,13,3,19,156,6,72,13,271,3,344,258,1,2,4,86,261,11,9,381,39,6,14,7,649,15,20,402,1,44,4,1,1,9,2
20,53,39,292,72,119,887,20,1436,667,122,60,25,653,141,1457,39,5,825,54,543,240,30,5054,343,23,2164,8,123,345,216,43,59,14,6164,5752,6813,75,30521,238,87,252,1191,191,26,6,27,7891,436,209,26,29,57,141,213,184,6,2,36,21,72,11,1,6,82,38,530,2,212,30,20,46,5,6,29,1,4,3,49,88,1,8,105,231,9,4,48,313,151,3,174,2,7,5,1,62,10,45,63,35
7,5,8,9,8,1,6,4,25,19,4,3,6,21,5,6,0,0,12,5,7,283,184,24,75,288,7018,16840,195,51,3,973,32,14808,19,8,255,69,238,33734,38,15,5,10287,29,1603,4240,101,10,6,0,2,1,1,5,3,0,2,2,3,2,2,3,0,4,0,1,0,4,5,2,67,7,87,0,118,344,245,3,0,184,14,4,2,6,762,4,4,1,28,27,3364,1681,112,145,9,2,3,2,2
364,217,451,280,114,70,137,8,22,14046,28,73,42,757,251,99,33,3,16,38,204,25840,54,2,32,28,9,321,20139,11216,30,131,174,32,59,27,74,20,87,38,66351,8411,372,27,61,91,82,28,115,308,2,1,7,6,0,10,1,1,0,3,8,5,1,0,10,4,43,2,12,5,0,6,1,3,3,0,1,0,2,7,2,0,7,28,2,0,4,26,16,2,17,0,1,0,0,6,2,3,5,3
106,259,162,503,35,14,160,95,99,14729,131,450,242,2587,1550,206,205,16,93,158,1580,2413,227,5,130,85,36,41,415,5850,167,504,866,26,152,92,179,39,252,15,8411,28563,4121,41,278,45,301,63,29,10994,4,4,4,4,2,6,2,0,4,6,14,4,3,3,9,7,75,1,37,21,2,7,1,8,3,1,5,1,7,15,0,3,21,31,5,2,5,49,32,3,22,0,3,1,1,7,0,5,11,12
21,81,24,3338,16,10,351,757,666,2287,184,537,695,5395,7576,8205,669,132,1869,1141,8397,656,124,58,380,301,109,11,275,1891,9003,534,866,15,973,997,1124,575,1191,5,372,4121,46892,156,1064,19,120,271,98,14640,16,25,42,8,2,64,16,12,36,58,82,16,13,25,77,37,571,7,294,55,17,31,4,31,43,4,8,1,30,109,0,24,111,242,19,3,45,286,163,7,117,1,12,0,4,40,8,24,74,53
11,9,5,131,6,5,33,107,300,127,62,77,17,149,92,96,12,0,107,812,32,1270,1775,38,3515,22105,17212,356,111,65,71,6263,603,15118,52,110,88,19042,191,10287,27,41,156,73537,717,1492,5953,114,24,3,1,0,3,1,0,4,3,5,1,17,8,8,22,5,8,5,7,2,13,45,5,138,3,176,1,702,374,24,2,0,433,136,10,3,205,329,7,13,10,593,15,354,1746,16,257,6,0,1,4,6
17,49,9,215,6,3,46,704,384,168,27,70,109,1558,492,287,123,159,566,4610,258,161,259,7,737,5185,888,12,153,612,579,8743,7413,119,21,39,38,6209,26,29,61,278,1064,717,8353,40,487,23,44,209,1,1,4,0,0,4,3,12,0,29,2,5,86,10,19,6,14,2,16,263,2,41,2,231,1,60,80,0,3,1,17,195,10,10,287,7,4,9,7,195,5,5,132,0,9,6,1,0,1,0
8,4,10,9,7,4,3,74,158,185,216,204,22,38,6,15,20,2,16,60,40,7399,7845,4,157,172,274,18038,1174,114,6,423,186,2147,3,6,4,105,6,1603,91,45,19,1492,40,12584,13087,1,7,5,0,0,0,0,0,0,0,1,1,4,1,0,1,0,0,1,4,0,0,4,0,7,1,3,0,29,16,2,0,0,36,11,1,0,10,46,0,0,0,21,0,70,129,4,19,0,0,0,0,1
7,5,7,33,6,1,7,104,359,579,142,426,88,284,54,43,62,7,62,272,198,1538,6362,8,1087,1315,1756,8172,306,404,45,17202,8154,14661,20,37,25,666,27,4240,82,301,120,5953,487,13087,32345,12,16,86,0,0,3,0,0,1,5,5,2,8,2,5,4,2,7,0,7,2,5,45,4,50,1,51,0,244,119,12,1,0,200,66,4,5,94,262,2,6,7,250,6,187,594,5,116,0,0,1,0,4
78,169,132,1832,399,3767,5133,4,210,275,28,4,1,311,96,304,6,1,14,9,55,109,16,77,135,21,979,8,70,127,49,19,12,4,3211,64,1241,63,7891,101,28,63,271,114,23,1,12,7202,1192,43,17,71,17,20,8,103,0,1,1,0,4,1,1,0,23,1,52,0,7,3,1,4,0,3,0,1,0,0,8,4,1,1,11,19,1,1,1,37,6,1,27,2,0,0,0,52,3,1,8,0
2768,415,1348,782,7251,1841,796,3,45,96,12,2,1,18686,170,64,3,1,3,22,12,90,3,10,23,31,124,29,6323,2083,14,34,23,3,261,10,114,21,436,10,115,29,98,24,44,7,16,1192,15130,9,7,27,16,13,2,39,0,0,0,0,3,1,0,0,21,5,38,0,5,0,0,2,0,1,0,1,0,1,5,2,0,1,8,15,2,0,0,28,6,0,30,0,1,0,0,20,2,1,1,1
10,18,8,134,4,1,32,69,56,3315,31,195,184,5603,4262,149,211,27,110,105,5697,223,55,1,55,56,22,9,73,635,205,212,447,5,141,112,190,26,209,6,308,10994,14640,3,209,5,86,43,9,23118,2,2,7,1,0,6,1,1,4,1,10,2,1,0,5,4,76,0,35,9,1,5,0,2,1,1,0,1,3,24,0,0,17,24,4,0,5,36,15,2,12,0,4,0,1,4,0,4,8,5
20,61,62,150,15,136,170,0,4,4,0,0,1,63,10,23,0,0,3,0,0,6,0,0,1,0,2,0,7,5,3,0,1,0,15,2,7,2,26,0,2,4,16,1,1,0,0,17,7,2,35915,20646,2504,17359,4655,5959,6,10,5,5,59,7,3,2,5993,78,214,1,10,49,2,290,3,11,2,33,15,198,1800,5,11,6,975,36,29,151,23,156,15,32,212,28,52,117,32,301,10138,363,117,15
86,222,371,577,31,141,664,0,4,5,1,0,0,110,34,51,0,0,4,1,2,11,0,0,1,0,2,0,4,9,5,1,1,0,53,8,7,1,29,2,1,4,25,0,1,0,0,71,27,2,20646,59491,8208,16027,1732,12625,1,3,5,16,240,13,1,7,10080,73,186,0,6,74,6,935,4,9,2,12,6,198,1550,2,22,11,2422,33,35,159,36,212,27,19,133,31,46,139,44,687,1621,980,566,27
35,63,76,244,16,20,197,21,57,24,2,2,5,116,29,50,0,0,29,25,11,10,4,11,25,3,12,0,10,23,9,0,13,0,68,31,26,14,57,1,7,4,42,3,4,0,3,17,16,7,2504,8208,38822,526,433,17171,146,110,33,213,467,82,60,140,20860,11826,6367,30,155,1470,37,545,11,175,43,158,42,67,913,76,67,173,2050,2560,472,73,147,613,264,255,198,11,166,40,36,345,1249,545,1017,168
60,71,1435,288,97,1010,694,0,2,7,0,0,0,59,6,17,0,0,2,1,0,11,0,1,0,0,0,1,11,12,0,0,0,0,16,1,1,0,141,1,6,4,8,1,0,0,0,20,13,1,17359,16027,526,35081,12225,20235,1,0,1,1,65,8,1,0,517,10,40,1,5,15,1,263,5,7,1,3,6,61,407,3,5,4,691,7,4,52,16,160,12,6,1236,11,14,47,13,834,758,273,193,7
7,19,34,60,3,180,242,0,2,1,0,0,0,12,4,3,0,0,0,0,1,2,0,0,0,0,3,0,2,2,0,0,0,1,7,2,2,0,213,5,0,2,2,0,0,0,0,8,2,0,4655,1732,433,12225,16935,10665,2,0,0,6,18,3,1,2,268,13,142,1,2,19,2,30,26,46,4,17,131,19,114,3,10,13,53,23,13,7,130,442,13,35,1407,76,119,2,1,2911,2388,11,28,7
113,334,368,910,44,747,1226,8,55,18,4,4,6,220,53,104,1,1,34,19,16,20,2,5,13,1,6,0,26,22,15,1,8,0,134,32,21,5,184,3,10,6,64,4,4,0,1,103,39,6,5959,12625,17171,20235,10665,29655,18,20,10,122,596,56,35,27,2837,749,5910,6,120,521,32,646,32,207,19,72,54,99,638,27,31,79,1551,194,115,50,213,1844,160,167,1926,19,131,38,26,3087,1142,642,904,127
0,1,0,8,0,0,3,278,860,2,1,30,74,5,9,11,1,0,29,317,2,6,7,17,216,2,4,0,0,1,11,2,108,0,3,8,124,9,6,0,1,2,16,3,3,0,5,0,0,1,6,1,146,1,2,18,3278,3211,677,955,12,106,118,3306,223,94,523,741,531,6195,21,247,82,136,82,77,96,3,10,352,43,4369,46,795,355,31,630,12,107,40,6,0,35,6,13,3,2,7,9,5
0,2,0,4,0,0,1,246,1233,0,1,10,80,5,4,6,7,4,20,100,3,1,5,68,59,3,3,0,1,3,8,2,40,0,5,22,230,10,2,2,1,0,12,5,12,1,5,1,0,1,10,3,110,0,0,20,3211,21392,6114,2392,41,721,591,2950,102,63,705,6320,1679,9813,130,1326,83,145,90,44,45,7,9,597,45,498,31,642,308,44,523,18,74,161,10,2,108,15,65,0,5,4,19,20
0,1,0,10,0,0,5,67,387,22,10,43,23,9,8,29,44,12,153,19,85,14,2,47,24,1,2,0,0,5,34,3,16,0,8,85,58,3,36,2,0,4,36,1,0,1,2,1,0,4,5,5,33,1,0,10,677,6114,2847,2953,268,1448,459,761,34,29,534,1589,3736,625,1005,1163,11,22,213,18,15,8,12,1173,22,242,63,200,157,15,130,26,92,30,58,1,39,8,28,4,3,34,70,104
0,2,1,26,0,0,12,861,3786,14,20,51,223,13,23,51,60,19,172,382,47,21,22,206,336,1,44,0,3,7,38,5,160,2,23,83,729,20,21,3,3,6,58,17,29,4,8,0,0,1,5,16,213,1,6,122,955,2392,2953,37426,119,1136,997,1928,65,42,1138,1872,6764,6695,548,1242,3777,7125,66,38,1257,13,7,155,38,545,41,152,140,40,6109,499,66,116,141,66,305,13,65,10,11,12,46,58
0,3,3,10,1,0,15,6,74,36,11,8,7,44,10,85,18,1,133,10,47,13,4,17,9,0,6,1,4,20,30,1,4,4,31,109,87,6,72,2,8,14,82,8,2,1,2,4,3,10,59,240,467,65,18,596,12,41,268,119,32068,3994,300,26,208,139,1940,39,871,80,3424,3204,11,27,195,39,49,23,83,214,68,99,591,442,51,85,300,592,287,104,306,7,142,23,106,138,26,9797,10907,2645
0,2,1,3,0,0,5,34,131,5,3,11,6,5,2,13,9,0,46,19,20,1,1,7,39,0,7,0,1,4,4,1,8,1,10,21,43,7,11,2,5,4,16,8,5,0,5,1,1,2,7,13,82,8,3,56,106,721,1448,1136,3994,8666,10030,324,47,40,714,649,1386,301,3796,5659,52,102,209,25,40,13,16,225,42,309,133,223,42,72,169,129,202,53,96,6,104,54,112,18,4,168,560,433
0,0,0,6,0,0,0,44,222,3,3,10,12,12,3,8,3,0,22,224,9,12,18,8,332,7,77,0,0,3,3,15,58,4,1,15,24,50,1,3,1,3,13,22,86,1,4,1,0,1,3,1,60,1,1,35,118,591,459,997,300,10030,16599,5596,139,196,211,2999,358,1851,6515,7592,24,1101,1121,56,322,20,17,657,151,7552,173,473,716,151,99,35,793,204,37,9,513,50,564,11,4,22,121,385
0,2,0,10,1,0,1,182,725,6,1,17,55,6,7,21,1,1,28,266,5,6,8,8,241,4,12,0,0,8,6,5,110,0,3,12,55,7,6,0,0,3,25,5,10,0,2,0,0,0,2,7,140,0,2,27,3306,2950,761,1928,26,324,5596,12520,287,466,752,9729,577,2184,653,425,66,250,633,71,134,9,15,1144,155,6481,112,1984,561,58,532,28,698,46,13,2,41,10,61,1,7,10,40,99
29,81,48,210,16,27,151,9,42,29,6,5,7,186,35,74,2,1,45,29,23,26,7,5,58,6,26,1,20,44,18,5,15,1,104,58,39,22,82,4,10,9,77,8,19,0,7,23,21,5,5993,10080,20860,517,268,2837,223,102,34,65,208,47,139,287,54265,14538,2379,50,183,1805,53,422,9,83,81,1026,31,148,3192,72,741,935,14687,3010,2552,379,209,419,1846,543,365,32,273,55,174,274,5266,420,853,738
2,7,6,28,2,0,14,3,30,28,4,3,4,49,5,46,2,0,32,22,14,10,1,1,22,2,9,0,2,16,11,1,8,0,38,50,23,3,38,0,4,7,37,5,6,1,0,1,5,4,78,73,11826,10,13,749,94,63,29,42,139,40,196,466,14538,42992,2812,101,103,655,99,240,1,33,228,219,29,42,276,83,439,954,6555,8661,973,186,133,187,6874,117,123,6,80,9,162,69,69,201,1750,3271
51,89,76,343,15,23,195,45,229,203,31,37,25,416,100,463,33,6,394,72,246,108,9,39,67,4,25,4,66,177,144,16,27,0,308,516,214,13,530,1,43,75,571,7,14,4,7,52,38,76,214,186,6367,40,142,5910,523,705,534,1138,1940,714,211,752,2379,2812,46449,582,11449,2378,529,810,199,473,1000,78,152,42,418,4909,82,576,1683,20317,482,55,1033,10357,2486,175,1470,15,181,26,52,801,284,579,1264,604
0,0,0,2,0,0,0,50,289,0,2,11,21,4,1,4,11,4,27,12,9,5,1,26,8,1,1,0,0,1,1,0,3,0,1,10,61,3,2,0,2,1,7,2,2,0,2,0,0,0,1,0,30,1,1,6,741,6320,1589,1872,39,649,2999,9729,50,101,582,8937,848,195,5003,514,67,31,3292,9,14,2,1,5845,27,507,22,1409,81,17,190,32,718,19,16,2,18,5,61,3,1,1,30,95
0,6,3,38,0,3,36,166,896,145,37,83,58,47,41,181,89,20,638,98,308,54,13,157,119,3,27,1,8,38,141,8,41,1,100,477,388,19,212,4,12,37,294,13,16,0,5,7,5,35,10,6,155,5,2,120,531,1679,3736,6764,871,1386,358,577,183,103,11449,848,19626,2457,1367,742,3688,1509,903,37,445,11,56,2617,38,355,344,1109,208,33,2244,7337,612,126,1704,50,260,10,44,41,12,78,330,353
2,8,3,35,0,2,13,294,1142,20,7,103,96,46,24,22,12,4,60,1393,20,43,88,24,1617,39,150,1,9,30,26,67,461,3,14,43,60,156,30,5,5,21,55,45,263,4,45,3,0,9,49,74,1470,15,19,521,6195,9813,625,6695,80,301,1851,2184,1805,655,2378,195,2457,24611,69,1194,134,3094,100,362,830,21,129,267,328,6558,368,2007,8476,91,254,345,263,4082,104,16,982,23,120,42,84,69,134,56
2,0,0,5,1,0,2,21,135,10,4,9,7,3,0,18,16,4,77,4,25,7,0,23,9,3,8,0,1,3,12,5,9,0,15,48,69,6,20,2,0,2,17,5,2,0,4,1,0,1,2,6,37,1,2,32,21,130,1005,548,3424,3796,6515,653,53,99,529,5003,1367,69,11225,1158,22,47,5796,42,41,10,19,1481,115,509,279,366,99,90,176,135,1881,91,113,4,105,12,209,5,4,132,1095,4785
2,6,6,20,2,1,14,37,122,22,4,6,9,29,7,42,2,2,39,89,15,11,27,9,150,46,129,1,6,12,11,57,30,34,24,51,24,72,46,67,6,7,31,138,41,7,50,4,2,5,290,935,545,263,30,646,247,1326,1163,1242,3204,5659,7592,425,422,240,810,514,742,1194,1158,44407,48,699,334,978,998,2424,1370,167,935,6976,3043,348,518,3357,180,238,477,1145,215,379,4652,6603,7069,104,105,3289,1802,746
0,1,0,2,0,0,2,37,283,0,0,1,16,3,0,5,6,1,16,20,4,1,4,18,16,0,17,0,0,0,1,1,2,0,2,12,104,13,5,7,1,1,4,3,2,1,1,0,0,0,3,4,11,5,26,32,82,83,11,3777,11,52,24,66,9,1,199,67,3688,134,22,48,3639,2331,5,18,1211,21,6,16,20,47,16,6,29,15,3519,3595,10,68,1883,254,323,0,9,171,32,4,10,3
0,0,0,14,1,0,3,109,644,5,5,22,25,23,21,14,5,0,26,799,9,29,67,13,1232,62,445,3,2,16,14,91,198,9,3,19,35,271,6,87,3,8,31,176,231,3,51,3,1,2,11,9,175,7,46,207,136,145,22,7125,27,102,1101,250,83,33,473,31,1509,3094,47,699,2331,20745,31,216,15582,123,18,17,189,2278,46,65,1197,99,969,987,58,943,1018,1437,4825,14,87,251,47,10,27,40
0,1,1,9,0,0,4,9,53,16,10,5,2,12,3,41,3,1,91,4,28,4,1,12,14,2,3,0,4,6,19,2,7,1,16,67,49,3,29,0,3,3,43,1,1,0,0,0,0,1,2,2,43,1,4,19,82,90,213,66,195,209,1121,633,81,228,1000,3292,903,100,5796,334,5,31,10685,47,24,14,17,6826,181,637,247,2924,225,99,117,109,7175,57,76,3,60,7,156,11,8,22,246,4349
1,0,0,4,0,0,3,3,22,2,3,1,2,4,2,1,1,0,4,16,2,21,99,1,90,295,471,4,1,3,3,271,45,89,2,4,6,344,1,118,0,1,4,702,60,29,244,1,1,1,33,12,158,3,17,72,77,44,18,38,39,25,56,71,1026,219,78,9,37,362,42,978,18,216,47,13004,825,46,96,25,8607,471,426,168,4604,3367,19,40,141,6779,87,75,5661,17,985,32,38,37,91,69
1,0,1,4,0,0,3,12,127,4,1,11,2,5,2,2,2,0,6,89,2,10,60,3,381,117,480,3,1,4,1,99,39,62,1,8,6,258,4,344,1,5,8,374,80,16,119,0,0,0,15,6,42,6,131,54,96,45,15,1257,49,40,322,134,31,29,152,14,445,830,41,998,1211,15582,24,825,18059,580,28,8,536,1032,47,30,710,363,972,475,33,1227,1711,7914,24484,47,375,561,128,12,27,57
1,3,0,2,0,0,1,0,3,2,0,2,0,3,1,2,0,0,4,2,1,3,2,1,0,3,9,6,0,0,0,8,0,20,3,2,2,1,3,245,0,1,1,24,0,2,12,0,1,1,198,198,67,61,19,99,3,7,8,13,23,13,20,9,148,42,42,2,11,21,10,2424,21,123,14,46,580,33101,3620,3,43,30,1686,29,16,7864,79,37,32,18,117,13149,1543,17770,1365,58,198,1025,141,41
9,23,16,48,5,6,43,0,9,6,2,3,1,61,22,43,3,0,19,3,12,8,1,2,6,1,2,0,8,19,7,0,1,0,36,33,20,2,49,3,2,7,30,2,3,0,1,8,5,3,1800,1550,913,407,114,638,10,9,12,7,83,16,17,15,3192,276,418,1,56,129,19,1370,6,18,17,96,28,3620,87138,18,81,68,17870,244,167,562,96,188,160,66,161,180,151,782,118,174,11832,7840,420,126
1,0,1,17,3,1,8,19,111,47,11,15,13,22,5,81,24,2,112,10,79,23,2,23,13,1,1,0,15,23,34,2,9,0,41,117,36,4,88,0,7,15,109,0,1,0,0,4,2,24,5,2,76,3,3,27,352,597,1173,155,214,225,657,1144,72,83,4909,5845,2617,267,1481,167,16,17,6826,25,8,3,18,6080,32,478,91,4816,188,22,124,74,1097,27,110,4,29,3,30,5,7,25,87,131
0,0,1,0,0,0,1,1,14,1,0,1,0,4,1,1,0,0,4,22,1,14,39,0,47,146,190,8,1,1,4,145,20,126,1,4,1,86,1,184,2,0,0,433,17,36,200,1,0,0,11,22,67,5,10,31,43,45,22,38,68,42,151,155,741,439,82,27,38,328,115,935,20,189,181,8607,536,43,81,32,23816,1137,655,218,4729,13571,21,39,381,1628,42,101,2132,29,4138,20,13,49,199,281
0,0,1,7,0,0,4,102,541,9,4,16,27,14,13,14,1,0,26,575,5,19,59,8,723,96,238,3,1,3,11,66,213,5,3,18,15,261,8,14,0,3,24,136,195,11,66,1,1,0,6,11,173,4,13,79,4369,498,242,545,99,309,7552,6481,935,954,576,507,355,6558,509,6976,47,2278,637,471,1032,30,68,478,1137,21793,557,1559,11238,672,155,126,1147,1445,95,34,1629,61,8601,38,22,34,189,415
4,25,25,81,2,9,50,8,51,44,7,10,5,122,23,102,14,5,148,16,62,32,4,13,20,5,10,0,15,55,44,4,6,2,84,147,81,11,105,4,7,21,111,10,10,1,4,11,8,17,975,2422,2050,691,53,1551,46,31,63,41,591,133,173,112,14687,6555,1683,22,344,368,279,3043,16,46,247,426,47,1686,17870,91,655,557,60847,1242,942,1025,396,554,2560,219,451,149,299,751,437,277,928,8881,15993,4556
7,24,13,80,3,2,65,14,75,91,19,20,6,187,38,197,12,0,204,44,107,48,4,10,53,4,10,2,29,73,52,7,22,0,135,259,100,9,231,2,28,31,242,3,10,0,5,19,15,24,36,33,2560,7,23,194,795,642,200,152,442,223,473,1984,3010,8661,20317,1409,1109,2007,366,348,6,65,2924,168,30,29,244,4816,218,1559,1242,23120,1418,110,403,515,12166,109,476,8,75,12,124,179,63,221,703,360
2,2,1,11,0,0,6,25,98,3,3,17,2,41,14,11,0,0,18,322,11,19,108,5,615,139,384,0,1,13,8,157,122,9,6,11,3,381,9,6,2,5,19,205,287,10,94,1,2,4,29,35,472,4,13,115,355,308,157,140,51,42,716,561,2552,973,482,81,208,8476,99,518,29,1197,225,4604,710,16,167,188,4729,11238,942,1418,20153,296,38,84,672,4781,64,26,1470,9,287,27,53,74,189,219
0,0,1,1,0,1,2,2,13,1,3,0,0,2,0,3,1,0,2,5,0,18,11,0,18,74,70,16,6,2,0,124,6,267,2,3,3,39,4,762,0,2,3,329,7,46,262,1,0,0,151,159,73,52,7,50,31,44,15,40,85,72,151,58,379,186,55,17,33,91,90,3357,15,99,99,3367,363,7864,562,22,13571,672,1025,110,296,49159,19,25,207,297,53,4137,6507,12170,9614,24,72,351,172,188
2,6,3,14,0,0,13,35,232,12,0,5,14,17,6,30,9,3,48,27,24,8,3,28,24,0,10,1,2,11,9,3,11,2,18,46,322,6,48,4,4,5,45,7,4,0,2,1,0,5,23,36,147,16,130,213,630,523,130,6109,300,169,99,532,209,133,1033,190,2244,254,176,180,3519,969,117,19,972,79,96,124,21,155,396,403,38,19,3758,3821,508,64,7383,428,322,7,17,1028,125,78,213,202
38,104,93,286,22,30,244,36,258,110,15,17,19,316,57,285,29,8,274,47,125,59,5,35,45,7,31,4,32,112,70,5,23,1,198,282,240,14,313,4,26,49,286,13,9,0,6,37,28,36,156,212,613,160,442,1844,12,18,26,499,592,129,35,28,419,187,10357,32,7337,345,135,238,3595,987,109,40,475,37,188,74,39,126,554,515,84,25,3821,15970,609,152,12103,83,431,9,27,3004,251,182,435,258
2,6,4,28,2,1,28,9,55,71,13,5,6,47,16,186,15,2,276,16,109,36,4,22,26,2,13,1,5,37,45,2,16,3,103,249,153,7,151,1,16,32,163,10,7,0,7,6,6,15,15,27,264,12,13,160,107,74,92,66,287,202,793,698,1846,6874,2486,718,612,263,1881,477,10,58,7175,141,33,32,160,1097,381,1147,2560,12166,672,207,508,609,25576,100,449,13,128,20,337,183,36,149,1772,7460
0,2,0,2,1,1,1,5,28,5,3,9,2,10,2,3,2,0,3,65,2,20,183,1,339,295,727,1,0,2,1,279,90,36,0,3,2,649,3,28,2,3,7,593,195,21,250,1,0,2,32,19,255,6,35,167,40,161,30,116,104,53,204,46,543,117,175,19,126,4082,91,1145,68,943,57,6779,1227,18,66,27,1628,1445,219,109,4781,297,64,152,100,24489,244,60,11877,10,514,112,64,29,159,158
18,62,51,173,12,69,117,6,74,61,11,2,5,283,47,152,8,3,77,15,52,37,2,18,18,5,16,2,38,77,34,4,8,1,112,105,86,15,174,27,17,22,117,15,5,0,6,27,30,12,212,133,198,1236,1407,1926,6,10,58,141,306,96,37,13,365,123,1470,16,1704,104,113,215,1883,1018,76,87,1711,117,161,110,42,95,451,476,64,53,7383,12103,449,244,18619,830,942,9,40,6981,265,121,286,168
0,0,0,0,0,0,0,1,1,0,0,0,0,1,0,1,0,0,0,4,0,21,8,0,10,50,105,71,2,0,0,78,0,356,1,0,2,20,2,3364,0,0,1,354,5,70,187,2,0,0,28,31,11,11,76,19,0,2,1,66,7,6,9,2,32,6,15,2,50,16,4,379,254,1437,3,75,7914,13149,180,4,101,34,149,8,26,4137,428,83,13,60,830,31325,19286,1076,315,330,98,68,17,12
0,3,0,5,1,0,4,10,44,8,4,11,0,10,4,2,0,0,8,83,3,33,161,4,269,489,934,37,9,5,5,470,64,486,3,5,2,402,7,1681,1,3,12,1746,132,129,594,0,1,4,52,46,166,14,119,131,35,108,39,305,142,104,513,41,273,80,181,18,260,982,105,4652,323,4825,60,5661,24484,1543,151,29,2132,1629,299,75,1470,6507,322,431,128,11877,942,19286,51689,463,1933,461,113,92,156,166
0,0,1,2,0,0,3,0,2,1,1,0,0,3,0,1,0,0,3,1,1,0,0,0,2,1,5,3,0,0,0,1,2,17,2,4,1,1,5,112,0,1,0,16,0,4,5,0,0,0,117,139,40,47,2,38,6,15,8,13,23,54,50,10,55,9,26,5,10,23,12,6603,0,14,7,17,47,17770,782,3,29,61,751,12,9,12170,7,9,20,10,9,1076,463,17563,11201,4,48,428,86,17
0,0,1,1,0,0,2,3,10,1,0,0,2,2,0,1,0,0,1,12,0,9,18,0,34,65,86,4,0,3,0,65,12,73,2,2,0,44,1,145,0,1,4,257,9,19,116,0,0,1,32,44,36,13,1,26,13,65,28,65,106,112,564,61,174,162,52,61,44,120,209,7069,9,87,156,985,375,1365,118,30,4138,8601,437,124,287,9614,17,27,337,514,40,315,1933,11201,27456,10,17,93,180,320
58,145,123,390,30,70,476,1,10,16,2,0,0,120,28,53,1,0,4,2,4,12,1,1,6,0,11,1,8,17,9,0,1,1,64,9,18,4,62,9,6,7,40,6,6,0,0,52,20,4,301,687,345,834,2911,3087,3,0,4,10,138,18,11,1,274,69,801,3,41,42,5,104,171,251,11,32,561,58,174,5,20,38,277,179,27,24,1028,3004,183,112,6981,330,461,4,10,7683,969,83,160,73
7,21,21,55,6,10,38,1,5,6,2,0,0,39,9,8,0,0,2,1,2,2,0,0,1,0,1,0,3,7,0,1,0,1,21,1,5,1,10,2,2,0,8,0,1,0,0,3,2,0,10138,1621,1249,758,2388,1142,2,5,3,11,26,4,4,7,5266,69,284,1,12,84,4,105,32,47,8,38,128,198,11832,7,13,22,928,63,53,72,125,251,36,64,265,98,113,48,17,969,33132,251,58,16
3,9,5,26,1,2,8,1,8,10,2,0,0,27,9,39,0,0,28,3,16,4,0,4,2,0,1,0,3,11,5,1,3,0,20,36,15,1,45,3,3,5,24,1,0,0,1,1,1,4,363,980,545,273,11,642,7,4,34,12,9797,168,22,10,420,201,579,1,78,69,132,3289,4,10,22,37,12,1025,7840,25,49,34,8881,221,74,351,78,182,149,29,121,68,92,428,93,83,251,26022,4456,339
5,3,6,31,4,2,19,4,55,22,10,4,2,46,12,91,13,3,120,4,56,16,5,9,9,1,9,0,9,24,32,3,6,0,39,119,74,9,63,2,5,11,74,4,1,0,0,8,1,8,117,566,1017,193,28,904,9,19,70,46,10907,560,121,40,853,1750,1264,30,330,134,1095,1802,10,27,246,91,27,141,420,87,199,189,15993,703,189,172,213,435,1772,159,286,17,156,86,180,160,58,4456,24190,10260
1,2,0,17,0,3,7,6,49,25,5,3,2,17,5,51,13,4,101,7,34,16,1,15,5,1,11,0,5,17,16,2,7,1,25,104,81,2,35,2,3,12,53,6,0,1,4,0,1,5,15,27,168,7,7,127,5,20,104,58,2645,433,385,99,738,3271,604,95,353,56,4785,746,3,40,4349,69,57,41,126,131,281,415,4556,360,219,188,202,258,7460,158,168,12,166,17,320,73,16,339,10260,15368
