13355,8982,8250,3981,10372,2421,864,6,3,68,3,3,2,9107,524,331,0,0,8,0,11,315,5,1,0,3,9,22,440,857,11,6,7,20,95,19,8,3,49,4,535,129,81,6,4,26,26,83,1362,15,6,36,7,28,17,40,0,0,0,0,6,2,1,0,24,1,9,0,2,1,0,0,1,3,0,1,0,0,4,2,0,0,2,2,0,0,8,30,0,0,12,0,1,0,1,39,5,2,7,0
8982,50176,17949,21148,1058,4399,2175,3,1,124,5,3,0,9325,5458,325,0,2,6,2,9,490,6,2,1,0,2,4,211,970,10,9,9,9,77,22,8,2,43,7,598,161,36,7,1,11,17,94,236,29,8,68,7,48,22,34,0,0,0,0,6,0,0,0,25,3,15,0,6,0,0,1,0,0,0,0,0,0,7,0,0,0,4,1,0,1,9,30,1,0,8,0,0,0,0,51,10,1,7,2
8250,17949,36623,13740,8911,7585,13413,3,2,111,1,1,3,1326,243,113,1,0,6,2,14,435,3,3,1,4,3,10,245,799,3,14,3,10,90,18,11,1,43,3,607,157,22,8,1,11,29,129,323,29,149,1173,19,1050,36,94,0,0,0,1,6,0,0,0,24,5,7,0,5,1,0,7,0,3,0,0,1,0,3,0,0,0,3,2,0,0,10,46,0,1,13,0,0,0,0,73,11,0,8,0
3981,21148,13740,45244,1299,3763,16482,45,30,596,23,7,10,13947,16823,11341,5,7,94,36,72,732,19,11,19,36,20,10,249,1540,646,86,56,24,570,223,82,21,225,4,789,349,3220,28,46,11,50,502,717,381,45,140,42,183,81,191,0,0,2,3,29,4,0,0,95,9,62,0,23,3,4,10,5,10,1,2,4,0,14,1,0,3,20,13,3,1,37,147,7,2,71,1,2,0,0,208,31,9,16,2
10372,1058,8911,1299,21669,20660,670,6,3,41,4,0,2,3927,1131,309,2,1,12,3,9,125,8,7,4,4,10,9,191,243,20,9,3,4,192,31,31,1,145,4,197,36,158,14,5,10,12,191,3582,20,9,74,15,157,27,33,0,0,0,1,12,4,0,0,41,4,11,0,4,0,0,6,1,2,1,0,0,0,5,1,0,0,7,6,2,0,9,36,3,0,23,0,1,0,0,45,16,1,8,0
2421,4399,7585,3763,20660,27136,21861,2,17,70,2,1,3,1676,634,355,2,0,14,3,20,129,3,20,16,3,84,7,128,337,14,11,5,5,1030,88,209,5,396,7,183,62,50,20,2,4,13,2233,1685,14,239,55,23,2142,174,268,0,1,0,3,6,2,0,0,30,0,11,0,11,1,1,4,0,2,1,1,1,0,11,0,0,0,8,1,3,2,15,48,7,1,23,1,3,0,1,117,16,3,7,1
864,2175,13413,16482,670,21861,27875,17,20,297,21,9,0,1376,445,2966,8,1,61,24,62,284,7,37,15,12,38,7,54,289,129,22,22,3,2534,344,108,14,1491,4,244,93,276,23,12,3,25,2033,218,28,112,262,95,1351,205,1938,1,1,0,2,47,9,0,0,141,16,63,0,32,0,1,20,7,11,0,1,1,0,28,0,1,4,25,13,5,0,62,238,9,2,88,1,3,0,0,431,57,12,26,6
6,3,3,45,6,2,17,40769,4581,347,1645,1318,8896,334,189,1309,3542,2776,3205,5935,2672,2371,578,143,254,80,110,74,37,386,2704,539,3317,127,45,280,467,71,89,25,78,75,2495,103,891,147,611,3,28,169,1,0,1,0,0,0,94,104,15,774,6,13,9,43,3,2,8,7,27,194,11,21,37,138,3,8,23,1,1,1,2,56,4,2,39,2,305,13,4,10,1,3,20,0,8,3,0,0,7,2
3,1,2,30,3,17,20,4581,38664,179,539,880,1577,42,14,628,614,64,10478,5204,341,720,302,4708,8435,61,3817,22,17,77,95,270,869,74,223,2304,6302,146,699,36,41,40,159,418,211,58,315,62,11,25,1,0,5,0,1,3,536,479,52,4294,20,55,67,203,5,3,20,27,105,1007,21,95,109,1317,3,42,261,0,2,4,15,328,4,11,198,4,2315,24,4,53,8,3,88,2,25,8,4,2,11,3
68,124,111,596,41,70,297,347,179,50246,3653,2800,208,435,314,1315,318,21,874,122,4277,4556,521,126,46,37,104,95,342,1534,240,153,327,93,464,993,302,48,642,31,18648,14533,1354,85,99,118,533,182,60,6220,10,3,9,7,7,29,0,3,4,18,19,7,1,0,27,6,32,1,39,3,4,15,12,17,5,2,8,1,11,3,4,6,19,14,5,3,113,54,9,7,49,6,17,1,4,23,12,6,21,3
3,5,1,23,4,2,21,1645,539,3653,4352,7419,477,30,14,445,303,34,1018,252,625,3824,1340,64,73,44,71,53,13,69,115,46,312,28,100,329,99,72,143,11,117,117,119,86,125,185,300,17,3,11,2,0,3,1,0,1,1,4,4,16,4,0,0,0,5,1,4,1,20,10,2,8,7,17,1,3,4,0,4,0,4,5,3,2,4,1,46,12,6,7,2,3,9,0,0,5,3,2,4,2
3,3,1,7,0,1,9,1318,880,2800,7419,30733,11554,83,30,105,7935,435,538,770,5294,1899,6016,77,728,47,186,75,34,409,157,96,8440,64,41,246,145,150,95,16,112,231,191,130,388,252,616,9,5,147,0,0,1,0,1,0,5,3,6,47,3,1,10,0,1,0,0,1,8,63,1,14,8,147,2,13,22,1,0,0,9,38,1,3,35,5,56,8,1,20,3,0,28,0,2,1,0,2,1,0
2,0,3,10,2,3,0,8896,1577,208,477,11554,22486,139,61,117,5635,500,232,1601,1719,447,536,26,309,20,73,20,29,383,554,370,11025,33,15,50,172,42,25,15,86,151,728,65,328,44,316,4,7,150,0,0,0,0,1,0,21,23,1,266,4,4,7,18,1,0,1,1,13,161,1,16,12,225,0,3,21,0,0,0,3,37,0,0,54,0,98,7,0,9,0,2,11,0,7,2,0,0,0,0
9107,9325,1326,13947,3927,1676,1376,334,42,435,30,83,139,67842,13983,2925,54,29,234,99,575,374,71,28,40,96,63,56,3818,28524,321,639,519,163,412,344,235,33,416,47,721,891,4369,56,182,36,385,338,17182,5639,32,26,28,26,48,77,1,1,0,10,73,10,2,0,121,14,86,2,65,15,4,21,9,22,4,2,3,2,36,3,5,12,40,27,8,2,139,235,16,2,102,0,8,0,0,100,46,21,49,11
524,5458,243,16823,1131,634,445,189,14,314,14,30,61,13983,20154,1476,37,11,123,53,337,290,22,11,18,25,17,9,235,3666,276,160,180,28,107,101,39,22,78,6,454,624,6648,15,82,7,102,70,669,7374,8,4,13,10,6,26,0,2,0,3,14,1,2,0,14,3,10,1,9,7,2,6,0,7,0,2,2,0,5,0,0,1,8,2,6,0,22,43,2,1,19,0,3,0,0,20,5,7,3,0
331,325,113,11341,309,355,2966,1309,628,1315,445,105,117,2925,1476,18381,265,311,4135,740,944,591,60,53,172,78,88,7,120,936,12394,187,297,43,2492,4169,239,123,462,9,382,247,9832,59,188,14,93,816,308,190,47,34,30,34,63,144,5,0,6,28,65,13,2,1,105,10,79,4,85,18,8,25,12,46,3,7,15,1,33,4,5,19,37,30,15,0,131,207,23,12,100,1,10,0,2,155,32,20,40,11
0,0,1,5,2,2,8,3542,614,318,303,7935,5635,54,37,265,9321,2713,765,98,8366,260,436,58,38,17,33,13,12,186,2200,238,1085,51,41,169,164,27,72,8,85,151,553,18,65,31,306,7,1,97,0,0,0,0,0,1,1,11,5,37,3,3,0,0,1,1,0,2,12,3,4,2,8,13,2,3,7,0,0,0,0,4,0,0,5,0,70,4,1,2,1,0,9,0,1,0,1,1,1,0
0,2,0,7,1,0,1,2776,64,21,34,435,500,29,11,311,2713,2418,570,20,1836,39,54,1,6,1,10,4,4,43,3552,49,250,2,1,24,14,8,7,2,9,15,607,3,16,4,51,1,2,27,0,0,0,0,0,0,1,0,2,7,1,1,1,1,1,0,0,0,3,1,0,2,0,1,0,2,0,0,0,0,0,2,0,0,1,1,14,0,0,1,0,0,1,0,0,1,0,0,0,0
8,6,6,94,12,14,61,3205,10478,874,1018,538,232,234,123,4135,765,570,10843,1411,1215,530,136,949,540,42,279,16,54,329,1864,149,352,38,321,5213,775,214,569,7,165,120,1582,157,146,14,114,34,18,93,4,1,2,2,1,5,14,30,26,190,32,12,9,5,5,5,11,7,107,55,7,21,35,111,13,5,28,1,5,3,3,26,12,6,28,2,317,50,18,19,10,0,17,0,7,5,4,1,11,4
0,2,2,36,3,3,24,5935,5204,122,252,770,1601,99,53,740,98,20,1411,21473,201,744,587,143,3239,205,457,48,20,127,190,834,6185,143,120,841,209,1691,66,14,46,30,444,385,4245,109,558,13,10,35,2,1,5,0,2,2,155,52,7,1020,13,17,69,101,3,2,7,4,51,892,2,81,68,1481,1,31,130,1,2,4,17,445,3,10,431,7,211,9,3,74,9,3,83,2,33,2,1,1,4,2
11,9,14,72,9,20,62,2672,341,4277,625,5294,1719,575,337,944,8366,1836,1215,201,25821,423,613,108,103,59,113,85,195,2479,2597,987,1949,198,366,792,346,72,519,40,1112,3335,11004,89,196,61,924,83,38,5688,3,3,1,0,4,6,2,5,6,33,17,7,1,0,7,2,8,3,40,9,2,15,10,31,4,5,11,0,4,4,5,15,7,6,16,4,100,33,7,7,17,0,13,1,1,3,6,2,13,3
315,490,435,732,125,129,284,2371,720,4556,3824,1899,447,374,290,591,260,39,530,744,423,23910,4263,72,287,270,574,604,1555,1360,183,406,502,495,208,421,175,281,333,185,25968,1420,596,909,488,4053,2554,110,36,249,5,8,2,3,5,12,6,3,2,25,17,2,9,1,20,1,13,0,28,16,1,36,10,60,1,44,46,7,7,0,39,17,12,14,30,42,70,59,9,49,24,41,109,5,31,20,4,4,19,6
5,6,3,19,8,3,7,578,302,521,1340,6016,536,71,22,60,436,54,136,587,613,4263,9934,81,839,477,1172,1090,143,260,66,639,6849,330,39,151,58,1090,90,175,152,108,112,1449,1151,4665,8591,21,12,52,1,0,0,1,1,0,2,4,2,18,3,4,18,1,2,0,2,1,5,29,1,77,9,248,0,116,228,10,1,0,87,92,2,2,162,55,13,1,1,203,2,27,272,3,74,2,2,0,2,1
1,2,3,11,7,20,37,143,4708,126,64,77,26,28,11,53,58,1,949,143,108,72,81,3495,637,43,1203,7,18,75,20,164,131,38,342,3069,2966,114,4348,26,36,30,48,334,33,25,146,147,14,14,0,1,1,0,1,1,8,18,6,139,10,3,6,7,4,0,5,2,34,41,2,16,15,130,2,26,64,0,1,2,8,27,3,3,41,2,191,17,3,40,8,2,35,0,10,2,0,2,3,1
0,1,1,19,4,16,15,254,8435,46,73,728,309,40,18,172,38,6,540,3239,103,287,839,637,8723,221,10429,57,23,92,33,949,3132,208,92,741,711,713,239,100,21,22,99,2007,444,100,847,59,5,28,2,3,5,0,3,3,77,39,12,944,4,14,154,90,16,5,9,3,77,1238,4,200,139,3553,3,117,855,5,1,7,66,773,5,12,845,18,225,35,3,351,10,10,425,4,87,11,1,0,6,0
3,0,4,36,4,3,12,80,61,37,44,47,20,96,25,78,17,1,42,205,59,270,477,43,221,11638,1808,146,21,115,63,15807,467,5425,29,93,37,3529,88,270,42,23,210,8131,2648,269,2646,24,9,21,1,0,0,1,0,4,0,5,0,8,3,4,7,3,10,4,0,1,1,14,3,311,14,152,0,485,516,27,0,0,450,70,7,12,83,193,15,7,3,312,2,140,1083,9,334,5,1,1,4,2
9,2,3,20,10,84,38,110,3817,104,71,186,73,63,17,88,33,10,279,457,113,574,1172,1203,10429,1808,24807,969,63,133,46,4519,1061,1116,237,807,2942,1315,2253,5508,98,37,131,14462,841,472,3286,777,56,21,3,1,2,3,4,5,4,2,1,71,9,4,30,2,6,6,5,0,13,78,2,299,47,525,0,418,768,56,5,0,372,192,6,5,238,97,36,21,7,485,8,155,966,17,279,11,1,0,11,4
22,4,10,10,9,7,7,74,22,95,53,75,20,56,9,7,13,4,16,48,85,604,1090,7,57,146,969,67342,1126,222,13,374,93,14907,12,20,379,92,45,16244,395,61,39,629,74,19222,7212,25,9,33,0,0,0,0,0,0,0,0,0,2,0,0,1,0,0,0,0,0,0,2,1,18,2,24,0,37,61,275,0,0,27,5,0,0,8,113,7,0,0,20,1,548,131,43,25,1,0,0,1,0
440,211,245,249,191,128,54,37,17,342,13,34,29,3818,235,120,12,4,54,20,195,1555,143,18,23,21,63,1126,96243,14529,25,154,103,519,72,144,104,28,134,224,25078,712,305,141,29,673,615,36,6883,137,2,2,1,2,7,6,1,0,1,2,12,1,0,0,8,7,10,0,22,1,0,8,2,3,1,8,4,5,4,0,7,1,7,5,0,16,28,42,2,1,15,9,16,4,3,6,2,2,6,4
857,970,799,1540,243,337,289,386,77,1534,69,409,383,28524,3666,936,186,43,329,127,2479,1360,260,75,92,115,133,222,14529,59989,311,1286,1343,409,323,627,422,58,607,124,9938,8081,4730,157,233,160,1322,182,1416,4450,15,6,18,7,12,21,0,3,3,18,62,7,2,1,35,14,58,0,96,13,1,29,8,38,8,8,5,1,16,5,7,10,32,38,10,3,167,202,27,8,83,5,16,0,6,31,32,15,36,12
11,10,3,646,20,14,129,2704,95,240,115,157,554,321,276,12394,2200,3552,1864,190,2597,183,66,20,33,63,46,13,25,311,13538,308,615,39,266,594,154,59,133,9,68,116,14193,26,214,10,146,64,33,179,0,1,1,3,1,12,3,1,1,10,17,3,2,0,9,1,11,0,31,12,3,6,5,34,0,2,6,0,4,1,3,5,7,6,6,0,55,50,6,5,18,0,7,0,1,14,9,3,8,0
6,9,14,86,9,11,22,539,270,153,46,96,370,639,160,187,238,49,149,834,987,406,639,164,949,15807,4519,374,154,1286,308,51367,11053,6629,91,233,150,3118,205,742,238,247,1134,7726,11834,375,22861,67,68,438,0,1,3,2,3,2,2,6,3,43,15,7,29,5,8,6,4,0,12,63,6,466,32,521,2,814,774,52,1,2,736,227,11,6,323,453,21,11,2,563,11,230,1780,27,524,8,4,0,11,5
7,9,3,56,3,5,22,3317,869,327,312,8440,11025,519,180,297,1085,250,352,6185,1949,502,6849,131,3132,467,1061,93,103,1343,615,11053,25880,348,97,343,90,1375,150,55,271,414,1380,733,10288,146,11427,26,33,504,3,1,1,2,2,6,31,18,4,265,4,9,65,37,7,3,3,3,43,600,0,117,46,1558,1,54,288,1,1,3,28,440,1,6,585,6,61,18,4,255,7,4,231,0,44,7,0,0,1,0
20,9,10,24,4,5,3,127,74,93,28,64,33,163,28,43,51,2,38,143,198,495,330,38,208,5425,1116,14907,519,409,39,6629,348,38183,17,81,65,599,75,15979,375,113,188,12505,520,3280,12538,29,15,84,1,0,0,1,0,0,0,1,0,2,3,1,2,0,2,1,0,0,4,4,2,99,6,53,0,165,164,320,5,1,168,22,4,1,21,876,6,4,2,72,2,1377,742,188,172,1,2,0,10,1
95,77,90,570,192,1030,2534,45,223,464,100,41,15,412,107,2492,41,1,321,120,366,208,39,342,92,29,237,12,72,323,266,91,97,17,6973,3904,759,112,6450,8,150,88,622,128,46,8,68,3967,159,55,56,54,56,52,88,164,1,5,2,27,72,12,1,2,142,23,117,4,91,9,4,38,13,28,6,7,10,2,55,3,4,12,44,43,16,0,200,316,23,11,144,0,10,0,3,229,61,24,60,16
19,22,18,223,31,88,344,280,2304,993,329,246,50,344,101,4169,169,24,5213,841,792,421,151,3069,741,93,807,20,144,627,594,233,343,81,3904,13500,1856,446,4649,32,331,253,1107,414,120,27,222,399,76,94,10,8,9,7,7,38,10,21,23,148,75,22,8,8,62,20,51,4,164,64,13,45,41,211,6,19,71,0,20,13,5,45,34,43,61,2,397,216,39,45,82,1,51,0,9,50,30,21,59,12
8,8,11,82,31,209,108,467,6302,302,99,145,172,235,39,239,164,14,775,209,346,175,58,2966,711,37,2942,379,104,422,154,150,90,65,759,1856,8052,70,10085,510,166,111,386,321,23,46,149,2065,137,54,9,14,19,12,16,41,25,34,9,217,35,10,8,11,35,7,31,4,57,38,7,17,12,49,4,7,21,14,12,3,4,25,15,12,14,5,755,95,18,11,52,33,20,2,10,78,14,7,19,9
3,2,1,21,1,5,14,71,146,48,72,150,42,33,22,123,27,8,214,1691,72,281,1090,114,713,3529,1315,92,28,58,59,3118,1375,599,112,446,70,11311,128,77,19,25,114,11339,2657,174,1672,43,8,15,0,0,1,0,0,3,0,4,4,33,4,4,32,3,6,2,3,1,6,43,3,187,18,459,0,216,479,3,1,1,154,186,3,6,289,19,17,6,2,430,9,14,532,3,187,10,1,1,3,3
49,43,43,225,145,396,1491,89,699,642,143,95,25,416,78,462,72,7,569,66,519,333,90,4348,239,88,2253,45,134,607,133,205,150,75,6450,4649,10085,128,26708,137,258,198,451,385,52,14,170,8420,206,75,41,19,37,21,45,61,0,6,12,58,121,26,3,0,126,19,116,2,175,14,13,60,27,49,9,15,36,4,49,5,9,15,62,47,15,3,375,317,46,21,159,3,42,1,5,87,60,19,63,15
4,7,3,4,4,7,4,25,36,31,11,16,15,47,6,9,8,2,7,14,40,185,175,26,100,270,5508,16244,224,124,9,742,55,15979,8,32,510,77,137,43339,154,32,46,11209,67,2231,2431,54,5,23,0,0,0,1,1,0,0,0,0,4,6,0,3,1,0,0,0,0,0,2,1,92,0,36,0,78,449,1855,7,0,82,7,1,0,5,626,44,2,1,15,4,4358,589,362,97,9,0,2,9,0
535,598,607,789,197,183,244,78,41,18648,117,112,86,721,454,382,85,9,165,46,1112,25968,152,36,21,42,98,395,25078,9938,68,238,271,375,150,331,166,19,258,154,64081,13149,910,150,43,434,715,62,115,1105,6,9,5,3,3,8,0,1,0,4,15,0,0,0,15,3,13,1,28,5,1,15,3,13,1,4,6,2,9,1,3,1,7,9,3,11,43,41,5,4,32,11,13,2,3,16,4,2,13,5
129,161,157,349,36,62,93,75,40,14533,117,231,151,891,624,247,151,15,120,30,3335,1420,108,30,22,23,37,61,712,8081,116,247,414,113,88,253,111,25,198,32,13149,23052,2626,45,42,68,375,38,23,8674,0,1,1,1,1,6,0,0,0,5,7,3,1,0,1,0,8,0,14,0,0,5,4,5,0,1,5,0,5,0,4,0,6,1,5,2,27,27,2,3,11,1,5,0,2,6,5,1,4,0
81,36,22,3220,158,50,276,2495,159,1354,119,191,728,4369,6648,9832,553,607,1582,444,11004,596,112,48,99,210,131,39,305,4730,14193,1134,1380,188,622,1107,386,114,451,46,910,2626,40166,91,619,35,447,262,276,12436,9,14,8,11,16,25,4,3,4,16,61,9,3,0,46,5,44,1,69,25,2,22,7,88,6,7,18,1,17,2,2,22,24,13,20,2,153,130,10,20,61,0,23,1,8,46,25,6,31,7
6,7,8,28,14,20,23,103,418,85,86,130,65,56,15,59,18,3,157,385,89,909,1449,334,2007,8131,14462,629,141,157,26,7726,733,12505,128,414,321,11339,385,11209,150,45,91,40963,679,1237,6424,163,12,27,2,2,7,1,5,5,1,6,4,17,17,4,24,1,11,6,3,3,8,32,6,523,29,429,4,781,966,130,5,1,742,205,16,3,273,780,22,11,11,607,10,737,2000,97,612,7,4,4,19,6
4,1,1,46,5,2,12,891,211,99,125,388,328,182,82,188,65,16,146,4245,196,488,1151,33,444,2648,841,74,29,233,214,11834,10288,520,46,120,23,2657,52,67,43,42,619,679,10018,111,1802,13,16,64,1,1,3,0,2,2,13,5,3,83,3,3,62,11,4,4,3,1,24,256,0,141,41,1117,2,65,364,4,0,2,36,351,3,5,493,9,21,15,2,348,10,6,353,1,63,12,1,0,1,1
26,11,11,11,10,4,3,147,58,118,185,252,44,36,7,14,31,4,14,109,61,4053,4665,25,100,269,472,19222,673,160,10,375,146,3280,8,27,46,174,14,2231,434,68,35,1237,111,10187,11462,9,4,16,0,1,0,0,0,0,0,0,0,6,2,1,1,1,0,0,0,0,2,5,0,33,2,16,1,46,48,103,1,0,39,6,1,0,8,202,7,2,1,18,1,388,208,31,41,3,0,0,3,0
26,17,29,50,12,13,25,611,315,533,300,616,316,385,102,93,306,51,114,558,924,2554,8591,146,847,2646,3286,7212,615,1322,146,22861,11427,12538,68,222,149,1672,170,2431,715,375,447,6424,1802,11462,67982,64,33,339,0,0,1,0,3,4,1,2,4,20,8,3,16,0,4,5,2,1,8,40,5,352,26,292,2,510,564,177,7,1,514,148,10,5,179,856,12,6,4,424,12,737,1536,92,424,8,4,2,4,3
83,94,129,502,191,2233,2033,3,62,182,17,9,4,338,70,816,7,1,34,13,83,110,21,147,59,24,777,25,36,182,64,67,26,29,3967,399,2065,43,8420,54,62,38,262,163,13,9,64,8036,420,21,34,36,38,56,59,120,0,0,0,5,32,8,2,0,70,12,33,0,24,1,1,13,2,6,2,3,1,1,14,2,1,3,21,15,1,2,58,137,8,5,64,1,5,0,4,222,32,10,20,3
1362,236,323,717,3582,1685,218,28,11,60,3,5,7,17182,669,308,1,2,18,10,38,36,12,14,5,9,56,9,6883,1416,33,68,33,15,159,76,137,8,206,5,115,23,276,12,16,4,33,420,18501,34,3,7,9,9,8,18,0,0,0,0,11,0,0,1,20,2,20,1,10,1,1,8,2,1,1,0,1,0,7,1,2,1,3,6,1,0,14,33,5,1,21,1,1,0,0,29,10,4,6,4
15,29,29,381,20,14,28,169,25,6220,11,147,150,5639,7374,190,97,27,93,35,5688,249,52,14,28,21,21,33,137,4450,179,438,504,84,55,94,54,15,75,23,1105,8674,12436,27,64,16,339,21,34,15202,4,0,1,0,1,4,1,0,0,0,8,1,1,0,2,0,6,0,6,5,0,9,1,5,0,1,7,0,5,1,0,1,5,5,4,2,27,18,2,1,10,1,2,0,0,2,7,2,4,0
6,8,149,45,9,239,112,1,1,10,2,0,0,32,8,47,0,0,4,2,3,5,1,0,2,1,3,0,2,15,0,0,3,1,56,10,9,0,41,0,6,0,9,2,1,0,0,34,3,4,39007,17352,5941,16199,13406,5198,1,4,4,4,303,11,8,3,11469,94,344,1,46,11,7,495,13,26,3,78,7,22,1570,4,28,25,1100,77,43,22,58,290,24,19,157,2,27,11,9,379,11667,463,333,25
36,68,1173,140,74,55,262,0,0,3,0,0,0,26,4,34,0,0,1,1,3,8,0,1,3,0,1,0,2,6,1,1,1,0,54,8,14,0,19,0,9,1,14,2,1,1,0,36,7,0,17352,94975,12391,24335,3978,15358,1,2,9,4,758,9,3,2,12133,134,283,3,39,14,6,596,9,10,3,37,5,8,713,8,15,12,781,73,30,10,21,207,12,20,61,0,12,4,7,260,1550,453,819,29
7,7,19,42,15,23,95,1,5,9,3,1,0,28,13,30,0,0,2,5,1,2,0,1,5,0,2,0,1,18,1,3,1,0,56,9,19,1,37,0,5,1,8,7,3,0,1,38,9,1,5941,12391,32858,5535,3183,22115,44,36,86,23,771,80,26,43,22018,5392,7649,24,578,127,44,244,27,125,37,237,17,13,537,146,64,119,873,997,232,24,82,1123,125,184,154,3,136,4,35,276,1333,235,795,80
28,48,1050,183,157,2142,1351,0,0,7,1,0,0,26,10,34,0,0,2,0,0,3,1,0,0,1,3,0,2,7,3,2,2,1,52,7,12,0,21,1,3,1,11,1,0,0,0,56,9,0,16199,24335,5535,39129,19193,26880,2,2,1,2,262,6,1,1,767,39,89,0,18,1,3,182,3,5,1,6,0,3,181,4,2,4,217,29,9,7,12,194,10,7,56,0,8,2,2,452,331,143,269,19
17,22,36,81,27,174,205,0,1,7,0,1,1,48,6,63,0,0,1,2,4,5,1,1,3,0,4,0,7,12,1,3,2,0,88,7,16,0,45,1,3,1,16,5,2,0,3,59,8,1,13406,3978,3183,19193,27287,7567,1,4,3,11,359,29,1,1,1873,101,154,0,46,4,12,242,46,79,3,13,24,6,251,2,6,5,289,31,7,6,140,818,39,11,512,5,12,1,4,3099,3776,189,368,26
40,34,94,191,33,268,1938,0,3,29,1,0,0,77,26,144,1,0,5,2,6,12,0,1,3,4,5,0,6,21,12,2,6,0,164,38,41,3,61,0,8,6,25,5,2,0,4,120,18,4,5198,15358,22115,26880,7567,40190,13,19,17,28,1508,88,13,13,6383,313,4592,9,202,40,37,348,62,84,28,120,19,7,491,33,34,50,697,264,81,16,115,2559,97,70,422,0,79,3,18,1560,1121,363,1205,112
0,0,0,0,0,0,1,94,536,0,1,5,21,1,0,5,1,1,14,155,2,6,2,8,77,0,4,0,1,0,3,2,31,0,1,10,25,0,0,0,0,0,4,1,13,0,1,0,0,1,1,1,44,2,1,13,3008,8761,474,1209,37,238,100,4012,70,69,81,196,242,2651,26,169,61,234,40,45,27,10,12,108,15,3891,38,194,555,5,256,15,72,24,11,2,11,2,16,7,11,8,24,15
0,0,0,0,0,1,1,104,479,3,4,3,23,1,2,0,11,0,30,52,5,3,4,18,39,5,2,0,0,3,1,6,18,1,5,21,34,4,6,0,1,0,3,6,5,0,2,0,0,0,4,2,36,2,4,19,8761,30961,3923,4642,284,1708,1425,2447,72,48,229,7099,722,3374,970,1019,143,203,172,137,38,24,17,372,89,1034,29,326,834,46,1038,51,100,114,29,5,84,17,170,21,9,4,43,33
0,0,0,2,0,0,0,15,52,4,4,6,1,0,0,6,5,2,26,7,6,2,2,6,12,0,1,0,1,3,1,3,4,0,2,23,9,4,12,0,0,0,4,4,3,0,4,0,0,0,4,9,86,1,3,17,474,3923,4763,3449,456,1557,802,650,134,129,992,2763,3109,422,584,719,51,205,663,80,19,12,15,2437,105,506,44,631,371,46,403,92,290,43,35,8,39,7,124,4,16,17,68,65
0,0,1,3,1,3,2,774,4294,18,16,47,266,10,3,28,37,7,190,1020,33,25,18,139,944,8,71,2,2,18,10,43,265,2,27,148,217,33,58,4,4,5,16,17,83,6,20,5,0,0,4,4,23,2,11,28,1209,4642,3449,37306,486,2848,2351,2512,45,41,114,1187,3983,6645,1220,2257,6302,10092,132,177,570,58,26,108,134,1652,70,77,798,79,8184,281,104,192,148,31,324,46,269,98,6,30,125,78
6,6,6,29,12,6,47,6,20,19,4,3,4,73,14,65,3,1,32,13,17,17,3,10,4,3,9,0,12,62,17,15,4,3,72,75,35,4,121,6,15,7,61,17,3,2,8,32,11,8,303,758,771,262,359,1508,37,284,456,486,38243,4947,2085,149,901,612,1107,543,1633,82,5256,1685,157,134,496,366,96,189,261,254,310,285,386,456,148,361,672,1424,1212,66,1104,42,244,91,504,574,188,16961,26665,7073
2,0,0,4,4,2,9,13,55,7,0,1,4,10,1,13,3,1,12,17,7,2,4,3,14,4,4,0,1,7,3,7,9,1,12,22,10,4,26,0,0,3,9,4,3,1,3,8,0,1,11,9,80,6,29,88,238,1708,1557,2848,4947,7633,9182,651,106,106,360,1552,1581,294,4420,7910,226,263,497,35,56,52,39,440,40,500,104,246,85,66,576,348,277,58,284,7,108,29,151,97,26,52,381,231
1,0,0,0,0,0,0,9,67,1,0,10,7,2,2,2,0,1,9,69,1,9,18,6,154,7,30,1,0,2,2,29,65,2,1,8,8,32,3,3,0,1,3,24,62,1,16,2,0,1,8,3,26,1,1,13,100,1425,802,2351,2085,9182,21971,8112,45,126,153,5196,610,511,5405,8242,221,2314,816,68,317,78,22,803,122,10142,109,231,245,125,400,101,510,229,42,19,510,65,923,13,8,33,359,357
0,0,0,0,0,0,0,43,203,0,0,0,18,0,0,1,0,1,5,101,0,1,1,7,90,3,2,0,0,1,0,5,37,0,2,8,11,3,0,1,0,0,0,1,11,1,0,0,1,0,3,2,43,1,1,13,4012,2447,650,2512,149,651,8112,21891,98,142,175,5639,380,884,711,478,78,1068,154,25,54,10,11,339,119,10258,92,356,192,24,212,38,248,20,15,0,43,11,240,3,16,13,74,88
24,25,24,95,41,30,141,3,5,27,5,1,1,121,14,105,1,1,5,3,7,20,2,4,16,10,6,0,8,35,9,8,7,2,142,62,35,6,126,0,15,1,46,11,4,0,4,70,20,2,11469,12133,22018,767,1873,6383,70,72,134,45,901,106,45,98,59083,12842,3345,28,489,146,41,542,25,96,97,951,52,45,4994,184,340,473,18631,2838,791,151,135,1059,701,316,373,11,217,18,107,347,7674,604,2230,867
1,3,5,9,4,0,16,2,3,6,1,0,0,14,3,10,1,0,5,2,2,1,0,0,5,4,6,0,7,14,1,6,3,1,23,20,7,2,19,0,3,0,5,6,4,0,5,12,2,0,94,134,5392,39,101,313,69,48,129,41,612,106,126,142,12842,30436,3043,80,417,95,169,259,15,64,289,815,39,78,465,421,659,646,6834,11271,744,309,90,345,6879,171,132,16,143,15,328,69,325,158,5573,6569
9,15,7,62,11,11,63,8,20,32,4,0,1,86,10,79,0,0,11,7,8,13,2,5,9,0,5,0,10,58,11,4,3,0,117,51,31,3,116,0,13,8,44,3,3,0,2,33,20,6,344,283,7649,89,154,4592,81,229,992,114,1107,360,153,175,3345,3043,25994,359,6486,268,161,360,46,187,562,215,21,6,337,6904,115,304,613,8000,299,28,157,5890,694,153,277,1,113,5,71,186,567,233,801,160
0,0,0,0,0,0,0,7,27,1,1,1,1,2,1,4,2,0,7,4,3,0,1,2,3,1,0,0,0,0,0,0,3,0,4,4,4,1,2,0,1,0,1,3,1,0,1,0,1,0,1,3,24,0,0,9,196,7099,2763,1187,543,1552,5196,5639,28,80,359,7377,967,59,9998,470,94,90,1567,15,18,10,9,3280,29,301,66,268,25,26,291,59,489,7,23,3,23,9,109,11,4,11,205,250
2,6,5,23,4,11,32,27,105,39,20,8,13,65,9,85,12,3,107,51,40,28,5,34,77,1,13,0,22,96,31,12,43,4,91,164,57,6,175,0,28,14,69,8,24,2,8,24,10,6,46,39,578,18,46,202,242,722,3109,3983,1633,1581,610,380,489,417,6486,967,20481,893,946,687,2926,1913,1085,129,137,19,122,3990,120,544,309,1831,364,44,1369,3352,1141,126,482,16,194,13,127,152,121,142,578,272
1,0,1,3,0,1,0,194,1007,3,10,63,161,15,7,18,3,1,55,892,9,16,29,41,1238,14,78,2,1,13,12,63,600,4,9,64,38,43,14,2,5,0,25,32,256,5,40,1,1,5,11,14,127,1,4,40,2651,3374,422,6645,82,294,511,884,146,95,268,59,893,17690,53,669,122,5672,42,412,288,17,26,90,118,6379,51,326,5852,39,260,150,60,4653,31,5,846,10,154,19,28,10,46,10
0,0,0,4,0,1,1,11,21,4,2,1,1,4,2,8,4,0,7,2,2,1,1,2,4,3,2,1,0,1,3,6,0,2,4,13,7,3,13,1,1,0,2,6,0,0,5,1,1,0,7,6,44,3,12,37,26,970,584,1220,5256,4420,5405,711,41,169,161,9998,946,53,12960,887,240,99,3241,73,33,72,31,2293,137,243,169,120,34,141,573,323,971,21,248,21,79,38,283,61,14,84,1126,5930
0,1,7,10,6,4,20,21,95,15,8,14,16,21,6,25,2,2,21,81,15,36,77,16,200,311,299,18,8,29,6,466,117,99,38,45,17,187,60,92,15,5,22,523,141,33,352,13,8,9,495,596,244,182,242,348,169,1019,719,2257,1685,7910,8242,478,542,259,360,470,687,669,887,40443,235,2735,276,1224,3298,5323,1598,294,1184,10142,1667,408,543,4451,368,307,417,1696,204,963,5907,7339,13738,121,470,1773,1602,297
1,0,0,5,1,0,7,37,109,12,7,8,12,9,0,12,8,0,35,68,10,10,9,15,139,14,47,2,2,8,5,32,46,6,13,41,12,18,27,0,3,4,7,29,41,2,26,2,2,1,13,9,27,3,46,62,61,143,51,6302,157,226,221,78,25,15,46,94,2926,122,240,235,5846,3702,78,121,404,11,11,33,116,286,34,27,151,27,3543,1211,62,117,868,37,325,2,100,269,18,12,84,39
3,0,3,10,2,2,11,138,1317,17,17,147,225,22,7,46,13,1,111,1481,31,60,248,130,3553,152,525,24,3,38,34,521,1558,53,28,211,49,459,49,36,13,5,88,429,1117,16,292,6,1,5,26,10,125,5,79,84,234,203,205,10092,134,263,2314,1068,96,64,187,90,1913,5672,99,2735,3702,16819,43,1036,10932,168,23,39,721,6490,41,104,2854,212,1653,499,80,1815,729,614,3667,57,985,496,59,11,61,24
0,0,0,1,1,1,0,3,3,5,1,2,0,4,0,3,2,0,13,1,4,1,0,2,3,0,0,0,1,8,0,2,1,0,6,6,4,0,9,0,1,0,6,4,2,1,2,2,1,0,3,3,37,1,3,28,40,172,663,132,496,497,816,154,97,289,562,1567,1085,42,3241,276,78,43,4272,89,26,21,30,4765,202,387,168,1547,124,75,328,294,4954,25,206,8,46,26,213,48,10,36,658,1556
1,0,0,2,0,1,1,8,42,2,3,13,3,2,2,7,3,2,5,31,5,44,116,26,117,485,418,37,8,8,2,814,54,165,7,19,7,216,15,78,4,1,7,781,65,46,510,3,0,1,78,37,237,6,13,120,45,137,80,177,366,35,68,25,951,815,215,15,129,412,73,1224,121,1036,89,35513,3295,573,300,101,12416,443,1392,734,8568,6888,133,60,428,10114,71,383,17066,76,946,87,208,166,899,291
0,0,1,4,0,1,1,23,261,8,4,22,21,3,2,15,7,0,28,130,11,46,228,64,855,516,768,61,4,5,6,774,288,164,10,71,21,479,36,449,6,5,18,966,364,48,564,1,1,7,7,5,17,0,24,19,27,38,19,570,96,56,317,54,52,39,21,18,137,288,33,3298,404,10932,26,3295,14903,1113,35,17,3044,1440,84,56,1555,990,1211,96,60,1706,286,8121,15812,99,2413,270,22,20,98,35
0,0,0,0,0,0,0,1,0,1,0,1,0,2,0,1,0,0,1,1,0,7,10,0,5,27,56,275,5,1,0,52,1,320,2,0,14,3,4,1855,2,0,1,130,4,103,177,1,0,0,22,8,13,3,6,7,10,24,12,58,189,52,78,10,45,78,6,10,19,17,72,5323,11,168,21,573,1113,50125,1597,18,312,57,229,41,30,13652,117,10,93,50,37,15867,1657,23273,1190,31,40,345,271,84
4,7,3,14,5,11,28,1,2,11,4,0,0,36,5,33,0,0,5,2,4,7,1,1,1,0,5,0,4,16,4,1,1,5,55,20,12,1,49,7,9,5,17,5,0,1,7,14,7,5,1570,713,537,181,251,491,12,17,15,26,261,39,22,11,4994,465,337,9,122,26,31,1598,11,23,30,300,35,1597,117167,32,119,101,15667,294,199,470,97,284,129,45,147,168,115,487,142,77,15775,23219,1109,80
2,0,0,1,1,0,0,1,4,3,0,0,0,3,0,4,0,0,3,4,4,0,0,2,7,0,0,0,0,5,1,2,3,1,3,13,3,1,5,0,1,0,2,1,2,0,1,2,1,1,4,8,146,4,2,33,108,372,2437,108,254,440,803,339,184,421,6904,3280,3990,90,2293,294,33,39,4765,101,17,18,32,10735,165,508,159,6054,239,52,144,169,1862,32,72,6,30,12,186,17,25,28,290,472
0,0,0,0,0,0,1,2,15,4,4,9,3,5,0,5,0,0,3,17,5,39,87,8,66,450,372,27,7,7,3,736,28,168,4,5,4,154,9,82,3,4,2,742,36,39,514,1,2,0,28,15,64,2,6,34,15,89,105,134,310,40,122,119,340,659,115,29,120,118,137,1184,116,721,202,12416,3044,312,119,165,24942,1278,656,597,4022,7380,122,46,585,941,68,341,6601,368,10563,54,56,64,647,368
0,0,0,3,0,0,4,56,328,6,5,38,37,12,1,19,4,2,26,445,15,17,92,27,773,70,192,5,1,10,5,227,440,22,12,45,25,186,15,7,1,0,22,205,351,6,148,3,1,1,25,12,119,4,5,50,3891,1034,506,1652,285,500,10142,10258,473,646,304,301,544,6379,243,10142,286,6490,387,443,1440,57,101,508,1278,19734,487,1048,12067,197,195,107,811,1724,56,19,2222,70,6659,44,62,48,380,287
2,4,3,20,7,8,25,4,4,19,3,1,0,40,8,37,0,0,12,3,7,12,2,3,5,7,6,0,7,32,7,11,1,4,44,34,15,3,62,1,7,6,24,16,3,1,10,21,3,5,1100,781,873,217,289,697,38,29,44,70,386,104,109,92,18631,6834,613,66,309,51,169,1667,34,41,168,1392,84,229,15667,159,656,487,82480,1827,709,437,192,485,1285,83,314,40,193,54,295,155,4174,13214,15744,1906
2,1,2,13,6,1,13,2,11,14,2,3,0,27,2,30,0,0,6,10,6,14,2,3,12,12,5,0,5,38,6,6,6,1,43,43,12,6,47,0,9,1,13,3,5,0,5,15,6,5,77,73,997,29,31,264,194,326,631,77,456,246,231,356,2838,11271,8000,268,1831,326,120,408,27,104,1547,734,56,41,294,6054,597,1048,1827,20898,1175,208,171,639,6071,292,308,12,174,16,298,93,267,135,1342,909
0,0,0,3,2,3,5,39,198,5,4,35,54,8,6,15,5,1,28,431,16,30,162,41,845,83,238,8,0,10,6,323,585,21,16,61,14,289,15,5,3,5,20,273,493,8,179,1,1,4,43,30,232,9,7,81,555,834,371,798,148,85,245,192,791,744,299,25,364,5852,34,543,151,2854,124,8568,1555,30,199,239,4022,12067,709,1175,30826,215,74,69,453,5879,46,12,2154,19,582,29,105,72,377,139
0,1,0,1,0,2,0,2,4,3,1,5,0,2,0,0,0,1,2,7,4,42,55,2,18,193,97,113,16,3,0,453,6,876,0,2,5,19,3,626,11,2,2,780,9,202,856,2,0,2,22,10,24,7,6,16,5,46,46,79,361,66,125,24,151,309,28,26,44,39,141,4451,27,212,75,6888,990,13652,470,52,7380,197,437,208,215,62537,46,14,280,136,29,3803,7804,9935,8288,18,59,217,516,237
8,9,10,37,9,15,62,305,2315,113,46,56,98,139,22,131,70,14,317,211,100,70,13,191,225,15,36,7,28,167,55,21,61,6,200,397,755,17,375,44,43,27,153,22,21,7,12,58,14,27,58,21,82,12,140,115,256,1038,403,8184,672,576,400,212,135,90,157,291,1369,260,573,368,3543,1653,328,133,1211,117,97,144,122,195,192,171,74,46,3615,1857,597,51,3836,505,335,11,89,1585,80,92,400,185
30,30,46,147,36,48,238,13,24,54,12,8,7,235,43,207,4,0,50,9,33,59,1,17,35,7,21,0,42,202,50,11,18,4,316,216,95,6,317,2,41,27,130,11,15,2,6,137,33,18,290,207,1123,194,818,2559,15,51,92,281,1424,348,101,38,1059,345,5890,59,3352,150,323,307,1211,499,294,60,96,10,284,169,46,107,485,639,69,14,1857,11037,934,59,6491,10,100,10,51,3223,382,227,854,299
0,1,0,7,3,7,9,4,4,9,6,1,0,16,2,23,1,0,18,3,7,9,1,3,3,3,7,0,2,27,6,2,4,2,23,39,18,2,46,1,5,2,10,11,2,1,4,8,5,2,24,12,125,10,39,97,72,100,290,104,1212,277,510,248,701,6879,694,489,1141,60,971,417,62,80,4954,428,60,93,129,1862,585,811,1285,6071,453,280,597,934,23421,75,643,13,124,34,488,202,70,129,3345,8636
0,0,1,2,0,1,2,10,53,7,7,20,9,2,1,12,2,1,19,74,7,49,203,40,351,312,485,20,1,8,5,563,255,72,11,45,11,430,21,15,4,3,20,607,348,18,424,5,1,1,19,20,184,7,11,70,24,114,43,192,66,58,229,20,316,171,153,7,126,4653,21,1696,117,1815,25,10114,1706,50,45,32,941,1724,83,292,5879,136,51,59,75,18920,35,30,11603,26,885,31,45,20,95,32
12,8,13,71,23,23,88,1,8,49,2,3,0,102,19,100,1,0,10,9,17,24,2,8,10,2,8,1,15,83,18,11,7,2,144,82,52,9,159,4,32,11,61,10,10,1,12,64,21,10,157,61,154,56,512,422,11,29,35,148,1104,284,42,15,373,132,277,23,482,31,248,204,868,729,206,71,286,37,147,72,68,56,314,308,46,29,3836,6491,643,35,10977,130,151,4,64,8499,264,183,561,227
0,0,0,1,0,1,1,3,3,6,3,0,2,0,0,1,0,0,0,3,0,41,27,2,10,140,155,548,9,5,0,230,4,1377,0,1,33,14,3,4358,11,1,0,737,6,388,737,1,1,1,2,0,3,0,5,0,2,5,8,31,42,7,19,0,11,16,1,3,16,5,21,963,37,614,8,383,8121,15867,168,6,341,19,40,12,12,3803,505,10,13,30,130,36704,13394,955,426,119,10,41,50,18
1,0,0,2,1,3,3,20,88,17,9,28,11,8,3,10,9,1,17,83,13,109,272,35,425,1083,966,131,16,16,7,1780,231,742,10,51,20,532,42,589,13,5,23,2000,353,208,1536,5,1,2,27,12,136,8,12,79,11,84,39,324,244,108,510,43,217,143,113,23,194,846,79,5907,325,3667,46,17066,15812,1657,115,30,6601,2222,193,174,2154,7804,335,100,124,11603,151,13394,54327,381,4032,190,42,60,225,83
0,0,0,0,0,0,0,0,2,1,0,0,0,0,0,0,0,0,0,2,1,5,3,0,4,9,17,43,4,0,0,27,0,188,0,0,2,3,1,362,2,0,1,97,1,31,92,0,0,0,11,4,4,2,1,3,2,17,7,46,91,29,65,11,18,15,5,9,13,10,38,7339,2,57,26,76,99,23273,487,12,368,70,54,16,19,9935,11,10,34,26,4,955,381,22600,6805,4,15,135,60,32
1,0,0,0,0,1,0,8,25,4,0,2,7,0,0,2,1,0,7,33,1,31,74,10,87,334,279,25,3,6,1,524,44,172,3,9,10,187,5,97,3,2,8,612,63,41,424,4,0,0,9,7,35,2,4,18,16,170,124,269,504,151,923,240,107,328,71,109,127,154,283,13738,100,985,213,946,2413,1190,142,186,10563,6659,295,298,582,8288,89,51,488,885,64,426,4032,6805,31716,51,29,74,482,251
39,51,73,208,45,117,431,3,8,23,5,1,2,100,20,155,0,1,5,2,3,20,2,2,11,5,11,1,6,31,14,8,7,1,229,50,78,10,87,9,16,6,46,7,12,3,8,222,29,2,379,260,276,452,3099,1560,7,21,4,98,574,97,13,3,347,69,186,11,152,19,61,121,269,496,48,87,270,31,77,17,54,44,155,93,29,18,1585,3223,202,31,8499,119,190,4,51,8881,548,59,331,85
5,10,11,31,16,16,57,0,4,12,3,0,0,46,5,32,1,0,4,1,6,4,2,0,1,1,1,0,2,32,9,4,0,2,61,30,14,1,60,0,4,5,25,4,1,0,4,32,10,7,11667,1550,1333,331,3776,1121,11,9,16,6,188,26,8,16,7674,325,567,4,121,28,14,470,18,59,10,208,22,40,15775,25,56,62,4174,267,105,59,80,382,70,45,264,10,42,15,29,548,38668,615,572,36
2,1,0,9,1,3,12,0,2,6,2,2,0,21,7,20,1,0,1,1,2,4,0,2,0,1,0,0,2,15,3,0,0,0,24,21,7,1,19,2,2,1,6,4,0,0,2,10,4,2,463,453,235,143,189,363,8,4,17,30,16961,52,33,13,604,158,233,11,142,10,84,1773,12,11,36,166,20,345,23219,28,64,48,13214,135,72,217,92,227,129,20,183,41,60,135,74,59,615,41924,7968,327
7,7,8,16,8,7,26,7,11,21,4,1,0,49,3,40,1,0,11,4,13,19,2,3,6,4,11,1,6,36,8,11,1,10,60,59,19,3,63,9,13,4,31,19,1,3,4,20,6,4,333,819,795,269,368,1205,24,43,68,125,26665,381,359,74,2230,5573,801,205,578,46,1126,1602,84,61,658,899,98,271,1109,290,647,380,15744,1342,377,516,400,854,3345,95,561,50,225,60,482,331,572,7968,22509,8362
0,2,0,2,0,1,6,2,3,3,2,0,0,11,0,11,0,0,4,2,3,6,1,1,0,2,4,0,4,12,0,5,0,1,16,12,9,3,15,0,5,0,7,6,1,0,3,3,4,0,25,29,80,19,26,112,15,33,65,78,7073,231,357,88,867,6569,160,250,272,10,5930,297,39,24,1556,291,35,84,80,472,368,287,1906,909,139,237,185,299,8636,32,227,18,83,32,251,85,36,327,8362,11316
