9776,6924,7166,343,7245,624,40,0,0,76,5,0,0,13295,2,9,0,0,0,1,0,24,0,2,0,0,0,0,7,27,1,0,0,0,0,0,11,1,1,0,5,59,2,0,0,0,0,5,409,85,0,1,2,0,1,1,0,0,0,0,1,0,0,0,0,0,2,0,0,0,0,0,0,0,0,0,0,0,0,1,0,0,0,0,0,0,2,1,0,0,0,0,0,0,0,11,0,0,0,0
6924,28566,10919,10949,541,110,301,0,0,843,50,0,0,4849,573,115,0,1,0,13,0,63,0,4,1,0,1,0,27,62,28,0,0,0,15,3,24,2,20,0,36,225,56,0,0,0,0,24,237,343,1,8,6,2,2,4,0,0,1,0,4,0,0,0,3,2,5,0,2,0,0,0,0,0,0,0,0,0,0,2,0,0,0,0,0,0,0,4,0,0,0,0,0,0,0,32,0,0,1,1
7166,10919,20767,6275,6156,5413,4079,0,0,859,49,0,0,873,1,18,0,0,0,1,0,90,0,11,0,0,1,0,17,24,2,0,0,0,10,1,28,0,26,0,11,168,0,0,0,0,0,175,154,146,47,442,5,1058,17,19,0,0,0,0,2,0,0,0,7,1,0,0,0,0,0,1,0,0,0,0,0,0,0,0,0,0,2,1,0,0,0,0,0,0,1,0,0,0,0,16,1,0,0,0
343,10949,6275,42142,398,3058,17406,7,7,3333,470,0,5,3344,5240,8134,3,67,5,83,8,285,0,39,3,1,8,0,93,207,424,0,1,0,42,3,374,21,120,0,63,1003,2352,5,0,0,0,385,406,6491,11,72,119,20,62,101,0,0,1,3,33,3,0,0,37,23,82,1,6,0,0,18,2,0,0,0,0,0,5,15,0,0,7,2,0,0,36,60,2,0,8,0,0,0,0,944,9,2,17,3
7245,541,6156,398,21017,13035,57,0,0,69,11,0,1,10143,8,40,0,0,0,7,0,85,0,2,0,0,0,0,40,102,19,0,0,0,11,4,38,1,32,0,19,213,11,0,0,0,0,357,6445,415,0,5,7,0,0,4,0,0,0,0,0,0,0,0,0,0,4,0,0,0,0,0,0,0,0,0,0,0,0,2,0,0,2,0,0,0,0,2,0,0,2,0,0,0,0,28,1,0,1,1
624,110,5413,3058,13035,21679,4963,1,3,101,46,1,1,346,2,164,0,1,1,8,1,31,0,35,6,0,4,0,6,6,9,2,0,0,244,19,35,5,263,0,2,37,6,8,0,0,0,2910,2602,61,0,6,3,688,125,33,0,0,0,0,0,1,0,0,1,1,1,0,0,0,0,0,0,0,0,0,0,0,0,0,0,0,0,1,0,0,1,0,0,0,1,0,0,0,0,64,0,0,0,0
40,301,4079,17406,57,4963,21162,5,35,370,306,3,2,99,34,3825,3,23,11,70,10,65,2,160,50,3,48,0,4,5,87,3,9,0,5666,242,717,31,1779,0,10,110,148,55,0,0,2,1924,47,87,11,106,131,83,119,821,0,0,0,0,27,5,0,0,26,24,37,0,3,1,1,11,5,0,0,0,0,0,1,7,0,0,2,2,0,0,47,32,0,0,7,0,0,0,0,2187,12,0,9,1
0,0,0,7,0,1,5,30610,4243,56,1692,584,7573,3,3,335,2585,22861,658,18316,100,451,439,3711,107,49,232,8,5,0,1517,164,928,12,38,26,552,2460,18,8,0,32,202,121,937,56,118,7,2,333,0,0,0,0,0,0,0,0,0,0,0,0,0,0,0,0,0,0,0,0,0,0,0,0,0,0,0,0,0,0,0,0,0,0,0,0,0,0,0,1,0,0,0,0,0,0,0,0,0,0
0,0,0,7,0,3,35,4243,58951,37,1109,644,1868,2,0,493,596,656,4013,9165,203,313,295,15417,9038,64,2424,8,4,0,18,84,673,5,212,344,4854,157,238,13,0,4,2,380,95,29,73,23,0,4,0,0,0,0,0,0,0,0,0,293,2,0,0,0,1,1,0,0,1,0,0,0,7,0,0,0,3,0,0,0,0,0,0,0,0,0,5,0,0,0,0,0,1,0,0,4,0,0,0,0
76,843,859,3333,69,101,370,56,37,34976,2865,1673,929,508,125,942,487,59,130,108,2326,3316,473,218,35,308,205,6,106,69,493,807,1360,18,424,98,1653,509,879,17,23804,29139,2383,123,39,64,186,168,94,12875,3,10,24,4,12,19,0,4,1,4,56,13,0,1,17,10,59,0,47,2,4,18,9,0,2,0,0,0,2,35,0,0,7,9,0,0,55,52,11,0,21,0,1,0,0,62,6,1,37,7
5,50,49,470,11,46,306,1692,1109,2865,5962,11235,3551,135,55,1442,2405,502,1122,929,2427,2331,3097,1428,85,113,428,11,18,15,411,442,3063,33,755,276,884,187,1082,30,4,55,481,185,13,182,363,322,51,133,1,2,6,1,4,6,0,0,0,0,7,2,0,0,8,4,23,0,9,2,0,7,1,1,0,0,0,0,2,9,0,0,2,1,0,0,11,14,2,0,6,0,0,0,0,30,1,0,6,2
0,0,0,0,0,1,3,584,644,1673,11235,29910,17364,0,0,158,5033,380,385,801,4847,722,2992,1155,87,31,341,3,4,0,133,163,16772,13,30,67,159,156,152,14,6,11,23,111,8,45,175,5,0,7,0,0,0,0,0,0,0,0,0,0,1,0,0,0,0,0,0,0,0,0,0,0,0,0,0,0,0,0,0,0,0,0,0,0,0,1,1,0,0,0,0,0,0,0,0,0,0,0,0,0
0,0,0,5,1,1,2,7573,1868,929,3551,17364,19748,1,1,39,10543,2136,100,8997,2239,334,1544,961,111,138,538,4,1,1,2060,375,18791,4,11,12,233,1605,43,4,1,418,400,111,1792,46,101,1,0,1552,0,0,0,0,0,0,0,0,0,3,0,0,0,0,0,0,0,0,0,0,0,0,0,0,0,0,0,0,0,0,0,0,0,0,0,0,0,0,0,0,0,0,0,0,0,0,0,0,0,0
13295,4849,873,3344,10143,346,99,3,2,508,135,0,1,52564,7579,1150,1,39,3,87,1,1023,4,5,0,3,4,1,2010,20767,430,2,1,0,76,23,106,19,100,0,1095,9275,733,6,0,1,0,48,15364,13057,5,19,27,2,8,23,0,0,0,0,9,0,0,0,10,1,24,0,2,0,0,3,1,0,0,0,0,0,2,7,0,0,1,1,0,0,14,23,1,0,5,0,0,0,0,107,3,1,5,0
2,573,1,5240,8,2,34,3,0,125,55,0,1,7579,5016,1239,0,30,0,42,1,85,0,3,1,0,1,0,44,345,648,1,1,0,5,0,26,7,11,0,20,354,7539,2,0,0,0,5,114,8092,0,0,2,0,0,2,0,0,0,0,0,0,0,0,0,1,3,1,0,0,0,0,0,0,0,0,0,0,0,0,0,0,0,0,0,0,2,3,0,0,0,0,0,0,0,7,0,0,0,0
9,115,18,8134,40,164,3825,335,493,942,1442,158,39,1150,1239,23723,130,1191,13300,1167,117,112,47,403,190,26,148,0,32,90,7077,38,40,1,4230,3935,1036,213,1143,1,33,376,4652,255,5,3,11,767,113,791,3,14,20,5,17,30,0,2,0,5,26,6,0,0,12,7,52,0,18,4,0,8,9,1,0,0,0,0,3,29,0,0,3,5,0,0,25,37,0,0,11,0,0,0,0,133,2,3,14,5
0,0,0,3,0,0,3,2585,596,487,2405,5033,10543,1,0,130,9136,3832,458,109,18816,120,296,1643,14,4,32,0,0,0,1744,24,466,2,39,65,204,18,147,2,1,22,78,9,2,7,23,5,0,22,0,0,0,0,0,0,0,0,0,0,0,0,0,0,1,0,0,0,0,0,0,0,0,0,0,0,0,0,0,0,0,0,0,0,0,0,2,0,0,0,0,0,0,0,0,0,0,0,0,0
0,1,0,67,0,1,23,22861,656,59,502,380,2136,39,30,1191,3832,778,383,1796,602,65,32,1687,3,1,12,0,0,4,4333,6,33,1,39,26,296,145,41,0,1,30,1414,2,6,1,1,4,5,361,0,0,0,0,0,0,0,0,0,0,0,0,0,0,0,0,0,0,0,0,0,0,0,0,0,0,1,0,0,0,0,0,0,0,0,0,2,0,0,0,0,0,0,0,0,0,0,0,0,0
0,0,0,5,0,1,11,658,4013,130,1122,385,100,3,0,13300,458,383,7528,127,262,116,33,890,64,0,41,1,0,0,1659,5,40,0,75,2435,841,25,171,0,0,5,27,41,1,1,3,8,1,6,0,0,1,0,0,0,0,0,0,0,2,2,0,0,0,0,1,0,2,1,0,0,1,0,0,0,0,0,0,0,0,0,0,0,0,0,4,2,0,0,0,0,0,0,0,1,0,0,1,0
1,13,1,83,7,8,70,18316,9165,108,929,801,8997,87,42,1167,109,1796,127,22048,61,535,1610,1114,7037,232,7288,20,14,6,179,511,7108,27,255,99,1002,3946,105,42,4,66,465,3627,6192,177,359,39,14,212,0,0,0,0,0,1,0,0,0,1,0,0,0,0,2,0,0,0,0,0,0,0,0,0,0,2,4,0,0,1,0,0,0,0,0,0,5,0,0,0,1,0,0,0,1,3,0,0,0,0
0,0,0,8,0,1,10,100,203,2326,2427,4847,2239,1,1,117,18816,602,262,61,23993,106,185,707,25,94,78,1,1,0,6673,155,1090,1,40,77,199,249,325,4,0,144,10840,40,16,13,28,6,0,3879,0,0,1,0,0,0,0,0,0,0,2,0,0,0,0,0,1,0,0,0,0,1,0,0,0,0,0,0,0,0,0,0,0,0,0,0,1,0,0,0,0,0,0,0,0,3,0,0,0,0
24,63,90,285,85,31,65,451,313,3316,2331,722,334,1023,85,112,120,65,116,535,106,13700,3650,190,69,102,451,1390,6235,1725,121,198,370,248,55,35,780,144,210,170,22591,2268,28,301,6,5028,657,30,343,509,0,1,10,1,6,5,0,1,4,0,21,9,0,0,4,4,23,2,26,0,0,16,5,0,0,2,1,1,2,20,2,0,3,2,0,4,28,22,3,0,8,1,1,1,1,15,2,3,9,3
0,0,0,0,0,0,2,439,295,473,3097,2992,1544,4,0,47,296,32,33,1610,185,3650,12703,149,268,1080,4056,902,18,0,10,7908,20052,862,23,4,30,1139,29,721,0,36,15,1994,69,6354,12057,2,1,28,0,0,0,0,0,0,0,0,0,0,0,0,1,0,0,0,0,0,0,0,0,5,0,0,0,10,5,0,0,0,5,0,0,0,0,2,1,0,0,0,0,3,1,2,2,2,0,0,0,0
2,4,11,39,2,35,160,3711,15417,218,1428,1155,961,5,3,403,1643,1687,890,1114,707,190,149,4381,1478,43,820,0,9,0,410,64,177,2,1144,6043,20881,89,15168,6,3,16,26,290,18,13,27,254,3,23,0,0,3,1,1,2,0,0,0,68,3,1,0,0,2,0,6,0,2,0,1,1,2,0,0,0,0,0,0,2,1,0,1,0,0,0,11,0,0,0,0,0,0,0,0,27,0,0,2,0
0,1,0,3,0,6,50,107,9038,35,85,87,111,0,1,190,14,3,64,7037,25,69,268,1478,16418,39,8275,0,2,0,3,63,744,2,280,113,34,680,174,6,0,21,6,1465,225,17,31,37,1,21,1,0,0,0,1,1,0,0,0,1,0,0,0,0,0,0,0,0,0,0,0,0,0,0,0,0,0,0,0,0,0,0,0,0,0,0,2,0,0,0,1,0,0,0,0,3,0,0,0,0
0,0,0,1,0,0,3,49,64,308,113,31,138,3,0,26,4,1,0,232,94,102,1080,43,39,32904,4552,102,1,1,0,20871,983,8200,22,3,2,6092,13,946,2,141,71,15101,2047,386,1112,1,0,146,0,0,0,0,0,0,0,0,0,0,0,0,0,0,0,0,0,0,0,0,1,1,0,0,0,9,4,2,0,0,11,0,0,0,0,11,0,0,0,1,0,4,5,0,7,0,0,0,0,0
0,1,1,8,0,4,48,232,2424,205,428,341,538,4,1,148,32,12,41,7288,78,451,4056,820,8275,4552,34409,208,2,0,3,4828,3106,588,205,88,738,6976,243,2788,0,71,32,15831,1373,494,3293,34,0,86,0,0,0,0,0,0,0,2,1,2,3,2,3,0,0,0,1,7,0,3,1,20,8,1,0,68,57,6,0,1,49,10,0,0,2,16,67,0,0,17,0,24,17,0,24,3,0,0,0,0
0,0,0,0,0,0,0,8,8,6,11,3,4,1,0,0,0,0,1,20,1,1390,902,0,0,102,208,67999,48,1,0,243,27,13469,0,0,0,24,0,17111,0,3,0,179,0,12476,6590,0,0,1,0,0,0,0,0,0,0,0,0,0,0,0,1,0,0,0,0,0,0,0,0,5,1,2,0,5,2,39,0,0,6,0,0,0,0,52,0,0,0,0,0,216,18,10,5,0,0,0,0,0
7,27,17,93,40,6,4,5,4,106,18,4,1,2010,44,32,0,0,0,14,1,6235,18,9,2,1,2,48,108477,10196,12,1,0,3,2,1,52,2,7,1,30535,2527,23,0,0,99,3,4,5276,416,0,0,2,0,0,0,0,0,0,0,2,0,0,0,1,0,0,0,1,0,0,2,1,0,0,0,0,0,0,0,0,0,0,0,0,0,2,1,0,0,0,0,0,0,0,2,0,0,0,1
27,62,24,207,102,6,5,0,0,69,15,0,1,20767,345,90,0,4,0,6,0,1725,0,0,0,1,0,1,10196,45301,37,2,0,0,3,0,20,7,7,0,15756,22885,27,0,0,2,0,0,2827,5323,0,1,0,0,0,0,0,0,0,0,2,0,0,0,0,0,0,0,0,0,0,0,2,0,0,0,0,0,0,1,0,0,0,0,0,0,2,1,0,0,0,0,0,0,0,7,0,0,0,0
1,28,2,424,19,9,87,1517,18,493,411,133,2060,430,648,7077,1744,4333,1659,179,6673,121,10,410,3,0,3,0,12,37,30124,5,24,0,137,135,1239,18,1007,0,5,157,24331,3,0,1,1,44,39,1390,1,2,9,0,7,9,0,1,2,4,33,9,0,0,9,8,44,0,32,2,1,10,8,0,0,0,0,0,1,33,0,0,8,1,0,0,42,24,2,0,14,0,1,0,0,24,2,2,20,10
0,0,0,0,0,2,3,164,84,807,442,163,375,2,1,38,24,6,5,511,155,198,7908,64,63,20871,4828,243,1,2,5,45675,6443,5745,20,5,9,6201,14,902,3,190,81,3122,5922,1588,27186,4,0,194,0,0,0,0,0,0,0,0,0,0,1,0,0,0,0,0,0,0,0,0,0,2,0,0,0,7,9,1,0,0,5,0,0,0,0,8,1,0,0,1,0,3,4,0,7,0,0,0,0,0
0,0,0,1,0,0,9,928,673,1360,3063,16772,18791,1,1,40,466,33,40,7108,1090,370,20052,177,744,983,3106,27,0,0,24,6443,19095,39,31,6,127,3705,24,64,0,136,50,1100,2967,258,7186,3,2,126,0,0,0,0,0,0,1,0,0,0,0,0,0,0,0,0,1,0,0,0,0,0,0,0,0,0,1,0,0,0,0,0,0,0,1,0,0,0,0,0,0,0,1,0,1,1,0,0,0,0
0,0,0,0,0,0,0,12,5,18,33,13,4,0,0,1,2,1,0,27,1,248,862,2,2,8200,588,13469,3,0,0,5745,39,40254,0,0,0,73,0,9264,0,8,2,7103,2,1664,17333,0,0,8,0,0,0,0,0,0,0,0,0,1,1,0,0,1,0,0,0,0,0,0,0,53,0,1,0,49,18,41,0,0,85,1,1,0,0,238,0,0,0,2,0,318,53,31,64,0,1,0,0,0
0,15,10,42,11,244,5666,38,212,424,755,30,11,76,5,4230,39,39,75,255,40,55,23,1144,280,22,205,0,2,3,137,20,31,0,4663,4555,961,126,8631,2,3,113,33,236,2,2,2,2301,25,168,3,15,17,2,11,17,0,1,0,2,13,3,0,0,10,5,19,0,6,0,1,5,0,0,0,1,0,0,0,7,0,0,0,0,0,0,25,13,0,0,1,0,0,0,0,309,0,0,7,1
0,3,1,3,4,19,242,26,344,98,276,67,12,23,0,3935,65,26,2435,99,77,35,4,6043,113,3,88,0,1,0,135,5,6,0,4555,8262,923,27,5321,2,1,17,9,72,0,1,0,264,6,49,0,3,7,1,2,10,0,0,0,0,19,4,0,0,11,4,20,0,14,0,0,4,5,0,0,0,0,0,1,20,0,0,1,4,0,0,14,15,1,0,7,0,0,0,0,37,0,0,10,1
11,24,28,374,38,35,717,552,4854,1653,884,159,233,106,26,1036,204,296,841,1002,199,780,30,20881,34,2,738,0,52,20,1239,9,127,0,961,923,2350,33,3640,1,55,418,357,26,22,4,6,356,47,301,0,0,1,0,1,2,0,2,0,0,1,2,0,0,0,2,4,2,3,0,1,1,1,0,0,0,13,0,0,1,0,0,1,0,0,0,42,4,0,1,1,0,0,0,0,18,1,0,1,2
1,2,0,21,1,5,31,2460,157,509,187,156,1605,19,7,213,18,145,25,3946,249,144,1139,89,680,6092,6976,24,2,7,18,6201,3705,73,126,27,33,24532,45,40,7,392,473,12149,8146,80,243,21,1,905,0,0,0,0,0,0,0,1,0,1,0,0,0,0,0,0,0,0,0,0,0,1,0,0,0,1,5,0,0,0,0,0,0,0,0,0,0,0,0,0,0,1,0,0,0,1,0,0,0,0
1,20,26,120,32,263,1779,18,238,879,1082,152,43,100,11,1143,147,41,171,105,325,210,29,15168,174,13,243,0,7,7,1007,14,24,0,8631,5321,3640,45,23379,1,16,276,274,121,1,0,2,4985,82,230,1,4,12,11,19,10,0,0,0,0,12,3,0,0,9,6,13,0,4,1,0,2,3,0,0,0,1,0,0,13,0,0,1,1,0,0,21,21,1,0,580,0,0,0,0,398,1,0,10,2
0,0,0,0,0,0,0,8,13,17,30,14,4,0,0,1,2,0,0,42,4,170,721,6,6,946,2788,17111,1,0,0,902,64,9264,2,2,1,40,1,29986,0,3,1,8325,2,871,3996,1,0,4,0,0,0,0,0,0,0,0,0,0,0,1,1,1,0,0,0,0,0,1,0,55,0,2,0,44,38,237,0,0,75,1,0,0,0,379,0,0,0,0,0,1493,108,87,87,0,0,0,0,0
5,36,11,63,19,2,10,0,0,23804,4,6,1,1095,20,33,1,1,0,4,0,22591,0,3,0,2,0,0,30535,15756,5,3,0,0,3,1,55,7,16,0,58742,4573,9,0,0,1,0,1,334,249,0,0,1,0,1,0,0,0,0,0,3,0,0,0,0,0,4,0,1,0,0,0,0,0,0,0,0,0,0,1,0,0,0,0,0,0,1,2,0,0,0,0,0,0,0,1,0,0,1,1
59,225,168,1003,213,37,110,32,4,29139,55,11,418,9275,354,376,22,30,5,66,144,2268,36,16,21,141,71,3,2527,22885,157,190,136,8,113,17,418,392,276,3,4573,15353,443,27,27,2,11,31,1485,7870,0,6,5,0,4,8,0,1,0,0,13,1,0,0,4,3,18,0,9,0,0,5,5,0,0,0,0,0,2,14,0,0,1,1,0,0,12,11,1,0,7,0,0,0,0,27,0,2,8,4
2,56,0,2352,11,6,148,202,2,2383,481,23,400,733,7539,4652,78,1414,27,465,10840,28,15,26,6,71,32,0,23,27,24331,81,50,2,33,9,357,473,274,1,9,443,56124,15,5,1,0,39,77,7053,0,4,10,3,5,6,0,0,0,2,27,4,0,0,6,8,22,1,19,1,0,10,4,0,0,0,0,0,4,15,0,0,0,1,0,0,21,20,1,0,7,0,0,0,0,23,1,1,7,4
0,0,0,5,0,8,55,121,380,123,185,111,111,6,2,255,9,2,41,3627,40,301,1994,290,1465,15101,15831,179,0,0,3,3122,1100,7103,236,72,26,12149,121,8325,0,27,15,74270,172,528,2183,24,1,32,0,0,0,0,0,0,0,0,0,2,2,0,0,0,0,0,0,0,0,0,0,10,1,0,0,24,9,1,0,0,16,1,0,0,0,19,1,1,0,0,0,18,5,2,10,0,0,0,0,0
0,0,0,0,0,0,0,937,95,39,13,8,1792,0,0,5,2,6,1,6192,16,6,69,18,225,2047,1373,0,0,0,0,5922,2967,2,2,0,22,8146,1,2,0,27,5,172,13072,1,10,0,0,41,0,0,0,0,0,0,0,0,0,0,0,0,0,0,0,0,0,0,0,0,0,0,0,0,0,0,1,0,0,0,0,0,0,0,0,0,1,0,0,0,0,0,0,0,0,0,0,0,0,0
0,0,0,0,0,0,0,56,29,64,182,45,46,1,0,3,7,1,1,177,13,5028,6354,13,17,386,494,12476,99,2,1,1588,258,1664,2,1,4,80,0,871,1,2,1,528,1,9747,8873,0,1,2,0,0,0,0,0,0,0,0,0,0,0,0,0,0,0,0,0,0,0,0,0,6,0,0,0,10,2,2,0,0,11,1,0,0,0,25,0,0,0,0,0,16,6,3,5,0,0,0,0,0
0,0,0,0,0,0,2,118,73,186,363,175,101,0,0,11,23,1,3,359,28,657,12057,27,31,1112,3293,6590,3,0,1,27186,7186,17333,2,0,6,243,2,3996,0,11,0,2183,10,8873,52489,0,0,6,0,0,0,0,0,0,0,0,0,0,1,0,0,0,0,0,0,0,0,0,0,32,0,0,0,71,16,26,0,0,90,0,0,0,0,144,0,0,0,1,0,116,38,14,44,0,0,0,0,0
5,24,175,385,357,2910,1924,7,23,168,322,5,1,48,5,767,5,4,8,39,6,30,2,254,37,1,34,0,4,0,44,4,3,0,2301,264,356,21,4985,1,1,31,39,24,0,0,0,5791,617,46,0,18,10,12,29,14,0,0,0,1,3,0,0,0,2,16,3,0,1,0,0,0,1,0,0,0,0,0,0,0,0,0,1,0,0,0,22,0,0,0,9,0,0,0,0,570,0,0,4,0
409,237,154,406,6445,2602,47,2,0,94,51,0,0,15364,114,113,0,5,1,14,0,343,1,3,1,0,0,0,5276,2827,39,0,2,0,25,6,47,1,82,0,334,1485,77,1,0,1,0,617,11142,825,1,2,5,0,3,3,0,0,0,0,3,2,0,0,4,1,11,0,1,0,0,1,1,0,0,0,0,0,0,0,0,0,0,1,0,0,3,5,1,0,2,0,0,0,0,23,1,1,1,0
85,343,146,6491,415,61,87,333,4,12875,133,7,1552,13057,8092,791,22,361,6,212,3879,509,28,23,21,146,86,1,416,5323,1390,194,126,8,168,49,301,905,230,4,249,7870,7053,32,41,2,6,46,825,11929,3,12,26,8,17,30,0,3,1,1,26,4,0,0,14,4,70,1,21,6,0,9,8,0,2,0,0,0,4,34,0,0,5,4,0,0,18,45,7,0,17,0,1,0,0,91,4,3,15,4
0,1,47,11,0,0,11,0,0,3,1,0,0,5,0,3,0,0,0,0,0,0,0,0,1,0,0,0,0,0,1,0,0,0,3,0,0,0,1,0,0,0,0,0,0,0,0,0,1,3,26784,10847,3003,14046,11570,57,0,2,0,1,155,3,0,0,22493,337,157,0,0,8,1,126,6,1,0,1,0,0,436,31,0,0,536,4,0,0,28,30,18,1,27,0,0,0,0,176,8207,43,518,24
1,8,442,72,5,6,106,0,0,10,2,0,0,19,0,14,0,0,0,0,0,1,0,0,0,0,0,0,0,1,2,0,0,0,15,3,0,0,4,0,0,6,4,0,0,0,0,18,2,12,10847,77141,18656,16522,4711,3865,0,1,0,2,1455,83,1,1,6462,588,179,0,8,8,1,471,15,2,1,1,0,0,269,23,0,1,341,6,0,0,106,380,4,3,59,0,0,0,0,1004,923,162,1031,69
2,6,5,119,7,3,131,0,0,24,6,0,0,27,2,20,0,0,1,0,1,10,0,3,0,0,0,0,2,0,9,0,0,0,17,7,1,0,12,0,1,5,10,0,0,0,0,10,5,26,3003,18656,41727,1005,2405,14758,1,12,5,12,2701,156,7,1,13829,15359,3831,1,33,56,16,518,88,7,3,6,0,0,480,261,1,4,750,202,5,2,255,1211,93,9,98,0,2,0,0,1067,1091,333,2464,374
0,2,1058,20,0,688,83,0,0,4,1,0,0,2,0,5,0,0,0,0,0,1,0,1,0,0,0,0,0,0,0,0,0,0,2,1,0,0,11,0,0,0,3,0,0,0,0,12,0,8,14046,16522,1005,37415,15215,8008,0,1,1,1,322,14,0,0,981,69,51,0,2,4,0,139,3,0,0,0,0,0,53,7,0,0,61,1,0,0,38,166,2,0,44,0,1,0,0,420,273,49,168,8
1,2,17,62,0,125,119,0,0,12,4,0,0,8,0,17,0,0,0,0,0,6,0,1,1,0,0,0,0,0,7,0,0,0,11,2,1,0,19,0,1,4,5,0,0,0,0,29,3,17,11570,4711,2405,15215,19335,5938,0,0,0,2,293,38,0,1,828,348,176,1,7,9,3,153,36,1,1,1,0,0,61,10,0,0,52,4,0,0,159,358,6,1,342,0,0,0,0,4089,4036,32,150,24
1,4,19,101,4,33,821,0,0,19,6,0,0,23,2,30,0,0,0,1,0,5,0,2,1,0,0,0,0,0,9,0,0,0,17,10,2,0,10,0,0,8,6,0,0,0,0,14,3,30,57,3865,14758,8008,5938,28599,1,3,3,15,445,51,0,0,85,59,3324,0,20,15,15,62,45,2,2,1,2,0,22,20,0,0,37,1,0,0,306,2290,41,2,139,0,1,0,1,844,13,17,223,105
0,0,0,0,0,0,0,0,0,0,0,0,0,0,0,0,0,0,0,0,0,0,0,0,0,0,0,0,0,0,0,0,1,0,0,0,0,0,0,0,0,0,0,0,0,0,0,0,0,0,0,0,1,0,0,1,3173,9624,299,812,24,180,36,2352,4,177,22,2710,40,3127,66,177,926,383,61,757,970,1,2,1898,49,3586,12,2,2486,4,996,0,65,655,3,3,50,1,12,1,0,0,28,142
0,0,0,0,0,0,0,0,0,4,0,0,0,0,0,2,0,0,0,0,0,1,0,0,0,0,2,0,0,0,1,0,0,0,1,0,2,1,0,0,0,1,0,0,0,0,0,0,0,3,2,1,12,1,0,3,9624,31239,5068,3723,247,1695,621,2013,5,37,707,5741,435,7993,168,830,3858,72,413,30,244,1,3,6404,27,230,6,2,49,6,1329,29,1,165,21,14,40,2,37,1,1,1,15,14
0,1,0,1,0,0,0,0,0,1,0,0,0,0,0,0,0,0,0,0,0,4,0,0,0,0,1,0,0,0,2,0,0,0,0,0,0,0,0,0,0,0,0,0,0,0,0,0,0,1,0,0,5,1,0,3,299,5068,6479,3545,372,1246,195,125,3,8,1345,2957,5901,29,359,316,1034,6,587,6,7,0,1,5899,4,30,3,6,2,0,349,76,5,5,17,1,5,1,3,1,1,1,19,15
0,0,0,3,0,0,0,0,293,4,0,0,3,0,0,5,0,0,0,1,0,0,0,68,1,0,2,0,0,0,4,0,0,1,2,0,0,1,0,0,0,0,2,2,0,0,0,1,0,1,1,2,12,1,2,15,812,3723,3545,43996,511,1813,636,640,9,8,767,924,6142,5889,372,708,24556,6016,30,29,1106,3,7,174,25,260,5,10,28,8,1230,204,12,157,23,8,379,3,26,3,0,2,27,22
1,4,2,33,0,0,27,0,2,56,7,1,0,9,0,26,0,0,2,0,2,21,0,3,0,0,3,0,2,2,33,1,0,1,13,19,1,0,12,0,3,13,27,2,0,0,1,3,3,26,155,1455,2701,322,293,445,24,247,372,511,31805,3253,1481,340,552,1242,1776,716,969,103,2497,1377,1065,46,306,355,152,10,315,651,358,639,125,160,55,48,594,579,1392,236,797,17,133,21,315,132,85,17706,34816,8846
0,0,0,3,0,1,5,0,0,13,2,0,0,0,0,6,0,0,2,0,0,9,0,1,0,0,2,0,0,0,9,0,0,0,3,4,2,0,3,1,0,1,4,0,0,0,0,0,2,4,3,83,156,14,38,51,180,1695,1246,1813,3253,8809,8918,1803,18,28,372,3923,620,866,3334,8094,1187,335,167,101,360,8,4,309,117,1671,4,17,19,24,226,153,35,175,178,11,200,17,182,25,5,7,73,114
0,0,0,0,0,0,0,0,0,0,0,0,0,0,0,0,0,0,0,0,0,0,1,0,0,0,3,1,0,0,0,0,0,0,0,0,0,0,0,1,0,0,0,0,0,0,0,0,0,0,0,1,7,0,0,0,36,621,195,636,1481,8918,22073,6522,1,7,28,2685,51,1228,1472,9110,334,642,87,76,339,5,0,129,103,11392,2,0,26,20,44,9,16,134,10,8,139,17,228,0,0,1,12,53
0,0,0,0,0,0,0,0,0,1,0,0,0,0,0,0,0,0,0,0,0,0,0,0,0,0,0,0,0,0,0,0,0,1,0,0,0,0,0,1,0,0,0,0,0,0,0,0,0,0,0,1,1,0,1,0,2352,2013,125,640,340,1803,6522,14623,0,5,7,5229,13,2078,631,939,239,458,98,38,401,3,1,187,32,10868,0,0,78,4,182,2,11,56,3,2,64,2,58,0,0,0,7,42
0,3,7,37,0,1,26,0,1,17,8,0,0,10,0,12,1,0,0,2,0,4,0,2,0,0,0,0,1,0,9,0,0,0,10,11,0,0,9,0,0,4,6,0,0,0,0,2,4,14,22493,6462,13829,981,828,85,4,5,3,9,552,18,1,0,59308,14590,1294,3,49,116,5,765,76,6,0,33,9,0,6649,391,4,26,18550,76,19,0,213,116,85,109,171,0,4,0,1,155,12148,259,4342,427
0,2,1,23,0,1,24,0,1,10,4,0,0,1,1,7,0,0,0,0,0,4,0,0,0,0,0,0,0,0,8,0,0,0,5,4,2,0,6,0,0,3,8,0,0,0,0,16,1,4,337,588,15359,69,348,59,177,37,8,8,1242,28,7,5,14590,39111,8973,16,117,227,79,147,173,84,148,334,74,0,318,2796,39,228,8470,6418,214,4,109,103,9360,510,188,0,22,0,11,456,355,116,2449,3682
2,5,0,82,4,1,37,0,0,59,23,0,0,24,3,52,0,0,1,0,1,23,0,6,0,0,1,0,0,0,44,0,1,0,19,20,4,0,13,0,4,18,22,0,0,0,0,3,11,70,157,179,3831,51,176,3324,22,707,1345,767,1776,372,28,7,1294,8973,35703,212,10685,505,147,189,1019,60,100,10,19,0,89,12318,3,19,258,4677,4,0,891,11144,948,57,1686,2,40,0,2,907,150,127,1363,859
0,0,0,1,0,0,0,0,0,0,0,0,0,0,1,0,0,0,0,0,0,2,0,0,0,0,7,0,0,0,0,0,0,0,0,0,2,0,0,0,0,0,1,0,0,0,0,0,0,1,0,0,1,0,1,0,2710,5741,2957,924,716,3923,2685,5229,3,16,212,8219,491,56,14504,373,1091,29,2375,58,30,0,0,4414,56,372,1,2,36,5,133,26,41,78,16,0,19,5,34,3,0,1,21,119
0,2,0,6,0,0,3,0,1,47,9,0,0,2,0,18,0,0,2,0,0,26,0,2,0,0,0,0,1,0,32,0,0,0,6,14,3,0,4,0,1,9,19,0,0,0,0,1,1,21,0,8,33,2,7,20,40,435,5901,6142,969,620,51,13,49,117,10685,491,13416,182,268,158,5540,75,194,2,24,1,15,5291,1,23,77,26,2,0,854,3795,44,27,548,0,46,0,7,39,5,14,334,297
0,0,0,0,0,0,1,0,0,2,2,0,0,0,0,4,0,0,1,0,0,0,0,0,0,0,3,0,0,0,2,0,0,0,0,0,0,0,1,1,0,0,1,0,0,0,0,0,0,6,8,8,56,4,9,15,3127,7993,29,5889,103,866,1228,2078,116,227,505,56,182,18959,83,1237,1357,9937,23,275,4943,12,14,1565,82,7633,25,3,4152,22,1359,73,40,5242,33,18,705,13,96,8,8,5,91,106
0,0,0,0,0,0,1,0,0,4,0,0,0,0,0,0,0,0,0,0,0,0,0,1,0,1,1,0,0,0,1,0,0,0,1,0,1,0,0,0,0,0,0,0,0,0,0,0,0,0,1,1,16,0,3,15,66,168,359,372,2497,3334,1472,631,5,79,147,14504,268,83,9100,814,970,46,6514,249,106,5,0,5362,358,1035,4,4,37,30,91,63,445,174,98,8,69,8,175,5,0,4,71,3306
0,0,1,18,0,0,11,0,0,18,7,0,0,3,0,8,0,0,0,0,1,16,5,1,0,1,20,5,2,0,10,2,0,53,5,4,1,1,2,55,0,5,10,10,0,6,32,0,1,9,126,471,518,139,153,62,177,830,316,708,1377,8094,9110,939,765,147,189,373,158,1237,814,38268,374,1153,64,1594,3555,3447,4502,153,1578,16823,707,10,122,1797,150,68,29,1572,97,1000,2801,10474,13455,27,209,1695,1068,178
0,0,0,2,0,0,5,0,7,9,1,0,0,1,0,9,0,0,1,0,0,5,0,2,0,0,8,1,1,2,8,0,0,0,0,5,1,0,3,0,0,5,4,1,0,0,0,1,1,8,6,15,88,3,36,45,926,3858,1034,24556,1065,1187,334,239,76,173,1019,1091,5540,1357,970,374,3948,4673,398,51,1128,2,25,973,27,220,147,8,55,2,18524,9193,67,186,5890,29,747,2,16,279,5,31,503,468
0,0,0,0,0,0,0,0,0,0,1,0,0,0,0,1,0,0,0,0,0,0,0,0,0,0,1,2,0,0,0,0,0,1,0,0,0,0,0,2,0,0,0,0,0,0,0,0,0,0,1,2,7,0,1,2,383,72,6,6016,46,335,642,458,6,84,60,29,75,9937,46,1153,4673,23029,15,349,9942,38,2,144,156,2612,12,0,1776,52,134,14,14,1447,8,490,8759,14,128,1,2,1,34,95
0,0,0,0,0,0,0,0,0,2,0,0,0,0,0,0,0,0,0,0,0,0,0,0,0,0,0,0,0,0,0,0,0,0,0,0,0,0,0,0,0,0,0,0,0,0,0,0,0,2,0,1,3,0,1,2,61,413,587,30,306,167,87,98,0,148,100,2375,194,23,6514,64,398,15,9568,83,20,0,1,13592,75,229,5,360,16,3,54,52,3658,85,104,1,11,2,26,3,0,2,36,834
0,0,0,0,0,0,0,0,0,0,0,0,0,0,0,0,0,0,0,2,0,2,10,0,0,9,68,5,0,0,0,7,0,49,1,0,0,1,0,44,0,0,0,24,0,10,71,0,0,0,1,1,6,0,1,1,757,30,6,29,355,101,76,38,33,334,10,58,2,275,249,1594,51,349,83,48475,4626,258,7,483,13934,2791,55,4,8496,8952,1,3,91,13104,5,1100,9152,151,917,0,2,5,152,428
0,0,0,0,0,0,0,0,3,0,0,0,0,0,0,0,0,1,0,4,0,1,5,0,0,4,57,2,0,0,0,9,1,18,0,0,13,5,1,38,0,0,0,9,1,2,16,0,0,0,0,0,0,0,0,2,970,244,7,1106,152,360,339,401,9,74,19,30,24,4943,106,3555,1128,9942,20,4626,15289,213,2,156,2688,4279,21,0,2417,856,115,7,20,4168,5,6722,31506,105,1873,0,0,2,42,110
0,0,0,0,0,0,0,0,0,0,0,0,0,0,0,0,0,0,0,0,0,1,0,0,0,2,6,39,0,0,0,1,0,41,0,0,0,0,0,237,0,0,0,1,0,2,26,0,0,0,0,0,0,0,0,0,1,1,0,3,10,8,5,3,0,0,0,0,1,12,5,3447,2,38,0,258,213,55005,178,2,325,8,1,0,1,9470,0,0,0,21,0,20656,823,18561,1687,0,0,18,1,4
0,0,0,5,0,0,1,0,0,2,2,0,0,2,0,3,0,0,0,0,0,2,0,0,0,0,0,0,0,0,1,0,0,0,0,1,0,0,0,0,0,2,4,0,0,0,0,0,0,4,436,269,480,53,61,22,2,3,1,7,315,4,0,1,6649,318,89,0,15,14,0,4502,25,2,1,7,2,178,113649,23,4,4,28723,6,0,15,38,19,5,13,25,7,3,252,1,15,9584,21122,5870,81
1,2,0,15,2,0,7,0,0,35,9,0,0,7,0,29,0,0,0,1,0,20,0,2,0,0,1,0,0,1,33,0,0,0,7,20,1,0,13,0,1,14,15,0,0,0,0,0,0,34,31,23,261,7,10,20,1898,6404,5899,174,651,309,129,187,391,2796,12318,4414,5291,1565,5362,153,973,144,13592,483,156,2,23,17911,87,652,87,5956,437,7,504,390,3318,822,582,0,43,0,33,45,27,31,519,972
0,0,0,0,0,0,0,0,0,0,0,0,0,0,0,0,0,0,0,0,0,2,5,1,0,11,49,6,0,0,0,5,0,85,0,0,0,0,0,75,0,0,0,16,0,11,90,0,0,0,0,0,1,0,0,0,49,27,4,25,358,117,103,32,4,39,3,56,1,82,358,1578,27,156,75,13934,2688,325,4,87,17383,3540,17,0,1269,7358,3,1,44,711,1,900,2070,1034,12602,0,1,7,96,238
0,0,0,0,0,0,0,0,0,0,0,0,0,0,0,0,0,0,0,0,0,0,0,0,0,0,10,0,0,0,0,0,0,1,0,0,0,0,0,1,0,0,0,1,0,1,0,0,0,0,0,1,4,0,0,0,3586,230,30,260,639,1671,11392,10868,26,228,19,372,23,7633,1035,16823,220,2612,229,2791,4279,8,4,652,3540,34862,45,4,9083,91,111,5,179,3085,10,32,2541,27,4234,0,2,2,181,669
0,0,2,7,2,0,2,0,0,7,2,0,0,1,0,3,0,0,0,0,0,3,0,1,0,0,0,0,0,0,8,0,0,1,0,1,1,0,1,0,0,1,0,0,0,0,0,1,0,5,536,341,750,61,52,37,12,6,3,5,125,4,2,0,18550,8470,258,1,77,25,4,707,147,12,5,55,21,1,28723,87,17,45,50151,18,26,2,99,87,35,103,172,1,4,0,1,24,3692,7695,26920,2450
0,0,1,2,0,1,2,0,0,9,1,0,0,1,0,5,0,0,0,0,0,2,0,0,0,0,0,0,0,0,1,0,0,0,0,4,0,0,1,0,0,1,1,0,0,0,0,0,1,4,4,6,202,1,4,1,2,2,6,10,160,17,0,0,76,6418,4677,2,26,3,4,10,8,0,360,4,0,0,6,5956,0,4,18,8774,3,0,62,24,4691,6,32,0,0,0,0,8,2,7,99,523
0,0,0,0,0,0,0,0,0,0,0,0,0,0,0,0,0,0,0,0,0,0,0,0,0,0,2,0,0,0,0,0,1,0,0,0,0,0,0,0,0,0,0,0,0,0,0,0,0,0,0,0,5,0,0,0,2486,49,2,28,55,19,26,78,19,214,4,36,2,4152,37,122,55,1776,16,8496,2417,1,0,437,1269,9083,26,3,14503,4,10,1,44,4697,0,9,685,1,5,0,0,0,57,172
0,0,0,0,0,0,0,0,0,0,0,1,0,0,0,0,0,0,0,0,0,4,2,0,0,11,16,52,0,0,0,8,0,238,0,0,0,0,0,379,0,0,0,19,0,25,144,0,0,0,0,0,2,0,0,0,4,6,0,8,48,24,20,4,0,4,0,5,0,22,30,1797,2,52,3,8952,856,9470,15,7,7358,91,2,0,4,32102,1,0,4,78,1,5420,3929,10056,3466,0,0,0,6,14
2,0,0,36,0,1,47,0,5,55,11,1,0,14,2,25,2,2,4,5,1,28,1,11,2,0,67,0,2,2,42,1,0,0,25,14,42,0,21,0,1,12,21,1,1,0,0,22,3,18,28,106,255,38,159,306,996,1329,349,1230,594,226,44,182,213,109,891,133,854,1359,91,150,18524,134,54,1,115,0,38,504,3,111,99,62,10,1,3777,1441,44,7,4038,1,9,0,3,2001,37,28,380,175
1,4,0,60,2,0,32,0,0,52,14,0,0,23,3,37,0,0,2,0,0,22,0,0,0,0,0,0,1,1,24,0,0,0,13,15,4,0,21,0,2,11,20,1,0,0,0,0,5,45,30,380,1211,166,358,2290,0,29,76,204,579,153,9,2,116,103,11144,26,3795,73,63,68,9193,14,52,3,7,0,19,390,1,5,87,24,1,0,1441,11645,38,8,11126,0,11,0,1,2549,13,22,331,202
0,0,0,2,0,0,0,0,0,11,2,0,0,1,0,0,0,0,0,0,0,3,0,0,0,0,0,0,0,0,2,0,0,0,0,1,0,0,1,0,0,1,1,0,0,0,0,0,1,7,18,4,93,2,6,41,65,1,5,12,1392,35,16,11,85,9360,948,41,44,40,445,29,67,14,3658,91,20,0,5,3318,44,179,35,4691,44,4,44,38,37822,83,96,0,8,1,10,7,9,8,632,13383
0,0,0,0,0,0,0,1,0,0,0,0,0,0,0,0,0,0,0,0,0,0,0,0,0,1,17,0,0,0,0,1,0,2,0,0,1,0,0,0,0,0,0,0,0,0,1,0,0,0,1,3,9,0,1,2,655,165,5,157,236,175,134,56,109,510,57,78,27,5242,174,1572,186,1447,85,13104,4168,21,13,822,711,3085,103,6,4697,78,7,8,83,27628,4,45,16580,31,243,0,8,6,253,430
0,0,1,8,2,1,7,0,0,21,6,0,0,5,0,11,0,0,0,1,0,8,0,0,1,0,0,0,0,0,14,0,0,0,1,7,1,0,580,0,0,7,7,0,0,0,0,9,2,17,27,59,98,44,342,139,3,21,17,23,797,178,10,3,171,188,1686,16,548,33,98,97,5890,8,104,5,5,0,25,582,1,10,172,32,0,1,4038,11126,96,4,14766,0,5,0,0,7599,31,37,609,383
0,0,0,0,0,0,0,0,0,0,0,0,0,0,0,0,0,0,0,0,0,1,3,0,0,4,24,216,0,0,0,3,0,318,0,0,0,1,0,1493,0,0,0,18,0,16,116,0,0,0,0,0,0,0,0,0,3,14,1,8,17,11,8,2,0,0,2,0,0,18,8,1000,29,490,1,1100,6722,20656,7,0,900,32,1,0,9,5420,1,0,0,45,0,41313,17777,1173,819,0,0,1,0,2
0,0,0,0,0,0,0,0,1,1,0,0,0,0,0,0,0,0,0,0,0,1,1,0,0,5,17,18,0,0,1,4,1,53,0,0,0,0,0,108,0,0,0,5,0,6,38,0,0,1,0,0,2,1,0,1,50,40,5,379,133,200,139,64,4,22,40,19,46,705,69,2801,747,8759,11,9152,31506,823,3,43,2070,2541,4,0,685,3929,9,11,8,16580,5,17777,64482,159,1218,3,0,0,20,42
0,0,0,0,0,0,0,0,0,0,0,0,0,0,0,0,0,0,0,0,0,1,2,0,0,0,0,10,0,0,0,0,0,31,0,0,0,0,0,87,0,0,0,2,0,3,14,0,0,0,0,0,0,0,0,0,1,2,1,3,21,17,17,2,0,0,0,5,0,13,8,10474,2,14,2,151,105,18561,252,0,1034,27,0,0,1,10056,0,0,1,31,0,1173,159,21903,9490,0,3,27,1,7
0,0,0,0,0,0,0,0,0,0,0,0,0,0,0,0,0,0,0,1,0,1,2,0,0,7,24,5,0,0,0,7,1,64,0,0,0,0,0,87,0,0,0,10,0,5,44,0,0,0,0,0,0,0,0,1,12,37,3,26,315,182,228,58,1,11,2,34,7,96,175,13455,16,128,26,917,1873,1687,1,33,12602,4234,1,0,5,3466,3,1,10,243,0,819,1218,9490,26011,0,0,1,16,46
11,32,16,944,28,64,2187,0,4,62,30,0,0,107,7,133,0,0,1,3,3,15,2,27,3,0,3,0,2,7,24,0,1,0,309,37,18,1,398,0,1,27,23,0,0,0,0,570,23,91,176,1004,1067,420,4089,844,1,1,1,3,132,25,0,0,155,456,907,3,39,8,5,27,279,1,3,0,0,0,15,45,0,0,24,8,0,0,2001,2549,7,0,7599,0,3,0,0,8745,266,8,81,31
0,0,1,9,1,0,12,0,0,6,1,0,0,3,0,2,0,0,0,0,0,2,0,0,0,0,0,0,0,0,2,0,0,1,0,0,1,0,1,0,0,0,1,0,0,0,0,0,1,4,8207,923,1091,273,4036,13,0,1,1,0,85,5,0,0,12148,355,150,0,5,8,0,209,5,2,0,2,0,0,9584,27,1,2,3692,2,0,0,37,13,9,8,31,0,0,3,0,266,32035,479,2566,86
0,0,0,2,0,0,0,0,0,1,0,0,0,1,0,3,0,0,0,0,0,3,0,0,0,0,0,0,0,0,2,0,0,0,0,0,0,0,0,0,0,2,1,0,0,0,0,0,1,3,43,162,333,49,32,17,0,1,1,2,17706,7,1,0,259,116,127,1,14,5,4,1695,31,1,2,5,2,18,21122,31,7,2,7695,7,0,0,28,22,8,6,37,1,0,27,1,8,479,63187,3135,58
0,1,0,17,1,0,9,0,0,37,6,0,0,5,0,14,0,0,1,0,0,9,0,2,0,0,0,0,0,0,20,0,0,0,7,10,1,0,10,0,1,8,7,0,0,0,0,4,1,15,518,1031,2464,168,150,223,28,15,19,27,34816,73,12,7,4342,2449,1363,21,334,91,71,1068,503,34,36,152,42,1,5870,519,96,181,26920,99,57,6,380,331,632,253,609,0,20,1,16,81,2566,3135,16226,7431
0,1,0,3,1,0,1,0,0,7,2,0,0,0,0,5,0,0,0,0,0,3,0,0,0,0,0,0,1,0,10,0,0,0,1,1,2,0,2,0,1,4,4,0,0,0,0,0,0,4,24,69,374,8,24,105,142,14,15,22,8846,114,53,42,427,3682,859,119,297,106,3306,178,468,95,834,428,110,4,81,972,238,669,2450,523,172,14,175,202,13383,430,383,2,42,7,46,31,86,58,7431,11973
