9374,8843,6976,5821,6654,1906,739,4,5,187,10,1,3,13776,1924,324,2,1,24,8,6,289,7,5,10,64,14,204,1721,818,23,136,12,102,164,14,93,33,114,21,941,102,355,50,68,72,102,130,1654,14,28,87,60,27,39,92,0,1,0,5,17,1,0,0,112,31,101,0,9,2,1,6,2,3,1,0,5,3,7,15,0,1,23,31,0,1,21,66,6,2,40,3,4,1,0,50,3,2,6,4
8843,50955,10184,24961,685,613,2058,21,16,517,19,10,7,6650,4879,478,3,4,40,15,23,1057,28,23,3,73,17,347,1134,789,94,140,19,133,632,38,229,22,417,55,1847,489,667,73,103,174,137,409,392,41,167,511,265,119,255,656,1,4,0,8,54,2,0,0,396,90,525,0,20,3,2,14,7,7,4,4,9,2,24,24,0,4,67,75,0,5,85,264,27,7,156,5,17,1,0,282,25,15,27,6
6976,10184,25100,12259,4126,10088,13760,2,9,88,6,2,1,1672,146,72,2,1,6,1,9,430,7,12,4,24,15,417,2457,955,26,27,10,84,174,15,69,5,113,54,1903,93,93,26,16,180,77,314,520,18,71,289,113,205,209,410,0,1,1,3,15,0,0,0,119,22,202,1,7,0,0,5,2,6,1,0,1,3,9,9,0,1,15,22,0,0,19,84,8,0,41,4,4,0,0,222,18,4,12,2
5821,24961,12259,43369,866,1464,5687,75,42,1721,88,52,25,5077,9359,2954,9,13,221,89,133,954,73,65,106,698,67,318,374,375,104,965,119,731,1247,175,487,242,721,61,975,536,1080,543,607,100,542,1467,211,93,226,785,407,283,484,1148,0,3,8,26,72,4,1,0,511,97,719,7,45,14,3,31,22,20,9,9,20,1,39,49,8,15,86,89,5,8,130,346,39,16,175,5,54,4,8,631,40,19,36,14
6654,685,4126,866,5553,10061,1858,2,1,53,1,0,2,3952,138,87,1,1,6,4,4,58,4,6,2,21,24,68,1577,584,4,52,7,26,104,5,41,8,107,25,341,17,60,46,15,19,24,406,3137,5,8,16,10,13,15,25,0,0,0,0,4,0,0,0,14,6,28,1,7,0,1,1,0,2,3,0,1,1,1,2,0,0,3,4,0,1,5,13,3,2,12,2,2,0,0,13,2,1,2,0
1906,613,10088,1464,10061,24961,14403,0,5,67,5,3,1,365,85,160,0,0,6,0,9,57,6,22,7,6,69,90,487,125,11,9,4,27,963,13,97,3,445,130,224,10,12,87,4,17,14,2815,1113,1,534,136,35,3168,432,201,0,0,0,2,8,0,0,1,36,3,58,0,3,1,0,4,2,1,0,0,0,5,77,0,0,1,39,5,0,2,9,32,0,1,7,6,4,1,0,87,33,7,2,0
739,2058,13760,5687,1858,14403,6165,12,20,311,19,11,5,572,219,806,1,4,59,21,56,211,29,72,39,84,64,97,311,135,130,117,17,146,2163,174,300,29,540,37,295,60,137,156,54,39,78,2291,230,15,102,415,166,184,323,683,0,1,6,15,39,1,1,0,220,39,331,1,29,4,3,21,4,7,4,4,8,0,14,17,3,2,39,41,4,1,66,136,36,10,72,2,36,0,2,409,24,8,20,6
4,21,2,75,2,0,12,41887,6558,229,3067,1377,9998,398,313,449,3314,7669,2479,6249,1115,3374,446,81,581,92,56,40,23,98,1493,317,1005,74,41,80,189,204,83,15,77,50,1238,159,1989,338,301,7,3,122,2,2,7,0,2,4,157,336,129,1283,40,14,29,87,6,8,37,101,177,344,40,51,174,238,31,3,20,3,4,55,8,83,12,14,16,2,111,77,24,9,44,3,46,1,5,15,2,6,12,10
5,16,9,42,1,5,20,6558,52730,241,1526,1520,1612,49,28,337,1105,127,7985,2740,743,1809,386,8488,10193,120,3629,83,29,30,135,193,566,201,168,923,6293,184,278,176,51,38,136,1077,220,210,284,14,1,18,5,6,43,1,15,29,806,1456,456,6959,129,40,198,611,46,63,173,418,628,2513,147,248,894,2616,118,25,298,4,7,159,43,621,42,57,103,25,1119,223,55,92,203,9,429,9,33,72,5,19,43,23
187,517,88,1721,53,67,311,229,241,29977,6728,3775,145,786,1012,973,295,34,1168,133,5381,7554,1176,137,112,93,73,166,634,209,320,771,1079,183,601,625,761,119,681,66,8532,7054,2460,388,161,767,1872,320,74,1335,12,9,10,3,10,6,2,17,40,93,34,3,6,11,42,27,85,19,233,15,8,20,71,15,44,5,17,4,19,68,7,9,58,31,2,8,85,103,82,2,88,4,25,6,3,10,8,12,23,15
10,19,6,88,1,5,19,3067,1526,6728,5488,12167,469,48,55,328,686,190,1900,396,2258,4471,1153,90,122,34,54,41,31,54,108,56,275,34,105,222,188,52,106,18,207,135,213,149,71,316,314,19,8,47,0,3,5,0,1,3,6,21,17,74,13,1,2,8,5,6,4,15,65,20,3,12,35,22,20,5,10,1,4,13,0,7,13,6,3,2,27,31,21,7,30,0,20,0,1,5,0,4,6,3
1,10,2,52,0,3,11,1377,1520,3775,12167,17425,5584,91,44,102,6274,188,529,1320,8617,3806,2924,94,1191,56,161,44,71,192,154,338,4606,58,43,147,252,168,65,11,357,312,518,213,259,332,752,12,2,151,0,2,3,1,0,1,12,22,35,137,12,8,5,19,1,6,13,24,93,109,5,22,63,163,10,2,28,0,2,15,4,44,8,1,16,4,48,29,12,14,12,2,46,1,3,7,0,2,4,7
3,7,1,25,2,1,5,9998,1612,145,469,5584,23675,456,279,172,7121,993,505,1842,1679,665,305,25,661,35,173,21,30,171,945,553,4486,22,18,48,141,93,9,3,111,144,946,75,507,90,552,2,8,366,1,0,4,0,0,2,69,71,12,470,3,4,27,48,3,6,21,11,77,458,5,22,52,402,7,4,26,0,0,13,5,124,8,11,12,1,103,15,13,10,10,1,44,0,4,1,0,1,3,0
13776,6650,1672,5077,3952,365,572,398,49,786,48,91,456,59481,18758,938,64,75,357,303,289,910,148,35,198,1089,57,803,4706,24577,866,5837,1235,766,578,416,773,381,1186,98,2936,1365,5324,361,1961,288,2763,237,7855,2485,96,107,109,21,37,105,3,4,11,15,134,8,5,0,328,204,446,4,288,34,6,62,41,62,34,6,27,16,129,182,4,23,339,218,11,8,374,544,386,17,493,15,61,7,6,72,41,45,77,46
1924,4879,146,9359,138,85,219,313,28,1012,55,44,279,18758,17007,666,41,67,336,196,167,831,41,11,79,441,28,159,418,1698,415,1433,472,298,162,53,155,211,144,27,1399,1385,6078,149,1168,67,574,96,88,2899,22,49,45,14,28,65,1,0,2,15,14,2,1,2,66,19,89,0,41,17,0,10,7,36,4,3,11,1,15,16,2,10,32,25,8,3,40,49,20,16,43,3,15,0,3,34,8,4,12,2
324,478,72,2954,87,160,806,449,337,973,328,102,172,938,666,16187,227,939,4067,513,671,373,110,44,294,355,113,104,83,291,11694,504,193,409,2082,1499,432,310,607,34,185,111,4295,564,563,32,248,348,57,77,50,110,83,36,48,136,6,26,30,60,84,4,1,5,175,86,304,9,322,28,8,36,66,46,52,10,27,10,73,140,9,19,203,103,12,9,154,337,329,18,250,6,52,5,4,80,22,25,62,51
2,3,2,9,1,0,1,3314,1105,295,686,6274,7121,64,41,227,4153,3214,895,198,4501,400,502,40,119,10,9,9,13,59,1174,114,1395,12,6,35,83,30,24,6,53,51,368,41,88,77,410,4,3,76,0,0,2,0,0,1,22,73,30,251,6,3,7,17,0,0,8,24,51,16,3,4,31,18,12,1,4,0,3,11,0,9,6,1,2,0,25,19,4,3,4,1,11,0,0,4,1,3,0,2
1,4,1,13,1,0,4,7669,127,34,190,188,993,75,67,939,3214,6471,1838,137,1025,96,38,34,25,7,4,6,5,24,3542,80,365,3,21,52,69,12,71,7,21,19,530,12,158,14,66,1,0,34,0,1,3,0,3,1,12,43,28,102,13,7,5,4,0,5,9,21,87,7,11,13,49,14,27,1,3,0,5,30,2,6,9,5,1,0,9,21,15,0,18,0,2,1,1,6,0,3,14,9
24,40,6,221,6,6,59,2479,7985,1168,1900,529,505,357,336,4067,895,1838,10739,1930,2156,805,154,863,2712,114,247,45,97,273,5592,212,409,121,364,2134,903,301,468,43,242,217,2018,623,484,58,180,11,18,84,6,9,21,1,10,15,54,248,244,708,215,25,29,69,34,53,158,158,1038,94,88,131,379,203,247,3,40,4,63,276,14,71,189,49,37,11,181,443,357,29,245,5,69,15,16,63,10,54,107,94
8,15,1,89,4,0,21,6249,2740,133,396,1320,1842,303,196,513,198,137,1930,20590,192,1592,524,74,2808,242,400,30,25,97,505,598,3086,140,117,270,95,1622,35,12,58,79,649,416,7865,136,442,4,11,99,2,0,16,0,1,3,103,70,29,656,8,13,144,221,19,26,56,8,133,1620,1,120,106,2402,8,17,105,1,6,27,14,867,15,18,229,8,96,22,31,123,20,5,362,3,14,7,1,0,5,4
6,23,9,133,4,9,56,1115,743,5381,2258,8617,1679,289,167,671,4501,1025,2156,192,10281,1066,970,247,135,49,40,122,250,685,1535,647,1916,59,168,443,753,79,399,28,1449,1707,4407,133,172,170,1015,55,16,1442,5,5,8,3,1,3,12,82,85,242,63,15,10,12,10,15,53,55,381,27,22,31,148,41,67,3,9,2,27,101,7,25,70,17,13,5,86,162,74,9,65,2,19,3,3,16,2,8,26,18
289,1057,430,954,58,57,211,3374,1809,7554,4471,3806,665,910,831,373,400,96,805,1592,1066,17284,4106,154,1852,576,502,1037,5804,352,163,893,583,1228,189,249,241,671,288,369,9277,1614,923,2534,567,4918,2604,106,74,516,6,11,3,2,4,10,7,14,17,84,28,2,8,7,17,16,53,6,109,101,5,42,32,194,14,30,120,14,10,24,26,71,25,12,37,45,46,62,45,52,48,53,220,7,26,9,2,6,9,6
7,28,7,73,4,6,29,446,386,1176,1153,2924,305,148,41,110,502,38,154,524,970,4106,10245,182,1376,489,801,128,169,236,86,496,1951,303,89,117,42,1010,150,66,318,272,194,3067,316,5908,6005,39,16,106,0,0,1,0,0,0,3,5,2,22,2,1,4,2,2,7,9,1,20,51,0,38,16,121,3,52,228,3,1,9,43,54,4,2,39,41,14,5,4,117,5,31,362,2,30,2,0,1,3,0
5,23,12,65,6,22,72,81,8488,137,90,94,25,35,11,44,40,34,863,74,247,154,182,6012,1699,158,3331,180,31,40,59,213,121,230,516,2266,3396,98,5338,865,53,51,55,1365,45,39,176,232,19,12,3,2,15,1,2,7,48,122,117,627,70,17,14,43,12,13,52,73,370,198,30,51,218,242,70,22,138,7,14,87,27,69,47,21,36,32,183,125,35,50,46,20,170,2,26,25,0,10,27,10
10,3,4,106,2,7,39,581,10193,112,122,1191,661,198,79,294,119,25,2712,2808,135,1852,1376,1699,6401,257,7211,175,37,100,107,843,3009,438,197,824,356,354,217,376,62,59,201,3921,1184,214,909,37,13,64,4,2,27,0,3,7,97,71,34,797,14,18,212,176,50,75,69,21,180,2211,12,378,142,5330,15,92,1595,10,3,43,100,1648,29,65,1087,77,173,30,42,905,23,37,2361,6,95,10,1,6,20,9
64,73,24,698,21,6,84,92,120,93,34,56,35,1089,441,355,10,7,114,242,49,576,489,158,257,11072,428,68,64,136,246,6202,362,4468,132,143,24,5163,131,119,100,71,758,8562,2572,324,1732,59,34,63,2,1,7,1,0,3,0,4,0,20,5,1,4,0,10,3,14,0,16,7,0,112,26,60,4,267,420,14,3,7,246,59,9,7,35,202,9,10,3,180,12,176,1093,6,175,3,0,3,7,4
14,17,15,67,24,69,64,56,3629,73,54,161,173,57,28,113,9,4,247,400,40,502,801,3331,7211,428,19322,3560,43,42,22,1016,528,820,353,580,1257,280,2569,10410,35,24,60,10116,257,175,859,597,117,23,0,1,22,0,6,5,5,15,4,112,19,1,12,10,25,33,34,1,51,284,0,234,66,910,1,386,1585,80,2,19,298,307,15,17,225,329,54,20,10,667,19,417,2624,28,246,8,3,1,16,2
204,347,417,318,68,90,97,40,83,166,41,44,21,803,159,104,9,6,45,30,122,1037,128,180,175,68,3560,59365,1884,300,47,150,58,7091,102,89,944,70,894,16845,1307,230,223,1735,36,12371,6827,374,74,136,1,4,1,2,3,0,0,1,5,3,9,3,0,0,6,9,5,2,24,8,0,33,8,17,6,22,118,936,4,4,46,7,22,4,3,1403,24,10,17,20,30,2227,311,328,160,16,2,4,8,4
1721,1134,2457,374,1577,487,311,23,29,634,31,71,30,4706,418,83,13,5,97,25,250,5804,169,31,37,64,43,1884,52425,9731,90,445,170,235,57,100,118,38,138,170,22457,1137,488,267,97,1050,590,45,5247,431,3,3,3,12,8,10,1,3,1,12,23,0,0,0,20,21,38,1,96,3,3,8,19,11,15,3,9,6,13,31,4,4,38,10,2,10,21,57,64,0,51,14,15,2,4,11,1,7,15,10
818,789,955,375,584,125,135,98,30,209,54,192,171,24577,1698,291,59,24,273,97,685,352,236,40,100,136,42,300,9731,31938,396,2036,822,173,147,483,455,130,581,47,4706,6273,1826,230,356,232,1603,21,1586,2283,11,7,4,4,5,7,0,1,20,21,52,1,1,1,47,43,121,7,385,14,3,21,44,30,40,7,3,4,46,121,2,16,174,78,6,10,166,288,317,9,216,2,18,2,5,10,9,16,49,46
23,94,26,104,4,11,130,1493,135,320,108,154,945,866,415,11694,1174,3542,5592,505,1535,163,86,59,107,246,22,47,90,396,16741,535,563,201,545,686,488,220,536,18,217,172,6643,225,1174,20,210,30,21,442,47,45,45,6,17,40,5,14,38,66,98,7,5,4,134,91,281,19,533,19,7,45,71,36,67,3,13,3,86,199,7,22,233,137,11,3,217,345,335,8,288,2,31,4,4,41,25,28,70,50
136,140,27,965,52,9,117,317,193,771,56,338,553,5837,1433,504,114,80,212,598,647,893,496,213,843,6202,1016,150,445,2036,535,29389,10138,3049,186,186,52,4407,265,125,908,986,1866,6171,6471,415,14586,89,270,1131,1,3,8,1,3,1,4,7,5,47,21,1,9,4,11,8,16,1,31,68,3,209,33,183,7,390,735,40,4,12,398,134,12,8,114,434,20,22,18,344,30,290,1922,9,285,7,2,2,9,6
12,19,10,119,7,4,17,1005,566,1079,275,4606,4486,1235,472,193,1395,365,409,3086,1916,583,1951,121,3009,362,528,58,170,822,563,10138,19547,168,91,156,83,2216,115,17,581,689,1112,1989,3393,130,3780,20,29,865,1,1,7,0,0,6,15,19,4,106,7,2,25,25,6,6,11,5,52,354,3,67,23,759,4,24,225,3,1,15,24,284,12,10,173,16,35,14,16,143,8,9,334,3,14,2,0,2,3,1
102,133,84,731,26,27,146,74,201,183,34,58,22,766,298,409,12,3,121,140,59,1228,303,230,438,4468,820,7091,235,173,201,3049,168,12960,193,195,47,2120,350,5251,181,109,544,8834,352,4107,11105,126,42,64,0,4,3,2,1,0,0,0,2,10,11,3,2,1,3,6,7,0,12,7,1,103,17,55,3,169,247,376,8,7,251,33,10,3,20,2175,10,8,5,47,20,2401,1150,242,463,12,0,0,9,5
164,632,174,1247,104,963,2163,41,168,601,105,43,18,578,162,2082,6,21,364,117,168,189,89,516,197,132,353,102,57,147,545,186,91,193,5496,1455,984,105,5266,199,109,62,501,609,114,32,122,3253,251,23,79,154,101,36,69,172,3,5,27,49,106,6,0,4,288,92,348,11,206,21,4,44,51,30,38,5,32,8,69,118,5,17,170,126,12,4,171,296,156,17,255,4,55,5,4,107,32,23,45,23
14,38,15,175,5,13,174,80,923,625,222,147,48,416,53,1499,35,52,2134,270,443,249,117,2266,824,143,580,89,100,483,686,186,156,195,1455,4575,2213,166,3258,202,212,178,765,777,139,35,151,83,49,53,14,16,17,3,8,12,20,72,80,268,167,11,9,26,96,86,207,49,889,58,28,93,179,94,136,9,62,13,94,240,9,46,284,121,28,22,282,520,480,34,369,10,102,7,14,54,16,49,99,82
93,229,69,487,41,97,300,189,6293,761,188,252,141,773,155,432,83,69,903,95,753,241,42,3396,356,24,1257,944,118,455,488,52,83,47,984,2213,1598,18,7162,1696,271,276,553,276,36,28,67,1572,127,77,9,11,10,3,14,19,30,77,51,478,89,9,7,31,22,21,63,34,272,82,31,40,203,94,66,1,14,29,17,66,4,15,46,27,9,20,543,203,68,5,137,52,30,2,5,47,3,19,44,18
33,22,5,242,8,3,29,204,184,119,52,168,93,381,211,310,30,12,301,1622,79,671,1010,98,354,5163,280,70,38,130,220,4407,2216,2120,105,166,18,10661,115,57,82,81,480,7360,4796,119,1965,38,10,72,0,0,14,0,4,3,2,8,3,35,10,2,9,5,15,21,19,2,37,100,3,170,17,347,3,239,616,7,6,15,151,220,14,9,204,64,7,19,10,411,7,50,1238,4,96,0,2,3,9,3
114,417,113,721,107,445,540,83,278,681,106,65,9,1186,144,607,24,71,468,35,399,288,150,5338,217,131,2569,894,138,581,536,265,115,350,5266,3258,7162,115,22219,3547,230,144,599,1882,68,62,230,5675,519,53,58,86,73,26,53,255,10,16,70,143,149,9,2,9,263,112,297,22,569,19,14,66,136,34,86,16,69,44,100,183,15,20,239,152,15,46,247,418,326,27,343,72,134,8,23,58,25,32,84,37
21,55,54,61,25,130,37,15,176,66,18,11,3,98,27,34,6,7,43,12,28,369,66,865,376,119,10410,16845,170,47,18,125,17,5251,199,202,1696,57,3547,20877,137,35,46,11233,25,1188,1388,1279,233,19,3,3,4,1,5,5,0,2,1,10,9,4,2,2,3,7,5,0,7,6,2,138,19,28,3,137,340,1314,9,3,237,23,12,1,7,3568,15,2,10,38,39,5575,1456,488,504,15,3,1,7,4
941,1847,1903,975,341,224,295,77,51,8532,207,357,111,2936,1399,185,53,21,242,58,1449,9277,318,53,62,100,35,1307,22457,4706,217,908,581,181,109,212,271,82,230,137,43786,11777,2219,224,201,719,1146,47,96,3359,7,8,6,17,4,15,2,3,18,36,23,1,1,0,18,17,49,5,215,7,7,7,23,16,23,1,7,7,18,53,2,4,50,27,4,9,50,92,95,5,51,9,17,2,0,15,5,10,25,17
102,489,93,536,17,10,60,50,38,7054,135,312,144,1365,1385,111,51,19,217,79,1707,1614,272,51,59,71,24,230,1137,6273,172,986,689,109,62,178,276,81,144,35,11777,12585,2669,167,201,313,1083,21,8,7695,3,3,1,2,2,0,0,0,15,26,18,6,1,0,7,9,33,7,198,7,3,12,31,14,27,4,4,0,11,36,1,10,47,13,0,7,39,89,56,8,38,2,21,2,1,8,1,4,11,10
355,667,93,1080,60,12,137,1238,136,2460,213,518,946,5324,6078,4295,368,530,2018,649,4407,923,194,55,201,758,60,223,488,1826,6643,1866,1112,544,501,765,553,480,599,46,2219,2669,17419,470,2309,143,798,86,64,11842,24,34,19,3,20,25,2,9,26,49,78,3,5,6,91,63,179,12,398,31,4,38,48,44,48,2,25,4,57,146,3,19,182,75,13,12,185,272,221,21,169,5,47,1,7,34,19,26,47,24
50,73,26,543,46,87,156,159,1077,388,149,213,75,361,149,564,41,12,623,416,133,2534,3067,1365,3921,8562,10116,1735,267,230,225,6171,1989,8834,609,777,276,7360,1882,11233,224,167,470,30434,1020,1263,4244,693,156,96,1,4,15,1,9,7,3,14,10,51,35,1,13,9,31,39,34,5,67,99,12,445,71,444,13,912,1725,187,13,12,993,289,19,20,242,1624,42,31,28,676,61,1623,4983,66,695,36,1,10,39,12
68,103,16,607,15,4,54,1989,220,161,71,259,507,1961,1168,563,88,158,484,7865,172,567,316,45,1184,2572,257,36,97,356,1174,6471,3393,352,114,139,36,4796,68,25,201,201,2309,1020,10274,54,1040,19,25,346,1,5,4,0,1,3,3,13,14,78,13,3,33,20,9,20,29,3,86,427,1,207,41,1058,10,89,582,4,5,21,62,488,17,11,488,36,28,32,28,391,19,7,989,7,52,4,1,1,9,5
72,174,180,100,19,17,39,338,210,767,316,332,90,288,67,32,77,14,58,136,170,4918,5908,39,214,324,175,12371,1050,232,20,415,130,4107,32,35,28,119,62,1188,719,313,143,1263,54,9832,11071,17,6,149,1,1,1,0,0,2,0,2,1,11,5,0,1,1,8,3,5,1,26,8,0,7,2,23,2,8,41,173,4,4,11,2,4,0,5,461,3,8,2,19,2,538,93,86,38,2,0,1,2,1
102,137,77,542,24,14,78,301,284,1872,314,752,552,2763,574,248,410,66,180,442,1015,2604,6005,176,909,1732,859,6827,590,1603,210,14586,3780,11105,122,151,67,1965,230,1388,1146,1083,798,4244,1040,11071,30319,68,163,747,1,1,1,0,4,1,1,3,10,28,11,0,2,3,11,6,6,2,28,48,2,101,30,109,10,148,360,234,2,7,228,91,8,4,43,1537,16,18,10,150,12,1446,1104,160,390,3,0,3,17,3
130,409,314,1467,406,2815,2291,7,14,320,19,12,2,237,96,348,4,1,11,4,55,106,39,232,37,59,597,374,45,21,30,89,20,126,3253,83,1572,38,5675,1279,47,21,86,693,19,17,68,6327,900,12,41,120,55,24,81,203,0,3,3,6,12,0,0,0,86,14,114,0,8,0,0,5,4,8,3,1,13,10,5,8,4,1,22,23,3,12,37,50,6,4,22,36,37,5,2,120,6,4,4,0
1654,392,520,211,3137,1113,230,3,1,74,8,2,8,7855,88,57,3,0,18,11,16,74,16,19,13,34,117,74,5247,1586,21,270,29,42,251,49,127,10,519,233,96,8,64,156,25,6,163,900,12307,4,1,4,6,2,1,6,0,2,0,0,8,0,0,1,9,8,16,0,14,1,0,2,4,2,1,1,2,1,6,11,0,2,27,13,0,3,16,17,28,1,27,6,5,0,1,4,1,0,5,2
14,41,18,93,5,1,15,122,18,1335,47,151,366,2485,2899,77,76,34,84,99,1442,516,106,12,64,63,23,136,431,2283,442,1131,865,64,23,53,77,72,53,19,3359,7695,11842,96,346,149,747,12,4,13053,0,0,2,0,0,2,0,0,1,3,8,2,1,0,2,5,10,1,49,6,1,9,3,18,2,4,8,2,1,5,0,5,16,2,4,4,17,21,18,3,15,3,17,2,4,0,1,1,8,3
28,167,71,226,8,534,102,2,5,12,0,0,1,96,22,50,0,0,6,2,5,6,0,3,4,2,0,1,3,11,47,1,1,0,79,14,9,0,58,3,7,3,24,1,1,1,1,41,1,0,32937,11400,4323,18125,10721,4237,4,2,2,7,152,4,2,2,6605,476,819,3,22,18,3,341,7,14,8,36,20,147,2459,25,34,25,1961,108,19,82,42,154,38,39,237,26,88,102,26,362,8577,321,217,21
87,511,289,785,16,136,415,2,6,9,3,2,0,107,49,110,0,1,9,0,5,11,0,2,2,1,1,4,3,7,45,3,1,4,154,16,11,0,86,3,8,3,34,4,5,1,1,120,4,0,11400,71784,30328,17749,4016,11358,0,3,5,12,582,15,3,3,6545,280,1083,1,46,15,8,1708,9,18,15,22,14,287,2286,20,35,23,3306,53,15,155,48,257,63,28,239,21,93,315,67,434,925,1631,1046,76
60,265,113,407,10,35,166,7,43,10,5,3,4,109,45,83,2,3,21,16,8,3,1,15,27,7,22,1,3,4,45,8,7,3,101,17,10,14,73,4,6,1,19,15,4,1,1,55,6,2,4323,30328,34937,550,1187,6053,12,22,15,66,1198,42,27,20,21776,4787,6133,9,180,194,28,911,53,188,41,163,77,77,781,138,117,150,1548,454,128,174,74,627,144,486,259,23,788,68,82,347,639,987,1639,208
27,119,205,283,13,3168,184,0,1,3,0,1,0,21,14,36,0,0,1,0,3,2,0,1,0,1,0,2,12,4,6,1,0,2,36,3,3,0,26,1,17,2,3,1,0,0,0,24,2,0,18125,17749,550,39468,19559,15162,1,1,1,1,58,0,0,0,414,43,169,0,5,3,1,278,4,5,4,4,8,145,1500,6,6,8,1225,6,3,54,5,162,8,3,445,14,28,100,16,325,608,272,103,8
39,255,209,484,15,432,323,2,15,10,1,0,0,37,28,48,0,3,10,1,1,4,0,2,3,0,6,3,8,5,17,3,0,1,69,8,14,4,53,5,4,2,20,9,1,0,4,81,1,0,10721,4016,1187,19559,26797,8509,1,2,6,9,137,6,0,2,1185,34,672,0,8,2,6,76,26,50,10,7,143,53,469,8,3,8,214,16,2,20,86,1520,18,7,819,94,118,13,13,7421,3467,96,107,17
92,656,410,1148,25,201,683,4,29,6,3,1,2,105,65,136,1,1,15,3,3,10,0,7,7,3,5,0,10,7,40,1,6,0,172,12,19,3,255,5,15,0,25,7,3,2,1,203,6,2,4237,11358,6053,15162,8509,26947,1,3,3,16,494,15,5,1,978,58,1476,1,23,6,10,390,26,44,12,17,37,41,446,8,20,15,511,16,14,40,52,1062,30,66,746,10,176,36,21,2202,185,346,463,71
0,1,0,0,0,0,0,157,806,2,6,12,69,3,1,6,22,12,54,103,12,7,3,48,97,0,5,0,1,0,5,4,15,0,3,20,30,2,10,0,2,0,2,3,3,0,1,0,0,0,4,0,12,1,1,1,3406,8907,1312,533,24,56,381,5288,200,268,61,1263,513,1817,110,254,81,90,76,17,5,0,14,504,38,894,50,139,102,16,108,8,130,15,13,2,33,6,40,2,6,1,18,5
1,4,1,3,0,0,1,336,1456,17,21,22,71,4,0,26,73,43,248,70,82,14,5,122,71,4,15,1,3,1,14,7,19,0,5,72,77,8,16,2,3,0,9,14,13,2,3,3,2,0,2,3,22,1,2,3,8907,24056,7144,2530,155,484,691,3306,85,145,136,6994,1700,4161,570,1544,144,137,150,141,29,20,22,836,153,1411,32,208,456,117,341,35,116,138,38,14,202,106,181,9,2,10,26,15
0,0,1,8,0,0,6,129,456,40,17,35,12,11,2,30,30,28,244,29,85,17,2,117,34,0,4,5,1,20,38,5,4,2,27,80,51,3,70,1,18,15,26,10,14,1,10,3,0,1,2,5,15,1,6,3,1312,7144,6307,2868,534,973,350,1124,45,88,125,5655,2905,1020,417,1412,63,139,294,65,10,9,35,2666,112,739,62,130,266,73,183,57,99,69,39,6,114,55,120,8,4,34,55,22
5,8,3,26,0,2,15,1283,6959,93,74,137,470,15,15,60,251,102,708,656,242,84,22,627,797,20,112,3,12,21,66,47,106,10,49,268,478,35,143,10,36,26,49,51,78,11,28,6,0,3,7,12,66,1,9,16,533,2530,2868,46410,441,944,1083,1205,56,88,310,1414,3725,5970,1436,2595,8772,10994,367,68,1014,37,57,436,95,719,53,132,122,156,6444,267,128,188,118,75,1366,227,250,32,6,37,75,53
17,54,15,72,4,8,39,40,129,34,13,12,3,134,14,84,6,13,215,8,63,28,2,70,14,5,19,9,23,52,98,21,7,11,106,167,89,10,149,9,23,18,78,35,13,5,11,12,8,8,152,582,1198,58,137,494,24,155,534,441,35491,5823,768,51,557,731,1505,322,2675,65,4615,5377,194,68,2632,117,83,187,575,484,531,245,888,271,57,666,547,824,1634,114,649,80,568,692,1639,804,86,16860,16743,6673
1,2,0,4,0,0,1,14,40,3,1,8,4,8,2,4,3,7,25,13,15,2,1,17,18,1,1,3,0,1,7,1,2,3,6,11,9,2,9,4,1,6,3,1,3,0,0,0,0,2,4,15,42,0,6,15,56,484,973,944,5823,6287,4581,248,42,85,142,555,983,170,4575,6206,84,97,1262,10,14,13,31,337,10,203,76,64,13,46,63,68,397,20,27,5,81,107,133,19,1,107,251,301
0,0,0,1,0,0,1,29,198,6,2,5,27,5,1,1,7,5,29,144,10,8,4,14,212,4,12,0,0,1,5,9,25,2,0,9,7,9,2,2,1,1,5,13,33,1,2,0,0,1,2,3,27,0,0,5,381,691,350,1083,768,4581,11613,7298,59,162,73,2002,356,1225,4696,7391,107,1370,1078,25,91,12,20,833,60,4241,55,70,127,102,102,23,366,90,15,16,347,208,384,7,3,24,88,116
0,0,0,0,0,1,0,87,611,11,8,19,48,0,2,5,17,4,69,221,12,7,2,43,176,0,10,0,0,1,4,4,25,1,4,26,31,5,9,2,0,0,6,9,20,1,3,0,1,0,2,3,20,0,2,1,5288,3306,1124,1205,51,248,7298,14589,254,498,92,3333,697,1955,1799,1860,159,710,409,16,36,7,29,1329,91,4745,132,203,115,36,156,20,402,44,18,2,134,40,189,2,14,12,55,35
112,396,119,511,14,36,220,6,46,42,5,1,3,328,66,175,0,0,34,19,10,17,2,12,50,10,25,6,20,47,134,11,6,3,288,96,22,15,263,3,18,7,91,31,9,8,11,86,9,2,6605,6545,21776,414,1185,978,200,85,45,56,557,42,59,254,38986,19904,2745,68,245,477,40,782,34,137,67,957,49,180,4857,358,780,786,14530,1521,720,739,197,418,873,647,862,42,755,106,286,455,6840,675,1406,434
31,90,22,97,6,3,39,8,63,27,6,6,6,204,19,86,0,5,53,26,15,16,7,13,75,3,33,9,21,43,91,8,6,6,92,86,21,21,112,7,17,9,63,39,20,3,6,14,8,5,476,280,4787,43,34,58,268,145,88,88,731,85,162,498,19904,34764,1553,127,558,630,109,888,28,244,328,1020,68,157,1219,1152,1767,1645,11158,4390,1184,1158,225,269,10455,567,279,40,784,118,814,92,470,732,4041,4092
101,525,202,719,28,58,331,37,173,85,4,13,21,446,89,304,8,9,158,56,53,53,9,52,69,14,34,5,38,121,281,16,11,7,348,207,63,19,297,5,49,33,179,34,29,5,6,114,16,10,819,1083,6133,169,672,1476,61,136,125,310,1505,142,73,92,2745,1553,16400,96,3117,506,71,744,177,517,758,163,275,39,387,4259,136,343,918,4744,163,138,432,3767,824,635,924,23,1242,40,93,2001,188,470,1096,242
0,0,1,7,1,0,1,101,418,19,15,24,11,4,0,9,24,21,158,8,55,6,1,73,21,0,1,2,1,7,19,1,5,0,11,49,34,2,22,0,5,7,12,5,3,1,2,0,0,1,3,1,9,0,0,1,1263,6994,5655,1414,322,555,2002,3333,68,127,96,5894,1118,141,3510,956,141,80,749,11,17,6,5,3735,58,661,22,132,44,28,160,42,266,23,29,2,66,33,154,4,0,7,49,77
9,20,7,45,7,3,29,177,628,233,65,93,77,288,41,322,51,87,1038,133,381,109,20,370,180,16,51,24,96,385,533,31,52,12,206,889,272,37,569,7,215,198,398,67,86,26,28,8,14,49,22,46,180,5,8,23,513,1700,2905,3725,2675,983,356,697,245,558,3117,1118,7478,2286,743,1653,1939,1867,1676,129,304,43,320,4051,151,966,799,1188,360,129,1088,1374,1298,341,275,45,986,72,159,50,27,309,752,471
2,3,0,14,0,1,4,344,2513,15,20,109,458,34,17,28,16,7,94,1620,27,101,51,198,2211,7,284,8,3,14,19,68,354,7,21,58,82,100,19,6,7,7,31,99,427,8,48,0,1,6,18,15,194,3,2,6,1817,4161,1020,5970,65,170,1225,1955,477,630,506,141,2286,28021,84,1700,265,5178,112,373,252,17,43,632,259,8658,108,545,2585,195,184,47,233,3553,9,10,4649,27,175,6,19,19,60,20
1,2,0,3,1,0,3,40,147,8,3,5,5,6,0,8,3,11,88,1,22,5,0,30,12,0,0,0,3,3,7,3,3,1,4,28,31,3,14,2,7,3,4,12,1,0,2,0,0,1,3,8,28,1,6,10,110,570,417,1436,4615,4575,4696,1799,40,109,71,3510,743,84,7500,2351,191,74,6621,19,20,16,21,2579,140,428,100,32,14,125,142,76,1172,22,33,13,116,161,461,26,1,92,448,3267
6,14,5,31,1,4,21,51,248,20,12,22,22,62,10,36,4,13,131,120,31,42,38,51,378,112,234,33,8,21,45,209,67,103,44,93,40,170,66,138,7,12,38,445,207,7,101,5,2,9,341,1708,911,278,76,390,254,1544,1412,2595,5377,6206,7391,1860,782,888,744,956,1653,1700,2351,49919,318,2625,1610,917,1496,1450,4264,980,668,6441,1991,279,764,3562,291,250,1124,2714,252,940,8242,9446,12698,234,71,3275,1747,600
2,7,2,22,0,2,4,174,894,71,35,63,52,41,7,66,31,49,379,106,148,32,16,218,142,26,66,8,19,44,71,33,23,17,51,179,203,17,136,19,23,31,48,71,41,2,30,4,4,3,7,9,53,4,26,26,81,144,63,8772,194,84,107,159,34,28,177,141,1939,265,191,318,8910,4109,177,27,1490,33,30,110,75,238,58,19,26,102,4336,1219,82,61,1342,194,1409,19,85,213,17,24,100,35
3,7,6,20,2,1,7,238,2616,15,22,163,402,62,36,46,18,14,203,2402,41,194,121,242,5330,60,910,17,11,30,36,183,759,55,30,94,94,347,34,28,16,14,44,444,1058,23,109,8,2,18,14,18,188,5,50,44,90,137,139,10994,68,97,1370,710,137,244,517,80,1867,5178,74,2625,4109,14353,100,72,11956,75,20,182,173,6297,85,163,820,175,1662,691,125,295,1477,1579,4199,46,308,254,27,19,61,22
1,4,1,9,3,0,4,31,118,44,20,10,7,34,4,52,12,27,247,8,67,14,3,70,15,4,1,6,15,40,67,7,4,3,38,136,66,3,86,3,23,27,48,13,10,2,10,3,1,2,8,15,41,4,10,12,76,150,294,367,2632,1262,1078,409,67,328,758,749,1676,112,6621,1610,177,100,4339,71,25,37,75,5766,513,908,412,639,170,299,375,333,2273,64,107,19,175,176,899,36,7,180,973,3033
0,4,0,9,0,0,4,3,25,5,5,2,4,6,3,10,1,1,3,17,3,30,52,22,92,267,386,22,3,7,3,390,24,169,5,9,1,239,16,137,1,4,2,912,89,8,148,1,1,4,36,22,163,4,7,17,17,141,65,68,117,10,25,16,957,1020,163,11,129,373,19,917,27,72,71,9122,284,32,295,140,4255,891,1220,157,4680,8606,12,18,201,6679,18,83,5260,43,811,12,89,75,331,125
5,9,1,20,1,0,8,20,298,17,10,28,26,27,11,27,4,3,40,105,9,120,228,138,1595,420,1585,118,9,3,13,735,225,247,32,62,14,616,69,340,7,4,25,1725,582,41,360,13,2,8,20,14,77,8,143,37,5,29,10,1014,83,14,91,36,49,68,275,17,304,252,20,1496,1490,11956,25,284,14534,1331,34,37,599,1208,63,33,414,548,1064,654,46,193,2307,11902,11989,53,736,828,67,17,75,27
3,2,3,1,1,5,0,3,4,4,1,0,0,16,1,10,0,0,4,1,2,14,3,7,10,14,80,936,6,4,3,40,3,376,8,13,29,7,44,1314,7,0,4,187,4,173,234,10,1,2,147,287,77,145,53,41,0,20,9,37,187,13,12,7,180,157,39,6,43,17,16,1450,33,75,37,32,1331,41356,4434,18,51,47,1287,16,23,15843,186,39,57,52,192,13499,628,17677,612,169,92,313,384,94
7,24,9,39,1,77,14,4,7,19,4,2,0,129,15,73,3,5,63,6,27,10,1,14,3,3,2,4,13,46,86,4,1,8,69,94,17,6,100,9,18,11,57,13,5,4,2,5,6,1,2459,2286,781,1500,469,446,14,22,35,57,575,31,20,29,4857,1219,387,5,320,43,21,4264,30,20,75,295,34,4434,90457,148,405,158,17930,185,117,1084,222,208,426,80,215,237,294,1980,381,259,11244,12589,1403,209
15,24,9,49,2,0,17,55,159,68,13,15,13,182,16,140,11,30,276,27,101,24,9,87,43,7,19,4,31,121,199,12,15,7,118,240,66,15,183,3,53,36,146,12,21,4,7,8,11,5,25,20,138,6,8,8,504,836,2666,436,484,337,833,1329,358,1152,4259,3735,4051,632,2579,980,110,182,5766,140,37,18,148,11608,377,1602,422,4861,442,149,398,383,1041,242,169,6,283,60,391,48,32,93,263,199
0,0,0,8,0,0,3,8,43,7,0,4,5,4,2,9,0,2,14,14,7,26,43,27,100,246,298,46,4,2,7,398,24,251,5,9,4,151,15,237,2,1,3,993,62,11,228,4,0,0,34,35,117,6,3,20,38,153,112,95,531,10,60,91,780,1767,136,58,151,259,140,668,75,173,513,4255,599,51,405,377,12594,4055,2286,118,3869,5302,38,38,911,2616,59,187,4522,161,9601,28,80,220,1445,681
1,4,1,15,0,1,2,83,621,9,7,44,124,23,10,19,9,6,71,867,25,71,54,69,1648,59,307,7,4,16,22,134,284,33,17,46,15,220,20,23,4,10,19,289,488,2,91,1,2,5,25,23,150,8,8,15,894,1411,739,719,245,203,4241,4745,786,1645,343,661,966,8658,428,6441,238,6297,908,891,1208,47,158,1602,4055,21912,868,409,10151,891,110,60,1337,3068,37,54,5874,243,4515,25,52,100,561,319
23,67,15,86,3,39,39,12,42,58,13,8,8,339,32,203,6,9,189,15,70,25,4,47,29,9,15,22,38,174,233,12,12,10,170,284,46,14,239,12,50,47,182,19,17,4,8,22,27,16,1961,3306,1548,1225,214,511,50,32,62,53,888,76,55,132,14530,11158,918,22,799,108,100,1991,58,85,412,1220,63,1287,17930,422,2286,868,50625,691,572,2182,713,572,3633,193,499,134,583,712,1157,332,1749,5247,16888,3807
31,75,22,89,4,5,41,14,57,31,6,1,11,218,25,103,1,5,49,18,17,12,2,21,65,7,17,4,10,78,137,8,10,3,126,121,27,9,152,1,27,13,75,20,11,0,4,23,13,2,108,53,454,6,16,16,139,208,130,132,271,64,70,203,1521,4390,4744,132,1188,545,32,279,19,163,639,157,33,16,185,4861,118,409,691,3110,280,96,241,299,1174,428,294,4,433,17,96,104,90,120,480,212
0,0,0,5,0,0,4,16,103,2,3,16,12,11,8,12,2,1,37,229,13,37,39,36,1087,35,225,3,2,6,11,114,173,20,12,28,9,204,15,7,4,0,13,242,488,5,43,3,0,4,19,15,128,3,2,14,102,456,266,122,57,13,127,115,720,1184,163,44,360,2585,14,764,26,820,170,4680,414,23,117,442,3869,10151,572,280,6904,1329,25,22,464,1924,16,17,1873,17,728,5,40,46,254,101
1,5,0,8,1,2,1,2,25,8,2,4,1,8,3,9,0,0,11,8,5,45,41,32,77,202,329,1403,10,10,3,434,16,2175,4,22,20,64,46,3568,9,7,12,1624,36,461,1537,12,3,4,82,155,174,54,20,40,16,117,73,156,666,46,102,36,739,1158,138,28,129,195,125,3562,102,175,299,8606,548,15843,1084,149,5302,891,2182,96,1329,34774,74,63,551,2308,122,6404,12234,7680,7335,53,86,293,1247,528
21,85,19,130,5,9,66,111,1119,85,27,48,103,374,40,154,25,9,181,96,86,46,14,183,173,9,54,24,21,166,217,20,35,10,171,282,543,7,247,15,50,39,185,42,28,3,16,37,16,17,42,48,74,5,86,52,108,341,183,6444,547,63,102,156,197,225,432,160,1088,184,142,291,4336,1662,375,12,1064,186,222,398,38,110,713,241,25,74,1100,2974,764,23,5870,846,818,16,56,885,63,173,393,234
66,264,84,346,13,32,136,77,223,103,31,29,15,544,49,337,19,21,443,22,162,62,5,125,30,10,20,10,57,288,345,22,14,8,296,520,203,19,418,2,92,89,272,31,32,8,18,50,17,21,154,257,627,162,1520,1062,8,35,57,267,824,68,23,20,418,269,3767,42,1374,47,76,250,1219,691,333,18,654,39,208,383,38,60,572,299,22,63,2974,9365,747,61,8246,203,655,20,42,4797,148,195,479,226
6,27,8,39,3,0,36,24,55,82,21,12,13,386,20,329,4,15,357,31,74,45,4,35,42,3,10,17,64,317,335,18,16,5,156,480,68,10,326,10,95,56,221,28,28,2,10,6,28,18,38,63,144,8,18,30,130,116,99,128,1634,397,366,402,873,10455,824,266,1298,233,1172,1124,82,125,2273,201,46,57,426,1041,911,1337,3633,1174,464,551,764,747,14147,171,470,26,304,170,1211,122,68,606,8596,15391
2,7,0,16,2,1,10,9,92,2,7,14,10,17,16,18,3,0,29,123,9,52,117,50,905,180,667,20,0,9,8,344,143,47,17,34,5,411,27,38,5,8,21,676,391,19,150,4,1,3,39,28,486,3,7,66,15,138,69,188,114,20,90,44,647,567,635,23,341,3553,22,2714,61,295,64,6679,193,52,80,242,2616,3068,193,428,1924,2308,23,61,171,11060,35,95,9826,68,1280,20,31,35,98,54
40,156,41,175,12,7,72,44,203,88,30,12,10,493,43,250,4,18,245,20,65,48,5,46,23,12,19,30,51,216,288,30,8,20,255,369,137,7,343,39,51,38,169,61,19,2,12,22,27,15,237,239,259,445,819,746,13,38,39,118,649,27,15,18,862,279,924,29,275,9,33,252,1342,1477,107,18,2307,192,215,169,59,37,499,294,16,122,5870,8246,470,35,17749,1647,1591,26,83,8271,215,138,376,171
3,5,4,5,2,6,2,3,9,4,0,2,1,15,3,6,1,0,5,5,2,53,31,20,37,176,417,2227,14,2,2,290,9,2401,4,10,52,50,72,5575,9,2,5,1623,7,538,1446,36,6,3,26,21,23,14,94,10,2,14,6,75,80,5,16,2,42,40,23,2,45,10,13,940,194,1579,19,83,11902,13499,237,6,187,54,134,4,17,6404,846,203,26,95,1647,36734,8087,808,898,710,56,24,74,19
4,17,4,54,2,4,36,46,429,25,20,46,44,61,15,52,11,2,69,362,19,220,362,170,2361,1093,2624,311,15,18,31,1922,334,1150,55,102,30,1238,134,1456,17,21,47,4983,989,93,1104,37,5,17,88,93,788,28,118,176,33,202,114,1366,568,81,347,134,755,784,1242,66,986,4649,116,8242,1409,4199,175,5260,11989,628,294,283,4522,5874,583,433,1873,12234,818,655,304,9826,1591,8087,30195,419,4546,609,107,124,455,133
1,1,0,4,0,1,0,1,9,6,0,1,0,7,0,5,0,1,15,3,3,7,2,2,6,6,28,328,2,2,4,9,3,242,5,7,2,4,8,488,2,2,1,66,7,86,160,5,0,2,102,315,68,100,13,36,6,106,55,227,692,107,208,40,106,118,40,33,72,27,161,9446,19,46,176,43,53,17677,1980,60,161,243,712,17,17,7680,16,20,170,68,26,808,419,10342,4083,6,25,360,474,138
0,0,0,8,0,0,2,5,33,3,1,3,4,6,3,4,0,1,16,14,3,26,30,26,95,175,246,160,4,5,4,285,14,463,4,14,5,96,23,504,0,1,7,695,52,38,390,2,1,4,26,67,82,16,13,21,40,181,120,250,1639,133,384,189,286,814,93,154,159,175,461,12698,85,308,899,811,736,612,381,391,9601,4515,1157,96,728,7335,56,42,1211,1280,83,898,4546,4083,19030,40,28,240,1525,857
50,282,222,631,13,87,409,15,72,10,5,7,1,72,34,80,4,6,63,7,16,9,2,25,10,3,8,16,11,10,41,7,2,12,107,54,47,0,58,15,15,8,34,36,4,2,3,120,4,0,362,434,347,325,7421,2202,2,9,8,32,804,19,7,2,455,92,2001,4,50,6,26,234,213,254,36,12,828,169,259,48,28,25,332,104,5,53,885,4797,122,20,8271,710,609,6,40,9862,741,188,522,104
3,25,18,40,2,33,24,2,5,8,0,0,0,41,8,22,1,0,10,1,2,2,0,0,1,0,3,2,1,9,25,2,0,0,32,16,3,2,25,3,5,1,19,1,1,0,0,6,1,1,8577,925,639,608,3467,185,6,2,4,6,86,1,3,14,6840,470,188,0,27,19,1,71,17,27,7,89,67,92,11244,32,80,52,1749,90,40,86,63,148,68,31,215,56,107,25,28,741,22568,42,64,10
2,15,4,19,1,7,8,6,19,12,4,2,1,45,4,25,3,3,54,0,8,6,1,10,6,3,1,4,7,16,28,2,2,0,23,49,19,3,32,1,10,4,26,10,1,1,3,4,0,1,321,1631,987,272,96,346,1,10,34,37,16860,107,24,12,675,732,470,7,309,19,92,3275,24,19,180,75,17,313,12589,93,220,100,5247,120,46,293,173,195,606,35,138,24,124,360,240,188,42,29249,8699,714
6,27,12,36,2,2,20,12,43,23,6,4,3,77,12,62,0,14,107,5,26,9,3,27,20,7,16,8,15,49,70,9,3,9,45,99,44,9,84,7,25,11,47,39,9,2,17,4,5,8,217,1046,1639,103,107,463,18,26,55,75,16743,251,88,55,1406,4041,1096,49,752,60,448,1747,100,61,973,331,75,384,1403,263,1445,561,16888,480,254,1247,393,479,8596,98,376,74,455,474,1525,522,64,8699,25218,12645
4,6,2,14,0,0,6,10,23,15,3,7,0,46,2,51,2,9,94,4,18,6,0,10,9,4,2,4,10,46,50,6,1,5,23,82,18,3,37,4,17,10,24,12,5,1,3,0,2,3,21,76,208,8,17,71,5,15,22,53,6673,301,116,35,434,4092,242,77,471,20,3267,600,35,22,3033,125,27,94,209,199,681,319,3807,212,101,528,234,226,15391,54,171,19,133,138,857,104,10,714,12645,12479
