20042,3171,10438,1427,19858,4493,261,0,0,27,1,0,0,19086,522,141,0,1,2,0,0,109,0,1,0,1,0,3,282,182,8,2,0,1,7,0,21,1,9,0,94,28,26,2,1,3,0,6,1287,5,0,5,8,0,4,9,0,0,0,0,3,0,0,0,1,1,6,0,0,0,0,0,0,0,1,0,0,0,2,0,0,0,0,3,0,0,2,7,0,0,1,0,0,0,0,4,0,2,1,0
3171,15630,10747,19651,1121,2486,1225,1,1,103,1,0,0,6285,1823,103,0,1,2,1,0,335,1,5,0,0,0,1,363,407,2,2,1,1,21,1,88,0,43,0,366,183,27,0,1,13,0,29,410,49,2,14,32,12,4,28,1,0,0,0,3,1,0,0,4,2,29,0,1,1,0,1,0,0,0,0,0,0,4,2,0,0,5,5,0,0,11,32,0,0,5,0,0,0,0,19,1,4,6,0
10438,10747,31709,7179,6518,6013,6711,4,1,122,2,1,1,1696,459,87,0,3,4,0,2,592,3,5,0,1,0,5,689,747,6,1,3,1,95,11,142,0,151,0,648,297,15,0,4,23,4,83,563,109,85,351,92,1206,37,350,0,0,1,1,2,0,1,0,7,3,73,0,1,0,0,6,1,0,0,0,0,0,13,1,0,0,9,12,0,1,32,67,1,0,19,0,0,0,0,63,3,7,11,3
1427,19651,7179,53783,554,6842,22633,7,5,595,18,4,3,7066,15666,9846,0,5,13,6,4,659,2,11,2,3,2,4,683,891,76,10,7,12,250,4,613,8,439,1,815,469,2011,14,19,17,9,564,429,138,57,298,842,216,226,588,1,0,0,0,19,2,0,0,45,16,234,0,4,4,0,35,1,1,4,0,0,0,40,6,0,1,46,43,2,0,98,333,8,0,96,2,1,3,0,926,28,18,28,13
19858,1121,6518,554,33763,26461,145,0,0,35,0,1,0,10638,437,197,0,1,2,1,0,43,0,0,0,2,2,1,305,145,24,3,0,2,27,1,58,3,52,0,36,14,20,3,5,3,2,267,7136,4,2,9,17,5,9,16,0,0,0,0,4,0,0,0,1,0,19,0,0,0,0,2,0,0,0,0,1,0,4,0,0,0,5,6,0,0,9,24,0,0,4,0,0,0,0,17,0,1,3,1
4493,2486,6013,6842,26461,26398,24473,4,1,55,1,0,0,1671,765,210,1,0,8,2,1,294,1,7,2,2,6,2,643,723,25,4,4,4,340,7,239,2,455,4,438,164,40,13,2,18,4,5358,3163,75,14,47,136,1262,150,436,0,0,0,0,9,0,0,0,20,9,104,1,2,0,1,13,1,0,0,1,0,0,17,5,0,1,12,21,0,0,54,92,3,0,25,0,0,0,0,193,9,14,11,6
261,1225,6711,22633,145,24473,29395,3,27,314,39,4,1,326,338,4997,2,3,7,4,17,244,0,92,7,4,5,2,170,145,39,1,6,5,4721,17,1059,2,1897,1,173,100,85,15,1,7,1,3526,94,26,52,229,732,169,170,1582,0,1,0,0,18,0,0,0,37,9,183,0,6,2,2,25,3,0,2,0,0,0,30,7,0,1,25,19,0,1,80,235,1,1,64,0,0,0,0,978,30,15,40,6
0,1,4,7,0,4,3,32494,3390,297,2215,2058,7135,10,301,875,4559,8184,1509,8168,351,2559,318,237,127,29,135,10,34,22,671,71,1881,33,13,29,1837,133,15,3,16,31,402,126,1567,79,59,1,1,50,0,3,11,1,1,2,162,272,75,468,81,104,63,57,4,1,34,66,63,232,55,73,42,38,13,4,26,1,4,37,3,59,3,5,28,2,156,13,2,6,1,0,17,2,3,7,1,2,6,5
0,1,1,5,0,1,27,3390,58526,327,874,1837,1459,1,18,448,684,129,2278,3783,471,1031,362,14746,6048,60,3545,16,35,21,122,122,844,134,56,254,13003,166,300,57,19,28,43,1187,271,73,160,7,0,23,1,2,13,0,1,14,332,527,149,1009,125,151,149,104,5,7,77,107,99,558,110,145,75,176,24,10,111,2,10,75,8,198,9,4,114,14,526,22,7,50,7,3,84,5,7,18,0,7,18,10
27,103,122,595,35,55,314,297,327,39672,5308,2996,152,193,653,3872,525,450,1099,138,3274,3467,1529,544,172,46,90,222,384,200,1068,566,850,272,818,348,1864,52,726,66,19080,11224,3255,431,172,1722,1528,189,81,4221,3,6,25,5,4,17,9,18,31,39,91,32,12,5,8,5,113,16,84,33,55,39,23,18,34,11,17,2,15,90,10,21,18,14,21,11,90,75,13,10,18,23,57,3,9,18,3,15,38,17
1,1,2,18,0,1,39,2215,874,5308,5644,11336,706,8,25,828,746,307,1211,458,2065,4839,2020,245,180,15,128,35,36,14,227,17,205,43,137,125,723,21,146,13,33,46,82,207,50,664,135,33,7,29,0,1,3,0,2,3,20,27,43,96,45,43,18,8,0,1,34,25,32,48,41,21,24,19,6,2,10,0,4,26,0,26,0,2,19,1,40,13,0,6,1,8,23,1,4,5,1,6,7,7
0,0,1,4,1,0,4,2058,1837,2996,11336,25598,9869,3,38,175,3862,1257,457,1260,6067,4165,4990,365,1416,16,582,39,64,80,159,146,6531,65,42,63,1135,84,22,12,58,237,180,334,137,778,405,2,0,258,1,1,2,2,0,3,53,83,48,234,47,64,89,30,5,5,25,52,29,366,45,107,23,164,8,7,60,1,1,34,5,168,2,4,153,8,75,4,0,43,2,2,58,2,6,4,0,1,8,3
0,0,1,3,0,0,1,7135,1459,152,706,9869,23807,6,200,62,4048,1300,122,2447,248,707,433,56,324,3,375,6,19,34,125,76,9855,11,9,9,1340,25,3,3,25,95,251,74,563,52,110,0,0,233,0,1,3,0,0,9,135,163,21,280,17,52,52,64,1,4,28,25,13,291,10,50,22,66,6,1,41,1,1,11,2,81,1,2,19,3,93,7,0,6,0,0,11,1,2,7,1,3,1,1
19086,6285,1696,7066,10638,1671,326,10,1,193,8,3,6,66967,24048,887,2,4,13,19,3,195,12,15,24,43,7,20,4856,23597,235,128,61,64,102,9,183,27,133,8,266,345,378,52,144,27,85,94,17227,2936,4,16,38,7,8,26,0,0,0,1,8,0,0,0,13,4,61,0,3,6,1,10,2,4,1,1,5,1,8,5,1,3,8,11,3,2,36,67,1,0,20,0,2,0,0,19,6,3,8,4
522,1823,459,15666,437,765,338,301,18,653,25,38,200,24048,28370,2948,19,80,63,202,22,373,65,19,123,247,54,88,2215,3284,3277,1190,804,348,81,27,326,152,121,15,791,993,17134,256,2252,65,536,564,1134,9447,5,14,15,4,10,18,2,0,0,7,17,2,6,0,13,13,103,0,8,29,3,26,2,32,2,7,20,1,20,16,3,28,11,25,54,3,68,70,5,16,17,3,23,1,0,15,4,5,21,12
141,103,87,9846,197,210,4997,875,448,3872,828,175,62,887,2948,26810,129,918,10697,451,447,1144,96,578,158,166,66,36,537,559,15196,162,136,195,2045,3619,1978,287,1219,13,737,619,9605,508,405,40,124,936,165,312,48,181,585,138,135,351,17,10,9,27,72,11,5,4,79,44,446,10,57,27,11,62,10,15,13,5,10,0,67,67,2,16,93,89,19,3,338,524,14,12,151,1,29,1,3,445,22,42,90,23
0,0,0,0,0,1,2,4559,684,525,746,3862,4048,2,19,129,7844,1446,412,66,9613,239,259,203,20,3,6,3,9,19,202,28,323,7,27,33,595,5,18,2,22,80,269,21,19,53,67,1,0,83,0,0,0,0,0,0,8,34,37,111,39,33,10,7,0,0,13,30,25,6,39,27,15,7,6,1,3,0,3,16,0,6,1,0,5,0,43,6,1,1,1,1,4,0,0,0,0,0,3,0
1,1,3,5,1,0,3,8184,129,450,307,1257,1300,4,80,918,1446,2571,3254,309,631,145,218,131,31,33,23,12,29,37,693,158,744,31,23,26,741,62,26,4,56,203,747,58,1075,23,119,3,2,280,0,1,2,0,0,3,8,9,33,33,75,17,5,3,2,0,54,14,78,20,36,28,25,8,18,1,5,0,8,62,0,9,7,0,14,5,23,22,5,4,2,0,11,0,1,0,2,7,19,4
2,2,4,13,2,8,7,1509,2278,1099,1211,457,122,13,63,10697,412,3254,5833,442,724,697,109,1125,257,30,68,7,148,93,2156,43,85,49,524,2354,1163,105,124,1,126,103,394,310,172,19,49,3,3,93,0,1,8,1,1,6,14,13,12,30,97,20,10,5,4,8,141,14,71,24,29,41,27,11,24,1,7,1,31,79,4,11,18,12,15,0,123,115,11,10,29,2,12,4,0,3,2,14,38,19
0,1,0,6,1,2,4,8168,3783,138,458,1260,2447,19,202,451,66,309,442,29037,66,1127,642,87,1436,160,2478,21,41,41,468,171,5460,112,26,67,2652,2486,13,5,17,76,204,1693,4453,90,201,1,5,108,1,0,19,2,2,15,466,388,43,553,18,102,298,193,18,14,130,31,51,2090,12,342,73,804,12,16,271,3,5,62,12,802,10,22,459,14,176,19,1,88,1,1,105,4,15,8,1,4,9,6
0,0,2,4,0,1,17,351,471,3274,2065,6067,248,3,22,447,9613,631,724,66,11194,506,697,411,80,23,44,22,43,70,878,225,475,75,195,200,1046,13,245,5,121,431,2752,79,104,217,363,7,0,3106,0,4,4,1,0,1,5,11,27,42,54,24,7,2,1,2,50,9,49,13,30,21,18,14,15,2,4,2,8,36,2,7,6,3,11,2,39,24,4,5,5,2,12,0,1,1,1,5,12,6
109,335,592,659,43,294,244,2559,1031,3467,4839,4165,707,195,373,1144,239,145,697,1127,506,17844,6111,247,690,82,420,1371,5054,846,428,150,353,272,170,132,935,88,243,107,25487,1264,303,1425,175,9780,677,58,27,183,2,3,15,2,9,21,39,73,16,120,53,32,22,24,6,11,132,15,41,157,24,79,18,90,22,10,62,7,19,38,17,82,15,25,82,26,121,91,9,36,23,41,130,4,14,9,6,18,28,11
0,1,3,2,0,1,0,318,362,1529,2020,4990,433,12,65,96,259,218,109,642,697,6111,12961,322,1942,82,1366,148,154,105,66,214,2766,216,27,35,176,326,80,54,123,283,82,2604,262,7105,4509,0,3,158,0,0,2,0,1,3,10,18,8,32,10,12,23,11,7,5,16,6,8,168,7,173,21,217,4,101,208,9,2,10,53,230,1,4,321,41,10,3,0,224,0,17,425,5,25,2,0,0,2,3
1,5,5,11,0,7,92,237,14746,544,245,365,56,15,19,578,203,131,1125,87,411,247,322,5600,1025,112,1499,45,123,88,254,233,155,254,2244,8675,6440,148,14581,391,117,74,189,1649,224,48,303,316,8,73,0,2,8,2,1,4,17,26,14,44,53,23,9,4,5,3,99,6,63,39,16,53,15,32,19,9,27,2,16,50,9,29,14,9,36,8,103,65,8,29,13,10,68,0,6,5,2,5,30,12
0,0,0,2,0,2,7,127,6048,172,180,1416,324,24,123,158,20,31,257,1436,80,690,1942,1025,6120,145,8462,19,43,75,79,445,2758,248,50,91,1116,472,65,78,35,120,105,3575,1682,139,607,4,4,127,0,0,13,1,0,6,62,45,12,105,8,40,114,57,17,6,51,8,16,891,3,405,46,919,4,77,365,3,6,38,39,659,4,3,937,28,43,12,2,385,1,16,570,6,26,3,0,2,3,3
1,0,1,3,2,2,4,29,60,46,15,16,3,43,247,166,3,33,30,160,23,82,82,112,145,15734,551,120,26,32,209,8580,188,6209,11,15,16,3960,73,156,10,30,158,10148,3177,66,1832,2,6,55,0,0,1,0,0,0,1,3,0,8,7,2,4,2,6,1,7,1,4,8,3,114,10,29,1,178,196,45,3,3,173,44,2,2,62,173,2,2,1,128,0,99,961,10,103,2,1,0,6,2
0,0,0,2,2,6,5,135,3545,90,128,582,375,7,54,66,6,23,68,2478,44,420,1366,1499,8462,551,15341,1654,20,28,41,1013,1808,1100,23,36,946,940,889,9507,15,29,43,9233,1869,295,1588,19,1,44,1,0,3,0,0,0,16,20,3,44,16,12,24,17,7,6,23,9,5,183,8,250,25,249,3,275,844,82,2,10,193,282,4,9,375,207,7,6,1,415,6,480,1435,14,107,3,0,0,11,3
3,1,5,4,1,2,2,10,16,222,35,39,6,20,88,36,3,12,7,21,22,1371,148,45,19,120,1654,56776,1136,99,39,233,53,11383,1,7,154,63,215,9240,158,49,37,548,161,14022,4192,2,3,29,0,0,0,1,0,2,0,2,0,2,1,2,2,2,1,0,1,0,1,1,2,49,2,21,1,12,84,599,1,2,28,3,0,0,5,241,15,4,0,6,11,1260,227,42,49,1,0,0,3,0
282,363,689,683,305,643,170,34,35,384,36,64,19,4856,2215,537,9,29,148,41,43,5054,154,123,43,26,20,1136,103343,17838,254,168,125,83,107,78,583,8,207,24,22272,1162,303,79,115,3099,236,68,7578,697,7,4,16,3,4,11,2,1,1,2,22,3,1,0,4,6,92,1,25,3,7,13,8,5,12,0,3,1,18,36,0,5,16,9,8,0,78,87,4,2,9,9,7,2,2,8,0,9,26,9
182,407,747,891,145,723,145,22,21,200,14,80,34,23597,3284,559,19,37,93,41,70,846,105,88,75,32,28,99,17838,46819,346,421,290,81,97,57,538,15,178,13,13643,6158,605,69,259,363,431,20,2040,7461,1,3,9,1,3,19,0,0,2,1,20,5,3,0,10,2,81,0,16,8,6,14,5,6,3,1,5,0,15,22,3,10,11,6,11,3,60,69,1,3,12,2,14,0,3,6,2,4,24,6
8,2,6,76,24,25,39,671,122,1068,227,159,125,235,3277,15196,202,693,2156,468,878,428,66,254,79,209,41,39,254,346,15881,267,256,183,185,246,1297,398,188,9,251,679,19829,420,1185,26,151,18,54,1746,6,5,16,4,1,7,9,13,3,21,67,5,6,7,14,1,143,1,53,21,4,46,10,21,13,3,8,4,35,65,3,19,26,23,17,2,178,115,10,6,21,1,23,2,0,6,7,19,41,20
2,2,1,10,3,4,1,71,122,566,17,146,76,128,1190,162,28,158,43,171,225,150,214,233,445,8580,1013,233,168,421,267,18760,5005,4869,23,18,40,834,111,321,180,571,382,6903,7645,148,14414,4,24,876,0,0,1,0,0,2,2,1,3,6,8,8,2,0,3,1,8,1,1,25,3,144,12,71,3,179,229,38,1,3,131,97,5,1,143,146,3,4,0,167,3,109,889,6,83,0,0,2,5,2
0,1,3,7,0,4,6,1881,844,850,205,6531,9855,61,804,136,323,744,85,5460,475,353,2766,155,2758,188,1808,53,125,290,256,5005,13280,233,20,33,994,410,26,22,171,640,640,1367,8582,187,3869,1,14,1021,0,0,7,1,0,10,121,107,21,161,13,41,147,95,13,8,40,9,21,1051,8,282,29,431,9,31,209,6,2,41,19,520,3,11,434,18,46,4,2,136,1,13,206,5,22,1,0,1,7,4
1,1,1,12,2,4,5,33,134,272,43,65,11,64,348,195,7,31,49,112,75,272,216,254,248,6209,1100,11383,83,81,183,4869,233,36668,24,26,59,964,185,12587,50,98,133,11612,1689,1261,16290,8,16,110,0,0,2,0,0,2,2,4,2,5,9,6,5,1,4,4,2,0,0,12,4,190,7,53,1,126,220,637,5,5,177,26,4,0,44,1099,13,3,0,43,5,1929,1212,163,226,0,0,1,2,5
7,21,95,250,27,340,4721,13,56,818,137,42,9,102,81,2045,27,23,524,26,195,170,27,2244,50,11,23,1,107,97,185,23,20,24,5406,2880,2317,16,12163,4,121,109,194,145,16,4,18,3852,113,105,24,52,151,34,32,103,2,0,4,4,31,7,0,1,39,12,229,1,22,5,3,38,5,2,7,0,5,3,58,24,1,1,48,21,5,0,269,182,7,1,52,0,4,1,2,179,13,22,43,14
0,1,11,4,1,7,17,29,254,348,125,63,9,9,27,3619,33,26,2354,67,200,132,35,8675,91,15,36,7,78,57,246,18,33,26,2880,4667,1100,26,1636,8,56,73,131,203,19,4,24,12,0,32,5,6,8,1,2,6,1,7,2,4,29,3,3,0,7,5,88,3,15,11,5,22,6,5,14,0,3,0,16,35,0,4,16,12,4,0,116,73,2,1,11,2,6,0,0,1,4,10,23,9
21,88,142,613,58,239,1059,1837,13003,1864,723,1135,1340,183,326,1978,595,741,1163,2652,1046,935,176,6440,1116,16,946,154,583,538,1297,40,994,59,2317,1100,1969,31,5530,343,627,542,1006,184,157,51,124,689,64,353,2,13,24,10,6,37,140,216,31,354,86,35,60,45,15,10,207,35,89,180,32,71,50,49,34,0,9,2,40,51,2,59,34,21,22,3,551,182,14,6,33,5,6,2,4,28,5,22,47,15
1,0,0,8,3,2,2,133,166,52,21,84,25,27,152,287,5,62,105,2486,13,88,326,148,472,3960,940,63,8,15,398,834,410,964,16,26,31,13909,68,32,5,22,181,11638,3853,50,488,5,4,37,0,0,1,0,0,3,2,7,3,19,7,10,8,16,6,6,23,3,7,176,3,331,25,338,2,239,448,12,3,18,77,359,4,4,661,87,2,5,1,565,2,50,953,8,61,1,0,1,5,0
9,43,151,439,52,455,1897,15,300,726,146,22,3,133,121,1219,18,26,124,13,245,243,80,14581,65,73,889,215,207,178,188,111,26,185,12163,1636,5530,68,25392,998,176,223,255,530,59,37,199,7903,415,167,10,40,86,15,10,46,0,0,1,2,24,1,0,0,16,5,121,1,12,1,2,27,3,1,6,0,5,8,34,8,4,2,23,19,2,2,136,99,1,2,19,14,10,2,1,113,8,11,32,1
0,0,0,1,0,4,1,3,57,66,13,12,3,8,15,13,2,4,1,5,5,107,54,391,78,156,9507,9240,24,13,9,321,22,12587,4,8,343,32,998,29422,6,16,6,8612,74,969,2524,26,2,10,0,0,1,1,0,1,1,2,2,10,13,6,4,1,1,4,3,0,0,7,4,205,14,75,0,131,340,1392,5,3,154,12,3,1,8,1303,34,8,0,14,36,3849,1437,176,344,3,0,0,7,4
94,366,648,815,36,438,173,16,19,19080,33,58,25,266,791,737,22,56,126,17,121,25487,123,117,35,10,15,158,22272,13643,251,180,171,50,121,56,627,5,176,6,76854,9920,449,51,68,624,274,22,89,689,4,5,8,1,2,12,2,1,5,5,23,0,0,0,6,5,69,1,24,4,4,7,3,3,5,0,4,2,21,27,1,1,15,9,5,3,53,60,5,1,11,1,7,0,0,4,2,9,27,7
28,183,297,469,14,164,100,31,28,11224,46,237,95,345,993,619,80,203,103,76,431,1264,283,74,120,30,29,49,1162,6158,679,571,640,98,109,73,542,22,223,16,9920,18037,2307,97,253,270,695,17,65,10807,2,3,4,0,2,11,0,2,1,0,21,5,2,0,1,4,33,0,13,12,7,17,2,5,2,8,8,2,10,14,3,12,12,6,10,5,36,24,0,5,9,7,12,0,3,0,1,5,3,2
26,27,15,2011,20,40,85,402,43,3255,82,180,251,378,17134,9605,269,747,394,204,2752,303,82,189,105,158,43,37,303,605,19829,382,640,133,194,131,1006,181,255,6,449,2307,48087,209,1286,38,204,20,50,12481,4,6,11,2,1,8,8,1,1,6,36,5,2,0,6,3,113,0,39,27,7,33,8,11,8,0,7,0,23,61,0,9,18,4,21,0,96,81,8,12,11,3,17,1,2,3,1,10,32,5
2,0,0,14,3,13,15,126,1187,431,207,334,74,52,256,508,21,58,310,1693,79,1425,2604,1649,3575,10148,9233,548,79,69,420,6903,1367,11612,145,203,184,11638,530,8612,51,97,209,50251,3120,1551,6882,30,9,95,1,1,5,0,0,2,21,19,3,39,42,27,19,14,21,18,24,7,7,130,22,604,55,335,12,846,1392,243,8,29,781,401,18,6,534,808,19,6,5,731,12,681,5103,51,475,3,0,3,30,16
1,1,4,19,5,2,1,1567,271,172,50,137,563,144,2252,405,19,1075,172,4453,104,175,262,224,1682,3177,1869,161,115,259,1185,7645,8582,1689,16,19,157,3853,59,74,68,253,1286,3120,12863,52,1791,4,25,708,1,0,14,0,0,2,36,18,6,55,12,28,60,19,11,7,47,10,14,762,6,492,29,761,3,136,381,11,3,39,50,730,3,5,1117,56,14,8,2,542,4,23,744,7,42,1,1,1,6,2
3,13,23,17,3,18,7,79,73,1722,664,778,52,27,65,40,53,23,19,90,217,9780,7105,48,139,66,295,14022,3099,363,26,148,187,1261,4,4,51,50,37,969,624,270,38,1551,52,15283,5808,0,4,108,0,0,0,0,0,0,2,1,6,7,2,1,5,0,0,1,6,0,2,9,3,38,7,19,1,29,41,100,0,5,33,26,3,3,28,156,4,4,0,30,2,263,197,16,37,0,1,0,0,0
0,0,4,9,2,4,1,59,160,1528,135,405,110,85,536,124,67,119,49,201,363,677,4509,303,607,1832,1588,4192,236,431,151,14414,3869,16290,18,24,124,488,199,2524,274,695,204,6882,1791,5808,34833,9,22,650,0,1,0,0,0,0,1,8,1,16,10,8,9,1,6,5,10,1,6,45,8,241,16,110,2,253,394,313,0,14,238,134,5,5,191,774,9,4,1,245,2,1016,1483,93,252,2,1,0,10,12
6,29,83,564,267,5358,3526,1,7,189,33,2,0,94,564,936,1,3,3,1,7,58,0,316,4,2,19,2,68,20,18,4,1,8,3852,12,689,5,7903,26,22,17,20,30,4,0,9,7743,1184,15,22,168,432,150,233,336,0,0,0,0,6,0,0,0,17,9,51,0,0,0,0,9,1,0,1,1,0,2,17,0,0,0,13,6,0,0,33,91,0,1,29,0,0,0,0,1075,26,2,17,0
1287,410,563,429,7136,3163,94,1,0,81,7,0,0,17227,1134,165,0,2,3,5,0,27,3,8,4,6,1,3,7578,2040,54,24,14,16,113,0,64,4,415,2,89,65,50,9,25,4,22,1184,12951,79,0,4,7,6,4,8,0,0,0,0,6,0,0,0,1,3,19,0,0,1,0,4,0,1,2,0,0,0,2,1,0,0,0,3,1,0,12,18,0,1,3,0,1,0,0,12,1,0,4,0
5,49,109,138,4,75,26,50,23,4221,29,258,233,2936,9447,312,83,280,93,108,3106,183,158,73,127,55,44,29,697,7461,1746,876,1021,110,105,32,353,37,167,10,689,10807,12481,95,708,108,650,15,79,20009,3,2,5,1,0,0,1,0,2,1,10,2,4,0,5,0,22,0,6,28,2,13,4,13,0,3,6,1,6,9,1,16,6,3,18,4,23,18,3,3,3,2,22,1,0,2,3,3,6,0
0,2,85,57,2,14,52,0,1,3,0,1,0,4,5,48,0,0,0,1,0,2,0,0,0,0,1,0,7,1,6,0,0,0,24,5,2,0,10,0,4,2,4,1,1,0,0,22,0,3,40406,16517,2994,18675,22588,436,1,0,0,1,46,1,0,0,22747,16,114,0,0,6,1,73,9,2,3,30,3,6,804,5,11,20,283,12,18,22,83,130,2,4,119,2,11,4,2,263,6504,84,130,18
5,14,351,298,9,47,229,3,2,6,1,1,1,16,14,181,0,1,1,0,4,3,0,2,0,0,0,0,4,3,5,0,0,0,52,6,13,0,40,0,5,3,6,1,0,0,1,168,4,2,16517,79705,11923,21426,2911,8741,2,0,2,1,311,16,1,1,7268,36,120,0,7,6,1,543,4,1,3,7,2,13,1341,12,6,11,1172,9,10,13,180,211,7,3,110,0,11,20,7,262,1160,599,1356,70
8,32,92,842,17,136,732,11,13,25,3,2,3,38,15,585,0,2,8,19,4,15,2,8,13,1,3,0,16,9,16,1,7,2,151,8,24,1,86,1,8,4,11,5,14,0,0,432,7,5,2994,11923,57236,1224,1787,18461,40,26,21,14,1275,69,23,11,25127,11213,4478,10,25,277,38,499,25,25,35,141,47,16,1830,572,123,342,1686,657,235,192,589,1024,157,55,361,2,102,41,52,899,1921,731,2307,914
0,12,1206,216,5,1262,169,1,0,5,0,2,0,7,4,138,0,0,1,2,1,2,0,2,1,0,0,1,3,1,4,0,1,0,34,1,10,0,15,1,1,0,2,0,0,0,0,150,6,1,18675,21426,1224,37507,23763,18586,1,1,0,2,63,7,1,0,985,14,55,0,0,3,0,178,2,0,0,1,0,8,627,4,1,7,478,4,2,1,92,227,2,0,336,0,2,12,1,595,488,196,347,15
4,4,37,226,9,150,170,1,1,4,2,0,0,8,10,135,0,0,1,2,0,9,1,1,0,0,0,0,4,3,1,0,0,0,32,2,6,0,10,0,2,2,1,0,0,0,0,233,4,0,22588,2911,1787,23763,22896,5807,0,0,1,2,48,6,1,0,2541,119,110,0,0,2,2,90,48,10,5,4,11,7,578,8,2,5,306,3,4,4,182,1060,8,2,1533,10,19,4,0,5202,5694,86,132,17
9,28,350,588,16,436,1582,2,14,17,3,3,9,26,18,351,0,3,6,15,1,21,3,4,6,0,0,2,11,19,7,2,10,2,103,6,37,3,46,1,12,11,8,2,2,0,0,336,8,0,436,8741,18461,18586,5807,33286,8,15,15,17,690,60,19,11,701,66,3366,7,24,177,59,321,30,29,44,32,30,4,397,44,13,69,447,86,28,31,457,2418,68,90,623,2,82,13,12,1552,193,282,714,186
0,1,0,1,0,0,0,162,332,9,20,53,135,0,2,17,8,8,14,466,5,39,10,17,62,1,16,0,2,0,9,2,121,2,2,1,140,2,0,1,2,0,8,21,36,2,1,0,0,1,1,2,40,1,0,8,4539,7450,938,944,20,220,395,10434,35,45,837,666,395,3303,21,275,154,90,4,24,221,4,10,959,37,3365,7,74,361,44,908,17,3,11,3,3,39,12,13,0,1,2,11,5
0,0,0,0,0,0,1,272,527,18,27,83,163,0,0,10,34,9,13,388,11,73,18,26,45,3,20,2,1,0,13,1,107,4,0,7,216,7,0,2,1,2,1,19,18,1,8,0,0,0,0,0,26,1,0,15,7450,21618,5025,4445,80,972,657,1947,19,29,961,6477,564,5676,172,635,465,49,27,40,168,17,11,832,24,327,5,59,139,42,1886,13,6,70,4,12,92,41,27,2,1,2,14,13
0,0,1,0,0,0,0,75,149,31,43,48,21,0,0,9,37,33,12,43,27,16,8,14,12,0,3,0,1,2,3,3,21,2,4,2,31,3,1,2,5,1,1,3,6,6,1,0,0,2,0,2,21,0,1,15,938,5025,4613,3448,269,1835,595,389,5,13,1232,2247,7712,894,518,766,305,26,67,13,59,11,17,1455,19,183,3,28,78,32,655,59,5,15,3,14,54,44,38,1,2,8,25,11
0,0,1,0,0,0,0,468,1009,39,96,234,280,1,7,27,111,33,30,553,42,120,32,44,105,8,44,2,2,1,21,6,161,5,4,4,354,19,2,10,5,0,6,39,55,7,16,0,0,1,1,1,14,2,2,17,944,4445,3448,45820,233,1382,1749,1140,8,13,300,797,4096,5800,429,1307,12608,4729,95,43,1210,22,15,81,43,998,8,7,75,76,9632,108,11,145,16,48,557,54,63,1,1,1,25,11
3,3,2,19,4,9,18,81,125,91,45,47,17,8,17,72,39,75,97,18,54,53,10,53,8,7,16,1,22,20,67,8,13,9,31,29,86,7,24,13,23,21,36,42,12,2,10,6,6,10,46,311,1275,63,48,690,20,80,269,233,35706,6584,1409,133,182,444,2985,356,947,100,4124,2883,711,48,1269,82,88,154,511,587,127,174,349,377,47,338,2051,1367,922,45,634,57,419,317,245,117,84,26758,19379,6805
0,1,0,2,0,0,0,104,151,32,43,64,52,0,2,11,33,17,20,102,24,32,12,23,40,2,12,2,3,5,5,8,41,6,7,3,35,10,1,6,0,5,5,27,28,1,8,0,0,2,1,16,69,7,6,60,220,972,1835,1382,6584,9425,9043,322,16,70,1208,1546,1533,314,5729,6568,474,164,1211,29,130,28,52,708,27,503,40,97,44,70,992,270,101,40,82,21,232,168,88,10,2,86,228,188
0,0,1,0,0,0,0,63,149,12,18,89,52,0,6,5,10,5,10,298,7,22,23,9,114,4,24,2,1,3,6,2,147,5,0,3,60,8,0,4,0,2,2,19,60,5,9,0,0,4,0,1,23,1,1,19,395,657,595,1749,1409,9043,21499,9472,15,39,246,6421,317,1243,5440,8859,269,424,885,22,532,27,10,1551,33,6699,6,34,79,90,635,68,54,35,11,17,192,192,187,3,2,6,43,85
0,0,0,0,0,0,0,57,104,5,8,30,64,0,0,4,7,3,5,193,2,24,11,4,57,2,17,2,0,0,7,0,95,1,1,0,45,16,0,1,0,0,0,14,19,0,1,0,0,0,0,1,11,0,0,11,10434,1947,389,1140,133,322,9472,14866,13,14,181,8903,114,722,287,697,120,142,44,6,183,4,3,406,29,6656,0,16,71,56,429,11,6,16,2,6,63,14,139,0,1,1,6,4
1,4,7,45,1,20,37,4,5,8,0,5,1,13,13,79,0,2,4,18,1,6,7,5,17,6,7,1,4,10,14,3,13,4,39,7,15,6,16,1,6,1,6,21,11,0,6,17,1,5,22747,7268,25127,985,2541,701,35,19,5,8,182,16,15,13,78990,6420,900,8,23,122,10,300,9,38,40,350,28,81,4248,499,521,754,14510,993,437,790,319,208,260,43,125,20,163,47,212,267,16130,201,1405,230
1,2,3,16,0,9,9,1,7,5,1,5,4,4,13,44,0,0,8,14,2,11,5,3,6,1,6,0,6,2,1,1,8,4,12,5,10,6,5,4,5,4,3,18,7,1,5,9,3,0,16,36,11213,14,119,66,45,29,13,13,444,70,39,14,6420,34300,2240,40,12,198,110,498,15,39,241,128,39,88,336,1484,411,662,2767,6059,196,687,319,156,5666,48,69,16,131,77,429,159,87,114,1583,2781
6,29,73,234,19,104,183,34,77,113,34,25,28,61,103,446,13,54,141,130,50,132,16,99,51,7,23,1,92,81,143,8,40,2,229,88,207,23,121,3,69,33,113,24,47,6,10,51,19,22,114,120,4478,55,110,3366,837,961,1232,300,2985,1208,246,181,900,2240,39591,1203,3281,1872,925,1031,383,111,978,239,134,24,431,11594,115,674,599,6028,611,237,2462,6414,407,283,618,9,292,38,65,475,159,437,1448,775
0,0,0,0,0,1,0,66,107,16,25,52,25,0,0,10,30,14,14,31,9,15,6,6,8,1,9,0,1,0,1,1,9,0,1,3,35,3,1,0,1,0,0,7,10,0,1,0,0,0,0,0,10,0,0,7,666,6477,2247,797,356,1546,6421,8903,8,40,1203,9876,976,55,7715,1114,207,50,1500,11,25,7,4,4697,99,1387,4,34,51,92,523,27,23,18,4,4,55,29,178,0,1,0,15,24
0,1,1,4,0,2,6,63,99,84,32,29,13,3,8,57,25,78,71,51,49,41,8,63,16,4,5,1,25,16,53,1,21,0,22,15,89,7,12,0,24,13,39,7,14,2,6,0,0,6,0,7,25,0,0,24,395,564,7712,4096,947,1533,317,114,23,12,3281,976,10598,878,993,607,1541,211,327,30,66,9,41,770,18,195,48,62,69,36,1654,4059,46,80,85,4,128,23,25,1,5,50,111,67
0,1,0,4,0,0,2,232,558,33,48,366,291,6,29,27,6,20,24,2090,13,157,168,39,891,8,183,1,3,8,21,25,1051,12,5,11,180,176,1,7,4,12,27,130,762,9,45,0,1,28,6,6,277,3,2,177,3303,5676,894,5800,100,314,1243,722,122,198,1872,55,878,27293,33,1513,267,2222,40,333,1797,24,27,448,249,8397,27,393,5329,296,969,149,14,1610,6,23,639,44,159,6,14,8,49,57
0,0,0,0,0,1,2,55,110,55,41,45,10,1,3,11,39,36,29,12,30,24,7,16,3,3,8,2,7,6,4,3,8,4,3,5,32,3,2,4,4,7,7,22,6,3,8,0,0,2,1,1,38,0,2,59,21,172,518,429,4124,5729,5440,287,10,110,925,7715,993,33,10602,1591,571,19,6085,21,34,68,22,1440,38,158,58,75,5,110,1050,515,555,8,186,18,133,138,149,14,1,30,365,4329
0,1,6,35,2,13,25,73,145,39,21,107,50,10,26,62,27,28,41,342,21,79,173,53,405,114,250,49,13,14,46,144,282,190,38,22,71,331,27,205,7,17,33,604,492,38,241,9,4,13,73,543,499,178,90,321,275,635,766,1307,2883,6568,8859,697,300,498,1031,1114,607,1513,1591,55390,481,1861,971,603,1550,2004,8559,1430,449,9493,1905,246,634,1917,830,439,220,982,199,522,5120,14084,6409,40,111,2089,1917,506
0,0,1,1,0,1,3,42,75,23,24,23,22,2,2,10,15,25,27,73,18,18,21,15,46,10,25,2,8,5,10,12,29,7,5,6,50,25,3,14,3,2,8,55,29,7,16,1,0,4,9,4,25,2,48,30,154,465,305,12608,711,474,269,120,9,15,383,207,1541,267,571,481,7199,3163,172,75,1207,94,26,184,52,386,17,21,76,147,7262,2725,22,78,842,450,1185,12,78,181,31,42,121,36
0,0,0,1,0,0,0,38,176,18,19,164,66,4,32,15,7,8,11,804,14,90,217,32,919,29,249,21,5,6,21,71,431,53,2,5,49,338,1,75,3,5,11,335,761,19,110,0,1,13,2,1,25,0,10,29,90,49,26,4729,48,164,424,142,38,39,111,50,211,2222,19,1861,3163,9527,30,174,11925,470,11,100,181,3412,20,21,571,426,1257,211,5,856,126,2277,4305,48,196,17,3,1,16,22
1,0,0,4,0,0,2,13,24,34,6,8,6,1,2,13,6,18,24,12,15,22,4,19,4,1,3,1,12,3,13,3,9,1,7,14,34,2,6,0,5,2,8,12,3,1,2,1,2,0,3,3,35,0,5,44,4,27,67,95,1269,1211,885,44,40,241,978,1500,327,40,6085,971,172,30,4951,29,19,29,23,5151,53,216,127,394,29,146,748,568,1345,8,242,9,75,62,169,24,5,39,489,3668
0,0,0,0,0,1,0,4,10,11,2,7,1,1,7,5,1,1,1,16,2,10,101,9,77,178,275,12,0,1,3,179,31,126,0,0,0,239,0,131,0,8,0,846,136,29,253,1,0,3,30,7,141,1,4,32,24,40,13,43,82,29,22,6,350,128,239,11,30,333,21,603,75,174,29,11074,374,71,75,103,5720,566,138,70,2926,4210,15,27,27,6754,22,54,5155,40,610,6,33,26,165,90
0,0,0,0,1,0,0,26,111,17,10,60,41,5,20,10,3,5,7,271,4,62,208,27,365,196,844,84,3,5,8,229,209,220,5,3,9,448,5,340,4,8,7,1392,381,41,394,0,0,6,3,2,47,0,11,30,221,168,59,1210,88,130,532,183,28,39,134,25,66,1797,34,1550,1207,11925,19,374,12612,1736,13,73,450,2014,30,35,862,945,607,348,14,351,548,9638,12357,66,481,59,10,6,58,37
0,0,0,0,0,0,0,1,2,2,0,1,1,1,1,0,0,0,1,3,2,7,9,2,3,45,82,599,1,0,4,38,6,637,3,0,2,12,8,1392,2,2,0,243,11,100,313,2,0,1,6,13,16,8,7,4,4,17,11,22,154,28,27,4,81,88,24,7,9,24,68,2004,94,470,29,71,1736,42459,2392,39,126,50,184,22,32,10479,446,151,22,38,508,23992,2315,23633,765,28,22,162,210,126
2,4,13,40,4,17,30,4,10,15,4,1,1,8,20,67,3,8,31,5,8,19,2,16,6,3,2,1,18,15,35,1,2,5,58,16,40,3,34,5,21,10,23,8,3,0,0,17,2,6,804,1341,1830,627,578,397,10,11,17,15,511,52,10,3,4248,336,431,4,41,27,22,8559,26,11,23,75,13,2392,165423,104,74,106,28854,85,72,225,515,280,27,7,124,25,77,3558,73,42,9690,29751,5160,96
0,2,1,6,0,5,7,37,75,90,26,34,11,5,16,67,16,62,79,62,36,38,10,50,38,3,10,2,36,22,65,3,41,5,24,35,51,18,8,3,27,14,61,29,39,5,14,0,1,9,5,12,572,4,8,44,959,832,1455,81,587,708,1551,406,499,1484,11594,4697,770,448,1440,1430,184,100,5151,103,73,39,104,10678,590,2575,154,5092,614,573,814,279,511,56,82,13,153,49,666,6,26,58,293,542
0,0,0,0,0,0,0,3,8,10,0,5,2,1,3,2,0,0,4,12,2,17,53,9,39,173,193,28,0,3,3,131,19,177,1,0,2,77,4,154,1,3,0,781,50,33,238,0,0,1,11,6,123,1,2,13,37,24,19,43,127,27,33,29,521,411,115,99,18,249,38,449,52,181,53,5720,450,126,74,590,18487,3677,239,92,2734,9613,21,29,59,724,31,158,3230,67,5118,3,25,26,198,190
0,0,0,1,0,1,1,59,198,21,26,168,81,3,28,16,6,9,11,802,7,82,230,29,659,44,282,3,5,10,19,97,520,26,1,4,59,359,2,12,1,12,9,401,730,26,134,0,0,16,20,11,342,7,5,69,3365,327,183,998,174,503,6699,6656,754,662,674,1387,195,8397,158,9493,386,3412,216,566,2014,50,106,2575,3677,42724,236,246,14418,1253,375,86,78,1156,40,42,2453,105,7133,11,43,52,285,202
0,5,9,46,5,12,25,3,9,18,0,2,1,8,11,93,1,7,18,10,6,15,1,14,4,2,4,0,16,11,26,5,3,4,48,16,34,4,23,3,15,12,18,18,3,3,5,13,0,6,283,1172,1686,478,306,447,7,5,3,8,349,40,6,0,14510,2767,599,4,48,27,58,1905,17,20,127,138,30,184,28854,154,239,236,67626,392,97,529,479,390,247,18,153,26,140,331,144,41,3806,7430,28279,1416
3,5,12,43,6,21,19,5,4,14,2,4,2,11,25,89,0,0,12,22,3,25,4,9,3,2,9,0,9,6,23,1,11,0,21,12,21,4,19,1,9,6,4,6,5,3,5,6,3,3,12,9,657,4,3,86,74,59,28,7,377,97,34,16,993,6059,6028,34,62,393,75,246,21,21,394,70,35,22,85,5092,92,246,392,9577,211,132,622,238,6223,49,126,4,65,19,88,11,35,62,469,1210
0,0,0,2,0,0,0,28,114,21,19,153,19,3,54,19,5,14,15,459,11,82,321,36,937,62,375,5,8,11,17,143,434,44,5,4,22,661,2,8,5,10,21,534,1117,28,191,0,1,18,18,10,235,2,4,28,361,139,78,75,47,44,79,71,437,196,611,51,69,5329,5,634,76,571,29,2926,862,32,72,614,2734,14418,97,211,8777,1086,35,17,14,3297,14,17,1330,26,300,3,44,25,86,52
0,0,1,0,0,0,1,2,14,11,1,8,3,2,3,3,0,5,0,14,2,26,41,8,28,173,207,241,0,3,2,146,18,1099,0,0,3,87,2,1303,3,5,0,808,56,156,774,0,0,4,22,13,192,1,4,31,44,42,32,76,338,70,90,56,790,687,237,92,36,296,110,1917,147,426,146,4210,945,10479,225,573,9613,1253,529,132,1086,56890,86,74,112,716,112,7156,11346,9341,7520,13,44,78,522,484
2,11,32,98,9,54,80,156,526,90,40,75,93,36,68,338,43,23,123,176,39,121,10,103,43,2,7,15,78,60,178,3,46,13,269,116,551,2,136,34,53,36,96,19,14,4,9,33,12,23,83,180,589,92,182,457,908,1886,655,9632,2051,992,635,429,319,319,2462,523,1654,969,1050,830,7262,1257,748,15,607,446,515,814,21,375,479,622,35,86,2479,5216,335,15,2614,958,326,36,54,489,114,379,1020,552
7,32,67,333,24,92,235,13,22,75,13,4,7,67,70,524,6,22,115,19,24,91,3,65,12,2,6,4,87,69,115,4,4,3,182,73,182,5,99,8,60,24,81,6,8,4,4,91,18,18,130,211,1024,227,1060,2418,17,13,59,108,1367,270,68,11,208,156,6414,27,4059,149,515,439,2725,211,568,27,348,151,280,279,29,86,390,238,17,74,5216,16674,263,60,12548,531,386,24,31,4664,147,229,707,448
0,0,1,8,0,3,1,2,7,13,0,0,0,1,5,14,1,5,11,1,4,9,0,8,2,1,1,0,4,1,10,0,2,0,7,2,14,1,1,0,5,0,8,5,2,0,1,0,0,3,2,7,157,2,8,68,3,6,5,11,922,101,54,6,260,5666,407,23,46,14,555,220,22,5,1345,27,14,22,27,511,59,78,247,6223,14,112,335,263,12355,9,142,2,35,22,72,23,10,30,1195,7000
0,0,0,0,0,0,1,6,50,10,6,43,6,0,16,12,1,4,10,88,5,36,224,29,385,128,415,6,2,3,6,167,136,43,1,1,6,565,2,14,1,5,12,731,542,30,245,1,1,3,4,3,55,0,2,90,11,70,15,145,45,40,35,16,43,48,283,18,80,1610,8,982,78,856,8,6754,351,38,7,56,724,1156,18,49,3297,716,15,60,9,14052,16,27,7265,45,297,1,6,3,23,20
1,5,19,96,4,25,64,1,7,18,1,2,0,20,17,151,1,2,29,1,5,23,0,13,1,0,6,11,9,12,21,3,1,5,52,11,33,2,19,36,11,9,11,12,4,2,2,29,3,3,119,110,361,336,1533,623,3,4,3,16,634,82,11,2,125,69,618,4,85,6,186,199,842,126,242,22,548,508,124,82,31,40,153,126,14,112,2614,12548,142,16,16081,1224,586,16,54,7576,339,107,323,242
0,0,0,2,0,0,0,0,3,23,8,2,0,0,3,1,1,0,2,1,2,41,17,10,16,99,480,1260,9,2,1,109,13,1929,0,2,5,50,14,3849,1,7,3,681,23,263,1016,0,0,2,2,0,2,0,10,2,3,12,14,48,57,21,17,6,20,16,9,4,4,23,18,522,450,2277,9,54,9638,23992,25,13,158,42,26,4,17,7156,958,531,2,27,1224,32483,9162,671,685,69,12,6,36,34
0,0,0,1,0,0,0,17,84,57,23,58,11,2,23,29,4,11,12,105,12,130,425,68,570,961,1435,227,7,14,23,889,206,1212,4,6,6,953,10,1437,7,12,17,5103,744,197,1483,0,1,22,11,11,102,2,19,82,39,92,54,557,419,232,192,63,163,131,292,55,128,639,133,5120,1185,4305,75,5155,12357,2315,77,153,3230,2453,140,65,1330,11346,326,386,35,7265,586,9162,45381,425,3574,102,36,23,218,149
0,0,0,3,0,0,0,2,5,3,1,2,1,0,1,1,0,0,4,4,0,4,5,0,6,10,14,42,2,0,2,6,5,163,1,0,2,8,2,176,0,0,1,51,7,16,93,0,0,1,4,20,41,12,4,13,12,41,44,54,317,168,192,14,47,77,38,29,23,44,138,14084,12,48,62,40,66,23633,3558,49,67,105,331,19,26,9341,36,24,22,45,16,671,425,22765,8324,1,26,336,209,69
0,0,0,0,0,0,0,3,7,9,4,6,2,0,0,3,0,1,0,15,1,14,25,6,26,103,107,49,2,3,0,83,22,226,2,0,4,61,1,344,0,3,2,475,42,37,252,0,0,0,2,7,52,1,0,12,13,27,38,63,245,88,187,139,212,429,65,178,25,159,149,6409,78,196,169,610,481,765,73,666,5118,7133,144,88,300,7520,54,31,72,297,54,685,3574,8324,29157,5,8,21,185,223
4,19,63,926,17,193,978,7,18,18,5,4,7,19,15,445,0,0,3,8,1,9,2,5,3,2,3,1,8,6,6,0,1,0,179,1,28,1,113,3,4,0,3,3,1,0,2,1075,12,2,263,262,899,595,5202,1552,0,2,1,1,117,10,3,0,267,159,475,0,1,6,14,40,181,17,24,6,59,28,42,6,3,11,41,11,3,13,489,4664,23,1,7576,69,102,1,5,9199,1047,21,76,41
0,1,3,28,0,9,30,1,0,3,1,0,1,6,4,22,0,2,2,1,1,6,0,2,0,1,0,0,0,2,7,0,0,0,13,4,5,0,8,0,2,1,1,0,1,1,1,26,1,3,6504,1160,1921,488,5694,193,1,1,2,1,84,2,2,1,16130,87,159,1,5,14,1,111,31,3,5,33,10,22,9690,26,25,43,3806,35,44,44,114,147,10,6,339,12,36,26,8,1047,33531,174,1190,30
2,4,7,18,1,14,15,2,7,15,6,1,3,3,5,42,0,7,14,4,5,18,0,5,2,0,0,0,9,4,19,2,1,1,22,10,22,1,11,0,9,5,10,3,1,0,0,2,0,3,84,599,731,196,86,282,2,2,8,1,26758,86,6,1,201,114,437,0,50,8,30,2089,42,1,39,26,6,162,29751,58,26,52,7430,62,25,78,379,229,30,3,107,6,23,336,21,21,174,46355,6266,149
1,6,11,28,3,11,40,6,18,38,7,8,1,8,21,90,3,19,38,9,12,28,2,30,3,6,11,3,26,24,41,5,7,2,43,23,47,5,32,7,27,3,32,30,6,0,10,17,4,6,130,1356,2307,347,132,714,11,14,25,25,19379,228,43,6,1405,1583,1448,15,111,49,365,1917,121,16,489,165,58,210,5160,293,198,285,28279,469,86,522,1020,707,1195,23,323,36,218,209,185,76,1190,6266,21974,9567
0,0,3,13,1,6,6,5,10,17,7,3,1,4,12,23,0,4,19,6,6,11,3,12,3,2,3,0,9,6,20,2,4,5,14,9,15,0,1,4,7,2,5,16,2,0,12,0,0,0,18,70,914,15,17,186,5,13,11,11,6805,188,85,4,230,2781,775,24,67,57,4329,506,36,22,3668,90,37,126,96,542,190,202,1416,1210,52,484,552,448,7000,20,242,34,149,69,223,41,30,149,9567,13056
