21590,9406,9014,1323,8910,6775,616,1,0,23,0,2,0,13308,211,90,0,0,5,5,0,864,1,2,1,2,3,78,906,421,1,2,2,20,11,3,34,2,8,7,538,204,10,7,2,45,23,38,783,5,13,10,11,9,11,36,0,0,0,1,2,0,0,0,19,0,4,0,2,0,1,1,0,0,0,0,2,0,6,0,0,0,4,2,0,0,6,1,0,0,1,1,1,0,0,14,7,0,2,0
9406,41317,8865,16315,97,642,668,2,3,64,4,0,2,8660,3727,82,0,0,8,7,1,918,5,3,2,1,2,16,165,129,4,10,7,8,5,6,34,6,19,2,410,368,11,4,10,13,6,36,26,74,18,20,23,24,24,81,0,0,0,0,1,0,0,0,45,4,6,0,1,1,0,1,0,0,1,0,0,0,11,0,0,0,11,4,0,1,8,17,0,0,5,0,1,0,0,51,7,0,0,0
9014,8865,37935,7105,3017,5357,6609,1,0,35,2,5,0,1950,85,69,0,0,9,7,0,1616,5,1,2,3,2,64,635,385,2,6,3,15,13,7,37,7,14,8,813,537,12,23,3,56,23,31,121,27,18,103,9,613,50,92,0,1,0,0,2,0,0,0,36,3,11,0,3,0,0,2,0,1,1,1,0,1,8,1,1,1,8,1,0,0,9,10,2,1,6,0,2,0,0,57,7,0,5,0
1323,16315,7105,46301,740,1492,8867,23,15,551,15,11,15,7040,6099,7012,2,2,48,113,9,1196,13,8,13,34,1,21,207,289,232,31,20,7,200,35,212,65,116,2,764,858,1125,71,172,16,11,293,77,497,106,126,91,81,170,388,0,1,0,2,8,0,0,0,243,12,57,1,8,5,0,2,2,9,1,0,6,0,39,3,0,1,29,9,1,1,35,84,5,2,30,0,6,1,0,270,23,4,6,2
8910,97,3017,740,13386,22677,1222,0,0,11,0,0,0,3577,111,44,0,0,2,3,0,235,4,7,2,0,2,33,500,145,0,1,2,5,32,3,10,1,90,4,178,42,9,7,0,17,5,553,2649,4,3,7,6,5,18,16,0,0,0,0,1,0,0,0,14,2,0,0,1,0,0,0,0,1,0,0,0,0,3,0,0,0,3,1,0,0,2,4,0,0,1,0,0,0,0,19,1,0,0,0
6775,642,5357,1492,22677,23963,21395,4,6,45,5,1,0,1853,66,204,0,0,2,8,2,258,0,18,6,1,3,21,286,132,9,5,2,10,468,22,119,4,402,8,181,63,21,18,5,15,5,5059,3246,15,71,91,41,444,346,285,0,0,1,3,4,0,0,0,60,3,22,0,2,0,0,1,2,0,0,0,1,0,14,2,0,0,10,2,0,0,17,28,0,0,16,0,3,0,0,459,31,2,5,1
616,668,6609,8867,1222,21395,23103,5,20,274,8,6,2,695,61,2061,1,0,28,47,11,308,4,12,21,9,5,7,90,137,25,4,12,4,919,56,307,31,483,2,179,189,138,40,32,3,8,1909,88,45,156,184,123,405,358,840,0,1,1,1,9,0,0,0,213,9,63,0,9,3,0,2,5,3,1,0,4,0,58,2,0,1,22,6,0,0,34,83,1,2,36,0,4,1,0,566,41,2,6,4
1,2,1,23,0,4,5,40778,4176,253,4048,608,10360,33,68,1728,2143,6011,2454,9348,393,2983,235,377,74,35,184,10,16,17,1727,54,742,9,13,32,2827,166,10,2,27,27,298,120,581,67,43,4,1,34,1,0,9,1,2,0,386,437,18,508,37,21,108,206,17,9,6,265,37,1189,48,40,29,488,26,2,171,0,2,20,2,380,9,16,91,2,1230,12,2,31,2,2,25,1,8,0,6,0,9,8
0,3,0,15,0,6,20,4176,57272,157,725,1814,2608,17,16,541,756,68,5762,4167,427,1053,292,10299,8696,37,4281,51,21,18,98,86,864,69,70,1122,14142,115,164,314,20,42,111,1471,86,25,86,21,3,17,3,1,7,0,0,6,482,471,30,696,27,23,121,263,18,23,20,229,39,1855,55,42,36,798,23,11,515,1,0,28,8,461,10,24,186,4,2042,13,8,73,1,8,62,2,15,2,1,0,8,10
23,64,35,551,11,45,274,253,157,27453,3079,3406,73,309,683,2185,237,14,1195,286,4761,4149,1464,86,95,90,37,27,46,42,532,561,1267,56,417,534,523,76,357,9,12169,8938,2289,440,138,348,926,142,8,8179,6,1,8,1,7,5,9,30,14,47,24,4,5,5,17,5,19,35,59,13,19,11,7,9,46,6,22,0,9,28,7,15,19,24,12,3,77,31,19,12,19,5,35,0,13,1,1,4,13,13
0,4,2,15,0,5,8,4048,725,3079,2736,14038,190,9,21,678,187,158,1164,733,1942,2590,1557,69,96,32,42,6,9,6,140,38,224,34,30,91,207,73,31,3,41,116,284,222,105,168,129,7,1,80,1,0,3,0,0,1,18,42,6,33,4,4,10,8,2,1,2,43,8,35,3,4,3,25,13,3,7,0,0,5,5,14,3,2,10,1,32,1,3,5,0,4,18,0,1,0,1,0,3,6
2,0,5,11,0,1,6,608,1814,3406,14038,19177,6593,16,29,154,4791,217,318,2126,4440,2311,7611,241,1254,75,299,7,33,33,206,369,7506,30,18,67,567,470,27,0,64,464,1567,901,743,228,400,3,1,431,0,0,0,1,0,0,17,36,3,39,15,2,10,7,1,4,4,46,6,62,9,16,8,98,10,7,104,0,0,3,9,39,3,2,59,2,123,6,2,80,1,6,87,0,8,0,0,0,6,1
0,2,0,15,0,0,2,10360,2608,73,190,6593,23874,110,106,177,7198,975,176,4103,324,194,143,43,496,28,577,1,12,104,894,392,6275,3,5,18,1153,46,5,0,20,144,434,60,985,16,69,1,3,585,0,0,6,0,2,1,101,100,4,160,4,3,41,72,6,10,9,56,19,732,10,19,17,461,0,3,246,0,2,3,4,237,4,9,107,1,370,7,0,68,1,1,36,1,3,0,0,0,2,5
13308,8660,1950,7040,3577,1853,695,33,17,309,9,16,110,71737,13454,1015,1,0,69,384,6,1192,29,17,39,64,12,235,7438,25188,228,265,224,55,184,98,509,50,356,14,2166,1613,727,66,677,132,74,141,13644,2424,37,44,53,18,47,107,0,3,2,9,6,1,1,1,186,14,93,2,56,7,3,7,5,19,6,1,14,1,58,9,2,1,97,48,7,2,114,113,14,10,47,1,12,0,2,42,29,6,20,10
211,3727,85,6099,111,66,61,68,16,683,21,29,106,13454,15360,965,3,5,97,463,9,562,33,5,25,85,7,28,353,1032,1253,163,134,6,158,74,197,135,212,2,641,1122,7451,109,668,10,26,58,181,8855,9,5,8,2,7,20,0,1,2,3,9,0,0,0,62,10,41,1,18,4,0,3,2,5,2,2,13,0,22,4,1,5,24,30,2,0,52,54,7,5,22,0,8,0,2,4,12,3,10,1
90,82,69,7012,44,204,2061,1728,541,2185,678,154,177,1015,965,26022,163,1002,4239,1595,729,858,65,72,305,113,53,7,98,294,12592,103,98,9,1252,2643,656,360,244,3,487,668,10607,343,768,19,39,330,57,340,50,62,43,17,51,111,8,17,5,22,25,3,11,3,193,22,87,6,79,56,7,14,8,38,21,4,20,1,78,13,3,19,79,53,14,1,156,116,30,13,54,3,9,2,5,52,21,9,22,19
0,0,0,2,0,0,1,2143,756,237,187,4791,7198,1,3,163,10719,1321,384,62,7212,92,293,141,12,3,7,0,0,4,978,15,749,1,7,19,417,10,2,0,2,22,285,19,14,4,35,0,0,58,0,0,0,0,0,0,53,127,7,132,12,4,7,22,1,0,0,96,6,15,21,6,7,6,4,0,1,0,1,8,1,13,1,2,4,0,220,1,1,3,0,0,3,0,2,0,0,1,2,1
0,0,0,2,0,0,0,6011,68,14,158,217,975,0,5,1002,1321,2955,1761,157,801,47,58,39,11,3,5,0,0,1,1212,38,372,0,0,1,141,9,1,0,1,12,396,8,45,3,27,0,0,32,0,0,0,0,0,0,26,124,9,56,10,5,8,13,1,1,1,73,3,9,21,0,0,5,9,1,0,0,0,6,0,3,0,1,7,0,81,2,1,1,0,0,2,0,1,0,0,0,3,2
5,8,9,48,2,2,28,2454,5762,1195,1164,318,176,69,97,4239,384,1761,12656,1825,1515,446,71,702,871,25,90,9,53,93,1941,26,107,7,49,915,1261,185,101,3,124,299,1163,285,152,12,23,12,5,203,2,3,2,0,2,2,10,62,20,64,53,2,16,8,16,7,49,61,142,45,30,14,26,32,71,5,20,0,24,45,6,27,36,37,25,2,214,77,63,19,6,2,13,0,2,2,2,10,41,27
5,7,7,113,3,8,47,9348,4167,286,733,2126,4103,384,463,1595,62,157,1825,29498,199,1871,984,267,3269,117,1387,11,67,204,1847,423,6410,33,89,411,670,2592,139,7,49,234,1028,847,6494,91,176,41,9,496,2,1,12,0,1,8,76,34,9,175,16,10,193,131,27,40,15,12,47,1170,4,85,56,1266,4,13,712,3,13,9,19,770,40,40,749,4,235,23,8,455,6,5,217,4,37,3,2,3,10,18
0,1,0,9,0,2,11,393,427,4761,1942,4440,324,6,9,729,7212,801,1515,199,11628,178,754,215,68,25,15,4,4,13,386,314,1059,12,42,281,769,43,80,0,82,585,4266,141,138,36,291,15,0,1259,0,3,1,0,0,1,16,102,29,93,52,12,11,2,4,1,5,104,56,13,31,11,25,12,47,4,9,0,3,32,3,27,4,7,19,2,124,24,7,15,4,1,19,0,3,0,0,2,21,8
864,918,1616,1196,235,258,308,2983,1053,4149,2590,2311,194,1192,562,858,92,47,446,1871,178,10572,3455,101,600,534,458,1724,6198,549,168,386,302,1019,213,200,378,412,245,391,18790,1154,384,3472,452,6338,1410,94,67,306,8,3,1,4,8,13,10,8,5,32,35,7,12,6,24,12,40,10,75,57,11,33,11,89,30,39,145,1,23,16,34,42,29,48,40,41,102,69,48,88,14,112,210,5,36,4,2,5,28,17
1,5,5,13,4,0,4,235,292,1464,1557,7611,143,29,33,65,293,58,71,984,754,3455,11848,92,899,777,752,87,71,48,76,721,8660,742,18,54,56,1102,27,300,86,460,366,6157,868,4826,7376,27,4,184,0,0,1,0,0,0,1,1,0,5,1,3,7,1,2,3,1,5,1,22,1,70,2,74,1,88,251,3,0,1,79,36,5,0,49,73,6,3,2,226,3,136,486,9,97,1,0,1,2,3
2,3,1,8,7,18,12,377,10299,86,69,241,43,17,5,72,141,39,702,267,215,101,92,6501,1506,20,1486,366,27,15,38,67,66,139,118,3692,4984,49,8507,1344,22,67,86,1747,16,41,72,429,73,30,1,1,0,1,3,1,5,10,4,11,9,1,2,1,2,2,3,13,15,11,2,3,3,15,4,5,36,2,1,6,8,9,4,3,9,3,69,9,4,21,2,18,37,4,3,8,1,1,6,2
1,2,2,13,2,6,21,74,8696,95,96,1254,496,39,25,305,12,11,871,3269,68,600,899,1506,9090,72,8439,20,20,49,47,215,1761,49,85,843,499,203,220,41,23,110,114,2206,289,43,194,59,8,140,1,1,0,0,0,4,10,9,1,43,9,4,57,9,21,25,9,3,19,364,2,109,18,792,1,37,796,2,4,5,27,302,16,19,436,18,50,19,2,636,2,6,534,0,42,2,0,6,9,6
2,1,3,34,0,1,9,35,37,90,32,75,28,64,85,113,3,3,25,117,25,534,777,20,72,18957,292,39,24,26,89,15896,326,5428,12,25,10,7957,21,100,16,76,174,11538,2072,91,1983,6,1,43,0,0,1,0,0,0,0,0,1,2,5,1,1,1,2,2,1,0,1,4,3,76,2,24,0,131,230,2,2,3,122,18,1,3,24,78,4,1,1,168,2,96,482,8,134,0,0,0,4,3
3,2,2,1,2,3,5,184,4281,37,42,299,577,12,7,53,7,5,90,1387,15,458,752,1486,8439,292,18933,1540,17,10,20,529,876,604,7,134,2305,207,575,7553,6,31,20,14297,228,147,587,78,18,27,0,0,0,0,0,2,1,2,0,8,0,0,5,2,4,4,3,2,3,24,2,71,5,54,0,114,443,24,0,0,95,63,6,7,59,68,16,4,2,308,1,301,500,11,126,2,2,1,1,2
78,16,64,21,33,21,7,10,51,27,6,7,1,235,28,7,0,0,9,11,4,1724,87,366,20,39,1540,72197,2497,234,0,137,13,9218,3,4,317,13,394,18501,510,89,8,1722,11,30789,6923,94,27,14,0,0,0,1,2,1,0,0,0,2,0,0,0,0,1,1,1,0,6,1,0,5,2,0,0,5,42,437,4,3,4,0,4,3,0,42,7,3,3,4,3,663,64,38,8,2,1,1,2,1
906,165,635,207,500,286,90,16,21,46,9,33,12,7438,353,98,0,0,53,67,4,6198,71,27,20,24,17,2497,91775,8872,18,47,33,178,44,39,161,15,120,78,34581,494,52,105,51,1722,198,105,5312,68,1,2,1,1,4,7,0,2,5,5,13,4,0,0,9,3,32,0,47,4,6,4,2,5,20,0,5,0,11,14,2,3,26,27,1,2,48,37,22,4,6,6,7,2,1,4,3,2,11,4
421,129,385,289,145,132,137,17,18,42,6,33,104,25188,1032,294,4,1,93,204,13,549,48,15,49,26,10,234,8872,28807,77,258,245,57,104,137,483,35,256,7,7858,9406,253,55,350,136,123,35,1366,2079,5,5,5,1,5,6,2,1,6,16,11,3,4,1,36,8,76,6,107,7,5,8,4,9,23,0,4,0,36,17,2,5,70,68,5,1,126,86,35,15,12,3,8,0,1,2,5,4,19,14
1,4,2,232,0,9,25,1727,98,532,140,206,894,228,1253,12592,978,1212,1941,1847,386,168,76,38,47,89,20,0,18,77,12816,164,358,2,75,204,409,188,118,0,64,136,16047,136,1073,7,24,32,6,535,11,7,6,4,6,21,18,19,8,36,28,0,6,2,47,8,21,18,60,29,3,11,12,18,19,4,16,0,17,24,3,7,27,17,7,0,108,39,20,11,13,0,6,2,2,6,4,4,17,9
2,10,6,31,1,5,4,54,86,561,38,369,392,265,163,103,15,38,26,423,314,386,721,67,215,15896,529,137,47,258,164,37484,7733,4005,14,42,37,1560,41,236,130,899,429,7079,5512,141,15153,18,3,857,0,0,0,0,0,2,1,2,0,4,4,2,6,0,3,3,2,1,2,13,1,90,4,45,2,135,291,11,0,0,115,42,2,1,40,160,2,1,1,227,2,366,673,16,136,1,2,2,4,0
2,7,3,20,2,2,12,742,864,1267,224,7506,6275,224,134,98,749,372,107,6410,1059,302,8660,66,1761,326,876,13,33,245,358,7733,24608,61,10,61,248,1306,27,8,167,1495,1111,2918,8068,113,4310,4,4,1917,0,0,2,0,1,1,15,14,0,24,3,2,18,9,5,8,4,6,10,175,2,45,9,273,0,38,309,0,0,1,25,146,5,4,123,6,36,5,2,232,0,14,237,2,40,2,2,1,4,3
20,8,15,7,5,10,4,9,69,56,34,30,3,55,6,9,1,0,7,33,12,1019,742,139,49,5428,604,9218,178,57,2,4005,61,29615,7,17,23,161,57,9486,104,54,16,5515,66,4502,15366,40,9,13,0,0,0,0,0,0,0,0,0,0,2,1,0,0,0,2,0,0,1,2,1,19,2,4,0,30,216,95,5,0,52,1,1,1,1,285,4,0,0,21,2,1253,355,89,83,0,0,1,4,1
11,5,13,200,32,468,919,13,70,417,30,18,5,184,158,1252,7,0,49,89,42,213,18,118,85,12,7,3,44,104,75,14,10,7,2458,659,584,44,3230,2,103,167,350,97,60,4,9,3899,161,118,37,28,44,8,33,102,1,0,0,6,10,0,0,1,94,8,28,0,15,1,1,7,1,6,2,0,2,1,36,1,0,1,40,20,0,0,55,46,5,3,7,1,3,1,4,45,14,7,3,0
3,6,7,35,3,22,56,32,1122,534,91,67,18,98,74,2643,19,1,915,411,281,200,54,3692,843,25,134,4,39,137,204,42,61,17,659,6338,2178,126,4935,5,121,281,674,507,55,5,17,139,13,196,7,13,10,3,7,20,4,9,5,6,19,4,2,1,42,5,65,7,90,29,4,9,11,20,12,1,28,0,52,14,1,9,62,50,6,0,195,108,23,24,8,3,21,1,2,5,6,8,27,9
34,34,37,212,10,119,307,2827,14142,523,207,567,1153,509,197,656,417,141,1261,670,769,378,56,4984,499,10,2305,317,161,483,409,37,248,23,584,2178,723,45,7479,519,317,597,1355,312,42,39,18,621,50,509,4,3,3,1,3,11,64,90,4,66,7,1,16,22,15,2,12,51,27,103,12,5,11,48,6,0,17,1,8,5,0,37,14,18,7,1,469,27,5,9,8,15,7,4,3,12,4,2,7,7
2,6,7,65,1,4,31,166,115,76,73,470,46,50,135,360,10,9,185,2592,43,412,1102,49,203,7957,207,13,15,35,188,1560,1306,161,44,126,45,18103,84,5,11,76,315,12403,5849,54,603,32,2,97,1,0,1,0,0,1,0,3,2,12,1,4,15,1,7,7,3,1,8,23,1,82,4,214,2,56,223,1,2,2,41,68,12,6,157,17,6,5,4,326,3,5,315,5,60,0,0,0,4,5
8,19,14,116,90,402,483,10,164,357,31,27,5,356,212,244,2,1,101,139,80,245,27,8507,220,21,575,394,120,256,118,41,27,57,3230,4935,7479,84,25933,669,131,295,626,600,54,28,28,10212,778,241,12,23,20,8,22,69,1,3,3,3,13,1,2,0,75,3,58,2,65,7,2,5,4,10,3,4,6,2,60,12,0,6,74,34,0,1,165,69,4,6,16,20,8,2,1,23,12,7,17,0
7,2,8,2,4,8,2,2,314,9,3,0,0,14,2,3,0,0,3,7,0,391,300,1344,41,100,7553,18501,78,7,0,236,8,9486,2,5,519,5,669,25447,47,10,0,12216,2,1316,945,194,32,1,1,2,0,0,3,1,0,0,0,0,0,0,0,0,1,0,0,0,1,0,0,12,1,13,0,20,266,427,6,0,20,1,4,1,0,414,7,1,0,10,4,3663,271,251,60,5,1,3,2,0
538,410,813,764,178,181,179,27,20,12169,41,64,20,2166,641,487,2,1,124,49,82,18790,86,22,23,16,6,510,34581,7858,64,130,167,104,103,121,317,11,131,47,88702,11536,290,55,70,291,156,41,193,857,5,1,3,1,2,10,3,5,6,10,24,0,3,1,21,4,19,4,63,2,2,3,8,6,20,2,3,0,9,17,1,1,27,44,4,2,79,46,27,5,5,3,5,0,3,2,2,4,13,22
204,368,537,858,42,63,189,27,42,8938,116,464,144,1613,1122,668,22,12,299,234,585,1154,460,67,110,76,31,89,494,9406,136,899,1495,54,167,281,597,76,295,10,11536,21239,1519,308,294,100,726,54,50,9478,4,3,2,0,5,6,3,12,13,21,35,3,4,1,12,6,30,13,73,10,8,14,19,13,31,3,17,1,20,33,1,7,22,45,8,1,104,47,37,16,9,2,15,1,4,3,1,6,29,27
10,11,12,1125,9,21,138,298,111,2289,284,1567,434,727,7451,10607,285,396,1163,1028,4266,384,366,86,114,174,20,8,52,253,16047,429,1111,16,350,674,1355,315,626,0,290,1519,34741,274,1240,20,165,71,11,11240,9,15,17,4,13,14,3,21,15,39,48,6,4,1,55,11,41,11,136,25,7,23,16,20,36,4,10,1,40,45,4,17,59,46,10,5,203,51,44,24,9,1,10,1,3,9,0,6,23,17
7,4,23,71,7,18,40,120,1471,440,222,901,60,66,109,343,19,8,285,847,141,3472,6157,1747,2206,11538,14297,1722,105,55,136,7079,2918,5515,97,507,312,12403,600,12216,55,308,274,69169,1489,795,4980,244,31,122,0,1,1,0,1,3,2,7,1,13,13,7,17,2,9,12,7,6,1,16,10,373,12,224,5,499,1733,96,6,5,494,138,18,11,196,627,13,6,3,774,4,2209,2936,106,557,7,1,7,18,9
2,10,3,172,0,5,32,581,86,138,105,743,985,677,668,768,14,45,152,6494,138,452,868,16,289,2072,228,11,51,350,1073,5512,8068,66,60,55,42,5849,54,2,70,294,1240,1489,8589,40,394,20,11,699,1,1,6,0,1,2,4,7,3,26,8,9,35,6,15,11,3,3,9,87,3,123,21,536,5,48,353,3,2,6,35,185,15,11,331,17,8,6,8,663,4,6,546,8,58,4,1,0,5,7
45,13,56,16,17,15,3,67,25,348,168,228,16,132,10,19,4,3,12,91,36,6338,4826,41,43,91,147,30789,1722,136,7,141,113,4502,4,5,39,54,28,1316,291,100,20,795,40,19410,10331,11,16,44,0,0,0,0,0,0,0,0,1,3,0,0,1,0,1,1,5,0,4,2,0,7,0,5,0,6,22,5,0,1,14,1,4,3,3,35,5,0,0,8,1,134,61,8,13,0,0,2,1,2
23,6,23,11,5,5,8,43,86,926,129,400,69,74,26,39,35,27,23,176,291,1410,7376,72,194,1983,587,6923,198,123,24,15153,4310,15366,9,17,18,603,28,945,156,726,165,4980,394,10331,50479,12,7,336,1,0,0,0,1,0,0,1,0,2,0,1,5,0,0,1,0,1,5,1,1,65,0,23,0,145,365,31,2,1,150,13,1,1,16,250,8,7,1,135,2,800,844,46,160,0,0,1,4,2
38,36,31,293,553,5059,1909,4,21,142,7,3,1,141,58,330,0,0,12,41,15,94,27,429,59,6,78,94,105,35,32,18,4,40,3899,139,621,32,10212,194,41,54,71,244,20,11,12,5669,1295,30,32,36,19,37,163,151,0,0,1,2,3,0,1,0,46,2,19,0,9,3,1,3,2,3,1,2,4,0,9,4,3,1,10,3,1,1,26,26,0,1,8,4,5,0,4,246,12,2,3,1
783,26,121,77,2649,3246,88,1,3,8,1,1,3,13644,181,57,0,0,5,9,0,67,4,73,8,1,18,27,5312,1366,6,3,4,9,161,13,50,2,778,32,193,50,11,31,11,16,7,1295,9906,22,2,4,1,7,28,14,0,0,0,0,0,0,0,0,7,0,0,0,1,0,0,0,0,0,0,0,0,0,1,0,0,0,1,1,0,0,4,3,1,0,2,0,0,0,0,24,4,1,0,0
5,74,27,497,4,15,45,34,17,8179,80,431,585,2424,8855,340,58,32,203,496,1259,306,184,30,140,43,27,14,68,2079,535,857,1917,13,118,196,509,97,241,1,857,9478,11240,122,699,44,336,30,22,19628,0,2,4,2,0,3,2,2,5,12,22,2,3,0,4,1,10,2,64,11,5,9,8,18,8,0,12,0,13,10,2,13,7,22,12,2,86,23,19,21,7,2,26,0,2,0,0,2,14,4
13,18,18,106,3,71,156,1,3,6,1,0,0,37,9,50,0,0,2,2,0,8,0,1,1,0,0,0,1,5,11,0,0,0,37,7,4,1,12,1,5,4,9,0,1,0,1,32,2,0,49239,15655,910,11495,19306,3694,0,8,5,10,146,1,4,3,21595,101,152,0,19,11,1,151,17,24,2,2,22,12,2071,0,0,12,609,33,9,11,194,280,15,49,191,4,55,16,8,497,8045,160,163,17
10,20,103,126,7,91,184,0,1,1,0,0,0,44,5,62,0,0,3,1,3,3,0,1,1,0,0,0,2,5,7,0,0,0,28,13,3,0,23,2,1,3,15,1,1,0,0,36,4,2,15655,82042,18689,13076,2889,7219,5,5,4,9,554,2,3,0,11466,118,221,3,25,15,1,844,11,15,2,11,13,27,1454,3,13,20,1100,85,22,25,165,312,39,68,87,13,46,43,15,164,872,558,888,33
11,23,9,91,6,41,123,9,7,8,3,0,6,53,8,43,0,0,2,12,1,1,1,0,0,1,0,0,1,5,6,0,2,0,44,10,3,1,20,0,3,2,17,1,6,0,0,19,1,4,910,18689,33382,132,163,7854,33,123,94,58,759,32,42,20,16423,5522,4075,15,277,170,5,303,18,123,13,23,39,9,458,14,21,87,563,471,104,11,212,810,54,302,101,2,311,10,22,229,373,206,972,89
9,24,613,81,5,444,405,1,0,1,0,1,0,18,2,17,0,0,0,0,0,4,0,1,0,0,0,1,1,1,4,0,0,0,8,3,1,0,8,0,1,0,4,0,0,0,0,37,7,2,11495,13076,132,48589,20323,18282,0,3,0,1,109,0,1,0,498,25,59,2,7,3,1,197,3,10,2,1,5,12,790,0,1,3,524,16,7,12,49,127,5,10,24,2,17,20,8,349,480,239,184,5
11,24,50,170,18,346,358,2,0,7,0,0,2,47,7,51,0,0,2,1,0,8,0,3,0,0,0,2,4,5,6,0,1,0,33,7,3,0,22,3,2,5,13,1,1,0,1,163,28,0,19306,2889,163,20323,33649,8589,0,1,0,4,103,3,4,0,1521,25,92,1,11,5,2,69,23,26,3,1,30,5,517,0,1,4,199,16,2,3,128,484,19,9,334,9,41,4,5,3466,6040,55,108,15
36,81,92,388,16,285,840,0,6,5,1,0,1,107,20,111,0,0,2,8,1,13,0,1,4,0,2,1,7,6,21,2,1,0,102,20,11,1,69,1,10,6,14,3,2,0,0,151,14,3,3694,7219,7854,18282,8589,29688,3,13,13,22,824,17,19,4,2209,83,3947,2,93,38,8,322,38,93,10,7,29,5,377,5,9,28,373,66,14,13,251,2317,57,88,237,4,176,9,18,1215,274,173,653,55
0,0,0,0,0,0,0,386,482,9,18,17,101,0,0,8,53,26,10,76,16,10,1,5,10,0,1,0,0,2,18,1,15,0,1,4,64,0,1,0,3,3,3,2,4,0,0,0,0,2,0,5,33,0,0,3,5049,8400,403,1331,45,63,332,5244,136,176,53,1668,207,4510,49,116,260,183,32,31,41,0,11,248,64,2667,37,405,378,12,2424,9,15,80,0,3,29,7,51,0,6,6,21,5
0,0,1,1,0,0,1,437,471,30,42,36,100,3,1,17,127,124,62,34,102,8,1,10,9,0,2,0,2,1,19,2,14,0,0,9,90,3,3,0,5,12,21,7,7,0,1,0,0,2,8,5,123,3,1,13,8400,38836,8044,2949,497,1094,665,1681,344,453,191,8695,1258,3673,255,1286,251,62,144,39,27,12,36,821,41,726,91,990,513,40,2966,25,34,255,10,12,95,49,116,2,18,11,53,28
0,0,0,0,0,1,1,18,30,14,6,3,4,2,2,5,7,9,20,9,29,5,0,4,1,1,0,0,5,6,8,0,0,0,0,5,4,2,3,0,6,13,15,1,3,1,0,1,0,5,5,4,94,0,0,13,403,8044,3692,2144,424,313,97,155,237,240,265,3899,1483,526,134,311,40,40,208,21,6,1,17,2260,30,221,29,589,214,2,340,27,44,74,5,1,26,5,17,1,10,5,51,36
1,0,0,2,0,3,1,508,696,47,33,39,160,9,3,22,132,56,64,175,93,32,5,11,43,2,8,2,5,16,36,4,24,0,6,6,66,12,3,0,10,21,39,13,26,3,2,2,0,12,10,9,58,1,4,22,1331,2949,2144,41845,643,456,758,1133,108,95,167,1137,4982,3533,743,568,9738,8461,210,11,1319,7,23,66,22,439,54,157,61,19,12242,277,80,129,49,6,429,8,72,18,4,15,182,141
2,1,2,8,1,4,9,37,27,24,4,15,4,6,9,25,12,10,53,16,52,35,1,9,9,5,0,0,13,11,28,4,3,2,10,19,7,1,13,0,24,35,48,13,8,0,0,3,0,22,146,554,759,109,103,824,45,497,424,643,26778,4081,1432,80,1674,1116,1364,588,1558,192,5055,2978,237,100,546,166,66,90,194,106,184,266,285,1086,142,237,892,1217,642,139,472,47,328,285,568,512,106,33607,45109,10246
0,0,0,0,0,0,0,21,23,4,4,2,3,1,0,3,4,5,2,10,12,7,3,1,4,1,0,0,4,3,0,2,2,1,0,4,1,4,1,0,0,3,6,7,9,0,1,0,0,2,1,2,32,0,3,17,63,1094,313,456,4081,7614,6279,510,32,67,100,1349,305,453,5390,8325,39,150,609,10,60,9,14,263,35,460,16,108,25,52,126,85,158,69,23,22,219,202,418,26,5,20,130,339
0,0,0,0,0,0,0,108,121,5,10,10,41,1,0,11,7,8,16,193,11,12,7,2,57,1,5,0,0,4,6,6,18,0,0,2,16,15,2,0,3,4,4,17,35,1,5,1,0,3,4,3,42,1,4,19,332,665,97,758,1432,6279,13074,8291,69,123,95,6397,128,2398,4063,6340,78,1982,1144,26,389,16,17,1123,95,11537,41,279,140,80,367,70,382,286,19,17,609,199,702,11,4,18,113,259
0,0,0,0,0,0,0,206,263,5,8,7,72,1,0,3,22,13,8,131,2,6,1,1,9,1,2,0,0,1,2,0,9,0,1,1,22,1,0,0,1,1,1,2,6,0,0,0,0,0,3,0,20,0,0,4,5244,1681,155,1133,80,510,8291,15183,73,100,33,7504,115,3340,893,419,111,593,199,32,147,2,7,493,50,8517,20,184,185,18,987,21,48,40,5,2,67,18,122,1,4,1,16,35
19,45,36,243,14,60,213,17,18,17,2,1,6,186,62,193,1,1,16,27,4,24,2,2,21,2,4,1,9,36,47,3,5,0,94,42,15,7,75,1,21,12,55,9,15,1,0,46,7,4,21595,11466,16423,498,1521,2209,136,344,237,108,1674,32,69,73,107836,16397,1093,111,328,440,15,1068,47,217,58,222,87,61,15469,66,197,513,24574,2683,798,128,1304,864,885,1410,294,20,968,71,131,392,14377,721,3620,1233
0,4,3,12,2,3,9,9,23,5,1,4,10,14,10,22,0,1,7,40,1,12,3,2,25,2,4,1,3,8,8,3,8,2,8,5,2,7,3,0,4,6,11,12,11,1,1,2,0,1,101,118,5522,25,25,83,176,453,240,95,1116,67,123,100,16397,39349,3470,208,513,497,121,606,37,244,173,434,99,55,661,177,568,1040,6729,9329,1189,322,339,274,7691,943,69,20,585,71,566,52,292,263,4236,5602
4,6,11,57,0,22,63,6,20,19,2,4,9,93,41,87,0,1,49,15,5,40,1,3,9,1,3,1,32,76,21,2,4,0,28,65,12,3,58,0,19,30,41,7,3,5,0,19,0,10,152,221,4075,59,92,3947,53,191,265,167,1364,100,95,33,1093,3470,28255,205,5681,286,43,258,79,270,177,19,94,8,233,3149,21,174,377,8034,80,13,772,5214,296,194,205,3,308,8,37,239,109,139,633,223
0,0,0,1,0,0,0,265,229,35,43,46,56,2,1,6,96,73,61,12,104,10,5,13,3,0,2,0,0,6,18,1,6,0,0,7,51,1,2,0,4,13,11,6,3,0,1,0,0,2,0,3,15,2,1,2,1668,8695,3899,1137,588,1349,6397,7504,111,208,205,6586,1414,192,7526,637,144,68,1889,16,20,4,11,2459,39,1050,49,430,56,23,959,22,139,28,4,1,55,27,149,3,3,4,72,186
2,1,3,8,1,2,9,37,39,59,8,6,19,56,18,79,6,3,142,47,56,75,1,15,19,1,3,6,47,107,60,2,10,1,15,90,27,8,65,1,63,73,136,1,9,4,5,9,1,64,19,25,277,7,11,93,207,1258,1483,4982,1558,305,128,115,328,513,5681,1414,9621,1316,378,332,1276,742,702,27,140,10,136,3796,51,331,334,2114,224,13,2111,2645,648,205,153,3,337,14,61,37,23,64,578,581
0,1,0,5,0,0,3,1189,1855,13,35,62,732,7,4,56,15,9,45,1170,13,57,22,11,364,4,24,1,4,7,29,13,175,2,1,29,103,23,7,0,2,10,25,16,87,2,1,3,0,11,11,15,170,3,5,38,4510,3673,526,3533,192,453,2398,3340,440,497,286,192,1316,19617,130,1092,202,6314,59,67,1081,16,62,216,81,4934,139,772,5199,61,3124,116,46,3623,15,12,1163,70,186,11,26,22,67,43
1,0,0,0,0,0,0,48,55,19,3,9,10,3,0,7,21,21,30,4,31,11,1,2,2,3,2,0,6,5,3,1,2,1,1,4,12,1,2,0,2,8,7,10,3,0,1,1,0,5,1,1,5,1,2,8,49,255,134,743,5055,5390,4063,893,15,121,43,7526,378,130,9569,1710,172,63,4035,67,42,36,13,2134,122,503,28,80,26,125,603,140,494,59,76,26,174,147,450,13,3,19,440,5910
1,1,2,2,0,1,2,40,42,11,4,16,19,7,3,14,6,0,14,85,11,33,70,3,109,76,71,5,4,8,11,90,45,19,7,9,5,82,5,12,3,14,23,373,123,7,65,3,0,9,151,844,303,197,69,322,116,1286,311,568,2978,8325,6340,419,1068,606,258,637,332,1092,1710,38241,92,1388,584,306,2168,1089,2309,338,405,2869,880,419,336,951,284,260,458,1159,122,391,6517,8267,8762,99,45,5150,2972,714
0,0,0,2,0,2,5,29,36,7,3,8,17,5,2,8,7,0,26,56,25,11,2,3,18,2,5,2,2,4,12,4,9,2,1,11,11,4,4,1,8,19,16,12,21,0,0,2,0,8,17,11,18,3,23,38,260,251,40,9738,237,39,78,111,47,37,79,144,1276,202,172,92,9751,2735,207,17,879,3,27,65,17,137,111,59,54,11,5846,3113,72,47,2329,25,524,4,38,295,38,8,127,121
0,0,1,9,1,0,3,488,798,9,25,98,461,19,5,38,6,5,32,1266,12,89,74,15,792,24,54,0,5,9,18,45,273,4,6,20,48,214,10,13,6,13,20,224,536,5,23,3,0,18,24,15,123,10,26,93,183,62,40,8461,100,150,1982,593,217,244,270,68,742,6314,63,1388,2735,20708,39,144,19739,30,48,48,212,3256,135,209,906,120,2772,543,67,1852,760,688,3212,42,517,238,57,14,115,66
0,1,1,1,0,0,1,26,23,46,13,10,0,6,2,21,4,9,71,4,47,30,1,4,1,0,0,0,20,23,19,2,0,0,2,12,6,2,3,0,20,31,36,5,5,0,0,1,0,8,2,2,13,2,3,10,32,144,208,210,546,609,1144,199,58,173,177,1889,702,59,4035,584,207,39,5298,67,26,17,13,7469,163,605,68,1239,64,83,962,307,4810,70,159,9,82,55,388,26,4,11,268,1499
0,0,1,0,0,0,0,2,11,6,3,7,3,1,2,4,0,1,5,13,4,39,88,5,37,131,114,5,0,0,4,135,38,30,0,1,0,56,4,20,2,3,4,499,48,6,145,2,0,0,2,11,23,1,1,7,31,39,21,11,166,10,26,32,222,434,19,16,27,67,67,306,17,144,67,12056,765,52,115,94,10677,1906,711,288,3476,6096,30,13,113,7751,13,53,7163,61,624,7,12,35,569,429
2,0,0,6,0,1,4,171,515,22,7,104,246,14,13,20,1,0,20,712,9,145,251,36,796,230,443,42,5,4,16,291,309,216,2,28,17,223,6,266,3,17,10,1733,353,22,365,4,0,12,22,13,39,5,30,29,41,27,6,1319,66,60,389,147,87,99,94,20,140,1081,42,2168,879,19739,26,765,21645,929,37,26,742,1572,118,82,1334,556,655,189,23,1558,735,7455,14888,168,1625,313,50,20,74,64
0,0,1,0,0,0,0,0,1,0,0,0,0,1,0,1,0,0,0,3,0,1,3,2,2,2,24,437,0,0,0,11,0,95,1,0,1,1,2,427,0,1,1,96,3,5,31,0,0,0,12,27,9,12,5,5,0,12,1,7,90,9,16,2,61,55,8,4,10,16,36,1089,3,30,17,52,929,56479,1973,4,42,21,265,19,14,12092,38,6,26,36,32,16643,142,21490,1591,16,17,533,149,106
6,11,8,39,3,14,58,2,0,9,0,0,2,58,22,78,1,0,24,13,3,23,0,1,4,2,0,4,11,36,17,0,0,5,36,52,8,2,60,6,9,20,40,6,2,0,2,9,1,13,2071,1454,458,790,517,377,11,36,17,23,194,14,17,7,15469,661,233,11,136,62,13,2309,27,48,13,115,37,1973,155624,12,87,125,27113,364,167,785,570,345,191,323,274,301,376,2477,359,200,10345,28880,1890,83
0,0,1,3,0,2,2,20,28,28,5,3,3,9,4,13,8,6,45,9,32,16,1,6,5,3,0,3,14,17,24,0,1,0,1,14,5,2,12,0,17,33,45,5,6,1,1,4,0,10,0,3,14,0,0,5,248,821,2260,66,106,263,1123,493,66,177,3149,2459,3796,216,2134,338,65,48,7469,94,26,4,12,3517,123,1025,46,3020,343,43,308,110,1460,74,40,1,56,12,226,9,4,6,42,74
0,0,1,0,0,0,0,2,8,7,5,9,4,2,1,3,1,0,6,19,3,34,79,8,27,122,95,4,2,2,3,115,25,52,0,1,0,41,0,20,1,1,4,494,35,14,150,3,0,2,0,13,21,1,1,9,64,41,30,22,184,35,95,50,197,568,21,39,51,81,122,405,17,212,163,10677,742,42,87,123,13840,2407,626,365,2671,6598,32,15,279,1273,19,169,3775,279,14243,6,11,25,636,495
0,0,1,1,0,0,1,380,461,15,14,39,237,1,5,19,13,3,27,770,27,42,36,9,302,18,63,0,3,5,7,42,146,1,1,9,37,68,6,1,1,7,17,138,185,1,13,1,0,13,12,20,87,3,4,28,2667,726,221,439,266,460,11537,8517,513,1040,174,1050,331,4934,503,2869,137,3256,605,1906,1572,21,125,1025,2407,28986,897,1260,16571,308,758,97,588,2389,24,18,3565,71,3542,16,16,39,501,537
4,11,8,29,3,10,22,9,10,19,3,3,4,97,24,79,1,0,36,40,4,29,5,4,16,1,6,4,26,70,27,2,5,1,40,62,14,12,74,4,27,22,59,18,15,4,1,10,1,7,609,1100,563,524,199,373,37,91,29,54,285,16,41,20,24574,6729,377,49,334,139,28,880,111,135,68,711,118,265,27113,46,626,897,71181,2337,1184,558,1485,549,2441,1369,435,89,764,444,441,188,2749,13832,24642,1287
2,4,1,9,1,2,6,16,24,24,2,2,9,48,30,53,2,1,37,40,7,48,0,3,19,3,7,3,27,68,17,1,4,1,20,50,18,6,34,1,44,45,46,11,11,3,1,3,1,22,33,85,471,16,16,66,405,990,589,157,1086,108,279,184,2683,9329,8034,430,2114,772,80,419,59,209,1239,288,82,19,364,3020,365,1260,2337,20585,1320,128,1291,559,7972,811,322,9,380,27,331,43,80,134,1199,588
0,0,0,1,0,0,0,91,186,12,10,59,107,7,2,14,4,7,25,749,19,40,49,9,436,24,59,0,1,5,7,40,123,1,0,6,7,157,0,0,4,8,10,196,331,3,16,1,0,12,9,22,104,7,2,14,378,513,214,61,142,25,140,185,798,1189,80,56,224,5199,26,336,54,906,64,3476,1334,14,167,343,2671,16571,1184,1320,11922,317,200,26,169,7002,17,15,863,25,534,5,24,32,474,179
0,1,0,1,0,0,0,2,4,3,1,2,1,2,0,1,0,0,2,4,2,41,73,3,18,78,68,42,2,1,0,160,6,285,0,0,1,17,1,414,2,1,5,627,17,35,250,1,0,2,11,25,11,12,3,13,12,40,2,19,237,52,80,18,128,322,13,23,13,61,125,951,11,120,83,6096,556,12092,785,43,6598,308,558,128,317,31168,34,13,129,3140,14,3779,7000,11455,7068,6,9,324,598,476
6,8,9,35,2,17,34,1230,2042,77,32,123,370,114,52,156,220,81,214,235,124,102,6,69,50,4,16,7,48,126,108,2,36,4,55,195,469,6,165,7,79,104,203,13,8,5,8,26,4,86,194,165,212,49,128,251,2424,2966,340,12242,892,126,367,987,1304,339,772,959,2111,3124,603,284,5846,2772,962,30,655,38,570,308,32,758,1485,1291,200,34,3154,4999,1638,82,3426,92,241,19,76,598,195,166,874,1226
1,17,10,84,4,28,83,12,13,31,1,6,7,113,54,116,1,2,77,23,24,69,3,9,19,1,4,3,37,86,39,1,5,0,46,108,27,5,69,1,46,47,51,6,6,0,7,26,3,23,280,312,810,127,484,2317,9,25,27,277,1217,85,70,21,864,274,5214,22,2645,116,140,260,3113,543,307,13,189,6,345,110,15,97,549,559,26,13,4999,17494,667,81,11884,5,351,10,29,4372,239,118,678,514
0,0,2,5,0,0,1,2,8,19,3,2,0,14,7,30,1,1,63,8,7,48,2,4,2,1,2,3,22,35,20,1,2,0,5,23,5,4,4,0,27,37,44,3,8,0,1,0,1,19,15,39,54,5,19,57,15,34,44,80,642,158,382,48,885,7691,296,139,648,46,494,458,72,67,4810,113,23,26,191,1460,279,588,2441,7972,169,129,1638,667,21026,130,600,5,123,42,439,153,34,100,3676,10637
0,0,1,2,0,0,2,31,73,12,5,80,68,10,5,13,3,1,19,455,15,88,226,21,636,168,308,4,4,15,11,227,232,21,3,24,9,326,6,10,5,16,24,774,663,8,135,1,0,21,49,68,302,10,9,88,80,255,74,129,139,69,286,40,1410,943,194,28,205,3623,59,1159,47,1852,70,7751,1558,36,323,74,1273,2389,1369,811,7002,3140,82,81,130,24309,24,118,25427,91,788,20,99,59,418,194
1,5,6,30,1,16,36,2,1,19,0,1,1,47,22,54,0,0,6,6,4,14,3,2,2,2,1,3,6,12,13,2,0,2,7,8,8,3,16,4,5,9,9,4,4,1,2,8,2,7,191,87,101,24,334,237,0,10,5,49,472,23,19,5,294,69,205,4,153,15,76,122,2329,760,159,13,735,32,274,40,19,24,435,322,17,14,3426,11884,600,24,20298,168,330,4,21,10897,492,55,302,370
1,0,0,0,0,0,0,2,8,5,4,6,1,1,0,3,0,0,2,5,1,112,136,18,6,96,301,663,6,3,0,366,14,1253,1,3,15,5,20,3663,3,2,1,2209,6,134,800,4,0,2,4,13,2,2,9,4,3,12,1,6,47,22,17,2,20,20,3,1,3,12,26,391,25,688,9,53,7455,16643,301,1,169,18,89,9,15,3779,92,5,5,118,168,24924,6254,1702,719,61,15,119,62,67
1,1,2,6,0,3,4,25,62,35,18,87,36,12,8,9,3,2,13,217,19,210,486,37,534,482,500,64,7,8,6,673,237,355,3,21,7,315,8,271,5,15,10,2936,546,61,844,5,0,26,55,46,311,17,41,176,29,95,26,429,328,219,609,67,968,585,308,55,337,1163,174,6517,524,3212,82,7163,14888,142,376,56,3775,3565,764,380,863,7000,241,351,123,25427,330,6254,48618,1058,5725,194,110,180,429,317
0,0,0,1,0,0,1,1,2,0,0,0,1,0,0,2,0,0,0,4,0,5,9,4,0,8,11,38,2,0,2,16,2,89,1,1,4,5,2,251,0,1,1,106,8,8,46,0,0,0,16,43,10,20,4,9,7,49,5,8,285,202,199,18,71,71,8,27,14,70,147,8267,4,42,55,61,168,21490,2477,12,279,71,444,27,25,11455,19,10,42,91,4,1702,1058,16131,11396,3,11,1201,250,148
0,0,0,0,0,0,0,8,15,13,1,8,3,2,2,5,2,1,2,37,3,36,97,3,42,134,126,8,1,1,2,136,40,83,4,2,3,60,1,60,3,4,3,557,58,13,160,4,0,2,8,15,22,8,5,18,51,116,17,72,568,418,702,122,131,566,37,149,61,186,450,8762,38,517,388,624,1625,1591,359,226,14243,3542,441,331,534,7068,76,29,439,788,21,719,5725,11396,22923,13,6,247,720,731
14,51,57,270,19,459,566,0,2,1,0,0,0,42,4,52,0,0,2,3,0,4,1,8,2,0,2,2,4,2,6,1,2,0,45,5,12,0,23,5,2,3,9,7,4,0,0,246,24,0,497,164,229,349,3466,1215,0,2,1,18,512,26,11,1,392,52,239,3,37,11,13,99,295,238,26,7,313,16,200,9,6,16,188,43,5,6,598,4372,153,20,10897,61,194,3,13,6820,1116,26,162,106
7,7,7,23,1,31,41,6,1,1,1,0,0,29,12,21,0,0,2,2,0,2,0,1,0,0,2,1,3,5,4,2,2,0,14,6,4,0,12,1,2,1,0,1,1,0,0,12,4,0,8045,872,373,480,6040,274,6,18,10,4,106,5,4,4,14377,292,109,3,23,26,3,45,38,57,4,12,50,17,10345,4,11,16,2749,80,24,9,195,239,34,99,492,15,110,11,6,1116,37184,62,633,32
0,0,0,4,0,2,2,0,0,4,0,0,0,6,3,9,1,0,10,3,2,5,1,1,6,0,1,1,2,4,4,2,1,1,7,8,2,0,7,3,4,6,6,7,0,2,1,2,1,2,160,558,206,239,55,173,6,11,5,15,33607,20,18,1,721,263,139,4,64,22,19,5150,8,14,11,35,20,533,28880,6,25,39,13832,134,32,324,166,118,100,59,55,119,180,1201,247,26,62,70973,6027,163
2,0,5,6,0,5,6,9,8,13,3,6,2,20,10,22,2,3,41,10,21,28,2,6,9,4,1,2,11,19,17,4,4,4,3,27,7,4,17,2,13,29,23,18,5,1,4,3,0,14,163,888,972,184,108,653,21,53,51,182,45109,130,113,16,3620,4236,633,72,578,67,440,2972,127,115,268,569,74,149,1890,42,636,501,24642,1199,474,598,874,678,3676,418,302,62,429,250,720,162,633,6027,22099,8630
0,0,0,2,0,1,4,8,10,13,6,1,5,10,1,19,1,2,27,18,8,17,3,2,6,3,2,1,4,14,9,0,3,1,0,9,7,5,0,0,22,27,17,9,7,2,2,1,0,4,17,33,89,5,15,55,5,28,36,141,10246,339,259,35,1233,5602,223,186,581,43,5910,714,121,66,1499,429,64,106,83,74,495,537,1287,588,179,476,1226,514,10637,194,370,67,317,148,731,106,32,163,8630,9499
