19402,6213,9473,2199,13346,1243,308,5,3,26,1,2,2,12924,394,274,1,0,6,7,1,86,4,0,1,6,3,12,235,322,15,1,4,6,68,26,27,4,45,1,139,115,54,4,10,16,6,107,1865,8,5,12,12,42,23,22,0,1,0,1,4,0,0,0,14,3,33,0,12,0,0,3,0,0,0,0,0,0,0,0,0,0,5,4,0,0,3,14,1,0,7,0,0,0,0,43,1,0,1,1
6213,26556,10945,21236,1252,349,726,7,6,30,2,2,1,6814,2532,238,1,0,13,5,3,225,4,3,2,3,2,12,213,461,18,4,5,4,78,35,39,4,47,1,239,215,38,6,9,13,5,194,355,14,15,38,19,50,83,60,0,0,1,1,2,0,0,0,23,7,63,0,14,0,1,3,3,2,0,0,0,0,3,0,0,0,3,10,0,0,7,43,0,0,1,0,1,0,0,113,8,0,9,0
9473,10945,43398,9314,5882,5882,5564,4,7,23,2,0,1,1439,85,100,0,1,2,1,1,162,2,4,3,1,0,10,99,234,6,3,3,1,27,16,17,2,20,1,122,144,17,1,5,7,4,181,162,6,74,68,7,3495,129,66,0,0,1,0,0,0,0,1,20,3,30,0,6,0,0,1,0,0,1,0,2,0,1,0,0,0,6,5,0,0,3,17,0,0,3,0,0,0,0,128,5,1,4,0
2199,21236,9314,67560,1032,1618,17012,90,79,315,22,16,5,8233,13303,10030,8,10,137,100,27,569,22,30,32,74,19,25,311,923,421,58,42,34,539,377,174,50,174,7,596,886,1817,27,105,18,30,994,349,107,36,108,42,362,167,142,1,1,1,5,11,2,1,0,77,17,132,0,63,5,2,11,4,4,1,0,6,0,7,5,0,1,25,22,3,0,22,81,4,0,14,1,0,0,0,329,10,2,15,3
13346,1252,5882,1032,34250,18790,843,4,7,23,1,1,0,4618,194,233,1,1,3,10,3,44,3,24,2,8,16,3,95,118,12,4,5,5,106,33,36,3,142,9,47,37,41,6,3,3,3,755,5551,5,5,8,3,341,18,15,0,0,0,0,0,0,0,0,9,1,18,0,8,0,0,0,0,0,0,0,0,0,1,1,0,0,1,5,0,0,5,11,0,0,4,0,0,0,0,25,1,0,4,0
1243,349,5882,1618,18790,21754,16438,0,9,36,2,1,1,163,16,326,1,0,4,7,1,42,6,19,7,6,19,10,38,75,6,4,4,5,284,70,86,2,358,19,41,49,18,20,5,1,5,2772,1258,7,16,64,9,758,363,231,0,0,0,1,3,0,0,0,10,3,31,0,5,0,2,1,0,0,0,0,3,0,2,2,0,0,6,3,0,0,2,18,0,0,4,2,1,0,0,173,5,0,2,0
308,726,5564,17012,843,16438,17554,10,30,127,7,7,1,592,152,1861,1,1,34,24,9,187,11,21,21,15,11,8,91,264,44,8,12,13,1761,199,126,8,187,2,200,231,84,10,16,7,4,1969,146,31,74,189,159,1708,384,1171,1,0,3,4,9,2,0,1,94,11,101,0,27,7,1,16,1,1,2,0,3,0,5,5,0,2,22,7,4,1,14,74,4,1,19,0,0,0,0,280,12,2,26,1
5,7,4,90,4,0,10,35386,8106,172,1745,763,9464,243,246,1555,3323,4074,1525,9216,366,2071,710,555,350,153,319,33,21,63,3917,229,3161,48,63,285,1335,168,29,3,36,46,969,176,1314,88,168,5,5,36,0,0,0,0,1,1,23,23,6,54,11,0,2,2,3,2,3,9,14,74,5,7,6,87,1,0,137,0,1,7,1,16,5,3,16,1,128,3,1,6,1,3,9,0,2,0,1,0,8,1
3,6,7,79,7,9,30,8106,80095,243,692,1296,2869,84,78,539,1334,267,6605,10235,453,1092,544,9423,7490,112,4207,42,31,34,398,141,1487,71,350,1984,4762,208,576,20,43,94,373,405,359,52,128,49,5,77,0,0,3,0,0,2,81,52,13,274,13,5,20,9,3,6,5,4,34,299,2,27,28,389,6,0,631,1,4,8,3,82,4,4,59,3,862,8,0,12,3,1,8,0,4,3,1,1,9,1
26,30,23,315,23,36,127,172,243,25680,2612,1112,154,246,257,997,247,17,507,131,2615,4299,441,173,78,101,110,33,52,85,280,96,403,42,429,755,564,101,384,9,12565,8980,1641,153,93,112,187,197,26,7563,1,3,2,0,2,0,0,5,18,6,33,1,0,0,19,7,28,1,80,5,8,14,10,3,27,0,8,1,3,20,3,3,24,14,5,2,184,48,8,6,5,0,11,0,1,4,1,1,28,4
1,2,2,22,1,2,7,1745,692,2612,3115,8324,570,63,61,469,801,106,533,346,1821,3625,1360,89,76,66,71,17,6,35,218,29,329,24,49,168,157,64,32,6,58,133,369,118,66,84,76,2,3,184,0,1,2,0,0,0,1,4,5,5,3,0,2,0,4,0,2,1,6,1,1,2,4,1,3,0,9,0,3,2,0,2,1,0,3,1,33,0,1,2,0,0,3,0,1,0,0,1,0,1
2,2,0,16,1,1,7,763,1296,1112,8324,21895,5980,65,135,56,3082,161,113,1503,3473,1276,5290,153,1020,122,338,32,12,72,216,138,6440,31,18,71,211,224,31,7,71,279,841,378,413,141,306,4,3,393,1,0,0,0,0,0,2,2,3,6,1,1,0,1,1,0,0,0,2,12,1,9,0,33,0,2,46,1,0,0,3,4,1,0,10,2,13,0,2,13,1,2,9,0,2,0,0,0,2,2
2,1,1,5,0,1,1,9464,2869,154,570,5980,19836,162,274,98,4785,564,93,2882,654,276,237,220,353,31,272,12,6,66,902,128,6271,14,18,59,548,40,13,1,37,114,935,37,428,31,81,4,2,170,0,0,1,0,0,1,15,5,2,52,0,1,2,2,2,2,1,1,4,43,0,1,1,59,0,0,76,0,0,0,0,7,0,0,4,0,95,2,0,1,0,0,4,0,1,1,0,0,0,0
12924,6814,1439,8233,4618,163,592,243,84,246,63,65,162,67006,13537,2367,37,54,177,416,56,440,117,46,97,215,48,100,3886,18018,724,290,507,81,360,399,552,98,253,5,1042,730,3991,66,650,61,163,359,15453,835,11,27,36,18,24,42,2,1,8,11,31,0,0,1,94,40,166,3,210,9,11,29,19,15,14,0,11,2,21,23,0,1,74,58,3,2,93,161,8,2,27,0,3,2,0,73,10,6,69,11
394,2532,85,13303,194,16,152,246,78,257,61,135,274,13537,23065,3441,126,60,156,315,173,275,86,28,61,126,46,26,182,836,1228,187,581,43,144,245,147,67,61,1,352,1026,22027,54,406,22,91,75,167,8399,1,4,5,2,6,9,0,0,5,2,9,0,2,0,10,1,11,0,29,2,2,2,5,2,2,0,6,1,1,4,1,0,8,6,0,1,18,20,0,1,4,1,4,0,1,13,4,0,11,0
274,238,100,10030,233,326,1861,1555,539,997,469,56,98,2367,3441,23802,155,690,4794,718,131,543,73,49,84,180,53,31,125,381,9297,109,130,53,2401,3676,361,149,233,4,376,651,11723,59,460,15,44,912,175,180,16,28,40,11,33,51,2,2,10,13,29,1,1,1,107,30,151,2,159,9,4,28,7,9,6,0,9,4,21,26,0,1,53,47,2,1,74,135,10,2,25,0,2,0,1,93,17,10,55,10
1,1,0,8,1,1,1,3323,1334,247,801,3082,4785,37,126,155,7079,2543,200,186,4047,255,220,198,46,21,12,5,9,39,1957,43,748,8,17,59,333,21,22,1,29,123,1169,30,48,13,56,3,3,232,0,0,0,0,0,1,2,9,2,13,3,1,0,4,1,0,1,1,3,4,1,1,2,0,1,0,2,0,0,0,0,1,1,0,1,0,35,2,0,1,0,0,2,0,1,0,0,0,0,0
0,0,1,10,1,0,1,4074,267,17,106,161,564,54,60,690,2543,2336,609,111,266,92,35,71,16,8,11,0,4,15,5518,27,250,3,6,31,182,3,4,0,6,12,501,10,44,7,13,1,0,13,0,0,0,0,0,1,0,4,3,3,2,1,0,0,0,0,0,1,2,0,0,1,0,2,1,0,0,0,0,0,0,0,1,0,1,0,20,2,0,0,0,0,0,0,0,0,0,0,1,0
6,13,2,137,3,4,34,1525,6605,507,533,113,93,177,156,4794,200,609,8981,860,230,342,75,339,317,97,110,12,31,60,1222,61,147,43,291,5174,291,134,204,3,70,119,839,70,220,9,33,20,7,89,0,1,5,0,0,1,2,7,13,8,10,0,1,3,7,6,16,2,39,3,0,9,5,13,2,0,18,0,2,7,0,3,14,6,2,0,84,19,6,1,3,0,3,0,0,1,1,0,10,1
7,5,1,100,10,7,24,9216,10235,131,346,1503,2882,416,315,718,186,111,860,28741,141,875,1536,244,3674,479,2020,54,53,144,1016,668,9316,165,134,480,228,2561,118,14,59,142,932,1197,6986,115,369,17,16,108,0,0,5,0,1,2,35,11,4,75,7,1,29,12,14,11,7,6,13,270,3,41,15,535,4,4,618,1,2,5,1,136,6,4,174,7,71,6,3,61,4,2,37,3,8,4,2,0,10,3
1,3,1,27,3,1,9,366,453,2615,1821,3473,654,56,173,131,4047,266,230,141,7849,441,500,169,73,73,43,16,25,110,463,78,722,22,74,187,357,57,74,4,172,902,5398,121,79,59,138,9,1,3572,0,1,0,0,0,0,2,4,6,4,12,0,0,2,0,0,7,2,27,0,3,1,3,2,2,1,8,0,0,3,0,0,5,1,1,1,54,7,3,2,1,0,5,0,1,1,0,0,2,1
86,225,162,569,44,42,187,2071,1092,4299,3625,1276,276,440,275,543,255,92,342,875,441,22980,5746,110,354,520,526,896,3153,305,223,188,345,720,211,335,284,364,213,175,19262,1854,876,1138,236,3695,789,175,24,299,2,0,7,3,5,8,2,3,11,6,13,3,1,0,42,15,50,3,68,9,5,18,7,15,12,16,50,3,10,18,8,8,31,22,10,24,88,47,9,9,14,33,70,0,18,3,5,6,26,6
4,4,2,22,3,6,11,710,544,441,1360,5290,237,117,86,73,220,35,75,1536,500,5746,12155,133,1810,1868,2169,460,83,70,105,472,6088,570,31,73,72,1585,80,121,95,184,324,3745,921,4020,4190,23,3,169,0,0,0,0,0,0,1,1,0,5,0,1,4,0,3,3,2,1,8,15,2,31,4,73,1,25,250,3,0,1,18,42,2,0,47,27,4,1,2,67,0,27,181,5,44,1,0,0,1,0
0,3,4,30,24,19,21,555,9423,173,89,153,220,46,28,49,198,71,339,244,169,110,133,6209,1712,85,2796,96,16,36,75,96,132,61,668,2422,4885,76,10753,198,39,77,166,375,120,19,65,471,51,47,1,0,1,0,1,3,4,5,0,24,8,3,3,0,6,2,8,1,38,22,0,7,4,38,3,1,76,2,1,5,2,6,3,1,9,2,142,12,1,5,2,3,8,2,2,5,0,3,7,2
1,2,3,32,2,7,21,350,7490,78,76,1020,353,97,61,84,46,16,317,3674,73,354,1810,1712,9327,428,9623,148,25,66,64,917,2212,289,187,563,286,605,466,164,41,86,182,3780,1490,109,527,85,11,86,1,1,3,0,3,1,11,6,2,39,4,0,19,3,16,12,6,3,12,170,1,44,16,523,2,7,625,5,1,4,11,127,6,3,253,11,26,3,7,116,0,9,85,2,16,3,2,0,6,2
6,3,1,74,8,6,15,153,112,101,66,122,31,215,126,180,21,8,97,479,73,520,1868,85,428,25729,1993,514,31,75,232,8550,900,7953,49,117,75,7720,100,287,52,81,326,8478,4169,790,3269,30,12,54,0,1,0,0,1,0,0,2,1,1,4,1,2,0,1,2,5,0,4,8,7,56,5,27,2,98,432,13,3,2,84,44,0,3,44,124,7,1,1,69,2,183,605,24,103,1,0,0,1,0
3,2,0,19,16,19,11,319,4207,110,71,338,272,48,46,53,12,11,110,2020,43,526,2169,2796,9623,1993,20623,2477,31,25,41,1782,1473,1100,98,193,2864,1051,1065,7545,24,46,94,13123,1697,411,1532,337,39,46,1,3,0,0,4,2,13,0,0,21,2,1,7,6,5,6,5,5,9,82,2,70,9,291,1,35,1734,15,0,3,31,90,7,4,124,59,172,2,2,124,0,107,246,8,61,7,0,2,3,3
12,12,10,25,3,10,8,33,42,33,17,32,12,100,26,31,5,0,12,54,16,896,460,96,148,514,2477,43082,1261,190,21,316,121,12775,16,25,241,182,154,15806,387,92,60,3040,121,10913,4877,75,18,16,0,0,0,0,1,0,1,0,0,0,2,0,2,0,2,1,3,0,7,0,1,6,1,3,0,8,49,28,0,1,15,3,0,1,4,70,4,2,0,7,1,196,79,17,15,1,0,0,0,0
235,213,99,311,95,38,91,21,31,52,6,12,6,3886,182,125,9,4,31,53,25,3153,83,16,25,31,31,1261,82945,9525,39,29,78,171,61,84,138,14,48,60,28491,361,362,84,46,1083,168,64,7208,86,1,1,2,2,3,0,0,1,8,5,8,0,0,0,21,6,28,0,54,4,2,6,2,0,6,0,1,0,4,8,2,1,20,18,1,3,42,26,7,1,3,4,1,0,2,5,3,1,12,5
322,461,234,923,118,75,264,63,34,85,35,72,66,18018,836,381,39,15,60,144,110,305,70,36,66,75,25,190,9525,41940,127,102,324,63,150,193,324,31,148,10,9296,7254,1624,74,170,149,104,133,1994,879,3,2,11,3,7,4,2,4,12,4,27,1,1,0,34,15,55,0,111,3,8,13,6,2,9,0,5,0,6,12,0,1,39,29,1,0,88,58,4,1,14,0,3,0,0,8,5,6,35,7
15,18,6,421,12,6,44,3917,398,280,218,216,902,724,1228,9297,1957,5518,1222,1016,463,223,105,75,64,232,41,21,39,127,16362,241,650,61,267,798,237,172,73,2,61,159,13443,61,904,12,86,30,17,99,0,0,5,0,2,3,0,3,5,6,11,4,1,1,24,13,27,5,81,9,3,8,2,15,5,0,10,1,5,14,1,1,20,18,1,1,71,39,3,3,10,0,2,0,0,1,8,2,20,3
1,4,3,58,4,4,8,229,141,96,29,138,128,290,187,109,43,27,61,668,78,188,472,96,917,8550,1782,316,29,102,241,26303,5506,4349,40,72,54,2345,64,141,81,150,537,3736,7451,542,15651,28,12,134,0,0,0,0,0,0,2,1,0,2,2,0,1,0,1,2,4,0,2,7,2,50,9,36,0,56,318,16,2,1,42,22,1,1,34,101,3,1,0,71,0,127,427,19,60,2,0,0,1,1
4,5,3,42,5,4,12,3161,1487,403,329,6440,6271,507,581,130,748,250,147,9316,722,345,6088,132,2212,900,1473,121,78,324,650,5506,19255,230,55,155,167,1524,88,30,171,515,1651,1914,7610,283,4199,25,9,576,0,0,0,1,0,0,8,3,0,18,3,0,5,2,5,0,3,2,4,45,1,23,4,96,2,13,226,1,0,2,12,36,1,0,52,5,26,3,0,44,0,6,75,3,22,1,0,0,3,1
6,4,1,34,5,5,13,48,71,42,24,31,14,81,43,53,8,3,43,165,22,720,570,61,289,7953,1100,12775,171,63,61,4349,230,30194,24,69,57,1312,70,4886,140,63,115,7943,566,3295,14078,28,7,19,0,1,0,1,1,0,0,0,0,2,0,1,0,0,3,0,1,0,2,2,1,21,3,6,0,33,109,107,1,1,47,7,3,0,12,332,5,2,0,15,0,739,222,34,92,2,0,1,0,1
68,78,27,539,106,284,1761,63,350,429,49,18,18,360,144,2401,17,6,291,134,74,211,31,668,187,49,98,16,61,150,267,40,55,24,5821,3920,1008,61,7055,7,176,238,562,81,64,8,26,3016,177,89,5,17,19,2,22,33,2,3,12,3,33,0,0,1,72,24,128,1,122,8,2,18,4,7,11,1,8,0,17,17,0,2,49,40,2,0,112,117,13,2,39,3,0,0,0,50,20,8,37,4
26,35,16,377,33,70,199,285,1984,755,168,71,59,399,245,3676,59,31,5174,480,187,335,73,2422,563,117,193,25,84,193,798,72,155,69,3920,10847,1365,146,6768,9,236,299,1346,132,166,11,44,344,46,177,2,1,10,0,5,11,5,7,19,14,41,4,0,1,40,31,77,1,183,12,7,26,13,14,16,0,23,0,18,38,1,11,53,38,3,0,240,88,15,3,31,0,2,0,0,16,11,4,59,7
27,39,17,174,36,86,126,1335,4762,564,157,211,548,552,147,361,333,182,291,228,357,284,72,4885,286,75,2864,241,138,324,237,54,167,57,1008,1365,4652,36,11610,459,307,328,965,223,62,32,47,1017,88,212,2,5,5,1,16,10,8,21,15,55,23,1,2,2,19,8,27,4,96,17,8,18,11,16,6,0,15,1,6,17,0,4,22,11,2,1,1214,38,4,2,7,7,1,0,1,21,4,1,29,5
4,4,2,50,3,2,8,168,208,101,64,224,40,98,67,149,21,3,134,2561,57,364,1585,76,605,7720,1051,182,14,31,172,2345,1524,1312,61,146,36,13540,68,33,24,48,223,6557,6729,172,1254,17,5,50,0,0,1,0,1,2,1,1,1,4,2,0,1,1,3,3,2,1,5,13,4,31,3,81,0,15,214,0,0,0,20,32,2,2,65,10,8,2,0,63,1,6,102,3,20,3,1,1,1,5
45,47,20,174,142,358,187,29,576,384,32,31,13,253,61,233,22,4,204,118,74,213,80,10753,466,100,1065,154,48,148,73,64,88,70,7055,6768,11610,68,30478,277,188,191,341,306,62,26,45,9099,478,78,6,6,10,3,11,13,1,4,17,18,45,2,0,0,58,23,95,1,303,7,11,33,13,14,15,0,15,1,23,29,0,4,72,36,4,1,336,118,11,1,29,6,2,0,1,20,9,6,80,8
1,1,1,7,9,19,2,3,20,9,6,7,1,5,1,4,1,0,3,14,4,175,121,198,164,287,7545,15806,60,10,2,141,30,4886,7,9,459,33,277,28674,24,10,10,11764,20,675,642,130,20,0,0,0,1,0,3,1,0,0,0,1,0,0,0,0,0,0,1,0,2,0,0,4,1,10,0,21,99,209,0,1,14,2,1,0,2,283,3,1,0,3,3,1485,205,27,48,5,0,1,0,0
139,239,122,596,47,41,200,36,43,12565,58,71,37,1042,352,376,29,6,70,59,172,19262,95,39,41,52,24,387,28491,9296,61,81,171,140,176,236,307,24,188,24,72736,12627,1047,75,96,350,154,132,76,965,0,1,10,1,1,5,0,0,9,2,20,2,0,1,21,11,33,1,93,1,3,12,2,3,7,0,4,0,7,16,0,0,20,17,0,6,82,43,7,1,13,3,3,0,0,8,2,1,27,3
115,215,144,886,37,49,231,46,94,8980,133,279,114,730,1026,651,123,12,119,142,902,1854,184,77,86,81,46,92,361,7254,159,150,515,63,238,299,328,48,191,10,12627,14750,3533,117,192,94,159,175,32,9326,0,1,5,9,7,5,0,2,9,2,22,0,0,1,25,14,33,3,76,4,3,8,11,6,12,0,10,0,6,20,0,1,30,23,1,2,81,50,6,1,7,2,8,0,3,9,4,1,23,9
54,38,17,1817,41,18,84,969,373,1641,369,841,935,3991,22027,11723,1169,501,839,932,5398,876,324,166,182,326,94,60,362,1624,13443,537,1651,115,562,1346,965,223,341,10,1047,3533,55593,153,1149,88,287,112,101,10120,1,4,7,5,1,5,0,3,21,13,56,3,0,1,48,19,58,3,242,7,8,24,10,19,22,1,18,0,29,28,1,6,67,33,5,0,218,104,7,2,25,1,7,1,1,7,9,5,65,6
4,6,1,27,6,20,10,176,405,153,118,378,37,66,54,59,30,10,70,1197,121,1138,3745,375,3780,8478,13123,3040,84,74,61,3736,1914,7943,81,132,223,6557,306,11764,75,117,153,50365,1395,1720,4214,155,20,80,2,1,1,1,2,3,1,4,0,6,5,1,2,0,2,2,2,0,3,8,7,83,9,84,0,93,489,62,1,2,102,51,2,2,71,407,6,3,1,123,3,799,681,47,156,9,0,0,1,0
10,9,5,105,3,5,16,1314,359,93,66,413,428,650,406,460,48,44,220,6986,79,236,921,120,1490,4169,1697,121,46,170,904,7451,7610,566,64,166,62,6729,62,20,96,192,1149,1395,13114,135,1449,22,15,88,0,0,4,0,4,1,4,5,2,17,3,1,5,5,9,14,2,5,4,61,5,53,13,360,2,9,361,0,3,2,10,96,4,2,182,9,15,2,4,151,1,6,81,0,17,6,1,0,10,0
16,13,7,18,3,1,7,88,52,112,84,141,31,61,22,15,13,7,9,115,59,3695,4020,19,109,790,411,10913,1083,149,12,542,283,3295,8,11,32,172,26,675,350,94,88,1720,135,13925,6687,8,7,50,0,0,1,1,0,1,0,1,1,0,0,0,0,0,3,0,0,1,1,1,1,6,1,3,0,10,34,26,0,0,15,5,0,0,2,78,6,2,0,4,1,169,85,1,16,0,0,0,1,0
6,5,4,30,3,5,4,168,128,187,76,306,81,163,91,44,56,13,33,369,138,789,4190,65,527,3269,1532,4877,168,104,86,15651,4199,14078,26,44,47,1254,45,642,154,159,287,4214,1449,6687,34901,22,5,142,0,0,0,0,0,0,0,2,0,4,1,3,2,0,1,1,3,1,5,6,0,27,0,23,0,36,225,42,0,1,23,17,1,0,37,180,6,1,1,33,0,334,262,18,48,1,0,0,0,2
107,194,181,994,755,2772,1969,5,49,197,2,4,4,359,75,912,3,1,20,17,9,175,23,471,85,30,337,75,64,133,30,28,25,28,3016,344,1017,17,9099,130,132,175,112,155,22,8,22,8073,1076,45,15,69,12,41,132,73,2,0,1,0,6,0,0,1,22,8,40,0,23,2,0,6,3,3,3,0,11,0,4,3,0,0,12,11,4,1,18,50,0,0,11,2,3,0,1,199,7,0,10,0
1865,355,162,349,5551,1258,146,5,5,26,3,3,2,15453,167,175,3,0,7,16,1,24,3,51,11,12,39,18,7208,1994,17,12,9,7,177,46,88,5,478,20,76,32,101,20,15,7,5,1076,18025,9,1,3,1,11,10,7,0,0,1,0,2,0,0,0,7,2,10,0,13,0,2,2,3,0,0,0,4,0,1,1,0,0,1,3,0,1,1,12,0,0,3,1,1,0,0,4,1,0,3,1
8,14,6,107,5,7,31,36,77,7563,184,393,170,835,8399,180,232,13,89,108,3572,299,169,47,86,54,46,16,86,879,99,134,576,19,89,177,212,50,78,0,965,9326,10120,80,88,50,142,45,9,13861,1,1,0,2,0,1,0,1,7,2,9,0,0,0,6,2,4,1,32,0,0,5,3,1,5,0,2,0,2,4,0,0,5,2,1,0,45,7,0,0,1,2,3,0,1,1,0,0,7,1
5,15,74,36,5,16,74,0,0,1,0,1,0,11,1,16,0,0,0,0,0,2,0,1,1,0,1,0,1,3,0,0,0,0,5,2,2,0,6,0,0,0,1,2,0,0,0,15,1,1,58482,26430,3283,16231,14087,2052,5,11,10,4,60,4,2,7,14103,174,416,2,80,13,5,145,16,10,7,1,10,8,702,7,0,17,693,34,27,3,38,186,6,9,37,1,3,7,2,526,14696,83,228,14
12,38,68,108,8,64,189,0,0,3,1,0,0,27,4,28,0,0,1,0,1,0,0,0,1,1,3,0,1,2,0,0,0,1,17,1,5,0,6,0,1,1,4,1,0,0,0,69,3,1,26430,91111,9602,14004,2141,6823,7,6,8,11,133,2,1,3,12755,278,580,4,90,21,20,388,11,9,15,0,4,10,423,4,0,17,710,23,31,2,35,198,21,16,31,1,10,7,4,356,1449,110,565,29
12,19,7,42,3,9,159,0,3,2,2,0,1,36,5,40,0,0,5,5,0,7,0,1,3,0,0,0,2,11,5,0,0,0,19,10,5,1,10,1,10,5,7,1,4,1,0,12,1,0,3283,9602,37832,1361,293,13931,83,224,227,141,287,30,33,44,11548,5383,8407,56,1083,375,54,246,39,102,55,11,40,7,246,220,26,171,521,786,345,16,131,453,86,183,89,5,53,4,20,221,830,47,733,131
42,50,3495,362,341,758,1708,0,0,0,0,0,0,18,2,11,0,0,0,0,0,3,0,0,0,0,0,0,2,3,0,0,1,1,2,0,1,0,3,0,1,9,5,1,0,1,0,41,11,2,16231,14004,1361,46057,20974,13618,0,3,3,5,38,1,1,0,502,32,202,1,32,8,8,88,6,4,2,1,6,7,163,4,1,2,244,10,15,2,12,196,1,3,72,2,1,7,1,517,555,35,148,8
23,83,129,167,18,363,384,1,0,2,0,0,0,24,6,33,0,0,0,1,0,5,0,1,3,1,4,1,3,7,2,0,0,1,22,5,16,1,11,3,1,7,1,2,4,0,0,132,10,0,14087,2141,293,20974,24182,7170,2,6,5,12,45,1,2,0,186,33,738,0,97,10,3,32,70,21,4,1,83,8,30,4,2,3,71,15,9,5,130,1247,6,9,426,18,11,3,2,3325,7091,9,95,11
22,60,66,142,15,231,1171,1,2,0,0,0,1,42,9,51,1,1,1,2,0,8,0,3,1,0,2,0,0,4,3,0,0,0,33,11,10,2,13,1,5,5,5,3,1,1,0,73,7,1,2052,6823,13931,13618,7170,31368,7,41,35,36,244,15,5,11,2033,416,5166,6,329,76,41,272,20,31,20,4,12,4,173,21,6,43,444,62,102,4,72,1170,24,47,229,0,21,3,7,808,361,48,597,70
0,0,0,1,0,0,1,23,81,0,1,2,15,2,0,2,2,0,2,35,2,2,1,4,11,0,13,1,0,2,0,2,8,0,2,5,8,1,1,0,0,0,0,1,4,0,0,2,0,0,5,7,83,0,2,7,6633,9966,557,1613,85,230,425,8117,237,564,87,833,187,4232,92,367,176,1283,90,8,330,10,12,420,18,3888,70,242,323,12,402,23,75,43,1,1,55,8,84,1,16,4,82,50
1,0,0,1,0,0,0,23,52,5,4,2,5,1,0,2,9,4,7,11,4,3,1,5,6,2,0,0,1,4,3,1,3,0,3,7,21,1,4,0,0,2,3,4,5,1,2,0,0,1,11,6,224,3,6,41,9966,41587,5602,7115,822,2265,661,4240,287,597,228,12836,1181,7490,1110,1609,275,366,279,24,118,18,16,1348,32,1240,62,535,917,34,1292,42,80,173,9,4,124,27,104,9,23,12,78,55
0,1,1,1,0,0,3,6,13,18,5,3,2,8,5,10,2,3,13,4,6,11,0,0,2,1,0,0,8,12,5,0,0,0,12,19,15,1,17,0,9,9,21,0,2,1,0,1,1,7,10,8,227,3,5,35,557,5602,5515,3849,1111,699,66,260,208,350,1171,3824,4623,696,293,350,115,96,661,3,20,4,36,6136,13,216,74,660,191,7,458,70,108,35,26,0,27,6,15,5,16,12,164,54
1,1,0,5,0,1,4,54,274,6,5,6,52,11,2,13,13,3,8,75,4,6,5,24,39,1,21,0,5,4,6,2,18,2,3,14,55,4,18,1,2,2,13,6,17,0,4,0,0,2,4,11,141,5,12,36,1613,7115,3849,60142,492,587,430,1313,86,88,237,847,6109,5587,584,869,9386,9158,193,25,1710,15,20,139,22,913,36,90,464,40,5074,256,77,185,31,14,203,15,74,22,11,7,82,43
4,2,0,11,0,3,9,11,13,33,3,1,0,31,9,29,3,2,10,7,12,13,0,8,4,4,2,2,8,27,11,2,3,0,33,41,23,2,45,0,20,22,56,5,3,0,1,6,2,9,60,133,287,38,45,244,85,822,1111,492,38474,3270,707,423,431,417,772,1540,2896,145,5327,2562,482,81,883,18,100,26,93,251,25,308,203,194,106,24,901,561,530,90,188,7,159,44,96,116,56,34200,51330,6763
0,0,0,2,0,0,2,0,5,1,0,1,1,0,0,1,1,1,0,1,0,3,1,3,0,1,1,0,0,1,4,0,0,1,0,4,1,0,2,0,2,0,3,1,1,0,3,0,0,0,4,2,30,1,1,15,230,2265,699,587,3270,6002,5471,1853,50,87,72,2435,526,291,4873,9307,65,175,325,12,92,13,18,198,12,944,19,60,71,26,106,42,101,63,11,3,146,90,129,6,7,11,167,116
0,0,0,1,0,0,0,2,20,0,2,0,2,0,2,1,0,0,1,29,0,1,4,3,19,2,7,2,0,1,1,1,5,0,0,0,2,1,0,0,0,0,0,2,5,0,2,0,0,0,2,1,33,1,2,5,425,661,66,430,707,5471,8840,8415,37,78,13,2640,98,638,4280,5698,48,1209,256,21,233,21,5,180,35,9956,26,39,286,41,44,12,97,211,3,4,237,76,188,1,7,4,79,85
0,0,1,0,0,0,1,2,9,0,0,1,2,1,0,1,4,0,3,12,2,0,0,0,3,0,6,0,0,0,1,0,2,0,1,1,2,1,0,0,1,1,1,0,5,0,0,1,0,0,7,3,44,0,0,11,8117,4240,260,1313,423,1853,8415,14748,67,188,27,7558,164,1289,3036,1140,72,840,241,8,145,8,5,374,22,8255,27,83,135,23,181,15,90,69,1,2,83,30,150,0,6,1,62,49
14,23,20,77,9,10,94,3,3,19,4,1,2,94,10,107,1,0,7,14,0,42,3,6,16,1,5,2,21,34,24,1,5,3,72,40,19,3,58,0,21,25,48,2,9,3,1,22,7,6,14103,12755,11548,502,186,2033,237,287,208,86,431,50,37,67,68967,20243,2195,125,701,503,126,569,57,148,221,55,84,36,3535,284,79,496,14115,1181,958,76,427,549,600,309,203,7,117,23,53,267,14377,213,3227,1551
3,7,3,17,1,3,11,2,6,7,0,0,2,40,1,30,0,0,6,11,0,15,3,2,12,2,6,1,6,15,13,2,0,0,24,31,8,3,23,0,11,14,19,2,14,0,1,8,2,2,174,278,5383,32,33,416,564,597,350,88,417,87,78,188,20243,34346,2516,254,884,648,307,515,51,223,1276,47,118,40,587,1117,116,1073,4905,7462,1125,94,255,222,8230,259,85,7,119,21,139,76,696,94,4483,7036
33,63,30,132,18,31,101,3,5,28,2,0,1,166,11,151,1,0,16,7,7,50,2,8,6,5,5,3,28,55,27,4,3,1,128,77,27,2,95,1,33,33,58,2,2,0,3,40,10,4,416,580,8407,202,738,5166,87,228,1171,237,772,72,13,27,2195,2516,27635,87,11613,305,146,332,148,145,538,10,26,7,185,6904,14,127,583,8827,176,14,550,7423,305,86,497,4,31,8,11,2044,300,68,904,179
0,0,0,0,0,0,0,9,4,1,1,0,1,3,0,2,1,1,2,6,2,3,1,1,3,0,5,0,0,0,5,0,2,0,1,1,4,1,1,0,1,3,3,0,5,1,1,0,0,1,2,4,56,1,0,6,833,12836,3824,847,1540,2435,2640,7558,125,254,87,14699,572,279,13247,971,155,95,1427,10,58,9,11,3286,15,1231,40,175,140,25,286,31,277,63,7,1,86,29,143,1,7,3,154,180
12,14,6,63,8,5,27,14,34,80,6,2,4,210,29,159,3,2,39,13,27,68,8,38,12,4,9,7,54,111,81,2,4,2,122,183,96,5,303,2,93,76,242,3,4,1,5,23,13,32,80,90,1083,32,97,329,187,1181,4623,6109,2896,526,98,164,701,884,11613,572,24727,1039,1304,608,3386,863,1707,13,115,11,134,3016,17,270,521,1510,223,20,2030,4728,635,138,494,10,107,11,30,276,98,70,1100,440
0,0,0,5,0,0,7,74,299,5,1,12,43,9,2,9,4,0,3,270,0,9,15,22,170,8,82,0,4,3,9,7,45,2,8,12,17,13,7,0,1,4,7,8,61,1,6,2,0,0,13,21,375,8,10,76,4232,7490,696,5587,145,291,638,1289,503,648,305,279,1039,34214,87,1019,295,8302,83,84,1276,28,37,242,129,7159,133,356,7347,94,595,111,74,2527,12,10,793,22,229,9,31,13,145,57
0,1,0,2,0,2,1,5,2,8,1,1,0,11,2,4,1,0,0,3,3,5,2,0,1,7,2,1,2,8,3,2,1,1,2,7,8,4,11,0,3,3,8,7,5,1,0,0,2,0,5,20,54,8,3,41,92,1110,293,584,5327,4873,4280,3036,126,307,146,13247,1304,87,16983,1807,417,138,6387,23,164,32,27,738,37,970,145,73,126,47,667,201,1266,171,68,6,271,56,212,30,12,45,2496,7748
3,3,1,11,0,1,16,7,27,14,2,9,1,29,2,28,1,1,9,41,1,18,31,7,44,56,70,6,6,13,8,50,23,21,18,26,18,31,33,4,12,8,24,83,53,6,27,6,2,5,145,388,246,88,32,272,367,1609,350,869,2562,9307,5698,1140,569,515,332,971,608,1019,1807,52181,202,2119,421,419,2065,1155,3288,263,705,8493,764,151,1558,939,307,226,298,1789,78,286,4397,8237,7303,50,84,6965,5613,391
0,3,0,4,0,0,1,6,28,10,4,0,1,19,5,7,2,0,5,15,3,7,4,4,16,5,9,1,2,6,2,9,4,3,4,13,11,3,13,1,2,11,10,9,13,1,0,3,3,3,16,11,39,6,70,20,176,275,115,9386,482,65,48,72,57,51,148,155,3386,295,417,202,10062,3435,299,19,1334,64,28,212,24,195,116,38,66,59,7579,3582,120,103,1821,252,420,8,59,460,41,10,197,97
0,2,0,4,0,0,1,87,389,3,1,33,59,15,2,9,0,2,13,535,2,15,73,38,523,27,291,3,0,2,15,36,96,6,7,14,16,81,14,10,3,6,19,84,360,3,23,3,0,1,10,9,102,4,21,31,1283,366,96,9158,81,175,1209,840,148,223,145,95,863,8302,138,2119,3435,14519,77,165,10852,145,24,69,232,4405,101,64,1428,230,519,219,87,1373,132,526,2471,59,477,86,19,7,161,104
0,0,1,1,0,0,2,1,6,27,3,0,0,14,2,6,1,1,2,4,2,12,1,3,2,2,1,0,6,9,5,0,2,0,11,16,6,0,15,0,7,12,22,0,2,0,0,3,0,5,7,15,55,2,4,20,90,279,661,193,883,325,256,241,221,1276,538,1427,1707,83,6387,421,299,77,9423,8,71,9,41,6287,29,527,307,1280,158,35,816,293,7937,98,83,2,116,12,97,19,26,27,1997,4760
0,0,0,0,0,0,0,0,0,0,0,2,0,0,0,0,0,0,0,4,1,16,25,1,7,98,35,8,0,0,0,56,13,33,1,0,0,15,0,21,0,0,1,93,9,10,36,0,0,0,1,0,11,1,1,4,8,24,3,25,18,12,21,8,55,47,10,10,13,84,23,419,19,165,8,15734,784,104,10,11,10694,1064,32,16,3850,4943,4,7,15,5500,4,135,9082,186,817,1,5,4,33,18
0,0,2,6,0,3,3,137,631,8,9,46,76,11,6,9,2,0,18,618,8,50,250,76,625,432,1734,49,1,5,10,318,226,109,8,23,15,214,15,99,4,10,18,489,361,34,225,11,4,2,10,4,40,6,83,12,330,118,20,1710,100,92,233,145,84,118,26,58,115,1276,164,2065,1334,10852,71,784,18298,1270,21,42,1001,1831,58,21,1325,716,1107,84,52,1550,614,5991,9340,197,1947,476,33,8,111,79
0,0,0,0,0,0,0,0,1,1,0,1,0,2,1,4,0,0,0,1,0,3,3,2,5,13,15,28,0,0,1,16,1,107,0,0,1,0,1,209,0,0,0,62,0,26,42,0,0,0,8,10,7,7,8,4,10,18,4,15,26,13,21,8,36,40,7,9,11,28,32,1155,64,145,9,104,1270,37349,2162,15,266,165,173,5,91,9109,30,13,17,158,25,11887,1550,17483,1647,24,13,505,74,19
0,3,1,7,1,2,5,1,4,3,3,0,0,21,1,21,0,0,2,2,0,10,0,1,1,3,0,0,4,6,5,2,0,1,17,18,6,0,23,0,7,6,29,1,3,0,0,4,1,2,702,423,246,163,30,173,12,16,36,20,93,18,5,5,3535,587,185,11,134,37,27,3288,28,24,41,10,21,2162,146416,35,19,67,20978,92,97,195,121,103,81,33,36,98,98,1988,139,24,16929,24507,1297,73
0,0,0,5,1,2,5,7,8,20,2,0,0,23,4,26,0,0,7,5,3,18,1,5,4,2,3,1,8,12,14,1,2,1,17,38,17,0,29,1,16,20,28,2,2,0,1,3,1,4,7,4,220,4,4,21,420,1348,6136,139,251,198,180,374,284,1117,6904,3286,3016,242,738,263,212,69,6287,11,42,15,35,9035,20,638,155,3736,234,16,664,207,607,50,55,5,54,7,68,9,22,21,262,240
0,0,0,0,0,0,0,1,3,3,0,3,0,0,1,0,0,0,0,1,0,8,18,2,11,84,31,15,2,0,1,42,12,47,0,1,0,20,0,14,0,0,1,102,10,15,23,0,0,0,0,0,26,1,2,6,18,32,13,22,25,12,35,22,79,116,14,15,17,129,37,705,24,232,29,10694,1001,266,19,20,25252,3438,70,29,3472,7796,9,1,37,2258,4,314,5600,374,7268,5,9,2,55,52
0,0,0,1,0,0,2,16,82,3,2,4,7,1,0,1,1,0,3,136,0,8,42,6,127,44,90,3,1,1,1,22,36,7,2,11,4,32,4,2,0,1,6,51,96,5,17,0,0,0,17,17,171,2,3,43,3888,1240,216,913,308,944,9956,8255,496,1073,127,1231,270,7159,970,8493,195,4405,527,1064,1831,165,67,638,3438,38730,425,278,17103,1014,143,37,454,2893,19,47,2559,200,7710,5,50,18,475,438
5,3,6,25,1,6,22,5,4,24,1,1,0,74,8,53,1,1,14,6,5,31,2,3,6,0,7,0,20,39,20,1,1,3,49,53,22,2,72,1,20,30,67,2,4,0,1,12,1,5,693,710,521,244,71,444,70,62,74,36,203,19,26,27,14115,4905,583,40,521,133,145,764,116,101,307,32,58,173,20978,155,70,425,71255,417,369,101,647,357,571,101,124,12,93,160,67,98,3727,13906,35005,698
4,10,5,22,5,3,7,3,4,14,0,0,0,58,6,47,0,0,6,4,1,22,0,1,3,3,4,1,18,29,18,1,0,0,40,38,11,2,36,0,17,23,33,2,2,0,0,11,3,2,34,23,786,10,15,62,242,535,660,90,194,60,39,83,1181,7462,8827,175,1510,356,73,151,38,64,1280,16,21,5,92,3736,29,278,417,18738,328,22,294,216,6464,84,76,4,34,3,36,71,89,16,455,581
0,0,0,3,0,0,4,16,59,5,3,10,4,3,0,2,1,1,2,174,1,10,47,9,253,44,124,4,1,1,1,34,52,12,2,3,2,65,4,2,0,1,5,71,182,2,37,4,0,1,27,31,345,15,9,102,323,917,191,464,106,71,286,135,958,1125,176,140,223,7347,126,1558,66,1428,158,3850,1325,91,97,234,3472,17103,369,328,13826,948,69,33,160,6983,16,64,2200,89,1041,4,79,23,420,210
0,0,0,0,0,0,1,1,3,2,1,2,0,2,1,1,0,0,0,7,1,24,27,2,11,124,59,70,3,0,1,101,5,332,0,0,1,10,1,283,6,2,0,407,9,78,180,1,1,0,3,2,16,2,5,4,12,34,7,40,24,26,41,23,76,94,14,25,20,94,47,939,59,230,35,4943,716,9109,195,16,7796,1014,101,22,948,31880,17,10,38,1438,20,3484,13613,5705,3115,13,17,113,83,44
3,7,3,22,5,2,14,128,862,184,33,13,95,93,18,74,35,20,84,71,54,88,4,142,26,7,172,4,42,88,71,3,26,5,112,240,1214,8,336,3,82,81,218,6,15,6,6,18,1,45,38,35,131,12,130,72,402,1292,458,5074,901,106,44,181,427,255,550,286,2030,595,667,307,7579,519,816,4,1107,30,121,664,9,143,647,294,69,17,3793,3784,391,32,4984,97,116,10,25,1224,117,74,797,323
14,43,17,81,11,18,74,3,8,48,0,0,2,161,20,135,2,2,19,6,7,47,1,12,3,1,2,2,26,58,39,1,3,2,117,88,38,2,118,1,43,50,104,3,2,2,1,50,12,7,186,198,453,196,1247,1170,23,42,70,256,561,42,12,15,549,222,7423,31,4728,111,201,226,3582,219,293,7,84,13,103,207,1,37,357,216,33,10,3784,19851,142,24,12803,16,39,2,7,6340,251,43,557,119
1,0,0,4,0,0,4,1,0,8,1,2,0,8,0,10,0,0,6,3,3,9,2,1,7,1,2,0,7,4,3,0,0,0,13,15,4,0,11,0,7,6,7,1,4,0,1,0,0,0,6,21,86,1,6,24,75,80,108,77,530,101,97,90,600,8230,305,277,635,74,1266,298,120,87,7937,15,52,17,81,607,37,454,571,6464,160,38,391,142,22304,85,58,5,79,12,83,10,32,28,2598,8834
0,0,0,0,0,0,1,6,12,6,2,13,1,2,1,2,1,0,1,61,2,9,67,5,116,69,124,7,1,1,3,71,44,15,2,3,2,63,1,3,1,1,2,123,151,4,33,0,0,0,9,16,183,3,9,47,43,173,35,185,90,63,211,69,309,259,86,63,138,2527,171,1789,103,1373,98,5500,1550,158,33,50,2258,2893,101,84,6983,1438,32,24,85,17494,8,80,12643,141,1397,9,31,8,175,110
7,1,3,14,4,4,19,1,3,5,0,1,0,27,4,25,0,0,3,4,1,14,0,2,0,2,0,1,3,14,10,0,0,0,39,31,7,1,29,3,13,7,25,3,1,1,0,11,3,1,37,31,89,72,426,229,1,9,26,31,188,11,3,1,203,85,497,7,494,12,68,78,1821,132,83,4,614,25,36,55,4,19,124,76,16,20,4984,12803,58,8,10769,108,97,9,9,6980,151,11,179,60
0,0,0,1,0,2,0,3,1,0,0,2,0,0,1,0,0,0,0,2,0,33,27,3,9,183,107,196,4,0,0,127,6,739,3,0,7,6,6,1485,3,2,1,799,6,169,334,2,1,2,1,1,5,2,18,0,1,4,0,14,7,3,4,2,7,7,4,1,10,10,6,286,252,526,2,135,5991,11887,98,5,314,47,12,4,64,3484,97,16,5,80,108,34123,10715,991,676,99,4,36,13,3
0,1,0,0,0,1,0,9,8,11,3,9,4,3,4,2,2,0,3,37,5,70,181,8,85,605,246,79,1,3,2,427,75,222,0,2,1,102,2,205,3,8,7,681,81,85,262,3,1,3,3,10,53,1,11,21,55,124,27,203,159,146,237,83,117,119,31,86,107,793,271,4397,420,2471,116,9082,9340,1550,98,54,5600,2559,93,34,2200,13613,116,39,79,12643,97,10715,38639,1572,5217,103,13,71,168,113
0,0,0,0,0,0,0,0,0,0,0,0,0,2,0,0,0,0,0,3,0,0,5,2,2,24,8,17,0,0,0,19,3,34,0,0,0,3,0,27,0,0,1,47,0,1,18,0,0,0,7,7,4,7,3,3,8,27,6,15,44,90,76,30,23,21,8,29,11,22,56,8237,8,59,12,186,197,17483,1988,7,374,200,160,3,89,5705,10,2,12,141,9,991,1572,16574,10175,4,9,771,110,13
0,0,0,0,0,0,0,2,4,1,1,2,1,0,1,1,1,0,0,8,1,18,44,2,16,103,61,15,2,0,0,60,22,92,0,0,1,20,1,48,0,3,1,156,17,16,48,1,0,1,2,4,20,1,2,7,84,104,15,74,96,129,188,150,53,139,11,143,30,229,212,7303,59,477,97,817,1947,1647,139,68,7268,7710,67,36,1041,3115,25,7,83,1397,9,676,5217,10175,26571,5,8,80,129,97
43,113,128,329,25,173,280,0,3,4,0,0,1,73,13,93,0,0,1,4,1,3,1,5,3,1,7,1,5,8,1,2,1,2,50,16,21,3,20,5,8,9,7,9,6,0,1,199,4,1,526,356,221,517,3325,808,1,9,5,22,116,6,1,0,267,76,2044,1,276,9,30,50,460,86,19,1,476,24,24,9,5,5,98,71,4,13,1224,6340,10,9,6980,99,103,4,5,7079,822,10,101,18
1,8,5,10,1,5,12,1,1,1,0,0,0,10,4,17,0,0,1,2,0,5,0,0,2,0,0,0,3,5,8,0,0,0,20,11,4,1,9,0,2,4,9,0,1,0,0,7,1,0,14696,1449,830,555,7091,361,16,23,16,11,56,7,7,6,14377,696,300,7,98,31,12,84,41,19,26,5,33,13,16929,22,9,50,3727,89,79,17,117,251,32,31,151,4,13,9,8,822,53371,442,497,26
0,0,1,2,0,0,2,0,1,1,1,0,0,6,0,10,0,0,0,0,0,6,0,3,0,0,2,0,1,6,2,0,0,1,8,4,1,1,6,1,1,1,5,0,0,0,0,0,0,0,83,110,47,35,9,48,4,12,12,7,34200,11,4,1,213,94,68,3,70,13,45,6965,10,7,27,4,8,505,24507,21,2,18,13906,16,23,113,74,43,28,8,11,36,71,771,80,10,442,60586,4339,71
1,9,4,15,4,2,26,8,9,28,0,2,0,69,11,55,0,1,10,10,2,26,1,7,6,1,3,0,12,35,20,1,3,0,37,59,29,1,80,0,27,23,65,1,10,1,0,10,3,7,228,565,733,148,95,597,82,78,164,82,51330,167,79,62,3227,4483,904,154,1100,145,2496,5613,197,161,1997,33,111,74,1297,262,55,475,35005,455,420,83,797,557,2598,175,179,13,168,110,129,101,497,4339,36671,12326
1,0,0,3,0,0,1,1,1,4,1,2,0,11,0,10,0,0,1,3,1,6,0,2,2,0,3,0,5,7,3,1,1,1,4,7,5,5,8,0,3,9,6,0,0,0,2,0,1,1,14,29,131,8,11,70,50,55,54,43,6763,116,85,49,1551,7036,179,180,440,57,7748,391,97,104,4760,18,79,19,73,240,52,438,698,581,210,44,323,119,8834,110,60,3,113,13,97,18,26,71,12326,12903
