22973,6538,12728,1667,12545,2880,84,0,1,8,1,0,0,11519,546,106,0,0,1,0,3,29,0,0,1,0,0,13,134,144,10,0,0,0,20,5,35,1,28,0,41,25,21,0,1,4,1,39,753,1,0,3,7,15,3,13,0,0,0,0,0,0,0,0,6,4,14,0,1,0,0,0,2,0,0,0,0,0,0,1,0,0,0,4,0,0,0,1,0,0,1,0,0,0,0,13,0,0,2,0
6538,19897,9042,13008,1534,563,463,1,3,17,3,0,3,4630,1493,112,0,0,3,0,0,86,1,3,0,1,0,21,158,220,13,0,3,1,18,8,40,2,21,0,140,79,30,2,3,12,5,157,228,6,1,1,8,14,8,18,0,0,0,0,1,0,0,0,11,7,11,0,2,0,0,0,1,0,0,0,0,0,0,0,0,0,2,3,0,0,1,4,0,0,1,0,0,0,0,42,0,0,2,0
12728,9042,29018,4502,7755,5738,4100,1,0,9,2,0,1,1073,82,42,0,0,2,1,0,84,0,3,1,1,0,15,77,119,3,0,0,2,10,3,28,0,44,1,95,50,2,2,0,7,2,195,103,2,56,314,14,1133,14,107,0,0,0,0,1,0,0,0,10,1,14,0,1,0,0,0,0,0,0,0,0,0,1,0,0,0,0,4,0,0,2,5,0,0,4,0,0,0,0,26,1,0,3,0
1667,13008,4502,66985,1000,2887,20100,7,9,91,7,3,1,5807,14570,8839,1,0,23,13,3,276,6,18,7,1,9,30,308,536,136,2,6,5,176,55,216,4,200,5,402,334,1097,1,3,19,6,1637,241,33,13,25,41,116,46,241,0,0,2,2,3,0,0,0,40,21,95,0,6,0,0,4,2,1,0,0,1,0,2,9,0,0,4,22,0,0,17,31,0,0,10,0,0,0,0,255,6,0,14,2
12545,1534,7755,1000,37221,22184,138,0,3,3,1,0,1,6027,324,118,0,0,0,1,0,21,0,4,0,1,1,4,89,166,8,1,1,0,37,4,42,1,247,7,30,12,22,1,1,1,0,1244,6116,5,3,2,3,259,12,9,0,0,0,0,0,0,0,0,5,1,7,0,2,0,0,1,1,0,0,0,0,0,2,2,0,0,1,5,0,0,3,4,0,0,5,0,0,0,0,28,1,0,1,0
2880,563,5738,2887,22184,15387,15040,0,2,8,5,0,0,356,47,172,0,0,0,1,0,20,1,9,1,0,11,6,42,39,2,4,2,1,80,9,28,3,889,3,36,23,3,4,1,1,0,2185,1119,1,15,5,6,1889,244,142,0,0,0,0,1,0,0,0,1,3,9,0,0,0,0,1,1,0,0,0,0,0,0,0,0,0,0,1,0,0,2,1,0,0,1,0,0,0,0,49,4,0,3,0
84,463,4100,20100,138,15040,19373,6,14,38,10,3,1,183,66,5821,1,1,16,17,1,83,1,25,6,3,2,7,73,128,40,1,7,0,2189,214,137,7,737,0,94,108,39,1,1,6,4,2442,34,13,12,62,53,641,78,1171,0,0,1,0,2,0,0,0,29,4,39,0,4,1,1,1,2,1,0,0,0,0,0,0,0,0,3,3,0,0,7,23,0,0,6,0,0,0,0,80,3,0,6,0
0,1,1,7,0,0,6,43338,5893,63,2529,426,6012,21,74,1253,3253,8446,2353,9255,257,1147,347,888,115,114,477,22,7,6,4711,101,904,15,17,57,1525,135,40,7,15,27,250,73,663,20,88,2,0,20,0,0,0,0,0,0,0,0,1,3,2,0,0,2,2,0,2,1,1,28,0,0,0,9,0,0,199,0,0,0,0,4,1,0,0,0,188,1,0,0,0,0,1,0,1,0,0,0,1,0
1,3,0,9,3,2,14,5893,97446,82,391,329,749,13,30,447,690,251,9248,10597,304,310,166,16777,10861,69,3824,29,8,5,193,37,322,27,154,1474,4382,306,375,46,22,34,141,531,85,6,31,16,2,33,0,0,0,1,1,0,6,7,7,1929,1,3,1,5,2,1,3,4,2,53,6,5,59,21,0,0,360,0,0,3,0,8,0,2,3,0,293,1,0,0,1,0,2,1,1,2,1,0,3,0
8,17,9,91,3,8,38,63,82,29921,4211,1113,128,43,377,539,224,26,212,93,2296,3061,285,428,30,75,72,41,244,53,1656,49,307,21,206,241,485,87,423,11,13162,12370,1514,80,50,33,81,100,4,5231,0,2,1,0,1,8,0,0,2,2,2,0,0,0,8,8,17,0,6,0,0,3,3,0,0,0,5,0,1,7,0,1,0,2,0,0,39,15,1,1,6,0,1,0,0,6,1,0,14,3
1,3,2,7,1,5,10,2529,391,4211,3344,7257,767,8,56,575,914,231,577,854,3301,1552,1603,173,102,50,111,18,23,24,718,20,437,14,40,76,132,97,43,5,82,157,518,66,51,23,60,2,2,172,0,0,1,0,0,0,0,0,0,2,0,0,0,0,1,0,0,0,0,3,0,1,0,0,0,0,18,0,0,1,0,0,0,1,0,0,13,0,0,2,0,0,2,0,0,1,0,0,1,0
0,0,0,3,0,0,3,426,329,1113,7257,20907,7848,13,75,47,5309,63,74,1193,5244,679,5557,217,677,124,417,24,15,12,70,95,7034,19,11,34,254,477,33,8,33,77,552,252,239,42,224,1,0,185,0,0,0,0,1,0,0,0,0,0,1,0,0,1,0,0,0,0,0,3,0,1,0,3,0,0,43,0,0,0,1,4,0,0,0,1,4,0,0,3,0,0,2,0,0,0,0,0,0,0
0,3,1,1,1,0,1,6012,749,128,767,7848,19309,35,530,33,5732,866,40,3637,438,375,421,119,309,79,608,18,9,39,552,205,8080,14,10,14,295,103,14,0,48,159,736,53,487,19,126,2,0,222,0,0,0,0,0,0,2,1,0,1,0,0,0,0,0,0,0,0,0,16,1,0,0,3,0,0,166,0,0,0,0,1,0,1,4,0,95,0,0,0,0,0,2,0,0,0,0,0,0,0
11519,4630,1073,5807,6027,356,183,21,13,43,8,13,35,66814,15002,1290,2,2,19,59,2,188,10,51,10,19,8,101,3269,16000,453,28,72,12,129,99,389,7,514,6,577,292,870,2,64,60,21,166,12024,44,2,1,24,7,8,38,0,1,4,1,20,0,0,0,63,28,97,0,22,2,2,11,4,1,1,0,1,0,6,15,0,1,17,33,0,0,33,52,1,0,32,0,0,0,1,36,6,0,57,1
546,1493,82,14570,324,47,66,74,30,377,56,75,530,15002,29471,2741,77,92,90,128,90,264,84,78,39,55,37,35,196,432,3083,92,469,21,127,143,130,44,237,5,463,1033,22971,22,189,21,70,101,174,6621,2,4,6,1,1,9,0,0,0,0,7,0,0,0,25,13,35,1,8,1,0,7,3,1,1,0,8,0,3,3,0,0,6,17,0,0,17,19,0,0,7,0,0,0,1,15,3,0,9,1
106,112,42,8839,118,172,5821,1253,447,539,575,47,33,1290,2741,25711,45,337,8093,1006,148,258,39,139,82,181,106,35,152,306,8286,62,102,41,4178,8324,469,157,995,4,363,608,20383,10,384,18,31,2152,104,198,10,11,28,10,11,46,0,0,5,1,12,0,2,1,90,55,129,1,29,1,2,9,11,3,1,0,37,0,9,27,0,3,20,42,1,0,41,62,0,1,47,0,0,0,0,89,9,4,41,2
0,0,0,1,0,0,1,3253,690,224,914,5309,5732,2,77,45,7400,2360,97,118,7602,137,220,206,26,12,17,7,3,6,1291,14,315,1,7,19,322,25,15,0,11,55,671,17,8,2,33,0,0,123,0,0,0,0,0,0,0,0,0,1,0,0,0,0,0,0,1,1,0,0,0,1,0,0,0,0,1,0,0,1,0,0,0,1,1,0,11,0,0,0,0,0,0,0,0,0,0,0,0,0
0,0,0,0,0,0,1,8446,251,26,231,63,866,2,92,337,2360,1876,336,181,253,40,25,159,6,11,4,2,3,2,6014,14,109,1,7,10,244,10,9,2,8,38,451,10,41,3,8,0,1,74,0,0,0,0,0,0,0,0,0,2,0,0,0,0,0,0,1,0,0,0,0,1,0,0,0,0,3,0,0,0,0,0,0,0,0,0,4,1,0,0,0,0,0,0,0,0,0,0,1,0
1,3,2,23,0,0,16,2353,9248,212,577,74,40,19,90,8093,97,336,13730,511,250,122,34,1294,112,57,74,13,28,50,716,21,72,18,154,4919,262,112,130,1,54,110,564,19,122,0,17,17,1,49,0,0,0,0,0,0,0,0,0,1,1,0,0,0,3,2,5,0,5,1,0,1,1,0,0,0,21,0,1,0,0,0,0,2,0,0,26,6,0,0,1,0,0,0,0,2,1,0,7,1
0,0,1,13,1,1,17,9255,10597,93,854,1193,3637,59,128,1006,118,181,511,34647,75,861,988,401,7218,301,2917,50,16,30,2018,283,6142,60,111,306,325,2039,115,15,33,78,291,1646,8783,31,166,7,1,53,1,0,1,0,0,1,0,1,0,17,1,1,3,7,0,1,5,3,1,76,0,14,3,30,0,0,1122,0,1,2,1,18,1,1,11,0,275,0,0,10,0,1,5,0,1,3,1,0,1,0
3,0,0,3,0,0,1,257,304,2296,3301,5244,438,2,90,148,7602,253,250,75,8547,193,458,577,20,57,45,17,7,34,603,26,392,14,37,103,504,70,62,5,72,508,7976,66,27,9,74,5,2,2223,0,0,0,0,0,0,1,0,0,2,1,0,1,0,5,0,0,0,0,1,0,0,2,0,0,0,2,0,0,0,0,0,0,0,1,0,16,0,0,0,0,0,0,0,0,1,1,1,1,0
29,86,84,276,21,20,83,1147,310,3061,1552,679,375,188,264,258,137,40,122,861,193,17901,4734,150,187,203,373,1446,3779,417,287,69,216,271,106,100,194,269,247,139,12416,1250,327,331,113,3587,246,80,43,130,0,0,2,0,1,5,0,0,1,2,4,1,0,0,20,7,24,0,7,1,1,3,1,2,0,0,35,0,4,10,0,1,7,14,0,2,46,17,0,1,5,12,3,0,3,6,0,0,13,0
0,1,0,6,0,1,1,347,166,285,1603,5557,421,10,84,39,220,25,34,988,458,4734,14636,160,989,2075,2900,619,56,33,86,574,6455,502,12,28,51,2211,80,509,71,124,248,2988,539,4221,4497,9,0,132,0,0,0,0,0,0,2,0,0,0,0,1,2,1,0,0,0,0,1,3,0,14,0,11,0,5,124,3,0,1,17,14,0,2,5,19,4,0,0,20,0,49,40,5,18,0,0,0,0,0
0,3,3,18,4,9,25,888,16777,428,173,217,119,51,78,139,206,159,1294,401,577,150,160,7399,2496,110,3978,235,62,58,179,80,134,67,409,7375,7781,265,15967,513,97,174,552,548,111,24,91,140,6,139,0,0,1,0,0,1,0,0,2,4,3,1,0,0,7,0,4,2,6,11,0,0,5,2,1,0,55,0,0,3,0,1,4,3,0,0,78,2,0,0,1,4,1,0,0,2,0,1,5,0
1,0,1,7,0,1,6,115,10861,30,102,677,309,10,39,82,26,6,112,7218,20,187,989,2496,17990,159,12634,111,8,10,59,184,1120,73,63,225,184,889,240,168,10,35,60,7435,981,20,176,17,1,20,0,0,1,0,1,1,1,1,0,2,0,1,3,1,1,2,0,1,1,10,0,9,1,32,0,1,429,1,0,3,1,24,1,1,6,2,21,2,0,13,1,6,2,0,5,2,0,0,1,1
0,1,1,1,1,0,3,114,69,75,50,124,79,19,55,181,12,11,57,301,57,203,2075,110,159,28150,1283,549,6,17,236,12009,832,9987,21,64,28,7659,61,664,27,61,115,8152,2880,694,3748,7,1,50,0,0,0,0,0,0,0,0,0,0,0,0,0,0,0,1,0,0,0,0,0,6,0,1,0,4,68,3,0,0,16,5,0,1,0,24,1,0,0,10,0,76,33,2,14,0,0,0,0,0
0,0,0,9,1,11,2,477,3824,72,111,417,608,8,37,106,17,4,74,2917,45,373,2900,3978,12634,1283,28607,1853,10,12,92,1312,1983,806,28,103,2398,3430,661,9387,13,42,88,20374,2280,274,1510,55,7,44,2,2,0,0,0,1,1,1,0,3,2,0,0,1,1,1,3,1,0,14,0,9,0,13,0,4,587,3,0,0,3,8,0,1,4,21,86,0,0,12,0,52,22,2,7,3,0,0,1,0
13,21,15,30,4,6,7,22,29,41,18,24,18,101,35,35,7,2,13,50,17,1446,619,235,111,549,1853,43809,1201,258,29,211,100,11048,8,9,105,250,153,19532,725,113,33,2316,103,13111,3273,15,10,19,0,0,1,0,0,1,0,0,0,0,0,0,0,0,2,1,0,0,1,0,0,1,0,0,0,2,16,8,0,2,2,1,1,2,0,23,4,2,0,0,0,54,3,0,3,0,0,0,0,0
134,158,77,308,89,42,73,7,8,244,23,15,9,3269,196,152,3,3,28,16,7,3779,56,62,8,6,10,1201,72336,8495,75,14,37,54,44,51,134,9,182,41,22220,509,143,15,10,667,58,33,8521,57,2,1,2,2,1,3,0,1,0,0,0,0,0,0,10,4,19,0,8,0,0,3,2,1,0,0,1,0,0,9,1,0,2,7,0,0,38,11,1,0,5,3,0,0,0,3,1,1,8,1
144,220,119,536,166,39,128,6,5,53,24,12,39,16000,432,306,6,2,50,30,34,417,33,58,10,17,12,258,8495,41700,122,20,106,24,82,68,222,14,316,17,10208,7390,446,13,22,157,30,76,3756,1108,1,1,2,1,0,6,0,0,0,0,1,0,0,0,22,11,27,3,12,0,0,5,6,0,0,0,1,0,2,11,0,0,5,9,0,0,40,16,0,0,7,0,0,0,0,8,2,1,20,0
10,13,3,136,8,2,40,4711,193,1656,718,70,552,453,3083,8286,1291,6014,716,2018,603,287,86,179,59,236,92,29,75,122,15235,218,346,51,218,680,282,95,463,7,252,468,17791,31,1010,12,88,43,12,330,1,1,2,1,1,4,1,1,1,1,6,0,0,0,20,7,32,0,18,2,1,12,6,1,1,0,21,0,3,9,0,0,9,11,2,0,40,9,0,2,9,0,0,0,1,2,2,3,16,1
0,0,0,2,1,4,1,101,37,49,20,95,205,28,92,62,14,14,21,283,26,69,574,80,184,12009,1312,211,14,20,218,24880,3756,6342,9,9,19,1795,35,257,26,94,178,1793,7113,404,15053,6,2,61,0,0,0,0,0,0,0,0,0,0,0,1,0,0,0,0,0,1,0,0,0,5,0,2,0,3,67,3,0,0,8,5,0,0,1,41,0,0,0,8,0,106,19,7,13,1,0,0,0,0
0,3,0,6,1,2,7,904,322,307,437,7034,8080,72,469,102,315,109,72,6142,392,216,6455,134,1120,832,1983,100,37,106,346,3756,18970,166,16,49,67,1985,61,43,122,380,816,1148,6163,157,3486,3,4,462,0,0,0,0,0,0,0,0,0,0,1,0,0,1,1,1,0,0,1,13,1,6,0,7,0,1,175,0,0,0,2,4,0,0,6,3,23,1,0,5,1,7,12,0,4,1,0,0,0,0
0,1,2,5,0,1,0,15,27,21,14,19,14,12,21,41,1,1,18,60,14,271,502,67,73,9987,806,11048,54,24,51,6342,166,28459,11,16,25,735,47,7037,63,23,36,4547,251,2031,12566,6,2,6,0,0,0,0,0,0,0,0,0,0,0,1,0,0,0,0,0,0,0,0,0,1,0,0,0,8,11,15,0,0,12,0,0,0,0,90,0,0,0,3,0,269,21,12,13,0,0,0,0,0
20,18,10,176,37,80,2189,17,154,206,40,11,10,129,127,4178,7,7,154,111,37,106,12,409,63,21,28,8,44,82,218,9,16,11,7079,4660,427,42,13561,0,87,175,254,14,18,8,6,2208,32,48,1,2,5,2,2,10,0,0,1,3,14,1,0,0,22,12,47,0,5,0,1,6,2,1,1,0,2,0,1,8,0,1,6,14,0,0,19,84,1,0,12,0,1,0,0,15,1,1,29,0
5,8,3,55,4,9,214,57,1474,241,76,34,14,99,143,8324,19,10,4919,306,103,100,28,7375,225,64,103,9,51,68,680,9,49,16,4660,13105,604,85,6952,3,90,155,904,29,49,7,14,149,5,77,1,0,6,0,2,5,0,2,0,1,9,0,0,1,26,10,38,0,14,1,1,4,5,0,0,0,12,0,1,12,0,0,7,16,1,0,59,24,0,0,7,0,1,0,0,5,2,1,28,0
35,40,28,216,42,28,137,1525,4382,485,132,254,295,389,130,469,322,244,262,325,504,194,51,7781,184,28,2398,105,134,222,282,19,67,25,427,604,4368,38,9729,205,268,279,608,70,22,18,27,568,42,132,0,0,1,0,4,6,6,7,0,46,3,0,0,2,14,3,4,3,4,49,0,1,3,10,0,0,21,0,1,2,0,4,2,5,0,0,557,13,0,1,3,1,1,0,0,12,2,0,8,1
1,2,0,4,1,3,7,135,306,87,97,477,103,7,44,157,25,10,112,2039,70,269,2211,265,889,7659,3430,250,9,14,95,1795,1985,735,42,85,38,13774,92,99,18,60,113,9690,13575,104,1156,15,0,78,0,1,0,0,1,0,0,0,0,2,0,0,0,0,2,0,0,0,0,4,0,9,1,8,0,1,181,0,0,1,2,13,0,0,5,2,0,0,0,10,0,2,13,0,2,1,0,0,0,0
28,21,44,200,247,889,737,40,375,423,43,33,14,514,237,995,15,9,130,115,62,247,80,15967,240,61,661,153,182,316,463,35,61,47,13561,6952,9729,92,40670,330,345,381,420,184,40,38,50,13000,321,99,3,2,6,32,8,8,1,1,1,2,6,0,0,0,34,21,45,0,18,1,1,5,8,1,0,0,8,0,0,19,0,0,9,12,0,0,117,64,1,0,13,5,2,0,0,35,3,0,39,0
0,0,1,5,7,3,0,7,46,11,5,8,0,6,5,4,0,2,1,15,5,139,509,513,168,664,9387,19532,41,17,7,257,43,7037,0,3,205,99,330,28180,38,6,4,12379,19,920,1023,16,2,2,0,0,0,0,0,0,0,0,0,0,0,0,0,0,0,0,0,0,1,0,0,7,1,0,0,5,20,15,0,0,7,1,0,0,0,116,0,0,0,2,0,379,30,3,19,0,0,0,0,0
41,140,95,402,30,36,94,15,22,13162,82,33,48,577,463,363,11,8,54,33,72,12416,71,97,10,27,13,725,22220,10208,252,26,122,63,87,90,268,18,345,38,65716,10933,481,22,23,487,73,64,197,468,1,0,6,1,1,4,0,0,3,1,4,0,0,0,22,10,24,1,8,1,0,5,4,0,0,0,1,0,1,8,0,0,6,8,0,0,36,14,0,0,8,1,1,0,0,7,3,0,16,0
25,79,50,334,12,23,108,27,34,12370,157,77,159,292,1033,608,55,38,110,78,508,1250,124,174,35,61,42,113,509,7390,468,94,380,23,175,155,279,60,381,6,10933,16647,2570,60,58,94,92,114,10,6721,0,1,4,0,0,6,0,1,2,0,5,0,0,0,13,14,25,1,10,1,3,4,5,0,0,0,5,0,3,5,0,1,5,6,0,1,42,8,0,0,7,0,0,0,0,2,3,0,15,0
21,30,2,1097,22,3,39,250,141,1514,518,552,736,870,22971,20383,671,451,564,291,7976,327,248,552,60,115,88,33,143,446,17791,178,816,36,254,904,608,113,420,4,481,2570,81255,47,314,25,122,103,33,9820,1,1,11,2,0,5,0,1,2,1,5,1,0,0,27,14,33,0,15,1,5,13,3,1,0,0,14,0,4,5,0,1,10,15,0,0,72,11,0,1,10,0,1,0,0,7,3,1,18,1
0,2,2,1,1,4,1,73,531,80,66,252,53,2,22,10,17,10,19,1646,66,331,2988,548,7435,8152,20374,2316,15,13,31,1793,1148,4547,14,29,70,9690,184,12379,22,60,47,63620,442,804,2506,28,1,49,0,0,0,0,1,0,0,1,0,0,0,0,0,0,0,0,0,1,0,2,1,14,0,4,0,6,115,14,0,1,29,11,0,0,2,113,2,0,0,12,0,303,53,13,39,0,0,0,0,0
1,3,0,3,1,1,1,663,85,50,51,239,487,64,189,384,8,41,122,8783,27,113,539,111,981,2880,2280,103,10,22,1010,7113,6163,251,18,49,22,13575,40,19,23,58,314,442,12918,61,861,9,2,23,0,0,0,0,0,0,0,1,0,0,0,2,0,1,1,0,0,3,2,7,0,12,0,46,0,3,344,0,0,0,0,17,0,0,17,0,2,0,0,18,0,1,5,1,2,1,0,0,1,0
4,12,7,19,1,1,6,20,6,33,23,42,19,60,21,18,2,3,0,31,9,3587,4221,24,20,694,274,13111,667,157,12,404,157,2031,8,7,18,104,38,920,487,94,25,804,61,10021,5460,8,5,20,0,0,0,0,2,0,0,1,0,0,0,0,0,0,1,0,0,0,0,0,0,2,0,0,0,2,8,2,0,1,5,2,0,0,0,29,4,3,0,0,1,95,5,6,8,0,0,0,1,0
1,5,2,6,0,0,4,88,31,81,60,224,126,21,70,31,33,8,17,166,74,246,4497,91,176,3748,1510,3273,58,30,88,15053,3486,12566,6,14,27,1156,50,1023,73,92,122,2506,861,5460,30740,9,0,54,0,0,0,0,0,0,0,0,0,0,1,0,1,0,0,0,0,0,0,0,0,7,0,0,0,3,51,12,0,0,10,8,0,0,1,49,0,1,0,6,0,203,41,7,15,0,0,0,0,0
39,157,195,1637,1244,2185,2442,2,16,100,2,1,2,166,101,2152,0,0,17,7,5,80,9,140,17,7,55,15,33,76,43,6,3,6,2208,149,568,15,13000,16,64,114,103,28,9,8,9,6229,567,23,55,66,62,47,202,133,0,0,1,0,2,0,0,0,39,12,69,1,5,0,0,4,3,1,0,0,3,0,0,1,0,0,1,10,0,0,14,26,0,0,24,1,0,0,1,747,20,0,14,0
753,228,103,241,6116,1119,34,0,2,4,2,0,0,12024,174,104,0,1,1,1,2,43,0,6,1,1,7,10,8521,3756,12,2,4,2,32,5,42,0,321,2,197,10,33,1,2,5,0,567,16834,1,1,1,3,1,2,1,0,0,0,0,1,0,0,0,5,2,9,0,2,0,0,0,0,0,0,0,0,0,0,1,0,0,1,3,0,0,4,2,0,0,4,0,0,0,0,7,0,0,2,0
1,6,2,33,5,1,13,20,33,5231,172,185,222,44,6621,198,123,74,49,53,2223,130,132,139,20,50,44,19,57,1108,330,61,462,6,48,77,132,78,99,2,468,6721,9820,49,23,20,54,23,1,14219,0,0,0,0,0,0,0,0,0,0,0,0,0,0,3,1,4,0,0,0,1,0,1,0,0,0,4,0,0,2,0,1,1,3,0,0,6,1,0,0,2,0,2,0,0,0,0,0,1,0
0,1,56,13,3,15,12,0,0,0,0,0,0,2,2,10,0,0,0,1,0,0,0,0,0,0,2,0,2,1,1,0,0,0,1,1,0,0,3,0,1,0,1,0,0,0,0,55,1,0,51100,19512,2886,17203,11898,468,1,2,2,1,34,1,0,2,16794,592,191,4,11,4,3,62,13,2,0,0,4,0,238,10,2,3,723,22,8,1,52,52,2,5,122,0,0,1,0,322,10425,19,634,2
3,1,314,25,2,5,62,0,0,2,0,0,0,1,4,11,0,0,0,0,0,0,0,0,0,0,2,0,1,1,1,0,0,0,2,0,0,1,2,0,0,1,1,0,0,0,0,66,1,0,19512,51567,13369,16363,1425,5040,0,2,3,2,74,4,0,1,4612,103,301,4,12,2,6,114,21,1,1,0,1,1,61,9,0,2,162,9,1,0,25,112,5,1,67,0,0,0,0,239,206,13,411,15
7,8,14,41,3,6,53,0,0,1,1,0,0,24,6,28,0,0,0,1,0,2,0,1,1,0,0,1,2,2,2,0,0,0,5,6,1,0,6,0,6,4,11,0,0,0,0,62,3,0,2886,13369,31600,402,315,7310,4,23,56,27,246,18,4,7,11870,10597,5196,40,102,113,34,151,49,23,17,7,11,0,73,182,6,45,259,472,80,2,54,164,21,60,192,1,23,0,6,220,282,14,662,79
15,14,1133,116,259,1889,641,0,1,0,0,0,0,7,1,10,0,0,0,0,0,0,0,0,0,0,0,0,2,1,1,0,0,0,2,0,0,0,32,0,1,0,2,0,0,0,0,47,1,0,17203,16363,402,35298,19174,7668,0,0,2,1,38,3,1,1,963,53,122,0,3,2,2,134,12,0,2,0,1,1,86,3,1,1,168,5,0,0,17,73,3,0,119,0,0,2,1,225,334,26,340,6
3,8,14,46,12,244,78,0,1,1,0,1,0,8,1,11,0,0,0,0,0,1,0,0,1,0,0,0,1,0,1,0,0,0,2,2,4,1,8,0,1,0,0,1,0,2,0,202,2,0,11898,1425,315,19174,18187,6420,1,0,0,4,34,2,0,0,398,41,792,1,4,5,2,40,21,6,0,0,7,0,15,7,0,1,37,23,2,0,47,448,1,3,712,1,2,0,0,2658,4187,5,144,11
13,18,107,241,9,142,1171,0,0,8,0,0,0,38,9,46,0,0,0,1,0,5,0,1,1,0,1,1,3,6,4,0,0,0,10,5,6,0,8,0,4,6,5,0,0,0,0,133,1,0,468,5040,7310,7668,6420,31008,4,3,5,2,167,6,2,0,652,240,8187,7,41,14,16,175,42,12,6,0,4,0,39,27,0,10,133,30,15,2,91,2244,5,7,1044,0,8,3,2,1100,71,19,593,51
0,0,0,0,0,0,0,0,6,0,0,0,2,0,0,0,0,0,0,0,1,0,2,0,1,0,1,0,0,0,1,0,0,0,0,0,6,0,1,0,0,0,0,0,0,0,0,0,0,0,1,0,4,0,1,4,6606,8182,262,1833,190,628,310,7827,19,87,40,3568,54,9040,211,513,334,715,9,15,314,13,0,329,45,6427,8,19,232,30,291,8,8,108,5,8,97,36,133,2,3,1,42,26
0,0,0,0,0,0,0,0,7,0,0,0,1,1,0,0,0,0,0,1,0,0,0,0,1,0,1,0,1,0,1,0,0,0,0,2,7,0,1,0,0,1,1,1,1,1,0,0,0,0,2,2,23,0,0,3,8182,40166,15085,6430,769,1788,168,1074,40,122,162,17942,261,17417,1270,702,506,209,24,6,99,5,1,404,11,429,5,53,211,6,478,24,10,67,38,2,52,14,25,3,7,1,35,8
0,0,0,2,0,0,1,1,7,2,0,0,0,4,0,5,0,0,0,0,0,1,0,2,0,0,0,0,0,0,1,0,0,0,1,0,0,0,1,0,3,2,2,0,0,0,0,1,0,0,2,3,56,2,0,5,262,15085,7342,7695,529,330,32,63,49,195,5944,4699,3022,908,308,138,320,130,417,0,21,0,8,11656,3,55,30,1033,37,1,385,48,43,29,30,0,11,3,2,18,11,4,199,49
0,0,0,2,0,0,0,3,1929,2,2,0,1,1,0,1,1,2,1,17,2,2,0,4,2,0,3,0,0,0,1,0,0,0,3,1,46,2,2,0,1,0,1,0,0,0,0,0,0,0,1,2,27,1,4,2,1833,6430,7695,69927,306,651,262,850,29,85,318,1016,6592,7163,607,392,17990,15327,38,10,1435,6,2,219,18,553,8,43,179,18,2932,213,25,136,68,4,132,6,32,43,5,1,64,52
0,1,1,3,0,1,2,2,1,2,0,1,0,20,7,12,0,0,1,1,1,4,0,3,0,0,2,0,0,1,6,0,1,0,14,9,3,0,6,0,4,5,5,0,0,0,1,2,1,0,34,74,246,38,34,167,190,769,529,306,31767,1881,437,686,255,544,745,1336,887,122,3370,1461,865,89,656,7,94,10,35,651,14,254,45,181,67,12,404,382,596,79,321,7,75,21,42,81,63,26280,54819,12357
0,0,0,0,0,0,0,0,3,0,0,0,0,0,0,0,0,0,0,1,0,1,1,1,1,0,0,0,0,0,0,1,0,1,1,0,0,0,0,0,0,0,1,0,2,0,0,0,0,0,1,4,18,3,2,6,628,1788,330,651,1881,6050,3993,4198,19,65,109,4098,261,881,5808,8080,221,544,145,19,315,35,5,351,21,2243,7,27,95,31,93,28,50,125,29,18,194,150,270,10,5,14,228,74
0,0,0,0,0,0,0,0,1,0,0,0,0,0,0,2,0,0,0,3,1,0,2,0,3,0,0,0,0,0,0,0,0,0,0,0,0,0,0,0,0,0,0,0,0,0,1,0,0,0,0,0,4,1,0,2,310,168,32,262,437,3993,9374,12015,5,19,19,3323,21,475,3569,3336,50,912,38,9,368,20,0,120,22,12316,1,7,136,28,28,4,21,147,6,10,107,46,167,1,0,0,21,27
0,0,0,0,0,0,0,2,5,0,0,1,0,0,0,1,0,0,0,7,0,0,1,0,1,0,1,0,0,0,0,0,1,0,0,1,2,0,0,0,0,0,0,0,1,0,0,0,0,0,2,1,7,1,0,0,7827,1074,63,850,686,4198,12015,9540,17,55,28,11834,50,2562,5236,1564,128,735,109,16,308,18,1,260,46,19194,2,14,163,32,108,5,40,127,3,7,119,45,207,4,2,0,38,45
6,11,10,40,5,1,29,2,2,8,1,0,0,63,25,90,0,0,3,0,5,20,0,7,1,0,1,2,10,22,20,0,1,0,22,26,14,2,34,0,22,13,27,0,1,1,0,39,5,3,16794,4612,11870,963,398,652,19,40,49,29,255,19,5,17,50988,18041,1334,111,159,176,31,249,135,48,20,12,23,6,2719,349,10,95,12858,879,157,9,659,275,33,127,495,1,47,3,12,238,13833,91,3753,185
4,7,1,21,1,3,4,0,1,8,0,0,0,28,13,55,0,0,2,1,0,7,0,0,2,1,1,1,4,11,7,0,1,0,12,10,3,0,21,0,10,14,14,0,0,0,0,12,2,1,592,103,10597,53,41,240,87,122,195,85,544,65,19,55,18041,42758,5020,470,335,502,302,271,228,218,472,36,139,9,293,3675,43,413,3860,9932,583,36,393,236,5774,333,344,12,127,7,31,90,823,46,6437,3716
14,11,14,95,7,9,39,2,3,17,0,0,0,97,35,129,1,1,5,5,0,24,0,4,0,0,3,0,19,27,32,0,0,0,47,38,4,0,45,0,24,25,33,0,0,0,0,69,9,4,191,301,5196,122,792,8187,40,162,5944,318,745,109,19,28,1334,5020,46063,143,9786,404,204,221,486,195,207,9,42,4,72,14080,11,85,247,8763,124,5,795,21534,48,107,3448,1,63,5,7,3801,91,23,918,290
0,0,0,0,0,0,0,1,4,0,0,0,0,0,1,1,1,0,0,3,0,0,0,2,1,0,1,0,0,3,0,1,0,0,0,0,3,0,0,0,1,1,0,1,3,0,0,1,0,0,4,4,40,0,1,7,3568,17942,4699,1016,1336,4098,3323,11834,111,470,143,11566,264,1248,18499,1128,561,265,526,29,242,17,7,2197,75,1645,13,294,749,41,223,22,205,272,11,11,178,52,133,14,5,2,169,207
1,2,1,6,2,0,4,1,2,6,0,0,0,22,8,29,0,0,5,1,0,7,1,6,1,0,0,1,8,12,18,0,1,0,5,14,4,0,18,1,8,10,15,0,2,0,0,5,2,0,11,12,102,3,4,41,54,261,3022,6592,887,261,21,50,159,335,9786,264,22097,353,421,143,5011,434,131,5,49,2,12,2386,13,70,92,399,25,2,1396,4123,68,77,495,0,50,1,7,150,22,3,355,150
0,0,0,0,0,0,1,28,53,0,3,3,16,2,1,1,0,0,1,76,1,1,3,11,10,0,14,0,0,0,2,0,13,0,0,1,49,4,1,0,1,1,1,2,7,0,0,0,0,0,4,2,113,2,5,14,9040,17417,908,7163,122,881,475,2562,176,502,404,1248,353,43627,128,1126,391,13029,21,98,3403,28,10,400,130,12241,36,203,12482,65,927,61,10,2310,19,21,1009,30,156,21,16,4,136,41
0,0,0,0,0,0,1,0,6,0,0,0,1,2,0,2,0,0,0,0,0,1,0,0,0,0,0,0,0,0,1,0,1,0,1,1,0,0,1,0,0,3,5,1,0,0,0,0,0,1,3,6,34,2,2,16,211,1270,308,607,3370,5808,3569,5236,31,302,204,18499,421,128,16805,1437,715,125,11244,6,195,24,0,5441,26,678,15,110,68,29,237,102,1797,87,112,8,110,60,113,20,1,10,1436,12782
0,0,0,4,1,1,1,0,5,3,1,1,0,11,7,9,1,1,1,14,0,3,14,0,9,6,9,1,3,5,12,5,6,1,6,4,1,9,5,7,5,4,13,14,12,2,7,4,0,0,62,114,151,134,40,175,513,702,138,392,1461,8080,3336,1564,249,271,221,1128,143,1126,1437,42460,194,1802,81,467,3063,1650,2283,291,1469,12033,511,90,912,902,197,73,74,1488,93,589,3335,9419,8504,25,70,6273,5181,193
2,1,0,2,1,1,2,0,59,3,0,0,0,4,3,11,0,0,1,3,2,1,0,5,1,0,0,0,2,6,6,0,0,0,2,5,3,1,8,1,4,5,3,0,0,0,0,3,0,1,13,21,49,12,21,42,334,506,320,17990,865,221,50,128,135,228,486,561,5011,391,715,194,7969,3694,318,9,837,11,21,1124,17,136,103,118,80,18,16131,3988,190,97,3509,91,151,5,21,530,43,4,418,279
0,0,0,1,0,0,1,9,21,0,0,3,3,1,1,3,0,0,0,30,0,2,11,2,32,1,13,0,1,0,1,2,7,0,1,0,10,8,1,0,0,0,1,4,46,0,0,1,0,0,2,1,23,0,6,12,715,209,130,15327,89,544,912,735,48,218,195,265,434,13029,125,1802,3694,25434,22,111,11603,78,7,205,168,3738,29,56,1237,135,558,124,14,2611,87,345,1657,63,394,30,4,2,163,96
0,0,0,0,0,0,0,0,0,0,0,0,0,1,1,1,0,0,0,0,0,0,0,1,0,0,0,0,0,0,1,0,0,0,1,0,0,0,0,0,0,0,0,0,0,0,0,0,0,0,0,1,17,2,0,6,9,24,417,38,656,145,38,109,20,472,207,526,131,21,11244,81,318,22,17742,3,25,1,5,8609,5,49,14,2121,22,3,175,31,16705,22,43,2,20,3,14,6,1,2,824,5773
0,0,0,0,0,0,0,0,0,0,0,0,0,0,0,0,0,0,0,0,0,0,5,0,1,4,4,2,0,0,0,3,1,8,0,0,0,1,0,5,0,0,0,6,3,2,3,0,0,0,0,0,7,0,0,0,15,6,0,10,7,19,9,16,12,36,9,29,5,98,6,467,9,111,3,16098,705,224,0,29,10228,1557,4,4,8228,5843,1,1,1,7327,0,713,13753,202,927,0,0,0,14,11
0,0,0,1,0,0,0,199,360,5,18,43,166,1,8,37,1,3,21,1122,2,35,124,55,429,68,587,16,1,1,21,67,175,11,2,12,21,181,8,20,1,5,14,115,344,8,51,3,0,4,4,1,11,1,7,4,314,99,21,1435,94,315,368,308,23,139,42,242,49,3403,195,3063,837,11603,25,705,24127,516,2,172,1335,3379,21,25,1736,741,361,6,37,3806,185,5214,8121,279,2516,35,7,2,114,105
0,0,0,0,0,0,0,0,0,0,0,0,0,0,0,0,0,0,0,0,0,0,3,0,1,3,3,8,0,0,0,3,0,15,0,0,0,0,0,15,0,0,0,14,0,2,12,0,0,0,0,1,0,1,0,0,13,5,0,6,10,35,20,18,6,9,4,17,2,28,24,1650,11,78,1,224,516,44203,568,10,360,284,42,2,123,10588,3,2,1,232,4,11657,713,16252,1403,0,4,188,31,3
0,0,1,2,2,0,0,0,0,1,0,0,0,6,3,9,0,0,1,1,0,4,0,0,0,0,0,0,0,2,3,0,0,0,1,1,1,0,0,0,1,3,4,0,0,0,0,0,0,0,238,61,73,86,15,39,0,1,8,2,35,5,0,1,2719,293,72,7,12,10,0,2283,21,7,5,0,2,568,103431,29,5,5,26426,31,18,8,92,19,2,5,48,8,9,479,7,8,11649,27089,1501,13
1,0,0,9,2,0,0,0,3,7,1,0,0,15,3,27,1,0,0,2,0,10,1,3,3,0,0,2,9,11,9,0,0,0,8,12,2,1,19,0,8,5,5,1,0,1,0,1,1,2,10,9,182,3,7,27,329,404,11656,219,651,351,120,260,349,3675,14080,2197,2386,400,5441,291,1124,205,8609,29,172,10,29,13402,54,866,176,5376,424,36,1026,281,5377,225,251,9,121,21,68,38,44,8,1404,3012
0,0,0,0,0,0,0,0,0,0,0,1,0,0,0,0,0,0,0,1,0,0,17,0,1,16,3,2,1,0,0,8,2,12,0,0,0,2,0,7,0,0,0,29,0,5,10,0,0,0,2,0,6,1,0,0,45,11,3,18,14,21,22,46,10,43,11,75,13,130,26,1469,17,168,5,10228,1335,360,5,54,25962,5864,9,2,3218,6405,5,1,9,4107,0,1060,4976,634,10132,0,2,0,30,31
0,0,0,0,0,0,0,4,8,1,0,4,1,1,0,3,0,0,0,18,0,1,14,1,24,5,8,1,0,0,0,5,4,0,1,0,4,13,0,1,0,1,1,11,17,2,8,0,0,1,3,2,45,1,1,10,6427,429,55,553,254,2243,12316,19194,95,413,85,1645,70,12241,678,12033,136,3738,49,1557,3379,284,5,866,5864,43044,57,49,24293,1086,78,17,60,5070,15,159,2751,227,8612,5,7,1,283,213
0,2,0,4,1,0,3,1,0,0,0,0,0,17,6,20,0,0,0,1,0,7,0,4,1,0,0,1,2,5,9,0,0,0,6,7,2,0,9,0,6,5,10,0,0,0,0,1,1,1,723,162,259,168,37,133,8,5,30,8,45,7,1,2,12858,3860,247,13,92,36,15,511,103,29,14,4,21,42,26426,176,9,57,54298,146,77,7,421,71,24,40,174,2,13,30,4,25,7729,9414,34773,434
4,3,4,22,5,1,3,0,2,2,1,0,1,33,17,42,1,0,2,1,0,14,2,3,1,1,1,2,7,9,11,0,0,0,14,16,5,0,12,0,8,6,15,0,0,0,0,10,3,3,22,9,472,5,23,30,19,53,1033,43,181,27,7,14,879,9932,8763,294,399,203,110,90,118,56,2121,4,25,2,31,5376,2,49,146,38735,97,6,339,159,11092,80,256,4,26,1,14,95,57,4,473,382
0,0,0,0,0,0,0,0,3,0,0,0,4,0,0,1,1,0,0,11,1,0,5,0,6,0,4,0,0,0,2,1,6,0,0,1,0,5,0,0,0,0,0,2,17,0,1,0,0,0,8,1,80,0,2,15,232,211,37,179,67,95,136,163,157,583,124,749,25,12482,68,912,80,1237,22,8228,1736,123,18,424,3218,24293,77,97,28590,661,44,9,29,17169,5,116,1627,63,612,5,9,4,259,107
0,0,0,0,0,0,0,0,0,0,0,1,0,0,0,0,0,0,0,0,0,2,19,0,2,24,21,23,0,0,0,41,3,90,0,0,0,2,0,116,0,1,0,113,0,29,49,0,0,0,1,0,2,0,0,2,30,6,1,18,12,31,28,32,9,36,5,41,2,65,29,902,18,135,3,5843,741,10588,8,36,6405,1086,7,6,661,29884,2,4,0,1958,1,12069,11029,4235,3852,1,0,8,17,20
0,1,2,17,3,2,7,188,293,39,13,4,95,33,17,41,11,4,26,275,16,46,4,78,21,1,86,4,38,40,40,0,23,0,19,59,557,0,117,0,36,42,72,2,2,4,0,14,4,6,52,25,54,17,47,91,291,478,385,2932,404,93,28,108,659,393,795,223,1396,927,237,197,16131,558,175,1,361,3,92,1026,5,78,421,339,44,2,2334,1588,190,18,4810,17,14,3,4,229,115,17,774,170
1,4,5,31,4,1,23,1,1,15,0,0,0,52,19,62,0,1,6,0,0,17,0,2,2,0,0,2,11,16,9,0,1,0,84,24,13,0,64,0,14,8,11,0,0,3,1,26,2,1,52,112,164,73,448,2244,8,24,48,213,382,28,4,5,275,236,21534,22,4123,61,102,73,3988,124,31,1,6,2,19,281,1,17,71,159,9,4,1588,28919,17,18,19815,1,10,2,1,3935,30,6,341,99
0,0,0,0,0,0,0,0,0,1,0,0,0,1,0,0,0,0,0,0,0,0,0,0,0,0,0,0,1,0,0,0,0,0,1,0,0,0,1,0,0,0,0,0,0,0,0,0,0,0,2,5,21,3,1,5,8,10,43,25,596,50,21,40,33,5774,48,205,68,10,1797,74,190,14,16705,1,37,1,2,5377,9,60,24,11092,29,0,190,17,27652,24,64,0,21,3,10,1,2,4,1250,4400
0,0,0,0,0,0,0,0,0,1,2,3,0,0,0,1,0,0,0,10,0,1,20,0,13,10,12,0,0,0,2,8,5,3,0,0,1,10,0,2,0,0,1,12,18,0,6,0,0,0,5,1,60,0,3,7,108,67,29,136,79,125,147,127,127,333,107,272,77,2310,87,1488,97,2611,22,7327,3806,232,5,225,4107,5070,40,80,17169,1958,18,18,24,21536,19,297,26884,125,1078,9,10,1,164,86
1,1,4,10,5,1,6,0,1,6,0,0,0,32,7,47,0,0,1,0,0,5,0,1,1,0,0,0,5,7,9,0,1,0,12,7,3,0,13,0,8,7,10,0,0,1,0,24,4,2,122,67,192,119,712,1044,5,38,30,68,321,29,6,3,495,344,3448,11,495,19,112,93,3509,87,43,0,185,4,48,251,0,15,174,256,5,1,4810,19815,64,19,13000,13,11,1,2,16253,152,7,417,153
0,0,0,0,0,0,0,0,0,0,0,0,0,0,0,0,0,0,0,1,0,12,49,4,6,76,52,54,3,0,0,106,7,269,0,0,1,2,5,379,1,0,0,303,1,95,203,1,0,0,0,0,1,0,1,0,8,2,0,4,7,18,10,7,1,12,1,11,0,21,8,589,91,345,2,713,5214,11657,8,9,1060,159,2,4,116,12069,17,1,0,297,13,29699,10419,1015,1557,1,0,5,6,3
0,0,0,0,0,0,0,1,2,1,2,2,2,0,0,0,0,0,0,5,0,3,40,1,2,33,22,3,0,0,0,19,12,21,1,1,1,13,2,30,1,0,1,53,5,5,41,0,0,2,0,0,23,0,2,8,97,52,11,132,75,194,107,119,47,127,63,178,50,1009,110,3335,151,1657,20,13753,8121,713,9,121,4976,2751,13,26,1627,11029,14,10,21,26884,11,10419,54337,794,4073,5,1,3,70,59
0,0,0,0,0,0,0,0,1,0,0,0,0,0,0,0,0,0,0,0,0,0,5,0,0,2,2,0,0,0,0,7,0,12,0,0,0,0,0,3,0,0,0,13,1,6,7,0,0,0,1,0,0,2,0,3,36,14,3,6,21,150,46,45,3,7,5,52,1,30,60,9419,5,63,3,202,279,16252,479,21,634,227,30,1,63,4235,3,2,3,125,1,1015,794,14674,9442,0,4,218,33,7
0,0,0,0,0,0,0,1,1,0,0,0,0,1,1,0,0,0,0,1,0,3,18,0,5,14,7,3,0,0,1,13,4,13,0,0,0,2,0,19,0,0,0,39,2,8,15,1,0,0,0,0,6,1,0,2,133,25,2,32,42,270,167,207,12,31,7,133,7,156,113,8504,21,394,14,927,2516,1403,7,68,10132,8612,4,14,612,3852,4,1,10,1078,2,1557,4073,9442,21457,0,3,9,32,29
13,42,26,255,28,49,80,0,2,6,1,0,0,36,15,89,0,0,2,3,1,6,0,2,2,0,3,0,3,8,2,1,1,0,15,5,12,1,35,0,7,2,7,0,1,0,0,747,7,0,322,239,220,225,2658,1100,2,3,18,43,81,10,1,4,238,90,3801,14,150,21,20,25,530,30,6,0,35,0,8,38,0,5,25,95,5,1,229,3935,1,9,16253,1,5,0,0,6939,417,1,87,11
0,0,1,6,1,4,3,0,1,1,0,0,0,6,3,9,0,0,1,1,1,0,0,0,0,0,0,0,1,2,2,0,0,0,1,2,2,0,3,0,3,3,3,0,0,0,0,20,0,0,10425,206,282,334,4187,71,3,7,11,5,63,5,0,2,13833,823,91,5,22,16,1,70,43,4,1,0,7,4,11649,44,2,7,7729,57,9,0,115,30,2,10,152,0,1,4,3,417,43993,1510,2755,15
0,0,0,0,0,0,0,0,0,0,0,0,0,0,0,4,0,0,0,0,1,0,0,1,0,0,0,0,1,1,3,0,0,0,1,1,0,0,0,0,0,0,1,0,0,0,0,0,0,0,19,13,14,26,5,19,1,1,4,1,26280,14,0,0,91,46,23,2,3,4,10,6273,4,2,2,0,2,188,27089,8,0,1,9414,4,4,8,17,6,4,1,7,5,3,218,9,1,1510,54072,2794,20
2,2,3,14,1,3,6,1,3,14,1,0,0,57,9,41,0,1,7,1,1,13,0,5,1,0,1,0,8,20,16,0,0,0,29,28,8,0,39,0,16,15,18,0,1,1,0,14,2,1,634,411,662,340,144,593,42,35,199,64,54819,228,21,38,3753,6437,918,169,355,136,1436,5181,418,163,824,14,114,31,1501,1404,30,283,34773,473,259,17,774,341,1250,164,417,6,70,33,32,87,2755,2794,32240,8345
0,0,0,2,0,0,0,0,0,3,0,0,0,1,1,2,0,0,1,0,0,0,0,0,1,0,0,0,1,0,1,0,0,0,0,0,1,0,0,0,0,0,1,0,0,0,0,0,0,0,2,15,79,6,11,51,26,8,49,52,12357,74,27,45,185,3716,290,207,150,41,12782,193,279,96,5773,11,105,3,13,3012,31,213,434,382,107,20,170,99,4400,86,153,3,59,7,29,11,15,20,8345,13712
