11457,1275,6755,697,7116,1062,794,1,1,19,0,0,0,6027,130,23,0,0,0,5,1,295,0,3,2,6,0,1,302,492,6,4,4,6,18,0,15,3,8,0,372,46,13,2,0,2,1,185,1981,19,2,3,0,111,1,5,0,0,0,0,1,0,1,0,0,0,1,0,0,0,0,0,0,0,0,0,0,0,0,1,0,0,1,0,0,0,0,0,0,0,0,0,0,0,0,13,0,0,0,0
1275,50282,9611,16231,224,345,396,10,9,218,1,9,12,4785,5299,701,1,2,1,24,27,876,4,20,23,39,15,0,223,947,93,42,41,36,176,3,86,16,62,7,868,349,116,18,10,3,23,1043,155,135,19,17,6,1,18,4,0,0,0,0,0,0,0,0,6,1,6,0,1,4,0,0,0,0,0,0,0,0,0,1,0,0,2,0,0,0,3,4,0,1,1,0,0,0,0,55,5,0,0,0
6755,9611,32444,7917,5412,3028,6798,0,0,37,2,0,1,360,30,25,0,0,0,4,2,299,0,1,0,2,0,0,115,305,2,1,2,1,14,2,6,0,12,0,291,45,4,1,0,0,2,130,126,10,1,2,3,137,1,0,0,0,0,0,0,0,0,0,0,0,0,0,0,0,0,0,0,0,0,0,0,0,0,0,0,0,0,0,0,0,1,1,0,0,0,0,0,0,0,2,1,0,0,0
697,16231,7917,38707,366,4079,21566,16,19,452,9,16,36,2092,9023,10292,11,4,2,96,84,850,5,231,82,109,57,4,193,931,432,115,175,110,1779,11,335,76,377,32,880,508,1441,48,30,2,59,2872,104,337,42,18,17,18,33,8,0,0,3,0,0,0,0,1,9,2,9,1,3,8,0,3,2,2,0,0,0,0,8,9,0,2,2,1,1,0,18,7,1,1,2,0,0,0,0,85,6,4,5,3
7116,224,5412,366,11185,12828,621,1,0,5,0,0,1,3516,61,20,0,0,0,1,1,144,1,1,1,1,1,0,301,274,5,3,3,1,14,0,4,0,6,0,178,18,7,2,0,0,1,545,3813,8,2,3,0,238,5,1,0,0,0,0,0,0,0,0,1,1,0,0,0,0,0,0,0,0,0,0,0,0,0,0,0,0,0,0,0,0,0,0,0,0,0,0,0,0,0,6,1,0,0,0
1062,345,3028,4079,12828,17794,17436,0,1,6,0,0,0,159,41,146,0,0,0,1,2,27,2,31,1,4,24,0,70,19,0,5,2,3,281,1,51,0,236,8,17,5,2,4,0,0,6,6774,2387,1,6,3,6,307,13,3,0,0,0,0,0,0,0,0,2,1,2,0,0,0,0,0,0,0,0,0,0,0,0,0,0,1,0,0,0,0,1,0,0,0,0,0,0,0,0,16,1,1,0,0
794,396,6798,21566,621,17436,27052,2,1,42,2,0,1,89,66,3722,0,0,1,4,8,78,1,55,2,6,3,0,9,47,10,4,7,5,1380,2,82,5,804,1,70,43,31,3,1,0,6,1029,27,14,12,8,4,50,4,4,0,0,0,0,0,0,0,0,2,1,1,0,0,0,0,0,0,0,0,0,0,0,1,1,0,0,0,0,0,0,1,3,0,0,0,0,0,0,0,16,3,0,0,0
1,10,0,16,1,0,2,34864,10238,135,151,292,11473,77,92,1319,5067,14630,3036,12994,218,667,112,1567,361,97,95,0,3,46,5647,105,423,71,14,18,4054,177,27,13,21,19,289,77,82,13,89,8,0,71,1,1,0,0,0,0,74,118,19,156,8,10,8,17,3,2,3,23,14,14,2,6,14,8,0,0,0,0,0,27,1,0,0,0,3,0,86,3,0,1,0,0,0,0,2,2,1,1,7,7
1,9,0,19,0,1,1,10238,70133,299,315,1026,2651,35,41,2038,1015,967,9894,7385,379,1204,245,8538,8638,83,3555,4,11,62,393,105,983,77,25,279,7196,213,164,51,57,65,137,191,76,29,180,16,2,94,0,0,0,0,0,0,48,58,27,95,12,19,13,23,2,2,1,32,27,107,7,2,37,42,0,0,1,1,0,44,1,4,1,0,6,0,54,3,0,2,2,1,2,0,1,0,0,1,5,4
19,218,37,452,5,6,42,135,299,38702,4132,4701,262,205,228,1511,383,72,254,53,8272,6754,544,169,82,20,211,17,85,238,607,132,522,84,344,235,1926,41,989,19,12444,7010,376,140,5,101,512,529,12,4838,4,1,2,1,1,2,0,2,2,5,3,1,0,0,5,4,13,1,20,8,2,2,1,1,0,0,0,0,0,53,0,0,4,0,1,0,25,15,1,0,2,0,4,0,0,8,2,2,12,13
0,1,2,9,0,0,2,151,315,4132,1788,4124,157,15,6,122,210,111,212,23,1216,2358,1045,37,26,2,31,1,6,52,55,12,148,7,19,13,137,9,37,1,170,181,27,20,2,31,90,15,0,122,0,0,0,0,0,0,0,1,2,1,2,0,0,0,0,0,0,1,3,1,0,0,0,0,0,0,0,0,0,4,0,0,0,0,0,0,1,3,1,1,0,0,0,0,0,1,0,0,0,0
0,9,0,16,0,0,0,292,1026,4701,4124,20410,7303,35,25,209,3493,208,98,493,7575,3492,4293,211,1209,11,309,29,15,151,410,72,5214,63,23,32,638,53,103,16,369,461,297,125,25,173,825,15,4,558,0,0,0,0,1,0,13,10,4,16,2,3,0,8,1,1,0,1,9,32,2,3,6,21,0,0,2,0,0,20,2,3,1,0,4,0,2,1,0,5,0,0,0,0,0,0,0,0,3,3
0,12,1,36,1,0,1,11473,2651,262,157,7303,16526,139,177,280,7267,1823,114,1356,756,356,229,936,869,25,102,3,12,137,1057,173,10653,68,15,17,1308,46,16,10,100,149,644,52,111,23,260,10,3,342,0,0,0,0,0,0,25,30,1,42,1,2,4,14,0,2,0,3,1,25,1,0,7,16,0,0,0,0,0,12,0,1,0,0,1,0,18,0,0,1,0,0,2,0,0,0,0,0,0,2
6027,4785,360,2092,3516,159,89,77,35,205,15,35,139,47991,11263,438,9,7,3,79,109,885,10,31,90,94,46,10,3882,18416,352,218,343,157,194,25,216,40,144,24,1953,1647,1091,65,42,11,121,910,9108,4425,36,19,15,7,28,8,1,0,1,1,0,0,0,1,5,1,10,0,3,7,0,3,0,2,0,1,0,0,1,8,0,0,4,0,0,0,5,12,0,1,1,0,0,0,0,49,7,2,4,1
130,5299,30,9023,61,41,66,92,41,228,6,25,177,11263,18255,2053,14,4,3,128,94,527,17,37,93,139,67,3,296,2524,1760,201,356,139,358,33,197,90,141,36,777,614,13927,71,61,4,79,748,119,10368,14,17,4,1,7,2,1,2,1,2,0,2,0,1,7,0,6,0,1,3,0,2,1,3,0,0,0,0,0,5,0,0,0,0,0,0,12,2,0,1,3,0,1,0,0,37,3,4,1,1
23,701,25,10292,20,146,3722,1319,2038,1511,122,209,280,438,2053,20671,243,494,5096,1028,919,777,55,1927,418,162,177,3,73,408,10986,160,311,123,5486,1429,2433,186,915,27,551,411,10952,124,55,6,78,1344,28,377,41,29,19,2,21,8,2,2,12,8,12,2,0,0,20,8,31,8,34,7,1,6,11,5,1,0,0,0,6,100,2,1,10,0,0,0,92,32,2,1,7,0,1,0,0,112,11,8,17,13
0,1,0,11,0,0,0,5067,1015,383,210,3493,7267,9,14,243,9795,2411,337,145,13374,292,129,289,61,17,42,2,0,28,3110,55,552,18,12,27,796,22,57,8,54,71,219,31,33,10,123,5,0,81,0,0,0,0,0,0,2,5,21,21,7,3,2,0,1,1,0,19,16,3,4,1,15,3,0,1,1,0,1,42,0,2,0,0,1,0,23,3,1,0,1,0,2,0,0,0,0,1,11,9
0,2,0,4,0,0,0,14630,967,72,111,208,1823,7,4,494,2411,2922,863,560,472,217,39,127,62,52,34,1,0,3,2813,73,338,44,4,12,813,37,37,9,3,10,107,25,57,7,37,1,0,18,0,0,0,0,0,0,4,5,16,16,14,3,0,1,3,2,3,13,23,5,4,6,14,0,0,0,0,0,0,44,0,0,0,0,1,0,14,1,1,0,0,0,0,0,0,1,1,0,2,7
0,1,0,2,0,0,1,3036,9894,254,212,98,114,3,3,5096,337,863,9078,368,280,395,37,3857,133,26,39,0,0,5,3838,22,79,15,2,4470,898,27,172,7,7,13,15,21,8,3,22,2,0,7,1,0,0,0,0,0,0,3,8,8,1,2,1,0,3,1,3,9,15,0,6,3,4,0,0,0,0,0,0,49,0,0,3,0,0,0,11,7,0,0,4,0,0,0,0,0,0,1,5,9
5,24,4,96,1,1,4,12994,7385,53,23,493,1356,79,128,1028,145,560,368,18364,70,556,295,244,8119,429,792,15,5,50,530,810,5342,325,19,79,1940,2578,19,78,25,40,232,731,2221,30,254,9,3,72,0,0,2,0,0,0,80,48,1,108,0,13,41,62,2,3,2,5,3,275,2,8,12,127,0,1,2,2,0,5,0,28,0,0,28,0,6,0,0,11,2,0,7,0,1,0,0,0,0,1
1,27,2,84,1,2,8,218,379,8272,1216,7575,756,109,94,919,13374,472,280,70,35206,1297,489,267,136,41,153,7,50,498,3828,188,900,133,145,208,1843,34,624,23,902,1448,3711,108,29,63,444,99,2,2683,1,0,1,0,1,1,3,2,11,6,3,1,1,1,6,1,4,6,20,6,4,7,6,2,0,0,0,0,0,68,0,1,1,0,2,0,22,6,2,3,3,0,3,0,0,0,0,1,10,7
295,876,299,850,144,27,78,667,1204,6754,2358,3492,356,885,527,777,292,217,395,556,1297,16755,5765,155,971,43,507,1976,2903,931,293,154,743,269,196,109,762,119,344,204,22623,1520,277,374,35,5386,2088,322,27,483,5,2,6,2,9,6,9,4,4,12,2,2,7,7,4,3,7,2,14,24,0,2,8,20,0,1,4,0,2,27,2,5,4,0,5,0,14,5,3,4,3,0,2,0,0,23,2,1,12,1
0,4,0,5,1,2,1,112,245,544,1045,4293,229,10,17,55,129,39,37,295,489,5765,6206,46,701,45,753,311,26,102,60,289,2264,264,5,18,124,112,37,147,133,137,62,573,16,3818,6346,16,1,154,0,0,0,0,0,0,5,0,2,3,0,0,5,4,0,0,0,1,0,22,2,6,1,11,0,2,8,0,0,1,1,2,0,0,1,1,2,2,0,5,0,2,5,0,0,0,0,0,0,0
3,20,1,231,1,31,55,1567,8538,169,37,211,936,31,37,1927,289,127,3857,244,267,155,46,7432,667,30,1037,3,18,25,108,57,220,31,648,11620,8660,39,10706,43,44,40,94,87,25,10,68,472,44,44,0,0,0,0,0,0,4,11,9,20,6,1,1,1,1,2,0,10,11,7,1,6,4,6,0,1,0,0,0,20,0,1,2,0,3,0,23,3,0,0,1,0,0,0,0,3,0,1,1,5
2,23,0,82,1,1,2,361,8638,82,26,1209,869,90,93,418,61,62,133,8119,136,971,701,667,17582,252,10224,11,10,91,101,496,3915,181,12,119,884,1502,31,86,62,64,184,2798,415,42,623,8,5,84,0,1,1,0,0,0,52,17,1,48,3,13,26,51,2,1,1,0,5,199,0,9,7,139,0,1,9,1,0,6,0,29,0,0,47,2,2,3,0,17,0,2,4,0,3,1,0,0,0,1
6,39,2,109,1,4,6,97,83,20,2,11,25,94,139,162,17,52,26,429,41,43,45,30,252,11053,1695,7,9,60,140,10813,467,10303,12,12,25,16533,58,248,33,29,209,15851,3143,15,583,33,8,42,0,1,0,0,0,0,1,0,0,0,0,2,2,3,0,1,0,1,0,2,2,12,0,21,0,15,36,0,0,1,18,19,0,0,14,4,2,0,0,28,1,3,33,1,10,0,0,0,0,0
0,15,0,57,1,24,3,95,3555,211,31,309,102,46,67,177,42,34,39,792,153,507,753,1037,10224,1695,32633,100,16,81,71,3305,1524,1307,55,92,960,1142,814,5690,80,91,110,12784,416,149,3290,267,18,73,1,1,1,0,0,0,14,8,3,20,2,9,29,13,5,2,1,5,3,66,2,109,11,132,0,200,371,16,0,1,86,83,0,0,72,45,6,2,0,129,7,113,350,4,66,1,0,0,5,5
1,0,0,4,0,0,0,0,4,17,1,29,3,10,3,3,2,1,0,15,7,1976,311,3,11,7,100,25007,347,13,4,89,32,4618,0,0,3,12,3,19051,99,13,6,44,9,16220,4835,3,0,3,0,0,0,0,0,0,0,0,0,0,0,0,0,0,0,0,0,0,0,0,0,0,3,1,0,0,2,15,0,0,0,1,0,0,0,0,0,0,0,0,0,5,1,0,0,0,0,0,0,0
302,223,115,193,301,70,9,3,11,85,6,15,12,3882,296,73,0,0,0,5,50,2903,26,18,10,9,16,347,47315,10234,21,33,54,19,30,2,85,7,53,17,23708,271,106,11,5,277,32,177,4492,139,3,1,1,0,3,0,0,0,0,0,0,0,0,0,1,2,1,0,0,0,1,0,0,3,0,0,0,0,0,1,0,0,0,0,0,0,3,3,0,0,1,0,0,0,0,8,2,0,1,0
492,947,305,931,274,19,47,46,62,238,52,151,137,18416,2524,408,28,3,5,50,498,931,102,25,91,60,81,13,10234,51933,170,257,460,157,200,34,426,40,246,21,9262,6924,1003,75,21,26,277,366,1521,3737,8,5,3,0,1,3,2,1,1,2,0,0,1,0,7,1,8,0,6,8,0,1,0,0,0,0,0,0,0,7,0,0,0,0,1,0,19,7,0,0,2,0,1,0,0,14,1,0,2,2
6,93,2,432,5,0,10,5647,393,607,55,410,1057,352,1760,10986,3110,2813,3838,530,3828,293,60,108,101,140,71,4,21,170,21509,179,455,117,189,157,1061,84,247,31,147,124,30020,74,127,7,81,138,11,257,11,3,4,0,4,0,0,1,7,5,8,1,2,5,4,2,12,7,30,7,4,6,2,3,0,0,1,0,0,91,0,0,2,1,2,0,30,13,1,0,3,1,0,0,0,13,2,0,17,13
4,42,1,115,3,5,4,105,105,132,12,72,173,218,201,160,55,73,22,810,188,154,289,57,496,10813,3305,89,33,257,179,27796,3054,4150,18,19,49,1771,115,598,135,135,316,4444,2256,226,14387,66,9,197,0,0,0,0,0,0,1,0,0,2,1,2,2,0,0,0,0,0,0,9,0,26,1,14,0,40,43,1,0,1,19,20,0,0,8,14,1,0,0,36,1,13,56,2,16,1,0,0,1,0
4,41,2,175,3,2,7,423,983,522,148,5214,10653,343,356,311,552,338,79,5342,900,743,2264,220,3915,467,1524,32,54,460,455,3054,16398,499,42,70,503,1415,50,77,308,366,792,898,4735,244,7137,37,22,710,0,0,0,0,0,1,20,6,1,30,0,12,15,18,1,0,0,2,2,125,1,7,7,80,0,1,6,0,0,5,3,22,0,0,38,0,4,3,0,18,0,0,4,0,1,2,0,0,0,1
6,36,1,110,1,3,5,71,77,84,7,63,68,157,139,123,18,44,15,325,133,269,264,31,181,10303,1307,4618,19,157,117,4150,499,24242,9,11,39,631,77,26631,99,81,236,5434,321,2301,10711,39,10,96,0,0,0,0,0,0,0,1,0,0,0,0,1,0,0,0,0,0,1,3,0,7,2,6,0,7,19,2,0,0,8,6,0,0,2,5,0,0,0,7,0,14,23,0,4,1,0,0,0,0
18,176,14,1779,14,281,1380,14,25,344,19,23,15,194,358,5486,12,4,2,19,145,196,5,648,12,12,55,0,30,200,189,18,42,9,5023,1280,1225,14,13146,12,242,174,652,9,4,1,22,2188,20,128,24,9,10,2,10,3,0,2,0,1,0,0,0,0,5,6,9,0,4,2,1,3,0,0,0,0,0,0,4,8,0,0,0,1,1,0,40,15,1,0,4,0,0,0,0,66,4,2,7,1
0,3,2,11,0,1,2,18,279,235,13,32,17,25,33,1429,27,12,4470,79,208,109,18,11620,119,12,92,0,2,34,157,19,70,11,1280,16391,2136,24,5236,12,47,52,124,41,2,1,20,15,0,48,2,1,1,0,0,0,0,1,1,1,2,2,1,0,6,3,7,3,11,0,1,4,1,0,0,0,0,0,0,34,1,0,1,1,2,0,59,3,1,0,4,0,0,0,0,7,0,3,9,1
15,86,6,335,4,51,82,4054,7196,1926,137,638,1308,216,197,2433,796,813,898,1940,1843,762,124,8660,884,25,960,3,85,426,1061,49,503,39,1225,2136,3357,31,6202,70,699,632,865,45,54,12,81,2081,52,456,1,0,4,0,1,0,182,206,10,472,1,16,41,111,2,3,2,14,9,127,3,12,27,107,0,1,1,1,1,9,0,19,2,0,0,0,222,1,1,2,2,0,6,0,0,1,1,1,1,0
3,16,0,76,0,0,5,177,213,41,9,53,46,40,90,186,22,37,27,2578,34,119,112,39,1502,16533,1142,12,7,40,84,1771,1415,631,14,24,31,7606,15,137,17,25,135,14698,9781,30,528,10,2,28,0,0,0,0,0,0,3,1,0,2,2,2,5,3,0,1,0,0,0,34,0,2,2,34,0,3,3,1,0,1,0,8,0,0,21,1,1,1,0,10,0,0,3,0,1,0,0,0,0,0
8,62,12,377,6,236,804,27,164,989,37,103,16,144,141,915,57,37,172,19,624,344,37,10706,31,58,814,3,53,246,247,115,50,77,13146,5236,6202,15,47175,255,430,396,661,83,6,3,124,12665,33,278,9,3,3,0,1,3,2,0,0,0,1,1,0,0,6,3,5,0,5,1,0,1,0,0,0,0,0,0,3,16,0,0,3,0,0,0,84,9,2,1,1,0,0,0,0,21,6,3,9,8
0,7,0,32,0,8,1,13,51,19,1,16,10,24,36,27,8,9,7,78,23,204,147,43,86,248,5690,19051,17,21,31,598,77,26631,12,12,70,137,255,43554,22,14,34,11254,65,1397,4411,67,4,20,0,0,0,0,0,0,0,0,0,0,0,3,0,0,0,0,0,0,0,0,0,4,4,25,0,14,71,81,0,0,8,2,0,0,0,15,15,0,0,3,26,228,25,2,3,8,0,0,0,0
372,868,291,880,178,17,70,21,57,12444,170,369,100,1953,777,551,54,3,7,25,902,22623,133,44,62,33,80,99,23708,9262,147,135,308,99,242,47,699,17,430,22,50777,10160,577,67,10,105,226,434,167,1810,7,3,4,0,8,1,0,0,0,1,0,1,0,1,3,2,5,0,6,3,1,2,1,1,0,0,1,0,0,21,0,0,1,0,1,0,11,8,1,0,6,0,0,0,0,19,1,0,5,4
46,349,45,508,18,5,43,19,65,7010,181,461,149,1647,614,411,71,10,13,40,1448,1520,137,40,64,29,91,13,271,6924,124,135,366,81,174,52,632,25,396,14,10160,19974,956,81,9,39,250,324,55,8500,2,1,2,0,1,1,0,0,0,1,1,0,2,0,1,1,5,0,4,2,0,0,0,3,0,0,0,0,0,10,0,0,1,1,0,0,15,2,0,1,0,0,0,0,0,3,2,0,0,2
13,116,4,1441,7,2,31,289,137,376,27,297,644,1091,13927,10952,219,107,15,232,3711,277,62,94,184,209,110,6,106,1003,30020,316,792,236,652,124,865,135,661,34,577,956,37142,84,97,5,186,584,15,6983,9,2,3,0,7,2,0,1,0,5,3,3,1,1,6,2,1,1,4,9,0,3,2,3,0,0,0,0,2,16,0,0,4,0,0,0,21,5,0,0,0,0,0,0,0,25,5,1,4,1
2,18,1,48,2,4,3,77,191,140,20,125,52,65,71,124,31,25,21,731,108,374,573,87,2798,15851,12784,44,11,75,74,4444,898,5434,9,41,45,14698,83,11254,67,81,84,51511,397,192,3068,51,9,78,0,0,1,0,0,0,0,0,0,3,0,1,4,2,1,0,0,1,2,3,0,13,0,9,0,21,34,0,0,0,7,17,1,0,11,7,0,1,0,24,0,5,28,1,1,0,0,0,1,0
0,10,0,30,0,0,1,82,76,5,2,25,111,42,61,55,33,57,8,2221,29,35,16,25,415,3143,416,9,5,21,127,2256,4735,321,4,2,54,9781,6,65,10,9,97,397,3089,5,108,4,0,40,0,0,0,0,0,0,8,2,0,8,0,2,7,4,0,0,0,0,0,25,0,4,1,20,0,0,1,0,0,1,0,5,0,0,6,0,0,0,0,4,0,1,1,0,0,0,0,0,0,0
2,3,0,2,0,0,0,13,29,101,31,173,23,11,4,6,10,7,3,30,63,5386,3818,10,42,15,149,16220,277,26,7,226,244,2301,1,1,12,30,3,1397,105,39,5,192,5,7025,10157,2,0,37,0,0,0,0,0,0,0,0,0,1,0,0,0,0,0,0,0,0,1,3,0,0,0,0,0,0,2,0,0,0,3,1,0,0,0,0,1,1,0,1,0,0,1,0,0,0,0,0,0,0
1,23,2,59,1,6,6,89,180,512,90,825,260,121,79,78,123,37,22,254,444,2088,6346,68,623,583,3290,4835,32,277,81,14387,7137,10711,22,20,81,528,124,4411,226,250,186,3068,108,10157,35933,56,7,232,0,0,0,0,0,2,3,1,0,5,0,1,6,2,1,1,1,0,2,7,0,24,2,15,0,32,40,2,0,0,18,10,0,0,16,7,0,0,0,30,2,10,51,1,15,0,0,0,1,1
185,1043,130,2872,545,6774,1029,8,16,529,15,15,10,910,748,1344,5,1,2,9,99,322,16,472,8,33,267,3,177,366,138,66,37,39,2188,15,2081,10,12665,67,434,324,584,51,4,2,56,4976,1140,245,47,33,22,12,35,19,0,0,0,0,2,0,0,0,15,3,25,0,2,0,0,3,0,1,0,0,0,0,4,8,0,0,1,1,0,0,21,19,1,0,2,0,0,0,0,150,7,3,8,2
1981,155,126,104,3813,2387,27,0,2,12,0,4,3,9108,119,28,0,0,0,3,2,27,1,44,5,8,18,0,4492,1521,11,9,22,10,20,0,52,2,33,4,167,55,15,9,0,0,7,1140,12259,24,5,2,1,2,4,2,0,0,0,0,0,0,0,0,1,0,3,0,0,0,0,0,0,0,0,0,0,0,1,0,0,1,1,0,0,0,1,1,0,0,0,0,0,0,0,14,1,1,1,0
19,135,10,337,8,1,14,71,94,4838,122,558,342,4425,10368,377,81,18,7,72,2683,483,154,44,84,42,73,3,139,3737,257,197,710,96,128,48,456,28,278,20,1810,8500,6983,78,40,37,232,245,24,15169,2,1,3,0,0,0,1,1,0,1,0,0,1,1,3,0,4,0,4,2,0,1,0,4,0,1,2,0,0,9,0,0,1,0,1,0,10,5,0,2,4,0,0,0,0,2,1,0,2,0
2,19,1,42,2,6,12,1,0,4,0,0,0,36,14,41,0,0,1,0,1,5,0,0,0,0,1,0,3,8,11,0,0,0,24,2,1,0,9,0,7,2,9,0,0,0,0,47,5,2,27227,16143,4475,11118,10034,3018,0,6,4,7,96,6,5,6,12644,18,244,2,3,16,2,183,13,4,0,7,2,2,708,23,3,24,294,0,10,1,44,409,4,27,141,2,2,1,0,912,7364,525,264,26
3,17,2,18,3,3,8,1,0,1,0,0,0,19,17,29,0,0,0,0,0,2,0,0,1,1,1,0,1,5,3,0,0,0,9,1,0,0,3,0,3,1,2,0,0,0,0,33,2,1,16143,67110,13244,12651,5400,8143,3,2,0,4,200,22,3,3,9705,25,211,3,3,11,5,357,4,8,0,3,2,2,704,25,6,13,583,0,8,0,46,360,2,23,73,0,6,7,0,803,954,705,729,38
0,6,3,17,0,6,4,0,0,2,0,0,0,15,4,19,0,0,0,2,1,6,0,0,1,0,1,0,1,3,4,0,0,0,10,1,4,0,3,0,4,2,3,1,0,0,0,22,1,3,4475,13244,37163,320,851,6459,23,36,6,39,199,47,38,25,19029,3406,5710,5,18,132,8,261,26,44,1,30,3,2,218,394,39,128,471,18,69,8,205,1306,19,133,181,4,39,8,13,1239,509,323,839,158
111,1,137,18,238,307,50,0,0,1,0,0,0,7,1,2,0,0,0,0,0,2,0,0,0,0,0,0,0,0,0,0,0,0,2,0,0,0,0,0,0,0,0,0,0,0,0,12,2,0,11118,12651,320,43204,17576,19850,0,0,1,1,11,2,2,0,258,4,0,0,2,2,0,37,1,0,0,0,0,0,84,2,0,1,64,0,0,0,8,239,1,0,874,0,3,0,0,417,236,83,68,10
1,18,1,33,5,13,4,0,0,1,0,1,0,28,7,21,0,0,0,0,1,9,0,0,0,0,0,0,3,1,4,0,0,0,10,0,1,0,1,0,8,1,7,0,0,0,0,35,4,0,10034,5400,851,17576,20761,12111,0,0,0,1,8,1,0,2,1057,12,19,0,1,1,1,14,5,3,0,1,6,0,108,4,0,2,19,1,2,2,18,943,1,5,825,4,1,1,0,4542,6441,46,29,14
5,4,0,8,1,3,4,0,0,2,0,0,0,8,2,8,0,0,0,0,1,6,0,0,0,0,0,0,0,3,0,0,1,0,3,0,0,0,3,0,1,1,2,0,0,0,2,19,2,0,3018,8143,6459,19850,12111,34460,9,1,2,7,118,28,11,7,822,135,819,2,1,20,5,133,24,12,0,3,11,0,123,41,8,49,257,3,12,4,99,7300,14,38,3752,0,16,2,4,1233,144,167,515,88
0,0,0,0,0,0,0,74,48,0,0,13,25,1,1,2,2,4,0,80,3,9,5,4,52,1,14,0,0,2,0,1,20,0,0,0,182,3,2,0,0,0,0,0,8,0,3,0,0,1,0,3,23,0,0,9,1261,6575,403,1230,5,283,577,2289,223,240,87,6021,58,4465,12,352,171,341,23,44,58,13,3,1050,77,5053,23,12,1349,45,1612,15,51,114,6,8,76,31,48,3,1,9,23,16
0,0,0,0,0,0,0,118,58,2,1,10,30,0,2,2,5,5,3,48,2,4,0,11,17,0,8,0,0,1,1,0,6,1,2,1,206,1,0,0,0,0,1,0,2,0,1,0,0,1,6,2,36,0,0,1,6575,24870,7489,3229,10,591,521,1209,35,78,71,8658,381,10309,8,532,182,217,538,53,40,7,2,3049,47,268,4,6,229,29,2494,22,9,262,5,6,84,15,24,5,0,7,12,13
0,0,0,3,0,0,0,19,27,2,2,4,1,1,1,12,21,16,8,1,11,4,2,9,1,0,3,0,0,1,7,0,1,0,0,1,10,0,0,0,0,0,0,0,0,0,0,0,0,0,4,0,6,1,0,2,403,7489,4685,4765,52,532,75,82,7,25,422,3504,3068,120,29,382,419,34,968,10,24,3,1,4579,39,230,4,0,131,13,874,20,3,56,40,3,35,3,18,2,1,16,15,15
0,0,0,0,0,0,0,156,95,5,1,16,42,1,2,8,21,16,8,108,6,12,3,20,48,0,20,0,0,2,5,2,30,0,1,1,472,2,0,0,1,1,5,3,8,1,5,0,0,1,7,4,39,1,1,7,1230,3229,4765,53729,107,1548,1133,1501,44,54,103,830,7144,2671,102,981,10168,6593,8,53,214,12,8,1683,57,660,12,4,148,40,7410,392,14,200,237,42,134,19,34,25,1,23,59,62
1,0,0,0,0,0,0,8,12,3,2,2,1,0,0,12,7,14,1,0,3,2,0,6,3,0,2,0,0,0,8,1,0,0,0,2,1,2,1,0,0,1,3,0,0,0,0,2,0,0,96,200,199,11,8,118,5,10,52,107,36640,7096,1530,44,297,137,148,87,259,48,6435,4401,60,46,11,20,28,5,311,778,87,167,469,6,37,31,756,369,53,50,420,10,66,10,43,144,49,20852,34655,10679
0,0,0,0,0,0,0,10,19,1,0,3,2,0,2,2,3,3,2,13,1,2,0,1,13,2,9,0,0,0,1,2,12,0,0,2,16,2,1,3,1,0,3,1,2,0,1,0,0,0,6,22,47,2,1,28,283,591,532,1548,7096,10550,6403,670,230,281,63,962,505,375,6248,7016,380,482,24,53,158,20,54,752,64,648,272,4,95,42,646,103,157,205,77,20,185,161,132,30,10,444,2372,3240
1,0,0,0,0,0,0,8,13,0,0,0,4,0,0,0,2,0,1,41,1,7,5,1,26,2,29,0,0,1,2,2,15,1,0,1,41,5,0,0,0,2,1,4,7,0,6,0,0,1,5,3,38,2,0,11,577,521,75,1133,1530,6403,24793,20025,160,309,59,1319,119,1774,462,2867,202,1767,11,74,227,24,4,606,109,8511,68,8,320,74,436,117,95,572,69,16,449,57,352,47,3,13,182,471
0,0,0,1,0,0,0,17,23,0,0,8,14,1,1,0,0,1,0,62,1,7,4,1,51,3,13,0,0,0,5,0,18,0,0,0,111,3,0,0,1,0,1,2,4,0,2,0,0,1,6,3,25,0,2,7,2289,1209,82,1501,44,670,20025,11311,106,228,61,12723,43,2528,132,153,163,958,12,25,31,6,2,1273,63,28523,32,8,739,35,674,36,70,127,15,4,84,8,81,7,4,5,37,138
0,6,0,9,1,2,2,3,2,5,0,1,0,5,7,20,1,3,3,2,6,4,0,1,2,0,5,0,1,7,4,0,1,0,5,6,2,0,6,0,3,1,6,1,0,0,1,15,1,3,12644,9705,19029,258,1057,822,223,35,7,44,297,230,160,106,84287,12787,1309,35,85,155,151,660,21,55,17,91,20,24,5238,958,351,763,12139,125,439,110,552,471,656,169,368,16,61,23,73,623,6228,1483,2663,821
0,1,0,2,1,1,1,2,2,4,0,1,2,1,0,8,1,2,1,3,1,3,0,2,1,1,2,0,2,1,2,0,0,0,6,3,3,1,3,0,2,1,2,0,0,0,1,3,0,0,18,25,3406,4,12,135,240,78,25,54,137,281,309,228,12787,34793,10721,62,212,271,784,273,22,68,564,91,32,14,64,12580,238,776,3501,3129,422,69,592,553,8155,219,426,10,86,19,57,432,18,96,4724,9973
1,6,0,9,0,2,1,3,1,13,0,0,0,10,6,31,0,3,3,2,4,7,0,0,1,0,1,0,1,8,12,0,0,0,9,7,2,0,5,0,5,5,1,0,0,0,1,25,3,4,244,211,5710,0,19,819,87,71,422,103,148,63,59,61,1309,10721,22838,19,3771,276,87,129,75,69,59,35,9,2,41,12718,50,208,175,7309,153,12,437,1809,207,171,138,5,28,2,16,798,42,83,397,163
0,0,0,1,0,0,0,23,32,1,1,1,3,0,0,8,19,13,9,5,6,2,1,10,0,1,5,0,0,0,7,0,2,0,0,3,14,0,0,0,0,0,1,1,0,0,0,0,0,0,2,3,5,0,0,2,6021,8658,3504,830,87,962,1319,12723,35,62,19,5744,447,143,7284,378,587,92,407,24,28,7,4,6493,45,1181,10,3,217,33,1080,35,13,60,46,8,44,13,47,4,1,7,27,46
0,1,0,3,0,0,0,14,27,20,3,9,1,3,1,34,16,23,15,3,20,14,0,11,5,0,3,0,0,6,30,0,2,1,4,11,9,0,5,0,6,4,4,2,0,1,2,2,0,4,3,3,18,2,1,1,58,381,3068,7144,259,505,119,43,85,212,3771,447,23054,332,224,464,7521,383,14,28,99,4,10,1831,41,238,70,38,95,18,2564,8095,70,141,909,38,110,3,19,11,4,70,230,232
0,4,0,8,0,0,0,14,107,8,1,32,25,7,3,7,3,5,0,275,6,24,22,7,199,2,66,0,0,8,7,9,125,3,2,0,127,34,1,0,3,2,9,3,25,3,7,0,0,2,16,11,132,2,1,20,4465,10309,120,2671,48,375,1774,2528,155,271,276,143,332,11628,36,507,933,6443,1,186,124,14,4,673,196,4687,28,30,6041,68,248,144,32,6336,29,11,358,26,103,28,2,7,64,34
0,0,0,0,0,0,0,2,7,2,0,2,1,0,0,1,4,4,6,2,4,0,2,1,0,2,2,0,1,0,4,0,1,0,1,1,3,0,0,0,1,0,0,0,0,0,0,0,0,0,2,5,8,0,1,5,12,8,29,102,6435,6248,462,132,151,784,87,7284,224,36,22082,506,73,35,1964,27,32,9,22,1761,97,335,178,10,31,46,444,95,2044,52,222,8,63,20,46,14,1,131,890,10287
0,0,0,3,0,0,0,6,2,2,0,3,0,3,2,6,1,6,3,8,7,2,6,6,9,12,109,0,0,1,6,26,7,7,3,4,12,2,1,4,2,0,3,13,4,0,24,3,0,1,183,357,261,37,14,133,352,532,382,981,4401,7016,2867,153,660,273,129,378,464,507,506,32285,264,1541,6,832,1432,2590,4157,539,508,7265,1044,6,369,4325,330,252,82,1430,276,606,1998,13592,6011,251,194,4769,3155,995
0,0,0,2,0,0,0,14,37,1,0,6,7,0,1,11,15,14,4,12,6,8,1,4,7,0,11,3,0,0,2,1,7,2,0,1,27,2,0,4,1,0,2,0,1,0,2,0,0,0,13,4,26,1,5,24,171,182,419,10168,60,380,202,163,21,22,75,587,7521,933,73,264,5427,3717,4,75,1201,16,2,560,55,245,15,0,106,70,5350,9392,17,115,1024,481,376,10,43,90,0,9,49,60
0,0,0,2,0,0,0,8,42,1,0,21,16,2,3,5,3,0,0,127,2,20,11,6,139,21,132,1,3,0,3,14,80,6,0,0,107,34,0,25,1,3,3,9,20,0,15,1,0,4,4,8,44,0,3,12,341,217,34,6593,46,482,1767,958,55,68,69,92,383,6443,35,1541,3717,18672,3,679,11019,68,3,235,464,2789,23,4,1347,323,973,301,16,1820,702,1849,5976,36,331,178,4,6,35,59
0,0,0,0,0,0,0,0,0,0,0,0,0,0,0,1,0,0,0,0,0,0,0,0,0,0,0,0,0,0,0,0,0,0,0,0,0,0,0,0,0,0,0,0,0,0,0,0,0,0,0,0,1,0,0,0,23,538,968,8,11,24,11,12,17,564,59,407,14,1,1964,6,4,3,11381,0,0,1,0,6857,5,25,1,975,7,3,20,8,8570,2,19,0,1,0,3,3,0,0,3,2121
0,0,0,0,0,0,0,0,0,0,0,0,0,1,0,0,1,0,0,1,0,1,2,1,1,15,200,0,0,0,0,40,1,7,0,0,1,3,0,14,0,0,0,21,0,0,32,0,0,1,7,3,30,0,1,3,44,53,10,53,20,53,74,25,91,91,35,24,28,186,27,832,75,679,0,17822,1403,132,8,47,15075,339,23,4,7776,5683,26,44,24,12876,94,1161,20147,68,698,61,4,10,47,42
0,0,0,0,0,0,0,0,1,0,0,2,0,0,0,0,1,0,0,2,0,4,8,0,9,36,371,2,0,0,1,43,6,19,0,0,1,3,0,71,1,0,0,34,1,2,40,0,0,2,2,2,3,0,6,11,58,40,24,214,28,158,227,31,20,32,9,28,99,124,32,1432,1201,11019,0,1403,15535,184,2,37,1305,1415,8,2,669,782,934,198,12,1613,1317,5520,10268,49,734,477,2,5,23,61
0,0,0,0,0,0,0,0,1,0,0,0,0,0,0,0,0,0,0,2,0,0,0,0,1,0,16,15,0,0,0,1,0,2,0,0,1,1,0,81,0,0,0,0,0,0,2,0,0,0,2,2,2,0,0,0,13,7,3,12,5,20,24,6,24,14,2,7,4,14,9,2590,16,68,1,132,184,19218,277,12,73,63,11,0,16,8263,17,10,6,39,43,11682,216,15800,1442,20,14,38,7,19
0,0,0,8,0,0,1,0,0,0,0,0,0,1,0,6,1,0,0,0,0,2,0,0,0,0,0,0,0,0,0,0,0,0,4,0,1,0,3,0,0,0,2,0,0,0,0,4,1,0,708,704,218,84,108,123,3,2,1,8,311,54,4,2,5238,64,41,4,10,4,22,4157,2,3,0,8,2,277,76004,23,14,18,23356,1,8,35,89,82,33,8,50,6,4,392,8,190,10980,13588,1342,101
1,1,0,9,0,0,1,27,44,53,4,20,12,8,5,100,42,44,49,5,68,27,1,20,6,1,1,0,1,7,91,1,5,0,8,34,9,1,16,0,21,10,16,0,1,0,0,8,0,9,23,25,394,2,4,41,1050,3049,4579,1683,778,752,606,1273,958,12580,12718,6493,1831,673,1761,539,560,235,6857,47,37,12,23,16145,54,826,121,7244,241,43,1657,915,8469,161,436,12,65,12,72,27,13,149,445,661
0,0,0,0,0,0,0,1,1,0,0,2,0,0,0,2,0,0,0,0,0,2,1,0,0,18,86,0,0,0,0,19,3,8,0,1,0,0,0,8,0,0,0,7,0,3,18,0,0,0,3,6,39,0,0,8,77,47,39,57,87,64,109,63,351,238,50,45,41,196,97,508,55,464,5,15075,1305,73,14,54,18649,7944,125,15,4079,17801,38,38,82,2595,105,329,2266,79,11799,73,5,28,235,249
0,0,0,2,0,1,0,0,4,0,0,3,1,0,0,1,2,0,0,28,1,5,2,1,29,19,83,1,0,0,0,20,22,6,0,0,19,8,0,2,0,0,0,17,5,1,10,0,1,0,24,13,128,1,2,49,5053,268,230,660,167,648,8511,28523,763,776,208,1181,238,4687,335,7265,245,2789,25,339,1415,63,18,826,7944,26793,207,24,5280,469,246,191,207,1839,145,48,1335,139,11322,155,8,32,344,431
1,2,0,2,0,0,0,0,1,4,0,1,0,4,0,10,0,0,3,0,1,4,0,2,0,0,0,0,0,0,2,0,0,0,0,1,2,0,3,0,1,1,4,1,0,0,0,1,1,1,294,583,471,64,19,257,23,4,4,12,469,272,68,32,12139,3501,175,10,70,28,178,1044,15,23,1,23,8,11,23356,121,125,207,31079,7,75,41,464,254,929,38,287,6,30,32,33,213,1171,7159,37674,2872
0,0,0,1,0,0,0,0,0,0,0,0,0,0,0,0,0,0,0,0,0,0,0,0,0,0,0,0,0,0,1,0,0,0,1,1,0,0,0,0,0,1,0,0,0,0,0,1,0,0,0,0,18,0,1,3,12,6,0,4,6,4,8,8,125,3129,7309,3,38,30,10,6,0,4,975,4,2,0,1,7244,15,24,7,2194,18,0,14,56,116,39,10,0,3,0,1,35,0,3,23,9
0,0,0,1,0,0,0,3,6,1,0,4,1,0,0,0,1,1,0,28,2,5,1,3,47,14,72,0,0,1,2,8,38,2,1,2,0,21,0,0,1,0,0,11,6,0,16,0,0,1,10,8,69,0,2,12,1349,229,131,148,37,95,320,739,439,422,153,217,95,6041,31,369,106,1347,7,7776,669,16,8,241,4079,5280,75,18,16002,206,39,68,76,14778,77,21,537,15,230,91,4,24,125,103
0,0,0,0,0,0,0,0,0,0,0,0,0,0,0,0,0,0,0,0,0,0,1,0,2,4,45,0,0,0,0,14,0,5,0,0,0,1,0,15,0,0,0,7,0,0,7,0,0,0,1,0,8,0,2,4,45,29,13,40,31,42,74,35,110,69,12,33,18,68,46,4325,70,323,3,5683,782,8263,35,43,17801,469,41,0,206,41610,44,22,19,669,179,8176,4726,10565,7137,94,5,17,74,95
0,3,1,18,0,1,1,86,54,25,1,2,18,5,12,92,23,14,11,6,22,14,2,23,2,2,6,0,3,19,30,1,4,0,40,59,222,1,84,15,11,15,21,0,0,1,0,21,1,10,44,46,205,8,18,99,1612,2494,874,7410,756,646,436,674,552,592,437,1080,2564,248,444,330,5350,973,20,26,934,17,89,1657,38,246,464,14,39,44,2238,2693,237,45,3961,270,104,8,13,755,19,192,1159,1077
0,4,1,7,0,0,3,3,3,15,3,1,0,12,2,32,3,1,7,0,6,5,2,3,3,0,2,0,3,7,13,0,3,0,15,3,1,1,9,0,8,2,5,1,0,1,0,19,1,5,409,360,1306,239,943,7300,15,22,20,392,369,103,117,36,471,553,1809,35,8095,144,95,252,9392,301,8,44,198,10,82,915,38,191,254,56,68,22,2693,24774,117,144,16561,73,155,6,22,3327,82,206,815,485
0,0,0,1,0,0,0,0,0,1,1,0,0,0,0,2,1,1,0,0,2,3,0,0,0,0,0,0,0,0,1,0,0,0,1,1,1,0,2,0,1,0,0,0,0,0,0,1,0,0,4,2,19,1,1,14,51,9,3,14,53,157,95,70,656,8155,207,13,70,32,2044,82,17,16,8570,24,12,6,33,8469,82,207,929,116,76,19,237,117,14926,42,156,2,30,4,24,53,6,26,1086,2592
0,1,0,1,0,0,0,1,2,0,1,5,1,1,1,1,0,0,0,11,3,4,5,0,17,28,129,0,0,0,0,36,18,7,0,0,2,10,1,3,0,1,0,24,4,1,30,0,0,2,27,23,133,0,5,38,114,262,56,200,50,205,572,127,169,219,171,60,141,6336,52,1430,115,1820,2,12876,1613,39,8,161,2595,1839,38,39,14778,669,45,144,42,31929,63,110,16472,65,599,77,8,22,80,52
0,1,0,2,0,0,0,0,2,2,0,0,0,1,3,7,1,0,4,2,3,3,0,1,0,1,7,0,1,2,3,1,0,0,4,4,2,0,1,26,6,0,0,0,0,0,2,2,0,4,141,73,181,874,825,3752,6,5,40,237,420,77,69,15,368,426,138,46,909,29,222,276,1024,702,19,94,1317,43,50,436,105,145,287,10,77,179,3961,16561,156,63,18464,1072,388,7,74,11703,19,112,752,679
0,0,0,0,0,0,0,0,1,0,0,0,0,0,0,0,0,0,0,0,0,0,2,0,2,3,113,5,0,0,1,13,0,14,0,0,0,0,0,228,0,0,0,5,1,0,10,0,0,0,2,0,4,0,4,0,8,6,3,42,10,20,16,4,16,10,5,8,38,11,8,606,481,1849,0,1161,5520,11682,6,12,329,48,6,0,21,8176,270,73,2,110,1072,23575,6310,721,504,423,2,4,14,17
0,0,0,0,0,0,0,0,2,4,0,0,2,0,1,1,2,0,0,7,3,2,5,0,4,33,350,1,0,1,0,56,4,23,0,0,6,3,0,25,0,0,0,28,1,1,51,0,0,0,2,6,39,3,1,16,76,84,35,134,66,185,449,84,61,86,28,44,110,358,63,1998,376,5976,1,20147,10268,216,4,65,2266,1335,30,3,537,4726,104,155,30,16472,388,6310,37056,135,1222,284,4,7,54,91
0,0,0,0,0,0,0,0,0,0,0,0,0,0,0,0,0,0,0,0,0,0,0,0,0,1,4,0,0,0,0,2,0,0,0,0,0,0,0,2,0,0,0,1,0,0,1,0,0,0,1,7,8,0,1,2,31,15,3,19,10,161,57,8,23,19,2,13,3,26,20,13592,10,36,0,68,49,15800,392,12,79,139,32,0,15,10565,8,6,4,65,7,721,135,19586,14268,10,27,95,18,19
0,0,0,0,0,0,0,2,1,0,0,0,0,0,0,0,0,0,0,1,0,0,0,0,3,10,66,0,0,0,0,16,1,4,0,0,0,1,0,3,0,0,0,1,0,0,15,0,0,0,0,0,13,0,0,4,48,24,18,34,43,132,352,81,73,57,16,47,19,103,46,6011,43,331,3,698,734,1442,8,72,11799,11322,33,1,230,7137,13,22,24,599,74,504,1222,14268,31624,52,4,8,62,82
13,55,2,85,6,16,16,2,0,8,1,0,0,49,37,112,0,1,0,0,0,23,0,3,1,0,1,0,8,14,13,1,2,1,66,7,1,0,21,8,19,3,25,0,0,0,0,150,14,2,912,803,1239,417,4542,1233,3,5,2,25,144,30,47,7,623,432,798,4,11,28,14,251,90,178,3,61,477,20,190,27,73,155,213,35,91,94,755,3327,53,77,11703,423,284,10,52,10701,907,171,422,207
0,5,1,6,1,1,3,1,0,2,0,0,0,7,3,11,0,1,0,0,0,2,0,0,0,0,0,0,2,1,2,0,0,0,4,0,1,0,6,0,1,2,5,0,0,0,0,7,1,1,7364,954,509,236,6441,144,1,0,1,1,49,10,3,4,6228,18,42,1,4,2,1,194,0,4,0,4,2,14,10980,13,5,8,1171,0,4,5,19,82,6,8,19,2,4,27,4,907,32530,957,576,22
0,0,0,4,0,1,0,1,1,2,0,0,0,2,4,8,1,0,1,0,1,1,0,1,0,0,0,0,0,0,0,0,0,0,2,3,1,0,3,0,0,0,1,0,0,0,0,3,1,0,525,705,323,83,46,167,9,7,16,23,20852,444,13,5,1483,96,83,7,70,7,131,4769,9,6,0,10,5,38,13588,149,28,32,7159,3,24,17,192,206,26,22,112,4,7,95,8,171,957,41896,10358,378
0,0,0,5,0,0,0,7,5,12,0,3,0,4,1,17,11,2,5,0,10,12,0,1,0,0,5,0,1,2,17,1,0,0,7,9,1,0,9,0,5,0,4,1,0,0,1,8,1,2,264,729,839,68,29,515,23,12,15,59,34655,2372,182,37,2663,4724,397,27,230,64,890,3155,49,35,3,47,23,7,1342,445,235,344,37674,23,125,74,1159,815,1086,80,752,14,54,18,62,422,576,10358,38682,6548
0,0,0,3,0,0,0,7,4,13,0,3,2,1,1,13,9,7,9,1,7,1,0,5,1,0,5,0,0,2,13,0,1,0,1,1,0,0,8,0,4,2,1,0,0,0,1,2,0,0,26,38,158,10,14,88,16,13,15,62,10679,3240,471,138,821,9973,163,46,232,34,10287,995,60,59,2121,42,61,19,101,661,249,431,2872,9,103,95,1077,485,2592,52,679,17,91,19,82,207,22,378,6548,8684
