7917,4783,6373,1804,10159,1991,126,0,0,16,2,0,0,6003,472,46,0,1,0,0,0,6,0,0,0,0,0,0,7,136,13,0,0,0,8,2,1,0,21,0,4,158,3,0,0,0,0,9,182,101,0,0,0,5,0,0,0,0,0,0,0,0,0,0,0,0,0,0,0,0,0,0,0,0,0,0,0,0,0,0,0,0,0,0,0,0,0,0,0,0,0,0,0,0,0,0,0,0,0,0
4783,5663,6249,6159,735,1233,1040,0,0,17,3,0,0,1550,625,20,0,1,0,0,0,2,0,0,0,0,0,0,5,31,8,0,0,0,4,0,2,0,4,0,0,50,1,0,0,0,0,5,21,22,0,0,0,0,0,0,0,0,0,0,0,0,0,0,0,0,0,0,0,0,0,0,0,0,0,0,0,0,0,0,0,0,0,0,0,0,0,0,0,0,0,0,0,0,0,0,0,0,0,0
6373,6249,14580,3138,3474,2918,3420,0,0,5,1,0,0,146,80,6,0,1,0,0,0,1,0,0,0,0,0,0,1,4,4,0,0,0,1,0,0,0,2,0,0,14,0,0,0,0,0,3,11,4,1,10,9,366,11,56,0,0,0,0,1,0,0,0,3,0,0,0,0,0,0,0,0,0,0,0,0,0,0,0,0,0,0,0,0,0,0,2,0,0,0,0,0,0,0,0,1,0,0,0
1804,6159,3138,38023,1384,4915,17942,0,6,868,106,6,0,2317,14128,9407,3,1,0,0,22,87,2,18,0,0,1,0,36,141,767,1,1,0,277,54,36,0,467,0,14,220,1888,0,0,1,0,206,72,236,0,0,0,2,0,0,0,0,0,0,0,0,0,0,0,0,0,0,0,0,0,0,0,0,0,0,0,0,0,0,0,0,0,0,0,0,2,0,0,0,0,0,0,0,0,0,0,0,0,0
10159,735,3474,1384,30040,29915,215,0,1,54,7,1,0,10223,797,65,0,2,0,0,0,61,0,3,0,0,0,0,70,534,29,0,0,0,12,5,42,0,129,0,36,770,6,0,0,0,0,471,3086,313,0,0,0,2,0,0,0,0,0,0,0,0,0,0,0,0,0,0,1,0,0,0,0,0,0,0,0,0,0,0,0,0,0,0,0,0,0,0,0,0,0,0,0,0,0,0,0,0,0,0
1991,1233,2918,4915,29915,25037,9123,0,1,456,49,0,0,734,1309,393,0,3,0,1,0,140,0,13,0,0,2,0,48,95,91,0,0,0,68,79,175,0,1639,0,15,165,34,0,0,0,0,3397,1346,86,0,0,0,463,2,2,0,0,0,0,1,0,0,0,0,1,3,0,1,0,0,0,0,0,0,0,0,0,0,0,0,0,0,0,0,0,18,7,0,0,11,0,0,0,0,7,0,0,0,0
126,1040,3420,17942,215,9123,11839,0,5,781,62,2,1,347,1012,9623,2,0,1,1,0,77,1,23,0,0,0,0,31,65,46,0,1,0,1458,55,20,0,2165,0,10,109,6,0,0,0,1,302,17,74,0,0,0,33,0,0,0,0,0,0,0,0,0,0,0,0,0,0,0,0,0,0,0,0,0,0,0,0,0,0,0,0,0,0,0,0,2,0,1,0,1,0,0,0,0,0,0,0,0,1
0,0,0,0,0,0,0,42487,6469,251,601,478,2981,1,5,43,750,16657,143,12620,469,338,172,1127,66,30,161,5,1,0,2636,18,4844,2,2,5,979,618,5,7,0,27,24,64,1922,20,7,0,0,36,0,0,0,0,0,0,5,6,0,2,3,5,0,0,0,0,0,3,0,10,2,1,5,5,0,0,1,0,0,2,0,1,0,0,0,0,9,2,0,0,0,0,0,0,1,1,0,0,0,0
0,0,0,6,1,1,5,6469,58107,120,2066,589,875,1,11,615,288,1353,4659,11948,100,222,157,11500,14983,53,2556,13,1,0,944,47,960,10,7,65,3746,729,212,55,0,5,3,692,202,15,8,3,0,22,0,0,0,0,0,0,5,10,4,320,17,13,0,2,0,1,4,7,27,15,1,2,28,28,0,0,3,0,0,6,1,0,0,0,0,0,34,1,0,4,4,0,2,0,0,1,0,0,1,1
16,17,5,868,54,456,781,251,120,39163,694,979,82,469,1450,5248,165,1045,22,11,4277,3823,6,526,0,4,13,1,332,276,1837,2,41,0,508,306,446,5,1524,1,22072,22213,3065,2,4,1,1,293,74,7788,0,0,0,1,0,0,2,7,3,4,19,10,0,1,0,2,3,5,1,1,0,0,5,1,0,0,0,0,0,21,0,1,0,0,0,0,23,2,1,0,9,0,0,0,0,3,0,0,1,3
2,3,1,106,7,49,62,601,2066,694,3382,3565,6338,53,318,1659,1470,1934,157,417,101,4297,2243,2627,14,45,209,29,41,25,2792,275,2337,17,178,292,1433,52,1302,30,7,80,97,70,6,57,83,102,10,161,1,0,0,0,0,0,0,16,10,14,53,24,0,1,0,0,5,13,3,15,4,2,16,7,0,1,1,0,0,32,1,0,0,0,0,0,60,2,1,2,12,0,0,0,0,2,0,0,5,9
0,0,0,6,1,0,2,478,589,979,3565,24727,21004,0,18,102,6990,1738,38,205,3839,521,4474,773,4,27,61,8,2,0,894,192,12932,3,4,24,335,43,103,5,75,15,66,22,6,28,52,8,1,33,0,0,1,0,0,0,0,4,3,2,7,1,0,0,1,0,0,0,0,2,2,1,3,0,0,0,0,1,0,2,0,0,0,0,0,0,6,1,0,0,1,0,0,0,0,0,0,0,0,1
0,0,0,0,0,0,1,2981,875,82,6338,21004,23590,1,6,39,11854,4088,6,3090,571,941,5443,465,34,19,115,12,1,0,61,253,26615,4,0,3,776,44,20,6,0,2,4,19,27,65,28,1,0,1,0,0,0,0,0,0,0,0,0,0,2,3,0,0,0,0,0,0,0,4,0,0,0,3,0,0,1,0,0,0,0,1,0,0,0,0,5,0,0,0,0,0,0,0,0,0,0,0,0,0
6003,1550,146,2317,10223,734,347,1,1,469,53,0,1,34484,11968,165,0,6,0,1,9,432,0,7,0,0,0,0,689,12172,85,0,0,0,34,13,14,0,102,0,407,4754,18,0,0,0,0,79,20615,4295,0,0,0,0,0,0,0,0,0,0,1,0,0,0,0,0,0,0,0,0,0,0,0,0,0,0,0,0,0,0,0,0,0,0,0,0,0,0,0,0,2,0,0,0,0,0,0,0,0,0
472,625,80,14128,797,1309,1012,5,11,1450,318,18,6,11968,9229,6778,5,23,2,0,82,246,3,59,0,0,5,0,171,808,2070,0,1,0,128,185,134,0,1095,0,79,1589,7560,0,0,1,1,313,304,9429,0,0,0,3,1,0,0,0,0,0,1,0,0,0,0,0,0,1,0,1,0,0,0,0,0,0,0,0,0,2,0,0,0,1,0,0,7,2,0,0,1,0,0,0,0,3,0,0,0,0
46,20,6,9407,65,393,9623,43,615,5248,1659,102,39,165,6778,23364,18,94,9992,39,258,105,11,2051,13,1,32,0,36,31,8465,5,24,0,4437,16282,1112,18,12418,1,19,216,11010,8,2,0,3,1122,16,1054,0,0,2,0,4,3,0,0,0,3,32,4,0,0,2,2,41,1,19,0,1,0,13,0,0,0,0,0,1,96,0,0,0,1,0,0,140,64,4,0,82,0,0,0,0,12,0,1,3,9
0,0,0,3,0,0,2,750,288,165,1470,6990,11854,0,5,18,10194,4651,32,27,17907,43,302,635,1,16,44,5,1,0,3191,27,647,0,3,10,128,14,54,1,0,14,202,6,7,2,6,2,0,25,0,0,1,0,0,0,0,2,0,0,1,2,0,0,0,0,1,1,0,0,0,0,0,0,0,0,0,0,1,2,0,0,0,0,0,0,4,1,0,0,0,0,0,0,0,0,0,0,0,0
1,1,1,1,2,3,0,16657,1353,1045,1934,1738,4088,6,23,94,4651,1937,210,373,5644,72,97,1723,8,44,132,0,10,4,2756,13,134,1,2,21,602,685,88,4,7,224,742,50,233,1,7,8,3,435,0,0,0,0,0,0,0,7,0,10,13,15,0,0,0,0,1,3,2,8,1,1,8,1,0,0,3,0,0,12,0,1,0,0,0,0,22,2,0,0,1,0,0,0,0,0,0,0,1,2
0,0,0,0,0,0,1,143,4659,22,157,38,6,0,2,9992,32,210,6795,33,11,12,4,1870,4,1,5,0,0,0,1325,1,1,0,0,725,205,22,45,0,0,0,1,2,6,0,0,3,0,3,0,0,0,0,1,0,0,0,0,0,4,0,0,0,0,0,6,0,117,0,0,0,2,0,0,1,0,0,0,11,0,0,0,0,0,0,4,3,0,0,4,0,0,0,0,1,0,0,0,0
0,0,0,0,0,1,1,12620,11948,11,417,205,3090,1,0,39,27,373,33,26494,3,601,880,707,8855,27,3906,27,3,0,241,68,10734,6,2,5,2531,4726,4,17,0,0,1,1460,11830,56,14,2,1,3,0,0,0,0,0,0,2,9,0,2,6,4,0,0,0,0,0,4,0,5,0,0,2,4,0,0,1,0,0,4,0,0,0,0,1,0,8,0,0,0,0,0,0,0,0,1,0,0,0,0
0,0,0,22,0,0,0,469,100,4277,101,3839,571,9,82,258,17907,5644,11,3,25569,31,14,324,0,4,11,0,14,4,14828,1,79,0,1,13,78,10,35,0,10,390,16175,1,4,0,0,0,1,1648,0,0,0,0,0,0,0,0,2,1,1,1,0,0,0,0,0,0,0,1,0,0,3,0,0,0,0,0,0,1,0,0,0,0,0,0,1,0,0,0,2,0,0,0,0,0,0,0,0,0
6,2,1,87,61,140,77,338,222,3823,4297,521,941,432,246,105,43,72,12,601,31,19675,3737,290,24,63,175,1500,8112,1674,136,129,692,258,34,19,124,153,80,467,23387,2234,49,127,10,3254,149,59,381,584,0,0,0,0,0,0,1,2,0,0,3,3,0,0,0,0,0,0,0,0,0,1,0,0,0,0,0,4,0,2,8,0,0,0,0,1,2,1,0,1,1,1,1,1,5,0,0,0,0,0
0,0,0,2,0,0,1,172,157,6,2243,4474,5443,0,3,11,302,97,4,880,14,3737,9629,101,137,1455,3600,1840,28,0,23,6115,21211,439,5,1,60,2153,7,567,0,0,0,2452,119,4695,5522,2,0,2,0,0,0,0,0,0,0,2,0,0,0,1,0,1,0,0,0,0,0,1,0,19,1,5,0,18,13,4,0,0,47,6,0,0,1,11,0,0,0,35,0,3,18,3,39,0,0,0,0,0
0,0,0,18,3,13,23,1127,11500,526,2627,773,465,7,59,2051,635,1723,1870,707,324,290,101,6621,135,12,333,3,1,3,2111,14,156,3,34,10102,18213,156,8420,9,5,36,15,61,34,2,6,86,2,137,0,0,0,0,2,0,2,7,2,9,32,10,0,1,0,2,12,7,23,4,3,1,10,2,0,0,1,0,0,24,2,1,0,0,0,0,66,25,1,0,31,0,0,0,0,13,0,0,2,1
0,0,0,0,0,0,0,66,14983,0,14,4,34,0,0,13,1,8,4,8855,0,24,137,135,31269,19,10893,14,0,0,20,70,543,7,0,2,70,2277,0,17,0,0,0,1935,484,7,7,0,0,0,0,0,0,0,0,0,0,0,0,0,2,0,0,0,0,0,0,0,0,1,0,0,0,1,0,0,0,0,0,0,0,0,0,0,0,0,1,0,0,0,0,0,0,0,1,0,0,0,0,0
0,0,0,0,0,0,0,30,53,4,45,27,19,0,0,1,16,44,1,27,4,63,1455,12,19,23096,3265,158,0,0,8,21856,253,5509,0,1,10,1029,0,726,0,1,0,10912,3018,74,1919,0,0,0,0,0,0,0,0,0,0,0,0,0,0,0,0,0,0,0,0,0,0,0,0,0,0,0,0,6,3,2,0,0,13,2,0,0,0,3,0,0,0,7,0,1,7,3,4,0,0,0,0,0
0,0,0,1,0,2,0,161,2556,13,209,61,115,0,5,32,44,132,5,3906,11,175,3600,333,10893,3265,24364,335,5,0,97,2353,1945,406,2,6,581,8609,17,2666,0,2,2,17411,5647,188,844,1,0,8,0,0,0,0,0,0,1,7,1,5,1,12,1,1,0,0,0,3,0,11,0,30,3,6,0,16,37,6,0,1,50,16,0,0,2,3,13,1,0,63,0,5,11,3,51,0,0,0,1,0
0,0,0,0,0,0,0,5,13,1,29,8,12,0,0,0,5,0,0,27,0,1500,1840,3,14,158,335,62985,204,0,0,281,94,10126,0,0,3,85,1,27146,10,0,0,469,4,18357,1730,0,1,0,0,0,0,0,0,0,0,0,0,0,0,1,0,0,0,0,0,1,0,0,0,13,0,0,0,8,6,174,3,2,32,0,0,0,0,109,0,0,0,2,0,39,9,27,46,0,0,0,0,0
7,5,1,36,70,48,31,1,1,332,41,2,1,689,171,36,1,10,0,3,14,8112,28,1,0,0,5,204,79281,5615,25,2,6,16,11,3,4,2,20,47,30384,2672,21,4,0,596,5,14,6161,437,0,0,0,0,0,0,0,0,0,0,0,0,0,0,0,0,0,1,0,0,0,0,0,0,0,0,0,0,0,1,0,0,0,0,0,0,0,1,0,0,0,0,0,1,0,1,0,0,0,0
136,31,4,141,534,95,65,0,0,276,25,0,0,12172,808,31,0,4,0,0,4,1674,0,3,0,0,0,0,5615,34048,25,0,0,0,5,5,3,0,17,1,4144,13496,11,0,0,4,0,16,2445,2098,0,0,0,0,0,0,0,0,0,0,0,0,0,0,0,0,0,0,0,0,0,0,0,0,0,0,0,0,0,1,0,0,0,0,0,0,1,0,0,0,0,0,0,0,0,0,0,0,0,0
13,8,4,767,29,91,46,2636,944,1837,2792,894,61,85,2070,8465,3191,2756,1325,241,14828,136,23,2111,20,8,97,0,25,25,23001,6,35,1,113,1090,1887,243,2465,3,21,423,27386,63,45,3,3,216,7,1755,0,0,1,1,4,1,3,7,3,8,61,13,0,1,1,4,35,8,14,3,3,4,35,0,0,0,0,0,2,110,0,1,0,0,0,0,156,44,1,0,75,0,0,0,0,9,1,0,10,10
0,0,0,1,0,0,0,18,47,2,275,192,253,0,0,5,27,13,1,68,1,129,6115,14,70,21856,2353,281,2,0,6,27976,3193,7543,2,1,16,3214,3,1304,0,0,0,1800,4139,522,24890,1,0,1,0,0,0,0,0,0,1,0,0,0,1,1,0,0,0,0,0,0,0,0,0,14,0,0,0,18,6,5,0,0,51,4,0,0,0,11,2,0,0,13,0,0,15,1,32,0,0,0,0,0
0,0,0,1,0,0,1,4844,960,41,2337,12932,26615,0,1,24,647,134,1,10734,79,692,21211,156,543,253,1945,94,6,0,35,3193,21345,50,1,0,725,1381,8,59,0,3,0,264,3644,129,3504,1,0,2,0,0,0,0,0,0,1,3,0,3,1,3,0,1,0,0,1,0,0,6,0,0,1,2,0,1,5,0,0,0,0,3,0,0,0,0,6,0,0,1,0,0,0,0,0,0,0,0,2,2
0,0,0,0,0,0,0,2,10,0,17,3,4,0,0,0,0,1,0,6,0,258,439,3,7,5509,406,10126,16,0,1,7543,50,37908,0,0,0,44,1,11560,0,0,0,9133,4,1207,12869,0,0,0,0,0,0,0,0,0,0,0,0,0,0,1,0,0,0,0,0,0,0,1,0,22,0,2,0,20,5,28,0,0,60,9,0,0,2,81,0,0,0,5,0,8,21,23,79,0,0,0,0,0
8,4,1,277,12,68,1458,2,7,508,178,4,0,34,128,4437,3,2,0,2,1,34,5,34,0,0,2,0,11,5,113,2,1,0,3262,2063,55,0,9541,0,1,30,24,0,0,0,0,227,2,56,0,0,0,0,0,0,0,0,0,0,0,0,0,0,0,0,0,0,0,0,0,0,0,0,0,0,0,0,0,1,0,0,0,0,0,0,3,0,0,0,2,0,0,0,0,0,0,0,0,0
2,0,0,54,5,79,55,5,65,306,292,24,3,13,185,16282,10,21,725,5,13,19,1,10102,2,1,6,0,3,5,1090,1,0,0,2063,22001,415,2,8548,0,0,12,33,0,1,0,0,267,3,104,0,0,0,0,2,0,0,0,0,0,6,0,0,0,1,1,8,0,6,0,1,0,6,0,0,0,0,0,0,14,0,0,0,0,0,0,38,13,0,0,18,0,0,0,0,9,0,0,0,1
1,2,0,36,42,175,20,979,3746,446,1433,335,776,14,134,1112,128,602,205,2531,78,124,60,18213,70,10,581,3,4,3,1887,16,725,0,55,415,3473,51,8165,11,0,17,32,18,41,1,5,944,46,134,0,0,1,0,31,3,11,127,11,47,46,76,4,7,4,5,24,35,19,40,18,11,52,7,0,0,15,0,1,25,0,2,0,3,0,0,194,98,4,1,120,0,1,0,0,105,1,0,3,6
0,0,0,0,0,0,0,618,729,5,52,43,44,0,0,18,14,685,22,4726,10,153,2153,156,2277,1029,8609,85,2,0,243,3214,1381,44,0,2,51,12037,0,91,0,2,1,11867,16100,74,190,2,0,0,0,0,0,0,0,0,0,1,0,0,2,0,1,0,0,0,1,0,0,1,0,1,0,1,0,0,3,1,0,3,1,2,0,0,3,0,4,0,0,2,0,1,1,0,0,0,0,0,0,0
21,4,2,467,129,1639,2165,5,212,1524,1302,103,20,102,1095,12418,54,88,45,4,35,80,7,8420,0,0,17,1,20,17,2465,3,8,1,9541,8548,8165,0,33207,1,11,60,234,3,1,0,1,13592,106,394,0,0,3,0,13,0,0,2,1,0,22,4,0,0,2,3,30,1,23,2,0,1,2,1,0,0,0,0,0,28,0,0,0,0,0,0,146,87,3,0,97,0,0,0,0,70,1,0,1,4
0,0,0,0,0,0,0,7,55,1,30,5,6,0,0,1,1,4,0,17,0,467,567,9,17,726,2666,27146,47,1,3,1304,59,11560,0,0,11,91,1,36200,1,1,0,10762,8,1472,4483,0,0,0,0,0,0,0,0,0,0,2,0,0,0,1,1,0,0,0,0,1,0,6,2,64,0,0,0,64,20,116,0,0,182,16,0,0,2,296,1,0,1,12,0,79,75,72,231,0,0,0,0,0
4,0,0,14,36,15,10,0,0,22072,7,75,0,407,79,19,0,7,0,0,10,23387,0,5,0,0,0,10,30384,4144,21,0,0,0,1,0,0,0,11,1,57475,9231,19,0,0,10,0,5,694,225,0,0,0,0,0,0,0,0,0,0,0,0,0,0,0,0,0,0,0,0,0,0,0,0,0,0,0,0,0,0,0,0,0,0,0,0,0,0,0,0,0,0,0,0,0,0,0,0,0,0
158,50,14,220,770,165,109,27,5,22213,80,15,2,4754,1589,216,14,224,0,0,390,2234,0,36,0,1,2,0,2672,13496,423,0,3,0,30,12,17,2,60,1,9231,16467,654,0,0,2,0,39,1356,9288,0,0,0,0,0,0,0,0,0,1,1,0,0,0,0,0,0,0,0,0,0,0,0,0,0,0,0,0,0,0,0,0,0,0,0,0,1,0,0,0,0,0,0,0,0,0,0,0,0,0
3,1,0,1888,6,34,6,24,3,3065,97,66,4,18,7560,11010,202,742,1,1,16175,49,0,15,0,0,2,0,21,11,27386,0,0,0,24,33,32,1,234,0,19,654,63328,0,1,0,0,16,3,4704,0,0,0,0,0,0,0,0,0,0,0,0,0,0,0,0,0,0,0,0,0,0,0,0,0,0,0,0,0,1,0,0,0,0,0,0,2,0,0,0,1,0,0,0,0,0,0,0,0,0
0,0,0,0,0,0,0,64,692,2,70,22,19,0,0,8,6,50,2,1460,1,127,2452,61,1935,10912,17411,469,4,0,63,1800,264,9133,0,0,18,11867,3,10762,0,0,0,54593,106,600,1163,0,0,0,0,0,0,0,0,0,0,0,0,0,1,1,0,0,0,0,0,1,0,1,0,4,0,0,0,11,4,1,0,0,24,3,0,0,0,7,0,0,0,5,0,1,4,0,11,0,0,0,0,0
0,0,0,0,0,0,0,1922,202,4,6,6,27,0,0,2,7,233,6,11830,4,10,119,34,484,3018,5647,4,0,0,45,4139,3644,4,0,1,41,16100,1,8,0,0,1,106,15015,3,61,0,0,1,0,0,0,0,1,0,1,0,0,0,3,0,0,0,0,0,0,0,0,4,0,1,2,0,0,1,4,0,0,0,0,1,0,0,2,0,4,0,0,0,0,0,0,0,1,0,0,0,0,0
0,0,0,1,0,0,0,20,15,1,57,28,65,0,1,0,2,1,0,56,0,3254,4695,2,7,74,188,18357,596,4,3,522,129,1207,0,0,1,74,0,1472,10,2,0,600,3,18246,18608,0,4,0,0,0,0,0,0,0,0,0,0,0,0,0,0,0,0,0,0,0,0,0,0,2,0,0,0,3,1,7,0,0,8,1,0,0,0,13,1,0,0,3,0,4,3,4,10,0,0,0,0,0
0,0,0,0,0,0,1,7,8,1,83,52,28,0,1,3,6,7,0,14,0,149,5522,6,7,1919,844,1730,5,0,3,24890,3504,12869,0,0,5,190,1,4483,0,0,0,1163,61,18608,47302,0,0,0,0,0,0,0,0,0,1,1,0,0,0,1,0,1,0,0,0,0,0,0,1,31,0,2,0,45,14,32,0,0,143,11,0,0,2,122,0,0,0,6,0,19,28,28,122,0,0,1,0,0
9,5,3,206,471,3397,302,0,3,293,102,8,1,79,313,1122,2,8,3,2,0,59,2,86,0,0,1,0,14,16,216,1,1,0,227,267,944,2,13592,0,5,39,16,0,0,0,0,5755,630,48,0,0,0,0,5,0,0,0,0,0,4,0,0,0,0,4,7,0,11,0,0,1,2,0,0,0,0,0,0,5,0,0,0,1,0,0,70,42,1,0,58,0,0,0,0,20,0,0,0,1
182,21,11,72,3086,1346,17,0,0,74,10,1,0,20615,304,16,0,3,0,1,1,381,0,2,0,0,0,1,6161,2445,7,0,0,0,2,3,46,0,106,0,694,1356,3,0,0,4,0,630,11791,342,0,0,0,1,0,0,0,0,0,0,0,0,0,0,0,0,2,0,0,0,0,0,0,0,0,0,0,0,0,0,0,0,0,0,0,0,4,2,1,0,2,0,0,0,0,0,0,0,0,0
101,22,4,236,313,86,74,36,22,7788,161,33,1,4295,9429,1054,25,435,3,3,1648,584,2,137,0,0,8,0,437,2098,1755,1,2,0,56,104,134,0,394,0,225,9288,4704,0,1,0,0,48,342,14263,0,0,0,0,0,0,0,1,0,2,9,1,0,0,0,0,2,0,0,0,0,0,4,0,0,0,0,0,0,9,0,0,0,0,0,0,11,4,0,0,3,0,0,0,0,1,0,0,0,1
0,0,1,0,0,0,0,0,0,0,1,0,0,0,0,0,0,0,0,0,0,0,0,0,0,0,0,0,0,0,0,0,0,0,0,0,0,0,0,0,0,0,0,0,0,0,0,0,0,0,35911,17461,3488,11728,15066,408,0,0,0,3,328,11,0,0,28994,1586,135,2,2,0,3,34,5,0,1,0,0,0,276,36,0,0,731,60,1,0,13,210,54,0,33,1,0,0,0,174,9437,26,2341,1038
0,0,10,0,0,0,0,0,0,0,0,0,0,0,0,0,0,0,0,0,0,0,0,0,0,0,0,0,0,0,0,0,0,0,0,0,0,0,0,0,0,0,0,0,0,0,0,0,0,0,17461,45020,6294,18740,589,3611,0,0,0,0,84,1,0,0,10620,271,39,1,1,0,0,8,1,0,0,0,0,0,15,8,0,0,36,7,0,0,3,54,5,0,16,0,0,0,0,25,112,2,106,44
0,0,9,0,0,0,0,0,0,0,0,1,0,0,0,2,1,0,0,0,0,0,0,0,0,0,0,0,0,0,1,0,0,0,0,0,1,0,3,0,0,0,0,0,0,0,0,0,0,0,3488,6294,21430,5506,3516,4212,0,0,0,2,872,11,0,0,11866,4962,3423,6,12,0,6,26,8,0,0,0,1,0,84,126,0,0,177,854,0,0,22,1156,187,0,204,0,0,0,0,289,392,27,465,370
5,0,366,2,2,463,33,0,0,1,0,0,0,0,3,0,0,0,0,0,0,0,0,0,0,0,0,0,0,0,1,0,0,0,0,0,0,0,0,0,0,0,0,0,0,0,0,0,1,0,11728,18740,5506,48306,20928,11749,0,0,0,4,609,10,0,0,4262,798,244,3,8,0,4,31,5,1,0,0,0,0,71,37,0,0,131,45,0,0,10,361,54,0,164,0,0,0,0,230,331,9,380,240
0,0,11,0,0,2,0,0,0,0,0,0,0,0,1,4,0,0,1,0,0,0,0,2,0,0,0,0,0,0,4,0,0,0,0,2,31,0,13,0,0,0,0,0,1,0,0,5,0,0,15066,589,3516,20928,29681,6001,1,5,1,4,944,25,0,0,3778,1814,575,10,16,0,10,36,21,2,5,0,2,1,127,149,0,0,197,138,1,0,378,2443,223,0,3385,0,1,0,0,4284,8037,37,543,441
0,0,56,0,0,2,0,0,0,0,0,0,0,0,0,3,0,0,0,0,0,0,0,0,0,0,0,0,0,0,1,0,0,0,0,0,3,0,0,0,0,0,0,0,0,0,0,0,0,0,408,3611,4212,11749,6001,30313,0,0,0,5,1025,10,0,0,570,305,1233,3,9,1,4,27,12,3,2,0,0,0,37,105,0,1,34,195,0,0,13,2805,36,0,209,0,0,0,0,102,73,14,230,147
0,0,0,0,0,0,0,5,5,2,0,0,0,0,0,0,0,0,0,2,0,1,0,2,0,0,1,0,0,0,3,1,1,0,0,0,11,0,0,0,0,0,0,0,1,0,1,0,0,0,0,0,0,0,1,0,2869,4296,3,314,15,3338,1080,2488,0,0,4,3967,1,4250,914,1112,225,210,20,1,94,6,0,23,13,6593,0,0,562,27,162,1,3,52,4,8,26,25,69,1,0,0,0,3
0,0,0,0,0,0,0,6,10,7,16,4,0,0,0,0,2,7,0,9,0,2,2,7,0,0,7,0,0,0,7,0,3,0,0,0,127,1,2,2,0,0,0,0,0,0,1,0,0,1,0,0,0,0,5,0,4296,22912,9843,6767,71,1561,278,973,2,5,90,9799,338,10911,722,314,1131,161,28,27,177,3,1,385,42,1031,0,3,2278,27,918,15,13,387,39,14,101,17,37,10,1,0,8,33
0,0,0,0,0,0,0,0,4,3,10,3,0,0,0,0,0,0,0,0,2,0,0,2,0,0,1,0,0,0,3,0,0,0,0,0,11,0,1,0,0,0,0,0,0,0,0,0,0,0,0,0,0,0,1,0,3,9843,3477,3420,72,147,14,5,0,0,349,113,2043,222,22,18,559,10,128,25,27,0,0,897,6,8,0,0,65,2,197,19,0,411,19,0,33,1,3,5,0,0,1,3
0,0,0,0,0,0,0,2,320,4,14,2,0,0,0,3,0,10,0,2,1,0,0,9,0,0,5,0,0,0,8,0,3,0,0,0,47,0,0,0,0,1,0,0,0,0,0,0,0,2,3,0,2,4,4,5,314,6767,3420,49803,503,1738,168,191,3,11,876,739,1203,6558,278,354,9804,13838,6,6,675,5,5,1699,17,262,3,4,135,10,1355,233,7,597,202,20,484,10,15,9,3,2,40,69
0,0,1,0,0,1,0,3,17,19,53,7,2,1,1,32,1,13,4,6,1,3,0,32,2,0,1,0,0,0,61,1,1,0,0,6,46,2,22,0,0,1,0,1,3,0,0,4,0,9,328,84,872,609,944,1025,15,71,72,503,36974,582,958,93,736,1727,776,1083,274,28,3363,771,951,45,1364,2,100,4,673,5171,1,36,648,755,46,8,1003,3525,1338,47,2268,6,17,4,8,1203,832,30518,44498,18285
0,0,0,0,0,0,0,5,13,10,24,1,3,0,0,4,2,15,0,4,1,3,1,10,0,0,12,1,0,0,13,1,3,1,0,0,76,0,4,1,0,0,0,1,0,0,1,0,0,1,11,1,11,10,25,10,3338,1561,147,1738,582,8451,5989,7163,37,49,123,5259,99,1034,4534,7088,1432,228,160,13,257,49,35,1889,55,3248,24,21,126,84,775,148,63,261,270,36,130,90,164,61,54,8,78,97
0,0,0,0,0,0,0,0,0,0,0,0,0,0,0,0,0,0,0,0,0,0,0,0,0,0,1,0,0,0,0,0,0,0,0,0,4,1,0,1,0,0,0,0,0,0,0,0,0,0,0,0,0,0,0,0,1080,278,14,168,958,5989,18689,20143,0,0,6,4523,5,126,4755,5855,109,84,27,6,49,5,0,37,18,13016,0,0,14,50,47,1,2,74,5,14,57,32,227,1,0,0,0,3
0,0,0,0,0,0,0,0,2,1,1,0,0,0,0,0,0,0,0,0,0,0,1,1,0,0,1,0,0,0,1,0,1,0,0,0,7,0,0,0,0,0,0,0,0,0,1,0,0,0,0,0,0,0,0,0,2488,973,5,191,93,7163,20143,5635,0,1,1,12578,2,436,2519,2866,162,164,87,7,90,10,1,61,12,8541,0,1,64,46,59,2,17,58,4,10,50,35,97,3,0,0,0,11
0,0,3,0,0,0,0,0,0,0,0,1,0,0,0,2,0,0,0,0,0,0,0,0,0,0,0,0,0,0,1,0,0,0,0,1,4,0,2,0,0,0,0,0,0,0,0,0,0,0,28994,10620,11866,4262,3778,570,0,2,0,3,736,37,0,0,48246,12982,339,1,10,0,11,102,11,1,3,0,0,0,1178,101,0,0,8054,122,1,0,28,367,207,0,137,0,0,0,0,516,14891,73,5253,1148
0,0,0,0,0,1,0,0,1,2,0,0,0,0,0,2,0,0,0,0,0,0,0,2,0,0,0,0,0,0,4,0,0,0,0,1,5,0,3,0,0,0,0,0,0,0,0,4,0,0,1586,271,4962,798,1814,305,0,5,0,11,1727,49,0,1,12982,31777,4533,34,35,2,112,116,32,4,30,0,2,0,357,595,0,0,2120,4278,5,1,81,1068,8242,0,458,0,0,0,0,725,856,82,3594,3633
0,0,0,0,0,3,0,0,4,3,5,0,0,0,0,41,1,1,6,0,0,0,0,12,0,0,0,0,0,0,35,0,1,0,0,8,24,1,30,0,0,0,0,0,0,0,0,7,2,2,135,39,3423,244,575,1233,4,90,349,876,776,123,6,1,339,4533,43027,46,8562,11,20,23,1868,19,311,0,7,0,39,9561,0,3,39,15232,1,0,211,12404,279,8,962,0,1,0,0,251,58,22,156,193
0,0,0,0,0,0,0,3,7,5,13,0,0,0,1,1,1,3,0,4,0,0,0,7,0,0,3,1,1,0,8,0,0,0,0,0,35,0,1,1,0,0,0,1,0,0,0,0,0,0,2,1,6,3,10,3,3967,9799,113,739,1083,5259,4523,12578,1,34,46,3524,63,286,13589,814,1084,85,1181,20,237,6,2,1223,63,497,0,75,367,42,516,80,507,580,102,27,151,17,63,32,3,1,123,820
0,0,0,0,1,1,0,0,27,1,3,0,0,0,0,19,0,2,117,0,0,0,0,23,0,0,0,0,0,0,14,0,0,0,0,6,19,0,23,0,0,0,0,0,0,0,0,11,0,0,2,1,12,8,16,9,1,338,2043,1203,274,99,5,2,10,35,8562,63,13686,8,9,5,2262,8,0,0,2,0,6,2847,0,1,3,5,2,0,209,7373,14,4,947,0,2,0,0,104,4,0,21,20
0,0,0,0,0,0,0,10,15,1,15,2,4,0,1,0,0,8,0,5,1,0,1,4,1,0,11,0,0,0,3,0,6,1,0,0,40,1,2,6,0,0,0,1,4,0,0,0,0,0,0,0,0,0,0,1,4250,10911,222,6558,28,1034,126,436,0,2,11,286,8,34319,78,1328,2147,13444,1,108,1784,29,3,151,32,7288,0,1,10731,89,649,13,2,2464,21,55,470,55,90,3,1,0,3,9
0,0,0,0,0,0,0,2,1,0,4,2,0,0,0,1,0,1,0,0,0,0,0,3,0,0,0,0,0,0,3,0,0,0,0,1,18,0,0,2,0,0,0,0,0,0,1,0,0,0,3,0,6,4,10,4,914,722,22,278,3363,4534,4755,2519,11,112,20,13589,9,78,21585,590,330,37,18845,10,102,4,2,11079,29,362,1,185,82,35,142,54,3306,142,51,16,64,11,40,29,3,2,130,11369
0,0,0,0,0,0,0,1,2,0,2,1,0,0,0,0,0,1,0,0,0,1,19,1,0,0,30,13,0,0,4,14,0,22,0,0,11,1,1,64,0,0,0,4,1,2,31,1,0,0,34,8,26,31,36,27,1112,314,18,354,771,7088,5855,2866,102,116,23,814,5,1328,590,33049,209,487,21,298,997,4059,6384,141,385,18096,626,25,373,1717,123,91,24,1472,57,888,1440,8947,8626,56,912,2380,1114,94
0,0,0,0,0,0,0,5,28,5,16,3,0,0,0,13,0,8,2,2,3,0,1,10,0,0,3,0,0,0,35,0,1,0,0,6,52,0,2,0,0,0,0,0,2,0,0,2,0,4,5,1,8,5,21,12,225,1131,559,9804,951,1432,109,162,11,32,1868,1084,2262,2147,330,209,5318,951,16,6,584,7,14,1767,3,130,10,10,60,12,10451,3061,39,79,2138,17,39,4,9,46,5,3,92,168
0,0,0,0,0,0,0,5,28,1,7,0,3,0,0,0,0,1,0,4,0,0,5,2,1,0,6,0,0,0,0,0,2,2,0,0,7,1,1,0,0,0,0,0,0,0,2,0,0,0,0,0,0,1,2,3,210,161,10,13838,45,228,84,164,1,4,19,85,8,13444,37,487,951,35389,1,27,11512,29,1,54,39,1640,0,1,2343,112,264,18,5,3506,18,218,5176,31,58,4,1,1,5,10
0,0,0,0,0,0,0,0,0,0,0,0,0,0,0,0,0,0,0,0,0,0,0,0,0,0,0,0,0,0,0,0,0,0,0,0,0,0,0,0,0,0,0,0,0,0,0,0,0,0,1,0,0,0,5,2,20,28,128,6,1364,160,27,87,3,30,311,1181,0,1,18845,21,16,1,26507,0,1,0,0,13984,1,6,0,1441,6,1,6,6,18019,15,4,0,5,0,4,5,1,1,52,6635
0,0,0,0,0,0,0,0,0,0,1,0,0,0,0,0,0,0,1,0,0,0,18,0,0,6,16,8,0,0,0,18,1,20,0,0,0,0,0,64,0,0,0,11,1,3,45,0,0,0,0,0,0,0,0,0,1,27,25,6,2,13,6,7,0,0,0,20,0,108,10,298,6,27,0,18399,580,22,0,9,3738,466,0,1,5932,2973,1,0,1,11443,0,692,11519,45,419,0,0,0,1,2
0,0,0,0,0,0,0,1,3,0,1,0,1,0,0,0,0,3,0,1,0,0,13,1,0,3,37,6,0,0,0,6,5,5,0,0,15,3,0,20,0,0,0,4,4,1,14,0,0,0,0,0,1,0,2,0,94,177,27,675,100,257,49,90,0,2,7,237,2,1784,102,997,584,11512,1,580,23529,250,4,41,845,1979,1,4,2475,770,159,26,9,6538,31,3827,16699,55,942,7,2,1,11,26
0,0,0,0,0,0,0,0,0,0,0,1,0,0,0,0,0,0,0,0,0,4,4,0,0,2,6,174,0,0,0,5,0,28,0,0,0,1,0,116,0,0,0,1,0,7,32,0,0,0,0,0,0,0,1,0,6,3,0,5,4,49,5,10,0,0,0,6,0,29,4,4059,7,29,0,22,250,55378,681,0,33,45,16,0,10,5489,2,0,0,41,0,27219,384,12038,148,0,6,157,7,0
0,0,0,0,0,0,0,0,0,0,0,0,0,0,0,1,1,0,0,0,0,0,0,0,0,0,0,3,0,0,2,0,0,0,0,0,1,0,0,0,0,0,0,0,0,0,0,0,0,0,276,15,84,71,127,37,0,1,0,5,673,35,0,1,1178,357,39,2,6,3,2,6384,14,1,0,0,4,681,110751,63,0,1,30474,56,1,5,12,107,61,0,50,86,0,356,0,66,11449,26911,10071,278
0,0,0,0,0,0,0,2,6,21,32,2,0,0,2,96,2,12,11,4,1,2,0,24,0,0,1,2,1,1,110,0,0,0,1,14,25,3,28,0,0,0,1,0,0,0,0,5,0,9,36,8,126,37,149,105,23,385,897,1699,5171,1889,37,61,101,595,9561,1223,2847,151,11079,141,1767,54,13984,9,41,0,63,11791,5,22,52,6351,54,3,909,2206,5083,231,2487,3,35,0,3,162,79,23,727,3986
0,0,0,0,0,0,0,0,1,0,1,0,0,0,0,0,0,0,0,0,0,8,47,2,0,13,50,32,0,0,0,51,0,60,0,0,0,1,0,182,0,0,0,24,0,8,143,0,0,0,0,0,0,0,0,0,13,42,6,17,1,55,18,12,0,0,0,63,0,32,29,385,3,39,1,3738,845,33,0,5,18298,1637,0,0,1147,5865,1,0,1,4320,0,747,1202,328,10571,0,0,0,3,3
0,0,0,0,0,0,0,1,0,1,0,0,1,0,0,0,0,1,0,0,0,0,6,1,0,2,16,0,0,0,1,4,3,9,0,0,2,2,0,16,0,0,0,3,1,1,11,0,0,0,0,0,0,0,0,1,6593,1031,8,262,36,3248,13016,8541,0,0,3,497,1,7288,362,18096,130,1640,6,466,1979,45,1,22,1637,34164,0,1,8380,423,79,0,1,2362,5,109,1098,209,7711,1,1,0,2,15
0,0,0,0,0,0,0,0,0,0,0,0,0,0,0,0,0,0,0,0,0,0,0,0,0,0,0,0,0,0,0,0,0,0,0,0,0,0,0,0,0,0,0,0,0,0,0,0,0,0,731,36,177,131,197,34,0,0,0,3,648,24,0,0,8054,2120,39,0,3,0,1,626,10,0,0,0,1,16,30474,52,0,0,61490,64,0,0,7,45,91,0,38,2,0,4,0,58,3782,9587,35546,1511
0,0,0,0,0,0,0,0,0,0,0,0,0,0,1,1,0,0,0,0,0,0,0,0,0,0,0,0,0,0,0,0,0,0,0,0,3,0,0,0,0,0,0,0,0,0,0,1,0,0,60,7,854,45,138,195,0,3,0,4,755,21,0,1,122,4278,15232,75,5,1,185,25,10,1,1441,1,4,0,56,6351,0,1,64,31707,3,1,23,542,12642,0,146,1,0,0,1,150,77,20,356,1446
0,0,0,0,0,0,0,0,0,0,0,0,0,0,0,0,0,0,0,1,0,0,1,0,0,0,2,0,0,0,0,0,0,2,0,0,0,3,0,2,0,0,0,0,2,0,2,0,0,0,1,0,0,0,1,0,562,2278,65,135,46,126,14,64,1,5,1,367,2,10731,82,373,60,2343,6,5932,2475,10,1,54,1147,8380,0,3,17157,140,38,8,8,12109,16,28,851,34,177,1,0,0,7,29
0,0,0,0,0,0,0,0,0,0,0,0,0,0,0,0,0,0,0,0,0,1,11,0,0,3,3,109,0,0,0,11,0,81,0,0,0,0,0,296,0,0,0,7,0,13,122,0,0,0,0,0,0,0,0,0,27,27,2,10,8,84,50,46,0,1,0,42,0,89,35,1717,12,112,1,2973,770,5489,5,3,5865,423,0,1,140,42863,1,0,1,780,0,11569,7175,3913,2997,0,0,3,0,1
0,0,0,2,0,18,2,9,34,23,60,6,5,0,7,140,4,22,4,8,1,2,0,66,1,0,13,0,0,1,156,2,6,0,3,38,194,4,146,1,0,1,2,0,4,1,0,70,4,11,13,3,22,10,378,13,162,918,197,1355,1003,775,47,59,28,81,211,516,209,649,142,123,10451,264,6,1,159,2,12,909,1,79,7,23,38,1,4528,964,88,15,12449,5,10,1,1,946,54,2,89,126
0,0,2,0,0,7,0,2,1,2,2,1,0,0,2,64,1,2,3,0,0,1,0,25,0,0,1,0,1,0,44,0,0,0,0,13,98,0,87,0,0,0,0,0,0,0,0,42,2,4,210,54,1156,361,2443,2805,1,15,19,233,3525,148,1,2,367,1068,12404,80,7373,13,54,91,3061,18,6,0,26,0,107,2206,0,0,45,542,8,0,964,32036,332,1,19845,1,4,0,1,2983,96,50,401,252
0,0,0,0,0,0,1,0,0,1,1,0,0,0,0,4,0,0,0,0,0,0,0,1,0,0,0,0,0,0,1,0,0,0,0,0,4,0,3,1,0,0,0,0,0,0,0,1,1,0,54,5,187,54,223,36,3,13,0,7,1338,63,2,17,207,8242,279,507,14,2,3306,24,39,5,18019,1,9,0,61,5083,1,1,91,12642,8,1,88,332,47768,7,474,0,3,0,0,677,70,14,528,9507
0,0,0,0,0,0,0,0,4,0,2,0,0,0,0,0,0,0,0,0,0,1,35,0,0,7,63,2,0,0,0,13,1,5,0,0,1,2,0,12,0,0,0,5,0,3,6,0,0,0,0,0,0,0,0,0,52,387,411,597,47,261,74,58,0,0,8,580,4,2464,142,1472,79,3506,15,11443,6538,41,0,231,4320,2362,0,0,12109,780,15,1,7,16795,11,68,8912,87,2678,2,0,1,8,35
0,0,0,0,0,11,1,0,4,9,12,1,0,2,1,82,0,1,4,0,2,1,0,31,0,0,0,0,0,0,75,0,0,0,2,18,120,0,97,0,0,0,1,0,0,0,0,58,2,3,33,16,204,164,3385,209,4,39,19,202,2268,270,5,4,137,458,962,102,947,21,51,57,2138,18,4,0,31,0,50,2487,0,5,38,146,16,0,12449,19845,474,11,28171,1,1,1,1,11906,98,25,208,185
0,0,0,0,0,0,0,0,0,0,0,0,0,0,0,0,0,0,0,0,0,1,3,0,0,1,5,39,0,0,0,0,0,8,0,0,0,1,0,79,0,0,0,1,0,4,19,0,0,0,1,0,0,0,0,0,8,14,0,20,6,36,14,10,0,0,0,27,0,55,16,888,17,218,0,692,3827,27219,86,3,747,109,2,1,28,11569,5,1,0,68,1,33480,7030,1156,1034,0,0,23,1,3
0,0,0,0,0,0,0,0,2,0,0,0,0,0,0,0,0,0,0,0,0,1,18,0,0,7,11,9,0,0,0,15,0,21,0,0,1,1,0,75,0,0,0,4,0,3,28,0,0,0,0,0,0,0,1,0,26,101,33,484,17,130,57,50,0,0,1,151,2,470,64,1440,39,5176,5,11519,16699,384,0,35,1202,1098,0,0,851,7175,10,4,3,8912,1,7030,41566,201,1597,0,0,0,2,3
0,0,0,0,0,0,0,0,0,0,0,0,0,0,0,0,0,0,0,0,0,1,3,0,0,3,3,27,1,0,0,1,0,23,0,0,0,0,0,72,0,0,0,0,0,4,28,0,0,0,0,0,0,0,0,0,25,17,1,10,4,90,32,35,0,0,0,17,0,55,11,8947,4,31,0,45,55,12038,356,0,328,209,4,0,34,3913,1,0,0,87,1,1156,201,25440,16717,0,3,76,4,3
0,0,0,0,0,0,0,1,0,0,0,0,0,0,0,0,0,0,0,0,0,5,39,0,1,4,51,46,0,0,0,32,0,79,0,0,0,0,0,231,0,0,0,11,1,10,122,0,0,0,0,0,0,0,0,0,69,37,3,15,8,164,227,97,0,0,0,63,0,90,40,8626,9,58,4,419,942,148,0,3,10571,7711,0,1,177,2997,1,1,0,2678,1,1034,1597,16717,21664,1,0,0,1,5
0,0,0,0,0,7,0,1,1,3,2,0,0,0,3,12,0,0,1,1,0,0,0,13,0,0,0,0,1,0,9,0,0,0,0,9,105,0,70,0,0,0,0,0,0,0,0,20,0,1,174,25,289,230,4284,102,1,10,5,9,1203,61,1,3,516,725,251,32,104,3,29,56,46,4,5,0,7,0,66,162,0,1,58,150,1,0,946,2983,677,2,11906,0,0,0,1,8542,450,26,177,106
0,0,1,0,0,0,0,0,0,0,0,0,0,0,0,0,0,0,0,0,0,0,0,0,0,0,0,0,0,0,1,0,0,0,0,0,1,0,1,0,0,0,0,0,0,0,0,0,0,0,9437,112,392,331,8037,73,0,1,0,3,832,54,0,0,14891,856,58,3,4,1,3,912,5,1,1,0,2,6,11449,79,0,1,3782,77,0,0,54,96,70,0,98,0,0,3,0,450,45652,1358,8795,550
0,0,0,0,0,0,0,0,0,0,0,0,0,0,0,1,0,0,0,0,0,0,0,0,0,0,0,0,0,0,0,0,0,0,0,0,0,0,0,0,0,0,0,0,0,0,1,0,0,0,26,2,27,9,37,14,0,0,0,2,30518,8,0,0,73,82,22,1,0,0,2,2380,3,1,1,0,1,157,26911,23,0,0,9587,20,0,3,2,50,14,1,25,23,0,76,0,26,1358,46255,1347,76
0,0,0,0,0,0,0,0,1,1,5,0,0,0,0,3,0,1,0,0,0,0,0,2,0,0,1,0,0,0,10,0,2,0,0,0,3,0,1,0,0,0,0,0,0,0,0,0,0,0,2341,106,465,380,543,230,0,8,1,40,44498,78,0,0,5253,3594,156,123,21,3,130,1114,92,5,52,1,11,7,10071,727,3,2,35546,356,7,0,89,401,528,8,208,1,2,4,1,177,8795,1347,29008,9597
0,0,0,0,0,0,1,0,1,3,9,1,0,0,0,9,0,2,0,0,0,0,0,1,0,0,0,0,0,0,10,0,2,0,0,1,6,0,4,0,0,0,0,0,0,0,0,1,0,1,1038,44,370,240,441,147,3,33,3,69,18285,97,3,11,1148,3633,193,820,20,9,11369,94,168,10,6635,2,26,0,278,3986,3,15,1511,1446,29,1,126,252,9507,35,185,3,3,3,5,106,550,76,9597,12611
