11515,7551,9161,1154,9659,525,119,2,0,39,1,0,2,5177,254,125,0,2,2,2,5,404,0,1,1,2,2,19,431,431,19,1,4,2,49,9,4,1,15,4,589,42,54,5,14,12,3,12,988,9,4,3,5,46,7,8,0,0,0,0,5,0,1,0,9,4,16,0,0,0,0,1,0,0,0,0,0,0,4,0,0,0,4,2,0,0,6,37,2,0,24,0,0,0,0,11,1,2,8,1
7551,25699,9036,17465,981,273,438,4,2,92,3,1,4,6763,3694,412,1,0,5,13,15,677,1,2,4,2,4,12,296,718,34,3,15,2,86,26,8,11,53,3,768,169,111,13,16,4,3,38,212,27,12,10,11,25,15,26,0,0,0,0,4,0,1,0,22,7,21,0,3,0,1,1,0,0,1,0,2,0,2,1,0,2,6,4,0,0,8,63,3,0,45,0,0,0,1,35,8,1,7,1
9161,9036,23273,11242,7334,5587,8365,2,1,33,3,0,0,521,93,220,0,0,1,1,0,235,1,0,1,0,1,5,164,242,8,0,2,2,61,8,4,4,25,2,267,38,19,1,1,4,0,46,123,8,24,556,5,1633,32,61,0,0,0,0,2,0,0,0,17,5,10,0,0,0,0,3,0,1,0,0,0,0,3,1,0,0,2,3,0,0,5,42,1,0,25,0,0,0,0,20,9,1,2,1
1154,17465,11242,47910,556,3625,11194,20,25,456,43,5,19,5632,20180,9463,9,15,46,66,92,776,10,19,43,41,23,11,267,898,1222,16,36,5,1237,405,84,59,458,3,787,349,2466,65,89,5,4,512,270,179,67,90,73,89,174,273,0,2,1,4,31,5,0,0,131,39,185,3,4,0,3,29,2,1,7,0,2,0,29,10,0,1,42,29,3,0,44,450,16,8,309,0,1,0,0,252,47,11,16,3
9659,981,7334,556,26210,24264,898,2,2,13,0,0,1,3629,110,63,2,1,0,1,4,231,1,0,1,2,5,7,495,247,16,1,1,2,40,5,11,1,45,4,303,12,60,1,3,6,2,506,3960,6,0,3,1,437,11,7,0,0,0,0,3,0,0,0,7,2,13,0,0,0,0,3,0,0,1,0,0,0,0,1,0,0,4,0,0,0,5,21,4,0,14,0,0,0,0,16,3,2,3,0
525,273,5587,3625,24264,25231,19782,0,7,25,1,1,0,195,39,511,0,0,3,0,6,43,1,3,3,6,33,4,174,39,12,6,1,1,460,18,49,0,542,21,49,8,40,20,0,2,2,2840,1389,1,15,19,7,1135,35,44,0,0,0,0,1,0,0,0,18,0,15,0,1,0,0,6,0,1,0,0,1,1,6,0,0,0,5,1,0,1,5,61,1,1,39,0,3,0,0,63,2,3,2,0
119,438,8365,11194,898,19782,18013,4,7,113,9,2,2,234,167,3007,2,1,8,3,19,107,2,11,10,4,19,2,35,97,71,2,3,1,1553,91,48,5,912,4,98,59,160,9,6,1,1,1377,70,20,75,71,37,119,117,233,0,1,1,1,9,4,0,0,91,17,104,1,3,0,0,7,0,1,1,0,2,0,11,3,0,0,10,12,1,0,21,291,9,0,159,1,2,1,0,253,33,8,18,4
2,4,2,20,2,0,4,44118,5571,134,402,770,8623,101,188,341,3670,4716,452,10787,796,1526,200,139,844,45,80,0,15,53,2550,55,1385,5,15,135,929,333,81,7,35,27,1054,74,801,18,63,2,4,44,0,1,0,0,0,2,60,100,54,489,22,20,14,24,6,12,21,56,59,91,37,10,60,63,28,1,18,0,0,18,1,21,4,9,4,0,167,45,14,2,16,0,2,0,1,1,1,2,9,9
0,2,1,25,2,7,7,5571,47733,102,170,543,1314,28,32,699,647,172,6461,4754,435,581,128,10774,9153,46,2902,3,2,21,247,65,496,16,112,1192,7118,44,932,79,13,19,233,304,72,11,68,58,3,16,0,2,1,0,1,2,133,358,87,1544,19,36,34,64,5,15,64,131,118,311,47,28,152,156,43,2,73,0,0,32,2,48,5,15,15,2,507,88,22,8,41,0,7,1,5,1,2,1,16,15
39,92,33,456,13,25,113,134,102,36796,2038,4036,766,430,620,823,565,32,141,155,6042,6374,873,118,152,139,169,18,267,471,321,735,1551,15,446,904,339,217,713,7,11304,8744,3100,260,487,97,686,88,36,5661,17,15,21,4,22,36,5,8,7,10,71,12,4,2,41,43,187,13,108,16,18,21,8,17,40,1,5,0,13,70,3,15,26,57,10,2,122,291,123,9,186,0,3,0,4,34,12,8,47,28
1,3,3,43,0,1,9,402,170,2038,3512,6877,596,52,50,323,251,48,194,151,1011,6645,2572,86,54,41,51,2,16,36,208,93,821,11,64,393,141,65,273,6,99,67,296,96,53,83,240,26,1,27,0,1,4,0,2,4,1,5,5,17,23,6,5,3,4,19,48,10,43,3,12,7,6,6,26,1,2,0,4,25,2,4,6,20,3,1,41,67,34,2,51,0,4,0,3,2,2,6,18,11
0,1,0,5,0,1,2,770,543,4036,6877,24537,9753,27,32,156,2829,203,346,475,7196,3330,7821,234,444,33,247,5,10,53,193,189,10240,14,29,297,515,127,114,15,107,141,218,173,140,73,372,4,0,45,0,0,0,0,1,2,16,16,23,61,23,15,8,1,3,2,25,23,63,31,25,15,34,32,28,1,16,0,0,26,0,15,4,2,12,2,79,48,15,6,20,0,2,0,0,0,0,0,5,7
2,4,0,19,1,0,2,8623,1314,766,596,9753,25711,194,187,147,7010,674,123,4995,1746,832,536,97,591,37,74,5,27,171,832,153,10892,4,15,107,892,152,50,4,105,155,1112,72,938,22,129,3,10,161,1,0,0,3,0,2,94,125,7,443,4,2,14,18,3,1,8,17,14,152,4,9,20,88,6,1,20,0,1,7,1,27,2,1,9,1,134,24,3,1,7,0,7,0,0,1,0,0,1,0
5177,6763,521,5632,3629,195,234,101,28,430,52,27,194,47181,17012,990,36,33,50,161,376,834,29,13,39,69,22,67,4421,14296,294,76,240,9,461,252,122,175,377,22,1761,1645,3591,90,368,35,22,114,12708,4485,42,36,52,34,58,100,1,1,0,3,37,9,1,1,78,42,178,2,24,7,2,13,2,6,7,0,1,0,21,11,0,2,43,29,4,0,83,331,53,3,313,0,1,0,0,84,21,8,36,11
254,3694,93,20180,110,39,167,188,32,620,50,32,187,17012,24852,1983,54,64,83,281,438,610,27,19,59,70,36,18,402,2255,468,58,217,7,385,262,65,214,223,5,1006,1175,13135,89,371,9,27,114,268,9008,22,18,21,18,41,71,0,0,1,1,16,2,2,2,44,24,75,4,17,4,4,9,0,6,3,1,2,1,11,11,2,5,16,15,4,0,41,193,19,1,135,0,1,1,0,65,17,2,13,4
125,412,220,9463,63,511,3007,341,699,823,323,156,147,990,1983,20200,454,595,5537,400,866,622,33,200,487,66,105,1,77,319,13449,39,139,6,3096,5053,241,118,676,14,382,278,8288,152,162,7,22,711,80,112,55,71,53,51,141,225,5,14,16,36,53,15,5,4,128,66,237,12,95,14,28,22,12,14,65,0,6,0,19,67,1,7,48,62,6,1,105,471,83,1,338,0,0,0,1,221,43,16,49,40
0,1,0,9,2,0,2,3670,647,565,251,2829,7010,36,54,454,8534,2293,513,171,10064,345,143,131,74,41,52,1,11,42,3484,104,1470,2,23,244,245,75,99,6,43,86,734,42,216,7,68,3,2,72,1,0,3,0,0,1,6,6,19,55,19,10,7,1,3,5,11,14,39,5,17,4,16,7,17,0,2,0,0,24,1,8,1,0,1,0,49,32,23,1,18,0,3,0,1,0,1,0,5,6
2,0,0,15,1,0,1,4716,172,32,48,203,674,33,64,595,2293,2208,319,258,663,140,9,26,44,9,7,0,4,14,5964,5,231,0,13,93,72,45,29,2,11,6,615,14,103,1,4,2,1,4,0,0,0,0,0,1,3,6,3,19,4,5,1,1,0,3,4,5,20,8,11,3,10,3,13,0,1,0,0,12,1,4,2,2,0,0,12,16,8,1,9,0,1,0,1,0,1,0,4,6
2,5,1,46,0,3,8,452,6461,141,194,346,123,50,83,5537,513,319,9926,635,698,363,36,1421,752,28,148,1,3,19,2457,20,126,4,104,2802,434,55,150,14,31,14,655,100,53,6,16,10,2,16,0,0,5,0,2,3,9,29,28,96,37,19,10,5,4,22,67,30,96,20,48,20,39,15,69,2,3,0,2,49,1,12,7,16,7,0,65,96,42,1,36,0,1,0,0,0,1,2,20,13
2,13,1,66,1,0,3,10787,4754,155,151,475,4995,161,281,400,171,258,635,32917,402,821,742,157,9933,192,1440,2,27,111,720,306,3969,24,43,289,618,6018,37,9,90,87,1270,1044,5008,44,253,4,9,85,0,0,1,0,0,1,231,191,13,834,9,17,75,94,0,14,40,14,32,1067,15,25,33,977,17,3,190,0,0,19,5,327,5,19,128,6,127,41,14,57,12,3,31,0,8,2,0,0,9,4
5,15,0,92,4,6,19,796,435,6042,1011,7196,1746,376,438,866,10064,663,698,402,25979,923,520,346,162,206,166,3,73,601,3035,441,2235,18,197,1033,630,297,487,15,736,1381,10830,202,802,31,268,34,19,3014,2,5,10,1,7,9,10,14,23,41,62,29,9,5,21,21,133,29,160,19,42,22,33,22,80,1,7,0,3,95,1,25,22,33,12,0,187,219,80,6,118,0,3,1,0,13,6,5,26,28
404,677,235,776,231,43,107,1526,581,6374,6645,3330,832,834,610,622,345,140,363,821,923,26128,7767,85,325,125,239,2397,4238,805,323,279,974,792,200,392,231,139,294,576,15437,1160,1183,824,262,5364,1244,70,70,307,4,7,18,3,8,19,0,5,5,34,34,3,1,5,19,27,71,13,45,16,8,20,8,13,26,19,12,8,11,36,33,11,17,30,6,72,75,142,39,5,90,32,45,7,22,18,2,7,21,12
0,1,1,10,1,1,2,200,128,873,2572,7821,536,29,27,33,143,9,36,742,520,7767,12953,46,950,595,1816,108,85,48,49,1048,6031,262,9,61,70,1109,101,113,81,81,108,2317,850,4674,4598,28,0,30,0,0,1,0,0,1,4,3,0,18,2,5,7,3,1,2,2,1,3,36,3,43,1,99,9,45,62,4,0,2,30,71,0,2,63,38,5,10,2,71,1,5,104,4,32,2,0,0,2,3
1,2,0,19,0,3,11,139,10774,118,86,234,97,13,19,200,131,26,1421,157,346,85,46,5039,1725,58,1421,7,3,13,76,54,80,30,158,7819,2404,24,4124,119,13,14,119,317,17,10,41,35,2,6,0,2,5,0,3,0,10,35,36,129,32,22,13,2,7,8,40,38,77,16,34,12,46,18,43,2,2,1,1,29,1,8,7,10,5,3,90,75,29,2,33,0,3,0,0,5,5,3,13,15
1,4,1,43,1,3,10,844,9153,152,54,444,591,39,59,487,74,44,752,9933,162,325,950,1725,12926,174,14218,1,13,45,157,400,3041,39,93,777,944,825,272,37,42,62,306,2775,653,44,380,16,4,34,2,1,4,0,1,1,139,91,14,366,7,16,56,46,5,12,33,5,31,912,10,42,23,1043,14,7,382,1,0,14,11,341,1,16,210,9,91,30,20,103,10,0,70,1,11,1,0,0,6,2
2,2,0,41,2,6,4,45,46,139,41,33,37,69,70,66,41,9,28,192,206,125,595,58,174,29328,2901,84,9,65,109,11253,883,7581,21,50,36,5989,276,201,48,52,334,16448,4448,273,1972,77,6,36,0,1,0,0,0,3,1,5,1,16,6,1,18,2,1,3,3,3,2,18,6,112,2,109,8,271,163,14,1,4,155,125,2,4,81,93,2,7,10,191,5,28,437,5,132,1,1,0,4,10
2,4,1,23,5,33,19,80,2902,169,51,247,74,22,36,105,52,7,148,1440,166,239,1816,1421,14218,2901,23409,475,13,40,52,3625,1693,777,154,671,1141,1704,3297,4517,53,65,163,15965,1353,489,1991,493,33,27,1,1,1,1,3,4,3,13,0,52,10,9,29,11,5,18,12,10,6,164,7,105,13,551,14,134,380,21,1,4,83,297,5,7,195,65,11,15,26,228,16,42,363,9,82,10,0,2,7,11
19,12,5,11,7,4,2,0,3,18,2,5,5,67,18,1,1,0,1,2,3,2397,108,7,1,84,475,79817,1044,96,2,128,12,12642,7,7,58,7,103,18177,208,25,12,287,7,18201,6724,28,10,4,0,0,0,0,0,0,0,0,0,1,0,0,0,0,0,0,1,0,1,0,0,6,0,3,0,14,21,182,0,0,22,2,0,0,1,240,8,5,0,0,4,321,88,36,34,3,0,0,0,2
431,296,164,267,495,174,35,15,2,267,16,10,27,4421,402,77,11,4,3,27,73,4238,85,3,13,9,13,1044,67454,7590,27,28,50,119,40,28,14,28,57,204,20221,347,389,46,49,857,113,58,6315,153,1,0,2,2,2,6,0,0,0,2,3,3,0,0,9,5,11,0,3,0,2,2,1,2,0,2,0,0,1,3,0,1,2,10,2,4,6,24,5,0,22,2,5,0,1,3,1,1,5,2
431,718,242,898,247,39,97,53,21,471,36,53,171,14296,2255,319,42,14,19,111,601,805,48,13,45,65,40,96,7590,28409,125,148,337,17,163,170,74,119,173,24,8163,6318,2657,59,342,63,65,42,1220,2346,11,4,13,6,11,24,0,2,2,5,16,6,1,0,28,20,76,1,23,7,3,13,1,7,7,0,1,0,9,14,1,6,17,13,0,1,48,112,27,3,84,0,2,0,0,21,7,6,16,10
19,34,8,1222,16,12,71,2550,247,321,208,193,832,294,468,13449,3484,5964,2457,720,3035,323,49,76,157,109,52,2,27,125,21035,49,460,6,873,1076,165,386,347,6,131,87,10059,187,466,3,35,112,38,46,18,21,21,7,23,46,6,10,14,22,44,5,0,6,39,41,104,15,61,8,17,14,11,11,26,1,5,0,12,31,1,15,18,33,6,0,68,204,35,6,161,0,2,0,0,37,9,5,23,23
1,3,0,16,1,6,2,55,65,735,93,189,153,76,58,39,104,5,20,306,441,279,1048,54,400,11253,3625,128,28,148,49,30814,6522,6863,15,65,54,1080,203,277,206,254,232,5705,5394,618,11289,49,8,108,0,1,2,0,1,0,5,2,1,12,5,6,18,0,2,5,6,1,4,16,5,103,6,89,6,251,143,17,0,3,174,132,3,2,82,137,4,2,10,164,4,35,470,4,132,2,0,0,6,5
4,15,2,36,1,1,3,1385,496,1551,821,10240,10892,240,217,139,1470,231,126,3969,2235,974,6031,80,3041,883,1693,12,50,337,460,6522,21792,94,25,149,358,1903,72,25,352,575,1227,1451,11599,245,4773,7,12,379,0,0,1,0,1,0,96,50,5,216,7,7,37,19,5,2,13,12,20,480,11,28,13,394,8,16,127,4,1,8,8,163,3,4,101,7,66,28,14,52,9,2,40,0,10,2,0,0,4,2
2,2,2,5,2,1,1,5,16,15,11,14,4,9,7,6,2,0,4,24,18,792,262,30,39,7581,777,12642,119,17,6,6863,94,39690,5,28,56,133,249,7167,34,7,25,13127,140,4088,16223,83,4,5,0,0,0,0,2,1,0,0,0,1,3,1,9,0,1,0,0,2,0,1,1,85,0,24,1,202,114,202,1,0,323,30,0,0,11,1322,1,2,2,26,9,897,802,140,379,0,0,0,2,1
49,86,61,1237,40,460,1553,15,112,446,64,29,15,461,385,3096,23,13,104,43,197,200,9,158,93,21,154,7,40,163,873,15,25,5,4339,3342,362,21,6516,29,192,132,1733,70,22,5,17,2270,98,59,51,82,54,55,133,227,0,1,6,13,49,4,1,0,107,52,180,8,22,2,3,17,2,3,18,2,1,1,24,13,1,3,32,32,4,0,80,401,41,2,291,0,3,0,0,232,35,15,32,15
9,26,8,405,5,18,91,135,1192,904,393,297,107,252,262,5053,244,93,2802,289,1033,392,61,7819,777,50,671,7,28,170,1076,65,149,28,3342,20772,1530,81,5977,89,209,154,2063,306,77,9,53,118,34,55,4,8,21,4,14,25,16,22,35,67,113,38,6,6,35,76,213,30,193,24,58,45,59,14,96,2,6,0,19,111,2,18,43,52,4,0,246,387,148,5,230,2,7,0,3,19,9,22,70,52
4,8,4,84,11,49,48,929,7118,339,141,515,892,122,65,241,245,72,434,618,630,231,70,2404,944,36,1141,58,14,74,165,54,358,56,362,1530,3680,31,9270,348,123,94,506,205,97,23,72,907,38,37,6,13,5,8,15,27,11,26,9,106,38,5,1,5,19,18,51,18,40,21,19,7,27,14,30,3,9,1,3,23,0,7,6,13,4,2,98,111,35,2,68,7,3,0,0,42,2,7,17,18
1,11,4,59,1,0,5,333,44,217,65,127,152,175,214,118,75,45,55,6018,297,139,1109,24,825,5989,1704,7,28,119,386,1080,1903,133,21,81,31,16922,54,30,99,109,1009,7546,5701,88,724,11,12,70,0,0,2,0,0,2,13,5,1,33,6,7,30,8,1,6,4,3,6,132,6,35,3,304,8,29,201,1,0,5,17,184,3,8,196,10,10,10,14,190,11,3,127,0,18,1,0,1,6,11
15,53,25,458,45,542,912,81,932,713,273,114,50,377,223,676,99,29,150,37,487,294,101,4124,272,276,3297,103,57,173,347,203,72,249,6516,5977,9270,54,37719,1153,224,155,1091,967,51,76,172,7935,230,54,67,70,66,47,148,196,5,9,27,35,85,29,8,4,149,78,321,19,124,7,30,50,21,10,58,7,9,2,30,48,0,19,74,59,4,11,454,687,90,3,533,11,14,0,4,259,43,24,48,35
4,3,2,3,4,21,4,7,79,7,6,15,4,22,5,14,6,2,14,9,15,576,113,119,37,201,4517,18177,204,24,6,277,25,7167,29,89,348,30,1153,43505,57,5,19,10691,14,2365,2285,292,24,2,0,0,0,1,2,1,0,0,0,3,3,1,3,0,0,1,2,0,0,2,0,69,1,30,0,95,165,918,2,0,126,7,2,0,1,1729,24,12,3,8,14,2187,739,225,293,15,1,0,2,2
589,768,267,787,303,49,98,35,13,11304,99,107,105,1761,1006,382,43,11,31,90,736,15437,81,13,42,48,53,208,20221,8163,131,206,352,34,192,209,123,99,224,57,54566,13898,1924,76,274,162,128,53,226,1345,6,7,11,6,14,14,1,0,3,3,15,4,2,1,21,21,63,2,28,2,4,9,2,5,6,3,2,1,6,20,0,1,7,16,3,0,60,102,31,1,85,1,4,0,1,16,7,2,8,12
42,169,38,349,12,8,59,27,19,8744,67,141,155,1645,1175,278,86,6,14,87,1381,1160,81,14,62,52,65,25,347,6318,87,254,575,7,132,154,94,109,155,5,13898,23014,2896,85,293,15,118,41,29,9162,3,4,5,1,7,17,0,1,0,0,18,2,0,0,15,13,50,3,31,8,3,7,0,7,9,1,2,0,2,10,0,5,6,16,6,3,41,81,22,1,57,0,2,0,0,11,3,3,16,5
54,111,19,2466,60,40,160,1054,233,3100,296,218,1112,3591,13135,8288,734,615,655,1270,10830,1183,108,119,306,334,163,12,389,2657,10059,232,1227,25,1733,2063,506,1009,1091,19,1924,2896,56448,468,1858,24,116,302,250,8973,41,45,68,28,69,143,6,10,6,33,101,18,3,2,100,86,322,11,152,21,18,46,12,34,59,3,9,0,37,57,4,20,65,62,17,2,244,539,138,12,447,0,2,0,1,118,25,18,78,44
5,13,1,65,1,20,9,74,304,260,96,173,72,90,89,152,42,14,100,1044,202,824,2317,317,2775,16448,15965,287,46,59,187,5705,1451,13127,70,306,205,7546,967,10691,76,85,468,54112,970,2263,5499,258,16,30,0,1,1,0,1,7,1,2,3,23,10,4,15,1,6,7,9,1,2,50,16,167,4,179,9,524,272,61,2,5,402,210,4,6,130,473,11,7,15,226,10,224,977,26,316,8,0,0,7,10
14,16,1,89,3,0,6,801,72,487,53,140,938,368,371,162,216,103,53,5008,802,262,850,17,653,4448,1353,7,49,342,466,5394,11599,140,22,77,97,5701,51,14,274,293,1858,970,11594,45,799,7,16,225,0,2,2,1,0,0,25,17,4,79,4,7,34,5,2,18,18,9,10,310,8,31,4,472,9,19,217,3,0,9,17,227,6,7,199,6,20,12,12,107,7,0,85,1,7,3,0,0,3,2
12,4,4,5,6,2,1,18,11,97,83,73,22,35,9,7,7,1,6,44,31,5364,4674,10,44,273,489,18201,857,63,3,618,245,4088,5,9,23,88,76,2365,162,15,24,2263,45,21337,11416,24,4,4,0,0,0,1,0,0,0,1,1,5,2,1,2,0,0,1,4,1,1,4,0,28,1,15,0,106,41,49,0,0,130,9,1,0,6,402,3,4,6,20,2,188,283,27,133,1,0,0,0,0
3,3,0,4,2,2,1,63,68,686,240,372,129,22,27,22,68,4,16,253,268,1244,4598,41,380,1972,1991,6724,113,65,35,11289,4773,16223,17,53,72,724,172,2285,128,118,116,5499,799,11416,34270,51,4,39,0,0,0,0,2,0,2,3,2,15,3,0,7,1,0,3,3,1,4,13,5,86,3,85,4,257,145,99,1,3,284,56,2,0,51,779,10,4,6,105,9,441,607,66,278,3,0,0,0,3
12,38,46,512,506,2840,1377,2,58,88,26,4,3,114,114,711,3,2,10,4,34,70,28,35,16,77,493,28,58,42,112,49,7,83,2270,118,907,11,7935,292,53,41,302,258,7,24,51,6991,721,18,50,63,33,39,124,195,0,1,2,2,7,2,0,0,94,20,69,1,8,0,1,6,2,2,2,1,2,1,6,0,1,1,20,8,1,3,47,271,6,2,140,7,7,0,1,299,27,5,8,0
988,212,123,270,3960,1389,70,4,3,36,1,0,10,12708,268,80,2,1,2,9,19,70,0,2,4,6,33,10,6315,1220,38,8,12,4,98,34,38,12,230,24,226,29,250,16,16,4,4,721,16272,19,7,2,5,9,9,18,1,0,0,0,1,0,0,0,11,7,18,0,0,0,1,5,1,0,2,1,0,0,2,0,0,0,5,3,0,0,4,41,6,0,27,0,1,0,0,12,3,3,5,1
9,27,8,179,6,1,20,44,16,5661,27,45,161,4485,9008,112,72,4,16,85,3014,307,30,6,34,36,27,4,153,2346,46,108,379,5,59,55,37,70,54,2,1345,9162,8973,30,225,4,39,18,19,18755,2,1,1,0,3,4,0,0,5,2,2,1,0,0,4,3,19,1,7,0,3,4,3,3,4,0,3,0,2,5,1,0,2,8,4,1,19,33,8,0,18,0,1,0,0,3,3,2,5,4
4,12,24,67,0,15,75,0,0,17,0,0,1,42,22,55,1,0,0,0,2,4,0,0,2,0,1,0,1,11,18,0,0,0,51,4,6,0,67,0,6,3,41,0,0,0,0,50,7,2,46160,20680,2441,10639,15210,2515,1,2,1,5,81,8,0,0,23476,354,385,0,8,10,3,197,2,10,9,2,9,11,1071,6,2,14,614,58,21,2,23,331,42,15,196,1,5,8,1,384,6666,189,204,37
3,10,556,90,3,19,71,1,2,15,1,0,0,36,18,71,0,0,0,0,5,7,0,2,1,1,1,0,0,4,21,1,0,0,82,8,13,0,70,0,7,4,45,1,2,0,0,63,2,1,20680,91427,10719,16129,1545,7335,1,0,1,3,198,7,3,0,13537,350,465,2,6,11,10,433,4,6,13,3,5,18,791,0,3,18,848,53,26,2,23,442,66,24,180,0,6,13,5,100,1302,317,466,50
5,11,5,73,1,7,37,0,1,21,4,0,0,52,21,53,3,0,5,1,10,18,1,5,4,0,1,0,2,13,21,2,1,0,54,21,5,2,66,0,11,5,68,1,2,0,0,33,5,1,2441,10719,25444,491,426,6942,25,21,11,36,293,42,14,12,14053,6079,5732,20,43,120,27,277,7,46,55,25,15,8,505,31,28,111,765,807,223,11,80,747,327,178,287,2,40,3,8,70,891,197,526,118
46,25,1633,89,437,1135,119,0,0,4,0,0,3,34,18,51,0,0,0,0,1,3,0,0,0,0,1,0,2,6,7,0,0,0,55,4,8,0,47,1,6,1,28,0,1,1,0,39,9,0,10639,16129,491,70453,19386,24782,1,0,0,1,53,1,1,0,702,89,89,0,2,2,0,176,0,4,2,0,1,6,252,0,1,4,247,15,5,1,7,246,14,2,675,0,1,4,0,557,644,116,123,12
7,15,32,174,11,35,117,0,1,22,2,1,0,58,41,141,0,0,2,0,7,8,0,3,1,0,3,0,2,11,23,1,1,2,133,14,15,0,148,2,14,7,69,1,0,0,2,124,9,3,15210,1545,426,19386,32556,10580,0,0,0,8,38,7,3,0,1853,308,188,0,12,3,3,45,13,112,9,5,70,9,174,2,1,4,128,43,4,4,181,1787,19,10,4295,37,73,1,5,6383,3960,38,61,11
8,26,61,273,7,44,233,2,2,36,4,2,2,100,71,225,1,1,3,1,9,19,1,0,1,3,4,0,6,24,46,0,0,1,227,25,27,2,196,1,14,17,143,7,0,0,0,195,18,4,2515,7335,6942,24782,10580,32916,3,4,3,35,273,25,4,5,2844,307,1597,3,25,26,12,250,5,41,16,8,8,3,265,7,5,31,421,97,53,5,106,5274,84,45,1841,3,17,1,1,594,536,156,366,73
0,0,0,0,0,0,0,60,133,5,1,16,94,1,0,5,6,3,9,231,10,0,4,10,139,1,3,0,0,0,6,5,96,0,0,16,11,13,5,0,1,0,6,1,25,0,2,0,1,0,1,1,25,1,0,3,4151,9081,271,1469,22,57,405,4359,51,302,701,1166,145,2971,39,44,42,252,134,9,112,1,4,629,8,1750,11,530,174,9,289,45,269,46,34,1,10,0,9,0,4,0,14,17
0,0,0,2,0,0,1,100,358,8,5,16,125,1,0,14,6,6,29,191,14,5,3,35,91,5,13,0,0,2,10,2,50,0,1,22,26,5,9,0,0,1,10,2,17,1,3,1,0,0,2,0,21,0,0,4,9081,26464,1908,6796,75,325,385,2232,23,158,1024,6330,374,4109,176,319,169,150,150,13,78,2,2,777,21,797,11,429,388,13,936,85,174,135,51,2,41,5,14,0,1,5,19,13
0,0,0,1,0,0,1,54,87,7,5,23,7,0,1,16,19,3,28,13,23,5,0,36,14,1,0,0,0,2,14,1,5,0,6,35,9,1,27,0,3,0,6,3,4,1,2,2,0,5,1,1,11,0,0,3,271,1908,2518,3559,228,443,154,191,6,64,1129,2115,1117,201,293,308,63,63,348,1,14,2,1,1734,3,161,11,216,59,1,302,54,80,24,56,4,9,3,7,0,3,2,28,17
0,0,0,4,0,0,1,489,1544,10,17,61,443,3,1,36,55,19,96,834,41,34,18,129,366,16,52,1,2,5,22,12,216,1,13,67,106,33,35,3,3,0,33,23,79,5,15,2,0,2,5,3,36,1,8,35,1469,6796,3559,45619,315,1139,1042,1338,32,125,1033,1835,2933,4577,640,1079,6048,8141,275,36,2389,12,13,353,54,1257,22,269,318,37,7361,1316,137,252,533,31,306,18,79,13,4,16,52,68
5,4,2,31,3,1,9,22,19,71,23,23,4,37,16,53,19,4,37,9,62,34,2,32,7,6,10,0,3,16,44,5,7,3,49,113,38,6,85,3,15,18,101,10,4,2,3,7,1,2,81,198,293,53,38,273,22,75,228,315,33929,6473,1960,73,493,829,1790,376,615,75,5773,2963,102,93,1064,46,141,22,372,209,81,418,956,416,91,76,451,1028,876,153,680,13,252,60,141,43,108,11581,18242,6714
0,0,0,5,0,0,4,20,36,12,6,15,2,9,2,15,10,5,19,17,29,3,5,22,16,1,9,0,3,6,5,6,7,1,4,38,5,7,29,1,4,2,18,4,7,1,0,2,0,1,8,7,42,1,7,25,57,325,443,1139,6473,11291,8802,300,65,151,609,861,455,253,7147,6197,80,214,974,46,124,26,39,142,49,1010,81,158,42,78,211,238,369,100,136,11,204,131,199,8,13,70,309,409
1,1,0,0,0,0,0,14,34,4,5,8,14,1,2,5,7,1,10,75,9,1,7,13,56,18,29,0,0,1,0,18,37,9,1,6,1,30,8,3,2,0,3,15,34,2,7,0,0,0,0,3,14,1,3,4,405,385,154,1042,1960,8802,22944,9086,34,165,239,4695,131,889,9753,6158,76,1036,1825,57,440,33,12,423,120,10472,63,205,282,98,202,74,803,270,46,10,363,141,365,1,5,14,130,345
0,0,0,0,0,0,0,24,64,2,3,1,18,1,2,4,1,1,5,94,5,5,3,2,46,2,11,0,0,0,6,0,19,0,0,6,5,8,4,0,1,0,2,1,5,0,1,0,0,0,0,0,12,0,0,5,4359,2232,191,1338,73,300,9086,14361,19,116,314,6348,83,859,1442,215,55,364,594,18,142,0,5,483,27,4646,19,244,176,6,257,34,330,45,26,0,39,4,26,0,1,3,18,44
9,22,17,131,7,18,91,6,5,41,4,3,3,78,44,128,3,0,4,0,21,19,1,7,5,1,5,0,9,28,39,2,5,1,107,35,19,1,149,0,21,15,100,6,2,0,0,94,11,4,23476,13537,14053,702,1853,2844,51,23,6,32,493,65,34,19,65294,17630,2555,17,61,120,55,625,10,61,102,49,44,38,6490,27,40,217,13913,672,352,33,179,1085,1257,233,550,1,64,15,16,113,16047,528,1333,374
4,7,5,39,2,0,17,12,15,43,19,2,1,42,24,66,5,3,22,14,21,27,2,8,12,3,18,0,5,20,41,5,2,0,52,76,18,6,78,1,21,13,86,7,18,1,3,20,7,3,354,350,6079,89,308,307,302,158,64,125,829,151,165,116,17630,50913,6998,171,176,592,222,648,33,214,604,136,139,40,1207,246,157,1054,7230,6989,1397,80,315,924,14109,785,553,5,223,16,84,33,659,497,5630,4562
16,21,10,185,13,15,104,21,64,187,48,25,8,178,75,237,11,4,67,40,133,71,2,40,33,3,12,1,11,76,104,6,13,0,180,213,51,4,321,2,63,50,322,9,18,4,3,69,18,19,385,465,5732,89,188,1597,701,1024,1129,1033,1790,609,239,314,2555,6998,36015,1243,4170,1330,398,857,79,366,1569,40,107,13,321,6284,55,771,755,15637,850,23,494,8559,2781,744,1555,4,119,8,20,164,364,273,1072,492
0,0,0,3,0,0,1,56,131,13,10,23,17,2,4,12,14,5,30,14,29,13,1,38,5,3,10,0,0,1,15,1,12,2,8,30,18,3,19,0,2,3,11,1,9,1,1,1,0,1,0,2,20,0,0,3,1166,6330,2115,1835,376,861,4695,6348,17,171,1243,6837,627,238,6643,440,142,98,3225,8,57,3,4,2494,25,1308,15,417,116,13,478,117,409,39,114,0,47,5,59,2,4,5,39,99
0,3,0,4,0,1,3,59,118,108,43,63,14,24,17,95,39,20,96,32,160,45,3,77,31,2,6,1,3,23,61,4,20,0,22,193,40,6,124,0,28,31,152,2,10,1,4,8,0,7,8,6,43,2,12,25,145,374,1117,2933,615,455,131,83,61,176,4170,627,15426,456,426,427,770,494,630,7,117,4,24,1086,11,232,70,246,127,6,757,5504,361,206,416,10,80,3,15,17,6,36,166,173
0,0,0,0,0,0,0,91,311,16,3,31,152,7,4,14,5,8,20,1067,19,16,36,16,912,18,164,0,0,7,8,16,480,1,2,24,21,132,7,2,2,8,21,50,310,4,13,0,0,0,10,11,120,2,3,26,2971,4109,201,4577,75,253,889,859,120,592,1330,238,456,26335,87,571,72,6165,188,71,1209,8,16,361,124,5229,30,906,3648,49,555,160,464,4138,50,12,506,19,109,14,13,8,37,42
0,1,0,3,0,0,0,37,47,18,12,25,4,2,4,28,17,11,48,15,42,8,3,34,10,6,7,0,2,3,17,5,11,1,3,58,19,6,30,0,4,3,18,16,8,0,5,1,1,3,3,10,27,0,3,12,39,176,293,640,5773,7147,9753,1442,55,222,398,6643,426,87,24266,1636,177,144,10957,55,149,21,49,824,109,1308,191,119,88,73,517,343,967,134,269,12,279,46,185,2,13,55,779,4837
1,1,3,29,3,6,7,10,28,21,7,15,9,13,9,22,4,3,20,25,22,20,43,12,42,112,105,6,2,13,14,103,28,85,17,45,7,35,50,69,9,7,46,167,31,28,86,6,5,4,197,433,277,176,45,250,44,319,308,1079,2963,6197,6158,215,625,648,857,440,427,571,1636,36017,61,995,628,872,1476,4249,4020,144,793,7681,1325,277,376,2126,169,384,629,999,200,321,3181,10947,8364,29,99,3555,1879,498
0,0,0,2,0,0,0,60,152,8,6,34,20,2,0,12,16,10,39,33,33,8,1,46,23,2,13,0,1,1,11,6,13,0,2,59,27,3,21,1,2,0,12,4,4,1,3,2,1,3,2,4,7,0,13,5,42,169,63,6048,102,80,76,55,10,33,79,142,770,72,177,61,2994,1643,100,4,394,5,4,26,8,94,11,24,18,9,4553,2626,56,45,2173,16,114,2,13,52,3,0,42,34
0,0,1,1,0,1,1,63,156,17,6,32,88,6,6,14,7,3,15,977,22,13,99,18,1043,109,551,3,2,7,11,89,394,24,3,14,14,304,10,30,5,7,34,179,472,15,85,2,0,3,10,6,46,4,112,41,252,150,63,8141,93,214,1036,364,61,214,366,98,494,6165,144,995,1643,20598,168,282,19840,137,14,75,341,4530,59,171,1239,230,1567,1033,333,1875,1911,929,4542,36,376,343,29,8,78,85
0,1,0,7,1,0,1,28,43,40,26,28,6,7,3,65,17,13,69,17,80,26,9,43,14,8,14,0,0,7,26,6,8,1,18,96,30,8,58,0,6,9,59,9,9,0,4,2,2,4,9,13,55,2,9,16,134,150,348,275,1064,974,1825,594,102,604,1569,3225,630,188,10957,628,100,168,14087,86,161,18,41,5571,134,1664,239,2094,353,61,465,491,6767,214,349,7,220,27,156,7,7,49,549,3752
0,0,0,0,0,0,0,1,2,1,1,1,1,0,1,0,0,0,2,3,1,19,45,2,7,271,134,14,2,0,1,251,16,202,2,2,3,29,7,95,3,1,3,524,19,106,257,1,1,0,2,3,25,0,5,8,9,13,1,36,46,46,57,18,49,136,40,8,7,71,55,872,4,282,86,8700,1225,92,20,11,7789,812,58,88,3507,4565,13,24,189,6355,17,131,5936,150,874,4,9,5,52,58
0,2,0,2,0,1,2,18,73,5,2,16,20,1,2,6,2,1,3,190,7,12,62,2,382,163,380,21,0,1,5,143,127,114,1,6,9,201,9,165,2,2,9,272,217,41,145,2,0,3,9,5,15,1,70,8,112,78,14,2389,141,124,440,142,44,139,107,57,117,1209,149,1476,394,19840,161,1225,19110,725,18,30,758,2656,56,104,1306,802,834,392,244,1519,918,6107,16620,84,980,230,8,18,88,113
0,0,0,0,0,1,0,0,0,0,0,0,0,0,1,0,0,0,0,0,0,8,4,1,1,14,21,182,0,0,0,17,4,202,1,0,1,1,2,918,1,0,0,61,3,49,99,1,0,0,11,18,8,6,9,3,1,2,2,12,22,26,33,0,38,40,13,3,4,8,21,4249,5,137,18,92,725,70074,2345,1,135,82,185,8,28,14260,185,32,30,57,122,18157,1334,21976,2069,47,15,438,88,24
4,2,3,29,0,6,11,0,0,13,4,0,1,21,11,19,0,0,2,0,3,11,0,1,0,1,1,0,1,9,12,0,1,1,24,19,3,0,30,2,6,2,37,2,0,0,1,6,2,2,1071,791,505,252,174,265,4,2,1,13,372,39,12,5,6490,1207,321,4,24,16,49,4020,4,14,41,20,18,2345,149857,12,18,56,29695,99,54,117,54,209,406,32,140,49,40,904,50,26,16638,19410,2942,230
0,1,1,10,1,0,3,18,32,70,25,26,7,11,11,67,24,12,49,19,95,36,2,29,14,4,4,0,3,14,31,3,8,0,13,111,23,5,48,0,20,10,57,5,9,0,3,0,0,5,6,0,31,0,2,7,629,777,1734,353,209,142,423,483,27,246,6284,2494,1086,361,824,144,26,75,5571,11,30,1,12,6321,35,634,25,3736,278,8,222,217,858,110,171,3,30,4,15,2,3,4,47,81
0,0,0,0,0,0,0,1,2,3,2,0,1,0,2,1,1,1,1,5,1,33,30,1,11,155,83,22,0,1,1,174,8,323,1,2,0,17,0,126,0,0,4,402,17,130,284,1,0,1,2,3,28,1,1,5,8,21,3,54,81,49,120,27,40,157,55,25,11,124,109,793,8,341,134,7789,758,135,18,35,18260,2628,47,72,3442,5325,17,19,267,1450,25,220,2699,194,8048,4,4,10,57,112
0,2,0,1,0,0,0,21,48,15,4,15,27,2,5,7,8,4,12,327,25,11,71,8,341,125,297,2,1,6,15,132,163,30,3,18,7,184,19,7,1,5,20,210,227,9,56,1,0,0,14,18,111,4,4,31,1750,797,161,1257,418,1010,10472,4646,217,1054,771,1308,232,5229,1308,7681,94,4530,1664,812,2656,82,56,634,2628,32346,182,938,14757,605,207,148,1953,3190,87,43,3013,175,5833,10,28,31,252,550
4,6,2,42,4,5,10,4,5,26,6,4,2,43,16,48,1,2,7,5,22,17,0,7,1,2,5,0,2,17,18,3,3,0,32,43,6,3,74,2,7,6,65,4,6,1,2,20,5,2,614,848,765,247,128,421,11,11,11,22,956,81,63,19,13913,7230,755,15,70,30,191,1325,11,59,239,58,56,185,29695,25,47,182,63251,421,177,22,170,495,2279,99,319,7,92,77,48,29,2332,6572,23298,2410
2,4,3,29,0,1,12,9,15,57,20,2,1,29,15,62,0,2,16,19,33,30,2,10,16,4,7,0,10,13,33,2,4,0,32,52,13,8,59,0,16,16,62,6,7,0,0,8,3,8,58,53,807,15,43,97,530,429,216,269,416,158,205,244,672,6989,15637,417,246,906,119,277,24,171,2094,88,104,8,99,3736,72,938,421,19569,1133,28,258,860,7980,799,435,7,133,1,41,25,80,87,431,397
0,0,0,3,0,0,1,4,15,10,3,12,9,4,4,6,1,0,7,128,12,6,63,5,210,81,195,1,2,0,6,82,101,11,4,4,4,196,4,1,3,6,17,130,199,6,51,1,0,4,21,26,223,5,4,53,174,388,59,318,91,42,282,176,352,1397,850,116,127,3648,88,376,18,1239,353,3507,1306,28,54,278,3442,14757,177,1133,16708,517,55,109,1305,5105,40,10,1106,15,465,10,44,28,126,151
0,0,0,0,0,1,0,0,2,2,1,2,1,0,0,1,0,0,0,6,0,72,38,3,9,93,65,240,4,1,0,137,7,1322,0,0,2,10,11,1729,0,3,2,473,6,402,779,3,0,1,2,2,11,1,4,5,9,13,1,37,76,78,98,6,33,80,23,13,6,49,73,2126,9,230,61,4565,802,14260,117,8,5325,605,22,28,517,49686,33,15,143,1213,46,2425,6263,12287,7095,15,5,28,42,39
6,8,5,44,5,5,21,167,507,122,41,79,134,83,41,105,49,12,65,127,187,75,5,90,91,2,11,8,6,48,68,4,66,1,80,246,98,10,454,24,60,41,244,11,20,3,10,47,4,19,23,23,80,7,181,106,289,936,302,7361,451,211,202,257,179,315,494,478,757,555,517,169,4553,1567,465,13,834,185,54,222,17,207,170,258,55,33,4972,2984,609,34,9265,444,349,4,20,932,56,54,284,322
37,63,42,450,21,61,291,45,88,291,67,48,24,331,193,471,32,16,96,41,219,142,10,75,30,7,15,5,24,112,204,2,28,2,401,387,111,10,687,12,102,81,539,7,12,4,4,271,41,33,331,442,747,246,1787,5274,45,85,54,1316,1028,238,74,34,1085,924,8559,117,5504,160,343,384,2626,1033,491,24,392,32,209,217,19,148,495,860,109,15,2984,23059,1029,173,16772,54,241,2,19,2976,235,147,680,461
2,3,1,16,4,1,9,14,22,123,34,15,3,53,19,83,23,8,42,14,80,39,2,29,20,10,26,0,5,27,35,10,14,2,41,148,35,14,90,3,31,22,138,15,12,6,6,6,6,8,42,66,327,14,19,84,269,174,80,137,876,369,803,330,1257,14109,2781,409,361,464,967,629,56,333,6767,189,244,30,406,858,267,1953,2279,7980,1305,143,609,1029,52547,597,818,11,340,16,198,30,113,237,3191,10002
0,0,0,8,0,1,0,2,8,9,2,6,1,3,1,1,1,1,1,57,6,5,71,2,103,191,228,0,0,3,6,164,52,26,2,5,2,190,3,8,1,1,12,226,107,20,105,2,0,0,15,24,178,2,10,45,46,135,24,252,153,100,270,45,233,785,744,39,206,4138,134,999,45,1875,214,6355,1519,57,32,110,1450,3190,99,799,5105,1213,34,173,597,19131,76,25,8939,66,800,10,19,20,107,135
24,45,25,309,14,39,159,16,41,186,51,20,7,313,135,338,18,9,36,12,118,90,1,33,10,5,16,4,22,84,161,4,9,9,291,230,68,11,533,14,85,57,447,10,7,2,9,140,27,18,196,180,287,675,4295,1841,34,51,56,533,680,136,46,26,550,553,1555,114,416,50,269,200,2173,1911,349,17,918,122,140,171,25,87,319,435,40,46,9265,16772,818,76,31709,369,594,7,20,10462,209,121,483,334
0,0,0,0,0,0,1,0,0,0,0,0,0,0,0,0,0,0,0,3,0,32,5,0,0,28,42,321,2,0,0,35,2,897,0,2,7,3,11,2187,1,0,0,224,0,188,441,7,0,0,1,0,2,0,37,3,1,2,4,31,13,11,10,0,1,5,4,0,10,12,12,321,16,929,7,131,6107,18157,49,3,220,43,7,7,10,2425,444,54,11,25,369,42472,12270,698,573,92,1,13,1,5
0,0,0,1,0,3,2,2,7,3,4,2,7,1,1,0,3,1,1,31,3,45,104,3,70,437,363,88,5,2,2,470,40,802,3,7,3,127,14,739,4,2,2,977,85,283,607,7,1,1,5,6,40,1,73,17,10,41,9,306,252,204,363,39,64,223,119,47,80,506,279,3181,114,4542,220,5936,16620,1334,40,30,2699,3013,92,133,1106,6263,349,241,340,8939,594,12270,45750,610,3101,192,14,15,138,200
0,0,0,0,0,0,1,0,1,0,0,0,0,0,1,0,0,0,0,0,1,7,4,0,1,5,9,36,0,0,0,4,0,140,0,0,0,0,0,225,0,0,0,26,1,27,66,0,0,0,8,13,3,4,1,1,0,5,3,18,60,131,141,4,15,16,8,5,3,19,46,10947,2,36,27,150,84,21976,904,4,194,175,77,1,15,12287,4,2,16,66,7,698,610,30975,10209,2,4,143,40,19
0,1,0,0,0,0,0,1,5,4,3,0,0,0,0,1,1,1,0,8,0,22,32,0,11,132,82,34,1,0,0,132,10,379,0,3,0,18,4,293,1,0,1,316,7,133,278,1,0,0,1,5,8,0,5,1,9,14,7,79,141,199,365,26,16,84,20,59,15,109,185,8364,13,376,156,874,980,2069,50,15,8048,5833,48,41,465,7095,20,19,198,800,20,573,3101,10209,21130,3,2,11,46,92
11,35,20,252,16,63,253,1,1,34,2,0,1,84,65,221,0,0,0,2,13,18,2,5,1,1,10,3,3,21,37,2,2,0,232,19,42,1,259,15,16,11,118,8,3,1,3,299,12,3,384,100,70,557,6383,594,0,0,0,13,43,8,1,0,113,33,164,2,17,14,2,29,52,343,7,4,230,47,26,2,4,10,29,25,10,15,932,2976,30,10,10462,92,192,2,3,9941,370,7,26,8
1,8,9,47,3,2,33,1,2,12,2,0,0,21,17,43,1,1,1,0,6,2,0,5,0,1,0,0,1,7,9,0,0,0,35,9,2,0,43,1,7,3,25,0,0,0,0,27,3,3,6666,1302,891,644,3960,536,4,1,3,4,108,13,5,1,16047,659,364,4,6,13,13,99,3,29,7,9,8,15,16638,3,4,28,2332,80,44,5,56,235,113,19,209,1,14,4,2,370,48447,504,1207,50
2,1,1,11,2,3,8,2,1,8,6,0,0,8,2,16,0,0,2,0,5,7,0,3,0,0,2,0,1,6,5,0,0,0,15,22,7,1,24,0,2,3,18,0,0,0,0,5,3,2,189,317,197,116,38,156,0,5,2,16,11581,70,14,3,528,497,273,5,36,8,55,3555,0,8,49,5,18,438,19410,4,10,31,6572,87,28,28,54,147,237,20,121,13,15,143,11,7,504,47888,6240,323
8,7,2,16,3,2,18,9,16,47,18,5,1,36,13,49,5,4,20,9,26,21,2,13,6,4,7,0,5,16,23,6,4,2,32,70,17,6,48,2,8,16,78,7,3,0,0,8,5,5,204,466,526,123,61,366,14,19,28,52,18242,309,130,18,1333,5630,1072,39,166,37,779,1879,42,78,549,52,88,88,2942,47,57,252,23298,431,126,42,284,680,3191,107,483,1,138,40,46,26,1207,6240,37989,11935
1,1,1,3,0,0,4,9,15,28,11,7,0,11,4,40,6,6,13,4,28,12,3,15,2,10,11,2,2,10,23,5,2,1,15,52,18,11,35,2,12,5,44,10,2,0,3,0,1,4,37,50,118,12,11,73,17,13,17,68,6714,409,345,44,374,4562,492,99,173,42,4837,498,34,85,3752,58,113,24,230,81,112,550,2410,397,151,39,322,461,10002,135,334,5,200,19,92,8,50,323,11935,14877
