18926,2770,5231,2624,9909,4501,116,0,3,15,1,0,0,11724,756,273,0,0,1,8,1,151,1,4,1,11,2,7,240,214,33,3,2,1,8,11,84,0,34,0,82,10,63,2,2,2,3,8,1071,0,1,0,6,0,1,0,0,0,0,0,7,1,0,0,7,1,8,0,2,0,0,1,0,0,0,0,0,0,1,1,1,0,2,1,0,1,10,0,0,1,1,1,0,0,0,0,0,0,5,0
2770,12869,2086,10647,1611,1305,650,1,2,108,14,0,0,5330,6789,577,0,0,0,18,3,229,3,10,1,15,1,9,176,158,47,4,0,1,24,24,62,11,67,0,189,40,211,1,2,6,3,33,196,2,5,0,14,0,12,1,0,0,0,0,15,0,0,0,12,7,30,0,0,0,0,4,1,1,1,0,0,0,1,11,0,0,4,3,0,0,4,4,0,0,0,0,0,0,0,3,1,0,15,0
5231,2086,20647,9207,1626,11715,1229,0,0,41,4,0,0,371,46,72,0,1,0,0,0,213,1,0,0,3,0,6,90,48,0,1,1,1,6,1,8,0,6,0,79,11,3,0,1,3,0,45,74,0,19,59,9,534,7,2,0,0,0,0,0,0,0,0,4,0,0,0,0,0,0,0,0,0,0,0,0,0,0,2,0,0,0,0,0,0,1,0,0,0,0,0,0,0,0,2,0,0,1,0
2624,10647,9207,65742,1794,7866,23461,2,6,783,108,1,2,2421,10793,9823,0,2,10,15,3,894,3,32,1,10,2,22,454,511,56,6,2,1,96,45,221,9,181,0,878,216,647,3,0,9,3,214,232,19,8,5,96,6,53,25,0,0,0,0,47,1,0,0,61,11,199,0,9,3,2,1,3,1,1,0,0,0,6,51,0,0,13,8,0,0,21,42,0,0,12,1,0,0,0,22,3,2,40,1
9909,1611,1626,1794,11784,20533,133,2,2,16,2,0,0,6853,803,524,0,2,2,19,1,95,2,13,1,24,1,2,205,143,72,11,1,4,31,27,96,12,101,5,60,14,165,2,2,2,2,210,2329,2,9,5,18,1,5,2,0,0,0,0,14,1,0,0,40,8,21,0,2,0,2,3,2,0,1,0,0,0,4,13,0,0,9,4,0,0,6,4,1,0,0,0,0,0,0,4,3,1,13,0
4501,1305,11715,7866,20533,13877,10813,0,3,81,9,0,1,473,161,445,0,0,0,3,2,281,1,16,1,4,0,11,168,119,26,0,2,1,648,4,57,1,518,0,194,27,30,0,0,12,2,1689,2090,3,0,1,6,13,3,0,0,0,0,0,9,0,0,0,3,3,16,0,1,1,0,0,1,0,0,0,1,0,0,4,0,0,2,1,0,0,1,4,0,0,3,0,0,0,0,12,1,0,2,0
116,650,1229,23461,133,10813,21015,0,1,290,40,1,2,353,54,10510,0,0,2,0,1,512,0,18,0,2,0,7,179,185,11,0,2,0,2727,28,106,0,301,0,300,52,59,1,0,2,1,1627,42,9,16,35,101,221,222,2140,0,0,0,0,38,4,0,0,37,7,220,0,11,1,0,4,7,0,0,0,0,0,2,35,0,0,7,4,0,1,25,117,0,0,117,0,0,0,0,117,2,0,27,0
0,1,0,2,2,0,0,38334,4546,100,2212,950,6547,7,23,455,2577,18494,3416,13605,125,962,281,252,39,65,550,8,3,4,1086,54,2346,11,1,13,2734,46,13,2,0,5,67,16,300,24,72,1,1,1,0,0,0,0,0,0,0,2,0,1,3,1,2,5,0,0,0,4,0,236,1,2,6,49,0,1,92,0,0,3,3,82,0,0,40,0,66,0,0,14,0,0,7,1,0,0,0,0,1,0
3,2,0,6,2,3,1,4546,48363,90,741,545,537,8,27,645,365,770,4913,14506,223,377,125,11334,8862,198,4607,48,5,6,117,60,179,51,10,280,12220,689,50,305,5,14,68,1179,13,10,90,6,1,12,0,0,1,1,0,0,1,3,1,0,6,0,0,3,1,1,0,1,1,94,0,5,3,15,0,4,52,1,0,2,6,32,0,0,16,3,56,1,0,26,0,2,9,1,7,0,1,0,3,0
15,108,41,783,16,81,290,100,90,35627,4468,2474,309,96,1023,3244,541,592,158,99,6631,2856,428,757,20,92,75,47,373,125,1222,507,1109,24,204,249,1272,66,1143,11,15681,18084,2834,38,32,64,682,124,116,5789,21,10,35,5,11,7,0,0,0,3,106,7,0,1,55,13,32,0,25,7,3,21,16,1,2,1,5,0,9,37,1,7,22,9,3,1,67,14,1,9,6,0,3,0,3,13,3,3,48,4
1,14,4,108,2,9,40,2212,741,4468,4074,10023,1044,19,95,839,987,343,462,934,1811,4717,2032,732,22,87,116,36,23,33,206,168,660,32,46,194,940,103,688,10,99,76,80,71,23,107,505,19,9,30,6,5,9,1,5,3,2,0,0,2,44,7,0,0,25,5,10,0,14,23,1,10,3,5,0,1,7,0,3,11,3,9,6,2,5,0,58,4,0,8,0,1,5,0,2,1,3,0,22,1
0,0,0,1,0,0,1,950,545,2474,10023,17184,9432,4,4,11,5427,509,50,1686,4006,1470,5681,145,300,91,625,5,11,32,94,139,5012,6,0,13,428,533,28,1,31,87,31,60,177,26,718,0,0,27,1,0,0,0,0,0,1,1,0,1,0,0,1,1,0,1,0,5,0,28,0,11,0,15,0,3,43,0,0,4,6,45,0,0,37,4,10,0,0,99,0,0,27,0,13,0,0,0,2,0
0,0,0,2,0,1,2,6547,537,309,1044,9432,17955,16,22,4,6053,4731,16,3998,999,360,342,23,140,22,825,2,18,71,101,88,11201,5,0,3,906,42,8,1,35,159,19,10,137,7,92,0,0,87,0,0,0,0,0,0,3,2,0,4,0,0,1,5,1,0,0,3,1,351,0,2,0,66,0,0,177,0,0,2,0,113,0,0,41,0,65,0,0,12,0,0,9,0,1,0,0,0,0,0
11724,5330,371,2421,6853,473,353,7,8,96,19,4,16,72513,21130,1743,1,18,16,101,9,516,9,98,12,121,14,50,5444,32851,746,126,98,18,70,129,1021,33,465,9,651,1223,1488,15,33,26,53,79,18059,1760,30,20,87,9,47,14,0,0,0,1,179,18,0,1,150,22,73,1,28,2,5,17,8,0,2,1,1,0,10,54,1,6,33,18,0,0,93,19,1,3,13,0,0,0,0,11,14,3,108,6
756,6789,46,10793,803,161,54,23,27,1023,95,4,22,21130,28982,4963,1,34,37,267,53,312,23,112,21,335,25,19,674,2348,4309,289,140,60,204,272,684,100,735,3,610,516,10841,28,105,16,127,182,500,2595,37,26,132,5,77,41,0,0,0,0,107,12,1,1,138,36,194,1,22,3,5,19,9,0,2,1,5,0,7,69,1,6,32,15,3,0,31,31,6,3,5,0,1,0,1,29,16,5,69,4
273,577,72,9823,524,445,10510,455,645,3244,839,11,4,1743,4963,26897,11,130,7072,1812,399,552,11,617,77,450,45,28,420,1129,16839,78,15,27,8639,11295,3568,262,6089,5,800,786,11763,47,106,7,38,2125,155,463,62,48,411,18,181,111,0,1,1,4,230,26,0,0,274,73,1156,0,62,7,8,25,30,1,4,0,4,0,15,243,0,0,49,36,4,0,215,349,3,3,88,0,0,0,2,374,22,4,180,9
0,0,0,0,0,0,0,2577,365,541,987,5427,6053,1,1,11,4937,1158,40,161,14443,184,250,87,15,4,30,1,5,20,2108,36,530,0,1,9,356,14,19,0,7,39,29,5,3,0,93,0,0,18,0,0,0,0,0,0,0,0,0,0,0,0,0,0,0,0,0,0,0,2,0,0,0,0,0,2,2,0,0,0,0,2,0,0,1,0,6,0,0,3,0,0,1,0,0,0,0,0,0,0
0,0,1,2,2,0,0,18494,770,592,343,509,4731,18,34,130,1158,2216,1106,1218,1113,110,85,642,18,304,82,6,24,98,522,597,1903,70,3,58,501,53,39,1,76,325,166,17,1105,2,208,1,0,241,0,0,0,0,1,0,0,0,0,0,4,0,1,0,1,1,3,0,1,9,0,3,0,7,0,2,9,0,0,2,1,11,1,0,12,0,26,1,0,16,0,0,7,0,7,0,0,0,1,0
1,0,0,10,2,0,2,3416,4913,158,462,50,16,16,37,7072,40,1106,13793,1923,129,155,21,1717,162,50,52,1,8,41,381,10,12,1,8,5076,1359,163,164,1,12,46,104,50,16,2,4,6,1,19,1,0,1,0,2,0,0,0,0,0,17,3,0,1,4,1,1,1,8,1,1,10,5,1,0,0,1,0,3,6,0,1,1,0,2,0,56,0,0,1,0,0,1,0,0,1,1,0,14,0
8,18,0,15,19,3,0,13605,14506,99,934,1686,3998,101,267,1812,161,1218,1923,23851,117,906,1197,395,8659,1443,5881,13,17,42,1003,270,3513,31,18,266,4951,7476,46,10,17,41,749,194,4362,17,217,15,8,22,0,0,1,0,0,0,19,37,0,24,6,5,24,54,1,3,1,31,5,1531,0,94,7,600,0,12,767,2,1,45,16,1069,3,3,839,10,169,1,0,313,0,2,165,1,34,2,0,0,2,7
1,3,0,3,1,2,1,125,223,6631,1811,4006,999,9,53,399,14443,1113,129,117,24576,292,445,1011,33,44,80,12,36,96,4858,368,1246,15,28,129,1037,52,691,1,138,886,11873,19,29,11,495,17,1,2691,0,0,1,0,0,0,0,0,0,2,14,1,0,0,6,0,8,1,2,6,0,1,2,1,0,1,5,0,1,8,1,7,0,1,4,1,30,2,0,4,0,1,3,0,3,2,0,1,7,1
151,229,213,894,95,281,512,962,377,2856,4717,1470,360,516,312,552,184,110,155,906,292,17609,5224,184,99,559,485,1680,7674,1002,170,293,257,299,31,62,443,577,211,261,15031,877,113,370,187,2307,1136,34,265,157,18,13,31,0,8,5,0,0,0,0,111,6,0,2,64,22,23,1,17,13,2,20,7,6,1,3,30,7,5,30,4,27,22,7,14,8,45,13,3,45,2,15,26,2,15,8,5,2,47,2
1,3,1,3,2,1,0,281,125,428,2032,5681,342,9,23,11,250,85,21,1197,445,5224,7343,98,293,1308,1252,328,56,23,49,597,3926,183,1,10,90,916,14,136,39,23,28,819,266,2116,4574,0,0,8,0,0,0,0,1,0,0,2,0,3,3,0,7,5,0,0,2,1,0,41,1,30,0,25,0,17,63,2,0,1,15,87,0,1,47,14,0,0,0,119,0,14,51,0,41,0,0,0,1,2
4,10,0,32,13,16,18,252,11334,757,732,145,23,98,112,617,87,642,1717,395,1011,184,98,6178,977,462,2176,315,60,179,485,159,77,172,84,7094,10914,556,11565,1781,109,165,423,2250,19,19,245,89,4,137,0,3,8,0,2,4,0,0,0,0,11,0,0,0,2,2,27,1,3,16,0,5,5,3,0,7,24,2,0,10,7,13,2,0,5,8,18,10,0,17,6,16,19,1,11,21,0,0,7,0
1,1,0,1,1,1,0,39,8862,20,22,300,140,12,21,77,15,18,162,8659,33,99,293,977,7652,74,9707,9,7,20,46,73,713,6,6,189,1306,1753,47,21,5,10,35,1583,97,5,97,3,1,4,0,0,0,0,0,0,3,4,0,2,1,4,8,11,0,0,1,18,0,246,0,34,5,140,0,3,393,0,0,6,7,252,2,0,214,3,5,0,0,162,0,0,65,0,16,0,0,0,1,1
11,15,3,10,24,4,2,65,198,92,87,91,22,121,335,450,4,304,50,1443,44,559,1308,462,74,35159,2403,208,14,27,591,16867,444,8618,8,49,45,10656,37,412,13,12,630,16495,657,145,2927,2,7,11,1,0,0,0,1,0,4,0,0,0,7,5,5,5,0,0,0,2,1,6,1,89,0,11,0,128,200,5,0,1,112,86,0,1,43,55,1,0,0,332,0,41,239,2,153,0,0,0,0,0
2,1,0,2,1,0,0,550,4607,75,116,625,825,14,25,45,30,82,52,5881,80,485,1252,2176,9707,2403,22035,1534,10,25,48,1758,2405,585,1,91,635,2229,48,9368,9,30,25,16175,1703,84,1593,0,0,12,0,0,1,0,0,0,3,9,0,8,1,1,8,12,0,0,1,9,0,255,0,55,1,232,0,53,1003,10,0,8,63,230,0,0,131,49,1,0,0,264,0,90,132,3,69,1,0,0,1,0
7,9,6,22,2,11,7,8,48,47,36,5,2,50,19,28,1,6,1,13,12,1680,328,315,9,208,1534,62155,1435,189,12,355,18,7863,0,1,531,23,32,22087,433,21,9,1536,10,9451,4002,1,16,5,0,0,0,0,0,0,0,0,0,0,2,2,0,1,0,1,0,0,0,1,0,4,1,0,0,11,10,311,0,1,15,1,2,1,2,173,5,0,0,5,0,539,24,55,47,0,0,0,1,0
240,176,90,454,205,168,179,3,5,373,23,11,18,5444,674,420,5,24,8,17,36,7674,56,60,7,14,10,1435,79616,11729,218,66,87,55,17,24,295,8,119,110,23744,761,144,15,9,860,142,25,6340,122,9,5,17,1,6,4,0,1,0,1,44,5,0,0,44,8,11,1,9,1,1,4,2,0,3,0,0,2,0,17,1,2,11,5,0,1,25,4,0,0,2,4,0,0,0,3,6,0,28,0
214,158,48,511,143,119,185,4,6,125,33,32,71,32851,2348,1129,20,98,41,42,96,1002,23,179,20,27,25,189,11729,55682,1060,203,357,22,31,41,785,19,326,16,8705,13928,490,6,31,98,121,25,1716,3229,11,4,23,2,9,3,0,0,0,1,85,7,0,0,44,12,17,1,19,2,4,8,4,2,0,1,3,1,5,13,0,4,19,9,1,0,58,7,1,2,3,0,3,0,0,4,2,4,41,3
33,47,0,56,72,26,11,1086,117,1222,206,94,101,746,4309,16839,2108,522,381,1003,4858,170,49,485,46,591,48,12,218,1060,15080,604,274,113,198,2445,1243,212,1447,6,282,1118,31039,44,504,9,212,198,70,3483,12,5,24,1,10,0,0,0,0,1,91,11,1,0,45,2,41,2,18,8,1,16,11,5,0,2,8,0,7,31,3,5,4,8,3,3,66,10,0,15,8,0,5,0,9,9,7,2,52,3
3,4,1,6,11,0,0,54,60,507,168,139,88,126,289,78,36,597,10,270,368,293,597,159,73,16867,1758,355,66,203,604,32399,5329,4923,1,12,52,1177,11,341,63,181,200,2184,7945,52,15837,0,17,90,0,0,0,0,0,0,4,1,0,0,0,2,3,3,1,0,1,0,0,3,1,56,0,18,0,97,162,14,0,0,84,93,1,0,43,59,1,0,0,281,0,55,200,4,129,0,0,0,1,0
2,0,1,2,1,2,2,2346,179,1109,660,5012,11201,98,140,15,530,1903,12,3513,1246,257,3926,77,713,444,2405,18,87,357,274,5329,12530,60,0,6,237,1654,17,14,144,535,136,221,1608,24,4747,0,9,343,0,0,0,0,0,0,5,2,0,11,3,1,8,8,0,0,1,19,2,376,0,46,2,157,0,16,309,0,0,10,20,360,0,0,311,5,17,0,0,272,0,2,92,1,61,0,0,0,1,0
1,1,1,1,4,1,0,11,51,24,32,6,5,18,60,27,0,70,1,31,15,299,183,172,6,8618,585,7863,55,22,113,4923,60,29045,0,2,76,86,11,9253,33,3,47,4474,81,865,14069,0,3,2,0,0,0,0,0,0,0,0,0,1,2,0,0,0,0,0,1,1,0,0,1,7,0,4,0,22,16,85,0,0,32,4,0,0,1,308,1,0,0,22,0,438,60,20,95,0,0,0,0,0
8,24,6,96,31,648,2727,1,10,204,46,0,0,70,204,8639,1,3,8,18,28,31,1,84,6,8,1,0,17,31,198,1,0,0,7110,3514,247,10,15087,0,17,36,321,4,0,0,0,1568,12,14,2,0,23,0,18,7,0,0,0,0,12,4,0,0,21,1,154,0,6,1,1,2,3,0,0,0,0,0,2,18,0,1,1,1,0,0,23,57,0,1,21,0,0,0,0,110,1,0,8,1
11,24,1,45,27,4,28,13,280,249,194,13,3,129,272,11295,9,58,5076,266,129,62,10,7094,189,49,91,1,24,41,2445,12,6,2,3514,12489,1714,219,5812,2,26,35,1216,115,1,0,9,95,15,19,0,0,4,1,8,2,0,0,0,0,22,5,0,0,7,6,20,0,9,2,0,2,1,2,0,0,1,0,2,8,1,0,2,4,2,0,35,1,0,1,1,1,1,0,3,2,3,0,16,0
84,62,8,221,96,57,106,2734,12220,1272,940,428,906,1021,684,3568,356,501,1359,4951,1037,443,90,10914,1306,45,635,531,295,785,1243,52,237,76,247,1714,2184,71,3694,1046,404,455,1627,248,14,21,121,668,78,285,14,5,40,1,14,4,4,7,0,15,92,13,3,14,55,19,118,1,78,350,9,23,27,27,3,0,17,2,11,37,1,23,25,11,10,5,540,31,2,9,17,8,1,2,0,38,7,4,44,4
0,11,0,9,12,1,0,46,689,66,103,533,42,33,100,262,14,53,163,7476,52,577,916,556,1753,10656,2229,23,8,19,212,1177,1654,86,10,219,71,6630,71,58,4,16,280,9704,4751,17,981,6,4,11,0,0,0,0,0,0,4,0,0,0,2,3,5,5,1,1,0,11,0,22,1,91,0,54,0,53,163,1,1,3,48,229,0,0,108,12,5,0,0,505,0,2,169,1,112,0,0,0,2,1
34,67,6,181,101,518,301,13,50,1143,688,28,8,465,735,6089,19,39,164,46,691,211,14,11565,47,37,48,32,119,326,1447,11,17,11,15087,5812,3694,71,17441,92,167,217,1784,53,1,10,23,8739,85,166,1,3,29,2,11,11,0,0,0,0,24,2,0,0,20,9,160,0,11,6,1,1,5,1,0,0,1,0,2,37,0,0,3,2,1,1,49,54,0,0,24,2,0,0,0,95,3,0,15,0
0,0,0,0,5,0,0,2,305,11,10,1,1,9,3,5,0,1,1,10,1,261,136,1781,21,412,9368,22087,110,16,6,341,14,9253,0,2,1046,58,92,37496,35,4,0,12405,4,1273,2554,0,0,1,0,0,0,0,0,0,1,0,0,0,4,1,0,3,1,0,0,0,0,3,0,20,1,3,0,84,28,256,0,0,55,3,0,0,1,760,2,0,0,19,0,1374,159,55,189,2,0,0,0,1
82,189,79,878,60,194,300,0,5,15681,99,31,35,651,610,800,7,76,12,17,138,15031,39,109,5,13,9,433,23744,8705,282,63,144,33,17,26,404,4,167,35,67330,10127,277,5,4,312,84,15,404,582,7,2,22,1,13,2,0,0,0,0,45,3,0,0,32,5,12,0,7,0,3,4,2,0,0,0,1,0,6,10,0,1,7,6,2,1,35,2,0,1,1,4,0,0,0,5,4,2,28,0
10,40,11,216,14,27,52,5,14,18084,76,87,159,1223,516,786,39,325,46,41,886,877,23,165,10,12,30,21,761,13928,1118,181,535,3,36,35,455,16,217,4,10127,14074,1824,7,17,21,161,18,19,11833,4,2,8,0,1,2,0,0,0,0,26,2,0,0,7,11,14,1,13,3,1,4,3,0,0,0,2,0,1,7,0,1,4,2,2,0,18,1,0,3,2,0,1,0,0,1,1,0,13,3
63,211,3,647,165,30,59,67,68,2834,80,31,19,1488,10841,11763,29,166,104,749,11873,113,28,423,35,630,25,9,144,490,31039,200,136,47,321,1216,1627,280,1784,0,277,1824,59459,42,61,6,102,279,67,11644,11,3,72,2,41,15,0,0,0,0,60,7,0,1,72,18,132,0,15,3,1,5,10,2,0,1,7,0,5,35,1,3,8,5,4,0,31,22,0,3,5,0,0,0,0,21,7,0,42,3
2,1,0,3,2,0,1,16,1179,38,71,60,10,15,28,47,5,17,50,194,19,370,819,2250,1583,16495,16175,1536,15,6,44,2184,221,4474,4,115,248,9704,53,12405,5,7,42,45926,69,286,3281,4,2,4,0,0,1,0,0,0,2,5,0,2,5,3,0,1,0,1,1,7,2,6,1,65,0,20,0,144,183,38,0,1,133,59,0,0,29,229,1,1,0,247,0,303,273,12,140,0,0,0,1,1
2,2,1,0,2,0,0,300,13,32,23,177,137,33,105,106,3,1105,16,4362,29,187,266,19,97,657,1703,10,9,31,504,7945,1608,81,0,1,14,4751,1,4,4,17,61,69,13491,6,557,0,6,16,0,0,0,0,0,0,4,4,0,1,1,7,9,7,0,1,0,18,0,13,0,91,1,57,0,27,144,1,0,2,41,283,0,0,163,7,1,0,0,660,0,0,174,0,108,0,0,0,3,1
2,6,3,9,2,12,2,24,10,64,107,26,7,26,16,7,0,2,2,17,11,2307,2116,19,5,145,84,9451,860,98,9,52,24,865,0,0,21,17,10,1273,312,21,6,286,6,9076,5209,0,4,1,0,0,1,0,0,0,0,0,0,0,0,0,0,0,1,0,0,1,0,0,1,0,0,0,0,1,4,77,0,1,2,1,0,2,2,71,0,0,0,1,0,203,5,10,12,0,0,0,0,0
3,3,0,3,2,2,1,72,90,682,505,718,92,53,127,38,93,208,4,217,495,1136,4574,245,97,2927,1593,4002,142,121,212,15837,4747,14069,0,9,121,981,23,2554,84,161,102,3281,557,5209,32267,0,5,73,1,0,0,0,0,0,2,1,0,0,2,1,1,1,0,1,0,2,0,1,0,34,1,9,0,74,77,44,0,0,78,32,0,0,17,296,5,0,0,125,0,382,141,20,122,0,0,0,2,3
8,33,45,214,210,1689,1627,1,6,124,19,0,0,79,182,2125,0,1,6,15,17,34,0,89,3,2,0,1,25,25,198,0,0,0,1568,95,668,6,8739,0,15,18,279,4,0,0,0,4133,273,6,10,6,93,3,54,32,0,0,0,0,30,4,0,0,49,14,547,0,39,0,0,4,16,0,2,0,0,0,3,81,0,0,8,8,0,0,77,217,1,0,91,0,0,0,0,564,4,1,25,1
1071,196,74,232,2329,2090,42,1,1,116,9,0,0,18059,500,155,0,0,1,8,1,265,0,4,1,7,0,16,6340,1716,70,17,9,3,12,15,78,4,85,0,404,19,67,2,6,4,5,273,9532,1,4,3,5,1,0,2,0,0,0,0,11,0,0,0,10,4,2,0,3,0,0,2,0,0,0,0,0,0,2,5,0,0,1,1,0,0,0,2,0,1,1,0,0,0,0,1,2,0,12,0
0,2,0,19,2,3,9,1,12,5789,30,27,87,1760,2595,463,18,241,19,22,2691,157,8,137,4,11,12,5,122,3229,3483,90,343,2,14,19,285,11,166,1,582,11833,11644,4,16,1,73,6,1,20016,0,0,0,0,1,0,0,0,0,0,8,0,0,0,2,2,3,0,4,1,0,0,0,0,0,0,1,0,0,5,0,1,1,2,3,1,12,0,0,1,1,0,1,0,0,0,0,1,3,1
1,5,19,8,9,0,16,0,0,21,6,1,0,30,37,62,0,0,1,0,0,18,0,0,0,1,0,0,9,11,12,0,0,0,2,0,14,0,1,0,7,4,11,0,0,0,1,10,4,0,51039,16196,5744,11478,14438,694,0,0,0,2,361,27,0,0,19588,212,208,2,44,1,3,84,28,3,0,1,0,0,516,86,1,1,1332,77,0,0,100,67,1,4,25,0,2,0,0,444,12678,56,994,62
0,0,59,5,5,1,35,0,0,10,5,0,0,20,26,48,0,0,0,0,0,13,0,3,0,0,0,0,5,4,5,0,0,0,0,0,5,0,3,0,2,2,3,0,0,0,0,6,3,0,16196,48348,9515,13255,3561,6055,0,0,0,0,586,21,0,0,16814,71,94,0,21,3,0,57,13,2,0,0,0,0,170,30,0,0,381,42,0,0,52,35,0,3,18,0,0,0,1,273,919,19,598,22
6,14,9,96,18,6,101,0,1,35,9,0,0,87,132,411,0,0,1,1,1,31,0,8,0,0,1,0,17,23,24,0,0,0,23,4,40,0,29,0,22,8,72,1,0,1,0,93,5,0,5744,9515,32753,2788,3840,19103,0,1,0,5,1947,243,0,0,14994,7438,3765,8,144,4,25,182,63,7,1,0,2,0,379,326,0,3,1273,623,0,0,180,393,36,4,88,0,2,0,0,266,1059,67,1891,255
0,0,534,6,1,13,221,0,1,5,1,0,0,9,5,18,0,0,0,0,0,0,0,0,0,0,0,0,1,2,1,0,0,0,0,1,1,0,2,0,1,0,2,0,0,0,0,3,1,0,11478,13255,2788,23181,17479,10179,0,0,0,0,840,20,0,0,1326,23,92,0,8,0,0,45,7,0,0,0,0,0,69,6,0,0,157,4,0,0,10,67,0,1,268,0,0,0,0,256,322,17,697,11
1,12,7,53,5,3,222,0,0,11,5,0,0,47,77,181,0,1,2,0,0,8,1,2,0,1,0,0,6,9,10,0,0,0,18,8,14,0,11,0,13,1,41,0,0,0,0,54,0,1,14438,3561,3840,17479,21553,11025,0,0,0,2,963,89,0,0,1191,106,384,2,55,2,5,95,53,0,2,0,0,0,89,51,1,1,239,28,0,0,51,285,2,0,316,0,0,1,0,4686,3029,38,704,51
0,1,2,25,2,0,2140,0,0,7,3,0,0,14,41,111,0,0,0,0,0,5,0,4,0,0,0,0,4,3,0,0,0,0,7,2,4,0,11,0,2,2,15,0,0,0,0,32,2,0,694,6055,19103,10179,11025,47803,0,0,0,2,963,81,0,0,547,70,4707,1,19,0,0,68,10,1,0,0,0,0,69,9,0,0,204,10,0,0,36,691,5,0,671,0,0,0,0,46,112,17,648,30
0,0,0,0,0,0,0,0,1,0,2,1,3,0,0,0,0,0,0,19,0,0,0,0,3,4,3,0,0,0,0,4,5,0,0,0,4,4,0,1,0,0,0,2,4,0,2,0,0,0,0,0,0,0,0,0,3279,6980,88,1724,211,718,343,4473,1,4,5,6214,166,5961,267,244,228,48,13,220,40,3,1,65,589,10053,2,0,288,71,393,1,16,157,1,5,61,25,458,0,0,0,88,230
0,0,0,0,0,0,0,2,3,0,0,1,2,0,0,1,0,0,0,37,0,0,2,0,4,0,9,0,1,0,0,1,2,0,0,0,7,0,0,0,0,0,0,5,4,0,1,0,0,0,0,0,1,0,0,0,6980,23742,3495,1783,15,1239,82,898,1,1,10,10845,767,17678,22,208,734,42,1,64,34,2,0,1254,25,613,0,1,544,8,2525,2,0,407,0,6,36,19,44,1,0,0,3,11
0,0,0,0,0,0,0,0,1,0,0,0,0,0,0,1,0,0,0,0,0,0,0,0,0,0,0,0,0,0,0,0,0,0,0,0,0,0,0,0,0,0,0,0,0,0,0,0,0,0,0,0,0,0,0,0,88,3495,1573,6178,3,16,0,2,0,0,70,1540,3705,23,2,0,85,0,0,0,0,0,0,855,0,1,0,0,1,0,5,0,0,1,0,0,2,0,0,0,0,0,0,0
0,0,0,0,0,0,0,1,0,3,2,1,4,1,0,4,0,0,0,24,2,0,3,0,2,0,8,0,1,1,1,0,11,1,0,0,15,0,0,0,0,0,0,2,1,0,0,0,0,0,2,0,5,0,2,2,1724,1783,6178,38889,169,1853,127,762,23,22,141,1300,7472,16012,302,333,18566,10348,7,19,1660,4,5,1689,46,264,6,50,59,11,3969,23,4,104,10,5,300,25,80,3,4,0,28,28
7,15,0,47,14,9,38,3,6,106,44,0,0,179,107,230,0,4,17,6,14,111,3,11,1,7,1,2,44,85,91,0,3,2,12,22,92,2,24,4,45,26,60,5,1,0,2,30,11,8,361,586,1947,840,963,963,211,15,3,169,29727,915,483,932,1043,2137,1910,1678,1146,26,3946,803,1514,53,1337,122,48,39,119,1321,528,260,286,859,29,170,1001,409,325,81,357,33,281,169,835,447,200,44345,65387,9155
1,0,0,1,1,0,4,1,0,7,7,0,0,18,12,26,0,0,3,5,1,6,0,0,4,5,1,2,5,7,11,2,1,0,4,5,13,3,2,1,3,2,7,3,7,0,1,4,0,0,27,21,243,20,89,81,718,1239,16,1853,915,6766,6182,8340,115,300,591,3660,1298,363,4977,7990,1782,98,197,42,83,44,61,658,231,2056,18,149,6,122,629,209,16,55,246,47,361,263,1062,56,10,3,65,57
0,0,0,0,0,0,0,2,0,0,0,1,1,0,1,0,0,1,0,24,0,0,7,0,8,5,8,0,0,0,1,3,8,0,0,0,3,5,0,0,0,0,0,0,9,0,1,0,0,0,0,0,0,0,0,0,343,82,0,127,483,6182,9339,21994,0,0,1,2244,26,318,1397,6904,43,199,114,6,135,8,4,21,67,19338,0,1,5,32,24,0,5,38,1,11,122,103,650,0,0,0,18,34
0,0,0,0,0,0,0,5,3,1,0,1,5,1,1,0,0,0,1,54,0,2,5,0,11,5,12,1,0,0,0,3,8,0,0,0,14,5,0,3,0,0,1,1,7,0,1,0,0,0,0,0,0,0,0,0,4473,898,2,762,932,8340,21994,13707,3,2,3,12374,61,4128,4228,2314,170,258,102,43,163,17,2,25,477,23567,3,1,44,72,251,1,13,27,1,10,152,126,1704,0,0,0,82,167
7,12,4,61,40,3,37,0,1,55,25,0,1,150,138,274,0,1,4,1,6,64,0,2,0,0,0,0,44,44,45,1,0,0,21,7,55,1,20,1,32,7,72,0,0,1,0,49,10,2,19588,16814,14994,1326,1191,547,1,1,0,23,1043,115,0,3,83583,11171,1396,14,288,33,26,368,108,31,10,12,4,1,4412,1462,16,24,29865,1704,11,7,539,177,143,68,197,1,23,1,7,222,10478,250,4572,3055
1,7,0,11,8,3,7,0,1,13,5,1,0,22,36,73,0,1,1,3,0,22,0,2,0,0,0,1,8,12,2,0,0,0,1,6,19,1,9,0,5,11,18,1,1,0,1,14,4,2,212,71,7438,23,106,70,4,1,0,22,2137,300,0,2,11171,26561,2568,68,110,27,45,58,55,30,135,36,10,2,288,4265,24,39,7750,7678,23,18,233,76,8076,96,96,0,28,0,7,25,334,43,4869,15164
8,30,0,199,21,16,220,0,0,32,10,0,0,73,194,1156,0,3,1,1,8,23,2,27,1,0,1,0,11,17,41,1,1,1,154,20,118,0,160,0,12,14,132,1,0,0,0,547,2,3,208,94,3765,92,384,4707,5,10,70,141,1910,591,1,3,1396,2568,32922,124,18938,29,401,102,753,105,86,2,4,0,121,9247,2,13,382,5300,0,1,471,19853,52,6,1711,0,23,0,6,3404,139,29,1374,250
0,0,0,0,0,0,0,4,1,0,0,5,3,1,1,0,0,0,1,31,1,1,1,1,18,2,9,0,1,1,2,0,19,1,0,0,1,11,0,0,0,1,0,7,18,1,2,0,0,0,2,0,8,0,2,1,6214,10845,1540,1300,1678,3660,2244,12374,14,68,124,6348,3872,1469,15269,405,1541,120,1508,558,91,36,2,1284,664,1421,42,44,1355,176,214,54,1261,1609,72,11,105,39,397,6,5,2,448,4249
2,0,0,9,2,1,11,0,1,25,14,0,1,28,22,62,0,1,8,5,2,17,0,3,0,1,0,0,9,19,18,0,2,0,6,9,78,0,11,0,7,13,15,2,0,0,0,39,3,4,44,21,144,8,55,19,166,767,3705,7472,1146,1298,26,61,288,110,18938,3872,22368,346,612,217,10609,951,131,8,33,1,37,13618,13,71,116,377,15,2,1257,1769,43,55,491,1,127,5,22,454,42,9,474,119
0,0,0,3,0,1,1,236,94,7,23,28,351,2,3,7,2,9,1,1531,6,13,41,16,246,6,255,1,1,2,8,3,376,0,1,2,350,22,6,3,0,3,3,6,13,0,1,0,0,1,1,3,4,0,2,0,5961,17678,23,16012,26,363,318,4128,33,27,29,1469,346,16616,7,395,1899,8975,1,129,3987,24,2,2266,337,11173,13,25,8300,99,4512,7,1,4058,4,16,1708,33,239,0,5,2,26,15
0,0,0,2,2,0,0,1,0,3,1,0,0,5,5,8,0,0,1,0,0,2,1,0,0,1,0,0,1,4,1,1,0,1,1,0,9,1,1,0,3,1,1,1,0,1,0,0,0,0,3,0,25,0,5,0,267,22,2,302,3946,4977,1397,4228,26,45,401,15269,612,7,18870,637,1762,18,5271,83,37,9,4,4366,541,409,4,43,17,126,485,135,521,46,317,22,175,72,692,15,2,2,1455,11062
1,4,0,1,3,0,4,2,5,21,10,11,2,17,19,25,0,3,10,94,1,20,30,5,34,89,55,4,4,8,16,56,46,7,2,2,23,91,1,20,4,4,5,65,91,0,34,4,2,0,84,57,182,45,95,68,244,208,0,333,803,7990,6904,2314,368,58,102,405,217,395,637,33732,354,832,20,286,1772,1403,4742,161,1133,13739,670,24,90,788,225,36,15,693,39,398,2772,7239,11038,70,1182,2352,1011,78
0,1,0,3,2,1,7,6,3,16,3,0,0,8,9,30,0,0,5,7,2,7,0,5,5,0,1,1,2,4,11,0,2,0,3,1,27,0,5,1,2,3,10,0,1,0,1,16,0,0,28,13,63,7,53,10,228,734,85,18566,1514,1782,43,170,108,55,753,1541,10609,1899,1762,354,4263,2513,425,14,1643,335,63,1672,20,86,76,57,28,10,22275,4197,78,48,3483,483,97,7,36,128,41,34,982,281
0,1,0,1,0,0,0,49,15,1,5,15,66,0,0,1,0,7,1,600,1,6,25,3,140,11,232,0,0,2,5,18,157,4,0,2,27,54,1,3,0,0,2,20,57,0,9,0,0,0,3,2,7,0,0,1,48,42,0,10348,53,98,199,258,31,30,105,120,951,8975,18,832,2513,20209,3,155,19378,94,5,407,355,3755,8,56,1258,129,294,16,0,1256,9,410,5192,30,550,0,1,2,31,25
0,1,0,1,1,0,0,0,0,2,0,0,0,2,2,4,0,0,0,0,0,1,0,0,0,0,0,0,3,0,0,0,0,0,0,0,3,0,0,0,0,0,0,0,0,0,0,2,0,0,0,0,1,0,2,0,13,1,0,7,1337,197,114,102,10,135,86,1508,131,1,5271,20,425,3,10872,4,1,0,1,10465,15,14,4,6645,0,4,205,78,12820,0,177,0,3,3,17,7,1,2,426,7399
0,0,0,0,0,0,0,1,4,1,1,3,0,1,1,0,2,2,0,12,1,3,17,7,3,128,53,11,0,1,2,97,16,22,0,0,0,53,0,84,0,0,1,144,27,1,74,0,0,0,1,0,0,0,0,0,220,64,0,19,122,42,6,43,12,36,2,558,8,129,83,286,14,155,4,28272,1106,172,8,142,8449,2499,39,1,3524,7451,11,1,2,12182,1,319,8075,21,346,0,2,0,281,616
0,0,0,0,0,1,0,92,52,5,7,43,177,1,5,4,2,9,1,767,5,30,63,24,393,200,1003,10,0,3,8,162,309,16,0,1,17,163,1,28,1,2,7,183,144,4,77,0,0,1,0,0,2,0,0,0,40,34,0,1660,48,83,135,163,4,10,4,91,33,3987,37,1772,1643,19378,1,1106,20147,1272,8,146,1117,2915,2,8,2062,621,194,1,0,3560,1,6363,11693,33,2049,0,2,0,16,28
0,0,0,0,0,0,0,0,1,0,0,0,0,0,0,0,0,0,0,2,0,7,2,2,0,5,10,311,2,1,0,14,0,85,0,0,2,1,0,256,0,0,0,38,1,77,44,0,0,0,0,0,0,0,0,0,3,2,0,4,39,44,8,17,1,2,0,36,1,24,9,1403,335,94,0,172,1272,54631,1032,18,179,20,2,0,10,8432,86,0,0,282,1,22896,1450,18647,1157,0,3,59,28,28
1,1,0,6,4,0,2,0,0,9,3,0,0,10,7,15,0,0,3,1,1,5,0,0,0,0,0,0,0,5,7,0,0,0,2,2,11,1,2,0,6,1,5,0,0,0,0,3,2,0,516,170,379,69,89,69,1,0,0,5,119,61,4,2,4412,288,121,2,37,2,4,4742,63,5,1,8,8,1032,128230,140,8,11,21165,119,4,36,97,21,5,18,15,25,14,730,22,24,10798,31097,4588,58
1,11,2,51,13,4,35,3,2,37,11,4,2,54,69,243,0,2,6,45,8,30,1,10,6,1,8,1,17,13,31,0,10,0,18,8,37,3,37,0,10,7,35,1,2,1,0,81,5,5,86,30,326,6,51,9,65,1254,855,1689,1321,658,21,25,1462,4265,9247,1284,13618,2266,4366,161,1672,407,10465,142,146,18,140,4603,109,377,832,8775,240,79,847,753,7165,1242,422,11,560,11,99,382,170,30,895,4369
1,0,0,0,0,0,0,3,6,1,3,6,0,1,1,0,0,1,0,16,1,4,15,7,7,112,63,15,1,0,3,84,20,32,0,1,1,48,0,55,0,0,1,133,41,2,78,0,0,0,1,0,0,0,1,0,589,25,0,46,528,231,67,477,16,24,2,664,13,337,541,1133,20,355,15,8449,1117,179,8,109,25034,4984,25,1,1650,9965,14,2,15,1456,2,686,4168,173,10612,0,5,2,640,946
0,0,0,0,0,0,0,82,32,7,9,45,113,6,6,0,2,11,1,1069,7,27,87,13,252,86,230,1,2,4,5,93,360,4,1,0,23,229,0,3,1,1,3,59,283,1,32,0,0,1,1,0,3,0,1,0,10053,613,1,264,260,2056,19338,23567,24,39,13,1421,71,11173,409,13739,86,3755,14,2499,2915,20,11,377,4984,32883,40,20,9792,251,129,1,15,2673,2,19,2362,85,8181,0,2,0,296,539
2,4,0,13,9,2,7,0,0,22,6,0,0,33,32,49,0,1,1,3,0,22,0,2,2,0,0,2,11,19,4,1,0,0,1,2,25,0,3,0,7,4,8,0,0,0,0,8,1,1,1332,381,1273,157,239,204,2,0,0,6,286,18,0,3,29865,7750,382,42,116,13,4,670,76,8,4,39,2,2,21165,832,25,40,58142,455,33,20,249,94,55,114,89,0,17,1,8,41,7000,17912,42949,5569
1,3,0,8,4,1,4,0,0,9,2,0,0,18,15,36,0,0,0,3,1,7,1,0,0,1,0,1,5,9,8,0,0,0,1,4,11,0,2,0,6,2,5,0,0,2,0,8,1,2,77,42,623,4,28,10,0,1,0,50,859,149,1,1,1704,7678,5300,44,377,25,43,24,57,56,6645,1,8,0,119,8775,1,20,455,22043,3,0,86,27,6702,10,30,0,28,0,5,11,150,15,537,1769
0,0,0,0,0,0,0,40,16,3,5,37,41,0,3,4,1,12,2,839,4,14,47,5,214,43,131,2,0,1,3,43,311,1,0,2,10,108,1,1,2,2,4,29,163,2,17,0,0,3,0,0,0,0,0,0,288,544,1,59,29,6,5,44,11,23,0,1355,15,8300,17,90,28,1258,0,3524,2062,10,4,240,1650,9792,33,3,10468,79,47,0,2,7955,0,4,607,1,96,0,0,0,88,266
1,0,0,0,0,0,1,0,3,1,0,4,0,0,0,0,0,0,0,10,1,8,14,8,3,55,49,173,1,0,3,59,5,308,0,0,5,12,1,760,1,0,0,229,7,71,296,0,0,1,0,0,0,0,0,0,71,8,0,11,170,122,32,72,7,18,1,176,2,99,126,788,10,129,4,7451,621,8432,36,79,9965,251,20,0,79,61062,6,2,1,1591,1,8086,9870,5391,6820,0,2,5,197,290
10,4,1,21,6,1,25,66,56,67,58,10,65,93,31,215,6,26,56,169,30,45,0,18,5,1,1,5,25,58,66,1,17,1,23,35,540,5,49,2,35,18,31,1,1,0,5,77,0,12,100,52,180,10,51,36,393,2525,5,3969,1001,629,24,251,539,233,471,214,1257,4512,485,225,22275,294,205,11,194,86,97,847,14,129,249,86,47,6,891,203,91,31,4028,76,12,3,18,1085,85,32,652,155
0,4,0,42,4,4,117,0,1,14,4,0,0,19,31,349,0,1,0,1,2,13,0,10,0,0,0,0,4,7,10,0,0,0,57,1,31,0,54,0,2,1,22,1,0,0,0,217,2,0,67,35,393,67,285,691,1,2,0,23,409,209,0,1,177,76,19853,54,1769,7,135,36,4197,16,78,1,1,0,21,753,2,1,94,27,0,2,203,20137,26,1,7143,0,2,0,2,1380,21,6,206,46
0,0,0,0,1,0,0,0,0,1,0,0,0,1,6,3,0,0,0,0,0,3,0,0,0,0,0,0,0,1,0,0,0,0,0,0,2,0,0,0,0,0,0,0,0,0,0,1,0,0,1,0,36,0,2,5,16,0,0,4,325,16,5,13,143,8076,52,1261,43,1,521,15,78,0,12820,2,0,0,5,7165,15,15,55,6702,2,1,91,26,10737,8,77,0,2,0,9,15,1,3,146,3702
1,0,0,0,0,0,0,14,26,9,8,99,12,3,3,3,3,16,1,313,4,45,119,17,162,332,264,5,0,2,15,281,272,22,1,1,9,505,0,19,1,3,3,247,660,1,125,0,1,1,4,3,4,1,0,0,157,407,1,104,81,55,38,27,68,96,6,1609,55,4058,46,693,48,1256,0,12182,3560,282,18,1242,1456,2673,114,10,7955,1591,31,1,8,19316,0,122,13955,28,856,0,9,3,200,404
1,0,0,12,0,3,117,0,0,6,0,0,0,13,5,88,0,0,0,0,0,2,0,6,0,0,0,0,2,3,8,0,0,0,21,1,17,0,24,0,1,2,5,0,0,0,0,91,1,1,25,18,88,268,316,671,1,0,0,10,357,246,1,1,197,96,1711,72,491,4,317,39,3483,9,177,1,1,1,15,422,2,2,89,30,0,1,4028,7143,77,0,10316,0,4,1,0,8668,26,11,239,99
1,0,0,1,0,0,0,0,2,0,1,0,0,0,0,0,0,0,0,2,1,15,14,16,0,41,90,539,4,0,0,55,2,438,0,1,8,2,2,1374,4,0,0,303,0,203,382,0,0,0,0,0,0,0,0,0,5,6,0,5,33,47,11,10,1,0,0,11,1,16,22,398,483,410,0,319,6363,22896,25,11,686,19,0,0,4,8086,76,0,0,122,0,47379,7172,1396,1700,0,0,0,8,10
0,0,0,0,0,0,0,7,9,3,5,27,9,0,1,0,1,7,1,165,3,26,51,19,65,239,132,24,0,3,5,200,92,60,0,1,1,169,0,159,0,1,0,273,174,5,141,0,0,1,2,0,2,0,0,0,61,36,2,300,281,361,122,152,23,28,23,105,127,1708,175,2772,97,5192,3,8075,11693,1450,14,560,4168,2362,17,28,607,9870,12,2,2,13955,4,7172,34902,187,3219,1,3,0,104,100
0,0,0,0,0,0,0,1,1,0,0,0,0,0,0,0,0,0,0,1,0,2,0,1,0,2,3,55,0,0,0,4,1,20,0,0,2,1,0,55,0,0,0,12,0,10,20,0,0,0,0,0,0,0,1,0,25,19,0,25,169,263,103,126,1,0,0,39,5,33,72,7239,7,30,3,21,33,18647,730,11,173,85,1,0,1,5391,3,0,0,28,1,1396,187,16037,8190,0,3,35,27,18
0,0,0,0,0,0,0,0,7,3,2,13,1,0,1,2,0,7,0,34,3,15,41,11,16,153,69,47,0,0,9,129,61,95,0,3,0,112,0,189,0,0,0,140,108,12,122,0,0,0,0,1,0,0,0,0,458,44,0,80,835,1062,650,1704,7,7,6,397,22,239,692,11038,36,550,17,346,2049,1157,22,99,10612,8181,8,5,96,6820,18,2,9,856,0,1700,3219,8190,24034,0,0,2,263,353
0,3,2,22,4,12,117,0,0,13,1,0,0,11,29,374,0,0,1,2,2,8,0,21,0,0,1,0,3,4,9,0,0,0,110,2,38,0,95,2,5,1,21,0,0,0,0,564,1,0,444,273,266,256,4686,46,0,1,0,3,447,56,0,0,222,25,3404,6,454,0,15,70,128,0,7,0,0,0,24,382,0,0,41,11,0,0,1085,1380,15,0,8668,0,1,0,0,6158,128,10,196,15
0,1,0,3,3,1,2,0,1,3,3,0,0,14,16,22,0,0,1,0,0,5,0,0,0,0,0,0,6,2,7,0,0,0,1,3,7,0,3,0,4,1,7,0,0,0,0,4,2,0,12678,919,1059,322,3029,112,0,0,0,4,200,10,0,0,10478,334,139,5,42,5,2,1182,41,1,1,2,2,3,10798,170,5,2,7000,150,0,2,85,21,1,9,26,0,3,3,0,128,32877,589,2558,79
0,0,0,2,1,0,0,0,0,3,0,0,0,3,5,4,0,0,0,0,1,2,0,0,0,0,0,0,0,4,2,0,0,0,0,0,4,0,0,0,2,0,0,0,0,0,0,1,0,1,56,19,67,17,38,17,0,0,0,0,44345,3,0,0,250,43,29,2,9,2,2,2352,34,2,2,0,0,59,31097,30,2,0,17912,15,0,5,32,6,3,3,11,0,0,35,2,10,589,60219,3594,25
5,15,1,40,13,2,27,1,3,48,22,2,0,108,69,180,0,1,14,2,7,47,1,7,1,0,1,1,28,41,52,1,1,0,8,16,44,2,15,0,28,13,42,1,3,0,2,25,12,3,994,598,1891,697,704,648,88,3,0,28,65387,65,18,82,4572,4869,1374,448,474,26,1455,1011,982,31,426,281,16,28,4588,895,640,296,42949,537,88,197,652,206,146,200,239,8,104,27,263,196,2558,3594,31569,8153
0,0,0,1,0,0,0,0,0,4,1,0,0,6,4,9,0,0,0,7,1,2,2,0,1,0,0,0,0,3,3,0,0,0,1,0,4,1,0,1,0,3,3,1,1,0,3,1,0,1,62,22,255,11,51,30,230,11,0,28,9155,57,34,167,3055,15164,250,4249,119,15,11062,78,281,25,7399,616,28,28,58,4369,946,539,5569,1769,266,290,155,46,3702,404,99,10,100,18,353,15,79,25,8153,11376
