27636,4219,5378,1873,12780,1813,76,0,2,83,39,0,0,24150,450,405,0,3,4,23,1,59,0,3,3,2,3,0,28,120,85,0,0,2,32,30,7,15,10,0,21,127,167,6,3,0,0,167,1002,9,0,0,0,17,1,0,0,0,0,0,1,0,0,0,2,0,0,0,2,0,0,0,0,0,0,0,0,0,1,0,0,0,2,0,0,0,2,4,0,1,1,0,0,0,0,1,0,0,0,0
4219,21594,5987,17805,889,855,809,1,2,603,113,0,0,2933,3418,357,1,3,1,27,0,163,1,6,2,1,2,3,29,229,60,0,0,0,43,35,13,12,10,1,26,499,108,10,4,0,0,214,147,95,0,0,0,10,0,2,0,0,0,0,1,0,0,0,2,2,0,0,0,1,0,0,0,0,2,1,0,0,0,0,0,0,0,0,0,0,1,3,0,0,1,0,0,0,0,2,0,0,1,0
5378,5987,17466,4389,7077,5072,1514,1,0,106,29,0,0,450,78,110,0,1,0,1,0,33,0,1,0,0,0,0,2,36,5,0,0,0,12,8,8,1,0,0,5,80,6,0,0,0,0,74,71,17,33,12,0,875,36,14,0,0,0,0,0,0,0,0,5,0,0,0,0,0,0,0,0,0,0,0,0,0,0,0,0,0,0,0,0,0,1,2,0,0,2,0,0,0,0,0,0,0,0,0
1873,17805,4389,47490,218,3341,14242,24,26,1009,364,2,1,2535,12910,7733,1,12,16,173,3,261,4,32,22,10,5,2,37,272,611,8,2,1,656,204,46,63,41,2,29,874,2968,43,17,0,4,809,141,282,1,0,5,3,9,4,0,0,0,0,5,0,1,0,5,1,7,0,5,1,0,1,0,1,0,0,1,0,1,2,0,0,3,4,1,0,4,25,0,0,3,0,0,0,0,11,0,0,4,0
12780,889,7077,218,29815,17569,30,11,7,42,22,0,0,13957,279,82,0,3,7,24,0,54,0,32,3,0,6,1,54,159,52,2,0,0,17,21,18,14,43,0,17,50,66,3,1,0,0,1028,3463,2,0,0,1,103,2,0,0,0,0,0,1,1,0,0,1,0,0,0,0,0,0,1,1,0,0,0,1,0,0,0,0,0,1,2,0,0,2,3,0,0,2,0,1,0,0,11,0,1,0,0
1813,855,5072,3341,17569,16794,11803,2,20,313,140,0,0,638,60,1074,0,1,9,9,4,193,0,124,5,0,21,0,20,59,51,0,1,0,322,104,94,0,261,0,18,184,18,3,1,0,0,4119,2701,13,0,0,0,1249,11,2,0,0,0,0,2,1,1,0,1,0,2,1,1,1,0,0,1,1,0,0,1,0,2,1,0,0,0,2,0,0,6,20,0,0,8,0,0,0,0,32,1,0,2,0
76,809,1514,14242,30,11803,10853,0,7,128,49,0,0,52,35,4409,1,1,5,6,2,42,0,32,1,0,0,0,2,25,40,0,0,0,3393,286,17,2,80,0,3,71,21,3,1,0,0,1353,9,24,0,0,1,61,2,1,0,0,0,0,2,0,0,0,1,1,5,0,1,0,0,0,0,1,0,0,1,0,1,0,0,0,1,1,0,0,1,3,0,0,1,0,0,0,0,9,0,0,1,0
0,1,1,24,11,2,0,41656,6918,86,2268,607,5364,125,260,1285,1590,14072,2252,21547,43,1533,384,1265,82,39,49,20,13,59,2391,61,1311,8,4,49,1295,130,13,7,2,95,135,52,779,24,46,5,7,276,0,0,1,0,1,0,13,25,5,51,7,11,3,13,2,1,3,17,8,26,5,6,9,27,4,0,4,0,0,9,0,8,1,1,2,1,20,3,1,1,1,0,2,0,1,0,0,0,2,2
2,2,0,26,7,20,7,6918,76768,94,1245,861,1829,20,31,1212,639,632,4225,5982,84,891,453,22947,11824,32,1777,41,5,10,288,88,814,9,42,805,7706,116,598,7,6,28,36,515,138,30,83,89,4,16,1,0,2,0,6,5,124,100,18,1056,35,31,14,84,8,1,9,49,27,241,25,7,33,201,22,6,33,0,3,42,1,87,6,5,16,1,76,22,13,3,6,0,11,0,4,16,1,0,11,7
83,603,106,1009,42,313,128,86,94,22304,933,794,409,365,931,1214,845,859,185,208,2689,1303,358,239,227,298,107,98,32,87,1011,477,3106,28,376,374,725,263,547,16,18216,55352,3328,201,671,27,151,582,28,19363,2,3,12,1,9,11,0,2,2,10,57,8,3,1,23,28,73,3,83,5,8,16,6,13,17,7,5,1,14,39,3,15,49,55,13,1,31,119,32,5,48,2,10,1,7,48,1,7,37,17
39,113,29,364,22,140,49,2268,1245,933,4632,6048,3601,174,281,1022,2858,1012,677,714,1589,3175,3411,971,180,95,150,161,9,19,274,523,2894,59,224,496,1058,128,472,56,3,66,163,448,66,197,742,341,14,24,0,0,8,0,7,5,4,8,14,48,65,22,4,3,11,36,55,10,103,12,19,9,24,9,35,9,5,1,12,82,6,9,46,81,9,1,33,90,50,5,56,1,13,3,5,37,2,4,41,17
0,0,0,2,0,0,0,607,861,794,6048,16428,17849,1,4,26,6516,1405,65,317,1589,1141,4798,930,383,24,193,24,0,1,22,160,13515,13,2,18,215,103,7,24,0,25,12,223,34,43,355,0,0,50,0,0,0,0,0,0,10,7,2,16,4,4,4,5,0,0,1,15,0,11,3,4,2,5,3,2,1,0,0,3,0,4,0,0,4,0,10,1,1,1,0,1,4,0,1,0,0,0,0,0
0,0,0,1,0,0,0,5364,1829,409,3601,17849,16861,20,15,43,11149,2830,66,2725,358,553,2417,645,248,30,122,11,4,25,48,101,20628,4,0,13,962,41,5,4,1,77,19,113,470,27,116,0,3,320,0,0,0,0,0,0,73,90,1,117,2,15,9,46,3,0,0,36,1,71,3,5,6,49,2,1,2,0,0,1,0,17,0,0,4,0,31,0,0,2,1,0,6,0,1,0,0,0,0,2
24150,2933,450,2535,13957,638,52,125,20,365,174,1,20,65197,12605,1063,0,115,22,387,29,1869,22,51,39,85,42,28,4712,39352,766,54,55,10,124,145,223,284,104,8,1261,3359,1160,97,181,4,13,289,24592,3038,2,1,3,3,11,5,0,0,0,3,26,6,1,0,20,10,29,2,31,5,0,9,0,2,5,3,5,0,5,22,1,7,17,17,1,0,14,53,7,3,16,0,3,0,1,13,0,1,23,3
450,3418,78,12910,279,60,35,260,31,931,281,4,15,12605,34913,1790,4,235,70,789,74,307,15,37,38,63,36,19,195,1722,3318,35,29,10,157,224,122,303,81,0,112,1303,16591,107,198,0,11,301,290,14121,1,1,9,2,4,8,0,0,1,0,13,1,1,1,12,5,12,0,8,3,0,4,2,4,0,0,0,0,1,5,1,2,11,6,1,0,10,35,2,1,22,0,4,0,1,20,1,1,10,1
405,357,110,7733,82,1074,4409,1285,1212,1214,1022,26,43,1063,1790,38674,43,1002,14759,1432,72,471,24,695,225,23,30,18,31,203,14771,10,35,5,12280,15298,578,173,1226,3,74,1162,6147,278,13,3,14,3921,73,115,7,11,32,4,55,18,2,2,5,15,56,5,0,2,44,42,114,3,107,16,4,20,7,11,3,3,3,0,28,57,0,5,75,88,3,0,34,211,28,2,92,0,4,1,0,126,5,10,72,16
0,1,0,1,0,0,1,1590,639,845,2858,6516,11149,0,4,43,6244,1714,105,97,18624,261,481,1004,31,9,24,2,1,1,530,30,584,4,6,28,390,11,14,5,0,15,321,31,9,4,45,3,0,71,0,0,0,0,0,0,0,11,4,15,8,10,1,1,0,0,0,11,1,1,7,0,2,2,3,1,0,0,1,9,1,1,0,0,3,0,19,3,2,1,0,0,0,0,0,0,0,0,2,0
3,3,1,12,3,1,1,14072,632,859,1012,1405,2830,115,235,1002,1714,3171,1359,1015,2985,126,306,1199,47,37,37,8,7,80,2065,65,784,1,10,157,1119,191,137,1,6,169,457,20,480,5,20,22,5,967,0,0,0,0,1,0,0,7,19,38,36,16,2,3,1,1,4,12,27,9,11,2,13,2,15,0,1,0,2,41,0,4,3,11,3,0,29,10,11,0,2,0,2,0,0,3,0,3,6,3
4,1,0,16,7,9,5,2252,4225,185,677,65,66,22,70,14759,105,1359,20384,525,68,206,20,2666,248,3,10,0,7,23,4390,3,28,0,94,9820,680,22,185,0,14,100,78,74,5,0,2,96,1,25,1,0,2,0,3,1,1,2,4,24,41,9,1,0,4,7,20,4,59,2,4,8,14,3,16,2,1,0,5,37,1,2,16,28,2,1,18,31,23,0,10,1,0,0,2,13,0,1,32,10
23,27,1,173,24,9,6,21547,5982,208,714,317,2725,387,789,1432,97,1015,525,17806,26,1095,1503,592,12409,65,1071,36,17,166,2773,82,3079,13,40,251,981,5485,36,16,11,264,425,4434,10898,37,80,45,29,363,1,0,3,1,1,4,273,88,7,109,12,9,63,233,21,9,2,14,9,680,6,38,25,801,6,4,148,1,1,12,2,365,14,4,99,3,18,14,2,11,4,1,45,2,11,6,1,0,9,4
1,0,0,3,0,4,2,43,84,2689,1589,1589,358,29,74,72,18624,2985,68,26,10375,144,291,379,32,22,17,11,4,33,9007,45,728,1,15,120,1450,16,351,1,0,344,17420,33,59,7,39,36,3,7486,0,0,5,1,1,1,0,0,3,10,31,9,0,0,3,1,9,1,37,1,2,7,1,2,5,1,2,0,4,23,2,3,7,16,0,0,11,23,10,0,10,0,1,0,0,4,0,5,15,6
59,163,33,261,54,193,42,1533,891,1303,3175,1141,553,1869,307,471,261,126,206,1095,144,16072,4092,351,181,175,257,1449,4105,2404,212,374,395,826,137,120,896,169,183,549,26391,4942,136,1224,69,3171,807,109,376,41,2,1,7,1,10,3,8,2,7,27,86,22,2,10,31,28,54,5,144,19,3,29,9,14,26,15,4,6,14,79,20,16,55,79,13,32,50,124,51,10,63,35,31,1,9,39,3,7,62,18
0,1,0,4,0,0,0,384,453,358,3411,4798,2417,22,15,24,481,306,20,1503,291,4092,9832,219,1814,844,2039,893,47,18,35,4295,11243,689,3,10,87,1119,5,613,8,54,15,4726,541,4717,10858,0,2,66,0,0,0,0,1,1,9,5,0,8,3,2,21,8,1,0,1,5,1,29,2,47,1,25,1,83,32,11,4,3,92,121,3,1,50,36,2,2,0,52,0,19,71,4,71,1,0,0,0,1
3,6,1,32,32,124,32,1265,22947,239,971,930,645,51,37,695,1004,1199,2666,592,379,351,219,10723,2855,11,1255,16,12,48,545,48,241,7,960,14472,12360,139,15009,3,35,136,84,584,38,14,47,1014,18,27,3,5,8,1,37,11,7,25,13,52,81,23,3,10,18,16,41,35,119,32,30,24,23,19,29,4,3,0,11,67,1,12,36,38,4,0,84,76,50,0,23,0,4,0,5,65,1,4,37,16
3,2,0,22,3,5,1,82,11824,227,180,383,248,39,38,225,31,47,248,12409,32,181,1814,2855,17603,57,9252,33,7,21,64,210,2585,18,25,145,534,975,42,68,1,115,28,3229,1386,28,252,37,3,86,0,0,1,0,2,1,131,48,1,74,6,10,44,102,16,11,1,11,7,504,2,45,15,503,5,8,231,2,2,11,10,293,11,5,117,2,14,8,5,22,0,2,48,0,15,4,1,0,5,2
2,1,0,10,0,0,0,39,32,298,95,24,30,85,63,23,9,37,3,65,22,175,844,11,57,11190,1994,955,9,75,28,31475,1559,3000,1,4,7,6293,4,887,8,215,19,14987,2901,229,1479,0,3,251,0,0,0,0,0,0,0,0,0,3,8,3,13,3,5,2,0,4,1,8,1,176,1,15,3,292,48,27,1,0,272,120,4,0,92,77,0,0,0,98,0,88,283,12,245,1,0,0,2,1
3,2,0,5,6,21,0,49,1777,107,150,193,122,42,36,30,24,37,10,1071,17,257,2039,1255,9252,1994,19586,873,6,23,29,1775,1422,333,4,12,1861,1973,298,1725,4,91,20,10636,1419,196,1403,79,3,94,0,0,1,0,11,0,29,19,1,41,9,1,18,21,9,3,2,6,1,57,3,119,9,125,0,214,75,22,1,1,116,126,8,1,97,40,2,12,1,85,2,37,253,6,144,26,0,1,2,1
0,3,0,2,1,0,0,20,41,98,161,24,11,28,19,18,2,8,0,36,11,1449,893,16,33,955,873,52560,240,33,10,1333,256,9459,0,1,8,335,1,13191,24,84,8,1586,206,12207,8950,1,2,64,0,0,0,0,0,0,0,1,0,1,0,0,1,0,0,0,0,1,0,4,1,17,2,9,0,28,59,431,5,0,52,3,0,0,5,390,11,0,0,6,1,868,115,44,42,0,0,1,0,0
28,29,2,37,54,20,2,13,5,32,9,0,4,4712,195,31,1,7,7,17,4,4105,47,12,7,9,6,240,55751,12057,27,10,4,41,6,4,98,16,9,30,28379,605,33,29,22,319,29,21,7118,44,0,0,0,0,0,1,0,0,1,0,10,0,0,0,1,2,5,1,13,2,2,4,1,0,5,0,0,0,1,11,0,0,3,7,0,0,2,12,3,0,2,0,1,0,1,2,0,0,7,1
120,229,36,272,159,59,25,59,10,87,19,1,25,39352,1722,203,1,80,23,166,33,2404,18,48,21,75,23,33,12057,55777,231,51,46,7,42,29,322,175,83,6,16868,28484,297,41,193,12,12,61,4377,3784,0,0,1,1,1,2,0,0,0,5,32,7,0,0,8,13,21,1,43,3,0,4,2,4,6,3,0,0,3,26,0,11,24,28,0,1,9,53,12,0,17,0,3,0,0,9,1,3,19,6
85,60,5,611,52,51,40,2391,288,1011,274,22,48,766,3318,14771,530,2065,4390,2773,9007,212,35,545,64,28,29,10,27,231,13078,21,36,5,655,1354,2604,259,861,1,31,609,38249,161,67,1,4,931,59,2862,2,4,24,2,21,13,0,1,8,20,152,19,1,4,50,50,133,3,212,15,2,25,6,6,14,3,3,1,39,106,1,5,116,104,7,1,90,256,42,7,126,0,4,1,1,105,8,20,125,26
0,0,0,8,2,0,0,61,88,477,523,160,101,54,35,10,30,65,3,82,45,374,4295,48,210,31475,1775,1333,10,51,21,36036,11100,8064,1,5,22,1694,5,1548,2,243,16,7362,7814,1679,32419,3,1,251,0,0,1,0,0,0,3,3,0,2,10,2,20,3,0,2,1,6,1,11,7,171,3,17,2,426,80,41,4,3,465,135,8,2,136,225,4,0,0,107,0,167,365,19,306,0,0,0,4,2
0,0,0,2,0,1,0,1311,814,3106,2894,13515,20628,55,29,35,584,784,28,3079,728,395,11243,241,2585,1559,1422,256,4,46,36,11100,20535,96,1,15,324,1083,11,65,3,394,17,1719,9039,189,5741,3,4,638,0,0,1,0,1,0,43,18,1,17,4,4,51,46,8,4,2,9,2,208,4,46,13,248,2,27,121,2,1,7,18,187,11,7,123,6,14,5,2,44,1,4,51,3,12,2,0,0,3,4
2,0,0,1,0,0,0,8,9,28,59,13,4,10,10,5,4,1,0,13,1,826,689,7,18,3000,333,9459,41,7,5,8064,96,24059,1,1,4,158,0,5777,7,23,3,7793,59,2253,9228,0,2,12,1,0,0,0,0,0,0,0,0,0,2,0,1,0,0,0,0,0,1,2,0,39,1,6,0,62,29,139,3,0,151,4,0,0,6,721,1,0,0,4,0,861,152,79,139,1,0,1,1,0
32,43,12,656,17,322,3393,4,42,376,224,2,0,124,157,12280,6,10,94,40,15,137,3,960,25,1,4,0,6,42,655,1,1,1,7482,6928,261,9,9105,0,11,273,254,19,0,0,0,5235,23,35,3,0,22,0,27,10,0,0,1,3,17,3,0,0,15,7,41,0,20,3,0,7,5,1,0,0,0,0,5,7,0,1,15,9,0,0,17,69,1,0,21,1,0,0,0,41,2,1,18,3
30,35,8,204,21,104,286,49,805,374,496,18,13,145,224,15298,28,157,9820,251,120,120,10,14472,145,4,12,1,4,29,1354,5,15,1,6928,23093,987,19,6406,0,16,178,418,72,7,1,1,2719,15,37,6,7,34,2,29,29,1,1,0,8,121,21,1,2,43,30,99,2,142,9,1,26,3,4,10,0,1,1,18,82,0,2,89,84,2,1,78,183,37,2,83,0,5,1,0,73,2,6,79,7
7,13,8,46,18,94,17,1295,7706,725,1058,215,962,223,122,578,390,1119,680,981,1450,896,87,12360,534,7,1861,8,98,322,2604,22,324,4,261,987,3741,20,6154,8,167,874,474,49,48,1,10,1131,42,63,1,4,11,4,30,14,147,316,31,1019,98,65,36,64,24,24,60,111,185,149,65,21,151,210,88,5,10,2,11,106,3,21,59,113,15,0,368,90,144,7,31,2,7,0,7,77,6,3,80,51
15,12,1,63,14,0,2,130,116,263,128,103,41,284,303,173,11,191,22,5485,16,169,1119,139,975,6293,1973,335,16,175,259,1694,1083,158,9,19,20,5243,6,66,10,332,134,14186,6139,96,480,9,20,405,0,0,0,0,0,0,1,1,0,6,3,4,43,3,6,1,1,4,0,37,1,98,3,42,2,76,91,7,0,1,30,211,12,2,214,8,2,3,2,124,0,4,115,2,64,1,0,0,1,6
10,10,0,41,43,261,80,13,598,547,472,7,5,104,81,1226,14,137,185,36,351,183,5,15009,42,4,298,1,9,83,861,5,11,0,9105,6406,6154,6,28864,2,32,354,170,35,5,0,0,7778,25,50,6,6,22,111,199,552,0,0,3,3,74,5,0,0,24,14,58,1,65,5,1,12,4,0,2,0,1,1,14,34,0,1,40,27,1,1,42,176,20,2,368,0,0,0,0,87,1,3,50,3
0,1,0,2,0,0,0,7,7,16,56,24,4,8,0,3,5,1,0,16,1,549,613,3,68,887,1725,13191,30,6,1,1548,65,5777,0,0,8,66,2,26029,2,8,0,8667,26,1419,1979,0,1,6,0,0,0,0,1,0,0,1,0,1,7,2,4,1,2,0,0,0,0,1,1,75,9,12,0,144,141,845,7,0,287,15,2,0,5,1255,15,0,1,9,3,2438,466,192,236,1,0,3,1,1
21,26,5,29,17,18,3,2,6,18216,3,0,1,1261,112,74,0,6,14,11,0,26391,8,35,1,8,4,24,28379,16868,31,2,3,7,11,16,167,10,32,2,50272,7121,36,9,6,22,2,12,151,63,1,0,3,0,1,1,0,0,1,1,9,2,0,1,1,5,9,0,21,1,2,3,1,1,2,0,0,1,3,12,0,0,4,14,1,0,6,14,7,0,8,1,0,0,0,5,0,0,11,3
127,499,80,874,50,184,71,95,28,55352,66,25,77,3359,1303,1162,15,169,100,264,344,4942,54,136,115,215,91,84,605,28484,609,243,394,23,273,178,874,332,354,8,7121,32768,1120,145,507,11,58,330,127,6088,3,0,19,1,6,8,1,0,2,12,97,13,3,2,29,46,80,1,150,7,2,21,6,9,22,6,6,3,13,82,2,16,85,113,17,1,38,150,49,3,62,1,7,1,3,41,2,11,59,25
167,108,6,2968,66,18,21,135,36,3328,163,12,19,1160,16591,6147,321,457,78,425,17420,136,15,84,28,19,20,8,33,297,38249,16,17,3,254,418,474,134,170,0,36,1120,79810,69,51,0,4,266,65,11558,1,1,17,1,11,9,0,0,0,2,38,5,0,0,9,2,30,1,50,8,1,6,1,1,2,1,1,1,6,19,1,5,23,13,2,1,20,76,8,1,21,0,1,0,1,36,1,2,21,1
6,10,0,43,3,3,3,52,515,201,448,223,113,97,107,278,31,20,74,4434,33,1224,4726,584,3229,14987,10636,1586,29,41,161,7362,1719,7793,19,72,49,14186,35,8667,9,145,69,63691,472,1367,3523,35,8,89,0,0,2,0,0,0,2,3,3,6,12,6,23,7,1,3,2,1,3,29,7,175,2,19,3,306,74,38,0,5,283,173,6,3,122,150,2,5,4,113,0,133,343,15,233,2,0,0,4,3
3,4,0,17,1,1,1,779,138,671,66,34,470,181,198,13,9,480,5,10898,59,69,541,38,1386,2901,1419,206,22,193,67,7814,9039,59,0,7,48,6139,5,26,6,507,51,472,14183,28,198,2,5,1079,0,0,1,0,0,0,13,2,0,11,4,2,56,17,3,18,0,4,4,129,5,63,5,139,6,34,145,2,0,1,10,249,4,4,193,5,4,4,0,56,3,3,94,2,33,0,0,0,7,6
0,0,0,0,0,0,0,24,30,27,197,43,27,4,0,3,4,5,0,37,7,3171,4717,14,28,229,196,12207,319,12,1,1679,189,2253,0,1,1,96,0,1419,22,11,0,1367,28,14143,6901,0,1,5,0,0,0,0,0,0,0,0,0,0,0,0,0,0,0,0,0,0,0,0,0,5,0,0,0,14,5,21,0,0,22,3,1,0,2,119,1,0,0,4,0,104,33,9,19,0,0,0,0,0
0,0,0,4,0,0,0,46,83,151,742,355,116,13,11,14,45,20,2,80,39,807,10858,47,252,1479,1403,8950,29,12,4,32419,5741,9228,0,1,10,480,0,1979,2,58,4,3523,198,6901,46142,1,0,23,0,0,0,0,0,0,0,0,0,1,8,2,11,0,1,0,0,1,0,8,3,83,0,3,0,159,43,138,2,0,194,53,0,0,35,685,1,0,1,45,0,582,197,56,171,0,0,3,0,2
167,214,74,809,1028,4119,1353,5,89,582,341,0,0,289,301,3921,3,22,96,45,36,109,0,1014,37,0,79,1,21,61,931,3,3,0,5235,2719,1131,9,7778,0,12,330,266,35,2,0,1,9120,1130,50,20,13,41,11,296,44,0,0,0,1,26,6,0,3,48,5,68,0,18,2,2,5,18,7,0,0,6,0,7,9,1,4,29,19,0,1,64,337,1,1,80,1,5,0,0,529,11,2,23,2
1002,147,71,141,3463,2701,9,7,4,28,14,0,3,24592,290,73,0,5,1,29,3,376,2,18,3,3,3,2,7118,4377,59,1,4,2,23,15,42,20,25,1,151,127,65,8,5,1,0,1130,14881,24,1,0,0,0,0,0,0,0,0,0,4,0,0,0,1,0,3,0,0,0,0,2,0,1,0,0,0,0,0,0,0,0,0,2,0,0,1,6,2,0,6,0,0,0,0,8,0,0,5,0
9,95,17,282,2,13,24,276,16,19363,24,50,320,3038,14121,115,71,967,25,363,7486,41,66,27,86,251,94,64,44,3784,2862,251,638,12,35,37,63,405,50,6,63,6088,11558,89,1079,5,23,50,24,15073,0,0,1,0,4,0,0,1,0,1,3,0,6,1,5,3,5,3,5,6,0,9,1,8,2,1,9,0,1,7,3,11,9,6,20,0,3,5,3,3,7,0,4,0,0,2,1,1,2,0
0,0,33,1,0,0,0,0,1,2,0,0,0,2,1,7,0,0,1,1,0,2,0,3,0,0,0,0,0,0,2,0,0,1,3,6,1,0,6,0,1,3,1,0,0,0,0,20,1,0,35252,8278,1152,8908,10542,1617,0,4,0,5,50,2,0,0,17526,21,292,1,18,21,0,53,18,3,1,2,4,6,653,27,3,3,435,13,4,5,22,177,2,4,108,1,3,4,0,343,10667,55,111,3
0,0,12,0,0,0,0,0,0,3,0,0,0,1,1,11,0,0,0,0,0,1,0,5,0,0,0,0,0,0,4,0,0,0,0,7,4,0,6,0,0,0,1,0,0,0,0,13,0,0,8278,42404,10527,18298,2128,6995,0,3,0,2,118,2,0,0,8730,10,199,0,17,14,0,104,1,2,1,2,3,5,198,27,0,1,328,4,2,2,14,124,1,2,22,0,0,2,3,24,382,45,179,5
0,0,0,5,1,0,1,1,2,12,8,0,0,3,9,32,0,0,2,3,5,7,0,8,1,0,1,0,0,1,24,1,1,0,22,34,11,0,22,0,3,19,17,2,1,0,0,41,0,1,1152,10527,36010,923,1093,12765,1,46,15,43,365,18,3,3,17583,4209,9111,14,391,258,17,150,5,19,53,10,7,3,290,1043,3,17,926,567,23,9,67,531,51,40,112,0,17,3,5,119,323,77,708,121
17,10,875,3,103,1249,61,0,0,1,0,0,0,3,2,4,0,0,0,1,1,1,0,1,0,0,0,0,0,1,2,0,0,0,0,2,4,0,111,0,0,1,1,0,0,0,0,11,0,0,8908,18298,923,30252,15692,9328,0,4,0,0,148,1,0,0,864,3,41,0,5,7,0,132,0,1,1,0,1,4,116,10,1,2,284,2,4,1,14,465,0,3,809,0,0,2,3,377,132,64,275,5
1,0,36,9,2,11,2,1,6,9,7,0,0,11,4,55,0,1,3,1,1,10,1,37,2,0,11,0,0,1,21,0,1,0,27,29,30,0,199,1,1,6,11,0,0,0,0,296,0,4,10542,2128,1093,15692,22351,6279,1,0,2,15,153,10,1,0,1503,21,273,3,54,28,5,66,134,35,8,3,25,2,96,23,1,2,258,25,5,8,120,2214,10,12,1123,4,39,1,4,4542,2563,35,205,13
0,2,14,4,0,2,1,0,5,11,5,0,0,5,8,18,0,0,1,4,1,3,1,11,1,0,0,0,1,2,13,0,0,0,10,29,14,0,552,0,1,8,9,0,0,0,0,44,0,0,1617,6995,12765,9328,6279,46771,0,10,0,4,398,18,4,0,2830,50,9263,1,45,57,3,209,11,7,8,3,5,5,273,89,1,8,762,48,13,5,45,5691,11,10,1056,1,11,3,4,119,210,87,633,35
0,0,0,0,0,0,0,13,124,0,4,10,73,0,0,2,0,0,1,273,0,8,9,7,131,0,29,0,0,0,0,3,43,0,0,1,147,1,0,0,0,1,0,2,13,0,0,0,0,0,0,0,1,0,1,0,3374,3290,20,127,13,117,172,3660,100,143,3,936,0,1799,14,168,54,388,27,9,177,1,5,40,7,1589,51,54,213,2,118,1,13,12,2,1,13,1,14,1,1,0,15,19
0,0,0,0,0,0,0,25,100,2,8,7,90,0,0,2,11,7,2,88,0,2,5,25,48,0,19,1,0,0,1,3,18,0,0,1,316,1,0,1,0,0,0,3,2,0,0,0,0,1,4,3,46,4,0,10,3290,15521,5116,1494,235,1901,802,2200,573,338,20,9387,28,4862,342,695,575,190,77,23,154,5,29,1121,23,406,169,139,58,9,1043,10,25,37,3,4,58,14,61,0,9,13,79,58
0,0,0,0,0,0,0,5,18,2,14,2,1,0,1,5,4,19,4,7,3,7,0,13,1,0,1,0,1,0,8,0,1,0,1,0,31,0,3,0,1,2,0,3,0,0,0,0,0,0,0,0,15,0,2,0,20,5116,1533,6320,225,625,59,53,38,19,80,1042,987,443,467,166,22,73,647,1,4,2,7,1319,6,38,20,65,5,0,336,19,41,36,13,0,24,1,9,4,1,1,28,42
0,0,0,0,0,0,0,51,1056,10,48,16,117,3,0,15,15,38,24,109,10,27,8,52,74,3,41,1,0,5,20,2,17,0,3,8,1019,6,3,1,1,12,2,6,11,0,1,1,0,1,5,2,43,0,15,4,127,1494,6320,40785,408,1497,852,610,74,28,181,1260,9742,1677,1071,357,16024,14125,192,27,1196,6,15,585,9,153,39,41,26,6,3767,253,49,63,248,32,430,3,26,66,1,7,61,56
1,1,0,5,1,2,2,7,35,57,65,4,2,26,13,56,8,36,41,12,31,86,3,81,6,8,9,0,10,32,152,10,4,2,17,121,98,3,74,7,9,97,38,12,4,0,8,26,4,3,50,118,365,148,153,398,13,235,225,408,29547,2298,898,154,874,260,929,286,795,254,3446,2069,282,56,839,293,94,127,282,497,452,923,1038,69,288,111,1451,786,862,126,821,24,181,133,793,231,88,11091,31478,6164
0,0,0,0,1,1,0,11,31,8,22,4,15,6,1,5,10,16,9,9,9,22,2,23,10,3,1,0,0,7,19,2,4,0,3,21,65,4,5,2,2,13,5,6,2,0,2,6,0,0,2,2,18,1,10,18,117,1901,625,1497,2298,6712,6235,1167,43,16,105,1230,307,595,5236,5175,422,121,175,50,90,13,35,417,59,279,30,17,45,22,686,108,42,70,180,6,96,40,140,37,10,24,73,81
0,0,0,1,0,1,0,3,14,3,4,4,9,1,1,0,1,2,1,63,0,2,21,3,44,13,18,1,0,0,1,20,51,1,0,1,36,43,0,4,0,3,0,23,56,0,11,0,0,6,0,0,3,0,1,4,172,802,59,852,898,6235,17229,9763,21,40,5,3063,16,1770,4333,7553,208,724,229,97,578,23,7,48,92,8730,39,26,334,27,182,13,90,242,16,8,575,52,537,10,1,1,44,104
0,0,0,0,0,0,0,13,84,1,3,5,46,0,1,2,1,3,0,233,0,10,8,10,102,3,21,0,0,0,4,3,46,0,0,2,64,3,0,1,1,2,0,7,17,0,0,3,0,1,0,0,3,0,0,0,3660,2200,53,610,154,1167,9763,12852,51,134,3,4599,14,1606,1810,957,150,823,138,20,303,4,3,76,33,5395,54,95,219,11,168,8,69,41,6,4,108,12,161,0,2,1,25,60
2,2,5,5,1,1,1,2,8,23,11,0,3,20,12,44,0,1,4,21,3,31,1,18,16,5,9,0,1,8,50,0,8,0,15,43,24,6,24,2,1,29,9,1,3,0,1,48,1,5,17526,8730,17583,864,1503,2830,100,573,38,74,874,43,21,51,94216,15540,1675,54,331,1983,25,599,10,79,317,263,74,102,5898,2275,113,475,20449,1157,1005,81,213,631,1255,274,225,12,66,36,65,175,17687,381,2890,1748
0,2,0,1,0,0,1,1,1,28,36,0,0,10,5,42,0,1,7,9,1,28,0,16,11,2,3,0,2,13,50,2,4,0,7,30,24,1,14,0,5,46,2,3,18,0,0,5,0,3,21,10,4209,3,21,50,143,338,19,28,260,16,40,134,15540,38952,2769,90,222,746,60,84,14,31,450,85,60,13,108,1658,58,571,5263,6176,736,14,192,210,7449,38,143,0,25,2,64,60,66,15,2941,5884
0,0,0,7,0,2,5,3,9,73,55,1,0,29,12,114,0,4,20,2,9,54,1,41,1,0,2,0,5,21,133,1,2,0,41,99,60,1,58,0,9,80,30,2,0,0,0,68,3,5,292,199,9111,41,273,9263,3,20,80,181,929,105,5,3,1675,2769,43636,28,14088,177,48,154,80,69,353,5,11,2,238,10045,6,21,1077,11930,17,3,338,14257,166,25,1904,2,17,4,5,497,128,85,913,172
0,0,0,0,0,1,0,17,49,3,10,15,36,2,0,3,11,12,4,14,1,5,5,35,11,4,6,1,1,1,3,6,9,0,0,2,111,4,1,0,0,1,1,1,4,0,1,0,0,3,1,0,14,0,3,1,936,9387,1042,1260,286,1230,3063,4599,54,90,28,9068,102,801,7290,476,478,123,1574,23,66,7,4,763,49,1160,36,92,341,9,831,22,244,17,15,2,28,13,217,2,3,2,34,125
2,0,0,5,0,1,1,8,27,83,103,0,1,31,8,107,1,27,59,9,37,144,1,119,7,1,1,0,13,43,212,1,2,1,20,142,185,0,65,0,21,150,50,3,4,0,0,18,0,5,18,17,391,5,54,45,0,28,987,9742,795,307,16,14,331,222,14088,102,25823,486,188,89,2848,519,698,12,48,2,62,3906,4,39,326,984,25,3,964,10283,231,82,1386,3,136,0,15,231,29,33,352,161
0,1,0,1,0,1,0,26,241,5,12,11,71,5,3,16,1,9,2,680,1,19,29,32,504,8,57,4,2,3,15,11,208,2,3,9,149,37,5,1,1,7,8,29,129,0,8,2,0,6,21,14,258,7,28,57,1799,4862,443,1677,254,595,1770,1606,1983,746,177,801,486,13786,285,2173,207,4321,145,362,1141,44,177,1335,135,4633,875,229,6492,49,374,163,65,5286,60,11,1716,24,345,51,66,51,413,210
0,0,0,0,0,0,0,5,25,8,19,3,3,0,0,4,7,11,4,6,2,3,2,30,2,1,3,1,2,0,2,7,4,0,0,1,65,1,1,1,2,2,1,7,5,0,3,2,0,0,0,0,17,0,5,3,14,342,467,1071,3446,5236,4333,1810,25,60,48,7290,188,285,11226,1365,390,81,5461,80,66,23,10,1126,169,893,148,41,53,30,1141,60,700,29,94,6,75,42,464,11,2,3,229,4257
0,0,0,1,1,0,0,6,7,16,9,4,5,9,4,20,0,2,8,38,7,29,47,24,45,176,119,17,4,4,25,171,46,39,7,26,21,98,12,75,3,21,6,175,63,5,83,5,2,9,53,104,150,132,66,209,168,695,166,357,2069,5175,7553,957,599,84,154,476,89,2173,1365,29540,91,555,171,2259,1671,1714,3275,149,1994,5906,1683,49,635,2382,222,162,68,1413,113,763,3164,5465,8881,45,51,2495,1819,149
0,0,0,0,1,1,0,9,33,6,24,2,6,0,2,7,2,13,14,25,1,9,1,23,15,1,9,2,1,2,6,3,13,1,5,3,151,3,4,9,1,6,1,2,5,0,0,18,0,1,18,1,5,0,134,11,54,575,22,16024,282,422,208,150,10,14,80,478,2848,207,390,91,7064,6725,218,36,950,78,5,207,28,95,16,23,31,24,6955,2698,51,65,4388,182,654,3,38,694,129,5,56,66
0,0,0,1,0,1,1,27,201,13,9,5,49,2,4,11,2,2,3,801,2,14,25,19,503,15,125,9,0,4,6,17,248,6,1,4,210,42,0,12,1,9,1,19,139,0,3,7,1,8,3,2,19,1,35,7,388,190,73,14125,56,121,724,823,79,31,69,123,519,4321,81,555,6725,30174,31,135,13360,84,10,41,60,1884,51,20,556,55,1302,311,17,314,301,458,5698,16,137,235,17,5,43,32
0,2,0,0,0,0,0,4,22,17,35,3,2,5,0,3,3,15,16,6,5,26,1,29,5,3,0,0,5,6,14,2,2,0,0,10,88,2,2,0,2,22,2,3,6,0,0,0,0,2,1,1,53,1,8,8,27,77,647,192,839,175,229,138,317,450,353,1574,698,145,5461,171,218,31,10996,23,32,9,40,8900,76,572,513,1403,186,8,1224,117,3047,12,386,1,32,14,141,15,6,10,436,3393
0,1,0,0,0,0,0,0,6,7,9,2,1,3,0,3,1,0,2,4,1,15,83,4,8,292,214,28,0,3,3,426,27,62,0,0,5,76,0,144,0,6,1,306,34,14,159,0,0,1,2,2,10,0,3,3,9,23,1,27,293,50,97,20,263,85,5,23,12,362,80,2259,36,135,23,19801,2218,624,78,13,7451,862,507,11,2357,4711,58,23,21,4176,20,565,11344,192,1679,10,15,20,204,104
0,0,0,1,1,1,1,4,33,5,5,1,2,5,0,3,0,1,1,148,2,4,32,3,231,48,75,59,0,0,3,80,121,29,0,1,10,91,1,141,0,6,1,74,145,5,43,6,0,9,4,3,7,1,25,5,177,154,4,1196,94,90,578,303,74,60,11,66,48,1141,66,1671,950,13360,32,2218,14420,1085,27,15,1041,2148,106,23,2107,805,518,82,15,1384,128,5548,25167,97,1105,102,13,3,46,65
0,0,0,0,0,0,0,0,0,1,1,0,0,0,0,0,0,0,0,1,0,6,11,0,2,27,22,431,0,0,1,41,2,139,0,1,2,7,1,845,1,3,1,38,2,21,138,0,0,0,6,5,3,4,2,5,1,5,2,6,127,13,23,4,102,13,2,7,2,44,23,1714,78,84,9,624,1085,34154,1040,2,681,134,355,2,165,8859,213,5,5,191,25,14760,1725,13203,1422,12,23,237,187,29
1,0,0,1,0,2,1,0,3,14,12,0,0,5,1,28,1,2,5,1,4,14,4,11,2,1,1,5,1,3,39,4,1,3,5,18,11,0,14,7,3,13,6,0,0,0,2,7,0,1,653,198,290,116,96,273,5,29,7,15,282,35,7,3,5898,108,238,4,62,177,10,3275,5,10,40,78,27,1040,102957,84,78,83,34924,46,175,602,118,154,70,42,102,182,39,646,122,43,12686,12497,2171,31
0,0,0,2,0,1,0,9,42,39,82,3,1,22,5,57,9,41,37,12,23,79,3,67,11,0,1,0,11,26,106,3,7,0,7,82,106,1,34,0,12,82,19,5,1,0,0,9,0,7,27,27,1043,10,23,89,40,1121,1319,585,497,417,48,76,2275,1658,10045,763,3906,1335,1126,149,207,41,8900,13,15,2,84,7289,10,121,365,5662,108,3,830,278,425,67,216,0,28,3,19,40,41,31,355,334
0,0,0,0,0,0,0,0,1,3,6,0,0,1,1,0,1,0,1,2,2,20,92,1,10,272,116,52,0,0,1,465,18,151,0,0,3,30,0,287,0,2,1,283,10,22,194,1,0,3,3,0,3,1,1,1,7,23,6,9,452,59,92,33,113,58,6,49,4,135,169,1994,28,60,76,7451,1041,681,78,10,26673,2990,316,10,3003,7955,30,5,31,730,11,553,1278,723,9869,5,8,18,251,180
0,0,0,0,0,0,0,8,87,15,9,4,17,7,2,5,1,4,2,365,3,16,121,12,293,120,126,3,0,11,5,135,187,4,1,2,21,211,1,15,0,16,5,173,249,3,53,4,0,11,3,1,17,2,2,8,1589,406,38,153,923,279,8730,5395,475,571,21,1160,39,4633,893,5906,95,1884,572,862,2148,134,83,121,2990,28017,979,246,9538,157,145,53,324,1542,31,41,1963,121,5584,36,19,13,647,841
2,0,0,3,1,0,1,1,6,49,46,0,0,17,11,75,0,3,16,14,7,55,3,36,11,4,8,0,3,24,116,8,11,0,15,89,59,12,40,2,4,85,23,6,4,1,0,29,0,9,435,328,926,284,258,762,51,169,20,39,1038,30,39,54,20449,5263,1077,36,326,875,148,1683,16,51,513,507,106,355,34924,365,316,979,87836,371,1510,249,616,719,1447,211,518,68,73,178,265,192,3190,6161,27401,3520
0,0,0,4,2,2,1,1,5,55,81,0,0,17,6,88,0,11,28,4,16,79,1,38,5,0,1,0,7,28,104,2,7,0,9,84,113,2,27,0,14,113,13,3,4,0,0,19,2,6,13,4,567,2,25,48,54,139,65,41,69,17,26,95,1157,6176,11930,92,984,229,41,49,23,20,1403,11,23,2,46,5662,10,246,371,24298,215,1,489,384,8850,14,260,0,11,2,29,108,25,14,181,316
0,0,0,1,0,0,0,2,16,13,9,4,4,1,1,3,3,3,2,99,0,13,50,4,117,92,97,5,0,0,7,136,123,6,0,2,15,214,1,5,1,17,2,122,193,2,35,0,0,20,4,2,23,4,5,13,213,58,5,26,288,45,334,219,1005,736,17,341,25,6492,53,635,31,556,186,2357,2107,165,175,108,3003,9538,1510,215,8627,120,63,22,155,3135,20,18,729,33,785,12,49,24,570,558
0,0,0,0,0,0,0,1,1,1,1,0,0,0,0,0,0,0,1,3,0,32,36,0,2,77,40,390,0,1,1,225,6,721,0,1,0,8,1,1255,0,1,1,150,5,119,685,1,0,0,5,2,9,1,8,5,2,9,0,6,111,22,27,11,81,14,3,9,3,49,30,2382,24,55,8,4711,805,8859,602,3,7955,157,249,1,120,28097,24,9,4,158,9,6133,2846,8480,4024,6,14,138,98,21
2,1,1,4,2,6,1,20,76,31,33,10,31,14,10,34,19,29,18,18,11,50,2,84,14,0,2,11,2,9,90,4,14,1,17,78,368,2,42,15,6,38,20,2,4,1,1,64,1,3,22,14,67,14,120,45,118,1043,336,3767,1451,686,182,168,213,192,338,831,964,374,1141,222,6955,1302,1224,58,518,213,118,830,30,145,616,489,63,24,3993,1217,825,26,5763,254,211,8,45,1180,48,86,740,614
4,3,2,25,3,20,3,3,22,119,90,1,0,53,35,211,3,10,31,14,23,124,2,76,8,0,12,0,12,53,256,0,5,0,69,183,90,3,176,0,14,150,76,5,4,0,0,337,6,5,177,124,531,465,2214,5691,1,10,19,253,786,108,13,8,631,210,14257,22,10283,163,60,162,2698,311,117,23,82,5,154,278,5,53,719,384,22,9,1217,23157,169,80,12992,3,229,2,9,6282,134,76,673,140
0,0,0,0,0,0,0,1,13,32,50,1,0,7,2,28,2,11,23,2,10,51,0,50,5,0,1,0,3,12,42,0,2,0,1,37,144,2,20,1,7,49,8,4,0,0,1,1,2,3,2,1,51,0,10,11,13,25,41,49,862,42,90,69,1255,7449,166,244,231,65,700,68,51,17,3047,21,15,5,70,425,31,324,1447,8850,155,4,825,169,22263,10,262,0,14,3,67,27,22,11,1182,6733
1,0,0,0,0,0,0,1,3,5,5,1,2,3,1,2,1,0,0,11,0,10,52,0,22,98,85,6,0,0,7,107,44,4,0,2,7,124,2,9,0,3,1,113,56,4,45,1,0,3,4,2,40,3,12,10,12,37,36,63,126,70,242,41,274,38,25,17,82,5286,29,1413,65,314,12,4176,1384,191,42,67,730,1542,211,14,3135,158,26,80,10,12839,31,82,5532,59,927,54,16,15,103,36
1,1,2,3,2,8,1,1,6,48,56,0,1,16,22,92,0,2,10,4,10,63,0,23,0,0,2,1,2,17,126,0,1,0,21,83,31,0,368,3,8,62,21,0,3,0,0,80,6,7,108,22,112,809,1123,1056,2,3,13,248,821,180,16,6,225,143,1904,15,1386,60,94,113,4388,301,386,20,128,25,102,216,11,31,518,260,20,9,5763,12992,262,31,19999,44,119,5,11,13148,414,57,511,185
0,0,0,0,0,0,0,0,0,2,1,1,0,0,0,0,0,0,1,1,0,35,19,0,2,88,37,868,0,0,0,167,4,861,1,0,2,4,0,2438,1,1,0,133,3,104,582,1,0,0,1,0,0,0,4,1,1,4,0,32,24,6,8,4,12,0,2,2,3,11,6,763,182,458,1,565,5548,14760,182,0,553,41,68,0,18,6133,254,3,0,82,44,31043,15063,1036,926,11,2,41,35,4
0,0,0,0,1,0,0,2,11,10,13,4,6,3,4,4,0,2,0,45,1,31,71,4,48,283,253,115,1,3,4,365,51,152,0,5,7,115,0,466,0,7,1,343,94,33,197,5,0,4,3,0,17,0,39,11,13,58,24,430,181,96,575,108,66,25,17,28,136,1716,75,3164,654,5698,32,11344,25167,1725,39,28,1278,1963,73,11,729,2846,211,229,14,5532,119,15063,43051,267,2098,247,14,10,58,33
0,0,0,0,0,0,0,0,0,1,3,0,0,0,0,1,0,0,0,2,0,1,4,0,0,12,6,44,0,0,1,19,3,79,0,1,0,2,0,192,0,1,0,15,2,9,56,0,0,0,4,2,3,2,1,3,1,14,1,3,133,40,52,12,36,2,4,13,0,24,42,5465,3,16,14,192,97,13203,646,3,723,121,178,2,33,8480,8,2,3,59,5,1036,267,16098,7379,2,7,176,117,13
0,0,0,0,0,0,0,1,4,7,5,1,1,1,1,0,0,0,2,11,0,9,71,5,15,245,144,42,1,0,1,306,12,139,0,0,7,64,0,236,0,3,1,233,33,19,171,0,0,0,0,3,5,3,4,4,14,61,9,26,793,140,537,161,65,64,5,217,15,345,464,8881,38,137,141,1679,1105,1422,122,19,9869,5584,265,29,785,4024,45,9,67,927,11,926,2098,7379,19243,9,3,18,182,222
1,2,0,11,11,32,9,0,16,48,37,0,0,13,20,126,0,3,13,6,4,39,1,65,4,1,26,0,2,9,105,0,2,1,41,73,77,1,87,1,5,41,36,2,0,0,0,529,8,2,343,24,119,377,4542,119,1,0,4,66,231,37,10,0,175,60,497,2,231,51,11,45,694,235,15,10,102,12,43,40,5,36,192,108,12,6,1180,6282,27,54,13148,11,247,2,9,8603,807,16,212,17
0,0,0,0,0,1,0,0,1,1,2,0,0,0,1,5,0,0,0,1,0,3,0,1,1,0,0,0,0,1,8,0,0,0,2,2,6,0,1,0,0,2,1,0,0,0,0,11,0,1,10667,382,323,132,2563,210,1,9,1,1,88,10,1,2,17687,66,128,3,29,66,2,51,129,17,6,15,13,23,12686,41,8,19,3190,25,49,14,48,134,22,16,414,2,14,7,3,807,42347,144,353,10
0,0,0,0,1,0,0,0,0,7,4,0,0,1,1,10,0,3,1,0,5,7,0,4,0,0,1,1,0,3,20,0,0,1,1,6,3,0,3,3,0,11,2,0,0,0,3,2,0,1,55,45,77,64,35,87,0,13,1,7,11091,24,1,1,381,15,85,2,33,51,3,2495,5,5,10,20,3,237,12497,31,18,13,6161,14,24,138,86,76,11,15,57,41,10,176,18,16,144,28303,4498,16
0,1,0,4,0,2,1,2,11,37,41,0,0,23,10,72,2,6,32,9,15,62,0,37,5,2,2,0,7,19,125,4,3,1,18,79,80,1,50,1,11,59,21,4,7,0,0,23,5,2,111,179,708,275,205,633,15,79,28,61,31478,73,44,25,2890,2941,913,34,352,413,229,1819,56,43,436,204,46,187,2171,355,251,647,27401,181,570,98,740,673,1182,103,511,35,58,117,182,212,353,4498,36704,6403
0,0,0,0,0,0,0,2,7,17,17,0,2,3,1,16,0,3,10,4,6,18,1,16,2,1,1,0,1,6,26,2,4,0,3,7,51,6,3,1,3,25,1,3,6,0,2,2,0,0,3,5,121,5,13,35,19,58,42,56,6164,81,104,60,1748,5884,172,125,161,210,4257,149,66,32,3393,104,65,29,31,334,180,841,3520,316,558,21,614,140,6733,36,185,4,33,13,222,17,10,16,6403,9559
