16647,4918,4482,2051,6438,492,15,2,1,30,2,0,0,6746,47,401,0,0,0,4,0,209,0,0,0,0,0,0,85,362,32,0,1,0,11,0,3,0,4,0,154,80,19,0,0,0,0,286,938,4,0,1,11,26,2,0,0,0,0,0,0,0,0,0,10,1,4,0,0,0,0,2,0,0,0,0,0,0,2,0,0,0,2,1,0,0,1,1,0,0,0,0,0,0,0,6,0,0,3,0
4918,20369,6833,12810,537,481,41,3,8,193,6,1,0,2783,1181,782,0,0,0,23,2,382,4,1,2,0,1,1,69,558,122,1,7,0,23,1,26,0,9,0,168,406,70,2,1,0,0,1931,141,53,2,11,54,10,21,17,0,0,0,0,3,0,0,0,74,5,44,0,0,0,0,23,0,0,0,0,0,0,8,1,0,0,21,2,0,0,7,6,1,0,0,0,0,0,0,30,6,3,16,0
4482,6833,26301,6504,7481,5028,2106,3,2,110,4,1,3,1303,40,178,0,0,0,6,1,657,1,2,0,0,2,2,176,845,28,0,7,0,9,1,12,0,5,1,324,344,17,0,1,0,1,1153,704,23,1,8,45,844,11,5,0,0,1,0,0,0,0,0,46,5,37,0,1,0,0,14,0,0,0,0,0,0,6,0,0,0,10,3,0,0,5,7,0,0,0,0,0,0,0,23,4,2,16,0
2051,12810,6504,45324,1348,4886,8165,1,5,287,8,6,3,5981,10432,10449,0,1,1,35,3,301,1,0,1,1,3,1,67,678,509,4,13,0,66,2,47,3,20,1,185,502,1545,4,2,0,1,2370,376,89,2,8,43,15,4,4,0,0,0,0,0,1,0,0,44,4,38,0,0,0,0,20,0,0,0,0,0,0,3,0,0,0,11,1,0,0,2,7,0,0,0,0,0,0,0,26,1,7,16,0
6438,537,7481,1348,20437,17206,136,0,2,25,2,0,0,6153,107,359,0,0,1,7,1,108,0,1,0,2,3,0,79,236,56,1,0,1,24,0,10,1,6,0,93,42,35,0,1,0,0,724,5816,6,3,5,13,651,8,4,0,0,1,0,2,0,0,0,13,4,12,2,0,0,0,2,0,0,0,0,0,0,2,0,0,0,4,3,0,0,0,0,0,0,0,0,0,0,0,7,0,3,7,0
492,481,5028,4886,17206,14981,11815,0,1,9,1,1,0,453,13,576,0,0,0,3,0,33,0,0,0,1,0,0,25,61,4,0,1,0,165,0,4,0,830,0,25,17,4,0,0,0,0,4733,3793,2,1,1,15,1179,10,2,0,0,0,0,0,0,0,0,4,0,3,0,0,0,0,3,0,0,0,0,0,0,0,0,0,0,5,0,0,0,0,1,0,0,0,0,0,0,0,7,0,0,1,0
15,41,2106,8165,136,11815,6949,0,8,26,2,1,1,21,3,1107,0,0,2,3,1,14,0,50,1,0,0,0,2,30,9,0,1,0,2467,272,6,0,517,0,7,17,15,0,0,0,0,1212,7,4,0,0,2,86,15,647,0,0,0,0,1,0,0,0,1,1,1,0,0,0,0,1,0,0,0,0,0,0,0,0,0,0,0,0,0,0,0,0,0,0,16,0,0,0,0,1,0,0,1,0
2,3,3,1,0,0,0,24699,4736,101,483,163,1318,271,90,3751,721,11943,2412,11814,32,226,204,5379,176,85,787,11,7,285,1459,89,1087,12,9,24,3598,26,68,21,29,105,46,43,320,4,20,0,7,164,0,0,0,1,0,0,0,1,0,1,0,0,4,4,1,1,0,0,0,8,0,4,0,1,0,1,1,0,0,0,0,3,0,0,2,0,2,0,0,2,0,0,0,0,0,0,0,0,0,0
1,8,2,5,2,1,8,4736,50843,278,1568,1578,2364,163,30,1547,766,439,5481,6789,152,563,1489,17723,10105,68,3490,13,11,340,85,146,2368,19,92,1880,4109,87,188,44,36,221,100,521,126,15,82,4,7,173,0,0,0,0,0,0,3,0,0,384,1,2,4,4,0,0,1,0,0,16,0,1,0,2,0,1,2,0,0,0,0,9,0,0,1,0,3,0,1,8,0,0,0,0,0,1,0,0,0,0
30,193,110,287,25,9,26,101,278,27497,5414,1910,603,173,218,1737,197,86,772,343,3162,2993,1441,175,222,69,169,18,23,98,519,229,2434,9,465,350,310,39,1307,20,28264,39656,2154,132,79,31,93,43,13,7826,0,0,0,0,0,0,0,0,0,0,0,0,1,1,0,0,1,0,0,2,0,2,0,0,0,0,0,0,1,0,0,3,0,1,2,0,0,0,0,2,0,0,0,0,0,0,0,0,0,0
2,6,4,8,2,1,2,483,1568,5414,5134,7670,1356,19,16,626,942,368,1686,374,2284,4626,3352,364,446,35,249,12,2,30,389,200,1573,16,61,117,288,30,221,16,13,191,1178,151,24,43,140,1,1,199,0,0,0,0,0,0,1,0,0,0,0,0,0,2,0,0,0,0,0,5,0,2,0,0,0,0,0,0,0,0,0,6,0,0,2,0,0,0,0,2,0,0,0,0,0,0,0,0,0,0
0,1,1,6,0,1,1,163,1578,1910,7670,23982,8644,33,33,130,3650,685,351,567,2258,1020,4480,465,458,34,306,13,4,95,475,185,17069,13,26,52,389,19,125,19,36,313,811,114,56,33,146,0,2,212,0,0,0,0,0,0,0,1,0,0,0,1,4,3,0,0,0,0,0,8,0,1,0,0,0,0,1,0,0,0,1,9,0,0,1,0,0,0,0,1,0,0,0,0,0,0,0,0,0,0
0,0,3,3,0,0,1,1318,2364,603,1356,8644,12642,168,87,188,14754,5297,159,3731,966,248,608,1858,187,129,244,14,23,387,488,224,14550,21,17,35,727,44,74,44,44,518,557,43,643,5,54,0,5,443,0,0,0,0,0,0,0,0,0,0,0,1,3,2,0,0,0,0,0,2,0,1,0,2,0,1,0,0,0,0,1,2,0,0,2,0,4,0,1,2,0,0,0,0,0,0,0,0,0,0
6746,2783,1303,5981,6153,453,21,271,163,173,19,33,168,60467,16931,2784,14,69,3,958,23,601,32,14,61,82,85,12,3397,44288,2452,96,305,17,607,4,141,32,293,50,1572,1474,3668,52,173,4,10,1259,29749,3144,1,4,28,27,0,7,1,0,1,0,2,0,0,1,23,8,31,0,0,1,0,11,0,0,0,0,1,0,5,2,0,2,6,2,0,0,6,3,0,0,0,0,0,0,0,14,2,1,13,0
47,1181,40,10432,107,13,3,90,30,218,16,33,87,16931,28905,1209,7,58,1,248,22,280,18,2,10,7,13,3,72,1064,1723,15,133,2,99,7,97,4,93,3,197,1086,18331,8,25,0,5,561,214,14009,0,3,19,0,2,5,0,0,0,0,1,0,0,0,14,1,22,0,0,0,0,13,0,0,0,0,1,0,3,0,0,0,2,2,0,0,2,6,0,0,0,0,0,0,0,11,0,2,8,1
401,782,178,10449,359,576,1107,3751,1547,1737,626,130,188,2784,1209,27996,68,311,6838,3892,195,476,81,912,152,32,88,1,76,1299,13086,24,108,7,7591,3522,1734,25,2844,27,223,1068,10026,91,18,0,4,5218,224,381,2,2,27,4,4,9,0,0,0,0,0,0,0,0,40,10,69,0,0,3,0,35,0,0,0,0,1,0,15,1,0,1,13,4,0,0,11,5,1,0,0,0,0,0,0,22,0,6,20,0
0,0,0,0,0,0,0,721,766,197,942,3650,14754,14,7,68,5020,3855,361,64,9485,149,255,1247,32,2,20,1,1,13,1019,11,711,1,5,24,460,3,85,1,2,36,465,10,18,3,9,0,0,31,0,0,0,0,0,0,0,0,0,0,0,0,1,0,0,0,0,0,0,0,0,0,0,0,0,0,0,0,0,0,0,1,0,0,0,0,0,0,0,0,0,0,0,0,0,0,0,0,0,0
0,0,0,1,0,0,0,11943,439,86,368,685,5297,69,58,311,3855,3922,649,575,2053,72,88,1956,22,4,26,0,6,87,1763,15,364,0,3,10,1089,1,364,2,7,35,261,10,50,0,3,0,1,94,0,0,0,0,0,0,0,0,0,0,0,0,0,0,0,0,1,0,0,1,0,0,0,0,0,0,1,0,0,0,0,0,0,0,0,0,0,0,0,0,0,0,0,0,0,0,0,0,0,0
0,0,0,1,1,0,2,2412,5481,772,1686,351,159,3,1,6838,361,649,6982,458,489,376,128,2342,57,5,26,4,2,3,1409,15,112,3,30,2544,1098,2,1071,3,2,13,149,20,6,3,3,0,0,14,0,0,0,0,0,0,0,0,0,1,0,0,0,0,1,0,0,0,0,1,0,0,0,0,0,0,1,0,0,0,0,0,0,0,0,0,0,0,1,0,0,0,0,0,0,0,0,0,0,0
4,23,6,35,7,3,3,11814,6789,343,374,567,3731,958,248,3892,64,575,458,19784,120,244,1096,203,3422,843,3867,95,47,1470,734,1220,10741,134,23,76,570,2803,65,257,130,784,373,2474,13335,25,111,3,40,744,0,0,0,0,0,0,11,3,1,3,0,22,39,44,0,2,0,2,1,87,2,24,0,12,0,2,13,3,0,0,3,69,0,0,15,1,12,1,1,15,0,0,4,0,2,0,0,0,0,0
0,2,1,3,1,0,1,32,152,3162,2284,2258,966,23,22,195,9485,2053,489,120,7034,258,437,444,56,6,31,0,2,37,2215,43,688,1,63,260,755,5,989,2,19,313,7312,15,29,6,15,3,0,1715,0,0,0,0,0,0,0,0,0,0,0,1,0,0,0,0,0,0,0,0,0,1,0,0,0,0,1,0,0,0,0,0,0,0,0,0,0,0,0,0,0,0,0,0,0,0,0,0,0,0
209,382,657,301,108,33,14,226,563,2993,4626,1020,248,601,280,476,149,72,376,244,258,24406,5843,66,230,56,160,345,3302,1447,164,138,561,29,219,49,114,21,294,42,31104,5880,459,152,43,1686,90,61,93,502,0,0,1,9,0,0,0,0,0,0,0,1,0,0,1,3,1,0,0,2,0,2,0,0,0,1,0,0,0,0,2,4,0,0,1,0,1,0,0,0,0,0,2,0,0,0,0,0,0,0
0,4,1,1,0,0,0,204,1489,1441,3352,4480,608,32,18,81,255,88,128,1096,437,5843,17676,141,2256,1045,3802,2383,17,98,102,10712,21679,1964,14,26,128,416,35,2228,33,303,290,3277,190,3821,9680,0,2,140,0,0,0,0,0,0,0,2,1,1,0,9,12,0,0,0,0,0,1,19,0,37,0,5,0,36,30,1,0,0,63,133,0,0,18,4,1,0,0,65,0,10,46,1,18,0,0,0,1,0
0,1,2,0,1,0,50,5379,17723,175,364,465,1858,14,2,912,1247,1956,2342,203,444,66,141,9866,401,10,229,4,0,25,240,23,377,4,831,11648,12856,11,4188,6,4,31,156,68,30,1,12,10,0,26,0,0,0,0,0,0,0,0,6,1,0,3,4,3,0,0,0,0,0,1,2,0,0,1,2,1,0,0,0,1,0,4,0,0,2,0,13,0,1,0,0,0,0,0,0,0,0,0,0,0
0,2,0,1,0,0,1,176,10105,222,446,458,187,61,10,152,32,22,57,3422,56,230,2256,401,16461,214,13684,34,6,130,18,620,2922,44,16,61,443,422,14,80,9,105,58,1827,690,34,152,1,3,69,0,0,0,0,0,0,7,1,0,19,0,12,17,18,0,0,0,2,0,38,0,14,1,5,0,1,11,1,0,0,0,26,0,0,10,0,6,0,1,9,0,0,4,0,1,0,0,0,1,0
0,0,0,1,2,1,0,85,68,69,35,34,129,82,7,32,2,4,5,843,6,56,1045,10,214,14466,3961,288,4,171,23,27726,788,3363,3,2,7,8687,2,3141,11,75,31,24494,7459,202,948,0,3,64,0,0,0,0,0,0,0,0,0,1,0,2,0,1,0,1,0,2,0,8,1,57,1,9,0,79,76,0,0,0,101,147,0,0,10,7,0,0,1,101,0,13,103,0,40,0,0,0,0,0
0,1,2,3,3,0,0,787,3490,169,249,306,244,85,13,88,20,26,26,3867,31,160,3802,229,13684,3961,35227,345,9,143,47,4862,2128,549,2,12,597,4220,14,4376,18,105,43,18055,2214,190,1171,1,3,73,0,0,0,0,0,0,7,4,2,13,0,6,7,4,0,0,0,3,0,29,0,93,3,32,0,151,362,67,0,0,138,199,0,0,50,24,43,1,0,146,0,321,292,18,62,1,0,0,0,3
0,1,2,1,0,0,0,11,13,18,12,13,14,12,3,1,1,0,4,95,0,345,2383,4,34,288,345,66235,1,12,5,1813,100,7553,0,0,1,108,2,19114,8,11,5,335,98,21002,4010,1,1,9,0,0,0,0,0,0,0,0,0,0,0,0,0,0,0,0,0,0,0,0,0,5,0,1,0,8,25,1553,0,0,9,10,0,0,0,0,0,0,0,7,0,26,19,2,5,0,0,0,0,0
85,69,176,67,79,25,2,7,11,23,2,4,23,3397,72,76,1,6,2,47,2,3302,17,0,6,4,9,1,63081,8623,26,9,49,1,32,5,13,3,55,4,31365,355,93,5,9,11,3,19,8435,37,0,0,0,2,0,0,0,0,0,0,0,0,0,0,1,0,0,0,0,0,0,0,0,0,0,0,0,0,0,0,0,0,0,0,0,0,0,0,0,0,0,0,0,0,0,1,0,0,0,0
362,558,845,678,236,61,30,285,340,98,30,95,387,44288,1064,1299,13,87,3,1470,37,1447,98,25,130,171,143,12,8623,64330,601,212,1103,43,706,40,230,44,823,62,16580,18069,2131,64,251,7,22,167,3709,2009,0,1,0,8,0,0,2,0,0,0,0,0,3,1,3,1,6,1,0,5,0,0,0,0,0,0,0,0,3,1,0,2,1,1,1,0,0,0,0,1,0,0,0,0,0,1,0,0,2,0
32,122,28,509,56,4,9,1459,85,519,389,475,488,2452,1723,13086,1019,1763,1409,734,2215,164,102,240,18,23,47,5,26,601,15293,29,305,4,148,240,1091,9,1668,4,78,342,20052,9,62,3,8,38,90,273,0,0,5,1,0,0,0,0,0,0,3,0,1,5,6,0,25,0,0,1,0,6,0,0,0,0,0,0,1,0,0,0,6,2,0,0,1,3,0,0,1,2,0,0,0,3,1,1,8,0
0,1,0,4,1,0,0,89,146,229,200,185,224,96,15,24,11,15,15,1220,43,138,10712,23,620,27726,4862,1813,9,212,29,49008,9196,5948,8,2,20,1288,10,3591,19,188,57,5604,7582,1124,30420,0,5,100,0,0,0,0,0,0,1,1,0,4,0,3,7,0,0,1,1,0,0,13,0,66,1,13,0,134,86,2,0,0,149,219,0,0,23,12,3,0,1,165,0,18,131,0,52,0,0,0,2,1
1,7,7,13,0,1,1,1087,2368,2434,1573,17069,14550,305,133,108,711,364,112,10741,688,561,21679,377,2922,788,2128,100,49,1103,305,9196,20223,175,24,50,375,434,98,204,184,1722,823,1358,4949,192,5362,1,16,1085,0,0,0,0,0,0,2,0,1,4,1,13,21,13,1,1,0,2,0,52,0,23,1,10,0,9,23,0,0,0,10,98,0,0,34,0,8,0,0,46,0,0,6,0,4,0,0,0,0,1
0,0,0,0,1,0,0,12,19,9,16,13,21,17,2,7,1,0,3,134,1,29,1964,4,44,3363,549,7553,1,43,4,5948,175,11994,0,0,2,210,1,16032,2,14,7,4647,192,2013,4841,0,0,14,0,0,0,0,0,0,1,0,0,2,0,1,0,0,0,0,0,0,0,2,0,19,1,9,0,58,67,36,0,0,65,19,0,0,4,8,0,0,0,29,0,30,112,0,14,0,0,0,0,0
11,23,9,66,24,165,2467,9,92,465,61,26,17,607,99,7591,5,3,30,23,63,219,14,831,16,3,2,0,32,706,148,8,24,0,7682,2252,1464,1,24579,0,125,428,744,6,0,0,0,2037,58,156,0,0,0,0,0,0,0,0,0,0,0,0,0,0,1,1,4,0,0,0,0,0,0,0,0,0,0,0,0,0,0,0,0,0,0,0,0,0,0,0,0,0,0,0,0,0,0,0,1,0
0,1,1,2,0,0,272,24,1880,350,117,52,35,4,7,3522,24,10,2544,76,260,49,26,11648,61,2,12,0,5,40,240,2,50,0,2252,6990,504,4,4686,0,6,101,446,19,4,1,4,13,1,55,0,0,0,0,0,0,0,0,0,0,1,0,0,0,0,0,0,0,0,0,0,1,0,0,0,0,0,0,0,1,0,0,0,0,0,0,0,0,0,0,0,0,0,0,0,0,0,0,0,0
3,26,12,47,10,4,6,3598,4109,310,288,389,727,141,97,1734,460,1089,1098,570,755,114,128,12856,443,7,597,1,13,230,1091,20,375,2,1464,504,4759,10,6675,2,47,167,1471,15,22,4,4,4363,6,79,0,3,22,0,6,4,11,9,7,6,7,18,4,9,17,8,31,8,0,18,1,8,1,2,1,0,24,0,4,2,0,5,8,6,1,0,51,10,1,2,1,0,0,0,0,22,1,0,2,0
0,0,0,3,1,0,0,26,87,39,30,19,44,32,4,25,3,1,2,2803,5,21,416,11,422,8687,4220,108,3,44,9,1288,434,210,1,4,10,7370,1,430,8,25,8,15192,8241,31,129,0,3,23,0,0,0,0,0,0,0,1,1,4,3,5,3,0,0,0,1,1,0,10,1,12,2,5,0,6,6,0,0,0,6,70,0,0,26,0,2,0,0,26,0,0,7,0,1,0,0,0,0,0
4,9,5,20,6,830,517,68,188,1307,221,125,74,293,93,2844,85,364,1071,65,989,294,35,4188,14,2,14,2,55,823,1668,10,98,1,24579,4686,6675,1,31484,1,175,697,4261,14,14,1,5,11969,32,467,0,0,0,38,91,464,0,0,0,0,0,0,0,0,0,1,4,0,0,0,0,2,0,0,0,0,0,0,1,0,0,1,0,2,0,0,3,0,0,0,37,0,0,0,0,0,0,0,0,0
0,0,1,1,0,0,0,21,44,20,16,19,44,50,3,27,1,2,3,257,2,42,2228,6,80,3141,4376,19114,4,62,4,3591,204,16032,0,0,2,430,1,19571,11,35,10,8867,288,2584,3823,0,1,16,0,0,0,0,0,0,0,1,0,2,0,1,1,0,1,0,0,0,0,2,0,55,5,34,0,208,454,137,0,0,194,31,0,0,3,36,0,0,1,72,0,321,499,16,43,0,0,0,0,0
154,168,324,185,93,25,7,29,36,28264,13,36,44,1572,197,223,2,7,2,130,19,31104,33,4,9,11,18,8,31365,16580,78,19,184,2,125,6,47,8,175,11,48775,6547,242,13,24,9,5,40,1510,246,0,1,0,2,0,0,0,0,0,0,0,0,0,0,0,0,0,0,0,0,0,0,0,0,0,0,0,0,0,0,0,0,0,1,1,0,0,0,0,0,0,0,0,0,0,0,0,0,1,0
80,406,344,502,42,17,17,105,221,39656,191,313,518,1474,1086,1068,36,35,13,784,313,5880,303,31,105,75,105,11,355,18069,342,188,1722,14,428,101,167,25,697,35,6547,34751,2722,69,181,10,40,64,225,12445,0,0,0,1,0,0,0,0,0,0,0,2,1,1,0,1,1,0,1,1,0,1,0,0,0,0,2,0,0,0,0,2,0,0,0,0,0,0,1,1,0,0,1,0,0,0,0,0,0,0
19,70,17,1545,35,4,15,46,100,2154,1178,811,557,3668,18331,10026,465,261,149,373,7312,459,290,156,58,31,43,5,93,2131,20052,57,823,7,744,446,1471,8,4261,10,242,2722,38578,35,77,7,7,414,82,7685,0,1,11,1,3,0,0,0,0,0,5,0,0,2,19,7,66,0,0,0,0,24,0,0,0,0,0,0,8,1,0,0,19,4,0,0,12,7,1,0,1,0,0,0,0,12,1,5,19,0
0,2,0,4,0,0,0,43,521,132,151,114,43,52,8,91,10,10,20,2474,15,152,3277,68,1827,24494,18055,335,5,64,9,5604,1358,4647,6,19,15,15192,14,8867,13,69,35,81366,933,342,1387,0,6,41,0,0,0,0,0,0,0,0,1,2,0,4,3,1,0,0,0,0,0,9,0,70,0,7,0,160,120,4,0,0,178,113,0,0,8,15,2,0,0,119,0,37,226,2,66,0,0,0,0,1
0,1,1,2,1,0,0,320,126,79,24,56,643,173,25,18,18,50,6,13335,29,43,190,30,690,7459,2214,98,9,251,62,7582,4949,192,0,4,22,8241,14,288,24,181,77,933,13008,29,96,1,6,143,0,0,0,0,0,0,3,1,0,1,1,20,23,6,0,1,1,0,1,64,0,24,1,8,0,7,17,0,0,0,2,65,0,0,37,0,7,0,0,21,0,0,6,0,0,0,0,0,0,0
0,0,0,0,0,0,0,4,15,31,43,33,5,4,0,0,3,0,3,25,6,1686,3821,1,34,202,190,21002,11,7,3,1124,192,2013,0,1,4,31,1,2584,9,10,7,342,29,15160,6872,0,2,4,0,0,0,0,0,0,0,0,0,0,0,0,0,0,0,0,0,0,0,0,0,3,0,1,0,10,4,2,0,0,5,5,0,0,0,1,0,0,0,3,0,9,5,0,1,0,0,0,0,0
0,0,1,1,0,0,0,20,82,93,140,146,54,10,5,4,9,3,3,111,15,90,9680,12,152,948,1171,4010,3,22,8,30420,5362,4841,0,4,4,129,5,3823,5,40,7,1387,96,6872,34513,0,0,14,0,0,0,0,0,0,1,0,0,0,0,1,0,0,0,0,0,0,0,4,0,18,1,5,0,46,38,3,0,0,72,58,0,0,6,6,0,0,0,60,0,11,52,0,29,0,0,0,0,0
286,1931,1153,2370,724,4733,1212,0,4,43,1,0,0,1259,561,5218,0,0,0,3,3,61,0,10,1,0,1,1,19,167,38,0,1,0,2037,13,4363,0,11969,0,40,64,414,0,1,0,0,19505,996,11,34,179,603,59,204,170,0,0,0,1,9,0,0,0,429,56,304,7,0,1,0,108,0,0,0,0,0,0,51,1,0,0,121,24,0,0,16,74,0,0,3,0,0,0,0,365,38,14,94,1
938,141,704,376,5816,3793,7,7,7,13,1,2,5,29749,214,224,0,1,0,40,0,93,2,0,3,3,3,1,8435,3709,90,5,16,0,58,1,6,3,32,1,1510,225,82,6,6,2,0,996,20179,8,0,0,4,56,3,2,0,0,0,0,1,0,0,0,3,0,1,0,0,0,0,0,0,0,0,0,0,0,0,0,0,0,1,1,0,0,1,1,0,0,0,0,0,0,0,4,0,0,0,0
4,53,23,89,6,2,4,164,173,7826,199,212,443,3144,14009,381,31,94,14,744,1715,502,140,26,69,64,73,9,37,2009,273,100,1085,14,156,55,79,23,467,16,246,12445,7685,41,143,4,14,11,8,20426,0,0,0,0,0,0,0,0,0,0,0,0,1,1,0,0,0,0,0,2,0,2,0,0,0,0,0,0,0,0,0,0,0,0,0,0,1,0,1,0,0,0,0,0,0,0,0,0,0,0
0,2,1,2,3,1,0,0,0,0,0,0,0,1,0,2,0,0,0,0,0,0,0,0,0,0,0,0,0,0,0,0,0,0,0,0,0,0,0,0,0,0,0,0,0,0,0,34,0,0,20127,4701,1436,7628,7030,289,0,0,0,0,40,1,0,0,5729,1,26,0,1,0,0,529,0,0,0,0,0,0,1395,0,0,0,1159,1,0,0,4,19,0,0,10,0,0,0,0,133,10366,235,728,0
1,11,8,8,5,1,0,0,0,0,0,0,0,4,3,2,0,0,0,0,0,0,0,0,0,0,0,0,0,1,0,0,0,0,0,0,3,0,0,0,1,0,1,0,0,0,0,179,0,0,4701,26997,8836,10218,1059,2219,0,0,4,0,204,2,0,0,4463,2,54,0,2,0,0,446,0,0,0,0,0,0,175,2,0,0,687,0,0,0,14,46,0,0,9,0,0,0,0,480,385,40,930,1
11,54,45,43,13,15,2,0,0,0,0,0,0,28,19,27,0,0,0,0,0,1,0,0,0,0,0,0,0,0,5,0,0,0,0,0,22,0,0,0,0,0,11,0,0,0,0,603,4,0,1436,8836,23286,1945,4266,8700,0,0,77,1,275,5,0,0,16713,1323,5183,18,1,14,0,215,5,0,0,0,0,0,181,293,0,0,672,56,0,0,30,524,0,1,12,1,0,0,0,2824,580,41,793,120
26,10,844,15,651,1179,86,1,0,0,0,0,0,27,0,4,0,0,0,0,0,9,0,0,0,0,0,0,2,8,1,0,0,0,0,0,0,0,38,0,2,1,1,0,0,0,0,59,56,0,7628,10218,1945,18362,13934,6964,0,0,1,0,60,5,0,0,330,2,32,0,0,1,0,390,0,0,0,0,0,0,307,0,0,0,679,0,0,0,6,43,0,0,385,0,0,0,0,239,470,81,703,0
2,21,11,4,8,10,15,0,0,0,0,0,0,0,2,4,0,0,0,0,0,0,0,0,0,0,0,0,0,0,0,0,0,0,0,0,6,0,91,0,0,0,3,0,0,0,0,204,3,0,7030,1059,4266,13934,13029,6725,0,0,0,2,3,1,0,0,146,0,125,0,0,3,0,39,63,0,0,0,1,0,55,0,0,0,42,0,0,0,4,1271,0,3,643,0,0,0,0,3262,2285,12,60,0
0,17,5,4,4,2,647,0,0,0,0,0,0,7,5,9,0,0,0,0,0,0,0,0,0,0,0,0,0,0,0,0,0,0,0,0,4,0,464,0,0,0,0,0,0,0,0,170,2,0,289,2219,8700,6964,6725,21186,0,0,5,11,24,1,0,0,399,4,3962,0,0,14,0,123,5,1,0,0,0,0,19,1,0,0,128,1,0,0,21,2719,3,1,495,0,0,0,0,1094,13,9,169,2
0,0,0,0,0,0,0,0,3,0,1,0,0,1,0,0,0,0,0,11,0,0,0,0,7,0,7,0,0,2,0,1,2,1,0,0,11,0,0,0,0,0,0,0,3,0,1,0,0,0,0,0,0,0,0,0,3487,1967,15,570,3,275,114,2941,74,858,6,2830,4,8253,10,112,352,267,1,25,451,0,0,1,14,2198,9,3,796,1,851,1,70,55,3,2,13,3,7,0,1,0,2,7
0,0,0,0,0,0,0,1,0,0,0,1,0,0,0,0,0,0,0,3,0,0,2,0,1,0,4,0,0,0,0,1,0,0,0,0,9,1,0,1,0,0,0,0,1,0,0,0,0,0,0,0,0,0,0,0,1967,16749,6296,1908,10,831,184,1209,169,187,6,14721,1,14557,57,273,3112,85,2,14,93,0,0,0,6,159,11,3,19,3,3534,2,12,72,3,4,13,0,19,1,1,0,1,5
0,0,1,0,1,0,0,0,0,0,0,0,0,1,0,0,0,0,0,1,0,0,1,6,0,0,2,0,0,0,0,0,1,0,0,0,7,1,0,0,0,0,0,1,0,0,0,0,0,0,0,4,77,1,0,5,15,6296,6919,4634,1255,2413,65,70,1489,32,3247,2565,1572,1333,984,163,771,43,1329,6,50,1,2,8971,7,90,24,9,38,1,5006,99,180,65,231,1,8,0,8,2,2,1,69,70
0,0,0,0,0,0,0,1,384,0,0,0,0,0,0,0,0,0,1,3,0,0,1,1,19,1,13,0,0,0,0,4,4,2,0,0,6,4,0,2,0,0,0,2,1,0,0,1,0,0,0,0,1,0,2,11,570,1908,4634,25936,77,1196,252,422,2,21,1501,803,5392,12515,118,228,17908,8574,60,19,1060,2,0,23,36,155,2,1,26,4,3435,595,82,373,230,40,432,3,13,14,0,0,7,61
0,3,0,0,2,0,1,0,1,0,0,0,0,2,1,0,0,0,0,0,0,0,0,0,0,0,0,0,0,0,3,0,1,0,0,1,7,3,0,0,0,0,5,0,1,0,0,9,1,0,40,204,275,60,3,24,3,10,1255,77,29978,1875,429,66,931,155,3632,1451,881,94,4127,788,22,12,185,13,53,1,20,796,44,632,94,2,15,1,926,352,2341,139,1277,2,16,7,70,129,2,12540,23931,5108
0,0,0,1,0,0,0,0,2,0,0,1,1,0,0,0,0,0,0,22,1,1,9,3,12,2,6,0,0,0,0,3,13,1,0,0,18,5,0,1,0,2,0,4,20,0,1,0,0,0,1,2,5,5,1,1,275,831,2413,1196,1875,3857,5434,1014,49,173,541,5573,527,2253,5090,5499,491,373,74,82,683,8,2,77,139,1645,6,5,79,11,958,79,947,395,212,8,124,12,198,18,1,6,216,741
0,0,0,0,0,0,0,4,4,1,0,4,3,0,0,0,1,0,0,39,0,0,12,4,17,0,7,0,0,3,1,7,21,0,0,0,4,3,0,1,0,1,0,3,23,0,0,0,0,1,0,0,0,0,0,0,114,184,65,252,429,5434,8215,11453,4,373,22,2116,12,2586,2936,5689,117,449,77,6,946,1,0,29,131,15111,1,19,66,1,206,5,860,146,9,1,73,2,440,2,0,0,37,312
0,0,0,0,0,0,0,4,4,1,2,3,2,1,0,0,0,0,0,44,0,0,0,3,18,1,4,0,0,1,5,0,13,0,0,0,9,0,0,0,0,1,2,1,6,0,0,0,0,1,0,0,0,0,0,0,2941,1209,70,422,66,1014,11453,10363,10,600,25,9601,4,5494,1418,682,154,290,43,13,649,1,0,54,19,19943,1,66,489,0,350,5,955,52,16,0,16,1,75,0,0,0,8,82
10,74,46,44,13,4,1,1,0,0,0,0,0,23,14,40,0,0,1,0,0,1,0,0,0,0,0,0,1,3,6,0,1,0,1,0,17,0,0,1,0,0,19,0,0,0,0,429,3,0,5729,4463,16713,330,146,399,74,169,1489,2,931,49,4,10,60168,11148,1021,3289,5,457,1,994,1,0,0,12,7,0,5495,1053,1,121,20626,461,32,0,99,388,5,21,63,0,3,0,0,1711,9725,373,3161,136
1,5,5,4,4,0,1,1,0,0,0,0,0,8,1,10,0,0,0,2,0,3,0,0,0,1,0,0,0,1,0,1,1,0,1,0,8,0,1,0,0,1,7,0,1,0,0,56,0,0,1,2,1323,2,0,4,858,187,32,21,155,173,373,600,11148,24382,3335,2642,32,380,71,229,4,14,32,17,59,2,1,206,18,1793,2409,1078,197,4,972,186,721,114,853,2,13,2,52,102,0,1,4187,5938
4,44,37,38,12,3,1,0,1,1,0,0,0,31,22,69,0,1,0,0,0,1,0,0,0,0,0,0,0,6,25,1,0,0,4,0,31,1,4,0,0,1,66,0,1,0,0,304,1,0,26,54,5183,32,125,3962,6,6,3247,1501,3632,541,22,25,1021,3335,26045,189,6497,492,224,402,364,91,160,0,34,0,90,5715,8,38,1411,6023,3,1,2995,6157,1709,13,3545,0,9,1,5,4946,42,62,1820,1767
0,0,0,0,2,0,0,0,0,0,0,0,0,0,0,0,0,0,0,2,0,0,0,0,2,2,3,0,0,1,0,0,2,0,0,0,8,1,0,0,0,0,0,0,0,0,0,7,0,0,0,0,18,0,0,0,2830,14721,2565,803,1451,5573,2116,9601,3289,2642,189,11402,69,2441,4250,598,566,44,1865,5,79,0,3,3079,30,642,33,813,40,2,1644,11,2073,79,224,1,10,2,59,2,2,1,59,122
0,0,1,0,0,0,0,0,0,0,0,0,0,0,0,0,0,0,0,1,0,0,1,0,0,0,0,0,0,0,0,0,0,0,0,0,0,0,0,0,0,1,0,0,1,0,0,0,0,0,1,2,1,0,0,0,4,1,1572,5392,881,527,12,4,5,32,6497,69,9694,387,303,30,746,67,240,1,18,0,3,1320,3,15,3,15,0,0,1266,1271,456,12,1139,0,10,1,1,5,1,2,70,156
0,0,0,0,0,0,0,8,16,2,5,8,2,1,0,3,0,1,1,87,0,2,19,1,38,8,29,0,0,5,1,13,52,2,0,0,18,10,0,2,0,1,0,9,64,0,4,1,0,2,0,0,14,1,3,14,8253,14557,1333,12515,94,2253,2586,5494,457,380,492,2441,387,20292,144,2294,2214,16320,8,413,5117,17,2,2,119,13791,129,2,10445,31,2710,780,89,5022,65,70,3286,18,115,51,0,1,39,63
0,0,0,0,0,0,0,0,0,0,0,0,0,0,0,0,0,0,0,2,0,0,0,2,0,1,0,0,0,0,0,0,0,0,0,0,1,1,0,0,0,0,0,0,0,0,0,0,0,0,0,0,0,0,0,0,10,57,984,118,4127,5090,2936,1418,1,71,224,4250,303,144,2785,475,90,15,2799,3,35,0,0,998,28,471,0,17,2,0,357,15,2147,27,215,0,5,0,77,0,0,0,71,2428
2,23,14,20,2,3,1,4,1,2,2,1,1,11,13,35,0,0,0,24,1,2,37,0,14,57,93,5,0,0,6,66,23,19,0,1,8,12,2,55,0,1,24,70,24,3,18,108,0,2,529,446,215,390,39,123,112,273,163,228,788,5499,5689,682,994,229,402,598,30,2294,475,30797,119,457,13,1727,1945,2587,5748,24,11564,31714,1382,8,231,4167,306,172,442,1826,193,2097,1774,9167,12457,273,864,2616,4344,337
0,0,0,0,0,0,0,0,0,0,0,0,0,0,0,0,0,0,0,0,0,0,0,0,1,1,3,0,0,0,0,1,1,1,0,0,1,2,0,5,0,0,0,0,1,0,1,0,0,0,0,0,5,0,63,5,352,3112,771,17908,22,491,117,154,1,4,364,566,746,2214,90,119,7095,3567,29,46,883,2,0,10,30,119,0,0,44,6,13372,3113,18,419,2112,63,414,1,6,1444,3,0,3,9
0,0,0,0,0,0,0,1,2,0,0,0,2,0,0,0,0,0,0,12,0,0,5,1,5,9,32,1,0,0,0,13,10,9,0,0,2,5,0,34,0,0,0,7,8,1,5,0,0,0,0,0,0,0,0,1,267,85,43,8574,12,373,449,290,0,14,91,44,67,16320,15,457,3567,26226,1,162,13026,20,0,1,120,914,2,0,309,23,288,171,23,3053,17,526,8025,12,27,4,0,0,5,13
0,0,0,0,0,0,0,0,0,0,0,0,0,0,0,0,0,0,0,0,0,0,0,2,0,0,0,0,0,0,0,0,0,0,0,0,1,0,0,0,0,0,0,0,0,0,0,0,0,0,0,0,0,0,0,0,1,2,1329,60,185,74,77,43,0,32,160,1865,240,8,2799,13,29,1,3838,0,5,0,0,5610,2,48,0,278,0,0,378,15,2985,1,227,0,0,0,5,0,0,0,9,104
0,0,0,0,0,0,0,1,1,0,0,0,1,0,0,0,0,0,0,2,0,1,36,1,1,79,151,8,0,0,0,134,9,58,0,0,0,6,0,208,0,0,0,160,7,10,46,0,0,0,0,0,0,0,0,0,25,14,6,19,13,82,6,13,12,17,0,5,1,413,3,1727,46,162,0,16522,1946,389,0,1,10011,730,3,0,5583,3965,17,2,6,6376,0,2927,8184,360,510,0,0,0,4,7
0,0,0,0,0,0,0,1,2,0,0,1,0,1,1,1,0,1,1,13,1,0,30,0,11,76,362,25,0,0,0,86,23,67,0,0,24,6,0,454,0,2,0,120,17,4,38,0,0,0,0,0,0,0,1,0,451,93,50,1060,53,683,946,649,7,59,34,79,18,5117,35,1945,883,13026,5,1946,25763,253,1,1,1153,3811,5,3,2618,224,169,57,41,8681,16,6512,22098,76,300,2,1,0,17,41
0,0,0,0,0,0,0,0,0,0,0,0,0,0,0,0,0,0,0,3,0,0,1,0,1,0,67,1553,0,0,0,2,0,36,0,0,0,0,0,137,0,0,0,4,0,2,3,0,0,0,0,0,0,0,0,0,0,0,1,2,1,8,1,1,0,2,0,0,0,17,0,2587,2,20,0,389,253,48910,3,0,2318,196,1,0,12,6174,1,0,3,94,0,22986,534,13343,746,0,0,2,1,0
2,8,6,3,2,0,0,0,0,1,0,0,0,5,3,15,0,0,0,0,0,0,0,0,0,0,0,0,0,3,1,0,0,0,0,0,4,0,1,0,0,0,8,0,0,0,0,51,0,0,1395,175,181,307,55,19,0,0,2,0,20,2,0,0,5495,1,90,3,3,2,0,5748,0,0,0,0,1,3,91354,1,0,1,20873,2,0,0,52,37,0,0,49,1,0,7,1,133,11270,19853,875,1
0,1,0,0,0,0,0,0,0,0,0,0,0,2,0,1,0,0,0,0,0,0,0,1,0,0,0,0,0,1,0,0,0,0,0,1,2,0,0,0,0,0,1,0,0,0,0,1,0,0,0,2,293,0,0,1,1,0,8971,23,796,77,29,54,1053,206,5715,3079,1320,2,998,24,10,1,5610,1,1,0,1,3491,2,18,5,675,1,0,794,86,3646,0,454,0,0,0,2,5,1,0,37,41
0,0,0,0,0,0,0,0,0,0,0,1,1,0,0,0,0,0,0,3,0,2,63,0,0,101,138,9,0,0,0,149,10,65,0,0,0,6,0,194,0,0,0,178,2,5,72,0,0,0,0,0,0,0,0,0,14,6,7,36,44,139,131,19,1,18,8,30,3,119,28,11564,30,120,2,10011,1153,2318,0,2,23827,6785,3,0,2180,12211,21,2,31,3513,2,2660,1583,5151,25093,0,0,0,10,31
0,0,0,0,0,0,0,3,9,3,6,9,2,2,0,1,1,0,0,69,0,4,133,4,26,147,199,10,0,2,0,219,98,19,0,0,5,70,1,31,0,2,0,113,65,5,58,0,0,0,0,0,0,0,0,0,2198,159,90,155,632,1645,15111,19943,121,1793,38,642,15,13791,471,31714,119,914,48,730,3811,196,1,18,6785,24694,70,24,4799,139,113,4,1178,5566,18,124,1035,342,10058,1,0,0,153,795
2,21,10,11,4,5,0,0,0,0,0,0,0,6,2,13,0,0,0,0,0,0,0,0,0,0,0,0,0,1,6,0,0,0,0,0,8,0,0,0,0,0,19,0,0,0,0,121,1,0,1159,687,672,679,42,128,9,11,24,2,94,6,1,1,20626,2409,1411,33,3,129,0,1382,0,2,0,3,5,1,20873,5,3,70,71305,0,7,1,235,158,0,11,218,1,2,1,0,398,5918,6075,23944,431
1,2,3,1,3,0,0,0,0,1,0,0,0,2,2,4,0,0,0,0,0,0,0,0,0,0,0,0,0,1,2,0,0,0,0,0,6,0,2,0,1,0,4,0,0,0,0,24,1,0,1,0,56,0,0,1,3,3,9,1,2,5,19,66,461,1078,6023,813,15,2,17,8,0,0,278,0,3,0,2,675,0,24,0,5201,2,0,401,62,2929,0,230,0,0,0,0,6,0,0,1,1
0,0,0,0,0,0,0,2,1,2,2,1,2,0,0,0,0,0,0,15,0,1,18,2,10,10,50,0,0,1,0,23,34,4,0,0,1,26,0,3,1,0,0,8,37,0,6,0,0,0,0,0,0,0,0,0,796,19,38,26,15,79,66,489,32,197,3,40,0,10445,2,231,44,309,0,5583,2618,12,0,1,2180,4799,7,2,13992,92,11,2,15,10123,1,34,293,18,875,0,0,0,4,15
0,0,0,0,0,0,0,0,0,0,0,0,0,0,0,0,0,0,0,1,0,0,4,0,0,7,24,0,0,0,0,12,0,8,0,0,0,0,0,36,0,0,0,15,0,1,6,0,0,0,0,0,0,0,0,0,1,3,1,4,1,11,1,0,0,4,1,2,0,31,0,4167,6,23,0,3965,224,6174,0,0,12211,139,1,0,92,10740,1,0,0,566,0,11330,1642,6575,3091,0,0,0,1,0
1,7,5,2,0,0,0,2,3,0,0,0,4,6,2,11,0,0,0,12,0,1,1,13,6,0,43,0,0,0,1,3,8,0,0,0,51,2,3,0,0,0,12,2,7,0,0,16,1,1,4,14,30,6,4,21,851,3534,5006,3435,926,958,206,350,99,972,2995,1644,1266,2710,357,306,13372,288,378,17,169,1,52,794,21,113,235,401,11,1,3317,1725,1494,72,4188,2,18,0,10,1170,35,32,421,410
1,6,7,7,0,1,0,0,0,0,0,0,0,3,6,5,0,0,0,1,0,0,0,0,0,0,1,0,0,0,3,0,0,0,0,0,10,0,0,0,0,0,7,0,0,0,0,74,1,0,19,46,524,43,1271,2719,1,2,99,595,352,79,5,5,388,186,6157,11,1271,780,15,172,3113,171,15,2,57,0,37,86,2,4,158,62,2,0,1725,12927,242,28,10520,2,22,0,0,4520,15,23,277,127
0,1,0,0,0,0,0,0,1,0,0,0,1,0,0,1,0,0,1,1,0,0,0,1,1,1,0,0,0,0,0,1,0,0,0,0,1,0,0,1,0,1,1,0,0,0,0,0,0,1,0,0,0,0,0,3,70,12,180,82,2341,947,860,955,5,721,1709,2073,456,89,2147,442,18,23,2985,6,41,3,0,3646,31,1178,0,2929,15,0,1494,242,15142,58,1511,1,8,2,83,21,0,0,124,4866
0,0,0,0,0,0,0,2,8,2,2,1,2,0,0,0,0,0,0,15,0,0,65,0,9,101,146,7,0,1,0,165,46,29,0,0,2,26,0,72,0,1,0,119,21,3,60,0,0,0,0,0,1,0,3,1,55,72,65,373,139,395,146,52,21,114,13,79,12,5022,27,1826,419,3053,1,6376,8681,94,0,0,3513,5566,11,0,10123,566,72,28,58,24127,10,817,24153,64,142,2,0,0,44,115
0,0,0,0,0,0,16,0,0,0,0,0,0,0,0,0,0,0,0,0,0,0,0,0,0,0,0,0,0,0,1,0,0,0,0,0,1,0,37,0,0,0,1,0,0,0,0,3,0,0,10,9,12,385,643,495,3,3,231,230,1277,212,9,16,63,853,3545,224,1139,65,215,193,2112,17,227,0,16,0,49,454,2,18,218,230,1,0,4188,10520,1511,10,15578,0,2,1,3,14933,24,17,557,544
0,0,0,0,0,0,0,0,0,0,0,0,0,0,0,0,0,0,0,0,0,0,10,0,0,13,321,26,0,0,2,18,0,30,0,0,0,0,0,321,0,0,0,37,0,9,11,0,0,0,0,0,1,0,0,0,2,4,1,40,2,8,1,0,0,2,0,1,0,70,0,2097,63,526,0,2927,6512,22986,1,0,2660,124,1,0,34,11330,2,2,1,817,0,20755,15338,3967,685,0,0,0,0,0
0,0,0,0,0,0,0,0,0,0,0,0,0,0,0,0,0,0,0,4,0,2,46,0,4,103,292,19,0,0,0,131,6,112,0,0,0,7,0,499,0,1,0,226,6,5,52,0,0,0,0,0,0,0,0,0,13,13,8,432,16,124,73,16,3,13,9,10,10,3286,5,1774,414,8025,0,8184,22098,534,0,0,1583,1035,2,0,293,1642,18,22,8,24153,2,15338,58504,245,337,2,0,0,8,13
0,0,0,0,0,0,0,0,0,0,0,0,0,0,0,0,0,0,0,0,0,0,1,0,0,0,18,2,0,0,0,0,0,0,0,0,0,0,0,16,0,0,0,2,0,0,0,0,0,0,0,0,0,0,0,0,3,0,0,3,7,12,2,1,0,2,1,2,1,18,0,9167,1,12,0,360,76,13343,7,0,5151,342,1,0,18,6575,0,0,2,64,1,3967,245,15122,6341,0,0,2,1,2
0,0,0,0,0,0,0,0,0,0,0,0,0,0,0,0,0,0,0,2,0,0,18,0,1,40,62,5,0,0,0,52,4,14,0,0,0,1,0,43,0,0,0,66,0,1,29,0,0,0,0,0,0,0,0,0,7,19,8,13,70,198,440,75,0,52,5,59,1,115,77,12457,6,27,5,510,300,746,1,2,25093,10058,0,0,875,3091,10,0,83,142,3,685,337,6341,19040,0,0,0,14,85
6,30,23,26,7,7,1,0,1,0,0,0,0,14,11,22,0,0,0,0,0,0,0,0,0,0,1,0,1,1,3,0,0,0,0,0,22,0,0,0,0,0,12,0,0,0,0,365,4,0,133,480,2824,239,3262,1094,0,1,2,14,129,18,2,0,1711,102,4946,2,5,51,0,273,1444,4,0,0,2,0,133,5,0,1,398,6,0,0,1170,4520,21,2,14933,0,2,0,0,10060,823,35,372,23
0,6,4,1,0,0,0,0,0,0,0,0,0,2,0,0,0,0,0,0,0,0,0,0,0,0,0,0,0,0,1,0,0,0,0,0,1,0,0,0,0,0,1,0,0,0,0,38,0,0,10366,385,580,470,2285,13,1,1,2,0,2,1,0,0,9725,0,42,2,1,0,0,864,3,0,0,0,1,0,11270,1,0,0,5918,0,0,0,35,15,0,0,24,0,0,0,0,823,31562,762,379,0
0,3,2,7,3,0,0,0,0,0,0,0,0,1,2,6,0,0,0,0,0,0,0,0,0,0,0,0,0,0,1,0,0,0,0,0,0,0,0,0,0,0,5,0,0,0,0,14,0,0,235,40,41,81,12,9,0,0,1,0,12540,6,0,0,373,1,62,1,2,1,0,2616,0,0,0,0,0,2,19853,0,0,0,6075,0,0,0,32,23,0,0,17,0,0,2,0,35,762,35406,3281,3
3,16,16,16,7,1,1,0,0,0,0,0,0,13,8,20,0,0,0,0,0,0,1,0,1,0,0,0,0,2,8,2,0,0,1,0,2,0,0,0,1,0,19,0,0,0,0,94,0,0,728,930,793,703,60,169,2,1,69,7,23931,216,37,8,3161,4187,1820,59,70,39,71,4344,3,5,9,4,17,1,875,37,10,153,23944,1,4,1,421,277,124,44,557,0,8,1,14,372,379,3281,37420,6120
0,0,0,0,0,0,0,0,0,0,0,0,0,0,1,0,0,0,0,0,0,0,0,0,0,0,3,0,0,0,0,1,1,0,0,0,0,0,0,0,0,0,0,1,0,0,0,1,0,0,0,1,120,0,0,2,7,5,70,61,5108,741,312,82,136,5938,1767,122,156,63,2428,337,9,13,104,7,41,0,1,41,31,795,431,1,15,0,410,127,4866,115,544,0,13,2,85,23,0,3,6120,5670
