18263,4047,8840,2642,12275,4999,910,10,15,173,24,4,6,17390,1153,772,1,2,11,15,2,711,13,2,11,14,4,21,686,407,18,12,18,21,57,49,24,26,34,4,746,348,188,29,40,132,16,67,2202,9,4,6,5,156,17,14,0,0,0,1,2,0,0,0,1,1,28,1,5,1,0,1,2,1,1,1,2,0,1,0,0,0,1,4,0,0,4,27,0,2,11,0,0,0,1,41,3,0,1,0
4047,27767,10626,16445,592,1254,2198,4,1,228,5,2,3,8990,2949,350,0,2,4,11,2,582,2,1,3,3,0,12,132,155,10,4,2,6,48,16,5,1,24,1,462,389,84,11,13,36,11,91,239,11,5,11,2,272,14,67,0,0,1,1,2,0,0,0,8,1,25,0,4,2,0,1,1,2,0,0,0,0,1,1,0,0,5,3,0,0,3,27,0,0,21,0,0,0,1,53,3,1,1,0
8840,10626,35930,9522,4987,8337,10592,3,2,140,5,2,0,965,254,181,1,1,2,8,1,762,11,2,6,2,1,15,246,199,9,7,2,5,48,17,11,5,24,3,532,371,41,5,5,66,10,117,201,4,2,8,4,929,18,109,0,0,0,1,3,0,0,0,4,2,28,0,4,0,0,2,3,2,1,1,1,0,2,1,0,0,4,2,0,0,1,18,0,0,13,0,0,1,0,72,4,0,2,0
2642,16445,9522,54687,866,4042,25882,61,61,908,120,21,19,4916,11720,12536,10,8,143,102,33,881,19,22,84,40,14,8,212,282,327,33,27,25,363,319,96,97,145,1,765,887,1731,33,129,31,43,598,364,47,22,35,25,321,78,363,1,2,4,7,18,4,0,2,25,3,159,0,25,6,0,12,4,9,1,2,5,1,7,6,0,4,19,13,1,0,16,145,1,5,85,0,2,0,1,272,5,5,10,1
12275,592,4987,866,22469,29703,1305,10,4,70,9,3,4,4014,274,294,0,0,10,11,4,302,6,5,7,9,1,13,394,199,22,11,5,3,58,26,16,14,75,1,282,128,142,12,23,69,11,550,3221,3,4,4,4,302,11,22,0,0,0,1,2,0,0,0,1,0,19,0,9,0,1,1,1,2,0,0,0,0,0,0,0,1,1,1,0,0,1,24,0,2,16,0,4,0,0,38,4,1,1,0
4999,1254,8337,4042,29703,34456,22382,5,9,74,11,1,2,1281,606,386,0,1,8,10,3,436,12,8,17,7,21,17,219,157,18,3,7,13,468,38,45,6,563,3,377,154,55,27,13,76,20,4736,2629,4,7,17,5,1487,121,151,0,0,0,0,4,0,0,0,5,3,57,0,4,1,0,3,2,3,0,0,3,0,1,1,0,3,4,1,0,2,4,39,0,1,18,1,1,0,1,152,12,2,4,0
910,2198,10592,25882,1305,22382,35367,6,36,245,41,8,3,633,527,6535,4,5,28,29,9,204,3,36,50,6,4,6,42,43,22,3,10,6,4397,228,97,21,538,3,98,111,74,17,17,6,4,2732,210,3,12,55,30,752,131,798,0,4,3,2,20,0,0,0,22,2,164,2,24,2,1,9,8,5,0,1,4,0,4,6,1,1,18,6,2,1,13,161,0,1,114,2,5,1,2,379,12,1,8,0
10,4,3,61,10,5,6,51506,5170,144,1437,1169,11056,323,382,1665,4541,10248,2865,6435,1447,2784,406,92,337,64,45,4,46,57,1939,83,1418,16,22,137,1261,159,21,8,49,91,1493,84,1187,127,93,6,38,45,1,1,0,1,2,0,50,122,24,368,26,13,22,38,4,2,19,16,66,179,23,16,55,81,18,3,19,0,1,4,2,44,4,1,21,0,114,10,4,6,8,0,8,0,2,1,0,1,8,0
15,1,2,61,4,9,36,5170,54446,150,491,743,1537,43,48,846,769,256,4341,4491,680,1260,337,9995,10022,82,4871,12,12,19,245,93,650,42,126,1746,10762,161,734,93,19,53,208,543,239,128,179,92,8,12,1,2,10,3,3,7,185,365,32,1570,20,30,71,149,14,8,71,24,145,831,60,68,182,404,20,20,152,0,7,14,7,294,12,6,115,7,345,50,5,46,27,2,29,3,14,6,4,4,12,0
173,228,140,908,70,74,245,144,150,25893,5260,5064,363,560,1057,1265,230,36,244,137,5854,4696,882,68,128,93,70,23,265,271,649,339,836,68,287,505,251,103,477,9,12700,19925,3413,197,152,276,686,390,88,8531,0,4,1,4,3,9,0,6,12,25,13,5,1,1,2,2,40,2,39,8,5,11,17,7,6,6,9,0,1,8,2,4,4,3,6,2,28,32,2,8,29,0,9,0,0,19,4,2,10,1
24,5,5,120,9,11,41,1437,491,5260,4695,10196,770,120,121,724,634,57,453,572,2185,3490,1969,43,152,37,50,10,23,39,438,57,855,23,112,263,154,67,200,5,51,251,586,168,60,204,228,135,16,59,1,0,1,0,0,6,2,10,6,22,5,1,0,2,2,2,19,3,27,11,8,3,10,7,12,1,7,0,0,4,0,8,4,4,4,2,14,23,2,4,14,2,4,0,0,4,2,1,3,1
4,2,2,21,3,1,8,1169,743,5064,10196,16530,8975,52,62,201,4891,200,183,1002,7599,2332,2792,81,662,36,124,10,15,114,426,69,4732,21,29,190,372,111,81,4,223,434,426,190,96,164,371,5,5,138,2,0,0,0,0,2,4,13,23,38,9,9,7,11,1,0,13,3,39,54,5,9,16,34,3,2,15,0,0,3,1,40,1,1,22,1,44,9,1,7,2,1,11,0,1,0,0,0,0,1
6,3,0,19,4,2,3,11056,1537,363,770,8975,24962,256,272,171,6972,1208,150,3486,1984,523,329,34,831,13,179,3,47,155,828,43,6038,6,8,77,466,52,14,0,49,223,1370,60,248,23,106,3,51,210,0,1,1,0,0,1,28,26,8,191,5,2,15,27,2,2,12,1,13,195,1,7,11,86,4,2,23,0,0,2,1,70,2,3,28,1,68,2,2,7,4,1,5,0,4,0,0,1,0,2
17390,8990,965,4916,4014,1281,633,323,43,560,120,52,256,84421,18183,1452,20,26,84,345,103,1006,130,13,112,264,34,81,8371,23645,285,414,408,89,138,190,171,341,146,19,2239,2154,3997,133,1387,363,294,167,16601,5722,4,5,8,21,8,29,0,2,5,4,15,1,1,2,14,10,103,1,34,6,0,14,3,15,0,3,11,1,9,12,1,6,13,15,15,0,20,80,2,16,102,2,5,0,0,46,4,2,12,0
1153,2949,254,11720,274,606,527,382,48,1057,121,62,272,18183,27518,1990,33,31,108,320,174,751,44,7,74,107,21,17,452,1475,654,186,308,45,84,155,48,187,45,3,901,2389,19602,67,843,59,77,55,578,8814,0,4,4,7,8,15,0,2,1,7,5,1,0,0,9,1,41,0,23,2,0,6,2,5,1,1,3,0,1,4,0,5,6,8,9,0,4,45,0,11,30,0,4,0,1,33,1,1,2,0
772,350,181,12536,294,386,6535,1665,846,1265,724,201,171,1452,1990,26005,162,998,8664,1123,333,763,104,141,533,99,59,10,126,164,12801,74,207,36,3239,4647,469,380,616,3,274,433,8426,117,470,42,91,987,248,36,17,43,42,32,66,144,1,9,12,44,45,5,5,8,33,19,402,12,157,37,18,42,30,37,22,3,9,0,24,35,1,23,61,53,15,1,67,366,7,13,305,1,13,2,1,240,17,14,42,3
1,0,1,10,0,0,4,4541,769,230,634,4891,6972,20,33,162,6981,772,230,156,6729,321,210,32,57,8,15,1,6,21,1466,22,872,3,17,85,365,11,34,0,4,69,305,20,56,12,67,2,3,18,1,0,2,0,0,0,1,15,11,28,7,4,2,5,0,0,14,3,24,8,9,4,9,3,1,3,1,0,0,3,0,1,3,2,4,0,31,6,0,1,6,0,4,0,0,0,0,1,3,1
2,2,1,8,0,1,5,10248,256,36,57,200,1208,26,31,998,772,4004,1354,408,402,84,27,13,24,16,11,1,7,6,2430,57,415,4,11,71,131,48,34,1,3,9,521,8,348,2,15,0,2,7,0,0,1,0,1,1,1,4,10,20,6,1,2,1,0,1,8,5,25,5,3,5,7,7,11,1,2,0,1,8,0,0,3,2,3,0,28,12,0,1,6,0,2,0,0,1,0,1,5,2
11,4,2,143,10,8,28,2865,4341,244,453,183,150,84,108,8664,230,1354,4791,972,397,472,53,734,569,18,51,1,22,19,1323,11,115,14,241,2857,387,92,131,6,31,68,651,80,107,18,25,28,11,10,2,0,3,0,1,8,6,13,14,37,17,4,5,4,1,3,54,9,77,25,15,6,17,12,16,1,3,0,2,15,0,9,16,19,5,0,33,49,4,9,30,0,5,0,2,11,0,1,7,2
15,11,8,102,11,10,29,6435,4491,137,572,1002,3486,345,320,1123,156,408,972,32741,194,1465,1088,176,5337,469,843,41,52,132,722,458,5915,210,69,443,567,6591,113,18,51,156,1001,1047,4950,160,511,18,52,97,0,4,3,1,2,4,121,148,6,785,11,6,141,143,18,8,47,4,79,990,7,105,86,744,8,28,125,4,0,8,20,611,5,17,380,15,131,16,1,143,15,3,57,5,19,3,1,1,10,2
2,2,1,33,4,3,9,1447,680,5854,2185,7599,1984,103,174,333,6729,402,397,194,15851,626,612,125,107,34,17,5,26,347,2055,92,1268,6,64,355,717,46,160,3,172,1836,4093,57,125,38,253,19,11,2273,1,0,1,0,1,2,2,26,42,74,19,17,2,4,1,4,18,11,101,11,35,13,19,12,17,1,4,0,3,8,2,9,4,3,5,1,98,23,0,6,14,0,2,0,3,1,1,2,6,4
711,582,762,881,302,436,204,2784,1260,4696,3490,2332,523,1006,751,763,321,84,472,1465,626,20522,3921,106,860,547,545,368,3806,748,294,565,702,491,104,272,328,694,256,136,14067,2148,770,2372,421,4847,910,103,97,130,1,2,4,16,6,7,7,12,6,43,16,7,8,6,3,5,65,2,72,52,8,26,21,61,6,43,80,1,3,16,33,44,11,18,71,35,26,74,4,66,43,40,97,5,29,14,1,6,11,2
13,2,11,19,6,12,3,406,337,882,1969,2792,329,130,44,104,210,27,53,1088,612,3921,11101,105,1562,818,1095,112,150,179,122,848,3280,386,11,107,77,1409,109,94,132,354,197,3567,445,4000,5023,42,23,77,1,0,3,0,1,0,2,2,2,22,2,1,17,3,3,2,6,0,9,70,2,37,5,128,1,107,182,9,0,3,53,60,1,1,129,26,8,5,0,170,5,17,207,4,31,0,1,1,2,1
2,1,2,22,5,8,36,92,9995,68,43,81,34,13,7,141,32,13,734,176,125,106,105,12281,2083,54,1318,36,10,13,52,55,91,68,179,8038,6096,68,8920,184,10,26,46,376,36,26,88,207,17,4,0,1,1,1,4,1,4,19,7,67,10,5,5,7,1,5,21,6,49,47,10,14,13,44,9,8,31,2,1,2,6,27,4,1,20,2,54,30,1,26,13,6,13,2,4,7,0,0,5,1
11,3,6,84,7,17,50,337,10022,128,152,662,831,112,74,533,57,24,569,5337,107,860,1562,2083,9541,290,8916,17,31,90,112,466,4032,148,163,1365,1110,939,1141,98,40,128,252,2524,1578,127,721,204,39,65,3,5,9,2,3,7,64,91,7,482,10,14,182,106,6,13,48,9,52,1071,11,177,60,1333,5,100,384,4,1,9,49,868,14,8,893,21,110,24,6,482,20,8,215,6,86,11,1,5,8,3
14,3,2,40,9,7,6,64,82,93,37,36,13,264,107,99,8,16,18,469,34,547,818,54,290,15435,756,184,88,150,107,6839,999,5841,10,65,43,7882,78,118,82,166,259,7118,1457,502,2626,31,47,58,0,1,1,0,0,0,1,2,0,7,9,2,7,1,0,3,0,0,4,20,3,47,10,76,0,348,325,21,3,1,317,34,8,1,52,135,3,2,2,138,2,135,723,16,146,1,0,3,11,1
4,0,1,14,1,21,4,45,4871,70,50,124,179,34,21,59,15,11,51,843,17,545,1095,1318,8916,756,14808,1954,49,32,16,836,1036,789,44,176,2582,516,1602,5488,27,52,33,9523,528,327,990,396,33,6,1,1,0,0,0,3,9,12,1,90,1,2,44,22,2,4,13,2,8,201,2,90,17,301,1,189,308,15,1,1,52,184,7,2,189,72,12,6,0,294,9,77,338,8,65,15,2,1,6,2
21,12,15,8,13,17,6,4,12,23,10,10,3,81,17,10,1,1,1,41,5,368,112,36,17,184,1954,55037,926,83,5,363,40,11451,2,5,498,110,195,14246,139,38,24,472,42,13567,6515,70,15,8,0,0,0,1,0,0,0,0,0,0,0,0,0,1,0,0,4,0,0,3,0,2,0,5,0,5,8,37,0,0,11,0,0,0,3,56,3,1,0,5,1,157,31,15,8,1,0,0,0,0
686,132,246,212,394,219,42,46,12,265,23,15,47,8371,452,126,6,7,22,52,26,3806,150,10,31,88,49,926,86592,8982,47,129,99,290,33,33,51,63,70,123,30377,680,424,241,154,3372,290,42,6360,41,0,0,2,11,4,2,0,0,4,2,4,0,1,0,1,2,21,3,14,4,2,4,2,5,0,1,11,0,0,7,7,4,1,2,3,7,2,25,3,5,17,10,9,0,2,7,2,0,4,0
407,155,199,282,199,157,43,57,19,271,39,114,155,23645,1475,164,21,6,19,132,347,748,179,13,90,150,32,83,8982,29545,104,370,516,86,29,75,84,137,56,19,9186,8550,1760,171,444,455,431,31,1644,2045,1,0,2,4,2,1,0,0,5,4,6,1,0,0,2,0,33,3,22,5,3,6,3,5,5,9,5,0,1,3,1,4,6,4,7,4,7,21,0,8,17,2,9,1,2,7,0,0,3,0
18,10,9,327,22,18,22,1939,245,649,438,426,828,285,654,12801,1466,2430,1323,722,2055,294,122,52,112,107,16,5,47,104,22555,145,626,31,304,857,336,278,231,4,98,229,9130,54,983,18,77,117,55,113,4,5,10,1,10,21,1,4,15,32,18,2,0,4,9,4,102,6,129,20,7,14,14,15,16,2,7,0,3,22,0,8,19,26,11,1,47,93,4,6,90,0,7,0,1,33,4,5,11,2
12,4,7,33,11,3,3,83,93,339,57,69,43,414,186,74,22,57,11,458,92,565,848,55,466,6839,836,363,129,370,145,26751,6835,4242,12,40,57,1854,84,297,136,489,474,3545,2777,872,12034,18,64,220,0,0,0,0,0,0,2,0,0,8,2,1,6,1,1,0,2,0,2,28,3,41,4,75,1,181,157,8,1,2,164,23,3,1,58,199,7,2,2,103,1,199,420,18,69,1,0,0,4,3
18,2,2,27,5,7,10,1418,650,836,855,4732,6038,408,308,207,872,415,115,5915,1268,702,3280,91,4032,999,1036,40,99,516,626,6835,16137,170,22,134,183,1479,78,23,171,967,1346,1314,6977,156,3777,12,53,507,0,0,1,0,0,2,23,20,4,123,3,6,85,44,2,3,17,3,23,548,3,68,10,463,1,30,141,3,3,3,10,353,1,1,252,13,37,7,0,93,2,1,60,1,18,0,0,0,1,1
21,6,5,25,3,13,6,16,42,68,23,21,6,89,45,36,3,4,14,210,6,491,386,68,148,5841,789,11451,290,86,31,4242,170,26504,6,27,156,1555,138,10584,97,77,63,8602,340,5492,11711,43,19,14,0,0,0,0,2,0,1,0,0,3,4,1,2,0,1,1,2,0,0,6,1,31,1,30,0,89,138,188,3,0,101,11,2,1,14,945,2,2,1,45,0,1794,617,158,152,0,2,3,2,0
57,48,48,363,58,468,4397,22,126,287,112,29,8,138,84,3239,17,11,241,69,64,104,11,179,163,10,44,2,33,29,304,12,22,6,4073,3153,377,30,7946,0,54,57,295,51,16,6,9,4019,153,11,14,33,20,13,52,89,1,5,2,11,26,3,1,2,27,8,259,1,52,9,7,22,7,14,2,1,6,0,15,9,0,2,30,26,5,1,23,196,2,2,165,1,4,2,1,199,8,8,25,0
49,16,17,319,26,38,228,137,1746,505,263,190,77,190,155,4647,85,71,2857,443,355,272,107,8038,1365,65,176,5,33,75,857,40,134,27,3153,19470,1947,107,7114,13,108,180,839,298,73,17,66,188,44,36,3,5,10,2,12,21,5,15,19,73,59,7,11,9,19,18,223,16,221,32,17,22,31,32,22,7,14,0,8,56,1,17,26,71,17,0,95,214,4,14,131,1,11,0,2,42,6,10,30,3
24,5,11,96,16,45,97,1261,10762,251,154,372,466,171,48,469,365,131,387,567,717,328,77,6096,1110,43,2582,498,51,84,336,57,183,156,377,1947,2702,41,9167,760,120,126,514,263,136,55,69,957,61,21,5,7,8,4,11,22,76,245,31,1105,24,17,15,73,12,7,81,27,106,138,62,17,258,90,30,8,6,3,4,16,5,43,11,11,19,5,131,109,6,12,86,8,8,3,6,53,1,5,19,1
26,1,5,97,14,6,21,159,161,103,67,111,52,341,187,380,11,48,92,6591,46,694,1409,68,939,7882,516,110,63,137,278,1854,1479,1555,30,107,41,12234,62,55,61,163,522,6247,3226,205,1590,28,56,69,0,0,0,0,1,2,2,7,1,46,4,4,47,5,3,6,11,0,16,139,5,127,23,378,1,300,430,3,2,2,77,234,4,2,370,39,9,9,0,458,8,26,444,8,117,5,0,2,5,3
34,24,24,145,75,563,538,21,734,477,200,81,14,146,45,616,34,34,131,113,160,256,109,8920,1141,78,1602,195,70,56,231,84,78,138,7946,7114,9167,62,33772,654,102,162,346,606,40,55,120,12781,374,25,13,33,34,14,34,79,3,5,34,28,76,11,5,3,37,24,552,11,269,27,8,70,38,26,15,8,30,2,33,50,4,8,79,84,14,4,161,419,8,18,432,6,16,1,3,216,15,20,57,3
4,1,3,1,1,3,3,8,93,9,5,4,0,19,3,3,0,1,6,18,3,136,94,184,98,118,5488,14246,123,19,4,297,23,10584,0,13,760,55,654,34313,33,10,7,7854,17,2227,1771,239,13,2,1,1,0,0,0,1,0,0,0,2,0,0,0,0,2,1,1,0,1,3,0,32,5,9,0,38,129,329,5,0,74,5,5,0,2,798,8,0,0,15,4,2280,429,105,77,5,0,4,5,1
746,462,532,765,282,377,98,49,19,12700,51,223,49,2239,901,274,4,3,31,51,172,14067,132,10,40,82,27,139,30377,9186,98,136,171,97,54,108,120,61,102,33,68386,14052,902,183,171,883,224,58,208,426,0,1,3,13,4,3,0,0,1,3,7,0,1,0,1,0,31,1,35,2,6,2,3,2,3,1,6,0,2,8,1,1,5,11,4,5,11,30,1,4,27,6,10,1,0,4,0,0,4,0
348,389,371,887,128,154,111,91,53,19925,251,434,223,2154,2389,433,69,9,68,156,1836,2148,354,26,128,166,52,38,680,8550,229,489,967,77,57,180,126,163,162,10,14052,28526,5967,197,483,249,736,81,67,11646,1,1,2,8,3,6,0,1,1,7,9,0,2,1,3,3,33,7,38,9,2,7,5,13,4,5,10,0,0,6,3,7,1,5,13,1,10,34,2,8,23,4,14,0,1,6,0,2,5,1
188,84,41,1731,142,55,74,1493,208,3413,586,426,1370,3997,19602,8426,305,521,651,1001,4093,770,197,46,252,259,33,24,424,1760,9130,474,1346,63,295,839,514,522,346,7,902,5967,38712,124,2330,59,309,196,459,7662,1,5,14,4,13,20,1,6,12,21,37,7,7,2,15,11,205,10,163,24,10,25,18,25,7,2,13,0,8,25,3,14,19,35,18,1,57,123,3,15,119,0,9,1,4,62,4,11,31,1
29,11,5,33,12,27,17,84,543,197,168,190,60,133,67,117,20,8,80,1047,57,2372,3567,376,2524,7118,9523,472,241,171,54,3545,1314,8602,51,298,263,6247,606,7854,183,197,124,44001,381,2318,5470,207,37,43,0,2,4,1,5,2,4,6,0,40,10,0,16,6,5,8,8,2,14,58,5,156,36,314,2,595,759,58,4,1,484,115,9,8,256,525,9,7,0,471,25,731,1270,71,278,14,1,5,18,6
40,13,5,129,23,13,17,1187,239,152,60,96,248,1387,843,470,56,348,107,4950,125,421,445,36,1578,1457,528,42,154,444,983,2777,6977,340,16,73,136,3226,40,17,171,483,2330,381,8416,75,728,10,209,354,0,2,2,0,3,4,15,21,7,96,6,4,85,24,5,7,15,6,27,389,5,112,14,525,3,45,124,0,0,7,15,379,8,3,496,8,22,7,4,245,12,2,82,0,29,2,0,1,8,1
132,36,66,31,69,76,6,127,128,276,204,164,23,363,59,42,12,2,18,160,38,4847,4000,26,127,502,327,13567,3372,455,18,872,156,5492,6,17,55,205,55,2227,883,249,59,2318,75,21094,13620,24,25,12,0,1,0,1,1,0,0,0,0,6,3,1,0,0,1,0,3,0,4,1,1,6,3,14,0,20,45,22,3,2,33,4,1,1,12,144,5,3,0,21,2,233,124,21,23,0,0,1,0,0
16,11,10,43,11,20,4,93,179,686,228,371,106,294,77,91,67,15,25,511,253,910,5023,88,721,2626,990,6515,290,431,77,12034,3777,11711,9,66,69,1590,120,1771,224,736,309,5470,728,13620,25545,54,57,177,0,0,1,1,0,1,1,0,1,13,1,5,8,1,0,1,1,3,3,25,1,39,5,75,0,119,160,33,0,2,85,27,2,0,73,382,1,3,2,126,4,488,430,60,71,1,0,1,4,1
67,91,117,598,550,4736,2732,6,92,390,135,5,3,167,55,987,2,0,28,18,19,103,42,207,204,31,396,70,42,31,117,18,12,43,4019,188,957,28,12781,239,58,81,196,207,10,24,54,10418,1298,2,33,60,43,52,236,237,0,2,2,6,30,1,1,0,28,4,269,2,33,7,1,18,7,6,1,4,14,2,11,7,3,6,29,11,4,1,28,269,1,9,151,1,11,2,3,699,33,10,20,0
2202,239,201,364,3221,2629,210,38,8,88,16,5,51,16601,578,248,3,2,11,52,11,97,23,17,39,47,33,15,6360,1644,55,64,53,19,153,44,61,56,374,13,208,67,459,37,209,25,57,1298,14453,24,4,2,3,8,8,5,1,0,1,1,3,0,0,0,4,2,18,0,11,1,0,2,1,2,0,1,4,0,1,1,0,0,1,5,3,0,7,28,0,1,15,0,3,0,0,17,0,1,3,0
9,11,4,47,3,4,3,45,12,8531,59,138,210,5722,8814,36,18,7,10,97,2273,130,77,4,65,58,6,8,41,2045,113,220,507,14,11,36,21,69,25,2,426,11646,7662,43,354,12,177,2,24,10350,0,0,1,0,0,0,0,0,0,1,2,0,0,0,0,1,3,1,2,2,0,1,2,6,1,1,1,0,0,2,1,3,0,0,7,0,1,1,0,0,0,0,3,0,1,0,0,0,0,0
4,5,2,22,4,7,12,1,1,0,1,2,0,4,0,17,1,0,2,0,1,1,1,0,3,0,1,0,0,1,4,0,0,0,14,3,5,0,13,1,0,1,1,0,0,0,0,33,4,0,48804,11174,1456,11234,13481,2748,2,6,0,11,116,1,5,6,12529,45,650,1,29,17,2,457,5,6,1,24,4,49,2441,5,5,7,1357,27,28,63,13,165,5,23,98,23,26,90,17,442,16012,262,220,5
6,11,8,35,4,17,55,1,2,4,0,0,1,5,4,43,0,0,0,4,0,2,0,1,5,1,1,0,0,0,5,0,0,0,33,5,7,0,33,1,1,1,5,2,2,1,0,60,2,0,11174,56271,13343,21156,3401,11740,0,3,2,5,833,9,2,6,11208,59,765,2,48,17,9,1082,10,13,6,27,1,37,1218,8,12,12,1729,31,32,47,16,226,13,20,69,6,23,56,20,266,1985,631,1231,15
5,2,4,25,4,5,30,0,10,1,1,0,1,8,4,42,2,1,3,3,1,4,3,1,9,1,0,0,2,2,10,0,1,0,20,10,8,0,34,0,3,2,14,4,2,0,1,43,3,1,1456,13343,39227,1814,772,18364,19,27,18,48,751,30,17,23,16814,3390,9436,6,267,130,20,458,19,50,17,51,3,10,789,43,24,37,1618,836,153,40,73,403,14,114,91,8,36,43,22,177,1094,348,934,19
156,272,929,321,302,1487,752,1,3,4,0,0,0,21,7,32,0,0,0,1,0,16,0,1,2,0,0,1,11,4,1,0,0,0,13,2,4,0,14,0,13,8,4,1,0,1,1,52,8,0,11234,21156,1814,51946,23336,23210,0,1,1,5,226,0,1,3,487,15,290,0,15,10,2,279,2,5,2,11,1,6,319,1,5,7,480,6,9,13,9,172,3,17,1209,5,8,25,4,1723,476,237,368,4
17,14,18,78,11,121,131,2,3,3,0,0,0,8,8,66,0,1,1,2,1,6,1,4,3,0,0,0,4,2,10,0,0,2,52,12,11,1,34,0,4,3,13,5,3,1,0,236,8,0,13481,3401,772,23336,30885,9484,2,5,1,10,106,4,4,7,2883,403,725,2,35,22,3,255,37,65,1,19,27,17,331,3,7,19,589,37,14,29,69,1977,6,26,1227,10,28,40,4,4756,3603,168,190,13
14,67,109,363,22,151,798,0,7,9,6,2,1,29,15,144,0,1,8,4,2,7,0,1,7,0,3,0,2,1,21,0,2,0,89,21,22,2,79,1,3,6,20,2,4,0,1,237,5,0,2748,11740,18364,23210,9484,42134,3,6,6,31,638,16,6,5,1670,57,8622,4,122,60,20,458,21,46,12,23,9,18,459,11,12,19,838,43,51,28,56,5154,13,78,1425,10,37,20,13,1487,706,340,821,11
0,0,0,1,0,0,0,50,185,0,2,4,28,0,0,1,1,1,6,121,2,7,2,4,64,1,9,0,0,0,1,2,23,1,1,5,76,2,3,0,0,0,1,4,15,0,1,0,1,0,2,0,19,0,2,3,2521,7511,414,637,25,102,196,3891,86,124,155,369,261,1162,62,162,27,109,11,14,74,0,3,197,22,992,57,135,208,7,201,4,10,27,3,2,10,10,21,2,4,5,33,6
0,0,0,2,0,0,4,122,365,6,10,13,26,2,2,9,15,4,13,148,26,12,2,19,91,2,12,0,0,0,4,0,20,0,5,15,245,7,5,0,0,1,6,6,21,0,0,2,0,0,6,3,27,1,5,6,7511,31117,5857,6332,258,1244,1070,6634,195,381,517,9191,1368,4226,1744,1631,270,290,113,107,72,14,21,847,84,1059,129,490,1169,42,725,38,63,192,25,4,74,69,139,0,6,7,89,26
0,1,0,4,0,0,3,24,32,12,6,23,8,5,1,12,11,10,14,6,42,6,2,7,7,0,1,0,4,5,15,0,4,0,2,19,31,1,34,0,1,1,12,0,7,0,1,2,1,0,0,2,18,1,1,6,414,5857,6829,4060,359,750,315,811,62,80,620,4128,4032,464,883,524,57,35,250,46,10,2,3,4958,44,416,33,251,554,18,182,12,76,60,11,2,15,9,70,1,4,9,86,21
1,1,1,7,1,0,2,368,1570,25,22,38,191,4,7,44,28,20,37,785,74,43,22,67,482,7,90,0,2,4,32,8,123,3,11,73,1105,46,28,2,3,7,21,40,96,6,13,6,1,1,11,5,48,5,10,31,637,6332,4060,53336,642,1464,829,1861,44,60,572,1241,9458,5527,2162,1543,7328,11354,215,107,1613,29,13,117,86,761,58,53,453,69,5000,402,39,306,236,12,303,82,194,23,8,25,97,65
2,2,3,18,2,4,20,26,20,13,5,9,5,15,5,45,7,6,17,11,19,16,2,10,10,9,1,0,4,6,18,2,3,4,26,59,24,4,76,0,7,9,37,10,6,3,1,30,3,2,116,833,751,226,106,638,25,258,359,642,37355,3849,1172,251,749,1228,2646,234,2402,172,3896,2813,196,94,1235,253,88,108,362,524,249,291,664,826,274,262,400,619,1149,120,528,28,314,345,774,186,98,19178,21841,7922
0,0,0,4,0,0,0,13,30,5,1,9,2,1,1,5,4,1,4,6,17,7,1,5,14,2,2,0,0,1,2,1,6,1,3,7,17,4,11,0,0,0,7,0,4,1,5,1,0,0,1,9,30,0,4,16,102,1244,750,1464,3849,5990,4525,547,38,76,311,805,1064,252,6716,5406,130,94,563,41,41,12,23,115,24,223,43,88,53,34,153,78,137,49,37,7,92,93,126,14,6,51,330,516
0,0,0,0,0,0,0,22,71,1,0,7,15,1,0,5,2,2,5,141,2,8,17,5,182,7,44,0,1,0,0,6,85,2,1,11,15,47,5,0,1,2,7,16,85,0,8,1,0,0,5,2,17,1,4,6,196,1070,315,829,1172,4525,15095,9329,46,224,189,2987,376,1166,6992,6192,75,1027,795,64,362,17,15,365,68,6540,92,218,234,55,135,31,254,204,36,13,227,170,545,12,5,26,205,357
0,0,0,2,0,0,0,38,149,1,2,11,27,2,0,8,5,1,4,143,4,6,3,7,106,1,22,1,0,0,4,1,44,0,2,9,73,5,3,0,0,1,2,6,24,0,1,0,0,0,6,6,23,3,7,5,3891,6634,811,1861,251,547,9329,19376,157,588,379,5358,590,1475,3258,778,85,447,372,20,191,5,29,915,17,4096,270,602,175,17,358,17,174,48,11,3,48,23,107,3,8,20,158,100
1,8,4,25,1,5,22,4,14,2,2,1,2,14,9,33,0,0,1,18,1,3,3,1,6,0,2,0,1,2,9,1,2,1,27,19,12,3,37,2,1,3,15,5,5,1,0,28,4,0,12529,11208,16814,487,2883,1670,86,195,62,44,749,38,46,157,57778,7617,4262,54,300,158,32,622,23,52,36,438,19,68,5606,345,208,234,13680,1932,960,250,72,238,193,276,130,18,75,84,146,182,9144,511,1570,312
1,1,2,3,0,3,2,2,8,2,2,0,2,10,1,19,0,1,3,8,4,5,2,5,13,3,4,0,2,0,4,0,3,1,8,18,7,6,24,1,0,3,11,8,7,0,1,4,2,1,45,59,3390,15,403,57,124,381,80,60,1228,76,224,588,7617,38580,4075,151,351,203,276,423,16,91,247,425,21,33,369,760,505,1100,7435,8140,1668,253,63,65,7670,207,74,11,81,43,566,36,105,345,4776,5679
28,25,28,159,19,57,164,19,71,40,19,13,12,103,41,402,14,8,54,47,18,65,6,21,48,0,13,4,21,33,102,2,17,2,259,223,81,11,552,1,31,33,205,8,15,3,1,269,18,3,650,765,9436,290,725,8622,155,517,620,572,2646,311,189,379,4262,4075,40960,294,10273,953,424,962,326,370,330,240,52,32,669,6734,135,507,2041,9991,855,139,608,9228,294,466,1728,13,128,38,154,1526,589,610,2432,169
1,0,0,0,0,0,2,16,24,2,3,3,1,1,0,12,3,5,9,4,11,2,0,6,9,0,2,0,3,3,6,0,3,0,1,16,27,0,11,0,1,7,10,2,6,0,3,2,0,1,1,2,6,0,2,4,369,9191,4128,1241,234,805,2987,5358,54,151,294,9050,877,102,9538,470,107,48,1514,28,10,6,8,2667,44,654,59,355,196,18,156,31,123,28,19,3,23,26,115,2,2,5,60,95
5,4,4,25,9,4,24,66,145,39,27,39,13,34,23,157,24,25,77,79,101,72,9,49,52,4,8,0,14,22,129,2,23,0,52,221,106,16,269,1,35,38,163,14,27,4,3,33,11,2,29,48,267,15,35,122,261,1368,4032,9458,2402,1064,376,590,300,351,10273,877,18081,2129,1568,943,3174,891,778,126,115,9,74,1573,96,594,391,841,635,48,1730,5780,319,289,1530,10,189,20,112,141,54,199,941,195
1,2,0,6,0,1,2,179,831,8,11,54,195,6,2,37,8,5,25,990,11,52,70,47,1071,20,201,3,4,5,20,28,548,6,9,32,138,139,27,3,2,9,24,58,389,1,25,7,1,2,17,17,130,10,22,60,1162,4226,464,5527,172,252,1166,1475,158,203,953,102,2129,25700,137,1454,217,3222,50,304,906,13,27,180,181,5579,133,238,3664,149,507,198,33,4110,104,7,206,50,280,39,20,21,111,28
0,0,0,0,1,0,1,23,60,5,8,5,1,0,0,18,9,3,15,7,35,8,2,10,11,3,2,0,2,3,7,3,3,1,7,17,62,5,8,0,6,2,10,5,5,1,1,1,0,0,2,9,20,2,3,20,62,1744,883,2162,3896,6716,6992,3258,32,276,424,9538,1568,137,23275,1849,287,83,7677,84,41,19,29,1603,113,648,161,286,67,98,458,131,1015,57,147,16,146,134,536,11,4,60,1047,7852
1,1,2,12,1,3,9,16,68,11,3,9,7,14,6,42,4,5,6,105,13,26,37,14,177,47,90,2,4,6,14,41,68,31,22,22,17,127,70,32,2,7,25,156,112,6,39,18,2,1,457,1082,458,279,255,458,162,1631,524,1543,2813,5406,6192,778,622,423,962,470,943,1454,1849,39425,158,1739,460,1550,1159,1199,3209,214,618,4883,1659,303,678,1820,195,255,244,1850,236,501,4340,7927,6628,126,137,3490,1847,424
2,1,3,4,1,2,8,55,182,17,10,16,11,3,2,30,9,7,17,86,19,21,5,13,60,10,17,0,2,3,14,4,10,1,7,31,258,23,38,5,3,5,18,36,14,3,5,7,1,2,5,10,19,2,37,21,27,270,57,7328,196,130,75,85,23,16,326,107,3174,217,287,158,11901,3822,78,53,671,24,6,18,34,151,36,17,72,42,5099,5243,17,91,3148,99,280,11,70,234,22,12,62,19
1,2,2,9,2,3,5,81,404,7,7,34,86,15,5,37,3,7,12,744,12,61,128,44,1333,76,301,5,5,5,15,75,463,30,14,32,90,378,26,9,2,13,25,314,525,14,75,6,2,6,6,13,50,5,65,46,109,290,35,11354,94,94,1027,447,52,91,370,48,891,3222,83,1739,3822,10911,56,293,8854,121,20,47,254,3685,89,59,1064,212,1099,474,34,1006,1249,485,1641,61,680,376,22,15,79,32
1,0,1,1,0,0,0,18,20,6,12,3,4,0,1,22,1,11,16,8,17,6,1,9,5,0,1,0,0,5,16,1,1,0,2,22,30,1,15,0,3,4,7,2,3,0,0,1,0,1,1,6,17,2,1,12,11,113,250,215,1235,563,795,372,36,247,330,1514,778,50,7677,460,78,56,10459,47,23,14,23,4990,123,604,276,461,123,80,321,104,2513,41,134,3,40,33,367,6,3,74,1155,1678
1,0,1,2,0,0,1,3,20,6,1,2,2,3,1,3,3,1,1,28,1,43,107,8,100,348,189,5,1,9,2,181,30,89,1,7,8,300,8,38,1,5,2,595,45,20,119,4,1,1,24,27,51,11,19,23,14,107,46,107,253,41,64,20,438,425,240,28,126,304,84,1550,53,293,47,20552,1015,215,259,129,7156,727,1238,215,4532,6145,44,23,99,5100,75,238,4897,261,1032,34,50,105,532,88
2,0,1,5,0,3,4,19,152,9,7,15,23,11,3,9,1,2,3,125,4,80,182,31,384,325,308,8,11,5,7,157,141,138,6,14,6,430,30,129,6,10,13,759,124,45,160,14,4,1,4,1,3,1,27,9,74,72,10,1613,88,41,362,191,19,21,52,10,115,906,41,1159,671,8854,23,1015,18111,1547,34,14,780,1432,65,17,917,560,841,71,16,617,948,6455,8518,129,1021,266,6,26,76,24
0,0,0,1,0,0,0,0,0,0,0,0,0,1,0,0,0,0,0,4,0,1,9,2,4,21,15,37,0,0,0,8,3,188,0,0,3,3,2,329,0,0,0,58,0,22,33,2,0,0,49,37,10,6,17,18,0,14,2,29,108,12,17,5,68,33,32,6,9,13,19,1199,24,121,14,215,1547,48452,2532,3,171,32,298,16,46,12144,158,9,8,218,141,18212,1441,13066,755,47,59,359,150,23
1,1,2,7,0,1,4,1,7,1,0,0,0,9,1,24,0,1,2,0,3,3,0,1,1,3,1,0,0,1,3,1,3,3,15,8,4,2,33,5,2,0,8,4,0,3,0,11,1,0,2441,1218,789,319,331,459,3,21,3,13,362,23,15,29,5606,369,669,8,74,27,29,3209,6,20,23,259,34,2532,123888,45,150,67,23319,153,254,1232,43,133,105,91,83,340,281,4173,235,88,18273,25565,1120,48
0,1,1,6,0,1,6,4,14,8,4,3,2,12,4,35,3,8,15,8,8,16,3,2,9,1,1,0,7,3,22,2,3,0,9,56,16,2,50,0,8,6,25,1,7,2,2,7,1,2,5,8,43,1,3,11,197,847,4958,117,524,115,365,915,345,760,6734,2667,1573,180,1603,214,18,47,4990,129,14,3,45,6345,146,778,227,5259,755,57,177,54,818,98,83,3,22,9,173,17,7,53,385,152
0,0,0,0,0,0,1,2,7,2,0,1,1,1,0,1,0,0,0,20,2,33,53,6,49,317,52,11,7,1,0,164,10,101,0,1,5,77,4,74,1,3,3,484,15,33,85,3,0,1,5,12,24,5,7,12,22,84,44,86,249,24,68,17,208,505,135,44,96,181,113,618,34,254,123,7156,780,171,150,146,20511,1529,986,185,2805,8182,33,19,156,1433,40,309,2693,657,5971,14,32,111,721,189
0,0,0,4,1,3,1,44,294,4,8,40,70,6,5,23,1,0,9,611,9,44,60,27,868,34,184,0,4,4,8,23,353,11,2,17,43,234,8,5,1,7,14,115,379,4,27,6,0,3,7,12,37,7,19,19,992,1059,416,761,291,223,6540,4096,234,1100,507,654,594,5579,648,4883,151,3685,604,727,1432,32,67,778,1529,23389,692,793,15739,249,187,50,452,2468,95,36,1387,157,5519,31,25,64,653,296
1,5,4,19,1,4,18,4,12,4,4,1,2,13,6,61,3,3,16,5,4,11,1,4,14,8,7,0,1,6,19,3,1,2,30,26,11,4,79,5,5,1,19,9,8,1,2,29,1,0,1357,1729,1618,480,589,838,57,129,33,58,664,43,92,270,13680,7435,2041,59,391,133,161,1659,36,89,276,1238,65,298,23319,227,986,692,67855,1377,2079,937,208,306,2207,306,280,101,237,576,774,187,2399,7330,21862,1854
4,3,2,13,1,1,6,1,6,3,4,1,3,15,8,53,2,2,19,17,3,18,1,1,8,1,2,0,2,4,26,1,1,1,26,71,11,2,84,0,11,5,35,8,3,1,0,11,5,0,27,31,836,6,37,43,135,490,251,53,826,88,218,602,1932,8140,9991,355,841,238,286,303,17,59,461,215,17,16,153,5259,185,793,1377,14774,1146,92,168,62,2848,162,106,2,36,22,235,29,57,176,1536,532
0,0,0,1,0,0,2,21,115,6,4,22,28,15,9,15,4,3,5,380,5,71,129,20,893,52,189,3,3,7,11,58,252,14,5,17,19,370,14,2,4,13,18,256,496,12,73,4,3,7,28,32,153,9,14,51,208,1169,554,453,274,53,234,175,960,1668,855,196,635,3664,67,678,72,1064,123,4532,917,46,254,755,2805,15739,2079,1146,13051,700,82,27,257,2875,67,28,673,47,1330,24,80,161,874,172
0,0,0,0,0,2,1,0,7,2,2,1,1,0,0,1,0,0,0,15,1,35,26,2,21,135,72,56,7,4,1,199,13,945,1,0,5,39,4,798,5,1,1,525,8,144,382,1,0,0,63,47,40,13,29,28,7,42,18,69,262,34,55,17,250,253,139,18,48,149,98,1820,42,212,80,6145,560,12144,1232,57,8182,249,937,92,700,41659,29,23,77,1940,48,7912,7108,10507,4776,29,62,326,534,100
4,3,1,16,1,4,13,114,345,28,14,44,68,20,4,67,31,28,33,131,98,26,8,54,110,3,12,3,2,7,47,7,37,2,23,95,131,9,161,8,11,10,57,9,22,5,1,28,7,1,13,16,73,9,69,56,201,725,182,5000,400,153,135,358,72,63,608,156,1730,507,458,195,5099,1099,321,44,841,158,43,177,33,187,208,168,82,29,2120,3080,116,70,4586,184,191,10,37,804,67,92,235,80
27,27,18,145,24,39,161,10,50,32,23,9,2,80,45,366,6,12,49,16,23,74,5,30,24,2,6,1,25,21,93,2,7,2,196,214,109,9,419,0,30,34,123,7,7,3,3,269,28,1,165,226,403,172,1977,5154,4,38,12,402,619,78,31,17,238,65,9228,31,5780,198,131,255,5243,474,104,23,71,9,133,54,19,50,306,62,27,23,3080,16341,50,88,16127,20,104,10,31,4501,192,109,367,44
0,0,0,1,0,0,0,4,5,2,2,1,2,2,0,7,0,0,4,1,0,4,0,1,6,2,0,0,3,0,4,2,0,1,2,4,6,0,8,0,1,2,3,0,4,0,2,1,0,0,5,13,14,3,6,13,10,63,76,39,1149,137,254,174,193,7670,294,123,319,33,1015,244,17,34,2513,99,16,8,105,818,156,452,2207,2848,257,77,116,50,17218,44,77,1,35,22,292,5,8,163,3937,4319
2,0,0,5,2,1,1,6,46,8,4,7,7,16,11,13,1,1,9,143,6,66,170,26,482,138,294,5,5,8,6,103,93,45,2,14,12,458,18,15,4,8,15,471,245,21,126,9,1,0,23,20,114,17,26,78,27,192,60,306,120,49,204,48,276,207,466,28,289,4110,57,1850,91,1006,41,5100,617,218,91,98,1433,2468,306,162,2875,1940,70,88,44,16252,97,108,6706,108,1645,40,32,46,189,37
11,21,13,85,16,18,114,8,27,29,14,2,4,102,30,305,6,6,30,15,14,43,5,13,20,2,9,1,17,17,90,1,2,0,165,131,86,8,432,4,27,23,119,25,12,2,4,151,15,0,98,69,91,1209,1227,1425,3,25,11,236,528,37,36,11,130,74,1728,19,1530,104,147,236,3148,1249,134,75,948,141,83,83,40,95,280,106,67,48,4586,16127,77,97,21760,324,360,18,66,15842,174,118,379,63
0,0,0,0,0,1,2,0,2,0,2,1,1,2,0,1,0,0,0,3,0,40,17,6,8,135,77,157,10,2,0,199,1,1794,1,1,8,26,6,2280,6,4,0,731,2,233,488,1,0,0,23,6,8,5,10,10,2,4,2,12,28,7,13,3,18,11,13,3,10,7,16,501,99,485,3,238,6455,18212,340,3,309,36,101,2,28,7912,184,20,1,108,324,33642,12594,1594,724,84,22,83,52,8
0,0,0,2,4,1,5,8,29,9,4,11,5,5,4,13,4,2,5,57,2,97,207,13,215,723,338,31,9,9,7,420,60,617,4,11,8,444,16,429,10,14,9,1270,82,124,430,11,3,3,26,23,36,8,28,37,10,74,15,303,314,92,227,48,75,81,128,23,189,206,146,4340,280,1641,40,4897,8518,1441,281,22,2693,1387,237,36,673,7108,191,104,35,6706,360,12594,30262,1095,3779,129,23,138,312,65
0,0,1,0,0,0,1,0,3,0,0,0,0,0,0,2,0,0,0,5,0,5,4,2,6,16,8,15,0,1,0,18,1,158,2,0,3,8,1,105,1,0,1,71,0,21,60,2,0,0,90,56,43,25,40,20,10,69,9,82,345,93,170,23,84,43,38,26,20,50,134,7927,11,61,33,261,129,13066,4173,9,657,157,576,22,47,10507,10,10,22,108,18,1594,1095,21814,7877,4,71,993,363,82
1,1,0,1,0,1,2,2,14,0,0,1,4,0,1,1,0,0,2,19,3,29,31,4,86,146,65,8,2,2,1,69,18,152,1,2,6,117,3,77,0,1,4,278,29,23,71,3,0,1,17,20,22,4,4,13,21,139,70,194,774,126,545,107,146,566,154,115,112,280,536,6628,70,680,367,1032,1021,755,235,173,5971,5519,774,235,1330,4776,37,31,292,1645,66,724,3779,7877,21454,21,27,176,1146,514
41,53,72,272,38,152,379,1,6,19,4,0,0,46,33,240,0,1,11,3,1,14,0,7,11,1,15,1,7,7,33,1,0,0,199,42,53,5,216,5,4,6,62,14,2,0,1,699,17,0,442,266,177,1723,4756,1487,2,0,1,23,186,14,12,3,182,36,1526,2,141,39,11,126,234,376,6,34,266,47,88,17,14,31,187,29,24,29,804,4501,5,40,15842,84,129,4,21,7078,993,42,141,4
3,3,4,5,4,12,12,0,4,4,2,0,0,4,1,17,0,0,0,1,1,1,1,0,1,0,2,0,2,0,4,0,0,2,8,6,1,0,15,0,0,0,4,1,0,0,0,33,0,0,16012,1985,1094,476,3603,706,4,6,4,8,98,6,5,8,9144,105,589,2,54,20,4,137,22,22,3,50,6,59,18273,7,32,25,2399,57,80,62,67,192,8,32,174,22,23,71,27,993,52058,218,207,1
0,1,0,5,1,2,1,1,4,2,1,0,1,2,1,14,1,1,1,1,2,6,1,0,5,3,1,0,0,0,5,0,0,3,8,10,5,2,20,4,0,2,11,5,1,1,1,10,1,0,262,631,348,237,168,340,5,7,9,25,19178,51,26,20,511,345,610,5,199,21,60,3490,12,15,74,105,26,359,25565,53,111,64,7330,176,161,326,92,109,163,46,118,83,138,993,176,42,218,47816,8597,172
1,1,2,10,1,4,8,8,12,10,3,0,0,12,2,42,3,5,7,10,6,11,2,5,8,11,6,0,4,3,11,4,1,2,25,30,19,5,57,5,4,5,31,18,8,0,4,20,3,0,220,1231,934,368,190,821,33,89,86,97,21841,330,205,158,1570,4776,2432,60,941,111,1047,1847,62,79,1155,532,76,150,1120,385,721,653,21862,1536,874,534,235,367,3937,189,379,52,312,363,1146,141,207,8597,33918,10593
0,0,0,1,0,0,0,0,0,1,1,1,2,0,0,3,1,2,2,2,4,2,1,1,3,1,2,0,0,0,2,3,1,0,0,3,1,3,3,1,0,1,1,6,1,0,1,0,0,0,5,15,19,4,13,11,6,26,21,65,7922,516,357,100,312,5679,169,95,195,28,7852,424,19,32,1678,88,24,23,48,152,189,296,1854,532,172,100,80,44,4319,37,63,8,65,82,514,4,1,172,10593,12978
