17022,8597,9827,1744,14809,2688,771,11,5,54,3,3,0,11755,1375,106,0,0,14,3,0,265,2,2,4,1,2,31,697,601,5,3,6,9,61,7,12,4,36,1,423,102,28,7,12,21,7,85,1216,12,0,82,7,298,5,33,0,0,0,1,3,0,0,0,4,7,5,0,1,1,0,3,0,2,0,0,0,0,6,2,0,0,4,4,0,2,1,22,0,0,5,0,0,0,0,50,3,3,6,0
8597,24804,14854,12609,1221,1449,2694,23,13,127,7,11,5,9916,4426,139,1,2,16,12,9,423,5,4,5,4,6,29,406,598,21,12,4,11,138,37,27,13,51,3,571,230,77,15,19,21,12,334,273,43,6,25,34,24,15,152,0,0,1,3,7,0,0,0,30,12,19,0,5,0,1,11,0,0,0,0,1,0,12,0,0,1,19,9,0,0,5,84,0,0,21,0,0,2,0,162,13,6,5,0
9827,14854,45715,7606,6591,9935,12020,10,8,81,5,6,6,3578,1150,69,1,2,11,8,1,406,4,3,4,4,5,37,615,672,17,6,5,12,108,15,20,5,39,7,596,158,51,20,7,46,21,581,566,17,196,1486,15,2608,21,259,0,0,0,2,5,1,0,0,27,8,30,0,2,0,0,10,0,1,0,0,0,1,11,0,0,1,15,9,0,0,7,82,1,0,18,0,1,0,0,137,17,9,11,0
1744,12609,7606,35405,946,2117,13925,108,120,637,59,36,34,6349,12362,3141,10,14,158,74,38,816,30,31,46,38,14,38,538,1014,118,35,56,36,1031,333,81,50,211,2,992,653,637,99,98,28,36,876,371,132,8,31,56,86,12,205,1,1,1,12,16,0,0,2,42,24,50,0,14,5,3,16,5,4,1,0,4,0,20,3,1,1,24,19,2,2,27,161,2,1,49,0,1,1,1,231,16,8,24,1
14809,1221,6591,946,20100,20087,635,8,13,60,4,4,3,2382,361,130,2,1,7,7,3,100,6,5,3,1,2,6,522,211,14,6,1,4,55,17,16,5,39,3,162,59,55,11,8,17,8,167,4437,10,0,26,13,235,8,23,1,0,0,3,2,1,0,1,11,17,15,0,2,1,0,3,0,0,0,0,1,1,9,0,0,0,5,4,0,0,5,56,0,0,14,2,0,0,0,51,7,4,8,0
2688,1449,9935,2117,20087,40882,11034,6,26,136,15,3,3,975,433,177,0,1,16,11,7,200,16,79,23,12,70,24,438,213,34,15,21,9,863,162,204,13,2251,14,232,121,103,73,23,17,24,7335,4144,23,15,43,28,1105,65,224,0,2,0,9,15,0,2,0,35,12,46,0,9,3,1,12,1,4,2,0,8,1,21,1,0,1,12,14,3,0,19,116,1,5,29,0,4,0,0,148,19,8,13,0
771,2694,12020,13925,635,11034,20122,29,67,504,49,39,10,1349,758,1147,5,2,122,47,38,574,17,37,46,16,29,20,249,404,59,29,38,27,4090,440,155,38,795,4,539,395,162,64,41,12,23,4166,274,118,18,66,60,252,31,576,1,1,1,12,20,4,1,0,61,15,69,0,18,0,2,22,5,7,2,2,5,2,24,2,0,1,33,15,0,2,24,204,4,3,54,0,5,0,1,388,23,14,28,3
11,23,10,108,8,6,29,32971,5537,341,2402,2374,10814,701,993,709,4622,9390,2403,6675,1053,3457,676,142,407,134,152,25,92,396,1938,308,1538,86,34,168,613,415,54,16,146,156,890,312,1747,254,378,10,27,277,0,0,7,0,1,5,97,100,8,399,6,16,19,73,5,2,8,11,35,145,16,29,47,96,5,4,26,0,0,6,2,65,3,2,21,7,123,26,5,22,4,4,23,2,4,2,0,3,10,0
5,13,8,120,13,26,67,5537,46971,314,1420,2937,3322,114,122,419,1182,219,5577,3952,777,2053,650,9934,9498,72,5679,66,37,74,367,215,1426,94,249,1477,3862,265,716,102,56,71,294,1502,399,174,378,89,14,115,0,1,32,0,2,11,465,387,36,2644,24,53,116,230,23,15,19,34,85,643,27,89,436,478,15,5,166,1,9,16,9,296,14,11,82,12,762,49,12,61,22,3,75,0,12,2,1,4,13,5
54,127,81,637,60,136,504,341,314,26030,2946,3412,353,307,451,1046,161,30,891,230,2430,6055,989,138,159,56,100,26,283,188,1268,392,1141,39,660,1115,526,75,901,11,7779,5302,2051,306,168,242,935,253,40,4339,0,2,6,1,1,15,2,8,13,40,52,3,1,2,4,11,39,6,118,15,7,24,20,12,10,1,6,3,12,22,2,5,27,20,4,5,99,147,14,8,60,4,7,4,8,17,6,8,37,11
3,7,5,59,4,15,49,2402,1420,2946,3914,7324,252,92,71,319,112,81,911,434,696,4266,1235,114,145,14,51,20,23,61,233,53,356,14,134,425,220,51,186,4,140,181,248,121,37,140,228,14,4,135,0,0,0,0,0,2,7,15,7,47,12,4,2,5,1,0,6,2,31,6,7,4,11,10,5,1,6,2,1,11,2,5,7,1,2,1,45,51,8,2,11,2,4,1,1,4,1,3,12,11
3,11,6,36,4,3,39,2374,2937,3412,7324,23538,6249,134,152,231,2662,646,857,2041,5905,2055,3427,183,1092,23,205,16,32,221,512,251,5217,29,80,346,360,131,123,8,191,473,979,428,212,204,876,12,7,834,1,0,6,0,0,1,22,30,7,136,3,5,15,15,7,3,3,9,11,71,2,8,25,72,0,2,25,0,2,3,3,31,4,4,26,3,77,15,1,17,3,1,13,0,1,1,0,1,5,2
0,5,6,34,3,3,10,10814,3322,353,252,6249,17753,447,449,237,5770,1544,419,2145,1164,225,113,121,565,39,127,7,58,493,761,299,4057,21,35,115,436,75,34,2,126,272,803,128,682,18,172,3,4,807,0,1,6,0,0,0,89,52,5,283,4,8,13,48,3,2,0,1,6,105,2,15,38,78,2,3,18,0,1,2,0,49,4,1,13,2,100,5,2,5,1,0,6,0,2,0,1,1,3,1
11755,9916,3578,6349,2382,975,1349,701,114,307,92,134,447,70407,20805,1189,170,164,210,391,91,686,95,17,120,146,46,98,6526,20333,728,717,428,158,209,175,114,136,232,19,1276,1048,2338,149,1240,113,360,256,6593,2215,0,29,18,51,5,73,6,2,2,16,25,2,2,4,32,20,36,0,27,29,3,20,4,28,4,2,14,2,17,3,4,9,35,15,10,2,32,158,5,5,70,0,9,0,3,72,10,20,25,2
1375,4426,1150,12362,361,433,758,993,122,451,71,152,449,20805,21586,3826,175,255,401,357,143,768,70,14,79,104,41,53,979,4271,1635,354,379,91,136,189,71,99,87,10,1316,1557,10025,122,842,52,155,101,392,7000,1,6,7,12,1,46,2,0,2,16,10,0,1,1,6,6,16,0,8,12,0,7,2,17,2,2,2,0,4,1,4,12,8,6,8,3,12,51,2,6,22,2,6,0,1,25,1,4,7,1
106,139,69,3141,130,177,1147,709,419,1046,319,231,237,1189,3826,21822,140,599,4873,345,441,585,65,61,175,47,27,18,156,466,10480,75,148,58,1795,4309,160,110,323,7,476,489,5767,154,216,19,66,223,99,345,5,2,14,5,7,16,10,9,7,32,34,4,2,5,14,11,42,0,59,17,4,16,13,9,7,0,4,0,9,14,2,6,19,10,4,0,49,139,8,6,53,1,5,2,0,29,10,4,30,8
0,1,1,10,2,0,5,4622,1182,161,112,2662,5770,170,175,140,5264,4099,470,205,3100,94,67,77,65,5,18,1,16,214,1348,55,655,0,11,106,246,20,49,2,43,117,701,20,90,6,43,3,1,400,0,0,0,0,0,1,1,10,5,29,1,3,1,3,0,1,0,1,2,5,3,3,5,8,0,0,3,0,0,1,0,2,0,1,0,1,39,4,1,3,1,0,2,0,2,0,0,0,0,1
0,2,2,14,1,1,2,9390,219,30,81,646,1544,164,255,599,4099,4278,1861,147,976,112,27,28,19,4,4,1,11,113,2733,39,310,1,12,41,90,10,14,0,29,45,526,21,139,3,39,1,1,148,0,0,2,1,0,0,3,4,0,24,1,0,2,0,0,0,0,1,3,4,2,1,3,0,0,0,1,0,0,0,0,2,0,0,1,1,9,3,0,0,0,0,0,0,0,1,0,0,2,2
14,16,11,158,7,16,122,2403,5577,891,911,857,419,210,401,4873,470,1861,12463,911,1334,799,168,1173,1031,33,149,12,46,122,4772,59,323,27,351,3265,526,123,357,8,118,128,1482,342,188,22,102,45,15,203,1,1,13,2,2,16,13,32,40,119,60,17,10,10,4,8,40,9,155,30,18,25,29,29,15,0,9,0,9,25,1,15,14,11,9,3,114,169,29,4,62,1,9,2,3,12,2,4,40,20
3,12,8,74,7,11,47,6675,3952,230,434,2041,2145,391,357,345,205,147,911,28567,204,1451,1032,130,4528,433,711,45,73,370,450,829,5729,246,87,342,139,4918,88,20,140,183,393,2019,4814,172,644,33,17,367,1,0,31,1,1,15,160,130,9,735,7,14,79,94,26,49,14,7,30,708,8,117,78,816,14,6,180,2,10,10,16,371,30,14,218,4,91,18,20,104,18,3,101,3,23,3,4,4,20,9
0,9,1,38,3,7,38,1053,777,2430,696,5905,1164,91,143,441,3100,976,1334,204,12730,267,287,148,91,16,31,3,19,140,1832,149,883,15,122,642,362,25,242,1,133,446,5962,82,85,29,304,22,4,2592,0,0,1,0,0,4,3,8,2,31,11,2,2,1,4,2,1,6,29,4,5,7,7,3,0,2,4,0,2,3,0,1,3,1,1,0,50,25,1,0,13,0,1,0,0,4,0,2,12,1
265,423,406,816,100,200,574,3457,2053,6055,4266,2055,225,686,768,585,94,112,799,1451,267,19647,4805,209,1429,174,765,829,6169,1015,483,392,345,334,397,561,478,499,616,121,15914,1334,599,1928,394,3036,796,254,78,686,1,4,16,6,4,19,23,22,8,134,54,12,15,27,18,24,34,5,106,149,8,74,22,154,9,21,127,6,18,22,22,84,38,25,66,44,90,145,20,72,56,30,112,13,30,16,6,12,32,8
2,5,4,30,6,16,17,676,650,989,1235,3427,113,95,70,65,67,27,168,1032,287,4805,10519,175,1375,434,1530,181,150,184,74,687,2257,208,37,112,118,889,202,57,190,348,142,3830,483,2630,4781,84,15,287,0,1,4,0,0,5,15,6,3,46,2,5,8,11,3,7,1,1,6,81,2,88,14,147,2,42,203,7,0,1,45,90,9,1,115,32,12,6,3,125,6,14,171,5,50,4,0,1,5,6
2,4,3,31,5,79,37,142,9934,138,114,183,121,17,14,61,77,28,1173,130,148,209,175,8798,1611,58,2649,92,17,21,28,107,178,72,425,3859,3912,151,7144,247,37,32,82,1080,159,25,185,245,33,32,0,1,8,1,1,5,22,56,20,185,22,10,10,12,7,8,6,9,48,68,8,27,35,79,5,8,44,1,4,12,3,32,8,2,21,3,125,44,7,24,14,4,30,2,5,2,1,7,14,3
4,5,4,46,3,23,46,407,9498,159,145,1092,565,120,79,175,65,19,1031,4528,91,1429,1375,1611,7702,122,8130,36,53,150,102,509,2695,120,144,805,257,953,394,66,71,113,142,4659,1426,156,702,100,31,182,4,2,38,0,1,12,95,78,10,610,21,23,61,59,47,68,17,8,49,988,10,216,64,1534,14,14,590,4,22,13,31,575,40,23,455,18,80,24,38,308,11,2,273,5,45,1,3,6,40,8
1,4,4,38,1,12,16,134,72,56,14,23,39,146,104,47,5,4,33,433,16,174,434,58,122,19323,809,77,67,135,67,12337,136,9384,27,37,64,3003,86,71,55,50,81,7914,1589,239,1575,27,11,51,0,0,1,0,0,0,2,4,0,9,15,0,6,1,1,4,0,0,0,15,3,125,3,43,4,176,162,7,0,1,141,40,3,2,66,93,2,0,3,132,2,59,263,19,133,2,0,3,6,5
2,6,5,14,2,70,29,152,5679,100,51,205,127,46,41,27,18,4,149,711,31,765,1530,2649,8130,809,18261,2181,93,66,24,1462,755,1046,97,271,1677,728,1985,6572,58,82,42,16360,1160,309,2183,459,66,61,0,0,5,0,1,2,9,14,1,64,6,5,7,9,5,5,3,3,6,57,2,111,15,203,1,74,245,48,1,1,71,87,13,4,117,94,15,6,12,150,8,131,240,17,73,2,0,2,4,2
31,29,37,38,6,24,20,25,66,26,20,16,7,98,53,18,1,1,12,45,3,829,181,92,36,77,2181,74834,2051,436,11,149,17,10063,24,23,254,26,228,17742,550,65,22,1948,44,16827,4005,41,25,31,0,0,1,0,0,1,1,1,0,2,2,0,2,0,0,1,3,0,2,0,0,8,1,8,1,12,42,343,1,1,14,2,2,0,2,176,6,7,2,9,2,1103,63,51,32,1,0,1,0,0
697,406,615,538,522,438,249,92,37,283,23,32,58,6526,979,156,16,11,46,73,19,6169,150,17,53,67,93,2051,98619,11521,107,156,121,340,153,49,118,34,181,172,24876,755,255,344,201,2295,439,277,9172,295,0,5,10,13,7,7,1,0,2,2,9,0,1,0,7,10,19,0,13,6,0,13,1,11,3,3,9,3,4,7,5,2,8,7,2,26,16,67,0,2,26,26,12,1,8,19,4,8,11,1
601,598,672,1014,211,213,404,396,74,188,61,221,493,20333,4271,466,214,113,122,370,140,1015,184,21,150,135,66,436,11521,39200,722,860,717,191,235,201,182,96,269,55,11131,6728,2074,270,921,387,639,140,824,3412,1,7,11,16,2,8,3,1,2,17,25,1,1,2,8,11,24,0,30,16,1,12,3,19,3,2,14,2,11,12,4,10,22,9,9,5,31,98,6,8,38,6,9,1,2,19,3,10,13,3
5,21,17,118,14,34,59,1938,367,1268,233,512,761,728,1635,10480,1348,2733,4772,450,1832,483,74,28,102,67,24,11,107,722,20030,167,390,55,219,904,185,142,176,2,381,705,10332,120,465,18,103,76,20,1880,0,0,9,1,1,3,4,8,5,31,16,4,4,6,5,2,17,2,37,18,1,15,5,14,2,1,6,1,4,5,0,8,13,7,6,2,41,57,0,6,19,0,3,0,1,5,1,4,21,3
3,12,6,35,6,15,29,308,215,392,53,251,299,717,354,75,55,39,59,829,149,392,687,107,509,12337,1462,149,156,860,167,25851,5902,6200,36,83,113,1653,155,185,336,553,458,6877,4433,377,12398,66,40,784,0,0,0,0,0,1,1,5,1,11,15,1,12,2,2,3,1,1,0,15,4,162,12,92,0,160,296,25,6,2,185,64,7,3,118,253,7,3,10,176,2,128,389,53,182,4,0,4,8,3
6,4,5,56,1,21,38,1538,1426,1141,356,5217,4057,428,379,148,655,310,323,5729,883,345,2257,178,2695,136,755,17,121,717,390,5902,20922,98,61,197,170,1168,152,3,364,942,745,1904,6377,63,3453,48,17,1920,1,2,9,0,2,2,54,42,1,237,3,9,17,26,13,15,3,2,12,265,5,65,29,295,2,5,123,0,5,5,6,150,15,5,103,3,50,5,4,89,2,0,62,0,4,2,3,1,7,1
9,11,12,36,4,9,27,86,94,39,14,29,21,158,91,58,0,1,27,246,15,334,208,72,120,9384,1046,10063,340,191,55,6200,98,39534,24,53,76,445,142,6595,171,65,88,11319,570,2680,11640,38,13,48,0,0,0,0,0,0,2,3,0,3,4,4,1,0,1,2,1,0,4,4,0,78,1,15,0,114,94,276,3,0,125,24,7,2,16,722,2,0,2,39,4,1344,264,201,192,1,0,4,5,3
61,138,108,1031,55,863,4090,34,249,660,134,80,35,209,136,1795,11,12,351,87,122,397,37,425,144,27,97,24,153,235,219,36,61,24,7887,3218,600,52,5999,15,360,311,343,151,43,13,35,3514,176,200,9,11,41,9,6,65,0,5,6,25,55,5,1,1,41,34,93,2,70,6,5,39,12,9,6,0,6,1,35,13,2,10,40,24,3,1,105,349,7,3,127,1,6,1,2,137,11,26,54,3
7,37,15,333,17,162,440,168,1477,1115,425,346,115,175,189,4309,106,41,3265,342,642,561,112,3859,805,37,271,23,49,201,904,83,197,53,3218,10901,1633,171,8351,22,257,311,973,483,105,20,99,533,41,324,1,1,27,1,8,19,10,25,22,116,117,17,6,6,23,21,89,10,261,30,17,53,48,39,17,2,15,0,23,40,2,6,42,50,7,3,238,305,34,13,111,2,8,2,2,30,9,26,77,22
12,27,20,81,16,204,155,613,3862,526,220,360,436,114,71,160,246,90,526,139,362,478,118,3912,257,64,1677,254,118,182,185,113,170,76,600,1633,3503,56,8117,346,278,194,356,647,92,46,191,1101,84,214,2,2,11,1,4,14,15,46,23,140,43,8,14,12,10,12,27,9,152,18,17,33,37,25,8,2,14,4,15,20,1,16,28,12,6,5,328,210,35,6,86,9,5,2,1,22,2,11,57,10
4,13,5,50,5,13,38,415,265,75,51,131,75,136,99,110,20,10,123,4918,25,499,889,151,953,3003,728,26,34,96,142,1653,1168,445,52,171,56,16576,110,13,45,59,105,8471,3933,91,1306,45,10,76,0,0,7,0,1,1,2,5,2,44,7,5,8,7,9,14,3,3,3,65,5,146,17,361,4,54,376,2,2,5,45,123,11,1,223,19,9,4,5,250,5,7,356,7,68,5,3,1,18,3
36,51,39,211,39,2251,795,54,716,901,186,123,34,232,87,323,49,14,357,88,242,616,202,7144,394,86,1985,228,181,269,176,155,152,142,5999,8351,8117,110,34813,468,405,385,414,1286,165,51,264,6017,268,261,2,4,28,2,1,32,11,20,26,62,104,13,5,4,27,24,102,2,241,29,12,64,26,47,16,1,43,1,38,40,3,16,73,35,17,9,257,377,23,32,123,4,22,3,6,40,9,31,82,15
1,3,7,2,3,14,4,16,102,11,4,8,2,19,10,7,2,0,8,20,1,121,57,247,66,71,6572,17742,172,55,2,185,3,6595,15,22,346,13,468,35166,61,13,5,9581,30,1438,1609,77,14,6,1,0,0,0,0,0,0,3,0,1,1,0,1,0,0,1,1,0,3,0,3,58,3,6,1,39,194,856,9,1,64,5,3,0,5,962,10,1,1,16,5,3621,207,222,126,0,0,5,2,1
423,571,596,992,162,232,539,146,56,7779,140,191,126,1276,1316,476,43,29,118,140,133,15914,190,37,71,55,58,550,24876,11131,381,336,364,171,360,257,278,45,405,61,69047,10841,923,251,288,671,481,187,366,1820,0,5,12,12,3,17,0,3,4,10,25,3,1,1,4,11,39,0,42,7,1,20,5,10,5,4,4,3,12,14,5,5,26,24,6,13,50,110,5,7,40,9,8,2,3,23,5,9,19,6
102,230,158,653,59,121,395,156,71,5302,181,473,272,1048,1557,489,117,45,128,183,446,1334,348,32,113,50,82,65,755,6728,705,553,942,65,311,311,194,59,385,13,10841,20987,2016,235,354,123,696,168,103,13648,0,4,6,1,2,5,3,5,10,13,19,0,1,0,7,4,20,0,45,15,2,17,5,21,4,2,9,0,14,7,1,4,20,16,5,1,35,79,7,2,33,6,8,1,1,13,7,9,17,5
28,77,51,637,55,103,162,890,294,2051,248,979,803,2338,10025,5767,701,526,1482,393,5962,599,142,82,142,81,42,22,255,2074,10332,458,745,88,343,973,356,105,414,5,923,2016,32837,172,648,27,340,68,79,15023,1,0,7,0,0,10,3,4,8,20,29,6,3,0,5,3,10,2,48,18,1,13,10,25,5,0,11,0,2,7,3,10,13,8,5,0,47,62,7,9,23,0,6,1,0,16,1,8,13,2
7,15,20,99,11,73,64,312,1502,306,121,428,128,149,122,154,20,21,342,2019,82,1928,3830,1080,4659,7914,16360,1948,344,270,120,6877,1904,11319,151,483,647,8471,1286,9581,251,235,172,50309,2154,2078,9913,306,47,235,0,1,12,3,1,3,9,16,5,74,44,15,28,12,10,29,2,2,10,102,10,450,20,305,11,503,641,177,8,9,448,221,16,8,291,896,19,12,17,423,15,827,948,176,510,9,0,15,15,21
12,19,7,98,8,23,41,1747,399,168,37,212,682,1240,842,216,90,139,188,4814,85,394,483,159,1426,1589,1160,44,201,921,465,4433,6377,570,43,105,92,3933,165,30,288,354,648,2154,9775,83,1069,80,65,619,0,2,9,0,0,4,17,23,1,79,13,9,19,10,18,26,4,1,9,247,6,156,23,581,3,39,477,2,5,8,38,194,19,6,291,16,24,7,14,336,8,10,356,4,62,3,2,2,15,9
21,21,46,28,17,17,12,254,174,242,140,204,18,113,52,19,6,3,22,172,29,3036,2630,25,156,239,309,16827,2295,387,18,377,63,2680,13,20,46,91,51,1438,671,123,27,2078,83,13587,8947,12,14,51,0,0,1,0,0,0,1,1,0,8,4,0,2,2,0,2,1,0,4,10,4,30,0,15,0,25,44,86,3,1,35,16,2,0,10,215,2,1,1,17,2,390,60,59,44,3,1,0,1,1
7,12,21,36,8,24,23,378,378,935,228,876,172,360,155,66,43,39,102,644,304,796,4781,185,702,1575,2183,4005,439,639,103,12398,3453,11640,35,99,191,1306,264,1609,481,696,340,9913,1069,8947,33714,87,29,772,0,1,1,0,0,3,2,3,2,24,15,2,6,5,7,5,1,2,8,37,2,196,6,100,2,166,245,175,13,4,208,55,6,3,90,1101,4,6,3,134,9,950,475,257,332,2,0,5,8,7
85,334,581,876,167,7335,4166,10,89,253,14,12,3,256,101,223,3,1,45,33,22,254,84,245,100,27,459,41,277,140,76,66,48,38,3514,533,1101,45,6017,77,187,168,68,306,80,12,87,11732,952,46,6,37,22,19,21,68,0,3,0,12,10,1,3,0,19,6,13,0,12,4,0,9,1,17,0,2,13,0,10,0,1,9,7,6,3,1,32,71,2,14,28,1,7,0,2,112,10,5,15,3
1216,273,566,371,4437,4144,274,27,14,40,4,7,4,6593,392,99,1,1,15,17,4,78,15,33,31,11,66,25,9172,824,20,40,17,13,176,41,84,10,268,14,366,103,79,47,65,14,29,952,16798,15,0,11,2,27,15,18,0,0,0,3,4,1,0,2,4,5,8,0,0,1,0,2,0,8,0,0,0,0,8,0,0,2,9,4,2,1,11,32,1,2,12,0,3,0,0,19,7,3,8,1
12,43,17,132,10,23,118,277,115,4339,135,834,807,2215,7000,345,400,148,203,367,2592,686,287,32,182,51,61,31,295,3412,1880,784,1920,48,200,324,214,76,261,6,1820,13648,15023,235,619,51,772,46,15,29255,1,0,7,0,1,6,4,2,5,18,10,1,1,1,1,2,11,0,26,15,0,7,4,17,3,2,14,0,8,4,1,5,5,3,3,1,14,27,2,7,10,0,5,1,3,1,1,1,9,1
0,6,196,8,0,15,18,0,0,0,0,1,0,0,1,5,0,0,1,1,0,1,0,0,4,0,0,0,0,1,0,0,1,0,9,1,2,0,2,1,0,0,1,0,0,0,0,6,0,1,25798,13410,1672,12371,6107,1022,2,11,8,13,32,3,4,0,11977,55,27,2,6,14,1,71,0,8,5,7,4,4,557,4,2,16,242,3,16,8,5,51,2,19,27,2,11,2,2,187,6863,81,79,5
82,25,1486,31,26,43,66,0,1,2,0,0,1,29,6,2,0,0,1,0,0,4,1,1,2,0,0,0,5,7,0,0,2,0,11,1,2,0,4,0,5,4,0,1,2,0,1,37,11,0,13410,76052,8642,15504,871,5646,8,18,15,29,213,10,9,1,9012,66,12,2,20,35,4,302,0,14,2,13,3,13,694,5,7,28,668,6,20,10,13,69,15,26,12,6,19,23,6,652,1223,252,276,21
7,34,15,56,13,28,60,7,32,6,0,6,6,18,7,14,0,2,13,31,1,16,4,8,38,1,5,1,10,11,9,0,9,0,41,27,11,7,28,0,12,6,7,12,9,1,1,22,2,7,1672,8642,45046,746,230,18084,84,611,419,844,690,161,82,68,29994,8899,4464,111,716,508,150,699,34,192,128,43,61,33,1472,519,80,337,2307,447,305,54,81,959,191,284,99,7,160,40,76,560,1876,531,1139,126
298,24,2608,86,235,1105,252,0,0,1,0,0,0,51,12,5,0,1,2,1,0,6,0,1,0,0,0,0,13,16,1,0,0,0,9,1,1,0,2,0,12,1,0,3,0,0,0,19,27,0,12371,15504,746,54705,15745,15811,0,5,5,20,90,6,2,3,631,16,13,0,12,11,9,89,2,11,3,0,3,5,174,3,4,7,173,0,10,6,6,104,13,5,14,0,9,6,1,561,963,80,123,3
5,15,21,12,8,65,31,1,2,1,0,0,0,5,1,7,0,0,2,1,0,4,0,1,1,0,1,0,7,2,1,0,2,0,6,8,4,1,1,0,3,2,0,1,0,0,0,21,15,1,6107,871,230,15745,22251,5867,1,4,3,23,88,4,3,1,204,25,45,1,17,8,5,58,35,49,3,6,64,2,153,3,7,7,86,12,6,4,86,1052,16,6,928,8,54,4,9,3070,3573,56,102,15
33,152,259,205,23,224,576,5,11,15,2,1,0,73,46,16,1,0,16,15,4,19,5,5,12,0,2,1,7,8,3,1,2,0,65,19,14,1,32,0,17,5,10,3,4,0,3,68,18,6,1022,5646,18084,15811,5867,26154,18,110,94,385,807,76,35,20,2931,228,1950,24,356,171,58,522,32,167,65,17,28,13,523,114,37,136,885,182,103,27,111,1410,133,146,644,9,95,20,33,2015,524,449,997,107
0,0,0,1,1,0,1,97,465,2,7,22,89,6,2,10,1,3,13,160,3,23,15,22,95,2,9,1,1,3,4,1,54,2,0,10,15,2,11,0,0,3,3,9,17,1,2,0,0,4,2,8,84,0,1,18,4134,9452,497,1816,42,278,345,4286,193,380,69,748,94,2355,84,223,221,203,163,10,92,1,27,408,15,1316,86,269,210,14,826,21,87,70,3,3,26,6,42,1,19,13,31,18
0,0,0,1,0,2,1,100,387,8,15,30,52,2,0,9,10,4,32,130,8,22,6,56,78,4,14,1,0,1,8,5,42,3,5,25,46,5,20,3,3,5,4,16,23,1,3,3,0,2,11,18,611,5,4,110,9452,26791,5600,8830,236,1406,1406,3451,466,563,345,5776,926,3496,763,1790,290,275,378,32,84,10,73,1177,113,1759,154,602,807,51,1524,99,152,287,12,14,100,24,168,1,48,18,50,51
0,1,0,1,0,0,1,8,36,13,7,7,5,2,2,7,5,0,40,9,2,8,3,20,10,0,1,0,2,2,5,1,1,0,6,22,23,2,26,0,4,10,8,5,1,0,2,0,0,5,8,15,419,5,3,94,497,5600,8545,3489,306,980,309,424,218,332,508,2899,2223,295,501,750,58,77,475,13,21,0,51,2901,41,448,91,438,228,17,282,93,132,49,30,3,34,5,72,2,26,20,62,60
1,3,2,12,3,9,12,399,2644,40,47,136,283,16,16,32,29,24,119,735,31,134,46,185,610,9,64,2,2,17,31,11,237,3,25,116,140,44,62,1,10,13,20,74,79,8,24,12,3,18,13,29,844,20,23,385,1816,8830,3489,50136,360,2137,1991,2242,218,230,685,1407,8394,4490,1334,2503,13442,6198,192,40,1211,15,48,350,102,2269,100,186,401,57,6540,792,132,339,296,26,406,42,250,81,64,25,97,109
3,7,5,16,2,15,20,6,24,52,12,3,4,25,10,34,1,1,60,7,11,54,2,22,21,15,6,2,9,25,16,15,3,4,55,117,43,7,104,1,25,19,29,44,13,4,15,10,4,10,32,213,690,90,88,807,42,236,306,360,30299,3590,1161,75,360,578,597,214,1334,70,4602,3207,137,148,515,49,197,30,196,288,287,335,593,256,108,247,679,1745,1251,138,733,43,443,198,794,308,118,20045,16268,7445
0,0,1,0,1,0,4,16,53,3,4,5,8,2,0,4,3,0,17,14,2,12,5,10,23,0,5,0,0,1,4,1,9,4,5,17,8,5,13,0,3,0,6,15,9,0,2,1,1,1,3,10,161,6,4,76,278,1406,980,2137,3590,7850,7154,327,52,72,146,688,686,245,4772,10675,171,190,416,10,68,17,31,338,21,412,50,88,43,28,415,174,193,62,45,13,142,120,124,12,8,55,234,371
0,0,0,0,0,2,1,19,116,1,2,15,13,2,1,2,1,2,10,79,2,15,8,10,61,6,7,2,1,1,4,12,17,1,1,6,14,8,5,1,1,1,3,28,19,2,6,3,0,1,4,9,82,2,3,35,345,1406,309,1991,1161,7154,15584,7829,55,177,47,2621,209,664,7584,6604,137,673,706,9,189,12,21,766,76,5406,54,106,194,34,409,46,326,106,13,9,221,143,374,8,5,26,205,366
0,0,0,2,1,0,0,73,230,2,5,15,48,4,1,5,3,0,10,94,1,27,11,12,59,1,9,0,0,2,6,2,26,0,1,6,12,7,4,0,1,0,0,12,10,2,5,0,2,1,0,1,68,3,1,20,4286,3451,424,2242,75,327,7829,13178,96,375,48,4067,108,697,1579,577,169,388,374,6,99,5,23,704,44,5589,75,254,160,19,721,23,245,44,6,1,61,10,119,1,12,4,44,85
4,30,27,42,11,35,61,5,23,4,1,7,3,32,6,14,0,0,4,26,4,18,3,7,47,1,5,0,7,8,5,2,13,1,41,23,10,9,27,0,4,7,5,10,18,0,7,19,4,1,11977,9012,29994,631,204,2931,193,466,218,218,360,52,55,96,57246,7912,324,114,125,507,28,640,14,132,59,125,55,54,7462,113,155,545,11550,585,741,121,70,291,540,385,132,19,153,73,128,281,15037,580,1297,219
7,12,8,24,17,12,15,2,15,11,0,3,2,20,6,11,1,0,8,49,2,24,7,8,68,4,5,1,10,11,2,3,15,2,34,21,12,14,24,1,11,4,3,29,26,2,5,6,5,2,55,66,8899,16,25,228,380,563,332,230,578,72,177,375,7912,45864,1760,394,314,545,161,685,22,359,336,162,146,45,1390,419,565,1751,7452,7381,1585,359,116,355,10476,336,131,40,180,64,544,57,398,460,4449,3487
5,19,30,50,15,46,69,8,19,39,6,3,0,36,16,42,0,0,40,14,1,34,1,6,17,0,3,3,19,24,17,1,3,1,93,89,27,3,102,1,39,20,10,2,4,1,1,13,8,11,27,12,4464,13,45,1950,69,345,508,685,597,146,47,48,324,1760,17976,177,4699,214,170,237,41,121,707,9,25,9,81,4563,20,143,180,6064,90,22,209,3874,333,48,184,2,40,6,30,240,78,101,404,107
0,0,0,0,0,0,0,11,34,6,2,9,1,0,0,0,1,1,9,7,6,5,1,9,8,0,3,0,0,0,2,1,2,0,2,10,9,3,2,0,0,0,2,2,1,0,2,0,0,0,2,2,111,0,1,24,748,5776,2899,1407,214,688,2621,4067,114,394,177,4349,299,79,3320,500,120,59,1222,3,20,1,27,4702,35,755,85,512,65,8,453,45,310,15,9,3,39,12,77,1,7,8,49,135
1,5,2,14,2,9,18,35,85,118,31,11,6,27,8,59,2,3,155,30,29,106,6,48,49,0,6,2,13,30,37,0,12,4,70,261,152,3,241,3,42,45,48,10,9,4,8,12,0,26,6,20,716,12,17,356,94,926,2223,8394,1334,686,209,108,125,314,4699,299,18402,455,722,595,3706,737,688,12,172,5,69,3271,31,262,274,632,95,34,1447,4874,751,109,671,27,246,16,75,95,40,150,574,474
1,0,0,5,1,3,0,145,643,15,6,71,105,29,12,17,5,4,30,708,4,149,81,68,988,15,57,0,6,16,18,15,265,4,6,30,18,65,29,0,7,15,18,102,247,10,37,4,1,15,14,35,508,11,8,171,2355,3496,295,4490,70,245,664,697,507,545,214,79,455,22419,88,1439,148,3116,134,147,590,18,95,276,312,4390,256,294,3429,143,277,87,151,3815,22,23,885,53,394,13,71,16,101,70
0,1,0,3,0,1,2,16,27,7,7,2,2,3,0,4,3,2,18,8,5,8,2,8,10,3,2,0,0,1,1,4,5,0,5,17,17,5,12,3,1,2,1,10,6,4,2,0,0,0,1,4,150,9,5,58,84,763,501,1334,4602,4772,7584,1579,28,161,170,3320,722,88,16783,1669,224,157,6115,28,139,10,29,2607,250,772,125,146,94,192,559,285,1399,78,71,31,197,70,611,24,10,61,769,8761
3,11,10,16,3,12,22,29,89,24,4,8,15,20,7,16,3,1,25,117,7,74,88,27,216,125,111,8,13,12,15,162,65,78,39,53,33,146,64,58,20,17,13,450,156,30,196,9,2,7,71,302,699,89,58,522,223,1790,750,2503,3207,10675,6604,577,640,685,237,500,595,1439,1669,38637,188,2559,468,793,2595,1640,2591,417,713,5102,1584,224,937,1349,431,476,746,2801,353,549,6811,10994,8592,137,145,3130,1503,770
0,0,0,5,0,1,5,47,436,20,11,25,38,4,2,13,5,3,29,78,7,22,14,35,64,3,15,1,1,3,5,12,29,1,12,48,37,17,26,3,5,5,10,20,23,0,6,1,0,4,0,0,34,2,35,32,221,290,58,13442,137,171,137,169,14,22,41,120,3706,148,224,188,12480,3382,45,25,1031,18,15,33,40,213,38,7,39,35,6187,3158,60,62,1294,161,359,11,51,172,19,14,68,38
2,0,1,4,0,4,7,96,478,12,10,72,78,28,17,9,8,0,29,816,3,154,147,79,1534,43,203,8,11,19,14,92,295,15,9,39,25,361,47,6,10,21,25,305,581,15,100,17,8,17,8,14,192,11,49,167,203,275,77,6198,148,190,673,388,132,359,121,59,737,3116,157,2559,3382,13354,99,139,11045,65,63,96,404,4067,196,110,966,224,1224,908,205,1116,1453,493,3144,105,740,344,88,40,156,164
0,0,0,1,0,2,2,5,15,10,5,0,2,4,2,7,0,0,15,14,0,9,2,5,14,4,1,1,3,3,2,0,2,0,6,17,8,4,16,1,5,4,5,11,3,0,2,0,0,3,5,2,128,3,3,65,163,378,475,192,515,416,706,374,59,336,707,1222,688,134,6115,468,45,99,5815,27,59,5,34,4725,204,837,113,976,279,78,201,302,3829,94,87,13,70,25,276,12,7,24,365,3574
0,0,0,0,0,0,2,4,5,1,1,2,3,2,2,0,0,0,0,6,2,21,42,8,14,176,74,12,3,2,1,160,5,114,0,2,2,54,1,39,4,2,0,503,39,25,166,2,0,2,7,13,43,0,6,17,10,32,13,40,49,10,9,6,125,162,9,3,12,147,28,793,25,139,27,10941,793,178,76,23,5000,382,160,40,2732,9108,40,14,93,8203,36,237,5010,232,625,17,30,27,103,48
0,1,0,4,1,8,5,26,166,6,6,25,18,14,2,4,3,1,9,180,4,127,203,44,590,162,245,42,9,14,6,296,123,94,6,15,14,376,43,194,4,9,11,641,477,44,245,13,0,14,4,3,61,3,64,28,92,84,21,1211,197,68,189,99,55,146,25,20,172,590,139,2595,1031,11045,59,793,18577,1511,48,41,1451,1780,103,45,1014,1005,1450,630,118,763,1900,7339,10644,295,1666,347,50,39,165,114
0,0,1,0,1,1,2,0,1,3,2,0,0,2,0,0,0,0,0,2,0,6,7,1,4,7,48,343,3,2,1,25,0,276,1,0,4,2,1,856,3,0,0,177,2,86,175,0,0,0,4,13,33,5,2,13,1,10,0,15,30,17,12,5,54,45,9,1,5,18,10,1640,18,65,5,178,1511,57081,1047,1,113,36,414,5,69,10086,168,40,45,299,126,12359,1162,14760,982,28,14,351,115,27
6,12,11,20,9,21,24,0,9,12,1,2,1,17,4,9,0,0,9,10,2,18,0,4,22,0,1,1,4,11,4,6,5,3,35,23,15,2,38,9,12,14,2,8,5,3,13,10,8,8,557,694,1472,174,153,523,27,73,51,48,196,31,21,23,7462,1390,81,27,69,95,29,2591,15,63,34,76,48,1047,104289,26,126,241,36464,211,284,273,140,292,523,126,177,121,179,1188,230,160,17506,15303,1649,167
2,0,0,3,0,1,2,6,16,22,11,3,2,3,1,14,1,0,25,10,3,22,1,12,13,1,1,1,7,12,5,2,5,0,13,40,20,5,40,1,14,7,7,9,8,1,4,0,0,4,4,5,519,3,3,114,408,1177,2901,350,288,338,766,704,113,419,4563,4702,3271,276,2607,417,33,96,4725,23,41,1,26,13665,108,879,52,3175,403,41,226,385,654,100,45,6,59,8,178,9,10,12,88,174
0,0,0,1,0,0,0,2,9,2,2,3,0,4,4,2,0,0,1,16,0,22,45,3,31,141,71,14,5,4,0,185,6,125,2,2,1,45,3,64,5,1,3,448,38,35,208,1,0,1,2,7,80,4,7,37,15,113,41,102,287,21,76,44,155,565,20,35,31,312,250,713,40,404,204,5000,1451,113,126,108,15843,4558,415,154,5640,4534,76,34,554,2272,78,385,4959,263,6499,33,38,53,550,481
0,1,1,1,0,1,1,65,296,5,5,31,49,9,12,6,2,2,15,371,1,84,90,32,575,40,87,2,2,10,8,64,150,24,10,6,16,123,16,5,5,4,10,221,194,16,55,9,2,5,16,28,337,7,7,136,1316,1759,448,2269,335,412,5406,5589,545,1751,143,755,262,4390,772,5102,213,4067,837,382,1780,36,241,879,4558,27584,736,700,13515,857,390,100,1280,3247,61,54,2870,120,5334,22,79,81,513,485
4,19,15,24,5,12,33,3,14,27,7,4,4,35,8,19,0,0,14,30,3,38,9,8,40,3,13,2,8,22,13,7,15,7,40,42,28,11,73,3,26,20,13,16,19,2,6,7,9,5,242,668,2307,173,86,885,86,154,91,100,593,50,54,75,11550,7452,180,85,274,256,125,1584,38,196,113,160,103,414,36464,52,415,736,64623,730,859,449,361,638,2283,238,356,89,210,542,371,177,3171,11725,22816,1174
4,9,9,19,4,14,15,2,11,20,1,4,1,15,6,10,1,0,11,14,1,25,1,2,23,2,4,0,7,9,7,3,5,2,24,50,12,1,35,0,24,16,8,8,6,0,3,6,4,3,3,6,447,0,12,182,269,602,438,186,256,88,106,254,585,7381,6064,512,632,294,146,224,7,110,976,40,45,5,211,3175,154,700,730,10787,623,70,118,683,3569,121,105,13,41,8,131,46,71,90,736,254
0,0,0,2,0,3,0,21,82,4,2,26,13,10,8,4,0,1,9,218,1,66,115,21,455,66,117,2,2,9,6,118,103,16,3,7,6,223,17,5,6,5,5,291,291,10,90,3,2,3,16,20,305,10,6,103,210,807,228,401,108,43,194,160,741,1585,90,65,95,3429,94,937,39,966,279,2732,1014,69,284,403,5640,13515,859,623,16615,1176,77,37,568,5841,30,93,1528,63,981,20,93,79,395,253
2,0,0,2,0,0,2,7,12,5,1,3,2,2,3,0,1,1,3,4,0,44,32,3,18,93,94,176,26,5,2,253,3,722,1,3,5,19,9,962,13,1,0,896,16,215,1101,1,1,1,8,10,54,6,4,27,14,51,17,57,247,28,34,19,121,359,22,8,34,143,192,1349,35,224,78,9108,1005,10086,273,41,4534,857,449,70,1176,36265,72,29,299,3710,101,5942,8130,6449,3271,20,29,120,477,362
1,5,7,27,5,19,24,123,762,99,45,77,100,32,12,49,39,9,114,91,50,90,12,125,80,2,15,6,16,31,41,7,50,2,105,238,328,9,257,10,50,35,47,19,24,2,4,32,11,14,5,13,81,6,86,111,826,1524,282,6540,679,415,409,721,70,116,209,453,1447,277,559,431,6187,1224,201,40,1450,168,140,226,76,390,361,118,77,72,4180,4199,312,54,6881,678,376,30,92,1117,89,189,578,266
22,84,82,161,56,116,204,26,49,147,51,15,5,158,51,139,4,3,169,18,25,145,6,44,24,0,6,7,67,98,57,3,5,0,349,305,210,4,377,1,110,79,62,12,7,1,6,71,32,27,51,69,959,104,1052,1410,21,99,93,792,1745,174,46,23,291,355,3874,45,4874,87,285,476,3158,908,302,14,630,40,292,385,34,100,638,683,37,29,4199,21175,952,79,10982,144,336,17,43,4072,276,406,1388,491
0,0,1,2,0,1,4,5,12,14,8,1,2,5,2,8,1,0,29,20,1,20,3,7,38,3,12,2,0,6,0,10,4,2,7,34,35,5,23,1,5,7,7,17,14,1,3,2,1,2,2,15,191,13,16,133,87,152,132,132,1251,193,326,245,540,10476,333,310,751,151,1399,746,60,205,3829,93,118,45,523,654,554,1280,2283,3569,568,299,312,952,28972,109,416,25,185,61,639,60,70,271,4180,6390
0,0,0,1,0,5,3,22,61,8,2,17,5,5,6,6,3,0,4,104,0,72,125,24,308,132,150,9,2,8,6,176,89,39,3,13,6,250,32,16,7,2,9,423,336,17,134,14,2,7,19,26,284,5,6,146,70,287,49,339,138,62,106,44,385,336,48,15,109,3815,78,2801,62,1116,94,8203,763,299,126,100,2272,3247,238,121,5841,3710,54,79,109,25114,56,269,13320,313,1605,24,56,50,130,86
5,21,18,49,14,29,54,4,22,60,11,3,1,70,22,53,1,0,62,18,13,56,6,14,11,2,8,2,26,38,19,2,2,4,127,111,86,5,123,5,40,33,23,15,8,2,9,28,12,10,27,12,99,14,928,644,3,12,30,296,733,45,13,6,132,131,184,9,671,22,71,353,1294,1453,87,36,1900,126,177,45,78,61,356,105,30,101,6881,10982,416,56,19006,688,659,23,65,7956,330,216,642,225
0,0,0,0,2,0,0,4,3,4,2,1,0,0,2,1,0,0,1,3,0,30,14,4,2,59,131,1103,26,6,0,128,0,1344,1,2,9,7,4,3621,9,6,0,827,10,390,950,1,0,0,2,6,7,0,8,9,3,14,3,26,43,13,9,1,19,40,2,3,27,23,31,549,161,493,13,237,7339,12359,121,6,385,54,89,13,93,5942,678,144,25,269,688,27342,6251,1938,875,84,15,46,72,40
0,0,1,1,0,4,5,23,75,7,4,13,6,9,6,5,2,0,9,101,1,112,171,30,273,263,240,63,12,9,3,389,62,264,6,8,5,356,22,207,8,8,6,948,356,60,475,7,3,5,11,19,160,9,54,95,26,100,34,406,443,142,221,61,153,180,40,39,246,885,197,6811,359,3144,70,5010,10644,1162,179,59,4959,2870,210,41,1528,8130,376,336,185,13320,659,6251,28468,1513,4084,223,87,113,271,214
0,2,0,1,0,0,0,2,0,4,1,0,0,0,0,2,0,0,2,3,0,13,5,2,5,19,17,51,1,1,0,53,0,201,1,2,2,7,3,222,2,1,1,176,4,59,257,0,0,1,2,23,40,6,4,20,6,24,5,42,198,120,143,10,73,64,6,12,16,53,70,10994,11,105,25,232,295,14760,1188,8,263,120,542,8,63,6449,30,17,61,313,23,1938,1513,19324,8633,4,22,638,186,75
0,0,0,1,0,0,1,4,12,8,1,1,2,3,1,0,2,0,3,23,0,30,50,5,45,133,73,32,8,2,1,182,4,192,2,2,1,68,6,126,3,1,0,510,62,44,332,2,0,3,2,6,76,1,9,33,42,168,72,250,794,124,374,119,128,544,30,77,75,394,611,8592,51,740,276,625,1666,982,230,178,6499,5334,371,131,981,3271,92,43,639,1605,65,875,4084,8633,18345,22,31,159,718,716
50,162,137,231,51,148,388,2,2,17,4,1,0,72,25,29,0,1,12,3,4,16,4,2,1,2,2,1,19,19,5,4,2,1,137,30,22,5,40,0,23,13,16,9,3,3,2,112,19,1,187,652,560,561,3070,2015,1,1,2,81,308,12,8,1,281,57,240,1,95,13,24,137,172,344,12,17,347,28,160,9,33,22,177,46,20,20,1117,4072,60,24,7956,84,223,4,22,5805,955,112,282,44
3,13,17,16,7,19,23,0,1,6,1,0,1,10,1,10,0,0,2,4,0,6,0,1,3,0,0,0,4,3,1,0,3,0,11,9,2,3,9,0,5,7,1,0,2,1,0,10,7,1,6863,1223,1876,963,3573,524,19,48,26,64,118,8,5,12,15037,398,78,7,40,71,10,145,19,88,7,30,50,14,17506,10,38,79,3171,71,93,29,89,276,70,56,330,15,87,22,31,955,33721,210,210,32
3,6,9,8,4,8,14,3,4,8,3,1,1,20,4,4,0,0,4,4,2,12,1,7,6,3,2,1,8,10,4,4,1,4,26,26,11,1,31,5,9,9,8,15,2,0,5,5,3,1,81,252,531,80,56,449,13,18,20,25,20045,55,26,4,580,460,101,8,150,16,61,3130,14,40,24,27,39,351,15303,12,53,81,11725,90,79,120,189,406,271,50,216,46,113,638,159,112,210,51863,6937,228
6,5,11,24,8,13,28,10,13,37,12,5,3,25,7,30,0,2,40,20,12,32,5,14,40,6,4,0,11,13,21,8,7,5,54,77,57,18,82,2,19,17,13,15,15,1,8,15,8,9,79,276,1139,123,102,997,31,50,62,97,16268,234,205,44,1297,4449,404,49,574,101,769,1503,68,156,365,103,165,115,1649,88,550,513,22816,736,395,477,578,1388,4180,130,642,72,271,186,718,282,210,6937,30840,7837
0,0,0,1,0,0,3,0,5,11,11,2,1,2,1,8,1,2,20,9,1,8,6,3,8,5,2,0,1,3,3,3,1,3,3,22,10,3,15,1,6,5,2,21,9,1,7,3,1,1,5,21,126,3,15,107,18,51,60,109,7445,371,366,85,219,3487,107,135,474,70,8761,770,38,164,3574,48,114,27,167,174,481,485,1174,254,253,362,266,491,6390,86,225,40,214,75,716,44,32,228,7837,9708
