10482,4401,7674,1760,8671,1692,1128,3,4,78,1,0,0,13422,692,70,2,0,6,7,6,381,1,5,3,1,0,2,545,888,3,1,3,0,55,11,36,6,64,0,507,145,20,2,10,3,2,74,1675,5,4,54,22,16,4,43,1,0,0,0,0,0,0,0,28,13,13,0,6,0,0,3,0,0,0,0,0,0,4,1,0,0,11,2,0,0,11,9,1,0,3,0,0,1,0,39,4,0,8,1
4401,20637,3705,13680,299,452,1055,0,3,320,3,0,2,5880,4582,113,1,0,10,9,10,524,0,2,4,3,0,1,150,608,4,7,2,0,148,22,48,1,111,0,573,513,18,4,12,1,1,198,151,26,22,183,53,45,39,87,0,0,0,0,3,1,1,0,94,28,31,0,5,0,0,7,1,0,2,0,0,0,11,1,0,0,19,7,0,1,7,31,0,0,16,0,0,0,0,243,23,4,15,2
7674,3705,22611,8557,3742,4511,8572,2,1,83,1,1,1,1573,68,31,0,0,2,3,3,420,0,1,3,1,1,1,266,725,2,2,2,1,56,9,31,2,95,2,420,203,5,1,14,1,1,159,335,6,28,154,46,547,79,302,0,0,0,0,2,0,0,0,66,15,17,0,1,0,0,3,1,0,0,0,0,0,3,0,0,0,8,6,0,0,10,16,2,0,5,0,1,0,0,209,15,1,3,0
1760,13680,8557,24944,459,802,9097,26,132,786,6,9,0,6041,9403,8340,10,2,89,80,37,652,5,43,68,14,9,0,185,688,344,10,14,6,856,500,229,23,468,1,660,901,1171,44,53,2,5,357,323,66,36,269,78,100,71,153,3,3,1,4,16,0,1,1,201,55,59,1,25,5,1,12,5,2,4,0,2,0,13,3,0,1,51,16,2,0,35,64,7,2,28,2,0,0,0,354,37,7,27,6
8671,299,3742,459,12426,17827,1837,1,11,29,0,0,0,5036,171,74,0,0,4,2,1,106,2,12,11,2,26,2,435,336,2,5,1,1,91,11,34,3,265,7,161,34,7,6,10,6,0,553,4242,1,8,27,15,29,15,73,0,0,0,0,2,0,1,0,17,8,10,0,1,1,0,2,0,0,0,0,1,0,0,0,0,0,2,1,0,0,3,8,1,0,0,0,0,0,0,44,8,0,3,1
1692,452,4511,802,17827,21058,18387,1,17,27,0,0,0,693,134,62,0,0,1,9,0,80,2,26,24,3,62,8,164,144,4,8,2,3,377,19,96,8,985,32,106,33,8,31,8,2,8,2438,2552,3,33,204,28,949,273,379,0,0,0,0,2,1,0,0,48,3,7,0,0,0,0,5,2,0,0,1,0,0,6,0,0,0,7,0,0,0,10,11,0,1,1,0,0,0,0,280,14,1,4,3
1128,1055,8572,9097,1837,18387,18390,7,46,422,3,3,0,1343,587,4066,2,0,18,15,21,314,4,89,42,8,10,2,120,288,25,5,2,1,2753,381,355,7,3084,5,275,354,78,19,19,0,2,2736,335,43,85,718,246,592,158,1106,2,0,0,2,17,0,0,1,422,121,120,0,19,3,1,17,5,0,3,1,1,2,38,1,0,1,93,36,1,0,55,122,6,2,42,0,1,1,0,924,106,10,44,6
3,0,2,26,1,1,7,33286,8916,181,1544,703,8884,222,343,1404,4676,6120,5027,3020,437,1557,269,185,247,18,22,13,15,231,2593,93,1316,11,35,170,1226,87,15,6,47,114,839,45,575,35,107,1,8,39,0,0,7,0,1,2,218,250,14,611,25,11,11,94,6,13,9,20,60,191,18,19,19,90,8,2,10,1,0,7,0,22,4,8,7,0,140,14,10,5,4,2,6,1,2,2,3,0,11,19
4,3,1,132,11,17,46,8916,62203,188,800,1351,2685,161,189,1012,1009,180,10486,5779,529,949,375,11060,7173,64,2646,30,10,82,313,251,2048,43,302,3373,10518,159,997,41,41,117,299,438,559,66,284,75,16,34,2,2,14,0,0,7,662,485,47,1310,48,35,67,272,20,40,29,68,124,864,37,64,40,383,22,13,40,3,3,11,6,180,11,23,87,4,391,25,14,44,10,2,50,1,7,4,7,2,21,30
78,320,83,786,29,27,422,181,188,25911,2841,2325,308,416,831,1382,195,21,809,124,3370,2429,377,57,159,35,42,56,114,238,362,821,838,42,479,908,1073,35,794,18,12146,13561,1481,64,413,56,537,50,52,7602,6,3,16,3,1,14,6,5,7,27,65,8,4,4,29,43,60,19,244,18,14,28,32,20,42,5,2,0,5,26,4,13,33,28,13,1,204,102,65,11,15,1,13,0,1,11,9,3,60,66
1,3,1,6,0,0,3,1544,800,2841,3952,11060,967,14,34,329,410,70,994,128,1502,3738,2351,46,148,14,29,26,2,18,111,132,945,14,28,216,230,10,74,6,40,152,73,58,59,105,266,0,0,31,0,1,2,0,1,5,11,4,7,29,15,4,2,3,4,3,7,5,36,14,8,7,8,12,4,0,2,0,4,3,0,7,5,2,7,2,25,9,12,4,0,0,7,0,0,0,0,0,11,13
0,0,1,9,0,0,3,703,1351,2325,11060,23148,10602,29,21,91,3308,128,422,385,8343,2297,3614,81,603,21,172,32,16,61,72,333,9603,14,27,109,476,43,56,11,96,463,220,93,202,123,382,1,2,162,0,0,5,0,0,0,40,13,4,42,23,8,9,13,5,6,11,6,39,73,10,15,8,88,1,6,13,0,0,1,0,20,5,5,44,2,32,7,4,31,3,0,19,1,1,1,0,0,4,11
0,2,1,0,0,0,0,8884,2685,308,967,10602,26367,100,86,138,6601,1659,438,1423,1571,425,236,54,244,16,60,8,17,302,626,247,8313,4,16,40,568,16,25,7,60,352,471,26,587,9,94,4,3,193,1,0,3,0,0,1,116,72,4,152,6,6,7,54,3,4,3,6,14,144,9,8,1,67,2,2,7,0,3,2,0,27,2,3,15,0,42,4,0,12,1,0,1,1,0,0,1,0,0,3
13422,5880,1573,6041,5036,693,1343,222,161,416,14,29,100,55842,17438,1994,30,25,253,486,85,642,18,44,179,149,48,32,4307,21879,491,207,139,41,921,505,603,216,1135,32,1238,1454,2290,140,1356,12,41,276,13661,1147,34,164,106,16,23,130,2,3,2,12,24,0,3,8,254,123,175,2,76,26,1,27,8,20,12,4,13,1,39,3,1,10,112,64,9,0,98,185,28,12,66,0,7,1,0,235,57,12,76,16
692,4582,68,9403,171,134,587,343,189,831,34,21,86,17438,27853,2851,48,35,274,501,119,535,18,21,167,82,19,18,375,3249,1009,68,86,19,593,534,271,153,451,6,750,1724,11678,98,715,8,18,110,484,5813,18,72,46,7,12,53,11,0,1,11,6,2,0,13,114,55,85,2,45,27,2,12,4,18,5,3,6,2,21,2,1,10,40,32,9,0,57,89,8,7,26,0,7,0,0,108,27,0,40,11
70,113,31,8340,74,62,4066,1404,1012,1382,329,91,138,1994,2851,31774,691,492,7090,771,932,512,34,107,275,46,37,3,145,662,14225,61,99,10,2507,5316,605,124,641,4,524,729,7768,88,308,5,18,253,138,151,19,81,66,13,10,72,18,3,4,28,43,1,1,3,168,103,175,6,204,25,4,35,11,18,21,1,2,0,24,12,0,10,82,98,6,1,135,209,62,6,65,1,7,0,0,109,42,8,85,45
2,1,0,10,0,0,2,4676,1009,195,410,3308,6601,30,48,691,9718,2365,1238,77,8239,144,82,61,68,14,16,9,3,88,2021,187,739,7,21,144,301,12,50,3,29,158,493,12,296,6,45,1,4,131,0,0,0,0,0,3,2,2,7,36,19,5,1,2,1,3,6,11,25,6,6,7,7,10,6,0,0,0,1,6,0,5,4,3,5,0,25,5,3,4,4,0,2,0,1,1,1,0,5,4
0,0,0,2,0,0,0,6120,180,21,70,128,1659,25,35,492,2365,2555,2477,106,317,63,12,12,24,8,8,0,6,55,2000,77,545,2,10,52,55,2,10,2,18,54,258,6,549,3,7,0,0,52,0,0,0,0,0,2,2,3,4,19,6,1,0,1,3,2,2,2,12,8,8,2,3,7,2,2,3,0,0,2,1,1,0,3,4,0,6,2,3,4,0,0,0,0,1,2,0,0,3,3
6,10,2,89,4,1,18,5027,10486,809,994,422,438,253,274,7090,1238,2477,22272,1518,1895,645,99,1494,742,51,108,5,77,332,5829,81,231,18,210,10153,2098,149,337,6,253,384,1035,149,297,9,56,11,15,140,2,5,28,0,2,21,18,11,25,92,173,21,7,8,46,45,159,36,1216,45,41,54,65,29,89,1,5,2,18,64,2,18,65,66,14,0,416,201,118,19,34,0,8,0,2,2,6,9,174,119
7,9,3,80,2,9,15,3020,5779,124,128,385,1423,486,501,771,77,106,1518,29455,120,358,370,48,3912,245,391,12,44,331,1215,173,2738,33,77,377,799,4487,61,10,96,150,872,797,3849,17,94,8,23,48,1,0,11,0,0,3,640,239,7,597,9,12,91,305,25,37,25,18,53,966,10,67,28,667,21,16,37,1,4,6,3,294,32,22,234,0,84,18,27,123,4,3,59,0,3,1,4,1,15,19
6,10,3,37,1,0,21,437,529,3370,1502,8343,1571,85,119,932,8239,317,1895,120,18300,355,306,71,152,72,57,39,32,468,2569,803,1414,26,136,579,1308,30,378,17,218,2014,5328,58,964,18,309,15,6,3428,0,1,10,1,2,13,1,11,19,44,67,10,5,2,16,16,43,12,204,25,25,21,24,32,27,6,3,1,4,19,2,10,18,18,28,2,166,49,22,12,6,0,8,0,1,3,4,4,49,44
381,524,420,652,106,80,314,1557,949,2429,3738,2297,425,642,535,512,144,63,645,358,355,18351,5156,46,465,104,164,894,3930,1593,167,292,671,156,187,358,364,116,407,144,32994,2200,359,690,309,4736,890,33,139,73,2,7,19,2,2,14,20,10,0,43,32,3,7,16,43,37,63,3,129,43,5,22,13,44,17,36,22,2,13,14,9,25,48,44,35,1,72,105,50,34,32,9,55,0,7,7,7,4,46,40
1,0,0,5,2,2,4,269,375,377,2351,3614,236,18,18,34,82,12,99,370,306,5156,11093,32,1290,245,468,535,189,44,16,746,4588,197,16,42,64,240,46,141,79,147,36,1297,478,4763,3762,14,1,20,0,0,1,0,0,0,17,5,1,19,5,2,11,4,2,4,1,1,3,39,2,25,12,107,2,87,67,2,0,1,20,46,7,5,81,12,8,1,2,145,1,10,170,1,7,1,0,0,1,5
5,2,1,43,12,26,89,185,11060,57,46,81,54,44,21,107,61,12,1494,48,71,46,32,4760,1245,25,1533,10,4,25,21,49,84,30,264,6308,2811,33,9513,125,20,26,35,292,55,6,55,200,33,9,1,6,2,1,0,3,15,6,1,20,11,6,2,5,7,2,11,3,44,18,2,13,8,24,3,5,4,0,2,1,1,10,3,4,15,1,34,8,9,15,1,0,15,0,1,3,1,0,11,7
3,4,3,68,11,24,42,247,7173,159,148,603,244,179,167,275,68,24,742,3912,152,465,1290,1245,9438,518,8709,51,25,122,157,1028,3743,219,132,893,639,1903,687,156,65,184,223,3875,2430,81,724,132,35,62,0,1,5,0,0,6,200,52,5,159,6,5,126,112,41,73,14,16,54,736,18,183,49,1369,21,111,368,4,6,7,14,359,55,17,743,25,42,13,38,585,5,8,519,4,14,1,5,1,20,30
1,3,1,14,2,3,8,18,64,35,14,21,16,149,82,46,14,8,51,245,72,104,245,25,518,18925,425,134,22,147,106,8487,226,5499,13,49,48,5128,74,315,47,95,174,12873,2742,100,1072,33,11,33,0,0,3,0,1,0,6,4,0,13,2,3,16,5,0,9,3,1,4,19,6,110,13,140,2,384,268,19,4,0,89,148,13,5,79,35,7,3,2,200,1,88,605,2,50,2,1,1,4,2
0,0,1,9,26,62,10,22,2646,42,29,172,60,48,19,37,16,8,108,391,57,164,468,1533,8709,425,16984,512,19,39,26,772,1064,321,53,231,1153,523,1286,4473,10,54,41,7128,991,122,844,452,63,22,0,2,2,1,1,1,10,5,0,33,7,6,11,12,6,15,4,3,8,53,0,99,16,329,4,196,385,8,0,2,29,190,7,6,140,36,12,6,3,354,2,45,556,0,11,3,3,1,3,16
2,1,1,0,2,8,2,13,30,56,26,32,8,32,18,3,9,0,5,12,39,894,535,10,51,134,512,74226,752,107,7,418,126,10478,6,5,200,67,162,10774,156,63,35,374,153,16848,9291,104,4,10,0,0,0,0,0,0,0,0,0,0,0,0,0,1,1,1,0,0,0,2,0,23,5,5,2,79,33,92,1,0,36,11,1,0,6,71,6,0,1,13,0,360,169,2,29,0,1,0,0,0
545,150,266,185,435,164,120,15,10,114,2,16,17,4307,375,145,3,6,77,44,32,3930,189,4,25,22,19,752,111427,15188,28,52,21,55,93,114,157,20,156,84,25049,252,135,59,167,1378,164,39,6002,18,4,9,8,3,2,15,1,1,0,3,7,0,1,0,24,12,39,0,53,6,1,11,3,2,6,2,3,0,4,3,1,4,19,16,1,1,59,45,16,1,16,2,4,0,1,9,3,0,23,8
888,608,725,688,336,144,288,231,82,238,18,61,302,21879,3249,662,88,55,332,331,468,1593,44,25,122,147,39,107,15188,52248,694,579,441,62,376,413,608,152,758,32,19149,4060,4707,101,2253,102,127,83,1357,2651,11,26,33,4,9,39,4,4,2,14,35,2,8,5,92,51,166,0,169,30,2,22,7,46,16,1,7,0,20,18,2,14,96,96,22,0,162,195,63,17,58,0,14,0,0,22,27,14,84,21
3,4,2,344,2,4,25,2593,313,362,111,72,626,491,1009,14225,2021,2000,5829,1215,2569,167,16,21,157,106,26,7,28,694,21045,117,333,13,276,957,330,221,239,14,149,324,14683,86,1671,2,23,9,13,286,4,3,8,0,2,7,20,11,2,18,15,2,3,10,8,13,36,3,79,55,1,12,7,33,6,3,3,0,5,6,0,12,18,20,13,1,63,54,21,8,16,0,10,0,3,3,2,3,25,20
1,7,2,10,5,8,5,93,251,821,132,333,247,207,68,61,187,77,81,173,803,292,746,49,1028,8487,772,418,52,579,117,26932,8150,4672,24,87,143,688,142,713,274,1364,367,6492,6716,292,13255,36,13,344,0,0,2,1,0,1,4,4,1,16,6,2,8,7,16,17,3,3,13,23,3,117,13,177,2,426,249,21,4,5,133,155,9,4,139,62,13,8,1,251,4,154,842,6,74,3,2,1,8,4
3,2,2,14,1,2,2,1316,2048,838,945,9603,8313,139,86,99,739,545,231,2738,1414,671,4588,84,3743,226,1064,126,21,441,333,8150,13708,101,34,134,448,359,99,50,151,927,495,711,7848,169,3810,25,5,329,0,0,2,0,0,1,273,69,6,169,12,5,87,118,11,46,7,16,25,696,11,95,22,767,17,54,111,1,5,11,6,232,36,12,359,3,53,6,20,208,1,4,175,1,4,0,2,1,16,17
0,0,1,6,1,3,1,11,43,42,14,14,4,41,19,10,7,2,18,33,26,156,197,30,219,5499,321,10478,55,62,13,4672,101,30036,7,21,65,417,90,14734,28,56,50,8982,379,1679,11666,40,8,14,0,0,0,0,0,0,0,1,0,5,1,0,3,0,0,1,0,1,3,5,1,72,3,32,1,236,83,26,5,0,178,36,1,0,23,194,2,0,2,30,1,500,470,5,131,0,0,0,0,1
55,148,56,856,91,377,2753,35,302,479,28,27,16,921,593,2507,21,10,210,77,136,187,16,264,132,13,53,6,93,376,276,24,34,7,2217,4351,524,25,5376,8,231,253,665,60,44,2,4,2443,196,89,20,140,97,10,24,100,6,2,1,13,25,1,1,1,216,118,136,4,55,8,5,29,13,7,10,2,1,0,33,4,0,4,100,91,7,0,63,184,29,3,60,0,1,0,0,191,51,10,58,22
11,22,9,500,11,19,381,170,3373,908,216,109,40,505,534,5316,144,52,10153,377,579,358,42,6308,893,49,231,5,114,413,957,87,134,21,4351,20941,4046,124,13057,24,365,498,1518,268,138,8,44,119,53,141,8,23,45,3,1,39,9,10,9,47,101,8,5,4,102,89,221,20,555,27,16,48,32,32,59,8,16,0,28,34,2,8,109,110,21,3,493,335,121,14,69,0,22,0,2,31,34,16,154,89
36,48,31,229,34,96,355,1226,10518,1073,230,476,568,603,271,605,301,55,2098,799,1308,364,64,2811,639,48,1153,200,157,608,330,143,448,65,524,4046,2563,38,8270,681,515,677,1174,222,182,22,137,1256,105,309,3,13,22,3,2,10,43,118,6,431,23,4,6,24,23,19,36,16,93,63,7,14,17,46,20,5,6,0,4,12,2,9,22,15,9,6,196,57,23,7,14,11,11,1,0,14,7,5,29,32
6,1,2,23,3,8,7,87,159,35,10,43,16,216,153,124,12,2,149,4487,30,116,240,33,1903,5128,523,67,20,152,221,688,359,417,25,124,38,10457,73,108,39,49,299,11689,2705,33,365,25,14,11,1,0,6,0,0,1,21,9,5,37,1,5,27,20,21,35,10,10,14,87,5,136,32,533,12,217,409,6,6,3,28,280,23,11,355,25,10,12,13,515,3,27,526,2,10,4,2,1,15,14
64,111,95,468,265,985,3084,15,997,794,74,56,25,1135,451,641,50,10,337,61,378,407,46,9513,687,74,1286,162,156,758,239,142,99,90,5376,13057,8270,73,42174,710,430,464,867,528,103,25,139,9868,686,172,40,147,144,14,28,154,6,4,3,13,56,3,0,3,312,137,335,4,265,13,6,52,16,14,8,5,6,0,65,14,5,12,209,133,10,4,370,357,54,19,112,9,21,0,0,237,79,14,156,45
0,0,2,1,7,32,5,6,41,18,6,11,7,32,6,4,3,2,6,10,17,144,141,125,156,315,4473,10774,84,32,14,713,50,14734,8,24,681,108,710,29267,21,25,28,11655,139,1736,3222,388,32,5,0,0,0,0,0,2,0,1,1,5,6,1,11,1,1,1,0,2,6,3,4,178,16,68,0,561,212,316,9,1,460,62,4,1,17,820,14,2,4,49,7,3337,1290,62,378,5,2,4,6,8
507,573,420,660,161,106,275,47,41,12146,40,96,60,1238,750,524,29,18,253,96,218,32994,79,20,65,47,10,156,25049,19149,149,274,151,28,231,365,515,39,430,21,49618,9496,736,35,517,315,145,19,166,342,7,11,23,2,4,21,3,0,2,15,40,6,3,3,56,40,92,3,204,17,2,10,7,10,31,1,3,0,14,16,2,5,58,62,3,0,157,150,61,4,39,3,6,0,0,12,10,9,69,35
145,513,203,901,34,33,354,114,117,13561,152,463,352,1454,1724,729,158,54,384,150,2014,2200,147,26,184,95,54,63,252,4060,324,1364,927,56,253,498,677,49,464,25,9496,19390,5110,89,1612,23,372,41,66,8547,4,5,26,1,2,13,7,2,5,19,42,1,6,5,35,21,65,5,182,21,6,22,15,50,22,5,11,0,11,21,3,15,34,34,45,0,171,116,53,23,16,2,15,0,1,12,7,8,62,40
20,18,5,1171,7,8,78,839,299,1481,73,220,471,2290,11678,7768,493,258,1035,872,5328,359,36,35,223,174,41,35,135,4707,14683,367,495,50,665,1518,1174,299,867,28,736,5110,36770,141,2306,4,72,62,65,10418,3,8,24,2,1,17,18,5,2,20,32,5,7,9,44,32,111,6,192,46,4,26,10,24,16,3,7,1,12,11,2,16,60,42,15,1,242,126,31,7,28,1,14,0,1,17,16,2,67,31
2,4,1,44,6,31,19,45,438,64,58,93,26,140,98,88,12,6,149,797,58,690,1297,292,3875,12873,7128,374,59,101,86,6492,711,8982,60,268,222,11689,528,11655,35,89,141,49003,1439,742,4330,184,36,16,0,2,3,0,4,4,9,5,3,29,5,5,22,11,8,23,9,10,12,31,12,280,21,390,6,1162,842,46,4,0,269,377,25,4,232,114,15,7,14,634,5,338,2016,6,170,5,2,2,12,15
10,12,14,53,10,8,19,575,559,413,59,202,587,1356,715,308,296,549,297,3849,964,309,478,55,2430,2742,991,153,167,2253,1671,6716,7848,379,44,138,182,2705,103,139,517,1612,2306,1439,11046,44,688,22,42,558,1,0,8,2,0,3,76,19,3,106,12,1,99,64,32,66,17,20,31,437,9,160,50,968,17,105,254,5,8,6,23,307,55,14,704,9,53,9,24,628,3,5,504,4,11,2,3,2,16,24
3,1,1,2,6,2,0,35,66,56,105,123,9,12,8,5,6,3,9,17,18,4736,4763,6,81,100,122,16848,1378,102,2,292,169,1679,2,8,22,33,25,1736,315,23,4,742,44,15959,10582,6,6,5,0,0,0,0,0,0,0,0,0,2,0,1,1,0,0,0,0,0,1,1,0,14,0,13,0,49,22,4,0,1,30,8,2,0,6,36,1,1,0,8,1,63,120,1,14,0,0,1,0,0
2,1,1,5,0,8,2,107,284,537,266,382,94,41,18,18,45,7,56,94,309,890,3762,55,724,1072,844,9291,164,127,23,13255,3810,11666,4,44,137,365,139,3222,145,372,72,4330,688,10582,31026,59,8,63,1,1,1,0,0,1,4,1,0,11,3,2,11,3,3,8,0,5,6,12,1,150,16,142,0,511,218,26,5,0,346,139,19,2,63,235,3,2,2,202,4,529,1029,13,195,1,0,5,4,5
74,198,159,357,553,2438,2736,1,75,50,0,1,4,276,110,253,1,0,11,8,15,33,14,200,132,33,452,104,39,83,9,36,25,40,2443,119,1256,25,9868,388,19,41,62,184,22,6,59,6249,980,9,36,444,75,121,201,261,0,0,0,0,5,0,0,0,128,28,34,0,9,1,0,6,2,2,2,4,2,0,7,0,0,4,36,3,0,2,21,54,7,1,16,4,3,0,0,650,28,3,25,2
1675,151,335,323,4242,2552,335,8,16,52,0,2,3,13661,484,138,4,0,15,23,6,139,1,33,35,11,63,4,6002,1357,13,13,5,8,196,53,105,14,686,32,166,66,65,36,42,6,8,980,14618,3,8,26,14,4,10,25,0,0,0,0,2,1,0,1,27,9,20,0,7,1,1,2,1,2,4,0,0,0,9,1,0,2,13,13,0,1,15,29,2,0,9,0,0,0,0,20,12,1,6,2
5,26,6,66,1,3,43,39,34,7602,31,162,193,1147,5813,151,131,52,140,48,3428,73,20,9,62,33,22,10,18,2651,286,344,329,14,89,141,309,11,172,5,342,8547,10418,16,558,5,63,9,3,11903,0,1,2,0,0,1,2,0,1,3,12,0,0,1,9,8,14,2,42,4,1,3,2,12,3,0,1,0,4,6,0,1,4,7,2,0,58,18,6,1,3,0,5,0,0,1,1,0,11,7
4,22,28,36,8,33,85,0,2,6,0,0,1,34,18,19,0,0,2,1,0,2,0,1,0,0,0,0,4,11,4,0,0,0,20,8,3,1,40,0,7,4,3,0,1,0,1,36,8,0,26080,16736,897,9001,11392,1308,3,5,5,8,86,1,0,2,14778,50,94,3,20,13,4,138,12,4,9,7,1,9,552,3,1,2,541,18,9,9,72,97,8,28,42,1,6,6,1,448,10349,79,271,36
54,183,154,269,27,204,718,0,2,3,1,0,0,164,72,81,0,0,5,0,1,7,0,6,1,0,2,0,9,26,3,0,0,0,140,23,13,0,147,0,11,5,8,2,0,0,1,444,26,1,16736,82570,7041,13892,2463,6934,2,4,6,10,696,6,3,1,12629,159,73,4,41,14,9,584,12,9,22,11,3,12,472,5,3,11,927,17,20,9,118,158,25,16,68,1,19,13,6,2007,1577,240,2024,147
22,53,46,78,15,28,246,7,14,16,2,5,3,106,46,66,0,0,28,11,10,19,1,2,5,3,2,0,8,33,8,2,2,0,97,45,22,6,144,0,23,26,24,3,8,0,1,75,14,2,897,7041,24371,54,241,9773,21,83,45,209,611,26,20,29,7881,3164,4240,40,277,360,31,255,83,120,77,41,14,7,184,26,16,74,393,471,85,10,340,976,124,275,252,0,82,4,8,388,867,101,1318,276
16,45,547,100,29,949,592,0,0,3,0,0,0,16,7,13,0,0,0,0,1,2,0,1,0,0,1,0,3,4,0,1,0,0,10,3,3,0,14,0,2,1,2,0,2,0,0,121,4,0,9001,13892,54,25914,15280,9576,1,0,0,1,38,1,0,0,239,4,8,0,2,3,1,49,4,1,1,1,0,3,61,0,1,0,94,0,2,1,8,25,1,0,7,0,2,2,0,726,656,21,96,7
4,39,79,71,15,273,158,1,0,1,1,0,0,23,12,10,0,0,2,0,2,2,0,0,0,1,1,0,2,9,2,0,0,0,24,1,2,0,28,0,4,2,1,4,0,0,0,201,10,0,11392,2463,241,15280,17848,6168,0,1,0,7,83,1,3,0,507,55,98,0,20,3,0,42,244,143,8,8,30,2,51,1,4,8,72,27,8,4,242,695,32,15,1361,25,79,2,2,5669,4748,14,128,47
43,87,302,153,73,379,1106,2,7,14,5,0,1,130,53,72,3,2,21,3,13,14,0,3,6,0,1,0,15,39,7,1,1,0,100,39,10,1,154,2,21,13,17,4,3,0,1,261,25,1,1308,6934,9773,9576,6168,23297,5,22,13,105,1095,17,7,10,1270,123,2414,16,185,84,19,455,131,63,55,15,8,2,75,4,9,29,236,61,42,8,348,1721,153,81,536,3,40,5,6,3463,223,124,2001,374
1,0,0,3,0,0,2,218,662,6,11,40,116,2,11,18,2,2,18,640,1,20,17,15,200,6,10,0,1,4,20,4,273,0,6,9,43,21,6,0,3,7,18,9,76,0,4,0,0,2,3,2,21,1,0,5,2699,5828,377,475,15,112,187,3361,98,335,139,1260,172,4403,30,293,25,387,66,66,149,8,11,150,16,2082,90,265,785,12,608,5,83,76,3,2,47,8,9,1,9,1,20,20
0,0,0,3,0,0,0,250,485,5,4,13,72,3,0,3,2,3,11,239,11,10,5,6,52,4,5,0,1,4,11,4,69,1,2,10,118,9,4,1,0,2,5,5,19,0,1,0,0,0,5,4,83,0,1,22,5828,28075,5788,7181,190,1557,603,2558,212,590,514,9790,1264,4652,565,1426,71,372,200,55,15,32,18,471,16,467,121,670,512,17,1100,32,117,231,5,7,71,36,16,1,29,7,66,71
0,0,0,1,0,0,0,14,47,7,7,4,4,2,1,4,7,4,25,7,19,0,1,1,5,0,0,0,0,2,2,1,6,0,1,9,6,5,3,1,2,5,2,3,3,0,0,0,0,1,5,6,45,0,0,13,377,5788,6751,5828,307,1194,189,152,126,331,621,5977,5873,499,639,573,37,73,490,20,8,19,17,2025,8,141,62,483,176,4,332,21,138,42,12,0,14,10,3,0,23,1,73,165
0,0,0,4,0,0,2,611,1310,27,29,42,152,12,11,28,36,19,92,597,44,43,19,20,159,13,33,0,3,14,18,16,169,5,13,47,431,37,13,5,15,19,20,29,106,2,11,0,0,3,8,10,209,1,7,105,475,7181,5828,56007,470,1328,657,999,122,151,480,2236,11616,4205,1283,1253,12341,7526,340,80,1006,31,27,126,45,484,66,144,214,26,11259,425,208,312,138,50,438,25,32,20,37,11,160,260
0,3,2,16,2,2,17,25,48,65,15,23,6,24,6,43,19,6,173,9,67,32,5,11,6,2,7,0,7,35,15,6,12,1,25,101,23,1,56,6,40,42,32,5,12,0,3,5,2,12,86,696,611,38,83,1095,15,190,307,470,30057,2089,876,120,366,390,1354,513,1739,103,2776,2266,279,102,441,80,30,178,176,99,198,260,310,238,69,104,858,701,336,85,312,17,168,98,223,98,47,15320,19347,10153
0,1,0,0,0,1,0,11,35,8,4,8,6,0,2,1,5,1,21,12,10,3,2,6,5,3,6,0,0,2,2,2,5,0,1,8,4,5,3,1,6,1,5,5,1,1,2,0,1,0,1,6,26,1,1,17,112,1557,1194,1328,2089,3624,4739,466,13,70,158,1618,715,160,5646,4685,98,142,242,33,40,104,12,120,41,208,26,90,35,18,291,47,99,49,14,13,120,103,65,6,3,10,116,617
0,1,0,1,1,0,0,11,67,4,2,9,7,3,0,1,1,0,7,91,5,7,11,2,126,16,11,0,1,8,3,8,87,3,1,5,6,27,0,11,3,6,7,22,99,1,11,0,0,0,0,3,20,0,3,7,187,603,189,657,876,4739,19714,8316,31,91,53,3054,189,964,7826,5655,91,1840,678,194,200,164,9,173,306,9713,48,42,769,106,191,29,257,414,9,13,599,158,284,2,10,5,132,620
0,0,0,1,0,0,1,94,272,4,3,13,54,8,13,3,2,1,8,305,2,16,4,5,112,5,12,1,0,5,10,7,118,0,1,4,24,20,3,1,3,5,9,11,64,0,3,0,1,1,2,1,29,0,0,10,3361,2558,152,999,120,466,8316,16722,29,78,66,8061,130,1123,1349,802,30,909,286,91,118,38,10,177,174,4191,29,72,585,56,405,8,122,91,4,8,119,29,76,4,8,2,33,101
28,94,66,201,17,48,422,6,20,29,4,5,3,254,114,168,1,3,46,25,16,43,2,7,41,0,6,1,24,92,8,16,11,0,216,102,23,21,312,1,56,35,44,8,32,0,3,128,27,9,14778,12629,7881,239,507,1270,98,212,126,122,366,13,31,29,47164,12712,1286,153,217,559,23,461,58,109,79,337,26,21,5449,31,44,276,13586,1348,858,78,658,753,385,743,396,6,180,17,17,560,16850,185,1670,247
13,28,15,55,8,3,121,13,40,43,3,6,4,123,55,103,3,2,45,37,16,37,4,2,73,9,15,1,12,51,13,17,46,1,118,89,19,35,137,1,40,21,32,23,66,0,8,28,9,8,50,159,3164,4,55,123,335,590,331,151,390,70,91,78,12712,40338,2198,830,463,1269,171,329,71,337,674,706,63,35,278,184,234,965,9815,13102,2291,154,796,499,7905,1227,317,14,262,20,80,191,310,48,4392,5661
13,31,17,59,10,7,120,9,29,60,7,11,3,175,85,175,6,2,159,25,43,63,1,11,14,3,4,0,39,166,36,3,7,0,136,221,36,10,335,0,92,65,111,9,17,0,0,34,20,14,94,73,4240,8,98,2414,139,514,621,480,1354,158,53,66,1286,2198,33051,1663,6902,580,232,406,214,135,1102,50,12,9,214,7982,19,145,754,8378,232,10,1000,9951,1094,244,544,4,83,5,13,273,348,98,1367,917
0,0,0,1,0,0,0,20,68,19,5,6,6,2,2,6,11,2,36,18,12,3,1,3,16,1,3,0,0,0,3,3,16,1,4,20,16,10,4,2,3,5,6,10,20,0,5,0,0,2,3,4,40,0,0,16,1260,9790,5977,2236,513,1618,3054,8061,153,830,1663,11927,2209,688,10489,765,94,135,3357,74,14,35,24,5252,114,1451,175,1115,708,35,428,44,417,93,20,0,88,23,76,5,12,4,88,777
6,5,1,25,1,0,19,60,124,244,36,39,14,76,45,204,25,12,1216,53,204,129,3,44,54,4,8,0,53,169,79,13,25,3,55,555,93,14,265,6,204,182,192,12,31,1,6,9,7,42,20,41,277,2,20,185,172,1264,5873,11616,1739,715,189,130,217,463,6902,2209,27803,1456,995,607,5938,972,1874,76,115,11,60,3011,45,364,387,716,235,23,2656,5917,961,516,686,22,368,9,20,52,50,50,909,1406
0,0,0,5,1,0,3,191,864,18,14,73,144,26,27,25,6,8,45,966,25,43,39,18,736,19,53,2,6,30,55,23,696,5,8,27,63,87,13,3,17,21,46,31,437,1,12,1,1,4,13,14,360,3,3,84,4403,4652,499,4205,103,160,964,1123,559,1269,580,688,1456,18731,106,925,153,3638,186,146,543,14,82,279,79,6053,444,925,4454,36,891,140,288,4747,18,5,344,20,37,12,97,10,153,133
0,0,0,1,0,0,1,18,37,14,8,10,9,1,2,4,6,8,41,10,25,5,2,2,18,6,0,0,1,2,1,3,11,1,5,16,7,5,6,4,2,6,4,12,9,0,1,0,1,1,4,9,31,1,0,19,30,565,639,1283,2776,5646,7826,1349,23,171,232,10489,995,106,21036,1040,240,150,6210,83,39,101,10,1355,244,783,63,84,105,77,542,87,506,79,61,11,149,84,206,2,4,7,348,6100
3,7,3,12,2,5,17,19,64,28,7,15,8,27,12,35,7,2,54,67,21,22,25,13,183,110,99,23,11,22,12,117,95,72,29,48,14,136,52,178,10,22,26,280,160,14,150,6,2,3,138,584,255,49,42,455,293,1426,573,1253,2266,4685,5655,802,461,329,406,765,607,925,1040,39193,180,1983,396,2251,1164,2176,4233,112,1100,9860,1416,174,775,1651,394,242,317,1488,130,805,6401,7500,4534,62,210,2276,2221,890
0,1,1,5,0,2,5,19,40,32,8,8,1,8,4,11,7,3,65,28,24,13,12,8,49,13,16,5,3,7,7,13,22,3,13,32,17,32,16,16,7,15,10,21,50,0,16,2,1,2,12,12,83,4,244,131,25,71,37,12341,279,98,91,30,58,71,214,94,5938,153,240,180,8640,5200,194,100,718,47,16,42,42,272,63,34,54,29,3850,4786,142,188,2276,209,777,6,28,583,61,9,170,258
0,0,0,2,0,0,0,90,383,20,12,88,67,20,18,18,10,7,29,667,32,44,107,24,1369,140,329,5,2,46,33,177,767,32,7,32,46,533,14,68,10,50,24,390,968,13,142,2,2,12,4,9,120,1,143,63,387,372,73,7526,102,142,1840,909,109,337,135,135,972,3638,150,1983,5200,20640,222,437,12888,255,35,44,257,3198,207,107,727,204,1519,388,304,728,716,1224,5476,34,154,388,58,10,173,266
0,2,0,4,0,0,3,8,22,42,4,1,2,12,5,21,6,2,89,21,27,17,2,3,21,2,4,2,6,16,6,2,17,1,10,59,20,12,8,0,31,22,16,6,17,0,0,2,4,3,9,22,77,1,8,55,66,200,490,340,441,242,678,286,79,674,1102,3357,1874,186,6210,396,194,222,16303,224,36,47,24,9338,289,1120,283,2206,430,78,645,385,7418,126,193,14,135,42,166,22,18,10,777,3363
0,0,0,0,0,1,1,2,13,5,0,6,2,4,3,1,0,2,1,16,6,36,87,5,111,384,196,79,2,1,3,426,54,236,2,8,5,217,5,561,1,5,3,1162,105,49,511,4,0,0,7,11,41,1,8,15,66,55,20,80,80,33,194,91,337,706,50,74,76,146,83,2251,100,437,224,34454,1057,171,144,45,8955,2802,654,133,4280,9053,46,46,330,8794,46,370,13128,109,1480,24,33,31,349,340
0,0,0,2,1,0,1,10,40,2,2,13,7,13,6,2,0,3,5,37,3,22,67,4,368,268,385,33,3,7,3,249,111,83,1,16,6,409,6,212,3,11,7,842,254,22,218,2,0,1,1,3,14,0,30,8,149,15,8,1006,30,40,200,118,26,63,12,14,115,543,39,1164,718,12888,36,1057,12617,805,21,11,343,1471,77,15,479,318,555,93,52,784,550,4181,11829,53,249,168,10,4,42,70
0,0,0,0,0,0,2,1,3,0,0,0,0,1,2,0,0,0,2,1,1,2,2,0,4,19,8,92,0,0,0,21,1,26,0,0,0,6,0,316,0,0,1,46,5,4,26,0,0,0,9,12,7,3,2,2,8,32,19,31,178,104,164,38,21,35,9,35,11,14,101,2176,47,255,47,171,805,46648,2908,4,271,215,314,6,23,8646,114,15,61,41,62,16612,1719,18041,1736,20,40,535,165,199
4,11,3,13,0,6,38,0,3,5,4,0,3,39,21,24,1,0,18,4,4,13,0,2,6,4,0,1,4,20,5,4,5,5,33,28,4,6,65,9,14,11,12,4,8,0,5,7,9,4,552,472,184,61,51,75,11,18,17,27,176,12,9,10,5449,278,214,24,60,82,10,4233,16,35,24,144,21,2908,133371,11,95,83,31262,122,127,520,178,156,49,133,104,234,221,1657,160,60,14796,13358,1662,78
1,1,0,3,0,0,1,7,11,26,3,1,2,3,2,12,6,2,64,6,19,14,1,1,7,0,2,0,3,18,6,5,11,0,4,34,12,3,14,1,16,21,11,0,6,1,0,0,1,6,3,5,26,0,1,4,150,471,2025,126,99,120,173,177,31,184,7982,5252,3011,279,1355,112,42,44,9338,45,11,4,11,10239,37,358,30,4443,295,12,193,87,1152,78,41,1,29,0,21,6,6,4,53,134
0,0,0,0,0,0,0,0,6,4,0,0,0,1,1,0,0,1,2,3,2,9,20,1,14,89,29,36,1,2,0,133,6,178,0,2,2,28,5,460,2,3,2,269,23,30,346,0,0,0,1,3,16,1,4,9,16,16,8,45,198,41,306,174,44,234,19,114,45,79,244,1100,42,257,289,8955,343,271,95,37,23228,5614,244,36,1003,10755,33,16,390,357,19,817,3963,443,11593,12,6,29,316,569
0,0,0,1,0,0,1,22,180,13,7,20,27,10,10,10,5,1,18,294,10,25,46,10,359,148,190,11,4,14,12,155,232,36,4,8,9,280,12,62,5,15,16,377,307,8,139,4,2,1,2,11,74,0,8,29,2082,467,141,484,260,208,9713,4191,276,965,145,1451,364,6053,783,9860,272,3198,1120,2802,1471,215,83,358,5614,35854,625,232,14020,633,256,115,1290,3308,39,88,5795,277,7045,28,33,10,460,831
11,19,8,51,2,7,93,4,11,33,5,5,2,112,40,82,4,0,65,32,18,48,7,3,55,13,7,1,19,96,18,9,36,1,100,109,22,23,209,4,58,34,60,25,55,2,19,36,13,4,541,927,393,94,72,236,90,121,62,66,310,26,48,29,13586,9815,754,175,387,444,63,1416,63,207,283,654,77,314,31262,30,244,625,69897,739,1312,342,882,556,999,569,325,84,227,294,103,137,3063,5771,12662,2518
2,7,6,16,1,0,36,8,23,28,2,5,3,64,32,98,3,3,66,22,18,44,5,4,17,5,6,0,16,96,20,4,12,0,91,110,15,11,133,1,62,34,42,4,14,0,2,3,13,7,18,17,471,0,27,61,265,670,483,144,238,90,42,72,1348,13102,8378,1115,716,925,84,174,34,107,2206,133,15,6,122,4443,36,232,739,21489,773,24,860,445,9890,720,238,3,127,7,11,113,112,20,452,241
0,0,0,2,0,0,1,7,87,13,7,44,15,9,9,6,5,4,14,234,28,35,81,15,743,79,140,6,1,22,13,139,359,23,7,21,9,355,10,17,3,45,15,232,704,6,63,0,0,2,9,20,85,2,8,42,785,512,176,214,69,35,769,585,858,2291,232,708,235,4454,105,775,54,727,430,4280,479,23,127,295,1003,14020,1312,773,10262,203,106,24,715,7817,16,11,913,9,141,12,56,15,388,350
0,1,0,0,0,0,0,0,4,1,2,2,0,0,0,1,0,0,0,0,2,1,12,1,25,35,36,71,1,0,1,62,3,194,0,3,6,25,4,820,0,0,1,114,9,36,235,2,1,0,9,9,10,1,4,8,12,17,4,26,104,18,106,56,78,154,10,35,23,36,77,1651,29,204,78,9053,318,8646,520,12,10755,633,342,24,203,34622,37,16,121,351,22,6707,5455,8208,5105,13,15,141,247,240
11,7,10,35,3,10,55,140,391,204,25,32,42,98,57,135,25,6,416,84,166,72,8,34,42,7,12,6,59,162,63,13,53,2,63,493,196,10,370,14,157,171,242,15,53,1,3,21,15,58,72,118,340,8,242,348,608,1100,332,11259,858,291,191,405,658,796,1000,428,2656,891,542,394,3850,1519,645,46,555,114,178,193,33,256,882,860,106,37,3579,4494,1282,89,5949,785,235,18,27,970,228,96,930,1022
9,31,16,64,8,11,122,14,25,102,9,7,4,185,89,209,5,2,201,18,49,105,1,8,13,3,6,0,45,195,54,8,6,0,184,335,57,12,357,2,150,116,126,7,9,1,2,54,29,18,97,158,976,25,695,1721,5,32,21,425,701,47,29,8,753,499,9951,44,5917,140,87,242,4786,388,385,46,93,15,156,87,16,115,556,445,24,16,4494,17387,593,103,10888,38,255,6,11,2517,277,60,934,695
1,0,2,7,1,0,6,10,14,65,12,4,0,28,8,62,3,3,118,27,22,50,2,9,38,2,3,1,16,63,21,1,20,2,29,121,23,13,54,4,61,53,31,14,24,0,2,7,2,6,8,25,124,1,32,153,83,117,138,208,336,99,257,122,385,7905,1094,417,961,288,506,317,142,304,7418,330,52,61,49,1152,390,1290,999,9890,715,121,1282,593,36695,227,437,13,166,37,175,68,16,20,2323,10941
0,0,0,2,0,1,2,5,44,11,4,31,12,12,7,6,4,4,19,123,12,34,145,15,585,200,354,13,1,17,8,251,208,30,3,14,7,515,19,49,4,23,7,634,628,8,202,1,0,1,28,16,275,0,15,81,76,231,42,312,85,49,414,91,743,1227,244,93,516,4747,79,1488,188,728,126,8794,784,41,133,78,357,3308,569,720,7817,351,89,103,227,23379,41,43,12845,21,209,26,159,15,197,147
3,16,5,28,0,1,42,4,10,15,0,3,1,66,26,65,4,0,34,4,6,32,1,1,5,1,2,0,16,58,16,4,1,1,60,69,14,3,112,7,39,16,28,5,3,1,4,16,9,3,42,68,252,7,1361,536,3,5,12,138,312,14,9,4,396,317,544,20,686,18,61,130,2276,716,193,46,550,62,104,41,19,39,325,238,16,22,5949,10888,437,41,17967,498,272,5,10,10907,297,34,401,390
0,0,0,2,0,0,0,2,2,1,0,0,0,0,0,1,0,0,0,3,0,9,10,0,8,88,45,360,2,0,0,154,4,500,0,0,11,27,9,3337,3,2,1,338,5,63,529,4,0,0,1,1,0,0,25,3,2,7,0,50,17,13,13,8,6,14,4,0,22,5,11,805,209,1224,14,370,4181,16612,234,1,817,88,84,3,11,6707,785,38,13,43,498,27673,12247,1131,1107,129,10,54,49,33
0,0,1,0,0,0,1,6,50,13,7,19,1,7,7,7,2,0,8,59,8,55,170,15,519,605,556,169,4,14,10,842,175,470,1,22,11,526,21,1290,6,15,14,2016,504,120,1029,3,0,5,6,19,82,2,79,40,47,71,14,438,168,120,599,119,180,262,83,88,368,344,149,6401,777,5476,135,13128,11829,1719,221,29,3963,5795,227,127,913,5455,235,255,166,12845,272,12247,55023,367,3249,175,37,78,206,274
1,0,0,0,0,0,1,1,1,0,0,1,1,1,0,0,0,0,0,0,0,0,1,0,4,2,0,2,0,0,0,6,1,5,0,0,1,2,0,62,0,0,0,6,4,1,13,0,0,0,6,13,4,2,2,5,8,36,10,25,98,103,158,29,17,20,5,23,9,20,84,7500,6,34,42,109,53,18041,1657,0,443,277,294,7,9,8208,18,6,37,21,5,1131,367,18834,10167,3,21,517,131,119
0,0,0,0,0,0,0,2,7,1,0,1,0,0,0,0,1,1,2,3,1,7,7,1,14,50,11,29,1,0,3,74,4,131,0,2,0,10,0,378,0,1,1,170,11,14,195,0,0,0,1,6,8,0,2,6,9,16,3,32,223,65,284,76,17,80,13,76,20,37,206,4534,28,154,166,1480,249,1736,160,21,11593,7045,103,11,141,5105,27,11,175,209,10,1107,3249,10167,18203,5,8,68,136,364
39,243,209,354,44,280,924,2,4,11,0,1,0,235,108,109,1,2,2,1,3,7,1,3,1,2,3,0,9,22,3,3,0,0,191,31,14,4,237,5,12,12,17,5,2,0,1,650,20,1,448,2007,388,726,5669,3463,1,1,0,20,98,6,2,4,560,191,273,5,52,12,2,62,583,388,22,24,168,20,60,6,12,28,137,113,12,13,970,2517,68,26,10907,129,175,3,5,7889,1390,10,178,79
4,23,15,37,8,14,106,3,7,9,0,0,1,57,27,42,1,0,6,4,4,7,0,1,5,1,3,1,3,27,2,2,2,0,51,34,7,2,79,2,10,7,16,2,3,0,0,28,12,1,10349,1577,867,656,4748,223,9,29,23,37,47,3,10,8,16850,310,348,12,50,97,4,210,61,58,18,33,10,40,14796,6,6,33,3063,112,56,15,228,277,16,159,297,10,37,21,8,1390,49127,252,230,22
0,4,1,7,0,1,10,0,2,3,0,0,0,12,0,8,0,0,9,1,4,4,0,0,1,1,1,0,0,14,3,1,1,0,10,16,5,1,14,4,9,8,2,2,2,1,5,3,1,0,79,240,101,21,14,124,1,7,1,11,15320,10,5,2,185,48,98,4,50,10,7,2276,9,10,10,31,4,535,13358,4,29,10,5771,20,15,141,96,60,20,15,34,54,78,517,68,10,252,33151,4524,110
8,15,3,27,3,4,44,11,21,60,11,4,0,76,40,85,5,3,174,15,49,46,1,11,20,4,3,0,23,84,25,8,16,0,58,154,29,15,156,6,69,62,67,12,16,0,4,25,6,11,271,2024,1318,96,128,2001,20,66,73,160,19347,116,132,33,1670,4392,1367,88,909,153,348,2221,170,173,777,349,42,165,1662,53,316,460,12662,452,388,247,930,934,2323,197,401,49,206,131,136,178,230,4524,40863,10186
1,2,0,6,1,3,6,19,30,66,13,11,3,16,11,45,4,3,119,19,44,40,5,7,30,2,16,0,8,21,20,4,17,1,22,89,32,14,45,8,35,40,31,15,24,0,5,2,2,7,36,147,276,7,47,374,20,71,165,260,10153,617,620,101,247,5661,917,777,1406,133,6100,890,258,266,3363,340,70,199,78,134,569,831,2518,241,350,240,1022,695,10941,147,390,33,274,119,364,79,22,110,10186,15853
