13267,4439,12460,2604,12326,2136,787,3,5,50,1,0,2,12943,736,89,0,0,4,7,5,200,3,5,5,5,1,2,403,565,12,2,6,0,115,11,16,1,85,2,397,75,26,3,14,5,6,124,1162,1,9,50,28,23,13,100,0,1,0,1,0,0,0,0,51,12,19,0,5,1,0,1,3,1,1,1,0,0,3,0,0,0,9,7,1,0,1,11,2,0,2,0,1,0,0,17,9,0,5,3
4439,12412,3392,15193,93,85,758,1,1,101,2,1,0,5809,2333,63,1,0,2,2,4,320,1,3,4,0,1,3,86,275,11,2,4,3,105,15,19,2,81,1,372,143,12,2,10,0,1,162,60,6,11,85,44,33,13,107,0,0,0,2,1,0,0,0,64,12,21,0,5,0,0,5,0,0,0,1,2,0,8,0,0,0,12,4,2,0,2,19,1,0,5,0,1,0,0,32,9,0,3,1
12460,3392,31868,6538,6381,4299,9112,2,0,47,0,1,0,2509,136,26,0,0,2,2,2,195,3,2,4,1,3,1,274,457,6,1,3,1,84,5,15,1,78,0,333,64,10,2,10,1,1,393,330,7,157,618,38,3455,75,455,0,0,0,0,4,0,0,0,72,10,18,0,7,0,1,5,0,2,2,1,0,1,15,0,0,0,25,4,0,0,1,14,0,0,7,1,0,1,0,46,33,3,6,0
2604,15193,6538,36072,493,922,11636,63,129,783,9,21,9,11253,12233,7156,14,9,79,105,62,993,6,67,103,19,21,7,256,793,404,21,34,16,1470,598,194,77,601,4,1243,762,788,43,131,10,18,671,282,71,38,350,146,175,98,549,1,2,1,16,15,3,3,0,315,92,146,0,50,17,1,11,6,10,9,1,2,1,21,3,0,3,71,39,1,0,27,145,10,7,51,0,13,3,1,117,55,4,21,11
12326,93,6381,493,22366,18963,1637,4,9,17,0,1,1,4206,108,41,1,0,5,1,0,56,2,3,18,2,27,5,446,298,5,5,3,4,71,13,29,2,165,6,152,12,15,8,9,7,6,959,3855,2,9,31,23,23,20,189,1,0,1,2,4,0,0,0,33,17,15,0,3,1,0,1,1,1,1,0,0,1,2,0,0,0,9,7,0,0,2,24,2,0,8,0,0,0,0,10,4,0,1,1
2136,85,4299,922,18963,25696,19607,1,6,11,0,2,0,372,154,32,0,0,3,1,1,29,3,34,45,9,127,15,170,80,3,3,4,10,367,23,130,3,1129,42,44,13,18,52,3,3,9,5158,2415,3,27,192,42,741,286,1436,0,0,0,1,1,0,0,0,55,8,11,0,4,0,0,2,0,1,0,0,1,0,2,0,0,0,3,3,0,0,1,14,0,0,7,0,1,1,0,76,22,1,6,1
787,758,9112,11636,1637,19607,20898,18,80,370,5,9,6,2231,809,3756,5,3,42,31,39,440,6,90,60,10,31,3,97,221,60,9,10,2,3554,416,243,22,3707,4,436,312,157,32,27,5,6,3643,324,51,64,630,265,516,308,1981,0,2,1,15,21,1,0,0,443,130,181,2,48,9,0,16,3,4,7,1,4,1,39,1,1,1,99,53,4,2,35,166,13,3,62,0,5,3,0,222,69,8,32,9
3,1,2,63,4,1,18,33179,8240,427,1032,1016,6734,496,258,1471,4346,7129,6490,3674,1139,2234,253,49,269,41,34,28,26,293,4311,179,1199,32,65,380,690,131,38,8,90,135,1245,74,1016,58,171,4,9,71,1,0,11,0,1,6,129,167,55,1000,36,18,12,42,10,15,27,23,144,183,30,21,71,114,18,5,5,1,1,3,3,31,15,15,21,1,60,36,17,21,11,2,25,0,4,1,2,2,19,25
5,1,0,129,9,6,80,8240,54299,376,466,1540,1999,173,108,808,1438,178,8703,6574,943,1217,343,10384,6277,61,2373,45,15,94,385,304,1192,86,324,3265,8623,228,619,27,68,122,322,401,524,54,237,24,10,52,4,9,41,0,0,25,601,590,133,3716,91,44,77,294,39,56,85,80,446,1533,69,112,203,998,45,33,51,3,8,11,2,304,34,63,111,4,210,96,25,64,16,5,107,4,8,3,10,9,45,48
50,101,47,783,17,11,370,427,376,35284,2901,4078,348,423,486,1280,259,37,1291,142,3987,3914,625,44,174,26,55,43,88,375,409,628,874,45,422,943,654,40,498,19,9021,9383,1775,133,343,87,565,38,17,5287,4,7,26,4,0,32,2,6,31,63,64,11,4,2,25,32,108,9,333,21,23,39,50,21,57,7,4,2,15,3,3,9,58,31,27,1,211,209,50,15,32,3,20,0,0,7,13,11,69,72
1,2,0,9,0,0,5,1032,466,2901,3501,6509,325,15,6,100,147,43,403,64,588,3466,2124,12,40,3,8,15,6,5,39,34,369,6,14,73,56,6,13,2,57,147,51,15,30,80,79,0,0,40,0,0,1,0,0,2,0,1,5,20,6,1,1,1,0,3,5,2,11,2,3,1,5,4,1,1,0,0,0,0,1,0,0,1,4,0,3,5,1,1,3,0,2,0,0,0,1,0,4,2
0,1,1,21,1,2,9,1016,1540,4078,6509,22874,8905,46,16,104,3315,101,564,506,6397,3014,3496,51,789,15,169,14,20,137,201,430,6001,16,31,181,264,51,54,3,279,843,334,98,286,120,224,3,1,342,0,1,2,0,0,1,14,11,19,132,16,2,10,14,4,12,17,2,58,89,9,14,14,136,7,6,15,1,4,1,1,43,6,2,52,0,34,21,8,33,4,1,21,0,2,0,2,0,8,10
2,0,0,9,1,0,6,6734,1999,348,325,8905,18912,256,83,168,4208,678,511,872,1550,475,317,10,350,18,51,6,28,468,1178,181,5486,4,22,86,212,36,23,2,127,372,762,44,506,14,57,0,6,213,0,0,7,0,0,0,51,47,10,229,5,3,6,18,2,6,3,5,28,158,2,9,14,81,1,2,3,0,2,0,0,24,2,5,16,0,24,3,4,6,0,0,8,0,0,0,0,0,2,3
12943,5809,2509,11253,4206,372,2231,496,173,423,15,46,256,62167,17196,2895,61,55,308,567,212,660,33,65,235,139,43,44,3152,26100,983,369,329,88,1239,691,522,350,1182,12,1731,1190,4840,175,2362,45,110,409,10254,949,36,219,175,71,37,404,5,2,6,41,44,1,2,3,396,206,421,0,155,46,8,21,13,35,21,5,10,1,66,4,0,17,195,141,11,2,58,356,62,11,105,5,19,6,2,93,76,21,71,28
736,2333,136,12233,108,154,809,258,108,486,6,16,83,17196,25741,2634,35,39,170,300,132,615,19,37,106,62,30,10,237,2271,854,68,101,22,587,484,180,160,361,1,1029,1417,11848,72,645,9,27,232,213,2365,16,106,78,27,21,175,8,2,1,14,20,1,1,5,143,65,110,1,47,27,2,10,7,19,6,3,1,0,20,1,0,3,60,32,2,0,17,109,13,5,25,1,4,1,0,39,34,5,16,12
89,63,26,7156,41,32,3756,1471,808,1280,100,104,168,2895,2634,29970,533,920,4765,838,926,674,42,126,325,61,50,10,145,730,13779,80,169,20,3068,7371,438,265,530,6,734,716,7348,102,635,8,11,186,136,172,18,74,79,14,8,141,10,5,14,43,53,4,2,3,178,103,265,6,286,53,17,20,19,38,45,11,3,5,43,5,2,15,110,67,14,2,92,266,87,7,65,1,7,1,1,27,41,20,91,55
0,1,0,14,1,0,5,4346,1438,259,147,3315,4208,61,35,533,6863,2584,2001,106,5095,172,184,19,82,7,15,2,5,96,2102,151,834,8,31,183,170,7,16,4,53,167,441,11,318,9,52,0,2,103,0,1,2,0,1,3,1,15,24,104,24,3,1,1,1,2,14,1,45,7,8,6,13,17,9,0,4,1,1,0,0,4,6,6,9,0,32,21,6,2,2,0,4,0,0,1,0,1,5,10
0,0,0,9,0,0,3,7129,178,37,43,101,678,55,39,920,2584,3889,3708,83,577,64,11,4,14,5,3,0,3,54,2851,37,209,1,10,97,51,9,8,0,16,55,278,3,295,0,8,1,2,25,0,0,5,0,0,2,0,4,6,31,17,2,2,0,1,3,2,4,37,5,7,5,7,4,5,0,1,0,0,1,0,4,5,2,1,0,13,9,2,3,3,0,1,0,0,0,1,0,9,7
4,2,2,79,5,3,42,6490,8703,1291,403,564,511,308,170,4765,2001,3708,16883,1940,2402,776,86,1201,953,55,146,8,41,338,4469,104,313,24,157,5766,1381,273,279,5,258,351,1082,195,506,13,45,6,7,216,6,9,72,6,2,57,17,40,91,312,188,22,11,6,81,97,304,29,1254,68,105,54,119,71,196,7,9,2,40,29,4,22,137,77,35,3,433,474,137,23,104,2,25,5,4,3,14,28,162,193
7,2,2,105,1,1,31,3674,6574,142,64,506,872,567,300,838,106,83,1940,23147,209,427,416,62,4292,259,479,13,28,312,1377,237,2607,78,114,526,283,4891,46,12,97,136,1104,869,5164,15,106,7,22,47,1,2,15,1,0,9,298,114,12,715,8,7,74,134,9,38,30,14,81,1126,13,74,31,886,16,21,42,0,4,3,3,343,26,24,261,3,28,27,26,144,9,3,105,0,7,3,0,2,18,16
5,4,2,62,0,1,39,1139,943,3987,588,6397,1550,212,132,926,5095,577,2402,209,16619,540,366,43,152,39,41,15,40,715,3959,673,1403,20,166,725,571,38,304,3,536,2364,4115,57,1103,25,218,14,6,3535,3,2,19,1,0,23,6,15,19,119,63,6,8,1,19,29,93,12,287,18,37,21,35,35,56,2,5,1,8,4,1,11,41,23,18,0,153,146,43,10,36,3,13,2,2,1,3,13,51,64
200,320,195,993,56,29,440,2234,1217,3914,3466,3014,475,660,615,674,172,64,776,427,540,19867,6353,39,314,100,120,529,2459,697,267,216,723,192,217,368,206,80,293,89,15860,1633,623,554,294,4749,1066,24,33,211,4,10,19,4,2,26,7,5,8,63,24,3,3,3,39,24,94,1,124,30,8,12,18,35,16,16,14,4,12,3,7,19,39,31,16,3,58,98,38,9,37,19,48,1,6,6,9,3,30,41
3,1,3,6,2,3,6,253,343,625,2124,3496,317,33,19,42,184,11,86,416,366,6353,7586,36,1501,294,429,712,310,81,44,617,4717,194,16,69,43,312,43,103,246,214,79,1316,524,4765,2562,13,6,51,0,0,0,0,0,1,4,3,2,24,2,0,8,4,2,1,4,3,9,42,2,28,6,163,7,69,71,11,3,0,17,40,8,1,80,11,10,5,8,92,3,68,223,5,15,2,0,0,3,5
5,3,2,67,3,34,90,49,10384,44,12,51,10,65,37,126,19,4,1201,62,43,39,36,5475,1304,28,1610,20,5,16,12,43,104,36,362,5377,3826,53,6656,176,26,26,51,400,54,6,46,126,36,6,0,2,11,0,0,7,12,13,18,133,28,7,1,6,10,10,37,10,112,37,14,13,30,60,17,7,11,2,2,5,1,17,20,11,19,1,110,52,18,17,11,1,32,0,3,1,3,4,24,19
5,4,4,103,18,45,60,269,6277,174,40,789,350,235,106,325,82,14,953,4292,152,314,1501,1304,10804,611,9644,64,31,143,188,822,4059,352,205,1334,766,1762,819,95,105,227,250,5439,2437,73,416,123,48,77,7,1,16,0,1,8,238,71,11,618,19,7,158,164,37,62,55,16,111,1380,19,197,88,2514,50,142,320,8,9,2,23,655,61,33,853,27,38,36,48,736,10,34,723,4,22,6,5,2,35,38
5,0,1,19,2,9,10,41,61,26,3,15,18,139,62,61,7,5,55,259,39,100,294,28,611,14498,461,159,22,101,104,10375,183,4925,15,73,43,4344,85,148,38,38,185,9916,2278,126,1464,33,13,12,0,0,1,0,0,0,1,7,0,18,4,1,12,3,1,6,2,1,8,12,7,59,13,120,4,303,319,32,3,0,64,87,8,2,65,54,6,9,1,149,2,139,743,6,60,4,0,0,6,5
1,1,3,21,27,127,31,34,2373,55,8,169,51,43,30,50,15,3,146,479,41,120,429,1610,9644,461,16021,1275,29,48,34,586,1120,613,73,445,867,548,2158,7170,34,57,72,7504,950,136,663,555,112,18,0,0,3,0,1,5,21,12,3,84,8,3,41,19,6,25,16,3,33,126,6,124,31,580,14,309,605,41,3,2,46,203,18,13,194,61,15,18,15,385,7,123,929,11,48,4,1,1,9,8
2,3,1,7,5,15,3,28,45,43,15,14,6,44,10,10,2,0,8,13,15,529,712,20,64,159,1275,40477,1065,124,6,241,67,9123,1,18,490,48,205,10645,389,44,27,1115,97,11076,4768,111,20,12,0,1,0,0,0,1,0,1,0,3,0,0,3,0,0,1,3,1,2,0,0,38,4,18,0,106,109,275,8,1,59,5,5,0,11,200,8,0,0,18,7,1160,368,49,88,4,0,2,1,1
403,86,274,256,446,170,97,26,15,88,6,20,28,3152,237,145,5,3,41,28,40,2459,310,5,31,22,29,1065,97268,9865,42,80,61,178,75,79,120,21,137,103,24860,393,223,82,169,1829,379,50,6627,64,2,7,12,4,1,17,0,0,1,4,9,1,1,1,30,8,40,1,53,3,0,3,4,9,10,5,3,1,5,2,0,0,26,14,2,1,18,51,15,1,18,7,12,0,1,3,4,3,16,17
565,275,457,793,298,80,221,293,94,375,5,137,468,26100,2271,730,96,54,338,312,715,697,81,16,143,101,48,124,9865,47693,714,839,660,92,317,459,611,132,638,18,15934,4159,6025,119,2552,189,287,77,645,1794,8,23,48,12,6,66,7,0,1,23,37,4,3,1,127,93,264,3,227,20,8,25,16,45,37,4,1,2,49,6,1,6,122,94,17,2,77,310,76,24,76,3,25,2,1,20,38,14,69,56
12,11,6,404,5,3,60,4311,385,409,39,201,1178,983,854,13779,2102,2851,4469,1377,3959,267,44,12,188,104,34,6,42,714,14466,242,648,48,447,1647,325,285,245,3,259,448,12223,91,2432,10,48,13,20,255,1,5,19,3,1,28,11,6,6,44,28,9,5,3,29,25,95,4,151,44,15,12,20,44,27,4,5,1,14,2,1,12,42,30,15,0,71,138,34,13,29,1,13,0,3,2,4,2,42,33
2,2,1,21,5,3,9,179,304,628,34,430,181,369,68,80,151,37,104,237,673,216,617,43,822,10375,586,241,80,839,242,14169,6492,5640,14,77,117,937,112,336,439,1209,587,5144,5057,217,6640,35,13,377,0,0,1,1,0,2,8,6,1,34,10,3,10,3,3,9,8,3,18,37,4,76,7,147,4,238,205,24,3,0,55,75,12,2,87,55,19,7,7,121,8,223,648,9,70,2,3,1,3,6
6,4,3,34,3,4,10,1199,1192,874,369,6001,5486,329,101,169,834,209,313,2607,1403,723,4717,104,4059,183,1120,67,61,660,648,6492,13705,131,40,173,126,563,113,27,292,982,761,1141,7436,248,2244,15,9,367,0,0,6,0,1,0,69,21,12,195,8,3,57,37,6,19,15,12,66,600,11,65,23,831,16,51,84,2,4,4,6,189,18,17,359,12,22,18,24,249,0,6,231,3,6,0,1,0,11,13
0,3,1,16,4,10,2,32,86,45,6,16,4,88,22,20,8,1,24,78,20,192,194,36,352,4925,613,9123,178,92,48,5640,131,26174,7,37,149,583,134,8393,112,59,80,11348,536,2130,10657,56,8,19,0,0,1,0,1,1,1,3,0,8,5,1,5,0,1,0,1,0,5,6,3,89,6,54,2,265,184,94,4,0,120,31,12,2,23,308,1,4,3,42,5,986,695,68,202,1,0,5,4,3
115,105,84,1470,71,367,3554,65,324,422,14,31,22,1239,587,3068,31,10,157,114,166,217,16,362,205,15,73,1,75,317,447,14,40,7,3316,3886,509,33,4723,15,243,229,751,71,55,3,11,3170,216,72,30,177,156,54,28,309,4,5,17,23,40,0,0,0,269,145,290,2,154,15,14,26,14,17,20,3,2,1,52,4,0,4,127,106,3,1,59,260,57,11,105,0,11,3,0,75,55,14,49,34
11,15,5,598,13,23,416,380,3265,943,73,181,86,691,484,7371,183,97,5766,526,725,368,69,5377,1334,73,445,18,79,459,1647,77,173,37,3886,21388,4018,227,7484,64,396,428,1781,383,246,6,44,109,47,229,9,33,84,9,8,79,18,23,54,212,183,22,9,7,188,152,583,25,1128,42,69,80,100,67,155,8,19,2,73,20,5,17,317,181,35,6,641,824,189,32,222,3,37,1,3,22,46,34,217,223
16,19,15,194,29,130,243,690,8623,654,56,264,212,522,180,438,170,51,1381,283,571,206,43,3826,766,43,867,490,120,611,325,117,126,149,509,4018,3611,30,8971,902,465,381,1155,272,116,32,166,1330,160,267,10,22,35,3,8,48,27,156,54,1349,65,27,14,17,66,61,136,38,327,66,56,32,201,121,65,7,20,4,27,5,2,27,74,47,20,4,239,322,73,23,105,11,39,2,3,15,10,18,46,79
1,2,1,77,2,3,22,131,228,40,6,51,36,350,160,265,7,9,273,4891,38,80,312,53,1762,4344,548,48,21,132,285,937,563,583,33,227,30,10337,99,45,43,50,424,12904,3454,34,342,20,16,17,0,0,3,2,0,4,2,8,1,49,6,1,39,9,9,27,12,10,35,79,9,99,20,515,15,174,358,6,5,1,20,149,40,10,295,36,8,17,13,411,8,21,565,6,20,0,1,2,14,14
85,81,78,601,165,1129,3707,38,619,498,13,54,23,1182,361,530,16,8,279,46,304,293,43,6656,819,85,2158,205,137,638,245,112,113,134,4723,7484,8971,99,40328,1049,417,318,941,854,111,35,124,10992,646,170,44,170,202,30,33,347,3,5,17,46,94,5,3,4,471,254,646,5,414,18,17,45,33,37,40,20,14,3,107,9,3,11,343,180,16,2,180,614,106,22,161,9,47,10,4,88,95,23,167,83
2,1,0,4,6,42,4,8,27,19,2,3,2,12,1,6,4,0,5,12,3,89,103,176,95,148,7170,10645,103,18,3,336,27,8393,15,64,902,45,1049,33071,51,5,15,11110,38,2073,1729,364,44,3,1,3,1,0,0,2,2,2,2,6,5,2,5,4,4,3,6,0,5,2,7,241,14,90,3,522,585,655,31,0,317,43,24,1,13,836,23,13,2,47,28,4712,1739,215,487,16,5,7,5,5
397,372,333,1243,152,44,436,90,68,9021,57,279,127,1731,1029,734,53,16,258,97,536,15860,246,26,105,38,34,389,24860,15934,259,439,292,112,243,396,465,43,417,51,48837,9847,1690,104,651,912,415,37,92,795,2,11,34,7,4,40,2,1,7,12,44,4,1,1,55,43,197,3,269,10,11,17,11,22,40,4,1,2,21,4,2,4,72,50,16,1,122,253,65,8,65,5,14,1,2,8,16,9,71,57
75,143,64,762,12,13,312,135,122,9383,147,843,372,1190,1417,716,167,55,351,136,2364,1633,214,26,227,38,57,44,393,4159,448,1209,982,59,229,428,381,50,318,5,9847,19327,5942,89,1276,51,420,26,21,9644,4,9,28,2,3,16,1,5,10,21,45,2,5,1,23,31,94,1,231,12,14,22,14,58,22,6,9,3,21,3,0,11,54,29,33,2,146,135,36,25,43,2,12,2,1,8,8,8,43,35
26,12,10,788,15,18,157,1245,322,1775,51,334,762,4840,11848,7348,441,278,1082,1104,4115,623,79,51,250,185,72,27,223,6025,12223,587,761,80,751,1781,1155,424,941,15,1690,5942,37096,180,3028,17,137,76,55,10811,15,12,54,1,4,53,11,7,14,51,82,2,3,8,115,73,395,3,393,58,13,41,24,58,41,6,5,5,44,5,1,13,168,90,32,4,142,383,91,21,85,0,30,3,0,11,34,23,121,75
3,2,2,43,8,52,32,74,401,133,15,98,44,175,72,102,11,3,195,869,57,554,1316,400,5439,9916,7504,1115,82,119,91,5144,1141,11348,71,383,272,12904,854,11110,104,89,180,58300,2300,763,4706,224,65,31,0,1,3,0,2,4,10,8,8,73,15,9,33,13,13,31,12,5,45,71,10,306,45,571,27,1237,1295,142,13,1,291,260,40,15,257,217,14,28,20,519,25,823,2865,31,256,15,4,4,27,22
14,10,10,131,9,3,27,1016,524,343,30,286,506,2362,645,635,318,295,506,5164,1103,294,524,54,2437,2278,950,97,169,2552,2432,5057,7436,536,55,246,116,3454,111,38,651,1276,3028,2300,10898,81,830,14,58,547,0,0,13,0,3,6,27,20,4,140,7,2,82,21,26,54,23,11,67,257,13,113,40,1143,29,131,237,5,7,2,30,232,49,25,631,22,23,36,31,602,11,24,574,5,21,2,2,1,22,11
5,0,1,10,7,3,5,58,54,87,80,120,14,45,9,8,9,0,13,15,25,4749,4765,6,73,126,136,11076,1829,189,10,217,248,2130,3,6,32,34,35,2073,912,51,17,763,81,13384,9480,11,6,6,0,0,0,0,0,0,0,0,1,2,0,0,0,0,1,0,3,0,3,2,0,9,0,10,1,48,34,25,2,0,16,6,2,0,4,59,2,1,1,5,0,222,106,12,20,0,0,0,0,2
6,1,1,18,6,9,6,171,237,565,79,224,57,110,27,11,52,8,45,106,218,1066,2562,46,416,1464,663,4768,379,287,48,6640,2244,10657,11,44,166,342,124,1729,415,420,137,4706,830,9480,19607,59,12,103,0,0,0,1,0,0,2,3,1,22,7,0,5,0,2,0,1,1,12,5,1,84,8,82,3,284,204,60,3,0,122,44,11,0,38,171,3,5,4,64,9,610,790,25,134,3,0,1,7,4
124,162,393,671,959,5158,3643,4,24,38,0,3,0,409,232,186,0,1,6,7,14,24,13,126,123,33,555,111,50,77,13,35,15,56,3170,109,1330,20,10992,364,37,26,76,224,14,11,59,6471,1034,9,36,364,97,186,108,610,0,1,0,5,9,0,0,0,152,30,50,0,9,1,0,6,1,5,2,3,5,1,4,0,0,1,25,19,2,2,1,59,0,1,22,6,3,0,0,152,21,6,13,1
1162,60,330,282,3855,2415,324,9,10,17,0,1,6,10254,213,136,2,2,7,22,6,33,6,36,48,13,112,20,6627,645,20,13,9,8,216,47,160,16,646,44,92,21,55,65,58,6,12,1034,13481,8,11,42,16,12,25,68,1,0,2,3,4,0,0,0,36,19,35,0,7,0,0,2,0,0,0,0,3,0,10,1,0,0,15,13,2,0,0,14,2,0,8,1,5,0,0,14,9,4,2,1
1,6,7,71,2,3,51,71,52,5287,40,342,213,949,2365,172,103,25,216,47,3535,211,51,6,77,12,18,12,64,1794,255,377,367,19,72,229,267,17,170,3,795,9644,10811,31,547,6,103,9,8,11137,3,1,8,0,0,12,2,0,7,9,11,1,0,1,8,11,48,5,119,6,8,9,17,13,8,1,1,0,10,2,1,6,33,13,10,0,80,76,15,7,13,0,4,1,1,1,6,3,24,13
9,11,157,38,9,27,64,1,4,4,0,0,0,36,16,18,0,0,6,1,3,4,0,0,7,0,0,0,2,8,1,0,0,0,30,9,10,0,44,1,2,4,15,0,0,0,0,36,11,3,25133,14627,900,9545,5225,1292,2,3,1,6,71,2,0,0,15251,81,106,0,17,15,5,140,1,10,6,6,2,23,743,0,7,4,735,17,16,18,33,108,7,25,59,6,22,20,3,231,9484,105,254,14
50,85,618,350,31,192,630,0,9,7,0,1,0,219,106,74,1,0,9,2,2,10,0,2,1,0,0,1,7,23,5,0,0,0,177,33,22,0,170,3,11,9,12,1,0,0,0,364,42,1,14627,60937,6339,15906,1326,6730,2,3,2,11,449,3,3,1,10120,120,129,5,43,6,6,433,9,16,10,18,6,34,662,2,9,12,1166,17,26,18,107,118,12,14,71,9,39,27,9,438,1619,378,1331,84
28,44,38,146,23,42,265,11,41,26,1,2,7,175,78,79,2,5,72,15,19,19,0,11,16,1,3,0,12,48,19,1,6,1,156,84,35,3,202,1,34,28,54,3,13,0,0,97,16,8,900,6339,25234,241,245,11975,13,84,38,221,757,30,27,27,7984,4039,6722,28,362,269,63,275,42,163,68,91,25,16,286,22,10,70,520,1204,157,22,250,716,79,327,228,5,251,14,8,337,686,198,1661,278
23,33,3455,175,23,741,516,0,0,4,0,0,0,71,27,14,0,0,6,1,1,4,0,0,0,0,0,0,4,12,3,1,0,0,54,9,3,2,30,0,7,2,1,0,0,0,1,186,12,0,9545,15906,241,47857,17261,17609,1,1,0,5,87,1,0,0,875,15,50,0,13,3,1,140,2,3,1,7,1,11,400,0,2,3,617,4,5,15,34,68,4,7,24,5,11,18,4,777,1251,116,263,12
13,13,75,98,20,286,308,1,0,0,0,0,0,37,21,8,1,0,2,0,0,2,0,0,1,0,1,0,1,6,1,0,1,1,28,8,8,0,33,0,4,3,4,2,3,0,0,108,25,0,5225,1326,245,17261,15253,8860,0,2,1,2,38,2,2,0,203,33,154,1,9,4,1,16,42,86,3,10,51,19,59,0,0,7,57,16,1,7,162,827,7,10,759,48,55,6,4,3193,4376,21,52,9
100,107,455,549,189,1436,1981,6,25,32,2,1,0,404,175,141,3,2,57,9,23,26,1,7,8,0,5,1,17,66,28,2,0,1,309,79,48,4,347,2,40,16,53,4,6,0,0,610,68,12,1292,6730,11975,17609,8860,28449,4,21,6,117,770,14,8,12,2011,316,4773,5,212,64,25,331,91,104,55,45,25,14,183,8,13,35,434,96,58,16,424,2506,54,84,1057,16,107,16,11,2140,404,246,1777,269
0,0,0,1,1,0,0,129,601,2,0,14,51,5,8,10,1,0,17,298,6,7,4,12,238,1,21,0,0,7,11,8,69,1,4,18,27,2,3,2,2,1,11,10,27,0,2,0,1,2,2,2,13,1,0,4,3805,5669,341,412,25,105,137,3042,55,338,194,753,317,2898,38,247,2,185,158,22,12,5,18,182,11,2153,112,398,621,5,124,7,120,90,2,1,34,4,5,0,11,1,15,15
1,0,0,2,0,0,2,167,590,6,1,11,47,2,2,5,15,4,40,114,15,5,3,13,71,7,12,1,0,0,6,6,21,3,5,23,156,8,5,2,1,5,7,8,20,0,3,1,0,0,3,3,84,1,2,21,5669,27548,3786,6494,152,1056,929,4104,183,623,540,6455,1449,2871,879,1640,33,374,286,74,28,13,34,417,46,820,204,909,842,34,157,25,223,294,8,6,162,19,39,2,18,9,50,58
0,0,0,1,1,0,1,55,133,31,5,19,10,6,1,14,24,6,91,12,19,8,2,18,11,0,3,0,1,1,6,1,12,0,17,54,54,1,17,2,7,10,14,8,4,1,1,0,2,7,1,2,38,0,1,6,341,3786,5038,2618,417,724,140,208,66,199,879,4840,5482,564,780,670,39,103,461,51,6,2,14,1378,23,255,70,483,366,13,125,15,123,77,9,1,51,6,22,3,8,12,50,102
1,2,0,16,2,1,15,1000,3716,63,20,132,229,41,14,43,104,31,312,715,119,63,24,133,618,18,84,3,4,23,44,34,195,8,23,212,1349,49,46,6,12,21,51,73,140,2,22,5,3,9,6,11,221,5,2,117,412,6494,2618,52285,325,865,543,1090,122,154,853,1300,10227,4684,1063,1457,8249,7200,201,137,705,32,20,94,65,522,76,174,271,42,6131,635,86,355,95,64,579,29,68,15,26,14,93,127
0,1,4,15,4,1,21,36,91,64,6,16,5,44,20,53,24,17,188,8,63,24,2,28,19,4,8,0,9,37,28,10,8,5,40,183,65,6,94,5,44,45,82,15,7,0,7,9,4,11,71,449,757,87,38,770,25,152,417,325,27114,1340,577,133,349,295,1815,232,2449,75,2398,1946,161,107,339,157,57,81,356,120,144,296,359,326,83,99,554,548,165,101,273,11,269,130,182,79,62,10839,10394,6106
0,0,0,3,0,0,1,18,44,11,1,2,3,1,1,4,3,2,22,7,6,3,0,7,7,1,3,0,1,4,9,3,3,1,0,22,27,1,5,2,4,2,2,9,2,0,0,0,0,1,2,3,30,1,2,14,105,1056,724,865,1340,2968,4641,551,12,59,187,855,627,157,4698,3515,55,104,180,34,18,20,4,67,24,241,18,109,34,21,97,22,68,35,7,4,93,37,43,1,0,11,82,419
0,0,0,3,0,0,0,12,77,4,1,10,6,2,1,2,1,2,11,74,8,3,8,1,158,12,41,3,1,3,5,10,57,5,0,9,14,39,3,5,1,5,3,33,82,0,5,0,0,0,0,3,27,0,2,8,137,929,140,543,577,4641,15070,4689,22,105,73,2693,263,892,7685,5263,36,1773,673,293,105,54,8,179,329,8893,81,74,578,146,59,23,257,505,10,20,691,80,375,4,3,9,141,515
0,0,0,0,0,0,0,42,294,2,1,14,18,3,5,3,1,0,6,134,1,3,4,6,164,3,19,0,1,1,3,3,37,0,0,7,17,9,4,4,1,1,8,13,21,0,0,0,0,1,0,1,27,0,0,12,3042,4104,208,1090,133,551,4689,16625,27,129,77,6562,196,941,1660,666,13,494,448,82,35,9,6,202,74,3197,67,144,425,42,76,15,158,71,1,6,108,16,44,1,3,2,68,170
51,64,72,315,33,55,443,10,39,25,0,4,2,396,143,178,1,1,81,9,19,39,2,10,37,1,6,0,30,127,29,3,6,1,269,188,66,9,471,4,55,23,115,13,26,1,2,152,36,8,15251,10120,7984,875,203,2011,55,183,66,122,349,12,22,27,36901,11088,1904,93,194,321,47,270,30,142,100,351,29,48,4191,20,37,141,12384,1020,898,82,358,860,281,738,380,28,379,39,22,323,11569,222,1170,174
12,12,10,92,17,8,130,15,56,32,3,12,6,206,65,103,2,3,97,38,29,24,1,10,62,6,25,1,8,93,25,9,19,0,145,152,61,27,254,3,43,31,73,31,54,0,0,30,19,11,81,120,4039,15,33,316,338,623,199,154,295,59,105,129,11088,34295,3724,476,511,808,246,281,62,348,661,1073,57,44,510,137,192,844,9474,10095,3139,225,325,588,8379,1263,269,12,571,22,108,109,486,86,2456,3612
19,21,18,146,15,11,181,27,85,108,5,17,3,421,110,265,14,2,304,30,93,94,4,37,55,2,16,3,40,264,95,8,15,1,290,583,136,12,646,6,197,94,395,12,23,3,1,50,35,48,106,129,6722,50,154,4773,194,540,879,853,1815,187,73,77,1904,3724,31316,990,9011,893,437,499,345,357,1899,170,65,30,356,5489,37,206,1092,12702,553,26,675,4532,1079,422,680,21,316,21,29,524,361,239,1635,1036
0,0,0,0,0,0,2,23,80,9,2,2,5,0,1,6,1,4,29,14,12,1,3,10,16,1,3,1,1,3,4,3,12,0,2,25,38,10,5,0,3,1,3,5,11,0,1,0,0,5,0,5,28,0,1,5,753,6455,4840,1300,232,855,2693,6562,93,476,990,11015,2258,387,7729,543,39,127,1932,103,21,7,17,5176,67,1142,161,953,712,40,110,27,508,88,8,6,85,6,70,0,6,7,114,268
5,5,7,50,3,4,48,144,446,333,11,58,28,155,47,286,45,37,1254,81,287,124,9,112,111,8,33,2,53,227,151,18,66,5,154,1128,327,35,414,5,269,231,393,45,67,3,12,9,7,119,17,43,362,13,9,212,317,1449,5482,10227,2449,627,263,196,194,511,9011,2258,25939,2408,1521,939,5263,1926,2314,254,334,38,120,3444,69,542,582,830,514,75,2207,8911,801,686,579,55,972,19,80,52,46,100,1016,1416
1,0,0,17,1,0,9,183,1533,21,2,89,158,46,27,53,7,5,68,1126,18,30,42,37,1380,12,126,0,3,20,44,37,600,6,15,42,66,79,18,2,10,12,58,71,257,2,5,1,0,6,15,6,269,3,4,64,2898,2871,564,4684,75,157,892,941,321,808,893,387,2408,19247,141,882,115,4153,299,133,117,13,59,202,51,2792,307,992,3885,35,272,113,295,4007,21,8,738,16,29,6,58,19,114,110
0,0,1,1,0,0,0,30,69,23,3,9,2,8,2,17,8,7,105,13,37,8,2,14,19,7,6,0,0,8,15,4,11,3,14,69,56,9,17,7,11,14,13,10,13,0,1,0,0,8,5,6,63,1,1,25,38,879,780,1063,2398,4698,7685,1660,47,246,437,7729,1521,141,20224,1288,103,217,6422,206,44,41,21,1829,196,909,213,227,254,97,383,111,768,108,35,9,263,45,207,3,8,17,428,4715
1,5,5,11,1,2,16,21,112,39,1,14,9,21,10,20,6,5,54,74,21,12,28,13,197,59,124,38,3,25,12,76,65,89,26,80,32,99,45,241,17,22,41,306,113,9,84,6,2,9,140,433,275,140,16,331,247,1640,670,1457,1946,3515,5263,666,270,281,499,543,939,882,1288,32081,159,1693,372,2060,998,2050,2969,96,1078,4774,1472,240,580,1460,199,246,317,1168,159,680,6067,5873,5550,74,57,2296,1692,653
3,0,0,6,1,0,3,71,203,50,5,14,14,13,7,19,13,7,119,31,35,18,6,30,88,13,31,4,4,16,20,7,23,6,14,100,201,20,33,14,11,14,24,45,40,0,8,1,0,17,1,9,42,2,42,91,2,33,39,8249,161,55,36,13,30,62,345,39,5263,115,103,159,9467,3250,133,104,697,32,12,13,25,123,50,33,39,35,3659,5789,55,67,2232,199,607,2,31,189,35,8,91,106
1,0,2,10,1,1,4,114,998,21,4,136,81,35,19,38,17,4,71,886,35,35,163,60,2514,120,580,18,9,45,44,147,831,54,17,67,121,515,37,90,22,58,58,571,1143,10,82,5,0,13,10,16,163,3,86,104,185,374,103,7200,107,104,1773,494,142,348,357,127,1926,4153,217,1693,3250,18012,304,540,8802,168,41,33,219,3198,282,167,986,227,1069,1272,408,1179,1286,1036,6275,54,244,553,91,20,254,319
1,0,2,9,1,0,7,18,45,57,1,7,1,21,6,45,9,5,196,16,56,16,7,17,50,4,14,0,10,37,27,4,16,2,20,155,65,15,40,3,40,22,41,27,29,1,3,2,0,8,6,10,68,1,3,55,158,286,461,201,339,180,673,448,100,661,1899,1932,2314,299,6422,372,133,304,13573,623,44,15,41,7618,301,1524,564,4294,1375,153,651,288,5174,343,151,9,260,20,183,25,12,18,526,4168
1,1,1,1,0,0,1,5,33,7,1,6,2,5,3,11,0,0,7,21,2,16,69,7,142,303,309,106,5,4,4,238,51,265,3,8,7,174,20,522,4,6,6,1237,131,48,284,3,0,1,6,18,91,7,10,45,22,74,51,137,157,34,293,82,351,1073,170,103,254,133,206,2060,104,540,623,33718,1138,371,219,53,7826,3233,1393,339,5158,10795,54,107,721,8595,102,552,13599,268,2026,65,52,66,560,478
0,2,0,2,0,1,4,5,51,4,0,15,3,10,1,3,4,1,9,42,5,14,71,11,320,319,605,109,3,1,5,205,84,184,2,19,20,358,14,585,1,9,5,1295,237,34,204,5,3,1,2,6,25,1,51,25,12,28,6,705,57,18,105,35,29,57,65,21,334,117,44,998,697,8802,44,1138,10035,1102,42,5,291,904,69,22,318,475,657,407,57,482,1027,7128,11443,75,377,493,75,9,65,52
0,0,1,1,1,0,1,1,3,2,0,1,0,1,0,5,1,0,2,0,1,4,11,2,8,32,41,275,1,2,1,24,2,94,1,2,4,6,3,655,2,3,5,142,5,25,60,1,0,0,23,34,16,11,19,14,5,13,2,32,81,20,54,9,48,44,30,7,38,13,41,2050,32,168,15,371,1102,41954,3408,2,295,135,652,18,57,8123,152,43,41,76,142,18084,1966,14120,1846,100,58,468,185,91
3,8,15,21,2,2,39,1,8,15,0,4,2,66,20,43,1,0,40,4,8,12,3,2,9,3,3,8,5,49,14,3,4,4,52,73,27,5,107,31,21,21,44,13,7,2,3,4,10,10,743,662,286,400,59,183,18,34,14,20,356,4,8,6,4191,510,356,17,120,59,21,2969,12,41,41,219,42,3408,113331,10,74,77,35547,157,251,794,144,282,71,165,134,287,255,1725,250,66,13759,9795,1750,89
0,0,0,3,0,0,1,3,11,3,0,1,0,4,1,5,0,1,29,3,4,3,0,5,2,0,2,1,2,6,2,0,4,0,4,20,5,1,9,0,4,3,5,1,2,0,0,0,1,2,0,2,22,0,0,8,182,417,1378,94,120,67,179,202,20,137,5489,5176,3444,202,1829,96,13,33,7618,53,5,2,10,11220,35,253,39,3631,338,14,40,24,675,81,8,0,52,3,14,1,1,3,48,57
0,0,0,0,0,0,1,3,2,3,1,1,0,0,0,2,0,0,4,3,1,7,17,1,23,64,46,59,0,1,1,55,6,120,0,5,2,20,3,317,2,0,1,291,30,16,122,0,0,1,7,9,10,2,0,13,11,46,23,65,144,24,329,74,37,192,37,67,69,51,196,1078,25,219,301,7826,291,295,74,35,16803,4051,281,39,2050,7439,25,13,357,367,27,661,3276,289,8625,14,5,17,202,335
0,0,0,3,0,0,1,31,304,9,0,43,24,17,3,15,4,4,22,343,11,19,40,17,655,87,203,5,0,6,12,75,189,31,4,17,27,149,11,43,4,11,13,260,232,6,44,1,0,6,4,12,70,3,7,35,2153,820,255,522,296,241,8893,3197,141,844,206,1142,542,2792,909,4774,123,3198,1524,3233,904,135,77,253,4051,28220,701,334,13411,816,140,129,1192,2537,51,97,4706,190,4533,37,26,19,394,712
9,12,25,71,9,3,99,15,34,58,0,6,2,195,60,110,6,5,137,26,41,39,8,20,61,8,18,5,26,122,42,12,18,12,127,317,74,40,343,24,72,54,168,40,49,2,11,25,15,33,735,1166,520,617,57,434,112,204,70,76,359,18,81,67,12384,9474,1092,161,582,307,213,1472,50,282,564,1393,69,652,35547,39,281,701,58629,761,2094,674,455,740,1700,630,403,163,617,650,291,132,2490,4430,11751,2177
7,4,4,39,7,3,53,15,63,31,1,2,5,141,32,67,6,2,77,24,23,31,1,11,33,2,13,0,14,94,30,2,17,2,106,181,47,10,180,1,50,29,90,15,25,0,0,19,13,13,17,17,1204,4,16,96,398,909,483,174,326,109,74,144,1020,10095,12702,953,830,992,227,240,33,167,4294,339,22,18,157,3631,39,334,761,17916,1685,47,358,378,5585,1024,241,11,451,9,20,99,109,39,478,275
1,2,0,1,0,0,4,21,111,27,4,52,16,11,2,14,9,1,35,261,18,16,80,19,853,65,194,11,2,17,15,87,359,23,3,35,20,295,16,13,16,33,32,257,631,4,38,2,2,10,16,26,157,5,1,58,621,842,366,271,83,34,578,425,898,3139,553,712,514,3885,254,580,39,986,1375,5158,318,57,251,338,2050,13411,2094,1685,6783,543,67,47,1522,7011,25,43,1555,38,556,12,79,55,482,519
0,0,0,0,0,0,2,1,4,1,0,0,0,2,0,2,0,0,3,3,0,3,11,1,27,54,61,200,1,2,0,55,12,308,1,6,4,36,2,836,1,2,4,217,22,59,171,2,0,0,18,18,22,15,7,16,5,34,13,42,99,21,146,42,82,225,26,40,75,35,97,1460,35,227,153,10795,475,8123,794,14,7439,816,674,47,543,32548,38,36,209,464,41,6150,6355,5755,5846,26,32,168,281,218
1,2,1,27,2,1,35,60,210,211,3,34,24,58,17,92,32,13,433,28,153,58,10,110,38,6,15,8,18,77,71,19,22,1,59,641,239,8,180,23,122,146,142,14,23,2,3,1,0,80,33,107,250,34,162,424,124,157,125,6131,554,97,59,76,358,325,675,110,2207,272,383,199,3659,1069,651,54,657,152,144,40,25,140,455,358,67,38,4864,4362,604,40,6825,466,257,17,24,1574,171,88,418,651
11,19,14,145,24,14,166,36,96,209,5,21,3,356,109,266,21,9,474,27,146,98,5,52,36,9,18,0,51,310,138,7,18,4,260,824,322,17,614,13,253,135,383,28,36,1,5,59,14,76,108,118,716,68,827,2506,7,25,15,635,548,22,23,15,860,588,4532,27,8911,113,111,246,5789,1272,288,107,407,43,282,24,13,129,740,378,47,36,4362,15790,385,148,11840,147,573,16,33,3004,404,113,667,414
2,1,0,10,2,0,13,17,25,50,1,8,4,62,13,87,6,2,137,26,43,38,8,18,48,1,15,0,15,76,34,7,24,3,57,189,73,13,106,2,65,36,91,20,31,1,4,0,2,15,7,12,79,4,7,54,120,223,123,86,165,68,257,158,281,8379,1079,508,801,295,768,317,55,408,5174,721,57,41,71,675,357,1192,1700,5585,1522,209,604,385,19221,349,303,16,365,33,188,61,21,24,1956,10218
0,0,0,7,0,0,3,21,64,15,1,33,6,11,5,7,2,3,23,144,10,9,92,17,736,149,385,18,1,24,13,121,249,42,11,32,23,411,22,47,8,25,21,519,602,5,64,1,0,7,25,14,327,7,10,84,90,294,77,355,101,35,505,71,738,1263,422,88,686,4007,108,1168,67,1179,343,8595,482,76,165,81,367,2537,630,1024,7011,464,40,148,349,19787,82,79,11082,52,305,60,131,27,187,176
2,5,7,51,8,7,62,11,16,32,3,4,0,105,25,65,2,3,104,9,36,37,3,11,10,2,7,7,18,76,29,8,0,5,105,222,105,8,161,28,65,43,85,25,11,0,9,22,8,13,59,71,228,24,759,1057,2,8,9,95,273,7,10,1,380,269,680,8,579,21,35,159,2232,1286,151,102,1027,142,134,8,27,51,403,241,25,41,6825,11840,303,82,15709,609,640,12,30,7046,406,66,313,208
0,0,1,0,0,0,0,2,5,3,0,1,0,5,1,1,0,0,2,3,3,19,68,1,34,139,123,1160,7,3,1,223,6,986,0,3,11,21,9,4712,5,2,0,823,24,222,610,6,1,0,6,9,5,5,48,16,1,6,1,64,11,4,20,6,28,12,21,6,55,8,9,680,199,1036,9,552,7128,18084,287,0,661,97,163,11,43,6150,466,147,16,79,609,38706,13702,1389,1472,355,58,50,66,22
1,1,0,13,0,1,5,25,107,20,2,21,8,19,4,7,4,1,25,105,13,48,223,32,723,743,929,368,12,25,13,648,231,695,11,37,39,565,47,1739,14,12,30,2865,574,106,790,3,5,4,22,39,251,11,55,107,34,162,51,579,269,93,691,108,379,571,316,85,972,738,263,6067,607,6275,260,13599,11443,1966,255,52,3276,4706,617,451,1555,6355,257,573,365,11082,640,13702,49813,776,3913,434,149,68,363,395
0,0,1,3,0,1,3,0,4,0,0,0,0,6,1,1,0,0,5,0,2,1,5,0,4,6,11,49,0,2,0,9,3,68,3,1,2,6,10,215,1,2,3,31,5,12,25,0,0,1,20,27,14,18,6,16,4,19,6,29,130,37,80,16,39,22,21,6,19,16,45,5873,2,54,20,268,75,14120,1725,3,289,190,650,9,38,5755,17,16,33,52,12,1389,776,16457,7257,7,36,388,272,80
0,0,0,1,0,0,0,4,8,0,0,2,0,2,0,1,0,0,4,7,2,6,15,3,22,60,48,88,1,1,3,70,6,202,0,3,3,20,4,487,2,1,0,256,21,20,134,0,0,1,3,9,8,4,4,11,5,39,22,68,182,43,375,44,22,108,29,70,80,29,207,5550,31,244,183,2026,377,1846,250,14,8625,4533,291,20,556,5846,24,33,188,305,30,1472,3913,7257,17326,19,16,67,193,248
17,32,46,117,10,76,222,1,3,7,0,0,0,93,39,27,1,0,3,3,1,6,2,1,6,4,4,4,3,20,2,2,0,1,75,22,15,0,88,16,8,8,11,15,2,0,3,152,14,1,231,438,337,777,3193,2140,0,2,3,15,79,1,4,1,323,109,524,0,52,6,3,74,189,553,25,65,493,100,66,1,14,37,132,99,12,26,1574,3004,61,60,7046,355,434,7,19,7167,985,24,111,45
9,9,33,55,4,22,69,2,10,13,1,2,0,76,34,41,0,1,14,0,3,9,0,3,5,0,1,0,4,38,4,3,1,0,55,46,10,1,95,5,16,8,34,4,2,0,0,21,9,6,9484,1619,686,1251,4376,404,11,18,8,26,62,0,3,3,11569,486,361,6,46,58,8,57,35,91,12,52,75,58,13759,1,5,26,2490,109,79,32,171,404,21,131,406,58,149,36,16,985,38646,58,139,29
0,0,3,4,0,1,8,2,9,11,0,0,0,21,5,20,1,0,28,2,13,3,0,4,2,0,1,2,3,14,2,1,0,5,14,34,18,2,23,7,9,8,23,4,1,0,1,6,4,3,105,378,198,116,21,246,1,9,12,14,10839,11,9,2,222,86,239,7,100,19,17,2296,8,20,18,66,9,468,9795,3,17,19,4430,39,55,168,88,113,24,27,66,50,68,388,67,24,58,29376,3927,110
5,3,6,21,1,6,32,19,45,69,4,8,2,71,16,91,5,9,162,18,51,30,3,24,35,6,9,1,16,69,42,3,11,4,49,217,46,14,167,5,71,43,121,27,22,0,7,13,2,24,254,1331,1661,263,52,1777,15,50,50,93,10394,82,141,68,1170,2456,1635,114,1016,114,428,1692,91,254,526,560,65,185,1750,48,202,394,11751,478,482,281,418,667,1956,187,313,66,363,272,193,111,139,3927,39673,9602
3,1,0,11,1,1,9,25,48,72,2,10,3,28,12,55,10,7,193,16,64,41,5,19,38,5,8,1,17,56,33,6,13,3,34,223,79,14,83,5,57,35,75,22,11,2,4,1,1,13,14,84,278,12,9,269,15,58,102,127,6106,419,515,170,174,3612,1036,268,1416,110,4715,653,106,319,4168,478,52,91,89,57,335,712,2177,275,519,218,651,414,10218,176,208,22,395,80,248,45,29,110,9602,10156
