1.0000000000000,0.7141696851714,0.6822572081189,0.5279433888274,0.8105347419403,0.5923986477251,0.6731661419208,0.4229428939039,0.4461995465284,0.7291802842653,0.2966715154423,0.5617067730775,0.5168127580754,0.4556635085908,0.3120334155077,0.1782511850512,0.3570964150803,0.4143269402927,0.1908956112336,0.3098194743113,0.2834500301937,0.4874702028699,0.2045593588746,0.2803099067075,0.0583646952898,0.0000161753393,0.1579447172090,0.2680397014687,0.2577525804680,0.3343742739026,0.1836188503129,0.1353377228710,0.2088462276351,-0.0726222607764,0.3190604840924,0.1642544709541,0.0800420100038,-0.1243018208496,-0.0890398404463,0.1435728227392,0.4463498652487,0.1960760439056,-0.2925632271819,-0.2774848053995,-0.2027182710229,0.2638532774431,0.2929616986525,0.2378784554092,0.2701617604322,0.0435703358796,0.7711618762490,0.5031042848359,0.5231373505254,0.6029442316397,0.6349739700182,0.5568863677610,0.4038494494121,0.3501504701593,0.4257662286844,0.4335913538641,0.6065001174471,0.3917148764451,0.3799513596275,0.4251420640891,0.6385561789851,-0.1527943875962,0.2625367586341,0.4251246784557,0.2992323880499,0.2586634985543,0.1568357448250,0.2994036175765,0.4147917289800,0.2177653280232,-0.3319014651196,-0.3030193940071,-0.0903722343892,0.2228390492409,0.2170037345892,0.2483621355340,0.0696651431863,0.2098662727818,-0.0380799078136,-0.4014134345087,-0.3532754054989,-0.0161874612098,0.1079246278291,0.2234532297998,-0.4174558440069,-0.2686241291063,-0.0448246049781,-0.0442751529177,-0.2667960237663,0.2537208696735,0.0170238054734,0.1290295925090,0.2811461063647,0.5204555366436,0.2856580648449,0.0334581822285
0.7141696851714,1.0000000000000,0.5188947420278,0.4291398255750,0.4428456738564,0.3070888507860,0.4967544683362,0.1793777547163,0.1159952186066,0.5869306985715,-0.0274898778700,0.2747172270365,0.1861402593743,0.5170140951095,-0.0771906849298,0.0648397834724,0.1004076711406,0.0808661447531,0.2485518837811,0.0573873743318,0.1377165263200,0.3418810910116,-0.0718567943891,0.0466865656311,-0.1210201062513,-0.1691939384459,-0.0337103587850,0.2531153516938,0.4294223709444,0.5969021734330,0.0252849668460,-0.1045833026468,-0.0436739078820,0.0306763206709,0.2184940722814,0.2235669769011,-0.0972648309889,-0.2932191224665,-0.1383510059657,0.0685625145527,0.4262774575219,0.1967761428891,-0.1581187212940,-0.2391403408785,-0.2252484058111,0.1723669374659,0.1600059396519,-0.0520252246137,0.2915443980552,0.0697864821135,0.3272808492034,0.6535163301843,0.4787636983112,0.3352173478312,0.3673263956805,0.5725505012642,0.1239049213573,0.2075566171080,0.1531436409884,0.1505172064125,0.4641664608100,0.0395654146694,0.0732179806960,0.1370027642093,0.6448881727520,0.0156534352187,0.2784420901531,0.1234074256963,0.2077952390212,-0.0785938299677,-0.0363890294926,0.0329659088635,0.1479030004910,-0.0700913003603,-0.3910606554691,-0.3742143168162,-0.1565520498821,0.2206932664621,0.4668022276068,-0.0453421402204,-0.1058250604602,0.0195958593087,0.2478043665750,-0.1679287327316,-0.4400118397938,0.1400747587804,-0.0466321866834,0.1560757626601,-0.1866758585896,-0.3442894521602,-0.1129300867049,0.0926036210986,-0.2001885564828,0.2140341331452,0.0438716970921,-0.1014026974937,0.3371964409020,0.4572324874576,0.1990392956791,0.0191711526567
0.6822572081189,0.5188947420278,1.0000000000000,0.5356128262244,0.7161131185789,0.7556170287954,0.6912282517687,0.4195184184431,0.4913953000210,0.6556988577130,0.4145102232931,0.4634349359417,0.4980702065135,0.2734986667985,0.2553037038175,0.2333045465360,0.3035071431393,0.3613299668140,0.1375213031861,0.3351901377002,0.1265567226350,0.3878873715448,0.1102081582036,0.2400132040411,0.0991741934059,-0.0976846726952,0.1649359114785,0.2309924994164,0.0687780497019,0.1909499564157,0.2177550221977,-0.0057873624865,0.1706995262246,-0.2330902125588,0.3022508653968,0.0864734318579,0.1324885650036,-0.0024774583816,0.0754765525585,0.1352387293838,0.3603227739143,0.2946574834211,-0.1074813534831,-0.1963146892315,-0.0822214851690,0.1700329196368,0.1711687226354,0.4144607454180,0.2450506976135,0.0841514576322,0.6883021744400,0.5141547595010,0.4870938115966,0.8384888137956,0.7074117756107,0.5470269967957,0.4406228326046,0.3497049666255,0.4911465708898,0.4942481548028,0.5196891952510,0.4697633578380,0.3691904077331,0.5113058310259,0.5256273390661,-0.0192225292947,0.2669240955115,0.4009503624295,0.2494474422594,0.2667631586660,-0.0005490852038,0.2026137779361,0.3725719760133,0.2073169987186,-0.3030147913315,-0.3175710931255,-0.0757036810412,0.2026502581614,0.0773951197160,0.2720270838363,-0.0975830942032,0.0729882314742,-0.0122824102652,-0.1501236073914,-0.3838156675418,-0.2150632828733,0.1129628010342,0.2868227271291,-0.2883916571447,-0.1099347460390,0.0844619875943,0.0249387542352,-0.1706849101063,0.2330187570277,-0.1073798857360,0.3341865634421,0.1743940951852,0.3922592502512,0.2803611003466,-0.1105287308612
0.5279433888274,0.4291398255750,0.5356128262244,1.0000000000000,0.6085102471551,0.5399059810125,0.8715429843414,0.4317162554302,0.4112100527897,0.4105376640343,0.3201744225816,0.2504710642179,0.3436200186772,-0.0669473572432,0.2945295506147,0.6314629696479,0.2669253628044,0.3309368700444,0.2434901605480,0.4507818480692,0.1385170736658,0.1190364977464,0.2341700896071,0.3347891067345,0.1327349814080,-0.0721262354827,-0.0244492723219,-0.2872117034338,-0.1188400046119,-0.0583284205296,0.3531035145466,-0.1616078264792,0.0896669471762,-0.0921976249240,0.4054403719354,0.3988765174658,0.0755206969987,-0.1371725989435,0.0764408611519,-0.0055291333941,0.0167673834173,0.0531151594314,0.2143299959110,-0.2473890630784,-0.0772709143632,-0.1745240273316,-0.3452776034565,0.1736887450269,-0.0568734376003,0.0472845213041,0.6012029266452,0.4532454146897,0.8276601494664,0.4874153743887,0.6366843042361,0.9040899325758,0.4364459303267,0.3914508196021,0.3833885809276,0.4087460503143,0.2669843942952,0.2988842701144,0.0569830769301,0.2328562810562,0.5385260859610,0.2952203688780,0.5152592768012,0.3222224302063,0.2973851228058,0.2240205564190,-0.1120035522803,0.0730824893128,0.2662871085761,-0.0259066761847,-0.4509018157874,-0.1469020834442,-0.2796930480450,-0.3965049409262,-0.2609548958531,0.1977026919848,-0.2903620865834,0.0804434572046,-0.0979863818493,-0.0210946551593,-0.4768987691687,-0.0193289335502,-0.0439249598483,0.4065436868573,-0.0288865649132,-0.3278364425545,0.0603164548151,0.0124165209747,-0.3654317045653,-0.1767514507026,-0.4543124809869,0.1330360271986,-0.0015165999244,0.1329265807817,0.0745584795006,-0.0402279295526
0.8105347419403,0.4428456738564,0.7161131185789,0.6085102471551,1.0000000000000,0.8035515162193,0.7787621332367,0.6139158176809,0.6204689995041,0.7083278460734,0.4518838949491,0.5167958441750,0.6126402084519,0.2138952599017,0.4774024682468,0.2974254115487,0.4913759536469,0.5350984312565,0.2174715486489,0.4841023132690,0.2974230933595,0.4091014188932,0.2689392011119,0.3420135887673,0.1971578549583,-0.0219748697219,0.2325802578801,0.1712343816289,0.0962708645754,0.1147561841085,0.2743224235490,0.0706136831262,0.3098603595347,-0.2128645327895,0.3355946394079,0.1163115425547,0.1470006476070,-0.0001540919694,-0.0272574166747,0.1320769521932,0.3677635716634,0.1135711380848,-0.2715686883097,-0.2967529214386,-0.0779797127695,0.1537430833694,0.1759984326051,0.4327503072532,0.2349699461494,-0.0355837813615,0.9028688349959,0.2976220998775,0.5658316846153,0.7141898088683,0.8416971094115,0.5770860761754,0.5909033761412,0.4972642330942,0.5744806348230,0.5881992030425,0.5373243881229,0.5561734873786,0.3837173096643,0.5363583690254,0.5250995227544,-0.1531220432059,0.2275981219743,0.5533877912399,0.3470774046948,0.3921967851981,0.1233190556477,0.2677240031002,0.4586956651639,0.2825858147397,-0.2919834690650,-0.2929384182892,-0.1368514036623,0.1066600348931,0.0190958641622,0.3263855794263,-0.0919901006576,0.2275562552055,-0.2749587517554,-0.4333721540320,-0.3610556322311,-0.2395267022889,0.0892496434957,0.2641677070450,-0.4552159659974,-0.1557467604092,-0.0028104250700,-0.1256355234454,-0.3337036067201,0.1349134289825,-0.1926990950586,0.3139777200067,0.2418711850607,0.4901632843840,0.1248028673708,-0.0850749061492
0.5923986477251,0.3070888507860,0.7556170287954,0.5399059810125,0.8035515162193,1.0000000000000,0.7678161852184,0.5188017646743,0.6388409363106,0.6929456883804,0.6079971974511,0.5552896375797,0.6666528995497,0.0929621094982,0.4434391470409,0.4034861639759,0.4603125136595,0.5563012102762,0.1360919731479,0.5143035289803,0.3033478908199,0.4462020218118,0.3394716651584,0.4452228358877,0.2355237257715,-0.0578337489937,0.2672316714875,0.0941392736410,-0.0358177598273,-0.0137987841530,0.4136323405872,0.1085835496070,0.4095736668720,-0.2713116276894,0.3736943677351,0.1982697167756,0.2638301189707,0.0620884516011,0.1358991408267,0.0679426084873,0.3056324776159,0.2636291365540,-0.1239022248537,-0.2364021404946,0.0264956657049,0.1897376538851,0.1372028646360,0.5992386771045,0.2165466686762,0.1601515989400,0.7306052984424,0.1455292561320,0.5794133153784,0.8864923072887,0.9186589515895,0.5739121061585,0.5416004945033,0.3592774274885,0.5316489303500,0.6071703810974,0.5616040841303,0.6446699754694,0.4613737669801,0.6327324255410,0.3654877977438,0.0383053858730,0.2981713639006,0.6056229011160,0.3095905739085,0.4678019348288,0.0907440749695,0.3479309310743,0.5563485624356,0.3473603748606,-0.3618786278743,-0.3381676800473,0.0388726977923,0.0451500785534,-0.1013920635312,0.4922959515743,-0.0359270322908,0.3142943263888,-0.1986208804590,-0.2311738184674,-0.3718781498085,-0.2954846168207,0.2238759414597,0.3264269161008,-0.3415710689047,-0.0297322322560,0.1656080924787,-0.0557395885401,-0.1831877044588,0.1473107176056,-0.1349043292809,0.4710439245212,0.1004722846500,0.4026415288323,0.2481458756457,0.0077421953409
0.6731661419208,0.4967544683362,0.6912282517687,0.8715429843414,0.7787621332367,0.7678161852184,1.0000000000000,0.5414978077107,0.5468399254594,0.6086103911552,0.3552263866311,0.4029876275241,0.5508701669663,0.0245872280790,0.3089491694161,0.5353672678917,0.3449414196471,0.4481726657935,0.2074509311448,0.4832056030347,0.1598362562066,0.2809464176222,0.1738583081870,0.3667507466782,0.1234877053974,-0.1582491471004,-0.0076015926161,-0.0934570578167,-0.0610368003438,0.0461623409231,0.3529985498668,-0.1296371845838,0.1365450583815,-0.2366107448962,0.5157651471464,0.3522310855091,0.1375907139369,-0.1350588492780,0.1144795972711,-0.0311190223265,0.1679385510487,0.1365925186835,0.0060078307592,-0.3353454574406,-0.1299962646233,-0.0714397003722,-0.1386992873516,0.3644127243994,0.0741889185336,0.0596588662412,0.7479268569200,0.3946508935778,0.8127359139123,0.6865902055967,0.8570098934493,0.9044004954250,0.5575493814233,0.4631002891143,0.5347071028485,0.5461053922035,0.4881623871448,0.4120739235107,0.2406767910264,0.4877811834323,0.5543954110884,0.1704844592669,0.5041951659718,0.4896864220165,0.3394719245428,0.3106103565508,-0.0497889426567,0.1274317397202,0.4132384426144,0.1217535994045,-0.5197694271432,-0.3180620540959,-0.2788709039214,-0.1567557518755,-0.1325516539241,0.3246346831457,-0.2713939430181,0.1163833564840,-0.1498682989183,-0.1780924846395,-0.5342307882136,-0.1865193065963,0.0921196366150,0.4863279230204,-0.2193740178767,-0.3030836179028,0.1248525721639,-0.1020308316499,-0.3820630235804,-0.0776783150848,-0.3293551184145,0.2819221065891,0.0457992740652,0.2754341960464,0.1606567414362,-0.0570942062081
0.4229428939039,0.1793777547163,0.4195184184431,0.4317162554302,0.6139158176809,0.5188017646743,0.5414978077107,1.0000000000000,0.7805381388044,0.6208740961079,0.3890746928231,0.5159125506686,0.6721014119766,0.1692165970523,0.5253727680053,0.3123110157557,0.4898248690901,0.5713135324826,0.5851529421309,0.7499889031893,0.2779413564434,0.3790427051245,0.2059164623394,0.3452191121914,0.4677278974197,0.1353186389701,0.2869358311575,0.2290765579019,0.1690179530756,0.1244874363034,0.1332165826483,-0.0117222373212,0.3180098551660,-0.3950070671877,0.1818352062928,0.0797401621792,0.0244125578749,0.1188648322905,-0.1952362309661,0.1510667817374,0.2770154179616,0.0119328798732,-0.2475784043841,-0.1029554216143,0.1508991654069,0.0191604231917,0.1084286384319,0.1980199266925,0.0718139514863,-0.1197631642104,0.6263468535756,-0.0254462301122,0.2499673201775,0.3964233521439,0.5245982900961,0.3426079359458,0.7811463922236,0.8748703281638,0.8020687507256,0.7933836984195,0.3150575859607,0.4734055685167,0.3453901896068,0.5599825502097,0.3103771112547,-0.3894459581364,0.1600419615911,0.5929362579149,0.6192811559545,0.5449709334657,0.1034849703961,0.2188533865720,0.4378597019117,0.4838137425236,0.0188083021168,-0.0938884483304,-0.1587453965087,0.0991859245513,0.0240051077064,0.2951171732078,-0.3123807538167,0.1827958552407,-0.4387838328279,-0.4077970138031,-0.1738335004029,-0.4621826541973,-0.0727081355281,0.0974935399444,-0.5283340376286,-0.0321470623477,-0.2113799115781,-0.2417158215702,-0.3332375095089,0.0165588968575,-0.3881851061248,0.0842739440074,0.0471993229205,0.2672947994059,-0.1368359309125,-0.3609195695186
0.4461995465284,0.1159952186066,0.4913953000210,0.4112100527897,0.6204689995041,0.6388409363106,0.5468399254594,0.7805381388044,1.0000000000000,0.6467706048339,0.6549375446201,0.6329259278963,0.7247186494150,0.1033063888411,0.5516885245633,0.4246360335024,0.5963751140364,0.7474945411442,0.4158634756214,0.7739534399175,0.4637523867756,0.4771448233046,0.4437243036077,0.6197497724987,0.6008165322463,0.1921249088866,0.4612281194435,0.1843990095160,0.0201039824686,-0.0501615486116,0.4012394159773,0.2061767815183,0.4842072650762,-0.3490087773267,0.2638860719322,0.2027659421305,0.2582544236488,0.2401827053911,0.0483908585002,0.1878120386796,0.3066189569468,0.1344693113751,-0.1819044825965,-0.0499371177956,0.1616920714868,0.1872142251000,0.2076027215952,0.4136481666131,0.1615146745306,0.0723922662153,0.6013177587123,-0.0479501367849,0.3426913983384,0.5543809563954,0.6078811490240,0.3411403894574,0.7012529291291,0.6055731646753,0.8174714193729,0.9591332129895,0.3925346051034,0.6838561678128,0.5132986854730,0.6285858974116,0.2012282808210,-0.2176019748497,0.2106388387120,0.7202441113802,0.6339091942068,0.7451577789965,0.2337944894601,0.4200928864318,0.7045002220436,0.6833267269687,-0.0334064528960,-0.1614396221871,0.1010863813926,0.0921357788374,-0.0989558362605,0.5590883165222,-0.0689851322535,0.3425061448378,-0.4197920839507,-0.3399257943139,-0.1632060112362,-0.4527798516355,0.1806734848983,0.2443357603895,-0.4299481202626,0.0963115908725,0.0521462044508,-0.1700248655645,-0.1296483612559,0.1380840921493,-0.2500895620488,0.3102892504100,-0.0101820224611,0.2438041730624,0.0229283834686,-0.1075106253969
0.7291802842653,0.5869306985715,0.6556988577130,0.4105376640343,0.7083278460734,0.6929456883804,0.6086103911552,0.6208740961079,0.6467706048339,1.0000000000000,0.5158420138167,0.8065220882666,0.6837448100840,0.4859248033584,0.4390868591266,0.2451032588835,0.5140698031500,0.5599918015260,0.4019309629785,0.5219403013909,0.4715217715274,0.7560613171839,0.3662025412975,0.4124627232736,0.3025626898392,0.0647215789141,0.4098130576422,0.3604724238251,0.3593367006813,0.3409821810933,0.2492206896243,0.2198740606176,0.4607782578881,-0.2123073948241,0.2541813901642,0.1956541004669,0.1250684667592,-0.0072156045585,-0.0778414699864,0.2419506678392,0.5450824915113,0.2473177713868,-0.2821860147916,-0.1880963803388,-0.0414144184830,0.3846188334250,0.3676539110799,0.2907122353285,0.3830217040711,0.1153420968797,0.6376202961344,0.3023456408421,0.3916080168478,0.6584007310238,0.6266946853885,0.4587182075034,0.5197661828984,0.5072966721886,0.6068398273543,0.6276363687955,0.7211306112436,0.5996056654500,0.5794770149416,0.5225739222538,0.5143031809861,-0.2814415237373,0.2440889647962,0.5930316398502,0.5106198690477,0.4410982207271,0.2673196075285,0.4760746175238,0.5688939486048,0.4529988722563,-0.1604406279250,-0.3173139682670,0.0564706138239,0.2473616681692,0.2312963310787,0.3773179628733,0.0112086704190,0.3652159171974,-0.1662540214550,-0.3757144201205,-0.3059083759970,-0.2321738755300,0.1200005338753,0.1797358955730,-0.5344682278806,-0.0944852806555,-0.0599148665636,-0.0723655363054,-0.2104708365296,0.3150249931822,-0.0788356579515,0.1721243747059,0.2681894606599,0.5759595491196,0.1935088815490,-0.0954081604573
0.2966715154423,-0.0274898778700,0.4145102232931,0.3201744225816,0.4518838949491,0.6079971974511,0.3552263866311,0.3890746928231,0.6549375446201,0.5158420138167,1.0000000000000,0.6430730858711,0.5883448323816,0.0125919649912,0.5107932864974,0.3714373876168,0.5286277374151,0.6649625241025,0.0890445522355,0.5343573830377,0.4402302198501,0.4488434428814,0.6675344391975,0.5242737560191,0.3881482781553,0.2570003396785,0.5084914142171,0.0664878218908,-0.1195991875834,-0.2867246011771,0.4860528040255,0.3532197001966,0.5675332732729,-0.2359029404765,0.1302436731040,0.0851287377290,0.2825102231186,0.3053270221594,0.1853015706524,0.2201847609691,0.1992241272484,0.1445034371321,0.0046854684853,0.0120821875175,0.1348124709755,0.2397739194434,0.1326319128758,0.4618802190455,0.1107127043208,0.1393187162597,0.4308537079170,-0.0312681080741,0.3369048187994,0.6145646579198,0.5043503786336,0.2361125095562,0.3632257943340,0.1904044360963,0.4907845564075,0.6051033875827,0.4135981753138,0.8589888458027,0.6168544330667,0.4924421545812,0.1497347536647,0.0012949272154,0.0918266564413,0.6036978306360,0.3056721502605,0.5784746379077,0.2951652889469,0.5476887601669,0.6001569131649,0.4899748825978,-0.0632552678046,-0.0816008138516,0.3252176908139,-0.0183498024832,-0.2435949533056,0.5549128121277,0.1455296958623,0.4640062674111,-0.3244821660379,-0.1238761253058,-0.1149989941918,-0.3357457249363,0.2367534835536,0.1438589718727,-0.2079119772100,0.1818196005531,0.1892460513746,0.0338802110649,0.0651630315672,0.1903343550417,-0.1612771935092,0.3726341618011,-0.0895743850679,0.1988485821919,0.0891396134376,0.0610309939623
0.5617067730775,0.2747172270365,0.4634349359417,0.2504710642179,0.5167958441750,0.5552896375797,0.4029876275241,0.5159125506686,0.6329259278963,0.8065220882666,0.6430730858711,1.0000000000000,0.7301217740499,0.4223749563601,0.5269792031823,0.3068875463473,0.6247566623371,0.6958387033693,0.3431013817210,0.5977172018748,0.5615055738449,0.7865107049866,0.6227345566921,0.5617778061542,0.4371009038975,0.2023270561852,0.5440918904998,0.2774996526865,0.1613548614196,0.0819459892732,0.3720730826533,0.4476660587403,0.6144964254996,-0.2171734013811,0.2070968346585,0.2249744356346,0.2723809021933,0.1383730924742,-0.0121946411237,0.2457835092738,0.3691356778174,0.1315742489658,-0.2350707384090,-0.1102487400583,-0.0580985346058,0.4201025362816,0.4078525535176,0.3530014819326,0.3161954844168,0.1118334564093,0.5411522130110,0.0676753810654,0.2792185579935,0.5847412294793,0.4615326169389,0.2269925736728,0.4675643986628,0.3619452148251,0.5920827277030,0.5955780527809,0.6655622985715,0.6967887133625,0.8050461437661,0.5460641279529,0.3407413572699,-0.2614426594665,0.2058769199549,0.7119749712746,0.5216336077754,0.6188480465059,0.4942467258851,0.7210724208297,0.6902595595096,0.6654933858065,0.0007295346300,-0.2309754212997,0.3021773870625,0.1695375020319,0.0087060277330,0.5785363085248,0.2348414352340,0.5370236047576,-0.2694224113104,-0.3273392136187,-0.1475827707882,-0.2677688864098,0.2897040935212,0.1123436599628,-0.4666718959057,0.0617030568382,0.0444915836161,-0.0837071238791,-0.0723404852417,0.3082685218278,0.0501200942417,0.2142253848945,0.0883495524129,0.3629068484383,0.0905336764698,-0.0470370004356
0.5168127580754,0.1861402593743,0.4980702065135,0.3436200186772,0.6126402084519,0.6666528995497,0.5508701669663,0.6721014119766,0.7247186494150,0.6837448100840,0.5883448323816,0.7301217740499,1.0000000000000,0.1300708602533,0.5166145770601,0.3028407178593,0.5528306917683,0.6224033931099,0.2592749346619,0.6470802334288,0.4109076809277,0.4824790470112,0.3901484654508,0.4304926426469,0.4263553288959,0.1056872748770,0.3304430194151,0.1846826507149,0.0037760678600,-0.0157408546801,0.3273266541910,0.2516885545133,0.4664333856724,-0.2971498969923,0.2808143904825,0.1569188873434,0.2027114560295,0.1711384026878,0.0090692756712,0.0808283573543,0.2851379322377,0.1260584728177,-0.1878536117312,-0.1707296449359,0.0273326990461,0.1413487874174,0.2592299600671,0.4045851406956,0.1239223958793,0.0668919200414,0.6174383308271,0.0620173872079,0.3228944992593,0.5987376410161,0.6553027129814,0.3354661504651,0.7661926611006,0.4714775239138,0.6528619772870,0.6781982192838,0.5551392187137,0.6503062149120,0.6883502638284,0.8725217945713,0.2770020469279,-0.2005634991119,0.1894898153642,0.6752933787990,0.4162668864090,0.5660170499894,0.2749806991562,0.3996657201816,0.5683739763928,0.5688762226781,-0.1797111452837,-0.2440187171692,0.0212540214767,0.1257529081131,-0.1061947410728,0.4755892500846,-0.0250590220876,0.3920343007300,-0.3566615600099,-0.3492199087960,-0.1783122454558,-0.3617203659025,0.2015369727381,0.2055331662634,-0.4793089740756,0.0347112461957,0.0516148720645,-0.2467718155929,-0.2025950260406,0.0874836714637,-0.1285603594218,0.2830901973013,-0.0501581841310,0.2856115434586,0.0855264084615,-0.1324552630858
0.4556635085908,0.5170140951095,0.2734986667985,-0.0669473572432,0.2138952599017,0.0929621094982,0.0245872280790,0.1692165970523,0.1033063888411,0.4859248033584,0.0125919649912,0.4223749563601,0.1300708602533,1.0000000000000,0.2590133208992,0.0425918809977,0.3613132954287,0.2122951810910,0.3294515367369,0.1137664611890,0.3004760203652,0.5015127500875,0.0637522602538,0.1487284952344,0.0375685164330,0.2560128038137,0.3618404598786,0.5706142528788,0.6476288221701,0.6723758263778,0.0666904151147,0.3641436864172,0.2915563571550,0.1153960263434,0.1019763434005,0.2143081954315,0.0285960700143,0.1321383350279,-0.0675919761268,0.4719574623391,0.5669484931269,0.1488782612600,-0.2094455205386,0.0292896990346,-0.0256828948326,0.4872654212622,0.5393847303072,0.1029267811604,0.5873614538473,0.0790526217488,0.1976458820779,0.2460462199989,-0.0383444115263,0.1802653495902,0.0418740484146,-0.0687213037934,0.0297650449173,0.1497762227094,0.1477629666802,0.1024853710814,0.2429215080733,0.1101840000033,0.1117792016614,-0.0496533862069,0.5343100258522,-0.3234056087312,0.1196010592698,0.2107274551936,0.3224764311239,0.0812421481018,0.2217526191028,0.2292190712742,0.2303529288087,0.1812615807991,0.1365630210282,-0.0956140982713,0.1298166705707,0.4546528972955,0.5743197770742,0.1257896785431,0.1661664348789,0.0820750124941,0.1932172307323,-0.2183707919176,-0.0325878135150,0.0526668058826,0.0606917010460,-0.0438829194193,-0.3980982860787,0.0650433628689,-0.0676149754430,0.1151400746034,-0.0840675613497,0.4510786934028,0.0629783945909,0.0319474813276,0.6171748725085,0.4178360382433,0.0281386607234,-0.1014472198498
0.3120334155077,-0.0771906849298,0.2553037038175,0.2945295506147,0.4774024682468,0.4434391470409,0.3089491694161,0.5253727680053,0.5516885245633,0.4390868591266,0.5107932864974,0.5269792031823,0.5166145770601,0.2590133208992,1.0000000000000,0.4085031336615,0.5744133197918,0.5496639661430,0.2873090655648,0.5554875722575,0.5523301879551,0.3727307921141,0.4911309981899,0.5678823952947,0.4575381129190,0.4912023590282,0.6478772015761,0.1599163579981,0.1119814232970,-0.0382652286202,0.3877261256245,0.4563185742425,0.5725745557341,-0.0616942651463,0.2850421220834,0.2980465490291,0.4357947049906,0.4638582726338,0.2559223469863,0.4417660901512,0.3529521377738,0.1621341520005,0.1013956592646,0.1465331636341,0.3426176223245,0.3625842441407,0.2834912630296,0.5483226930337,0.3417782369833,0.2998231027977,0.4815057660782,-0.1710499933547,0.1582774797064,0.4115300852016,0.4176857421654,0.0887501387625,0.4646704860847,0.3333172567908,0.4243289751479,0.4808680984399,0.0667782649717,0.5581266042571,0.2701393061661,0.2719208955968,0.1735383624452,-0.1081829499256,0.1525898817077,0.4565614320407,0.4565165605709,0.4960724029757,0.2089905259511,0.4165656323238,0.4870771417449,0.4440442532681,0.1755839211830,0.1677427647822,0.2120377181855,-0.0207039323545,-0.1648025466415,0.4082668222523,0.1252636369478,0.2200246750505,-0.2892699439673,-0.1667399190433,0.1062180280783,-0.2099965800345,0.2624355226067,0.2498855844304,-0.2646133568179,0.2730922271014,0.2253941003808,0.0443908624887,-0.0810051417570,0.1919539928761,-0.2916592239489,0.4623667634344,0.2115773736881,0.2039201787133,0.0431034608782,0.0074411312083
0.1782511850512,0.0648397834724,0.2333045465360,0.6314629696479,0.2974254115487,0.4034861639759,0.5353672678917,0.3123110157557,0.4246360335024,0.2451032588835,0.3714373876168,0.3068875463473,0.3028407178593,0.0425918809977,0.4085031336615,1.0000000000000,0.5227478761122,0.5352165404461,0.2615547043532,0.6243583075166,0.3401105248703,0.1784360967553,0.4536137853818,0.5719373063400,0.3223683853323,0.1354799857690,0.2376165403702,-0.2890103314498,-0.1674495497658,-0.1387131741203,0.8095588217080,0.2644399938588,0.5306037240487,-0.0483758513188,0.5768872678977,0.7170411841027,0.2859160170851,0.2730755845453,0.3150932616889,0.0970541738828,-0.0476891410996,0.0191202888443,0.4524645432450,-0.1012108036451,0.1083791765415,-0.0100999182736,-0.1946377589373,0.3488376206925,0.1265237554823,0.2134556759120,0.2852806933544,0.0625432155888,0.6192688591035,0.3722606778971,0.4470206786898,0.5217660597228,0.2729539638457,0.1930758556103,0.3591912812523,0.3896501693573,0.0982377388402,0.3472291452695,0.0823119384772,0.1051019378214,0.3471333434146,0.3879643011153,0.7647163885731,0.4702951244650,0.4308766443275,0.4731729628402,0.0985754016762,0.2672606174083,0.4197028470625,0.1986919900979,-0.1331828322615,-0.0816325383918,0.0492979808497,-0.4366335516696,-0.3653604489967,0.6076429884234,0.0068197856369,0.3135821562256,-0.0277134193633,0.2564249352104,-0.2192642248520,-0.0549555819581,0.2132223408132,0.4948897904427,0.0281228168347,0.0517344844537,0.3159563628222,-0.0091898153581,-0.2186539696336,-0.1029813834272,-0.4105391854267,0.3007002754980,-0.0047830668655,-0.0794362206518,-0.0407678125121,0.0721816825715
0.3570964150803,0.1004076711406,0.3035071431393,0.2669253628044,0.4913759536469,0.4603125136595,0.3449414196471,0.4898248690901,0.5963751140364,0.5140698031500,0.5286277374151,0.6247566623371,0.5528306917683,0.3613132954287,0.5744133197918,0.5227478761122,1.0000000000000,0.8126952880028,0.3682538919253,0.6818730825398,0.6582767873458,0.4282567863581,0.4506448939319,0.6051631551967,0.4043334644145,0.1957923284937,0.5527295162337,0.2635911048013,0.0354146120859,0.0375078577579,0.5967043597185,0.4013482822518,0.6983757439159,-0.2380894354752,0.2825992746017,0.3999289873874,0.3020706122472,0.3389423329729,0.0659114480046,0.2551747213762,0.2680493281581,-0.0828180962846,-0.1533199576052,-0.1225046107471,-0.0488311254569,0.3185343551846,0.3551757207401,0.4688756344357,0.3383672552312,0.0475932742258,0.4519330127656,-0.1044141689879,0.3783503584867,0.4378668725671,0.4797884813425,0.1526394922571,0.3920189536042,0.3184264426287,0.5869023103960,0.5574265260317,0.3626412858292,0.6625957930642,0.4866898620035,0.4119386582055,0.3749035571531,-0.1340653280577,0.2967485732125,0.8274082987937,0.6026965994904,0.6444822148123,0.5514601007900,0.4750650088272,0.6797806002152,0.5578234670244,0.0616487373024,-0.2611761987914,0.1879090572895,0.1671897949476,-0.0391830607412,0.6615147135251,0.1334801366140,0.5207607792117,-0.3182146642081,-0.3038676917618,-0.1865037887184,-0.3088241679651,0.2889989523278,0.1318192134094,-0.3824014438128,0.1503821555454,0.1084119789478,-0.1360763762247,-0.1250787510034,0.2770484154751,-0.0998156797634,0.3220307769529,0.1441981962970,0.2852713013035,-0.1995884257041,-0.0506287035332
0.4143269402927,0.0808661447531,0.3613299668140,0.3309368700444,0.5350984312565,0.5563012102762,0.4481726657935,0.5713135324826,0.7474945411442,0.5599918015260,0.6649625241025,0.6958387033693,0.6224033931099,0.2122951810910,0.5496639661430,0.5352165404461,0.8126952880028,1.0000000000000,0.3341104519747,0.7447214999624,0.5325385915628,0.4810368226605,0.5350970548485,0.6757441136881,0.4413033382525,0.1322352454179,0.4943108063949,0.1760831597154,-0.0745524953411,-0.0828021691263,0.6473882440040,0.3531328263201,0.6462561733610,-0.3346057745620,0.3255411323115,0.3045915489464,0.3811511083151,0.2557469855682,0.1578880772605,0.1632138370362,0.2733521388128,0.0507523605479,-0.1740611248930,-0.1806159156815,-0.0684293603057,0.2985209969538,0.3088291186082,0.4966834815429,0.2365574443471,0.0978524719818,0.5094269635811,-0.1337099222038,0.4555325044813,0.5389842297075,0.5742887238529,0.2650113969616,0.4550633494446,0.3844736123268,0.7065493093692,0.7062639991720,0.4422577518901,0.7744322563465,0.5734380683284,0.5140396055690,0.2512199599823,-0.0782685967552,0.2823515451466,0.9048019604716,0.5936280319554,0.7782744123525,0.4392313243740,0.5412213464176,0.7870911100456,0.6552598841859,-0.0564594823410,-0.2941231214254,0.2185796648119,0.1039605383915,-0.1469588378286,0.7937734487825,0.1308187198214,0.5124611744214,-0.3137442004249,-0.2866228352892,-0.2472456474073,-0.4023811212459,0.3886318080033,0.2512606345311,-0.3759786007502,0.1379900787010,0.2315376956787,-0.1561269548395,-0.0923568493211,0.2329297068669,-0.0755357047907,0.3991025248771,0.0065544272063,0.2615711712166,-0.0165459064616,0.0294795955598
0.1908956112336,0.2485518837811,0.1375213031861,0.2434901605480,0.2174715486489,0.1360919731479,0.2074509311448,0.5851529421309,0.4158634756214,0.4019309629785,0.0890445522355,0.3431013817210,0.2592749346619,0.3294515367369,0.2873090655648,0.2615547043532,0.3682538919253,0.3341104519747,1.0000000000000,0.5159953040010,0.2864184549512,0.2819999770068,0.1684808964747,0.2831405609673,0.3238378927401,0.0975133210206,0.3172459144920,0.2134068572036,0.3139097809900,0.3021267482554,0.0129825207967,-0.0204285148730,0.2126391929360,-0.0470848629390,0.1144107119321,0.3544970897163,-0.0093467800167,-0.0227478371467,-0.3095141687657,0.1929591347786,0.2271728456230,-0.1390741602768,-0.1863450962006,-0.0936045037794,-0.0386567842383,0.1204606120589,0.0652147819322,-0.0838995608305,0.1476885670960,-0.1652165254408,0.2044618954391,0.0461727872736,0.1256344828473,0.0655766729038,0.1258172859020,0.1569242014181,0.3650208762621,0.5273496962145,0.4220795447095,0.4251934110876,0.1629411687269,0.1707244978022,0.1555778479476,0.1166559240519,0.3351836590567,-0.3291627700601,0.2385583138980,0.3702610869355,0.7912328050558,0.3341859670324,0.1589755668388,0.2077364540969,0.2868687886082,0.3297281303617,0.1463796163884,-0.0639834547924,0.0546198761495,0.0594675857913,0.2021650391023,0.1634433332901,-0.1585526523183,0.1707770858350,-0.1425849002787,-0.2271716077708,-0.1356786818997,-0.0216927842403,-0.0697459187720,-0.0163617884487,-0.3252285880249,-0.0236125048798,-0.2712056293074,-0.0630778907454,-0.2480148121940,0.1640074842917,-0.2475440406990,-0.1438563335361,0.2214258666992,0.2688168975166,-0.2815504354610,-0.2037648139950
0.3098194743113,0.0573873743318,0.3351901377002,0.4507818480692,0.4841023132690,0.5143035289803,0.4832056030347,0.7499889031893,0.7739534399175,0.5219403013909,0.5343573830377,0.5977172018748,0.6470802334288,0.1137664611890,0.5554875722575,0.6243583075166,0.6818730825398,0.7447214999624,0.5159953040010,1.0000000000000,0.5201315949489,0.4003006703157,0.5229137097226,0.6551502239696,0.6986571943139,0.2599356860647,0.4839044974184,0.1112400044046,0.0242402203681,-0.0504328220912,0.5245806100055,0.2737876347994,0.5960027517595,-0.2400171597681,0.2981213221994,0.3883698049266,0.2230869559276,0.3137797345626,-0.0577574893787,0.1529730651572,0.1552703427579,0.0143136861613,-0.0762958191018,-0.0379491268933,0.1723720017410,0.1525723030656,0.1111953695877,0.3174117274307,0.0848149677977,0.0076263718282,0.4690903316123,-0.1381972965352,0.4001403196215,0.4091872303905,0.4908985703750,0.3276045170995,0.6369278186076,0.5881854015405,0.7715105148095,0.7475599232146,0.2851112476245,0.5846702208508,0.4367038029798,0.4883109382181,0.2169258947162,-0.1446169938130,0.3633156402818,0.7294235759737,0.6821558281531,0.8348264383247,0.3404072749331,0.4605699819921,0.6789214371122,0.6969960099343,0.0441740356470,-0.1006424482223,0.1527273738851,-0.0404106772138,-0.1586427114630,0.6478362661261,-0.0438308664906,0.4659266245716,-0.4212271650876,-0.2207891862571,-0.1056774911353,-0.3445485526641,0.1382227227864,0.1715312783546,-0.3576978214911,0.1582849541427,-0.0336803376870,-0.2366386339218,-0.1330666466946,0.0791207776107,-0.2887829666183,0.1840312665835,-0.0579755479478,0.1384507328327,-0.1499442228996,-0.1249230206087
0.2834500301937,0.1377165263200,0.1265567226350,0.1385170736658,0.2974230933595,0.3033478908199,0.1598362562066,0.2779413564434,0.4637523867756,0.4715217715274,0.4402302198501,0.5615055738449,0.4109076809277,0.3004760203652,0.5523301879551,0.3401105248703,0.6582767873458,0.5325385915628,0.2864184549512,0.5201315949489,1.0000000000000,0.5011828558390,0.5847551505710,0.5953324408878,0.5506335395501,0.3631356841895,0.7160291319761,0.2411790330985,0.2067618870878,0.0911266244923,0.4521622038784,0.5560270790519,0.6786104949280,0.0830012317418,0.2150337199595,0.4123336400095,0.3718976320047,0.2763444009386,0.0873694717096,0.2983095284339,0.3523019675757,0.2278823639801,0.0269852558751,0.2190996456661,0.2800051137265,0.5288796177715,0.4703489799302,0.2741435838034,0.3236287185664,0.3946532845600,0.2234521400678,-0.0995307116225,0.1697345136448,0.2696679321700,0.2587313527963,0.0409488535701,0.2641128079746,0.1148867086013,0.3082453700004,0.3905662654181,0.2589826344361,0.5303976231453,0.3769789270048,0.1744577605843,0.1515778896211,-0.1234435773797,0.1697179199359,0.4758313734225,0.4811690861556,0.5017689996460,0.5773511651548,0.5551498338896,0.5651480960101,0.5469046137507,0.2045615658390,-0.1166334223899,0.4089160448396,0.0897980719738,0.0461585725499,0.4582389803307,0.3107458940790,0.4956779812848,-0.2387759779230,-0.1989111410330,0.0954539116312,-0.0525793792057,0.2609121864285,0.1464498261010,-0.1416288446594,0.1121248170616,0.0776917272066,-0.0403173970618,0.1445574780617,0.3416246776183,0.1096490223462,0.1601568522162,0.1271636267938,0.2729590996904,0.0829913377009,0.2263958598555
0.4874702028699,0.3418810910116,0.3878873715448,0.1190364977464,0.4091014188932,0.4462020218118,0.2809464176222,0.3790427051245,0.4771448233046,0.7560613171839,0.4488434428814,0.7865107049866,0.4824790470112,0.5015127500875,0.3727307921141,0.1784360967553,0.4282567863581,0.4810368226605,0.2819999770068,0.4003006703157,0.5011828558390,1.0000000000000,0.5154699487672,0.4802043816598,0.3241065942397,0.2224649206040,0.5217173953547,0.2656764160715,0.2782206932111,0.2323006169020,0.2603410717544,0.4321232165291,0.5051759365990,-0.0726339926094,0.1677934541402,0.1548780046270,0.2480136986482,0.0977641652555,-0.0234276063352,0.3153623707810,0.4086258783104,0.1168331507697,-0.2113837240382,-0.0320171398835,-0.0142398028603,0.5823751551171,0.4612970883691,0.2417430321652,0.4800638122839,0.1357005997036,0.3737963725510,0.0674360579567,0.1479368395813,0.4521435637344,0.3204282583344,0.1417955361586,0.2946614604269,0.2597848271275,0.4275506976676,0.4437279774663,0.5999132172585,0.5083129428517,0.5630550539444,0.3166420742916,0.2763084937998,-0.2598088045514,0.1601094966073,0.4920456116280,0.3857323198505,0.4453432120974,0.4148454466133,0.7197294674446,0.5581927423729,0.5232948527374,0.0918906885575,-0.1431966754793,0.3520020756721,0.1640333362883,0.1403087737594,0.4391008445855,0.3291917641121,0.4110124030050,-0.1118426191138,-0.2567718949486,-0.0603089175291,-0.1286641523599,0.2704184195801,0.0954144579724,-0.3759418871733,0.1050083980818,0.0142475125627,0.0307186273516,0.0028957488114,0.3381290225352,0.1526716507677,0.1473726699195,0.2912609065283,0.4306368603793,0.1283339408219,0.0472858725945
0.2045593588746,-0.0718567943891,0.1102081582036,0.2341700896071,0.2689392011119,0.3394716651584,0.1738583081870,0.2059164623394,0.4437243036077,0.3662025412975,0.6675344391975,0.6227345566921,0.3901484654508,0.0637522602538,0.4911309981899,0.4536137853818,0.4506448939319,0.5350970548485,0.1684808964747,0.5229137097226,0.5847551505710,0.5154699487672,1.0000000000000,0.5999252689098,0.5435382569100,0.3908655404873,0.6401784118558,-0.0857703009339,-0.0824422208067,-0.3036591204829,0.5348301923047,0.6018771601781,0.7099527492147,0.1047048153687,0.1640054776927,0.2699993373285,0.3484396668755,0.2621537667215,0.1243241220575,0.2552027726205,0.0946198289741,0.0498083084450,0.1087865987128,0.0778905899121,0.1939845821011,0.3917890825019,0.1404855987057,0.2932973103062,0.1459948290271,0.1742036326100,0.2309547882335,-0.1450910024025,0.2416424314312,0.3258753040531,0.2354392916428,0.1147109751638,0.1927895641818,0.0220690877387,0.2705156818830,0.3743982855984,0.2580909780022,0.5908733916301,0.5256949750950,0.1604241068734,0.0760641600256,0.0208824540891,0.1743790600853,0.4408971448828,0.3231046325245,0.5680687402633,0.4036717040183,0.8085834397292,0.5667242366935,0.5123189068562,0.0945891416727,0.0148728168641,0.5259268882715,-0.2549530231730,-0.3136534368148,0.5493033893597,0.4254982591916,0.5745635642992,-0.2725555344509,-0.0235035944917,0.0266350671061,-0.0193990255671,0.2563680946528,0.1288922391327,-0.0965326582944,0.1641189225837,0.1427044942625,0.0862616580000,0.0851844817070,0.1950214843907,-0.0504916180660,0.2049958963239,-0.0281539575221,0.1040428869769,0.0201093807498,0.1676389160978
0.2803099067075,0.0466865656311,0.2400132040411,0.3347891067345,0.3420135887673,0.4452228358877,0.3667507466782,0.3452191121914,0.6197497724987,0.4124627232736,0.5242737560191,0.5617778061542,0.4304926426469,0.1487284952344,0.5678823952947,0.5719373063400,0.6051631551967,0.6757441136881,0.2831405609673,0.6551502239696,0.5953324408878,0.4802043816598,0.5999252689098,1.0000000000000,0.5534080985093,0.2712037913612,0.5722715703334,-0.0061939151320,-0.0270688931573,-0.0836135361317,0.6369439061536,0.4143752906041,0.5232616230181,-0.0552758719655,0.4198954182717,0.5778675797997,0.5704978860904,0.3166246774274,0.3009815640222,0.2443386063706,0.1628157375340,0.0406851128425,0.0747830683104,-0.0470624744838,0.0410182310789,0.3572234041540,0.1721799578998,0.5255858941945,0.3329168093828,0.2120367078023,0.3060031125814,-0.1810073568917,0.4048204539331,0.4315676224010,0.4173520428178,0.2459585015866,0.2821833643542,0.1585846270404,0.4375028086499,0.5441638410582,0.2356646874340,0.5438937837044,0.3546872971545,0.2660861996660,0.1223662325825,0.1425289827437,0.3541217743983,0.5990342365216,0.5625663873334,0.6888573035505,0.3224588606029,0.6137607163181,0.8386919377078,0.6025593359281,0.0235070915357,-0.0625118511865,0.4254064657097,-0.0978382056275,-0.1686812247148,0.7138139499518,0.2747067490732,0.3460902600213,-0.1879138123977,-0.0342629406484,-0.1258375344261,-0.1089140080650,0.5488952873268,0.4294384398079,-0.0548472130821,0.2313993383283,0.3713094086068,0.0729867240285,0.0198260106908,0.1749383026931,-0.0674489418171,0.4543671898877,0.0691012136003,0.0700017859344,0.0226480950241,0.2416247698313
