1.0000000000000,0.5826154970249,0.7359583345790,0.5365249990167,0.7526487719106,0.5057669887641,0.5492812924958,-0.1019158926951,-0.0672778152930,0.2706506299089,0.0777859511468,0.2212409535336,0.0960126839189,0.3983231371322,0.0718576458897,0.2695137991255,0.0047182917807,0.0387024340263,-0.0345328227141,0.0143102895193,0.0841410294488,0.1934735893245,0.3056800736719,0.1392873500689,-0.0510942987105,0.1809194135779,0.1453009751445,0.0584020564245,0.1237688683965,0.0986798746477,-0.0709045911888,0.0854465705094,0.0503259825304,0.2377951893715,0.2860655240706,0.1541282814710,0.0365912300180,-0.2097046147806,-0.0296705046041,0.0159793577511,0.1613425791209,0.2067369730405,-0.2663516575905,-0.0411385895528,-0.0879701231540,0.2850398073335,0.1393396473692,0.1122246080318,0.4876559156816,0.0730880047133,0.8189855200886,0.5818409625352,0.4575219173900,0.5944955565673,0.4549281189157,0.5682376263478,-0.0706597105913,-0.1842649378311,-0.1287063421291,-0.1307532964365,0.1990314962382,0.0424273002370,0.1435496753593,-0.0005417848355,0.4537240824744,-0.1390114390350,0.2604036367595,0.1022044670260,0.0030121214254,0.0456041441990,0.2029157221047,0.2825423769503,0.2059192745088,0.1165755071643,-0.0387754476097,0.2075676343378,0.2060825468944,-0.0230071227986,0.0911464778676,0.0935094649775,0.0887285652254,0.1876911687604,-0.0068184789486,-0.1465850458270,0.1222982302046,0.3434689098140,0.0941977915450,0.2983119321017,-0.1458188656065,-0.1133516191964,-0.0378462112800,-0.0301342261741,0.0176151659284,0.1800975477451,0.0960789032521,0.1092045289348,0.2694653099972,-0.0390388959055,0.1313821185643,0.0153608475298
0.5826154970249,1.0000000000000,0.5674020324283,0.4608211192075,0.3487610919472,0.2459110273713,0.4035247356149,-0.0572655314192,-0.0215653909477,0.1942031252560,-0.0634957500611,0.0312812111916,0.0263665623238,0.6168209579334,0.2924984330386,0.1986355925125,-0.1379576447519,-0.1641815573229,-0.0240023433759,0.0651971333133,0.1078087769181,0.2019895318069,0.0875476968793,-0.0502384710005,-0.0684332724311,0.1914872721460,0.0821427512534,0.1197402179799,0.2572858353823,0.3145965336972,-0.0334999887636,0.0161425993526,0.0094242182037,0.2552325135872,0.1113737540292,0.1240299525912,-0.0732098729785,-0.0574641057392,-0.0496581786796,0.0036709776989,0.0390998466195,0.1018327608893,-0.1762374403313,0.2514553955628,-0.0220495925800,0.1861217886395,0.0841437430493,-0.1029000167314,0.1934024291207,0.0664800739738,0.5452170799757,0.7194690211501,0.3428828658610,0.2742644291156,0.2369869449959,0.4396335656600,-0.0025221094535,-0.1311612917333,-0.1557453992821,-0.0140540272638,0.1535617815322,-0.1796208628375,-0.1488101254410,-0.1290048169914,0.5638111629000,-0.1586207997938,0.1111128194311,-0.1119544973901,-0.1462832544506,0.0003768404954,-0.0008348758496,0.0773812582593,-0.0115560952735,0.1999469186266,-0.1439208927862,0.2134654887875,0.0356366358026,0.0324137702082,0.2214407031635,-0.0954576205766,-0.0841024835332,-0.1066044030557,0.0624143108443,-0.1772451966160,0.0935652820706,0.1593044124510,-0.0211389179779,0.0900097050883,-0.1701147513127,-0.1425654529712,-0.1166404988296,-0.0624730883651,0.2287128481646,0.1095954206376,0.1069376549152,-0.1240795676158,0.1718838441092,-0.0266980705210,-0.0035639906338,-0.0790628434752
0.7359583345790,0.5674020324283,1.0000000000000,0.6798547692536,0.7040997576123,0.7298738769441,0.6763409355683,-0.1351025733923,-0.0843972836183,0.0461875716540,-0.0741042246818,-0.0450769933539,-0.0287166653943,0.2654403028683,0.0967115195525,0.4213068223415,-0.0464297752797,0.0232728240244,-0.0912750026582,0.0758379643912,-0.0392505665587,-0.0453729114844,-0.0235337688028,0.0685197625054,0.0256466003539,0.1143820989332,0.1115118391223,0.1578736806245,-0.0184624324160,0.1322457528931,0.0904086339557,0.0571336775191,0.0331089076990,0.1613247552535,0.3432580892316,0.1412816234381,0.1007876672942,-0.0109360778167,0.1953437462029,0.0849573266649,0.0893320394704,0.1307527601566,-0.1799394453569,-0.0051878646598,0.0548591052922,0.2013990208185,0.1245554421654,0.3315247700065,0.3794322839152,0.0594317466633,0.7972192920412,0.7584390035595,0.5434587516568,0.8123054956342,0.6735343635598,0.6399163665835,-0.1444053507680,-0.1665825719499,-0.0583461116522,-0.1962251499987,-0.0335788616730,-0.0808805644353,-0.1233720962292,-0.1076538014305,0.3206616024486,-0.0349582932741,0.3256115306631,0.0399056559828,-0.0669457957380,0.0422554064076,-0.0929867204115,-0.0756569596217,0.1013386235564,-0.0091972754522,-0.0609078199133,0.1195115659331,0.1108769602534,0.1173290142486,-0.1049742932143,0.1525391949064,-0.0171699759907,0.0654309529643,-0.0333129141802,-0.0096350899358,0.1331451114224,0.2732631333090,0.0855096209865,0.3625416822650,-0.1154972266889,0.0750458239575,0.1290849283120,-0.0302392598685,-0.0486191220886,0.1682984799578,-0.0594078013998,0.2829002270936,0.1623270201797,-0.1643334095906,0.0191841474852,-0.1170098910300
0.5365249990167,0.4608211192075,0.6798547692536,1.0000000000000,0.6778946402295,0.7163718209486,0.8295182998266,-0.0802599464915,0.0399273055264,0.0255781428261,-0.0204407076887,-0.0777933776063,-0.0364709575116,0.2733101466724,0.4052126676643,0.6342815406131,0.1129865585203,0.0905331899323,0.1009507859419,0.2126146413395,0.0760574865226,-0.0226175809482,0.0818551050762,0.1729915400620,-0.0315346126803,0.0710243060202,0.1812202308419,0.0732537658555,-0.0392771766829,-0.0782471614039,0.1439309061025,0.0661634250823,0.1383947261941,-0.0110465660485,0.4339576618457,0.3726625075222,-0.0841983954267,-0.1718134338914,0.0588456855566,-0.0938455508622,-0.0641845637483,-0.0328280645867,-0.0072987758860,-0.1861118499906,-0.0780280933313,0.1476423012396,-0.0195487682068,0.2944764916531,0.4019477996405,0.1058688122411,0.5949429765222,0.5903400568879,0.8062758891567,0.7027954606103,0.6854761918484,0.7942116595163,-0.0332862062715,-0.1498843609061,0.0172100123318,-0.0410291631097,0.0149017897426,-0.0867869749370,-0.1685836476786,-0.1050373464560,0.2893578737420,0.0912222486702,0.5902685390558,0.1121588802395,0.0948980412796,0.1962522779679,0.0122586620994,0.0022864476100,0.1692143342405,0.0275406933714,0.0996394156539,0.2155501319823,0.1551734443435,0.0345562143148,-0.0998636964937,0.2559868387636,0.2193157161198,0.1632104023688,-0.0625661380801,0.0210601540066,0.1588455944881,0.1716608984086,-0.0212503021803,0.4335790666790,-0.1033382125163,-0.0055250802192,0.0070187432723,-0.1406350986376,-0.1585172640151,0.1412958879650,-0.1223971903401,0.2736097795244,0.2396418029214,-0.1286768381382,-0.0980928444314,-0.0492653575015
0.7526487719106,0.3487610919472,0.7040997576123,0.6778946402295,1.0000000000000,0.7866372986097,0.7273987733386,-0.0151295598049,-0.0245557811180,0.0470477376733,0.1042739163054,0.0910642730925,0.0119382110358,0.1240822102455,0.0808202185046,0.3887994798951,0.1015581123003,0.2113552379431,0.0254194076206,0.0662006297194,-0.0169392060113,0.0433229006108,0.1662413551081,0.1871518029489,-0.0338532683167,0.0442596104466,0.1036050795594,0.1031710822015,0.0706522615791,-0.0278707724408,-0.0303683771695,0.0117212601415,0.0365488575864,0.0481587463824,0.3956981443528,0.2092489987192,-0.0441764564646,-0.1858846963367,0.0307802826917,-0.0167038293389,0.0900067451901,0.0748164490293,-0.2730735198281,-0.1628254585020,-0.0437402812386,0.1990666464755,0.0484141223712,0.3129492049144,0.5585795987122,0.0041303397204,0.7211832889264,0.5886737201611,0.6232971524324,0.8308266744046,0.7462878499406,0.6807127552158,-0.0047834717062,-0.0360294565390,0.0983355682331,-0.1471029506734,-0.0178447207427,0.0682714566261,0.0967307309840,-0.0365043766355,0.2889359150341,-0.0874731023850,0.3991979832319,0.2174658497046,0.1410396151281,0.1777078605925,0.1397433221006,0.1565244157591,0.2433217425110,-0.0136789460342,0.0904112616426,0.1470724743236,0.1685979105492,0.0721644233133,0.0308821280329,0.2574790832510,0.1203192233861,0.2289776018968,-0.0946154992654,-0.1464716123141,0.1421670342052,0.2819851093702,-0.0110576287638,0.3456088613942,-0.1233792157910,-0.0418188404565,-0.0175220008360,-0.0094252169118,-0.1038652230853,0.1706649773662,0.0471918145527,0.2464491170048,0.3406643494140,-0.0300255838953,-0.0297972960928,0.0543146984901
0.5057669887641,0.2459110273713,0.7298738769441,0.7163718209486,0.7866372986097,1.0000000000000,0.8235459473604,-0.0738277834524,0.0074704792117,-0.0210960313723,0.0661067018477,-0.0310988417888,-0.0509578427012,0.0857720961874,0.1644794077373,0.5218717825031,0.0882003712849,0.1933355080059,0.0208632665493,0.1887592905434,-0.1463423765828,-0.0520035793683,0.0809234552934,0.1802617414695,-0.0093565087125,0.0647901096836,0.1168105930706,0.0841053863329,-0.0899890654407,-0.0548075418443,0.1260458076450,0.0576734895867,0.0796383809924,-0.0075984348627,0.4966259212128,0.2932443486071,0.0125640466000,-0.0712542047389,0.2151613163321,0.0575996349566,-0.0118469400538,-0.0301109631481,-0.2130427279942,-0.1702216566674,-0.0235698945430,0.1241462561931,-0.0257120688266,0.5357738742218,0.4464573656745,0.0805365214440,0.5477703820623,0.4853162609625,0.6392668170375,0.9264123780813,0.9218770321938,0.7347153036847,0.0380290316872,-0.0602406839558,0.1057910297395,-0.1467157600488,-0.0743185136581,0.0394576698245,-0.0169786489245,-0.0334021908452,0.1848168250182,0.0910726116094,0.4980971506232,0.1762922925848,0.1373570880784,0.2300645043938,0.0168321939669,-0.0250031751367,0.2381790043614,-0.0375340023257,0.0676379124353,0.1714202668980,0.1848245078550,0.0674579632438,-0.1320580629305,0.3309468328329,0.1205355195891,0.2395628975628,-0.0184927425022,0.0286975774950,0.1644083495205,0.2440818870352,0.0507464678785,0.4708098593546,-0.0674493917876,0.1009178729293,0.1540800281865,0.0723343721550,-0.1285501932945,0.1733527579447,-0.1151205622658,0.4773358269666,0.2693702814644,-0.1367200250508,-0.1088326596547,-0.0356575287096
0.5492812924958,0.4035247356149,0.6763409355683,0.8295182998266,0.7273987733386,0.8235459473604,1.0000000000000,-0.0454420144953,0.0938464498863,0.0476128205563,0.0040339818112,-0.0290529368851,-0.0835151525566,0.2231278152013,0.1113331705319,0.5979628843805,0.1409953511841,0.1951929448459,0.1260804662253,0.2285161040048,-0.0308377898278,0.0825066386868,0.1127644404274,0.2319175478095,0.0107604760229,0.1341887854384,0.1278153319837,0.0765315164626,-0.0474671824335,-0.0318703427015,0.1036866278541,0.0224696764346,0.0811377504925,0.0877478649554,0.5579822161931,0.3742797915026,0.0187166898483,-0.2067553700149,0.1260191125558,-0.0915247761553,-0.0839848349503,0.0117329314720,-0.3222660938396,-0.1140600277371,-0.0983281009253,0.2261261816501,0.0131320899511,0.2260303643130,0.3322071514416,0.0202543363862,0.5748999987879,0.5788588646298,0.7113189679939,0.8082177359485,0.7938389042814,0.9151448207279,0.1317150035840,-0.0748927608713,0.1414574590073,-0.0218900392222,0.0463723837152,-0.0534946816437,-0.0176107685136,-0.0768711513555,0.3458219020891,-0.0157094874490,0.6172373682016,0.2769223588498,0.1800383732962,0.3423732253336,0.1791759221148,0.1093353144361,0.3086287674128,0.1400349706439,0.1057063427349,0.1958960655222,0.1892590547087,0.0346368461399,-0.1163271153615,0.3926409822358,0.1195420752223,0.3197068871732,-0.0209195169768,-0.0630761416370,0.2154676114411,0.2938622782202,0.1074152466095,0.4678159846057,-0.0873999100521,-0.0410030477619,0.0802648991773,-0.0475583703100,-0.0024610671485,0.1977748474962,0.0660288206246,0.2361895059889,0.2280486300701,-0.1119230346345,-0.0491726931902,0.0911081485682
-0.1019158926951,-0.0572655314192,-0.1351025733923,-0.0802599464915,-0.0151295598049,-0.0738277834524,-0.0454420144953,1.0000000000000,0.7032752345738,0.3007576537202,0.4726566202448,0.2957029715772,0.3235690889683,0.0554195256805,0.0468548364911,0.0914902067040,0.3898570045374,0.5056401519742,0.5391063928568,0.3394512706294,0.1919443957504,0.2057482463756,0.1130287064669,0.2685719271242,0.2375964188210,0.0772334357542,0.2511429031833,0.1331483322561,0.1733398895428,0.0593266971742,0.0334530673564,0.0196662225623,0.1961025358242,-0.0189352304628,0.0347715028357,0.1695520694428,-0.0256171825537,0.0634928410574,-0.0179529987950,-0.0233665702464,0.1295009495702,0.1187972287197,0.0814374108245,0.1083161557974,0.1308936297083,0.0611349429706,0.0359927664000,-0.1344367026167,-0.0092081958189,0.1502177696235,-0.0700397206760,0.0289004687665,-0.0645680430382,-0.0686406939526,-0.0668341110613,-0.1145353797331,0.4306688904368,0.7291053596264,0.7165910288104,0.5517006912902,0.1701474013310,0.4046025327027,0.1831888532461,0.2466869954470,0.0952245424465,-0.0817501944016,0.0497301321849,0.3582605542076,0.5015593103129,0.4724848382604,0.1238982747385,0.0907514789519,0.1754686250033,0.2617392461037,0.0428192126042,-0.1564476405980,0.0300975551555,0.0797640667285,0.0510745584850,0.2096592065205,-0.1183997729971,0.0215546698344,-0.1560887631536,-0.2246213644091,-0.0401387162110,-0.2335199493859,-0.0686300894534,-0.0873024705499,-0.1309598891742,-0.0752639391329,-0.0578287481506,-0.0975453406262,-0.0061713876467,-0.0641126440669,0.0133675017521,-0.1721215806146,0.0902899613234,0.1595976014417,0.0174763931060,-0.0056733166243
-0.0672778152930,-0.0215653909477,-0.0843972836183,0.0399273055264,-0.0245557811180,0.0074704792117,0.0938464498863,0.7032752345738,1.0000000000000,0.3546954417378,0.5466800037067,0.2974632566717,0.2327997854781,0.1748687770214,0.2461657358311,0.2045714174893,0.4796337531281,0.5059933523730,0.6734621859134,0.5812729185399,0.2306778997726,0.2439243912287,0.2695798015702,0.4130548308604,0.4165655568206,0.3249471742672,0.4838545690358,0.1001462429436,0.0526188773482,0.0250619029332,0.1169358168222,0.0927660350668,0.2550272709701,0.0262049282795,0.2413776770885,0.4986661052544,0.0495474245271,0.0581749799122,0.0335717513700,0.0008673746602,-0.0062803844570,0.0890064760934,0.0159762683256,0.1477203375250,-0.0305874112389,0.0673193571747,-0.0933512844247,-0.0462979359268,0.0220083427418,0.2265757611878,-0.1073824576469,-0.0270648026564,0.0316318980371,-0.0191516820191,-0.0184281970715,0.0188401866998,0.4482001860192,0.4809723820990,0.5607662971580,0.8158905643961,0.1975560925957,0.3808493724727,0.1079189757206,0.1585387305258,0.1170027538214,0.0300480297257,0.1930933691219,0.4145062426349,0.5460125797748,0.6812016329213,0.2572306902767,0.1545093233700,0.3074059869281,0.5285033275357,0.0156034765124,-0.0290626674362,0.2733758765909,-0.0149986177131,-0.0844031189918,0.3248852104138,-0.0948088892826,0.0471712092118,-0.1182888769985,-0.2297222084108,0.0218121733349,-0.1500353726794,0.0638908826930,0.0461677537081,-0.0997335407856,0.0572942416931,-0.0089175804534,-0.0271271243331,0.1852178900395,-0.0531147863531,-0.1355697144739,-0.0677657851070,0.0324639934172,0.0377357328793,-0.0152627131842,-0.0081459339596
0.2706506299089,0.1942031252560,0.0461875716540,0.0255781428261,0.0470477376733,-0.0210960313723,0.0476128205563,0.3007576537202,0.3546954417378,1.0000000000000,0.6310389547500,0.7744892802735,0.5865567017083,0.2967137724573,0.0807946791606,0.0288471198685,0.3690493159590,0.2042577038310,0.2304385071948,0.2487889646600,0.4569756722780,0.6396713623443,0.5949333601485,0.3851729551154,0.0967845312001,0.3147518153410,0.4647845741695,-0.0661077835288,0.1681678795734,0.0584380110576,0.0548166871603,0.1990636506294,0.3081276343563,0.2482097547209,0.0796527636013,0.1484041356007,0.1257938600625,-0.1034513545750,-0.1074019967760,0.1211050034721,0.2776838020686,0.3759549286279,-0.0076341256889,0.0675684384590,-0.0248053719331,0.2823178977034,0.1141891706518,-0.2008201280121,0.0410839572234,0.3971775068720,0.0815236646257,-0.0039755603648,-0.1402388136604,-0.0256777848573,-0.1046845670934,-0.0519988685306,0.3159992813115,0.1188428219202,0.1708583443874,0.3471225053485,0.6948867902602,0.5453518703529,0.4712174028020,0.4175988790969,0.1535099232530,-0.1701952725847,-0.0664513403541,0.3097039534405,0.1871962223114,0.1437364107017,0.4340344286265,0.5332078140169,0.3187119377597,0.4027927632705,-0.0316550762134,0.0317600002055,0.3429803832557,-0.2912400289490,0.0370737438315,0.1142937358814,-0.0477461392600,0.1618679796588,-0.0364128264991,-0.2161671486617,-0.0033494438119,-0.0433131146139,0.1848544873622,-0.0044315890117,-0.1634322030219,-0.1556150364423,-0.0833414357810,-0.0458399868747,0.0336060381639,0.0417340930997,0.0078805561782,-0.1640171833533,-0.0175426124495,0.2381322529023,0.3387893944590,0.0175286007043
0.0777859511468,-0.0634957500611,-0.0741042246818,-0.0204407076887,0.1042739163054,0.0661067018477,0.0040339818112,0.4726566202448,0.5466800037067,0.6310389547500,1.0000000000000,0.7083960750854,0.6241652925745,0.0687397826295,0.1380613024737,-0.0249080624893,0.4929253828706,0.4301377136577,0.2691608683785,0.2059849076138,0.2895366115250,0.5576468639762,0.6153940304709,0.4242774044399,0.1041276512756,0.2516103335743,0.4348990718676,0.0077178991400,0.1879632734464,0.0176036808098,0.0383097130554,0.1761420862712,0.2633036677354,0.0789317221673,0.0942778357323,0.1826298450155,0.0853809810415,-0.0213522361148,0.0494165335942,0.2309165978619,0.2507089102405,0.1948837500922,0.0376030548177,0.0192279917398,-0.0157440023256,0.1388716597487,0.0069255211762,0.0890954353943,0.1346923954613,0.2688669691124,-0.1479274152962,-0.1531059904151,-0.1087498156805,0.0015455398634,-0.0190971419834,-0.0936500460451,0.4365627916395,0.3304144560482,0.4308449859433,0.4252466574503,0.4072849936206,0.7720786679764,0.5032865982802,0.5267620124586,-0.0198231046500,-0.0432508945669,-0.0677663156158,0.4241625823951,0.2936139264791,0.3234052314265,0.3717822327528,0.4057790277332,0.2920871187203,0.2485292866223,-0.0112919400734,-0.0005819927231,0.3398284226788,-0.1885268691944,0.0897497046162,0.2312097272653,-0.0057102659141,0.0877827879624,-0.0479820367568,-0.2339860676071,-0.1357616526508,-0.0806157300634,0.1255622432901,-0.0107494447399,-0.1208022778932,-0.0226175694409,0.0324712979851,0.1553510964195,0.0232001416798,-0.0038273459539,-0.1147123468665,0.0605134330487,0.0966117713084,0.1713981600546,0.0912826971775,-0.0706399716356
0.2212409535336,0.0312812111916,-0.0450769933539,-0.0777933776063,0.0910642730925,-0.0310988417888,-0.0290529368851,0.2957029715772,0.2974632566717,0.7744892802735,0.7083960750854,1.0000000000000,0.6349247136352,0.1375001693167,0.0319568515671,-0.1372872194994,0.4629741495622,0.2467105358720,0.1745020660393,0.1262843309366,0.3415254561828,0.6321334915842,0.7488607917787,0.4663307842930,0.0015239043874,0.2691395236775,0.3967434487976,-0.0723158422430,0.1672905380589,0.0324613031992,-0.1400653827571,0.1200092867785,0.1799669572597,0.1874935969825,0.0410576551507,0.1001496221356,0.1255545280896,-0.2176830382629,-0.1907706486625,0.1379758255081,0.2143011851535,0.2025216573075,-0.1083074142142,-0.0993804141537,-0.1476300117511,0.2240268688835,0.0549972433780,-0.1909749991902,0.0941957644766,0.2607455064072,-0.0512146928856,-0.1475877031101,-0.2018439479371,-0.0364262316300,-0.1274368923882,-0.0972708955275,0.3676272057978,0.0992838652719,0.1797505613496,0.2198868255167,0.5345331333269,0.6147708524513,0.7475639041766,0.4438925876526,0.0198517960695,-0.2131345936426,-0.1662733275756,0.3829005547784,0.2137664104726,0.1484622629497,0.5321333994426,0.6459944289388,0.4041875319254,0.3585763444032,-0.1107768912598,-0.0596959006119,0.3286866212711,-0.2915492052628,0.0734168467018,0.1087773427520,-0.0623983678895,0.1451570152169,-0.0644022704750,-0.3020258865920,-0.1615636528121,-0.0355673649607,0.1964809488863,-0.0234017746830,-0.2399998738523,-0.2116076851623,-0.1195137539530,0.0465992448678,-0.0138853479151,0.0531413029642,-0.0556194258692,-0.1571978083947,-0.0274147678188,0.1306361081906,0.0664672979731,-0.0494581028397
0.0960126839189,0.0263665623238,-0.0287166653943,-0.0364709575116,0.0119382110358,-0.0509578427012,-0.0835151525566,0.3235690889683,0.2327997854781,0.5865567017083,0.6241652925745,0.6349247136352,1.0000000000000,0.0111249524582,-0.0053438798271,-0.0770285436002,0.2991409224800,0.2352003372790,-0.0251990540879,0.1242354649022,0.2770846140157,0.4072781107943,0.4238389654256,0.1835248353986,0.2047432729938,0.1718207284117,0.3370017810053,-0.0501275604456,0.1803087292871,0.0724646048438,0.0576197476645,0.2574967808456,0.3470185737891,0.1950917734577,-0.1211866812356,-0.0901929029277,0.0522900497972,0.0911780601896,-0.0074999847182,0.2288351468455,0.3961296192853,0.3205002272763,0.0651396121797,0.1220479605964,0.1299786981372,0.2051372402090,0.2780079417954,-0.0200741694199,0.0952613891254,0.1980296931000,-0.0719927534767,-0.1216566093246,-0.1764361829141,-0.0802046920994,-0.1380219224666,-0.1415501801542,0.3475685338126,0.2468777366889,0.2317608264090,0.1879750218825,0.2860560851563,0.4670645503048,0.4791457554475,0.7829987386182,-0.1349027705723,-0.1280491092927,-0.1947204934595,0.2041971085533,-0.0197751203627,0.0249602098021,0.0954202434878,0.2037502118987,0.0860719378048,0.1471700715061,-0.1349965918400,-0.1252223440492,0.1810723659130,-0.2921682960102,0.0789878739855,0.0485202380132,-0.0712124676159,0.1015645455781,-0.0874711133944,-0.1449098876625,-0.1391906097858,-0.1163847784560,0.0053258175421,-0.1390851171442,-0.1482472851149,-0.0448154047321,-0.0370496791898,0.0431597473825,-0.0163542989206,-0.0097382268258,-0.0519095982256,-0.0306807993975,0.0416278387826,0.1961457872077,0.0967453609529,-0.1906685105749
0.3983231371322,0.6168209579334,0.2654403028683,0.2733101466724,0.1240822102455,0.0857720961874,0.2231278152013,0.0554195256805,0.1748687770214,0.2967137724573,0.0687397826295,0.1375001693167,0.0111249524582,1.0000000000000,0.4458043430668,0.3867641431547,0.1921945428153,0.0525335367716,0.3065832042372,0.2966690659985,0.2084710209702,0.3699475713444,0.2413236473975,0.1668434667580,-0.1000988865826,0.4063885560631,0.1810937429761,0.2547883521921,0.3172924768511,0.4722186440644,0.1643139605948,0.3224654449506,0.2659582501931,0.4168395083028,0.2435981089796,0.3678176990950,-0.1073281169373,-0.0457070090055,-0.1734104841547,0.0715937407496,0.0328830633288,0.1345976573892,-0.0823432437533,0.1678960040207,-0.0177480310494,0.2142629461663,0.1513443022360,-0.0515394052562,0.3881121097557,0.2453535926697,0.2933176313657,0.3038286581461,0.2618331617931,0.0450441844854,0.0085007142831,0.2233910823421,-0.0355040159999,-0.1184021477873,-0.0806768799943,0.1274101033561,0.1694744715906,-0.1199721218079,-0.1131007629437,-0.1240804962607,0.6040446057437,-0.0636188627616,0.2991940556438,0.0460215983716,0.1062134752500,0.0762242063741,0.1524807706259,0.1634548606942,0.1363198341779,0.2024506360913,-0.0487698518479,0.2180313111209,0.0482055754730,0.0705045367769,0.1816034642097,0.0737844920627,0.0374939560143,0.0570586334428,0.2974400447335,-0.1400120658152,0.1320928533644,0.1743810712900,-0.0256456824445,0.1406561320057,-0.2738482547908,-0.0970581870684,-0.2127558355242,-0.0139207162054,0.1423835757007,0.1359922457514,0.0484850534506,-0.0650504750791,0.3147138331128,-0.0355952968684,-0.1142033734534,-0.1558628595485
0.0718576458897,0.2924984330386,0.0967115195525,0.4052126676643,0.0808202185046,0.1644794077373,0.1113331705319,0.0468548364911,0.2461657358311,0.0807946791606,0.1380613024737,0.0319568515671,-0.0053438798271,0.4458043430668,1.0000000000000,0.4190862169416,0.2950636522008,0.1616540978370,0.3190823016580,0.4630033513790,0.2069341644412,0.1111355989045,0.2466757734249,0.3409548197860,-0.0480448961817,0.3888456210961,0.3500047176163,0.0695908634226,0.0944049497566,0.0505514397944,0.2318755273394,0.2068029626682,0.1997368792147,-0.0147533466055,0.4055813821995,0.6044404916026,-0.0203066144567,0.0493373858142,-0.0142104644753,0.0090825282103,-0.1848335591164,-0.1367590347366,0.2067396741397,-0.0479026255708,-0.0981160802186,-0.0790750252873,-0.2340371972048,0.3004740796120,0.3583838069682,0.4097079164206,0.0360165906006,0.0679088317238,0.4169631707358,0.0540964982428,0.1243632297938,0.1058892998956,-0.0473454958850,-0.1593551447124,-0.1134653002050,0.1123675349578,0.0073355729393,-0.0129415874079,-0.2327191168909,-0.1375923155009,0.2296658038929,0.3279329874353,0.3525865769806,0.0598238347013,0.2125948433865,0.1599919449180,0.0396255198171,0.0231889414567,0.2598312922039,0.1357548694091,-0.0133804760777,0.3407526792548,0.2622197833037,0.0701179585840,0.1089625778499,0.1398962043779,0.1879471295017,-0.0761608438028,0.0211163643437,0.0257967789269,0.2374582529386,-0.0213061557355,0.0562298757960,0.3997630378699,-0.0626085177882,0.2122897380911,-0.0240222853869,-0.0411503328427,0.0521102865154,-0.0331752530291,-0.3604928112799,0.2917676510691,0.1646986444495,-0.2224585508984,-0.2889815081123,-0.1801318009434
0.2695137991255,0.1986355925125,0.4213068223415,0.6342815406131,0.3887994798951,0.5218717825031,0.5979628843805,0.0914902067040,0.2045714174893,0.0288471198685,-0.0249080624893,-0.1372872194994,-0.0770285436002,0.3867641431547,0.4190862169416,1.0000000000000,0.3836521121693,0.4261487699588,0.4363980291957,0.5971420048995,0.0560111985230,-0.0370086283235,-0.0096772260209,0.2727023441680,0.0474180523440,0.2280125653747,0.2168997335106,0.2225363031330,-0.0067767298994,0.0756280689827,0.5922854221522,0.4010257107589,0.4684679100449,0.0711478794232,0.6514447508026,0.5416549430950,-0.0542052159696,0.0726780276132,0.0797965859556,-0.1471586915250,-0.1689347928106,-0.0709366983128,0.0265654529807,-0.1338882070129,0.0824246916334,0.0218687327723,0.0652121092669,0.2942602007162,0.3721659358689,0.1493576421963,0.3724248348634,0.2978896620038,0.6483859527019,0.4796517298783,0.4461871779607,0.5397807031951,0.0125212543469,-0.0073958128345,0.1502683760967,0.0625636230131,-0.0743584983791,-0.1571336444164,-0.2317720599154,-0.1044877546072,0.3010550025092,0.1607479031821,0.8558926421586,0.2703838548209,0.3274853609586,0.3191366266491,0.0052031864564,-0.1306487214176,0.2642227181598,0.0147861501051,0.2582993371031,0.2749994109503,0.1519325719192,0.1946904421057,-0.0851750767886,0.5476512050948,0.2381662049109,0.3805723693306,0.0023745646098,0.1756970090787,0.3917113351904,0.1463890033369,-0.0120535690195,0.5165475718945,-0.1257764721905,0.1933868383420,-0.0427742634279,-0.1965614750719,-0.1941430621483,-0.0110995786499,-0.1970295043951,0.2308074155191,0.1952838356437,-0.2466936431798,-0.2569347630204,-0.1667272143056
0.0047182917807,-0.1379576447519,-0.0464297752797,0.1129865585203,0.1015581123003,0.0882003712849,0.1409953511841,0.3898570045374,0.4796337531281,0.3690493159590,0.4929253828706,0.4629741495622,0.2991409224800,0.1921945428153,0.2950636522008,0.3836521121693,1.0000000000000,0.7385667073457,0.5346776903001,0.5258705389955,0.3917289512369,0.3603483493177,0.4936861366760,0.5547482076600,0.0842490631220,0.4041519484029,0.4712693347581,0.0335598829254,-0.0093021574116,0.0524871714220,0.3305035637000,0.3998779075526,0.5623198350724,0.0762908391677,0.4182724240158,0.3605584145839,-0.0802114432524,-0.0762816699651,-0.1741541448824,-0.0620428921359,-0.0078646668239,0.1419173906432,-0.0850103603469,-0.1368770543726,0.0225421304865,0.1414072507850,0.0685861524261,-0.0600228423507,0.0754441333262,0.3041748566044,-0.1251465035020,-0.1566642793570,0.1141760551460,0.0551787485889,-0.0264529325287,-0.0072677140824,0.2827401333755,0.1772899999394,0.4181277721023,0.2431860927958,0.0963270583895,0.3616008059733,0.2742370398255,0.1467936992943,0.0190722423251,-0.1207435650573,0.3209679143322,0.7318617241306,0.5083475601046,0.5181870478278,0.4764319429713,0.2630865889191,0.4505715650511,0.2784843678203,0.1121441168726,0.0205429318895,0.3309117809417,-0.1056524691245,-0.1696395496340,0.6035416955790,0.1423530873196,0.4453093842301,-0.1480066059798,-0.2734941644356,0.1364754505889,-0.0485592123558,-0.0282244523103,0.2018393349454,-0.2999392164690,0.0031690169522,-0.1946288425954,-0.1744706234865,-0.0500616633121,-0.0465257873966,-0.2111001159800,-0.0935124462531,-0.0799137597934,-0.1333053684580,-0.1958210617171,-0.1198648135778
0.0387024340263,-0.1641815573229,0.0232728240244,0.0905331899323,0.2113552379431,0.1933355080059,0.1951929448459,0.5056401519742,0.5059933523730,0.2042577038310,0.4301377136577,0.2467105358720,0.2352003372790,0.0525335367716,0.1616540978370,0.4261487699588,0.7385667073457,1.0000000000000,0.4583970012863,0.5397533580706,0.1274910938374,0.1394625281890,0.2291116822420,0.5615575740758,0.2494970269247,0.2128114979377,0.3796664692783,0.1056953718201,0.0257317902105,0.0185600442515,0.3421999110187,0.2641204584587,0.4534875753265,-0.0274334673698,0.4315770307524,0.2797950111341,0.0559372662589,0.0414614542752,0.0385118703169,-0.0104204112393,0.0178674092947,0.0727226007222,-0.1931560132422,-0.0592996835869,0.0632192991073,-0.0149100718985,0.0025077433090,0.1134962788132,0.1306742874221,0.1655637252031,-0.0182030901639,-0.0222840697969,0.2088701526059,0.1776789507829,0.1053889117840,0.0822871687720,0.3645498942593,0.4296505241298,0.6108939530414,0.2322141034580,-0.0117135144222,0.3733903089599,0.1510417187316,0.1785099331752,0.0577718769954,-0.0473343720174,0.4081507572187,0.7087050162656,0.5116409309733,0.6195456560871,0.2650584885729,0.0847460330709,0.4930870419260,0.2006352415766,0.2018352613283,0.0643765696639,0.2674410355582,0.0680437346844,-0.0724485346661,0.7491519031408,0.0767046908937,0.3734569468695,-0.2434446627386,-0.1944805790180,0.2234866910862,-0.0336839592877,0.0366388753280,0.2154377936327,-0.1809231536753,0.1415340318056,-0.0287613181568,-0.0916064086560,-0.0592127993533,-0.1302325817783,-0.2194358471613,0.0303524117063,0.0472643227048,-0.1245779864954,-0.1903831744677,-0.1006015071738
-0.0345328227141,-0.0240023433759,-0.0912750026582,0.1009507859419,0.0254194076206,0.0208632665493,0.1260804662253,0.5391063928568,0.6734621859134,0.2304385071948,0.2691608683785,0.1745020660393,-0.0251990540879,0.3065832042372,0.3190823016580,0.4363980291957,0.5346776903001,0.4583970012863,1.0000000000000,0.6184761530344,0.1991827162519,0.1847189959188,0.2301256279594,0.3336225316269,0.1419210911692,0.2645099241716,0.3519822249692,0.1538872049111,0.1109795828537,-0.0413690901607,0.1668945115632,0.1042050415617,0.2807795931306,-0.0176787215966,0.3661781252815,0.6342948634490,-0.1432412179755,-0.1804282617315,-0.1845314738548,-0.1588293358984,-0.1802102426474,-0.0915541838281,0.0219551558601,-0.1009243977171,-0.1872876898423,0.0483605721771,-0.1776978234058,-0.1163726933354,0.0918716103956,0.1993044521005,-0.0109947815374,-0.0332148100086,0.1804027621731,0.0049388951946,0.0097064523159,0.1033669454175,0.1555148569165,0.2458657319593,0.3799315337715,0.5682925803400,0.1648361868250,0.1517599894252,0.0137899411979,-0.0532761598181,0.2846074677940,0.0141886156671,0.4901354431686,0.4217500748050,0.7717595798368,0.5967339359749,0.3389723909113,0.1548507606880,0.2876857036613,0.3912105358521,0.1072924723190,0.0642832004142,0.1630219757173,0.1043555047877,0.0042406182994,0.3574768169435,0.0177659301575,0.1898347991462,-0.1411437386005,-0.1863468680048,0.1185739182018,-0.2202512509654,-0.0680444859105,0.1780061652164,-0.1677028053212,-0.0874870347970,-0.2147447731997,-0.2015908067362,-0.0419349062764,-0.1037201643179,-0.1125110275385,-0.1403406415374,0.0591663093255,-0.0412462049178,-0.1415487062467,0.0337192287208
0.0143102895193,0.0651971333133,0.0758379643912,0.2126146413395,0.0662006297194,0.1887592905434,0.2285161040048,0.3394512706294,0.5812729185399,0.2487889646600,0.2059849076138,0.1262843309366,0.1242354649022,0.2966690659985,0.4630033513790,0.5971420048995,0.5258705389955,0.5397533580706,0.6184761530344,1.0000000000000,0.1807453260237,0.1319647317012,0.2058434892739,0.4271273801000,0.4621814196849,0.4107346010694,0.5589108277941,0.2004733651110,0.0431580059215,0.1156382634630,0.4419000451667,0.3610666028608,0.5696129594728,0.0951111806726,0.5081617104900,0.6107790757529,-0.1092626100712,0.1468133710202,-0.1294918351895,-0.1187876072759,-0.1358670511912,-0.0155238722701,-0.1080442229088,0.0714878139401,0.0424978091625,0.1029802305218,-0.0172865592760,0.0727540804586,0.1637694219819,0.2040117650438,0.0304336923265,0.0641433213851,0.2803804927068,0.1255321207931,0.1124003054815,0.1336253978935,0.2463366058491,0.1508735385225,0.2399115261486,0.3931736292411,0.0298952126599,0.0252879931082,-0.0568507727972,-0.0039927429248,0.2015826975383,0.0209633152292,0.5193967116188,0.3666407664176,0.4099776373999,0.6391661302175,0.1772263124342,-0.0092282399467,0.3653311153251,0.4719159894163,0.0882741854023,0.1840450927995,0.3401090581458,0.1072219123975,-0.1097658447860,0.5125176280758,0.0844653253633,0.3483892405514,-0.1435911002659,-0.1596170183061,0.3718496463254,-0.0399883936513,-0.0902266360756,0.2642895305558,-0.2609521831660,0.1975998437326,-0.2204782328442,-0.2023522815007,0.0854962692379,-0.1015520656735,-0.1944618437770,0.0213694239027,0.0536900815905,-0.1448520755106,-0.2163008868324,-0.1426645877345
0.0841410294488,0.1078087769181,-0.0392505665587,0.0760574865226,-0.0169392060113,-0.1463423765828,-0.0308377898278,0.1919443957504,0.2306778997726,0.4569756722780,0.2895366115250,0.3415254561828,0.2770846140157,0.2084710209702,0.2069341644412,0.0560111985230,0.3917289512369,0.1274910938374,0.1991827162519,0.1807453260237,1.0000000000000,0.2346184502800,0.4025654289831,0.2506516490458,0.2414249810564,0.4548439773226,0.5528523528123,-0.0174658624067,0.0786179772530,0.2112716921244,0.2633801857891,0.3380121428604,0.3987693882973,0.3588323872761,-0.0041712920675,0.0767223814891,0.0619878607464,0.1088994243105,0.0062648233865,0.2182492972800,0.2481712197435,0.6200316301524,0.4126855330399,0.3022550317874,0.3536307667365,0.3728638064632,0.3378725770558,-0.2026387915840,-0.0354231154216,0.5169289678324,-0.0362454634723,-0.0536015470369,-0.1162383079666,-0.1512139877273,-0.2054849216218,-0.1558002660839,0.0419253477050,0.0163315664280,0.0819654174195,0.1815269260087,0.2196938533651,0.1935277088304,-0.0114102017442,-0.0479377051730,0.0086372244444,-0.1299821961393,-0.0688876798247,0.1712483434023,0.0779025684405,0.0836515232928,0.1703454458548,0.2810238408496,0.1202818804714,0.3038135785516,0.2029049983628,0.1550005547527,0.3612906568273,-0.1917125442369,-0.0712355231448,0.0735868036637,0.0174388831634,-0.0028230393893,0.0138958668688,-0.1051778593676,0.1055564273574,0.0288755790090,0.0067221894649,-0.0626777364022,0.1029363338786,-0.0884484896922,-0.0572908175524,-0.0129022176435,0.1118851652435,0.1895386299881,0.0862143226129,-0.2123795681015,-0.0851161697790,0.1124638097799,0.2932202993010,0.2162348548223
0.1934735893245,0.2019895318069,-0.0453729114844,-0.0226175809482,0.0433229006108,-0.0520035793683,0.0825066386868,0.2057482463756,0.2439243912287,0.6396713623443,0.5576468639762,0.6321334915842,0.4072781107943,0.3699475713444,0.1111355989045,-0.0370086283235,0.3603483493177,0.1394625281890,0.1847189959188,0.1319647317012,0.2346184502800,1.0000000000000,0.6509195751860,0.3113191583932,-0.1167485852665,0.3132535460438,0.1912556144082,0.0927268767987,0.3366831283148,0.1823566914080,-0.1548416320348,0.0580131414429,0.0917465165888,0.3219339027011,0.1896577644859,0.2321482359369,0.0538785426248,-0.2351213277493,-0.1420857083306,0.1479574599884,0.1426737184655,0.1569638088002,-0.2247764182362,-0.0098461694446,-0.1850258727807,0.3541235841161,0.0261443692547,-0.1368346855601,0.1409004356358,0.1203319112224,-0.0437728622127,-0.0380190416674,-0.0947096100713,-0.1148189811965,-0.1118174624021,0.0288151505177,0.1747290094694,-0.0762679222091,0.0640757517743,0.1604027110356,0.5551683675293,0.3529307519071,0.4755575059131,0.3054740837126,0.1816077535446,-0.2010067723384,-0.0737629967270,0.3043577381386,0.1600017920831,0.1133908465333,0.5544083622439,0.6075106534463,0.2480239207145,0.3174291978757,-0.1300590873051,-0.0015346412209,0.2029822722874,-0.1100435258356,0.1941492506667,0.0046864341664,-0.1178914663862,0.0929821800529,0.0778867893764,-0.3609934107515,-0.0741211959810,0.0636613611313,0.2067585354274,0.0595441598067,-0.2032905990084,-0.2237808574881,-0.0835147809012,0.0723776786648,0.1472561316916,0.2004165621668,0.1863824632286,-0.0630388015609,0.1394041064436,0.1351715099628,0.0663003490171,-0.0222081950368
0.3056800736719,0.0875476968793,-0.0235337688028,0.0818551050762,0.1662413551081,0.0809234552934,0.1127644404274,0.1130287064669,0.2695798015702,0.5949333601485,0.6153940304709,0.7488607917787,0.4238389654256,0.2413236473975,0.2466757734249,-0.0096772260209,0.4936861366760,0.2291116822420,0.2301256279594,0.2058434892739,0.4025654289831,0.6509195751860,1.0000000000000,0.4535939101523,-0.0598669565966,0.5096990895994,0.4928443193769,-0.0849897512470,0.1548139235045,0.0228676919181,-0.1014318374380,0.3138290230479,0.3027078191214,0.2633462110732,0.2104561212538,0.2853053210339,0.0347084651842,-0.2839661020694,-0.2502092083362,0.1606989572330,0.1375603726988,0.2016248219743,-0.1625223570536,-0.0885325547405,-0.2361219795394,0.3633856530219,0.0404689589946,-0.1342304204325,0.1668425275003,0.2780523917774,-0.0299538272013,-0.1960499928841,-0.0294783534602,0.0286136288228,-0.0309960473003,0.0558221892430,0.2159670261954,-0.0946444141375,0.0531121342443,0.1281480331485,0.4360778549276,0.4347565823217,0.5334574533968,0.2353235465779,0.0670755501858,-0.2100966202330,-0.0203120197467,0.3641571712014,0.2411588947362,0.2280969485082,0.5960056665720,0.6959458736998,0.4136939813247,0.3722399145549,-0.0737237279222,0.1954640906532,0.4681531317883,-0.3113437074801,0.0973840602109,0.1261491972114,0.1410053611074,0.2331623250461,-0.1119690775501,-0.3765634871739,-0.0407145944381,0.0888750328238,0.1401531014326,0.0773196449808,-0.2512379556026,-0.2405349304989,-0.2154275546853,0.0740683274275,0.0702328556301,0.1787726932542,0.0050874133861,-0.0971227185102,0.0193933396468,-0.0147224229770,0.0141887684701,0.0238124910010
0.1392873500689,-0.0502384710005,0.0685197625054,0.1729915400620,0.1871518029489,0.1802617414695,0.2319175478095,0.2685719271242,0.4130548308604,0.3851729551154,0.4242774044399,0.4663307842930,0.1835248353986,0.1668434667580,0.3409548197860,0.2727023441680,0.5547482076600,0.5615575740758,0.3336225316269,0.4271273801000,0.2506516490458,0.3113191583932,0.4535939101523,1.0000000000000,0.1371485709261,0.3390916893559,0.4512666388820,0.0251983857457,0.0057362114010,-0.0576145145454,0.0659461366896,0.0403215330185,0.0919508476427,0.0271057913940,0.5267517920154,0.5283054981152,0.3670784216521,-0.1273434984752,0.0118332240298,0.0523538059715,-0.1015691398048,-0.0171320494761,-0.1424305491853,-0.1758147610322,-0.1690589449343,0.0111344257532,-0.2015875512313,0.0902293996047,0.2326072587018,0.3180238942785,0.0507321408005,0.0035450238818,0.1984855682652,0.1820634625717,0.1060145194193,0.1185940829991,0.4839740806264,0.1440450663002,0.3603578848489,0.2581307206233,0.3155842677584,0.4075289790004,0.2860027732904,0.1498738465963,0.1792534332706,0.0552569696001,0.3115360064066,0.5810977153610,0.4991233285175,0.4237944740532,0.5068274945539,0.4874917275543,0.9021886459827,0.4304933994115,0.1050591123920,0.1831543151129,0.4268404343755,0.0076239434637,-0.0105237382137,0.5040239121317,0.1201171754095,0.1947955002079,-0.0030987142884,-0.1715084339628,0.2160419485138,0.1296294276868,0.4324040121262,0.4167311982488,-0.1120548322001,0.0452148611107,0.0429650352722,0.1020821370437,-0.0122717472556,0.0877465670800,-0.0959587988249,0.1362984851468,0.0931967732457,-0.0475160557423,-0.0735574031082,0.0799935287525
