1.0000000000000,0.5094394149018,0.6990976584614,0.6130817081534,0.7274099064784,0.6077925845809,0.5820144800018,-0.0491337350835,0.1402527705242,0.3959896218251,0.2324199746071,0.2073910654586,0.0708750460617,0.7170008112268,0.5279540267711,0.3626088877542,0.1103861121188,0.2054002315911,0.1780941988046,0.0773516691484,-0.0670804397574,0.2909269511304,0.2047988961729,0.2807503377096,-0.0602459962606,0.4087415057085,0.1542690903598,0.0528549963624,-0.0808001248155,0.1188419975659,0.1877830853733,0.2875595881041,0.1208903958337,0.0074657268275,0.1982193127936,0.3351801481428,0.1292621069724,0.0681447910470,0.0559798447206,0.2075730397425,0.1503245567979,0.1433090183729,-0.0814086929262,-0.0048372063176,-0.1177780160471,0.2699004801988,0.2667005484928,0.3041479594354,0.4646857921991,0.2715714728984,0.8100002518954,0.6274668049766,0.6655168061967,0.6255588768780,0.5815403624785,0.6069256119920,0.1625158563644,-0.0863755904452,0.1662637921354,0.0570655317904,0.3341523162688,0.2991020952637,0.1092825173137,0.0744888432861,0.7469004993165,0.3886090221849,0.3268684233454,0.2876066271732,0.2556882726059,0.0981600215711,0.2228736084985,0.2611792276784,0.2293949536589,-0.0828171026338,0.0001607315220,0.2265548671890,0.0789362452067,-0.0159518356143,-0.0390928551848,0.3275809532427,0.4050212585247,0.2366997764791,0.2214012886106,-0.0069959580180,-0.0774991867611,0.2434991024183,0.0022771233893,0.2788070792900,-0.0259740172870,-0.1171089480319,0.0715981903289,0.1904912418957,-0.0217219563586,0.0998808710947,0.2193396266128,0.3012779175612,0.4873036337390,0.3433282553777,0.3809371509790,0.2175503111380
0.5094394149018,1.0000000000000,0.5515779800031,0.3975082069866,0.0288502444054,0.2806690388376,0.2366777648728,-0.0045000707926,0.1141002256578,0.2147360003966,-0.0442377822966,0.1149180501196,0.0921930320871,0.6494890280544,0.4302397355269,0.0564713449088,-0.0553610697264,-0.0067086901013,0.0178370912254,-0.0742556369055,-0.1733431446780,0.1264138156910,-0.0466592542938,0.0326271572562,-0.0027850725952,0.3172406653530,-0.0427372620961,0.3058425207705,0.1563318014494,0.4684695930884,-0.0617106985047,0.1596431416984,-0.0200556377130,0.1867665495631,0.0032752174181,0.1831936066274,0.0338121336321,0.0423508874459,0.0311406732371,0.3072691718154,0.1812777651861,0.1194383528496,-0.1324105168135,0.0934597035096,-0.0691425164221,0.0557118310936,0.1680958579422,0.1421564072134,0.2455585158162,0.1661104115912,0.1892194929887,0.8615652797731,0.4059391493688,0.3023186631121,0.1750016722604,0.2830365598710,-0.0224775887303,-0.0421215466037,0.1260492844643,0.1335398527822,0.2698314530939,0.0717693200611,0.0711807122259,0.0510655411831,0.6791040583973,0.2863201369984,0.0807580413048,0.1150128918128,0.2010841386343,-0.0729090636185,-0.0168950237592,0.0321515995698,0.0535850015702,-0.1185532293019,-0.1735854008375,0.1060448890057,-0.1005304014111,0.1045544440360,0.1948694826165,0.0297894913732,0.2043657838384,0.0063256225195,0.3828535604249,-0.0707467765328,-0.1136820560314,0.2643260726750,-0.1220740124478,0.0372074133030,0.0037949194591,0.0243635458101,0.0620607458514,0.2088249769579,0.1252117891397,0.1271071331141,0.0517895015568,0.1063596591651,0.3404412457868,0.2459647352198,0.2867162179244,0.1003551116546
0.6990976584614,0.5515779800031,1.0000000000000,0.5256806622428,0.4742213453072,0.5041851076930,0.4084266778096,0.1055332506932,0.2867872638040,0.3559811366392,0.2213641250953,0.2059339577226,0.1813231033445,0.5687836473626,0.3396429109437,0.2527403999176,0.1183892432553,0.1628165759162,0.2383208409756,0.1653070831492,0.0780424004772,0.2099390874245,0.1128811499784,0.1826215106903,0.1977436705243,0.4321763545345,0.2066524320885,0.1938921615843,0.0243743659853,0.1187215148385,0.1997520384822,0.2618589965765,0.1941982276730,0.1679264339112,0.1348433549104,0.3319792760731,0.2014424082847,0.1689015227387,0.2079785558739,0.2664878750411,0.2392730620472,0.2729525201643,0.0841081692275,0.2024460299281,0.0600201686866,0.2090235083995,0.3309186293723,0.2824883602463,0.2720713193017,0.2533814132017,0.4976704500366,0.7878444608919,0.4445526758954,0.7435039843241,0.3258491073895,0.4363449490397,0.0436031934302,-0.0118782778672,0.2497987593203,0.2210581098620,0.2349895466534,0.2434713368178,0.0828158728420,0.1688324651581,0.5429785750410,0.2444303111018,0.2684173646291,0.2106373467649,0.2754014843262,0.1203010583995,0.0703914439198,0.1243501369920,0.1299975252599,0.0235880278050,0.0385595006050,0.1559046073499,0.1372109594053,0.0231335698450,0.0474792005424,0.1927200820563,0.3327500337419,0.2092409470370,0.2076580638680,0.0519943869391,-0.0569484105592,0.2292472661355,0.0573178090282,0.1601874405500,0.1320230978667,0.0020520072529,0.1818508134894,0.2115284226380,0.1216570846197,0.1039705324429,0.1971795725068,0.2146164651752,0.2590483988030,0.3369133320990,0.2862938061843,0.2507142295733
0.6130817081534,0.3975082069866,0.5256806622428,1.0000000000000,0.6317474315913,0.7523958880942,0.8382445650104,0.1847832103522,0.3841214705017,0.3543827980768,0.3422312826269,0.3153486491284,0.2757919392706,0.4678174171203,0.7524855237744,0.6043126807380,0.3079031006301,0.4710720035000,0.3275656036070,0.2059489572438,0.1252135144279,0.1034449955340,0.2486834474864,0.5118755349450,-0.0814616753373,0.3209993990703,0.3040487191338,0.1635468484863,-0.0393093916156,-0.1329926791260,0.2248136109930,0.3272565531048,0.1485573494223,0.0006422345215,0.2497118250716,0.5821506496564,0.1780828404542,0.0142724419014,0.1524331756064,0.1896387604837,0.0280843222474,0.1734483229512,0.1004131206148,-0.1361747911922,-0.1554718368478,0.2231117147597,0.1284748485127,0.3063044193315,0.3334417480935,0.3041537844191,0.6964015125821,0.3834476216486,0.8883392044263,0.6278281862969,0.7191046477246,0.8462861713976,0.3440092882966,0.1537057375877,0.4290943062382,0.2685514654375,0.2408011449841,0.4710791726427,0.2141974780185,0.2181602278725,0.5580877884562,0.5021133050429,0.4495573636574,0.5683295079568,0.4918554747382,0.2879167034716,0.3509197309335,0.2267046561421,0.4564519429184,-0.0046202495985,0.0695862668496,0.0999926613452,0.1639275633220,-0.1923547653404,-0.1310884031802,0.4703588892614,0.2569569583422,0.2764101328719,-0.0675788033707,-0.0224215515045,-0.2198323406507,0.0004577035132,0.0621546843717,0.3479609649929,0.0350288530083,-0.0745499502473,0.1848117206326,0.0469901309514,-0.1917575308443,0.0655696933901,0.0954353969413,0.3308315900374,0.2990872698150,0.1693057980002,0.3919273694335,0.3671415998133
0.7274099064784,0.0288502444054,0.4742213453072,0.6317474315913,1.0000000000000,0.7428589477086,0.6637876791737,0.1993087602000,0.2818740131111,0.4729305854774,0.3624515013788,0.3097328578184,0.1712803448545,0.4458427765349,0.4877715567633,0.4324234006447,0.2941882296526,0.3700534047668,0.3594070633984,0.1751955090688,0.0214058219215,0.2961281512934,0.2565576065746,0.3764012347128,-0.0532282587902,0.2715732069186,0.2440510107921,-0.0433288859711,-0.1693333243819,-0.2839785203470,0.1862810857750,0.1564337869974,0.1039290036604,0.0201268371501,0.1989065052573,0.3732082417529,0.1622016503192,-0.0314130993857,0.0438797778946,0.0899618095919,0.0591269404204,0.0732311986940,-0.0259429207096,-0.1215679090629,-0.2325666175690,0.2725025480509,0.1366387092459,0.2877570181723,0.4171555640233,0.1347485236130,0.8981754793555,0.2014275546551,0.6050778275432,0.6942078743217,0.7850576922960,0.6835776338694,0.3374780516347,0.1482098077958,0.3756348123869,0.1923432950118,0.3782083778722,0.4210799370590,0.1593864518167,0.1792253811957,0.4515748931252,0.3156402956533,0.3864457341305,0.4476826002435,0.3554994698500,0.2570555805411,0.3792818546679,0.2973213118824,0.3652054294014,0.0727233267742,0.0449943594213,0.1526334892136,0.1677732531216,-0.0926156616594,-0.2195593801284,0.3843101531269,0.2385996399739,0.2185855778566,-0.1712862936711,-0.0774873952056,-0.2026680761192,-0.0177784203231,0.0919211648968,0.3093211453344,-0.0633471588545,-0.1546321025457,0.0627234583231,0.0667775805023,-0.1869653231918,-0.0319242500703,0.1157300877063,0.3208593444286,0.3291784128755,0.3117549483971,0.3191475675043,0.2503016006620
0.6077925845809,0.2806690388376,0.5041851076930,0.7523958880942,0.7428589477086,1.0000000000000,0.8265208175818,0.3569463101007,0.5021438530060,0.5219232476120,0.5227986905545,0.4452794809650,0.3356235239613,0.3937371103105,0.6258808088653,0.5353075071705,0.3415105598831,0.5688039704736,0.2828841179909,0.3024323568977,0.1817690539214,0.3727409442285,0.3538029728396,0.5625786689884,0.0814604259685,0.2358600071035,0.4225420686003,0.2294055343291,0.0223071630153,-0.0770735487067,0.2545586788750,0.1924731188350,0.1807225885696,0.0947252783768,0.2114320676450,0.4658312611677,0.2348306518559,-0.0156194481239,0.2071448247425,0.3623073421296,0.2204972364152,0.2457654578837,0.0501779267135,-0.0282666157183,-0.1321084719832,0.3873504251263,0.1897539767510,0.3962706259702,0.4554119565689,0.2524350529466,0.7492028631676,0.3008193250955,0.6892596162139,0.8153208756203,0.8955891135821,0.7138996765117,0.4462060540961,0.3199631459872,0.4471945380777,0.3593021720083,0.4069910930530,0.5978361413179,0.2208707297209,0.2749327277054,0.4999008425675,0.3883930366411,0.2551249786917,0.6583669108518,0.3870115388400,0.3199454549791,0.3978442351853,0.3311003004374,0.5476956599115,0.1556950649476,0.0210438210215,-0.0424523303918,0.2652242848979,0.0975135222115,-0.0237101954284,0.4319702728732,0.0883542225382,0.2337695856068,-0.0740473889341,-0.1889603447104,-0.2860420923315,-0.0223517095155,0.0899313968438,0.2676660916342,0.0292450845699,0.0100418219119,0.2421214624387,0.1726934517808,-0.0924870673022,0.2003921949605,0.1043015089062,0.4177203289441,0.3951144318031,0.3082770044060,0.4794640803658,0.4425625338876
0.5820144800018,0.2366777648728,0.4084266778096,0.8382445650104,0.6637876791737,0.8265208175818,1.0000000000000,0.2243191673201,0.4676082225772,0.4349216033322,0.4092815935380,0.3579529328989,0.2880772521842,0.3542217167469,0.7311223277929,0.7098517685279,0.3690682009093,0.5566217942692,0.4031547183066,0.3657851762586,0.1805101467290,0.2866014396673,0.3236655665342,0.6616197145515,0.0119509176077,0.2739745088158,0.4088247525262,0.1259403599577,0.0133518249648,-0.0685639057829,0.3116354086111,0.2979404245706,0.2427775152829,-0.0965522686864,0.4385293109501,0.6191784057910,0.2777506210543,0.0769477419358,0.2394854361383,0.2195858277348,0.0458313246719,0.1300404260229,0.1198177322766,-0.0948047457926,-0.0825707293630,0.3188990954360,0.1026188178835,0.4194653496661,0.4460392768988,0.3627720759040,0.6911230294154,0.2155856945106,0.7836439507756,0.6381040743590,0.8161769230719,0.8210796427175,0.5026656010163,0.2232550514892,0.4215765282283,0.3086376472742,0.3108218591358,0.4788266713750,0.1972097619498,0.2203883538142,0.4901374381327,0.5140930599091,0.4533255020935,0.6210981868990,0.5023193046268,0.4491321769127,0.4319879848998,0.3223805601478,0.5913756558753,0.1399061658248,0.1118776598807,0.0394598171930,0.2447996894121,-0.0668230805906,-0.0440871349891,0.5908109526241,0.1759144533403,0.3153403247366,-0.0820179137906,-0.0080272515040,-0.1505237931938,-0.0624120373685,0.1707423682605,0.5051560386472,0.0407035665700,0.0304354802330,0.2664659099605,0.1015708252952,-0.1228886612585,0.1283567006145,0.1147125979604,0.4641378657143,0.3908801075790,0.2085245464142,0.4056436306114,0.4154629760210
-0.0491337350835,-0.0045000707926,0.1055332506932,0.1847832103522,0.1993087602000,0.3569463101007,0.2243191673201,1.0000000000000,0.6595759186720,0.3892887441819,0.4419105012891,0.4585916605122,0.4167064290392,-0.0123980459490,0.1549250498192,0.1999434422736,0.3834903871204,0.5857570144798,0.4000751870033,0.5103348890990,0.2353741375983,0.3367184328415,0.3042046897840,0.3231385210886,0.3965292488744,0.0472355890177,0.3731741604553,0.1973253192510,0.0913885586628,-0.0607265623273,0.1098005838041,-0.0436917509225,0.1696919366344,0.1095804303218,-0.0299340284734,0.1503006805525,0.0646193184785,0.0641689780060,0.0991457164864,0.2132386308711,0.1043967238185,0.1378962770212,0.0047631257514,0.1061584221922,0.1011081551776,0.2614076245770,0.0422475018956,0.0736956355803,0.1190887409054,0.0022729038497,0.1257116343717,-0.0238171430937,0.0247357667388,0.3312185021202,0.3093314262667,0.2033912378520,0.4781705477207,0.8679927318369,0.6724402304845,0.6975714146797,0.3354001539205,0.4608648689072,0.2446594120104,0.2973994084728,0.0514267170477,-0.0332818567674,0.0531488123768,0.5380181847253,0.3305476497933,0.4068092164433,0.3117907640323,0.2618587797065,0.4072131030232,0.4664858923352,-0.0658722920455,-0.0913762565283,0.1988734084302,0.1502686161022,0.0198477156057,0.1774468250100,-0.1589637872724,0.1355547892345,-0.1717292935434,-0.2944515587001,-0.1293451696684,-0.1641017980158,0.0417198527532,-0.0227127112709,-0.0942999304445,0.1790249494780,0.0859429512565,0.0670647704603,-0.0213485249172,0.0759765236449,-0.0053060977137,0.0649223122615,0.0600515641513,0.1511761035842,0.2286060751722,0.2089399134185
0.1402527705242,0.1141002256578,0.2867872638040,0.3841214705017,0.2818740131111,0.5021438530060,0.4676082225772,0.6595759186720,1.0000000000000,0.5403953498624,0.6234358536697,0.5982465392750,0.5017620712289,0.1084605829981,0.3667188151816,0.4565225058334,0.5275681569424,0.7236692214332,0.5271027828834,0.6363710825713,0.3936811657615,0.4095147526081,0.4163131911763,0.6300001715676,0.4321687609879,0.1958465870389,0.6209315506531,0.3025407269404,0.1286115253871,-0.0207100466799,0.3404556647784,0.1403369774556,0.3775131585950,0.1750700060306,0.1513149408582,0.4485362373589,0.2237049512284,0.1356945982144,0.2188347285951,0.3548937799642,0.2278948929656,0.2946041091001,0.1539019982358,0.1758827273973,0.0866134800852,0.4103175947625,0.1949867647086,0.1975379544988,0.2413972604009,0.2411170404288,0.2637789275349,0.1108031855912,0.2521333715015,0.4900233975622,0.4072178094515,0.3046922267942,0.5304224719778,0.5759376395271,0.6644582003747,0.8680357248009,0.3709458147343,0.5763327599508,0.3529222346909,0.3674255837712,0.1513016489079,0.2727053549288,0.1718857858783,0.6802731303505,0.5764839325304,0.6267539822181,0.4187412450393,0.3497701607598,0.6978245593711,0.5144380564217,0.1151649329721,-0.0863598121431,0.4554273884384,0.1468338928780,0.0509405162619,0.4584888692978,-0.0048539112019,0.3285143338763,-0.1246312152348,-0.1442955108469,-0.1358899158711,-0.0866987730202,0.1671653121961,0.1022014646695,0.0654742733550,0.2356440276925,0.2294326508927,0.1621533575209,0.0787690406030,0.2154733064064,0.1180773460591,0.1674256131741,0.1258168746415,0.2520181057451,0.3677912593646,0.3749149927745
0.3959896218251,0.2147360003966,0.3559811366392,0.3543827980768,0.4729305854774,0.5219232476120,0.4349216033322,0.3892887441819,0.5403953498624,1.0000000000000,0.5481273986871,0.7051845193262,0.4899998579526,0.3877786654906,0.4491082858829,0.3115526558611,0.5249846881253,0.4213453243098,0.4680386089227,0.2595856487811,0.2444900906092,0.6634852451993,0.3708188415218,0.4336419968183,0.1576138572472,0.2732086015156,0.4365396688903,0.1103641664084,0.0632235957139,-0.0344814192243,0.2782611942948,0.1338092780679,0.3041709196479,0.1789841176818,0.1841960770991,0.2902956467945,0.2337827717471,-0.0450385263742,0.0446227364673,0.2270264150254,0.2351895607538,0.2962329498471,0.0145445918872,0.0492072898981,-0.1400353593013,0.3897991781497,0.2604309478303,0.2799832787812,0.3602667880573,0.2711786506226,0.4414365927245,0.2833457900578,0.3238700740834,0.4811694963939,0.5162135895358,0.3725500359104,0.4634073636933,0.2768991340445,0.4910658088769,0.4957710730537,0.8313851248639,0.5929341789168,0.4930180486307,0.4849990364014,0.3699131247485,0.3591366603480,0.2152287473377,0.5828546563386,0.4104022896559,0.3611854211066,0.5272114889194,0.5078687191440,0.5024735853187,0.3023354016568,0.0489919755814,-0.0016285768482,0.2685292738941,0.0057356114764,-0.0126135385720,0.3985256803337,0.1124134726246,0.2919798183768,-0.1179179433074,-0.1275513750670,-0.2584214688678,-0.1094053690543,0.1303191501709,0.1805108246237,-0.0256685411871,-0.0579040167403,0.0660221184254,0.1171989753761,-0.0842448870775,0.0561147552276,0.1880145327270,0.2766022288297,0.2726635287598,0.5449902650013,0.6314946791881,0.4161574574269
0.2324199746071,-0.0442377822966,0.2213641250953,0.3422312826269,0.3624515013788,0.5227986905545,0.4092815935380,0.4419105012891,0.6234358536697,0.5481273986871,1.0000000000000,0.7286652893724,0.5256832257296,0.1233733388285,0.3708766085845,0.5050401232153,0.5048086104911,0.6824566529805,0.1749903990300,0.5100534057957,0.4348309806658,0.4894424889194,0.6698485587999,0.6639712418379,0.2080715317107,0.1883330403500,0.6900127971168,0.2556379026361,0.0955249205319,-0.0722503055473,0.5053202839994,0.3561826451414,0.5019929675357,0.0709574380955,0.2299826446798,0.3794078595685,0.2990339493216,0.1482749196319,0.2431519462382,0.4218465459321,0.2183412265148,0.4004029397711,0.1856457006216,0.1389450542405,0.1595268366910,0.4444327938474,0.1993139454423,0.3600860818967,0.3844145929560,0.3812209809754,0.4062019841941,0.0145199147132,0.3213313216700,0.4043912329430,0.4363547540992,0.1877525467241,0.3951975391467,0.3739414100802,0.2968968711547,0.4263868063572,0.3664601408142,0.8318930314111,0.5667585094261,0.4556173662165,0.1928513665024,0.3434419982921,0.0423923639617,0.6924330380543,0.2203308402105,0.3321175695232,0.4725040540083,0.4889912751800,0.6651584951615,0.1824725378292,0.1286636250594,-0.0773492941446,0.5073871191407,0.1425479773949,0.0084250626659,0.4910531112929,0.0525481470649,0.4392263150731,-0.0458061438070,-0.1442365145671,-0.0997749914051,-0.0567314444056,0.2285184208778,0.0887551986192,0.0594486508709,0.2248864893803,0.2559692013563,0.2094096012521,0.0358069279560,0.2524274978135,0.1196483231168,0.3030139805940,0.2618474957952,0.2214988248406,0.4981747241201,0.4110204400245
0.2073910654586,0.1149180501196,0.2059339577226,0.3153486491284,0.3097328578184,0.4452794809650,0.3579529328989,0.4585916605122,0.5982465392750,0.7051845193262,0.7286652893724,1.0000000000000,0.6383138754871,0.2743698905802,0.4637687009241,0.4592787870837,0.6608975188102,0.6459823715052,0.3853609334689,0.4210078067600,0.3100503056130,0.6695429863532,0.7103653985457,0.5772942119762,0.1317869607366,0.2848641759446,0.5736381971847,0.2357650799933,0.0936558675638,0.0221525997044,0.4443704401648,0.3161839422617,0.5080438815680,0.1413805909906,0.2080665400367,0.3768834718655,0.1488168957932,-0.0243833831515,-0.0392464593071,0.2640646018625,0.0476068249461,0.2790639194753,0.0155562654675,-0.0314899052255,-0.0924857634508,0.3479428229293,0.1855598453568,0.1808482171814,0.2509442886777,0.2695879505014,0.3232967741350,0.1092193328203,0.3160646806269,0.3548918178290,0.3792570286300,0.1994468241085,0.4739493826769,0.3424441005935,0.4086901876533,0.4533397780949,0.6296994529713,0.7659443265362,0.8523584131655,0.5644495134997,0.3151342413854,0.4136947152373,0.1282034555134,0.6823099257895,0.3844832662594,0.4086559494673,0.6556603155209,0.7020871343140,0.6330467416057,0.2168003033417,0.0310415739628,0.0306926490715,0.3567882569977,0.1114055464603,0.0214585233843,0.5214110739003,0.0982836577226,0.4361253367630,-0.1061299182748,-0.2346216533929,-0.2289325655938,-0.1261817307943,0.0134606352926,0.0733829471129,-0.1924461195773,-0.0031966278281,-0.0299818118554,0.0334672447253,-0.1089929517706,0.0677102525963,0.0553861661358,0.1603602072352,0.1817130045364,0.2428199988904,0.4872985291044,0.2480507485565
0.0708750460617,0.0921930320871,0.1813231033445,0.2757919392706,0.1712803448545,0.3356235239613,0.2880772521842,0.4167064290392,0.5017620712289,0.4899998579526,0.5256832257296,0.6383138754871,1.0000000000000,0.0539303914381,0.3089701730040,0.3404506331149,0.4020374652367,0.4462970114616,0.2474266111533,0.3866715761777,0.2686421662705,0.2537969363649,0.3144790594781,0.4049173447066,0.2360458506360,0.1030056104967,0.4184799036002,0.2030908724853,0.0641212842607,0.0041280427237,0.2540014179861,0.2165158708166,0.4259075360751,0.0324323189428,0.0089032485028,0.1923643872881,0.0268064346172,0.1196034224601,0.2001039067552,0.2522396606764,0.1536358198661,0.3014617898233,0.1577433764479,0.1558558818386,0.1177505382716,0.2600891894888,0.1383835705883,0.1439146710880,0.1643871521417,0.2203934265341,0.1980979680608,0.1019027559532,0.2394377251359,0.2620743908754,0.3022757568249,0.2322345832054,0.6069547328340,0.2715630328666,0.3011009937330,0.4293561736206,0.3227931694226,0.5048787660914,0.5806793346662,0.9007794155583,0.1164474629961,0.1808221578431,0.0646929041016,0.5490603510850,0.1824572818410,0.3697733216139,0.1975844336665,0.2543324679774,0.3503066955561,0.2129016623745,-0.0286556572662,-0.1844625777146,0.1907665172818,0.0797209407854,-0.0150912165635,0.2923399433417,-0.0619625584555,0.3873385125871,-0.0807745980335,-0.1009138980305,-0.0804792557811,-0.1711047943859,-0.0659381608826,-0.0129643358953,0.0523608129796,0.1442337184008,0.1468522747494,0.1408431300278,0.0258739838274,0.1284506942505,0.1782832646414,0.1308260443780,0.1131512598651,0.1339087897458,0.3617706415391,0.2670178597232
0.7170008112268,0.6494890280544,0.5687836473626,0.4678174171203,0.4458427765349,0.3937371103105,0.3542217167469,-0.0123980459490,0.1084605829981,0.3877786654906,0.1233733388285,0.2743698905802,0.0539303914381,1.0000000000000,0.5410005222658,0.3110869442710,0.2781058914662,0.1655498194114,0.3226544725400,-0.0074594896522,-0.1561204942837,0.3340651500719,0.1029758604222,0.1433297284029,-0.1477782199497,0.4023842551333,-0.0108162311445,0.1462691745177,0.0755441111960,0.3194286811714,0.1605383068299,0.2862210288770,0.1648133938645,0.1365701040954,0.1676831972869,0.3649581886094,0.0238621731479,0.0301797836148,-0.1470461750095,0.0701012022909,0.0685480061290,0.0624751211424,-0.1778163605456,-0.1448477710782,-0.2283563657910,0.0749908334683,0.2801198801041,0.1800281150721,0.4324647705356,0.2308516899292,0.5440233292960,0.6959206441685,0.5603537115130,0.4093386895961,0.3896283446268,0.4217561975489,0.0139181163183,-0.0691161351934,0.2584172090454,0.0454495009593,0.4095707733739,0.2518992129695,0.2018735747637,0.0552398691230,0.8507622174110,0.4476163495180,0.3403808525290,0.2946008436550,0.3141923198045,-0.0168994788534,0.2755316863927,0.2362220849010,0.1587791941387,-0.2373754079025,-0.1259382596211,0.1581749450231,-0.1075607712310,-0.0311973366835,0.0650046136296,0.3080888760072,0.4306918553269,0.1825637349939,0.2551810937454,-0.1167771025991,-0.1831690979797,0.1690326038584,-0.1346946705221,0.1586800703517,-0.2440008582821,-0.2383208742846,-0.1505757826631,-0.0183633198996,-0.1600627367677,-0.0634374047548,0.0677883510283,0.1698492030759,0.4832728976083,0.3370609110240,0.2802455561406,-0.0030244963112
0.5279540267711,0.4302397355269,0.3396429109437,0.7524855237744,0.4877715567633,0.6258808088653,0.7311223277929,0.1549250498192,0.3667188151816,0.4491082858829,0.3708766085845,0.4637687009241,0.3089701730040,0.5410005222658,1.0000000000000,0.6530131264025,0.4993162981650,0.4625676512823,0.3946189973621,0.3136009058757,0.1455042653738,0.2569770634870,0.3043841171561,0.5687525700819,-0.1082466801196,0.2117317075114,0.3223503467390,0.1484698625383,0.0286181582951,0.0212731416937,0.3060331468167,0.3666520524557,0.3785095400555,-0.0601491300804,0.3912518171441,0.6192792158612,0.1649484922818,0.0619998336508,0.1064912794378,0.1714759848963,-0.0641862551938,0.0527634474018,0.1675311605543,-0.2032133922020,-0.1881215803641,0.2199058729498,0.0618325924903,0.4013779989795,0.5210855501030,0.5052098033828,0.5938405680544,0.3215851432094,0.7433935301519,0.4531819417725,0.6530833256423,0.6247237333963,0.3767416957161,0.1364820105722,0.3365225984070,0.2442398002526,0.3993210499801,0.5104192598941,0.3264325309341,0.2567117560014,0.6148172973213,0.7401035706999,0.4232849367590,0.6167156299932,0.4434848449643,0.3688670567285,0.4914119157095,0.3248884789459,0.5045557842167,-0.0045894811445,-0.0178395622797,-0.0302922707694,0.1410556330943,-0.1624662449132,-0.0622291452809,0.5918807689615,0.2297326691726,0.3789409127666,-0.0524787482918,-0.0666350757682,-0.2120565087358,-0.1267621586642,0.0076431164969,0.3993007168385,-0.0304433680633,-0.0328636412946,0.1109121668140,0.0604635295083,-0.2035304476161,0.0462918579971,0.0675524457212,0.4593775663774,0.4385686896351,0.1856737780124,0.4091010562575,0.3049813837422
0.3626088877542,0.0564713449088,0.2527403999176,0.6043126807380,0.4324234006447,0.5353075071705,0.7098517685279,0.1999434422736,0.4565225058334,0.3115526558611,0.5050401232153,0.4592787870837,0.3404506331149,0.3110869442710,0.6530131264025,1.0000000000000,0.6152311317737,0.6778777516840,0.5448771989062,0.6715276158671,0.3456389338115,0.2243337914087,0.4026308524405,0.7338034880881,0.0462833367568,0.1871613485432,0.4846927967174,0.1958137014252,0.0228082469110,-0.0229160485840,0.6962932694716,0.5210608335428,0.5960884138128,-0.0797672884218,0.5614744900808,0.7964207761647,0.1798624352710,0.3310400307296,0.2860186998136,0.1550471753184,-0.0668710052163,0.1714602599358,0.4501654086417,-0.1236057274200,0.0635649314171,0.2336412543410,0.1394491142662,0.4015916222150,0.4966645546042,0.5258696137448,0.4888832372156,0.0534904090347,0.6291392471228,0.3416357455905,0.5041940610557,0.4688843761108,0.4037743712819,0.1596268848563,0.2711471311403,0.2026799294429,0.1562230952815,0.5275384452062,0.3331323769799,0.2271410775166,0.3331096293146,0.6402402452609,0.6013850715924,0.6144120151761,0.4679856385659,0.5881130485975,0.4491729360692,0.3065702279468,0.5724142112303,0.0221165064243,0.2549448553495,-0.1406326163444,0.3450499057989,-0.1261047694149,-0.0732807641325,0.7944727675079,0.1980329637923,0.5233462926392,-0.0697193166458,0.1836627522520,0.0351115479467,-0.0645464715112,0.0884890627696,0.4934846285062,0.0325799395611,0.0793829975785,0.1870090188156,-0.0288821317173,-0.1857687523657,0.0670791190518,0.0641495272408,0.4420977675678,0.3492194658633,0.0436975156726,0.2170474883298,0.1961061967057
0.1103861121188,-0.0553610697264,0.1183892432553,0.3079031006301,0.2941882296526,0.3415105598831,0.3690682009093,0.3834903871204,0.5275681569424,0.5249846881253,0.5048086104911,0.6608975188102,0.4020374652367,0.2781058914662,0.4993162981650,0.6152311317737,1.0000000000000,0.6565224746064,0.6970326908708,0.5348943610974,0.4725640570256,0.4364828723519,0.4787555765345,0.5460278860264,0.0396553274440,0.1843723363940,0.4672694549235,0.0975840751158,0.0154789472344,-0.1006810821502,0.6738058472447,0.3734588299576,0.5953478926137,0.0213939782412,0.3641047990451,0.5137662417011,0.1525746174027,0.1345320701312,-0.1156944449986,-0.0167645730869,-0.1483428986931,0.1174007946665,0.2178627264588,-0.1746912383466,-0.1145256413737,0.2084722072815,0.2084449207034,0.0635353010716,0.2043537735473,0.2980133243372,0.2628897111786,-0.0297702556804,0.2942776954044,0.2959431338702,0.3520455497763,0.2591388895652,0.3864069734157,0.3233638638233,0.4659520785841,0.3988322518986,0.4334203754974,0.5695549762457,0.4865309749345,0.3352528273755,0.2101297128816,0.4990734160507,0.3506943755683,0.7257639315766,0.4567084918556,0.5143199694148,0.7514383781577,0.4483397317180,0.6046146884855,0.1450412083513,0.2951739226594,-0.0771694347358,0.2703399370540,-0.0702431632569,-0.0743220888247,0.7111473813339,0.2243241576431,0.4075971403718,-0.2364316165270,-0.0434308648801,-0.1673374179038,-0.2053191916360,0.0275385401225,0.1992727022579,-0.2781263315944,-0.2148961445103,-0.2080679066352,-0.2345297396598,-0.3098757457985,-0.1044123741140,-0.0868435445195,0.1036424909965,0.0662635932328,0.1242353028128,0.2217530721810,0.0686939967612
0.2054002315911,-0.0067086901013,0.1628165759162,0.4710720035000,0.3700534047668,0.5688039704736,0.5566217942692,0.5857570144798,0.7236692214332,0.4213453243098,0.6824566529805,0.6459823715052,0.4462970114616,0.1655498194114,0.4625676512823,0.6778777516840,0.6565224746064,1.0000000000000,0.4257702331507,0.6664767493766,0.4206099427603,0.4130143239842,0.5568510883903,0.7576625179963,0.1630898886025,0.1738666864192,0.6283947335279,0.2891924770297,0.0632061645823,-0.0482310626309,0.5892854832822,0.3210309011992,0.4363196146881,0.1045135279933,0.3010786035216,0.5054679490204,0.2622961652963,0.1759507050268,0.2365271971888,0.3467011790646,0.1097960712617,0.2583560084901,0.2090071036845,-0.0212981349086,0.0419117744657,0.3687552596184,0.1522471025402,0.2581827581225,0.3105896645129,0.2859419445608,0.3975519568407,-0.0218100593365,0.3906334679660,0.4147184796657,0.5219161568736,0.3555909761776,0.4489789098843,0.5439602138876,0.5393263673224,0.5062611169802,0.2898451910583,0.7128251440590,0.4362490156131,0.2900668887779,0.2182150796880,0.3698162479871,0.2212414236580,0.8264706834443,0.4046667521125,0.5529761509321,0.5236611624384,0.4482079847445,0.7311720828874,0.2286824567379,0.1820049512393,-0.0729075579179,0.4597882841980,0.0910214083089,-0.0102996731486,0.6583086797531,0.0685771907159,0.3711643015683,-0.1114828292848,-0.1376085210497,-0.1700615629664,-0.0526423982399,0.1763737887182,0.1995720914816,-0.0403981318970,0.1174514459463,0.2171456334326,0.0821378204262,-0.0890889656904,0.1820164895230,0.0332962197592,0.2517911062320,0.1989500288849,0.1182557313754,0.3296095514662,0.2468047138606
0.1780941988046,0.0178370912254,0.2383208409756,0.3275656036070,0.3594070633984,0.2828841179909,0.4031547183066,0.4000751870033,0.5271027828834,0.4680386089227,0.1749903990300,0.3853609334689,0.2474266111533,0.3226544725400,0.3946189973621,0.5448771989062,0.6970326908708,0.4257702331507,1.0000000000000,0.4996396550606,0.2106353362704,0.2816003412802,0.1344717485834,0.3281637729091,0.1146503037876,0.2095909936008,0.2418762306691,0.0255864729636,0.0549974704715,-0.0520530795761,0.4277446336090,0.2523090160782,0.3620449361130,0.0853255942476,0.3957696180795,0.5460959282323,0.0886100276598,0.1736974911280,-0.0632211690362,-0.1539850083581,-0.1470634017706,-0.0534622641954,0.2095949208000,-0.1402845938166,-0.1172639217912,0.0783334911346,0.1402479903875,0.0562879859728,0.1690952627726,0.1255691212450,0.2532474220040,0.0873005510265,0.2689866169104,0.3415418621683,0.3101160102602,0.4060294077582,0.3942998195818,0.2773468707254,0.6249997332674,0.4877213432521,0.3651803861063,0.2307367696826,0.2424180808471,0.2011067495727,0.2321113552860,0.3402133150245,0.6626627460915,0.4499882508449,0.7210834062601,0.6617292445717,0.5285927457730,0.2395254318203,0.4030285292252,0.2991846375623,0.2817018436039,0.0446873204984,0.1479459713544,-0.1254459922134,-0.0252285757172,0.5723958046947,0.2194098762643,0.2887086045713,-0.1953265668196,0.1490378220339,0.0058874697684,-0.0906146471601,0.0441843167450,0.3696963240457,-0.1776485757372,-0.1790479359812,-0.1609121901683,-0.2355156064126,-0.2605026658652,-0.1977351027884,-0.0775457360167,0.0936800753463,0.0775989567943,0.1315097530756,0.0351299915275,-0.0248759621744
0.0773516691484,-0.0742556369055,0.1653070831492,0.2059489572438,0.1751955090688,0.3024323568977,0.3657851762586,0.5103348890990,0.6363710825713,0.2595856487811,0.5100534057957,0.4210078067600,0.3866715761777,-0.0074594896522,0.3136009058757,0.6715276158671,0.5348943610974,0.6664767493766,0.4996396550606,1.0000000000000,0.5534714795049,0.2586486735598,0.4642446468896,0.6731167998449,0.5592600663680,0.1323535918629,0.6547452302014,0.1691690578733,-0.0075359212527,0.0474363805977,0.6630525638491,0.3563348780079,0.6597407216393,-0.0482789619360,0.3492895220515,0.4990521440873,0.1827711332012,0.4504758126330,0.3164133375658,0.2792573265698,0.1150365155175,0.3015501055186,0.4527168632737,0.2162729849914,0.3123523014274,0.3940997126682,0.2233253750002,0.2032283076378,0.3094061239086,0.3889076373898,0.1943664626018,-0.0836771355686,0.1424061984065,0.2638586487072,0.2186549740402,0.0836923688646,0.4369307275075,0.4163658707744,0.2690737874706,0.4582015834595,0.0381260262781,0.4166340260913,0.2268965567640,0.2330465286278,0.0020394679754,0.2963893418906,0.2774715842776,0.4518583479259,0.2871671531781,0.7184161178326,0.2633430871111,0.2797322010567,0.5493342979652,0.4812863301724,0.2785667303116,-0.2066366498431,0.5031522447886,0.0942728742696,-0.0431998764781,0.5801391757311,0.0254452188097,0.4919570976730,-0.0499021826997,0.0921087048474,0.1441190042745,-0.0584355423187,0.1655721755631,0.2431791394760,0.0909821047044,0.2793956638147,0.2061688373623,0.1414850527011,0.0946253102554,0.1950353699124,0.1509806553664,0.2072973307582,0.1576068607626,0.0025155050234,0.1785487265866,0.2343840543343
-0.0670804397574,-0.1733431446780,0.0780424004772,0.1252135144279,0.0214058219215,0.1817690539214,0.1805101467290,0.2353741375983,0.3936811657615,0.2444900906092,0.4348309806658,0.3100503056130,0.2686421662705,-0.1561204942837,0.1455042653738,0.3456389338115,0.4725640570256,0.4206099427603,0.2106353362704,0.5534714795049,1.0000000000000,0.2366198666202,0.3972653005867,0.4098529954935,0.4784296349147,0.0740862893498,0.6066348498121,0.1095204577733,-0.0120150144680,0.0140968589449,0.6111474217724,0.3217779139952,0.6268539947249,0.0896632788810,0.0872558648623,0.1321647068263,0.2836411540719,0.3382697332193,0.2321104384584,0.2540229646478,0.2675231054249,0.6110504769619,0.5182650002801,0.3658521130780,0.4809291841614,0.4422062778447,0.4806553128547,-0.0557029333022,0.0854878748725,0.5289875004557,0.0291525136310,-0.1623063800991,0.0271691955804,0.2091628238530,0.0942103542679,-0.0445847769569,0.1868249615167,0.1725169129425,0.0465287550305,0.2479560366417,-0.0037003454486,0.3812887700031,0.1933217852165,0.1936185095286,-0.2179789365399,0.0663898369471,-0.0351102882139,0.3282805019738,-0.0351155802920,0.2731864156124,0.1932481096765,0.2530080716550,0.3205473270492,0.3250206993070,0.4355705801224,-0.2098692288394,0.5327157270610,0.1469859010673,-0.0555425456826,0.2935275161683,0.0493272179366,0.3905853480013,-0.0240270577543,0.0227223167607,0.0964043281578,0.0353205070322,0.1882330337755,-0.0917333043876,0.2084284693150,0.1550653204852,0.1440391024486,0.0771585046508,0.1986169665868,0.2922131461367,0.2978706541286,-0.0863830908567,-0.0621964692888,0.0343256996928,0.3245648882892,0.4178660566196
0.2909269511304,0.1264138156910,0.2099390874245,0.1034449955340,0.2961281512934,0.3727409442285,0.2866014396673,0.3367184328415,0.4095147526081,0.6634852451993,0.4894424889194,0.6695429863532,0.2537969363649,0.3340651500719,0.2569770634870,0.2243337914087,0.4364828723519,0.4130143239842,0.2816003412802,0.2586486735598,0.2366198666202,1.0000000000000,0.5689497887496,0.4068331885175,0.1576933022774,0.3033164333472,0.4242693886995,0.1753682979920,0.1912144298075,0.2901354863423,0.3077226313318,0.1378443741183,0.3046118075873,0.2163102579507,0.2115829510109,0.1904429514284,0.2355617274064,-0.0399583506168,-0.1195021652352,0.2685726866197,0.2034163017219,0.1887957804527,-0.1453110640126,-0.0301069213845,-0.0102903165235,0.4521263328609,0.3073821019044,0.1964090107938,0.3652174387553,0.2070973579703,0.2904192629769,0.1362017953403,0.1175775715158,0.3438984239248,0.3197905647880,0.1096004583668,0.2876308855025,0.2766777625651,0.2924338402365,0.2965869921660,0.6810750545509,0.5282941602632,0.4936485274703,0.1910276940920,0.3489844558423,0.2867247102534,0.0635119748714,0.4341300673386,0.2659185696638,0.2689038790172,0.5916149849288,0.7748730282511,0.4806951126489,0.2374578156000,0.1025594182716,0.1216075988621,0.2821456110167,0.3124027782784,0.2020059399397,0.3733041421814,0.1670048583741,0.2840338474013,0.1749532387189,-0.2092063979935,-0.1014645752504,0.0277146494638,0.1384998509909,0.1176465529281,-0.1885945400172,-0.0094412400364,-0.0488708176895,0.0600300172576,-0.0448918468750,0.1749832664004,0.1372050064205,0.1766536067563,0.3489262891978,0.4710557963923,0.5107603989410,0.2227853574272
0.2047988961729,-0.0466592542938,0.1128811499784,0.2486834474864,0.2565576065746,0.3538029728396,0.3236655665342,0.3042046897840,0.4163131911763,0.3708188415218,0.6698485587999,0.7103653985457,0.3144790594781,0.1029758604222,0.3043841171561,0.4026308524405,0.4787555765345,0.5568510883903,0.1344717485834,0.4642446468896,0.3972653005867,0.5689497887496,1.0000000000000,0.6190809462390,0.2011718949414,0.4635786340643,0.7290171716449,0.0342020651692,-0.1407832006758,-0.0633859833262,0.4651508487460,0.4388110512533,0.4771856608729,-0.1373684098278,0.2344572992255,0.3357487542217,0.2106151896988,0.0536467113312,-0.0649966085605,0.3115969972958,-0.0165289046032,0.2806896204861,-0.0299330990637,0.0624625739332,0.0412218512255,0.5901558946695,0.2172169287234,0.1417875225316,0.1463130399765,0.2701368068314,0.2926680690094,-0.0560452031772,0.2747780609077,0.2776144198895,0.2678263697928,0.0632380701520,0.3069138646554,0.2167041984394,0.1572001873953,0.2548031208190,0.2516666931941,0.6562064511457,0.5770747481832,0.2398712723082,0.1697477204965,0.3544736552377,-0.0031771555033,0.4847304027354,0.2043337373262,0.3199473207031,0.5972028352113,0.7965623473182,0.6236032478437,0.2804571281278,0.1220228123465,0.2552613453580,0.5275357842558,0.1127852793897,-0.1421578312417,0.4619717837707,0.2815207106483,0.4315971247655,-0.0556316803416,-0.2137203115061,-0.1011303221389,-0.0066673696828,0.1254847041608,0.0802198964426,-0.1852954911360,0.0446263037512,-0.0217708218530,0.1704412375363,-0.0012429554616,0.1766450612819,0.1364243860475,0.1171852119016,0.0732277249165,0.0592502741146,0.4012080589687,0.2989384631254
0.2807503377096,0.0326271572562,0.1826215106903,0.5118755349450,0.3764012347128,0.5625786689884,0.6616197145515,0.3231385210886,0.6300001715676,0.4336419968183,0.6639712418379,0.5772942119762,0.4049173447066,0.1433297284029,0.5687525700819,0.7338034880881,0.5460278860264,0.7576625179963,0.3281637729091,0.6731167998449,0.4098529954935,0.4068331885175,0.6190809462390,1.0000000000000,0.1980114559652,0.2798476709887,0.7457441485997,0.2142708226757,0.0015031534080,-0.0521091498012,0.5573862605385,0.3375393966716,0.4750806571323,-0.0572596770421,0.4802544532889,0.6689260332586,0.3793828340755,0.1586250426759,0.2657846996028,0.3566854028603,0.0906632820863,0.2569284120141,0.2260026399020,-0.0423815481784,0.0206159729220,0.4969528266170,0.1465578838398,0.4293741688491,0.4183734139955,0.4552096671093,0.4404311119111,-0.0047383859330,0.4685495323635,0.3807164678147,0.5018299062369,0.3520410374609,0.4968056365001,0.2706754322939,0.2949784859320,0.3753223617571,0.2460217626693,0.6477011851905,0.3608126952338,0.2670171644742,0.2113584864956,0.5676311338562,0.2695761429691,0.6586629281144,0.3973142031938,0.6062803210909,0.5380007974916,0.5170610974208,0.8672572771910,0.2929705138927,0.1680604401485,-0.0426037393027,0.5033720668547,0.0022231794695,-0.0535378088148,0.6930536999473,0.1036919038561,0.4296333217434,-0.0824833478554,-0.0504934906505,-0.1490130065885,-0.1280992733383,0.2947478211997,0.4263093893506,0.0658900703048,0.1386130449021,0.3014745044292,0.1535001104575,-0.0910193864996,0.2352961239523,0.1587831831943,0.4351796092538,0.2893286452218,0.1467887309544,0.4533281757711,0.4295449171144
