1.0000000000000,0.6661180536705,0.6762791384362,0.5365163218520,0.7590553673374,0.5169543153514,0.3658508948742,0.1423791677819,0.0131428746823,0.3994360999835,0.2681456725800,0.2213146414325,0.2038242835843,0.7134538686956,0.3397264268971,0.1319539522562,-0.0018252188937,0.1950333160547,-0.0715245770464,-0.0595333123880,0.0730046177646,0.2312874112253,0.1343177193288,0.0380434217446,-0.1543587695860,0.1514943585442,0.1238374323980,0.2073643228690,0.1238241037660,0.1237172640861,-0.0812522313623,0.1091785295561,-0.0575581768070,0.1147381080070,0.0980832321775,0.3551379536493,0.0082301078101,-0.0364847477178,0.0272225577011,0.2005402353201,0.4056067005875,0.3519512186444,-0.0757657217862,0.0179959181434,-0.0089596984346,0.1998755197729,0.2620899029324,0.3505491023389,0.4683470392269,0.2265016398205,0.8788577270843,0.6369976505971,0.4134337684883,0.4907201341934,0.3685670594392,0.4726985065126,0.1531859822923,0.2040556823620,0.0375494374092,0.0465554373153,0.2222484670904,0.2182850668234,0.0244334562943,0.0419785934010,0.4874455314243,-0.0799700373427,-0.0244242227486,0.0425399693155,-0.0273004625039,-0.0118038661976,-0.0892279257401,0.0809079765337,0.0650274901360,-0.1577696152160,-0.0457514856390,-0.2147887738561,-0.1395367987118,0.2077327259843,-0.0465675049364,-0.1396155876494,-0.2045017940932,-0.1326558735795,-0.1112182325310,-0.1412021526138,-0.1111778756286,0.0293895248583,-0.0259893163134,0.1074359066133,-0.2074066192805,-0.0687907133628,-0.0152189559979,0.0761445538651,-0.0747100738751,0.1666050708799,-0.2683042156153,0.3325648318559,0.5197709652296,0.2146508718040,0.1975980611472,0.1452141304055
0.6661180536705,1.0000000000000,0.5564060362638,0.5932147553814,0.4355848588175,0.2896366536829,0.2128123538460,0.3032658295669,0.0758235937312,0.5273327258283,0.3012346897019,0.3380530461010,0.3878727381038,0.6176575774138,0.4800209044850,0.2565705297051,0.2672413638255,0.2506862784118,0.0554710604209,-0.0051637832142,0.0656485475220,0.2301931537042,-0.0635434812145,0.0520721749254,-0.1117018961881,-0.0063834756029,0.0486684121648,0.1721984699067,0.1649811091529,0.3819112341752,0.0501196372534,-0.0461215928558,0.1167822465243,0.0440953116616,0.0010701092818,0.2490676877174,0.0676459609530,-0.1371723237901,0.0547493171270,0.0126345402644,0.3972859766023,0.4560581288965,-0.0766583967610,0.0617751031790,0.0664549998480,0.0555730299191,0.3025656029988,0.2069455347920,0.3689215341980,0.3866259118784,0.5814109006411,0.7945206792192,0.2308351645347,0.3736492527791,0.1978058625706,0.2770160387676,0.2101560274203,0.2192626233797,0.1019933489608,0.1542804849483,0.1965447635792,0.2348799431647,0.0721732876598,0.1563540558363,0.4011419677389,-0.2345292438052,-0.0694248622746,0.0990058752106,0.0591450587023,0.0309850824063,-0.0997828476206,0.0246983049395,0.1080631566808,-0.1206612107219,-0.1553697876140,-0.3212852540694,-0.1621112142142,0.1735179845098,0.0555329597341,-0.0588904608299,-0.1741815552489,0.0454076300240,-0.0262111583759,-0.3654874614295,-0.1058467424877,0.0081356301914,0.0160713934600,-0.0151581587041,-0.3709286884715,-0.1190243438835,-0.0272833010076,-0.0509457819756,0.0091493007090,0.1847771210234,-0.1304788187185,0.1857344839954,0.3899081593628,0.2256008202995,0.2602237049584,0.0031289465537
0.6762791384362,0.5564060362638,1.0000000000000,0.7354227627057,0.7532876848062,0.7994611423810,0.7290298684941,0.3424028793501,0.1345405288195,0.5838026566163,0.2842285139199,0.2794658513003,0.3837979085923,0.5069455240310,0.4771106103436,0.2764446750974,0.2355965509259,0.2619725258595,0.1744143189410,0.0701014654901,0.0560819754596,0.1812944267857,-0.0388844616715,0.1469920794663,0.0370928423372,0.0699444225446,0.1381647906132,0.0642309155605,0.0302947609095,0.2516549546872,0.1108140733251,0.0422696250426,0.1062537616186,0.1012388667985,0.1413820620874,0.5471687355159,0.1119786484887,0.0144408985065,0.2073341293989,0.1011740962210,0.3470161188739,0.5302926748265,0.0381850503435,0.1548701464175,0.1714880911579,0.0924873113286,0.3269853259151,0.4547765372556,0.2764167625422,0.4589474680847,0.6294009928316,0.5419656149910,0.1382626774381,0.8660303340128,0.6859931174516,0.7034082830249,0.1581878293837,0.2244913243790,0.2284312086542,0.2249679115344,0.2413615473599,0.2531821133808,0.0719198484030,0.1809828990200,0.4011081323827,-0.2197571921342,-0.0833318587970,0.1392092387665,0.2719595059382,0.0732049528154,-0.0352552280163,0.0215909870723,0.1545141889346,-0.0290022624498,-0.2283083975666,-0.3356697190529,-0.1423616388668,-0.0117431141829,-0.1295541716352,-0.0572579674958,-0.2237322072957,-0.0131091637171,-0.1736943655830,-0.3951934053270,-0.2022088578833,-0.0957427794274,0.0630276692058,0.1907186520393,-0.3981587533943,-0.1042536614708,0.0716412247669,-0.0738130627975,0.0487396156129,0.0183366324086,-0.2466268053001,0.4427102100354,0.2562185983848,0.1095792849728,0.2605209667924,-0.0479164609522
0.5365163218520,0.5932147553814,0.7354227627057,1.0000000000000,0.5990002328474,0.5114940393675,0.6334290457888,0.5655618853654,0.3758230791909,0.5392621753851,0.4911423625584,0.4545666994610,0.5244266992314,0.5343490019813,0.7114452979757,0.5403591272029,0.4693618294467,0.5156998091462,0.4463873235645,0.2512403620559,0.2243986207283,0.1487328073800,-0.0083732922356,0.4379299960453,0.1428846043514,0.0723208715965,0.2871844739502,0.0636422396269,0.0922672371190,0.2693282407678,0.2951873596172,0.0266432905279,0.1865252730957,-0.0588892710760,0.2090250236742,0.5335377311620,0.2255457469612,0.0696345010733,0.3190145436927,0.0810424248543,0.3796793441191,0.5472860709662,0.1691950453632,0.2596530487666,0.1633444575797,-0.0606980937057,0.3489450878207,0.4333420693861,0.3073643401462,0.5436974823436,0.4522413780088,0.4446957735866,0.3197783403493,0.5808567437917,0.4585569429209,0.6596139530472,0.3771826815078,0.2676749480977,0.3730250777322,0.3654386515506,0.1119631181674,0.4319292186611,0.1044458253308,0.2748123723150,0.2874354222512,-0.2126529201352,0.0386069338770,0.3279494708847,0.4020864314018,0.2715616779244,-0.0266459712931,-0.0020615564123,0.3689583030716,0.1041161359655,-0.2336146560740,-0.3622081418443,0.0403386799750,0.0028189080628,-0.0940582904722,0.1710014195474,-0.1697821472650,0.2049077117598,-0.1977028578178,-0.4636421465084,-0.1987870534529,-0.0695530653258,0.1910640566501,0.2299257622758,-0.3248634927340,0.0922573379853,0.1746771770589,-0.1192158266054,0.2481759331517,0.0187069756298,-0.2910995273410,0.3602200558413,0.1589299737128,0.0823322065743,0.2302688463077,0.0650293965124
0.7590553673374,0.4355848588175,0.7532876848062,0.5990002328474,1.0000000000000,0.7727778232439,0.5986135568307,0.1057549740563,-0.0404826436877,0.5040258132605,0.2424145463022,0.2558700878020,0.2398686919097,0.5795703186503,0.4028610900932,0.0471645134642,0.0369665743451,0.0986657840187,-0.0397745357407,-0.1421257764324,0.0184098353174,0.3611715021016,0.1115515961947,0.0565416061348,-0.1781617194373,-0.0074819136550,0.0339701287042,0.1406780562109,0.1361160335334,0.1609035731877,-0.0926424453091,0.0016418352573,-0.1240140624688,0.1095712383761,0.0868331538383,0.3532159645551,-0.0244438670574,-0.1611698061166,0.0309958545765,0.2182023454630,0.5013535158575,0.4977524806901,-0.1261485468526,-0.0294383905580,-0.0985022653101,0.2080832016524,0.3429042844363,0.4486735502544,0.5134776835614,0.3322169988261,0.7509700606204,0.3836701057890,0.2319114242313,0.6694878950879,0.6606003640103,0.5800538296233,0.0777638673870,0.1324664418139,0.0231925496483,0.0065796027510,0.2646182152084,0.1934295811002,0.0735281002716,0.1131187781444,0.3875236186796,-0.2061439757693,-0.2115114791190,0.0181186422839,0.0408498784808,-0.1250329319631,-0.0361563025738,0.1814321485477,0.0344151633601,-0.1753539761702,-0.2125001302114,-0.3522677793661,-0.2404020648822,0.0990587472373,-0.0520422514560,-0.2236863940022,-0.2013410179233,-0.1592404705811,-0.0772514874174,-0.3306325022369,-0.3285126676809,0.0403661998648,-0.0513188813918,0.0852791796487,-0.3234115022634,-0.1906555296417,-0.0382961337505,0.0053506731788,-0.1219197659444,0.1874312116121,-0.1454808068896,0.3986298999300,0.4439101333394,0.3195752572172,0.3170713209851,0.0286441895378
0.5169543153514,0.2896366536829,0.7994611423810,0.5114940393675,0.7727778232439,1.0000000000000,0.7990648780875,0.1420246705500,0.0913887082534,0.5119809620114,0.2423206608786,0.1922085428493,0.2838578862559,0.3170723833005,0.2999081827150,0.0910697017818,0.0412133148389,0.1100935625177,0.0239486361548,-0.0597170058727,0.0261760017205,0.0837994983186,-0.0240954233984,0.1753885094085,-0.0174423930015,0.0428961142702,0.0847223513450,-0.0888840375020,-0.1095690887262,-0.0118334089760,0.0053445093094,0.0953191509508,-0.0548009893130,0.0731782578321,0.1874362693421,0.5369208697590,0.1513354188930,0.0145827842899,0.2949039453853,0.1523692844348,0.2176064240983,0.4210849413046,0.0009058976030,0.1072288587082,0.0902185138315,0.0682585328841,0.1891239896855,0.5901685717717,0.1512424418447,0.3342734957340,0.5653357231336,0.3332653410662,0.1604640927421,0.8616688255793,0.8892921046526,0.7217881275978,0.0884333464877,0.0785332742422,0.0686294696861,0.1580627602955,0.3376519919437,0.2240996639087,0.1129267735002,0.2382328223215,0.3136218501022,-0.0456684236837,-0.1357914856070,0.0999537069440,0.1443160767871,-0.0304868759159,0.1062554027969,-0.0102742360809,0.2190135782714,-0.0684719739858,-0.1394740333313,-0.1881686826014,-0.1411032978458,-0.1804648335949,-0.2349173256806,-0.1101731312074,-0.1510037170085,-0.0681603912179,-0.2319407508840,-0.2414240752512,-0.1673211410040,-0.1635189584046,0.1440767735690,0.3178683570397,-0.2082971582461,-0.0648691936884,0.1574801624377,-0.0326000030245,0.0169556751518,-0.1030292198409,-0.1865480311714,0.5914520511829,0.1595629844450,0.0188285631676,0.2549646654213,0.0455486509672
0.3658508948742,0.2128123538460,0.7290298684941,0.6334290457888,0.5986135568307,0.7990648780875,1.0000000000000,0.3142284025177,0.2672085044881,0.4166205694285,0.2226487175444,0.1520018796751,0.3406203959132,0.2324712516966,0.3106906850234,0.2036640405341,0.0971239089212,0.2394845040945,0.2197213805580,0.0587483045651,-0.0570350825620,-0.0428740643075,-0.0999689779475,0.2951867416857,0.0936967606389,0.0348887054963,0.1640828392824,-0.0543193997069,-0.0602204915205,0.0758810521189,0.1120530179037,-0.0202022114825,-0.1062153086380,-0.0222299195120,0.3583569398909,0.5813095799879,0.2200413440585,0.0883337501731,0.4352857668372,0.1041165060510,0.2238189320449,0.4496110177886,0.0672583054074,0.2291838227864,0.1538973779658,-0.0003738187655,0.1133768151014,0.5267915510582,-0.0147641544337,0.3301891070920,0.4150970612378,0.2487465685985,0.1191829612955,0.7082022574886,0.7770988996966,0.8644299124588,0.2394419435429,0.1700905122392,0.2609790436406,0.3089722468066,0.1925509591096,0.2654410217988,0.0846388704633,0.3035024243302,0.2997231856239,-0.0076127360628,-0.0962093310665,0.2626758350576,0.3221365178000,0.0994246301683,0.0696347579236,-0.1337739331116,0.2893221741976,0.0691429179194,-0.1920431804885,-0.1454222607926,-0.0435059609189,-0.1162747546871,-0.1458508871272,0.0176588975442,-0.2689570626278,-0.0481270124374,-0.2306450660219,-0.2493146911749,-0.1378331034520,-0.1710342032197,0.2214596566200,0.4278258107696,-0.1459216700288,0.0459971073229,0.3061298841291,-0.0723744381362,0.1653565880847,-0.1459567879551,-0.2556975058994,0.4977171252899,0.0210056781443,-0.0131204265078,0.2551889697292,0.0271040688034
0.1423791677819,0.3032658295669,0.3424028793501,0.5655618853654,0.1057549740563,0.1420246705500,0.3142284025177,1.0000000000000,0.7960581900411,0.3368867792065,0.3896485140532,0.3849319894967,0.6466461792399,0.2160965069103,0.3663856499100,0.5443567094240,0.5626124504580,0.6647299492553,0.7159228696409,0.6670819645583,0.1825962410545,0.0011008157340,-0.0393271897945,0.5747658581931,0.5051095673095,0.1644464240310,0.2479643238893,0.0337607234273,0.0593365175425,0.1042763353224,0.3838949646599,0.1435992668974,0.4044482589644,-0.0425484554153,0.0360840954315,0.5072110604217,0.1760121802997,0.3319734439525,0.2373591027271,-0.1292275455178,0.2455129321503,0.3784636576771,0.2110599719171,0.3681243422393,0.3954253628721,-0.0638485076304,0.2917841369275,0.0970061732633,-0.0641736165952,0.4101035201352,0.1179789478768,0.2062476362468,0.1466969131875,0.2759971364479,0.1512537435225,0.3756413503643,0.5911515965541,0.4966627762645,0.7720231415723,0.7832412571926,0.0596090610983,0.3307511004710,-0.0055966971824,0.4434841831626,0.0238633319133,-0.1810422484046,0.2436683175324,0.6277180674791,0.6936887502844,0.6725280975067,0.1333326019107,-0.1705512675077,0.4956324022932,0.4095181989002,-0.0439553372884,-0.2914570215279,0.0773679721967,-0.0956705161212,-0.1606866216189,0.5148424305428,-0.2526878083277,0.2833647050542,-0.2989249668940,-0.3231820833872,-0.0661476140861,-0.2563582004934,0.1201123715964,0.1809759481548,-0.2822500600870,0.1786626888852,0.0692359682539,-0.3071956050396,0.1785711234061,-0.1595451416610,-0.2397397165239,0.0657088269237,-0.1757580591344,0.0077382299602,0.1649795407513,0.0630552560395
0.0131428746823,0.0758235937312,0.1345405288195,0.3758230791909,-0.0404826436877,0.0913887082534,0.2672085044881,0.7960581900411,1.0000000000000,0.2347597221804,0.3608515046221,0.3178151784952,0.4907431679532,0.0529060870505,0.2167708290250,0.4565436614126,0.3923689673183,0.5302612663548,0.7222467422896,0.6420436785313,0.3007536755733,-0.0863738851569,0.0212784581143,0.7158761873151,0.5746846690571,0.1945914427383,0.3518084737081,-0.0315230007599,-0.0787058538936,-0.1103874827054,0.2924104730169,0.1524554623015,0.2783483267172,-0.0798065542662,0.1756206674540,0.5206163644588,0.2555686741967,0.4254572935076,0.2345359671504,-0.0683233089377,0.0308096774084,0.1364447730721,0.2397751012552,0.4186788647336,0.2907942727408,-0.1329154194075,0.1367314464039,0.1146908227198,-0.1918642584895,0.2222266012154,-0.0061116543087,0.1046693074581,0.1782618039640,0.1404054207739,0.1206757068998,0.3158782272908,0.5419602504994,0.3390193943439,0.5986823958403,0.9118595850340,0.0816880087741,0.3061142074436,0.0299277474549,0.3576055569210,-0.0481511302886,-0.0303880956385,0.3049005325597,0.4728358347952,0.7062893408358,0.7038128140442,0.1836643082919,-0.1812452558345,0.6775028686602,0.5991698185345,0.0632857559835,-0.1267213061093,0.2766338528190,-0.1427412238493,-0.2727833152888,0.4287846127905,-0.2003413317408,0.2386883630871,-0.3763931348567,-0.1202987549119,0.0414629715587,-0.2545546130304,0.1889042221109,0.3281462508530,-0.0255293043866,0.3746876839701,0.1319133477954,-0.1867630615793,0.3196281292600,-0.2618403435839,-0.2499406630717,0.0975267944661,-0.2929925313266,-0.2068875019533,0.0184662877915,0.2038516632934
0.3994360999835,0.5273327258283,0.5838026566163,0.5392621753851,0.5040258132605,0.5119809620114,0.4166205694285,0.3368867792065,0.2347597221804,1.0000000000000,0.5677141737736,0.7291233088034,0.5180564899494,0.5055757764658,0.5538836579494,0.0916842696840,0.4157620989811,0.2556814468566,0.1925111936818,-0.0506762590093,0.3025551550528,0.5871308874756,0.2596125143621,0.3091775576980,-0.0314207779565,0.0576124246937,0.2315263987079,0.1074819490949,0.0806350112877,0.2112579986515,0.0037074021326,-0.0020436046208,0.1262422175923,0.0917691909400,0.0682102472516,0.3549032253877,0.2937576207057,-0.1360587222305,0.1168116233230,0.2277393230261,0.5043192232504,0.6526828316354,-0.0727289274588,0.1395029889746,-0.0874533872100,0.2128069045050,0.4045372834478,0.3103969464887,0.2668520765120,0.4566017716074,0.3309640322931,0.3543057590297,-0.0587780970621,0.5167882639524,0.4361132849330,0.3285124038644,0.1933898321757,0.1331380485046,0.1814429893002,0.3197017511787,0.5801910224707,0.4388436407933,0.3355065898827,0.2753522443386,0.2118044493247,-0.2446545998868,-0.3342473529361,0.1765440865013,0.2946613872148,0.0235444945700,0.2777699086144,0.3463256610873,0.3660297085883,0.1297469960755,-0.1421845265454,-0.3654132669532,0.0372225293805,0.0763302670977,-0.0730655488452,-0.0804808063803,-0.1652347905848,0.1062096988030,-0.1192867575775,-0.5005725523579,-0.3680067035623,0.0132760444787,0.1988930866283,0.0563976662061,-0.2966876031657,-0.1237441641581,0.0523180121153,0.0515537999255,0.0725506506708,0.1903016038733,-0.0320517150425,0.2792370385383,0.1010555723850,0.2843847093647,0.4869475442219,0.1015555521043
0.2681456725800,0.3012346897019,0.2842285139199,0.4911423625584,0.2424145463022,0.2423206608786,0.2226487175444,0.3896485140532,0.3608515046221,0.5677141737736,1.0000000000000,0.7492511158616,0.5570400080745,0.4658137319063,0.5533578170161,0.3603954866388,0.4915885321945,0.5212710529118,0.2748082023833,0.2043317761297,0.5425736486649,0.3435454207837,0.4717724625282,0.4776696175946,0.1513012775165,0.3288078382359,0.5210100663788,0.1545633896009,0.0522762043082,-0.0227908894908,0.2826925261867,0.3583583158632,0.3654092166271,-0.0532852631317,0.1990762563335,0.2785570221858,0.3692095368688,0.1581215517825,0.3455818066815,0.2884024487359,0.2537910032275,0.4237881954653,0.2882224213088,0.2335976145060,0.1616035159823,0.1707116443936,0.2671269594463,0.3919063783495,0.1502736930810,0.4256890214245,0.1892631337533,0.2614535639485,0.2309578050906,0.2403316071044,0.2626634476722,0.1991100052453,0.1933150022332,0.1276274855370,0.2403228619842,0.3539185697005,0.4172585057458,0.7629257166062,0.3601362444660,0.3706084068494,0.0987903001470,0.1126026914121,-0.0358855567979,0.3822637517389,0.2155744233103,0.2280506604536,0.3416574850928,0.3078036327757,0.4698799110750,0.1981506033834,0.0826146614268,-0.1033087745547,0.3323805339327,0.1120051098787,-0.1291469119913,0.2209256587418,0.0100095523659,0.3377131236671,-0.2030748299972,-0.1458526799665,-0.0754061773732,-0.0316108259697,0.3092802270064,0.1958727432409,0.0337776550071,0.1219972015634,0.2502112488973,0.0911266925830,0.1140674489177,0.1151407226717,-0.1215406085030,0.2917254005167,-0.0566919395749,0.0141476700545,0.2984052148350,0.3971973158447
0.2213146414325,0.3380530461010,0.2794658513003,0.4545666994610,0.2558700878020,0.1922085428493,0.1520018796751,0.3849319894967,0.3178151784952,0.7291233088034,0.7492511158616,1.0000000000000,0.5340660192920,0.4861257533466,0.6356775512851,0.1893225245568,0.6260751687522,0.4539787704265,0.2923090176854,0.1052866520714,0.5697701652336,0.5236383935652,0.5168668940158,0.4341080314587,0.0782053701760,0.2020800167672,0.3955888977043,0.1812613836275,0.1095658237550,0.0909695293027,0.1083025419254,0.2036019165503,0.3230766323830,0.0278419959128,0.0482610053926,0.1588468086252,0.2437476741732,-0.0320726019875,0.1152441031710,0.2784918207698,0.3687041300475,0.5136473225066,0.1467209771954,0.1933226040542,-0.0243097591513,0.1629956467827,0.3981612037528,0.1434861295543,0.1641136654242,0.4668196983089,0.1111219739981,0.2079685470713,0.0473436437049,0.2065078388369,0.1306499819498,0.1123258757077,0.1957913444895,0.1606753923050,0.2888521493182,0.3153931941739,0.4439162972561,0.5700400237674,0.4486306560458,0.3007241055935,0.0821070326276,-0.0446662563085,-0.2371317893411,0.3941631728496,0.2698779230171,0.1884206924315,0.4241837656538,0.4388662114643,0.4064977882423,0.2064436470698,-0.0057846052624,-0.2338743067663,0.2389911615099,0.1272680876979,-0.0721544169132,0.1121184136226,-0.0435172441260,0.2767356827582,-0.1264916052162,-0.3637632089973,-0.3150903813721,0.0485604943184,0.1433240885336,-0.0228384704589,-0.0754979592839,-0.0067884369662,0.0629389578407,0.0954243894693,0.0996486564468,0.2005297202567,-0.0128145239942,0.0514045200342,-0.0653167584988,0.1149587521803,0.3581474357092,0.3111224335048
0.2038242835843,0.3878727381038,0.3837979085923,0.5244266992314,0.2398686919097,0.2838578862559,0.3406203959132,0.6466461792399,0.4907431679532,0.5180564899494,0.5570400080745,0.5340660192920,1.0000000000000,0.2875471514677,0.4116364858076,0.3807181825123,0.5533603377555,0.4788600820851,0.3568600627435,0.3440316217758,0.1619679231942,0.1610220997455,-0.0040542760323,0.4510602975499,0.2099652245282,0.0752731246062,0.2079339711280,0.1274669878705,0.0613389275767,0.1719334580846,0.3182053949151,0.1666828389096,0.3537258225916,0.0928949348271,0.0735933131690,0.3762746214895,0.2777351881787,0.1706930855012,0.3138050012198,0.0539723979669,0.3525195305283,0.5019422017617,0.2029777763714,0.2721707570317,0.3087474330469,0.0018235108068,0.3900101701646,0.2663701409816,0.1343979411958,0.3969502450468,0.1668628720919,0.2590063338842,0.1067834541802,0.3244227954933,0.2787849307137,0.3405156574981,0.4191308071452,0.3159341330630,0.4727714085472,0.5090365260852,0.1858977750239,0.4937939877931,0.1589838265759,0.7768755198333,-0.0117736586664,-0.2165661818039,0.0366502764575,0.5674156272225,0.4160862888808,0.2929825094528,0.1896436648799,-0.0820238881791,0.4511745549396,0.1173729710727,-0.0876950338699,-0.3610957735169,0.0149389071259,-0.0357801824673,-0.1743067203034,0.3351022337022,-0.1608137122409,0.2255236680588,-0.3001537346634,-0.2986709299058,-0.1174266891143,-0.1919793939506,0.2186677284208,0.1753324041554,-0.2982513465303,0.0377282330367,0.1408175679001,-0.1892058922596,0.1013368165634,-0.0373902522981,-0.2490434528208,0.1954343686846,-0.0471772524356,0.0496780758495,0.2261581271419,-0.0291461131612
0.7134538686956,0.6176575774138,0.5069455240310,0.5343490019813,0.5795703186503,0.3170723833005,0.2324712516966,0.2160965069103,0.0529060870505,0.5055757764658,0.4658137319063,0.4861257533466,0.2875471514677,1.0000000000000,0.6565127505227,0.3325919850272,0.3719384725070,0.4437273048508,0.1578304742566,0.0666418672834,0.3628920032585,0.4435739982491,0.3269799522468,0.0813696588339,-0.0280115297418,0.2870474978958,0.2983544145315,0.4254065826817,0.2759475195556,0.3883513219875,0.1752295245247,0.2785655995921,0.2725304028473,0.1642324307368,0.0625998319691,0.2328551198214,0.0044659677271,0.0027493589026,0.0647545277945,0.3224285874104,0.5868300628272,0.5809466214176,0.1148726550847,0.1122104917255,0.1236741568745,0.3863332539910,0.5225625703883,0.2854032411322,0.5645597039035,0.4844541463562,0.5481606288744,0.4482283002316,0.1804002872476,0.2808127959973,0.2226224084703,0.2329093101387,0.0219125347952,0.1389968225110,0.0974729613340,0.0591061448981,0.1195790031364,0.2831997970689,-0.0444868827994,0.0007798060836,0.4874227156578,-0.1215766972398,-0.0713488326603,0.1189112730960,0.0668838895023,0.0506479333251,-0.0486749130506,0.2502000871964,0.0333538527928,-0.0677971906644,-0.0054693065249,-0.3600384684517,-0.0479353163331,0.3991806872252,0.0634437558687,-0.0371581887887,-0.2375005507750,-0.0013364563245,0.0143193870512,-0.2577729474900,-0.1773668869580,0.0734842930640,-0.0830535545199,-0.0626776200092,-0.2464599440726,-0.0997297834741,-0.0266326930893,0.0563492426850,-0.0766511373522,0.3733561984748,-0.2127587763121,0.1744318501591,0.4641720003400,0.3096871548443,0.2819600474673,0.2125117449099
0.3397264268971,0.4800209044850,0.4771106103436,0.7114452979757,0.4028610900932,0.2999081827150,0.3106906850234,0.3663856499100,0.2167708290250,0.5538836579494,0.5533578170161,0.6356775512851,0.4116364858076,0.6565127505227,1.0000000000000,0.4444302631081,0.6683077556942,0.5631382971190,0.4126801592388,0.1364954146192,0.5270693698938,0.3177431420799,0.1657605080787,0.3683718686998,0.0567404756304,0.1033802450311,0.3590452381194,0.2090622369386,0.1443452670463,0.3532276191059,0.3330613004416,0.1282722647204,0.2942074190363,-0.0683234212232,0.1125857495377,0.2868377971837,0.2214204651053,0.0296677386773,0.2980432794759,0.2560028511292,0.3782250800398,0.5461836710546,0.3532766083973,0.2179245180737,0.0448079620714,-0.0112290082932,0.3640461942591,0.3862563255987,0.3819246499866,0.5746275544071,0.2026687357680,0.2599040812577,0.1534424382546,0.3168647299333,0.2256855045421,0.2403087658754,0.1331771370229,0.1151490036786,0.2379456347991,0.1940687624180,0.1558547334568,0.3882328149088,0.1207357182271,0.1545782535080,0.3221546221051,-0.0171702358486,-0.0617229657336,0.2862694847659,0.2466360670301,0.2157184952352,0.1109577771489,0.2001128066317,0.3064580276806,0.0697534173505,-0.0937153763863,-0.3196846649134,0.1614744554771,0.1940376707949,0.0282593838192,0.1225480829529,-0.0911960239451,0.2166133959480,0.0563891504371,-0.3663307249515,-0.2178384249546,0.0294758941412,0.1859061040358,0.0706636288548,-0.1373076693537,0.1608766932690,0.2001946091612,0.0798731626845,0.2404854799351,0.2121027409182,-0.1806905819778,0.2644098097833,0.1865866619815,0.1025824069510,0.2173311192134,0.2378891497588
0.1319539522562,0.2565705297051,0.2764446750974,0.5403591272029,0.0471645134642,0.0910697017818,0.2036640405341,0.5443567094240,0.4565436614126,0.0916842696840,0.3603954866388,0.1893225245568,0.3807181825123,0.3325919850272,0.4444302631081,1.0000000000000,0.5211204268688,0.7117840491434,0.6916757504473,0.6649912780578,0.3456619186629,-0.1331121668610,-0.0194600913483,0.4636977264158,0.5320701274250,0.3530465598630,0.4295403672950,0.1306452271047,0.0593359315974,0.2420198011596,0.8713579658863,0.3635048850288,0.5831877721829,0.0252633600373,0.3746730348597,0.5457339377043,0.3134361794391,0.5693078098166,0.4693215789990,-0.1065432169740,0.0634223021664,0.2780438544939,0.6191890446519,0.3046088862997,0.5685197999692,-0.0663918330941,0.2422675516658,0.3135769247544,0.1138226429925,0.3955953304044,-0.0047607146271,0.1667583231669,0.2334258266665,0.1920837295465,0.0721036097339,0.2055955532511,0.2637010173419,0.1377757138326,0.3957657408093,0.3927805354423,-0.2324239895270,0.2623190747710,-0.2018306020596,0.1572292620072,-0.0547182826803,-0.0859717089772,0.5945683152666,0.3644404777347,0.4242242576679,0.5630055639235,-0.1243586518520,-0.1634626235512,0.2978535532337,0.2851843325705,0.0937689493861,-0.1030087558303,0.2892070881933,0.0484417434392,-0.1348711177675,0.6385959015176,-0.0596496572333,0.3431728252959,-0.2321220957295,0.0402700434906,0.3197311825008,-0.1525949456982,0.2417409144447,0.3517465058109,-0.0675004577731,0.3809589100638,0.2778885590698,-0.2543415085965,0.2161649195549,-0.1029757452015,-0.3678168068194,0.1918100902196,-0.1273866080866,-0.2229537038336,-0.1544664440401,0.0375941903286
-0.0018252188937,0.2672413638255,0.2355965509259,0.4693618294467,0.0369665743451,0.0412133148389,0.0971239089212,0.5626124504580,0.3923689673183,0.4157620989811,0.4915885321945,0.6260751687522,0.5533603377555,0.3719384725070,0.6683077556942,0.5211204268688,1.0000000000000,0.7402816369656,0.5886110211363,0.4243797681031,0.5273864993583,0.2871550654081,0.2120146218030,0.4414502469659,0.3321255482100,0.2755355100590,0.4545425017301,0.2045300277617,0.1485906167544,0.3306778787564,0.5230531292660,0.1983299222264,0.6390914873627,0.0735919077933,0.0554925876390,0.2295399051629,0.2707575434497,0.2427803581382,0.2284919373997,0.0624632371490,0.2586074821861,0.3944258460730,0.3439619275873,0.3292748446852,0.2657876443788,-0.0102025735178,0.4027287348938,0.1506470032545,0.1521137351985,0.3910841028357,-0.1128865765007,0.0798270916924,-0.0679788017847,0.1311515241523,0.0133201776972,0.0136022158036,0.2742484826353,0.2237092361481,0.4691965910460,0.3689651612986,-0.0019185851078,0.3551227625342,0.0557752251680,0.2604901062642,-0.0056701320912,-0.1987835710969,0.0185898680612,0.4761157298178,0.4746557421464,0.4331903373967,0.2593512315007,0.1499706002699,0.3259774253229,0.3020394493027,0.0282783415792,-0.3195846751042,0.2517319294015,0.0847904978862,-0.0389044399218,0.3943349032998,-0.0606305972534,0.4216623657319,-0.1395667667268,-0.3887177662678,-0.1410322950615,-0.0725302817831,0.1810838309274,-0.0004185195644,-0.1877322661596,0.1670218250300,0.0872311018741,-0.1556475906623,0.2015520051560,0.0524000680288,-0.1608749642867,0.0186748172893,-0.1168361383321,-0.0290464377951,0.0102982699825,0.0872912000824
0.1950333160547,0.2506862784118,0.2619725258595,0.5156998091462,0.0986657840187,0.1100935625177,0.2394845040945,0.6647299492553,0.5302612663548,0.2556814468566,0.5212710529118,0.4539787704265,0.4788600820851,0.4437273048508,0.5631382971190,0.7117840491434,0.7402816369656,1.0000000000000,0.6720662721835,0.6338928419187,0.4692942175488,0.0550035009067,0.2210306786723,0.5768754453616,0.4853183290267,0.4107568712433,0.5607322098061,0.1779596102950,0.0970906505278,0.1642002934260,0.6494201310704,0.3510475563600,0.5415622164096,-0.0622988902772,0.2472141862093,0.4104154000019,0.2981572576387,0.4807618134186,0.3871166212560,0.0826464004238,0.2051818526568,0.3468286178395,0.4285790816202,0.3902173839832,0.4136426649145,0.0027340186065,0.3085714907861,0.2657657316198,0.0740463192503,0.4062094057994,0.0570941111251,0.1124101891893,0.2272591168803,0.1391810832005,0.0602339940380,0.2174910907403,0.4222931731761,0.3374077071871,0.5875145123034,0.4814187556886,-0.0155794446535,0.4159306652423,-0.0348413883706,0.3138723427307,0.0540849673023,0.0426852704022,0.2796708168239,0.6538092126369,0.4680476934500,0.6512819664787,0.2231041373690,0.0061331412146,0.4501953941696,0.4314257621085,0.2126162491623,-0.0842574577974,0.3740578025965,0.1151948847342,-0.0740604138840,0.5855000858997,-0.1689186874138,0.3885971276110,-0.2716838680730,-0.0848144064581,0.1355718874788,-0.1373426559837,0.2698206404167,0.1972121118623,0.0217726070652,0.4516163927828,0.2373681976446,-0.1524674874151,0.2648330190477,-0.0301372537955,-0.3224880859134,0.1490240916464,-0.0953500308244,-0.1112541260463,0.0264540586208,0.3300535395412
-0.0715245770464,0.0554710604209,0.1744143189410,0.4463873235645,-0.0397745357407,0.0239486361548,0.2197213805580,0.7159228696409,0.7222467422896,0.1925111936818,0.2748082023833,0.2923090176854,0.3568600627435,0.1578304742566,0.4126801592388,0.6916757504473,0.5886110211363,0.6720662721835,1.0000000000000,0.7158685834410,0.3941137015312,0.0214319179339,0.0898637038825,0.5970542000676,0.6501477547523,0.2704491097964,0.4031057264023,0.0646560344357,0.0140600492954,0.1383123448747,0.5738634405127,0.1487115571579,0.4592608131017,-0.0433634577065,0.2223264065406,0.5450250802555,0.2612603888218,0.4117456160680,0.2604422551557,-0.0617577319354,0.0348217285491,0.1892259888313,0.3600726407647,0.3808541160730,0.3395277726697,-0.0388228912021,0.2288995064655,0.0948684541713,-0.0583936859331,0.3148600646287,-0.1752307395725,-0.0032694090976,0.0103223966233,0.1011287490341,0.0061643720849,0.1938284379522,0.4039190055166,0.2699158353419,0.6405102912263,0.6499414961001,-0.1194084808128,0.1938063768009,-0.1031364640695,0.1689631092008,-0.0776460868256,-0.1483178820776,0.4074227643144,0.4028036270350,0.7638302182906,0.7189890263479,0.1130727102077,-0.0511761302916,0.4292681961762,0.5874887773624,0.0782375647754,-0.1224040325477,0.3154677714606,-0.0437382336565,-0.1596035488039,0.5305798456231,-0.1657541921369,0.3184770493956,-0.2703892651016,-0.1687652457570,0.0392037196961,-0.1839740562015,0.1722367601021,0.2201417130726,-0.0821410264885,0.3592682563953,0.1353407174691,-0.2157440256083,0.2621078893667,-0.1291680364284,-0.1991937729454,-0.0027574362476,-0.2608180879115,-0.1997544730974,-0.1130161109430,0.0851149545859
-0.0595333123880,-0.0051637832142,0.0701014654901,0.2512403620559,-0.1421257764324,-0.0597170058727,0.0587483045651,0.6670819645583,0.6420436785313,-0.0506762590093,0.2043317761297,0.1052866520714,0.3440316217758,0.0666418672834,0.1364954146192,0.6649912780578,0.4243797681031,0.6338928419187,0.7158685834410,1.0000000000000,0.2857432556186,-0.1499451342857,0.1061960617589,0.5260003023165,0.8423419646694,0.4183665271777,0.4705507356233,0.1368157220453,0.0730591524548,0.0778766531747,0.6037027853449,0.3687087671020,0.5865793377500,0.1218547094286,0.1725931123906,0.3959575711727,0.1708891894489,0.6844962671740,0.1945118869990,-0.0884047926114,0.0045578899323,0.1018799742118,0.4024080759900,0.4659603863896,0.6299793592762,0.0234040519270,0.2915914891324,-0.0102757952206,-0.1014965979260,0.3123073432158,-0.1360964069896,-0.0073019233585,0.1313163060207,0.0455519051796,-0.0618484138546,0.0896842105867,0.3500002078990,0.2505749706843,0.5247597852286,0.5467999978949,-0.2658581693742,0.1135145356962,-0.2364939882221,0.1690590813622,-0.2262638714035,-0.1476436195100,0.4804804789492,0.3741125348582,0.5594773149345,0.7078319871275,-0.0665665050484,-0.2385773690000,0.3538709798547,0.5613048582056,0.0596640157602,-0.1048282669030,0.3101680509783,-0.0859988783747,-0.1798782514031,0.5743640470163,-0.2402335449484,0.2016663376642,-0.3978865430591,-0.0030981617807,0.1949159727916,-0.2723638344318,0.0520662792359,0.1549769832088,-0.1000294875744,0.3817177641188,-0.0108550909727,-0.2915248874606,0.1773190170232,-0.2340600018321,-0.3327516278185,-0.0708946544159,-0.2924376465582,-0.2978316284316,-0.2242506856872,0.0537532963397
0.0730046177646,0.0656485475220,0.0560819754596,0.2243986207283,0.0184098353174,0.0261760017205,-0.0570350825620,0.1825962410545,0.3007536755733,0.3025551550528,0.5425736486649,0.5697701652336,0.1619679231942,0.3628920032585,0.5270693698938,0.3456619186629,0.5273864993583,0.4692942175488,0.3941137015312,0.2857432556186,1.0000000000000,0.3099182350194,0.5537934063561,0.4576827339366,0.2879784222389,0.4895888720853,0.6363238330772,0.2256427223216,0.1221528751193,0.0507783380023,0.3053605921814,0.4564039323525,0.4285369282495,-0.0516374444299,0.1787527585065,0.1666145706855,0.2164503752275,0.2699037515381,0.0769685510461,0.2173513875237,0.0534410537980,0.0895941120460,0.4761873959213,0.2766019912437,0.1204028866533,0.1673427192961,0.2198710956647,0.0965414889085,0.1024237294883,0.3613621058319,-0.0534534054294,0.0316694311976,0.1858465488403,-0.0188510113305,-0.0210751366923,-0.0828650145805,0.0935229193108,-0.0371066078844,0.0920749765633,0.2009683611714,0.2478180703717,0.3367437538774,0.1970480336544,0.0132695902983,0.0279133151572,0.1681056388708,0.0201123033375,0.1713847890534,0.1321032661732,0.2893238966120,0.3508033560662,0.3407803404715,0.3654375498019,0.3645112890207,0.3245555238660,-0.0071140757630,0.4188005964476,0.2097936193897,-0.0746026480978,0.1270045799387,-0.0208509881139,0.2535234979601,-0.0531402661789,0.0199109152425,-0.0669236218278,-0.0431563456428,0.0760881326468,0.0108347366986,0.2841137973410,0.2669442505948,0.0246204192890,0.0617043436852,0.0921941773287,0.1403952266620,-0.0454354791717,0.0004624456140,-0.1036941980611,-0.1181613171792,-0.0154830480133,0.6113623707851
0.2312874112253,0.2301931537042,0.1812944267857,0.1487328073800,0.3611715021016,0.0837994983186,-0.0428740643075,0.0011008157340,-0.0863738851569,0.5871308874756,0.3435454207837,0.5236383935652,0.1610220997455,0.4435739982491,0.3177431420799,-0.1331121668610,0.2871550654081,0.0550035009067,0.0214319179339,-0.1499451342857,0.3099182350194,1.0000000000000,0.5711935019649,0.0331034287460,-0.1202085915586,0.1544938691602,0.2029127497741,0.3959674706429,0.3566246365553,0.3063253103003,-0.1272013568714,-0.0283200385147,0.1172738014681,0.1893115821157,-0.0203527341380,-0.0802170242086,0.0823998657714,-0.2262755237482,-0.2721268731840,0.3033473015208,0.5283577178817,0.3097142489067,-0.2218724585936,-0.0785777464750,-0.2396524885592,0.5499981684984,0.4912011937750,-0.0076361562197,0.5222271641137,0.0974171173822,0.1421022117586,0.0890484011788,-0.2433882812901,0.0542366620225,0.0447761065382,-0.1387712355273,-0.0944376520573,-0.0559944209875,-0.0855267191802,-0.0789807632077,0.3114586226308,0.1483316969009,0.1602262204551,-0.0666096115225,0.0651025882834,-0.3284105490357,-0.4281186516210,-0.1197057498584,0.0579082730398,-0.1691458211461,0.1411794494662,0.6850863895479,0.0000566665934,0.0777986220335,-0.0958636092625,-0.3084705734630,0.0267191406620,0.4301134558057,0.2129563072482,-0.2540815715596,-0.0409127661038,0.0112217210780,0.1465699912984,-0.4199888300597,-0.3991337573946,0.2882108003264,-0.0536186209123,-0.2225444061609,-0.2317504169157,-0.2642080781301,-0.2027645392314,0.2062459771051,-0.2017478324345,0.6027245746565,0.2427741683448,-0.0461610559237,0.2889331489806,0.4807508503655,0.2445280283750,0.0293201709761
0.1343177193288,-0.0635434812145,-0.0388844616715,-0.0083732922356,0.1115515961947,-0.0240954233984,-0.0999689779475,-0.0393271897945,0.0212784581143,0.2596125143621,0.4717724625282,0.5168668940158,-0.0040542760323,0.3269799522468,0.1657605080787,-0.0194600913483,0.2120146218030,0.2210306786723,0.0898637038825,0.1061960617589,0.5537934063561,0.5711935019649,1.0000000000000,0.2079949677333,0.1419123921397,0.5797678676212,0.5687757991998,0.2172430343841,0.1405167100603,-0.1238732211594,0.0096633488324,0.4494447072996,0.2999453442013,0.2131935711065,0.1285182229547,-0.0966290506010,0.1436580065410,0.0844112965983,-0.1188299639972,0.4357321696608,0.1472495088164,0.0968031650824,0.0284034842644,0.1686317308819,-0.0011449159404,0.5899347530854,0.3626019306632,-0.0138883034828,0.1095767835383,0.1264150560986,0.0384737960774,-0.0196815181215,0.0374533860222,-0.0862415941431,-0.0607930618961,-0.1508241551008,-0.0664801615271,-0.0831818657762,-0.0319537874024,-0.0421034098621,0.2198027605319,0.2490829494042,0.2222720980617,-0.1172968978976,-0.0547262662187,0.0701274890367,-0.2057957223228,-0.0026009013995,0.0063152149472,0.0233916962849,0.2288841018752,0.6355130872966,0.1022096162694,0.2792733647900,0.1623099889550,0.0716836567939,0.3814449630774,0.1810668138436,-0.0585313871983,-0.0294955068286,0.0141911169148,0.1376960004291,-0.1451834780367,-0.0097159309244,-0.1880754375066,0.1817270842905,0.0017782804529,-0.1196213242117,0.1894732317403,-0.0342506089837,-0.0714711664022,0.2190977891541,-0.1144814672129,0.2229321847381,0.0918981141444,-0.0980563313696,-0.0900847866156,0.0284956275983,0.0860061583118,0.4017293159361
0.0380434217446,0.0520721749254,0.1469920794663,0.4379299960453,0.0565416061348,0.1753885094085,0.2951867416857,0.5747658581931,0.7158761873151,0.3091775576980,0.4776696175946,0.4341080314587,0.4510602975499,0.0813696588339,0.3683718686998,0.4636977264158,0.4414502469659,0.5768754453616,0.5970542000676,0.5260003023165,0.4576827339366,0.0331034287460,0.2079949677333,1.0000000000000,0.4319254357403,0.2066816118459,0.5174202452204,-0.0593108933005,-0.0895247430619,-0.1355086800168,0.3872617864762,0.1501074614053,0.2047766671851,-0.1602788605973,0.3444809812338,0.4972757363636,0.5536922478494,0.3807408768338,0.3802800239657,0.0663165003324,0.0051724703573,0.1425446353903,0.2762100838880,0.3528560843637,0.1081092594916,-0.1370059828974,0.1263621979712,0.2690999803984,-0.0941463865651,0.2040345823361,-0.0374738335327,0.0309498386779,0.2515219873372,0.1470293553656,0.1646595778712,0.2917798034269,0.5398495923495,0.1329315941732,0.3627280779039,0.6075782208545,0.1179822398152,0.3938834646672,0.1780411951153,0.3739027065552,-0.0632785345032,0.0121617742508,0.1752497908743,0.4762200955300,0.5152968844489,0.5631849488016,0.2174450889366,0.0125091844019,0.8808473896553,0.5360362410565,0.0266367215535,-0.0736575421181,0.4809795704549,-0.1444540824351,-0.2603489522749,0.4927484176599,-0.0762826174265,0.3034172363953,-0.3534084186931,-0.1150368261373,0.0070627669041,-0.1558815914624,0.4754162462782,0.4391810274755,0.1263637206465,0.5121466699510,0.2882908430790,-0.1140109055118,0.3817865427370,-0.1858622602054,-0.2310856504285,0.2513217844933,-0.2579230956199,-0.2700665920194,0.0301562840214,0.2944658106477
