1.0000000000000,0.4766399248681,0.4202502930476,0.0932392391822,0.7548781371420,0.4853637005273,0.1967087341255,0.0717548269807,0.1473226690504,0.3184617914496,0.0764184030770,0.1641707972467,0.0879503052297,0.7819292379558,0.2261817266602,-0.0615490937182,-0.0410282234866,0.0635927877729,-0.1749285645341,-0.1280473548350,0.0600196548352,0.0421684564012,-0.0968832502343,0.2040259538193,-0.1171319062190,-0.2246807387974,-0.2249361848769,-0.0781968472737,-0.1851747067120,0.0394480119546,-0.1719905878439,-0.2490346468765,-0.2960511889927,-0.0859845250913,-0.0935647326002,0.4880595368746,-0.0200693676560,-0.3490486098238,-0.0399145639102,-0.1576307518279,0.1684516363497,0.1519328635105,-0.0757128711833,-0.3981043554921,-0.3126281575234,-0.0873193382034,-0.1052908103643,0.0019680864322,0.1522442022378,-0.1248671345886,0.6855921764498,0.4440074557868,-0.0609778872789,0.4298677812296,0.3067075072767,0.1294302042423,-0.1222547759303,-0.0173148247686,-0.0959491678744,0.0194887821611,0.1871107532724,0.0243898027831,0.0359339069889,0.0696877991358,0.5489015558402,-0.2306262053723,-0.1835811931482,-0.1145958809162,0.0259187828009,-0.1409200875495,-0.1610232997111,-0.1444312187362,0.1920955133654,-0.1586209267054,-0.4356891064127,-0.3065556732122,-0.1557922094705,-0.1198125756418,-0.2067050791035,-0.2271302639225,-0.1649213581399,-0.2746237073497,-0.1674385542388,-0.2282450352163,-0.3641272754745,-0.1910471216352,-0.0234546186625,0.0796606681009,-0.3354570629988,-0.4575050177568,0.0397234118903,-0.0184177697968,-0.3959718499884,-0.2321503310051,-0.0305474910382,0.0275923743655,0.2064913230027,0.2301705764828,0.1065548820063,0.0296337640884
0.4766399248681,1.0000000000000,0.4782044957241,-0.0214493915045,0.1820417937925,0.1283121303968,0.0958729583996,0.0286043302812,0.0710160791130,0.0705186802926,-0.1702509432285,-0.2266307602355,0.0376687785270,0.5291962491018,0.0603833823478,-0.1831848271832,-0.1799705784612,-0.2717035879978,0.1311705509841,-0.1348168702915,-0.0631009991682,0.0423485683513,-0.1533437185713,0.0290950959442,-0.2106654197217,-0.0292645402592,-0.1098943350341,0.2607563204661,0.0773158690016,0.3642180246095,-0.2223275152237,-0.0713345604818,-0.2597526779613,0.2291372669877,0.0237379377075,0.1470303268215,-0.0234196344596,-0.1951985171120,-0.1619836584014,-0.1231414750868,0.1697488379811,0.1467185988436,-0.2091187880816,0.0755617466101,0.1184317213530,-0.1146098698283,-0.1087503576041,-0.1743900547104,0.3397153938198,-0.0702614402471,0.1467023625984,0.7236124596403,-0.0855776012719,0.3016001564559,0.0463640757632,0.2182745690390,0.1510178105244,-0.0162238577284,0.0020910584829,0.1527796069143,0.0097071204208,0.0381396697712,-0.0183413593726,-0.1592511246231,0.2928419473167,-0.1767693019075,0.0750357074340,-0.2202540049254,0.1496423143508,-0.1699237341402,-0.2368450773000,0.0280289932645,-0.0506356175904,0.0370539753334,-0.0112465430404,-0.0559170842783,-0.1698192079155,0.1839584625079,0.1392315412023,-0.1919958021370,-0.0498914990152,-0.0262834389818,0.3224424573757,0.0311962286021,-0.0303889793167,0.0194811355972,0.0940987275618,0.0673592515816,-0.2512541286980,-0.0476477180973,-0.0707596533129,-0.0656083943656,0.1009988720311,-0.0886747344991,-0.2306555329810,-0.1798830020883,0.3197152682957,0.1001056137327,-0.0107975656822,-0.2674213095125
0.4202502930476,0.4782044957241,1.0000000000000,0.1440205057861,0.4621353036122,0.6402547687103,0.5715083994173,0.3270065568370,0.4027742134348,0.2141577065324,-0.0305662928060,-0.0801539554976,0.2712306633765,0.3237127931498,-0.0164983913887,-0.0039702084762,0.2056471177957,-0.2176513022276,0.3856436510016,0.0597964970928,-0.0478706662376,0.1208855824328,-0.2624573588840,0.2055897735326,-0.0607953605494,-0.3032405891802,-0.1124667603942,0.0092280359012,-0.1939954856744,0.1151315334626,0.0530931030393,-0.1226930745254,-0.0911179201587,-0.0576902386391,0.2665241762506,0.1732163904354,-0.0504062061124,-0.0917461182032,-0.2113965226017,-0.2160190516890,0.3469981416950,0.4207970310869,-0.4892170892980,-0.0759402926606,-0.1795609947832,-0.1463162943137,0.0449798726510,-0.0796027650556,0.3196776961754,-0.1619626298232,0.3662932753315,0.6472292303574,0.1697065046672,0.8071448580375,0.4976606277751,0.5524785286189,0.4195808972346,0.2331380670891,0.3552351880083,0.4719296661562,0.2765385290091,0.2837622800076,0.3111857985481,0.0956481470428,0.2042587155390,-0.3804574411227,0.4258343559423,0.1764661863345,0.5402004198861,0.2384172626569,-0.1858375968445,0.0341570896241,0.2569650764920,0.2378245536509,0.0994770953779,-0.3858394367343,-0.1734876398872,-0.0216800542916,-0.2009652246429,0.1889835530340,0.1425575906207,0.2124249423801,0.0773845124060,-0.1456915463327,-0.0678416257538,-0.0469213192105,0.0695759650287,0.2475796273571,-0.5016677955698,0.0920549433356,-0.0405262345955,-0.2577228653249,-0.1336004617989,-0.0696618419678,0.0171605336948,0.1113459698973,0.1428560159091,0.2728475292376,0.3552098349515,-0.4137729768617
0.0932392391822,-0.0214493915045,0.1440205057861,1.0000000000000,0.2670425634695,0.4094767118039,0.6763132463207,0.5308270446321,0.3906718621094,0.3215639494871,0.5713646976413,0.5018964733646,0.2165845612918,-0.1064138426169,0.6577903483328,0.4662053266747,0.4188320067648,0.5416041562638,0.4447141413209,0.3857994420558,0.3189167534029,0.1895105008858,0.4195772641762,0.4528306998717,0.2919686552646,0.2941047053577,0.2202496652941,-0.0158204933264,-0.2583653622029,-0.1706651346936,0.3377861907835,0.1694890254071,0.3198896689764,0.2871893215629,0.1294777785419,-0.0119328652647,0.0149905243119,0.2410809264761,0.0214827953967,0.3598011259242,0.2006197011635,0.4698383283460,0.1661062508011,0.0623602815329,-0.0517453362635,0.1787255531057,0.3162438792678,0.2322319204492,0.0366257805614,0.4979038165893,0.3500112004226,-0.1510380070828,0.6017829691682,0.3013310493198,0.4112960934386,0.6015837083789,0.0941136216137,0.3095216617573,0.3006229442209,0.2554185001148,-0.0582068618088,0.0259490906428,-0.1496354967868,-0.1245225567698,-0.1023708688766,-0.0589292774428,0.2475777474039,0.1118900423342,0.1922103003561,0.1830313651143,-0.1359847058512,-0.2253872349459,0.2904514317770,0.1754480070418,-0.1346381953841,-0.0975486671672,0.0524619740974,-0.0898129637177,-0.4241565086692,0.0690545596798,-0.2513164475425,-0.2624601838585,-0.3427881782039,-0.2385983317862,-0.3290179468825,-0.0440501317580,-0.1108129592016,0.0679733539676,-0.1664535098270,0.0391484505086,0.0128564598534,0.1790302666500,-0.0752895853276,-0.2189877598765,-0.2662763156886,0.2679412416665,-0.4019080161327,-0.3122680830940,0.0368439097469,-0.0925653433763
0.7548781371420,0.1820417937925,0.4621353036122,0.2670425634695,1.0000000000000,0.8043334614571,0.4343788583173,0.4112771967260,0.3861305703167,0.5378736867642,0.3073433654574,0.4371277773264,0.3280400109722,0.6271406598627,0.3612105687804,0.2357350663505,0.2846686095749,0.3198269881360,-0.0205487422931,0.1338222502896,0.2012635861936,0.1226242840451,-0.1010036244590,0.3431015620584,0.0053237366711,-0.3199134002411,-0.2835783188944,-0.2505918693090,-0.2547002660040,-0.1180726987993,0.0943592940442,-0.2791824522716,-0.0831729024972,-0.2148333885072,-0.0066511435270,0.5002551018656,-0.2194039329988,-0.2320753484846,-0.1002333178395,-0.1631340989824,0.2871532660096,0.3673465363386,-0.1040094820566,-0.4804399626606,-0.3475541905346,-0.0957821603577,0.0017798748489,-0.0095423173011,0.1499370261220,-0.0987252335749,0.8214039385231,0.1872022572286,0.1306427632090,0.6730274619543,0.6980674466920,0.3246258767193,0.0842023616990,0.3309634061635,0.2282173868253,0.1751794966238,0.4063150983769,0.1537830381429,0.1721575881936,0.2742904876574,0.5312292044641,-0.3211710394018,0.0131353241460,0.2061164374495,0.2824265551188,0.1667782182250,-0.0891058364023,-0.2473603496896,0.3744659846256,-0.1146161433110,-0.4046442507831,-0.4242557994479,-0.2985384516321,-0.2753709688688,-0.3534132434739,0.0310334662844,-0.2333956960835,-0.2968813686335,-0.4064407122250,-0.3977870803667,-0.4419380770996,-0.3495490441062,-0.2775547578688,0.0858638431934,-0.4063460327784,-0.4402745210150,-0.0291111052248,-0.0549126203602,-0.5080410576271,-0.3612014496891,0.0365561480634,0.1501292261645,0.0407313569858,0.2687308795727,0.3313212084426,-0.0055931587303
0.4853637005273,0.1283121303968,0.6402547687103,0.4094767118039,0.8043334614571,1.0000000000000,0.6466024560420,0.6178150167100,0.6298442748712,0.5984032261721,0.3889575961798,0.4301757039205,0.4903391060451,0.3800340663352,0.4208198586954,0.4126145105009,0.5056168394649,0.3531034474021,0.2954029856301,0.3129542445435,0.1313167415500,0.1056492405532,-0.1239035950647,0.4653176981511,0.1088438648831,-0.2976806873375,-0.2582007688768,-0.2503963759499,-0.2927486677662,-0.1495380006794,0.2996002495524,-0.2358938406465,0.0599272335870,-0.2067876179687,0.2194276138904,0.4185573446063,-0.2648951105386,-0.0552271043604,-0.0657980361938,-0.1334645008046,0.3632241511439,0.5514263326115,-0.2394696285447,-0.3361410322109,-0.3291213654257,-0.1480080185385,0.0687373990175,0.0844166373494,0.1816309604646,-0.0182632419915,0.6262623322928,0.1925335467802,0.3804713193094,0.8639579907411,0.9029686930589,0.5405335506356,0.3422622639240,0.5059326498827,0.5034823960361,0.4530123647920,0.4243680076029,0.2912167648316,0.2995404410732,0.3603179733491,0.3696622659882,-0.2860823982845,0.3565843893888,0.4202133882943,0.5322722792133,0.4341472411119,-0.1629111584606,-0.2768540730643,0.5217486646454,0.0693958425696,-0.2602774949106,-0.4915282705578,-0.3553589610577,-0.3114904734442,-0.3995122697129,0.2857186160114,-0.1899226953278,-0.1581631896244,-0.3503507234797,-0.4612141651904,-0.4022665254406,-0.4081689419461,-0.3028297038225,0.1801599456495,-0.4813542824043,-0.1663149804771,0.0266607001606,-0.1487742737469,-0.4318564603161,-0.3960007419282,0.0186846269598,0.3045724509970,-0.0157570966478,0.2329194519012,0.4477349477231,-0.1429324918488
0.1967087341255,0.0958729583996,0.5715083994173,0.6763132463207,0.4343788583173,0.6466024560420,1.0000000000000,0.6412945605040,0.6151903592033,0.3916419506416,0.4254659965067,0.3556182396308,0.4254216275468,-0.0078494978200,0.3878648714905,0.2814373486926,0.4177910748927,0.2489765118191,0.5232988388880,0.2867458357144,0.0436219688866,0.1509732423311,0.0360745249128,0.5065089904790,0.2096926013521,-0.0516995769121,0.0732590960477,-0.0398051570596,-0.2113885066819,-0.1429972956656,0.2406051933411,-0.0614876027930,0.1004397419426,0.0324594867458,0.2715053819829,0.0906822721932,0.0297464437345,0.0506731891659,-0.0293500834784,0.1065044775543,0.3649421150348,0.5252036273420,-0.3444111532243,-0.0708641633181,-0.2469895425771,-0.0701082246895,0.1240415630784,0.1529287941386,0.1826440241698,0.0316878557155,0.5120962946406,0.1428875969370,0.5897186256500,0.6601201886021,0.6721000301098,0.8638443427618,0.4760260777940,0.5244723174987,0.6317301296509,0.5307627282088,0.2890012589219,0.3931658150828,0.2697695322426,0.1489039987162,0.0734360009789,-0.3768228608102,0.5196680413513,0.3812679243256,0.6119623487653,0.4142531797460,-0.1681113059549,-0.0825072722979,0.5202470150948,0.2528539749954,-0.1189977321449,-0.3037985800734,-0.1483666041481,-0.0734821328762,-0.3093699066758,0.2976518222493,-0.0443881752004,-0.0223981390354,-0.2114084698368,-0.3146802445450,-0.3120282231906,-0.0701908208279,-0.0071556259864,0.2305273329765,-0.5075872501279,0.0463700180549,0.0764641536187,-0.0940369731304,-0.2016607731444,-0.1301041701734,-0.1442072650125,0.3096639732501,-0.1035354090395,0.0952326592826,0.3206179440370,-0.3584623561091
0.0717548269807,0.0286043302812,0.3270065568370,0.5308270446321,0.4112771967260,0.6178150167100,0.6412945605040,1.0000000000000,0.8167233183018,0.4452050578600,0.4960317876848,0.5023804344942,0.6313126622109,0.0270896073950,0.4078678462046,0.5348828312757,0.6925246441757,0.5364467299270,0.5599705676047,0.7416813399343,0.1879532351304,0.0941414581936,0.0152556930168,0.5460131264164,0.5036807003506,-0.0124429296145,0.0481594227912,-0.0618559535431,-0.1803386573069,0.0061633652263,0.4489414456606,-0.0541400912158,0.4249119136601,-0.1742700486536,0.0987492278762,0.1115086829304,-0.2655275497489,0.3930864164298,-0.1173084020811,0.0903476381455,0.4328437692308,0.5799399620816,-0.1842966359812,0.1045658404106,0.0365149012444,0.0454807533086,0.2697894309056,-0.0343195509095,0.1513489383334,0.0877376262499,0.3312102836257,-0.1288026768962,0.4900117648980,0.5444701985413,0.6762597615529,0.5186477592907,0.5058979694604,0.7675894479914,0.7441988836737,0.6438496112582,0.1657754020226,0.2589369547391,0.1680471103886,0.2382601927077,0.0805507645310,-0.4297661672055,0.4950134727756,0.5012674589331,0.5946877849012,0.6641753208637,-0.3789082689640,-0.3662907366080,0.5965342752681,0.4329241639973,-0.1563395449291,-0.3355127802140,-0.2779902686972,-0.2216185148055,-0.3150045078268,0.4043000277623,-0.2718464449056,-0.1495878870756,-0.2703271656148,-0.5364950835746,-0.2342631229855,-0.3575022490750,-0.3716046970108,0.0232748969592,-0.5507142187646,0.1893775832957,-0.0857341382817,-0.1121622519306,-0.0354379768140,-0.2449764637034,-0.0545952502355,0.1848094273685,-0.1330509223881,0.0328160340196,0.2549622905885,-0.4206094777370
0.1473226690504,0.0710160791130,0.4027742134348,0.3906718621094,0.3861305703167,0.6298442748712,0.6151903592033,0.8167233183018,1.0000000000000,0.4803829407272,0.4593551209573,0.4410880215426,0.6655587982279,0.0721916157810,0.3034621649372,0.4663064018087,0.6853109272780,0.4375079026057,0.5942736669651,0.5869545833915,0.1037420999153,0.1048705176899,-0.0545514906526,0.6534565979981,0.5932783731320,-0.1152700667154,0.0446461704915,-0.1438004213457,-0.2895728848042,-0.0145059884250,0.4454554013917,-0.0521152860053,0.3287160365104,-0.1566793303069,0.1868598776684,0.2896860192436,-0.1783862147539,0.2822589269367,-0.0436918563083,0.0299259069806,0.4891533682937,0.6259865102813,-0.3207071684652,-0.0002098519705,-0.2368394586324,0.0430748510441,0.2835507985324,-0.0207176890564,0.0921612251588,0.0049587976118,0.2828109555081,-0.0307017325296,0.4700328874229,0.6052316906537,0.6529005617923,0.5262333138691,0.5591385134184,0.6719514870442,0.7904391452591,0.8060303520912,0.2533110287361,0.4235990301467,0.3236270780499,0.3171854389842,0.0244204513054,-0.4207460629983,0.5947435148705,0.5582262171080,0.6909146268828,0.7143380543181,-0.3448520885387,-0.2944886806191,0.7537406057481,0.4330975214388,-0.1440494289392,-0.3566749823725,-0.2640644973664,-0.3063641488973,-0.4077469572268,0.5003256722140,-0.1480195166966,-0.0234155924398,-0.2705504378138,-0.4957002914657,-0.1957673056048,-0.3076299464685,-0.2552537711798,0.1026042727388,-0.5780889718763,0.1673844062192,0.0015350491656,-0.1625510333114,-0.1749879441602,-0.2195959741655,-0.0113908707350,0.1855031333179,-0.1578099098778,0.1059090143747,0.3698408918180,-0.4303978774212
0.3184617914496,0.0705186802926,0.2141577065324,0.3215639494871,0.5378736867642,0.5984032261721,0.3916419506416,0.4452050578600,0.4803829407272,1.0000000000000,0.6597892437242,0.7733532553896,0.5423220638499,0.3463802235222,0.5505782495119,0.3639889254089,0.3069407025937,0.3947808827933,0.0219229970103,0.1695674193029,0.3938376423003,0.3154397262250,0.2384416793257,0.5187461813144,0.1506152823459,-0.0762633734665,-0.0804089655046,-0.1913253462945,-0.1176617185928,-0.1779596362134,0.2172408471372,-0.1277027087351,0.0103529000454,-0.0952470419410,0.1433795386310,0.5214185266504,-0.1722665221277,-0.1605643806404,0.0010031242398,0.0517504513494,0.2996550212208,0.5994397298088,0.0119987699775,-0.3027077973050,-0.2798749467236,0.0146853521790,0.0538034817226,0.0720785142634,-0.0625995656033,0.1347302226582,0.4614330818204,0.0129454608923,0.1047175389185,0.5134675673963,0.5792287668645,0.2712048599376,0.2348769649325,0.3711776041863,0.3056950109647,0.1568451044167,0.6750258044903,0.2868772857659,0.2897060816575,0.4433804449988,0.3492280108682,-0.2318557573141,0.0505229313371,0.2134719761904,0.3670968374440,0.3021796071568,0.1285630893752,-0.1704453958030,0.5231579919818,-0.0295677286588,-0.3567297299621,-0.2062714171674,-0.1202314292176,-0.2372917147315,-0.1983157281933,0.0811975528998,-0.2252381681440,-0.2636116579485,-0.4574034857173,-0.2973241809461,-0.4217652923893,-0.3360149467870,-0.2407539621711,0.1543364888435,-0.2803389355314,-0.3669715119711,0.0175303498078,0.0796786958170,-0.3545499587495,-0.3301222613476,-0.0533351642112,0.1528103625127,-0.1090716093536,0.2850256932359,0.4722413123948,0.1234056380080
0.0764184030770,-0.1702509432285,-0.0305662928060,0.5713646976413,0.3073433654574,0.3889575961798,0.4254659965067,0.4960317876848,0.4593551209573,0.6597892437242,1.0000000000000,0.8240115243929,0.4538771815390,-0.0142478977686,0.6290559693585,0.4448682141643,0.3554144376800,0.6191005191915,0.1422415846885,0.3337262255083,0.3756510880887,0.3029758852652,0.5216833761478,0.5717033566393,0.3560895449332,0.2591315825376,0.2292314307079,-0.2450887916486,-0.0873647521575,-0.2151671117713,0.3484335928797,0.0727540442658,0.2649088514729,0.1327777601828,0.1790828553851,0.2329736190316,0.0774704683162,0.1235039528057,0.1831038599345,0.2753762619338,0.1976635291707,0.4750354730538,0.2078045133424,-0.0692571341338,-0.1140671801371,0.1474403472601,0.1807015529946,0.2731732663174,-0.0646841529278,0.3368583435814,0.3165278764767,-0.2738544865703,0.2605531416120,0.2454360477988,0.4422628124065,0.2885489697091,0.1915249869525,0.3922123181705,0.2973661834755,0.1378974293478,0.3038160409291,0.3127703312000,0.0960323089127,0.2586545352709,0.0388526278337,-0.1022289720555,0.0429761447143,0.1831389054335,0.2128665039009,0.2782820297509,0.0507709214027,-0.2263357122903,0.5305957819869,0.0995453940024,-0.2503215650207,-0.0347582060202,0.0953510603503,-0.2750065441070,-0.2243585036021,0.1011928379342,-0.3492588646207,-0.3425368313698,-0.4770477201542,-0.2610326698490,-0.3371348005747,-0.2893715530097,-0.0955951625703,0.1726773631852,-0.1254590981468,-0.1310451131328,0.1389122847141,0.1518658331005,-0.1825523258394,-0.3022974125272,-0.2923213971210,0.3195064298051,-0.2768600172966,-0.0841423731220,0.1671987858118,0.0251152621845
0.1641707972467,-0.2266307602355,-0.0801539554976,0.5018964733646,0.4371277773264,0.4301757039205,0.3556182396308,0.5023804344942,0.4410880215426,0.7733532553896,0.8240115243929,1.0000000000000,0.4906418485029,0.1117465340006,0.6151809503677,0.4591118967765,0.4366672152982,0.6388089735603,0.0683069950998,0.3338176881945,0.5186736199380,0.3030172443968,0.4904222352047,0.5102621373162,0.3348078335951,0.1765331432191,0.0887707448272,-0.2493792838688,-0.1159387610062,-0.1602382119586,0.3642995010604,0.0613667821304,0.2484459840944,-0.0478340163135,0.0402340043420,0.3681933352185,-0.0639009434515,0.0837358340478,0.1014727161918,0.1732769631035,0.2519804916839,0.5256973384391,0.2466490281459,-0.1959096355898,-0.1956567473090,0.1197223427619,0.2463838274503,0.1688474579237,-0.1267739307106,0.3274465050233,0.3634621929101,-0.3456592908719,0.1950623504310,0.2567400783858,0.4560322017854,0.1941248278745,0.0765068754990,0.3635237218870,0.2615616144634,0.0803150061472,0.3653219055158,0.1778277228521,0.1153617379162,0.3150002565454,0.1307681905630,-0.1235107408941,-0.0442080460834,0.2080528637678,0.1974413792143,0.2854219328542,0.1198657064129,-0.2915831369432,0.4983320791572,0.0331129218041,-0.3615635689002,-0.0952009420181,0.0242078360903,-0.3225253840719,-0.2799693998248,0.0570865405559,-0.3138616322607,-0.3909525795052,-0.5799562368484,-0.3032958205670,-0.3884940945691,-0.3380914662187,-0.2373875303307,0.0654459164638,-0.1428960556553,-0.2806982916354,0.0529941130686,0.1529907420851,-0.2564128747427,-0.3665015475053,-0.0866243760045,0.2206176929520,-0.3409071575898,-0.0106026306389,0.2273407941388,0.1683654796438
0.0879503052297,0.0376687785270,0.2712306633765,0.2165845612918,0.3280400109722,0.4903391060451,0.4254216275468,0.6313126622109,0.6655587982279,0.5423220638499,0.4538771815390,0.4906418485029,1.0000000000000,0.0074815873732,0.1622785443140,0.2816041314158,0.5967983566554,0.2361954205000,0.3537224970821,0.4075330575764,0.1839598708213,0.1776173004465,0.0028601684959,0.4840577223191,0.4306798922219,-0.2059917506733,0.0689581533313,-0.1172330577103,-0.2823869196035,-0.0235660336875,0.2866465985032,-0.0919803885102,0.3217520893254,-0.0895404220828,0.0481523093110,0.1511406400201,-0.1386200255038,0.0747735783011,-0.0589284142535,-0.0191854133518,0.4666408131387,0.5922612462963,-0.3074153652438,-0.1580747572729,-0.2005096467633,0.0364844956904,0.2435035806588,-0.0431424202500,0.0442907584704,-0.0130510020736,0.2243115835619,-0.0780260275510,0.3355447231295,0.4186057699090,0.5349563970676,0.4157607374217,0.6803093294531,0.5698737295945,0.6185444935711,0.5790174682045,0.4259741107950,0.5713139042819,0.5661707587308,0.7282652875827,-0.0269532478346,-0.3291257766803,0.4520978553448,0.5257573102451,0.5477787094518,0.5398525948289,-0.1570066139256,-0.0946956186537,0.6207516838586,0.2946407005294,-0.0829049336848,-0.3247821226033,-0.2722505354737,-0.2533210815974,-0.3326038943434,0.4112727025047,-0.0442294819099,0.0600570335589,-0.1922088454170,-0.3721828405661,-0.2230760442238,-0.1583452224565,-0.2063570218549,0.0310082640723,-0.4225570875670,0.0030521158283,-0.0183413737683,-0.1461490440082,-0.2845236968556,-0.1519680500704,-0.0374521761878,0.1041527010538,-0.1748564911775,0.2268425161101,0.4549710468839,-0.3291283006327
0.7819292379558,0.5291962491018,0.3237127931498,-0.1064138426169,0.6271406598627,0.3800340663352,-0.0078494978200,0.0270896073950,0.0721916157810,0.3463802235222,-0.0142478977686,0.1117465340006,0.0074815873732,1.0000000000000,0.2528047848251,0.0148234986283,-0.0889346355482,0.0253337271906,-0.2719545509480,-0.1359768275206,0.1260460167567,0.0193702891692,-0.2140018733635,0.0893254788590,-0.2433060375857,-0.2302087755353,-0.3466034957781,-0.0154021097100,0.0369805247503,0.2872028614849,-0.1195892726974,-0.2590583607663,-0.3356096981933,-0.1770202792089,0.0166278440891,0.5419137960966,-0.1622802915901,-0.3491377866949,-0.0695520491505,-0.2402042699308,0.1669052893936,0.1311374341632,0.0148345289915,-0.3667373862041,-0.1723317623973,-0.1537644769489,-0.1684721239365,-0.1140600080313,0.2501792069494,-0.1537600426533,0.4802058294328,0.4004393962421,-0.2701082200124,0.3936013331579,0.2297321546206,-0.0314209352052,-0.1517221598156,0.0075017564964,-0.1098900680875,-0.0698525241015,0.2251742492790,-0.0903679957131,-0.0334942076112,0.0388539872539,0.6370398384919,-0.2307488051034,-0.2161587913257,-0.1371285355568,0.0523043368491,-0.1403720143917,-0.0923516596152,-0.1913374184766,0.0701315748675,-0.2109218747012,-0.2880139300669,-0.1924057691997,-0.2233248232461,-0.0945705465563,-0.0169124623873,-0.2150534556877,-0.1990196188776,-0.3176876033859,-0.1498135292732,-0.1660628744810,-0.2598700400629,-0.2882939195890,-0.1340339878221,0.1302408071162,-0.2703643424281,-0.4671828095508,-0.0509178424893,-0.0507328676088,-0.2908855571021,-0.2736781209977,0.0076256126734,-0.0775026864912,0.2855194374359,0.2767742756949,0.0986953792650,0.0495469823726
0.2261817266602,0.0603833823478,-0.0164983913887,0.6577903483328,0.3612105687804,0.4208198586954,0.3878648714905,0.4078678462046,0.3034621649372,0.5505782495119,0.6290559693585,0.6151809503677,0.1622785443140,0.2528047848251,1.0000000000000,0.5213995718589,0.2603069037073,0.6072711408740,0.1019567050414,0.2505318485141,0.3293074483034,0.0996129702993,0.3001242403454,0.4230550176218,0.1679347050885,0.3319512504171,0.0434941132908,-0.0745946355395,-0.0988821684228,-0.0757727840580,0.3173057153532,0.0538794522325,0.1015056547764,0.2011985080126,0.2308410347311,0.3215003893504,0.0124399598198,0.1402197100250,0.3343367614050,0.4031483296886,0.1457706634092,0.4271220872311,0.4376998552773,-0.0108993607146,-0.0338993597636,0.1607760484896,0.1517722942885,0.3882575516924,-0.0016919181348,0.5059116830788,0.3665408400681,-0.1201350013195,0.2306107167783,0.2954502435597,0.4475678275970,0.2728699752325,-0.1253328437017,0.2604567788630,0.1285295096296,0.0140198390779,0.0672130603973,-0.0975662243930,-0.2758028348415,-0.0742175125740,0.2192780586341,0.0802415002460,-0.0614486339382,-0.0321663855127,0.0716647081604,0.0651898888722,-0.1732631709085,-0.4674760887913,0.2577022624561,-0.0611820905983,-0.3696220304752,-0.0230580318589,-0.0244902567475,-0.1971506471681,-0.2779033546853,-0.1357950386275,-0.4799065677353,-0.5723970001276,-0.4334356190002,-0.2277252546153,-0.3816894511907,-0.3074789665448,-0.1724069168513,0.2186839764681,-0.0261881524861,-0.1692038716876,0.2544411215012,0.2963021560432,-0.0913888739459,-0.3652160261481,-0.3045920718382,0.3641859925359,-0.2868617009400,-0.2000707348711,0.0156562778678,0.1276166584040
-0.0615490937182,-0.1831848271832,-0.0039702084762,0.4662053266747,0.2357350663505,0.4126145105009,0.2814373486926,0.5348828312757,0.4663064018087,0.3639889254089,0.4448682141643,0.4591118967765,0.2816041314158,0.0148234986283,0.5213995718589,1.0000000000000,0.5094018775344,0.7180816540710,0.2236677657599,0.6338601891940,0.2648562544910,-0.2134144327434,0.0434284537695,0.3660094522789,0.3064955478363,0.1269557783194,-0.0521131110345,-0.2656168648443,-0.1273079632164,-0.1240070788831,0.7311526578246,0.0922951009013,0.5008829921102,0.0416733365256,0.5159140816438,0.3754204506604,-0.2115588537272,0.3634028479366,0.2770510472951,0.1871043862846,0.1534573970262,0.3767052368093,0.3755404886970,0.0333707833274,0.0918212183693,0.0740498121840,0.1917912101050,0.1537474483847,-0.2012812015635,0.2647116866720,0.0984069348876,-0.2371841278504,0.3558872076119,0.3193076614872,0.4467685004156,0.1828247108392,0.0238439340679,0.3806864233855,0.3671176541726,0.1851813143897,0.0534797652396,-0.0809105166244,-0.1762246827493,0.0633890807980,0.0610821476429,0.0699682345011,0.3540460896231,0.3869737982135,0.2795833163925,0.4414365743152,-0.1516555718303,-0.5996773838566,0.2864761716282,-0.0578454695751,-0.1864120608123,-0.1348520726838,-0.2302129138270,-0.3671197123156,-0.2589995020197,0.3897077568664,-0.4203005318114,-0.4131238103422,-0.4706510571167,-0.2291116735231,-0.2762661725730,-0.4540973265990,-0.4025387960181,0.2318200036605,-0.0200977265191,-0.0615635635983,0.1193582106578,0.1201229160441,-0.1425927284176,-0.5046088584211,-0.2191131835474,0.2118640799314,-0.3496856330499,-0.2476517036425,0.1461036914866,0.0093019644985
-0.0410282234866,-0.1799705784612,0.2056471177957,0.4188320067648,0.2846686095749,0.5056168394649,0.4177910748927,0.6925246441757,0.6853109272780,0.3069407025937,0.3554144376800,0.4366672152982,0.5967983566554,-0.0889346355482,0.2603069037073,0.5094018775344,1.0000000000000,0.5062246331327,0.5977204029489,0.7167358847003,0.3137731892917,0.1828992735073,0.0222764137102,0.3918792549146,0.5341891882856,-0.0507993333927,0.1137704428850,-0.1510713172065,-0.3045096438343,0.0416693147315,0.6072173810173,0.1146978070669,0.6332393958089,-0.1617978368426,0.0920554654666,0.0020190466406,-0.2366188477403,0.4815816182798,-0.0216846321072,0.1020881524577,0.5452759072158,0.5938366531218,-0.2100023380688,0.0430804572039,-0.1331563046216,0.1496939878104,0.5469855711004,0.0282067344189,0.0267592479864,0.2198956541529,0.0875218917307,-0.2596259532529,0.5464498969287,0.3652922707827,0.5221724856956,0.3636712290976,0.4061983941842,0.5068950836216,0.6555983642152,0.6376197295382,0.0168096850216,0.2737554448123,0.2782622929494,0.2528159667643,-0.1568243518117,-0.2511532102666,0.5810982522571,0.6811774770380,0.5378369035884,0.7311888177321,-0.2758861913471,-0.2542065499491,0.5181224715589,0.4219739197284,0.0045316965452,-0.4153590045206,-0.2317287551955,-0.3514811439707,-0.5058857199195,0.6121423806978,-0.0759007487996,0.0884961794343,-0.3008511290234,-0.5811280741985,-0.1439218523619,-0.2246216611504,-0.3892372303026,-0.1106491068345,-0.4457485312403,0.3041183793502,-0.0659428076046,-0.1273288892585,-0.1623932463538,-0.1737413713084,0.1578306245896,0.1837800320096,-0.3587763473084,-0.0410547130038,0.2615569378524,-0.3639712405476
0.0635927877729,-0.2717035879978,-0.2176513022276,0.5416041562638,0.3198269881360,0.3531034474021,0.2489765118191,0.5364467299270,0.4375079026057,0.3947808827933,0.6191005191915,0.6388089735603,0.2361954205000,0.0253337271906,0.6072711408740,0.7180816540710,0.5062246331327,1.0000000000000,0.0367430619355,0.5705108331413,0.3134985199484,-0.1023401757865,0.2576675991472,0.4861964234160,0.4023863013172,0.2711356149448,0.0190234181700,-0.2252381198473,-0.0480249837952,-0.1716943077302,0.6094082598296,0.1000606421551,0.4530298000178,-0.0061230846840,0.0868013603477,0.2111384795016,-0.1913036050981,0.3198041079675,0.2112979917814,0.2898137171883,0.1521045406066,0.3001205085584,0.3943903047220,-0.0199843226685,-0.0326150715276,0.1659663388661,0.2116531681154,0.1218903176174,-0.1721044036470,0.3143530096469,0.2689633386613,-0.4348086280612,0.2861690891897,0.1432364448840,0.3964113295544,0.0929944011359,-0.1099070159956,0.4206275358531,0.3044539079888,0.0469903925447,-0.0111886738569,-0.1167312064055,-0.2990312261432,0.0258281496035,0.0742455862298,-0.0273265350401,0.0514627119531,0.3074718920633,0.0244387257887,0.3524635755497,-0.1418117728932,-0.5904885678389,0.4113366740520,-0.1062486543261,-0.3593594994031,0.0029396085058,-0.1264515390953,-0.3077031178113,-0.2124897737207,0.2585009291932,-0.5210221012328,-0.5722562759624,-0.5752004767168,-0.3923954242492,-0.3670564710477,-0.4704871523695,-0.4285649769331,0.0203223317735,-0.0234314200046,-0.1597768733940,0.0513656167237,0.2173957528507,-0.1719545852733,-0.4450962311677,-0.2152810496747,0.1585643731741,-0.3376433187020,-0.2772688878976,0.0302116745222,0.0876622410529
-0.1749285645341,0.1311705509841,0.3856436510016,0.4447141413209,-0.0205487422931,0.2954029856301,0.5232988388880,0.5599705676047,0.5942736669651,0.0219229970103,0.1422415846885,0.0683069950998,0.3537224970821,-0.2719545509480,0.1019567050414,0.2236677657599,0.5977204029489,0.0367430619355,1.0000000000000,0.5473551214279,0.0782877901369,0.2863626038739,0.0762437582038,0.2725932290108,0.4353521788220,0.0582098785090,0.2690687396817,0.1302991940006,-0.2342748062775,0.1699747128577,0.3303347504676,0.2045914049256,0.4027931597679,0.1794709239728,0.1840675163563,-0.1382493255330,-0.0104459124644,0.4531895012538,-0.1229129388716,0.1949172543122,0.4598845047196,0.5103598206900,-0.3478661041952,0.3138372888070,0.0626613321435,0.1646115980940,0.5061251756476,0.0575139789321,0.2563253098099,0.2322266156797,-0.0968638182584,0.0252547888536,0.5192240960923,0.3137590745867,0.3096211441614,0.5695701657101,0.4781596369854,0.3130753800070,0.5565755765135,0.7594828326294,-0.1251692056198,0.2696679698969,0.2187880564508,-0.0438983651609,-0.3362038365370,-0.2153472919846,0.6531467266871,0.3223454107556,0.6251495570436,0.4662160081933,-0.3278178497328,0.0046978971325,0.2696109159588,0.6654505792070,0.2054536026654,-0.3507543513648,-0.0510080726845,-0.0164837381652,-0.3438780817918,0.3513273981272,0.1032542889193,0.2626780256499,0.1579741580351,-0.2615751636124,-0.0051932404662,0.1518018732436,-0.0235162761265,-0.0454309551703,-0.4206191271295,0.5447579395654,-0.0580823522385,-0.1222848619590,0.1346823502183,0.1094513251206,-0.0058324374652,0.1485231567068,-0.1892869785708,-0.0801157902490,0.1004651523897,-0.5155897603412
-0.1280473548350,-0.1348168702915,0.0597964970928,0.3857994420558,0.1338222502896,0.3129542445435,0.2867458357144,0.7416813399343,0.5869545833915,0.1695674193029,0.3337262255083,0.3338176881945,0.4075330575764,-0.1359768275206,0.2505318485141,0.6338601891940,0.7167358847003,0.5705108331413,0.5473551214279,1.0000000000000,0.2753685641058,0.0707895879743,0.1297660289242,0.3309270534806,0.6557100358082,0.1402602376562,0.2129170505621,0.0067673586813,-0.1184374731571,0.0951722708433,0.6172570820552,0.1941617641875,0.7517690696489,-0.0619141021375,0.1470720345510,-0.0185777469676,-0.2360101268691,0.6589707369805,-0.0333548787098,0.1730021257676,0.3669885823242,0.4138388024229,0.0168786423538,0.3538960937519,0.3179605641070,0.2356030755108,0.4500891925676,-0.0411645140000,0.0258480657045,0.2018125613067,-0.0059180761699,-0.3222398788935,0.3780215549445,0.1895540547075,0.3612497369839,0.1962848028785,0.2838921446650,0.4581173839710,0.5138514714009,0.4820481222187,-0.1263030616119,0.0285532556317,-0.0389606004729,0.0188998757309,-0.1364469996134,-0.2553338425784,0.4518705139196,0.4636179807500,0.3530463544821,0.6768773824708,-0.3489918674440,-0.3411314900386,0.3598107120324,0.5019711032301,-0.0731406506991,-0.2331565996626,-0.1035896761173,-0.1791634253743,-0.2444124575500,0.5061424864141,-0.2529977794057,-0.0786652635022,-0.2235115693650,-0.4900306974496,-0.0833713988396,-0.2655199301450,-0.3921736996142,-0.1235882916501,-0.3393414218458,0.3655902605424,-0.1188288275574,-0.0252092432997,0.1445943619504,-0.1532763197219,-0.0405655544570,0.0748565943895,-0.2126530775428,-0.1850570107211,0.0260417223401,-0.3559948686032
0.0600196548352,-0.0631009991682,-0.0478706662376,0.3189167534029,0.2012635861936,0.1313167415500,0.0436219688866,0.1879532351304,0.1037420999153,0.3938376423003,0.3756510880887,0.5186736199380,0.1839598708213,0.1260460167567,0.3293074483034,0.2648562544910,0.3137731892917,0.3134985199484,0.0782877901369,0.2753685641058,1.0000000000000,0.4350181004135,0.5832576933340,0.3856762565824,0.2454050427189,0.2861988465143,0.3174925239043,-0.1176285036060,-0.0752097630670,0.0668463804852,0.3842617221174,0.4074508282527,0.3968380221603,0.1150095905171,0.0426400339169,0.2031841366767,0.0377077912504,0.1097471404513,-0.1280131392522,-0.0030380255770,0.1081200160243,0.3198979405603,0.3361096967056,-0.0130416184143,0.1561748865446,0.2129339861763,0.4361360775587,-0.0133446524474,-0.1035415639598,0.4797842327843,0.0421162808605,-0.2149048248457,-0.0768356838321,0.0622795278590,0.0904517661855,0.0216724135759,-0.0536283430991,-0.0557483874858,-0.0554858603455,-0.0815770556343,0.1189671338032,-0.0576013033995,-0.0739553295837,-0.0644253350751,-0.1019772160907,-0.0783549982838,-0.1205272460837,-0.0528033475414,-0.0086058651770,0.0437475176241,0.3339699968582,0.0572669478284,0.1933214529012,0.1273121419530,0.0884484446850,0.1593119934022,0.2433123006078,-0.2244497016231,-0.1962400252062,0.0193172899559,0.0355894246769,-0.0886222780332,-0.3289711816860,0.0154554251376,-0.0345619096709,0.0665685815623,-0.0353042591692,0.0338493095530,0.0921424482558,-0.1347454586144,-0.1866434365412,0.0684452226541,-0.0170422066394,-0.0754853287425,0.0887909448936,0.0115698334489,-0.3352028874578,-0.1034300749261,-0.0166886814288,0.2057459336345
0.0421684564012,0.0423485683513,0.1208855824328,0.1895105008858,0.1226242840451,0.1056492405532,0.1509732423311,0.0941414581936,0.1048705176899,0.3154397262250,0.3029758852652,0.3030172443968,0.1776173004465,0.0193702891692,0.0996129702993,-0.2134144327434,0.1828992735073,-0.1023401757865,0.2863626038739,0.0707895879743,0.4350181004135,1.0000000000000,0.4773426051181,0.1593023373598,0.2217261270976,0.1107127835964,0.3659349072181,0.1222428054965,-0.0299698635071,0.1311202837487,-0.0737710843414,0.2083599796285,0.1248022795349,0.1482997508128,-0.1574996120234,-0.0821885999653,0.1492849478974,0.0184914402134,-0.2160030851729,0.1555340110763,0.3630542254073,0.3541958362044,-0.1420765003293,0.0436048398348,-0.0561553540709,0.3742599021171,0.4467720702881,0.0727531880553,0.3040233056578,0.2548811584877,0.1056661474623,-0.0546061568750,-0.0193024536680,0.0512195290970,0.0642388562127,0.1446511228101,0.1748123726135,-0.0644407327854,0.0084554078189,0.1381318213134,0.2430113029151,0.2028858342157,0.2624703609863,0.0463357615839,-0.1458361331384,-0.2657622955134,-0.0392602165126,-0.0987406532244,0.1503467606034,0.0589048027948,0.1524725172698,0.4563219658845,0.1213796135578,0.3962518711766,0.0858807370831,-0.0722924181773,0.3341347098590,0.0153376352515,-0.1777263139773,-0.1062215301667,0.2243564705079,0.2661763346092,0.0636981771511,-0.0782645579529,0.0122068531677,0.3362243205703,0.1735781012257,-0.1157955616741,-0.2002168180784,0.1098538379730,-0.1479754878260,0.0895984819913,0.0373944194547,0.3520937653076,0.2253716178986,0.0441969123819,-0.0074091220107,0.3141525554319,0.0602749370599,-0.0848365498052
-0.0968832502343,-0.1533437185713,-0.2624573588840,0.4195772641762,-0.1010036244590,-0.1239035950647,0.0360745249128,0.0152556930168,-0.0545514906526,0.2384416793257,0.5216833761478,0.4904222352047,0.0028601684959,-0.2140018733635,0.3001242403454,0.0434284537695,0.0222764137102,0.2576675991472,0.0762437582038,0.1297660289242,0.5832576933340,0.4773426051181,1.0000000000000,0.2659257288496,0.3103841649956,0.5901225800300,0.5871518620069,-0.0319862786720,0.0330491002934,-0.0571013980266,0.1764572329780,0.5772233439827,0.3633107174510,0.4525263762616,-0.0669237222824,-0.0565082097388,0.3269994848687,0.1784179874969,0.0079879939707,0.2534732100291,-0.0297050750572,0.2101553673122,0.3751778616578,0.2179595412840,0.1903247668025,0.3806987596643,0.4140992485874,0.1920788531478,-0.1377863478735,0.5310702364350,-0.0678461404942,-0.3099401175464,-0.0060497816450,-0.2566832066042,-0.1676047198523,-0.0202471831764,-0.1515387724955,-0.2220998361512,-0.2079056342862,-0.1967657395285,-0.1209942810767,-0.0599504269492,-0.1831155251908,-0.2149430407573,-0.2868113980881,0.0354511046679,-0.2418231873253,-0.2807259817102,-0.2275101556104,-0.1379382327398,0.2545193953718,0.2106938192404,0.0591331322888,0.1874130686899,0.0220217880941,0.3591234807491,0.5723715215130,-0.0551210885985,-0.0519355827810,-0.1981868311862,0.0243040076760,-0.0563368617417,-0.2276347386503,0.1359483358031,0.0268125165786,0.2376280054311,0.2220670261516,-0.0480449446300,0.1720863267012,-0.0079980967931,-0.0453845423913,0.2044476583356,0.1729131122090,0.0217184126088,-0.2271327128498,0.0673524424876,-0.3530647339498,-0.3394037676992,-0.2743982029498,0.1746240802286
0.2040259538193,0.0290950959442,0.2055897735326,0.4528306998717,0.3431015620584,0.4653176981511,0.5065089904790,0.5460131264164,0.6534565979981,0.5187461813144,0.5717033566393,0.5102621373162,0.4840577223191,0.0893254788590,0.4230550176218,0.3660094522789,0.3918792549146,0.4861964234160,0.2725932290108,0.3309270534806,0.3856762565824,0.1593023373598,0.2659257288496,1.0000000000000,0.4466896831108,0.1505225220791,0.2530683165115,-0.1711982321213,-0.1842147893936,-0.1069636326758,0.3867621340759,0.0821053691695,0.1881044918307,-0.0007709107055,0.2328126708698,0.3249724023100,0.1720697969790,0.0769806329000,0.0636077601888,0.0159394417301,0.2025840336051,0.4492837616312,-0.0148331577177,-0.1238545582750,-0.2370623230772,0.0097555346820,0.1161788441017,0.1592164242108,0.0681130754652,0.2108374004003,0.3114574061463,-0.0812807259744,0.2780608574589,0.4366386444737,0.4852277941093,0.4296560331894,0.3457511384784,0.4139901390722,0.4465246742480,0.4181670738337,0.3240366871162,0.3816240215483,0.1367110209306,0.2020296431807,0.0092751972826,-0.2234732402802,0.2978312255697,0.2584883423013,0.3973755204603,0.3796413151818,0.0203648623791,-0.1408473534692,0.7877181992662,0.2366783701502,-0.1208490657654,0.0521049897746,0.0285972665842,-0.2927387193240,-0.2948299491301,0.2904489730706,-0.1333466158652,-0.1840712565478,-0.3505265402085,-0.1756128733085,-0.2149901387216,-0.1909446807915,0.0758045026513,0.3359962706084,-0.2128835407650,-0.0791265735073,0.1342030055545,-0.0653300819442,-0.2158954368983,-0.2375962884824,-0.1915011426271,0.3165005799531,-0.2066579100769,0.0124208168705,0.2444162208372,-0.0485461337898
