1.0000000000000,0.5810030128258,0.5575153081433,0.3141988339001,0.8032482272781,0.3940891185690,0.5883221137824,-0.0760488232281,0.0612565631154,0.1225266689597,-0.1361835382011,0.0091431656662,-0.0956459428962,0.6326849280834,0.4875741734775,0.2495985683377,-0.1444409667679,0.0359510392870,0.2276878736730,-0.1543715708216,-0.0993956646068,-0.1265811227500,-0.1089124797415,0.1523671363783,-0.3120099444137,0.0763874652308,-0.1453329807889,-0.0479740090194,-0.0566356897590,-0.0855882305927,-0.1135388309018,-0.0190282884435,-0.2648260982559,0.2259793322196,0.3517262897350,0.6243846671949,-0.0395111442214,-0.3614331239248,0.0481691242304,0.1785022173284,0.0637810103547,0.1647578513460,0.0203301726830,-0.3901924012764,-0.1010114658218,-0.2404099295624,-0.0528632581313,0.0545189571161,0.0419869969627,-0.1090038337215,0.8105640814900,0.7122588245779,0.1591658158309,0.6032300288278,0.3298318544225,0.4317733971535,-0.0473395613150,-0.0038159467486,-0.0079222306524,-0.0424313624614,0.1613749197632,-0.0488507295092,-0.0764981270163,-0.2041217383640,0.6203226851491,-0.1728973872188,0.0600536625514,-0.0887001016402,0.2633323068121,-0.0622113503353,-0.0831691576728,-0.1384330982185,0.0315615878675,-0.3123494748237,-0.2374784190036,-0.3062930042376,-0.3949677135310,-0.1220632234789,-0.1699309558150,-0.1236056783137,-0.0944993763618,-0.2987825519322,-0.2251045192181,-0.1129948911201,-0.4030248845861,0.0090916684548,-0.1269352772867,0.2732507561960,-0.2507718758703,-0.4641794423868,0.0742746170126,-0.1192638213738,-0.3435685843159,-0.3564750366853,-0.1427709000773,0.1158696878779,0.3372868012905,0.0789533353977,0.0564908205453,0.0829142881319
0.5810030128258,1.0000000000000,0.5783206933383,0.3823617933369,0.5131499346185,0.3699101421129,0.3839403809317,-0.0151568792396,0.1123587341386,0.4095441143905,-0.2280940799211,-0.0257298040870,0.0455863354948,0.8260352652322,0.5275905692606,0.2232649762701,-0.0650056148906,-0.1120468458213,0.1360639321744,-0.2195657318275,0.0156094945536,0.2377164053302,-0.1784687991342,0.1167838704609,-0.2626227134587,-0.0808732262224,-0.1313897892460,0.2737353236757,0.1840121530972,0.4175543461513,0.0543546479757,0.0667087022446,-0.0910619701988,0.2588814867785,0.2292627334863,0.2698021516594,0.0987200458750,-0.4098002092917,0.0114814319276,0.1651955632268,0.4538208668898,0.5010011944031,0.0122236172060,-0.3218668984286,-0.1746642334895,0.0433034297363,0.1207358817887,0.0158608721392,0.3333180096128,0.3495681015915,0.3494224260808,0.7394638915967,0.2432683678688,0.5379819972028,0.2524437952403,0.4280052020287,-0.3164361460913,-0.2871373306899,-0.0790440927751,0.0309841478409,0.0931785321687,-0.2419181101912,-0.1724984272000,-0.2030093126653,0.6416790673051,-0.2132901298054,0.0910620827129,-0.2680611763000,0.1937994511865,-0.3297005156219,-0.3149954186680,-0.2235868555653,-0.1869497799609,-0.3837199600442,-0.4021862302241,-0.4909456905840,-0.3056900312708,0.1618344224271,0.0519759459930,-0.2911052367224,-0.1603169907148,-0.3938722153364,-0.1068246767937,-0.1292339553857,-0.4589921459228,0.2196700363468,-0.1668618974114,0.1642247176087,-0.4695687715222,-0.5832571766323,-0.0311682343564,0.0623831287231,-0.3828231362082,-0.0734356374058,-0.1573879705361,0.0096329268757,0.4039873296939,0.1662194870576,-0.0663268357658,-0.0872236079201
0.5575153081433,0.5783206933383,1.0000000000000,0.3892019315631,0.6901545165237,0.6207748499009,0.5917150591323,-0.1409339076185,-0.0662829755596,0.1931420439376,-0.0998310429709,-0.0567139386640,-0.1621717218606,0.4593990156977,0.1621007474830,0.0014617539525,-0.3367941134252,-0.3660094678272,-0.0536816326023,-0.3879391546116,-0.1756520804207,0.1137445742668,-0.2449013796623,-0.0948272052794,-0.3443847457446,-0.2576585888980,-0.4274472036901,-0.1203238288871,-0.0827762373485,0.0240604783292,-0.3008516969176,-0.2186025675696,-0.4491922382335,-0.0559788969415,0.2723296374036,0.3376036029287,-0.1046656993037,-0.4866049012814,0.0200576586858,-0.1715570491136,0.2445199598407,0.2701144048840,-0.2683187691348,-0.3327497092728,-0.3884925463118,-0.1685514622782,-0.1220233906406,0.2175446988697,0.3487193964597,0.0719662788215,0.5421487174575,0.8171861561196,0.3099718521021,0.7869247964645,0.4524024986494,0.5734789967724,-0.3184424516115,-0.2962113414606,-0.1329474621782,-0.0923950133039,0.2408865864505,-0.0630341807690,0.0769806083540,-0.0927297964695,0.6111497281866,-0.0959652601502,0.0342756773719,-0.2369773129333,0.0365380716921,-0.3397489258464,-0.2118997434853,0.0391831720446,-0.2288772031187,-0.2044793998458,-0.3537155581204,-0.2328738303329,-0.3411569660477,-0.1104417090344,-0.0575231724021,-0.3202926793317,0.0754884548803,-0.0796305446903,0.0279500256408,-0.2046373081379,-0.1582146729002,0.0087550066432,-0.0782411170048,0.2231934182148,-0.4468348894214,-0.3200613749513,0.0965607866776,-0.1777976811683,-0.3014812071778,0.1087788242930,0.1186364988389,0.2374240656254,0.2601853555879,0.3301650391197,0.1756878765324,-0.1084261515265
0.3141988339001,0.3823617933369,0.3892019315631,1.0000000000000,0.4318842843078,0.3852197881637,0.5466006304310,0.1716262775080,0.1696598163950,0.2027850810576,0.3199686278274,0.3055002848503,-0.0014765381015,0.2342141888111,0.4577861253362,0.4618231830134,0.1170163039280,0.2973613574233,0.2400346715448,-0.0074800195264,0.1726110157430,-0.0602301170258,0.0762482601840,0.2299924508368,-0.1693859486919,0.0183685064017,0.0373661945346,-0.0680077980116,-0.1137941066919,-0.0363060900913,0.1733797341137,0.0947306935874,0.0212809535989,0.0290712363501,0.1525063234441,0.2344166623556,-0.0412552842087,-0.1563811740485,0.0308234593575,-0.0786055688182,0.0895349570270,0.3178906955269,0.1194168039022,-0.1852935896684,-0.1762612198638,-0.0950690181449,-0.1426692236285,0.1835439585366,0.2036413819642,0.3134664786421,0.4250507838319,0.4244522987697,0.7179984287979,0.3841885283832,0.3521707422951,0.7727667188554,-0.2184720559124,-0.1746216976951,0.1582017873881,0.0954095123893,-0.0292632194447,0.1328503030046,-0.0936007637528,-0.1560929207733,0.2033506035459,-0.0019557752460,0.4890880883942,0.0395884474032,0.2691974211178,-0.1245702228100,-0.1716317370145,-0.0600347790205,0.1554117405120,-0.2839419029452,-0.2151487904647,-0.0616644437373,-0.1398861037707,-0.0920343799032,-0.2378572159073,0.0645565211766,-0.1408247404697,-0.1089452631569,-0.3719022723044,-0.0401563084614,-0.1842811514155,-0.0934561483172,-0.1266563501265,0.2233499698548,-0.2494345310121,-0.3046217224121,-0.0106155485941,-0.1666690702556,-0.2975357498048,-0.0523880686536,-0.1734252336041,0.1552478847385,-0.1659227250228,-0.1195288281855,-0.0167025776667,-0.1057002857241
0.8032482272781,0.5131499346185,0.6901545165237,0.4318842843078,1.0000000000000,0.7350567177159,0.7209140745575,-0.0643295312686,0.1038374806021,0.2335382028147,-0.0635161012639,0.0090257193655,-0.0345304146715,0.5880642614716,0.4342366051983,0.2343366836547,-0.1100611247778,-0.0346056759442,0.1044059522731,-0.2800928900134,-0.1543060169017,0.0232241777352,-0.1008067771873,0.1915615191786,-0.3073420104734,-0.0589480176649,-0.2355297318137,-0.1574351464625,-0.1636967464493,-0.1136736827930,-0.1188540431769,-0.1057039388378,-0.3037890266615,0.1034941779228,0.3647336672011,0.5124146274577,-0.0161574448099,-0.3903359798101,0.1147991261112,0.0034430017347,0.1265415224960,0.2408478261827,-0.1645815109970,-0.4439180031236,-0.3265258083340,-0.1638717982880,-0.0864992629656,0.2958029244298,0.2609580168320,-0.0302680691776,0.8211425023368,0.6467692842582,0.3739367612285,0.8177659121787,0.6356333325815,0.5851767642384,-0.1032481487358,-0.1288915727551,0.0186512701872,-0.0325465602221,0.3256682259717,0.0207286606751,0.0548454756078,-0.0995921375720,0.6142546484271,-0.0973981711064,0.1539476380854,-0.0388513984668,0.2396702207508,-0.1237604557202,-0.1275914695162,-0.0050663680666,0.0657306041749,-0.3443962647881,-0.3871100243432,-0.2301375394661,-0.3398824728805,-0.2088702782315,-0.2163342294408,-0.1216240528421,0.0048733404664,-0.1711409506467,-0.1838666718966,-0.2688095559050,-0.3048681941867,-0.0807226283391,-0.0861150000431,0.2911338828225,-0.3965532631632,-0.4285098271531,0.1866176544533,-0.1270857436828,-0.4262270358490,-0.1733331118690,0.0036944322957,0.3499423788360,0.3314601396303,0.2187665743027,0.1886698854616,0.0774323164742
0.3940891185690,0.3699101421129,0.6207748499009,0.3852197881637,0.7350567177159,1.0000000000000,0.6736433860214,0.0095480833657,0.1842062156045,0.4467211240040,0.0701586740887,0.1115716903021,0.1364291388548,0.3800162569939,0.3950168833010,0.1718566230734,-0.0394208388451,-0.0891812089988,0.0315651290981,-0.3215392192077,-0.0951696763584,0.0896978505886,-0.0616630479837,0.2934773081438,-0.1575841526607,-0.1985685365251,-0.2034908268292,-0.1607681475003,-0.2033474008593,-0.0689994469858,-0.0388683041931,-0.0960879659861,-0.1672954091907,-0.0905449023611,0.3397999310171,0.2847255236720,0.0731115474860,-0.2618219105322,0.2872304583246,-0.1330751785383,0.1821786554039,0.3780340087690,-0.1879482285251,-0.3339801282455,-0.3822290167726,-0.0640936683468,-0.0703655778843,0.6125703415233,0.4073524798821,0.2213201303928,0.5425454902176,0.3962809078970,0.4266511257300,0.8225440120537,0.8643759522318,0.5244202880515,-0.0189812341773,-0.1476329052906,0.0564684128167,0.0914273794326,0.3699226374087,0.1278556522232,0.2008971407269,0.1098352797346,0.4121275536063,0.1222405339503,0.2226686415894,0.0360652578469,0.2048563013283,-0.1175481501340,-0.1372031197405,0.0282366817193,0.1467403324665,-0.2949590998990,-0.3655833896203,-0.1588762099898,-0.1064593860536,-0.1994994163974,-0.1991761828319,-0.0388187347062,0.0896132280004,0.0398135400976,-0.0948517019217,-0.2192643786024,-0.1209758545554,-0.1753379284989,-0.0153135357800,0.3502892434312,-0.3144923703507,-0.2563200547325,0.3676055696745,-0.0569176979442,-0.3262799816801,0.0214233438582,0.1344030675134,0.6376358802066,0.2041847744732,0.2139018617970,0.2778301327427,0.1311081091911
0.5883221137824,0.3839403809317,0.5917150591323,0.5466006304310,0.7209140745575,0.6736433860214,1.0000000000000,0.1493621347353,0.3277108065236,0.2278068907708,0.0011325117233,0.0671936597109,0.0320734236253,0.3006706592462,0.4933399860084,0.3864975120205,-0.0193560212372,0.0350673767386,0.3641678490845,-0.1081818712870,-0.0443572445889,-0.1699735964029,-0.1793810617839,0.3325703310144,-0.1780328555399,0.0523558851174,-0.0728019659128,-0.1164845351087,-0.1126656578119,-0.2162782212564,0.0425353365891,-0.0563686256619,-0.2272132929658,0.1324574680171,0.5211158899372,0.6612944705153,0.0577906869437,-0.1781575497192,0.2574136637025,0.0598251723492,0.0632408561010,0.2632474625600,0.0144538983853,-0.1956197173249,-0.1327367006167,-0.1767891196235,-0.1835272262440,0.3088321422174,0.1392529247707,0.0454968894730,0.6417365600028,0.5200172758701,0.4685116148793,0.6877491070971,0.6532541788227,0.6953688706612,0.0298908569084,-0.0325266964508,0.2025363460068,0.1473571688748,0.2399668904745,0.0193835051863,-0.0485819323777,-0.0933741114231,0.4816742556058,0.1178595970062,0.3664744623389,0.0406264286166,0.4231581025476,0.0063550654223,-0.0844150953412,-0.2085203431228,0.2297953561202,-0.2607550200848,-0.2042723766567,-0.2251759469628,-0.2656044315267,-0.1259856019897,-0.1722992636826,0.0006753025187,-0.1500757450317,-0.1864493615994,-0.2363372546415,-0.0053279889090,-0.3016528326030,-0.1357793435319,-0.0303542574593,0.4453229729421,-0.1416157675714,-0.3281416449803,0.3089979424849,-0.1315715348347,-0.2136598294859,-0.2417034484719,-0.1136030965268,0.3857955511171,0.1734888567279,0.1066085955173,0.1776818455868,0.2368134665042
-0.0760488232281,-0.0151568792396,-0.1409339076185,0.1716262775080,-0.0643295312686,0.0095480833657,0.1493621347353,1.0000000000000,0.6811249426530,0.1974481392610,0.2111963161980,0.3245827444203,0.4397923023026,-0.1509097506643,0.2328534611671,0.4689766074069,0.4329485158152,0.4871029494333,0.5620629945241,0.6609817532196,0.1881592971745,-0.1733738816116,-0.0999208885995,0.3042888253131,0.4332664196138,0.0769893648259,0.2220242907888,-0.0582000309996,-0.1681063126175,-0.0822619508521,0.2946673148002,-0.0116640706268,0.2689340076288,0.0211909602910,-0.0916793559308,0.1836125111365,-0.0352876924027,0.2881948651484,0.0214182214368,0.0408132643893,-0.1481625528173,0.1591532987410,0.2914420706846,0.2242249968851,0.2307439532609,0.0076502167771,-0.1390232374617,-0.1311658718627,-0.1553799102120,-0.0007983535604,-0.0457703374618,-0.1329306828403,0.0609771926252,-0.0129902729546,0.0608051610285,0.0970427860482,0.3773914589357,0.5507470649515,0.6233974060171,0.7169204655872,0.0751241295353,0.1167545293931,-0.0133988744991,0.2077494051173,-0.1398900947826,-0.1110600529406,0.3880720257435,0.4227566913725,0.5116009409908,0.5097626559053,-0.0826753193064,-0.2834084600486,0.3887434026260,0.3848920658868,0.1550154280454,-0.1558620126030,-0.0404387703555,-0.1081779692249,-0.1504739146356,0.3329677939956,-0.2717399426332,-0.0277446289153,-0.2502352931268,0.1477041046824,-0.0722502600714,-0.1740024567462,-0.1556351469264,-0.0977180070070,0.0243215736494,0.0278681984518,-0.0475399226143,-0.0671125953669,0.1062930011850,-0.2604696011245,-0.2150012344361,-0.1261048162230,-0.2296055063607,-0.1981685635993,-0.0827488515621,-0.0416020916246
0.0612565631154,0.1123587341386,-0.0662829755596,0.1696598163950,0.1038374806021,0.1842062156045,0.3277108065236,0.6811249426530,1.0000000000000,0.4103959806569,0.1408810560847,0.2926545254877,0.5052745559735,-0.0216354071692,0.3800005932586,0.6260791345972,0.4500360667696,0.4695402643641,0.7381759188798,0.4303530949335,0.1723123737580,-0.1306496988972,-0.0323147173625,0.5911340508673,0.4317384636802,0.2241052238936,0.3543288282790,-0.0323539460436,-0.1417921538417,-0.1387736541094,0.4960669852814,0.2412297243649,0.2312596437424,0.2617002678405,0.2375928909579,0.3709098721671,0.2602213357748,0.2486569229862,0.2516488133727,0.2495263922168,-0.0856908365502,0.2656487546571,0.2830339170624,0.1867307995663,0.0744310094384,0.0941981546102,-0.0574669446854,-0.0161851902364,-0.2314791248120,0.0681633985464,0.0015074575782,-0.0732843397768,0.1126427480282,0.1426336874887,0.2263265231081,0.1791187299779,0.3296415332177,0.2523317550503,0.5870710488435,0.7974230153466,0.2159439790125,0.0333145713987,-0.0720675010635,0.1382485536699,-0.0382265689191,-0.0485192273622,0.5113454470779,0.3454119026763,0.6844491064300,0.4497885286148,-0.0618181579231,-0.3614616648000,0.5442644315327,0.0430326023156,-0.0239800468729,-0.1663531327289,0.0972472318816,-0.0882076641668,-0.1894210601014,0.3690737534198,-0.2961683708740,-0.1913214335514,-0.4200439987987,0.1947487873813,-0.3037757562864,-0.0658914589928,0.0255421654351,0.1879814208836,-0.0197092042866,-0.2494036687929,0.1498506132002,0.0683479002847,0.0487852891442,-0.4108035311305,-0.3554873192142,-0.0232366322847,-0.2053814643212,-0.1987923199971,-0.0594352576327,0.1023122560459
0.1225266689597,0.4095441143905,0.1931420439376,0.2027850810576,0.2335382028147,0.4467211240040,0.2278068907708,0.1974481392610,0.4103959806569,1.0000000000000,0.3821237900495,0.5815773022255,0.4747961132522,0.3345257132927,0.4276154664318,0.2773685083115,0.3005821124493,0.1092785227205,0.2153131153125,-0.0571088088404,0.2873593481050,0.4398781946489,0.3089574252582,0.4333786213018,0.0724937435708,-0.0098669296426,0.1466666111349,-0.0877026491223,-0.1031249339639,0.0261806769980,0.2548036069798,0.2204596114556,0.1696676590087,0.1438791855870,0.1576327557492,0.1074059215846,0.2654139983115,-0.1671204310192,0.1207358329663,0.0753052651033,0.2789080905359,0.6336920209313,0.0176617858565,-0.2124669944394,-0.1698682183551,0.2162575312646,0.1876243192590,0.2057446439820,0.1610550549629,0.4425902427225,0.1499190083208,0.1740262315424,0.2308727770164,0.3590539198526,0.4431781673396,0.1887466132483,0.1539624808202,-0.0749630880223,0.1446918166557,0.2780188054190,0.5718432730288,0.3108297321325,0.3087218297218,0.2765621065482,0.2452662410351,-0.0353301065667,0.1787947939765,0.1617216008364,0.3230827767465,-0.0298857859223,0.1182843267628,0.1490775855245,0.2861689096930,-0.2037534759551,-0.2181771358498,-0.2318976689556,0.1200205205630,-0.1466311485752,-0.2166703225571,0.1194301416972,0.0501341438691,-0.0297017825089,-0.2906930822484,-0.0761119510952,-0.2788426633011,-0.0358304319318,0.0846169505183,0.1647805824345,-0.2239866025747,-0.4492029939408,0.0467546352201,0.0393524753325,-0.3246387894716,-0.0425186015723,-0.0563871995089,0.1479797938852,0.0433408455768,0.1128012998070,0.2151666546952,0.2163712458991
-0.1361835382011,-0.2280940799211,-0.0998310429709,0.3199686278274,-0.0635161012639,0.0701586740887,0.0011325117233,0.2111963161980,0.1408810560847,0.3821237900495,1.0000000000000,0.7906184812375,0.3052855856006,-0.3006961707252,0.1231050892014,0.1208412876064,0.2740661593886,0.3119382083677,0.0543633538679,0.1118857882232,0.3715878027234,0.0836184323230,0.4729823794316,0.2612559660356,0.1150208087860,0.1499913672964,0.3373043117794,-0.2984427505670,-0.1959320065744,-0.3106246194630,0.1245668038314,0.1434246460695,0.1350769740807,-0.1620457491414,-0.0299591636065,-0.0869285003477,0.1145034425346,0.0576708893018,0.0783432214700,-0.1813393860973,-0.1188555635890,0.1973758224496,0.0996358565156,0.0055472783496,-0.0243079513297,0.0127209945114,-0.2045420639923,0.2315010185083,-0.0124955231967,0.1803210106165,0.0723527805953,-0.1116640401525,0.2719862667332,-0.0378922112224,0.1413822799164,0.1464884031126,0.2322546488465,0.0997655745266,0.1391868176419,0.0997355752336,0.3420490108221,0.7132070058211,0.3298265431715,0.3330030302324,-0.2022906656182,0.1408875445995,0.1353045621133,0.3017706490765,0.1175800559438,0.1116858404203,0.2912662022302,0.3184063325532,0.4111916364690,0.0716179653395,0.0808070511723,0.2577110453078,0.3010184390244,-0.2668400242630,-0.2213779470508,0.2472587302662,0.0115552710498,0.1744208150242,-0.2578094991573,-0.0349759007126,0.0917333329667,-0.2812868239219,0.2158587777673,0.1511590097316,0.0883615337650,0.0142012683814,0.0576155936326,-0.2408178347767,-0.0970815961643,0.0278457503378,-0.0440025568027,0.1737861622163,-0.3502755941282,-0.0574179328711,0.1665470178073,0.1209050862210
0.0091431656662,-0.0257298040870,-0.0567139386640,0.3055002848503,0.0090257193655,0.1115716903021,0.0671936597109,0.3245827444203,0.2926545254877,0.5815773022255,0.7906184812375,1.0000000000000,0.4801653316732,-0.0992185023429,0.2804932159767,0.3245132890543,0.4595689512939,0.4087277530781,0.2685110282976,0.2800695413627,0.5422177381742,0.0907152737899,0.5669608729181,0.3566408159541,0.2120370690392,0.1912335187172,0.3656983098307,-0.2572359113952,-0.1826616058052,-0.2691360522952,0.2680290279755,0.2397484973155,0.3306562675693,0.0119586237202,0.0377287908380,0.0874029689126,0.0458589040375,0.0194247573137,-0.0287652554576,-0.0770444061990,-0.1269359323342,0.2883412587443,0.1451046361680,-0.0552076940954,0.0416563915441,0.0404161007227,-0.0826566006725,0.0853088437938,-0.0868198697403,0.2236282703116,0.0834326677511,-0.0337897462822,0.2572713023328,0.0374603114094,0.1486831078987,0.1326809306956,0.3407180133394,0.1516710138467,0.2370252404332,0.2159803066616,0.3761534032744,0.6021103462097,0.3831708572609,0.4112151502215,-0.1287327341477,0.0549271592124,0.2480898959064,0.3898413251371,0.3467375038431,0.2590533685385,0.4203099405237,0.2302295905528,0.4369522902114,0.0793615698468,0.1114968916097,0.1068778271196,0.2352315990267,-0.2770828640507,-0.2856981792031,0.3656509337082,-0.0401032462621,0.1161670546947,-0.4382536968000,0.0477542914161,-0.0783212891455,-0.1983675725770,0.0429452151911,0.1086848397344,0.0638084253653,-0.1881379175258,-0.0925244921582,-0.2183847151788,-0.1458463940419,-0.1563919644306,-0.2002178747189,0.0363758273984,-0.3326052134778,-0.1609213542286,0.0655197687388,0.1865843264638
-0.0956459428962,0.0455863354948,-0.1621717218606,-0.0014765381015,-0.0345304146715,0.1364291388548,0.0320734236253,0.4397923023026,0.5052745559735,0.4747961132522,0.3052855856006,0.4801653316732,1.0000000000000,-0.1044886681269,0.2327425220608,0.2959213344101,0.6412193585540,0.3527655867398,0.2476922710176,0.1824606525126,0.2438039899357,-0.0162861952705,0.1563287146562,0.4133804679020,0.3490140069435,0.0564571997005,0.3531819043018,-0.0692519936266,-0.1478477735650,-0.0879744896861,0.4290489499847,0.1892073489900,0.4946322705665,0.1129337041625,0.0265880088500,-0.0078787314239,0.2503162442894,0.2008780425102,0.2298354812836,0.0778221529840,-0.0318911123111,0.3668885525081,0.1570806893918,0.0669508060660,-0.0297907846275,0.1947766525540,0.0675170012581,0.0660027519561,-0.2176761138828,0.1580665495531,-0.1120200815202,-0.1612848814175,0.1025086130183,0.0900376689459,0.1683972238040,0.0001743492914,0.5874259838611,0.3106278076828,0.3668369802551,0.4089705946283,0.3423665028788,0.3292261362941,0.3157590265354,0.7016136417979,-0.1806100244390,0.0660763259007,0.2456580194894,0.4703230577511,0.3518743320535,0.3517846032337,0.0514107762890,-0.0680726115002,0.4409142194804,0.0340566635534,-0.0095634341277,-0.0417399060161,0.2469230198093,-0.1548795465977,-0.1690038433323,0.3614298747543,-0.0965903625884,0.0842731323919,-0.2568218366948,0.0563120045562,-0.0843489582476,-0.1324382242804,0.0551393453908,0.0297877279656,0.0608326938841,-0.1000783405758,0.1494360980864,0.0932638619150,-0.0674564314654,-0.2251182793544,-0.1443941205537,0.0531149280286,-0.1706466270242,-0.0845079121137,0.1381444038402,0.0972299558512
0.6326849280834,0.8260352652322,0.4593990156977,0.2342141888111,0.5880642614716,0.3800162569939,0.3006706592462,-0.1509097506643,-0.0216354071692,0.3345257132927,-0.3006961707252,-0.0992185023429,-0.1044886681269,1.0000000000000,0.4881006837241,0.1724468820970,-0.1438278362564,-0.1189199760998,0.0910860706879,-0.2084151061475,0.0053863751683,0.3333085372446,-0.1039315215271,0.0823639415369,-0.2567204538969,-0.0867446617697,-0.1659234231522,0.3179096382651,0.2426685947706,0.5087642423138,-0.0247804264630,0.0584534998959,-0.1175203233626,0.2340120488743,0.2465633170658,0.2938422512994,0.0572724881861,-0.3827009395274,-0.0488646784004,0.2273473165713,0.5143709427081,0.3937397421772,-0.0445917445889,-0.4395360607195,-0.1286524082561,0.0492674059774,0.2650887429200,0.0425987254912,0.4635944342602,0.3136506712986,0.4009143275742,0.5693808527930,0.0899421417748,0.4755669001525,0.2411465020248,0.2815859994963,-0.3732850286283,-0.3114624280079,-0.1918864281264,-0.1155790396025,0.0358125100280,-0.3195284357347,-0.1999789646019,-0.3038653668352,0.6787490299261,-0.2655638005755,0.0191568271512,-0.3241198075760,0.1024170984776,-0.3660302526217,-0.2096232793753,-0.1157318347707,-0.2510604405283,-0.3985569773540,-0.3647466111830,-0.5436637831792,-0.3428430467386,0.2158078447747,0.0938372859337,-0.2912323084903,-0.0642464124163,-0.4222672300964,-0.0350707994278,-0.1911743142493,-0.4849285781382,0.2720522545277,-0.1772130973711,0.1583710128044,-0.4568188505755,-0.5779943609142,-0.0700285381972,0.1303677707180,-0.4666924648345,-0.0651439285411,-0.0584142992628,0.0421950430382,0.5590270373301,0.1892967142065,-0.1142754693826,0.0029375790104
0.4875741734775,0.5275905692606,0.1621007474830,0.4577861253362,0.4342366051983,0.3950168833010,0.4933399860084,0.2328534611671,0.3800005932586,0.4276154664318,0.1231050892014,0.2804932159767,0.2327425220608,0.4881006837241,1.0000000000000,0.5153719120468,0.2227662509331,0.3488719898747,0.4461834623705,0.1960095543075,0.2803822003896,-0.1072578927908,0.0605305408090,0.3926795583668,-0.1420090204272,0.4546058717572,0.3556545116565,0.1200059835243,-0.0545820917179,0.0927643286765,0.3495846983229,0.3773477874949,0.1777574759044,0.4968239933986,0.4146204892035,0.4474278237236,0.2591211397958,0.0451170325944,0.3846815507486,0.4158597381584,0.1117091646927,0.4889515349186,0.5489053144477,-0.0499674586110,0.2197293601364,0.0529588040826,0.0417787396948,0.2642466822090,0.0094043435547,0.5196950157714,0.2927615031290,0.2475606043421,0.1861436190311,0.2760363801044,0.3315918480097,0.3088520054154,-0.0530333468154,-0.0503026138070,0.0998246782612,0.1786290969234,-0.0025921261498,-0.1024304958409,-0.3159845956464,-0.1787391475708,0.2643752229384,0.2183169094076,0.1847211281138,-0.0141703307669,0.3689798695020,-0.0307057471987,-0.1798931838868,-0.4393268609745,0.1631927515881,-0.3679167641681,-0.2091373126007,-0.3377713863322,-0.1651591255607,0.0209031515972,-0.2929967931956,-0.0086239664123,-0.4814096100002,-0.4481071000313,-0.5026744619814,0.1902843902878,-0.5676157917369,0.0262231547953,-0.0264247455139,0.3609648827465,0.0035214944973,-0.5082107803770,0.2515387467412,0.0825570611294,-0.2304856330094,-0.5029411449949,-0.5272955213988,0.1936135771819,0.0202322898923,-0.3243532946945,-0.1343903457212,0.2446252376722
0.2495985683377,0.2232649762701,0.0014617539525,0.4618231830134,0.2343366836547,0.1718566230734,0.3864975120205,0.4689766074069,0.6260791345972,0.2773685083115,0.1208412876064,0.3245132890543,0.2959213344101,0.1724468820970,0.5153719120468,1.0000000000000,0.5088769196371,0.5801337133178,0.7011890701449,0.4699707297493,0.3145041599473,-0.1771046272358,0.0958307007859,0.5400630226433,0.2040379985796,0.2635308810345,0.3569389935238,-0.0370023047986,-0.2125217963399,-0.1025829709280,0.6992571233997,0.3760438715934,0.3786374007879,0.3214078928989,0.4596371482986,0.5297265610091,0.1883215444977,0.1965160002298,0.2096919009797,0.2167454868552,-0.1335049831260,0.2450632993107,0.4384994768180,-0.0333681048538,0.1135031846603,0.0381964094596,0.0384611654269,0.0369081024075,-0.1994654317602,0.1307951865516,0.1670159040500,0.0635170398428,0.3183403291652,0.1747631882875,0.1742881414220,0.3054577118394,0.1539742293052,0.1303822481847,0.4557777473672,0.5069898802777,0.0455646714660,0.0343908456684,-0.1195393538649,-0.0610661102074,0.0056224796485,-0.0078191247695,0.7001576907519,0.3476947529813,0.6876924643446,0.4005960648154,-0.0034091976447,-0.3071926478397,0.3916204884802,-0.1146521840019,0.0528442810357,-0.1947221797943,-0.0379578654066,-0.1321209576079,-0.2926191670643,0.4755389874335,-0.2143541139458,-0.1520303266340,-0.4835014380758,0.2879197249108,-0.3410391156558,-0.0279131178082,-0.0501868940498,0.3024492789956,-0.0251180553838,-0.3427414621267,0.0779806291624,-0.0144394902583,-0.1495026405912,-0.4747285435147,-0.3980306575670,-0.0198735518511,-0.2395040179316,-0.3567223781025,-0.1394050900780,0.0621153452874
-0.1444409667679,-0.0650056148906,-0.3367941134252,0.1170163039280,-0.1100611247778,-0.0394208388451,-0.0193560212372,0.4329485158152,0.4500360667696,0.3005821124493,0.2740661593886,0.4595689512939,0.6412193585540,-0.1438278362564,0.2227662509331,0.5088769196371,1.0000000000000,0.6814570392421,0.3531225836978,0.3593828565964,0.4854154363039,-0.0370875634558,0.2775341152742,0.4822577596919,0.4068902986140,0.1262414066856,0.5044172635962,-0.0768919039914,-0.1754716089270,-0.1873567049891,0.6977989153562,0.2544091472398,0.6716298572716,0.1299991082544,-0.0158421142944,-0.0097395605249,0.2256561237086,0.3148478548898,0.0846597036334,0.0979474733702,-0.1975003414018,0.1616047036011,0.1398418066829,0.0785277095211,0.0113038375060,0.1686591075209,0.0241586430742,-0.0331485208538,-0.3224806391466,0.1543574266709,-0.1266739493459,-0.2352682760105,0.2108092895140,-0.0637271119532,0.0782884598851,0.0702362931252,0.4883708373012,0.3037914803451,0.5097598513229,0.3440440751105,0.1282788155966,0.2879271367405,0.1456726618340,0.3110272170456,-0.2708881863800,0.0306237955034,0.4663330998776,0.6826890070511,0.5259212381853,0.4994905188645,0.2463043275431,-0.0719765652446,0.5445873785480,0.0069425726017,0.1163120424978,-0.0221984752043,0.3229055541706,-0.1849395965762,-0.2683246352533,0.6519258732005,-0.1548775678129,0.0632804411426,-0.4006866009290,0.0243602826971,-0.1188215728124,-0.1078471979031,-0.0318838933941,-0.0121531497886,0.1229714256644,-0.0663346098695,-0.0060996850650,0.0349157099576,-0.0761803958820,-0.2824514845002,-0.2690751610643,-0.0403292981117,-0.3328728046908,-0.2698294422727,-0.0393159190756,0.0841351952196
0.0359510392870,-0.1120468458213,-0.3660094678272,0.2973613574233,-0.0346056759442,-0.0891812089988,0.0350673767386,0.4871029494333,0.4695402643641,0.1092785227205,0.3119382083677,0.4087277530781,0.3527655867398,-0.1189199760998,0.3488719898747,0.5801337133178,0.6814570392421,1.0000000000000,0.4383540142862,0.4947111034955,0.2747159367974,-0.2034422902800,0.2873802923700,0.4942255139793,0.3928605940284,0.2978640687449,0.5376808483330,0.0123484402031,-0.1344981458725,-0.1662270004714,0.6131364946748,0.3256526366196,0.5297057835396,0.2204583578099,-0.0428539794796,0.0545969006991,0.1827980719565,0.3396845904346,0.1633735502916,0.3208935979098,-0.2009470811148,0.1234998688676,0.3261957446789,0.1023218952995,0.1668973715808,0.1064112127913,-0.0005877458365,-0.0533897637275,-0.3256454302243,0.0860994959283,0.0148244990906,-0.2351490893196,0.1621460350519,-0.1492322929062,-0.0174424291846,0.1613059146324,0.3270031206815,0.3410767390771,0.5128953822270,0.3079019017336,-0.1480122071298,0.1388745891417,-0.1366961862630,0.0136233265061,-0.2872019269002,0.0056865542944,0.4887512706144,0.5602957700410,0.4698855831710,0.4899701781124,0.0979280240879,-0.2304138482839,0.5345534293496,-0.1260488094152,0.0897594551749,-0.0118714712981,0.1609562188242,-0.0778644559497,-0.2905025064409,0.6035788163531,-0.2825598767255,-0.1677993980142,-0.4891760436323,0.0906002572214,-0.2515131486291,-0.0845884758431,-0.0412891556474,0.0966275632294,0.2208602431503,-0.1288077259231,0.0549204293822,0.0829392742462,-0.0371726314041,-0.4375526280564,-0.3770127854621,-0.0964557338260,-0.3449074370226,-0.4768920970000,-0.1713875904087,0.1390384705307
0.2276878736730,0.1360639321744,-0.0536816326023,0.2400346715448,0.1044059522731,0.0315651290981,0.3641678490845,0.5620629945241,0.7381759188798,0.2153131153125,0.0543633538679,0.2685110282976,0.2476922710176,0.0910860706879,0.4461834623705,0.7011890701449,0.3531225836978,0.4383540142862,1.0000000000000,0.5492859423509,0.2891338810474,-0.1690098460816,0.0445654046962,0.5241159330977,0.2520153287906,0.3587826882318,0.4289629522762,0.0333813443498,-0.1285638139295,-0.1133731399829,0.4423578645702,0.3248541315533,0.2425700246776,0.4464723653843,0.3350365455534,0.6150861243098,0.2158015148460,0.2377664244407,0.1347465264566,0.4077252637100,-0.1486220031131,0.1566376530492,0.4428439885969,0.0360483301721,0.2710220769396,0.0880236144845,0.0293831778544,-0.1291057754643,-0.2391797061989,0.0737621876954,0.0451128228037,0.0034088148708,0.0611542587631,0.0395966596864,0.0615111553507,0.1544412749040,0.1835394259766,0.2024675712155,0.3956516404393,0.6295420735490,-0.0191102510127,-0.1155332183469,-0.2577972113904,-0.0986016775322,-0.0299576904802,0.0405331046363,0.4512444527784,0.1757959930885,0.7012576737154,0.3532500606825,0.1017214903517,-0.3647393118143,0.4242317847035,0.0331522281850,0.1093143909347,-0.2796374544661,-0.0313151022966,-0.0085040516316,-0.2482973442349,0.2866319808537,-0.3008394820942,-0.3461865864614,-0.4474311555144,0.3763435135512,-0.4849526762677,0.1339899782065,0.0153096402050,0.2205773773535,0.1389813723061,-0.3312558180033,0.0564288254760,0.1347512695781,-0.0675914897617,-0.5172186655797,-0.4470281316554,-0.1438240253690,-0.1353064398853,-0.3294079031124,-0.2241945746570,0.2462711494251
-0.1543715708216,-0.2195657318275,-0.3879391546116,-0.0074800195264,-0.2800928900134,-0.3215392192077,-0.1081818712870,0.6609817532196,0.4303530949335,-0.0571088088404,0.1118857882232,0.2800695413627,0.1824606525126,-0.2084151061475,0.1960095543075,0.4699707297493,0.3593828565964,0.4947111034955,0.5492859423509,1.0000000000000,0.4130974792144,-0.2018698095494,0.1302953440414,0.2282835160239,0.4786001267521,0.4164191383769,0.5281588321453,-0.0201333835153,-0.1380611064193,-0.0313992435155,0.4109005592377,0.2706109414501,0.4540239134933,0.2237990236208,0.0063626206160,0.2117631649834,0.0018269380394,0.5269743296226,-0.0529621251774,0.2286459362930,-0.3319411320870,-0.1161885579756,0.5861336264803,0.3529668621668,0.6130305711946,0.0613361728944,-0.0594685541576,-0.2602443869357,-0.3102309955300,-0.0083973675953,-0.2684836901540,-0.3792392144222,-0.2158907319285,-0.4062472998004,-0.2960705234363,-0.2638187934454,0.2436848680195,0.4274482205913,0.3196565626814,0.4652617517354,-0.2251367250276,-0.0895447900576,-0.2770634442832,-0.0489480667952,-0.4266478188742,-0.0514528842972,0.2206284255777,0.2212965710227,0.3047068602134,0.5478133946321,0.1146663189487,-0.2840269155150,0.2525971657645,0.5295848244419,0.4125558756273,-0.1528642087013,0.0285586823793,-0.0308586086315,-0.1899258272453,0.3731485869556,-0.3805815785434,-0.1054672495764,-0.3560850132898,0.3980869875228,-0.1708039441486,-0.0035141104700,-0.0640808766260,-0.1237744595603,0.2494825603229,0.0843654906991,-0.1881251332019,-0.0593640946499,0.2017145078046,-0.4461881380610,-0.4698199344537,-0.3215572285412,-0.3570217268156,-0.5311212137166,-0.3941135488317,0.0138501990413
-0.0993956646068,0.0156094945536,-0.1756520804207,0.1726110157430,-0.1543060169017,-0.0951696763584,-0.0443572445889,0.1881592971745,0.1723123737580,0.2873593481050,0.3715878027234,0.5422177381742,0.2438039899357,0.0053863751683,0.2803822003896,0.3145041599473,0.4854154363039,0.2747159367974,0.2891338810474,0.4130974792144,1.0000000000000,0.1615088798070,0.5262952699347,0.4305380476581,0.2242991642811,0.3834492978046,0.5563363027281,-0.0113376602021,-0.0285055112744,0.0036576215490,0.4659864309612,0.4410551536126,0.4702358718527,0.1451618352599,0.1719702152796,0.1534446845375,0.2672440364223,0.1814549202317,-0.1321262095637,0.0552483838977,-0.1632853131885,0.0913904317659,0.3692935265603,0.1266426907635,0.2673827454699,0.0836019280563,-0.0598080457842,-0.0278164240235,-0.0691489287317,0.4308910479580,-0.2235534881095,-0.1810412759395,-0.0131567535920,-0.1767455142703,-0.1108529741378,-0.0499307937300,0.1499991710333,-0.0582151594288,-0.0403700890383,0.0873052559303,0.0281568256023,0.2003682193823,-0.0448416855897,-0.0481866937154,-0.2843142921072,0.0373116730172,0.1338963227096,0.0804726722591,0.2603491802108,0.1444288800899,0.4251217119260,0.1320231234286,0.3117403796534,0.1804611756362,0.3336193958676,0.0396706447658,0.3308959915678,-0.0816032412667,-0.1486960149344,0.2866702816354,-0.1464262439619,0.0039997732921,-0.4623833224134,0.2904696197337,-0.1331116283087,0.1047230980412,0.2099962374201,0.2024614768050,0.0582923567702,-0.1348954902672,-0.2566973171317,-0.1632769048194,-0.0220241177003,-0.2257931073850,-0.4074536443837,-0.0653195847798,-0.2999704228069,-0.3613816313341,-0.3337191226284,0.0760800222849
-0.1265811227500,0.2377164053302,0.1137445742668,-0.0602301170258,0.0232241777352,0.0896978505886,-0.1699735964029,-0.1733738816116,-0.1306496988972,0.4398781946489,0.0836184323230,0.0907152737899,-0.0162861952705,0.3333085372446,-0.1072578927908,-0.1771046272358,-0.0370875634558,-0.2034422902800,-0.1690098460816,-0.2018698095494,0.1615088798070,1.0000000000000,0.3079644065135,0.0689351923782,-0.0028715832214,-0.1492339829333,-0.0148158701547,0.0903724489557,0.1718243464023,0.3467825545662,-0.0393851282870,0.0420033337484,0.0089034723514,-0.0461794795358,-0.0435934220403,-0.1970135837030,0.2443983521108,-0.1567980279334,-0.1336972064498,0.0399202876619,0.4552214275220,0.2264917219072,-0.2379986084383,-0.2061040764569,-0.1784542198092,0.3866258035812,0.2989459457794,0.0764359514365,0.5468121539378,0.2919932507128,-0.1039786766186,0.0488926951870,-0.0673730201430,0.0841469821256,0.0205664720482,-0.0527989184862,-0.2534787044344,-0.3804796103984,-0.3347096895975,-0.1754346072822,0.2904166598607,0.0246628849502,0.1448262817475,-0.0818110804030,0.1280207396581,-0.1823643084334,-0.1667041918992,-0.2626476269692,-0.1894014257779,-0.4108200085342,0.0992344403962,0.5308498862089,-0.1249355146435,-0.0609707523879,-0.1621240484763,-0.1754622248231,0.1340674774344,0.0705049461078,0.1201637835946,-0.2066952336310,0.2755039154972,-0.0451189524903,0.1212542686523,-0.2277287134015,-0.1165550500975,0.2415490385588,0.2211365805036,0.0311499161207,-0.3417598354431,-0.2144968199972,-0.1316116945499,0.1664304231450,-0.2934601470408,0.3391795925978,0.2252991171926,-0.0019346053765,0.3501935737974,0.3542056412030,0.0292222180506,0.0044326750320
-0.1089124797415,-0.1784687991342,-0.2449013796623,0.0762482601840,-0.1008067771873,-0.0616630479837,-0.1793810617839,-0.0999208885995,-0.0323147173625,0.3089574252582,0.4729823794316,0.5669608729181,0.1563287146562,-0.1039315215271,0.0605305408090,0.0958307007859,0.2775341152742,0.2873802923700,0.0445654046962,0.1302953440414,0.5262952699347,0.3079644065135,1.0000000000000,0.3964477013400,0.1864761702538,0.2880600009063,0.4447177399704,-0.1942067344568,-0.1577598726529,-0.2725126748534,0.2132818129547,0.3528608480488,0.3763482084917,0.1507972550800,0.0928803403759,-0.0419137549752,0.2787379794218,0.0091035370829,-0.0587674652272,0.0296621830913,-0.2028359984422,0.0159345690561,0.0720766322252,-0.1493283835793,0.0116712707994,0.1861190635875,0.1567231600935,0.1518497903067,-0.0864010570130,0.2456979960335,-0.1045948581984,-0.2547816482364,0.0188281716006,-0.1806488253786,-0.0724715822544,-0.0986940119753,0.1378295955883,-0.1505832036767,-0.1565591760157,-0.1306532259445,0.1341206950622,0.3330222881238,0.3014512486224,0.1210999894244,-0.2833872367346,0.1832939911361,0.0024527739432,0.1156805257387,0.0592030138303,0.1035652977787,0.5717403892159,0.5132875380673,0.3295759836937,-0.0097639143140,0.1375607292059,0.2716365746348,0.4507373932110,-0.1382195172796,-0.2216583250793,0.2309434214182,0.1963783540465,0.1468961896151,-0.3424475571179,0.0532068487213,-0.0547860217115,0.0143570178083,0.3148143251922,0.1782561282872,0.1144519923895,-0.1154238682941,-0.1046303665016,0.0024293376121,-0.1865104397355,-0.0873425826464,-0.1217730773809,0.1013077675239,-0.2382362973542,-0.2619386544221,-0.0771583672948,0.3411229264267
0.1523671363783,0.1167838704609,-0.0948272052794,0.2299924508368,0.1915615191786,0.2934773081438,0.3325703310144,0.3042888253131,0.5911340508673,0.4333786213018,0.2612559660356,0.3566408159541,0.4133804679020,0.0823639415369,0.3926795583668,0.5400630226433,0.4822577596919,0.4942255139793,0.5241159330977,0.2282835160239,0.4305380476581,0.0689351923782,0.3964477013400,1.0000000000000,0.3072143929413,0.2891099878299,0.5202623170038,-0.0782210968607,-0.1733974273849,-0.1967989250172,0.5558081680287,0.3485022951849,0.3449614648932,0.2710476853044,0.4281569537759,0.3752792432953,0.5203144584663,0.1519024993199,0.2694235561168,0.2280321231949,-0.1298385759066,0.1942342902893,0.2238002479289,-0.1315281007460,-0.0281374075922,0.0932877068513,0.0351785254186,0.2744647433291,-0.0653925703133,0.2380271952317,0.1055978707813,-0.0888964247715,0.1794880412002,0.1694810318734,0.3304043298616,0.2136894674721,0.3220690662411,0.0456569409614,0.2426648916823,0.4051122008378,0.2403493072694,0.2115206964264,0.0519282701926,0.0688397437578,-0.1021067532651,0.1374756122161,0.4046661794111,0.2557426119562,0.5576821078175,0.3328307343774,0.2557333033071,-0.0244642735412,0.7539414260747,-0.1199972954706,0.0110065024284,-0.0155486176282,0.3174274732370,-0.1403280512074,-0.2431183153661,0.4039833755655,-0.0657054391971,-0.1063242112989,-0.4515433305362,0.1183815389448,-0.2921864570303,-0.0107234798387,0.3168382088998,0.4614427043929,0.0021333322389,-0.2697342823436,0.2026964571395,0.0775465179130,-0.2011639324064,-0.3961242489890,-0.2646658957835,0.2829082555488,-0.1007450278628,-0.2480337617272,-0.0642732231165,0.3539153428315
