1.0000000000000,0.5634122487288,0.5804570503110,0.5256289251410,0.7474126135567,0.4520459451132,0.5005472750798,0.2383478506997,0.1809995996855,0.1479436731133,0.1495300596381,0.1073760200026,0.1952172240039,0.2126079136686,0.3055500495373,-0.1335632604591,-0.0565284925093,0.1034791183114,0.0004861241111,0.0744901507125,-0.0221959437058,-0.0854010065416,0.0128624398867,0.0924846818058,0.1113874693627,-0.0506533280313,-0.0983961257338,0.0270917315077,-0.0107344116290,0.0673627930873,-0.2391314451044,-0.0260591607998,-0.0429067695610,0.1426646242611,-0.1910646580247,-0.2042305621709,-0.1590999071034,-0.1955107331846,0.1101712281940,0.1022462411939,0.1203433807064,0.0486932661345,-0.1664090492244,-0.0640178117404,-0.1751449289949,-0.0071169169550,-0.0330188123292,0.1690733514257,0.1301659501424,-0.2046842284198,0.8190750866005,0.5620111046055,0.4301264163138,0.5599788821843,0.5527471053511,0.5602083454034,0.1735662695758,0.2275639529118,0.2215021052562,0.2635565780667,0.2438377204073,0.1799611594178,0.0601953460207,0.0908687341920,0.3391569384358,-0.2356635725735,-0.2369115033007,0.1358196112884,-0.0109730708948,-0.1130336140951,-0.0249250163912,0.0125199344066,0.0726424009696,-0.0025341458082,-0.3243682420709,-0.1807839292304,-0.2759831222114,0.0127652480654,-0.0547323436347,-0.1887331905030,-0.2094849508770,-0.1224719424969,-0.1800175114646,-0.2721571488694,-0.3166702673824,-0.0435581151769,-0.1535855806094,-0.1831228933964,-0.2349209724298,-0.2981114038287,-0.0615973312910,0.0185275052877,-0.1025957040894,-0.1487362930330,-0.1256075701232,0.1801192676946,0.2753739426993,0.2619522570569,0.1467623910344,-0.2379318136366
0.5634122487288,1.0000000000000,0.7828814043092,0.5489122199184,0.4529178186774,0.4924993704464,0.4673175553448,0.2614772176456,0.1736801200647,0.2847894417410,0.1424107047637,0.2480121072413,0.2640477911136,0.0506243781623,0.4913369503452,-0.1311772579611,0.0184977022972,-0.0422836800469,0.0578764937614,0.1174984657892,0.1062410580736,0.1061198895768,0.0047828227292,0.0468894985787,0.2498524297470,-0.0401355793619,0.0010880904616,0.1695635527517,0.0105992208115,0.0799201518105,-0.2003045753984,0.0631257892163,0.0606420849133,0.0957096738170,-0.1998671422219,-0.1762648025841,-0.1934388997835,-0.0839518197940,0.0566446802086,0.0072797410074,0.0078154576210,0.1229890427424,-0.1162228961444,0.0517027660100,-0.0513640130438,0.1456853116496,0.0478746100747,0.0708317862978,-0.0805159472260,-0.0953479953442,0.6091492557709,0.7731601201698,0.4295353710044,0.6806296314874,0.4728375393663,0.5972979945433,0.2325107029802,0.2660427877624,0.2166142516361,0.2736630933989,0.2833032740441,0.1765385951170,0.1483168510200,0.0308506862144,0.3133081449123,-0.2285053326143,-0.1614718181245,0.1133489063376,0.0761668197229,-0.0858092488443,0.0617126901976,0.1212208513417,-0.0134726672602,0.1606234734660,-0.2168028235775,-0.1837924811919,-0.1054789586314,0.0605046093466,-0.0475365312166,-0.1394806695014,-0.1193253600010,0.0440725701632,-0.1762475420699,-0.2474250417267,-0.0959596093295,-0.0520574834449,-0.2493381989172,-0.1249140245775,-0.2048403248638,-0.2074642440281,-0.1273476805803,-0.1355083569029,0.0271352132584,-0.0216311702753,0.0431301187309,0.0868744331880,0.0407543038219,0.2043592907793,0.0599988512734,-0.1334091662141
0.5804570503110,0.7828814043092,1.0000000000000,0.4799513222441,0.6312874240284,0.7966421173297,0.5898755390677,0.2498255482841,0.2360734795075,0.2807974768795,0.1995684742454,0.1861874641448,0.2476352361333,-0.1097629077153,0.3721105342135,-0.1568249999037,-0.0962043733185,-0.0878300657190,0.0189157211683,0.0601030001815,0.0279185118858,0.0759966986731,-0.0374313001280,0.1142241577247,0.1789854250055,-0.0104757239936,0.0197825584063,0.0718112803168,-0.1904447391314,-0.0033647334392,-0.2154520339048,0.0928043809567,-0.0203270476281,0.0423722631681,-0.1291782180434,-0.1521790378384,-0.0282583374380,-0.0571471077420,0.1824518540000,0.0983999209509,-0.0489977831717,0.0381575791186,-0.0718704943653,0.0091504074797,-0.0372030597945,0.1337078025907,-0.0459162413858,0.3110272098694,-0.0073463783581,-0.1113112657581,0.5931107638628,0.7730255915506,0.3324326566667,0.9107816567741,0.6893227089644,0.6132049414389,0.2715193354532,0.2629122010190,0.1718650590786,0.3458596646510,0.3043644140672,0.1742345227326,0.1585266264928,0.0834453293567,0.1048838925499,-0.1978192820518,-0.2202115835571,0.0342313645471,0.0270848573288,-0.1311775968346,-0.0061998286310,0.0609375811422,0.0573926637909,0.1028069936005,-0.2302084880127,-0.1725524196986,-0.0538638064898,-0.0299461538003,-0.2122873859280,-0.2124666687858,-0.1276043115526,-0.0088091898469,-0.1963683143132,-0.1819808162439,-0.1179343731329,-0.1267362745859,-0.1270698484152,-0.0671982208445,-0.1654602691622,-0.1491781364947,-0.0132784478976,-0.0427510756077,-0.0091529376410,-0.0551137042129,-0.0293612115167,0.3450563515088,0.0230411115400,0.0739621498247,0.0535828086863,-0.1289351590331
0.5256289251410,0.5489122199184,0.4799513222441,1.0000000000000,0.4845127956471,0.4805709382250,0.8216677592862,0.5170421072002,0.4791699423790,0.4589350033340,0.4175564365885,0.4356690877643,0.5404747629599,0.0273405911653,0.7105529256548,0.0902256360506,0.3064408403026,0.3767060513253,0.3015748515026,0.3263096384369,0.1907202115855,0.2335662698359,0.0505755319359,0.3366135368902,0.0998344869761,0.0751304414077,-0.0450886315430,-0.0378383760339,-0.0565068474069,-0.2073465879315,-0.1351626905421,0.1029113595075,0.2317741076918,-0.0567800646301,-0.1606992031120,-0.0742913660278,-0.1999548926453,-0.1982254705562,0.1820190780140,-0.0720153737536,0.0793014863382,0.0997512856176,-0.0997877852719,-0.0835887871296,-0.1162371521811,0.0074739233810,-0.1070347890626,0.1038775243191,-0.0059421066855,-0.1094568524509,0.5260547739663,0.4501505407617,0.8614434970688,0.5669414422103,0.5040450290066,0.8405922667765,0.5106196735640,0.4749819129137,0.6323967613169,0.5045785186554,0.3862390899785,0.4094850170237,0.2142590840158,0.2750278924612,0.3571014119145,-0.1515097107837,-0.1249043704952,0.4814240557802,0.3595019751399,0.1786906113404,0.2463155480593,0.1735785242618,0.2526260403965,0.1565762218051,-0.2042724335992,-0.1749615047175,-0.2131315489827,-0.0535785239789,-0.1120123580228,-0.0176882647343,-0.1999335503033,0.2316805194044,-0.3983657356550,-0.4166451992408,-0.1930271959216,-0.1617811114490,-0.2485752671032,-0.1442998226542,-0.2427471437843,-0.2209759316586,-0.0079122451789,-0.2283812354323,-0.0903088948550,-0.1537181931244,-0.1710149818980,0.1466603501010,0.2446094796820,0.2863231154533,0.0672156173458,-0.1186595266098
0.7474126135567,0.4529178186774,0.6312874240284,0.4845127956471,1.0000000000000,0.7501378774756,0.6266101394321,0.3730136761208,0.3461596546205,0.3381791222594,0.2563045867642,0.1480327813335,0.3360518367783,0.1720013703743,0.3596891975913,-0.0608549793303,-0.0282405700708,0.1086299782038,0.1308873392152,0.1690832199132,-0.0389602586971,-0.0097471072559,-0.0421078912996,0.2106148238386,0.1416540172171,-0.0976861472228,-0.1326255070335,0.1003005248362,-0.1762520678042,0.1117245662544,-0.1870148185839,0.1041808902729,-0.0493957381731,0.0657718958418,-0.1669013261328,-0.1150705071088,-0.0233960485743,-0.1956211822139,0.1294524740050,0.1134056825216,0.1201146941957,0.1294855466864,-0.1403254142810,-0.0775327904938,-0.1523108246402,0.0294475820063,-0.0116867915555,0.3625059818958,0.1940379571224,-0.0789632618136,0.6938953911879,0.3664469620087,0.4119864355435,0.7166738675804,0.8360017398593,0.6097626507977,0.3416706909993,0.4083204222975,0.3176077234667,0.4571857066849,0.3874786310713,0.2362344551848,0.2609326977866,0.2603928143530,0.1965645854776,-0.1390108356284,-0.2171099018632,0.1797277582571,0.1394825005789,-0.0326967858312,-0.0710861375333,-0.0258822706479,0.1928242433480,0.0432543984173,-0.3728392275877,-0.1834866319928,-0.2605623948183,-0.0020633058675,-0.1537889929042,-0.2243398273949,-0.2175020654697,-0.0705353292864,-0.1174649320193,-0.2208577475157,-0.2848103884646,-0.1009527526032,-0.0640234725528,-0.1246397045585,-0.2414164140656,-0.2886081248068,-0.0210473079227,-0.0077231753469,-0.1283391014372,-0.2302983323429,-0.1268339379139,0.3924139199208,0.2040011115877,0.1040029099888,0.2009358917551,-0.2291180926472
0.4520459451132,0.4924993704464,0.7966421173297,0.4805709382250,0.7501378774756,1.0000000000000,0.7111607155123,0.3629985071330,0.3469912787654,0.3753270198222,0.2398189247901,0.1662722348792,0.4227100051680,-0.2126543523775,0.3641935951676,-0.1622940112843,-0.1156473470996,-0.0390169408210,0.0246233067121,0.0620763667710,-0.1413502517618,0.0601524855534,-0.1703580924172,0.1518489504805,0.1081358238973,-0.0935787362684,-0.1294486347093,-0.0052493780619,-0.3009144974794,-0.1116722437461,-0.2940281589416,0.0118713250303,-0.1188028994456,-0.0568108839185,-0.1586473251474,-0.2068703202806,-0.0108390474952,-0.1845667472425,0.1953014945389,0.0914738131896,-0.0613132964016,0.0020177122286,-0.1260832125793,-0.0783140296603,-0.1232336595465,0.0120170767999,-0.1674057886380,0.4556403150396,-0.0461677630591,-0.1522416832451,0.4707848498173,0.5094076334547,0.4019387987462,0.8937215213120,0.8935614177742,0.6632233126337,0.4722813633356,0.4718652035049,0.3261791874018,0.4910095841094,0.3916853774311,0.2251136944172,0.3197730544237,0.3643945879190,0.0387926889884,-0.1618850334177,-0.2225690155551,0.1293448791886,0.0876851450126,-0.1178567799374,-0.0478184852353,-0.0702528892391,0.1210545431127,0.0679467958936,-0.3273321965812,-0.1161219151006,-0.1931085618173,-0.0873743426478,-0.2774324845120,-0.2637624362740,-0.1886851151040,0.0664021473060,-0.2126966435085,-0.1725162465414,-0.1024554609966,-0.2243068693059,-0.1019286784359,-0.0775049655717,-0.1898703110714,-0.1771551176810,0.0477403894876,-0.0311839082355,-0.0581043087679,-0.2201713315974,-0.0823998616801,0.5176404442168,-0.0205496528073,-0.0139319892613,0.1338402499348,-0.1538515530046
0.5005472750798,0.4673175553448,0.5898755390677,0.8216677592862,0.6266101394321,0.7111607155123,1.0000000000000,0.5682896179970,0.5625842272997,0.4702976508679,0.4487121279436,0.4010398085772,0.6127960087246,-0.0918567861629,0.5715671618271,0.0247202501068,0.1707248635522,0.3290954108211,0.2454420919784,0.2753695890688,0.1334681120892,0.1885261253667,0.0320344777103,0.3637971669404,0.0886961564669,0.1061647292074,-0.0229726058578,-0.0568938532850,-0.1197561983665,-0.2474396334902,-0.1128963707599,0.1124617374057,0.1223361513781,-0.0363385300277,0.0468231352872,-0.0590760066950,0.0336574026253,-0.2234870900148,0.2540349736755,-0.0399241289012,0.0346052295111,0.0449488559495,-0.1493126798786,-0.1771304635645,-0.1770937800915,-0.0294520058471,-0.1857397329795,0.2400132180667,-0.0330253406705,-0.1830099589824,0.5011765814974,0.4228721732066,0.7007851047458,0.7245301680289,0.7123946216232,0.8696459960139,0.6065002469971,0.5791261603440,0.6346093093122,0.6257351697089,0.4220573465509,0.4182496302071,0.2739480183248,0.4164269999911,0.2227931622102,-0.1817686566049,-0.1283022053689,0.4234188692304,0.3348037443983,0.1412507973181,0.1999405450731,0.1259664553863,0.3254384373694,0.2013897786832,-0.2203922669252,-0.1110906383602,-0.1555230468857,-0.1101273664925,-0.1629598883912,0.0085195030872,-0.1903945269411,0.1430536295785,-0.4032582484215,-0.3078090968508,-0.2319768794805,-0.1254831493098,-0.0226477619745,0.0240304369157,-0.2681557134084,-0.1850396638606,0.0908311671824,-0.1953404411358,-0.1937401979684,-0.1740699519751,-0.2452219648823,0.2966264244384,0.1839145199295,0.2145106502429,0.0794617004725,-0.1073233901753
0.2383478506997,0.2614772176456,0.2498255482841,0.5170421072002,0.3730136761208,0.3629985071330,0.5682896179970,1.0000000000000,0.7846514802420,0.4925178892616,0.5283446893208,0.4256662965323,0.7369552618408,0.0720941863463,0.3237837050202,0.0708256910975,0.3406693412730,0.4075185533544,0.4507644784984,0.6573679988033,0.2484000308336,0.1039404425811,0.0874631589789,0.3727862454411,0.4337990754987,-0.0058536831881,-0.0091943640022,0.0257958494931,-0.0047612559705,-0.1033466184281,-0.0701742521995,0.0875804009583,0.2529073747494,-0.0186119360555,-0.2299270512013,0.0524154041093,-0.0871310996753,-0.1956069861551,-0.1521334414066,-0.1177922220941,0.1032490271320,0.1185227229874,-0.2168703586159,-0.0761441110876,-0.1842493068368,0.1457385578952,-0.0137764596594,-0.1454019505357,-0.0096974418444,-0.1667441916732,0.2738496843844,0.1163036262307,0.4631212562240,0.3826737025219,0.4808989276699,0.5543031650628,0.6897077236025,0.7176424306834,0.6940239552657,0.7908423083507,0.4170133619294,0.4490228707251,0.3148624541059,0.5141682702090,0.2054640714626,-0.3383838966223,-0.0861746464854,0.4426187435137,0.4641246258320,0.3347783851154,0.1324519131133,0.1323908750222,0.3394050264639,0.4122050702172,-0.1075171173025,-0.1837025610571,-0.1485566735185,-0.0748884192377,-0.0781688590451,0.0518968390268,-0.1599627083247,0.2541615474626,-0.2437010062226,-0.4574985872360,-0.2553789110131,-0.0061471949153,-0.1447023163611,-0.2106724669003,-0.3871717799506,-0.2823566451187,-0.2875190973362,-0.2984979705945,-0.1210946628220,-0.0516375129026,-0.0897122439275,-0.0826865473401,0.0319281747628,0.2323120576227,0.0504558384556,-0.2570752816971
0.1809995996855,0.1736801200647,0.2360734795075,0.4791699423790,0.3461596546205,0.3469912787654,0.5625842272997,0.7846514802420,1.0000000000000,0.4574967889846,0.5912446623159,0.4109526540084,0.6534141097175,0.0877446950237,0.3191403344830,0.1840398631307,0.2703091419171,0.3754967954094,0.5228793258929,0.5935557914200,0.1938317218971,0.1574876473963,0.1479958249146,0.4932029456682,0.3754610620232,0.1275713428093,0.1134826974344,0.0186653685252,-0.1122063830994,-0.0135246408304,0.0122946355966,0.1782700815012,0.2338194079428,0.0174419874458,-0.0516751298285,0.1772375076037,0.0823344962949,-0.0692280702468,0.0365810706147,0.0179288589244,0.1025785831497,0.0683598008937,-0.0892157524673,0.0142405466121,-0.0821134739590,0.0889442910390,-0.0297065240103,0.0370597454961,0.0828605105336,-0.0653590049858,0.2131104653713,0.0581428677755,0.4097332169837,0.3674234931269,0.4417149036172,0.4760889765048,0.6162670985956,0.6265699369209,0.6715872825146,0.9165950947029,0.3618637416555,0.4967227173944,0.2397455636230,0.4424689829872,0.0554951162944,-0.2074538536380,-0.0191466341936,0.4245565532491,0.5182608768392,0.4065886342173,0.0947816916714,0.1133894039428,0.4393712129526,0.4050662008089,-0.1283416944387,-0.2067830505065,-0.0636154838966,-0.0978346981024,-0.1425568480722,0.0397882178493,-0.2360930626653,0.1278825951719,-0.2395766613987,-0.3383960637104,-0.2814193347805,-0.0778927389821,-0.0071648139739,-0.0218984979830,-0.2979719843384,-0.1734479162155,-0.0588920884331,-0.1288937140377,-0.0642192994886,-0.1395973084291,-0.2570816507276,0.1060126866445,0.0195749996823,0.0577097817860,-0.0339093748731,-0.2498068913298
0.1479436731133,0.2847894417410,0.2807974768795,0.4589350033340,0.3381791222594,0.3753270198222,0.4702976508679,0.4925178892616,0.4574967889846,1.0000000000000,0.6884848277603,0.7639050495958,0.6135373559186,-0.0147457219081,0.5338305206292,-0.0277756563310,0.3266008688263,0.2776380477354,0.2445383129560,0.3763758821527,0.3668029693249,0.5621644978282,0.2521205815017,0.4701906251441,0.2301291851369,0.0334209555184,0.0755103643431,0.1022242604811,-0.1061061107840,-0.2263664052750,-0.2086357273309,0.2208473413687,0.2995790224626,-0.0706822926106,-0.1205602102273,-0.0079689214993,0.0546118118483,-0.3876805143023,-0.1059458974864,-0.1491040184765,0.0508107690297,0.4995031984074,-0.3398555478514,-0.1685076962244,-0.2825359888533,0.1743451753108,-0.0407921607916,-0.0408958806072,-0.0961532314999,0.0331987845668,0.2799805395699,0.1975096917719,0.4653455064664,0.3914968055119,0.4104260245737,0.4922917005128,0.4931456109622,0.4562147942599,0.4988857732848,0.4900182285238,0.8072513425872,0.5414498510325,0.6254335302155,0.3990497368572,0.2763478215208,-0.3101158529289,-0.0976803642873,0.4962294445155,0.3116803503543,0.1433458724088,0.4517482965040,0.4601813864439,0.4273513152265,0.2969607539029,-0.2284473221819,-0.0772874217725,-0.0345541601816,0.0193907425438,-0.0971089968979,0.0142216344270,0.0148489875250,0.3514101635996,-0.3125671224798,-0.3752940149242,-0.1827967112281,-0.0066028658792,-0.0398770957538,-0.0895312393095,-0.3910880747636,-0.3925345365553,-0.1650113692449,-0.3474669472074,-0.2025058394672,0.0388173989370,0.1114867183404,0.0716520933872,0.0274564883722,0.2696977927965,0.2449200015102,-0.0217842491868
0.1495300596381,0.1424107047637,0.1995684742454,0.4175564365885,0.2563045867642,0.2398189247901,0.4487121279436,0.5283446893208,0.5912446623159,0.6884848277603,1.0000000000000,0.7163686794662,0.6340692646531,0.1190333120098,0.3664167589426,0.1287568269398,0.4176213310246,0.4736348184999,0.3156316228102,0.5071264671336,0.4628025103720,0.4429850803230,0.4148660790711,0.6030829859457,0.2420321371414,0.1479195430507,0.3495543405378,0.1091325905001,0.0599434131194,-0.1337125757289,0.0165438805910,0.1930323292220,0.3772088432027,-0.0855791136838,-0.0298803584995,0.1717161045265,0.0654520857771,-0.1404544844150,-0.0673649930992,-0.0127673876503,0.1064680454370,0.2684675102984,-0.1690044684402,-0.1338232957182,-0.1804729630646,0.1285406500558,-0.0127368475641,-0.0296178579832,0.1619632296743,-0.0334839757170,0.2028311680099,0.0559919092050,0.3860643423237,0.2959411838852,0.3095296427095,0.3731155321449,0.5432187667332,0.4157368786144,0.4629992913134,0.5316963257476,0.6385648121677,0.7663506775969,0.4538447057741,0.4209241912798,0.2154861112771,-0.1354743574745,-0.0140484878681,0.5502137240466,0.3415733860797,0.3556658055816,0.4846939669075,0.4786528357186,0.5503126658739,0.4165405446965,-0.0257064330182,-0.0973215876331,0.1788810251441,0.0323006004585,0.0259704891225,0.1896034170315,-0.0525823528463,0.2918447590911,-0.2754138623576,-0.2895411712513,-0.2464090400294,-0.0641780216908,0.0677459168757,-0.0558979339547,-0.2976932376665,-0.2019557694909,-0.1277816179436,-0.1933883726451,-0.2090632857776,0.1038621381676,-0.0921811087250,0.0620440999057,0.2452700294635,0.2583640334692,0.0775457255998,-0.0032080814352
0.1073760200026,0.2480121072413,0.1861874641448,0.4356690877643,0.1480327813335,0.1662722348792,0.4010398085772,0.4256662965323,0.4109526540084,0.7639050495958,0.7163686794662,1.0000000000000,0.5144119351786,0.0184777728679,0.5570040540918,0.0115008440322,0.5209987081452,0.4622906230072,0.3204929422771,0.4530559094301,0.6256141275097,0.7308843262602,0.4997143811686,0.6365502106075,0.1284155372834,0.2774007842696,0.3270104056494,0.0905071769411,0.0177146040113,-0.2973966767569,-0.0916172203117,0.1899573467839,0.3467830067740,-0.0986963315413,-0.0014277237829,0.1855720561332,0.0643114866092,-0.2902328715785,-0.1160916912171,-0.2232492815934,-0.1263971844556,0.2566533923706,-0.2728740819991,-0.2033858386264,-0.3017063322153,0.1116910612722,-0.1387113964969,-0.1166836985039,-0.1237635444999,-0.0082117189846,0.1965274179025,0.2016208495166,0.3963149018652,0.2416055834970,0.1827766754022,0.3714022421530,0.3825348151941,0.3657382568087,0.4448348616984,0.3875709095523,0.6418827788841,0.6472836811576,0.5965026292771,0.2013793909528,0.3203101780402,-0.2433906362794,-0.1079121526613,0.6249493355090,0.3766101575667,0.3165365086913,0.7076888237115,0.6992873212216,0.5988445888318,0.4548230284942,-0.0966063055683,0.0534823028467,0.1632714742983,-0.0072587225983,-0.0005409221836,0.1595912105600,0.0340426677440,0.3108618839985,-0.4252070545610,-0.3955409702577,-0.2340011646332,-0.0024627591630,0.0022016386405,0.0047138301191,-0.3787685588961,-0.3010410294864,-0.1786924154698,-0.3951517572906,-0.2300074709557,0.1060735141335,0.0160672096975,0.0125691528875,0.1258490456907,0.2942647800242,0.0005101106364,0.1008230004512
0.1952172240039,0.2640477911136,0.2476352361333,0.5404747629599,0.3360518367783,0.4227100051680,0.6127960087246,0.7369552618408,0.6534141097175,0.6135373559186,0.6340692646531,0.5144119351786,1.0000000000000,-0.0828845622879,0.3856622819013,-0.0505613388940,0.3290729298087,0.3914157042193,0.2839723188640,0.4571983080296,0.1969769698100,0.1456630518526,0.0313377202004,0.3264616490449,0.3035074870385,-0.1156632819255,-0.0336063723757,0.0405115183223,-0.0197227392568,-0.2773486257672,-0.2151435331131,-0.0190838557454,0.1921311312746,-0.0940206387163,-0.2096271871469,-0.0762557614083,-0.0810813157283,-0.4027701006955,-0.0909490379513,-0.1149837120733,0.0592802396072,0.1614958608741,-0.3127368100346,-0.1941575811376,-0.2955843385623,0.0420938992635,-0.0924827713456,-0.0946596702413,-0.0822110699318,-0.1987033689558,0.3289981833944,0.1946592078776,0.5336919444984,0.4334916679798,0.5232981122419,0.6387672450960,0.8364126858549,0.7418960502848,0.6671786659076,0.7275958276963,0.5713326973628,0.5848798457291,0.4862036956814,0.7941362562228,0.2492751566361,-0.3498274132622,-0.1454104926531,0.5308658894382,0.3591580164292,0.2015160565543,0.2258233038296,0.1687455038524,0.3196971438822,0.3545204437099,-0.2005634349051,-0.1981713024144,-0.1812571099092,-0.0093793808847,-0.0526373800782,0.0300006718021,-0.1789841635135,0.3343673739675,-0.3219925436274,-0.4156431664666,-0.2828467889626,-0.1083736722315,-0.1178182723141,-0.1907396948842,-0.3555674681455,-0.3784458401663,-0.1875074240791,-0.2930092951243,-0.2193962936900,-0.0707374699306,-0.0207279785471,-0.0013365515266,0.0402114085675,0.2827045057579,0.1531135385278,-0.1586003126511
0.2126079136686,0.0506243781623,-0.1097629077153,0.0273405911653,0.1720013703743,-0.2126543523775,-0.0918567861629,0.0720941863463,0.0877446950237,-0.0147457219081,0.1190333120098,0.0184777728679,-0.0828845622879,1.0000000000000,0.1471335530391,0.6117585428172,0.3765343016666,0.3267232914211,0.4407403715930,0.3586785894589,0.3225453676946,0.0330032679415,0.2786294235768,0.1831267856174,0.0840956825340,0.1213922422684,0.1640107313806,0.2520282050256,0.2143586101670,0.5173323613764,0.4193980535677,0.4360332358844,0.3744487894151,0.2260351388164,0.1908445703943,0.4903910597457,0.0269011640516,0.2012515807285,-0.2279391587080,0.0394244240404,0.2185382031065,0.2443757596813,-0.0360501154101,-0.0135859674880,-0.0186741630555,0.1719716719406,0.3655279646492,-0.0556420951426,0.4785191573372,0.2783646640324,0.1177665241371,-0.1160132815196,0.0021040044055,-0.1703876107629,-0.0825485256999,-0.1489665470755,-0.1353049393956,-0.1153553912833,0.0021031817850,-0.0046723262420,-0.0549670254586,-0.0121579633058,-0.1819700208299,-0.1997704751935,0.3380436045631,0.1633459816616,0.4061506890925,0.1686848406247,0.3352831456971,0.3174270779427,0.0482820041222,0.1258583086290,0.1451099541987,-0.0009835240685,0.1315164247525,-0.1850506565678,0.1148738305177,0.1471563137275,0.2241797299129,0.3424349118294,0.1988372568170,-0.0030478078912,0.2959904677937,-0.0417251619018,-0.1974077878607,0.1924136562962,0.0697876307753,0.1203205653768,-0.2158909358930,-0.0341171231730,-0.1830720125720,-0.0117569091341,-0.1707735588398,0.1389428917528,-0.1260316035162,-0.0950654168384,0.3693410999901,0.0509101651622,0.0060698285036,-0.0693794583294
0.3055500495373,0.4913369503452,0.3721105342135,0.7105529256548,0.3596891975913,0.3641935951676,0.5715671618271,0.3237837050202,0.3191403344830,0.5338305206292,0.3664167589426,0.5570040540918,0.3856622819013,0.1471335530391,1.0000000000000,0.1981535362905,0.3850520397979,0.3653948175676,0.3821207169416,0.3478603563739,0.3404317558510,0.4687506484123,0.0808917894576,0.4271322861549,-0.0304431044990,0.0903324904429,-0.0246955444212,0.1163863153482,-0.1506671553838,-0.1003263064124,-0.0333771798188,0.1859344025448,0.2048449278328,-0.0960560086468,0.0302226485260,0.1401058959513,-0.0516559620559,-0.1885399691549,0.2058423007070,-0.1177870521515,-0.0207882699423,0.2899590748630,-0.0588949428479,-0.0838273392660,-0.0925778279145,0.0676023847858,-0.0203597282427,0.2342685674760,-0.0057403724650,0.2732075168216,0.3956341178007,0.3635097292923,0.6408949000908,0.4517414765855,0.4016362449033,0.5946449521652,0.3080646574446,0.3135104591403,0.4550691302609,0.3262932146783,0.4282772423923,0.3701523363662,0.3635418502085,0.1349943528536,0.4474133654353,0.1130436698949,0.0297179501033,0.5300234404182,0.4397596824763,0.1912247994892,0.4276381954336,0.2977854486585,0.3246857568071,0.1096236329325,-0.2108520065658,-0.0768162950217,-0.1219457778005,0.0667091040986,-0.1051385751154,0.0676518332420,-0.0798342795677,0.2689905847786,-0.2715387157383,-0.2324961993167,-0.0844707465424,-0.1771747896758,-0.1118287131000,0.0984499762465,-0.1374251777143,-0.1830554661534,0.1332085638861,-0.2343525569695,-0.0775281908700,-0.1443393762027,0.0258587929129,0.2985261491031,0.2215508795918,0.1298649133369,0.1016106737864,0.1637762183784
-0.1335632604591,-0.1311772579611,-0.1568249999037,0.0902256360506,-0.0608549793303,-0.1622940112843,0.0247202501068,0.0708256910975,0.1840398631307,-0.0277756563310,0.1287568269398,0.0115008440322,-0.0505613388940,0.6117585428172,0.1981535362905,1.0000000000000,0.4926298448346,0.3973937593699,0.6084323583766,0.4255941910999,0.3279661042428,0.0870759348247,0.1634232286199,0.2130620964961,-0.0912185779640,0.2339599116811,0.2117135061190,0.0752870988811,0.0723710442493,0.3573213607569,0.7006146938181,0.4740112233326,0.4211116886391,0.1478791654477,0.4470607204886,0.6670519759879,0.1358262331410,0.4651152868539,-0.0509597158842,-0.0192099263739,0.0922285445553,0.0655650328138,0.2255820225005,-0.0018705885224,0.2130717894213,0.0766469337040,0.2396570740225,0.0745622770565,0.3590731149766,0.3419986079310,-0.2095066968669,-0.2462645719131,-0.0026260316229,-0.1719870375584,-0.1717662253529,-0.1734448175250,-0.0775844850061,-0.0842874376579,0.0819539356171,0.0344661594213,-0.1208616698137,-0.0103580309562,-0.2106774665235,-0.1326871722415,0.0565458735155,0.3471835143979,0.7484393991437,0.2242767567546,0.5316732350526,0.4814761632174,0.0996997181037,0.0570391040725,0.1654580309334,-0.0072629308843,0.3491466099970,-0.0756422977474,0.2297495229736,0.0115239222649,0.1134631668738,0.5648626847806,0.2808229299535,0.1841261138243,0.2812519816933,0.1562315949897,0.0692282088049,0.1224951289932,0.1284285582423,0.3676435818737,-0.0347477544508,0.3017090185482,0.0401412582601,0.0242598679940,-0.0768576884640,0.0491842870677,-0.2130121041619,0.0377824231765,0.2128703347512,-0.0909836423460,-0.0351394598332,0.0539830616602
-0.0565284925093,0.0184977022972,-0.0962043733185,0.3064408403026,-0.0282405700708,-0.1156473470996,0.1707248635522,0.3406693412730,0.2703091419171,0.3266008688263,0.4176213310246,0.5209987081452,0.3290729298087,0.3765343016666,0.3850520397979,0.4926298448346,1.0000000000000,0.7771117564282,0.6312193651084,0.6068504983257,0.6525098762521,0.3028606569109,0.2798520511931,0.3945378403452,-0.0037093527610,0.0416254965543,0.1618662716591,0.0092028770086,0.1459992777187,-0.0814269922350,0.3342654609915,0.2494239927270,0.5448476348858,-0.1791901296041,-0.0196746542880,0.4199388535072,-0.1921895722862,-0.0584620658505,-0.2877970700207,-0.3141431154912,0.0408787233306,0.2133237920721,-0.1525441640909,-0.1553393097925,-0.0894047044482,0.1028593138554,0.1531451177085,-0.2726352591908,0.0716387588578,0.1696126020886,-0.0316527927335,-0.1021612887338,0.2875343228842,-0.0577326611645,-0.0740094028699,0.1195842304226,0.2693255942893,0.2671217639866,0.4114150911885,0.1966739912026,0.2677532736656,0.3564045240570,0.2774420374442,0.1583395961931,0.3291623769582,-0.0338552415395,0.2130326865111,0.7348906796018,0.5857243432806,0.5257526516699,0.5896933723985,0.3934488909330,0.3868916690441,0.3489817846080,0.1956640932115,-0.0896289527970,0.0512642259176,-0.0010552092287,0.1341765282780,0.4830819988884,0.0492709956206,0.4626087398892,-0.1293464283016,-0.3408472855319,-0.1511241052326,-0.0848095942108,-0.2338269000301,-0.1448791417318,-0.2836121884250,-0.1931017483254,-0.3500567957551,-0.3821759440129,-0.2497357937200,0.0656882673415,-0.0280216489784,-0.2282104174637,0.1821165689405,0.2242608718341,-0.0533968023670,0.0329211100516
0.1034791183114,-0.0422836800469,-0.0878300657190,0.3767060513253,0.1086299782038,-0.0390169408210,0.3290954108211,0.4075185533544,0.3754967954094,0.2776380477354,0.4736348184999,0.4622906230072,0.3914157042193,0.3267232914211,0.3653948175676,0.3973937593699,0.7771117564282,1.0000000000000,0.5899787659005,0.6152465742744,0.5074752304961,0.2088710181767,0.2812555258257,0.5518812500044,-0.0085233789333,0.1271089303671,0.1702990803655,0.0482892763125,0.1529400482960,-0.1510621818966,0.2904020882108,0.1401506933097,0.3949897485071,-0.1459713261343,0.0179913446455,0.3843780495220,-0.0963053823250,-0.1303205205217,-0.1485871594148,-0.2208369563264,0.1185130367506,0.1248092570755,-0.1288017845572,-0.2086156552772,-0.1481903460056,0.0669711754776,0.0710508739977,-0.1513526376501,0.1166954342105,0.0500506809061,0.0937122170429,-0.1346505466973,0.3557584496689,0.0018548429503,0.0619644462332,0.2361307314894,0.3653067685659,0.3716787933258,0.5644134022034,0.2980185571453,0.2829840400923,0.4593653489943,0.2791691930354,0.2748567068892,0.3918023195378,-0.0096577354361,0.1793596140960,0.7932273075705,0.6034547001901,0.6049129945619,0.4988069844285,0.3403892190854,0.5559188621538,0.3866617913890,0.1465188908852,0.0086273477015,0.0157491298604,0.0237873904562,0.0989132671042,0.5042578000649,-0.0440134263739,0.3456897453161,-0.2317469273861,-0.2681729004768,-0.2589361985222,-0.0735168887748,-0.0467545076225,-0.0803665602056,-0.2309028499699,-0.1845144669519,-0.2068972278100,-0.3227234116291,-0.2915883572974,-0.0075622313194,-0.1048531823282,-0.1097571716165,0.2803315860168,0.2909099183281,-0.0162854998686,0.0082517398991
0.0004861241111,0.0578764937614,0.0189157211683,0.3015748515026,0.1308873392152,0.0246233067121,0.2454420919784,0.4507644784984,0.5228793258929,0.2445383129560,0.3156316228102,0.3204929422771,0.2839723188640,0.4407403715930,0.3821207169416,0.6084323583766,0.6312193651084,0.5899787659005,1.0000000000000,0.6755923009123,0.4428019302620,0.2092892283039,0.1231162653038,0.4171455050189,0.0578308995998,0.1006804425965,0.0551032989686,-0.0308544727855,0.0105092669536,0.0811612713111,0.2868618021904,0.1875507360103,0.2593237060558,-0.0290045360657,0.1714963599988,0.6498707422604,-0.0048672631721,0.0630267121854,-0.1062216103967,-0.2203117976485,0.0425268539400,0.0278238839374,-0.0038953173480,-0.0920144655106,-0.0016749864575,0.0464277589757,0.0867216656396,-0.0277902573470,0.1541858448187,0.1958917740886,0.0243207833741,-0.0977248782732,0.2207947430700,0.0694483512285,0.1048679111421,0.1589932290660,0.1824255183682,0.2939466638466,0.4078739822413,0.4545776290130,0.1999112961119,0.2663698182165,0.1549707221261,0.0987887192577,0.1930072366683,0.1133878904720,0.3453846253851,0.5029823681242,0.8625661546844,0.5622976107141,0.2739839204037,0.1816069662935,0.4037188481434,0.2511705895629,0.0528228807465,-0.1741881174582,-0.0976967708758,-0.1103197333683,-0.0221983729897,0.2956467437098,-0.0804161833895,0.1168660670910,-0.0691275797775,-0.1928807127509,-0.2261587582744,-0.0847862946454,-0.0737204136582,0.1647855667297,-0.2011070741563,-0.0886578671945,-0.1357205893204,-0.2360047181402,-0.1302177260508,-0.1997742523614,-0.2095311019183,0.0002571091349,0.0993183529269,0.0291885938415,-0.1549001082149,-0.1474545095586
0.0744901507125,0.1174984657892,0.0601030001815,0.3263096384369,0.1690832199132,0.0620763667710,0.2753695890688,0.6573679988033,0.5935557914200,0.3763758821527,0.5071264671336,0.4530559094301,0.4571983080296,0.3586785894589,0.3478603563739,0.4255941910999,0.6068504983257,0.6152465742744,0.6755923009123,1.0000000000000,0.4811178921361,0.2148393823872,0.3639764277050,0.4966942844781,0.4487291038160,0.1809906522948,0.2815328434233,0.0930710108554,0.0794961125166,0.0275404106326,0.2068977713224,0.2501377090010,0.5113007160963,0.0442286445168,-0.0233947906137,0.4963013694450,-0.0745043375230,0.0185465656639,-0.2708662513307,-0.1814847370766,0.1225687108608,0.2154510733747,-0.1416995838458,0.0184216296147,-0.0234618749537,0.2663803210888,0.1277331873333,-0.2138477515558,0.0894780905228,0.1466765547543,0.0602614106234,-0.1106433498535,0.2566789859272,0.0838211357881,0.1287500532502,0.1861833801954,0.4618455208854,0.4497820276155,0.5286642200429,0.5158905326716,0.2457269547355,0.3986954078755,0.1978574311427,0.2504065958968,0.2063053921396,-0.0943589710581,0.1609396232359,0.5392196363010,0.6247126872762,0.7691454359095,0.2958311704031,0.3208502395103,0.4906678348204,0.6050871937411,0.0639258622945,-0.0678622504164,0.1155764828950,-0.0163082341476,0.0835638244010,0.3256913282250,-0.0718661502744,0.3159744721967,-0.1118241927033,-0.3152956754444,-0.1625677290115,0.0492626087456,-0.0669973377367,-0.0418276755807,-0.2790027389661,-0.1221495012299,-0.3006964821809,-0.2755015474647,-0.0634649551021,0.0676907516585,-0.0374363305488,-0.1552330531666,0.1064472738044,0.1305003825819,0.0267155679625,-0.0130934207989
-0.0221959437058,0.1062410580736,0.0279185118858,0.1907202115855,-0.0389602586971,-0.1413502517618,0.1334681120892,0.2484000308336,0.1938317218971,0.3668029693249,0.4628025103720,0.6256141275097,0.1969769698100,0.3225453676946,0.3404317558510,0.3279661042428,0.6525098762521,0.5074752304961,0.4428019302620,0.4811178921361,1.0000000000000,0.5504744521780,0.5567583782274,0.5865206539192,0.0379290825864,0.3874070626281,0.4902200766233,0.1059002041475,0.2334352183423,-0.0940680954555,0.3601834634321,0.3485727982234,0.4960034420808,-0.0428271551533,0.2461931938574,0.5761973144572,0.1381885940521,0.0156729056102,-0.3182736709213,-0.3249062211294,-0.1265073882258,0.1583798401061,-0.1863831817228,-0.1859802301539,-0.2061015618855,0.2053772653570,0.1199715910798,-0.3144860972396,0.0397981628194,0.1704702574597,0.0272739584398,0.0265202228825,0.1042222560273,0.0079985728712,-0.0893499846907,0.0649037888349,0.0658202322448,0.0674412949644,0.1417178496488,0.1368502922339,0.3521595603209,0.4427867389006,0.2919049703620,-0.0553134826743,0.2559308837812,-0.1268690336637,0.0888297991341,0.4511921247484,0.4394068128805,0.4703000459916,0.7138716396496,0.7255233528334,0.6083409286343,0.4107405293349,0.2681359794478,0.1140549812697,0.3692336265365,-0.0506876339273,0.1825178545682,0.4204040714659,0.2454156775522,0.1657446618600,-0.2656606548503,-0.3441602891630,-0.2730317602950,0.0977263836479,0.0839779982310,0.1403030819465,-0.3677585922503,-0.1673922709982,-0.3617314318660,-0.4817827643193,-0.3200356261559,0.2860076285048,0.0928355840200,-0.2334373799416,0.1913181955408,0.2669640235717,-0.1940821406845,0.1890750639086
-0.0854010065416,0.1061198895768,0.0759966986731,0.2335662698359,-0.0097471072559,0.0601524855534,0.1885261253667,0.1039404425811,0.1574876473963,0.5621644978282,0.4429850803230,0.7308843262602,0.1456630518526,0.0330032679415,0.4687506484123,0.0870759348247,0.3028606569109,0.2088710181767,0.2092892283039,0.2148393823872,0.5504744521780,1.0000000000000,0.5142739669663,0.6054043515427,-0.0924117398647,0.4614621449248,0.3917129580321,0.1086784554461,-0.0990920951186,-0.1791432042179,0.0037170664996,0.3207634009487,0.2617700553149,-0.0310742914471,0.2237445643906,0.2877215568588,0.2686154249811,-0.0966532205454,0.0270019757378,-0.1308956724340,-0.2551606232404,0.1488351392067,-0.1066589455712,-0.1012685729939,-0.1775180411621,0.1546033363369,-0.0739735513063,0.0619404515993,-0.0730526305741,0.1434365092884,-0.0185560007881,0.1365171407192,0.2139327288472,0.0845982011804,-0.0029543383036,0.1147105672688,-0.0023692280209,0.0047446021328,0.1538916379427,0.0967996135654,0.4432108217930,0.4120369655809,0.4137022853792,-0.0917138852582,0.1911531171419,-0.0306920632262,-0.0337853717006,0.3598662365636,0.2542784439675,0.1995585472804,0.6083809077036,0.7002103816500,0.5068317018961,0.2112901002132,-0.0142401200188,0.2031985494107,0.3126700475669,-0.0426812546568,-0.0756505787799,0.1233866390438,0.2027236227486,0.1569834235979,-0.2900602114746,-0.1986605765886,-0.1044763413493,0.0759604788386,0.1800367315231,0.2288091320939,-0.2120892286859,-0.1059008231604,0.0020622093083,-0.2497572016712,-0.1417725034313,0.1342892203678,0.0845071386946,0.1590749437358,0.1090250798341,0.0209333923998,-0.1300093347462,0.2710596385986
0.0128624398867,0.0047828227292,-0.0374313001280,0.0505755319359,-0.0421078912996,-0.1703580924172,0.0320344777103,0.0874631589789,0.1479958249146,0.2521205815017,0.4148660790711,0.4997143811686,0.0313377202004,0.2786294235768,0.0808917894576,0.1634232286199,0.2798520511931,0.2812555258257,0.1231162653038,0.3639764277050,0.5567583782274,0.5142739669663,1.0000000000000,0.4781825708375,0.2879831937435,0.6109930883831,0.7246711332775,0.0530042415481,0.1314150829363,-0.0685983068340,0.2420464269916,0.5036913069390,0.5531924670653,0.2485693348894,0.1956582334715,0.3613669622616,0.2176261922638,0.0875393303618,-0.2441718161536,-0.1027214907720,-0.0352733373881,0.1925841859398,-0.1262012510245,-0.0036316749993,-0.1393938307431,0.4052365229646,0.0612027946876,-0.2495490135840,0.0758065897045,0.0525434749338,0.0113018084377,-0.0468252059921,-0.0094265461605,-0.0926634565074,-0.1645750414208,-0.0723852304125,0.0544552460524,-0.0674095748368,0.0556924916933,0.0350774244504,0.1421722933346,0.3267165807428,0.1071965207755,-0.1908797541042,0.0449159918262,-0.1511296463341,0.0210887172665,0.2070332571620,0.1191062614604,0.4165392337199,0.4300725871694,0.7676564410055,0.4796404735887,0.4790831757607,0.2280182407129,0.1972633739851,0.6173835717756,-0.1528030483662,0.1322469315937,0.3026194272063,0.2403622464529,0.0976574078578,-0.2752214598016,-0.1734481817452,-0.1978529585731,0.2978840442588,0.2601243559893,0.1369582721739,-0.2542877865384,-0.0576730083081,-0.2271038816780,-0.2878234593726,-0.1551059858485,0.4327205521556,0.0028869592821,-0.2055741471806,0.1496874594751,0.1083667051560,-0.1676512483109,0.1876537006288
0.0924846818058,0.0468894985787,0.1142241577247,0.3366135368902,0.2106148238386,0.1518489504805,0.3637971669404,0.3727862454411,0.4932029456682,0.4701906251441,0.6030829859457,0.6365502106075,0.3264616490449,0.1831267856174,0.4271322861549,0.2130620964961,0.3945378403452,0.5518812500044,0.4171455050189,0.4966942844781,0.5865206539192,0.6054043515427,0.4781825708375,1.0000000000000,0.0338974171834,0.4450849581019,0.4125915604845,0.1668336162672,-0.0830674662080,-0.1265411424770,0.1224627012380,0.2425547721406,0.2061023122058,-0.0217937294104,0.2646132283081,0.4492814682994,0.3585577159744,-0.1279119952902,0.0646665096957,-0.0156896525995,-0.0534518323418,0.0909964759909,-0.1202359017668,-0.1666764319474,-0.2456122053760,0.1595727940723,-0.0564713741701,0.1150143331626,0.1254937025337,0.0941792259761,0.1291472826168,-0.0160321772166,0.2575989738838,0.1877029953969,0.2064408353488,0.2278781583593,0.2298076152719,0.2193672112044,0.3611042646702,0.3937643902810,0.4362837251127,0.5738599325558,0.3545726511517,0.1278156863275,0.1974983456708,-0.0259957426114,0.0352372207593,0.5208472578496,0.4433662603834,0.4994268365465,0.5003130388046,0.5812604409708,0.8335130940093,0.3889775660733,-0.0149856469381,0.2464160252098,0.2730268760996,0.0040234119286,-0.0777814939114,0.2282488011562,0.0942696149923,0.0952155074147,-0.3128469666220,-0.1938453300982,-0.2514518539121,0.0613231678744,0.3096538463748,0.2421912726452,-0.2548147624261,-0.1029289496571,0.0216212158134,-0.1921092290518,-0.1958782470718,0.0969725988197,-0.0271525916265,0.2060610494343,0.1938403205755,0.0915411799325,-0.0455889006246,0.1566582490696
