1.0000000000000,0.5009784419159,0.7032176581458,0.6501765342250,0.7842641450509,0.6040783430134,0.5794196087985,0.2939668971962,0.4284733000392,0.4639038701579,0.4975228728998,0.3842889702316,0.4185747698585,0.5280578349267,0.4651988867963,-0.0114134383523,0.3446158559363,0.4568639877575,0.2448798409539,0.2593608254145,0.2407938543336,0.4130637068302,0.3400581960334,0.2386953514447,0.2370728070048,0.2370465622323,0.4073937161418,0.3407571860069,0.4173628567911,0.4419652910791,0.1898920589582,0.3686355557609,0.4141230699467,0.5618432948241,0.0707645358237,0.0900460101339,0.2597509020502,0.2173272666535,0.2278766056902,0.3872752009483,0.4942414518417,0.4682951080254,-0.1365285380872,0.1678116862262,0.1061999989317,0.4320731730961,0.5014913367193,0.2955236369437,0.4688578344562,0.2589375092659,0.6067466108747,0.0885051277345,0.0144620160529,0.6132712416095,0.5580495510585,0.3818871974987,0.1808696226115,0.1095433378248,0.1794543428463,0.4404510959344,0.0235005961690,0.2101767920955,-0.2757022283378,-0.1268672986703,-0.0416709909873,-0.5288169797448,-0.4141064644068,0.2391179638908,-0.0836471602523,0.2137870659652,-0.1458476268163,0.0981478128586,0.2186691513716,0.2813690302019,-0.2910478539951,-0.5440245952583,0.2859932482984,0.2502396546180,0.1004578634143,-0.0319205557464,-0.3334764635940,-0.1251631152868,-0.3789766289689,-0.5270314061792,-0.4588263925854,0.2388199046107,0.2404652313593,-0.0618047072903,-0.3457095373238,-0.1299417959882,0.0373561350292,0.2341875125225,-0.0198949767346,0.1094362760332,-0.3940359140775,0.2409396271486,0.3688339602482,0.0035220965159,0.0491392641669,-0.3216972670019
0.5009784419159,1.0000000000000,0.6072510950025,0.4818692371359,0.3495254966803,0.4038987609526,0.2952116276818,0.1849214149070,0.1422473443410,0.2081306283004,0.1198689494706,0.1472244258882,0.1714793325119,0.1295306216759,0.4236151271941,-0.1833632577591,0.0917955302062,-0.0180959448028,-0.0237869599995,-0.0169162194822,0.0050937964230,0.1553873004359,0.0691108025995,-0.1514198754596,0.2824398680154,-0.1523819825910,-0.0054823521918,0.1179895357207,0.2810466789128,0.1955326071791,-0.0207766651676,0.0954632788372,0.1210031143397,0.1871213105207,-0.1667965578320,-0.1451314252799,-0.1156388633562,-0.0250225860515,-0.0695008189627,-0.0538813811819,0.1568433074718,0.2870446641502,-0.0841433186806,0.2101124306855,0.0465128908249,0.2132603505386,0.2210279165734,-0.0192382200931,-0.0018458754691,0.1157228230832,0.2570851070173,0.4423279567259,0.0138506940106,0.5567491784396,0.3653395252775,0.3241860245088,0.0469316560386,0.0828131301894,-0.1414621725974,0.1678961885328,-0.0881535724883,-0.1681839627518,-0.2869250806739,-0.2837774463531,-0.0642592553582,-0.5125245006026,-0.4272177778377,-0.1911201971591,-0.1487560334606,-0.1289546026253,-0.2839099381565,-0.1226480211521,-0.1512174299806,0.2624719457248,-0.2147940430870,-0.3205499346477,0.0360165417547,-0.1277782332498,-0.2252751080867,-0.3493429895096,-0.3360188225386,-0.1392540281359,-0.1663860769224,-0.4247645856749,-0.1624179746115,-0.1640772058885,-0.1512009391650,-0.2380079394849,-0.2863553399739,-0.2212653153238,-0.2358394535750,-0.1565171929953,-0.0673094223224,-0.2346296916321,-0.2135009404843,-0.0680689392681,-0.1821410241086,-0.1528559642709,-0.0366757045889,-0.4370192585318
0.7032176581458,0.6072510950025,1.0000000000000,0.3952347529888,0.6924374140947,0.8148713133179,0.5109296706746,0.2848083199880,0.4238997652752,0.4345371513089,0.4307133083540,0.2861338013299,0.3073178624439,0.3417070610701,0.4497428727922,-0.0761324742097,0.2333173412194,0.2173575017374,0.2493293909285,0.2298623283224,0.0867949763375,0.2322587681170,0.1632140392317,0.1649434622617,0.2161083586335,-0.0044829911185,0.2827687995634,0.2507449581083,0.2410272263804,0.3006148962481,0.0716620382601,0.2779452886955,0.2911251982846,0.3657170315245,-0.0720880213597,-0.0373585725697,0.1516164693763,0.1099661141220,0.1290097623232,0.2505274374952,0.3511935538127,0.4238298726729,-0.0214361441852,0.1208820078703,0.1895420717365,0.2590031609506,0.4000754493586,0.2771044331102,0.2873622902798,0.2631991886549,0.4882782011519,0.4060952645919,-0.0366831959514,0.9354539342464,0.6397458498369,0.3750255378473,0.2047827035824,0.1762826185042,0.0957960861631,0.4242989977004,0.1300940429919,0.2118824816454,-0.1146191996198,-0.0712961844363,-0.0221457847424,-0.3559735219214,-0.3480857763527,0.1208671341437,-0.0211431110550,0.1608152025563,-0.1442714900525,0.0409267251637,0.1704518632111,0.2700823276656,-0.2736625106710,-0.4412513908523,0.1990577146239,0.1794408612951,-0.0251198432555,-0.1362557756870,-0.2083375036480,-0.0431258107862,-0.1884618057577,-0.3147738774703,-0.2193220986230,0.1139686959323,0.0857287511291,-0.1565840364060,-0.2155309307283,-0.1451210858931,-0.0384131275891,0.1416261125941,-0.0283297426258,0.0765767150565,-0.2609529305221,0.2645067919649,0.1490900939907,-0.1414146778534,0.1113439420028,-0.2880882220348
0.6501765342250,0.4818692371359,0.3952347529888,1.0000000000000,0.6173247179213,0.4617246426453,0.7223589636833,0.2649360860505,0.3587764214429,0.2012926468922,0.1907279847240,0.0991461127866,0.4087515528697,0.1844604476071,0.5492037573949,0.0419530406798,0.1431897243454,0.2007675806937,0.0596170268408,-0.0031294829335,0.0334573369893,0.1520456412426,0.0544773998456,0.0407933557831,0.0747091706611,0.0044857474113,0.0515780525781,0.1554460649794,0.0998225175809,0.0718747022685,-0.0134927963208,0.1300023881994,0.1678903648123,0.2551506308551,-0.0564427071230,-0.0562879527243,-0.0056285457094,-0.0155485924229,0.2222605728279,0.1928022273735,0.1948570832740,0.2098656805930,-0.1221153474231,-0.0330432942301,-0.0952289798332,0.3041499064261,0.1762633003227,0.2099321365334,0.1887825959415,0.0177602958063,0.4659444863527,0.1150500492308,0.4068331448408,0.4175543611041,0.5240247990888,0.6785459081819,0.2800450998696,0.2055684258829,0.2065443021190,0.4165652979528,0.0136314745180,0.0249608898327,-0.2757111996553,0.0379727704802,0.0977678077257,-0.3856710555064,-0.2179046574912,0.1073390908275,-0.0542776191267,-0.0164439802432,-0.1601263884967,-0.1373783362485,-0.0445343970401,0.0596533988626,-0.2724501625128,-0.3772815927618,-0.0394908994881,-0.0168231864481,-0.1709092535317,-0.1391204886825,-0.3190399978490,-0.0605784924429,-0.4238857494863,-0.4058573921923,-0.3570211722482,-0.0392473121715,-0.0370121906863,-0.0991174916567,-0.2641492208796,-0.1596201232624,0.0414369678444,0.0674369560609,-0.1350431314324,-0.1743020179388,-0.3186451640094,0.1907365036870,0.0753300994050,0.0408962294607,-0.0757246118217,-0.2872478362973
0.7842641450509,0.3495254966803,0.6924374140947,0.6173247179213,1.0000000000000,0.8313677118087,0.6934454466834,0.3842280966808,0.5299416035159,0.4634682827571,0.5131257319268,0.2877693547663,0.4240233891648,0.3760154890781,0.3838814279980,-0.0548745150612,0.2559485246671,0.3749928509767,0.3327487147322,0.2712076599860,0.1196930239357,0.3119010126444,0.1980221545066,0.2372405255302,0.2655874148161,0.0008145964294,0.1998520022806,0.0786067721347,0.2711522686061,0.2085296802760,-0.0306541529118,0.1778738626814,0.2854381782904,0.2725265192112,-0.0737156982945,0.0653118461407,0.1682680681662,-0.0139499987088,0.0860236689200,0.2583438139959,0.3829965947836,0.3189106708601,-0.2654148355669,-0.0849260606053,-0.0680245115672,0.1789320673363,0.3044456019785,0.2902276126441,0.3561483912032,0.0840767184517,0.6864399927214,0.0522830455783,0.2072830056099,0.7250977411253,0.8454170924848,0.5411930912463,0.3410753907534,0.3189731242932,0.3057209572944,0.5741594768192,0.2318649032637,0.3359400204940,-0.0799961598600,0.0762720997168,0.1050035239196,-0.4024881400821,-0.3292746418530,0.3104177004411,0.1319797377924,0.2248659594133,-0.0189406212552,0.0736137354102,0.2738340646048,0.2664716476945,-0.2818297164640,-0.4201612222249,0.0947186308875,0.1614004652189,0.0770505896386,-0.0052577638238,-0.2663996401998,-0.0427268162126,-0.2864086037785,-0.3934639836920,-0.3721549243297,0.0723267037574,0.1666664066668,-0.1352927312079,-0.3265161907313,-0.2316986533257,-0.0388031650021,0.1627218820058,-0.1205093108633,0.0398663880240,-0.3036645260542,0.3454357204912,0.3561324246911,0.1086706546533,0.0355907006420,-0.3253779492963
0.6040783430134,0.4038987609526,0.8148713133179,0.4617246426453,0.8313677118087,1.0000000000000,0.7028824868738,0.3444809662794,0.4509965470207,0.3898316424824,0.4107236696883,0.2115718663832,0.3461473728854,0.2568026407826,0.4304400603446,-0.0499955537841,0.1698054574744,0.1854893270510,0.2621638430521,0.2083580171561,0.0110885327020,0.1644666073080,0.0587801751329,0.1859082672041,0.1722128959644,-0.0553504917036,0.1716305091400,0.1482285594446,0.1280801214074,0.1570680581659,-0.0105222081595,0.1721760410677,0.1941453233316,0.2440944823770,-0.0649286663957,-0.0572728093162,0.1823584394463,0.0308783267772,0.1513737935562,0.2625988180971,0.2484993233809,0.2766597290147,-0.1021163717392,-0.0813814495954,0.0182161004765,0.1014506413143,0.2275455978562,0.3793180334612,0.2579776150379,0.0898222468618,0.5403912476604,0.2609830137591,0.1424633933751,0.8785899926462,0.8629038682327,0.5394171169484,0.3252060902961,0.3119493068671,0.2368855228934,0.4918050832336,0.2349011203614,0.2857926686412,-0.0257609172369,0.0692456413202,0.1072080663603,-0.2875871512503,-0.2574477575902,0.1588329238320,0.0708752179668,0.1396980147963,-0.0974713081013,0.0058785393857,0.1789537747290,0.2114797618777,-0.2994444422144,-0.3567882209692,0.0649863708164,0.1242466105973,-0.0351170141136,-0.0792191127156,-0.1961465733877,-0.0431460084737,-0.2011704428888,-0.2455992504660,-0.2518521492626,0.0261505641754,0.1213073009938,-0.1076081973503,-0.2555578056860,-0.1767305033382,0.0242496441375,0.1724014428596,-0.1222050691781,-0.0374410450960,-0.2878153751234,0.4388642970788,0.2072202885440,-0.0749871727903,0.0530583122216,-0.2803434932133
0.5794196087985,0.2952116276818,0.5109296706746,0.7223589636833,0.6934454466834,0.7028824868738,1.0000000000000,0.2844254815018,0.3931005575376,0.1589863731995,0.2367487007285,0.0476097527869,0.3761460684862,0.1552780039506,0.3648416022626,0.1235726661884,0.1225890776632,0.2349181363263,0.1445489523201,0.0431940089857,0.0150649815569,0.1061220376360,0.0361184941184,0.1542213279875,0.0464039372463,0.0792658813145,0.1005623312551,0.1729411786416,0.0745494736745,0.0237180165551,0.1208868004100,0.1819793899671,0.1772238076852,0.2945293103432,0.2358869171465,-0.0464634007139,0.2325503154847,0.0572405308318,0.3552853354363,0.2055713873265,0.0952065251956,0.1209393096401,-0.1174337979555,-0.1396955883528,-0.0989181193682,0.1634249220910,0.0864288759587,0.3528826097533,0.2144373069313,-0.1200316207800,0.5374493295116,0.1806385311172,0.3667723892021,0.5802875491304,0.7031189611370,0.7426710803185,0.3472776043534,0.2810626942652,0.2512597841210,0.4300395610271,0.0770651587726,0.1777292312526,-0.1073996421168,0.1834820552790,0.1621820129951,-0.2384465659707,-0.0641537015747,0.1793594393575,0.0045320236479,0.0215001516959,-0.0898816316032,-0.0626947072554,0.0753677694496,0.0709421622953,-0.2509227444207,-0.2458230335121,-0.0216561706420,0.0339606558546,-0.0511802463975,0.0302146375014,-0.1780928688345,-0.0281899144380,-0.3539548162506,-0.2177866533432,-0.2776639643262,0.0056153554013,0.1486426279500,0.1190273083060,-0.2377610254844,-0.0746978055042,0.2002317831137,0.1140745915977,-0.1598922184948,-0.1659577598138,-0.3221942818691,0.3952375936589,0.2180188011190,-0.0603537777077,-0.0543091120294,-0.1733857592183
0.2939668971962,0.1849214149070,0.2848083199880,0.2649360860505,0.3842280966808,0.3444809662794,0.2844254815018,1.0000000000000,0.5576937269936,0.4996438822055,0.5609816615667,0.4513462000315,0.6051851115909,0.2806760438120,0.2086811538446,0.0651100018327,0.5144338144743,0.5840039883324,0.5275602937585,0.6589211828128,0.3033836571687,0.3831599132765,0.3434988537240,0.3696885716621,0.4478592369875,0.0605851003514,0.3478189986677,0.1136199977971,0.3228564717435,0.1940804380259,0.0948136742934,0.3119795453589,0.4660037088704,0.0942347454655,-0.1494090781757,0.1661484323180,0.0219977398125,0.0474720032835,-0.2324820227788,0.0786676183072,0.3252085651190,0.3403495177735,-0.2147687404832,-0.0718705171265,-0.0175232499097,0.2663668255797,0.3445869676996,0.0282446537583,0.2097820511353,0.0275463195375,0.1665924247340,-0.1866105122702,-0.0143462934304,0.3229187308458,0.3871184409137,0.1598255977966,0.4987369140718,0.6453610299249,0.4812802547310,0.5459391064003,0.2311062208190,0.3860358134403,-0.0430527954287,0.1248915666332,-0.0629477407467,-0.4082052145825,-0.3040835296291,0.4214367512517,0.1749937725502,0.4447766986351,0.1408588584732,0.2607385503998,0.3400862094178,0.5483553369975,-0.2002582774826,-0.3268843625327,0.2277415858598,0.1574462394062,0.0842206204452,0.0561783304055,-0.1824898537332,0.2005688430127,-0.2465325201293,-0.4288199541183,-0.2996684664168,-0.0226946134355,-0.0590734841671,-0.2703816634832,-0.4259685144409,-0.2714622697443,-0.2744506643539,-0.0954608726125,-0.1872842432666,0.0810975115012,-0.2483848656864,0.0069943381821,0.1621491515696,0.1271169694311,0.0302264626061,-0.3241936706309
0.4284733000392,0.1422473443410,0.4238997652752,0.3587764214429,0.5299416035159,0.4509965470207,0.3931005575376,0.5576937269936,1.0000000000000,0.5514679061904,0.5983112697416,0.4336302309643,0.5586034952190,0.3840694317660,0.3738799355065,0.1229664856757,0.3874907152040,0.3629447897611,0.5510164336920,0.4897870301453,0.3277989238436,0.2947900635729,0.2156143631987,0.5637022374814,0.2680689416532,0.1368654657435,0.3281686024041,0.3162856127575,0.1779322483800,0.2783965146812,0.0428360810742,0.2985354520193,0.3188274738440,0.3142225328014,-0.0008915882822,0.2512515768504,0.2897412627185,0.0706652048595,-0.0420890400258,0.2479041615742,0.2978642466230,0.3263939409412,-0.1662548187260,-0.0880177271025,-0.0176157726508,0.2140785598550,0.3534524605737,0.1850068854973,0.3137574157326,0.1870273911330,0.2533065172675,-0.1177598666406,0.0163975620635,0.4154846026092,0.4275759052844,0.2186092236876,0.3819377151749,0.4463248541552,0.4625602265977,0.8606801399185,0.2630931185355,0.4260310373156,-0.0135952511454,0.1501353956926,0.0228791787102,-0.3182680065938,-0.1997910590716,0.3791877753965,0.3187516629098,0.3922320579899,0.1524140297955,0.1747737010634,0.5302390144205,0.3791017884495,-0.1935235600941,-0.3457791847036,0.1610427433861,0.2824464085451,-0.0524592649988,0.0362668123648,-0.1174980610189,0.0067696106554,-0.2299988588180,-0.3719449642576,-0.3914856488779,0.2130378875534,0.2117508406306,-0.0862489614300,-0.3207299881286,-0.2255672756498,-0.0949188790223,0.0827168806103,-0.1060754427947,0.1612422707698,-0.2373876365912,0.1769861112431,0.2171379520522,-0.0575009715691,0.0052170312717,-0.2039969863565
0.4639038701579,0.2081306283004,0.4345371513089,0.2012926468922,0.4634682827571,0.3898316424824,0.1589863731995,0.4996438822055,0.5514679061904,1.0000000000000,0.7554081850533,0.8350443517230,0.6023250735628,0.5658553855569,0.4487788248741,0.1242795778924,0.6280101578601,0.4688462933124,0.5469457592291,0.6039517126564,0.5164125832911,0.7181486040996,0.5303113048479,0.5556223174272,0.2876343100071,0.2241133088938,0.4909129320304,0.3078256222822,0.3901681412735,0.3532483425933,0.0818331795745,0.4554541369005,0.4487013013239,0.3771796427940,0.0097690822060,0.3319386089588,0.3136169932803,0.0363116593706,-0.1927334788658,0.2031793072753,0.5037702740306,0.6439420684509,-0.2515928078137,-0.0941565363359,-0.0591967632282,0.3976602246821,0.5529640651915,0.1235428277509,0.3996837588317,0.4024012022361,0.1010007118271,-0.2155479288241,-0.2600928731214,0.4016583199064,0.3226476668829,-0.0891694196628,0.2295613846077,0.3314172435388,0.2424308637120,0.5146825590454,0.4367634162160,0.4375198918441,-0.0044735388487,-0.0860221063976,-0.1305538968839,-0.4223144348296,-0.3023142595467,0.4649465345799,0.2379504655249,0.4831310385627,0.3306708378215,0.4885422769921,0.5813094072016,0.4706543972168,-0.1898531589902,-0.5037983817609,0.3763997567496,0.2016972156077,0.0689239850022,0.0553136758000,-0.0584497089128,0.1331844940176,-0.2589486999912,-0.5144427819276,-0.4619706717112,0.3326022018365,0.2244994091864,-0.0954128298525,-0.4626818362350,-0.3045680535115,-0.1907891191006,-0.0210780111390,-0.1775155408403,0.2299581080499,-0.2636739887150,0.0637871616412,0.1731670067077,0.1299255151283,0.1437384372404,-0.2096806624444
0.4975228728998,0.1198689494706,0.4307133083540,0.1907279847240,0.5131257319268,0.4107236696883,0.2367487007285,0.5609816615667,0.5983112697416,0.7554081850533,1.0000000000000,0.7434082848850,0.6327200532698,0.5805557049562,0.3235280782890,0.1889877033474,0.6148913029224,0.6170288524592,0.5415690202529,0.6299754360980,0.5295291402494,0.7029488613664,0.6769083780015,0.6176560089017,0.4075359678837,0.3524859403069,0.6502036839282,0.2815051670062,0.4853990359680,0.4397088843988,0.2395531479366,0.5388994821361,0.5816145278938,0.4114734491907,0.1199644403343,0.4121507426320,0.3690031165832,0.1845064785852,-0.0475669517662,0.3519547828000,0.5706430746482,0.5522253157969,-0.1425367315696,-0.0032176564575,0.0442156982475,0.4335091251057,0.5925204193597,0.2285804189101,0.5401245795577,0.2944292571989,0.1709503611073,-0.3340157409895,-0.2928641308494,0.3802068933711,0.3349394439516,-0.0900134460673,0.3024738622116,0.3079942613283,0.2798250269249,0.5157647525021,0.2084930770838,0.5144475940192,-0.1157197178847,-0.0492295551221,-0.2551576027493,-0.4279177960594,-0.2862065307884,0.4947254680113,0.1411415322594,0.5773458325754,0.2291133413299,0.4741361943933,0.6193699673256,0.5551619285538,-0.1435792932587,-0.4689792606503,0.5436744565823,0.3448077540112,0.2063031459023,0.1791553806083,-0.0779194798112,0.0935254488739,-0.3097680399164,-0.4735702887363,-0.4223552833720,0.2937665392823,0.3093860972128,-0.0238734716749,-0.4355111318147,-0.1668471861361,-0.0796055776209,0.0890218533092,-0.1479932138625,0.3008567192662,-0.3436009741611,0.1749423732701,0.3441410387979,0.0927124886252,0.0389559975819,-0.2219224696487
0.3842889702316,0.1472244258882,0.2861338013299,0.0991461127866,0.2877693547663,0.2115718663832,0.0476097527869,0.4513462000315,0.4336302309643,0.8350443517230,0.7434082848850,1.0000000000000,0.5985638461152,0.6615877590423,0.4673478631300,0.2807462807995,0.7907299648726,0.5493223450958,0.5504107264998,0.6101464394398,0.6855219740392,0.7986811566266,0.6674529300851,0.6149308062223,0.2156558552548,0.3590268056004,0.5715352080263,0.3046175810830,0.4591812019221,0.4708832540308,0.2474909431871,0.5462813361207,0.4752125592554,0.4005182007488,0.1827826551684,0.5052821179709,0.3774046425564,0.1757134889252,-0.1375368287940,0.2864944222005,0.4815567447223,0.5464463908752,-0.1258071438956,-0.0377326163190,-0.0006646549582,0.4660958929712,0.6005054217945,0.2002886788794,0.4940646720097,0.4246240394407,-0.0778492980681,-0.3293295131447,-0.4606667076223,0.2258191221481,0.1036781343479,-0.3052708806286,0.0926852234500,0.1730685196947,0.1297546371771,0.3421707160677,0.2031131389630,0.3697058744017,-0.1586831840898,-0.2575403045346,-0.2874836640390,-0.4266432845106,-0.2369371691299,0.4985602327152,0.1595812985752,0.5502629007896,0.3712998346349,0.5005359432495,0.6054910476321,0.4536954778000,-0.0955523167575,-0.5309181208743,0.5040161022616,0.1883293277346,0.0876569404175,0.1645723709193,-0.0171323662122,0.0761876443058,-0.3170608731497,-0.5218252895456,-0.4375795562198,0.3072782958355,0.2776530444943,0.0221058066331,-0.5075508270036,-0.2004237091259,-0.1309680022105,0.0175814680499,-0.2012346263315,0.1525977903435,-0.4579025043094,0.0642896415676,0.1246360139340,0.0133544391206,-0.0504261355155,-0.2287038626039
0.4185747698585,0.1714793325119,0.3073178624439,0.4087515528697,0.4240233891648,0.3461473728854,0.3761460684862,0.6051851115909,0.5586034952190,0.6023250735628,0.6327200532698,0.5985638461152,1.0000000000000,0.4082236764158,0.3787125576290,0.1477233337471,0.5813474926268,0.4937941913727,0.3325040239371,0.4924403949902,0.5139700789289,0.5456985074000,0.5078583436116,0.4366046000513,0.3945944202844,0.2832704707221,0.5087073581331,0.2700653756242,0.4176007482497,0.2865205883202,0.1205401408151,0.4933717116857,0.5530604631043,0.3208282182160,0.0125929332497,0.2925603285932,0.1506144640553,0.0973407428241,-0.0955139218481,0.2059057936873,0.3807563354586,0.4420975134526,-0.1800112731878,-0.0389699767516,-0.0459569041179,0.4746530832199,0.5135555683569,0.1079174072072,0.3732727349124,0.1469127593020,0.1841762800605,-0.2431186885428,-0.0632754109112,0.3393861278802,0.3778164204049,0.2086431716527,0.5672631111002,0.4754158828963,0.3297565958587,0.5943486217919,0.1736432948232,0.4476155589457,-0.1194804383062,0.2362425651039,-0.1335510011684,-0.4299494345413,-0.2736990436751,0.4788391350859,0.1245665815875,0.4526289050643,0.2259919282926,0.3475384028587,0.4152499850343,0.5364358557548,-0.1438026283864,-0.4487020407243,0.3437930167289,0.2132975293986,0.1078144190468,0.1153704723326,-0.1262156100038,0.1747566278714,-0.4130218883887,-0.5205883775383,-0.4354312277998,0.2105021442822,0.0977060557890,-0.0560715399481,-0.4377597780014,-0.2296944740011,-0.1495707330077,-0.0270063744536,-0.1634906139717,0.2019030183177,-0.3397333583342,0.0691457691853,0.2198611163916,0.1439261461496,-0.0010142097436,-0.2075104446434
0.5280578349267,0.1295306216759,0.3417070610701,0.1844604476071,0.3760154890781,0.2568026407826,0.1552780039506,0.2806760438120,0.3840694317660,0.5658553855569,0.5805557049562,0.6615877590423,0.4082236764158,1.0000000000000,0.4549862829209,0.5285347814129,0.7076751836719,0.5271357432669,0.5292971162980,0.4864617017212,0.6506495417257,0.5902331069302,0.5631210132723,0.4609663238286,0.2045156738280,0.4083772806724,0.5213206233193,0.4130964989279,0.4275239288330,0.6443656828704,0.4860435256254,0.6265187467507,0.5632329265969,0.6161755246619,0.3017249083952,0.4942361710142,0.3883713574186,0.4331248002314,0.0289825356658,0.4326304080322,0.4786384335787,0.4698052589084,-0.0424597150761,0.0519252728864,0.1523404608371,0.4495747761357,0.6586928074123,0.2985978525574,0.6934250802152,0.4903050053674,0.0170149564911,-0.2990540978512,-0.4594653594747,0.2173041118213,0.0762832911778,-0.2586298402014,-0.0183061200567,0.0023911882404,0.1430984750317,0.3506199698984,-0.0809433688235,0.1891566219619,-0.3422868544707,-0.3382626235810,-0.2451539807066,-0.4150905278509,-0.0728911851112,0.4048700596325,0.1434414863622,0.4888279410830,0.1252626747608,0.3078794783160,0.4492080753779,0.3322492373703,-0.0709668283843,-0.5611892642039,0.4822422969423,0.2529447863348,-0.0196492552698,0.2628921270253,0.0602022573387,-0.0047135439996,-0.3690621293265,-0.4828662770988,-0.4745531779537,0.4040913618249,0.3576135620287,0.1440636068378,-0.5094103276996,-0.0793534650297,-0.0352766055475,0.1353405210708,-0.2088676533651,0.1769227521553,-0.5029141766507,0.1706444906609,0.2770418610607,-0.2237187686999,-0.1949075789088,-0.2619629232533
0.4651988867963,0.4236151271941,0.4497428727922,0.5492037573949,0.3838814279980,0.4304400603446,0.3648416022626,0.2086811538446,0.3738799355065,0.4487788248741,0.3235280782890,0.4673478631300,0.3787125576290,0.4549862829209,1.0000000000000,0.2438539904506,0.3935744332203,0.1789563356809,0.2266899246577,0.1939429467293,0.3535756005566,0.2967177321898,0.1208942463760,0.3567435098161,-0.1269415338743,0.1372387426621,0.2247209538309,0.3963169169547,0.1886998054528,0.4208834190656,0.1377467185696,0.2846033985991,0.1848929642092,0.4221194972087,0.1320311327717,0.2166038075678,0.2579486661236,0.2099726448643,0.3181462510895,0.3514078473713,0.2807574296625,0.4209377768542,0.1455280861714,0.1291240331110,0.2058555129653,0.3648240631836,0.3846546697329,0.4143896379185,0.3386393531828,0.6185576882789,0.0493582494312,0.0408957350005,-0.1354613890391,0.4269538689017,0.2758052599486,0.1650689467782,-0.0105398164329,0.0448760725215,0.0727006415519,0.3618851727160,0.0388466968953,0.1269520464047,-0.2767559989721,-0.1858704139096,-0.0894729191050,-0.2071827709835,-0.1421505253488,0.1354756190755,0.0122165697370,0.1366784449148,-0.0044563186909,0.0040873259558,0.2219185280678,0.0305034990698,-0.1911165333715,-0.4665046694642,0.1444485050910,0.1099415738430,-0.1854754954706,-0.0654029483204,-0.1683004698054,-0.1643823128225,-0.2571276360700,-0.3507191378528,-0.3124095275360,0.1746183202961,0.2239669293134,0.1539277087668,-0.1576296743380,-0.0374230829144,0.2105270406581,0.2095487811244,0.0047571731150,-0.0881108067717,-0.3628622380467,0.3118978649342,-0.0496561624593,-0.2535710028264,-0.0078838709899,-0.0734964797501
-0.0114134383523,-0.1833632577591,-0.0761324742097,0.0419530406798,-0.0548745150612,-0.0499955537841,0.1235726661884,0.0651100018327,0.1229664856757,0.1242795778924,0.1889877033474,0.2807462807995,0.1477233337471,0.5285347814129,0.2438539904506,1.0000000000000,0.4887787931617,0.2820418976974,0.4354875819248,0.2892704618320,0.4156233650538,0.2224557427392,0.2813060559818,0.2457391305539,-0.0254151632036,0.3284321112487,0.2554069440795,0.1468287716995,0.0494143901708,0.2072812854718,0.6308840936370,0.4421707419108,0.3116605418572,0.3077842127402,0.5568826812530,0.5200553922454,0.2860490489428,0.4250689255060,0.1341613919407,0.2130135700337,0.0937437171798,0.0425681707153,0.2077133273864,-0.2003769097132,0.0786028120318,0.1528051985597,0.2233576478827,0.3438267216559,0.4587703372209,0.1454599795209,-0.2721150325355,-0.2981896306073,-0.2828549314704,-0.1128069397912,-0.1892516137914,-0.2413653103926,-0.1138721307666,-0.1027158410553,0.0437460467313,0.0888577156487,-0.2093972400614,-0.0216255705350,-0.2421120289794,-0.1883773345302,-0.2048576973712,-0.0133899075072,0.5651410766977,0.2591142760699,0.2624977271983,0.3474622356141,0.1201194529128,0.0502656940566,0.1911525168642,0.0444379087101,0.1196949504305,-0.1845625726175,0.3155143970583,-0.0376471166912,-0.2375050402825,0.4348045576114,0.2769120757110,0.1001411202451,-0.2872828345475,-0.0095787850734,-0.1450198465222,0.1180979874391,0.2396063366111,0.3903874929052,-0.3358828199954,0.1615294079805,0.1137110970670,-0.0117003232086,-0.3682494631335,-0.1087526099192,-0.4054892618845,0.2553833614688,0.0419867564042,-0.2863872801130,-0.3632855318201,-0.0855901273351
0.3446158559363,0.0917955302062,0.2333173412194,0.1431897243454,0.2559485246671,0.1698054574744,0.1225890776632,0.5144338144743,0.3874907152040,0.6280101578601,0.6148913029224,0.7907299648726,0.5813474926268,0.7076751836719,0.3935744332203,0.4887787931617,1.0000000000000,0.6964003721031,0.5880127022676,0.6667676636611,0.7619719013953,0.6981331278294,0.6552762687697,0.5344630176543,0.2741319722729,0.3810281402271,0.5733101696753,0.2630028703362,0.4450325308039,0.4420947596897,0.4553223115839,0.6310787169103,0.6492231044334,0.3784872320748,0.2185103756945,0.5491719617773,0.2478526051930,0.2920697582048,-0.1634500430170,0.2762754300647,0.4780382672243,0.4459966611063,-0.1008521405923,-0.0503696419898,0.0497283959638,0.5346510889590,0.6538993123462,0.1749610385535,0.5593076972492,0.3101546044076,-0.1016397382130,-0.4271145449759,-0.4638590312805,0.1879230469047,0.0885060224026,-0.2821012410363,0.1571538446138,0.1610927631278,0.2162938093514,0.3157136721741,-0.0215622095442,0.2672203967459,-0.2866353483985,-0.2409679469180,-0.3366078276568,-0.4140138493375,-0.1073159827424,0.6236728579648,0.1789064821888,0.6764882484585,0.3388181691877,0.3960696004351,0.5298339822841,0.4875169738174,0.0269834030609,-0.5120237857941,0.5446414492169,0.1822441530432,0.0241047064553,0.3623722582902,0.0623848691819,0.2328961873619,-0.3796556597686,-0.5148927280748,-0.3752650732831,0.2659186772568,0.1597901053408,0.0096200714200,-0.5333732208831,-0.1253555590555,-0.1836851898338,-0.0379067237502,-0.2464475861160,0.1579262283581,-0.4741445520494,0.0392983861237,0.1201969858272,-0.0539650373628,-0.1987655430119,-0.2570202722314
0.4568639877575,-0.0180959448028,0.2173575017374,0.2007675806937,0.3749928509767,0.1854893270510,0.2349181363263,0.5840039883324,0.3629447897611,0.4688462933124,0.6170288524592,0.5493223450958,0.4937941913727,0.5271357432669,0.1789563356809,0.2820418976974,0.6964003721031,1.0000000000000,0.5241965152049,0.6701859752560,0.4672573924907,0.5753069118536,0.5998035029100,0.4896186052600,0.3094007588024,0.3877048329676,0.6022799405558,0.2580946802259,0.5044243836394,0.3525842239192,0.3917225753925,0.4826593618489,0.6248866664436,0.3580676896883,0.1577792926370,0.3912985092109,0.1823036335640,0.2964812822045,0.0306678203480,0.3303766269098,0.4872548589840,0.3795568546392,-0.1506018365508,0.0760485179031,0.1100055740427,0.5172373465395,0.5224922320666,0.2164152410370,0.5321756541670,0.1322414182220,0.2211069984335,-0.3655929742267,-0.1680252535275,0.1655140593163,0.1886189151507,-0.0504046768690,0.3406925377373,0.2861191904453,0.3984056070616,0.3319165877528,0.0581349624653,0.4454118630056,-0.1150133487593,0.0367586026658,-0.1476363678145,-0.3036679022437,-0.1642580646835,0.6972479098270,0.0693992081520,0.6166709942595,0.2397673198211,0.4090143210076,0.4662913890123,0.4502624476360,-0.0918379619739,-0.3796748874099,0.4550251347927,0.3528644871863,0.3202655252677,0.3952907224879,-0.1271111394206,0.2306283888939,-0.3020807340897,-0.4152019861507,-0.3195074471474,0.1819929265378,0.1879700888436,-0.0390998303664,-0.3737361157631,-0.0196414921245,-0.0434099700104,0.1319820432598,-0.0774859232580,0.3060124122892,-0.3158982130248,0.1665074133637,0.4005758507669,0.1654768293148,0.0026679807436,-0.1691994740764
0.2448798409539,-0.0237869599995,0.2493293909285,0.0596170268408,0.3327487147322,0.2621638430521,0.1445489523201,0.5275602937585,0.5510164336920,0.5469457592291,0.5415690202529,0.5504107264998,0.3325040239371,0.5292971162980,0.2266899246577,0.4354875819248,0.5880127022676,0.5241965152049,1.0000000000000,0.6193057638707,0.3232744090704,0.3746559478081,0.3532116775199,0.4882148883645,0.3197297295493,0.0992385376598,0.3289151767820,0.0852665067200,0.1628540382447,0.2078632164541,0.2338556535199,0.3506650619241,0.3319892561489,0.2688316771245,0.0815666741665,0.4384998040233,0.2541634127390,0.0855395992085,-0.1618814431750,0.1480849385458,0.3220516209711,0.2470197375695,-0.1018801568724,-0.2245581858405,0.0097516376829,0.1164873987739,0.3856389270200,0.1367364949396,0.2928664934579,0.2001209859229,0.0264208505313,-0.2333100784698,-0.1893562863086,0.2252197438121,0.1853279465923,-0.1001511239742,0.1117741676962,0.3397991625942,0.3965449423670,0.4792206446551,0.1736457048819,0.3492854090043,-0.0684146029232,-0.1239634549607,-0.0607963069878,-0.3077482092379,0.0063352477115,0.4781846082627,0.6073848881223,0.4769773010798,0.1786738951154,0.1822685378395,0.5101121402616,0.3939093916108,-0.2237849267539,-0.4148121900414,0.2024937387406,0.0808142126963,-0.0913367501981,0.1512628367280,-0.0821335873729,0.0317769609386,-0.3104470806363,-0.2903545399243,-0.3931462932891,0.0951898290265,0.1273388380753,-0.0921654243642,-0.4326521220817,-0.2892759888460,-0.1976212098241,-0.0493955433356,-0.3860750839428,0.0119574418651,-0.3289220292655,0.0929169393074,0.0924194901965,-0.0241317334828,-0.1277100908822,-0.3955684089990
0.2593608254145,-0.0169162194822,0.2298623283224,-0.0031294829335,0.2712076599860,0.2083580171561,0.0431940089857,0.6589211828128,0.4897870301453,0.6039517126564,0.6299754360980,0.6101464394398,0.4924403949902,0.4864617017212,0.1939429467293,0.2892704618320,0.6667676636611,0.6701859752560,0.6193057638707,1.0000000000000,0.5424480533375,0.4906982876662,0.5122405437685,0.5464088584192,0.4137342116854,0.4260654072492,0.5914625179285,0.2307085862885,0.3642317677201,0.3884526551998,0.1963623179727,0.4484507572960,0.5700534311987,0.2499272001936,0.0359338418807,0.4608101511342,0.1743224361391,0.2871613603540,-0.2445820049772,0.2000138263038,0.3905145622441,0.3572497551085,-0.1804750948693,0.0630711106437,0.1337381257987,0.2673975502636,0.4554723362155,0.0887821752424,0.3316456645382,0.2032140961405,0.1213133839728,-0.2320000409500,-0.1718336936331,0.1663967447788,0.1820692410965,-0.1856539025099,0.4020051997339,0.4177887072394,0.5283443137329,0.4500296883633,0.2768353217897,0.5174144296767,0.1010160525778,0.1146776990118,0.0055689237925,-0.2489169765289,-0.1397988281777,0.6751693716474,0.3194746515927,0.7865416525508,0.4084110728599,0.5237843107135,0.6042439533563,0.6088635186261,-0.0677958779358,-0.2041695626158,0.3890221012947,0.3421965887550,0.2842419352650,0.3433954966520,0.0104730929650,0.2805952681173,-0.1415615706274,-0.3510582385958,-0.2689005834083,0.2997229158584,0.1535089188945,-0.1184133471526,-0.3921146695241,-0.1269924490141,-0.2996626724957,0.0243130744963,-0.0125238839291,0.3836470859344,-0.2079449978793,0.0645829181486,0.3336639583801,0.0999190053276,0.0786218741092,-0.1034393617840
0.2407938543336,0.0050937964230,0.0867949763375,0.0334573369893,0.1196930239357,0.0110885327020,0.0150649815569,0.3033836571687,0.3277989238436,0.5164125832911,0.5295291402494,0.6855219740392,0.5139700789289,0.6506495417257,0.3535756005566,0.4156233650538,0.7619719013953,0.4672573924907,0.3232744090704,0.5424480533375,1.0000000000000,0.6641691264956,0.6687668471572,0.5769026219150,0.1907425530753,0.6171669461893,0.6265435221205,0.3031836172659,0.4442831890108,0.5106218274830,0.4544863322075,0.5739473785904,0.5446544281420,0.4115619307889,0.3988279485669,0.7074127884241,0.4194394744255,0.4282038379072,-0.1180892307093,0.2326532451460,0.3105924393806,0.3212066515141,0.0159990000134,0.0479525248950,0.0536780698078,0.4429148900585,0.5686049708184,0.0364449014129,0.4733200698627,0.3659842506657,-0.1131162591253,-0.4119504833793,-0.5127737277776,0.0082962448409,-0.0660471748739,-0.3628798162756,0.0867134274284,-0.0177116835354,0.0537898424370,0.2436645026599,-0.0238767407322,0.2219074540160,-0.2181175030506,-0.1567399712037,-0.2953293254084,-0.2755456145914,-0.0455591160596,0.5119962592480,0.1319941066550,0.6307222751731,0.4785961757277,0.5699372317716,0.6206885123344,0.4467963001799,0.3277058537913,-0.2664400859537,0.5957673632068,0.1817755131464,0.1187986321128,0.4366216987430,0.2161715984115,0.0714585498704,-0.3585377937833,-0.3945423955208,-0.3391913565369,0.5104227614098,0.3876122326048,0.3192739097679,-0.3433963684333,-0.0096931715316,-0.1257323025280,-0.0596981913141,-0.0371718829964,0.2790574163754,-0.3087541202487,-0.0593029722704,0.1507191609787,-0.1105173141876,-0.2324867531470,0.0585528231352
0.4130637068302,0.1553873004359,0.2322587681170,0.1520456412426,0.3119010126444,0.1644666073080,0.1061220376360,0.3831599132765,0.2947900635729,0.7181486040996,0.7029488613664,0.7986811566266,0.5456985074000,0.5902331069302,0.2967177321898,0.2224557427392,0.6981331278294,0.5753069118536,0.3746559478081,0.4906982876662,0.6641691264956,1.0000000000000,0.7946357876881,0.4480920963018,0.3204146971236,0.3863208041107,0.6005861828400,0.2312072700619,0.6314008764527,0.4183512387167,0.3371608949313,0.5606280982354,0.5600419715482,0.4078602249734,0.2044727966936,0.4397160946063,0.3142956860788,0.2215166474992,-0.1113302832898,0.2759740129464,0.5638252050148,0.5258579398251,-0.1494563554644,0.0234733761498,-0.0283597113741,0.6048576654951,0.6278269362110,0.0852391697013,0.5364993716506,0.3024004769912,-0.0046689628470,-0.4464207108418,-0.4366700022344,0.1653353444471,0.1220685124169,-0.2705683266295,0.1030193325915,0.0615484156323,0.0423494569410,0.2177479997399,0.0653614385214,0.2383980468201,-0.3146535168930,-0.2863873621304,-0.3843104811262,-0.4950911217634,-0.2705325979539,0.4216087933340,0.0022492862974,0.5281472767839,0.2878323728133,0.5493841940021,0.4699343088500,0.4798068239791,-0.0122759229844,-0.5339080070026,0.6003371433307,0.1358716159872,0.2371851802177,0.2231595100029,-0.0164831363451,0.1104004394894,-0.4126949683791,-0.5629972292974,-0.4208821586169,0.2753638584460,0.2346988225918,0.0117168584723,-0.5227717760946,-0.1416227150910,-0.1615779535859,-0.0786781081022,-0.2079119123558,0.2229180634463,-0.3777555198163,-0.0210286994498,0.2052060263249,0.2191311304037,-0.1039229530902,-0.2269738260179
0.3400581960334,0.0691108025995,0.1632140392317,0.0544773998456,0.1980221545066,0.0587801751329,0.0361184941184,0.3434988537240,0.2156143631987,0.5303113048479,0.6769083780015,0.6674529300851,0.5078583436116,0.5631210132723,0.1208942463760,0.2813060559818,0.6552762687697,0.5998035029100,0.3532116775199,0.5122405437685,0.6687668471572,0.7946357876881,1.0000000000000,0.3957009025036,0.4954297370039,0.5172131028093,0.7694189037939,0.1779055528931,0.5901954482288,0.4121649073273,0.4998671698917,0.7449822572934,0.7594917269422,0.4280307639200,0.2221553076510,0.5187757872159,0.2633472974608,0.3389577430223,-0.1318653856759,0.2280436107646,0.5974783531203,0.5641206459039,-0.0515413886762,0.0888573763977,0.0919128327173,0.6414537429989,0.6996611170936,0.0213199968585,0.5315902471252,0.2392810407745,-0.0446287167343,-0.4887085767090,-0.4845028066222,0.0796883517095,-0.0044815206985,-0.3297780803852,0.1581627108395,-0.0142870976765,0.0126773471049,0.1169809479553,-0.1341350185402,0.1763465567132,-0.3476852792487,-0.2828955264514,-0.5003178210657,-0.5100545982456,-0.2400759295809,0.3845164553862,-0.0766257056417,0.6099051131789,0.1817817121671,0.5719028699343,0.4242382049512,0.6365807871665,0.0302265874335,-0.4418374016702,0.7705234502797,0.1646188284126,0.1970164987949,0.2180305908528,0.0143778400912,0.2072720266632,-0.4208047687454,-0.5388888553160,-0.3267970298817,0.2781408359929,0.2168511220164,0.0154794483180,-0.5127412260100,-0.0981455929641,-0.2005838448887,-0.1274401422089,-0.2420514880075,0.3180513612622,-0.3298504639280,-0.0823407344155,0.1697458101509,0.1860081411232,-0.0503020978091,-0.1889057287227
0.2386953514447,-0.1514198754596,0.1649434622617,0.0407933557831,0.2372405255302,0.1859082672041,0.1542213279875,0.3696885716621,0.5637022374814,0.5556223174272,0.6176560089017,0.6149308062223,0.4366046000513,0.4609663238286,0.3567435098161,0.2457391305539,0.5344630176543,0.4896186052600,0.4882148883645,0.5464088584192,0.5769026219150,0.4480920963018,0.3957009025036,1.0000000000000,-0.0085534182079,0.4144595297820,0.5125018702618,0.3283970666721,0.1601642470891,0.2641758372974,0.1552681158780,0.3471234857183,0.2734769622269,0.3493080582956,0.3512414801696,0.5478065935085,0.5199103213871,0.1604699149342,0.0921918233378,0.2740768791892,0.1953585374337,0.2504516552340,-0.1565209417266,-0.1518602518196,-0.0506495820942,0.2727945448620,0.2942447357733,0.3000701874514,0.3619710738399,0.2974419647641,0.0557723373444,-0.2262159102501,-0.2294462761908,0.1371006596235,0.0786033688830,-0.1486467903344,0.1040829797508,0.1817803087967,0.2444408303617,0.4208296896114,0.3041891962539,0.5121377681979,0.1007889233012,0.1147501972167,-0.0180950974723,-0.0734572922206,-0.0272596639496,0.5718813335976,0.2807252272354,0.4847507538653,0.4797119964616,0.4698562628391,0.8012643965488,0.2349023784364,-0.0352851104421,-0.1983018299859,0.3267350153689,0.2474890394355,0.1162960307698,0.2899229394957,0.1246618484342,-0.0014781902576,-0.2161913874324,-0.2573968658886,-0.3824566743577,0.3975431229655,0.4468641746498,0.2809809949483,-0.2082098305055,-0.0948315140738,0.1109783447734,0.1434170311165,-0.0503956968441,0.2012447658722,-0.2088961048773,0.2411065980687,0.2211630269688,-0.0319592086011,-0.0421662447687,0.0898724342236
