1.0000000000000,0.7463368640480,0.7463018872140,0.6277947641837,0.8247051046831,0.5688957772971,0.6678839526357,0.2910931877598,0.2309988160575,0.2798116152243,0.1758131795789,0.1221398321510,0.2389997403217,0.3440450959495,-0.2428027754806,-0.0378898598653,0.2597506991048,0.1987497841047,0.2029798443078,-0.1669332453259,-0.0740140321745,-0.0600788279656,-0.1329855315025,0.1632631268790,-0.0230717474819,-0.1596855862684,-0.1497433785107,-0.2500541806956,-0.1354194953482,-0.3232817821385,-0.3172257804222,-0.2885011278017,-0.1393843550576,-0.2294398976262,0.5448257634561,0.0501497502254,-0.1099611342915,-0.4252078540006,-0.2242276003594,-0.2267470000966,-0.1661220975236,-0.1414660599058,-0.3808415203384,-0.3563460703940,-0.3486671979459,-0.3020738726628,-0.2774588879066,0.3398621285838,0.2787655129885,0.0502484037974,0.9125600846060,0.7166302895661,0.7378979042554,0.6394617442291,0.6314933601078,0.7898917763921,0.2218986427056,0.3181048948847,0.3908876407823,0.3213995403195,0.3012796968542,0.2739637993783,0.3065075569743,0.2274526173779,0.3936017128513,-0.2610183869511,0.1078967668515,0.3077044604592,0.3126531621515,0.1038188736241,0.2157399451683,-0.0161770276839,0.2191510236536,0.1632394474385,-0.1648463320680,-0.1749860278535,-0.2351843499034,-0.2172011284704,-0.1130796062612,0.1736456358295,-0.0765376924047,-0.1188472022201,-0.1831570984061,-0.3785369765601,-0.3506423901813,-0.2946099846268,-0.1663694035371,0.0570818512331,-0.3865508931628,-0.2663791198672,-0.1004247211427,-0.3202998407274,-0.2670458223755,-0.1868285075823,-0.2760072093006,0.2514389502496,0.2014159528268,0.0468275850215,0.1073589807914,-0.1992223621208
0.7463368640480,1.0000000000000,0.5710499356990,0.4806653202887,0.4594824734676,0.3204487194612,0.4393866944220,0.1055200964583,0.0030362362733,0.1999589229925,-0.2003724521852,0.0182562918911,-0.0318835949599,0.3911526682770,-0.1206241691806,-0.0719484179711,0.0411394157865,0.0543042675545,0.1896530567879,-0.2060187823564,-0.1587122398065,-0.0951449196086,-0.2606340538203,-0.0708729581115,-0.0483273258247,-0.0187320231024,-0.2292545881030,0.0304977727630,0.0413497593350,-0.1077526180770,-0.3177420629813,-0.2627996246744,-0.2367972061352,-0.1327333842834,0.4683795587093,0.1388415192128,-0.3028565558788,-0.3660965479785,-0.2292961977060,-0.1847004577774,-0.1261412098012,-0.2551425231608,-0.3618894239970,-0.2415082471530,-0.2444621718077,-0.1996870944084,-0.1640537572828,0.1622425191516,0.1569577552015,-0.0034238552850,0.6775888178022,0.7849858427042,0.6404529432243,0.4276895330101,0.3924421784595,0.7270955926604,-0.0073709896460,0.0699616408627,0.1853596878625,0.0817157058372,0.1267023483253,-0.0683971458778,0.1316243248818,-0.0184627682589,0.5329394658149,-0.2005970149606,0.1176838664387,0.0527740607237,0.2616212134687,-0.1041641983055,0.1343393216817,-0.1144748797450,-0.0282603509106,-0.0488078422433,-0.1115686642006,-0.0625231778604,-0.3467809251891,-0.0244904309348,0.0577010944480,0.0699434772893,-0.1045458756979,-0.2571971630827,-0.0131495611927,-0.2521338828137,-0.3865651662877,-0.0755964589830,-0.2888398654196,0.0538176802409,-0.3547008943030,-0.3011331153942,-0.1087069223515,-0.2798005128193,-0.1435627795412,-0.0834810463154,-0.1277444294771,0.0446449050235,0.3022698655139,0.1278701669369,-0.0098359522324,-0.2493159856443
0.7463018872140,0.5710499356990,1.0000000000000,0.5500822635863,0.8403042503079,0.8798260482439,0.8632360312685,0.5702571184225,0.4781200469143,0.3877816883564,0.3190325210233,0.3052635730889,0.4928929502809,0.1291694654658,-0.4460657713961,0.0873822233801,0.3634299518189,0.3006959043485,0.2836252445437,-0.0643769989351,-0.2156775513313,-0.1150368720514,-0.1974417188536,0.2274798373213,0.1496061612743,-0.2049088943429,-0.1807460793507,-0.3072237515080,-0.2866018097223,-0.4442324672235,-0.2131247021591,-0.2999335451506,-0.0965859692149,-0.2471067474340,0.7206109627122,0.1027403655993,0.0092287486555,-0.3874285436192,-0.1157310379443,-0.3007826885131,-0.3482524468797,-0.1952108317893,-0.4620972783796,-0.4396974775607,-0.3207298216329,-0.3645896102035,-0.3703661643294,0.5849933907734,0.2192393176077,0.0281204298916,0.7879192353971,0.5490675311344,0.5989027962502,0.9377593536158,0.8434613018374,0.7317088734706,0.4774920879417,0.5871023977266,0.6311858723456,0.5540589044987,0.4002806948120,0.3398779290913,0.4210091067039,0.4622142927727,0.1295838822759,-0.3814974161044,0.1675829615987,0.4871354210980,0.3741766155895,0.2129517569570,0.1249466854358,-0.0845542025561,0.3133074122829,0.2479531497235,-0.2042236456447,-0.3639959697755,-0.2955372737247,-0.3276912957817,-0.3065703621601,0.2925641731100,-0.1848744745020,-0.0792474552703,-0.4285572521179,-0.3335703418817,-0.3834954135666,-0.3950964338386,-0.0955953181047,0.1930005396011,-0.5077138383673,-0.2341216249682,0.0272654970027,-0.3966207176105,-0.3890064127742,-0.3454698914720,-0.3968924094959,0.4554007906035,0.0359496876360,-0.1257042936857,-0.0773167751290,-0.3699194922095
0.6277947641837,0.4806653202887,0.5500822635863,1.0000000000000,0.6316566019257,0.4417053583480,0.6564023818357,0.3828576696891,0.2712273922052,0.2161293162866,0.2618112440194,0.1537617854889,0.2650289978988,0.4013123670746,-0.0446578447814,0.3864570485388,0.4448710140528,0.3913933983941,0.5660922942929,0.1272836576066,0.0363564109412,-0.0545454763783,0.0680992125758,0.2140938654350,-0.0955566977994,0.0708402109385,-0.0360616398215,-0.3167513363447,-0.2317901819411,-0.2887491531658,-0.0886894612625,0.0072408900514,0.1208358063629,-0.0066853466895,0.5196741924899,0.3145053554546,-0.1708061055249,-0.3165948535326,-0.2350929372557,-0.0604942141448,-0.2770419766587,-0.1599136893583,-0.1396701209371,-0.2969710379606,-0.2578525942486,-0.2988077156978,-0.2279851161699,0.3414011906455,0.3518289918661,-0.0507944239973,0.6196227128004,0.4268802361033,0.7849047708820,0.4712106378614,0.4765312285279,0.6429997861575,0.1842912153975,0.2951968803320,0.4423094792763,0.2878648004530,0.1755637725056,0.2439680609215,0.2401299103537,0.1853712522039,0.3510276858634,-0.1177477794344,0.4960798851419,0.3893223245178,0.5724188798088,0.2913392060997,0.2542515601904,0.0390644811092,0.2574157398086,0.1090276178820,-0.0044921076482,-0.0540438843169,-0.0950024291521,-0.4076498656659,-0.2298159073864,0.4044205611422,0.1204694768863,0.0033026336614,-0.2855647253122,-0.1042024756158,-0.3901019940444,-0.3021767493947,-0.1570089654636,0.2080386435858,-0.3404631283635,-0.1392083941985,-0.1027056626914,-0.3170742285254,-0.2690125125822,-0.3846671462316,-0.4182460108522,0.3202448531737,0.1322846591031,-0.2167162919628,-0.0727898487917,-0.2620752300167
0.8247051046831,0.4594824734676,0.8403042503079,0.6316566019257,1.0000000000000,0.8289389692433,0.8558388618197,0.5537620307174,0.5042218632234,0.4737613753280,0.4555652199379,0.3197437810197,0.5046489367217,0.1643322973993,-0.3692000913608,0.0171551101041,0.3835082864398,0.3071390604263,0.2368196319124,-0.0708797684537,-0.1225374660963,0.0192769645180,-0.0925547775608,0.3199061810480,0.1299545654607,-0.2456173337491,-0.1153667613352,-0.3927034042013,-0.2768954824204,-0.4531875087497,-0.2782386300428,-0.2640647036999,-0.0599062364233,-0.2234849040780,0.6781491116134,0.0332556811270,0.0440860969182,-0.4558666957301,-0.1799299435453,-0.2723157225545,-0.2411338066691,-0.0680955820162,-0.4170944731607,-0.4544784228749,-0.3536378683296,-0.3286315424111,-0.3096463498951,0.4630765328395,0.2918681318127,0.1688075833736,0.8775809198636,0.4317325713684,0.6382834483597,0.8349045703268,0.8585080758374,0.6847539360910,0.5026901481506,0.6073253566374,0.6354755701211,0.5996281751883,0.5246480434843,0.5255934161676,0.5003662099201,0.5011775616839,0.1565545676212,-0.3166754619175,0.1430216744459,0.5342417547017,0.4099655454535,0.2876063704731,0.2793870889533,0.0735823425406,0.4416822439945,0.3728131526743,-0.2286100668169,-0.3235335984372,-0.2176368441724,-0.3763781235907,-0.2924350079249,0.2920005994403,-0.1154587131854,0.0070922352095,-0.3818202669935,-0.4030394353855,-0.3897838019547,-0.4595246863679,-0.0597404627847,0.0968341897125,-0.4421524555316,-0.2646978715434,-0.0673398236640,-0.4349162567466,-0.4185629462561,-0.3070127308467,-0.3599743131129,0.4045029797397,0.0604950673131,-0.0418348896353,0.1262136619775,-0.1486463732600
0.5688957772971,0.3204487194612,0.8798260482439,0.4417053583480,0.8289389692433,1.0000000000000,0.8766866169568,0.6829153159534,0.6469625666369,0.5314338133685,0.4904517921606,0.4623809478046,0.6706447526537,0.0007977560869,-0.4521532052178,0.0029955385826,0.4080355052566,0.3383616737074,0.1988673025726,-0.0031288196421,-0.2379994670555,-0.0746924171354,-0.1535474449816,0.3859204817262,0.2263668370603,-0.2596746717340,-0.1661419568962,-0.3960872531811,-0.3568418197400,-0.4925815225035,-0.2033456616344,-0.2950827007155,-0.0755977957338,-0.2550889801259,0.6964916566156,0.0067378287353,0.0748324191467,-0.4257652437225,-0.1207864823883,-0.3362014027388,-0.3827487218996,-0.1699130815622,-0.5034638958357,-0.5208309700665,-0.4001588704254,-0.3953098103090,-0.4255108174786,0.6284116488882,0.1510435172474,0.1447276868371,0.6706560204809,0.2943170787380,0.4202212873228,0.9560792539659,0.9475952061949,0.5647707722714,0.6670494303281,0.7517572783632,0.7407781903816,0.7276643406593,0.5591471272975,0.5218865129601,0.5602208709518,0.6637225988761,-0.0003086635370,-0.3295525474166,0.0973974410243,0.6135404404955,0.3807463286937,0.3549421573674,0.1735422515330,0.0091180032729,0.4885278685296,0.4086774878494,-0.2475223613102,-0.4059870678013,-0.2809626558684,-0.3780602363471,-0.3684420012585,0.3246966662818,-0.2048206452591,0.0442895295928,-0.4675449034866,-0.3808581317709,-0.3650066469707,-0.4646404425684,-0.0522750204911,0.1444385278266,-0.5011252351162,-0.1949134604536,0.0374411853305,-0.4447198595023,-0.4534212842001,-0.3726297962319,-0.3929459422798,0.5324422227594,-0.0555157260974,-0.1475086669730,0.0003347106221,-0.2187010451211
0.6678839526357,0.4393866944220,0.8632360312685,0.6564023818357,0.8558388618197,0.8766866169568,1.0000000000000,0.6809497821686,0.5901776936487,0.4436510138495,0.3895905938815,0.3302225818405,0.6003813476383,0.0271533911926,-0.3846970384288,0.0899426264234,0.3821161884730,0.2968378440010,0.3011813477949,-0.0387697762531,-0.2164749638258,-0.1432782357698,-0.1744412214784,0.2714825083022,0.1956051487123,-0.1621580420133,-0.1815159710351,-0.3545864357329,-0.2969171206625,-0.4535284685455,-0.2317130421498,-0.2159726663648,-0.0901741594342,-0.1533633203506,0.8029361542172,0.0580266896305,0.0323529982287,-0.3932352134857,-0.0993860839907,-0.2582406248238,-0.3258815198182,-0.1087350339078,-0.3922838714694,-0.3853453558330,-0.2973363660200,-0.3574821587015,-0.3308273819216,0.4745403522309,0.1044336933285,0.1282269188730,0.7419243686122,0.4026831239778,0.5924387481773,0.8869666154256,0.8686487100978,0.7526697547873,0.5962075455236,0.6949688719820,0.7293735225762,0.6574640279883,0.4786828369483,0.4120150961060,0.4983507423648,0.5755321338987,0.0797676422979,-0.3347680046394,0.1642394061321,0.5385381722001,0.4166356068961,0.2655737740029,0.1619294073373,-0.0677614376384,0.3769846085344,0.3035903516577,-0.2568207473749,-0.2754436159735,-0.3104350378647,-0.3959583013304,-0.3178647003835,0.2679279358221,-0.1903280645922,-0.0538795151480,-0.4282174620179,-0.3459267036864,-0.4013641498274,-0.4204010983530,-0.0954210636291,0.1953680724361,-0.4479555479229,-0.2593364261011,-0.0111583888092,-0.4381352009374,-0.3680371460300,-0.3958497150630,-0.3993008980684,0.3536879006976,-0.0521884828669,-0.1266181239494,-0.0025305854580,-0.2376795927802
0.2910931877598,0.1055200964583,0.5702571184225,0.3828576696891,0.5537620307174,0.6829153159534,0.6809497821686,1.0000000000000,0.8403895204489,0.4245330712849,0.4126432846617,0.4185089138061,0.7672791140225,-0.0434399525667,-0.4326989951570,0.1647377116388,0.6153810929816,0.5457735362335,0.5031526595334,0.3904266286915,-0.0022399860098,-0.0930728944259,-0.0110080928196,0.3921393396070,0.4149740861234,-0.0202926937341,-0.1378411835352,-0.2967602599191,-0.3059907909435,-0.3190543494793,-0.1066096271143,-0.0020598684790,0.2215820797075,-0.1147511998944,0.4720092609351,0.0587032547892,0.0704124555907,-0.2709452588407,-0.3225112859845,-0.2612279597825,-0.3755252906666,-0.1913947906794,-0.4483579075829,-0.3369169335646,-0.1487642202250,-0.2797020472173,-0.2321844380698,0.3466734675420,0.0487716676785,-0.0157123513129,0.2989372251232,-0.0304227325903,0.1656476988743,0.6346494758912,0.5912020491136,0.2539584424118,0.7830599510628,0.8655052775460,0.8626100069101,0.8480619151619,0.4374333838701,0.3961014578035,0.5357724551372,0.6772632678931,-0.1658097265457,-0.4675426937259,0.1662053919043,0.6856699381288,0.5441041324690,0.5625367027369,0.1964368680772,-0.0030320362530,0.4653460395154,0.5607604437140,-0.1506019320703,-0.1524904552248,-0.1371539804934,-0.3580363400315,-0.3873237826812,0.3859448854185,-0.0086958490784,0.2403706000941,-0.4448291662770,-0.3797255920835,-0.2497353039038,-0.2945123540725,-0.0577972662903,0.0681752555380,-0.5128876828743,-0.0859701035929,-0.2721741232419,-0.4032559900111,-0.3023816460065,-0.4028242841385,-0.2943915195430,0.2781292990081,-0.1669732055793,-0.2152280117322,-0.1349439640552,-0.2489898297442
0.2309988160575,0.0030362362733,0.4781200469143,0.2712273922052,0.5042218632234,0.6469625666369,0.5901776936487,0.8403895204489,1.0000000000000,0.4772117658039,0.5524680550594,0.5112902007276,0.7677979195850,-0.2243134314480,-0.3759018078436,0.0238283047825,0.5223688243940,0.5084994816452,0.3704342037166,0.4340077529420,-0.0391491299503,-0.0088476869833,0.0644562488191,0.6478489528831,0.5078466931033,0.0254908300045,-0.0002724746096,-0.3202464634313,-0.2804716714541,-0.3812494120319,-0.1433154382325,-0.0313495665096,0.1213905024398,-0.1151066163712,0.3869230513528,-0.0462929096535,0.1598000375831,-0.2273453325595,-0.2280706950013,-0.1577707473825,-0.2777324673940,-0.0977005525379,-0.3712161097308,-0.2794902683743,-0.2310511203846,-0.2272627518092,-0.2505560003168,0.3373312890414,-0.0408185094975,0.0524253477886,0.2434311983590,-0.1499790765217,0.0581251108395,0.5711554717799,0.5905102293331,0.1554695746438,0.8319200778165,0.8313214663329,0.8077564621470,0.9556705050398,0.4850354881344,0.5419341320214,0.5546744413886,0.7162521608162,-0.3213192657317,-0.4228087605206,0.0317102435059,0.6856366710030,0.4771238214802,0.6740801389130,0.2055402498980,0.0706673931791,0.7019946076740,0.7357795760154,-0.1554359565252,-0.1760351729909,-0.0749712457725,-0.3752986938560,-0.3494734386367,0.3511474350600,-0.1138517051419,0.1919743595649,-0.5257130477371,-0.3830213728203,-0.2701229030844,-0.4262324234003,0.0349564973648,0.0387492701663,-0.4524670675948,-0.0944944046529,-0.1826586599937,-0.3363169953646,-0.2657573966779,-0.3618815825051,-0.3423563722757,0.3092830630935,-0.2139598835277,-0.2555787908903,-0.0580676533860,-0.1270204433829
0.2798116152243,0.1999589229925,0.3877816883564,0.2161293162866,0.4737613753280,0.5314338133685,0.4436510138495,0.4245330712849,0.4772117658039,1.0000000000000,0.4425581109972,0.7564384115033,0.4893364710270,0.1045556706186,-0.1833109380535,-0.1665431718556,0.2770338654490,0.1653345905253,0.0795674439615,0.0004516919121,0.1241507088667,0.3537108474229,0.1079284397154,0.4485275517572,0.4301129012513,-0.2559553092044,0.0996289294125,-0.3202341541211,-0.2745620042010,-0.4291496512778,-0.1873034622134,-0.1164975820390,0.0817445339366,-0.1226504572933,0.4756314349076,0.0878520497905,0.1678835962355,-0.3533288019805,-0.1706774890761,-0.2503928425722,-0.1270318165849,-0.0674367561485,-0.4242689415595,-0.4466972795892,-0.4093571390573,-0.1586449527191,-0.1651497695614,0.2723822351492,0.0884633239259,0.3664398564479,0.3579433426039,0.1605157344453,0.1725001841370,0.4853489259759,0.5785694204717,0.3073821726477,0.5222174331341,0.4708489916872,0.5100981210087,0.5420500969372,0.8854634305411,0.6081178130837,0.7908127283971,0.5706936046039,0.1098036148255,-0.0456227658019,0.0050827429450,0.4075999376024,0.3419568859668,0.2250424070500,0.5543577274248,0.3979724332631,0.5364250624299,0.5096265888741,-0.1222713222891,-0.3374876745565,-0.1136696709075,-0.3619356547324,-0.3041908399739,0.1956871003433,-0.0966270751495,0.2941663366312,-0.2546597300312,-0.3375459866013,-0.2888571702903,-0.3217947587697,0.1306879478501,-0.0684298640507,-0.3142154816483,-0.1671757393143,-0.0482600001804,-0.3673988068566,-0.4621531441321,-0.1347059285935,0.0080087835136,0.3036189157243,-0.1151797186829,0.2458627487793,0.2489434886415,0.2456647704088
0.1758131795789,-0.2003724521852,0.3190325210233,0.2618112440194,0.4555652199379,0.4904517921606,0.3895905938815,0.4126432846617,0.5524680550594,0.4425581109972,1.0000000000000,0.5749526175828,0.5941071536870,-0.1561679294060,-0.1620769060662,0.0496232642529,0.3968682429237,0.3764326053522,0.1499603434942,0.1650362108383,0.1214311046054,0.2782680620194,0.3873784047377,0.6353857360187,0.1801211950215,-0.1576643543131,0.3300571252068,-0.4187475150848,-0.3281702042189,-0.4395814555837,0.0568991013528,0.0195022887656,0.1751932794745,-0.1081257511185,0.2662725007708,-0.1117268196482,0.3894428690187,-0.1957505285317,0.0973872734260,0.0057329311876,-0.1071574344994,0.1401931087373,-0.0247635300082,-0.2531523107922,-0.1675754398820,-0.0784751738698,-0.1596444285056,0.3906697464555,0.1066558795577,0.2018476065790,0.2242373678947,-0.1689421378191,0.1330957532254,0.3916744801814,0.4662028480256,0.0897919263772,0.5330207870762,0.4551755490742,0.4371334533936,0.5371650367664,0.4868567900285,0.8415790020787,0.5377986978361,0.5765169932681,-0.2875988673646,-0.0788409508519,0.0389600948124,0.5745679515361,0.2548091226152,0.3900094693352,0.3270086483825,0.4005287965810,0.6757898834102,0.5430064116293,-0.0053234728805,-0.2974472676214,0.3148498059815,-0.4860717800110,-0.3452815626681,0.3188580900826,0.0103947395680,0.3124032758025,-0.4518910426825,-0.0778721267371,-0.0916730405338,-0.5205490071137,0.3551307910881,0.1268704136267,-0.0435346193924,-0.0585178002133,0.1519886812693,-0.1787694242475,-0.3155700371529,-0.2719166135863,-0.3162741740692,0.4411644922756,-0.2190247530670,-0.2474700399849,0.0452567277644,0.1752458131773
0.1221398321510,0.0182562918911,0.3052635730889,0.1537617854889,0.3197437810197,0.4623809478046,0.3302225818405,0.4185089138061,0.5112902007276,0.7564384115033,0.5749526175828,1.0000000000000,0.5714600303127,0.0564246188487,-0.1560836999376,-0.1324432506110,0.4117712063409,0.3484137548355,0.1883027125697,0.1990438843431,0.1909101936556,0.3112292783463,0.3742680456919,0.5606623909749,0.3989281319410,-0.0861968092021,0.2745383417480,-0.3200041354029,-0.2688905263704,-0.4202093788274,-0.0531723685473,-0.0028163242422,0.2537603677320,-0.1628275343848,0.2690353276678,-0.0555592934253,0.2093791943740,-0.2926673566383,-0.1333079962425,-0.1324116546302,-0.1882741355986,-0.0597657572458,-0.3317889002747,-0.3360239116970,-0.3105668814138,-0.0531678421545,-0.1912480554861,0.2948269941888,0.0258131210508,0.1870216924393,0.1715197326426,0.0161550210039,0.0708675475573,0.3891964102246,0.4471726432710,0.1210703175122,0.5117302280794,0.4454147089924,0.4713856257061,0.5289573021765,0.6775140744984,0.6765879266091,0.7893619248306,0.5764341665741,-0.0471763241231,-0.1549204449274,-0.0159657778188,0.5004712557462,0.3796601805414,0.3697473929419,0.4927633180727,0.5105913272674,0.6002191035752,0.5751311314248,-0.0937595256381,-0.2654122738560,0.0740304412470,-0.3690591503665,-0.3191695631322,0.2547623754929,-0.0196940756932,0.3608128855273,-0.4300836855185,-0.2717992307505,-0.1767501870776,-0.3975412145147,0.1363107085640,-0.1053394332225,-0.2681126924366,-0.1559695376393,-0.0128431317028,-0.2552481957441,-0.3719002587805,-0.1528142493343,-0.0864607869121,0.3447455791159,-0.1930550032031,-0.0514304700795,-0.0296502759663,0.1902945221698
0.2389997403217,-0.0318835949599,0.4928929502809,0.2650289978988,0.5046489367217,0.6706447526537,0.6003813476383,0.7672791140225,0.7677979195850,0.4893364710270,0.5941071536870,0.5714600303127,1.0000000000000,-0.2178054740005,-0.3696170447597,-0.0369141910515,0.5609196573563,0.3654322824771,0.1900176388722,0.1976699641047,-0.0646759353928,-0.0295062132888,-0.0276407169955,0.4783200907367,0.4051582178417,-0.1160224128550,0.0324196421869,-0.3245453942386,-0.3647729571565,-0.3712751676827,-0.1306465403502,-0.1299672603455,0.0845754428027,-0.1524007630878,0.3948194905765,-0.1410748373392,0.2046317690991,-0.2685292034796,-0.1423931584164,-0.1391555350991,-0.3167834807972,-0.1165418833016,-0.3147073395406,-0.3078762960568,-0.2368375295907,-0.2671790517007,-0.2959023897612,0.3184638852167,-0.0879020190600,0.0828095808501,0.2767086215877,-0.0654085784576,0.1170634354106,0.6033945031166,0.5923600420626,0.2325063621702,0.8701399833346,0.8129208201792,0.7220392858237,0.7862273914906,0.5528409700844,0.6510230786134,0.6656686239452,0.9080946538337,-0.2577755790551,-0.3836181803310,-0.0117126922646,0.6851409915159,0.2943202330563,0.4565510519763,0.1640630860239,0.0847426720489,0.5114750996700,0.5385475072597,-0.2196024757967,-0.2479487381448,-0.0426013043314,-0.3212525043927,-0.3851080211623,0.2408166214247,-0.1305708109881,0.2153301889436,-0.4059065492997,-0.3051502849373,-0.1360335092486,-0.3871599664642,0.0791930221992,0.0259852638442,-0.3526359139235,-0.1108560861921,-0.0758686053498,-0.2240484407839,-0.2732046677551,-0.3272674136040,-0.3225457577639,0.2924555739762,-0.2821784244387,-0.1855720885620,-0.0294562301845,-0.1655340721600
0.3440450959495,0.3911526682770,0.1291694654658,0.4013123670746,0.1643322973993,0.0007977560869,0.0271533911926,-0.0434399525667,-0.2243134314480,0.1045556706186,-0.1561679294060,0.0564246188487,-0.2178054740005,1.0000000000000,0.2050380970961,0.2926249738381,0.2466370214898,0.2866022256381,0.3692733491061,0.1268182427545,0.3705790985970,0.2798010537989,0.1904247918295,-0.0425665146654,-0.1527971920909,0.0094627626842,-0.0224685835198,0.0295684532585,0.0234608948874,0.1948916276353,0.1593014482598,0.1515327611891,0.4038245849793,-0.1428879489307,0.0523146943807,0.3589467105201,-0.2437016903741,-0.1876295634040,-0.3568068632337,-0.2075403501366,0.0733993849942,-0.0326649551429,-0.2004992439024,-0.2322811663234,-0.1466679671520,-0.0174236999408,0.1003512614598,0.1966680805756,0.5949271829841,-0.0578959364268,0.3241754055796,0.3519113906945,0.4700786955456,0.0355178987967,0.0525381625388,0.1982384011900,-0.3239142601514,-0.1601933855974,0.0098089677783,-0.1867332522235,-0.0332046235041,-0.1186977041635,-0.0331115962141,-0.2331582062670,0.7222548158500,0.0324508304745,0.3946595870978,0.0441268628404,0.3517398227084,0.0888701768975,0.3574504510174,0.2337077003183,-0.0315853108815,-0.1125689458673,0.2562306906314,0.0023325975892,0.0131454526459,0.0312269316417,-0.0042119120144,0.3146144476152,0.3841443744990,0.1941249913731,0.1518139115442,-0.0455859413429,-0.0935682219234,0.1404102999436,-0.2141432445758,-0.1183619284369,-0.2193188762109,-0.0096983328730,-0.2008362657502,-0.2019612886796,-0.1923013733351,0.0920022160038,0.1120894543040,0.1985448303795,0.4974146014922,0.1589548138317,0.0013196274310,-0.0824772003644
-0.2428027754806,-0.1206241691806,-0.4460657713961,-0.0446578447814,-0.3692000913608,-0.4521532052178,-0.3846970384288,-0.4326989951570,-0.3759018078436,-0.1833109380535,-0.1620769060662,-0.1560836999376,-0.3696170447597,0.2050380970961,1.0000000000000,0.0717279521076,-0.3596893612287,-0.2889073768833,-0.0733811092080,0.0363892539065,0.1630956615230,0.0994064537851,0.2435355624991,-0.1479244982198,-0.1284551384477,0.1424300916245,0.3110314970243,0.0154285282787,0.0345562437561,0.2948602837458,0.2130070653682,0.3636539533051,0.0335703582620,0.4602140422046,-0.2246365082819,0.1236937207278,0.0928232903196,0.4953284792339,0.4056842572290,0.5567862682479,0.4838223301729,0.4863504469415,0.6790757077002,0.5149108846364,0.4183701191326,0.4414200162556,0.4853087805106,-0.1508876424839,-0.0107859014248,0.3450765542271,-0.3054720179021,-0.0831685495695,-0.1140458977339,-0.4474309425582,-0.4023033489505,-0.1719067716466,-0.4420591270650,-0.5218510982885,-0.5017104383083,-0.4784694749245,-0.3167442183159,-0.2193785272812,-0.2999770937166,-0.3843716818081,0.0636807264834,0.6093307558824,0.0074267011274,-0.4248270061290,-0.1402415172690,-0.2885296121045,-0.2229743856351,0.0606302296837,-0.2449945097727,-0.2778098244426,0.0559301293383,0.0870266130733,0.2559233023162,0.0172127481398,0.0107565999770,-0.2874083886751,0.0328761611474,-0.1022443794744,0.3130656409307,0.3281159110114,0.2037246536337,0.2440134688100,0.1624512207421,0.1555961243337,0.4889146899073,0.2623303134915,0.3173761519873,0.5173892842590,0.3231364263050,0.1708201566229,0.2798441176910,-0.1147945193947,-0.0763771160935,0.0963173652840,0.2441147910879,0.3179359504182
-0.0378898598653,-0.0719484179711,0.0873822233801,0.3864570485388,0.0171551101041,0.0029955385826,0.0899426264234,0.1647377116388,0.0238283047825,-0.1665431718556,0.0496232642529,-0.1324432506110,-0.0369141910515,0.2926249738381,0.0717279521076,1.0000000000000,0.4222885543142,0.4466895656515,0.5339877882957,0.4708992646487,0.2244427705987,-0.1116679463625,0.2044729098076,-0.0449949982598,-0.0271170149087,0.2743751717237,0.1503374984730,-0.1391066323699,-0.1583982451975,-0.0039703662830,0.6316381608788,0.5512189575130,0.5222393422222,0.3040346369178,0.2061646075324,0.7416766876020,-0.0069205588507,0.2101197378999,-0.0052521875566,0.0834144762029,-0.1708866581710,-0.0586446349881,0.2166300861886,-0.0038639936765,0.1677296030666,-0.1229406325200,0.0902048926891,0.3403527430199,0.3379873379053,-0.1459801759469,-0.0165802291365,0.0000754232850,0.2308668594657,0.0262744623167,-0.0599943616386,0.0297652303913,-0.1142103598514,-0.0492050600506,0.1585150471321,-0.0743671901318,-0.2132148150222,-0.1262817290626,-0.1567101215023,-0.1529518026231,0.0615746931299,0.0890207926426,0.7736664144955,0.2004001311921,0.3662904706706,0.2528898886593,0.0670888854509,-0.0839256160357,-0.0023317418080,-0.1435917653007,0.3235626898659,0.0856556178837,0.1882755088410,-0.2922529535531,-0.1945060275912,0.5554431367565,0.3513738531790,0.1998299713305,-0.1486056141366,0.4442770726371,0.0390830063826,0.0491844008479,0.0740185254102,0.4209975962813,-0.1456040567729,0.3222489044886,0.0335885629793,-0.0789298941544,-0.1006591623384,-0.3907088771356,-0.3331414490933,0.2912001913254,0.0523169989158,-0.2855411888061,-0.3221842681354,-0.3680486493453
0.2597506991048,0.0411394157865,0.3634299518189,0.4448710140528,0.3835082864398,0.4080355052566,0.3821161884730,0.6153810929816,0.5223688243940,0.2770338654490,0.3968682429237,0.4117712063409,0.5609196573563,0.2466370214898,-0.3596893612287,0.4222885543142,1.0000000000000,0.8461985639043,0.5944999573464,0.5537578238940,0.4023044768348,0.0611910773178,0.2487434190612,0.4614889890014,0.2704947732472,0.0600647670205,0.1054361770427,-0.3137584037096,-0.2264079250026,-0.2938762773870,0.2212261191083,0.1624979311597,0.5994698724998,-0.2270314551852,0.2372245049474,0.2740616819959,0.0447104931779,-0.2835582983808,-0.4225927569775,-0.2384919556938,-0.4373188039098,-0.3000336469675,-0.3783021168383,-0.3546716529333,-0.2908515737640,-0.3298623955874,-0.2841372257051,0.3750581908906,0.2957557386438,-0.2472526091455,0.2688621969955,-0.0111937416319,0.3246139973114,0.3756192959862,0.3547184434570,0.1649003906139,0.4323226247209,0.5104066194889,0.6556926806874,0.5150197884708,0.2468915813333,0.4240528131948,0.3929513941341,0.4282116515603,0.0076668806476,-0.3749880698535,0.4451918722970,0.7999675151259,0.5823303093539,0.6815831686565,0.4801963998756,0.1717374881582,0.4728417396930,0.4601405325227,0.1828834168191,-0.0412819558001,0.1295399596867,-0.3424202628021,-0.2614329742500,0.7039552777882,0.2633307619411,0.4767197022195,-0.4584761794498,-0.2140354040873,-0.1253948214211,-0.3767999458805,-0.0138126123573,-0.0171111587901,-0.4314581561690,-0.0008009206863,-0.2792312750101,-0.3372887098807,-0.2501155526051,-0.3893503086867,-0.3482846815733,0.3812007767733,-0.0096955989097,-0.2970879457885,-0.3160869594983,-0.2720423398796
0.1987497841047,0.0543042675545,0.3006959043485,0.3913933983941,0.3071390604263,0.3383616737074,0.2968378440010,0.5457735362335,0.5084994816452,0.1653345905253,0.3764326053522,0.3484137548355,0.3654322824771,0.2866022256381,-0.2889073768833,0.4466895656515,0.8461985639043,1.0000000000000,0.6426982256235,0.6525580881604,0.3193156447585,0.0533657810383,0.2964348140280,0.5468904852814,0.2585061308074,0.1433700622021,0.0759687831146,-0.2664546524424,-0.1613237183070,-0.2427505645861,0.2585643921770,0.1554152018411,0.5333457320155,-0.2634804502832,0.1671194889534,0.2773449260741,0.0651243040625,-0.2098877617840,-0.3445078071189,-0.2223019758597,-0.3500685951727,-0.2286150752965,-0.3632221486590,-0.3159991527366,-0.2490859280602,-0.2264288322025,-0.2534403813284,0.3636708980987,0.3078728455316,-0.2095210458485,0.1967752380451,-0.0825226507085,0.3053068889627,0.3020636532453,0.2846604789401,0.0483183940916,0.3230453357629,0.4341107747267,0.6139439859908,0.4751839542998,0.0918910006622,0.3195110059753,0.2278236282493,0.2593942582451,0.0008029729620,-0.3616254539803,0.4486996159298,0.7772228043132,0.6103841084667,0.7614863217701,0.4074272029331,0.1662892607540,0.5273797468332,0.4641819994338,0.1887739293769,0.0424227101251,0.1325805384967,-0.2856157220275,-0.2044773445886,0.7864076648167,0.2528226939870,0.4133326665803,-0.4670065060247,-0.1969381818229,-0.1028255311988,-0.3300611901937,0.0055313484288,0.0114745821225,-0.4120175831031,0.0599322745323,-0.2044252653641,-0.3319283283655,-0.2018744971180,-0.3243641236004,-0.3075751060542,0.3720287557037,0.0750337319530,-0.3727792451027,-0.3617477988679,-0.2162137408446
0.2029798443078,0.1896530567879,0.2836252445437,0.5660922942929,0.2368196319124,0.1988673025726,0.3011813477949,0.5031526595334,0.3704342037166,0.0795674439615,0.1499603434942,0.1883027125697,0.1900176388722,0.3692733491061,-0.0733811092080,0.5339877882957,0.5944999573464,0.6426982256235,1.0000000000000,0.5863344415259,0.2768683371117,0.0379959070941,0.2778621664850,0.2551093914603,0.0447734674933,0.2858707295933,0.0771912490886,-0.1547713199160,-0.1106814843031,-0.1527326853379,0.0881138070134,0.2453369786641,0.4240440131800,0.0544908125469,0.2052300314773,0.4468385280413,-0.1679192318808,-0.1309751934976,-0.3459169201294,0.0289721158268,-0.2498517342751,-0.2152001834777,-0.1302375674162,-0.1509953592196,-0.0387611977972,-0.1318177868849,-0.1151620366332,0.2950384677858,0.3440804267327,-0.2697124898558,0.1862279141746,0.0603871812609,0.3611971468718,0.2251398764838,0.1693128871928,0.1828102500457,0.1050475408128,0.2188809716304,0.4137503507883,0.2923059345248,-0.0150171523984,0.0549826827255,0.1229290233654,0.0542875528748,0.1609826167788,-0.2643549834999,0.5884570535889,0.4032985314527,0.8176858470847,0.4843934825538,0.2646659798280,0.0552879710534,0.2505443776986,0.2214985803670,0.1114436962067,0.0633005012384,0.0539450487126,-0.2962201219862,-0.1917501525112,0.4756891892065,0.2770783295882,0.1441054934734,-0.3527906027377,-0.0640719271134,-0.3045673515208,-0.1768664992890,-0.1094009062639,0.1483397215191,-0.4030888557852,-0.0114123383692,-0.2602976721203,-0.2134032133961,-0.1586520010596,-0.3287359465308,-0.3260142085872,0.2646295316980,0.1237796974235,-0.3005900179805,-0.3097557523673,-0.3737025032921
-0.1669332453259,-0.2060187823564,-0.0643769989351,0.1272836576066,-0.0708797684537,-0.0031288196421,-0.0387697762531,0.3904266286915,0.4340077529420,0.0004516919121,0.1650362108383,0.1990438843431,0.1976699641047,0.1268182427545,0.0363892539065,0.4708992646487,0.5537578238940,0.6525580881604,0.5863344415259,1.0000000000000,0.3813288914891,0.0465382597086,0.4101744315673,0.4079337410791,0.4642288296911,0.4548685871000,0.2817292414522,-0.0843597279719,-0.0489851039100,0.0379471772488,0.3372476834204,0.4378313476933,0.5859288892288,0.0664404196623,-0.1326994654454,0.3208842159943,0.0340350032008,0.2246198204158,-0.2678000812351,0.0517677028676,-0.0765366903879,0.0606802903288,-0.0236122485210,0.1140306811422,0.1739952512716,0.1101916297999,0.0667888061999,0.1352710671945,0.1722073741486,-0.0655126212625,-0.2199863823800,-0.3425317293427,-0.0837225897987,-0.0437686574201,-0.0678848247138,-0.2548954315323,0.1985889831837,0.1844488478031,0.3029325136703,0.2911368774052,-0.1124912941707,0.0807408638448,0.0320046328005,0.0526063564895,-0.2401647332173,-0.1889573492606,0.3313141910942,0.3836974033884,0.4682637959259,0.7318905692919,0.1122981353592,0.0994486279911,0.3591342401375,0.4433227598505,0.1863495426288,0.1944917228737,0.2981989690144,-0.1598345660994,-0.1347479497675,0.4954255839969,0.2139987897957,0.3353065586253,-0.2938643273113,-0.0461979514781,0.0572670264276,-0.0794667630507,-0.0434234012793,0.0529375185176,-0.2371752512315,0.2939824629410,-0.2847375645488,-0.0576533151920,0.0869221569672,-0.2144706462054,-0.1294445323054,0.1407474448224,-0.0230732464123,-0.3132205451462,-0.2313562170730,-0.1525254145883
-0.0740140321745,-0.1587122398065,-0.2156775513313,0.0363564109412,-0.1225374660963,-0.2379994670555,-0.2164749638258,-0.0022399860098,-0.0391491299503,0.1241507088667,0.1214311046054,0.1909101936556,-0.0646759353928,0.3705790985970,0.1630956615230,0.2244427705987,0.4023044768348,0.3193156447585,0.2768683371117,0.3813288914891,1.0000000000000,0.4309069800129,0.6075515988587,0.2530715299589,0.2174740268647,0.2105369683284,0.3995229861484,-0.0093785593978,0.1008805762408,0.1334252687577,0.4270177004394,0.5449110731419,0.6986725570980,-0.0290929446288,-0.1441972360679,0.2302075651980,0.1185600328072,0.0008710727203,-0.3012583576771,-0.0892590842247,0.0863694755567,0.1376036518091,0.0176553200304,0.0886217744974,0.1394330827940,0.2048513404314,0.2918404752859,-0.0734408637669,0.2138062175918,-0.0004960126084,-0.1416264069801,-0.1763088098095,-0.0306229715804,-0.2120063882647,-0.2207622366991,-0.1349727110912,-0.1604216673181,-0.1569248843901,-0.0091204843073,-0.0767570095336,0.0550867413931,0.1222128167023,0.1206702132849,-0.1448344700779,0.0980374686662,0.0365519169565,0.1397474950583,0.0857521174551,0.2311706632507,0.1616829126029,0.5467984365457,0.4105391870685,0.2003427625327,0.2174151134845,0.4306178301313,0.1626597782668,0.3790708810206,-0.0584261655547,0.0479139443943,0.2174635301240,0.4048579757364,0.5305300611505,0.0053771471538,-0.0737391417715,0.1272282485777,-0.0412533456124,0.0593231253634,-0.0771639398337,0.0583176676533,-0.0581868837211,-0.3318534198289,-0.1176872740046,0.0329112070153,0.0730062335364,0.2992774956300,0.0088375000635,0.0860027418866,0.1122308543760,-0.0378101721782,0.2387316041196
-0.0600788279656,-0.0951449196086,-0.1150368720514,-0.0545454763783,0.0192769645180,-0.0746924171354,-0.1432782357698,-0.0930728944259,-0.0088476869833,0.3537108474229,0.2782680620194,0.3112292783463,-0.0295062132888,0.2798010537989,0.0994064537851,-0.1116679463625,0.0611910773178,0.0533657810383,0.0379959070941,0.0465382597086,0.4309069800129,1.0000000000000,0.4768291861226,0.1784681869745,0.0198387232741,-0.0081981429242,0.3704856176747,0.1881267731197,0.0939423880040,0.1407585687462,0.0267360767662,0.1056828520084,0.3318314839634,-0.0895304056528,-0.0809699274872,-0.0795092877801,0.1584643163898,-0.0021469411680,-0.0781496908987,0.1020952292416,0.4444239652005,0.1784248620784,-0.0153838722946,-0.0064955329449,0.0585759326446,0.4344105798040,0.2758091513488,-0.0105250811012,0.4006465543566,0.0439415969482,-0.0370838753604,-0.2081715390881,-0.1283457422440,-0.1166316909707,-0.0310798029135,-0.1992538438110,-0.0297384390620,-0.0816626731784,-0.1001044937293,-0.0075414455849,0.3763945463281,0.3569127757178,0.2478117117266,0.0211469466092,0.0983383373763,-0.0101463087769,-0.1285239955205,-0.0045370252013,0.0519550479594,0.0415584076960,0.4712724655731,0.7586822932418,0.2538955115478,0.2961345941562,0.2052923500830,-0.1516238126506,0.2977271726520,0.0574726887341,0.0290239228883,0.0007827757386,0.1880589690548,0.3006276301813,0.0916152574382,-0.1096305658426,-0.1177570524768,-0.0486335327173,0.1840887715363,-0.2551562825227,0.0106625918349,-0.1483101397518,-0.0982775226431,-0.0000970327091,-0.1691843272053,0.4354200184669,0.3172380391263,0.0628961240851,0.2342325047102,0.4104966653466,0.2148763687828,0.2960810041666
-0.1329855315025,-0.2606340538203,-0.1974417188536,0.0680992125758,-0.0925547775608,-0.1535474449816,-0.1744412214784,-0.0110080928196,0.0644562488191,0.1079284397154,0.3873784047377,0.3742680456919,-0.0276407169955,0.1904247918295,0.2435355624991,0.2044729098076,0.2487434190612,0.2964348140280,0.2778621664850,0.4101744315673,0.6075515988587,0.4768291861226,1.0000000000000,0.3097846752861,0.1099662915145,0.3531681301891,0.6616252140433,-0.1715738175361,-0.0757238706695,-0.0841396270934,0.3247705708318,0.5536660662521,0.5625716382598,0.2092751633414,-0.1319470946912,0.0955040856134,0.2248150283825,0.1263777407199,0.0234318498172,0.3187594936169,0.1574548823204,0.2641556482609,0.2416704146058,0.1735028724694,0.2054274819955,0.4448532438147,0.2694149554329,0.0376858560138,0.1400499984511,0.0545849117072,-0.1904549498940,-0.2528949039647,-0.1134946853206,-0.1960565958851,-0.1720217043391,-0.2268859518231,-0.0883794533496,-0.1511413176479,-0.0413944241601,-0.0364583777817,0.0657815947512,0.2784381640032,0.1587799196522,-0.0917390564381,-0.1070033468196,0.0984266547706,0.1346928253547,0.1016884270809,0.2477502878155,0.2272704883482,0.3472238071433,0.6769725143065,0.3096892150449,0.3184438718888,0.3084145149728,0.1565771377961,0.5598342220047,-0.3293665798293,-0.1219954989253,0.1762042273393,0.3479894850489,0.4149266045906,-0.2048313506688,0.1218479593919,0.0189525047850,-0.1748027132367,0.2569611733013,0.0524996711612,0.1103724060648,0.0921671969376,-0.0503537812229,0.0487877192109,-0.0579264879173,0.0223306911128,0.0370272794161,0.0893730407472,-0.0718484358105,-0.0897931606398,-0.0399940780813,0.2815238174184
0.1632631268790,-0.0708729581115,0.2274798373213,0.2140938654350,0.3199061810480,0.3859204817262,0.2714825083022,0.3921393396070,0.6478489528831,0.4485275517572,0.6353857360187,0.5606623909749,0.4783200907367,-0.0425665146654,-0.1479244982198,-0.0449949982598,0.4614889890014,0.5468904852814,0.2551093914603,0.4079337410791,0.2530715299589,0.1784681869745,0.3097846752861,1.0000000000000,0.3869455887728,-0.0013143637584,0.2342297625327,-0.2800246698577,-0.1081484204995,-0.3259514851432,0.0292954345175,-0.0189187170740,0.1429747073074,-0.2879129293089,0.1490018231663,-0.0427067483904,0.3306030626645,-0.2124575080287,-0.1124483640323,-0.1270251452541,-0.1460776097785,-0.0171670960594,-0.2480072316111,-0.2843724768014,-0.3830637089535,-0.1534905746819,-0.2915978074736,0.3161014383119,0.0602401436423,0.1359356404584,0.1746482185587,-0.1535326207378,0.1359419634258,0.3056649203245,0.4171725271951,0.0446670655723,0.5145049604307,0.4594353110561,0.4958172818359,0.6255428176543,0.3920962438977,0.6414657099346,0.4569420503356,0.4760001817899,-0.1582744716755,-0.1580510214994,-0.0156650399093,0.6209364740736,0.4159374741344,0.6546892144275,0.4133585066048,0.2931880234571,0.8824318696945,0.7250767109450,-0.0248273236310,-0.1499039156083,0.1540857745853,-0.2859151923880,-0.1277007464693,0.4281818468134,-0.0229973665283,0.2588177465618,-0.4308929303271,-0.3249613463474,-0.1535536857778,-0.5143682439667,0.2047660691508,-0.0417495863277,-0.2360882532184,-0.0576000140949,0.0108663433496,-0.2461721929832,-0.2299083836493,-0.2009124088932,-0.2284737228914,0.4015535472631,-0.0592079749537,-0.1991828090840,0.0030386463649,0.1589217395134
