1.0000000000000,0.6290049783764,0.7143153318842,0.6939535305955,0.6781153377586,0.2831099211299,0.4066290652088,0.0674630490175,0.1632071107448,0.3233223561632,0.1656726211002,0.1599334475062,0.0897894330135,0.6757342763733,0.5246472669662,0.2865578226140,0.1122332895320,0.0806194275963,0.2867872601499,0.0198374433312,0.2169797242313,0.1330959972100,0.0202661906199,0.1268683427180,0.0889271651280,0.1095688624091,0.1233341082068,0.2367255339202,-0.1271983532198,0.0572454441739,0.0490398991416,0.1017698540945,-0.0212245218198,0.3649708019690,0.3884866812203,0.2965882390336,0.2142235034800,0.1173852245360,0.2063742538340,0.1993047446634,0.1288763078824,0.2709467395564,0.2326995760842,0.1602648640125,-0.0124210364387,0.1335464185131,0.1065861655058,0.2530329080292,0.1817372251872,0.3172068152019,0.7839502137805,0.6665523682499,0.4528015584557,0.6608751258196,0.3090968366499,0.5428100598345,-0.1221194317329,-0.0379695475333,0.2001013954450,0.1837194793516,0.2035949876722,0.1018212434776,0.0947603002444,-0.0527214979441,0.3594140050936,0.0171794477463,0.2890183728002,-0.0073933207663,0.1923350284230,-0.0364077750971,-0.0186414656660,-0.0735952206475,0.0960488027865,0.0058477722503,-0.1419150980969,-0.2014969637549,-0.0412358581345,0.1328549488869,-0.0999926045663,0.0715709035121,-0.0342290167901,-0.1420733925282,0.0023799333524,-0.1824338325810,-0.2420228258538,0.0142068810882,0.1053433092149,0.3496780221668,-0.1156322892633,-0.0533921769405,0.2517048453531,0.0599465713956,-0.0395624378614,-0.0161347063059,-0.1143358688968,0.2096996143794,0.3063971771248,0.2917955623114,0.1125910221850,0.0804697653873
0.6290049783764,1.0000000000000,0.5794065132758,0.4851385182898,0.3071879708402,0.1509572385452,0.2801011189317,0.1712186054453,0.1219758706134,0.3140423253507,-0.0019960851908,0.0523011301597,-0.0131744820513,0.6793720706243,0.4784497296561,0.1354074680564,0.0202762022884,0.1042561381528,0.2074579124070,-0.0093521551247,0.0579914488139,0.1173864166744,-0.0697671283780,-0.0164792241785,0.0549114025900,0.1417950180886,0.0144516435208,0.2853438017066,0.1623195494629,0.4569757862635,0.0166768873583,0.0268538185852,-0.0655669943062,0.2459445385386,0.2012503956259,0.1186699984848,0.0786206839935,0.1545821028685,0.1531981304022,0.2754919033393,0.3187098205269,0.2765564674616,0.0600532852315,0.2364663799848,0.0828534931596,0.0957254145780,0.0956829428201,0.0608908497109,0.2161096760445,0.3138068375829,0.3682333215391,0.6144008399018,0.1662668433906,0.4984652727645,0.1282236935671,0.3254935000431,0.0129213701284,0.2012568509118,0.2383193758403,0.1755404112877,0.0274985960115,-0.0427016496194,-0.1220206976742,-0.2107852769714,0.2207165445965,-0.1265490604948,0.1233911606810,-0.1382662895131,0.2041104201107,-0.1175005843685,-0.1330267419898,-0.1588442322586,-0.0155661499646,-0.0001425593622,-0.1011482912905,-0.1340977970429,-0.1970119021207,0.1189456151438,0.0793887392256,-0.0888722637809,-0.2328336001580,-0.3186518107959,-0.0546263633053,-0.2081608122052,-0.0490264442428,-0.2149054490508,-0.0699216030813,0.1820273946095,-0.1342845353439,0.0531621096929,0.1177098354053,0.0007855637794,0.1286507136705,-0.0566395481583,-0.2779525498449,-0.0318210691955,0.3122980813016,0.0636471537574,-0.0264197808552,-0.0538563088867
0.7143153318842,0.5794065132758,1.0000000000000,0.7696761752996,0.7129982156418,0.6264011671006,0.6980846468223,0.2981907663801,0.4948608759541,0.3974030700214,0.1471817186204,0.2677127876856,0.2618923758761,0.4754281614457,0.4354115746887,0.4885753987223,0.3057533020348,0.3287338781756,0.4866036014795,0.2509941284293,0.2228916538454,0.1644499859646,0.0192032085584,0.3514635143387,0.3281181351801,0.1642043352705,0.2623632385182,0.3463695800895,-0.0615778682060,0.0962007724335,0.2658019342713,0.1625197924705,0.1507352930356,0.2481090165372,0.3998242104531,0.4588654417085,0.2259719944558,0.2465144179364,0.3664733522104,0.2153086794373,0.1601090015350,0.3445651273407,0.2004120937481,0.3057824069538,0.1126236772458,0.1790320843607,0.1250700970734,0.4288568346721,0.1936816349806,0.3488065790331,0.5959638488687,0.6261102600048,0.4942248082577,0.9068189834832,0.5737687648940,0.7062519410423,0.2322921886669,0.2536857911762,0.4667134039439,0.4971571845765,0.3070809825917,0.2065110701787,0.2877783398152,0.1556435294480,0.3476621300641,0.0527520173503,0.4826036677679,0.2585315890910,0.4844563138613,0.2265218364876,0.1649677950100,0.0211632420125,0.3193658608196,0.2033387128772,-0.0076681608118,-0.1172573033378,0.0097873760358,0.2189432151939,0.0392034630483,0.2712509731170,0.0283566409260,0.0744435252192,0.0647647483862,-0.1857882017103,-0.0621438773942,-0.0066124646621,0.1088234467783,0.3609590379203,-0.1194060251388,0.1296421923820,0.3166186236159,0.0945235488998,0.0982566391890,0.1542010164243,-0.0678305498845,0.3925504138605,0.2887358925565,0.3610719739221,0.2551233486438,0.2461878895856
0.6939535305955,0.4851385182898,0.7696761752996,1.0000000000000,0.7087655785795,0.5481787129283,0.7534467663584,0.3424867444439,0.5130438459000,0.4546499455008,0.2587348486007,0.3929811543227,0.3656606396377,0.5423060399184,0.6748386813759,0.7220323256515,0.4395877661121,0.3503310459136,0.5455798872352,0.4213010579161,0.3861865487838,0.2857348987464,0.2199878795133,0.4650502588216,0.4171205438126,0.3074135705223,0.4126525741029,0.4107739926159,-0.1133824306083,0.0912924241494,0.4173901117968,0.3831084140243,0.3727513125169,0.4685313096322,0.4480412518329,0.5524196532790,0.3219459802734,0.3364398452445,0.4511139993516,0.3702641426690,0.2860788978136,0.5183891230269,0.4326398429760,0.4290563938785,0.1643189569143,0.3444502325197,0.3085566494306,0.4912264148163,0.3728433355798,0.4996834232027,0.5204620829447,0.4564252999050,0.6546544460040,0.7604634516046,0.5558720647175,0.7749732188816,0.2242751558229,0.1094755957917,0.3941049398273,0.4871900020723,0.1967159893068,0.2396535158792,0.2153946952232,0.0675563703152,0.2730020435912,0.1287798280412,0.5917915003491,0.2643905348777,0.4901469601438,0.3221685966472,0.0950972500098,0.0203364412874,0.4007056167647,0.2632398157668,-0.1165329560984,-0.2171886505482,0.1092231738034,0.2996433932097,-0.0961954251972,0.3521889436186,0.0300478848707,0.1490128296581,0.0005228220054,-0.0741328843140,-0.1875624278072,0.0761303627139,0.1618079186430,0.3824452668441,-0.0954349138581,0.1486499696523,0.3534860087442,0.2111924127312,0.1130854749149,0.0496911296988,-0.1824987657715,0.4515694521618,0.2544426371972,0.2788577591225,0.2503858060454,0.2250982925408
0.6781153377586,0.3071879708402,0.7129982156418,0.7087655785795,1.0000000000000,0.7358315153092,0.6690675822989,0.2606246255971,0.4259322059647,0.4336928117878,0.2738448522824,0.4185891747038,0.4261767075999,0.4174235328271,0.4831697253760,0.5049625078006,0.4102618025241,0.3505712198673,0.4043855460780,0.2921914182730,0.3367049560168,0.2520518857356,0.1216098696752,0.4107115809148,0.3264999967447,0.1528726144563,0.2833101538325,0.2651414842865,-0.1018709758541,0.0152207172343,0.3123893765614,0.2291734488616,0.2421998263164,0.3156576191397,0.4591438664442,0.4817965515096,0.2806810658021,0.2138825689921,0.3449436872673,0.2765213030352,0.2231142701987,0.3825428447279,0.2402353067110,0.2162029819523,0.0161655266663,0.2514141604544,0.2300623553677,0.6775829599313,0.3513044943108,0.3840326754150,0.6073203436688,0.3167900941264,0.4883644844392,0.7697699161022,0.7035568587197,0.6708509772765,0.2019288508076,0.1259976118668,0.3762339432182,0.4056394755156,0.2090690461785,0.2617807553592,0.2871057663271,0.1988590404320,0.2115321053798,0.0672447987432,0.4401171152706,0.2810998889054,0.3816484967569,0.2914259870921,0.1316862319055,-0.0171378160436,0.3771825844103,0.2193620106426,-0.1004553189692,-0.2041858298079,0.0404721170415,0.1529265066441,-0.1324912886164,0.2815369945878,-0.0261577619904,0.1186440669122,-0.1091141608154,-0.1368811618835,-0.1985633791588,-0.0259988146414,0.1603399429138,0.3690432592678,-0.1461880418129,0.0741835690113,0.3294276555818,0.1127892903423,-0.0299054440557,-0.0089232783863,-0.1548755967594,0.5642269689504,0.2412615729419,0.2561672771719,0.1433135610939,0.1691225317774
0.2831099211299,0.1509572385452,0.6264011671006,0.5481787129283,0.7358315153092,1.0000000000000,0.7247604874371,0.3248956196959,0.5213625792047,0.4950509320683,0.3079571949337,0.4525495446978,0.5188258062899,0.2026554692232,0.3390419945774,0.5601308518480,0.5034199455941,0.4277432410928,0.4287612237409,0.4356340263680,0.3969844669357,0.3251685821293,0.2471157630091,0.5252989134548,0.4661320789445,0.2938110221739,0.4120762200076,0.2389299928179,-0.0060181152781,0.0388320269611,0.4197468194864,0.3418402787311,0.4214277588962,0.2094861807637,0.4813171575572,0.5438571796241,0.2938019810561,0.2875317068535,0.3774592948509,0.2837196325157,0.2219678902015,0.3664828473952,0.2316448346820,0.2924237892669,0.1501100534510,0.3517955187700,0.2083779927457,0.7570574229588,0.3283722437658,0.3649887724718,0.2287815158596,0.0290433904786,0.3049627785023,0.7226536630545,0.7601066613414,0.5765214330358,0.4125018337682,0.2168719629723,0.3722655453267,0.4992326920978,0.1796173978312,0.2531536870559,0.2817129922419,0.2474383787336,0.0043239206120,-0.0190931970639,0.4431561104103,0.3120158382057,0.4721472741542,0.4427755540842,0.1690080219402,0.0984992420010,0.4884155754823,0.3907955499946,-0.0070676039113,-0.0766307201716,0.1759553503302,0.1330568139617,-0.0694761704634,0.3633954518494,-0.0006072508352,0.2631934665639,-0.1566047896520,-0.1211310791441,-0.0579850723652,-0.0491760753817,0.1930480968464,0.3610823045656,-0.1444747679091,0.1719500655925,0.3508617560790,0.1525201836673,0.1056407226248,0.0468131518144,-0.1604988952122,0.5902787198566,0.1536209014481,0.1112756148227,0.1131235013059,0.1084924920872
0.4066290652088,0.2801011189317,0.6980846468223,0.7534467663584,0.6690675822989,0.7247604874371,1.0000000000000,0.2169799900527,0.5024887922952,0.4509264705378,0.2949969686773,0.4219868827515,0.3182278863215,0.3024024691929,0.4026540010572,0.6853902983643,0.3538034140399,0.3320997184302,0.5272362193845,0.4260216741993,0.2527621962229,0.2858943984567,0.2045917906071,0.5690239431856,0.4046872062403,0.2847253190810,0.4342502434210,0.4059492912553,0.0464290852019,0.0291469272266,0.4517660240782,0.3182904807785,0.2792212664255,0.3024993562044,0.4846591055094,0.7203190742027,0.3496355032438,0.2396474630455,0.5462700159278,0.3755757264970,0.2440885512649,0.3855832002812,0.2087834507581,0.3668998177755,0.1225572042523,0.2688110567619,0.1957183841827,0.5718470721243,0.3580501635217,0.3608758393423,0.3929540418595,0.2868771393411,0.5722542490268,0.7180208712040,0.7505461054872,0.8346135483194,0.3937766780616,0.1858757131270,0.3733888515753,0.5390288620434,0.3677030240264,0.3826718868439,0.4041314545426,0.2897000903045,0.2773921665567,0.2612806092578,0.6693271091548,0.4166190152803,0.6088673066815,0.5319256106851,0.3410961105456,0.2175539831359,0.5086633322122,0.3603171723185,0.1110574281409,0.0328686129177,0.2021213074131,0.4451172102508,0.1633943840321,0.4701795818734,0.1196458451531,0.2961286824090,0.1031415571757,0.1523011563263,0.0469117443491,0.1275629781679,0.2812642807435,0.4958560082904,0.1021322636471,0.2628856186917,0.4864666816873,0.2917237242889,0.2577208956135,0.2585028191381,-0.0741357204114,0.5390896860665,0.3707526336283,0.3438861115038,0.3278768918493,0.3925682859807
0.0674630490175,0.1712186054453,0.2981907663801,0.3424867444439,0.2606246255971,0.3248956196959,0.2169799900527,1.0000000000000,0.6897288224872,0.2643578337207,0.2563628952670,0.4025761890190,0.6330129146634,0.1316115164322,0.3074605330731,0.4937392334272,0.6788035554703,0.6741537962624,0.5437170581167,0.6737368207495,0.2912948843821,0.2376637972912,0.2225208841764,0.4287140145165,0.5768649853820,0.2325971661429,0.3299399922013,0.2445661452091,0.0272036420686,0.2552432976643,0.4279107931701,0.2859445651213,0.5349622425907,0.0990230973852,0.1948782825167,0.1742255713270,0.1619967335486,0.5913095959694,0.2968422074284,0.1505493469290,0.3674245352444,0.4563227082478,0.4362489435312,0.4673026144657,0.5584496797696,0.3756310728424,0.3726678311416,0.3398448350427,0.3016706842560,0.3517493990402,-0.1099498659006,-0.0657562825704,0.0257535955533,0.2635564275003,0.2686406041803,0.1483475936139,0.3626954426690,0.3809537395163,0.4610496423267,0.5448035915937,-0.1076739801664,0.0644146935715,0.1195575553594,0.1519301992866,-0.0541863469563,-0.1800530680799,0.1267388996827,0.3192245529789,0.2786174751918,0.2756868199184,-0.0699456577587,-0.1816320187351,0.3803676314518,0.4173911873704,-0.2857502472690,-0.3009136148034,0.0465545321178,0.0153591232482,-0.1489135102941,0.2298391697842,-0.1731485115547,0.0659631245522,-0.0869892629128,-0.3730470590384,-0.1577167596552,-0.1995701735240,-0.0104973443985,0.0169606160236,-0.2863241691681,0.2045995862594,0.1207589344884,0.0372453071803,0.1387643102397,-0.1445702063076,-0.3051694305710,0.2827687425997,0.0141751714261,-0.0343103509449,0.0698352456574,-0.0419953021341
0.1632071107448,0.1219758706134,0.4948608759541,0.5130438459000,0.4259322059647,0.5213625792047,0.5024887922952,0.6897288224872,1.0000000000000,0.4276113603152,0.3736692325920,0.5658755523148,0.6524638163623,0.1609165606628,0.3730570513128,0.6557899794863,0.7260279975971,0.7349321567589,0.6459100938372,0.7152203077832,0.4019350890333,0.3151875829705,0.3115006588393,0.6913628786335,0.8076636442355,0.3174220067968,0.5327219229632,0.3055912898679,-0.0816388737939,0.1468671568383,0.5749493126626,0.4386397808269,0.5711602380109,0.1865288353665,0.2834021920228,0.4974240138048,0.2906516887500,0.5432767641369,0.4674116916246,0.2244154482715,0.3486627639627,0.5603139221610,0.3642332662126,0.5045669775816,0.3314395270522,0.4316966320040,0.3720445302209,0.4819868149559,0.3086018230464,0.4744899560607,0.0577721846794,0.0618132481563,0.2620144696297,0.4744592581545,0.4716933107811,0.4093565766704,0.5383666280654,0.4354113660778,0.6579889709081,0.9092648159560,0.1245026770492,0.3574978594499,0.3923278864356,0.3371847184578,0.0581818202738,0.0405581649246,0.4494969895758,0.5204717084464,0.6425120768279,0.6144679888025,0.2295240163293,0.1197691687372,0.6745090007550,0.6434960929940,-0.0163489495391,-0.1056084639620,0.2616815228534,0.1313345129757,-0.1175174548250,0.4979476137367,0.0579249829229,0.2882836766375,-0.0333099392775,-0.1288277536930,-0.0183218040510,-0.0413308423995,0.1597239763542,0.1679013340790,-0.1193644652553,0.3540112214007,0.2289017551559,0.1708984840632,0.2325660488537,0.0866100363738,-0.1116196464038,0.4481380728642,-0.0189087644896,0.1603468522498,0.2962257474316,0.2072609903332
0.3233223561632,0.3140423253507,0.3974030700214,0.4546499455008,0.4336928117878,0.4950509320683,0.4509264705378,0.2643578337207,0.4276113603152,1.0000000000000,0.5756343091562,0.7844130703805,0.5799117490218,0.5022241119893,0.5138638400009,0.4308914436127,0.5597233282448,0.3220998275167,0.4043402899492,0.3826290415483,0.6607149276592,0.7309436607476,0.4966574776262,0.5076775528535,0.4476159633823,0.4478727020813,0.5505201589236,0.3078626900045,0.0724864540105,0.2283560442819,0.4571339974540,0.5328209329433,0.4431589174126,0.4367301254731,0.3786009814168,0.4013908640749,0.4806140229697,0.3858232136331,0.3310572316848,0.4020713296660,0.4847592858310,0.6135898487989,0.3785345426357,0.3990291830375,0.2156832204658,0.5748022895335,0.4611382165642,0.4204807715153,0.4822540687152,0.7096275027155,0.1016419454740,0.0414579434527,0.0523002403510,0.3831180273933,0.3352976709130,0.3169911862621,0.1667385018324,0.1018650342248,0.2941844812081,0.4207709460539,0.2084700217991,0.2938450513079,0.2248900674328,0.0488954963628,-0.1032334598845,-0.1304207218500,0.2199810607388,0.1290828580103,0.3464981987208,0.3222101778023,0.0777267099999,0.1441944998279,0.4374625173589,0.4219111067520,-0.0553182153001,-0.2064310480259,0.2818487108181,0.0696762408630,-0.1052175796305,0.2407808479244,-0.1786299611250,0.0522482713809,-0.3164656902102,-0.1168073509699,-0.1072964194039,-0.1402640382653,0.2973219807629,0.2994883635181,-0.1139134161010,0.1461133779784,0.2938984649962,0.1096250915184,0.1444213862074,-0.0259454895958,-0.3281437020506,0.2711163790924,0.1513600013669,0.1882355678291,0.1472584870043,-0.0151744006437
0.1656726211002,-0.0019960851908,0.1471817186204,0.2587348486007,0.2738448522824,0.3079571949337,0.2949969686773,0.2563628952670,0.3736692325920,0.5756343091562,1.0000000000000,0.7001048132903,0.4321894883748,0.2422217082450,0.2544831648623,0.3996276870965,0.4146032270817,0.3759058605618,0.1366504698656,0.4809555614388,0.5714557213578,0.6790370251149,0.7714860264818,0.6377506393580,0.4717752175098,0.5828377997630,0.7374562716411,0.3477736533156,0.1473832254353,0.0351312281115,0.4396761760721,0.5954864741646,0.4371761930288,0.2923479258833,0.3788272839802,0.3121917956898,0.6354098330220,0.5000584676743,0.5044277602526,0.4590636266117,0.3157219292454,0.4419868348325,0.3910508786718,0.4720063080944,0.4145428577635,0.5762393370273,0.3768288718123,0.4162279254876,0.5325654104285,0.4004146880919,0.1159599417530,-0.0595788592521,0.0508302577917,0.1501231101327,0.2182040395002,0.1267665133258,0.0030857207901,-0.1321992536900,0.1202767510074,0.3165437108376,0.1896705189525,0.5603872241402,0.2541082240499,0.1399225192370,-0.0096556987622,0.0758215918361,0.0680120523936,0.2105259286721,0.1373787020461,0.3817198990961,0.2250086231947,0.3929850374887,0.5945659911066,0.5340340395640,-0.0318184425839,-0.0100056699899,0.5622524574699,0.2992823867751,0.1161590002712,0.4274177635736,0.0144596345601,0.1243238468047,-0.0780542667791,-0.0206655844765,-0.0753253311426,0.0209994418066,0.5521864719800,0.3046385944658,0.0343220743119,0.2721336296101,0.3646896321723,0.3798883486114,0.2117428486758,0.1667849197420,-0.1323062324505,0.4137856122008,0.3027660231322,0.0797645552811,0.2022009514399,0.1309519929301
0.1599334475062,0.0523011301597,0.2677127876856,0.3929811543227,0.4185891747038,0.4525495446978,0.4219868827515,0.4025761890190,0.5658755523148,0.7844130703805,0.7001048132903,1.0000000000000,0.7109065983387,0.3166650431107,0.3998362568926,0.5219687450301,0.7013422316175,0.4985303666114,0.4079136873566,0.5294184486022,0.6775658744584,0.7062470181481,0.6172031659025,0.6353287880189,0.5663910036308,0.4490958476877,0.6302397289220,0.2501459637068,0.0633099196653,0.1686865857143,0.5150260113310,0.6201956561330,0.5762400805169,0.3208545751070,0.3349027431934,0.4054492966444,0.4914791296499,0.4106137961603,0.3943491301070,0.3657550191650,0.4706389113037,0.6594300231273,0.3993474327500,0.4160792784189,0.2971248363441,0.5702096217397,0.5293055554064,0.4624157810617,0.4859912036557,0.6044267753770,0.0331456420067,-0.0997355870906,0.1123505225793,0.2815666194033,0.3722059411192,0.2710574954758,0.2242542068245,0.1312297501318,0.3695212240736,0.5133723919442,0.2031550627425,0.4863612236442,0.4429191311144,0.2683453844398,-0.0344421482229,0.0070711131039,0.2270804862114,0.3839746629259,0.3508516515890,0.4649548586980,0.2633672950110,0.2777326015043,0.6302105891206,0.5321282746321,-0.0424667497915,-0.1256047875794,0.3896377343223,0.1028310678488,-0.1066781747026,0.4362433330652,-0.0388433383965,0.2013541294610,-0.2071016695186,-0.0623893603753,-0.1490269870215,-0.0831519165248,0.3464060252061,0.2350810361137,-0.0599000761920,0.1400441049105,0.2905870259760,0.1837933451030,0.1148065686861,0.0089281626943,-0.2515425665630,0.3962434606719,0.0798085988373,0.1769046010693,0.2470787532070,0.1542810886765
0.0897894330135,-0.0131744820513,0.2618923758761,0.3656606396377,0.4261767075999,0.5188258062899,0.3182278863215,0.6330129146634,0.6524638163623,0.5799117490218,0.4321894883748,0.7109065983387,1.0000000000000,0.1631662139503,0.3690105484646,0.5112892195605,0.8885228170620,0.5723056713224,0.4420961209905,0.6311929601450,0.6231477708778,0.5262127670894,0.4259514719898,0.5712824755059,0.6545695317826,0.3564155185555,0.4907375672373,0.2470317770711,-0.0479303007567,0.1755270588165,0.5431333701144,0.5254773943712,0.7186938312112,0.2594211681646,0.2883180018972,0.2966892557529,0.3123410484754,0.5206726593338,0.2763081311966,0.2398249502529,0.3835621840263,0.5363268728136,0.4720754448055,0.4459494256449,0.4145290244010,0.5358217350202,0.5196242692873,0.4787283524152,0.3489931290472,0.5237997143085,-0.0913158121827,-0.2249541688218,-0.0115867367226,0.2880571079502,0.3598719241648,0.1944620890270,0.3829413030020,0.2393042283175,0.4162512870129,0.5490261162328,-0.0222522038800,0.1889704369546,0.2624724737565,0.3419071458768,-0.2034872622538,-0.2430383682621,0.1813907093177,0.3811036880006,0.3488973976823,0.4205980699520,0.0288359638067,-0.0167133786478,0.4968962292011,0.5083001126340,-0.1771696135207,-0.3288152511687,0.1992893680863,-0.0641497703856,-0.2971233707004,0.3021621647590,-0.1708043627917,0.2301253199273,-0.3526593581195,-0.3055621795915,-0.1718946778346,-0.2245080561435,0.0846734727640,0.0596039032156,-0.3162791280176,0.1367575883438,0.1286166787841,0.0284394406655,0.0418830525647,-0.1638944876361,-0.3135279587814,0.3286342803993,-0.1327528079001,0.0163088358316,0.0143846021624,-0.0895608372469
0.6757342763733,0.6793720706243,0.4754281614457,0.5423060399184,0.4174235328271,0.2026554692232,0.3024024691929,0.1316115164322,0.1609165606628,0.5022241119893,0.2422217082450,0.3166650431107,0.1631662139503,1.0000000000000,0.5945996196379,0.3260120295724,0.2079287411429,0.1753920577817,0.2935155032189,0.1544644842625,0.3736144259748,0.4027044285459,0.1635545614496,0.1787560669876,0.2102868509540,0.2495920566448,0.2744498507365,0.4067583540295,0.1482917117374,0.5142447808706,0.2151540620768,0.2426575061164,0.1724543123118,0.4377523165136,0.3814217893251,0.2067286355666,0.3190343480757,0.2636613251409,0.1989552762630,0.3506160026438,0.5090682158551,0.4354535465088,0.1983802104510,0.2576801573669,0.1036177169482,0.3406224452524,0.3129748605851,0.1889847174471,0.4457051533646,0.4427723899433,0.4647764119145,0.4923408832961,0.2506262387244,0.4026948919511,0.1836616392872,0.3237006796262,-0.0235861314797,0.0576672310110,0.2362834333042,0.1976348379704,0.0824680987360,0.1034234256695,0.0331080995598,-0.0900458280741,0.2981735831031,-0.0549334431828,0.2413619942200,-0.0250683490489,0.2793487547642,0.0573953333447,0.0451615055542,0.0139977331730,0.1158914861112,0.1730936978620,-0.0332356340431,-0.1301253635421,0.1104020562453,0.2097984598767,-0.0204658584024,0.1309454777526,-0.1017195688572,-0.0946321697145,-0.1708669831421,-0.1690820672852,-0.0876577591276,-0.0647063169269,0.1561970255687,0.3016405968165,-0.1229157539420,0.0964575143963,0.2056955821403,0.1572389685576,0.1220152159352,0.0372718338101,-0.2069934633075,0.1419981465006,0.3084685162353,0.1891825113205,0.0272247720869,0.0428759567974
0.5246472669662,0.4784497296561,0.4354115746887,0.6748386813759,0.4831697253760,0.3390419945774,0.4026540010572,0.3074605330731,0.3730570513128,0.5138638400009,0.2544831648623,0.3998362568926,0.3690105484646,0.5945996196379,1.0000000000000,0.4745500447858,0.4505762492781,0.2585747263394,0.4153402045343,0.3458514956288,0.3948835178819,0.3184617566069,0.2628017484910,0.2619476878017,0.3852125142720,0.3184430879880,0.2776886995782,0.2596011588175,-0.0979995060449,0.2150388424336,0.3146205041371,0.4155853983107,0.3538633418696,0.5261137669937,0.2304526871051,0.3446308712540,0.2434155070349,0.3772117501755,0.3461282485447,0.3753768014472,0.4249910747772,0.6379967812505,0.4890762903698,0.4681675972047,0.2254475194817,0.4200075327731,0.4357339662840,0.3422947574676,0.3328483506798,0.7123064392811,0.2332046315573,0.2275864501408,0.3402188487878,0.4640909980821,0.2316758062184,0.4657774405934,0.1351918879903,0.0561692828378,0.2711210420239,0.3363468609268,-0.0749070330667,0.0058352360024,-0.0433011348154,-0.1662371644950,0.1247033550386,-0.0601168736398,0.2774948895119,0.0063723632547,0.2708853947741,0.1746884092703,-0.1758871210781,-0.2077473751691,0.2034666252177,0.2141181438438,-0.2983132878602,-0.3676067904582,0.0033371822994,0.0930926108634,-0.1997804866265,0.1022297987109,-0.2169840997169,-0.0834320654606,-0.1990212259352,-0.1388535690802,-0.2484761685557,-0.0727006676681,-0.0550266371443,0.1450690241519,-0.1865739683706,0.0839572016748,0.1873660554271,0.0907763863109,0.1268851949381,-0.2285109142513,-0.3855925968810,0.1912850321447,0.0515112418153,0.0436943984533,0.0218635557542,-0.0871001892296
0.2865578226140,0.1354074680564,0.4885753987223,0.7220323256515,0.5049625078006,0.5601308518480,0.6853902983643,0.4937392334272,0.6557899794863,0.4308914436127,0.3996276870965,0.5219687450301,0.5112892195605,0.3260120295724,0.4745500447858,1.0000000000000,0.6336233175962,0.5101549516943,0.6543681569540,0.7825112200291,0.4747412479589,0.4377048145250,0.4442670576314,0.6807746049116,0.6577846682812,0.4482850117369,0.5613201481793,0.4415498006960,0.0023876044286,0.1549173885516,0.6611981078135,0.5598825717338,0.6398763943859,0.3550599856452,0.5042083096730,0.6820070751971,0.3196510004087,0.5353061532927,0.5111084190732,0.3501700228981,0.3915199087653,0.5631291126869,0.4717239027034,0.5322416937042,0.4090393559148,0.5096624233115,0.4275484552763,0.4995516611525,0.4452204828452,0.4636536762793,0.1710032939741,0.0239025719922,0.4958996906620,0.4873819128107,0.5050529980594,0.5868804519925,0.4369786877059,0.1359846610918,0.3713594072709,0.5750359128180,0.0975029769465,0.2528753484560,0.2440899627440,0.2207469733563,0.0795516847926,0.1106952115201,0.6894657399341,0.4309192564983,0.5748223054778,0.6764349861955,0.2660463401250,0.1603062580592,0.6084427305682,0.5624960891173,0.0606886074539,-0.0531935399788,0.3625088208146,0.3252009170318,-0.0289123940637,0.5626223086468,0.0608114911461,0.3909716959992,-0.0384945245914,0.0306862086489,0.0484428242582,0.0240265470408,0.2568990481318,0.3801698056103,-0.0355701016973,0.3859032129933,0.2999545168685,0.2422640352244,0.3027403107036,0.1297365271912,-0.1416653036417,0.4915887351166,0.1919624990327,0.1523421117566,0.2140394304053,0.2290594903280
0.1122332895320,0.0202762022884,0.3057533020348,0.4395877661121,0.4102618025241,0.5034199455941,0.3538034140399,0.6788035554703,0.7260279975971,0.5597233282448,0.4146032270817,0.7013422316175,0.8885228170620,0.2079287411429,0.4505762492781,0.6336233175962,1.0000000000000,0.6429307384547,0.5214263545829,0.7154103281013,0.6795353560615,0.5068971132690,0.4262161240341,0.6255322463141,0.7063848594024,0.3955111991399,0.5177683631829,0.2382461109011,-0.0457712869586,0.1586454656843,0.6661066012064,0.5501951234029,0.7783552610465,0.2834518132049,0.3003461582980,0.3398787866396,0.2876000470619,0.6047751900856,0.3244180736849,0.2010097029612,0.4037299015919,0.5968544513949,0.5356060192043,0.5188321021663,0.4724574770284,0.5460705590045,0.5160857140890,0.4681861581397,0.3284477846807,0.5643278146382,-0.1002102411629,-0.1944672683408,0.0690535450018,0.3259429035429,0.3538805884425,0.2412499573682,0.4053314903816,0.2455765702385,0.4705421778869,0.6084992681295,-0.0465341029605,0.1587672121159,0.2393433212929,0.2472701909991,-0.1802117594340,-0.2137748255271,0.2553614387285,0.4300447327716,0.3909176684768,0.4698148812879,0.0723846607572,-0.0776122958959,0.5037053706134,0.5460478525289,-0.1553737966609,-0.3138825703924,0.2097238040443,-0.0677735403072,-0.2617325453719,0.3587308550520,-0.1623089712694,0.2486630191981,-0.3297067364742,-0.3256058262909,-0.1360843849866,-0.2119383695743,0.0733841704829,0.0611495486741,-0.2975120422127,0.1999380829344,0.1354534968154,-0.0197025748646,0.1156374496994,-0.1884687247023,-0.3292508083047,0.3530028639802,-0.1321818976365,0.0113048660719,0.0215777073206,-0.0859052876961
0.0806194275963,0.1042561381528,0.3287338781756,0.3503310459136,0.3505712198673,0.4277432410928,0.3320997184302,0.6741537962624,0.7349321567589,0.3220998275167,0.3759058605618,0.4985303666114,0.5723056713224,0.1753920577817,0.2585747263394,0.5101549516943,0.6429307384547,1.0000000000000,0.3537691628233,0.5562764586696,0.2619438702589,0.2621427570307,0.2525972032467,0.5825686858838,0.6725926924518,0.2279725521489,0.4527846518740,0.2502468236301,-0.0047885873178,0.2309404374330,0.5413226156900,0.4453532505125,0.4948574539939,0.1631625009729,0.2594324733397,0.2441085667241,0.4063744598979,0.4902147898339,0.4786040210446,0.1996119604189,0.3681424373524,0.4772501102859,0.2200437782385,0.3786144699691,0.2893811896121,0.3390491991666,0.3622689046757,0.4963056746313,0.3595360184549,0.3618820973497,0.1028432650006,0.0513584327413,0.2204036053162,0.3525033903896,0.4497999606556,0.2458117278031,0.4919080942412,0.5353161352052,0.6798607336336,0.6717664957878,0.1626822694989,0.4203617405740,0.4122648047437,0.4063646346327,0.1329996393956,0.1043305930355,0.3396691367297,0.6067358473669,0.5065569505139,0.4941358075129,0.2522504855312,0.2006440116618,0.6033161999480,0.5431200564584,0.0291654492392,0.0079932231662,0.3040242706394,0.1060042464487,-0.1100303709958,0.5759676463912,0.1756450571772,0.2968037508112,0.0503771434659,-0.0741079802968,0.0902148891911,0.0333759166744,0.2854100644081,0.1077463410689,-0.0064221962458,0.4571344158466,0.3105267104756,0.2218668295601,0.2080886893732,0.1475065789980,0.0327997164296,0.5251587420801,0.0569503456207,0.1567111197092,0.3457017083623,0.2455072335091
0.2867872601499,0.2074579124070,0.4866036014795,0.5455798872352,0.4043855460780,0.4287612237409,0.5272362193845,0.5437170581167,0.6459100938372,0.4043402899492,0.1366504698656,0.4079136873566,0.4420961209905,0.2935155032189,0.4153402045343,0.6543681569540,0.5214263545829,0.3537691628233,1.0000000000000,0.5455157713469,0.3427680318513,0.2050524602574,0.1041366609493,0.4325881885878,0.4596605333431,0.1987059367953,0.2842269834726,0.2245834379695,-0.1173294761034,0.0850668356813,0.3269815160952,0.2696326543192,0.3859672094556,0.2817555307025,0.2954426650809,0.6791173084302,0.1435206309609,0.2998204206360,0.2671265269513,0.1652870697046,0.2856366482343,0.4478810250981,0.3835110366540,0.3216352340999,0.1825268572924,0.3095379242678,0.2586651864851,0.3237954671838,0.1580246422130,0.4146412867451,0.1222237871743,0.1535533682250,0.3074420001372,0.4562050072077,0.4724537683625,0.5313686379647,0.3322425650151,0.2705572911218,0.4119307589745,0.6682409578839,0.1599277161899,0.1050192709463,0.3069942820326,0.2209838873955,0.1372476388268,0.0463501767808,0.5571161161463,0.3620457059736,0.6253149045584,0.4673361731858,0.1705949451043,-0.0801581125222,0.4329384976292,0.3627099712853,-0.0421355527453,-0.1618845037541,0.0981885630379,0.1643124917625,-0.1336467118830,0.2934816100234,-0.0157931529416,0.1678290643237,-0.0260402100020,-0.0182587530659,-0.1727312436482,0.0482878971306,0.0671979850902,0.3483415809901,-0.0882455191476,0.1133479620147,0.1759847780850,0.0778090600595,0.1484649629315,0.0324621879869,-0.1691614724771,0.2326559945593,0.0820224527348,0.2071245575521,0.2053897865554,0.1437319841076
0.0198374433312,-0.0093521551247,0.2509941284293,0.4213010579161,0.2921914182730,0.4356340263680,0.4260216741993,0.6737368207495,0.7152203077832,0.3826290415483,0.4809555614388,0.5294184486022,0.6311929601450,0.1544644842625,0.3458514956288,0.7825112200291,0.7154103281013,0.5562764586696,0.5455157713469,1.0000000000000,0.4837019098927,0.4908479289043,0.5658681826103,0.7018439447670,0.7921913767962,0.5524888145463,0.6694988757927,0.3893357389445,0.0185774236400,0.1868640572843,0.6686926453164,0.5519603681728,0.7519235550656,0.2989771430395,0.3624257817967,0.5107456439596,0.3219410017701,0.7508263788539,0.4191186152834,0.3571309884005,0.4252706280849,0.5452693449368,0.4880784951641,0.6510566600634,0.6120753289968,0.6180735895622,0.5016069269865,0.3851533533958,0.4342797664290,0.4560341109996,-0.1268043830308,-0.2235775199651,0.1132897375435,0.2196136423584,0.2870294144705,0.2485007879346,0.3979545662470,0.1328565699463,0.3441153036753,0.5720749711377,-0.1039838447576,0.1670785305061,0.1139388608394,0.1415116136184,-0.1687669344625,-0.0903529149379,0.3590887391845,0.3417351296351,0.4425237210155,0.7086128946359,0.1215211470998,0.0773040544756,0.6028694235186,0.7327948466644,-0.0568321955991,-0.1405960543973,0.4210923515699,0.2053796738335,-0.0839081083783,0.4821568662996,-0.1053004899136,0.3369586385574,-0.1648968268516,-0.1567765483513,0.0078137366125,-0.1274467723177,0.1923255794384,0.1873962322115,-0.1576272550088,0.4242719539467,0.1409036086043,0.2126027942799,0.3202528884937,0.0016498042513,-0.2559918846860,0.3667544382282,0.0268411607967,-0.0708551028157,0.0768180762305,0.0284019080702
0.2169797242313,0.0579914488139,0.2228916538454,0.3861865487838,0.3367049560168,0.3969844669357,0.2527621962229,0.2912948843821,0.4019350890333,0.6607149276592,0.5714557213578,0.6775658744584,0.6231477708778,0.3736144259748,0.3948835178819,0.4747412479589,0.6795353560615,0.2619438702589,0.3427680318513,0.4837019098927,1.0000000000000,0.7043051280692,0.6016261232291,0.6187715029683,0.4825513613228,0.5684692269037,0.6617810453401,0.2885776336020,0.0602626592954,0.0673465608807,0.5261231187083,0.5863970406754,0.6776616635705,0.3068333564017,0.4335131471306,0.3127793428951,0.4487894902988,0.4912038048698,0.2277386963519,0.2497454811372,0.2773931666527,0.3828749221509,0.5493915511731,0.3650628684031,0.3538059512637,0.5300231235873,0.3650861153645,0.3439233909696,0.3565976464062,0.4885243212403,0.0622729768841,-0.0787546936852,0.0219088157034,0.2679798082917,0.2209165957848,0.1642269054819,0.0608557624860,-0.1319965002041,0.1030892979681,0.3165994571643,0.0761336548412,0.2625389310104,0.1672025188141,0.0641126543478,-0.1261246714042,-0.2160350710613,0.1257584422938,0.1081714137515,0.2078329505978,0.3137278768424,0.1337585725924,0.1953615338259,0.4229499768808,0.4618409356141,-0.0255948588821,-0.1395961287129,0.4074247968236,0.0463995188847,-0.1205236438946,0.2468197155924,-0.0514278365367,0.2049331310745,-0.3655052760907,-0.3122576558700,-0.1520622784466,-0.0655184754024,0.3283788538792,0.2587723366155,-0.2651822607228,0.0951744407630,0.1956571948878,0.1165797894353,0.0682897664443,0.0061633335482,-0.1883378289024,0.2717621988029,0.0299239593600,0.0936326900125,-0.0457902805742,-0.1218089229238
0.1330959972100,0.1173864166744,0.1644499859646,0.2857348987464,0.2520518857356,0.3251685821293,0.2858943984567,0.2376637972912,0.3151875829705,0.7309436607476,0.6790370251149,0.7062470181481,0.5262127670894,0.4027044285459,0.3184617566069,0.4377048145250,0.5068971132690,0.2621427570307,0.2050524602574,0.4908479289043,0.7043051280692,1.0000000000000,0.7112329014963,0.5498071045464,0.4507853528177,0.5997695563814,0.6771397520391,0.4621749035387,0.2775101279798,0.3148197373441,0.5714051613889,0.6251168688822,0.5783542147386,0.4368933799938,0.3558385765659,0.2678974935220,0.5088580498703,0.5515355916281,0.3411553356332,0.4921708668283,0.5559153847025,0.5151800920336,0.4252879735081,0.4989106625392,0.4373806184705,0.7552601629524,0.6156970560866,0.2834303771885,0.6465630667782,0.5394253472114,-0.0394269749216,-0.1548114527682,-0.0671674724926,0.1289612739303,0.1285651408963,0.0740439096439,0.0435740331822,-0.1150165333064,0.0769405917626,0.2205417955155,0.0833831617444,0.3120138596012,0.1198071376541,-0.0004647942504,-0.2058876775030,-0.1401387397912,0.0880841057242,0.0437769736625,0.2057398230829,0.3268679840252,0.1239292719129,0.3158971702440,0.3827870689870,0.4638513163025,0.0072457924038,-0.0894190514546,0.4731665798211,0.1879642044309,0.0540372213015,0.2543370761324,-0.1439851578905,0.1650143817349,-0.3128659445377,-0.1721034880894,0.0115613286850,-0.1466922148106,0.3525022635320,0.2333996659875,-0.1093627835203,0.2304735469431,0.2163982873955,0.2428914851325,0.2524650869381,0.0836185426719,-0.2414734633646,0.2126970745319,0.1500410663985,0.1257489519779,0.0392232986948,-0.0294377086562
0.0202661906199,-0.0697671283780,0.0192032085584,0.2199878795133,0.1216098696752,0.2471157630091,0.2045917906071,0.2225208841764,0.3115006588393,0.4966574776262,0.7714860264818,0.6172031659025,0.4259514719898,0.1635545614496,0.2628017484910,0.4442670576314,0.4262161240341,0.2525972032467,0.1041366609493,0.5658681826103,0.6016261232291,0.7112329014963,1.0000000000000,0.5244192019137,0.4824915777573,0.7631663335922,0.7450876863660,0.2960364753345,0.1564138242396,0.1161639468950,0.4786968357228,0.7587806327554,0.6184009210464,0.3914443452929,0.2979327958160,0.2432155904267,0.5291144271846,0.5393658322435,0.3164563676387,0.4626830223466,0.3451468016930,0.4631574889649,0.4495776954146,0.5531026948404,0.4674180030290,0.7103114825354,0.4835962410968,0.2429035429162,0.5013143202306,0.4071885417214,-0.1223784967821,-0.2894305001063,-0.0352077357675,0.0075978024413,0.0353306880570,0.0146980262069,0.0476817668218,-0.2117965139264,-0.0009108246604,0.1980123125720,-0.0797009929231,0.2933009412562,0.0037907949450,-0.0162571972988,-0.2831843361957,-0.0407168933825,0.0123617990942,0.0352795140946,0.0972625902888,0.3979053052126,0.0804300137441,0.3827140205740,0.4818327514646,0.5393954364298,0.0073592433646,0.0452729182035,0.6277422571350,0.2230557623493,0.0474570800098,0.3270758007236,-0.0269813452613,0.1944046259105,-0.2261726154145,-0.0241810558680,0.0220071753077,-0.0103142128911,0.4243800028592,0.1915617410237,0.0272407612804,0.2941988487634,0.1697988256803,0.3299506563140,0.3217454520162,0.0746414558288,-0.2048650053617,0.2377805164019,0.1488951797126,-0.1690497041993,0.0253854188492,-0.0476068146331
0.1268683427180,-0.0164792241785,0.3514635143387,0.4650502588216,0.4107115809148,0.5252989134548,0.5690239431856,0.4287140145165,0.6913628786335,0.5076775528535,0.6377506393580,0.6353287880189,0.5712824755059,0.1787560669876,0.2619476878017,0.6807746049116,0.6255322463141,0.5825686858838,0.4325881885878,0.7018439447670,0.6187715029683,0.5498071045464,0.5244192019137,1.0000000000000,0.7017512719394,0.4626035526869,0.7474320188392,0.4500753516864,0.0338284160867,0.0622972824471,0.6905378517122,0.5173688586954,0.5796333981397,0.2197758432485,0.4332055266300,0.5622572383953,0.5762864962156,0.5675468045052,0.6018656152081,0.3648389873256,0.3337454611435,0.4493987204308,0.4265527315613,0.4712969935646,0.3744729728594,0.4848977145430,0.3608671663811,0.5673408576058,0.4792292982239,0.4207912733502,0.1366166696270,-0.0091706228974,0.2891681392259,0.3723738508941,0.5105467974010,0.4176306920681,0.3582032002813,0.0913546207710,0.3322401654076,0.6237740750915,0.2221004004630,0.5312322467837,0.3994234986884,0.3283772734614,0.0726067859663,0.1448687928471,0.4080353033139,0.4728754126186,0.4991867306254,0.6819935797135,0.3618387833098,0.3973380540426,0.7837110808011,0.6839388351047,0.0894178314418,0.0732709757182,0.5184738470127,0.3216766236616,0.0183711869829,0.5797589205528,0.1637381340114,0.4331840156311,-0.0227488252637,-0.0567046593244,0.0735068244530,0.0790567231522,0.5079185947484,0.3099118436931,-0.0144138510081,0.4255421391611,0.4363129790693,0.3861009851259,0.3185286787927,0.2823501837344,0.0088887037345,0.5999526087626,0.2029961127766,0.2150392557029,0.3053000444789,0.2576884765914
