1.0000000000000,0.5366962129424,0.7164334359549,0.7178854169232,0.6548774554131,0.2817417789366,0.3907518277761,0.0052994856204,-0.0187115680781,0.2583991146693,-0.0110097942409,0.0754068904867,0.0066190495857,0.7320524200524,0.5316111841908,0.2838366616546,0.0542071415931,0.0266003693853,0.1999009217761,-0.0810844784614,0.2449164802006,0.1266228392591,-0.1009364466140,0.0291352423027,-0.0715445554845,-0.1230249870703,0.0223881757935,0.2400306830730,0.0957543597812,0.1716707874089,0.0225879385945,-0.0862633550854,-0.0780892235152,0.2032295986168,0.2908018794825,0.2291618659689,0.0032732276695,-0.0198985981350,0.1143027804726,0.0353366215538,0.1431046019341,0.0951372198754,0.1565928603498,-0.0181462131130,-0.0883760685722,-0.0098547314514,0.1946816698401,0.2091001133058,0.2779652947247,0.2724240585955,0.9068587848375,0.6692503680404,0.5323938229232,0.5743047996644,0.2447253514562,0.5143750673558,-0.2457694145020,-0.0713840852329,0.1225315047476,-0.0435408001041,0.0827524355079,0.0297976551138,-0.0335960836500,-0.1820148653109,0.5499468954483,0.0051415987234,0.3178351473198,-0.0786567637369,0.2078091643787,-0.1053471837067,-0.1714674406798,-0.1210564937486,-0.0463530030502,-0.1009986965100,-0.1853613566611,-0.3284646375042,-0.1852762344980,0.1814754168102,0.0614509525197,-0.0145777603378,-0.3271719970540,-0.2817937490455,0.0023033513163,-0.1425723289109,-0.3795692403502,-0.0022736555208,-0.0250440472997,0.2897842589165,-0.2321868432380,-0.1942669686313,0.0850883506473,-0.1184267612416,-0.2143263421360,0.0792390760295,-0.2641651326793,0.1807325984482,0.4104798082990,0.2492096897040,-0.0919267089810,-0.0466515390111
0.5366962129424,1.0000000000000,0.4051602960066,0.4714438531177,0.2378963429111,0.0484828685792,0.1587803774810,0.0298249789377,-0.0871654704479,0.0541165215824,-0.1988935563477,-0.1428629029191,-0.1020072023124,0.6499294460433,0.4511011224462,0.0921922193523,-0.1219296958438,-0.0219092422185,0.0762029765901,-0.0865850135831,-0.0189735591797,-0.0118432626928,-0.2717588346271,-0.0609803098237,-0.1272447432568,-0.0118626094965,-0.0703943599521,0.4199226841918,0.4112983598924,0.5543487961056,-0.0611207344405,-0.1079739068661,-0.1638141752908,0.1084718399123,0.1726714178768,0.0763637208424,-0.1194858168483,0.0554141769646,0.0542747232777,0.0267877094106,0.2704456798898,0.0342158969924,0.0238000680688,0.1292584520371,0.0004476487145,-0.0431944534040,0.1210873633012,0.0234640954778,0.2449408618747,0.1384146959651,0.4718769067270,0.8688522986183,0.3088417447697,0.3234831056533,-0.0198934109556,0.2199822122516,-0.0810375787476,-0.0196091916397,0.0604266761527,-0.1207251468746,-0.1547875013664,-0.1630396473975,-0.2704328125411,-0.2327720878249,0.5114874489035,-0.0060144174771,0.1444324819857,-0.2120967984791,0.0546222596735,-0.1694499298298,-0.2859337069988,-0.2396395120904,-0.1270516755895,-0.1775941015991,-0.2158621107082,-0.0124807385444,-0.1858089809141,0.4178673422110,0.3550556495633,-0.1529622506795,-0.3129807772396,-0.2129529298052,0.1847385713774,-0.0748608167276,-0.0593123030255,-0.0211630926302,-0.0631264592022,0.1799599652166,-0.1779033047857,-0.0018282904323,0.0853026390898,-0.0369111655280,0.0999074315596,0.1657932181195,-0.1871819423298,0.0122749684590,0.4451690641059,0.1248111249999,-0.1536792459741,-0.1258597833134
0.7164334359549,0.4051602960066,1.0000000000000,0.7553492606747,0.7360820330480,0.6732475398875,0.6719029356025,0.2910570205359,0.3152878385659,0.4054509013994,0.0668230732042,0.2749047682498,0.2143244466541,0.4000812226899,0.4167298814266,0.4237954932432,0.2588146811375,0.2313253916603,0.4859561067440,0.1541359914815,0.3334920413792,0.2127641706942,-0.1109640473814,0.2549860348481,0.1209671672995,0.0038988792011,0.1329359494816,0.3335745697988,0.0019791815657,0.0504865434162,0.0861448357920,-0.0208427483681,0.0266783630301,0.3038762105521,0.4319638833518,0.5087564031092,0.1019152527798,0.1174095596941,0.3011414492704,0.1683377144039,0.1321365703655,0.0848878906089,0.2311294233560,0.0992609126771,-0.0147104688151,0.0115410224196,0.1872514732809,0.4331394503653,0.1822169092159,0.2975556270790,0.6766593852618,0.5478869259695,0.3887376548759,0.8939344218284,0.5562747813051,0.7741750928085,-0.0709899912345,0.1853740753873,0.3741224831597,0.2904269547759,0.2447397252315,0.1478775346899,0.1608026123036,-0.0204929495943,0.2971846253532,-0.0526736800761,0.4060158187703,0.1459165328427,0.4569747174215,0.0903076807459,-0.0674777967617,-0.1269225356592,0.2153042865732,0.1355136324719,-0.0526700300082,-0.2654531831407,-0.0756576198878,0.2435056945929,-0.0471381011786,0.0817359341203,-0.3446415482651,-0.1856265614646,-0.1402999274615,-0.1319075158044,-0.3815985999819,0.0445644682277,0.0990165556845,0.5091040788690,-0.1939475737808,-0.0920967389832,0.2640543790026,-0.0012485940095,-0.1108372034378,0.0790799088796,-0.2925364256650,0.3348100901630,0.1819296518558,0.3052257199639,-0.1169497065517,-0.0352949442307
0.7178854169232,0.4714438531177,0.7553492606747,1.0000000000000,0.6943137426545,0.5004036820513,0.6199610988579,0.2827273132752,0.3226209156386,0.3747554336902,0.1356573825878,0.2502842992777,0.2208373974071,0.5934345513113,0.7088240146174,0.6898506296328,0.3277841751114,0.2832081402113,0.4010178414325,0.2611937378565,0.4023509576913,0.2294807739538,0.0615709016353,0.3139970419571,0.1804872064917,0.0563055015741,0.2143232195361,0.3926108603787,0.0879138944202,0.2352278028334,0.2474344787670,0.1076928958630,0.1881959015328,0.2072914318962,0.3939017540030,0.5099851450850,0.0733507504519,0.1756426535895,0.2942030949005,0.2831488053309,0.3079167178550,0.2362598333231,0.3400324629589,0.1771053811177,0.0365216303763,0.1690531505473,0.3502009264038,0.3508846160922,0.4035806796257,0.4140820085787,0.6488826584812,0.5511314312505,0.7417468952247,0.6957799215838,0.4615665244186,0.7101718034097,0.0106046050013,0.1324484276517,0.3810729216664,0.2781765602578,0.0167994972730,0.1625646601855,0.0079637313778,-0.1032199197368,0.5351977891913,0.0710701421307,0.6079287537479,0.1681264261603,0.5141612764379,0.2058160234992,-0.1238020363132,-0.0056673215728,0.2631106658856,0.1474714660104,-0.0647165029202,-0.2288981476778,-0.0269432944607,0.3410994785737,-0.0016593452043,0.2911727744537,-0.3247394545132,-0.0332959498094,-0.0718190877722,-0.0696786098131,-0.3749893023582,-0.0855376290679,0.0379410262993,0.4052539811618,-0.2485582772048,0.0072036162170,0.1740761850333,0.0808346037667,-0.0999698931543,0.1402733529523,-0.3621099085559,0.2844553956213,0.3401728758456,0.1906187659746,-0.0503130857158,0.0661293735528
0.6548774554131,0.2378963429111,0.7360820330480,0.6943137426545,1.0000000000000,0.7841684401506,0.7824236992433,0.2837881448692,0.3165673275299,0.3720290959206,0.1987738300358,0.3293827503813,0.1133687909871,0.3855660681028,0.3574729499524,0.4216218301171,0.2503049946814,0.3448110659848,0.4082536771907,0.1604775864297,0.3520138893739,0.3209884030156,0.0571523192751,0.3415256275202,0.0697769099796,0.0351200506030,0.1889243784911,0.2947018756950,0.0672195794774,0.0650893911707,0.1238904365359,-0.0703191675054,0.0009030975413,0.3242947995849,0.4912164453337,0.4860049788893,0.1612806701054,0.0696673091797,0.2808152955736,0.2724717689193,0.1424561600765,0.0113413002653,0.1506848300917,-0.0351051551087,-0.0842076006408,0.0453470732394,0.1292076877544,0.5730666031389,0.4149428038217,0.2165313040829,0.7115983598030,0.3288650144238,0.4069059050458,0.7899970036674,0.7575655561180,0.7627853499950,-0.1151813939453,0.1469226498880,0.3267369339817,0.2956076365438,0.2094982836868,0.3184769740880,0.2022767786939,-0.1069864669649,0.2942207290397,-0.0797474381704,0.2524533054165,0.1816560022054,0.3879375634896,0.0892804052157,-0.0524959276694,0.0590817577589,0.2588937224512,0.1289797848672,-0.1343112844798,-0.2145397038042,-0.0594374167536,0.2061968837282,-0.0155678023604,0.1160189145884,-0.3432770486737,-0.1864576503667,-0.2037995917060,-0.2418154050070,-0.4738583880810,0.0347986778456,0.1438572867237,0.4908967874570,-0.2360739296639,-0.1250328630584,0.2249125176831,0.0639023820007,-0.2574215254534,0.0821873148298,-0.3401479685470,0.4441771742846,0.3373170358131,0.2383533920003,-0.1330810646135,0.0084865270649
0.2817417789366,0.0484828685792,0.6732475398875,0.5004036820513,0.7841684401506,1.0000000000000,0.8312768510037,0.4279125880925,0.5074387931246,0.3858525922357,0.2515227425756,0.4266895355051,0.2926802070426,0.0461818482420,0.1644085394477,0.4463930100215,0.3867265686019,0.4681100101078,0.5132873303230,0.3125022058278,0.3276447198314,0.3323541760380,0.0855580949691,0.4581521816341,0.2178435680941,0.1374875793535,0.2565261812103,0.2570170680501,-0.0070412249262,-0.0283533901704,0.2086459979884,0.0337857938065,0.1194747916621,0.3302256335673,0.4757718610537,0.5920006845271,0.2152036783526,0.1556277629531,0.3700734504586,0.3239665272392,0.1086508122139,0.0145589700070,0.1662589429675,0.0536972960416,-0.0175672175182,0.1072521862585,0.1275974394646,0.6789997346433,0.2662469737716,0.1670216954646,0.3246584790601,0.0858074914311,0.1454167823998,0.8222383529673,0.8871704025813,0.7648593901430,0.0661664290323,0.2973979020524,0.4534306539641,0.4910537881146,0.2650209801246,0.3797544382662,0.3158135780297,0.0752014946052,0.0177338204319,-0.1551975991668,0.2386305664337,0.3437386358066,0.4822551738223,0.2326169432000,0.0026506447964,0.0691072088645,0.4163654213439,0.2801045496545,-0.0148706196689,-0.1314375728501,0.0863436613275,0.1841657992718,-0.0776253058564,0.2200724168842,-0.2435886870242,-0.0274295112863,-0.2708168388666,-0.2006630066546,-0.3599397280625,0.0652048497089,0.2302080794187,0.5510677729687,-0.1562852596241,0.0035249779377,0.3171073574140,0.1406071875538,-0.1268574676174,0.1098473657260,-0.2680531585889,0.4958134333489,0.0954118117329,0.1752948409897,-0.1343389015986,-0.0045411114994
0.3907518277761,0.1587803774810,0.6719029356025,0.6199610988579,0.7824236992433,0.8312768510037,1.0000000000000,0.3363899537002,0.4767365780429,0.3420732642727,0.1336136069654,0.3251093158073,0.1533697185766,0.1318648619859,0.1741230886875,0.4339250345554,0.2538982080589,0.3348330036239,0.5444250150782,0.2402778337838,0.3115215837076,0.2983806688739,0.0013585664139,0.3881687157705,0.1161233233051,0.1895428029314,0.2117041605262,0.2718364118861,0.0750654851231,0.0431094249546,0.1343695190269,-0.0589825732600,-0.0258342536407,0.4612914318474,0.6386678286092,0.6512309585285,0.2502911840787,0.1061066793915,0.3946023013538,0.3862962468038,0.0342310504496,-0.1315499656175,0.1336393529273,0.0286374077928,-0.1111960509001,-0.0340567735291,0.0353199275916,0.5738345159708,0.2964109145286,0.0972966725368,0.4187406070459,0.1555656606616,0.3069886053005,0.7813435905424,0.8251007809916,0.9028573994411,-0.0210460880769,0.2880333148587,0.4504427067067,0.4762964955440,0.2337322738413,0.2882075585383,0.2020345451539,-0.0957745383886,0.0908337599253,-0.1813253825181,0.3029225214873,0.1784552209867,0.5558419241461,0.2057639381404,-0.0331323288441,0.0222236296785,0.3123139052417,0.2002193577811,-0.0787626144198,-0.0443216019453,0.0126947266014,0.1933961317942,0.0242772756773,0.1169974206627,-0.3091100107847,-0.1811555356972,-0.2988651893996,-0.2561774166433,-0.3849446727374,0.1238195062450,0.2286633380425,0.6783952987470,-0.1828373642531,-0.0374538539765,0.3880858017312,0.1772132480909,-0.0957546153906,0.0611836662645,-0.3094067708836,0.4144375603866,0.1512030400491,0.1461722808898,-0.2602983141611,-0.0391233015005
0.0052994856204,0.0298249789377,0.2910570205359,0.2827273132752,0.2837881448692,0.4279125880925,0.3363899537002,1.0000000000000,0.7863313288313,0.2818387692696,0.3747045691849,0.5806365447458,0.6273334772947,-0.0551903967977,0.1996881836550,0.4908366964480,0.7153985768418,0.7524787016267,0.6257594865177,0.7409590512096,0.4498826832884,0.3575311785328,0.3223715377773,0.6446762893492,0.6448875984787,0.3842198734754,0.5383789518797,0.4241491433745,0.0405127123615,0.0733750977991,0.2768771706708,0.2876189520177,0.5060127108350,0.1317567882958,0.1636801009217,0.4665094993180,0.2727909943191,0.4997028096288,0.1818310591369,0.4413470328486,0.2565230569017,0.2029707922517,0.2820225166412,0.4783252005219,0.3658191548901,0.3737053406249,0.1822731737288,0.3031361272971,0.1757938018566,0.1677875036755,-0.0386156921719,-0.0204618122315,-0.0358847078343,0.3270990580564,0.4159361596626,0.2849056067650,0.4568116477876,0.6386674853537,0.6976120464950,0.6920652176589,0.1203501384452,0.4483842749273,0.3976586012112,0.2988598375380,-0.0475030737167,-0.1817749132746,0.2498156279050,0.6040666837112,0.6335655208868,0.6630963282481,0.0994383353046,0.2158889152362,0.6397679058020,0.7104625088037,0.0995267938593,-0.0646744988871,0.3854730919931,0.3920147242589,-0.0775158132101,0.4389245310656,-0.1387931081097,0.3363171362997,-0.1835949065151,-0.2575118969828,-0.1888234761585,-0.1078882219931,0.1465940979568,0.2547755255731,-0.2926436876013,0.2858264452391,0.0235740477090,0.3753848989027,0.1903689078540,0.1901517163104,-0.1766805545850,0.1799006156906,-0.0703088355646,0.0482950077098,-0.0589982971011,0.0385924794222
-0.0187115680781,-0.0871654704479,0.3152878385659,0.3226209156386,0.3165673275299,0.5074387931246,0.4767365780429,0.7863313288313,1.0000000000000,0.3570126986256,0.4046881264128,0.6275782823384,0.6444634930152,-0.1592768796764,0.1541704592992,0.5349417093200,0.6773827246182,0.6458834107963,0.6501788526652,0.7311082304017,0.4820118535997,0.3321626889160,0.3351438467307,0.7306490090623,0.6882097169589,0.4270705674827,0.5321438504353,0.3411206468350,-0.0949856904390,-0.0918433106444,0.3042011397781,0.3418114437065,0.4691936868172,0.2656025559741,0.3252793174903,0.6389276733699,0.3566236104640,0.4247153424534,0.3492355076511,0.4719122859163,0.1072534075285,0.1214749011917,0.3057232335747,0.3404986907535,0.1978038620581,0.3027806717715,0.1763462360874,0.3698384881066,0.0940279927982,0.1714462175257,-0.0666859733835,-0.1106070742774,0.0126236581863,0.3944475243474,0.5127491459971,0.4111906723960,0.4111407963150,0.6326903186736,0.7996327528802,0.9630225327514,0.2349488404725,0.5131036788230,0.5101346692771,0.3772313821700,-0.1272514479181,-0.0675641600717,0.3554023717598,0.6203520012107,0.6991457366444,0.7091737692049,0.2461728837449,0.2321775301467,0.7836546848165,0.8129219531395,0.2026279285643,0.0613130135670,0.4296835461517,0.2813874995616,-0.1786487497573,0.4472670161888,-0.0221289038376,0.2950560484685,-0.3378618637804,-0.1048575740317,-0.2428464005661,-0.0012568798182,0.2815185022778,0.4428836279949,-0.1322044661923,0.2285897592071,0.2115733259823,0.3804081109812,0.0704140374670,0.1461926878408,-0.1468336559209,0.2532730243160,-0.1830847552446,0.0364291431521,-0.0985092827841,0.1830275144771
0.2583991146693,0.0541165215824,0.4054509013994,0.3747554336902,0.3720290959206,0.3858525922357,0.3420732642727,0.2818387692696,0.3570126986256,1.0000000000000,0.4878492238940,0.6469946851069,0.3903345712914,0.2899138738560,0.3963202301392,0.3668272514991,0.3758633445857,0.3120182814609,0.4307036271183,0.2159376223340,0.6417329939592,0.7058156163019,0.2285602265597,0.4571023327657,0.2020376229045,0.1674789051607,0.4157867629264,0.3313597151297,0.0982805508903,0.1358458376995,0.3177074652480,0.2239013238576,0.2555664974232,0.2914035095102,0.2849556260928,0.4254593266717,0.4287658987520,0.1512134741748,0.3371439942402,0.3675117139526,0.4082205767755,0.3554277489757,0.3637912449913,0.1295728020549,0.0797274672565,0.3894361485329,0.4476225283166,0.2707989489397,0.2447933072943,0.5712678659864,0.2289516706545,0.0979117184127,0.1195058386351,0.4435914552383,0.3336244806823,0.2811670824272,-0.0809528284703,0.1392199288716,0.3597658715270,0.2980338935879,0.5995239448896,0.4505085142052,0.4207534794314,0.1214819087484,0.1474336694914,0.0687536248329,0.2421786102026,0.2247683484773,0.3776849140060,0.1592416910666,0.1028355566171,0.4282585840213,0.3724896354595,0.2796652450225,0.1732181255019,-0.1240700527810,0.1600854953189,0.2421204987703,-0.0383310844930,0.2364943701401,-0.0689754066840,-0.0268779017116,-0.0852305382197,-0.1098430953219,-0.2603416773697,0.0924450849292,0.3421111147849,0.3386730647337,-0.0676951867895,-0.0564979225649,0.2297361962018,0.1782503390884,-0.0958368237055,0.3170210548137,-0.0165165113286,0.2744886507926,0.1496656963308,0.5849918712280,0.3391224150023,0.2248003313589
-0.0110097942409,-0.1988935563477,0.0668230732042,0.1356573825878,0.1987738300358,0.2515227425756,0.1336136069654,0.3747045691849,0.4046881264128,0.4878492238940,1.0000000000000,0.7518968453070,0.5286692848648,0.0136939507509,0.2682660038445,0.3983173576968,0.5550996031728,0.5783985769255,0.0937956558776,0.3958851985182,0.6702740620473,0.6385649857087,0.7415781896309,0.7210555842672,0.3797985798287,0.3557966728894,0.7064063385956,0.1890504494147,0.1276936620204,0.0329639483674,0.5282985586016,0.5097835102674,0.4807457286632,0.1387435823012,0.2928031388540,0.2160743776316,0.5844292167414,0.2909573347935,0.4462159426379,0.5282005128702,0.4071875618370,0.3978331289716,0.5102130126534,0.1771603680039,0.2645977100660,0.5758245966030,0.4188832671110,0.4213452228018,0.4197008607089,0.4018079289284,-0.0193389253218,-0.1754856393280,-0.0125229391075,0.0898653068677,0.2226669732911,-0.0025319914579,-0.0513759400898,0.0011087163316,0.2696722850830,0.3257309142876,0.1664955685041,0.8381850794055,0.4791472352965,0.2423637169190,-0.0052957786660,0.2376950181579,0.0245432238176,0.3771801522553,0.1593906741347,0.3208000776664,0.1406630380778,0.7547450444282,0.6059219520336,0.4858020211824,0.1466036081823,0.0107063369636,0.5770505126700,0.1757131400113,-0.0062434047603,0.5264604371660,0.2063333029480,0.2557796480216,-0.0890248387898,0.0076591828091,-0.1975168577163,0.0537446725085,0.5336589511135,0.2378062451811,0.1345261125416,0.1725520403005,0.2720575586399,0.4407492379770,-0.0727829718617,0.3119897353577,-0.0167910211542,0.4666276062998,0.0664124874267,0.0443336101273,0.2638409031062,0.3218021045557
0.0754068904867,-0.1428629029191,0.2749047682498,0.2502842992777,0.3293827503813,0.4266895355051,0.3251093158073,0.5806365447458,0.6275782823384,0.6469946851069,0.7518968453070,1.0000000000000,0.7025984953749,0.0491393602767,0.2443347660884,0.4889937261868,0.7893907400318,0.6745880136579,0.4889900808425,0.5199752577592,0.7832513449911,0.6498532903832,0.5853610370826,0.6977725548811,0.4849783288341,0.4077988256408,0.6460258680873,0.3259767910136,0.0237400176180,-0.0484822459628,0.4367159771945,0.4482924389571,0.5493744548144,0.2711088416318,0.3408729812779,0.4438863989556,0.5078694197946,0.2578731151468,0.3178618261342,0.4790604061454,0.2746072835390,0.3076862184462,0.4193981838564,0.2100745302728,0.1447655902016,0.4662147422206,0.3289114172938,0.3626934836795,0.2109712095362,0.3817779957717,0.0328650867137,-0.1193211931448,-0.0372286865981,0.3190767408039,0.3910754416449,0.2375186182133,0.1268813205326,0.3688569792367,0.5698074071012,0.5657927473877,0.4459654398201,0.7931952347061,0.7905204836282,0.4316093207363,-0.0511092949249,0.0221095588415,0.2306123364754,0.6156012227299,0.4590416616313,0.4743828644120,0.3726942303444,0.6283252095064,0.6802489196235,0.6388820921622,0.3126804303535,0.0495244937818,0.4795512222660,0.2328075075641,-0.0926659802011,0.5249445015269,0.0821264811940,0.3028512674265,-0.2532594540313,-0.1528375512161,-0.3228106272069,-0.0033609945778,0.4159589880057,0.3401044454827,-0.0948623924594,0.0463673689690,0.1454292050375,0.3281225148156,-0.0873662180451,0.2895748607026,-0.0840988708596,0.2989303418475,-0.0815807909402,0.2528393289751,0.0981346720294,0.2286660717328
0.0066190495857,-0.1020072023124,0.2143244466541,0.2208373974071,0.1133687909871,0.2926802070426,0.1533697185766,0.6273334772947,0.6444634930152,0.3903345712914,0.5286692848648,0.7025984953749,1.0000000000000,-0.0364769351700,0.2353482667967,0.5039981207245,0.8142302872797,0.5593982860893,0.3530332889687,0.5546998954836,0.5184211147211,0.3415422740737,0.4119494321659,0.5755712327046,0.6169551033718,0.2951285547394,0.4783582321614,0.3121370052691,-0.1127997350588,-0.0627403617211,0.4513775526579,0.5708872149566,0.6840669649464,0.0824246186563,0.1159241359984,0.3102133225199,0.3470098347264,0.3864064902147,0.2720963562800,0.3817393544811,0.2390493435142,0.4540367644755,0.4703439142194,0.4118815384007,0.3735070160815,0.5012365085879,0.4128668385895,0.2472225363828,0.0138059211792,0.3891503171454,-0.1133804684355,-0.1109005261048,-0.0689739532131,0.2177913371047,0.2418064307626,0.1521583180690,0.3864815171034,0.4009605335143,0.5555644501740,0.5858771742697,0.1753422283907,0.5459117114585,0.5505863025105,0.7146071842369,-0.1190138559539,0.0000649076043,0.3183378857882,0.6347220236052,0.3883359699919,0.4604490641244,0.1797147629190,0.2866924699934,0.6196539117417,0.5977804850472,0.2713005760698,-0.0783643140200,0.4645928380662,0.2844341207818,-0.2085490556988,0.5186797779927,0.1030842335174,0.4791264314893,-0.1431558630388,0.0184563140871,-0.1239673466763,-0.1023828164436,0.2091752896686,0.1658565673061,-0.0348594898001,0.1685171745739,0.0840054940701,0.3293382495733,0.1185431184048,0.2985569761519,-0.0285790221857,0.1434588962485,-0.2413833183393,0.0805791072616,0.1167531265921,0.1885831689831
0.7320524200524,0.6499294460433,0.4000812226899,0.5934345513113,0.3855660681028,0.0461818482420,0.1318648619859,-0.0551903967977,-0.1592768796764,0.2899138738560,0.0136939507509,0.0491393602767,-0.0364769351700,1.0000000000000,0.7238091279382,0.3074191136544,0.0264979477849,0.0012613730383,0.0697453982621,-0.0692547833619,0.2631752415289,0.1688285512013,-0.0633574763403,-0.0279844744389,-0.1336859996950,-0.0564960767857,0.0715249095713,0.3296268320885,0.2548213876625,0.4900014427249,0.2053293670128,0.0342462354905,0.0232453593432,0.1641385348384,0.1768360467707,0.0416768132304,0.0334975170466,0.0812733229696,0.0486066017738,0.0355264814476,0.3732485159600,0.3078807279740,0.2594130627447,0.0638243154840,0.0170617071863,0.1550935348499,0.3782664938641,-0.0041126782826,0.3373669422475,0.4231378550143,0.6387127846788,0.6807584592369,0.4945114547902,0.2852446850744,-0.0207483370949,0.1924846212088,-0.2879748776995,-0.1657301826863,0.0157035420905,-0.2205227319993,-0.0338948848009,-0.0082643008913,-0.1713721561400,-0.2342375872441,0.7409315676459,0.1448260919161,0.3375366605511,-0.1539511858020,0.0652460707862,-0.1675785877755,-0.2209561233576,-0.0484250363704,-0.1464425061857,-0.1911245064456,-0.1286337518909,-0.2169019501712,-0.1443751940479,0.3010187712235,0.2192935545593,0.0835173402649,-0.2212949615067,-0.1799643612228,0.2795783409336,0.0015229869701,-0.1914776258605,0.0034687692468,-0.0006373026497,0.1142232672092,-0.1668059767873,-0.1110043917511,-0.0066888698514,-0.1189841716025,-0.0939829022648,0.2502072993397,-0.1615023652013,0.0212823013467,0.5455423971380,0.3064509098495,0.0731954908820,-0.0378482769508
0.5316111841908,0.4511011224462,0.4167298814266,0.7088240146174,0.3574729499524,0.1644085394477,0.1741230886875,0.1996881836550,0.1541704592992,0.3963202301392,0.2682660038445,0.2443347660884,0.2353482667967,0.7238091279382,1.0000000000000,0.5290353513577,0.2854495853703,0.1961046404609,0.1830018270352,0.1853586898512,0.4485187749318,0.3002632001114,0.1785537246436,0.2882856049993,0.1557308731140,0.0682398585415,0.2748058844314,0.3784839918966,0.1915839299333,0.3449046834056,0.3203584049913,0.2355583418048,0.2669876454299,0.0756055790648,0.1637293415709,0.2434307906043,0.1476053305268,0.2636915229956,0.3116593673819,0.2338278804016,0.5738945865947,0.5277228227026,0.4748125096140,0.3158189568328,0.2101268914772,0.3958067543997,0.5413979966076,0.1723780282558,0.3978049711400,0.6741203511051,0.4147091709551,0.4907402791004,0.5357935431202,0.3106257543301,0.0762237226123,0.2505582373719,-0.0588722459597,-0.0466920474165,0.1771884830273,0.0553555162878,-0.0333130791841,0.2038338536141,-0.0546531063289,-0.0748889384940,0.7279095386232,0.3482072450232,0.4959540572753,0.0691902405532,0.2748504632878,0.1013363563406,-0.1241395336332,0.1298368867288,0.1596121718432,0.0946852357504,-0.0109168852823,-0.2095322478607,0.0800582237249,0.3585334239819,0.1095426895091,0.3109236660580,-0.1965741563752,0.0597439801064,0.2051704871671,0.1027658715608,-0.1670840312767,-0.1359099112856,0.0873157852107,0.1849441634829,-0.0774783613215,0.0797529602674,0.1644457451622,0.1364118703616,0.0755965661213,0.2793043604082,-0.1735376506170,0.1769174843668,0.4064248093439,0.3146568931932,0.2352017628584,0.2737614081556
0.2838366616546,0.0921922193523,0.4237954932432,0.6898506296328,0.4216218301171,0.4463930100215,0.4339250345554,0.4908366964480,0.5349417093200,0.3668272514991,0.3983173576968,0.4889937261868,0.5039981207245,0.3074191136544,0.5290353513577,1.0000000000000,0.6701815241266,0.5094289558769,0.4663077513708,0.6518943913751,0.5462409092789,0.3458554910367,0.3912154907640,0.5913442637752,0.5503159427353,0.3325109121812,0.5264089481549,0.3757306094583,0.0234793584126,0.1969136776162,0.6385164598474,0.4673865309557,0.6294314860235,0.1661832389498,0.3140984705530,0.5600232652965,0.2423798221430,0.4803497603003,0.3719465327294,0.3822098558485,0.3942649672081,0.4634408177289,0.5871773178483,0.4280485937236,0.3493021013246,0.4457937033480,0.4850095729638,0.3676542340741,0.3560545944568,0.4399239513951,0.2097899434129,0.1236261902471,0.5128331688713,0.4447720424796,0.3819897407776,0.4518948972899,0.2182825070346,0.2089088187650,0.4865335525929,0.4458125043573,0.0454619021033,0.4011944078393,0.2019043521268,0.1765503158471,0.2183508909087,0.1417573785131,0.7450778633813,0.4678731402178,0.6153429013065,0.5410684369080,0.0681592201098,0.2231789471097,0.5222565116709,0.4565785460056,0.1967014790289,-0.0587943622103,0.3714431066845,0.3192080496281,-0.0901434234467,0.6901666875306,0.0109806127244,0.3794291629894,-0.0440998555922,0.1202882559335,-0.2020902884635,-0.0712086616727,0.1567783889622,0.2978372849625,-0.0886260992191,0.2555743012564,0.1020546286437,0.2235402434072,0.0492721589435,0.2627129650551,-0.2104356995040,0.2914553538534,0.1008007964813,0.0668938607532,0.1127357813355,0.1576865890424
0.0542071415931,-0.1219296958438,0.2588146811375,0.3277841751114,0.2503049946814,0.3867265686019,0.2538982080589,0.7153985768418,0.6773827246182,0.3758633445857,0.5550996031728,0.7893907400318,0.8142302872797,0.0264979477849,0.2854495853703,0.6701815241266,1.0000000000000,0.7309896001068,0.4663117805947,0.6956982870439,0.6642717419299,0.4293806253058,0.5252985043141,0.6668077088578,0.6675259357789,0.3917888263112,0.5815609879241,0.3097710826845,-0.0457438493420,-0.0329937249595,0.5404326558557,0.5343509011619,0.7606281923229,0.0963497706360,0.1560615262334,0.4133169193045,0.3542825746817,0.4068880971700,0.2358452197036,0.3822374575286,0.2434647579461,0.3743426555953,0.4468652605307,0.3885558494212,0.3080587348297,0.4757331438336,0.3429281208836,0.3028525030216,0.1335706464807,0.3381571398178,-0.0177179590981,-0.1232461904739,0.0791493436040,0.2739635586476,0.3557038517082,0.2295129061586,0.3705877721778,0.4921649495532,0.6404022309666,0.6128359608825,0.1819246917662,0.6050768785265,0.5998620009392,0.5105449613043,-0.0241263875651,-0.0388470637795,0.3997286692331,0.7840778260523,0.5435581046006,0.6340267335454,0.3056052410004,0.3846794771510,0.6534530779919,0.6888274233604,0.3354572807658,-0.0391305856062,0.4755291888398,0.2603296496903,-0.1458344844275,0.6992619368876,0.0771915731110,0.5382670060684,-0.1764830912459,-0.1141165112606,-0.2382613844186,-0.1610023271934,0.2098228217635,0.1712238156763,-0.1658471439207,0.1774688177900,0.0022489177104,0.2611827595912,0.0325749617694,0.2366976278957,-0.1289379692657,0.1959771355198,-0.1464358207642,0.0514793649950,0.0517361597673,0.1686602178384
0.0266003693853,-0.0219092422185,0.2313253916603,0.2832081402113,0.3448110659848,0.4681100101078,0.3348330036239,0.7524787016267,0.6458834107963,0.3120182814609,0.5783985769255,0.6745880136579,0.5593982860893,0.0012613730383,0.1961046404609,0.5094289558769,0.7309896001068,1.0000000000000,0.3790187475092,0.6287177028384,0.4709493011111,0.4120617006042,0.5074245040736,0.7221279572146,0.5350484565891,0.3691817092579,0.6295824862431,0.2408345151101,0.0629204835449,0.0680123072542,0.5239549495693,0.3914121528375,0.5320291696055,0.1668839817298,0.2768499935720,0.3329997391728,0.4452223907299,0.3363163028388,0.3119628246688,0.4748427654357,0.2615417070288,0.2552996127483,0.2947061672147,0.2057170066553,0.2257837058966,0.4391291944494,0.2519145793096,0.4058978364374,0.2944086539824,0.2208938803721,0.0303818360977,-0.0784528943384,0.0278373288740,0.3209766997168,0.4630608658063,0.2115367111777,0.2938017377721,0.5009265137468,0.6615019602529,0.5965735793753,0.0615100313273,0.6139665199475,0.4940893087045,0.3331824856458,-0.0374504329199,-0.0721923210677,0.1281293048679,0.7122998039788,0.3985049655563,0.5703372763103,0.1425421340890,0.4338236421234,0.6913415933974,0.6518520145862,0.1173201796215,0.0421764418581,0.4994504856208,0.2588545186960,-0.0747850208307,0.6500943908161,0.0541886206465,0.3735542613135,-0.2020261478714,-0.1633113390216,-0.2671540789301,0.0185127565688,0.3964139567536,0.2496726816458,-0.1134013849993,0.2003616360150,0.1641769340559,0.3726022118599,-0.0535291912232,0.2256888089540,-0.1734767942923,0.3388027622172,-0.0248239342134,-0.0586111995705,0.0159520493989,0.1020342989665
0.1999009217761,0.0762029765901,0.4859561067440,0.4010178414325,0.4082536771907,0.5132873303230,0.5444250150782,0.6257594865177,0.6501788526652,0.4307036271183,0.0937956558776,0.4889900808425,0.3530332889687,0.0697453982621,0.1830018270352,0.4663077513708,0.4663117805947,0.3790187475092,1.0000000000000,0.4603585404907,0.4667332075739,0.2638389087118,-0.0126947577022,0.3867899340430,0.3354678323783,0.2695460135728,0.2582087867490,0.3931301295470,-0.0070057710493,-0.0581321305330,0.0525628347822,0.0527773479984,0.1577383142515,0.3774953281017,0.2840796059020,0.7762998946863,0.1199870527718,0.2657558027365,0.1943498438276,0.2586980752097,0.0231173334029,-0.0200543208528,0.1400240985606,0.2993798399345,0.0019857015457,0.0244965334245,0.0176393859805,0.2749455728548,0.0372825978242,0.1247549651870,0.1515004915784,0.1265463199816,0.0963770686860,0.5308604329292,0.4898401566581,0.5564298309757,0.1928770381291,0.5815336756366,0.6389686238723,0.6068901728420,0.4356413632292,0.2226842195055,0.4216050191922,0.1411536008383,0.0500406662563,-0.1746404393520,0.4565919813822,0.3627515345809,0.8405090600161,0.4716016344946,0.1934740144968,-0.0495035335838,0.4211335803665,0.4218189103656,0.1230369832030,-0.0844932567228,0.0321549712522,0.2765438260734,-0.0373588642576,0.1679044148342,-0.2301143407548,-0.0224882664726,-0.2599741633168,-0.2383099809387,-0.3234485210425,0.0227814337723,0.0526638033013,0.4322176052742,-0.3543333932187,0.0408569742895,0.0908895768868,0.1471859820916,0.0848901401482,0.0199944178376,-0.2208882551173,0.1179475063231,-0.0114918675269,0.3202191732657,-0.1591266235955,-0.0086884990698
-0.0810844784614,-0.0865850135831,0.1541359914815,0.2611937378565,0.1604775864297,0.3125022058278,0.2402778337838,0.7409590512096,0.7311082304017,0.2159376223340,0.3958851985182,0.5199752577592,0.5546998954836,-0.0692547833619,0.1853586898512,0.6518943913751,0.6956982870439,0.6287177028384,0.4603585404907,1.0000000000000,0.4964325904285,0.3597675414919,0.5395619570341,0.6726505776566,0.8421939784205,0.5246288876597,0.6954858029119,0.4022199548943,0.0240249020463,0.1206095152518,0.4779534428470,0.5168950219327,0.7196677153174,0.1353269739288,0.1691016205499,0.4773293098835,0.3316426761805,0.6869122651059,0.2229010634296,0.4823854766986,0.2807931644870,0.2578905976002,0.4220464479984,0.5356217218133,0.5063879812456,0.4826354406692,0.3540255600865,0.2652635917794,0.2390190120467,0.1848778846173,-0.1294400177586,-0.1491449732978,0.0246313972889,0.1937050781967,0.2597178181473,0.1764653766881,0.4347565090160,0.4486267524623,0.5586495171175,0.6357849852846,-0.0744781383178,0.4080459375465,0.2657218025508,0.1841401724843,-0.1300870371273,-0.0811910784516,0.3386636473685,0.5136622718898,0.6102038752450,0.8637486344283,0.0376402719963,0.3459277882652,0.6438219553770,0.8145054964486,0.1540178141331,0.0505458851545,0.6010560709566,0.3627488917245,-0.1218786426064,0.5905539131971,-0.0564144489793,0.4778802299065,-0.1887643695596,-0.0557905854194,-0.0375294161229,-0.1129142771340,0.1939329140739,0.1906977425571,-0.1517149859077,0.5485398114056,0.0157268958424,0.3808992461708,0.2148924396576,0.2117186869917,-0.2011079750308,0.2114088797855,-0.1039649172142,-0.1234239759115,-0.0574800931551,0.0318993930310
0.2449164802006,-0.0189735591797,0.3334920413792,0.4023509576913,0.3520138893739,0.3276447198314,0.3115215837076,0.4498826832884,0.4820118535997,0.6417329939592,0.6702740620473,0.7832513449911,0.5184211147211,0.2631752415289,0.4485187749318,0.5462409092789,0.6642717419299,0.4709493011111,0.4667332075739,0.4964325904285,1.0000000000000,0.6800937378763,0.6025899824670,0.6472676664807,0.4166306670971,0.5318037266622,0.6765256730525,0.3790421628660,0.1660198279028,0.0740560499056,0.4278038838658,0.5351193806325,0.4932997633114,0.3706765472952,0.3341211450168,0.4971187424254,0.4897754313984,0.3863189929360,0.3057155165092,0.4841632772137,0.3412888799721,0.2917882248908,0.5866213383382,0.2974408690876,0.2306377195051,0.4236307702485,0.4412305380498,0.2944140355955,0.3475142940140,0.4516432876800,0.1622471090923,0.0215336388450,0.1061443195539,0.3016389167995,0.2577059745420,0.2612694244729,-0.0544590135495,0.1574610387311,0.4133629017496,0.3851370858397,0.3101246063591,0.6460959809348,0.4268103819276,0.0651386738099,0.1595527038400,0.0852641327476,0.2997436961929,0.3102347802585,0.5023199001686,0.4272039712653,0.1888820370729,0.5858393604517,0.4962996364243,0.5077457702654,0.2726661459388,0.0475930649999,0.4114687300501,0.2872839107383,0.0509268805069,0.4563988069460,-0.0456375078913,0.1492166922544,-0.1621806775015,-0.1566410619561,-0.2963807242533,0.0462239063052,0.3489948373101,0.3684697612503,-0.1217029393746,0.1106076022294,0.1415962370590,0.3179644794106,-0.0181450499887,0.2364312262526,-0.1597920386200,0.3055185233073,0.0939438389061,0.2879348903915,0.0849819936384,0.1711612702017
0.1266228392591,-0.0118432626928,0.2127641706942,0.2294807739538,0.3209884030156,0.3323541760380,0.2983806688739,0.3575311785328,0.3321626889160,0.7058156163019,0.6385649857087,0.6498532903832,0.3415422740737,0.1688285512013,0.3002632001114,0.3458554910367,0.4293806253058,0.4120617006042,0.2638389087118,0.3597675414919,0.6800937378763,1.0000000000000,0.4915919847830,0.5779178244563,0.3237441628262,0.4210342601144,0.6587946518641,0.3860424788052,0.3529222318110,0.2481558608534,0.3911534874250,0.2982676589758,0.3485107453026,0.2887483566507,0.3087673188994,0.3321615063983,0.4973664282598,0.3611909202619,0.3081954318997,0.5311165222034,0.4726027632467,0.2670795371810,0.3919517440184,0.2787388317760,0.2843733711377,0.5460166397655,0.3993538698143,0.3172246331051,0.4876329516795,0.3774488799703,0.1228786662036,-0.0475144375074,0.0569960968902,0.2599633008334,0.2912213267826,0.1665786112406,-0.1031639608586,0.0405342509836,0.2485563000778,0.2472556008488,0.4315020219916,0.6264624479043,0.3305324342657,-0.0009504762481,0.0947679240267,-0.0279186878356,0.0356327352449,0.1853136278475,0.2975644055634,0.2734420257364,0.0546320942138,0.7111833180818,0.3724950073996,0.3978689276982,0.0986747241110,0.0563996278601,0.4088115270122,0.3364822708768,0.2003064972412,0.3100844626267,-0.0975613860683,0.0338957649952,-0.0085351842795,-0.2447318454300,-0.1739231654506,0.0936001684404,0.3993861446372,0.2726288778938,-0.0994460986560,0.1581275461021,0.1588611183322,0.3781578381707,0.0491282324862,0.5124946490346,0.0316310203380,0.2815000056023,0.2628735734134,0.4511817710853,0.2584434967336,0.1148840724785
-0.1009364466140,-0.2717588346271,-0.1109640473814,0.0615709016353,0.0571523192751,0.0855580949691,0.0013585664139,0.3223715377773,0.3351438467307,0.2285602265597,0.7415781896309,0.5853610370826,0.4119494321659,-0.0633574763403,0.1785537246436,0.3912154907640,0.5252985043141,0.5074245040736,-0.0126947577022,0.5395619570341,0.6025899824670,0.4915919847830,1.0000000000000,0.6172243860469,0.5376990607083,0.5574230629567,0.7646894322739,0.0985610940729,0.0717186424614,0.0200167019447,0.4867944821670,0.6231193596418,0.6116536843083,0.1281621767548,0.1829540267951,0.1545903955716,0.4954450515883,0.3789172172753,0.2313461214272,0.4975848971107,0.3430198434096,0.3420539063354,0.4589157444387,0.2879259015843,0.3645043967027,0.6393190543407,0.4408532180240,0.2285489613052,0.3585489362317,0.2430798957249,-0.1422398446882,-0.2785811356795,-0.0419157782140,-0.1073661665800,0.0497862171712,-0.1129647323202,0.0692282127147,0.0067170224281,0.1732058716217,0.2487465483225,-0.1225201162825,0.5860326068042,0.2839872016189,0.0979078883154,-0.1161297060392,0.1164665081091,0.0083303217299,0.3155440114293,0.1461819117197,0.4748182437797,0.0818066142884,0.8178510246935,0.4993896598306,0.5709915328556,0.1339921850475,0.1889682500340,0.7120261584182,0.1205837939642,-0.0406260332565,0.5430751957940,0.1979371950997,0.3966442090695,-0.1203854851049,-0.0391102569146,-0.0733929481579,-0.0201296100817,0.3799791477257,0.0984114081957,0.0376171408160,0.3128647046565,0.0749677107158,0.4450593143370,0.0387287381798,0.2861455825029,-0.0434907599141,0.3057610847677,-0.0170018378478,-0.1718350865163,0.1428507049672,0.1635322120457
0.0291352423027,-0.0609803098237,0.2549860348481,0.3139970419571,0.3415256275202,0.4581521816341,0.3881687157705,0.6446762893492,0.7306490090623,0.4571023327657,0.7210555842672,0.6977725548811,0.5755712327046,-0.0279844744389,0.2882856049993,0.5913442637752,0.6668077088578,0.7221279572146,0.3867899340430,0.6726505776566,0.6472676664807,0.5779178244563,0.6172243860469,1.0000000000000,0.6013220099624,0.4986010619575,0.7784273024851,0.3245337196487,0.1026380753294,0.0640196560399,0.5330597787390,0.4787350805781,0.5683291454993,0.2471431199959,0.4183170814093,0.5462211467922,0.5974628404684,0.4636894126536,0.5322418682068,0.6359369869121,0.3766610946727,0.2975729828462,0.4864359248543,0.3472109266685,0.3114698156571,0.5375461846756,0.3448894466812,0.5340477671160,0.4120137958174,0.3500472112586,0.0121295428116,-0.0921390502990,0.0695656487120,0.3178121476717,0.4321048930375,0.2572875486326,0.2237874141407,0.3101905330519,0.5598047120247,0.6598136789114,0.1509816751004,0.7147378514213,0.4211252592159,0.2314260268122,-0.0081548829802,0.1115270980864,0.2307670247267,0.5469931739875,0.4856498537519,0.6024186640772,0.1629500438278,0.5784655650165,0.8245880147368,0.7283718404684,0.1773937622996,0.0734880175653,0.6405630168236,0.2951543474607,-0.0532139979817,0.6205567107352,0.0899695638362,0.3586233912848,-0.1847142702478,-0.0723877877861,-0.2382165408425,0.0459605860134,0.5675472597619,0.4494536330841,0.0017002781429,0.3113356901180,0.3536864425316,0.5461027626301,0.0587066920658,0.3175322707757,-0.1094476905879,0.5054647564020,0.0189776614522,0.0289097152955,0.1081850052637,0.2851353128076
