1.0000000000000,0.2456493568881,0.8026425027469,0.4141988772037,0.8669897430955,0.6961058036918,0.5470082924687,-0.2638021158218,-0.0477664310735,0.5337641509726,0.4904535916591,0.2665792576450,0.1709526470899,0.6644409377018,0.3492203279477,0.2711123029940,-0.0851821102503,0.1217150935610,-0.1352471280349,-0.3050724444247,0.3012107722745,0.5965571523683,0.2368037982312,0.3936374841119,-0.1907070498318,-0.2757787305269,0.0674335612518,-0.3185928303249,0.3122346383457,0.2144926684994,0.1865161821675,-0.1351913398420,0.0175399564220,-0.3382837317409,0.4410293420978,0.2213020506527,0.4717781432459,-0.3917784861099,0.3637862219102,-0.3884184861764,0.3669738036913,0.4626041983440,-0.0130214371592,-0.4922475324470,-0.3375489739817,-0.0005350450137,0.0090470063961,0.4607654751428,0.5884918730768,0.4577455565424,0.7627660938172,0.7377764139812,0.6145376062622,0.7340759781934,0.6437737948050,0.5721731864521,-0.1883056050313,-0.2464813541841,-0.0171950173742,-0.0956506310339,0.5316597882764,0.4459401579106,0.5052831895951,0.3076136401176,0.6463771433573,0.3911093615616,0.2586379076615,0.1047507438964,-0.0170600077081,-0.2943003643517,0.2894763203514,0.5873236352961,0.4499711026298,-0.2043668757523,0.1859603309588,-0.4387485054549,-0.3601414514962,-0.3001518762047,0.3452754481531,0.2647277340803,-0.2505639063807,0.1419529060895,0.2963854174480,0.0966934986580,-0.4550663813160,-0.3325700028865,0.4581931879244,0.4530211154919,0.3475833574051,-0.5253219045836,0.3897107890873,-0.3982846588209,-0.5577564102158,0.1483032482383,0.0420437633785,0.5109532434344,0.5417930068065,0.5131263329510,0.5858099197793,0.5074585882313
0.2456493568881,1.0000000000000,0.0471777845902,0.6354004100916,0.1699984191829,-0.0737708633430,0.2707117169492,-0.3171401836253,-0.1251731795239,0.1019329493249,-0.3119273808695,-0.1391648507651,-0.1793799852506,0.6427648839945,0.6659692704370,0.0675817168001,-0.2119390176202,-0.2523297122296,-0.2645807787620,-0.1495370921273,0.0859196105633,-0.0954845676389,0.0936226062445,-0.0497068283913,-0.0501506602288,0.1527818625886,0.0667690706212,0.3485523531609,0.1997850900381,0.3899975830324,-0.1008656349192,0.0782835750408,-0.0237569391190,0.2508535357654,0.2065820025502,-0.0564796655241,-0.2257088192568,-0.1085496917534,-0.1593037687462,0.2164223037056,0.1666113115115,0.0368601470100,0.1465573396114,0.0060199398208,-0.1496827616314,0.3295984873095,0.2614347454350,-0.2569832419858,-0.2061359576465,0.0682236115319,-0.0935504846621,0.5192176809743,0.3315688128649,-0.0747426088632,-0.1738813094286,0.3560452733854,-0.3881774823282,-0.3547102341473,-0.4832034996609,-0.3920936753440,-0.1457072681852,-0.3978630180674,-0.0505791795306,-0.2347805174333,0.0710660774231,0.0199113348921,-0.0736342348616,-0.3740573091968,-0.1784483687034,-0.1779147068058,-0.2700358642021,-0.1239388243001,-0.2522166139013,-0.0667171633129,-0.3880758968960,0.2518146050084,0.2305205822086,0.2848096207608,-0.0361905577003,-0.3575038961876,0.3032706015545,-0.0470266546635,-0.0404285430470,-0.2244877761917,-0.1051624866774,0.3019106221682,-0.3114517057807,-0.0269559183068,-0.2059579653370,0.0502226025827,-0.2370397013146,0.3286249040002,0.2085185353088,0.0272981424327,0.2133155340975,-0.3088997384919,-0.2490638719504,-0.2207655464780,-0.1715441760776,-0.1311395847539
0.8026425027469,0.0471777845902,1.0000000000000,0.4153690961166,0.8505703091797,0.9018378043910,0.7292408342378,-0.0560472985073,0.2117016064012,0.6379661510959,0.7037888865092,0.3542903960975,0.2749138935274,0.4225285574321,0.3459594321589,0.4605934006009,0.0961120871846,0.3316439687600,-0.0688923567159,-0.0488060080238,0.4808655522307,0.6174424909247,0.0873818555553,0.6293170638690,0.0261269594786,-0.4140376545456,0.2821336629471,-0.5398328990112,0.1377276023697,0.0455414970980,0.4398600240625,-0.2748642674434,0.1982411484701,-0.5422731059342,0.5511966026161,0.3225088385365,0.7003315062436,-0.2453555125902,0.6141432820458,-0.5894873891907,0.2001532352287,0.4811067526708,0.1323174727772,-0.4893608063164,-0.1899000823223,-0.1991269146779,-0.1436645990369,0.6614622001871,0.6885627301747,0.5847204321350,0.7927472092471,0.7295342029016,0.6360210298602,0.9256341463392,0.8413840606798,0.6079570379029,0.0511841036196,-0.0946851320902,0.2565463796863,0.1825726577913,0.5846420627584,0.6522924416769,0.5127836088227,0.4103853856269,0.6807958571902,0.4769567557117,0.3657420923987,0.2797317726710,0.1280972126460,-0.0182531891459,0.4382721299347,0.6069459684352,0.6773653937002,0.0182131648430,0.3711143314810,-0.6255050308819,-0.2730774898822,-0.4785309351726,0.2465485783844,0.5627808934714,-0.4846616623062,0.2873993161543,0.2789133265369,0.2275999469657,-0.3609508704653,-0.5600961146772,0.6774162005953,0.5840482212256,0.5254483979542,-0.4941224621018,0.5851806025841,-0.6035567613874,-0.6291821712725,0.0296896148556,-0.1657329661511,0.6965775113327,0.6433258447753,0.4835596743864,0.6223604785414,0.6158987312142
0.4141988772037,0.6354004100916,0.4153690961166,1.0000000000000,0.5143034754708,0.3645025853985,0.7656675259437,-0.3493389626506,0.1319721214013,0.2938506763913,0.1193266103011,-0.0451253297906,-0.1077971062748,0.5484796493829,0.7730690484664,0.3619992057065,-0.2154332427521,-0.1324728970707,-0.1560810338705,-0.0617558636752,0.3530593856868,0.1469406818695,0.1817557021700,0.4236682679961,-0.0022468293581,0.0423559297805,0.3008163810336,-0.0382183828470,0.0208944625792,0.0479553266348,0.1748509556489,0.0260159521580,0.0972137604319,-0.0793600311128,0.5690732743269,0.2817765437877,0.2016347017796,-0.2449084838237,0.1715921390550,-0.0863053289505,0.0096332214913,0.1954421917942,0.3806743412784,-0.2571054979421,-0.3017774141313,0.0480134281847,-0.0414532799937,0.0586861004379,0.0669582541198,0.3477617518545,0.2856298734585,0.5970845505913,0.7365172880530,0.4013769106332,0.3092041962144,0.8392534828673,-0.2288065409623,-0.4254802822725,-0.2127980279260,-0.0697650992562,0.0904766329545,0.0336400224782,0.0065594603085,-0.0743999496995,0.2500643486231,0.2878106682037,0.4166314389515,-0.2038712561453,0.1470087841787,-0.0335983109603,-0.0713972446665,0.2271156772214,0.2470664489265,0.0561358489657,0.0599022733675,0.0553230522882,0.1716817502976,-0.1142182220008,-0.1219631100087,0.0604720503278,0.0783532525010,0.1253368511977,-0.1871969504138,0.1464760854733,-0.2012336779356,-0.0065471002634,0.1327787609795,0.4351901296143,0.1880922444310,-0.1864257111292,0.0622696083448,-0.0716530039238,-0.1306943494150,-0.1431648409730,-0.0647568102258,0.0828379006847,0.0394925559943,-0.0142786832082,0.0993659910458,0.2198609504355
0.8669897430955,0.1699984191829,0.8505703091797,0.5143034754708,1.0000000000000,0.8680437946435,0.6963307031809,-0.2586857053555,0.0610231418815,0.6442484536491,0.6362845388293,0.2952896420757,0.1200200983316,0.5695699601647,0.4477719494266,0.2753019640012,-0.0661162948466,0.1194754298334,-0.1431265955114,-0.3176893838666,0.4204375293544,0.7084539360644,0.1684839054944,0.5744772324844,-0.1674231971937,-0.3374803782905,0.0816574577712,-0.4669265713668,0.2911565665539,0.1162470973614,0.2733411040120,-0.2757060783584,0.0234104302045,-0.5206711581955,0.4983845001190,0.2391136180875,0.6347445397098,-0.4635732561050,0.5222585788176,-0.5647332873437,0.2692283887169,0.4339310567479,0.0517877101011,-0.6305748437557,-0.4019813348008,-0.1540403990099,-0.1718637722099,0.5910666664309,0.7239438186886,0.5179650621330,0.9056640182798,0.7533001915763,0.7666117855232,0.9028183849580,0.8534869647979,0.6953130049420,-0.1264492250058,-0.2329062394739,0.0843829926412,0.0021619066736,0.6845591385546,0.6208354397572,0.5849123618281,0.3370190417953,0.7481581466487,0.5508002061224,0.3706190475800,0.1897296019207,0.0828146888635,-0.2840210078720,0.4174225537625,0.7243066186450,0.6710017088894,-0.1825800162532,0.3549828171176,-0.5516586914801,-0.4402691478538,-0.4422080670505,0.3841618451315,0.4599394491843,-0.4370772183593,0.1614171152184,0.2786404306377,0.1977394484229,-0.5195743083652,-0.5017068809035,0.6416804936483,0.6185331626199,0.5153799200681,-0.6315398579440,0.5512662125039,-0.6048683818309,-0.7333702820564,0.1287502904286,-0.0336222761128,0.6734961122846,0.7165239817213,0.5097240807855,0.6826326357248,0.6831133572732
0.6961058036918,-0.0737708633430,0.9018378043910,0.3645025853985,0.8680437946435,1.0000000000000,0.7018395791353,-0.0244356267518,0.2607003663972,0.7021083583149,0.8224967849162,0.4540769231198,0.2709676860505,0.3486954380712,0.3794044941570,0.3479762923592,0.1774120621016,0.3838870110395,-0.0907340644402,-0.1135258389580,0.4955617300271,0.6878378793358,0.0639289780415,0.7180279802699,-0.0322098595899,-0.4763738895371,0.2176573090215,-0.6183838606367,0.1501419158617,-0.0246178254413,0.4637058202361,-0.4039609990976,0.1328649507511,-0.6570181879178,0.5373536899112,0.2121654528668,0.8052356562382,-0.3026437553404,0.7505885929137,-0.6491738172353,0.2080537191344,0.4206639904792,0.1866200378295,-0.5911065022194,-0.2455026593850,-0.2919419597971,-0.3148869825121,0.8330560331708,0.8272819575424,0.6034213095113,0.8759498421040,0.6359871550382,0.6918130570272,0.9668306908332,0.9627372142564,0.6020872020560,0.0759738612893,-0.0459436599995,0.3283720098701,0.2226779050462,0.7032500714215,0.8037258464554,0.5785051232074,0.4090949914565,0.7270019710407,0.6183148213538,0.4197647872505,0.4066495539432,0.1608055279790,-0.0588854094167,0.5326416710025,0.6921644680763,0.8079834278438,-0.0460766781687,0.4352564018811,-0.7132243354628,-0.3825583776712,-0.5548956555439,0.3155400931062,0.6798603008292,-0.6379299951540,0.2392573362664,0.3041150015960,0.3423086085192,-0.3998181988532,-0.6408856666468,0.8049276995319,0.6908251438408,0.6285608180695,-0.5461873430159,0.7411625173006,-0.6986919147470,-0.7394694783826,0.0414307109753,-0.2061728744277,0.8637086007454,0.7775482259037,0.5205173522411,0.6886176616448,0.7101419576693
0.5470082924687,0.2707117169492,0.7292408342378,0.7656675259437,0.6963307031809,0.7018395791353,1.0000000000000,-0.1974942815782,0.2798177869751,0.4187898350879,0.4077673488971,0.0468745420920,0.0982140669625,0.4015710305038,0.5254738009100,0.5076104920930,-0.1233219196792,0.0752239203245,-0.0544531850150,0.0569021769432,0.4617277802368,0.3475700249843,0.0617745788915,0.6602372658568,0.1019084341481,-0.1123133065680,0.3731312244296,-0.2665269060451,0.0250226127957,-0.0122069703906,0.3501010615106,-0.1209362357898,0.1622641668376,-0.3119362130316,0.7740187361821,0.4925396948974,0.5103608175118,-0.1621904838176,0.4803691973720,-0.3926796097192,-0.0389458232569,0.2531898334520,0.2451450072853,-0.3742998534002,-0.2121494384851,-0.1154004837083,-0.1312330059252,0.3760661000166,0.3396376059793,0.4503334015044,0.5347600785680,0.6109711823749,0.7239346068833,0.7342604989519,0.6510745830153,0.8715965852661,0.0043706604046,-0.2889032973304,0.0890160688885,0.1649990689626,0.2856441493465,0.3304551849148,0.1667979728090,0.1784187522499,0.4415537635209,0.3534849862776,0.5382192685717,-0.0289249544024,0.2877795676029,0.0811273111078,0.1728048320700,0.3989322428985,0.5652126910352,0.1484052502073,0.2657725656087,-0.2327022947407,0.0101737063382,-0.3007728470582,0.0039531304202,0.3666134681951,-0.2138580522108,0.2869520161586,-0.0587891388883,0.2589383317487,-0.2234139194874,-0.2904683661832,0.4644569500667,0.6717634805988,0.4086968874294,-0.2817581570886,0.3409144985209,-0.3908221245732,-0.3932321752827,-0.0981027843893,-0.0959055663758,0.4047898507930,0.3088713580545,0.0891971357672,0.2983842096015,0.4361640462361
-0.2638021158218,-0.3171401836253,-0.0560472985073,-0.3493389626506,-0.2586857053555,-0.0244356267518,-0.1974942815782,1.0000000000000,0.4465331305940,0.0529078308976,0.0786552020446,0.3637620881091,0.4924181407608,-0.4357786352898,-0.1876413917125,0.3426838369076,0.7327002530039,0.6138776783017,0.5151514196111,0.7216956145115,0.1040836296108,-0.0942535164231,-0.1401411032047,0.0925061821960,0.5578722574192,-0.0770927014269,0.2213450313297,-0.1714323424737,-0.3640028941481,-0.3501247544081,0.3474851565912,-0.0680464876746,0.2765122988182,-0.0552196198211,-0.0320601397244,0.1717789517041,0.0746537764505,0.3854571794084,0.1163198328111,0.1089808221802,-0.2756917495999,-0.2901336974243,0.1010438172475,0.2943146272125,0.3326553664924,-0.2010943090496,-0.2513725994534,0.1741850903587,-0.0223602026991,-0.0177317164587,-0.1104638645057,-0.2575536799763,-0.3914446912518,-0.0687968896919,-0.0420461726393,-0.3291596885073,0.5940681696299,0.8161139415101,0.7416723632655,0.5767880582488,-0.0682027211543,0.1274208871299,-0.0816641528117,0.1608867632829,-0.2061702608133,-0.2133101566352,0.0903954667708,0.5338371068805,0.3768540361942,0.7119052333714,0.0426399456124,-0.2156434215159,0.0291644462439,0.4974745234356,0.1188819186226,-0.0711780542629,0.1398894782309,-0.1801742143102,-0.2719576423428,0.3951365249753,-0.1801800163938,0.0506838830268,-0.1636967079182,0.1234871273508,0.2827928069016,-0.0915325566869,0.0872499806643,-0.0195624585349,-0.1690910415402,0.3133464870139,0.0804052833203,-0.0285868391098,0.2283356346926,-0.1985553946298,-0.2493041185180,0.0887026101015,-0.0408724370658,-0.0743767313833,-0.2110786670931,-0.2652475083650
-0.0477664310735,-0.1251731795239,0.2117016064012,0.1319721214013,0.0610231418815,0.2607003663972,0.2798177869751,0.4465331305940,1.0000000000000,0.3228501391782,0.3361911540961,0.2905094793496,0.3448571125101,-0.1530923303869,0.2189878576238,0.3538454746045,0.2989516636221,0.3524235408762,0.4729684481006,0.5271458208065,0.3885762417614,0.1044902028981,-0.1083931482801,0.5747676798483,0.5871053692228,0.0319359298384,0.4692530448612,-0.3318463283175,-0.2636696970208,-0.2836076286136,0.3220509220059,-0.1903783921313,0.1671430450457,-0.2215799368833,0.2811349246091,0.3941959482399,0.3451800338872,0.2950090965449,0.3357400285803,-0.1823031278257,-0.2694320667668,-0.0644295599229,0.2385114461137,0.1528069256030,0.1679444190784,-0.3695012974910,-0.3430924815301,0.2746826736758,0.1347230509173,0.2854097577048,0.1284712889332,0.0075621185289,0.0132980949918,0.2537291396626,0.2452574126332,0.1057446511165,0.4783666322103,0.1992158576773,0.6227029172865,0.8443338071392,0.1721476844038,0.3037129272023,-0.0328229083982,0.1826124079157,-0.0087147574714,0.0163136059022,0.1905003719153,0.1528862959187,0.6062207280956,0.4942642361068,0.1791107670084,0.0400658254811,0.4359001392499,0.5671267641790,0.2724651033386,-0.1033344953669,0.1931369261652,-0.3634185524561,-0.2687318543774,0.4146819699620,-0.2930962082757,0.0410482554735,-0.2261084689833,0.1089433037137,0.1315923073198,-0.3130591960040,0.3165244993047,0.2606104797304,0.0570260298854,0.1304177584919,0.2159766591579,-0.2800951446952,0.0348847693315,-0.2731421747964,-0.3112358830618,0.2344472379181,0.1362299239130,-0.0258840714104,-0.0026480734671,0.0623147500661
0.5337641509726,0.1019329493249,0.6379661510959,0.2938506763913,0.6442484536491,0.7021083583149,0.4187898350879,0.0529078308976,0.3228501391782,1.0000000000000,0.6924932643606,0.6777822521744,0.3799345988163,0.3848813330456,0.5107529251160,0.2788083472724,0.2577061732441,0.3336374641805,0.0763809733031,-0.0667666194126,0.6212252029034,0.6733341076200,0.2524065931070,0.6491081116440,0.0929537706455,-0.2823281809581,0.2750091051200,-0.5448299230512,0.1311401521742,0.0414209495164,0.3699050276542,-0.2398632107037,0.1649243677360,-0.4777620116282,0.3128966366209,0.1617783573056,0.7038144803890,-0.2092952609372,0.5838065158407,-0.4972011461208,0.2745497531962,0.5331660094450,0.2800540096277,-0.3750230054535,-0.1791756876138,-0.2264374389542,-0.1531019960488,0.6315076295312,0.6238674121008,0.7438230013974,0.6837918232777,0.5692210677036,0.5297766140521,0.6947926183583,0.7069309403788,0.4197943981904,0.0963040173442,-0.0531072752517,0.2432556614853,0.2306828785311,0.7739779448283,0.6607414727005,0.5545614142692,0.3706603005097,0.6240886180925,0.5366299568129,0.2785808632488,0.2855290947492,0.2432375015126,-0.0555449553152,0.4687832962161,0.5938114717878,0.6675588055722,0.0025038127374,0.2889581595591,-0.5574488619029,-0.2340581425298,-0.5518739983644,0.1553414243646,0.5079288066377,-0.5255921625379,0.0889693149508,0.2520354923123,0.2819095590987,-0.2950042164170,-0.5431752977956,0.6751440157015,0.5571480198357,0.4994319584214,-0.4093500459618,0.6123719138206,-0.5788234316721,-0.5268194345988,-0.0947768750520,-0.2731012239904,0.6655352979206,0.6316916999399,0.4743677818757,0.6672203141943,0.6071119668203
0.4904535916591,-0.3119273808695,0.7037888865092,0.1193266103011,0.6362845388293,0.8224967849162,0.4077673488971,0.0786552020446,0.3361911540961,0.6924932643606,1.0000000000000,0.6568405397749,0.3800248698365,0.1783122853804,0.2147777370430,0.1607760369588,0.2866113426511,0.4799241470981,-0.0227966297128,-0.0856009205196,0.4830068184570,0.6895432062898,0.1049861680718,0.6875843948824,-0.0330866701648,-0.5265175520629,0.2154607470872,-0.7017226527347,0.1054766421438,-0.0905317812377,0.4236892059908,-0.4564014800519,0.1088853144281,-0.7364563826189,0.3264653692998,0.0589222550373,0.8538765693920,-0.2626650185769,0.7599565382763,-0.6444834933461,0.2484411449531,0.4982025393757,0.2548638294574,-0.5327026737441,-0.1070259801854,-0.4093919111133,-0.4079329132139,0.8474152721129,0.8205345201935,0.6548143421356,0.7954545742187,0.4281455790318,0.5199810151410,0.8064916646104,0.8618929386206,0.3600096033530,0.1765312510375,0.0344364062643,0.4281999163192,0.3433462635245,0.7421946308590,0.9485656271490,0.6215018837712,0.4408538373669,0.7007614299420,0.6431196174677,0.3026168490723,0.5387152783086,0.1734655996671,-0.0615779778343,0.6637236919070,0.6814972668240,0.8496728417851,-0.0198074281730,0.5490621930158,-0.7826050135848,-0.3978366565939,-0.6056164458483,0.2961540072462,0.7223223391497,-0.7477884675399,0.1174124464019,0.3674685702969,0.3908555208898,-0.3771151216147,-0.7428085727666,0.8686727884261,0.5872989072388,0.6991666369904,-0.6069348265025,0.8093851844990,-0.7442856683793,-0.7548300069732,-0.0562292181671,-0.3473549467766,0.9009463962769,0.8086074172204,0.6056482967998,0.7533172176383,0.7244939369981
0.2665792576450,-0.1391648507651,0.3542903960975,-0.0451253297906,0.2952896420757,0.4540769231198,0.0468745420920,0.3637620881091,0.2905094793496,0.6777822521744,0.6568405397749,1.0000000000000,0.5101382165402,0.1100968171706,0.2082048787937,0.1600720206905,0.6769646857115,0.5846966492268,0.1528066647730,0.0293826972354,0.4429114992387,0.4307320839549,0.2207965820595,0.4029957607500,0.0654152651979,-0.3782050845896,0.1412690407577,-0.4589466854281,-0.0057128222054,-0.1257264647073,0.3544369453986,-0.2893889535630,0.1672446115609,-0.4408077187303,0.0808565042038,-0.0790796513447,0.5321253572154,-0.1564243948148,0.5221505372228,-0.2861344855709,0.2410932470017,0.2818172665467,0.2252025458113,-0.2456589344622,-0.0955331110331,-0.2682695386987,-0.2785408465211,0.6316225014896,0.5125652414148,0.4791652648351,0.4620306247644,0.2689757855581,0.2610944430129,0.3988743961630,0.4629246220683,0.0834885355581,0.1811600449451,0.3719080423952,0.4077630131143,0.2674066813864,0.5619107917845,0.6769063979093,0.5725707053890,0.3627235439482,0.4300889732850,0.4667541659604,0.1727310267873,0.6615436311673,0.1581858572085,0.0688035260225,0.5547632141690,0.3707884052086,0.4644274271014,0.0204118403465,0.2671451531456,-0.5617975726502,-0.2643222028517,-0.4139903551919,0.1050289477876,0.5716373870079,-0.5606276852913,0.0063020377985,0.2530708736975,0.2886344171268,-0.2745622812578,-0.4886803153497,0.5346515957519,0.3354066037115,0.3916291661917,-0.3314700462566,0.5830418294698,-0.3868455885528,-0.3734597656114,-0.1551819372804,-0.3832412713677,0.6236563485806,0.4661824399683,0.3929364768140,0.4834504751573,0.4056104723546
0.1709526470899,-0.1793799852506,0.2749138935274,-0.1077971062748,0.1200200983316,0.2709676860505,0.0982140669625,0.4924181407608,0.3448571125101,0.3799345988163,0.3800248698365,0.5101382165402,1.0000000000000,-0.0850781528927,0.0441417598851,0.3029603994010,0.5587402747949,0.5122535634181,0.3557957824916,0.3885013636575,0.3758099816405,0.2192420018424,0.1249754813758,0.2772025385943,0.3921798973484,0.0209180836398,0.4019630934996,-0.2525609306374,-0.1216520040305,-0.1254627432150,0.3135547736979,0.0804467953038,0.3523681461332,-0.1464968945027,0.2298332638881,0.2547782628476,0.3824750957696,0.3226028832355,0.3426530590549,-0.0640916812164,-0.0292947148794,0.0909788741489,0.2411945752096,0.1719308728888,0.3048137446224,-0.1472403120448,-0.0406976216748,0.3752078634189,0.2082351082264,0.3872518207649,0.2405842180927,0.0582580447540,-0.0903685535247,0.2646900193929,0.2543222785729,0.0419784584109,0.4798781557182,0.3452703952782,0.4507457209971,0.3794262432025,0.1935897831398,0.3899237832866,0.1364206033689,0.6126226056521,0.1164700739904,-0.0191108701158,0.1865561481643,0.3931411782687,0.3329578904041,0.3374489249024,0.1050639551477,0.0991893173741,0.2559709124354,0.2346044807300,0.1643331476783,-0.2220133401316,-0.0090931528513,-0.3300775185082,-0.1116304121358,0.3438300490999,-0.2710972468769,0.0606641869996,-0.0696892711066,0.1625125632506,0.0909589268155,-0.3031056198623,0.3273336589214,0.2592270631245,0.0384839463788,0.0453017557475,0.2959183809983,-0.2646220217698,-0.0506768937098,-0.1409896851501,-0.1559420253672,0.3314315056200,0.2101767258903,0.1724825256853,0.1353337703816,0.0025646797653
0.6644409377018,0.6427648839945,0.4225285574321,0.5484796493829,0.5695699601647,0.3486954380712,0.4015710305038,-0.4357786352898,-0.1530923303869,0.3848813330456,0.1783122853804,0.1100968171706,-0.0850781528927,1.0000000000000,0.5931821942294,0.1645897047488,-0.1982836812923,-0.0258896758960,-0.2942747234730,-0.3630700915528,0.3456927314432,0.4105721972413,0.2498530122008,0.2815870406102,-0.3019870777681,-0.1421283734592,0.0410689114196,0.0750929514750,0.4955696043965,0.5892073503965,0.1190580548740,-0.0556710009446,-0.0331674417598,-0.1581968033015,0.3158487452735,0.0342200707054,0.1950640338882,-0.4077757765663,0.1243602998899,-0.1624079642092,0.4872005098245,0.4117895540655,0.0348602117813,-0.4197740066515,-0.3617641252990,0.2046466355019,0.1798463682847,0.1534515339157,0.3260254892582,0.3370597446832,0.3811256853876,0.6396580363789,0.5886483145300,0.3408511597335,0.2818732399295,0.4816849689480,-0.3914211709451,-0.4086584933967,-0.3147326133461,-0.3230509866258,0.2645347746856,0.0876132469587,0.2897757753595,-0.0136908990158,0.5158909369277,0.3561347370213,0.1095254982582,-0.1472286509730,-0.1485917994236,-0.3699982598367,0.1176957415116,0.3273924123449,0.2138377050096,-0.2594181026390,-0.0368650243648,-0.1758921810144,-0.1412577926039,0.0466415880157,0.3234534176650,-0.0014660500695,0.0017427295756,-0.0051595728560,0.3126474032315,-0.0535259263520,-0.4513428914495,-0.0694635466253,0.1480553907188,0.2660233721316,0.1713082052563,-0.4333569074423,0.1375899405514,-0.0618938237313,-0.3400090812083,0.1735389447658,0.1431284357348,0.1630088624184,0.2471936902712,0.2524428567628,0.3347787785226,0.3266504116869
0.3492203279477,0.6659692704370,0.3459594321589,0.7730690484664,0.4477719494266,0.3794044941570,0.5254738009100,-0.1876413917125,0.2189878576238,0.5107529251160,0.2147777370430,0.2082048787937,0.0441417598851,0.5931821942294,1.0000000000000,0.2295749642890,0.0430931600646,-0.0025138824473,-0.1063963135718,-0.0877523703976,0.4300903819762,0.2271775838307,0.1472253409137,0.4429116815912,0.0128731422540,-0.0635989564996,0.3270872471112,-0.0915431120444,0.0935246577553,0.1907264679385,0.2071929524945,-0.1168174386489,0.0913067364246,-0.1383564684107,0.4176825815484,0.0869280059661,0.3408807314031,-0.1448930587590,0.3636718284919,-0.1091717256151,0.1658977970665,0.2545139949510,0.5282074527685,-0.1649074324997,-0.2288778681325,-0.0103668269172,-0.0322997285359,0.2536505226654,0.2021230312950,0.5393755799688,0.2951822502871,0.5799578423992,0.6129190151266,0.3551029696780,0.3254015825552,0.5923519537151,-0.2251566200505,-0.2769613992228,-0.1411400360562,-0.0084924415498,0.2146039506209,0.1581169977683,0.1081559739214,-0.0184518582956,0.3232933978461,0.4325326086358,0.2327911594074,-0.0538469513919,0.1418609133549,-0.0690930910020,-0.0125043674042,0.2162870825497,0.2603836325100,0.0063195321167,-0.0243152680282,-0.0862016878573,0.0976217124219,-0.1315986354580,-0.0360010292553,0.1067755636996,-0.0912947659215,-0.0020138059438,-0.0044315440688,0.1343566965277,-0.2065681808824,-0.0877254779186,0.2366696705811,0.4202388889116,0.2172231949586,-0.1260795771561,0.2815590636248,-0.1057535544135,-0.1037537719068,-0.0737281362194,-0.0635021871357,0.2051661827718,0.1411404718173,0.0678391629652,0.1750965294517,0.2090266300324
0.2711123029940,0.0675817168001,0.4605934006009,0.3619992057065,0.2753019640012,0.3479762923592,0.5076104920930,0.3426838369076,0.3538454746045,0.2788083472724,0.1607760369588,0.1600720206905,0.3029603994010,0.1645897047488,0.2295749642890,1.0000000000000,0.2680432383656,0.4051412385321,0.4057738343133,0.4806902209852,0.4931892861841,0.0776630823871,0.0475944964784,0.4231270148789,0.4492585393133,0.0256779563657,0.4038347225648,-0.1741937265054,-0.2016645811701,-0.0988892163112,0.6826979072075,0.1776183519848,0.5192669791201,-0.0779452337188,0.5525133365704,0.7261798776934,0.2480308442779,0.1205708078178,0.2378118392261,-0.1539699570345,-0.1925391092547,0.1166971913497,0.2395010035033,-0.0643171943645,0.0288138823816,-0.0559454631825,0.0524826647003,0.1713043497108,0.0753679157541,0.2510938191583,0.2129734714874,0.3141958166254,0.3088951298640,0.3610602011016,0.2883017820334,0.4195313206730,0.2094118105907,0.2368800503709,0.4291550902523,0.3356793516600,0.1458169983391,0.1460638880953,0.0562056049065,0.2360690329662,0.1571345180803,0.1062048570592,0.5807494294139,0.2197918516842,0.3894274750832,0.5013807108132,0.1196025602072,0.0542415992033,0.3173577382091,0.3551963817003,0.3180655494896,-0.1080897706944,0.1376695315506,-0.2283298664519,-0.2971817216325,0.4801562612553,-0.0334219866184,0.3860973259936,-0.2263222251196,0.2822019375714,-0.0081456149368,-0.1444493314318,0.2146102239125,0.4137655907450,0.1319381110445,-0.0105241838671,0.0957784075912,-0.2125728904523,-0.1211203913608,-0.1656957126477,-0.1441344734137,0.1652805238624,0.0250418471907,-0.0420703435586,0.0629617930213,0.1422611856253
-0.0851821102503,-0.2119390176202,0.0961120871846,-0.2154332427521,-0.0661162948466,0.1774120621016,-0.1233219196792,0.7327002530039,0.2989516636221,0.2577061732441,0.2866113426511,0.6769646857115,0.5587402747949,-0.1982836812923,0.0430931600646,0.2680432383656,1.0000000000000,0.7186423857119,0.3104825429160,0.3787326887331,0.3095095184725,0.0732189890159,0.0002707733087,0.1714663308658,0.2869585033971,-0.2979629758771,0.1869257997383,-0.2454024962017,-0.2308534039549,-0.2862411152867,0.4142883454560,-0.2156137600711,0.3130901210613,-0.2070054644632,-0.0074777377361,-0.0651418285594,0.2976135916001,0.1140945063794,0.3553086475650,-0.0012435203492,-0.0120290063135,-0.1616650048282,0.2065473496252,0.0542669013357,0.0797298240020,-0.1619253698533,-0.2472436715896,0.4360670651178,0.2074012228480,0.1356905271134,0.0923380054929,-0.0337180455672,-0.0853387742379,0.0971921988131,0.1623998146296,-0.1482110257882,0.3804902001479,0.7503310730034,0.5628626291655,0.3427689526530,0.1196816279213,0.3751674423426,0.2115649298687,0.2676896437139,0.0459486405669,0.1207804898882,0.1521263943429,0.7986872502842,0.2034959839069,0.4401373596936,0.2715175978801,-0.0250352003934,0.1576203364537,0.2007145727843,0.1532492403455,-0.3355150074940,-0.0823882339981,-0.1964426323127,-0.1068608355915,0.5414573279430,-0.3579603928066,0.0488699354821,-0.0001293225749,0.1872609720308,-0.0261752037943,-0.2154491187711,0.2647621945421,0.1261420258498,0.0537668582326,0.0274876274119,0.3553004589661,-0.0942960265122,-0.0114582646621,-0.0961810390126,-0.2693198203149,0.3509355156008,0.1165051402648,0.0877118585345,0.0293036837167,-0.0483720750478
0.1217150935610,-0.2523297122296,0.3316439687600,-0.1324728970707,0.1194754298334,0.3838870110395,0.0752239203245,0.6138776783017,0.3524235408762,0.3336374641805,0.4799241470981,0.5846966492268,0.5122535634181,-0.0258896758960,-0.0025138824473,0.4051412385321,0.7186423857119,1.0000000000000,0.0815451821956,0.4606808337742,0.4822708973339,0.2357843007889,0.0662020588500,0.4404945778071,0.3094440836046,-0.3387004291810,0.2833508153560,-0.3692018902791,-0.0882346380099,-0.1383798174836,0.6573585935632,-0.2014978958218,0.3083515025823,-0.4299432181987,0.2442583925242,0.0311816547646,0.4439824070760,0.1673027198655,0.4680256555760,-0.2637932199391,0.0861228197319,0.1361104523992,0.1831464057632,-0.1349451818142,0.1842764151063,-0.2392765950870,-0.2398175174572,0.5405706243131,0.3875428174300,0.3387879497390,0.2908275678325,0.0752805714698,0.0730401279256,0.3248398052394,0.3421536747575,-0.0247853516141,0.4508072010638,0.4795420404136,0.6247234798112,0.3782289318192,0.2058784008466,0.4931852207968,0.2206215636584,0.2464080026189,0.2264034491650,0.1835452947192,0.1864225416589,0.6892584210405,0.1374752461179,0.4528467259955,0.3876976479110,0.1623922569388,0.3957828041328,0.3113631471670,0.2810552769642,-0.4384917638125,-0.0014942263651,-0.3400149757749,0.0007008924445,0.6501356561824,-0.4473083684738,0.1321022709680,0.0737588588078,0.2006945650462,0.0010689859083,-0.4280218831313,0.4207848501488,0.2723845392571,0.2339806651883,-0.0602175519032,0.4283617905167,-0.3211197974404,-0.2125238964057,-0.1818151739806,-0.3357247342024,0.4763703148068,0.3151551947133,0.1820266387863,0.2321747889198,0.1834641384958
-0.1352471280349,-0.2645807787620,-0.0688923567159,-0.1560810338705,-0.1431265955114,-0.0907340644402,-0.0544531850150,0.5151514196111,0.4729684481006,0.0763809733031,-0.0227966297128,0.1528066647730,0.3557957824916,-0.2942747234730,-0.1063963135718,0.4057738343133,0.3104825429160,0.0815451821956,1.0000000000000,0.4608247749600,0.0943441220134,-0.1366367852474,-0.0774128106920,0.1033676939645,0.4238321946183,0.2275725651277,0.2039868904208,-0.0109464466605,-0.3217762846718,-0.2899332828196,0.1035724634049,0.1433565555954,0.1740826877610,0.1493782639666,0.0035105845761,0.5975586083521,0.0008271015772,0.1960103056493,-0.0475471730336,0.1870630280879,-0.3548448463696,-0.2426710833781,0.0451737562332,0.3199579865823,0.0928573688253,-0.1466685049057,-0.0971710382616,-0.0475298944339,-0.1900333299705,-0.0316863534522,-0.1004982326245,-0.2210159051725,-0.2786858375727,-0.0490763953164,-0.0665712522928,-0.0749093383158,0.3199079799218,0.4727739082417,0.5227301147973,0.6057526419700,0.0327336650916,0.0215974945921,-0.1101737897209,0.1958930777474,-0.2077523985436,-0.2224578710013,0.3713205382749,0.1278987986469,0.7561496051518,0.4714473350200,-0.0617176162870,-0.2199924994529,0.0740364430458,0.3110456158716,0.1725159270165,0.1112694942131,0.0088980405650,-0.0673469893532,-0.3225472380792,0.2034252352536,-0.0110190401876,-0.1449973136692,-0.3027550286478,0.0687475637514,0.0095884876878,0.0235524503396,0.0100087606427,0.0434548875514,-0.2456143584919,0.1153278262207,-0.0808020621951,-0.0002916266799,0.1674308972134,-0.1050307803759,-0.1310091621945,-0.0644844566101,-0.1406435117427,-0.0866993503803,-0.1660333647493,-0.2034874636872
-0.3050724444247,-0.1495370921273,-0.0488060080238,-0.0617558636752,-0.3176893838666,-0.1135258389580,0.0569021769432,0.7216956145115,0.5271458208065,-0.0667666194126,-0.0856009205196,0.0293826972354,0.3885013636575,-0.3630700915528,-0.0877523703976,0.4806902209852,0.3787326887331,0.4606808337742,0.4608247749600,1.0000000000000,0.2290417950707,-0.2240232180951,0.0031897772814,0.2012560846397,0.8062438229355,0.2356139758495,0.5832447828288,-0.0129740492332,-0.3884024078772,-0.2607941060488,0.4611587418752,0.2353503372901,0.5104632175785,0.0674648985853,0.1899637620881,0.3978742610726,-0.0392238393262,0.6243425398785,-0.0339475988947,0.1467396923348,-0.3826685176990,-0.1516617804820,0.2304995002157,0.4665114881329,0.5520378718429,-0.0917079494833,-0.0271707860277,-0.1049028597558,-0.2654556914381,0.0994006699327,-0.2748187614320,-0.2942186319363,-0.3785085238946,-0.1073991127061,-0.1610784387765,-0.1322028567346,0.5741398519358,0.4442690669657,0.5712466204236,0.6068118100109,-0.3481386786698,-0.0992224619720,-0.4336889041735,-0.0598317767538,-0.3950187558950,-0.4509761717795,0.2179486573793,0.1367960033551,0.4871869314308,0.8925687705851,-0.2448349389960,-0.2894762953796,-0.0304498856453,0.7509593486492,0.1084514477828,0.2160206527948,0.5223284158315,-0.1192410684065,-0.4774332715358,0.2468421646831,0.0758221324836,0.1672016765831,-0.4538286463070,0.0676447615494,0.4818026782131,0.0094632947302,-0.1017572856902,-0.0418384562362,-0.3155476983957,0.4670913453014,-0.2045744082833,0.0243797518421,0.3840330372302,-0.3392210584131,-0.2201398099753,-0.1761745884731,-0.2619221088552,-0.2618477341905,-0.3968310686285,-0.4226856986953
0.3012107722745,0.0859196105633,0.4808655522307,0.3530593856868,0.4204375293544,0.4955617300271,0.4617277802368,0.1040836296108,0.3885762417614,0.6212252029034,0.4830068184570,0.4429114992387,0.3758099816405,0.3456927314432,0.4300903819762,0.4931892861841,0.3095095184725,0.4822708973339,0.0943441220134,0.2290417950707,1.0000000000000,0.4980808795341,0.3073724043421,0.7360833123045,0.2933671167928,-0.0569704125342,0.5471683429988,-0.3347924594113,0.0448710468550,0.0396370873018,0.5812233148727,-0.0370093713799,0.4553122133930,-0.4311064341477,0.4095860709696,0.3560218768326,0.5955660694652,-0.0369892331091,0.4176176890093,-0.4548562914303,0.0587121197380,0.3955900329174,0.2620364341595,-0.2631149141599,-0.0694405603876,-0.1600882470121,-0.0679629713359,0.3522786457428,0.3676306477371,0.6246991211177,0.4439564717107,0.3684037313844,0.4307498747905,0.5235256498122,0.4928555196441,0.4044485482474,0.2617102016325,-0.0221903936622,0.3049557065906,0.3218147881607,0.3993217073583,0.4629737930588,0.2721562599082,0.2537739628931,0.4305103905503,0.3144806086518,0.3647749200634,0.2342203561100,0.3508166005423,0.1976709844747,0.3824726830629,0.4229559016316,0.6154596325910,0.2978802566038,0.4413299549414,-0.3297783233571,0.0088033706196,-0.4027799341173,0.0140295235924,0.5315808736514,-0.3581575116324,0.1882477396254,-0.0029545943165,0.1272889822204,-0.2289808477701,-0.4844269938530,0.5233063391801,0.4947577308944,0.3604067347806,-0.2755132807714,0.3706657255006,-0.4957050406584,-0.4016233577034,-0.1424363487024,-0.2085340136763,0.3884084399010,0.3781255856914,0.2050255865396,0.4077842142339,0.4196014381561
0.5965571523683,-0.0954845676389,0.6174424909247,0.1469406818695,0.7084539360644,0.6878378793358,0.3475700249843,-0.0942535164231,0.1044902028981,0.6733341076200,0.6895432062898,0.4307320839549,0.2192420018424,0.4105721972413,0.2271775838307,0.0776630823871,0.0732189890159,0.2357843007889,-0.1366367852474,-0.2240232180951,0.4980808795341,1.0000000000000,0.3645639035800,0.5576805163996,-0.1088875475488,-0.3123707282638,0.1486274674186,-0.4365119442356,0.3543799082037,0.1634255338784,0.2605176466479,-0.2504331967438,0.0957288737069,-0.5219903149722,0.2172389953502,0.0585947831254,0.6746785514315,-0.3295778256132,0.4573353841945,-0.5060904067776,0.4786187116152,0.4930941154807,-0.0125725527451,-0.5168311046557,-0.2044677877316,-0.0461147458096,-0.1247606145620,0.5498838741363,0.7492796547048,0.5537295567726,0.7645725801438,0.4271114652523,0.4499428128196,0.7106955099680,0.7273794376863,0.3087246903206,0.0636738558474,-0.1205146739474,0.1725082207479,0.1137922762140,0.6770036907425,0.6649829524781,0.5423256375599,0.2815299550819,0.6360564472323,0.4310159210097,0.1502730777608,0.2436131504542,0.0395905890941,-0.2456402775357,0.4524962504949,0.8249148323810,0.6852257118459,-0.0990970281791,0.3892533324375,-0.5558181750336,-0.3999280331627,-0.4237770290142,0.4341921900395,0.4659230213830,-0.4590149071817,0.1275607132054,0.3867579740253,0.1367122972140,-0.3940209743676,-0.5039060097983,0.6901692178809,0.4609357719033,0.4754483675089,-0.5845863102224,0.5577306959700,-0.5661161457395,-0.6769019277176,0.1768863191790,-0.0378371601198,0.6605980999563,0.7471204232707,0.6145743176809,0.6977242020893,0.6079310374338
0.2368037982312,0.0936226062445,0.0873818555553,0.1817557021700,0.1684839054944,0.0639289780415,0.0617745788915,-0.1401411032047,-0.1083931482801,0.2524065931070,0.1049861680718,0.2207965820595,0.1249754813758,0.2498530122008,0.1472253409137,0.0475944964784,0.0002707733087,0.0662020588500,-0.0774128106920,0.0031897772814,0.3073724043421,0.3645639035800,1.0000000000000,0.1638808021852,0.0629936242341,0.3076129597041,0.3455138072677,0.0815529998876,0.1272799060653,0.0567557868654,0.0959015789235,0.4747484029467,0.3703385613697,0.0851125365175,0.0603858178028,0.0194291245959,0.1176911872680,-0.0569815035070,-0.0687636493302,0.1480379926403,0.2869350903281,0.3559748476237,0.0715547425268,0.0204291079681,-0.0405358816214,0.4193788261116,0.2946141512547,-0.0567882333158,0.0132774669783,0.3400757685081,0.1439107436349,0.0570728683092,0.1395347044236,0.1075854243727,0.0612241742808,0.2008003669620,-0.0805501231396,-0.2024453085436,-0.1712847773394,-0.0900400636267,0.0771362094515,0.0641628631684,0.0108049291021,-0.1280147102186,0.0043439426562,-0.0462324913918,0.1232690266615,-0.0975552704439,0.0392568119662,-0.0941952328891,-0.1068298548769,0.3644004995854,0.0907670951035,0.0132501693605,0.0402986861806,0.1234298812250,0.0930123959302,-0.0478139382786,-0.0178514982734,-0.0093186433377,0.1335040209505,-0.0072687507113,-0.2277269215589,-0.0483726197443,-0.1762521524448,-0.0140386628631,0.0516277946260,0.0851062172300,-0.0402148596741,-0.2055980545497,-0.0560029426470,0.0330162081900,-0.0914499485566,-0.0969822531545,0.0343546876391,0.0021185005047,0.0097867555175,0.1118741985535,0.1344917192322,0.0288906626322
0.3936374841119,-0.0497068283913,0.6293170638690,0.4236682679961,0.5744772324844,0.7180279802699,0.6602372658568,0.0925061821960,0.5747676798483,0.6491081116440,0.6875843948824,0.4029957607500,0.2772025385943,0.2815870406102,0.4429116815912,0.4231270148789,0.1714663308658,0.4404945778071,0.1033676939645,0.2012560846397,0.7360833123045,0.5576805163996,0.1638808021852,1.0000000000000,0.2467770850539,-0.2112440754926,0.4909117615466,-0.4561065979780,0.0529992409746,-0.0661149811003,0.5671754403302,-0.2761818720378,0.1927895383296,-0.5530188391889,0.6020054514378,0.3699316235067,0.7833563264086,-0.1372670700388,0.6566879851125,-0.5472365960966,0.0484973464085,0.3746474502518,0.2832134722891,-0.4268099306135,-0.2060349603236,-0.3112657463993,-0.3218225720328,0.5924752932862,0.5416866015668,0.6335121212738,0.5858413085518,0.4159824734181,0.5633489673147,0.7177672855748,0.7058601890173,0.5401307606815,0.2118662990081,-0.0694470713226,0.4533640056488,0.5262970647414,0.5141754648266,0.6399340556072,0.3324545926066,0.2654932975792,0.4970231516364,0.4545929079361,0.4837918087330,0.2272677247051,0.4702602001304,0.1911539066846,0.4143143662907,0.5715536173418,0.8658097577378,0.3051888597600,0.4928369257657,-0.4231785797146,-0.0528098577229,-0.4498004376702,0.0980389002851,0.6551401956112,-0.4596776674325,0.1557364264735,0.0598028894633,0.3191937865923,-0.2731733209880,-0.5105228709971,0.7582929425861,0.7319794628268,0.5238059608202,-0.3661241855770,0.5884164798125,-0.5836368618435,-0.5398482522944,-0.1048924021609,-0.2238886740058,0.6231932409946,0.5149500897519,0.2729024225211,0.4747270533538,0.5601283909978
