1.0000000000000,0.5465998801840,0.6824148112361,0.6701841154445,0.7351239369164,0.3323305748325,0.3969223307802,-0.0154462791857,-0.0588238956164,0.0895558927606,0.1193537383586,0.0471753442384,-0.1234472160059,0.6763375968629,0.4819938885010,0.3218885356053,0.1672995517139,0.0412605838885,0.4163579591548,0.0806826944571,0.1366907537407,-0.0315994405861,-0.0627955907314,0.0855970045666,-0.0634731155642,0.1355321734231,-0.1387142769538,0.2720550945516,-0.0457164897061,0.0480275573149,0.1227897215521,0.2147553888811,-0.2192100877355,0.3481938127070,0.2464387082967,0.4778946709358,0.0060325578454,-0.0391254550491,0.3630862538634,0.1896368227545,0.2500399388052,0.1444700768517,0.1668942553841,-0.0766437992963,-0.1937962368797,-0.1318551519050,-0.0858991873715,0.3699988001147,0.1349758851074,0.1554177039558,0.6572878385896,0.6859899510369,0.3742331668934,0.4806877466191,0.2356255363771,0.5052653354128,-0.2477577219488,-0.0195584610446,0.0564732644193,-0.0437437244811,-0.1489825145100,-0.0637252159405,-0.2856223953801,-0.2015413780322,0.2503859044934,0.0003344536450,0.2174674299718,-0.1893302080478,0.3116950044344,-0.1910125181289,-0.1314451761695,-0.2922592146128,-0.1352939483475,-0.2502577470249,-0.0770192496603,-0.1555707043830,-0.3598601105395,0.3301379752361,-0.1736469640522,-0.1573189938128,-0.2379446744831,-0.4158577047627,-0.1446816743755,-0.0949077450009,-0.1990867511650,-0.1789339381389,-0.0997814171677,0.5011172725387,-0.0835648992238,-0.2177881756186,0.2864662298310,-0.2637128774013,-0.1205014033790,-0.2629898270825,-0.3798613465761,0.2579074762099,-0.0454895938074,-0.1653592293129,-0.0719138679108,-0.0332594308276
0.5465998801840,1.0000000000000,0.7345583952333,0.5302655785620,0.2797002700558,0.2033349299029,0.2409654045936,-0.1109319837440,-0.1195937843613,0.2418756440115,0.0432930980016,-0.0479912127248,-0.0721684618564,0.5347688783894,0.4724632664522,0.2076878121413,0.2151222173977,-0.2010169056353,0.3370998270682,0.0656367620199,0.2317551893922,0.1419057393465,-0.0584623857733,0.1400854358070,-0.0162907439541,0.3421335630949,0.0439454645791,0.4450751245268,0.2195863456457,0.3698287550487,0.3015449527764,0.2535898861445,-0.0754397460615,0.4376179596046,0.2918115169014,0.4133759051558,0.1283155062799,0.1038496484489,0.2262896348571,0.1955700607787,0.1526638446846,0.1107259451736,0.2552481907953,0.1186845704367,0.0684099920924,-0.0363668537017,-0.0539391180435,0.1070046512242,0.0799980261801,0.0904119395074,0.2284852942405,0.7237634495499,0.1105836351017,0.4184189632121,0.0422097117789,0.3531142991565,-0.3414308422005,-0.1708288909591,-0.1481085837221,-0.1156331971325,-0.2723244818769,-0.1465772156296,-0.4912427675708,-0.3647004479107,0.2250285225142,-0.1374100981821,0.3550842311967,-0.4022446480794,0.2874378278489,-0.2850657778909,-0.2209608348023,-0.2260598319538,-0.2433047114922,-0.1526155457875,-0.0083171328332,-0.0032261774504,-0.2987435596763,0.3861486899009,0.1311091594979,-0.1726106969379,-0.2027417162922,-0.4312323630433,-0.0641523982545,-0.0233392680239,0.0106679328237,-0.2973958944917,0.0537847976185,0.5242548156197,-0.0691564567670,-0.0515728335317,0.1993837004714,-0.4451462090203,0.1698768013188,-0.2015651874932,-0.3607800255638,-0.0466238046905,-0.1646731392843,-0.2904737102990,-0.1794964032774,-0.1175602360057
0.6824148112361,0.7345583952333,1.0000000000000,0.6647857834053,0.5386795527972,0.5457999108860,0.4857413551034,0.1378469631631,0.0006939239570,0.2265520668159,0.1721340406078,0.0066976221400,0.0919040668119,0.4421859370500,0.3251914336820,0.2109438084896,0.3255128385316,-0.1324952306918,0.5111060324466,0.1548955438419,0.0995670548028,0.1140448858080,-0.1711397214814,0.1270232229657,0.1461478174495,0.1742388641335,-0.0309733834313,0.3297203792828,0.0281330496152,0.0811513958959,0.2217192018722,0.2254916253052,-0.0233577153654,0.3299795220767,0.1101141683359,0.5223818510444,0.1145116045910,0.0341794679297,0.3096304660011,0.0484323747634,0.2774402655459,0.1799859346209,0.0164350353251,0.0889784069604,-0.0364095872526,-0.0675559065663,0.0604836531969,0.3485823801795,0.0476403397568,0.0943382963272,0.5000598911292,0.8320425969103,0.1994386861976,0.7643827077208,0.3452878064442,0.5617774162408,-0.0615196163134,0.0912004892703,0.1778982086779,0.0883310865617,-0.0534588773849,0.0569175731089,-0.2999633766416,-0.2204759185651,0.1023844196303,-0.2261611909588,0.3287869422343,-0.1352672998747,0.4820154347523,-0.1148423586992,-0.3667723236765,-0.1720043274395,-0.1277780392105,-0.1144354513343,-0.2231128522584,-0.2986566603419,-0.3381292766401,0.1978558394426,-0.0691138824452,-0.1043370715499,-0.1966062531523,-0.2285869532379,-0.3020137964403,-0.2246939595782,-0.0015904971093,-0.1521813660560,-0.0651790818456,0.5759896744134,-0.2781556601934,-0.1317964797281,0.1971903598082,-0.4624197158970,0.0588047597042,-0.0878839601941,-0.1632073332138,0.2690452575377,-0.1687082047823,-0.0493342610699,-0.0565356209591,-0.2570841088129
0.6701841154445,0.5302655785620,0.6647857834053,1.0000000000000,0.7622073601795,0.6663107060808,0.8236191675477,0.4036982673816,0.3749488299339,0.4399967502438,0.4395607235347,0.3706374664401,0.2740042916684,0.5747318492579,0.7103631507252,0.6194691036458,0.5044164829437,0.3106457905021,0.6099219236079,0.3577197569904,0.3452475190498,0.1642949054437,-0.0523042901612,0.3817650204943,0.1410479639498,0.2259517032016,-0.0989869140233,0.1999632040115,0.0866778247905,-0.0984714154255,0.3797325039849,0.2115746318448,0.0103972896459,0.1112190347803,0.1915390271414,0.5357443332809,-0.0340694608012,-0.0849476224561,0.5091249552074,0.1371626187663,0.4575097936454,0.4116914681599,0.2779202490469,0.0591797009365,-0.2311987806940,-0.0988141278261,-0.1215658921797,0.5968113843630,0.3489720523064,0.4804221795621,0.6607358359611,0.5654641819666,0.5755248103883,0.6539830622081,0.6345500268596,0.8582108308654,0.0341216003083,0.2958572122415,0.3760650405769,0.3044352799016,0.2103040705398,0.2717201527835,-0.1120751800918,-0.0041446039375,0.3556311759341,0.0539204852815,0.3464413412845,0.1279150202383,0.5865717618335,0.0189444666889,-0.0586356317042,-0.2635946939881,0.1894064553066,-0.1382814678710,-0.1432090180593,-0.2814582157456,-0.3590246924206,0.1161854548642,-0.1126582803463,0.0608235013815,-0.4448222499179,-0.3709013658493,-0.2278958948632,-0.2363904991480,-0.4207561225556,-0.4786418193121,-0.2846909559148,0.5742600114597,-0.1139850313395,-0.2730569030767,0.3411505067303,-0.4873653786125,-0.1587643584764,-0.4375662756477,-0.5153881088757,0.4403478724076,0.2187446867774,0.1043718952115,0.1526771604864,0.0097925222402
0.7351239369164,0.2797002700558,0.5386795527972,0.7622073601795,1.0000000000000,0.6741152193704,0.6605315122228,0.3115819861542,0.2771459562585,0.3279180560779,0.3918743976396,0.3549051159665,0.2039151672852,0.5425614466826,0.5625750639556,0.4785173373147,0.3935174428445,0.2975276639688,0.4609480165039,0.2904778282728,0.3135159095161,0.2058375810816,0.1010768333638,0.3249002932846,0.0911027152780,0.2130283363321,-0.0391117992268,0.2124782405693,-0.0188921571398,-0.1690986671798,0.2508259082875,0.2528474666117,0.0089263565111,0.1050411978540,0.1674233346879,0.4039852428169,0.0080609686942,-0.0756675261097,0.3779223758658,0.1512450171968,0.4141139786678,0.3422563322943,0.1781267377717,0.0245700566416,-0.1805813078186,-0.0330076374074,-0.0406945607473,0.5779835882751,0.3702084876113,0.4013633499496,0.7697215480704,0.3927720420451,0.4483048900904,0.6263443749594,0.6226953624508,0.6858653131678,0.0900189731721,0.2525593630683,0.3190996339877,0.2338715334119,0.1864902168093,0.2326178470294,-0.0478066734199,0.0301930810346,0.2563214777830,0.0572235604418,0.2067290271523,0.1438688184040,0.4299221627609,0.0800569093953,0.0000463623579,-0.1089527471364,0.2061734978425,-0.1105304029337,-0.0735298894726,-0.2055563979612,-0.2637732727995,0.1811641345721,-0.1946903070013,0.0819582490041,-0.2611738847858,-0.2553774553249,-0.2097072477967,-0.2086471062667,-0.3321466829633,-0.3140169070566,-0.2029294629911,0.4361306825726,-0.0977674941740,-0.1852052176123,0.2297850467288,-0.2937411918976,-0.1495294510744,-0.3075198500118,-0.3669362619452,0.4699612499237,0.2294853109632,0.0842611518653,0.2452903828961,0.0662026319415
0.3323305748325,0.2033349299029,0.5457999108860,0.6663107060808,0.6741152193704,1.0000000000000,0.7719432563799,0.5395515048976,0.5101078813986,0.5777705065384,0.5744408546890,0.5804846862409,0.5260639990000,0.3296811953276,0.5036501811821,0.4922290419381,0.6503862608002,0.4559039540607,0.4890264882278,0.4177458221842,0.4191213131225,0.3662288826339,0.1086620835702,0.4999695320357,0.3347180491567,0.0888999791545,-0.0171499319180,0.0379718018359,0.0901489531074,-0.3168973703665,0.4459714352652,0.1449317644105,0.2619273932449,-0.2067361521275,0.1123573473583,0.3606085087194,0.0885484874033,-0.1563227527756,0.3767225080468,-0.0979241124915,0.4787960698105,0.4878187275361,0.1481428670496,0.0086719556873,-0.2024741513053,0.0705498579351,-0.0601522343800,0.6615586492002,0.3535421242711,0.5682687423849,0.5745835983065,0.3059194082958,0.3728801168982,0.8478819437669,0.8430392776019,0.7019998901509,0.4039961665764,0.5014669660092,0.5179168016291,0.4703715361775,0.5361482539040,0.4893113381099,0.2923426136806,0.3366459876962,0.2162841401359,0.1129528065911,0.2572078384445,0.4507436910343,0.5604789012373,0.2636493589127,0.1420130887738,0.0446176451739,0.4747797904164,0.1620096215653,0.0087450734656,-0.1763117999348,-0.0768904933973,-0.1014921602687,-0.1568721925666,0.3489783432528,-0.2140831573871,0.0234384011712,-0.2646775198493,-0.1965251193697,-0.2173890089736,-0.4616896266847,-0.1567725769309,0.4187165837621,-0.0428296134669,-0.1245699630163,0.2308086224970,-0.3979247824565,-0.1271700302177,-0.3066850692887,-0.2311640243242,0.5979726088570,0.2631669813657,0.3612845405733,0.4303144363279,0.1563538957886
0.3969223307802,0.2409654045936,0.4857413551034,0.8236191675477,0.6605315122228,0.7719432563799,1.0000000000000,0.5990254790250,0.5659601061393,0.5432628478974,0.5235632885289,0.4566133448062,0.4231563061946,0.3731245919491,0.6321705801750,0.6605030490023,0.5852901904346,0.4676721254135,0.6857553975451,0.4137899767424,0.2951824725062,0.1702907883773,-0.1715485288213,0.4911017784372,0.2391244066497,0.0077628078978,-0.1913277705675,0.0243023327980,0.0908440550055,-0.3131406558517,0.4078894777118,0.0090502095228,0.0152448924615,-0.1835185667909,0.1174565153212,0.5461703424600,-0.0860596596923,-0.1822119469752,0.5377337445403,-0.0393985784626,0.5034250618517,0.4148599428487,0.2048391788628,-0.0363869599997,-0.3689950585969,-0.0948013117059,-0.1883551109930,0.6944586851556,0.3474547171412,0.5154860377591,0.6664218437940,0.3478322742501,0.5589052199089,0.6797763807356,0.8520508395972,0.9382295723051,0.2604888873982,0.5458693650477,0.6404476503306,0.5064269929327,0.5441246504997,0.4549034602507,0.1882100784179,0.2885010849694,0.3866248654649,0.1748289016665,0.3646357554540,0.4252556494549,0.7686157546627,0.1492233894178,0.0614960454545,-0.2387781017917,0.4045167571337,-0.0097880691636,-0.1503064801074,-0.3035670837332,-0.3584309403331,-0.0856890235541,-0.0784218966588,0.2078663315368,-0.4663943223650,-0.2404089075086,-0.2301798603946,-0.2413153043495,-0.4639227590478,-0.4940241930965,-0.3996977733104,0.5463595587830,-0.0438111566817,-0.2724335610575,0.3557833672843,-0.4678238741971,-0.2906130487356,-0.4424173794663,-0.4372721663933,0.6039309118354,0.3495480343718,0.4011438142634,0.3782721623867,0.1116105600658
-0.0154462791857,-0.1109319837440,0.1378469631631,0.4036982673816,0.3115819861542,0.5395515048976,0.5990254790250,1.0000000000000,0.8341980951837,0.4121313246560,0.4597504135294,0.5081884642751,0.5963850349397,-0.0266412772342,0.1805441919890,0.4228140331731,0.5677683877126,0.6240354369281,0.5220308601278,0.6878192127575,0.1996424294907,0.2047419262084,-0.1335089745156,0.3395127181504,0.5191144118638,-0.0513352812485,-0.0909128863631,-0.0885468346679,0.0644576941729,-0.3220859537716,0.2951762753402,-0.0595061033813,0.3205575336373,-0.4216655753765,-0.2323454621947,0.1276853903612,-0.1858681660650,-0.0199382770242,0.1258509018516,-0.2953611232128,0.3806033376362,0.3725914698101,-0.0877297268317,0.1564651820175,-0.0615688737379,-0.0098572682024,0.0039618906545,0.4120243533499,0.2057575766071,0.4170632401516,0.3392119707408,-0.0357937134337,0.1557860269950,0.3497725552369,0.6084413350423,0.5019422029533,0.6267392723597,0.8088106882107,0.8274947411529,0.8261095709786,0.6190326954509,0.4920689387104,0.3516421820639,0.4407554353794,0.0405055407030,-0.0959458661140,0.0922158565660,0.6965173864046,0.5781804204531,0.6021306671612,0.0758768225061,-0.0067260132155,0.6085788907364,0.3846633027962,-0.1827008431048,-0.3075556775568,-0.0930314119015,-0.3328994560441,-0.0881740391494,0.3058352878318,-0.2851101266842,0.1879276081629,-0.3505167338480,-0.4263474855974,-0.3277399682447,-0.3161942582559,-0.4459745771581,0.0307065700923,-0.3074614722962,-0.0354443310100,-0.0565855619252,-0.4319536327281,-0.1692620100148,-0.2322683015771,-0.1009037539953,0.3397915299186,0.3148814511639,0.4157887390063,0.3955029252264,-0.0741665356982
-0.0588238956164,-0.1195937843613,0.0006939239570,0.3749488299339,0.2771459562585,0.5101078813986,0.5659601061393,0.8341980951837,1.0000000000000,0.5284702924824,0.5827208339481,0.6556979353156,0.5899186453141,0.0384342995873,0.3232926521614,0.4722201913722,0.5469825641993,0.7088171602370,0.3512367774142,0.7437167877536,0.3354604141013,0.3340468165558,0.0584287823983,0.5752149834680,0.5671310138563,0.0878034504758,0.0724211434608,-0.0074807918618,0.1498723112269,-0.2836519765985,0.3714447471792,0.0445048691810,0.3859587598533,-0.3932904129219,-0.1304597974214,-0.0062435704452,-0.0173047344506,0.0518522468942,0.2325055457279,-0.0810987296847,0.4401290531577,0.4561306657253,0.1127081821941,0.2344069408224,-0.0794423891089,0.1641867441496,0.0169462083393,0.4727267045169,0.3943563942202,0.5405711771838,0.2852922310496,-0.1773718529802,0.1657594938895,0.2657924420847,0.5716810380789,0.4266102939204,0.5587733900842,0.6639980916357,0.6972209175945,0.8780943648004,0.6369433513571,0.5826245150945,0.3958749615708,0.4499580278062,0.0310284607655,0.0386361706367,0.0602039488588,0.6878147120461,0.4539973122527,0.6476357694903,0.2584994314281,0.0661190268950,0.7812629435539,0.3978000262253,-0.0610140925413,-0.1860461095554,0.0416306677405,-0.2218235278825,-0.1043807614761,0.3993285299747,-0.3070566849741,0.1218655220750,-0.2340507169672,-0.3194717394502,-0.4025907560840,-0.4571477394269,-0.3123271851931,-0.0258122386404,-0.0988104232454,0.0183033990382,0.1084380456854,-0.2942739999447,-0.1078871648109,-0.2973457687939,-0.2357283405465,0.3718512285229,0.4424486310842,0.3781078698514,0.4917883065407,0.1182055406609
0.0895558927606,0.2418756440115,0.2265520668159,0.4399967502438,0.3279180560779,0.5777705065384,0.5432628478974,0.4121313246560,0.5284702924824,1.0000000000000,0.6846096055495,0.7646513844163,0.5714218225869,0.2339793508980,0.5483100708545,0.3997807887014,0.6927204319021,0.4651794093812,0.3173260467777,0.4539496518055,0.5689257804333,0.6621397880423,0.2336494085430,0.5990397331273,0.3733571717398,0.0935507952122,0.1388484437754,0.0454814634246,0.1942397107259,-0.2118864016169,0.4952792404530,0.1275478145637,0.4382779856637,-0.1467387929355,0.0383556284496,0.1171828136899,0.2324815553125,-0.1184676309219,0.2494756705672,0.0528966427578,0.5134983208918,0.5368999338393,0.2544843523415,0.1188567684887,-0.2038174061874,0.2930010691020,0.0542894306255,0.4907326815776,0.4479047516740,0.7229611279158,0.3175410712727,0.0371352720887,0.0403821868839,0.4438765136662,0.5317645342585,0.3945840535101,0.2564628484726,0.3137067506862,0.3132356154822,0.4599577673033,0.5679786183021,0.5098260341012,0.2214235310126,0.2314514884433,0.0586960394834,-0.0026750208180,0.0752082155418,0.3458553913615,0.3955443333446,0.2559474950406,0.1775405662183,0.0998537824031,0.4893012384313,0.2275024241742,0.0225830281346,-0.1456460825735,0.0631071390103,-0.1101398183298,-0.1190355428796,0.2435172430422,-0.2443151538022,-0.0374689996352,-0.2138591022040,-0.2119672642734,-0.2455299449940,-0.5138262357335,-0.0664541760105,0.1120034318633,-0.0288501232849,-0.0902598528327,0.1636104061610,-0.3264894640769,-0.0460043960163,-0.3015990678001,-0.2705567008483,0.3037346086723,0.3424928545921,0.3741551192288,0.5346024047469,0.1885622898061
0.1193537383586,0.0432930980016,0.1721340406078,0.4395607235347,0.3918743976396,0.5744408546890,0.5235632885289,0.4597504135294,0.5827208339481,0.6846096055495,1.0000000000000,0.7321455478366,0.5973220967765,0.1544853032258,0.3598573520874,0.3064817118516,0.6517610679360,0.4316795649542,0.2721796185673,0.4752254602156,0.4837071539156,0.5534701149664,0.2554352584854,0.5920638141409,0.4627053273430,0.1639466960588,0.2005014168890,0.1751647185019,0.1787244428703,-0.2862911545412,0.3406246780123,0.2274909223702,0.4091436987713,-0.1623676555866,-0.0124717941652,0.0838016925685,0.2858729099235,0.0181863127890,0.3280111079934,0.0926367739404,0.5322954446237,0.4190448941515,0.1182686034207,0.2088254911959,-0.1219304186350,0.2912883255191,0.1237696757647,0.6240029459600,0.4796556053107,0.5416380316558,0.3812920990776,0.0330756850035,0.0883964924194,0.3999238617399,0.5761691162927,0.3758231808710,0.3531215943993,0.2985366056939,0.3638569591343,0.5154514373962,0.5739189044799,0.7954467549955,0.3158542226979,0.2675750624690,-0.0944999344111,-0.0703783031723,0.0025039759987,0.4321470599740,0.3075966777881,0.3714063722805,0.1066814738055,0.2184488619699,0.5801463630444,0.2648646247155,-0.1201896228215,-0.2133500999791,0.1341975620361,-0.0541565934362,-0.0556893544375,0.3183556937752,-0.1758798652717,0.1163071523084,-0.3484628830830,-0.2883169765258,-0.2032563847783,-0.4041533251468,-0.0370491922776,0.1397956989317,-0.1404670106169,0.0097761824791,0.2242549410472,-0.1743883334980,0.0505031218310,-0.1822272648352,-0.1645817456546,0.5290968903878,0.3642734409860,0.3829807989773,0.3791161258365,0.0586166541336
0.0471753442384,-0.0479912127248,0.0066976221400,0.3706374664401,0.3549051159665,0.5804846862409,0.4566133448062,0.5081884642751,0.6556979353156,0.7646513844163,0.7321455478366,1.0000000000000,0.6109046126645,0.2174594445214,0.4894751761282,0.4445703113553,0.6610594251020,0.7042904568962,0.2048451144062,0.5132260918102,0.6176854881246,0.5068948214157,0.4477605004288,0.5729834142050,0.4327323456180,0.0994287272755,0.0715316533687,-0.0517657710581,0.2071800087805,-0.2779056444037,0.4575940491535,0.1701150745312,0.4989577400569,-0.2627648155722,0.0675043332243,0.0128631563508,0.1609022071564,-0.1055398475834,0.2256266045445,-0.0117897015126,0.4742133573216,0.5576933913840,0.2604556449673,0.0553687241975,-0.2077266551450,0.2465778352190,0.0031317989132,0.5307322358440,0.4436700194222,0.7569728281981,0.2662643991353,-0.1364712689782,0.0918696496235,0.3469503193814,0.5258338027478,0.3031221843950,0.3826471567788,0.3732656577001,0.3757665104351,0.4935716404290,0.5437381765978,0.5269806259751,0.4296649898350,0.4337332103779,-0.0004987277646,0.1227411697645,-0.0053871470820,0.5084682679152,0.2363231627478,0.3754391942317,0.3894344346612,0.1206452867491,0.6321733925099,0.2872696496030,0.1353974345029,0.0040953201300,0.1865877377873,-0.1290837084627,-0.1460789727756,0.3342622680086,-0.1625794093040,0.0559661970751,-0.1479657850662,-0.1915606015407,-0.3187552089871,-0.5323082872560,-0.0723015164093,0.0069853908896,0.0277748834191,-0.0573208413851,0.1477954339212,-0.1949562734516,-0.1101087783175,-0.3786205995653,-0.2864275095705,0.3792585731275,0.3634380119262,0.3373794613008,0.4713399469106,0.3085740187063
-0.1234472160059,-0.0721684618564,0.0919040668119,0.2740042916684,0.2039151672852,0.5260639990000,0.4231563061946,0.5963850349397,0.5899186453141,0.5714218225869,0.5973220967765,0.6109046126645,1.0000000000000,-0.0591548787814,0.1758385154168,0.1380204274465,0.7432018986234,0.3641900811880,0.1242630291498,0.4607036727442,0.3691176281407,0.4822817056307,0.1557848564315,0.4018861942012,0.5580984499006,-0.0012777240313,0.0873727524132,-0.1053624788569,0.0622236192302,-0.2820358397001,0.3008249916566,0.0710905225690,0.6233740765990,-0.2932939046631,-0.2457491899584,-0.1424406339939,0.0865254950421,-0.0650462543512,0.0962312657828,-0.2679175395707,0.4174600291198,0.4146877097474,-0.0559029976027,0.1355369508905,-0.0114995900773,0.1610052753717,0.1988061520778,0.3925895666823,0.1509933067328,0.4897607474629,0.1094464359608,-0.1166390125554,-0.0990516107633,0.3452875595085,0.5326047139452,0.2808027041604,0.6898710702529,0.5153862609949,0.4924174007777,0.6303190804860,0.5652367942842,0.6086257990685,0.3703498683781,0.5825289375299,-0.1776195884348,-0.1546660144231,-0.1156023066386,0.5926857910761,0.2739746561322,0.4949181144671,0.0580920514891,0.2902876614087,0.5145190507003,0.4065137266696,-0.1537729394499,-0.2006270185301,0.1419287283527,-0.4416447056369,-0.1322659164292,0.3350460197896,-0.0588643630869,0.4145151912120,-0.3900935548210,-0.4027055596903,-0.0690484317235,-0.2412981258388,-0.1309743735996,-0.0288318526085,-0.2828027590821,-0.0184526954088,-0.0304623765434,-0.3175036379946,-0.0281215157093,-0.0895849836270,0.0874106016188,0.3488728657847,0.1632397526204,0.4387505289624,0.4604377644231,-0.0507279533638
0.6763375968629,0.5347688783894,0.4421859370500,0.5747318492579,0.5425614466826,0.3296811953276,0.3731245919491,-0.0266412772342,0.0384342995873,0.2339793508980,0.1544853032258,0.2174594445214,-0.0591548787814,1.0000000000000,0.6880933044829,0.5204844115573,0.2301332461575,0.1994387195490,0.3845082379159,0.1605024778313,0.3541862617176,0.1123475262210,0.1963117058550,0.1990889676836,-0.0778268675809,0.3012869399550,-0.0383780234314,0.3780547197580,0.2984000247603,0.3569439476425,0.3733010902648,0.3012058237556,-0.0712440853872,0.3074493298786,0.4066892586886,0.3631843876361,-0.0592830145591,-0.0984558586036,0.2886655777097,0.2776800008538,0.3789517807112,0.3455883398339,0.3589042295417,-0.0554590570214,-0.1588223414387,0.0761811321961,-0.1265723648586,0.3220422995244,0.3781190102413,0.4010934362204,0.4198202018639,0.4021056516655,0.3164008865027,0.3571389612384,0.2357665260627,0.4560158121315,-0.2682965420835,-0.0431290644563,-0.0693689878558,-0.0669769977838,-0.1668805538530,-0.1026181512764,-0.3518427036445,-0.2157207989488,0.3721463857384,0.1292015571442,0.3476347275417,-0.2174869064434,0.2312246500566,-0.1454690504859,0.0064104226331,-0.2431303230781,-0.0665804806660,-0.1621913785333,0.1085417192932,-0.0211139046809,-0.2769524081053,0.4677838478753,0.0747335877899,-0.0022194531928,-0.2926097937137,-0.5191982565557,0.0465715063151,0.0316082205075,-0.3124170356439,-0.4317298957819,-0.1376833981169,0.4456958569802,0.0438171785263,-0.1560517163157,0.2387472587116,-0.2888719625580,-0.1019262082969,-0.3737926206288,-0.6052321396703,0.1511972062900,0.2400015489149,-0.1389256050203,0.0082714892019,0.1486376248030
0.4819938885010,0.4724632664522,0.3251914336820,0.7103631507252,0.5625750639556,0.5036501811821,0.6321705801750,0.1805441919890,0.3232926521614,0.5483100708545,0.3598573520874,0.4894751761282,0.1758385154168,0.6880933044829,1.0000000000000,0.7248835195181,0.4539982627621,0.4626179887403,0.4398687020281,0.3342955272996,0.5894909336052,0.2257016021432,0.2301652398317,0.4834010358689,-0.0061174563449,0.3239595565091,-0.0048023645822,0.1766294447190,0.2399639021025,0.0196502479090,0.5475618947169,0.2850616027252,0.0444596492453,0.1257277612598,0.4509904587691,0.4294549865723,0.0022023868958,-0.1569334852707,0.4880801925714,0.3104929215136,0.4414238852094,0.4605599027462,0.6795716478604,-0.0541613964324,-0.2663467388078,0.0624441948440,-0.2346253329409,0.4623354500730,0.4626443338467,0.6954950800571,0.4699084723606,0.2693716402242,0.5368339030324,0.4454144239896,0.4823105842563,0.6350778128230,-0.1471850696921,0.1511111566734,0.0960858584912,0.1427384102555,0.1733338824321,0.1504938095237,-0.0487341211432,0.0761866400944,0.5956398242076,0.4622268108018,0.3567811206830,0.0544831875933,0.3952717783468,-0.0502302730556,0.3527405016067,-0.2281594764558,0.2313614831848,-0.1134311696175,0.2726286701947,0.0315730298492,-0.2005331307548,0.2681716724856,-0.0103521099767,0.1570843824685,-0.3816009057186,-0.5092682351830,0.2059659404699,0.1363500058124,-0.5463552923314,-0.6898006850539,-0.1857279667041,0.4503254955684,0.3357340010520,-0.2705911731895,0.4201492266473,-0.3521784396882,-0.2110523623100,-0.6130334039916,-0.7418910975986,0.2859356985638,0.3910434335887,0.0815509292795,0.2935750203199,0.4702232804217
0.3218885356053,0.2076878121413,0.2109438084896,0.6194691036458,0.4785173373147,0.4922290419381,0.6605030490023,0.4228140331731,0.4722201913722,0.3997807887014,0.3064817118516,0.4445703113553,0.1380204274465,0.5204844115573,0.7248835195181,1.0000000000000,0.3997902713064,0.6039032595907,0.6611968477853,0.5080548256257,0.5084709634839,0.1329198926827,0.1176623790783,0.4753399641566,0.0555654102006,0.2295506205393,-0.0278488585928,0.1031821779549,0.2363212347954,-0.0568819094008,0.6754535489568,0.2228941450788,0.0855484652800,-0.0108084540490,0.4776816574514,0.5726513408082,-0.1260992059709,-0.0507228202636,0.4910767286068,0.2154161597448,0.3645257291819,0.3935487675372,0.6125017807408,-0.0466344342736,-0.1729610383839,0.0297677913727,-0.2443598168580,0.4866148889158,0.4888288790907,0.5622232556817,0.4312131765790,0.1098594035118,0.5808756708309,0.3623693593828,0.5149078610839,0.6620961695880,-0.0584515805046,0.3065540706177,0.3166855399263,0.2734964366191,0.2305643662830,0.1382728560506,0.0189272717669,0.1175056574790,0.4881122962631,0.4231861863336,0.5968843987310,0.1698846821537,0.5538744493643,0.1193479470482,0.3389469820828,-0.2895818553760,0.3421265601138,0.0017738497337,0.2579104731382,-0.0907791774164,-0.1687033077101,0.2346354187000,-0.0024831633937,0.3060434475344,-0.4280170503248,-0.4303770458990,0.2109404027313,0.1814544612687,-0.5348390735692,-0.5940496291128,-0.2980074623770,0.4812796850692,0.2607461365698,-0.1104656613571,0.3761656768463,-0.3166936552173,-0.2879170367155,-0.5424592970598,-0.6717453999291,0.3628536994313,0.4415111226678,0.1507828219426,0.2228470185104,0.3682235306608
0.1672995517139,0.2151222173977,0.3255128385316,0.5044164829437,0.3935174428445,0.6503862608002,0.5852901904346,0.5677683877126,0.5469825641993,0.6927204319021,0.6517610679360,0.6610594251020,0.7432018986234,0.2301332461575,0.4539982627621,0.3997902713064,1.0000000000000,0.5204420780423,0.4488044899931,0.5650608304206,0.6630368995305,0.5683316391977,0.2401909272033,0.5965715079627,0.5356395291588,0.1762326089257,0.1714355849088,-0.0086133875361,0.0704335275477,-0.2582932437029,0.6021723414860,0.2585953509533,0.6091124396377,-0.1716125945514,0.0505029734726,0.2143908074690,0.2145143343535,-0.0776248224262,0.1873906252732,-0.1872792800354,0.3950810225477,0.3833437642254,0.1402496719485,0.0885871912801,-0.0463550180259,0.1905053398364,0.0804417095397,0.4501842771004,0.2258996884904,0.5648125289266,0.2942599305966,0.1462921153893,0.0731671031284,0.5573749417546,0.5669502968077,0.4856819026907,0.4816231612723,0.4561518904816,0.4930264215984,0.5470001155322,0.5122600578065,0.5760942454643,0.2611497136782,0.3740491837843,0.0376633606287,-0.0544343301267,0.1299704791405,0.5162205966418,0.5022009207518,0.4052648963770,0.1984210259392,0.2511272244010,0.5477988654329,0.3849727011248,0.0541675217596,-0.1030141708657,0.1040910830941,-0.2524337308498,-0.1867229657555,0.4123786617371,-0.0602149438686,0.2452343742688,-0.3733894338037,-0.2859913264199,-0.0810752874401,-0.4132390785178,-0.0414248121958,0.2305958360950,-0.1498005610732,-0.0982701507991,0.0606122478473,-0.5167882652493,-0.0612190261370,-0.2032795486334,-0.1460871342521,0.3438409823178,0.1451539131428,0.3214266807711,0.4333936239641,0.1029293471964
0.0412605838885,-0.2010169056353,-0.1324952306918,0.3106457905021,0.2975276639688,0.4559039540607,0.4676721254135,0.6240354369281,0.7088171602370,0.4651794093812,0.4316795649542,0.7042904568962,0.3641900811880,0.1994387195490,0.4626179887403,0.6039032595907,0.5204420780423,1.0000000000000,0.3105899474224,0.6066877660404,0.4405504226757,0.2247145860996,0.1928033816230,0.4560660812914,0.3594603656914,-0.0527650265971,-0.0725537172791,-0.2029384042048,0.0598612162088,-0.3598403710341,0.5009956562640,0.0280580691150,0.3641109382108,-0.4409355145327,0.0995490612148,0.0777373000342,-0.0940189198401,-0.1231502151545,0.2023408849741,-0.1643889822095,0.3439859223299,0.4410002296845,0.2680380072360,-0.0835225088020,-0.2393983581577,0.1700241787554,-0.1304275494450,0.4176463012195,0.3683154592834,0.6317586219683,0.2809427305432,-0.2565005648313,0.2612187168998,0.2290983261104,0.4854969153618,0.3624629825216,0.4052587507308,0.5490733605658,0.5325786308325,0.5196159498916,0.5609799516237,0.3301625127959,0.4527527549580,0.5289996706294,0.2315884941240,0.2865295433327,0.1031958724777,0.6756713469883,0.3032731782854,0.4925108996069,0.5907354954803,-0.0481095312872,0.7016558165547,0.3143242849472,0.3003837401488,0.1046543444322,0.1351530896419,-0.1384613206662,-0.1813886605545,0.4920118604035,-0.1837682208865,0.0639480780207,0.0136050516820,-0.0761075201344,-0.3678639802359,-0.4969307479448,-0.2315796604292,-0.0334348229269,0.2010901946356,-0.0560973649122,0.1172212453944,-0.2293579461604,-0.2825913292787,-0.4565805934142,-0.3037970818445,0.2951395390185,0.4238740117544,0.3351490960373,0.4309155667637,0.4517105166372
0.4163579591548,0.3370998270682,0.5111060324466,0.6099219236079,0.4609480165039,0.4890264882278,0.6857553975451,0.5220308601278,0.3512367774142,0.3173260467777,0.2721796185673,0.2048451144062,0.1242630291498,0.3845082379159,0.4398687020281,0.6611968477853,0.4488044899931,0.3105899474224,1.0000000000000,0.4079026758492,0.2703914963832,0.0761089124976,-0.2222405730609,0.2987581120263,0.1441514010824,0.1106756157699,-0.0932649228274,0.2147409324846,0.1311355102382,-0.0906759169880,0.4394504666644,0.1207690425660,-0.0652166519608,0.0235114210678,0.2211895199536,0.8081064471685,-0.0783495643382,-0.0312891304953,0.3744278289715,0.0255286468187,0.3068601060001,0.2027243129554,0.2147026914817,0.0317999347015,-0.1353413692918,-0.0815420332090,-0.1386901968399,0.3728076375908,0.1790786422801,0.2685284129064,0.5544052129992,0.4339571413575,0.4406396965102,0.5327564379545,0.4859771690510,0.7271002978095,0.0467307804655,0.4603077176669,0.5484318062658,0.3985949671007,0.2747974751776,0.2036656073097,-0.0028886611001,0.0526944995028,0.3837181221974,0.1271236188650,0.5776749330488,0.1783523797473,0.8600435729354,0.0589747775721,-0.0060566381675,-0.2595577182226,0.1807059751483,0.0293362711411,-0.0015074671592,-0.3260675728436,-0.3367432446499,0.1444183374340,0.0163463314147,0.0962785025241,-0.3632456112977,-0.2888546257576,-0.1131540302253,-0.0299719475669,-0.2853725060009,-0.3563368195984,-0.2989688196257,0.5584033815675,-0.0469434900756,-0.1747758324993,0.2215475108296,-0.4626327844827,-0.1802016913835,-0.2743572973038,-0.4044056598218,0.3246710120659,0.1789594778084,0.1705116641208,0.1668702698507,0.0356437234120
0.0806826944571,0.0656367620199,0.1548955438419,0.3577197569904,0.2904778282728,0.4177458221842,0.4137899767424,0.6878192127575,0.7437167877536,0.4539496518055,0.4752254602156,0.5132260918102,0.4607036727442,0.1605024778313,0.3342955272996,0.5080548256257,0.5650608304206,0.6066877660404,0.4079026758492,1.0000000000000,0.4404070649227,0.4321896255399,0.2379305969248,0.4934566144662,0.6868386894839,0.3592969796688,0.3134119554488,0.2623342491259,0.2262783190448,-0.0915373749525,0.5578626310486,0.3802835581574,0.5708856335723,-0.1240217436802,-0.0016438684154,0.0764017946475,0.0802204472792,0.3269382397296,0.1725413718706,0.0668243967756,0.4410606473471,0.4370061297220,0.2094611331828,0.4009544679619,0.2446429875395,0.2630720157858,0.1917256163386,0.3370406522400,0.3705436643615,0.5153249441670,0.2357288018941,-0.0742708209294,-0.0195841986872,0.2851026691580,0.3686435130735,0.3229824178162,0.4152138699366,0.4852289664526,0.4812855764223,0.6834055605004,0.3939331204717,0.4227714210373,0.0790676335026,0.1693137700062,-0.0508146328264,-0.0801603600908,0.1271232230071,0.4627408485396,0.3432324782002,0.7567999553937,0.1386515807762,0.1427204594873,0.5977610836313,0.5408268510835,-0.0015746275971,-0.1717790929965,0.1353777654384,0.0021945324935,-0.0257848051098,0.4138963768077,-0.2099404526133,0.1663730734209,-0.2390643798084,-0.2598060924510,-0.2365871131484,-0.4528839455289,-0.2167334589699,-0.0070963086655,-0.1455314600545,0.1971053888622,0.0089218918796,-0.3675199260107,0.0846099397222,-0.2038830029107,-0.2302300825759,0.2021752485355,0.3368936603420,0.2077469635705,0.4127392051751,0.0682654309936
0.1366907537407,0.2317551893922,0.0995670548028,0.3452475190498,0.3135159095161,0.4191213131225,0.2951824725062,0.1996424294907,0.3354604141013,0.5689257804333,0.4837071539156,0.6176854881246,0.3691176281407,0.3541862617176,0.5894909336052,0.5084709634839,0.6630368995305,0.4405504226757,0.2703914963832,0.4404070649227,1.0000000000000,0.6042723541186,0.6045356614476,0.6248334869395,0.2603683427524,0.4941343982333,0.3763064816522,0.1208415741457,0.2299802743416,-0.0230692847240,0.6627886588393,0.4943715613720,0.5528544819616,0.0413580406592,0.4010697333561,0.2276822021884,0.2839701849985,0.0464798064998,0.1109431819628,0.1820548410177,0.2210470594018,0.3283414883063,0.5858264323172,0.1664065027791,0.1527510707493,0.3525762091113,0.0274439292712,0.2297604691557,0.3828268304638,0.5980623889806,0.1177521070789,-0.0560295628165,0.0716152350724,0.3113114291511,0.2657580635920,0.2348811350647,0.0725480337990,0.0693080016105,0.0270802593992,0.1962752271716,0.1695247687282,0.2968700157300,0.0487635995311,0.0976771817181,0.1498149281588,0.2093235003549,0.1936474639556,0.1035119202424,0.2015692630933,0.2140571681938,0.4819885426940,0.2359270456276,0.4388871342788,0.2903723522429,0.4735704269128,0.2198690675247,0.3310064486062,0.1528896980978,-0.0449007040989,0.3280077666415,0.0455898327552,-0.0024116788433,0.0582296357658,0.1288427389243,-0.1043718316802,-0.5024060455803,0.1630331212560,0.1773356943217,0.2508145865788,-0.0070821386523,0.0847235455790,-0.2682257035465,0.0999804611091,-0.2267662080270,-0.3519011415627,0.1022419190466,0.2249798531308,0.0176963817266,0.3130482329674,0.4467776579187
-0.0315994405861,0.1419057393465,0.1140448858080,0.1642949054437,0.2058375810816,0.3662288826339,0.1702907883773,0.2047419262084,0.3340468165558,0.6621397880423,0.5534701149664,0.5068948214157,0.4822817056307,0.1123475262210,0.2257016021432,0.1329198926827,0.5683316391977,0.2247145860996,0.0761089124976,0.4321896255399,0.6042723541186,1.0000000000000,0.5352848047611,0.5210734387320,0.4334597006854,0.3806026248852,0.5305630252502,0.2661880313463,0.1282745846807,-0.0510659957585,0.4319738669787,0.3867653185171,0.6412910814057,0.0350985309094,0.0571900559380,-0.0952617626413,0.3924201065905,0.1832037232757,0.0219658455817,0.1749190687186,0.3436535510395,0.3616064688474,0.1727861373053,0.3636047021687,0.2110301519585,0.5508121313674,0.3246726358854,0.2513213496867,0.4104893041829,0.4584386979739,0.0478369421194,-0.1389720113157,-0.2689480567379,0.2172195259619,0.1955299536693,0.0221820158837,0.2512281068203,0.0859352872524,0.0202358574195,0.3260061460109,0.3017565773827,0.4015130124918,-0.0038925267465,0.0153243331721,-0.2160143687271,-0.2048075332978,-0.0963972489376,0.1637272598217,0.0549623039235,0.3800306230574,0.0899356828392,0.5072923784851,0.4350461973318,0.4323377311518,0.0896597055087,-0.0114118677211,0.4263458550116,0.0620793264015,-0.0443012752746,0.2655777772096,0.0602365512161,0.2452073414092,-0.2606282447631,-0.1492957914550,0.0875225172718,-0.2526555069353,0.2195317969166,-0.0827119203156,-0.1036148064613,0.2188267684138,-0.0124938007718,-0.1069871667474,0.3049266634203,0.0894071310835,0.0193368931152,0.0977497628032,0.2174076034341,0.1767704038568,0.3840698944473,0.0411520325489
-0.0627955907314,-0.0584623857733,-0.1711397214814,-0.0523042901612,0.1010768333638,0.1086620835702,-0.1715485288213,-0.1335089745156,0.0584287823983,0.2336494085430,0.2554352584854,0.4477605004288,0.1557848564315,0.1963117058550,0.2301652398317,0.1176623790783,0.2401909272033,0.1928033816230,-0.2222405730609,0.2379305969248,0.6045356614476,0.5352848047611,1.0000000000000,0.3077886038560,0.1523677287474,0.5580969516198,0.5766042518317,0.1917386892756,0.1729383336781,0.1069666465117,0.3671508250366,0.5295632011182,0.5224178221763,0.1370283470219,0.2710004544668,-0.2268289425428,0.3165966799155,0.1164683997015,-0.1204201020545,0.3008740073649,0.0273628615181,0.1291528610726,0.3227437433592,0.1628464362315,0.2825336917158,0.4370513497207,0.1150108690241,0.0139894617307,0.3302970568314,0.3341769350014,-0.1986802328078,-0.2995474348833,-0.1631303048568,-0.0166821690757,-0.1156878574126,-0.2298564926805,0.0265432528623,-0.2366065710478,-0.3365450476079,-0.0630074171040,-0.1261359656023,0.0820304269564,-0.0518148794494,-0.1085170657507,-0.1429204806753,0.0811081882816,-0.0348502611660,-0.0794563422352,-0.3394467510660,0.2597853174596,0.2923105303520,0.5738416153435,0.2355912753303,0.2963228108017,0.3873911031242,0.3245665362329,0.5739092299701,0.2378326637969,-0.0156537416913,0.3108221958829,0.3399436259078,0.1640536564904,0.1130543650691,0.1807741949368,0.0921474007176,-0.1649906906645,0.3387117946125,-0.1505192940804,0.1496206608540,0.2402922738038,-0.0742229808949,0.1313385557475,0.2452031468973,0.0677324704895,-0.1288566855209,-0.0822017877061,0.1535261957631,-0.1898645029615,0.0926186966527,0.2660266837909
0.0855970045666,0.1400854358070,0.1270232229657,0.3817650204943,0.3249002932846,0.4999695320357,0.4911017784372,0.3395127181504,0.5752149834680,0.5990397331273,0.5920638141409,0.5729834142050,0.4018861942012,0.1990889676836,0.4834010358689,0.4753399641566,0.5965715079627,0.4560660812914,0.2987581120263,0.4934566144662,0.6248334869395,0.5210734387320,0.3077886038560,1.0000000000000,0.3554093735531,0.3340327765254,0.3373283801615,0.1269490852732,0.1303223625977,-0.2209193680270,0.5892408293722,0.2403530095705,0.3491339964429,-0.1115086120071,0.3366727940533,0.2317808597108,0.4387294335193,0.1267243921509,0.4561276737335,0.2006522886918,0.2985451134623,0.3051657907222,0.3813289297683,0.1758964211472,-0.0196770501458,0.2406425396519,-0.0770063476625,0.4971958123112,0.4735267923136,0.4910829733102,0.2316035641649,-0.0013796273831,0.1860527034075,0.3440994569695,0.4601391341906,0.3939549159762,0.2104843187160,0.1877997611467,0.2518742431476,0.4076613547971,0.4105601834269,0.4920611570598,0.2135899984748,0.1494640614770,0.1146119264888,0.1612118426208,0.1997205869766,0.3113167628948,0.3836690341824,0.3106711354701,0.2935799607230,0.1755165258088,0.6906531766034,0.2363503335487,0.1543435712585,0.0131361142209,0.1523799807846,0.0195790284689,-0.0918431808327,0.4286845372593,-0.1310656855803,-0.0053152881075,-0.1119957287744,-0.0428707166008,-0.2371716388596,-0.4885870566289,0.1643719467407,0.3399123342862,0.1302169467636,0.0849346482556,0.4025434990140,-0.1907293303298,0.0099792361578,-0.2645682266494,-0.3364709032238,0.3884561136198,0.3624380215403,0.2044895114005,0.3867811129709,0.2558534228031
