1.0000000000000,0.6066842975453,0.4858781159862,0.6392536540480,0.7704734509101,0.4598041931702,0.4980012812888,0.0728090547173,-0.0081264707653,0.0985306529158,-0.0434500064468,-0.0372215829131,0.1288980521150,0.3800906542799,-0.1309929993100,0.1898085680800,0.0563555773160,0.1264859157611,0.2213196305397,-0.1173249463470,-0.3319209909343,0.0313368769298,-0.1583617611615,-0.1937446248548,-0.1676225302168,-0.2759028502638,-0.2602459501464,0.1105378307467,-0.0166904747088,-0.0848137897631,-0.1440518408139,-0.1275278099468,-0.2733227137625,-0.0531732761013,0.2973161144457,0.0935181898589,-0.1981177336271,-0.2700102740888,-0.1080432524617,-0.0630568629974,0.2592975675633,0.2437378710778,-0.1740389863217,-0.1346558199491,-0.2802987333537,-0.0291368568291,0.1404620077125,0.1940985690675,0.3237062941175,-0.0816866371000,0.9064502274855,0.5522096935476,0.5701983680120,0.4373373147428,0.4092799082473,0.6128910370351,-0.0438526234216,0.0597344326394,0.1911860699065,-0.0273038808704,0.1486376002793,0.0457767521073,0.1728977641412,0.0686286943808,0.4740054017274,-0.1876780423657,0.3182686657311,0.1259507683001,0.1771606792965,-0.0063489167732,-0.0799079556055,-0.1672331862107,-0.0214672580603,-0.1531112251996,-0.3265080179915,-0.3370166248689,-0.3290931312372,0.0042490432295,-0.0140981420641,-0.0247661185178,-0.0940032945887,-0.2253419875816,-0.1591626222504,-0.2250109587360,-0.3440546450123,0.0055001669207,-0.1024539189426,0.0910295135254,-0.3241491901168,-0.3481030903650,-0.1156824918425,0.0424230100506,-0.2543309759173,-0.0858546062398,-0.2406070490356,0.0727773889990,0.4678337271203,0.1090551143292,0.1818738298352,-0.1979819867718
0.6066842975453,1.0000000000000,0.3346737560646,0.5332471352547,0.3214400348355,0.1255256980121,0.2042378535118,0.0901412594639,0.0496840220005,0.1654647520245,-0.0697782245669,0.0576753485095,0.1255525475378,0.6684249938820,0.0986994120108,0.1956255227614,0.0852338855830,0.0669444421492,0.1695283470579,-0.1692498178907,-0.1770898561754,0.0005796389576,-0.2504045570510,-0.1065612626488,-0.2014902538015,-0.3088674950859,-0.1878257040139,0.1643253081611,0.1687770338042,0.1416876838344,-0.0227096267021,-0.1645000530837,-0.1093513315528,-0.0863545222800,0.2475885690595,0.1100244110009,-0.1617390997586,-0.2344128824752,-0.0052929918428,-0.1183640559761,0.2921751447114,0.2902047855816,-0.1172640249392,-0.0628742261206,-0.2260839531197,-0.1641951688060,0.1786069722612,0.0388204866705,0.2428518291175,0.1552087502456,0.5674965763745,0.8116596933292,0.5456676232831,0.2336327442441,0.1600517465454,0.3458402592168,-0.0222710452731,0.0847269388699,0.0510794784310,0.0197784928309,0.2284091837135,-0.0452753190269,0.1835457169067,0.0291550500048,0.6367282959930,-0.0264799584445,0.3341141584376,0.0478794989047,0.1437800294514,-0.0999301090056,-0.1042398262993,-0.2256069919575,-0.0408863740416,-0.0779212660330,-0.3802556355145,-0.3925576927837,-0.2246195008905,0.0114045849027,0.1247808987347,-0.1456557093699,-0.1549984894848,-0.1503627850921,-0.0986716080048,-0.1811014472877,-0.3352657999912,-0.0455628504167,-0.1205798769984,0.0694006505556,-0.3595088936498,-0.2450433019943,-0.0932410880350,-0.0561116350110,-0.2115156321753,-0.1339788063327,-0.3214206984661,0.0244958656936,0.4884507667505,0.2116577149853,0.2593036223226,-0.0935764946439
0.4858781159862,0.3346737560646,1.0000000000000,0.5540830819157,0.6202492300557,0.7154274878395,0.5445662822130,0.3316389285813,0.1749307158259,0.3255567102999,0.2397807998511,0.2597644768796,0.3878601115540,-0.0341391979208,-0.0038103790589,0.1978073735873,0.3041939566003,0.2667436321811,0.2985613140783,0.0891057336193,-0.1517671745396,0.1411591597893,-0.0787856097600,0.0387034040508,-0.0218196437836,-0.2209810121322,-0.1381161478117,0.0963995520236,-0.0275502234555,-0.1783434138052,-0.0513890625962,-0.1252694902612,-0.0919886679849,-0.1090076291124,0.3073558867260,0.2202476040517,-0.0084648118095,-0.1591017793530,0.0977633028801,0.0036819102057,0.2106093520583,0.2088025507531,-0.0934553698809,-0.0928658541234,-0.1071507709902,0.0680869449869,0.1355580981980,0.3720423123181,0.2614173854813,0.0176351705548,0.5652661494537,0.4759532741589,0.3463523745548,0.8538015659909,0.5650498279130,0.6141867138902,0.1423506687412,0.1861355484373,0.2363601360737,0.1563086078695,0.2523246518472,0.2412577803207,0.3088110560354,0.2635963541232,-0.0213890053578,-0.0939699898322,0.2345505512531,0.3108249373353,0.2441751100972,0.0403131541471,-0.0026719664449,-0.0989402130056,0.1014109348098,0.0044092011914,-0.2846387331625,-0.3014745360548,-0.2024751413097,-0.0528535121877,-0.0818601832566,-0.0507917213584,-0.2082997351842,-0.0770000932913,-0.2444359092980,-0.2304494594295,-0.2272355432113,-0.1855914239457,0.0078805461060,0.2099376164716,-0.1458310530702,-0.1893317333297,0.1001960350845,-0.0382789937515,-0.2543870943301,-0.1123317248225,-0.1640832599439,0.2930578658330,0.1786924512106,0.0767841053906,0.0788228310843,-0.0769505438081
0.6392536540480,0.5332471352547,0.5540830819157,1.0000000000000,0.6880910998451,0.5656668167484,0.7504719331559,0.2563560891934,0.1268431911591,0.1225129177761,0.1365649297425,0.0294361761835,0.2093405758909,0.2370810502380,0.1847873621984,0.5755772460148,0.2659011226295,0.3369009843688,0.4357368130228,0.1691346820235,-0.1933128741391,-0.1048652672517,-0.2011565834676,-0.0249714062732,-0.0253993177299,-0.1059246784928,-0.2409375871742,0.1209665580258,0.0371775706379,-0.1279787016181,0.1248275796506,-0.0391037854439,-0.0935168527177,-0.0245764893729,0.4562240155499,0.3588067486223,-0.1697133294350,-0.1216958849772,0.0620748184363,-0.1035010446245,0.2663718722841,0.3035689819636,-0.0035702197362,-0.0454367245030,-0.1471955535607,-0.0232675753331,0.1925813235832,0.3673478994152,0.4102623054327,0.1434824201762,0.6691018261674,0.3755788030203,0.8343571858421,0.4869968817276,0.5638391311670,0.7444073071153,0.1173197695013,0.1160546495905,0.3284906847785,0.0331515517987,0.0344081188597,0.1076709990497,0.0370366292552,0.0183506977492,0.3338105787454,0.0692859297205,0.5385476498305,0.2548409696826,0.3145334686921,0.1678260746081,-0.0884212656994,-0.3122606738216,0.0458388157987,-0.1292622183667,-0.3283782054249,-0.2387018713559,-0.3443974548550,-0.0611199072123,-0.0137063904084,0.1758889603442,-0.1985652323047,-0.1627810518284,-0.1921448771207,-0.1766268296884,-0.2709793556509,-0.1441278362647,-0.0958065945716,0.2410812560219,-0.1441285813980,-0.2248803857327,0.1157827028895,-0.0792156691166,-0.2484895976332,-0.1255881657138,-0.3623160648402,0.3010009959970,0.3379305273521,0.0459667022188,0.2043482781502,0.0572825013817
0.7704734509101,0.3214400348355,0.6202492300557,0.6880910998451,1.0000000000000,0.8004326964648,0.7840582661944,0.2969076829774,0.1881275161052,0.1989222997384,0.1581434348688,0.0479513999565,0.2690826870666,0.0950343911847,-0.0956269387181,0.2718646893168,0.2204145425203,0.3250486879826,0.3496746710205,0.0987966940602,-0.3278319728897,0.0710100144859,-0.1652175550520,-0.0491117753568,-0.0227104668843,-0.1996374147479,-0.2486396367170,0.0645109670620,-0.1313036801802,-0.2425929548728,-0.1273177739930,-0.1415489487967,-0.2387501655785,-0.0190119615935,0.3048815531347,0.2075506921838,-0.1935155423324,-0.2509472082653,-0.1188146775682,-0.0314346656415,0.1845697931462,0.2433267001242,-0.1944636706763,-0.1262688627587,-0.2117134484048,0.0421289585000,0.1094536265233,0.3285675329711,0.3861793513761,-0.0419205591268,0.7965177353245,0.2678308885975,0.4904007674030,0.6823423150883,0.7723128382797,0.8092456235530,0.1575297541346,0.2379489510827,0.4209308706983,0.1851115159083,0.1674320373134,0.2182265686802,0.2035454180513,0.1531356403378,0.2276168726224,-0.1948431153419,0.3531920369556,0.3332169879611,0.3586125534837,0.1579905150452,-0.0421668509164,-0.1806264858820,0.1248785022964,-0.0698991263391,-0.2994161537030,-0.3059738723619,-0.3354115811331,-0.0608252574976,-0.1420468942418,0.0762516432560,-0.1664702616511,-0.2097172088474,-0.2290325105056,-0.2805854294123,-0.3020621465542,-0.0299761348381,-0.0874103058456,0.1947490115305,-0.1704563943300,-0.2852238991632,-0.0136408784138,0.0521950901028,-0.2087042015893,-0.0950008628589,-0.2120156094659,0.2137664689906,0.2808696787631,0.0219498914813,0.0901697246530,-0.1424600811056
0.4598041931702,0.1255256980121,0.7154274878395,0.5656668167484,0.8004326964648,1.0000000000000,0.8456736312831,0.4260729500006,0.2946965487540,0.3981028059233,0.3699070894375,0.2535570346287,0.4258908661742,-0.1016576946022,-0.0546791569459,0.1907782416815,0.3463478400840,0.3752611800411,0.3788550813718,0.2347992908263,-0.1813459769583,0.2122209673129,-0.1143551509233,0.1656153221245,0.0719544686839,-0.1719739562393,-0.1189954890321,0.1685465171345,-0.0857085135322,-0.2896323686917,-0.0608862369957,-0.1765557158169,-0.1329147344553,-0.0642450794081,0.3486767918229,0.3418618543413,-0.0445927454252,-0.1806877503691,-0.0036417242729,0.0728416077512,0.1685146579633,0.2584177321920,-0.2106154185179,-0.1234977702941,-0.1271096596477,0.1621376841209,0.1098769542093,0.4920609095514,0.3553542657968,0.0413963508829,0.5655615613951,0.1184405861857,0.3211082770835,0.8263478085272,0.8742930995457,0.7717250485394,0.2647203394335,0.3418251779081,0.4220295065916,0.3100864247915,0.3049483897069,0.3365647261177,0.3021647207364,0.2865365578689,-0.0171502621524,-0.1392702739779,0.2475916955042,0.4296688283165,0.4118481716250,0.2027684789590,0.1191069420256,-0.0811520597694,0.2303732586289,0.0548672925814,-0.1937134839912,-0.2520402947534,-0.1916071106422,-0.0207951019384,-0.1210811421052,0.0450514281926,-0.2540318612960,-0.0795488414807,-0.3075098928223,-0.2494463087726,-0.1849667592627,-0.1644404567944,0.0685665147911,0.3529564728989,-0.0864070441130,-0.1720566963866,0.1308755015848,0.0542679719822,-0.2385635185006,-0.0283916453247,-0.1020410765353,0.4087475918766,0.1939116874383,0.0100142368776,0.0592320550496,-0.0257469847620
0.4980012812888,0.2042378535118,0.5445662822130,0.7504719331559,0.7840582661944,0.8456736312831,1.0000000000000,0.4139390274888,0.3102544513362,0.2978798353731,0.3103073943484,0.1348853171169,0.3028368618989,-0.0380813333054,-0.0086360070864,0.3613461142680,0.3075463792423,0.4086254414499,0.5075969300966,0.3140467418529,-0.2320555622997,0.0619598219463,-0.2154207054946,0.2036674140656,0.0507203784708,-0.1161596807737,-0.1522683819291,0.2139182271871,-0.0403289561983,-0.2654044494736,-0.0113883287944,-0.1729110001215,-0.1749002735893,-0.0360501171770,0.5091471923198,0.5063815678675,-0.0810015946060,-0.1896019673791,0.0293769859561,0.0449384935023,0.1711943107433,0.2166592306598,-0.2297601088403,-0.1327326972942,-0.1596671781863,0.0768024535589,0.0543709054536,0.4295482723618,0.3679232777154,0.0264801477923,0.5903594521953,0.1149350288823,0.5186546010570,0.6322958840509,0.8236596024013,0.8747504261997,0.2246297047505,0.3115470521769,0.4563884431954,0.2775475539978,0.1933432703259,0.2178303486320,0.1305796369861,0.1493590167609,0.0950445252803,-0.0793898899813,0.4126939254430,0.3798744313233,0.5058446570502,0.3083640101318,0.1094800926609,-0.1930420124281,0.2625674031194,0.0198135211436,-0.2182657127443,-0.1875007971071,-0.2416180970879,0.0338870375210,-0.0485210540678,0.1303724341490,-0.2885576320972,-0.1558870473357,-0.3115973788904,-0.2559880693510,-0.1631491558935,-0.1408173741347,0.0436381793827,0.4566814774579,-0.1082026750867,-0.1641066927874,0.1693211231747,0.0724819842768,-0.2356673867980,-0.0333700296924,-0.2363995535296,0.3752813075768,0.2304708975841,0.0056893990393,0.0312129918580,-0.0239816963731
0.0728090547173,0.0901412594639,0.3316389285813,0.2563560891934,0.2969076829774,0.4260729500006,0.4139390274888,1.0000000000000,0.5270555415238,0.2972515385637,0.3903019926983,0.3329052527359,0.4914451789737,-0.0569866344638,-0.0653534668807,0.2415300060020,0.4659240099434,0.5694272989377,0.5992157291224,0.4984253831287,0.0113728768985,0.0898064041096,-0.0812115780278,0.1635908772619,0.1906043155495,-0.1539049190409,0.0230655243315,0.1458778995467,-0.0555468003334,-0.1670499374839,0.0279216908340,-0.1246141039951,0.0457098072064,-0.0225913053922,0.0545183795679,0.2717227916941,-0.0471012182631,-0.1236617797681,-0.1616989449369,0.0888575884021,0.0549647884306,0.1268533860085,-0.0907743355422,0.0055644631428,0.0335869015954,0.0753954867862,0.0685613219362,0.0689816443640,0.0720479504734,-0.0420662968483,0.1675798282931,0.0549593774404,0.1438619666884,0.3355958107909,0.4389311282795,0.3905038254062,0.4884349919631,0.6262347342675,0.5899840752096,0.5328255334828,0.1992799462843,0.2692697492716,0.2312424311661,0.3573485799100,-0.0258375398309,-0.2363786146148,0.2668511694057,0.5393378447040,0.5995447531175,0.4701226940995,0.0367838849763,-0.0595296540728,0.3624123671949,0.2945589750162,-0.0467067745675,-0.1786028389529,0.0337085152831,0.0445858197047,-0.0681532385869,0.1045665976168,-0.1691413902729,-0.0553263947127,-0.2035603269209,-0.2511451053328,-0.0888794094529,-0.0954914571841,0.0222830240999,0.2078890938211,-0.0985498955888,-0.0527897482517,-0.0257393210633,0.0519789804203,-0.1087644577805,-0.0025888379454,-0.2224625675149,0.0873275171058,0.0325064978026,-0.0617298591164,-0.0684928181507,-0.1129017319040
-0.0081264707653,0.0496840220005,0.1749307158259,0.1268431911591,0.1881275161052,0.2946965487540,0.3102544513362,0.5270555415238,1.0000000000000,0.3913650262449,0.5249394952527,0.4232538422530,0.3800948688666,-0.0858054461323,-0.0367518073906,0.1985596602041,0.4147227814429,0.4474893003184,0.4785310370817,0.6212385782986,0.0554017924608,0.2372584616141,0.1036940611945,0.5497726159039,0.3605426970930,0.0489858611020,0.2843101015726,0.0618486949400,-0.1650227313453,-0.1457132376690,0.0721625115267,0.0423095560234,0.2577442468105,0.0880074176816,0.0513336357393,0.4301713665891,0.0446166702756,-0.0219146847553,-0.0718709848770,0.2385496593108,-0.1134882936818,0.0708096267784,-0.1608586343270,0.1279698909157,-0.1228661970547,-0.0254738482524,0.1180026734549,0.0041275196905,-0.1188619867436,-0.0015008900597,0.0238369879867,0.0434622028083,0.0619609364097,0.2473005387773,0.3358129535466,0.3094557414365,0.4891607370761,0.5299888328512,0.4762900549217,0.9259158588571,0.3154394203591,0.4070928734728,0.2382298659027,0.2441745512809,-0.0711612065220,-0.2071573768120,0.2653697241808,0.4171521150839,0.7228905548291,0.5721589818522,0.1835048734355,0.1830667934696,0.6658365749414,0.5668024089221,-0.0219559981633,-0.0370637592436,0.2388290407470,-0.0339948666567,-0.1806577329776,0.2121270007278,-0.0846076255354,0.0213177209053,-0.3165951756544,-0.1729981657632,-0.1387418053755,-0.0973852214285,0.1142617731349,0.2524250000439,-0.1697307685548,0.0090134403878,0.0843339071831,0.1338114073191,-0.0023115324875,-0.0287503389128,-0.2846128004669,-0.0056670007395,-0.1222807856661,-0.1409117254154,-0.1754651287787,-0.2253575867579
0.0985306529158,0.1654647520245,0.3255567102999,0.1225129177761,0.1989222997384,0.3981028059233,0.2978798353731,0.2972515385637,0.3913650262449,1.0000000000000,0.5912895655105,0.7678482485050,0.4631153080104,-0.0346972333351,-0.0249577892527,-0.1067886307967,0.4365687208597,0.2960462628919,0.2079060908236,0.2158010310408,0.2307052433566,0.6185209973975,0.2072998994054,0.4360182334788,0.1234639648656,0.0188705312656,0.2960288924175,0.0763844309062,-0.0174711590548,-0.3171579142319,-0.0341694731866,0.0085960010589,0.1278710504061,-0.1509835001876,0.2075939969072,0.3221666109463,0.2785559317155,-0.2005006170148,0.1433228383597,0.1393249654735,0.2760251373041,0.5392412751296,-0.2410918874661,-0.0421345940777,-0.1987109346329,0.1674681212848,0.1176733821187,0.0985435195244,-0.0397136677372,0.2423925378730,0.1343237404671,0.1997370773319,-0.0268786398230,0.3348384468991,0.3103788634088,0.2702763204639,0.2200407664947,0.3835636077826,0.2852168064833,0.4366680792665,0.8961149747504,0.5383058355001,0.6624624193596,0.3366090926844,-0.0597856040904,-0.1458554715852,0.0503812173949,0.4760454610204,0.4016336182164,0.1698874146456,0.5262496330293,0.3902724913065,0.4526685915100,0.3481849229232,-0.0614052883782,-0.0649226414331,0.2350733560221,-0.1576724883695,-0.1788855035238,-0.0611106482043,-0.0888970624455,0.1145530095877,-0.3694609943114,-0.1974002650760,-0.1882592005370,-0.1634566728426,0.3442283723781,0.3266611013007,-0.1568152838140,-0.1628373264328,0.1880574231532,0.1175831675532,-0.1534896166480,0.0333703379906,-0.0575650523313,0.1029225985431,-0.0735841133821,0.3971279642285,0.3134609788584,0.0067334539881
-0.0434500064468,-0.0697782245669,0.2397807998511,0.1365649297425,0.1581434348688,0.3699070894375,0.3103073943484,0.3903019926983,0.5249394952527,0.5912895655105,1.0000000000000,0.7327386078721,0.5820111935228,-0.2528502508501,-0.0098846781408,0.0320839754721,0.5702967743352,0.5223057251449,0.2195308172090,0.4566836756439,0.2830521677788,0.4171295516110,0.3113210997786,0.5009613106039,0.2797331368478,0.1210467698043,0.3670494377386,0.0630988332741,-0.0661946893048,-0.3095058319283,0.1199390077325,0.0665223647001,0.3330407122696,-0.1678799986921,0.0507539291330,0.1581175418279,0.2559935886861,-0.0353973743820,0.0209845961765,0.1405363167157,0.0748080286311,0.2695015160266,-0.0792374663847,-0.0394917661157,-0.1082581707593,0.2189810245455,0.0661218670582,0.1840914431124,-0.0027074635480,0.0522296695606,0.0162018311017,-0.0513934849379,-0.0201640690980,0.2259482438244,0.3739381996588,0.1986219720739,0.4823734751689,0.4726450931897,0.4589493271992,0.5177383789712,0.4609316392484,0.6992625170530,0.4558619271236,0.4420543028121,-0.2374432191161,-0.1261224681411,-0.0206023821338,0.5868582367208,0.4548927960702,0.4066048542322,0.4278519689202,0.3368520134964,0.6003436645097,0.3747805722150,0.0824854670115,0.0003795359104,0.2534766794313,-0.1113760928399,-0.1868831008368,0.2021814139242,-0.1266359964034,0.0974013749709,-0.3467040176036,-0.1160610333337,-0.1259804430461,-0.2805976119145,0.2468605658067,0.1748986457896,0.0119810773494,-0.0894426838071,0.1956090809622,0.0005863936586,-0.2180746720046,0.0927855750501,-0.2083605574918,0.1691425875681,-0.1503195498763,0.0413523373788,-0.0189505447240,-0.0181615545729
-0.0372215829131,0.0576753485095,0.2597644768796,0.0294361761835,0.0479513999565,0.2535570346287,0.1348853171169,0.3329052527359,0.4232538422530,0.7678482485050,0.7327386078721,1.0000000000000,0.6351835016887,-0.1745408445857,-0.0098122596855,-0.1244239731370,0.6104139663625,0.4213738404489,0.1061062095993,0.3324260780422,0.4036443681620,0.5915008017140,0.4253258382975,0.4987802224094,0.2456395620595,0.1823802331128,0.4280313076042,-0.0146042062764,-0.1338378429354,-0.3400573575681,0.0817705968516,0.1857604564822,0.3980856805829,-0.1196556754348,0.0467047403385,0.1575887702330,0.3500425978021,-0.1245476319329,0.0756180191891,0.1073458074842,0.0457441029017,0.3083957063945,-0.1264633332719,-0.0120516815964,-0.1483857296984,0.1262535812205,0.1415287987149,0.0544689123404,-0.0856050471230,0.1439765031216,-0.0024394592566,0.1320010214492,-0.0731796697792,0.2170679945069,0.1811660546311,0.0861226281745,0.4239619795385,0.4370036669544,0.2980614222199,0.4443805862176,0.6744969947316,0.6878303535853,0.7751956399388,0.5300819330590,-0.1916209210553,-0.1016508609624,-0.1073513517730,0.5673558378392,0.3389233486433,0.2581766735794,0.5814839172803,0.4956971752901,0.5644927700119,0.4317153258637,0.0819145697934,0.0882277478573,0.3480369054667,-0.2188450640975,-0.2528485346223,0.0302492442644,-0.0047034390416,0.1925776086954,-0.4127841714236,-0.1132948680428,-0.1337750371435,-0.1810469303607,0.3433057340478,0.1998474594478,-0.0495257191238,-0.1079818528459,0.1710588409873,-0.0064056835429,-0.1559073856345,-0.0359470437971,-0.1701222113081,0.0828405481993,-0.2112402007098,0.0998023196351,0.0933978444740,-0.0071236662929
0.1288980521150,0.1255525475378,0.3878601115540,0.2093405758909,0.2690826870666,0.4258908661742,0.3028368618989,0.4914451789737,0.3800948688666,0.4631153080104,0.5820111935228,0.6351835016887,1.0000000000000,-0.1154816208544,-0.0837007618837,0.1003618930894,0.6155023997933,0.3783239866106,0.2170346729922,0.3383454870201,0.1302172503586,0.2166835575486,0.0578315667117,0.1906443235401,0.2977809883965,-0.0132075456086,0.1155608362012,0.0165482324200,-0.0861698082580,-0.2561047432216,0.0880111810564,-0.0118794744028,0.2563105523290,-0.0519259123278,0.0743886533061,0.1152393317107,0.1247439315742,-0.0993759293465,-0.0586780353663,-0.0165196778939,0.0987625596688,0.2931463545657,-0.0400171178738,0.0349993057578,0.0388026272289,0.2132615983690,0.1468818277247,0.1010411607486,0.0374237291127,0.0646664979762,0.2296207057870,0.1857780295388,0.0953081004455,0.3731361069200,0.4055963607779,0.2522797192323,0.5380161390893,0.5104115940831,0.3625861966301,0.4012932034828,0.4314565670227,0.5041150350476,0.6594449873210,0.8749061552865,-0.1063397510715,-0.1850563261134,0.1133446693254,0.6280626585590,0.3357947418409,0.2623653905087,0.1569887070712,0.0805983866682,0.3201991782706,0.2903374644040,-0.0975472291817,-0.2056625345648,0.0945253859834,-0.1417060840061,-0.1454155022251,0.0381112856399,-0.1234156803416,0.1191937334222,-0.2762706078105,-0.1487784199365,-0.1044076185075,-0.2270125503449,0.1390785777820,0.1538308699041,-0.0326557306108,-0.1412844009110,0.0372030035252,-0.0487843569995,-0.1167193496738,-0.0893126006604,-0.1419048206511,0.1063284459710,-0.0503373252380,0.0721536610923,0.1147686790859,0.0005795437936
0.3800906542799,0.6684249938820,-0.0341391979208,0.2370810502380,0.0950343911847,-0.1016576946022,-0.0380813333054,-0.0569866344638,-0.0858054461323,-0.0346972333351,-0.2528502508501,-0.1745408445857,-0.1154816208544,1.0000000000000,0.2952694312361,0.2691940023647,-0.0108724459759,0.0167765475083,0.0664563310235,-0.2088838893818,-0.0541462058986,-0.0069213218852,-0.1474909262307,-0.1917294777492,-0.1811315974691,-0.2313169023274,-0.1115686401690,0.0894584380585,0.2068360997333,0.4122667987565,0.2174496949070,0.0320956552918,0.0604049788062,0.0337218917311,0.1033050405885,0.0460917397469,-0.2564252484015,-0.0938114354922,-0.1425909389032,-0.0663597622655,0.2667870042144,0.2503932652196,0.0251258754882,-0.0170899116236,-0.1068170194382,-0.1024981567641,0.3169066364527,-0.0044939478927,0.3133215164735,0.2381549292132,0.3052372913248,0.3836461812109,0.3740572786782,-0.0615229332171,-0.0329697123095,0.0527997649781,-0.1209905850609,-0.0577543707677,-0.0379957143558,-0.1079516905430,0.0591895784115,-0.1740561892540,-0.0855143276350,-0.1788556165238,0.7554334718358,0.1915487000882,0.3133363676729,-0.1241933064692,0.0256714879510,-0.0932192221186,-0.1365357593977,-0.1274520275105,-0.1327812769403,-0.1108269633081,-0.1171040058967,-0.2621736027045,-0.1624926767707,0.0194397894763,0.2044998332761,0.1100684764712,0.1117025348030,-0.0106759406403,0.1673393045610,-0.0499730462847,-0.2176984627030,0.0573609061286,-0.1707287827439,-0.0708148519261,-0.2928228754630,-0.1741005077954,-0.1724394155595,-0.0375957770067,-0.1221846532536,-0.0290699407467,-0.1412181865984,-0.0098015498165,0.5431772687854,0.2265215741402,0.3457321044593,0.0692719932919
-0.1309929993100,0.0986994120108,-0.0038103790589,0.1847873621984,-0.0956269387181,-0.0546791569459,-0.0086360070864,-0.0653534668807,-0.0367518073906,-0.0249577892527,-0.0098846781408,-0.0098122596855,-0.0837007618837,0.2952694312361,1.0000000000000,0.1835261660196,0.0411544953034,0.1113799668905,0.0271168914317,0.0519342334711,0.2522431926128,-0.1108169408915,0.0726346273663,0.0802733103733,0.0516644441985,0.1109473215023,0.0077557253495,-0.0431572700762,0.1906232772247,0.1693196916360,0.1538460665950,0.1248645068874,0.2487548459926,0.1169449172620,-0.0137047717425,0.1124318185510,0.0018224606859,0.2641778020092,0.3021213148300,0.1055726939285,0.3062356875301,0.2229251093293,0.4348000688428,0.4097576744494,0.3511406138306,0.1259015907619,0.2988755219731,0.2653081036503,0.3569506186590,0.6433761170870,-0.1082547956033,-0.0628893050717,0.2231112235803,-0.0482108690601,-0.0169634049216,-0.1099570804506,-0.0567477300904,-0.1897125332319,-0.0641836304452,-0.1452125928337,-0.1223902322550,0.0012191103547,-0.1829889790856,-0.2548183884834,0.1930666542722,0.6329743839104,0.0371913222694,-0.0872443698540,-0.0057319841771,-0.0043617443937,-0.0698671121059,-0.1130130036951,-0.0357895521722,-0.0887193435289,-0.0587449038477,-0.1235565269351,-0.0774310767683,-0.1399602817970,0.1165722222157,0.1284787890789,-0.0410695059586,0.2111161200297,0.1719848267293,0.1390842478792,0.0053479461876,-0.1862958457954,-0.1299383392758,-0.0651324773920,0.2826082202378,0.1692660018647,0.3144263071064,-0.0118717545859,0.1687518830343,0.0468824456324,-0.1388050289032,0.2830605858421,0.1895817970711,0.1269249929706,0.2406182886186,0.4298148074380
0.1898085680800,0.1956255227614,0.1978073735873,0.5755772460148,0.2718646893168,0.1907782416815,0.3613461142680,0.2415300060020,0.1985596602041,-0.1067886307967,0.0320839754721,-0.1244239731370,0.1003618930894,0.2691940023647,0.1835261660196,1.0000000000000,0.3251686670257,0.3358560200605,0.5866222233764,0.3627327422395,0.0289466027138,-0.1706271636205,-0.0599069719192,-0.0142286582072,0.1141190680348,0.1218390884194,0.0200316365737,0.0046834767935,-0.0756094672486,0.1386787805521,0.5784876789585,0.2932739982732,0.2959635677218,0.2310796805922,0.3750546555032,0.4700418471139,-0.1391778860422,0.1686480758581,-0.0287857323556,-0.0407637949628,-0.0009161046942,0.0335060452648,0.2548515680977,0.1006576140082,0.0506994568354,-0.0829290206096,0.2998540723392,0.0962915152586,0.1764572563383,0.0846296001747,0.1827027055720,-0.0024816244616,0.5445689360889,0.1349791136043,0.2112494864402,0.3286147898113,0.1386865826901,0.1821007448886,0.3133687081160,0.0819673664915,-0.1767581190286,0.0061155663629,-0.1715986371729,-0.0709629867457,0.1638196914141,0.0189162823641,0.7458963819662,0.1627734228137,0.3672083436463,0.3858544510585,-0.1683452055651,-0.1938054823594,0.0206582212897,0.0356044922308,0.0193591234210,-0.0422964748188,-0.1071231938132,-0.0893434024859,-0.0839334041466,0.5193755869844,0.0878947323312,-0.0609788404371,-0.0451657071149,0.0047401738718,-0.0764732083289,-0.0534299146182,-0.1003560101359,0.1418613193109,-0.1496575935547,-0.0536033534063,-0.0099832854799,-0.0654702693066,-0.0666820969883,-0.1494928920336,-0.3096831264932,0.0273529137818,0.0383217172066,-0.1742671809805,-0.0166076827827,-0.0529225611340
0.0563555773160,0.0852338855830,0.3041939566003,0.2659011226295,0.2204145425203,0.3463478400840,0.3075463792423,0.4659240099434,0.4147227814429,0.4365687208597,0.5702967743352,0.6104139663625,0.6155023997933,-0.0108724459759,0.0411544953034,0.3251686670257,1.0000000000000,0.6924071572054,0.4233726404523,0.4471276118783,0.2422002391002,0.2673637971613,0.1543315546121,0.2952026970974,0.2383116061518,-0.0635043634312,0.1713181486942,0.0275197677209,-0.0527667470767,-0.2544035609755,0.3049990814832,0.0360502448985,0.4369926704520,-0.1534584248256,0.0195285502838,0.1547051200558,0.0799314558976,-0.1608854359562,-0.1029538620683,-0.0487371003060,0.1091288432686,0.2598175189533,-0.1298993068606,-0.0269033642320,-0.1080627328219,0.0821308594261,0.1250697210996,0.0322099014667,0.0051778187938,0.1581129189464,0.1009268697446,0.0230705666659,0.1596353960523,0.2672565116999,0.3536594553610,0.2763795801849,0.4959874474965,0.4778603253157,0.5262541267611,0.3968230840493,0.3383622345532,0.5071632833706,0.4505686759288,0.4407286086375,-0.0431369168030,-0.1364647931942,0.2608688905534,0.7915490770079,0.4954079716942,0.4500620729877,0.3875011902313,0.1627809576555,0.4499759404718,0.3622753019209,0.1379313618362,-0.1036455742048,0.1188511720255,-0.1298849524453,-0.1025311117826,0.4761088941291,-0.0226530398634,0.1552713402955,-0.3480099483465,-0.2116156931365,-0.2233386146570,-0.2365166184202,0.1238249128143,0.1194036793979,-0.0774808501406,-0.1614380138339,0.0732543786736,-0.0392377956008,-0.1586708734198,-0.1188981895189,-0.2365124799879,0.0217629396453,-0.1454376376388,0.0202384799278,0.0311465991540,-0.0141616976717
0.1264859157611,0.0669444421492,0.2667436321811,0.3369009843688,0.3250486879826,0.3752611800411,0.4086254414499,0.5694272989377,0.4474893003184,0.2960462628919,0.5223057251449,0.4213738404489,0.3783239866106,0.0167765475083,0.1113799668905,0.3358560200605,0.6924071572054,1.0000000000000,0.4233712596239,0.5615692052320,0.0915016144816,0.2302801405085,0.1709290659765,0.3384900327574,0.3579275828759,-0.0470493710855,0.1032109899515,0.1005495106026,-0.0661320743125,-0.2320838931842,0.2118785812993,-0.0439779148948,0.2258603988228,-0.1854201563062,-0.0087831043579,0.1394790601001,0.0334346169375,-0.1453847030026,-0.0355974170772,0.0371836528954,0.1831933259551,0.2574060921762,-0.1198222037950,0.0079132096644,-0.1095867725515,0.1621207468778,0.1225683499473,0.1649277422653,0.1008283433366,0.1518728520115,0.1481956864932,-0.0600620040488,0.1962586099116,0.2322501073408,0.3837183838071,0.3995124071560,0.5224345737858,0.5369844222390,0.7677178862191,0.4102653456146,0.1642679942039,0.5142661290429,0.1999423350745,0.2136395500416,0.0508306519289,-0.1314126959896,0.2187999001072,0.7280268353011,0.6356701933232,0.6382547196593,0.3006064850920,0.0862114914310,0.5775725561161,0.3960014906783,0.0767738234270,-0.1642267637089,0.0287839043678,-0.0719204239526,-0.1208515738088,0.4881461641290,-0.1784509094159,0.0980204828234,-0.3637059972592,-0.2449045127386,-0.2171045530968,-0.3112211576684,0.1009316437251,0.0601531936909,-0.0124833961396,-0.2103349055541,0.1550759623234,-0.0665563499718,-0.2387091499548,-0.0818090360522,-0.2884442581634,0.0697595899709,-0.0971579400047,-0.0839179496457,-0.0069710264363,0.0277494896819
0.2213196305397,0.1695283470579,0.2985613140783,0.4357368130228,0.3496746710205,0.3788550813718,0.5075969300966,0.5992157291224,0.4785310370817,0.2079060908236,0.2195308172090,0.1061062095993,0.2170346729922,0.0664563310235,0.0271168914317,0.5866222233764,0.4233726404523,0.4233712596239,1.0000000000000,0.4657113697952,-0.0244223501382,0.0048527202860,-0.0483483634644,0.1372010293722,0.0384138711355,-0.1101738127175,-0.0275564614720,0.2028873091691,0.0407153744844,-0.0768966398323,0.0512561891908,-0.0295791366235,0.0731102006893,0.0889118666628,0.1997795793775,0.5752618463917,-0.1702981221408,-0.2054650696473,-0.1776388530445,0.0744379265749,0.1457808968637,0.1492885206586,-0.1293276813592,0.0715265845028,-0.0569387673508,0.0727999047721,0.1069468811964,0.0132276181805,0.0646630051013,0.0925285769087,0.2422738158150,0.0436673996215,0.3521958450281,0.2748436347377,0.3876230152346,0.4804769797259,0.1998694227832,0.4064067170699,0.5083632348255,0.4121351993849,0.0717185382905,0.1006779610345,0.0118572986914,0.0558173088035,0.1229906634099,-0.2157656705670,0.5527045991569,0.3824887898283,0.7660407974361,0.5101878957982,0.0845465628279,-0.0975827662011,0.3013350266516,0.1675919651938,-0.1495531147020,-0.1274684695606,-0.1077064383028,0.0761919032275,0.0334254509294,0.2317931214242,-0.1974075106489,-0.1902394949910,-0.2803845666165,-0.4006837383074,-0.2899632262311,-0.1161873308908,-0.1105593423740,0.1854527072781,-0.2721422791631,-0.1923311978664,-0.0894729081727,0.1225658647403,-0.0675594467814,0.0033204554516,-0.3252460628154,-0.0057151798127,0.0561182720142,-0.0705083099704,-0.0162563570319,-0.1400266210748
-0.1173249463470,-0.1692498178907,0.0891057336193,0.1691346820235,0.0987966940602,0.2347992908263,0.3140467418529,0.4984253831287,0.6212385782986,0.2158010310408,0.4566836756439,0.3324260780422,0.3383454870201,-0.2088838893818,0.0519342334711,0.3627327422395,0.4471276118783,0.5615692052320,0.4657113697952,1.0000000000000,0.3135569326422,0.1478004790133,0.2728177064296,0.5309494272158,0.6705280376132,0.2385159273467,0.4019474430816,0.0346696267566,-0.1696779792599,-0.1665645084949,0.3145493710456,0.1867856391919,0.4146684022236,0.0137005208234,0.1607263931270,0.4252950746910,0.1805292780448,0.1422383120287,-0.0348088527114,0.1906719081789,-0.0654712148006,0.1029301150626,-0.0377794323073,0.1434044479040,-0.0002370296179,0.1579866688262,0.1418603380823,0.0790359108607,-0.0605457113525,0.1016948166752,-0.1153673678241,-0.2316087224666,0.0204809449897,0.0612034013788,0.2078397365423,0.1769105824935,0.3893310552162,0.3313970270261,0.4874594148586,0.4901860731476,0.0665825732726,0.2967512405492,0.0274516057343,0.1398004445153,-0.2349293622127,-0.1588852633887,0.1893757020121,0.3456499213048,0.5723685765811,0.7912429133857,0.2250908532757,0.1986212189116,0.5835671343071,0.6724416777062,0.1419416278216,0.0520457739542,0.3252088735073,-0.0974787419272,-0.2112377292041,0.3600732530576,-0.1347670093117,0.0752526298807,-0.2657348072215,-0.1564286948702,-0.0532149147219,-0.2346492246371,0.2125772223970,0.2465709887597,-0.0130309527197,0.0376607977837,0.1442263388063,0.0636326331588,-0.0334457214442,-0.0633761157407,-0.2496730593349,0.0564754690803,-0.2404802842527,-0.1714445132387,-0.0651529124396,0.0184084502983
-0.3319209909343,-0.1770898561754,-0.1517671745396,-0.1933128741391,-0.3278319728897,-0.1813459769583,-0.2320555622997,0.0113728768985,0.0554017924608,0.2307052433566,0.2830521677788,0.4036443681620,0.1302172503586,-0.0541462058986,0.2522431926128,0.0289466027138,0.2422002391002,0.0915016144816,-0.0244223501382,0.3135569326422,1.0000000000000,0.2747196380565,0.5312449686066,0.4087511498497,0.4005737173067,0.5560901321146,0.6479587058229,-0.0819313746898,0.0181681893994,0.1028205620766,0.4115717963046,0.5034052775094,0.5336899990362,0.1491725720675,-0.0139827277469,0.1237214556309,0.4152288424513,0.2960366660357,0.0967046070929,0.1397402876028,-0.0486671757904,0.0916061554372,0.4116111150937,0.2460071604906,0.3345491693550,0.2057276748962,0.2698037075458,-0.1903554224755,-0.1403308597337,0.3581772478180,-0.3723741411275,-0.2126709887154,-0.2502785230554,-0.1579854915589,-0.2497936356634,-0.3275698137873,-0.0299717332044,-0.0919425954406,-0.0590266621223,-0.0155073547067,0.1330429071330,0.1700857479689,0.0814779857541,-0.0431223073523,-0.1650736474929,0.0518565246190,-0.1572122082576,-0.0220871079225,-0.0109608903696,0.1021784862778,0.4258089093497,0.4673060858207,0.2131662106799,0.3860480553012,0.3249995124409,0.3767742716491,0.4647746748224,-0.1809348131063,-0.1024613431201,0.1013972757076,0.1474506460219,0.1478198975466,0.0293174963048,0.0857943266373,0.1190185084414,-0.0401970838807,0.1981406246145,0.0387959784649,0.1643260560757,0.1484236238129,0.0045901833048,-0.0179886987178,0.1059378295164,0.0415339874530,-0.0448177932360,-0.1445691359999,-0.2672814052269,-0.0075174084622,0.1094024293110,0.2029925331195
0.0313368769298,0.0005796389576,0.1411591597893,-0.1048652672517,0.0710100144859,0.2122209673129,0.0619598219463,0.0898064041096,0.2372584616141,0.6185209973975,0.4171295516110,0.5915008017140,0.2166835575486,-0.0069213218852,-0.1108169408915,-0.1706271636205,0.2673637971613,0.2302801405085,0.0048527202860,0.1478004790133,0.2747196380565,1.0000000000000,0.5534571184025,0.3557894777115,0.1092331207209,0.1440014687382,0.4188754928573,0.1007737479548,-0.0477297714230,-0.0574049102142,-0.0218298338420,0.1390885405910,0.1956653768857,-0.0819309700245,-0.0133671586407,0.0826240537325,0.1861497040586,-0.1443331246933,0.0124839139179,0.3176735442822,0.1287013224049,0.2975675167242,-0.2264813030993,-0.0113813111069,-0.1817260286333,0.1929078699853,0.2333252584852,0.0156989657691,-0.0579364694487,0.0552863720683,-0.0086221020685,-0.0441919398007,-0.2467778520939,0.1164761106545,0.0885081733151,0.0432575315367,0.1988475100938,0.1997463565976,0.1858211667022,0.2679193881618,0.5908035700113,0.5186191525327,0.4907299510635,0.1509595811504,-0.0447377559339,-0.2537469467432,-0.1704117881855,0.2156767523028,0.2053666313284,0.1359501237720,0.5009458990923,0.7022405644695,0.4048242255307,0.2955058230934,0.0864520588021,0.0889485006505,0.2387662912119,-0.1181843684272,-0.1655424214285,0.0182922738949,-0.0247480963785,0.0259943335140,-0.2475820440178,-0.2261412574640,-0.2000483340276,-0.1199568471174,0.2542733094627,0.0541511791681,-0.1986743340416,-0.1968592677410,0.0739210146643,0.1571282986190,-0.1580786507288,0.0365104083233,0.0590899730016,0.0044080982540,-0.1039832490998,0.0882191482794,0.1285082424755,-0.1101893332256
-0.1583617611615,-0.2504045570510,-0.0787856097600,-0.2011565834676,-0.1652175550520,-0.1143551509233,-0.2154207054946,-0.0812115780278,0.1036940611945,0.2072998994054,0.3113210997786,0.4253258382975,0.0578315667117,-0.1474909262307,0.0726346273663,-0.0599069719192,0.1543315546121,0.1709290659765,-0.0483483634644,0.2728177064296,0.5312449686066,0.5534571184025,1.0000000000000,0.2559166678459,0.3709249289647,0.4808728894878,0.5890641873186,-0.1107710061184,-0.1212268869236,-0.0948010876458,0.1180385491677,0.5032198317699,0.4510943994353,0.0756320014794,-0.2071239386324,-0.0412477914252,0.1949639053581,-0.0215722661168,-0.0669881413199,0.2458526715980,-0.0373464973031,0.1631745336321,0.0635443245804,0.2044290986486,-0.0097043639175,0.3394074792386,0.2109117160811,-0.1024776410840,-0.2180958547190,0.1113798607694,-0.2544030169966,-0.2621673216640,-0.2832172571717,-0.1579790018236,-0.1959354485953,-0.2377903432075,0.1562766109836,-0.0262232248104,0.0515931105788,0.0533113971849,0.1479261772158,0.3795104517682,0.1887804988314,0.0102057767500,-0.1485348405588,-0.1069266778591,-0.2747077461208,0.0358966364334,0.0229538373458,0.2618411405647,0.3828720409340,0.7841715327607,0.3267235427586,0.4042949340222,0.2090568752039,0.3615129278578,0.4226395328085,-0.2027696055295,-0.2421994176917,0.1915319339173,0.1420757784131,0.1029659690523,-0.1676364570588,-0.1039075960752,-0.1483133720975,-0.0928832233049,0.1322912332518,-0.1805705379738,0.0288232007366,-0.1577686592977,0.0129587011745,0.1103650695939,0.0041476415106,0.0659776678493,-0.0326097339869,-0.1187495468183,-0.3100209971696,-0.1136042258638,0.0978758413123,0.0535655335702
-0.1937446248548,-0.1065612626488,0.0387034040508,-0.0249714062732,-0.0491117753568,0.1656153221245,0.2036674140656,0.1635908772619,0.5497726159039,0.4360182334788,0.5009613106039,0.4987802224094,0.1906443235401,-0.1917294777492,0.0802733103733,-0.0142286582072,0.2952026970974,0.3384900327574,0.1372010293722,0.5309494272158,0.4087511498497,0.3557894777115,0.2559166678459,1.0000000000000,0.3594752593637,0.3263153124228,0.5682134230682,0.0212082092488,-0.1462704957905,-0.1686110417449,0.2158642888429,0.1873219539125,0.2499676247163,-0.0319803436610,0.3582204327532,0.5397749046413,0.5586159725070,0.1112460686458,0.3794427972333,0.1641398573191,-0.1274482023438,0.0115631317419,-0.0726855875154,-0.0950983528566,-0.1389283411754,-0.0612872460325,-0.0145107863998,0.1511242909340,-0.0471130061936,0.1572466941450,-0.1645383082364,-0.0985799886391,-0.1315426874171,0.1170602966020,0.1184580274410,0.0670603381342,0.2040062925094,0.1727724222969,0.1327259319023,0.4829438343818,0.3211746864525,0.3155964958488,0.1749569833357,0.0644181838359,-0.2867466038682,0.0418191848821,-0.0122854626646,0.1698140298073,0.3913620241509,0.3759587222388,0.5177700765368,0.3784856545875,0.7674198573634,0.5675570913577,0.2215869205704,0.2905851977474,0.5584808391638,-0.1215743882535,-0.2004321417212,0.1282013866251,-0.0252814792777,0.1170672237343,-0.2562034404636,0.0767375694397,0.0632216167743,-0.1126474343558,0.6007318474915,0.5620012029186,0.1059204868338,0.1575134355774,0.4702643510766,0.0054571675979,-0.1116060842454,-0.0037612583253,-0.1556530591143,0.1481461674565,-0.2064586690651,-0.0962758098974,-0.0920167228344,0.0732636855214
