1.0000000000000,0.7038074731399,0.5841091855464,0.3930152178422,0.7515365734637,0.4282609652867,0.3809734050947,0.1585127288200,-0.0361947276933,0.2106262585743,0.2631653056149,0.3629636221669,0.1162948704910,0.6358329377944,0.3208452363700,0.2846050750659,0.0902373571226,0.2602283081215,0.1074515649472,0.0579391131112,0.2205103772938,0.1761395197986,0.2036721001745,0.0928293355014,0.0729501568784,0.0724446012720,0.1062505204158,0.1670351183664,-0.0847194304501,-0.0148513578568,0.0736955459105,0.1628396481842,0.0625437695843,0.1591118542110,0.2723737400374,-0.0525120316440,0.2322090598307,0.0374350660355,0.1872717308296,0.1146339741400,0.1099722979916,0.2413787015728,-0.1009976196486,-0.0250018514770,0.0095293167718,0.2335276803015,0.2348281929581,0.3966213442177,0.3914421493769,0.2686386227651,0.7531814517446,0.5757871788075,0.3814477791758,0.4687871135333,0.2574630901692,0.5017256224459,0.0163788067530,0.0435326983705,0.0370812789687,0.0176647522573,0.1075736116757,0.1700810267002,0.1357420187558,-0.0253139902859,-0.0180523913091,-0.1048986556454,-0.0029689821063,-0.0490093025554,-0.0406348593588,-0.0542160419556,0.0193831399834,0.1370776234147,0.0540641775274,0.0765428038146,-0.1718701335694,0.0280788364862,0.1483320012694,0.1682870452147,-0.3363931562419,-0.0660293351686,0.1838211046170,0.0295936170912,-0.3991176917226,-0.4019956178164,-0.1764645952724,0.2173493890948,0.0524438352344,0.3475416635676,-0.2743906419204,0.0257419962619,0.1475662495994,0.1442683747412,-0.0642022699881,-0.0188696383066,0.0440263895238,0.3710872941111,0.0290053976437,-0.1818212460825,-0.0236144511972,-0.1413539151669
0.7038074731399,1.0000000000000,0.5858410037427,0.3932066391291,0.5634810827893,0.4651322195378,0.5059216128159,0.3416780023591,0.1482605658917,0.2553105080064,0.2662577900439,0.3831856986914,0.1601021399112,0.6793218559424,0.3924725447806,0.3924650182064,0.1796100282874,0.3299958158051,0.0460701467018,0.1476870237634,0.2303358782284,0.2500752091028,0.1700017698764,0.2190969170594,0.1617588612340,0.1517427781754,0.1410689357141,0.2742602013819,0.0764066476344,0.1347989970621,0.1856975059470,0.1202873147940,0.1034859443747,0.1393774846657,0.4589953748899,0.1464869751874,0.1313358335683,0.1211999278570,0.1902448741773,0.1569851254346,0.1579842363270,0.2325374399587,-0.1622052151858,0.0296256653232,0.1282401402060,0.0863990292741,0.0244296398796,0.3664587680547,0.4029034911765,0.2272641013122,0.5777559341418,0.5116622386872,0.5031378861224,0.4641642587372,0.3364347566484,0.4751408181245,-0.0273520939429,0.1102428768740,0.2391704248069,0.2268141968546,0.2006315498617,0.1988134737322,0.0091413300724,-0.1154100831709,0.2345572467774,-0.0409112155033,0.0019233666975,0.0143688335977,0.1309247645797,0.0855113651589,0.0170243274669,0.1518006538237,0.1939498786561,0.2319687459695,-0.1535010498988,-0.1376984451553,0.1068874475265,0.2067106747162,-0.1998940741674,0.0927650133220,-0.0349078503125,-0.1456722143523,-0.2759931450626,-0.4582101378168,-0.1235080900725,0.0909679526277,0.0205867345482,0.4121821531098,-0.3748023142822,0.1369725505528,0.1542453193606,0.0907515916358,-0.0374601744808,-0.0026307426542,-0.1686240438170,0.4752182859400,0.1783884400763,0.0547964672378,0.0896919793263,-0.0956499441043
0.5841091855464,0.5858410037427,1.0000000000000,0.4538544905735,0.6533030160641,0.5748425383432,0.6098418540045,0.2171345160935,-0.1586183737469,0.2042036895876,-0.0228873294417,0.1218897423252,0.1885754262914,0.3727345217875,0.1871725805793,0.4087528023549,-0.0206926979100,-0.0605073846453,0.0321268405045,-0.1878422380714,-0.0704640554330,-0.0051819211714,-0.2130133414647,-0.0848866916128,-0.1390691905746,-0.2527834759487,-0.2509212220968,-0.0665012184418,-0.1031158277220,-0.1646387864660,-0.0441593681334,-0.1659850130419,-0.1475405566246,-0.2142183532992,0.3000288483666,0.2959012330567,-0.1557433823104,-0.2004066521696,0.1914476598326,-0.2055125620534,-0.0733574753245,-0.0336376614536,-0.2303844820236,-0.3122966717156,-0.1952784498819,-0.1736205842515,-0.2204878693150,0.2962239230622,0.0873322131890,0.0130032742717,0.6364024158290,0.6427480758905,0.4301401112186,0.7525414928574,0.3867122702252,0.6020002241541,0.2621621250806,0.3025249579310,0.1309093225722,0.0989774247111,0.2948195082692,-0.0920610824088,0.2001616370829,0.2619044541794,0.2054496656956,0.1521177848113,0.3819650869432,0.0214515320136,0.2671634317028,-0.1067170349683,0.2197180690305,-0.1884350284970,-0.0392110619229,-0.1093143080920,-0.0004348172386,-0.2493873830228,-0.2517620798391,0.0434887824094,-0.0410185730447,-0.0341368413695,0.0393384048314,0.0552810503184,-0.2245034177856,-0.1258167804294,-0.0942826512280,-0.1612451522822,-0.2122865255212,0.3596118394901,-0.2241037645468,-0.1385617359293,0.1001715573661,-0.2162822294422,-0.2926978910877,-0.1425777706675,-0.0512330780908,0.4545802927702,0.0518333965033,-0.0618898039348,-0.0719858783899,-0.1405363874235
0.3930152178422,0.3932066391291,0.4538544905735,1.0000000000000,0.4473050264326,0.5462786953568,0.7799001064561,0.2701277957595,0.1030647994622,0.4038263014545,0.3406640042147,0.4485279705128,0.2750210641198,0.5059121056682,0.5645620776794,0.6738955641905,0.2996630918867,-0.0124052191971,0.1906208873624,0.0322078968491,0.2454662750922,0.1448455173935,0.2091500480015,0.2582219977674,-0.1163608845201,0.0139784992413,0.0494010651731,-0.2179875098314,0.0306532498992,-0.1071106310441,0.2835407529597,0.0625253006085,0.1753075503431,-0.0022002964248,0.6545837981641,0.5406519563329,0.0459817985952,-0.1930698166485,0.1880269018003,-0.0929409954224,0.1011867067402,0.3185024389963,0.0896091503370,-0.2574143035008,-0.2039414049635,-0.0070985332274,-0.1676814803408,0.3277419104103,0.3097566043502,0.2830708104404,0.5660772021616,0.2025325265156,0.7568156282338,0.6443892790090,0.5471592068688,0.6914772143270,-0.0939444698662,-0.0050287588793,0.1781535038092,0.1251727755298,0.3608339411302,0.2896060256285,0.2293602476176,0.0801336783934,0.4366160988159,0.3585220682553,0.3497079599602,0.1572695754538,0.4477107552006,0.0568091621090,0.2511917005899,0.1440998893192,0.2185536264164,-0.0279984773001,-0.0986151681279,-0.4582131685758,-0.0944587216342,-0.2584471019730,-0.0761130892300,0.1927704442648,-0.1620299036390,-0.0136741347065,-0.3737094501883,-0.1109444582473,-0.5156023469756,-0.3734047347848,0.0460117149243,0.3943809244161,-0.0670841347420,-0.2453596420861,0.1692136762227,-0.2929235519245,-0.3568696217915,-0.1245281224595,-0.2516514138461,0.5581912754547,0.3127504369002,0.0772117923347,0.2519307376939,0.3551197948853
0.7515365734637,0.5634810827893,0.6533030160641,0.4473050264326,1.0000000000000,0.6798154026853,0.5479907813016,0.4042210116663,0.1060190969684,0.3643526806279,0.3354425220219,0.4780363595061,0.3817255017391,0.5336309593252,0.2617788207956,0.3849678334276,0.2110937568201,0.3311417051757,0.2662510158944,0.1455342890292,0.2596410792024,0.1853174887658,0.1562431441540,0.1972537878963,0.1444813818134,0.0568840056370,0.0824216923324,0.1873059088182,-0.0935167007272,-0.1359107600460,0.1164961737402,0.1620078277339,0.1332834261503,0.1077686113276,0.2977045801092,-0.0443642404586,0.1498589672934,0.0369382270404,0.1513899847492,0.0454136819446,0.1140100014051,0.3023158415113,-0.2065684871212,-0.0293356774727,-0.0738487628708,0.2194188234108,0.1442908403675,0.5549433511339,0.3652640027004,0.3342338349238,0.7367885390518,0.4401787358221,0.4189252272266,0.7094120311900,0.5106830012301,0.6158256386100,0.1528492294786,0.2729641005253,0.2740457289535,0.2747678994237,0.1623215767264,0.2548996505347,0.1864487844916,0.1506083204273,-0.0661405319240,-0.1489554499234,0.0830667264966,0.1593152876564,0.1108058710768,0.0909126118711,0.0527307199797,0.1007071260005,0.2009924961056,0.1256569760114,-0.2487250242501,-0.0494883430770,0.1263749448799,0.1712551327157,-0.3491831369286,0.0315678865330,0.1654769801816,0.0946991641380,-0.5527658756012,-0.4745976072432,-0.2242944237728,0.1102045732965,0.0307106322811,0.4063976745050,-0.4203921523471,0.0005900238425,0.1445698828559,0.0548223830746,-0.0828880440323,-0.1439279855880,-0.0362225000786,0.5208633093243,-0.0482013358156,-0.1657282181237,-0.0540859107783,-0.1799741416738
0.4282609652867,0.4651322195378,0.5748425383432,0.5462786953568,0.6798154026853,1.0000000000000,0.7268935934438,0.6427405084934,0.3612357083137,0.6284322188851,0.4687637525497,0.5604545877693,0.6227692102185,0.5039561085546,0.4336039588417,0.5371446016564,0.4511943467918,0.4136746649837,0.3049180912341,0.3121284946002,0.3431603036332,0.2770495253004,0.2046017312120,0.4600057466974,0.2218974646260,0.1575773913795,0.2076742781108,0.1262589249253,-0.0249067724791,-0.0205676701131,0.3758772531974,0.2743288592122,0.3650757659590,0.1502644465167,0.4493117819793,0.1847074548514,0.1362292440518,0.1177468104162,0.3065022886254,0.1467279955769,0.2590517434029,0.4934671352902,0.0015600522422,0.0229277614597,0.0540191441664,0.2195151498514,0.1086621552718,0.7309917534573,0.4664893236927,0.3895871049043,0.5682954577242,0.1391952163822,0.4939924384017,0.8012294090105,0.8088435756500,0.5947107733753,0.1022002655711,0.3310295407314,0.4620187913077,0.4995309441521,0.3336180158834,0.4058310505897,0.0849925623159,0.1601302138853,0.1492789431609,-0.0018363362746,0.1854502967803,0.2552150642503,0.3038009720760,0.2395026543934,0.0038130594142,0.1160490515954,0.4297736517087,0.2516877783920,-0.2939837421896,-0.2730797884285,0.1142215485616,0.0714575829314,-0.3711341863845,0.1879235812439,0.0017203460464,0.0244232913495,-0.5131875469776,-0.3938751648589,-0.2268427816577,-0.0954421060069,0.0927084902312,0.4630955731033,-0.4083384385036,0.0977081830912,0.3205774205032,0.0152980470520,-0.0727663887541,-0.1518153262100,-0.2305708081534,0.7834394579470,0.1166784252677,0.0763265887506,0.1364156838629,-0.0646938040354
0.3809734050947,0.5059216128159,0.6098418540045,0.7799001064561,0.5479907813016,0.7268935934438,1.0000000000000,0.4865351074920,0.1320107808967,0.4527503093963,0.2405710189505,0.4242362168551,0.4568088756444,0.4903344465188,0.3287512519726,0.6767605628734,0.2777738830303,0.0395397902003,0.1747563078582,0.0073475058513,0.1598257691264,0.0606771779215,0.0015774432431,0.2823275799534,-0.0875627847155,-0.0954593042558,-0.0634448860615,-0.1309426157998,-0.0864868382566,-0.2151991586584,0.2360699049387,-0.0449353032910,0.0824198852727,-0.1342902917403,0.6258581131295,0.5412706546177,-0.1557492435346,-0.2274466909122,0.1170603642905,-0.2095898254434,-0.0331837494388,0.2132329997425,-0.1593202618965,-0.3016753917309,-0.2195773586956,-0.1117084125112,-0.2901456530078,0.4286267197680,0.2072483150566,0.1312750743485,0.6608643179553,0.3057302984483,0.7451663560323,0.8014394446499,0.7418223574391,0.8731880440587,0.1457296416230,0.3060177599115,0.4145608226024,0.3810631703510,0.5606876724331,0.2216724776205,0.2625458762251,0.2738245105355,0.5147750535055,0.2969764540739,0.4635483609318,0.2475242952547,0.5614918190560,0.1134353083183,0.3153494747388,-0.0196898230495,0.2963096022647,0.0335138368339,-0.1270085785457,-0.4686611392766,-0.1966873215977,-0.1379895119347,-0.1280739031252,0.1902514074721,-0.1300573119259,0.0058614682259,-0.4374806321278,-0.2729294601396,-0.3984704792785,-0.4107933889832,-0.1450982035724,0.5169991825537,-0.2228743619249,-0.2376428309338,0.0521100049884,-0.3577030442859,-0.3872079062236,-0.2261178849254,-0.2398616864999,0.6981146993949,0.2783364117425,0.1650021201103,0.1592804849065,0.2282019820092
0.1585127288200,0.3416780023591,0.2171345160935,0.2701277957595,0.4042210116663,0.6427405084934,0.4865351074920,1.0000000000000,0.7370401253093,0.6651593836637,0.5316138039957,0.6419674308205,0.8385294701594,0.3826993890908,0.2882302990957,0.5679820418626,0.7190577665525,0.6366063402551,0.5409841623537,0.5654564317983,0.4828520504032,0.3901112552908,0.3167403764460,0.7564098843308,0.4811460358465,0.3748874794360,0.3843235217042,0.2998335232831,0.0729717409663,0.2268319769252,0.5765983348561,0.4577415788519,0.5663972267790,0.2675736349997,0.4474274566461,0.1322281215821,0.1770440064871,0.3413997411966,0.1162473130367,0.2109841554523,0.2601385212350,0.5006336968832,0.0404979516366,0.2369405062751,0.2876989520900,0.2432483952221,0.2200960634749,0.5460123354034,0.3806393276420,0.3530346218342,0.2334713739444,-0.1288071818371,0.2496580652941,0.3690208970702,0.6034310715233,0.2967047252202,0.1884215497019,0.5650383961711,0.8077148518594,0.8692864162687,0.2657517167916,0.4721728927882,0.0307795047376,0.1689255190508,0.1226647733213,-0.2718182140192,0.0496725310966,0.4703641158661,0.4143003046463,0.6067722615069,-0.0057004577215,0.2257164586905,0.7507840651584,0.5151870620497,-0.2218670044244,-0.1753865439742,0.2927685091128,0.1619018567349,-0.3281905416466,0.3767283933301,-0.0246167997833,0.0936747167701,-0.4202236706047,-0.5023045167820,-0.0697378288022,-0.0272068987944,0.1608746503590,0.3362792340682,-0.5509612867732,0.2453420831164,0.1160217484666,0.0559591661302,0.1022435280674,-0.1701390053619,-0.2981657564638,0.5396190240755,0.0730809148003,0.0744688953816,0.1120124076948,-0.1611721539592
-0.0361947276933,0.1482605658917,-0.1586183737469,0.1030647994622,0.1060190969684,0.3612357083137,0.1320107808967,0.7370401253093,1.0000000000000,0.5046822438123,0.7191474066793,0.6363962505917,0.5791971784580,0.2346773151742,0.4215958571491,0.3643185984494,0.7038577320734,0.7083290191697,0.5980910437081,0.8098227403381,0.6356258104771,0.5176125388485,0.6452677442412,0.8344051391224,0.7170090088371,0.7052354443462,0.7259809715367,0.3039277368931,0.2404954976335,0.3603585498292,0.6641406325658,0.6971624452334,0.7581162777989,0.5729949517860,0.4186553650752,0.0196541301048,0.3962941290745,0.6206589435271,0.2227327618054,0.5720213470781,0.4942473645802,0.6312771118839,0.3863473177777,0.5774314521252,0.5305683248387,0.3827868352882,0.3556478881777,0.4825223669835,0.4576164625512,0.5328849373136,-0.1223127051278,-0.5082877444115,0.0123090814586,0.0294346644403,0.3098251828484,-0.1289939761324,-0.1932782749629,0.1118794385537,0.5912714306423,0.7519227937274,-0.1223381414893,0.6618463242126,-0.2114324853725,-0.2692522321872,-0.0670610678058,-0.2869507910265,-0.2708563261231,0.2057364788120,0.1938988865198,0.6485994850298,-0.3332144738081,0.4618469744717,0.7179250947765,0.6037138251836,-0.3692506258063,-0.0006349054697,0.5916478517900,0.0341686190549,-0.3735613173379,0.2817771259109,-0.1627953659173,-0.0942530682881,-0.3598871632550,-0.4318146635590,-0.0441812561340,0.0919542624719,0.3606644115697,0.1908882516228,-0.4108233338944,0.4658522899086,0.2932342343991,0.3459306469754,0.4029341362469,0.0519011642231,-0.4073265350195,0.3841218179978,0.0366211031084,0.0991863942500,0.2808677108373,-0.0934432408814
0.2106262585743,0.2553105080064,0.2042036895876,0.4038263014545,0.3643526806279,0.6284322188851,0.4527503093963,0.6651593836637,0.5046822438123,1.0000000000000,0.6202270155410,0.7482357754823,0.7175158068541,0.4456949023788,0.4256275281462,0.3760244560759,0.5933516467198,0.4108218525863,0.2896209912220,0.4142072386735,0.4967452623708,0.6228294923647,0.3928707662019,0.6393943718775,0.3323019886982,0.3459798820467,0.3794079407233,0.1275740203596,0.0953049775776,0.2060181809717,0.4882607697383,0.4962743562399,0.5591043739905,0.3223578073190,0.3198793759706,0.1507927773339,0.2893427084503,0.2073357142106,0.2487517587582,0.2352295387605,0.4062837593713,0.7004451814616,0.1682340686496,0.1357768203065,0.2056752902961,0.3780215688727,0.3772212274756,0.5494815129965,0.4127686544910,0.5023427839887,0.2974325083542,-0.1490629230531,0.2439362192995,0.3847190087248,0.5576358664766,0.2456537182745,-0.0069853557776,0.2058343109844,0.4071701248082,0.5545765824744,0.5006199127657,0.5201056980506,0.1785904443949,0.1018592860795,0.2009917927903,-0.0488081662358,-0.1243737789011,0.2150075039012,0.2438993033542,0.2895691006724,0.0220043448237,0.4387920988989,0.5804647798570,0.4489641127963,-0.3052052352156,-0.3111535280571,0.2740337851633,-0.0122696374740,-0.3074524832622,0.1500792601134,0.0169671571383,0.0509702184636,-0.4588785986102,-0.4457350999850,-0.2344264498441,-0.0603856602431,0.2806761376480,0.2478184871511,-0.3127944437531,0.1358409452481,0.2712938671184,0.0570850364628,0.0022488473772,-0.0395253159148,-0.0685326885158,0.6014961879449,0.1436293392235,0.1803832297351,0.3722632239441,0.1074297199349
0.2631653056149,0.2662577900439,-0.0228873294417,0.3406640042147,0.3354425220219,0.4687637525497,0.2405710189505,0.5316138039957,0.7191474066793,0.6202270155410,1.0000000000000,0.8757108266717,0.5160223869961,0.3979837468192,0.6124462630525,0.3366960356005,0.6545202849095,0.6528125485093,0.4011557209778,0.7166566823509,0.7462530605677,0.6282825454777,0.8479319064337,0.7139280294421,0.6235982806187,0.6974063755576,0.7909358077178,0.2266931506031,0.2798088415132,0.3060864121113,0.6126314893855,0.7187469412003,0.7302887716599,0.6085463131544,0.4712374670709,-0.0673054792579,0.5901907834728,0.5173186704823,0.4223071549430,0.6416204480082,0.6047600760813,0.8219782672683,0.4419478445273,0.4932747787346,0.4456164531029,0.6005449432861,0.4128826026726,0.6551912997403,0.6182318968459,0.7710100188714,0.1277014887158,-0.4067502732856,0.1763712715397,0.1890871057074,0.3437413082333,0.0458639350074,-0.3662140930350,-0.1852079094944,0.2507637307996,0.4393136216889,0.0103836081025,0.8995085141636,-0.0482970782026,-0.3283175297840,-0.0686845423476,-0.1193947021879,-0.3615632431025,0.0210583481435,-0.0287588943043,0.3756140964570,-0.3083291250513,0.6917075288717,0.5474496102557,0.5816328189765,-0.5420854484635,-0.0424016761209,0.6740629780224,-0.0714618104686,-0.4418706014974,0.1111097290156,-0.1443359874086,-0.1907931686964,-0.5177654415270,-0.4966909044132,-0.2415901847821,0.0676475246644,0.4957899694338,0.3386619227906,-0.2710947270954,0.3910632183767,0.5097234638322,0.4241563907318,0.3171235869750,0.1485468686670,-0.3494157208491,0.5633435725815,0.1123316729337,0.0681846262306,0.4979094056241,0.1081022945792
0.3629636221669,0.3831856986914,0.1218897423252,0.4485279705128,0.4780363595061,0.5604545877693,0.4242362168551,0.6419674308205,0.6363962505917,0.7482357754823,0.8757108266717,1.0000000000000,0.6610083556743,0.4537545476526,0.5734511875931,0.4295264032535,0.6741244109690,0.5778917447764,0.3791158386692,0.5788124225168,0.7481608322642,0.5606501339572,0.7515353060641,0.7010213438591,0.4780774817039,0.5459039317499,0.6298431117833,0.1621924814570,0.1791489279487,0.1744224410532,0.5991007988068,0.6362978036723,0.6750933330948,0.4380003061450,0.5130146199866,0.0724721436424,0.4304966437502,0.3099139837857,0.2997310797616,0.3939659600279,0.4386575018480,0.7370179551847,0.2470003276536,0.2622347950317,0.2740622903327,0.4920799886867,0.3350245793680,0.6625052745293,0.5040081782275,0.6641869208146,0.2965282867003,-0.2566398110489,0.3085583346127,0.3565684222901,0.4591884791550,0.2590045572065,-0.1845022047121,0.0181676256670,0.3949042710692,0.5487994359700,0.2637338923990,0.8434645712772,0.2067356419663,-0.0866965506116,0.0268992181336,-0.0947087920483,-0.2277989443703,0.1804928184694,0.1451206112303,0.3346576489320,-0.0301319743578,0.6467657300878,0.5829514088900,0.5220611703916,-0.4232477266573,-0.1807285421799,0.5040344462666,-0.1064272165570,-0.3987379321449,0.1663405317502,-0.0500384365034,-0.0415112592965,-0.6174901914268,-0.5598300885636,-0.3511127213157,-0.0867316105007,0.3435187439717,0.3883940542971,-0.3531377876842,0.1892800481964,0.3364628310745,0.1824014101020,0.0729436647480,-0.0030885120701,-0.2633891696876,0.6446185560459,0.1019643318953,0.0646509012941,0.3896217072150,0.1634752883974
0.1162948704910,0.1601021399112,0.1885754262914,0.2750210641198,0.3817255017391,0.6227692102185,0.4568088756444,0.8385294701594,0.5791971784580,0.7175158068541,0.5160223869961,0.6610083556743,1.0000000000000,0.2435044443587,0.1560784923025,0.4508179120416,0.7031627683719,0.4834318710121,0.4342319282772,0.4084530922039,0.4606951864268,0.3334097117919,0.2934982578224,0.6357303316224,0.3082192089632,0.2577037380960,0.2961453992780,0.1298252587155,0.0508282308666,0.0966305988422,0.4758756631328,0.4183508908682,0.5844741577530,0.1337989314109,0.3134010566771,0.0928610794880,0.0805342936947,0.1668857855208,0.0238279992390,0.0839599973315,0.2079847419239,0.5107394444921,0.0108916859929,0.0901531680872,0.1351141892074,0.2428894054325,0.2360804546852,0.5033539282627,0.2392458719107,0.2842785656491,0.2217343880011,-0.1496851543118,0.1625590575677,0.3707662469704,0.5761714833303,0.2927345812238,0.3114261616575,0.5204612582841,0.6605265753387,0.7460200350137,0.3637599184760,0.4926407090603,0.2812874440762,0.4090392848499,0.0450955246695,-0.2442385085518,0.0784596435448,0.5192573859456,0.3186737999287,0.4068960811017,0.1195815005200,0.2508084381276,0.6428486428815,0.3549274984040,-0.1761293794397,-0.1806011456604,0.2026051419104,0.0351741326972,-0.2399570572094,0.3108944259463,0.0711276393438,0.2720712725337,-0.4152789519273,-0.3846073069147,-0.1298981817193,-0.1375351738969,0.0961100553539,0.2170034376278,-0.4239665358372,0.0717885513994,0.0661035809310,-0.0383849648363,-0.0304330355375,-0.1639559113866,-0.1408327408570,0.4829716871156,0.0361964879066,0.0944125426540,0.1420039006026,-0.0653052049157
0.6358329377944,0.6793218559424,0.3727345217875,0.5059121056682,0.5336309593252,0.5039561085546,0.4903344465188,0.3826993890908,0.2346773151742,0.4456949023788,0.3979837468192,0.4537545476526,0.2435044443587,1.0000000000000,0.4554271015597,0.4024963182592,0.2987798591725,0.3552412894008,0.1877461541029,0.2154067980095,0.2687911384068,0.4352979839972,0.2487387013773,0.3221893281694,0.1880747450884,0.2478212584528,0.2106128664111,0.3030391675782,0.1949641098138,0.4026533492957,0.2492147467992,0.2399099306837,0.2022986710750,0.2398640352477,0.4152240950577,0.0747119665371,0.2094018349950,0.1366123941868,0.1331882546210,0.1979539107125,0.4118631933704,0.5132904374342,-0.0835108896330,0.0560271481012,0.1935717338824,0.2848681301805,0.2264114249348,0.3565692348111,0.6463166952825,0.4107638380101,0.6537821157127,0.3840115587185,0.4979707210585,0.4114399501269,0.4462658550950,0.4354815422153,-0.1314140003178,0.0419254830093,0.2396228064653,0.2375114527012,0.2061903369929,0.2965388866385,-0.0543961081584,-0.1519251624452,0.4330492383881,-0.0938738746999,-0.1330598951340,0.0175865432832,0.1416432939273,0.1297916679396,-0.0611944801985,0.2401490402530,0.2761697330762,0.2674686016050,-0.2602937673186,-0.2474469030898,0.1408741270609,0.1931645628154,-0.1788144190822,0.0827088934962,-0.0598067560438,-0.0903582514738,-0.2519788155317,-0.5288365341216,-0.2224041689916,0.1154250558585,0.0825419037532,0.2610938315794,-0.4087306740639,0.1053725596358,0.1246558204159,0.0774490742625,-0.0843168263913,0.0322002805687,-0.1503148312456,0.4485113543454,0.4014585827902,0.1527473500338,0.1843958487889,-0.0169425632928
0.3208452363700,0.3924725447806,0.1871725805793,0.5645620776794,0.2617788207956,0.4336039588417,0.3287512519726,0.2882302990957,0.4215958571491,0.4256275281462,0.6124462630525,0.5734511875931,0.1560784923025,0.4554271015597,1.0000000000000,0.5079571509929,0.5133175044970,0.4439407162854,0.2086234938558,0.5356864198366,0.6381917098080,0.4394709988751,0.5972586452833,0.5116703069996,0.3843383102369,0.5882632096258,0.5753588673003,0.0201308947638,0.2385688109601,0.3279382534379,0.5727637488581,0.5449104424342,0.5557075862492,0.5127294146810,0.6571467599502,0.3243929015927,0.4888769112548,0.4253962814964,0.6345899707904,0.4933666876538,0.5012884638950,0.5555341049724,0.5460831281319,0.2925470392503,0.4080003654663,0.3210303907768,0.2321363389523,0.5266511565486,0.5570785397161,0.6784596796736,0.1718403821286,-0.2128011704028,0.3583416100887,0.2928357543555,0.2656927215163,0.1461030656669,-0.4898139543001,-0.3181001257801,0.0525696529306,0.1463640588862,-0.0657818600987,0.5263920962017,-0.2553925740085,-0.4529947573936,0.0569562359117,0.2003385121096,-0.1344659736644,-0.1132706638543,0.1146190135348,0.2741418620133,-0.1467153077295,0.3887477633504,0.3190291914818,0.3885043091207,-0.3358764534568,-0.2044630842138,0.4021659366874,-0.1699117314876,-0.3154463885758,0.1149599962902,-0.2646675835899,-0.2812031741602,-0.3596814201209,-0.2580559638331,-0.2509358658935,-0.0338645743918,0.4096981814240,0.4425050438241,-0.1514774980698,0.2978112926120,0.5852246162575,0.2145068286896,0.1494728668817,0.0519456964523,-0.4583689411326,0.5616151874176,0.1615193896281,0.0224769284022,0.3122819724695,0.1080936008494
0.2846050750659,0.3924650182064,0.4087528023549,0.6738955641905,0.3849678334276,0.5371446016564,0.6767605628734,0.5679820418626,0.3643185984494,0.3760244560759,0.3366960356005,0.4295264032535,0.4508179120416,0.4024963182592,0.5079571509929,1.0000000000000,0.5775827409702,0.3451172878732,0.5699707288232,0.2797244742364,0.4206631315459,0.1738543746526,0.1987296369503,0.5010190519992,0.0783500259316,0.1560231190729,0.1406319805217,-0.0790496278231,0.1209309274507,0.0851566180222,0.5751165435583,0.1949374863003,0.3366863912091,0.0076909642742,0.8331731061043,0.6215197328484,0.0925143857769,0.0543073705088,0.2648622731213,-0.0394765471907,0.1011773002870,0.2426897744916,0.1646784688594,-0.1049967721151,-0.0031557436747,-0.0525025063303,-0.0793536861770,0.3883341250731,0.3434634257756,0.2645918098607,0.3804902135129,0.1218938750311,0.5453803503834,0.5451190305743,0.5088748516931,0.5407358789887,0.0269800241523,0.2354348096640,0.5319699970156,0.3869473398318,0.2182433842551,0.2657095625483,0.0842034687227,0.1033849373786,0.2509787838073,0.1117728260748,0.5139917757735,0.3843952810983,0.6491927178875,0.3693216815117,0.2319115450923,0.0777537752888,0.4611076293523,0.0950188030119,-0.0457949569028,-0.3217286789511,-0.0020001751247,-0.1454437998170,-0.0915333854463,0.4634353721021,-0.1437343260450,0.0585491596725,-0.3104357840774,-0.1196025124855,-0.3180669751798,-0.2968388672936,0.1283505062879,0.5513301295746,-0.3139385144750,-0.0806258227200,0.1615387186756,-0.2178854206954,-0.2174058361733,-0.2396889767921,-0.3589182975470,0.5019470043532,0.2391420832709,-0.0066096450490,-0.0021164823365,0.0349955068665
0.0902373571226,0.1796100282874,-0.0206926979100,0.2996630918867,0.2110937568201,0.4511943467918,0.2777738830303,0.7190577665525,0.7038577320734,0.5933516467198,0.6545202849095,0.6741244109690,0.7031627683719,0.2987798591725,0.5133175044970,0.5775827409702,1.0000000000000,0.7176337104862,0.5484763009043,0.7165225524000,0.7773880429952,0.5300258686624,0.5743846644202,0.8212466829230,0.5412793296733,0.6077908372002,0.6202775718980,0.2259451887985,0.3187356595262,0.3937540926886,0.8233310036310,0.6512056860950,0.8179181734909,0.4612872777129,0.5349240892630,0.1363157376698,0.4684473269198,0.4925079871248,0.3242479233259,0.3956541481180,0.4334450534970,0.5936983525383,0.4418782646207,0.3709234867999,0.4607370951226,0.3851846820677,0.3535761440920,0.4900650144756,0.5064039100476,0.4981437632715,0.0238424461604,-0.3606114879368,0.1178414280182,0.1581886372642,0.3886450921882,0.0471543573726,-0.1127322221761,0.1211750295587,0.5100820776347,0.5227667937213,0.0147260029386,0.5620438192415,-0.0827482702322,-0.1015350928561,-0.0580912421196,-0.2666454262299,-0.0762221989355,0.4173873379848,0.2386707155105,0.5900913352209,-0.0873806951434,0.4470746513254,0.6698416313019,0.5312983118248,-0.2095634013334,-0.1208976943931,0.4631423331171,0.0398847548108,-0.2794808946657,0.5113923954351,-0.1744319799668,0.0722068462049,-0.3102752761101,-0.3088642727424,-0.0935623838633,0.0009320714163,0.4214587255559,0.3287639756032,-0.3990154488600,0.3311869338766,0.3418914194793,0.1777518275541,0.2271366695566,-0.0161629413709,-0.3696354129351,0.4235743222848,0.1169987062142,0.0742724634037,0.1627818860543,-0.1172331466624
0.2602283081215,0.3299958158051,-0.0605073846453,-0.0124052191971,0.3311417051757,0.4136746649837,0.0395397902003,0.6366063402551,0.7083290191697,0.4108218525863,0.6528125485093,0.5778917447764,0.4834318710121,0.3552412894008,0.4439407162854,0.3451172878732,0.7176337104862,1.0000000000000,0.5038287965689,0.7967303147732,0.6269848847055,0.4620245288405,0.6015603892129,0.7241584445096,0.6932927261759,0.6590146842716,0.7025994873531,0.4237661608119,0.1847607399589,0.4021641788805,0.6322642005459,0.6902707661154,0.7124140114936,0.5961482533109,0.3435916777654,-0.2705889067771,0.6033662848121,0.6988261963386,0.3599906569670,0.6259747743397,0.4391019617281,0.5775097809205,0.2706753703382,0.6095411981742,0.5492259689300,0.4996799870342,0.5285051377556,0.5915825187097,0.5617350287452,0.5634052582701,0.0099709708248,-0.2671854558343,0.0388385849708,0.0546955853874,0.2812819825581,-0.0794782576017,-0.2041148447870,0.0930284318693,0.4725553251236,0.5207834029415,-0.2822414521033,0.5572882419233,-0.3303523727125,-0.3025772132792,-0.2801107578215,-0.4934838960960,-0.3189329008639,0.2704369534952,-0.0697675982412,0.5582390815695,-0.4117342866799,0.4020994897964,0.6194961070975,0.6143264643403,-0.3877420386760,0.2151145429118,0.6865001628070,0.2303203003612,-0.4838924634095,0.3456673095107,0.0161746060366,-0.0488222743804,-0.3487042518436,-0.5162000343782,0.0407221488269,0.3807221302293,0.4945139532654,0.2904497620602,-0.5291381035495,0.5490126368977,0.4137158392796,0.5382703604245,0.5041636533967,0.0158060006851,-0.3053533634750,0.3483345125760,-0.0760232796643,-0.1186194743912,0.0202654914406,-0.3887516897892
0.1074515649472,0.0460701467018,0.0321268405045,0.1906208873624,0.2662510158944,0.3049180912341,0.1747563078582,0.5409841623537,0.5980910437081,0.2896209912220,0.4011557209778,0.3791158386692,0.4342319282772,0.1877461541029,0.2086234938558,0.5699707288232,0.5484763009043,0.5038287965689,1.0000000000000,0.4188911974399,0.4807292404162,0.2796224518400,0.3087212454420,0.5457246661524,0.2560249793574,0.2851929445226,0.2860824540704,0.0932919236631,0.1210300988758,0.1548211355872,0.5198193810024,0.3631352594818,0.4105281445990,0.2126250686516,0.3314227372252,0.1498171101762,0.2594215693277,0.2267446598182,0.0971286653518,0.1712691012949,0.2257863716934,0.2971360678180,0.2196957608473,0.1762021919985,0.0988579225532,0.1733953445625,0.2343100471663,0.3062732771161,0.3604340557048,0.3133822038259,0.0765429009067,-0.1003932248724,0.0823746241175,0.1546776224814,0.2884553634706,0.0836331678603,-0.0288481441301,0.2051356330898,0.5588997341442,0.4721191579486,-0.0808885996308,0.3263455850729,0.0107946589066,0.0266971644262,-0.1007502321283,-0.2189124358992,0.1419102493370,0.3958881212955,0.4859325094911,0.4254539540457,-0.0097085762966,0.2552091542589,0.4786199013214,0.1201385022115,-0.0823874057163,0.0478429995614,0.2533136053943,0.0151334414855,-0.1300105315931,0.3987478385291,0.0779756259994,0.1698226819032,-0.1719772167332,-0.1275095415874,-0.2118042086079,0.0960753355297,0.2970247801371,0.2266828827542,-0.2964784903218,0.0254852724481,0.1234443720091,0.1158377975874,0.0635409914582,-0.0804469022103,-0.1346594641732,0.1972401966730,0.0872190627709,-0.0306566976757,-0.0259626028058,-0.1306066705596
0.0579391131112,0.1476870237634,-0.1878422380714,0.0322078968491,0.1455342890292,0.3121284946002,0.0073475058513,0.5654564317983,0.8098227403381,0.4142072386735,0.7166566823509,0.5788124225168,0.4084530922039,0.2154067980095,0.5356864198366,0.2797244742364,0.7165225524000,0.7967303147732,0.4188911974399,1.0000000000000,0.7036487738045,0.5029341014376,0.7512344254567,0.7892357060141,0.8815507059963,0.8653785170598,0.8835046501906,0.3830539331059,0.2270501008966,0.4196194733599,0.7349069233679,0.8432234183744,0.8585113097340,0.7742934048273,0.3519690687878,-0.1938760510254,0.6452226381591,0.8756795517678,0.4349873095186,0.7784697653410,0.5096806006764,0.6425379777059,0.5722183356653,0.8016185378069,0.7059849629470,0.5616758118751,0.5219113141279,0.5626473530977,0.5223536704515,0.6535503680837,-0.1845133403264,-0.5264976140597,-0.0558086058839,-0.0531552105757,0.1522086663912,-0.2056561355255,-0.4062938816012,-0.1395070951148,0.3103627133628,0.4737916497564,-0.3566427108192,0.6549105324333,-0.4537964161126,-0.5308676583494,-0.2764112132186,-0.3429725207292,-0.3956114110889,0.0012031721801,-0.1197405757689,0.6517129895951,-0.5770838927382,0.4513834160110,0.5808395020126,0.7366197037871,-0.5091534595736,0.2136309779135,0.7899347901454,0.1084029199452,-0.5150213219507,0.2070767953515,-0.1362491369216,-0.2148170380228,-0.4155111543869,-0.4499425585625,0.0729774336858,0.3130005837385,0.5043187657482,0.2927718502355,-0.4227243969327,0.7123392640382,0.4857353146390,0.5856689936987,0.6628133576640,0.0807114159146,-0.4238952106256,0.3644468847633,-0.1240169164174,-0.0815743953794,0.2010993945383,-0.2731010665370
0.2205103772938,0.2303358782284,-0.0704640554330,0.2454662750922,0.2596410792024,0.3431603036332,0.1598257691264,0.4828520504032,0.6356258104771,0.4967452623708,0.7462530605677,0.7481608322642,0.4606951864268,0.2687911384068,0.6381917098080,0.4206631315459,0.7773880429952,0.6269848847055,0.4807292404162,0.7036487738045,1.0000000000000,0.5765981161853,0.7538454436748,0.6956658681049,0.5791094738173,0.7363888400588,0.7484271546211,0.1998546821894,0.3379612482740,0.3578553776588,0.7088602773323,0.7198698983528,0.7595949657359,0.5424262223577,0.5295947618318,0.0979334512989,0.5774618393782,0.5269465978869,0.4492579766691,0.5050344160128,0.5109651622252,0.6136905720390,0.5372873683785,0.4266241769278,0.5138881768281,0.5158605336076,0.4308856965277,0.5134631335228,0.5431864315773,0.6627422907550,0.0183120827264,-0.3888067782896,0.0414858049431,0.0794169465343,0.1938067062948,0.0098033573535,-0.3282010046061,-0.1910625210329,0.2265680888373,0.3457924810371,-0.0515800794984,0.6685521494290,-0.1157476889177,-0.3282408839288,-0.2212050619525,-0.1482760756273,-0.2521896248897,0.0888035053550,0.0889586246453,0.4175474809176,-0.0854496862198,0.6201885491173,0.4527285532463,0.5524885563161,-0.3109904225840,-0.0082773524653,0.5861106466692,-0.0651720418375,-0.3368830519308,0.2168038814712,-0.1966077859015,-0.0824059183055,-0.4100931717488,-0.3935761910213,-0.1592503766053,0.0473821363577,0.4670892762607,0.4163636290164,-0.2346087236925,0.3531796441975,0.4404509890867,0.2852966910975,0.2615974389958,0.0776971993765,-0.3367138523380,0.4111462159608,0.0647148714694,0.0500838650682,0.2440336511045,0.0229003786534
0.1761395197986,0.2500752091028,-0.0051819211714,0.1448455173935,0.1853174887658,0.2770495253004,0.0606771779215,0.3901112552908,0.5176125388485,0.6228294923647,0.6282825454777,0.5606501339572,0.3334097117919,0.4352979839972,0.4394709988751,0.1738543746526,0.5300258686624,0.4620245288405,0.2796224518400,0.5029341014376,0.5765981161853,1.0000000000000,0.5455350694131,0.5138573398633,0.4982478600599,0.5563653843528,0.5551323583576,0.2990533378942,0.4588332418708,0.5633035632285,0.4713959671462,0.5347094761637,0.5422316026730,0.5187852044164,0.2698044548116,-0.0440922558945,0.4590022278789,0.4272119233099,0.2661952999858,0.4685463020906,0.6785245957226,0.6470498172056,0.3210541639217,0.3574541955475,0.4680861731692,0.5728276735608,0.4936362629282,0.3484765177012,0.6400974008638,0.5276552807878,0.0879476470274,-0.2306051737822,-0.0344916866765,-0.0108055025410,0.2379105624452,-0.1494688736184,-0.2480635116558,-0.1054403868421,0.1659892115593,0.2747436810746,0.1565298917894,0.4790299606457,-0.0999357609120,-0.2866703408635,0.0151696398971,-0.1957138642427,-0.4284052399584,-0.0049240363303,-0.0255959181267,0.3312699620466,-0.1663125833935,0.7494934703154,0.3737670458967,0.5373296246125,-0.2505601578294,-0.1373720468086,0.4336300876707,0.0849053784021,-0.1957173910843,0.0758109485872,-0.1810135230763,-0.0917929163271,-0.1811264560630,-0.3992206768135,-0.0406787186223,0.2087307613895,0.3563373524528,0.0838542010121,-0.2271582147847,0.3649470437442,0.2969230332342,0.2884137850092,0.2412652945581,0.3384371030041,-0.0817279654546,0.3244965940225,0.2426837490562,0.2791886550422,0.4469144250907,0.0323773787482
0.2036721001745,0.1700017698764,-0.2130133414647,0.2091500480015,0.1562431441540,0.2046017312120,0.0015774432431,0.3167403764460,0.6452677442412,0.3928707662019,0.8479319064337,0.7515353060641,0.2934982578224,0.2487387013773,0.5972586452833,0.1987296369503,0.5743846644202,0.6015603892129,0.3087212454420,0.7512344254567,0.7538454436748,0.5455350694131,1.0000000000000,0.6183756223279,0.6736555736067,0.8057053231232,0.8663166041476,0.2153905165735,0.2992113655222,0.3349732104123,0.5864159481191,0.8062216464575,0.7550621370161,0.6758862558875,0.3781411853385,-0.1563386694126,0.6731562802362,0.6127919986054,0.4209045193209,0.7282708017324,0.5306922052943,0.6970698198159,0.5480800757122,0.6151632621637,0.5184555526723,0.6258457082101,0.4921004559583,0.5135776036974,0.5204576994334,0.7352940493491,-0.0849848037655,-0.4935800202281,0.0243973813236,-0.0660252377893,0.0437510282596,-0.1689536378922,-0.5083478775690,-0.3733942269623,0.0911465507779,0.2485225805248,-0.2385610850779,0.8411277832894,-0.1243549871929,-0.5057485043434,-0.2220281498339,-0.1559743262206,-0.4742717294940,-0.0936153042368,-0.1891235638625,0.3545380685879,-0.3958617122599,0.7396177664321,0.4267391786331,0.5847631560380,-0.4820688000254,0.1633489195919,0.7794903276209,-0.1214273710660,-0.3915934305441,0.0898901220313,-0.0661064322214,-0.1820655089124,-0.4420850107548,-0.4223473880009,-0.1541465868949,0.1647161374936,0.5406885582446,0.2573655734838,-0.1873479305276,0.4776769163225,0.4894890629385,0.5254338201963,0.4578223070585,0.1446469439969,-0.2914985726470,0.3618975004691,0.0147968608142,-0.0887000715671,0.4010996881311,0.0838258503173
0.0928293355014,0.2190969170594,-0.0848866916128,0.2582219977674,0.1972537878963,0.4600057466974,0.2823275799534,0.7564098843308,0.8344051391224,0.6393943718775,0.7139280294421,0.7010213438591,0.6357303316224,0.3221893281694,0.5116703069996,0.5010190519992,0.8212466829230,0.7241584445096,0.5457246661524,0.7892357060141,0.6956658681049,0.5138573398633,0.6183756223279,1.0000000000000,0.6119092513733,0.6330488391399,0.6978793366493,0.2557625510900,0.1884391755607,0.3343553527327,0.8085434138598,0.6717484064781,0.7698919339332,0.5188903172517,0.5089793088020,0.1180070664991,0.5406590249456,0.5657694805742,0.3209117338982,0.5154273195738,0.4559369382520,0.6612230296312,0.4251350548538,0.4858354341799,0.4539964162861,0.4220133370414,0.3791631452788,0.5501151309415,0.4978269415977,0.5447171200622,0.0145224378757,-0.4143966751259,0.1571138665663,0.1412579087014,0.4111845336879,0.0397147126498,-0.1933509367122,0.1057633741330,0.5755949475214,0.6674857097484,0.0081260255563,0.6380520598307,-0.1864489174717,-0.2188893236915,-0.0135457304070,-0.2433831005974,-0.1372453885313,0.2902704971865,0.2656062312766,0.6608390762506,-0.2422215106429,0.4347033599792,0.8509008250769,0.6151782353303,-0.3551158184238,-0.0903630627950,0.5746856457192,0.0107893952688,-0.4138350365753,0.4433697698309,-0.1681776257124,-0.0778903073141,-0.4153922575733,-0.3933367800354,-0.1349597339291,0.0379707187059,0.5155047761357,0.3487841559601,-0.4232821840331,0.4129403109815,0.3838868426779,0.2992735096074,0.3311827453145,-0.0101686128390,-0.3754903857402,0.4901404785859,0.0842113994737,0.0540449810224,0.2367890163431,-0.0810350755035
