1.0000000000000,0.4455177233198,0.5221340183269,0.4658158354932,0.7348350636700,0.5706921397342,0.3932554725208,0.4197952087486,0.4622553986489,0.4970906644571,0.5860589279616,0.5786428155004,0.4914332677225,0.6764452386229,0.4795111203719,0.4109472683826,0.3571415836522,0.4484915463454,0.2026605223033,0.4984001135442,0.5225088643997,0.4270406048811,0.6319291517168,0.3130995723980,0.4797082442149,0.6362630070602,0.4812193744534,0.2216249807861,0.0689662874840,0.1437367125551,0.3305323751894,0.6824321238015,0.5274000907042,0.4459754678211,0.3630161571974,0.3398695112069,0.3309797969847,0.4430946005386,0.3027587107732,0.3267199183656,0.4433645339303,0.5827161649039,0.2308563712119,0.3317199817720,0.5402023229425,0.4353108428294,0.6321881567825,0.5235034041846,0.3501454868745,0.6125764102513,0.7396748601297,0.5982648529344,0.1960188629330,0.7401746703111,0.5640544560089,0.3419332364390,0.3098149859670,0.2164307235999,0.2840455804422,0.3209091821769,0.0553768185578,0.3370869115017,-0.0731191079043,-0.0515553801214,0.0383141896022,-0.2349731224643,0.1967907351412,-0.0061826873573,0.3164452728606,0.2866464684438,-0.1309115491177,0.1929456543863,0.3677411641501,0.3189480557156,0.0509951782898,-0.0709734833746,0.3337838236616,0.1891564588212,-0.2348253041857,0.2271457531161,0.2786022845854,0.1300265901484,-0.3923622238049,-0.4876867612820,-0.0927353522888,0.3462793529732,0.1493884446586,0.2497631785119,-0.4371411003228,0.1779342874880,0.1741804760738,0.0808235636889,0.2632476280054,0.1142420376640,0.0681919768262,0.4090943773481,0.2242241483454,-0.2435268773664,0.0859026070267,-0.3577644389402
0.4455177233198,1.0000000000000,0.3092641338690,0.1695743961514,0.0817523632398,0.0857297945617,0.0487621889218,0.0717224823954,0.1004654056620,0.1108030679594,0.0732786785910,0.1751489001149,0.0362308744195,0.4588595088588,0.3071935619633,-0.2030208544784,-0.0985221811591,0.1809032541691,-0.3079677366822,0.1638635511760,0.0118853550804,-0.0043104279008,0.2999034263463,-0.0846339983005,0.2258825036240,0.3842268777766,0.2446683010438,0.2657568745200,-0.1212747955930,0.0288736402774,0.0342502422129,0.3276642189797,0.1089224633266,0.0613567753826,-0.0485205217550,-0.0668838611305,0.0500213188323,0.3644485252454,0.1204936720864,0.1540954564870,0.0076617672623,0.1201204089622,-0.0018890239927,0.2927862811457,0.3842273212588,-0.0025293569930,0.2240079469709,0.1631148165622,-0.1712427362342,0.1713620120780,0.4007218533626,0.5524864125007,0.3155307610206,0.2436898335150,0.0041670084145,0.0024185907236,0.2623092750659,0.1416799463325,-0.0289143884969,0.0447923373719,-0.1048714139037,-0.1607774070192,-0.3261701655959,-0.1769094184812,0.3240577746680,0.0705811110328,-0.2498692430848,-0.2833953128806,-0.1707597255235,0.1617554446902,-0.2210439095815,-0.0723422835613,-0.0594673049609,0.1963096171465,-0.0858864390384,0.3511696118060,0.2805964012274,0.0413730083499,-0.1189741212859,-0.1424946241809,0.3172406627861,0.0527088253129,-0.2869501037253,-0.2456481314759,0.3537205838122,0.3064990916005,0.0909759050578,0.0994395692027,-0.0947330715012,0.3389656477650,0.0527077246047,0.1556587396713,0.4203583177067,-0.0595625820189,0.0645779156387,0.3169931459104,-0.1870253758132,-0.2926116804925,-0.1409469818621,-0.2697215438140
0.5221340183269,0.3092641338690,1.0000000000000,0.6192976091470,0.4864551057020,0.5798988081919,0.5506511880154,0.2516880560063,0.1823805213322,0.3173556203946,0.3257610436004,0.1789438098806,0.2533537139009,0.5696907328224,0.3715553308164,0.5599106564879,0.3893672532529,-0.0104295172468,0.5187431918999,0.3059030538082,0.3998481153948,0.3107594891394,0.2293782659770,0.2362516604415,0.2448215559815,0.3799852660354,0.2756607063568,0.0764642552513,0.3346580502630,0.5809057651045,0.4894863983312,0.3993594970893,0.3906018351915,0.4219090378174,0.4416758527226,0.4190010076222,0.3956884173231,0.1400530501564,0.4865430190089,0.2839398384452,0.4701640769841,0.5271264070104,0.5271322014416,0.2386785966877,0.3970632878835,0.4022671362410,0.4708982926734,0.0921274754832,0.3739234352451,0.5159544473829,0.2803995291097,0.7239322683047,-0.1494469782627,0.5944399433382,0.3605811341302,0.4022535660103,-0.2173464660951,-0.1279026047811,0.0986170353052,0.1160527684476,-0.0552030770651,0.1592931777373,-0.4086527486628,-0.2744983471854,-0.0205694927938,-0.0926688430674,0.4283539943889,-0.1000264313710,0.4879236825415,-0.1341676156190,-0.1786103524527,-0.0540687003381,0.1925026411289,-0.0034021824868,0.1015656945711,-0.2584358325754,0.0848397514943,0.1728499182538,0.0944486611570,0.2678902355673,-0.0566975914455,-0.2403305614760,0.0984378663809,-0.0757280501375,-0.2741697881676,0.1978636422644,0.1145682379645,0.3826256576870,-0.1747166751013,-0.1383584728102,0.3351932438332,-0.0702947484978,0.1882608796282,0.2499491479213,-0.3267467693817,0.0901351039201,0.2354927002214,-0.2193919169150,0.1693573499836,-0.2752432288611
0.4658158354932,0.1695743961514,0.6192976091470,1.0000000000000,0.5846995520209,0.7089865077981,0.8471275710989,0.5513304394143,0.4568692152878,0.5656361090622,0.5614051340492,0.4687159228760,0.4909087883535,0.6257766833403,0.6781277358918,0.7333323509430,0.5680207889439,0.1102429331489,0.6489516424020,0.4990849299003,0.6077918581260,0.3273636244196,0.3370646946540,0.4773756817913,0.3303046843356,0.4087137359848,0.4114952695833,-0.0417287361527,0.1795182679067,0.3663368874118,0.5839886771829,0.5140626231290,0.5284081026699,0.3126612443368,0.7388249993111,0.6769467393065,0.3445839828975,0.2317705789554,0.4968721488477,0.2406759361783,0.4856044878342,0.6548167172566,0.6613914307547,0.2084841555720,0.3521695954874,0.3640359257300,0.4614655797934,0.3211177622787,0.4578881586949,0.6918370885722,0.4511898210380,0.4027416906019,0.3165160800948,0.6074375599701,0.5935400309759,0.8177411360062,-0.0126840402897,0.1840411849389,0.4160646477423,0.4337998658371,0.1788921746117,0.4123978609934,-0.2425314383195,-0.1221519151180,0.0408910224665,0.1162528217535,0.6525266803200,0.0955344283295,0.6615886184990,0.1262467166935,-0.0819041938789,-0.0432103887558,0.4141540689593,0.1269430836243,0.0727052380791,-0.4839182096776,0.1392306153769,-0.0196665987100,-0.1661683761298,0.3544791663139,-0.1301858571365,-0.1723958696221,-0.2157030467387,-0.0835453264069,-0.3935934610841,-0.0555804717852,0.1286173620798,0.5703134470503,-0.2446109359893,-0.1625821609113,0.3082203113743,-0.1543088195985,0.0767772520744,0.0965361733106,-0.4329800836808,0.3334729024285,0.3092031196064,-0.0761244817860,0.3093096614476,-0.1668818319632
0.7348350636700,0.0817523632398,0.4864551057020,0.5846995520209,1.0000000000000,0.7396113814282,0.6195090581735,0.5831964908115,0.5751069524763,0.5928425947180,0.7144153087866,0.6915306136903,0.6422023771099,0.5681338955211,0.4386831743457,0.6906664874656,0.5935909194354,0.4760855791579,0.5125739591438,0.5058184962276,0.6546706493728,0.4448638828708,0.5392430775930,0.4643001955307,0.4514800788182,0.4716950879195,0.4088903396202,0.1821738961152,0.2731024718571,0.2031465340000,0.4207296186866,0.5669804851489,0.5668054345798,0.3571348958708,0.5199729572272,0.4790089505401,0.3141920056953,0.2528039681461,0.3164282262884,0.1529665158152,0.5654289513324,0.6834313465055,0.1662705356823,0.1832015207560,0.3715721232095,0.4437226147258,0.5069609616638,0.4868547315864,0.4676874368446,0.6507418755969,0.6506698864682,0.4627194742495,0.1407877285234,0.8564565050433,0.7925976313667,0.5784762177365,0.2549048545411,0.3162460605920,0.4946259114237,0.4877635073074,0.2026689270153,0.5696842493619,0.1811409959799,0.1400952703208,-0.1412940662023,-0.2693019037753,0.3391058646777,0.2424223531884,0.5702134494838,0.2702657873316,0.0747691692986,0.1522885321890,0.5627707416480,0.2982810174377,0.1627398765003,-0.3802799783184,0.2272081635838,0.2132417998340,-0.0898941577426,0.3946284555587,0.0100394321808,0.0651438878214,-0.4478139164906,-0.5788669169718,-0.3358979763522,0.0123529691304,0.1664233351065,0.3018535039088,-0.5504027362899,-0.0298955630607,0.2103368814618,-0.1221593577352,0.0421327448218,0.0715751807149,-0.0922585704381,0.3432641363492,0.3308453990354,-0.0850828122099,0.2091775891755,-0.2325093917000
0.5706921397342,0.0857297945617,0.5798988081919,0.7089865077981,0.7396113814282,1.0000000000000,0.8163024381843,0.6646082231641,0.5345928311698,0.6516053599053,0.7533035467939,0.5863621906543,0.6500226976078,0.6525792219835,0.5164467267453,0.6745901644149,0.6451312054955,0.3866377925089,0.5392419492027,0.5526592126282,0.5855778419677,0.4285535306467,0.3891036157965,0.4882276467610,0.4344070325332,0.4679834390139,0.4721014041372,0.0871852180227,0.1759309361567,0.3130374856479,0.5526627421592,0.5941917128414,0.6097268737837,0.2770017358887,0.6267569744938,0.5525025308795,0.3651737506084,0.3021161160185,0.5499171839763,0.2399668758907,0.6147703915631,0.7518764334110,0.3992576581101,0.2056431322878,0.4528195420943,0.5295439361781,0.5177108578933,0.5866196689957,0.5762936345848,0.6897104568655,0.5833576442694,0.3401031135918,0.1994721691274,0.8448207794462,0.8289957906681,0.7192216417211,0.1240828857051,0.3539618712855,0.5024349536927,0.5646375900765,0.3110329698079,0.5289784027517,-0.0890868265550,0.1263091922692,-0.0182080923154,-0.0300867044257,0.5037718279440,0.2658335753095,0.6247150259725,0.2347331891639,-0.0386505510285,-0.0519171862619,0.5014550985463,0.3051951231960,0.0750650867564,-0.4100084708377,0.2593256521627,0.1323385708377,-0.1306262008293,0.4007265194456,0.0140035083134,0.0092911916364,-0.2503917244412,-0.3307411147141,-0.2417327673072,-0.0810937282632,0.2311399050076,0.5185074154682,-0.3930191469920,0.0369862255933,0.4221177463449,-0.0970561402880,0.0835524301831,0.1256372950917,-0.2696531520384,0.5482830259540,0.3421617873664,0.1005810699546,0.3701481283653,-0.2177068040821
0.3932554725208,0.0487621889218,0.5506511880154,0.8471275710989,0.6195090581735,0.8163024381843,1.0000000000000,0.6881441356133,0.5046980854143,0.6889230342255,0.6016912782417,0.5483878483663,0.6204614983466,0.6220978819254,0.5448235915190,0.7853206698250,0.6552685313058,0.2339155609737,0.6872813776078,0.4775607345372,0.5535198742895,0.3747888438763,0.2570445749972,0.5863674495368,0.2809082495078,0.3365408949617,0.3167027257646,-0.0750829780054,0.2316969384412,0.3634104158496,0.6303224273602,0.4754446976455,0.5395765269646,0.1625808372190,0.8019222945591,0.7222088046149,0.2806895039036,0.1234929966656,0.5338995743805,0.0837336602348,0.4977141751832,0.7034603083289,0.4982003236648,0.0352552945461,0.2655321211399,0.3047399055851,0.3842358329228,0.4131181305465,0.4604433266938,0.6304261275064,0.4530674645376,0.2630086959839,0.2659939463437,0.6702549857585,0.7583020400299,0.8853210289243,0.0552321332032,0.3521223826230,0.5973454805079,0.5554789506420,0.4248169379595,0.4793201633607,-0.0954177764013,0.1247844820760,0.1277040546823,0.1234025243492,0.6578887494620,0.3227230018545,0.7655796447078,0.1646145960105,0.0109071311811,-0.0768785179031,0.5113116720085,0.2047863271300,0.0667526122345,-0.5306503263294,0.0467219653499,-0.0600776300434,-0.0846521747584,0.4799364567963,-0.1738231625673,-0.1581795246072,-0.2416092129010,-0.2203569623085,-0.4069078733295,-0.2451493990454,0.1536729395707,0.6329872014431,-0.3775299443315,-0.1759284301124,0.3395800561216,-0.2877401494971,-0.1014139400962,-0.0300111144095,-0.4661711678102,0.4685363111993,0.3364436614481,0.0847469340404,0.4407776604027,-0.0783188635179
0.4197952087486,0.0717224823954,0.2516880560063,0.5513304394143,0.5831964908115,0.6646082231641,0.6881441356133,1.0000000000000,0.8505418628711,0.8219263363574,0.7166761613840,0.7779950460240,0.8460993320343,0.6164914554108,0.5703951814281,0.6692572907571,0.7657241568273,0.6466191746692,0.5240636608615,0.7171863174623,0.6375427259482,0.4775843219218,0.3988506181437,0.8011316258531,0.5424852079697,0.5293238421102,0.4557149050417,0.1302686425085,0.0897923600460,0.2033362282560,0.6208504315099,0.6020179372455,0.6812510061650,0.1106206392229,0.7068768030937,0.6955145991079,0.2120159776921,0.4107805394877,0.3213782921776,0.1012091171695,0.4970708749562,0.7504033611222,0.2431214020668,0.1779296506684,0.3626211680368,0.3096974406589,0.4748147922053,0.5454515141019,0.3671366667950,0.6727456021446,0.5961486228405,0.0836821053953,0.3562669030802,0.5399910649141,0.7571553108148,0.5977746845649,0.5080445519669,0.7975527149176,0.8648507901650,0.9086998644432,0.4986568710673,0.5670132931951,0.1302776425448,0.4563296792914,0.1780482108757,-0.0447934185365,0.4686115122168,0.5598500758857,0.6900487879918,0.6603987133449,0.2010972382042,0.0198308097242,0.8097567531795,0.5712921780022,0.1018135724120,-0.3504534254497,0.2007600981029,0.0483393126253,-0.2305640317880,0.5205430967077,-0.0556642786488,0.1445967459639,-0.4512977210672,-0.5040946528846,-0.1981773945893,-0.2578715830541,0.1808611073175,0.4591579080740,-0.6130124896277,0.1382940942885,0.1143680519607,-0.1632960773846,0.0434045290045,-0.1547337437949,-0.2872800283137,0.5039752374178,0.2707396384597,0.1519177018788,0.4038458080252,-0.1710755083534
0.4622553986489,0.1004654056620,0.1823805213322,0.4568692152878,0.5751069524763,0.5345928311698,0.5046980854143,0.8505418628711,1.0000000000000,0.6443842253516,0.6777972058655,0.6906692670842,0.7099175164321,0.4725648875430,0.5394048917016,0.5557426563817,0.6091505001750,0.6764302237998,0.4051273969694,0.7945960860376,0.5815737817343,0.3581607133106,0.5234101324797,0.7161773742121,0.6946850320061,0.6021449440390,0.5619015836224,0.1379569731833,0.0266816210864,0.0902292698683,0.5321038447470,0.6457833073965,0.6364569898055,0.1406640802816,0.5838695016567,0.5960815270289,0.2149542165201,0.5493379404758,0.2758819478686,0.2290573671457,0.4776683516153,0.6250099273091,0.2132797892446,0.3471831141746,0.4698519517229,0.2866885348608,0.4786962334617,0.5493491129061,0.2520108577182,0.6501073070925,0.5737486398219,0.1141904144273,0.3233772147834,0.5050339762031,0.6135837070076,0.4268023261193,0.5463319051823,0.6664128663570,0.7645674478340,0.8718427464211,0.2287721348890,0.5509682628380,0.1294573742112,0.3100051826626,0.0416765132551,-0.0833332653498,0.3475215889737,0.4031352517030,0.5058953490558,0.7119198439381,0.1072537847824,0.1351952687964,0.7981071382793,0.5440652666546,0.1247567813816,-0.1520981358859,0.3736074235323,0.0414391439516,-0.2519482257372,0.4365891100630,0.0847867521216,0.2352150717608,-0.4330636256968,-0.4425082341181,-0.0301021088398,-0.1239531745780,0.1997751748550,0.3663599538741,-0.4972919287639,0.2711052119497,0.1310819817369,0.0001203932086,0.2126409483473,-0.0801724992646,-0.1191364220867,0.4861178134725,0.1474348249247,0.0248823686177,0.3189664014625,-0.2062859951495
0.4970906644571,0.1108030679594,0.3173556203946,0.5656361090622,0.5928425947180,0.6516053599053,0.6889230342255,0.8219263363574,0.6443842253516,1.0000000000000,0.6410145579376,0.8067639707460,0.7801939474428,0.6624857425281,0.5545999430274,0.6283492603586,0.6956514617717,0.4819483290310,0.5033270346432,0.5330006824825,0.5982827754231,0.6879485238979,0.4377926290195,0.7107849951263,0.3946721677873,0.4976907553500,0.4026061099101,0.0915520586243,0.2370861221333,0.3113848328925,0.5665518096490,0.6458916608881,0.6625512930130,0.2594745078746,0.6124024726914,0.6086175523252,0.3011722316952,0.2842439552580,0.3067110828430,0.1461005188692,0.5806365215652,0.8116775314549,0.2750685180137,0.1240842994260,0.3123804651985,0.3244403362791,0.6000771935962,0.5368737573859,0.3929602727971,0.6612704793422,0.5561224079784,0.1177919603147,0.2418674393237,0.5643811741661,0.7535926145249,0.5591432684020,0.3358055821315,0.6011388479830,0.6840027829352,0.7326508490091,0.6464508454039,0.4476798731571,0.1045406340007,0.2814896745638,0.2006657701290,-0.1696082151450,0.3959158490238,0.4005590450768,0.6664400545486,0.4546869257927,0.0578115671942,0.1621745076328,0.6477031031628,0.4910461388755,-0.0092077482426,-0.4461519734231,0.1117943071889,0.0210414986658,-0.1606203796149,0.4550503951101,-0.0232632808939,-0.0042687231104,-0.4195162133044,-0.5240812939020,-0.3038900904489,-0.1598274994711,0.1917662781714,0.3973110007169,-0.6451729354097,0.0152144343716,0.1095215770638,-0.1728984784401,-0.0355801471518,-0.1624989932166,-0.2039805228617,0.5276994079552,0.3642816913763,0.0854696118404,0.4488164096564,-0.2165872226886
0.5860589279616,0.0732786785910,0.3257610436004,0.5614051340492,0.7144153087866,0.7533035467939,0.6016912782417,0.7166761613840,0.6777972058655,0.6410145579376,1.0000000000000,0.7855182148376,0.7389518584974,0.5260699857915,0.5095436837926,0.5983709070386,0.6913038599911,0.6356294454422,0.4110786723200,0.6551331840635,0.7038910821105,0.4634463988291,0.6258008583758,0.5915685478100,0.5295886537865,0.5835081475755,0.5961908236180,0.1515166380440,0.0919303336575,0.1159812915223,0.5085947009385,0.6584712454766,0.6835569507260,0.2258140089289,0.6082000775598,0.5315356187747,0.3691868927986,0.4330360647821,0.3918229745356,0.2906285202389,0.5330942817967,0.7181732168851,0.2321410358098,0.2999760713877,0.4411853174391,0.4740472757928,0.4996949757400,0.6304338732258,0.4792022217021,0.6897382790843,0.6244444528741,0.2382918650051,0.3080744080154,0.6797752419477,0.7568555305056,0.5361925645836,0.4015151325787,0.4710761237790,0.5797047686766,0.6321937462594,0.2677068952597,0.7609341381412,0.2316203042303,0.2839150585882,-0.1020811925717,-0.1685898207653,0.3743125543827,0.4130058234978,0.4953302807388,0.4599744576654,0.1472812503669,0.1946826229658,0.6851522541110,0.4370262378730,0.1109638468269,-0.2691379900167,0.3913379569577,0.1488836570203,-0.1972715544016,0.4440050067097,0.1042737970724,0.2325352325660,-0.3988144219385,-0.4649082449335,-0.1641535747046,-0.0269619607378,0.2976235643320,0.3659676958780,-0.4863898795440,0.1882220601514,0.2973017042929,0.0370966673537,0.1715654227254,0.0736833164609,-0.1461506226262,0.4842526253417,0.3044539834121,0.0739198757204,0.3036374744438,-0.1838549652152
0.5786428155004,0.1751489001149,0.1789438098806,0.4687159228760,0.6915306136903,0.5863621906543,0.5483878483663,0.7779950460240,0.6906692670842,0.8067639707460,0.7855182148376,1.0000000000000,0.7702946828053,0.5745146999372,0.5468993520572,0.5342168130721,0.6898643996060,0.6631008901217,0.3610104686681,0.5926678049753,0.7049082857549,0.5375158669119,0.7169436900415,0.6386191695058,0.4500176932056,0.5974793454326,0.4867673251793,0.1441061321956,0.1318157116820,0.0640830017931,0.4969859442690,0.6840383775509,0.6806414474656,0.1590863846526,0.5709447627612,0.5545471081609,0.2753472585315,0.3403812580615,0.2375156229088,0.0906789158699,0.4309068164607,0.6669192796232,0.0767425884438,0.1464942779431,0.2814200530777,0.2749200503556,0.5004511735735,0.5518077096860,0.2707604368084,0.5915117657237,0.6600143287416,0.1559324980542,0.3720826599599,0.6286081436164,0.6981010150437,0.4864682362002,0.5266300877993,0.6140255923498,0.6776825660245,0.6949284230437,0.4901266272381,0.6361504575134,0.4057147973206,0.3524036765160,0.0867176097883,-0.1662770387459,0.2501852909715,0.4517944456209,0.5471185614261,0.5584369294766,0.2822272647510,0.3542034409151,0.6876216893137,0.5621598597603,0.0786180477930,-0.2501719116895,0.2650862838750,0.0214727853843,-0.1938733467422,0.4525420402976,0.1354415812271,0.2786025567791,-0.6108029089242,-0.6661992081981,-0.2265891494091,-0.1309422016821,0.2273337255071,0.3492221510579,-0.6651879366606,0.1315535226173,0.0613662542454,-0.1424665328970,0.0196704657483,-0.1785327340467,-0.0611262785625,0.4978875494917,0.2373880559509,0.0446638718850,0.2706883908797,-0.1227777126142
0.4914332677225,0.0362308744195,0.2533537139009,0.4909087883535,0.6422023771099,0.6500226976078,0.6204614983466,0.8460993320343,0.7099175164321,0.7801939474428,0.7389518584974,0.7702946828053,1.0000000000000,0.5123815532890,0.4698221202259,0.6212694136847,0.8041721826966,0.6316144633853,0.4125695105707,0.6118993980861,0.6966431342310,0.4981755232069,0.4397464751916,0.6410860737117,0.4615815353255,0.5312428508464,0.4581579977785,0.0942208956595,0.0680356222123,0.1255342731572,0.5321280281649,0.6666195861212,0.8003531495414,0.2344168843834,0.5657337399860,0.5474793864816,0.2088241846215,0.3542341387973,0.3001828548971,0.1295894276717,0.4850522991953,0.7709972803265,0.2037747413718,0.1958397263235,0.3722759894972,0.3581108955981,0.5614705362080,0.5463279233947,0.3553627342538,0.6512699750766,0.6221264872058,0.1336918696858,0.3090082945243,0.5819160915275,0.7605945214987,0.5430603662677,0.5433740572410,0.6611903958267,0.7017216260120,0.7409778635555,0.4484810392105,0.5733155408612,0.2207312259858,0.6095078727318,0.0721968930486,-0.1519392878178,0.3812452748878,0.5773371150591,0.5764919725720,0.5120512171617,0.2069821172958,0.0713725700238,0.6951338968427,0.5021498730115,0.0627710921869,-0.3329526268719,0.2074477566004,0.0455920564846,-0.2219279337504,0.4776252587543,0.0725609180044,0.2786400560642,-0.5143685408351,-0.5325712014389,-0.1892008781343,-0.0801149401137,0.1661105142134,0.3248877843447,-0.5968581980857,0.0991445503877,0.1374604004809,-0.0919907673599,0.0456298431642,-0.0750836347770,-0.1263321382176,0.4332008992066,0.2792105998162,0.1357730053929,0.3647753549737,-0.2033190832649
0.6764452386229,0.4588595088588,0.5696907328224,0.6257766833403,0.5681338955211,0.6525792219835,0.6220978819254,0.6164914554108,0.4725648875430,0.6624857425281,0.5260699857915,0.5745146999372,0.5123815532890,1.0000000000000,0.5942023769343,0.5132464244823,0.4672548064840,0.3848566782514,0.3575177824868,0.4801011758908,0.4877777754305,0.5035570234398,0.4063723058648,0.4767815777111,0.3861673919293,0.5662740121798,0.4196791362745,0.2567752371464,0.2971144236083,0.5043901956100,0.5303449571464,0.5876236727550,0.4682713555981,0.2427832908405,0.5575725637653,0.4934296098190,0.2901448731763,0.3727924176990,0.4005931387283,0.1912426747177,0.5505928834701,0.7119969032926,0.2902729413355,0.1933432518234,0.4754601523314,0.3591664346057,0.5224961522234,0.4496135234302,0.5159280034569,0.6453382304324,0.6731553257489,0.5047681672857,0.3131709706188,0.6183557473642,0.6183603206439,0.5686382502668,0.2450788574642,0.4082717317612,0.4447966244395,0.5166400230309,0.3050092417127,0.3280841162804,-0.2627761765301,-0.0584961178119,0.3820108347866,-0.0361921881148,0.3183004335122,0.0674887701775,0.5152151068623,0.2918387203328,-0.1100713313996,-0.0156954403705,0.4237333358236,0.3910892300434,0.0365132592727,-0.2376893477755,0.1931902090836,0.1727976066043,-0.0052291208498,0.3233085402077,-0.0385944438752,-0.1443229288540,-0.2208961503781,-0.4860193479091,-0.1249781295381,-0.0115879092514,0.1818479367045,0.4670256821683,-0.5243873135761,0.1614536620576,0.1970888352607,-0.1214834454376,0.1496905265506,-0.0351459654530,-0.3184364451054,0.4873699367021,0.4293282936560,0.0215511324407,0.2257422608119,-0.3101705879845
0.4795111203719,0.3071935619633,0.3715553308164,0.6781277358918,0.4386831743457,0.5164467267453,0.5448235915190,0.5703951814281,0.5394048917016,0.5545999430274,0.5095436837926,0.5468993520572,0.4698221202259,0.5942023769343,1.0000000000000,0.4234208145243,0.4518459233530,0.2883155579453,0.3067852628854,0.5098207388930,0.5628713762820,0.2593000995433,0.3729710277568,0.4597878797807,0.3734321552847,0.5445820136271,0.4966298274327,0.2076351994890,0.1303921006991,0.2556260538738,0.3890450806137,0.5845624203420,0.5097320610096,0.3249710159694,0.5677902219616,0.5738616590141,0.2770874758605,0.5477016733222,0.5390881659046,0.4750358134599,0.4715926050741,0.5333083561110,0.5096950055543,0.4644680542464,0.4819042404312,0.2909977974467,0.5165739326615,0.4653849816111,0.2710732265049,0.7755763447307,0.5390674215878,0.2519924741774,0.4649432957287,0.4933107321460,0.4549265126757,0.5334455751944,0.1976394565125,0.3899349180536,0.4103742145973,0.5334005212518,0.0785154489342,0.3642988959340,-0.2129237792563,-0.0386246706509,0.1520934244913,0.2178572978901,0.3354023694157,0.0378303175030,0.4172018834762,0.3530456904925,-0.0094373951390,0.0018990458989,0.3924904302911,0.2209309953952,-0.2201714958453,-0.2469310300625,0.1390926775264,0.0166036738679,-0.1254257163724,0.0919549588120,-0.0309196483176,-0.0258648064716,-0.3675655654833,-0.2512565601595,-0.1604442036626,-0.0822123696724,0.1727597842111,0.4238589327098,-0.3978743045100,0.0552290957118,0.3315267239112,0.1695463272687,0.3163134241523,0.0755850177838,-0.2735373509847,0.4963211324393,0.1568197868767,-0.0404429439000,0.1904503773440,-0.3303000371660
0.4109472683826,-0.2030208544784,0.5599106564879,0.7333323509430,0.6906664874656,0.6745901644149,0.7853206698250,0.6692572907571,0.5557426563817,0.6283492603586,0.5983709070386,0.5342168130721,0.6212694136847,0.5132464244823,0.4234208145243,1.0000000000000,0.7952000941433,0.3043260115241,0.8956000468218,0.5462543614973,0.7241162555020,0.5166283088535,0.3038728950774,0.6781289071578,0.3309513416685,0.3691945442977,0.3050507003476,-0.0312218639614,0.3569523835368,0.4765168317528,0.7584668232507,0.4784078213201,0.6058599471810,0.3302297692231,0.8504505305738,0.7976333761660,0.4094508330812,0.1171613363606,0.4511359701535,0.0774545689827,0.5876063741213,0.7143752689669,0.5258882574200,0.0467096135035,0.2456118913578,0.4308603617169,0.4846456707129,0.2992534648118,0.5698889899561,0.6510775427925,0.3342162447024,0.2554749775311,-0.0391586208848,0.5750003097411,0.6990076580139,0.6757486146657,0.0398891142080,0.2319285523761,0.6006511397205,0.5129116910099,0.2989399046032,0.5314016189668,0.0202473622974,0.1032390131367,-0.1788331271684,-0.1962954675614,0.7597433325898,0.4358069111711,0.8659580487957,0.1631611544338,0.1717518220948,0.0504576661966,0.6527346011460,0.1819231599604,0.2839374156760,-0.6136692079749,0.0452102225722,0.1304931630994,-0.0351587828264,0.6763869022798,-0.2404161638869,-0.0967079546016,-0.1036997411187,-0.2401649575634,-0.5478408978931,-0.1179298946092,0.1514925381364,0.5341131432064,-0.4324173270044,-0.2420678237408,0.2261218439818,-0.3307381717744,-0.1372642875174,0.0889966300160,-0.4049422909335,0.1502758595669,0.4450905092235,0.0278680688869,0.3622217684883,-0.1208182253143
0.3571415836522,-0.0985221811591,0.3893672532529,0.5680207889439,0.5935909194354,0.6451312054955,0.6552685313058,0.7657241568273,0.6091505001750,0.6956514617717,0.6913038599911,0.6898643996060,0.8041721826966,0.4672548064840,0.4518459233530,0.7952000941433,1.0000000000000,0.5481205830011,0.6826794034045,0.6343183433129,0.8186407853236,0.5390810372253,0.4026120919859,0.7092990763369,0.3605290732328,0.4706731908015,0.4342235739139,-0.0222965460034,0.1967900151622,0.3039577587993,0.7620057879296,0.5696005061272,0.7919819852488,0.2530905473139,0.7244495649218,0.6756753977701,0.3707886690556,0.2210786220628,0.3814116581805,0.0664297842726,0.5083395039510,0.7188801585112,0.3181400108261,0.1217316031761,0.2139058579364,0.3995073205002,0.4966054586500,0.3694812939027,0.4941144051745,0.6154506000327,0.3857474685401,0.1290134867588,0.0897792372583,0.4926202981270,0.6653278979518,0.5368669169689,0.2438300179314,0.4131614396234,0.6726895848489,0.6172055056809,0.3740048118801,0.5848987356779,0.1987346418735,0.4167975715290,-0.1476364956325,-0.2061071234004,0.5378330555589,0.7018774581243,0.7257671936984,0.3370680837406,0.3808696842040,0.1489187483291,0.7205445453619,0.3188640885616,0.2205375484535,-0.4786522615272,0.1749878010445,0.0558479998793,-0.1190585877184,0.7052337342541,-0.0795183167611,0.2288593347177,-0.2876274739417,-0.3963225181784,-0.4103291382434,-0.1398945169454,0.2268849051266,0.4117742917435,-0.5319165180286,-0.0731053503057,0.1917089800668,-0.2373807744952,-0.0339726400220,-0.0120570431032,-0.2694660102534,0.2356070015896,0.3418486209679,0.1171119535640,0.3195869950649,-0.0810345076826
0.4484915463454,0.1809032541691,-0.0104295172468,0.1102429331489,0.4760855791579,0.3866377925089,0.2339155609737,0.6466191746692,0.6764302237998,0.4819483290310,0.6356294454422,0.6631008901217,0.6316144633853,0.3848566782514,0.2883155579453,0.3043260115241,0.5481205830011,1.0000000000000,0.0116511404165,0.6784994944643,0.4478058147054,0.2963946831955,0.5438319383417,0.5480088891017,0.5789202768709,0.5877683022942,0.5174826304457,0.2717824317267,-0.0978020655013,-0.1204770059203,0.4230067661519,0.5830059984828,0.5532061197247,-0.0071521045478,0.3679815239707,0.2660436265941,0.1503754500548,0.5651163773210,0.1269995282028,0.1283604434564,0.3391421723908,0.4509813648232,-0.1521959596981,0.3102813848851,0.3986758464267,0.2275926893108,0.3644951063480,0.6227058306008,0.1805053953701,0.4235808806468,0.6215883514112,0.0725484344298,0.3487635199891,0.4325868176335,0.5698015203710,0.1999717417218,0.6829589156507,0.6350238780296,0.6136352599058,0.6297272313207,0.1875918922308,0.4947303068526,0.2980198400322,0.4340984574989,0.0245705358698,-0.2489819547550,0.0795520130284,0.5472114734268,0.1909018542509,0.7152815791667,0.1869084000206,0.1367641176326,0.6811858145232,0.6073818091615,0.0846131004129,0.0907817509325,0.4635105700681,0.1482250159211,-0.2547715463147,0.4511572261167,0.2280946901543,0.4534122381227,-0.4938379851217,-0.6021887443591,0.2245933417935,-0.0703221686543,0.2330481532766,0.1856074822393,-0.5330543021929,0.4992704315886,0.0572179815463,0.1141223288098,0.2726221246497,-0.1857966643748,0.0875195318880,0.4787452882364,0.0542277724643,0.0304174695049,0.1101979108911,-0.2379712703957
0.2026605223033,-0.3079677366822,0.5187431918999,0.6489516424020,0.5125739591438,0.5392419492027,0.6872813776078,0.5240636608615,0.4051273969694,0.5033270346432,0.4110786723200,0.3610104686681,0.4125695105707,0.3575177824868,0.3067852628854,0.8956000468218,0.6826794034045,0.0116511404165,1.0000000000000,0.3431541477866,0.5938020082306,0.4585439280574,0.1259684577922,0.5758488564349,0.1305909920023,0.1520818490943,0.1182391483603,-0.1725677775308,0.4105873218277,0.5307761339283,0.6530797057532,0.2428919063285,0.4209946440962,0.2769175254141,0.7398079382796,0.7623685509105,0.3626911362502,-0.1158688071171,0.3548944481473,-0.0389584943029,0.4658575016046,0.5564314439112,0.5141047328519,-0.1132502567674,0.0357389564210,0.3324209066857,0.3250559483968,0.0364686961572,0.5274049681392,0.4729786269428,0.0683154502464,0.1445087373170,-0.2108551269001,0.3685817696768,0.4801978090891,0.5563284736488,-0.2364842231544,0.0604410913325,0.4852387527516,0.3922277888176,0.2822896636500,0.3906320986113,-0.0077152425658,0.0038267967799,-0.2046772585527,-0.1492195880900,0.7164874393745,0.3538387893829,0.8763686728804,-0.0368282772286,0.2105859506022,0.0704491855190,0.4953441999463,-0.0039832064938,0.2825604253127,-0.6750075753340,-0.1276551295006,0.0463077815930,0.0668505101878,0.5802543598000,-0.3589883107124,-0.2292341272393,0.0725418595310,-0.0526213039545,-0.6827388804217,-0.1702000597358,0.1022023109155,0.4552810055433,-0.2973106806946,-0.4345287251169,0.1638714465109,-0.4646265629547,-0.2872826430155,0.0894962642421,-0.4714786375550,-0.0266385483146,0.4535302515488,0.0481735957242,0.3133471113492,0.0145937667548
0.4984001135442,0.1638635511760,0.3059030538082,0.4990849299003,0.5058184962276,0.5526592126282,0.4775607345372,0.7171863174623,0.7945960860376,0.5330006824825,0.6551331840635,0.5926678049753,0.6118993980861,0.4801011758908,0.5098207388930,0.5462543614973,0.6343183433129,0.6784994944643,0.3431541477866,1.0000000000000,0.6138653176970,0.3120173608062,0.5908605045316,0.6864575582254,0.7962764212722,0.7313549161513,0.7234618081632,0.1045177255474,-0.0454582138825,0.1113395995078,0.7029171550197,0.7558112758293,0.7230095996829,0.2222520527558,0.6022444957997,0.5409157437985,0.3440156667470,0.6759597286774,0.3665879965288,0.2861688882946,0.4508112301587,0.5800422734944,0.3493584177491,0.4418962771571,0.5553369583902,0.3773634695625,0.5241482787161,0.5294327830953,0.2609528382020,0.6373808420210,0.5265342303372,0.1612030188572,0.2572806989951,0.5027817058750,0.5403408776370,0.3852322779859,0.4481213214598,0.4562386699658,0.5552878107110,0.6743090133904,0.0530929366542,0.4488104992969,-0.0264964487250,0.1274782524076,-0.0460373026884,-0.1152989458944,0.4423755345819,0.3584004189050,0.4387573887006,0.6864123538699,-0.0163101809736,0.1092561410740,0.7325579466436,0.5659027007473,0.1648734065515,-0.0328691466762,0.5952443137591,0.0746020637532,-0.3241253377967,0.5386077473688,0.2270966764977,0.2828479400946,-0.3727082452623,-0.2751481471087,0.0412796961852,0.0181230289820,0.2368923715115,0.4738505908319,-0.3513436877130,0.4332865232434,0.2073925401197,0.0667279194661,0.3697310513060,-0.0407241888589,-0.0781225436339,0.4298827024663,0.0375533666181,-0.1314873178916,0.1577543101268,-0.2256842708003
0.5225088643997,0.0118853550804,0.3998481153948,0.6077918581260,0.6546706493728,0.5855778419677,0.5535198742895,0.6375427259482,0.5815737817343,0.5982827754231,0.7038910821105,0.7049082857549,0.6966431342310,0.4877777754305,0.5628713762820,0.7241162555020,0.8186407853236,0.4478058147054,0.5938020082306,0.6138653176970,1.0000000000000,0.5267715615231,0.5912600154214,0.5687436530775,0.4304047392210,0.6406436546217,0.5707512368130,0.0660965848454,0.1923197201086,0.2719850750146,0.6421876065513,0.6525013913123,0.7502332428846,0.3548309642915,0.6734418218179,0.6765866641517,0.4725285576221,0.3359147791044,0.4167392317579,0.1845651730505,0.4641517796618,0.6490000415817,0.4176742292726,0.2487967652914,0.3857921922895,0.4659167865242,0.5806326284958,0.3687935291491,0.4379237622100,0.6986283522722,0.4843675046527,0.2692899344381,0.1420110300149,0.5592833391790,0.5882498086769,0.4948841074867,0.2782431315999,0.3021225759366,0.4770228473996,0.5120316866854,0.2082665952621,0.5832082691892,0.1317899922957,0.1796782828045,-0.2211506111265,-0.2323344974312,0.4631476152055,0.4037417773758,0.6314530536467,0.3341268032965,0.3971559622135,0.2471742727430,0.5986993275683,0.3278753637697,0.2577747860286,-0.3470577859441,0.2590218349732,0.0756988939610,-0.1356854912371,0.5020749519516,-0.0392199561749,0.2445620898777,-0.3427959058964,-0.4253119012887,-0.3628376025862,0.0363711206662,0.2856473686068,0.4158803671380,-0.4543288108673,-0.0303220565648,0.2225003719386,-0.1428511887209,0.0930323569335,0.0852515644493,-0.1466089097331,0.2182493200476,0.2875096211183,-0.0099855180497,0.2148452994038,-0.1399162419144
0.4270406048811,-0.0043104279008,0.3107594891394,0.3273636244196,0.4448638828708,0.4285535306467,0.3747888438763,0.4775843219218,0.3581607133106,0.6879485238979,0.4634463988291,0.5375158669119,0.4981755232069,0.5035570234398,0.2593000995433,0.5166283088535,0.5390810372253,0.2963946831955,0.4585439280574,0.3120173608062,0.5267715615231,1.0000000000000,0.4360290202367,0.4883669808203,0.2560615210805,0.3942655272275,0.3661046718018,0.1001422971055,0.3689330016773,0.4467491269658,0.4355573436197,0.4639589106781,0.4735510201800,0.4182646772683,0.4314705220700,0.3721665818274,0.4333488874710,0.1888823515816,0.2206110843094,0.2008868767959,0.5462675058445,0.6279606698096,0.1742256775047,0.1313769378937,0.2374513377494,0.4939206016374,0.6040616122511,0.3284832195888,0.5174049928244,0.4550772958131,0.3179597240272,0.1637039287794,-0.0924443373211,0.3431806318774,0.5029849344321,0.2852343895155,0.1423337573518,0.1992601877886,0.3563731871726,0.3680225137331,0.4760100440691,0.3502303394798,0.0739456934365,0.0666012933713,0.0022496332328,-0.3164395818375,0.2029787760703,0.2133533433695,0.4878316760790,0.1312907986537,0.1074765068450,0.4560986169272,0.4410556877093,0.3078851157100,0.0612028134097,-0.3745362531532,0.1427416600781,0.1082518072117,-0.0070037779087,0.3351641306531,-0.0955869577143,-0.0858782475252,-0.0801950154184,-0.4449857974970,-0.3348507092672,0.1058662472288,0.2986527004779,0.2339992569029,-0.4928591487768,-0.0491531225814,0.0829656275400,-0.0782454708686,-0.0243471455373,0.0988244999934,-0.0364863329402,0.1998173765227,0.4781975740245,0.1070981110228,0.3067094519854,-0.1880946141664
0.6319291517168,0.2999034263463,0.2293782659770,0.3370646946540,0.5392430775930,0.3891036157965,0.2570445749972,0.3988506181437,0.5234101324797,0.4377926290195,0.6258008583758,0.7169436900415,0.4397464751916,0.4063723058648,0.3729710277568,0.3038728950774,0.4026120919859,0.5438319383417,0.1259684577922,0.5908605045316,0.5912600154214,0.4360290202367,1.0000000000000,0.3788881257933,0.5347462048373,0.7540748728113,0.6521900059609,0.1237318049340,0.0131016614913,-0.0062214224276,0.4058968814767,0.7305348193523,0.5773156560924,0.2618132068887,0.3742163483790,0.3233916030350,0.3987437250375,0.4622024955493,0.1931568842659,0.2766382610399,0.2849085544357,0.4415797876883,0.1140776724944,0.3596439753469,0.4048340052333,0.3261902469970,0.5069793903704,0.4455270286115,0.0910680640722,0.4682962882234,0.5396860898095,0.3162185374210,0.2474353977290,0.5321149072474,0.3747647502232,0.1916680451456,0.4362168257169,0.2204355418732,0.2729370888848,0.3543194696187,0.0421145461610,0.4449459888465,0.2303649648708,-0.0286475458674,-0.0600970579183,-0.2275097616805,0.0882947993785,0.1085957346361,0.2253482137811,0.4388662314571,0.0726003058997,0.5954476425922,0.4491249589538,0.4564746079463,0.1031577196283,0.1146620648427,0.5571964658312,-0.0160408498760,-0.1894161969992,0.3003908238261,0.3699219652325,0.3493019769032,-0.4326156186370,-0.4636423663433,0.0176791363198,0.2371760207455,0.3107352524740,0.2468460860132,-0.3427804940755,0.3269435340618,0.1081342657361,0.1053792362105,0.2927254773240,-0.0519839735465,0.1788867425009,0.3673332303687,0.0104791009104,-0.2265569897330,0.0533757485715,-0.1167426410993
0.3130995723980,-0.0846339983005,0.2362516604415,0.4773756817913,0.4643001955307,0.4882276467610,0.5863674495368,0.8011316258531,0.7161773742121,0.7107849951263,0.5915685478100,0.6386191695058,0.6410860737117,0.4767815777111,0.4597878797807,0.6781289071578,0.7092990763369,0.5480088891017,0.5758488564349,0.6864575582254,0.5687436530775,0.4883669808203,0.3788881257933,1.0000000000000,0.4461964581149,0.4416680859205,0.4361816698887,0.0090166793034,0.1832543712524,0.2755409740487,0.6939041604584,0.5022177092384,0.5453920179629,0.1807633243855,0.7194074068924,0.6655170891960,0.3968595139140,0.3509893604460,0.3382433230064,0.1583936819464,0.4691752314639,0.6245332384357,0.2912764304821,0.1760404316222,0.2028765238806,0.2679954566889,0.3948339651939,0.4396337437560,0.3597749459900,0.5966536728915,0.3561217487795,0.0077906988148,0.1415545581873,0.3363088415142,0.5966694893632,0.4636609190026,0.3318680272990,0.5123397254275,0.7343783370629,0.7215205677609,0.3700550316042,0.5155924268290,0.1611434711250,0.2860821585669,0.0392481303709,-0.1069718975332,0.4989869241673,0.6009060269422,0.6557285640090,0.5249369349421,0.2016874426080,0.1846408770307,0.8705620259876,0.4007689052794,0.0562617285952,-0.3931661622528,0.2088396511172,0.0114910881568,-0.1828010971793,0.6555974383045,-0.1201972379788,0.0350663922457,-0.2956124249232,-0.3125338358257,-0.3359313298483,-0.2294170904074,0.2913685706289,0.4480221077972,-0.5051780298376,0.0531195524965,0.1674551221962,-0.1059748651135,0.0104556611389,-0.1487000416757,-0.3069231614020,0.3577877291180,0.2327405109786,-0.0040110930246,0.3092495280522,-0.0806887972280
