1.0000000000000,0.6950873240208,0.7371894972289,0.6482710217676,0.7530938991947,0.4548793105173,0.5733245571235,0.1947136595401,0.0007419696889,0.2687754254651,0.2379238237630,0.2452299572504,0.0037641692438,0.4518383051350,0.0981615407391,0.0928187137500,0.1499056984142,0.2741191214211,0.1782480914929,0.1205631051126,0.1357091193940,0.2586232411871,0.1556705161772,0.2391165227498,0.0105095994157,-0.0863806179941,-0.0074260496069,0.0393227160147,-0.0773485728518,-0.0534507550984,-0.0437914814770,-0.0519481801064,-0.0168659242048,-0.1925602430226,0.2574264383707,0.0959701020086,0.1088564104241,-0.1429872525338,0.1155126678728,-0.0144820349514,0.1322245138966,0.0913573358888,-0.2348033222208,-0.1575431256745,-0.2122421591362,0.0626205213505,0.0525693958477,0.2181208467140,0.5198729939811,-0.0003576896997,0.8756393596292,0.6761966906612,0.6141284612994,0.6101966339716,0.4748808431640,0.5736902569218,0.1239331927977,0.2959240789024,0.1925452661771,0.0196355691823,0.1697998097658,0.2331975184733,0.1683357060207,-0.0364389277146,0.3195177725717,-0.0590413856062,0.1290586327660,0.1839141654956,0.1825387999665,0.1684931602822,0.0906353955927,0.1793030999173,0.2405919029846,0.1465399228239,-0.0146772768124,-0.1796461441460,0.0345723007768,0.0467934684673,-0.0803113588624,0.0367703427838,0.0265590029623,-0.0042753781717,-0.0372453827903,-0.1997441117261,-0.0344848115817,-0.0293158625694,0.0226717813234,0.1395752715538,-0.2165738097992,-0.0689506568952,0.0575502914231,-0.0054982276949,-0.1069968267445,0.0990215682521,0.0082345735453,0.2585391227521,0.4148516549019,0.1248580516411,0.1208841303524,0.0448853304042
0.6950873240208,1.0000000000000,0.6564968787914,0.4527946691182,0.4414719271090,0.3624334825866,0.4777597441505,0.0545061266833,-0.0267678532076,0.2332891058865,0.1551180725214,0.1387610543229,0.0268814752279,0.3567682390601,0.2996933271189,-0.0250866500551,-0.0037459923280,0.0393216774216,0.0380463542032,-0.0928819146282,0.0202483369697,0.1638241235540,0.1434291549857,0.0176258705076,-0.1719840622756,-0.0535210716411,-0.0919651717798,0.2952518498381,0.1543976590418,0.0579914296614,-0.0963785651559,-0.1828613225902,-0.1215068877563,-0.0204096235058,0.0533182117551,0.1487954223609,-0.0140521048541,-0.2073334837083,0.1628718053406,0.2604653315383,0.1328360609699,0.0130214011649,-0.0542352141237,-0.0734399020653,-0.1883694833944,-0.0678218338860,-0.0862616325937,0.1487047712891,0.3375926415214,0.0249939839618,0.6300246596809,0.7663498236071,0.5514550406303,0.4605949170326,0.3049082741501,0.3753903868425,0.1546487525432,0.1851909924709,-0.0214285281703,0.1181702881663,0.1755663789327,0.1411736854875,0.1631934539088,-0.0059683190093,0.4111762834861,0.1402419461901,0.0550546356889,0.0201995372354,0.0567493190354,-0.1005845739431,0.0293070009919,0.0720353828303,0.0926687946816,-0.0348973253529,0.0014873536359,-0.2880255879209,-0.0564004181333,0.1768861932915,0.2551669954597,-0.0953932616548,-0.1186134054593,-0.1019686589499,0.0460264794083,0.0488749169248,-0.1873487493073,-0.0668250275148,-0.0364255919872,0.0152870096560,-0.0361719671719,-0.1945976785905,-0.0066548187467,0.1419342226913,-0.0650536265088,-0.0595138210581,-0.0314727636828,0.1143219528214,0.4975744105432,0.1552791490260,-0.0002033150436,0.1218284521950
0.7371894972289,0.6564968787914,1.0000000000000,0.5514361345871,0.7070686510292,0.6957149147382,0.7193975530205,0.2389364062552,0.1271616999564,0.2966043979561,0.2170593922453,0.1766907397147,0.1489882201232,0.2979081268828,0.1040167236342,0.0196250623727,0.1786215919932,0.1907950486377,0.0836937985062,0.0511274021172,0.2126815816733,0.1468336185214,-0.0271269434781,0.2156942923693,0.0374527207017,-0.1519892677747,-0.0547611099007,0.0234265108335,-0.0655128866120,-0.0742915643943,-0.0498582514946,-0.0874395535168,-0.0551679618535,-0.2309411981711,0.2417604859064,0.0463369612517,0.1041119232399,-0.1875972484296,0.1042589612200,-0.0468507531478,0.0637862896793,-0.0260476744483,-0.2640045224993,-0.1980759605528,-0.2631065424945,-0.0116083344127,0.0234869351850,0.2242227893823,0.2807959357936,-0.0349759031254,0.6777176685183,0.8162072535227,0.4577646918923,0.8489994572818,0.6628577895324,0.6138571762266,0.1871467457724,0.3216135877806,0.1492152987937,0.2052386269268,0.2115085790311,0.2469010277125,0.1911619852633,0.1088047374676,0.3071664510082,-0.0607491948055,0.0295764293810,0.1563686476055,0.2077133763065,0.1247591884413,0.0750297021995,0.0476986653174,0.2938674683895,0.1576917820902,0.0089169113999,-0.1836827142308,0.0089303942014,0.0138503878501,-0.1077455210444,0.0127440961981,-0.0260185369715,-0.0348139909052,-0.0749535739550,-0.2910516493037,-0.0238392598528,-0.1315617619900,0.0106846478979,0.1249114242077,-0.2470924344694,-0.1110959933255,0.0330591665379,-0.0372882962664,-0.1231890411336,0.1048009527184,-0.0562177534170,0.2751092217299,0.1867281542416,0.0485070212039,0.0343313543842,0.0072723288644
0.6482710217676,0.4527946691182,0.5514361345871,1.0000000000000,0.6840035019325,0.4610567447642,0.6443751108159,0.4632361815920,0.2186538010994,0.1631473854011,0.2725702390242,0.2510783943171,0.0953978042646,0.4468651075396,0.2043895570531,0.3812108628236,0.4154116720629,0.5090466904803,0.6155754952136,0.4781125114068,0.2060587661009,0.2756944715811,0.1944856743187,0.4442560797368,0.1051530592786,0.2501432462722,0.2255547736004,0.0293164382003,-0.0457874175168,-0.0111351824999,0.1651186215268,0.2443457796625,0.2108720010455,0.0070713595628,0.5125082128079,0.2959260991186,0.1497167511577,0.1638082825022,0.1246570131767,0.0531607825008,0.1391220381293,0.0451042233341,-0.0119441936364,0.1068576449283,0.0413710427898,0.0813471141011,0.1270357613909,0.3178280084070,0.4837766148778,0.0534370048545,0.5973477314169,0.4489495352405,0.7519009121993,0.5758767843953,0.4589307926625,0.8076922848942,0.2648963578382,0.3937103948283,0.5130464045921,0.2117880924092,-0.0348975364726,0.2736089817652,-0.0559004814138,-0.0840497899485,0.1120389919849,-0.1117911153183,0.5038616358568,0.4052635149362,0.5447219902050,0.4125954794598,-0.0025779205657,0.1378228812567,0.3574311235366,0.1981668804870,0.0215353798873,0.1413212011675,0.2184702000764,0.0655738077461,-0.1926973606731,0.2943424187165,0.1627781685513,0.1648550536978,-0.2947116737252,-0.1717929088728,0.1608267363430,0.0573814903376,0.0382406812486,0.3826793014264,-0.2432415792713,0.1941077352439,0.1236199067193,0.1837358033876,0.1930710492647,0.0658612777190,-0.2100633685110,0.2216558290082,0.1483262046608,-0.0563150761212,-0.0545306641895,-0.1496151632998
0.7530938991947,0.4414719271090,0.7070686510292,0.6840035019325,1.0000000000000,0.7185536269074,0.6972513145216,0.4478129471714,0.2491154695545,0.3916856008664,0.4119088613639,0.3185023276088,0.1713904934382,0.4474027037634,0.1466079210186,0.1802522702489,0.3234706360461,0.4496286468603,0.3093800246451,0.3190182544303,0.2769202091674,0.3541705923762,0.1731481523686,0.4986572031668,0.1858574660425,0.1370184429852,0.1655568231884,0.0726236206175,-0.1247102636984,-0.0834503025484,0.1181903739994,0.1374804410990,0.0656587401547,-0.1215894318464,0.5238712957713,0.1662641362108,0.2401329726976,0.0316776620616,0.2027008415571,-0.0403109285545,0.1720192912955,0.0302725928704,-0.2758424090699,-0.0425625760179,-0.0966476215317,0.1376773719712,0.1431557303131,0.3933135380398,0.5272643737325,0.0148335554103,0.7740971887371,0.5548106180843,0.5594155723433,0.7768702864202,0.7672399547014,0.7196234030387,0.2737166919489,0.4328096358248,0.3809280045777,0.2131000522331,0.2559294191932,0.4496067743530,0.2186048711946,0.0986040621448,0.2785136452725,-0.1460478399498,0.1522734349026,0.3150849564810,0.3638155827983,0.3444852449064,0.1381939163951,0.2129973188174,0.4825351059442,0.2940179211618,-0.0022811109273,0.0083689257381,0.1894564780415,0.1243669407350,-0.1930530569820,0.1285076540992,0.1364991000892,0.0677683275536,-0.2729114568897,-0.3431941786562,0.1351031761921,0.0029701092457,0.1134306571747,0.3464083126276,-0.3090764552462,0.1118267781156,0.1295831923905,0.0633926842370,-0.0107489471062,0.1962246202361,-0.0400682744224,0.3955031494433,0.2845567309481,0.0861348808004,0.1037661740802,0.0385447179793
0.4548793105173,0.3624334825866,0.6957149147382,0.4610567447642,0.7185536269074,1.0000000000000,0.8024630434730,0.2996729147168,0.3011242422245,0.3826060613752,0.2844976880696,0.1584593608994,0.1453326749498,0.1510780583533,0.3004701307804,-0.0971426379505,0.1075897430361,0.2039927910867,0.1189768768179,0.0366345126102,0.2340428814246,0.1478098894258,0.0528653621673,0.3870304364124,-0.0384975239831,0.0644236705219,0.0118621466763,0.0378410508283,-0.0500354990874,-0.1994115915097,-0.0670731532173,-0.0233938217915,-0.1738547905186,-0.0922486613900,0.3846200854022,0.2956846803571,0.2500465631524,-0.1000646500683,0.3011866940442,0.1136300720146,0.0009299505618,-0.0944839268188,-0.1461421103730,-0.1349748650563,-0.2187762882423,-0.0075275425554,-0.0794476326852,0.3963904507154,0.2567655967279,-0.0168357211571,0.5789063920518,0.4123363286233,0.4054265798807,0.8632832995318,0.8925032123907,0.6721064394818,0.2270871965047,0.2835449251741,0.1659538697457,0.3652349129582,0.3015129627307,0.3220036456880,0.1933760126331,0.1089080929306,0.2648519046670,0.0940650258747,-0.0629448602209,0.1186326878445,0.2757881582291,0.0860337232174,0.1472749458463,0.0357480036742,0.4796386997613,0.1221724171649,-0.0245508820958,-0.1693059871501,0.0297016537388,-0.0431943351267,-0.0989673616331,-0.1130070026882,-0.1159292059778,-0.0983926623502,-0.2265008454354,-0.1335241186806,-0.1432170860523,-0.1489030086115,0.1396561739309,0.2137150112442,-0.1041955878821,-0.1019644033270,0.1281881993386,0.0733936159160,-0.1098216961540,-0.0410200880756,-0.1219726424042,0.3696210521765,0.1185346351517,-0.0052553975746,0.0483218923030,0.2217713198948
0.5733245571235,0.4777597441505,0.7193975530205,0.6443751108159,0.6972513145216,0.8024630434730,1.0000000000000,0.2377079650033,0.1621565476365,0.2831796558880,0.1068613807213,0.0204742496254,-0.0321571720742,0.2104392929967,0.1981463275690,-0.0358205033317,0.0502701243654,0.2143712287429,0.1803450836737,0.0222565558073,0.0910633100395,0.0282704369491,-0.0755572051365,0.2533992590638,-0.1586993138102,0.0041121416754,-0.1462883498871,-0.0081572925199,-0.1146978039553,-0.2029143901932,-0.0791879913715,-0.0606359732281,-0.2536344028114,-0.1252781126337,0.4139608224863,0.3861950758435,0.0950631319455,-0.1238339210159,0.2479077653639,0.0339604963302,-0.0727674123909,-0.1120511586292,-0.1808713298398,-0.1706184962817,-0.2420625953843,-0.1580086390229,-0.1589746509811,0.1957953603681,0.1825362142220,-0.1166307936414,0.6925107318195,0.4619957960639,0.5914328595560,0.8249776591084,0.7496011082710,0.8553000921957,0.2201551554569,0.3002725941991,0.1948517406653,0.2572972990484,0.2301964176350,0.1340936367017,0.1460085939769,0.0061788213233,0.3032622491759,0.0605412410182,0.0196591641343,0.1660987263290,0.2669920492058,0.0725956135475,0.2107758369502,-0.1006299294910,0.3713395082100,0.0262244427515,0.0542601353647,-0.2013367716235,-0.1160060739475,-0.0776485332458,-0.0341512642262,-0.0673811065792,-0.1806766765847,-0.1479565343925,-0.1793089875914,-0.0460086858903,-0.1964352149386,-0.1861333254284,-0.0007183747714,0.1597813246320,-0.0893200794849,-0.1558861883255,0.1034507696467,-0.0278421194235,-0.1234621601300,-0.1397802282604,-0.2108225779962,0.1941872015288,0.1619453851837,-0.0624382977745,0.0089608800439,0.1615882570070
0.1947136595401,0.0545061266833,0.2389364062552,0.4632361815920,0.4478129471714,0.2996729147168,0.2377079650033,1.0000000000000,0.6480805057432,0.3230611717946,0.3913469544709,0.5297197390156,0.4535733315430,0.2742577959947,0.0587792706665,0.3796132523065,0.6811759984752,0.7334382867942,0.6340727283418,0.7918132270194,0.3720233284713,0.3323072411813,0.2186821151530,0.7179748432925,0.6068451445235,0.4203803874971,0.4709355884208,0.1204438012383,0.0333152100077,0.0682199065954,0.2800270997284,0.3167381114810,0.4371406110352,0.1170961646775,0.5356431146294,0.0415167453139,0.3951486571557,0.4199353455165,0.2135729060635,-0.0319539844816,0.3007795370208,0.1168644686306,-0.1191001246506,0.4019403732193,0.3033561323580,0.3092277872029,0.4163884092040,0.3311222164905,0.2555238815362,0.2341222282432,0.1477221388155,0.1637465951530,0.1292931271399,0.2960393157351,0.2997219690448,0.4027514997021,0.5919614277491,0.7012178685116,0.7104217286150,0.5254594852869,0.1495180090517,0.4420826813718,0.1689633848049,0.2575775022909,-0.0598669602259,-0.2922387116868,0.3533321486751,0.5591076051359,0.5609169834715,0.7175120548127,0.0373647371782,0.3175035814792,0.5790707360185,0.6337467594572,0.0129581503956,0.4109560784861,0.5229698161133,0.2389046899981,-0.2160681189458,0.3530218211395,0.3346157791948,0.4489466492093,-0.3319719501960,-0.4712962818763,0.5082079713884,0.2169083133135,0.2816793357345,0.5205831143653,-0.3286601553063,0.5232658282607,0.2565633912612,0.2609296875551,0.4708317223543,0.3964554753523,0.1606424171645,0.3136861892250,-0.0931946326282,0.0201305341954,0.0926154241468,-0.1246555360347
0.0007419696889,-0.0267678532076,0.1271616999564,0.2186538010994,0.2491154695545,0.3011242422245,0.1621565476365,0.6480805057432,1.0000000000000,0.2414856098942,0.3645806743930,0.3513269422329,0.4928267945877,0.0555218287815,0.1505779136911,0.2038210443149,0.3688612578688,0.3685684259031,0.4625889683202,0.5017972684640,0.3266930738739,0.2390620832577,0.1314725341332,0.6994210931009,0.5949354899977,0.4323619017312,0.4930151399759,0.1750404717645,0.0886711468180,0.0209960329741,0.1170004019499,0.2466156330941,0.2958568394544,0.1676580838680,0.2969790789968,0.1604058903664,0.3778960422322,0.2939683069267,0.2632926569581,0.1781581977680,0.1540639840395,0.0272250704513,-0.0437367552247,0.3364084475811,0.2230847091149,0.2000676460782,0.2655602232031,0.2749359155224,0.1184466529569,0.1640102815392,0.0174978610014,-0.0015811256123,0.0261840897966,0.2403701685934,0.3034346638837,0.2460408415907,0.4658214317449,0.4257376144176,0.5698099009724,0.8291960517403,0.1634260546400,0.3549556613680,0.1471317261315,0.3754307766196,-0.0843539663529,-0.1179039653335,0.2176503641002,0.3069532971587,0.5599914224145,0.5813980803170,0.0945543311321,0.1763165889171,0.6852359439689,0.6333153342108,-0.0254381572387,0.3611521164319,0.4604515619918,0.1602007710378,-0.0780900368926,0.2200640693346,0.1712346546999,0.3482864807627,-0.3262417515107,-0.2704494501489,0.2768128210741,0.1169433043456,0.2890736847883,0.3953501568425,-0.1805955623323,0.2804669228336,0.1732313583216,0.2793126401482,0.3121342538068,0.2227499364584,0.0748983856507,0.2144063608813,-0.1196466677653,-0.0605755028617,-0.0374504142708,0.0124435066284
0.2687754254651,0.2332891058865,0.2966043979561,0.1631473854011,0.3916856008664,0.3826060613752,0.2831796558880,0.3230611717946,0.2414856098942,1.0000000000000,0.4670591169816,0.5174939987790,0.2881955368137,0.1751709527095,0.2567590290942,-0.1295075410739,0.1883993893154,0.2066279807547,0.0689105033066,-0.0022880527142,0.4920736212420,0.4778843709563,0.3091093918084,0.3481314737179,0.0973104874481,0.0225591489635,0.1633048315567,0.1491961644415,-0.0819437170192,-0.0972363617533,0.0700365391311,0.0086170865596,0.0641889262804,0.0497663750472,0.1127857073036,-0.0331196578996,0.3025660527962,-0.2316407167229,0.2108074812563,0.1565672788622,0.4052822895935,0.4357553357653,-0.0822835410434,0.0173295431061,-0.1112308370044,0.2832117467002,0.2125376915313,0.1749056060532,0.1316653498078,0.3643019812459,0.3074161448504,0.1840603372428,0.1128244432239,0.3409552461010,0.3467645545616,0.2509604882664,0.3514735584564,0.3281892173648,0.1326404087216,0.2746527824297,0.7963666539559,0.4227278862372,0.3676243170562,0.2025235897136,0.2163589528981,-0.0831212647088,-0.0664916423251,0.1569632034545,0.1440870495737,0.0518872680160,0.1716438784808,0.3563387685416,0.3385066673792,0.2135572866267,0.0185245378010,-0.1283333728745,0.1300083212740,0.0913243504670,-0.0223108575349,-0.1103775484321,-0.0057505600124,0.0988616315053,-0.0375703447354,-0.1843662183926,-0.0733576336789,-0.0190724399331,0.1101367719893,0.0165004800878,-0.1119322508143,-0.1657975627982,0.0459648771800,0.1807232035994,0.0223086576265,0.2449913018618,0.1683254589325,0.0777931852204,0.0742240128049,0.2866620687845,0.5656145943140,0.2266998502842
0.2379238237630,0.1551180725214,0.2170593922453,0.2725702390242,0.4119088613639,0.2844976880696,0.1068613807213,0.3913469544709,0.3645806743930,0.4670591169816,1.0000000000000,0.6163294513203,0.4925082133426,0.1992448224702,0.2351231045771,0.2081779987883,0.3186024526986,0.3215189836137,0.2167004811355,0.2538880121508,0.4185195791247,0.5396340534298,0.4639038549010,0.5319227963442,0.3302225307672,0.3130460295983,0.5494311668866,0.2333144069808,0.1884592552021,0.1120031231918,0.2854571248875,0.2759644215484,0.3426433111441,0.1689221494252,0.3086983655885,-0.1028447344254,0.4834437656146,0.0988272493211,0.2961493166516,0.2678121606951,0.3555371503223,0.2414365090802,0.1201611266070,0.2129090978729,0.2051980911755,0.4329807321066,0.3726651344269,0.5384304101648,0.3951846286239,0.3532913015135,0.1641767418446,0.2334446058142,0.1759589655155,0.2460319843091,0.3195391963434,0.1533506514247,0.2738402674013,0.2692968635618,0.2815865527898,0.3002972755808,0.3491911690209,0.7565303580375,0.3678287649260,0.3058987359616,-0.0127933558001,-0.0161845011821,0.1518121870786,0.1765733962134,0.2181710841835,0.2346401812339,0.0574355897629,0.4542347914229,0.4410665898809,0.3546466084321,-0.0824510500769,0.2088237436438,0.5038931603227,0.2804811936864,-0.0709135692766,0.1038432872184,0.2969489975773,0.2592576277258,-0.1421613747572,-0.1693802740118,0.2280922125391,0.2420878053564,0.3947197631870,0.3143546062909,-0.0359018284730,0.2161111242214,0.2313238338495,0.3803495686294,0.1830746728826,0.3920936602298,0.1483991561605,0.3645881200177,0.1203239464813,0.2224449352529,0.2361261970234,0.0856249989143
0.2452299572504,0.1387610543229,0.1766907397147,0.2510783943171,0.3185023276088,0.1584593608994,0.0204742496254,0.5297197390156,0.3513269422329,0.5174939987790,0.6163294513203,1.0000000000000,0.5908518249315,0.2319353566237,0.1435886362260,0.2237839869402,0.5575667087715,0.4980242298409,0.3677624208365,0.3959005710097,0.5401625451462,0.6740035536530,0.6715415694087,0.5602094555667,0.4076003336072,0.3181012224107,0.5344442104384,0.2285078474604,0.0984641540738,0.0613479416069,0.3142242364375,0.3081335009984,0.4728505021624,0.1937239653521,0.2793327209507,-0.0652042009897,0.4137398841001,0.1039528416219,0.1986911992883,0.2064749512887,0.3933332975588,0.3081909987243,0.0957674158977,0.2488343525739,0.2480398813002,0.4872652552669,0.4739407354403,0.3570021174414,0.3126472597064,0.3864184920232,0.1079795600930,0.1451739665597,0.0155912982801,0.0989124376185,0.1433050658831,0.0665986841717,0.4101650009769,0.3477698440799,0.3583442500892,0.3120636550732,0.3920855225697,0.5687211298523,0.5245201407242,0.4000410988983,-0.0568675476094,-0.1091173564097,0.2266026310026,0.3862238522679,0.3087104136385,0.3341020573596,0.1771748597665,0.7385037321174,0.4158957710375,0.4986311170471,0.1405502855105,0.2590625883927,0.5304699447176,0.2963050773538,-0.1194980084501,0.2169385931847,0.4061714556079,0.4775297683960,-0.1463242946891,-0.2064089078815,0.3300410670753,0.3579737196646,0.3742142166663,0.3538133007588,-0.0711062698839,0.3190998988233,0.2122441253970,0.3935788366987,0.2727872369607,0.4611373584423,0.3248194746974,0.2692829363051,0.0064223289842,0.1826008745090,0.2321452140516,0.0421128288373
0.0037641692438,0.0268814752279,0.1489882201232,0.0953978042646,0.1713904934382,0.1453326749498,-0.0321571720742,0.4535733315430,0.4928267945877,0.2881955368137,0.4925082133426,0.5908518249315,1.0000000000000,0.0436112542779,0.0624281722811,0.2373411634278,0.3723332936406,0.2134951510490,0.1495676050730,0.2911604323042,0.3409935187816,0.3702693156640,0.2809827324915,0.4305157190660,0.5089499405062,0.2620424524456,0.4687102306741,0.2696054456812,0.0387275134315,0.2074914664628,0.2307899949926,0.2779847792803,0.4858124510284,0.3458874478998,0.2084046117175,-0.2181113461769,0.3192645444294,0.2093461916628,0.1387075839511,0.2134314677047,0.2853945623343,0.3282390139583,0.1023851726567,0.3714097925886,0.3398959650735,0.4603416655448,0.5251563902195,0.2977034016701,0.1464644576678,0.3650036234078,-0.0816181608598,0.1217183135317,-0.1056736440620,0.1368650718660,0.2238753941229,0.0460909482125,0.5456692980631,0.3646714734036,0.2711069446228,0.5183092384657,0.2821638346997,0.5111292455918,0.4339015768556,0.8570578056430,-0.1405824575700,-0.1580758103368,0.1504898564135,0.2473142747814,0.2145517273599,0.2849384017216,-0.0084848645851,0.3483663859854,0.3944312489890,0.4825832542305,-0.0133045820929,0.3297806020082,0.4696809484370,0.3347861109016,-0.1294121328830,0.1500880090776,0.2977305622230,0.3694792157659,-0.0592994432077,-0.2828182757740,0.3744497694899,0.3470341171048,0.2123220300739,0.2695162324353,-0.1344993078139,0.3191600131414,0.1582799239097,0.3356693275863,0.3533617316560,0.4591270330009,0.3205418716159,0.2093529342012,-0.1269241372128,0.0680935955441,0.1278338409690,-0.0490473708287
0.4518383051350,0.3567682390601,0.2979081268828,0.4468651075396,0.4474027037634,0.1510780583533,0.2104392929967,0.2742577959947,0.0555218287815,0.1751709527095,0.1992448224702,0.2319353566237,0.0436112542779,1.0000000000000,0.1515700722705,0.4390117754552,0.4115867036044,0.4790247789417,0.3961786060903,0.3480015366941,0.3380023478135,0.3382048330398,0.3021796115669,0.3026728222978,0.1640092601867,0.0715141174580,0.2749774073016,0.1857791379167,0.0217448971604,0.3690853276343,0.4175266124786,0.3762313773865,0.3900620606124,-0.0085713660460,0.2763841925900,0.1362122133043,0.0573397834736,0.0415162991156,-0.0115805925487,0.0109632769743,0.3045607066449,0.1840896068992,-0.0628572345322,0.0443407661003,0.0964804693225,0.2257071692792,0.3453937495449,0.1836991045129,0.4381392904421,0.1397179955540,0.4207314468536,0.2885353624675,0.4468007582144,0.2380656133525,0.1075895888613,0.3181407046429,0.1283365207212,0.3715981890585,0.4216204181591,0.0100160635974,0.0723023584674,0.3034196095958,0.0307358138157,-0.0818354068072,0.5870989103487,-0.1533006233445,0.4676171167489,0.4981033445291,0.4307206254540,0.3611503229420,0.2397225127639,0.2611764577210,0.1970575872788,0.1490262672467,0.3533264732905,0.0680356343039,0.1777477848839,0.1733796838569,-0.0010972947101,0.5238234774877,0.3408670840769,0.2891905549993,0.0016609900039,-0.1710083589468,0.3186265365301,0.0489876377315,-0.0354169889739,0.2078499124238,-0.2564674798551,0.1215255950820,-0.1029088807548,0.0389360167712,0.0416414584106,0.2264723895432,-0.0467649732569,0.0284889363071,0.3381441652629,0.0833679337500,0.0312654945235,-0.2070069059102
0.0981615407391,0.2996933271189,0.1040167236342,0.2043895570531,0.1466079210186,0.3004701307804,0.1981463275690,0.0587792706665,0.1505779136911,0.2567590290942,0.2351231045771,0.1435886362260,0.0624281722811,0.1515700722705,1.0000000000000,-0.1684683390439,-0.0394163799772,-0.0267407742484,0.1179900292565,-0.0832007206552,0.2308781809354,0.1734029947906,0.2526263213866,0.1697406185531,-0.0499646503883,0.2680243060899,0.1398160898512,0.3335365107167,0.2307599716236,0.1221231989878,-0.0580798148660,-0.1018690818031,-0.0662446563537,0.2829013006094,0.0659729749103,0.2608732836688,0.0525528137626,-0.0135931286871,0.4694280027467,0.5646034745424,0.2836781515265,0.1591535667217,0.4069584407379,0.2120077774961,0.0673082364180,0.1199464244720,0.0761155049392,0.2481797049689,0.2466962617947,0.4515950945127,0.1189936344024,0.1064493284013,0.2706316004862,0.1421985874864,0.2649944452701,0.1661336213001,0.1092036197195,0.0544287440623,0.1027428320739,0.2519153746671,0.0398113647961,0.1989225720870,-0.2097713594220,-0.1329134974907,0.2543502107446,0.5308046151677,0.0395228442681,-0.1158572919860,0.1920565666680,-0.1505341659645,-0.1156365769391,-0.0379897344406,0.1719263864762,-0.0799051156679,-0.1045596309690,-0.1395822791185,0.1028768521085,0.2025764029524,0.2867171825990,-0.1724909950682,-0.2457627835466,-0.1444832721318,0.1423671174411,0.1991850654517,-0.1579233224846,0.1124831657047,0.0502447164694,0.1622999802103,0.3199844208030,-0.0081652905621,0.3257320063099,0.5184843261626,0.2359649044578,0.0207594832638,0.0535863964060,0.1336949701515,0.2647139892147,0.1648547510256,0.1269195665035,0.4444542761299
0.0928187137500,-0.0250866500551,0.0196250623727,0.3812108628236,0.1802522702489,-0.0971426379505,-0.0358205033317,0.3796132523065,0.2038210443149,-0.1295075410739,0.2081779987883,0.2237839869402,0.2373411634278,0.4390117754552,-0.1684683390439,1.0000000000000,0.5106439827455,0.5293754481747,0.5767563351161,0.6912496248817,0.0885135114942,0.2014499447783,0.2790574778586,0.3508422138748,0.4772308089944,0.2730467336706,0.4657096230666,0.0827496054986,0.0947455134033,0.4127763673523,0.7582714894781,0.6495311497480,0.6746945189512,0.2344517730433,0.6186880345058,0.2091492329050,0.1943022986276,0.5149069377983,0.1479780210965,-0.0774074714059,0.2296062317828,0.2260037850935,0.2280043590033,0.3224537261818,0.5309852081076,0.3772212918999,0.4962607389733,0.3635580003504,0.3365550288170,0.2194781672337,-0.0467992165916,0.0573243361519,0.2330581436528,-0.0498419880948,-0.0881656429073,0.1578384424426,0.1204708827496,0.3099430329503,0.4598108960928,0.0492036626502,-0.1638947444481,0.2311361789977,-0.0287446212528,0.0815527250694,-0.0473357535044,-0.2509850752681,0.7855066450366,0.4529239684964,0.4520003064779,0.5607247820238,-0.1093498447428,0.2035082912295,0.1533123488549,0.2839381327308,0.3468749986628,0.5186571601803,0.4475150600938,0.2154048712253,-0.1575613098477,0.7482777673542,0.5569292130240,0.4158236058116,-0.0377818941069,-0.0579834129889,0.6782217296076,0.3197398920218,0.1182696267043,0.5997520275624,-0.1294553897639,0.4939653526001,0.1710830105453,0.1107476823627,0.2462279807900,0.2970499467812,-0.0130043247089,0.1586255898268,-0.0631028489574,-0.0753012839178,-0.0244137333309,-0.3498908264201
0.1499056984142,-0.0037459923280,0.1786215919932,0.4154116720629,0.3234706360461,0.1075897430361,0.0502701243654,0.6811759984752,0.3688612578688,0.1883993893154,0.3186024526986,0.5575667087715,0.3723332936406,0.4115867036044,-0.0394163799772,0.5106439827455,1.0000000000000,0.8055658537529,0.6616207429311,0.7401197698613,0.4886307606090,0.3699330080475,0.2733629111640,0.5152881623974,0.5097295986615,0.2691279664915,0.5090447651252,-0.0337178647351,-0.1083032354308,0.0337862699796,0.4936306031662,0.4583346071884,0.7064967469678,0.0156197440224,0.3435359191608,-0.0342548418873,0.2019621970796,0.3175358766010,0.0153757829127,-0.1014533553220,0.2527548920418,0.2234972744203,-0.0221512731679,0.3019699005125,0.3125207722989,0.3041363870695,0.4279538975814,0.2256275146878,0.1920020792673,0.2610711666993,0.0234066931386,0.0916173449815,0.0834862377458,0.1253051502286,0.1100590202618,0.2146555706508,0.2843971660288,0.4675422278224,0.5895150056507,0.2124415931287,0.0668912632071,0.3379212245455,0.1246268400891,0.1789762181130,-0.0937375354426,-0.3038653212256,0.4689689648736,0.7770247709390,0.4840119627877,0.6467787610888,0.1492522709479,0.3652745911056,0.2934489926524,0.4483371586167,0.2361768065007,0.4278559379543,0.4334074626986,0.1141574428803,-0.3452881893632,0.6221827665315,0.4777521486316,0.6749198606765,-0.3330614720340,-0.4064938990481,0.5419149229504,0.1315663498137,0.0511006294085,0.3544501140867,-0.2831279136898,0.4508636370209,0.1196409754746,0.1411611465979,0.3182010141682,0.3232653436403,0.0947981473693,0.1428299593396,-0.2071443541911,-0.0287755300672,0.1029928930609,-0.2520968805846
0.2741191214211,0.0393216774216,0.1907950486377,0.5090466904803,0.4496286468603,0.2039927910867,0.2143712287429,0.7334382867942,0.3685684259031,0.2066279807547,0.3215189836137,0.4980242298409,0.2134951510490,0.4790247789417,-0.0267407742484,0.5293754481747,0.8055658537529,1.0000000000000,0.6870348226673,0.7647850121768,0.3358336738948,0.3790538832527,0.3415972330156,0.6180168367024,0.4677798047307,0.3210987608539,0.4571782902148,0.0148484105709,-0.1009581011264,0.0026022928887,0.4851725879003,0.4064660645494,0.5277133336937,-0.0073525508377,0.5073521226164,0.1207768393351,0.2551782604847,0.3400506101448,0.1771885442403,-0.0836189123425,0.2661604870265,0.1755855641687,-0.1295387699357,0.2519012852278,0.2629463505723,0.2805469534327,0.3401676678584,0.2991968692207,0.2883307981681,0.2006085086998,0.2374794454746,0.0774450296473,0.2934054703991,0.2199151739149,0.1854889852639,0.3513131423129,0.3419270480448,0.5420399811542,0.6832699974584,0.1620962977405,0.1132089420166,0.3830952116310,0.1283868454566,0.0959424076399,0.0479113184115,-0.2199796848782,0.4437926858094,0.7967017480035,0.4810942052207,0.7439308524729,0.2432855871640,0.3495047771479,0.4302053584602,0.4884943857903,0.2052122781904,0.3602210138986,0.4286648408900,0.1272042184117,-0.2375310432782,0.6101146138023,0.3972437341539,0.5566639516367,-0.3331103692213,-0.3165973921785,0.4802813527200,0.1145149118805,0.1530045238718,0.4354993588071,-0.2069611927269,0.4280952162482,0.2216217052962,0.1375755014393,0.2498634114018,0.3040981746853,0.0953424287873,0.2459003927514,-0.0409787087002,0.0176978895375,0.1323884084941,-0.1193380391078
0.1782480914929,0.0380463542032,0.0836937985062,0.6155754952136,0.3093800246451,0.1189768768179,0.1803450836737,0.6340727283418,0.4625889683202,0.0689105033066,0.2167004811355,0.3677624208365,0.1495676050730,0.3961786060903,0.1179900292565,0.5767563351161,0.6616207429311,0.6870348226673,1.0000000000000,0.7757999875915,0.2401087792227,0.3527926040117,0.3157231357879,0.5992159345208,0.3853946708597,0.4118253652425,0.4081729035251,0.1201954010087,0.1181350858495,0.1354423594543,0.3888058193233,0.3881710254233,0.4932239332747,0.1679383156810,0.4792091165866,0.3616258031973,0.1793008469320,0.3523745614021,0.1708342268647,0.0831563750363,0.3067139245443,0.1814720685261,0.1591651950929,0.3520675425244,0.3147976011467,0.2823340785811,0.3312244582885,0.2839959073780,0.3521171329248,0.2295753121219,0.1069923313038,-0.0027389489749,0.3370793548629,0.1072065934455,0.1092041394289,0.4175221656820,0.2715270013296,0.4419612875606,0.7307833707134,0.3676497998248,-0.0871862494636,0.2166716009944,-0.0721560972205,-0.0519058548455,-0.0488731267979,-0.0937219207802,0.7096577621410,0.5803046227966,0.7639317156726,0.6247427478807,0.0627562073420,0.2583219587791,0.3745857703807,0.3130393736373,0.2105927113625,0.3758443436359,0.3941937429385,0.1979572170112,-0.1188576806329,0.5483761233616,0.3409388225771,0.4582639627508,-0.2614019960292,-0.0716293182491,0.3900814450190,0.2234270939407,0.1169243379662,0.5053441527756,-0.1020258059473,0.4417002605523,0.2275956130521,0.3314303847326,0.4007072602842,0.2216794484090,-0.0127637223658,0.1403237579021,-0.0167842657330,0.0049364666284,0.0392839275437,-0.1542676424454
0.1205631051126,-0.0928819146282,0.0511274021172,0.4781125114068,0.3190182544303,0.0366345126102,0.0222565558073,0.7918132270194,0.5017972684640,-0.0022880527142,0.2538880121508,0.3959005710097,0.2911604323042,0.3480015366941,-0.0832007206552,0.6912496248817,0.7401197698613,0.7647850121768,0.7757999875915,1.0000000000000,0.2542051075170,0.2868426661373,0.2461533735853,0.6450453535977,0.6911937746705,0.4782952329716,0.5800527190362,0.0495995934273,0.0026534442783,0.1677129886190,0.4870467941038,0.5234017693387,0.6662193978097,0.1317156877880,0.5796304748509,0.1399321505057,0.3212646475875,0.6391815358204,0.1371742306695,-0.1079381434404,0.2576005358486,0.1200549739697,-0.0127045444602,0.4724083417195,0.5190189456708,0.3661579174433,0.4725401254338,0.3209871626468,0.3179119677216,0.2270783068735,0.0186873771093,0.0446302402287,0.1447909972116,0.0616492091884,0.0665747124408,0.2818049975029,0.3578920212620,0.5466423707501,0.7107621728746,0.3055329719713,-0.1381615238432,0.3094319020898,-0.0421006098600,0.1063736042711,-0.1547338312731,-0.3239964423384,0.6261115808772,0.6127163423443,0.6188243180290,0.8461178450438,-0.0399899186913,0.2989356545345,0.4232864577419,0.5774262698229,0.1285840210916,0.6276043492064,0.5940133251852,0.2289262619558,-0.3270591045126,0.6100750915067,0.5192750420786,0.5660290951335,-0.3472980730755,-0.3790787231985,0.7231806107637,0.3047870439574,0.2261679754351,0.6392450287708,-0.2701883998799,0.7161904528248,0.2359027921653,0.2214032586927,0.5028414625415,0.3917566511139,0.1255234123175,0.2614646189442,-0.1524576154171,-0.0818319379454,-0.0126556981812,-0.2564400314397
0.1357091193940,0.0202483369697,0.2126815816733,0.2060587661009,0.2769202091674,0.2340428814246,0.0910633100395,0.3720233284713,0.3266930738739,0.4920736212420,0.4185195791247,0.5401625451462,0.3409935187816,0.3380023478135,0.2308781809354,0.0885135114942,0.4886307606090,0.3358336738948,0.2401087792227,0.2542051075170,1.0000000000000,0.4278759348207,0.3249008061407,0.4917802344404,0.2726764066175,0.2789979033701,0.4656757743429,0.0247498346503,-0.0378027288598,0.0121073394520,0.3081440136304,0.2845700850471,0.3569476246138,-0.0481062341133,0.1492480397092,0.0590028881272,0.3871444852054,-0.0886615781592,-0.0248710531385,0.0362333582038,0.2001509164226,0.1249978567084,0.0750987753948,0.0157727769095,0.0639832081090,0.2471252105290,0.2846608325719,0.1303628330217,0.1474096183367,0.2649329958873,0.1004440012255,0.0806738402752,-0.0039761259015,0.2161084996314,0.2012529639802,0.1411161623722,0.2745187744795,0.2110843348785,0.2498456159878,0.2625762432512,0.2925305235241,0.4139560275042,0.0972277529575,0.1278297468932,0.0655464742280,-0.1370552195632,0.1611911380818,0.2949529906736,0.3631105438410,0.2433840641487,0.2631328376551,0.4083885668705,0.3443618533472,0.4270492511192,0.2637925176167,0.1922671670994,0.3685846733837,0.0429263954916,-0.1878464036408,0.2275740244399,0.1807282294431,0.3116937601080,-0.1738688728820,-0.2834718877021,0.1932073694535,0.0552769218757,0.2318728079397,0.2681187105415,-0.1922617182225,0.0780965920123,-0.0238111557885,0.1656774153265,0.1059975102743,0.2592031791478,0.0455247343190,0.1143554248859,-0.1555616497260,0.0196374935092,0.0873686956375,-0.0693778882598
0.2586232411871,0.1638241235540,0.1468336185214,0.2756944715811,0.3541705923762,0.1478098894258,0.0282704369491,0.3323072411813,0.2390620832577,0.4778843709563,0.5396340534298,0.6740035536530,0.3702693156640,0.3382048330398,0.1734029947906,0.2014499447783,0.3699330080475,0.3790538832527,0.3527926040117,0.2868426661373,0.4278759348207,1.0000000000000,0.6155825833004,0.4703237304153,0.2803069515328,0.3129668561204,0.4727558093436,0.3863181943924,-0.0063954655390,0.2036742077280,0.3030303330438,0.2982832447561,0.3605848277494,0.2870746418111,0.2494216533588,-0.0426258130446,0.3856269218271,0.0934654529828,0.1977395706684,0.3116314372118,0.5131903059348,0.2549082769395,0.1051938312563,0.2537517003463,0.2345173151690,0.5820324608274,0.4874080489614,0.3666793488323,0.5167023256407,0.2941688812489,0.1871764441384,0.1079951948985,0.1409316909010,0.1356173315906,0.1821389422559,0.0999220199291,0.2620748174588,0.1936301407300,0.2821238419364,0.1812168191155,0.3793493769356,0.4476752433290,0.3366503323434,0.2159626020567,-0.0010614802994,-0.0111636085813,0.2411155675160,0.2630607557632,0.2789654943012,0.2409305693557,0.2026113655355,0.6907673778491,0.3170626091593,0.3362805451151,0.1705839814690,0.2409822045624,0.4858889929031,0.3991359970362,-0.0438229747388,0.1963762118528,0.3911641445285,0.3455009657065,0.0051748802068,-0.0940666748357,0.3052798634939,0.4313471155591,0.3453019786262,0.3135699689320,-0.0108482674036,0.2791961151957,0.2108232391762,0.4687013041486,0.2861256882224,0.5536815867449,0.3834390426124,0.2741423015834,0.2502999925889,0.3601543425466,0.2122494495627,0.0690682752287
0.1556705161772,0.1434291549857,-0.0271269434781,0.1944856743187,0.1731481523686,0.0528653621673,-0.0755572051365,0.2186821151530,0.1314725341332,0.3091093918084,0.4639038549010,0.6715415694087,0.2809827324915,0.3021796115669,0.2526263213866,0.2790574778586,0.2733629111640,0.3415972330156,0.3157231357879,0.2461533735853,0.3249008061407,0.6155825833004,1.0000000000000,0.3775553607523,0.2042200550325,0.4476417946303,0.5451756230153,0.1988439264383,0.1868894865242,0.1282650756792,0.4159477378512,0.4322012518164,0.4189736236044,0.3549752043324,0.1876252660301,0.1230394871597,0.3592533325906,0.1017708299058,0.2420501837806,0.4012793921069,0.2832075609156,0.3009508349763,0.3353816114091,0.2580514429922,0.2992091636355,0.5571493619036,0.4136306545411,0.3329484631647,0.3622651174180,0.3983104807394,0.0673600154062,-0.0219328054911,0.1435664382609,-0.0347736576213,0.0051182505033,-0.0167411545602,0.1729063380722,0.0889568565529,0.2200331488313,0.1381619013825,0.1948902401894,0.3847131879786,0.2499990876884,0.1205787729290,0.1078260633951,0.1494488495275,0.3035596707414,0.2016505500144,0.2159206176228,0.1526756546200,0.1391876514323,0.7303788453235,0.2444995332834,0.2592329828506,0.2781065343225,0.2052847242062,0.5173607055437,0.1767923865346,0.0602530474255,0.2490402874429,0.4355926952991,0.3545375678873,0.0235475702804,0.2063092452920,0.2014800317198,0.3960743259855,0.3920161673531,0.2738055169573,0.2071820997505,0.2102802920024,0.1712317754455,0.4623484157891,0.2055467206926,0.2438401533931,0.2579231384336,0.1179418100642,0.2282964132328,0.1178787913164,0.1924017643060,0.1699808806126
0.2391165227498,0.0176258705076,0.2156942923693,0.4442560797368,0.4986572031668,0.3870304364124,0.2533992590638,0.7179748432925,0.6994210931009,0.3481314737179,0.5319227963442,0.5602094555667,0.4305157190660,0.3026728222978,0.1697406185531,0.3508422138748,0.5152881623974,0.6180168367024,0.5992159345208,0.6450453535977,0.4917802344404,0.4703237304153,0.3775553607523,1.0000000000000,0.5770134081532,0.4755056034473,0.6073552330327,0.2384409859313,0.0844096130345,0.0944394810653,0.3336124956017,0.3380925244300,0.4024491212392,0.1543266816093,0.5626578255450,0.2004351275768,0.5984765368302,0.3446754039040,0.3888663389542,0.1409930402542,0.3200757602370,0.1138452390679,-0.0354298175726,0.3120793139643,0.2467535465933,0.4096816261556,0.4160477980879,0.4993155741754,0.4249683587890,0.2625235521246,0.2296401766091,0.1061884708592,0.2524318075308,0.3164378891759,0.3823929243830,0.3964454228411,0.4707188315775,0.4934134187487,0.6044934735845,0.5396440943687,0.2063813836721,0.5882335730021,0.2146140728174,0.2419450533932,0.0156280272268,-0.1262897259372,0.3241732082341,0.4351573932784,0.5943213985068,0.6523451448056,0.1921806092671,0.4511367104605,0.7938988485998,0.6513030933972,0.0462871955235,0.3655365648167,0.5993522036832,0.3060128370025,-0.1692945719393,0.3406270148286,0.2897005315044,0.3677552429831,-0.3277541573049,-0.3466931590055,0.4135433814773,0.2469410393323,0.4817085696931,0.6034523774182,-0.1962452673929,0.4315823138564,0.3381089150129,0.3843410652292,0.3176519721483,0.4212917237324,0.1592856292143,0.4605509038358,0.0177284022218,0.0489589480925,0.0974425200787,0.0325892746533
