1.0000000000000,0.3885815933596,0.5851424831073,0.6056330375209,0.7881894265910,0.6036188381274,0.4825837852249,0.3487324707347,0.2037326146715,0.4748319162300,0.4751269469113,0.5271310744300,0.3646286742632,0.6953560326839,0.5476887670504,0.4321641932770,0.3834189686195,0.2059581828381,0.3059817523771,0.1330166288728,0.2293033615426,0.4460850746842,0.4741437641897,0.2293167653179,0.1039587841598,0.2540422069759,0.1457486269553,0.3080870844066,-0.0222746661840,0.0430740971371,0.2764881256767,0.3309213605897,0.3463784017528,0.3530213642089,0.1562173127760,0.1888048166372,0.1314121482668,0.0353543509076,0.2799005552131,0.3579629612728,0.5059566810350,0.5560230877652,0.2553096994822,0.0868540628614,0.2262362005025,0.3366268680319,0.3641327535165,0.2983492793193,0.2350705206667,0.5183503462019,0.6221090583650,0.2421867607243,0.2917987783873,0.5732879663893,0.5793648068558,0.3828228430765,0.1795880514462,0.2418643099709,0.1518905703258,0.1048430129694,-0.0586508073041,0.1125027488469,0.1517795713427,0.0878944152854,0.1857037962270,-0.0638073018240,0.0509626937436,0.2884930427772,0.0465900186564,0.0555681255127,-0.0269730317760,0.1042277358535,0.2235588668681,0.0796235715973,0.0719308085945,-0.4486397273091,-0.1315248898869,-0.0833090008490,-0.0107764162693,0.2099872169500,-0.3937924441519,0.0070397224818,-0.1554435665826,-0.0655487822933,-0.3446818044880,-0.1308735125787,0.1059701647142,-0.0372553780473,-0.0891488018832,-0.1464781892864,0.1603743934623,0.0307138619355,-0.0884990906798,0.1228765982022,-0.3037564860441,0.2109198971272,0.2480843099993,-0.1314894931869,-0.0130773597738,-0.0977583593104
0.3885815933596,1.0000000000000,0.5794846547193,0.0996358989187,0.2233530784521,0.0831154418213,-0.0134684790538,0.2998623472726,-0.1100721296699,0.1113419693868,-0.0764077413266,0.0561480070473,0.0048772053105,0.6352255184583,0.5208990972886,-0.0152068298027,-0.0883311450341,0.1728235381996,-0.2138206562016,-0.2629058035665,-0.1116143243432,0.1853698879053,-0.0750906899208,-0.2450572284339,-0.1963230694869,0.3106519334953,-0.3922885803603,0.2439880031301,0.5014820816804,0.6486480773085,-0.1277432568560,0.0388294263019,-0.1915201428559,0.0940020981708,-0.0338457359617,-0.1733889799998,-0.3795867264392,0.1614724679754,-0.1144580862055,-0.1161170235037,0.4288461446021,0.2527590732061,-0.1315382205835,0.5272143080749,0.4156583758068,-0.0996863706984,-0.0761042395489,-0.0140445199967,0.5093388235515,0.0919286564640,0.2079011479878,0.7916014780143,-0.1616797672672,0.0854303570743,-0.0019736333014,-0.1124373906556,-0.1133672823120,-0.0258821404129,0.0856407021385,-0.1607839016081,-0.3766032728520,-0.2534572198662,-0.3474978076606,-0.2932197537784,0.6385843830491,-0.2404398998353,-0.1802972718896,-0.2006053994964,-0.3688422630663,-0.4414277631098,-0.2307581368221,-0.2634922023649,-0.2188076945573,-0.2247813765543,-0.1136240226494,0.2016895086774,-0.5766209459346,0.0173045305692,0.5499371102077,-0.1752276153123,-0.5450487541036,-0.4528541037424,0.4481025576337,-0.3248413829062,0.0577029673425,-0.5401996946066,-0.4054736761771,-0.3342678666440,-0.4130673867680,0.0837315291917,-0.1918023734317,-0.4092153861235,0.5202817023924,-0.0620460012760,-0.4348293418127,-0.1807928874652,0.6537061534463,-0.3876329542683,-0.1860167453993,-0.3964293303822
0.5851424831073,0.5794846547193,1.0000000000000,0.3925033004028,0.4927352662163,0.5791208935692,0.3018975141570,0.4912908003010,0.2333860948333,0.3888509886855,0.3344972079664,0.4037018588823,0.3767510828729,0.5876723125839,0.4395488728301,0.2152680507294,0.3666010328520,0.2902580186468,0.0345230181180,0.2081064384462,0.2504701524868,0.5319058814691,0.4061458807629,0.1272809633730,0.2189478899439,0.4201896079841,0.2150650097100,0.4913687672166,0.3144766367942,0.4186585432896,0.2015346458321,0.4842739946375,0.3938693982580,0.2347925127178,0.2095549533413,0.0918465595646,0.0668240059412,0.3768703593449,0.1658566165944,0.3582150006216,0.5405989519239,0.4864284348087,0.1016647464900,0.3123055764929,0.3953359375439,0.3875599058318,0.4532314827873,0.2671016429369,0.4703116451404,0.3810193967681,0.3891077179467,0.5528801807075,0.0675897723713,0.5340771484798,0.4007473183304,0.1649311487778,0.2415125633572,0.2758939742383,0.1977608673451,0.2041436979274,-0.0806030086647,0.1619164748121,0.1303170626616,-0.0261093923087,0.2896504885526,-0.1774785927629,0.0120049081462,0.2060007451828,-0.0520704304691,0.0732893345812,-0.0198334252498,0.2263810564668,0.0892211391948,0.2048037380553,0.0224793871954,-0.2641190299853,-0.1176063083690,0.0938463482740,0.1814026979531,0.0348055373553,-0.2471934216064,0.0355181221173,0.1191719402680,-0.1607984697029,-0.0835889120261,-0.0771858456960,0.0123695607338,-0.0867094615017,-0.3405465509517,0.1931173721382,0.0711110586482,0.1289337571037,0.1347970714700,0.3092940254753,-0.1924067980556,0.2273579127084,0.4153394486759,-0.0518629631942,0.0494745692765,-0.3135582806454
0.6056330375209,0.0996358989187,0.3925033004028,1.0000000000000,0.6204690458507,0.6500885709756,0.8457996075651,0.3220096717246,0.4886200141410,0.5489612569744,0.5731017615117,0.6123366850751,0.4762749567183,0.3379191982489,0.6011520208513,0.6899360727541,0.5847437771952,0.3612988409851,0.4964307057819,0.3868146901203,0.3966486775800,0.3113525679917,0.5909204754722,0.5211053219134,0.2077898203692,0.2252924676488,0.3637795790331,0.1215989913701,-0.2202905231716,-0.2147787549224,0.5556947770438,0.3954974997864,0.4969362830079,0.4629601925935,0.2724126965346,0.4255533570754,0.3639366466359,-0.0273316151296,0.4176438312007,0.4131043419503,0.3425122421630,0.5727612759177,0.4803068194188,-0.1152611034458,0.0670910148050,0.2734388913710,0.3628184777170,0.4920861760781,0.0117611051611,0.6298285161284,0.4760825862974,0.0490551304676,0.7617625560519,0.6792007137187,0.7559047228237,0.7717513020865,0.2481854671784,0.2800174994297,0.2753285589530,0.3238238526534,0.0456900386101,0.3275901575338,0.1925871874569,0.1477513912958,-0.0576739015472,0.2253167317666,0.4107369331715,0.4676897042102,0.3989220329310,0.3366708611724,-0.0230274809699,0.1424115178015,0.5335954977025,0.2292832662121,0.1969321387332,-0.4715262358070,0.1466503578635,-0.2418015210573,-0.2356899762586,0.5078275873237,-0.1648030750199,0.2373733163221,-0.4708802306898,0.2416020983392,-0.4178005465183,0.0459797001840,0.3361453495866,0.1856140407141,0.2581167513428,-0.1688002071942,0.3457070306998,0.1677698656295,-0.2635836977025,-0.0126809960002,-0.2720295501222,0.3427871077626,-0.1343294787807,-0.0801608774871,0.1633358845196,0.1444801304955
0.7881894265910,0.2233530784521,0.4927352662163,0.6204690458507,1.0000000000000,0.7935989219708,0.5693071526852,0.3044120659294,0.2088987667501,0.4392071343826,0.3558343030142,0.3717449298229,0.3420731382044,0.4966852190412,0.4803277545199,0.4250671927263,0.3827142439311,0.0727449143038,0.3762621382477,0.1330334297002,0.2309651147800,0.4582388125035,0.3914879958881,0.1955303145071,0.1515347031567,0.1605341054347,0.2019362100020,0.2401950666224,-0.1001150956969,-0.0605329330798,0.3379050366992,0.2354992889342,0.3589811036913,0.3235587011688,0.0846773067213,0.2838660584093,0.0977319020111,0.0377931300871,0.2270638979600,0.3515427948469,0.4299238520545,0.4325163714838,0.2944736654480,0.0144483443793,0.1653724422762,0.3791549745940,0.3607893535511,0.3841059808976,0.3518217795112,0.4227657810425,0.7445508778594,0.1358661613608,0.3736843309318,0.6667571741530,0.6727227660785,0.4969252311810,0.1269875359436,0.2314592133212,0.0344597457222,0.1010428877825,0.0174833539453,0.0520582646677,0.0738850847369,0.1005718411133,0.0867992205906,0.0511674662779,0.1541544439295,0.2965591137295,0.1558989480451,0.0712905914137,-0.1158421701580,0.0572275909137,0.2267870906961,0.1194898616696,0.0695680834744,-0.4968656309916,-0.0432473638761,-0.0841588726962,-0.2075360715916,0.2834588443356,-0.3343917800967,0.0808975993017,-0.1828337256070,0.0564631614413,-0.3508034989953,-0.0159850574161,0.0809882809543,-0.0032687566866,-0.0420992025667,-0.0916980275322,0.1341301899524,0.0930764182560,-0.1711837925944,0.1725224278148,-0.2092952328267,0.2053390050696,0.2295603947672,0.0641418266250,0.0322138142996,-0.0802768248222
0.6036188381274,0.0831154418213,0.5791208935692,0.6500885709756,0.7935989219708,1.0000000000000,0.6555736832015,0.3089839988228,0.3646780763656,0.5939930842372,0.4978317703253,0.4695229628187,0.4438118547110,0.3907262555159,0.4411416447031,0.4372559959904,0.5410538261879,0.1890486575218,0.3684500531279,0.4007110165411,0.3900546521721,0.5603972256525,0.5804430337009,0.3749577240752,0.3623738890538,0.1594301536742,0.4661034155472,0.2693749270820,-0.1651702172175,-0.1134841077275,0.4846553611327,0.4181118784444,0.5744789554641,0.3527050289530,0.2316187404427,0.3937716946721,0.3535771663581,0.1749682844523,0.3608453602619,0.5259108065724,0.4190796658194,0.5166033971192,0.3362608027102,-0.0948601922420,0.0875239267910,0.5161490146245,0.5401718393291,0.5843522926373,0.2541746419587,0.5721342555738,0.6074511427895,0.0511979313860,0.4043612468171,0.8274048925377,0.7587233935303,0.4590625746033,0.3096131212667,0.3469014989451,0.1151050710533,0.3038914769606,0.2007863175967,0.2567419995487,0.2776425572715,0.1581745353087,-0.0506634217170,0.1319802716020,0.2252663837513,0.4236454252234,0.3355083515953,0.3494413597159,-0.0279693374583,0.3025800902902,0.3479723733505,0.3671781933804,0.1319938605422,-0.5716885677575,0.1944061942682,-0.0767617152925,-0.3220365256404,0.3399861379383,-0.1052504853944,0.2975999691786,-0.2895817706486,0.1306547453753,-0.2967837045259,0.1556789051719,0.3217615133114,0.2094319263003,0.0177916268862,0.0322508776061,0.2404313165466,0.3446464293861,-0.2964781549417,0.2625784018408,-0.0857753300583,0.4260257092766,0.0407166634756,0.1353359423736,0.1900163125748,-0.0181082000416
0.4825837852249,-0.0134684790538,0.3018975141570,0.8457996075651,0.5693071526852,0.6555736832015,1.0000000000000,0.2316090876533,0.5748460078154,0.5038791872775,0.5326627786642,0.5555312532304,0.4551612932311,0.2234244949171,0.5848728891551,0.8210639318802,0.6256089070470,0.3695057807815,0.6572366215233,0.4716676869221,0.4736676978135,0.2099180984754,0.5173127299445,0.6817266843725,0.1257505985487,0.2403036372158,0.3618483331608,-0.0173428859549,-0.2157297207140,-0.2281325026666,0.7706636164932,0.3454034752367,0.4856784976262,0.5644101914774,0.4294328354511,0.6685807895933,0.4356498877363,-0.1211669237889,0.5680795945904,0.4171807358316,0.3275480450173,0.5325175609473,0.6516484707634,-0.1669508214382,0.0347884626028,0.2333174499494,0.2378244258586,0.6339474504497,-0.0191735179398,0.6162707481011,0.3944573062907,-0.1099556612396,0.6582223322192,0.6824554564399,0.8271892380056,0.8495927612995,0.1766829183165,0.2482846638128,0.3363347540062,0.3973855504254,-0.0131585312702,0.3508955803961,0.0584489034022,0.1063519827893,-0.0686482142782,0.3950030836291,0.6366712393668,0.4767781725429,0.5992096618803,0.3500749865683,-0.0981785393751,0.0032445721880,0.6455982164565,0.1052905134063,0.2432840896859,-0.4217031503641,0.0888157871585,-0.3852711221953,-0.2070101165575,0.6970844410623,-0.2061371682775,0.1584496824829,-0.4877963760718,0.4847550799776,-0.5163014042369,-0.0091035676352,0.3997219220786,0.4446107140388,0.4275725350393,-0.2635804227429,0.4846582845922,0.0489313780740,-0.2992491535972,-0.1691335679140,-0.4263443064995,0.4938865098173,-0.1578255548251,-0.1096393797182,0.1203588238497,0.1728635046741
0.3487324707347,0.2998623472726,0.4912908003010,0.3220096717246,0.3044120659294,0.3089839988228,0.2316090876533,1.0000000000000,0.5280318586093,0.3247269927480,0.4363190764592,0.5203737751487,0.5837967582891,0.2757142221984,0.3315562628724,0.3580959196419,0.5282471871264,0.5138546702201,0.1757870010092,0.4831480714840,0.4116336308059,0.4728406237122,0.4573203630568,0.1504435794856,0.3645843317820,0.6369594776831,0.2247691189035,0.3811025387606,0.2985697512495,0.2007316453871,0.2171400036865,0.5128433529325,0.5595384005347,0.1699653444522,0.2063960936439,0.0651354937087,0.0032369809309,0.5490601185878,0.1344238222787,0.2875610793337,0.5341319584797,0.4014028931524,0.2685747898594,0.4386625996540,0.6536858674316,0.3708970008546,0.3969032980291,0.1047544989598,0.3246017329119,0.3019870783395,0.1413433252689,0.2491123672164,-0.0000795743734,0.2184502862507,0.2494335760704,0.1361222372896,0.3893782376514,0.4187268897931,0.4256995035507,0.3944596081997,-0.1186792195859,0.1948027127043,0.0535983936379,0.1001510518951,0.0562998441222,-0.2853401240745,0.0204294373492,0.3134611013516,-0.0935759489761,0.1222431417226,0.0212538364441,0.1040273575988,0.1871753909154,0.3207989971236,0.1970683417209,-0.2971386355544,-0.0630699637028,0.1158869116135,0.1655481346635,0.1582988864939,-0.2532114112716,0.1197049456920,0.0714632740654,-0.1939717552444,-0.1335651541926,-0.1631677426723,-0.0441958362634,-0.2003477112451,-0.2911781978808,0.2414942846888,0.1000674884978,0.0847739330209,0.1733540758899,0.2363655188554,-0.1780344228863,0.0701296809515,0.3460887933702,-0.0400141350768,-0.0726213506212,-0.2440593863884
0.2037326146715,-0.1100721296699,0.2333860948333,0.4886200141410,0.2088987667501,0.3646780763656,0.5748460078154,0.5280318586093,1.0000000000000,0.3879149444884,0.6220631580089,0.5987504742916,0.6212343248543,0.0032089166895,0.2657455679548,0.6381582612697,0.6963064027507,0.6375789664579,0.5257134090727,0.7877241702096,0.5610768286183,0.2192883732352,0.5944406238014,0.6909968927069,0.3801301601661,0.3110857676906,0.5540635474076,-0.0363275856392,-0.0638766881572,-0.1849557742185,0.6377156567145,0.4413039022177,0.6061957441757,0.4151389134803,0.4029140059322,0.5092467206201,0.4300708321089,0.1153217331849,0.3628684452196,0.4117581667775,0.3274039881978,0.4448267408069,0.4825739591793,-0.1699956019228,0.0622874493290,0.2072438142095,0.2668183508139,0.3631980703009,-0.1371693660646,0.4661647571943,0.1153521599043,-0.1577468535458,0.2713719229520,0.3930162375001,0.5130530421822,0.5015110807165,0.4519649863528,0.5252070746685,0.6681595353959,0.8627301996023,0.0859738012289,0.5210335097235,0.2171292770403,0.2697893014382,-0.2315142845159,0.0176884458678,0.5366805126140,0.5895753352947,0.5647136705420,0.5997690614228,0.2057550505518,0.1613308045635,0.6951277254816,0.4079217396585,0.4290339693548,-0.3408203936561,0.2892054614797,-0.3411465578872,-0.0772283764426,0.6170741345837,-0.0041427008117,0.3365536252713,-0.4420392060748,0.3176349743623,-0.3570067857302,0.0267000694707,0.3904935524690,0.3003960164045,0.2977895912146,-0.0855572388845,0.3020642779375,0.1434423168757,-0.3169071433217,-0.1252589168939,-0.2720680428012,0.3618576231032,-0.1867437668506,-0.0644595742663,0.2008170988066,0.2180600705222
0.4748319162300,0.1113419693868,0.3888509886855,0.5489612569744,0.4392071343826,0.5939930842372,0.5038791872775,0.3247269927480,0.3879149444884,1.0000000000000,0.5293443693313,0.5524989709573,0.3347441468695,0.4755439077562,0.6651810452749,0.4658552828890,0.4517379046736,0.2050335277284,0.3842380721135,0.4425289526086,0.5021015322173,0.6994894721592,0.5608277791203,0.3979245827142,0.3573828493638,0.3080372478244,0.2901233397423,0.3486263084490,-0.0107153460812,0.0783598691933,0.4721642257754,0.4929399415616,0.4888661287628,0.5813536148033,0.3219433551285,0.3981076286601,0.3463137924121,0.2149085107648,0.3070344400257,0.5704380405205,0.5076814425563,0.6921046439985,0.4521652518933,0.0956260127280,0.2579509823510,0.5408877629664,0.5467059535384,0.4304996629110,0.1989140007391,0.7729577836010,0.4240036375708,-0.0780243414085,0.2869246880878,0.5538183466321,0.5075150407672,0.2385617117981,0.2244373780166,0.0879054869484,0.1735710458765,0.2807948627572,0.3322878245315,0.2251122818040,0.1927531803811,-0.1006209444791,0.1537617655905,0.1398985097082,0.1654292938256,0.1676751900607,0.4009968516648,0.1882045745556,0.0034025377893,0.3035811084503,0.2959510862847,0.3614943615983,0.0621544206988,-0.3095120787922,0.0084154737715,-0.1387758800158,-0.1297184844955,0.2119941956842,-0.2299120680402,0.0872687722356,-0.2762870892533,0.0207672058530,-0.2144758680825,0.0485082731076,0.3467030505701,0.3267730663844,0.1031235697216,-0.0376631750548,0.2122881930303,0.1577381971238,0.0094757882580,0.1479075519951,-0.2782975952570,0.2816734254932,0.0004672146070,0.1070302206334,0.2989472784980,0.0890307617278
0.4751269469113,-0.0764077413266,0.3344972079664,0.5731017615117,0.3558343030142,0.4978317703253,0.5326627786642,0.4363190764592,0.6220631580089,0.5293443693313,1.0000000000000,0.8755445575997,0.7534914986096,0.2247399118504,0.2671993320489,0.5443845585628,0.7973923579120,0.6171911052234,0.3244091417993,0.6356378084923,0.5844538212685,0.4134806114736,0.8824648583718,0.6386156787503,0.3541644554798,0.3583623503139,0.6639966331624,0.1626748917077,-0.1460241250819,-0.2903606838037,0.6018880967553,0.6836169248569,0.7687973830090,0.4303286583864,0.4699141511277,0.2965789136462,0.5714446260960,0.1268802841203,0.4643793697857,0.5474860352061,0.4788241713885,0.6678978226748,0.3581905490711,-0.1495871687815,0.0318697327731,0.3918601272183,0.5633727780972,0.4496641022587,-0.1494392080180,0.6493584013434,0.1019034837188,-0.2053632052972,0.2244214302144,0.4660808305164,0.5110686016297,0.3980359981864,0.5828522289759,0.5775675004428,0.5586083163488,0.5908332395890,0.1115087854575,0.6846892970748,0.5749829054123,0.4220334711608,-0.3836546341344,-0.1301974948578,0.2832071820495,0.7021640017139,0.3352874736664,0.6343025851979,0.4337947106874,0.4719973849778,0.6664572411750,0.4121503806955,0.4760017009081,-0.4602849695767,0.3931057554524,-0.1970080445612,-0.0642413460739,0.5091067351020,0.1025323410000,0.4958734628924,-0.5019153860303,0.1658358159151,-0.2362659857612,0.1369048284287,0.5439995433719,0.2641211124343,0.2200109889042,-0.0241382876327,0.3869264585087,0.3813152788064,-0.3238662217769,0.1418489480848,-0.0778545722120,0.4689075982643,-0.2220430843158,-0.1226800165232,0.1475705159045,0.1805694929995
0.5271310744300,0.0561480070473,0.4037018588823,0.6123366850751,0.3717449298229,0.4695229628187,0.5555312532304,0.5203737751487,0.5987504742916,0.5524989709573,0.8755445575997,1.0000000000000,0.7791975161659,0.2836251876792,0.3820013788123,0.5968869344533,0.8168876039778,0.6393864160410,0.3450081586285,0.5667500478774,0.6474003860394,0.3963473135655,0.8651391696643,0.5819581498772,0.3005819364795,0.4256051283698,0.5582724213869,0.1290927085760,-0.0629228968192,-0.1754195478372,0.5758478922163,0.6840622673708,0.7381019106417,0.4858302545704,0.4634435766601,0.2829473470344,0.4517479632797,0.1197225516218,0.4397183719814,0.4926916627092,0.5257004800138,0.7238951599954,0.3836728654493,-0.0570175367537,0.1283912296662,0.3567027204025,0.5344121138667,0.3822201911034,-0.0811107739782,0.6878754181912,0.1280156837773,-0.1266056207511,0.2371058077532,0.4335718017325,0.5255306291600,0.4449543668657,0.5242127673680,0.5198698590306,0.5490109281716,0.5012979188607,-0.0004910065051,0.6458909806428,0.4872066413916,0.3615406403979,-0.2780767494405,-0.1156335699639,0.2956571255284,0.6587592724405,0.2747537241105,0.5025361033937,0.3758717585675,0.4059208241725,0.6327694760160,0.3154784893920,0.4600094654647,-0.4535959999472,0.2507231801687,-0.2744030558792,0.0125664198745,0.5076287320511,-0.0038953628917,0.4374403739396,-0.4800801817317,0.1502346352801,-0.2789441546827,0.0098595156429,0.4239990733133,0.1939393306805,0.1919915953385,-0.0646337622012,0.3719929657300,0.2757290739276,-0.2321007804990,0.0474964670801,-0.1622669908375,0.3989962543222,-0.1398303857635,-0.2182298165683,0.0830911911039,0.1218274031475
0.3646286742632,0.0048772053105,0.3767510828729,0.4762749567183,0.3420731382044,0.4438118547110,0.4551612932311,0.5837967582891,0.6212343248543,0.3347441468695,0.7534914986096,0.7791975161659,1.0000000000000,0.0330905304671,0.1737832262139,0.4683297599291,0.8709133252924,0.6338449410846,0.2531671927740,0.5745786041790,0.5249579586772,0.3655410415438,0.7043806777620,0.5143539823347,0.2999152413044,0.3852699010202,0.6130327670305,0.0803944072807,0.0058269821582,-0.1988947178304,0.5048326401832,0.6046201489381,0.7725680527684,0.2543654007239,0.3676803094925,0.1630044267431,0.4160227834129,0.2009871334466,0.3537606030220,0.4297215607084,0.3904092133842,0.4655790482475,0.2772029776694,-0.0515041781254,0.1172902778238,0.3366500910842,0.4787151254231,0.3046230107031,0.0153015293310,0.4220806171207,0.0536498644017,-0.0240974548448,0.1944545660405,0.3652641799937,0.4576477763712,0.4426990814324,0.6762501608533,0.6641991302774,0.5630052159319,0.5813709339831,0.0657827174244,0.6469295629826,0.5107456617603,0.6387488431277,-0.3675496910220,-0.1698776002270,0.2772452097593,0.7487178571921,0.1903326702962,0.5094943197034,0.4178339090268,0.4099417798971,0.5865622024969,0.3384415696144,0.4695101939966,-0.4005344658615,0.3350822773764,-0.1476087473652,-0.0018727497985,0.4954182249257,0.1289826102700,0.5561376440630,-0.3321820619019,0.1264447402425,-0.1583581659267,0.0405709276481,0.3458827586928,0.1275770235904,0.1073883158341,0.0817525366749,0.3315165068496,0.3471774222143,-0.2429995180072,0.1136948508479,0.0096410151165,0.3715709420210,-0.0544916500272,-0.0405223718132,0.1454953452284,0.0592572875892
0.6953560326839,0.6352255184583,0.5876723125839,0.3379191982489,0.4966852190412,0.3907262555159,0.2234244949171,0.2757142221984,0.0032089166895,0.4755439077562,0.2247399118504,0.2836251876792,0.0330905304671,1.0000000000000,0.6442877957805,0.2146608805324,0.0734194088207,0.0976080967329,0.0624697386389,-0.0233409093285,0.1308339197367,0.4488527226349,0.2759553397415,-0.0328845192637,0.1240121949246,0.3195002867977,-0.0814912032325,0.4945390211503,0.2552934221142,0.4864436628937,0.0876304493996,0.2704240506082,0.0955545632164,0.3791039767875,0.1660528642955,0.1290771654337,-0.0805303819048,0.1919675477380,0.1262123625743,0.2683775363276,0.6026512444476,0.5566213794390,0.1458437044180,0.3367816584800,0.4025477652576,0.2725059580687,0.2942576632160,0.2856848125813,0.4612557367344,0.4661315737966,0.5485369245944,0.4423666885802,0.0371099211437,0.3941627306520,0.2783352800192,0.0173244502718,-0.0720672308400,-0.0454603288527,-0.0100911044123,-0.0761855488157,-0.1768506939395,-0.1434237253866,-0.0908560887523,-0.3059920275460,0.5438366911881,-0.1407351564493,-0.1643497077643,-0.0890384997451,-0.1097557567980,-0.1840610497583,-0.1970526095133,-0.0353964883500,-0.0761571640420,0.0431668789729,-0.1213499467434,-0.1997665546950,-0.3456543857253,0.0367516126554,0.2852547568065,-0.1103432768961,-0.5566783069978,-0.3226366392801,0.1259931474007,-0.2603477548243,-0.1765627043533,-0.2203313481185,-0.0919738656091,-0.1180244418466,-0.3165889050499,-0.0176550246502,-0.0371085235015,-0.1303001240227,0.2200344700522,0.1100756144033,-0.4414661064686,0.0653847977340,0.4918255225836,-0.1897932996036,-0.0748324381283,-0.3210557316197
0.5476887670504,0.5208990972886,0.4395488728301,0.6011520208513,0.4803277545199,0.4411416447031,0.5848728891551,0.3315562628724,0.2657455679548,0.6651810452749,0.2671993320489,0.3820013788123,0.1737832262139,0.6442877957805,1.0000000000000,0.5379168439909,0.2432541299264,0.2622742741013,0.3461865715570,0.1457987110955,0.3288959573701,0.4208917005459,0.3120441108074,0.2882438737448,0.0548613048808,0.4188308677848,-0.0665941496764,0.2370019026108,0.2076700782964,0.3802699043239,0.4121398629715,0.2463896429784,0.1885323798032,0.6127004631479,0.3117403687000,0.4038291304764,0.1081410560339,0.1050258548722,0.3997186593544,0.4034287594326,0.5498163316387,0.6219510192983,0.5430727008497,0.3759002441031,0.4379835626340,0.2387783333305,0.1901122491472,0.4436811923976,0.4228526390584,0.6814096137303,0.4744454804145,0.2617581330899,0.3227245121836,0.4269577260477,0.4679993431379,0.3528943590678,-0.0854327390532,-0.0852201713081,0.1861275409199,0.0814667178345,-0.2448796490581,-0.0236281001649,-0.3032810263673,-0.3696358405159,0.5044853473479,0.2758874051190,0.2525540432583,-0.0366538039235,0.2376821131109,-0.1823468984543,-0.3664073703761,-0.1938809848845,0.2016405509549,-0.0118995104822,-0.0749974852944,-0.1326346154864,-0.3954438422561,-0.2634825929991,0.1520184926461,0.2576771109517,-0.6398294447233,-0.3165569183220,-0.0471633159186,0.0951008268248,-0.3087267722932,-0.3879795551591,0.0691326465048,0.2322860575882,0.0771676440961,-0.1080259591018,0.3096735628041,-0.2560207713065,0.2959962750891,-0.1618741509012,-0.6929196235495,0.1661852647159,0.3248763023307,-0.2441557503317,-0.0579202754570,-0.1959471501765
0.4321641932770,-0.0152068298027,0.2152680507294,0.6899360727541,0.4250671927263,0.4372559959904,0.8210639318802,0.3580959196419,0.6381582612697,0.4658552828890,0.5443845585628,0.5968869344533,0.4683297599291,0.2146608805324,0.5379168439909,1.0000000000000,0.6488215084896,0.5187796823847,0.8165145027383,0.5434833161838,0.6262788288523,0.1689911155668,0.5142529344085,0.7174501918417,-0.0038610215284,0.4039471863983,0.2834469840491,-0.0677739042220,-0.1318813983365,-0.1873344160889,0.8217262689408,0.4080987673564,0.5035477818358,0.6705674343100,0.5297408976136,0.7526051395382,0.3418061197295,-0.1672777614362,0.5198009464774,0.3822389134727,0.3537170337173,0.4958556357111,0.7776680265656,-0.1395603360182,0.1440480003443,0.1525990090843,0.1494614862582,0.5308651727425,-0.0839947464023,0.5508608058345,0.2496392546149,-0.1841477635139,0.4873931931490,0.4822149251295,0.6517922190232,0.7447986900650,0.1748019263780,0.2379329354792,0.5165372899768,0.4423328509469,-0.1027695457426,0.3146034945290,-0.0246436391423,0.0398373679809,-0.0672873193303,0.2580678023685,0.7185650440491,0.4363232958199,0.6215113555158,0.3423403635803,0.0145420580173,-0.0789594459680,0.7002544611042,0.0012784831645,0.4054534608341,-0.3484628059067,-0.0239713903605,-0.4648444467500,-0.0866194802010,0.7680974837370,-0.2815726610888,0.0665676429641,-0.5041219735376,0.5223925296564,-0.5808705000328,-0.0641447306781,0.3390443326329,0.4214231642501,0.4573684509048,-0.3995337893730,0.4346394096082,-0.0873250019622,-0.2593824289872,-0.3128885704136,-0.5505294481073,0.4295045106942,-0.1577596671263,-0.2136118102485,0.0029664045955,0.1510028319076
0.3834189686195,-0.0883311450341,0.3666010328520,0.5847437771952,0.3827142439311,0.5410538261879,0.6256089070470,0.5282471871264,0.6963064027507,0.4517379046736,0.7973923579120,0.8168876039778,0.8709133252924,0.0734194088207,0.2432541299264,0.6488215084896,1.0000000000000,0.6773550237571,0.4336744142759,0.7241706523756,0.7382665616310,0.3637901149599,0.7896028936161,0.7046208704238,0.3596422426589,0.4299822725255,0.7210095083900,0.0605347659683,-0.0479141065501,-0.2424463881074,0.7471704621939,0.6977294219124,0.8533944379196,0.4247723919110,0.4999751830789,0.4064390307354,0.5460694851970,0.1596300910737,0.4231835877304,0.5120585195243,0.4247400633077,0.5514506418242,0.4397846503119,-0.1640538010297,0.0628666148462,0.3686879306252,0.5265600018164,0.4163995326589,-0.0424058205075,0.5650976784549,0.1111941307011,-0.1423465477087,0.2836302947899,0.4675603826177,0.5695458427260,0.5310002637269,0.6139980587147,0.6103864127465,0.5852296537196,0.6159889748657,0.0542285915610,0.6358946612528,0.4488873091303,0.4609069331291,-0.4025746893369,-0.0989866331893,0.4303643042337,0.7881441722623,0.4023717836997,0.6500037952267,0.3855743813292,0.3653083183841,0.7175852436712,0.3728109315075,0.5293073047559,-0.4956151221569,0.3864636305825,-0.2256142170286,-0.0918207306529,0.6556826896451,0.1204608521825,0.5351833146663,-0.4725219780005,0.2421972572560,-0.3105385230060,0.1364203348537,0.4914796485050,0.2628887475348,0.2220904307901,-0.0189316051478,0.3503495361703,0.3500999094781,-0.3624839373991,0.0446684796437,-0.0965270323782,0.4315218194734,-0.1696848999182,-0.0714749995049,0.1540532362886,0.1100832538248
0.2059581828381,0.1728235381996,0.2902580186468,0.3612988409851,0.0727449143038,0.1890486575218,0.3695057807815,0.5138546702201,0.6375789664579,0.2050335277284,0.6171911052234,0.6393864160410,0.6338449410846,0.0976080967329,0.2622742741013,0.5187796823847,0.6773550237571,1.0000000000000,0.1477411321765,0.5569147095872,0.5355711093203,0.1463982895009,0.6100284340704,0.6151062229746,0.1072899064321,0.4010442387969,0.4317071395223,-0.0124671605427,0.1584556289241,-0.0009590550590,0.5488645536551,0.5331570833174,0.5342032767656,0.3572866451702,0.5331733652771,0.2099997843576,0.4230705414762,0.0512119968716,0.3504241937956,0.2723146738584,0.3679010432046,0.4097443401447,0.2847760533558,-0.0737604123759,0.0268232737657,0.0652202734617,0.2600915918284,0.3050750960135,-0.0596916878976,0.4113866222724,-0.0801216202096,0.0528244547314,0.0799341605527,0.2089192435839,0.3035559439481,0.2698315937494,0.5083910718661,0.5768449295498,0.8130010810517,0.6029507263798,-0.1928943353868,0.5643147595657,0.1794561607658,0.2227352782848,-0.1905000791318,-0.1656439123762,0.3654076844135,0.6256285307440,0.1834581045897,0.5056584793703,0.3298756812583,0.1645061941654,0.6738974142004,0.1379048283884,0.5407935540014,-0.1797344236705,0.1562698448977,-0.2682630388842,0.1911059851574,0.5784502900477,0.0075245106857,0.2921629959375,-0.2987515302480,0.1808480720494,-0.2329205674477,-0.1182901410450,0.3763483518045,0.1657308347107,0.2011233681313,-0.0539659208652,0.3135161445263,0.0494474690118,-0.1769266787526,-0.1309918800210,-0.2831060420896,0.3319927679882,-0.0608973020257,-0.3510057005722,-0.0205202680828,0.0434142436653
0.3059817523771,-0.2138206562016,0.0345230181180,0.4964307057819,0.3762621382477,0.3684500531279,0.6572366215233,0.1757870010092,0.5257134090727,0.3842380721135,0.3244091417993,0.3450081586285,0.2531671927740,0.0624697386389,0.3461865715570,0.8165145027383,0.4336744142759,0.1477411321765,1.0000000000000,0.4233657979956,0.4898639595727,0.0724688002339,0.2696261072306,0.5506043661646,-0.0526641441001,0.1839663018568,0.1851160531685,-0.1515062411381,-0.2675882246568,-0.2653453846824,0.6297288106071,0.1412351077593,0.3227431244729,0.5156727093980,0.2694804215072,0.7656083511010,0.2013922988208,-0.2290334221784,0.3261685386975,0.2978526762803,0.1247009346038,0.2755588120097,0.7417044842208,-0.2346687510367,0.0832371788778,0.1198330353054,-0.0045098984320,0.3796756642810,-0.1377134418403,0.3677304863766,0.3245435241830,-0.2777304579842,0.4423094412502,0.4114703519251,0.5513820937307,0.6700586424910,-0.0761280274532,-0.0091694810164,0.1903505919862,0.3360952560465,0.0982068676567,0.1568074633735,-0.0526089145461,0.0084729496649,-0.0076000613523,0.3689195397525,0.6584774826396,0.2163873800858,0.7097549092303,0.2101019732957,-0.0882647028167,-0.1257632034671,0.4457578440358,-0.0350416240115,0.1314819341682,-0.3329488586529,-0.0120982619365,-0.4041587601166,-0.2674442747432,0.5646903577249,-0.2231959535086,-0.0253333750884,-0.4243822172912,0.5315187974015,-0.6137805461776,0.0791496198213,0.2186532509394,0.4161852329690,0.4305158607382,-0.4732843469409,0.2778433530245,-0.0496964874172,-0.3070994685368,-0.3188402051489,-0.4213012432527,0.2847348041901,-0.2165239289975,0.0418210176307,0.1753207881630,0.2457326028978
0.1330166288728,-0.2629058035665,0.2081064384462,0.3868146901203,0.1330334297002,0.4007110165411,0.4716676869221,0.4831480714840,0.7877241702096,0.4425289526086,0.6356378084923,0.5667500478774,0.5745786041790,-0.0233409093285,0.1457987110955,0.5434833161838,0.7241706523756,0.5569147095872,0.4233657979956,1.0000000000000,0.6152262234043,0.3209334160231,0.6611006280644,0.6822972396202,0.5750090422780,0.4404111273609,0.7402504673389,0.1459977289275,-0.0959091878867,-0.2392192296769,0.6563217507493,0.6518851095686,0.7673055268824,0.3778210119476,0.5235195831669,0.4893959690347,0.5445682622659,0.3881547536350,0.3896717208029,0.5498603438651,0.2965611951162,0.4247075549130,0.4372994333599,-0.1108418005190,0.1424303450175,0.4265786576116,0.5024329486484,0.4029667951511,-0.1163701292002,0.4852407477101,0.0159029260803,-0.2911719430392,0.1932280976873,0.4057666160162,0.3897876232745,0.3179079320460,0.4703373857583,0.4299982895140,0.5496427054724,0.7762712361465,0.1893139548330,0.5402864669654,0.3566731024467,0.2531661698107,-0.3734427552625,-0.0352492561304,0.4397876710659,0.5372930636887,0.5708234538936,0.7088774240004,0.2863758931686,0.3529227291687,0.5981342469465,0.6152570885820,0.3575691397136,-0.3356282434835,0.4857399349545,-0.0887492326425,-0.1943441950925,0.4649095567425,0.2152845444652,0.4518565449055,-0.4559782087993,0.2624294836075,-0.1922000147135,0.2754775426438,0.5210297432240,0.4019821189869,0.1995718103262,0.1197137237314,0.2882253728139,0.3773895821785,-0.2849892526772,0.1134188856504,-0.0698873603239,0.4396681276316,-0.2997172476308,0.0457932505671,0.2167871375184,0.1352418982029
0.2293033615426,-0.1116143243432,0.2504701524868,0.3966486775800,0.2309651147800,0.3900546521721,0.4736676978135,0.4116336308059,0.5610768286183,0.5021015322173,0.5844538212685,0.6474003860394,0.5249579586772,0.1308339197367,0.3288959573701,0.6262788288523,0.7382665616310,0.5355711093203,0.4898639595727,0.6152262234043,1.0000000000000,0.3907108479663,0.6552389849241,0.6625031474731,0.2531245138530,0.4862011108408,0.5202163539465,0.0760915494880,0.0893830465335,-0.0257425149155,0.7088912888697,0.6258330441971,0.7137829745677,0.5194569130271,0.5806669600286,0.5198682413000,0.4193100921415,0.1220228228764,0.2842246444923,0.4402837912883,0.3647067026814,0.4389950654803,0.5707283456833,-0.0959526989323,0.1314796287607,0.3288871989406,0.4298168056789,0.3237597250669,0.0899168987505,0.5660332497202,0.1243132298302,-0.1877595952309,0.1303851092214,0.2739244763435,0.3686140337388,0.3250759214972,0.3197378457863,0.2668368303349,0.5076735116741,0.4333365412797,-0.0588691263146,0.4643123478703,0.1891229004910,-0.0014438661536,-0.1587858745738,-0.0146002597847,0.4111484221027,0.4397067630356,0.4579640114184,0.4784313510180,0.3053037597877,0.2824459390061,0.6316563274262,0.2650326353875,0.4376385009177,-0.3331049600977,0.1622582787614,-0.2720568082569,-0.0258292014440,0.5537534136512,-0.0135988200736,0.2954186137365,-0.4296845973672,0.2089312446395,-0.4154108521489,0.0779318397657,0.4388249779572,0.3334264312187,0.2255799608779,-0.1540301295633,0.2263604368432,0.1005451803088,-0.2274433587345,-0.0819604621040,-0.2497754361749,0.2728792330093,-0.0851293883904,-0.0098639132642,0.0110169044803,0.0561724747614
0.4460850746842,0.1853698879053,0.5319058814691,0.3113525679917,0.4582388125035,0.5603972256525,0.2099180984754,0.4728406237122,0.2192883732352,0.6994894721592,0.4134806114736,0.3963473135655,0.3655410415438,0.4488527226349,0.4208917005459,0.1689911155668,0.3637901149599,0.1463982895009,0.0724688002339,0.3209334160231,0.3907108479663,1.0000000000000,0.5135898624512,0.1521763191501,0.4073505897439,0.4089320758858,0.3062952537434,0.6024419139180,0.1934760412737,0.1780956968724,0.2415926460834,0.5352360895569,0.5472591719829,0.2625003788310,0.1954509928999,0.0785850222365,0.2128549348094,0.4842303186821,0.1482557622169,0.5069986752689,0.5443960780398,0.4738087944696,0.1271910984154,0.3329716851054,0.4129758155400,0.7532262095283,0.7048165485405,0.2155182830293,0.5160669874176,0.4725021732339,0.3304306004595,0.1432292376372,0.0695201637914,0.3593137717917,0.3195847975706,-0.0205855875319,0.2826864923993,0.2159268149759,0.0991955111830,0.1812708734656,0.2577609167004,0.1894430972986,0.2515918196358,-0.0393954330573,0.1439885450403,-0.1248303989977,-0.1003603518516,0.1411024375023,0.0448082136165,0.1371362601612,0.0541095953926,0.4920178234124,0.1132382856112,0.4277153651867,0.0389035233976,-0.2989401778669,0.0056081123424,0.1892034830322,0.0349684946072,-0.0090303154882,-0.1761874033496,0.1733350442088,0.0161470725008,-0.2395241748818,-0.0056050853831,0.1069254007595,0.1646510929705,-0.0095326408211,-0.2932782506187,0.2796799302534,0.0701441730337,0.3197821437711,0.1661562899289,0.5358058923080,0.0448788088968,0.1640793511396,0.3325511641685,0.2479742356162,0.1123106166037,-0.2188173741017
0.4741437641897,-0.0750906899208,0.4061458807629,0.5909204754722,0.3914879958881,0.5804430337009,0.5173127299445,0.4573203630568,0.5944406238014,0.5608277791203,0.8824648583718,0.8651391696643,0.7043806777620,0.2759553397415,0.3120441108074,0.5142529344085,0.7896028936161,0.6100284340704,0.2696261072306,0.6611006280644,0.6552389849241,0.5135898624512,1.0000000000000,0.6325356987795,0.4458693135192,0.4109377384840,0.7379839247483,0.2282417348265,-0.0429015195176,-0.1905689391448,0.5964472622752,0.7677783419427,0.8432601147748,0.5039336995590,0.4957264558003,0.2879655590128,0.6063146898707,0.2140003029946,0.4562595176145,0.6484161133749,0.5487308572379,0.6917322917514,0.3473736587653,-0.1077415124880,0.0616129253868,0.4827497820720,0.6981962596780,0.4863502073823,-0.0196922685069,0.6993855827079,0.1803701120361,-0.1746354320984,0.2380845529682,0.4868731891979,0.5119855988250,0.3411001151898,0.6075057710116,0.5757131435883,0.5292020577170,0.5631372529310,0.0564187754589,0.6728096785776,0.5624006185492,0.2916365832736,-0.3602302312314,-0.1665854164695,0.2568790962062,0.6706207121408,0.3241103372713,0.6757868921793,0.3750663481377,0.5667944502276,0.6556369557551,0.5227027742746,0.4540766443206,-0.5125063615846,0.4354817829110,-0.1814800867352,-0.0457550772896,0.4779153105579,0.1164790646621,0.5565536435340,-0.4905642022619,0.1245037377069,-0.2372966387475,0.2142657348499,0.5762571894198,0.2364049771321,0.1472063807330,0.0682931461208,0.3639285480052,0.4554429934512,-0.3011610374944,0.2150026593635,-0.0411429317965,0.4532811720445,-0.1423835753535,-0.0811329770529,0.1216340121633,0.0636316958832
0.2293167653179,-0.2450572284339,0.1272809633730,0.5211053219134,0.1955303145071,0.3749577240752,0.6817266843725,0.1504435794856,0.6909968927069,0.3979245827142,0.6386156787503,0.5819581498772,0.5143539823347,-0.0328845192637,0.2882438737448,0.7174501918417,0.7046208704238,0.6151062229746,0.5506043661646,0.6822972396202,0.6625031474731,0.1521763191501,0.6325356987795,1.0000000000000,0.1329854006396,0.2861368644910,0.6056673904558,-0.0939134740430,-0.1396892950300,-0.2775343088853,0.8504018747204,0.5270477287895,0.6096182853743,0.5645297658870,0.6218515496720,0.5968376433287,0.7338956812378,-0.0845859196851,0.5894298633266,0.5118915678824,0.2294180785701,0.4338715947701,0.5716866328132,-0.3070140758353,-0.1290779021168,0.1867996620877,0.3103711704903,0.5393748489687,-0.1939113458179,0.5526527466772,0.0898520062504,-0.3212861332109,0.3657028494757,0.3961010341928,0.5380839278027,0.5513434808402,0.3871165707237,0.3362376678226,0.6350740864382,0.6288947662812,0.0142342996869,0.6179701160983,0.2610720422488,0.1781735612992,-0.3177369496815,0.1987580038864,0.6565745701575,0.6020387728403,0.6821192683145,0.6285018002467,0.2572688587628,0.2279676287842,0.8686560270154,0.2405751127907,0.4367679168294,-0.2935322407305,0.3151628427671,-0.3925713434695,-0.1231013222716,0.7699073920105,0.0916156608031,0.3478526175194,-0.5843662609447,0.5016055604224,-0.4223626505276,0.1307057632252,0.7169346995900,0.6120768444177,0.5311847075316,-0.2390215847023,0.5254325252156,0.1865628898410,-0.3826505663519,-0.1833830096988,-0.2844219033434,0.5387347405021,-0.3716771814091,-0.1142233975437,0.1469023051773,0.2535034981995
