1.0000000000000,0.4607915977601,0.3952694541192,0.6518620526757,0.7602967677024,0.5089935459630,0.4555910797209,0.3366945573089,0.2551841941167,0.3574521839539,0.3882645132311,0.2786879361870,0.2936277747547,0.4663967165651,0.5043456383779,0.4909047454896,0.2839415625493,0.3953429427998,0.4196823367552,0.1998398054220,0.2132141671202,0.3261817503697,0.3694943000357,0.2273780232945,0.0708729184054,-0.0124719395060,0.2048782372695,-0.1891414031126,0.0676655684121,0.0131570820137,0.4072605336574,0.1532489680487,0.1194960633478,0.1297436772221,0.3980487725671,0.4676841302490,0.1689839065995,0.0019550482018,0.3030516085281,0.2532835412103,0.4436728339190,0.3598124737710,0.1928416298793,-0.0396356413151,-0.0002124648718,0.4368976907193,0.4347980318140,0.3616282083187,0.3144178811494,0.2597573340428,0.5249674629482,0.4056169414169,0.5391764622755,0.4570852808663,0.3904187601218,0.4557915048705,0.2243818234425,0.3019829194108,0.3252518606995,0.2572260666184,0.0893473767247,0.2026836696284,0.2455603852886,0.2090520802752,0.0756715543579,0.0260620572908,0.4486453248781,0.3164773670528,0.4102176246776,0.2848035924356,0.2055596931568,0.2199549599914,0.2878783121514,0.1355761702816,0.2546685568360,-0.2341242740914,0.1332803607034,0.1450851144731,-0.1301163916934,0.3005375323250,0.1914501901003,0.2545734385714,0.0148112770573,0.0333644747846,-0.0461101885959,-0.0876214884243,0.1113315178920,0.1908849612932,-0.0466303312157,0.0066327127868,0.1113535074274,0.1039549314383,-0.1507479435169,0.2194539252013,0.2795718323955,0.1896769057316,0.1464500192700,0.1454249075336,0.1429037767477,0.0591124292813
0.4607915977601,1.0000000000000,0.6600228832841,0.5234393645220,0.2780557349046,0.3405035487981,0.3012309196774,0.2473682310605,-0.0557809939645,0.3015048137702,0.0852010679284,0.0526170849472,0.1267669722178,0.7121981493101,0.5341111887392,0.2564219169914,-0.0472540755620,0.0545682579978,0.1078738987290,-0.0938846615749,-0.0910014898221,0.3185789396633,0.2339201905751,-0.1128675507071,-0.1724605168439,-0.0647143829903,-0.1658848082131,-0.2449891822425,0.4426056298412,0.4237963377875,0.1631738952915,-0.1108408579658,-0.1883313604865,-0.2830553516824,0.1826478762976,0.1864038158795,-0.1657964088432,0.0471610728065,0.0792154322264,0.0050162231881,0.4784869115224,0.3958486745691,-0.0450372153791,-0.0869112094655,0.2549114826973,0.2922224385318,0.1576822623223,0.1423797379671,0.2409139772195,0.2104797994231,0.4381323656789,0.8017333021859,0.3744665253189,0.2823708056208,0.2206011995671,0.2880775099899,-0.0497713973747,0.0129699090825,0.1148936598950,0.0369422900308,0.0887989033768,-0.0605801940505,0.0443916229260,-0.0581277064180,0.6063763728412,0.1003047590010,0.1641562621938,-0.0462024123481,0.0544442753317,-0.1742265503937,-0.0265328605631,-0.0251026966641,0.0036896411459,-0.0952029295202,-0.0165094687725,0.0024364746970,-0.2106044431069,0.0542067507766,0.3079211845363,-0.0718707112214,-0.1871962001592,-0.0574331278566,0.4071541810791,-0.1355574922444,0.0649520033201,-0.3748594955147,-0.2237041767442,0.0719082881411,-0.2187292963641,-0.0577185511232,0.0154321174072,0.0564239842396,-0.1077460812260,0.0564487308636,-0.0427590687406,0.1251010972990,0.5934507159481,0.1046528450693,0.1276686514364,-0.0609500969670
0.3952694541192,0.6600228832841,1.0000000000000,0.4134709438717,0.4321927290908,0.5674255512309,0.4954627030149,0.2517766550067,-0.1374686689924,0.3079698953427,-0.0637583797196,-0.0331333147502,0.0708172612715,0.5673285018396,0.3618938415184,0.2059415508902,-0.1091837087248,-0.0585540139330,0.0852382540513,-0.0960670357750,-0.0306421181881,0.2779788794163,0.0619179427091,-0.1751165329708,-0.2303461841370,-0.0515400486079,-0.2209323588657,-0.2040565324856,0.3572359321095,0.3187092063503,0.1118436603235,-0.1085831022782,-0.2634328915038,-0.2638600291547,0.1699080611637,0.1697917524787,-0.1893118058093,0.0715726213633,0.0052367335177,-0.0875515797134,0.3100703603646,0.1432663514379,-0.0358949536549,-0.0856768605838,0.2099608899264,0.1839483027303,0.0287997675469,0.1308384373706,0.3367431725250,0.1550339857935,0.5343727192791,0.6392992220424,0.2022500563450,0.5979953547919,0.3614389932686,0.3695968127454,-0.1711917540914,-0.0796689422809,0.0368966927920,-0.0778038322872,0.1256526128372,-0.2033079283578,-0.0148995700985,-0.1221230384643,0.5578801040938,0.0715815293927,0.1177256944446,-0.1616264477934,0.0178762327578,-0.1855232049501,-0.0385145066258,-0.0849414637379,-0.0870325877443,-0.0959724991530,0.0619269396369,-0.0195994461200,-0.2357080317052,0.0612246196904,0.2238671598812,-0.1007455188007,-0.1512810525654,-0.1145781176008,0.3765721642632,-0.0911547568104,0.1012918531317,-0.3081028414166,-0.1584923884318,0.0253795798261,-0.1184903305368,-0.0919838822033,-0.0186156122828,-0.0402529627625,-0.1178596400837,-0.0694739850333,-0.1071282499872,0.1198241605049,0.5256045579448,0.0755514055438,-0.0640031747985,-0.1602248501217
0.6518620526757,0.5234393645220,0.4134709438717,1.0000000000000,0.6111820086758,0.6640865911010,0.7519447745087,0.4613580334520,0.3162953000090,0.5206852860204,0.4254213615484,0.4499871925066,0.3673413881635,0.3067822739443,0.7585686202348,0.7242545903920,0.4629922737522,0.5274747938048,0.5161286145870,0.2629089287285,0.2136614292358,0.3654112535083,0.4436560977424,0.4020524361269,0.0573116210558,0.0451784396213,0.2618689992567,-0.2992251687868,0.0005719819898,-0.1210748493995,0.5062849651750,0.1715758735259,0.1987066114106,0.0979325411137,0.5525726173994,0.6100176180805,0.2034186427393,0.0481661026257,0.4413054390976,0.4022492814647,0.4789210008863,0.4989027936774,0.1607536314772,0.0372516012500,0.1199250639145,0.5098239312866,0.4966770145122,0.3445103253648,0.0439634510783,0.4150011960273,0.4567443270560,0.4708471165073,0.8226406580722,0.6246370291671,0.5579951421401,0.8313326656898,0.2696952074220,0.3258589643335,0.3651569479109,0.3523024935629,0.2334950044902,0.3344705888264,0.3401751243726,0.3111485910778,0.3033554868382,0.1022587129447,0.6230732560687,0.3860939104366,0.4340992874784,0.2582340984543,0.2494517296862,0.2728755808039,0.4410874077996,0.1535018116380,0.2521021047113,-0.1470719762118,0.1613302175915,0.0531167526364,-0.2046302666294,0.4021398627448,0.1777310498671,0.3152135035211,-0.0082192047220,0.0099239938163,-0.0463735491860,-0.2598032384530,0.0782323438181,0.1444979628990,-0.1446055775085,0.0265050330092,0.2103867360220,0.2769440104347,-0.0781623119082,0.2340478346917,0.3934276201601,0.1637240333579,0.1606513500883,0.1348138890517,0.3038638559254,0.1627902431834
0.7602967677024,0.2780557349046,0.4321927290908,0.6111820086758,1.0000000000000,0.7547222051501,0.6359001415709,0.3505805761811,0.2606438160675,0.3682748442909,0.3338598342575,0.2545255732671,0.2773730233483,0.2207696731917,0.4570784144957,0.4387628790457,0.3030801124062,0.4081292929637,0.3740680697262,0.1965017650585,0.1357883069609,0.2651774206869,0.2897709048531,0.2996897778358,0.0594093718963,-0.0419147565525,0.1880723530445,-0.2557861874972,-0.0506480148402,-0.2372196004987,0.3302823579676,0.0793084112860,0.0655849914655,0.0586176146303,0.3861164794025,0.4279731877137,0.1714073398335,0.0240211534408,0.2873095634599,0.2215709246331,0.3412391072560,0.2663405218818,0.1421063731288,-0.0417811526130,-0.0375157822905,0.3295630256317,0.3147331871062,0.4077200046616,0.3508329446769,0.2089677221888,0.6078543698054,0.3198140224238,0.5123580725010,0.6640478912089,0.6818730666738,0.5861704853562,0.2475536742180,0.2624119457762,0.3161287987719,0.2776518753189,0.1382183943196,0.2714266338600,0.1803711022509,0.1974454479215,0.0860505989191,0.0888080982353,0.3836660052749,0.3473938828862,0.3471861971366,0.2874613396954,0.1475280272220,0.1563067676180,0.3278873270665,0.1403087005641,0.2490050740781,-0.1970972537038,0.1368356545298,-0.0392086363251,-0.2034874525299,0.2695757825363,0.1053953843842,0.1542821434982,-0.0947751343565,0.0462607540946,-0.1019211232121,-0.1260664552846,0.1790733705438,0.1873125340866,-0.0852177735366,0.0360694482916,0.1564931507388,-0.0026198440858,-0.1160362157127,0.1075200771697,0.1396548111393,0.2039767793944,0.0299553525389,0.1862000576750,0.1423344458343,0.0299356097393
0.5089935459630,0.3405035487981,0.5674255512309,0.6640865911010,0.7547222051501,1.0000000000000,0.8672399598246,0.3060611198753,0.1631480507418,0.4611323348158,0.2928736232764,0.3060328978822,0.2670535375570,0.2260125915725,0.5153765179419,0.3974066613169,0.2604988692783,0.2862801438275,0.3111599294184,0.0602886231220,0.0440963778392,0.3347891380347,0.2588626398675,0.2099674372842,-0.1030148819600,-0.0735691153520,0.1391747240516,-0.2167135842842,-0.0117607814475,-0.1717203984689,0.2432598396033,0.0442441918864,0.0112004205517,0.0113422940946,0.4443904061228,0.4576062955540,0.1455868835493,-0.0192562377467,0.3826531677395,0.2646155693455,0.3489666452757,0.2466130176641,0.0801550274242,-0.0969645156071,0.0069423759870,0.3412438125991,0.2955013796159,0.5365442042154,0.2559984397708,0.2793069913034,0.5117639425952,0.4213447338050,0.5113733616183,0.8483118996296,0.7937183635720,0.6987623404465,0.1077715254507,0.1539992428007,0.2181029235230,0.1889077445894,0.2791104027792,0.2514439741975,0.2263040486983,0.1899701552065,0.2419172443419,0.2048643793489,0.3412445128682,0.2305018050431,0.2967968972862,0.1094020748925,0.0766869926232,0.1917461340638,0.2256321455660,0.0384435088498,0.1863338123932,-0.2149342172862,0.0701390519756,0.0640706274730,-0.1323517537379,0.1379589940580,0.0289584416341,0.1193575978254,0.0416517812282,-0.0077079741844,-0.0681820402663,-0.1659549319754,0.1237366537228,0.2099414864315,-0.0693856320238,-0.0237112812612,0.2701653310556,0.1929139827195,-0.1444846112626,0.1448747994680,0.1866897404239,0.3965769435761,0.1355129504864,0.1714438659409,0.1847138193693,0.0464341123511
0.4555910797209,0.3012309196774,0.4954627030149,0.7519447745087,0.6359001415709,0.8672399598246,1.0000000000000,0.3636520579039,0.2851861415080,0.4384142946625,0.3101561272454,0.4016440997411,0.3168012696123,0.1846763077729,0.5438364268115,0.5750436101888,0.4001520557142,0.4436013581789,0.4595178506273,0.1588415398980,0.0990386110710,0.2768441921270,0.2781803451933,0.3463031615683,-0.0094900539954,-0.0438613468237,0.1825253750322,-0.2772608234687,-0.0468344729248,-0.2301598740604,0.3992593112074,0.1050070539868,0.1464972341373,0.0784810083960,0.5288190073535,0.5341627218488,0.2527587423460,-0.0340954606620,0.4769066997609,0.2806292386585,0.3103890304908,0.2573756165354,0.1653299478158,-0.0415220030342,-0.0206049736576,0.3553979426625,0.3651488143079,0.4338953173633,0.0425787634781,0.3515839415084,0.4396365649459,0.3483037383915,0.5724277267149,0.8380569887138,0.6943000344992,0.8678861255356,0.2091914316816,0.2604574251582,0.3562019730596,0.3080683341437,0.2346714068066,0.2761207514790,0.2830234104477,0.2667674267601,0.2367175960197,0.1639987106148,0.5299237506296,0.3447119660203,0.4217724202555,0.2262184433585,0.1305904035912,0.1951204651268,0.3623602421312,0.1255759475498,0.2233973419315,-0.2053128464575,0.1205056935501,0.0281380612762,-0.1852058017972,0.3326867074612,0.1050701944570,0.2203327834960,-0.0348810740638,0.0871055266159,-0.0874812777807,-0.1531865791078,0.1913239406482,0.2417279590252,-0.0346671144854,-0.0626095482212,0.3416201895481,0.2280243053319,-0.1023150269174,0.1641687226829,0.2673740635162,0.2600550678693,0.0559305095732,0.0745129601155,0.1811964938648,0.0702349966112
0.3366945573089,0.2473682310605,0.2517766550067,0.4613580334520,0.3505805761811,0.3060611198753,0.3636520579039,1.0000000000000,0.4560994829992,0.2921461243996,0.2525082508634,0.2335535310434,0.4705492121964,0.0194887389083,0.3687898748635,0.5851363188821,0.4529140583654,0.5347440134896,0.6147723689722,0.7463994739419,0.3698250020230,0.2194261798383,0.4431340217237,0.5023898707760,0.5456664920451,0.5499617486330,0.4695944748051,-0.3925585594096,0.1504343100016,0.0194115968628,0.5603194463390,0.4847312918849,0.3182896056503,0.1071153653843,0.3932919271562,0.4817680209770,0.2313490745318,0.6804618252387,0.3276668363548,0.2818110800572,0.2773373525019,0.2824491180051,0.3897850981126,0.5656546956271,0.5996127030739,0.4561570950196,0.4049564512186,0.1392669127957,-0.0039776591906,0.2725380780832,0.0281203505819,0.0178372650528,0.2204786271336,0.1988320978236,0.1585092510303,0.3757174295830,0.4670035918121,0.5041986017309,0.4183810532154,0.4812611528580,-0.1566999594564,0.1970771181780,0.0506536972968,0.2423937102839,-0.0891506613442,-0.0543950238866,0.4329613367000,0.3735508076803,0.3696063303171,0.5222557382749,0.1432785039364,0.0451695921272,0.5458040721357,0.5343866706833,0.2148418232287,0.0785742755260,0.4456933334991,-0.2108795751558,-0.1907993025901,0.3606398092014,0.2460243725703,0.2916584150278,-0.0481638784303,0.1820667336601,0.2773894039564,-0.3832218593123,0.1992282849469,0.1746255153506,-0.0030588375423,0.4658951481256,0.1505302332596,0.0591433018309,0.3831426301243,0.0849594596328,0.1607426455771,-0.1068783088479,0.0679167030795,-0.1276807766965,-0.0494444363616,-0.0529264290971
0.2551841941167,-0.0557809939645,-0.1374686689924,0.3162953000090,0.2606438160675,0.1631480507418,0.2851861415080,0.4560994829992,1.0000000000000,0.1995049402612,0.3392991373976,0.4526561991218,0.5442713393875,-0.1967821085274,0.0980402836210,0.5777496029450,0.6171784069573,0.6246789995830,0.7965838571715,0.6299333982258,0.3294917091238,-0.0083822437977,0.2892685198312,0.7394223260823,0.6796682738251,0.3320895504181,0.4989610081945,-0.3431037911365,-0.2262728754037,-0.3260983296688,0.4278320164655,0.3862361603604,0.3432419419520,0.0705235626965,0.3510947685980,0.6280629866212,0.3690086099009,0.2233443758549,0.3327511426677,0.1038349517866,0.0547974660163,0.1586005063111,0.2019513946206,0.3144971751200,-0.1263881843838,0.2363933737293,0.2931505220738,0.0842796844815,-0.2091239440791,0.0711015262026,0.0805504138652,-0.0440645916770,0.3327776550761,0.1980748245659,0.1590968271999,0.3906519146002,0.6997197860734,0.7357075151110,0.8407173161086,0.9474925430986,0.0240512781777,0.5044010881187,0.3511626316589,0.5536116779119,-0.3309775079049,-0.1761971077792,0.5910374982394,0.6519243619511,0.7759538755927,0.8026914517337,0.3260470374753,0.2199465058728,0.7260377431971,0.6208542541137,0.3869409422247,0.0852718640760,0.4312605192072,-0.2416372119693,-0.3963187793055,0.6027498973476,0.2599368261367,0.3907486952341,-0.4702469639169,0.0936522123611,-0.0213578628948,-0.1672329158034,0.2838882361847,0.2521313308881,0.0658373819252,0.1905489125299,0.1545951591439,-0.0045717615403,0.2224133432264,0.1426514146231,0.2568608832565,-0.0551877956315,-0.3527634236821,-0.1057581823160,0.0582411184802,0.2146295763592
0.3574521839539,0.3015048137702,0.3079698953427,0.5206852860204,0.3682748442909,0.4611323348158,0.4384142946625,0.2921461243996,0.1995049402612,1.0000000000000,0.4859243498199,0.5880393486062,0.5543895522374,0.2181496033035,0.5193985124891,0.3182857375529,0.2573103128295,0.1831357022133,0.4073801025579,0.1243751749460,0.3829340308019,0.7303378958287,0.4513065898245,0.2933428534450,0.0446393117792,0.2233863824090,0.3574303187243,-0.3246117815422,0.1580570202753,-0.0614775423981,0.3249340950977,0.3360172383348,0.1516783465575,0.2648313298505,0.3630019276331,0.4411492880053,0.3102546534191,0.0528986052034,0.2658769257543,0.2965043604368,0.4866192308550,0.6394746910694,0.0647428222353,0.1065563446113,0.0631611645936,0.4520228281011,0.3972733467580,0.2802911112163,0.1117939561300,0.4883802963855,0.3782237108180,0.3561816749121,0.3552723259393,0.4618480839091,0.3700914494729,0.3974397958809,0.0131217772210,0.1678893054603,0.2837863834304,0.2276144225474,0.7213486091187,0.4748070797916,0.5855984638988,0.4522694874993,0.2111214902602,-0.0098949935854,0.2305322058041,0.1695424425151,0.3347042859204,0.0726092112357,0.3817015204430,0.4758590159207,0.3758851614303,0.2631968139388,0.3121697298743,-0.0483297622846,0.2239128335498,0.0831406946489,-0.0883547402665,0.1319310636977,0.2146759883404,0.2646752420973,-0.0314106141069,-0.1271103707403,-0.1200747218834,0.0104151455204,0.2859082813441,0.1326821436243,-0.1040358854702,-0.0402736365722,0.0680105145100,0.1810480584148,0.0240961627521,0.0676051856925,0.3053923421816,0.2062900325456,0.1208679005954,0.4180077604855,0.3606212950683,0.2789929373873
0.3882645132311,0.0852010679284,-0.0637583797196,0.4254213615484,0.3338598342575,0.2928736232764,0.3101561272454,0.2525082508634,0.3392991373976,0.4859243498199,1.0000000000000,0.7639045132770,0.6013118903644,0.0897550244913,0.3732241228877,0.3949949232680,0.4900977514990,0.5116861205839,0.4435205317177,0.1356780821579,0.4346363883899,0.5154295103511,0.5735603438559,0.5516671389127,0.0708863731086,0.1332190279936,0.4704216459517,-0.1767884101328,0.0891590476574,-0.1060247541816,0.4213812358082,0.3447235484633,0.3597063752275,0.3245677638549,0.5199439020506,0.4371918000549,0.5618314386005,-0.1163271541172,0.5171401501829,0.3322294858139,0.3048346597905,0.4350066004536,0.2254026916246,-0.0342830883114,-0.1406150351448,0.4137162309174,0.4995785179133,0.3944053266339,0.0642228122093,0.2910442200080,0.1898733141573,0.0643283207286,0.3401538811595,0.2581184718433,0.1976139051925,0.3722545031854,0.2235809782670,0.2735131368692,0.3659418625374,0.2988362036997,0.3002730623427,0.7151974354830,0.5958661823758,0.4362911748652,-0.0878477940437,0.0062485767040,0.3922520952756,0.3933959238497,0.4475921555803,0.2350316067192,0.3556121312426,0.5419845293703,0.5406611451248,0.2047052936034,0.2285051113903,-0.0824215486240,0.2661401184046,0.0780676742394,-0.0608904198891,0.3419302404284,0.2933874940340,0.3551178033093,-0.1641071683673,0.0224464202785,-0.1819266553534,0.1104014509774,0.4410781513904,0.3861904339123,0.0576803776583,-0.0894538644727,0.3176449763165,0.2185668344810,-0.0527663734042,0.3091101884148,0.3136954273762,0.2109221246246,-0.0737484929343,0.1644833635814,0.3506799108344,0.3166260463405
0.2786879361870,0.0526170849472,-0.0331333147502,0.4499871925066,0.2545255732671,0.3060328978822,0.4016440997411,0.2335535310434,0.4526561991218,0.5880393486062,0.7639045132770,1.0000000000000,0.7385322137416,-0.0222143803120,0.4259452222441,0.4791575817106,0.6534640697527,0.5491016347197,0.5040363889867,0.1744887802425,0.4775730307355,0.4650285684415,0.4695961349541,0.6306817874169,0.1328701194358,0.0846410292550,0.4055110756539,-0.1849705347324,0.0107813463824,-0.2370297344969,0.4333446739781,0.2686718654723,0.3421179072934,0.2166120109767,0.4818348273040,0.4871254575774,0.4924960237989,-0.1457585998446,0.4514794838930,0.2527550815406,0.1884530257869,0.3907296609788,0.1951002032610,-0.0599799394283,-0.2052630988133,0.2692951968447,0.3796780421473,0.2500229713020,-0.1187950612555,0.3115397739782,0.2188082457562,0.1239783742004,0.3903734135536,0.3613123558897,0.2169460101444,0.4754403538781,0.3101544546088,0.3225959514912,0.4859031593634,0.4362507494409,0.3793603581123,0.7588689144679,0.8079999589025,0.6241852245007,-0.0149137379641,-0.0776639604626,0.4508776951893,0.5141127221824,0.5260529414036,0.3124194338576,0.4808676993237,0.4860411750501,0.6248059635568,0.2956052360734,0.3216622033701,-0.1118091621865,0.1518265385836,0.0824686468628,-0.0946013186788,0.4451125208862,0.1757921207444,0.2922759926001,-0.2554922961294,0.0008442259110,-0.2412880332205,0.0996483762241,0.4222359176868,0.3252250450044,0.0419709315643,-0.1657692482925,0.2826689932144,0.1751635750394,-0.0876855921443,0.0874958971765,0.2287042181476,0.1002457135787,-0.1569732593279,0.1375395631002,0.2840877526845,0.3541993370403
0.2936277747547,0.1267669722178,0.0708172612715,0.3673413881635,0.2773730233483,0.2670535375570,0.3168012696123,0.4705492121964,0.5442713393875,0.5543895522374,0.6013118903644,0.7385322137416,1.0000000000000,-0.0198999857624,0.3860499795846,0.4242905449029,0.6470111270558,0.4977963506141,0.6140477231108,0.3197437270774,0.4709163826494,0.4370840980523,0.3836239577531,0.6648446131109,0.3165611999531,0.2972838263671,0.4095926653538,-0.1853877188281,0.1365374800218,-0.1027147508222,0.5162216592996,0.3936067185385,0.4574029933974,0.2616832617410,0.4253746213817,0.5202293229434,0.5186073635116,0.1566200777215,0.4726818609292,0.2756302261222,0.2365450569934,0.4445702464683,0.3293697657743,0.1876817307393,0.0008859095336,0.3620855281698,0.4218852374338,0.2903714958397,0.0584645543158,0.2743799468156,0.1817576370003,0.0911271125115,0.2788527275603,0.2730578169814,0.2024831818292,0.3566468856146,0.3238018826405,0.3680399374173,0.5225425371137,0.5243677950726,0.2304760370761,0.6321460150288,0.6112769578220,0.6829227656126,-0.0693329759651,-0.0223994669243,0.3845580786677,0.4674046818111,0.5389233685900,0.3364256344909,0.2462395817549,0.3134271667001,0.6341397185894,0.3827433808887,0.1893803485186,-0.1443959336412,0.2024207661947,0.0904229422360,-0.1180755579878,0.3659018062071,0.1821445029067,0.3614204819174,-0.2683247637299,0.0622716365093,-0.1791927688645,-0.0040020454025,0.4055305123735,0.3567741462490,-0.0026148412613,-0.0565039185538,0.2720078995976,0.1759759079766,0.0781842617674,0.0737878598989,0.1551737196285,0.1202570892389,-0.0966151015777,0.0767779041695,0.1758889381238,0.1644186641093
0.4663967165651,0.7121981493101,0.5673285018396,0.3067822739443,0.2207696731917,0.2260125915725,0.1846763077729,0.0194887389083,-0.1967821085274,0.2181496033035,0.0897550244913,-0.0222143803120,-0.0198999857624,1.0000000000000,0.3600763852107,0.1587136474773,-0.1553311828837,-0.0264776611883,0.0198930498213,-0.2038298811812,-0.0074084604801,0.3351786823940,0.1344774721149,-0.2678090009475,-0.2299823189014,-0.0450496120047,-0.2021125001748,-0.0541282844533,0.5502325138567,0.6145790282071,0.1016859303103,-0.0687912224322,-0.2504770607423,-0.1162773126167,0.1018533638046,0.1367939662978,-0.1605477727577,-0.0731722309605,-0.0574282465656,-0.1255350302589,0.3909104766785,0.2479816565240,-0.1564886249986,-0.1780832058759,0.0557971222840,0.2033005226482,0.0840237399150,0.1266602883671,0.4926810538339,0.1084091054586,0.4073177485799,0.5873409661565,0.1581979173682,0.1958839188591,0.0698262379600,0.1272917560987,-0.2446691447648,-0.1640527040762,-0.0498393731948,-0.1777339263832,0.0974356084852,-0.1691749900809,0.0351255143595,-0.2723364042897,0.5595711400484,-0.0918211110972,0.0942459356972,-0.2215864108428,0.0386596270318,-0.2510836100068,-0.0302795739049,0.0630270707890,-0.2018039048549,-0.1917924468376,-0.0693363686370,-0.0630007784560,-0.2527692175855,0.1712518037916,0.4493469976312,-0.1200049194118,-0.1884033514002,-0.2513024274050,0.4282133698880,-0.3241191480289,-0.1285022346245,-0.1328375181032,-0.1822567774516,0.0153623376134,-0.2486377636627,-0.2314592641720,-0.1412599329790,-0.0421001322125,-0.2325238824233,0.0761501745676,-0.1229903900008,0.1592085273477,0.6376009324309,0.1715879180057,0.0726884795141,-0.1621748278075
0.5043456383779,0.5341111887392,0.3618938415184,0.7585686202348,0.4570784144957,0.5153765179419,0.5438364268115,0.3687898748635,0.0980402836210,0.5193985124891,0.3732241228877,0.4259452222441,0.3860499795846,0.3600763852107,1.0000000000000,0.4215441209735,0.3599820991567,0.3868136122771,0.3303501281981,0.1199795824908,0.2210393141651,0.3943589276574,0.3872747870047,0.2194832371862,-0.0350822617416,0.0310767766481,0.0987578347721,-0.1277819905161,0.1789617498198,0.0087298059090,0.4217732402744,0.1360056212638,0.1492855106133,0.1652768133126,0.3903153466902,0.4064579867901,0.1763881091711,0.0702171450703,0.4822095685113,0.4394658142716,0.5156714482869,0.6045651649528,0.2156126399494,0.0403640629739,0.1444293727826,0.4388170926704,0.4534236176006,0.4240333258620,0.1511545810152,0.5459808998067,0.2554541183171,0.3589150025717,0.4954350249309,0.4176359556225,0.4108223405339,0.5248530095748,0.1986073155902,0.2099997863097,0.1794689718662,0.1440527847810,0.1353359280163,0.2459767524893,0.2619014150842,0.2042567390151,0.3399794142479,0.2672374602446,0.2995355405609,0.2723384929196,0.2500536157705,0.0580012040942,0.2077509998301,0.1318212945231,0.2609865744497,0.0699281384333,0.1407651112771,-0.1583027679159,0.0306122055831,0.2538191516587,-0.0410199033931,0.1733019497251,0.0494137287755,0.2242917604937,0.0599505450423,0.0069340763120,-0.0714145361968,-0.0974517842511,0.1095276509394,0.1409176689494,-0.1159892766933,-0.0383129230516,0.3495854841053,0.3644292160909,-0.0567917824978,0.0882706343855,0.2169278959146,0.2542323867293,0.2286162669784,0.1086239679058,0.2472633543318,0.1348675786406
0.4909047454896,0.2564219169914,0.2059415508902,0.7242545903920,0.4387628790457,0.3974066613169,0.5750436101888,0.5851363188821,0.5777496029450,0.3182857375529,0.3949949232680,0.4791575817106,0.4242905449029,0.1587136474773,0.4215441209735,1.0000000000000,0.7250469690637,0.8161312591387,0.7582768736296,0.5910070973020,0.4570752783282,0.2342674682966,0.4859439491323,0.6739368452368,0.3706359192387,0.3290914420690,0.4561249416175,-0.4683626652645,0.0055067093401,-0.1185922377326,0.7512568208788,0.4733538554366,0.3803085808658,0.1287003810966,0.5650170208671,0.7957597320586,0.3015422651434,0.2036600876548,0.4173286006247,0.2122120720641,0.2790214838159,0.2501618258540,0.2316087367904,0.2543683264736,0.0544818160958,0.4135271801179,0.5039854710647,0.0974286283128,-0.1521372131760,0.2524140858217,0.2562096974003,0.1806178836231,0.6051365475699,0.4490025162716,0.2611655917714,0.7303280229588,0.4735821013505,0.4942207745139,0.6225120696133,0.5540035021186,0.0002764967125,0.3302349467308,0.3114892319290,0.3350335879870,-0.0033130673346,-0.1829857305584,0.8905385233115,0.5913255776018,0.6570304558084,0.5920119152303,0.4178785667898,0.2682583100907,0.6495596757398,0.4084127853159,0.4575031724809,0.0369549530305,0.3438184141835,-0.1974288915067,-0.2495813862474,0.7670931199030,0.3661976962295,0.3620502884225,-0.2057956466616,0.0692065101514,0.0079659318504,-0.2338687826285,0.1947443704475,0.2408935372112,-0.0435294149781,0.1532257837770,0.1597109955641,0.0874428336095,0.1270977078284,0.1770326198049,0.3155883331641,-0.1032416012187,-0.0303332661134,-0.0633862410887,0.0974422992046,0.0688636914041
0.2839415625493,-0.0472540755620,-0.1091837087248,0.4629922737522,0.3030801124062,0.2604988692783,0.4001520557142,0.4529140583654,0.6171784069573,0.2573103128295,0.4900977514990,0.6534640697527,0.6470111270558,-0.1553311828837,0.3599820991567,0.7250469690637,1.0000000000000,0.8470980349072,0.6783906545985,0.5262287820094,0.5105755217074,0.1544743796062,0.3064711400987,0.7933532574979,0.4195547801785,0.2620251192440,0.4319832758157,-0.2158366951909,-0.1177494689907,-0.3719609541242,0.6854788388011,0.4396492807975,0.5845429341349,0.2669002241087,0.3796056308752,0.6064416254990,0.4427964831717,0.1083361056691,0.4518038536784,0.2451865808668,0.1008386105242,0.2060514540059,0.2947028039246,0.2279258713014,-0.1177352896681,0.2131835695955,0.4453009429900,0.1447132148625,-0.1365550028150,0.1987089947780,0.0323517555680,-0.0978801272779,0.4142698446072,0.2584375881826,0.1850091583345,0.5004204427620,0.5782782500586,0.5173687354429,0.5873241413438,0.5566498680362,-0.0314325484903,0.5166051158240,0.4094456519755,0.5456669128842,-0.2315804899121,-0.0792448669004,0.6551548322382,0.7499182847677,0.6169216226807,0.6018995103802,0.4220442517127,0.2286286048226,0.6771369397881,0.3960136400790,0.3426183893588,-0.0551574475308,0.2674382262730,-0.0522481940725,-0.2657818651126,0.7400169281863,0.3527780445132,0.4423023480842,-0.4259601835255,0.1096317534272,-0.0907245612613,0.0105700514922,0.3230187153827,0.2316429374901,-0.0037058003553,0.0578395510689,0.2689558732694,0.1054407428680,0.1608066098093,0.0671964162107,0.2440399399893,-0.0683295437239,-0.2874988904640,-0.0582099703017,0.1285300585768,0.1444364797029
0.3953429427998,0.0545682579978,-0.0585540139330,0.5274747938048,0.4081292929637,0.2862801438275,0.4436013581789,0.5347440134896,0.6246789995830,0.1831357022133,0.5116861205839,0.5491016347197,0.4977963506141,-0.0264776611883,0.3868136122771,0.8161312591387,0.8470980349072,1.0000000000000,0.7146050158078,0.5666250510403,0.4289952757359,0.1304031571387,0.4407309080229,0.7937571048360,0.4270922965180,0.2914441465100,0.4670569331867,-0.3582812186035,-0.0675086133648,-0.2484418211113,0.6930203371242,0.4640218609001,0.5015651746856,0.2282662387941,0.4513927295220,0.6077030467403,0.4499864054852,0.1280655435468,0.4881154447621,0.2585408917819,0.2102114906299,0.2225368814033,0.2644208214321,0.2436978669614,-0.0603840324429,0.3577314077245,0.5180873116666,0.1775337320236,-0.1545719451172,0.2459816112287,0.1069873744981,-0.0402326340941,0.4403944201137,0.2837734790845,0.2069772153620,0.5621900960533,0.6196953041946,0.5439176668509,0.6400067029774,0.5667944873518,-0.1366215886075,0.4824740231295,0.2854918905372,0.3609332062959,-0.2140884649672,-0.0766156500242,0.7282580214492,0.7469845582429,0.6214988694709,0.6505077829805,0.3817059404338,0.2601872114255,0.7104293430316,0.4129880706956,0.3386795344964,-0.0222016920306,0.3905111421186,-0.2103060991804,-0.2705233325286,0.7629343035242,0.3489332908017,0.4066318063737,-0.3513230544785,0.1083317393392,-0.0775916831478,-0.1051365112745,0.3185902481180,0.2608140062348,-0.0093110842925,0.1131181267756,0.2980423114683,0.0900494603164,0.1456926653838,0.2179250822863,0.2721568231172,-0.0515861827327,-0.2378587728054,-0.1018959559838,0.1287654924861,0.0654350082627
0.4196823367552,0.1078738987290,0.0852382540513,0.5161286145870,0.3740680697262,0.3111599294184,0.4595178506273,0.6147723689722,0.7965838571715,0.4073801025579,0.4435205317177,0.5040363889867,0.6140477231108,0.0198930498213,0.3303501281981,0.7582768736296,0.6783906545985,0.7146050158078,1.0000000000000,0.6945341315069,0.4973335375649,0.2298618555682,0.4338514724200,0.7662863944122,0.6086044415896,0.4170075518484,0.5274740290721,-0.4330337806778,-0.0515571715633,-0.2162187246624,0.7300819745955,0.5260775704936,0.4101005851826,0.2298271478555,0.4751961797849,0.8125161795695,0.4373262149935,0.2985761813081,0.4547950802977,0.1983064433347,0.2342886331936,0.3086230789904,0.3129944366082,0.3938326803623,0.0239635229816,0.3894752498371,0.4758058219434,0.1366352092525,-0.0990607642323,0.2425955756024,0.1270380479575,0.0455381762547,0.3330352295247,0.3377429453617,0.1583687618934,0.5131947299001,0.5489278023524,0.6598142030047,0.7262911425795,0.7460021218592,0.0472730367142,0.4368338547008,0.3642763883802,0.4888579766079,-0.2453220111418,-0.1387234119445,0.7187844863571,0.6073074808226,0.8437114923442,0.7133136726567,0.4060170557683,0.2117473802089,0.7381742058866,0.6310595841086,0.4815460763242,-0.0190889528162,0.4639162770518,-0.1414714522472,-0.3717151068043,0.6777915554131,0.3771891313500,0.4315962803911,-0.3826582341241,0.1505493078574,-0.0503184983096,-0.1344438523766,0.3538551406170,0.2727309122714,0.0177032818586,0.1983390969468,0.2005148800382,0.0480116134069,0.2267879682087,0.1044213647948,0.2783845991910,-0.0730181823585,-0.1921080423865,-0.1288069198993,0.0335189130786,0.0917333493285
0.1998398054220,-0.0938846615749,-0.0960670357750,0.2629089287285,0.1965017650585,0.0602886231220,0.1588415398980,0.7463994739419,0.6299333982258,0.1243751749460,0.1356780821579,0.1744887802425,0.3197437270774,-0.2038298811812,0.1199795824908,0.5910070973020,0.5262287820094,0.5666250510403,0.6945341315069,1.0000000000000,0.4454903916331,0.0078271247281,0.3466513764725,0.6198805101004,0.8689630055111,0.7021789816704,0.5980067622506,-0.3916666774412,-0.0996902200648,-0.1916398540140,0.5854123074949,0.6451631699662,0.4252773143868,0.2547386003930,0.3048142085303,0.5362982709897,0.2834889312209,0.7402310586708,0.2540197989226,0.1834964888241,0.0348137387949,0.0857487072218,0.3532750761817,0.7480610957913,0.3992245294054,0.2404853846715,0.3528396775015,-0.0477606846200,-0.1677823844331,0.1417490643417,-0.1485890294188,-0.2458883111288,0.0857095159720,0.0227385110841,-0.0527074790155,0.2256599380709,0.5593521200753,0.5844471552609,0.4742219320180,0.5742793004689,-0.2609845659405,0.1836800693813,0.0379046027730,0.2552289460505,-0.4135514382705,-0.1903602499919,0.4710587889372,0.4612946248232,0.4544557808458,0.7921757325566,0.2662898188222,0.0192923410190,0.5806021788442,0.7890068314752,0.3326821014477,0.2137925816798,0.6489925075691,-0.3150218204936,-0.4064021751860,0.5581383048105,0.4354094064435,0.3635890398345,-0.3461604581297,0.1989060707400,0.3190556663487,-0.2037852082777,0.2863817683546,0.0943675812105,0.0573214781013,0.6513920730580,0.1117559710297,-0.0446760654440,0.6096121396000,-0.0354320771268,0.1823967730075,-0.2335722508203,-0.2492579198933,-0.2659132766556,-0.2192618119395,-0.0201142114414
0.2132141671202,-0.0910014898221,-0.0306421181881,0.2136614292358,0.1357883069609,0.0440963778392,0.0990386110710,0.3698250020230,0.3294917091238,0.3829340308019,0.4346363883899,0.4775730307355,0.4709163826494,-0.0074084604801,0.2210393141651,0.4570752783282,0.5105755217074,0.4289952757359,0.4973335375649,0.4454903916331,1.0000000000000,0.3994970729239,0.5793878166649,0.4707106844863,0.3350028448288,0.4577928758666,0.5119428267219,-0.3639906336426,0.1772163012342,0.0316294919254,0.7167089101613,0.6422043828637,0.4917157549855,0.2937831061745,0.5655545729200,0.4942392319470,0.4189233063195,0.2629271033735,0.3315670369276,0.0592824056763,0.1029324281263,0.3675492782384,0.5277774730872,0.2607500881963,0.0477699583069,0.3172735129118,0.4796481133865,0.1605777182931,-0.0020740299644,0.4271800325161,-0.0993373383800,-0.2413077997865,0.0254084595627,0.0408014796048,-0.1456212792838,0.1194309629446,0.2313157098963,0.2613590608509,0.3188331692673,0.2703808428305,-0.0089302374179,0.3459371671613,0.3604085239734,0.2571586457864,-0.3091263333957,-0.0601762368503,0.4053168141272,0.2695428818601,0.4373304964095,0.3585720499610,0.5221807749813,0.3593073192055,0.4863047535460,0.4488309238027,0.5452009415977,0.1208999482362,0.3964492973833,-0.0665634337627,-0.1486674493296,0.5129195474296,0.4681445457723,0.3206932599986,-0.2306512448365,0.2526971602807,0.0175494373351,0.0830768545389,0.4298432294738,0.3671813476469,0.4012053151847,0.1269517162919,0.1792100767815,-0.0015955219795,0.2180738575168,0.0407625685987,0.1746197102835,-0.0126033404463,-0.0780433124328,-0.0775245219491,0.0112727364847,0.3562767243724
0.3261817503697,0.3185789396633,0.2779788794163,0.3654112535083,0.2651774206869,0.3347891380347,0.2768441921270,0.2194261798383,-0.0083822437977,0.7303378958287,0.5154295103511,0.4650285684415,0.4370840980523,0.3351786823940,0.3943589276574,0.2342674682966,0.1544743796062,0.1304031571387,0.2298618555682,0.0078271247281,0.3994970729239,1.0000000000000,0.5481010895719,0.1405160198788,-0.0834981841532,0.2099079043981,0.2789022897368,-0.2674262132767,0.5394952188193,0.2297500880045,0.3546260452923,0.3527175232541,0.2039766025774,0.2755670744734,0.3700372079281,0.3050371581748,0.2864307749088,0.0281240520430,0.2506236938893,0.2700198387356,0.5947173779645,0.5542766739482,0.0898612366303,0.0521939309470,0.1238706269400,0.5014817886491,0.4711640882136,0.3010494640802,0.3390318931614,0.3751098721665,0.2539157600262,0.2650241037310,0.1884253735289,0.2542200280957,0.1571551768536,0.2080719776132,-0.1009261142292,0.0252349640880,0.1116095972338,0.0066323237571,0.5273042275622,0.2764096578168,0.4447495239402,0.2303238394252,0.1193296102974,0.0348274270929,0.2057795052039,-0.0194584506858,0.2323948685920,-0.0546429032359,0.2689883305539,0.6323723907422,0.1815799881009,0.1613819198518,0.2110757866652,0.0888832437152,0.1506414794894,0.1665366067032,0.2522712923380,0.0611262866164,0.2537284691174,0.2516148262905,0.2258810993682,-0.0766050530219,0.0081734699017,0.0505121118210,0.2465962622411,0.1733560690073,-0.0444276962157,-0.0237205206264,0.0748404237793,0.2355761910738,0.0675950267651,0.2646469610206,0.2707804582785,0.2123140704118,0.3685467582512,0.5679959361128,0.3250707355298,0.1358208680769
0.3694943000357,0.2339201905751,0.0619179427091,0.4436560977424,0.2897709048531,0.2588626398675,0.2781803451933,0.4431340217237,0.2892685198312,0.4513065898245,0.5735603438559,0.4695961349541,0.3836239577531,0.1344774721149,0.3872747870047,0.4859439491323,0.3064711400987,0.4407309080229,0.4338514724200,0.3466513764725,0.5793878166649,0.5481010895719,1.0000000000000,0.4061118315013,0.2031412079394,0.3847033353228,0.6533792032898,-0.6086717303127,0.2157386255201,0.1086217576329,0.5684293443751,0.5911882314642,0.3997254641311,0.2357479877531,0.7082923551058,0.4694761957177,0.4463279915057,0.2373364534318,0.4911804929285,0.4022498485983,0.4678437726141,0.5348447604627,0.4227577848112,0.2453693515281,0.2485303064558,0.7626092117565,0.7615373941994,0.3850978520064,-0.1037284137844,0.5265229067135,0.0013754173149,0.0468576629906,0.2479184575396,0.1570243703500,0.0410816807043,0.2647427077492,0.2088271517620,0.2804802502784,0.3290770726890,0.2774081534466,0.1072868482726,0.4100898957046,0.3184677992603,0.2041038762764,-0.1755854894488,0.0795443143831,0.4559716898219,0.2039826706229,0.3870856643173,0.2965243464260,0.3268277682095,0.5946212883849,0.4805866578965,0.4233531840074,0.4375099145504,0.1405167916594,0.5783674226182,-0.2432816167296,-0.1508826670557,0.3363658878729,0.4616501809303,0.4158427198139,0.0422911744503,0.2280371136750,0.1483998805331,-0.1681540349669,0.4053828551020,0.3643787771801,0.3060397811939,0.2551802050247,0.2804852113724,0.2652381197813,0.2077084584174,0.4911322931402,0.4394957440013,0.1763203076573,0.0787464977392,0.0172911158517,0.2396687413951,0.3436305342383
0.2273780232945,-0.1128675507071,-0.1751165329708,0.4020524361269,0.2996897778358,0.2099674372842,0.3463031615683,0.5023898707760,0.7394223260823,0.2933428534450,0.5516671389127,0.6306817874169,0.6648446131109,-0.2678090009475,0.2194832371862,0.6739368452368,0.7933532574979,0.7937571048360,0.7662863944122,0.6198805101004,0.4707106844863,0.1405160198788,0.4061118315013,1.0000000000000,0.5219148038668,0.3796325954007,0.6155047510594,-0.3650573810941,-0.2459277418314,-0.4112122365814,0.5757708546480,0.4997819216683,0.4754383990941,0.2933914970044,0.4377652618013,0.6447319999357,0.5867523774402,0.1893669123514,0.4470995759705,0.2674308910754,0.0125330392080,0.1729492727056,0.2491824025140,0.3082611094331,-0.1026179124846,0.2577938974430,0.4192853756576,0.1293023095859,-0.2331735745363,0.1551662601289,0.0878508434531,-0.0914655987211,0.3616289509255,0.2644777611318,0.1956448482603,0.4920434940030,0.5580595521328,0.5388911479676,0.6485714393152,0.6681043155039,0.0516049259969,0.6469185966729,0.4528469817403,0.5823761973317,-0.3012946637464,-0.1351802188086,0.6168806292795,0.6913775092231,0.6355216059524,0.6709632391407,0.3912863961322,0.3283183427996,0.8457347936573,0.5570691159505,0.3471575189118,0.0005798986906,0.4882610741271,-0.2761718780440,-0.4294447802204,0.6919589863616,0.3821170532481,0.4118392222617,-0.5204889791984,0.0980480883881,-0.1072445917397,-0.0615506672001,0.5000474351756,0.2966768845363,0.0269817798514,0.1986495278686,0.2730132334996,0.0508644926017,0.2285327667133,0.0985029798441,0.2786793553061,-0.0686743650986,-0.3848986228116,-0.0973596980996,0.0951140253680,0.1980834822752
