1.0000000000000,0.1949040527041,-0.3359094926342,0.7373170935181,0.9091555893186,0.4774933057081,0.3918471640436,0.3614944417762,0.2311706903931,0.6676398861494,0.6141663281424,0.5581731190557,0.5761167919112,0.2804274907136,0.3828986517518,0.4189754489760,0.5783489314053,0.4997811346180,0.1340448433321,0.4335368107278,0.4662103079666,0.4038617936448,0.4973821652587,0.4308792800905,0.3020122809727,0.3934110498999,0.3196179092269,0.2779657988793,0.1400095852330,0.1310723086913,0.2503045255669,0.5211615109637,0.4341983165055,0.4204310447881,0.3750545547440,0.1177343845248,0.4345847061767,0.2756746654726,0.3559201714994,0.0644033173786,0.5655645983819,0.6375063091514,0.2360287816657,0.2086250217403,0.1163817904168,0.3753598505969,0.4484666221635,0.5597115337750,0.4928182430088,0.5013457821461,0.7179414387671,0.0593182803585,0.5520042230157,0.6942146897953,0.4490283781676,0.5633665393423,-0.1712009743875,-0.1316383809382,-0.0792308853639,0.1774891133394,-0.2549007511662,0.1904060309547,-0.0541292094083,-0.1499943635820,-0.3414849133316,-0.3482107639461,0.0783634439858,-0.1559214173576,0.0208090261919,0.1054310516161,-0.2747826010454,0.1743263435407,0.2397549182978,0.1333473919154,-0.1717653075186,-0.0397567071837,0.2473224074956,0.0902486937834,-0.3740130280259,0.2039275219925,0.1067563150564,-0.0993648263837,-0.4732004997921,-0.2526405726293,-0.2091382004145,0.0670378106748,0.3054861836342,0.1121553049794,-0.2579414272291,-0.0297420854919,0.1307623082221,0.1272923121532,0.0606613541026,0.0391496160474,0.0365202938615,0.5084311182348,-0.1729304259342,-0.1984574016586,-0.4592024455711,-0.2921359459960
0.1949040527041,1.0000000000000,0.3948049899810,0.1946470997522,0.0891952978647,0.2199913093633,0.0172934296224,0.2613158043900,-0.2780333311457,0.2495521281350,-0.0947192524871,-0.0544159932582,0.1328346705343,0.7549377464736,0.4978794339658,-0.0421865228502,0.0447654926232,-0.1054674279230,-0.2391056528825,-0.0420527003997,0.0937514371109,0.2898641297775,-0.0840411239446,-0.1852282488115,-0.2240862859070,0.1171031946981,-0.4262078505083,0.3781528555839,0.5439906111476,0.6421645282860,-0.1545488027250,-0.0347334280554,-0.1299037424645,-0.0505222382703,-0.1322996615620,-0.1054658623005,-0.1851917055281,0.0914455779564,-0.0884649303996,-0.0981494411958,0.3651102426292,0.3379979613054,-0.0798071183055,-0.1160193631692,0.4248681144181,-0.0635042709753,0.0066349455958,0.0852011968470,0.4134219557454,0.2587962952078,0.0397922017221,0.6485860791243,-0.0665874996620,0.1728558051924,0.2106172256447,-0.1501638073018,-0.2324168989463,-0.2961637458895,-0.2524667084334,-0.2721939033903,-0.1672145791550,-0.3915369819321,-0.4354571719206,-0.5325178771550,0.4087133458720,-0.2943364962698,-0.2913509913593,-0.4158480576954,-0.2660627878166,-0.3700892368978,-0.3958086410417,-0.3367020844964,-0.2726795544070,-0.2549942279939,-0.4306767458374,0.1102749992574,-0.3564716800265,0.2081816043120,0.3140839933558,-0.3255236176791,-0.3418986705290,-0.4877871982496,0.2301911880138,-0.5392288305057,0.0829537833753,-0.3126727689813,-0.2132583078386,0.0720800535054,-0.4574750558881,-0.0712275885301,-0.1270348852927,-0.0103347857747,-0.0653695628220,-0.3358939634484,-0.3627658059309,0.1315224928243,0.5910777948659,0.0390788443167,-0.2586584815093,-0.4948689632784
-0.3359094926342,0.3948049899810,1.0000000000000,-0.2043713105158,-0.2800036209782,0.3214930045311,0.1922802262861,-0.3057686864850,-0.2836145671437,-0.1755597434674,-0.3213208908024,-0.2334221197375,-0.3465191615950,0.4992128674707,0.0804388220641,-0.1135557657160,-0.2875931998101,-0.2924927842933,0.0157625853437,-0.5514191205875,-0.2300856644118,0.1266479998540,-0.2614569348535,-0.3774575822363,-0.5492209352611,-0.3457659140495,-0.3532172789062,-0.1047721093150,0.2361441435503,0.3511181868349,0.0625739086007,-0.5554760537653,-0.3540549643039,-0.3224788022975,-0.0641442245642,0.1106400481406,-0.3524472208029,-0.3744239255052,-0.1543579326490,0.2114240712588,-0.0494713042266,-0.1848284223769,-0.0913165490152,-0.3794497510011,0.0306891032587,-0.2744769642861,-0.2315437911650,-0.1644102161943,0.1718915425067,-0.1644755400934,-0.2925354755559,0.4340562174292,-0.3329145441126,-0.1036680340402,0.1783926153580,-0.3324438854617,0.0229372756922,-0.0882177002466,0.0738152757567,-0.2230748413190,0.3170356919935,-0.2697332383564,-0.0099303003151,-0.0890486729945,0.6820450802341,0.1671255893522,-0.0243929132049,0.0877504737177,0.0238358722218,-0.2971218341328,0.1668668333949,-0.2459063418719,-0.2047112078695,-0.3996926264825,0.0168365567706,-0.2812722450255,-0.5461663999717,-0.1075687430737,0.5907392704274,-0.2202773732143,-0.1627769499635,-0.3346887242015,0.6032258485773,-0.0485745309636,-0.1921718736283,-0.1626514729161,-0.1649391213219,-0.0361675853528,0.0011056502728,-0.3486972201172,-0.0086855769435,-0.4002107842088,-0.2663466193388,-0.3436909866446,-0.3132363913270,-0.2791891577033,0.6504395664549,0.3003602861087,0.4427063253788,0.0384850467073
0.7373170935181,0.1946470997522,-0.2043713105158,1.0000000000000,0.7599366685689,0.6137806163348,0.6641096489384,0.3148502965558,0.3676162457662,0.7081359964315,0.6806977628406,0.6618089371844,0.5933025909402,0.2744072454332,0.6572023608940,0.5549756312190,0.6178801669146,0.6137838389963,0.3179168306687,0.3980299076792,0.4506025655026,0.4726560672144,0.5727041674366,0.5664730445253,0.2711442308503,0.3791004502187,0.4081453499479,0.2364151898373,0.1524076320672,0.1645816425067,0.4207554064846,0.5490507144683,0.5273647081853,0.6157514384328,0.5603661573004,0.3269347598095,0.5296451540297,0.2600754999883,0.4957220863331,0.3150605058342,0.5881109217947,0.7238428207548,0.3743529311179,0.2923913235960,-0.0742196496939,0.4103482942047,0.6461236840214,0.6439346156604,0.4744249419546,0.5333615529675,0.4657694753226,0.0842311309843,0.6857203870522,0.6058032822645,0.5929280728647,0.7542925380022,-0.0472932445603,0.0506910972419,0.1241563282283,0.3138721662521,-0.0779785763055,0.3055140074129,0.0965815957204,0.0266507883472,-0.3035317139460,-0.1244093031113,0.2720747476568,0.0836172582068,0.2466155657110,0.1733928918031,-0.2042038834921,0.2265778036410,0.4492132187795,0.1618422947855,-0.0981024596247,-0.2357982736954,0.3335225158062,0.1330192579591,-0.3351801776687,0.3211779277918,0.3135839860722,0.0561444827516,-0.4418865859599,-0.1291703019149,-0.3671115955137,0.1790676293497,0.4425488473319,0.1174269277038,-0.2237867920088,-0.0646325652543,0.2754768119541,0.1645584163298,0.1080728127769,0.0682177061419,0.2002517850455,0.5090539559870,-0.1130613066906,-0.1536915513534,-0.2239444847542,-0.2552000353122
0.9091555893186,0.0891952978647,-0.2800036209782,0.7599366685689,1.0000000000000,0.5962661461800,0.4983318231535,0.2696628237402,0.3381053184011,0.6905403945606,0.6934087338692,0.6071705046522,0.5635092767025,0.2067498402024,0.4026200055655,0.4566345639020,0.6130816257158,0.5960310466772,0.2455763665602,0.4267736183752,0.4812474635819,0.4902378215488,0.5694930443795,0.5291827763858,0.3378503923725,0.3433739760150,0.4548832683020,0.2271321780140,0.1126769623012,0.0822924102302,0.3684530466571,0.4928715498030,0.5033491308750,0.4702635435312,0.4561092912645,0.2206472474484,0.5664197795419,0.2508839278292,0.4954357907406,0.2190614012816,0.5934062753570,0.6791007768826,0.3105687206980,0.2407940062342,0.0028530828024,0.4418254418617,0.5311317675144,0.6488794612925,0.5312033630817,0.5360869929247,0.7088693062858,-0.0515033499124,0.5667654420795,0.7336478026498,0.5658702024098,0.6092899899991,-0.0960019255523,-0.0484261219107,0.0191985691158,0.2998215278085,-0.1676198971290,0.2715033976633,-0.0131763486146,-0.0444945991647,-0.3745780554012,-0.2491578143054,0.1780741541078,-0.0139823702550,0.1507573919833,0.2006814751721,-0.1960103753193,0.2284877808016,0.3710085798989,0.1804354036635,-0.0434470141082,-0.1738646830602,0.3311206737024,0.0770141697460,-0.3775468381105,0.3368096632203,0.1280153177673,0.0072547739905,-0.5250108111035,-0.1188619708297,-0.2993204424752,0.1543184653635,0.4378577365742,0.2120728833860,-0.1539548378822,-0.0440120516367,0.2707902512181,0.1229309132051,0.0937578865089,0.0992821100496,0.0452598349865,0.5606433695513,-0.2038744959877,-0.1791469971669,-0.3481263264275,-0.1855551396869
0.4774933057081,0.2199913093633,0.3214930045311,0.6137806163348,0.5962661461800,1.0000000000000,0.7635801881834,0.0164072927542,0.2687936187241,0.5939037218034,0.4761913601856,0.4832955732768,0.2643345475694,0.4488711815184,0.5720634182232,0.4727270303435,0.3855780129245,0.3779960146609,0.4436820424490,0.0140232582297,0.3169562576399,0.5932820132007,0.4718559516409,0.2838618988045,-0.0076288904174,0.1270106666394,0.3028028118468,-0.0211726450263,0.2206922303583,0.2794749454963,0.5106708361239,0.2070144998587,0.3016767235500,0.3547568284891,0.5804987560236,0.5363053711940,0.4152832022867,-0.0199065838274,0.5461661701684,0.3748594021684,0.5801927410379,0.5433964411576,0.3340267391007,-0.0154256987014,-0.1397356912227,0.3432753118270,0.4739129087936,0.6541514424311,0.6143759221106,0.4118467400829,0.2514499059442,0.2231051488133,0.2584527933692,0.7370761627246,0.8071512277732,0.4331311114986,-0.0562011390327,0.1123120129828,0.2322846191633,0.2861618748394,0.2872722831751,0.1459103391979,0.2161520968266,0.1152702489742,-0.0338600110751,0.0708644288065,0.3606510388727,0.2259887939526,0.3938056777685,0.0751827111992,0.0988217004695,0.2522757541782,0.3668026647685,-0.0204711795792,0.1455472180697,-0.3688259908480,0.1366212772746,0.0185132359956,0.0413970848996,0.3195223312283,0.2375524260021,0.0200458587007,-0.0454269191638,-0.0124217709870,-0.4670451308302,0.1422936672544,0.4930344664289,0.2680451404682,0.0568561718969,-0.2358840060092,0.4111314314330,0.0124774358618,-0.0652731368533,0.0025529111000,0.0547051978514,0.4577154907161,0.2452466789062,0.0534083218652,0.0549887510526,-0.1508086001577
0.3918471640436,0.0172934296224,0.1922802262861,0.6641096489384,0.4983318231535,0.7635801881834,1.0000000000000,-0.1063204184865,0.3273959752413,0.4759164947546,0.4185539027056,0.4411236197605,0.1987278228777,0.2002215287117,0.4795108721408,0.4926465206908,0.3247890647464,0.4017615737827,0.4411522677649,0.0082495906301,0.2241576437264,0.3610014138711,0.3743805457294,0.2957524409514,0.0351749714643,0.0192525981712,0.3131726355746,-0.1250509530212,-0.0227861014742,0.0131509264759,0.5385289750007,0.1656753603622,0.2813623756733,0.3869362737916,0.6529840300393,0.5107541455672,0.4803986623975,-0.1128698250737,0.5603737066043,0.3641698490397,0.3775241217597,0.4426250474280,0.4026082867598,0.0623430912927,-0.3725259380035,0.1969542020781,0.3817157332977,0.5113611686303,0.2464042997500,0.4372653271797,0.2584744624460,0.1242647914273,0.4899762384032,0.5959208948270,0.6614452226537,0.6888354669645,0.0981617090622,0.2057372878027,0.3612826744404,0.3427441061953,0.3207293476541,0.2464011095189,0.3080185294810,0.2757023378843,-0.0347231951938,0.2423814672604,0.4364088462307,0.3695254424432,0.3961095117585,0.1721894738478,0.1889282031921,0.2382635508054,0.4246245123773,0.0348640985997,0.3105432301244,-0.4252712465459,0.1918637790226,-0.0930860918174,-0.1787806230150,0.4372260740742,0.3855448076186,0.1278775119891,-0.1740040152706,0.2236685726080,-0.4729898363482,0.2947987660309,0.5683480223948,0.2973771503402,0.2494857164643,-0.2731795337840,0.4726566698404,-0.0741898179867,-0.0475186301184,-0.0586227387116,0.1581330772236,0.3423185738460,-0.0546423789705,-0.0023852812707,0.1654609206805,0.1584438978986
0.3614944417762,0.2613158043900,-0.3057686864850,0.3148502965558,0.2696628237402,0.0164072927542,-0.1063204184865,1.0000000000000,0.2579200974404,0.4614345131281,0.3660560635977,0.4013716947981,0.6867597348742,0.1880116219644,0.3488614579990,0.3640837337148,0.6081034562504,0.3938929928928,0.1402919921210,0.6798442602038,0.4438316203262,0.2808100618226,0.3529158016070,0.4234187582385,0.4313649462238,0.6186125109110,0.2099722778171,0.3362419705789,0.3306492874368,0.2901045887873,0.0818351986880,0.5455060608032,0.4468867624912,0.3191142565365,0.1198783359499,0.0114237881062,0.2185994787864,0.6061582330464,0.0556835677439,-0.0096353338027,0.3617244373678,0.4454280859269,0.2810986147301,0.3969097745982,0.5167526789502,0.3115378133447,0.3780898037258,0.1681568488781,0.2360704245107,0.3216697224576,0.1413992815048,-0.0628144291254,0.0904878179407,0.2404851311093,-0.0465173831744,0.1356356905688,0.0742878865101,0.0182395412231,-0.0734683794468,0.1664192862606,-0.3861088578122,0.1186359087695,-0.2036148669984,-0.1111327711563,-0.3148023389062,-0.3275832612463,-0.0652473344983,-0.2133906485302,-0.1375338460181,0.1392476883204,-0.2940352578782,0.0753531444937,0.1198098040370,0.3703394555091,-0.3123538406569,0.3216408991166,0.2013699571905,0.1521352576022,-0.0503925676464,-0.0103153963621,-0.0269760916297,-0.0129000539027,-0.1442673969760,-0.3852533451484,0.2375548516456,-0.1436874223904,-0.0180420642192,-0.0941082918448,-0.3383017595943,0.3600071261647,-0.1488026785774,0.2663792651240,0.3454784333332,0.0542289517580,0.0073805906269,0.1675255031174,-0.0088266875218,-0.1109373865880,-0.4446500979011,-0.3134046776997
0.2311706903931,-0.2780333311457,-0.2836145671437,0.3676162457662,0.3381053184011,0.2687936187241,0.3273959752413,0.2579200974404,1.0000000000000,0.4028476281350,0.5408005592680,0.5098178315581,0.4341040629434,-0.1340452469064,0.2168770420182,0.6880241955676,0.5798190127170,0.7159953000456,0.8010941180003,0.6348915938447,0.3670097068385,0.2836920091643,0.4599664836560,0.7730217327308,0.7633496019469,0.3353124105761,0.5822659716664,-0.1208942111139,-0.1155391029385,-0.1209737733467,0.6637357049066,0.4641972980232,0.4645428100309,0.3077147893843,0.4915932448416,0.5972352174144,0.5948801472505,0.4263310307506,0.4051862124388,0.2446360347586,0.2738033819191,0.3715771210944,0.3398989257551,0.4716643104673,-0.3620087657805,0.3906629026054,0.4969315326147,0.3111729968365,0.0323570146121,0.2224675861671,0.0438836396577,-0.3715442460267,0.1716866735252,0.2486353392708,0.1992163661227,0.3749329918649,0.4384371303889,0.6390201276387,0.7392525452632,0.9318778573971,0.1280892817379,0.4873992902655,0.2793076461430,0.4892014094768,-0.5589957468307,-0.0436984349630,0.6436538719834,0.5933621679210,0.7718285616273,0.8217367773769,0.3170190158023,0.3620168685273,0.8185893129794,0.7245741412957,0.5395668597305,-0.0481092424051,0.5342763834221,-0.0705441169801,-0.3104845055619,0.7414924522035,0.4197252453016,0.4043274460497,-0.4156310943387,0.2389289727169,-0.3008685571805,0.0721300204606,0.5988751811589,-0.0256478456866,0.1478160278460,0.2324830111828,0.2064924865032,0.0422125816159,0.3489221240410,0.1259675167240,0.2799392381259,0.1828921403567,-0.3551324643286,-0.0921597042564,-0.0129640315570,0.0874473426081
0.6676398861494,0.2495521281350,-0.1755597434674,0.7081359964315,0.6905403945606,0.5939037218034,0.4759164947546,0.4614345131281,0.4028476281350,1.0000000000000,0.7423501303217,0.8086726801274,0.7404648212148,0.3621406938215,0.5889875807214,0.5526067077560,0.6913198544345,0.6306672253276,0.3453905217563,0.4965886296792,0.6488530040459,0.8149586922900,0.7063799249266,0.5883453270198,0.3703995148766,0.4970231503716,0.4645433864518,0.2560506858153,0.2246498491777,0.1906931134608,0.4171601687992,0.5696943463528,0.5803695263858,0.4888192447978,0.5123627364350,0.2996982103612,0.6321025165903,0.3234708842924,0.3521218799485,0.2331660983670,0.6945773308755,0.8292473383646,0.3144649419628,0.2255940232027,0.0852212623182,0.5218750373604,0.6249037499876,0.5638780970148,0.4711182940426,0.6381298069998,0.4032409583587,0.0051866804116,0.3400415828221,0.6291164531835,0.4841721544665,0.4614532859419,0.0086342363869,0.0680399623408,0.1653010104837,0.3520626436440,0.1230139326598,0.3936079287289,0.1692670329479,0.0421538806510,-0.3154003565035,-0.2815141868672,0.2394700046666,0.0304800647012,0.2127961847737,0.2679961924058,-0.0267664660972,0.4460063147666,0.4872565447938,0.3417932272372,0.0236604356829,-0.0757499171709,0.3917637164823,0.1321468915438,-0.2264762653186,0.3342103910861,0.1893485045746,0.0515417752201,-0.4117649528800,-0.2586871515359,-0.2713953268926,0.0759882367167,0.5657889686273,0.1827819696098,-0.1872546109287,0.0161041634517,0.1757634542997,0.1487496654549,0.1006205255189,0.0447045340635,0.1685706676851,0.5143030937108,-0.0399447871239,-0.0475293692107,-0.3088819260914,-0.1995560486573
0.6141663281424,-0.0947192524871,-0.3213208908024,0.6806977628406,0.6934087338692,0.4761913601856,0.4185539027056,0.3660560635977,0.5408005592680,0.7423501303217,1.0000000000000,0.8871796332761,0.7407939176554,0.1632983332185,0.4550933533036,0.5927416816993,0.7366922918358,0.8311690172455,0.4282092092537,0.5097343538838,0.5635183227376,0.6142628876709,0.8719366388608,0.7703386941847,0.4305086555238,0.4285473814756,0.6897856999287,0.1890972550244,0.1109743454970,0.0839339491686,0.5277084172938,0.5523779501079,0.7008327067168,0.5431866589863,0.6221116101459,0.3499500329066,0.6675919221025,0.3077952703306,0.5124387994653,0.4475338106152,0.6351968092991,0.7163231594532,0.4159959432423,0.2970619224384,-0.0307049892269,0.6851459316374,0.7408082963811,0.6255171649070,0.3767966556138,0.4827911515504,0.3292784991372,-0.2427942015282,0.3650182484915,0.4830746999259,0.3589245939960,0.5407949549001,0.1394012298841,0.1951249884156,0.2824020833717,0.4881092810483,-0.0833773575170,0.6268336093180,0.2689202603029,0.2171270096545,-0.4675425300047,-0.1984174220685,0.3816020769300,0.2255218529605,0.3733660533174,0.4001506955787,-0.0359251721991,0.4714583386017,0.6463311975129,0.3700399923508,0.1025669506213,-0.2014328880438,0.4955556005061,0.1422925384018,-0.2330457278935,0.4743061373761,0.2793936568988,0.1807652952957,-0.4560742353480,-0.0237590750687,-0.3520996757745,0.0878043344948,0.5620213878603,0.1121352836922,-0.1182345431137,0.0083303517729,0.3231102183672,0.2183155491740,0.1298712338618,0.2984027065231,0.2653306403874,0.4479718321568,-0.1822863039817,-0.1573066697165,-0.1699085796954,-0.1860124059063
0.5581731190557,-0.0544159932582,-0.2334221197375,0.6618089371844,0.6071705046522,0.4832955732768,0.4411236197605,0.4013716947981,0.5098178315581,0.8086726801274,0.8871796332761,1.0000000000000,0.7806479610741,0.2086689184639,0.5102061472773,0.5896844165085,0.7961804198540,0.7667117187389,0.4174500010015,0.5067774824942,0.6506763354177,0.6754210731951,0.8268023716441,0.7297169827003,0.4076386579743,0.4590261340700,0.6756352958531,0.2497618019275,0.1773563678772,0.0914448791700,0.5220875796174,0.5476688144566,0.6957433933581,0.5968109370393,0.6075824168194,0.3328159714963,0.6568699139503,0.2681450273889,0.4192477369038,0.4204216571331,0.5697203783042,0.7103605851306,0.3768690769150,0.2655080565515,-0.0241228338789,0.5641888779762,0.6876235470943,0.5429226381062,0.3732868749994,0.5337111383184,0.3024315264701,-0.1801323634035,0.3312130041183,0.4775350746719,0.3225852504020,0.5002800365988,0.1646210280399,0.1798360887699,0.2839276731578,0.4353672182642,0.0370447158129,0.6454628195286,0.4116000689719,0.3000416777675,-0.3737898241782,-0.1577329465400,0.3375503370924,0.2373349692286,0.3308042417523,0.3745853739793,0.0807158645826,0.5288555405283,0.6172276163509,0.4001292420770,0.0880653655306,-0.1667298429626,0.4731112813098,0.0960836944919,-0.2122349694911,0.4198134080796,0.3317040907162,0.1639434305624,-0.4365595805419,-0.1150644280680,-0.3830468458806,0.1217529454406,0.5847187679627,0.0933808313208,-0.1049971596179,-0.0102598210458,0.2465016402830,0.1512941696798,0.1191157155418,0.1597279834927,0.2556916436169,0.3932231842300,-0.1354103810013,-0.1233739653855,-0.1845607759037,-0.0992246734015
0.5761167919112,0.1328346705343,-0.3465191615950,0.5933025909402,0.5635092767025,0.2643345475694,0.1987278228777,0.6867597348742,0.4341040629434,0.7404648212148,0.7407939176554,0.7806479610741,1.0000000000000,0.2148522626265,0.4403999519282,0.4871034773912,0.7627470084729,0.6921696422785,0.2392527496569,0.6428780719019,0.6030582113420,0.5411221679730,0.6680693362426,0.6678770609687,0.4895877651164,0.7023020473286,0.4966230786124,0.4084642173237,0.3243604704845,0.2388598959253,0.3345982857557,0.6813121479915,0.7413369759081,0.4809460091962,0.4382758113682,0.1305857243472,0.5447144887804,0.5533601755838,0.3177865909131,0.2526623687383,0.5866561833104,0.6785195177274,0.3760126528480,0.4207419365657,0.2825540950337,0.5849031408773,0.6284068303293,0.4601762575022,0.3752087390387,0.4457534719909,0.2922195158970,-0.1092974096784,0.2383015828552,0.4075644874192,0.1871774096942,0.3801878117104,0.1390541076907,0.0707298496030,0.1520458889407,0.3333523732922,-0.2472266568339,0.4405138092411,0.0910129430408,0.1346263212401,-0.4557559339419,-0.3456385160106,0.1173708473321,0.0165109293763,0.0896862311729,0.2840623553247,-0.1914143948477,0.2971484865641,0.4483724346845,0.4490847802818,-0.1279669919197,0.1173234359167,0.3892523185878,0.2801107573916,-0.1685952313386,0.2349110831696,0.1733682014832,0.1520740395548,-0.3776752401538,-0.2855163538593,-0.0637083253694,-0.0305961987761,0.3715125723430,0.0354280049512,-0.3126239003582,0.2103291101219,0.1405674047209,0.2869562870261,0.2914847186342,0.1790602158623,0.1997044264000,0.3827520217094,-0.0768891523122,-0.1893541396596,-0.3533855692724,-0.3026726098316
0.2804274907136,0.7549377464736,0.4992128674707,0.2744072454332,0.2067498402024,0.4488711815184,0.2002215287117,0.1880116219644,-0.1340452469064,0.3621406938215,0.1632983332185,0.2086689184639,0.2148522626265,1.0000000000000,0.5781553326087,0.2527129352777,0.2598738902515,0.1382010814422,0.0523040452182,-0.1184272590000,0.3151998321381,0.4533819657729,0.1745655821788,0.0027010091351,-0.2767381477193,0.0757691459271,-0.1822241310320,0.2313844529675,0.5486177940997,0.7216238137136,0.2080564904069,-0.0406028494876,-0.0073625557633,0.0256591404960,0.1937635621122,0.1896754396635,-0.0786582200235,-0.0699709525131,0.0011797030523,0.0701274890333,0.4330183039163,0.4027768380906,0.0990722437390,-0.2371763895536,0.2312778946687,0.0874437804437,0.1790426816801,0.1596112448776,0.5709068943008,0.3084837145096,0.0467100011903,0.4886960053491,-0.0946484307123,0.2603763436467,0.2929769078679,-0.0784191728745,-0.1681771111976,-0.2313746921099,-0.0614784183203,-0.1350030277466,-0.0634045151005,-0.1311018505548,-0.1538574476717,-0.3315609294808,0.3483113668275,-0.2759734605010,0.0297309137248,-0.1706300560149,-0.0072687337455,-0.2877620404765,-0.1359849477214,-0.1198520597697,-0.0604684340888,-0.2830839092119,-0.2236125005286,-0.0723699749676,-0.3280189717238,0.0366127634542,0.3624765996187,-0.0977324539373,-0.1609112847280,-0.4928909128786,0.2110836453806,-0.4078861147296,-0.2559250387793,-0.2424536727990,-0.0622083089735,0.1193027004826,-0.3669562871568,-0.2882828335394,-0.0555031759650,-0.1842228223661,-0.1906582580104,-0.3200625805440,-0.3196184651635,0.0909473996658,0.6034209166295,0.0300795265013,-0.1559801390537,-0.4288689415702
0.3828986517518,0.4978794339658,0.0804388220641,0.6572023608940,0.4026200055655,0.5720634182232,0.4795108721408,0.3488614579990,0.2168770420182,0.5889875807214,0.4550933533036,0.5102061472773,0.4403999519282,0.5781553326087,1.0000000000000,0.4185272335676,0.5453491095945,0.4106042907998,0.2707838018393,0.2430344379825,0.4985151706987,0.5007285596498,0.4546409010019,0.3350988952275,0.0733985187035,0.2906694636125,0.2012240756521,0.2977164449670,0.4399180636335,0.5844154197474,0.3659892886526,0.3251775450536,0.3802693303264,0.5449524401810,0.4310368381504,0.3981882754151,0.3361822266572,0.2233846407137,0.4861540045244,0.3453243591064,0.6054556736665,0.7587334013113,0.5394029192492,0.1985472543143,0.1019455295669,0.3141904366765,0.6023102967074,0.5124665712340,0.5655080312234,0.6941809740077,0.0725718140490,0.2537475864825,0.2758711404514,0.4306029245046,0.4511288150551,0.3226709707520,-0.0788170628554,0.0550147216727,0.0906613471546,0.1924458076588,-0.0806367013421,0.0903496747235,-0.0670277794956,-0.1001519753624,-0.0467847206166,0.0420661247373,0.1921298671346,0.0120570149358,0.2168560207468,-0.0017785185988,-0.1814905645761,0.0235176021911,0.2584381668615,0.0405762204352,-0.1319377850835,-0.2333253772673,0.1399184977314,0.1964638046130,0.0090754765448,0.1394579061612,0.1046061752598,-0.1195205615361,-0.0820704494610,-0.2082833774373,-0.3193387135681,0.0206847337046,0.2439347973811,0.2275156265028,-0.2100037586457,-0.0653858022552,0.2995812655003,0.1956379626515,0.1133503399994,-0.0617624626202,-0.0321981977905,0.3503069668202,0.2362801464756,-0.1074357947052,-0.1712989128963,-0.3690122706284
0.4189754489760,-0.0421865228502,-0.1135557657160,0.5549756312190,0.4566345639020,0.4727270303435,0.4926465206908,0.3640837337148,0.6880241955676,0.5526067077560,0.5927416816993,0.5896844165085,0.4871034773912,0.2527129352777,0.4185272335676,1.0000000000000,0.7593348872870,0.7571936099698,0.7410657341752,0.5395169284398,0.6189174179460,0.4062365711671,0.5113503972276,0.6904744240325,0.4538118271575,0.3910829010503,0.4732758357670,-0.1473328081691,0.0153019244909,0.1302141491945,0.8405067732480,0.5371765342898,0.5052455140834,0.3141995517640,0.7576418993196,0.7834720442982,0.5486509427314,0.3347020041367,0.4206590012418,0.1193005393008,0.3575629703794,0.4748902793375,0.4673814400237,0.3017586561996,-0.2790227566437,0.3055958801763,0.5634589117551,0.3895080098388,0.2245484724106,0.3567250861467,0.0990907847811,-0.1860238228952,0.3588918515365,0.4343395517335,0.3346128012298,0.4666672649586,0.2501232225384,0.3863694937643,0.5107207359359,0.6476008151062,0.0296865511933,0.3746351691181,0.2055422519397,0.2781701393694,-0.3810138694698,-0.0975630827521,0.7624383374024,0.4327286874920,0.6153872797052,0.5312190244653,0.2805226524994,0.2787237283597,0.6646327430283,0.4319901382658,0.3912123873946,-0.0991702766935,0.3134797346498,-0.2063251079385,-0.2519008557359,0.7104710209607,0.3998996655805,0.1206020569828,-0.3152670546819,0.1200232542455,-0.3699534307173,0.0338362154710,0.5286559510552,0.1928377452723,0.0645907894701,0.0677818283145,0.1559111182676,-0.1724984540358,0.1363717341888,-0.0853574534576,0.1004278849257,0.2878455841910,-0.1494767544755,-0.1086045764401,-0.1672735414896,-0.0662214866749
0.5783489314053,0.0447654926232,-0.2875931998101,0.6178801669146,0.6130816257158,0.3855780129245,0.3247890647464,0.6081034562504,0.5798190127170,0.6913198544345,0.7366922918358,0.7961804198540,0.7627470084729,0.2598738902515,0.5453491095945,0.7593348872870,1.0000000000000,0.8062879154287,0.4824884882270,0.7060319057256,0.7864291299361,0.5239066184645,0.6560027920465,0.7550698828056,0.5373747467594,0.5821752515383,0.6105434504059,0.2089502422003,0.2121703613432,0.2133503582159,0.6464326527285,0.6685916848988,0.7369134824441,0.5249885347086,0.5652691830774,0.4404326282722,0.6182440804979,0.4805110108045,0.4213004547085,0.2376453014043,0.4818939866667,0.6664095575946,0.5013067972895,0.4342893652038,0.0252895296683,0.4342906733848,0.6867543963071,0.4560538271533,0.3974670873695,0.5347917339095,0.3040478130412,-0.1953600769199,0.3523117696817,0.4748484480862,0.2371686025051,0.4463130443678,0.1799961428496,0.2049507302488,0.2496104007961,0.5012955812401,-0.1874609316663,0.4369452077341,0.0912175941024,0.1963282284309,-0.4298809220912,-0.2124855200252,0.3871587262408,0.1996987839941,0.3124481213362,0.4146016963667,0.0399115702963,0.2933324086719,0.5377602241808,0.4609618942281,0.0798420391092,-0.0196332630367,0.3926398004891,-0.0172296114692,-0.2650612503352,0.4853764600648,0.2686254490759,0.0997745784581,-0.4259984388428,-0.1439959784351,-0.2732351149288,0.0211843155009,0.4206685469540,0.0917834496143,-0.1404110688655,0.1284965618611,0.1142754938600,0.0662962691027,0.2728588224379,0.0259014610545,0.0659119194211,0.3071252278289,-0.1725530128088,-0.1850497714973,-0.3727200514489,-0.1676529055350
0.4997811346180,-0.1054674279230,-0.2924927842933,0.6137838389963,0.5960310466772,0.3779960146609,0.4017615737827,0.3938929928928,0.7159953000456,0.6306672253276,0.8311690172455,0.7667117187389,0.6921696422785,0.1382010814422,0.4106042907998,0.7571936099698,0.8062879154287,1.0000000000000,0.5546174180365,0.6089645568783,0.5551967596754,0.4902984358720,0.7323887070519,0.8682193084357,0.5741901987146,0.4383063442032,0.7108404517545,0.0915562171915,0.0604747269233,0.0601900398114,0.7033970692668,0.5728663446099,0.6816818935359,0.4651090821707,0.6123519689934,0.4685670570046,0.6851820313069,0.4007448765664,0.5074259879885,0.4031339542844,0.4971750039614,0.5926058548140,0.4397835372487,0.4235852752074,-0.1573423466037,0.5662574983323,0.7063809294020,0.5135247085022,0.2624628531256,0.4050745153323,0.2165712741216,-0.3359037558462,0.3155740378713,0.3754178742531,0.2848472102744,0.5107310184925,0.2545515763533,0.2800976390995,0.4223612631866,0.6275976857875,-0.0837376349893,0.5814197238101,0.2083178851418,0.2823799643335,-0.5073286654694,-0.1845346356223,0.5220134805789,0.3967594142594,0.5020255531620,0.5576120737163,0.0881902516157,0.4134320249463,0.7622261830992,0.5014391871909,0.2759706251684,-0.1574276848197,0.5452612616147,0.0166873641524,-0.2467787136259,0.6576492354774,0.3607248369336,0.2293664164112,-0.4614497833580,0.1073804753897,-0.3674030845765,0.0638217318068,0.6015095121206,0.0899243761309,-0.0245008075379,0.1025683804431,0.2863585358081,0.1074951216181,0.2532375966316,0.1985693398883,0.2332029079001,0.3438253836205,-0.2362326401232,-0.1201263847134,-0.1594478995145,-0.1204314041537
0.1340448433321,-0.2391056528825,0.0157625853437,0.3179168306687,0.2455763665602,0.4436820424490,0.4411522677649,0.1402919921210,0.8010941180003,0.3453905217563,0.4282092092537,0.4174500010015,0.2392527496569,0.0523040452182,0.2707838018393,0.7410657341752,0.4824884882270,0.5546174180365,1.0000000000000,0.3516038881988,0.3730623881678,0.3301535676671,0.3959755382447,0.5923780481216,0.4416562436552,0.2194863029845,0.4787355707459,-0.1758711226458,-0.0387801403038,0.0433917142920,0.7992234469379,0.2685418157390,0.3448517757460,0.2505841329598,0.6040969931175,0.8252860208927,0.4785457872533,0.2040102960454,0.3679239352554,0.3029107212807,0.2773169156190,0.3015747867590,0.4148386450030,0.2542395325751,-0.3507666764784,0.3235293243749,0.4531002006593,0.2422094041960,0.1659592844318,0.1609350866793,-0.0403501885526,-0.2862140983612,0.0653695108296,0.2168642297962,0.2918850739874,0.2514184111892,0.3124104219713,0.5815177700350,0.6476514485939,0.7854372646113,0.2402029134861,0.3637349461708,0.3076118059571,0.4470748570329,-0.3509810148306,0.0475793752291,0.7895505565113,0.6065584813519,0.8323855984425,0.6388923792764,0.4482674712888,0.2906714810122,0.7102866501182,0.4600780255480,0.6036063919624,-0.2311810331420,0.3166334254862,-0.0865754286075,-0.0894913963749,0.6759803785185,0.4006710000213,0.2691243925304,-0.1726932687609,0.3283313129273,-0.4505586977308,0.0921097303456,0.5493010964568,0.0672266043584,0.2611997215173,0.0081073414938,0.2044295786767,-0.1162488976614,0.1556275298786,0.0421748634704,0.1903082688455,0.0651472798224,-0.1362073700965,0.0140711840522,0.1347462269953,0.1114520554276
0.4335368107278,-0.0420527003997,-0.5514191205875,0.3980299076792,0.4267736183752,0.0140232582297,0.0082495906301,0.6798442602038,0.6348915938447,0.4965886296792,0.5097343538838,0.5067774824942,0.6428780719019,-0.1184272590000,0.2430344379825,0.5395169284398,0.7060319057256,0.6089645568783,0.3516038881988,1.0000000000000,0.5790484443659,0.2476321734098,0.4532272646168,0.6804732499601,0.8578893858284,0.6899583022454,0.5382544676538,0.1425655364676,-0.0013890185961,-0.0373786465526,0.3365074720831,0.7661436489953,0.6137968129659,0.3908770336120,0.2886500754816,0.2178612472678,0.5611940940815,0.7844741530926,0.2258719653930,-0.0185365848031,0.2602345405074,0.4742788487162,0.3220445106470,0.6665468233437,0.1209797738775,0.3417768507606,0.4976734092444,0.2888210250969,0.0706260078289,0.3651526354123,0.1993131437678,-0.3459232052362,0.2736363875440,0.3010309849219,0.0018824160516,0.3349364069384,0.2744038888622,0.3466025446685,0.2442434697260,0.5694146120679,-0.3501498032528,0.2908752848747,-0.1304408756134,0.0949096282048,-0.5948639670204,-0.3027410889523,0.2195756535850,0.0552693769478,0.2194088704463,0.6588665458806,-0.0999156687075,0.1851944558401,0.4732006118399,0.7555530783996,0.0788595280044,0.2915763991067,0.5301928589083,-0.0118199293464,-0.4502242809218,0.4087941528295,0.2005512399550,0.2409444854459,-0.5402294918813,-0.0986478654448,0.1448416042356,-0.0518580392296,0.2964052464682,-0.0311296435873,-0.1506951672456,0.5325133524248,-0.0526467926015,0.1553219007292,0.5140453040004,0.0670867102740,0.1225990734677,0.2932881542334,-0.3845468983555,-0.2604250470424,-0.5130614222061,-0.1632469147316
0.4662103079666,0.0937514371109,-0.2300856644118,0.4506025655026,0.4812474635819,0.3169562576399,0.2241576437264,0.4438316203262,0.3670097068385,0.6488530040459,0.5635183227376,0.6506763354177,0.6030582113420,0.3151998321381,0.4985151706987,0.6189174179460,0.7864291299361,0.5551967596754,0.3730623881678,0.5790484443659,1.0000000000000,0.5275437166335,0.5664818483528,0.5426035622610,0.3773265106196,0.5295632198653,0.5019038238572,0.0954994519991,0.2439916429024,0.2483602680032,0.5775691998631,0.5786542631703,0.6605822625051,0.4008631283762,0.5588628974406,0.4052336853477,0.5412700739372,0.3748449250544,0.2181028209968,0.0529434986821,0.3155664620911,0.6309669910257,0.5376304680134,0.2495204421464,0.0645052908206,0.2990462674243,0.5632062612898,0.3047950600191,0.3721634510456,0.6208954516488,0.2161917816192,-0.1601279782986,0.2369937419070,0.3957057506542,0.1275397267691,0.2463144690646,0.0352601016869,0.0811981788418,0.1295342418139,0.3131237751393,-0.1875078304979,0.3280141614934,0.0041009986630,0.0235201538359,-0.3171860534670,-0.1784223462824,0.3212671973707,0.0118043113155,0.1991475088087,0.2773177054432,0.1397049474426,0.2922577732355,0.3867657564281,0.3395983022810,0.1768859034562,0.0159639474400,0.3222288083186,-0.1485648012377,-0.2579668937579,0.3820225012296,0.1693932417868,-0.0190284704930,-0.3859846869202,-0.1374122717597,-0.2476286116607,-0.0087776585826,0.3679080696779,0.2386205277134,-0.0183666988008,0.0425607906414,-0.0069197329985,-0.0956263376289,0.1214788918674,-0.0762037445262,0.0021806786964,0.2439014142810,-0.1124295321792,-0.2385281546687,-0.4392259892076,-0.0484664764069
0.4038617936448,0.2898641297775,0.1266479998540,0.4726560672144,0.4902378215488,0.5932820132007,0.3610014138711,0.2808100618226,0.2836920091643,0.8149586922900,0.6142628876709,0.6754210731951,0.5411221679730,0.4533819657729,0.5007285596498,0.4062365711671,0.5239066184645,0.4902984358720,0.3301535676671,0.2476321734098,0.5275437166335,1.0000000000000,0.6300511863146,0.4428060106953,0.1719151568943,0.3322560785481,0.3707827420127,0.2206851670402,0.3590443484279,0.3163940094344,0.4034682229630,0.3012744484558,0.4759144726135,0.3054511038397,0.3777896187985,0.2800092106468,0.4795784516998,0.1593217814427,0.2286102958350,0.3248962265406,0.6770920757220,0.6801690063407,0.1570155600885,0.0626887971298,0.1295468032124,0.5125613196220,0.5384889300338,0.4243868151722,0.5629116594750,0.4553322034864,0.2105315488808,0.0606634419321,0.0794842967046,0.4068072981511,0.5174124790842,0.1942511459847,0.0764968184739,0.1186148118062,0.2136847361595,0.2717134455023,0.2757328208957,0.3102943611228,0.2035279414277,0.0969008115348,-0.0620828231328,-0.2184103880828,0.2528764326845,0.0901787809287,0.2710178594389,0.1811988773439,0.0721268246440,0.4514199483509,0.4349394778494,0.2382253456924,0.0736644072699,-0.1205141234970,0.2248499903490,0.1519683828230,0.1136848276915,0.2721585621514,0.1094472923873,0.0422979041069,-0.1139740458488,-0.2840838013296,-0.2954772591209,-0.0635574110501,0.4882264232697,0.0720393418315,-0.1975613162741,-0.0762760966967,0.1661748930686,0.0916271654598,0.0300585267137,0.0909913851984,0.1612677499723,0.3491408119866,0.2515845874123,0.2318644622174,-0.0908155549853,-0.2196205371943
0.4973821652587,-0.0840411239446,-0.2614569348535,0.5727041674366,0.5694930443795,0.4718559516409,0.3743805457294,0.3529158016070,0.4599664836560,0.7063799249266,0.8719366388608,0.8268023716441,0.6680693362426,0.1745655821788,0.4546409010019,0.5113503972276,0.6560027920465,0.7323887070519,0.3959755382447,0.4532272646168,0.5664818483528,0.6300511863146,1.0000000000000,0.6870952169178,0.3567228296020,0.4719891188011,0.7251107872499,0.1316038371349,0.1198549831373,0.1363893702557,0.4718897361572,0.5548072185753,0.6611988334011,0.5559371592961,0.5633279549869,0.3166045012201,0.6269372285266,0.2649115228889,0.4430676724945,0.4844263279648,0.5560482011491,0.6819816946960,0.4160743462892,0.2564928246492,0.0447990054576,0.7569723116413,0.7717787361529,0.5679729335628,0.3084464008586,0.4914958883307,0.2286197366082,-0.2690907176450,0.2191649978106,0.4557205643564,0.3359178465475,0.4391266914650,0.1275219873035,0.1966444734167,0.2495869076873,0.4174686613846,-0.0568948270485,0.6277453511874,0.2402028386003,0.1575174275849,-0.4526526942528,-0.1299613336734,0.3410973663693,0.1742791136959,0.3332455464431,0.3690988118374,-0.0145057653168,0.5697648902150,0.5725277988971,0.3256006285556,0.1026413543064,-0.1116987298403,0.5453775280140,0.0828808119694,-0.1688158626890,0.4018268088807,0.2701434146413,0.1765472241908,-0.3582620313951,-0.0439126221034,-0.2688600541559,0.0297102440406,0.5279807334705,0.0824613187292,-0.0410211343870,0.0153375758812,0.2905306194668,0.3072768607628,0.1567940599469,0.3836717164997,0.2917485558712,0.4131181084969,-0.1567904560855,-0.1565827676875,-0.1275183278901,-0.1391333674467
0.4308792800905,-0.1852282488115,-0.3774575822363,0.5664730445253,0.5291827763858,0.2838618988045,0.2957524409514,0.4234187582385,0.7730217327308,0.5883453270198,0.7703386941847,0.7297169827003,0.6678770609687,0.0027010091351,0.3350988952275,0.6904744240325,0.7550698828056,0.8682193084357,0.5923780481216,0.6804732499601,0.5426035622610,0.4428060106953,0.6870952169178,1.0000000000000,0.6492782436141,0.4719948069632,0.7114876707936,0.1081771543064,0.0146528397602,-0.0363178333764,0.6037250374303,0.5762661197480,0.6547804158353,0.4695059009174,0.5264955039947,0.4405171229039,0.6897630287149,0.4391238752731,0.4223364523302,0.3346940685274,0.4138252162788,0.5620518921246,0.3923202284819,0.4347957282417,-0.1361687956876,0.5700061071261,0.6677506791666,0.4163360018068,0.2043308495492,0.3525495735673,0.2150924187697,-0.4230746819265,0.3000959098943,0.3073467372537,0.2327032639674,0.5174758253307,0.2538565862160,0.3657538477024,0.4483164096333,0.7060564860330,-0.0758389855290,0.5977122082486,0.2293439673802,0.3132500788941,-0.5689719050135,-0.2283518588904,0.5302474835407,0.3660831089947,0.5556224694643,0.6270082042729,0.1227004133207,0.4364030604966,0.8064498017405,0.5870150062070,0.2708226185776,-0.0475251577197,0.5476714736176,0.0396968475663,-0.2812203525374,0.6401004880373,0.3157169209102,0.2742620625117,-0.5006669301550,0.0753463029568,-0.3011245086425,0.0250889352741,0.5878742056090,0.0175092133195,-0.0515990969307,0.1567370639202,0.1987159972523,0.1606601596709,0.2831139449794,0.2349504477975,0.2735518361536,0.2914742696290,-0.2968355854073,-0.1305219680586,-0.1765786618035,-0.0686018012583
