1.0000000000000,-0.0158940531756,0.6858048760174,0.5021545167498,0.7812239468649,0.4989378378422,0.3896037952751,0.3517071996609,0.2592448579049,0.3252269914719,0.4853878800523,0.3947014791836,0.3773876951537,0.4154945405740,0.3241148175350,0.2503062613118,0.2664931126238,0.3380465552724,0.1227670032329,0.3692698825662,0.2061909661430,0.0734339633684,0.3678723332444,0.3657808283281,0.3270201295747,0.2573964118074,0.4725105991073,-0.0394092736698,-0.3132664076310,-0.2475360211328,0.2815328206426,0.4444391776540,0.3390404535665,0.3553441835080,0.1577806554592,0.2197194349024,0.2610303901095,0.3385996296030,0.2373719988230,0.2626558976689,0.0944747984918,0.2313258120167,0.2549866900712,0.2734943654675,0.3350737142525,0.2901634107709,0.2692046147824,0.4255161948686,0.1082380300481,0.3859845578237,0.8128223887484,0.5599113318113,0.4835030508896,0.5331414209900,0.3458834967954,0.4382795111251,0.2464229255437,0.1578708607591,0.2437202756608,0.1815065703880,0.1077349880030,0.3636744034104,0.1109024186171,-0.0665278077015,0.5242240210297,-0.0421631940829,0.1539742546417,0.3229645531014,0.0999698028532,0.3318629058536,-0.1408249078504,0.2334186497370,0.3387730230171,0.2736579895717,0.0203682479600,0.0362209743586,0.4331338774359,-0.0800594832329,-0.2774831886077,0.2743785606677,0.3256155813228,0.2407358154790,-0.2007605684734,-0.0144899388469,0.2654039977665,0.2012684045810,0.2476414989871,0.1905475892910,-0.1245816337769,0.1945139311112,0.1748227427007,0.1339012594663,0.2910683958691,0.0223736857039,0.1401601947552,0.4464720773864,0.1487485401157,0.1199995917424,0.2706630519315,0.0185501507155
-0.0158940531756,1.0000000000000,0.1571935391988,0.0776554133133,0.0491538099623,-0.0654393571039,0.0915600607994,-0.1272382717545,-0.4014453852864,-0.0935614824629,-0.2466647680319,-0.2138657099626,-0.1878814559536,0.5997508851402,0.2980675289961,-0.0045746258112,-0.1805009979400,-0.1731227201086,-0.1979712886216,-0.3672641869386,-0.0703128076935,0.1661240571219,-0.2403456971101,-0.3356479751964,-0.3824767833841,-0.1149368503675,-0.2258593532772,0.3574984498273,0.5182859704238,0.6147321871086,0.0691143083443,-0.0581249321548,-0.1692720574776,0.0748185815862,0.1176497238198,-0.2088203952500,-0.1746456036447,-0.0830737543478,-0.0990031790299,0.0496956520173,0.4302696368510,0.2775075133961,-0.1743936635354,-0.0690880373397,0.0813601726794,0.0383043976278,0.0845050118747,-0.0849987749808,0.4664843287414,0.2382079141993,-0.0128495210342,0.5453108530070,-0.2085971963199,0.0130362538014,0.0003457601161,-0.0064717301990,-0.4060204602696,-0.2573778523108,-0.3365847639757,-0.4209676800338,-0.1167478386698,-0.2435144139007,-0.3774471398794,-0.3366420607838,0.2169890511642,-0.2295748122886,-0.0276637248861,-0.3357628345920,-0.3118483121847,-0.4730918518950,-0.2773190357689,-0.1861271026371,-0.3786379941695,-0.2664032152066,-0.1262208837492,0.0052955774783,-0.1895716172612,0.3425859934479,0.5854717472205,-0.3031352621425,-0.1195750504260,-0.3512643036098,0.5377852177734,-0.0302754574571,-0.0218129562229,-0.1494708312261,-0.1650588375935,0.0570591757465,-0.2386279168727,-0.2487187134357,-0.0747324460308,-0.0027558401819,-0.2611130880965,0.2202577872229,-0.1739921785491,-0.3254310144875,0.5674961998789,0.1855773307302,-0.0093172340760,-0.2252038298731
0.6858048760174,0.1571935391988,1.0000000000000,0.6270649363734,0.7685147229214,0.8041858017364,0.7447239065302,0.2673946257165,0.0964484322354,0.4805194488881,0.4711048884662,0.3598559216358,0.3708621145840,0.3158103226373,0.3835943446753,0.1721772655857,0.2511351272786,0.2530250754039,0.0171050036808,0.1129094046522,0.0983999075347,0.1789271130225,0.1207726573834,0.3962790497713,0.0754756223347,0.0770273289368,0.2641265626146,0.0026959620171,-0.1191406304564,-0.1308750970801,0.1533928710753,0.1994143900124,0.3266958333144,0.1368315340956,0.1968164325397,0.2749840296789,0.3150360522006,0.1445442484005,0.2959718124200,0.1082183479233,0.1818639112146,0.2781742942227,-0.0425430925115,0.1566385526445,0.1319418315299,0.1225745495782,0.1917734789342,0.5930026611771,0.2610697548356,0.5011205074780,0.7277962434549,0.5605320763046,0.5271948571082,0.8621221232226,0.6744446555951,0.7084608798957,0.1898151101917,0.0820503281604,0.1522124164501,0.0270678125696,0.4016607915626,0.4892894497173,0.1136095836165,0.0813541187089,0.3506417446877,0.0421840004613,0.1701591969490,0.3074643606600,0.0154858986826,0.0786867934496,-0.0622951564413,0.2179619920137,0.3813004603530,0.0884866010454,-0.1014830033399,-0.1531196244540,0.1398846279065,-0.0102551206373,-0.0833310706310,0.2512326595743,0.2182376436078,0.1945858440692,-0.1911016069640,-0.0858406070576,0.0266817764605,0.0655196818327,0.2779634355671,0.2603784315011,-0.1382477726725,-0.0034989054939,0.3651418497924,0.0277968572758,0.0605098981596,0.1070192749306,0.2637939133141,0.4560806564029,0.2362747374218,0.2960183482003,0.3998802910370,0.1609298479354
0.5021545167498,0.0776554133133,0.6270649363734,1.0000000000000,0.6743979559266,0.7168409006433,0.8161561250555,0.3564132167300,0.2727659391382,0.4176498506937,0.4502296717524,0.3671718681843,0.4423007105710,0.2110617537374,0.5345518995154,0.5847477380288,0.4241998164337,0.3398633330627,0.3848086580767,0.3003802896167,0.1294849283119,0.1236415975742,0.2034263391835,0.5790830083401,0.2180191398409,0.1325245799167,0.3103933373811,-0.1690356797139,-0.1468189695993,-0.2484483126538,0.2921238443656,0.1966508381433,0.3568521070036,0.0118084524406,0.1659389410088,0.5476831059156,0.2994151372227,0.0665653245919,0.1704489756123,0.0781217325968,0.2066336500914,0.4235414281333,0.0504666735946,0.1465537218912,0.1023771215756,0.2062742702124,0.1185699969019,0.5996396818520,0.1984093916034,0.5710074200851,0.5530757268668,0.3467350330783,0.6526643781207,0.7343017790789,0.6683023020832,0.8314317187633,0.3066640801573,0.3488367945320,0.3856316144769,0.2552403533420,0.2502755169821,0.4453921784987,0.0652540978452,0.1338371839553,0.1277228822506,-0.0023946633215,0.5600170584014,0.4076428758977,0.2782926785913,0.2438725587621,-0.0522710276984,0.1356534482596,0.5220660505839,0.1384299669442,-0.0629921929546,-0.1993610325595,0.1770060008514,-0.2511061193839,-0.1846340863105,0.3878957460079,0.0552263254655,0.2231617603705,-0.3112760234460,0.0454196443792,-0.0626290179341,-0.1013554458854,0.2337708649837,0.3201433715108,-0.1271328602727,0.0353170990705,0.2980831525284,-0.0411051284516,0.1032848305810,-0.0634774296005,0.1135467868466,0.5385001458530,0.1343719333743,0.2654900612954,0.4098405969445,0.1503723437341
0.7812239468649,0.0491538099623,0.7685147229214,0.6743979559266,1.0000000000000,0.7692602764875,0.6694758026751,0.4620847790663,0.2804207079626,0.4174354163780,0.5504726664232,0.3952687208864,0.5121737207329,0.3605234236907,0.3992906028715,0.3243171391478,0.3984831362326,0.4941842198135,0.1139965070213,0.3322195348763,0.1974982168425,0.1695685039652,0.2363710594019,0.5003963886259,0.3175761141901,0.2131851652640,0.4269485961666,0.0591789543359,-0.0743504210030,-0.1621140751112,0.2446027193486,0.2619573400422,0.3844573125620,0.0986719611145,0.1651327086104,0.2958471285496,0.2485618409921,0.2737232606864,0.2067531916917,0.1118408856608,0.3374343909798,0.3731560595838,0.0914250899897,0.2663559307083,0.2968237178880,0.2601745634331,0.1989465674438,0.6199867636158,0.3734267179949,0.4912075954577,0.8160319727238,0.4496344418597,0.6045688119827,0.8182579403521,0.7383030612302,0.6788037036054,0.3560821320777,0.2738447614993,0.3439987486045,0.1901495371241,0.2434443318195,0.4725115683864,0.1637749624718,0.1106741168870,0.3521838987342,-0.1326965665163,0.3080972766110,0.4429104956618,0.1388203454148,0.2726066430467,-0.1668478224526,0.1744087271711,0.4694709414476,0.2787645445945,-0.1454935043729,-0.0545802773203,0.2990022984166,-0.0214115847194,-0.0812308019886,0.3231620335037,0.2197917527180,0.2897116573787,-0.2701794138516,-0.1981668113171,0.1609108784187,0.0114527432173,0.2100552901307,0.2332542139114,-0.2738752575046,0.1320173391503,0.2504633581748,0.0248646566966,0.2187092302291,0.0379518466958,0.2357040137622,0.6466938897329,0.2711983586946,0.3685223004813,0.4064888820979,0.0940837049067
0.4989378378422,-0.0654393571039,0.8041858017364,0.7168409006433,0.7692602764875,1.0000000000000,0.8606844368944,0.4006222975304,0.2483472011974,0.6070632606812,0.5747480519834,0.4126331527907,0.5254755380543,0.1104290937727,0.4076541504144,0.2829879018568,0.3946012196993,0.4359048672778,0.1288652523026,0.2343320338285,0.0429931853113,0.2287670781861,0.1084383191596,0.5977261188631,0.2163995098395,0.0400344138978,0.2936850958341,-0.0757893891868,-0.1465102550895,-0.2428749816663,0.1177602560977,0.1261711956807,0.3780061088462,0.0078776173177,0.1022220524934,0.4017474530893,0.4022170614565,0.1356020210142,0.3208588773353,0.0800242787043,0.2383107126614,0.3663292688246,-0.0558415096324,0.2020305628787,0.1000075542096,0.1884065614992,0.1793797539695,0.8059183069638,0.2791733124086,0.5562618024732,0.5889304627053,0.2399011986387,0.6387046187973,0.9146619513600,0.8793685988928,0.8304570750924,0.4225449407302,0.2885071477991,0.3464523010689,0.1828407706305,0.5194160234143,0.6095451627124,0.1888553382364,0.3052908397026,0.1838061922369,0.0361001144870,0.3039886946543,0.5163484045535,0.1638232038253,0.1789353536969,-0.0267760925933,0.1889056877123,0.5933959982157,0.1462283561950,-0.1859392832135,-0.2801938968422,0.0713815589366,-0.1145012582740,-0.1501666436002,0.3481524963528,0.1603014185773,0.3102433558446,-0.3189374414486,-0.1755946222787,-0.0402397499992,-0.0001288927013,0.3265744527765,0.2303183372409,-0.1441815939236,0.0381682244133,0.4399577430625,-0.0016282274398,0.1286744540265,0.0819237861813,0.3710273719929,0.6920163863368,0.0798314299105,0.4893400442007,0.5400383813120,0.2575584614715
0.3896037952751,0.0915600607994,0.7447239065302,0.8161561250555,0.6694758026751,0.8606844368944,1.0000000000000,0.2948841296252,0.2056760282226,0.4820796206514,0.4014931328656,0.2619369963234,0.4205529200359,0.1315757629817,0.4242219860440,0.3887964494071,0.3341136477681,0.2941300647812,0.2137870342630,0.1688346852952,0.0147884016510,0.2009788722315,0.0139351652278,0.5724259949692,0.1468538136579,0.0335855825594,0.2073330706152,-0.0528241158341,-0.0348401997485,-0.1567436464583,0.2603864282560,0.0581279318368,0.3199459324343,-0.0434177527405,0.1985076826348,0.4356579508237,0.3977235376393,0.0449622147407,0.2641018183851,0.0031564832090,0.2595012484124,0.3962893651345,-0.1258444403469,0.1574951174322,0.0598604922445,0.1054868485234,0.1158217628602,0.6388128509077,0.3059426859731,0.5678461480250,0.5110999459145,0.2529292681036,0.5785631354758,0.8571999885997,0.8118450148620,0.8650709000550,0.2982796809854,0.2445646095752,0.3406373361560,0.1774580923259,0.4050302067327,0.4482734512210,0.0189572776139,0.2342371218981,0.0583648926760,-0.0052858660915,0.4857652061457,0.3874438171056,0.2277829122719,0.1196269359793,-0.0718358388194,0.1050606656312,0.5206841231754,0.0831679991965,-0.1437028874887,-0.2887826569176,0.0100498179644,-0.0839427892671,-0.0428231780190,0.4200015777706,0.0944520491862,0.2538745368548,-0.2694900924035,-0.0115014550113,-0.0963647439516,-0.0726002210582,0.3140863763928,0.3986084583025,-0.1281725163032,-0.0126482158997,0.4096914372637,-0.0746244443539,0.0543102379960,0.0649036660603,0.2955597150971,0.5184029352783,0.1676169230478,0.4030574905401,0.4546645692088,0.2306152381220
0.3517071996609,-0.1272382717545,0.2673946257165,0.3564132167300,0.4620847790663,0.4006222975304,0.2948841296252,1.0000000000000,0.6653522275281,0.4574711603142,0.5820294594138,0.5899592856765,0.7474011571080,0.1479226837176,0.2867480843263,0.6152080380373,0.7128145242001,0.7123969149424,0.5645796380456,0.7800483538331,0.3243407113191,0.3112577558088,0.3816922945604,0.5516218278426,0.6662534834528,0.4911256903080,0.6254449608651,0.1503363818590,-0.0381501782523,-0.0219074561086,0.3732009749902,0.4622215510947,0.6534577577865,-0.0028828445415,0.1620535949069,0.4584937195560,0.2154442392310,0.5827342734533,0.0385462498797,0.1520898873723,0.4022773883868,0.4317082955137,0.3483244298735,0.6089181572724,0.6314053092541,0.4705344617430,0.3572985185948,0.2716616610857,0.2095384422785,0.2601742545780,0.3628520416769,0.1639001360464,0.2073265870969,0.3184485009513,0.3321766360565,0.2851521944603,0.7397710951024,0.7560111689950,0.5632564201260,0.5697019262038,0.0191346611786,0.2980588385854,0.1761038691056,0.0662167823963,0.0743355944185,-0.3178750484518,0.2944924703293,0.5816385319089,0.3444938268347,0.6548892672775,-0.1518148410692,0.1143449705132,0.4975350263346,0.7672213198948,0.0679005421825,0.0726804120163,0.4760601232675,-0.0543744303241,-0.1785248545153,0.2167107383933,0.2143381141813,0.4360326968850,-0.3280197497510,-0.1825803044776,0.5036365587869,-0.1164892334185,0.0934256484618,0.0473199150053,-0.3685359405258,0.5521354715007,-0.0426168350490,-0.0458613318008,0.5173978209325,0.0649985551059,0.1025129639860,0.3593664891634,-0.0647077581293,0.2243190540431,0.0532154248862,-0.2655893283126
0.2592448579049,-0.4014453852864,0.0964484322354,0.2727659391382,0.2804207079626,0.2483472011974,0.2056760282226,0.6653522275281,1.0000000000000,0.2623107376515,0.4808303441528,0.4705770507026,0.5317988589538,-0.1194971074398,0.1249327476726,0.5823598779359,0.5517807158725,0.5647615775314,0.7653821357019,0.8139707990300,0.3314676631178,0.1206633712572,0.3990437381837,0.6954624146910,0.7641575789987,0.4747311604667,0.5338602211907,-0.0230259739588,-0.1977062744509,-0.2297948002064,0.3877833828941,0.3190027264920,0.4552556139572,-0.1221580577511,0.1419445193418,0.6644524405431,0.2542830129913,0.4141750809252,0.0424124491367,-0.0060756017841,0.0708121957568,0.2038529565208,0.2874591817373,0.4375489386515,0.4104407101465,0.2419792881061,0.2056880349377,0.1473441887824,-0.0799361715362,0.0979450634891,0.2652026125192,-0.0858810025139,0.2389987365906,0.1876488558123,0.1730527194104,0.1676298597434,0.6865460177798,0.7086164472126,0.8261199829601,0.9671875328415,-0.0439653770149,0.2816207747380,0.2299783756122,0.1749242221639,0.0128110162055,-0.0478599215673,0.4994832549881,0.6266392484213,0.8221155842143,0.8325429819624,0.0837985722922,0.1742108347115,0.6813343599554,0.6911640239668,0.2846097240413,0.1563134995310,0.4404547243059,-0.1137718740162,-0.3020651827649,0.5279690099569,0.1699606517259,0.4225461128828,-0.3861858101323,0.0821962970614,0.3502488307960,-0.1423328702297,0.1716897344383,0.2166165490829,-0.0476190169700,0.4917899204051,-0.0364690817800,-0.1221531871185,0.4285136691831,-0.0374440467549,0.1270934321772,0.3453680643389,-0.3077409885730,0.0055198484927,-0.0308288048143,0.0010386391422
0.3252269914719,-0.0935614824629,0.4805194488881,0.4176498506937,0.4174354163780,0.6070632606812,0.4820796206514,0.4574711603142,0.2623107376515,1.0000000000000,0.6826369936859,0.7514109605484,0.6812186261941,0.2325660167394,0.2533471062446,0.2493913412124,0.5146408025185,0.4222197380828,0.1906898485712,0.2980934074325,0.3172579791633,0.6554243252208,0.4211357526762,0.5027410437248,0.1917680580241,0.3343518247784,0.3836807953125,0.0194912454385,-0.1162640546522,-0.1051706236321,0.2087789654412,0.4229374720355,0.5724517803614,0.2250838370632,0.0672803160086,0.2865516143258,0.3784839207636,0.1533653823221,0.0781424674588,0.0530753574857,0.4130718760383,0.4557162641044,-0.0509163961016,0.1568062336334,0.1879599539055,0.3628316990198,0.3352232316228,0.4545812792456,0.2042815984321,0.4748843772726,0.3500110705222,0.1360578475834,0.3322164796497,0.5139501742358,0.4876614191239,0.4546221672706,0.4502882725500,0.2567836217765,0.2650281245306,0.1979245556525,0.7162482913572,0.6200533274317,0.3706409690989,0.2173449494566,0.1933149037298,-0.1246928265241,0.1664668884022,0.4515990776639,0.1233068771032,0.2181138092577,0.2201193740527,0.5034892396520,0.5085536419070,0.2622423796442,0.0014254814613,-0.0155083781738,0.1376440171534,-0.1273038910344,-0.1898290335022,0.2362303219992,0.2633578439681,0.4184040977128,-0.3243250051076,-0.1745950492825,0.0754561086415,0.1523943279297,0.3047830277240,0.1694566339566,-0.2622684261017,0.1117629052350,0.1857502178394,-0.1109685326860,0.0938766330190,0.0663843772309,0.3731677639621,0.3961847995057,0.0058911238029,0.5988953972489,0.4454909829792,-0.0013705282695
0.4853878800523,-0.2466647680319,0.4711048884662,0.4502296717524,0.5504726664232,0.5747480519834,0.4014931328656,0.5820294594138,0.4808303441528,0.6826369936859,1.0000000000000,0.8624968107362,0.6967554764802,0.0971355005958,0.2910779377130,0.3422307362636,0.5981931558528,0.5791052540934,0.3434279341139,0.4872552179368,0.4101009011228,0.4586034608707,0.6286239062275,0.6613832329979,0.3785679803761,0.4589750134829,0.6220326377954,-0.0246261844020,-0.1877356352347,-0.2434694599354,0.3204005959227,0.4581637819149,0.5777729154842,0.1287541991612,0.2465105999461,0.4186922410229,0.4848541518709,0.2474813920070,0.2570854845181,0.2272884635062,0.2424810358830,0.3334661151172,0.2471740295844,0.2798349452303,0.3062575435372,0.4027365657347,0.2954900550631,0.4665109661920,0.1509079200195,0.3285760095147,0.4799766600171,0.1694652067172,0.4609170782876,0.4899269526580,0.4100131310778,0.4172319669874,0.5017977278664,0.3582856851206,0.4016778860845,0.3823407941071,0.4049681228167,0.7892728578792,0.5388981438641,0.2046305401648,0.2255774938596,0.0508076472307,0.2183616942177,0.5660077231785,0.2987594314582,0.4540612708598,0.2190062543990,0.5312611514611,0.6578121783990,0.4515021859053,0.0750287335412,0.0259095518732,0.4682898013943,-0.1516276747438,-0.2773924426557,0.3745320577730,0.2231573989974,0.4613243426801,-0.3578925201697,-0.0792113472300,0.1637508159974,0.0591227261315,0.4512399754015,0.2418654272248,-0.0743977119448,0.2788151793570,0.2532111079746,0.0648078757892,0.2506627104567,0.0122469496518,0.2650918304261,0.5222579262170,-0.0743077804213,0.2888073578505,0.2600405293537,0.1530402457206
0.3947014791836,-0.2138657099626,0.3598559216358,0.3671718681843,0.3952687208864,0.4126331527907,0.2619369963234,0.5899592856765,0.4705770507026,0.7514109605484,0.8624968107362,1.0000000000000,0.7243556804252,0.1964273627086,0.2496268649164,0.3489705986324,0.6462688027137,0.5268662937944,0.4035182819615,0.5069524785201,0.5560804358398,0.5736629069432,0.7187279576747,0.5778967183793,0.3719588550497,0.5824328984672,0.6280733190060,0.0720244181573,-0.1230757369127,-0.1127608629349,0.3061061858449,0.5756231550372,0.6199642990640,0.2036246795273,0.2473590436203,0.4015685378937,0.4038548964581,0.2650851039880,0.1592163419211,0.1979836373418,0.3229247318602,0.4053436021438,0.2243999060770,0.2970925148639,0.3393448081629,0.4259935006356,0.3721256088201,0.3398205807252,0.1292708418668,0.3040036225701,0.3868918319584,0.1528836045533,0.2964798006345,0.3250554382910,0.2488803920645,0.2638305059078,0.4723929706157,0.3463539004038,0.3653648136928,0.3802890163113,0.3859512484264,0.6824544082979,0.5512515499287,0.0673714490773,0.2305689106938,-0.0448691867140,0.1571932714298,0.5189385013568,0.2874797050446,0.4746909081208,0.2706245078256,0.6365303317300,0.5657583744067,0.4920405405597,0.0889391062102,0.1155499056630,0.4781543390427,-0.1193897357903,-0.2304555358779,0.2649955062739,0.2603841698041,0.4208140087281,-0.3385977446228,-0.1267441314423,0.2161755416201,0.0939977404754,0.3807286296299,0.2006418422046,-0.1891092146166,0.2889486218946,0.1461836610202,0.0272093109840,0.2479988891277,0.0451987089412,0.2546373872470,0.3959003792962,-0.0658284612374,0.2687453828236,0.1821429252156,-0.0423810642835
0.3773876951537,-0.1878814559536,0.3708621145840,0.4423007105710,0.5121737207329,0.5254755380543,0.4205529200359,0.7474011571080,0.5317988589538,0.6812186261941,0.6967554764802,0.7243556804252,1.0000000000000,0.1244073776108,0.3046611367801,0.4471106489802,0.7326917114453,0.6260241411589,0.3921850254471,0.6197533981444,0.4064758974109,0.4135522852875,0.4808705394002,0.6070197541067,0.5330675833592,0.5016433903892,0.6334719465766,0.1264618999356,-0.0781019109291,-0.0969709689519,0.3673338114718,0.4932256936895,0.7449986909478,0.0744472113955,0.1035601850935,0.3578579144160,0.3674018338416,0.3709705421579,0.0560402564945,0.0355879585803,0.4029758534675,0.5160125151446,0.2343934659429,0.4815919384449,0.4857920855188,0.4852143083794,0.3963244695094,0.3383179224166,0.2075219396246,0.4064485104740,0.4406870489651,0.1078724237861,0.3865604075316,0.4546933053836,0.4564970670337,0.3853713490720,0.7018243352143,0.5351648459538,0.4760912185272,0.4468977133089,0.2619391452010,0.4872674500804,0.3901160668563,0.3198841467674,0.0814778733290,-0.2344569847009,0.2606227241830,0.6082256811656,0.2711302364202,0.5193074715334,-0.0631653182595,0.3383532524335,0.5456573556455,0.5824596892947,0.0006376128145,0.0210922363110,0.4147462316327,-0.0697299642736,-0.2215245654707,0.3262477536113,0.3330461002732,0.5986555670103,-0.4013261434235,-0.1550697519115,0.3484229900286,-0.0159093631653,0.2059417934605,0.0865854748655,-0.2829646323821,0.3797658603085,0.0444260686703,-0.1191925763355,0.4225324031442,0.1231019454789,0.3511159805442,0.4368961977651,-0.0168449727916,0.3316934965468,0.2292700344964,-0.0939864619480
0.4154945405740,0.5997508851402,0.3158103226373,0.2110617537374,0.3605234236907,0.1104290937727,0.1315757629817,0.1479226837176,-0.1194971074398,0.2325660167394,0.0971355005958,0.1964273627086,0.1244073776108,1.0000000000000,0.3861439029817,0.1775831886249,0.1001442400683,0.1880037829182,-0.1132840438340,-0.0365557113403,0.2829381744480,0.3061053658932,0.0931267751790,-0.0643600859328,-0.0688071280959,0.0688505598505,0.1200483725220,0.4627129777956,0.4009513155532,0.5629144034037,0.2543116091152,0.2738322750554,0.1224295497800,0.2813732680607,0.2607650068304,-0.0141632920840,0.0168156047889,0.0908342538971,-0.0074179156179,0.0201729628863,0.5373698700032,0.4991767010966,0.0154754712970,0.0356284520414,0.2727666800143,0.2591644114539,0.3012349140672,0.1253805503163,0.5449770308130,0.4698727727110,0.3882081308235,0.5611582736431,-0.0149053509203,0.1509215648086,0.0920386268059,0.0783976192044,-0.1799953668068,-0.1325853116619,-0.0829918381946,-0.1974972239467,-0.0299254679972,0.0276909361498,-0.1784897286910,-0.3909467565203,0.5677196732304,-0.4200603626536,0.1034760811579,-0.0356639340075,-0.1312505239834,-0.1684628645066,-0.2273402855830,0.1037829835505,-0.1108515315801,-0.0341119199705,-0.1054979055164,0.0783470177914,0.1086535119696,0.3585152209374,0.4012809248470,-0.0762258601923,0.1488305946775,-0.1847347666451,0.3610244520315,-0.1317998256818,0.1585361554230,0.0478796107473,0.0180099485267,0.1800495518569,-0.4324986450566,-0.1245928277329,-0.0426572933085,-0.1035055745684,-0.1201212869274,0.2740942013633,-0.0175690573882,0.0594461150522,0.6353226693804,0.2645139767572,0.1838400790431,-0.3872858445714
0.3241148175350,0.2980675289961,0.3835943446753,0.5345518995154,0.3992906028715,0.4076541504144,0.4242219860440,0.2867480843263,0.1249327476726,0.2533471062446,0.2910779377130,0.2496268649164,0.3046611367801,0.3861439029817,1.0000000000000,0.3692682614651,0.2930347016403,0.2054798617871,0.1881996177538,0.1825510885674,0.1199201054859,0.2065430781443,0.1129236334408,0.2426282947805,0.0965170027200,0.0589567176674,0.2419452649625,0.1194095121557,0.0762401031059,0.1195266064600,0.2952193866081,0.1920999373160,0.3339179333546,0.1654546534268,0.2139725620820,0.2778547788994,0.3616076308621,0.3274632503653,0.5189309298598,0.3379365289420,0.3132423290326,0.4835013581918,0.3328136173652,0.3953829375118,0.2978471925098,0.3094401581320,0.4078289008208,0.4837178654495,0.3634385171731,0.7292789694910,0.3060617031627,0.2950158915239,0.1753775476077,0.3144499365939,0.2999809470981,0.3031186808843,0.0712745481402,0.1222356104902,0.1003963583827,0.0761230229967,-0.0265456073946,0.1740493715728,-0.1028564235085,-0.1430070352694,0.1981742903219,0.0946572531189,0.1589896216533,0.1253045491413,0.0682163329566,0.0139825982583,-0.2610156620024,0.0203763779917,0.1664761175948,0.0618874008522,-0.2649893500478,-0.2827939326032,0.1014735007737,0.0156586408635,0.0337406004529,0.0415555376132,-0.0288265037084,0.0034234204130,-0.0553281093991,0.0260134542353,0.0025719505870,-0.1129696101536,0.2120911528642,0.1598733473849,-0.0240736362991,0.1359623234839,0.4376906283310,0.1699755691047,0.2134883585161,0.0803116215792,0.1573393091650,0.3117577012208,0.1665586357062,0.1564063837510,0.1043133708097,-0.0375992365758
0.2503062613118,-0.0045746258112,0.1721772655857,0.5847477380288,0.3243171391478,0.2829879018568,0.3887964494071,0.6152080380373,0.5823598779359,0.2493913412124,0.3422307362636,0.3489705986324,0.4471106489802,0.1775831886249,0.3692682614651,1.0000000000000,0.5957732212479,0.5520987261431,0.7430878209109,0.6260910168436,0.3308497264753,0.1597672820865,0.2834520303532,0.5265179901645,0.5288059560859,0.3137932596097,0.4656397524599,0.0664672929228,0.0076799375129,0.0213921978587,0.6241861931141,0.3686645382293,0.4779874354107,-0.0058678901011,0.4071158066740,0.7227080188318,0.2612815448160,0.3387127323558,0.0505098547146,0.0303475258917,0.2661381691863,0.4739863645477,0.3366626283655,0.3788024242606,0.4593332776227,0.3580514647646,0.3142241354193,0.2226007448214,0.1776013887979,0.3664174843592,0.2541186417555,0.1512798027575,0.2374816017885,0.2579944328965,0.2590981988850,0.3290140420803,0.4948311229144,0.5986648413277,0.6594575851477,0.5541522582281,-0.1046795898147,0.1824540386163,-0.0471760172801,-0.0119712050997,-0.0263461204498,-0.1890021856250,0.7553924584643,0.5105051636073,0.5470001653985,0.5456268480830,-0.0785701288769,0.0174838251421,0.4502051211899,0.4700501239643,0.2763675235122,-0.0148400815555,0.4011654699560,-0.0602770632677,-0.0813368173907,0.4844957950655,0.1489943520817,0.2840062659608,-0.1767648457445,0.2563316137873,0.3288916422844,-0.1182482327475,0.1856388547518,0.3732612866207,-0.1145361734667,0.3320042925920,0.0406494421167,-0.0992304805613,0.3397931883858,0.0879693286354,0.0448749957577,0.2929750449540,-0.0055464461528,0.0796718814551,0.0866058911207,-0.1252966977227
0.2664931126238,-0.1805009979400,0.2511351272786,0.4241998164337,0.3984831362326,0.3946012196993,0.3341136477681,0.7128145242001,0.5517807158725,0.5146408025185,0.5981931558528,0.6462688027137,0.7326917114453,0.1001442400683,0.2930347016403,0.5957732212479,1.0000000000000,0.7444497622923,0.4788248946372,0.6245537624404,0.5901767516354,0.4156759036938,0.4556284547971,0.6218624782973,0.5080589044186,0.4892982052185,0.6602840138132,0.0807945266049,-0.0714652142181,-0.0706700529670,0.5089557761980,0.3977052738885,0.7543608165376,-0.0091117466964,0.2324503407130,0.4311359589602,0.3053022607970,0.3549916076924,0.0322000894934,0.1416573931194,0.3886041826744,0.5346675019526,0.2784197308419,0.4627716044564,0.4277488014911,0.4405609433050,0.3476650680321,0.2797149074133,0.2182012058861,0.3279519015016,0.2673560218203,0.0121981669219,0.2626356393239,0.3462952234529,0.3790721719249,0.2607108912450,0.5889023783507,0.5639781862315,0.5610026539949,0.4586942790060,0.0858450808694,0.3766421783027,0.2816392788942,0.1944992764992,-0.0329868560439,-0.2159284225416,0.3975657277902,0.7403244435119,0.3676073515505,0.5446104083427,0.0846534421378,0.2459527799764,0.5463005372054,0.5708120927311,0.0157677915144,-0.1026399149884,0.4254566973710,-0.0462507531190,-0.2097998991599,0.4405732384770,0.2461800841970,0.5422968976906,-0.3727501021500,-0.1495862511281,0.2682761605337,-0.0442407785987,0.1900375121043,0.1074806131164,-0.2766562178255,0.4408979503750,-0.0032793070326,-0.0119570762922,0.3783252591683,0.0945466964458,0.2366579868670,0.4070278743252,-0.0388070644381,0.2860804931465,0.0892015131346,-0.1410661992722
0.3380465552724,-0.1731227201086,0.2530250754039,0.3398633330627,0.4941842198135,0.4359048672778,0.2941300647812,0.7123969149424,0.5647615775314,0.4222197380828,0.5791052540934,0.5268662937944,0.6260241411589,0.1880037829182,0.2054798617871,0.5520987261431,0.7444497622923,1.0000000000000,0.3216571345039,0.5459607281200,0.4352460836002,0.3005496742637,0.3663684090145,0.6352331075988,0.5147896628382,0.2748160965673,0.5340837731575,0.1184983744651,-0.0520607031556,-0.0507762985042,0.4054682613899,0.2678404064339,0.5269670033808,0.0228772557148,0.2920195353662,0.4714406463639,0.2929580012252,0.3010448399237,0.0847685567188,0.0999204638621,0.3218984285947,0.4482867636303,0.1820010350314,0.2961795522217,0.3531669928248,0.3334185430587,0.2532648327975,0.3522014952212,0.2672501794810,0.2778078936729,0.4055989805609,0.1093653808896,0.3672987831393,0.3759884867534,0.4223153374479,0.2441521739729,0.6152560435451,0.5387123061708,0.6508829535223,0.4521777022432,0.1560792355310,0.4607676100415,0.3205252668345,0.2812647736171,0.1747742258747,-0.2278808811919,0.4753057068864,0.8083518586757,0.4298750513931,0.5139132824906,0.0587522891485,0.2481086906552,0.6272896405872,0.4989176019661,0.0299197633785,-0.0471768114035,0.3938566616730,0.0533019628689,-0.1477462128973,0.4842698187636,0.2894979738645,0.4570814277845,-0.1814065496738,-0.2480060743191,0.2759771504863,-0.0078844283527,0.2394809696533,0.1526065539867,-0.2713511211776,0.3187224822845,0.0295081906417,-0.0142454779224,0.2594572386156,0.1701795957197,0.2765624209335,0.5090408649764,0.0888391368109,0.3249026986206,0.2724752265925,0.0132884984296
0.1227670032329,-0.1979712886216,0.0171050036808,0.3848086580767,0.1139965070213,0.1288652523026,0.2137870342630,0.5645796380456,0.7653821357019,0.1906898485712,0.3434279341139,0.4035182819615,0.3921850254471,-0.1132840438340,0.1881996177538,0.7430878209109,0.4788248946372,0.3216571345039,1.0000000000000,0.7182864557729,0.2202250532279,0.1366851511234,0.3312654691157,0.5386321811544,0.5814457120575,0.4485591077594,0.3981640452298,-0.0427290030504,-0.1306774834663,-0.1837622130607,0.4667704514391,0.3542926323609,0.3943748209684,-0.0896918169743,0.1464456109579,0.7122378375385,0.1969709298686,0.3538338769975,0.0317098313503,0.0791591021938,0.1056629606225,0.1815121544198,0.2646071926402,0.3900044382317,0.3855073471092,0.2501411855618,0.2051289102900,0.0509019627984,-0.0672621284510,0.0992814537079,0.0657960895207,-0.0077787814717,0.0875602413591,0.0659853522804,0.0475330230123,0.2048091824504,0.5255234852757,0.6902355671873,0.6570722334618,0.7850771981130,-0.0948572614454,0.1680777222254,0.0800356742939,0.0408758954325,-0.1303947971200,0.0100518184733,0.5354287373167,0.4012191232435,0.7315699808538,0.6887586643140,0.0950597591251,0.0281257498887,0.4452888287091,0.5597696841904,0.3704389612436,0.1086259713779,0.3252487716560,-0.1818834980154,-0.1931925592767,0.3882008133016,-0.0112850260771,0.2391212428842,-0.3044681966754,0.3102128790571,0.2628732708543,-0.1997276737791,0.1486665808925,0.2795784502742,0.0301813857812,0.3970286351318,0.0168280547356,-0.0529424950468,0.3642592803174,-0.1329489160537,-0.0968974571586,0.1230450879552,-0.3118650384532,-0.0457567157768,-0.1294810528481,-0.0851543219026
0.3692698825662,-0.3672641869386,0.1129094046522,0.3003802896167,0.3322195348763,0.2343320338285,0.1688346852952,0.7800483538331,0.8139707990300,0.2980934074325,0.4872552179368,0.5069524785201,0.6197533981444,-0.0365557113403,0.1825510885674,0.6260910168436,0.6245537624404,0.5459607281200,0.7182864557729,1.0000000000000,0.3728294159336,0.1404580767644,0.4689117338076,0.5911199188950,0.9000714655028,0.6221821164212,0.7294187659302,-0.0021913148150,-0.2371900914422,-0.2260369310902,0.5050261740904,0.5553847895075,0.6411378895693,-0.0058227910906,0.1114466109129,0.5268989003367,0.2256002259573,0.6515628922825,0.0102987438609,0.0830042270121,0.1407856992003,0.2879420746881,0.4671946679730,0.6503845775868,0.6400617978818,0.4560091051231,0.3479252575372,0.1147746525255,-0.0348625309197,0.1340836327860,0.2944679542272,0.0038531799724,0.1865338442831,0.1603460030622,0.1328498598926,0.1787581683376,0.7211394723934,0.7432566946649,0.6479365352777,0.7549827515789,-0.1369585864371,0.1894727916065,0.1396274577029,0.0432669836767,-0.0295476243985,-0.1506363169036,0.3456162891245,0.5527502596754,0.5424413459439,0.9070828855402,-0.0537845878076,0.1123164406546,0.5103069154124,0.8751876406500,0.2593328087389,0.2025304431821,0.6217161095788,-0.1542126413144,-0.3588039754735,0.3834422144765,0.2609320986193,0.4975740022388,-0.4327790989806,0.0574660550999,0.5641220403285,-0.0500289134999,0.1257947249160,0.0912058701918,-0.1269893557516,0.6980344460675,-0.0943505711849,-0.0626955505481,0.6842615479011,-0.0177781283708,0.1020945217606,0.3108033345346,-0.2924662621425,-0.0044824419619,-0.0806157669436,-0.1741100728895
0.2061909661430,-0.0703128076935,0.0983999075347,0.1294849283119,0.1974982168425,0.0429931853113,0.0147884016510,0.3243407113191,0.3314676631178,0.3172579791633,0.4101009011228,0.5560804358398,0.4064758974109,0.2829381744480,0.1199201054859,0.3308497264753,0.5901767516354,0.4352460836002,0.2202250532279,0.3728294159336,1.0000000000000,0.3832484190420,0.5257905142062,0.3830247026316,0.3140136866380,0.5348928733833,0.5954223778891,0.2004346383723,0.0500052977714,0.1690007654951,0.5064777501170,0.4562156484417,0.4591246857541,0.2239437097901,0.4112072603126,0.2401016201762,0.2826653547348,0.1957478688254,-0.0129334450879,0.0760066299157,0.2529993454057,0.3539626167769,0.4308934562050,0.1632869071131,0.3360404789113,0.3238396476861,0.3297449584561,-0.0289200114036,0.1984628428173,0.2529634161351,0.2310702289871,0.0484775466710,0.0280217910067,0.0608274329354,0.0060452460647,-0.0882369738853,0.1595413276485,0.0863116131690,0.3103037025764,0.2325157500287,-0.0243916345206,0.2892019194299,0.1948500228741,-0.2062342320069,0.1540340540996,-0.1719450080553,0.2429840162991,0.3602207582952,0.2537233111760,0.3893340475457,0.2513808898493,0.4569874989365,0.2859234473301,0.4147017097941,0.2144066158233,0.2189751913282,0.5337783444792,0.1363502528621,-0.0862113450795,0.2974184948267,0.3446487977993,0.3062449269365,-0.0767314725721,-0.0805116567624,0.3043340053231,0.2063899490593,0.3137872974405,0.2843417932491,-0.1482948784991,0.2979092382451,-0.0445563284303,-0.0303596151995,0.1773872597969,0.1607118891654,0.2348889977648,0.1887006502633,0.0359448325735,0.0825084521212,-0.0056401914757,-0.1068951836757
0.0734339633684,0.1661240571219,0.1789271130225,0.1236415975742,0.1695685039652,0.2287670781861,0.2009788722315,0.3112577558088,0.1206633712572,0.6554243252208,0.4586034608707,0.5736629069432,0.4135522852875,0.3061053658932,0.2065430781443,0.1597672820865,0.4156759036938,0.3005496742637,0.1366851511234,0.1404580767644,0.3832484190420,1.0000000000000,0.4655857890488,0.2316427603764,0.0610555082859,0.4075654983920,0.3256407265767,0.3672606464157,0.2202095932674,0.2509084332163,0.2943543031128,0.3588846668779,0.4515763070278,0.2197498714834,0.1084554227313,0.0385055874901,0.2233530244151,0.1657408731392,0.0125509288769,0.1186610338772,0.6258342681996,0.4599421601703,-0.0739195637548,0.2120836603771,0.2954351242309,0.4546368450208,0.4505587815587,0.1560561575488,0.4774757981823,0.2904764769317,0.0603622733672,0.0826917427498,-0.1189556818344,0.1539387158507,0.1483770404922,0.0170679094684,0.1749772528259,0.0774085325957,0.1101630426306,0.0510446940618,0.3365465979192,0.3193037629199,0.1656143010696,-0.0770701704139,0.0728126119422,-0.2125556514745,0.0481802576201,0.2096590919293,0.0592109821527,0.0446202141340,0.0983463332652,0.5230173939610,0.1623718499676,0.2340742567053,-0.0704003313682,0.0486576376454,0.1620380428125,0.2293651277232,0.1488608169335,0.0682069043049,0.2260486918156,0.2401464622211,0.0585162667692,-0.2298577757007,0.1490574344988,0.1358639289352,0.1861988254170,0.1305528708945,-0.3137149688537,0.1685486062272,0.0375591233586,-0.0535309058609,0.0268049805443,0.2520486953720,0.3600865205533,0.1000063418642,0.1853172359589,0.6444236375559,0.1274637702236,-0.1733809322854
0.3678723332444,-0.2403456971101,0.1207726573834,0.2034263391835,0.2363710594019,0.1084383191596,0.0139351652278,0.3816922945604,0.3990437381837,0.4211357526762,0.6286239062275,0.7187279576747,0.4808705394002,0.0931267751790,0.1129236334408,0.2834520303532,0.4556284547971,0.3663684090145,0.3312654691157,0.4689117338076,0.5257905142062,0.4655857890488,1.0000000000000,0.3754605982629,0.3614801379869,0.6404584018648,0.6407640510673,-0.0709476413543,-0.2325041504022,-0.1755049003422,0.3565233017940,0.7278642723371,0.5695924099530,0.2984598985775,0.1438820008003,0.1938268635574,0.2426539341561,0.2088625110185,-0.0172151264076,0.2197878702455,0.1675298803361,0.3145921439930,0.3726048612759,0.2401298217469,0.3711122212555,0.5513384973993,0.4768316044225,0.0696280205508,-0.0914411402661,0.1326883853173,0.2986090870613,0.0708178528280,0.1517466397141,0.0874190849937,-0.0021544223506,0.0146304479999,0.2724208675170,0.2178804287308,0.2544513441676,0.3330513940959,0.0756713148022,0.4136086292667,0.4028276683636,-0.0827127796702,0.1737713036702,-0.0348842540306,0.0963804808035,0.3210457510220,0.2156992107289,0.4578712097801,0.1817046769647,0.7184214446141,0.3599126628113,0.4367018027517,0.1647653469253,0.2974827192499,0.6277772855629,-0.2032441308485,-0.3323910609187,0.2146834260821,0.3799652200676,0.4453256633555,-0.2082341608026,0.0060087875921,0.2506741861623,0.1757330984591,0.2005092189303,0.0374020432609,-0.0729334969159,0.2781491879840,-0.0872777223174,0.0849596031568,0.2583679790729,0.0367329133773,0.2171547172783,0.2256837065620,-0.1585556414025,0.0487496367920,0.0946748054125,-0.0206218851597
0.3657808283281,-0.3356479751964,0.3962790497713,0.5790830083401,0.5003963886259,0.5977261188631,0.5724259949692,0.5516218278426,0.6954624146910,0.5027410437248,0.6613832329979,0.5778967183793,0.6070197541067,-0.0643600859328,0.2426282947805,0.5265179901645,0.6218624782973,0.6352331075988,0.5386321811544,0.5911199188950,0.3830247026316,0.2316427603764,0.3754605982629,1.0000000000000,0.4987329438126,0.2890922046157,0.5593269143444,-0.0995342255212,-0.2645373065138,-0.3433409052705,0.4445801805067,0.2138488472281,0.4835839669893,-0.0520167752739,0.2105742559097,0.7277529112111,0.5486600732498,0.1756585047937,0.2246140344067,0.0403354234557,0.1036301781720,0.3121902615089,0.1364376089789,0.2226228335625,0.1512809700149,0.2286589981325,0.1234377238709,0.5114850970730,0.0880644570868,0.3528294433683,0.4294860980495,0.0171732056846,0.4894315995175,0.5502654332280,0.5147010681801,0.4984629579174,0.6127718545517,0.5245161496267,0.7151699079696,0.6341603777747,0.3010020761387,0.6401985144617,0.3143288065006,0.3364159196027,0.0730962869365,0.0420228830053,0.6009681874197,0.7524600405111,0.6612344195450,0.6008888815543,0.2197425854626,0.3041756528467,0.8941452362439,0.4434958358096,0.0580451200580,-0.1568131496663,0.3114078279414,-0.1784825013371,-0.3470726795183,0.6873683481669,0.1191457997910,0.4968749137391,-0.4606148915690,-0.0318077077727,0.0441326218287,-0.0757035543424,0.4504969493216,0.4097600929751,-0.0596444024471,0.2854204009977,0.2905034468377,-0.1048100219866,0.2254033289732,-0.0509996120907,0.2533475699279,0.5989833709483,-0.1481451661424,0.2496764916602,0.2491522375779,0.2373898017842
