1.0000000000000,0.2347177632416,0.7108607059093,0.7237438553318,0.8022697572950,0.5606086047894,0.6530375939854,0.1192217622060,0.2934157880463,0.2262101114876,0.3124235923833,0.1868014458037,0.1138775078409,0.5669881676236,0.2573960699208,0.4333061120719,0.1884276099912,0.2408729305718,0.2509158650564,0.3565538703543,0.1637209130676,0.1408917955546,0.3770562712903,0.3449309487750,0.2896404932240,0.2427341081542,0.3733459556396,-0.1190327871080,-0.1395044383650,-0.0362246976690,0.3451139347595,0.4310228369028,0.4541994339222,0.2526382538131,0.4957618645632,0.3778295784754,0.2536954422106,0.2638527087428,0.2157987197919,0.2770748813986,0.2792886309314,0.3699939059708,0.1914467968956,0.2031031307273,0.2854056945359,0.3409842490143,0.4138511886476,0.3652100565823,0.4672923711520,0.2464651357927,0.8396200941045,0.3135724039350,0.6645115519824,0.7187103175930,0.5501144758300,0.6697417352073,0.1102028341933,-0.0113521809625,-0.0052492990334,0.2050093948533,-0.0060283169000,0.2121648547905,0.0147887547498,0.0001176843379,0.3161475438249,0.2105614505816,0.3720792416107,-0.0335589210193,0.0916744322413,0.2944553911107,-0.0051059977466,0.2567036811952,0.2198072554019,0.2380266661106,-0.0021243070163,0.1570084129057,0.3325149395709,-0.1088725930215,-0.1897636393163,0.2434617819135,0.2810536165219,0.3705005184010,0.0824068760980,0.1756278225260,0.1574689773731,0.1351385121835,0.1958756157842,0.3843797614384,0.0371388985265,0.1778196776416,0.1180329004719,0.2050665554833,0.1343183276069,0.2252633286652,0.0629226956777,0.4009161424470,0.4122028326024,0.1850390743979,0.2671504366652,0.2296439662570
0.2347177632416,1.0000000000000,0.5935159469066,0.2815218095425,0.1692711540322,0.0759566136825,0.2542068691463,0.1066047447967,0.0593820525889,0.1600761046184,0.1369662837876,0.0794430574096,0.0032979833890,0.2413031718341,0.5237937845402,-0.1160686122680,-0.0664137295715,0.0026704891610,-0.1158443687880,-0.0569439905534,0.0087990749780,0.3600216208644,0.1621538803600,0.2423546869395,-0.0602839103487,0.2731299024657,0.1339744932255,0.1936248069696,0.2856163699248,0.5569756129269,-0.1116067507772,0.1182983610721,-0.0775715592535,0.0022526075119,0.1883829052523,-0.0961686566977,0.2004368367976,0.0892643306755,0.0621223908686,0.0966594274553,0.2086591674463,0.2352782294702,-0.1291293396980,0.1388367333968,0.4026306230433,0.2516554004259,0.1562270716257,-0.0226980669417,0.3158053204962,0.2370438675797,0.1824795438327,0.8812566072211,0.3387387726528,0.1590846879158,0.1490821438997,0.1914250202909,0.0315335668924,0.0628367417572,0.0286024980033,-0.0001899037016,0.1819556644069,0.0771891144842,0.0125400684116,-0.0597736575367,0.6684331211552,0.1756716753007,-0.0318381723736,-0.0358215085731,-0.0763097400344,-0.1236945781310,0.0424962926526,0.2715770995876,0.1477748892906,-0.0181056590188,-0.2235382455323,0.1864247528842,0.0529899617174,0.2397672650453,0.3869062035816,-0.1043976479709,-0.0337868388658,-0.0182189822063,0.5171883274520,-0.1836572023710,0.1332003089108,0.0155323882694,0.1629069130373,0.1993164184043,-0.0089468034375,0.0038297372580,0.1542546000729,0.0987841391600,0.2142243449625,0.2045477906323,0.1905556919279,0.0525745346643,0.4168059858792,0.2914371883906,0.2354329369224,0.2864105400695
0.7108607059093,0.5935159469066,1.0000000000000,0.6214747790797,0.5917057785924,0.4014056091078,0.6281049854769,0.0624273576660,0.2334629289125,0.2096211525809,0.2662984603624,0.1157300109366,-0.0215207988729,0.3967309216861,0.4192406661355,0.1557324030139,0.0491341628627,-0.0132467202204,0.1921208176965,0.2487801347593,0.1435265835002,0.3184367124784,0.3414026679592,0.4304622045722,0.2199614190662,0.4152259264608,0.3596090510014,-0.1834424831624,0.0654451411121,0.2803517762552,0.1523603126353,0.3676900617938,0.2482216590339,0.0687740407940,0.4403199404183,0.2528743214431,0.3875040387478,0.3094119909694,0.2712521092198,0.2748492669048,0.2787622275009,0.3020001872174,0.0980283481115,0.3421854336455,0.4611278346319,0.3190094986277,0.3379493749979,0.2369549503628,0.4656479422107,0.2877952231652,0.6078663066426,0.7145007554284,0.6119984790110,0.6410649937281,0.4309613245529,0.6457663604263,0.0040659861306,-0.0645627215809,-0.1406039445531,0.1533509112282,0.1255111774126,0.1420736097327,0.0033408616017,-0.0859812274420,0.4570340832902,0.3079869328442,0.2046263851986,-0.0865079021014,0.1374673281880,0.1204044759026,0.0552002216181,0.3371241681145,0.2992647134421,0.2015758762282,-0.1353826424705,0.2894583610601,0.2885432195776,-0.1126945797217,0.1109596047638,0.0148675237717,0.1379839518893,0.2103789837186,0.3897520832963,0.0453758256430,0.2615811914667,-0.0130678188601,0.3391197403262,0.5197050054164,0.1077261153534,0.2496370957012,0.2744259050444,0.1592361029513,0.3471434743269,0.2304117992282,0.1988333500043,0.2849825690541,0.4977113680331,0.2802713612902,0.3332481100478,0.3419561440662
0.7237438553318,0.2815218095425,0.6214747790797,1.0000000000000,0.7078527370591,0.6180575508839,0.7459357383638,0.1165082254906,0.3072548561968,0.1473969308933,0.2534699234184,0.1573648240258,0.0728096387236,0.5542785727028,0.3558313467503,0.7073088363219,0.2921670053374,0.2740220599004,0.4970047993662,0.4642481721134,0.2569009466815,0.1139729469658,0.3060189625166,0.2809403365749,0.2676229606752,0.2103041128638,0.2142794830114,-0.1949343599618,-0.0176034494150,0.0653121386117,0.4554226028815,0.3857534227900,0.5964216216642,0.0729297052569,0.5399298134759,0.6144494053746,0.0028445328058,0.2148924870794,0.0572497885178,0.0540488519589,0.0841331775497,0.0937225340914,0.0561575755291,0.0184118336246,0.1585435389208,0.1021062827877,0.2174785042547,0.3040382881401,0.4127446721105,0.0386631239557,0.7917163794893,0.3019838219485,0.8957588433999,0.6980385444873,0.6808458832456,0.7832283876435,0.2721765328759,0.0324209905288,0.1626605506211,0.2675686585902,0.0000074573654,0.1739761422574,0.0283470456049,-0.0365708479818,0.5302845556743,0.2170759191314,0.7143841287355,0.0546496934096,0.3661878114080,0.4560565604868,0.1132648891594,0.2214459891874,0.2274029091711,0.2264521625075,0.0587587961960,0.1093489723849,0.0773501150051,-0.2246675790990,-0.0726923459731,0.5023925610239,0.2373213865796,0.4450866220154,-0.0891002817398,0.2028195635051,0.0152724590447,-0.0895062596218,-0.0253831551143,0.3573843951570,-0.1802426541478,0.0619232955495,-0.1276478107169,-0.0850976881983,-0.0766850388923,-0.0924112684290,-0.0879549913334,0.4259539516518,0.4848823740512,0.0412046785050,-0.0040922121768,0.1527023104117
0.8022697572950,0.1692711540322,0.5917057785924,0.7078527370591,1.0000000000000,0.7304518044957,0.7184179987914,0.0775376083304,0.1972313878562,0.2083934419971,0.1672228815109,0.1780015560117,0.0089642800925,0.4898948187930,0.2645910718564,0.4231538351474,0.1805456574803,0.2265665678094,0.2177334981517,0.2689035090217,0.1392542246764,0.1700873751436,0.2655361362839,0.2107866206479,0.1707275846692,0.1262007295321,0.1964598337700,-0.0389961704950,-0.1136142369599,-0.0171143793025,0.2597530155316,0.2788452300788,0.3827010612299,0.1820419005573,0.4772425143985,0.4058590326171,0.1177935591122,0.1154245179019,0.0819853684748,0.1837071130884,0.2285305857197,0.1973901940778,0.0395084880796,0.0426708304293,0.1251523343159,0.2260784780261,0.2557064399827,0.2853662825385,0.4292637015452,0.0657998217157,0.8441213308499,0.2475111751296,0.6659391015152,0.8170195120477,0.7114026046424,0.7529667435063,0.1473127611788,-0.0413207098396,0.0890967869938,0.1239315646899,0.0639172675018,0.1234511545911,-0.0283534546351,-0.1066316885176,0.3814395526631,0.1286990947951,0.3808582478952,-0.0083965086527,0.0748617885210,0.2463539866273,0.0591245670889,0.2229928162063,0.1738125591848,0.1602665372518,-0.0736526921258,0.0817257290054,0.1248525654482,-0.1014829045626,-0.1262306886584,0.2581784625936,0.1542651059929,0.2635299616197,-0.0475707259177,0.0437522093347,-0.0295403810595,0.1081203577655,0.0499097410368,0.2684176014527,-0.1183682974232,0.0157553241417,-0.0386870892071,0.1222630528071,-0.0174366297029,0.1012860313650,0.0096248352806,0.3179779741461,0.3253799060845,0.1682167419479,0.1005510939731,0.1763976242124
0.5606086047894,0.0759566136825,0.4014056091078,0.6180575508839,0.7304518044957,1.0000000000000,0.7877194074398,0.2481433521567,0.3648673970827,0.3875700170059,0.3696271590904,0.3636627049264,0.2073539222573,0.3772269457100,0.3798358096392,0.4008118283072,0.3995318748413,0.3905653351294,0.2836008214233,0.2982597562784,0.2742063569648,0.3370602617338,0.3754007263301,0.4209249454003,0.2102337416118,0.1457297546574,0.3863239254706,0.1350477267713,0.0542096685042,-0.1138789511098,0.2705352819253,0.2696534024457,0.4415493598785,0.1812041904529,0.4805017151001,0.4473527544403,0.2352178152998,0.1355868993928,0.2567360525291,0.3038000344003,0.3145037853441,0.1299307724666,-0.0076942099571,0.0486373951193,0.0366584032795,0.2485910081321,0.2377107609101,0.5548380862431,0.4544928566938,0.0438631824145,0.5879450257991,0.0771404348253,0.5779063873161,0.8061671422954,0.8958767202394,0.6878829444518,0.3357289910024,0.0639883114137,0.3340392045882,0.3359643398861,0.2581942261185,0.3373728681350,0.2041118565723,0.0787325324554,0.3309316122405,0.1803709273342,0.3678141497721,0.2946554637731,0.2608540514828,0.3528719335957,0.2921578815871,0.3504548618480,0.4392960415334,0.3441624677371,-0.1543781620819,-0.0566573569461,0.1901665025407,0.0038731700076,-0.0303647887730,0.3805181434337,0.0974957280768,0.3147102815096,-0.2170325683899,-0.0872319884624,-0.1584499335892,0.0852803825746,0.1900947231720,0.2507265346479,-0.1566298490594,-0.0266902523193,0.1417285257959,0.3293587842689,-0.0375914599218,0.0770954865965,-0.1628948045838,0.5400401517075,0.3042788173861,0.2635967761292,0.0536636239940,0.1722800743515
0.6530375939854,0.2542068691463,0.6281049854769,0.7459357383638,0.7184179987914,0.7877194074398,1.0000000000000,0.1999226331702,0.3679247190349,0.3162027542495,0.3949642371428,0.2530434065912,0.0995992758927,0.3774163154337,0.4026307058696,0.3908416323754,0.2710775053171,0.2147953185192,0.3831848627448,0.3064472283178,0.2207186752652,0.2557381582683,0.3546883968963,0.4531332326767,0.1929733814047,0.2950135265469,0.3668626185911,-0.0589300862821,0.0528175007705,0.0234694199942,0.2851378682857,0.3850273953806,0.4322698725557,0.1369263430396,0.6322028136855,0.5086573576671,0.3329919894319,0.2143279989656,0.3527225160262,0.2545555918084,0.2724047046436,0.1646654233236,0.0896129456419,0.1572621972095,0.2130099769282,0.2171889308224,0.2725359549689,0.4580084114254,0.4151746851121,0.1274255291744,0.6317448471661,0.2792934800085,0.6987083527557,0.7326144954183,0.8098373839912,0.8641478672040,0.2718283158565,0.0497894933539,0.1912120553047,0.3130740998502,0.1569689693213,0.2746254537234,0.1205831162743,0.0132731262729,0.3860012928654,0.2664702778447,0.4270621372690,0.1307744923186,0.3348376043689,0.2968545483827,0.2421390517795,0.3133982393305,0.4084909303705,0.3137559517103,-0.1251599382043,0.0809842376678,0.2021872391198,-0.1011680184506,0.0251838117182,0.2625116650588,0.1027561980431,0.2995257022920,-0.0204367264733,0.0166148832414,0.0047361603293,0.0126305677186,0.2917715943074,0.5155853575173,-0.0151459536859,0.0342747999369,0.2610900119223,0.2019064650339,0.1092716275747,0.0540322905976,-0.0838583958979,0.4649579787902,0.4036387035039,0.2120806719838,0.1486459296407,0.2950920742285
0.1192217622060,0.1066047447967,0.0624273576660,0.1165082254906,0.0775376083304,0.2481433521567,0.1999226331702,1.0000000000000,0.7923235759685,0.5609728990508,0.6805365827870,0.6870884505882,0.6719956712681,0.2542054869468,0.4020699423137,0.1564421649084,0.6359801586391,0.6979107799842,0.3477898622076,0.5204363661419,0.2587534822088,0.4970197132877,0.4808206006610,0.4413196844719,0.2815507160275,0.3341487474329,0.4382854381996,0.1806563020680,0.1644392193758,0.0470259848430,0.3105466067179,0.3508726045650,0.3170877021587,0.0267132842849,0.0959153552065,0.1132100713382,0.2366531153384,0.3569933560062,0.3195746590582,0.4520132788480,0.4951798513324,0.3676536763030,0.0264400458198,0.2607476893660,0.2837189850543,0.1675731847853,0.3503433200248,0.3603730423206,0.3141036462897,0.0821503345045,-0.0002689384750,0.0362555401190,0.0522645026364,0.0243784555907,0.2728802058054,0.0156533823276,0.6535441558127,0.7650685357981,0.6896752092335,0.7787625449573,0.4455529061073,0.6771533298534,0.5461005224470,0.5281501483883,0.2393147013824,-0.0218081495081,0.0547230901171,0.5961171103225,0.3453293195482,0.4696022827827,0.2611527406198,0.3428243811436,0.4214931264479,0.4542105812037,-0.1787524732495,-0.1024479180940,0.1400233612474,0.0417402779081,0.0878233065658,0.3521556273605,0.0000912758397,0.0479928086860,-0.0013766616129,-0.1861726671233,-0.0473331190352,-0.1837288889987,0.1227288094904,-0.0941319261154,-0.1496632707231,0.1022313294731,0.2194885450883,0.3441028509283,0.1338013546364,0.0199354718982,-0.2894574973268,0.3129635378256,0.2063717571681,0.2349034910253,0.4000950738665,-0.0188490124809
0.2934157880463,0.0593820525889,0.2334629289125,0.3072548561968,0.1972313878562,0.3648673970827,0.3679247190349,0.7923235759685,1.0000000000000,0.4234948086316,0.7287067684301,0.6171156707456,0.5463141945416,0.3562075293650,0.4106012632522,0.3099495022767,0.6151735146201,0.6623236536383,0.5027164928243,0.7406576537079,0.3636889945337,0.3563417528146,0.5961972242315,0.5617023655492,0.5977325316629,0.4963504647796,0.5645092048209,-0.0555239764060,0.0887435507410,-0.0253260933149,0.4328004980606,0.5407955698261,0.4664263387225,0.1187302428170,0.3253274106223,0.3043337313362,0.3050267818794,0.4956611816029,0.4256552330336,0.4863761073633,0.4308705361155,0.3464877440541,0.1938969516051,0.3935194509832,0.3215086251132,0.1959280768765,0.4121059036808,0.5049368578189,0.4002911558446,0.1719311730163,0.1604757263108,0.0532152141936,0.2224217006479,0.1837918062190,0.3718119906250,0.1882564475567,0.5414997307842,0.4895456111128,0.5926218123659,0.9415680901737,0.2848419908390,0.6870465349388,0.4715478516969,0.4297747085103,0.2226043336290,0.1093444837635,0.2117352343139,0.5163961047083,0.4814186598790,0.7060769086338,0.2679626636115,0.3853970806035,0.5331904325827,0.6994281282990,-0.1058744355937,0.0544677016675,0.2870341174571,-0.1387172925665,0.0096375950104,0.4233835493281,0.1335780985031,0.1767792001441,-0.0431507382891,-0.0448674350229,0.0524044056188,-0.1706248558012,0.2175263352249,0.1369243279784,-0.0175465424588,0.2538701350681,0.2779308282686,0.3542515223011,0.2990806986180,0.0098565535410,-0.2687191540977,0.4659515377721,0.2897153706359,0.0905384122949,0.3527688687116,0.0752319966752
0.2262101114876,0.1600761046184,0.2096211525809,0.1473969308933,0.2083934419971,0.3875700170059,0.3162027542495,0.5609728990508,0.4234948086316,1.0000000000000,0.5386812326911,0.7313820695813,0.5807497297115,0.4190127474242,0.3919287223643,0.1250011256206,0.6427715913455,0.4637245355523,0.3063612670530,0.2545057887046,0.4344275164907,0.7253663346627,0.5040402630616,0.4439862934016,0.0410666345450,0.3379504922805,0.4029849823382,0.1674899548940,0.1430883192306,-0.0482269875397,0.2636612267148,0.2827035144508,0.3906478325259,0.0963406758768,0.1925196381435,0.2424842433845,0.2419737061448,0.0825071303593,0.2085983582954,0.3543161097993,0.5950771839297,0.3187904310626,-0.1232764308928,0.1203111151756,0.0959034485631,0.3353216709012,0.2269914582900,0.2415409705695,0.2830134425870,0.0106563573389,0.0465236822558,0.0551857696281,0.0474405335810,0.1828389995326,0.2936831219598,0.1486344401813,0.4907845797916,0.4487126052387,0.4934178824353,0.4474928549159,0.6674459412825,0.5794757004943,0.6112588358638,0.4746874083404,0.2712133476614,0.0036603597314,0.0295875963277,0.6901940696184,0.2754967040185,0.2689593609126,0.6188490254176,0.5313536523116,0.4289057443638,0.3596058546238,0.0190705676168,0.0451107378708,0.1797982450032,-0.0038731508272,0.0764167262652,0.3082919823801,-0.0342820169057,0.3031278775398,0.0206007355217,-0.2168694064703,-0.0663841753848,0.0643803150725,0.2223312438260,0.0664188374728,-0.2131035398669,-0.0281790841804,0.1431644135135,0.2411555149070,0.0568137332993,0.1325636730080,-0.1577113667268,0.1744432030832,0.2247932666291,0.6152773705252,0.3166292686479,0.1372812858998
0.3124235923833,0.1369662837876,0.2662984603624,0.2534699234184,0.1672228815109,0.3696271590904,0.3949642371428,0.6805365827870,0.7287067684301,0.5386812326911,1.0000000000000,0.6625201024914,0.5526306472437,0.3207616010858,0.3739051901638,0.1825769951320,0.5990160274938,0.5558737108795,0.3234869242097,0.4930148031939,0.4093751822057,0.4406418488070,0.7039050015345,0.6144091780976,0.4098033932168,0.5126773236435,0.6256332231574,0.0181902876043,0.2341772873609,0.0625337192954,0.3727293545117,0.5412434452485,0.5001625880627,0.1702174064105,0.2425790250058,0.1582136288543,0.3646111898178,0.4082659230717,0.4228519671370,0.4713391366489,0.4904416692298,0.3881035517082,0.1472798095468,0.3483088788279,0.3449919290320,0.2986725908544,0.4136669790996,0.5729202238822,0.4789967081892,0.1674467122023,0.1311735840115,0.0818593634801,0.1862084367183,0.1513174836645,0.3889168806540,0.1417000748312,0.3881489824388,0.4266592517742,0.3962946873454,0.7198125063937,0.2869537551147,0.7993178772310,0.5406921729872,0.4277190720967,0.1965500026253,0.1081750955168,0.0548319072201,0.4740239821106,0.2842820810101,0.4270585177059,0.3178199744100,0.5351403876309,0.5362440012925,0.5378578038453,-0.1609702640661,0.0767038465161,0.4296539526525,-0.0726134945829,0.1676027913205,0.2806187184805,0.2261590607820,0.2137935829971,0.0430467646477,-0.1033893887543,0.0370643674857,-0.0686938446352,0.3631314145255,0.1360654176208,0.0657239842119,0.2002394255580,0.3686957222325,0.4100277143192,0.2431231622453,0.0914064348067,-0.1928183198524,0.5173026934161,0.3461624529372,0.2301814806188,0.3915675049933,0.1676808602814
0.1868014458037,0.0794430574096,0.1157300109366,0.1573648240258,0.1780015560117,0.3636627049264,0.2530434065912,0.6870884505882,0.6171156707456,0.7313820695813,0.6625201024914,1.0000000000000,0.7271592622087,0.2918562923973,0.3804883121644,0.1363660812737,0.7110556188195,0.5939261267522,0.2694230387153,0.4960005602327,0.5181506829440,0.6029705164885,0.7592967096874,0.5241879345634,0.3189478873513,0.4320271358612,0.5074449175887,0.0603171127313,0.1070643604007,-0.0429673847010,0.2600298871962,0.3637543777526,0.4229598459810,0.1069060942074,0.1358695437640,0.1300117065193,0.1862559064085,0.1790752051585,0.1976428028379,0.3352858492350,0.4695959833513,0.2751608934526,-0.0762182383094,0.1333130455436,0.1242524180309,0.2865212424215,0.3190236181359,0.3397760287661,0.2977285153259,0.1003811248319,0.0125445345169,-0.0201573191248,0.0347704415063,0.1263392356324,0.3351070191738,0.0222193050907,0.5655322080181,0.4756261960872,0.5666848740782,0.6567200677805,0.5818930367151,0.7322733918919,0.7951703652121,0.6076323370545,0.2142936686591,0.0305013966099,-0.0068472389385,0.7706986186700,0.2488580784406,0.4836094568773,0.5975072337667,0.6983594525701,0.5079303600368,0.6197973801706,-0.0600051943064,0.1176375723884,0.2301089918902,-0.1111319965604,0.0376836515685,0.3801113951290,0.0517368756556,0.2804982498243,-0.1279615753198,-0.2757301670295,-0.0918302895284,0.0339767136254,0.1635555154918,-0.0391276299308,-0.1659183093694,0.0162981311756,0.1250374799162,0.3429233336515,0.0977953036430,0.0604896561082,-0.2017488422170,0.3041624014517,0.1469818348816,0.2733804639218,0.2428613767810,0.2521414488233
0.1138775078409,0.0032979833890,-0.0215207988729,0.0728096387236,0.0089642800925,0.2073539222573,0.0995992758927,0.6719956712681,0.5463141945416,0.5807497297115,0.5526306472437,0.7271592622087,1.0000000000000,0.1847741964600,0.2430874788852,0.1185000363266,0.6019744827364,0.5947881404876,0.1546462851072,0.4048627557603,0.2288865616700,0.3991699949221,0.4700090026608,0.3567918959532,0.2703029679457,0.2890060008049,0.4085925849810,0.0728189364776,0.0791759391105,-0.0260423047404,0.2676361757876,0.3014051384840,0.3559213187904,0.0864197137078,0.0099322519564,0.0143487487108,0.1339674438977,0.2559243938485,0.2832791662222,0.3494889417720,0.4163252798409,0.3720461728121,-0.0060402876986,0.2340270604359,0.1661078004952,0.2656524189282,0.3623280365374,0.3224417594562,0.1923242778597,0.0971664078381,-0.0488571590465,-0.1208742060194,-0.0509669467874,-0.0168761175733,0.1554707616820,-0.0409005585970,0.6251978361791,0.4973402032980,0.4821470190141,0.5720182033679,0.4142112899059,0.6196468836241,0.7618831840385,0.9000952016698,0.0431032487372,-0.1444395943513,0.0048456724393,0.6642896933853,0.0965364039691,0.3778321033559,0.3002376454057,0.3485117212273,0.2583178414289,0.4681785997725,-0.1293959638006,-0.0549997622369,0.1444165624018,-0.1037343031491,-0.0693378763738,0.3406714952908,0.0259168315811,0.2504306249205,-0.1811031307425,-0.2123664256438,-0.0718015549933,-0.1739408248558,0.0277011871217,-0.1670376636010,-0.2790513977541,0.0228084396181,0.1116941311382,0.2512239849890,0.0657212563410,-0.0271791827681,-0.2606085682442,0.2626501415217,-0.0032179097698,0.1708793881161,0.2257827882190,-0.1085793817382
0.5669881676236,0.2413031718341,0.3967309216861,0.5542785727028,0.4898948187930,0.3772269457100,0.3774163154337,0.2542054869468,0.3562075293650,0.4190127474242,0.3207616010858,0.2918562923973,0.1847741964600,1.0000000000000,0.5229860389564,0.5149820032931,0.4597079254701,0.4034896647943,0.4847774241088,0.3879857204180,0.4020495239658,0.2614397508766,0.3499332266781,0.3446754389738,0.1345368640453,0.2972135787590,0.2821635899644,-0.0357174570937,-0.1215053090562,0.1719342930493,0.5427006179196,0.4858312595382,0.5279383809993,0.1724005459024,0.3865698739268,0.5197815938154,0.1002337752796,0.2844427100128,0.1951100831535,0.2405990620099,0.3224541829093,0.3770399599776,0.2046493695607,0.1387079553888,0.2150900022116,0.2016020213687,0.3106996677301,0.3442890397463,0.5524550878441,0.1712642031381,0.5051884757057,0.1704636346371,0.4241481527410,0.3625158806721,0.3783828492989,0.3927770076384,0.1921293945761,0.1964919820617,0.2417691654100,0.2926709824951,0.0729125349863,0.2531055327705,0.0759791616995,0.0389932317876,0.4881864533248,0.2529952987037,0.3822243823318,0.2222706419278,0.3018362195771,0.3419253583003,0.1655212669580,0.1830928504845,0.2693159614196,0.1534276618795,0.1165314434068,0.0175639289970,0.1243314219563,-0.0755768884443,-0.0982315090107,0.4073831472084,0.1724342204770,0.2142102578245,0.1342427292633,0.1854411367731,0.0381637325779,-0.0997195203287,0.0510847788242,0.2260474530273,-0.1118371982245,0.1575393365706,0.0091914343835,0.0585285392813,0.0077331149182,-0.0054478942065,-0.2361182117100,0.3705453637293,0.5416283513066,0.1579073093199,0.2559117462378,0.0187867460025
0.2573960699208,0.5237937845402,0.4192406661355,0.3558313467503,0.2645910718564,0.3798358096392,0.4026307058696,0.4020699423137,0.4106012632522,0.3919287223643,0.3739051901638,0.3804883121644,0.2430874788852,0.5229860389564,1.0000000000000,0.1352619515443,0.4093173601183,0.3486327736835,0.2468345691333,0.2577698648258,0.3860038557654,0.4640965578834,0.4077931674795,0.5360833900957,0.1460755023433,0.4353487192255,0.4610390000477,0.2219081366938,0.2042219661896,0.3715960852370,0.2718995460287,0.4266915387315,0.2808813716813,0.2243013254598,0.3135605774669,0.2934958251974,0.4187892077020,0.4388494738063,0.4700538954582,0.5035796798074,0.5257153135600,0.3668929016811,0.2742106545404,0.3965939224610,0.4509358450554,0.2615671558697,0.4578104374166,0.4098692392195,0.5498076431431,0.4291066505167,0.1809343588346,0.4465680330890,0.2815423275716,0.1841549064107,0.4113699827600,0.2701254280779,0.2014496548280,0.2473893180398,0.3478003021318,0.3612118618587,0.2712873222615,0.3338329052212,0.1599289167549,0.0959254318938,0.5911243802861,0.5287213453023,0.0553037901529,0.2738434648338,0.2403807993439,0.1949748137391,0.2066452353349,0.2622815669324,0.4618859124758,0.2198262618670,-0.2363835529054,-0.1375743666875,0.1645918995001,0.1776754951153,0.2164709486795,0.1205156393728,-0.0874922009138,-0.0803267448949,0.3801133718924,-0.1078602896748,0.0053034091687,-0.1052781965564,0.2879489361915,0.2596553661953,0.0330105294254,0.1887147446158,0.3672437913328,0.4359699059953,0.2164590211684,0.1392380894005,-0.2447903519141,0.3574703140220,0.5111023773903,0.1491420115545,0.3250556237606,0.1986306968360
0.4333061120719,-0.1160686122680,0.1557324030139,0.7073088363219,0.4231538351474,0.4008118283072,0.3908416323754,0.1564421649084,0.3099495022767,0.1250011256206,0.1825769951320,0.1363660812737,0.1185000363266,0.5149820032931,0.1352619515443,1.0000000000000,0.4767496956167,0.5257784645016,0.6762334035545,0.5990488865656,0.3998021269922,-0.0092126458327,0.2411937344192,0.1405565810519,0.2665729706520,0.1522236406538,0.1228466581295,-0.1736272767306,-0.0407618539602,-0.0346964186595,0.7620991953459,0.4389142012410,0.7701515919067,0.0247854559638,0.5820872475485,0.7580342013651,-0.1713249093685,0.2396853771051,0.0082152655278,-0.0457180810279,-0.0109732873974,0.0140801844306,0.1622622978530,-0.1427556832996,0.0285774486207,0.0096103883136,0.0895227127665,0.2695118440741,0.1978687597839,-0.1639190098872,0.4888890782525,-0.1321647520111,0.5334434637768,0.3769949907494,0.3981215353227,0.4186343251687,0.2879876347562,0.0847438833314,0.3922327734322,0.2828916695815,-0.1246105257039,0.1374070758445,-0.0276456189168,-0.0301258200919,0.2903899741351,0.0007308952156,0.8753524762116,0.1845114837019,0.4634243746529,0.6657487732119,0.0832480432883,0.0713584194276,0.1306748327889,0.1713829666195,0.3121738250915,0.1030372759583,-0.0249720068009,-0.2336370072063,-0.1492186141975,0.8007386770239,0.2907652415546,0.4587501811048,-0.2686736581200,0.4246636976769,-0.0124676808017,-0.1006515346540,-0.2098990734790,0.1922656048590,-0.2776925506283,0.1120345959034,-0.3302398155860,-0.2162946581615,-0.2880860281566,-0.2400004441528,-0.2730642590357,0.3742109083983,0.2165982171961,-0.1138425478176,-0.1637877508779,-0.1783286532934
0.1884276099912,-0.0664137295715,0.0491341628627,0.2921670053374,0.1805456574803,0.3995318748413,0.2710775053171,0.6359801586391,0.6151735146201,0.6427715913455,0.5990160274938,0.7110556188195,0.6019744827364,0.4597079254701,0.4093173601183,0.4767496956167,1.0000000000000,0.7516045466081,0.5705667213375,0.6071594186248,0.6975668480350,0.4740754345334,0.5711305724118,0.5177199487904,0.2721298402218,0.4336786987606,0.5003442236603,0.0114831925376,0.1387321748319,0.0096134752971,0.5869230863567,0.4902844866087,0.7062387338783,0.0571619221828,0.2538652850415,0.4245329013222,0.0754892975977,0.3333117056186,0.2049631396055,0.2909804327591,0.4382795874532,0.1901370721872,0.0526436374319,0.1533599790940,0.1331197603003,0.1814125419928,0.3077466066321,0.3540769015488,0.3312081617609,-0.0270439238422,0.0774209106595,-0.1805632810724,0.1080388798154,0.1229020173985,0.3484284872304,0.0995594268443,0.5617482289728,0.3901848297336,0.6180841602781,0.6249868661278,0.3161405027647,0.5796231381206,0.5201749476705,0.4237021619367,0.2399488949847,0.0283022554394,0.3000654909314,0.7654183873281,0.4363268060808,0.5892840457030,0.5252485388264,0.4064736868858,0.4929077167867,0.5256375255859,0.0787457341244,0.0219694441492,0.1843663492591,-0.1776502773975,0.0299061939693,0.6323055660694,0.0913170876932,0.3603930080866,-0.1870532846087,-0.0923894933551,-0.1180833585152,-0.1389809026211,0.0830238839851,-0.0227708989258,-0.2611445558301,0.0846376943081,-0.0184879511397,0.1732609677128,0.0106692491362,-0.1431813941972,-0.3685434773845,0.3388025436192,0.1901804450403,0.1340043893523,0.0770457793560,-0.0423319447398
0.2408729305718,0.0026704891610,-0.0132467202204,0.2740220599004,0.2265665678094,0.3905653351294,0.2147953185192,0.6979107799842,0.6623236536383,0.4637245355523,0.5558737108795,0.5939261267522,0.5947881404876,0.4034896647943,0.3486327736835,0.5257784645016,0.7516045466081,1.0000000000000,0.4143288834910,0.5756244099906,0.4051135683404,0.3133475410492,0.4647271776087,0.4073157824455,0.3255746579810,0.2538552111197,0.4240122923819,0.1961598186821,0.0850893472591,0.0285751027198,0.5557437867100,0.4273723310023,0.5476595624343,0.1295882353590,0.3029343872707,0.3107262847310,0.0967802630874,0.3321839744808,0.2457097725784,0.3209661125303,0.3475502586383,0.3155841637351,0.0600058037443,0.0936322073831,0.1396312586219,0.1954803983688,0.3003157425372,0.3955408787849,0.2598057456458,0.0110511995563,0.1462637684640,-0.0955133109432,0.1624806798885,0.1539929428864,0.3444063177805,0.0631036167133,0.6017400847135,0.4638089879213,0.7436286808317,0.6181103563580,0.2468062147226,0.5789572136423,0.4042254105924,0.3943928059999,0.3042141221337,-0.0843653542655,0.3425503715826,0.6461661468888,0.3082237855013,0.6327745472044,0.2657462339274,0.2963474783296,0.3910249912978,0.4368216989830,-0.0302389387482,-0.0423956021732,0.1466368567007,0.0302692649716,-0.0105948070563,0.6958852169604,0.1532113346803,0.2708006380799,-0.1771447153742,-0.0766777341002,-0.0983678069035,-0.0716632939013,-0.0110632043320,-0.1204036349826,-0.2818921159722,0.0770604923608,-0.0138430497244,0.2798296854851,-0.0296815197856,-0.0326127971100,-0.3574457744008,0.3895166142771,0.0999541544037,0.0864626689449,0.2044968314688,-0.1316056844786
0.2509158650564,-0.1158443687880,0.1921208176965,0.4970047993662,0.2177334981517,0.2836008214233,0.3831848627448,0.3477898622076,0.5027164928243,0.3063612670530,0.3234869242097,0.2694230387153,0.1546462851072,0.4847774241088,0.2468345691333,0.6762334035545,0.5705667213375,0.4143288834910,1.0000000000000,0.6133540300727,0.4469323473122,0.1644233932643,0.3056631117557,0.3617407370162,0.2545357599986,0.3042392772092,0.2457380759391,-0.3046377479839,-0.0202655338805,-0.0375156297918,0.6340506788128,0.4225804618601,0.5796921596646,-0.0195911521792,0.4640247818037,0.8255544629727,0.0619109250899,0.2627760827504,0.1617836401567,0.1019338970193,0.1171325315064,0.0838396114150,0.1699300452855,0.1042174923527,0.0474816988268,0.0034411992405,0.1227948132715,0.1887426076411,0.1637975614620,-0.0649680037235,0.2274701286652,-0.1262995713808,0.3043821123606,0.2211533521855,0.2871444026821,0.3593842681068,0.3471230404779,0.2071824999152,0.3787005170040,0.5170537506039,0.0911024930193,0.2515170253541,0.1349982646364,0.0649122717940,0.2428229963848,0.1225640443065,0.6425427138404,0.3507987218377,0.8239472966086,0.6330867777997,0.2992878200298,0.1387464696783,0.3771778516773,0.3366284012774,0.2965166155641,0.1019133100228,0.0487506208192,-0.3306014076465,-0.1089735279803,0.6245662388448,0.0956928809043,0.3058763012276,-0.1186125416772,0.3070838148392,0.0506035675882,-0.2293565355364,0.0470658363069,0.3517338422801,-0.1309979120535,0.1833198949369,-0.0803101203977,-0.1578306263191,-0.0284960944790,-0.2322632370816,-0.2431875541783,0.2358339111120,0.2558138565990,-0.0416116532141,0.0518301246838,-0.0636584676783
0.3565538703543,-0.0569439905534,0.2487801347593,0.4642481721134,0.2689035090217,0.2982597562784,0.3064472283178,0.5204363661419,0.7406576537079,0.2545057887046,0.4930148031939,0.4960005602327,0.4048627557603,0.3879857204180,0.2577698648258,0.5990488865656,0.6071594186248,0.5756244099906,0.6133540300727,1.0000000000000,0.5071245004401,0.1930565846687,0.6043983422985,0.4596721715882,0.7161976243942,0.5293733167774,0.5244722013675,-0.2820356643379,-0.0578124438317,-0.0500341673023,0.5717097095051,0.5690359247656,0.6663340144107,0.0703445641015,0.4166521168351,0.5156097430624,0.1409642939128,0.5438329473620,0.2114382255419,0.2756755549720,0.2341206923802,0.2432177704556,0.2226487805854,0.3148476281660,0.3082080368166,0.2066577670962,0.3546093687433,0.3362883739087,0.2782216893871,0.1196255074556,0.2539087577340,-0.0409149806756,0.3027652461377,0.2435726939092,0.3031857554673,0.2096480754373,0.4334767027070,0.2804215076945,0.4260531369226,0.6934767582463,0.0706928548774,0.4381048978383,0.3053111718017,0.2519119488411,0.1686466132848,0.0590288231091,0.4602968911541,0.3687579030245,0.4970062583684,0.8346902765789,0.1873021801195,0.3551351970549,0.4007354773159,0.6864399392386,0.1064230901065,0.2217922858366,0.2691679065894,-0.3142781727142,-0.1267061981384,0.5683792115866,0.2035554442704,0.3482293143251,-0.1368469341146,0.1322858014296,0.1154693150252,-0.1606063824210,0.0883362035687,0.1626334798671,-0.0839886509784,0.3526848473230,-0.0115228902110,0.1017118474848,0.1920212804278,-0.0608924648317,-0.1862599189022,0.3941201830529,0.2226319694075,-0.0630154678654,0.1721177437005,0.0584014507906
0.1637209130676,0.0087990749780,0.1435265835002,0.2569009466815,0.1392542246764,0.2742063569648,0.2207186752652,0.2587534822088,0.3636889945337,0.4344275164907,0.4093751822057,0.5181506829440,0.2288865616700,0.4020495239658,0.3860038557654,0.3998021269922,0.6975668480350,0.4051135683404,0.4469323473122,0.5071245004401,1.0000000000000,0.3845153774461,0.6142240936778,0.5313538414594,0.2805409684766,0.6226925833905,0.5059198872290,-0.0021085753626,0.1087017728596,0.0307726398210,0.4822897826202,0.5483332012083,0.6142425238587,0.1516470336273,0.3895500554553,0.4803309818656,0.0644256361456,0.2523925738273,0.0305080660478,0.0910321053609,0.1988411636784,0.0275377884203,0.1684758536241,0.0737865705199,0.2286187856632,0.2527562977673,0.2727674533343,0.2399913134734,0.2311479210171,0.1115248971958,0.0331177152335,-0.0161389900196,0.1167352892536,0.1110273057934,0.2304072853105,0.0788455231478,0.1457046181298,0.0309285411747,0.3782113603251,0.3683205664361,0.0521531080421,0.3594195584671,0.2554121550308,0.0779858488637,0.2261779259940,0.2513642086415,0.2571558499790,0.4830116271151,0.3606074191544,0.4728107368458,0.5968835932349,0.5146098165071,0.5682861611228,0.4732449003467,0.3096696514898,0.3727720053028,0.3154691299916,-0.1443707781044,0.0978828180828,0.4333021964338,0.2178393727721,0.3755988960160,-0.0750833791641,0.0056218762353,0.0329770401786,0.1401441212123,0.2157347605369,0.1613418989166,0.0439979530068,0.1677456555875,-0.0668261877195,0.0745478459358,0.1330940255583,0.0229265058984,-0.0674193662860,0.2706045151142,0.1530542705838,0.0383664434353,-0.0561022164512,0.3257559941109
0.1408917955546,0.3600216208644,0.3184367124784,0.1139729469658,0.1700873751436,0.3370602617338,0.2557381582683,0.4970197132877,0.3563417528146,0.7253663346627,0.4406418488070,0.6029705164885,0.3991699949221,0.2614397508766,0.4640965578834,-0.0092126458327,0.4740754345334,0.3133475410492,0.1644233932643,0.1930565846687,0.3845153774461,1.0000000000000,0.5329375368569,0.4813684028891,0.0265373672811,0.3603206672284,0.3900630793119,0.3059319820715,0.3573698917322,0.1917324194943,0.0570334712154,0.1754711496708,0.2217009943080,-0.0459362263437,0.1665171248188,0.1046705411313,0.3040721251425,0.1183579412318,0.1278448267562,0.3159553614549,0.5376013910461,0.2137960189764,-0.2177460365101,0.1311547384354,0.2004204332099,0.4816313649506,0.2600733584145,0.1277113775162,0.3955525741917,0.0129682937206,0.0110724600187,0.2671422655268,0.0284682684049,0.1929780800442,0.2686987683456,0.0628525900427,0.3797972935284,0.3914619652757,0.3888607234827,0.3641370488146,0.6869359672157,0.4703760420155,0.4687317887732,0.2990257543874,0.3488329605750,0.0049473217760,-0.0301528397452,0.5057380797402,0.2462264871171,0.1630091027978,0.4976760739457,0.6778285649739,0.4940180558280,0.3414396861003,-0.1531993223913,0.1061375627427,0.1752153530270,0.1729276905453,0.3299065899168,0.1497949826994,-0.0932183382590,0.1047086303878,0.2145679344403,-0.3296680901652,-0.1185010673634,0.0416271269456,0.3174110268354,0.0312570444895,-0.2027568175348,0.0060842593363,0.1401178744948,0.2967824480641,0.1077374695174,0.3148821161187,0.0269349185023,0.1190403722852,0.3292666997913,0.6747276365397,0.3276210471527,0.1902344114954
0.3770562712903,0.1621538803600,0.3414026679592,0.3060189625166,0.2655361362839,0.3754007263301,0.3546883968963,0.4808206006610,0.5961972242315,0.5040402630616,0.7039050015345,0.7592967096874,0.4700090026608,0.3499332266781,0.4077931674795,0.2411937344192,0.5711305724118,0.4647271776087,0.3056631117557,0.6043983422985,0.6142240936778,0.5329375368569,1.0000000000000,0.6450503539448,0.5548530202173,0.6634306898136,0.7018010267905,-0.1191501478541,0.1290977783699,0.0050080991758,0.3476594073161,0.5993959048088,0.5700878337467,0.2065612601699,0.3510536445766,0.2470920740165,0.3341561772258,0.3804406611947,0.2620753376193,0.3462540380467,0.4242983702518,0.3495588463193,0.1565327433328,0.3281836265263,0.4054892196758,0.5227582658453,0.4855122408477,0.3986438300450,0.3917037652217,0.3130981166732,0.1400273318998,0.1124060979320,0.1843393302698,0.2099308679507,0.3492849488644,0.1054834376847,0.3029684357576,0.2481339875508,0.3617744521112,0.5935997920155,0.2472696594136,0.6437649141790,0.5008040172790,0.3107732859525,0.2254106910986,0.1631035476059,0.1063680722453,0.4575291422101,0.2787603019290,0.4990294309604,0.4159446728894,0.7710081853640,0.5879641377615,0.6664641512684,0.0409632638131,0.3646040031090,0.5054421398078,-0.2260607327432,0.0776781408773,0.2976734622842,0.2263236695132,0.3472100693394,0.0083405631513,-0.0832581026509,0.1180948223509,0.0862190063496,0.3761904929816,0.1801603720611,0.1197641910783,0.2556038190208,0.2008536495599,0.3344403486081,0.3303157862892,0.2417247775851,-0.0203214947209,0.4130078119921,0.2734363288591,0.1547401365500,0.3241280542313,0.4294961559917
0.3449309487750,0.2423546869395,0.4304622045722,0.2809403365749,0.2107866206479,0.4209249454003,0.4531332326767,0.4413196844719,0.5617023655492,0.4439862934016,0.6144091780976,0.5241879345634,0.3567918959532,0.3446754389738,0.5360833900957,0.1405565810519,0.5177199487904,0.4073157824455,0.3617407370162,0.4596721715882,0.5313538414594,0.4813684028891,0.6450503539448,1.0000000000000,0.3688426591168,0.6341065152552,0.7825026476827,0.0111390884434,0.0774508182604,0.0916074833255,0.2805689397749,0.5108362221290,0.3770624222224,0.2453088550826,0.4577492386152,0.3642363295357,0.6339575059756,0.4537409548428,0.4870144352772,0.4786559824630,0.4127275657944,0.3400866493463,0.1665306244727,0.4555661114067,0.3650061031998,0.4144006872410,0.4399386044009,0.4808887975439,0.4283553316227,0.3332377065782,0.1328904856284,0.2376138475224,0.1996626417678,0.2916700566538,0.4011003864769,0.2407140905791,0.3002804676301,0.1678364767217,0.2413163879065,0.5261690841979,0.2384366431435,0.5261893588837,0.3694939116221,0.1947545386225,0.2406709324538,0.3253410898078,0.0598850187996,0.3946287103477,0.3915638307691,0.3848075691754,0.3654480872723,0.5393040606020,0.8252873556887,0.6147092275472,-0.1683566030902,0.1865122221214,0.4946945485774,-0.0866073602070,0.0321049304418,0.2128219017878,0.0248016565201,0.1935821336558,0.0796253188008,-0.1463539727785,0.0623058254467,-0.0142231859991,0.6495676973076,0.4044791077414,0.1014396821064,0.3215183698395,0.4541946243941,0.4448964526230,0.4018037557290,0.1466151509606,-0.1261103261218,0.4750915394612,0.2994852930227,0.1943959663069,0.3547180391852,0.3608643975005
