1.0000000000000,0.7416549960372,0.7951039125575,0.6467874934808,0.5195720163901,0.1565349593162,0.3695402833954,0.0684893971091,-0.1991295457076,0.1516581530617,0.1584571750128,-0.0301421180896,-0.0977099885456,0.7382282936340,0.1565635250443,0.1525923568313,0.0344517779629,-0.2002724278521,0.0035585622933,-0.2577590112164,-0.0280579627710,-0.1988203254930,-0.2199147390927,-0.1275754807077,-0.1789666754310,-0.2501220198991,-0.2243934121134,0.0292096417728,-0.1076381299184,0.2339479884552,0.0001997961525,-0.1298729643318,-0.2599701771908,-0.1269432078449,0.2052640868823,0.1371422190071,-0.0325971683531,-0.2907771615279,-0.0579765772864,-0.2338675841472,-0.0430917978303,0.1378880933953,0.0314533129538,-0.2214572348575,-0.1408380711393,-0.0707595301794,-0.2077832237334,0.1200926463260,-0.1541175893015,0.1843338428045,0.8769029643064,0.8719713279788,0.6818297017964,0.6196918348847,0.2932564692269,0.5426460220850,-0.1015375206809,0.0306322293725,0.0955713092223,-0.2403217218950,-0.0230752215398,-0.1420895738953,-0.0122228683857,-0.1146230476834,0.7384473252689,-0.1614801718827,0.2880741540022,-0.0520206724492,0.1579360297179,-0.3679533933740,0.0097622774083,-0.1458218299444,-0.1250718026495,-0.2140425325457,0.0087500413647,-0.2349352340725,-0.3415491843153,-0.0847828433126,-0.1015953647619,0.0879167269564,-0.1504979823308,-0.0943493766011,0.1594132347229,-0.1328285787603,-0.2037766072878,-0.0396236941591,-0.1321340436683,0.0123389411296,-0.2846695034738,-0.2365277446001,0.0042506638758,-0.1414629237664,-0.2282096556831,-0.2685907978359,-0.1616436853415,0.0403295904144,0.1631651984930,0.1893828895110,0.0452019769681,-0.1485466622361
0.7416549960372,1.0000000000000,0.6384512165050,0.5399992508673,0.1806791193405,-0.0140140904329,0.1984431166413,-0.0726997853627,-0.3510294300413,0.0481140833929,-0.0106524283034,-0.1558622963771,-0.1978331110362,0.7450732400686,0.3408969753978,-0.0081888463232,-0.0649781292597,-0.2843236323218,-0.1633853200151,-0.4030834991127,-0.0388794569840,-0.1704461634036,-0.3328468748350,-0.3108340755181,-0.3168662137514,-0.1880948516675,-0.3165203907245,0.1554531798218,0.0360703911730,0.5100882051377,-0.1174499931250,-0.2501843617287,-0.3566544853688,-0.0719402871053,0.0677301587327,0.0280208140382,-0.1212746744171,-0.3107917865622,-0.0484507859255,-0.1261934360469,0.0617102626897,0.0690901839490,0.0150863654574,-0.1158530877762,-0.1672164999805,-0.1566302899876,-0.1830483026544,-0.0510284097091,0.0322072440418,0.1920094528949,0.6509356832612,0.8284211889133,0.5866109515163,0.3807446438904,0.0876243338480,0.3553630812344,-0.2734916790796,-0.1192980848290,-0.0600650402096,-0.4141898336697,-0.1440503115643,-0.3064713471249,-0.1832794066488,-0.2344948001971,0.7287492992345,-0.1234071890222,0.1010569813558,-0.1971632975603,-0.0710897652205,-0.5736687813680,-0.1392728557593,-0.2448112685471,-0.3497612999820,-0.4214027019010,-0.1817376694988,-0.0797609944523,-0.5148672239701,0.0915365795803,0.1622429634619,-0.1218476904438,-0.2633877541149,-0.2797426898735,0.2122846646397,-0.2027877694252,-0.2562453892354,-0.0376769485989,-0.1562669759534,-0.1397176208818,-0.3112268845270,-0.3310778422448,0.0184570323230,-0.0489459888022,-0.0769633465656,-0.1829070068301,-0.2042752996040,-0.0618247149781,0.3208684487416,0.0303662152141,-0.0493094211491,-0.2577498958602
0.7951039125575,0.6384512165050,1.0000000000000,0.7914295585088,0.5187927252657,0.4223578402899,0.6700147345951,0.3602898650505,-0.0109028715570,0.3498651784718,0.3099592121077,0.1181389997407,0.1863638984274,0.5328423145749,0.1777890114558,0.3107854127656,0.3302333822073,-0.0543102043871,0.1716420781055,-0.0877648173157,-0.0275999336198,-0.2573551914100,-0.3119967243742,-0.0204031203792,-0.0706485186490,-0.1794539026531,-0.1870038945041,-0.1104155846850,-0.2405717281920,0.0848308670950,0.1345145623622,-0.1396857123241,-0.0834262368271,-0.1702656787894,0.3889677845236,0.3312692057019,-0.0002719064619,-0.1406311026469,0.1002169141259,-0.2851615828110,-0.0663754644347,0.2442052915051,0.1778942816266,-0.1061383884821,0.0529398864760,-0.1027877466062,-0.2846355144551,0.1897523942213,-0.2030846168216,0.2976032919764,0.8330586365524,0.8701427129803,0.7473372323782,0.8875420817269,0.5769166974953,0.7615047518021,0.1467827062224,0.3217337812653,0.2872214957303,-0.0422796918689,0.2717317898023,-0.0744239698617,0.2047073973181,0.1641901911853,0.6490988145321,0.0533512348456,0.4648979286763,0.1944712052266,0.3488405773219,-0.2569167174607,0.1729291601368,-0.1925538290026,0.0609245129150,-0.0989062877997,0.1675337157300,-0.2008046053449,-0.2940258412545,-0.2405263069926,-0.2484946146610,0.2526766913517,-0.1518278474511,0.1744080241880,0.2196249257086,-0.0628149915406,0.0076432105305,-0.0123764887470,-0.1268997183566,0.1785942791140,-0.2418958713889,-0.0724817634277,0.1791710740738,-0.1346005076833,-0.1604131099996,-0.3490553107523,-0.1508026277780,0.1118815580359,-0.0149163561116,0.2039070534348,0.2689042062704,-0.0654310789855
0.6467874934808,0.5399992508673,0.7914295585088,1.0000000000000,0.6142712818049,0.3828962001830,0.8074823323592,0.5793478021921,0.2631529256116,0.3560943547598,0.3423444484065,0.2179779991263,0.3220902710802,0.5524804782171,0.1510867382546,0.6278081593209,0.4852733129525,0.2411786033560,0.4293018123847,0.1197270456396,-0.0532393957099,-0.2683737706820,-0.2945186752156,0.1202415316515,0.0877229701860,-0.2480754123903,-0.1324792591356,-0.1432833177313,-0.3697507353839,-0.0226596606578,0.2201901890609,-0.2219330570857,0.0392934175243,-0.2149836876469,0.3472925707884,0.2160283902014,-0.1468087823468,-0.1296912791939,0.0533897604922,-0.2601119001145,-0.1151275730337,0.2172032934250,-0.0498509206351,-0.0644017834744,-0.0017462276865,-0.1615275888524,-0.3074484238035,0.1502954439610,-0.2605023129111,0.2408933203341,0.7797635972709,0.7226221869102,0.8816404365604,0.7215767285890,0.6508320008151,0.8809403297179,0.3413832692922,0.5266725095070,0.5439143474482,0.2244656339000,0.3370474682128,0.0823841870176,0.3132932999196,0.3279754505672,0.6865899758900,-0.0360295989451,0.6901790949344,0.4276285263388,0.5391946321197,-0.0411598837964,0.2531313230222,-0.1678970364094,0.3107726565787,0.0328705704025,0.1488841449008,-0.1680677539426,-0.2860802232429,-0.2411191305724,-0.3376923871034,0.4532850593902,-0.1633174074715,0.3258207761134,0.1327900895237,-0.2073244773689,-0.0304163214443,-0.0879174152456,-0.3220010194446,0.2229319919861,-0.3836250794838,-0.0597997326093,0.0560776650203,-0.1685830770950,-0.1346156192699,-0.3187983898491,-0.1035078421285,0.1279502141127,-0.0756253309244,0.1045750076769,0.3539277269698,0.0463091980522
0.5195720163901,0.1806791193405,0.5187927252657,0.6142712818049,1.0000000000000,0.6662530755696,0.5859621544823,0.4553793824370,0.3883210735118,0.3425153413675,0.4377204754500,0.3409908308343,0.3696470239811,0.3895079224570,0.0216690374970,0.4797114097954,0.3581691365615,0.3700024513120,0.3859188802705,0.2673526537258,-0.0580659616320,-0.0431875041390,0.0029301984865,0.2595902115657,0.1964436226743,-0.2465865263752,-0.0104950041535,-0.0385812971494,-0.3194761070711,-0.2567646863090,0.1168495334906,-0.1646384563277,0.1073860983098,-0.1960004236397,0.2803743767646,0.1033598435594,-0.0186775689634,-0.0938220133272,0.0625406083082,-0.1158657799836,-0.0318210122980,0.1850299057828,-0.1247265135829,-0.1102496955073,-0.0637567018449,0.1146606038529,-0.2074718860768,0.3320700464891,-0.1330936783155,0.1701774015803,0.5708749892753,0.4071339487777,0.5469236497913,0.6274507204128,0.6935174081364,0.5714561468657,0.3947882086446,0.4422532466826,0.4600896828851,0.3624151847739,0.3948158394571,0.3399708587535,0.3944637702846,0.3796154662271,0.3715083494868,-0.0520035136268,0.4566225470735,0.4474084614748,0.4535290236614,0.1981571575926,0.2371911631803,-0.0078790391687,0.4389557733635,0.1834164905838,0.1145359205071,-0.2473645127519,-0.0741428337246,-0.0376747812602,-0.3213403532225,0.4353543341777,-0.1997918343621,0.3116620928674,-0.0331768763344,-0.2122363196388,-0.0865143674442,-0.1843764555812,-0.1290161524891,0.2196747849920,-0.2544122426870,-0.0198806744559,-0.0347543377160,-0.0619327324261,-0.1650099293162,-0.1222827170986,-0.0418842811836,0.2705218895744,-0.0549843591711,0.1869996792902,0.3088889265476,0.1731567814421
0.1565349593162,-0.0140140904329,0.4223578402899,0.3828962001830,0.6662530755696,1.0000000000000,0.5802198341477,0.4257845467370,0.4048425027581,0.4153789004496,0.5143885973924,0.4566833924109,0.5150829655150,0.0629399489249,0.1772670409132,0.3335700237818,0.3991040341479,0.3190383674758,0.3889418470094,0.4193000545161,0.0127696344965,-0.0001941969073,0.1727344682911,0.3918808803245,0.3058464528865,-0.0128206085596,0.1591430391003,-0.0292084202768,-0.3040883441528,-0.3432948101617,0.2012276379082,-0.0067878883040,0.3198405472117,-0.0450327554884,0.3679666068822,0.2498620704943,0.1921564491707,0.1698753471498,0.2859360071678,0.0778060788134,-0.0324726696511,0.1870967232656,0.0925250742936,0.0729716405129,0.1354800191162,0.1330943535731,-0.1318666976364,0.5237867404003,0.0231635131328,0.2430904138534,0.2007590285958,0.1872752684825,0.2990553890003,0.6374503215159,0.7569711607802,0.4231453498117,0.4273779550917,0.4018179461676,0.2848289163282,0.3868348013922,0.5561619636994,0.4086255429417,0.4627803270379,0.4844217206456,0.0448233814062,0.2512613362238,0.2787089574841,0.4150640620612,0.3665587861857,0.3046190519136,0.2383658791834,0.1073044740730,0.4677606981909,0.3079516762805,0.1182893229802,-0.1973839701430,0.1298556514080,-0.0914405717265,-0.3033325055481,0.3398111363640,-0.0883425238733,0.4520445646830,-0.1233173664512,-0.0207439277019,0.1162292938075,-0.1210091432813,0.1171544377567,0.3431056250510,-0.0516789919391,0.2211105596790,0.2335046956926,0.1446767226342,-0.0278822912502,-0.1377133131098,0.0429911401237,0.4584132591152,-0.1576729183559,0.1400092597637,0.3121462212639,0.2631560058815
0.3695402833954,0.1984431166413,0.6700147345951,0.8074823323592,0.5859621544823,0.5802198341477,1.0000000000000,0.7006819887494,0.4437525401061,0.4271111000909,0.4514071863389,0.3564848644904,0.5604669946477,0.2149974080138,0.0072953924562,0.6463102780997,0.6205399536430,0.3766840560784,0.5374203690650,0.2980713552403,-0.0797524428035,-0.2067055698616,-0.2120433016203,0.2864248403088,0.2035886917264,-0.1745093824196,-0.0717940754778,-0.2880400828592,-0.3719774527099,-0.2390327684489,0.2743073071443,-0.1674514570884,0.2111669175990,-0.2859591607457,0.4587464391631,0.3587001285036,-0.1222178021000,0.0332531210501,0.2398525972895,-0.2787130143704,-0.1206856212668,0.1799909580948,0.0178827305794,0.0250002709978,0.1074765344625,-0.1359074809930,-0.3398796364007,0.3011881536802,-0.2161337873675,0.1339156095726,0.5669493184246,0.4475644481845,0.6748460670642,0.7634000031205,0.8228119566166,0.8906577625095,0.5391712649261,0.6772089308619,0.5857520170866,0.4300330534242,0.5146936663455,0.2450214233308,0.5143228552969,0.5593047551483,0.3827897855466,0.1149845361723,0.6984185879518,0.5808544615885,0.6143321690214,0.1803649247873,0.3311736169566,-0.0964940344906,0.4908071561818,0.1845276625772,0.2212464784865,-0.0826263209477,-0.1049736451946,-0.3626611033491,-0.4010817474884,0.5231960940519,-0.0911988777665,0.5374011778909,0.0968767144131,-0.0801859825675,0.1376684008330,-0.0919951082520,-0.2375843809772,0.4335301912471,-0.3008680050184,0.1472093212460,0.2317438460270,-0.1623346507034,-0.0206288738932,-0.3428552827247,-0.0849907520709,0.3040610221931,-0.1481137198515,0.1321340575430,0.4476999843511,0.0602166005143
0.0684893971091,-0.0726997853627,0.3602898650505,0.5793478021921,0.4553793824370,0.4257845467370,0.7006819887494,1.0000000000000,0.7542262807657,0.5393000459781,0.5721151329877,0.5354354271055,0.7760944064522,0.0088082295616,-0.1779232237619,0.7594241195880,0.8089644429288,0.6886896238264,0.7343042397493,0.6228682395109,0.0296965046077,-0.1138389969600,-0.0773923369429,0.3780891307794,0.4898707240211,-0.0366596195727,0.1299105967260,-0.2791894219876,-0.4090185912136,-0.3107646504156,0.3519685143661,-0.1042590125881,0.3856406299759,-0.2680980333776,0.3662703684021,0.2274690704409,-0.1312964394072,0.2169719655957,0.0820168072424,-0.2490979309877,-0.0447165664618,0.3354174832654,-0.1157711364993,0.2255068614351,0.2851371231368,0.0137802661587,-0.2438517258751,0.1197436251644,-0.3734834471035,0.1258868199163,0.3307297424386,0.1563889891684,0.3793512800580,0.4536627836878,0.6453362267698,0.6058515328748,0.8425106746957,0.9487198426496,0.8388600745914,0.7508980207518,0.6670931088058,0.4791977074276,0.7046647759024,0.7987676177251,0.1659363377740,-0.0419648318681,0.7300041269346,0.8294822440203,0.7827319773259,0.4753984964576,0.5630916490106,-0.0588004980953,0.7041937063067,0.4765353149713,0.4089123372900,0.0792973343313,0.0462879457394,-0.3393283412424,-0.4447003649681,0.6931820300756,-0.0158550029674,0.6802152149571,0.0807201500126,-0.2067719206472,0.2207044179746,-0.1079325498489,-0.3031220507157,0.2868206133208,-0.2970503229416,0.2887621335420,0.0066042278855,-0.2028229779454,0.1379322880712,-0.1929392804845,-0.0225981582388,0.1242163225189,-0.3260817602598,0.1782249198363,0.5946986338116,0.2235770473927
-0.1991295457076,-0.3510294300413,-0.0109028715570,0.2631529256116,0.3883210735118,0.4048425027581,0.4437525401061,0.7542262807657,1.0000000000000,0.2877592947840,0.5062250181097,0.5195602042920,0.6619203503279,-0.2014009762939,-0.1536749073324,0.6608163116576,0.5446530099243,0.7286232392458,0.8150270659122,0.8396561665258,0.0114273577892,-0.0610828101360,0.1473617297083,0.5225910990018,0.7601066127838,0.0801135103841,0.3553670659890,-0.2194536064109,-0.3634204769356,-0.4848343642125,0.2845139694702,0.0300391708748,0.4141738787744,-0.1645517860629,0.2780746413777,0.1540782719057,-0.0304814516852,0.4013767621819,0.1189222503585,-0.0772403102513,-0.1041512329495,0.1139645788452,-0.1600192831467,0.2512629720509,0.2250193419676,0.0276245104939,-0.1056851412674,0.2187714860472,-0.2370827634772,-0.0211601530217,-0.0334779885599,-0.1735392131191,0.0766621470454,0.1565704050129,0.4218747753025,0.2608316498685,0.7567112626170,0.7406886953211,0.7520226349778,0.9696075724966,0.5051939126480,0.6384268975731,0.6021675023289,0.6957047349952,-0.1504170423587,0.0273125002780,0.5527810146071,0.7241631315971,0.7448739753204,0.7835129744588,0.3930116270962,0.0784197310773,0.7579720749130,0.7458093562954,0.2079829354639,0.1037885913616,0.2867706203354,-0.1876130533644,-0.3951354580764,0.5973265085399,0.0442752757631,0.5990228763417,-0.2615781826915,-0.1454657741633,0.1789777045657,-0.1821043560242,-0.1925304219136,0.2980340486621,-0.1320755654618,0.4202101391351,-0.0312578246072,-0.1110324745749,0.1828645349987,-0.0928850257522,0.0156971253451,0.2189945172689,-0.3840370763863,-0.0570034035860,0.3484683693304,0.2824417932186
0.1516581530617,0.0481140833929,0.3498651784718,0.3560943547598,0.3425153413675,0.4153789004496,0.4271111000909,0.5393000459781,0.2877592947840,1.0000000000000,0.7536357425008,0.6944227944755,0.5925970457696,0.1424299489538,0.0162430818578,0.2492900962827,0.6937778969652,0.2565723223834,0.2880368605419,0.1583235854535,0.4575449966380,0.4007182287564,0.1180719617987,0.2455768657556,0.0940965580374,-0.1199867577768,0.1203948237267,-0.1128257193884,-0.1241436102524,-0.0878511909373,0.2253910353648,0.0198496684510,0.3857644237263,-0.2282714953880,0.2160878898644,0.0832553020062,0.0460578416707,-0.1355244066276,-0.0985038164021,-0.2268022805261,0.3300812672621,0.5290782782596,-0.1629362597391,-0.1276694669204,0.0619687708783,0.0636007155290,-0.0943748559373,0.0275020708925,-0.1656011257179,0.4310567640966,0.3310716367635,0.2087230623052,0.2710801278967,0.4467005443752,0.6173444972552,0.4436895264231,0.5525672735516,0.4954233724757,0.3853152267821,0.2441619647383,0.8713417901787,0.3936514751358,0.6456517362038,0.5379837946341,0.2225899403284,-0.0149495546999,0.3326063698995,0.5093545558560,0.3786520283736,0.1017457248565,0.7331073693713,0.3512056092272,0.3974009326447,0.1848031937715,0.4642754803327,-0.1366758731503,0.0265579500272,-0.1305994380873,-0.0647568108137,0.4534183728629,0.1466799133593,0.5277947113772,0.3790154041422,-0.1812761708407,0.0933166356270,-0.0738131851845,-0.0995634756644,0.1228977629273,-0.2047545148453,-0.0688432777481,-0.0805662557319,-0.1651213176182,-0.2218040835814,0.0239080286911,0.2268936104254,0.0119673681611,-0.0560085222224,0.7095603794851,0.7079452856335,0.4797014007470
0.1584571750128,-0.0106524283034,0.3099592121077,0.3423444484065,0.4377204754500,0.5143885973924,0.4514071863389,0.5721151329877,0.5062250181097,0.7536357425008,1.0000000000000,0.8210458639658,0.6585406619612,0.1686350150785,0.0948966230480,0.3481848863400,0.6580639568267,0.4332231656647,0.4478668865041,0.3760971409324,0.3854814978211,0.2058229253110,0.2697256798175,0.4339154191278,0.3064378547634,-0.0318533367617,0.2573949910373,-0.0830753314042,-0.1578723252289,-0.2471309234335,0.2624373385586,0.0722704117848,0.3742155533743,-0.1286023953193,0.3067726684192,0.1402037113218,0.1090551697126,0.0429402956979,0.0549718278846,-0.0813261090752,0.1598110390536,0.3839826220070,-0.0699646456007,-0.0353681044650,0.0970439016607,0.1456097682803,-0.0891046799615,0.2457705870006,-0.1184000809612,0.2420658694151,0.2839410801916,0.1870243873623,0.2698803357366,0.4372213150417,0.5607128966600,0.3864918548139,0.5675554326146,0.5197860512705,0.4329713350582,0.4588079163267,0.7756194616537,0.6769812249417,0.7585292256408,0.6078080097573,0.1661737251565,0.0703685241928,0.3329846772701,0.5435990369595,0.4599230939213,0.3092190539195,0.6650739233686,0.3441741207088,0.5586774840290,0.3490219580847,0.3224556194020,-0.1631307521104,0.1165917440349,-0.1465827880173,-0.1953585447409,0.4736280147643,0.0885915694249,0.4704788318719,0.0854970070271,-0.1838500863818,0.0096504863823,-0.1387219046940,-0.0437893478623,0.2082186478955,-0.1619344203659,0.0545137813916,-0.0465595626989,-0.0792213249070,-0.1911373412124,-0.0763716438374,0.0643969635139,0.1902775378647,-0.0851613865180,0.4021924800566,0.5128036148290,0.3732525437699
-0.0301421180896,-0.1558622963771,0.1181389997407,0.2179779991263,0.3409908308343,0.4566833924109,0.3564848644904,0.5354354271055,0.5195602042920,0.6944227944755,0.8210458639658,1.0000000000000,0.7214814158799,0.0234316143572,0.0627327996539,0.2983706497533,0.6611395416120,0.5407760399240,0.4079898828741,0.3895630739803,0.3716967302795,0.2232933034976,0.4286832817803,0.4484469721698,0.3065398311185,-0.0036727498130,0.2248410153271,-0.1184990191567,-0.1746688000064,-0.3474343062689,0.2196032534534,0.0672334893751,0.4286352324771,-0.1001137110202,0.2083687427081,-0.0042110601589,0.1322767673788,0.0174004641766,0.0172323009953,-0.0001524578817,0.0801472995996,0.3230830290849,-0.1895578990201,-0.0287946638676,0.0528617371191,0.1785329349430,0.0056312526696,0.1921844713646,-0.1298601204682,0.1987032419102,0.0795504688848,-0.0061746736750,0.1776486509912,0.2540789159955,0.4587618062602,0.2760882504571,0.6229224039085,0.5002571629481,0.3914987868305,0.5030065575698,0.7955501844962,0.6849555193288,0.7737509492274,0.6409198353233,0.0331057743060,0.1368519385088,0.2569622845000,0.5639616409491,0.3848492319569,0.4142922668398,0.7039245990919,0.4632381065711,0.6114693950954,0.3959644237720,0.3338528113438,-0.0518065232946,0.1885090932485,-0.1087864902219,-0.1936210262504,0.4876629941590,0.1301741014307,0.4940216026121,0.0617791975807,-0.1817003451502,0.0130715675288,-0.0673741884331,-0.0002870616925,0.1820263083943,-0.0941321674022,0.0569494249455,-0.0867703159191,0.0056699515814,-0.1180538658093,0.0438661922385,0.1193856545460,0.1717412005778,-0.1173037551390,0.3179805783580,0.5144772386254,0.4799504319780
-0.0977099885456,-0.1978331110362,0.1863638984274,0.3220902710802,0.3696470239811,0.5150829655150,0.5604669946477,0.7760944064522,0.6619203503279,0.5925970457696,0.6585406619612,0.7214814158799,1.0000000000000,-0.0789567063661,-0.1006652336112,0.4893895350366,0.8086032838497,0.6601468621285,0.4936500401835,0.5051834125825,0.1109937522315,0.0028434823269,0.0504815314051,0.4231391636507,0.3936890405083,-0.0308334588123,0.1984490323377,-0.2340092375561,-0.3735878935018,-0.4280007850192,0.2360705743202,-0.0855282536457,0.4452105486388,-0.1858676053316,0.2291880292503,0.0646437172510,-0.0105616515736,0.1005104868667,0.1018300274852,-0.0878833270003,0.0065655886864,0.2837863495698,-0.1847899420663,0.0498897813399,0.1196547865480,0.0286721171317,-0.1444744892457,0.1099257315992,-0.2483928888658,0.1778966685853,0.0864291043603,-0.0231886717643,0.1850924383781,0.3637324291101,0.5818900745712,0.4012820807402,0.8477847706080,0.7915848087051,0.6593561025421,0.6773099430694,0.7907860534321,0.5921774860233,0.8571133561366,0.9422312747520,-0.0196208301120,0.0713099730441,0.4594329448100,0.8098609634709,0.5143849124925,0.4969431394237,0.5558989198999,0.0785514898575,0.6890837205974,0.4249734345590,0.3102534163136,-0.0193931332004,0.1499953190431,-0.1319244820330,-0.3333051253157,0.6204035617752,0.0077768934878,0.6558478145776,0.0059723162213,-0.2167413444731,0.0990877535586,-0.1427470027915,-0.1073641376688,0.2370054103549,-0.1587881248958,0.1686090193728,0.0203235712030,-0.0712398880406,-0.0165291976082,-0.1006459938514,0.0078859537082,0.1240746698197,-0.2935962897635,0.1735671875445,0.5943719040683,0.3392637267362
0.7382282936340,0.7450732400686,0.5328423145749,0.5524804782171,0.3895079224570,0.0629399489249,0.2149974080138,0.0088082295616,-0.2014009762939,0.1424299489538,0.1686350150785,0.0234316143572,-0.0789567063661,1.0000000000000,0.4382866851660,0.1656242633551,0.0752031637533,-0.0504752844125,-0.0467941321508,-0.2443242887861,0.0729807829172,-0.0708328786908,-0.1521709518550,-0.0963369040871,-0.2064815820206,-0.2693894879673,-0.1513157870084,0.1694383638241,0.0459136448891,0.4771103319531,0.0907258616314,-0.1599523957004,-0.1932412879037,-0.0470432675894,0.0891886073570,-0.0609014623699,-0.0952314974322,-0.3424448279042,-0.0433367571071,-0.0432399224750,0.2405123348368,0.2541726149880,-0.0584059411829,-0.2333497176806,-0.2239894084449,-0.0493845608525,-0.1197917812360,0.0466437026062,0.0599322579877,0.3426407834646,0.6729503446552,0.6989114036903,0.6028753916244,0.3712676361556,0.1647569396972,0.3217819106940,-0.1344765305710,-0.0308707968596,0.0818184490542,-0.2512191029525,-0.0377591476736,-0.0289026039234,0.0079156116291,-0.1052951691320,0.8148682035160,-0.1137354498620,0.1864292469831,-0.0047591175184,-0.0024831612635,-0.3557602860415,-0.0447571287720,-0.1066609055677,-0.1675565746699,-0.3115550854403,-0.1898910005465,-0.3128678522913,-0.4643880611350,0.1243065454602,0.1730733945509,0.1007618322353,-0.2497774987229,-0.1622146115458,0.2325931878529,-0.2875067899105,-0.3852621098503,-0.1855618066864,-0.1616223352194,-0.1313857321346,-0.4046828152520,-0.4050836856648,-0.0928570122463,-0.0922741122805,-0.3084393677123,-0.1409652993543,-0.1580802087980,0.0389343758708,0.3877254188411,0.1501542825493,0.1212743425523,-0.0876026152454
0.1565635250443,0.3408969753978,0.1777890114558,0.1510867382546,0.0216690374970,0.1772670409132,0.0072953924562,-0.1779232237619,-0.1536749073324,0.0162430818578,0.0948966230480,0.0627327996539,-0.1006652336112,0.4382866851660,1.0000000000000,-0.1404720450222,-0.0715422308750,-0.1378593941867,-0.0853528715343,-0.0838502066071,0.1555739336796,-0.1035004848218,0.0043661909423,0.0516751996164,-0.0601252896361,0.0110803319345,0.1159004861631,0.2913077090480,0.0429842628398,0.3311029113833,0.0479966321766,-0.0012402182089,-0.0610231886018,0.2522660410258,0.1553217464747,0.0517920489609,0.1711636706465,0.0509044679079,0.2980731749983,0.4034438469520,0.2470640241249,0.1143080423749,0.2362530850758,0.0483640218523,-0.0327599119312,-0.0194568247328,0.0623454541588,0.2445407193668,0.3522724415562,0.4612254349589,0.0571055337433,0.2190714531030,0.1287153529817,0.1287171652205,0.0234613028234,-0.0431594207693,-0.2165623227027,-0.2091683419252,-0.1614263335435,-0.2206604297540,-0.0496893414367,-0.0243155416247,-0.0919839488541,-0.1543378796528,0.3901304003296,0.5035017054624,-0.1776084611829,-0.1474349990478,-0.1442018452509,-0.2294908051196,-0.1899434508114,-0.0095292551637,-0.1716135005507,-0.1663847251561,-0.3012590986635,-0.2847197527193,-0.2139955167662,0.2475766266884,0.1635519104035,-0.1541927077011,-0.1660357812572,-0.1753127127432,0.0522749387229,-0.0582844114667,-0.1726711444603,-0.0595997682983,0.1217408229083,-0.0420577101858,-0.0374351413118,-0.1135257152161,0.2101718898503,0.3080355766324,-0.1294807841811,-0.0046988018745,-0.0244772670933,0.2227077658570,0.3082417337945,-0.1021618939984,-0.0476391333449,0.1701574780781
0.1525923568313,-0.0081888463232,0.3107854127656,0.6278081593209,0.4797114097954,0.3335700237818,0.6463102780997,0.7594241195880,0.6608163116576,0.2492900962827,0.3481848863400,0.2983706497533,0.4893895350366,0.1656242633551,-0.1404720450222,1.0000000000000,0.6063668180959,0.6365229481171,0.7921429096129,0.5841944402996,-0.0123628412008,-0.1437064769057,-0.0681142634191,0.4191748142530,0.4507616478824,0.0019721839392,0.1459204976961,-0.2609161483248,-0.3335640872740,-0.2391679579920,0.5919975405371,0.0216593987147,0.3483248050857,-0.2298319000524,0.3825387606704,0.3493421855394,-0.1100498753519,0.2196419695038,0.1487738470536,-0.2494732219381,-0.1135915020030,0.1828987293250,-0.0418698187545,0.1489812983459,0.2470759796367,-0.0956559917181,-0.1636514937787,0.1841522361812,-0.3023720276619,0.0505813406532,0.3469265373015,0.1857997000094,0.5125587782942,0.3757892138522,0.4988271543558,0.5498125886755,0.6113680385169,0.7163844877395,0.7886832043414,0.6612297081781,0.3506189737988,0.3700529574879,0.4376288513833,0.5386738532539,0.2454116700921,-0.0947908342466,0.9026897797372,0.6854689202124,0.7912843182888,0.5025662977069,0.3267535371721,-0.0940147762600,0.5953680171222,0.4356304266348,0.2734194100446,0.0672145001662,0.0092844957080,-0.3080347606878,-0.3831460262794,0.7540453078471,0.0000065191140,0.5531447456500,-0.0447151573058,-0.0841095376882,0.1329809378207,-0.1567062857376,-0.2389904020150,0.3998833016445,-0.3051978743718,0.2673423040804,0.0236720922718,-0.2390148181773,0.0915676458265,-0.2479706863899,-0.0603502826552,0.1763057656604,-0.2667702403945,0.0327500890833,0.3493691506190,0.0648532198524
0.0344517779629,-0.0649781292597,0.3302333822073,0.4852733129525,0.3581691365615,0.3991040341479,0.6205399536430,0.8089644429288,0.5446530099243,0.6937778969652,0.6580639568267,0.6611395416120,0.8086032838497,0.0752031637533,-0.0715422308750,0.6063668180959,1.0000000000000,0.6237615200602,0.4852396423740,0.4128743231532,0.3071272299206,0.0574625618617,-0.0268866547240,0.2992026063462,0.2815519890320,-0.1032584105006,0.1082691002551,-0.2196616502350,-0.3476201826270,-0.2667555119024,0.4331698201927,0.0110632737400,0.5612855200832,-0.2562788915669,0.1913656037057,0.0819268204637,-0.1338374537988,0.0262155412524,0.0115792735647,-0.1911114618990,0.0418337135726,0.3933161788249,-0.1128860973349,0.0314258388211,0.1561852524270,-0.0565458971860,-0.1429953871440,-0.0196577557953,-0.3286307698083,0.2382174956546,0.2784220376462,0.1495861770667,0.3409912225254,0.4374327644107,0.6051593069059,0.5343756509575,0.7714365077282,0.7961766276390,0.6980871456539,0.5595681510650,0.7772175845402,0.4558051463647,0.7736496623335,0.8096783476939,0.1560601428673,0.0087511160142,0.5741924402858,0.8180801070927,0.5473230109128,0.3855344749356,0.7000280529344,0.0911566478597,0.5801616355022,0.3260292155515,0.4972366404278,-0.0441420113736,0.0438663068226,-0.1871630949901,-0.3270075604615,0.7224335822303,0.1277997359810,0.7355810376617,0.1878199568555,-0.2046763500144,0.0715171983993,-0.1337957335462,-0.2468967558468,0.1303158656022,-0.2326373519585,0.0583900216250,-0.0566761805966,-0.1954459196669,-0.0822534942334,-0.1206751812747,0.0806561461223,-0.0178375456623,-0.2734458389146,0.3149296285404,0.6485986603746,0.3169799702317
-0.2002724278521,-0.2843236323218,-0.0543102043871,0.2411786033560,0.3700024513120,0.3190383674758,0.3766840560784,0.6886896238264,0.7286232392458,0.2565723223834,0.4332231656647,0.5407760399240,0.6601468621285,-0.0504752844125,-0.1378593941867,0.6365229481171,0.6237615200602,1.0000000000000,0.5461877263298,0.5730551561039,-0.0229347919030,-0.0410288211381,0.1006945830581,0.4469314790441,0.4368755918773,-0.0144759612365,0.2248406515150,-0.2762813715624,-0.3226990622369,-0.4077798653259,0.3060486335880,-0.0781777256322,0.3544369989205,-0.2152248556178,0.1841788100770,-0.0424228521999,-0.0246946597156,0.1357749065600,0.1560544079184,-0.0557997015234,-0.0492354809128,0.1450031558536,-0.2671871032252,0.0614854855094,0.0460791662885,0.0578238539297,-0.0603831226102,0.1344334648978,-0.1807858983063,0.0062377408357,-0.0767899927878,-0.1884489319623,0.1210321684665,0.0844141057562,0.3553961236806,0.2056972878287,0.6695075164700,0.7048400622304,0.7210403191946,0.7705643766524,0.4737241301371,0.5805409538366,0.5710705805275,0.6666788693037,-0.0592147804409,0.0173349208131,0.4788252051104,0.8040879377168,0.4931088303284,0.6686490329001,0.4022901940998,0.0656879669366,0.6789282534923,0.4318095282398,0.1417953256777,0.0585990567417,0.1549900524654,-0.1230176312577,-0.3049289878310,0.6730715281704,-0.0489892301921,0.5037705182882,-0.1186542890546,-0.2524493782453,0.0057396664622,-0.2083781292324,-0.1151017067127,0.1977181472645,-0.1801171398074,0.1673601483405,-0.0348628203050,-0.1326357217188,0.0271944433688,0.0335705263749,-0.0553284548850,0.2197798821131,-0.2467987934340,-0.0469914410490,0.3983895941004,0.2250250474650
0.0035585622933,-0.1633853200151,0.1716420781055,0.4293018123847,0.3859188802705,0.3889418470094,0.5374203690650,0.7343042397493,0.8150270659122,0.2880368605419,0.4478668865041,0.4079898828741,0.4936500401835,-0.0467941321508,-0.0853528715343,0.7921429096129,0.4852396423740,0.5461877263298,1.0000000000000,0.7759211317631,0.0431705372952,-0.0949036977951,0.1190812095987,0.5170040696949,0.7054656456726,0.1647897920489,0.2847354854282,-0.1628235470861,-0.2698108145279,-0.3057297137172,0.4162814754837,0.0470712766567,0.3171247305426,-0.0821666457533,0.4318518358200,0.4148373503796,0.0077808439760,0.4137098384903,0.1750778517616,-0.1100944285492,-0.0809179472765,0.1631975218869,0.0059483250027,0.3313222332799,0.3001471112500,0.0015936959583,-0.1128325427912,0.2896120217380,-0.1885677637695,0.0603845593585,0.1765247657323,0.0259249224798,0.2991658372774,0.2770564899714,0.4547689053859,0.4246489294128,0.5962839598325,0.6591626716178,0.6928472224247,0.7676384661937,0.3904488680526,0.4958790017415,0.4350151647722,0.5120650482817,0.0585170128586,0.0425038979716,0.7268399174572,0.5791928019977,0.9144094956101,0.6179488262837,0.3785068256968,0.0211467265553,0.6474241033300,0.6716855028600,0.2813061526439,0.1782406115691,0.2325161555688,-0.2903946630618,-0.3406532313205,0.5530884682859,0.0255420224276,0.4975133141406,-0.1446087922203,-0.0289284985209,0.2413078663602,-0.0328674080653,-0.1526946860558,0.4362556951951,-0.1712481087095,0.4704861898366,0.0561905427484,-0.0711637178476,0.2583999172033,-0.1763285278054,0.0255761045606,0.2525750816688,-0.2854816880393,0.0009234310210,0.3017491715629,0.2003233451365
-0.2577590112164,-0.4030834991127,-0.0877648173157,0.1197270456396,0.2673526537258,0.4193000545161,0.2980713552403,0.6228682395109,0.8396561665258,0.1583235854535,0.3760971409324,0.3895630739803,0.5051834125825,-0.2443242887861,-0.0838502066071,0.5841944402996,0.4128743231532,0.5730551561039,0.7759211317631,1.0000000000000,0.0853849304923,0.0259568388708,0.3371307157714,0.5738656155570,0.8885234729110,0.2791162193594,0.5326129886570,-0.0410584833478,-0.2327263607801,-0.3555097666885,0.4227531317500,0.2060257612123,0.5482870171647,0.0330912340229,0.2386265494873,0.2521910588270,0.0646806876186,0.6715260439807,0.1238101411677,0.1392025784274,-0.0572708816330,0.1796095043191,0.0623899948616,0.4987253569919,0.4644178691471,0.2047224996557,0.0639801408928,0.2484002169311,-0.0710998572368,-0.0374503896041,-0.1578105452621,-0.2318011385372,-0.0219894789552,0.0521734345334,0.2702459582865,0.1086390477557,0.6280746701350,0.5527474230601,0.5048400587487,0.8148923180686,0.3343016514462,0.5908420921854,0.4443038672548,0.5331452810822,-0.2831466183112,0.0985565486096,0.4150206956433,0.5233214414663,0.6410579420588,0.7994914655057,0.2383007233663,0.1464351812649,0.6607104106534,0.8540936562920,0.1889781116102,0.1093030038504,0.4474774236275,-0.2034161927370,-0.3822669398286,0.4674690621088,0.1555666289782,0.5804399207848,-0.3388127556801,0.0317373099911,0.3151880940877,-0.0908849056434,-0.0456278303593,0.2718525790354,0.0023063265900,0.6468323286699,0.0003107201519,0.0561848831081,0.3342456912067,-0.0420411795444,0.1401650849449,0.2281627295910,-0.3748885871081,-0.0691041240005,0.2003889346247,0.2136097783235
-0.0280579627710,-0.0388794569840,-0.0275999336198,-0.0532393957099,-0.0580659616320,0.0127696344965,-0.0797524428035,0.0296965046077,0.0114273577892,0.4575449966380,0.3854814978211,0.3716967302795,0.1109937522315,0.0729807829172,0.1555739336796,-0.0123628412008,0.3071272299206,-0.0229347919030,0.0431705372952,0.0853849304923,1.0000000000000,0.5507488340076,0.4041744918979,0.2972272122317,0.1073903837436,0.2557638124857,0.3898178481563,0.1981066550398,0.2111113274622,0.2062242603112,0.3376603081816,0.3825623083698,0.4148579670358,0.0422665593863,-0.0097605239811,-0.0292982382939,0.1385077377846,0.0463738409232,-0.1904747926857,0.0872731149473,0.2804226459126,0.3600325949127,0.1157585373633,0.0680132278169,0.1639581890047,0.1436134031326,0.2377244190624,-0.0540891403562,0.1087881699014,0.2259724737530,-0.0079144913049,0.0252928411687,-0.0469054410746,0.0062817995399,-0.0244554878530,-0.0831347466948,0.1466727290201,-0.0790911509946,-0.0342951271134,-0.0643368729958,0.2724630343215,0.3027286997370,0.2534823000119,0.0557878624001,0.0072045385665,-0.0347711940075,0.0120009535327,0.0197135307026,0.0632052942103,0.0218751648169,0.5216627604446,0.5665761807007,0.0935398442348,0.1885052538207,0.4051058238995,-0.0342667953166,0.2143878868482,0.0651766646159,0.1198445420583,0.1727740912863,0.4892832884318,0.2315428069893,0.0989855040621,0.0424193455238,-0.0317955623599,-0.0005483350667,0.1749608285145,-0.0587577921595,0.1103023729734,-0.0862027487413,-0.1465710468220,-0.0350386794275,-0.1193915158177,0.1534864339187,0.4157978488960,-0.1334389907993,0.0201428056654,0.4569384386658,0.0917634003586,0.4055125309088
-0.1988203254930,-0.1704461634036,-0.2573551914100,-0.2683737706820,-0.0431875041390,-0.0001941969073,-0.2067055698616,-0.1138389969600,-0.0610828101360,0.4007182287564,0.2058229253110,0.2232933034976,0.0028434823269,-0.0708328786908,-0.1035004848218,-0.1437064769057,0.0574625618617,-0.0410288211381,-0.0949036977951,0.0259568388708,0.5507488340076,1.0000000000000,0.5061703247041,0.1476376665923,0.0379311175984,0.1627951227887,0.3334315632212,0.1451002836915,0.4666336221739,0.2163271399345,0.1470954115914,0.3366035617743,0.3700321058999,0.0557483606881,-0.0937805307357,-0.0961492847237,0.1311240824335,-0.0029179432443,-0.1474689900687,0.1096516255044,0.5033025203609,0.2314972789968,-0.0376000263767,0.0577737112621,0.1149616809763,0.3459812055601,0.3777109229071,-0.0636459659603,0.3464421777071,0.0148552891530,-0.1890111659549,-0.2009794457623,-0.1935807027499,-0.1810409180029,-0.0359379706040,-0.2157153772147,0.0403096396922,-0.1961448949361,-0.2164085671832,-0.1117777192895,0.2394857025859,0.2107313561103,0.1079142223273,-0.0494838168424,-0.1889677577855,-0.1598101938548,-0.1673280085455,-0.0943614803874,-0.1498253253381,0.0076193200122,0.2599674442581,0.6945693766397,0.0038665027684,0.1012421407391,0.1793468467707,0.0130230165174,0.2647050349505,0.0527526336686,0.3956812684928,-0.0201080749006,0.3626131303584,0.1400227589389,0.1848410756249,0.0513052801637,0.0144562152422,-0.0334338584466,0.2212601064526,-0.0742789193644,0.0320717056567,-0.0637590322012,-0.1234044521597,-0.0068896626810,-0.0419106674662,0.4016889885887,0.4867343188365,-0.0891423343464,0.2625493382764,0.6712611588287,0.1024724978670,0.1956396833158
-0.2199147390927,-0.3328468748350,-0.3119967243742,-0.2945186752156,0.0029301984865,0.1727344682911,-0.2120433016203,-0.0773923369429,0.1473617297083,0.1180719617987,0.2697256798175,0.4286832817803,0.0504815314051,-0.1521709518550,0.0043661909423,-0.0681142634191,-0.0268866547240,0.1006945830581,0.1190812095987,0.3371307157714,0.4041744918979,0.5061703247041,1.0000000000000,0.3897926804112,0.3356160855181,0.3597663057016,0.4855178875483,0.1153278420180,0.2153170910379,-0.1146381282129,0.1475765038339,0.4595747434582,0.4550983678404,0.1838905684772,-0.0341863417877,-0.0991206354482,0.2855928365508,0.1785907025055,-0.0955751335201,0.2626440253613,0.1145518475777,0.2159030350690,-0.0284064351533,0.1789819763557,0.2030666671941,0.5016710299611,0.4817682844953,0.1891787803282,0.1692118897983,-0.0073099831908,-0.3474421936490,-0.3092332806481,-0.2211560339499,-0.2252343772448,-0.1312288047329,-0.3040319851032,0.1144366171532,-0.1561381447840,-0.2260127381909,0.1177159274067,0.1253689962657,0.4304616411883,0.1717936253064,-0.0076607957243,-0.3203905377427,-0.0259200521290,-0.2029114865284,-0.0697992271560,-0.0322073621727,0.3312163215602,0.2182151261172,0.7582860646581,0.2461199685635,0.4255552679162,0.1134643889279,0.0200795364042,0.4901286177875,-0.0958010728447,0.0107973197967,0.0370018769000,0.3222039740611,0.1996170380940,-0.1868751612794,0.0407250084901,0.0182025796731,-0.0584012188738,0.2857567136859,-0.0054033289784,0.1322678605320,0.1484527960653,-0.1705108722976,0.1126219918351,0.0299756464333,0.2509972322262,0.4044630095524,0.1293789794496,-0.0247760503989,0.2401823791543,-0.0141816195315,0.3107351209499
-0.1275754807077,-0.3108340755181,-0.0204031203792,0.1202415316515,0.2595902115657,0.3918808803245,0.2864248403088,0.3780891307794,0.5225910990018,0.2455768657556,0.4339154191278,0.4484469721698,0.4231391636507,-0.0963369040871,0.0516751996164,0.4191748142530,0.2992026063462,0.4469314790441,0.5170040696949,0.5738656155570,0.2972272122317,0.1476376665923,0.3897926804112,1.0000000000000,0.4939621123623,0.3664399414208,0.5687136235016,-0.1378025584103,-0.0785635140309,-0.3008569067758,0.3793942304315,0.1957436047950,0.3637780083281,0.0296472144422,0.4744875395067,0.3525355262356,0.4029443798956,0.3950420605050,0.3051678703468,0.1384789521076,0.0158429825124,0.1004065266619,0.0899218674980,0.1746244554973,0.2595955973361,0.1227233101356,-0.0180853099909,0.3917307753431,0.0724963338219,0.0663598553235,-0.0809181121861,-0.1613033396382,0.0506639702421,0.1491974863899,0.2885088836624,0.1355134412553,0.4492425470080,0.2827666713202,0.3162187043093,0.4912167368084,0.3066850487246,0.5386210464403,0.3626673973670,0.3614526022336,-0.1401077386892,0.1566424567277,0.3548517971340,0.3673116994337,0.4582110810606,0.5418365110308,0.2762204903311,0.3662025120993,0.6835390478243,0.5731246034244,0.1930985369336,0.0191271649696,0.4614441479198,-0.2190342965842,-0.2216098982406,0.4189871620674,0.1888888521157,0.3837715878644,-0.2597054726252,0.0827439251740,0.1919053772195,-0.0718420309353,0.3797927156277,0.5839338535793,0.0993805342124,0.4019001954890,0.2490236318781,0.0790923922658,0.0276784063969,-0.0680930311462,0.1182610394115,0.3944333129773,-0.1635089506984,0.0940042955843,0.1027351823992,0.3499754771510
