1.0000000000000,0.4285492884832,0.2788937148796,0.6342992668247,0.8480303121381,0.2827827045684,0.3795139768540,-0.1420278092951,0.0212652422067,0.1362860617940,0.4621195878032,0.3242110683887,0.1223244142842,0.6926343883608,0.4929412669677,0.1391884340875,0.1440044181887,0.2699558351233,0.0883028663029,-0.2792076958401,0.3932914251882,0.0475709519481,0.5427098253388,0.1043987248242,-0.1751113951264,0.0584789579783,-0.0843384608845,-0.0056611347256,0.1202486347303,-0.2916809652827,-0.1596675720260,-0.1055659292055,0.2162718499695,-0.1446961356223,0.3528713806010,-0.0615611010082,-0.0280052731187,-0.2619867939956,0.0098603808929,-0.1466971119697,0.1221917877054,-0.0671415459656,-0.2146692895126,-0.3506656478047,-0.3242101433343,-0.2697665677540,-0.3032679698663,0.0055619493662,0.2708737104292,0.0395345069971,0.7495510377846,0.1996566885981,0.4336602462531,0.4493521619867,0.5602154723033,0.5513745802641,0.2781398578661,0.2582426151265,0.0174073713599,-0.1062352981893,0.4366658590421,0.3805635713763,0.3280480716487,0.2840074212573,0.4758882114299,-0.1522220629159,-0.0367415715138,0.4101047938508,-0.0777706850887,0.1050306747512,0.3848361496863,0.3014732447439,0.1785367376450,-0.0154662831580,0.1184668389143,0.2234951730096,-0.0494182857542,0.0785066565952,0.0355143510541,0.0340249554527,-0.1464715878505,-0.0124222022401,-0.0820921999091,-0.1500826783389,-0.3712898391464,-0.3574432176280,-0.0434649262858,0.1871408044738,-0.2132285612207,-0.2967389233489,-0.1062236609754,-0.2769291335526,-0.3580031975008,-0.1456075401470,-0.3103368865854,0.0514027208763,0.5135564785746,0.1256745686581,0.2157045871334,0.0848137371429
0.4285492884832,1.0000000000000,0.5978453596737,0.6477668439138,0.3359277759295,0.5251535408789,0.6495282571112,0.0368503273038,0.0950456261172,0.3301418230661,0.1463038059241,0.3173292453621,0.1824288653024,0.5906091792424,0.6362189729071,0.2102255023018,0.3166477556723,0.0815773425807,0.3839772298243,0.0487788545980,0.3151017957559,0.2187197732264,0.1807271547629,0.1580560159042,-0.0498179313383,0.0107498341385,-0.1005737711876,0.4570196339549,0.2348741026570,0.2861242357310,0.2191670109254,0.0104364998610,0.1028907760064,-0.0564942356515,0.0497733813730,0.2560079457933,0.0312278922821,-0.0220421819475,0.1056314477295,-0.0223701396998,0.1890083184947,0.2155746007739,0.0396691951091,0.0485827299162,0.0043965672172,-0.1895833124730,-0.0940121531229,-0.0107713472442,-0.0241802946303,0.1931733249602,0.3273876143525,0.6492363817384,0.4539083662273,0.5249674154562,0.3996467369113,0.5548743407466,0.0020546558286,0.0310633148993,-0.0393691542716,0.1194107208728,0.2237895439918,0.0317791492459,-0.0259328806274,0.0806194245788,0.5249257982290,0.0016380713913,0.2687984146233,0.0907422131595,0.2759235310389,0.1275432912381,0.0753944969131,0.0698113474987,0.1444064597288,0.1657261857631,-0.3203079104844,-0.2666109580538,-0.3624499217539,0.4688978862812,0.3536237217061,0.3591269696452,-0.2600353486042,-0.1799180922490,0.0540071563403,-0.1221937312007,-0.3835179635473,-0.0666633491629,0.0766795035657,0.2040044005889,-0.1323035859967,-0.1263507644080,-0.0143559024221,-0.2425021858506,-0.0983964311891,0.1205001972170,-0.1088230113406,-0.0174358214199,0.0880344066511,-0.1456916969989,0.1059586162074,-0.0115075608980
0.2788937148796,0.5978453596737,1.0000000000000,0.4777853890179,0.2333234766784,0.8070115902113,0.6567452247924,0.1703697720399,0.0926851367875,0.3479842945553,0.1659777196340,0.1567597540126,0.1470704270567,0.3001468164931,0.3565768717749,0.2630924357442,0.1744413541843,0.1946484948140,0.2518314713343,0.1977119714800,0.1065060263776,0.1769645034765,0.0789843704064,0.1154818348596,0.0028672937893,0.0988864232875,0.0315656510755,0.3672460464896,0.0317000496930,0.2936968511810,0.2811160746951,0.1251780144010,0.0849432568502,0.1139175152530,0.0446076288045,0.3332984269725,0.1357354646536,0.1190030362933,0.2594898619220,0.0926219365931,0.1516147821277,0.4329033967764,0.1685626547411,0.0951882291115,0.2232877721772,0.0311186444597,0.0680681183018,0.2466533988373,0.0258221368360,0.2574575062082,0.1982289048685,0.7190176946351,0.3581286970294,0.8085160172640,0.4829612589440,0.4212270832617,-0.1232280688377,0.0501884508683,0.0209657022827,0.1743611183408,0.0979624068267,-0.0403584157081,-0.1500282614396,0.0258970850171,0.3112205935038,0.0754235991973,0.1718240681319,-0.0684196863265,0.2491971484447,0.0601760226326,-0.2815400404488,-0.0631033125649,0.0380699211977,0.0977808810393,-0.4790004000306,-0.4776121096184,-0.2709302492576,0.3779601459313,0.1981414416212,0.3016361560039,-0.3767699127895,-0.3510548275719,0.0585550263559,-0.1112699349067,-0.2865793055597,0.0157853540022,0.1042017440516,0.1141185149981,-0.0149078724768,-0.0461340949780,0.1076646935789,-0.0800625847404,-0.1424953003774,0.3287484920544,-0.1571646308629,0.1171438838646,0.0677168168889,-0.2039398351482,0.0713717858272,-0.1184453126376
0.6342992668247,0.6477668439138,0.4777853890179,1.0000000000000,0.6391650825958,0.6063356745303,0.8422736650537,0.2052403530288,0.3166891829447,0.5319667001679,0.4177368424307,0.4909111333028,0.3815751721118,0.6076087445655,0.7659697038948,0.2161169791788,0.4059667432457,0.3594094823949,0.5725352272217,0.0309792077932,0.4677750495532,0.3373850634110,0.3993093111809,0.3081998235254,-0.1301689602211,0.0314377281697,-0.1087846947547,0.2057218507648,0.0903271326654,-0.1002001794618,0.1159765317730,0.0921167434624,0.2204756776081,-0.1226230322321,0.0522267968649,0.2471018141689,0.0185775180418,-0.2599382623992,0.0247215316490,-0.1758870448744,0.1430049496250,0.2029853995029,-0.1028434666427,-0.2183983058953,-0.1968035419656,-0.1774644922894,-0.1365908289742,-0.0238232426747,0.0536667556608,0.1969463647405,0.5362512589906,0.4402518065852,0.7754373940380,0.6616484850518,0.7156656407304,0.9096430231556,0.3069070414686,0.3308676910398,0.1707164607675,0.2867059973997,0.4927241411370,0.3314707804519,0.2083610430355,0.3349267864405,0.5764089352608,-0.1608599411639,0.1999182677884,0.3509170374051,0.3559454254755,0.3425314941471,0.3015146156588,0.2891521357060,0.3427439002405,0.2757552864427,-0.2256770761360,-0.1486187386366,-0.3239978462463,0.2236742165018,0.1075906999064,0.4475551643879,-0.2088592809471,0.0200758533105,-0.3177804319559,-0.2402753114885,-0.4926166118517,-0.1309395868973,0.0727291204945,0.2332220489652,-0.2876493990199,-0.3153373732114,-0.0959988079925,-0.4313125469910,-0.4495155544713,0.0029440989935,-0.2242820544014,-0.0660035182819,0.1568777070424,0.0703795273754,0.1838497934637,-0.0745318526793
0.8480303121381,0.3359277759295,0.2333234766784,0.6391650825958,1.0000000000000,0.3826131112858,0.4626452481030,0.0743439674237,0.1754040606651,0.1245980058158,0.4944016867825,0.3628025700499,0.2665204616014,0.4770146844896,0.3932102758536,0.0657619718566,0.2367681002472,0.2585843321616,0.1995385550650,-0.2182836651229,0.3541889341759,0.0413034659974,0.4418428433210,0.0500952535150,-0.2148076711820,0.1368657550116,0.0058753109361,-0.0597537881705,0.2027041133248,-0.2062004899059,-0.1500640831810,-0.0408766052828,0.1963040922744,-0.1006743834146,0.1217994497933,-0.1135838732871,-0.1551811038435,-0.2443837537199,-0.0193531148161,-0.1119869146201,0.2248816818596,0.0073416866945,-0.1950892052432,-0.2508310057097,-0.2122547501711,-0.3598307463295,-0.2305649601051,-0.0131882877449,0.2688457198782,-0.0521417177422,0.6928710488404,0.1759333055125,0.4010351868926,0.4731372528800,0.6331015632116,0.5675978219857,0.3252437048641,0.3187707007399,0.1718410648537,0.0508667635949,0.4136949516203,0.4067608864112,0.2849079699949,0.3823655899468,0.3599358188322,-0.2480515876897,-0.1144491727584,0.4282407981119,-0.0509688085806,0.0822144127180,0.3274019140465,0.1907508554669,0.1321622133165,-0.0300703605968,0.0281890043451,0.2177046848686,-0.0328316100526,-0.0290689573017,0.0685660266034,0.0540882415329,-0.1796013521046,0.0215978446831,-0.1175325579498,-0.2269369510224,-0.3384888777396,-0.2491328957630,-0.1183928580596,0.1189351187069,-0.2273904239830,-0.2111881589359,-0.1520884741008,-0.2875156591216,-0.2973421559105,-0.2132959511088,-0.3136934864246,-0.0125781833393,0.4383961225347,0.1554258212050,0.2216191226902,-0.0794447761469
0.2827827045684,0.5251535408789,0.8070115902113,0.6063356745303,0.3826131112858,1.0000000000000,0.8005368771733,0.2743114030553,0.2154299536872,0.3788818073179,0.3876370443304,0.3217750196924,0.3279546113454,0.2318651907167,0.5231965559931,0.2563890452417,0.3528047525145,0.3435817928643,0.4118139879009,0.2002455120014,0.2116755909759,0.2936054307940,0.2416299251898,0.2179600543088,-0.0980291077999,0.1484646682303,0.1271961404521,0.2532282014610,0.0871899202970,0.1803454725180,0.3405440067941,0.1587026532696,0.1496875503064,-0.0089752009728,-0.0203597779137,0.2816118096381,0.1586367842437,0.0694405406924,0.2249663912289,0.0561068988629,0.2246360044320,0.4635983491389,0.1448448116053,0.0590650509584,0.1770519391977,-0.0752742569190,-0.0141103354531,0.3071556416684,0.0780501528469,0.2030418339704,0.0970729740748,0.5246435898285,0.5027296813464,0.8568881708969,0.6355227842172,0.5604774173407,0.0290529719326,0.0903317253168,0.1900072987838,0.2810277960126,0.1857205854711,0.1515869318795,-0.0289668190049,0.1900862729500,0.2254975152602,0.0658287451867,0.2347503819432,0.1141830443814,0.3341497238374,0.1721264258178,-0.1388255741322,0.0543768858259,0.1847889273009,0.1575752809382,-0.3730026059596,-0.3768678854967,-0.1427852876849,0.2302285420207,0.1711294387458,0.5021014253539,-0.3048763957080,-0.1561899638515,-0.1610127227960,-0.1200039503197,-0.2877651285494,-0.0011107379543,0.2093529939980,0.1667180483587,-0.0208129101392,-0.0085745300103,0.1338278300738,-0.1756878970545,-0.2285975890904,0.2287408829700,-0.2082934015694,0.1427306971122,-0.0480095822412,-0.1637744489340,0.0916694441801,-0.1359463116427
0.3795139768540,0.6495282571112,0.6567452247924,0.8422736650537,0.4626452481030,0.8005368771733,1.0000000000000,0.2560680081416,0.2842561357601,0.4825434311759,0.3258662998787,0.4058899867360,0.3733051805436,0.4337199336231,0.6675907288469,0.2470734878392,0.4394732000074,0.2580002706365,0.5831454878527,0.1793325007572,0.3378139428715,0.3247056740687,0.2545181079655,0.2902143187308,-0.0881267727384,0.0692149621427,-0.0182554277011,0.3249643550266,0.1559339335304,0.1366628249593,0.3074743046848,0.1760135423304,0.1898033463571,-0.0470917491117,-0.0145357850005,0.3949080073548,0.1204212852603,-0.1483138658154,0.1518663796578,-0.0821517745735,0.1700118468525,0.3605675065509,0.0243695727430,-0.0834523017461,0.0165675947041,-0.1889343640352,-0.0655117649101,0.0896563446283,-0.0105072638648,0.1967739534910,0.3249084813408,0.5843351789605,0.6462982082898,0.7701107500271,0.6759883051384,0.8388365388824,0.1127565050905,0.1821670328658,0.1456545909315,0.3292418190886,0.3257321033945,0.1832192569857,0.0376001824586,0.2443371888081,0.4496642775941,-0.0542400183374,0.2996743141052,0.2428549894373,0.4540251423907,0.3141937294358,0.0734285855368,0.1277560706729,0.2463796398267,0.2809470224864,-0.3777977806981,-0.3274694479425,-0.3381574905157,0.3308479496662,0.2436055838407,0.5689565601209,-0.2527569338716,-0.0531557837682,-0.2225491017429,-0.1787702440409,-0.4340044132724,0.0325037708491,0.1686650715911,0.3037317717781,-0.1558103340782,-0.1616935977384,-0.0002945168457,-0.3675957864980,-0.3414876419744,0.1691516632524,-0.1815841705095,-0.0085480004803,-0.0345166779325,0.0106032068737,0.1388081701697,-0.1379751077113
-0.1420278092951,0.0368503273038,0.1703697720399,0.2052403530288,0.0743439674237,0.2743114030553,0.2560680081416,1.0000000000000,0.7680314078728,0.3901986763616,0.2519282852898,0.3322246376391,0.5328062581518,-0.2709924049885,0.0106821941210,-0.1772825713618,0.4242406669644,0.4441847872165,0.4826353763833,0.5464854861559,0.0381072168347,0.2323302342842,-0.1005510323396,0.2238275265734,0.1871676422527,0.2371768955110,0.3326198525681,0.0094926706770,-0.1662015904958,0.2051577985604,0.1645984148242,0.3330499367865,0.0572590642391,0.0946431428216,-0.4138434099630,-0.0860969830281,0.0071660314287,0.0809023459365,-0.1701741932344,-0.0034157983678,0.0149909147263,0.3796727409743,-0.1085650815047,0.1826175121200,0.2445883380661,0.1970760925705,0.2513199533708,-0.0678656794834,-0.2372359708781,0.0144169666723,-0.1344308810310,0.2207578104943,0.1705269165682,0.1114758491757,0.1741867921163,0.1652080356073,0.3034542283474,0.5163421292918,0.6912905853200,0.8189986710812,0.0037844944394,0.1614408383054,-0.0760818812095,0.2640369004687,0.0061176319641,-0.3687691830654,-0.1501732968606,0.0636453258353,0.4164738639394,0.3861244194750,-0.1293954507761,-0.0357193722661,0.2681749509341,0.4846353305441,-0.3922505136052,-0.1855590286678,0.0793543092294,-0.1588319046211,-0.1413850392937,0.2773387186409,-0.0448004388953,-0.0549320684994,-0.2799466622031,-0.3485679948407,-0.0965893134391,0.3719595578260,0.1124927131861,-0.1912625369107,-0.2559503340503,0.1311078374358,-0.1562424436261,-0.0959697281658,-0.0255431724393,0.1457428068633,-0.0153119188092,-0.1875339514919,-0.3401390378883,-0.1830845990033,0.0296370035503,-0.4216882582350
0.0212652422067,0.0950456261172,0.0926851367875,0.3166891829447,0.1754040606651,0.2154299536872,0.2842561357601,0.7680314078728,1.0000000000000,0.3333609486934,0.3584324066539,0.3720534227562,0.4493806652434,-0.1161283868726,0.2115290666635,0.0987085345535,0.4375377536694,0.4594906950054,0.6501937543348,0.5623746268899,0.2914666821182,0.1607307654742,0.1471819694089,0.3177569888108,0.2695471300354,0.2995007931140,0.3381563719800,-0.2463700710026,-0.2636488685655,-0.0036954295929,0.1430557940975,0.3354630181672,0.1702382496953,0.0551874238015,-0.1853459596848,0.0092280676824,0.0203875725765,0.1437005835266,-0.0886873474567,0.0732650762552,0.0143455835911,0.3263735737956,-0.0106468060228,0.2293792429592,0.1552245911097,0.1995912616689,0.1948266292483,-0.1306682802983,-0.2891559297892,0.2163852330019,-0.0492348586950,0.1462985671495,0.2806847966747,0.1137132304151,0.2055925663034,0.2655812505098,0.3311415177796,0.4926863923942,0.6891737893457,0.8892108115578,0.0041135758170,0.2303431315980,-0.0805331666996,0.2550742203866,0.0019924910678,-0.3429202796642,-0.0849034930814,0.1179317775449,0.4518438028637,0.4927663805006,0.0486677836428,0.0160279215140,0.4338428881762,0.5495005798843,-0.2331723774376,-0.0418588537281,0.1307878830285,-0.3408137905708,-0.2719929899689,0.2490737085206,-0.0708775375424,-0.0059261602989,-0.3803149996915,-0.2252540870519,-0.0763610972211,0.1939390233180,0.1572134245875,-0.1598956377957,-0.2087166232836,0.0539850797641,-0.1151779969574,-0.1304253976671,0.0417961590479,-0.0284225192012,-0.1648854199851,-0.2115289338225,-0.3024233746517,-0.3453721276337,0.0141870345571,-0.2319380376780
0.1362860617940,0.3301418230661,0.3479842945553,0.5319667001679,0.1245980058158,0.3788818073179,0.4825434311759,0.3901986763616,0.3333609486934,1.0000000000000,0.2276173118726,0.7401328749462,0.6570050438122,0.3197763122215,0.4509018483495,-0.0885371373762,0.4550889957020,0.3624021978850,0.4123428103730,0.1846652523063,0.3217979760493,0.7189146278083,0.2983935458582,0.3941689172339,0.0507248911849,-0.1133200417074,-0.0676336951018,0.2745768809354,-0.2190596360322,0.0293553471468,0.2238893701135,0.2377713836982,0.3432759370941,-0.0789386247894,-0.1429383908203,0.1118433175568,0.1347745827897,-0.2871999654451,-0.1857621993994,-0.1992581116341,-0.1272097278601,0.1671377406196,-0.3193686804462,-0.2380869592079,-0.2102673729615,0.2167966792269,0.1347643168939,-0.1553783446466,-0.2055516535758,0.2334485831827,0.2955963193972,0.4394161262145,0.5377134653589,0.3897079566303,0.4595064788784,0.4736960769121,0.3954457509159,0.4550315024395,0.2089584732354,0.3945909931294,0.6415373339449,0.4287464884774,0.4553085796364,0.5370526708292,0.5766316733617,-0.2565748449464,0.0096129442390,0.3859896054118,0.3523749712484,0.5247220361431,0.3359478826235,0.5483834291756,0.4419796960992,0.5465222017446,-0.3208232001303,-0.2480735932460,-0.2600592334246,0.2589273831926,-0.0762184842511,0.4688266464824,0.0925498451782,0.2154445693980,-0.2942690943684,-0.3467676951027,-0.4021430580878,0.0860413610101,0.1011958317320,0.0203943364451,-0.4581064162780,-0.2978882861354,-0.1358746582821,-0.2788989196120,-0.3882516488755,0.2773774597570,0.0701315174033,-0.1589520859383,-0.0908042521330,0.1649538903454,0.1525835742410,-0.1444778025352
0.4621195878032,0.1463038059241,0.1659777196340,0.4177368424307,0.4944016867825,0.3876370443304,0.3258662998787,0.2519282852898,0.3584324066539,0.2276173118726,1.0000000000000,0.5657079864746,0.4723542376452,0.1645408088685,0.4190577094521,0.1965329773444,0.3618783628284,0.5480748630386,0.3242971433389,0.0734020774686,0.4329352716601,0.2646919384032,0.6506675661040,0.2663539906087,-0.0449823673280,0.2083700298842,0.3084448987356,-0.1738360355353,0.0177485052800,-0.3615310899183,0.0378364389106,0.0615543731455,0.4280312362006,-0.1868940343842,0.2095852631944,-0.0580998078716,0.0392158322810,0.0025960036986,0.0090202992878,0.0179521845546,0.2486859974904,0.1930710900454,0.0172571018966,-0.0433800057598,-0.0375082255645,-0.0577640532042,-0.2030891016451,0.1242916330289,0.1984198384390,0.1391669621887,0.1416770746949,0.0047922530966,0.3408968700904,0.3417868223723,0.4817322788534,0.3405782388605,0.5090981375472,0.4277901832349,0.3623500503510,0.1841504416861,0.3890036218946,0.6706523386825,0.3860687606806,0.5001845654510,0.0706175428980,-0.0143425308409,-0.0116036672602,0.4218892005536,0.0528176283942,0.2393922408616,0.2741089871512,0.3176112849765,0.3783696954177,0.1327557451518,0.0635374638000,0.1596844299557,0.2957404536532,-0.1367324061521,-0.0678002159147,0.1845272922768,-0.1427181508903,0.1898102136333,-0.2562865855561,-0.0580556759783,-0.1334872564833,-0.3451402904658,0.0992133175530,0.0417484133368,-0.1354636760793,-0.0960300740999,0.0221341020299,-0.1790077047444,-0.1919197772058,-0.0996044292209,-0.3369379042294,0.1222510882002,0.1704577984708,-0.0229478761024,0.2787996470383,0.1187691504082
0.3242110683887,0.3173292453621,0.1567597540126,0.4909111333028,0.3628025700499,0.3217750196924,0.4058899867360,0.3322246376391,0.3720534227562,0.7401328749462,0.5657079864746,1.0000000000000,0.8181145364439,0.3086063660291,0.4487599932615,-0.0518539738935,0.5938840759414,0.4368520028473,0.3958214829370,0.0815153304284,0.4859118928131,0.6146694377653,0.5765746862470,0.4047717260747,-0.0742206948703,-0.0197855314140,0.1215967860875,0.1302111652509,-0.0626377185763,-0.1349806762974,0.1588343328155,0.2310542351624,0.5230258558221,-0.2079465733025,-0.0739956821506,-0.1152662025478,0.0109178465202,-0.2905027716291,-0.2445665146717,-0.1737281479133,-0.0056031152140,0.0990289968789,-0.3238986516629,-0.2711892583783,-0.3074682089517,0.0543713258067,-0.0130054414358,-0.1990085806318,-0.1310506944817,0.1262418502217,0.2718190450014,0.2661177890272,0.4776885412827,0.3125370076125,0.4080568981847,0.4301258438335,0.5250332525791,0.3950654834101,0.3121763574555,0.2959715294161,0.6826968349331,0.6968863479136,0.7022556636218,0.7841165938513,0.4385853012628,-0.2320760155762,-0.0221189727078,0.6144920089331,0.1966664888085,0.4953896177117,0.5809337056433,0.6478749787733,0.5646976108801,0.3858423131550,-0.1236730086766,0.0502200251244,0.0002443152459,0.1474066330975,-0.0141882101017,0.4668584017546,0.1686569888095,0.4318858114801,-0.3450033613070,-0.3093284692986,-0.3854554624200,-0.1080792465730,0.0784551418276,-0.0081193520875,-0.4371934978838,-0.2739537043027,-0.2024275997873,-0.3417580980763,-0.3766967002714,0.0948010402214,-0.0620425757127,-0.1448178165686,-0.0374912706521,0.0911139346390,0.2387567671760,-0.0120010475518
0.1223244142842,0.1824288653024,0.1470704270567,0.3815751721118,0.2665204616014,0.3279546113454,0.3733051805436,0.5328062581518,0.4493806652434,0.6570050438122,0.4723542376452,0.8181145364439,1.0000000000000,0.0457768259833,0.2537569664399,-0.1427621339410,0.6092615888025,0.3576384203678,0.3969350229170,0.2126117953172,0.2962679220890,0.5338247128671,0.3629727942559,0.3046521332873,0.0249165718037,0.0944892051873,0.1866687152271,0.1426990952970,-0.0715689841366,-0.0353054733928,0.1717908800161,0.3084473468488,0.4957264399848,-0.0441214396655,-0.2195300275359,-0.1002092662152,-0.0311066692715,-0.2094852209501,-0.2579378659372,-0.1094300326373,0.0342036917747,0.1611605942701,-0.2958025747922,-0.1751649398698,-0.1385933751845,0.0490065587786,0.0614768138567,-0.1395493473061,-0.1553249350982,0.0309053781414,0.1124573835907,0.2493223098965,0.3370345683767,0.2612697960113,0.3523444402639,0.3443253083254,0.5099953555932,0.4352366801196,0.3909863224551,0.4430339372401,0.4885987995184,0.5287275729240,0.5797943885320,0.8463121280610,0.2355489836009,-0.2925747006773,-0.0449719654273,0.4610222299596,0.2569122358434,0.4576192145427,0.3410627468598,0.4337940065058,0.4327956847631,0.4692613271644,-0.1985275387689,-0.0009217294431,-0.0168666465129,0.0997667627675,-0.0291223533563,0.3920027542875,0.1379378223562,0.4195898576143,-0.3059402652942,-0.3319104381233,-0.2552831904071,0.1308723577634,0.0537554316007,-0.0205731278856,-0.3884324414807,-0.0968510205784,-0.2357293613963,-0.2703133933054,-0.2895040951323,0.1040733741463,-0.0483230527947,-0.1368970264615,-0.1984521659056,0.0948623359267,0.1450097123234,-0.1896227005048
0.6926343883608,0.5906091792424,0.3001468164931,0.6076087445655,0.4770146844896,0.2318651907167,0.4337199336231,-0.2709924049885,-0.1161283868726,0.3197763122215,0.1645408088685,0.3086063660291,0.0457768259833,1.0000000000000,0.6444810405131,0.2607308849902,0.2605578923979,0.1291316572936,0.1588260700625,-0.1885550562179,0.4143221234432,0.2031187974699,0.3916834334568,0.1559953483295,-0.1612342659996,-0.1236601121163,-0.2498188549757,0.3015966131363,0.1663738772695,-0.0120943579364,0.0852652053803,0.0097116523990,0.2207713095819,-0.1050114932400,0.3112221487776,0.1623709687836,0.0046599271002,-0.2648164237619,0.0029856287372,-0.1690555458935,0.1123280400037,-0.0824078050853,-0.1425021549265,-0.3827455027666,-0.3485027453733,-0.1657993972550,-0.1439119154068,-0.0966704439916,0.2357128085043,0.2261443462937,0.6720872948878,0.3413806091159,0.4653094198791,0.3807493681733,0.4249415386940,0.5159062493198,0.0997431896084,0.0789915807309,-0.1768066215659,-0.1663745332262,0.4826398740938,0.2109129878701,0.2393320399559,0.1395537972219,0.6808860127877,-0.0250746841518,0.1389060635757,0.3140447115689,0.0175457895603,0.1659759556226,0.3698144993911,0.3349700877533,0.1722956416206,0.0244601072536,-0.0298093739252,-0.0582566036607,-0.3017531618273,0.3961915220954,0.2004262775733,0.2092697852119,-0.0511272111521,0.0228906979549,0.0147349483631,-0.1134111396576,-0.4638907502442,-0.2911659954135,-0.0764255947974,0.1844587824604,-0.2898314061416,-0.3703113548107,-0.0830199395567,-0.3151751458518,-0.3884621923032,0.0693637104996,-0.1027891229867,-0.0065536829796,0.4524281597777,0.1596182970687,0.1684885745871,0.1301841025572
0.4929412669677,0.6362189729071,0.3565768717749,0.7659697038948,0.3932102758536,0.5231965559931,0.6675907288469,0.0106821941210,0.2115290666635,0.4509018483495,0.4190577094521,0.4487599932615,0.2537569664399,0.6444810405131,1.0000000000000,0.3714276685771,0.4380990976641,0.3885871909840,0.5185438853922,0.0255714600090,0.5546055182796,0.3789331461126,0.4548332990603,0.3462261394862,-0.1663837754395,-0.0588095070127,-0.0878245169793,0.1943563706846,0.0811279061846,-0.0848284822389,0.3060044831716,0.0835876597771,0.2431721394592,-0.2178328856916,0.1804479562394,0.2790643784173,0.1131427216871,-0.1185759345617,0.0708964780396,-0.1204370413216,0.2085343694573,0.1607762805531,0.0749601715638,-0.1749587871161,-0.1615260712711,-0.1182087737628,-0.1638774765865,0.0088363135192,0.1356454601070,0.3690615918198,0.2960113915132,0.3022680892789,0.6557971594365,0.5047774687354,0.5283952031302,0.6628768517129,0.2786604597705,0.1761049010087,0.1277407944698,0.1640757504648,0.4571119824157,0.3486117542807,0.1899289027414,0.2270863972045,0.4941196028970,0.0829294536023,0.2907429249588,0.3402443889293,0.3201535616995,0.3771757421178,0.3335689956367,0.3329140096097,0.3975801474948,0.2104093888873,-0.0978173366901,-0.1578975450865,-0.2334419656053,0.2702854162347,0.1007112978590,0.5169996180666,-0.1178951853095,0.1086315705489,-0.2494294048589,-0.0773500982539,-0.3853838776076,-0.1965464450531,0.1134955452126,0.1949568614308,-0.1790669336961,-0.2789568491704,0.0565909387113,-0.3634600047853,-0.3559633143504,0.1074127819958,-0.1852091911405,0.0020388209536,0.1108691302233,0.0119785878939,0.2503688824634,0.1814891288536
0.1391884340875,0.2102255023018,0.2630924357442,0.2161169791788,0.0657619718566,0.2563890452417,0.2470734878392,-0.1772825713618,0.0987085345535,-0.0885371373762,0.1965329773444,-0.0518539738935,-0.1427621339410,0.2607308849902,0.3714276685771,1.0000000000000,0.1833296100639,0.1227762125812,0.3915354129104,0.2632198963009,0.2518777752448,-0.1173507627717,0.1311676565699,0.0859469086272,-0.0565993613275,0.1157398631624,0.0715515667815,-0.0366113912919,-0.0065293540652,-0.0361872773949,0.6000309086291,0.2657118116646,0.0925062323332,0.2211285074965,0.4853932775557,0.6066256538004,0.1124283358402,0.4389334447151,0.4876251314486,0.1584376309710,0.2504728270510,0.2341999422636,0.6297995890134,0.1690751385358,0.3569197526256,-0.0886865735658,0.0373484355042,0.3422658386790,0.2346171182126,0.3322259299443,-0.0735684335679,0.0877912609069,0.2168806209811,0.2399622624901,0.1143336253193,0.1840446695512,-0.0796220599815,-0.0517756938413,0.0844411863650,0.0404499068871,-0.0803320688640,0.0069842264361,-0.2104302546284,-0.1186843321679,-0.1221359318557,0.4521987352821,0.5341147367305,-0.0634191292048,0.2724943290284,0.0574091726157,-0.1703100724649,-0.2482750174435,0.0227351949442,-0.1154526554041,0.0789586525799,-0.2116315254551,-0.0337890996397,0.0395661576929,-0.0213244106976,0.2075380531454,-0.2275509367934,-0.0937968703104,0.0733163026453,0.4464591865240,0.2049151269860,-0.1677739156216,0.0389360026283,0.2908634727692,0.3303889012354,0.2086417073636,0.2989406565406,-0.0910647229948,0.0618365985652,-0.0212406435597,-0.3285185380161,0.2846826923453,0.0459125325368,-0.2717429387718,0.0529416735306,0.2371163445841
0.1440044181887,0.3166477556723,0.1744413541843,0.4059667432457,0.2367681002472,0.3528047525145,0.4394732000074,0.4242406669644,0.4375377536694,0.4550889957020,0.3618783628284,0.5938840759414,0.6092615888025,0.2605578923979,0.4380990976641,0.1833296100639,1.0000000000000,0.4664643305014,0.5610190298861,0.3678170786132,0.4843241687593,0.4324445158995,0.3419030681297,0.4104893488201,-0.0513717358759,0.1491575724053,0.2450949632761,0.2065627860666,0.0263623312261,0.0182835874870,0.4650789808337,0.4528705757006,0.4738097737935,-0.0932692291865,-0.1067191377705,0.0044166635952,0.0826763658625,-0.0593949589176,-0.1432159484469,-0.0924746306432,0.0510854101513,0.1231702810456,-0.0991723829893,-0.1093849374025,-0.0453185929402,0.0540756565532,0.1498876274159,-0.1490375409959,-0.0852133137560,0.1690437760369,0.0213499209508,0.2195846350115,0.3779795053613,0.2429402567971,0.2317070600484,0.3378027958135,0.2845731194532,0.1554756904073,0.3501738646759,0.3850476853409,0.2781881203321,0.3328437523220,0.2596812060124,0.4511043948936,0.2838823325298,-0.1499810792340,0.0910488549949,0.4536190230654,0.2639053633368,0.4269741040219,0.3371879569231,0.3350927484214,0.4460963578259,0.3102097262211,-0.1899346849008,-0.0894054119788,-0.0572375860344,0.1880338198925,0.0884225008790,0.5550946251586,0.1754313150000,0.2886521221836,-0.3583248311967,-0.2529962050150,-0.3085407944437,0.0970455861796,0.1586501445945,-0.0326435845774,-0.3036138788003,-0.0931473583025,-0.1639344314272,-0.3537234720332,-0.2629260240655,0.1611702388929,0.0075688875345,-0.1287538671863,-0.2275680308217,-0.0399212184268,0.1076227103320,-0.0824866587251
0.2699558351233,0.0815773425807,0.1946484948140,0.3594094823949,0.2585843321616,0.3435817928643,0.2580002706365,0.4441847872165,0.4594906950054,0.3624021978850,0.5480748630386,0.4368520028473,0.3576384203678,0.1291316572936,0.3885871909840,0.1227762125812,0.4664643305014,1.0000000000000,0.2790660808078,0.1662222711585,0.3640630813420,0.3104514928539,0.4272854578152,0.3478024830944,-0.0068536119784,0.0813917977669,0.2290266088670,-0.0274611565520,-0.1357023540176,-0.1806823622270,0.2298619710679,0.1619881276926,0.2980347063250,-0.1931411836393,0.0358544886412,-0.1805357152568,0.1988885227163,-0.0656860029522,-0.0458611685637,-0.1111025947670,0.0108348643159,0.2350091765570,-0.1482811456618,-0.0939290158024,-0.1270932120948,0.2777663516290,0.0684276897991,0.0104428552282,-0.0191092715144,0.2592249862920,0.0347643496284,-0.0104874614199,0.4028457620396,0.2866938698309,0.3618047470557,0.2569323896450,0.4298674616368,0.4443175542699,0.5096514686777,0.3749856294207,0.3038411763568,0.4437263667816,0.2320393497811,0.3283508478169,0.1932950585086,-0.1246853019518,-0.0844934249429,0.4774166174799,0.0810219121207,0.3829150347922,0.2472829801680,0.3557074460927,0.4576555714575,0.2097921952782,0.0226509280114,0.0490590910350,0.2344273348086,-0.0556687772288,-0.1802706654237,0.4176635204862,0.0488240154276,0.1256953016052,-0.3207318370269,-0.1638426013699,-0.1534634290505,-0.1669627096484,0.2029750718557,-0.1307188624449,-0.1809051089600,-0.1831871670708,0.0542661037739,-0.1691582218531,-0.2401374424508,0.0989947087392,-0.0600594841327,-0.0199985755356,-0.0022333136585,-0.1057156958693,0.1941161417404,0.0535486093615
0.0883028663029,0.3839772298243,0.2518314713343,0.5725352272217,0.1995385550650,0.4118139879009,0.5831454878527,0.4826353763833,0.6501937543348,0.4123428103730,0.3242971433389,0.3958214829370,0.3969350229170,0.1588260700625,0.5185438853922,0.3915354129104,0.5610190298861,0.2790660808078,1.0000000000000,0.5319351133174,0.4097267241436,0.2726661491904,0.1912563528957,0.2880344792723,0.1214548986145,0.1221607134402,0.1096305483701,-0.0212374571184,-0.0334445854112,-0.0180926892104,0.3109393553714,0.3064696984180,0.2129873668217,-0.0470279495571,-0.1316316172160,0.3865010094295,-0.0805738945519,0.0837387878230,-0.0182486126947,-0.0548101343922,0.1443748081029,0.3635768843643,0.1931336903906,0.1749240557414,0.1506649702211,-0.0752009040044,0.0866203638953,-0.0793348624753,-0.1594795227790,0.2279418081595,-0.0042861010770,0.3104773955204,0.4622830406484,0.3385610929124,0.2977041056083,0.5456059327362,0.2358370679329,0.2817030811778,0.3980567966136,0.6344611716484,0.1115370590762,0.1769912481663,-0.0787824703718,0.1939176387903,0.1744312876879,-0.1235645192504,0.3028925425556,0.1125682175163,0.7073919167283,0.4767882244579,0.1047635165686,0.0237838109897,0.3148597991293,0.4568168926854,-0.3464380110485,-0.3221697646666,-0.2523889796960,-0.0544354440055,0.0061519943842,0.4627461625085,-0.2261686746602,-0.0138701297168,-0.4326558319300,-0.1465645243351,-0.2555077623369,0.0831061990742,0.0699398891324,0.0559448059203,-0.1882018661601,-0.0381175413137,-0.1056394090472,-0.3867737634593,-0.1422785904253,0.0027201219600,-0.1987992428878,-0.1883876326504,-0.2681128119557,-0.2344299874281,-0.0015666174765,-0.1906692750111
-0.2792076958401,0.0487788545980,0.1977119714800,0.0309792077932,-0.2182836651229,0.2002455120014,0.1793325007572,0.5464854861559,0.5623746268899,0.1846652523063,0.0734020774686,0.0815153304284,0.2126117953172,-0.1885550562179,0.0255714600090,0.2632198963009,0.3678170786132,0.1662222711585,0.5319351133174,1.0000000000000,0.1573881715561,0.0881172875658,-0.0407010127788,0.4019868291942,0.4563019585113,0.4799984645805,0.4811601415404,0.0266070019281,-0.2150210526919,0.1999884805904,0.3929937652693,0.5978158870537,0.2130556816731,0.2555097734102,-0.0646982103071,0.4609829078126,0.1517587745009,0.4561316916125,0.0827689546386,0.1480796957079,-0.0514575641132,0.3808501054985,0.2720758361852,0.3663555401556,0.4891765462630,0.2706249021391,0.3396207819886,0.1134203885540,-0.1895064673961,0.2981925430898,-0.2817581075677,0.2187075581656,0.1111403354894,0.0835099156373,-0.0450799400631,0.0061113957045,-0.0517469608131,0.1380684014843,0.3801574986130,0.5814727872504,-0.2815195369871,-0.0493567313085,-0.2799780693081,-0.0599560387083,-0.0938357602311,0.0027621740107,0.0573615873866,-0.1976164843364,0.5285081970903,0.4490307896849,-0.2350270920800,-0.1576176787352,0.2428365378424,0.5310310264750,-0.3488084556921,-0.2486831120179,0.0206770285522,-0.0849177177748,-0.2045625766815,0.2222619121533,-0.1642322327462,-0.1332052661530,-0.2720975535213,-0.1501070586907,0.0015648760222,0.3079689644163,0.1791128707842,-0.0586278539132,-0.0670646647729,0.2638169418866,0.0139537906050,-0.0786456209653,0.0834708552889,0.0583105587423,-0.0767085388443,-0.0119616120739,-0.4378652168232,-0.3585966410913,-0.1721220443730,-0.1924184846882
0.3932914251882,0.3151017957559,0.1065060263776,0.4677750495532,0.3541889341759,0.2116755909759,0.3378139428715,0.0381072168347,0.2914666821182,0.3217979760493,0.4329352716601,0.4859118928131,0.2962679220890,0.4143221234432,0.5546055182796,0.2518777752448,0.4843241687593,0.3640630813420,0.4097267241436,0.1573881715561,1.0000000000000,0.2444489205244,0.5916889178225,0.2762324586820,0.2194332801508,0.1882797359085,0.3110073877842,-0.0317041874024,0.0978442851492,-0.1107066479455,0.0919190442863,0.3484969016768,0.6097049443255,-0.1357459522716,0.1824314690903,0.0471654601356,-0.0043496635718,-0.0967703252423,-0.1453792678401,-0.1257021873472,0.2280301312833,0.3372779278290,0.1094888203006,0.0745861437592,-0.0444597063689,0.1902746769608,0.2559819632790,-0.3371550735192,-0.1400740344515,0.6304410387846,0.2719601205198,0.1760248951740,0.2990056139385,0.3019282069332,0.2122933871523,0.3972608749353,0.2158116071990,0.1493890389138,0.1548003625275,0.1233300910179,0.3477648040373,0.3409511750717,0.2745335086147,0.3155316795784,0.2785609808018,-0.2619632453162,-0.1596852915065,0.2673681526148,0.0320454379726,0.1992324912090,0.4634180660754,0.3388982036278,0.2619510894913,0.2571423514806,-0.0824012869596,-0.0395814076524,0.0287987569152,0.0458778924567,0.0184564562146,0.1784307521206,-0.1959248110642,0.2316563815001,-0.3389187378039,-0.2954504020020,-0.3033325873046,-0.2593774266784,-0.0241197212111,-0.1026096938587,-0.2492452418027,-0.4114295122494,-0.2720199438490,-0.4366449084367,-0.1520791157858,-0.0546666393572,0.0352801366389,-0.3309059220416,0.0202510179159,-0.0158435377753,0.3528961413716,0.2735029756430
0.0475709519481,0.2187197732264,0.1769645034765,0.3373850634110,0.0413034659974,0.2936054307940,0.3247056740687,0.2323302342842,0.1607307654742,0.7189146278083,0.2646919384032,0.6146694377653,0.5338247128671,0.2031187974699,0.3789331461126,-0.1173507627717,0.4324445158995,0.3104514928539,0.2726661491904,0.0881172875658,0.2444489205244,1.0000000000000,0.3712856582289,0.4217274642173,-0.0393233571393,-0.0714214064016,-0.0124004008325,0.3220707585725,0.0378898644849,0.0219372102823,0.1665009518678,0.1352223748617,0.3507070425942,-0.2432783417848,-0.0978365863498,-0.0030282949821,0.1551488583431,-0.1989571415353,-0.1814218530448,-0.1719105076293,-0.0823977363025,-0.0375425791374,-0.3140934261263,-0.2096610673216,-0.1904248956541,0.1865830533858,-0.0128679066682,-0.0493946065340,0.0088246861993,0.0563593152226,0.0619196075382,0.1772592634354,0.3900269305399,0.2303807237292,0.3310323836624,0.2905225057409,0.3359204052846,0.2290686914196,0.1318915980267,0.1704378625236,0.5672391159520,0.4184225646037,0.4847080752021,0.4604103411458,0.4314600128134,-0.1026637320780,0.0035101911381,0.3810213746101,0.2096171285462,0.3752149881328,0.3896631456924,0.6860451356827,0.4529630370400,0.3604309328992,-0.1279299989751,-0.0812295256656,-0.1296746650976,0.2720311147770,0.1215007419018,0.4387180864644,0.1916514566064,0.2796177392038,-0.2295067692146,-0.2929043488596,-0.3586716321305,0.0168647571063,0.1900596399878,0.0066859067812,-0.3821276132413,-0.2248762741072,-0.0551586858976,-0.1717476948462,-0.3296357747502,0.3136382646045,0.1865244846937,-0.0372863977572,-0.0290422388461,0.3140224772373,0.1059973715511,-0.0202518568068
0.5427098253388,0.1807271547629,0.0789843704064,0.3993093111809,0.4418428433210,0.2416299251898,0.2545181079655,-0.1005510323396,0.1471819694089,0.2983935458582,0.6506675661040,0.5765746862470,0.3629727942559,0.3916834334568,0.4548332990603,0.1311676565699,0.3419030681297,0.4272854578152,0.1912563528957,-0.0407010127788,0.5916889178225,0.3712856582289,1.0000000000000,0.3455799263102,0.0778373106720,0.2539673336390,0.2429926333432,-0.1459089814025,0.0144677854471,-0.4721361580119,-0.0947592662371,0.1228560824839,0.6502504171511,-0.1907007231153,0.3187517231031,-0.0594455360375,0.1099752685222,-0.1164084140692,-0.0643766355077,0.0103606468388,0.0859176074995,0.0213047277767,-0.1501791036405,-0.1815260940157,-0.2795438461965,0.0397276437965,-0.2205639798966,-0.0288706896559,0.0957082732935,0.2387617665624,0.2703276567664,-0.0233135173464,0.3048902316226,0.2747592000817,0.3818451941220,0.3418867619899,0.3620399046446,0.2156095772225,0.0805781350839,-0.0554963965631,0.4294848810867,0.5762919178504,0.5359257214561,0.4525102396159,0.2567840336065,-0.0205383817103,-0.0529416479756,0.4708824270897,-0.0626833140727,0.2480385082966,0.5347907842633,0.6182477536226,0.4281661235126,0.2121976009212,0.1536370284789,0.3014212484984,0.1907127584221,-0.0414836565970,-0.0487917924557,0.1270752241764,-0.0056117907605,0.2908758114480,-0.3424955201710,-0.1347805243741,-0.3148295817793,-0.4238777200605,0.1429972580558,0.0542592238211,-0.2426626310212,-0.2546500894199,-0.0275661341319,-0.1875763943434,-0.2724869187200,-0.1692071520621,-0.2733407321468,0.0148193962645,0.1931107414371,0.0670916600472,0.1620353638724,0.2454868823826
0.1043987248242,0.1580560159042,0.1154818348596,0.3081998235254,0.0500952535150,0.2179600543088,0.2902143187308,0.2238275265734,0.3177569888108,0.3941689172339,0.2663539906087,0.4047717260747,0.3046521332873,0.1559953483295,0.3462261394862,0.0859469086272,0.4104893488201,0.3478024830944,0.2880344792723,0.4019868291942,0.2762324586820,0.4217274642173,0.3455799263102,1.0000000000000,-0.0606266195669,0.3373174315745,0.2539862561620,0.1020866978891,-0.2647695461164,-0.1728981794526,0.2365698865234,0.3162891424675,0.1451271540176,-0.0662105542638,0.2117841208470,0.2095350439783,0.4629338546474,-0.0274325104767,0.0873252491279,0.0773341508432,-0.2937802501517,-0.1754895840932,-0.1762852365555,-0.2624965555400,-0.2483582884401,0.1410776120240,-0.1496021559198,0.2119138478512,0.0564524010509,0.0649401664580,0.0085526352605,-0.0035045786540,0.4368191555265,0.1118668802174,0.2119768494827,0.2480967377206,0.0813535738804,0.0494153130953,0.2404961420083,0.2156721463844,0.2087742016135,0.3561769840525,0.2584178729399,0.2439315933693,0.2543392727232,0.1256603173726,0.0364411966099,0.2901922226956,0.2937212426438,0.5324263636237,0.3502323016793,0.4722826615037,0.7436315717394,0.3830924697307,-0.0158228204045,0.2348189415593,0.1252688185555,0.1181052795920,-0.1828496356964,0.3875817941452,0.2150277054734,0.1595632652123,-0.3559748949244,-0.2006163813862,-0.2740025900510,-0.0368665775349,0.4804671020103,0.2031764500650,-0.2388622074101,-0.0569909977330,0.2283893792845,-0.0194121009520,-0.2627803636635,0.0275615044392,-0.1081555727056,0.2547812910133,-0.0688491883967,-0.1126124376612,-0.0176405286358,0.2565935805445
