1.0000000000000,0.6323600498563,0.6077457596914,0.1337615391330,0.5845825225736,-0.0217517830455,-0.0867744576313,-0.0092929889224,0.0262241085999,0.1294095311937,0.0901372257420,0.1835637598863,-0.0108023546975,0.5927732724428,0.1110011139821,0.0736208592927,-0.0092094897558,0.1465190805605,0.0646762167615,0.1151093151631,0.1068961553963,0.2209343264904,0.2398681257113,0.0274450058766,0.0991825164814,0.1381218250592,0.1220240375764,0.0985530560217,0.0096653921470,0.1573061751004,-0.0546802575594,0.1422600154074,0.1188439193393,0.0500445075087,0.0191847768412,-0.0601906221638,0.1679625659899,0.2596775651850,0.0532039651803,-0.1283906055815,0.1512226481084,0.2105216498583,-0.0007852263775,0.1038344676869,0.2646939751585,0.2094415789323,0.3213965573016,0.2001577169845,0.1629066993650,0.2077609892632,0.7617689724839,0.4641420343575,-0.0210232565557,0.1253930592779,0.0125752109393,-0.1557473336213,0.1265636531410,0.0047394487770,0.1140758550690,0.0124516657877,0.0325632085139,0.1689452889737,0.1478645857575,0.0790687027444,0.3098045364912,-0.1502839391930,-0.1974575976599,0.0887885299488,-0.1088579775338,0.1267668572751,0.0591875816909,0.1469973892130,-0.0224716740683,0.1045874595398,-0.2183749890365,-0.0064412677789,0.0988125063042,-0.1722926867144,-0.0004092164311,-0.1723966350454,0.1207881065232,0.1282730495580,0.0322473394515,-0.2176373392494,0.2480156762911,0.0957962074438,0.1032183492109,-0.1122735196380,-0.1215885062042,0.1449957237081,0.0315671977884,-0.1661924062261,0.0908136421503,0.3120524441987,0.1671729088455,0.1220128626050,0.2244973622483,0.1789245324186,-0.0366975237401,0.0189477005003
0.6323600498563,1.0000000000000,0.7973209201739,0.3714323636871,0.4559880286622,0.1586180080793,0.1356751754801,0.1597625457148,0.1146646681821,0.0635955156659,-0.0208326648794,0.1144970535022,0.0631298096906,0.5935700986016,0.2585769732784,0.1313085780265,0.0157141755788,0.0668888018759,0.0701595273508,0.2808083739740,0.0435441889309,0.1786545324269,0.0343560032518,0.0516237203291,0.2919388018331,0.1131672594068,0.0155258768762,0.1790136093300,0.0606933120289,0.3279073464768,-0.0500129534178,0.1002273821013,0.1492482931772,-0.1969655301495,-0.0279316455353,0.0028830356191,0.2067278896781,0.3764416660770,-0.0078980994350,-0.4010987338072,0.0591111710342,0.1210143415643,-0.1128597115278,0.2184054450463,0.3600924210880,0.0773746252676,0.2999129118742,0.1319183095921,0.1031437277049,0.1171431836368,0.4065803485434,0.8070937558218,0.2783653836882,0.3251649968952,0.1350785076472,0.0819435857463,0.3646450464757,0.1926149530312,0.1529963158673,0.1548150637742,0.1763609959951,0.1623314399517,0.1449059326912,0.2564815577234,0.4843475693415,-0.1557772761000,-0.0297931414107,0.0907851792503,0.0631309357878,0.2880437513664,0.0930225800543,0.2026747573007,0.0343646989195,0.2309545651829,-0.1744463143814,0.2127631289006,-0.0056168504157,-0.1910890497701,0.0521303347081,-0.1609773673456,0.1195534233950,0.2750150848429,0.2226269495252,-0.2796265235293,0.4075121355321,0.1818547278528,0.1840365911157,-0.1223979716833,-0.2786202415811,0.3706168032818,0.0674126548739,-0.4131555786234,0.2844983187676,0.3727662585855,0.3725780049840,0.0860294012151,0.2981848791142,0.1725350599034,0.0281704813150,-0.0168646902500
0.6077457596914,0.7973209201739,1.0000000000000,0.5050411542889,0.6589985515629,0.4413895800904,0.2930780258680,0.3360155337188,0.3409044142390,0.1284157030747,0.2166135972169,0.2413893005960,0.2395245109665,0.4939778521353,0.2580826411847,0.3185264000412,0.1804817586637,0.2127861431156,0.3107294685248,0.4268828406077,0.1347118904729,0.3001831160426,0.1649335023860,0.2796469797653,0.3907888901470,0.1280287043746,0.2071119357699,0.1580333309049,-0.1070552708401,0.1277886287104,0.0942562766647,0.1638592909001,0.3024850331115,-0.2340408200383,0.1247621123791,0.1786332039983,0.3857596542708,0.4558003264204,0.0655247897202,-0.4309585526866,-0.0136515957063,0.1214059313850,0.0009855568633,0.2315697423077,0.4147584637422,0.2398483701552,0.3660600903259,0.2717607124088,0.0111668399260,0.0880569712276,0.5005231763886,0.8395157296212,0.3625595980712,0.6404951009074,0.3971536353065,0.2559466932652,0.5500369939957,0.3982004068591,0.2502029433884,0.3489733017924,0.2845891252250,0.4074146441178,0.3521643037050,0.4182476499574,0.3935441174293,-0.0965544987346,0.1510214315870,0.2972455520086,0.2541610739211,0.4729747755617,0.2041263132976,0.3444150373243,0.2341120885814,0.3831831094690,-0.0270957594191,0.1846340791060,0.1336735595267,-0.3308853336277,-0.1451957820582,0.0373656908775,0.1744598511023,0.3922250185894,0.0575355940069,-0.1310698450250,0.4569820781216,0.1151438850392,0.3391557841048,0.0300600600773,-0.2283949156621,0.4062184279429,0.1396163475693,-0.5034011830877,0.2934268985927,0.3874452713357,0.4036437695858,0.2009971810666,0.1487531117742,0.2270080919577,0.1085648102881,0.0562881819156
0.1337615391330,0.3714323636871,0.5050411542889,1.0000000000000,0.4134326337246,0.4801130240463,0.8399273205768,0.4623445335945,0.5047468670196,0.2299028171822,0.3268884412836,0.1937231770389,0.3940624098707,0.1101379825000,0.6574623766334,0.6203685886763,0.4340632996951,0.3340477489418,0.4279504751781,0.5633439390695,0.2178459893631,0.1320205176739,0.0913867760505,0.4312524254712,0.2957659725254,0.2814953685954,0.3209662501720,0.2795264459660,-0.1952252019605,-0.0342813748799,0.3532909613783,0.3391487976269,0.3786501719675,0.0255351359738,0.2207319306800,0.5074334084005,0.3205457757447,0.4928877755192,0.1439116795279,-0.1618989953268,-0.0800087052221,0.0394028531693,0.2938030538734,0.4291120654524,0.3619362987405,0.2444086983500,0.3425902550135,0.1905708617172,-0.1724011516625,0.1580376945750,0.0753608337296,0.5265426374007,0.8640104369767,0.4848078434111,0.4017055676669,0.7881585668038,0.5263924648592,0.4701852077054,0.3921440789036,0.4989984344543,0.2649117337500,0.4679311395769,0.3990917161420,0.5042281858325,0.1221338621688,0.2116870303826,0.6288733392803,0.4293064948209,0.5333943264904,0.5867807735477,0.2170132691891,0.2193845899770,0.3869526179638,0.2936770489547,0.2074496753615,0.2741202122473,0.1290141776914,-0.1352648082981,-0.3216762815449,0.3919638033138,0.1682181639180,0.4734624669461,-0.1987306726179,0.1282599468017,0.4148866024133,0.0538083001056,0.3150161046224,0.0982929412497,-0.0664939233819,0.4187806336718,0.2052493217467,-0.3593266769326,0.4495831718584,0.1395349276868,0.1436002403886,0.1814580758418,-0.1503372463711,0.0006906818036,0.2483940917452,0.1419035703254
0.5845825225736,0.4559880286622,0.6589985515629,0.4134326337246,1.0000000000000,0.5199037564797,0.3267879369897,0.3406456645092,0.3244511453547,0.2821304165474,0.3563317685097,0.2642071171848,0.2629636230017,0.3518174392019,0.2770443839171,0.1573468071472,0.2480579075966,0.2166733561822,0.1981214229639,0.2912061664846,0.1081595485469,0.3755711200536,0.1471063989117,0.2530419804198,0.1282116892392,0.0342559468423,0.0755283613138,0.1168341227406,-0.0840122262980,0.0009477754807,0.0308003067824,0.0774693273870,0.2077258825026,-0.0768704051460,0.0437978453615,0.0941536488778,0.3157631541597,0.2071864290576,-0.0151444315272,-0.2371119560388,0.0524250983171,0.1441863507865,-0.0684980866150,0.0391333084948,0.1317504656512,0.2455541794657,0.2361297972607,0.2264003352886,0.1771493160624,0.0851474029682,0.5805849372323,0.5776521943091,0.2852627600571,0.5380149975684,0.5291974883556,0.3032188469376,0.3922084202746,0.3513111183595,0.3105389240825,0.3173795701060,0.3662119209900,0.3861863466161,0.3346216723233,0.3471627614014,0.3849928521184,-0.0642012868471,0.0943753730682,0.3081185904364,0.2067811244424,0.2858132836770,0.1695818437696,0.3812033425964,0.2396861854791,0.1729705368456,0.0014394239987,0.0203079471221,0.0221082279816,-0.1970456494290,-0.0579213229444,0.1237354200380,0.1730206351744,0.2286506273834,-0.0112403076672,-0.1686282972882,0.2051543940773,0.1355339845461,0.2804489373557,-0.0276421518319,-0.1641146304824,0.1208615490376,0.0440980192718,-0.2883148031409,0.1244686335554,0.2553329474778,0.2385097741842,0.1791246899228,0.2020162343239,0.3562388680859,0.2849493204861,0.1081236454689
-0.0217517830455,0.1586180080793,0.4413895800904,0.4801130240463,0.5199037564797,1.0000000000000,0.6029829215282,0.4748998516515,0.5242621649802,0.2428056410816,0.4571021781877,0.2012217761144,0.3925732178924,0.0933040238958,0.3756691825610,0.3020567436848,0.3263441271684,0.1835506654506,0.3673018792533,0.2762539126593,0.0134244339502,0.1427967380844,0.0143954898837,0.4630758622145,0.2501320321462,-0.0816463400284,0.0899511928227,0.0108915950137,-0.1431624913443,-0.0968296872939,0.0874609827653,0.0588434036809,0.1930182386255,0.0001752269690,0.1865291317631,0.2794055089679,0.3304033399337,0.1468929495781,0.1316263416189,-0.0523411375485,-0.0165552719201,0.0928438939447,0.0973913342258,0.0347232461124,0.0913857371631,0.0419185422880,0.1013105795356,0.3950015751377,0.0286794753957,0.0175942592269,0.2035928251387,0.3717730990327,0.4298064475352,0.8333794081559,0.8933212360206,0.6000958917936,0.4500692824971,0.5123416481658,0.2610886022215,0.5042998884754,0.3931963010754,0.4159983585582,0.3293444246150,0.3872575315415,0.2932159637729,0.1143378533609,0.3107682241719,0.3652066647846,0.3245239783484,0.2770972036235,0.0810470897130,0.2235294634358,0.4106673738377,0.2367552152395,0.1049119159874,-0.1072776114218,0.0119161226103,-0.1770844638754,-0.1450547991632,0.2485627489784,0.0023045941737,0.2246249743232,-0.0425122849736,0.0554105973298,0.0950463573819,0.0290491972869,0.2662039644126,0.1700457316495,-0.0053327130784,0.0681666185649,0.2086928819690,-0.1011426084631,0.0857177195957,0.0256045752849,0.1742709622481,0.3163049094392,0.0106617963280,0.1694751941459,0.3373586907177,0.1231349178169
-0.0867744576313,0.1356751754801,0.2930780258680,0.8399273205768,0.3267879369897,0.6029829215282,1.0000000000000,0.4105330000454,0.4700465512670,0.2087657141962,0.3053920443493,0.1329224938684,0.3460782986693,-0.0055972779828,0.5748373752601,0.4909815108207,0.3829917645531,0.2162372843119,0.3770589200077,0.4093154991714,0.1657239017318,0.0645720605909,0.0033082925402,0.4234940599090,0.2400748945528,0.1703043582418,0.1901090771636,0.3095169578708,-0.1380673747850,-0.0665712931254,0.4371442309747,0.2247907463209,0.2399308089247,0.1057073569304,0.2478400754620,0.4903924676221,0.2800634500621,0.2984950893098,0.2100413727420,0.0049284971016,-0.0232287846342,0.0418357221554,0.3069822059620,0.3298192182701,0.2117726526255,0.1312951417293,0.2068346825409,0.1582695614320,-0.1236014345751,0.1110403938677,-0.0512840806839,0.3173206177098,0.8137333775449,0.5231137006239,0.5354629690467,0.8674448363141,0.3683072181560,0.3978519838872,0.2654939587939,0.4442570601431,0.2760181337548,0.3308810908685,0.3014697027125,0.3956447167236,0.1123100238146,0.3146932249667,0.6090268344412,0.3311008189707,0.4867410679864,0.4242928115576,0.1867022542852,0.1342420292327,0.3868082268797,0.2249025423924,0.3156230292910,0.1522334896826,0.0241017467423,0.0593889510514,-0.2181328543446,0.4643946267209,0.0743776643276,0.3514874087733,-0.1634796036205,0.2101830346236,0.2148164136800,0.0701750953739,0.2776884547065,0.1773505238985,0.0994987119401,0.2092250371751,0.2565378961417,-0.1508808924111,0.3482061812888,0.0871988111660,0.0446516875594,0.1590670496106,-0.1222382760668,0.0116425903926,0.3105266444184,0.1921232573955
-0.0092929889224,0.1597625457148,0.3360155337188,0.4623445335945,0.3406456645092,0.4748998516515,0.4105330000454,1.0000000000000,0.7849370414430,0.0934684876982,0.4795612982233,0.2603433651818,0.5360138121513,-0.0992163222488,0.2295381892714,0.4003542220718,0.6116296014405,0.5409595543103,0.3432585181638,0.7590957838332,0.0327413079999,0.1042047964680,0.0639716761632,0.5591652513854,0.4540722090618,0.1215319670792,0.3268042169420,-0.0433213565138,-0.2304519484784,-0.2281961321294,0.1208234533541,0.1348306776650,0.3720970172861,-0.0810821490268,0.1827925251972,0.1566965150563,0.3647286855176,0.4725254781378,0.0233076310984,-0.2862540347753,-0.2660867796580,-0.0768460453663,-0.0244525668532,0.2632239390519,0.2769954304566,0.0222417510187,0.1362657958497,0.2275777996697,-0.1823773664045,-0.1127617567092,0.1239505600634,0.2661051648144,0.3126759098078,0.4368306602185,0.4448990891391,0.4164165173350,0.7374114169024,0.9030750641400,0.7318114997889,0.7424564560791,0.2722593300442,0.5263434774712,0.4112028610036,0.5079922227931,0.0782483957445,-0.0994568303800,0.3092616614021,0.6974251819803,0.3781308074019,0.6802653094390,0.1543505590110,0.2347282038933,0.5833120953710,0.5297908518848,0.0456726664230,0.1143457512850,0.3015329011935,-0.3815168781468,-0.3356120906049,0.3922053832566,0.0582334383160,0.3798622958505,-0.2155655774866,-0.0924197037283,0.4162697688268,0.0120714406799,0.3683015171221,0.0555665584754,-0.2345843765865,0.4376794505485,0.0851352096917,-0.3646507480546,0.3350909105571,-0.0284792821834,0.0950091704350,0.1891577962371,-0.1811605375661,0.0256575849491,0.1512284908896,-0.0670520644294
0.0262241085999,0.1146646681821,0.3409044142390,0.5047468670196,0.3244511453547,0.5242621649802,0.4700465512670,0.7849370414430,1.0000000000000,0.1006027537564,0.5601971605828,0.3378957870119,0.6033880027688,-0.2032781230628,0.2043058216994,0.5065247237706,0.6132058917773,0.5231240640907,0.5890762335637,0.7149058208295,0.1297006152281,0.0461563343593,0.1647301167549,0.7765799895930,0.5133926208345,0.1228565997813,0.4852401359059,-0.0897895749890,-0.3582767538459,-0.3954787120488,0.2039213191438,0.1898191740126,0.4456677155951,-0.0179270374969,0.2674541978889,0.3395850707732,0.4631904086206,0.3946080055863,0.0323534488592,-0.2068408078476,-0.2550703074991,-0.1035669235318,0.1059205470245,0.1915749471845,0.1912879361417,0.1523804579727,0.1548488957676,0.2735832193975,-0.3598003470352,-0.1447280095439,0.2078245474909,0.1817917839816,0.3223060528671,0.5244264578724,0.5037788142944,0.5393449016760,0.7182003070680,0.8073187374443,0.6930477000475,0.9417675178812,0.2510256914702,0.6653298925100,0.5571281575999,0.5989441499826,-0.0673315812819,-0.0908313973016,0.4182764422593,0.7132011611940,0.5526859818766,0.7527100367305,0.2397187431528,0.2431189524180,0.7973538355517,0.5822011375402,0.2001608757620,0.0814194786678,0.4459994730281,-0.2838947940578,-0.4537954516541,0.5114941706628,0.1349703765767,0.4374595478964,-0.3974302150969,0.0498105010313,0.3257322046289,-0.0044835691036,0.4201207268352,0.2002434735914,-0.1585437025441,0.3356942004581,0.0775466626070,-0.3030575298911,0.2515680345136,0.0267963355311,0.1495979287971,0.2026026972368,-0.3715577924204,0.0551450916884,0.1017018031887,0.0148377866982
0.1294095311937,0.0635955156659,0.1284157030747,0.2299028171822,0.2821304165474,0.2428056410816,0.2087657141962,0.0934684876982,0.1006027537564,1.0000000000000,0.4518183261660,0.5518086537112,0.3145401850766,0.1955998008548,0.3818998863698,0.1119314462191,0.1952049544232,0.1217676391643,-0.0050975956041,0.1547822441330,0.4605260229478,0.6376767423626,0.3848078985854,0.0783306396824,0.1876932180901,0.2710758254610,0.2228008155322,0.0832827294094,-0.0356688369810,0.1089827310460,0.2077033412605,0.2618897483080,0.4221322367684,0.0749543849396,0.0514425522842,0.0553362583810,0.1367201891916,0.0685489306361,-0.1360608755599,-0.0991465296392,0.0249266879786,0.3019641315679,-0.0985069049888,0.1143633623293,0.1192828865368,0.2357213498816,0.2001190910981,-0.1234205952993,0.1051505224471,0.3895656886239,-0.0060810528800,0.1548387686263,0.2201606469561,0.1594635619557,0.1839513883946,0.1434117174658,0.2035893148020,0.0716436050162,0.0678945076683,0.0520488138272,0.6694389140440,0.2930634580532,0.3370390597169,0.2114428751652,0.0928668842475,0.1293134189044,0.1704441845924,0.1175949902358,0.1808695728733,0.0901715732256,0.4569266564626,0.5320638014914,0.1703766857313,0.2780945691382,0.1889787164190,0.1790601842223,0.0948451184159,-0.1303343460134,-0.0861554468057,0.2357823644278,0.3018522700386,0.3489662776293,-0.0472799348245,-0.0864933757201,0.1762774597990,-0.0034673435222,0.1430917101773,0.0626471410363,-0.0275919811388,0.1004327568897,-0.0240609344094,-0.0181696526069,0.2295702370592,-0.0018517472550,0.0446315531605,-0.1268604420105,-0.0248036813522,0.0936081650986,0.3160098100940,0.3932295510138
0.0901372257420,-0.0208326648794,0.2166135972169,0.3268884412836,0.3563317685097,0.4571021781877,0.3053920443493,0.4795612982233,0.5601971605828,0.4518183261660,1.0000000000000,0.7035560755298,0.5804849560390,-0.0185321084029,0.2123076071921,0.3179441601443,0.4693638817724,0.4528621489714,0.3174488628203,0.4110811981390,0.3375456538682,0.3362604515896,0.4247939774007,0.5252783155842,0.3426669983923,0.1527626420768,0.4383154644725,0.0300192235466,-0.2280495209110,-0.2725007902398,0.1586142121144,0.1456452778503,0.3835730569650,0.0581052964823,0.2263676735840,0.2482177886768,0.3915337638392,0.1678255905910,0.0148738735325,-0.1132612749983,-0.1114075763044,0.0883170885201,0.0380251170698,0.0072371691292,0.1078033175800,0.2214985616727,0.1092482330099,0.2188371494706,-0.0954570981856,0.0492307991603,0.1640345752689,0.1206713085684,0.2234747409485,0.4088346626294,0.3891126389511,0.3091130019284,0.4901438699787,0.4603491876631,0.3717488357665,0.4665453392193,0.4332429434348,0.6864479329351,0.6191695081630,0.4786106626853,-0.0192556216272,0.0374883187781,0.2727371873646,0.5163590909916,0.3444657624140,0.3911634436328,0.3933451776568,0.4248753687295,0.5578608136736,0.4703531705048,0.1627604309398,-0.0335376831870,0.3371663455566,-0.2023447125607,-0.2923302467687,0.3902862778987,0.1191436671011,0.3244822420551,-0.3249771986302,0.0062441962457,0.1612319919257,-0.1646630665199,0.3670577053592,0.1950917859768,0.0043860761373,0.1106378437560,0.0789143571973,-0.1456562769093,0.0610225816690,-0.0821693128401,-0.0436053802808,0.1623479633549,-0.1723766583249,0.0355004093045,0.1609875078978,0.2147940275766
0.1835637598863,0.1144970535022,0.2413893005960,0.1937231770389,0.2642071171848,0.2012217761144,0.1329224938684,0.2603433651818,0.3378957870119,0.5518086537112,0.7035560755298,1.0000000000000,0.5487717047677,0.1080046187280,0.0906439691550,0.2907744772738,0.3671089787692,0.4074525470155,0.2558488059967,0.3237801563099,0.5806088772121,0.5105069186171,0.7037755617677,0.3767465887245,0.3317444598961,0.3737681469640,0.4875814078844,0.0982997294898,-0.0814847728225,-0.1353154865637,0.2905546059386,0.2742433658684,0.2875466034621,-0.0027076990554,0.2770962267471,0.1416412592939,0.3744394586599,0.1181771751118,-0.0723259839785,-0.1692278346631,-0.0931765944197,0.0413534382509,-0.0923432281385,0.0206572337335,0.0824513407756,0.3493959603101,0.1902747179402,0.0477848343950,-0.2094098483453,0.0745302650716,0.0840967392828,0.1771012961360,0.1049075818808,0.2757817229963,0.1271244132443,0.1367012407472,0.4095146774532,0.2656637313805,0.2392476131720,0.3084587814047,0.4449833227251,0.5911646600580,0.6744769363149,0.4270697371181,-0.0420640138245,-0.0737705857588,0.2195137278185,0.3612518819614,0.3129541301172,0.3105849182631,0.6293971114511,0.5799255051318,0.4660022554860,0.4890256540285,0.2326718306266,0.2356642454909,0.3761076497324,-0.2011142880863,-0.1384255080610,0.3665702341776,0.2464414998208,0.2957699378305,-0.2921861044166,-0.0796510825925,0.1573046591834,-0.1966802737947,0.3424433644608,0.2762520684561,-0.0589112243670,0.1191468970610,0.0024813023375,-0.1849715615319,0.0750651993479,0.0238801802680,-0.0606134623350,-0.0147564702851,-0.1987885669717,0.0080359038531,0.0113975256144,0.2503980954608
-0.0108023546975,0.0631298096906,0.2395245109665,0.3940624098707,0.2629636230017,0.3925732178924,0.3460782986693,0.5360138121513,0.6033880027688,0.3145401850766,0.5804849560390,0.5487717047677,1.0000000000000,-0.1385749390736,0.2425717950754,0.3788686009097,0.7790451657933,0.5069872329219,0.2491670478880,0.5882887398952,0.3503715186088,0.2393674332054,0.2086401154090,0.4892876637755,0.3904625338002,0.2976601932392,0.4936726202696,0.0736326240905,-0.2964317025351,-0.2294093884975,0.2642092611652,0.2699122933450,0.5753037573269,0.0055435469431,0.1759440015167,0.1703798991697,0.3664202016712,0.3814154559925,-0.0310876264665,-0.1912454543826,-0.3462032055749,-0.1006687380418,0.0489497184734,0.2736669179005,0.2791903267057,0.1981638679084,0.0960008094226,0.1131305924444,-0.3286349354563,-0.0196089931893,0.0131573841443,0.1476759679155,0.2484958648366,0.3399466175717,0.3192383175166,0.3683071558163,0.7062961426851,0.5534794703535,0.5028288967708,0.5896199367831,0.4233625269916,0.6763312810731,0.7927141054791,0.8800777408287,-0.0745919842315,-0.0474026390182,0.3248903881898,0.7503369337893,0.3538419421352,0.5752844290583,0.5226060099188,0.3074458892762,0.5063642753803,0.5284016326179,0.1749191327979,0.2606695013892,0.3792790230488,-0.2629477798515,-0.4381964176769,0.4310168377751,0.1276902945457,0.6065422804288,-0.4160547324920,-0.0249210104074,0.4420199600369,-0.1301415555067,0.3268568449750,0.0900107158543,-0.1264360087714,0.3607108063424,0.0081419160244,-0.3069700323929,0.3340867608207,-0.1522101363680,-0.1228020725143,0.0038569894308,-0.4044106027684,-0.2353402537218,0.1523997466530,0.0913594271186
0.5927732724428,0.5935700986016,0.4939778521353,0.1101379825000,0.3518174392019,0.0933040238958,-0.0055972779828,-0.0992163222488,-0.2032781230628,0.1955998008548,-0.0185321084029,0.1080046187280,-0.1385749390736,1.0000000000000,0.3263758077185,0.0414518665806,-0.1644720084641,0.0139896994651,-0.1092332213753,-0.0301585262902,0.0915697201334,0.3118492136185,0.1794154822125,-0.1499397765455,0.1692097732569,0.1786207241606,-0.0267150779694,0.3068346367730,0.2724248708396,0.6585774030164,-0.0581985953565,0.1530971494215,0.0174226977504,0.1006329586839,0.0614540054068,-0.0762738643310,0.0145544428814,0.2170590288856,0.0639066611326,-0.0500078284933,0.3179785031621,0.3722678627918,-0.1257308244987,0.1333059396883,0.3081419116257,0.0906611738217,0.3253268142621,0.1547758904358,0.4055179037009,0.3051667206937,0.4524496630008,0.5564368722157,0.0175773925563,0.1348181406134,0.0695330623637,-0.2143316805998,0.0572883062973,-0.0974668776593,-0.1197686858377,-0.2298164047499,0.0849295819050,-0.0222368416147,-0.0250167132840,-0.0413470440593,0.5283764812414,-0.0745486478215,-0.2418065761215,-0.0973753787244,-0.2154283328334,-0.0836652531157,0.0569314156199,0.1540915437879,-0.2026469800294,0.0861430521926,-0.2684005314886,0.0214052025101,-0.1252658500243,-0.0624378081100,0.2112478839757,-0.2965810658134,-0.0373383373057,0.0898213955400,0.2933429089662,-0.2958201764734,0.2547954784006,-0.0125250965372,-0.0422152342890,-0.0802109201683,-0.1497412447848,0.1654934587695,0.0813814575089,-0.1416018376614,0.0857569283182,0.2727904261347,0.0312155190300,0.0967925652007,0.4426283758652,0.0071075995381,0.0596305222106,0.0878353076653
0.1110011139821,0.2585769732784,0.2580826411847,0.6574623766334,0.2770443839171,0.3756691825610,0.5748373752601,0.2295381892714,0.2043058216994,0.3818998863698,0.2123076071921,0.0906439691550,0.2425717950754,0.3263758077185,1.0000000000000,0.4282597858330,0.3366020604269,0.2656730820770,0.1633673611068,0.3977575233192,0.2441354358356,0.1224510272986,0.0245184889592,0.2421492146322,0.2493307069852,0.3378560201252,0.2716249440916,0.3412895846208,-0.0861319946770,0.2166937614328,0.2880910186151,0.3747319202288,0.3730745151283,0.2124603291578,0.2047985444626,0.4481336918559,0.1585228080248,0.4150636792558,0.1798101478332,0.0736610118811,0.0888608345394,0.2724041712041,0.3667020241465,0.4149477431163,0.3832739048423,0.1389426393458,0.2964821510348,0.1660128078464,0.1088384982064,0.5153170899538,0.0657367742603,0.3596883530825,0.6220800619082,0.2020785524830,0.2771441094625,0.4301308983327,0.2243360689734,0.2056928985400,0.1845294978556,0.1699670920400,0.2509275370645,0.2380266454155,0.1752424544301,0.2558459477122,0.2606119206565,0.4341820824097,0.4199159258190,0.2105823592866,0.3193973584340,0.3465978740878,0.1750960983267,0.0999909332459,0.1851963733361,0.2358131437057,0.1552934460787,0.1803195788532,0.0247173583297,-0.0246508856561,-0.2280260695721,0.2726534220961,0.0512750969539,0.3947966686546,-0.0300685981970,0.1352587723743,0.4029268328557,-0.0682342464334,0.1220671466854,0.1011618107251,0.1272857266836,0.3970869739003,0.2130056863987,-0.1394622068633,0.3960116665079,-0.0369025662903,-0.0800912431184,0.1728822568004,0.0289633821859,-0.1492412488715,0.3030830846334,0.2912546756319
0.0736208592927,0.1313085780265,0.3185264000412,0.6203685886763,0.1573468071472,0.3020567436848,0.4909815108207,0.4003542220718,0.5065247237706,0.1119314462191,0.3179441601443,0.2907744772738,0.3788686009097,0.0414518665806,0.4282597858330,1.0000000000000,0.5353389280458,0.6913758991423,0.6603906149159,0.5441645903579,0.3589014028155,0.0879417985484,0.3182550799935,0.6054972863703,0.2430107574379,0.3260921485681,0.5394809494514,0.0892324208290,-0.2799741973067,-0.1064295569104,0.6329349057806,0.5430966481206,0.3726022993511,0.0605521773156,0.6728840101417,0.6257473357533,0.4707111890336,0.4673446284943,0.3497586605840,0.0438333558436,-0.1251301115486,0.0772800449917,0.4480222703581,0.2724723281594,0.3784623577857,0.3208497751042,0.3047655869983,0.3097042205819,-0.2527469937427,0.1608368559804,0.0167087768160,0.2560128011481,0.5071009889333,0.3730969706460,0.2204777724720,0.4979111370736,0.3841646678306,0.3765108085393,0.4709251903860,0.5061459044312,0.0812523542901,0.4050833769077,0.3336356695486,0.3633607142695,-0.0033640551485,0.2547665975878,0.6946898573858,0.4289633411135,0.5848632749989,0.5161371594661,0.2510185071177,0.1656545209992,0.5884583801495,0.2843493183572,0.4051546100043,0.2237964293047,0.4453478807881,-0.2188353532799,-0.3284285317466,0.6022494592013,0.2319587719785,0.3417435020642,-0.2235157707394,0.3671703877385,0.3176486190363,-0.0231164389900,0.4316546203910,0.5235993150777,0.0943833048034,0.3797507848685,0.2754054495382,-0.1179383381552,0.2536122962465,0.0175151079954,-0.0014799511359,0.3293405898546,-0.3087169588391,-0.1100648347960,0.1187700704929,0.1545541670574
-0.0092094897558,0.0157141755788,0.1804817586637,0.4340632996951,0.2480579075966,0.3263441271684,0.3829917645531,0.6116296014405,0.6132058917773,0.1952049544232,0.4693638817724,0.3671089787692,0.7790451657933,-0.1644720084641,0.3366020604269,0.5353389280458,1.0000000000000,0.7252320552048,0.3178115264329,0.6425702537132,0.3976264951633,0.0773272955708,0.1185286393034,0.5859098558251,0.2351053601532,0.2279286412563,0.4633206948368,0.0467339216007,-0.3706996061538,-0.2649624087612,0.4458708572698,0.3024219502826,0.6888277397362,-0.0232942009765,0.3068034725391,0.2801535854838,0.4376566308515,0.4196638219742,0.0814947302983,-0.1921371169096,-0.4569068175372,-0.1385240000317,0.1457414217947,0.1971681426347,0.3059987083844,0.1336714642387,0.0201965584303,0.1454990629642,-0.2939717051712,0.0379318242878,0.0748192703006,0.1326717445142,0.2903222084239,0.2963262481144,0.2704108210105,0.3739116494409,0.6107880245334,0.5666397172242,0.6206587068729,0.5823618649984,0.3668403234993,0.5794895384921,0.6424104540365,0.6815115619711,-0.0305638938578,0.0222797407225,0.3719247850913,0.7966893979195,0.3782704569946,0.6075163160850,0.4253478798429,0.2467216448267,0.5714210864317,0.4232768659420,0.2285586301256,0.2068786745795,0.3776005589045,-0.1969419048433,-0.4626714691252,0.5539018649335,0.2014369586225,0.5845971129317,-0.3753208733563,0.0034067373836,0.4463580949965,-0.0927498955376,0.4367748969621,0.1585270282684,-0.1145527479282,0.3610885463864,0.0613238694134,-0.2934611459007,0.2597972812628,-0.0934102300403,-0.0668089031091,0.1107123658921,-0.3744978819854,-0.2423374506287,0.1825168393527,0.0725455161489
0.1465190805605,0.0668888018759,0.2127861431156,0.3340477489418,0.2166733561822,0.1835506654506,0.2162372843119,0.5409595543103,0.5231240640907,0.1217676391643,0.4528621489714,0.4074525470155,0.5069872329219,0.0139896994651,0.2656730820770,0.6913758991423,0.7252320552048,1.0000000000000,0.3994202740468,0.6047499027213,0.3294237371005,0.1327223869653,0.3787334829816,0.6407446469417,0.2168657494855,0.2587806098694,0.5116585559494,0.0006809811068,-0.2686992361528,-0.1455616338225,0.4547688859687,0.3506968904650,0.4491991858840,0.0268067374057,0.4845196862930,0.3045451435169,0.5049421316180,0.3645501006685,0.2392262682647,-0.0674432142038,-0.2261220850335,0.0350580414057,0.0954048247177,0.1122454607456,0.3024686554388,0.2425552832526,0.1814248703637,0.2124107574203,-0.2022670089076,0.1151275165229,0.1782577457425,0.1429209897473,0.1827223820309,0.2316259254834,0.1239344559665,0.1839703470373,0.4751561977502,0.4890812759345,0.6467888269076,0.5063379574099,0.1118070754947,0.5225813216219,0.4387039579163,0.4177242706708,0.0041765883394,-0.0506186098857,0.3489328004743,0.6527197433890,0.3625376055068,0.5200449617375,0.2700961140809,0.2544036227693,0.6318047429522,0.3497091525003,0.1841189752964,0.1709124868271,0.4869001302456,-0.2412027063082,-0.2953991126692,0.5642162268220,0.2134577556123,0.3042316064367,-0.2538632880688,-0.0057895037639,0.3542482513918,-0.0704960220892,0.5000988102346,0.3185361683364,-0.1154371085117,0.3262352517072,0.1602725472257,-0.1861341886468,0.1081607164372,-0.0173959789194,-0.0700245761819,0.2236762290031,-0.2390202876871,-0.1140529591835,0.1049406301647,0.0619123032098
0.0646762167615,0.0701595273508,0.3107294685248,0.4279504751781,0.1981214229639,0.3673018792533,0.3770589200077,0.3432585181638,0.5890762335637,-0.0050975956041,0.3174488628203,0.2558488059967,0.2491670478880,-0.1092332213753,0.1633673611068,0.6603906149159,0.3178115264329,0.3994202740468,1.0000000000000,0.3182402149026,0.1230047010721,-0.0180822166332,0.2079924800297,0.5869772004681,0.2142381640461,0.1024171335026,0.3440903353285,-0.1068795868540,-0.2800215757051,-0.3596473947101,0.4018996457863,0.2539968160188,0.1419320395175,-0.0923960226129,0.4205440176096,0.6360409890539,0.3457700330209,0.1750544997660,0.1809684051437,0.0199351120226,-0.0904007548358,-0.1489665781515,0.3877105505157,-0.0210270580024,0.1198780589208,0.2127249183564,0.0826245557838,0.2505250130485,-0.2814826100072,-0.1705950207731,0.1221290010237,0.1781819351741,0.3554823616649,0.4913474717707,0.3520342709103,0.4786209220005,0.2463883433926,0.3825708764415,0.2337693177943,0.5930353351903,0.0494521439514,0.3437561668756,0.2975921616220,0.2273053866274,-0.0368486447836,0.1221650637317,0.6049222602900,0.2977027423290,0.7304392715023,0.4345204042844,0.0963065001191,0.1538396779200,0.5531770723841,0.1742903146887,0.3703786052295,0.0913139291414,0.2547445273300,-0.1126136468487,-0.2558489803386,0.5037438575428,0.2000738899117,0.0862831166898,-0.2428727133811,0.3928770903991,-0.0475793908803,0.0600121868001,0.2940082776417,0.4585790511787,0.1028155665486,0.0679043668408,0.1472612787954,-0.0233666346213,-0.0074892493730,0.0409494837270,0.1487723402811,0.2534309955674,-0.2704492904318,0.1654388271156,-0.0416997567772,0.0387222260518
0.1151093151631,0.2808083739740,0.4268828406077,0.5633439390695,0.2912061664846,0.2762539126593,0.4093154991714,0.7590957838332,0.7149058208295,0.1547822441330,0.4110811981390,0.3237801563099,0.5882887398952,-0.0301585262902,0.3977575233192,0.5441645903579,0.6425702537132,0.6047499027213,0.3182402149026,1.0000000000000,0.2679422915922,0.1773758170701,0.2128323231804,0.6357584834054,0.6514627758307,0.3994373181707,0.6150572710870,0.1613289079602,-0.2823357837290,-0.1859897427997,0.3376786374678,0.3815969125512,0.5643878425571,-0.0483552714546,0.2835793950619,0.3706865630901,0.4798392313468,0.7569480366485,0.1110746435634,-0.3172678135279,-0.2311316158793,0.0663193695414,0.1687600729496,0.5419213711362,0.5398361411376,0.2439874717083,0.3447356812163,0.2142431928230,-0.2631164274422,0.1268368648740,0.1266548411108,0.3276173449333,0.3766574425403,0.2914213250665,0.2082403831061,0.3806702151409,0.7376252194373,0.6949103189713,0.7223215101585,0.7026596571334,0.2153466091696,0.5854863902378,0.4903632178042,0.6007123156114,-0.0286145079201,-0.0099365317512,0.4430960698244,0.6742289016364,0.4811390571696,0.9005209122952,0.3226921601336,0.2812402108683,0.6409760723295,0.7195475854744,0.1828609108787,0.3070738019254,0.5108556297292,-0.3560006813006,-0.4469287889745,0.4790706214524,0.1325026915387,0.5888457624353,-0.3039130473797,0.0211641193982,0.6806209390779,-0.0873825813825,0.4450594117059,0.1476826720312,-0.2144566893708,0.7282405358105,0.1296964697319,-0.5168507650358,0.5677766751747,0.0577735924157,0.0750634465096,0.1833662236942,-0.2500531264603,-0.0888916025050,0.1173353526574,0.0348046367293
0.1068961553963,0.0435441889309,0.1347118904729,0.2178459893631,0.1081595485469,0.0134244339502,0.1657239017318,0.0327413079999,0.1297006152281,0.4605260229478,0.3375456538682,0.5806088772121,0.3503715186088,0.0915697201334,0.2441354358356,0.3589014028155,0.3976264951633,0.3294237371005,0.1230047010721,0.2679422915922,1.0000000000000,0.3651840052504,0.5014339227706,0.2952949484754,0.2261757049067,0.5036785670686,0.5325932074246,0.1458796420659,-0.1785590531881,-0.0245923372297,0.5930737729243,0.4137144098240,0.4571332786122,-0.0002019709801,0.3785491900212,0.1791026361360,0.4555889677312,0.1624137631640,-0.0190843394485,-0.2260581701310,-0.1740408952475,0.2011106378984,0.1329314701022,0.1184137850412,0.2424134377966,0.3974449982915,0.2055682184288,-0.1777831869828,-0.3097607082153,0.4324903315193,-0.0092165739028,0.1615258509733,0.1707665256272,0.1283822478493,-0.0813530841370,0.1599298358555,0.2413500492518,0.0333627462928,0.1397092532026,0.1192134533188,0.3650116410122,0.3224506086462,0.4212590367358,0.2947014132938,-0.1301351863420,0.0275125916276,0.2801939439696,0.1973538223903,0.2357755675406,0.2527027295226,0.7013420581193,0.3967944985577,0.3428106322413,0.3976660692439,0.3586616178002,0.4327933567548,0.4089430004243,-0.1428951357355,-0.2597424546416,0.3589967117359,0.4269506460205,0.4424410107113,-0.3097480173894,0.0350839094461,0.3128817429500,-0.1376996463576,0.4039189419802,0.3460122690533,0.1048067649065,0.1925510263280,-0.0576077762334,-0.2580223039179,0.1865189805451,0.1336611712508,-0.0392664393474,-0.2209155530503,-0.3071901226816,-0.1499596765541,0.1131592903594,0.5339204218428
0.2209343264904,0.1786545324269,0.3001831160426,0.1320205176739,0.3755711200536,0.1427967380844,0.0645720605909,0.1042047964680,0.0461563343593,0.6376767423626,0.3362604515896,0.5105069186171,0.2393674332054,0.3118492136185,0.1224510272986,0.0879417985484,0.0773272955708,0.1327223869653,-0.0180822166332,0.1773758170701,0.3651840052504,1.0000000000000,0.5028232103758,0.0599712876955,0.2152879611978,0.2729067760461,0.1952619109695,0.1329686456677,0.1289672228646,0.1557720750411,0.0920785367945,0.1932304979339,0.2047762445183,0.0733001977540,0.1067344234514,0.0342831840333,0.2354207431840,0.1339744579460,-0.0562226539077,-0.1546162948960,0.2721675086619,0.2142083746725,-0.2647658529188,0.1407565839685,0.2004281131971,0.4681586281092,0.4043920111440,-0.0712579595819,0.1737119341148,0.1828067888030,0.1019666726133,0.2543436255693,0.0434194384880,0.1568477970505,0.1183976337418,-0.0119772679146,0.2690459454408,0.1155946843209,0.1316522902350,0.0413463158969,0.4995982351328,0.2729963809240,0.2826582848185,0.2277038197489,0.1295086947873,-0.1041538977772,0.0353869368223,0.1352496174064,0.1220895023856,0.0840423758980,0.4173193362239,0.7105249882750,0.1301850638425,0.2451768490346,0.0837361943237,0.1827947555786,0.1162406096708,-0.1597453102883,0.0620641590560,0.1143960168602,0.2434440588601,0.2333489232011,0.0352378605324,-0.2391388344164,0.2389132696504,0.0973233541320,0.2023594877069,0.0304549827342,-0.1592195249218,0.1506513335137,0.0183727951379,-0.1679068036492,0.1777973355604,0.2431828082658,0.1483101070087,-0.0455895938202,0.1605887301645,0.2908274081149,0.2046978946457,0.2266897856332
0.2398681257113,0.0343560032518,0.1649335023860,0.0913867760505,0.1471063989117,0.0143954898837,0.0033082925402,0.0639716761632,0.1647301167549,0.3848078985854,0.4247939774007,0.7037755617677,0.2086401154090,0.1794154822125,0.0245184889592,0.3182550799935,0.1185286393034,0.3787334829816,0.2079924800297,0.2128323231804,0.5014339227706,0.5028232103758,1.0000000000000,0.2790339109625,0.2056076643613,0.4964323442705,0.5508661868223,0.1287423064897,-0.1011642255352,-0.0939279306595,0.2959212598413,0.4582401695022,0.1636443762644,0.2430445330870,0.3341809360978,0.1281868485281,0.3400038387778,0.1270044639218,0.0545734730364,0.0780847153120,0.1639258791466,0.1449385780252,-0.0040843672874,0.1041994634759,0.1369495740939,0.5570967762389,0.4814499231907,0.0175494617191,-0.1856529831618,0.1863014473718,0.1163018875034,0.0517536084862,-0.0259072152891,0.1004887220829,-0.0544941225681,-0.0005252925520,0.1774257656653,0.0611446716403,0.1735052528019,0.1408537864338,0.0977537981224,0.4061199136750,0.3876553454246,0.1173030142967,-0.2083405946936,-0.1545078026601,0.1458135523340,0.1530755330136,0.1739758877417,0.1588555235912,0.3873118486834,0.5286056788986,0.3398432433927,0.2991968175301,0.1699426610544,0.2404595697255,0.4668390906253,-0.1497530091967,-0.1234985958637,0.2373069778938,0.3591552868373,0.1155170912261,-0.2964495007966,-0.0048802149575,0.1210199492709,-0.0345204361514,0.2866120392030,0.2627266096155,-0.0383151849693,0.1069163002205,0.0203852853110,-0.0266059297244,0.0699054152825,0.2066786880501,-0.0214594667318,0.0086443008213,-0.1404284055121,0.0353955199761,-0.1210212159396,0.2068567690673
0.0274450058766,0.0516237203291,0.2796469797653,0.4312524254712,0.2530419804198,0.4630758622145,0.4234940599090,0.5591652513854,0.7765799895930,0.0783306396824,0.5252783155842,0.3767465887245,0.4892876637755,-0.1499397765455,0.2421492146322,0.6054972863703,0.5859098558251,0.6407446469417,0.5869772004681,0.6357584834054,0.2952949484754,0.0599712876955,0.2790339109625,1.0000000000000,0.3878888948402,0.1415835992299,0.5490374918086,-0.0409938687113,-0.2821629353452,-0.3501003335660,0.4175703123895,0.2325018824075,0.3638174475188,-0.0024031793142,0.4640015650976,0.5492172008363,0.5898388683461,0.3482363855636,0.2479356004283,-0.1248250996744,-0.1741016236738,-0.0136544355208,0.2386033958744,0.0704536672743,0.1733372457361,0.2785485710982,0.1463932866061,0.3638883475232,-0.2556828223223,-0.0001985854276,0.1753743059602,0.1443279453771,0.2935932419029,0.4940987482014,0.4112079664715,0.4544121011865,0.5221283788516,0.5540612876438,0.5596158599284,0.7356558771631,0.1369282144914,0.5816242051267,0.4779707254078,0.4539577311751,-0.0714952919434,0.0472308053833,0.4606309088655,0.5805352465889,0.5480598584792,0.6439723119328,0.2400345385632,0.2470173818151,0.8541178037767,0.4803946301397,0.2860049112104,0.0663273224647,0.5018442804378,-0.2120944060299,-0.3340262069877,0.5934871482360,0.1116485487963,0.3107533604790,-0.3339971131205,0.1299807588053,0.2232536740587,-0.0929517333552,0.5147941338998,0.4553470937775,-0.0404940912563,0.2451353700049,0.2379997594587,-0.2343403314616,0.0875970353729,0.0738709897036,0.0971837696565,0.3338995829238,-0.2689078758375,0.0739387093141,0.0938168566081,0.1097016342189
