1.0000000000000,0.6796870139753,0.7838609268451,0.8164142385446,0.8442308399570,0.8137660121108,0.8413392084963,0.4768012566643,0.4475199954119,0.5715532510788,0.5790038194232,0.5427617100979,0.3680954895540,0.8772229192659,0.8118521671218,0.6914656326362,0.4822880656980,0.6161292738479,0.5537763030603,0.4836174993855,0.6358992236170,0.3561488349985,0.5026143930774,0.6213497941390,0.0979371666382,0.1289743206431,0.2557750844904,-0.3419945142799,0.0697384629480,0.4411665199120,0.6262195252715,0.1860840966469,0.2766720115138,-0.0637481720098,0.6513067654758,0.5890328387244,0.4256623147854,0.2181379722432,0.5563042921549,0.2146496355755,0.4564224215232,0.6372985679425,0.6466713624486,-0.0627760773472,0.3256371753704,0.1982569797912,0.3416425318253,0.6679412654113,0.6487045750996,0.7268303338937,0.8596919929402,0.7231161182473,0.6977748111663,0.7445092115843,0.6961608677380,0.7913126258120,-0.0855164147565,-0.1069715338242,0.2417110650287,0.5112175895511,-0.5570565428587,0.2429508360047,-0.2658868523256,-0.2823927790420,0.3490619367150,0.0251398983606,0.4722328861465,0.0803196233023,0.4454424343887,0.0000702784845,-0.2945946503593,-0.2972233562441,0.5013362864205,0.1567961927917,-0.2164903996486,-0.5600346040836,0.0182557722707,-0.5024328951595,-0.2594182175786,0.2294339059867,-0.5610970239563,-0.3768563887245,-0.4851588648876,0.2531084483976,-0.5109238514436,-0.4760100910037,0.2635966856246,0.5907615098726,0.0769897353330,-0.1435507457706,0.5431696840562,-0.3716198500483,-0.4370840448111,-0.4856138506894,-0.5876045271909,0.4979575605065,0.1447668396391,-0.4101051000023,-0.3308202627095,-0.0938545250031
0.6796870139753,1.0000000000000,0.5633109549460,0.6498978194722,0.5529918012680,0.5830181856490,0.5794492018481,0.3736249138976,0.2243223958419,0.5519169685123,0.4782243574347,0.5076964436021,0.2422962653827,0.8345485578171,0.7902245155514,0.5082210627242,0.3205463186832,0.5094309481061,0.3381318025440,0.2547793937439,0.4516541460857,0.4467405629589,0.4973514513192,0.3949820624067,0.2088212094446,0.2395236332836,-0.0036097253374,-0.0820547089601,0.4125958632217,0.7984142505955,0.4362051142605,0.1209019776180,0.0483823012743,-0.0587328298937,0.4866625176070,0.3520786545050,0.2145446845500,0.2014785205435,0.3200460933689,0.2505169374197,0.4915179865217,0.5824951956961,0.4369685656539,0.2756046083136,0.3525218699987,0.2762864782875,0.3513654792600,0.5407866593930,0.7083979841520,0.6637016244882,0.6429306801169,0.7037577590670,0.4463661841240,0.4864549897535,0.4848636625551,0.5135390463954,-0.2651622030459,-0.2545483808609,0.0394308772884,0.2247656900506,-0.5108820555747,0.0016042071866,-0.4137653733809,-0.4733963300349,0.3245055132156,-0.1955662182887,0.1780169304481,-0.2045543341157,0.2109481228400,-0.3149481033420,-0.4792856696174,-0.3114998883000,0.1986402611033,0.0202434730135,-0.4779347663737,-0.1643922252977,-0.1711690051579,-0.4392807424803,0.0880638197350,-0.1083668099855,-0.5691810734982,-0.5601235312560,-0.1559523159570,-0.1023701611231,-0.1959143153956,-0.4862936670168,0.0179873669329,0.3357894244379,-0.2638548714131,-0.2302952486867,0.3196385954598,-0.3061579710753,-0.2271281076764,-0.4548122610942,-0.5873215247847,0.2431423340712,0.3698702947689,-0.4045566928678,-0.3901406976138,-0.2543517972769
0.7838609268451,0.5633109549460,1.0000000000000,0.7412507266577,0.7214455306216,0.8558449980013,0.8025318487911,0.4300690674713,0.4361456379332,0.5639526503014,0.4412894189238,0.4207635230201,0.3521260144131,0.6734539196306,0.6841134145643,0.5941776353262,0.3836935873155,0.4254691818540,0.4993484280264,0.4759191118338,0.5543230014690,0.3013785307671,0.4104385163666,0.5104709479516,0.1000492370147,0.1192653147438,0.3505889229892,-0.2063353716343,-0.1250954059728,0.2712835570973,0.5065803566507,0.2436041915218,0.2968033788724,0.0425577739171,0.5578257290971,0.5736933312316,0.4148204366537,0.2184103425085,0.5341740616806,0.2495384044852,0.2918036527916,0.5610888431381,0.6009635520553,-0.1060870336738,0.3487663166676,0.2160638507890,0.3034287026439,0.6551402140394,0.4629551009474,0.6742069236260,0.6710425075746,0.7021275238761,0.6676902087094,0.8924710797766,0.6952752007476,0.7235930947318,0.0111247551115,0.0134663650730,0.2326164823625,0.5025451571627,-0.3292255687573,0.3225518362173,-0.0892773981222,-0.1067503898378,0.2657699463941,0.1952909192219,0.4792534804785,0.1005010686420,0.4173385097699,0.1112355944871,-0.1265070225734,-0.0898694441738,0.4352597444431,0.2346476894417,-0.0970596047918,-0.4749719711385,0.1020385343701,-0.3073596092519,-0.3114659864338,0.2518543387512,-0.3411399112868,-0.1709723011451,-0.4007969159295,0.3366894222951,-0.3862732208063,-0.2945328520886,0.2633288650200,0.5693379234010,0.2111837415525,-0.0331269701563,0.4915166055382,-0.2079753782904,-0.3870713954437,-0.2866383094140,-0.3927168140594,0.5362834938760,0.0391116242422,-0.2855131111372,-0.2147804787804,0.1027075031100
0.8164142385446,0.6498978194722,0.7412507266577,1.0000000000000,0.7536384497560,0.7723884645652,0.8866147599440,0.6336793100852,0.5785586934530,0.5894798198943,0.7113798301156,0.6438145245325,0.5080260438942,0.7847801185474,0.8246524161179,0.8160840301004,0.6129604016960,0.7023995265750,0.7237473570400,0.5848813338756,0.7156356156019,0.2904726240863,0.5947547402584,0.7509412707552,0.0791467754642,0.2953424121855,0.3751447975382,-0.2230460828731,0.0769598772750,0.3851465462969,0.6877894501947,0.4028514261601,0.4331984083610,0.1306648975505,0.7898106921302,0.6879446169827,0.4577997796623,0.2489779732463,0.5707667446575,0.3883429610227,0.4550272552455,0.6773547975528,0.7339290509321,-0.0198833818597,0.4096497149267,0.2685267075614,0.4630599110908,0.7312309314518,0.5618061188236,0.8119947648300,0.6310805041522,0.6082660040054,0.7298990269469,0.7605743911953,0.6437277343505,0.9019905156282,-0.0474833962660,-0.0617239358306,0.3159713195334,0.6096306538081,-0.5923844393128,0.2666924936096,-0.2432521094368,-0.2163449274596,0.1789956798163,0.0058115199208,0.5989954970910,0.1168757950316,0.5600222697270,0.1068961897714,-0.3255904362265,-0.3154903616470,0.5713720370357,0.1565495811923,-0.2107833901177,-0.4719882380328,0.1317853190239,-0.4755559602759,-0.2653924531242,0.2574654563048,-0.4682126721869,-0.3270934376538,-0.5801381142566,0.2672776635203,-0.4702997085716,-0.4275773970641,0.2739742065017,0.7406064713921,0.0323304062952,-0.0898582339526,0.5266064603796,-0.2039444879517,-0.3592839004704,-0.4804498388373,-0.5716173379755,0.5390042552306,-0.0399799228316,-0.4029396805675,-0.4526240919718,-0.1542173527593
0.8442308399570,0.5529918012680,0.7214455306216,0.7536384497560,1.0000000000000,0.7911338494372,0.7919672637197,0.4371863615312,0.4216501417838,0.5406768952485,0.4431718402918,0.4900239195163,0.3603210928897,0.7267216576984,0.5983298556612,0.5925928886554,0.4434661260218,0.5213147259082,0.5014179840551,0.3417230478699,0.5785681901296,0.3401458054563,0.4556375903279,0.5496379851397,-0.0426734143118,0.1378158801877,0.2165193788198,-0.3229654179400,0.0772895375092,0.2864598929566,0.5171001861303,0.2529378279233,0.2905173931582,0.0218007257614,0.6093584126399,0.5519161472548,0.3237340650182,0.0939482074799,0.4550482494345,0.1556624800207,0.3814643005342,0.6057685912973,0.4103963948357,-0.1142285376261,0.1740386071335,0.1561577290656,0.3298984738191,0.5319683313701,0.5628989640914,0.6104873529339,0.8188442656975,0.6337588460285,0.6622116994673,0.7162563712541,0.6913137937698,0.7481305749635,0.0315725402748,0.0067666781691,0.3181790133675,0.4112222266672,-0.3559838175822,0.2831106300733,-0.0862041920573,-0.1028113649865,0.3400710245901,0.0142385388239,0.4756551462778,0.1954291556943,0.4299960035692,0.0707076977655,-0.1058774802236,-0.1184691976158,0.4796297930812,0.1193825625362,-0.0978739128897,-0.4385464251066,-0.0676313826786,-0.3838175073496,-0.2113981883254,0.2671179889186,-0.3527801863306,-0.1994908770607,-0.4441570342270,0.0893691772252,-0.4619583214019,-0.3038075351573,0.1769360365424,0.6134057369623,0.0588893304751,-0.1465460342579,0.3869503753909,-0.3322438249159,-0.3559532676379,-0.3309625435360,-0.4021046605535,0.4800937002093,0.1184410178280,-0.2348864040622,-0.1042316341451,0.0536912906358
0.8137660121108,0.5830181856490,0.8558449980013,0.7723884645652,0.7911338494372,1.0000000000000,0.8160088466541,0.5113218509103,0.5215297032866,0.7291995291751,0.5482259296054,0.5860682079522,0.3949982454472,0.7414236218402,0.7562559884076,0.6985172093319,0.4823313694377,0.5736081569022,0.5742873447889,0.5268739019321,0.5876640812278,0.4843342018616,0.5689953588800,0.6303136446128,0.0614829631377,0.1748051352195,0.3980447913460,-0.2462991906627,-0.0914179957125,0.2898657135485,0.6179799185959,0.3296245768180,0.3649959355595,0.0971593493539,0.6333651870059,0.6558471363038,0.5435641287402,0.2929547232745,0.6353757011219,0.2900558866820,0.3824443972582,0.7035653013075,0.5930638270851,-0.1319637911911,0.3277056321628,0.3248764529832,0.4560825518244,0.7704010198214,0.5154143379314,0.7612615964696,0.7020561212108,0.5715339031289,0.6121745771597,0.9106736020239,0.8749750040501,0.7110866072940,0.0585897068738,0.0504421089545,0.3270111338387,0.5185430370309,-0.3171062147368,0.3389657518222,-0.1486656229977,-0.1781754991573,0.1941960631566,0.0943262123307,0.4850141869289,0.1291959829046,0.4855626279940,0.1591205376262,-0.1529164715754,-0.1072167729767,0.5757841624909,0.2476720332241,-0.0515056210509,-0.5457595267594,0.1346401303371,-0.3821924475114,-0.4286008103043,0.3136085545233,-0.4122532847601,-0.2151510723095,-0.4660813712645,0.2643374851122,-0.4799911375971,-0.3465108511925,0.3899564474465,0.6069628108462,0.1331872065187,-0.0051196299595,0.5638825895776,-0.2361363271171,-0.3843283323118,-0.3483611239808,-0.4317224381712,0.5950081857423,-0.0275033681885,-0.3941482667779,-0.2539390625743,0.0933897463525
0.8413392084963,0.5794492018481,0.8025318487911,0.8866147599440,0.7919672637197,0.8160088466541,1.0000000000000,0.5301206314148,0.5313474946057,0.4885297997625,0.5786932147082,0.5310967466540,0.4348715832083,0.7168561657661,0.7652199525296,0.7424044339832,0.5179985779281,0.6086094881083,0.6441874167943,0.4978518819008,0.6969269988025,0.1615791191521,0.4597090562818,0.6457176045561,0.0613668182186,0.1545533904127,0.3363202466566,-0.4088237708512,-0.0380903671769,0.2924280543481,0.6583875144466,0.3113082721339,0.3514225992220,-0.0393630260518,0.7956820211727,0.6914408452136,0.4565249489032,0.2047471141354,0.6541730979744,0.1994531367458,0.2938002824441,0.5696165715409,0.6704280496983,-0.1092318773117,0.3163693316286,0.0811969072418,0.3201975045869,0.7103009509941,0.4360801503492,0.7276080693331,0.7202276884557,0.6491203810697,0.7653536038368,0.8120503867921,0.6512252494275,0.9176767863009,0.0197443999069,-0.0156093442077,0.3573477158183,0.5328831835155,-0.5230700661137,0.2996804351970,-0.1669276076002,-0.1247605583348,0.2726171057904,0.1623643496291,0.6229471324521,0.1549312737559,0.5496915392291,0.1178864206405,-0.1769976392933,-0.2772276623046,0.5634781831008,0.0954519524732,-0.0829845164387,-0.4924511008003,0.0671945369227,-0.5183803211707,-0.2742280605833,0.3344624922987,-0.4187249779198,-0.2491943759672,-0.5169155407866,0.3650989930548,-0.4487125259990,-0.4271097169155,0.2958737426726,0.7686278122664,0.2038721737624,-0.0945817583901,0.5977124071187,-0.3341522006465,-0.4261080738575,-0.4695339025950,-0.5171987229334,0.5853441653923,-0.0433605476586,-0.4037178404166,-0.3533112905410,-0.0409729076827
0.4768012566643,0.3736249138976,0.4300690674713,0.6336793100852,0.4371863615312,0.5113218509103,0.5301206314148,1.0000000000000,0.7704242631508,0.4496422248897,0.4543623399943,0.4653355522931,0.5236237382733,0.4503204253634,0.4796532042091,0.6879120943673,0.6678703082819,0.7005250105924,0.7729623758475,0.6517076713598,0.6238001186729,0.3351024266556,0.4556844371927,0.6630728042476,-0.0967781978987,0.4167681463617,0.5434464139838,0.0162417799900,0.0606501934056,0.1829641936149,0.6119836730987,0.5552451285546,0.5706099230195,0.2307035103004,0.5813184326405,0.6029002207587,0.4367644093064,0.3961277549677,0.3480824925928,0.2421392256410,0.2710815323388,0.4416689866480,0.4890242757384,-0.0715511833181,0.4397529538040,0.2230916333483,0.3717908028118,0.4527912139230,0.3483034680338,0.4828175349992,0.3637448644226,0.2738265605237,0.3988733866591,0.4916872037339,0.4580129695703,0.5590803671330,0.3446602471234,0.3479227736696,0.6191333825827,0.6650203893463,-0.2939295006202,0.3216495886998,-0.0438963231617,0.0127194710006,-0.0306863464584,-0.0986091007755,0.6121200531028,0.4246349233309,0.6745450780526,0.4524480828022,-0.0026651728264,-0.0445933963286,0.6394912029338,0.4159600132127,0.0883053195447,-0.3203213197379,0.2321325096873,-0.0944018427747,-0.2470859896187,0.4351518292644,-0.1680294715704,0.0103210312977,-0.4265627501560,0.1999932577307,-0.2835877370346,-0.1580876110203,0.3259218169279,0.5550279287089,-0.0596445880519,0.1895935421968,0.3728191470813,-0.0815933937869,-0.1190187001216,-0.2189173355216,-0.2789724476161,0.3502712240537,-0.1062610627242,-0.2890668094275,-0.2592707222629,-0.1135410888445
0.4475199954119,0.2243223958419,0.4361456379332,0.5785586934530,0.4216501417838,0.5215297032866,0.5313474946057,0.7704242631508,1.0000000000000,0.4359215640727,0.4382318513800,0.4331735124263,0.4042266483323,0.3709403452890,0.4280734729160,0.6377512587387,0.5175898653282,0.5313925100481,0.7435502562263,0.7377489508596,0.5920296553458,0.3119052418888,0.4550893622477,0.6514329412250,0.1543089072883,0.4069973038621,0.6429991504028,-0.1240411608661,-0.0939342739588,0.0012879787002,0.5428304191937,0.4420115149098,0.4654290963493,0.2601503975196,0.5476496935038,0.6871193222912,0.5392765462286,0.4283360748265,0.3839110208240,0.2747846123861,0.2632251204892,0.4435837133508,0.4977031035220,-0.0397561136695,0.4097750005909,0.1996146396120,0.3341666150070,0.4418783971858,0.2307428654135,0.4794809267597,0.3228798051776,0.1712864883705,0.4486780069986,0.5187690888261,0.4533280839511,0.5757547320240,0.3304290617520,0.3491892571815,0.6391128190864,0.8327760810193,-0.2329015881077,0.3382011474619,0.0242292700695,0.0808528679901,-0.0363485211979,0.0314478764669,0.6394088665977,0.3307894628990,0.7219485930111,0.5758001450714,0.0689742128555,0.0260472604882,0.7202964550341,0.5395834236247,0.1746087584557,-0.3032728945824,0.4679735070499,-0.1533278363214,-0.3532131939632,0.4631474104241,-0.1070642663836,0.1062353271537,-0.4612211374837,0.3502288350619,-0.2447468024992,-0.0595747381489,0.4906690095553,0.5817238229724,0.1634583530400,0.3790717713897,0.4158831482543,0.0176382218697,-0.0186441249727,-0.1653066235187,-0.2091186766384,0.3840487499336,-0.2001206081243,-0.2226964442725,-0.1771321156969,0.0467960793769
0.5715532510788,0.5519169685123,0.5639526503014,0.5894798198943,0.5406768952485,0.7291995291751,0.4885297997625,0.4496422248897,0.4359215640727,1.0000000000000,0.5210095311738,0.6608872536044,0.3073090409285,0.6931420263524,0.6675622751202,0.5432900565741,0.4300582134654,0.4976841885164,0.4522673956426,0.4865933743234,0.4635981170888,0.7545366621172,0.6585018728134,0.5205245994169,0.2546721249302,0.2773631881556,0.3414347651496,0.0824388613763,-0.0262080476280,0.4138656195187,0.5041444459353,0.3098045507481,0.3377134849169,0.3772887383968,0.4086903731760,0.4856339365016,0.4485048802525,0.3158563028288,0.3468496337655,0.4640006020620,0.5399004191291,0.7735921274208,0.4600471742519,0.0933515588415,0.2938225414952,0.5806942414861,0.6439252411379,0.5092820299791,0.5370470406451,0.7939026208117,0.4357483311318,0.3177123459437,0.3366590219821,0.6525688406262,0.6978925985619,0.4513374715039,-0.0798873633408,-0.0638096558052,0.1495464452311,0.4489610687662,-0.1636047679508,0.1778013672301,-0.3113268103500,-0.3599084548298,-0.0077319004232,-0.1912672668926,0.2641584642989,-0.0922511071064,0.3223921821932,0.0352039216590,-0.2892346016118,-0.0877576977769,0.4396430136533,0.3651823203280,-0.2668268193712,-0.3827536033051,0.1595095774170,-0.2327775035989,-0.4896235290144,0.0630451389178,-0.4279096842459,-0.2917090921613,-0.4701599325104,-0.0215151231239,-0.4090871266705,-0.2537434030095,0.2960373597961,0.3426803613130,-0.1255131405650,-0.0037708810588,0.3001305729257,-0.0354865059837,-0.1781600125905,-0.3101267935492,-0.4341823639260,0.2383342042524,-0.0604257878630,-0.3475123501073,-0.2816647613405,0.0856609437993
0.5790038194232,0.4782243574347,0.4412894189238,0.7113798301156,0.4431718402918,0.5482259296054,0.5786932147082,0.4543623399943,0.4382318513800,0.5210095311738,1.0000000000000,0.7792650150437,0.4813011786410,0.6401613592293,0.7053804387442,0.6597332940913,0.5397116459016,0.7049241322161,0.5546118830426,0.5256926274328,0.5770015135957,0.3023709818223,0.7862818033542,0.7475537562905,0.0581477662834,0.3852785538474,0.4120192300305,-0.0808902343683,0.2450843966853,0.3462048513701,0.6303556685057,0.4711343488490,0.4189934529786,0.2767091492569,0.6080849828848,0.4881913292248,0.5686641090752,0.2628430350838,0.5181546765411,0.5959982805308,0.5008561069420,0.6034987279884,0.6382717817665,-0.0016942153045,0.3680728003145,0.4780968854851,0.6030888567632,0.6550224555003,0.4705699803767,0.7120594011946,0.3468923131371,0.2560119237286,0.3412305453607,0.5039993639469,0.4088161179351,0.5345234617709,-0.1185903202448,-0.2778026400762,0.1491348928498,0.3557987928155,-0.5905845061839,0.2806608156583,-0.2929236239506,-0.3072458083270,-0.1142208630047,-0.1721672795711,0.2243854914331,-0.0273044453371,0.3465354545180,-0.0021289890014,-0.4180644732554,-0.3469499831947,0.5543154646477,-0.0080812329440,-0.2490308406035,-0.3157015245044,0.3310703624055,-0.4562603471451,-0.1852585729162,0.1451107021060,-0.4652184257068,-0.4066633489939,-0.5586678480275,0.0998744848064,-0.4380818841629,-0.3928061289882,0.4200790634702,0.4469722387884,-0.0469558265197,-0.1116051240352,0.4585583985520,0.0238841928120,-0.2868552104741,-0.4405778979239,-0.5183906793969,0.4020704508051,-0.1143913545168,-0.4762470602600,-0.5774053137169,-0.2551760030533
0.5427617100979,0.5076964436021,0.4207635230201,0.6438145245325,0.4900239195163,0.5860682079522,0.5310967466540,0.4653355522931,0.4331735124263,0.6608872536044,0.7792650150437,1.0000000000000,0.5176629144202,0.6831213464890,0.6632404040502,0.6574262384925,0.6265350334469,0.7103267953591,0.5715837354907,0.4320288513759,0.6322009165434,0.4427982819436,0.8851813962867,0.6916796729629,0.0814288025644,0.3132609023049,0.2876769050676,-0.1176054521054,0.1066664481331,0.3647505392313,0.6167670099210,0.3678153909578,0.4067234980715,0.2343298589125,0.6145489389858,0.5769807365546,0.4644544200878,0.1468029225075,0.4214843856918,0.4642304722500,0.3862420347621,0.7414233231017,0.5113647343680,-0.0045579583894,0.1580245577458,0.5259744270294,0.6700091388759,0.5977732708856,0.4053540147558,0.7812778841257,0.3283943294327,0.1908356136685,0.2428206160993,0.4862244337182,0.4888534555489,0.4449617830587,-0.1920059564884,-0.2720864364675,0.1540077548673,0.3251066664424,-0.4993054369292,0.1356193864501,-0.3715837253759,-0.4558946595922,-0.1543741271056,-0.3269826413134,0.2298687619328,-0.1091947209104,0.3669025325688,-0.1016964246958,-0.3880613858632,-0.3262107783239,0.5210345455504,0.0439223041455,-0.3235174148300,-0.2990997443575,0.1930092172492,-0.5279538436198,-0.3634373261613,0.0146961879411,-0.5965718202551,-0.5211617687751,-0.6320450966656,-0.1037917737386,-0.5521181835605,-0.5377005859587,0.3040499457493,0.3986008011686,-0.2452441147245,-0.2867784481897,0.3090182939142,-0.1814401505325,-0.3727251365026,-0.5565507752891,-0.6255214160517,0.2757445395079,-0.2119350484066,-0.5776531839931,-0.5508064225122,-0.0669396171620
0.3680954895540,0.2422962653827,0.3521260144131,0.5080260438942,0.3603210928897,0.3949982454472,0.4348715832083,0.5236237382733,0.4042266483323,0.3073090409285,0.4813011786410,0.5176629144202,1.0000000000000,0.3354172750519,0.4336664184064,0.5052454434865,0.8561903082575,0.5610061721106,0.4779124484611,0.4436153903113,0.6291835616618,0.0244931601219,0.4493532444492,0.6022516698754,-0.0776442323650,0.3444279211046,0.4338914493106,-0.0633370569003,-0.0852378457145,0.0417914655483,0.5652881178661,0.5952930276594,0.8172277754792,0.3240307223340,0.4888006664266,0.4006121667179,0.3984259696920,0.2222450009716,0.3978937877737,0.4027104951916,0.0022103428944,0.2705704370458,0.4981256671527,0.0102962718794,0.3122544199480,0.2447598078037,0.5535640836947,0.3847315989238,0.2720317982990,0.4389645693634,0.2481875325728,0.1781123427088,0.2524575698690,0.3494546390223,0.2896629151312,0.3866771343632,0.1347708127793,-0.0736240437283,0.1269073827361,0.3822112748040,-0.3483534758974,0.1804137547108,-0.1448258432423,0.0674556972465,-0.0202369200743,-0.0564018684807,0.1903398536603,0.1765253753769,0.3094293802745,0.0394189095116,-0.1125200756899,-0.2376753950717,0.4302490658130,0.1246219245322,-0.1079993724290,-0.3191017799800,0.2072232474578,-0.2681240955834,-0.1445793374234,0.1193555739411,-0.3363843032762,-0.1988498158952,-0.4340316802307,0.0311149490759,-0.4538842833443,-0.3698983356154,0.2410701363527,0.3794519931508,0.0559674952716,-0.1663040663391,0.2401732493255,-0.1207132610057,-0.2105182754025,-0.4109154846267,-0.3972154091929,0.2316395564331,-0.0815047936942,-0.3133700655396,-0.3858237199737,-0.0789239293894
0.8772229192659,0.8345485578171,0.6734539196306,0.7847801185474,0.7267216576984,0.7414236218402,0.7168561657661,0.4503204253634,0.3709403452890,0.6931420263524,0.6401613592293,0.6831213464890,0.3354172750519,1.0000000000000,0.8710213280926,0.6863200529335,0.4905294396122,0.6775047135052,0.5081003839676,0.4186814395223,0.6003718327245,0.5346284674999,0.6493166592089,0.5986910056050,0.1791984311433,0.1841831278150,0.1588944643206,-0.1421203228154,0.2428163356506,0.6981903381002,0.6196120999969,0.1747903927996,0.2197360777008,0.0462533138077,0.6228493161420,0.5400421916847,0.3615772454373,0.1863473844282,0.4513536375411,0.3501997055408,0.6033409418193,0.7515873723302,0.6096175361372,0.0604142330707,0.2758999177230,0.4182369897686,0.4804735855127,0.6307303713235,0.7681609110267,0.8039742947204,0.7288277967177,0.6439508815217,0.4946922552240,0.6233703864525,0.6181181698719,0.6500566103580,-0.2412613292211,-0.2622384397562,0.1297121953210,0.3909701222136,-0.6206252189653,0.0613719979925,-0.4772398994551,-0.5275529263282,0.2107234935336,-0.2413677330866,0.3308409687612,-0.1199853691612,0.3282696492439,-0.1996690356254,-0.4921632353135,-0.4129099489084,0.3983152638097,0.1058851856950,-0.4254606219778,-0.4455032813328,-0.0246240986747,-0.5098629871684,-0.2450694219576,0.0190817405738,-0.6943398227854,-0.5744071878066,-0.4740081109732,0.0365018978267,-0.5058107088989,-0.5789773142365,0.1570743796093,0.4697172745497,-0.2094855131179,-0.2773034667742,0.4167181350038,-0.3560996732904,-0.4192487996226,-0.5737327215491,-0.7108831649517,0.3236075473737,0.1904188854667,-0.5151073954252,-0.4747151750934,-0.2239117439155
0.8118521671218,0.7902245155514,0.6841134145643,0.8246524161179,0.5983298556612,0.7562559884076,0.7652199525296,0.4796532042091,0.4280734729160,0.6675622751202,0.7053804387442,0.6632404040502,0.4336664184064,0.8710213280926,1.0000000000000,0.7222974440091,0.5409929951875,0.6559978807433,0.5375148812452,0.5638579296456,0.6444894266434,0.4135846646808,0.6299879444328,0.6468296645376,0.2733603006987,0.2984259087264,0.2997669382820,-0.1920765687484,0.1396475336011,0.5957298022236,0.6824131689479,0.2997389902826,0.3321570134321,0.1069641256049,0.6709249416963,0.5804804836136,0.4892220656856,0.3867515399399,0.6126133461594,0.4883585229410,0.5215754482845,0.6822725411698,0.8081318343991,0.1757250601928,0.4822373713008,0.3633787321519,0.5261759896678,0.7717832764465,0.6738392755227,0.8567386882743,0.6243141559520,0.5900513999701,0.5592727390970,0.6796740785511,0.6303171338575,0.6975996336725,-0.2555406151616,-0.2929401050467,0.0948489318879,0.4614525516720,-0.6480529341933,0.0812822873205,-0.4904281571127,-0.4825218500975,0.1618841081985,-0.0506722594572,0.3519147826771,-0.1490975612788,0.3469725915320,-0.1470577633721,-0.5192225853362,-0.4660442180475,0.4376007562712,0.0965511259969,-0.4127373578765,-0.4734829423842,0.1080681879147,-0.5575810201194,-0.2446200486713,0.0597814257311,-0.6716918499683,-0.5609529712208,-0.4760344819559,0.2299486859599,-0.4661899922996,-0.5787521301626,0.2748401521763,0.5073085133455,-0.0315210548559,-0.1552222084936,0.5821345661990,-0.2454999902608,-0.3434067811640,-0.5950210423697,-0.7316231423726,0.4310728291917,0.0928533269623,-0.5311477601036,-0.5879381653795,-0.2497302314762
0.6914656326362,0.5082210627242,0.5941776353262,0.8160840301004,0.5925928886554,0.6985172093319,0.7424044339832,0.6879120943673,0.6377512587387,0.5432900565741,0.6597332940913,0.6574262384925,0.5052454434865,0.6863200529335,0.7222974440091,1.0000000000000,0.7383412562301,0.8263074717577,0.8933636205854,0.7170411475711,0.7920671410060,0.3092152822984,0.6731413769984,0.8680656345230,0.0294470427632,0.4341066285727,0.5449717647557,-0.2852720868839,0.1006697763559,0.3177805463223,0.9171690521187,0.5224540706439,0.5371574598184,0.1719158185327,0.8285464866566,0.8836737816483,0.5440632472042,0.3538081639567,0.6538133069304,0.3409982962401,0.3921402590604,0.5738828023836,0.7843687661183,-0.0383428396752,0.3950702873070,0.3292799293668,0.4478686728094,0.6598119688744,0.4937633871687,0.7115789898933,0.4702730408388,0.3962323580795,0.4833432552440,0.5933519597069,0.5496818783908,0.7243851329231,-0.0242191380470,-0.0844501559238,0.4353057932995,0.6326271416220,-0.6328899955159,0.1952807021795,-0.3568177325165,-0.3321289234823,-0.0865505483626,-0.1397730504022,0.7241867465278,0.1603696245891,0.7137562325039,0.2155037129491,-0.3125014133914,-0.3584784803227,0.7201790105073,0.2278561214952,-0.0752578933085,-0.3815777828638,0.2862740754944,-0.5287296977584,-0.3205928221601,0.4296496405508,-0.4770904695641,-0.3289853611905,-0.6432109975404,0.3508326970657,-0.5294603280414,-0.5230901302879,0.4002241759889,0.8096138656667,0.0214111090716,-0.0195256073693,0.5765152270668,-0.3181667418373,-0.3562973552487,-0.5371592554110,-0.6641192826604,0.4459073467831,-0.1661744377549,-0.4555884645553,-0.5078535472841,-0.2485674957355
0.4822880656980,0.3205463186832,0.3836935873155,0.6129604016960,0.4434661260218,0.4823313694377,0.5179985779281,0.6678703082819,0.5175898653282,0.4300582134654,0.5397116459016,0.6265350334469,0.8561903082575,0.4905294396122,0.5409929951875,0.7383412562301,1.0000000000000,0.7814608360969,0.6775375906482,0.5677930155292,0.7820240927009,0.1405475206386,0.5876342273469,0.7427884516671,-0.0673797200896,0.3996703527334,0.4857421987910,-0.1549178141151,-0.0295100352331,0.1474795706024,0.8093701508099,0.6213113236650,0.8318080464219,0.3217459698162,0.6345421960003,0.6077020792976,0.4239302557653,0.2787688262238,0.4714898973835,0.3653786126906,0.1328097091836,0.3538645482403,0.6165296207037,-0.0171142971852,0.2921227838859,0.2782769003758,0.5482925610343,0.4340986212217,0.3689318505551,0.5671353023837,0.2802126804886,0.1725474369071,0.2564412379697,0.3870937124390,0.3346954940048,0.4744494966495,0.0689000348693,-0.0754799692192,0.2699123522936,0.4774543041156,-0.4963311172696,0.0682531527662,-0.3474415809778,-0.1882251451946,-0.1339322258729,-0.1804320728924,0.4153809984570,0.2022818868301,0.4889827115922,0.1140409180379,-0.1625148409235,-0.3576593642199,0.5558599399217,0.2208907677333,-0.0997949345949,-0.3692610140687,0.2508858244170,-0.4057098231062,-0.2644429235863,0.2651311862455,-0.4318690573796,-0.2600691838796,-0.5937617331599,0.0832054746472,-0.5625517132590,-0.4923549886496,0.2646521995456,0.5405830495710,-0.0154454240503,-0.1465687895283,0.3298935684496,-0.2853445869367,-0.2783865969320,-0.5568800071408,-0.5703170463539,0.2204035171648,-0.1910812170163,-0.4666035393627,-0.5125303515702,-0.1630785436515
0.6161292738479,0.5094309481061,0.4254691818540,0.7023995265750,0.5213147259082,0.5736081569022,0.6086094881083,0.7005250105924,0.5313925100481,0.4976841885164,0.7049241322161,0.7103267953591,0.5610061721106,0.6775047135052,0.6559978807433,0.8263074717577,0.7814608360969,1.0000000000000,0.7255191862989,0.4952791547086,0.6757907963006,0.3343549965435,0.7060245398213,0.8449756403750,-0.1554794484203,0.2980379085858,0.4076637118891,-0.2071088044493,0.2190963753109,0.4064723847293,0.8633639680304,0.5267589625837,0.5677975100133,0.2103174947434,0.7354458418956,0.6295547210478,0.5045689126193,0.1764950064645,0.5375849422190,0.3605969454297,0.4243232366751,0.5661237630171,0.5651088527910,-0.1674594094909,0.1814278645851,0.4006380521816,0.5453612295077,0.5726130926273,0.5120501549170,0.6609118134493,0.3904318636520,0.2724335792765,0.2950174806821,0.4674601703770,0.4399202229796,0.5457355780348,0.1094050221344,-0.0480723195050,0.4537269699096,0.3960014096496,-0.6451028445901,0.1491633417780,-0.3832643309790,-0.3118470866198,-0.1726309123659,-0.2977537444044,0.4676205470890,0.2877892957989,0.5553008508381,0.0818896609023,-0.2714210155649,-0.3928639290676,0.6662415948895,0.0772575876897,-0.0668410588367,-0.3595584632580,0.2195039456063,-0.5265903886287,-0.2619323963252,0.3778677778755,-0.4758051157476,-0.3239460878131,-0.6277565640513,0.0676648640244,-0.5292853738741,-0.5211536982535,0.3332584497079,0.5999528278619,-0.1612091501836,-0.1506951047687,0.4545150660709,-0.2972947742367,-0.3916385189008,-0.5644774787401,-0.6159687080051,0.3506568111653,-0.1847996470477,-0.5827212950243,-0.5529994229062,-0.3088652580726
0.5537763030603,0.3381318025440,0.4993484280264,0.7237473570400,0.5014179840551,0.5742873447889,0.6441874167943,0.7729623758475,0.7435502562263,0.4522673956426,0.5546118830426,0.5715837354907,0.4779124484611,0.5081003839676,0.5375148812452,0.8933636205854,0.6775375906482,0.7255191862989,1.0000000000000,0.7195417972025,0.7090639452663,0.2721109907112,0.5714559854634,0.8071434658104,-0.0298158536549,0.4305713777417,0.5872927027318,-0.2503202531499,0.0187195881219,0.1534292166113,0.7807524964621,0.4786084796237,0.5245796806701,0.1551133524605,0.6900614914271,0.8695696561763,0.5166994147276,0.3232159242573,0.5406070402373,0.2789761218504,0.2980075720083,0.5073706505727,0.6711565947011,-0.0605073650044,0.3681808348668,0.2482168278527,0.3572690427439,0.5184336437483,0.3222918304332,0.5724961108887,0.3570036484461,0.2779021569959,0.4548305904677,0.5089037270890,0.4806469705435,0.6814920028733,0.1065418891676,0.0976234755683,0.5798304756766,0.7116770910391,-0.4804288943064,0.2732647858871,-0.1900957665187,-0.1676429661151,-0.1013596106991,-0.1143299091643,0.7689461108790,0.2629998754539,0.8561400064508,0.4001174702410,-0.1755990471613,-0.2008874525002,0.7427393247683,0.2843471605648,0.0776081474326,-0.3200208762534,0.3126718651444,-0.3663102344928,-0.3476293259330,0.4844057866347,-0.3301956783485,-0.1702551738880,-0.5852080939164,0.3648667446716,-0.4530073019551,-0.3766978494098,0.4185915991563,0.7761380688571,0.0503642974664,0.0732985973360,0.4700115738416,-0.2248375445951,-0.2704401122382,-0.3803144679586,-0.5175878114938,0.3720396722041,-0.2249513073561,-0.3314873086729,-0.3584560361348,-0.1454315180419
0.4836174993855,0.2547793937439,0.4759191118338,0.5848813338756,0.3417230478699,0.5268739019321,0.4978518819008,0.6517076713598,0.7377489508596,0.4865933743234,0.5256926274328,0.4320288513759,0.4436153903113,0.4186814395223,0.5638579296456,0.7170411475711,0.5677930155292,0.4952791547086,0.7195417972025,1.0000000000000,0.5870442336152,0.2579473341779,0.5014412074207,0.6749681535237,0.3697480574328,0.5858867391586,0.8077325853604,-0.0220453611335,-0.0813746468879,0.0802889609775,0.6579502548609,0.5613167577673,0.5907911361088,0.3834558066812,0.4791877998046,0.6618146710227,0.5865463565004,0.6960656172583,0.4913076659680,0.4837909098906,0.3141291622171,0.4365339378684,0.7436803225104,0.2075463904762,0.7046286544837,0.3465457601600,0.4284114820856,0.5019906237447,0.2948432809073,0.5168157567877,0.2973982074284,0.1969524180921,0.3989228566772,0.4970449976282,0.4175175618149,0.5510324287489,0.0208537554878,0.0005885678563,0.2951245070759,0.8221151167596,-0.3960042193926,0.1995734390357,-0.1989614389147,-0.1556223207615,-0.1229568102885,-0.0576829326271,0.5520071653908,0.1047908429175,0.5750974963302,0.4945810819899,-0.2338070340009,-0.1765370322452,0.6063524503672,0.5986113411555,-0.1030696587466,-0.3419186304170,0.5973446818555,-0.2063706885114,-0.3533559403239,0.3694057684486,-0.2195517611889,-0.0769219133665,-0.5320647989036,0.4119011879883,-0.3522240957335,-0.1760440689909,0.5119998998548,0.5418200081537,0.1303283353433,0.3713604864715,0.4985373914207,0.0836457138083,0.0169384814977,-0.2168421392766,-0.3800169618461,0.3263165364884,-0.1691471527658,-0.2341337635838,-0.3926815104323,-0.1785519324711
0.6358992236170,0.4516541460857,0.5543230014690,0.7156356156019,0.5785681901296,0.5876640812278,0.6969269988025,0.6238001186729,0.5920296553458,0.4635981170888,0.5770015135957,0.6322009165434,0.6291835616618,0.6003718327245,0.6444894266434,0.7920671410060,0.7820240927009,0.6757907963006,0.7090639452663,0.5870442336152,1.0000000000000,0.1924881445061,0.6310411629553,0.7464245188339,0.0001786284651,0.4401733360101,0.4936760219326,-0.3094531440279,0.0362824334944,0.2349473827210,0.7829366664127,0.5244674582235,0.5794680143431,0.1487479578115,0.7425465356256,0.7323064201613,0.4302120995468,0.2303988786638,0.4547099142574,0.2751805885395,0.2104337410598,0.4098470901196,0.7073529543472,-0.0221268939164,0.3538836843543,0.1687863407397,0.4250437131138,0.4571346506310,0.4123666903285,0.6853517254814,0.4636660423726,0.3860060773391,0.4917762083372,0.5234595546610,0.4034898718256,0.6402143260681,0.0582216686344,-0.0734893769003,0.3563233294290,0.5560954699266,-0.5321078533060,0.1965259048565,-0.2421481007585,-0.1930873900261,0.0668582722063,-0.0226753995806,0.5511417590665,0.1524720438616,0.5958310872189,0.1653970639339,-0.0945049202632,-0.2253013795312,0.6571884176454,0.2495683815907,-0.0564849065597,-0.3321256621288,0.2261495007747,-0.4616783378420,-0.1899330925984,0.3026808610709,-0.4360245487812,-0.2675368086928,-0.5530949326073,0.1954807625980,-0.4824525663198,-0.4536850132211,0.2998727386043,0.6600727959670,0.1625435245399,-0.1146674318169,0.3897649667315,-0.3462918396435,-0.3344494691988,-0.5242656106489,-0.5554947783297,0.2726127876078,-0.1038870238597,-0.3973165754021,-0.4162627006437,0.0016171396497
0.3561488349985,0.4467405629589,0.3013785307671,0.2904726240863,0.3401458054563,0.4843342018616,0.1615791191521,0.3351024266556,0.3119052418888,0.7545366621172,0.3023709818223,0.4427982819436,0.0244931601219,0.5346284674999,0.4135846646808,0.3092152822984,0.1405475206386,0.3343549965435,0.2721109907112,0.2579473341779,0.1924881445061,1.0000000000000,0.4986189641212,0.3095376818467,0.1671629044557,0.1866720463460,0.1729102047958,0.2059890444229,0.1945434497845,0.4140801431733,0.2374316736673,0.0811777660714,0.0209968693290,0.2432007867633,0.1272437227832,0.2788380320440,0.2722148678404,0.1796240392220,0.0750577262084,0.2961482763423,0.6525347401699,0.6787139408434,0.1948117989514,0.0697213109019,0.1590247334148,0.6618880980743,0.4697127931000,0.2534480485138,0.5309275125078,0.4485408580793,0.3532278209133,0.1980415328900,0.1106156980448,0.3441890162180,0.5681319488943,0.1493785210645,-0.0248631002724,-0.0018887845983,0.1545830227006,0.2471025592067,0.0232396326789,0.0823366218875,-0.2317001995048,-0.3430459858571,-0.0354012121469,-0.3379812477375,0.0952959684643,-0.0662108607873,0.1783491972340,-0.0119705858767,-0.2648650010819,0.0811178098171,0.3094347518538,0.2549162367079,-0.1901831503613,-0.2057285441864,0.0919779768860,-0.0439374752256,-0.3718728993669,0.0126369484989,-0.3248879491497,-0.2293899368193,-0.1881758769936,-0.1193754819477,-0.2085382641812,-0.1044817186126,0.2171635341231,0.0532416284276,-0.2884977490863,0.0295715051074,0.0995823607843,0.0143681767303,-0.0751961547242,-0.0208281841800,-0.2322067399527,0.0344179045613,0.1280134985128,-0.1038189959136,-0.0149447612035,-0.0098423914019
0.5026143930774,0.4973514513192,0.4104385163666,0.5947547402584,0.4556375903279,0.5689953588800,0.4597090562818,0.4556844371927,0.4550893622477,0.6585018728134,0.7862818033542,0.8851813962867,0.4493532444492,0.6493166592089,0.6299879444328,0.6731413769984,0.5876342273469,0.7060245398213,0.5714559854634,0.5014412074207,0.6310411629553,0.4986189641212,1.0000000000000,0.7386498749250,0.1061456133509,0.4980502117089,0.4210837399849,-0.0943800169993,0.2314434346716,0.3652320817224,0.6494984409508,0.4819979163590,0.4302237247097,0.3443395385322,0.5630061400247,0.5676238806932,0.5205955839366,0.1945478571198,0.3869979875345,0.5465912810473,0.4705952617093,0.6551091266814,0.5254141559110,0.0500618571884,0.2709537674246,0.5817982066573,0.6706990031302,0.5326005411193,0.4877551309704,0.7321124038586,0.3117835262108,0.1591374598284,0.2205399336861,0.4586567327431,0.4415816934484,0.4004072549210,-0.1454318144500,-0.2966904250567,0.1812955268452,0.3379225473789,-0.5023476712997,0.1534106868092,-0.3461477175864,-0.4455107409192,-0.2050481764554,-0.3543634532489,0.2324134748342,-0.0635223548143,0.3621047921799,-0.0244239510610,-0.3833224891844,-0.2051011157107,0.5910319655073,0.1203415552672,-0.2766546019962,-0.1606763990876,0.3395990880890,-0.4960953000771,-0.2713847248920,0.1182073552897,-0.4822875127123,-0.4052908728680,-0.5890770516475,-0.0769721978969,-0.4542972208446,-0.4046679810928,0.3949887386856,0.4034782944124,-0.1692020653008,-0.1510624993131,0.3138273445054,-0.0837208333506,-0.2851895011678,-0.4485029691427,-0.5689290363003,0.2349291958732,-0.1252330463862,-0.4719252693039,-0.5008353743196,-0.1281296486316
0.6213497941390,0.3949820624067,0.5104709479516,0.7509412707552,0.5496379851397,0.6303136446128,0.6457176045561,0.6630728042476,0.6514329412250,0.5205245994169,0.7475537562905,0.6916796729629,0.6022516698754,0.5986910056050,0.6468296645376,0.8680656345230,0.7427884516671,0.8449756403750,0.8071434658104,0.6749681535237,0.7464245188339,0.3095376818467,0.7386498749250,1.0000000000000,-0.0838546084842,0.4622406091581,0.6264229760527,-0.2564549922125,0.0880522987347,0.1932472745926,0.8596475716812,0.5873146611994,0.6145364029899,0.2554030266084,0.7365389394877,0.7634649226725,0.6868460443552,0.3069642390889,0.6268472317066,0.4585471767191,0.3894404204356,0.5629005570040,0.6994340526974,-0.1260395906370,0.3543213152615,0.3821996803292,0.5271048003537,0.6206545777050,0.4362468634630,0.6723969339196,0.4297689508368,0.2941757184960,0.4629213827498,0.5525764443956,0.5207079495620,0.6569369397180,0.1268249503878,-0.0631966326941,0.4536867301295,0.5838178759003,-0.5690266418391,0.3378387738254,-0.2223356517543,-0.1664247631746,-0.0923532031526,-0.1023165406963,0.5604278807221,0.3029187690107,0.6537369158173,0.2542421972826,-0.2184368792834,-0.2312908368367,0.8510219829359,0.2013722574033,0.0098543879139,-0.3651524537799,0.4102303644729,-0.4988839013446,-0.3116422704413,0.4872039342712,-0.4032330313034,-0.2251389974318,-0.6616570790839,0.2758299247202,-0.5332344380111,-0.4070215305133,0.5699621409372,0.7195281049480,0.0916381468033,0.0095472687519,0.5647446335097,-0.1544167312776,-0.3383378262870,-0.4481907563591,-0.5482237783817,0.4511048723053,-0.2051021447102,-0.3954638369361,-0.4343489643205,-0.1629152899061
