1.0000000000000,0.8422922060120,0.7444198232193,0.6293482676089,0.6241677963159,0.6124333514833,0.6183552552971,-0.1343472717518,-0.2943247176061,0.1830520054575,-0.1076705898459,0.0144158412796,-0.0016126576822,0.4929137266317,0.4800991903382,-0.1384766204115,0.0764141578223,-0.1534280285792,0.0394017881301,-0.2872199386010,-0.2343471585031,-0.0543912756417,-0.1609988505042,-0.2494010966147,-0.1759790976650,-0.3003869664464,-0.3377973826889,-0.0829291947839,0.0202440326915,0.1631312911102,-0.3081116587254,-0.2783642419911,-0.1614249593644,-0.0506921717281,-0.1453027127760,0.0979179901350,-0.2424393716765,-0.2982801255141,-0.1278832651497,-0.0803764373220,0.1915719469029,0.2593423547679,-0.2302292660183,-0.1428061104163,-0.2574049231433,-0.0168457758661,0.0066851894611,0.2471301341570,-0.0572938074171,0.3246633639099,0.7557958744624,0.7978418767806,0.6832555582649,0.6292422848462,0.4426195416809,0.5900191172000,0.1073816571454,0.0679817022713,-0.1725772752698,-0.1082683954001,0.2148317040485,0.1448299005985,0.2093595734709,0.2443635874869,0.6304012059497,0.1693068687513,-0.0282272546978,0.1256024446833,-0.0377708889948,-0.3161266928427,0.0233289437011,-0.1480539733877,-0.2458945876780,-0.1077005202819,-0.4086902847639,-0.2383905226395,-0.3688441730270,-0.0887418517517,0.0031311341055,-0.2476595238631,-0.2696364714374,-0.1678933882592,0.0890148401124,-0.1944711373482,-0.2621113718657,-0.1768249930159,-0.2699099863534,0.1292228625499,-0.1048394241397,-0.2813318619975,-0.0624189247435,-0.1702996347365,-0.0980792170090,-0.0864149659390,-0.1293612572046,0.2591841281171,0.1830206936482,0.1452253973760,0.2340182320759,0.1494024895950
0.8422922060120,1.0000000000000,0.7046966193041,0.6193719437388,0.4735507053942,0.4828340279818,0.4973892698613,-0.0809315458831,-0.2609748515746,0.0564121635535,-0.1694839489284,-0.1018008593426,-0.0404738738723,0.4382356996907,0.5139291049959,-0.1476151207039,-0.0224383291301,-0.0648544684996,-0.0351789242199,-0.2136508569361,-0.2161334443022,-0.2293694774361,-0.3244701985802,-0.2075088159379,-0.0943426594543,-0.2750431433663,-0.3514779259583,-0.0188004167673,0.0231690965278,0.2735143224154,-0.2237186141808,-0.2779991318568,-0.1310631338788,-0.1310729779603,-0.2080633685848,-0.0314382780640,-0.2179157283732,-0.1164218680043,-0.1490879703931,-0.1386926291220,0.0886578350479,0.1438707445326,-0.1479617655726,-0.0112323449600,-0.1537577188057,-0.2260223850414,-0.1134397506640,0.1517681334966,-0.0577625652733,0.2562858946442,0.6407553728421,0.8587341450539,0.5773522626452,0.5807187063374,0.2759437181987,0.5961422568563,0.0569962928739,0.0745168621482,-0.1686488457212,-0.1016225739504,-0.0024725270894,0.0045616264354,0.0311400613767,0.1313708027399,0.5952542751845,0.1071406994729,-0.0354610578366,0.0327312524487,-0.1214865366832,-0.2887836674367,-0.1029782217909,-0.3207394848330,-0.2322754223312,-0.1170710343676,-0.3107940061875,-0.1342189883710,-0.3601771368535,0.0471486027910,0.0198278289417,-0.2557667122574,-0.3267590302852,-0.2120368667277,0.0267288684801,-0.1015391206823,-0.1367044928881,-0.2264102393268,-0.2779615203635,0.1321503454100,-0.1333678440940,-0.1576915219217,-0.0968089816792,-0.1950629879771,-0.0211459572770,-0.1686851437255,-0.1538734800360,0.1625511323995,0.1684458002095,-0.0613139015545,0.0519287541022,0.0107853915805
0.7444198232193,0.7046966193041,1.0000000000000,0.6946064872475,0.7653595611361,0.7816803987160,0.6221229551979,0.1355518406742,-0.0138051930055,0.2183080439645,0.0376515968661,0.0961236057048,0.2055700615082,0.2846574584878,0.3433444607698,0.0425439337360,0.1004049865900,0.1788571674126,0.1924826525658,-0.0429576212817,-0.2270324596656,-0.1766435947246,-0.1948275378275,-0.0905262754053,-0.0317599059254,-0.2933289415285,-0.1977118054712,-0.1183474297911,-0.1778062015892,-0.0049115254305,-0.1185172750715,-0.1279952713321,0.0534562480788,-0.2113578950520,-0.0485520702607,0.1591939747807,-0.1122714834767,-0.1302305548267,-0.0898043759103,-0.0691942157480,0.1203029390866,0.3316712299282,-0.2912817126355,-0.1271033569687,-0.1841389610638,-0.0185678157011,0.0858944399924,0.4387929504632,-0.0206570391258,0.2806571580799,0.7873701201779,0.6672678302892,0.6248431251605,0.8926092767275,0.6567246688666,0.6220158866061,0.1011023961056,0.1401333265259,0.1840575174133,0.0904983464908,0.2482813115225,0.2010228212758,0.2538624459185,0.2618067260561,0.4008316358232,0.0104353644071,-0.0065772780266,0.3013445522458,0.0709811505410,-0.2146451404949,-0.0409847760239,-0.1945888971008,-0.0896718552996,-0.0972603262841,-0.3674050583985,-0.3118375965508,-0.2362048539859,0.0535421871245,-0.2326490989396,-0.0396842695959,-0.1175555282034,0.0533449595402,-0.0220133669690,-0.2726077261167,-0.2527410113143,-0.1403208604464,-0.2120455086811,0.1243664130998,-0.3292267858025,-0.3000790407816,-0.0555519004035,-0.0733314408009,-0.2538261267016,0.0106449387617,0.0657294439839,0.4059628832062,0.1637682426821,0.0959381795208,0.3462502180597,0.1706246583764
0.6293482676089,0.6193719437388,0.6946064872475,1.0000000000000,0.4708990528766,0.6223882452283,0.8184338404849,0.0366234559503,-0.0413558219792,0.0496033374162,0.0544350671869,0.0362996254461,0.2063291916043,0.3161423355666,0.5608673694906,0.2857308143510,0.1977117833543,0.1070086815256,0.2853948917165,-0.1259081158020,-0.0985472326339,-0.2401066071445,-0.0988308731482,0.0351021857294,-0.0990460278441,-0.0858581408648,-0.0233744563528,-0.1664070543579,-0.1669637733461,-0.0623253295770,0.0674672794542,0.0109856660429,0.0997559103118,0.0370177283604,0.1430401272256,0.2644080219103,-0.0627583634396,-0.2279788819545,0.1062074572737,0.0494763791206,0.0726897171983,0.1900025966863,0.0960698979320,-0.1150178343548,-0.2163746875513,0.0048865350815,0.0614319247116,0.3146779010168,-0.0305164237402,0.2673703888178,0.5104552187986,0.5357574699784,0.8218947317878,0.6306017402092,0.4992112923338,0.8301011670268,0.0404686126584,-0.0276444105495,0.0769248415063,-0.0426475642692,-0.0287932698345,0.1605585883755,0.0396691367536,0.1738949413646,0.4892179506487,0.2570635779516,0.3102867985239,0.2501934799609,0.1884966837283,-0.1968705021408,-0.0175982062140,-0.2314834002770,-0.0713087869138,-0.1463801210499,-0.3074900786680,-0.1834869187174,-0.1453043285824,-0.1899045823059,-0.0814908126294,0.0567950450868,-0.1685574738489,0.0064401675266,-0.1403487734001,-0.0570916401282,-0.2569221369357,-0.1929199897786,-0.2043313797462,0.2935343973202,-0.0613496758746,-0.2896279623521,0.0846502727113,-0.0105050024868,-0.1900262373957,-0.2099612422011,-0.0997333580789,0.2912994088232,0.0522137714945,-0.0924769817840,0.1158759592121,0.1567008585152
0.6241677963159,0.4735507053942,0.7653595611361,0.4708990528766,1.0000000000000,0.7812864531166,0.4952546097109,0.0009971126470,-0.0873038664458,0.2871811428730,0.1132728682990,0.2407565040741,0.1426731366478,0.3003108645648,0.2903385680956,-0.0462163185072,0.1388980161368,0.2080054886578,0.0818537023419,-0.1656378520470,-0.2693538523427,0.1293792412917,-0.0497513268501,-0.1438238886444,-0.2065173568800,-0.3513856431385,-0.2407858649021,-0.2268206501703,0.0761985911506,-0.0562763670253,-0.1853676811043,-0.3114096663298,-0.0478230420081,-0.3250877376447,-0.1717372808838,0.1071661951057,-0.1567855287052,-0.1189073456431,-0.0567588078389,-0.0596553738975,0.2896971395057,0.3775768510936,-0.3846275236566,-0.1318015809392,-0.1387004739877,0.1275592346861,0.0407021170081,0.5269171073742,0.1294478340939,0.3175252953071,0.8461235326543,0.4055598590156,0.5595012421247,0.7683494367680,0.6903971756335,0.4361161011495,0.1594744239993,0.1059628366570,0.1147737966686,-0.0400635798068,0.4010762746087,0.3586759224525,0.3978992097809,0.3149081078585,0.2926391050790,0.0641191925968,-0.1447608356137,0.3098982476703,-0.0511489486192,-0.2812650254029,0.0561609133340,-0.0530158745577,-0.1350118570236,-0.2287218043596,-0.3756197156755,-0.2979920298694,-0.2238033293468,0.0120931294534,-0.1415135739170,-0.0661052503385,-0.1710730850689,0.0105363604869,-0.0846651726237,-0.3390125274542,-0.2056622611037,-0.2032736898900,-0.1872454837973,-0.0286920700988,-0.2380187218361,-0.2930060852308,0.0248539128018,-0.0862844724424,-0.1749014070348,0.0520137838283,0.0026382875814,0.4736761245059,0.2832581358802,0.3618353118032,0.3827698977738,0.2041756557338
0.6124333514833,0.4828340279818,0.7816803987160,0.6223882452283,0.7812864531166,1.0000000000000,0.7521909953950,0.0411101751860,-0.0331191427710,0.3377381109494,0.0837509466630,0.2387139315696,0.2805611436413,0.1814535593590,0.3773565632614,-0.0393754613227,0.3163246750379,0.1896978683349,0.2135698182559,-0.1699629048933,-0.2289685997433,-0.0920262845231,-0.1715481874064,-0.0897157682189,-0.1947621395365,-0.3304245352936,-0.2550247094163,-0.2239131582169,-0.1025966053730,-0.0791946351023,-0.0860715502046,-0.2090316094786,-0.0110934002693,-0.2272184230407,-0.1282731629793,0.2282509204411,-0.1350604193499,-0.1971342092860,-0.0401339916971,-0.1151748983196,0.1384124078317,0.3886633743968,-0.2916124733030,-0.1579507682092,-0.2153054198257,-0.0392260198207,0.0549664691299,0.5556579359321,-0.0717167267573,0.4092621196883,0.6721519224846,0.4925980711250,0.6443460862402,0.8459832588292,0.8186605679998,0.6456500212001,0.2785593677574,0.1779527570238,0.1186065405494,0.0709725086064,0.3182096318473,0.3470592634554,0.3877687661336,0.4718222870502,0.3361230553354,0.1970486383224,-0.0520945684897,0.4396602078156,0.0312766457045,-0.2728979054081,0.1152273620286,-0.1868428838728,-0.1193090519371,-0.1732525073952,-0.4190665447888,-0.2759187957870,-0.2683903957709,-0.0828062326628,-0.1896504522413,-0.0599272702626,-0.1620203338038,0.0517618766520,-0.1586641251485,-0.2897982836549,-0.2540624084555,-0.2152837038699,-0.2749626250557,0.1212660304163,-0.1958197512490,-0.3181436487399,0.0415592399901,-0.1371743880892,-0.1971884171865,-0.1078281031587,-0.0537577524036,0.5220673494185,0.0598194611468,0.1200421175497,0.4304413743080,0.3326201221067
0.6183552552971,0.4973892698613,0.6221229551979,0.8184338404849,0.4952546097109,0.7521909953950,1.0000000000000,-0.0256632665199,-0.1293357112624,0.1495200165705,-0.0787474062545,0.0807713970111,0.2546155413773,0.1679855750058,0.5150049775710,0.0865247700714,0.2976499844857,0.1742578949803,0.1738482746540,-0.2146536770773,-0.1418896076871,-0.1154638639220,-0.1539712192698,0.0172260734659,-0.2262165534243,-0.0870414536598,-0.1627201501288,-0.3264292281702,-0.1055531453801,-0.1521002109116,0.0093538049471,-0.1004833907259,0.0319685821158,-0.0207964799598,0.0662625699494,0.2612777428160,-0.1567625713655,-0.2503424978536,0.1903002862901,-0.0882246473249,0.0814402222649,0.2279015661270,0.0957803972104,-0.1339194199248,-0.1846279767026,-0.0229516825447,0.0151678610540,0.3331670808691,-0.1774444382786,0.3453715571802,0.4585427772199,0.5419392726390,0.7463918798201,0.5898764953640,0.5750475211608,0.8919335145909,0.3442980146621,0.1833643078280,0.0375671257941,-0.0386782617476,0.1783957878668,0.1422581404235,0.2484019071430,0.3907665035697,0.4567092122196,0.3567343479966,0.1695198747987,0.3663556676460,0.0663554614857,-0.2785279277226,0.1127404802761,-0.2244665166715,-0.0283589916454,-0.2467762412011,-0.2561212749131,-0.1421252161661,-0.1744966615219,-0.3164726706218,-0.0641435636187,-0.0061248384548,-0.1844455991424,0.0079161643978,-0.0924897620595,0.0785142806364,-0.1776456667517,-0.1802891331542,-0.2222597564703,0.4254381909117,0.0721845480029,-0.2645507852703,0.1693380804669,-0.1002232093077,-0.1063825428701,-0.2518073922717,-0.2028365911806,0.3302831549052,-0.1067190103790,0.0841072384556,0.2715584541662,0.2530156682519
-0.1343472717518,-0.0809315458831,0.1355518406742,0.0366234559503,0.0009971126470,0.0411101751860,-0.0256632665199,1.0000000000000,0.7185165773507,-0.0753164478104,-0.0087075063329,0.1085670169499,0.5003409562711,-0.0982334139192,-0.3448693957322,0.5586275339324,0.1511987435683,0.5580734508414,0.6211983092139,0.8697787866319,0.1635605634124,-0.0351409943549,-0.1735513027573,0.3671234095297,0.7323457136555,-0.0451600417968,0.2377605531982,0.0401914754798,-0.2349648839889,-0.0800448016630,0.1150973162815,0.1898133950812,0.3298498643994,-0.0825961812255,0.2662697155469,0.3255668842405,0.0279609952815,0.2113738152801,0.0195181533351,0.0353170857436,-0.2196133131724,0.0960124787716,0.0501147570000,-0.0565379494187,0.1376886712070,-0.0274760442233,0.0164218092353,0.0409509298585,-0.0081321781199,-0.1761753220622,0.0377607041914,-0.0573479157913,-0.2363499049974,0.0386433263146,0.0221855421153,-0.0239490265022,0.0961037749050,0.4640875474419,0.8472003440008,0.8072085542960,0.0579201242439,-0.0541044765880,0.1225507770542,0.0996591959980,-0.0223038783003,-0.4646787278862,0.3719001658279,0.3810858847673,0.6365614993291,0.5043752607589,-0.1550224263211,-0.0675954638025,0.4122823126041,0.5134536965832,0.1144502249863,-0.3829433364618,0.1218879326731,0.1571703994678,-0.1783861845858,0.3832517800888,0.0636173334383,0.1944425036777,0.0604927980152,-0.0548150370428,-0.1573590588602,-0.0811237960084,0.0101222416790,0.1565278672697,-0.4917811865634,0.0487257055227,-0.1368366902878,0.0185319960062,-0.3933532908561,0.0411547914371,0.2013839901782,0.0198933646740,-0.0053837543632,-0.0162771293772,0.0452498256986,-0.1161909835545
-0.2943247176061,-0.2609748515746,-0.0138051930055,-0.0413558219792,-0.0873038664458,-0.0331191427710,-0.1293357112624,0.7185165773507,1.0000000000000,-0.0891714514791,0.2464489675208,0.2215952633595,0.4026249024310,-0.1728549990614,-0.3366870173827,0.5092911440489,0.1743660900619,0.3246329061536,0.6854493916917,0.7550291567831,0.1887166003602,0.0092732060415,0.0680084944668,0.3899853200479,0.6566369436988,0.1162406234387,0.4160130807101,0.1864545884124,-0.1425368507199,-0.1331166423304,0.3235878639228,0.4074803058300,0.3825298607148,0.0901503829631,0.3419244924292,0.4665356959207,0.2023422095246,0.1971031301619,0.0492037052059,0.1824444937420,-0.2404237322167,0.0184166920028,0.0173410916598,-0.0174837678316,0.0341912461494,0.0281123331226,0.1027932748953,0.0796236944871,0.0821456902259,-0.2190731804818,-0.1167627868689,-0.2628270961461,-0.2485045338221,-0.0235458653852,0.0127423948255,-0.1779411389977,-0.0178217753595,0.1637370711811,0.6833967542819,0.8343801800880,-0.0429733924671,0.1430178790841,0.0639101173955,0.0221821234499,-0.2460038275408,-0.2964764768220,0.3488337719962,0.2689165250077,0.6876216025553,0.6275847055368,-0.0254962524753,0.0726499238592,0.3828124061969,0.6116020610803,0.0619210876614,-0.1590447694287,0.2622404964890,0.2085398029410,-0.0792767390276,0.4057321045669,0.1840407539456,0.2133411502179,-0.1117593109888,-0.1139976121955,-0.1746330967482,0.0237506413274,0.1067997204476,-0.0143520939350,-0.3310364974959,0.0368193935879,-0.0626644586500,0.1338685429614,-0.2794588690280,0.0561206075492,0.1635869822340,0.0740188227995,-0.0319825276406,-0.1034213300975,-0.0359962194806,-0.0575612878157
0.1830520054575,0.0564121635535,0.2183080439645,0.0496033374162,0.2871811428730,0.3377381109494,0.1495200165705,-0.0753164478104,-0.0891714514791,1.0000000000000,0.4223474147822,0.6061836626112,0.3906740294666,0.3868542094986,0.2646970550432,-0.1307152213153,0.4299570285442,-0.0692560657456,-0.0675138239539,-0.1932979907801,0.2973190888867,0.4823097071981,0.3025718085390,0.0473628251627,-0.1831987314788,-0.0604562684525,0.0933145371736,0.1171765630867,0.2126320975671,0.2543545637763,-0.0376822602789,0.0312692481493,0.2095283816830,0.1090804093768,-0.0970811297691,-0.1079755978049,0.1586953687654,-0.1408484629201,-0.1204394110214,0.2459153532605,0.5160802343140,0.5595482505140,-0.0560279531766,-0.0871806048013,-0.0745669299054,0.2538459956391,0.3443093771464,0.3072359161039,0.4215866279105,0.5834314097007,0.2030649539685,0.0717025308433,0.0763317296404,0.2514107981614,0.4859549449675,-0.0419697075025,0.1608335936206,0.0122353961318,-0.0743000441328,-0.0823674958923,0.6456901783523,0.4636957150867,0.4609421627917,0.2944829841555,0.1022567500417,0.1853856731266,-0.3191854882216,0.2128127248568,-0.1098107494676,-0.2820061238476,0.2388422064254,0.3703167460049,-0.0039161369402,-0.1167200988805,-0.2753975065204,-0.2065186177580,-0.0726165602571,0.0816584125861,0.1206156649527,-0.0824955681121,0.0550236109152,0.2222931458076,0.1662120931757,-0.2485353039792,-0.1979024951449,0.0520284042495,0.1495937436545,-0.1553955761675,-0.0558374138096,-0.2141291099045,-0.0332465563988,0.0465399184953,-0.0805123458857,0.2119260283830,0.0998025027236,0.2085292752138,0.3837038022974,0.3207693868969,0.5535232027937,0.4043408545044
-0.1076705898459,-0.1694839489284,0.0376515968661,0.0544350671869,0.1132728682990,0.0837509466630,-0.0787474062545,-0.0087075063329,0.2464489675208,0.4223474147822,1.0000000000000,0.7632325664703,0.3814222895236,0.2282931457011,0.1556569985205,0.2891402656219,0.3614076327788,-0.0410748617950,0.2043934027005,-0.0286177863593,0.3986580732026,0.3542781488227,0.6630272974131,0.3397036633515,-0.1276658381857,0.1180876263425,0.5252637422239,0.2286371175088,0.0825775116417,-0.0542618155083,0.2529519698154,0.3359424345755,0.2473300905089,0.1807572599441,0.3443123715173,0.2722154064562,0.5527441170124,-0.1270560781163,0.1532276713845,0.4382861377793,0.1382253921215,0.1634439022777,0.0926530804804,-0.1948629879884,-0.1302415893712,0.2798132926741,0.2087180338651,0.5048510260876,0.3944350808280,0.2667260553216,0.0545211357375,-0.1468147235673,0.1403719104624,0.1857389115005,0.2139713257731,-0.1451563233907,-0.0877101684818,-0.2704226104250,0.0348128300342,0.0162487868182,0.3013161833502,0.7311239253979,0.3747226921707,0.2684970903200,-0.0907610221116,0.3475732203880,0.0299391048050,0.2202084560513,0.1437029160822,-0.0345080754730,0.4309392234960,0.5224980952441,0.2205621123686,0.0209768916740,-0.0438763356725,-0.0684398636735,0.3451346114610,0.0714460238094,0.0921063112178,0.1753452269089,0.2373553753787,0.2524952315928,-0.0660878197676,-0.1846820309234,-0.2686248545021,0.0376429115477,0.3863603170985,-0.0906060055366,0.0818641201604,-0.2427617237533,0.1856298321565,0.2994921357950,-0.2049675637547,0.1490063941053,0.0623134092309,0.4446756624136,0.2915432213939,-0.0577165140399,0.2296491295492,0.4847245373727
0.0144158412796,-0.1018008593426,0.0961236057048,0.0362996254461,0.2407565040741,0.2387139315696,0.0807713970111,0.1085670169499,0.2215952633595,0.6061836626112,0.7632325664703,1.0000000000000,0.5973970565212,0.3010647218430,0.2045402902737,0.1760358097916,0.6476510172185,0.0683451095672,0.2525746401157,0.0113398897117,0.4277380177249,0.5199436761404,0.5375191320484,0.2717600648212,-0.1100982013550,-0.0351211181589,0.3398804033723,0.0757810633174,0.1547586191847,0.0207062471399,0.1583384785254,0.2153913109542,0.2807519319212,0.0749374858951,0.2044878067690,0.2898491760318,0.4279756626917,-0.1293398335384,0.0786093332364,0.2984739530501,0.1916684471160,0.2951233867436,0.0377237688885,-0.2422918664555,-0.1524420894141,0.1899008431335,0.1657600952026,0.4700236643880,0.3520124741738,0.4165489369431,0.1664318653156,-0.0712694249216,0.0957930504774,0.2211557591855,0.2985484311118,-0.0464314655138,0.1836186985944,-0.0074669929248,0.1250858800928,0.1397660567941,0.5152348493116,0.7630456022021,0.6803750198450,0.5409884026051,0.0081269518843,0.2618830220065,-0.1036229015945,0.4869257370255,0.1521372919514,-0.1233616757490,0.4954072241208,0.5282919346744,0.1835115228848,-0.0072912032711,-0.1980666221677,-0.2789371856318,0.1603414277154,0.0214830721509,0.0906002572776,0.0847205857985,0.1427595798041,0.2542055546758,-0.0254308170450,-0.2298964164670,-0.3786666747982,-0.0740889850696,0.2876445453548,-0.0721237242638,-0.0036841314030,-0.3264563246722,0.1101472907278,0.0951863317867,-0.2858059073962,0.0757397657888,0.0136247335115,0.3890361707018,0.2429627379736,0.1162963592328,0.3474166338382,0.5135996282031
-0.0016126576822,-0.0404738738723,0.2055700615082,0.2063291916043,0.1426731366478,0.2805611436413,0.2546155413773,0.5003409562711,0.4026249024310,0.3906740294666,0.3814222895236,0.5973970565212,1.0000000000000,0.0263007190976,0.0223821081987,0.3660357493838,0.6230536740898,0.4144415648449,0.3349312442351,0.3549722842248,0.3796052109370,0.1464512850800,0.0927669706760,0.4530191250972,0.2479071626086,0.0777099201703,0.3382322449817,-0.0279002152940,-0.1273313970881,-0.1411565708572,0.1944299638411,0.2326869739981,0.4778460899464,-0.0304058300414,0.2274239296600,0.2419773875283,0.1894710995675,0.0424960481159,0.0561612526513,0.1522139695831,-0.0354441060593,0.2253314259165,0.1870343082270,-0.0980511693196,0.0299773771641,0.0118872011749,0.1154127144483,0.2805231763343,0.1245002789037,0.1576300058507,0.0904963042916,0.0183750097070,0.0645386698313,0.2093506824734,0.2726501703881,0.1785560224124,0.4121359907731,0.3435923259733,0.4911669377027,0.4092047331561,0.3279933101672,0.3661449834164,0.5517780006907,0.5920610994151,-0.0059145119991,-0.0103706962507,0.1071078673164,0.6048707180297,0.2945155495358,0.0852913595371,0.1607194054979,0.1520961155713,0.4121284126433,0.1179786435174,-0.0295826723976,-0.3151012958083,0.1109100338951,-0.0060588477218,-0.0887143153632,0.2428073869604,0.0129502485498,0.2709612836442,-0.0702225716797,-0.0581672330136,-0.2321955372243,-0.1752755081875,0.0809251986877,0.1289257162261,-0.1876176461714,-0.1697454213981,-0.0381120431337,-0.0118555176738,-0.3259475761837,-0.0891108907892,0.0094920787031,0.2038197629091,0.0169489511269,-0.0329136836908,0.2883069179597,0.2420955499927
0.4929137266317,0.4382356996907,0.2846574584878,0.3161423355666,0.3003108645648,0.1814535593590,0.1679855750058,-0.0982334139192,-0.1728549990614,0.3868542094986,0.2282931457011,0.3010647218430,0.0263007190976,1.0000000000000,0.6188336829638,0.1291156252385,0.2842436938734,-0.2221187604673,0.1327421847389,-0.1483097154947,0.2448042330585,0.2540008084974,0.2803478380731,0.0494981170992,-0.1099044325965,-0.1217213123148,0.0636789578510,0.1339086401093,0.2371775748495,0.4631767560228,0.0086910352305,-0.0232635344878,0.1046025739119,0.2201172658789,0.0671969211450,0.1113692322451,0.1899848325104,-0.1955641924243,0.0833476289102,0.2794500732559,0.4908800376764,0.4936395917270,0.1081597770923,-0.0996985069044,-0.1026948816359,0.2600175172333,0.2026462599596,0.2611583728820,0.4429528224815,0.5916990475265,0.4332815252407,0.2962062083233,0.3441579052747,0.2548861405875,0.2744702298317,0.1532326800775,-0.1649194580931,-0.1697461117091,-0.1336756967878,-0.1642599446138,0.1543765260001,0.2756414521303,0.1207310209292,-0.0074182762519,0.5879645865470,0.3602384552040,0.0779058065481,0.1159306700963,0.0892851499157,-0.1791614412838,0.1761531511939,0.2885455489999,-0.1040935089706,-0.0358733439216,-0.2821151701513,-0.2704188027386,-0.0692987196712,0.0459387553409,0.2212931213316,-0.0041995365345,-0.0097623384171,-0.0078715116159,0.2743728660159,-0.1784049285352,-0.2746590339299,-0.0254858943113,0.1459315132430,-0.0022615176377,0.0884643541442,-0.1927222026682,0.1363079579168,0.0966531497842,-0.0828714939223,0.0837219545508,-0.0122912588865,0.2219509685411,0.5685874331750,0.1732513583333,0.2866741753438,0.3368168543531
0.4800991903382,0.5139291049959,0.3433444607698,0.5608673694906,0.2903385680956,0.3773565632614,0.5150049775710,-0.3448693957322,-0.3366870173827,0.2646970550432,0.1556569985205,0.2045402902737,0.0223821081987,0.6188336829638,1.0000000000000,-0.0769299130933,0.2716208542290,-0.1538808481731,-0.0496280538749,-0.4209745407499,0.0127016427405,-0.0321131231732,0.0678787859711,-0.0351606151912,-0.3822327830276,-0.0542941390639,-0.0792287358708,-0.0326455806135,0.1472852569555,0.2690408562230,0.1077671680848,-0.1051583034794,-0.0352917911388,0.1482160167382,-0.0882218163356,0.0018343215754,0.0970730913154,-0.1302066143331,0.2094861630707,0.1531534588892,0.3498128743467,0.2850260439856,0.1740372204144,0.0200620301212,-0.0978575302642,0.0439454902397,0.0677421195476,0.2519135518089,0.1227446004916,0.6414385879969,0.3261864416495,0.3553754095437,0.5562944895286,0.3822139363025,0.3820771967984,0.5206881344491,-0.0083832077592,-0.1826097783762,-0.3466317264045,-0.3447479290908,0.0126121563766,0.2458280210562,0.0662282483803,0.1205025806073,0.6373822758831,0.6227408076286,-0.0461086694370,0.0881339248687,-0.1705839787159,-0.3950561858884,0.0986595092668,-0.0315694573733,-0.2010352752203,-0.2980678955164,-0.3157314936499,-0.0406203269779,-0.1120509315640,-0.0703793843651,0.1880698298894,-0.1447589177531,-0.1522520591152,-0.1440628559509,0.0065649536821,0.0044362127949,-0.1113788522877,-0.0737965113282,-0.0257139076469,0.1209718749080,0.3000189440419,-0.1565486921948,0.2670234743659,0.0521587514545,0.1096139708870,-0.1180651383412,-0.1951273532160,0.2027359077872,0.2139635726183,-0.0067195201939,0.1993032722278,0.4021007929341
-0.1384766204115,-0.1476151207039,0.0425439337360,0.2857308143510,-0.0462163185072,-0.0393754613227,0.0865247700714,0.5586275339324,0.5092911440489,-0.1307152213153,0.2891402656219,0.1760358097916,0.3660357493838,0.1291156252385,-0.0769299130933,1.0000000000000,0.2591880600816,0.3879501233616,0.5630355543641,0.5715117795687,0.4696548414377,0.0881071841550,0.2753410563670,0.6182331072389,0.3455894791723,0.2384594957762,0.5727285754380,-0.0064838710517,-0.1618159537845,-0.2150326820408,0.5244183578287,0.4392039415468,0.4699662089098,0.1627060477673,0.6866284774085,0.5421826164047,0.2649374761237,0.0418833284744,0.2745438875928,0.2131441489115,-0.1587731620881,0.0878195038451,0.4600013708408,-0.1514563036697,0.1118327986269,0.1384595056018,0.1435021061907,0.0843072223455,0.2163446641702,-0.0949318349438,0.0003907122568,-0.1207685256433,0.0794319908252,0.0206369420709,0.0418432402509,0.0726090650418,-0.0467033096853,0.0488869615841,0.6068529829493,0.3495499145701,-0.1032374898642,0.0981849020877,-0.0407010923310,-0.0870201598780,0.0145144762353,-0.0860721676264,0.7064653698255,0.3522027758517,0.5893404283298,0.3928779591872,0.1323210661154,0.2402621493824,0.5730767768786,0.1918906223932,0.2550146632592,-0.2052859797011,0.3456278144151,-0.1244956818815,-0.0512554569364,0.6903493794593,0.2348134944892,0.2654891554791,-0.0026672517018,0.1503156241420,-0.1874555070133,-0.0280733914053,0.2437276679497,0.3321235811765,-0.1517188709800,-0.0865630775131,0.0698635425552,0.1308213248752,-0.3926630163784,-0.0524307112062,0.0984890048160,0.1018448851496,0.1022619928146,-0.1064671429330,-0.0386686754767,0.0445467805161
0.0764141578223,-0.0224383291301,0.1004049865900,0.1977117833543,0.1388980161368,0.3163246750379,0.2976499844857,0.1511987435683,0.1743660900619,0.4299570285442,0.3614076327788,0.6476510172185,0.6230536740898,0.2842436938734,0.2716208542290,0.2591880600816,1.0000000000000,0.1308061815846,0.3466257498175,0.0700631442044,0.4786646983527,0.2687528173540,0.2046578201405,0.3084197689189,-0.0798697180011,0.0632195206822,0.2264349918090,-0.0402494786768,0.0075556617262,0.0562251215082,0.3299844971970,0.2318755369795,0.4044652864915,0.0608924666566,0.1695233428832,0.3302469954724,0.2510682679587,-0.0841583718287,0.1104576674977,0.0583060437901,0.1238210228747,0.3246785919830,0.1790376268864,-0.0828434439847,-0.0568847745803,-0.0149767386404,0.1660018670896,0.2735249252925,0.1274363167825,0.3939681416238,0.0762903645983,0.0113126960339,0.2062343010651,0.1608100503919,0.2949074665648,0.2019777737257,0.3359261101568,0.1661939797341,0.1924129435364,0.1726696871842,0.2931331602618,0.4944159428326,0.5268002419133,0.5412376105363,0.1016134555780,0.2666372663643,0.0689588573710,0.7318093247818,0.2240146057552,-0.0330037628826,0.5483600530199,0.2816206444049,0.2066075281443,-0.0264898752872,-0.1807298937675,-0.2132506612040,-0.0109385933197,-0.1193721496805,-0.0117967133715,0.2128606102941,0.0234336225430,0.2469593172176,-0.0834040137881,-0.1315731761541,-0.2879493946790,-0.2128777854186,0.0839035338963,0.0530099046575,0.0425153376954,-0.2302039433240,0.0831046830059,-0.1584018990974,-0.1958857615621,-0.1636432510902,-0.0701335798804,0.2358223326314,0.0473035436410,-0.0235645412765,0.2755390185093,0.4154843846206
-0.1534280285792,-0.0648544684996,0.1788571674126,0.1070086815256,0.2080054886578,0.1896978683349,0.1742578949803,0.5580734508414,0.3246329061536,-0.0692560657456,-0.0410748617950,0.0683451095672,0.4144415648449,-0.2221187604673,-0.1538808481731,0.3879501233616,0.1308061815846,1.0000000000000,0.0665700760510,0.4529580269190,0.0758911290236,-0.0190819048955,-0.1141436613156,0.4925330252867,0.1783625980826,0.1412365641995,0.2532267370468,-0.3452718002099,-0.1374726897780,-0.2952355359661,0.3289484586904,0.0350967760675,0.3838034924073,-0.3503282947971,0.0822781296909,-0.0658210861032,-0.0405798297770,0.3888853813643,0.2054742153308,-0.0454274122458,-0.1195006229159,0.0551909078847,0.1222936146232,0.0796649570884,0.3810772071869,-0.0116971136522,0.0318822581042,0.1277337301964,-0.0596103197455,-0.1211596860286,0.1042700253635,-0.0756130583102,-0.0433168619526,0.1729337801062,0.1932855565537,0.1714137224543,0.3922655685357,0.5458341344363,0.7007284350777,0.2813533514908,0.0377052725254,0.0120350717963,0.1392411782334,0.1076201803402,-0.0666937652782,-0.2686624754623,0.0402774104853,0.5170276923342,0.0414664601398,0.1925177529554,-0.0536374553321,-0.0708450214181,0.5829448603145,-0.1722622182177,0.3319093119241,-0.1178167902992,0.2400999542402,-0.1219640015348,-0.1884829009262,0.5503980901259,0.0065712248861,0.2192788920223,-0.1206629133795,0.1326035954810,0.1768239305013,-0.1228788599578,0.0213180670240,0.2043598565080,-0.2749068602889,0.0777755728010,0.0262398843422,0.0172906839478,-0.1784037724784,-0.0805483768462,0.0637866523184,0.0685173716045,-0.1281674074231,0.0668594356995,0.0711721051351,-0.1007658513117
0.0394017881301,-0.0351789242199,0.1924826525658,0.2853948917165,0.0818537023419,0.2135698182559,0.1738482746540,0.6211983092139,0.6854493916917,-0.0675138239539,0.2043934027005,0.2525746401157,0.3349312442351,0.1327421847389,-0.0496280538749,0.5630355543641,0.3466257498175,0.0665700760510,1.0000000000000,0.5316094590209,0.1084403457240,-0.0457979725872,0.0430066993614,0.1146156284223,0.4977891765091,-0.2328634541249,0.1859457588638,0.0826966681967,-0.2360622940410,-0.0773693528089,0.1608961026606,0.3192747502502,0.2425886522782,0.2020416937068,0.3794611341184,0.7792123176100,0.1308980998253,-0.2515645503782,0.0750439486455,0.1118143005260,-0.1209489767031,0.2124720141213,-0.0242630640405,-0.3504076290529,-0.3546348006551,0.1020156744845,0.1319781037053,0.2082523947558,-0.0090807640811,0.0716997232696,0.0930922773259,-0.0432448230080,0.1006006360320,0.1702984965842,0.1468447614250,0.1459030062461,-0.2035121873499,-0.0056963417868,0.5762768180218,0.6970319702013,0.0201616494984,0.2207281530771,0.1594124010184,0.1992486737818,0.0767046895643,-0.0767411843976,0.5456307311730,0.4182432406369,0.9144155650657,0.3434489672004,0.1071129012210,0.0208917042952,0.0349206424393,0.5045789208270,-0.2633146827687,-0.4591893000675,0.0486815573694,0.0555991996397,-0.1721625435380,0.2566074747066,0.1939935005667,0.1656099551081,-0.0798546895276,-0.2120584566993,-0.5498367058358,-0.0353456429990,-0.0321814485260,0.0642692020155,-0.2670481315928,-0.2992815216713,0.0365790902173,0.0786688874063,-0.5188792406340,-0.0148460379144,0.1646610391609,0.2217641949032,-0.0339554316028,-0.0438916336146,0.1290695568143,0.1553852240164
-0.2872199386010,-0.2136508569361,-0.0429576212817,-0.1259081158020,-0.1656378520470,-0.1699629048933,-0.2146536770773,0.8697787866319,0.7550291567831,-0.1932979907801,-0.0286177863593,0.0113398897117,0.3549722842248,-0.1483097154947,-0.4209745407499,0.5715117795687,0.0700631442044,0.4529580269190,0.5316094590209,1.0000000000000,0.1932793501691,-0.0352046952296,-0.0639968276883,0.4131141003276,0.8461067928954,0.1669763922410,0.4044355637468,0.1209934668825,-0.2310414514491,-0.0430705726772,0.2780331169121,0.3431420975229,0.4209414337914,0.0089400247431,0.3181424087726,0.3308617831441,0.0779839037103,0.4298921739558,0.0255571268614,0.0909084914366,-0.2512522190006,-0.0038621581336,0.0603793011034,0.1438198837409,0.2831383422493,0.0458285821773,0.1066942254989,-0.1031016871504,-0.0203473396899,-0.2769930963597,-0.0802908967957,-0.1867520332462,-0.3588402504108,-0.1089293804856,-0.1348168623186,-0.1861739529668,0.0620502814320,0.4112164703469,0.7808689795205,0.7911509145492,-0.0687128709260,-0.1092252025075,-0.0063715274381,-0.0699985137316,-0.1081281149211,-0.5046803880928,0.3947337137555,0.2694701993652,0.5801155152981,0.7203532453945,-0.1294980553407,0.0273915420243,0.4632400882093,0.6452782779896,0.2569132197878,-0.1814321988150,0.3121044915362,0.2157566517192,-0.1505937991371,0.4970661699118,0.2077575340933,0.2705172452352,0.0693129113330,0.0238909073846,0.0414347251113,0.0775373352570,0.0760616990838,0.1383671046329,-0.4329060961590,0.2616363291005,-0.1516989487507,0.0907099910612,-0.2084278074568,0.1535900560878,0.2778906918819,-0.0931485063853,-0.0261925227217,-0.0568406491668,-0.0837192028887,-0.1730572746067
-0.2343471585031,-0.2161334443022,-0.2270324596656,-0.0985472326339,-0.2693538523427,-0.2289685997433,-0.1418896076871,0.1635605634124,0.1887166003602,0.2973190888867,0.3986580732026,0.4277380177249,0.3796052109370,0.2448042330585,0.0127016427405,0.4696548414377,0.4786646983527,0.0758911290236,0.1084403457240,0.1932793501691,1.0000000000000,0.3073499522130,0.4283711438169,0.6261371984563,0.0797598609088,0.4192960326605,0.5283456653048,0.0985747837544,0.0389650292001,0.0185649490235,0.2960475832850,0.4649881690538,0.5285646117511,0.1775640881000,0.5008611092640,0.1603797918632,0.4189856748731,-0.0424035714824,0.0807178185617,0.1305841196666,-0.0298408666871,0.1128791701099,0.5945427228809,-0.1038319573686,0.1221436723736,0.0221110304934,0.0879637406979,-0.0508663960036,0.3494681901285,0.0812922670044,-0.2465541417583,-0.1389228434018,-0.2066634665531,-0.1877439155068,-0.1167876476883,-0.1838048388802,0.0774833905540,-0.0180272067168,0.1762140200175,0.0249348925900,0.0789683301049,0.1497959727130,0.0882809669453,-0.0425386116204,-0.1098459087023,0.0700864763884,0.1787142663478,0.2450433569518,0.1565555910500,0.0923056610569,0.3987724980950,0.5259323575297,0.5420107350119,-0.0049527637886,0.2868482054642,-0.0215866502772,0.2498919669396,-0.0944591412880,0.1087296277022,0.3656196016238,0.2737202913155,0.3446404728376,0.1109787397493,0.1825216264510,-0.1570960663663,-0.0139508925632,0.4549776391769,0.2635079851050,0.1391722900838,-0.1367367080403,-0.0068159063843,-0.0248431707749,-0.1914296187687,-0.1400366290481,0.0128320228992,-0.0042857436777,0.1640956781403,-0.1411619503815,0.0258427133400,0.1647605150327
-0.0543912756417,-0.2293694774361,-0.1766435947246,-0.2401066071445,0.1293792412917,-0.0920262845231,-0.1154638639220,-0.0351409943549,0.0092732060415,0.4823097071981,0.3542781488227,0.5199436761404,0.1464512850800,0.2540008084974,-0.0321131231732,0.0881071841550,0.2687528173540,-0.0190819048955,-0.0457979725872,-0.0352046952296,0.3073499522130,1.0000000000000,0.5743740133615,0.1382546454229,-0.1252396006118,0.0861185891292,0.2364487373934,0.0220546557841,0.5620370950805,0.0789927692395,0.0333450387113,0.0336898050371,0.1181040594437,0.1822549745307,0.0984867237086,0.0048139468787,0.1961736279230,-0.0623632278555,0.0959214689380,0.2826750761750,0.4584540103542,0.2813484019602,0.0619923019264,-0.1109053442763,0.0426564950888,0.4882201218656,0.2457334440560,0.1024611358477,0.4732354616564,0.2104876208301,0.0180312765241,-0.1863513171881,-0.1309256706552,-0.1736396054001,0.0061714764420,-0.2773005186469,0.1206651069577,-0.0066123321866,-0.0226199564091,-0.0551179334361,0.5745472834129,0.4175877040629,0.4313984219537,0.1232011730568,0.0058520294982,0.0658171744795,-0.1765140664913,0.1212210872695,0.0054092208777,-0.0446824531952,0.3387254862038,0.6925353940998,0.1868998867122,-0.0413609094358,-0.0353083737154,-0.1140134510701,0.1494871497805,-0.0878457978769,0.3901705373008,0.0455155214321,0.0845465229838,0.0797911849401,0.2349226988697,-0.1339353130004,-0.1512390295502,0.0298422378272,0.3291846889641,-0.1430635643863,0.0655866417875,-0.1212021932569,0.0722124060364,0.0898869396930,-0.0535545327071,0.3091263178970,0.0093035880929,0.0481726253724,0.3615904657433,0.6065012329484,0.2533652881823,0.1975625310652
-0.1609988505042,-0.3244701985802,-0.1948275378275,-0.0988308731482,-0.0497513268501,-0.1715481874064,-0.1539712192698,-0.1735513027573,0.0680084944668,0.3025718085390,0.6630272974131,0.5375191320484,0.0927669706760,0.2803478380731,0.0678787859711,0.2753410563670,0.2046578201405,-0.1141436613156,0.0430066993614,-0.0639968276883,0.4283711438169,0.5743740133615,1.0000000000000,0.3523578456136,-0.1702194743404,0.3505670977726,0.6159438981738,0.0645373131725,0.2236018497008,-0.0957194952535,0.2527717702540,0.3604135306703,0.2737115353203,0.4674789246012,0.4029172316152,0.1497705477366,0.5271492430480,-0.0769191177496,0.2530660458288,0.5432860506541,0.3030030905443,0.1808957421924,0.2118478031833,-0.0674872522112,0.0432425134292,0.6151964981194,0.3569953005619,0.2623361408586,0.4348793454002,0.1882825000200,-0.0881334837893,-0.2947782389593,0.0140894848580,-0.0829394167014,0.0599587062372,-0.2693750244733,-0.1467738164874,-0.3077144817151,-0.0835544105978,-0.1989770154975,0.2079870005921,0.5292195978772,0.1605332688801,-0.0784251612992,-0.0619930016269,0.3000833218201,0.0404156046931,0.0205768336160,0.0751816418743,0.1057458652061,0.4247970468848,0.8263042014328,0.2904983612485,-0.0385617007535,0.1219059916103,0.0913802235995,0.4760857787377,-0.1918345867746,0.2422601616390,0.2500504104120,0.4030288402693,0.2013004037580,0.0645791286378,-0.0660233405556,-0.0853968748223,0.2246533787057,0.5659028426430,-0.0445325380751,0.2676508839321,-0.0535943080991,0.2519297151798,0.3955503246330,0.0236322359310,0.2500075892306,0.0843587285151,0.1935850054437,0.2695019139610,0.1233722438623,0.1741648274220,0.3240671621711
-0.2494010966147,-0.2075088159379,-0.0905262754053,0.0351021857294,-0.1438238886444,-0.0897157682189,0.0172260734659,0.3671234095297,0.3899853200479,0.0473628251627,0.3397036633515,0.2717600648212,0.4530191250972,0.0494981170992,-0.0351606151912,0.6182331072389,0.3084197689189,0.4925330252867,0.1146156284223,0.4131141003276,0.6261371984563,0.1382546454229,0.3523578456136,1.0000000000000,0.1727200715008,0.5582760461276,0.6927139807641,-0.0435767148976,-0.0926603294297,-0.2021926708702,0.4901596445813,0.3316094481648,0.4494597870404,0.0209927656605,0.5065921686763,0.1405905899945,0.4405465541355,0.2922499506335,0.3437841442259,0.2487848630432,-0.1409322383792,0.0084858240626,0.5941342144393,0.1429639516668,0.4690487448020,0.0847162334286,0.0091466939742,0.1120718671454,0.2321782890881,-0.0658736100320,-0.1098327572226,-0.1546295777391,-0.0950761706967,-0.0598476584650,0.0406927933922,-0.0010183813761,0.3033477290638,0.2559960549108,0.4588794838060,0.1999191359829,-0.0656751169351,0.1614283474784,0.0287928089478,-0.0517691079244,-0.0719396133763,0.0496563854658,0.3168658954581,0.3374357890562,0.1435944382474,0.3776209509522,0.1966937657845,0.3915587341149,0.8823578080055,0.0436908557670,0.5353821503501,0.0968339410339,0.5059966795359,-0.1104335432549,0.0214705443860,0.6572346318488,0.2094965299871,0.2751717497176,0.0034614107701,0.2989606828564,0.1727476393862,0.0134916807638,0.4803829074564,0.3960531557954,0.0867764260684,0.1732517766553,0.1858022562796,0.2155505155799,-0.0434218120086,-0.0838223539189,-0.0382832266228,0.1388411545444,0.0982930531974,-0.1817414067701,-0.0438703490062,0.1068629912478
