1.0000000000000,0.6838412754424,0.7173017391300,0.5786642170097,0.7511068415151,0.6260476494781,0.6519840157405,0.1346218994087,-0.0185783454466,-0.0860494577332,-0.0263624429318,-0.0979026360705,-0.0070780400386,0.5132034704915,0.2854653107040,0.2365459508833,0.0322248039384,0.1301597303670,0.2277009189080,0.0411701901492,-0.1652979287862,-0.0554271187997,-0.0989851424815,0.1096763091684,-0.0818449627852,-0.1143916276166,-0.0787178797670,-0.1202274212877,-0.1005752340614,-0.0759919017212,-0.0683350349704,-0.0844069681991,-0.1473014358743,-0.0955312563093,0.1255288592403,0.2275567195009,-0.1190021728753,-0.0846749338410,-0.0967998303001,-0.0746486456689,-0.0114025683668,0.0025755898609,-0.1295074834361,-0.1898176649250,-0.1354794002939,-0.1211120375585,-0.0976274147844,0.1529952942862,0.1019873454854,-0.0529733311129,0.8216469708534,0.5308773531349,0.6092069758155,0.5385908569700,0.4753390594912,0.6386908618491,0.1368905554798,0.1299739411443,0.0835136367179,0.0343230220674,-0.0837143550154,0.0970113523230,-0.0696907712755,0.0551084572710,0.3561722120284,-0.0254919015736,0.2702346294387,0.0713885166373,0.0983701586704,-0.0263558566133,-0.0884814468502,-0.1524253443751,0.0116214554169,0.0459971160463,-0.1765197995112,-0.1426354301331,-0.2130978931509,-0.1608738411104,-0.1341168433137,-0.0304566303826,-0.0515975640099,-0.1210508799525,-0.1204023615499,-0.0354520781820,-0.1655945729661,-0.1072376909458,-0.1044205890320,0.3710379156065,-0.1439737704031,-0.0928074516678,-0.0592795687485,-0.0867212287529,-0.1533388265347,-0.2839935482202,-0.1897194593977,0.2275433739734,0.1683978719594,0.0141421141999,-0.0561586754847,-0.0677375718631
0.6838412754424,1.0000000000000,0.6504913453515,0.5289754431810,0.3450298377173,0.4422953868112,0.4736276074108,-0.0057938135610,-0.2389895244077,-0.0207267157815,-0.1663047767207,-0.2080547403393,-0.0970921797706,0.3698683634690,0.4367765954042,-0.0420688894944,-0.1135198616821,-0.0101012809487,0.0294096027758,-0.2006447408604,-0.2987636876760,-0.2156210777833,-0.3091257983049,-0.1028952739206,-0.1574469505412,-0.2016523524887,-0.2223209085544,-0.0601523752951,0.0861584190268,0.2019424514762,-0.1930922692108,-0.1729648434405,-0.2598004552021,0.0647642158913,-0.1209481675397,-0.1009298335412,-0.2820976875130,0.0000439352924,-0.2224736722044,-0.1037121224239,0.0331101423975,-0.0739614020658,-0.2874861647420,0.0079640706516,-0.0583301792885,-0.3095040045956,-0.1107470519949,0.0796776395904,0.0511991384305,-0.0588304780642,0.6772231039647,0.7652272123943,0.4958313105575,0.4010828847410,0.3733136650973,0.5017707302626,-0.1061512062339,0.0135715989539,-0.1078234290739,-0.1748943722867,-0.1194435190850,-0.1154092586293,-0.1567901562904,-0.0368463753358,0.5844928915061,-0.0190667997035,0.1642049061069,-0.1061430067826,-0.0466306715513,-0.1895699497787,-0.2181594010886,-0.2515363380818,-0.2067421085099,-0.1076537629392,-0.2387465540570,-0.0293770199817,-0.1663165230986,0.1060634054389,0.2205224651455,-0.1398779359613,-0.0700329879342,-0.2229715097142,0.2128817060087,-0.1045419157170,0.0469365182775,0.0759939843619,-0.2409152242069,0.1732139861019,-0.1497700858918,0.0725256291101,-0.0972702334647,-0.0349459256230,0.0714195109446,-0.1635362865316,-0.0458725765216,0.1038131733228,0.2900328616871,-0.0903555851228,-0.1898555220514,-0.1207088175209
0.7173017391300,0.6504913453515,1.0000000000000,0.6188421428579,0.6665689451564,0.8015946359535,0.5890479009854,0.1727737825691,0.1397468324227,0.1348135077107,0.1360783348458,0.0579234149847,0.2025378868221,0.2858063034498,0.3408103443808,0.1964403677774,0.1045211356203,0.2608482515134,0.2435473559808,0.0165994612932,-0.2071388368025,-0.0568439998115,-0.0722641681830,0.1494440467767,-0.1092730375621,-0.2572219877278,-0.0020630753053,-0.1948687594710,-0.2463983087050,-0.2004226869788,0.0470586189494,-0.0650993055920,-0.0781385832199,-0.0527079172819,0.0855140894791,0.0550849334932,-0.0763527858085,-0.1568014636811,-0.0338798261338,-0.0205148520518,-0.0780204597215,-0.0449294527861,-0.2504005767439,-0.2656955641321,-0.2476137859271,-0.1402253554922,-0.1255595989850,0.3722768072405,0.0648085281794,0.0158134171074,0.7755538518400,0.5628706996700,0.5019292231592,0.8263381051455,0.6695787675070,0.5871962707776,0.0288339775873,0.0620283040872,0.2392544669938,0.2000807639955,0.1005379733402,0.2226221822904,0.1136253446384,0.1074019908037,0.2955571405980,-0.0189756458793,0.1336014844720,0.2146005098024,0.2233369814956,-0.0388833751782,-0.1113761640685,-0.0992818014604,0.1042932519004,-0.1774870182421,-0.3154712260826,-0.3042953947086,-0.1012053773264,-0.1520016289679,-0.2039054008789,0.1427740888391,-0.0465561830859,-0.1199063524696,-0.2033152970835,-0.2156753459635,-0.3266738632098,-0.1789825124879,-0.0654069198746,0.1703380304450,-0.3650737727417,-0.2606307220146,0.0159407520841,-0.0241169139768,-0.3302337711880,-0.2672768191320,-0.1375130591079,0.3289600321927,0.1025492986136,-0.1519838842906,-0.0558392014980,-0.0887000881615
0.5786642170097,0.5289754431810,0.6188421428579,1.0000000000000,0.5257081217319,0.6626678855527,0.8493604909478,0.2840894342897,0.2287078855150,-0.1754863252934,0.2368145231893,0.0932214762010,0.2949717782179,0.4160455316276,0.5902311634261,0.5095469814398,0.2437634886757,0.3619160406600,0.4836955377639,0.1036488869556,0.0414540870674,-0.3266721679481,0.0775270055004,0.4503404893355,-0.0926507999294,0.0462602857929,0.1565398914335,-0.2745164043590,-0.1921616364763,-0.2494386363399,0.1323588202106,0.0899544993276,0.0666777384116,-0.0418248623774,0.0953711896427,0.2507920064369,-0.0151883526360,-0.1057202281103,-0.0664226976740,-0.1558675480200,-0.2317559392561,-0.1437902080698,0.0147498221770,-0.1246019464587,-0.1443943374382,-0.1515440223066,-0.1376110737690,0.2838093164111,-0.1118474644384,0.0355179026874,0.6014917569080,0.4430160723364,0.8870460632722,0.5991501480445,0.6793479480177,0.7795751561162,-0.0173856161296,-0.1410341281857,0.2948946136584,0.1888197455250,-0.1346539927461,0.1814309832568,0.0661165334361,0.2278760791555,0.4838699158436,0.2399451429366,0.3778133223564,0.1984707864508,0.3607959799425,-0.0052755952575,0.0521182058878,-0.0938232408339,0.2198793119400,-0.1224193802679,-0.1594548338023,-0.1076614452192,0.1272967938392,-0.3321176581767,-0.2790471977705,0.2980400867056,0.0058555589259,0.0312754194599,-0.3291462149680,-0.0967032635344,-0.2346472329921,-0.1410789824036,-0.1142615009364,0.2112165889905,-0.0688387981896,-0.2483279674752,-0.0385792118417,-0.0542853755628,-0.2075507760683,-0.3849729417872,-0.2065828230631,0.3225005504319,-0.0448201127064,-0.3904385218514,-0.1317221580395,0.1538321020092
0.7511068415151,0.3450298377173,0.6665689451564,0.5257081217319,1.0000000000000,0.7472963420990,0.5559776213485,0.3611070994888,0.3020147557193,0.0849535195241,0.1175067643285,0.0909113830721,0.2084045841287,0.4636953836936,0.1905360186188,0.4098672585592,0.1503868341865,0.3879867796787,0.4381179443931,0.2617378651526,-0.0499722722008,0.1462793971854,0.0693184994908,0.2987084057215,0.0148428296515,-0.0770424874310,0.0503005582803,-0.1907217818089,-0.1726274859638,-0.2121658652907,0.0844992925196,0.0244271280189,0.0105808129997,-0.0866448048038,0.1987294603876,0.2838135889282,-0.0524465674430,-0.1037137080440,-0.0745120014532,-0.0057645117013,0.0701174646454,0.1568287634716,-0.1077903695044,-0.2394435221301,-0.1361896336376,0.0029333114950,-0.0453361240424,0.2135927137477,0.2411026486151,0.0169046328038,0.7690947077790,0.1622058812410,0.5197323344558,0.5911869872987,0.6270168422020,0.5673737237055,0.2480384166699,0.1867688970338,0.3483833177494,0.3535606040289,0.0071394536062,0.2228858738737,0.0450039835845,0.0612676911813,0.0958733319408,-0.0841658189250,0.2518564194153,0.2243233387235,0.3504334830045,0.2342638806315,-0.0022120020363,-0.0382628968278,0.2789525466755,0.1032575653422,-0.0522022635951,-0.2266758198677,-0.1673622313503,-0.2298243993236,-0.2591710595033,0.1622957808415,0.0532441166748,-0.0353379312334,-0.2731576851150,-0.1122195517210,-0.3191465712257,-0.1311439530332,0.0130936807768,0.3215436239277,-0.2173268926982,-0.1592542176750,-0.0627236587074,-0.0330695883987,-0.3134439703948,-0.3097318170432,-0.1608941399615,0.2304313731662,0.2638279550834,0.1387049818654,0.0692131869531,-0.0643076896763
0.6260476494781,0.4422953868112,0.8015946359535,0.6626678855527,0.7472963420990,1.0000000000000,0.7258267242052,0.3778984954367,0.2492813755621,0.1576313290852,0.2852303600062,0.2124700444349,0.3966242555475,0.2846855921668,0.4416457048781,0.2719495396183,0.2912555442892,0.4004008152123,0.3677877339227,0.1702102241525,0.0068707419486,-0.0829149946259,0.0349812049009,0.3536493642898,0.0481051697129,-0.1244907045591,0.1360970955094,-0.2154007913801,-0.2257668145140,-0.2537051272944,0.1244457012102,0.0482219596831,0.0743323569485,-0.1038637953678,0.0990997442414,0.1603476548675,-0.0229923325550,-0.1552203004761,-0.0616285005803,-0.0693217526333,-0.0819162513774,0.0236577396267,-0.1555675341813,-0.2573649634203,-0.2275711760357,-0.0972969569502,-0.1211152575845,0.4283656746501,0.0519507875900,0.1518476427275,0.6966555475165,0.4201933941432,0.5767486058049,0.8561505386627,0.8405271648766,0.6510826740912,0.1549325960730,0.1176354250373,0.3672771253928,0.3041955255820,0.1589758360104,0.3723901089268,0.2680817872345,0.3286691466125,0.3249907493997,0.0617314452741,0.1334237698781,0.3054820170521,0.3120829847133,0.0358993336554,0.0259810718406,-0.0255283772252,0.2483500864063,-0.0609011792770,-0.2439459228503,-0.2562546584823,0.0452797910756,-0.2239287400516,-0.2618999939519,0.2221913606314,0.0526818876167,0.0280925428139,-0.3377728138192,-0.2070700328016,-0.3318127742749,-0.2057211304470,-0.0286538597459,0.1955954952455,-0.2946900696625,-0.2728581580463,-0.0431185346067,-0.0699359041246,-0.3409386907387,-0.2544004413671,-0.1360499578474,0.4081754564477,0.0360453577270,-0.1669135647071,0.0187104251877,0.0654844512594
0.6519840157405,0.4736276074108,0.5890479009854,0.8493604909478,0.5559776213485,0.7258267242052,1.0000000000000,0.3348095896518,0.1789831459145,-0.1578966632064,0.1656544596022,0.0406407759071,0.2888758034426,0.3789176187918,0.5293574608130,0.5127708581511,0.2633807457380,0.2978948086861,0.4360481115203,0.2060054959321,0.0042583683267,-0.3156301816955,-0.0182954971669,0.4241802526900,-0.0128872706837,0.1308493735222,0.1192025983909,-0.2203687389934,-0.1669707319523,-0.1633613371846,0.1403162153970,0.1032257947785,0.0029598607147,-0.0340592888220,0.2440641674008,0.4787932839212,0.0519974389828,0.0081982087259,0.0726127104239,-0.0939163151911,-0.2031011553313,-0.1312187379615,0.1609507670687,-0.0355140262332,-0.0017005302040,-0.1972938470344,-0.1955017742804,0.3296389403870,-0.0710584523226,0.0467848406309,0.5925743468679,0.4668547196462,0.8242554787480,0.6078154445158,0.6710869698752,0.8407750987874,0.0889562821666,0.0442886011770,0.3074911552923,0.1739038463226,-0.1156059556636,0.1582610366779,0.0180990533728,0.2871231748874,0.4268712455295,0.3203559416501,0.4855487306182,0.2223829797595,0.2907060710103,0.0491613753784,0.0085020782573,-0.1764859234632,0.1435480623706,0.0111416091002,-0.1583292180499,-0.0374501469593,0.0291963633398,-0.3484323355819,-0.2588426331154,0.2510681953873,0.0083295290376,-0.0247372919232,-0.3442895705057,0.0820811048254,-0.1199749222017,-0.1460769915043,-0.0531033841877,0.4317433682019,-0.0542698303282,-0.0855975290657,0.0445055988313,-0.0586563763056,-0.0807207964875,-0.4381795484614,-0.3402552620038,0.4065221866977,-0.0713502704175,-0.3519746935945,-0.1226551462129,0.1155550626228
0.1346218994087,-0.0057938135610,0.1727737825691,0.2840894342897,0.3611070994888,0.3778984954367,0.3348095896518,1.0000000000000,0.6573162213495,0.2549845479813,0.4292111396212,0.5074866194375,0.5251312878940,0.2343022744538,0.2081786367262,0.4318565418101,0.5276308079426,0.7665549172768,0.5935583506382,0.5760885671113,0.3047925841137,0.1803075361202,0.2098696423599,0.4934436439808,0.4101682238343,0.1828099235078,0.3272716555321,-0.0641074643310,0.0128737083606,-0.0691284300236,0.2017184399645,0.1090758022627,0.2570569309807,-0.0200848271671,-0.0036797827756,0.1907769787972,0.0690215223551,0.2387488115419,-0.0926316455714,0.2127165271846,0.1575287172118,0.2224799811574,0.2406492853144,0.2125340206775,0.1902988580034,0.1631090393798,0.1423651059407,0.1077106317467,0.0743944389541,0.2085855676257,0.1074034890834,-0.1249276189387,0.2053601039178,0.2504796787471,0.3522379582736,0.2970884264078,0.3270656608558,0.4623075381594,0.6950732753248,0.7080844333781,0.2115592125999,0.4653962856660,0.3189881954747,0.3889845224778,0.0332948959875,0.0255481793399,0.1138713066661,0.4232778662634,0.5488349004727,0.3495958724210,0.1337272727892,0.1266186367515,0.5136643968934,0.3829524224809,0.1243241604174,-0.1151534207337,0.1190303694906,-0.0061565470289,-0.1332906778343,0.1590587651086,-0.0359454166570,0.0471742686681,-0.2622861519865,-0.0339792686318,-0.1157702936656,-0.1288037880616,0.0767656611072,0.0064651656199,-0.0495207105230,0.0567254436400,-0.1602120812920,0.0439690855985,-0.0913074828566,-0.1018317886191,-0.0539486542005,0.1138340425986,0.1211612180638,0.0340402118824,0.2192824528846,0.1385916328105
-0.0185783454466,-0.2389895244077,0.1397468324227,0.2287078855150,0.3020147557193,0.2492813755621,0.1789831459145,0.6573162213495,1.0000000000000,0.2688563078114,0.4960513496137,0.4702657425469,0.4426463254692,0.1456418394444,0.0362908764444,0.4675603739463,0.3887645111057,0.6067932054520,0.6563953559191,0.4830079030715,0.3537630935926,0.2935108157462,0.3943541792054,0.5789533200920,0.2553346846779,0.2018589774106,0.4643923843292,-0.0603212592858,-0.2093216297397,-0.2975419219201,0.2902658420758,0.2282848481301,0.2802355606400,-0.0112747644083,0.1337528060808,0.2412041958992,0.2108446194346,0.0371810820946,0.0779150741706,0.2102405651390,-0.0126279914273,0.1477890044938,0.1896190249722,-0.0211432779092,0.0072926034732,0.1849868855518,0.0933717433734,0.2042985198199,0.0146219674785,0.1691554584239,0.0274887460148,-0.3752702282845,0.1040072490199,0.2363281097362,0.2705189554712,0.0757780121934,0.2488395080522,0.0863029021416,0.7031286708337,0.9026618977305,0.2563454455376,0.4038480830071,0.2598955582514,0.2023642675827,-0.2217474185349,-0.0276089371217,0.0228043584916,0.3428513352844,0.6380941965705,0.4196252419003,0.2159034141461,0.3309438210538,0.6379228651816,0.1893494931598,0.1165731622407,-0.1194428568096,0.2040573676040,-0.1307359986614,-0.3450690211882,0.3252045885735,0.1328811557810,0.1534307448136,-0.3675928976610,-0.1068747826875,-0.2820483931271,-0.0877484593012,0.2732632995061,-0.0276112036101,-0.1015313128677,-0.1748534374685,0.0094917415106,0.1372744980696,-0.2395869462138,-0.0641000287256,0.0072725718149,0.1427586745149,-0.0063824862560,-0.0667988197465,0.2330778445553,0.1516407490871
-0.0860494577332,-0.0207267157815,0.1348135077107,-0.1754863252934,0.0849535195241,0.1576313290852,-0.1578966632064,0.2549845479813,0.2688563078114,1.0000000000000,0.3670737901901,0.5475464436392,0.2374852314241,0.1058561022886,0.1622226660960,-0.1433789665472,0.2613444079694,0.0344868403465,0.0437097030834,0.0725841584852,0.3409558007853,0.6757610205555,0.2219379837280,-0.0565147831246,0.2398285978585,0.0019119474275,0.2445649368573,0.1350545710734,-0.2809570000028,0.0347754140124,-0.0885423505399,0.1631900089828,0.1664896321975,0.1845048137928,-0.0189917426697,-0.0410043147898,0.1051499451327,-0.1348447762584,-0.0628573521457,0.1336839116880,0.0776323157457,0.4147002308462,-0.0808597092800,-0.0689152487471,-0.1682260529931,0.0962130843560,0.1571892259360,0.2877984753016,-0.0873843007610,0.5779969150727,0.0890457957791,-0.1247919195959,-0.2376767412237,0.2412125075581,0.1199053073731,-0.3215710879075,0.2424673345153,0.2079075546327,0.1891648536151,0.3442139340289,0.8655268809106,0.2925349245878,0.3903781994179,0.2186419221132,0.0019211984541,-0.0668280377922,-0.2294593870957,0.0871023925574,0.1193754703316,0.0357728141260,0.2055948558331,0.5640444610661,0.2623943724891,0.1377884995209,-0.1472112474673,-0.1293986811266,0.1178496354854,0.0718782257248,-0.1147129595857,-0.0907527535900,0.1708474442561,0.2564832744598,0.1634462298759,-0.1225563569760,-0.2136090300203,0.1243420572624,0.2920872264323,-0.0854375591779,-0.1103196837795,-0.1390599246842,-0.0411686849283,0.0611302486994,-0.0878792079962,0.2113965506075,0.3651065287772,0.1488804021894,0.0538495641884,0.0521531158698,0.5601153213116,0.3524848488342
-0.0263624429318,-0.1663047767207,0.1360783348458,0.2368145231893,0.1175067643285,0.2852303600062,0.1656544596022,0.4292111396212,0.4960513496137,0.3670737901901,1.0000000000000,0.7662994760421,0.5158610869670,0.1471963470898,0.3055942074694,0.2477408219949,0.5371834042969,0.4312362047180,0.3006717762773,0.2578654285433,0.5899839336800,0.2874142051497,0.6525822442049,0.5791524372647,0.2457464766069,0.2495470072897,0.6040844036581,0.0657548164688,-0.1567825719586,-0.2707661430749,0.1872119312517,0.3148005505106,0.3190607259605,0.0176747693213,0.0978772884256,0.0535508675566,0.3408352298066,-0.1065663211167,0.0516502586639,0.1540432777423,0.0017118074046,0.1346263621435,0.1563290079703,-0.1274604397107,-0.1527409498342,0.3038094689828,0.0905968249086,0.3550661080892,-0.0972667246317,0.4484718866563,-0.0086553543574,-0.1978548788817,0.1385687645630,0.3970084699703,0.3311863236419,0.0604103516018,0.1244762460573,0.0422413947170,0.4479941414163,0.4584806068953,0.4426351031498,0.7034323029347,0.5902258482458,0.4839322047763,0.0849222931810,0.2501527446867,-0.1407374882523,0.4316642543279,0.3887985707110,0.1371652926746,0.4445545900877,0.5785007299057,0.6373713054426,0.1486655030138,0.0388250236725,-0.0792686103939,0.4913560773862,-0.0896460615400,-0.2937645758664,0.2642043268960,0.1538889909853,0.3047634916172,-0.2920247722574,-0.2004580811355,-0.2849791716055,-0.1631423189374,0.2758340032369,-0.1202589923246,0.0042268487559,-0.3389548397788,0.0151127953133,0.1319501794355,-0.3064599186034,0.0603517888161,0.0988164829769,0.3174701484849,-0.1401744917904,-0.2086605124606,0.3178483579676,0.5219363874504
-0.0979026360705,-0.2080547403393,0.0579234149847,0.0932214762010,0.0909113830721,0.2124700444349,0.0406407759071,0.5074866194375,0.4702657425469,0.5475464436392,0.7662994760421,1.0000000000000,0.6580103501703,0.1559784713008,0.2593212693733,0.1118177285567,0.7392339990102,0.4241769094297,0.2602321431091,0.2683865150617,0.5657083707635,0.3993832924761,0.6252475963883,0.4366572152459,0.2814976774496,0.1462380471272,0.4936356316939,-0.0434427230263,-0.1241486137373,-0.2655123199912,0.1248913173835,0.2828083199259,0.3757874547211,0.0180330401374,-0.0322285309005,-0.0564984540408,0.2602435023498,-0.1584287454632,-0.0952818040100,0.0863845526195,-0.0262605278536,0.2699163251444,0.0697886216993,-0.1372713226485,-0.2168514852992,0.2824249599601,0.1785435762277,0.2070231166439,-0.1961477736147,0.5135831907088,-0.0140027392476,-0.1601042956508,0.0169989330023,0.2718699983018,0.2569857390448,0.0107464046470,0.3430049675601,0.2537318080781,0.5203191692862,0.5394322783438,0.5953080602501,0.7398947994067,0.7934281806003,0.6311632056880,0.1363591473428,0.0929413608669,-0.2018366170465,0.5800718609163,0.3572727282134,0.1125358291916,0.5205395898918,0.6681581025318,0.5826176712291,0.1643625233318,-0.0351264106189,-0.1749311114193,0.3661096725108,-0.1049365431831,-0.2531327428830,0.2191042890591,0.1260068451299,0.3823758651991,-0.2326016386148,-0.2157704449878,-0.3265677690703,-0.1452859779966,0.1973536472744,-0.1768164357039,-0.0432494144972,-0.3340904920873,-0.1174639865223,-0.0243590429438,-0.3049746297465,0.0935925987336,0.1886861297943,0.1595008649747,-0.1872719086297,-0.1301149240193,0.4029408419606,0.4856226454290
-0.0070780400386,-0.0970921797706,0.2025378868221,0.2949717782179,0.2084045841287,0.3966242555475,0.2888758034426,0.5251312878940,0.4426463254692,0.2374852314241,0.5158610869670,0.6580103501703,1.0000000000000,0.0996320190070,0.2802331587001,0.2727328314237,0.7249658725615,0.5401388717832,0.3069597339862,0.3596775670037,0.3616416017364,0.0593244431841,0.3748717734496,0.4504327204671,0.3203283429443,0.1598870031347,0.4304250304098,-0.2179778658059,-0.1029133828171,-0.3096910281459,0.3274842306197,0.3084115223014,0.5632698189841,0.0008923066741,0.0109886331520,-0.0039592243587,0.1454243956390,-0.0499852283573,-0.1235605724463,0.0263442917486,-0.1398421895712,0.2332932136656,0.0287605441390,-0.0452753680870,-0.1144460133923,0.1848124122892,0.2220539687498,0.0968149227233,-0.2250012992973,0.2983800315501,0.0811658019756,-0.0011527181220,0.2210843073822,0.3888267707303,0.4357544390127,0.2945220686216,0.3135851931023,0.2011403734713,0.5836489973663,0.5029080725652,0.2913061405782,0.5811743721748,0.6317673374091,0.7468097235451,0.1497815821575,-0.0319898039473,-0.0624531263197,0.5705844427916,0.3224464906367,0.0608615275907,0.2298512798862,0.2890703541455,0.4284987225101,0.0529686332426,-0.0892923137174,-0.2602729279122,0.2405830804036,-0.2733106436702,-0.3001765074859,0.3375558660792,0.1015500266022,0.3157196319325,-0.4433934659717,-0.1936097501658,-0.3069660308036,-0.1842860967135,-0.0007088626705,-0.1372564498916,-0.2090098626305,-0.3043110124097,-0.1981722356410,-0.1097648794024,-0.3138333950645,-0.0534261114856,0.0576771229941,0.0955823603610,-0.2872992742868,-0.2353532349909,0.2251209323855,0.2371560991837
0.5132034704915,0.3698683634690,0.2858063034498,0.4160455316276,0.4636953836936,0.2846855921668,0.3789176187918,0.2343022744538,0.1456418394444,0.1058561022886,0.1471963470898,0.1559784713008,0.0996320190070,1.0000000000000,0.4689724288557,0.4604391285812,0.2121433894244,0.1709102407233,0.4237349877532,0.2786826031556,0.2414902916648,0.2080460260525,0.1763531731052,0.2355469770123,0.0711022603404,0.0185390941389,0.1713102071891,0.0224220655154,-0.0241303514895,0.1703359425116,0.1740708827331,0.1962772755485,0.1724204741120,0.0177792735613,0.1812705527542,0.2738725352261,-0.0416187138827,0.0238122683379,-0.1126296033610,0.0298870055820,0.1313907104451,0.2554351074991,0.0199588156354,-0.1051025083615,-0.0456664548672,0.1328396711099,0.2222318503987,0.0953607712490,0.2090106901753,0.2379869730695,0.5446949116161,0.1654258796834,0.4720455379966,0.2378921196939,0.2642224610644,0.3449833286925,0.1590289930678,0.0290381968676,0.1863143354622,0.1594034677702,0.0300666667746,0.1246388625032,0.0527890781119,0.0717746831974,0.4265547959447,0.0730292934910,0.3043743868012,0.1382997858523,0.2542960011364,0.1029187393241,0.2372777377239,0.1395349754172,0.1743470816467,0.1928432319590,-0.0690693259965,-0.2071187742200,-0.0423071505429,-0.0716630851340,-0.1155207980259,0.1244336599400,0.0446489184496,0.2037494991030,0.0630250759055,-0.0770227241577,-0.2074904963323,-0.0624569585095,-0.0708890238944,0.2308001721913,-0.1395630735060,-0.1603521614870,-0.1315759434883,-0.1475957577847,-0.2622023941062,-0.1241314633366,0.1678342606607,0.1523737514252,0.2948281509960,0.1568836439306,0.2161794045123,0.2223908465958
0.2854653107040,0.4367765954042,0.3408103443808,0.5902311634261,0.1905360186188,0.4416457048781,0.5293574608130,0.2081786367262,0.0362908764444,0.1622226660960,0.3055942074694,0.2593212693733,0.2802331587001,0.4689724288557,1.0000000000000,0.1851069958922,0.2545087250718,0.1587086509048,0.2221681864020,0.0356358489522,0.2082937995309,-0.1386509967904,0.0791541725858,0.1924887998336,0.0550335444220,0.0548812215012,0.1916874838154,-0.0263793058325,-0.0728508665412,0.1050631490519,0.1192061118645,0.1859785275978,0.1693494380013,0.1181300431750,-0.0098086774898,0.0595006151065,-0.0452563344751,-0.0523756672995,-0.1018088583664,-0.1006543090368,-0.0350471781645,0.1327325199191,0.0579576323386,0.0083612654627,-0.0823709681986,-0.0668505665741,0.0621643758665,0.2723937295124,-0.1283797275217,0.4961969774182,0.3937137667245,0.3821912565268,0.4775560260315,0.4376283738191,0.5058596771168,0.4221299543895,-0.1212095435234,-0.0706630847546,0.0969573218992,0.0417600466841,0.1489260148312,0.2357227295172,0.2019645340799,0.2943298132524,0.6909232378764,0.3045888572766,0.1386575093964,0.0909656469008,0.1263986854036,-0.1649186244773,0.0326411742941,0.0808432812058,0.0243635476322,-0.0646691922877,-0.3018326161891,-0.1222813530708,0.1608056046324,-0.1267105507281,-0.0478525667479,0.1048483122727,0.0424494507297,0.2013727325314,0.0304498057050,-0.0839478355454,-0.0869576973518,-0.0020841374838,-0.1536553432622,0.0796269894749,-0.0517027036513,-0.1763117364664,-0.0915167633468,-0.1011965818271,-0.0761453792084,-0.1040609484081,0.0859254180769,0.2793465242249,-0.0204528842333,-0.2409358295061,0.1842184767653,0.4249388443315
0.2365459508833,-0.0420688894944,0.1964403677774,0.5095469814398,0.4098672585592,0.2719495396183,0.5127708581511,0.4318565418101,0.4675603739463,-0.1433789665472,0.2477408219949,0.1118177285567,0.2727328314237,0.4604391285812,0.1851069958922,1.0000000000000,0.2726598003494,0.4014595677091,0.6039167259725,0.6897561169602,0.2875405165094,-0.0227571639334,0.3161652459406,0.5676798591067,0.2659535178418,0.3507490384395,0.4109271681779,-0.1160057728469,-0.1155645126268,-0.1011826169802,0.5489718526179,0.4102120366777,0.3333015434912,0.0484516861591,0.4956491618781,0.6637777937115,0.2925235274796,0.2707664324655,0.2057685289832,0.1065652339910,-0.0450660189215,0.1275404035804,0.4736055633490,0.0875623667089,0.2521557660503,0.0929008238505,0.1449275902287,0.1239731645467,0.1422279388041,0.0889348250138,0.1882625377560,-0.1380925542211,0.5103139734114,0.2513686625646,0.2154668614419,0.4482044833671,0.1865315408087,0.0683942187491,0.4842568687670,0.3861367145546,-0.1946162147592,0.1242874364253,-0.0599336285817,0.0085528073551,-0.0446092740670,0.2105586335620,0.6620785285384,0.2609176451168,0.5403609932333,0.4924208388798,0.1704312947219,0.0296472544798,0.3674481982008,0.3702954847524,0.2477684007813,-0.0981404287163,0.1990877256377,-0.2816127481236,-0.3221277726975,0.5431462295420,0.1175482030992,0.2211860769567,-0.3391655084173,0.2184319873844,-0.0675252730353,-0.0923053562728,0.1500645479720,0.3653345797104,0.0005878828684,-0.0073612956351,0.0658125704809,0.0452282018226,-0.1801510936925,-0.3193176784616,-0.0926903456394,0.1784402727264,0.0600359407266,-0.1155733547505,0.0393405066373,0.1705451414887
0.0322248039384,-0.1135198616821,0.1045211356203,0.2437634886757,0.1503868341865,0.2912555442892,0.2633807457380,0.5276308079426,0.3887645111057,0.2613444079694,0.5371834042969,0.7392339990102,0.7249658725615,0.2121433894244,0.2545087250718,0.2726598003494,1.0000000000000,0.4578067457234,0.3727380101847,0.3670193225945,0.5351591603574,0.1917902432204,0.4267129912515,0.5199900639978,0.2379013123670,0.2052773798121,0.3854772723557,-0.2185590247090,-0.0818138696880,-0.3238072150010,0.2346075555497,0.2223841658526,0.3438976405587,-0.1033002347201,0.0772738824358,0.1359024910583,0.2665165578561,-0.0855123845690,-0.0924973446585,-0.0803472406340,-0.1629040346295,0.0581470889462,0.1038568708485,-0.1010452337263,-0.1430023688762,0.0877244582321,0.0427668411424,0.0841156035014,-0.2387920204690,0.2600412172831,0.0291890182712,-0.0343524587585,0.2187445566671,0.2992634887640,0.3166116535037,0.2546522070746,0.4712017078724,0.3606111649752,0.5830283955892,0.4906141943048,0.3992251423717,0.6701704435537,0.6792748506443,0.7446736616939,0.1818346083992,0.0868297164536,-0.0064564079603,0.7462200586115,0.4197347451842,0.1807177742474,0.5817733350560,0.4589231226608,0.5145944834228,0.1860234104871,-0.0045326358360,-0.0735566628411,0.2648536056270,-0.2580818338124,-0.2842678834878,0.3425304333124,0.1402407451185,0.3580742150021,-0.3571782105275,-0.1427187709699,-0.2199867686200,-0.1699426443677,0.1290865580331,0.0132729927580,-0.0575879548557,-0.2467696443269,-0.1122791338118,-0.1961951602570,-0.2686117180297,-0.1359551644289,0.0047421580537,0.1316105590040,-0.2875788222507,-0.1890131497728,0.1920542739760,0.3523679012207
0.1301597303670,-0.0101012809487,0.2608482515134,0.3619160406600,0.3879867796787,0.4004008152123,0.2978948086861,0.7665549172768,0.6067932054520,0.0344868403465,0.4312362047180,0.4241769094297,0.5401388717832,0.1709102407233,0.1587086509048,0.4014595677091,0.4578067457234,1.0000000000000,0.5464260884419,0.3760093349844,0.1003284700384,-0.0111807645080,0.1787243659613,0.5457602908630,0.1831616065847,-0.0296511988372,0.2658171067084,-0.1813499506070,-0.0604347864551,-0.2487200601692,0.2582245612493,0.0145967755566,0.2351192823296,-0.1040019381195,-0.0264898098712,0.0161485482900,0.0480747915666,-0.0246958748082,-0.0266968638948,0.1307963410143,0.0621209515721,0.1390714202979,0.0400780643080,-0.0715801719445,-0.0500998910832,0.1554553038992,0.0923974775022,0.1530737191087,0.0582422633575,0.0613421928800,0.1659485962567,-0.1515703856507,0.2574159145692,0.3171437434150,0.4450226079381,0.3413046323472,0.1508335416637,0.2879624920262,0.7185464667774,0.6611965512167,0.0593411366821,0.4979332306068,0.3399074577117,0.3523727817853,0.0325312312543,-0.0448884704748,0.0676826079682,0.5384272745211,0.5295530604094,0.2564757216816,0.0637152996644,0.0213964086493,0.5065517324813,0.0490898329738,0.0457179748907,-0.2542288712362,0.1588588257108,-0.0757163279332,-0.2187961868473,0.3344963147357,-0.0341844548272,0.0078776011402,-0.3512738225463,-0.1451220752749,-0.2534958368784,-0.1487510829489,0.0019342402835,-0.0669464851900,-0.1089755916788,-0.1395934521062,-0.0630554119259,0.0794543839935,-0.3248411570168,-0.0788319907195,-0.0636920760161,0.1582614048476,0.1056051016318,-0.0294032220970,0.1288573189012,0.0134663931426
0.2277009189080,0.0294096027758,0.2435473559808,0.4836955377639,0.4381179443931,0.3677877339227,0.4360481115203,0.5935583506382,0.6563953559191,0.0437097030834,0.3006717762773,0.2602321431091,0.3069597339862,0.4237349877532,0.2221681864020,0.6039167259725,0.3727380101847,0.5464260884419,1.0000000000000,0.4382611761863,0.2510972157631,0.0921341116885,0.2033022339043,0.5411591202876,0.1728802898840,0.1550020031286,0.3031614077764,-0.1117936911878,-0.1808464364956,-0.2330371906540,0.2527568998041,0.1482901467444,0.1647003252734,-0.0828262043384,0.2185388474594,0.4186840161070,0.1029008450313,-0.0005480975778,0.0087107422771,0.0199873398921,-0.0949497077004,0.0247633582962,0.0778725670069,-0.0500682245325,-0.0089366367921,0.0362242080896,-0.0232145305343,0.1476895200370,0.0215816959511,0.0081675217597,0.2262316620323,-0.1557806493199,0.4119640269648,0.2740718459574,0.3449276908072,0.3884853992905,0.1753930289242,0.0739996431716,0.6329202036806,0.6380373652287,0.0758648769011,0.3081342052521,0.1391755604923,0.1646935971907,0.1041895573801,-0.0428164344226,0.3758907823661,0.3545700171546,0.7900066992634,0.3965111171974,0.2904725175168,0.1610193858221,0.4953495117428,0.2027746983110,0.0965310071949,-0.0978680378640,0.0853236645715,-0.2049773405443,-0.3001275272386,0.3742715631176,0.1303145472688,0.1085622469045,-0.3099550528693,-0.0509246810709,-0.2390549750093,-0.0963623168423,0.1185827467476,0.1590397172163,-0.0923891891242,-0.1287661482149,-0.0172362587620,-0.0372160098289,-0.2425771598311,-0.2466348727508,-0.1095084680540,0.1427399603635,0.0287516104018,-0.0556884749011,0.0754602951032,0.0654196375317
0.0411701901492,-0.2006447408604,0.0165994612932,0.1036488869556,0.2617378651526,0.1702102241525,0.2060054959321,0.5760885671113,0.4830079030715,0.0725841584852,0.2578654285433,0.2683865150617,0.3596775670037,0.2786826031556,0.0356358489522,0.6897561169602,0.3670193225945,0.3760093349844,0.4382611761863,1.0000000000000,0.4050290106509,0.1539604102279,0.3956151320618,0.4514973355340,0.6367354669911,0.4444969208731,0.5423535815881,-0.0064330079451,0.0481409243980,0.0521072438368,0.6194074623067,0.4837313823884,0.5136168954996,0.1331989922667,0.3886885144684,0.4911434294110,0.2257993102443,0.4649145542916,0.0959509975475,0.1849932403864,0.1697147661820,0.3493553212672,0.3878603876390,0.2257854941753,0.3775506916844,0.2517818604990,0.2829208774921,-0.0663199352109,0.1839249726910,0.2515884723275,-0.0270398743521,-0.2585761882502,0.0918839816628,0.1242348118369,0.0679611904586,0.1616070236722,0.4385374745903,0.3643147952458,0.5418886770881,0.4699630061412,-0.0201524492532,0.2280348824811,0.0889205449904,0.1109196004084,-0.1816907291562,-0.0320734166079,0.3607023953004,0.3456324592490,0.4304955463477,0.6656171108802,0.2314833778647,0.1454741101949,0.3982077219190,0.6861855589787,0.4051187702177,-0.0503137670850,0.2584193420089,-0.0749311242823,-0.1291063075992,0.4248650624632,0.1312380830128,0.3319429147459,-0.2679610388500,0.1871711732185,0.0819188611915,-0.0707662321170,0.1269727778000,0.1876732451608,-0.0486670069195,0.1811711831913,-0.0822823944164,-0.0441159589654,-0.0626597626428,-0.1017388109608,0.0360731166936,-0.0280017719937,0.1120070791827,0.1051168807737,0.1748114674376,0.1989676192355
-0.1652979287862,-0.2987636876760,-0.2071388368025,0.0414540870674,-0.0499722722008,0.0068707419486,0.0042583683267,0.3047925841137,0.3537630935926,0.3409558007853,0.5899839336800,0.5657083707635,0.3616416017364,0.2414902916648,0.2082937995309,0.2875405165094,0.5351591603574,0.1003284700384,0.2510972157631,0.4050290106509,1.0000000000000,0.3834457233744,0.6553785201339,0.4331995821626,0.3769944977947,0.4837640394256,0.5854622561576,0.1124243833009,-0.0356771855882,-0.0379020891269,0.2207371047355,0.5447005385572,0.5031441190072,0.1495574014004,0.2385998149841,0.2086536271314,0.3067891921346,-0.0040613410365,-0.1342347176830,-0.0745087184804,0.0178552591847,0.2912888602171,0.2319451291197,-0.0214275836205,-0.0441929810077,0.2735650378102,0.2739188705366,0.0073423009984,-0.1844987964179,0.5109395504725,-0.1707051121288,-0.3472049783517,0.0392657087111,0.0852615490257,0.0616320798613,-0.0646408440909,0.3036726361904,0.0171124338037,0.2916770794709,0.2965461467847,0.3748765760585,0.3665453226038,0.3973173147434,0.3771216984640,0.0545157048163,0.0478411066453,-0.0869001321421,0.2499765413903,0.2921442623286,0.2285534430123,0.6565049096875,0.7088652209672,0.5053638345616,0.3910526014325,0.2701898105939,0.0966310053702,0.3878768709131,-0.1246867028423,-0.1839257797744,0.2031695467101,0.3485058771656,0.6260875198388,-0.1477215935663,-0.1060991719186,-0.0988839333747,0.0292980058389,0.2464162069774,0.0037032117462,0.1601257603835,-0.2376427851301,-0.1851501932747,-0.1997426545472,-0.1493549771805,0.0873578555905,0.3648080921539,0.0174945284858,-0.1880837757966,-0.0237119408358,0.4040622726552,0.6947636212709
-0.0554271187997,-0.2156210777833,-0.0568439998115,-0.3266721679481,0.1462793971854,-0.0829149946259,-0.3156301816955,0.1803075361202,0.2935108157462,0.6757610205555,0.2874142051497,0.3993832924761,0.0593244431841,0.2080460260525,-0.1386509967904,-0.0227571639334,0.1917902432204,-0.0111807645080,0.0921341116885,0.1539604102279,0.3834457233744,1.0000000000000,0.4258293758783,0.0081053760857,0.1682512146083,0.1287056245396,0.2315970216886,0.2452527701705,-0.1386614866108,0.0165631640917,-0.0535898441136,0.2461249306177,0.1309824593787,0.1915136192840,0.1913749287540,0.0894489057870,0.2128159872743,-0.0871182394761,0.0180754732356,0.2443441759787,0.2584190676958,0.3415365188044,-0.0177290781364,-0.1074426846385,-0.1255339754538,0.3822691113938,0.2728504970577,0.1203564235501,0.1699227799489,0.3058924602319,0.0318892338633,-0.3327362663726,-0.2898391340220,-0.0620723753694,-0.1166339209531,-0.3740800575342,0.2741058715352,0.1791641623201,0.1401963387900,0.3355060566990,0.6027575738474,0.2303365658956,0.2396632060676,0.0035448228370,-0.2470172378090,-0.1065496179568,-0.1825273383634,0.0562517418868,0.1181623074813,0.1994719919805,0.3203992054027,0.6376184724609,0.2786019668283,0.2897745641212,0.1134882765129,-0.0400634619533,0.0934282491380,0.1440991663065,-0.1009418560805,-0.0770787752550,0.1874834641110,0.2558531404378,0.1567896406585,-0.0705693939313,-0.1852542580666,0.0948315257542,0.3937282249501,0.0490801504699,-0.0080757150648,-0.1396014061787,0.0169492695790,0.0555425406947,-0.1363273709600,0.2856772455361,0.3871941906864,0.0394148736840,0.2150344771988,0.4092814349987,0.4543674492580,0.2321566187106
-0.0989851424815,-0.3091257983049,-0.0722641681830,0.0775270055004,0.0693184994908,0.0349812049009,-0.0182954971669,0.2098696423599,0.3943541792054,0.2219379837280,0.6525822442049,0.6252475963883,0.3748717734496,0.1763531731052,0.0791541725858,0.3161652459406,0.4267129912515,0.1787243659613,0.2033022339043,0.3956151320618,0.6553785201339,0.4258293758783,1.0000000000000,0.4666947521662,0.2976738056224,0.5097265608043,0.7005765062817,0.1090652518548,-0.1080710663117,-0.2203689464908,0.2621805080846,0.6206144213275,0.4524315576887,0.2620992444740,0.3052732960407,0.1439909312878,0.4185410281352,-0.0876549542471,0.0742084088437,0.1855206085475,0.0694635204555,0.2555828234817,0.1926450431977,-0.1183977678512,-0.1246601415778,0.5200736567712,0.2933473336112,0.1248519330741,-0.0693336882117,0.3901146473775,-0.0767451479553,-0.3214083709289,0.0195767304377,0.1181472215459,0.0737464055899,-0.0618232857304,0.2046902192087,-0.0054891675143,0.3392059622814,0.3441676856938,0.2084702004583,0.4361102033690,0.4257997056612,0.2025607285508,-0.0883357567523,0.0918909976502,-0.0606907071435,0.3258536501273,0.2595849176693,0.3082524037667,0.4992267690303,0.7305521286192,0.5231067250677,0.3311229302152,0.2438481889268,-0.0197976626257,0.5170185205710,-0.1062853129327,-0.2766595528335,0.3244825466567,0.2922044299011,0.5089450480007,-0.2425792670865,-0.1251941440708,-0.2643906150847,-0.0679122375956,0.3738392474453,-0.0278813033974,0.0734846058870,-0.3083598513098,0.0045345906260,0.0763418557068,-0.2601790280649,0.1285774885278,0.2555602727675,0.0938690834002,-0.1105276916003,-0.0359699625006,0.2686888203031,0.4813205223269
0.1096763091684,-0.1028952739206,0.1494440467767,0.4503404893355,0.2987084057215,0.3536493642898,0.4241802526900,0.4934436439808,0.5789533200920,-0.0565147831246,0.5791524372647,0.4366572152459,0.4504327204671,0.2355469770123,0.1924887998336,0.5676798591067,0.5199900639978,0.5457602908630,0.5411591202876,0.4514973355340,0.4331995821626,0.0081053760857,0.4666947521662,1.0000000000000,0.1425920003992,0.2924929188104,0.5023948169274,-0.0661610513517,-0.0477537595573,-0.2771615014139,0.3013956548994,0.2112617680091,0.1744180652964,-0.1114306074271,0.2740539294884,0.3781519912158,0.4468965542142,0.0252396545576,0.2109568155420,0.0948035345133,-0.0660141104747,-0.0394367588116,0.2876841994503,-0.1022643391873,0.0784893775083,0.1317990055934,-0.0892315730371,0.3531915398883,0.1135109348247,0.1062530239007,0.0991408398029,-0.1794470798721,0.3925273298919,0.3459519773498,0.4098679103608,0.3795986629673,0.2169375989597,0.0311611058778,0.5743806181461,0.5014919823554,-0.0102111546660,0.4613217138271,0.3087947471472,0.3328552937032,-0.0042274300352,0.2889453051203,0.2041873421366,0.4899181460029,0.5863727351218,0.3741339905006,0.3817722668825,0.2772898583501,0.7279763211937,0.2137588562919,0.1600775859789,0.0160075940496,0.3554716441491,-0.1734739865136,-0.3052432755290,0.4826766715706,0.1445691722938,0.2068499276985,-0.3633467133473,-0.1234113664407,-0.1671501820656,-0.1892677008277,0.3233369794565,0.2142350488034,0.0213329321225,-0.1507812607976,0.1820819621234,0.0787940973979,-0.3054276708009,-0.1883051910590,-0.1222891653387,0.4181539657276,-0.0151661343272,-0.1552920186046,0.0507243844916,0.2837596198430
