1.0000000000000,0.3658352855659,0.6686386435893,0.4797847873497,0.6998889565478,0.2001617720652,0.4283165720713,-0.0705656417354,-0.0986717304165,0.1176928938383,-0.0368909142472,0.2194746491732,-0.0647150125111,0.6707929578093,0.3125127249725,0.3537136589721,0.1073445440437,-0.1151334493987,-0.0339927065468,-0.0288134783417,0.3069749590449,0.0857651902217,0.2253558275877,0.0318481541315,-0.0345022988030,0.0666663940091,0.0743853364437,0.0768953208679,0.0760213393621,0.1383388393918,0.2248038706773,0.2247351047687,0.0611018806761,0.1632141681642,0.4474894056655,0.3321657216983,0.2674375300051,0.0253230605698,0.1522042570640,0.0289763067288,0.2361773775114,0.3141674834021,0.4016769045417,0.0183546580924,0.2325339312376,0.3054152309922,0.1805213144243,0.1106002144929,0.2738928436451,0.2388867707522,0.8196146797750,0.5503878991546,0.3773963144191,0.5077934307177,0.3257667951597,0.4458295055333,-0.1286085317975,-0.2459759678432,-0.1171264832461,-0.1719000394342,-0.1961180688540,-0.1896333625563,-0.3088342251231,-0.1678215131960,0.3599853796745,0.0634001704285,0.3355051578570,-0.1533845947741,0.0667095442725,-0.1565415217846,0.0688470472689,-0.0349748330129,-0.0432004699046,-0.1109366771191,0.1590611227572,-0.2887498100277,-0.0944655887850,-0.1170879193042,-0.0960957977837,-0.0361746408150,-0.2996713664388,-0.0419765246356,-0.1088206700876,0.0040052217091,-0.0436363383706,-0.0403495835320,0.0334420190606,0.4474211671895,0.0205030133563,-0.0668920808115,0.0889089449961,-0.2168488815491,-0.1184417377518,0.1644612181807,-0.1850168402052,0.0062724936474,0.2511441719964,0.0547592069546,-0.0052705765102,0.0665226464658
0.3658352855659,1.0000000000000,0.3863178945798,0.3223220520763,0.4401115381804,-0.0267925342950,0.1806127197023,-0.0632230462641,-0.2530733712397,0.1700248903265,-0.2633566844831,0.0070287596978,-0.1532504591688,0.7174586262956,0.3429737804960,0.0735174139527,-0.0989010483841,-0.3140604889752,-0.2288097156713,-0.3320589795060,0.0119107087008,0.2455857325481,-0.2121445531220,-0.1884916998758,-0.2942214467379,0.3079397006581,-0.3557934694442,0.4366779354332,0.5810824994083,0.7918157751198,-0.1161826753769,0.0980096575686,-0.2509051062090,-0.0525225912382,0.1722797997529,0.0309327945413,-0.1327339501782,-0.3365564114012,-0.0846415390622,-0.1189825456843,0.6056026003577,0.3723097144240,0.1583625390074,-0.3237751620833,0.1054716277162,0.1125533494647,-0.1121225607959,-0.2366214886394,0.5936620248355,0.2651918655754,0.3632505400844,0.6769775683224,0.2112227358561,0.2029780380461,0.2745965630491,0.1265145663885,-0.2545737073318,-0.2290304955246,-0.3368010539319,-0.3303417518490,-0.1942360619160,-0.3752575131485,-0.6290348390312,-0.4285800732655,0.6291699684848,0.0213738143955,0.0560775907105,-0.3256784321787,-0.1633866927782,-0.3683646671450,-0.2805440642651,-0.3650187633493,-0.3059918282453,-0.1010069469167,-0.2879868092308,-0.2311377251543,-0.6045535957832,0.2996085691452,0.5983930622206,-0.3322244657406,-0.5371780050290,-0.5130989030739,0.4843230308433,-0.2383459995643,-0.2401447023252,-0.4130021307623,-0.3120868283706,0.0652633738704,-0.2806359609876,-0.2837712907009,-0.2187569584396,-0.5260034442000,-0.5794729130285,0.0156328481153,-0.4429238754738,-0.2571186033757,0.5571300548023,0.1706512322301,0.1531326103337,-0.1797631007955
0.6686386435893,0.3863178945798,1.0000000000000,0.3346140175620,0.4926725780018,0.3470530424134,0.3577166546762,-0.1692042282172,-0.1541553248590,-0.0741772021803,-0.1851083714786,0.1185557740176,-0.1532427299065,0.4126397558157,0.0729966079149,0.1864716954236,-0.0633054536000,-0.1869269133714,-0.1493694007690,-0.1300217619961,0.1594776117814,0.1152007342565,0.1657264464534,-0.1715553085885,-0.0649382972715,0.1778886831414,0.0616626062544,0.3941829583729,0.0884271438901,0.2911121779510,0.2260374150053,0.3215465415117,0.0507794764978,0.2353296608672,0.3293166689945,0.1376691744841,0.1485048636212,0.0937767347784,0.1983919226619,0.1326909533719,0.2062677243279,0.1741834526060,0.2202027740707,0.0720651839289,0.4273541752848,0.2835880502826,0.2363585907760,0.1500671307641,0.1865307399138,0.0988876324104,0.4846326271877,0.7547853244333,0.1251741500147,0.6569216765713,0.2535374210544,0.3684669517515,-0.2537792193498,-0.2070001408279,-0.0420422114867,-0.2404782161155,-0.3634202718769,-0.3121170967587,-0.3771548791485,-0.2595945832913,0.1957300297023,-0.1291210606008,0.2981512607709,-0.2652379470914,-0.1121616196493,-0.2105493990323,-0.1311642540114,-0.0866292533413,-0.2462804920848,-0.2326032884628,0.0307876792404,-0.1817917268074,-0.0764820607851,0.1889958611142,-0.0027941620256,-0.1972475546375,-0.4431734170927,-0.1090158277328,0.0528775284320,0.0287466639051,0.2374752219643,0.0577174222983,-0.0171423079269,0.4063224530271,-0.0396597294828,0.0923016059383,0.1331039206072,-0.2025415314361,-0.0626687013710,0.2131528622322,-0.0955448432287,0.0305098535952,0.1217955505481,-0.1114766429630,-0.1327833988847,-0.2041692163732
0.4797847873497,0.3223220520763,0.3346140175620,1.0000000000000,0.4858892075109,0.5500323493319,0.8670031269026,0.5466934530801,0.4824804305606,0.6481120725066,0.4874847441938,0.6262644400468,0.4640616437741,0.6438173774007,0.8110909876861,0.7904330743358,0.5788932280701,0.3758415501806,0.5681891559833,0.4432371169009,0.5516307830760,0.4274795503367,0.3925099085967,0.4640318926947,0.3640781353457,0.3040895201492,0.4022156408554,0.3996568403024,0.2331679930956,0.2729091726622,0.5617033637609,0.5726305333125,0.4085806640959,0.3401993224983,0.6183049165376,0.6813719124918,0.2018446812576,0.3156287715733,0.3579847233673,0.2533602375314,0.6059540322804,0.7067856287678,0.6159851264017,0.3750235782014,0.4766900132053,0.5517885026680,0.4658153885912,0.3335625412330,0.3703232100311,0.7029868751359,0.4439771402085,0.4912200088994,0.8315707578434,0.5546792392886,0.6603105399942,0.8688533036841,0.3510961816299,0.3392122642380,0.3971069477585,0.4031147375702,0.2092672063774,0.3336085749128,-0.1998075955833,0.1734252159497,0.5821175743804,0.3682868017061,0.5304370912976,0.4068421362036,0.5708382679350,0.3718818961960,0.2241876290184,0.0113278976812,0.4105547649926,0.3389032748423,0.2300300409311,-0.4185436469682,0.1143949653364,0.0195627686563,-0.0003059857035,0.3331333901084,-0.5029359172050,0.2011821711158,-0.1956007003180,0.1692132567111,-0.1051615300242,-0.2051497319563,0.0042038457701,0.5591674665531,0.0217465281167,0.2612724084913,0.2313185171374,-0.2169098171121,0.1151510739672,0.0210464564921,-0.4371526216665,0.3631679304614,0.2877650858599,0.1380951455053,0.2013138674516,0.0851786090378
0.6998889565478,0.4401115381804,0.4926725780018,0.4858892075109,1.0000000000000,0.4487129330260,0.4928460241877,0.0951763585413,-0.0483594644711,0.2324923090854,0.1607129829754,0.3904876755159,0.2144618025941,0.6583610304925,0.3292670797324,0.3970349593157,0.3456816633398,0.0423452247464,0.0225820630557,0.0298167728689,0.3984585019012,0.4352537602525,0.2183505906012,0.2542973817211,-0.0632437053839,0.2625452766677,0.0968024640836,0.2438272925302,0.4500925782900,0.2271634212776,0.3737318416410,0.4433860955016,0.2668135782774,0.3841530854496,0.3726560219642,0.3285025734125,0.1691422840088,0.0424554092276,0.2873244762988,0.1480226214902,0.4267645564133,0.3799696011906,0.3931732267401,0.0509781753795,0.2432525347609,0.3788498658506,0.3691772467901,0.2286824440773,0.7247777145396,0.3312762798353,0.7109458163849,0.4357560228139,0.3950818722099,0.3585511847208,0.5657284868175,0.4583889602650,-0.0700503116066,-0.1381844673904,-0.0331159039472,-0.0804414616498,-0.2243984960271,-0.1552366124694,-0.2800800789494,0.0170733657177,0.3911170267529,0.2449280762947,0.2353177365916,0.0461492935602,0.0943635616682,-0.0734896181709,0.1078506494466,0.1785457731672,0.1305800220489,-0.0249816148834,0.0611579650465,-0.2218798577069,-0.1888154023876,-0.0005457290297,0.2434870626131,0.1295804578103,-0.2266416631210,0.0394339065086,0.0213291532038,0.1007859321722,-0.1378227126140,0.0116371949299,-0.1199368561786,0.3957372194613,0.0546891320303,-0.0250318710589,0.1878518326489,-0.1196409703837,-0.1028211362345,0.1928215010624,-0.2128893799813,0.1023487378848,0.6281836759720,0.0847818811646,-0.0900017130011,0.0146380080751
0.2001617720652,-0.0267925342950,0.3470530424134,0.5500323493319,0.4487129330260,1.0000000000000,0.5713233471664,0.3784162532063,0.3537051738572,0.3794410862590,0.5398598368691,0.5639976810656,0.4476890440477,0.2457031314885,0.3988447631764,0.4850918935889,0.5106344854297,0.5083535011118,0.4315897153501,0.4815838212668,0.5788733286005,0.5611805271297,0.6566204659282,0.5129851892588,0.2795413204611,0.3422795225494,0.6078601719964,0.3406398962338,0.2325146090796,0.0785435970859,0.5778261502377,0.6452463407159,0.5893412643557,0.4497151799428,0.3104732217835,0.3399864583970,0.2781894968894,0.3971300213588,0.4126346175260,0.5409158306389,0.4026754456854,0.5460412623994,0.4284881798493,0.4507253478357,0.4575242342269,0.6250732008409,0.6228787902746,0.5787248478050,0.2824373108462,0.5636940306626,0.2573759135942,0.2992853804135,0.3556107361915,0.5802349711641,0.6362398786325,0.4862393131441,0.2980506386923,0.2513574452642,0.4372962057074,0.3299243306581,-0.0205037160111,0.3977352654512,0.0422157140858,0.2373009425324,0.0478941493918,0.1694815798418,0.1485383586932,0.4351977607692,0.3139772032109,0.3791943477910,0.1388553419641,0.4031763216665,0.4561582241712,0.1413132092376,0.1160430555961,-0.2851348809012,0.3209053538804,-0.0011734111116,0.0117468898180,0.4497039225780,-0.1872510103304,0.3738179610908,-0.2470636020280,0.2832736589745,0.0418612978330,0.0321777537765,0.1982647967518,0.3406658709420,0.0779014695275,0.2774022414196,0.3815141158729,0.0836768096001,0.2796432970023,0.1353232562561,-0.2428131338242,0.5290402341640,0.1587638386742,-0.0471979257244,-0.0290286093353,-0.0381694699751
0.4283165720713,0.1806127197023,0.3577166546762,0.8670031269026,0.4928460241877,0.5713233471664,1.0000000000000,0.4571754250314,0.4458619002563,0.6295882593788,0.5404468060353,0.6961338268115,0.4777206705314,0.4439131362096,0.6326584431050,0.7690398954245,0.6308750086174,0.2897084026473,0.5288322495757,0.3616420642993,0.5595375422215,0.3581246022343,0.3925197799143,0.4980710162937,0.3510277144362,0.2677317643751,0.3689516218069,0.2989501661840,0.0998141267803,0.1275469926581,0.6302220286125,0.6123085202224,0.4532334523670,0.4371312091155,0.7012791071973,0.7713891303728,0.2608941000258,0.2647454287630,0.4711921765929,0.2158644599676,0.4439847704947,0.5721234498330,0.6294902122965,0.3179006701106,0.4224509067170,0.5221025884981,0.5182860412406,0.4007032267209,0.3399583381158,0.6417627416618,0.3615660816902,0.3958379546046,0.7222048598423,0.6488483132472,0.7525340551763,0.9083682087515,0.2860618856964,0.2124360862749,0.3149126040894,0.3480471659756,0.2792926443772,0.3612978807354,-0.1166448516062,0.2603255137992,0.3644585390749,0.3907501770384,0.5850037272563,0.3971220843842,0.5951979408838,0.3112804775743,0.3777947085510,0.1052342104313,0.4368162498977,0.3788010773119,0.4126057942037,-0.3482549847425,0.1275858648540,-0.0975797437742,-0.1347877043092,0.3555125947568,-0.3608713444333,0.2888123218167,-0.2634235319082,0.2792331481589,-0.0522048300476,-0.0544747758978,0.0297066883663,0.7045784364366,0.1946618009468,0.2595330417233,0.3380265108680,-0.1295422006624,0.1166281364476,0.0195529759568,-0.2661329032975,0.4119416996331,0.1642423821534,0.0810847353708,0.1426318331949,0.2177040395314
-0.0705656417354,-0.0632230462641,-0.1692042282172,0.5466934530801,0.0951763585413,0.3784162532063,0.4571754250314,1.0000000000000,0.8613752122201,0.6019406424281,0.6579165891313,0.6519861010019,0.7984821601773,0.2715287920212,0.5247533810768,0.6206754287472,0.7312615952153,0.7460935045705,0.8574010036500,0.6595648643337,0.3689356132291,0.4319005824913,0.3866632610891,0.6161795260613,0.6194568055385,0.3538264320366,0.4596778868433,0.2800258536278,0.2490576675665,0.1088493384898,0.5278678098556,0.5413588452995,0.4806093869306,0.0257231947028,0.2917909439411,0.5108862295848,-0.0720851765074,0.4011213520941,0.2066137695008,0.1693592534535,0.4737958841023,0.4886840709243,0.3022785523865,0.4798458568837,0.4411214207808,0.3973021348248,0.4103633831843,0.4265311716110,0.1958567165136,0.4684985681915,-0.0115488359735,-0.0216374799740,0.4598047768120,0.1185933710917,0.4669227452734,0.4753658720993,0.7476272366577,0.7835035267817,0.7126879845663,0.8241291536839,0.3190812118747,0.5230287171948,0.2211270918404,0.5944034221503,0.2640953520353,0.1651063510571,0.4077976581262,0.7528651426412,0.6888263138075,0.6531815978553,0.3253580768412,0.1139708188349,0.7154871948378,0.5888269458518,0.1906809996711,-0.2378124048033,0.2390993337502,-0.0055766696913,0.0638332895247,0.5235286622505,-0.1594362741447,0.3578223439913,-0.2116429106738,0.0905221648917,-0.1057741203981,-0.2848713644358,-0.1595190141303,0.2518698664974,-0.2005629284746,0.3143344906960,0.0994178993269,-0.1809110474426,0.2063838920949,-0.0333961965321,-0.3458924395404,0.5224891286785,0.1666278629593,0.2657031639062,0.1010898693219,-0.0614863086992
-0.0986717304165,-0.2530733712397,-0.1541553248590,0.4824804305606,-0.0483594644711,0.3537051738572,0.4458619002563,0.8613752122201,1.0000000000000,0.4910864262393,0.6529697671518,0.5885628367354,0.7279142781993,0.0902875722981,0.4015404616750,0.6083814962856,0.6422715098214,0.7542404888870,0.8564840403684,0.7495459618858,0.2755739618391,0.2419205371941,0.4167810292546,0.5825581957189,0.7607471591886,0.2104763076208,0.5604518347704,0.1176103099367,0.0328310980082,-0.0695430750576,0.5092808703583,0.4620925013337,0.4399134146725,-0.0144079634474,0.3342812747305,0.5458681380612,0.0375653392120,0.5311798638313,0.2243378544214,0.1421022689480,0.2743775942867,0.3651872658438,0.2303234634401,0.5578932082805,0.4337263178529,0.3308407498942,0.3596548810738,0.4611903567952,-0.0476797173219,0.3414804254639,-0.1024866181155,-0.0931214875414,0.3824829312520,0.1362487129737,0.3296497935764,0.4575221555188,0.8492582284331,0.8131727940973,0.8376079274256,0.9632312459801,0.3421827873747,0.6357750946172,0.3710310390077,0.6775722799617,0.0762602472699,0.0575951245102,0.4263502551148,0.7793368669355,0.7297289070379,0.7547085245397,0.4067674383477,0.1429257576016,0.7591291993731,0.5748323060190,0.3456048206409,-0.0802650105179,0.4878186788643,-0.1250486740185,-0.1445700737130,0.5378741562078,-0.0337019836157,0.4893450886692,-0.4173961268178,0.1320681622457,0.0939174559815,-0.2067291444844,0.0132032780992,0.3239390120339,-0.1174488462104,0.4595543430038,0.1430343385313,-0.1042489510018,0.4035797905835,-0.0576617755529,-0.2021585047059,0.5668019748455,-0.1009381959094,0.1194757861122,0.0511531576678,-0.0155158566937
0.1176928938383,0.1700248903265,-0.0741772021803,0.6481120725066,0.2324923090854,0.3794410862590,0.6295882593788,0.6019406424281,0.4910864262393,1.0000000000000,0.6230263418631,0.7401233416614,0.6055046497512,0.4303253815598,0.7447528434000,0.5251748824217,0.6582117700363,0.4108477797400,0.5239241261404,0.3516906535434,0.5410678058315,0.5884197202478,0.3031966974839,0.5903123571448,0.3276523176909,0.2812086367827,0.3359465879175,0.3612002073199,0.1846931606380,0.2408771830500,0.4708856471038,0.4961748329124,0.4566357176747,0.2968745595123,0.4203269508067,0.5384914959432,0.1873773516688,0.2242950733296,0.1597327461990,0.2143478847909,0.5914279904089,0.7272414464635,0.3921046430585,0.2702716028854,0.3618286992445,0.5073444910647,0.4950295641967,0.2109122914275,0.3401843101107,0.7905758370053,0.1339708732897,0.1797815476091,0.5259428078801,0.2969352595323,0.6748705305105,0.5013035424331,0.4058629073931,0.3437676426441,0.2907360732174,0.4066824067932,0.6911424714447,0.5533467754724,0.0950206241748,0.3141415216837,0.4306035363111,0.4130880224698,0.2591578549304,0.5324825959569,0.5338963343365,0.3330126164693,0.4496909763202,0.1846836175632,0.4723242278938,0.4886673039229,0.2240563736091,-0.3092996223362,0.0806085287324,0.0882283556974,0.0419357494383,0.3659129248596,-0.3215870987694,0.2913540211661,-0.1005369423771,-0.0825639303881,-0.1581454544225,-0.1083552459003,0.0410813651288,0.2606173004462,-0.1395016566185,0.1802120679072,0.0432527859715,-0.1304666360738,0.0540778529309,0.0057620708691,-0.2277081899275,0.2507088616856,0.1752501359230,0.4779529132046,0.4861122152253,0.3100478749900
-0.0368909142472,-0.2633566844831,-0.1851083714786,0.4874847441938,0.1607129829754,0.5398598368691,0.5404468060353,0.6579165891313,0.6529697671518,0.6230263418631,1.0000000000000,0.8275002429270,0.7513068957136,0.1378070146769,0.4725592663898,0.5776857090216,0.7469141213538,0.7080802040144,0.6627441182811,0.6138520202844,0.5814612640978,0.3898780611566,0.6470000047334,0.7194595200377,0.4516713703822,0.1846499447409,0.5685257547095,0.1227854197623,0.0237568483038,-0.1481503807952,0.5831064985168,0.5794463424569,0.6334551622364,0.3440210896807,0.3634272823238,0.4836627541751,0.2938414569212,0.3378112765823,0.3955267997395,0.3666646248301,0.2839596866157,0.4721764843692,0.3623584613777,0.4124281016232,0.2937377499884,0.4824700780485,0.6365595430170,0.5005362521608,0.1334884235435,0.5445724072012,-0.0347498325518,-0.1759245196680,0.4536162737080,0.1944134642510,0.4919319827839,0.4692857981800,0.5883941648626,0.4652601794297,0.5400641251410,0.6382499379658,0.5194796872648,0.7756603657510,0.4941527155718,0.6198198378276,0.0396200083277,0.3472210985597,0.1965374170327,0.7363981877346,0.5511667347307,0.5722451188585,0.5471885569063,0.5192085688774,0.7446632593497,0.4523159772503,0.3106086438915,-0.2455664318901,0.3497090293794,-0.1566139620266,-0.1581259213651,0.5972802275231,0.1269596705797,0.5305683047667,-0.4094282273990,0.1325206129424,-0.1097193877728,0.0471191242362,0.2392762541731,0.2956817339925,0.1124278655307,0.2213174381294,0.3471112325797,0.1633811417045,0.3086150754315,0.1502053855175,-0.1085282293193,0.5663079673914,0.0201826691700,0.1329230624422,0.1889293814696,0.3001757747927
0.2194746491732,0.0070287596978,0.1185557740176,0.6262644400468,0.3904876755159,0.5639976810656,0.6961338268115,0.6519861010019,0.5885628367354,0.7401233416614,0.8275002429270,1.0000000000000,0.7610083303585,0.3821699064162,0.5414494490005,0.6968987956515,0.8244154469849,0.5773341137356,0.6123247848823,0.4985336798003,0.7198189761136,0.5269424015736,0.6567141947813,0.6974005792500,0.4395123376954,0.3649794161223,0.5328138308928,0.3157721606462,0.1905060600804,0.0898873813519,0.7108494402694,0.7681970972051,0.6702704676635,0.4469101412573,0.5682835490346,0.6249508619700,0.3417826140177,0.3355304059177,0.4310793217921,0.3199480321036,0.4735761968319,0.5914465138954,0.4999512013474,0.3749128753969,0.4647288249937,0.6303065187456,0.7244273545972,0.5103291783507,0.3174169380567,0.6272887894549,0.1891954160384,0.1154727559424,0.4774882432994,0.3808958232052,0.6426583201767,0.6020387588033,0.4706324477542,0.3659444055791,0.4586727983289,0.5031319421248,0.4046831909773,0.5744005986521,0.3155735061262,0.5342812360306,0.2043123019883,0.3394556262928,0.4214813781682,0.6575526592592,0.5717369402929,0.4644056160939,0.6261724204824,0.4880842295608,0.6750399215285,0.4934406810648,0.3594255175354,-0.2940218073327,0.2361612654289,-0.0671812592985,-0.0482143290780,0.5213508147649,-0.0858011244688,0.4715253577455,-0.3137550664170,0.1144296942431,-0.0867529986327,0.0051110587573,0.1394823337473,0.5181666276299,0.0394677635433,0.2227301081066,0.3274041154920,-0.0430881900755,0.1805088240971,0.2205955788202,-0.1503164192711,0.5194193327761,0.1442549956949,0.2271088121660,0.2126522564389,0.2802037186264
-0.0647150125111,-0.1532504591688,-0.1532427299065,0.4640616437741,0.2144618025941,0.4476890440477,0.4777206705314,0.7984821601773,0.7279142781993,0.6055046497512,0.7513068957136,0.7610083303585,1.0000000000000,0.1863607471613,0.4012825528709,0.6466435173191,0.8548899499912,0.7606762126067,0.6826575244960,0.6341929938703,0.4681171077090,0.4188720585055,0.4478423733210,0.7317909701362,0.5553963743654,0.2008420194338,0.5417833620650,0.1661836671397,0.1616187808210,-0.0613507776011,0.6881049364506,0.5979492241404,0.6948658713016,0.2615255282987,0.4150973221067,0.5647206047040,0.1528820203958,0.4659194902855,0.3794281186431,0.2654280558053,0.3652600196495,0.4466914601758,0.3646620998289,0.4729843175088,0.4081015312446,0.3964113549075,0.5319319327118,0.5013577219186,0.2456602344792,0.4590698183612,-0.0005397672436,-0.1135802242550,0.3734330665416,0.1544454376729,0.5230363152207,0.4658415504628,0.6816049348741,0.5636354266165,0.6265135993002,0.6964023213611,0.3334945652953,0.5487514101530,0.4062011483189,0.8326981882660,0.1167265453478,0.2664768501128,0.3280777097683,0.8234967710638,0.6043734578028,0.5744035089632,0.4786903062089,0.3211398084188,0.7533201607292,0.5084631242715,0.2886483444885,-0.1787217038131,0.3193934364364,-0.1406605064206,-0.0334422190695,0.6733557913568,0.0053852828490,0.5844381145205,-0.2871261433925,0.1921940544805,-0.0720569382878,-0.0314167612479,0.0039644136221,0.3677622678586,0.0010836658220,0.3310441083431,0.2737533854967,0.0258535446246,0.3139097775155,-0.0141754248208,-0.1342639046469,0.5100189655025,0.1292098767932,0.1826681110717,0.0798700905349,0.1156138593458
0.6707929578093,0.7174586262956,0.4126397558157,0.6438173774007,0.6583610304925,0.2457031314885,0.4439131362096,0.2715287920212,0.0902875722981,0.4303253815598,0.1378070146769,0.3821699064162,0.1863607471613,1.0000000000000,0.6387772660660,0.4415506197389,0.2704949947703,0.0797803438356,0.1597612647331,0.0456630075097,0.3544596762456,0.4190702717194,0.1879283018153,0.2056507823035,-0.0143268173115,0.3276401051672,0.0472735210095,0.4010156067953,0.5467625455440,0.5980660002754,0.2249217029599,0.3503812756655,0.0567392537143,0.0958175962316,0.4150600198636,0.3537617887389,0.1391223726427,-0.0764111437412,0.1001687905756,0.0555924100426,0.7093487662504,0.6245906809246,0.3907361712824,-0.0339641014456,0.2575057119636,0.4037870178690,0.1798395130567,0.0827881997899,0.5449261432580,0.5022273526553,0.6337995183263,0.5953483848385,0.4778850753148,0.3802599109113,0.4880194292010,0.4379506650508,0.0739192023445,0.0252347645235,0.0072883977586,0.0153081693970,-0.0480355223761,-0.0451123782905,-0.3604421273799,-0.1051250158188,0.7318279418828,0.1379359094615,0.3114800748694,0.0502283509969,0.2197887982844,-0.0350281170333,0.0513109202497,-0.1018541459503,0.1274214672244,0.0896255867561,-0.0193583895700,-0.4009171314344,-0.2930666322993,0.1834728030889,0.3953190945962,0.0334741672777,-0.4841342324938,-0.1933048319197,0.1579960652833,-0.1449519535240,-0.2558826311312,-0.3735458680956,-0.0795057959482,0.3020025570554,-0.2434662783740,-0.1396118789888,-0.0334304372187,-0.4281397540293,-0.3085713754768,0.2176956398639,-0.5176914571117,0.0453677070881,0.5467826133302,0.3201848484599,0.2328295657620,-0.0607459311895
0.3125127249725,0.3429737804960,0.0729966079149,0.8110909876861,0.3292670797324,0.3988447631764,0.6326584431050,0.5247533810768,0.4015404616750,0.7447528434000,0.4725592663898,0.5414494490005,0.4012825528709,0.6387772660660,1.0000000000000,0.5941904894070,0.4590176060575,0.3449360573237,0.4571144362685,0.3636328219387,0.4722523001830,0.4783853324861,0.3372083684435,0.4207950066803,0.2892040094104,0.3633695100450,0.3016083930263,0.3988045149665,0.2760564252655,0.4033412927920,0.4039075700313,0.4827827042805,0.3050487146408,0.2596538118812,0.4753894252039,0.4882418848812,0.1842131919425,0.2523729560968,0.2837684273958,0.2612462260657,0.6688412861367,0.8107269234953,0.5695424655376,0.3036305954544,0.4461519430221,0.4704771118054,0.3665835838279,0.2271587332925,0.3758156408260,0.7772436396514,0.2673882446932,0.3333454152176,0.6818948295559,0.3525323354607,0.5651311993794,0.5698609800060,0.3491441386414,0.3036610430911,0.2492955202677,0.3279489634610,0.3774659999147,0.3812085058103,-0.1767158248079,0.0836812839245,0.5697921333951,0.4280717959774,0.3006868747940,0.3273983390749,0.4543128141732,0.2884133207642,0.1304560731241,-0.0685992352523,0.3228013279120,0.3346143544034,0.0824997569262,-0.3335527575457,0.0196150482030,0.1279056656342,0.1249225159549,0.2537607858742,-0.4657635832147,0.0725977800341,-0.0511039035942,0.0591631412099,-0.1299767387238,-0.2902757075577,0.0530886317396,0.3145471806303,-0.0566968539199,0.2424764345955,0.1794527542967,-0.2010853506133,0.0421057442093,-0.0266597510379,-0.4966124045047,0.2957813530624,0.2807252634424,0.2793739897272,0.3528278255590,0.0597451987917
0.3537136589721,0.0735174139527,0.1864716954236,0.7904330743358,0.3970349593157,0.4850918935889,0.7690398954245,0.6206754287472,0.6083814962856,0.5251748824217,0.5776857090216,0.6968987956515,0.6466435173191,0.4415506197389,0.5941904894070,1.0000000000000,0.7974965057264,0.5716698036667,0.7072052951015,0.6179726788519,0.5988398966190,0.3032011211488,0.5021178524725,0.6557685650511,0.4597576303713,0.2376929598459,0.5038162909688,0.1252196577904,0.1767189574965,0.0723608793567,0.8032474320551,0.6826500183773,0.6136059566736,0.3425333894563,0.8118624484107,0.8802893362824,0.2914186481520,0.4684406605750,0.6321645063909,0.1619061227741,0.4133192233973,0.5575693030286,0.7713425804083,0.4222667646948,0.5159345249840,0.4148986960435,0.4559649008206,0.5560107781649,0.2283132110905,0.5496296808376,0.3668918378764,0.2247009676079,0.6793074210733,0.4448608155450,0.5851760612294,0.7742932357284,0.4856472168181,0.3227045108687,0.5397194433043,0.5226677596405,0.0902294123779,0.3432970950794,0.0571624717178,0.4300902628832,0.3155368427201,0.3101306618205,0.6975430409090,0.5881012616174,0.7625605865499,0.4627850713449,0.3622296202226,0.1033814545711,0.6259625147777,0.3524010946021,0.4651812972630,-0.3027649584475,0.2503162483575,-0.2613966638792,-0.0924752460623,0.6450308993725,-0.1824205662850,0.4348083197353,-0.3041445517791,0.4486101560331,-0.1158478962991,-0.1665406401850,0.0670344430429,0.7648223450648,0.2164778336730,0.3475875317838,0.4695354190464,-0.2158773432740,0.2189849724840,-0.0608593646121,-0.3606089488322,0.5455676022629,0.1144064525336,0.1114289003302,0.0109684389028,0.0456708317256
0.1073445440437,-0.0989010483841,-0.0633054536000,0.5788932280701,0.3456816633398,0.5106344854297,0.6308750086174,0.7312615952153,0.6422715098214,0.6582117700363,0.7469141213538,0.8244154469849,0.8548899499912,0.2704949947703,0.4590176060575,0.7974965057264,1.0000000000000,0.7182704145109,0.7435108173286,0.6378194224489,0.7045825263378,0.4789034569030,0.5573348299077,0.8415976382884,0.4706942133793,0.2298377191666,0.5653022189458,0.1041851140321,0.1967654122729,-0.0880743655799,0.8219022679639,0.7055818957355,0.7942325239607,0.3759685646806,0.5830162223998,0.7622162412235,0.2895488816618,0.4737880149360,0.4813665699532,0.2112244240267,0.3658924367249,0.5004091282622,0.5634753141522,0.4648788874175,0.4170829490799,0.4701365736936,0.5902410109466,0.5306470856055,0.2866150102864,0.5489368165767,0.1863812075551,-0.0263945861769,0.4635147064055,0.2446685903779,0.6292980134640,0.5890744274958,0.5508000797793,0.3807010914036,0.5696478369143,0.5718262208813,0.2904696211905,0.4973265115683,0.3365384416320,0.6457639143543,0.1572169927821,0.3593339571504,0.4474750317175,0.8031863658347,0.7293918541852,0.5171297098271,0.5954400602356,0.3862848006642,0.7791680018483,0.4639520372462,0.4512516666470,-0.2669883512340,0.2792132346310,-0.2487670595487,-0.0626335815854,0.7608602393230,0.0435917052282,0.6467134620261,-0.3290240568959,0.3264280590003,-0.1675622654042,0.0101871495658,0.0948246950957,0.5466720095131,0.1345276518831,0.2872643368192,0.3772068162772,-0.0200857176202,0.2974767809312,0.0244571453836,-0.1307916784986,0.5253268954607,0.1439607370618,0.2526463503344,0.0825738309831,0.2251216299756
-0.1151334493987,-0.3140604889752,-0.1869269133714,0.3758415501806,0.0423452247464,0.5083535011118,0.2897084026473,0.7460935045705,0.7542404888870,0.4108477797400,0.7080802040144,0.5773341137356,0.7606762126067,0.0797803438356,0.3449360573237,0.5716698036667,0.7182704145109,1.0000000000000,0.7291877341325,0.7884257557547,0.4253087208717,0.3168386401606,0.5891683393766,0.7256044835816,0.5621168236145,0.1277937752685,0.6707148543505,0.0484079264413,0.0603486240100,-0.1619684319137,0.6385387628595,0.5053223373043,0.6763800295782,0.1018952063194,0.2801886914068,0.4205925856725,0.1962425291376,0.5677285023902,0.3500254592883,0.3039545056532,0.2251041947371,0.3779619034125,0.2368368485578,0.5383309029173,0.3843321293726,0.3413324130099,0.4582515343393,0.5516334961335,-0.0179613923210,0.3776354186256,-0.0485339492365,-0.1714762236655,0.3150912314911,0.0879659222791,0.3220682943856,0.3158484031185,0.7400058198650,0.6390295111767,0.8053156286174,0.7665878922279,0.2233701483860,0.6350240702098,0.4799198703296,0.6651228733282,0.0072443928595,0.1716065442649,0.1721190324824,0.8782313003869,0.5739906848211,0.7151906088476,0.3623228942922,0.3729351696114,0.7916408148175,0.3773767449770,0.2539206663391,-0.1355087908545,0.5035357111065,-0.1913098518926,-0.1135892996459,0.7840508649758,0.1430327185206,0.6339797290836,-0.3876192496846,0.2055043968354,0.0069420126649,-0.0604199278606,0.2131236524302,0.2323164333761,-0.0331582648083,0.3861884037762,0.3281422795701,0.0780564540635,0.4446505383091,-0.0249107099185,-0.1545036322762,0.5834675353688,-0.0450840454950,0.0711474107903,0.0232602882854,0.0348317213926
-0.0339927065468,-0.2288097156713,-0.1493694007690,0.5681891559833,0.0225820630557,0.4315897153501,0.5288322495757,0.8574010036500,0.8564840403684,0.5239241261404,0.6627441182811,0.6123247848823,0.6826575244960,0.1597612647331,0.4571144362685,0.7072052951015,0.7435108173286,0.7291877341325,1.0000000000000,0.7126372396558,0.4611766871089,0.3184387023840,0.5015775518724,0.7061788626381,0.5820113477993,0.2180277546381,0.5416854696164,0.0796945399773,0.0941047993879,-0.0866621179520,0.5684123784570,0.4927312672573,0.4811695021419,0.0479544027655,0.3853431229682,0.6816833699497,0.0884486306671,0.4425443646030,0.2829769562384,0.1707515894672,0.3006279334768,0.4159309024063,0.4035692018253,0.4802805949937,0.3547987988801,0.3792004353984,0.3678134910010,0.4706141289660,-0.0153399837239,0.4515698073834,0.0275462062537,-0.0756930434638,0.4815988416536,0.1940890982059,0.4356199200101,0.5625512876926,0.6852693424574,0.6529092676136,0.7708042180909,0.8142205874661,0.2787042759754,0.5903429285630,0.2784855393738,0.5262558744468,0.1483834361358,0.1500967048613,0.4816201392317,0.7466264163894,0.8685163751852,0.6404461905608,0.3964888853548,0.1843645711146,0.7791807149416,0.4658044094073,0.4021559424454,-0.2762814488600,0.3777590057950,-0.2067066453570,-0.1297166393272,0.6300281479786,-0.0456633967360,0.4201278509223,-0.3766761446178,0.2498282494559,-0.1504023540992,-0.2516351966956,0.0626012698151,0.3764807282837,-0.0169333620750,0.2973356831952,0.2201630289538,-0.1408320185553,0.2821837017044,-0.0621271290354,-0.3054408246349,0.5644723066486,-0.0389640810626,0.1912396315728,0.0462672618517,0.0133319585663
-0.0288134783417,-0.3320589795060,-0.1300217619961,0.4432371169009,0.0298167728689,0.4815838212668,0.3616420642993,0.6595648643337,0.7495459618858,0.3516906535434,0.6138520202844,0.4985336798003,0.6341929938703,0.0456630075097,0.3636328219387,0.6179726788519,0.6378194224489,0.7884257557547,0.7126372396558,1.0000000000000,0.4611297445757,0.2080229408337,0.5681070850490,0.6489787969502,0.7494237861647,0.1333465787928,0.7391810556302,0.0137247000680,-0.0241276888479,-0.2235595415592,0.5875513508302,0.4801310611202,0.6342575371671,0.1596389937724,0.3943394344781,0.4821511053126,0.2197318972809,0.7291848091776,0.3949219724461,0.1993176127887,0.1758843089523,0.3568925747562,0.4152145544347,0.6148375411661,0.5095551552752,0.2977536313089,0.3653494910157,0.5161907399272,-0.0513511388180,0.3654615233508,0.0355092414281,-0.1394100674731,0.3888866956474,0.1661217339952,0.2532617507441,0.3678250808846,0.7239863147490,0.5498869634360,0.7050416561390,0.7633040100032,0.1628675872775,0.5484413033840,0.2962957559199,0.5441257501758,-0.0095278940404,0.2083253299438,0.1999023154562,0.7123445278373,0.5731164622500,0.8411367241586,0.2581915469111,0.2482928582436,0.6709255874578,0.3994837213187,0.2794798325562,-0.1161833857917,0.6131934403317,-0.2578353954233,-0.2176606693095,0.6778171455189,0.0350804456124,0.5845753940268,-0.4715104334444,0.3397436980080,0.0282846901932,-0.1259257151952,0.2406116754387,0.3306031232211,0.1173758542350,0.5334675133140,0.3431112666429,-0.0366456897392,0.4795620963198,-0.0811113197539,-0.2658137366220,0.5828313724041,-0.0656478659670,-0.0082918523725,-0.0219090176354,0.0565701697011
0.3069749590449,0.0119107087008,0.1594776117814,0.5516307830760,0.3984585019012,0.5788733286005,0.5595375422215,0.3689356132291,0.2755739618391,0.5410678058315,0.5814612640978,0.7198189761136,0.4681171077090,0.3544596762456,0.4722523001830,0.5988398966190,0.7045825263378,0.4253087208717,0.4611766871089,0.4611297445757,1.0000000000000,0.5042816975652,0.7054363764485,0.6704409610402,0.2721714313107,0.3484167144490,0.5481800668840,0.1789923139567,0.1933212982155,0.0420304645672,0.6717024301277,0.6818273180637,0.6898168217945,0.4694572259454,0.5028609721100,0.5286762304572,0.5289039045325,0.3517486574724,0.3721972506369,0.2967594666725,0.3509178935463,0.5728368405270,0.6180441835350,0.3644254367032,0.4433460238449,0.6139307619658,0.6365933855114,0.3641716418889,0.2751364021046,0.6296012908318,0.3196467841363,0.1183570112148,0.3846189838542,0.3464241748477,0.5088280922430,0.4578855560555,0.2113101753285,0.0436523073729,0.2708250011550,0.2021115482212,0.1355493897486,0.3571200874689,0.1115000812388,0.1822756829565,0.1170321461708,0.3881627461983,0.2707983446511,0.4154167175754,0.4390401446039,0.3093600111695,0.4826057109280,0.4974128572488,0.5040067367130,0.2526542958125,0.3693146956741,-0.2577631538540,0.2382054261245,-0.1359054302060,-0.0257189614941,0.4904188942447,-0.0058091827201,0.4444209451196,-0.2594115619422,0.2083920981156,-0.1036925562497,0.0634925094582,0.3648221097105,0.4539517735656,0.2422107929784,0.1549499214864,0.3516723464466,0.0035412587886,0.1992548136904,0.2157594613102,-0.1449191875496,0.3483792253787,0.1303754374024,0.1605084336964,0.2295742234618,0.3629245273105
0.0857651902217,0.2455857325481,0.1152007342565,0.4274795503367,0.4352537602525,0.5611805271297,0.3581246022343,0.4319005824913,0.2419205371941,0.5884197202478,0.3898780611566,0.5269424015736,0.4188720585055,0.4190702717194,0.4783853324861,0.3032011211488,0.4789034569030,0.3168386401606,0.3184387023840,0.2080229408337,0.5042816975652,1.0000000000000,0.4137712923296,0.5050907373519,0.1670423030466,0.5319127665903,0.3496377660796,0.4761262723582,0.6482625486329,0.3418770235122,0.3785073992466,0.5248008826554,0.4285790662901,0.3386066534065,0.1043475603601,0.2046769734398,0.0854002349006,0.1754119715114,0.1690521108817,0.3613866169959,0.6617805620252,0.6135377990276,0.2593859434793,0.3157980190124,0.3508288146704,0.6765816255109,0.4971363471754,0.3096756994934,0.5240263076395,0.5839119697641,0.2186805988467,0.2863795057258,0.2197502361416,0.1493329608696,0.6175670919546,0.2731814449937,0.1843027159555,0.2247671256258,0.2391007963689,0.1989110186021,0.1163722842275,0.1754370365383,0.0188780101290,0.1464364283274,0.3284446725430,0.2031693688534,0.1097617544442,0.3575626263718,0.2654687536908,0.1904551251185,0.1882609331657,0.3990281899185,0.3789234868687,0.2985194384600,-0.0587576665010,-0.1697616799697,0.0272055108168,0.3001094767691,0.4864296818167,0.2768813502145,-0.2717634243132,0.1725011832213,0.1507376494070,0.0070129489659,-0.0930294677668,-0.0835827522359,-0.0655349536018,0.0741169184456,-0.1537073546174,0.1128986503290,0.1105768077702,-0.0454909322025,0.0731517060752,0.2969421374680,-0.2029848510413,0.2132554909102,0.4199559735244,0.5428859253830,0.2495667323943,-0.0394370693307
0.2253558275877,-0.2121445531220,0.1657264464534,0.3925099085967,0.2183505906012,0.6566204659282,0.3925197799143,0.3866632610891,0.4167810292546,0.3031966974839,0.6470000047334,0.6567141947813,0.4478423733210,0.1879283018153,0.3372083684435,0.5021178524725,0.5573348299077,0.5891683393766,0.5015775518724,0.5681070850490,0.7054363764485,0.4137712923296,1.0000000000000,0.5993820855379,0.3865326650648,0.3629242956703,0.6805568987698,0.0454142457842,0.0980142621956,-0.0812168674337,0.5698325011677,0.6516978818686,0.6296776072352,0.3298394645909,0.3848004831689,0.3688858582554,0.4602481586154,0.4190018922975,0.4304810162987,0.4214281984519,0.2320080782802,0.4521878751338,0.4628846231462,0.4545290393623,0.4108007759724,0.6222677689217,0.5897755119402,0.5754182055145,-0.0017438458248,0.4447637276684,0.2388356671274,0.0239429888881,0.2508223743420,0.3667544070104,0.3810427336958,0.3572047056312,0.3806386201036,0.1889860692944,0.4413351906317,0.3793503635875,0.0185857820294,0.4973781568890,0.3693330160684,0.3217373448181,-0.0722004112444,0.1130184206577,0.1732399017153,0.4829297129862,0.3833962321896,0.4020832162276,0.3603179159017,0.6023130836603,0.5919100892767,0.2039476021767,0.2510809525935,-0.1831540050454,0.4341292175886,-0.2308332462775,-0.1043240437447,0.5441105868520,0.1650169412390,0.4856317997074,-0.3884922364134,0.2389646227863,-0.0005928170499,0.0127834691893,0.4204710679773,0.3742041344559,0.1421345898159,0.2209110691934,0.4462476981458,0.0827346206825,0.3179669587134,0.2465149459521,-0.1391136137703,0.5492626093950,-0.0766270459755,0.0575198172061,0.0108945609109,0.1118888400413
0.0318481541315,-0.1884916998758,-0.1715553085885,0.4640318926947,0.2542973817211,0.5129851892588,0.4980710162937,0.6161795260613,0.5825581957189,0.5903123571448,0.7194595200377,0.6974005792500,0.7317909701362,0.2056507823035,0.4207950066803,0.6557685650511,0.8415976382884,0.7256044835816,0.7061788626381,0.6489787969502,0.6704409610402,0.5050907373519,0.5993820855379,1.0000000000000,0.4447044390568,0.1737690089338,0.6439625006892,-0.0103689948294,0.1949685581152,-0.1502954306804,0.7070553378352,0.5489176650645,0.7354467092085,0.3076126321318,0.4646748151436,0.6579812561998,0.3916201341872,0.4482933455125,0.4739789940380,0.2490039998505,0.3124081585194,0.5032902930699,0.4826596887395,0.4349044861430,0.3318504473801,0.4382986324802,0.4779799032299,0.5607635660047,0.1831123396642,0.5494812443450,0.1632538408744,-0.1072876506132,0.3736285695197,0.1646883200240,0.5817384170236,0.4217202308296,0.5379183225463,0.3144668629357,0.5378048269369,0.5443436536292,0.2902871419082,0.5217072046164,0.3947411990486,0.5699334925460,0.1215129000296,0.3402285518380,0.2996534827588,0.7650043803976,0.7105531224053,0.5121616440187,0.5355679454764,0.4440640385900,0.8565540169252,0.4270991074063,0.3934810691579,-0.2215354559485,0.3774357304900,-0.2729597583833,-0.0470943689382,0.8071560786155,0.1090113075492,0.6021120147299,-0.3306807898349,0.2957102262157,-0.1794324336208,-0.0375917952699,0.3013684197795,0.4044469908149,0.1661013580354,0.2349752546194,0.4262081597697,0.0283766878413,0.3176819636049,0.0843673618604,-0.1537951255717,0.5413194234819,0.0814454676859,0.3261903806675,0.1844944147304,0.2609501257558
