1.0000000000000,0.2173931182637,0.5317543023459,0.4394717362937,0.8506678285419,0.3422239116321,0.4339146261890,0.0383179498561,0.1275253774971,0.1834786712052,0.2467639916186,0.4753499872199,0.0744001783298,0.7416569441520,0.0879779837688,0.3158988001439,0.2975286780048,0.1672841808210,0.1902960734702,0.0516952928544,0.3116999150691,0.3689824988561,0.3010599365609,0.3596999777438,-0.0370091129896,0.0786017815616,0.1804749559573,0.2276059394637,0.2298255506387,0.2138141101991,0.3439978535549,0.1874187477264,0.1275617118674,0.0118947142201,0.3506112773414,0.2682250482060,0.2609514216613,-0.0381950838766,0.2155258539425,0.1552417337611,0.3808119424523,0.1896725354777,0.1284033442060,-0.0188858261176,0.0397463584319,0.3590118949320,0.1116305669279,0.2240306635104,0.3913402826958,0.1738939822716,0.8277111820141,0.4652094608054,0.4076746297980,0.3775830076618,0.4756224808445,0.5050110256387,0.0203572240169,-0.0756849803940,0.0961234087215,0.0882227730210,0.0877969364398,0.2683556874967,0.2671805430528,-0.0229123295695,0.5165798436222,0.1551254276955,0.3648206224886,0.1774562980274,0.2434053965462,0.0262356640006,0.2920760085271,0.3685814483656,0.3774577759107,0.0785011892535,0.2619893847799,-0.0856818820432,0.1296150018085,0.2216489072404,0.2085329550163,0.2814849551972,-0.1529591037676,0.0422641587045,0.1685982124557,0.2900156074524,0.0289098253693,-0.0425232954502,0.2485738406550,0.3943479751122,0.2637587780496,-0.0040046565190,0.2084596147486,0.0391616340347,-0.0457375089666,0.4483613542463,-0.0617151796894,0.2620723775449,0.4347472337122,0.4317221227027,0.4589720037294,0.2329230585340
0.2173931182637,1.0000000000000,0.5556195451044,0.1935521548496,0.1002828666450,-0.0435840645728,0.1731939285097,0.1039717053998,0.0680684446298,0.1964791822369,-0.0135767679159,0.0966977791186,-0.0912768703517,0.4452082143055,0.3253891237229,-0.0643235278121,-0.0115550404801,-0.1480360811834,-0.1013939550533,-0.3176459698263,0.0246072806445,0.3516554439214,-0.0313696538669,-0.0620717873322,-0.0500477418839,0.3056321747952,-0.1841699086263,0.6106458044596,0.4071751885509,0.7915243778181,0.0449874237532,0.0550633451377,-0.1887691651984,0.2494294282044,0.0064541078636,-0.0704478090950,-0.0947557814154,-0.2959182325297,-0.0996033960854,0.0713428031292,0.3024935040398,0.1044819746970,-0.2305818701396,-0.0790256244286,0.1451091688851,0.1184337932603,-0.0593388623901,-0.1738408673911,0.4031285795968,0.2129769510277,0.0631685914909,0.7518311275156,0.1328594590077,0.0384568905048,0.2212844420082,0.0580857439084,-0.0410095466568,0.0883414072483,0.0841905746147,0.0535601015497,0.2562910654402,-0.0049267305770,-0.2099480942321,-0.2424200657923,0.5307923720121,-0.0603814188934,0.0032999751859,-0.1264216813736,-0.0500992972004,-0.1306109211547,0.0593139579456,0.0802817909579,-0.0403667849699,0.0849197307568,-0.0231205374040,0.0886519465666,-0.2619522690444,0.4800046284378,0.4503942777583,-0.1739341459562,-0.3616946518169,-0.1597341661869,0.5605744438264,-0.0608665810795,0.2743364829561,0.2877857398262,-0.0626879911809,-0.0174606623879,-0.0196299319047,0.0749478410672,-0.1046440774657,0.0001020238326,-0.1770015309792,0.3115591306206,0.0124678355927,-0.2150563808058,0.4425108194289,0.3018507141477,0.3885872129107,0.1443627689743
0.5317543023459,0.5556195451044,1.0000000000000,0.0898911182040,0.3591493957917,0.2742072284501,0.2656249308259,-0.0072367179383,0.0093221837533,0.2237559822671,0.1474252127901,0.2920322740476,-0.0646945506730,0.4133725408744,-0.1078138245203,0.1589533604114,0.2290145591342,-0.0429121197152,0.1026937816272,-0.0600861024124,0.2788106174040,0.2951159657028,0.1640858982785,0.1324546951639,0.1007552472040,0.3284126373093,0.1503374967230,0.4293822546757,0.1731741923152,0.5458847427170,0.2651764296959,0.2605287467368,0.0598247788935,0.2306728620798,0.3325109928546,0.3026859048582,0.1914271173221,-0.0803214261080,0.0236070170409,0.2354663568095,0.2141728254043,0.1507094745186,0.0726812275498,0.0415508487195,0.2295529791501,0.3712061954185,0.0360783699361,-0.0937287961680,0.2127398643088,0.1150738529718,0.3452694283833,0.8672766040720,0.0527076000521,0.4032033543172,0.3273181221594,0.1119855879367,0.0675352588883,-0.0826635049956,0.0183491404094,-0.0291995534205,0.2723883964819,0.1523818664424,-0.0586202347820,-0.2129325547997,0.4102679173597,0.0779700331558,0.3029631844238,0.0676517371461,0.2204620574100,0.0665391238533,0.3065371019964,0.1625695851348,0.2058626366628,0.1869500484018,0.2993292425351,0.0127850665416,0.0414633382584,0.3263948598351,0.2285690087589,0.0566119887726,-0.3649273339957,-0.0202136211868,0.3484579956739,0.2547434227901,0.3165575152154,0.0725141939613,0.1896055111943,0.3071436604852,0.1774379365067,0.1509319228080,-0.0143183039782,-0.0493603750247,-0.0801964619126,0.4197074910020,-0.0933923047563,-0.0292623378334,0.2822656544400,0.2479208198614,0.4473833695062,0.2200858769560
0.4394717362937,0.1935521548496,0.0898911182040,1.0000000000000,0.4099927248521,0.3996051087744,0.8432071678757,0.6073513335764,0.5884082254800,0.4518797776274,0.5577171346123,0.4648083102982,0.5249645996153,0.6053418590798,0.7196690364089,0.7129850179196,0.5033078634047,0.4667973590834,0.5717171231703,0.3680966037060,0.1752900024814,0.2422959614448,0.2470401570601,0.4462668957117,0.2089808957652,0.1124236494913,0.2306507038552,0.1469044972535,0.0756385530025,0.1125671734851,0.4386868228368,0.3333022954910,0.3276370448356,0.0546778577416,0.4151302163824,0.5174622481860,0.1695320822392,0.1931586392568,0.3736543256156,0.2085893064074,0.4638091702997,0.3993003112510,0.3003047915348,0.2047045295361,0.2751923780482,0.1566168390281,0.3198729649827,0.4407149628742,0.3241799116158,0.5209022331008,0.4086483099261,0.1761770212952,0.8788210251702,0.3915780791737,0.5692022905540,0.8962495556592,0.2179007445216,0.3944384031179,0.4728873332882,0.5656662268744,0.1868268257379,0.5329225407391,0.3276780293061,0.4155270699947,0.5583925434024,0.4040673614681,0.5576929095149,0.4770932171800,0.4392029733703,0.2784629986459,0.2115761774560,0.2684541863375,0.4258895418775,0.2045741338073,0.0681367914619,-0.1630856119025,0.1537374270088,-0.0811202014768,0.1168974442469,0.4722855685957,-0.0602954159258,0.1723450126283,0.0818805235633,0.1986703156910,-0.1313074291817,-0.0331302421645,0.0679464788516,0.3701026205529,0.2611717585946,0.0875440052038,0.3327731495906,0.1173253063484,0.1506676741554,-0.0108072623997,-0.1228652831999,0.4119477931515,0.3650557559705,0.2772914561561,0.2519750525393,0.3108684487032
0.8506678285419,0.1002828666450,0.3591493957917,0.4099927248521,1.0000000000000,0.3507741015951,0.4300283434350,0.1490935408176,0.1808779155490,0.0819469013114,0.2706376103547,0.4994480397256,0.2173418208347,0.6417319792526,0.0271135537774,0.3543449224500,0.3908435496968,0.2405906338242,0.2143414096990,0.1272039364947,0.3166941652177,0.5161841177784,0.3516160630960,0.4835318268823,0.0260652623681,0.1243491528128,0.2426728600299,0.0683216615982,0.3868802956035,0.0975246079979,0.4070590062811,0.2440111168695,0.2637160824894,-0.0362642699344,0.2942061273846,0.2481724273463,0.1966917168831,0.0872563037653,0.2933831250714,0.1804091451449,0.4202109945348,0.0773569344457,0.2056565275601,0.1284008401951,0.0842070470465,0.3817164591901,0.1431424773687,0.2505045540780,0.5454978811089,0.0657796495808,0.8840714534867,0.3125275368473,0.3349011216980,0.1845674338249,0.4906068365885,0.5075271623369,0.1238763951272,0.0134697097026,0.1192725797943,0.1530267907084,0.0226040683441,0.2890451677497,0.3545457812020,0.1222738098281,0.3916736298353,0.0531320752367,0.3519483711462,0.2579767972528,0.2084409715316,0.0586584830588,0.2414917967439,0.3550500546522,0.4720300871463,0.1228271450051,0.2415435974810,-0.0601626305275,0.1483511041702,0.2265222372964,0.2366777029475,0.4230932379010,-0.1428115082174,0.1582128141574,0.1861332738624,0.2876492393875,-0.0074875896720,-0.0884931556522,0.1555772421734,0.3249254718490,0.1941449243159,0.0770464674602,0.2607790665676,-0.0077680365617,0.0895498872212,0.5302187666847,-0.0518763549448,0.2690795795813,0.5279565677113,0.6005304282851,0.4593611636454,0.0953947967452
0.3422239116321,-0.0435840645728,0.2742072284501,0.3996051087744,0.3507741015951,1.0000000000000,0.5230523090349,0.3501777006542,0.4183219307812,0.4582753466222,0.6007490577993,0.4434741330910,0.4852579556919,0.4167671601205,0.2531581792287,0.4816600970329,0.4947970389034,0.6458474373576,0.4519915176367,0.5464560526115,0.3435311875042,0.2459770802663,0.4328590682882,0.4729737188414,0.3453296435133,0.2091983181578,0.4956107164829,0.1876371297707,-0.0738094153816,0.0504036365652,0.5202632031581,0.3612171438672,0.3990106825433,0.1835498283901,0.4657537049097,0.3207938745733,0.4235436486542,0.3575738795471,0.3031415435423,0.4170182750255,0.3582850580647,0.5355863555068,0.2221497235340,0.2717926071561,0.3250983485727,0.3662047536751,0.3413395352683,0.5482678353790,0.1067258640010,0.3980078154143,0.2544809676997,0.1344532208359,0.3884549472172,0.7090291815979,0.7064397615585,0.3838481673530,0.4333556400371,0.3209406279661,0.4745611238743,0.4491565028685,0.2568193682920,0.6076143752569,0.3812636680782,0.3428592579361,0.2109033819511,0.3201703230611,0.2815396777884,0.5761651686626,0.3195140976724,0.4332449218905,0.2402074491970,0.2802471074304,0.5290805591320,0.3007835091256,0.1596581633587,-0.1239921164087,0.3956409946501,-0.0469183132064,0.0074658083011,0.5485075451718,0.0690115932470,0.2322250611398,-0.0809272172004,0.1125264444080,-0.0813701057938,-0.0754755699267,0.3497961890588,0.3317597268647,0.1208757408073,0.0916379717392,0.2453927191373,0.2572289471855,0.1761446841269,0.0398481590529,-0.0926617579168,0.4636260795265,0.1681835913204,0.0010561070869,0.2886956422371,0.3368323853277
0.4339146261890,0.1731939285097,0.2656249308259,0.8432071678757,0.4300283434350,0.5230523090349,1.0000000000000,0.5336004778432,0.5547551607193,0.4058706079375,0.5587308013118,0.5292438385318,0.5336489481832,0.5038047138009,0.5864574794331,0.7055242712286,0.5428472687887,0.4516232631272,0.5434964527549,0.3263796179070,0.2597343898391,0.2087437211027,0.2952086556813,0.5403600021517,0.1890414387404,0.1815035448000,0.3102036314544,0.1436117898308,0.0928182132483,0.1659264843494,0.5660332152423,0.4509091419504,0.3704078199153,0.1318453165154,0.6063753278507,0.6099146714326,0.3588582150557,0.2039949779977,0.5360471264170,0.3085681292847,0.3677899632154,0.3612614478318,0.3857217574224,0.2267444456380,0.3446822147837,0.2088288087705,0.2996013077744,0.4849924044177,0.3539819084118,0.4877286906833,0.3977105490378,0.2666435210275,0.7449497254926,0.5080001378812,0.6825810298152,0.8746555988304,0.2263079095648,0.3042836739961,0.4202373838589,0.5261854631917,0.1160620227851,0.5617334620934,0.2765461741331,0.4285455578364,0.4776230352289,0.4660310092361,0.5621945192631,0.4884450093723,0.4511581645965,0.2557779671066,0.2526690997468,0.2452645009678,0.5071184392558,0.2070185213901,0.0993710103082,-0.1347189859088,0.1997617996997,-0.1028687803546,0.1391961109678,0.4736612565174,-0.1292950643757,0.1732723674032,0.1121701249670,0.3779819853447,-0.0285256092597,-0.0630630333510,0.2341651046825,0.5443733008495,0.4020831033584,0.1429807703703,0.4825461710565,0.1186337574405,0.1615462234251,0.0277006054542,-0.2138211606234,0.5221611502687,0.3943833286686,0.2290005523980,0.2839274754728,0.3192322427620
0.0383179498561,0.1039717053998,-0.0072367179383,0.6073513335764,0.1490935408176,0.3501777006542,0.5336004778432,1.0000000000000,0.8019963598886,0.4761783914821,0.5710990414049,0.3326261568271,0.7562746101925,0.3543764489466,0.4663310450575,0.7113133882820,0.6218266091560,0.5918468175694,0.6837176351242,0.4829311642351,0.0541654374720,0.2832714071718,0.0613747355627,0.3765751894648,0.4844820916195,0.1113864672374,0.2315405194986,0.1272184331756,0.0426372754092,0.1502235659166,0.4485350441918,0.2488219324882,0.3683129863752,-0.0654720648058,0.2399004317888,0.4112045178353,-0.1208652633165,0.2973710637386,0.2305716551902,0.1237686296009,0.4259350243613,0.3197998974526,0.2459613237804,0.2640179561139,0.3861238515499,0.0393587378382,0.2700364828995,0.3523798209435,0.1478539939323,0.2389666848502,0.1548128527871,0.0670556705969,0.6144226539700,0.2404262441336,0.4742012221819,0.5507892545256,0.5804128169419,0.8226868132007,0.6843061056465,0.7993991465728,0.3739208612187,0.5089700836599,0.2118818236719,0.5525655181190,0.3840551756291,0.1279893922159,0.5638857984836,0.5932480212713,0.4839322483361,0.4465881918870,0.0987602487637,-0.0549366522731,0.4138053928436,0.4185316462897,0.0219805436050,-0.1892945821955,0.0944301383042,0.0323477167222,0.0004703067325,0.5195269962677,-0.1469938515364,0.1690778721979,0.0582785795355,0.0260166666990,-0.0554126418316,-0.0254048169975,-0.2531153554285,0.1381348608448,-0.0596822711125,0.2513869335291,0.1339789635545,-0.0551198793967,0.1546934222767,-0.0647602964472,-0.1243879645844,0.2780736592061,0.1229183204965,0.2222773266528,0.1589759981289,-0.0053037704932
0.1275253774971,0.0680684446298,0.0093221837533,0.5884082254800,0.1808779155490,0.4183219307812,0.5547551607193,0.8019963598886,1.0000000000000,0.5764653273950,0.6826210477233,0.4983915925072,0.7224119523821,0.4216243063650,0.4503400717923,0.6885747231097,0.6793572052735,0.6459938600539,0.7620331001215,0.5470086550203,0.2415620202160,0.2762270130066,0.2583796429781,0.5064235849519,0.5920037576170,0.1293560028146,0.3881842650128,0.1185046953045,-0.0212450207783,0.1231431903659,0.5272286747576,0.3032005499154,0.3802622344183,-0.0579831321704,0.3344795824585,0.4923003370448,0.0859499229432,0.3417848630086,0.2126624035533,0.1052951039455,0.3938629757899,0.4076475867504,0.1888418075343,0.2015735446570,0.3545777915892,0.1507732868194,0.2847166021358,0.3671839800271,0.0575955289792,0.3611745971136,0.1632039030338,0.0333178818739,0.5914320229242,0.3055934069896,0.4520654735271,0.5619810462093,0.6316437860276,0.7080755831602,0.7273038831832,0.9443193547062,0.4108369349369,0.6725974686752,0.3288496648939,0.5094349638656,0.3955439935128,0.1568835708097,0.5761134240105,0.6163780146611,0.5868506681916,0.5402569110179,0.2824716204673,0.1160111903607,0.5517098293885,0.5130777173988,0.2362521206534,-0.0532781526559,0.2882917709558,-0.0277532280950,-0.0178938752144,0.5728666570218,-0.0516177370134,0.2354602174724,-0.0629659138019,0.0950793114879,-0.0567363889451,-0.0755393588549,-0.0334171056805,0.2711048503321,0.0688118966609,0.1935181609984,0.1555514191348,-0.0317576742904,0.1639189098018,-0.0557724330429,-0.1029292510539,0.2704819316893,0.0444012776221,0.1900354777670,0.2457672594940,0.1824984322449
0.1834786712052,0.1964791822369,0.2237559822671,0.4518797776274,0.0819469013114,0.4582753466222,0.4058706079375,0.4761783914821,0.5764653273950,1.0000000000000,0.6863145416875,0.5444478796348,0.4300257296287,0.4903372863428,0.4714119557260,0.3877448795846,0.5412626258098,0.3693095027430,0.5765944646727,0.3851107577542,0.3352403836197,0.3593637192060,0.3844567684516,0.2685363100316,0.4868180692211,0.1299362531138,0.4213281065043,0.2651107956439,-0.4010738699052,0.1404425410898,0.3496074664437,0.2944167035932,0.3554289067556,0.2480041355263,0.1280855974230,0.3839993940842,0.2045461054178,0.1766762225763,-0.1014800476516,0.1795386703822,0.3537829016814,0.6236639808422,0.1102688721464,0.1008495378516,0.1894972088594,0.3220783883248,0.5457477741125,0.1324885537233,-0.0650176152889,0.5722403466887,0.0133631715902,0.1561193021814,0.4443745658551,0.4700658219594,0.5058551515336,0.3509554118797,0.4813410600390,0.3907872868062,0.3465345243445,0.5459881667867,0.8016203456551,0.6540383331406,0.2555247228488,0.2566013782704,0.3553282518358,0.1194767013183,0.4418963915242,0.4331443716324,0.4954341804816,0.4845585392161,0.4209238490697,0.2956829612750,0.3689144516536,0.5730576336316,0.3206982968792,-0.0633667318077,0.3891392732442,-0.0968463595553,-0.3085224983690,0.3368987673733,0.1036722520199,0.2723171031679,-0.2189405951060,-0.0007048150596,-0.0521090599024,0.3063636154548,0.1343732410985,0.1298346956627,0.1022472796900,0.0862976237909,-0.0952701113675,0.1272003421610,0.1461093283492,-0.0823643716833,0.2367094928740,0.0628112901626,-0.1584946824418,-0.0063124224382,0.3018580645303,0.5819786194050
0.2467639916186,-0.0135767679159,0.1474252127901,0.5577171346123,0.2706376103547,0.6007490577993,0.5587308013118,0.5710990414049,0.6826210477233,0.6863145416875,1.0000000000000,0.6377397636019,0.6738181804452,0.4706192843424,0.3674092934903,0.5842639142165,0.6648548769212,0.6720558507731,0.6180769363438,0.4880652405525,0.3249806890483,0.3555271349740,0.5043496666446,0.5363657133421,0.4771630529054,0.1851229054595,0.5134156347395,0.1367393121779,-0.1356461302048,0.0130872065517,0.4877830007155,0.3685912562162,0.4432594992990,-0.0010339640757,0.3425236195314,0.4335927912566,0.3678592471279,0.3131854039485,0.2718016823791,0.2976728941881,0.4533590769487,0.5491488056056,0.2556473808324,0.2781939198457,0.2752618426699,0.3435564301090,0.4017708383254,0.4571617478686,-0.0194261842597,0.4158952966395,0.2100407917679,0.0846325085291,0.5251355299652,0.4334813852787,0.5468927478209,0.5573629064152,0.6098662924905,0.4694126377269,0.5353614327565,0.6588219426113,0.5166146158044,0.8078754131700,0.5150611455747,0.4893089105377,0.3780208607726,0.2182864100437,0.4968386021486,0.6740574022632,0.5028588129532,0.4604770124861,0.4314168315449,0.2923988720575,0.6331303701625,0.4645701251200,0.3096804475138,-0.0918748926878,0.4135563913988,-0.0338139543037,-0.0792606271311,0.5897433329946,0.0560972723571,0.2746711582862,-0.1456975636939,0.1182256235749,-0.0696274996385,-0.1186139267236,0.2500577689312,0.3405559480901,0.1510270981917,0.1229765542436,0.2387918761479,0.1015917129962,0.1982333036602,-0.0053959206627,-0.0713780657221,0.3577762742622,-0.0268380621177,0.0900423848320,0.3295428392533,0.3410320658849
0.4753499872199,0.0966977791186,0.2920322740476,0.4648083102982,0.4994480397256,0.4434741330910,0.5292438385318,0.3326261568271,0.4983915925072,0.5444478796348,0.6377397636019,1.0000000000000,0.4562366738998,0.4981951103844,0.1856109054143,0.4156220106561,0.7141081158490,0.3686266082886,0.4833636025973,0.3432221975634,0.5383334940276,0.4863742140075,0.7663242175680,0.4938356744792,0.3856762237255,0.2357129763060,0.4551968758090,0.0217522995695,0.0732234074547,0.0162888197603,0.4635057295918,0.4739908536194,0.4804792170152,0.0540734877552,0.2915460817391,0.3952859176776,0.3050844228350,0.1266590659967,0.0703234625782,0.0871159261647,0.2436130144768,0.2218482805462,0.0862794370838,0.0951401069732,0.0920431648358,0.4287359276412,0.4998109044830,0.1657488354018,0.2608337521026,0.3481643259956,0.4346510521483,0.2127996730320,0.4013709451583,0.3743096683365,0.4442363859806,0.5224807953336,0.4722732835974,0.1645041401687,0.3009263383695,0.4615384900512,0.2921181068981,0.6866371871680,0.6882814244721,0.3442969076628,0.3122125195751,0.0275958688320,0.5005241394840,0.5155368679751,0.4463258575234,0.3791140128994,0.6944901355266,0.6831171993794,0.5776895029968,0.5009067979114,0.4778858644392,0.0818675415676,0.3661844948462,-0.0962125730843,-0.0034381699235,0.5170627103260,0.1038455982042,0.3938158878148,-0.1176824195773,0.1470047629867,-0.0934855049005,0.0102072477988,0.2413138701781,0.3054878340292,0.1614965477776,-0.0295591322822,0.0610352454241,-0.0790963969504,0.0961107842880,0.2391697090498,0.1487124313319,0.1259746629020,0.1778027204635,0.3226224417841,0.3075423270160,0.3786020000637
0.0744001783298,-0.0912768703517,-0.0646945506730,0.5249645996153,0.2173418208347,0.4852579556919,0.5336489481832,0.7562746101925,0.7224119523821,0.4300257296287,0.6738181804452,0.4562366738998,1.0000000000000,0.3223297959262,0.4186845485549,0.6854621038887,0.7323538913027,0.7610143608541,0.5363717241343,0.5056702402729,0.1630079716918,0.2194196043857,0.1793580193907,0.5903623352819,0.4254750375685,0.0692794061965,0.3540762939961,0.0019689973713,0.0038817410652,0.0152027941776,0.5658402962347,0.2925518427080,0.5330725132652,-0.0867059218492,0.3454561932285,0.4052775059775,0.0833358881321,0.4132345940514,0.4216869055876,0.2351779781067,0.3876172675950,0.3856005286127,0.2391339654467,0.3795878066791,0.4268998533021,0.0946144699445,0.3263905376060,0.5122323942851,0.1368709034917,0.2927750442537,0.1835926524546,-0.0900094139650,0.5352109734012,0.2899918826439,0.4884121789681,0.5407806577041,0.6684748984156,0.6734690589253,0.6792284156632,0.7308903957153,0.2513918680437,0.6522478065758,0.4491971552509,0.8426479774233,0.2571345093531,0.2293286845236,0.4850934933764,0.7820522652621,0.4031066316947,0.4344551644522,0.1916372216610,0.0140842536584,0.5731298525959,0.3669946434904,0.0518321819012,-0.1676944436064,0.2608953256718,-0.0716801037338,-0.0832597115130,0.6876269257851,0.0169869357483,0.3667710339334,-0.1402530325434,0.1140839540790,-0.0539528244262,-0.1153026603699,-0.0107503572139,0.2696798877715,0.0751696136387,0.2645546936830,0.3369058693026,0.0672664842981,0.3197018540962,-0.0765871508688,-0.1077439104425,0.4495444629394,0.0541367544751,0.1158965955567,0.1449060355318,0.0059537223063
0.7416569441520,0.4452082143055,0.4133725408744,0.6053418590798,0.6417319792526,0.4167671601205,0.5038047138009,0.3543764489466,0.4216243063650,0.4903372863428,0.4706192843424,0.4981951103844,0.3223297959262,1.0000000000000,0.4463294817401,0.4394643823227,0.4499238573754,0.3476088654579,0.4095042028368,0.1776419297579,0.3464325617809,0.5018877838529,0.2881444700571,0.4105900605732,0.1421784429669,0.1492399135083,0.2298696678696,0.4494357943455,0.2296236830782,0.4602613861252,0.4353451369024,0.2063310759475,0.1762473173218,0.0626072380779,0.2916486872715,0.2942462325420,0.1942855026757,0.0355466190968,0.1418802083082,0.1773357812306,0.6283702767534,0.4134152437423,0.1218608597510,0.0322791139953,0.1433253962777,0.3410875673979,0.1843898626158,0.2820753000389,0.3886693746425,0.4136054042807,0.6318882290568,0.4790233438612,0.5473738358656,0.3372442153331,0.5756431883278,0.5604627046097,0.2347654621388,0.2342439538015,0.3113965629739,0.3925320748880,0.3991545241257,0.4600919026816,0.2453804042094,0.0992014103490,0.7623488105082,0.1622307126004,0.4461266756926,0.3550550817606,0.3595256330081,0.2044943564813,0.2917947380897,0.3032109516637,0.4483357239768,0.2764606562599,0.2578961985082,-0.1304752432560,0.1367112983681,0.3225549884041,0.2036396385177,0.3879899690323,-0.1965391815409,0.0784538611890,0.2168181780471,0.1576939290287,0.0008286253535,0.0346183675813,0.1784817196905,0.2990793646920,0.1685927105678,0.0795935859239,0.1409395518428,0.0556437208835,-0.0288442779224,0.3434087238438,-0.0881347605211,0.2202097174925,0.4397113352062,0.4183258075939,0.5930149580253,0.3643893553648
0.0879779837688,0.3253891237229,-0.1078138245203,0.7196690364089,0.0271135537774,0.2531581792287,0.5864574794331,0.4663310450575,0.4503400717923,0.4714119557260,0.3674092934903,0.1856109054143,0.4186845485549,0.4463294817401,1.0000000000000,0.3752621353431,0.1876770176679,0.2965309196859,0.3027570340895,0.2006602557337,-0.0088012623599,0.0693241966213,0.0678946489783,0.1618666346441,0.1291175663981,0.0312188502432,0.0639303986403,0.3240180960039,-0.0556477282502,0.2498823506788,0.2176977674013,0.1755295709486,0.1356074830761,0.2288589187329,0.2370647830483,0.2249279757783,0.1079613042503,0.1279565521582,0.3151111176958,0.2709767839672,0.4539244895714,0.5254419844848,0.2331064382245,0.1628971136022,0.2757656656720,0.0344456743925,0.2837703184333,0.4188571917314,0.2494027425767,0.6832195037254,-0.0409101034673,0.0261420394706,0.6547147831950,0.2605513777354,0.4408365687007,0.5586763567447,0.0448011136618,0.3202677655533,0.3004095606372,0.4365164010472,0.2108352236982,0.3759232343637,0.0635525114941,0.3088019356188,0.4594605508319,0.4737189002257,0.2018558082961,0.2158206302134,0.1836991915918,0.1137429188392,-0.0608352524804,0.0976543362401,0.0579529730408,0.0918273747490,-0.2336489210128,-0.1603982276509,0.0425915612208,-0.0404010671449,0.0684952088293,0.1401036536406,0.0112243163734,0.0380538282096,0.1035114295640,0.0480638859068,-0.0704387769689,0.2095381062546,0.0241566454303,0.1629384141422,0.2498561774674,0.0977228882804,0.3394666725955,0.3575052336570,0.1772297218762,-0.1868507691450,-0.0297362797407,0.3829008661680,0.2440674784852,0.0019181185365,0.1749209216492,0.3288728766724
0.3158988001439,-0.0643235278121,0.1589533604114,0.7129850179196,0.3543449224500,0.4816600970329,0.7055242712286,0.7113133882820,0.6885747231097,0.3877448795846,0.5842639142165,0.4156220106561,0.6854621038887,0.4394643823227,0.3752621353431,1.0000000000000,0.7350003764747,0.6766991759081,0.7394218177429,0.6039301698182,0.2690883777888,0.2232895463742,0.1988863046092,0.6163534514154,0.3841479211051,0.0923644661618,0.4613537619570,0.0080418067521,0.0089910203192,0.0659105210145,0.7550780027696,0.4180203550646,0.5578979846607,-0.0309851081993,0.6692820893370,0.7551349970350,0.2003774302370,0.4697453562080,0.5151962434976,0.2795713649022,0.4199788087046,0.3732416025456,0.5483026799610,0.3439820423315,0.4771275996155,0.1852157432179,0.2880181456928,0.5023087524991,0.1861946111402,0.3128205542265,0.4226679680165,0.1217858169264,0.6651884178624,0.3635529063755,0.5329990744164,0.7269852010436,0.4430143554715,0.5001739773124,0.5966547718125,0.6821872567430,0.2233429765429,0.5962741144130,0.2638391361581,0.4879290109669,0.4015568975628,0.3739952951254,0.7993842148187,0.6813792550654,0.6259581627896,0.4806502145526,0.1536198638768,0.0369957131172,0.6065394473102,0.3092199147893,0.1834838791499,-0.2225237603679,0.3296162848214,-0.0770733881436,-0.0208149860864,0.7565847543138,-0.1749055211270,0.2775664900007,0.0396472154038,0.4080663508435,-0.0781870529324,-0.1387446774916,0.0881385722453,0.5306086997559,0.2306130358609,0.3121872186633,0.4028371062939,0.0035923669163,0.2802014261143,0.0568285630580,-0.2474837211224,0.5141703226747,0.1979812589862,0.2598037684280,0.2456679674143,0.0555263130219
0.2975286780048,-0.0115550404801,0.2290145591342,0.5033078634047,0.3908435496968,0.4947970389034,0.5428472687887,0.6218266091560,0.6793572052735,0.5412626258098,0.6648548769212,0.7141081158490,0.7323538913027,0.4499238573754,0.1876770176679,0.7350003764747,1.0000000000000,0.6593636962585,0.7124026559235,0.6086075488635,0.5534837326351,0.4073644200157,0.4748430148712,0.6790577028559,0.5182792961986,0.2649222266975,0.6129466436515,-0.0138870421517,-0.0083705034618,0.0173417350689,0.7363283515400,0.5350786636363,0.7055769280265,0.0389436300953,0.4296958145927,0.6461500539501,0.2454118158571,0.5094432932471,0.2158371491508,0.1918297911054,0.2855335203926,0.2735132099726,0.2931687332455,0.3872963642338,0.3958267818159,0.3369609809165,0.4262374198799,0.2589101726183,0.1744384321843,0.2581074080131,0.3653247678214,0.1182387029738,0.4269855471544,0.3774515595513,0.4965152892426,0.5345768637716,0.6482340895947,0.4309880509323,0.5205564655630,0.6500395733655,0.3702563477292,0.6948834716799,0.5351189314632,0.5683264987139,0.2852118721345,0.0922240548183,0.7341670967227,0.8130483721664,0.6302059289619,0.6259616359540,0.5590332312804,0.3112199280760,0.7303862271237,0.5659371861939,0.4814357067329,0.0555094684494,0.5266799738710,-0.0863167883048,-0.1385318994431,0.8261996480715,0.0715531928363,0.5631009430144,-0.1682022111325,0.2964932842202,0.0061356742856,0.0029890964924,0.1316774825657,0.4191320533200,0.1706866582349,0.3403754393415,0.1425818346253,-0.0587494740996,0.3757939339896,0.1470114969015,0.0141145595082,0.2488979984686,0.0727692592741,0.2640071349038,0.2436842896052,0.2038104560894
0.1672841808210,-0.1480360811834,-0.0429121197152,0.4667973590834,0.2405906338242,0.6458474373576,0.4516232631272,0.5918468175694,0.6459938600539,0.3693095027430,0.6720558507731,0.3686266082886,0.7610143608541,0.3476088654579,0.2965309196859,0.6766991759081,0.6593636962585,1.0000000000000,0.5040306457390,0.6182482495708,0.2610185470840,0.2087855484131,0.2684298866765,0.6193860465966,0.3794786709968,0.1140828438388,0.4610768021264,0.0728342116669,-0.0256258754893,-0.0255809296524,0.6522848039037,0.3134792863273,0.4814421286292,-0.0715691723656,0.4515025316944,0.3546021802592,0.2789315657462,0.4983567771831,0.4059609310728,0.3261089305334,0.3765933992134,0.4732416622694,0.1875587742833,0.3446758427612,0.4173799853303,0.1844050700277,0.2890485285990,0.5519755739740,0.0170434786897,0.2911858899546,0.2212544533448,-0.0942004882392,0.4838505954005,0.3940979112233,0.4854188388973,0.4621658355675,0.6201492254256,0.6023600614399,0.7438249577352,0.6910067494666,0.2065774016670,0.6349365228308,0.4071967204753,0.5317947055123,0.2317510984058,0.2566553446756,0.3803886005374,0.7650529866821,0.3426249855844,0.4909927912339,0.1202547898433,0.0966846321315,0.6344527474155,0.3002837990867,0.0695591259148,-0.0862972000627,0.3816586236828,-0.0550737465942,-0.0103486115636,0.7592828358927,0.0501928314035,0.2412645284405,-0.1347938014414,0.0647666137142,-0.0913040495403,-0.1861198526235,0.1638061067054,0.3318942560087,0.0233929810300,0.2117361195608,0.3122418871118,0.1544284970197,0.2707296234726,-0.0685587620279,-0.1963377934516,0.4484750015888,0.0178985666752,0.0403229857008,0.1847811656178,0.0479721622813
0.1902960734702,-0.1013939550533,0.1026937816272,0.5717171231703,0.2143414096990,0.4519915176367,0.5434964527549,0.6837176351242,0.7620331001215,0.5765944646727,0.6180769363438,0.4833636025973,0.5363717241343,0.4095042028368,0.3027570340895,0.7394218177429,0.7124026559235,0.5040306457390,1.0000000000000,0.6884957682388,0.3728399982984,0.2548686267089,0.3401469290207,0.5217394342368,0.6116868954476,0.1510575352278,0.5744924356712,0.0304640057745,-0.1933872717852,-0.0483595577046,0.5034114038203,0.3395199935501,0.4614295868414,0.0864993024737,0.3657801558915,0.7186927704654,0.2235676543508,0.4209878648459,0.1569147391508,0.1817942690564,0.3294280449368,0.3482959868867,0.4278088205297,0.2753522413804,0.2419341159249,0.2704557207119,0.3153838818234,0.2463403089302,0.0378824350555,0.3440722957758,0.2156035476156,0.0321185272412,0.4875661837889,0.3747687645502,0.4302809891662,0.5463867394721,0.4835850840103,0.4746276050981,0.4296683698093,0.7173565044870,0.4011170339716,0.6101428576991,0.2911122990066,0.3793628509552,0.2598932653524,0.1354828856358,0.7475263846709,0.5952149225130,0.8435556115252,0.7183973943300,0.3700842838803,0.1639349940778,0.5695859993496,0.5880309557260,0.4162333251411,-0.0664515925294,0.4913911622282,-0.1023454133448,-0.2046035179298,0.6027553966514,-0.0157552652786,0.3471289101303,-0.1928165335976,0.2298823439921,-0.1377263536534,-0.0375964313873,0.1285795933274,0.3580225738584,0.1425684369703,0.2252437639799,0.1138332422819,0.0035484210257,0.2589229641330,-0.0252150945322,-0.1099541348559,0.2227845045691,0.0157573316667,0.1436110401309,0.1734683645498,0.2488453058221
0.0516952928544,-0.3176459698263,-0.0600861024124,0.3680966037060,0.1272039364947,0.5464560526115,0.3263796179070,0.4829311642351,0.5470086550203,0.3851107577542,0.4880652405525,0.3432221975634,0.5056702402729,0.1776419297579,0.2006602557337,0.6039301698182,0.6086075488635,0.6182482495708,0.6884957682388,1.0000000000000,0.4027251558278,0.1677825220930,0.4515733583555,0.5175771903704,0.6590888293528,0.2401493878899,0.6751051016940,-0.0439799613206,-0.2124005047337,-0.2218863498464,0.5198176315793,0.4329283530263,0.5906589635620,0.1121532543770,0.3958207432916,0.5797772093861,0.2663496773129,0.7152898609447,0.1621338643723,0.2707458686555,0.2168449894634,0.3310948704209,0.4080810258375,0.4274915878457,0.3793558182482,0.2650461024534,0.4048921940792,0.3297473202455,-0.0023358080826,0.2985421060020,0.0917854820756,-0.1899932828169,0.3087235435188,0.3585364060056,0.2829340421031,0.3135679629500,0.4892244046421,0.3654577196152,0.3979960644356,0.5929005057260,0.1503792863324,0.5395519708042,0.3526616773441,0.3531510866952,-0.0096747487918,0.2096974880074,0.4598490776341,0.5775224870228,0.5355991990640,0.8230354459940,0.2251285833207,0.2359408471878,0.5189182876640,0.5195720884442,0.2565333359516,0.0245520186863,0.5955710836205,-0.2123219420062,-0.1876929489013,0.6182050323728,0.1998131498040,0.3765007550049,-0.2858679010106,0.1373237911007,-0.1930899131873,-0.0989752185347,0.1668613401508,0.2621318144870,0.0587844080066,0.2480699179483,0.0879546364911,0.0906809894153,0.3875401054741,-0.1552708003464,-0.1051568606824,0.2809762371459,-0.0272914690760,-0.0231500840777,-0.0270813045135,0.1617055641559
0.3116999150691,0.0246072806445,0.2788106174040,0.1752900024814,0.3166941652177,0.3435311875042,0.2597343898391,0.0541654374720,0.2415620202160,0.3352403836197,0.3249806890483,0.5383334940276,0.1630079716918,0.3464325617809,-0.0088012623599,0.2690883777888,0.5534837326351,0.2610185470840,0.3728399982984,0.4027251558278,1.0000000000000,0.3635333100326,0.6271525161938,0.5115545925913,0.3250381113220,0.4798524871458,0.6004813929275,0.1423724864562,-0.0165049545968,0.0687965562805,0.5225063866181,0.5887380474269,0.5391591687410,0.2859385214851,0.3263793698788,0.4104930050608,0.4484904282247,0.3857315078054,-0.0722022469603,0.2130879923885,0.1457445700872,0.2404337273599,0.2788776926258,0.2554025382729,0.2460822862003,0.5470555226410,0.4329432900002,-0.0233136396006,0.1260755825456,0.4072744894363,0.2528266421913,0.1546283627484,-0.0046483703620,0.2256215398083,0.2016359132088,0.1628524044084,0.3440766307030,-0.0813717758936,0.0390209043068,0.2148964619370,0.1601316920926,0.3661800992750,0.3378379377193,-0.0151587198622,0.0743571223301,0.1167995065718,0.3371093765959,0.3107326420229,0.3704892532375,0.4522427375876,0.5414998347487,0.4634263235773,0.5416892521688,0.5196258126747,0.5987310695894,0.3449846288526,0.5234738914191,0.0118634761091,-0.0932513668859,0.3958709570938,0.1768827979663,0.4444245426728,-0.1695864107329,0.2836341742928,0.1481285470581,0.0584784150162,0.4252323292838,0.3437589690160,0.3510802419075,0.2255937393498,-0.0448626460015,0.0743807638179,0.2747104741091,0.1859280286175,0.1432532222838,-0.0273159887256,0.0575968862284,0.1378111751579,0.3017941202750,0.4831134319227
0.3689824988561,0.3516554439214,0.2951159657028,0.2422959614448,0.5161841177784,0.2459770802663,0.2087437211027,0.2832714071718,0.2762270130066,0.3593637192060,0.3555271349740,0.4863742140075,0.2194196043857,0.5018877838529,0.0693241966213,0.2232895463742,0.4073644200157,0.2087855484131,0.2548686267089,0.1677825220930,0.3635333100326,1.0000000000000,0.4386642971635,0.4129755824565,0.2108084035339,0.2769814586563,0.3328181944055,0.2559849020217,0.3873079995517,0.2700033449484,0.3337297446238,0.2186605312958,0.3060609511002,0.1767973974306,0.0475373060321,0.1414145736517,0.1115174709491,0.0940061978853,0.0357764108741,0.2187078889459,0.5365585271975,0.1912637836975,0.1125633036061,0.2244495173226,0.1475822638159,0.5279609641400,0.3693094260215,0.0248507041270,0.5321053409310,0.1569789344568,0.4313697085952,0.3272540095428,0.1053181979882,-0.0757825657639,0.3649775557013,0.1983599703266,0.3101281343232,0.2332861752168,0.1894842903768,0.2735134994621,0.4304694168362,0.3538758955382,0.3032630336243,0.0110514637096,0.3066299912971,-0.1622190286003,0.2522612418323,0.2909513914572,0.2536333301521,0.2521001860240,0.2566032083428,0.4446434942508,0.4349572573190,0.4169136982156,0.2989849781367,0.0331180894405,0.2182801251245,0.3698321563846,0.1313053642145,0.3484861699953,-0.1427219273314,0.2268471954576,0.2525311694959,0.0692969309604,0.0580908573953,0.2652478561090,0.1112453381096,0.0780830503918,-0.0051489784731,0.1602737537992,-0.0029545240904,0.0100723005200,0.1662287068740,0.5897818560658,0.2444160133075,-0.0727487594120,0.3703427219396,0.6404257266263,0.5226824905898,0.1456807919334
0.3010599365609,-0.0313696538669,0.1640858982785,0.2470401570601,0.3516160630960,0.4328590682882,0.2952086556813,0.0613747355627,0.2583796429781,0.3844567684516,0.5043496666446,0.7663242175680,0.1793580193907,0.2881444700571,0.0678946489783,0.1988863046092,0.4748430148712,0.2684298866765,0.3401469290207,0.4515733583555,0.6271525161938,0.4386642971635,1.0000000000000,0.4288583043585,0.4143148678771,0.4606947432079,0.5761021946924,0.0226587405226,0.0175746135482,-0.1066141511972,0.3079088662199,0.6153881360059,0.4918294208447,0.2881611626092,0.2692565758238,0.3015751207101,0.4687195115512,0.3014847022421,0.0070959790649,0.2445866088414,0.1903456298191,0.2163664144460,0.1684369539535,0.2352759396512,0.0804515506616,0.5571291336506,0.5455338738988,0.1319782972465,0.1964822447221,0.3332000609714,0.2207125789824,0.0540766542838,0.1059217484715,0.2649132445174,0.2379285454937,0.2390282506308,0.3432695563294,-0.0628990029262,0.0651023258459,0.2531876806217,0.1348608187047,0.5572238260289,0.6097367481437,0.0995800326790,0.0219914495245,0.0294263106238,0.2426701236445,0.3159756547658,0.3243366198339,0.4342678992920,0.5837052973634,0.7414283529308,0.5023051463685,0.4682495597793,0.4663486843845,0.3578616025036,0.5375917878992,-0.1023737865764,-0.0034297214371,0.3661309659485,0.3410378786215,0.4303194493365,-0.1892988541442,0.1146649856111,-0.0365217817808,0.0316103664499,0.4367190608219,0.2555851434560,0.1716314127987,0.0346253889768,0.0162671905553,0.1411682011882,0.2413535301458,0.1873043293974,0.1964787194707,0.0612352172987,0.1277379877674,0.1553696834722,0.1850656671301,0.4121328333662
0.3596999777438,-0.0620717873322,0.1324546951639,0.4462668957117,0.4835318268823,0.4729737188414,0.5403600021517,0.3765751894648,0.5064235849519,0.2685363100316,0.5363657133421,0.4938356744792,0.5903623352819,0.4105900605732,0.1618666346441,0.6163534514154,0.6790577028559,0.6193860465966,0.5217394342368,0.5175771903704,0.5115545925913,0.4129755824565,0.4288583043585,1.0000000000000,0.3040829567900,0.2856174001504,0.6095502406145,0.0606490332237,0.1825018415134,0.0281621360289,0.6706490807197,0.4328301242845,0.4966767498013,0.0969781161566,0.5661699513706,0.5985912774818,0.4758355204871,0.5163016527041,0.5211973577486,0.3652237884650,0.4072755978583,0.3009543710744,0.4119174784162,0.4070468746866,0.3740836046390,0.3757655033979,0.2156211340698,0.4975361439128,0.3498637596841,0.2491611226129,0.4484415977876,0.0770402773719,0.3142918552468,0.1864964742685,0.4529449528517,0.5059955873880,0.4899729621807,0.2752725143515,0.4104275844125,0.5148191242098,0.1054001444761,0.5602231819335,0.3533530060651,0.3861633229990,0.2425062967661,0.2769990928760,0.4999960043538,0.6148407113573,0.5141857590831,0.4594906639602,0.2702994924004,0.1957457541069,0.8580571898996,0.4079645531368,0.3322953658821,0.0145994216462,0.4809319517470,0.0757598869751,0.0505970552713,0.7217074859303,-0.0805345433421,0.3221219845349,-0.0078173552810,0.4337795872906,-0.0019963207360,-0.1494074918001,0.4350402150947,0.5913301233913,0.3180575314271,0.3685973707081,0.4553301293113,0.1115994627331,0.3800949150668,0.1914042662640,-0.1858659023565,0.4808244418666,0.2549833136648,0.3275355504713,0.3652672164704,0.1088763909635
