1.0000000000000,0.3311216429170,0.2243567615422,0.4521860623464,0.5996766870973,0.3146863185516,0.1306632174193,0.2281251422036,0.1417608910440,0.2301099056957,0.3298606604933,0.4580955007748,0.2654245010312,0.6705636679672,0.6587191537872,0.1332178486728,0.1361987656867,0.4115725323526,0.1068522459252,-0.0406547020007,0.0830917223874,0.0812207056192,0.1751581624362,0.2128625551183,-0.2510995839749,-0.1223596234346,-0.1129949693896,-0.3284950326239,-0.2425723148290,-0.3784581461456,0.0431602970116,0.1379488992052,0.1889670965807,-0.0449834522651,0.1819097401192,0.2425143230579,-0.1115265566114,-0.3091700377210,0.2325394625984,-0.1732151706247,0.2889089135481,0.3072370539203,-0.0812206510356,-0.2253182309957,-0.0993145933146,-0.0410656551346,-0.0054986413083,0.4433887916574,0.3820654200247,0.4343463897818,0.8173942499489,0.8197441816019,0.5691611372929,0.5081881766160,0.4154527358509,0.6082850109675,-0.0399657300101,0.0825440743534,0.1699477926971,0.1358263259644,0.2705691917747,0.2325336510180,0.2685711931427,0.1251280318959,0.5417303780294,0.4055618111185,0.3161787766193,0.0512689362956,0.1555805943682,0.0556006808008,-0.1657639026629,0.0314103031226,0.2406121496979,-0.1763313839613,-0.3545768942860,-0.1747762101513,0.0027691542848,-0.3325766074212,-0.2890193207868,-0.1618202742542,0.2766512886518,0.0322962242326,-0.0520101636543,-0.0348058317759,-0.3073646021172,-0.3246926224242,-0.1426221672168,0.2608957633713,-0.0753930245569,-0.3302368047577,0.1420722292034,0.1009974127199,-0.2817464211760,-0.3088673587500,0.0285395299241,0.4280858637467,0.2661528218442,0.2076069459304,0.4246521543082,0.0813051263483
0.3311216429170,1.0000000000000,0.4143763743831,0.1950861854921,-0.0177355817189,-0.0981380400167,0.1238694944870,0.0194296256758,-0.2704861264609,0.2557332754117,-0.2382733433241,-0.1180775007185,-0.1079094606454,0.5076866547867,0.2881397604195,0.1776758915920,-0.0929140094234,-0.2135413526628,0.0068263576286,-0.1054483062360,-0.1231133439208,0.2118943764783,-0.2875485499506,-0.1382129271903,-0.0415886196946,-0.1997090626085,-0.2612558772825,0.1041195290831,0.1640271798392,0.3159546254915,-0.0403067482657,-0.1325802321989,-0.0172892468166,-0.0246662026689,0.0761071139217,0.1117072418020,-0.2117881693028,-0.1842396263658,-0.0059503850890,-0.2847755736254,0.3038382203889,0.1376823382514,-0.1701204342702,-0.0373219954388,-0.0916231653125,-0.1837862833587,0.0024140089405,-0.1752515452007,0.3092523863527,0.0777024144622,0.0154568670027,0.5618535193768,0.1629117491020,0.1517443552395,0.0073615452128,0.1259544518414,-0.2682857800582,-0.0421432303758,-0.0565232898809,-0.2912556845944,0.2131710954674,-0.1968866377460,-0.0219848733666,-0.1500832384440,0.5895453930538,0.1146765237133,0.0271615305180,-0.2759287420119,0.0316778000228,-0.1802942663295,-0.1768788551887,-0.0923151562080,-0.1484861300014,-0.1094387938512,-0.2238100314041,-0.0535855221525,-0.3644253516363,0.0127523606566,0.2277398682514,-0.2513968969844,-0.0194138472289,-0.1152283144373,0.3181846933393,-0.2034973206464,-0.2296856490323,-0.0633969160463,-0.2264952364702,0.2105384820780,-0.2008491300266,-0.2243206265656,-0.0380149340788,0.0484998140066,-0.0635402843687,-0.2807082985550,0.0432638276560,-0.2369287412432,0.4422105258702,0.2697606279257,0.1693083397049,-0.1574448496823
0.2243567615422,0.4143763743831,1.0000000000000,0.3320924559121,0.3664838128241,0.5307609651245,0.5918016123935,-0.0096849572075,-0.0502427503732,0.0826532838188,-0.1615883971606,-0.1397481540386,0.0738434922146,0.1004445321738,0.0272092372453,0.2176978792756,-0.0452377493899,-0.2733674360527,0.1130048707569,0.0352013714917,-0.3099135123259,-0.0744824763819,-0.2976116210402,-0.0051254984928,0.1334721063010,-0.1239895612000,-0.2524485646002,0.0086769346154,-0.0771525750699,-0.0248654712125,-0.1262236963610,-0.1173055566407,-0.0548397939590,-0.1894585809230,0.0938092849799,0.3056660629923,-0.1735546384945,-0.2681034455824,0.0656744109994,-0.1534767857240,0.1002808880392,0.0329884408583,-0.1265828302571,0.0062409509154,-0.1496616171534,-0.1945992731502,0.0527505344906,0.0143102124927,-0.0296043022586,0.0569168132460,0.1574593182249,0.3276042115646,0.1562606745825,0.6983411347172,0.4918666988827,0.3988428767470,-0.0032155048752,0.0359325335822,0.0309575899551,-0.0528806712512,0.1751587651119,-0.0117665018780,0.1335851530875,0.1217077540858,0.2922698031566,0.0636457309762,0.0064088320166,-0.0524003978090,0.1538690232172,-0.0448104088159,-0.0835235837732,-0.1945345353542,-0.0272442942028,0.0367405079277,-0.2049789057123,-0.0599202256263,-0.4346452862354,-0.0359611230680,-0.0001678414011,-0.3093271043143,-0.0847650032252,-0.0794468725987,0.1312879172468,-0.1797077668097,-0.3574105385641,-0.0760241144649,-0.2024262800443,0.2625304139264,-0.1451248145741,-0.3078080689477,-0.0302498881416,-0.0504923726060,0.0777239499113,-0.1247355689038,0.1100193612339,0.0423038399183,0.1354947596493,0.1541421857232,0.3052891722963,0.0081727358060
0.4521860623464,0.1950861854921,0.3320924559121,1.0000000000000,0.6540942428243,0.4502218434072,0.6613689184145,0.1537492545801,0.4950283159479,0.0488078911505,0.4435285328931,0.3930545676870,0.3928059826588,0.2800179474063,0.6541922574415,0.5382008662373,0.4034004097638,0.2569469905361,0.6025605728573,0.2663299648832,0.2445119753899,-0.1521993981001,0.2423958244221,0.5904030769420,0.0168029162238,0.2029998930516,0.1762622655566,-0.3632504115912,-0.3025764730458,-0.4126730590739,0.3674725580541,0.1063988974192,0.2080547301401,-0.2351163846715,0.4707401506898,0.6236641996144,0.1011652833654,-0.0609833537624,0.3358816937178,-0.1326985886725,0.0008667982911,0.1483751702750,0.1622389327446,-0.0479364924860,-0.2277418999652,-0.1970209730899,-0.1621725309781,0.4733049110428,0.2326303631053,0.2764486241403,0.6296244130052,0.4425581298389,0.6452159261129,0.5506302850970,0.5571374284804,0.7821768663032,0.0923069909728,-0.0106108695053,0.4442097667721,0.4706440811510,0.0573445979946,0.5012159131137,0.2623955225704,0.2453610868751,0.3623067046390,0.3053103422627,0.2721811110218,0.2415348639072,0.5046040427168,0.1978634071208,-0.0186525098894,0.0343881631799,0.5199090622709,0.0228636606909,-0.2469643165674,0.0647022690289,0.0318074528804,-0.3742348407068,-0.3281752148674,-0.0373251020445,0.0394243530079,0.0930868591210,-0.2839527187150,-0.0685410640435,-0.3597880263935,-0.3606331138068,-0.0033826933197,0.6759237364347,-0.0661019188592,-0.1912791811846,0.1696052223747,0.0540265631083,0.0131117899810,-0.3868671413487,-0.0851790633865,0.4836720164664,0.0595244406366,0.0872525436303,0.2766856257157,0.2382356750467
0.5996766870973,-0.0177355817189,0.3664838128241,0.6540942428243,1.0000000000000,0.7645948047828,0.5566293213991,0.3456185772379,0.4711392251605,0.1197067258988,0.5215401228576,0.4575519739826,0.5770456640338,0.3198536054466,0.4902393980225,0.2919438060539,0.4223881856002,0.4758424964246,0.3890592473222,0.2914426815244,0.0740424627956,0.0265760022021,0.1859484635013,0.5689231859069,0.0996977445170,0.0693192946062,0.0478292971413,-0.2993111186599,-0.3022948807992,-0.5239619090229,0.1712320433806,0.0941571631886,0.2840034788839,-0.2337924181028,0.1205988589250,0.4356313672981,0.0302256286642,-0.1708107512326,0.1515275215916,-0.1203267134482,0.2444728072169,0.2183536813539,-0.1491545641625,-0.0453900551530,-0.1601840998078,0.0985619654815,0.0455340943839,0.6508011811970,0.3750060480912,0.2743837010067,0.8098402592241,0.4964224207009,0.3463264609353,0.7978509804475,0.7558148199567,0.7265578719995,0.2956130925085,0.2529221964659,0.4672899306837,0.4596029551108,0.2375743581849,0.5505853415566,0.3431870284091,0.4314077432062,0.1831927111776,0.0657442687803,0.0861060778878,0.3394776338347,0.4488581153507,0.2671244714046,-0.0755018796277,0.0790584089126,0.5228719402890,0.1463409996719,-0.3553439224519,0.0150060264642,0.0862297501752,-0.3314808058056,-0.3622472371379,-0.1657381900301,0.2802948175482,0.2398497407132,-0.3314829593335,-0.2414399654829,-0.2932798993581,-0.2425795508702,-0.1090794258683,0.4120489200060,-0.2615622975152,-0.2138893565848,-0.0041739164961,-0.0619321265708,0.0218102428725,-0.1962213058680,0.2086803576970,0.5553856932622,-0.0269772606243,0.2590835097494,0.3317657397997,0.0232561442986
0.3146863185516,-0.0981380400167,0.5307609651245,0.4502218434072,0.7645948047828,1.0000000000000,0.6748413336965,0.2254088063283,0.4128021084833,0.1620017775426,0.4349330252152,0.3269944275020,0.6240835493190,0.1525043681098,0.3253109994710,0.2382904870300,0.3851977260542,0.2887369532333,0.3375662845609,0.2183469619568,-0.0989648710351,0.0428270468100,0.0560146726612,0.4686832556764,0.0820838013900,-0.0564170227599,-0.0023731365127,-0.1907137958596,-0.1956771742911,-0.4139451046225,0.0947615414753,0.0946253939616,0.3191394305079,-0.2289450746432,0.0394162073779,0.3531915330969,-0.0594554105303,-0.2274910028839,0.1452477079910,-0.0520295640947,0.1762511689705,0.1377513430479,-0.1617748212804,-0.0820113361963,-0.1129470619065,0.1275093717709,0.1235804439528,0.5609554222155,0.1727158731468,0.1354132388462,0.5533207409144,0.2843108735534,0.2524203403867,0.8494463108698,0.8766300840062,0.6482265877619,0.4361042911456,0.2206887721360,0.3545898697012,0.4140364020566,0.3493649192883,0.5577733289904,0.4279050589428,0.6223038257290,0.1155448288996,0.1307438823980,0.0478819978187,0.4181908372086,0.3617957697694,0.2327094596338,-0.0138456327281,0.0079095030493,0.5190516184640,0.1491483599117,-0.3038472392013,-0.0865050971137,-0.0283106071169,-0.2242884258000,-0.2556045395459,-0.1800192249619,0.1991677248932,0.3030364595909,-0.2373920954038,-0.1631999104771,-0.2390849361979,-0.2412105209810,-0.1768373761633,0.3045463002247,-0.1665284717164,-0.2606358015592,0.0355822279736,0.0055832359548,0.0046630274096,0.0135616130231,0.2563662829302,0.5565258039650,-0.0117320213779,0.2517885911896,0.3347791888968,0.1071880397124
0.1306632174193,0.1238694944870,0.5918016123935,0.6613689184145,0.5566293213991,0.6748413336965,1.0000000000000,0.0439133560207,0.3653055845504,-0.0141733880589,0.1780988979589,0.0607054403423,0.3357585517702,0.0652880258879,0.2680880318253,0.5137611750487,0.2443190293394,-0.0792447572010,0.6272968306316,0.2303477463351,-0.1579779559710,-0.1993210772980,-0.1029345539963,0.4738140896601,0.1185791396833,0.0333364562901,-0.0792363774061,-0.1323133773895,-0.1542596971024,-0.2348821625259,0.2602726756621,-0.0126089892299,0.1050908638657,-0.2745211833195,0.3368725504448,0.6390051194196,-0.0333457584560,-0.1480938184614,0.2467044795059,-0.1699864003878,0.0053310230518,0.0168637391190,0.0162074559787,0.0486839074702,-0.1760731658712,-0.1365051847545,-0.0244140252709,0.2856852270672,0.0478364908500,0.0728229344914,0.3414795319007,0.1821068108364,0.3387975293588,0.6787974761216,0.7298053590457,0.7025569724744,0.1291605503775,0.0436951205552,0.4104578642947,0.3768170564474,0.1208807997046,0.3490286778298,0.1901925550180,0.3581364076986,0.2466587400010,0.1034954143641,0.1745377247746,0.1738853112011,0.5209913631097,0.0966874564228,-0.0497907411327,-0.1532978852408,0.4085566824532,0.0649310801719,-0.1564376114575,0.0217586321295,-0.2593015190207,-0.1680897310556,-0.1530378414738,-0.1698471022774,-0.0473438433929,0.0633261423819,-0.1592705495347,-0.1128704039756,-0.2909976722116,-0.2024252931949,-0.1149312663392,0.5872636514088,-0.1234519509770,-0.2295908758315,0.1039797325920,-0.0080751728274,0.1300933303680,-0.1585325883506,0.0810977819684,0.2997827108290,0.0452856063514,0.1535250703530,0.2600026499723,0.1547062286402
0.2281251422036,0.0194296256758,-0.0096849572075,0.1537492545801,0.3456185772379,0.2254088063283,0.0439133560207,1.0000000000000,0.5535788397390,0.0638716097639,0.2093306404365,0.2213338886286,0.5601262460695,0.1912824379665,0.1989210138587,0.3231849915763,0.3893031441116,0.6287096519844,0.1980989648835,0.7083071555049,0.1311091951123,0.1249656951776,-0.0834007916166,0.4758119203839,0.4640040749472,0.0101353692686,0.1304831849544,0.0977661267396,-0.0048583619361,-0.0466729048451,0.0835232329774,0.0028633372748,0.1945444894281,-0.0525471914491,-0.2509895122984,0.2987875885913,-0.0221921605227,0.3812924315772,-0.0079563585772,-0.0123222308929,0.2743674471153,0.0615312952389,-0.0381542324776,0.3268158339602,0.3613014817803,0.2492903735369,0.0462318385727,0.3464651603545,0.3519744989667,0.0043522799676,0.2649433532710,0.3409462556139,-0.1413164063327,0.2763520322427,0.2368990516722,0.2674037728868,0.3991603573337,0.8013577261132,0.6164170766376,0.4928870449144,0.0210102710194,0.1149156613257,-0.0048328812392,0.2528504385012,0.0256066536968,-0.2415667854988,0.0467310934954,0.3348642998916,0.5089730880631,0.5723895681411,-0.3555734421589,-0.1346834025288,0.3762636421009,0.4855554602062,-0.5281159486934,-0.0587476460124,0.3097791187293,0.0302063325115,-0.1484852894754,-0.2337860794843,0.1535920962429,0.1010871495517,-0.2792337937366,-0.3773627150222,0.0091142182596,-0.0504990103400,-0.1746212191776,0.2154083088906,-0.5374836857267,0.2910620315826,-0.1585636020097,0.0316001870585,0.2525698339647,-0.0125362307565,0.2154194585980,0.2729026922484,0.0974469641205,0.1865550154394,-0.0499721835489,-0.3748794441617
0.1417608910440,-0.2704861264609,-0.0502427503732,0.4950283159479,0.4711392251605,0.4128021084833,0.3653055845504,0.5535788397390,1.0000000000000,-0.0534614392954,0.4799512247056,0.4353304056416,0.6227619826622,-0.0147738606536,0.2818692784532,0.4473886285424,0.5973161442640,0.5722349154244,0.6807182627251,0.7151615489761,0.2185939673274,-0.1538540867388,0.1985695922295,0.7745502051861,0.4298651414304,0.2267482222646,0.2758154223419,-0.1222203468583,-0.1985096030569,-0.3446495650975,0.3668445354594,0.2209219412420,0.3263973381384,-0.2205004996811,0.0089267676883,0.4677558081170,0.0698081182762,0.3528016528753,0.1126906733903,-0.0990694526416,-0.0531873034326,0.0306899340607,0.0746703313108,0.2464341023368,0.1074247069170,0.0880639272078,-0.0294284922046,0.4901408316357,0.0638585406596,0.0556771206106,0.4022912862867,0.1262149732875,0.1808756895030,0.3310607913386,0.4187937459611,0.4680506313191,0.4824009904451,0.4225391685681,0.7449827029608,0.9588694225753,-0.1379752231386,0.4993337195217,0.1468820135498,0.4180861777108,-0.0660881124393,-0.0620926978625,0.1609545224335,0.5084452702194,0.6677155491602,0.6558724483769,-0.1065746290238,-0.0315683585557,0.7132854398582,0.4869790295692,-0.2486065908213,0.1325689323725,0.3729653085640,-0.1174179781003,-0.3360837424325,0.0205685207956,0.1010482991667,0.3125197980057,-0.4938356651710,-0.1631411876329,0.0433731374087,-0.1873651413809,-0.0574296372350,0.4366722788652,-0.2605029985038,0.2422851298753,-0.0016369645647,-0.0064377789486,0.3106285919846,-0.0442338375223,0.1161709165785,0.5425219623058,-0.1428965692641,-0.0361122562867,-0.0009369484243,0.0141466819414
0.2301099056957,0.2557332754117,0.0826532838188,0.0488078911505,0.1197067258988,0.1620017775426,-0.0141733880589,0.0638716097639,-0.0534614392954,1.0000000000000,0.2367908918514,0.4734547304385,0.3039714094580,0.5067764912670,0.2650125516997,0.0963037759303,0.3164332336328,0.1597584160912,-0.0335277928170,0.0374310554443,0.3000888756400,0.7192155449707,0.3342026989771,0.0900640064444,-0.0456900061145,0.1043187091395,0.2181923138422,-0.0216437912750,-0.0026785341098,-0.0061778870955,0.1137948632261,0.2996731751230,0.5102095821470,0.1714424519506,0.0376321197575,-0.0608220207432,0.2147097639064,-0.1991612655486,-0.0699970093877,0.0407856704879,0.1982235571461,0.4099198202227,-0.1925550320456,-0.2152382817241,-0.1301908200183,0.2855593282031,0.3095924699161,0.0972326106004,0.2738981462511,0.1827497177644,0.2064059579488,0.2990507681344,0.0668761855658,0.1415435135660,0.1175695714682,0.0841844703125,0.0905299578721,0.0079882918693,0.0330896312541,-0.0496547412075,0.5878217022688,0.2726082082529,0.4613649796233,0.2537042831004,0.2776754730836,0.1297491927630,-0.1049933791545,0.2761785673553,-0.0003940627727,0.0907777910776,0.1540728077262,0.5525270678845,0.2642147388351,0.1266957010476,-0.1978221250465,0.0839173736563,0.1224857345894,-0.0871475186521,-0.0827877675849,0.0332893648626,0.3345409496527,0.2881382517971,-0.0771006479870,-0.2466896519618,-0.2293733437500,-0.0553972887354,0.1602217633836,0.0311858651671,-0.1706715303673,-0.2477821439659,-0.0511480854009,0.0909320544237,-0.1623411139634,0.0242195004384,0.2020480902058,0.0179196051090,0.1910402019418,0.2441229228505,0.4306777018269,0.1209439003493
0.3298606604933,-0.2382733433241,-0.1615883971606,0.4435285328931,0.5215401228576,0.4349330252152,0.1780988979589,0.2093306404365,0.4799512247056,0.2367908918514,1.0000000000000,0.7324706201967,0.5892393328515,0.2365583639070,0.5269480742238,0.2089530833391,0.5399881151439,0.5457450919710,0.3006303000389,0.2284077893588,0.4191920308249,0.1937509966627,0.5865653209134,0.5532680739894,-0.0911668576225,0.2555003962544,0.4411533441295,-0.3091107010606,-0.2228886779179,-0.4642005772869,0.3446645219029,0.2755106403277,0.5100146614042,-0.1192634536820,0.2125346245007,0.1863760527210,0.2715753861248,0.0596231150155,0.1806192907939,0.1349875620055,0.0239806143012,0.1755355273415,0.0606967942276,-0.1295745092634,-0.0627737909674,0.1388968344646,-0.0621319201891,0.6057116575893,0.2442469653072,0.1905287832093,0.5514879268896,0.2031132161437,0.2926890610282,0.2586114595014,0.4134179050768,0.3720336344875,0.4232099847788,0.1476274911939,0.3578593260872,0.4615973831423,0.3002501952400,0.8160447332240,0.5153781751153,0.4784106654680,0.0813640981407,0.2170038024156,0.0255707119950,0.5715509989808,0.2495028316772,0.3065717938664,0.1874711587893,0.4047502439245,0.6419247196952,0.1181927125575,-0.1435379907428,-0.0034985344722,0.4151724612139,-0.2716016841660,-0.3052676253549,0.1838725034657,0.1588126284051,0.3225062190982,-0.3457216492087,-0.0347321048322,-0.1042753587429,-0.3158732302961,0.2064090828074,0.2268218618877,-0.0319326589735,-0.0319983704366,0.1464404659909,0.0974204434210,-0.1016006001625,-0.0111617873767,-0.0827939884446,0.5871035745522,-0.0141738816753,0.0986201505713,0.2103119764805,0.2577223837438
0.4580955007748,-0.1180775007185,-0.1397481540386,0.3930545676870,0.4575519739826,0.3269944275020,0.0607054403423,0.2213338886286,0.4353304056416,0.4734547304385,0.7324706201967,1.0000000000000,0.6253079111994,0.3471235220599,0.4964674462190,0.2173452521120,0.6213655982347,0.5779493467651,0.2656961296244,0.2713859784530,0.4249738892800,0.2693228067387,0.6378117414190,0.4394754303531,-0.0239311617816,0.3259372212416,0.3176702273940,-0.3232641223086,-0.3882221268990,-0.5534847608132,0.3002734849323,0.5206779148969,0.6310558087529,-0.0628766766469,0.1536663802359,0.1701753529453,0.1696847966403,0.0195335118974,0.1330323744770,0.0094312260539,-0.0681303600369,0.1861592049987,-0.0557333702587,-0.1033950846518,-0.1436179466152,0.1200339118028,0.0449908369599,0.5190752007234,0.1505085443882,0.2824919151032,0.5815890795522,0.3848728843410,0.2711967845807,0.2569252153734,0.2480943085169,0.3521101506300,0.2456364613583,0.0854832786864,0.3911434855718,0.4318418099353,0.3127272565432,0.6665183177985,0.6818531096096,0.4993874611738,0.1149278584844,0.2036590913074,0.0397455169082,0.5474712104667,0.2733237293205,0.3682847385076,0.1719939557325,0.5026114720767,0.5691997496575,0.1664676201717,-0.2080891544114,0.2226559301917,0.4038210036735,-0.3282506452561,-0.5019582597129,0.1503476593618,0.4032323638290,0.5153507907984,-0.4801661657191,-0.1430540282697,-0.1377094732197,-0.2391420953948,0.1646605019519,0.2564474378607,-0.1056766603444,-0.0599599550032,0.1430220105091,0.1110901810262,-0.0446227747886,-0.0922577341118,0.1544719419854,0.4962305056654,-0.1471639995926,-0.0308646487638,0.2238336632307,0.1731714968890
0.2654245010312,-0.1079094606454,0.0738434922146,0.3928059826588,0.5770456640338,0.6240835493190,0.3357585517702,0.5601262460695,0.6227619826622,0.3039714094580,0.5892393328515,0.6253079111994,1.0000000000000,0.1642522286054,0.3586733579203,0.2950570061581,0.7224655001015,0.5697580478140,0.3649499879953,0.5304905702235,0.2178923186143,0.2354964964490,0.2274299349406,0.6001641357730,0.2904390337657,0.2055588045974,0.2423429929710,-0.1740445341157,-0.2139935714667,-0.3991136965185,0.2143006688145,0.2728565117492,0.5715746146693,-0.2028245536007,-0.0821417171038,0.3145181124304,-0.0162386640967,0.0835199979660,0.0015690607079,-0.0304591472599,0.1194373805200,0.1158968010412,-0.1608371715970,0.1158315828132,0.0891531833165,0.2389785293220,0.1754061218880,0.5115939131697,0.2078814369453,0.0987266184270,0.4775925455949,0.3130150470811,0.1066889814467,0.4907453432526,0.5524045330432,0.4785401687469,0.6115511774640,0.4717003781375,0.6098376281349,0.6191970811483,0.3814256975615,0.6265295502210,0.5743596324028,0.8332526790250,0.0438346392528,-0.0396645691416,-0.0308605815538,0.6868564359274,0.4771273211864,0.5638328170099,0.0492289301320,0.2238098054671,0.6787151906709,0.4013993946598,-0.3591788840195,0.1433546934612,0.2921551223731,-0.2064250432965,-0.3430438590998,-0.0686278844090,0.3339433392750,0.5651389125409,-0.4736951748860,-0.3312377320583,-0.0604036921461,-0.2219725008368,-0.1315438145777,0.3121446100058,-0.3675721981162,0.0288312067896,-0.0872347998018,0.0061305210291,0.2191140355159,0.0190331949423,0.3277091638068,0.4954565437142,-0.0548442404309,0.2022957603702,0.1708717463944,-0.0294510227193
0.6705636679672,0.5076866547867,0.1004445321738,0.2800179474063,0.3198536054466,0.1525043681098,0.0652880258879,0.1912824379665,-0.0147738606536,0.5067764912670,0.2365583639070,0.3471235220599,0.1642522286054,1.0000000000000,0.5816574291197,0.3523774483503,0.2316162582317,0.2854654433158,0.1148816334981,-0.0317858768359,0.2645183205662,0.4086790677716,0.1597322089063,0.1545715072550,-0.2417034010032,-0.0472902975518,-0.0108084066870,-0.1361929811398,0.0200465380809,0.0375330861719,0.2187118895162,0.1880376093690,0.4283293792061,0.0923873495554,0.1030997812568,0.1615457715601,-0.0103653438248,-0.2869208157034,0.0331836166071,-0.1988509091829,0.3532405304375,0.3918956699202,-0.1269109117952,-0.2973428066041,-0.1409951534651,0.0981624189287,0.1240411877558,0.2010939735450,0.4776032314479,0.3101153985458,0.5046747621311,0.6753460068873,0.3316611375468,0.2505994840096,0.2186189215170,0.3564971515737,-0.1342491073747,0.0581056639619,0.1472213041526,-0.0185400307631,0.4156559208255,0.1669149779390,0.2278641701211,0.0153639272794,0.7111624080882,0.2854789131344,0.1801394123584,0.0494220464312,0.1991511096124,-0.0255002729711,-0.0516836393457,0.2367324171798,0.2124789615800,-0.1354411838403,-0.3591682801022,-0.0831318900768,-0.0528352913167,-0.1933236587534,-0.0108581280340,-0.1484342310013,0.2976289525935,0.0465303115189,0.0768037386295,-0.2054200175802,-0.3546774596987,-0.2337392694884,-0.0945712655996,0.2176283204175,-0.2429042548878,-0.3592176661390,-0.0531971889581,0.0539324100532,-0.3590592215013,-0.2554971878445,0.0518838968671,0.1261914641172,0.3979326957721,0.3599612200969,0.3880464081397,-0.0068784310065
0.6587191537872,0.2881397604195,0.0272092372453,0.6541922574415,0.4902393980225,0.3253109994710,0.2680880318253,0.1989210138587,0.2818692784532,0.2650125516997,0.5269480742238,0.4964674462190,0.3586733579203,0.5816574291197,1.0000000000000,0.2723822914010,0.2994595128774,0.3919530947620,0.2991431678697,0.0573584877768,0.3029198751967,0.1047493056371,0.4001337372589,0.4169423811554,-0.2538530356634,0.0768503856651,0.2384389334192,-0.4201869168496,-0.2512345673842,-0.3847984130154,0.3346672713000,0.2226329294630,0.2873010575358,0.0401145522996,0.3337322127866,0.3160583403914,0.1262000675888,-0.0884825903640,0.4799583016565,-0.0391921958978,0.2431836185930,0.3872363544985,0.2162231019686,-0.1530825185627,-0.0860304861071,-0.0505286936824,-0.0735980680507,0.5250342601876,0.4651364118354,0.5518546090045,0.6879258346203,0.5724534907047,0.6486678001964,0.3284056774666,0.4503424008837,0.5939737688854,0.0193441808254,0.0303156504901,0.2472531748777,0.2533899822066,0.2231652549884,0.4762002762818,0.2790412711865,0.1951601260776,0.5150844668675,0.6354146407005,0.3379890007427,0.1806395620250,0.2330114280319,0.1010374267197,-0.1382364690007,0.1233205996066,0.4486402312472,-0.1226159775815,-0.3336723440297,-0.1815568690424,0.1639409423503,-0.4189712143009,-0.3015011734191,-0.0071831602301,0.1242495055978,0.0717433889948,-0.0891669018603,0.1062996038275,-0.2579221393144,-0.4386178334562,-0.0053332235714,0.3874192985423,0.1045029479624,-0.1957296849219,0.3715904252890,0.3064214764118,-0.2127503783613,-0.2775836505995,-0.1649783202152,0.5213896017033,0.2949278172312,0.1794036877026,0.4226993157414,0.2842668926777
0.1332178486728,0.1776758915920,0.2176978792756,0.5382008662373,0.2919438060539,0.2382904870300,0.5137611750487,0.3231849915763,0.4473886285424,0.0963037759303,0.2089530833391,0.2173452521120,0.2950570061581,0.3523774483503,0.2723822914010,1.0000000000000,0.5370119239418,0.2233308392083,0.6678089472949,0.5186462336406,0.3345003087213,0.0095008198512,0.1157817148930,0.4876749999353,0.1601019551119,0.2920856809170,0.1736051030936,-0.0423117323188,-0.0281640850619,-0.0012648671916,0.6326575165530,0.2089887390259,0.4483763048621,-0.0716094617134,0.3622524993355,0.7419860597256,0.0737076227871,0.1480199963097,0.0975277827459,-0.2053386906105,-0.0229642422178,0.0069065349772,0.2318408340526,0.0830321428760,0.0189093435187,-0.0674304435257,0.0132834287090,0.1513739560900,0.0916277383009,0.0111758025003,0.2266230714223,0.2228570776369,0.2304445897978,0.2824870721664,0.2552757076546,0.4725730719201,0.0796041686725,0.1943566804902,0.6255776027734,0.4340199163141,0.0728695678389,0.2534644213456,0.1004355717734,0.0872005551078,0.2664898012334,0.0120316106355,0.4458107158231,0.3223440601673,0.7420269923380,0.3926599893866,0.0803232176392,0.0828175987989,0.3847101062629,0.1727671730094,-0.0527693583766,0.2415495806513,0.0393698089908,-0.0883918456489,-0.0837297735278,0.1140822094508,0.1277848840179,0.1594496020562,-0.2375612479541,-0.0909274132146,-0.1053969409768,-0.1387664621515,0.0038016733831,0.7129920373071,-0.2377355250275,0.0613061768023,-0.0357995344145,-0.0155889174516,0.1288721476974,-0.2504453633477,0.0024416430646,0.1579312906141,0.0087905528718,0.0684275071301,0.0558838081560,-0.0318892371708
0.1361987656867,-0.0929140094234,-0.0452377493899,0.4034004097638,0.4223881856002,0.3851977260542,0.2443190293394,0.3893031441116,0.5973161442640,0.3164332336328,0.5399881151439,0.6213655982347,0.7224655001015,0.2316162582317,0.2994595128774,0.5370119239418,1.0000000000000,0.6019814184731,0.4702207748394,0.5927456752209,0.5539959532830,0.2535123552872,0.3898478510538,0.6437409630034,0.2564303619768,0.4114998930072,0.4230355564586,-0.2153932605841,-0.1724593560336,-0.3185983125369,0.5957215785131,0.3365179087679,0.7582278382178,-0.1831224299602,0.0450295717919,0.3030924707602,0.1953415208005,0.1563917812500,-0.0909524070039,-0.1536867326051,-0.0705105840385,0.0270325567258,-0.0702043181602,0.0184983077642,-0.0955570229457,0.1985026547701,0.0996879942148,0.3357539281269,0.1050763586627,-0.0010167950576,0.3300651593388,0.1584363917705,0.0963439777981,0.2557627063976,0.2853860046295,0.3345415966237,0.4103716511847,0.2649008456018,0.6437839756110,0.5918173626437,0.3178507482533,0.5534103595829,0.4752311511085,0.5436813047713,0.0207289581251,-0.1006278759229,0.0141337053360,0.7821229503843,0.5506061471897,0.5900386093730,0.3292237273611,0.3984165171694,0.6370304272536,0.3952807319051,-0.1541369376973,0.3934703893115,0.4277592426966,-0.2257162573025,-0.2729849072114,0.2229434911530,0.3937130280967,0.6236981194357,-0.5063888215808,-0.3221623436536,-0.0934636601058,-0.1919715755988,0.0762336020253,0.3649174156849,-0.3469717027823,0.0663876827202,-0.1487192040447,-0.0926079104353,0.1566848973679,-0.0937943099137,0.2459665104418,0.3006132964437,-0.2029538157348,0.0967275405036,-0.0210404639375,-0.0414492346373
0.4115725323526,-0.2135413526628,-0.2733674360527,0.2569469905361,0.4758424964246,0.2887369532333,-0.0792447572010,0.6287096519844,0.5722349154244,0.1597584160912,0.5457450919710,0.5779493467651,0.5697580478140,0.2854654433158,0.3919530947620,0.2233308392083,0.6019814184731,1.0000000000000,0.1811059902469,0.4684580511645,0.4105027838338,0.1531564572947,0.3425246733889,0.6079957581921,0.1183430449470,0.1454633350780,0.3581021743931,-0.1250067939673,-0.1212606185056,-0.3282622996228,0.3272091582158,0.1902491380898,0.3880243749504,-0.0869644434663,-0.0416323425782,0.1380133842726,0.2577100348693,0.1754519749251,0.1166030063735,0.0573144665020,0.1873608794756,0.1674975596444,-0.0594790818581,-0.0328910750940,0.1201383832668,0.3474243514062,0.0212084924374,0.5866631469258,0.3159728226413,0.1741911437100,0.4971851908728,0.3422428014665,0.0935004051832,0.2349343213752,0.2021055066266,0.3433323229743,0.4240360593695,0.4239092391001,0.5146013780110,0.5447241356176,0.0981562900658,0.3908096205384,0.1851025478155,0.3035211236523,-0.0429047419438,-0.0535191092876,0.0991550095535,0.5457225232234,0.3597975490131,0.5460878304417,-0.0471997975997,0.1709098535981,0.5570169467227,0.3092474350187,-0.3181624566128,0.0344094117691,0.6122871349592,-0.1254268587010,-0.2869931993642,0.1260726999587,0.3713186412430,0.3123590749665,-0.4112519880934,-0.1964797414924,0.0133150773624,-0.1498419283042,0.1136079118520,0.1683661420210,-0.2716031231695,0.1339257489644,0.0344930572974,-0.0085459339425,-0.0550706254042,-0.0245773477596,0.1702822962726,0.4804170004116,-0.1503308428743,0.0854770216443,-0.0526071636504,-0.1662416385628
0.1068522459252,0.0068263576286,0.1130048707569,0.6025605728573,0.3890592473222,0.3375662845609,0.6272968306316,0.1980989648835,0.6807182627251,-0.0335277928170,0.3006303000389,0.2656961296244,0.3649499879953,0.1148816334981,0.2991431678697,0.6678089472949,0.4702207748394,0.1811059902469,1.0000000000000,0.4887141737755,0.1244036464155,-0.1651400252574,0.1265795688922,0.6708120438753,0.1691116604959,0.1638946627032,0.0683074348635,-0.1326055287959,-0.1748069064986,-0.2260872799986,0.5002900817317,0.1458058390068,0.2716627408015,-0.1839121125576,0.2109268647139,0.6787149269340,-0.0347606632794,0.0593667372908,0.1342332633659,-0.2545887894218,-0.0450357460539,0.0172966483038,0.1033949975926,0.1297360116006,-0.1382553855212,-0.0465970311807,-0.0220181830385,0.2740648399819,0.0573202221865,0.0543848355029,0.3156562705273,0.1212681467921,0.3029846044717,0.3252020134603,0.4129800158813,0.4991984226993,0.1543779575322,0.1474362254291,0.7041314170142,0.7110761383667,-0.0368048158192,0.3979426851583,0.1085428611103,0.2707229013293,0.1300818795492,0.0407692173286,0.2586409086004,0.2901233052485,0.8274298010893,0.3790671763409,-0.0232029444256,-0.0591571063239,0.5783648738710,0.1531689573331,-0.0901534839280,0.1262015719992,-0.0074904876794,-0.1753505542933,-0.2310802912540,-0.0520861524698,0.0188784014877,0.1906187376885,-0.3484370351603,-0.1060934957451,-0.1133876473276,-0.2489996424639,-0.1089024731368,0.6375697647228,-0.1942891445326,-0.0101953462924,0.0137702007706,0.0356126249054,0.1827845024941,-0.2123215874451,0.0694678702091,0.3023198529748,-0.0631433871327,0.0352911532015,0.0681750742064,0.0539754487149
-0.0406547020007,-0.1054483062360,0.0352013714917,0.2663299648832,0.2914426815244,0.2183469619568,0.2303477463351,0.7083071555049,0.7151615489761,0.0374310554443,0.2284077893588,0.2713859784530,0.5304905702235,-0.0317858768359,0.0573584877768,0.5186462336406,0.5927456752209,0.4684580511645,0.4887141737755,1.0000000000000,0.2810060345198,0.0459983599566,0.1102872866295,0.5890086800156,0.7347182761519,0.3917963841986,0.3476577518634,0.1027612102869,-0.1098731185574,-0.1315357281708,0.3833234341032,0.1857878414069,0.3395360384977,-0.1634103457715,-0.1085870008144,0.4322661344638,0.1359571423872,0.5672971827792,-0.0704238040412,-0.0359809064845,-0.0051567729865,0.0030659685661,0.0261074938372,0.4712077179777,0.2132127526277,0.2317224783783,0.1317929664411,0.2630441630927,0.1108711831900,-0.0936085739681,0.1155885395994,0.0388881260725,-0.1994111304159,0.2051130863176,0.1547897174396,0.1852235313421,0.4045758982661,0.5957884772172,0.7115582422232,0.6549402427147,-0.1112699140176,0.2066499419068,0.0214659884763,0.2293743930752,-0.1854389186022,-0.3624318713601,0.0175199195861,0.4257811298376,0.6597006980851,0.8298841936444,-0.1048565719764,0.0408409279898,0.4502027242794,0.7661386373704,-0.2611962648526,0.3183924355201,0.4005548106518,0.0462061341639,-0.2380714151920,0.0325073764747,0.1312052137604,0.3096214020655,-0.4714281210228,-0.3547068284473,0.0962963667186,0.0428532662148,-0.0238473804596,0.3731674185390,-0.5069786403606,0.4510240461953,-0.1909631722744,-0.0650827402528,0.4969094464653,0.0427359422153,0.1969834530507,0.1860172426590,-0.2124357354740,-0.0051040500830,-0.1877145851624,-0.2877313420406
0.0830917223874,-0.1231133439208,-0.3099135123259,0.2445119753899,0.0740424627956,-0.0989648710351,-0.1579779559710,0.1311091951123,0.2185939673274,0.3000888756400,0.4191920308249,0.4249738892800,0.2178923186143,0.2645183205662,0.3029198751967,0.3345003087213,0.5539959532830,0.4105027838338,0.1244036464155,0.2810060345198,1.0000000000000,0.3186416388850,0.5990788066840,0.3013300558765,-0.0265668511236,0.5015452257201,0.6043644034405,-0.1122658994758,0.0399847249372,0.0171765662400,0.5512346245238,0.3183098295001,0.5247421969847,0.1392674532219,0.2909853468588,0.0440099189851,0.4292420673580,0.2156476624246,-0.0975331302300,0.0640359537688,-0.0872075576831,0.1895138973508,0.3548661163936,-0.0639237991492,0.1172572231646,0.2094347488002,0.1317914673052,0.0687854906894,0.1059558436307,0.1769204459141,0.1324547815961,0.0041352445882,0.1177331315647,-0.1806443767630,-0.1716670667805,0.0669860502281,0.1183513831285,-0.0618357305026,0.1798541807865,0.1810053192048,0.1350352517704,0.2930571413742,0.2311862949038,-0.0211749706946,-0.0003109477777,0.0051710459361,0.0839775742925,0.3665232715025,0.1262358515273,0.2776213438533,0.4273286865725,0.5615412062676,0.2562744102247,0.1966317469983,0.0949080145604,0.2598669726650,0.4841892987819,-0.0755944549471,-0.0172571721765,0.4344866734775,0.2198407572830,0.2395396677857,-0.2079711449265,-0.0369536428260,-0.0343389174270,-0.0866276039684,0.3229394239539,0.1452608178243,-0.0121891301135,0.0470811841215,-0.1377437870739,-0.1195465551603,-0.0875174625541,-0.0869227372629,-0.1652174726348,0.0161657817193,-0.1200739937551,-0.1098429784418,-0.0731952672193,0.1158137676764
0.0812207056192,0.2118943764783,-0.0744824763819,-0.1521993981001,0.0265760022021,0.0428270468100,-0.1993210772980,0.1249656951776,-0.1538540867388,0.7192155449707,0.1937509966627,0.2693228067387,0.2354964964490,0.4086790677716,0.1047493056371,0.0095008198512,0.2535123552872,0.1531564572947,-0.1651400252574,0.0459983599566,0.3186416388850,1.0000000000000,0.2646344244055,-0.0205121897737,-0.0344184527234,0.0828851687182,0.2192753650945,0.1957713465720,0.2157277255191,0.1856817179551,0.0461049136232,0.1114601588122,0.4610613516790,0.2679134025314,-0.0916294066113,-0.1870227500525,0.1235048350960,-0.0727703604882,-0.2037715116650,0.2002394814650,0.3641158342344,0.2104415640050,-0.2289423573776,-0.1119447661294,0.0623593485497,0.4632891460190,0.4380027070765,-0.0057987784556,0.3962770760825,-0.0615723014783,0.0057532187434,0.1320464991547,-0.1734454623776,-0.0242724204642,-0.0512827198393,-0.1383542298588,0.2105859158338,0.1195640785697,-0.0306151367485,-0.1680869467319,0.5646448571159,0.1635937952813,0.3345590052646,0.1765889873346,0.1022506384832,-0.0847025065833,-0.2639365113250,0.2397648811312,-0.0617125575036,0.0973370945685,0.2165420888960,0.6063885236810,0.1091469703477,0.1468426908625,-0.2017854850099,0.0375844449103,0.1092192868841,0.1508797528199,0.1446596494385,-0.0008511159527,0.2625205451926,0.2414932141284,-0.0335810899130,-0.2990231369345,-0.0841735473297,0.1023718069338,0.1009889300700,-0.1433942308789,-0.3073974857878,-0.1470676347822,-0.2012046362247,0.0946885429588,-0.1178521334901,0.2027334804244,0.2073686592213,-0.1292999846987,0.2142651123905,0.3423632107495,0.1515892740359,-0.1242087928323
0.1751581624362,-0.2875485499506,-0.2976116210402,0.2423958244221,0.1859484635013,0.0560146726612,-0.1029345539963,-0.0834007916166,0.1985695922295,0.3342026989771,0.5865653209134,0.6378117414190,0.2274299349406,0.1597322089063,0.4001337372589,0.1157817148930,0.3898478510538,0.3425246733889,0.1265795688922,0.1102872866295,0.5990788066840,0.2646344244055,1.0000000000000,0.2754088094186,-0.1772485087414,0.4924784708599,0.6090265841403,-0.3309375985980,-0.2620313975621,-0.3853368477161,0.3556442021337,0.4470378004890,0.5208851647899,0.1705809165256,0.1953060519317,-0.0625201682920,0.3535393567787,0.0401601208525,0.0614663775581,0.2066993107095,-0.1594084394962,0.1642367784193,0.1610143094369,-0.1569224716090,-0.1598279626019,0.2097608598623,0.0899491936876,0.2534421479891,0.0504948515246,0.1822452240330,0.3023109198180,-0.0499485980867,0.2642722453395,-0.1088837421843,0.0219316266962,0.0708756124320,0.1216323995183,-0.1217759701829,0.0949507907421,0.2070826409653,0.1376395197401,0.5088308674028,0.3950781761997,0.1180230478976,-0.0413793727167,0.2920193607799,0.0608734186101,0.3782981099886,0.0649808207254,0.2489465312760,0.3418150969945,0.6909028718766,0.3582927977359,0.0620678867762,0.1131086907749,0.1769686753203,0.5106140047509,-0.2638598741031,-0.3338478643609,0.3850906651870,0.1978479062132,0.3152624086749,-0.3478809816526,0.1372530176364,-0.0341357989285,-0.1858997989106,0.3201268357144,0.0258518109057,0.1693165757591,0.0235119543189,0.1233545744351,0.1491319656710,-0.1332389874526,0.0088302055957,-0.2265254876881,0.2626008121157,-0.1983010198973,-0.2022785713241,0.1728190492583,0.3506399064701
0.2128625551183,-0.1382129271903,-0.0051254984928,0.5904030769420,0.5689231859069,0.4686832556764,0.4738140896601,0.4758119203839,0.7745502051861,0.0900640064444,0.5532680739894,0.4394754303531,0.6001641357730,0.1545715072550,0.4169423811554,0.4876749999353,0.6437409630034,0.6079957581921,0.6708120438753,0.5890086800156,0.3013300558765,-0.0205121897737,0.2754088094186,1.0000000000000,0.2829073153683,0.2087137070511,0.3955479083011,-0.1786582096028,-0.2303707243514,-0.3759468216174,0.5315172200206,0.1488776398331,0.3383213522036,-0.2646164193027,0.1192744842886,0.5014861846346,0.3150693187540,0.1983028719238,0.2220204479333,-0.1254849107276,0.0767730926997,0.1428648476041,0.0467695591063,0.0793756435166,-0.0456994139872,0.2155066710267,-0.0329878247119,0.5717531693105,0.2687162435706,0.1489720091446,0.5068074542833,0.2209210477764,0.2302265061716,0.4001261307578,0.4930401089127,0.5124234519243,0.4279621402669,0.3409737484786,0.7068718964166,0.7625128152714,0.0922423537944,0.5837585009937,0.2391686776191,0.4263956108930,0.0725763915237,-0.0106873609136,0.1253593905647,0.5691773435528,0.6710728224336,0.5798964977575,-0.0215893903985,0.1404004788208,0.8181536027876,0.3873811156633,-0.2996351297920,0.1344109342117,0.4011421272727,-0.2171578355317,-0.3276757823994,0.0895066807119,0.2090809678919,0.3419782936717,-0.4154078346507,-0.2204054992368,-0.0749277147373,-0.2210075759042,0.1158466037749,0.5276773290845,-0.2793264124303,0.1390395842985,0.1037549994293,0.0111438237323,0.1740642071772,-0.0593436804149,0.1702503073655,0.5364163034282,-0.0427851175134,0.1817628521390,0.0846946986872,0.0300148716414
