1.0000000000000,0.6473653184101,0.6445952065233,0.5330381173027,0.7045607970766,0.4444225252391,0.4582077909965,0.0915388321024,0.1102837723672,0.2796523952368,0.1733937928372,0.2545382573616,0.0796017591872,0.6396131851321,0.3069209990486,0.2507019930545,0.0398363151832,0.1680412559924,0.2866650365876,0.1695414935932,0.0238908196204,0.2624268313609,0.1881425397694,0.0232550871865,0.1688406347520,0.0303182785920,0.0450737463701,0.0160918630046,-0.0570541846086,-0.0632059335765,-0.0711729986860,0.1441849756378,0.0837714953738,0.1109800230835,0.0048992139593,0.1715912357008,-0.0341497417780,-0.2589328122563,-0.0242421464915,0.0490875981094,0.1644761456087,0.1620490065481,-0.1797779929525,-0.0142122287615,-0.1689138093577,-0.0325141961235,0.1692635227436,0.0543400644078,0.1459681860280,0.0286545783080,0.8522943364030,0.4854468986787,0.5091991360048,0.4777719906731,0.2445790103341,0.4761940192888,-0.0075712861337,0.0248991037707,0.2157171011837,0.1758821934671,0.0068000229707,0.1912872191884,0.0777920905939,0.0379737355420,0.1785349273287,-0.2071787241504,0.1824656237446,0.1282912745395,0.2492982991125,0.0851291511015,-0.1304773539587,0.1927369253433,0.1242760828819,0.1439020310775,-0.0609536627971,0.1111919208015,0.1061701806377,-0.1165191354108,-0.2516028834028,0.0856499868566,0.1748217620760,-0.0055719431650,-0.1692584758669,-0.1433708564262,-0.1787120100654,-0.0012917270589,-0.0259299299102,0.2145005842755,-0.3033439693947,-0.2824947764394,-0.1926676418482,-0.1077195428973,-0.0606027952221,-0.1509504652204,-0.0114775922862,-0.0567440740472,0.0599778404813,0.1117156827596,0.1218560798976,-0.2148533238360
0.6473653184101,1.0000000000000,0.6211791782170,0.6048171649889,0.2618332137145,0.1918384351760,0.4072558032382,0.0204875440522,0.0448463585941,0.0653701283631,-0.1155408813625,0.0259187126587,-0.1381402484712,0.6067482156155,0.3170890762074,0.3288473563608,0.0061466506643,0.0046457873916,0.2272219700017,0.0822483347807,0.0308074586027,0.0958948610616,0.0305306189432,-0.0436188505243,0.0528280402293,0.1124744653020,0.0294281994240,0.2227357145245,0.0712532461678,0.2231727098929,0.0055969381715,0.1087168412558,0.0700869803893,0.2236674931302,0.1165776240385,0.2439895007401,-0.0175437352972,-0.0215823079804,0.0612567989178,-0.0177749684249,0.0146384962914,-0.0042479215565,-0.1956479027584,0.0319658790381,-0.0541702135651,-0.0771595919086,0.1527111610616,-0.0313008990137,0.0037025368635,-0.0786918229042,0.4932833988943,0.7254420164473,0.6022837631012,0.3865033275090,-0.0457225497310,0.4103369059354,-0.0175009423675,-0.0709477479131,0.0780091326601,0.1575974673583,-0.1341592644801,-0.0298103969579,-0.1052605291662,-0.1646644186075,0.3362269457904,-0.2369102347971,0.2673923366505,-0.1313179094113,0.2304854310234,0.0025621228097,-0.3744988128609,-0.0075190554946,-0.0191000648799,0.0093885759268,-0.1302423918515,0.2274834538567,0.0283383704136,0.0627601581439,0.0119432703372,-0.0360365141093,0.1384212214489,-0.0302054000893,-0.0114113501244,-0.1216918886930,0.1118033125349,0.0762042639108,-0.0327038767537,0.0919911832581,-0.3449758020439,-0.0972497813441,-0.1909442800123,-0.0913158048020,0.0528459328148,-0.1559985353352,-0.0628637953659,-0.1471889880635,-0.0987488668644,-0.0785127841054,-0.1446310841053,-0.3694210897098
0.6445952065233,0.6211791782170,1.0000000000000,0.4810550710953,0.4998749533692,0.5798096075413,0.6107505604038,0.0049020146747,0.0945708144245,0.2106163610236,0.0174936996240,0.1157547691121,-0.0264139829427,0.3533053420043,0.2077039023800,0.1241386071523,-0.0224032634062,-0.0241232717451,0.1782824384036,0.0568507337060,-0.0394444788605,0.0933113054119,-0.0126932391159,0.0809535352637,0.0594917883749,-0.0673745800800,0.0067518758829,0.0694465133099,-0.1156802840815,-0.0655811702001,-0.1527522507188,-0.0086564399747,-0.0502011486168,-0.0248078733626,0.0451041166732,0.1885740540108,0.1608351639527,-0.1318484837881,0.2046291801209,0.0447500082376,-0.0229032182288,0.0143329522198,-0.2080540123273,-0.0348598804928,-0.2111000823420,-0.0982110242541,0.0505193826446,0.1625109913326,0.0185142708430,0.0425949678807,0.5742051143113,0.6654300939938,0.3388472125950,0.7175057082062,0.2484395555868,0.4709658465994,0.0771667644905,-0.0991417896084,0.1336238949880,0.1948718060417,0.0302613157417,0.0513001124559,0.0382830440748,0.0210895566368,0.1193257278202,-0.1587277136846,0.0859774966732,0.0356473568204,0.2051107990494,0.0536433513197,-0.2696604253444,0.0390715480799,0.0808620243191,0.1355239056699,-0.2412707782303,0.0372569880838,0.0145982704185,-0.0744980283131,-0.1740654900419,-0.0613326735909,0.1136656825798,-0.0899396926737,-0.1988577154740,-0.2295611140267,-0.2030043887450,-0.2029934713534,0.0570826933534,0.2259117192543,-0.2900328262824,-0.2475206726712,-0.0271737343480,-0.1734118097651,-0.0696844680223,-0.2354925081794,0.0214947150198,0.0218459775695,-0.1759676127791,0.0349045723729,-0.0018235171581,-0.2344323125073
0.5330381173027,0.6048171649889,0.4810550710953,1.0000000000000,0.5328617392227,0.4626180377695,0.7780120948841,0.1933207700416,0.2774931337653,0.1799027374491,0.1715748871363,0.2440399816648,0.1512906655415,0.4658959153047,0.6121418684955,0.2528624733636,0.2813420166446,0.2665270527188,0.3189541262522,0.4089233716503,0.2142886503907,0.0550215691947,0.2095533129926,0.3355655768595,0.1758661255681,0.3054253882976,0.3047844622712,0.0408944990672,-0.0261550531109,-0.0133658157517,-0.0597905070786,0.2187786701685,0.1377404955912,0.1621271645378,0.3203560996524,0.3130415864001,0.0350418535548,0.1278798034491,0.1268953410344,0.0359413622363,-0.0384477080948,0.0264646531356,-0.0610846914952,0.1685550885642,0.0401947673269,-0.0653366480365,0.0064057562088,0.2503705377090,0.1605347325416,0.0062588419459,0.6245709355992,0.4734584675210,0.6161064137729,0.5937617685392,0.3992119729800,0.7123122517918,0.2040827288104,0.0464167621378,0.2501782188491,0.3083594259841,-0.1356697821807,0.2467882451990,0.1390366405476,0.0683057628701,0.3743461688204,0.0740294785570,0.1419242843080,0.0927498901247,0.2012285119225,0.3329310303694,-0.1286776644829,0.1071554702105,0.2963421606417,0.1843086217163,-0.2310526880861,0.0957838274626,0.1328694793479,-0.1398680030468,-0.2097737454103,0.0858395044751,-0.0976339175247,-0.0680610225046,-0.3394870238938,-0.2692699438674,-0.1133514990559,-0.2071871528190,-0.0756096612516,0.2128163454444,-0.3109257176213,-0.1372535868730,-0.1430947451998,-0.1526368819573,0.1013441363013,-0.3136876041562,-0.2908505451666,0.0506316686557,-0.0497626240417,-0.2092664450442,0.0435370383745,-0.0799477638773
0.7045607970766,0.2618332137145,0.4998749533692,0.5328617392227,1.0000000000000,0.6611643262790,0.6009310292285,0.2989541788745,0.1661350200832,0.3566361847299,0.3558414779498,0.3559752876884,0.2234648750398,0.4289879623645,0.3640235022203,0.1463336609658,0.1377262983753,0.3096877680572,0.3533152892872,0.3572109860186,0.0235290155404,0.2298306143890,0.1862833634339,0.1820472799348,0.2216723442276,0.0477077526580,0.1254559898912,-0.0666513761764,-0.0209348367354,-0.3047906602700,-0.1436275882914,0.0664385687462,0.0512928209162,-0.0319996803383,0.1460929863805,0.1988225535067,0.0605995819807,-0.1765786384493,0.1250026868538,0.1151198185077,0.2385941661221,0.1659582766009,-0.0050658847208,0.0403789875249,-0.0662254670682,0.0980763715031,0.0244989210925,0.2976255240906,0.4810438501947,0.1157334401143,0.8318128663417,0.2112597082410,0.3659345142282,0.6012766119972,0.5823467471083,0.5899419038850,0.1260409396904,0.1616952211807,0.3264345877979,0.2039349650782,0.0778232911047,0.2932146334831,0.2056104933553,0.2195332721830,0.1275318261561,-0.0345046748993,0.0868690412786,0.2849620661076,0.2822561505930,0.2470009937453,0.0478845802482,0.2137985743125,0.2519988080669,0.2724046359211,-0.1067904490486,-0.1032314966370,0.1685686532783,-0.1328643794582,-0.3294592855505,0.0803209366676,-0.0293846832328,-0.0572689470723,-0.3307917712996,-0.2042529781305,-0.3233649869533,-0.2177967625938,-0.0137691248070,0.4738093855890,-0.1960946379517,-0.2662167848010,-0.0012430441672,-0.0190648272504,-0.0462385463634,-0.0546943659779,-0.0504609055303,0.1448379353233,0.2649657768278,0.2413911058017,0.2096219207729,0.0207857297417
0.4444225252391,0.1918384351760,0.5798096075413,0.4626180377695,0.6611643262790,1.0000000000000,0.7370992237987,0.2617045531748,0.2719658834119,0.5042787059495,0.4606627382854,0.4689554838341,0.3891545770039,0.1418164114814,0.4062663742142,-0.0638484335929,0.1610437825556,0.2327915573600,0.2070839596507,0.2575082968418,0.0953605899495,0.3994794129676,0.2191186367712,0.3361234634263,0.1517526203513,0.0433146028412,0.1913551878305,-0.1708032997165,-0.1417937058000,-0.3555506803137,-0.2840300971600,0.1197589084657,0.1432980148426,-0.2213696687570,0.0996306318087,0.0572668136181,0.2150511950786,-0.0993829482148,0.1312215140623,0.0420936122836,-0.0461088061033,-0.0229308227455,-0.1224088694325,-0.0125858148214,-0.1266035419674,0.1507119412902,-0.1144808256088,0.5461386161132,0.2376185325125,0.0769178568549,0.6117347611898,0.3234950584435,0.1696443430565,0.8200563726679,0.8213406631635,0.4797679661973,0.3532744675972,0.0984333394304,0.2928641277278,0.3016414357776,0.3810162287163,0.4671998623897,0.4562467568164,0.4694669621801,0.0198193357053,0.1377827063514,-0.0844293286815,0.2764408194204,0.1792322095592,0.1318870341069,0.0559830310671,0.3372216142065,0.3526703118443,0.2275479509451,-0.2166885061563,0.0062093781466,0.2505042751637,-0.2212854430262,-0.3281782741947,-0.0791975960412,0.0693882146533,0.0565778383941,-0.3946247527764,-0.3059855825982,-0.2645234821822,-0.3972955332975,0.0815216268042,0.2970362033271,-0.2298278927426,-0.2756741432519,0.0844886645820,-0.1121071222935,-0.0463929012224,-0.1713913935978,-0.0389999742690,0.4423599109391,0.0603037475334,0.1381684881089,0.2116997969008,0.0600976413762
0.4582077909965,0.4072558032382,0.6107505604038,0.7780120948841,0.6009310292285,0.7370992237987,1.0000000000000,0.2934281932173,0.3388445696077,0.2977544690717,0.2351612188672,0.2745721668045,0.2407423803684,0.2620872512319,0.4456080040819,0.1534236778328,0.1815729633068,0.1908458106077,0.3576197666009,0.3411165543506,0.0569537818620,0.0752793570638,0.0374041267134,0.3533177570874,0.1336120151964,0.1215655534374,0.1579017690126,-0.0994029189081,-0.0998055908389,-0.2552267912267,-0.2324983395505,0.0198146106016,0.0034458209354,-0.0991075061458,0.3485029572654,0.2727588407031,0.1218017561234,0.0502755952880,0.2493563936667,-0.0336820570407,-0.1197130094086,-0.0942348336593,-0.0704145583248,0.0862520114401,-0.0128450623863,-0.0457988977574,-0.1497468836662,0.3472046673095,0.1735805260052,-0.0188311414581,0.6402321574653,0.5136542078823,0.3873592255729,0.8229177342330,0.6099934741299,0.8374198661462,0.4398175252748,0.1550951400487,0.3851537675780,0.4055333037514,0.0581403102586,0.2045106482714,0.1954549517901,0.3145739678716,0.3098554228255,0.1041657020775,0.1059501697255,0.1705146795182,0.2932667654842,0.3633618540070,-0.1041851810983,0.0669338100347,0.3247196331970,0.2684838362451,-0.2630935605267,0.0425713309127,0.0720610357385,-0.1989418282133,-0.2245504386164,-0.0801690217607,-0.0907169318543,-0.0781761557031,-0.3985364795881,-0.3318123020477,-0.1454742449782,-0.2948358883537,-0.0216039495367,0.4288253921200,-0.2602843900505,-0.2300693507816,0.0041076887710,-0.2393625339544,0.0648886927454,-0.2694253887404,-0.1354884951606,0.1773305256522,-0.0229024976531,-0.0573719400195,0.0928264924637,-0.0525670340748
0.0915388321024,0.0204875440522,0.0049020146747,0.1933207700416,0.2989541788745,0.2617045531748,0.2934281932173,1.0000000000000,0.5690354716574,0.3357043255832,0.4578568021544,0.4881500503305,0.5634300130513,0.0966029029451,0.2377102937159,0.4059167179972,0.5042348524481,0.5870961303869,0.6226337369048,0.6524531770526,0.2118767953537,0.3453591475065,0.1897427676669,0.2640949987624,0.5631237978633,0.2258502065155,0.2455427893082,0.2022149346460,0.1653927938674,-0.0763249074407,0.1462119163772,0.2323131439814,0.3502043620869,0.1728604317357,0.1482486128065,0.1858086875072,0.0712381350830,0.2566838882415,0.0203042644866,0.2550570850174,0.2065453136110,0.1370144603272,0.3536571025562,0.4519741443705,0.3308806840913,0.2679521561834,0.0942046221393,0.1857744764717,0.1804274745916,0.0819022317243,0.2445065228052,-0.0731568755221,-0.0345149742264,0.0743860960610,0.3387306436362,0.3021232289150,0.3935602219509,0.7235102105829,0.6854571059556,0.6401337157496,0.0515187006520,0.3271777944140,0.3357264561098,0.3549081232099,0.0298215517482,-0.1550024824279,0.2532091109901,0.5044942209397,0.3978605461300,0.5287145705091,0.0513650825330,0.1222108146977,0.2796968515272,0.4771669589898,0.0852097654436,-0.1445523606631,0.2168256426210,0.2396048569539,-0.0911244006863,0.2131548360251,-0.1678145834379,0.0889168415213,-0.3398227668168,0.0191084891985,-0.0473794392629,-0.0697119075983,-0.0549937434135,0.2537101501517,-0.1931824507502,0.1365992204627,-0.0086254066105,0.1478406677568,0.3358997960505,0.1610741599888,-0.1139000608456,0.1404920645197,0.2848844763922,0.1244763052939,0.1210642289622,0.0269130659018
0.1102837723672,0.0448463585941,0.0945708144245,0.2774931337653,0.1661350200832,0.2719658834119,0.3388445696077,0.5690354716574,1.0000000000000,0.4223763830139,0.5024955831001,0.5064037056085,0.4777486548762,-0.0042273906607,0.2486373495236,0.0872754400853,0.2099758993932,0.4208223717009,0.3607697401502,0.5858149390204,0.0783692350908,0.2935070857784,0.1819989534395,0.6013310639574,0.6294427759158,0.2322755163709,0.2043536706238,0.0932529168991,-0.1440357309364,-0.1369236843089,-0.0669169432245,0.1784574958547,0.1701521593533,0.1498096685638,0.1451736482639,0.1316589529840,0.2887370970123,0.0923210751472,0.0123301456669,0.2316848286033,-0.1090013618966,-0.0540237619192,-0.0594773436812,0.2222534282942,-0.0211553308190,0.0291643587340,-0.0081685730179,0.1869364020086,-0.1110892577834,-0.0837215268967,0.1902849231061,0.0094066708532,-0.0475271060192,0.1718787713644,0.3284837709348,0.2487118176436,0.4591575245293,0.4209068335096,0.6193041474917,0.8442003387185,0.1930072424945,0.4474270169760,0.3151710774677,0.3599836432365,-0.1860068342265,-0.1401633678151,0.0393464276475,0.2877466592345,0.1947447392861,0.5279956143747,-0.0208308102563,0.1768150145843,0.5993057966442,0.5642370665410,-0.1899386983602,0.1719217523753,0.1951364783532,0.1059029174411,-0.3177483302442,0.0895114727812,-0.0540956777222,0.0300746185306,-0.4512803503762,-0.1742371628230,-0.0435222171286,-0.0969161393180,0.1758125556718,0.1768056702421,-0.2941646447509,-0.0472794410827,0.0082647122373,0.0831363151903,0.1713264552825,-0.1131347001815,-0.0978934361340,0.1506423393860,-0.1443754791136,-0.0902893769937,0.0743424775854,-0.1432866558570
0.2796523952368,0.0653701283631,0.2106163610236,0.1799027374491,0.3566361847299,0.5042787059495,0.2977544690717,0.3357043255832,0.4223763830139,1.0000000000000,0.6706132158023,0.7802380278006,0.5271490037221,0.1520532108571,0.3980031710644,-0.0522952160590,0.2401347711486,0.1554521680117,0.2608030105973,0.4076200843210,0.3271685553701,0.7301651461212,0.4222069765852,0.3818107522658,0.4190561179783,0.2553878960249,0.3478216622473,-0.0336558390831,-0.0372041690833,-0.2088982362140,-0.1248090901397,0.3173970628444,0.3332681909640,0.0780067809984,0.0338318051379,0.0651103984388,0.3035647064445,0.0105890346415,-0.0288734219592,0.2469061536300,0.1137651509029,0.2288507164591,-0.0644971217539,0.1815918157019,-0.0566683585688,0.3133198632606,0.1508554934248,0.2636425271768,0.0962556930135,0.0971101537513,0.3683990494706,0.1120407870108,-0.0814383168986,0.3007476183723,0.4705849403063,0.1317346389302,0.4459096344233,0.1220399061899,0.3418311951489,0.4103006460318,0.6587722216578,0.6031140152762,0.5135748768817,0.4377876740895,-0.1170386499139,0.0397122047471,-0.0178869562720,0.2817658080292,0.1844777041771,0.2296803137362,0.2650016708445,0.6053891258016,0.4952787987258,0.5392748924479,-0.1065980175684,0.1972118819154,0.4256785446436,-0.0639829187501,-0.2782683876776,-0.0184869982537,0.1935762484469,0.1316807662731,-0.3357415489673,-0.1537657130635,-0.1824489949316,-0.1011359695953,0.2323722065884,0.2421066067675,-0.2661437196954,-0.1192270016380,0.0341005144956,0.0528670394589,0.1274449503303,0.0447896784750,-0.0162582418699,0.2570421489184,0.0896823703752,0.3689930257998,0.4342369911116,-0.0325802751821
0.1733937928372,-0.1155408813625,0.0174936996240,0.1715748871363,0.3558414779498,0.4606627382854,0.2351612188672,0.4578568021544,0.5024955831001,0.6706132158023,1.0000000000000,0.7982731829928,0.6689022792029,-0.0152376163791,0.3964574774356,-0.0287404724882,0.3563384878704,0.4435138518179,0.1584855161444,0.5642254717308,0.4146037497262,0.5383657641456,0.5722923511080,0.6070738098766,0.4201318491880,0.3438592095646,0.5609426357812,-0.1394796600894,0.1955362081196,-0.3397029817146,-0.0179776079963,0.3514158672204,0.4717292290786,-0.1085289367808,0.1277030389896,-0.1022791856125,0.2531563770886,0.0749198712951,-0.0318738927132,0.2438315581450,0.1988476078983,0.1548426020493,0.1379045003570,0.1449275079979,0.2082051089699,0.4447042440851,-0.0294325541146,0.3862417846667,0.2695618257328,0.1031534264581,0.3408097207995,-0.0460753401600,-0.0334190330252,0.2460408009191,0.5892367575964,0.1735365444462,0.4405256191738,0.3060352433960,0.3298822026257,0.3619240679392,0.4047205024548,0.8309045356316,0.5611958527322,0.5584836818527,-0.2114512833424,0.1480636862793,-0.1300924728973,0.3994229044787,0.0279292944671,0.3256943720630,0.4345615644221,0.6017450726765,0.6681096714433,0.4890650729012,0.0443352244110,0.0239827201777,0.5625004302732,-0.0239134194588,-0.1657201206981,0.1387758416469,0.0451413823633,0.2347517577361,-0.4328802336273,-0.0833919696218,-0.1446014492495,-0.2967741912662,0.2261916511004,0.1980447990212,-0.0393811950116,0.0121293657501,0.1703532850738,0.2094176179045,0.0727644641172,0.0513482764093,-0.1332762570789,0.4343467311854,0.3379863703287,0.2752353806423,0.2828136783078,0.2731505863212
0.2545382573616,0.0259187126587,0.1157547691121,0.2440399816648,0.3559752876884,0.4689554838341,0.2745721668045,0.4881500503305,0.5064037056085,0.7802380278006,0.7982731829928,1.0000000000000,0.6804710394444,0.1653906128197,0.3830816132159,0.0422677240640,0.5033493045148,0.4738201625594,0.2629258505888,0.5662760178361,0.4144126138448,0.6581519504617,0.6674349025367,0.4613901550349,0.5167041082945,0.3234136318990,0.4679456738627,-0.0625904782796,0.0274507952092,-0.2806127647360,-0.0016684523305,0.4144642917591,0.5657800298290,-0.0030943232327,0.0376493076784,-0.0663025269589,0.2467909012683,0.0442999387279,-0.0669747196521,0.2364110388772,0.1130215099664,0.1644532799208,0.0393016489421,0.1972549010844,0.0477587146012,0.3334267509077,0.0505486685813,0.3295304442750,0.0882974125351,0.0772806050690,0.3804228610040,0.0764168688404,0.0533639913671,0.2184695549902,0.5087038761655,0.1758248419386,0.5257299536128,0.3213731384926,0.4668444362511,0.4229386994224,0.4536151576266,0.7828548228492,0.7513216721336,0.5719052350870,-0.0925718652420,-0.0127740016326,-0.0371718218450,0.5634491013110,0.1037643367145,0.3890253500230,0.3341095304887,0.6791725119500,0.5426471686893,0.5297328842397,-0.0267030503059,0.1781035528336,0.5119792454145,-0.0183405999166,-0.2829329784559,0.2315786949364,0.1455250969199,0.3225430710493,-0.4801332349868,-0.1573733941790,-0.1356336219890,-0.2110442067257,0.1900445195973,0.1306148901101,-0.2258499634369,-0.0771707804568,0.0548429468985,0.1723082414184,0.1571093791642,-0.0241594038007,-0.1081690693639,0.3240196557834,0.1110663652115,0.1883919980641,0.2686084282830,-0.0032299753890
0.0796017591872,-0.1381402484712,-0.0264139829427,0.1512906655415,0.2234648750398,0.3891545770039,0.2407423803684,0.5634300130513,0.4777486548762,0.5271490037221,0.6689022792029,0.6804710394444,1.0000000000000,-0.1161401543132,0.3137613239097,-0.0123073777567,0.5727721599948,0.4218424234281,0.1185248579212,0.4841858188331,0.3577271360916,0.4446239144994,0.3348363128078,0.5348912302733,0.4750231625995,0.1868928133216,0.4348680534344,-0.0167564477622,0.0987399037518,-0.2658894369808,-0.0090804298633,0.3330838485937,0.5102114816559,-0.0976036549729,-0.0254251262177,-0.1771175217841,0.0821521208106,0.1764706117088,-0.0913771228997,0.2121215207700,0.1798812869582,0.2629890343800,0.1503049298158,0.3251364453068,0.2145788127393,0.4104032261230,0.0683666530813,0.3637240513991,0.1846290250249,0.2030965926518,0.2295326244509,-0.0644620715481,-0.0847793708161,0.1243540999762,0.5705403962151,0.1451477891777,0.6390559280633,0.3797739945340,0.4268847654504,0.3619541883419,0.2389766515850,0.5982596631140,0.5727996501659,0.7670569296712,-0.1352909645994,0.0841121296044,-0.1030240480565,0.5959650671698,-0.0699834773415,0.3663309397573,0.1776138230247,0.3416561095468,0.3920153660741,0.4014017133299,-0.0143617661914,-0.1113928581609,0.3062122873213,0.0969685962934,-0.1069888138949,0.2431013023902,-0.0129947176705,0.2549940161594,-0.4097269368664,-0.1347189299088,-0.0841486303939,-0.2375390646099,0.0143608740704,0.1098765076370,-0.0662858549535,0.0861419839662,0.1431646120217,0.1073913195032,0.3160099393575,0.0950444554249,-0.0904494940663,0.4340994399981,0.2552888262413,0.2433892446463,0.1909220593594,0.1182513124185
0.6396131851321,0.6067482156155,0.3533053420043,0.4658959153047,0.4289879623645,0.1418164114814,0.2620872512319,0.0966029029451,-0.0042273906607,0.1520532108571,-0.0152376163791,0.1653906128197,-0.1161401543132,1.0000000000000,0.4129983700682,0.4283203241815,0.0817408302240,0.2572779083114,0.3474259312869,0.1998656378024,0.1775049011731,0.1775045223108,0.1880779749962,-0.1115941939730,0.0906964318189,0.1940443760274,0.0917724871087,0.0511774056609,0.0931852681367,0.2501219678042,0.1912466884250,0.2817270311458,0.1588932776678,0.3355426733665,0.0953468683565,0.2668487558434,0.0155532247023,-0.1125820760838,-0.0034190274680,0.0138519127451,0.1848870228399,0.2067947350150,0.0282326847705,-0.0011105077889,-0.0101918030107,-0.1353651362662,0.2277925182386,-0.0582316762075,0.1290175647352,0.0881226705412,0.5565076374175,0.3880619309685,0.5184840112045,0.2124420806677,-0.0672624565336,0.3780676924007,-0.0920581736544,0.1014454128214,0.2365993869400,0.1135357631398,-0.1358234723271,0.0534415900589,-0.0290581838749,-0.2177261411173,0.5230983863850,-0.0912050983189,0.3484594910435,0.0902288117557,0.3565693786326,0.1427662738635,-0.0641133575514,0.0604569824666,0.0425522454588,0.0172013889039,0.1103170119901,0.1540924212762,0.0941070469203,-0.1394353066442,-0.1385262469090,0.2003210166304,0.1104690790987,0.0062900876042,0.0597263156672,0.0594753201694,-0.0529241267078,0.1448393566423,-0.0268960165918,0.1049552218984,-0.2483732991548,-0.1856629260292,-0.2019526959120,-0.1241454541413,-0.1070907966408,-0.1127806243305,-0.2350815501203,-0.1805541736825,0.0654046159483,0.0098150093720,0.1091773456603,-0.1486648007562
0.3069209990486,0.3170890762074,0.2077039023800,0.6121418684955,0.3640235022203,0.4062663742142,0.4456080040819,0.2377102937159,0.2486373495236,0.3980031710644,0.3964574774356,0.3830816132159,0.3137613239097,0.4129983700682,1.0000000000000,0.0032267681746,0.2447737852742,0.2513475683893,0.1400508080961,0.3971899177953,0.3808737876060,0.2890597406904,0.3534518698565,0.4603194823002,0.1098233609540,0.4199447636967,0.3645094784098,0.0000435558647,0.1858081385393,0.0201314990103,-0.0951853835590,0.4010593735881,0.2293963690131,0.1838083679112,0.3558397001726,0.1800484682185,0.1278916364880,0.2531600462181,0.1840980058277,0.1205163266090,0.1693487385267,0.1928905551821,0.1072959197175,0.1919373624518,0.1478760440465,0.0415425732947,0.0964854892537,0.5531462254741,0.3676702364712,0.3084975101570,0.4743926130256,0.2736912231944,0.1483423978033,0.3555140053677,0.4509549586599,0.3410182057094,0.1326548239433,-0.0094711493446,0.0827101606855,0.2244021630058,0.0502134201457,0.4114464906056,0.2790815705228,0.1045042600243,0.2787180519874,0.4663147283892,-0.0517745550101,0.0370123281647,0.1015984206155,0.1367197860902,0.0343299943036,0.2291303629073,0.3879587713442,0.1009052102620,-0.2289299411260,0.0503541483764,0.2066969882492,-0.0616441408632,-0.0538033827790,-0.0559516186287,-0.1067402142110,-0.0424481728364,-0.2627015399080,-0.1612616602550,-0.2096895153115,-0.1680954801276,0.0599654270370,0.2491323463936,-0.0970963111365,0.0621029747229,0.1651197014527,0.0177828463516,0.1357307708530,-0.2159375391492,-0.2803817842201,0.4735067188101,0.2612308098905,-0.0061893066862,0.3363014316366,0.2973924812186
0.2507019930545,0.3288473563608,0.1241386071523,0.2528624733636,0.1463336609658,-0.0638484335929,0.1534236778328,0.4059167179972,0.0872754400853,-0.0522952160590,-0.0287404724882,0.0422677240640,-0.0123073777567,0.4283203241815,0.0032267681746,1.0000000000000,0.3363398996500,0.3079985918925,0.6495690279542,0.3845574907797,0.2543740427588,-0.0166904406811,0.0928392117756,-0.1250053056217,0.3050485152641,0.2357574610985,0.1411341973346,0.2029798130942,0.1862372502845,0.3144726936310,0.6901224446483,0.3058604736962,0.3279644711653,0.2757988641790,0.4111457051388,0.6321426505120,-0.1010054414979,0.3628162814081,0.1376585162649,0.1191303768971,0.2246185983490,0.1439514314308,0.4621610145558,0.3792043910119,0.2553098694650,0.0532691556785,0.2117053231923,-0.1512222789518,0.0351286038882,0.0646617900979,0.2068352810810,0.0940981690065,0.4586818341309,0.0023793056913,-0.1882424911840,0.3249721250416,-0.0385957920753,0.3661260855735,0.4234680685596,0.2804992225900,-0.3055367916918,-0.0902554734069,-0.1465024150403,-0.1527943764558,0.1502785842730,-0.2103508586243,0.8414952927654,0.1545414660580,0.5843642494497,0.3960923293398,-0.0734140850036,-0.0851240716464,-0.0621299037172,0.1996278651995,0.4075054391102,0.0034480291550,0.1544983494898,0.1660336184252,-0.0081495539772,0.4250801017837,0.0769276244964,0.1660693674182,0.0917907701832,0.5129615447176,0.2392256617421,0.2107912428782,-0.0820584580547,0.2224738159305,-0.0494467618294,0.2753705336063,-0.0743448112338,0.0478109882876,0.2549632212475,0.0386135232364,-0.2175407514530,-0.1659473326226,0.1431742384847,0.0213526980767,-0.1135773067425,-0.1621561491449
0.0398363151832,0.0061466506643,-0.0224032634062,0.2813420166446,0.1377262983753,0.1610437825556,0.1815729633068,0.5042348524481,0.2099758993932,0.2401347711486,0.3563384878704,0.5033493045148,0.5727721599948,0.0817408302240,0.2447737852742,0.3363398996500,1.0000000000000,0.6270380272531,0.1914832373508,0.4982355695545,0.4885560005153,0.3040476201422,0.3792749099951,0.2859339536954,0.3563261881402,0.2684670405342,0.4117335321768,0.1086019376752,0.1847264487830,0.0128469261486,0.4267161023700,0.4360689228046,0.6000434262116,0.0559288093086,0.0511766073995,-0.0237669627507,-0.0773304652395,0.3650217950594,-0.1271655326906,0.0494616078358,0.1544292792157,0.1302105370280,0.1758570280180,0.3729280246600,0.3220711858864,0.3008249767987,0.1541652961858,0.0880171450535,0.0493263233830,0.1130127117934,0.1171664119996,-0.0544616043129,0.1822074756339,0.0237513567713,0.2102844211404,0.1634001262374,0.4140357256666,0.2960292461331,0.3845321405632,0.1578742343697,-0.0312934212609,0.3393774426936,0.4075271401568,0.3098881877813,0.1339300486212,-0.0442349592786,0.0868784452586,0.7009999051826,-0.0733660606462,0.5242732005676,0.2323535605093,0.2674893691635,0.1446349672931,0.2967375371004,0.2282109842429,-0.0575163680236,0.2512568216077,0.1116245493946,-0.0162277093080,0.6477406022457,0.0701893063994,0.3970717279023,-0.2795530790148,-0.0559701192482,0.0929765950571,-0.1852711184554,-0.1696661142029,-0.1022764756204,-0.1575323535177,0.1644533730710,-0.0760805231244,-0.0354632515320,0.2740879451397,-0.0024980540584,-0.1920508798702,0.0635408568955,0.1214699851937,0.0462178103547,-0.0352832599024,-0.0233027627736
0.1680412559924,0.0046457873916,-0.0241232717451,0.2665270527188,0.3096877680572,0.2327915573600,0.1908458106077,0.5870961303869,0.4208223717009,0.1554521680117,0.4435138518179,0.4738201625594,0.4218424234281,0.2572779083114,0.2513475683893,0.3079985918925,0.6270380272531,1.0000000000000,0.2656642513028,0.5899923816210,0.3102282712531,0.2509845747399,0.3375513649121,0.3038928682846,0.4884522238711,0.3129603933736,0.3188704206016,-0.0236062929915,0.1429714419119,-0.0617751855008,0.3368127458283,0.3906118760479,0.4322863106875,0.1222759067467,0.0746776732242,-0.0167624766796,0.0996835172111,0.2052878213849,0.0313543048171,0.1004286625330,0.1781786210074,0.1421856330417,0.2290271745749,0.2975897280959,0.2751697827458,0.1870477311806,0.1104609363191,0.1516924396440,0.1067367886867,0.1134160271887,0.2546563560703,-0.1285426708499,0.1683236854563,0.0700373868107,0.2830926116769,0.2584438337392,0.2587405370829,0.4891174778972,0.5231387849362,0.2592841114451,-0.0746802942971,0.3999111338685,0.3573119400837,0.2283896351474,0.1272886740026,-0.1137243632121,0.0232604790820,0.6705715313423,0.0327337978681,0.5318094909565,0.2355950706317,0.1700749753305,0.3036615945071,0.3322806830353,0.2436409113618,-0.0400817411246,0.2596812815111,-0.0237667363749,-0.1851964300493,0.6239866545938,-0.0277673452667,0.2295141195252,-0.2752674119650,-0.0226286812967,0.0069445132729,-0.1509754013427,-0.0169635335025,0.0332132791597,-0.0738858526156,0.0149475319983,0.0011182049864,-0.0095319017269,0.0983569690174,-0.0372251434204,-0.2013361866661,0.0943122801776,0.1604820961359,-0.0322813851301,0.0649569312280,0.1239396355407
0.2866650365876,0.2272219700017,0.1782824384036,0.3189541262522,0.3533152892872,0.2070839596507,0.3576197666009,0.6226337369048,0.3607697401502,0.2608030105973,0.1584855161444,0.2629258505888,0.1185248579212,0.3474259312869,0.1400508080961,0.6495690279542,0.1914832373508,0.2656642513028,1.0000000000000,0.4673147369206,0.0985727597012,0.1130744060338,0.0811221132360,-0.0078765980317,0.4084692652208,0.1708867800269,0.0758283867648,0.1177877790567,-0.0425253818126,-0.0005410792029,0.1760309262306,0.0748953365112,0.1019221606232,0.2514399313383,0.2651107704105,0.6230528180619,0.0733958559860,0.0816414269454,0.1222739892398,0.1414730847371,0.0549577996037,0.0458804959824,0.2859896330441,0.3157938686096,-0.0021940869473,-0.0293937230758,-0.0035306452537,-0.0017475152153,0.0117415645733,-0.0391856326929,0.3833608160594,0.1490206611481,0.3150751034615,0.1850127636632,0.1307740484805,0.4243690578591,0.1371880736584,0.5584069096800,0.6468804260937,0.6455450792028,0.0566123861339,0.1310558662174,0.1392345733813,0.0826811806564,0.1616336592889,-0.1640861002305,0.6475603782993,0.2016028457139,0.8576916136714,0.4416817010181,0.0220983113253,0.0326975577509,0.2111840294373,0.3321056859964,0.0939361502277,0.0719777444141,0.2036909801025,0.0450723234906,-0.2094394166720,0.0880547827207,-0.0307054063063,-0.0127952379086,-0.1500957777455,0.2013511072102,-0.0368446546677,0.1339477195452,0.0175850077691,0.3360161706692,-0.2124586971773,0.0133004630168,-0.1115811605703,0.1097653171022,0.2433930343876,-0.0412653705473,-0.1373308664255,-0.1101582585834,0.0644088294124,-0.0359573715868,0.1166541464012,-0.1407544259035
0.1695414935932,0.0822483347807,0.0568507337060,0.4089233716503,0.3572109860186,0.2575082968418,0.3411165543506,0.6524531770526,0.5858149390204,0.4076200843210,0.5642254717308,0.5662760178361,0.4841858188331,0.1998656378024,0.3971899177953,0.3845574907797,0.4982355695545,0.5899923816210,0.4673147369206,1.0000000000000,0.4119952029462,0.2827380955135,0.4164000089025,0.5638320730111,0.7015564710780,0.5334419142404,0.5466460875164,0.0173713658216,0.1158276100301,-0.1145237304126,0.2427221083481,0.4275979114432,0.4966265127742,0.1970691992712,0.3394944767028,0.3024487511024,0.3024565828310,0.3804678977395,0.0673382444661,0.2532821477919,0.1311653837301,0.1116367020028,0.2247861712061,0.4251341543402,0.2537713620539,0.2092832741796,0.0918467966790,0.2175640291436,0.2058001432077,0.0474404416145,0.3079006198503,-0.0404901620987,0.1573605027010,0.1651356505114,0.3178788986773,0.3595528174039,0.3569736076088,0.4339758735353,0.5305417659840,0.5134088147026,-0.0286568615137,0.4292621208707,0.2923515384303,0.2475078362443,-0.0229724139636,-0.0644665083523,0.2200436547702,0.4142841372739,0.2617673140873,0.7204771010736,0.1759391113622,0.2899367945097,0.5499648219295,0.6685496418543,0.0444675132557,0.0499188847023,0.4834425682590,0.0237762577618,-0.2648337556111,0.3298251142376,-0.0993764680117,0.1585945274376,-0.4928634626812,-0.0064307290560,-0.0656243028743,-0.1547824994085,0.1960394893630,0.3099368456286,-0.2212845982023,0.1622820755788,0.0198270464955,0.0660449739582,0.2280851401251,-0.0844894052797,-0.3530929755660,0.1585650831827,0.1776467984688,0.0077986125295,0.0857651466377,0.0461823102736
0.0238908196204,0.0308074586027,-0.0394444788605,0.2142886503907,0.0235290155404,0.0953605899495,0.0569537818620,0.2118767953537,0.0783692350908,0.3271685553701,0.4146037497262,0.4144126138448,0.3577271360916,0.1775049011731,0.3808737876060,0.2543740427588,0.4885560005153,0.3102282712531,0.0985727597012,0.4119952029462,1.0000000000000,0.3286109378854,0.5905112579796,0.3567480911679,0.2654596797103,0.6406737151192,0.7017764023793,-0.0139780771270,0.2736610125696,0.2548664894605,0.4283615549878,0.6594392514010,0.6361034510104,0.2449312868411,0.2121687435825,0.0904790053167,0.1477511246298,0.2978895321252,-0.2026926897969,0.0966776513996,0.0789407170615,0.1739805168839,0.3356476424726,0.2486726906349,0.5250620601475,0.3256631574033,0.3065406407597,0.0780480980202,0.0350170697044,0.0958685608369,0.0777486455259,-0.0036899844383,0.0085928136298,0.0062645607818,0.1207678814225,-0.0351585623236,0.0916917876821,0.0050180169973,0.0856052566781,0.0026014644719,-0.0214180491505,0.4504519972637,0.1997935256524,0.0719541187703,-0.0205561617474,0.1721685947176,0.1145034054815,0.1539471696770,0.0329500623747,0.2425859349409,0.4862441321155,0.4404305695301,0.3234916501251,0.3016995867394,0.3780410928820,0.1557828359411,0.4997143778095,-0.1316901535102,-0.0223705396530,0.3244496970243,0.0809286575031,0.2467637526877,-0.1093948665401,0.1808672512246,0.1063556394535,-0.0147257979269,0.0890247602316,-0.0841531126364,0.0853113332094,0.1905418135163,-0.1004602670748,-0.1133615744418,0.0626770823934,0.0624234816847,-0.3463293093017,0.1636149074167,0.1679270827829,-0.1195707669560,0.0858290012349,0.3031411064229
0.2624268313609,0.0958948610616,0.0933113054119,0.0550215691947,0.2298306143890,0.3994794129676,0.0752793570638,0.3453591475065,0.2935070857784,0.7301651461212,0.5383657641456,0.6581519504617,0.4446239144994,0.1775045223108,0.2890597406904,-0.0166904406811,0.3040476201422,0.2509845747399,0.1130744060338,0.2827380955135,0.3286109378854,1.0000000000000,0.4826212959014,0.1989844565337,0.4051436844942,0.2317413754148,0.3326299386505,0.0876768798572,0.1303099524552,0.0170164665330,0.0318526603537,0.3999771052647,0.4224035648835,0.1384045275897,-0.1111975086664,-0.0865378649138,0.1317071237979,-0.0369920103570,-0.2018956741765,0.2818975688156,0.1847518063933,0.2400953438240,-0.0311949399916,0.1824704117043,0.1049931377424,0.4943871050001,0.2987210916226,0.1678724300944,0.0733171920872,0.0912526264398,0.2288774237344,-0.0504607258470,-0.1182112084494,0.0677000489712,0.3265463277623,-0.0913803291289,0.2157427949070,0.1352432666153,0.2575614985038,0.2685595569160,0.5302191113831,0.5184043242088,0.4339285337042,0.2526581971624,-0.1526753091851,-0.0213432032921,-0.0537787657906,0.3038024146659,0.0316514577690,0.0627293245720,0.2435624452857,0.6683923814981,0.3179941944292,0.3871029475650,0.0872195297813,0.1363624322521,0.4141958167078,0.0773360359477,-0.0902285343376,0.1208404766912,0.2195616771059,0.2070696400828,-0.1480914844919,-0.0291429178063,-0.0516366729658,-0.0209344978305,0.1348256923642,-0.0200979539847,-0.1713084178453,-0.0354549252087,-0.0252992836376,0.1596388094824,0.1535799839226,0.2414336625476,0.0811692769760,0.2423677308784,0.1377279421024,0.3637054962235,0.2629914178987,-0.0394311710945
0.1881425397694,0.0305306189432,-0.0126932391159,0.2095533129926,0.1862833634339,0.2191186367712,0.0374041267134,0.1897427676669,0.1819989534395,0.4222069765852,0.5722923511080,0.6674349025367,0.3348363128078,0.1880779749962,0.3534518698565,0.0928392117756,0.3792749099951,0.3375513649121,0.0811221132360,0.4164000089025,0.5905112579796,0.4826212959014,1.0000000000000,0.3749774153055,0.3556719028709,0.5475445084269,0.6429944903985,-0.1296974022860,0.1020114927946,-0.0818911677987,0.1993061771809,0.5508826025258,0.6101885210324,0.1541354823612,0.0759551143041,-0.0568274469541,0.2238075614837,0.0425432324875,-0.2520704810298,0.2093931598664,0.0525232386994,0.0789038822498,0.0451448990385,0.1492176961301,0.1728483510927,0.3260015250098,0.0756171595700,0.1732825524359,0.0077825071937,-0.0620456589673,0.2171770927622,-0.0106439808605,0.1105932224204,0.0112475908326,0.2168980924533,-0.0405785078433,0.0939610568000,0.0462746057511,0.0877936156997,0.0827232942386,0.1802485451658,0.6462608578440,0.4994068492899,0.1742496119864,-0.1416759674045,0.0379906299294,0.0086126545570,0.2360574154883,0.0021145728090,0.1925474628702,0.4443976570392,0.8005008404230,0.4686886454576,0.3798397952177,0.1958654344519,0.3495619345838,0.7032795992249,-0.0653655652411,-0.1973243240661,0.2525934283387,0.1498434475626,0.3448952010806,-0.2980644683807,0.0412014228270,-0.0167528947354,-0.0488331294728,0.2810513962286,-0.1354528953130,-0.0390265374310,0.0703580802559,-0.1046201789193,0.2386797208545,0.0990617621860,-0.0712729520101,-0.2450426694723,0.2284222152053,0.0895742729249,-0.1078702181919,0.1521188516359,0.1150167159215
0.0232550871865,-0.0436188505243,0.0809535352637,0.3355655768595,0.1820472799348,0.3361234634263,0.3533177570874,0.2640949987624,0.6013310639574,0.3818107522658,0.6070738098766,0.4613901550349,0.5348912302733,-0.1115941939730,0.4603194823002,-0.1250053056217,0.2859339536954,0.3038928682846,-0.0078765980317,0.5638320730111,0.3567480911679,0.1989844565337,0.3749774153055,1.0000000000000,0.3709423439057,0.3547939292188,0.5281690339130,-0.1247282803448,0.0588439997348,-0.2545282126099,-0.0815951752015,0.2127086793797,0.2336292847467,-0.0632591041836,0.2976151492167,-0.0176276852377,0.3754717098392,0.1921485126154,0.0285087238681,0.1730585862748,-0.0479825964876,-0.0450205923481,-0.0443948887876,0.1079346592188,0.0944789070917,0.2045603844708,-0.1120542995741,0.4456111858428,0.2389443778123,-0.0241355467744,0.1752554953461,0.0450124383091,-0.0164944999315,0.2743187308695,0.4917809158115,0.2345238412833,0.4178662598542,0.0541893726951,0.1653557363510,0.3802970891018,0.1218150329637,0.5197212780565,0.2831458130394,0.3982347805476,-0.1739587409247,0.2455488175840,-0.1851174985338,0.1763722684318,-0.1047320157595,0.3807623869620,0.2229818708647,0.3345892831104,0.7453895286931,0.4558399664601,-0.1895121464690,0.1462912104521,0.4127703755538,-0.0112250331024,-0.1497366803177,0.0502137867148,-0.1307957118586,0.0698482225439,-0.5166622923629,-0.2527763885584,-0.0752932340983,-0.2872056047067,0.3299671575940,0.2219138797352,-0.0621137446834,0.0959818826632,0.2001079505341,0.0702726634677,0.0683820898985,-0.1226623966997,-0.2419834984590,0.4640529691171,0.1327143986721,-0.0063556191714,0.0809882466048,0.1974748657090
