1.0000000000000,0.5377097544221,0.7840066685295,0.4651410880528,0.8455743554639,0.7685172615503,0.3378586236076,-0.1643918931599,0.1409461500517,0.3870116522805,0.5596207918947,0.4988912921489,0.3140064940564,0.8512726439840,0.6680022642311,0.2494156321772,0.4229998097627,0.4056383648578,-0.0608348792400,-0.0872654633623,0.3875511401292,0.2658744190769,0.5220744830164,0.3654293430065,0.0821344081851,0.0114808961509,0.3195925365832,0.2723307597366,-0.0762143310771,0.2125572827894,0.3218441367273,-0.0304789700866,0.2339293347695,-0.4101332968067,0.0662982696288,-0.0986960299488,0.5323663092548,-0.1564195757941,0.3286587946492,-0.3194534490471,0.3387615857127,0.5647250471919,0.0973572633887,-0.2618816349100,-0.0580705410868,-0.1845064574828,0.1047822089046,0.5158903397348,0.3787907755495,0.5927456219646,0.6385861816309,0.4296473483311,0.1701991045948,0.5805382976572,0.5372093232640,-0.0829075699387,-0.2278016267808,-0.5295321513335,-0.1715952781603,-0.2616076652377,0.0058582435778,0.2936963050526,0.2182769876409,-0.1284238469860,0.4434362391802,-0.0479907183891,-0.2963576693762,0.3204507717335,-0.4516397724616,-0.4055925926491,-0.0136688000975,0.1395095015108,0.3128966391274,-0.2880063503342,-0.3983907989171,-0.0506597510030,0.0161434721178,-0.1869313761963,-0.1085498539798,0.0398389869523,-0.3806089647138,-0.3772911756228,0.1381046134455,-0.3391215255082,-0.4141280345393,-0.4584079551743,0.4749867205468,0.0710099731369,-0.2091201189277,-0.2817219141716,0.2905245102468,-0.5448307020870,-0.4561658341999,-0.0604119938302,-0.3327330233562,0.3076778541510,0.2256347901080,0.0521517827883,0.5351181910905,-0.0079052021949
0.5377097544221,1.0000000000000,0.5315630509688,0.1885901499398,0.5057973700462,0.3637300037599,0.0412600371817,-0.2234603041688,-0.1155790707964,0.2995791411529,0.0600474438103,0.0091361513201,-0.0802185137128,0.6965827134427,0.5426268021422,-0.1175579750942,0.0466156385564,0.0502376233062,-0.2309429916263,-0.2114997807001,-0.0056506742964,0.2918916002486,0.1107491882916,-0.0347591517266,-0.1237421248788,0.0498684589030,-0.0921128196712,0.1577392648781,0.4444547267550,0.7493433870850,-0.0662947174320,-0.1282277347129,-0.1193189076265,-0.3821737962629,-0.1941795947885,-0.2204590513129,0.0669506240462,-0.0889037395595,0.0041929554698,-0.3086138967595,0.5630441890693,0.3853022408220,-0.2149266494488,-0.0452550614905,0.0043206616399,-0.2686403192589,-0.0212503080894,0.1544259695634,0.5766526769653,0.2875231291903,0.2601308790452,0.3784918930963,0.0075108531347,0.2125180828993,0.3156134637505,-0.2258659438907,-0.2120647170608,-0.3907771005664,-0.2432629649584,-0.3626876797248,-0.1738226007377,-0.0961035407235,-0.1313766412201,-0.2567942394751,0.5573917559613,-0.3646608598118,-0.3598928372728,0.0526107105807,-0.4266122472148,-0.3626101272696,-0.2439642824267,-0.1225523325026,-0.1096117137149,-0.2769796805434,-0.3725480041535,0.0887772986660,-0.1848903210468,-0.0537547017483,0.3079512179383,-0.1627321224881,-0.3426234150669,-0.4392029572851,0.4784387778175,-0.3679055536628,-0.1384688637122,-0.3411664761100,0.0084724693617,-0.2042395473108,-0.3516560101203,-0.0915007797081,0.0488764278842,-0.4728339227854,-0.0508352655327,-0.0210496296239,-0.3741530272620,-0.0857185074063,0.4189454042826,0.1613939109094,0.2780263139460,-0.2825488419282
0.7840066685295,0.5315630509688,1.0000000000000,0.4230852523495,0.7499811090578,0.7394212394960,0.2616378840038,-0.2189203945441,0.0210515077200,0.3644967204679,0.4030231883461,0.4095807009563,0.2158690404258,0.7352813458400,0.6204664970943,0.1352816975704,0.2817421512179,0.2311736247967,-0.2364976846708,-0.2392658658808,0.2793710695602,0.2311730373482,0.3931059194773,0.1522916557219,0.0317584166498,-0.0165060265510,0.1839519726422,0.2747851636070,-0.1019584456251,0.3039029664235,0.1615013340368,-0.0473027598548,0.1582568710694,-0.4606219305361,0.0780504893511,-0.2558393704937,0.3879075506374,-0.2228659185902,0.2896308634644,-0.2721180065313,0.3567516410269,0.4725271003416,0.1240233876202,-0.2150367878934,0.0020000111560,-0.1585691810825,0.0954392843748,0.4920883972965,0.4132410497929,0.5692831801491,0.6839733596401,0.6613264849266,0.1133702258215,0.7482292183311,0.3894293373369,-0.1373946807327,-0.2053970275405,-0.4343522237038,-0.1247011407956,-0.2926537378162,0.0490428021286,0.2257048844607,0.1554563196449,-0.1959811932603,0.3978994364564,0.0066184597379,-0.3232589637361,0.2256309380392,-0.4490514031042,-0.4265598708445,-0.0541214990380,0.1167447401953,0.0943548700431,-0.3040006668069,-0.4562583053926,-0.0085626556044,-0.0665788784077,-0.1655391355583,-0.1512485442435,-0.1358396072566,-0.3598910844595,-0.3836260965532,0.2158789771633,-0.4302807984159,-0.3157540732940,-0.4816244899897,0.3604105560227,0.0408853928485,-0.2867305818737,-0.2925054458426,0.2702862438001,-0.4705516031079,-0.3785899687474,-0.0988145118099,-0.2655700140254,0.2963359766013,0.2383236511331,0.1289509909378,0.4818188357663,-0.0203369869247
0.4651410880528,0.1885901499398,0.4230852523495,1.0000000000000,0.4817530422248,0.6160230224358,0.7566278241709,-0.1268707418245,0.0456433102288,0.4224562136591,0.4055312600853,0.3962762328648,0.2452760499004,0.4002714045423,0.6402946133926,0.3357513565340,0.3165020193718,0.1601263400351,-0.0723262149978,-0.1085622312565,0.4029525231320,0.3872965605514,0.3795876110585,0.1657924844987,0.0206404389114,0.0300712246086,0.1915148266024,0.2221541598453,-0.0982955789069,-0.0645308264083,0.2773102926012,0.1965438653664,0.2622000529609,0.0334250584963,0.1578140738019,-0.0707436113198,0.3316971478704,-0.1156818138324,0.1532658226579,-0.0230142704208,0.2865660331927,0.3708262308456,0.4014612133012,-0.1378539005661,-0.0741240915964,0.2722597425460,0.3393621842923,0.3674602716251,0.2047727771189,0.6382318956932,0.3811047097764,0.2923330357133,0.5841869422949,0.5595047227558,0.6020580352497,0.4590008810533,-0.1969013851223,-0.3160855882299,-0.1346742454119,-0.1382280603512,0.2354845249972,0.2523501281756,0.1967225321059,-0.0894851479328,0.2217454705945,0.2876353708894,-0.1032998891645,0.1054159073062,-0.2186354619301,-0.2592298675589,-0.0193516179151,0.2621246229318,0.1330061414809,-0.2249030047749,-0.2726094009497,-0.1642755229104,-0.0011807439231,-0.0642827004339,-0.1857474195176,-0.0077077027289,0.0159589377139,-0.1379388231002,-0.1369533357527,-0.1731641196250,-0.3037317581816,-0.0209697460224,0.3124683210649,0.0332766743178,-0.0382757797507,-0.2135649491629,0.1085126301295,-0.1078339624832,-0.2677548509442,0.0422728478278,-0.0918336308773,0.2808146662702,0.0542363154572,0.0939170134340,0.3257596717003,0.1997637346056
0.8455743554639,0.5057973700462,0.7499811090578,0.4817530422248,1.0000000000000,0.8246960405410,0.4442620683105,-0.2664851503839,0.0518987979710,0.3787526290573,0.5249481819533,0.4730705089246,0.2899820775409,0.8059970509236,0.6804299130450,0.2359343384009,0.4274123386769,0.3686267065691,-0.1759528094057,-0.1783035252484,0.3598186352358,0.4486706196550,0.5298796451661,0.3346539928072,0.0600087812228,0.0138405937177,0.2777780388791,0.3606965033032,-0.0620196558339,0.2490306711418,0.3319743333513,-0.0090235128749,0.2157540281579,-0.3875698711402,-0.0170889893295,-0.1742911717844,0.5106481598175,-0.2165398288255,0.3233956839219,-0.2652725753622,0.4201833299409,0.4803939474415,0.0752650605996,-0.2002146597609,-0.1066935707269,-0.0231970094868,0.1653185772370,0.4300091592796,0.5796891445711,0.5732968636274,0.6924012990947,0.4376902994225,0.3287420389113,0.6298492020204,0.6071197345572,0.0747576202724,-0.2485813993732,-0.5441541130913,-0.2125586451838,-0.3142749295157,0.1482484087078,0.4127661008387,0.2289996441203,-0.1325277312788,0.4292666917064,0.0462495085096,-0.3899340114156,0.2933634678519,-0.5109992651323,-0.4300837115630,-0.0224440709241,0.3172890594101,0.2942188560206,-0.3190049530428,-0.4700583219045,-0.0428566473861,-0.0526507019142,-0.1474757051277,-0.0845690333119,0.0180910497567,-0.3099759787226,-0.3399838929174,0.1066440298270,-0.4135379128226,-0.4060947085159,-0.4437502961382,0.4398716837123,-0.0229807074096,-0.2225895009722,-0.3380298931193,0.2312494989044,-0.4624438762274,-0.3924567820105,0.0213156102832,-0.2772191775108,0.2704510696077,0.3304723660822,0.2584843200189,0.5089010632326,0.0616030509645
0.7685172615503,0.3637300037599,0.7394212394960,0.6160230224358,0.8246960405410,1.0000000000000,0.6247996844296,-0.1328578788467,0.1289884358942,0.4738519013973,0.5725959385648,0.4905934631236,0.4195607563390,0.7081036373288,0.7047546307752,0.3575191358129,0.5073944581157,0.4554295222495,-0.0542123516680,-0.0841661749784,0.4266858362501,0.4274668379216,0.5819149068570,0.4169261008647,0.0833560078856,0.0636136626273,0.3646851115505,0.3102715746088,-0.0820582641614,0.1095826163712,0.4218437789636,0.0953565852390,0.3841712587391,-0.2866073007623,0.1706861441722,-0.0596389964825,0.5352559388210,-0.1362050731411,0.4467247957847,-0.2014768927807,0.4006761464562,0.5312403881094,0.2388695420187,-0.1788627850272,-0.0207961543347,-0.1095363155901,0.2868841081215,0.6142063768021,0.4659697464322,0.6696962024290,0.6841732882575,0.3191013125780,0.4200134200082,0.7333502601550,0.7231172891805,0.2297189687562,-0.1918169433032,-0.4844079041615,-0.1520440210666,-0.2441947024014,0.0903728951430,0.4029909112939,0.2371283374114,-0.0334733561688,0.3078714729015,0.1151042555818,-0.2538434381092,0.3661801279302,-0.4264687727972,-0.3934684747473,0.0316771321430,0.2308988185574,0.3521591314018,-0.2797246525228,-0.3647221545313,-0.0345916324377,0.0827912901254,-0.1625412760765,-0.2035523108532,0.1184220228077,-0.2875497914865,-0.2186953856503,0.0139576966026,-0.2560281518924,-0.3433999097810,-0.3721484473177,0.4777291829038,0.1220591059067,-0.0945148432857,-0.2639300708009,0.3792392277772,-0.3954129300221,-0.3866121080998,-0.0260548944039,-0.1893363769704,0.4052940283414,0.2677624756726,0.1831791913088,0.4637032114284,0.0874470183896
0.3378586236076,0.0412600371817,0.2616378840038,0.7566278241709,0.4442620683105,0.6247996844296,1.0000000000000,-0.1173967246293,-0.0999012942307,0.3577082203637,0.3670670412029,0.3244559938547,0.3786867420386,0.3187795728993,0.4760816881596,0.3896890842133,0.4636084068397,0.2645950716953,-0.0283047580196,-0.0696425135655,0.3587810339979,0.4044994418794,0.3869032807562,0.2786430173899,-0.1313347490106,0.1214367274398,0.2017072788222,0.2748217240224,-0.1451635028861,-0.1660956050849,0.4517424696466,0.3061339033508,0.4083710543959,0.1028478893239,0.2123869999449,0.0703094971069,0.3984099659798,-0.0188421575207,0.3454646062566,0.0558148269981,0.1941252801381,0.2403681121108,0.3559705725526,0.0223564299319,0.0014198215706,0.2549383556978,0.4323663999566,0.3294327863748,0.1682485445478,0.5020628776037,0.2781811724732,0.1242813167004,0.7726231808947,0.4675262159594,0.6606928948163,0.7436821692724,-0.2603204774513,-0.4193160674320,-0.2905983312294,-0.2726322679693,0.3313626363618,0.2583966618618,0.1607559053898,0.0037494276590,0.2175651226217,0.3926286111220,-0.1869137272626,0.1643455565010,-0.3168986284817,-0.3488615051486,0.0440494014507,0.2289065705373,0.2942325072048,-0.3171060037039,-0.2577358488719,-0.1951366648934,-0.0022057310547,-0.0414047581042,-0.2309397851530,0.1867851758966,-0.0974518546874,-0.0494295399971,-0.2393933643995,-0.0065485748975,-0.3029886692968,-0.0124427155013,0.3920774907517,0.1199175616924,0.1697209005861,-0.2023087688574,0.2179581989926,-0.0349773362787,-0.1889783845733,0.0998138466036,-0.0338491770884,0.3253372724216,0.0295382173112,0.1010046872003,0.2954442947084,0.2902546154278
-0.1643918931599,-0.2234603041688,-0.2189203945441,-0.1268707418245,-0.2664851503839,-0.1328578788467,-0.1173967246293,1.0000000000000,0.6048145389627,-0.0252612641646,0.1213859617218,0.0605031837912,0.4396769213218,-0.1624665718975,-0.1280113005460,0.5080680712160,0.3085640247572,0.4305677644831,0.7496431119871,0.8121359026004,0.3539808721175,-0.0508542037342,0.0444695272123,0.2345033623454,0.4524049794533,0.4793108319001,0.3325950990029,-0.2475979732079,0.1047357811230,-0.1139522372972,0.2749406266410,0.4173427656078,0.4072384061611,0.2483849978425,0.2699100188833,0.5135991926493,-0.1343573067555,0.5987552786826,-0.0214476814729,0.0604274306559,-0.0383164196841,0.0439580824349,0.3101732476147,0.4171996486371,0.5979496012495,-0.0514544974319,0.0499122246383,-0.0513608198664,-0.2556425784313,0.0079932456753,-0.1996759885430,-0.3266073000793,-0.1941239301686,-0.2000273451371,-0.1648746459960,-0.0308319317889,0.5142682596212,0.4415253939867,0.5431851115380,0.6596417990422,-0.2709021197679,-0.0478288880650,0.0171097761275,0.2729188717391,-0.2428705500076,-0.0978748065084,0.4963741676100,0.2761699234353,0.5235764780981,0.5581193019368,0.2708289674972,-0.2092778294434,0.3052081504009,0.6579210773833,0.4649032660328,0.0142266540992,0.3380536967424,-0.1245495543144,-0.0620746266964,0.4191333899946,0.0208370921721,0.2840288022302,-0.2042398308809,0.3783268181000,0.2723219165548,0.1326069424859,-0.0704090126980,0.2862632150923,0.1481825876582,0.3058846404944,-0.0487943741711,0.1192513269505,0.2357247854891,-0.1838537790276,-0.2086434246136,-0.0708952438331,-0.1835069570386,-0.3442293077769,-0.2903673935584,-0.0346889947955
0.1409461500517,-0.1155790707964,0.0210515077200,0.0456433102288,0.0518987979710,0.1289884358942,-0.0999012942307,0.6048145389627,1.0000000000000,0.0560352855513,0.3483702028081,0.3260776327006,0.2844872403051,0.1019452621541,0.0781260198378,0.4440878143682,0.2944101439194,0.4823814830830,0.6137577791097,0.6801024908514,0.3939221715921,-0.0277206423794,0.2649526214009,0.3338680366070,0.8192249823470,0.2101055483460,0.4947550408677,-0.1958450055458,-0.0955135406638,-0.1099188331130,0.1556681615758,0.1168034488528,0.2402647967592,-0.1206783084039,0.2361587467428,0.3514531244894,0.1735466445482,0.3208520200247,0.0843441119726,-0.1318892242511,-0.0263230624262,0.2461128041509,0.1439118875107,0.0859774248771,0.3034466461851,-0.1769772305535,-0.0864811421249,0.1949563653376,-0.2283355405785,0.2163594766398,0.0850859619123,-0.1633591798574,-0.2132790960292,-0.0014528842261,0.0628000026983,-0.1540214863966,0.5730302581434,0.2599905988798,0.6528439466930,0.7813975417795,-0.2204546045929,0.1611759135303,0.2350797780343,0.2944512232908,-0.1612544144649,-0.0273511429068,0.4223173586992,0.4386562773977,0.3798686519802,0.4626039562329,0.3085133875779,0.0259877157298,0.4805481630258,0.6271753214056,0.3496527944224,0.0675734867362,0.4817274888944,-0.2478355521087,-0.1267648976261,0.3453909763416,-0.0024741403619,0.1565119787855,-0.1403694450066,0.1393668011220,0.0853599930690,-0.1765798392303,0.2180629430435,0.2733339261505,0.0079943241047,0.0509404996234,0.0376465912351,-0.1529056894533,-0.1178867344328,-0.2402422583798,-0.1348533675937,0.1092369641150,-0.1595537945157,-0.1649689590554,-0.0311060110846,0.0903208472782
0.3870116522805,0.2995791411529,0.3644967204679,0.4224562136591,0.3787526290573,0.4738519013973,0.3577082203637,-0.0252612641646,0.0560352855513,1.0000000000000,0.4124945552432,0.3723639311079,0.2145559306191,0.5028754282387,0.6833170678429,0.0848712564846,0.4044411354922,0.1371145804335,-0.0709750117885,-0.0157457694143,0.3653277001088,0.7222399953257,0.3431700019998,0.0234482157268,0.0167330692698,0.1077303262877,0.0555219866315,0.4443664022495,-0.0545456476490,0.1603241777409,0.2209861300627,0.1623053040944,0.2748614211028,-0.0883816937221,-0.1581249321018,-0.1843358355478,0.1636714414058,-0.0545607965974,0.0093099579245,-0.0220532359993,0.4160014252785,0.5346248775558,0.1360310693192,-0.0831408392479,0.0404235187010,0.1138805406151,0.4335044192902,0.4649337868535,0.3201426620420,0.7057042481732,0.1969268642607,0.2929156900391,0.1129657514622,0.3584157431690,0.5877360669913,-0.0373129357137,-0.2097391126407,-0.2948191792026,-0.1433496372022,-0.1656843957641,0.4528443103267,0.0100795642424,0.1783173647249,-0.2240880273270,0.4423622868482,-0.0217454103543,-0.3566898795570,0.0157565647447,-0.2843047069889,-0.2451610358332,-0.0032527227767,0.2354271697487,-0.0143099223377,-0.1519524369931,-0.2760314698506,-0.0148967361707,-0.1439732981701,0.0538859869192,-0.1941085203154,-0.1231593626324,-0.2478953799531,-0.2910009798756,0.2044667351519,-0.3651708434902,-0.3260145635179,-0.2880551901163,0.1795614488710,-0.2249537213091,-0.3091669870520,-0.1812885073492,0.0469705683543,-0.2657644593320,-0.2072366612713,0.1497927426332,-0.1765929007933,0.2012472738850,0.2008146950927,0.2299328319872,0.4549263802016,0.0218791024020
0.5596207918947,0.0600474438103,0.4030231883461,0.4055312600853,0.5249481819533,0.5725959385648,0.3670670412029,0.1213859617218,0.3483702028081,0.4124945552432,1.0000000000000,0.8513003827039,0.5923263092310,0.5340851876653,0.5183433033895,0.4558270827076,0.6418229375033,0.5650904646396,0.0760792979466,0.1544953866235,0.6484747435487,0.3697552061127,0.7625765554577,0.3746311617917,0.3256766461571,0.1156646267312,0.4280572966165,0.1963209419369,-0.2731582808413,-0.1289965234440,0.4133771388192,0.2337407620202,0.5251619347500,-0.2378683137146,0.1524170597409,0.0210920651635,0.5486236314221,-0.0662935310564,0.3399429858630,-0.1220327667357,0.1132491007160,0.4622220011352,0.2656422808970,-0.2089278112434,0.0321981970182,0.0939276815857,0.2700278353286,0.5023322749947,0.0706736900797,0.6397938024842,0.3016476704807,0.1293270591629,0.1991470308260,0.4346732682769,0.4294683064860,0.0512783469367,-0.0590778920662,-0.3612049482251,-0.0403218530200,0.0135981896623,0.2727126726135,0.5565427174169,0.4827960832606,0.1113021093226,0.1894368340481,0.1833191596973,-0.2149455739469,0.3533480961570,-0.2572994226405,-0.1433876624818,0.2613466131204,0.4319288928629,0.4321819472314,0.0138237960073,-0.2344615080837,-0.1390368954301,0.2010517521253,-0.2074458828138,-0.2561302182967,0.1596255466685,-0.2299435486503,-0.1598695380588,-0.2434827015405,-0.2358554254568,-0.4312032762015,-0.3540948360638,0.5935472615319,0.1263381513455,-0.0897466230213,-0.3030408416941,0.2073112376218,-0.2150096571081,-0.4555293030336,-0.0287675668379,-0.2185722887905,0.4657057193458,-0.0475529072609,-0.0146547323886,0.3639880265251,0.2310053395961
0.4988912921489,0.0091361513201,0.4095807009563,0.3962762328648,0.4730705089246,0.4905934631236,0.3244559938547,0.0605031837912,0.3260776327006,0.3723639311079,0.8513003827039,1.0000000000000,0.6027438919462,0.4821924620261,0.4425472985484,0.4780530165212,0.6594690173253,0.5645950628300,0.0168813684434,0.0971916468250,0.7149272697246,0.3137365906935,0.8036628692921,0.3206688484817,0.3305009585386,0.0392716430866,0.4126669481369,0.1169122313981,-0.4700249582838,-0.1525701976643,0.4775242219672,0.2085032804167,0.5772095280252,-0.2345886874808,0.2097285520704,-0.0340878386762,0.5392004643049,-0.1885768189189,0.2647955677503,-0.1595597329445,-0.0341155268454,0.4548089125579,0.2520620318481,-0.3853890713654,-0.0784985080878,0.1618199270258,0.3038224032577,0.4041152191316,-0.1038105557510,0.6716344145708,0.2913433961677,0.2182609458251,0.1668626017414,0.4421796709141,0.2929112609960,0.0161925520398,0.0301560116327,-0.2660893458489,0.0713138082852,0.0423418694149,0.3473724702096,0.5569149454498,0.6674431913687,0.1574756663628,0.1265659338812,0.2597944976428,-0.1489768061401,0.3876303593273,-0.2198218276964,-0.0877970833689,0.3991845383158,0.5526508070269,0.4138938818859,0.0466380983225,-0.1619067987428,-0.1484757007689,0.1868461023590,-0.2677690287814,-0.3612700619360,0.1265032447278,-0.0736380946371,-0.0073806258479,-0.2924688042444,-0.2471204259521,-0.4552856764386,-0.3327835184047,0.5665036836167,0.1339196474818,-0.1072356623859,-0.3247124575955,0.0810028625939,-0.2487759824560,-0.5574250978411,-0.0883206338105,-0.1172796790945,0.3874422176782,-0.2564661786542,-0.0691939034162,0.3685777055887,0.3619489252333
0.3140064940564,-0.0802185137128,0.2158690404258,0.2452760499004,0.2899820775409,0.4195607563390,0.3786867420386,0.4396769213218,0.2844872403051,0.2145559306191,0.5923263092310,0.6027438919462,1.0000000000000,0.2737220885517,0.2676513062885,0.6136252243400,0.8101437513763,0.6724336807687,0.3486324649346,0.3647354367622,0.6767911171912,0.2611859382935,0.6159644618175,0.5104737826121,0.2551483930596,0.3890769675085,0.5366141663030,0.1216087858385,-0.1346691643470,-0.1049419274011,0.6713646143126,0.5540902444733,0.8222721539094,0.1569345963392,0.3627636942532,0.3118821036290,0.3944672166393,0.1796741502719,0.3588931347780,-0.0144744121520,0.0773675612977,0.2949253025461,0.4637230101271,0.0573086961941,0.2850592772400,0.0211437221062,0.4164720099818,0.2501354258491,-0.0330636054102,0.4429755124165,0.1758445813573,-0.1079471249124,0.2094062193682,0.2345469809506,0.1937230989333,0.2279712761789,0.2394672696043,-0.1240017410164,0.1390314275888,0.0868726046044,0.0244275749261,0.4968535067806,0.4806300910898,0.4447905157015,-0.0247864244696,0.1291934408612,0.0209043018801,0.4953158145337,-0.0975402754774,-0.0170728642132,0.4314412673347,0.1743966495657,0.5017367836581,0.1285718292144,0.0247187751790,-0.0157204873644,0.2770269560020,-0.1699629820156,-0.1918081475286,0.4060354055531,-0.0236259621486,0.2667043102395,-0.3393843904339,0.1174059872402,-0.2021025945572,-0.0950998048644,0.3684059141752,0.3254328204166,0.1600175008604,-0.1464024959025,0.1918824389897,-0.0243503562260,-0.2288039553005,-0.1271157963201,-0.1703239567898,0.2359792549286,-0.1791116192779,-0.2544366475977,0.0995534557295,0.1819278063988
0.8512726439840,0.6965827134427,0.7352813458400,0.4002714045423,0.8059970509236,0.7081036373288,0.3187795728993,-0.1624665718975,0.1019452621541,0.5028754282387,0.5340851876653,0.4821924620261,0.2737220885517,1.0000000000000,0.7635358918535,0.1655426432112,0.4473617910384,0.3916621216183,-0.1562373744405,-0.1113605132791,0.3891859038780,0.3945648889103,0.5308446115603,0.2691293729745,0.0601840835183,0.0738980373483,0.2400520166922,0.3034665673530,-0.0332197997313,0.3996487797798,0.2624948603812,0.0135395599378,0.2123080880429,-0.5172944774885,-0.0804525875856,-0.2141311423439,0.4263500996729,-0.1580839476908,0.2227416743359,-0.3709154482405,0.4613358541809,0.6404755683724,-0.0448068316581,-0.2007597740145,-0.0523456200557,-0.2051685256595,0.1234097425005,0.4534402772788,0.4487569984237,0.6455458033183,0.4967351652248,0.4622356584525,0.1741839828405,0.4955528254488,0.5647330230193,-0.1111559317869,-0.2550735641076,-0.5711443843702,-0.2607247177571,-0.3245671503351,0.0543492735914,0.1968919500003,0.2009417911768,-0.1607444711927,0.6417646802037,-0.1066826992458,-0.4426878039976,0.2785146294478,-0.5184992599939,-0.4500424308273,0.0060970545911,0.1496801772244,0.2558430293087,-0.2795919981952,-0.4357652209596,0.0033879664109,0.0153262946489,-0.2353651631624,-0.1371116049324,-0.0226948773028,-0.4616079343358,-0.4540575708660,0.2814296768984,-0.4414520339073,-0.3988394661445,-0.5518091613728,0.4312944426640,-0.0558413827009,-0.3054265350200,-0.2385785717991,0.1918579393913,-0.5879910142318,-0.3569611527306,-0.1046309510194,-0.3847645539880,0.2043988074497,0.2182603426248,0.1473255103132,0.5937952826618,-0.0322071647499
0.6680022642311,0.5426268021422,0.6204664970943,0.6402946133926,0.6804299130450,0.7047546307752,0.4760816881596,-0.1280113005460,0.0781260198378,0.6833170678429,0.5183433033895,0.4425472985484,0.2676513062885,0.7635358918535,1.0000000000000,0.1789085529523,0.3778613880604,0.2469039903956,-0.1548767355194,-0.0909831328938,0.3482127524396,0.5590507189957,0.4617072997732,0.1452691521463,0.0594247600344,0.0863583277296,0.1601409841199,0.3260936450298,-0.0208952873462,0.2889882429606,0.2314430117667,0.1058932744079,0.2448566587892,-0.2485920788592,0.0268323470061,-0.2109183715641,0.3857115260201,-0.0195521789560,0.2930902158483,-0.0523260235979,0.5753971948044,0.6510243041924,0.2006946832686,-0.0792903771602,0.0496319306452,0.0375006766265,0.3316649997376,0.6167031087971,0.4923974876413,0.8189475168088,0.3708126164426,0.3851062369006,0.3027422894940,0.5652119330987,0.6828464426945,0.0834403659809,-0.2716592069007,-0.5208320953253,-0.2880014758057,-0.2945906055642,0.1863148336894,0.1341009527934,0.0875648796697,-0.2274588052400,0.5117739057789,0.0029994488075,-0.4486634507432,0.0702028573897,-0.4766062246228,-0.4279230395019,-0.1557177757757,0.1178138749663,0.0671798244427,-0.2626708670786,-0.5364632084740,-0.0637428667629,-0.0459049370414,-0.2009970900294,-0.1219304862692,-0.1575247791314,-0.3921581305971,-0.4665893222488,0.1970522892341,-0.4366125005933,-0.3404899416636,-0.4070741275923,0.3664835726870,-0.0752058369020,-0.3192301354898,-0.2335112229743,0.2885939577954,-0.3096553464729,-0.2545708807229,-0.0390302731049,-0.3131949422383,0.3448808850600,0.2334844361804,0.1830600304926,0.4686525108370,-0.1229033194800
0.2494156321772,-0.1175579750942,0.1352816975704,0.3357513565340,0.2359343384009,0.3575191358129,0.3896890842133,0.5080680712160,0.4440878143682,0.0848712564846,0.4558270827076,0.4780530165212,0.6136252243400,0.1655426432112,0.1789085529523,1.0000000000000,0.6551099445444,0.7123353914425,0.5894755159052,0.5208997630941,0.6495114755051,0.1530906525307,0.5176155658471,0.5014751116692,0.3314034006667,0.3361513823412,0.5408191364433,-0.0343882179805,-0.0909808191808,-0.1881152799407,0.7278187486400,0.4006986510674,0.6863740562301,0.1069252436900,0.5878861082080,0.6231378016235,0.2881917174595,0.2294922059394,0.3174741424993,-0.0879531753188,0.0508752941094,0.2305032801686,0.4957388772042,0.0347197132723,0.2555759048682,0.0145605527777,0.2037572427088,0.1319751853598,-0.0646128079172,0.3593922003025,0.1084082350486,-0.1506851152824,0.2035144060478,0.1832616726875,0.1535562716551,0.2642281022906,0.2199821633190,-0.0503708315984,0.3022645897031,0.2832172276997,-0.0733033736055,0.3522933416838,0.2647071765462,0.2695427129441,-0.1381422789170,0.2336747039592,0.3595682071318,0.5297549695208,0.1041589072228,0.1936586599089,0.3754095285375,0.1401488723166,0.5685001621905,0.2317318313383,0.1988029749413,-0.0531995416576,0.3435517681491,-0.1804618038083,-0.1498200047737,0.5512825764340,0.0441993559611,0.2999161969488,-0.3866560446306,0.3468563443333,-0.1362593129408,-0.0193056479568,0.3098977159662,0.4626444094836,0.2500816763406,-0.0752194336572,0.1141401529625,-0.0895455767390,-0.2251246238686,-0.0600192052683,-0.2308887120553,0.1266722180899,-0.1743010953531,-0.2607143755839,-0.0212878661517,0.2017400891233
0.4229998097627,0.0466156385564,0.2817421512179,0.3165020193718,0.4274123386769,0.5073944581157,0.4636084068397,0.3085640247572,0.2944101439194,0.4044411354922,0.6418229375033,0.6594690173253,0.8101437513763,0.4473617910384,0.3778613880604,0.6551099445444,1.0000000000000,0.7453957164473,0.3276235319920,0.3534842306115,0.7800949435055,0.4262949536361,0.7322175941493,0.5805884215477,0.2074839731697,0.3831091442133,0.5742882511836,0.1786991330901,-0.1795017019373,-0.0862696691027,0.7376716594716,0.4989725115732,0.8084946839792,-0.0540448571317,0.2113716356995,0.2860161520824,0.4670329109184,0.0790454242700,0.3111101337544,-0.1527191691574,0.0809115638468,0.3569629146425,0.3518774797438,-0.0275996443234,0.1672860579868,-0.0007413700895,0.3589254892443,0.2562956833068,0.0356130952711,0.5272897536987,0.1917645398128,-0.0396658538068,0.2875722379574,0.2426955321988,0.3602913466023,0.1987887251628,0.0518401340090,-0.2589248982269,0.0922829972270,0.0046051796989,0.1649173387491,0.4970644970761,0.4864678026544,0.2221843179443,0.1350422770396,0.1454340518933,-0.0779752560115,0.5727473565020,-0.1627393974200,-0.0480783043302,0.5206128124731,0.3282825527835,0.6209479322367,0.0781760521366,0.0549554212278,-0.0286974019574,0.2497068017771,-0.1991684707655,-0.2737942908060,0.4866914301276,-0.0898770267897,0.1486013004628,-0.3231291183024,-0.0052177598835,-0.3649381073238,-0.2455120096654,0.4463108903819,0.2059120799811,0.0985177303121,-0.1630137316453,0.1508246846806,-0.2268999243550,-0.3048216534653,-0.0672120507564,-0.2493050827431,0.1814560826298,-0.1387215646006,-0.1802679993684,0.2148732680310,0.3139012694889
0.4056383648578,0.0502376233062,0.2311736247967,0.1601263400351,0.3686267065691,0.4554295222495,0.2645950716953,0.4305677644831,0.4823814830830,0.1371145804335,0.5650904646396,0.5645950628300,0.6724336807687,0.3916621216183,0.2469039903956,0.7123353914425,0.7453957164473,1.0000000000000,0.4585807088197,0.4827197880394,0.5401902308010,0.1313073875829,0.6035420777198,0.6619027147412,0.3696047921538,0.1636076714934,0.6493809892745,-0.0495562456631,-0.1561716216322,-0.0167704791964,0.6952074082294,0.1789387556170,0.6818614805907,-0.2408486822424,0.3336811084437,0.3718086296420,0.4777795821206,0.1884450883600,0.4858069686206,-0.2234078764358,0.0634041440883,0.3596340066465,0.1418109029300,-0.0707260343831,0.1855639014567,-0.1763870143692,0.1703359709042,0.3099084805210,-0.0082547948025,0.3849719756585,0.2194154952489,-0.1696162895930,0.1293923197043,0.1642765268308,0.2437878420581,0.0970957722721,0.2104937869686,-0.1415294612454,0.2169659231103,0.1494907211544,-0.1367625118733,0.4608925136439,0.3613339565204,0.3268761428476,-0.0406366372802,0.0059742169092,0.0678619918817,0.7144010097445,-0.1032381347309,0.0663216609630,0.3650440468646,0.1414795856617,0.6762367900654,0.2086206090813,0.0420209658258,-0.1436042182206,0.4431910071073,-0.3272703379147,-0.2629536297739,0.5784714111307,-0.1830713439312,0.1965760896640,-0.2909869829406,0.0481241927302,-0.1817841647529,-0.3504142887884,0.4251958279541,0.2872058304857,0.0324349120746,-0.0299162537272,0.2965548583251,-0.2839131124122,-0.3090828721171,-0.1220488263969,-0.1231696969390,0.1796223253816,-0.1553757266019,-0.2731051916817,0.1113221139585,0.1006451717974
-0.0608348792400,-0.2309429916263,-0.2364976846708,-0.0723262149978,-0.1759528094057,-0.0542123516680,-0.0283047580196,0.7496431119871,0.6137577791097,-0.0709750117885,0.0760792979466,0.0168813684434,0.3486324649346,-0.1562373744405,-0.1548767355194,0.5894755159052,0.3276235319920,0.4585807088197,1.0000000000000,0.7622185671034,0.3229784912210,-0.0932548037544,0.0655655790316,0.5431535649318,0.3305078723622,0.3029388395892,0.3718431296381,-0.1783327443614,0.1714865507824,-0.2040993094795,0.3805324358294,0.2137532180602,0.3485697386505,0.2775657133348,0.3453356198226,0.8200066498552,0.0176549267128,0.4446008891948,0.1287672172920,-0.0103982584637,-0.0573243936137,0.0585415875290,0.1929309795683,0.2928551416362,0.3254600944664,-0.1820969211585,-0.0012749544281,-0.0368623014522,-0.2087280831633,-0.0693990692696,-0.1421963003550,-0.4255237885692,-0.1321753717278,-0.2045496216948,-0.0328742398130,0.0986052288863,0.4092194081355,0.3425221257254,0.5038439127260,0.6104131507435,-0.3151491946181,0.0392921116171,0.0416219713984,0.2475627520565,-0.2740524754722,-0.0183546588123,0.6192406844911,0.3120946942885,0.5627879618880,0.5170057591461,0.3034999493176,-0.1624251448601,0.5140779486801,0.4650405399382,0.5745503988447,0.0781303673446,0.2955311730486,-0.0153060966185,0.0925304023621,0.5784676771363,0.0817656676881,0.3678512715891,-0.2029349970642,0.4829485188179,0.1793577849078,0.1299394161057,0.0219575648544,0.4175205512808,0.2742986589376,0.2260441884906,0.0923388387835,0.0387710674651,0.1832818153871,-0.0510783038341,-0.1065696022583,-0.0233228739904,-0.0703075209572,-0.2936427202601,-0.2257902074530,0.0395246504138
-0.0872654633623,-0.2114997807001,-0.2392658658808,-0.1085622312565,-0.1783035252484,-0.0841661749784,-0.0696425135655,0.8121359026004,0.6801024908514,-0.0157457694143,0.1544953866235,0.0971916468250,0.3647354367622,-0.1113605132791,-0.0909831328938,0.5208997630941,0.3534842306115,0.4827197880394,0.7622185671034,1.0000000000000,0.3246940003266,-0.0054227213229,0.1629815480952,0.3990957067081,0.5768430567882,0.3537998088439,0.5073702238619,-0.2560973327383,0.0636283918699,-0.1912501602535,0.3702424748153,0.3331132343912,0.4437491110974,0.1602592692800,0.2616587939807,0.5820344777034,0.0529510410150,0.7122115151391,0.0815761482973,0.0580359121797,-0.0165915835574,0.1118541054214,0.2446398965388,0.3631492955481,0.4954869833533,-0.0277516449191,0.0499075366369,0.0281955977987,-0.2633926382370,0.0579903806737,-0.2243857011911,-0.3830509251900,-0.1626834514125,-0.2150964071903,-0.0832576877751,-0.0497631949116,0.4772426559516,0.3396798625642,0.4703324219669,0.6187365495134,-0.2523909948832,0.0077763398642,0.0204146806898,0.2151095985974,-0.2530604101078,-0.0835546408448,0.4510793832599,0.3389711539105,0.4515822240390,0.6165081150333,0.2028456293552,-0.1439963148354,0.4330517068145,0.7181567411752,0.4347462163190,-0.0523891310441,0.4755591578809,-0.1950807013765,-0.0430640894031,0.5085527369031,0.0187352500486,0.2742380768280,-0.2499439039877,0.3940635718603,0.2594027161388,0.0694385347187,0.0805636991783,0.2450933761510,0.1813785759309,0.3804807955197,-0.0053729415167,0.0679597900621,0.1730418895627,-0.1446069864705,-0.2106381006780,-0.0239657253782,-0.2257007527676,-0.3164263665615,-0.2381948731283,-0.0262010733207
0.3875511401292,-0.0056506742964,0.2793710695602,0.4029525231320,0.3598186352358,0.4266858362501,0.3587810339979,0.3539808721175,0.3939221715921,0.3653277001088,0.6484747435487,0.7149272697246,0.6767911171912,0.3891859038780,0.3482127524396,0.6495114755051,0.7800949435055,0.5401902308010,0.3229784912210,0.3246940003266,1.0000000000000,0.3605575856963,0.7122251575472,0.4767264937851,0.2993801183816,0.4284306785214,0.5438717560927,0.1154424138723,-0.1541176777118,-0.1067496125648,0.5967424387009,0.5254918764537,0.6860553258242,-0.0076646885648,0.1909003271497,0.2128881803157,0.4116643284268,0.0049292475189,0.1086736608166,-0.1492267258189,0.0477304158222,0.4041701927685,0.5389568004844,-0.0471716761738,0.1658186782012,0.1035164633506,0.3168209326679,0.1697427726285,-0.0655669952795,0.5813080776354,0.2093945629985,0.0652298466930,0.1611565495288,0.2805019877985,0.2383864168473,0.1017129357475,0.1607106278289,-0.1086011362148,0.2414725712967,0.2179143206815,0.1232195416151,0.4549842079819,0.5324846710566,0.1155265694999,0.0220564403601,0.1913254070479,0.1131790737247,0.4531636865898,0.0726073477568,0.1198260769691,0.5669334510748,0.4399779391607,0.5625152149807,0.2134458284483,0.2100863010752,0.0441443747184,0.2405244813591,-0.1955906141848,-0.2748034625567,0.3328048697570,0.1012654421315,0.1942600592336,-0.3536745949428,-0.0262812297929,-0.2936051480390,-0.1496149375286,0.4203961828190,0.1972686099287,0.1169929930839,-0.1278984965184,-0.0373904715953,-0.1910541430476,-0.2692789303522,-0.1333189525432,-0.2619668323784,0.1182340017469,-0.2190371040031,-0.1864740841120,0.1966034867660,0.3984749802388
0.2658744190769,0.2918916002486,0.2311730373482,0.3872965605514,0.4486706196550,0.4274668379216,0.4044994418794,-0.0508542037342,-0.0277206423794,0.7222399953257,0.3697552061127,0.3137365906935,0.2611859382935,0.3945648889103,0.5590507189957,0.1530906525307,0.4262949536361,0.1313073875829,-0.0932548037544,-0.0054227213229,0.3605575856963,1.0000000000000,0.4099282141306,0.0323905206751,0.0031337590838,0.2001272255379,0.0290019250918,0.5625936942099,0.1305985646272,0.1527773859659,0.1934104826575,0.2641866892191,0.2956155547142,0.0558724011162,-0.2021537940393,-0.1403208605410,0.1235056325361,-0.0805564105834,-0.0382333175528,-0.0110834493888,0.4824844886426,0.3815154446648,0.1123154138472,0.0031967839306,-0.0187247007614,0.3440834868231,0.4001312607276,0.2099799924829,0.4181743293430,0.5484703059271,0.0659086126995,0.1066040646716,0.2638830948862,0.2041362440254,0.5033395279287,0.0869868930831,-0.2446879709413,-0.3377018718309,-0.2186004006048,-0.2181216365796,0.4070730780533,0.1637442808418,0.1158737274208,-0.1827831168311,0.3472112654962,0.0137152540338,-0.4007569515994,0.0288903885048,-0.3016798574466,-0.2147424892151,-0.0304681790527,0.3597130372861,0.0412598907806,-0.1243826376756,-0.2774130249569,0.0313265937132,-0.2212924668623,0.2275528970989,0.0567617499972,-0.0567605952243,-0.1043812419558,-0.2327258638736,0.0593623453552,-0.3404128100256,-0.3300758958090,-0.1497846512740,0.1151715449714,-0.2830740067582,-0.2119224873604,-0.2287425244131,-0.0766477450101,-0.1348935181277,-0.0818314223540,0.3222091057418,-0.2367140088955,0.0751860411160,0.2041883097738,0.3509566658318,0.2528082531072,0.1164704231240
0.5220744830164,0.1107491882916,0.3931059194773,0.3795876110585,0.5298796451661,0.5819149068570,0.3869032807562,0.0444695272123,0.2649526214009,0.3431700019998,0.7625765554577,0.8036628692921,0.6159644618175,0.5308446115603,0.4617072997732,0.5176155658471,0.7322175941493,0.6035420777198,0.0655655790316,0.1629815480952,0.7122251575472,0.4099282141306,1.0000000000000,0.4211290623390,0.2748729499420,0.3106908454597,0.5582563439032,0.1521950402135,-0.3106812908017,-0.0785198601298,0.5681818329717,0.4405800453520,0.7047254169398,-0.1279479100252,0.2206289025514,0.0918805205781,0.5070532669946,-0.0746881375496,0.2999881288018,-0.1021016806565,0.1296374953184,0.4980151480448,0.3211111113970,-0.2136685420947,0.0439218477846,0.1041940973401,0.4010447442681,0.3419821952253,0.0282834118888,0.6472894234982,0.2219525045602,0.0701832648008,0.2957543399952,0.3517200233893,0.3442497907130,0.0875779120130,-0.0993998181045,-0.4367734336057,-0.0743356961058,-0.1046392008032,0.1212868060882,0.5462790736634,0.5477694036546,0.0958999085657,0.1830307680555,0.1260469910452,-0.1934586500686,0.4459195603162,-0.3295860348355,-0.1924282039496,0.3695527738157,0.4562263818733,0.4802987892858,-0.0133050811364,-0.1764496093331,0.0670196385286,0.3453356030717,-0.2502607000116,-0.3067128507724,0.2486014315522,-0.0519613967376,0.0366888386295,-0.2128328420215,-0.1016791062405,-0.4404153359499,-0.2243794649010,0.5066940207513,0.1384414291213,0.0751552765086,-0.2540206546505,0.1203771216876,-0.2368589203757,-0.4306768990212,-0.0353750689772,-0.2097095711038,0.2130735745100,-0.1947862800939,-0.1577516637087,0.3487900562835,0.2768892745569
0.3654293430065,-0.0347591517266,0.1522916557219,0.1657924844987,0.3346539928072,0.4169261008647,0.2786430173899,0.2345033623454,0.3338680366070,0.0234482157268,0.3746311617917,0.3206688484817,0.5104737826121,0.2691293729745,0.1452691521463,0.5014751116692,0.5805884215477,0.6619027147412,0.5431535649318,0.3990957067081,0.4767264937851,0.0323905206751,0.4211290623390,1.0000000000000,0.1648523640555,0.0882635367274,0.6535492568287,-0.0758092994029,-0.0347920344029,-0.1526222185427,0.6324960089628,0.1166436766693,0.4792734425297,-0.0405803266639,0.3044229712925,0.5083670678775,0.6086493587483,0.1731804880124,0.5680161080132,-0.0617323898515,-0.0001729475789,0.2487757761048,0.1896120411301,0.0067972188808,0.0049588623203,-0.1620050602091,0.1136772666151,0.3063000313910,0.0469294894636,0.1932368686694,0.3183600496719,-0.1561156643684,0.2357289167383,0.2030874689556,0.2901708507249,0.2919286246950,0.1271063893523,-0.0748096221780,0.1605392093212,0.1351942570731,-0.1873936842157,0.4219793949026,0.2800276119872,0.2085537065190,-0.1300988134559,0.1552223071191,0.2474467071554,0.4981749490752,0.1089024828901,0.1246364480496,0.2914749260620,0.1621291809896,0.7864682762140,0.0849292283948,0.1844903866536,-0.0678546488003,0.3691454636954,-0.2373716467773,-0.1465584147911,0.5925765299284,0.0039362017694,0.2495053683728,-0.2775500212314,0.1663371095044,-0.1143064584482,-0.1558857263153,0.4926911301606,0.4382788569012,0.2537222266652,0.0928105003026,0.4465278578301,-0.1071229005913,-0.1350371945078,-0.0960895134585,-0.0176878464177,0.2944390845712,-0.0081095038167,-0.1825563595452,0.1150412893041,0.1928422737272
