1.0000000000000,0.2110207355694,0.6700568271770,0.4104100649308,0.7704254772026,0.4055415048315,0.4041834236634,0.1110062670414,-0.1006425325452,0.2036514342844,0.1596646926181,0.2698171990095,0.0215229826278,0.5828678787618,0.4881947608441,0.1939736529844,0.2049962372809,0.1389568748654,0.0250809965853,0.1111676141252,0.1795783111624,0.3363205186654,0.3277816147959,0.0812525695286,0.0294105285657,0.0306237660713,0.2551333823698,0.3051667419586,0.1436566295992,0.2600758949811,0.1305889935747,0.1872963866186,0.2213705475154,-0.1990403930603,0.1912892525466,0.1834456371377,0.2424373031854,0.0858001182704,0.0525133347617,0.1543267376203,0.3390973126972,0.2129782919311,0.2181043524401,-0.0025254716035,0.0546284530840,-0.0286840918516,0.0110834350275,0.1906084553124,0.4899662121892,0.3759022956735,0.6488977537513,0.1413248021335,-0.1202541094028,0.4463963332396,0.3237190456227,-0.1025519634120,0.0359831341734,-0.0253262523131,-0.2077510797667,-0.1877267989855,-0.0978901742211,0.0397630865615,0.0836642339560,-0.0997887847851,0.2335098203779,-0.1848707395785,-0.2671728321292,0.2833040866090,-0.3169641112499,-0.0010540277163,0.0974517771377,0.2009605636262,0.1406643534221,-0.1106284947387,-0.2538780176608,-0.3597215619596,0.0510713186229,0.3889287108719,0.1466308283721,0.0399547043384,-0.3771505791615,0.1345075693156,-0.1638771683380,-0.2933872685668,-0.2405733249398,0.1321478266346,0.1939493708470,-0.1954536512386,-0.0035795455989,0.1417625443959,0.1676477393128,0.0746325611084,-0.1437760626443,0.4912003211401,-0.4121866750207,0.1678015896989,0.3041106013497,0.2480305899505,0.1389103352739,-0.0403740986369
0.2110207355694,1.0000000000000,0.3054362588466,-0.1229386964122,0.0558872483342,-0.1755288516275,-0.1589076199608,0.3010700074926,-0.0923157153322,-0.1151806546205,-0.0966805579065,-0.1542189957627,-0.3657349641320,0.5349175804619,0.1061500821079,-0.1383105002076,-0.3476910550985,-0.1177851775067,-0.3815918717400,-0.1710593069884,-0.1570763390173,0.0774343116740,-0.0932379691720,-0.3665716914927,-0.0216890090623,0.2523497265790,-0.2234372031443,0.3747551560051,0.7476440203908,0.6946556955342,-0.2502565665786,0.1069339459068,-0.3248671630671,-0.2664497872983,-0.2020901073913,-0.3625856761749,-0.2141355227111,0.2687814124481,-0.1512622837192,-0.0721700271794,0.2110649167803,-0.1342809386411,-0.2198151819880,0.6149811755342,0.2948880967788,-0.2645687489208,-0.2855443071316,-0.2427666579461,0.5318886716959,-0.0509796382901,0.1206140286464,0.7405307576582,-0.2978542747498,-0.1671889030497,-0.1746615440526,-0.5205979732832,-0.2543973148588,-0.3060415396040,-0.0712867132194,-0.1730740919595,-0.2238685657466,-0.2475407604025,-0.3107145393761,-0.2679687330538,0.5360779893335,-0.4782036855248,-0.5264504793889,-0.1557135075090,-0.4620422449244,-0.4096919250429,-0.3154271052446,-0.2240093057169,-0.1830434145247,-0.2105559509551,-0.4841457612872,0.0853578377466,-0.4719797068308,0.3104279732646,0.5571141176445,-0.3744053782781,-0.3967423475304,-0.4164806406356,0.2353244646319,-0.5229329993705,0.2459876603058,-0.2958885290099,-0.2158904865703,-0.4563615070067,-0.3496201030774,0.1596180312533,-0.1702227717921,-0.2906751519322,0.4730055890641,0.0349536543739,-0.2869268782732,-0.1927921279969,0.7585175080217,0.0784757939683,-0.0599327322427,-0.2022110145967
0.6700568271770,0.3054362588466,1.0000000000000,0.5647771927887,0.5494468696479,0.6338436317860,0.6429997748892,0.0725569682153,-0.0712276714738,0.3168215192339,0.2030418674421,0.3025507764590,-0.0552075428326,0.5392922955023,0.6059056151954,0.3134229143989,0.2171577711783,0.1290080945332,0.0877848564077,0.1452783943930,0.2516722799631,0.3819036825120,0.4167251729813,0.1697452155542,0.0739312651330,0.1692471409975,0.3620090229562,0.3707091331577,0.0404500803632,0.2578671680730,0.2216637357747,0.3116473160275,0.2574473613076,-0.1113426159245,0.3461179462069,0.3584855836075,0.3045705962910,0.1283153143421,0.2132935280056,0.3277036337946,0.3413245648058,0.3210470967406,0.3249319270416,0.0472934594376,0.1136380905771,-0.0224606724804,0.0571358456834,0.3377123353469,0.3293631389485,0.4777828880886,0.5007534520875,0.2720008438108,0.0282699654787,0.7087999002980,0.5159531757940,0.0110181990422,0.0193178863616,-0.0257857158809,-0.1706639384770,-0.1721649529493,-0.0126011094023,0.0900314088063,0.0356925169426,-0.1517664607936,0.2162201710033,0.0098657946695,-0.2197443442962,0.2751537965609,-0.2989630852796,0.0310253572807,0.1095010981572,0.1801295627343,0.1800063768507,-0.1427468906321,-0.2547086063127,-0.4237465796452,-0.0312773840873,0.3895593880334,-0.0323731469760,0.0625514790471,-0.4336856434252,0.0668162717319,-0.1035967021752,-0.2945311223455,-0.2527904439053,0.1174054651397,0.2121771369376,-0.0814699772300,0.0498733671166,0.1107908036373,0.2979966314927,0.1851510101996,-0.1039655594225,0.5104736242182,-0.5064566147242,0.3414997956588,0.2274647654242,0.0852138256438,0.3142992263643,0.0136882828417
0.4104100649308,-0.1229386964122,0.5647771927887,1.0000000000000,0.3935490197814,0.5859201307831,0.8132762946989,-0.1108421193226,0.1678289680313,0.4069514858992,0.4937698877660,0.5497326895138,0.3642585829637,0.1889856988111,0.7377056621376,0.5452912142359,0.4636157901058,0.4402251635529,0.3857460056647,0.2045401838460,0.4340795845480,0.1214907081622,0.5773669359790,0.4566929005074,-0.0627656258881,0.0404918581831,0.5088976957930,0.0282205719559,-0.3783122306774,-0.1363768967105,0.4113109110330,0.3304178277101,0.4074135924657,-0.0191044691700,0.5735730884831,0.5584929372242,0.4287158888427,-0.1761955958782,0.4175432190125,0.3498255609916,0.1112795832774,0.4660306827716,0.5233147618007,-0.4084381738952,-0.1152862668513,-0.0187634209962,0.2672223694630,0.5404728222793,-0.0937506566747,0.6288699058696,0.3209728811337,-0.2638438885040,0.3527014700902,0.6511071437108,0.4834901091109,0.4823992945100,0.3773425551607,0.3342743955666,0.0876472791583,0.0081327688441,0.0845912270043,0.5130479499783,0.4239412843441,0.2446576686943,-0.2647161421029,0.2153969510917,0.0763938433502,0.5071891456373,-0.1241363812705,0.3520363485126,0.2165301603496,0.2736133342979,0.4359819341235,-0.0859249175159,0.0609427993214,-0.3984284284919,0.3140066734903,0.0032472236117,-0.3933733614083,0.3294120691460,-0.1330959662558,0.3500967428636,-0.4339443686930,0.0001032736502,-0.4725507951918,0.0920870170627,0.4491769652198,0.2678350873653,0.3552252403941,-0.2296863866880,0.4166943341389,0.1897195181314,-0.4851131642159,0.2761668063660,-0.3713383238871,0.5379359900649,-0.3047016371363,-0.1631391839433,0.3562372644925,0.3810653119206
0.7704254772026,0.0558872483342,0.5494468696479,0.3935490197814,1.0000000000000,0.5089955430997,0.3539080930284,-0.0384277944897,-0.1263611418078,0.1325463101867,0.0590496718491,0.1857690881802,0.0437693622952,0.3748533678860,0.4148775906960,0.1759432876842,0.2914106781713,0.1429918202720,0.0434842964828,0.0643847560989,0.0916134575396,0.4226103958808,0.2746870986324,0.1981122441124,-0.0100887114967,-0.0254488310272,0.2397879206866,0.2203175327493,0.1527221154994,0.1070688015742,0.2271892484970,0.0902299158462,0.1884082350307,-0.1140478781478,0.1360101223663,0.2098000763675,0.2874815732396,-0.0135121934174,0.1346340592879,0.1965529165656,0.5226175163165,0.3038755345427,0.2059873156681,-0.1058637953405,-0.0025141421464,0.0979214039119,0.0293374602863,0.2532842414846,0.6121158239389,0.2565434360167,0.6967451096131,0.0170126762432,0.0239056081961,0.5210252019486,0.4260812098135,0.0474044724214,0.0982804866314,0.0350248103664,-0.2020783366822,-0.1893317754044,-0.0132333007138,0.1040718190418,0.0798856254754,-0.0822273913750,0.0699888167044,-0.0417568831809,-0.1215582979977,0.2904606613757,-0.2097907568900,0.0099411646707,0.1387931650400,0.2902274325505,0.1568920486610,-0.1002696498882,-0.1342111748866,-0.2972154289236,0.0721501744890,0.3396192770498,0.1682889775523,0.1516669623994,-0.2946932341644,0.1357338285234,-0.0712487079133,-0.1240595053839,-0.2267715672903,0.0797987058575,0.1879669350605,-0.0241395337558,-0.0393471351801,0.0593865083962,0.2331430435834,0.0684139585961,-0.1995526590585,0.4589686316579,-0.3689880934053,0.1888488774511,0.2110438931683,0.5359451551608,0.1040351394523,-0.1462524252366
0.4055415048315,-0.1755288516275,0.6338436317860,0.5859201307831,0.5089955430997,1.0000000000000,0.5953613327793,-0.1131607494796,-0.0199700729303,0.4236960121134,0.2013970252571,0.3317319443360,0.1152785804914,0.1761188852868,0.4792442339091,0.3136880789750,0.2853833107992,0.1751072328944,0.2422108376124,0.2222220442024,0.1708421570218,0.5714689268768,0.4386531611726,0.3223261273077,0.0480888576238,-0.0693191439969,0.3345166979850,0.1598219088417,-0.3259828285103,-0.0970873693317,0.3161466444217,0.1678514694333,0.2887551177944,0.0149574125190,0.2984572803257,0.4015879099033,0.2826704492695,-0.0666701084373,0.2292949606184,0.3408115291303,0.3679174688035,0.6073355395262,0.2771999436180,-0.2935067749181,-0.1232045051438,0.3106876538071,0.2123149892455,0.5176817603980,0.0362421063176,0.4819501150265,0.3676231312215,-0.1260884499942,0.2320644740651,0.8152231489986,0.8537619774907,0.2618292546369,0.1750090391691,0.1260365327018,-0.0971722713871,-0.0952926231698,0.3058803959034,0.3175716681644,0.2089617075175,-0.0849051177573,-0.1076902551441,0.1923002188747,0.0488218591854,0.2897922815466,-0.0664703515230,0.2210048968698,0.1774433838503,0.4054999563962,0.2188808163458,-0.0410026734385,-0.0779822496248,-0.4191986831017,0.1477457708788,0.1857984683416,-0.3589984665049,0.2256825557194,-0.2000788938562,0.1453014464162,-0.2102271235883,-0.0243936601155,-0.3690626235479,0.1995406236675,0.1995584551290,0.1475672548692,0.0636449107498,-0.0327791622023,0.2614224795735,0.3077110635068,-0.3608174043731,0.4958762780984,-0.2566410136190,0.4626161447502,-0.2372178574118,0.1347815967889,0.5842566094149,0.0199279757477
0.4041834236634,-0.1589076199608,0.6429997748892,0.8132762946989,0.3539080930284,0.5953613327793,1.0000000000000,-0.1911257795564,0.0151544627879,0.4568412588544,0.5175100671157,0.4527756011520,0.2829860220997,0.1272554351238,0.6789631724330,0.4855418374731,0.4260630985372,0.2830344265666,0.2806915206892,0.1178934226791,0.4525046439986,0.1356678341724,0.5240204985610,0.3775603841538,-0.0310001084626,0.0398915434909,0.5120556648252,0.0420329997977,-0.3691340763058,-0.1726010469997,0.3658141564882,0.2703411470441,0.4423482834781,-0.0143222896296,0.5801965062056,0.5855129796723,0.4669141491801,-0.1589768669546,0.4220242709165,0.3874176599987,0.0687451255541,0.3033986544403,0.4622258113990,-0.3340549654231,-0.1059846863932,-0.0665307526634,0.2318216662852,0.5412795554917,-0.0586391551528,0.5378407785736,0.3318119287430,-0.1910157194233,0.3728301516695,0.6892804285302,0.5834498097928,0.4354808168099,0.2599398926983,0.2488296367045,-0.0395404668206,-0.0479475299372,0.1361484589408,0.3748401007972,0.3590286872037,0.2850432452766,-0.1691286678515,0.3015519940360,0.0218338879570,0.4242417555834,-0.1367991704927,0.3019490044264,0.3112814601446,0.2467403740647,0.3381652503533,-0.0812192089535,0.0482487014506,-0.4812619145935,0.2740866294341,0.0248351115276,-0.3811036790767,0.2742566957543,-0.1571543049806,0.3782704191898,-0.4067790391662,-0.0551987110386,-0.4935123084692,0.1792833221052,0.4820361767353,0.2063666304206,0.4569869009930,-0.1690754521886,0.5187451201635,0.2547377409138,-0.4247897561808,0.3043438500157,-0.3686000791557,0.5561104501027,-0.2452421345416,-0.2201808692588,0.2682319276753,0.4761057184410
0.1110062670414,0.3010700074926,0.0725569682153,-0.1108421193226,-0.0384277944897,-0.1131607494796,-0.1911257795564,1.0000000000000,0.5366292495167,-0.0343740098529,-0.1270664819220,0.0197104936076,-0.0470036464821,0.2545263928271,0.0432326911373,0.1957492315911,-0.0972273170047,0.1853649864723,0.2325177378032,0.4745987026736,0.0824374844622,0.1851911039742,-0.0755372902601,-0.1118815582259,0.5710533718549,0.3652662914598,0.0558296856815,0.2323977677533,0.2135107422570,0.2636038823948,-0.0530793250342,0.1548299518038,0.0121327034131,-0.0451872659406,-0.0043625062636,-0.1326006454753,-0.1814830223418,0.5253813249608,-0.1821706648890,-0.1048475296914,0.0564302639389,-0.0971465176779,0.0902520960618,0.4859626753985,0.4208040557952,0.0016634017653,-0.1634492185462,-0.2687450541022,0.1733038790580,-0.0006077777839,-0.1328260996840,0.2656292175767,-0.2050748650688,-0.1235920495579,-0.1452398976156,-0.2681703370320,0.0314674342501,0.0532282593975,0.3165928860975,0.4865900244303,-0.1093539612143,-0.2179763962114,-0.1004912063654,-0.2650218352906,0.1632909351006,-0.3558069782558,0.0658320156044,0.0046598058612,0.1831688263900,0.1511259047105,-0.0795026200366,-0.0607443163958,0.0577338266084,0.4301398491201,-0.1517476561781,0.1991026028735,-0.0972329671272,0.1707607100114,0.0265739765780,-0.0782275172325,-0.2374879494604,-0.1246108773304,-0.0307132338705,-0.1960791821314,0.2567020110099,-0.1740859793621,-0.2325919802052,-0.1112805521068,-0.3645075151486,0.4733974716928,-0.2365675423571,-0.1712594784644,0.4509838141751,-0.1014168621386,-0.0887678289495,-0.2502213597896,0.1905437832751,0.0434277544277,-0.1074193478940,-0.2024714801700
-0.1006425325452,-0.0923157153322,-0.0712276714738,0.1678289680313,-0.1263611418078,-0.0199700729303,0.0151544627879,0.5366292495167,1.0000000000000,-0.0216577727541,0.1286800070526,0.3347512889058,0.3337861276014,-0.0989786515887,0.0629239212136,0.4751534826068,0.2091270056912,0.5101593815873,0.6126576271608,0.6438457503223,0.3615496972428,0.0117352955137,0.2576812517054,0.3922896186382,0.4511518392996,0.4011084822397,0.2976624047997,-0.0494773260170,-0.0638894868623,-0.0621767087334,0.2873341285117,0.3186336566575,0.2069646059317,0.0472734580331,0.3298013605487,0.2513755592787,0.0499691918033,0.1775245631239,0.1351057882341,-0.0056941238310,-0.0889239572487,0.0424084658635,0.2728050161256,-0.0067988990525,0.1689770582489,0.0030376397820,0.0721433307899,0.0133716653835,-0.1643330573904,0.1435209350497,-0.2661140109581,-0.1911770948656,0.0631332274338,-0.0223180568589,-0.0997786491067,0.1597692178700,0.3850901570160,0.4132179053440,0.7329023514355,0.8081290576643,-0.1200578159726,0.2671753650898,0.2404262599385,-0.0015317993904,-0.3340620100152,-0.0326732141148,0.3809125904378,0.2510390812284,0.3858749085107,0.6257693402320,0.0668957976742,0.0720800779046,0.4420612290882,0.5094679892244,0.2637265814017,0.2464813086789,0.2555725314748,-0.1723292456057,-0.1425147481929,0.3249640589650,0.0458668002344,0.1009321814077,-0.2944999677107,0.1221984022108,0.0478235595939,-0.2369760850853,0.0900778165763,0.4394255641453,-0.0732676574032,0.0491217238964,-0.0195740556309,-0.1880608477803,0.0442179769793,-0.2355444911670,-0.0913075324382,0.0744309464092,-0.2353897435436,-0.1610799925140,-0.0829472621127,0.0687388363878
0.2036514342844,-0.1151806546205,0.3168215192339,0.4069514858992,0.1325463101867,0.4236960121134,0.4568412588544,-0.0343740098529,-0.0216577727541,1.0000000000000,0.5550538189346,0.5404486387335,0.1360803784135,0.2393511621630,0.6092503800599,0.1838881187672,0.1657592278129,0.0956705924803,0.1711688519947,0.0749778861710,0.3286840732719,0.4407682305665,0.5096737892740,0.1570554427697,0.0705096619855,-0.0511528689423,0.1765536193357,0.0555603169689,-0.3456636562309,-0.0576979348541,0.1404626919542,0.1930622235924,0.2851760473181,0.0548314252885,0.2324772740289,0.1619244961763,0.1402448449755,-0.1312427241840,-0.0485731484593,0.2006549719807,0.2455809761648,0.4188715024516,0.2128729374691,-0.1694063355469,-0.1988939209685,0.2471480607011,0.3584585306122,0.2359620501862,-0.0822857751937,0.7257852371655,0.0853814312564,-0.0188430709734,0.0901990242517,0.3922772134392,0.4425425129277,0.0763478239748,-0.0446936384912,0.0192423074960,-0.1247075450875,-0.0650554629948,0.6798019195588,0.3522370338838,0.4509054024681,-0.0255352915167,0.0519594011060,0.1113721581038,0.0371972649457,0.0962345802394,-0.0291019176599,0.1394831058128,0.3239483048570,0.5158405797833,0.0802479147097,-0.0138771896013,-0.0310125447984,-0.2376808506107,0.0637152402457,0.0587081412039,-0.4267454682564,0.1236215653381,-0.0213354620271,0.2112750063734,-0.1904366055057,-0.0752492964562,-0.2700535341489,0.3982309157412,0.1627870436787,-0.0336945101059,0.1666712034010,-0.0740312056200,0.0482685880528,0.2461017001164,-0.2024934543042,0.3200206350852,-0.0109969126181,0.2100378336014,-0.2745858045730,-0.0988379655359,0.4392963351176,0.5226424339485
0.1596646926181,-0.0966805579065,0.2030418674421,0.4937698877660,0.0590496718491,0.2013970252571,0.5175100671157,-0.1270664819220,0.1286800070526,0.5550538189346,1.0000000000000,0.6637685623981,0.3768795633488,-0.0112253743565,0.5315211189155,0.3495918471888,0.2747841229071,0.3764117257689,0.1313248781715,0.0049066058031,0.6150064888837,-0.0128530446286,0.6275133299348,0.2669443740533,-0.2026174396541,0.0611596032405,0.2560520191093,-0.1584037048172,-0.2642111987575,-0.1878675162681,0.2218783305255,0.3678757853693,0.3338145428422,-0.1185369577295,0.4407217989660,0.2303361951341,0.2602759733911,-0.2427527375286,0.2398029980685,0.1722513786423,-0.0864713405583,0.2326654701350,0.2897399641557,-0.2815382325420,-0.1578545943433,-0.1755754254512,0.2697884787835,0.4369326184446,-0.1507670064550,0.4947976349810,0.0878004685801,-0.1755968306472,0.0958331036655,0.2491084133292,0.2032638855130,0.2103669656987,0.1230726460228,0.0325881449722,0.0806098282182,-0.0491719326272,0.2314755145032,0.6694607807043,0.6023265989298,0.3104127979756,-0.1397539492229,0.2218578271718,-0.0583351756968,0.3136388385030,-0.1673962344623,0.1886179374804,0.2631398909595,0.3001329752636,0.2353508153329,-0.1943548276109,0.0100107372110,-0.2259567503976,0.1981556608263,-0.2134906242097,-0.2483112951315,0.2199094903469,0.1459868575231,0.3057260939126,-0.3112667836020,-0.1039308938516,-0.3432587928897,0.0616157296887,0.4115451425393,0.1436325150558,0.5163633125216,-0.2948000177830,0.2840525383437,0.1445719681833,-0.3280766016401,0.0478389073734,-0.1375474019936,0.5147544756507,-0.2604493038465,-0.3364603420700,0.1998260441345,0.7320695236721
0.2698171990095,-0.1542189957627,0.3025507764590,0.5497326895138,0.1857690881802,0.3317319443360,0.4527756011520,0.0197104936076,0.3347512889058,0.5404486387335,0.6637685623981,1.0000000000000,0.5388200378901,0.1669383015226,0.5742642974159,0.6074980636073,0.5036599981904,0.6796109666176,0.3988779442212,0.3066304117832,0.7947477941258,0.2591402777160,0.8791688916673,0.5579002134201,0.0130829449677,0.2275147779952,0.4910197234512,-0.1662053177219,-0.2587285327189,-0.1129321071602,0.4363971740725,0.5788703659850,0.5643420439910,-0.0777954979057,0.6196582354484,0.4795916712563,0.4177570690521,-0.2454358222273,0.3006193819471,0.2200384000221,0.1357286460909,0.4692158294444,0.4478954870346,-0.3832975999414,-0.1931382912047,-0.0553435655119,0.4462052618362,0.4132045336194,-0.1353760268042,0.7741239556357,-0.0048874207126,-0.3020370619348,-0.0988477426863,0.2672534029454,0.1618943475473,0.0999600017095,0.3898767853447,0.2172243002384,0.2468224631174,0.0179482211593,0.0394049885782,0.7074416432892,0.7014561883968,0.2495572624046,-0.2709461954076,0.0870232919086,0.0263486532369,0.5861702023166,-0.1424879358215,0.4648797828613,0.5053262748601,0.5550165224861,0.5425211775228,-0.0634597461657,0.2517799884276,-0.1690477243108,0.3298863012175,-0.1649312385178,-0.2732333068722,0.4894371851698,0.0738252634318,0.4528208634182,-0.4859541613733,-0.1088442684957,-0.4364902108719,0.1334783253491,0.5214733841992,0.2922432233215,0.3227942268259,-0.2563271508223,0.3075304390997,0.0413599742471,-0.4144615546939,0.2261557272015,-0.3246965540111,0.4793439234077,-0.2719384467856,-0.1747629434907,0.3029715249172,0.4698025399704
0.0215229826278,-0.3657349641320,-0.0552075428326,0.3642585829637,0.0437693622952,0.1152785804914,0.2829860220997,-0.0470036464821,0.3337861276014,0.1360803784135,0.3768795633488,0.5388200378901,1.0000000000000,-0.1768512468643,0.3153847977023,0.4049889554431,0.7659141972824,0.5210614634250,0.3637859756514,0.3236000141079,0.5727969490386,-0.0574466036357,0.4148471026823,0.6182577674201,0.0696603468134,0.0863654609702,0.5450394547386,-0.3872716746168,-0.3397263566658,-0.3440403072025,0.6343304412678,0.3745468842487,0.6880472742133,0.1155208555794,0.3589174608426,0.3799848828422,0.6130710260062,-0.0848523188129,0.4485694983146,0.1854252363123,-0.0759434318551,0.1859553324616,0.3866474442661,-0.4441555665010,0.0331351098372,0.0096418166514,0.4558864259948,0.3340916119789,-0.2758752920324,0.3387009566725,-0.0283035588898,-0.5639671509853,0.2005195820928,0.1662798728462,0.0501139647154,0.3812060278035,0.5427923359785,0.3776713973016,0.1777275297535,0.1506341524141,-0.1653849239653,0.5639807357081,0.5099578239596,0.6148170113586,-0.5266121063004,0.3245330641414,0.2694752323723,0.5544998908608,0.1345018878229,0.5108571949137,0.3789001955033,0.2941381021042,0.4847084891291,0.2323987842591,0.3645701461109,-0.0373402856047,0.6559979918231,-0.4272734279660,-0.3095059246805,0.6042909379846,0.4634731751283,0.6797498870188,-0.5093579715096,0.2339436151596,-0.2637226198582,0.1584307653369,0.6428863253700,0.5128824370615,0.4802728102979,-0.0900288276272,0.4913930378773,0.1372409785244,-0.3585830448862,-0.0826052939128,-0.0185215509772,0.3407388688136,-0.4773541393888,-0.2419742052180,-0.0809554967805,0.3128044452337
0.5828678787618,0.5349175804619,0.5392922955023,0.1889856988111,0.3748533678860,0.1761188852868,0.1272554351238,0.2545263928271,-0.0989786515887,0.2393511621630,-0.0112253743565,0.1669383015226,-0.1768512468643,1.0000000000000,0.4582534873229,0.1382775023547,-0.0153239895341,-0.0050038694031,-0.0126289026546,0.1015218975813,0.1044120103992,0.3566955394960,0.1717363764036,-0.0806921327910,0.1780426908366,0.2340478166494,0.1936867122118,0.4194688384679,0.3729550601816,0.6953611639490,0.0318204534734,0.2433445879089,0.0525811345139,-0.0733037379419,0.0814209474121,0.0630502424639,0.0439993088653,0.2873618122503,-0.0765444346481,0.2214553192898,0.5211599734055,0.2656080772187,0.1991806077497,0.3470792750936,0.1663250752874,0.0821588698760,0.0131062897084,-0.0218705181309,0.5713092795903,0.3926563052226,0.2951509913100,0.4505187444470,-0.2631242717520,0.1708487070102,0.1234368538603,-0.3173541116002,-0.0886503823917,-0.0994030271235,-0.1594959658110,-0.1696339620721,-0.0684204027179,-0.1086054838803,-0.1122711298817,-0.3180540340054,0.4492240996380,-0.3297829955259,-0.2753355181949,0.0558658884809,-0.2666381936993,-0.1469435557229,-0.0248622766257,0.0456742230709,-0.0176808626375,-0.0360623417238,-0.3485183439123,-0.1486990700084,-0.1648654524143,0.4260686149510,0.2131255955759,-0.1464188474539,-0.4257359208755,-0.1336573277489,0.0795411154548,-0.4004923201977,-0.0020790565166,0.0035635697176,-0.0403927841643,-0.2565238522242,-0.2655844827704,0.2674760073588,-0.0679305457315,-0.0015354514742,0.2324141157489,0.3725121739091,-0.3788686337833,-0.0597771720666,0.4618098431695,0.2280194808947,0.1874397866917,-0.1943833685794
0.4881947608441,0.1061500821079,0.6059056151954,0.7377056621376,0.4148775906960,0.4792442339091,0.6789631724330,0.0432326911373,0.0629239212136,0.6092503800599,0.5315211189155,0.5742642974159,0.3153847977023,0.4582534873229,1.0000000000000,0.3784123660927,0.4294627553058,0.2842482071796,0.2041637224654,0.1620852031286,0.4686934428043,0.3114199098652,0.5671123969986,0.3151319924548,0.0618971459250,0.1439194899364,0.4740299015036,0.2353597678111,-0.1835020554634,0.1135169185934,0.3492057955778,0.3357734263520,0.4329739738668,-0.0150192380712,0.4188038648069,0.3668986981791,0.4330732296666,0.0639128928650,0.3921439884551,0.4515837102796,0.3662655479123,0.4538503491539,0.5334387438767,-0.0783362247701,0.0504881760084,0.0590447267779,0.3249812097767,0.4863828308928,0.1574767680581,0.7668211395492,0.3350643568595,0.0073568915823,0.1336136257628,0.5373136997116,0.4136045426590,0.1348255129413,0.1514973582034,0.1550026929723,-0.0883023717300,-0.0693740238608,0.1708000202141,0.3735440593571,0.3123310446225,0.0949024782463,-0.0048153564864,0.1434755706841,-0.1563380315951,0.3977639294028,-0.1998112767758,0.1509267399794,0.1983176728447,0.2649049845670,0.2562452143202,-0.0518335039709,-0.1630982207536,-0.3950047659885,0.1465104594750,0.2150515331449,-0.2603129555186,0.1763075003113,-0.2706842233360,0.2139034946490,-0.2912720587458,-0.2301626689061,-0.3471643428114,0.1534063810997,0.3797343264856,0.0309255511000,0.2883487956597,0.0143494121131,0.4078632814333,0.3060034154821,-0.1976958374225,0.3499070853033,-0.3796025557966,0.4189495268161,-0.1035329842910,-0.0783818210618,0.3321136801277,0.3311536622796
0.1939736529844,-0.1383105002076,0.3134229143989,0.5452912142359,0.1759432876842,0.3136880789750,0.4855418374731,0.1957492315911,0.4751534826068,0.1838881187672,0.3495918471888,0.6074980636073,0.4049889554431,0.1382775023547,0.3784123660927,1.0000000000000,0.4797888129776,0.8056061342772,0.6305482733966,0.4821993056590,0.6756417730577,0.1008826518648,0.5420376182197,0.5615186780749,0.0996813763073,0.3369287028993,0.5728617578491,-0.2360543338472,-0.2337178906747,-0.1150914482043,0.5829166725604,0.5610514269904,0.5035284541170,-0.0914298255028,0.7910851999380,0.7677633681017,0.3734214541573,-0.0810623710873,0.3482649515361,0.1509133024498,0.0055456133410,0.2636709812546,0.5385352815133,-0.3822265263683,-0.0777242277016,-0.1704153533274,0.1703932052849,0.3450738831184,-0.0821668532665,0.4389225931022,0.0103064018040,-0.2842807613859,0.0108122878498,0.2805736580520,0.1755633824676,0.1790254210796,0.5548638349681,0.3603128360954,0.4186835222074,0.1964795494132,-0.1537458880434,0.4602960858671,0.4175025205886,0.2270188938564,-0.3404606549541,0.1311684387946,0.3162018205061,0.6703917833166,-0.0387904379326,0.6130881446411,0.4293983496741,0.2571335462719,0.6704423409497,0.0574563966309,0.3190564981738,-0.1723006864729,0.3855121595526,-0.2494667105521,-0.3243041281441,0.6226741093076,0.0141158365004,0.4605668822513,-0.5143889722450,0.0459360755694,-0.4199559102345,-0.0959616981000,0.4704327312487,0.5460030710981,0.2128209431691,-0.1083378881179,0.3520211942863,-0.1074451565625,-0.4168534190974,0.0479888903348,-0.4480523624432,0.4390164744166,-0.2510020961843,-0.1668886029318,0.1399272287256,0.2392938572531
0.2049962372809,-0.3476910550985,0.2171577711783,0.4636157901058,0.2914106781713,0.2853833107992,0.4260630985372,-0.0972273170047,0.2091270056912,0.1657592278129,0.2747841229071,0.5036599981904,0.7659141972824,-0.0153239895341,0.4294627553058,0.4797888129776,1.0000000000000,0.5402357941195,0.4918613693859,0.3887212002909,0.5579057683069,0.0820411731454,0.4954164946742,0.7810850229427,0.1018747681534,0.1577968455340,0.7323054402305,-0.2405905388278,-0.3054679742071,-0.2713789499243,0.8309082984303,0.3253805037951,0.7349558805718,0.0963927110848,0.4085070875895,0.5910665611660,0.7641550129901,-0.1027300476444,0.4641115859232,0.2714668209231,0.0642382414644,0.2437996097232,0.4445623440584,-0.4771747681699,-0.0038120815575,-0.0058643012905,0.3605851016937,0.3665890557296,-0.0926494805129,0.4271293708118,0.1824330535230,-0.4984307328641,0.1491010968492,0.3443930348636,0.1805203682482,0.2954319302165,0.5318003502419,0.4610411761224,0.1081845184377,0.0392529090449,-0.1619761351922,0.4430965330144,0.4124591074493,0.3553752345248,-0.4176894774228,0.3058215899947,0.2807608741495,0.6804793579916,0.1487551336090,0.5483392376450,0.3930903169237,0.3281727799192,0.5560728670036,0.2083817901789,0.3627902078103,-0.1695167158449,0.5570741621003,-0.2286323211784,-0.2381707047164,0.7320294750074,0.1734494465466,0.6659364970746,-0.4735797955365,0.2137770776016,-0.3501222950190,0.1775906510113,0.6798175674769,0.5266265182791,0.3753870203016,-0.0496632297145,0.6006541592336,0.0778217187518,-0.4174922519191,0.1293512391564,-0.3035636651691,0.3491448135590,-0.3688751875422,-0.0921499928891,-0.0379740838501,0.1576823892824
0.1389568748654,-0.1177851775067,0.1290080945332,0.4402251635529,0.1429918202720,0.1751072328944,0.2830344265666,0.1853649864723,0.5101593815873,0.0956705924803,0.3764117257689,0.6796109666176,0.5210614634250,-0.0050038694031,0.2842482071796,0.8056061342772,0.5402357941195,1.0000000000000,0.5115247902216,0.4476839939464,0.6478016180604,0.0645807986188,0.5915467592042,0.6448639927589,0.0086678282182,0.2452886378267,0.4765396903571,-0.3409814734144,-0.1428762105656,-0.1608484491023,0.5280756639637,0.4820924579500,0.4488901178761,-0.2226938850187,0.6383587814450,0.5545266370390,0.4297783064005,-0.2283755991912,0.3767019602217,0.0357156834978,-0.0473071528066,0.2772912789923,0.3444137829911,-0.4324103345699,-0.1298332389964,-0.2767390717336,0.1047511907354,0.3248213364443,-0.1089322204374,0.4123711309046,-0.0536209898605,-0.3605893648362,-0.1246911284700,0.1042701177220,0.0083744818469,0.0698806468884,0.6085422176207,0.4099392133017,0.4745346200770,0.1528707471606,-0.2150013690905,0.5642064421312,0.5289550524503,0.2838782787115,-0.4006413576595,0.0361932213161,0.1572535835166,0.7888968486121,-0.1251103157391,0.6208044806688,0.4157383723364,0.3062695744586,0.7436242214156,0.0095122156741,0.3769473580019,-0.0722511555165,0.4288989024462,-0.3142862523698,-0.1971791216610,0.6935630794708,0.0813697757198,0.4808766717629,-0.5297718423331,0.0179695323115,-0.3584233929290,-0.1823523132065,0.5599518002746,0.4687310241677,0.2107401525795,-0.1685323491414,0.3719870567633,-0.1613642319752,-0.4697256129798,-0.0054443363825,-0.4299441149328,0.4292750626235,-0.2105018511589,-0.1656592453279,0.1259068274415,0.2299807083009
0.0250809965853,-0.3815918717400,0.0877848564077,0.3857460056647,0.0434842964828,0.2422108376124,0.2806915206892,0.2325177378032,0.6126576271608,0.1711688519947,0.1313248781715,0.3988779442212,0.3637859756514,-0.0126289026546,0.2041637224654,0.6305482733966,0.4918613693859,0.5115247902216,1.0000000000000,0.6773098972559,0.5045698163936,0.1585018242594,0.3746302382079,0.6414905222053,0.3393977642085,0.2454833863996,0.5473316498238,-0.1876657559400,-0.3939604426632,-0.2754150020629,0.5429429005224,0.2963850574301,0.4632965703876,0.1639333553004,0.5319053833290,0.6869177150951,0.2339202426372,-0.0009405454067,0.1466011921078,0.1709181984763,0.0289722721216,0.2323789011385,0.4054638551798,-0.4079264812149,-0.0897738503936,0.1674794681887,0.2361082394992,0.1922183848780,-0.2040931179934,0.3212153350650,-0.0788893809164,-0.4000554536355,0.1518367499328,0.2236909404998,0.1991274329810,0.2803439710212,0.4670853909732,0.5165061631423,0.4195501069409,0.4431837567201,0.0137584603039,0.3129682189225,0.2877163337186,-0.0133234811877,-0.3568559599483,0.1858464284938,0.5182336455446,0.3932624166973,0.4885266508523,0.7254775020918,0.3542829794967,0.2765327785616,0.5183503908558,0.4079471825323,0.4096036316469,-0.0754502262504,0.3733965806307,-0.2385154327005,-0.3807101493313,0.5527207420325,0.0265521789310,0.3737075927803,-0.4175710896867,0.2200720144421,-0.3140206205008,0.0556732169027,0.2561207165714,0.5554134954827,0.0505269851392,-0.0238674176062,0.1495459755309,-0.0477816350260,-0.3292059102099,-0.0608156836818,-0.2466302629400,0.2205184602760,-0.4664816910595,-0.0453193985355,0.0617990449509,0.1175238827218
0.1111676141252,-0.1710593069884,0.1452783943930,0.2045401838460,0.0643847560989,0.2222220442024,0.1178934226791,0.4745987026736,0.6438457503223,0.0749778861710,0.0049066058031,0.3066304117832,0.3236000141079,0.1015218975813,0.1620852031286,0.4821993056590,0.3887212002909,0.4476839939464,0.6773098972559,1.0000000000000,0.3591614709397,0.2499742958278,0.3222225517374,0.5691027549967,0.6688318750750,0.4083598461756,0.5430307811149,0.0612164321767,-0.1674248633629,-0.0259667306241,0.5084689601795,0.3860006728850,0.4582473559270,0.1608128815010,0.3792212524951,0.4784411261242,0.2148191276882,0.3573030884479,0.1644927628328,0.1554850970316,0.0515734224214,0.1563749270236,0.2692027688480,-0.0815982772527,0.2125327432622,0.1862874874628,0.1523914136407,0.1085848460384,-0.0357820813690,0.2397003785388,-0.0639189451506,-0.2372765579664,0.0277600561486,0.1823818968392,0.1476983959031,0.0800828050514,0.4227485543265,0.4537703487355,0.4120561156742,0.4816344559729,-0.0536402460829,0.1668649257326,0.1849525042215,-0.1601543579143,-0.2367816166519,0.0173928773321,0.3487368010559,0.3742438821478,0.3655742868642,0.7192708614788,0.2018649213061,0.2423344004139,0.4745017081760,0.5751192744818,0.2219281327676,0.0653758618649,0.3335751318143,-0.0070839374011,-0.2176974057150,0.4764763614748,-0.0618066404577,0.2684524708492,-0.3784090024561,0.0579691907188,-0.0633907414632,-0.0429262667507,0.1388858794426,0.3959008332714,-0.1482940914501,0.2826092476653,0.0641456015396,-0.0529289204262,-0.0762553643299,0.0349953242859,-0.2307190301775,0.1278685296759,-0.2133173353704,-0.0349795836933,0.0417177578929,-0.0648071926122
0.1795783111624,-0.1570763390173,0.2516722799631,0.4340795845480,0.0916134575396,0.1708421570218,0.4525046439986,0.0824374844622,0.3615496972428,0.3286840732719,0.6150064888837,0.7947477941258,0.5727969490386,0.1044120103992,0.4686934428043,0.6756417730577,0.5579057683069,0.6478016180604,0.5045698163936,0.3591614709397,1.0000000000000,0.1175797510139,0.6801132901331,0.5893701970768,0.0718500795671,0.3464813631170,0.5743877808501,-0.1760810652016,-0.2314656499197,-0.2004826109962,0.4931726765122,0.6113800317838,0.6373555747449,-0.0556089774038,0.7049423613504,0.5688069293996,0.4299351257002,-0.1552879029736,0.2861899729919,0.2030154988412,0.0003011413337,0.2206558241798,0.4789672311809,-0.3470936084336,-0.1336864759384,-0.1462770200279,0.3289622387534,0.3431198777756,-0.0905624263805,0.5588070450382,-0.0408260138330,-0.3005104841080,-0.0262605215837,0.1875529919421,0.0698090961321,0.1407459617081,0.4186436801855,0.2655448739098,0.2841582599061,0.1065720349501,-0.1485665771585,0.6114842916120,0.5274527426604,0.2689789569385,-0.2765797737272,0.1810065700138,0.1184000433406,0.5750060557665,0.0107584608561,0.4797562047234,0.5928314860820,0.3861392215967,0.5770740366737,0.0552738384159,0.3598899459701,-0.1349347277800,0.3313602100093,-0.2290718691503,-0.2669379069783,0.5089012996651,0.0949605495042,0.4958171130688,-0.5547605206703,-0.1401043325400,-0.4252897487832,0.0168708439534,0.5525054007890,0.3894233053974,0.3922711818496,-0.1794286385196,0.3590593335835,-0.0457614169570,-0.3418387498723,-0.0066360974376,-0.3907271000100,0.4481539450696,-0.2849676733230,-0.2264639866950,0.0574243979681,0.4784479895846
0.3363205186654,0.0774343116740,0.3819036825120,0.1214907081622,0.4226103958808,0.5714689268768,0.1356678341724,0.1851911039742,0.0117352955137,0.4407682305665,-0.0128530446286,0.2591402777160,-0.0574466036357,0.3566955394960,0.3114199098652,0.1008826518648,0.0820411731454,0.0645807986188,0.1585018242594,0.2499742958278,0.1175797510139,1.0000000000000,0.3339797428399,0.1386827525859,0.2484611008551,0.0937165311224,0.1494537294484,0.2882659685071,0.0983092676196,0.1403135247123,0.1126890872258,0.1639869552460,0.1994679888827,-0.0697758071095,0.0136763567974,0.0546592882209,0.0366272912606,0.1160691915619,-0.1459126095875,0.1107899948643,0.6249546446172,0.4726028844065,0.0225801670311,0.0491640165124,0.0250566191472,0.4469143041710,0.1822071836008,0.0303743556690,0.3327421468018,0.4210889045481,0.1762082829890,0.1689673028727,-0.1165413525658,0.3077925993266,0.5828876183962,-0.2564916886774,0.0176438654865,-0.0006139209117,-0.0771217371184,-0.0692473202110,0.4184449897363,0.0709214266940,0.0994761900424,-0.3294842752784,0.1622874759620,-0.2094388583387,-0.1355057452878,0.1217019947961,-0.0864920742900,0.0808967901878,0.1553355884163,0.5558703690851,0.1253195642283,0.0620298504976,-0.1266005194709,-0.1986478154868,-0.1340299940343,0.3509820597275,-0.0392676177319,0.0839597720178,-0.3167205933325,-0.0022417550992,-0.0625231786157,-0.2342814500027,-0.1581118241909,0.1830185521760,-0.0670363716083,-0.1547348460741,-0.3744912004642,0.1187827344384,-0.0905538898819,0.0411457834187,-0.0405084680129,0.4550916475753,-0.1762095826052,0.0093769709325,0.1037556801060,0.4871750776332,0.4382013529629,-0.1822335134599
0.3277816147959,-0.0932379691720,0.4167251729813,0.5773669359790,0.2746870986324,0.4386531611726,0.5240204985610,-0.0755372902601,0.2576812517054,0.5096737892740,0.6275133299348,0.8791688916673,0.4148471026823,0.1717363764036,0.5671123969986,0.5420376182197,0.4954164946742,0.5915467592042,0.3746302382079,0.3222225517374,0.6801132901331,0.3339797428399,1.0000000000000,0.5719936233952,0.0242917718145,0.2933160118912,0.5493862737314,-0.1139494050507,-0.1979720955082,-0.0786271610963,0.4701874456452,0.5787330044601,0.5620372569530,-0.0518394283414,0.5545239612420,0.4892372367851,0.4287782130105,-0.2227664876472,0.2938882887719,0.3045341188129,0.1727202862618,0.4602042927023,0.3827303750862,-0.3262062800768,-0.1441217173488,0.0258181609897,0.4381603786092,0.4254227045976,-0.0452855096889,0.7135823131791,0.1237573099064,-0.2354567200109,-0.0195957100265,0.3819669526735,0.3012156447120,0.1193205777612,0.3108938321824,0.1727831073732,0.1304451193067,-0.0529118227297,0.1054979882693,0.6529009893385,0.6641080081857,0.1293245358567,-0.2167713691337,0.0828968371710,-0.0153976600382,0.5536950399749,-0.1570091773035,0.4156189653419,0.4378078124387,0.6518651134328,0.5019793555067,-0.0611270377228,0.1604315438954,-0.1776819255583,0.3331281440626,-0.1489706500177,-0.1975996891613,0.4607608418788,0.0014246508835,0.4293111085742,-0.4696184954773,-0.1295092251105,-0.4211969926761,0.1126418563596,0.4814209530021,0.2695526804211,0.2528965490411,-0.2486477263559,0.3001520203360,0.0273300100394,-0.3973781712917,0.2832632364216,-0.3253231897691,0.4831587274693,-0.1957369726962,-0.1500359053012,0.3016308542241,0.4119325864794
0.0812525695286,-0.3665716914927,0.1697452155542,0.4566929005074,0.1981122441124,0.3223261273077,0.3775603841538,-0.1118815582259,0.3922896186382,0.1570554427697,0.2669443740533,0.5579002134201,0.6182577674201,-0.0806921327910,0.3151319924548,0.5615186780749,0.7810850229427,0.6448639927589,0.6414905222053,0.5691027549967,0.5893701970768,0.1386827525859,0.5719936233952,1.0000000000000,0.1476239194634,0.1971875739316,0.6767120953343,-0.2334514331803,-0.3098838497053,-0.3042063606583,0.7632418910541,0.3654739837153,0.5843919871371,0.0676094512008,0.5397297467013,0.6936762482808,0.6289515439602,-0.1612913618291,0.4437424226556,0.2774101318090,0.0982577936474,0.3544230703872,0.3667208326305,-0.5359975240430,-0.1364525189577,0.0369492210579,0.3128498819798,0.4066691351996,-0.1293137105852,0.4232108425368,0.0473343545930,-0.5000398404613,0.1114089129079,0.2987618375118,0.2119597123564,0.3044002658898,0.6811965178551,0.5768609262234,0.3189236333639,0.1387044816151,-0.0949447319083,0.5533478534061,0.4454198303702,0.1848453177685,-0.4722107530519,0.2598582187871,0.2857032043323,0.6985980107162,0.1791247031315,0.7111947324859,0.4323612187452,0.3821975071719,0.7853203776461,0.2006320474487,0.4552965060661,-0.1320154923826,0.4864243701062,-0.2280798310834,-0.2460846823200,0.8081624533248,0.1071398158313,0.5313480904926,-0.4970942610438,0.1610086991151,-0.3585087400310,0.0337508271971,0.6155695823437,0.6373766402636,0.1988454343245,-0.1208596167380,0.4731657073687,0.0178492084730,-0.4925085408074,0.0893331617281,-0.3758381714529,0.4526242050750,-0.4059883002521,-0.0495025020591,0.0917336836569,0.1598052253344
