1.0000000000000,0.3496618636786,0.6758965030375,0.4140218690335,0.7930133927511,0.5325980006913,0.3295085871821,0.0426423437715,0.0200199234950,0.4442431104968,0.3279424925344,0.4077236029660,0.1055876502633,0.5358798826238,0.4050778768597,0.1252580970005,0.1421497205668,0.1495947051372,-0.0067469285252,0.0808596579713,0.1478673673528,0.3836262296660,0.4120538042000,0.2015237734999,0.0396231278336,-0.1161566515452,0.1735818220682,-0.3882085215419,-0.2033996815057,-0.3565681798243,0.2107694422917,0.2372014766659,0.2690531233846,-0.0087780923289,0.1689616787961,0.1285545044174,0.4836159542046,-0.1957972197635,0.2328978403129,0.0153062701866,0.1715297785674,0.2585991455745,0.0487563247393,-0.1852573134148,-0.0523928240579,0.1746602442874,0.2170752543316,0.4565681553209,-0.0531797810960,0.4155383375927,0.7817715462756,0.5938165608002,0.5458982553105,0.6009005934090,0.5241987536381,0.3346123217885,-0.0082260237027,0.0898242363400,0.1040742064635,0.1189231107588,0.4814729753644,0.4183089717657,0.3495138147761,0.0701105891364,0.5225264370985,0.3850628354757,0.2215170825557,0.2349592319003,0.0614581263729,0.1654451158058,0.2042447788943,0.5442620648063,0.2299223774658,0.1553329148545,-0.1240038842774,0.1322497510572,0.1063478242327,-0.2101993584144,-0.2032685275414,0.2738665514046,0.4249203382976,0.3435238794596,-0.1855952117771,0.0052177845238,-0.0438170257771,0.2173205471671,0.3912757304977,0.3213395069671,0.0176716014457,0.0093665940371,0.3452741183146,0.0696685692720,-0.1344942138740,0.1840150468593,0.4831441998150,0.5037542575984,-0.1121691697162,0.0940912650571,0.3581187038257,0.2450594784478
0.3496618636786,1.0000000000000,0.6039854563206,0.5537676652755,0.4851403024443,0.5703605677031,0.4353233841996,0.0252566934632,-0.1209553493304,0.4495959828385,-0.1388899660528,0.0793615914434,0.0539207195663,0.6082585017365,0.6313037441807,0.2131476939013,0.0346925676558,-0.0513769573334,-0.0153969891531,-0.1228365684744,-0.0904411226976,0.3688288071645,-0.2569098717290,-0.0590764789177,0.0025602423432,-0.2906335610808,-0.3819656071881,-0.1090049416628,0.3357660219134,0.1388645778379,-0.0133111383537,-0.0836651207712,-0.0000166793346,-0.2339682413134,0.1065911252693,0.2927999509359,0.0500017826610,-0.2718584322116,0.0299584635105,-0.3162438934487,0.4267332253480,0.0096961522455,0.1042379894618,-0.0203605355873,-0.0097956023753,0.0531326274329,-0.2356420594307,0.3577720998466,0.3164752630222,0.2608518900119,0.3886496637966,0.5221544532503,0.2995509603318,0.5596820812558,0.4769413195733,0.4245411326149,-0.3321237506254,0.1007122215814,0.1495829051031,-0.0366904647324,0.3631895424546,-0.0580255555435,-0.0855637421553,-0.0536824860799,0.2844114703220,0.2528926468004,0.3851025648461,-0.1285527857113,0.2597544389727,-0.3965371703853,-0.1404847968569,0.1825731955213,-0.1159963251471,-0.1594572669997,-0.2871787518745,0.2913496693933,-0.4212097553614,0.2979284807930,0.3710221679181,-0.1523311106878,0.4167523158673,0.1504455989842,0.1639992670296,-0.0927862011193,-0.1946495868971,0.3653289951969,-0.0393145622946,0.2248552546812,-0.2257192891237,-0.1359987887120,0.0476719964664,0.1510391070864,0.1287862344278,0.3325595199901,0.3786008474418,0.3499128417435,0.2500911136993,0.4830560557825,0.0249183792037,-0.0965399296923
0.6758965030375,0.6039854563206,1.0000000000000,0.5809561823708,0.7168864132478,0.7646312638889,0.5089470257767,0.1442971348600,0.0084708454783,0.4236284931658,0.1124720245787,0.2846454553273,0.1087464626576,0.4920392538138,0.4657857827671,0.2971857758702,0.1456313954902,0.1032410334507,0.0981131999709,0.1423759127932,0.0051274794965,0.3310767208455,0.0254249935026,0.1277309475678,0.2187883859918,-0.2505281252484,-0.0834747000383,-0.2806708338986,-0.0780765189882,-0.1887256665950,0.1814302782819,0.0709721045927,0.1992220822078,-0.1934732642311,0.3652226377349,0.4459917910734,0.3026551531152,-0.1148026719673,0.2376782397741,-0.2600621361277,0.1085384265323,0.0865150569820,0.1254319611208,-0.0775540264056,0.1345859578894,0.0847271604311,-0.0494147430004,0.5199605614721,0.0588218584101,0.2572489245198,0.6908314439809,0.6914374916100,0.5361150619371,0.8016811449099,0.6451548806962,0.5235091810363,-0.0216807465116,0.2617181012528,0.2997440470805,0.1099105140223,0.4970494131797,0.2437473764080,0.1482320374942,0.1199750286508,0.4672588779860,0.3175301873711,0.4506677176911,0.1973697724816,0.2571868318286,-0.0595796800874,0.0985557669249,0.3285359562077,0.1315919344885,0.1560055670532,-0.1514101026795,0.1786721541161,-0.1716070261939,0.0071202836947,-0.0922759399539,0.1585935062476,0.4884177109563,0.3908066803641,-0.1348787811910,-0.0444290632350,-0.0013339172172,0.2470894274778,0.1838525061452,0.4557426935633,-0.2095792924995,-0.0085069505674,0.2366592437125,-0.0117075628470,-0.0272411108945,0.2452223225432,0.4346005976114,0.5640322179672,0.0390880070204,0.1796148192857,0.1378115462265,0.0983087014152
0.4140218690335,0.5537676652755,0.5809561823708,1.0000000000000,0.5918132565234,0.7378218164655,0.8379022723745,0.4432050027320,0.2371881806136,0.4246471370630,0.3761357300020,0.3961653323668,0.4759655044847,0.3756322395191,0.7922550667718,0.6683202632808,0.4022353513153,0.3955021565332,0.2355766132473,0.2508262762707,0.2569015941479,0.3080025311601,0.0403621627271,0.3890168876373,0.0637188075244,-0.2072519596857,-0.1148061840441,-0.3328115097437,0.1111788740177,-0.2750200984695,0.4590978039534,0.1279801284344,0.3201377835072,-0.3114526410085,0.4561496498200,0.3300257137953,0.2840968787403,-0.0562916584989,0.3813748243767,-0.3658261525897,0.1759120909547,0.0542822370886,0.3419239610583,-0.1717441796343,0.1325813340397,0.0706194168900,-0.1068931122083,0.5880884109791,-0.1235016870133,0.4840449574962,0.5030539004153,0.5188640081438,0.8014067524583,0.7181741184250,0.7489453786994,0.8593711054864,0.1381992869556,0.3491717192516,0.4607312065078,0.2718148159730,0.3602580299572,0.4299785294204,0.2524547035501,0.3919016080717,0.2897215757516,0.4889975043569,0.5572790269892,0.3273247131024,0.4842633043965,0.0348349273643,0.1336576666564,0.3388127765639,0.2892151812887,0.0021865391477,-0.0916694010929,0.2363696939009,-0.2797915240312,-0.0497360585706,0.0041314615088,0.3039023519343,0.4712035865527,0.4337141409695,-0.3466281853977,-0.1538311228277,-0.0241295165179,0.1646407197608,0.1171488617533,0.4003116635183,-0.0685703232498,-0.0735421219061,0.2860573990182,-0.0104087478853,-0.1938803132164,0.2221184269418,0.3505000256075,0.5015515422630,-0.0875251338723,0.1990355385109,0.0120450224124,0.3598303853270
0.7930133927511,0.4851403024443,0.7168864132478,0.5918132565234,1.0000000000000,0.7813393865266,0.5677165128111,0.1021464488273,0.0667903552896,0.5765498353775,0.3013541439047,0.4075991007370,0.1368405841702,0.5828984963323,0.6169356388233,0.2416870547952,0.1202881338846,0.1789352730507,0.0122658841681,0.0517228020969,0.1225376003176,0.4960787770678,0.2477288055716,0.2551924427693,0.1342441101229,-0.2666815364395,-0.0422519423663,-0.3480532866640,0.0012354277926,-0.3369428492878,0.2429328037155,0.1588581329360,0.2331955532081,-0.1962116317032,0.2530735965049,0.2128056317225,0.4632931814418,-0.2517024900795,0.2253373811502,-0.2406073071834,0.2227595715771,0.0968101750257,-0.0012473645984,-0.1906766024288,-0.0257399990709,0.1610678296101,0.0560250190362,0.6179992938685,0.1494492543738,0.4260474502636,0.8626688594377,0.5911018609433,0.6090800536120,0.8133452017412,0.7952240800010,0.5005556245954,0.0105031864681,0.2406379929402,0.2351703745444,0.1275354997529,0.6128391846400,0.4565936980397,0.2727009425089,0.1364744269108,0.5334728315196,0.3598058740753,0.2769900240581,0.1768126541191,0.2077018732764,-0.0214715484406,0.0796269242696,0.6074529354226,0.2807747508958,0.1411856739572,-0.2042550996852,0.1520317354784,-0.1838547657916,-0.1256083578552,-0.0162710845251,0.1928079490633,0.4886188730276,0.3681398167354,-0.2672609482913,-0.1795374187036,-0.1542215914454,0.2153474362807,0.3104103027121,0.3469009811214,-0.1123953092260,-0.1485949245103,0.2937569758373,-0.0121433416560,-0.1609717600023,0.3121952868754,0.5268345334444,0.6051011636696,0.0983299430843,0.2523268686014,0.2002294415842,0.2616589004951
0.5325980006913,0.5703605677031,0.7646312638889,0.7378218164655,0.7813393865266,1.0000000000000,0.7529879269241,0.2763984995132,0.1691179463005,0.6307778030614,0.2800117731442,0.4836754072015,0.3104659302855,0.4187731180960,0.6815650297440,0.4232433394679,0.2642205463539,0.2248481785237,0.2185430559277,0.1576758555836,0.1173082841919,0.3766703037848,0.0538672579136,0.2590435777094,0.1405629219527,-0.3172805359985,-0.1621381966260,-0.3159900307244,0.0065766625865,-0.1917480577198,0.2743781061859,0.0919468195038,0.3094013968670,-0.2160775473024,0.4152200975065,0.3894316223179,0.3662763923269,-0.2127495789280,0.2736409368589,-0.3139409888151,0.1053912401478,0.0948072734180,0.1551056238804,-0.1883968093142,0.0265813275267,0.0334272428776,-0.0601792935348,0.6876026486470,0.0544822570473,0.3575177718398,0.6292152076102,0.5577153410174,0.6175886626224,0.8802132243361,0.8991814223385,0.6933357542775,0.0054949279796,0.2892691954834,0.3461978269179,0.2165655834574,0.6049501459759,0.3873754966774,0.2382793006603,0.2929529197855,0.4052445792445,0.4070864533034,0.4625022668571,0.1980214555627,0.3933406954761,-0.0457555831074,0.0381061850636,0.4205234835143,0.2242731700998,0.0657012324065,-0.2630265379266,0.1135943027409,-0.2808678513894,-0.0198847737139,0.0127169639814,0.1925023677660,0.4645948504603,0.3675791079737,-0.2350612179520,-0.1292935326856,-0.1969550644845,0.2477307473832,0.1651411935733,0.4371268144026,-0.1965939003345,-0.1901762342002,0.2701518017301,0.0018191393566,-0.1680606346967,0.2077190200405,0.4366224278342,0.6803308812793,0.0030013076740,0.1929573838041,0.0597624098750,0.2369864634795
0.3295085871821,0.4353233841996,0.5089470257767,0.8379022723745,0.5677165128111,0.7529879269241,1.0000000000000,0.4538951682610,0.3211063344323,0.4808085699822,0.3308488857192,0.4496488783032,0.5107742431428,0.2665425432443,0.7552391778299,0.6102869336268,0.4065015316052,0.3936002823202,0.3787847323781,0.2171658867679,0.2325053819370,0.2658406011277,0.0313901003628,0.4724887042643,0.0633339370048,-0.2651086817701,-0.1016268673774,-0.3463438302179,0.0726898274073,-0.3023590558347,0.5003406652332,0.1137874358610,0.3179306909786,-0.2361758838349,0.6144652166977,0.4126537724646,0.2623227062620,-0.1616808368788,0.3636663503426,-0.2637022739041,0.0918732675310,-0.0171124261155,0.2495858196699,-0.2536643998730,0.0252903783005,-0.0556272653714,-0.0649588411945,0.6044102416870,-0.1582752964046,0.4382817067884,0.5495198260694,0.4391660707129,0.7553683922865,0.7277542640877,0.8151813024528,0.8961688614092,0.1673909369233,0.4127404773089,0.4915071858210,0.3276871218236,0.4524752005786,0.4533917475670,0.3183042006654,0.4806065493622,0.3793305733412,0.5096869420961,0.5354398118528,0.3587577013206,0.4932344442630,0.0813087104979,0.1230739080654,0.3429612863266,0.3397854539698,0.0520211924233,-0.1943237067849,0.0730807179953,-0.2437925687829,-0.1725941459875,0.0006707232689,0.3695140191242,0.3733335561000,0.3863939794518,-0.3990725313187,-0.1416351631111,-0.1304356619925,0.0371427610246,0.0633426341230,0.5704606476344,-0.0629728852309,-0.1981256838765,0.2937737354132,-0.0294277040539,-0.2832840847069,0.0768598674812,0.2857462125300,0.5840389391874,-0.1480477472878,0.1317526503082,-0.0050973845781,0.3676078251569
0.0426423437715,0.0252566934632,0.1442971348600,0.4432050027320,0.1021464488273,0.2763984995132,0.4538951682610,1.0000000000000,0.7743110069360,0.2578069832866,0.3343517800978,0.4516202208926,0.6621720936651,-0.0762692456500,0.1914658754377,0.6114195552707,0.5145061254775,0.7125381787633,0.5848193272866,0.6144011818641,0.3107895843079,0.0444505468793,0.0344350095952,0.5076494893496,0.1495292830323,-0.0021123980763,0.0558901445906,-0.0793058987196,-0.1813405796635,-0.1977653432974,0.4789125782468,0.1206213782262,0.3210791129525,-0.0834490088448,0.4219616807350,0.2373321677414,0.0793845974091,0.3395987932432,0.2246119885862,-0.0812362133797,-0.1552818071616,0.1038311443275,0.2901941810749,-0.1366860666246,0.2798385697149,-0.1301718811493,-0.0294625604001,0.1366235468906,-0.2516658880130,0.0923541090802,0.0286775486774,0.1168371493140,0.4022364570902,0.1973274625082,0.2898179449333,0.5306757405823,0.5590321467295,0.6284053875493,0.7447151229236,0.7976744100194,0.2002255622410,0.3588839068351,0.2530750178811,0.5967622511407,0.0112604333910,0.1285718447298,0.4334516583765,0.5953696349318,0.6986797736289,0.4866535237807,0.3328528609121,-0.0044396766341,0.4700161432205,0.2884145194148,0.1786810045947,0.0374783032228,0.0081859239260,-0.0570160349712,-0.2081444933243,0.4474705174559,0.1149504943313,0.2728101923633,-0.2650149444011,-0.0053129495177,0.2922203339968,0.0141498321429,-0.0553079410009,0.3079049568550,-0.1033687647317,0.1603397283094,0.0462294371052,-0.0005957078053,-0.1932420753507,-0.0808845070452,-0.0578559129700,0.1037751182161,-0.2438861311170,-0.0757121863699,-0.0192020282241,0.3328248684399
0.0200199234950,-0.1209553493304,0.0084708454783,0.2371881806136,0.0667903552896,0.1691179463005,0.3211063344323,0.7743110069360,1.0000000000000,0.2234407461303,0.3963363890261,0.3688212653599,0.5008115566842,-0.1144970233823,0.0186804771993,0.4242111267267,0.3537528190786,0.5540116263450,0.6036859689492,0.6022045072357,0.3056346270718,0.0426308241997,0.1257881551677,0.5094812484844,0.3320638800842,0.1417351664192,0.2106410684183,0.0193693437363,-0.1286496659319,-0.1565630952177,0.3478271474330,0.1321112807169,0.2737845227169,-0.0204801276895,0.3855159121170,0.1917743533179,0.0907924870532,0.2759635442548,0.0556592911134,0.0893704584160,-0.1041537050686,0.0695504584021,0.0560326548744,-0.0851495305416,0.0859846622755,-0.1003298905706,0.0138108961900,0.0617876022471,-0.1727286082636,0.0169154476678,0.0543674432170,0.0002300748180,0.3675506983235,0.1122821317835,0.2134368448874,0.3719066889750,0.5726817411441,0.6024920489569,0.6713619767738,0.9210142178832,0.1722526034048,0.3751292410174,0.1800414787653,0.5267779777951,0.0451282770893,0.0299908443755,0.2549432460983,0.5246309963591,0.6847671171093,0.6156473251446,0.3077046099026,-0.0139341548206,0.5732172241188,0.5519612279343,0.2710251256696,-0.1251422677137,0.1412603975578,-0.0789449973746,-0.1622808478893,0.4563995514261,-0.1074030152526,0.1225551955820,-0.3038884643003,0.0253572867367,0.1304386267590,-0.1495850882949,-0.0078903815120,0.2404788890237,0.0409839038362,0.1181399755963,-0.0372624113817,-0.0936034110440,-0.1945866272357,-0.1450104983124,-0.2087815956900,0.0448247865254,-0.1494271536440,-0.1737727680631,-0.0049570927649,0.3248413304379
0.4442431104968,0.4495959828385,0.4236284931658,0.4246471370630,0.5765498353775,0.6307778030614,0.4808085699822,0.2578069832866,0.2234407461303,1.0000000000000,0.2628798343172,0.6550689201956,0.3884628355564,0.4618557880902,0.5473411640975,0.2233016386320,0.4237357145125,0.2521458514815,0.2399247581472,0.1902326516184,0.3769027223115,0.5214929983299,0.1776643801241,0.2684139679797,0.0853570060330,-0.0888242422010,0.0994468413684,-0.1272132513753,-0.2020450165808,-0.1734224175565,0.2710070515176,0.2419424258284,0.4874392670605,0.1695379202046,0.1737746517652,0.2203319570146,0.3241140352663,-0.2273883448335,0.0494460472357,0.1424522703657,0.1743289128207,0.3451470859769,0.0017997408635,-0.1420939098750,-0.1073413736723,0.1966910061590,0.2331791194749,0.3814234495415,0.0602247376251,0.5462330580250,0.4838207269016,0.3761535356002,0.3563782627605,0.5005675160689,0.5831928653278,0.3616416308849,0.0249476620522,0.1335231648681,0.1844544837235,0.2439261672977,0.7914949450310,0.3172660833636,0.3444078873677,0.2451295469656,0.4060927744881,0.2571234662165,0.2101030900478,0.2908982467704,0.2282578244798,0.1274139899065,0.2477398134123,0.4294131417234,0.2584245291328,0.2121725736185,-0.1788851120594,-0.0639357258902,-0.0209313569405,-0.0699571433282,-0.1460770465251,0.2783143752527,0.2665090967199,0.2530313886565,-0.1856690220399,-0.2360386536105,-0.2791552371269,0.2221612054046,0.1006463989698,0.2274464305299,-0.1331800086251,-0.2451361019348,0.0463647885806,0.1750606251131,-0.1840397749350,0.0259327209123,0.3010150274554,0.3790892383722,-0.1447683650774,0.2150318785762,0.4186637707355,0.4043400132125
0.3279424925344,-0.1388899660528,0.1124720245787,0.3761357300020,0.3013541439047,0.2800117731442,0.3308488857192,0.3343517800978,0.3963363890261,0.2628798343172,1.0000000000000,0.6708120445934,0.4811626721206,0.1122716774406,0.2796222159160,0.3487113520183,0.4270356863206,0.5532191975812,0.1438625065594,0.4040100367688,0.5977115251306,0.2929042031487,0.6761223934510,0.5093479324454,0.1001581856315,0.3425134130391,0.5585936421824,-0.1561470480634,-0.0250213025133,-0.3035164612409,0.5012179485802,0.4335861167519,0.4800752740671,0.0545141807193,0.3473605946910,-0.1108307484672,0.4864370476324,0.1950226805727,0.3479189919500,0.1566594090299,0.0470135742773,0.2492944526201,0.2214102041084,-0.0989338651265,0.1198915527294,0.2384260770767,0.3097377753231,0.3763177729726,-0.1725554392951,0.4131054736812,0.2787862221105,0.0617629426422,0.5099130318012,0.2703791982120,0.3071898757180,0.2789188727925,0.4306409149910,0.1305634925867,0.2001281845532,0.3725236702001,0.1811048040192,0.8105174129319,0.5118539756846,0.3611789227410,0.1434571310170,0.2958229704554,0.0555596031634,0.4735932273274,0.1769168680026,0.6007544081026,0.4499992005037,0.3509830263255,0.5426513886408,0.3756867872597,0.2043002968190,0.0232794401836,0.3879413745244,-0.2422727978788,-0.1634616700041,0.5235531816015,0.0787671146188,0.2757745779461,-0.3319826970903,-0.0193874452914,0.2069331601017,-0.1906974321525,0.4341396387909,0.2085662945515,0.3213599862114,0.1016890419201,0.3428271874211,-0.1304780246064,-0.2788520171242,0.0031922664965,0.0312351510100,0.2958637465972,-0.1073742845175,-0.1976120830259,0.1677849593651,0.5513426733776
0.4077236029660,0.0793615914434,0.2846454553273,0.3961653323668,0.4075991007370,0.4836754072015,0.4496488783032,0.4516202208926,0.3688212653599,0.6550689201956,0.6708120445934,1.0000000000000,0.5945034373533,0.2446519336026,0.3866337317369,0.2810867027207,0.5996508659336,0.5514021648949,0.2725888427203,0.3480817560916,0.5705175448919,0.2812016123320,0.5525974614111,0.3865254154968,0.0103457137610,0.1216856177510,0.3445130713273,-0.1630248689807,-0.3006395555498,-0.2710058841850,0.4071627561419,0.3906911107208,0.5970943679807,0.2471413707665,0.3590665545234,0.0824745161544,0.4072588510427,-0.0650978237823,0.1916544316193,0.2374559266669,-0.0574903117154,0.4092336205757,0.0884298661774,-0.2063965509189,-0.0236293524584,0.1443079131448,0.3277636132825,0.4188820112305,-0.3060213273405,0.4975517361214,0.3934491193835,0.3169469908872,0.4802518787384,0.4004081252837,0.4323181773254,0.3787619844510,0.2724118398984,0.1946035097256,0.2867546211934,0.3889837547050,0.5503592347978,0.6767327227593,0.6918653055380,0.4290644942496,0.3469793876481,0.3031788694109,0.1054648539426,0.5533315401392,0.2053938727674,0.4564879305746,0.5584863698381,0.4064588219456,0.3844023103834,0.2812098392673,-0.0536695002074,-0.0352094370229,0.2366175909202,-0.2630892888137,-0.3257763348576,0.4722661977425,0.2175824982393,0.3365907508296,-0.3332541475192,-0.2044967757574,-0.0129615136453,0.0146701922927,0.2195080447104,0.3010349393901,0.0136300314369,-0.1250240716568,0.1535616756889,0.0709085587045,-0.3093362632846,-0.1483700848361,0.1512940968700,0.3716141620781,-0.3887850048733,-0.1568539040681,0.3637626984606,0.5906686269417
0.1055876502633,0.0539207195663,0.1087464626576,0.4759655044847,0.1368405841702,0.3104659302855,0.5107742431428,0.6621720936651,0.5008115566842,0.3884628355564,0.4811626721206,0.5945034373533,1.0000000000000,-0.0160378889612,0.3481362175381,0.5357810561445,0.7143759573565,0.5609978414770,0.3452015036239,0.4534662586239,0.4599280566509,0.2265522924956,0.2183147795607,0.5508587628743,0.0502411464911,0.1258949059365,0.2731580964472,-0.1905848321417,-0.1563091734424,-0.2766663147299,0.5154709445274,0.3731017016497,0.5923329017923,0.0779890386520,0.3718132573770,0.1996713103170,0.2491979687196,0.2044491721077,0.2943082223293,0.0152374673959,-0.1312425852328,0.0599721017057,0.2629149810484,-0.1772546682312,0.1827343238275,0.0697565741019,0.1842724416789,0.2101555978101,-0.3073678186498,0.3256839421028,0.1283100591790,0.1564386494739,0.4646299952100,0.2207814071729,0.3750829818077,0.4848406340983,0.5602550241630,0.3790264709873,0.4413216440209,0.5262149094851,0.3257920202589,0.4959351559954,0.4980443375826,0.8468295001972,0.1038054499723,0.2961126446564,0.3358746764501,0.6423637448426,0.4246782618857,0.4076173010971,0.4190106517519,0.2085130942311,0.4855021143007,0.2839304988651,0.1200444934373,0.0637570650822,0.1456766348396,-0.1845601537623,-0.2538629469414,0.5012003078151,0.2168347433431,0.4849384444830,-0.3419254724910,-0.1147478800056,0.2320135707265,0.0229455971941,0.0816862556669,0.2639770902645,0.0461173795723,0.0973807478467,0.1622628546652,-0.0094948058478,-0.2745209346723,-0.0709804858316,0.0912437093622,0.1946170345726,-0.2941906321281,-0.0302449662943,0.0347820733997,0.4376587986737
0.5358798826238,0.6082585017365,0.4920392538138,0.3756322395191,0.5828984963323,0.4187731180960,0.2665425432443,-0.0762692456500,-0.1144970233823,0.4618557880902,0.1122716774406,0.2446519336026,-0.0160378889612,1.0000000000000,0.5726146465906,0.1751972852901,0.1928687386283,0.0941405891597,-0.0097863309903,-0.0216531131761,0.2138358174261,0.5342664133023,0.1942048405917,0.1028439892904,-0.0884021225312,-0.1676640622190,-0.0261485489430,-0.1214490821645,0.1339835857128,-0.0461445882384,0.2124624107972,0.1113987310643,0.2070235043681,-0.0511974528783,0.0787775777921,0.1171604120740,0.2959540167116,-0.2913167983485,-0.0226266523533,-0.0233549577939,0.4530910551927,0.1935439029744,0.0179377872730,-0.2054545189144,-0.2315010247974,0.2562718438961,-0.0243149849044,0.2969129602996,0.3658685983406,0.3972006259854,0.5175153429555,0.4305162885457,0.3412418077445,0.4542049771307,0.3653771920770,0.2576443125495,-0.2846060917525,-0.0241171845031,0.1081734603563,-0.0542889866529,0.4136868165639,0.1761052547434,0.1206891926187,-0.1625364474597,0.5915263517343,0.1925379675050,0.1943364244362,-0.0025656062882,0.0840181693302,-0.1246519476809,0.1756389175040,0.4367916833253,0.0645683194690,-0.0632840427223,-0.1076325348293,0.1354513171157,-0.0984257992737,0.0876094229792,0.1982298861694,0.0928891614451,0.2997818827265,0.1392750814369,-0.0239612135761,-0.1956632776361,-0.2924500352649,0.2439387323514,0.1599839811369,0.1479518339736,-0.0276309171626,-0.2696263914758,0.0135755692100,0.1741670450583,-0.1229082072701,0.3170623054684,0.3101264161406,0.2801010069543,0.2236306294672,0.4209758575460,0.3176487938267,0.1491505686910
0.4050778768597,0.6313037441807,0.4657857827671,0.7922550667718,0.6169356388233,0.6815650297440,0.7552391778299,0.1914658754377,0.0186804771993,0.5473411640975,0.2796222159160,0.3866337317369,0.3481362175381,0.5726146465906,1.0000000000000,0.4715598767161,0.3425575734789,0.2217818955899,0.1122967514709,0.0736614469678,0.2953566316767,0.4542780888170,0.0773674635662,0.3985142442084,-0.1480538919144,-0.2801597647492,-0.1277563754900,-0.3773801700809,0.2456581035764,-0.2817944919968,0.4030565493448,0.1059673406986,0.2548397247544,-0.2552779099342,0.3180930819548,0.2710781048242,0.3577750760915,-0.2959714831535,0.3156965775636,-0.2715005522483,0.3426915043561,0.0836281763580,0.3033687694024,-0.2973795916084,-0.0858619320517,0.1099274390082,-0.1066909001339,0.6549345718361,0.0775005377119,0.6125396241940,0.5443727076839,0.4098446303647,0.6370834569966,0.6823832881527,0.7130360371376,0.6628527332001,-0.1591631961663,0.0727402224183,0.1890387277893,0.0923522124776,0.5210506173980,0.3901188317067,0.3087051104666,0.1958023686413,0.3924194397948,0.6308446907318,0.4483139529298,0.0930875278193,0.3210673347350,-0.1317682800575,0.0768143969481,0.5284858589870,0.2574671202806,-0.1253689105850,-0.3036938868557,0.2615121711828,-0.2568179080161,-0.0601959079446,0.2021614784045,0.1889328833438,0.4935209950820,0.3402088123870,-0.2424930066951,-0.1556403558095,-0.2240842747995,0.2618226783571,0.1982567362404,0.3785122854747,0.0195883666942,-0.2293978782366,0.3185753915140,0.2227429566266,-0.1959656101603,0.3315917315746,0.4825849518995,0.6053873936437,-0.0051763101296,0.4062691586518,0.1477827441472,0.3189834097119
0.1252580970005,0.2131476939013,0.2971857758702,0.6683202632808,0.2416870547952,0.4232433394679,0.6102869336268,0.6114195552707,0.4242111267267,0.2233016386320,0.3487113520183,0.2810867027207,0.5357810561445,0.1751972852901,0.4715598767161,1.0000000000000,0.5933767976711,0.5558077408870,0.6090068011722,0.5883309010528,0.4384313449691,0.1186640833646,0.1082488113013,0.6190297433119,0.0498114507289,-0.0230717072571,0.1658529006909,-0.2647530599262,0.0218629858995,-0.2452252324815,0.8095754433242,0.2473584945469,0.4541893871175,-0.2240174692925,0.5981027334120,0.5385104233897,0.3413500791014,0.2631571975915,0.4475318984695,-0.2515264918787,-0.0225219800263,0.0520923304120,0.6505959897941,-0.2245194206529,0.2442578533446,0.0441653084023,-0.0240087483137,0.2856785249105,-0.2050251237255,0.3086538514445,0.1295609944175,0.2220843915495,0.5518499778697,0.3549165163220,0.4353762002500,0.6568778275682,0.2892440905494,0.2668026260398,0.5320516625389,0.4453056817486,0.1392218729421,0.3202344241529,0.2033335169966,0.3746736074674,0.0184608419849,0.3914548480806,0.7813055535187,0.4153523798480,0.6409689710346,0.3224553309400,0.2433097405481,0.1773601946412,0.4687271063385,0.1077602648968,0.2832378375041,0.2489034666140,0.0507711036265,-0.0784212608621,-0.0632755719846,0.5754935771659,0.3276306676803,0.3968431202485,-0.3568134288807,0.1687849866938,0.1911330276475,0.0935745940483,0.1647914954376,0.3942598861176,0.2016232928005,0.0995063752440,0.2199997940681,-0.0265267705295,-0.2579515833114,0.1117697480701,0.1611372240322,0.2374566953929,-0.2353016404885,0.0181960627720,-0.1237413780158,0.3088134566633
0.1421497205668,0.0346925676558,0.1456313954902,0.4022353513153,0.1202881338846,0.2642205463539,0.4065015316052,0.5145061254775,0.3537528190786,0.4237357145125,0.4270356863206,0.5996508659336,0.7143759573565,0.1928687386283,0.3425575734789,0.5933767976711,1.0000000000000,0.6522878621784,0.4655016378712,0.5486094114983,0.7096443753509,0.1865427395964,0.3179029522584,0.5742771409845,-0.0514600114850,0.1263877582055,0.3932738170169,-0.2307040600848,-0.2848296525257,-0.3362733018830,0.7086449768501,0.3775711716050,0.7434347192652,0.0387864979402,0.3553664504240,0.2360789316716,0.3004447393432,0.1015121485901,0.2508813457629,0.0865935811201,-0.2173649736705,0.1619927505061,0.3027031451815,-0.2994906302063,0.0325286077005,0.0674858554788,0.1540871964154,0.1698049855964,-0.3107422171675,0.4158312519615,0.1572948061674,0.2240343856738,0.4164406595284,0.1612399838457,0.2584676846560,0.3662026154945,0.3548188510890,0.1708158250950,0.3770299350209,0.3441604612485,0.3300441688753,0.4012072883674,0.4670521157888,0.4627893605643,0.2487259960492,0.3463885479647,0.3091114974739,0.7045839248312,0.3101587078455,0.4759758788796,0.6555538980551,0.2324943351755,0.4764007890341,0.2672335593207,0.2949332845914,-0.0242575112344,0.2507215746917,-0.3051602902996,-0.3593188277675,0.6990806087846,0.1702530866822,0.4612112867596,-0.4275279406840,-0.1279524457970,0.1347012194125,-0.0525575228155,0.1262446788755,0.1853286431964,0.1387181427610,-0.0151592220011,0.1458144409455,-0.0613515106412,-0.3828085705111,-0.1916955028622,0.0126774867750,0.1305038418162,-0.3771056789516,-0.1278401836363,0.1759078739165,0.5649554729237
0.1495947051372,-0.0513769573334,0.1032410334507,0.3955021565332,0.1789352730507,0.2248481785237,0.3936002823202,0.7125381787633,0.5540116263450,0.2521458514815,0.5532191975812,0.5514021648949,0.5609978414770,0.0941405891597,0.2217818955899,0.5558077408870,0.6522878621784,1.0000000000000,0.4359163892032,0.4950370595441,0.5289755461708,0.1169378539671,0.2935686559941,0.5532633707038,0.0131368528401,0.1234035933815,0.3237788371034,-0.0944474313500,-0.1955744165942,-0.2684574362697,0.6328860677338,0.2126716528351,0.4262616546469,-0.0125467531227,0.4392837309410,0.0482169818192,0.2521485377019,0.2549263090277,0.3179512800365,0.1018610899155,-0.1458704301518,0.1605209301107,0.2270955263653,-0.2467797001255,0.0977269733214,-0.0773957279467,0.0654514945189,0.1949888030969,-0.2035962670325,0.2683282422457,0.1618431417821,0.1043165453446,0.4344866207718,0.1619351289265,0.2274585119120,0.3986931383293,0.5572352213582,0.4336864164977,0.6050728106720,0.5199160238172,0.1249862285872,0.5377116936998,0.3285734568020,0.4091352238759,0.1634487561437,0.1689429243144,0.2351086570992,0.7560128020881,0.4144197926437,0.5881923977483,0.5491736312648,0.0798810238335,0.5612619419278,0.3048542590324,0.3262793733253,-0.1265250086293,0.1942703789546,-0.2676734239669,-0.2711392329868,0.6274565180753,-0.0101279846649,0.2472045926269,-0.3646548435529,-0.0327187173753,0.2784866665101,-0.2168960369224,0.1423445558326,0.2581479434346,0.0639432740116,0.1126129056052,0.2127014164643,-0.0906267315304,-0.3791831185637,-0.1701421895386,-0.1804894309102,0.1245107067621,-0.1959972397612,-0.1804006225916,0.0953260674555,0.4822572528768
-0.0067469285252,-0.0153969891531,0.0981131999709,0.2355766132473,0.0122658841681,0.2185430559277,0.3787847323781,0.5848193272866,0.6036859689492,0.2399247581472,0.1438625065594,0.2725888427203,0.3452015036239,-0.0097863309903,0.1122967514709,0.6090068011722,0.4655016378712,0.4359163892032,1.0000000000000,0.5874313685028,0.3166695187893,-0.0977045794742,0.0339061788867,0.4850213823835,0.1592588085038,-0.0439581988957,0.1227783814877,-0.1620766124152,-0.1642002911404,-0.0865646653579,0.5092241743729,0.0736051515428,0.3114203479570,-0.0414603949072,0.4906610686471,0.5486011077764,0.1578847013492,0.1101573146130,0.1255243298284,0.0157062635532,-0.1429484642733,0.1341043665237,0.3408403686331,-0.2020374624200,0.0397187640635,-0.1367519532841,0.0017166810256,0.0510683503447,-0.2320686600724,0.0797608350281,0.0033442528882,0.0608398364848,0.2855209199652,0.1302260461777,0.2172831348545,0.4169652072823,0.1655255096828,0.3162458518638,0.4953611212543,0.5458508103633,0.1856536922662,0.1192195129749,0.1238087479491,0.3195779138717,0.0597485043392,0.1802477255393,0.5116067182036,0.3552786032885,0.6812960302112,0.4264395617261,0.2219349724399,-0.0318000138416,0.3657684450877,0.2467462154073,0.1589811643573,-0.0999497629290,0.1402455230879,-0.1389635949814,-0.1680749983485,0.4751042367262,0.0197894424025,0.1227378205907,-0.2835595849750,0.2050183414654,-0.0672619047145,-0.0830511898842,-0.0175221016619,0.3389936356561,0.1021102048407,-0.0767282115639,0.0077860697637,-0.0527709101656,-0.2248761341994,-0.2270417843874,-0.0783268859384,0.0678553344550,-0.3444996455229,-0.1756908405660,-0.0298792831069,0.2265422051561
0.0808596579713,-0.1228365684744,0.1423759127932,0.2508262762707,0.0517228020969,0.1576758555836,0.2171658867679,0.6144011818641,0.6022045072357,0.1902326516184,0.4040100367688,0.3480817560916,0.4534662586239,-0.0216531131761,0.0736614469678,0.5883309010528,0.5486094114983,0.4950370595441,0.5874313685028,1.0000000000000,0.4552766083117,0.1119990782802,0.3472189681144,0.6274835894634,0.3961892509330,0.3543014581078,0.5063054890118,-0.1211493657932,-0.2149334775560,-0.3306356147677,0.6006087253795,0.4173660931961,0.5132441342933,0.0195895527743,0.3333983966189,0.3502862966927,0.3712913196816,0.5244036435515,0.1994750300543,0.0792542099853,-0.1229256162175,0.1461742506082,0.2818686830653,0.0117889946812,0.3023988754924,0.1269061125128,0.1290872066534,0.0862873371917,-0.2013967518000,0.1065334689504,0.0330454844841,-0.0523235892376,0.3355649366489,0.1200319807736,0.1728318498328,0.3022312733578,0.4768359144083,0.3016200091939,0.4767239085009,0.6163421602278,0.1284660185422,0.3110685922258,0.1771706870823,0.3495420752531,-0.0633836054957,0.1918068706669,0.4074285689174,0.5224810316042,0.5917129833873,0.7295992206949,0.3715057799782,0.0901488335444,0.6258620534560,0.5895540569792,0.3699898914716,0.1470015418830,0.4567606653094,-0.1382301155098,-0.3039003502362,0.6557259697863,0.1278941321572,0.3454208833598,-0.3996242772038,0.1036778018994,0.3293793199471,-0.0245856272210,0.2742972326532,0.2375885049524,0.1984477230580,0.3695045074089,0.1023969992809,-0.0027472235564,-0.0439581998180,-0.0185683203092,0.0031402451664,0.0741300332490,-0.2705834427745,-0.2191419380895,0.0203535288831,0.2736221745713
0.1478673673528,-0.0904411226976,0.0051274794965,0.2569015941479,0.1225376003176,0.1173082841919,0.2325053819370,0.3107895843079,0.3056346270718,0.3769027223115,0.5977115251306,0.5705175448919,0.4599280566509,0.2138358174261,0.2953566316767,0.4384313449691,0.7096443753509,0.5289755461708,0.3166695187893,0.4552766083117,1.0000000000000,0.2248868156052,0.4864427994039,0.5731061147480,-0.0039213960475,0.3501475374853,0.5440738306554,-0.1892239726316,-0.1584188871686,-0.3015282583338,0.5878145542001,0.4918724081429,0.6127661136713,0.0405295881005,0.3441795149765,0.1291993265122,0.3607072650645,0.0216078713985,0.1626392812199,0.0963213337739,-0.1431420043995,0.2155340829183,0.2315562913444,-0.2260815064816,-0.0192191961780,0.2895641873379,0.2393556747326,0.0861902478964,-0.2602776005067,0.5207576227025,0.1259674603436,0.0936705463952,0.3149802109203,0.0688749406963,0.0969306503938,0.1566374650021,0.2955359112385,0.0146058857919,0.1840455922995,0.2993197240850,0.3164665509703,0.4396686168776,0.4608264015923,0.2452692042244,0.1414686437943,0.2655565687698,0.0607088236285,0.4724720237746,0.1774401222009,0.5062204106665,0.7102902696203,0.3305218990337,0.5746489583460,0.3519674427065,0.3847830966780,0.0831657077457,0.3221648190908,-0.3433242609930,-0.2884464816476,0.5506766921426,0.1006767557805,0.3813024389652,-0.4480155034638,-0.1727263554518,0.0997664653303,-0.1748025954734,0.2613588731678,0.0892595385316,0.3887440736173,-0.1238930338650,0.0602736503270,-0.1429589478133,-0.3748081651233,-0.1645374464619,0.0264317121460,0.0294053656866,-0.2981569942246,-0.2111356466902,0.2226469158648,0.7302658545438
0.3836262296660,0.3688288071645,0.3310767208455,0.3080025311601,0.4960787770678,0.3766703037848,0.2658406011277,0.0444505468793,0.0426308241997,0.5214929983299,0.2929042031487,0.2812016123320,0.2265522924956,0.5342664133023,0.4542780888170,0.1186640833646,0.1865427395964,0.1169378539671,-0.0977045794742,0.1119990782802,0.2248868156052,1.0000000000000,0.3946916904615,0.2807247449620,0.0440351858107,0.0081403710067,0.1461842539769,-0.1217143630852,0.2294400308675,-0.2215596795623,0.1567258025407,0.2117006050833,0.2547645276813,0.0391453760021,-0.0283878579034,-0.0416689188644,0.2757748908260,-0.0414904760207,0.0361603465774,-0.0056262547712,0.5238534726320,-0.0193001198058,-0.0667834955925,-0.0634649595685,-0.0876445932556,0.5568329049183,0.1845198651649,0.2346466009840,0.5002971452991,0.2500210287037,0.3944493779103,0.0764626944604,0.2818229753712,0.3394679668401,0.4331078079272,0.2296938981379,0.0556455780479,0.1289236961603,0.0991560262399,0.1154113974173,0.5134579380818,0.3127332349655,0.2082286418712,0.1225064633957,0.2715077874373,0.1737705116584,0.0923340641594,0.1052152357424,0.1660365829407,0.0135124582614,0.1335878405670,0.6120804791462,0.3067935588016,0.2120911106513,-0.0000744585393,0.1218697283597,0.0232622314886,0.1051988170178,0.1805963426075,0.1360260823533,0.2560392458578,0.2611382887523,-0.0783121709986,-0.1894041282844,-0.0806613459077,0.2296813816076,0.2239003230915,0.0865207430040,0.0840309242061,0.0027631158656,0.1438487631747,0.1047057399491,-0.0194110274591,0.4548028394939,0.3820949800962,0.2582727846649,0.4174468507205,0.6008345992371,0.2404142834710,0.1505750764562
0.4120538042000,-0.2569098717290,0.0254249935026,0.0403621627271,0.2477288055716,0.0538672579136,0.0313901003628,0.0344350095952,0.1257881551677,0.1776643801241,0.6761223934510,0.5525974614111,0.2183147795607,0.1942048405917,0.0773674635662,0.1082488113013,0.3179029522584,0.2935686559941,0.0339061788867,0.3472189681144,0.4864427994039,0.3946916904615,1.0000000000000,0.3903788993615,-0.0092455733506,0.3552698142046,0.6704003993839,-0.2693567091608,-0.1889488567219,-0.4333151006307,0.3660218340156,0.5192727283462,0.4955416542426,0.2734143864456,0.0538134480128,-0.1820595181073,0.5111417131803,0.1057725672005,0.1712048700342,0.3541110305618,0.1096219229703,0.2976669840885,0.0748962738272,-0.1172739713533,-0.0422722116236,0.4379913107914,0.5324503090147,0.1429472876913,-0.1452384117308,0.2941251324321,0.2393783458813,-0.0435368189664,0.2910063566795,0.0668259857971,0.1264320339374,0.0340685342175,0.2563680900671,-0.0714958572953,-0.0316236084025,0.1485174587730,0.1531921024167,0.5517801333356,0.5047035106803,0.0915897399707,0.1786997620737,0.2164784413373,-0.0792596917950,0.3162318789811,-0.0303559347261,0.5834372105730,0.3994703545369,0.5397332046932,0.4371414564815,0.3282830460496,0.1883255468514,0.0618721204539,0.6140332346739,-0.3351600712314,-0.2700695658534,0.4855219666818,0.1276626918014,0.2915482423370,-0.3168055889739,-0.0023480149798,0.1300647698842,-0.0463885268155,0.4628918713952,0.0445629696102,0.3874609630568,0.1171896223064,0.2545925002210,0.0298568412058,-0.1553900682497,0.0620997629109,0.1783225102795,0.1395899312530,-0.1899040971961,-0.1474230168177,0.2987581308735,0.3919714936374
0.2015237734999,-0.0590764789177,0.1277309475678,0.3890168876373,0.2551924427693,0.2590435777094,0.4724887042643,0.5076494893496,0.5094812484844,0.2684139679797,0.5093479324454,0.3865254154968,0.5508587628743,0.1028439892904,0.3985142442084,0.6190297433119,0.5742771409845,0.5532633707038,0.4850213823835,0.6274835894634,0.5731061147480,0.2807247449620,0.3903788993615,1.0000000000000,0.0245570283435,0.0846884445985,0.4848418754443,-0.3977385109946,-0.0220189722937,-0.5326552038620,0.7249982080149,0.2705687319640,0.4525172217548,-0.1681106517489,0.4909315786949,0.2907722702668,0.5768901392091,0.1384751279456,0.4404490334378,-0.0202614047522,-0.0509771908677,-0.0362244400272,0.3372931417136,-0.3676618950653,0.0121650021240,0.1018584162317,0.0303205348754,0.3407253583742,-0.1059595010445,0.3034906117432,0.2747274554385,0.0304490264619,0.5531109811146,0.2774924139805,0.3879391671279,0.4716674778509,0.4550138863254,0.2160551509982,0.3747180227341,0.5573182414545,0.2889541270509,0.5417450399146,0.4038357606265,0.4606898104484,0.0983666835197,0.5057556935826,0.4181137763268,0.5168931875646,0.4962553941682,0.5993836198857,0.4139464710937,0.3998580464993,0.8662962464944,0.4358300659760,0.1863403859463,0.0455246353735,0.3349593929092,-0.3481977215546,-0.1302211906863,0.7181092194495,0.1170161956340,0.3825004083405,-0.5115174689810,0.0945906886510,0.1558196685958,-0.1295861236723,0.4784731777655,0.4518372251015,0.3905565672548,0.0952745751938,0.4248879043436,-0.0386335446611,-0.3394937241871,0.0416894674379,0.1247523363737,0.3484732705408,-0.1527433586866,0.0065536944991,0.0607688069504,0.4594533010587
