1.0000000000000,0.1386977629635,0.8376290678739,0.5280297788140,0.7889562727467,0.6342387722462,0.2300161597436,0.4439543120729,0.3346646940798,0.3514772170003,0.1912750470239,0.2348508611129,0.3475821699558,0.6132716531963,0.3202981359125,0.3243894696160,0.2522826940350,0.3515130376215,0.2701943312876,0.2515973403914,0.2601440386133,0.3454687575956,0.0168783464943,0.3371165417652,0.2803781598746,-0.0114175465687,0.3062776427913,0.0528344779217,-0.4520832679392,-0.3376681786697,0.2742269497661,0.2794591107993,0.2772833244542,0.0017251127253,0.2751196184950,0.2428965483387,0.3583311809420,0.3563372840175,0.2280086110864,-0.2618451799260,0.1619957887897,0.2499598339942,0.2011240018217,0.0249469639424,0.2461929726706,-0.1038428505835,-0.0202273670382,0.2834122521112,0.3016977975453,0.2865673365523,0.8394017795608,0.6433298952425,0.2389128217160,0.6808285640611,0.5365147356999,0.1560110590904,0.3822967323418,0.2956175342697,0.4393440533028,0.2144862584982,0.3660610583477,0.4063439014717,0.3653493960559,0.2224176908747,0.6483197284646,0.2076600419019,0.2691191864078,0.2899306127186,0.2425849108665,0.3442945640711,0.2236959511527,0.5029013985513,0.3256210291397,0.4548697950495,0.2767216291091,0.0653043888626,0.1213778920871,-0.1014415341588,-0.4057416045515,0.0953356886903,0.3521665160460,0.3475424600408,0.0104093060252,0.0901358857563,0.4566402340891,0.1252425730172,0.2840822041333,0.3486894868142,-0.0170253919925,0.2753791876077,0.2776885890391,-0.2486464921489,0.1754628881829,0.5414860278324,0.4289728611777,0.3235188481131,0.1412306161975,0.3679024495389,0.5154274315393,0.0126729558546
0.1386977629635,1.0000000000000,0.3495701787884,0.2350494463134,0.4846395718208,0.3199136823866,0.2176633504963,0.1176678428787,0.1014750689860,0.3310239323126,0.0766977801561,0.1001483982042,0.0364321548351,0.5430776266008,0.5683663650630,-0.0972683444001,-0.0108690778891,-0.0449764887914,-0.0666442478926,-0.0394386721873,0.1152359573967,0.3921389471647,0.1788951265068,-0.0357945794941,0.0562170061360,-0.1589251223694,0.0000623124427,-0.0639617190733,0.1252596236827,0.2851417251979,-0.0920060879947,0.1336746289781,-0.0409500497306,0.0948961501598,-0.0443919772852,-0.1452438308696,0.0082320001177,0.0188595441728,0.0145116334686,0.0365199258416,0.3735824046416,0.1485326604356,-0.0007119084252,0.0239556328329,-0.0558052788326,0.0234203353398,0.0253703577598,0.0645147607612,0.3788779131087,0.1510867532801,0.1292463651822,0.3031238227935,0.1292044102682,0.3169959676100,0.2780650192860,0.1350869154397,-0.0290903010368,-0.0008663838686,-0.0867654921940,0.0404138214339,0.1328172361141,0.0686180626090,0.0481546131013,-0.0781705863611,0.3820514395039,0.0582709416034,-0.1761893840731,-0.1346727558049,-0.1021357464304,-0.0402095479718,0.0045477855905,0.2874069843553,0.0443097113926,-0.0335952991688,-0.1948431587511,0.0772051006054,-0.1794260195528,-0.3391555138312,0.3116969140829,-0.2334996002151,-0.0381318135177,-0.1180001386392,0.3830693908253,-0.1522333853587,-0.0702009008386,0.1277902087408,-0.0523174096077,-0.0347550666951,-0.1596453113509,-0.0432554214180,0.0290133385521,0.1537088790355,0.0882562413242,0.1602273582887,-0.1163651495308,0.0687320395136,0.3328153594825,0.2069200111658,0.0260343223954,0.0276002014961
0.8376290678739,0.3495701787884,1.0000000000000,0.5878186800151,0.7616548203202,0.7132663041472,0.2697210318713,0.5985628711878,0.4235426563511,0.3853395519142,0.2346391822742,0.2196039078293,0.4945477614190,0.6026027227724,0.4017494415009,0.3900939267900,0.3477276003473,0.3748210414295,0.3080518312073,0.3748481733178,0.2808668772023,0.3344950194836,-0.0807442598980,0.3685825372986,0.4815965170312,0.0198859448223,0.4029009537064,0.0230814733058,-0.4359257112593,-0.2656376384937,0.3368845809783,0.3712439456206,0.4241600485385,0.1204505181250,0.2632716390075,0.2469847276205,0.3155488523718,0.5256876474000,0.2401789450521,-0.2381102966078,0.2718457533807,0.2936358816399,0.2909040837239,0.1754675691284,0.4453021603804,-0.2277925320027,0.0052532045597,0.3313665588905,0.3014357249345,0.2954718128930,0.7527148744395,0.7371215562470,0.2943472701134,0.7907245223349,0.5663172516084,0.1809390879143,0.5134617345621,0.4569697012943,0.4969536728853,0.2935526387020,0.3989627491242,0.4735871934238,0.4057027939453,0.3363015052819,0.5846074627488,0.2103140645828,0.2712337579008,0.3569773578082,0.2619578581142,0.4013114772349,0.3067333871637,0.5027782914512,0.3785243680519,0.5653004415363,0.2721912841707,0.1068377471941,0.1231153377975,-0.2389389915356,-0.3841019364345,0.0474751908852,0.3402471744953,0.4200927237013,0.0063859720295,0.1090012429424,0.5852133291574,0.1181623744127,0.2030761556191,0.2941850079314,-0.1132053224727,0.3720623876066,0.2584759441650,-0.1925375907663,0.2888869343479,0.6034849675013,0.3653069682533,0.3506157194450,0.0884546612559,0.2935559817788,0.4207493158702,-0.0200198889028
0.5280297788140,0.2350494463134,0.5878186800151,1.0000000000000,0.6059445457499,0.7174422725032,0.8451587055896,0.5279161234707,0.4453503159931,0.5208130018539,0.5746244114002,0.5800678210311,0.5551013419371,0.3520295910331,0.7292072914043,0.6249045386856,0.6283792456131,0.4151385879250,0.5080128756391,0.4233173326405,0.6004326669967,0.2773194606271,0.2816315732933,0.5805237271162,0.3260068242061,0.1516896063397,0.4135480730099,-0.2440367670965,-0.4770210873176,-0.5436380860384,0.5130140069299,0.3961832024486,0.4766221991315,0.1659631558242,0.4549767123624,0.3554473002388,0.4179724853599,0.2281185901283,0.3304260282200,-0.0790453087615,0.1764542438599,0.2397374124153,0.4534098784627,0.0463402430866,0.1911301487225,-0.0440354865793,0.0773780045774,0.4152263281850,0.0417674039285,0.4963169476799,0.5419921936850,0.4455003513121,0.8247184537582,0.7342300011982,0.7788760985447,0.7314360214586,0.3929600269834,0.3870751691765,0.3879716925141,0.4036100580489,0.4385860818051,0.5404316025116,0.5337657826004,0.4012200377197,0.4347591862654,0.5523474253177,0.4724898695518,0.4485544360711,0.4607993787281,0.4909137377487,0.4288735906307,0.5929686642156,0.5020114254641,0.3828737170142,0.2664981420814,0.1529893206938,0.1358260842885,-0.4195046546799,-0.4910818388917,0.4084132370232,0.3422186801312,0.5152926447793,-0.2883416100870,0.1632409262208,0.2299468399429,0.1330530714369,0.2934612273076,0.3232575979681,0.2734595062820,0.0696637174153,0.4122358174980,-0.0612728529284,0.1110585711373,0.2733310342220,0.3563158916258,0.3541074987154,-0.2278315544368,0.0024821439027,0.3362568656772,0.4450573186482
0.7889562727467,0.4846395718208,0.7616548203202,0.6059445457499,1.0000000000000,0.8116723460456,0.4098553388589,0.3928957268738,0.3345940416339,0.6015559987654,0.2226036141368,0.2991982388270,0.2309068575836,0.6688718483308,0.5755106028192,0.2574572983807,0.2307483596197,0.2571819481937,0.2301285612255,0.2017297921693,0.3447596361833,0.5696253533990,0.1813389200180,0.2782432295858,0.2602048399493,-0.1169511738019,0.2051072291820,-0.0262346587203,-0.3760843458265,-0.2619395863966,0.2175248760498,0.2669244203570,0.2433138872261,0.1073369815512,0.2191797039603,0.1298935186111,0.3253679527938,0.1990796839104,0.1243789424613,-0.2107957083788,0.2868847822961,0.2509776684377,0.1158858277969,-0.0387020795898,0.1010843487392,0.1044974727148,0.1021633720248,0.3216711025087,0.4043266475171,0.3551605054958,0.7902245098073,0.5863859700072,0.3461125116674,0.7856819413411,0.7288639032515,0.2739166971572,0.2721693661787,0.2444877589292,0.3058300243858,0.2301219948721,0.4622169069369,0.3706675462188,0.3119679057747,0.1161990510075,0.6137880669045,0.2385692105944,0.1544486544302,0.2044817152832,0.1594243878483,0.2825190337536,0.2087814742131,0.6544522989448,0.3347522133933,0.3488491945493,0.0843460129020,0.0392595207497,-0.0274739745085,-0.2176695826494,-0.2470437532868,0.0417883364923,0.2823545969922,0.2652249869493,0.0943647796769,-0.0387791714010,0.2299335079208,0.1834402996020,0.1987858934773,0.2309610628714,-0.0326076341720,0.0930712762781,0.1855051781115,-0.1434689353406,0.1083020718530,0.5263473440081,0.4393602124326,0.2971154208321,0.1915911476242,0.4197378765758,0.4741032367632,0.1311493024605
0.6342387722462,0.3199136823866,0.7132663041472,0.7174422725032,0.8116723460456,1.0000000000000,0.5548140074242,0.5428838892334,0.5093718684302,0.7145956685558,0.3870514400698,0.4456523322867,0.3985450324952,0.4063712705274,0.5897337306101,0.3938744021812,0.3730615900248,0.3943998858635,0.4142915169317,0.3877417287081,0.3611132391184,0.4535965916159,0.1821533425568,0.4261281812545,0.3787168891939,-0.0543264951283,0.3380479398397,-0.0783613599509,-0.4747353702788,-0.3610124921420,0.3119111220556,0.2153285973588,0.3342762540155,0.1622934670534,0.3352154865885,0.2332890988933,0.4516456666700,0.2944038968326,0.1953183478789,-0.0796131644693,0.1987868768046,0.3468086381409,0.2314459755106,-0.0214961833165,0.1831205848950,-0.0231247948224,0.0648118625589,0.5255725744067,0.2218216274855,0.3969746167087,0.6889594722987,0.5017020295401,0.4795452314338,0.8888159087669,0.8952069073264,0.4226336614276,0.4503035033417,0.4266498486075,0.4525495439750,0.4023232929509,0.6092059465185,0.5126650892296,0.3712855609271,0.3166812102030,0.4574035549110,0.3639223279909,0.2856922962114,0.4159549297365,0.3739290454416,0.4869548421644,0.3000397004943,0.5971877514214,0.4807780633807,0.4912025757474,0.1521702960683,-0.0452837205810,0.1013484598796,-0.2234421110797,-0.4077382526253,0.1872456100219,0.2111293901040,0.3553785335010,-0.0397479178020,0.0939325135773,0.2912394206178,0.1713109140016,0.2751158600487,0.2649459102832,0.0222516879592,0.1422024433519,0.2703055945533,-0.0349924618570,0.0889441911549,0.4527633639674,0.4008719467626,0.4428294061574,0.0253778065862,0.2741214444870,0.4838967532270,0.2587791539845
0.2300161597436,0.2176633504963,0.2697210318713,0.8451587055896,0.4098553388589,0.5548140074242,1.0000000000000,0.3446649931884,0.3490791759425,0.4744587493579,0.5615597126707,0.5913151124653,0.4445526060990,0.1595509626254,0.6895767899268,0.5819242333690,0.6264087123362,0.3093024680821,0.4826300870954,0.3634419669874,0.5922820941139,0.1665430424349,0.3482838106464,0.5306777033284,0.1679220165005,0.0927491435163,0.2831301138491,-0.3723928645879,-0.3726159097843,-0.5221470883623,0.5255506593080,0.3080181559195,0.4049168652064,0.1160061490844,0.4626340225527,0.3303751386545,0.4047626161207,0.0050703097537,0.3356025930462,-0.0083095913714,0.0579268699145,0.1690959488311,0.3994972279686,-0.0466121598548,0.0024996690083,0.0147598631826,0.0820988990860,0.3069711002217,-0.1280701815030,0.4623386898581,0.2964353242819,0.1840021552296,0.8314607708983,0.5557782501072,0.7012678433734,0.8912522696473,0.2204369184859,0.2540213278674,0.2000088778309,0.3902364673417,0.3809288960071,0.4549593233722,0.4298063913569,0.3601943263057,0.2745602921510,0.5435136080520,0.4808076444567,0.3904839569675,0.4432874654345,0.4241736591872,0.3995713203903,0.4369873313987,0.4356323883699,0.1574374166646,0.1587968149602,0.1472814786913,0.1384809580787,-0.4409082254999,-0.3675374974155,0.5331971339146,0.2713224890228,0.4317240740528,-0.2719924054372,0.2112121732621,-0.0059269742431,0.1552086212605,0.3181588799748,0.3145391509510,0.3930316223673,-0.0843457634593,0.4203633140567,0.0581177285016,-0.0013431715412,-0.0014283636101,0.2091365758897,0.2141890445730,-0.2905954841457,-0.1554777962317,0.2368248453640,0.5278250886201
0.4439543120729,0.1176678428787,0.5985628711878,0.5279161234707,0.3928957268738,0.5428838892334,0.3446649931884,1.0000000000000,0.8281982562005,0.3446857598979,0.4785529890862,0.3768470609518,0.7692528489474,0.2282513631207,0.3373041876753,0.6095213875845,0.6179824736909,0.6594363884937,0.6336580668847,0.7318314099699,0.4033069315440,0.2301583757683,-0.0640665728933,0.6204801662562,0.5880973079460,0.2252584774931,0.5554263002597,-0.0231452048656,-0.3065324177723,-0.2950348943786,0.4596575068858,0.4429907463593,0.5264860777243,0.2313747449646,0.4059751021381,0.3663460717555,0.3804256817077,0.6794833648373,0.1425368432968,-0.1747577163930,0.2563056830496,0.2118096723123,0.3953234172769,0.1559560914893,0.5359321140065,-0.3214337903750,0.0050129044659,0.3651308196031,0.1372888563300,0.1657317753972,0.4093666345595,0.4296633131346,0.3095451472477,0.5916046416022,0.5004883714739,0.3271087042128,0.7315038590781,0.8473389789895,0.7684726638239,0.7246347668855,0.3715176080856,0.6730323807460,0.4683475741023,0.6372829000112,0.2078635180011,0.1647362079435,0.5174404127555,0.6299062599408,0.6042929002869,0.6671507787608,0.4953649387007,0.4057974465751,0.6191320809742,0.6660564947228,0.3603134246097,0.2442187584497,0.2701432510020,-0.2623754094331,-0.3283391404818,0.1885494772020,0.3541410885583,0.4299724023329,-0.2511097626793,0.2199858852228,0.6243063458244,0.0038116640698,0.2129038576646,0.3086380548858,-0.0872792211352,0.3626632353052,0.2234615975064,-0.1135486194270,0.2119297039916,0.4724931515176,0.2636867683414,0.3743345540385,-0.0935521047671,0.0944687554644,0.2037710748308,0.0705590162937
0.3346646940798,0.1014750689860,0.4235426563511,0.4453503159931,0.3345940416339,0.5093718684302,0.3490791759425,0.8281982562005,1.0000000000000,0.3571685272886,0.5858263885027,0.4460845569240,0.5756362645971,0.1321065505262,0.3276798493803,0.5858878457265,0.4375164825656,0.6135850506673,0.6953638614587,0.7554402940051,0.4341309325575,0.1881971007866,0.1469318561934,0.6167386747258,0.4936755734885,0.1768943999084,0.5513314121891,-0.0416142230215,-0.2671736831107,-0.2439879745788,0.4346919299738,0.3929203618006,0.3928386817615,0.0969621770713,0.4274671946022,0.3826271036792,0.4699370118035,0.5198830050334,0.0998923228336,-0.1040726186014,0.1244379196796,0.2609296005176,0.3650059730798,0.0335180205934,0.3480741171498,-0.2138303017318,0.0764752525544,0.3325180312985,0.0271169016693,0.1895719774114,0.2944465572113,0.2448076880258,0.3013287102802,0.5346876538640,0.5128848272095,0.3455284813857,0.6309124243951,0.7129347538847,0.6918913257029,0.9075086830047,0.3651191627247,0.6592802679690,0.4144611285926,0.5251342395688,0.0911189346048,0.1877574412566,0.5323682944354,0.5127097885238,0.7154657380767,0.7884172222394,0.4320068440050,0.3883060821750,0.7090130811802,0.5752367036834,0.3332159509565,0.2049627416966,0.3217062099919,-0.2392653444626,-0.2348931597558,0.2371251270090,0.3092284328227,0.3184393962440,-0.2171348212972,0.2936556351686,0.4231613113683,-0.0047242580020,0.3040394945151,0.3027932283551,0.0440284315022,0.2108884684973,0.1666183076562,-0.0582331497247,0.0758842479409,0.3245409607961,0.2004531329426,0.2964190368365,-0.1060084041027,0.0241680804931,0.2120629453272,0.2349484446269
0.3514772170003,0.3310239323126,0.3853395519142,0.5208130018539,0.6015559987654,0.7145956685558,0.4744587493579,0.3446857598979,0.3571685272886,1.0000000000000,0.2788960138498,0.4868492974367,0.1980335393744,0.2817836398053,0.5806774749510,0.1476606705857,0.2441327440891,0.1431501452575,0.3561192611380,0.2787709367617,0.3675327345664,0.6254336329108,0.2425561973672,0.2464674090029,0.2763156866507,-0.0992052734078,0.1838431257345,0.0001065155890,-0.3295096215586,-0.2640941510370,0.1674194443926,0.1677353526819,0.2305120416085,0.2523092703233,0.0690225791686,0.0706802763306,0.3153849477836,0.1039189922155,-0.0081134295789,0.1011208960186,0.2134870576141,0.2753945000537,0.0642362065736,0.0321356961824,0.0087496394823,0.1683997846032,0.1294217322492,0.3564082681545,0.1281878266910,0.3513180506213,0.4488930294055,0.2598611532391,0.3852736147303,0.6405077490916,0.6860092303909,0.3370645637783,0.1431903953064,0.2377524995930,0.1700398440173,0.3562199083377,0.7437180275992,0.3847092106909,0.1964384089712,0.0890947843739,0.2944297521798,0.1888443383721,0.1198256795637,0.1830291713377,0.2429085962228,0.3382662944490,0.2283003710861,0.5029925856537,0.3221246527835,0.3044716710935,-0.0779339045325,-0.0204051131155,0.0503632425493,-0.0909136482506,-0.2899959915287,0.1284130406409,0.0740014508115,0.1820162914182,-0.0014137826459,0.0294984078347,-0.0287876327442,0.2686629094162,0.2063384694516,0.0593203986488,-0.0683791927389,0.0532322699823,0.0774347118188,0.1578128038821,0.0972069252639,0.2708277327893,0.1988218292022,0.2486900209369,-0.0256511595666,0.2538942846898,0.3659797018547,0.2536513968872
0.1912750470239,0.0766977801561,0.2346391822742,0.5746244114002,0.2226036141368,0.3870514400698,0.5615597126707,0.4785529890862,0.5858263885027,0.2788960138498,1.0000000000000,0.7753035467343,0.5862496516385,0.1058438869048,0.4670727001326,0.5384176639631,0.5714999208179,0.5936930047795,0.4059856092127,0.4454781927109,0.6232869916065,0.1588808034394,0.5681082208698,0.6449912984634,0.1827377105236,0.1518160753399,0.5044802769606,-0.3716789880859,-0.2175326288118,-0.4353665277117,0.5155461344234,0.3765073507975,0.4091586492366,0.0152224908691,0.4825379659785,0.2323891700027,0.4598694609898,0.1577401925957,0.3242542238627,0.0338147473552,0.0846221916052,0.1897265494491,0.4116025865190,-0.1054416462433,0.0982559453801,0.0311767032774,0.2097738180200,0.3538953681157,-0.0274621845222,0.3388529331395,0.1581541434973,0.1116226822568,0.5148106568298,0.4115699750390,0.5163653847691,0.5260153770196,0.4539666136689,0.4150227714784,0.4317039266004,0.5235435981178,0.2361416732046,0.6940008106963,0.5867090137867,0.5085641112622,0.0420282086182,0.4267574538999,0.4057911076155,0.5295106291902,0.4468057399004,0.5858980088706,0.4939917621524,0.4527792883641,0.5865235249001,0.3253363266895,0.2871836420957,0.1180801686258,0.2806220288621,-0.4068096825537,-0.2278494325921,0.4444318098076,0.3385368210948,0.3765917623073,-0.3159880946078,0.2151984717139,0.1868522196782,0.0116674129341,0.3226439004937,0.2464689359080,0.2877555761540,-0.0391316749427,0.3722201882733,0.0387962192884,-0.1244869953236,0.0462206142679,0.1898281193309,0.2794433251676,-0.1693682006976,-0.1696788871418,0.1141754376356,0.5233662654914
0.2348508611129,0.1001483982042,0.2196039078293,0.5800678210311,0.2991982388270,0.4456523322867,0.5913151124653,0.3768470609518,0.4460845569240,0.4868492974367,0.7753035467343,1.0000000000000,0.5152055227564,0.1022939360723,0.4537988609418,0.3802434942789,0.5237044790778,0.5230293344881,0.3303370131864,0.2745902089087,0.6464018007357,0.2166955241115,0.6406137166543,0.4823343206374,0.0820078391070,0.0212284605294,0.3932241450482,-0.3594603969298,-0.2840061061816,-0.4438487387434,0.3680337810877,0.2738323883551,0.2945261968017,-0.0566423842186,0.3844247292752,0.1520521735788,0.3882859149998,-0.0445969847527,0.1986823888060,0.0137695942415,-0.0948045372567,0.1235224870503,0.2279190828231,-0.2061357882756,-0.0681515051405,0.1253152950823,0.1593910026094,0.3881570459123,-0.1305336237517,0.2807220054217,0.2760072433837,0.2104497457173,0.5525802889108,0.4801803854222,0.5728109119399,0.5431165662308,0.3339582790706,0.3125136629593,0.3642025784432,0.4384114161296,0.4623858734744,0.6331535331964,0.6666218524621,0.4851545976805,0.1685252194792,0.3729016715380,0.2918748820442,0.4745784127943,0.3523404286061,0.4381259432045,0.5528626596394,0.5095759012406,0.4750325717132,0.2955033349105,0.1873433106101,0.0418016824830,0.1359284282338,-0.3368243425048,-0.2806636391992,0.3442571150067,0.2747678309805,0.3528386109309,-0.2825944214613,0.1257800490004,0.0063834814719,0.0787737844597,0.3009520177744,0.2198114191636,0.2002409760163,-0.1671539915644,0.2801606545870,0.0273833070289,-0.2138954301438,-0.1146998710889,0.1891573220114,0.3117709169153,-0.1854116386272,-0.1820114588855,0.1553656027087,0.5765338921298
0.3475821699558,0.0364321548351,0.4945477614190,0.5551013419371,0.2309068575836,0.3985450324952,0.4445526060990,0.7692528489474,0.5756362645971,0.1980335393744,0.5862496516385,0.5152055227564,1.0000000000000,0.1186222732370,0.3316881234006,0.5923041702588,0.7646425718204,0.6074936292241,0.4390622114970,0.5535552139367,0.4824763270824,0.0731045147870,0.0126763475161,0.6119897534863,0.4731549471098,0.2817076904379,0.5396400563038,-0.2313007730158,-0.3276958096500,-0.4257042057789,0.5047096467484,0.3986807770611,0.5517419910818,0.1398576112746,0.4408028172843,0.3103191707047,0.3123400484857,0.5142060445589,0.3358306088572,-0.1286684540346,0.1514129357185,0.1529063582651,0.4767003084547,0.1432479643949,0.4749018806741,-0.3058694846260,0.0012168173813,0.3495301519632,0.0465533531965,0.2290720783032,0.2926740859372,0.3849093305965,0.4113905134265,0.4600202387119,0.4158614979519,0.4181522090203,0.7129808401584,0.6675627653290,0.5940645746385,0.5243702748781,0.3062873806794,0.6992793542095,0.6154585200962,0.8418695887608,0.1547012195561,0.2768966521556,0.4335225776208,0.6792449954465,0.4584202970414,0.5312444896280,0.5498484518377,0.2943995554834,0.5166056036061,0.5900062243219,0.3225283788195,0.1894345644670,0.2742691488913,-0.3986003624706,-0.3709806353760,0.2936386377761,0.3166596974488,0.5620663316594,-0.3575868322460,0.1949382323205,0.5525993857773,0.0208913800086,0.2102873728817,0.2955084861219,0.0466789578815,0.2679508171677,0.3674232502881,-0.1195749912202,0.1675561884638,0.2107369206527,0.2005917581010,0.3292273883914,-0.1543382728704,-0.0978216200927,0.1094118058869,0.1988257864405
0.6132716531963,0.5430776266008,0.6026027227724,0.3520295910331,0.6688718483308,0.4063712705274,0.1595509626254,0.2282513631207,0.1321065505262,0.2817836398053,0.1058438869048,0.1022939360723,0.1186222732370,1.0000000000000,0.4905302783107,0.1410504875637,0.1091360709735,0.1821968416877,0.0282029190149,0.0268019814779,0.2586201413512,0.4265259783153,0.1201181088786,0.1379345070351,0.0852458117642,-0.1565692948305,0.0812073076345,0.0468920255671,-0.0177830869230,0.1131059370173,0.1414505790132,0.2318242471138,0.1785648309656,0.0537056780949,0.1087313210274,0.0195837582737,0.1602076508975,0.1092198807767,0.0780128098088,-0.1911633146513,0.4679585961764,0.2519010253697,0.0561676612512,-0.0613962808335,0.0537087535228,0.0462243060349,0.0733689867728,0.0382689732721,0.5320867800478,0.2843332530978,0.4366347654413,0.4306764164771,0.1387219847036,0.4321393780487,0.3068291496100,0.0940938968027,0.1581652076345,0.0565435315355,0.1409509777133,-0.0270418276978,0.1106085677226,0.1478626365824,0.1567873622534,-0.0222078276242,0.6151369280877,0.0316232124997,0.0379967204698,0.0251699632741,-0.0447647363080,0.0891496006692,0.0808076812697,0.4090724358982,0.1586484890918,0.1423527551071,0.0412674259300,0.0201775563113,-0.1057648855185,-0.1657147904459,0.0530232064925,-0.0406958558136,0.1702810196732,0.0669582667731,0.2222009836328,-0.1422536230715,0.1367416337886,-0.0208342260809,0.0734200477070,0.1263916098950,-0.1320104054779,0.0124710764040,0.0852180021416,-0.1647054781006,0.0244677173108,0.4746841450633,0.1415602205448,0.0660124030200,0.3927976813076,0.4107002458410,0.2969321199020,0.0225474070504
0.3202981359125,0.5683663650630,0.4017494415009,0.7292072914043,0.5755106028192,0.5897337306101,0.6895767899268,0.3373041876753,0.3276798493803,0.5806774749510,0.4670727001326,0.4537988609418,0.3316881234006,0.4905302783107,1.0000000000000,0.2980173287851,0.4089376270295,0.1460512677634,0.3079647696154,0.2778662616072,0.5277707505329,0.4573524005983,0.3698387059079,0.4105020671361,0.2041640911199,0.0038422253648,0.2198682167861,-0.3070856184401,-0.2121905357506,-0.2949890445854,0.2464451789612,0.2725892299831,0.2369232132970,0.2560502017467,0.2796748062469,0.2182322382632,0.3070337755877,0.0831585914527,0.3102369031493,0.1476594945092,0.4358476309713,0.3098370875565,0.4252805421667,0.0526369407632,0.0352264822007,0.0837324796506,0.1309648871562,0.3380017498670,0.2892952377783,0.5900309442205,0.2783299811771,0.2367567073907,0.5892794802710,0.5576935498617,0.6186431584462,0.5521169689511,0.1639236437042,0.1956069962013,0.0692221891825,0.2749570871521,0.2943541911766,0.3593113324578,0.2668828056619,0.1357075207610,0.3564618556502,0.5730936990749,0.1680544528091,0.1426290518994,0.2570821115564,0.3483038008772,0.1917472628664,0.5139938316913,0.3614279189813,0.1379847079207,-0.0484896348863,0.1439754845577,0.0830372765875,-0.5232224201848,-0.1726928414559,0.1965147362066,0.1536337712419,0.2277639565839,0.0177453853442,0.0694811893389,-0.0013301922035,0.2421564437876,0.2061774123634,0.2132753599642,0.2290227560681,0.0173088721305,0.3786451426003,0.2747868151987,0.1516297173627,0.2550649301582,0.1858019550991,0.2876019937916,0.0326111027484,0.0906214294063,0.2395041655616,0.2950983207121
0.3243894696160,-0.0972683444001,0.3900939267900,0.6249045386856,0.2574572983807,0.3938744021812,0.5819242333690,0.6095213875845,0.5858878457265,0.1476606705857,0.5384176639631,0.3802434942789,0.5923041702588,0.1410504875637,0.2980173287851,1.0000000000000,0.6945068530783,0.5633013533024,0.7585114861923,0.7002111855423,0.5202397120193,-0.0135850532754,0.1071641624542,0.6931033620328,0.3528503811679,0.2661984035842,0.4921406296551,-0.2457878822231,-0.3022883311658,-0.4501095030172,0.8631810410504,0.4953539103809,0.5976268520119,0.0431407665053,0.6810838685551,0.7131470902933,0.4834748933626,0.4410381340653,0.3974823829639,-0.2449679171448,0.0059156945169,0.1321499604661,0.6236908231650,0.0246278849364,0.3793533247743,-0.2361199783446,0.0544761160926,0.2868464872098,-0.1041325312772,0.2163714929176,0.2652954048614,0.2482834145453,0.5993085167770,0.4451119918060,0.4508980563378,0.5839991739405,0.4618013566421,0.4959951465061,0.5348169980286,0.5725128813450,0.2087085437887,0.5217188629503,0.4475537192912,0.4600031362018,0.1515204379278,0.3936004730128,0.9003716324967,0.5508651552420,0.7332875851636,0.6479096965695,0.4691969181940,0.3156344805494,0.5646734187566,0.3105019151174,0.5610080294034,0.3107514720430,0.3543351105331,-0.3474192584176,-0.3651747534868,0.6818109864575,0.4672334434252,0.5503880130556,-0.3602869754816,0.5370288905917,0.4192231066714,-0.0074965854929,0.3773379280702,0.5198661632112,0.3326324201854,0.2036355257074,0.4113301087547,-0.2123620896115,0.0550956080831,0.1957697453450,0.2135347374249,0.2455390594144,-0.2814738194029,-0.1351597889042,0.1601310753806,0.2959329743934
0.2522826940350,-0.0108690778891,0.3477276003473,0.6283792456131,0.2307483596197,0.3730615900248,0.6264087123362,0.6179824736909,0.4375164825656,0.2441327440891,0.5714999208179,0.5237044790778,0.7646425718204,0.1091360709735,0.4089376270295,0.6945068530783,1.0000000000000,0.5846083549521,0.5211195360469,0.5989632868364,0.6768339402973,0.0569110146889,0.1199179596021,0.6694547173864,0.3912003606106,0.2964760574484,0.5205416511282,-0.3720302804254,-0.3642607344583,-0.5519132828611,0.7084505598710,0.5008146381793,0.6735166091190,0.1847534218695,0.4925802258600,0.4178693000209,0.4175625611394,0.3516281029229,0.3805176943193,-0.1456313236572,0.0578942758873,0.0178297916795,0.4827733870624,0.1107152335310,0.3270048708681,-0.1898323135082,0.0201145602715,0.3138842344112,-0.0718009450151,0.2523106703467,0.2211688768359,0.2254475061069,0.5368055391469,0.4255733318715,0.4598292100265,0.5746522877029,0.4681220738946,0.5005584201879,0.4326073044244,0.4290318681581,0.2549277439031,0.5841781766582,0.4969034288426,0.5756435579691,0.0730387106711,0.3613938315584,0.5484740604683,0.6392511057469,0.4651794581849,0.5646687512236,0.6259221762848,0.3590147014988,0.5186187106830,0.4455288704888,0.3491594458944,0.2879169104062,0.3010216437823,-0.4472978526141,-0.4376942534787,0.5382061139641,0.3981140152956,0.6227628734927,-0.4555641121921,0.2066801146330,0.3589213358750,0.0559733075686,0.3086994856168,0.3359309389298,0.2102770286951,0.1718262353100,0.4405373113011,-0.0678294292488,0.1229020482524,0.0939090864914,0.1825720588364,0.2752493092798,-0.3123155955305,-0.2505044133731,0.0307057643727,0.3067242415362
0.3515130376215,-0.0449764887914,0.3748210414295,0.4151385879250,0.2571819481937,0.3943998858635,0.3093024680821,0.6594363884937,0.6135850506673,0.1431501452575,0.5936930047795,0.5230293344881,0.6074936292241,0.1821968416877,0.1460512677634,0.5633013533024,0.5846083549521,1.0000000000000,0.3985403176704,0.4044808081411,0.3717748091070,-0.0139304291671,0.1620069858391,0.5789921187103,0.1420018971566,0.0512568448558,0.4531441838173,-0.1682192942625,-0.1924129363995,-0.2406217262031,0.5100999542418,0.2209987056984,0.3779175313896,-0.1793964143741,0.5265655828458,0.2644888456016,0.5310260769586,0.2976855342973,0.3087939060146,-0.2298203472074,-0.0597187969791,0.1828493253227,0.2325227223631,-0.2382103316549,0.1803532648691,-0.2275825293155,-0.0697050543372,0.3474242081294,0.0384185492791,0.1378288977658,0.2939395380495,0.2647505990103,0.2674832796485,0.4005912716394,0.4238190662466,0.3367619585748,0.5851956509987,0.5384132039164,0.7544651879771,0.4816107344673,0.1939064895307,0.6610039030220,0.4598936054049,0.5953154216136,0.1699093330257,0.1989401669031,0.4970346135300,0.7749343057187,0.4941191124257,0.4947488628997,0.5503150633148,0.2317301650003,0.5734164353971,0.4304296866150,0.4527165337397,-0.0559863976948,0.1975762615724,-0.1583363101795,-0.2144695415501,0.4364686209608,0.2642027814435,0.3249361858068,-0.2229895537628,0.2154950458809,0.3740716952660,-0.1832935911631,0.4193053997429,0.4440260892700,0.0794427524913,0.0368078482097,0.3637785918165,-0.2738148642142,-0.2628390891717,0.1163918688387,0.1074452333550,0.3401041735660,0.0132559512985,0.0045681388720,0.2384416222181,0.2874932362949
0.2701943312876,-0.0666442478926,0.3080518312073,0.5080128756391,0.2301285612255,0.4142915169317,0.4826300870954,0.6336580668847,0.6953638614587,0.3561192611380,0.4059856092127,0.3303370131864,0.4390622114970,0.0282029190149,0.3079647696154,0.7585114861923,0.5211195360469,0.3985403176704,1.0000000000000,0.7779143696838,0.4479342721521,0.1793743365130,0.1167549661589,0.6249040802329,0.4591048987935,0.3023318654232,0.4143223508593,-0.0394657941721,-0.2601732956726,-0.3655134374692,0.6023992878678,0.4272580988337,0.4332044212872,0.1718331486622,0.4320599208858,0.6687532506497,0.3792207360871,0.4220460816576,0.1419070809745,-0.0462071103294,0.1099217579892,0.1986566612605,0.4867654407540,0.1816778806521,0.3032121945407,-0.1057386275130,0.0804707286449,0.2638612140600,-0.0917251391712,0.1573444356209,0.2191142294156,0.1023721985037,0.4791048295756,0.4300671511153,0.4498470792905,0.4969909143093,0.3113256329907,0.4934364666283,0.3800135955722,0.7429075103531,0.3198397742947,0.4346176184073,0.2457157303810,0.3082991675619,0.0500120291145,0.2601580815073,0.7273895300080,0.3523898007909,0.8467470712548,0.7313394244947,0.3518727862821,0.3088569885676,0.5547915637050,0.3140277041365,0.3511198033838,0.3550382345026,0.3610400269821,-0.2054483653743,-0.3117690607141,0.5063108317172,0.2659619568593,0.3788808379858,-0.3217425952134,0.4829645163986,0.2720419342677,0.0588993732609,0.2846501042070,0.3354365509222,0.2124227428048,0.2699346337665,0.2021448748072,-0.0334833412013,0.2317754804889,0.2596678078528,0.1384282772788,0.2068425377339,-0.2699436901870,-0.0402137164609,0.1030256560870,0.2088845962320
0.2515973403914,-0.0394386721873,0.3748481733178,0.4233173326405,0.2017297921693,0.3877417287081,0.3634419669874,0.7318314099699,0.7554402940051,0.2787709367617,0.4454781927109,0.2745902089087,0.5535552139367,0.0268019814779,0.2778662616072,0.7002111855423,0.5989632868364,0.4044808081411,0.7779143696838,1.0000000000000,0.4846014563888,0.1076300171831,0.0584772227542,0.6400685192892,0.6599085221838,0.4709332237053,0.6463555783290,-0.1006735126191,-0.3476636878518,-0.3871593764542,0.6199135786194,0.5921342607299,0.6376788224210,0.2940040900933,0.4153841971555,0.6031551685599,0.4545204456579,0.6966888054216,0.1509686060877,-0.0861234899610,0.1282472882148,0.2069396750234,0.5121116013946,0.3116934341439,0.5245056336116,-0.2085749310030,0.1191579702935,0.2755945752293,-0.0798819019261,0.2209908945474,0.1730363789622,0.1259550953224,0.3226788850639,0.4478917000736,0.4082425013516,0.3358261083317,0.5196229465048,0.6053702360512,0.4774992733381,0.7361999192277,0.2702569881343,0.4731932234440,0.2991173480205,0.3645117818924,-0.0774227509383,0.2274063171691,0.6160355178407,0.3943424163138,0.7104915325475,0.8695128149882,0.3428597322604,0.3406329576575,0.6053662447424,0.5738140879816,0.3803440265318,0.4124608359228,0.5445480342276,-0.2947503486921,-0.3653166351194,0.3786076557291,0.3807521631088,0.5383676934667,-0.3807031012552,0.3518188284393,0.5208943913581,0.0997270547127,0.2960848102490,0.2726052294513,0.1342238647368,0.4283522339358,0.1928912100866,0.0157809288186,0.3472512195888,0.3579284584974,0.2279704371637,0.2254739277040,-0.2875305126403,-0.0940011466597,0.0924073415663,0.1584825699811
0.2601440386133,0.1152359573967,0.2808668772023,0.6004326669967,0.3447596361833,0.3611132391184,0.5922820941139,0.4033069315440,0.4341309325575,0.3675327345664,0.6232869916065,0.6464018007357,0.4824763270824,0.2586201413512,0.5277707505329,0.5202397120193,0.6768339402973,0.3717748091070,0.4479342721521,0.4846014563888,1.0000000000000,0.2914110875705,0.4724965523240,0.6032585883308,0.3490720209066,0.2755499721624,0.5406212190665,-0.3704409769636,-0.2817587152116,-0.5235711535772,0.5282282747462,0.4965868613671,0.5334868681501,0.1474704148578,0.3881823076026,0.2719779129676,0.4033299426377,0.0854748309028,0.1864133983402,-0.1139571805427,0.1742678987852,0.1981366755474,0.3615495305388,-0.0036147650187,0.1414278185844,0.2224839962608,0.2200297599430,0.0880605591498,-0.0755618230378,0.4546157172266,0.2096688015827,0.1292272973588,0.5537087886155,0.4216102678378,0.4425312553227,0.5375151602653,0.3229909120990,0.2470558830038,0.2154717910861,0.4310544603600,0.3246196052877,0.4612465652309,0.5808363769391,0.3014760543791,0.0629479503144,0.3364376670267,0.3743642654898,0.2934624072103,0.3682688242942,0.5475472419970,0.6113090051615,0.6178138470995,0.5753274494135,0.4228631170739,0.2862581210445,0.3221849877774,0.2477602040553,-0.4697739572257,-0.2761605912040,0.3606151271482,0.4158689824035,0.5456735064823,-0.4895751446539,0.0054198854216,0.1143594249872,-0.0196414011780,0.3034709951639,0.1636592598880,0.3775250974835,-0.1107337191651,0.1973535905926,-0.1088658078362,0.0214525362404,0.1730058798951,0.3642427828451,0.0526504828438,-0.3049029912315,-0.1368554956268,0.1745930327336,0.6163324470368
0.3454687575956,0.3921389471647,0.3344950194836,0.2773194606271,0.5696253533990,0.4535965916159,0.1665430424349,0.2301583757683,0.1881971007866,0.6254336329108,0.1588808034394,0.2166955241115,0.0731045147870,0.4265259783153,0.4573524005983,-0.0135850532754,0.0569110146889,-0.0139304291671,0.1793743365130,0.1076300171831,0.2914110875705,1.0000000000000,0.2405165269480,0.1892138107570,0.1989363225208,0.0409002668756,0.1000247590305,0.2436205975654,0.1049150356221,-0.0170426684241,-0.0437928141149,0.1458519951559,0.0648776971480,0.2892548955915,-0.0609308789798,-0.0450615957614,0.0947790046846,0.0790260789473,-0.0814992939472,0.0747342526900,0.5184804605417,0.1242504482949,-0.0116299483454,0.0816547063735,-0.0022150855414,0.3928279914155,0.1492092254176,0.0556381905165,0.5251782502197,0.1354791632722,0.3305877060474,0.1557188062446,0.1499233665072,0.3590402637136,0.3517583091427,0.1193666471655,0.0375253466003,0.0867890872884,-0.0346241115853,0.1543298543200,0.4339986893771,0.2043846628116,0.1544986534939,-0.0830586145506,0.2554193431051,-0.0006218021548,-0.0852324989400,-0.0782588060515,0.0597526268858,0.1387592594309,0.1298266371983,0.5549885249548,0.2226944735955,0.1649462819774,-0.1032070503461,0.1056891735605,0.0322519946058,0.0682279840786,0.1146457364693,-0.0866903055145,-0.0120692380798,-0.0146731298412,0.0633883411230,-0.1192590870618,0.0327152889429,0.1282616133941,0.0376916889085,-0.0483397636069,-0.0987377687662,0.0838542260465,-0.0398380008853,0.0958991624619,0.1902054566191,0.5335590000379,0.1777421297566,0.0546629871939,0.3301636398396,0.5657074514439,0.1974315793563,0.0140493976337
0.0168783464943,0.1788951265068,-0.0807442598980,0.2816315732933,0.1813389200180,0.1821533425568,0.3482838106464,-0.0640665728933,0.1469318561934,0.2425561973672,0.5681082208698,0.6406137166543,0.0126763475161,0.1201181088786,0.3698387059079,0.1071641624542,0.1199179596021,0.1620069858391,0.1167549661589,0.0584772227542,0.4724965523240,0.2405165269480,1.0000000000000,0.2397276203828,-0.1364865692358,0.0715293669233,0.2957485755727,-0.3850201257485,-0.0506310085081,-0.2625710300288,0.1642152977040,0.2894676904481,0.1343797527924,-0.0193460704376,0.1550054640354,0.0281162581799,0.2880116565262,-0.2537572630956,0.0943206871821,0.2310651436143,0.0136722177118,0.1786801562589,0.1479422375192,-0.2207377445123,-0.2518590871029,0.5170722726187,0.5102454310821,0.0910569822514,-0.0864649181126,0.2815296837365,-0.0082823566888,-0.1449443320917,0.3405770922893,0.1544101957108,0.3010714638929,0.3183228962565,0.0391201824225,-0.0680999270607,-0.0700815895783,0.1238650462529,0.0981233981141,0.1800661582903,0.3287737612772,-0.0020868036762,-0.0117938499648,0.2132854298627,0.0211658199791,0.0414460927401,0.0724316443362,0.2616135173130,0.1526382316230,0.4767564862678,0.2793081674629,-0.0731269056134,0.0989829339877,0.0904000833048,0.1849604043961,-0.3474160301932,-0.0140485768258,0.2446337577635,0.1767178885786,0.1567560926753,-0.1106208517967,-0.0153381688777,-0.2745339639174,0.1404407585225,0.2204723654437,-0.0284342274429,0.3138714020884,-0.3129550108334,0.0941531504657,0.1455253996760,-0.2798083368145,-0.0889515259373,0.1801938242203,-0.0043738675965,-0.0670603552951,-0.1732920220520,0.0146516158160,0.4950092882605
0.3371165417652,-0.0357945794941,0.3685825372986,0.5805237271162,0.2782432295858,0.4261281812545,0.5306777033284,0.6204801662562,0.6167386747258,0.2464674090029,0.6449912984634,0.4823343206374,0.6119897534863,0.1379345070351,0.4105020671361,0.6931033620328,0.6694547173864,0.5789921187103,0.6249040802329,0.6400685192892,0.6032585883308,0.1892138107570,0.2397276203828,1.0000000000000,0.3182716216351,0.2811879544468,0.5944746466722,-0.2359615792488,-0.2837458229041,-0.4970088700920,0.6158063593620,0.3799497624069,0.4436318938584,0.0169861913743,0.6273552108731,0.6029923242431,0.5806890384653,0.3464242537681,0.3568201892605,-0.1361569027667,0.0630540786463,0.0984539676791,0.4871400824341,-0.0867329807597,0.1763706745455,-0.1352165594888,-0.0484447577065,0.3638419654137,0.0830921215494,0.2210161063311,0.2452358798317,0.2072380391040,0.4891187442737,0.4518865461976,0.5043211325133,0.5299793558817,0.5638394047038,0.5269551673553,0.4876294576383,0.5621373135186,0.3207989957011,0.6291031090130,0.5230758230033,0.4955448997407,0.1203718025338,0.4408613470010,0.5819562532417,0.5959797155550,0.6886492357905,0.7261227342321,0.5596326624431,0.4541332065728,0.8269934754647,0.5211379446207,0.4763762093706,0.2210681063616,0.4162061942354,-0.2953387021872,-0.3548633010610,0.5838485708243,0.3263211689248,0.4500534553939,-0.3633280806773,0.3173172237024,0.3808935679292,-0.0328201499541,0.5000719381851,0.4463694123922,0.3454255524818,0.1726334784777,0.4492482183635,-0.0901005750260,0.0079484929296,0.2692666589687,0.1968541012030,0.3234562892201,-0.1369961473817,-0.0394744176879,0.2272719072976,0.3995672227953
