1.0000000000000,-0.2113045363543,0.3170307240148,0.5191394875146,0.8064171078817,0.4609178910769,0.3368499206844,0.2039868364039,0.1362740473128,0.0037189644486,0.4365706682991,0.2518157296689,0.1593405726093,0.5826500148552,-0.0417276825760,0.3403043444179,-0.0625813216592,0.4234333405959,0.1537707913458,0.1484254261704,-0.1399316332565,-0.0675296630804,0.3629627288603,0.2806733757399,-0.0502218944023,0.0177465596079,-0.0835892549493,-0.4228955975276,-0.4261840833981,-0.4883647498908,0.0691110724401,0.2572312491346,0.1189761467150,-0.1057246263796,0.4604887034122,0.2216028713516,0.0853723952676,-0.0723072165175,0.2512976577403,-0.0480580619266,-0.4359469862746,0.1172204330984,0.0497822062760,-0.2982689024578,0.0571912577073,0.1744371825960,0.0055102619640,0.4719029318832,-0.0851831729862,0.0817879489828,0.8258282332150,0.1475174364860,0.4996709091518,0.4620168314725,0.4551271100891,0.2354032041534,-0.0824638852856,-0.0125163618635,0.3702546557370,0.0513082374070,0.1868973883298,0.3989851489500,0.1143587935539,0.3629355431555,0.3197552154672,0.2245917710169,0.0015283434583,0.2980198282522,0.1358871651751,0.1597251522295,0.1230751033168,0.0445442243797,0.4191543925176,-0.2078818867412,-0.0551027377245,-0.2952717052852,-0.2317515067537,-0.3881627635930,-0.6016755322910,0.1078539170946,-0.1083553254547,0.2487745303792,-0.3756350951357,0.2418715585492,0.2173872131164,-0.2414657039389,0.1108931797203,0.3444125689814,0.1000716243385,-0.0477774770745,0.2348284156013,-0.1752258381247,-0.5099797017529,-0.1535509897708,-0.3528196696877,0.4815235129782,-0.1231468039498,-0.4075059653894,0.1306523036244,0.3172888589886
-0.2113045363543,1.0000000000000,0.4663157594290,0.1013771520412,-0.2006065578939,0.1684096302179,0.1707803158334,-0.2008125875155,-0.1164048315962,0.2016138456615,-0.3746887641026,-0.3475028810547,0.0141886191070,0.0223772216512,0.3580609006375,-0.1625849224231,-0.1418731798282,-0.3409904625256,-0.3218103085750,-0.2862277098581,-0.1450385828360,0.2465611572195,-0.5218562982410,-0.1012078333531,-0.0676353828919,-0.4622330398717,-0.2292928847208,0.2297851055323,0.4398420036574,0.6683855937586,-0.0815477283851,-0.4264279156460,-0.1903224757535,-0.1054837621983,-0.2651693494073,-0.0692275440820,0.1163854480757,-0.1614934750239,0.0578177504466,-0.0844101712865,0.4808007377613,0.0435033729602,-0.1530011151568,0.1463854769140,-0.1835886457747,0.1537109992731,0.0498187833145,0.0138128363777,0.4872511717533,-0.0652381880923,0.0624950854002,0.6651509687441,0.1629137452263,0.3135334324740,0.1303896419786,0.1688955106750,0.0697660944823,0.0610400946364,-0.2496195768275,0.1898651206036,0.0379794743209,-0.2920258762095,-0.1542696549146,-0.1466625369978,0.2727284653225,-0.2230989609550,0.0411107943483,-0.2759932500917,-0.1840476235596,-0.1205957527050,-0.3703434215121,-0.1592684774176,-0.1925739474103,0.2098829502626,-0.1785428378552,-0.2556780464790,-0.2774446835754,0.1172239826418,0.3395520423189,-0.2041956987352,-0.1655063441790,-0.3823441964810,0.4449941276244,-0.2376308158550,-0.3448659943291,-0.1184516823060,0.0451333471579,-0.0248185050761,-0.1929357179833,-0.2075444333217,-0.0033026398539,-0.0602707472490,0.2260218670320,0.1366393353485,0.1921124779541,-0.0206378344752,0.4932967674966,0.2847203004476,-0.0413278790140,-0.2266748216946
0.3170307240148,0.4663157594290,1.0000000000000,0.4598704576511,0.3919874523320,0.6043289617938,0.5314136627184,0.1029588382102,0.1925101507487,0.1671798947183,-0.0372530557487,-0.0916830525259,0.2828473711295,-0.0521557844947,0.4083864767428,0.0608217310362,-0.1371663760215,-0.3416276353323,0.0847072866386,-0.0212222953165,-0.2066136448364,0.0956126338394,-0.1790330855828,0.1921623308634,0.1025213599154,-0.2973403931242,-0.0091441144765,0.0282155549571,-0.0210355193192,-0.0078289157578,-0.0110146210304,-0.1237195529849,0.0013822757759,0.0696413939195,-0.0515163847401,-0.1036107184858,0.2375021603913,-0.1302202743371,0.3056507882224,0.1704394030218,0.0645766490820,0.1267151850670,0.0046661600020,-0.0128559050659,-0.3761435472858,-0.1236567497199,0.1026856546865,0.4409656131353,0.2775026848760,0.1106154376863,0.4749650754000,0.6065485238689,0.3976049527440,0.8181038436267,0.5581968998541,0.5869564513901,0.2122114538595,0.2959384584842,0.0711766186898,0.3119166919270,0.1472033154971,0.0822346532164,0.0938121543055,0.1173249061419,0.1742793210794,-0.0265999924559,0.2594476836951,-0.0929417378484,0.2499082986982,0.0174952111534,-0.4248095546140,-0.0781025732905,-0.0049708185425,-0.1308511236510,-0.4209218250735,-0.1559748690790,-0.1420606890686,-0.0983045490319,-0.1149676455600,-0.1285827215671,0.2470225953445,-0.1551799677704,-0.1833179402887,-0.0826898965701,-0.4742487364426,0.0100970214672,0.1135870561512,0.2495010840947,-0.3061960651986,-0.4550724696142,0.1165436533389,0.1792293594843,-0.0362350572917,-0.1432731000847,0.2429018398910,0.4032661407623,0.0620534922594,0.1333386882719,0.0169494443296,-0.1360003309026
0.5191394875146,0.1013771520412,0.4598704576511,1.0000000000000,0.5604609177144,0.4582414315552,0.7704025190498,0.4911839773489,0.3184119297997,0.1758870556878,0.4036468431684,0.2220617152537,0.5811905333250,0.0979797536725,0.3620777675069,0.6278239766341,0.2909770595525,0.2941160752215,0.4081421179497,0.2794528671213,-0.0340724464957,0.0151435688792,0.1738212253660,0.4792206541469,0.1728539918468,-0.0140086309007,0.1355052310145,-0.2823229662319,-0.2671391771925,-0.3319352277028,0.2127058996126,0.1234009446209,0.3241502510599,-0.0459029147946,0.2282584437020,0.0322909833223,0.0365751199562,-0.0454721187396,0.2814893299221,-0.0406462735812,-0.2598029501315,0.0540608333552,0.2092616893166,-0.1426748654943,-0.1362809837820,-0.1232712293739,0.0860161216756,0.4090594814683,0.0660707742644,0.2225815238916,0.6154291255706,0.3261355825135,0.8763085625947,0.6635825555909,0.6190148650891,0.7436237217099,0.2932491308741,0.3009910911233,0.4568774470983,0.3263308718848,0.1333129827075,0.3552324360903,0.1340251733584,0.5129478176189,0.3193936862347,0.3060139586331,0.4078272401081,0.4107005166293,0.4257782615785,0.2181117808422,-0.0509582096490,-0.0036691926761,0.4135109486611,-0.2148570140777,-0.2552762145716,-0.1767892790085,-0.0821150159364,-0.3156172569636,-0.3513561682360,0.2306580209159,0.0522285846457,0.1806637393175,-0.3310039566878,0.1882727445909,-0.1938115458588,-0.1707977760640,-0.0230407821418,0.3856383528457,0.0064663902689,-0.3123119470147,0.1360466018363,-0.0690328187640,-0.3377195684322,-0.3324033665858,-0.1219335188370,0.5026155340765,0.0107848272441,-0.1232195413816,-0.0969961308660,0.0941496593625
0.8064171078817,-0.2006065578939,0.3919874523320,0.5604609177144,1.0000000000000,0.6643677589806,0.5493215297542,0.3105863084227,0.1880120231658,0.0341518542648,0.4656686422804,0.2545511544907,0.3084094328505,0.3815455068994,0.0080482352756,0.4132131523446,0.0323637530383,0.3260471087876,0.2538918987176,0.1598349197454,-0.0957087551634,-0.1315602651868,0.2614966641340,0.3629429014262,0.0305243882056,0.0891344720502,0.0319521648756,-0.4337202352476,-0.3971450256601,-0.5116727874780,0.1163025408787,0.2400229572657,0.1183061220237,-0.2000481228189,0.4994065567116,0.2790440134636,0.1354529306280,-0.0377113202723,0.3610219206651,-0.0620697269561,-0.3751469707908,0.1070131445396,0.1556595815164,-0.2102849137041,0.0467803922161,0.0427474650751,-0.0033294833807,0.6135850515079,0.0371598735611,0.1620743280738,0.8079952635345,0.1797332279546,0.5381703010083,0.5691783628160,0.7411473357058,0.4493290721179,0.0260287795181,0.1365268671880,0.4221690939082,0.1510537657891,0.1996165631216,0.4787952022314,0.0425498450008,0.3492828104885,0.2283181714854,0.2011341578111,0.2401125997994,0.3119431874738,0.2976987699477,0.1799571820989,0.0625856969596,-0.0805033106727,0.4192563539668,-0.1834540769016,-0.1263052279374,-0.1594886827547,-0.2102779719284,-0.4597397371379,-0.5032704660911,0.1692650076767,-0.0201149784922,0.1882925342943,-0.4923706293834,0.2211041324612,0.1347882704697,-0.3146655070097,0.0986821728010,0.5350621555524,0.0810641054908,-0.1049657858748,0.2560344936389,-0.1564643403768,-0.4199443456909,-0.3103989684067,-0.2328024183866,0.6712420891253,-0.0891856528374,-0.2567372646638,0.0900020306613,0.2509861672542
0.4609178910769,0.1684096302179,0.6043289617938,0.4582414315552,0.6643677589806,1.0000000000000,0.7136752634301,0.1973094010224,0.1998155186616,0.2169168293780,0.2427149272060,0.0683653281352,0.3624457858973,0.2318873906880,0.0907423667003,0.2290005776145,-0.1084298155053,0.0263331314861,0.1160427011675,-0.0925069811257,-0.3007772056598,-0.1130795905282,-0.0817616994832,0.1933824465087,-0.0997639197049,-0.1219001826494,-0.2660489573935,-0.2613112516419,-0.1562880546506,-0.1608798610253,-0.0887664480029,-0.0327730506234,-0.1109794500728,-0.1894734716027,0.2193159658300,0.2749405519823,0.0953005948983,-0.1182650919217,0.5221699049444,0.0178126825449,-0.1167079159137,0.1305278722820,0.0596043280417,-0.0360026079555,-0.1550680576481,-0.0378863364140,-0.0504993808581,0.6937762812936,0.1583415914971,0.1379554271735,0.6191603715178,0.4452701027970,0.4275483666938,0.7806692115560,0.7691681194355,0.6060164159049,0.0936366630482,0.1847231850209,0.2609574674365,0.2999678293668,0.1630908664700,0.2922731995314,0.0877210212360,0.3306159709832,0.3096037654451,0.2183703660312,0.2703268309430,0.0748709588685,0.2150111522912,0.0133487698168,-0.1659516735847,-0.1843873266263,0.1651509795900,-0.1548614651118,-0.3137493582526,-0.1210696546903,-0.2913360944757,-0.2940243393159,-0.3367996350567,-0.0788847342716,0.0598928409679,-0.1003941239844,-0.2402805855330,0.0576809091366,-0.0654342157919,-0.2808451171550,0.0633470195258,0.5344786208447,-0.0218277176845,-0.1847116935875,0.3302196615290,-0.0566576411808,-0.1118493912024,-0.2350082078647,-0.0665746694847,0.6739067398908,-0.0279797423973,-0.0810494173883,0.1219173200589,0.1527602810026
0.3368499206844,0.1707803158334,0.5314136627184,0.7704025190498,0.5493215297542,0.7136752634301,1.0000000000000,0.4235338193876,0.3166430514925,0.1769552792637,0.3089227472168,0.1277001622657,0.6382278745009,0.0106749939472,0.1989652730776,0.4487372647227,0.1835930763093,0.0956309904009,0.3024288218784,0.0975733473529,-0.1889489445585,-0.0821456457922,-0.0488775226441,0.3968428535785,0.0562862405765,-0.0253152398587,-0.0276840133208,-0.2673897218974,-0.1750650829475,-0.2035434673203,0.0836195663983,-0.0207936110800,0.1238947201087,-0.1154126367212,0.2554330183751,0.0868834720303,0.0473286729758,-0.0591685269121,0.4585040309781,-0.0401785946573,-0.1510110271314,0.0577788084398,0.1981979477603,-0.0453563926845,-0.1384236283349,-0.1898951600043,-0.0107177937145,0.4968783774068,0.0765832017461,0.2068873441642,0.5129265145796,0.3694012452688,0.6780009380545,0.7360937454437,0.7387676221908,0.8614846082738,0.3461063871618,0.3657646850864,0.3901612008503,0.3954496836755,0.1075956984008,0.3081151145717,0.0998118281040,0.5136431759092,0.2707978835640,0.2913519152098,0.3735576190401,0.2820768772251,0.3857382281550,0.1374923916185,-0.1364641620450,-0.1695107869329,0.2967443757281,-0.1839435721307,-0.3199198168199,-0.0657621228186,-0.1633826904004,-0.2783566441334,-0.2427852583123,0.1040155346250,0.0657976849793,-0.0011729887781,-0.2315642781803,0.1523930179996,-0.1812100023303,-0.2032313518524,-0.0194267975102,0.5456591105523,0.0571460360933,-0.2267470620377,0.2638900467381,-0.0232502461711,-0.1102223837797,-0.3311199378397,-0.0334786314628,0.6178894022918,0.0008897128526,-0.0412480478273,-0.0100219752304,0.0770608334122
0.2039868364039,-0.2008125875155,0.1029588382102,0.4911839773489,0.3105863084227,0.1973094010224,0.4235338193876,1.0000000000000,0.6382928017904,-0.0114066905356,0.2000929683066,0.1570234423876,0.4510954988604,-0.0346142558168,-0.0053463978416,0.6314519419717,0.3280935765854,0.3712004975783,0.6938133321170,0.6043903482927,-0.0814220420169,-0.2292538238004,0.1037820819153,0.4656245537610,0.4063839500689,0.0708446133757,0.2029732460510,-0.2822849167736,-0.3228433857542,-0.3397265563003,0.2019913634055,0.0528001067542,0.2016778540221,-0.1867078739499,0.1929863672978,0.1986263470056,-0.1049742819624,0.1214174940097,0.1061045495674,-0.1277881257799,-0.3367670267655,-0.0873749626845,0.2119209407770,-0.0601128203092,0.0602422978768,-0.2637561522414,-0.0888057293657,0.0383596697052,-0.1906492709159,0.0476279584840,0.2147843990061,-0.0372603533419,0.3364118445697,0.3310040436645,0.3231785445623,0.4753446587807,0.3753365089862,0.6784425668751,0.7491672629908,0.5554169729092,-0.0542676610205,0.2185659039014,-0.0214527047862,0.3780309093052,-0.0604201235895,0.1080247044118,0.4392605706237,0.5242540542994,0.6295949836893,0.4987098785070,0.0316577551982,-0.1997946788112,0.4204593219195,-0.0268620048518,-0.1725708742986,-0.0503396996551,0.0014916601215,-0.2273783378561,-0.2894481660202,0.3825818297394,-0.0692525779046,0.0734552869989,-0.3518935853911,0.2518032836592,-0.0564865718462,-0.2780169882351,-0.1144502449846,0.3909909624385,0.0313131882396,-0.1034342250349,-0.0081614317179,-0.1275926330552,-0.1770792483098,-0.4140808333586,-0.1969875849432,0.1744375496201,-0.2110358459602,-0.2676558048530,-0.1499239163841,-0.0168378129114
0.1362740473128,-0.1164048315962,0.1925101507487,0.3184119297997,0.1880120231658,0.1998155186616,0.3166430514925,0.6382928017904,1.0000000000000,0.2246784504750,0.2741646541388,0.2930505827261,0.4250976487846,-0.1272248630371,0.0510112840520,0.3767138851117,0.0917068586073,0.0244988355222,0.6205749776812,0.5948377086394,-0.0238339419665,-0.0425022368737,0.1974493716901,0.5177148319448,0.4769623677298,0.0667819027920,0.1259499752396,-0.1877540040645,-0.2427706920365,-0.2802841736618,-0.0022640720373,-0.0322713854794,0.1294519906418,-0.0427519392884,0.1613306821262,0.0914107593437,-0.0048820873939,0.0589085993441,0.0454370329489,-0.0320880706349,-0.2744665426406,-0.0951870403017,0.0468498086474,-0.0047002133791,-0.1331486801485,-0.2896608180711,-0.0744009123319,0.1276462828116,-0.1165503259021,-0.0109386725443,0.1158951825202,0.0239646499212,0.1742116733130,0.2947603046075,0.1522440659846,0.3197497948370,0.4723405618132,0.6056153805129,0.5707585465160,0.8179864759303,0.1551028776547,0.2411049733761,0.2045295976825,0.3657723761151,-0.0769348615013,0.0799829176126,0.2966056330083,0.2374377536003,0.6010519110480,0.5398457934077,0.0220161986113,0.0148133333346,0.3717303364119,0.1549816940549,-0.1886932835420,0.0672677745218,-0.0015879499908,-0.1606567765293,-0.2434256383063,0.0860972356180,0.0542101884244,0.0439927504846,-0.3084570661051,0.1273236156052,-0.1707219861383,-0.1512685914882,-0.0625165857729,0.2435317560925,-0.1377615554665,-0.2209298378079,-0.0547348908606,-0.0439141990625,-0.0682878139574,-0.3175465340418,-0.0702325063013,0.1617225062157,-0.2254638217663,-0.1713576504698,-0.0907558062416,-0.0021051138312
0.0037189644486,0.2016138456615,0.1671798947183,0.1758870556878,0.0341518542648,0.2169168293780,0.1769552792637,-0.0114066905356,0.2246784504750,1.0000000000000,0.3351237705473,0.5544425186834,0.3563969731213,-0.1105031625926,0.4185073719020,-0.0956297377797,0.2650743230767,-0.1259007175699,0.0453812933243,0.0296438195029,0.3122211819358,0.5787102694345,0.3008986511797,0.2539039772432,-0.0406959791825,-0.1397727070806,-0.0584254534187,-0.2668274664245,-0.0256044359630,-0.0474611584769,-0.0375459773756,-0.0483157027220,0.2855189276696,-0.0118203400833,-0.0043316693027,-0.0969982834870,0.1989831195639,-0.3333933142947,0.0378714658566,-0.1937719142555,-0.0995634733075,-0.0214899059572,-0.0923913151241,-0.3223196929426,-0.4114719348211,-0.0056354840108,-0.0553738611287,0.2466512971865,0.2073862074328,0.1638232092938,0.0132202396325,0.1943838265145,0.1297619933720,0.1825609676850,0.0020300093889,0.0747276977968,0.1276061742880,0.0028323599658,-0.0368352703385,0.1918222116787,0.7574254645909,0.3646169082599,0.6399894341619,0.2500544522378,0.1176379430819,0.2246911493979,0.0391087508840,-0.0034147024581,0.0675982391444,0.0593617186444,0.2280802394629,0.5281281594406,0.1097804464189,0.1371678847124,0.0135947531870,0.1595422853622,0.0474358361930,-0.2860917231153,-0.2115781509023,-0.0865520020777,0.2498029619414,0.2031281445680,-0.1524663491291,-0.0694170712875,-0.2330226058236,-0.0337914234659,0.1326432426200,-0.0385140910670,-0.0791149567222,-0.2767043431618,0.0465630028846,-0.1114236595237,-0.1953421900125,-0.1280076745126,0.1119650225687,0.1298475608424,-0.0372947031748,0.1051003858080,0.1113650557116,0.1582923058298
0.4365706682991,-0.3746887641026,-0.0372530557487,0.4036468431684,0.4656686422804,0.2427149272060,0.3089227472168,0.2000929683066,0.2741646541388,0.3351237705473,1.0000000000000,0.7182388709615,0.4933090262802,0.0612225918503,-0.0450309008277,0.2741426682469,0.2558302623148,0.2564747217560,0.2553479182346,0.2332130142716,0.2294634311606,0.1042146723028,0.6077023178486,0.4193877439590,-0.0511169350756,0.3611013638049,0.1796239090029,-0.4276140907279,-0.4076230825406,-0.5608439037770,-0.0187789820684,0.3476057990001,0.3749746820757,0.0156588022150,0.4413853818950,0.0294429222458,0.1455364477845,-0.0263392099055,0.2403685373428,-0.0246921024667,-0.4775333854068,-0.0421959218865,0.1868391085960,-0.2017664306800,0.0528927421647,-0.0704039634489,-0.0574255757618,0.4144595348714,-0.1317686607305,0.1946264073529,0.3153304946889,-0.0104547529202,0.3741015532683,0.1410624175980,0.2387598260269,0.1247623542832,0.1173853875350,-0.0790731511251,0.2354027026937,0.0491300678047,0.3259196476944,0.8199404422870,0.4436494425191,0.5509205712805,-0.0741959773373,0.4142575568459,-0.0191981962977,0.2415771194707,0.2213385434943,0.1390607803344,0.4140095672386,0.3279415803585,0.4234299789397,-0.1839220498023,0.0037607334819,0.1409048550890,0.2212272488763,-0.3951970323384,-0.4966435925562,0.0534967650660,0.1152724566101,0.4010241769932,-0.4998826290104,0.2266420878128,0.1622373850689,-0.1181037621123,0.0950378322025,0.2223665641655,0.2497451496001,0.0184921100175,0.2622232266029,-0.0478491071869,-0.2946112185398,-0.2931228534580,-0.1523858278616,0.4712918488973,-0.3002830406959,-0.3096885704911,-0.0190549835866,0.2645595634932
0.2518157296689,-0.3475028810547,-0.0916830525259,0.2220617152537,0.2545511544907,0.0683653281352,0.1277001622657,0.1570234423876,0.2930505827261,0.5544425186834,0.7182388709615,1.0000000000000,0.4785386299243,-0.0340023246202,0.0219871857490,0.1435244707131,0.3887622843989,0.1557446630995,0.2326014511623,0.2988125277610,0.4520743600032,0.3550293632349,0.7376029041066,0.3983894271530,-0.0340934550659,0.2911286835642,0.1870565175417,-0.3573311443544,-0.4320195508861,-0.4847739146715,-0.0481983673771,0.2854667080090,0.5115173545869,0.0792438253085,0.3651426088006,0.0019322635453,0.1332411329395,-0.1882839810259,-0.0284086590101,-0.1067745918063,-0.5183031301808,-0.1019662774506,0.0022518863096,-0.3530800388272,-0.1081813546079,-0.0364993994321,-0.0703015992957,0.2032233183110,-0.1741977622899,0.1011719398016,0.1383272801546,-0.0799087895283,0.1867548174714,0.0366892850805,0.0106262163518,-0.0091554886698,0.2133178816788,-0.0289519358686,0.1428906109393,0.0802796738055,0.5959393218384,0.6874487497207,0.7250031150392,0.4961855599821,-0.1471409717596,0.2144393774267,-0.0161922715494,0.2547692349466,0.1839331884054,0.2451864305684,0.5592005863226,0.5869701549046,0.3534222010131,0.0779217359967,0.1242260944481,0.2162808879231,0.2158232119523,-0.3437922851744,-0.4413307492934,0.0222226173555,0.1677288359709,0.4795571003917,-0.4885906367973,0.0783459715733,-0.0008637320700,-0.0034794097921,0.0427375235479,0.0778524455998,0.0684701531056,-0.1205243933674,0.0081185999290,-0.0740304119837,-0.3328169893357,-0.2174370418009,-0.0326755053870,0.2125007285200,-0.3632432042133,-0.2199305481002,0.0050687191480,0.2345978331935
0.1593405726093,0.0141886191070,0.2828473711295,0.5811905333250,0.3084094328505,0.3624457858973,0.6382278745009,0.4510954988604,0.4250976487846,0.3563969731213,0.4933090262802,0.4785386299243,1.0000000000000,-0.1799071686596,0.1408408731867,0.2957295133424,0.3602776358454,0.0104549760297,0.2800596570572,0.2204540861214,0.0208355197117,0.1074468403529,0.1655209569587,0.4837543448391,0.1687254115627,0.0626083674064,0.1621428813168,-0.2927948677018,-0.2830263492379,-0.2761396170938,0.0771163853585,0.0561485491716,0.3186740720117,0.0043489614006,0.0823761001064,-0.1164525103004,0.1150122210375,-0.0210845820780,0.2846419622052,0.0509327631373,-0.2525274412059,0.0355180899795,0.2191485688259,-0.0053933158292,-0.1117433009482,-0.1793204090789,0.0859705691259,0.3454360067801,-0.0480825946505,0.1660924181972,0.2277578778812,0.2023135969254,0.5199284645779,0.4216981117220,0.4359209357828,0.5456080816975,0.5238493935950,0.3460371472632,0.2994337181261,0.3908180721914,0.3067105973311,0.4822488029644,0.4093935721056,0.8241914572499,-0.0318445376998,0.2060488331749,0.2675423814344,0.3534805673366,0.3775395651232,0.2096334511009,0.0014340091777,0.0743396278284,0.3466165874045,-0.0972372889892,-0.2123087338415,-0.0293699827933,0.0405550173477,-0.3059099069256,-0.3283303856433,0.1121057449685,0.1184057401129,0.1440027516890,-0.3250554663504,0.1234542297188,-0.2268629786782,-0.1137728252203,-0.0187454205477,0.2990093200476,0.0685661806157,-0.2386269041776,0.1797485268318,0.0710237531671,-0.0992460145921,-0.3330394998861,0.0792092611778,0.4253847735828,-0.2029795963910,-0.0531123126717,-0.0226941929651,0.0116635046666
0.5826500148552,0.0223772216512,-0.0521557844947,0.0979797536725,0.3815455068994,0.2318873906880,0.0106749939472,-0.0346142558168,-0.1272248630371,-0.1105031625926,0.0612225918503,-0.0340023246202,-0.1799071686596,1.0000000000000,-0.1612784338489,0.1557020563328,-0.2409372358269,0.5388528193738,-0.2318206705522,-0.1537861315685,-0.2000847454000,-0.1288218333506,0.0389868297962,-0.1300834184840,-0.2399122960587,-0.1382111784477,-0.4145168012716,-0.1956523999584,-0.0233202990508,0.1048798371954,-0.0998902298594,0.1248617214922,-0.2101752397771,-0.2764695044147,0.3157966985331,0.3757070913364,-0.2026153125473,-0.1247461217214,0.0193739870726,-0.2110659555077,-0.0738031861132,0.1391133671408,-0.1429565469350,-0.1823132159520,0.3087554684870,0.4437327200119,0.0578347559588,0.1547793161344,0.0204623689660,0.0487234146672,0.5224700945457,0.0792155397670,0.1446151929689,0.1109285693924,0.1736267842494,-0.1237509800826,-0.2908768271909,-0.1768335780790,0.1338497166151,-0.0612706035582,-0.0024965368005,0.0201642790113,-0.1730176768770,0.1076057548229,0.5817023936424,0.1098753726707,-0.2202036751646,0.1537403330430,-0.3402454449974,0.0022702448828,0.1098796870158,-0.1504366526903,0.1631673436238,-0.0076595096507,0.1115751506772,-0.5032036763169,-0.4777622659652,-0.1575072332428,-0.3078448921978,0.0062675497622,-0.3714932756546,0.0683839952672,0.1342868171843,0.0640224479289,0.4754904466013,-0.4102488467763,-0.1494415491453,0.1195185999416,0.1435441629740,0.1519156579564,0.0965087253675,-0.4165903168824,-0.3946234054287,0.0499140638345,-0.4653377774664,0.1401926147984,0.1818496730165,-0.3207256797612,0.2061250020848,0.3792774470497
-0.0417276825760,0.3580609006375,0.4083864767428,0.3620777675069,0.0080482352756,0.0907423667003,0.1989652730776,-0.0053463978416,0.0510112840520,0.4185073719020,-0.0450309008277,0.0219871857490,0.1408408731867,-0.1612784338489,1.0000000000000,0.0098525010296,0.3688493594184,-0.1292185856685,0.1269533114776,0.1170776402162,0.3371324817721,0.4711768757414,0.0312313068944,0.2480902875867,0.0803238391572,-0.2646960835118,0.1634610524626,0.0035488071920,0.2071903858873,0.1140678697866,0.3059804241330,0.0439473061011,0.3772245859587,0.0521461789989,-0.1838900804403,-0.1773975422695,0.1554417477957,-0.1430464500451,0.0684702256565,-0.1085257969609,0.2164829644937,0.0522652945284,0.1571721457624,-0.2025172550248,-0.4487168168674,-0.0592301257293,0.1961524323479,0.1288383025377,0.4034672386887,0.3089640537173,-0.0142056166055,0.1592997175136,0.2214695987714,0.2877236221536,0.1432445041455,0.2626902523285,0.0649571329201,0.0220478306587,-0.0588074496266,0.0699875313606,0.2919444050033,0.0227766791467,0.1677631896762,-0.0957408183500,0.2507951386573,0.2837884703333,0.2034810682570,-0.0157567539148,0.1859484085385,0.0158272839243,-0.0249780711921,0.2844220993473,0.0103173431035,0.0017808389283,-0.1390344761159,-0.0091810612398,0.0111876345157,-0.1765688512529,0.0718593376336,0.1174173171823,0.3225364386203,0.1613364189021,-0.1028531780935,-0.0904636290382,-0.3953765545995,0.0631640755167,0.0746649027453,-0.0678640380814,-0.1972805010253,-0.4713988176270,-0.0060887556110,-0.0215285717606,-0.1969887237128,-0.1921740376210,0.3138093382840,0.0263487363400,0.1775220160527,0.3081281978738,-0.0186543676021,-0.0014686967841
0.3403043444179,-0.1625849224231,0.0608217310362,0.6278239766341,0.4132131523446,0.2290005776145,0.4487372647227,0.6314519419717,0.3767138851117,-0.0956297377797,0.2741426682469,0.1435244707131,0.2957295133424,0.1557020563328,0.0098525010296,1.0000000000000,0.3142763579205,0.6036949462818,0.6507333877774,0.5355269025876,-0.0028687011903,-0.2566319104358,0.1641729616610,0.3713091894517,0.3359331434027,0.2289881853500,0.2168014144066,-0.2457061130815,-0.3062096467154,-0.2946949763707,0.2496260223177,0.2556284706118,0.2895647348045,-0.1533847826956,0.3908335166081,0.4959730013146,-0.2031623705505,0.1849509430038,0.0256571094218,-0.1502454756228,-0.3659408345455,-0.1534431756287,0.1749702269469,-0.0140631221627,0.2479740032947,-0.1465035520354,-0.0572986467899,0.0834785717288,-0.1629885876982,-0.0286567702463,0.4297313261162,0.0535945385816,0.5962597450494,0.3366086864808,0.3638221989653,0.4846561840034,0.2554360828401,0.3475593129188,0.6306011089570,0.3294338158497,-0.1180696156203,0.1417636478655,-0.0545418530698,0.3379119863785,0.1494278661299,0.1432204447203,0.6200547657663,0.5261601982143,0.5039597245290,0.4312408767886,0.1686558367873,-0.1439207900130,0.4520132102278,-0.0158568099895,-0.0193139184415,-0.1046118476319,0.0022323611859,-0.2248842972149,-0.2752028160306,0.3783043758087,-0.0924778364334,0.2373842264056,-0.3065130032973,0.2106280924849,0.0593249478773,-0.2697502461510,-0.1808933864118,0.4988368268366,-0.0170652253258,-0.0275598299085,-0.1167609944948,-0.2259282675971,-0.2761840511137,-0.3741677342654,-0.3975897709051,0.2350354610509,-0.1223135831863,-0.3286227162114,-0.2781900827579,0.0531703253193
-0.0625813216592,-0.1418731798282,-0.1371663760215,0.2909770595525,0.0323637530383,-0.1084298155053,0.1835930763093,0.3280935765854,0.0917068586073,0.2650743230767,0.2558302623148,0.3887622843989,0.3602776358454,-0.2409372358269,0.3688493594184,0.3142763579205,1.0000000000000,0.3518441950508,0.4049348726647,0.4380401185819,0.5050554235117,0.2441113187106,0.3421942311873,0.3987953369376,0.0733274698902,0.2378091332774,0.4717515329620,-0.2346640357720,-0.1876307215196,-0.2452309636425,0.5041809140040,0.3575153964339,0.7393676010577,-0.0281010515752,0.1084612283100,0.0515373747651,0.0720210123441,0.0627046521384,-0.0453202261857,-0.2185129325482,-0.2547692804857,-0.2934089521554,0.1815968247202,-0.2553552056891,-0.0863032511272,-0.1267113082896,-0.0139568246650,-0.0674844966385,-0.0124976858821,0.0507082635760,-0.1297013716440,-0.1109815264097,0.1965448616926,-0.0055173319616,0.0312920082695,0.1900841089694,0.2600290929126,0.0541813904429,0.2178595208858,-0.0070911574545,0.2511100672416,0.2615756765408,0.2386520261761,0.1829141943952,-0.1490865976117,0.2112559358916,0.3289151370058,0.5649676517769,0.4150316538100,0.2277174188700,0.4976156521440,0.3058769506494,0.2694126042051,0.0144962489149,0.1998496014518,0.2525991725162,0.3312577209956,-0.2569895994365,-0.0841351161350,0.5002663150948,0.1926695177303,0.4692502530620,-0.3154272960767,0.1303533644842,-0.0778861863621,-0.0109316264327,-0.0457476020631,0.1341690805636,0.0628181084633,-0.0849911352000,-0.0996351837363,-0.1183399546717,-0.2076836598577,-0.3119867106723,-0.0068000875173,0.0053294551414,-0.1747738276853,-0.0298376726715,-0.2306476727925,-0.0350382437418
0.4234333405959,-0.3409904625256,-0.3416276353323,0.2941160752215,0.3260471087876,0.0263331314861,0.0956309904009,0.3712004975783,0.0244988355222,-0.1259007175699,0.2564747217560,0.1557446630995,0.0104549760297,0.5388528193738,-0.1292185856685,0.6036949462818,0.3518441950508,1.0000000000000,0.2356405355417,0.2867509518187,0.0295652866510,-0.2120073234472,0.3170805521807,0.1794886718528,0.0037525228629,0.1914063215164,0.0355132878153,-0.3700070360145,-0.2590068363125,-0.2491632697533,0.3153561790469,0.4128657146781,0.2262632592472,-0.2868321991813,0.4427274892896,0.4452759682812,-0.2781218725328,0.1007873162139,-0.0746005283942,-0.2761722119317,-0.3570124718862,-0.0857474611157,0.0932284745649,-0.2254011211588,0.4272999132340,0.1706657929983,-0.0696938820574,-0.0367665103689,-0.2319781408620,0.0315368103014,0.3015041387659,-0.2103936581361,0.2763895259825,-0.0267859733092,0.1103245384485,-0.0006598808985,-0.0662347635697,0.0008827249661,0.4741041893512,-0.0161685874000,-0.0599381166651,0.1566355526267,-0.0987409811860,0.2430083051350,0.2830619097128,0.2394548307858,0.1295830723680,0.6245586355973,0.0475358866929,0.2816493450311,0.3934635660056,-0.0312436408094,0.4670136379990,0.0116147396623,0.2722710424715,-0.2177223106268,-0.0858114339560,-0.2646211115186,-0.3490502140253,0.4881933781740,-0.2631164835891,0.3871490343316,-0.1428670989202,0.3013538420571,0.5238107526856,-0.3689813676977,-0.1930903686859,0.2420995550420,0.2403934784880,0.2675777505601,-0.0386867745626,-0.4191192399853,-0.4663839630415,-0.1637131148989,-0.5988928803526,0.0957763865141,-0.0547231975574,-0.4145384536093,-0.0550177317642,0.3003457982756
0.1537707913458,-0.3218103085750,0.0847072866386,0.4081421179497,0.2538918987176,0.1160427011675,0.3024288218784,0.6938133321170,0.6205749776812,0.0453812933243,0.2553479182346,0.2326014511623,0.2800596570572,-0.2318206705522,0.1269533114776,0.6507333877774,0.4049348726647,0.2356405355417,1.0000000000000,0.7403608168271,0.1264411214333,-0.1441948506077,0.2640215848510,0.4772598001296,0.3746682684394,0.2096790127524,0.3252611175577,-0.1992346687818,-0.3556944971556,-0.4631288215252,0.2144647930563,0.1733870782659,0.3215893558461,-0.0104387005911,0.2423351417510,0.3311187324784,-0.0863985085160,0.1595006891990,0.0331025603531,-0.0453531318783,-0.3498236071215,-0.1543481996645,0.2458479526968,-0.0787984688312,-0.0791988482231,-0.3718918172888,-0.0737019102246,0.0315374558081,-0.2184598793371,-0.0003129792169,0.1154915029154,-0.1020975945036,0.2585048617645,0.2340648338300,0.1718886719956,0.3947057121950,0.2364341051598,0.4279731948872,0.6549993696526,0.4069384467844,-0.0063767508772,0.2034830069645,0.0731295264667,0.1873836293312,-0.1334895519174,0.2223953100912,0.5434615537725,0.4401109946344,0.8533006646364,0.5126837717234,0.2247961779546,-0.0185414262322,0.3398300594021,-0.0476208173734,-0.1051969591495,0.1935540462990,0.1535019776931,-0.1724107204352,-0.2409896366788,0.3521186350738,0.1728575591860,0.1911276625332,-0.4396398099866,0.2254723520358,-0.1590838878210,-0.0523836137743,-0.1063962644787,0.3976127243265,-0.0712086969034,-0.1397034079741,-0.0974641670900,-0.0391671860349,-0.1414042576039,-0.4002736023856,-0.0821455016256,0.0857954257002,-0.3221694743074,-0.2044453306832,-0.1971145609999,-0.0571862130075
0.1484254261704,-0.2862277098581,-0.0212222953165,0.2794528671213,0.1598349197454,-0.0925069811257,0.0975733473529,0.6043903482927,0.5948377086394,0.0296438195029,0.2332130142716,0.2988125277610,0.2204540861214,-0.1537861315685,0.1170776402162,0.5355269025876,0.4380401185819,0.2867509518187,0.7403608168271,1.0000000000000,0.2235954599377,-0.0217380097782,0.3966332864806,0.5644145982734,0.4891547399606,0.2749805713729,0.5053375078977,-0.2294251878156,-0.3874851303415,-0.4165821222315,0.2961397070678,0.2567531918903,0.5528209314460,-0.0306644878314,0.2730944228089,0.2551478474972,-0.0345281167244,0.2732074632308,-0.1102940806323,-0.1049854667588,-0.4178274160200,-0.2931848750407,0.0516784230593,-0.1013488076816,0.0298304699654,-0.2450737356806,-0.0683680191568,-0.0889031036722,-0.2531724357225,-0.1141782269689,0.0470727757369,-0.1810397175527,0.1578888204000,0.0889484644628,0.0087856720209,0.1478601778511,0.3454928233652,0.4217085063025,0.5682571453171,0.3821707306858,0.0774022807965,0.1841093442451,0.1038185949367,0.1454605804456,-0.2184415153088,0.0245707834939,0.3582954222997,0.4845650880243,0.6319413192021,0.7582888562800,0.3451432720087,0.1058908666898,0.4420980134400,0.2254196083631,0.0321329829376,0.1613500595172,0.2263208342454,-0.2362783846324,-0.2530408331981,0.3946322121960,0.0332036020932,0.3495112859700,-0.4508812471778,0.1383856462260,-0.1033078419216,-0.1318045525776,-0.0837541440088,0.2426298570877,-0.1762387851837,-0.0534812982468,-0.2053134674599,-0.1371644519928,-0.2355776333116,-0.3648059175799,-0.1969279635589,-0.0379594262590,-0.3090453718527,-0.2929856116290,-0.2816149065682,-0.0904086590428
-0.1399316332565,-0.1450385828360,-0.2066136448364,-0.0340724464957,-0.0957087551634,-0.3007772056598,-0.1889489445585,-0.0814220420169,-0.0238339419665,0.3122211819358,0.2294634311606,0.4520743600032,0.0208355197117,-0.2000847454000,0.3371324817721,-0.0028687011903,0.5050554235117,0.0295652866510,0.1264411214333,0.2235954599377,1.0000000000000,0.4459461632868,0.5204508299225,0.2374546505446,0.1157971666393,0.3469857221947,0.4661636857933,-0.0640735449341,-0.0295626908984,-0.1716052817252,0.2449656864386,0.4069074373142,0.5309012215070,0.0747729078704,0.1293809269949,-0.1420887444602,0.1279459389597,-0.1130867935371,-0.3435058958300,-0.2865576460845,-0.1646535925424,-0.2079605066803,0.0470220144409,-0.2631896743667,-0.0958736688748,0.0913664915132,0.1922135548777,-0.1876569537138,0.0432551146360,0.2340799795037,-0.2135014518523,-0.1976932623358,-0.0277022363963,-0.2282506032278,-0.2047350395796,-0.1736002419114,0.0762775757942,-0.1728714291987,-0.1613845487095,-0.1664139198524,0.3158479825705,0.2118814718817,0.2846923296279,-0.1014152302610,-0.2423942447642,0.0600693874093,0.0339125331730,0.0297374972558,0.1176901363238,0.0973011754975,0.5855914669989,0.5713478689006,0.1522275600783,0.2813213757483,0.3711170564134,0.3462027330074,0.3673768454215,-0.1960003935929,0.0278474078577,0.1012824936940,0.2139455176959,0.4452966814638,-0.3422562981517,-0.1958406482943,-0.1178317182570,0.0661312263223,0.0004859666514,-0.1639137190972,-0.0200898554119,-0.1866502681810,-0.3385886766972,-0.2280822052267,-0.2527309720108,-0.1552621797464,0.2115015716283,-0.1979979173144,-0.1444909683269,0.0392485705930,-0.1598846111617,0.1708120718661
-0.0675296630804,0.2465611572195,0.0956126338394,0.0151435688792,-0.1315602651868,-0.1130795905282,-0.0821456457922,-0.2292538238004,-0.0425022368737,0.5787102694345,0.1042146723028,0.3550293632349,0.1074468403529,-0.1288218333506,0.4711768757414,-0.2566319104358,0.2441113187106,-0.2120073234472,-0.1441948506077,-0.0217380097782,0.4459461632868,1.0000000000000,0.2697377312115,0.2567420995284,-0.0577407504680,-0.2185859482923,0.1033710216661,-0.0189262689542,0.2364268613817,0.1298922759093,0.1098916103480,-0.0086888694125,0.3756790332353,0.1064334826229,-0.0266166417204,-0.3087210331517,0.2995978123415,-0.2526711374399,-0.1536962890315,-0.2257383617943,0.1825900936599,-0.1420585124186,-0.1879641413366,-0.4329645735501,-0.3761765633470,0.3619045147396,0.1375793802321,0.0786846513237,0.4472013609465,0.0093275062972,-0.1638985217212,-0.0381063182888,-0.0151266586019,-0.0442461694639,-0.1369617081152,-0.1481121258104,0.0142006493647,-0.2162147336805,-0.2497154186708,-0.1089490653662,0.5894946211707,0.1277669560938,0.5040630407647,0.0167545782894,-0.0850398779084,-0.0182860584976,-0.1062116613660,-0.0625996869935,-0.0789708580196,-0.0702048200314,0.2157233764325,0.7450670271244,0.0954440999091,0.1726097347399,0.1799648762224,0.0599340870097,0.0750224910422,-0.0783215978582,0.1792228561733,-0.0026777434234,0.1683140803956,0.2831780595388,0.0760739706694,-0.1130232227133,-0.2094622289911,0.1578097622185,0.2437148268903,-0.2498196786327,-0.1532921085133,-0.2600932353852,-0.0619750610532,-0.0970107736839,-0.2679677419438,0.1946653760313,0.2751847713646,-0.0322903113602,0.2901122414778,0.2216004279277,-0.0418333771661,0.0325024752160
0.3629627288603,-0.5218562982410,-0.1790330855828,0.1738212253660,0.2614966641340,-0.0817616994832,-0.0488775226441,0.1037820819153,0.1974493716901,0.3008986511797,0.6077023178486,0.7376029041066,0.1655209569587,0.0389868297962,0.0312313068944,0.1641729616610,0.3421942311873,0.3170805521807,0.2640215848510,0.3966332864806,0.5204508299225,0.2697377312115,1.0000000000000,0.3762649336024,0.0464400260211,0.4420334996201,0.3643535277180,-0.4269260708070,-0.5111510671042,-0.6780827593100,0.1281502643337,0.5571572586756,0.5727360531441,0.0621334465555,0.4218355377264,-0.0190507970025,0.0558319545391,-0.0550869717027,-0.1490288594032,-0.1428621483467,-0.6111993983828,-0.1605664204119,-0.0150725162396,-0.3814629555572,-0.0098371295019,0.0320862298861,-0.0030011881397,0.0812803318025,-0.3194720494795,0.1333825974156,0.1370409207891,-0.2407281094347,0.1360531556405,-0.0876389391230,-0.0842112503623,-0.1252987285913,0.0794328773491,-0.1252139140212,0.1620833607676,-0.0707937666420,0.3756800142343,0.5132346709850,0.4792047449441,0.2630242616110,-0.1346485215244,0.2731722124028,-0.0536092572201,0.2970115703739,0.1810417178558,0.2954994429120,0.5946879130075,0.6809163253377,0.4119839088346,0.1063981246279,0.3011392601560,0.3107908361136,0.3492855178721,-0.4401199176223,-0.4965801902083,0.1841101328957,0.2353204618547,0.6628236512062,-0.5787474165886,0.1722393252484,0.1789569777165,0.0017609933476,0.0390921200995,0.0065592673628,0.0958891572457,0.0317250030184,-0.0805766339229,-0.1688791985630,-0.4226027428496,-0.2385247484567,-0.1273851165689,0.0945461644277,-0.4236017103654,-0.2674898038759,-0.0426818150260,0.3428107268548
0.2806733757399,-0.1012078333531,0.1921623308634,0.4792206541469,0.3629429014262,0.1933824465087,0.3968428535785,0.4656245537610,0.5177148319448,0.2539039772432,0.4193877439590,0.3983894271530,0.4837543448391,-0.1300834184840,0.2480902875867,0.3713091894517,0.3987953369376,0.1794886718528,0.4772598001296,0.5644145982734,0.2374546505446,0.2567420995284,0.3762649336024,1.0000000000000,0.2525071431393,0.0440051376509,0.4072326574366,-0.3112628149897,-0.3083521647843,-0.3849726619918,0.4087138949371,0.1324358185954,0.4473544107385,-0.1758301611858,0.3614565827174,0.0147615671468,0.2593120735827,0.0586147584492,0.1643836848929,-0.1306069333039,-0.3210833223402,-0.1813844719838,0.1625014132395,-0.2615955743599,-0.1721665056497,-0.0586437583012,-0.0701118219148,0.3005608457920,0.0674560149437,0.0317451258036,0.2087838566126,-0.0625082060922,0.3746296847212,0.3002205792742,0.3268972494126,0.2942198462534,0.3629488372574,0.2961414720949,0.4303866870786,0.3809340651071,0.3249344000171,0.4249960080549,0.2295780946398,0.3421059154544,-0.1865287570151,0.1551194710487,0.2864243788514,0.4300486391550,0.5307616570932,0.4501528478268,0.2327190272234,0.2301196954106,0.7614705198361,0.1928592408619,0.0194603049406,0.0618584956615,0.0922918311261,-0.3457667984905,-0.2814914514484,0.4091230333276,-0.0082608259637,0.2560743369239,-0.3974655407607,0.2677494895769,-0.0884382799738,-0.2106342625309,0.2016658429089,0.4136452203222,0.0142903745860,-0.0941875123208,0.1231863506107,-0.1080958812139,-0.3014334398990,-0.2646923662403,-0.0726622873283,0.3760846112161,-0.0291842880501,-0.1737338718170,-0.0967476535023,0.1141877366231
