1.0000000000000,0.3166607283286,0.4130268853077,0.0990723802883,0.6655534358160,0.3657821024018,0.1298919307838,-0.0302370957549,-0.0419698027362,0.1757600586304,0.2091252726692,0.2954769036160,0.2153409030057,0.7359215200627,0.1604918539696,-0.1364784031190,0.0626770953003,0.1527021648022,-0.1143910402535,-0.1071056317676,-0.2431759369648,0.0035029131312,0.1103201665065,-0.0350076616283,-0.1007284681685,-0.0108566288105,-0.1912863290994,-0.1343630039811,-0.1669484491454,-0.2768155738520,-0.1368064773516,0.1352876082268,0.0076997417674,0.0843210365699,-0.0121855700107,-0.2773263083638,0.0040896304093,-0.2178731243303,0.1245770797152,-0.1296650218301,0.0193033332032,0.4380267214296,-0.4021085456817,-0.2454999645169,-0.2481134424670,0.0184216996889,0.1013424183131,0.3278320677043,0.1314770652727,0.0458301618835,0.7206291264518,0.4603170535214,0.0413727300575,0.5356091804616,0.4389544521729,0.1310491490624,0.1994674393794,0.0280455184983,0.1347672676385,0.1137373039776,0.1538670434178,0.1705112936980,0.3529444382579,0.3570132407513,0.1239970445336,-0.1950708050017,-0.1162065594596,0.2310612102329,-0.1026629243423,0.0775103499366,0.1694522363418,0.0850285987172,0.0483690978012,-0.2218220090910,-0.0373831668207,-0.0183337936078,-0.1085544344961,-0.1244118928754,-0.3404615727439,0.0433176598813,0.2597880531684,0.0463674704968,-0.1882352248125,-0.4350175820481,-0.2635035970469,0.0696014592526,-0.0036222682187,-0.1163454917228,-0.0888337823634,-0.2313896360362,-0.0928502735273,-0.1007977328998,-0.2118140057477,-0.0679315957737,0.1771495049566,0.3144769744383,-0.1573649202266,-0.0135933619710,0.1019839705680,0.1281077398489
0.3166607283286,1.0000000000000,0.7116069785974,0.1249954326331,0.4471121052154,0.4140538512361,-0.0055353599464,-0.0303440607033,-0.3050970728592,0.3898095564191,-0.1050276486025,0.0130356048608,0.0904967116383,0.4422360260153,0.2686844987590,0.0220542174886,-0.1196047895640,-0.2355667540041,-0.2627174744089,-0.1247530228247,-0.2007515029986,0.2597169260690,-0.0973442406141,-0.1604785316323,-0.0960915986051,-0.0577302045508,-0.3171485693256,-0.1312707944806,0.0382770232776,0.4352407649344,-0.1219206231834,0.0024557567803,0.0253469574315,-0.1954603106373,0.0623938936099,-0.1546090058430,-0.0668802004662,-0.1872659096174,-0.0309316477311,-0.3537414788106,0.3147732885621,0.2701300760296,-0.2644618187432,-0.1105515537174,-0.0895366976549,0.0081521485669,0.0649494112179,0.0325467827030,0.4431952683278,0.0623077298935,0.5554226914072,0.6514974377226,0.0722011592081,0.3031508649591,0.2499129249803,0.1138278052745,-0.0631020639245,-0.0725548776982,-0.1067582026453,-0.1996408305081,0.2606928918388,-0.1289090490858,-0.0030866679344,0.0108709326659,0.4779708087185,-0.1507106879194,-0.0508717625300,-0.1439922883772,-0.1029753839055,-0.1621840409682,-0.1664241807705,0.0213310134048,-0.1887664490672,-0.0318628961728,-0.2324422040226,-0.0138320539033,-0.2273882756310,-0.2337564268609,-0.0176925292385,-0.1702641125042,-0.0424144671790,0.0012326874567,0.2826979693637,-0.2162971316663,-0.1385245182693,-0.1356762288913,-0.1235405725595,0.0001783857223,-0.3742891457451,-0.2056463307576,-0.1716794501869,-0.2373591710271,-0.1163755465608,-0.2284310464505,0.0175216772923,-0.1468483897971,0.3378695290176,0.1043056975652,0.1249667982466,-0.1989316811808
0.4130268853077,0.7116069785974,1.0000000000000,0.0395319896754,0.4791358864668,0.6596248676736,0.1708280915449,-0.1579402227275,-0.1956799435748,0.3168820101992,0.0091474716852,0.1095380477836,0.0804289147002,0.3440093648444,0.2162060476302,0.0366905650049,-0.1270222493470,-0.1992028828749,-0.1782958308190,-0.1518004491054,-0.1501465854418,0.1122692223908,0.0551568452362,-0.0905249297898,-0.1047340097218,-0.0519399417687,-0.1653216101146,-0.1369399363189,-0.1321087358514,0.2483550263735,-0.0330692696420,0.0705591724033,0.0302744123365,-0.1335527158091,0.1967300095372,-0.0668014530033,0.0278982536306,-0.2787928777049,0.1587344564435,-0.2014484216714,0.1537734223939,0.2906843929908,-0.1194366258292,-0.1964682946083,-0.2101362394098,-0.0069551313947,0.0803380397195,0.2401710627675,0.2516834603941,0.0803339297327,0.5687655889962,0.6483019893550,0.0527812972867,0.5742618125299,0.4319186042240,0.1493489555089,-0.0024324038509,-0.1481170327203,-0.0507845788548,-0.0569060237535,0.2290117919605,0.0134477807076,0.1002214771522,0.0649365297227,0.2773018873227,-0.0532873167356,0.0297998965138,-0.1011090069837,-0.0270122620396,-0.1415220933339,-0.0875443579317,0.0530333517449,-0.1125515089215,-0.1428044762472,-0.1720761627341,-0.0577324516153,-0.1276562674301,-0.2190389758052,-0.1599624875411,-0.0752475064569,-0.0092963913594,0.0068120823585,0.1559779348332,-0.1017661508842,-0.2518823467465,-0.1666690354704,-0.0600857459434,0.1610175632226,-0.2099961693159,-0.2794105336782,-0.0476278992307,-0.1241240601311,-0.2197820818000,-0.1402589589939,-0.0577254201420,0.0671263568958,0.1347694285871,0.0355844405843,0.0904027542878,-0.1411046139893
0.0990723802883,0.1249954326331,0.0395319896754,1.0000000000000,0.3211626845132,0.3730619491046,0.5498703308061,0.3467437884692,0.0072820362747,0.0287208210877,0.3339964191673,0.3980368609796,0.5032451584144,0.1436067816813,0.4563127908184,0.6578289446560,0.5072106071140,0.2915250322416,0.2729803005964,0.1063351077277,0.3880873127086,-0.0269692235458,0.2206295407851,0.4421801477292,-0.1399154127021,-0.0209528238041,0.1851107807209,-0.1017416387242,-0.1223003021748,-0.1864147562659,0.2063719606500,0.1028266460930,0.3036657741260,-0.3546534654897,0.2742715273817,0.3936728602942,0.0643189380320,0.0696429729592,0.0420390372333,-0.0370468909174,0.0166290893395,0.0725657773019,0.2234731570935,-0.0219439765427,-0.0512261327235,-0.0106406028615,0.1062951785645,0.2209350374431,0.0122184662411,0.2440486186213,0.2241537534052,0.3923102546394,0.7206159745067,0.3160668082674,0.3593869938273,0.7830034715716,0.2427207867340,0.1502540922928,0.4213486987435,-0.0147533253858,-0.1287553216950,0.3418064035304,0.3337318239826,0.3019207608845,0.1843085343671,0.2915396550371,0.2458740785476,0.3909168825504,0.2243009096030,0.0789438498777,0.2878020247648,0.1468970652601,0.3790527954926,-0.1364095998238,0.1343422199749,-0.0577842743685,0.1702168900375,-0.2532611971455,-0.1143142335458,0.2796231549958,-0.1534363131627,0.0997754150587,-0.3313956528892,0.0956314382792,-0.2051034044102,-0.2319630688648,0.0888646054115,0.2390296173753,0.0826760882733,-0.1693482049867,0.0528920389042,-0.0717984377353,-0.0106344685923,-0.2709130216300,-0.1828514190758,0.1564363489114,-0.1100049207764,-0.1675674450763,0.0988013056570,0.1890420857735
0.6655534358160,0.4471121052154,0.4791358864668,0.3211626845132,1.0000000000000,0.6287604865173,0.1964756899184,0.1864315274159,-0.0050963140836,0.2866385789583,0.3902592706014,0.4357370138725,0.4101478151617,0.5645025054189,0.2240630496179,0.1123059837010,0.2028272185952,0.2159596063476,-0.0155554192736,0.0615384974684,-0.1416735320371,0.3030854821548,0.1857214632153,0.1745661200826,0.0029889685212,-0.0640407044221,-0.0857380238149,-0.1613063012774,-0.0719184938844,-0.2590482128271,0.0145386777317,0.1084795059368,0.1757878670362,-0.1469963004591,0.0509804301743,-0.0646970176122,0.1645339214375,-0.0769923540118,0.0729266551661,-0.2830372961257,0.2101378827071,0.3370271446741,-0.4031510938719,-0.1860331200484,-0.1831901338244,0.2179903510299,0.1836719028543,0.3541813338003,0.4545872425260,0.0881386705886,0.7326570637803,0.5309602703906,0.2102221577037,0.7001581425228,0.6829052963649,0.2913417447063,0.3328892499207,0.0651742014414,0.3298974563950,0.1610731304167,0.3536643959711,0.3327728542492,0.4347744611136,0.4238994919993,0.1073813064545,-0.1764725231888,-0.1069766024509,0.3677565859427,-0.0155257362043,0.2178294153429,0.2085426200616,0.2596301201342,0.2588692286955,-0.1041833157190,-0.1242597388286,0.0367531970431,0.0497990613202,-0.2447649274754,-0.3055179239418,0.1453070988873,0.2472830407180,0.1872316238155,-0.1796716622156,-0.3619982128958,-0.2489199797931,0.0272751617633,0.1344326879922,-0.0319282244863,-0.2211991252628,-0.2173829415868,-0.0401902299251,-0.2419433068673,-0.1708950642987,0.0464977248649,0.3147546788842,0.3052237550832,0.1017394978415,0.2258065295709,0.2796514901518,0.1239715727750
0.3657821024018,0.4140538512361,0.6596248676736,0.3730619491046,0.6287604865173,1.0000000000000,0.4990467940517,0.0764681311123,-0.1073907017171,0.4222447834314,0.3304923712662,0.4030233939018,0.4421837437633,0.2001751906179,0.3892528955836,0.2503274391524,0.2839179818575,0.1565725005228,0.0621894494049,0.0173346830202,0.1235840386970,0.1372287206034,0.1470584048414,0.2950611387047,-0.0140727672170,-0.0360224553519,0.0824720862109,-0.1476967191972,-0.2476240170111,-0.1809137549782,0.2525828307102,0.2300987626195,0.3803303706979,-0.1445360585164,0.2900447696200,0.1907719524388,0.2580664630633,-0.1400166710023,0.3326524350189,-0.1318128933756,-0.0157698108234,0.2104991200200,-0.0686486910195,-0.1561094772977,-0.2255914087927,0.0500338184758,0.1085383155414,0.5682383165327,0.2011595932729,0.2303670600927,0.4901048497170,0.5083795744435,0.3903888489119,0.8454015302848,0.8632551823138,0.4225434757998,0.2638897042203,-0.0686088382384,0.2555978853006,0.0402203059368,0.2772812894847,0.3470272242832,0.4046279517836,0.3494524052903,0.1008849731675,0.1744931466599,-0.0136650213412,0.2937160461559,0.1131910095225,0.0662821651557,0.1700975158394,0.1620073687541,0.2680666641848,-0.1388819408477,-0.1013630568219,-0.0501107810748,0.0869687391756,-0.2392531797845,-0.3248202135015,0.2334071626614,0.1952847531394,0.2472185213751,-0.1729295448252,-0.0592031561076,-0.2853168838463,-0.0816004248792,0.1798650027711,0.2987261157251,-0.0866570932820,-0.2080952091808,0.2148146014179,-0.0856670153126,-0.1884869499819,-0.1260789351423,0.0746383847436,0.4345471316086,-0.0164800044570,-0.0189048588139,0.0706352784127,0.0737058400053
0.1298919307838,-0.0055353599464,0.1708280915449,0.5498703308061,0.1964756899184,0.4990467940517,1.0000000000000,0.2572243078745,0.1494112368870,0.2357928235229,0.0619285171191,0.2594641754792,0.2327472655569,0.0299579261794,0.3724468080844,0.5870106381221,0.4505010699839,0.2064791500125,0.4587376021650,0.0884436534068,0.4115572121676,-0.0744824718195,0.1368210919283,0.3235742659371,-0.0673667640843,0.0153174247728,0.1607040584746,-0.1826960915529,-0.1838526281150,-0.1726887032326,0.4762636849222,0.0838556102257,0.3166616769177,-0.0781185249356,0.3504999043439,0.5020918822757,0.1232892732224,-0.0538032277666,0.3607259674065,-0.0236238352385,-0.0411180151251,0.0968496289219,0.4266567427725,-0.1333600890927,-0.2175636165065,-0.0166655382971,0.0932124248542,0.3060312429079,-0.1547298365763,0.2216206596136,0.2214514718525,0.2104048405023,0.7581507337157,0.4393466402398,0.5225408471426,0.8363819059564,0.1136760645614,-0.0858618808808,0.3612473954107,0.1699464407004,0.0354394240975,0.1959307814252,0.2180042817444,0.1719923270065,0.0348104702732,0.4156542811454,0.3587438675444,0.2464849701780,0.4861822152740,-0.0678561589430,0.2260724857771,0.0729399165307,0.2526500214217,-0.1727696864195,0.1527162348320,-0.0922023942879,0.0626448040009,-0.1707367080419,-0.1504695328828,0.3722575173112,-0.1281477280346,-0.0108279883127,-0.3349045963298,0.3707041601589,-0.2961320566640,-0.1552508599466,0.0270793785540,0.4675740433219,0.1974185252747,-0.1480889144941,0.2933769081780,0.0129126211842,-0.1713104515824,-0.2319863243778,-0.1884886898276,0.2104679365314,-0.1648801584071,-0.0528855648129,-0.0629061625538,0.1014146943841
-0.0302370957549,-0.0303440607033,-0.1579402227275,0.3467437884692,0.1864315274159,0.0764681311123,0.2572243078745,1.0000000000000,0.5177395645136,0.0351875559371,0.2120424938180,0.3132345302769,0.5617394768777,-0.0276230155125,0.0983866500261,0.4444987721794,0.5256868977527,0.3788866648282,0.3545522356846,0.6428463078629,0.1895650361748,0.1244611782119,0.1033646149028,0.3343550489997,0.4367688459966,0.0694797390281,0.2437967246085,-0.1714152053018,-0.0537600983575,-0.2275341800597,0.2044593325873,0.1052417523884,0.3946220273090,-0.1967807855628,0.1475758690440,0.2417175198619,0.0994402257393,0.4954829839298,-0.0597898067825,-0.1647128431216,0.0225275380004,-0.0789791104740,0.1338571261651,0.2862498244701,0.3457808854353,0.0828258379135,0.1923448997693,0.0071427598243,-0.0348862915210,0.0933308714961,0.0374123406234,0.1342463704373,0.2304811108676,0.1487724551468,0.1349866482191,0.3150315689285,0.5067568835644,0.6107370442019,0.5915756534269,0.5414481945518,0.0531223170263,0.2245189266673,0.1918611630467,0.3966732255612,-0.1324478277911,-0.0097719813385,0.2775374941813,0.5199298044212,0.3098100149885,0.5605187863287,0.1571666659701,0.1103545206951,0.4254754716948,0.4050149019104,0.0603717760100,0.0229385102304,0.3077618610769,-0.2547246626327,-0.1009786796690,0.2368970752573,-0.0383572045003,0.2189348189208,-0.3651847090153,0.0109959615841,0.0605586702430,0.0237920377480,0.0810241818042,0.0157201346966,0.0150379433349,0.3033656776836,-0.0025430556524,-0.1802856868578,0.2893481810296,-0.2065855663054,-0.0136441557783,0.0048842059514,-0.1033863771276,-0.0236410026967,-0.1071864432922,-0.0164836078076
-0.0419698027362,-0.3050970728592,-0.1956799435748,0.0072820362747,-0.0050963140836,-0.1073907017171,0.1494112368870,0.5177395645136,1.0000000000000,-0.1262945311085,0.1238832513059,0.1012070945521,0.1179796028451,-0.0778579730456,-0.0705499764548,0.1802602088648,0.2326246213119,0.2394507129012,0.5193479803433,0.4986054268789,0.0195001496962,-0.0025442287472,0.1310811827307,0.2443259971506,0.5222673147037,0.0732808068841,0.2431384649673,-0.0522220800463,-0.1171301026330,-0.3204562120044,-0.0194947522269,-0.0433316814515,0.0435094973931,0.0872440685719,0.1249823487106,0.3001468950717,0.0715061372555,0.2593995072951,-0.0122945482100,0.1148997044668,-0.1400308826442,-0.1199926213073,0.1427523385684,0.1323929486321,0.1839230882263,-0.0174005619611,0.0362995071179,0.0418528399496,-0.2019582500232,-0.0665737176641,-0.1135972563778,-0.1002759149475,-0.0215738802545,0.0986460808905,-0.0064083146676,0.1466763360581,0.3573952493196,0.4485147079120,0.3780916809496,0.8986073146636,-0.0725197152823,0.1015882840303,0.0295984018041,0.1947188697072,-0.2585021706885,-0.0526795325315,0.3402266012748,0.1858015189821,0.4587302709339,0.4980781006551,0.0939402787198,0.1087671154519,0.3532371949376,0.3698404297833,0.0233136690255,-0.0086046668123,0.2732018656936,0.0037885659780,-0.1361659825469,0.0019664746111,-0.0895214080296,-0.0427565856382,-0.3386090496669,0.0292925975170,0.1222598208745,0.0955868165174,-0.0042325028862,0.0531285562533,0.0206553453978,0.2151291851264,-0.0695216146507,0.1074675897104,0.1439184059122,0.0218890026380,-0.0688733226176,0.0876212235661,-0.2273188334216,0.0131829327782,-0.2401490304676,-0.0237888795711
0.1757600586304,0.3898095564191,0.3168820101992,0.0287208210877,0.2866385789583,0.4222447834314,0.2357928235229,0.0351875559371,-0.1262945311085,1.0000000000000,0.0721344378303,0.4134750996174,0.0633828168490,0.3017022588450,0.5056487000177,0.1622369717144,0.2419179177617,0.0451564532154,0.2200004420178,-0.1775326158721,0.3139593612604,0.5248216267972,0.2639172446094,0.0379585368053,-0.1495930915554,0.1556019285039,0.0103447449356,-0.3099678642602,-0.3059980160314,-0.0227089371232,0.3017797366284,0.2944224301407,0.3885040272460,0.1338257798862,0.1077985990325,0.1943537825794,0.1685934919628,-0.3935167255245,0.1376815311628,-0.1112331826231,0.3428906098097,0.4861444490207,-0.0228447485236,-0.2068863794965,-0.3927358037496,0.2721348567891,0.3702724183978,0.0526152523897,0.1548112353061,0.4605920565765,0.3924301982394,0.1764162571953,0.2095747450121,0.2827208675378,0.4365838011923,0.1609555075868,-0.1458807886619,-0.2770928143995,0.0132295473523,-0.0457133369858,0.6993975085543,0.1555926006665,0.3614261393055,-0.0138665286935,0.3402430249033,0.2376413840425,0.1141149322515,0.0347259100654,0.2356377664686,-0.2266255913708,0.2683480820417,0.4632048266807,-0.0280123101185,-0.2052296884156,0.0410243378289,0.0789533975695,-0.0096142833310,-0.2890518464374,-0.3480868781292,0.1379278229491,0.3159874629754,0.2565514334263,0.0230431264496,0.0189247852202,-0.4111077221888,0.1132660864144,0.0786904347242,0.2888322043994,0.0600124975441,-0.3629012346653,0.1156934985181,0.0960272239376,-0.2199175032136,-0.0192720504515,0.2798202027355,-0.0149494058277,0.0604228693457,0.2720027345383,0.3706976535378,0.2842716760744
0.2091252726692,-0.1050276486025,0.0091474716852,0.3339964191673,0.3902592706014,0.3304923712662,0.0619285171191,0.2120424938180,0.1238832513059,0.0721344378303,1.0000000000000,0.7367712632300,0.4559116147526,0.1944646751901,0.2850539420340,0.2111253407961,0.4412886138956,0.5761695396479,0.2127078853416,0.0197334653597,0.3375160988464,0.2008801093360,0.5689395698904,0.5733990962105,-0.0790107622247,0.1042864875643,0.4157834618009,-0.1353373337826,-0.1380047419689,-0.3448741406506,0.1569867537164,0.3125398289846,0.3321223874959,-0.1777710782380,0.2428124544020,0.1602350407635,0.3737975125516,-0.0031993794591,0.1110945354217,-0.0911284423735,0.0364142402469,0.0739532011002,-0.0105454377999,-0.1869187600094,-0.1247585655231,0.1142990013630,0.1066296531467,0.4424190312232,0.0795490710437,0.2210676474987,0.1961708216327,0.1371727927979,0.1371088246048,0.3917513196907,0.3398754211419,0.1865580491268,0.3411194349824,0.0749331775288,0.4079067022377,0.1198871917297,0.0513255585095,0.8216046746849,0.5385781351902,0.3194725771851,-0.0919982077962,0.1211647970958,-0.0760808141993,0.4701098196489,0.0430623772337,0.2477369631026,0.3788417829358,0.4367726928845,0.5529726399985,-0.1585784677998,0.0907108735440,0.1262929117202,0.4580604739436,-0.2916834108081,-0.1739021576283,0.3409297489733,0.1441492155414,0.3413669350273,-0.2495664112560,-0.1927518579411,-0.1353038710774,-0.0712485242980,0.3647516271703,0.1022181845317,0.1606207085165,-0.1373873304477,0.1725625512151,-0.0271366716449,-0.1363384707483,0.1086636722490,0.0198175895075,0.4264028339318,-0.0879067266290,-0.0212111109337,0.1233982790245,0.3317394695045
0.2954769036160,0.0130356048608,0.1095380477836,0.3980368609796,0.4357370138725,0.4030233939018,0.2594641754792,0.3132345302769,0.1012070945521,0.4134750996174,0.7367712632300,1.0000000000000,0.4924926209545,0.3408436275203,0.4717394620807,0.3360629227991,0.5839908671188,0.5150361645291,0.2954949085413,-0.0674379207423,0.4867240559312,0.3276115032390,0.7471631059211,0.4339178623150,-0.1984004796875,0.1495178143010,0.3001769995342,-0.2756154169006,-0.2729340025806,-0.3353877691708,0.2225701768359,0.4932082985848,0.5583758167401,-0.1346996612839,0.2396681329930,0.2315970752515,0.2596304825995,-0.1718805597891,0.0708192323799,-0.1034611655539,0.1315898912701,0.2695658854321,0.0112634414569,-0.2265609223157,-0.3054390612435,0.1638956719648,0.3543423933299,0.2977009599942,-0.0164417634564,0.3918880750283,0.3654123399065,0.2284440490340,0.2775073483690,0.4084401483020,0.4461469252311,0.3311608959817,0.3120762062451,0.0243266873961,0.4106373428982,0.1160257396118,0.2754249165082,0.7575065303579,0.7884800269853,0.3855144387303,0.0871042264215,0.1965667882288,0.0631370080798,0.5035430925121,0.1751012053704,0.0958383564439,0.5331032416172,0.6441928326902,0.4349637186399,-0.2728960707157,0.1453740772584,0.1636832555415,0.3167410282712,-0.4074564681276,-0.2960273221104,0.3395721575341,0.2441966296411,0.4701947273478,-0.3198540337506,-0.1488064090274,-0.3317211242760,-0.0642969225812,0.2254649238642,0.1689555686835,0.1692419798870,-0.3270526364794,0.0621645255792,0.0022876328130,-0.2031543241016,-0.0469593603055,0.1098633670531,0.2635322352542,-0.1567516843279,0.0457044968058,0.2511761019996,0.4415661308838
0.2153409030057,0.0904967116383,0.0804289147002,0.5032451584144,0.4101478151617,0.4421837437633,0.2327472655569,0.5617394768777,0.1179796028451,0.0633828168490,0.4559116147526,0.4924926209545,1.0000000000000,0.0743196831955,0.1808791174609,0.3725407015701,0.6925883236191,0.4699295738453,0.0492531554157,0.4412161604446,0.2932756193389,0.0134760964914,0.1950264560229,0.4594163553700,0.2531158982495,0.0870113016122,0.3482324978198,-0.1788815007829,-0.1866148927413,-0.4094524900450,0.2438220176251,0.3643502539969,0.5978295979654,-0.2613188224660,0.2678856259831,0.1049582866100,0.2199681570986,0.3789469094675,0.1163113903461,-0.1381192914766,-0.0868122851715,-0.0149808296353,-0.0362622571235,0.2194727002906,0.2148740362471,0.0897731707376,0.1710895029124,0.3114295299226,-0.0101962842384,0.1671908664329,0.1820262869492,0.3314366023048,0.2158329404168,0.4057702342332,0.3960518187662,0.3317794205997,0.7427205042897,0.4800096219082,0.6071483983050,0.2296641254884,0.0609668334597,0.4187087333062,0.4740560355765,0.7951486612652,-0.1383084737818,0.0413769247014,-0.0062779669017,0.7464163469885,0.0289268893827,0.5177837048820,0.2909878491851,0.1066309123400,0.5849574206626,0.1575779913595,0.0916135424573,0.0699972262670,0.3494690504791,-0.3335406828099,-0.2674018888225,0.3817881378136,0.2266430834349,0.4858242386455,-0.4678762795567,-0.1592641338891,-0.0105683365514,-0.0415062021267,0.2835358376696,0.0243036404737,0.0141264945509,0.1771642494023,0.1166671718993,-0.2662779897951,0.2255038447474,-0.2599209252174,0.0772104466815,0.2242406728240,-0.2800806981503,-0.1564213935973,-0.0463927222940,0.0086390313446
0.7359215200627,0.4422360260153,0.3440093648444,0.1436067816813,0.5645025054189,0.2001751906179,0.0299579261794,-0.0276230155125,-0.0778579730456,0.3017022588450,0.1944646751901,0.3408436275203,0.0743196831955,1.0000000000000,0.3461559071162,-0.0545522296125,0.0987005755829,0.2005723175274,-0.0198364135533,-0.2672415890535,-0.0574499126966,0.2712211742530,0.2520826915968,0.0156011496222,-0.3149977139821,-0.1065144241825,-0.1716832482191,-0.1412704077331,-0.0828253371561,0.0337787936982,-0.1198996009308,-0.0425644420003,-0.0061741568545,-0.0568351857852,-0.0417704713722,-0.1880648277058,-0.0534268873162,-0.3447560845350,-0.0395222151754,-0.1474584349994,0.3200200103410,0.4806119858520,-0.3017056682698,-0.3889408307257,-0.2925701421712,0.0792929512934,0.1439285926453,0.1806218971579,0.3386394681753,0.1497687042622,0.7229982107319,0.4254849023538,0.0995405268171,0.2850978036623,0.2776458563604,0.1177689869569,-0.0016533289723,-0.0823324768180,-0.0040964799592,-0.0242208422990,0.2171943847503,0.1864631016942,0.3207850756847,0.1099447227036,0.4223184912100,-0.1105990627667,-0.0859982172431,0.1051948117247,-0.0816443207474,-0.1390470763643,0.1172215801241,0.3216714334622,-0.0201478642972,-0.2812558254230,-0.1497547894055,-0.1360928084977,-0.2187182666412,-0.1930133593551,-0.1707980875708,-0.0071250544233,0.0461053667860,-0.0596034199270,-0.0053367613010,-0.4197500085525,-0.4139759297595,-0.0095080036777,-0.1192305364167,-0.1220202358405,-0.1867559970187,-0.4259885677029,-0.1413885149582,-0.0280021329241,-0.3599432036599,0.0082516867626,0.0852367756244,0.1720542992171,0.1541018313933,0.1072742761068,0.1823489616672,0.1340488879453
0.1604918539696,0.2686844987590,0.2162060476302,0.4563127908184,0.2240630496179,0.3892528955836,0.3724468080844,0.0983866500261,-0.0705499764548,0.5056487000177,0.2850539420340,0.4717394620807,0.1808791174609,0.3461559071162,1.0000000000000,0.3057659862147,0.4217378418654,0.2753726077626,0.2468407032648,-0.1777012473055,0.4449143317548,0.2641702820213,0.3928137917354,0.3042609273766,-0.2921846458631,0.1057764911022,0.1853145357924,-0.4137185627848,-0.2456852563429,-0.0611622128247,0.1954797491926,0.2730360986470,0.3105784215070,-0.1256841231459,0.2637334649652,0.2631467759186,0.1807692648452,-0.2756000917237,0.1939406925256,-0.1433502785587,0.2266997524004,0.3503680769205,0.1919771438131,-0.2490881511899,-0.2961973098485,0.1139314459693,0.2788379152830,0.2680830499724,0.0975495703297,0.6883077944656,0.4542623442337,0.4652051651096,0.5476786443028,0.2979219618007,0.4540208020030,0.4316857081750,-0.0295917319454,-0.1024421509060,0.2096437985470,-0.0750926372907,0.2709010248566,0.4028033751212,0.4030783086601,0.1264289795180,0.5462918132586,0.6033339402790,0.0424579832053,0.1979716410942,0.1384609577397,-0.1890134791882,0.2960100618817,0.4556490602801,0.1823139172153,-0.3253668805593,0.0815788099675,0.0391932862030,0.1603799927492,-0.4805938707747,-0.2324791244918,0.1447926948069,0.0039705275018,0.2177323166574,-0.1125274447669,-0.0458484028115,-0.3055584003730,-0.1095213041657,0.0432845743057,0.2672137786038,0.2994435230308,-0.3454676537751,0.1766449286152,0.1483251583537,-0.2108503287966,-0.1742564641609,-0.0079411439412,0.2341463041441,0.0652530799481,-0.0222006355399,0.2683571480903,0.5054611039664
-0.1364784031190,0.0220542174886,0.0366905650049,0.6578289446560,0.1123059837010,0.2503274391524,0.5870106381221,0.4444987721794,0.1802602088648,0.1622369717144,0.2111253407961,0.3360629227991,0.3725407015701,-0.0545522296125,0.3057659862147,1.0000000000000,0.5782210304794,0.3547853163233,0.6288728641018,0.2563637254178,0.5936861613618,-0.0113946732351,0.3014426242963,0.4848220172338,-0.0414650256528,0.1102918506081,0.3289838025293,-0.1567588813831,-0.1872044964725,-0.0418427439580,0.6505197197327,0.2091234833340,0.4190537331129,-0.2706358329078,0.6686929242793,0.7852511829660,0.2335093503799,0.0619095836093,0.2567034124911,-0.0523320667173,0.0933650578425,0.0728051971604,0.5095444924983,-0.0987626779729,-0.1458895010122,0.0222290793970,0.1393089221454,0.1125879556037,-0.0882982985941,0.2409357163638,-0.0312727859000,0.0989695492848,0.6255468187174,0.1310266850692,0.1865177095524,0.6983637840980,0.1732991308985,0.0003719194095,0.5806248146299,0.1644199018955,-0.0524508452145,0.2725127563976,0.1632699129647,0.0968939729704,-0.0128063151742,0.3782268186473,0.6828897297663,0.3737791631264,0.6074731819924,0.1535560811554,0.2843546832407,0.1425277693195,0.4580149620667,-0.1276270485057,0.3206697784398,-0.0361814363357,0.2408838080404,-0.2987512784533,-0.1162649593135,0.6038748743107,-0.2099768318729,0.0887306302851,-0.2434910550025,0.5288337430501,-0.2874883925095,-0.3085003097086,0.2920206624931,0.6787063906059,0.1734592484321,-0.1376022698073,0.2889364809220,-0.1078606527457,-0.1168922346205,-0.2264683937347,-0.2910057239234,0.0333177833771,-0.1655583985622,-0.0479996661671,0.0213728414836,0.0260548291317
0.0626770953003,-0.1196047895640,-0.1270222493470,0.5072106071140,0.2028272185952,0.2839179818575,0.4505010699839,0.5256868977527,0.2326246213119,0.2419179177617,0.4412886138956,0.5839908671188,0.6925883236191,0.0987005755829,0.4217378418654,0.5782210304794,1.0000000000000,0.7448332659871,0.4574451136008,0.2739831116230,0.6517201141585,0.0657864887363,0.4215279151841,0.5917173181447,0.0274426710346,0.1556568025856,0.5039288758624,-0.3344630910943,-0.2837514413731,-0.3989707332144,0.5520275094825,0.3527316171325,0.6503841178008,-0.2004928223165,0.3758678780022,0.4114580051137,0.3493742322113,0.1602165668865,0.2284803064541,-0.0763183670805,-0.0561475859266,0.0414647973712,0.2475650565483,-0.0333788420284,-0.0499626541777,0.0541736452922,0.1469343831859,0.2869707913702,-0.0737172467032,0.2982633289765,0.1230816278439,0.1191691167745,0.4870990339929,0.2233026127770,0.3332818377407,0.4881152809460,0.4841315222271,0.2349963776049,0.6368879368255,0.2480712334083,0.1095623932012,0.5170182726745,0.4417297404491,0.5199249648490,0.0178206081605,0.3503415151503,0.2221279385788,0.7480519371108,0.2916704154467,0.3268949787829,0.4881111409622,0.3274363888541,0.6282880730745,-0.0846909698194,0.3047161161694,0.0507021155496,0.3873443474332,-0.4126832391246,-0.2687479443379,0.6135640295576,0.0748845071962,0.4224798375013,-0.4995131259886,0.0696810223710,-0.2035815221796,-0.1668179947014,0.3599378393709,0.2780918624828,0.2560014290192,0.0105986158169,0.3013578404697,-0.0665393487149,-0.0267034672400,-0.1901653325684,-0.0890557844864,0.2314589537994,-0.2715431284474,-0.1035186304282,-0.0466152845904,0.2448585458323
0.1527021648022,-0.2355667540041,-0.1992028828749,0.2915250322416,0.2159596063476,0.1565725005228,0.2064791500125,0.3788866648282,0.2394507129012,0.0451564532154,0.5761695396479,0.5150361645291,0.4699295738453,0.2005723175274,0.2753726077626,0.3547853163233,0.7448332659871,1.0000000000000,0.4138207028736,0.0839874865340,0.4207063522255,0.0421997396660,0.4466701832116,0.7020126367347,0.0220078547899,-0.0020265505876,0.4872979933596,-0.3396625074421,-0.2101877588573,-0.3900640219410,0.4325266503243,0.1820874657327,0.3193368139404,-0.2003038903854,0.3577328357124,0.2678599109939,0.5097164504235,0.0057180981719,0.2821284876028,-0.0761295542661,-0.1226077883379,-0.0065317782188,0.0739067498180,-0.3030616123969,-0.1779558487251,0.0127733267347,-0.1173653422586,0.4009220096233,0.0397584464465,0.2036934390145,0.1271885446522,0.0004019599507,0.2524801081292,0.1978036122047,0.2496669222478,0.2778487792004,0.4651436730006,0.1614862358656,0.5658114190268,0.2144739255999,-0.0015431486050,0.6040366905644,0.3570078364954,0.3720328869086,-0.0644033759685,0.2027956213064,0.0919353599346,0.6953754677067,0.0672143788498,0.3295711437526,0.3775921305470,0.3454293865740,0.7235709216849,-0.2174198724902,0.2140802665678,-0.0643812603619,0.4581976391542,-0.3725026195021,-0.2090262067607,0.6617516699130,0.0019648351763,0.2651484644470,-0.4285177700865,-0.0962418967697,-0.2302324257235,-0.2329193466924,0.4809526651565,0.2216244956344,0.2554570504096,-0.0984711986401,0.3594447708433,-0.0427616316085,-0.2647884071888,0.0412919055106,-0.1328455712696,0.3929191713279,-0.1877767142930,-0.0563982424985,-0.0504330303218,0.2709496309651
-0.1143910402535,-0.2627174744089,-0.1782958308190,0.2729803005964,-0.0155554192736,0.0621894494049,0.4587376021650,0.3545522356846,0.5193479803433,0.2200004420178,0.2127078853416,0.2954949085413,0.0492531554157,-0.0198364135533,0.2468407032648,0.6288728641018,0.4574451136008,0.4138207028736,1.0000000000000,0.1567237300220,0.5238417057073,0.0226916918153,0.3128075030501,0.4981308768956,-0.0392134253469,0.0878895418353,0.3039711909507,-0.1549070307027,-0.1968438257524,-0.1976726642638,0.5374386409497,0.0331130564868,0.2380483379686,-0.0205587108187,0.3789663087249,0.8456616318985,0.2378309371588,-0.1021033463579,0.1916632805158,0.0479407114966,0.0294397165470,0.0446932847573,0.3781962296438,-0.2595804937405,-0.3390200961371,-0.0293995079612,0.0976477413148,0.0813578620881,-0.2042311959561,0.2190725621862,-0.0868411111928,-0.1831220085329,0.3889842929192,0.0410604535454,0.1112877401686,0.4267513331849,0.0136860861241,-0.1592081432621,0.5228109648944,0.4424648999085,-0.0111827232093,0.3002392412452,0.1711037101861,-0.0764336155502,-0.0994339320511,0.3368949132191,0.4836227636409,0.2308788052899,0.8114974256552,0.1252098152842,0.2911400791217,0.2829469331805,0.4283825201595,-0.1674570008814,0.2169188081816,0.0024695546040,0.2128479504424,-0.1362328367188,-0.1373308911375,0.4511380787823,-0.1400240143887,-0.0402163792145,-0.2660875184709,0.3875919716966,-0.3151939823619,-0.0982453190532,0.2107107070465,0.5793314074911,0.1996830952941,-0.2196443689571,0.2757140707459,0.1354294272338,-0.2567432798818,0.0006275451576,-0.1657896397535,0.1059295490845,-0.1752912124448,0.0586383447326,-0.0104078027041,0.1459409682319
-0.1071056317676,-0.1247530228247,-0.1518004491054,0.1063351077277,0.0615384974684,0.0173346830202,0.0884436534068,0.6428463078629,0.4986054268789,-0.1775326158721,0.0197334653597,-0.0674379207423,0.4412161604446,-0.2672415890535,-0.1777012473055,0.2563637254178,0.2739831116230,0.0839874865340,0.1567237300220,1.0000000000000,0.0237421612171,-0.0872545559970,-0.1580010799134,0.1449174790432,0.7821489207172,0.1801544039429,0.3002493158987,0.1108810229972,-0.0329833198102,-0.2674089302756,0.2137469122293,0.1399717332477,0.3586016935430,-0.0342389711113,0.0922771275597,0.1111975573467,0.0835748803042,0.7749161384850,-0.0055730023744,-0.0373612018269,-0.1287912338075,-0.1651414705839,0.1036528916132,0.6046214439039,0.5706813424349,0.1306312095208,0.2007276304250,0.0022602213578,-0.1705345323058,-0.0687476917359,-0.2111048466665,-0.0449581911070,0.0267004734108,0.1145813480095,0.0175873384626,0.0430367610274,0.4755864025292,0.6069426880462,0.4712889217875,0.5678272661897,-0.1252849354276,-0.0470083188479,-0.0852123998933,0.3005022299814,-0.4522938284778,-0.1420060903799,0.1869797287051,0.3409065700653,0.2885357866422,0.8133535727635,-0.0154843135564,-0.1864397100451,0.2948393881207,0.7687791221287,0.0884850158089,0.1426789102706,0.3742401112722,-0.0004059097175,-0.1209869342310,0.1445569033878,0.1142071473680,0.2395123543553,-0.3021604049280,0.1369313701008,0.3965821471063,0.2276090829844,0.1401914878636,-0.0653002834278,-0.0621587117114,0.6873644624118,0.0323608280955,-0.1750937595708,0.5807647047685,-0.1177931072392,0.1080083453466,0.0213377640629,-0.2526128746047,-0.1391559864594,-0.2642411557366,-0.2462185122444
-0.2431759369648,-0.2007515029986,-0.1501465854418,0.3880873127086,-0.1416735320371,0.1235840386970,0.4115572121676,0.1895650361748,0.0195001496962,0.3139593612604,0.3375160988464,0.4867240559312,0.2932756193389,-0.0574499126966,0.4449143317548,0.5936861613618,0.6517201141585,0.4207063522255,0.5238417057073,0.0237421612171,1.0000000000000,0.0899223427748,0.5077235986515,0.5200840104670,-0.1932809354014,0.2782374467249,0.5525066026670,-0.2412039784794,-0.2232514372488,-0.0870271800181,0.6294490401081,0.3573726861569,0.5773898258631,-0.1292431801330,0.3869634385462,0.5704289071949,0.2962044985392,-0.0545971435739,0.1516847058735,0.0082618609919,0.0664126956499,0.0506256732560,0.5191530217271,-0.1025041842893,-0.1886210425335,0.0765192111302,0.2416262378399,0.0483320575390,-0.2598690824182,0.4613565991402,-0.1507517107628,-0.1076669065070,0.4737869762257,-0.0165621280955,0.0808646566197,0.3881937729656,0.0227311287757,-0.1938735064248,0.3390946354665,-0.0500765979504,-0.0037833129686,0.4427373993181,0.2727830150323,0.0086199705935,0.0391048023607,0.5147051901022,0.2635736308281,0.3261957368067,0.4052841609022,-0.0568153852324,0.4507812539373,0.3497191487808,0.3798003700558,-0.2029501203121,0.3608441638991,0.1331065662885,0.3162342672892,-0.2930169727399,-0.0967454119658,0.5442455450114,-0.0099807293495,0.2948270093371,-0.2339643559863,0.3739042071200,-0.2577039007654,-0.1735598406247,0.3196153513420,0.4502786363692,0.4030932714219,-0.1679930362883,0.3325719113050,-0.0003897845447,-0.1053994354519,-0.1529654987540,-0.1596309114468,0.0152005567639,-0.2206998344034,-0.1110741821889,0.0220685101575,0.3140079748645
0.0035029131312,0.2597169260690,0.1122692223908,-0.0269692235458,0.3030854821548,0.1372287206034,-0.0744824718195,0.1244611782119,-0.0025442287472,0.5248216267972,0.2008801093360,0.3276115032390,0.0134760964914,0.2712211742530,0.2641702820213,-0.0113946732351,0.0657864887363,0.0421997396660,0.0226916918153,-0.0872545559970,0.0899223427748,1.0000000000000,0.3299812181441,0.0846887034000,-0.0831574005381,0.1068145159789,0.0475590427804,-0.0532508249160,0.0537915770933,0.0165193633978,-0.0123673077763,0.0541803102849,0.1744186908327,0.0486421181322,-0.0511487304426,-0.0369096324080,0.0295214677450,-0.1196881936820,-0.1955262992932,-0.0622302300277,0.5572446972770,0.1000690926337,-0.1947141944351,-0.0825424368238,-0.0593967639208,0.5955859767740,0.3529385296570,-0.1154818926269,0.4920553807653,0.1368395007822,0.3000929535827,0.1870645290767,0.0061791523359,0.1093953163907,0.1836847960673,-0.0399299389690,-0.0475864431016,-0.0363993468366,-0.0072166076235,0.0257735996881,0.6464602097153,0.1955102539082,0.2744245492459,-0.0097402684568,0.3508688208904,0.0094678562407,-0.1536216548478,0.0451691216384,-0.0210450066350,-0.0528795915315,0.1510468425351,0.5991165869090,0.0268707464366,0.0048063755962,-0.1250102393515,0.0790064311816,0.0111106800347,-0.1265419700076,-0.0536416285360,-0.0548597430877,0.1625431875252,0.1716577990459,0.1711636559919,-0.2543638252215,-0.1681536354001,0.2509688878279,-0.0332610183125,-0.0663411222336,-0.1318919355177,-0.2005084014529,-0.1512353158666,0.0853075835654,-0.0651353635948,0.2825098691811,0.4207441735432,-0.1381006096543,0.3957690392079,0.6243712736138,0.3469336967538,0.1990398734928
0.1103201665065,-0.0973442406141,0.0551568452362,0.2206295407851,0.1857214632153,0.1470584048414,0.1368210919283,0.1033646149028,0.1310811827307,0.2639172446094,0.5689395698904,0.7471631059211,0.1950264560229,0.2520826915968,0.3928137917354,0.3014426242963,0.4215279151841,0.4466701832116,0.3128075030501,-0.1580010799134,0.5077235986515,0.3299812181441,1.0000000000000,0.4172936988693,-0.2033376551773,0.2897336130484,0.5059666143549,-0.2648535525372,-0.1913875880586,-0.1684521869874,0.2373024134804,0.4320394891720,0.3738600592401,-0.1185010242620,0.2833994500346,0.2422724013164,0.2770470683806,-0.3217683490430,0.0167483799887,-0.0070775522599,0.1921091628718,0.2237168848934,0.1252598348649,-0.3239159257550,-0.4177738165631,0.3025636627834,0.3914299145156,0.1322271386485,-0.0718692835556,0.3143996351771,0.2047434837317,0.1075843762282,0.1547291783392,0.1640133342268,0.1599696648488,0.2034352802115,0.0888047034224,-0.1381441752720,0.2756723148556,0.0772464281317,0.1296890661345,0.6373807102179,0.5657865114784,0.1051618279881,0.0819397868519,0.2044981111941,0.0993855127389,0.2663692839467,0.1455278620041,-0.0285351159624,0.4016347501567,0.8082743378650,0.3764142167214,-0.2923334244749,0.1130595952592,0.2089768061652,0.4291585924823,-0.4168877767284,-0.1215198867358,0.3082919720400,0.0479640685596,0.2953867091840,-0.2422720513715,-0.0672151164691,-0.4135383816609,-0.1625668977884,0.2424092075203,0.2239026045094,0.1766565058719,-0.4183862805757,0.0273335942836,0.1401123903439,-0.3289332611884,0.0956007017113,-0.0417368168887,0.1037041825972,-0.1451753171084,0.0566802505935,0.2476118526666,0.3826920901950
-0.0350076616283,-0.1604785316323,-0.0905249297898,0.4421801477292,0.1745661200826,0.2950611387047,0.3235742659371,0.3343550489997,0.2443259971506,0.0379585368053,0.5733990962105,0.4339178623150,0.4594163553700,0.0156011496222,0.3042609273766,0.4848220172338,0.5917173181447,0.7020126367347,0.4981308768956,0.1449174790432,0.5200840104670,0.0846887034000,0.4172936988693,1.0000000000000,0.0341564341239,0.0446337014325,0.5710889048603,-0.2346832012674,-0.2001810452984,-0.3123073211849,0.4625467610209,0.0922092997979,0.3466194681227,-0.2592147179989,0.4105644223529,0.5256874921051,0.5379053715449,0.0655857343188,0.2469065216265,-0.0729199371529,-0.0729687921239,-0.0973900988677,0.2199866124392,-0.2331565104009,-0.1342224141944,0.0538929739027,-0.0754091615834,0.4008164654978,0.0645784589255,0.2073001863641,-0.0048329279751,0.0274302408189,0.3540453501087,0.2451933011273,0.2931701989382,0.3924753157509,0.4173387706005,0.0396552291408,0.5690854211786,0.2037560964669,-0.0318695293655,0.5665904951846,0.2763266533997,0.2751981747619,-0.0934200137116,0.3424996444737,0.0497547544439,0.5192790682558,0.2562276097302,0.2852187322839,0.3164608866792,0.3309222168110,0.8352770339740,-0.1262018798673,0.1725751641170,-0.0549325869808,0.4908995313987,-0.3574195499407,-0.1520109005018,0.5631444930276,-0.1118072725239,0.2051525780419,-0.3417183973087,0.0595020297113,-0.1874187799626,-0.2336133582142,0.5275835147431,0.3818315689269,0.1836961568042,-0.1108410922499,0.4039445072875,-0.0126724520967,-0.1894259501203,-0.0152251719417,-0.1700834744800,0.3494389945748,-0.1053205421115,-0.0484168231986,-0.0015710556155,0.2469065347619
