1.0000000000000,0.5518123452221,0.5613476819493,0.5392186024398,0.7853186362512,0.6048582285437,0.5371576925427,0.1490384877050,0.3350207130344,0.3356557884698,0.1406626493477,0.2511757362970,0.2005226347950,0.5719409549901,0.4473302971036,0.3351545770437,0.1517402299223,0.1177759322921,0.2391550256461,0.2741467550938,0.1225467503698,0.2180250417697,0.2972211661108,0.3453088890929,0.1299347816439,0.2052802990626,0.3409564975434,0.2745068986896,0.1144178564263,0.3464240534290,0.2849138517581,0.2880760390912,0.2559138338202,0.3148844619854,0.2470535464211,0.2082466414938,0.2145795856639,0.2065715815893,0.1269695856854,0.3628183074518,0.3337129574755,0.2371782254561,0.1815307269584,0.2433672397001,0.2297766003597,0.3014034274468,0.2693590810830,0.3900290920846,0.4519202089465,0.2462785046858,0.7315312449063,0.5914334184990,0.4629424991397,0.5428816744470,0.5339068752794,0.4895036774985,0.2185677048020,0.0185997850533,0.2243231507599,0.3017603588989,0.2383103624043,0.3036996807960,0.2525116960773,0.0395545259569,0.6136551895945,0.0883405212176,0.2938495054915,0.2640213807287,0.3598814758496,0.1502368242566,0.0351479820174,0.2376256739006,0.2604042437022,0.2256216370455,-0.0365441186827,0.0761185167971,0.3328279354126,0.1024930336822,0.1088314628729,0.2399444867708,0.1108642433782,0.1736494215555,0.1856438011169,0.0722378843335,0.1506576374676,0.1135275225021,0.1287231692984,0.2845080277528,-0.0641133824956,0.2060098801112,0.0743455183322,0.2754475501319,0.1523924016451,0.2791783217057,0.0491633410754,0.2469257804565,0.2693214697369,0.1833677884247,0.1242585579295,0.0873435633517
0.5518123452221,1.0000000000000,0.6415259060284,0.3197313832984,0.3210144827497,0.3597686416404,0.3383840693972,0.1316607740361,0.3212960022760,0.4572859396846,0.2644423923447,0.2504047544509,0.3021685619751,0.5694001808267,0.5055154018057,0.1633697906064,0.0640523126625,-0.0712318017188,0.1103906649649,0.2050540609884,0.1097035007110,0.0945488774323,0.1482499427582,0.2472905167921,0.1482845408352,0.1407542061301,0.3414593627283,0.3231024609747,0.3465332267803,0.4340535764472,0.1308012033012,0.3418019506319,0.2572716082108,0.3611423541190,0.0754736880603,0.0961406123010,0.2166213969854,0.2473592026337,0.2157325406715,0.2737769467556,0.3495016138904,0.2267508221461,0.2509153195247,0.3093017442892,0.2616486323897,0.2802321466976,0.3392609631616,0.1900492967552,0.4001878474276,0.4426256495020,0.2561484769696,0.7479812401978,0.1942988213451,0.4225818102759,0.1775484164862,0.2004426603851,0.0054970903095,0.0913100287017,0.1346886551242,0.3228730974386,0.0809686617226,0.3057391396949,0.1778680597383,0.1412604992261,0.4965092970471,0.1177930764406,0.1325517031282,0.0773650782558,0.1796127481734,0.0435229037284,-0.0259931413079,0.0988099170856,0.1011844678399,0.0639088767767,-0.1504466173674,0.0284254940480,0.4505081800043,0.2442004647878,0.2732041077483,0.0724025065878,0.1199787959671,0.1131399207023,0.2014253898321,0.0980350834064,0.1545502640542,0.3142534793228,0.1111705587849,0.1939226087338,0.0487954663116,0.2381582778857,0.1611525330754,0.2627599765569,0.2566726681149,0.2249955721140,0.0805131117119,0.1259911496071,0.2484969587845,0.2893026399540,0.0361871229558,0.1873612151673
0.5613476819493,0.6415259060284,1.0000000000000,0.5618544849860,0.4758939884067,0.7233473661598,0.5913385193322,0.0873675520131,0.3269119479808,0.4235012183752,0.3204335220864,0.2749603974677,0.3266825498536,0.4456959456889,0.4872677206827,0.3605148030947,0.0646096688890,0.0436978528608,0.2276141365458,0.2509859238339,0.0581775944147,0.0348946242592,0.1724788289123,0.2941969015410,0.0293823057285,0.0117065847063,0.3483175734404,0.2288343750796,0.1450122800216,0.3110032321830,0.2162759390069,0.3698145638702,0.3452415801356,0.2897556890394,0.1266150651266,0.2356858968197,0.1562425233863,0.2542029069953,0.2103451451381,0.2143941330872,0.1853127801115,0.2328661789182,0.2693537764009,0.1407707541585,0.3034438393806,0.2307531893757,0.3088634644288,0.3451714410128,0.2793901507549,0.3447696446699,0.2865242545471,0.6262011263318,0.3559212099106,0.8810595482818,0.4897706122463,0.4475446383878,-0.0095663156463,0.0064481369745,0.2158663941102,0.2811442716737,0.1351953505972,0.4421938949517,0.2182699631305,0.1773984328963,0.2879696567249,0.0953450424058,0.2558940298218,0.2552691895480,0.2855863965589,0.0814786386338,0.0024804038949,0.1607277813668,0.0749444842637,0.0143080936424,-0.1968531738906,-0.0842041174085,0.4060128632071,0.1407715617828,0.0849517413828,0.2000515708932,0.1043332742218,0.1124793975479,0.0719792584864,0.0994642275030,0.1392805496907,0.2311825041682,0.0080415864429,0.2569543138028,-0.0596111439474,0.1924965081298,0.1183765337943,0.1935386444555,0.0453657938634,0.1709409072323,0.1049069135146,0.2697580418321,-0.0035494252665,0.0998433239853,0.0251517063596,0.1163950594458
0.5392186024398,0.3197313832984,0.5618544849860,1.0000000000000,0.6947144408255,0.7116866494820,0.8772192996034,0.0612098740218,0.2354445157578,0.2284957025932,0.2981059140651,0.2373730633722,0.2263222368763,0.4507514812350,0.6495627137145,0.5486571724891,0.3471498519376,0.3471934803166,0.4167563514698,0.2525627188490,0.3198827336954,0.2579170534070,0.2481796959477,0.4964860089312,-0.1513630369192,0.0261251143626,0.3464167311503,0.2510417801644,0.0625163075402,0.2481713987758,0.4191042322613,0.2915043421243,0.3402887508966,0.0926162530287,0.4211976785349,0.3223112406927,0.1617419409759,0.1727036490139,0.0016576255883,0.1217908706668,0.1666225792692,-0.0502968717975,0.2893085965032,-0.0909436957461,0.1912560432224,0.3241307709999,0.2844212893421,0.3921002535988,0.3997225419812,0.1168998788825,0.6050256134916,0.1500003234134,0.8428255248101,0.6894751226205,0.7067863276592,0.8356257626598,0.2947279925131,-0.0645335023379,0.3120668491782,0.2718981552805,0.2361826246294,0.2962528235330,0.1198270011360,0.0445185972571,0.3782237969506,0.1993728844770,0.3976520526725,0.4608488512377,0.5222546982488,0.2544689316479,0.2470448935170,0.2561034583063,0.3348856654981,0.2156066289217,0.1732090268749,-0.0036782403621,0.2636132670260,0.1253875086433,-0.0309204095003,0.4019906990410,0.1566863344471,0.2591378605852,-0.0412256808610,0.0542838553274,0.1646433655127,0.0697407521131,0.0785773272843,0.3751422053649,-0.1555492527307,0.1201684788940,-0.0221810400372,0.0463972540045,-0.1617346303241,0.2356750645211,0.0064690407324,0.3460102823644,0.1956111377788,0.0435430869057,-0.0373920359257,-0.0301249156183
0.7853186362512,0.3210144827497,0.4758939884067,0.6947144408255,1.0000000000000,0.7509704968770,0.7025228810040,0.1802030743328,0.3032729931622,0.3545656385577,0.2099324581362,0.3067094020198,0.2474916708517,0.4461934845629,0.5191222273763,0.3780600449354,0.1971465234201,0.3055715135789,0.2616159628391,0.2736021619389,0.1537305372808,0.3947704156636,0.4097807204051,0.4299940536309,0.0827518206433,0.1876176651235,0.4125421530428,0.2336553879371,-0.0212408312826,0.2097703891700,0.3054653571242,0.2777690335592,0.2751427600275,0.2250276413931,0.4156746332959,0.2548531381224,0.2401717640799,0.1911590865465,0.1529473795292,0.3604900210952,0.3319068840871,0.1507260146794,0.1712623051624,0.0823672675837,0.1920639895550,0.3782866888438,0.2785824745715,0.4957330297129,0.5264128670392,0.1777955875955,0.8276260121854,0.3532514761772,0.6339368801405,0.6134297989057,0.7782027610915,0.6761456033715,0.3681995799931,0.0131518129188,0.2770029651023,0.3398318339381,0.3997672101443,0.3927431892595,0.2873999807666,0.0648786284165,0.5238041268658,0.0932961244553,0.2705977317823,0.3936102115031,0.4242291497309,0.2064054996739,0.1323871318876,0.3773504939509,0.3981799482744,0.3333423285848,0.0035319200641,0.0171421807519,0.2962925183863,0.0508952678857,-0.0551530295655,0.2663651587238,0.0818534445534,0.2574995247178,0.0319324040975,0.0144868866327,0.0513059130439,0.0239662928749,0.1659769227441,0.3783275270359,-0.1622178087713,0.1678354055734,0.1059257734945,0.2495893137390,-0.0137831997011,0.2384165029298,0.0471655661853,0.3617897469478,0.3385836092863,0.1245752525821,0.1606401004350,0.0204938151248
0.6048582285437,0.3597686416404,0.7233473661598,0.7116866494820,0.7509704968770,1.0000000000000,0.7809870180142,0.1017102139465,0.3146771605153,0.3997278973450,0.1842888359056,0.2312833752309,0.2741071828208,0.3462266743186,0.5217535321378,0.4708106231928,0.1307326923708,0.2080192362255,0.3328210453476,0.3315066646220,0.0348139783924,0.2897281409048,0.2935344283888,0.4689135814626,0.0051395439646,0.0944547664618,0.3368371020758,0.1242374396513,-0.0681812849765,0.1767926815881,0.2848741628398,0.2760753388952,0.3081151262414,0.2781852052654,0.3612127908856,0.4302741392684,0.2358512395421,0.3332257993579,0.2879221131039,0.3290164552263,0.1971235982096,0.1353741420169,0.2682097615258,0.0556271886240,0.2635937047750,0.2392554823792,0.2131526047120,0.6361490783527,0.3999550875173,0.2032888961333,0.5591483591093,0.3399711126871,0.5365215098548,0.8569725866928,0.8689680837896,0.6413557270511,0.1361068758168,-0.0064332981353,0.3202540724410,0.3100032308901,0.3323375182878,0.4202441044938,0.1608944642890,0.0806620368577,0.3911578266081,0.1876012478825,0.3980517129426,0.3994260076428,0.4672329724502,0.2321144082882,-0.0027594916132,0.3227827519900,0.3255686787228,0.1641321467214,-0.1105216275903,-0.0665845820399,0.3078230602390,-0.0351817568413,-0.1019215979138,0.3003464471495,-0.0114902322015,0.1315471381626,-0.0083891579055,0.1561389129622,0.1174757498155,0.0372900129110,0.1231604934212,0.4773794575836,-0.0645089204840,0.2811203155639,0.2003639350891,0.2328497318479,-0.0316383630247,0.0746648517299,0.0385255300689,0.5299308146553,0.0970547608442,0.0168058065135,0.0892177065667,0.0407993093371
0.5371576925427,0.3383840693972,0.5913385193322,0.8772192996034,0.7025228810040,0.7809870180142,1.0000000000000,0.0672403579416,0.2920911499867,0.2515181493232,0.3200752958521,0.2324626875978,0.2377650107022,0.3044905855176,0.6425376780573,0.4103477057262,0.1855225859963,0.2340663359922,0.3288364656213,0.2274075562154,0.1080950433064,0.1353142633059,0.1738699896543,0.4648941503114,-0.1195495183069,0.0873339074589,0.3242777507159,0.1792436048713,0.0432940761873,0.1230264081584,0.2771363213016,0.1501353022583,0.1745150139821,0.1427494061660,0.4743419154894,0.3534115775441,0.2261566141922,0.2808879503075,0.2272637645332,0.2801747778397,0.1382816016947,-0.0634503860540,0.2866200851122,0.0355343196864,0.1765934137751,0.1924266670182,0.1224093387006,0.4988765224810,0.3630819535755,0.1098702248438,0.5428374953866,0.1912327030019,0.7788264801860,0.7025346077015,0.7582825561937,0.8652412998187,0.2604496148942,0.0463296552463,0.2850905307153,0.3335352116313,0.1881455876191,0.3566171803900,0.1196219548303,0.1268382454754,0.3757964613235,0.2828972465044,0.4209443888415,0.4331799574774,0.5052747734405,0.2919281498706,0.1492581992108,0.1498109593068,0.3221674807621,0.1755875585873,0.0296148579851,0.0148381414809,0.3281664810109,0.0410754862608,-0.0067135758519,0.3150783402563,0.0022291546434,0.1133353265502,-0.0202111507149,0.1705367767274,0.1366201829748,0.0368852397152,0.1487269134792,0.5360906404965,-0.0094194064236,0.2847720644942,0.1687280360793,0.1827723982081,0.0109805280804,0.1613711614013,-0.0886786433773,0.4462806449794,0.1412054106642,0.0761103367370,-0.0282868980355,0.0825602195964
0.1490384877050,0.1316607740361,0.0873675520131,0.0612098740218,0.1802030743328,0.1017102139465,0.0672403579416,1.0000000000000,0.6484543614962,0.2576965244000,0.2994980285364,0.3884344734853,0.2754277464360,0.1902788029101,0.2275110144204,0.2357933631481,0.4970150926994,0.5281093089159,0.2888640267198,0.5494010761453,0.2938939571421,0.3343036152728,0.4536055025427,0.2571959867754,0.3929282265059,0.4399101600200,0.4076353609917,0.1866155216626,0.1949389778243,0.0461111470724,0.3279369497463,0.2782504661628,0.2975360472960,0.2014421772831,0.2617272151985,0.0133814749205,0.2676556214644,0.0966165292261,0.1416878893471,0.2706546605230,0.2320916109224,0.2353690028675,0.1786286545258,0.2631606210577,0.2268285693281,0.2458752950583,0.1706085110871,0.0783188504056,0.1052594801629,0.3680337788008,0.0748623477835,0.0681202944455,0.0704648667695,0.0430614404655,0.0468308637394,0.1086092558472,0.3798571795160,0.6938614765970,0.5768885193329,0.5691962015315,0.2264065489549,0.3438315157490,0.2413949753669,0.1460514590597,0.2093175450454,0.0683593428091,0.0992387142125,0.4457847944654,0.2121625538434,0.5577562563641,0.2270825573417,0.3055036784668,0.3436609225706,0.5315699675231,0.2223527881607,0.2373132181368,0.3713422973338,0.0441618298615,0.1442550186860,0.3171837572964,0.1000074785588,0.2564053010957,-0.0217442657995,0.0716916512776,0.3005489293694,-0.0868580544443,0.2600337568372,0.1458214634483,0.1038022400907,0.1724059202840,0.1168295919810,0.1289586303587,0.2480485568045,0.2736586794485,0.0155365523738,0.0482861068402,0.0979637913958,0.2282948583033,0.2444277094397,0.1722493421778
0.3350207130344,0.3212960022760,0.3269119479808,0.2354445157578,0.3032729931622,0.3146771605153,0.2920911499867,0.6484543614962,1.0000000000000,0.5377979061898,0.3345876083372,0.5484398507623,0.3217757279957,0.3746503122863,0.4886104427211,0.3879269254710,0.5345015258277,0.4477153895395,0.5851178872164,0.6701596470057,0.4437259399466,0.3357224672179,0.5599340940735,0.6062233294084,0.3339121233617,0.5188939206902,0.4827233429381,0.1576616497339,0.1924796784075,0.1594204201093,0.4772371805026,0.4375762514613,0.3550445799894,0.2913109233942,0.3884388150589,0.2565761438644,0.5001648750836,0.2203415000589,0.2760121166973,0.3511362544172,0.2300725267180,0.2292934240741,0.3583508652142,0.2911790409130,0.2481473029033,0.2097560789818,0.1520256781038,0.2568363762164,0.2320333965873,0.5763625210844,0.1386287503854,0.2173957768597,0.1502806614131,0.2172882643738,0.1989323385238,0.1840453307660,0.3005206897094,0.4318474322866,0.6798991427193,0.8682207149922,0.3128375025861,0.4754830859848,0.3829902208853,0.1739962461177,0.3916619390582,0.2752842309697,0.2106878571120,0.5701807258320,0.4454323068763,0.6373412561568,0.3546929089575,0.4529424528657,0.5933059049814,0.5450105535660,0.3345377123952,0.3462040664353,0.5075324886068,-0.0170839209823,0.2256373777342,0.4768629001853,0.2246687464824,0.3328921870589,0.0758613833592,0.1115630200612,0.2254068053337,-0.0265864304521,0.4018433355442,0.3013304734244,0.2287731595228,0.2708810477233,0.2104184518106,0.2152717385711,0.3023175150265,0.2523726365484,-0.0139965248966,0.1767275936274,0.1217318668967,0.2309884207587,0.3464071583793,0.4386837183032
0.3356557884698,0.4572859396846,0.4235012183752,0.2284957025932,0.3545656385577,0.3997278973450,0.2515181493232,0.2576965244000,0.5377979061898,1.0000000000000,0.2214317028364,0.6090675328617,0.2056442753619,0.3977830984245,0.5365482914562,0.1897631368434,0.2237222451905,0.1444084023182,0.2809062389732,0.1987950162699,0.3582065799727,0.4142726123141,0.4552257656296,0.5169124744148,-0.0632608255436,0.1220189486182,0.2265823094094,0.0241991500570,0.0073454186585,0.1221042757901,0.2259852381229,0.4419201714307,0.2325934649741,0.2685196855256,0.3693667351256,0.2062050851081,0.5595145978179,0.0972626540637,0.3251232653282,0.1812990205683,0.1603615267147,0.1311915884094,0.1656792290940,0.0144051205859,0.0529001450422,0.1395385843456,0.2117322404201,0.3264165021522,0.2694972829994,0.5874678524192,0.2077695028055,0.2985021106390,0.0517137420415,0.3536025970930,0.3165896302179,0.0840206831557,0.0783180641180,0.0761833126346,0.4114049207023,0.5188661309934,0.6144712668698,0.6177499391946,0.6184850390130,0.0035980547316,0.3315168836133,0.1265181931599,0.0937174879531,0.3318483891773,0.2504937110931,0.2279900498217,0.3418403426089,0.6367581234657,0.4426170071606,0.1687091195472,0.1409033707845,0.1696069478877,0.2887015100648,-0.0305500443867,0.0259426092540,0.3307769259394,0.3957261362228,0.3542136010705,0.0656859999088,0.0139543047084,-0.0077779636403,0.1936801663853,0.4713659255693,0.3547175785739,0.0258225975018,0.1578078120040,0.2579421529274,0.1659540921822,0.0064356582326,-0.0032151269212,0.0996768853233,0.2712462736653,0.0616429511358,0.1205043571487,0.4128311233004,0.4643611275864
0.1406626493477,0.2644423923447,0.3204335220864,0.2981059140651,0.2099324581362,0.1842888359056,0.3200752958521,0.2994980285364,0.3345876083372,0.2214317028364,1.0000000000000,0.6864538015001,0.4361143767044,0.1535481864142,0.5692915364630,0.0475741422701,0.3355990208304,0.3484669803933,0.0274092715196,0.1890615890928,0.3542761176085,0.0478244568487,0.4348944207426,0.2450691816350,-0.0619983254867,0.2842961607131,0.4819323860608,0.2931328459015,0.3485479074254,0.0546864625549,0.1822409156246,0.3029457950626,0.3301687721273,0.1382593445063,0.1356560824367,-0.0921976432905,0.0175686991736,0.1146954943012,0.0379494972474,0.2999865610388,0.3471043454251,0.0352920540822,0.2170269939278,0.1347207927790,0.2012453637503,0.3087075437032,0.1510631846707,0.0041076713945,0.4084687759920,0.3303102446234,0.1032964294522,0.0995520353575,0.3569599279933,0.1871949687189,0.1154424496738,0.2553349260788,0.3355506573357,0.3410729130636,0.0531956657109,0.3561896091733,0.1594810351334,0.6454371692763,0.4551056035247,0.3260311163322,0.0473982321815,0.2814861533345,-0.0586274296167,0.3829455652927,0.1012928488310,0.3251333369113,0.4889928322787,0.1436821359373,0.2017144977783,0.2738534428870,0.0509279280329,0.1284754414054,0.5107089195756,0.1847337401946,0.2488045471338,0.1362985025895,0.0382402217382,0.4155302163534,-0.0294038022801,0.0470777547010,0.1790003442729,-0.0388562737973,0.0414770661191,0.0983855208794,0.1250984585983,0.2661124497560,0.0532994320319,0.2363143892517,0.1698131758167,0.4906051112661,0.0305923936546,0.0996058066782,0.3571372078976,0.5296861988542,0.0224752430883,0.2202110127985
0.2511757362970,0.2504047544509,0.2749603974677,0.2373730633722,0.3067094020198,0.2312833752309,0.2324626875978,0.3884344734853,0.5484398507623,0.6090675328617,0.6864538015001,1.0000000000000,0.4813355794506,0.2700377142921,0.6153522512312,0.1225208582733,0.5465689684285,0.3486636145036,0.1963886611852,0.2985282182994,0.5963940406257,0.1408535471244,0.6791458796802,0.4266336596024,0.0533072024451,0.3569400526353,0.3738198562471,0.1140276720471,0.2274265183673,-0.0200368432610,0.2810475166361,0.5114947704938,0.4758789640944,0.0561061798232,0.2842739196732,-0.0280710636984,0.2495251327071,-0.0432253259851,0.0499927843138,0.1391268249219,0.1595617892911,0.0681939087693,0.1190260349526,0.0132873519446,0.0580058783846,0.2107008237712,0.1329860983431,0.0595276702730,0.2951954385388,0.5888478267162,0.1546843410350,0.0605877046678,0.2073725677162,0.1662627698586,0.1315524988703,0.1379929412371,0.3796430034679,0.2157141860172,0.2693862664507,0.5088779855046,0.3681865635289,0.7681572412836,0.8317414258359,0.3161405676231,0.1148096429613,0.2350325203213,-0.0564324821546,0.5055692430618,0.1866207138315,0.3838840741947,0.6937284740686,0.4556067356392,0.4060928586838,0.4324932099596,0.2294619114803,0.2884334189416,0.3989354844841,-0.0013876637750,0.1540068274490,0.2958130279130,0.2970046570031,0.6501902951172,-0.1268794700489,-0.1054162992931,0.1159477008433,-0.1415929576407,0.1905608237481,0.1506189254134,0.0715882287719,0.1294817478739,0.0460597723630,0.0356883686788,0.0633643957937,0.3480082669389,0.0676404412133,0.0920356531587,0.1540475097825,0.3334098448276,0.2064196742892,0.4714537547010
0.2005226347950,0.3021685619751,0.3266825498536,0.2263222368763,0.2474916708517,0.2741071828208,0.2377650107022,0.2754277464360,0.3217757279957,0.2056442753619,0.4361143767044,0.4813355794506,1.0000000000000,0.2182307525732,0.2939020439150,0.0947515528587,0.3398550652780,0.2959002880932,-0.0029233846781,0.2505794325100,0.2003666395507,0.2073453465502,0.4412506014847,0.1515568202059,0.3146229146472,0.1609167100361,0.4881113052658,0.2348907449991,0.1682911745116,0.1397934245358,0.2187191710843,0.3300808307046,0.5307528442903,0.1987758655714,0.0688674401151,-0.0767748720586,0.1892302025096,0.1625776424459,0.2044765781082,0.2325123450362,0.3316629631687,0.2770851962827,0.1339508110062,0.0607699342504,0.2949425268969,0.3588050727466,0.2780408506460,0.1375514445916,0.2897572308963,0.3589672078773,0.2072911285785,0.2823032189023,0.1195232569320,0.2889384786878,0.2110395674019,0.2036049900567,0.4575211471800,0.1157835977776,0.0710506173269,0.3119881270024,0.2378550868517,0.3844082201216,0.3925971499699,0.8110344347859,0.1229443888021,0.0662306342420,-0.0546694173367,0.4042627213042,0.0307886490151,0.0630425432698,0.1473985006013,0.2416785502357,0.1190250254103,0.3541866258956,-0.1944569239085,-0.0583403983154,0.3834860410764,0.1514299014699,0.0953070761105,0.0984061818426,-0.0399333533218,0.4050799114057,-0.0015855902686,-0.0190161555675,0.1487407425130,0.0267435642528,0.1082982828321,0.1356235628884,0.0332356178445,0.1922145243402,0.2060942863621,0.1309066097362,0.0516213890429,0.3132049400862,0.2128517831940,0.1150677518467,0.2301808342951,0.3497541412864,0.1960931800823,0.0829699403287
0.5719409549901,0.5694001808267,0.4456959456889,0.4507514812350,0.4461934845629,0.3462266743186,0.3044905855176,0.1902788029101,0.3746503122863,0.3977830984245,0.1535481864142,0.2700377142921,0.2182307525732,1.0000000000000,0.4559907581584,0.5071733440755,0.3486499119936,0.2514540316246,0.4113392809919,0.3050075810500,0.3944025956691,0.3404902959710,0.3348639750731,0.4303949162105,0.0310111915999,0.0657504641418,0.3201045527197,0.4400228561609,0.2623866555568,0.6734233526260,0.4774429460801,0.5308696170766,0.4845635914638,0.3223599369683,0.1584194349006,0.2105575704200,0.2303020961462,0.1077358362108,0.0565423033645,0.1949874787847,0.3757231743233,0.2319526827550,0.2391911327431,0.0260587803713,0.1655390389837,0.3676260625173,0.4419892177685,0.2947799039136,0.5463839288223,0.4825226355769,0.4834479485900,0.4969310236353,0.2312418269403,0.3365739839063,0.2828600747364,0.1923787492399,0.1231792066716,-0.0955222289677,0.2543353731833,0.2704579498930,0.1471378223996,0.2386294299755,0.1344334885561,-0.0479064557212,0.5988186010453,0.1114340585500,0.2436100588217,0.2145994093890,0.3061984314911,0.0806530712965,0.0539034580892,0.3449226682032,0.2617669606701,0.1803408674481,0.0699781234368,-0.0227499369554,0.2842846458240,0.3051354206605,0.2420085616257,0.3200497904147,0.3010184120860,0.2560287345468,0.2765463778168,-0.0088713872341,0.1796360714067,0.2774073779996,0.1150197680457,0.1938022359981,-0.1079798779240,0.0684121441669,0.0802047739759,0.1928646944473,-0.0736193864535,0.3134433757353,0.1803191369687,0.2094002180433,0.3849773770909,0.2251897068371,0.1552218353601,0.0862934664194
0.4473302971036,0.5055154018057,0.4872677206827,0.6495627137145,0.5191222273763,0.5217535321378,0.6425376780573,0.2275110144204,0.4886104427211,0.5365482914562,0.5692915364630,0.6153522512312,0.2939020439150,0.4559907581584,1.0000000000000,0.3058234227980,0.4535434837741,0.2928156117443,0.4323347000588,0.3237067568902,0.5549871885028,0.1971619053134,0.4077765949139,0.6639791832207,-0.1526592421603,0.2799278864183,0.3786706201646,0.1823370310550,0.2436938276703,0.0923549685868,0.3043070317337,0.3786303045163,0.2962049203143,0.0848279627792,0.4785577928551,0.3425018153759,0.3475148367896,0.1778258264325,0.2194964995514,0.2585644360499,0.2153384241409,-0.0804827082752,0.4690646828444,0.0412451266351,0.0954809760189,0.2401397208949,0.1495649807899,0.3979166458608,0.4870182551869,0.5679318125953,0.3435176581191,0.2174626104634,0.5525538886619,0.4511592474969,0.4683972703434,0.4930059259624,0.1740823938231,0.1044730248909,0.2859707968216,0.5183706384356,0.2557736751891,0.6169901489581,0.4449284719856,0.1613695658374,0.3652594682729,0.5412881415480,0.2190818515411,0.4915269878279,0.5028337541398,0.3486015203283,0.5007967554445,0.3155224480815,0.5195238768544,0.2635275130419,0.2150248111986,0.1394101192677,0.4678701397338,0.0688247022975,0.1429095377223,0.2972312312944,0.2122516379467,0.3631729330981,-0.0723089578892,0.0909649822589,0.1166401385033,-0.0195026407762,0.2761437148255,0.4514902681251,0.2075152975007,0.2944526938762,0.2270632726464,0.2396501015337,0.1182741524529,0.3062763903717,0.0173038959850,0.3983400541836,0.2746350151696,0.3124206413466,0.1520665371826,0.4832779171683
0.3351545770437,0.1633697906064,0.3605148030947,0.5486571724891,0.3780600449354,0.4708106231928,0.4103477057262,0.2357933631481,0.3879269254710,0.1897631368434,0.0475741422701,0.1225208582733,0.0947515528587,0.5071733440755,0.3058234227980,1.0000000000000,0.4852156811082,0.4219014614276,0.6972729534441,0.5664070265256,0.3062054291232,0.3116253896078,0.3333046482485,0.5926090195869,-0.0096004706875,0.2298032437037,0.3310457466591,0.1252292321005,-0.0676552555584,0.4007699391058,0.8166648150389,0.5350772671659,0.5940702411599,0.3380267336357,0.3990209462641,0.6338360710308,0.2365661280318,0.3714588775155,0.1104994598894,0.0909317430827,0.0475734685779,0.0341504136043,0.4205833452731,-0.1127301869829,0.3952380139925,0.1510679140165,0.1821185560755,0.4516161256607,0.3479461842098,0.1442245542431,0.3398702952534,0.1186206583653,0.3369678604336,0.3916249212926,0.4402810009362,0.3312567011595,0.0415584545998,-0.0542274446838,0.5216252369694,0.3007804248196,0.1247619309878,0.1455474968798,-0.0695029883168,-0.1497336125374,0.3711590025898,0.1675394391980,0.7166117237314,0.3630522161520,0.6030020996042,0.3871934530033,0.0038340763555,0.3431271071563,0.4154064965303,0.1572866510650,0.3154778044696,0.2381689260738,0.3247971812733,-0.0539044583837,-0.0841073387504,0.7017564213131,0.2672201883563,0.2179737047883,0.1525441086275,0.3488706993431,0.4714733004633,0.1781165152065,0.2083880903991,0.4052961940098,-0.0207704349880,0.2369485916156,0.0633971219134,-0.0101298663987,-0.1920442164198,0.0740019582573,-0.1039839428997,0.3799169858797,0.1527861896792,-0.1163519600045,-0.0151492974155,-0.1533031185149
0.1517402299223,0.0640523126625,0.0646096688890,0.3471498519376,0.1971465234201,0.1307326923708,0.1855225859963,0.4970150926994,0.5345015258277,0.2237222451905,0.3355990208304,0.5465689684285,0.3398550652780,0.3486499119936,0.4535434837741,0.4852156811082,1.0000000000000,0.6634457802725,0.5238264128531,0.4629087198374,0.7506794264780,0.3253330505287,0.5325364811535,0.4824806703878,0.1532152514329,0.4463365501854,0.3230715971820,0.0928645082508,0.1448620901315,0.0821248133932,0.6134293121569,0.4215834573634,0.5411862407799,-0.0301411631582,0.3860028309782,0.2519721828209,0.2642094895684,0.0852989858600,-0.0172772303572,0.0114818919152,0.0541752423568,-0.1082127571981,0.3687981905487,-0.1205179959940,0.1492315950328,0.2241793876626,0.0807064835633,0.1396646808683,0.2190416504492,0.3115282531251,0.1217994152927,-0.0271296893676,0.2461890305540,0.0772994264355,0.1255340953253,0.2189581585099,0.3188434841088,0.1429978269647,0.5108630820405,0.4525169472258,0.3012191747387,0.2804874691877,0.3824041422434,0.1712580468791,0.2071276685494,0.3272167467980,0.2270597067026,0.6796391610844,0.3918190641288,0.4320311963839,0.6196855166622,0.3686456643187,0.4580445072624,0.5011712085217,0.5224051152394,0.3486494640859,0.2406147177832,-0.0476306267665,0.0571547373532,0.5028916365810,0.2780769209320,0.5256774577183,-0.1588797198846,-0.0060036788998,0.2994217084422,-0.1705087981168,0.2135357778726,0.2114762437861,0.1038766057358,0.1304579933876,0.0301645061689,-0.0983961817377,-0.0574690923808,0.2808992921552,-0.0191570196785,0.1382974748745,0.1899678071729,0.1264377649763,0.0994376478797,0.1801359712820
0.1177759322921,-0.0712318017188,0.0436978528608,0.3471934803166,0.3055715135789,0.2080192362255,0.2340663359922,0.5281093089159,0.4477153895395,0.1444084023182,0.3484669803933,0.3486636145036,0.2959002880932,0.2514540316246,0.2928156117443,0.4219014614276,0.6634457802725,1.0000000000000,0.3475570479543,0.4121461073599,0.4243827641938,0.4573226455960,0.4802421082211,0.4474755460671,0.0419479074842,0.3515502727320,0.4768817609347,0.3091717452309,0.1313298612700,0.1698782700860,0.5820083101752,0.2697518617856,0.3743199830083,0.1801691324404,0.3340039538523,0.1931051773913,0.3015154134616,0.2481424316661,0.1684881628877,0.2603192207988,0.3534446160496,0.1367715335730,0.3509111543165,-0.0099954354841,0.3289230980976,0.3965241839374,0.2273792413568,0.2839371899909,0.2936589425796,0.1520401353017,0.2438716280147,-0.0621161915270,0.2368879054373,0.1319148267659,0.3084695114826,0.2898801239025,0.4220027817145,0.2551695878359,0.4260299521254,0.4034660452542,0.3507665644173,0.2800904297820,0.1668564698157,0.1185634880109,0.1212621704677,0.2331294184403,0.1476870706429,0.7065182308043,0.2508085223061,0.4148135323606,0.3144679614446,0.3870606205841,0.4946254528283,0.4051392706577,0.3128135351710,0.2024413776216,0.2968710072542,0.1846828984067,0.1053014760458,0.5111626384049,0.0916954401406,0.2866818273372,0.0352726211204,0.0947864201063,0.2411127422587,0.0029583802389,0.3354398058434,0.2588203193806,0.1435637441291,0.2759009069578,0.2327593150683,0.1729751934525,0.0221246835110,0.3340496388302,0.0763103577176,0.2973391354423,0.3082815758730,0.2499343919477,0.2625124520158,-0.0211276076618
0.2391550256461,0.1103906649649,0.2276141365458,0.4167563514698,0.2616159628391,0.3328210453476,0.3288364656213,0.2888640267198,0.5851178872164,0.2809062389732,0.0274092715196,0.1963886611852,-0.0029233846781,0.4113392809919,0.4323347000588,0.6972729534441,0.5238264128531,0.3475570479543,1.0000000000000,0.6269822020837,0.4277455892588,0.2766746939958,0.3448348152391,0.6293880891391,0.0497921983527,0.3130279214221,0.2361045582480,-0.0566110443454,-0.0683137227364,0.1948201714126,0.5710380949237,0.3592433672711,0.3595185966500,0.0895163275048,0.3857767284902,0.6602345906513,0.2941667768138,0.1987349437697,0.0675363432718,0.0253352659531,-0.0428263672914,-0.0414262473585,0.4451287638416,-0.0337562264677,0.1836127031384,0.0539317563781,0.0243349772838,0.3309303192151,0.2006607140818,0.2940998516394,0.1969359236183,0.0359529083452,0.2449937919712,0.2422904735198,0.3214048491290,0.2121280306653,-0.0900326653198,0.0032205337104,0.5864624682599,0.5106723636727,0.1373145374726,0.1915357448405,0.0621791675872,-0.1024672566418,0.3327587843013,0.3117644493810,0.5491872228336,0.4442206589821,0.8111614352969,0.4868846322613,0.2135922501550,0.3605917079796,0.4956682300279,0.2883952840011,0.4220541863231,0.2671284391984,0.2725727406964,-0.1670900643691,-0.0603590959900,0.5527098866674,0.2334779764908,0.1693687151170,0.0263733324816,0.2243414845315,0.2323568395234,-0.0416584306219,0.2506706466560,0.3232484011669,0.1294834644464,0.1692513386846,0.0634416208578,-0.0579568668967,-0.0242304490875,0.0090437089552,-0.1418030194918,0.2706951395930,0.0473734549498,-0.1466913544628,0.1106625365726,0.1674038631721
0.2741467550938,0.2050540609884,0.2509859238339,0.2525627188490,0.2736021619389,0.3315066646220,0.2274075562154,0.5494010761453,0.6701596470057,0.1987950162699,0.1890615890928,0.2985282182994,0.2505794325100,0.3050075810500,0.3237067568902,0.5664070265256,0.4629087198374,0.4121461073599,0.6269822020837,1.0000000000000,0.3782551213393,0.3029409678363,0.5630404595644,0.5594695402892,0.4711937282648,0.6513447829794,0.5854164239636,0.1516297624752,0.1177430251443,0.2370376095806,0.5953055635622,0.5231001833298,0.5745399759863,0.3216935732479,0.2598254984760,0.3074498058099,0.2252748053704,0.3406788156248,0.0277178329771,0.2582559794101,0.1496711110561,0.2477704506889,0.3304902173128,0.3005578923799,0.4417631300976,0.2440583208605,0.1989120382003,0.1862528699179,0.1938734277884,0.4515199827381,0.1526038517943,0.1097150673037,0.1689007313380,0.1962744449390,0.2069235350364,0.1884748751191,0.2423570154745,0.3688653802336,0.5701957809371,0.6124918684197,0.0763589584552,0.2906366234479,0.0925201858429,0.0476609578198,0.2490504899088,0.1686854133292,0.2795221738132,0.3996208365400,0.4679790128471,0.7062562075638,0.1064687648912,0.3286358921633,0.5056190094022,0.5889263263903,0.3120110552537,0.4261583080730,0.5463912254809,-0.0635979532850,0.0402686262675,0.4648175352742,0.0984818248908,0.2688359204744,-0.0217870727934,0.1342076686592,0.4335151309682,-0.1160550140277,0.1516010719057,0.1304872692764,0.1102343594205,0.2763221466989,-0.0301577614890,0.0551360996587,0.2566577551782,0.1949495798132,-0.0828999838931,0.1143283162768,0.0687494035570,0.1023539417432,0.1054041396916,0.1934463709516
0.1225467503698,0.1097035007110,0.0581775944147,0.3198827336954,0.1537305372808,0.0348139783924,0.1080950433064,0.2938939571421,0.4437259399466,0.3582065799727,0.3542761176085,0.5963940406257,0.2003666395507,0.3944025956691,0.5549871885028,0.3062054291232,0.7506794264780,0.4243827641938,0.4277455892588,0.3782551213393,1.0000000000000,0.3456892868316,0.5748916114668,0.5345332394715,0.0904225643880,0.3552476817003,0.3369428159543,0.1606757628830,0.2434801539988,0.1236440175626,0.5045034220861,0.5554180326391,0.4847449720874,-0.1339043726805,0.3866988447142,0.0674993248432,0.3051992889261,-0.1830981678981,-0.2188859387492,-0.1338618676181,0.0491001559050,-0.0180397512869,0.2974729800814,-0.1586930879323,0.0425343142395,0.3022733543374,0.2736393617644,-0.0527884905346,0.1701766694523,0.5528052277668,0.1111713884773,-0.0721068362083,0.2372033150201,0.0500604874917,0.0092223214539,0.1417667871342,0.2801956877817,0.0269239998712,0.3733902739679,0.4072773611370,0.3004162780335,0.3332367129885,0.4431737171433,0.0153325216227,0.1192985771477,0.1719150419291,-0.0300732683496,0.4379649775745,0.2880273356109,0.3073205867380,0.7236036651489,0.4750272303400,0.4796677098170,0.4933006284503,0.6355896596174,0.3564384039267,0.2168787284468,0.0642605947158,0.1259962658432,0.4122807194963,0.5305341815614,0.6344618616414,-0.2277570907371,-0.2820404298600,0.1349844787195,-0.1474502820144,0.2068750473894,0.0050647778137,0.0049817259569,-0.1547264020694,-0.1879393005682,-0.2038596389602,-0.1313721754751,0.2950979956129,0.0983949733605,-0.0761807311162,0.1377347396758,0.1527969282070,0.2147124605186,0.3948600769416
0.2180250417697,0.0945488774323,0.0348946242592,0.2579170534070,0.3947704156636,0.2897281409048,0.1353142633059,0.3343036152728,0.3357224672179,0.4142726123141,0.0478244568487,0.1408535471244,0.2073453465502,0.3404902959710,0.1971619053134,0.3116253896078,0.3253330505287,0.4573226455960,0.2766746939958,0.3029409678363,0.3456892868316,1.0000000000000,0.5135925796157,0.3963996880200,0.1346591353717,0.1561147318079,0.3905317272268,0.2614632833030,-0.1395943198924,0.3047086716642,0.4521564521104,0.3103730240976,0.2850304829886,0.2823078710845,0.3364361631193,0.1492421707502,0.4513279282208,0.1301852745479,0.1489161226866,0.2476669999433,0.4379750233903,0.2607319195753,0.2249344291817,-0.0352614241574,0.2240078939087,0.5382690923593,0.4539264862607,0.3234602651953,0.3368142634400,0.2182564992055,0.4371264198619,0.1377157775364,0.1048406907790,0.1780599641281,0.4100222084146,0.1633474292248,0.2640648577623,0.0895917331260,0.3919412618502,0.3601780793970,0.6784856672524,0.1786242454688,0.1288829850221,-0.0676571328930,0.4037074865702,-0.0313856319483,0.1002332510320,0.3475853883380,0.2251121181467,0.1954712091639,0.1318077342292,0.6836038717407,0.4485106779725,0.3729680851436,0.2874493713077,0.0814993630612,0.2081526609258,0.1441882292211,-0.0593928694744,0.3931806216741,0.2725381842590,0.3129953555373,0.1651893944640,0.0358644386308,0.0839854399434,0.1982349604168,0.4317108790583,0.2331664501708,-0.0312949911946,0.0978955629669,0.1686824187287,0.2052072610140,-0.0517619888273,0.1284950446375,0.2785329025927,0.2062893227434,0.3681822542311,0.1779788155844,0.5315306547464,-0.0288954372157
0.2972211661108,0.1482499427582,0.1724788289123,0.2481796959477,0.4097807204051,0.2935344283888,0.1738699896543,0.4536055025427,0.5599340940735,0.4552257656296,0.4348944207426,0.6791458796802,0.4412506014847,0.3348639750731,0.4077765949139,0.3333046482485,0.5325364811535,0.4802421082211,0.3448348152391,0.5630404595644,0.5748916114668,0.5135925796157,1.0000000000000,0.5267023620416,0.2976179827347,0.5759985490513,0.6281398464568,0.0974299206347,0.0010852760607,0.1066075267275,0.5072115519172,0.6540114266303,0.6351854738754,0.2048232552965,0.3526880282579,0.0878764048285,0.3245873523602,0.0560960939513,-0.0280412776477,0.2370798098695,0.2462557320908,0.2265051010971,0.1541724935270,0.0021517533227,0.1939527898230,0.4888321470274,0.3058716248034,0.1504262935789,0.3421832816176,0.5188967865415,0.3366718080774,0.0759714675835,0.1876126220274,0.1642049749383,0.2479714528334,0.1692805412632,0.3892343031704,0.2316411450901,0.4076570843036,0.5271306912281,0.4754443890686,0.5210398601555,0.5417736887129,0.1984596103562,0.2635933793950,0.0567775513851,0.0183068952155,0.4638276757630,0.2937873167685,0.4650924308585,0.4430060912972,0.7529445075874,0.5543657149720,0.5945824306139,0.3244891318921,0.3994295989517,0.4842896557690,-0.1037259473260,-0.0648305248258,0.4180398977247,0.3299568917127,0.6661720920458,-0.1215850593944,-0.0974975189575,0.1502918935061,-0.1524024575182,0.2709706210330,0.1182236609076,-0.0348157354381,0.0887631226912,-0.0486005362397,-0.0024542531496,-0.0207627210746,0.3610466104733,0.1042120984512,0.0844476014382,0.2259515600140,0.2722748844327,0.3492732201553,0.2506554335636
0.3453088890929,0.2472905167921,0.2941969015410,0.4964860089312,0.4299940536309,0.4689135814626,0.4648941503114,0.2571959867754,0.6062233294084,0.5169124744148,0.2450691816350,0.4266336596024,0.1515568202059,0.4303949162105,0.6639791832207,0.5926090195869,0.4824806703878,0.4474755460671,0.6293880891391,0.5594695402892,0.5345332394715,0.3963996880200,0.5267023620416,1.0000000000000,-0.0836211946043,0.4397884878689,0.3905938495515,0.0712866494281,0.0422183106491,0.2033089839956,0.6306888197843,0.4826614190911,0.3451979016980,0.2241271326604,0.5994838872162,0.5861351689119,0.5723188001060,0.3420711024172,0.2783524989639,0.2620699038102,0.1223148165988,-0.0450540819197,0.4957390701416,-0.0126754881020,0.2091346907168,0.1817003262158,0.1028403547393,0.5375715585242,0.4291696542578,0.4583386200991,0.3206932784793,0.0740659581590,0.2967883212066,0.3231700628968,0.4694767802017,0.3157420496575,0.1553964178390,0.0248838407173,0.4803675397723,0.5648005278877,0.3333301528690,0.4545092222499,0.2904763495335,-0.0148344791581,0.3326905995813,0.4425644805078,0.3996569892683,0.5184418908490,0.5770518282986,0.4879210561269,0.3415827575059,0.5184848539596,0.8282570665907,0.3468322851178,0.4547142317698,0.3584444606099,0.4013252658341,-0.0856612947388,0.0236998888761,0.6137359179283,0.3149264921966,0.3154529029173,0.0194039543653,0.2281741384984,0.2033859101188,0.0258159671522,0.5355930772648,0.5193087103727,0.2144978159765,0.3590075810518,0.2725203227464,0.1728461480785,0.0238717341615,0.1059669136840,-0.0723037283183,0.4957801631002,0.2267557488284,0.0596727383040,0.2420480029828,0.3428018861149
