1.0000000000000,0.6707901641809,0.6382042438317,0.7311856656317,0.7748460837190,0.4254150387830,0.5417083568963,-0.0112183568164,-0.0845624438793,-0.2366002154917,-0.1965560015323,-0.1233501301575,-0.1399855983352,0.5363620300435,0.3491185818849,0.3447128812310,0.1180949418743,0.2646980520401,0.2681713847077,-0.0269101288963,-0.1789632340463,-0.3127845374979,-0.0679810048957,0.1305490726505,-0.2644842311973,-0.1340346380798,-0.1406949014535,-0.2204678428475,-0.1629932840250,-0.0928233371398,0.0508539538170,-0.1073128358803,-0.1224784919863,-0.0893150120193,0.1394380552231,0.3130655032549,-0.1865932459429,-0.1394182102722,-0.0216748256939,0.0355330418587,-0.2142981268374,-0.1344447185957,-0.1432055344705,-0.2943981898042,-0.3875688678914,-0.2558816145680,-0.3192999878424,0.3912133496983,0.2700722671007,-0.0854742303346,0.8640743849534,0.7051829696831,0.6762131555322,0.5642736123992,0.4461780414588,0.5527394191958,-0.1781148891492,-0.0108701213623,0.2007088694587,0.0046823993802,-0.2736414449122,0.0148025940666,-0.0835593700522,-0.1538146254115,0.6528873804560,0.1612617153063,0.3601112402368,0.2308233191586,0.3099511615734,0.1464454167414,-0.0761242469788,-0.1018470880137,0.1196648501324,-0.1731411609422,-0.2897012259835,-0.2067416361899,-0.2470828650656,-0.2483497847302,-0.1901467896262,0.1595400975810,-0.0369887095185,-0.1644831202683,-0.1280508412333,-0.2015860075297,-0.3133398329034,-0.1834655368265,-0.1572161859113,0.4620474264303,-0.2086349268399,-0.1991254911917,0.0894489743621,-0.0185898129166,-0.3777840693347,-0.2437823814366,-0.2404666468381,0.4122532577149,0.2275835377170,-0.3150550902363,-0.2033126463430,-0.1093106395148
0.6707901641809,1.0000000000000,0.6609864984204,0.5951389228798,0.4162753065617,0.3167832824006,0.4114531729760,0.1540864702639,-0.0007492070269,-0.1790521548718,-0.1829487114102,-0.2794521582742,-0.1385938852845,0.4042709018244,0.1931133397147,0.2322920362658,0.0742233528437,0.0546256501065,0.1434659590014,-0.0138660430243,-0.3176873300143,-0.2486836719157,-0.3155651430322,-0.0957452931194,-0.1820375583408,-0.1943146654987,-0.3611230155126,-0.0406764877088,-0.0351406016031,0.0052629679551,-0.0969050661162,-0.1502433543959,-0.1482807923331,-0.0191023819347,0.0042410896134,0.1385295420990,-0.3743824874911,-0.1744565505843,-0.1600047674963,-0.0135444332386,-0.1801316240938,-0.1634274039004,-0.2182348823245,-0.0693552387940,-0.3448621859063,-0.3074005502014,-0.1961689842467,0.1576084207219,0.0723187832096,-0.1376737543790,0.5371458146754,0.8910460844530,0.5748988147947,0.5477286771290,0.2991217662739,0.5421137516293,-0.0985287904318,0.1424936499017,0.1565882664166,0.0792610917102,-0.2419176270475,-0.1469339349201,-0.2288733656576,-0.1344406084701,0.5798755052968,0.0472612969165,0.4011071499686,0.0747715788270,0.2971510392040,0.1522315539652,-0.2235031582960,-0.2971192103291,-0.1061431210204,-0.0762218209834,-0.2869228661965,-0.1576759050156,-0.3803071958930,-0.0521411673142,-0.0778156351522,0.0114235826238,-0.0432814851967,-0.1155087637814,-0.1450134579398,-0.1257635532383,-0.0476255367233,-0.0210285738017,-0.3522737003294,0.3501865079768,-0.2423220312147,-0.0941466671915,-0.0360017325125,-0.0047535537067,-0.1061051582149,-0.2616536574883,-0.1150314455621,0.1119570484830,0.0727093043756,-0.1811031507943,-0.2225483791197,-0.1928758088517
0.6382042438317,0.6609864984204,1.0000000000000,0.6936033078707,0.7058501438392,0.8190876348698,0.8400730147946,0.3744119756791,0.3054123579041,-0.0906754560439,0.0030413055222,-0.1653831929733,0.0786476496513,0.1009895530126,0.2948145531543,0.0610480326791,0.2404842007928,0.1278488314599,0.1537212005627,-0.0127320820949,-0.2524593760517,-0.2838166791157,-0.3354242500227,0.1439125923216,0.0632020569917,-0.2101975389590,-0.2535255368797,-0.1719029638383,-0.1841186972965,-0.2179919248177,-0.2070264629623,-0.2745693977797,-0.2071573055998,-0.1130577281308,0.2735968184145,0.2954858196986,-0.3231886295025,-0.2521143692070,0.0101612217525,-0.0338120223252,-0.2705555015946,-0.1912255876411,-0.2069288760200,-0.1419012604835,-0.4445732496434,-0.3150875231095,-0.2706367317047,0.5857833526418,-0.0570255298764,-0.1365416000559,0.5128392837067,0.7116606011667,0.4942466801083,0.9300747073203,0.7777789500683,0.8376895166679,0.1197343649482,0.3339933314641,0.2963042625786,0.3711827226070,-0.0521194244412,0.0254021336480,-0.0859134790893,0.1126996939186,0.2924014228280,0.0822101008167,0.1982564067358,0.1953850542283,0.3273090427040,0.1153472254847,-0.2274344642185,-0.3209083245680,0.1097593491216,0.0689056665533,-0.4283598190238,-0.2990899602955,-0.3747882057776,-0.2325033508103,-0.2418225923485,-0.1291974594542,-0.2415711854160,-0.2627569274353,-0.4205421651216,-0.3250051537251,-0.3834468692612,-0.2234078940922,-0.3346366051033,0.6607259936917,-0.2759933020130,-0.3200658248783,0.0740264917624,-0.1320080125596,-0.2459586573862,-0.4239055761456,-0.2368905176431,0.3852030199180,-0.2180964539636,-0.2851689776130,-0.2077646391869,-0.0884967758462
0.7311856656317,0.5951389228798,0.6936033078707,1.0000000000000,0.7307004630097,0.5100590299734,0.7763611474493,0.2279992627624,0.1569555507463,-0.3497125360127,-0.0344454153031,-0.1380888217560,-0.1113920633405,0.2273030329221,0.3619058251089,0.6057404299418,0.3826914737459,0.5244375894824,0.6091446802693,0.2580500247004,-0.2055385317028,-0.3532387944703,-0.1365585300659,0.3043168961193,-0.2563257632965,-0.0482611370873,-0.0886024700639,-0.2405233995693,-0.1189462463199,-0.1997108374876,0.2501626361602,-0.1576934981742,0.0195017633013,-0.1510364919349,0.4622536338137,0.5810963827889,-0.1170583492240,-0.0197969223936,0.0923700208863,-0.0403573657627,-0.2842796150387,-0.2606659355826,-0.0568966831523,-0.3292406553757,-0.3725701173497,-0.3702327006238,-0.4269083173686,0.4281338060232,0.1691097277796,-0.2230179375780,0.7323359928849,0.6276781293452,0.9016939775105,0.7054333486965,0.5340434366886,0.8046133380777,-0.0992418981859,0.2245250531047,0.4838583028309,0.2346751717995,-0.3507833387501,0.0745344370639,-0.1995665791039,-0.1174317331859,0.3456151518624,0.1138376108984,0.5787214107465,0.4724165223074,0.6602220378211,0.4748518533006,-0.0620644197316,-0.2573730918087,0.2579383739226,-0.0079000863725,-0.1295134134277,-0.1661226500233,-0.3134289941207,-0.3065739014709,-0.2562799635538,0.3504084398611,-0.1890953151943,-0.1078645024028,-0.3367381726730,-0.1152456969393,-0.3194534975259,-0.3624058232220,-0.1113985677277,0.7446021755812,-0.2694822090475,-0.1386998291307,0.1636182965466,-0.2036086889037,-0.3993390230554,-0.4510268822057,-0.4618434801336,0.3808526089310,-0.0152612539745,-0.4063545675931,-0.3525299348195,-0.2575435628884
0.7748460837190,0.4162753065617,0.7058501438392,0.7307004630097,1.0000000000000,0.7229783462421,0.7700137746100,0.1251039060369,0.1442327880311,-0.1375207577629,0.0046995586466,0.0310965902030,0.0220793534249,0.2647737488854,0.3855300772137,0.2872101225538,0.2261001598114,0.2900652703012,0.2795892954495,0.0791414004962,-0.0830805647845,-0.1234975359503,0.0509697550480,0.3705786814839,-0.0293433371185,0.0054965016246,0.0461701664850,-0.2053287522669,-0.1744806191196,-0.1496370696834,0.0737983234647,-0.0654856356081,-0.0527116422228,-0.0708803610075,0.4408279067538,0.4566445310140,-0.0693643355776,-0.0930142404713,0.0918317574117,0.1267014780329,-0.2315705599228,-0.1914097069032,-0.0952131328107,-0.2293637276250,-0.3671501138458,-0.1486025393026,-0.2565163636302,0.7021631922299,0.3647451437375,-0.1053315869037,0.7961150082989,0.4646975393502,0.5551956034461,0.6858470749608,0.7297875630566,0.6076852913895,-0.0054646740583,0.1357811505788,0.2711157480429,0.2173984631297,-0.1235750252895,0.2112418617244,0.0846006145091,-0.0032971079066,0.3227563866504,0.0874152090984,0.2306693585555,0.3043902966005,0.3537804154687,0.1901182186913,-0.0421759656661,0.0057061023500,0.3268031740996,0.0709532295159,-0.3618630807431,-0.2629269137086,-0.1632976305781,-0.3281317000602,-0.2692265569947,0.0740451297794,-0.1240569759980,-0.1667356540791,-0.3767730768465,-0.3074707729093,-0.4742350348190,-0.2532341837567,-0.1041449139136,0.6171742458501,-0.3001650163138,-0.2246226117909,0.1229200976948,-0.0391606488341,-0.3759880552999,-0.3026776005938,-0.3014499697263,0.5823749832742,0.1387334948638,-0.3713090292453,-0.2370349886341,-0.1262950865795
0.4254150387830,0.3167832824006,0.8190876348698,0.5100590299734,0.7229783462421,1.0000000000000,0.8508578376218,0.3902300212234,0.4819987322371,0.1380989665998,0.2549961456865,0.0950155120431,0.2871602341955,-0.0397600307859,0.4048681648272,-0.0872719039219,0.2800828457074,0.1362990229623,0.0807265830703,0.0520349486550,-0.0312291471337,-0.0589493161586,-0.1260844485729,0.3778190086521,0.2740764994254,-0.1577578146295,0.0002061174685,-0.1707167778126,-0.2104382032148,-0.2623540498797,-0.1747965481060,-0.1935816554945,-0.1004984388511,-0.1356353245946,0.3732587987094,0.2821340796630,-0.1270911400417,-0.1623577981456,0.1865343809792,0.0497780276414,-0.1742215459224,-0.1081431540462,-0.1063829574503,-0.1029407980713,-0.3327335880803,-0.1741966322156,-0.1955086894575,0.8160613161035,-0.0614996787764,0.0252249649724,0.3509993537940,0.3863526417470,0.2341349058043,0.8357846164474,0.9402116610486,0.6819074198629,0.3014307484620,0.3358640073153,0.2685010322758,0.4909841310227,0.1868076034660,0.2849037208083,0.1457187788296,0.2863523019488,0.1019627399206,0.1061567430148,-0.0808315544942,0.2472221297825,0.2404675610776,0.0648296490890,-0.0576681239797,-0.1373903587711,0.3492628314906,0.2531260734770,-0.4268173947576,-0.3966714452352,-0.1820589277277,-0.2914400734503,-0.2891904765021,-0.1678765661529,-0.3102547389780,-0.2042822930946,-0.5123120055542,-0.4171223997250,-0.4970050925058,-0.3314550128156,-0.1949883388090,0.5971183660934,-0.2117470372363,-0.3541287285135,0.1631885316679,-0.1266643898348,-0.2516911401312,-0.3914255754151,-0.1924026444012,0.5325911133176,-0.2212858224815,-0.2387553107153,-0.0727848042289,0.0796337360772
0.5417083568963,0.4114531729760,0.8400730147946,0.7763611474493,0.7700137746100,0.8508578376218,1.0000000000000,0.4085263390302,0.4140447196777,-0.1208405328798,0.1393912266835,-0.0613633166514,0.1617309213269,0.0223911022904,0.4207741393278,0.1704105806851,0.3992315665472,0.3447028028292,0.3305988809513,0.1292920731192,-0.1291798098331,-0.2856529900182,-0.2241925528934,0.3714251562674,0.0846986908693,-0.1049674776555,-0.0467296708886,-0.2230881507967,-0.1763249978695,-0.2846019089535,-0.0080675814012,-0.2310833570446,-0.0945015454380,-0.1482871791148,0.5457975662320,0.4536286151741,-0.1142899512744,-0.1076546478571,0.2110862782251,-0.0186725402946,-0.2591370136363,-0.1822349251017,-0.0159922554937,-0.1974442771137,-0.3376668578060,-0.3009101328057,-0.3304394420863,0.6967757018990,-0.0132455471436,-0.1020246795136,0.4849595568242,0.4799317917196,0.5378967329599,0.8547889842296,0.8483031045759,0.8883553079780,0.1867667159918,0.3733388965025,0.4344322265132,0.4629575946068,-0.0623198690342,0.1455632616323,-0.0362452223090,0.1711455802996,0.1380690668409,0.1367673859027,0.1785993729521,0.3993854205745,0.4529017664277,0.2388939627257,-0.0839683112884,-0.3038897408388,0.3281304227966,0.1416733052294,-0.3238898509193,-0.2980727422453,-0.2765393879451,-0.3179546730598,-0.2966198085554,0.0099213098331,-0.3185874519614,-0.2182486528776,-0.5102713591383,-0.2833710149200,-0.4676520030121,-0.3862452825819,-0.1540090213192,0.7909758122228,-0.2101146929458,-0.2878592165792,0.2066316688879,-0.2114184148414,-0.3067194765134,-0.4627090923503,-0.3633166786114,0.4757573392763,-0.2283298742583,-0.3410689665275,-0.2091322154631,-0.0537971327846
-0.0112183568164,0.1540864702639,0.3744119756791,0.2279992627624,0.1251039060369,0.3902300212234,0.4085263390302,1.0000000000000,0.6947748922717,0.0586407223967,0.2279175114341,0.0649181528052,0.2408599096522,-0.2126198943015,-0.0408693775595,-0.0147972632880,0.6258423017370,0.4097667502933,0.3173733777274,0.4631513217717,-0.0603622732967,0.0279368177639,-0.2246709495131,0.3144839242106,0.3028217343039,-0.0402978448922,-0.0433762110884,-0.0616720527314,-0.0542367181049,-0.2671127471586,0.0504347636044,-0.3087534057881,0.0412065458091,-0.2659070627660,0.2647826188181,0.2218013549026,-0.0625071259648,-0.0023991160693,0.0200276950741,-0.0878752870330,-0.1511570568218,-0.2216490904027,-0.1679725947306,-0.0966101927807,-0.2362118326780,-0.1575281035584,-0.2500388228561,0.2692185418823,-0.2196830528473,-0.2185639033706,-0.0433442888151,0.1865219753879,0.1076561115673,0.4325867952883,0.3895180169574,0.4475622993822,0.4308588558467,0.7699650735941,0.6451179910569,0.7173843299305,0.1683485537330,0.1107124374915,0.0308005056599,0.2722036371438,-0.1599184001118,-0.1890052777200,0.0989640849114,0.4208975146177,0.4003279423006,0.4875800790582,-0.0266768642497,-0.2322144045812,0.2932547775931,0.5117921006424,0.0196992935444,-0.2051541503832,-0.1502225445564,-0.1340872876902,-0.2145892137284,0.0679214913873,-0.3309462723614,-0.0232795268244,-0.4570632621467,-0.1432384058669,-0.1296675223698,-0.3021777460417,-0.0806907789509,0.4266277255920,-0.2772475760555,0.0222371751462,0.0780119627678,-0.2038681045731,-0.1142975822103,-0.2285471179698,-0.2751684715943,0.0483872767617,-0.3239692399134,-0.0510529903197,-0.1411940079578,-0.1980108069651
-0.0845624438793,-0.0007492070269,0.3054123579041,0.1569555507463,0.1442327880311,0.4819987322371,0.4140447196777,0.6947748922717,1.0000000000000,0.2438985152439,0.4955261963404,0.3161483031852,0.4034385943489,-0.3395323680051,-0.0045819116007,-0.0767168514668,0.5635728897491,0.3168933946140,0.1805944491108,0.4507941820934,0.1786184785896,0.1675294796335,0.0361977378394,0.6430092062876,0.5525585634000,0.0435994572216,0.2517895976822,-0.0799875277405,-0.1046846750336,-0.3625341225959,0.0512443248855,-0.2482159113388,0.0878284688199,-0.2763506599089,0.3284444945668,0.2090910162491,0.1762495927649,0.1354328075144,0.1313229014736,0.0395424619690,-0.0747232576020,-0.1779368943435,-0.1571117138427,-0.1736025411334,-0.2025706536861,-0.0119386294825,-0.2146949691423,0.4629100399889,-0.2213290053923,-0.1855575178516,-0.0850859148454,0.0744089312035,0.0307709872921,0.3687120890576,0.5159797448717,0.3692373591504,0.5603762654861,0.5215939914155,0.5501656197442,0.8929821615974,0.3963765417397,0.4233007459120,0.3015997247408,0.3845661461249,-0.2680945245544,-0.1090075582166,-0.0591399968766,0.4360659097914,0.2978842413547,0.4075502057101,0.2218549611024,-0.0318058897157,0.6520221735432,0.6832965198840,0.0955193473409,-0.2044179276043,0.0698092264635,-0.1874254944851,-0.2575067162431,0.1320027625104,-0.3331969765005,0.0215708946966,-0.5104516406753,-0.2318655289031,-0.3001252081751,-0.3636334275666,0.1086648344588,0.4106181876512,-0.2200965022156,-0.0830145167740,0.1411830280873,-0.1526484102946,-0.1831223773383,-0.1478212606708,-0.2422331653990,0.2471412933895,-0.2885103145203,0.0027699705036,-0.0775471922038,-0.0770538542212
-0.2366002154917,-0.1790521548718,-0.0906754560439,-0.3497125360127,-0.1375207577629,0.1380989665998,-0.1208405328798,0.0586407223967,0.2438985152439,1.0000000000000,0.4158559704383,0.5726955378881,0.4320091514910,-0.1945677370310,0.1658091840906,-0.3971238082730,-0.0108220397366,-0.2156337535155,-0.2871819800871,0.0038648118998,0.4930516013368,0.5882705782243,0.3357253566382,0.2032254400751,0.3376221690454,-0.0147555067878,0.2799096604575,0.0086368401204,-0.2002530119982,-0.0564230344603,-0.1455845832164,0.2978097886501,0.1644455035355,0.2018020602677,-0.0926157458194,-0.2070846132145,0.2005400099282,-0.0170839922305,0.2396983002079,0.3547360370096,0.4312950883461,0.4546040476603,0.0721553612831,0.2058619513183,0.0740526346110,0.4090623063023,0.3198367276901,0.2054277078208,-0.1652244866665,0.5373101518822,-0.2389876375099,-0.1596067285013,-0.3988923822351,-0.0442402158621,0.1962908998711,-0.2515362198876,0.3826320700874,0.0650999606470,-0.1153086202011,0.2404457570349,0.8842862248242,0.5134034004331,0.5276145561677,0.3827793724262,-0.0806579126305,0.0864126540659,-0.4615945319608,0.0295516250260,-0.2297865179334,-0.1911501651903,0.2816867284873,0.5216534657416,0.2233804566997,0.2138571828409,-0.1308820944637,-0.2145351341234,0.3176608544439,-0.0004058439351,-0.1336914485309,-0.1618483365572,0.1313555332078,0.2816279428392,0.0735828852031,-0.2728867636089,-0.1131652340287,0.0947138315103,0.1384032585229,-0.1960094477394,0.1780836041774,-0.1210624082879,0.2041926496256,0.4044663444643,0.2022220827545,0.2325958533967,0.4862192828201,0.1661079477277,-0.1178720204282,0.4282799425569,0.7082547362666,0.4561403484898
-0.1965560015323,-0.1829487114102,0.0030413055222,-0.0344454153031,0.0046995586466,0.2549961456865,0.1393912266835,0.2279175114341,0.4955261963404,0.4158559704383,1.0000000000000,0.7426181887809,0.5065800370271,-0.4246310750275,0.2594110461943,-0.0826347797804,0.3417142693658,0.3015187302323,-0.0878624947343,0.2575577697703,0.5321681053531,0.3167154658040,0.4004051596462,0.5958845045039,0.2577916698813,0.2292961773418,0.5262432178520,-0.0766371459721,-0.0137069364710,-0.2891255661393,0.1888166369941,0.1030166475092,0.2896342753956,-0.1467872432380,0.2436232179219,-0.0144463033850,0.3536396934553,0.2316092343108,0.4027503135783,0.1435040228874,0.0513033115402,-0.0255250772938,0.2214998056636,0.0232818595433,0.0548550346081,0.0496820040800,-0.1420123174588,0.3693699723956,-0.0003255608457,0.1622004620013,-0.1821214497096,-0.0955585356242,-0.0504520044729,0.1255440649750,0.2530318737399,0.0256963834609,0.4272168872775,0.1050271877260,0.0492061345212,0.3077852711523,0.4179593649074,0.7655813065503,0.6121496718989,0.4664072875313,-0.3945338544246,0.2161814868800,-0.2241362427942,0.3477514892401,-0.0227254563688,0.0704149820856,0.5582000387000,0.2367630238525,0.5675102964197,0.3820880718919,0.1361735507263,-0.0402020247142,0.3916209007947,-0.1574709744826,-0.1101440869395,0.2216017905361,-0.1606019456346,0.2561114324165,-0.2294138223563,-0.0797151865017,-0.1628889853091,-0.3663433672680,0.3912894350423,0.1409069132662,0.1772917164310,0.0298140835645,0.3912496260095,0.0322212347192,0.0252829113026,-0.0455865287862,-0.1193508834853,0.3775446722254,-0.1865958301874,0.1119981907559,0.1252735890937,0.3101218330992
-0.1233501301575,-0.2794521582742,-0.1653831929733,-0.1380888217560,0.0310965902030,0.0950155120431,-0.0613633166514,0.0649181528052,0.3161483031852,0.5726955378881,0.7426181887809,1.0000000000000,0.4665868510067,-0.3195473298904,0.2001463872801,-0.0624308252351,0.3708361291794,0.2384026588517,-0.0915042454095,0.1790513145625,0.7049525848075,0.4605483384013,0.6807301325135,0.5293628122899,0.2584561811246,0.2748560771116,0.5743587503060,-0.1819533985699,-0.1740023850456,-0.2683234290299,0.2652875023304,0.3532534508242,0.4705524016640,-0.0591442937586,0.1152085289398,-0.0623496299542,0.4496254195347,0.2490961528301,0.3224970776358,0.2318591393985,0.0136632665834,0.0301922040883,0.1236649019227,-0.0159374107212,0.0880900320577,0.1688031627979,-0.0589211811608,0.2685131460463,0.0292086524702,0.1999940438812,-0.0652543517262,-0.1967023686779,-0.1217597575798,-0.0515937083448,0.1308981477828,-0.2058095437601,0.2912067630389,-0.0424161027886,0.0307833749082,0.1891904278464,0.5416266344444,0.8200630894824,0.8581053414336,0.3932199850540,-0.2307577351926,0.0989337151260,-0.2565232265243,0.3686184145776,-0.1299491241149,0.0088987458639,0.6994361656527,0.6366409803925,0.5052645040710,0.2847918081600,0.1673015566758,0.0093193054215,0.5667046071271,-0.2767271022796,-0.1648084424180,0.2753356481779,0.1636114234566,0.4428473613848,-0.1101296997170,-0.1560712106080,-0.1434160572944,-0.2195349287165,0.4685340302553,-0.0533873120907,0.1078829945148,0.0248757862165,0.2956901932888,0.1663066046104,-0.0236397795969,0.0934573988442,0.0527959661168,0.3389363210009,-0.1361015517967,0.0194507974604,0.2400661436214,0.2782321687413
-0.1399855983352,-0.1385938852845,0.0786476496513,-0.1113920633405,0.0220793534249,0.2871602341955,0.1617309213269,0.2408599096522,0.4034385943489,0.4320091514910,0.5065800370271,0.4665868510067,1.0000000000000,-0.3417296506236,0.1089415385212,-0.2311192786518,0.3852241459398,0.0412427147849,-0.1977716254223,0.0483089736734,0.2566810388024,0.2295747807045,0.1084096532984,0.3018891261698,0.5049717074041,-0.1051771679301,0.3416594076715,-0.1336396642898,-0.1389469947362,-0.2652537553104,-0.0491873355377,0.0238407167934,0.1634155071684,-0.0563127214826,0.0729416911681,-0.0294188563408,0.1486791877143,0.0819296216932,0.2834422212457,0.0220990524331,0.1302856124163,0.1971132762800,0.0513426715701,0.1352076238239,0.1690204501073,0.0667292471036,0.0946146158900,0.3625342591728,-0.2193057740769,0.2200146924794,-0.1616705413391,-0.0836210188578,-0.1838608941118,0.1666131140596,0.3231670508776,0.0388754079879,0.6230900637128,0.1782663593196,0.0433807121331,0.3657124947182,0.4634080535692,0.4503771131422,0.5673479303245,0.9498753853091,-0.2940717270317,0.0829070991628,-0.2832144893774,0.3416899121373,-0.0903458663271,-0.1206367485336,0.2214620898753,0.0943746047461,0.3308634310120,0.2993941332122,-0.2130281607478,-0.2953876956793,0.2473236700704,-0.1909861504206,-0.1551767460958,-0.0823732089809,-0.1712867075140,0.1718088151774,-0.2154631773798,-0.1958006259161,-0.1287547217812,-0.1871079846652,0.1147806325725,0.0822435453658,0.0837898112744,-0.1429085057821,0.2385858862520,-0.0127509171179,0.0472366822865,0.0080720349231,0.1775223696276,0.2853129955580,-0.2844641589600,0.1339662338504,0.2817404206388,0.3007248971419
0.5363620300435,0.4042709018244,0.1009895530126,0.2273030329221,0.2647737488854,-0.0397600307859,0.0223911022904,-0.2126198943015,-0.3395323680051,-0.1945677370310,-0.4246310750275,-0.3195473298904,-0.3417296506236,1.0000000000000,0.3571501124989,0.1985441524651,-0.1741664987253,0.0045029006609,0.1464457779078,-0.0965167384756,-0.0463885870273,-0.0933194879104,-0.0643005426172,-0.1801473665468,-0.2732722625311,-0.0719832365505,-0.2137836156747,0.1673165275085,0.1221246589503,0.3956854306270,0.0593637106569,0.0056504766444,-0.1217908031548,0.0907955230033,-0.1630224296183,0.1123333411722,-0.1915737997539,-0.1547828929864,-0.1569255467982,0.1053765657326,0.1466990136317,0.1296447355412,0.0811185201497,-0.0335464057428,-0.1728910801553,0.1214296024411,0.0761632251994,-0.0362569355387,0.3036811265001,0.2141865532753,0.4255591173390,0.2828264014318,0.2163326393450,-0.0260334165080,-0.0307641630828,0.0640066886653,-0.3021096367378,-0.1967627251804,-0.0424541591188,-0.2678966703265,-0.3026953892321,-0.2476961713967,-0.3622088296703,-0.3927297429167,0.7684261891729,0.2115798530094,0.1423110931578,-0.1448600113049,0.0103593347153,-0.0335784432327,-0.1486377861631,-0.0895949938689,-0.1485799785059,-0.2785053924909,-0.1063732594143,-0.0820937129793,-0.2465818916384,0.1582745484133,0.1139295946683,0.0136921076715,0.0099061477062,-0.1961414814482,0.2574766129062,-0.0193680254821,-0.0354115011031,0.0449227569119,-0.1863370531670,0.0135432718628,0.0167029948103,-0.0635775992131,-0.0547822077929,0.1231176107483,-0.0855098049593,0.1570866869193,0.0136163103517,0.0102590792706,0.5680983334938,-0.0084466795100,0.0205697353281,0.0590003758448
0.3491185818849,0.1931133397147,0.2948145531543,0.3619058251089,0.3855300772137,0.4048681648272,0.4207741393278,-0.0408693775595,-0.0045819116007,0.1658091840906,0.2594110461943,0.2001463872801,0.1089415385212,0.3571501124989,1.0000000000000,-0.0143191620187,0.1123362205546,0.2283226389457,0.0848457653024,-0.0157003037057,0.3483164518415,-0.0896129999452,0.1218923508861,0.2678560186005,-0.1178743217346,-0.0018822521851,0.1365065667095,-0.2173711174409,-0.1965067978734,-0.1341560501004,0.0280563803619,0.1561050494819,0.0934788688694,0.0795916400048,0.1863446687636,0.1847294570176,0.0263616964091,-0.0513697851492,0.3456932507353,0.1723695463014,0.0316599293213,0.1563187846202,0.4413535671320,0.0466867984772,-0.0698153167400,-0.0383838702664,-0.1048599923478,0.4129057266975,0.0182929813840,0.5770763130883,0.1891791235590,0.2019968933367,0.2335642068807,0.3074584075775,0.3703338614415,0.3136957556910,0.0748071013220,-0.0760221513385,0.0082488995108,-0.0110225952545,-0.0001621192496,0.2944892455619,0.0873106578722,0.0728527924157,0.4170929567754,0.6735751352557,-0.1774651517140,0.2428799275583,0.0793496468573,-0.0631213626021,0.3336188415726,-0.0095540998648,0.2389843407206,-0.1094993498013,-0.1486979725056,-0.2347188178314,0.0330436623893,-0.2244759368626,-0.2064062813925,0.0141499842827,-0.0622996262892,0.0985897893204,-0.0590683834306,-0.2132036978179,-0.2638588619038,-0.2859549789199,0.0358483299120,0.2602902557346,0.3570283612604,-0.1857820915346,0.4223414281333,0.1402371833312,-0.0185216031472,-0.1647738620591,0.0109591646734,0.3976032120539,-0.0252034393787,-0.1222934593452,0.2308456779613,0.5915495525523
0.3447128812310,0.2322920362658,0.0610480326791,0.6057404299418,0.2872101225538,-0.0872719039219,0.1704105806851,-0.0147972632880,-0.0767168514668,-0.3971238082730,-0.0826347797804,-0.0624308252351,-0.2311192786518,0.1985441524651,-0.0143191620187,1.0000000000000,0.2601138252788,0.5264072309504,0.7133896355939,0.5129386672796,-0.0627352077015,-0.1410215276894,0.1905932340401,0.2606715597802,-0.2694921023817,0.2333453251424,0.2081639091724,-0.1333998609181,-0.0143665497037,0.0508544629530,0.7345412450690,0.1908556779567,0.4054074631394,0.0068707289576,0.3736840131030,0.6498603603345,0.2186891398487,0.3260901468335,0.0542071176109,-0.0213224500043,-0.2099119318396,-0.2201231733425,0.0873733608564,-0.3083588218173,0.0402401318929,-0.1259346539181,-0.2845684543774,-0.0115158516528,0.3469687724454,-0.2593177632371,0.5261162608706,0.2343143292294,0.6781617573868,0.0927428306232,-0.0536423741210,0.1930780072935,-0.2498020204102,-0.0818087702456,0.2818859889991,-0.0716803390254,-0.4337351029632,0.0284663124268,-0.2351865994040,-0.2870361176699,0.1053009213469,-0.0695585383791,0.8288023746899,0.3268623584720,0.5898617075585,0.5550509408866,-0.0288395861639,0.0044423392720,0.2014615380073,-0.0009165120972,0.2477362436886,0.1271515772122,0.0646347420648,-0.1884905231676,-0.1729543663596,0.7194442741165,0.0909819716509,0.1555209601046,0.0184190905607,0.3404596322646,0.1145621852367,-0.1457106414572,0.2348375373787,0.4011404227482,-0.1752905830223,0.2080124585461,0.0663813556710,-0.1776898793288,-0.3451160330168,-0.1685185003913,-0.4413751501848,0.0962854941408,0.2020002853726,-0.3594571934269,-0.3891325097385,-0.4027252012740
0.1180949418743,0.0742233528437,0.2404842007928,0.3826914737459,0.2261001598114,0.2800828457074,0.3992315665472,0.6258423017370,0.5635728897491,-0.0108220397366,0.3417142693658,0.3708361291794,0.3852241459398,-0.1741664987253,0.1123362205546,0.2601138252788,1.0000000000000,0.6987624292001,0.4181100371123,0.3968246478001,0.2777548937851,-0.0003491128914,0.0924122899451,0.5111856745592,0.2087988374330,0.0510314018244,0.2653790457832,-0.2333792914975,-0.1017046457523,-0.4016836246468,0.3874539258981,-0.1197065801991,0.3701599162628,-0.2988330609620,0.3254935890356,0.2868726060070,0.2381010000155,0.2359076213282,0.2335233882238,-0.0228187338981,-0.2794650968642,-0.3180180561040,-0.0258305560956,-0.2839072693462,-0.1362703785991,-0.1962002549976,-0.3911180879738,0.2975228867103,-0.1464358695864,-0.2560134507124,0.1020292584278,0.1577480738551,0.3215103386486,0.3342816332768,0.3292723776140,0.4023146556725,0.3461832758598,0.4386540904464,0.6149732460591,0.5385309472810,0.0948979153737,0.3602290832569,0.2894868217050,0.3555188707629,-0.1460980212087,-0.0492473051094,0.1555463090135,0.7959800551280,0.3586794696538,0.4513653119675,0.4030966852272,-0.0222516208405,0.4991126908530,0.3633484382450,0.2048338498373,-0.1100211222048,0.0981098820573,-0.3348265635358,-0.2590545662191,0.4346233299983,-0.1450895347882,0.2440336877296,-0.4542126624310,-0.1715319625276,-0.2246203583524,-0.4208895315206,0.2563990465699,0.4464873550969,-0.1769990980472,-0.0239609896897,0.3173384044247,-0.1421311878150,-0.2703243563082,-0.1910520415012,-0.3459745207896,0.2064994330832,-0.3052847358296,-0.2419332189888,-0.2301474752116,-0.1448380800554
0.2646980520401,0.0546256501065,0.1278488314599,0.5244375894824,0.2900652703012,0.1362990229623,0.3447028028292,0.4097667502933,0.3168933946140,-0.2156337535155,0.3015187302323,0.2384026588517,0.0412427147849,0.0045029006609,0.2283226389457,0.5264072309504,0.6987624292001,1.0000000000000,0.5899721845410,0.5492000686246,0.1758968747254,-0.1182074496002,0.2274432519207,0.5660642981012,-0.1170672876299,0.2177071309873,0.3652907920009,-0.2319550663927,0.0242367017778,-0.2680320391350,0.6211390502366,-0.0115960671994,0.3659222510014,-0.2232607557084,0.3554670406710,0.3494815994780,0.2874993191831,0.3137642713314,0.2904349083374,-0.0080366869324,-0.1874544268502,-0.2225103093953,0.1387722048817,-0.3451043472778,-0.0764728335720,-0.1739170807468,-0.4736588253284,0.2099191949432,0.1038205147341,-0.1359690156748,0.2609229200013,0.1534072058005,0.5286266855936,0.2193623663261,0.1803379708688,0.3682273848210,0.1394616493818,0.3019911190865,0.6049553295767,0.2626733325491,-0.1993990008604,0.2829125826908,-0.0035534426801,0.0088682712789,-0.0627508381791,0.0953257521792,0.2850862640088,0.7944545637797,0.4441318613894,0.6307200938108,0.3372855949583,-0.0239126434616,0.5335724379998,0.1929365544502,0.2610329783114,0.0303073043019,0.1071990622970,-0.2990852500588,-0.1993817119367,0.7101793994403,-0.1458827734734,0.2254438049419,-0.2625339669772,-0.0098953995958,-0.2042906744725,-0.4867067841181,0.3640818414392,0.4278886822770,-0.0568222519129,0.0657723277765,0.3896523309199,-0.1581083404806,-0.3509025563059,-0.2619089891018,-0.5127750347321,0.2504007781548,-0.0745529122592,-0.2607042945568,-0.2258812281554,-0.1260053604489
0.2681713847077,0.1434659590014,0.1537212005627,0.6091446802693,0.2795892954495,0.0807265830703,0.3305988809513,0.3173733777274,0.1805944491108,-0.2871819800871,-0.0878624947343,-0.0915042454095,-0.1977716254223,0.1464457779078,0.0848457653024,0.7133896355939,0.4181100371123,0.5899721845410,1.0000000000000,0.6061828529892,-0.1203217013140,-0.1765420624463,0.0044661241975,0.2576616708057,-0.1983179055649,0.1465595547716,0.0810866502094,-0.1302718329852,-0.0749397517738,-0.0561449871778,0.5009842260997,-0.0171511719217,0.2772080576393,-0.0322486601730,0.3795719409033,0.6704732534156,0.0853239723835,0.1821342650144,0.0543443841065,0.0595178141271,-0.1243109985530,-0.1519477343026,0.0720388549724,-0.2086784890995,-0.0651884050453,-0.1065888959254,-0.3257711932045,0.0416501316762,0.1360952679835,-0.2287602695882,0.3567171462415,0.1277529311952,0.5767178305568,0.1769294259240,0.0995623549417,0.3565293311663,-0.1548303456121,0.2526876489261,0.5753712456477,0.2855586611092,-0.3126499811036,0.0133174352795,-0.2799297722657,-0.2293290887507,0.0883217365665,-0.1203360327063,0.6259807083891,0.4587211297866,0.8552989283062,0.7429240939087,-0.0329352417793,-0.1313467995796,0.1979433653301,0.1541990239468,0.1788539748557,-0.0101268678486,-0.0961168187196,-0.1654430977157,-0.2604266130361,0.5179692165092,-0.0941345398350,0.0942644580770,-0.1020370741951,0.1404802341041,-0.0410928299106,-0.2557299807089,0.0782537176320,0.4330068672319,-0.2324707808349,0.1929866118055,0.0657004020430,-0.1104275094716,-0.2294019722181,-0.2302297370314,-0.4339254979593,0.0015406507579,0.0132283350090,-0.2997890860376,-0.2635672107588,-0.3776746647093
-0.0269101288963,-0.0138660430243,-0.0127320820949,0.2580500247004,0.0791414004962,0.0520349486550,0.1292920731192,0.4631513217717,0.4507941820934,0.0038648118998,0.2575577697703,0.1790513145625,0.0483089736734,-0.0965167384756,-0.0157003037057,0.5129386672796,0.3968246478001,0.5492000686246,0.6061828529892,1.0000000000000,0.1559930611499,0.1704333097870,0.2896957933040,0.5167695464499,0.2229333372297,0.3990290711291,0.4521013944134,0.0092044520261,-0.0037000667032,-0.0907971868732,0.6086056227250,0.1634538758842,0.5020691729188,-0.0084421815247,0.3757137512216,0.4650040929596,0.3183867090563,0.5248294664180,0.1511717432585,0.1610156920248,-0.0326823096668,-0.1604754174695,0.1293642910053,-0.0524219774580,0.2231197840471,0.0935418160414,-0.1987117696448,0.1115377537468,0.1467670558013,-0.0932992475661,0.1070875249279,0.0065399441072,0.2399553156422,0.0398128514791,0.0656859916418,0.1085724195815,0.3066653321716,0.3792429488024,0.4949106706734,0.4388031684796,-0.0073178584984,0.2691864807853,-0.0293707563431,-0.0173536228981,-0.1946308346196,-0.1235653321446,0.4017079663591,0.4200406338273,0.5721586121285,0.8228817564692,0.1401395647795,0.1154125136756,0.4596936290127,0.6113533332973,0.3770617430115,0.0792753570676,0.3015576926994,-0.0721201991527,-0.2308332753702,0.5593533896994,-0.1020796423002,0.3015958079424,-0.1556560328946,0.2347667882548,0.2100136575679,-0.2277505850520,0.2990667717634,0.3173702869056,-0.1129197468446,0.4438688065717,0.1781961417969,-0.0346074047019,-0.0474853555506,-0.0565001956368,-0.3483203406255,0.0726231157625,0.0452366498267,-0.1084389500337,-0.1589761970782,-0.2224099787349
-0.1789632340463,-0.3176873300143,-0.2524593760517,-0.2055385317028,-0.0830805647845,-0.0312291471337,-0.1291798098331,-0.0603622732967,0.1786184785896,0.4930516013368,0.5321681053531,0.7049525848075,0.2566810388024,-0.0463885870273,0.3483164518415,-0.0627352077015,0.2777548937851,0.1758968747254,-0.1203217013140,0.1559930611499,1.0000000000000,0.4055979197582,0.6270308391066,0.4593391978121,0.2812447700176,0.2882446076687,0.5517292702670,-0.0738891432631,-0.0832837194402,-0.1302821508106,0.2773002518526,0.3750933996922,0.4245177096267,-0.0153908343701,0.1039838836421,-0.0007673763916,0.4895035701729,0.2684650746207,0.3057001448978,0.2507692959193,0.0776717968030,0.0996113325731,0.4136630108182,-0.0580476000882,0.1283062320597,0.3521443691951,0.0429847760828,0.1809281867314,0.0735402953501,0.3846049464606,-0.1874580890532,-0.2544262725975,-0.2190914722114,-0.1945520867080,-0.0075629783677,-0.2527616292651,0.3155829414530,-0.1722455388262,-0.0452719990185,0.0682764171859,0.4874960251450,0.5470433657451,0.5616236843683,0.1492601215738,-0.1462894199856,0.3182437639933,-0.3011349778767,0.2124465263073,-0.2318668683949,-0.0702711289123,0.7375238044474,0.5302287131279,0.4790479725503,0.2016108778886,0.3537203068588,0.0104742986806,0.5631165954420,-0.1651249401551,-0.1010612208527,0.2163051475819,0.1733406855909,0.3735220845539,0.0011509685785,-0.0830483009727,-0.0779737333033,-0.1734620521144,0.4920995140588,-0.0856160279643,0.3279265666803,-0.0127310899750,0.3625231730139,0.2245568847424,-0.0039611904904,0.3435801599099,0.1483776284541,0.2463769904624,-0.0182856693901,0.1058049129486,0.3093957579716,0.4442680017786
-0.3127845374979,-0.2486836719157,-0.2838166791157,-0.3532387944703,-0.1234975359503,-0.0589493161586,-0.2856529900182,0.0279368177639,0.1675294796335,0.5882705782243,0.3167154658040,0.4605483384013,0.2295747807045,-0.0933194879104,-0.0896129999452,-0.1410215276894,-0.0003491128914,-0.1182074496002,-0.1765420624463,0.1704333097870,0.4055979197582,1.0000000000000,0.5633256470645,0.2258725516527,0.2949309029379,0.1720637458685,0.3629795647026,0.3262468151417,0.1044538152657,0.2392414607820,0.1437572827791,0.3057761990250,0.2431933435235,0.2787360932934,-0.0154283188760,-0.1160721337157,0.3231747624068,0.2500809130121,0.1146729683578,0.4569005901385,0.3890414947261,0.1211095624742,-0.0000575311508,0.1393380398951,0.1090256485719,0.6438240702300,0.4706563522285,0.0695898784393,0.3211014245339,0.1651017215193,-0.1710556928857,-0.3355660813015,-0.3805667964169,-0.2756990057494,-0.0428343107410,-0.4487591201104,0.2119868771633,0.0147501173027,-0.1045236634572,0.0983035377890,0.5876150346465,0.4325084783279,0.3831383438202,0.1350476671467,-0.1374981963796,-0.2115513482887,-0.2785645695370,-0.0077412783967,-0.2013892031849,-0.0601344463386,0.1980831282748,0.7278359306656,0.2318667559389,0.3143710742751,0.1185523195366,-0.0820675236234,0.3338391959458,0.1931155451002,0.0335605861688,0.0497366763749,0.1241258536091,0.2221177143975,0.1136601427250,-0.0868974862042,0.0301160066125,0.2988087888699,0.2503359819765,-0.2463694621192,-0.0504625563260,0.1176342205456,0.0959652882954,0.4117825904693,0.1229033994760,0.4306936555235,0.3314780102607,0.0468716346540,0.3477420155306,0.4574265810879,0.2912296869411,0.0208533214671
-0.0679810048957,-0.3155651430322,-0.3354242500227,-0.1365585300659,0.0509697550480,-0.1260844485729,-0.2241925528934,-0.2246709495131,0.0361977378394,0.3357253566382,0.4004051596462,0.6807301325135,0.1084096532984,-0.0643005426172,0.1218923508861,0.1905932340401,0.0924122899451,0.2274432519207,0.0044661241975,0.2896957933040,0.6270308391066,0.5633256470645,1.0000000000000,0.4695026673853,0.1348851717502,0.4685903150368,0.7253229099523,-0.0490713202739,-0.0682851852506,-0.0082515979257,0.5141160084780,0.5849492363857,0.5896792797258,0.2062045428832,0.1237263900997,0.0745419658900,0.5763004729921,0.4092300241755,0.2751208200473,0.4378345940808,0.0603467174944,-0.0090092637514,0.2233413605140,-0.0795573581685,0.2244575998786,0.4590102120506,0.0734589122186,0.1243857484338,0.3202932104460,0.1713702906652,0.0675183625143,-0.2581128363758,-0.1005009850198,-0.2939856103351,-0.0801449773199,-0.3830622960882,0.0800151190517,-0.2463788992666,-0.0778788680866,-0.0627514085129,0.3292319452664,0.6271735107567,0.5197133125491,-0.0221145972660,-0.1062807705317,0.0244749921997,-0.1105798258226,0.2155569685876,-0.1406213244095,0.0627044045962,0.5457994709158,0.8588119840457,0.4446559131082,0.2225176316869,0.3316921675976,0.1578620440712,0.6682741863668,-0.1537536078981,-0.1354690738708,0.4310967690948,0.3495064079530,0.4824999747834,0.1039783459942,0.0542156140064,0.0047424761187,-0.0142872156533,0.5423443790401,-0.1329739731630,0.1014916593087,0.1654211078789,0.2717015933297,0.3236149817843,-0.0921818352103,0.3365427717173,0.0431781862315,0.2459285010118,0.2376916234981,-0.0097056883345,0.1485307780115,0.1195235947200
0.1305490726505,-0.0957452931194,0.1439125923216,0.3043168961193,0.3705786814839,0.3778190086521,0.3714251562674,0.3144839242106,0.6430092062876,0.2032254400751,0.5958845045039,0.5293628122899,0.3018891261698,-0.1801473665468,0.2678560186005,0.2606715597802,0.5111856745592,0.5660642981012,0.2576616708057,0.5167695464499,0.4593391978121,0.2258725516527,0.4695026673853,1.0000000000000,0.2085678604506,0.2558309510511,0.6041285550778,-0.1417204472155,-0.0558515109870,-0.2870264559226,0.4648447357455,0.0570200321016,0.2793688183078,-0.1608724922941,0.5439329464868,0.4194914598004,0.5434920324825,0.3988106208311,0.4229064117495,0.2274715002009,-0.0931892015151,-0.2265682223147,0.1601722909379,-0.3132055009428,-0.0907637891759,0.0509054794088,-0.3543241954708,0.5988226683263,0.2443092813445,-0.0249008029654,0.2253106903575,0.0610111802390,0.2605084646992,0.2278907837893,0.4479729106140,0.2210230753705,0.3914119156347,0.1713363143454,0.3476515425750,0.4984490702165,0.2538114838546,0.6605914876118,0.3874156098974,0.2403377546350,-0.1793957032204,0.1699642359169,0.0495159734262,0.5733647077607,0.2767504308056,0.3829700637564,0.5108224950367,0.2888567709178,0.9349574397983,0.4700357757485,0.2386850617087,-0.0917259027481,0.3536750736911,-0.2679221432794,-0.2516921640006,0.4744990255749,-0.1675252776632,0.1823882799418,-0.3739547602708,-0.0766304552802,-0.3378066042986,-0.4644266992496,0.4804383400978,0.4541734395338,-0.0258296465570,0.0293069127004,0.4530881093654,0.0148042338575,-0.3322680699522,-0.0798396589388,-0.3795565520192,0.5896980446119,0.0485805179661,-0.1364186256555,-0.0694678152554,0.0651832197011
