1.0000000000000,0.3976559670228,0.4534675269215,0.0839890165826,0.4991655200420,0.2699323991675,-0.1199639999839,-0.2082041107372,-0.2671871785192,0.2229044493139,0.0691247714114,0.0123318178948,-0.1031298535218,0.6152900441784,-0.0628810593069,-0.2289508527768,-0.1591481234703,-0.1749308926270,-0.3250580758552,-0.2869509674758,-0.1911754911322,0.0040169195584,0.1157477082728,-0.1633496685438,-0.0502082304123,-0.0367125385055,-0.0999052282896,-0.1113267420529,-0.1659119514563,-0.1202229507773,-0.2323840669616,0.1085341724654,-0.0494056747083,0.3426827228727,-0.1701493876976,-0.1813675793409,-0.0586329257030,-0.2227315057321,-0.1835154292602,0.0573960155938,0.1343567183466,0.1743908412206,-0.2035939744383,-0.3186960628874,-0.2232906337783,-0.0457547407077,0.0208475078618,-0.0029926919601,-0.1272118125350,0.1667943898392,0.6633698588915,0.5572274107343,-0.0152171334534,0.2606504022461,0.2283576738239,-0.0176254190963,-0.1873817156203,-0.1609625468999,-0.2703278517261,-0.2216860767717,0.1793908803155,0.0214505220292,0.3248697230766,0.0195851293337,0.3890546204394,-0.1216011957675,-0.1407977555807,-0.1079203704870,-0.0670365695480,-0.2480473879509,-0.0140094412618,0.2157757450586,-0.1539959673944,-0.1323620421746,-0.2860414131693,0.0946501525558,-0.0983587130193,0.0995652373227,-0.0790186590678,-0.2709671593319,0.2000990533589,-0.0123557196378,0.1496652096514,-0.0807119432669,-0.0529730701696,0.3877289566637,0.0456380481501,-0.1266333726238,-0.2869814931079,-0.1915016624096,-0.1380721421572,0.0159737716163,-0.2304423530794,-0.0482717564968,0.1279484210865,-0.0512681395807,0.0451005624526,-0.0639393848079,0.3232193153583,0.0205996642393
0.3976559670228,1.0000000000000,0.4220106755344,-0.0057612029964,0.1697248559194,0.1234017100079,-0.1226360126324,-0.0608459563389,-0.0853721260125,0.2190343003108,0.0203904205995,0.0126031404513,-0.0996778578127,0.4709312072100,0.0855702502758,-0.0674600623819,-0.1144695835711,0.2006592052947,-0.2207588451328,-0.2935115956593,-0.1246414024359,0.1445734792364,0.1178405333930,-0.0493672460325,0.2421672785138,0.1787264433926,-0.1779832403354,0.2472118942471,0.3917156979533,0.4395233878795,-0.1168636110233,0.0749846038219,-0.1509251759008,-0.0417504408013,-0.0725514522371,-0.2552329996886,-0.1528452116938,-0.2741874831962,-0.1646482930862,-0.0634370363360,0.0562584835299,0.0969312517601,-0.3225223231276,0.1114224679496,-0.2255813894064,0.0397777486328,0.0456574425281,-0.0785187954863,0.1810302016653,0.0523552821794,0.2503040710035,0.6389839169683,-0.0757186564494,0.0688997187141,0.1450684259012,-0.2102755876128,-0.2047023773251,0.2177042761665,0.0239359283350,-0.0686417128411,0.0504440580719,0.1275507481406,-0.0856467834474,-0.2024634165489,0.4782779129458,-0.1752821666603,-0.1471247527210,-0.1054941020893,-0.0989705144537,-0.2357484907120,-0.1202537118946,0.2622194050065,0.0079412552447,-0.0966335510754,-0.1298823584911,0.3785955422747,-0.1477260207116,0.4347465903835,0.4048436312047,-0.1755119784240,-0.0422535648675,-0.1045034787455,0.1769785041811,-0.1886558397855,0.1344964813357,0.0995291194819,-0.0252831612706,-0.1734210641839,-0.2959438481582,0.0281841748735,-0.1435523483447,-0.1230545441355,0.3767546318651,-0.1608034360445,-0.0428346552347,-0.0916777625012,0.1328772906693,-0.0106858038389,-0.0320069999147,0.0414255337259
0.4534675269215,0.4220106755344,1.0000000000000,0.4514702971844,0.3615255176113,0.5723778755330,0.2589219081382,0.2001231689318,0.0471942172715,0.4770070481884,0.1790136761353,0.3206414072285,0.1354679459522,0.4624599222911,0.4211883436536,0.1111948348811,0.0448066136995,0.0391473135038,-0.0713462385293,0.0132775357365,0.0606351827687,-0.1188588665467,0.3142424235543,0.0094741126710,0.1432733715786,0.2829050212025,0.1892462795979,-0.0662939492092,-0.1730106543153,-0.0941073036181,0.0663820286403,0.4921302501965,0.2538175760417,0.3445854901277,0.0141158039287,0.0257176896269,0.1253823347628,0.0585021329334,0.0112273844956,0.2820846786894,0.1268171719376,0.2244224361337,0.1267477395215,0.0130778769533,0.0682715708683,0.0170637338234,0.2496245652044,0.2074900494959,-0.0827479397364,0.3748385217946,0.3258570283085,0.5716721522551,0.3889621188830,0.6666549421387,0.4157443245225,0.3530796639566,0.0583468979936,0.1996468763034,0.0092109712689,0.0996551819947,0.1533188703148,0.2335792820077,0.2261240484439,0.0947449985359,0.1184610840053,0.2030889590755,0.0964393547178,0.1713679729647,0.0475545977657,0.0220654077871,0.0384984274056,0.2449453409304,0.1396832603543,0.1161571055836,-0.1127545376339,0.0663535465305,0.1214351402499,0.1280467114700,-0.1849315861725,0.0177578145594,0.3422655796274,0.3189344416962,-0.0017837198226,0.1697144102030,0.2505695142547,0.3040141228162,0.1649041154067,0.0275599838420,-0.0152324307918,0.1198503960450,-0.0293387746955,0.1927998223249,-0.0625134079942,-0.1332798992818,0.1513458631019,0.1772605325282,-0.0660708288778,-0.1885309067689,0.1403730543327,0.2149615176874
0.0839890165826,-0.0057612029964,0.4514702971844,1.0000000000000,0.4229818555922,0.6095694810169,0.7710908605641,0.3173086579604,0.2027441746382,0.2881701130029,0.4714461700794,0.4486649755772,0.4766052653337,0.1513344843609,0.5721816793686,0.3488571074482,0.4577123057005,0.0630874430294,0.2681888726150,0.2619604409079,0.5440420316314,0.0474719435312,0.2832544528179,0.1834785528237,0.0964643837582,0.3553854348462,0.5573308979014,-0.3209599103030,-0.3494826361180,-0.3826216171383,0.3650883332908,0.4527013997663,0.5029353873780,0.2142725978293,0.1739906425366,0.2778491888597,0.2589936903639,0.3344982458142,0.2365817667660,0.2528107105043,0.2508152682060,0.3156424848674,0.5442906272866,0.0636872396543,0.2249022152769,0.0848340726083,0.1652725251872,0.3560687841029,-0.0513079606806,0.4438658396540,0.1999163026876,-0.0101977696365,0.6569424553897,0.5397373740317,0.5357948799643,0.8120018437717,0.3025837273416,0.1441993714420,0.1373279867467,0.1352139065576,0.0645533990864,0.3469962326590,0.2193497162527,0.3567868636966,-0.2015035758154,0.4714532246967,0.3767692364135,0.4345524883061,0.2462516836073,0.2664524449689,0.1750991814396,0.0863827332731,0.2036273166149,0.2396810165292,0.1026520843872,-0.1785184760620,0.4424313815472,-0.1524817907050,-0.4717327088773,0.2963540214159,0.1311317558465,0.4158034492941,-0.1871202324359,0.3579225677389,0.2244305462719,0.0790102939867,0.2678347577450,0.3015451581214,0.3393812935457,0.1983990576143,0.1919691159286,0.1646663268223,-0.2452572706362,0.0276911721891,0.0001595129863,0.3688388154568,0.0166533866961,-0.0021089288668,0.1183361945239,0.1833157379110
0.4991655200420,0.1697248559194,0.3615255176113,0.4229818555922,1.0000000000000,0.6441176719799,0.2111969335749,-0.0960816429858,-0.1372351427853,0.3758956894113,0.4344774722956,0.4023604421238,0.2083188834142,0.4468865677171,0.1602772150205,-0.0963009926300,0.1290712149615,0.0106115346664,-0.1971087133984,-0.0839202410975,0.1154210067473,0.4712902888848,0.4352863628686,-0.0151142489005,-0.0847711385846,0.0903914963246,0.2795262012162,-0.0996300287514,-0.1541291362165,-0.2860396608939,0.0325407514076,0.3385858474823,0.2995799548174,0.3552678400486,-0.0575448078479,-0.1075098411655,0.1061241020823,0.0394383360967,-0.0274914883790,0.2775970905358,0.3883428523650,0.3905109536766,0.0693605970836,-0.1288244798716,-0.0316810144703,0.3373294414062,0.2685215415145,0.3188076392929,0.2825268760262,0.3345778551409,0.7459617632792,0.1084431925377,0.1579003744074,0.4578912505745,0.6502037877565,0.2231539743664,0.0048875999828,-0.0931139710129,-0.0805596045102,-0.1824533173157,0.3559985370769,0.4277331933919,0.5297303394194,0.2150371534619,0.1130019322653,0.0804886729842,-0.1241296790730,0.2415574735922,-0.0954624627525,-0.0915009319749,-0.0629073160645,0.3876397660342,-0.0914592534626,-0.0694515916555,-0.2318648676159,-0.0892426908398,0.1673409135297,0.1842893638213,-0.2148447817728,-0.0732699998475,0.1228542872288,0.2241604236263,-0.0229576011221,0.0690435386207,0.0599067642950,0.2534980401887,0.1977870384274,-0.0301828475609,-0.0801591421023,-0.0060746591213,0.0086745848989,0.2298472964963,-0.2344024451572,0.3318744399703,0.1738198467483,0.2598116862315,0.4432585067814,0.2988173057224,0.3471996522002,0.1243852964402
0.2699323991675,0.1234017100079,0.5723778755330,0.6095694810169,0.6441176719799,1.0000000000000,0.4956463477049,0.1531442432326,0.1544852566734,0.5670746832664,0.5402489439045,0.5984221072500,0.3176433252078,0.3387817374144,0.5177676807071,0.1757063973695,0.2786938726929,0.0490881214045,0.0685619106630,0.1224793891585,0.2721267661682,0.2492110045675,0.5461857587708,0.1215724736670,0.1643736701512,0.2594654349971,0.4023775044923,-0.2549885286063,-0.1559680965671,-0.2914529272410,0.2052186419509,0.5476761398041,0.4702633627789,0.3179601601305,0.0777903490244,0.1661111666095,0.1863036058328,0.1627564519662,0.1114176642865,0.3298950958441,0.3128298625120,0.3765685571893,0.2521404124131,0.0458741055692,0.1410889928616,0.2755832808512,0.2174734917817,0.4653754815690,0.1573777770612,0.5086517249086,0.4238630836385,0.0937077839597,0.4133795646767,0.8121606181109,0.7854388826944,0.5165477504132,0.2148345117529,0.0776187379397,0.1053988262297,0.1472422413718,0.3095234440568,0.4217385107511,0.4499420570060,0.2319235324732,-0.0286624082495,0.2923656370871,0.0794477178888,0.3540521064841,0.1421256115790,0.1357484188134,0.0554499838383,0.3520729264689,0.1489102078913,0.2226505711816,-0.0729194501630,-0.0781174488680,0.3230125556710,-0.0173462244514,-0.2564309148621,0.1383331474679,0.1980928857217,0.4005755031330,-0.2094837672926,0.1544113545184,0.1999912708629,0.0791858623199,0.1941430088766,0.1628856385531,0.1440287635571,0.0692942027521,0.0849831353617,0.2703902277021,-0.1400672154394,0.0810480911196,0.0803728413253,0.3650337396045,0.2166323779910,0.0990115870047,0.1734737629509,0.2825315126796
-0.1199639999839,-0.1226360126324,0.2589219081382,0.7710908605641,0.2111969335749,0.4956463477049,1.0000000000000,0.4595702246751,0.3488061698698,0.0542757618843,0.4780096687913,0.3542022062939,0.5767876568445,-0.1061768429908,0.3144446729151,0.5545040266405,0.6031341322638,0.2535595876453,0.4168743250539,0.3921903042596,0.5227802876397,0.0542965016530,0.1464692943505,0.3542801598385,0.2176607716283,0.4032082601232,0.5825513978479,-0.2456452150020,-0.1787239779042,-0.2094201674637,0.5951034323990,0.3845560798660,0.4871407281070,0.0227217190598,0.4229852652702,0.4000160105550,0.3996133504433,0.4850094455917,0.4236869427130,0.1583488354455,0.1471693105376,0.2224917597631,0.5227559169425,0.2382921211326,0.4099294192362,0.0354663558613,0.1355217695254,0.3842280129245,-0.0557773547742,0.2288963529855,-0.0225503692986,-0.1569296607019,0.5308330256886,0.4093756137660,0.4314885353390,0.8418617941045,0.4678766203640,0.2720720990956,0.3658932186373,0.2049945875710,-0.0482555524015,0.2778677790399,0.1097576283645,0.4249682925066,-0.2203139119602,0.3335434538482,0.4867975075915,0.5272580392879,0.3040474041838,0.3301840110785,0.1645777174372,0.0183835074777,0.2265845525666,0.3362820228441,0.2262215636086,-0.1089232762884,0.4624473031359,-0.1279563648266,-0.3016646986131,0.4914513192798,0.0080985987213,0.3060673777350,-0.2265304300853,0.3784821271413,0.3341396082247,-0.1265519142925,0.3330813341478,0.4654027563478,0.3426488690804,0.2886210888014,0.3753103047347,0.0632664665700,-0.0566132300864,-0.0334296178889,-0.0977982765876,0.4086291163370,-0.0921929377059,-0.0401490190326,-0.0438436641207,-0.0299712818690
-0.2082041107372,-0.0608459563389,0.2001231689318,0.3173086579604,-0.0960816429858,0.1531442432326,0.4595702246751,1.0000000000000,0.6951892384019,0.1497606781738,0.3098582081028,0.2918697559929,0.5255501931373,-0.2190168032086,0.1451923303872,0.5371943019330,0.5408013570703,0.5548468364849,0.6734056256040,0.6170100409305,0.3149463313160,-0.1399214609266,0.0945918604602,0.4156501169192,0.3555065639900,0.4154358726711,0.3144005602235,-0.2165595055302,-0.1178962029565,-0.1732554099754,0.5869003762846,0.3582324746287,0.3595132046912,-0.0856765532145,0.2587938356655,0.3622373001361,0.3368381050956,0.4423100719529,0.2000358091893,-0.0808127207764,-0.0926652058561,0.0418432312722,0.2203887655875,0.1117629892539,0.5144046726610,-0.1116932981907,0.1538657586003,0.1013992895425,-0.2584720035586,0.2146430236282,-0.3003547658620,-0.0543749846886,0.2651741318310,0.2209551873655,0.0796417377187,0.4227233470175,0.6223073914853,0.6318076635757,0.6603456544678,0.5813564443874,0.0247783001020,0.1655823254191,0.1322956156296,0.3524190085988,-0.1906654428402,0.0560035945364,0.5412513072401,0.5166778960684,0.5312933620433,0.5411662310014,0.2328821371356,0.0020142014289,0.4771779821604,0.5199825815373,0.4177067452000,0.1271620093129,0.2964376888434,-0.1433222075978,-0.2211756033574,0.6639143760933,0.2408227615006,0.3548832075134,-0.1879040024708,0.3346558975772,0.4317472147317,-0.0499876136654,0.3938808189878,0.3458906178283,0.1614600727962,0.3536211854689,0.2215255601923,-0.0812660346000,-0.0547185297449,-0.3129144556830,0.0493096469978,0.1469036734160,-0.2948217445383,-0.1904972745923,-0.1100480625502,0.0054157548899
-0.2671871785192,-0.0853721260125,0.0471942172715,0.2027441746382,-0.1372351427853,0.1544852566734,0.3488061698698,0.6951892384019,1.0000000000000,-0.0284231833838,0.2626590381225,0.3179948165737,0.3397989771505,-0.2035122452141,0.1026082659343,0.4723465866069,0.4015839371896,0.5555795977795,0.7164476482967,0.7202186223454,0.2941286589192,-0.1274471151807,0.2231222163270,0.4512637064152,0.4892314487885,0.4178021505110,0.3891249547710,-0.2411466433315,0.0451050626860,-0.1228332680540,0.4404605388326,0.2727753462663,0.2488924636223,-0.1109608625687,0.2463353817716,0.3951118049847,0.1921786550744,0.3966347002398,0.1660475630315,-0.0788009458032,-0.0573039304100,-0.0513927139756,0.2079883278794,0.2529173049170,0.3934156974171,-0.0742906429249,-0.0650702419736,0.1274237536629,-0.1402237851449,0.0715386566334,-0.2962624603923,-0.1192190327725,0.0536069937187,0.1453983355776,0.0131893992026,0.2417818343805,0.4698048037967,0.4391085990057,0.7361752759327,0.8214934818187,-0.1398718761620,0.2176519255498,-0.0856984447142,0.2339537903025,-0.1632539431378,-0.0228408870667,0.4176196002064,0.4373872370670,0.5961113704830,0.7585850235923,0.0850503450193,0.0289793501111,0.6104963065811,0.6341217795218,0.4439575152491,0.2512227027551,0.4045091603997,-0.1147931660605,-0.0577695166590,0.5523572069197,0.0617521320409,0.2332646539017,-0.3538939054804,0.1958271865622,0.2089443386716,-0.2748473058552,0.2498163983125,0.2633016868236,0.1244447174030,0.3099003633820,0.1545210301240,-0.0851202454673,0.1097254131825,-0.2648868116452,-0.2180871404741,0.1232160800435,-0.1654987421413,-0.1579726819380,-0.3504919692446,0.0300727267846
0.2229044493139,0.2190343003108,0.4770070481884,0.2881701130029,0.3758956894113,0.5670746832664,0.0542757618843,0.1497606781738,-0.0284231833838,1.0000000000000,0.3257575129720,0.4994632060119,0.1280539819032,0.3855845492740,0.5429250882900,-0.0449385437819,0.0509974317901,-0.0515630090987,-0.0855179362484,-0.0911273468450,0.1478534767411,0.2807250555513,0.5164099404009,-0.0542819043107,0.1439860381789,0.0902768444435,0.1501049956877,-0.1303485648220,-0.0431988311833,-0.1211372710573,0.0130840004249,0.4270624505575,0.3406611586201,0.3811443920928,-0.1794243913354,-0.0818788910042,0.1218611375253,-0.0913025799907,-0.1948503726143,0.2210801539654,0.3260381698041,0.4174901100313,-0.0123512196170,-0.1762751174908,-0.0767286840525,0.3781851633834,0.3133247901829,0.1117684378158,0.1660514382436,0.6681685946179,0.2037845135952,0.1045003534536,0.1692030999540,0.5124197675522,0.5527808419110,0.1463319172097,0.0748985218667,0.1264559468921,-0.0689294846291,0.1059641426161,0.5656092896876,0.3117388459625,0.4453400945018,0.0772908627616,0.0187085289046,0.0374519308061,-0.0067108422728,0.2058289658864,0.0636480696269,-0.0695607179524,0.0286125319946,0.4460335210753,0.1090392511463,0.1984367618962,-0.1322467986951,-0.0833752820327,0.1448853475210,0.0357724692706,-0.1445619762373,-0.0000117975651,0.3036332658358,0.3578135899316,-0.1117077857681,0.0680777916255,0.1166060890875,0.2615410064458,0.2384228500146,-0.0602174759002,-0.0673656026716,0.0088271422777,-0.1197570878241,0.2136547828278,-0.2169062979244,-0.0936393275467,0.1974515309029,0.0190140176631,0.1586636012037,0.0607185602470,0.2529507617098,0.4297851314580
0.0691247714114,0.0203904205995,0.1790136761353,0.4714461700794,0.4344774722956,0.5402489439045,0.4780096687913,0.3098582081028,0.2626590381225,0.3257575129720,1.0000000000000,0.6346626703700,0.5292446470777,0.0970667797358,0.2506263651226,0.2952321740850,0.5310994727162,0.3934770948643,0.1901471685155,0.2849645985438,0.4296186770463,0.2602462585185,0.3991408593736,0.3506107602414,0.1972230039687,0.3265452720808,0.5095984783406,-0.2130634622949,-0.1012544071027,-0.3173928179257,0.4265307751090,0.4932839210139,0.4872281104703,0.1969302144720,0.2123019302002,0.1636821341808,0.3269186717944,0.3228860046341,0.1538890543535,0.0810529658770,0.2212135568307,0.3803761530566,0.2433001761034,0.0665966268991,0.2861947880031,0.2518745279017,0.1028681826905,0.3175761330868,0.0915677390056,0.3881149362116,0.1433004342540,-0.2228063009765,0.0885039245152,0.3890554896771,0.4948842856331,0.3328756578067,0.4010059290002,0.2249015296704,0.2684495285363,0.0932841118961,0.3030660730956,0.6199486401555,0.4158133486229,0.4461330883172,-0.1931358044270,0.0971178733549,0.1271359778858,0.5518972201907,0.2120254143205,0.2184600720541,0.1312517315545,0.2532281358724,0.3050865041669,0.2464258952108,0.1720743011101,0.1001277866067,0.4426051957243,0.0533016368248,-0.2105430110086,0.3645747614544,0.0738812984652,0.3291093567323,-0.2307936172821,0.1243709129566,0.1931731850150,-0.0044263383790,0.3429487251157,0.2048800847205,0.0928417351903,0.1437413890811,0.1757389913245,0.0676255997728,-0.1132043759826,0.0120884724189,-0.0589863727178,0.2981078970814,0.1312057381227,0.0527303098394,0.1774896261238,0.1451187479601
0.0123318178948,0.0126031404513,0.3206414072285,0.4486649755772,0.4023604421238,0.5984221072500,0.3542022062939,0.2918697559929,0.3179948165737,0.4994632060119,0.6346626703700,1.0000000000000,0.5469854103154,0.2073480735435,0.4857320718427,0.1066090762641,0.4453716635411,0.2828968252649,0.2245952171111,0.3228766962199,0.5282909193545,0.3563441551317,0.7304501426102,0.2467092935921,0.1895786780569,0.3287054245282,0.5190584667277,-0.2663275565609,-0.0212867089303,-0.3010272595622,0.2086277111820,0.5596135779113,0.5782219463143,0.1865362624033,0.0630698432893,0.0623799703668,0.1744817752966,0.1985845095485,0.0012799984279,0.1632748647386,0.3241623835957,0.2109506548723,0.1509477315510,0.0365418241254,0.1374036646892,0.2696332838676,0.2296028165988,0.3001201775151,0.2022539612579,0.4821204395721,0.1484820461430,-0.1625043321119,0.1693933405849,0.4898749460158,0.4760397702082,0.2763430111182,0.4314064066244,0.2680910085020,0.2941673114285,0.2564867170806,0.1779312407999,0.6086155728451,0.4461425826421,0.3881645605649,-0.2123913139967,0.1752504553685,0.0355462558136,0.5222864703548,0.2219915385711,0.3460413027778,0.2369246996502,0.4498408458428,0.4103032988144,0.3535974636942,0.1669133660749,0.0212927408953,0.4262514741279,0.0013579929246,-0.1915755646758,0.2762352396778,0.1948873379495,0.5043686853650,-0.3722135950397,-0.0083292747208,0.1183823706800,-0.0394182285286,0.2367900884955,0.0397794196253,0.0416807131675,0.1141354293990,0.0208721773450,0.1399495295338,-0.1503280837305,-0.0366519131584,0.0156994834254,0.2501403532361,0.2304509410201,0.1152273459137,-0.0553949045962,0.2808601648489
-0.1031298535218,-0.0996778578127,0.1354679459522,0.4766052653337,0.2083188834142,0.3176433252078,0.5767876568445,0.5255501931373,0.3397989771505,0.1280539819032,0.5292446470777,0.5469854103154,1.0000000000000,-0.1450096223950,0.2241365927376,0.3208299219545,0.7666988234223,0.3551017487821,0.3488057038312,0.3742450613359,0.5333336178858,0.1685201036899,0.2413891425562,0.4185755332433,0.0891878807396,0.3664095823006,0.4988280004949,-0.2169182134394,-0.1927551521936,-0.2981914727770,0.5276286570705,0.4446828313908,0.6024864281810,0.0513975962484,0.1971434081097,0.1496428470548,0.4005332704963,0.4076293034919,0.2041451614394,0.0790350099483,0.1454332507513,0.1381954912025,0.2674662032724,0.0451846830191,0.4312443896920,0.0347376847457,0.2433462903690,0.2267891978510,-0.0045078931280,0.3089628808319,-0.0924741041741,-0.2110211794798,0.2428167188894,0.2948173123286,0.2644452524888,0.4841233917611,0.6370871501596,0.2539364164671,0.4037344976151,0.1326262148741,0.0459702330113,0.3479431663852,0.2853074122299,0.7680916285703,-0.2393581816686,0.1507951283199,0.3477185411860,0.6450642421116,0.2699796102756,0.2947618625078,0.3146537864688,0.1114967293965,0.2543869045604,0.2905255918016,0.2202424994292,-0.0167584025143,0.3969271103497,-0.0657632592891,-0.3313451511326,0.5232094206816,0.2518754714707,0.4813234244623,-0.1876019294599,0.2249731523356,0.3940744758465,0.0370257469708,0.3744905092604,0.2534064378271,0.1503843353081,0.2313448273733,0.2318724673417,0.0244651618407,-0.1790830799041,-0.0478166007019,0.1027230842948,0.2575583731080,-0.0434102266861,0.0605965295622,-0.0240473710815,0.0143620964673
0.6152900441784,0.4709312072100,0.4624599222911,0.1513344843609,0.4468865677171,0.3387817374144,-0.1061768429908,-0.2190168032086,-0.2035122452141,0.3855845492740,0.0970667797358,0.2073480735435,-0.1450096223950,1.0000000000000,0.2424665835383,-0.0775037682485,-0.0637342282141,-0.0607845449427,-0.2431716464456,-0.1998643417113,0.0422764642672,0.1955215741571,0.2939156816654,-0.1001240054475,0.0389443612946,0.0296453453098,0.0572791685606,0.0933434995067,0.0964009760990,0.1789982415811,-0.1606983013241,0.2154684587269,-0.0288456235012,0.3090628165687,-0.0485137253162,-0.0481659746256,-0.0339592686333,-0.1299915618240,-0.1166615912942,0.2398339354561,0.2925270263515,0.2261609429215,-0.1134277581688,-0.0719134833983,-0.2530473410379,0.1808844490280,0.0408059425109,0.1111419966281,0.2200154018124,0.2027921389960,0.5470719636662,0.3941082363940,0.0590433556227,0.2703954396970,0.3523095223619,-0.0689256870854,-0.1865833995125,-0.0440753651009,-0.1613040879464,-0.1663941349037,0.2124676935901,0.2100234203304,0.1981457763688,-0.0949869745831,0.4153210959068,0.0716651160601,-0.1720282383575,0.0009116403961,-0.0512871844992,-0.1773947856912,0.0434137861197,0.3655695918170,-0.0254572562549,-0.0635774855535,-0.1589437762090,-0.0151668264662,-0.0088603372615,0.2487591920395,0.1639501708712,-0.2199277084511,0.0633326106968,0.0131757240997,0.0695039484055,-0.1646122413490,-0.0807556871682,0.1313661632737,0.0378509646432,-0.1247876900432,-0.2232920545091,-0.0792583066587,-0.0837786233584,0.1862569254098,-0.0039006584365,0.1057470712822,-0.0269228177568,0.0583665548237,0.3396905597173,0.0110272254160,0.1682407221704,0.1262624032892
-0.0628810593069,0.0855702502758,0.4211883436536,0.5721816793686,0.1602772150205,0.5177676807071,0.3144446729151,0.1451923303872,0.1026082659343,0.5429250882900,0.2506263651226,0.4857320718427,0.2241365927376,0.2424665835383,1.0000000000000,0.0730699813758,0.1941315128511,-0.0576785578852,0.0818992878300,0.1179116860880,0.3698073459594,0.0091814636843,0.4189000492219,0.0157647743384,0.0254023124560,0.1349935928492,0.2185741557935,-0.1604149291267,-0.1157240217341,-0.1421627473177,0.0698641564246,0.4018521728559,0.3305659098220,0.1534675791122,-0.0028891005142,0.0746582278754,0.1020982361870,0.0587309906370,0.1030759835040,0.2903624964809,0.1960274599411,0.2331760839970,0.3484762284753,0.0648408342596,0.0422805565377,0.1533828915060,0.1590280379370,0.2887525446681,0.0991993996789,0.5218899492475,0.0578919421693,-0.0019481438068,0.4855042267647,0.4392925016689,0.4585170317712,0.3788716972031,0.1154311889216,0.1013974056845,0.0491545787866,0.1964525117079,0.1499110561268,0.3065231591720,0.1079165593729,0.0486144891579,-0.0878369574814,0.5160771639013,0.0589324990814,0.2542825984868,0.0595617791441,0.1302831301671,0.1344401648961,0.2271879175592,0.2288573830701,0.1569743709368,0.0133711057908,-0.1762333184209,0.1526356252272,-0.0763707702746,-0.2404530370296,0.1028709361013,0.1281630164682,0.3639305219048,-0.1439689971300,0.0991956500021,0.0659716398081,0.0525447890263,0.0783320991103,0.1173963581985,0.3804667926595,0.0709583551370,0.0625581793226,0.2849894357118,-0.0495202971377,-0.0733413240833,0.0200892092347,0.2351696399600,0.0808294197742,-0.0236651684915,0.0849396463604,0.4456150962186
-0.2289508527768,-0.0674600623819,0.1111948348811,0.3488571074482,-0.0963009926300,0.1757063973695,0.5545040266405,0.5371943019330,0.4723465866069,-0.0449385437819,0.2952321740850,0.1066090762641,0.3208299219545,-0.0775037682485,0.0730699813758,1.0000000000000,0.6035792977832,0.5260466666325,0.6024028990879,0.5988299484595,0.3642219075265,-0.1263312195254,0.0329284777733,0.5558927935826,0.3673058605463,0.4298961971648,0.3959600682616,-0.1196401474773,-0.1064370652499,-0.0022441167986,0.8442596091475,0.4114230192721,0.2849744387130,-0.0357361487949,0.7314562276361,0.7673860116464,0.4375945084242,0.6343317974039,0.3765615235859,-0.0393770663700,-0.0259501712851,0.0674855651350,0.4086677797832,0.2545343374124,0.5166571612144,-0.0450243542813,0.0563023685233,0.1997234880251,-0.1573629264046,-0.0619235379200,-0.3366931875395,-0.1303546319715,0.2514020944369,0.1619877550770,0.1212511484647,0.4067270021092,0.3951868363621,0.3701934044469,0.5132320654668,0.2850826631349,-0.1037833140761,0.1108430496088,-0.0752871415248,0.1325277970837,-0.1538880049587,0.1460996964902,0.7328041939421,0.4685124539835,0.5371213488357,0.4720729018283,0.1069431736260,-0.0951399840559,0.3886793820169,0.4020905763031,0.5319437511804,0.0522057351784,0.2533467195549,-0.0821346604996,-0.1620042757389,0.7279799949843,0.0180873283550,0.1292517400003,-0.1583668205881,0.4047139417949,0.4048913496097,-0.2460245908064,0.2929401952219,0.6442513114353,0.1875918730911,0.4049111498844,0.3350902015380,-0.0940249274278,0.0735429731984,-0.1979585608411,-0.1345208780116,0.2202874343345,-0.2304250476152,-0.1840500141733,-0.2066671840847,-0.2161195194180
-0.1591481234703,-0.1144695835711,0.0448066136995,0.4577123057005,0.1290712149615,0.2786938726929,0.6031341322638,0.5408013570703,0.4015839371896,0.0509974317901,0.5310994727162,0.4453716635411,0.7666988234223,-0.0637342282141,0.1941315128511,0.6035792977832,1.0000000000000,0.5532474728124,0.5303165694937,0.5432057569970,0.6531701978512,0.1208714306552,0.1849965405929,0.6301598007102,0.1236559362827,0.4695818740239,0.5299849368549,-0.1481844530898,-0.1133681038805,-0.2113330596877,0.7190064228517,0.4286621155641,0.4110421299375,-0.0659829992050,0.4754230514285,0.4667438931697,0.5039341903850,0.6073961232566,0.3228751372150,0.0082778637423,0.0809263522308,0.1363806253711,0.3383810611247,0.2035403086936,0.4569752651484,0.0076126613465,0.0999874571324,0.2414547646539,-0.0388175874398,0.1595361937922,-0.1608102728024,-0.2405379246451,0.2423645758020,0.1966169631445,0.2189724518777,0.4712735661911,0.5897125424423,0.3552623289532,0.5189015023024,0.1514316092298,0.0286504272492,0.3382681619299,0.2167206315548,0.4868180209246,-0.1659086517066,0.2324517529897,0.4907630296516,0.7366342510880,0.4910057861952,0.4235721713649,0.4546222552888,0.1090486667359,0.4151661697835,0.3060520772956,0.4844377131276,0.0969486120798,0.3246981639139,-0.0552518698807,-0.2207108016301,0.7194427653367,0.1164656191553,0.3142638773132,-0.2233384767293,0.1811349833749,0.3288181606481,-0.1061952737728,0.3713652130392,0.4920112418026,0.2314417405890,0.3273505505457,0.3263821659458,-0.0305102589473,-0.0331106234002,-0.0344954515241,0.0140745902380,0.2698645281835,-0.0505296795582,0.0077491477105,-0.0402601900042,0.0012313538208
-0.1749308926270,0.2006592052947,0.0391473135038,0.0630874430294,0.0106115346664,0.0490881214045,0.2535595876453,0.5548468364849,0.5555795977795,-0.0515630090987,0.3934770948643,0.2828968252649,0.3551017487821,-0.0607845449427,-0.0576785578852,0.5260466666325,0.5532474728124,1.0000000000000,0.4780044079379,0.5793952008641,0.1805863640117,0.0842875528952,0.2337362910571,0.7050076170059,0.2956530961583,0.4328659998565,0.3064806306552,-0.0566174550797,0.1860701965033,0.0190915150987,0.5945296670781,0.2836225084580,0.0895947513939,-0.1252375759489,0.4231916274729,0.3034393059461,0.4218487015425,0.5071920715596,0.2592570880968,-0.1154174379048,-0.0335461126074,0.0540078736496,0.0747722409237,0.3172972222548,0.4837939907645,0.0666345570798,-0.0090080422471,0.1846180077671,-0.0090895622712,-0.1206677340123,-0.2204120800578,-0.0779058599818,-0.1609798584457,-0.0010437551803,0.0726886397580,-0.0084983178793,0.5184308313525,0.5253081922680,0.6909693311288,0.3083648631343,0.0169240895647,0.3817339285372,-0.0401821847832,0.1868970430180,-0.1224262782762,-0.1324501115150,0.2736776986104,0.5897095974051,0.4043725827824,0.4865727181792,0.0096889580907,0.1767331670440,0.5755647910641,0.3040767516269,0.4845079321501,0.3867368028112,0.1933311688415,0.1819349992172,0.1116986918587,0.6776268656428,-0.0776384799184,0.0370900096198,-0.1599897372542,0.0847708915532,0.2724823301485,-0.2080495852137,0.4319800955880,0.3599331942030,-0.0155438534404,0.3914954195742,0.2937977103180,-0.1123220772520,0.2552280510296,-0.1684956051734,-0.1841909497256,0.1934437492099,-0.0387764770907,-0.1057984069525,-0.1719405946291,-0.1005035136022
-0.3250580758552,-0.2207588451328,-0.0713462385293,0.2681888726150,-0.1971087133984,0.0685619106630,0.4168743250539,0.6734056256040,0.7164476482967,-0.0855179362484,0.1901471685155,0.2245952171111,0.3488057038312,-0.2431716464456,0.0818992878300,0.6024028990879,0.5303165694937,0.4780044079379,1.0000000000000,0.7762107089934,0.4478614244164,-0.0820490908526,0.0940779567727,0.5041124877442,0.2734418156140,0.3743441773864,0.3087556073307,-0.2730989068724,-0.0506257296435,-0.1340685637068,0.5087784615663,0.2052687113391,0.2128069451641,-0.1933582345914,0.3914599734876,0.6414514196232,0.2071309369345,0.4896619450678,0.2361016854739,-0.1204650087326,-0.0614750765379,-0.0821616963970,0.2660429656517,0.1844227436577,0.3714431556594,-0.1384306482105,-0.0510023789127,0.1116900168756,-0.1291887795776,-0.0381213255288,-0.3739187837009,-0.2104110327412,0.2354497107454,0.0673425959375,0.0071726335362,0.3311441517400,0.4440435973110,0.3579874915334,0.6455616422396,0.5785740966960,-0.1317928571284,0.0831207637728,-0.0356476383990,0.1857896423407,-0.2009152124928,0.1528928182885,0.6141903846626,0.4583520784169,0.7909627211527,0.7622986547309,0.2771090398700,-0.0270444010045,0.6071206035664,0.5153567121976,0.5812513952372,0.1198664264888,0.2962984165605,-0.2701998758405,-0.1427931136742,0.6649149660333,0.0192478520463,0.1913992011632,-0.2831866926650,0.2018113283842,0.1844143541901,-0.2538500356429,0.2107373916937,0.4704135981525,0.1745746784712,0.3123880688542,0.2322952755536,-0.1137248512824,-0.0020859051824,-0.2051677967439,-0.1591294184400,0.1559317232206,-0.1878868316987,-0.1009544509541,-0.2984566892805,-0.1252873608397
-0.2869509674758,-0.2935115956593,0.0132775357365,0.2619604409079,-0.0839202410975,0.1224793891585,0.3921903042596,0.6170100409305,0.7202186223454,-0.0911273468450,0.2849645985438,0.3228766962199,0.3742450613359,-0.1998643417113,0.1179116860880,0.5988299484595,0.5432057569970,0.5793952008641,0.7762107089934,1.0000000000000,0.4407969644397,-0.1232296974898,0.2386617803100,0.6466547802638,0.2820644189262,0.3762904116738,0.5053437924224,-0.2661352264366,-0.1364307389652,-0.2738263634546,0.5682594710181,0.3211623459115,0.3106541022847,-0.0649981846466,0.4184264033598,0.6322006896793,0.3635287863471,0.7095438010028,0.2678998426260,-0.0161264351018,-0.0171243831258,0.0184459175570,0.3788245464925,0.1984389364583,0.5670359441864,-0.0192571943703,0.0231735866609,0.1907261302827,-0.1578854430845,-0.0223913833605,-0.2841840456371,-0.2814189014975,0.1443248220943,0.1201719838422,0.0763128352290,0.2641223282915,0.5884353230284,0.3188666253336,0.6185221429253,0.5184381139311,-0.0797965877900,0.2685793797279,-0.0030821137597,0.2627686590909,-0.3347416889960,0.1411374339512,0.4541788738826,0.5705324859063,0.6142354357435,0.8586039987472,0.2006686398063,0.0346932965766,0.7003079238542,0.5354867007971,0.6301045858129,0.0334058953258,0.3814719127295,-0.1746946645921,-0.2479285716546,0.7338530253299,0.0286446283630,0.2634928047699,-0.3207816257277,0.1765331109199,0.1135934998742,-0.2397051824161,0.3183689284779,0.4414777923571,0.2126668159668,0.3787814584970,0.2450713548054,-0.0065746535558,-0.1134630027061,-0.1738826786104,-0.1709759642903,0.1898086364340,-0.1387293776608,-0.1390509621998,-0.1814621221154,-0.0805233657436
-0.1911754911322,-0.1246414024359,0.0606351827687,0.5440420316314,0.1154210067473,0.2721267661682,0.5227802876397,0.3149463313160,0.2941286589192,0.1478534767411,0.4296186770463,0.5282909193545,0.5333336178858,0.0422764642672,0.3698073459594,0.3642219075265,0.6531701978512,0.1805863640117,0.4478614244164,0.4407969644397,1.0000000000000,0.1993893499673,0.3167182122047,0.3840269563578,0.1912095960364,0.4961502556974,0.6337329444348,-0.1109673554682,-0.0935157099205,-0.1697330791274,0.4165043562812,0.4022272684864,0.4623808781204,-0.0160232701498,0.2826223721131,0.3792555364203,0.2486932605608,0.4200307615970,0.0997895351881,0.0712016214959,0.2388944100349,0.1943173371981,0.4357911362232,0.2327230067422,0.1738022882055,0.1534327657243,0.1698400938706,0.0787424119461,0.1282969538477,0.3124034113802,-0.0886816386903,-0.2205813282627,0.3142792982251,0.1705953342580,0.2018692174077,0.4448971640124,0.3609654292972,0.2192857625135,0.2544780873428,0.1527740828157,-0.0793058202572,0.3654543883207,0.1151414146015,0.2829187666747,-0.2289732104746,0.3352214661119,0.3269820166071,0.4371030111279,0.4172277602833,0.3886923692524,0.4668630292846,0.1376165347362,0.4001845174247,0.3385212372004,0.4514276026294,-0.0140545408502,0.4502627998978,-0.0391284735175,-0.2453428219369,0.3535790521450,0.0003294186478,0.3840567283580,-0.2861170237742,0.0744446160243,0.1433985842068,-0.1119641480703,0.1797606025065,0.2519336706343,0.3141962865978,0.2552833713228,0.0980632969410,-0.0224537877659,-0.0459720618422,0.0120707071078,0.0212986666731,0.1096856161359,0.1073432670985,0.0983629898883,-0.0704706326218,0.1246200342208
0.0040169195584,0.1445734792364,-0.1188588665467,0.0474719435312,0.4712902888848,0.2492110045675,0.0542965016530,-0.1399214609266,-0.1274471151807,0.2807250555513,0.2602462585185,0.3563441551317,0.1685201036899,0.1955215741571,0.0091814636843,-0.1263312195254,0.1208714306552,0.0842875528952,-0.0820490908526,-0.1232296974898,0.1993893499673,1.0000000000000,0.4536473442890,0.0171709993740,0.0255870320961,0.0789561789665,0.1925961857157,0.2137047869226,0.3267866197293,0.1336321942634,0.0104296917940,0.0865081024699,0.1905779776936,0.0115443959537,-0.0789844022910,-0.1754205548528,-0.0423410927493,-0.0857792220992,-0.1526640155931,0.1157694658806,0.4992564950336,0.2374245080620,-0.1500158612626,0.0504478065964,-0.1357192115370,0.6223201999703,0.2788766580169,0.0288431863664,0.6364184369946,0.1652939131293,0.3217310404974,-0.1580531765150,-0.1129214272085,0.0156011209761,0.2938746713687,-0.0788834839614,0.0081371479186,-0.0271012698429,0.0043826897899,-0.1774569806305,0.2868832732502,0.3033060911559,0.2946827370707,0.0644573920826,0.1295422148950,-0.1168930362389,-0.1787117655006,0.1286462425555,-0.0849687612878,-0.1181049726449,-0.0039825795045,0.5021363602369,-0.0733349861894,-0.0391927530617,-0.0540531950238,-0.0277326661155,0.1299810045545,0.3338086692061,0.2196794188909,-0.0563597021811,-0.1233306816611,0.0900117487280,-0.0100176897337,-0.1728612433626,0.0462538462821,-0.0184812358203,0.0386376643663,-0.1293121970349,-0.1607905541674,0.0046493563138,-0.0723734495182,0.0834820964460,0.0690861760739,0.5038992352457,0.1774461950279,0.0267660408323,0.6849444301799,0.6354720429142,0.0278688107564,-0.0132705241447
0.1157477082728,0.1178405333930,0.3142424235543,0.2832544528179,0.4352863628686,0.5461857587708,0.1464692943505,0.0945918604602,0.2231222163270,0.5164099404009,0.3991408593736,0.7304501426102,0.2413891425562,0.2939156816654,0.4189000492219,0.0329284777733,0.1849965405929,0.2337362910571,0.0940779567727,0.2386617803100,0.3167182122047,0.4536473442890,1.0000000000000,0.2209741888834,0.1957510401138,0.3440637136597,0.4435907928676,-0.1954421967272,0.0393668030928,-0.1707793383097,0.1240487699642,0.4870778961871,0.4984278879957,0.1783406720018,-0.0567311051832,-0.0005480043011,0.0976164925328,0.1001058383641,-0.1989532443484,0.1791472244266,0.3467798427275,0.3524049940177,0.0049622854347,0.0012905066303,0.0119066311005,0.5062203918214,0.3187349338760,0.1551164550321,0.2625712335771,0.4362807600252,0.3195255936386,-0.0386821386448,0.0729480688739,0.4522116437666,0.4673407216909,0.0635755242427,0.1963025967494,0.1243985425834,0.1969372315064,0.1820241913727,0.2693280982278,0.5612563406683,0.3047635204696,0.1051748842675,-0.0860029502057,0.0024790741733,-0.0250490776946,0.3562447046621,0.1575884305124,0.2455494316938,0.0337048578535,0.6815853148395,0.3309903001365,0.2945013657753,0.1056455230008,0.0415316159463,0.3058588651527,0.0679278947371,-0.0766539560619,0.1611172641072,0.2069112966907,0.4561962254637,-0.2519446139858,-0.1072446389663,0.0945811909421,0.0677629478015,0.2348528209612,-0.0617113071045,-0.0806732672197,0.1119937201739,-0.1358116767716,0.1231342138003,-0.1115443121556,0.0478295329411,0.1279308317914,0.0543879559685,0.3315583678612,0.1395052011522,0.0539433623179,0.1930239346165
-0.1633496685438,-0.0493672460325,0.0094741126710,0.1834785528237,-0.0151142489005,0.1215724736670,0.3542801598385,0.4156501169192,0.4512637064152,-0.0542819043107,0.3506107602414,0.2467092935921,0.4185755332433,-0.1001240054475,0.0157647743384,0.5558927935826,0.6301598007102,0.7050076170059,0.5041124877442,0.6466547802638,0.3840269563578,0.0171709993740,0.2209741888834,1.0000000000000,0.2430743185023,0.3958204459904,0.4865121734656,-0.2035988173205,-0.0917135021544,-0.2090491510180,0.5998686890472,0.2206687379561,0.1158652052391,-0.0321909267176,0.5253757235964,0.5555751142775,0.6497843241523,0.7060090783801,0.3308615560710,-0.0273449100551,-0.0326997988996,0.0696170971508,0.2758865343533,0.2734729725485,0.4977061182657,0.0891063082070,-0.0891736601534,0.1953666188859,-0.0258248616628,-0.0772666471234,-0.2202117456597,-0.2060776488752,-0.0467790809843,0.0834917998321,0.1168930351243,0.1642813436189,0.5862959383570,0.3006526926349,0.4685878495025,0.1947887663661,0.0489643003311,0.2340739422318,0.0154530692667,0.2973465105177,-0.3100301190245,-0.0199234977904,0.3626353803972,0.6012229520801,0.5344027568015,0.5011536582171,0.1651894060629,0.1624832918278,0.7297612022239,0.3971735148915,0.5749337774903,0.2050231479166,0.3158369425035,-0.0270886287921,-0.1620555863894,0.6822029101876,-0.0808606590101,0.0491640731558,-0.2839540610539,0.1110980954735,0.0620758910261,-0.2035377410363,0.5770267399713,0.5512342064180,0.1175234916527,0.3838388295180,0.3476067734544,-0.0833594836920,0.0334017045147,-0.1443051896099,-0.2119224650546,0.1547965667706,-0.0822153664902,-0.1906983805981,-0.1074614198652,-0.1460989418605
