1.0000000000000,0.4550213014301,0.6525937887807,0.4437474739521,0.7436078409122,0.3901078015126,0.3252907093858,0.1897425241760,0.0632584685773,0.2837683661620,0.1893652872546,0.2834421901046,-0.0385195415395,0.4923226015754,0.3412566105744,0.0626116099923,0.1659509598954,0.1277436005254,0.1522004300908,-0.0818305588792,0.2754249186296,0.2651370867737,0.2653970782599,0.0443737796738,0.0089127121914,0.1223302171233,0.0208388292967,0.1520702550795,0.0219262351364,0.1007902062225,0.0066804669246,-0.0888000790055,-0.0698647065147,0.0146514563347,0.0799093374961,0.1137557962901,0.0381694234980,-0.1455279988674,-0.0645672116003,-0.0369518972674,0.3213299650240,0.3824096504403,0.0604877649474,-0.0483045521486,-0.0682191006768,0.1778074923009,0.1889661194742,-0.1033029216484,0.6566054759454,0.3006863792889,0.8334084336387,0.5501133146823,0.3708107536321,0.2959998770017,0.1775041391312,0.2496935343536,0.0141340198689,-0.0915188027597,-0.0412903661328,0.0257859693249,0.3036131480144,0.0120556257390,0.2110205858100,-0.1074065874036,0.5179415519994,-0.0629665044577,-0.0125262521373,-0.0350827999487,0.0570801602691,-0.0456516997186,0.1828016734201,0.4141863258779,0.0548638101278,0.0940383500041,0.0285166147551,-0.0176949572728,-0.0152292033837,0.1126919484872,-0.0123373152504,-0.0096678228452,0.0925518141067,0.0899942892220,0.2010279813066,-0.1789717537810,-0.1863409114270,0.2452989027550,0.0728769016530,0.0432062912561,-0.0383391075419,-0.0982844658602,-0.0756417104829,-0.0821080331026,-0.1116849685949,0.1523172055189,0.2745272400244,-0.0772672762909,0.3735140668047,0.3977431839440,0.3038539460773,0.2464249775543
0.4550213014301,1.0000000000000,0.5490071390770,0.2158796627777,0.1505973181961,0.2892964933617,0.0387591175776,0.0752296608496,-0.2274446117592,0.0417461411978,-0.1070211473455,-0.1946536691051,-0.1961355683799,0.6816531078139,0.2018196654214,-0.1257721979065,-0.0238400546285,-0.1155045680083,0.0954056376121,-0.1305519986316,0.0440560390072,0.1992474287947,-0.0748225912276,-0.1720048953953,-0.0315764484702,0.1526778361291,-0.2035828640207,0.4775719156485,0.4139821006620,0.5809611151835,-0.1424576442235,-0.2440395822807,-0.2438947295977,0.0590525725124,-0.1512437753047,-0.0343527743112,-0.1887095141556,-0.1079921760998,-0.2236747611574,0.0478252977493,0.4086892522398,0.1996530126444,-0.2487171733858,0.2914893568596,0.0876857818254,-0.0136011898491,-0.0474494514543,-0.2129356480434,0.4582294415125,0.0614068369093,0.4325543976905,0.7911458857124,-0.0196984273875,0.0817839647745,-0.0533067532437,-0.1309996000619,-0.0939591144662,0.0729987077754,-0.2698408362709,-0.1639455480238,-0.0190752273097,-0.2847264709700,-0.2557175135172,-0.2534091204358,0.6278080643685,-0.2452425465968,-0.2007554570515,-0.2098407294894,-0.1272102801405,-0.1933868407758,-0.1907269319357,0.0145844945466,-0.2573324304144,-0.0109640226092,-0.1495123932402,0.1411862850407,-0.1998773606120,0.4208026833599,0.4727968410462,-0.2230111521488,-0.2040159773303,-0.1537600961413,0.4032756765070,-0.3404141478717,0.0072397761136,0.1676590841933,-0.1333143689755,-0.1206203662715,-0.3958437272900,0.0209380791929,-0.1260382748053,-0.0883144629361,0.2701516507667,0.2223331925933,-0.0806065789969,-0.1374390797534,0.7477114105955,0.3233472019116,-0.0012096457928,-0.1205968829094
0.6525937887807,0.5490071390770,1.0000000000000,0.6315495986953,0.5320630027822,0.7841678232689,0.5371937891519,0.2437363663531,0.0135820285946,0.4270195188029,0.2719932869777,0.1310952102921,0.0525839001811,0.6896239541335,0.5508132359534,0.2735886534043,0.3212935107177,0.1227511111299,0.2169936008981,0.0194310700932,0.2953902361583,0.3105410677600,0.1785848867942,0.1059631587710,-0.0163108087909,0.1216527681816,0.0330712483173,0.2481201748245,-0.0858864605631,0.2431056663840,0.2104818427729,0.0471354822141,0.1312302795971,0.0861786494977,0.1355781160764,0.2967273925048,0.0690694420414,-0.1159197444885,0.0956951507511,0.1235429670470,0.3430027833288,0.4931509971582,0.0963987624029,-0.0193381509570,-0.0215490283972,0.1735433284836,0.2906145353856,0.0395422570364,0.5535160604790,0.3712352007927,0.6800183542519,0.5703798621809,0.3775568944595,0.6664760473258,0.3545669026352,0.4732277817352,0.0053879958850,-0.0685823291840,-0.1246386657750,-0.0398145599195,0.4081514712989,-0.0184585102064,0.0560366840975,-0.1010574263547,0.6715098956022,0.0190503629542,0.1400470559971,0.0119077206829,0.1156241386445,-0.0087610383011,0.0146101959353,0.2410780884058,-0.0064482715691,-0.0122472045950,0.0472257551518,-0.0561368610797,0.0121700640211,0.2237048879199,-0.0216626730530,0.1427788074249,0.1562092072009,0.1359825147870,0.2368181623486,-0.0910681381334,-0.1454869384576,0.2974199476022,0.1195909394025,0.1817806428919,-0.1222048908174,-0.1033578336357,0.0486829139592,0.0432760144389,-0.0599799747714,0.3533196604520,0.2480977104574,0.0348092982583,0.3189853135614,0.3295832108194,0.2739714639052,0.0990859620080
0.4437474739521,0.2158796627777,0.6315495986953,1.0000000000000,0.5365524868712,0.7000525815283,0.7952678033414,0.3764215244138,0.2346224474093,0.6627967294359,0.4513851400065,0.4007184914820,0.1767665689864,0.5309457560002,0.7682408463569,0.6225710508656,0.5301774085876,0.4370543949411,0.4324429749961,0.1420794377785,0.4792467017152,0.2464659855675,0.2373731238669,0.3396004380334,0.0375785182305,0.1434672382703,0.1115390356336,-0.0746560963563,-0.1672951776671,0.1110522216283,0.4517064510730,0.1386713871771,0.1987684564944,0.0136627626788,0.4597059770748,0.4744701214352,0.2854327756285,-0.0359851608864,0.3908006824828,0.0297809882455,0.1589795710495,0.5230288795474,0.4339413807848,-0.0749208651060,-0.0198231606597,0.2342238327177,0.2341323984565,0.4228990916058,0.4594828119990,0.6826824027709,0.4576218352302,0.3072966214415,0.6392020355046,0.7156102913253,0.6023285473996,0.5950235570633,0.1393691511989,-0.0077783650960,0.0778655733105,0.1024294906710,0.5112340292670,0.2423284722779,0.2802546309218,0.0396142277292,0.3870514353394,0.2134740393420,0.2716130665742,0.1994090267078,0.3100308156976,0.1728323835326,0.1773757919076,0.3060431624680,0.2514034223824,0.0434038411769,0.1316418451245,-0.0106715228861,0.0668813041004,-0.1111361651988,-0.0893618700541,0.2999658827372,0.2746991586646,0.2133422675265,0.0331609822030,0.0728623378663,-0.0696679181774,0.2336281251642,0.2367515087952,0.3305656067364,0.1149580687324,-0.0275663955668,0.2326936795384,0.0721653066149,-0.1141176245769,0.1932078835498,0.2680726560121,0.2616344069838,0.0841162893085,0.0377600452277,0.3475398843835,0.3738427743212
0.7436078409122,0.1505973181961,0.5320630027822,0.5365524868712,1.0000000000000,0.5694106178629,0.5007036407882,0.3028488537879,0.2389805587791,0.3509245680419,0.4264910321634,0.4768051177082,0.1192204427211,0.3261923671611,0.3743336883770,0.2640136400123,0.3265971455283,0.2487372393959,0.2314151073373,-0.0123239715565,0.3906356838471,0.0692540552326,0.3640861468270,0.2007105929467,0.0056997449226,0.1218846652651,0.1064607887257,-0.1654625333798,-0.0837016640487,-0.0622865575621,0.1936087233634,0.0609474396079,0.0773419322799,-0.0522162294346,0.2535997459018,0.2045838749099,0.1647939793090,-0.1796708571920,0.0950772752730,-0.0864871637655,0.1076358172945,0.3289602643028,0.1802371160419,-0.1201200527969,-0.0916610623175,0.1024057875843,0.1326745845006,0.0918100671009,0.4315367371977,0.3204215009372,0.7271070236769,0.2937045272616,0.4799947381923,0.4465923087891,0.4238359136769,0.4628055890143,0.1171345764363,-0.1317634701447,0.0838002531054,0.1410615005206,0.3356772841541,0.2526374010707,0.4451230297068,0.0366199545217,0.2687053963590,-0.0208821332700,0.1673205925277,0.0999998396245,0.1478527310217,0.1010052359212,0.3797718487199,0.4173090309716,0.1729571053570,0.1102040726280,0.1706747966796,0.0417367919491,0.1193257398814,-0.1632733547961,-0.1713244499263,0.1392107460345,0.2537892938499,0.2365574285788,-0.0179701014382,-0.0155453662246,-0.1954917719019,0.1278429102416,0.1532611860667,0.1950749915153,0.1204597990473,-0.1212219417371,0.0053785739737,-0.0447760421555,-0.1870561792325,0.0726476130522,0.2460275898773,0.0276168102574,0.0235269122869,0.1925939082500,0.2866848855424,0.2849528555741
0.3901078015126,0.2892964933617,0.7841678232689,0.7000525815283,0.5694106178629,1.0000000000000,0.6998583970271,0.3158813547934,0.1639867977710,0.5348434183218,0.4855726276054,0.2647405515631,0.1958044041568,0.5043613950831,0.5972336245042,0.4983913201821,0.4849134746097,0.2368510087014,0.2466207302044,0.1289741139111,0.3673089391242,0.2027745356951,0.2451759813197,0.2459217242789,0.0255697593458,0.1184502749723,0.1537151176548,0.0001789491932,-0.1724084454386,0.0996192028557,0.4052988779122,0.1761682261838,0.3185242820559,0.0624545397462,0.3201805785913,0.4141635752601,0.1828983401899,-0.0911886244194,0.3213118935444,0.1527706628088,0.2091736236559,0.4775102087052,0.2315064585795,-0.0904829958180,-0.0107258006241,0.1180184394002,0.2379707812617,0.3406018601495,0.3644599274644,0.4629887399994,0.4907696514953,0.3258058515769,0.4945043197680,0.8137942425456,0.6642720465497,0.6366285419250,0.0607925159530,-0.1050138967428,-0.0221213475379,0.0493126845861,0.4550281529653,0.1733126850721,0.1841202701473,0.0101296206661,0.4043142270390,0.1586079553022,0.3178040718418,0.1460252910875,0.2103158792716,0.1349313561845,0.1221293806647,0.2428256715342,0.1014647839773,-0.0289979663380,0.1142893896816,-0.0240369277796,0.1368505180004,0.0157761112815,-0.1420028126549,0.3077325768542,0.2874997070590,0.2620718659095,0.0892806579655,0.1114574481058,-0.1069689285004,0.1878157908681,0.1796446632705,0.3538152152025,0.0354577481748,-0.0605444492834,0.2333753641483,0.1472539361161,-0.0847610157347,0.2984991363920,0.2209716976875,0.2354265519785,0.0843880755314,0.1765003533167,0.2557608573953,0.1168218025685
0.3252907093858,0.0387591175776,0.5371937891519,0.7952678033414,0.5007036407882,0.6998583970271,1.0000000000000,0.3839802568703,0.3151644033915,0.5635575888278,0.5427756903810,0.5059900543596,0.3147919453587,0.3930445092306,0.6297724618461,0.7164922083265,0.6226217222067,0.4411098456672,0.3609315931603,0.2570895751833,0.6152019400281,0.0974927598097,0.3994594489154,0.5012765740208,0.0444545489280,0.2460736431304,0.2808374579877,-0.1979492398503,-0.1954219953800,-0.0434554039767,0.5615449218170,0.2678626023839,0.3262677325201,-0.0324558245989,0.6731067145169,0.6985892360506,0.4793155633528,-0.1059464129444,0.5125259372408,-0.0626916451881,0.0193045962398,0.3492452755802,0.4141985957207,-0.2672383399830,-0.1192504016190,0.1674964861215,0.1797922150256,0.4719207676445,0.2650017481531,0.5482943615543,0.4035003422969,0.1003167711586,0.6218313487016,0.6700984349300,0.6648972961383,0.7387236417020,0.1672385912530,-0.1914673772400,0.1726319646342,0.0960608541929,0.4546854909529,0.3077819324428,0.3598100633119,0.1771647709694,0.3611113543933,0.2961435185815,0.5037276936552,0.2739427809343,0.4613321185435,0.3056610041822,0.3709726434635,0.3240116067162,0.4107094752316,0.0986636692615,0.3847809134821,0.0456627004174,0.2794687693378,-0.2024178758851,-0.1174730490809,0.5083787035808,0.4986756349843,0.4444468311763,-0.0661106195070,0.3025179998915,-0.1428036313082,0.1477785618752,0.4710173082098,0.6310076135139,0.3902440641262,-0.0237150462087,0.3596716587953,0.0691948397079,-0.2135987177874,0.1847423492739,0.3093822108702,0.4176349659120,-0.0365465609539,0.0988555072891,0.3215858163876,0.4989651380941
0.1897425241760,0.0752296608496,0.2437363663531,0.3764215244138,0.3028488537879,0.3158813547934,0.3839802568703,1.0000000000000,0.5646599413168,0.4360257571620,0.5098470664476,0.4695173271862,0.4995543716589,0.2491490431987,0.1863714980295,0.4651470456813,0.6491730755921,0.5714413083788,0.7002931684037,0.5184590132692,0.5604390479124,0.1443404375812,0.3092833012672,0.4437770223348,0.4169460545941,0.2883391981201,0.2959509731328,-0.0009852333678,-0.0038752164164,0.0089880403579,0.4561505078088,0.2969231638495,0.4249784020778,-0.1177961171849,0.2487212244945,0.3123705504073,0.1624010611574,0.0482499236542,0.0572999230611,-0.0920805721436,-0.0289374056145,0.2021811876789,0.1587726990635,0.0365627639711,0.1766589337646,0.1330148594972,0.1236310380742,0.0228223535254,0.0479234223734,0.2361075873361,0.1317504953370,0.0261114359980,0.2840812802896,0.3216499127325,0.2317665826144,0.3690138389805,0.5352401113992,0.4266869669679,0.4887920994737,0.4594631655572,0.4120275987802,0.3863829413982,0.4307244523710,0.3496561209150,0.1424424383916,-0.1209837466245,0.3264260818970,0.5095307206656,0.4822129574537,0.5858949985535,0.4885118296476,0.3149459068430,0.4673864615200,0.4657141407326,0.4249274414474,0.0718779325044,0.3149224754432,-0.0733266400768,0.0191381802173,0.3684426430116,0.2834505017492,0.4966871096403,-0.1734540810983,-0.0031920904826,0.0326426118855,-0.0130757280689,0.0864119882570,0.1747072752049,0.0567307310117,0.0378636102477,-0.0496668888338,-0.0746006183279,-0.0419229823038,0.1059240186350,0.2424966111090,-0.0708358129921,-0.0042953308918,0.0754635276696,0.0943411216379,0.2546351580512
0.0632584685773,-0.2274446117592,0.0135820285946,0.2346224474093,0.2389805587791,0.1639867977710,0.3151644033915,0.5646599413168,1.0000000000000,0.2447245476806,0.5013937085319,0.4868884577045,0.3649869701620,-0.0527229840041,0.0336037054517,0.4218597307044,0.4882510543861,0.6103563542043,0.3589150440349,0.5795920786878,0.3734948716940,0.0792661831663,0.4216509724773,0.6415500241370,0.5102976871091,0.3256858134171,0.5637022750969,0.0017498794584,0.0201355432222,-0.1199444695849,0.3921987855098,0.3700041755924,0.3913834355838,-0.0388217114427,0.3468006573348,0.2665173038012,0.3254302492254,0.1439673295951,0.1478475250560,-0.0109246006632,-0.0400255211902,0.0938104341944,0.1951866845763,-0.1190660385216,0.0405029669525,0.2209215291428,0.1956479335263,0.1397789574314,0.0002364557675,0.1267349051827,-0.0003343566299,-0.1950255631843,0.3927097405056,0.2632500384528,0.2646193764954,0.4589176698482,0.4995107379103,0.2086474633195,0.8042471229893,0.8645092728943,0.1878843053681,0.5537652965378,0.4161939605640,0.2482477605895,-0.0888716383248,0.0872522422561,0.4027075724535,0.5694534329865,0.6725245059604,0.6597118743339,0.5223184171805,0.3384743006677,0.7118752203146,0.5842773931895,0.4930599530760,0.1141532416405,0.4836702081472,-0.0523581823220,-0.0072689586521,0.4769164187418,0.3430045853457,0.4366826403570,-0.2307861090453,0.2302044846090,0.1271382058781,0.0942751448968,0.2261923937039,0.3336622380817,0.3140730877357,0.0845322592465,0.0775402146708,0.0394710974534,-0.1482670941349,0.0862558817466,0.2786430461113,0.0502255169134,-0.1530260541121,-0.0155893877989,0.1563316888364,0.3003339708215
0.2837683661620,0.0417461411978,0.4270195188029,0.6627967294359,0.3509245680419,0.5348434183218,0.5635575888278,0.4360257571620,0.2447245476806,1.0000000000000,0.3946939023537,0.5928575508667,0.3556248048702,0.2347370854592,0.5087376734065,0.4019529896413,0.4819923562664,0.3104798637927,0.2893535883037,0.1573793728039,0.3967634184718,0.5774880257119,0.4182042796935,0.2187651427474,0.1540359173635,0.1200392290283,0.2014044715160,-0.1186726626111,-0.1764814540623,-0.1477156528767,0.3512898891657,0.2927027009139,0.3905018440937,0.1421321289106,0.1866861506140,0.2154400471242,0.2228798218217,-0.0426018367584,0.1965135002238,0.0645025651625,0.1323453368819,0.4743069716302,0.2293037443516,-0.1016025085815,0.0099663941201,0.4595518924826,0.4673530236045,0.1796586694559,0.2938088424564,0.5795362797201,0.3831207628842,0.2078989621146,0.4804399829844,0.6411794604338,0.5608875783480,0.4247768142123,0.2682931049693,-0.0237686892265,0.1007458782920,0.1707525856298,0.8546462301096,0.2456791996128,0.4816998315991,0.2282242581411,0.2668227870016,0.1299616111157,0.1257862402549,0.2053244469099,0.2537622843530,0.2299848908300,0.2261042862658,0.6008098005025,0.2924139256670,0.1303669641198,0.1843256917784,-0.0701297704467,0.1459875159085,-0.1511301225681,-0.1383462749840,0.3639580657400,0.3864743409937,0.4246977325895,-0.1059863208226,0.0231617157941,-0.0755991310744,0.2325419506890,0.1799961439314,0.1057025206978,0.1435054427088,-0.1484387297662,0.0579040389454,0.0608241188495,-0.1422103663740,0.2618465632447,0.5065830722780,0.0410903400494,-0.0171834826324,0.0646154709524,0.3425379242842,0.4708898134037
0.1893652872546,-0.1070211473455,0.2719932869777,0.4513851400065,0.4264910321634,0.4855726276054,0.5427756903810,0.5098470664476,0.5013937085319,0.3946939023537,1.0000000000000,0.6160084958724,0.5585396363234,0.1558096373482,0.3400706555867,0.5818184758639,0.6722785150756,0.6020453418481,0.2871940037194,0.3163527448092,0.4455405453601,0.0614687705487,0.4853963053633,0.5750634251324,0.2803483321816,0.1154284535405,0.4650291817289,-0.1471221667688,-0.1128023492491,-0.0615541585251,0.5441121594290,0.3396217160136,0.5144403811568,-0.1524816490030,0.4946788568147,0.3383791977980,0.3938153015852,0.0939781035340,0.4337966934761,0.1015636487394,0.1183651184375,0.2859870405900,0.3433487422999,-0.1178893991059,0.1064674508915,0.1372103565043,0.1923984986875,0.3489956266318,0.0959028130072,0.3866800896370,0.1643586715511,-0.1165763821131,0.5997125166237,0.4390812818074,0.5258646395735,0.5993786658663,0.4531311737605,0.0733068634229,0.4214482936585,0.3434824987425,0.3927904679353,0.6700976162253,0.5142843643643,0.4332365988382,0.0202797468621,0.2728963028804,0.3634247796486,0.6364536771096,0.3852187470615,0.3799613635640,0.5285483108037,0.3133709663964,0.4749171791611,0.2810786155397,0.3558234701311,-0.0752595095439,0.4384372374035,-0.1358490463772,-0.1178472348449,0.5706054359619,0.4320908830628,0.4443999201880,-0.0845847049162,0.2370174444176,0.1047566039561,0.0990036958843,0.3119226948396,0.3941279968424,0.3311278200572,0.0939180411858,0.3466611710485,0.1842833246726,-0.1437325508780,0.1466897305282,0.3102602650588,0.2903269292708,-0.0988642702662,0.1242969447042,0.2864249557432,0.2785151804577
0.2834421901046,-0.1946536691051,0.1310952102921,0.4007184914820,0.4768051177082,0.2647405515631,0.5059900543596,0.4695173271862,0.4868884577045,0.5928575508667,0.6160084958724,1.0000000000000,0.5963136408272,-0.0000237137574,0.2368571955168,0.3985530454493,0.5224612660093,0.4903636052806,0.2069087967397,0.2310630246824,0.4591470091221,0.1260282703346,0.7194450194236,0.3879369562015,0.2435718917475,0.1724542086953,0.4111807515414,-0.2582083266188,-0.0016922464863,-0.2418251508297,0.3655243960343,0.3604213123868,0.4431789759647,0.0231545711897,0.3388306471511,0.2071434544294,0.2970672706517,-0.0286262626497,0.2426433388400,-0.0119186205444,-0.0115955011656,0.1907922828826,0.1958235648833,-0.2517307971042,-0.1018731749656,0.2817437795816,0.2775797184873,0.2855381823056,0.1523692625018,0.3552667415075,0.3109791075880,-0.0250324001442,0.5676911111343,0.3873097106789,0.5398773816992,0.4776852210496,0.4293864879325,-0.0667179214262,0.3774859717852,0.3782893728873,0.4683578683408,0.5927820999950,0.8155977161088,0.5174004177194,-0.0204360005880,0.1785384084327,0.2147309314410,0.4225079322213,0.3463731573594,0.3595488091368,0.5749820162647,0.6337347930919,0.4858938568478,0.3405035879551,0.3219819311699,-0.0295585965393,0.3740284633484,-0.2467939993867,-0.1046391427831,0.4431116808872,0.5585225732845,0.5612310368967,-0.1821398559900,0.1299728747454,-0.0615977671043,0.1279323472042,0.2524489964819,0.2884353751060,0.3713162928701,-0.0310195510779,0.1788167785476,0.0814116085612,-0.2344466610617,0.0917632050499,0.4667790309339,0.1922028657355,-0.1115860642337,0.0463592499017,0.2717404780252,0.4936808275113
-0.0385195415395,-0.1961355683799,0.0525839001811,0.1767665689864,0.1192204427211,0.1958044041568,0.3147919453587,0.4995543716589,0.3649869701620,0.3556248048702,0.5585396363234,0.5963136408272,1.0000000000000,-0.0328101451134,0.0703043456280,0.4023465941091,0.6316662937687,0.4834112322493,0.1282903421107,0.3143877594657,0.2974532555591,0.0495979332252,0.4110957050557,0.4100356376953,0.3123159400863,0.0680193982572,0.4287130369569,-0.1577525263924,-0.0819976506678,-0.1669541218790,0.4599919676417,0.3471895406223,0.5273500839046,-0.1020112002649,0.2467479530433,0.1835647956272,0.2779356264238,0.0519557246461,0.2275241364423,0.0332127830855,-0.0082639169295,0.1115904657844,0.1290373447469,-0.2148865755798,-0.0096379885878,0.1017965828640,0.1168937331846,0.1519728470305,-0.0827983549302,0.1799883533958,-0.0062587210311,-0.2044588136091,0.3410482982422,0.2497836298907,0.3123420156738,0.3926495166150,0.6089036636298,0.0591190681158,0.3819282407998,0.2819804930152,0.3545465041514,0.5015688082350,0.6034801601395,0.9139263225349,-0.1137169705730,0.1487452883318,0.2719321242891,0.6504643319750,0.3240807598929,0.4067993775185,0.4009572653422,0.2739802011304,0.4007981869048,0.3542678071352,0.3043394640211,-0.1153495640029,0.4195713004367,-0.1117226401881,-0.0817849528303,0.5248719947345,0.3962161117768,0.4912893084808,-0.1821608270983,0.1958491725599,0.0096775176605,0.0268543690890,0.2163498603181,0.2956642839534,0.2733889865796,0.0219582639049,0.2061790568999,0.0925771173165,-0.1799022742009,0.0808932115587,0.2370350314684,0.1167534372973,-0.1343431311967,0.0821649813385,0.1561098676567,0.2037187597016
0.4923226015754,0.6816531078139,0.6896239541335,0.5309457560002,0.3261923671611,0.5043613950831,0.3930445092306,0.2491490431987,-0.0527229840041,0.2347370854592,0.1558096373482,-0.0000237137574,-0.0328101451134,1.0000000000000,0.5600406692064,0.3456739442883,0.2719815884648,0.1708096163212,0.3391038911549,0.0760203115777,0.3608582008438,0.2532018456969,0.0769711569115,0.1085000844298,-0.0693038218290,0.1827436083412,-0.0361230365452,0.3595161274151,0.1623273419562,0.6517346093675,0.2989469897656,0.0121178792301,0.0254300503780,-0.0754381229574,0.2149320970577,0.3609843175227,-0.0098628597141,-0.0506316444530,0.0196194375494,-0.0406397443437,0.3793955383173,0.3370187433993,0.1403263987695,0.0163281639395,0.1333748112034,0.0817034287390,0.0972745798277,0.1004681577992,0.6004148285245,0.3738432690883,0.4439762190137,0.5419341599244,0.1297253389745,0.3108296703627,0.1585952465260,0.1150328792190,-0.0603231768692,0.0117273479127,-0.0955273556220,-0.1222237976373,0.1554441585393,-0.0874714149933,-0.0908556236675,-0.1363059420910,0.7133879741020,0.0070391736731,0.1107748182541,-0.0358957583501,0.0952062063318,-0.0042942407804,-0.0425782506528,0.1089543580283,-0.0443477817474,-0.0520067316002,0.0545153576256,0.0485584994979,-0.0435602179934,0.2841042279283,0.2685231375619,0.0498442801934,0.0823073310339,0.0630363480813,0.4660072141457,-0.0513133634878,0.0549215493563,0.1543303156953,0.0302050291168,0.1490376832884,-0.1448044030599,0.0536671489126,0.0001568499830,-0.0876628018734,-0.0174937723699,0.3572542365460,0.1025878758815,0.1243831549399,0.5613622500715,0.2808453986751,0.1431442185368,0.0917473709168
0.3412566105744,0.2018196654214,0.5508132359534,0.7682408463569,0.3743336883770,0.5972336245042,0.6297724618461,0.1863714980295,0.0336037054517,0.5087376734065,0.3400706555867,0.2368571955168,0.0703043456280,0.5600406692064,1.0000000000000,0.5266120287027,0.3520786068143,0.3239956990774,0.2813932426170,-0.0314767872265,0.2708152473782,0.2042012083995,0.0633291131522,0.1374941930688,-0.1195076224351,-0.0886014920534,-0.0984359475784,0.0260847655604,-0.0809600172765,0.3139853416019,0.3724779393762,0.0540930033190,0.1164003732025,-0.1286019744794,0.4116771441401,0.4774702941394,0.1690949282398,0.0718342065149,0.5857557233734,0.1967283336660,0.4481237895130,0.5795643546314,0.5326262486081,0.0010538018256,-0.0138372596489,0.1859030981266,0.2508174119219,0.5351590150493,0.5309472583860,0.7456832504037,0.3846171185453,0.2501331520500,0.3983229819323,0.5568676300086,0.5044730566108,0.4044198714859,-0.0665187520777,-0.0842295119586,-0.0809689790678,-0.0669120021242,0.3578759178917,0.0987026470046,0.1094877058631,-0.0778097985486,0.4530516908351,0.4328903464715,0.1471942194848,0.0612490432564,0.0974703066461,-0.0305778176839,-0.0422820080147,0.1195250577008,0.0173797893237,-0.1719703503311,-0.0848415132379,-0.1958943662256,-0.1511113121569,0.0575489766311,0.0116767707618,0.1973241700808,0.1351507006436,0.0712605868656,0.3408033720740,0.1412390222233,-0.0333403132367,0.1545961332132,0.0995792298305,0.2929981951734,0.0921354553380,-0.0124676912336,0.4467372935754,0.1988644440978,-0.0286246110491,0.3057681275413,0.2881847973332,0.4415019104564,0.1995680673157,0.1670395378469,0.4416181721932,0.2679225955138
0.0626116099923,-0.1257721979065,0.2735886534043,0.6225710508656,0.2640136400123,0.4983913201821,0.7164922083265,0.4651470456813,0.4218597307044,0.4019529896413,0.5818184758639,0.3985530454493,0.4023465941091,0.3456739442883,0.5266120287027,1.0000000000000,0.7105528610918,0.6496970024652,0.4579990742678,0.5610580776042,0.5631182806663,0.0043263410220,0.3141969052334,0.5862439701111,0.2168476519828,0.2451037292659,0.4364758152142,-0.2011993857679,-0.1987057717101,0.0777976539024,0.8858789291181,0.5189854921622,0.5191523648660,-0.0961957741792,0.7494129429086,0.7599313996712,0.4131630009780,0.1972667196136,0.5866885704540,-0.0559561051734,-0.0094582743146,0.2260399945360,0.6371942974529,-0.2187441770125,0.2228699058651,0.0882915529831,0.1646391612752,0.5409462603121,0.1339406525359,0.5088976919394,0.0384224628789,-0.1626934559283,0.4575810856479,0.4769753462489,0.5047270784554,0.5607349937231,0.1661138955709,-0.0843372412379,0.3545808397055,0.1737143949750,0.2653631034563,0.4028241108586,0.2444538852752,0.2362496281018,0.0652684084273,0.4208284442936,0.6467230627112,0.4313949555089,0.5178722883679,0.5159683755787,0.2775719426997,0.1887562999284,0.4184099812096,0.0897259421223,0.3649093552010,0.0691610278408,0.4495200514183,-0.2103349354043,-0.1437413052116,0.6453549933285,0.5739826197201,0.4100252520457,-0.0344491438826,0.5529254213469,0.2318186049331,0.0996329443860,0.3732359064371,0.6026843948429,0.4228263784367,0.2154046287588,0.4023346734895,0.0710154229990,-0.2213354766632,0.1391966197793,0.1943313303918,0.4175204069533,-0.1149218252827,-0.0452258798386,0.1032783488498,0.2554925036319
0.1659509598954,-0.0238400546285,0.3212935107177,0.5301774085876,0.3265971455283,0.4849134746097,0.6226217222067,0.6491730755921,0.4882510543861,0.4819923562664,0.6722785150756,0.5224612660093,0.6316662937687,0.2719815884648,0.3520786068143,0.7105528610918,1.0000000000000,0.7539030155483,0.4581211041165,0.4457682450872,0.7365505417864,0.1269218305085,0.3862022750584,0.7310472021218,0.2515218715814,0.1443821796660,0.4798678796705,-0.1324106197526,-0.1724024969666,-0.0744957331895,0.7786787684938,0.2774934598590,0.5451942313262,-0.1605454672319,0.5480376114099,0.5068047006891,0.4467645696773,-0.0086652724000,0.3501580356656,-0.0607996944296,0.0524193979561,0.2931462655465,0.3538139692528,-0.2722304143038,-0.0376700169754,0.0937382988665,0.1120978877924,0.2388014430009,0.1143994394982,0.4764113694229,0.1219033786743,-0.1002711626208,0.4918433824707,0.4173646452294,0.3960027146617,0.5360118300521,0.4409896791077,0.0416963823474,0.4414508048588,0.3082415034852,0.4400174109644,0.4517079388655,0.3882313126597,0.4504508561789,0.1057006719837,0.1697180170130,0.4163492300377,0.6663640503058,0.5589536457671,0.4785142573666,0.5518668129548,0.3424379708494,0.5744058618782,0.3509852538858,0.5329410945724,-0.1334057883327,0.4466975771368,-0.1366382481398,-0.1158226081831,0.7085610651333,0.4181290621622,0.5516168070471,-0.1945559956467,0.2020547146860,-0.0231817945278,0.0354365518825,0.3996992982747,0.4873380463061,0.3337380622187,0.0305471895869,0.2664313185904,-0.0104647951717,-0.2749079312249,0.1294044673054,0.2896817182756,0.1960988306113,-0.0974010847666,0.1516188048529,0.2337970658713,0.3903090083281
0.1277436005254,-0.1155045680083,0.1227511111299,0.4370543949411,0.2487372393959,0.2368510087014,0.4411098456672,0.5714413083788,0.6103563542043,0.3104798637927,0.6020453418481,0.4903636052806,0.4834112322493,0.1708096163212,0.3239956990774,0.6496970024652,0.7539030155483,1.0000000000000,0.3821225894341,0.4532518315106,0.4708713618559,0.0735542727273,0.3726043786002,0.7107647423541,0.3582261450515,0.0668122970724,0.4898238589793,-0.1400196459217,-0.0239675157303,0.0025273983305,0.6609124201630,0.2640021238189,0.4461145828689,-0.2123679508749,0.5241626061234,0.3833815059374,0.4150101348090,0.1880512982530,0.4071687150302,0.0092818557283,0.0895878024768,0.2652604969851,0.4199182190774,-0.2254079927619,0.0263663506819,0.1953799040111,0.1168819628089,0.3421774313988,0.1629701900157,0.4394422428620,0.0440081098257,-0.1352417978897,0.4360033036711,0.2583767870267,0.3138669022564,0.3927102885922,0.3956664011395,0.1186684521541,0.6513632814017,0.4138639490126,0.2119474164708,0.5581896368828,0.3314114552287,0.3193073312893,-0.0371790029980,0.2283335127797,0.2969926885489,0.6926564465091,0.4514423445497,0.4400217793012,0.4496341861282,0.2812512661461,0.5885026128502,0.3482315162026,0.3360384453674,-0.2013455411120,0.3886565549719,-0.1524106538497,0.0395772517473,0.6325408173131,0.3077895818694,0.3552670961942,-0.1142276640474,0.1868612715035,0.1166591888371,0.0572509009556,0.3144658986384,0.3461831779604,0.3324517333023,0.1508988187952,0.3060540310603,0.0620759549591,-0.2577491073724,0.0826069922476,0.2726925727660,0.2268309461873,-0.0535333769731,0.0072046697314,0.2582631036568,0.2777371491989
0.1522004300908,0.0954056376121,0.2169936008981,0.4324429749961,0.2314151073373,0.2466207302044,0.3609315931603,0.7002931684037,0.3589150440349,0.2893535883037,0.2871940037194,0.2069087967397,0.1282903421107,0.3391038911549,0.2813932426170,0.4579990742678,0.4581211041165,0.3821225894341,1.0000000000000,0.3892765055402,0.5776391917332,0.1195169574573,0.1060244494607,0.3883860734814,0.1760173899358,0.2655499529526,0.0901976849969,0.0323195569323,-0.0783361243850,0.1574511545468,0.3609280617537,0.0984012510773,0.1686525581671,-0.0796437475947,0.3100269687168,0.4965773237069,0.1178114778040,-0.0199570263838,0.0246367083514,-0.1952546189822,-0.0516271941066,0.1612447746455,0.2759917577979,0.1244710085103,0.1965283184955,0.0912632232083,0.0261622187984,0.0667190495636,0.0987595880417,0.2968695151135,0.0465087872530,0.0134130940084,0.1579375543335,0.2265249536803,0.1283608505092,0.1943762351505,0.3061640863789,0.4536366668597,0.2424085517261,0.2796586359670,0.2436010166312,0.1784201972606,0.1807374389618,0.0466985669488,0.2114902462896,-0.1518711629171,0.3554448899240,0.2860203050424,0.5560354126266,0.4570059841357,0.3878409396753,0.1491772071834,0.4226559639462,0.3407657024789,0.3977740005604,0.1472519549808,0.1595056547491,-0.0854409816587,-0.0276138532536,0.1909337395093,0.1209746513164,0.3091391989053,-0.0948960522198,-0.0314499645165,0.0689776228592,0.0261365081360,0.0717801021282,0.1754185873538,0.0078237042176,0.0975589058654,-0.1024735958143,-0.1595358936094,0.0369650311691,0.0103093416015,0.0621712693529,-0.0401850792379,0.0063430332414,-0.0694533480049,0.0412295484592,0.2704500013955
-0.0818305588792,-0.1305519986316,0.0194310700932,0.1420794377785,-0.0123239715565,0.1289741139111,0.2570895751833,0.5184590132692,0.5795920786878,0.1573793728039,0.3163527448092,0.2310630246824,0.3143877594657,0.0760203115777,-0.0314767872265,0.5610580776042,0.4457682450872,0.4532518315106,0.3892765055402,1.0000000000000,0.3153663651733,0.1001232034325,0.3740576144740,0.5580837595993,0.5929821520298,0.5198151661679,0.6825683054765,0.1023432530123,-0.0047228467844,-0.0102575908745,0.5314119935612,0.5509646728674,0.4937960968757,0.2101426130491,0.4599576491681,0.4846932972232,0.3640506823614,0.4472860934282,0.1835044027841,0.0522513958081,-0.1072541526907,-0.1084793315604,0.2607322540981,-0.0377609191720,0.3960396509955,0.2324003464478,0.2262849895619,0.1981413777149,-0.0060987165647,0.0274500154808,-0.1686437193092,-0.1372860900943,0.1657431783388,0.2162118347297,0.1787157992384,0.2735301829044,0.3444218005677,0.2575900239591,0.5961866939975,0.4183934777266,0.0717335252853,0.3693059346198,0.1449227108977,0.2247987271962,-0.0641659376880,0.1530016380363,0.5891069633071,0.4702203374297,0.5881745087605,0.8346539461213,0.1977731035986,0.2349600765986,0.5399937032190,0.5057366219624,0.4121284050168,0.2047281043690,0.6434214328174,0.0128138871916,-0.0180003175580,0.5173510586073,0.4441259783667,0.4014765485107,-0.1929385274007,0.4095195024404,0.3598633537718,0.1434169803225,0.3398702191810,0.4227640612972,0.3101770699378,0.4300025666292,0.0992179353425,0.0876645511721,-0.0157900325635,0.1293653450385,0.1552675301800,0.1647840277107,-0.0882061091483,-0.1035683072578,-0.1028120470980,0.1055815967937
0.2754249186296,0.0440560390072,0.2953902361583,0.4792467017152,0.3906356838471,0.3673089391242,0.6152019400281,0.5604390479124,0.3734948716940,0.3967634184718,0.4455405453601,0.4591470091221,0.2974532555591,0.3608582008438,0.2708152473782,0.5631182806663,0.7365505417864,0.4708713618559,0.5776391917332,0.3153663651733,1.0000000000000,0.0929882456623,0.3336035984275,0.5727588181394,0.0603969305592,0.2991936675913,0.2402063404217,-0.1577763166956,-0.1787329892026,-0.0761446085912,0.6158856989180,0.1744616033332,0.3337364581564,-0.1823119743868,0.4921387853501,0.5243158688508,0.2718460029785,-0.2959674746825,0.0363385535129,-0.4226214901349,-0.1344672744291,0.1679429453160,0.2665933492712,-0.2665683320886,-0.1068347972708,0.0247083062219,0.0013401381551,0.0452170962532,0.0626009487668,0.4340249306598,0.1713304165527,-0.0743453709111,0.2751682654031,0.2595403730749,0.2189656741183,0.3209558873872,0.2372387566457,-0.0500567854365,0.2605201768947,0.1800793218426,0.3612912178500,0.1781677370689,0.3259341258371,0.2120238569983,0.2588956870988,-0.1074220654224,0.3747191163869,0.2843950424649,0.5302305401678,0.3725210591814,0.6646755437550,0.3819151091910,0.5045480964908,0.2882528608895,0.6717139178149,0.1477114161865,0.3155842447614,-0.2251712272420,-0.1377574133536,0.3936102994946,0.4068389206581,0.6290732951876,-0.2143899797338,0.0644851381507,-0.1592609343815,-0.0793989229462,0.2950469741513,0.3778597999062,0.2771031791851,-0.1271674386186,-0.0533490808720,-0.3276376794475,-0.2866567391835,0.0154486653407,0.2795523575813,0.0547526467651,-0.0704554568101,0.1752048650203,0.1524200479932,0.5996972136019
0.2651370867737,0.1992474287947,0.3105410677600,0.2464659855675,0.0692540552326,0.2027745356951,0.0974927598097,0.1443404375812,0.0792661831663,0.5774880257119,0.0614687705487,0.1260282703346,0.0495979332252,0.2532018456969,0.2042012083995,0.0043263410220,0.1269218305085,0.0735542727273,0.1195169574573,0.1001232034325,0.0929882456623,1.0000000000000,0.2956386687849,0.0907581576822,0.1115522686488,0.1681043110848,0.1726707462276,0.3270590334892,-0.0229502781311,0.0244170260907,0.0213267413900,0.1335085342517,0.1620621015146,0.2237523210418,-0.0440815984946,-0.0278321898315,0.0597645452972,0.0379435191181,-0.1255121019039,0.1006062311866,0.2814975940645,0.2884483167592,-0.0052450295107,0.0646490494612,0.1648678453469,0.6489674541095,0.5173432514082,-0.1403228171453,0.3774928670971,0.2585196222613,0.2427837262963,0.2877269897013,0.1757579541195,0.2848371000628,0.1698989777375,0.0247979300259,0.1900632248996,0.1597036234018,0.1200931348593,0.1170257372447,0.6432457018663,0.0386480979419,0.1156689688671,0.0044706192640,0.4066767611519,0.0089280963527,-0.0537898626643,0.1037361427389,0.1226295049841,0.0877591560359,0.0098980583295,0.5952613012557,0.1971463967239,0.1804120653254,0.1086332831790,-0.0368205904170,0.0752694592170,0.2281578176269,0.0877461998934,0.1400322369800,0.1279923252640,0.2073702309374,0.0600107224190,-0.0959515712910,0.1066642258979,0.3398142141537,0.0723706600377,-0.1008042679903,0.0010384971328,-0.0371036367053,-0.1345715910048,-0.0524358064791,-0.0141887986417,0.3802108190773,0.4882500708497,-0.0922250895651,0.2253643417881,0.2235314200244,0.3032858500331,0.3381144000379
0.2653970782599,-0.0748225912276,0.1785848867942,0.2373731238669,0.3640861468270,0.2451759813197,0.3994594489154,0.3092833012672,0.4216509724773,0.4182042796935,0.4853963053633,0.7194450194236,0.4110957050557,0.0769711569115,0.0633291131522,0.3141969052334,0.3862022750584,0.3726043786002,0.1060244494607,0.3740576144740,0.3336035984275,0.2956386687849,1.0000000000000,0.4192704610397,0.3224468469753,0.4285063526608,0.6221702106245,0.0023687335024,0.0873031065257,-0.1884455908609,0.3339295218074,0.5699068951118,0.5418272176363,0.1401985613742,0.2656349540143,0.1996918625135,0.2759803597194,0.0378582526910,0.0519041935041,0.0536771653112,0.0680148150257,0.0894589437684,0.0528562695980,-0.1748099663800,0.1178831194601,0.5307907134746,0.4616846462416,0.1457579170487,0.1844835025298,0.1582867923998,0.2845264653261,0.0925263531014,0.5528030673485,0.3199052476019,0.4757018140383,0.4357313009778,0.4055443999812,-0.0679636320588,0.4008122104287,0.3029629682941,0.3380286200585,0.5408348391075,0.5609927085239,0.3146653630419,0.1570756523946,0.1593897228636,0.2881051235248,0.4409193503015,0.3959809980618,0.4181955100495,0.4140081640391,0.7220644168539,0.4813876697693,0.4051906838820,0.3651167389922,0.0895906892529,0.5783011017709,-0.0081837244406,0.0161509091812,0.5234535238664,0.6364849422207,0.6297912662152,-0.0895095422428,0.2057599166872,0.1212326604971,0.2361895576099,0.2772643041634,0.3125351830127,0.4201147027076,0.0787333340723,0.0737195504873,0.0955416179514,-0.1330812523290,0.3043338993862,0.5937340573682,0.1305232311273,0.0031287392705,0.1404711941493,0.2645072884043,0.4272437885426
0.0443737796738,-0.1720048953953,0.1059631587710,0.3396004380334,0.2007105929467,0.2459217242789,0.5012765740208,0.4437770223348,0.6415500241370,0.2187651427474,0.5750634251324,0.3879369562015,0.4100356376953,0.1085000844298,0.1374941930688,0.5862439701111,0.7310472021218,0.7107647423541,0.3883860734814,0.5580837595993,0.5727588181394,0.0907581576822,0.4192704610397,1.0000000000000,0.3355556788369,0.3172148322964,0.6542065700195,-0.0205143136015,-0.1091171125722,-0.0820431685137,0.6148087149430,0.3003575684222,0.4084176085705,-0.0888824160592,0.6174857839785,0.4981244610000,0.6722302960187,0.1335057711547,0.3447484357563,-0.0558379787143,-0.0269353611545,0.0848326287062,0.3316610134131,-0.1651005868916,0.0702437444384,0.2397028953557,0.1046979253366,0.2508588884458,0.0448828777507,0.3006833651817,-0.0296543871081,-0.2386604880513,0.4167509648492,0.2224410143086,0.2760925009402,0.4491462687842,0.5135696106832,0.1186438738135,0.5986955583442,0.4486545478264,0.1886239785825,0.4797451207862,0.2729354642528,0.2810841304692,0.0544382145788,0.2095594504353,0.4393556352170,0.6560642106311,0.6512728937431,0.5672904004993,0.5196591036424,0.2878596468538,0.8426145235278,0.5532090592994,0.6001141886964,0.0008689181923,0.5762353311276,-0.0826682056645,0.0082907500901,0.6884738186670,0.3562726617710,0.4619197309112,-0.2418642608137,0.2974149250410,0.1336152781338,0.0454911248354,0.6047266209271,0.5830953021828,0.4977526604681,0.2256836944228,0.2934773728277,0.0458795913115,-0.1577411787229,0.1015102173463,0.2534051159887,0.2631835197620,-0.1339124780845,0.0165251209861,0.2285190742004,0.4658499781649
