1.0000000000000,0.4274119782218,0.4140311100588,0.4524022923904,0.6909994163136,0.3420952306376,0.4431763385903,0.1507351567874,0.2103968891446,0.3839938005195,0.3141707188447,0.3699164007901,0.2574259699443,0.5711934438350,0.3906670819122,0.2547629690180,0.2231227731289,0.3466169019961,0.1938920323304,0.1371210666948,0.2427323016268,0.2592041316470,0.3103407350043,0.3443756114205,-0.2621462380757,0.2714112646493,0.2393128420706,0.2217186461360,0.3082463581638,0.3860890251197,0.1759420931222,0.2089932185221,0.2616377513837,0.0476660405081,0.2756379612541,0.1570652047147,0.2268336659709,0.1426651494185,0.0486568762275,0.2675849437530,0.3990768208359,0.4152290348009,0.1007491795145,-0.0948698704606,0.0962586864939,0.1226343783573,0.3326585634757,0.1836888604205,0.5118886417929,0.1582780777127,0.6136954477934,0.3242571524881,0.3953333568077,0.2681721223084,0.3148458235824,0.4516135983564,-0.0340040259761,0.0489200147458,0.1538225258672,0.2092688793487,-0.0957870646227,0.1446437655800,0.0354971178937,-0.2639915767468,0.3440367015534,-0.2072657945060,0.2007457155742,0.1591928174406,0.1296447203602,0.1230893408054,0.0109553270766,0.0497491224533,0.1592139891844,0.1280935532911,-0.1414797352152,-0.2191071800443,0.2980765167860,-0.0758085135073,0.1219203746162,0.1046663907667,-0.1014836859628,-0.0065876244050,-0.0315060347700,-0.1486650695497,-0.1469585268452,-0.0070659262930,-0.0008351602342,0.0763169230059,-0.2131849310844,-0.0649450062979,0.0082515688085,0.0993047848132,0.0454660979687,0.1322061425398,-0.1923369279201,0.1175376481805,0.4030881157807,0.0027775929872,0.1216633273848,-0.0447168546628
0.4274119782218,1.0000000000000,0.4228270986190,0.3792938574318,0.2829945514964,0.0593408103799,0.2440727655899,0.0439892233965,0.0834464448362,0.3031108153285,0.2087406440343,0.2338957770974,0.1807565683939,0.6452596217912,0.3656575528174,0.1939007611403,0.1198958325562,0.2032835856746,0.1394171481334,0.0071705291265,0.1769300992526,0.3107788685791,0.2576631229540,0.2680636158938,-0.2306281833213,0.3254005173254,0.0492349265140,0.1543474644090,0.4615002027753,0.7348328501292,0.1252666680271,0.2059728161095,0.1594954832537,-0.0354012703365,0.1306161812608,0.1621608532025,0.1729409997769,0.1662722085082,0.0604599654051,0.0987521761492,0.3357758512576,0.2313312230988,0.0534276514811,0.3501168636660,0.1712385388398,-0.0246768047944,0.2719323767150,-0.0462000217402,0.4009201922913,0.1237654943886,0.1368375778272,0.7579189496846,0.1491487515699,0.0197972162579,0.0866959262032,0.1238544009922,-0.0913172496228,-0.0504645182465,0.2314258280641,0.0759985905611,-0.1447340703340,0.1179022211712,-0.0921589660373,-0.2849098457566,0.4402265144515,-0.0635063670145,0.0883281856961,0.0426211656416,0.1702926438122,-0.0291475931842,0.0947310180895,0.0835966446312,0.1176541626705,0.2352123783401,-0.0300697660772,0.2049428506862,0.1854933794296,-0.1443136801792,0.3543670996145,0.1345034214548,-0.0809005046665,-0.0440370445142,0.1355454429573,-0.1548140642552,0.1735385004351,-0.1272811632128,0.0306605905640,0.1302033740585,-0.1064594777307,0.2110849240828,0.0635641409277,-0.0923409672267,0.5135579018320,-0.0515320562850,-0.1998094715353,-0.0624280602692,0.4989307578536,-0.1660637104916,-0.0407071959503,-0.0604927725677
0.4140311100588,0.4228270986190,1.0000000000000,0.4476960443305,0.2294072904655,0.6167099691356,0.3219978579873,0.2490708129169,0.1912843587066,0.4187353200271,0.3786741725547,0.3956267510960,0.3943519050970,0.4858526300241,0.3757360437887,0.2536434906484,0.3715240638021,0.1443884127079,0.4090688232493,0.3140468232472,0.4968549488804,0.4575551181475,0.4010652210175,0.2901155468164,-0.2555779643945,0.4750824630809,0.1959901313622,0.2420525618301,0.3764636724941,0.3532471730032,0.3411972002737,0.5367332299379,0.4703575231569,0.4197565859655,0.2136672575815,0.3236845932329,0.3004039433545,0.1085349319703,0.0410932382368,0.3535056420235,0.4444539778198,0.3010660161312,0.4739097991518,0.0858269087139,0.3414750045387,0.3780719991152,0.5881369632513,0.2081031619743,0.4412527355094,0.2705502644811,0.0158783201698,0.4072261305784,-0.1726479912935,0.7284884341110,0.1647070368719,-0.0500538773048,-0.4710773218556,-0.2726366833322,-0.0998275234999,0.0183999864542,-0.1858257529000,-0.1805196052494,-0.2196401439779,-0.4704898449646,0.0862309636467,-0.0332571168798,-0.0016250681257,-0.3580417855101,0.3326004534630,-0.1452891736602,-0.0279105165633,-0.2057300685672,-0.0778492901598,-0.0098834402005,-0.1110112236872,-0.2708171408812,0.1657033791582,-0.2596425920519,0.0943089921793,-0.0245457369365,-0.3404805929711,-0.2967687801298,-0.1316870738218,-0.0977045619623,-0.1363714170485,-0.0818740966169,0.0697767708932,0.3200502421259,-0.2074462676539,-0.1328679492272,0.0708395180585,-0.1302028297378,0.1178678342096,0.0575112819684,-0.3452390644810,0.0559282191760,0.3267743286719,0.1135012821547,-0.2566297164288,-0.3970220958384
0.4524022923904,0.3792938574318,0.4476960443305,1.0000000000000,0.4274523134907,0.6137950171835,0.8629020471735,0.6444713395311,0.5546235645211,0.6210026755676,0.5455954125684,0.6753434208611,0.6927329690600,0.6684805554724,0.6323313961620,0.6893053765292,0.6976770340264,0.5879120964173,0.6687086134429,0.5554299519638,0.4926266068492,0.5595337981480,0.4874993507318,0.5423950840877,-0.3828723722102,0.4458196997828,0.2115602975044,0.2868120306747,0.4746712586926,0.3026964701666,0.6686129322851,0.5892664160799,0.6830896806887,0.4870516558966,0.4697374085069,0.4030032391487,0.3562859133532,0.3090210667384,0.1209780634247,0.5192934288097,0.7140503999969,0.6188672049534,0.5817633890471,0.1242010978022,0.5055868836243,0.3799356158506,0.6975523295175,0.2435831787199,0.5599429051099,0.4999986894401,0.1513212437522,0.0685672904983,0.2961117998710,0.3781769387597,0.2787452748249,0.6049442341640,-0.0880905324511,0.2002931121323,0.1352140783602,0.5135606364843,-0.2847469605619,-0.1700935358860,-0.2374337446421,-0.4346494712598,-0.0559754454641,-0.3180157094149,0.4082058470551,-0.1049835023182,0.5184347714742,-0.0772391153628,-0.2845929202819,-0.3855418886203,0.0869603380338,-0.1507643618383,-0.4559849117543,-0.4785838921295,0.0594163956442,-0.3484377168720,-0.0062777684594,-0.0414132767336,-0.5287447732191,-0.3423276682892,-0.2234112846495,-0.1233143588428,-0.3619584130596,-0.3653082033414,-0.0356644215608,0.2197943050867,-0.4851347896816,-0.2819201830992,0.0279116114440,-0.1653466842357,-0.0401375305759,-0.2437454531773,-0.5064488426119,0.0355591254377,0.4077038471746,0.1668570467144,-0.1339446029433,-0.4864149810323
0.6909994163136,0.2829945514964,0.2294072904655,0.4274523134907,1.0000000000000,0.4536477190771,0.5677135731486,0.0368766584482,0.1667003319669,0.4181908191648,0.3327773493759,0.3566149507377,0.1438350037159,0.3151742254756,0.3774866576992,0.2086547182261,0.0756755561143,0.3139186482967,0.0479118566748,0.0083659544164,0.1402314382538,0.1953802041119,0.2174183758902,0.3650448525639,-0.1894727023362,0.1378240055304,0.2085663758178,0.2823289366559,0.1336741888805,0.1706100338262,0.0714923992778,0.0397372062824,0.1147954687217,-0.1741222081668,0.3039942074738,0.1330376338349,0.1988651813684,0.1445565555076,0.0676613708412,0.0745385372828,0.2038891604035,0.3444872897748,-0.0838143579537,-0.1472621868763,-0.0606644427978,0.0034351354714,0.1467219438864,0.2759108035250,0.4304569730954,0.0403232911208,0.8005026788583,0.2678896634158,0.6722435169435,0.3634153739544,0.6808093670606,0.7197478218194,0.2280684264440,0.2276872127017,0.2702838388016,0.2270368448255,0.1804212688083,0.4131770309588,0.3107622695955,0.0174544456556,0.4287053446142,-0.1105100912468,0.2902633724055,0.4205795956554,0.0032714382784,0.2575717345122,0.0793258702367,0.2685110506640,0.3729787497067,0.2419812366768,-0.0298096077778,-0.0847014298935,0.3237723389318,0.1413836908559,0.0741122553241,0.2248266535513,0.1142576782587,0.1927919052314,0.0398932005241,-0.0868894398711,-0.0619275767415,0.0766560619423,0.0129633877201,0.0349086868231,-0.0770290885946,0.0148926243940,0.0190235190296,0.1959140835072,0.0762378790613,0.2741617953607,-0.0377771955381,0.2985058849519,0.3676413134280,0.1451581944317,0.3483834717439,0.1802818550489
0.3420952306376,0.0593408103799,0.6167099691356,0.6137950171835,0.4536477190771,1.0000000000000,0.6294964559355,0.5403097733185,0.4739459606569,0.6937673427102,0.6289055874837,0.6584254919881,0.6015103944824,0.4166640935068,0.4647911032621,0.4971416902140,0.5986012268921,0.4434220409021,0.5737697755546,0.5086752960686,0.4741160350406,0.5859902564430,0.4730619770065,0.4783303705316,-0.2136621491500,0.3762780584282,0.2994946361826,0.2882682852139,0.3610014134232,0.0540572394075,0.5447579854203,0.5404227057400,0.5724257713960,0.5045645955954,0.4547308360442,0.4553304474479,0.4294545677156,0.2130172064445,0.1322015547821,0.4540973067255,0.5976759553041,0.4807752825793,0.4699812918323,-0.0821752306129,0.3490109939579,0.4757196217852,0.5729641208236,0.5100326631111,0.5196876369213,0.3289299533368,0.2193065822800,-0.0635461857434,0.0540607533993,0.7880223237152,0.5686131030718,0.3688809466549,-0.1640786964988,0.1420252908748,0.0614828505574,0.3461688868350,-0.0165919192731,-0.0847796864732,-0.0733847118847,-0.2346734900011,-0.1633655466832,-0.2524428400342,0.2569455372572,-0.1627285786038,0.4419163074990,-0.0288569217469,-0.1885958760762,-0.2600902683886,0.1363057189750,-0.0762167283357,-0.3431268022445,-0.4960855338311,0.1079998830429,-0.2347251365425,0.0003644490704,-0.0680683238861,-0.4306242226698,-0.3130796058426,-0.2813479820016,-0.1494419312868,-0.3631130075972,-0.1961570525998,0.1546845908933,0.3215388339261,-0.4092605141573,-0.2897126210517,0.1089373857921,-0.0738910535209,-0.2038324690944,-0.0072678386152,-0.3968472859667,0.2749340408866,0.3294620273113,0.3593822165014,-0.1181124755312,-0.4655215045758
0.4431763385903,0.2440727655899,0.3219978579873,0.8629020471735,0.5677135731486,0.6294964559355,1.0000000000000,0.5787308425643,0.5302864556128,0.5969899986087,0.5218061297045,0.6724264848244,0.6746789103603,0.4839051068742,0.5636071733022,0.6430255934649,0.6330476284880,0.6309151800378,0.5737729585064,0.5155917654714,0.4151234576522,0.4858585591802,0.4602005853012,0.5949564632967,-0.3778198124145,0.4443018688567,0.2922685762021,0.3025486800912,0.3817432949576,0.2243296013688,0.6276758951400,0.5208688387888,0.6446322430531,0.3521879156623,0.5772099418172,0.3708426456523,0.4928448372569,0.3627134987121,0.2249572797382,0.4958465446478,0.6364287085671,0.6197909938244,0.4963000937941,0.0481547592821,0.4456177508965,0.3022655998506,0.6161840626760,0.3193393714988,0.5603838413790,0.4527419352516,0.2606023835426,-0.0486252536716,0.3824572680285,0.3374266013947,0.4398168045668,0.7679545369556,0.0866384625278,0.2954684125987,0.1874663223392,0.5447128944953,-0.2216190888522,-0.0256689193062,-0.0729609320442,-0.2658835860166,-0.0306216454090,-0.2696060317823,0.4841047882532,0.1254377837905,0.4222315306810,0.0711976082396,-0.2976196196013,-0.2782192462609,0.2125596928783,-0.0430936229680,-0.4147943726436,-0.4447221822194,0.2177214076566,-0.2823554464711,-0.0680462648983,0.0655620795573,-0.3783442495262,-0.1708216464140,-0.1940595882461,-0.0389304924897,-0.2676520800187,-0.2788658563426,0.0923117017252,0.2973150973748,-0.3793592736159,-0.2000088440049,0.1418100345610,-0.0251867226220,-0.0262548914097,-0.1344571861027,-0.4081330104430,0.1853148570650,0.3505972882172,0.1605919981733,0.0079366131333,-0.3117378202356
0.1507351567874,0.0439892233965,0.2490708129169,0.6444713395311,0.0368766584482,0.5403097733185,0.5787308425643,1.0000000000000,0.8433574097843,0.4879575946112,0.5997140528670,0.7050011964156,0.8413280141027,0.4245568962983,0.2311384678466,0.7670666177154,0.8834446946016,0.7359300629170,0.8357449455658,0.7410970480907,0.4989479999334,0.5873772708675,0.5387216490758,0.5694154136287,-0.2041187780607,0.3664746639344,0.1558170151539,0.2129433858507,0.5625616279781,0.0752479258220,0.7861212675490,0.5890211793042,0.7007637772321,0.6552468582845,0.4135823143153,0.5143497199593,0.3279192229566,0.2962619347153,0.0320759563331,0.5109788736319,0.7490301470699,0.5438239975747,0.5507809373551,0.1135025412877,0.5830730064834,0.5116398415010,0.6226209391448,0.1622327098557,0.3368361512480,0.4039910968757,-0.1783075674716,-0.2705644878159,-0.1514787486022,0.2339844593819,-0.0104114998615,0.2574960583324,0.0455900416412,0.4608167378151,0.2583150415330,0.7289254312250,-0.3806531741594,-0.4000666184674,-0.2868498807481,-0.2275986115367,-0.4455656245637,-0.5826599667311,0.3902446429197,-0.2065927397199,0.7049607006707,-0.1003351327948,-0.3843510050561,-0.5838994933975,0.0966973713572,-0.2375976533077,-0.5926156841865,-0.5648988000934,-0.2259086080571,-0.4171716857197,0.1185524836287,-0.2168065052733,-0.7564765277618,-0.5748576279127,-0.3184416380166,-0.3402313828885,-0.5289248899478,-0.5674772484548,0.0044542514922,0.1431432030282,-0.7424400739422,-0.4657408982220,-0.0920664713917,-0.3515938928779,-0.2947826522452,-0.4128704039024,-0.5039865874810,-0.1050800451154,0.2543899162711,0.2685939246252,-0.2972765169400,-0.7060575254902
0.2103968891446,0.0834464448362,0.1912843587066,0.5546235645211,0.1667003319669,0.4739459606569,0.5302864556128,0.8433574097843,1.0000000000000,0.4654564293748,0.6242811742503,0.6496817854168,0.6782284914408,0.3844851423861,0.2592320387481,0.7193747400840,0.7338994712997,0.7245011167977,0.7692756638758,0.7199550901267,0.4914295582163,0.5460586651789,0.5438315105067,0.6909821918890,0.0356890681223,0.3869942210668,0.3181067176325,0.2904061953128,0.4897688224140,0.1270135551372,0.6535719393724,0.4715010518243,0.5683101974755,0.5009489247496,0.4415591277217,0.6194600896890,0.3538627562765,0.3328734771785,0.0527155125086,0.4846890360557,0.6571887295202,0.4872629644275,0.4105775472882,0.0703058795709,0.4542797672788,0.3949551095042,0.4840126756296,0.2274354620758,0.3480952241666,0.3046819107363,-0.0409923604726,-0.2156932955575,-0.0436684275747,0.2025752619688,0.1111946866516,0.2882372769252,0.2151971004381,0.5453040545541,0.4579003393054,0.8867558805375,-0.2616050461280,-0.1290987688552,-0.1978189020874,-0.1647715882411,-0.3260815212072,-0.5016834888996,0.4950190961680,0.0064264714492,0.7651440311485,0.2597335261945,-0.2319896264036,-0.3335201866983,0.4361034252324,0.0668567721019,-0.4598523269027,-0.4239405767110,-0.0724481223110,-0.2613946758202,0.0937013695245,-0.0593897926388,-0.5872479946375,-0.4050981759999,-0.3181803179380,-0.3486244295886,-0.4365164826149,-0.5387499885667,0.0985204698997,0.1835506445394,-0.6428839598008,-0.2489685939306,-0.0613263886461,-0.2369651308295,-0.2005055280643,-0.2890883044421,-0.4936766823570,0.0465765321400,0.2600904209255,0.1671081405309,-0.2384723153845,-0.5443025649740
0.3839938005195,0.3031108153285,0.4187353200271,0.6210026755676,0.4181908191648,0.6937673427102,0.5969899986087,0.4879575946112,0.4654564293748,1.0000000000000,0.7190354809716,0.8299686871501,0.6336835045373,0.5374326736174,0.5602857647269,0.4871965092789,0.5794330549775,0.4910793669197,0.4957671559521,0.4354974566163,0.5727201489626,0.7534424113067,0.5998694067626,0.4816310184810,-0.2371126103288,0.3960803937256,0.3091511685994,0.2852382416829,0.3806233360873,0.2824736124148,0.4982643840147,0.5002546977416,0.5783683146560,0.3503121071021,0.3691991466577,0.3838475775129,0.4476550931776,0.1883863517299,0.0499594641547,0.4015469366778,0.6599000637016,0.6219269004711,0.3642469918277,-0.0106923885060,0.2828763580803,0.4708127576625,0.6047012507307,0.2616850303857,0.4948492394515,0.3515219906836,0.2451667705586,0.0080546084488,0.1436103109314,0.4978228376859,0.4358323980805,0.4261558770777,-0.0093109668198,0.2653673155399,0.2507861460088,0.4221275263148,0.1688266737415,0.1441390051437,0.0909603496698,-0.1967688744988,-0.0312446270043,-0.3104262901843,0.2493261437969,0.0004634469802,0.4178636661892,0.0855576186447,0.0159952222332,-0.0409050338891,0.2165521587625,0.1797003307751,-0.2313778426817,-0.3236622107628,0.2517056579977,-0.2785145349525,-0.0033166356490,0.0342331338456,-0.3348692590383,-0.1176971296432,-0.1954564508270,-0.1764020661504,-0.2142385662741,-0.1685938658995,0.1938909300143,0.2669703442585,-0.3873552176766,-0.1504158170598,0.0421471884017,-0.1106203577897,0.0120276943759,0.0378524546506,-0.2875214487357,0.0922473769939,0.3050573763107,0.3617933921185,0.1144683720813,-0.2968877312617
0.3141707188447,0.2087406440343,0.3786741725547,0.5455954125684,0.3327773493759,0.6289055874837,0.5218061297045,0.5997140528670,0.6242811742503,0.7190354809716,1.0000000000000,0.8256078004131,0.6230932052769,0.3849545805923,0.4112071418605,0.5242954259331,0.5949538595950,0.6118729221036,0.5232466680651,0.5160555152731,0.4981275285601,0.6467279577748,0.7134592369912,0.5822035523084,-0.1106962548611,0.4574878415239,0.4344018132102,0.2736055559644,0.5071648726614,0.1454322401076,0.5015194340263,0.4960878989733,0.4832710761120,0.4439544631269,0.4392833994366,0.4468217640015,0.5244370347474,0.3550782078539,0.2099895190212,0.4832723798708,0.6275637022187,0.5350955602956,0.4112730030438,0.0958379405613,0.4185748227987,0.4409625888906,0.4838431981956,0.3869281594458,0.4279293301517,0.3571404984694,0.1533931655925,-0.0346100612653,0.0060289862200,0.4903580049013,0.3238618207741,0.3108967069743,0.0788251721603,0.3196940178023,0.2814262759256,0.5058270507387,0.0096603841177,0.2060469926588,0.1074993365930,-0.1068419003041,-0.2044519094879,-0.3399941954025,0.2068166917009,-0.0732677143068,0.5110201936494,0.0819741322210,-0.1055111252453,-0.0473777212301,0.3453563977824,0.1331913008639,-0.3502465046911,-0.3298388716774,0.1520595119033,-0.2539653524024,0.2128818238787,-0.0427460678282,-0.4101509377474,-0.2637684159357,-0.2465652416657,-0.2317894718226,-0.2956886961034,-0.3117723432833,0.2721950875216,0.3261257687882,-0.4616055859291,-0.1531319376378,0.1396310668494,-0.0429803964871,-0.0306775670238,-0.0962522382755,-0.3488238385306,0.1872173540520,0.3457975378067,0.2596394641962,-0.0501125046035,-0.3965330101534
0.3699164007901,0.2338957770974,0.3956267510960,0.6753434208611,0.3566149507377,0.6584254919881,0.6724264848244,0.7050011964156,0.6496817854168,0.8299686871501,0.8256078004131,1.0000000000000,0.8434199258013,0.5136024287096,0.4686257721583,0.6521640567127,0.7745270990097,0.6868131807996,0.6271295002968,0.5935729628941,0.6443783743603,0.7447755101063,0.7938050792275,0.5953926257930,-0.2768629590912,0.4767403242631,0.3903984734993,0.3018456193946,0.4998397809123,0.2313925662136,0.6549460162264,0.6128091249967,0.6936388311349,0.4947665585060,0.4531439967694,0.4543535761330,0.5166467826905,0.2782168358368,0.0807495273798,0.5203509511766,0.7281945676959,0.6232026491810,0.4752952197101,0.0131289785482,0.4174148823942,0.5203887932079,0.6944787472960,0.2583347811232,0.4741478304104,0.3987799512445,0.0808047887027,-0.1356648851807,0.0426109539427,0.4266806955424,0.2534587361268,0.3947235739855,0.0629338249699,0.3327849257100,0.2636602109422,0.5836165098939,-0.1553000974647,0.0380277819163,0.1067963486609,-0.1441360024041,-0.2065168039719,-0.4530160790475,0.3172038207218,-0.0259670965062,0.5465825502050,0.0757239706194,-0.1182132121480,-0.1620442993754,0.2168213885618,0.0800269623810,-0.3947586539684,-0.4245719376353,0.1980555570292,-0.3745209765839,0.0776312484693,-0.0268753874426,-0.4871766851411,-0.2270249754725,-0.3408093283691,-0.2593903399790,-0.3446545800839,-0.3201470171468,0.1839907282209,0.2638420887679,-0.5663459895714,-0.2870301342341,0.0160581028709,-0.1610099086245,-0.0832269628114,-0.1094322682458,-0.3386069327312,0.0588961394512,0.3120361394445,0.2697076213258,-0.0582107245328,-0.4577367856908
0.2574259699443,0.1807565683939,0.3943519050970,0.6927329690600,0.1438350037159,0.6015103944824,0.6746789103603,0.8413280141027,0.6782284914408,0.6336835045373,0.6230932052769,0.8434199258013,1.0000000000000,0.5020142220269,0.3868234067359,0.7264216551734,0.9036636698162,0.6935783500575,0.7700275377748,0.6903572806947,0.6210802529483,0.6679474217664,0.6501199402160,0.6273390109661,-0.3302307420556,0.4854283229099,0.2913318869395,0.2374769321051,0.5490638068989,0.2217456894233,0.7759844411416,0.7013544882790,0.8140532358540,0.6082655958740,0.4594992897769,0.4977041769694,0.4987688307031,0.2924590699443,0.0749453984826,0.5619213869293,0.7809487199612,0.6019037010471,0.5938929573265,0.0658092022551,0.5537866243311,0.5281752594021,0.7778173228455,0.1804844751114,0.4662346924466,0.4668065346748,-0.1339713471173,-0.1975482523257,-0.1001469190704,0.3083762401838,0.0700845634974,0.2907135349919,-0.0290787096678,0.2938948360509,0.1672838246604,0.5985811951944,-0.3996308815406,-0.2715433604240,-0.1251642635049,-0.1552869719778,-0.3388052782881,-0.4869525482113,0.3437369764411,-0.1435097429783,0.6274863604759,-0.0878606600294,-0.2999624769724,-0.4838291332875,0.1035404382085,-0.1374816368222,-0.5229163025914,-0.5836935958503,0.0366862105018,-0.5040061716674,0.0311112967293,-0.1229989148107,-0.6620209525602,-0.4208533696006,-0.3800307119882,-0.2914648402598,-0.4295806708803,-0.4944875624569,0.1072569505349,0.2474204038180,-0.6597805066505,-0.4215199964056,-0.0182007231147,-0.3054920833833,-0.1918308688574,-0.3174770693911,-0.4695537781802,-0.0524551268216,0.2645725611185,0.2239961235645,-0.2469064519076,-0.6276050638684
0.5711934438350,0.6452596217912,0.4858526300241,0.6684805554724,0.3151742254756,0.4166640935068,0.4839051068742,0.4245568962983,0.3844851423861,0.5374326736174,0.3849545805923,0.5136024287096,0.5020142220269,1.0000000000000,0.5472974799607,0.5226731529837,0.5140910711547,0.4054602737449,0.5162382315705,0.3980251524255,0.4632960636574,0.5262149697645,0.4148764289656,0.4281961321202,-0.2503502454003,0.4070559114466,0.1833401584701,0.3100552777072,0.6539517979708,0.7034359398469,0.5070124254795,0.5264964372475,0.5585263370574,0.3493153174970,0.2914209714809,0.3660776183013,0.2457120323438,0.1806218942850,-0.0176069368706,0.3463937975890,0.6770268210484,0.5145154556380,0.3793823339955,0.1963687346383,0.3562380718178,0.2670357365689,0.6126784085508,0.0562118276362,0.6541240018482,0.3053101196032,0.1557727686687,0.3047880246248,0.0775982781396,0.2238019812399,0.1091356974947,0.2678476353560,-0.1820104185151,0.0632831918796,0.1537776376509,0.3316287068045,-0.2885788391396,-0.1552001215347,-0.2783555223866,-0.4563726574004,0.1663232552928,-0.3275424221189,0.2640388540403,-0.1315615581212,0.4239116243194,-0.0522107694454,-0.0659982553247,-0.2374704804354,0.0659143943165,0.0213635164246,-0.2823030484136,-0.2587997018910,0.0824687532338,-0.2598100810816,0.2484579061456,0.0144141240773,-0.3778560091989,-0.2670429314251,-0.1723965406891,-0.2566949639854,-0.2106410440693,-0.2920057691407,-0.0629669935371,0.1403176393122,-0.4486098074557,-0.1427487465057,-0.0862321276322,-0.2453715843291,0.1024059473189,-0.1643036835358,-0.4447528372859,-0.1177931363043,0.5825508515288,0.0115008060470,-0.2048484893098,-0.4242609188164
0.3906670819122,0.3656575528174,0.3757360437887,0.6323313961620,0.3774866576992,0.4647911032621,0.5636071733022,0.2311384678466,0.2592320387481,0.5602857647269,0.4112071418605,0.4686257721583,0.3868234067359,0.5472974799607,1.0000000000000,0.3211189815706,0.3150253397491,0.3610163028348,0.3020122060908,0.4031672035060,0.3091475151980,0.3705161224521,0.3159571802741,0.4032977496205,-0.1789003635792,0.4423075752934,0.4241116392277,0.4187010001971,0.2499218174653,0.4556993497789,0.3442224037855,0.4437967112325,0.4836157066337,0.2815950467196,0.4753288404584,0.2848123925249,0.4588463959333,0.4783366409712,0.5077448929908,0.5417492434747,0.5151668712710,0.5634138380589,0.5401090531571,0.1893160221175,0.4170435520061,0.2335272365207,0.5018490800917,0.5519270840289,0.6503596298325,0.6694767789081,0.2201844573863,0.0809939874019,0.1844622777580,0.3283835636846,0.4537066099962,0.4159944110069,-0.0689595777647,0.0722366004513,0.0364757103494,0.2843247278836,-0.1045819717359,0.1472181457731,-0.1203575628185,-0.3567309918973,0.0400508971798,0.1867681816506,0.1048018780165,-0.0015685410576,0.1716654299931,0.0874905132107,-0.2726291399980,-0.1445324388518,0.1070425845128,0.0715353032379,-0.3502910456528,-0.3870239032046,0.3423939113466,-0.0293186993036,-0.0797071641241,0.0096900085483,-0.2193239260108,-0.0969428049903,-0.0326473193849,0.0583242929335,-0.0842359921187,-0.1337784993893,0.0893494530067,0.3881894061735,-0.1086591423957,0.0923135892571,0.4178364896383,0.2545317542132,0.1379064524655,0.0332319084265,-0.4411365126026,0.4577237158349,0.3770715035893,0.0387203951770,-0.1073376773711,-0.2596717164604
0.2547629690180,0.1939007611403,0.2536434906484,0.6893053765292,0.2086547182261,0.4971416902140,0.6430255934649,0.7670666177154,0.7193747400840,0.4871965092789,0.5242954259331,0.6521640567127,0.7264216551734,0.5226731529837,0.3211189815706,1.0000000000000,0.8402379199493,0.8051369711903,0.8232476628817,0.7389977861927,0.6453006135354,0.6000407070023,0.5814436122362,0.7053557381343,-0.2652954809924,0.4393151569750,0.1878856516035,0.2704347618621,0.5922528535261,0.2553641662440,0.9054319787164,0.6878772643274,0.7623986646121,0.5319361200959,0.6259959338795,0.7542738251230,0.3728830933718,0.3325489983004,0.0218036250250,0.4370041954231,0.6758095683036,0.5183650339104,0.5207559658092,0.0110044238528,0.4945336250109,0.3833449280271,0.6245570616366,0.1788650561615,0.4550525463206,0.2930079083576,-0.0725754314892,-0.1084748611362,0.0674611835941,0.2233037259304,0.0929580644608,0.3315018975521,-0.0015679577741,0.2875939471067,0.4509172791952,0.6361384480857,-0.4008370690911,-0.3334717141316,-0.2938098361919,-0.2981800595125,-0.1757595523282,-0.4448126862260,0.7373448581826,0.0549116285952,0.7388391319255,0.0760562670558,-0.2125047664226,-0.4080421250783,0.2382089126796,-0.1507641115073,-0.3854815847619,-0.4472733650301,-0.0437346706566,-0.3663633920858,0.1374105929957,0.1950383942935,-0.4724306043282,-0.3183706621079,-0.3192517709255,-0.2384085904981,-0.3064643001043,-0.3746685910511,0.0570002038893,0.2693344060670,-0.6789280036261,-0.3263672097624,-0.0879763655252,-0.3243398025891,-0.2011903216811,-0.2798363678107,-0.4705705503336,-0.0008466763215,0.3691062955613,0.1291303861952,-0.2669270521055,-0.5919998811418
0.2231227731289,0.1198958325562,0.3715240638021,0.6976770340264,0.0756755561143,0.5986012268921,0.6330476284880,0.8834446946016,0.7338994712997,0.5794330549775,0.5949538595950,0.7745270990097,0.9036636698162,0.5140910711547,0.3150253397491,0.8402379199493,1.0000000000000,0.7580753443760,0.8724030389497,0.7416156845198,0.7118725612912,0.6486219103798,0.6575649843067,0.6451020704649,-0.3220899355139,0.4619768879918,0.2541111630135,0.1891357081618,0.5660702176374,0.1568539795666,0.8973524688936,0.7135983882610,0.8507756161601,0.6558661572721,0.4603005511539,0.5907940325267,0.4111907039759,0.2370764967323,-0.0098720642884,0.5332882249064,0.7655385789263,0.5437157925944,0.6197658387756,-0.0137424183442,0.5234780370930,0.4952354002682,0.7447277561272,0.1494804174679,0.4266274467829,0.3892470456557,-0.1943794769278,-0.2088589651088,-0.1054859772601,0.3011450727497,-0.0024431056320,0.2339674748163,-0.0905337978685,0.2853843149365,0.2407733843842,0.6126688963333,-0.4300730557169,-0.4006247613553,-0.2641609823264,-0.2963099148642,-0.3436859692761,-0.5238750034765,0.4943345959350,-0.1256060718581,0.7556853858227,-0.0359261108161,-0.2237514564830,-0.5254633968276,0.0871425592315,-0.2076150111232,-0.4680960361273,-0.5993006220511,-0.0466312982168,-0.5259814589882,0.0272187759223,-0.0239297266808,-0.6758946523904,-0.4613663928828,-0.4178700293851,-0.2938082062391,-0.4784119949872,-0.4716660300889,0.0513267117785,0.2333619533336,-0.7070685972349,-0.4687895372419,-0.0891073256199,-0.3948910707836,-0.2921970600768,-0.3722693007379,-0.5272792755055,-0.1066862026512,0.2607129866323,0.1993722741063,-0.3480386608369,-0.7156371472264
0.3466169019961,0.2032835856746,0.1443884127079,0.5879120964173,0.3139186482967,0.4434220409021,0.6309151800378,0.7359300629170,0.7245011167977,0.4910793669197,0.6118729221036,0.6868131807996,0.6935783500575,0.4054602737449,0.3610163028348,0.8051369711903,0.7580753443760,1.0000000000000,0.6472618181228,0.6540281083176,0.4945845258544,0.5732466955907,0.6611485315347,0.7406148542409,-0.1901097633233,0.4360110084928,0.3825964458317,0.3509825278483,0.5308959141485,0.2180687958452,0.7325570223335,0.5026451280028,0.6448628559681,0.4154689029632,0.5688725410877,0.5544525732957,0.4689898678801,0.4511285378123,0.1600348886816,0.5466096510881,0.6715338833651,0.5771866035737,0.3831985269377,0.0334168107437,0.4523727799685,0.4112439863200,0.5184157690036,0.2675831228688,0.4539588453864,0.3835951295778,0.0406117047919,-0.1364423717746,0.1166350680905,0.1578795435589,0.1615626081516,0.4136047096960,0.2293081587617,0.4634501376410,0.4695451159255,0.7168185914463,-0.3231008112326,-0.1166072620607,-0.1410095607286,-0.1774740013437,-0.2284511995631,-0.4878565369315,0.5471821190943,0.2044255946992,0.6110131935441,0.1936750561385,-0.2768450824362,-0.2498401214817,0.3563781654915,-0.0321943850013,-0.4773851117950,-0.4460668365604,0.1178239840441,-0.2253595778971,0.1656958468249,0.1009200656821,-0.4365962252156,-0.2519474314449,-0.2475013550725,-0.2883704368474,-0.3197763165343,-0.3607646084295,0.1500126883873,0.2004091942552,-0.6399140405400,-0.2502817789694,0.0254894602563,-0.1009519892243,-0.1614887368694,-0.1167540464766,-0.3978211654288,0.0936298862901,0.3459110501064,0.1215755788835,-0.1754658346228,-0.4820742409447
0.1938920323304,0.1394171481334,0.4090688232493,0.6687086134429,0.0479118566748,0.5737697755546,0.5737729585064,0.8357449455658,0.7692756638758,0.4957671559521,0.5232466680651,0.6271295002968,0.7700275377748,0.5162382315705,0.3020122060908,0.8232476628817,0.8724030389497,0.6472618181228,1.0000000000000,0.7725096226193,0.6723434992435,0.6074384157483,0.5439849805877,0.6811366441384,-0.2928801251377,0.4838164127936,0.2274855608206,0.1545817242412,0.5788084999641,0.2042215948936,0.8460422325255,0.7154171385118,0.7791979685323,0.6391956294444,0.4611790150630,0.6941278060006,0.3929683248727,0.2585214470305,-0.0171206886685,0.4696469937175,0.7162354629067,0.4936107162805,0.6402562347450,-0.0201669576188,0.5334686249842,0.4555830736840,0.7068980101513,0.1379623019162,0.4320556550372,0.3336831510633,-0.2097381224104,-0.1596509788861,-0.1589564347620,0.3023843677904,0.0015495503228,0.1506700646066,-0.1490643074468,0.2434648817120,0.3327076182507,0.6223942248688,-0.3787122936448,-0.4323133353575,-0.3875379699207,-0.4085283694492,-0.2802745230238,-0.4412446964478,0.5696807870588,-0.1910024261258,0.8892235467579,0.0614776152760,-0.1914320125795,-0.5289573743315,0.1820828030754,-0.1863191298870,-0.3885302638719,-0.5208445145837,-0.0622689828892,-0.5081452606547,0.0540575984310,0.0298668518728,-0.6404713762706,-0.5047936659898,-0.3483517428326,-0.2494610544430,-0.4470508477287,-0.4608859849236,0.1086407227352,0.3185381786256,-0.6413708244340,-0.4076468099842,-0.0681404285085,-0.4130189926970,-0.2696720741563,-0.3559594678417,-0.5585791538404,-0.0764288400410,0.2852301305494,0.2231358862029,-0.3546828038206,-0.6848296161897
0.1371210666948,0.0071705291265,0.3140468232472,0.5554299519638,0.0083659544164,0.5086752960686,0.5155917654714,0.7410970480907,0.7199550901267,0.4354974566163,0.5160555152731,0.5935729628941,0.6903572806947,0.3980251524255,0.4031672035060,0.7389977861927,0.7416156845198,0.6540281083176,0.7725096226193,1.0000000000000,0.5746336236751,0.5645908834684,0.5744028752387,0.6161518280490,0.0254971186205,0.6108889086753,0.4789852786957,0.3262159388119,0.5032832963037,0.2163436927138,0.8000362198255,0.7717706526506,0.8210042123767,0.6958463014611,0.4798016397388,0.6245990542532,0.4361665307997,0.5335628063751,0.1345894405027,0.6066817815129,0.7030060910276,0.5714274024293,0.7278014790091,0.1639181383331,0.7360295685593,0.5873426891041,0.7152001489019,0.2457857577986,0.4362944033998,0.5179211204885,-0.2229893670854,-0.3056701115422,-0.2406010164066,0.3117611290442,0.0064709269471,0.1296838460229,-0.0598950061337,0.2027323306630,0.1489304337529,0.6070705632246,-0.4222956772558,-0.3245453268606,-0.3807398814586,-0.4022173164719,-0.4336892962681,-0.3636092737719,0.4290420180415,-0.1443838095556,0.6452571704798,0.1860963686375,-0.4196484413033,-0.4411331349536,0.1046019129961,-0.0415234062944,-0.5046393037491,-0.5227621329854,0.1234478312152,-0.3259604173340,0.0051045816687,0.0149064243417,-0.5126393752504,-0.3092965161985,-0.3348210373823,-0.1343364298714,-0.2683815945410,-0.3387114171772,0.0350745115069,0.3189726466285,-0.5727479809263,-0.1745153558481,-0.0060693326248,-0.2025661192315,-0.1766356342419,-0.1465997084089,-0.4824673849190,0.0506782721422,0.2271745746721,0.0990479998868,-0.3943410078154,-0.6568076234211
0.2427323016268,0.1769300992526,0.4968549488804,0.4926266068492,0.1402314382538,0.4741160350406,0.4151234576522,0.4989479999334,0.4914295582163,0.5727201489626,0.4981275285601,0.6443783743603,0.6210802529483,0.4632960636574,0.3091475151980,0.6453006135354,0.7118725612912,0.4945845258544,0.6723434992435,0.5746336236751,1.0000000000000,0.5969303465996,0.7210169208034,0.5911180908538,-0.2052325215938,0.5863715100585,0.3662710670604,0.1408217442524,0.4061735548972,0.2220098679820,0.6750559044754,0.7026698394682,0.7605403397627,0.4862684145808,0.3032227912583,0.6025476862842,0.3787491029755,0.1110885623067,-0.1848289054586,0.3956552436893,0.5187578836382,0.4210806657863,0.5391073411643,-0.0675568806518,0.3262049657722,0.4839446852761,0.7094990818406,-0.0105850638611,0.3604788454050,0.2366217765549,-0.1347037053656,-0.0252491692130,-0.0828375242950,0.4131740675812,-0.0010183155140,0.0466449313471,-0.1678702543726,0.0189063731808,0.2795312066409,0.3719917925075,-0.2726397061571,-0.1997728573875,-0.2033662162775,-0.3808899999529,-0.0062787224837,-0.2339068709977,0.4532990018650,-0.0652031809587,0.6775877174367,0.1857539903525,0.1879609091100,-0.1567860306734,0.1776002615360,0.1411371134729,-0.0198433631447,-0.3203140911895,0.2505839533341,-0.4242372103735,-0.0409588825137,0.2798519658896,-0.3188844943081,-0.0913073807379,-0.3492940457531,-0.2400419905114,-0.2375102096070,-0.1411205705931,0.0991805038621,0.2976522168721,-0.3997952036615,-0.2613411566576,-0.1844288674941,-0.3258865772349,-0.0410146834589,-0.0518416886498,-0.2410073384335,-0.1455697416688,0.1595007240335,0.1068482064856,-0.1920165197551,-0.4194054295476
0.2592041316470,0.3107788685791,0.4575551181475,0.5595337981480,0.1953802041119,0.5859902564430,0.4858585591802,0.5873772708675,0.5460586651789,0.7534424113067,0.6467279577748,0.7447755101063,0.6679474217664,0.5262149697645,0.3705161224521,0.6000407070023,0.6486219103798,0.5732466955907,0.6074384157483,0.5645908834684,0.5969303465996,1.0000000000000,0.6710843072435,0.5401421564387,-0.1646012872391,0.5046722594492,0.3191292184793,0.4683773010080,0.5952074836780,0.3465110458337,0.5821438106036,0.6218764565357,0.6365595867732,0.5587275748758,0.3757789851130,0.5156165347524,0.4365823755013,0.2935408907786,-0.0018127125775,0.5342031596568,0.7350500701999,0.5515877322437,0.4132288218990,0.1638199098838,0.4396191892707,0.7117259681051,0.6916028574946,0.1657835475512,0.5262548861225,0.2974508696938,-0.0579215517817,-0.0010224663822,-0.1193986753169,0.4131561946582,0.1789731951339,0.1724258321861,-0.1469179718351,0.1089024479260,0.1987409565948,0.4289389045020,-0.1071380390673,-0.1321614804610,-0.1394292667018,-0.3182970392757,-0.1877758144137,-0.4175375737592,0.2568325643983,-0.1670529396810,0.5690160377830,-0.0211416636824,-0.1152348977892,-0.1384304544422,0.1709391026770,0.0810353858563,-0.3583567153368,-0.3233570237746,0.1201729423323,-0.1964558411683,0.2047742438821,-0.0604645568024,-0.4585984738909,-0.3264304987261,-0.1781944100301,-0.3443475439862,-0.2659068126462,-0.2759175610523,0.1830854302278,0.2329585893454,-0.5811792166020,-0.1755257755021,-0.0492909732262,-0.1470880099012,0.0461563009321,0.0575633465409,-0.3463968747143,-0.0356558172717,0.3901849744177,0.4294986048900,-0.1794066816233,-0.5346670204712
0.3103407350043,0.2576631229540,0.4010652210175,0.4874993507318,0.2174183758902,0.4730619770065,0.4602005853012,0.5387216490758,0.5438315105067,0.5998694067626,0.7134592369912,0.7938050792275,0.6501199402160,0.4148764289656,0.3159571802741,0.5814436122362,0.6575649843067,0.6611485315347,0.5439849805877,0.5744028752387,0.7210169208034,0.6710843072435,1.0000000000000,0.6095292165419,-0.1213098239493,0.6379677076344,0.5581983990493,0.2345480431792,0.4846305269598,0.2413894225860,0.5623367592065,0.6573599947437,0.6368308936320,0.4682864111634,0.3448646159792,0.5047105421339,0.4904386558637,0.2492229903329,-0.0404152107105,0.4785383596821,0.5713082066017,0.4499636525742,0.3889600394468,0.0093070072285,0.3523219409135,0.5430122486476,0.6418097177568,0.1248412794487,0.3717523076561,0.2453784177647,-0.0680663779349,-0.0391357493356,-0.1097983389163,0.3615848493367,0.0575797965469,0.1249776839512,0.0451873389696,0.1701760599706,0.2888207229963,0.4567436968162,-0.2621824648549,0.0331078496793,0.0448430297854,-0.1976193967157,-0.1699070755335,-0.3891110963838,0.2893906994905,-0.0044080484632,0.5707144171428,0.1920635260348,0.0282339846020,0.0487424205417,0.2679213454796,0.2247784486537,-0.2334460649899,-0.2242553785680,0.3176608402616,-0.3575909665139,0.1206768381436,0.1102917113497,-0.3130278647939,-0.0790977234114,-0.3680107654443,-0.3400198971481,-0.2420884351626,-0.1615467933094,0.2264020599875,0.2825034120466,-0.4856776390602,-0.1769072322616,-0.0774430885744,-0.1542827239076,0.0109061635858,-0.0105957545681,-0.1724639389572,-0.0355151430307,0.2590446161126,0.1104986700284,-0.1522635195025,-0.3809828883643
0.3443756114205,0.2680636158938,0.2901155468164,0.5423950840877,0.3650448525639,0.4783303705316,0.5949564632967,0.5694154136287,0.6909821918890,0.4816310184810,0.5822035523084,0.5953926257930,0.6273390109661,0.4281961321202,0.4032977496205,0.7053557381343,0.6451020704649,0.7406148542409,0.6811366441384,0.6161518280490,0.5911180908538,0.5401421564387,0.6095292165419,1.0000000000000,-0.1119265146046,0.5761367228048,0.5622823977574,0.2980065720870,0.4932493656291,0.3161778079561,0.6458556417488,0.5327996766182,0.5974977100358,0.3077280266820,0.5848634410921,0.7040680964279,0.6374005360204,0.4247661238240,0.1376093151842,0.4451820814920,0.5724849933982,0.4558078884955,0.3918850519145,-0.0527794104765,0.3693207276635,0.2865556507908,0.5079337300182,0.2797366606596,0.5642123464598,0.2225998600868,0.0954708771562,-0.0436443903606,0.0957844297836,0.2354772929751,0.2764297430609,0.3259057197111,0.2199619271841,0.3511460393713,0.5345814568342,0.6389702307233,-0.2212947358621,0.0806702388753,-0.0446445566124,-0.1202674412401,-0.0324925038739,-0.2723577989366,0.5881361458605,0.2816063016565,0.6936227632782,0.4173992889261,0.0090838327537,-0.0711895251471,0.6516659379430,0.2520170728033,-0.2024690739463,-0.3620294467284,0.3729886832786,-0.2343711307855,0.0565723366844,0.3502627268456,-0.2607518265173,-0.1034510612403,-0.2783056691783,-0.2870482405729,-0.2244019282927,-0.3178541601365,0.3665483596644,0.4323135439304,-0.4372022924740,-0.0632976811821,0.0826709045811,-0.1004419978760,-0.0820984881500,-0.0569139620291,-0.3804783986164,0.2175019351726,0.3570662179173,0.0991484428941,-0.1548243263733,-0.3269353935095
