1.0000000000000,0.5791097367827,0.5427235628537,0.4770859298973,0.6044157218976,0.3252020312082,0.2711551931231,0.2136568262811,0.0229099057764,0.1962143214854,0.0221800004389,0.2083066523715,0.1581630420894,0.3044076725033,0.3473237597479,0.2706797967283,0.2073590905737,-0.0907866692077,0.3143982216655,0.0927666605943,0.2301817854632,0.0763338457442,0.0973072294494,-0.0526092756185,0.0004510559332,0.1919815026054,0.0721208784700,0.0546934503414,0.1058657402745,0.1459790034182,0.2121549746001,0.3363011114202,0.1205427293192,0.2070365745330,0.0835696840265,0.2435673421492,-0.0327198527131,0.0715407102383,-0.0618138878144,0.0677634361024,0.2451224055122,0.3469597074731,-0.0542569626933,0.0647772478491,-0.0021418126979,0.0317256651223,0.1191292564150,0.0401120485683,0.2078061175349,0.1906703747779,0.3188495571669,0.4587128926168,0.0181617840260,0.3836823274025,0.1551029220017,0.1981946526181,-0.1025537362966,-0.0836994243489,0.0474368808075,0.1471362554478,-0.2567944067244,0.0324606668124,0.0432238915259,-0.2069151245752,-0.0718189006019,-0.1730032104378,0.2306794811691,-0.1492079344453,0.1563224856657,-0.0687338154324,0.0298803814358,-0.0188780286292,-0.1363409965900,-0.0188328759327,-0.3357624565838,-0.1295283300901,-0.2076619912400,-0.1043885110521,0.0064895433288,-0.1431012840195,0.1228630296538,0.0267791534083,-0.0718498308625,-0.2563180653246,-0.0961248863021,0.2512363933261,-0.1049472220050,0.1981773066595,-0.3220298612999,-0.2463254511161,-0.0009924520499,0.0197075160330,0.0942178347595,-0.0919331767621,0.0080049372480,0.0671890491968,0.3438034502187,-0.0493846309619,0.0279315318967,-0.0371518047801
0.5791097367827,1.0000000000000,0.6839368282814,0.5249978594047,0.3170404013139,0.2906030940620,0.2547390954626,0.2920506560363,0.2731418973523,0.3268554277422,0.0929695986397,0.2798449059856,0.2540207315502,0.1343762143041,0.3971817395529,0.1772204626538,0.2418806171340,-0.0176885260350,0.3744661111043,0.2832752628469,0.1293719813410,0.0220163001036,0.1724601902142,0.1336897439121,0.0218403407452,0.3697464018211,0.1428396105752,-0.1151360873904,-0.1260834048864,0.1605062575288,0.1936546960765,0.1119843021258,0.1433206985348,-0.0107077613309,-0.1695056339120,0.0737348387510,0.0560281202310,0.2821969414063,-0.1487691382150,-0.0922727111259,0.1759757133508,0.2887729044149,-0.1710637806714,0.2311591911195,0.1556289483502,-0.1610710284075,-0.1095203892644,-0.0887751556890,0.1866431006941,0.2206560657803,-0.0630478921219,0.5803443166382,0.0760738486654,0.4190257447590,0.0507357025270,0.2331158460425,-0.0093717324280,0.0231779348782,0.1124233199387,0.2811526313014,-0.0380703414219,0.0985656146614,0.0741880364699,-0.0098752339652,0.0430512682338,-0.2944945924153,0.2109867388522,-0.1015553429463,0.2600168072632,0.1511828287440,-0.0539649909891,0.0542162284178,0.0309456222416,0.1932020114347,-0.2817205149829,0.1203611568355,-0.0750992105041,-0.3466826318408,-0.1146035336858,-0.0981597878780,0.1599655857568,0.1263404014206,-0.0173403381318,-0.3649741386440,0.0145336372143,-0.1866633687551,-0.0179983752816,-0.0559432175262,-0.3385478721610,-0.0293039024671,-0.0954994049738,-0.1844440682791,0.1187716723085,-0.3188564539237,-0.1672530307460,-0.1344299598737,0.1350332598496,-0.1025355941831,-0.1044918122988,-0.0811832649118
0.5427235628537,0.6839368282814,1.0000000000000,0.4251962782110,0.5406926300684,0.5967125036593,0.3826149305711,0.2078027127379,0.1936265088935,0.1788521881464,0.0505696722200,0.1274603378224,0.2220159836335,0.1871097037739,0.3059755963749,0.1795919068483,0.1540402368185,-0.0648136696766,0.2093233397210,0.2455810387948,0.0822914269900,-0.0549416966561,0.0384328446629,0.0304432223049,0.1208825950145,0.3120899770048,0.1688823929923,-0.0934363930535,-0.1754870884131,0.0614296840325,0.1520075553463,0.0696862654022,0.1231219328796,-0.1347153825909,-0.0411260315510,0.0688987277561,0.0832630236281,0.3006447175817,-0.0043297240089,-0.1647616225212,0.0515184380340,0.1876742993073,-0.0587131695723,0.2472787410913,0.3091673280820,-0.1356851739670,-0.1848561117600,0.0966256996075,0.1288903643628,0.1617408800289,0.1131607075655,0.6946858440613,0.1156727381400,0.7614629169704,0.2485194095356,0.1856880767890,0.0732044613722,0.0061640678449,-0.0153129579395,0.1720383421293,-0.1256438212268,0.0446547140263,0.0372092467697,0.0448781307775,0.1687594437639,-0.2122470094673,0.1157419489341,-0.1542326419251,0.0805891746770,0.1706108999534,-0.0905245551265,-0.0504399812146,0.0026228801602,0.2041606457521,-0.2786196178822,0.0997700710441,0.0290296691248,-0.3095581545118,-0.2342800250241,-0.0910361365549,0.0603391138945,0.1957052366137,-0.0880516978040,-0.1951974254185,0.2453431221150,-0.2989229551847,0.0723994476616,0.0712477047260,-0.2654508783660,0.0948351486250,0.1051135567450,-0.2462956812333,0.0935727067560,-0.1841540269372,-0.1275237263462,0.1141511100132,0.0920380995111,-0.2462249006554,-0.1079728417070,-0.0937145916811
0.4770859298973,0.5249978594047,0.4251962782110,1.0000000000000,0.5726167213584,0.5424904181421,0.7747777078202,0.5460772544307,0.4911355797302,0.5344526567978,0.4445136844483,0.5281693754488,0.6038344957477,0.1519921987788,0.6887495570457,0.7424052119556,0.6675914226063,0.4050277163215,0.7024147235617,0.4424587567601,0.4638158224341,0.4245651346151,0.4193025463392,0.4905435310229,-0.0856525247369,0.4801623916500,0.4180190481171,0.0601351292030,0.2094253528578,0.2438711196093,0.6684046956689,0.4842582926114,0.5123649478100,0.2695841364365,0.3468364069071,0.4958091522650,0.1189697003923,0.2642245965214,0.0506204578359,0.2761077910051,0.4642922139213,0.5099238183589,0.0894174556151,0.2881865231827,0.0983978264447,0.2471732722318,0.2274710687565,0.2472243571587,0.4309436281626,0.4628236807289,-0.0391154065691,0.2388760895303,0.3723263155752,0.4331372622978,0.4627684629005,0.7969923160393,0.0769633882629,0.1760798126013,0.3542838565809,0.5142333872349,-0.1329092963564,0.4458637562862,-0.0080740958772,-0.0123794996338,-0.0524555335477,0.0364189218860,0.7113519169521,0.2555540587595,0.6088615453301,0.1903968797046,0.0049017343223,0.1958704398580,0.3528131184644,0.1574857140364,-0.3073884707280,-0.0742154974367,-0.0129484225147,-0.0488284389256,0.1739032027526,0.2256656107697,0.1024108890615,0.2124206365722,-0.1138693152140,-0.2012610277626,-0.2032232113915,0.1034091506134,-0.1605654662275,0.2934734943720,-0.1709807645962,-0.0819747155465,0.0793892834512,0.1299636555126,0.1462418486478,-0.1514308080976,-0.2345683672717,0.1613485916177,0.2434839721476,0.1543157954164,-0.0133704093432,0.0177089001542
0.6044157218976,0.3170404013139,0.5406926300684,0.5726167213584,1.0000000000000,0.6706149351209,0.5411792433103,0.1742314153566,0.1377425595722,0.3451047395943,0.3392298132358,0.3912112448307,0.3719863870790,0.3560055736663,0.5084184767444,0.3700231640436,0.3887332849331,0.0796130252805,0.2294723867899,0.1708784999899,0.4286144544349,0.3306552829337,0.2947212586966,0.1254879545151,-0.1024416952137,0.2772857891709,0.2993118441276,0.1338179476443,0.2678605927851,0.1483186477382,0.3083192132301,0.3602713478724,0.3833947915600,0.1274113468190,0.2949686442258,0.2396469468823,0.0905319112600,0.0964957866190,0.1271427027656,0.1838377265575,0.3722433171660,0.3880016449940,0.2408568328408,0.1372580345277,0.1352918149788,0.1643358584835,0.1601062471869,0.3486891303285,0.5121208216482,0.4081064478611,0.3109451222670,0.1789542190595,0.2225660914563,0.5640875234263,0.6011401238412,0.4543936802366,-0.0436235054075,-0.1705805312982,-0.0350778452781,0.0634108635012,-0.1494504182379,0.2794168799111,0.0363826419860,-0.0278933494197,0.1542430056911,0.1327687396488,0.2512144772291,-0.0445440853265,0.0998931419002,-0.0023978785166,-0.0362184937230,0.1596314603240,0.0978691456977,0.0245165893520,-0.2922010225985,-0.0921242390636,0.0761447700200,0.0868447767514,0.1392722307814,0.0766551485189,0.0467019147486,0.2577815388764,-0.1442643770000,0.0262535181241,-0.0441798868538,0.0241378440095,-0.0543951305600,0.3044951877391,-0.0057311626590,-0.0619635794180,0.1850414435394,0.1198286770810,-0.0012879321616,-0.0379683824111,-0.1209272827784,0.3180418864085,0.5150841175047,0.0785595440465,0.0109302788026,0.1426555707325
0.3252020312082,0.2906030940620,0.5967125036593,0.5424904181421,0.6706149351209,1.0000000000000,0.7640507575744,0.3035432517373,0.3129641507868,0.4903210228461,0.3930296142780,0.3688667976639,0.5275302884392,0.1279729103058,0.5935832634504,0.4286304399884,0.4809862377375,0.1080141849941,0.4164804705134,0.3720811580461,0.4158372062923,0.4303764515905,0.3313970060156,0.2998059458774,0.0297595014534,0.5197790430425,0.4813257667570,0.0559804445263,0.2087652183825,0.3265629093884,0.5052427356261,0.3819211658571,0.4272747070089,0.1920481182062,0.3176906941178,0.4337261215158,0.3748148758632,0.4282934691442,0.4165437538105,0.2359433650160,0.4237946323617,0.4481820266122,0.2342890265778,0.4412296695821,0.3907376073333,0.2925521314149,0.1631683736887,0.5627829828932,0.5554459807815,0.5400993039733,-0.0593668677095,0.1512759078339,-0.0250870921132,0.7792306126972,0.7099386445574,0.4809260491175,0.0249475497364,-0.0766430485747,-0.0059603395914,0.2513238889102,-0.1260673440073,0.3941832581426,-0.0808002232883,0.0166424135003,-0.0161546026999,0.0793253900989,0.3792778720971,0.0003723953662,0.3089734301355,0.0533912630075,-0.1870628862271,0.1039631517027,0.1985359987526,0.1644822662317,-0.4003594781518,0.0057337852319,0.1412690376053,-0.0137899669069,0.1537219210409,0.0772921376451,0.0320883777695,0.2191217482584,0.0272017927993,0.0394011450823,0.1302062443266,-0.0873759994748,0.1852886829677,0.4327818044734,-0.0622872709363,0.2190794004760,0.4737318175572,0.1021601114516,0.2436213694207,0.0265940091074,-0.2404332909140,0.5371874339693,0.2595267056442,0.0349141876306,-0.0836759815947,-0.0750280895256
0.2711551931231,0.2547390954626,0.3826149305711,0.7747777078202,0.5411792433103,0.7640507575744,1.0000000000000,0.4335412418444,0.4433951570737,0.4178217302768,0.3219131108385,0.3467665692338,0.6047110291273,0.0941958261505,0.6378275859254,0.7335053830525,0.5774303242945,0.2976467105300,0.6625203950688,0.3943267845436,0.3443711855205,0.3760668497007,0.2358573395409,0.4272629335593,-0.0236706560080,0.3932576972073,0.3435029477357,0.0241352088879,0.1854403344437,0.2487640793865,0.6777762454052,0.4292937482394,0.4340891986186,0.2335636157277,0.5346763565792,0.6713351949404,0.2067448560002,0.2781776814378,0.3115431084845,0.2485034109609,0.3750518665590,0.4229782975129,0.1417057089210,0.2967931652598,0.1660795802208,0.2734734065820,0.1983719348687,0.4096700248039,0.4707588451376,0.4550583755502,-0.0437364133551,0.0932638207218,0.2231023219459,0.5991813238481,0.6971350844427,0.8212604510533,0.0882773088106,0.1850944314135,0.2473536724008,0.5032146795916,-0.0992162863594,0.3804638619491,-0.0209751088705,0.0884191373961,-0.0344298188962,0.1749358382386,0.7278954224059,0.2369133485160,0.6320839434801,0.1338310028742,0.0311258346244,0.0040876523279,0.3293475850677,0.1043798561542,-0.2480979193516,-0.1479938746203,-0.0818885996417,-0.0562049809532,0.1774438412488,0.2231012465072,0.0225281326365,0.1907097477185,-0.0351641264357,-0.0199800041926,-0.1020636874993,0.0576303105786,-0.0737879738948,0.4787032855211,-0.0919951051002,-0.0087534053235,0.3063881019958,0.0972844605388,0.1172642288713,-0.1010291420196,-0.2570954925440,0.4040969891373,0.2138295732242,0.1523532860615,-0.0642838201915,0.0457805813252
0.2136568262811,0.2920506560363,0.2078027127379,0.5460772544307,0.1742314153566,0.3035432517373,0.4335412418444,1.0000000000000,0.7019461307930,0.2738676144541,0.3163654861883,0.3517829543908,0.6265477595598,-0.3954781670471,0.2790550290327,0.5719041671468,0.7026175301187,0.6122105848283,0.6729817782313,0.7865340594217,0.0970747381580,0.2411168722437,0.1490811144650,0.5162768861661,0.5151922172062,0.4337128753346,0.3742004864146,0.2340734696158,-0.0444834884645,0.0426445077266,0.6912553227450,0.3094052891383,0.5250876692617,-0.0702628067339,0.0406006970971,0.4025915366978,0.0253021782256,0.5683290117246,-0.1818911201696,-0.1615371011330,0.1022285079642,0.3891522117567,-0.3542161703825,0.2980586664767,0.3615027863789,-0.0284657183881,-0.0185765690229,0.1228047321942,-0.0326522264878,0.1301090971589,-0.3663820646075,0.2793905418203,-0.1301497994454,0.3576269513609,0.2260336860330,0.4400275906388,0.5141750619223,0.6549186986006,0.7537923227644,0.7851798821693,-0.0855943269306,0.4543702090671,0.0512679388551,0.2217437785420,-0.4055773212899,-0.4113911954613,0.5459022637049,0.5634129851590,0.6469395531513,0.6728559042990,0.0560157117109,-0.0355072737714,0.5091990740101,0.6436191441820,-0.1786661326129,0.0698633068773,-0.0142870288130,-0.4256210842139,-0.1013787634121,0.2776699546022,0.1380131590263,0.3580586056986,-0.2587956703103,-0.4944716204062,0.2260204765033,0.0338179482454,-0.1368687914509,-0.0214820459574,-0.5865817973127,0.2240031955196,-0.1224973581767,-0.3084016580858,0.2794924782660,-0.2901736025549,-0.1456459318065,0.1314569818487,-0.2026012525221,-0.0445829049683,-0.1220071595244,-0.2480592650935
0.0229099057764,0.2731418973523,0.1936265088935,0.4911355797302,0.1377425595722,0.3129641507868,0.4433951570737,0.7019461307930,1.0000000000000,0.4546688994604,0.3260960624166,0.4413911380359,0.5575791157620,-0.1380615979408,0.3769723844402,0.5459715059104,0.5948177054195,0.7415628439764,0.6829599536863,0.7459597769705,0.2330420006955,0.2706201489096,0.2939757392980,0.7980978046720,0.4494876667031,0.3854255073300,0.3888278556157,0.0857363364012,-0.0659848394105,0.0496344300082,0.6550699203517,0.3024034231131,0.5095929445478,-0.0124142694428,0.1843366367345,0.4214732508436,0.2825474503463,0.4114321344362,-0.0103135199631,-0.0035115588358,0.1234911644570,0.4170819096890,-0.1495455549836,0.2349433440792,0.2581174161275,0.0748131398660,0.0425746483999,0.1845331884398,0.0990860800481,0.2669292812047,-0.2200221369385,0.1583422203771,0.0892817389569,0.2956253871446,0.3373319394803,0.4446443965884,0.4406222964847,0.4963868015283,0.5734311720536,0.7538065753651,0.1744157541967,0.4700807914438,0.0564531226996,0.1726073583668,-0.0680378716443,-0.1244984545305,0.5442584974891,0.5499135830380,0.7394393368586,0.6159918442147,0.1011277268277,0.1280938156983,0.6804390389795,0.5701674183322,-0.0084449950155,0.1152734220497,0.0857848669018,-0.2772366966055,-0.1456025684836,0.5433507326069,0.1625133859534,0.2920167265839,-0.1202588445647,-0.2558439362104,0.1322950805597,-0.1172571645999,0.0324571625800,0.1013427323257,-0.2879278072916,0.2584597669501,-0.0071052484477,-0.1282047995129,0.1018335025959,-0.1257908819261,-0.1454153443019,0.0858234912587,-0.1676447635263,0.0505895669918,0.1330739115623,0.0213032819957
0.1962143214854,0.3268554277422,0.1788521881464,0.5344526567978,0.3451047395943,0.4903210228461,0.4178217302768,0.2738676144541,0.4546688994604,1.0000000000000,0.4642972102407,0.6923706258113,0.5165563808494,0.1542814729568,0.6713731584693,0.3774312146061,0.5335750737239,0.2560990840910,0.5481359709907,0.3639197974317,0.7366391728869,0.7342939180891,0.7410454094926,0.5598602607503,-0.1254908101068,0.6316300074741,0.6383058113279,0.1245000828013,0.3378925653228,0.5785084077732,0.5651866417253,0.5810702933318,0.5511575801408,0.5561555457039,0.1882394763359,0.3266608634368,0.5870684756783,0.3478664275794,0.3123373794017,0.5904247900170,0.7474141822574,0.7420259983023,0.3855986542989,0.4810476525376,0.2378804090580,0.5992985930287,0.5589935892434,0.2915927604186,0.6602085061885,0.7918439064831,-0.2060506925161,-0.1450659685874,-0.0440518152416,0.2217739058000,0.2986195483678,0.2916795691784,-0.1148985423654,-0.1482420012517,-0.0149239270803,0.2694219488969,0.1158251429516,0.4668697932725,-0.2231325055844,-0.2942927799151,-0.1403177933818,0.0709611390409,0.3678572423728,-0.0108004061184,0.4306616537107,-0.0511653856563,-0.2691522301268,0.4436232121731,0.2528749071907,0.1742019972574,-0.3562574375975,0.0657679659205,0.1850889791960,0.2081455170706,0.2903253385510,0.1745732649699,0.1194634264227,0.0325186406873,0.2051732933578,0.0707129007011,-0.1649669749138,0.1389041789192,0.2786844998609,0.3330822745790,0.0624782491792,0.0813377075100,0.2575000461915,0.4080922720307,0.2722529852792,0.1949941335512,-0.1562425516615,0.0583636909588,0.1831983914838,0.2202095794463,0.2040526392539,-0.0082175059902
0.0221800004389,0.0929695986397,0.0505696722200,0.4445136844483,0.3392298132358,0.3930296142780,0.3219131108385,0.3163654861883,0.3260960624166,0.4642972102407,1.0000000000000,0.7584320029658,0.4839320976401,-0.0790815994008,0.2594584300197,0.2338600430540,0.5834481611266,0.4755965573288,0.2038225698946,0.3302550130434,0.4121055483702,0.5680865442619,0.6155860423378,0.4975412810981,0.0286254589064,0.3278687646155,0.5495380430637,0.1973765313708,0.2637036455848,-0.0087794050765,0.3527275539184,0.2732728493915,0.5355874334341,0.1141553302851,0.0726762636260,0.0034406283230,0.2133289521756,0.1727515257504,0.0557178075161,0.2293422690022,0.3409711383786,0.2991695483225,0.1190533384713,0.1809172325297,0.1324975593697,0.2564411935142,0.1912205233891,0.3703712306083,0.3325469360431,0.3304631524537,-0.2070594256236,-0.1845076624710,0.1303077309825,0.1625252849307,0.3631280460314,0.3698439706502,0.2411437592540,0.0516062200631,0.2778782755570,0.1892634958542,0.2564062322534,0.7812322143807,0.2914359031251,0.2093383624594,-0.1653965545894,0.0919343527846,0.1712870150854,0.3932295600788,0.1878356941141,0.2470744899237,0.0995254429541,0.5598946104699,0.5267108704157,0.2892371006799,0.0105224989445,0.1339453407521,0.4576332882357,0.1297645191763,0.1919162810495,0.4060330741913,0.1028828684517,0.2911120572563,-0.1355227573573,-0.0534701245481,-0.0656017656396,-0.0228176369696,0.1158138649534,0.0156207209187,0.1206622708587,0.1300739844918,0.0782892891802,0.1697186901520,0.0805565394003,0.0641966123036,-0.1014229188354,0.2312788747796,0.1580865461501,0.2610077613289,0.0067792854072,0.1618481477252
0.2083066523715,0.2798449059856,0.1274603378224,0.5281693754488,0.3912112448307,0.3688667976639,0.3467665692338,0.3517829543908,0.4413911380359,0.6923706258113,0.7584320029658,1.0000000000000,0.6252403300793,0.0352781881248,0.4349888693156,0.3290822913024,0.7229743594263,0.4532556584456,0.4417586621752,0.3720450096569,0.6763074876262,0.6774764306530,0.7446876128943,0.5656029217159,0.0040826979410,0.4106462924190,0.5665661710286,0.2217920051708,0.2574494688428,0.1435699945639,0.4807120865247,0.4715377372350,0.6568543564509,0.2747409908918,0.1016378448899,0.1609804921471,0.2783221751200,0.1388290856000,-0.0133975737928,0.3017616774152,0.4365436384661,0.4688925809557,0.1744015809731,0.1783116018580,0.0735396296180,0.3436988590499,0.3249036744362,0.2531947888425,0.4301541257902,0.4671378259394,-0.1616196780694,-0.0932186056318,0.0777369448598,0.1705898679151,0.3134965865421,0.3637826867549,0.1770269033449,0.0453750339044,0.2664812710936,0.2906611644728,0.2709529989880,0.7319741044539,0.3561340651374,0.1208204189588,-0.1785628139337,0.0432430953762,0.2496432209518,0.3556164243468,0.3556950534324,0.1817731642119,0.1609983603851,0.6344573551102,0.4440401181607,0.2910639725442,-0.0210562353223,0.1324695171980,0.2649681261882,0.0610404686113,0.1671074511100,0.3895283566841,0.1679140902235,0.3146437424020,-0.1626182345949,-0.1074635818818,-0.2003561524274,0.0638071237266,0.0649006407602,0.0881562410564,0.0353811061619,-0.0291430875396,-0.0200573232574,0.1555130112335,0.0474055454585,0.0188397365456,-0.1035338858541,0.0839803694416,0.1606696035317,0.2141887635999,0.0320123607873,0.2247682406695
0.1581630420894,0.2540207315502,0.2220159836335,0.6038344957477,0.3719863870790,0.5275302884392,0.6047110291273,0.6265477595598,0.5575791157620,0.5165563808494,0.4839320976401,0.6252403300793,1.0000000000000,-0.1522985887574,0.4390352079427,0.5661126243021,0.8201052431460,0.5106023902576,0.6167480409906,0.5374408019119,0.4417441600817,0.4823158740541,0.3771286211553,0.5317192941156,0.1734660247908,0.4818684692551,0.4610286507092,0.1432277214053,0.0897784341127,0.1595755686554,0.6855766473324,0.4517664459904,0.7018903490796,0.1753864840076,0.1736680330466,0.3740931362384,0.2397548069068,0.4054162760848,0.0606834921515,0.1831083306678,0.3870621842917,0.5052939344763,0.0679542262974,0.3347001885110,0.2944380218486,0.2609225202643,0.2800386126296,0.2985784229594,0.2800094442729,0.4319400232926,-0.2560673521784,0.0140529540401,0.0131375754682,0.3345051642277,0.4189290117609,0.5689374266676,0.3781795953741,0.3270581764064,0.4470277883258,0.5318012396819,-0.0148862746803,0.5596125448074,0.1911607915319,0.4431581178720,-0.2375258828726,-0.1210141411069,0.4772129428231,0.5052912681043,0.5030955759693,0.2994932339312,0.0603664991826,0.1408787565499,0.4216411195130,0.3172526371927,-0.1845622487189,0.0188684327789,0.0481106212878,-0.1616151359780,0.0037518522979,0.3057228367797,0.1291876879255,0.4225133467767,-0.2229224616160,-0.1988218516342,-0.0238794115113,0.0198901329350,-0.0615532772870,0.1187320562194,-0.2023193324235,0.0773504199273,0.0348513479570,0.0000818648885,0.1633715306078,-0.2034518604528,-0.2170003006189,0.1888798523272,-0.0352876512734,0.0552528590340,-0.0528784888899,-0.0869171616700
0.3044076725033,0.1343762143041,0.1871097037739,0.1519921987788,0.3560055736663,0.1279729103058,0.0941958261505,-0.3954781670471,-0.1380615979408,0.1542814729568,-0.0790815994008,0.0352781881248,-0.1522985887574,1.0000000000000,0.3793649767537,0.1916032778489,-0.1396262629389,-0.1437658075621,-0.0103144371046,-0.4173970829835,0.2793858673804,0.0300432413130,0.0844762217051,-0.0376658391284,-0.5113225115557,-0.1997263397648,-0.1765009248277,-0.2957927423966,0.2107146653433,0.2585277592762,-0.1147003275500,0.0608897667904,-0.2291270493917,0.1643575717995,0.5375564967484,0.1907518447918,0.0000033904634,-0.5002675221324,0.1953368665023,0.3196202643975,0.2960164155811,0.0840054003225,0.4917525385275,-0.3262066883057,-0.4408735071504,0.2239582287058,0.0779005617699,0.0173310509741,0.3963783716132,0.2497865228934,0.7830802892647,0.0846052765140,0.5484934892750,-0.0072260960486,0.2791402320050,0.1020226831538,-0.4481109597836,-0.3273646131034,-0.5261812951314,-0.2697549743137,-0.0175816177270,-0.0997019165361,0.0507700083120,-0.2759638465176,0.7369682806985,0.4227128590660,0.0311144097636,-0.2990944801350,-0.0654641659220,-0.4569952528209,0.1427486406960,0.0315406785319,-0.2028825020314,-0.4734343237406,0.0042435410573,-0.3805316318466,-0.2223119559599,0.3145416550335,0.1423094347024,-0.0276866955495,-0.1382087003323,-0.2583911011020,0.2058701851816,0.4242036953021,-0.3909295965756,-0.0765402712607,-0.0912093855310,0.4866216548363,0.3714225175336,-0.3374356097422,0.1297986534971,0.3138906475021,-0.4791782285026,0.1768380306567,-0.0730160183915,0.0174774172815,0.6270028345490,0.1600676667438,0.2896654399514,0.2880447242371
0.3473237597479,0.3971817395529,0.3059755963749,0.6887495570457,0.5084184767444,0.5935832634504,0.6378275859254,0.2790550290327,0.3769723844402,0.6713731584693,0.2594584300197,0.4349888693156,0.4390352079427,0.3793649767537,1.0000000000000,0.5251737577528,0.4606617119759,0.1573526620980,0.5733874077315,0.2772049430727,0.5564052681677,0.4379509120481,0.3947358924265,0.4262932243341,-0.2117481310642,0.4614913527672,0.3310081649604,-0.0315360629256,0.2914670448942,0.5165578093095,0.5420320353481,0.4085497899804,0.2844979945280,0.3555709450920,0.4390124616544,0.5416482196173,0.3343178458602,0.2361381802735,0.4031303886405,0.4117932800836,0.5519221218524,0.5923418525138,0.3321843660954,0.2966505385804,0.0870573429756,0.2812810667052,0.2467631115695,0.4469203874364,0.6876372070903,0.7846078369719,0.0333798942397,0.0943567481765,0.1721890996293,0.4398673599684,0.5257189017632,0.5488111367763,-0.2494156512490,-0.1322138427446,-0.0406928181210,0.2884525095521,-0.1053305785767,0.3002165846650,-0.2049513606477,-0.2476704531303,0.1044679089028,0.2891116582944,0.5108059350089,-0.1017768636755,0.5031239060143,-0.1035525030836,-0.1346594336539,0.0841341657562,0.1727745713313,-0.0415099547643,-0.3830050862054,-0.1459046759536,-0.1082815832366,0.0647026007145,0.2532109751073,0.0607424640610,-0.0099544797665,-0.0885268129085,0.1051720357936,0.1110784581960,-0.2088682224061,0.0609604026961,0.0476486922239,0.5602249505069,0.0167156855237,0.0419930010704,0.3916573497059,0.2671927693700,0.1264511923400,-0.0858576673721,-0.3054761325809,0.3382969891238,0.3774946737234,0.1172185973879,-0.0246909041227,0.0321292099177
0.2706797967283,0.1772204626538,0.1795919068483,0.7424052119556,0.3700231640436,0.4286304399884,0.7335053830525,0.5719041671468,0.5459715059104,0.3774312146061,0.2338600430540,0.3290822913024,0.5661126243021,0.1916032778489,0.5251737577528,1.0000000000000,0.5873663058179,0.5034033234237,0.7534135450567,0.4310082827219,0.3628493961781,0.3105741780386,0.1902206650708,0.4964037508000,0.0425524804589,0.2773195041415,0.2626088157627,0.0772494103947,0.1798011439309,0.2574323496544,0.7776455186130,0.5249742432428,0.4615615256049,0.2665885579691,0.6873189197280,0.7647164537955,0.0923405173575,0.1618790373835,0.1539671616619,0.2611921022568,0.3718723761848,0.4301733786103,0.1895818927855,0.1037290182860,0.0265789185400,0.3249266970979,0.2688759081968,0.2397937075019,0.3216081714426,0.3465221313586,0.1229712108342,0.0900941472848,0.3362094615922,0.2836797680230,0.5021557110969,0.7053729413275,0.1668173469077,0.3977378736893,0.4112503659804,0.5920217275055,-0.1376469118478,0.3272484349665,-0.0074577460036,0.0276948775160,-0.0064382774895,0.1446378722310,0.8757477159745,0.3936247316906,0.7333983843442,0.2286260411266,0.1162281377942,-0.0115338360139,0.3943951226221,0.1384963445056,-0.1252585801440,-0.2584706384684,-0.1513290178401,-0.0295452367233,0.1221448361573,0.3415187846388,0.0558107426298,0.1747514433078,-0.0237998779500,0.0333078037291,-0.1248613634801,0.2160154418889,-0.2177161570066,0.5280067012137,-0.1522208055203,-0.0827875813731,0.1240860597787,0.1261822889452,0.0136169919891,-0.0094025814281,-0.1749442600655,0.2259096038809,0.1948682591600,0.1698132412378,0.1203084669552,-0.0096775583521
0.2073590905737,0.2418806171340,0.1540402368185,0.6675914226063,0.3887332849331,0.4809862377375,0.5774303242945,0.7026175301187,0.5948177054195,0.5335750737239,0.5834481611266,0.7229743594263,0.8201052431460,-0.1396262629389,0.4606617119759,0.5873663058179,1.0000000000000,0.6308627669040,0.6576876010839,0.6398133570925,0.5621904798894,0.6076528113831,0.4926737130988,0.6034858517991,0.1796436681160,0.5242782251414,0.5462129256163,0.1465746989534,0.1953380665573,0.1521634970320,0.7793386888279,0.4971116661923,0.7635136925059,0.1370886159494,0.1953895649451,0.4133263235080,0.2266200045815,0.3948197558019,0.0094303695800,0.1388666734911,0.3821588278644,0.4950237149282,0.0085565984019,0.2758549987024,0.2887557663343,0.2538596878041,0.2367309712690,0.2980029437952,0.3035429989032,0.3973348857619,-0.2880263076579,-0.0037860305560,0.0349134711223,0.3174565162923,0.4099849368142,0.5944096468023,0.3159873264574,0.3418374818001,0.5284630998192,0.5602484204271,-0.0731746809514,0.7018656187214,0.1696206041111,0.2233249621071,-0.2700144483536,-0.1399892780979,0.5221872454742,0.5869136296087,0.5868695944526,0.4159307420135,0.1408177061332,0.3086809764035,0.5115763359979,0.4044084093322,-0.1105912611314,0.0814336309354,0.1153142372923,-0.1768529163217,0.1049762379007,0.4494502707988,0.2079629825931,0.4681468348162,-0.2373238490903,-0.2281592961879,0.0199022464400,0.0110595539414,-0.0065279783528,0.1684999281373,-0.2012110234832,0.1124144212513,0.0340930955999,-0.0458465959057,0.1490809271602,-0.1717893696863,-0.2135565175652,0.2495889964794,-0.0088189999795,0.0995234365803,-0.1139219715015,-0.0458356045447
-0.0907866692077,-0.0176885260350,-0.0648136696766,0.4050277163215,0.0796130252805,0.1080141849941,0.2976467105300,0.6122105848283,0.7415628439764,0.2560990840910,0.4755965573288,0.4532556584456,0.5106023902576,-0.1437658075621,0.1573526620980,0.5034033234237,0.6308627669040,1.0000000000000,0.4480309511238,0.5877596808481,0.2272149896016,0.2744094140364,0.3285079718024,0.7945760637192,0.3596974039916,0.2029366983747,0.3759747415943,0.1315549653165,0.0105025851828,-0.1512371384951,0.6170099153325,0.3070232569850,0.5447097201443,0.0036428572733,0.2444436864600,0.2407633990082,0.1820204929035,0.1991153992923,-0.0520631006700,0.0583064819778,0.0465769229167,0.2389372747543,-0.0688794156848,0.0318342414073,0.1178110352576,0.1670895575462,0.1344430780452,0.2110850434642,-0.0357852997179,0.1097647079574,-0.1153713940771,-0.0317525730148,0.2358390109029,0.0628806470024,0.2617446506174,0.4643908850665,0.4797610912221,0.5457378688926,0.6571134757075,0.5402313820372,0.1137903207042,0.5574315495451,0.1440967083236,0.2616669942219,-0.0945637872565,-0.0121922238720,0.4552722410429,0.7877596430889,0.5416736679317,0.5887436135939,0.1760455788478,0.2640130378263,0.7313984525844,0.4347427181690,0.1386070729937,0.0769721858843,0.2418685650515,-0.0827401724814,-0.0863198126870,0.7315322931189,0.1280859668914,0.2944812332035,-0.2081993606513,-0.1558250811967,0.0334490899964,0.0150448971950,-0.0220849120645,0.0340973039030,-0.1161798072746,0.1761606266376,-0.0638612908796,-0.0111490911356,-0.0247185858143,0.0132548526631,-0.0767226052311,0.1320290779134,-0.1586958719527,0.1036009112027,0.1418411864978,0.0223623743692
0.3143982216655,0.3744661111043,0.2093233397210,0.7024147235617,0.2294723867899,0.4164804705134,0.6625203950688,0.6729817782313,0.6829599536863,0.5481359709907,0.2038225698946,0.4417586621752,0.6167480409906,-0.0103144371046,0.5733874077315,0.7534135450567,0.6576876010839,0.4480309511238,1.0000000000000,0.5540435769560,0.4099258027879,0.3831619434407,0.2892421326543,0.5613408590250,0.1117835230048,0.4452271631269,0.3541746269003,0.0821548426125,0.0790226314431,0.3292833413795,0.7947922362125,0.4648410616998,0.4399451221513,0.2767993250528,0.3124230872328,0.7447622977588,0.2459420229089,0.3226752856006,0.1056046499925,0.2067050534171,0.3755173186026,0.5691575499489,-0.0006567198717,0.2837675291668,0.1255218615660,0.2537290742552,0.2049228849467,0.1291044963949,0.2974181489407,0.4096571647094,-0.1653257901515,0.1647772395740,0.0652300831832,0.3451672397346,0.3749517965578,0.6339977245163,0.0911373741554,0.3647125950602,0.4069809886359,0.7170590731172,-0.0352441925745,0.4128359728008,-0.0523301999839,-0.0276318823063,-0.1761880386020,-0.0684036618617,0.7809929449586,0.3278358131979,0.8679829633925,0.2560324586621,0.0675133228914,0.0208402990371,0.3459924852899,0.2434534833579,-0.1727620715436,-0.1085688061563,-0.2102096374476,-0.1997435953670,0.0829401863184,0.2593879592879,0.0642197080450,0.1006189439969,0.0155732274505,-0.1797949789700,-0.1145526468431,0.1472798969150,-0.0576107605770,0.3732368347997,-0.2859775180087,-0.0326031096514,0.0935309797634,0.0224236021834,0.1717540391727,-0.1162804512640,-0.2496490991356,0.1105876841601,0.0327369368436,0.0698234707048,0.0671986923328,-0.0722518927905
0.0927666605943,0.2832752628469,0.2455810387948,0.4424587567601,0.1708784999899,0.3720811580461,0.3943267845436,0.7865340594217,0.7459597769705,0.3639197974317,0.3302550130434,0.3720450096569,0.5374408019119,-0.4173970829835,0.2772049430727,0.4310082827219,0.6398133570925,0.5877596808481,0.5540435769560,1.0000000000000,0.2445954902002,0.2648175818901,0.2872260973089,0.6175608862496,0.6122197911196,0.6143479930753,0.5700000974404,0.2561028176412,-0.1150150099839,0.0505607581265,0.7018822502770,0.3926565608782,0.6566751038834,-0.0386744654864,-0.0052873449163,0.3612631107672,0.2595802222220,0.7210007544424,-0.0610223513661,-0.1419785980142,0.0496519799576,0.3791073286237,-0.2466768811051,0.4438932719598,0.6079724868513,-0.0152188398703,0.0156588279282,0.1971506869848,-0.0041459309076,0.1923807552491,-0.4887930324920,0.1756508325373,-0.1915605496855,0.4098089795335,0.2375232854392,0.3471511827268,0.4882743687438,0.4455969600354,0.5860549073951,0.6490991509715,-0.0575155219225,0.4324143188010,-0.0604068987226,0.1327765110242,-0.3617947794999,-0.3424136179946,0.4822349153575,0.4768523842238,0.5945738340829,0.7648240655381,-0.1012346771291,0.1239215457381,0.5878135733030,0.7671604556954,-0.1357679759079,0.3379562419708,0.2636166112887,-0.3753719365985,-0.1760830885623,0.4282148547202,0.2863811142733,0.4498975028002,-0.2058341840472,-0.3376981015433,0.4164732944654,-0.0890672970089,0.1137108203271,0.0153210578395,-0.4256143844745,0.5519146671360,-0.0146539754821,-0.2916325496938,0.4041740189451,-0.1881996112497,-0.1829608230762,0.1551810015935,-0.2887540627603,-0.1105805952787,-0.0897465755633,-0.1932326152453
0.2301817854632,0.1293719813410,0.0822914269900,0.4638158224341,0.4286144544349,0.4158372062923,0.3443711855205,0.0970747381580,0.2330420006955,0.7366391728869,0.4121055483702,0.6763074876262,0.4417441600817,0.2793858673804,0.5564052681677,0.3628493961781,0.5621904798894,0.2272149896016,0.4099258027879,0.2445954902002,1.0000000000000,0.7063426224777,0.7324234499177,0.4153123410713,-0.2833959879537,0.5557952523387,0.6211763765347,0.1404276656447,0.3816655510658,0.4089425436624,0.5431809872206,0.6849641867084,0.6042417087908,0.5920503242318,0.2565589206450,0.2824299471952,0.4838415603113,0.1705020303758,0.3180011206825,0.6252998643863,0.6366950104919,0.5395837924460,0.6318200883790,0.3333866277629,0.2080733718103,0.5962539567290,0.5970656034326,0.2926191046910,0.5793544693726,0.6596747795283,-0.0303805367776,-0.2786868180419,0.0732143779489,0.1166275110685,0.3077744746186,0.2897191525706,-0.1765724783286,-0.3073256730337,-0.1202791732927,0.0400887302688,-0.1136106785978,0.4167042827519,-0.1327080728962,-0.2774597693492,-0.0504416626302,0.2443183788600,0.2876804482432,0.0273656885968,0.2631875488957,-0.1795635433457,-0.2008845273329,0.5503376661399,0.1364124581586,-0.0336977869096,-0.2068529752276,0.0887388737561,0.2680586414768,0.3401796174298,0.3074795260721,0.2989638871978,0.1970678509930,0.1410182681318,0.0952608107792,0.2660217815272,-0.1839217207535,0.2050477481909,0.2300604125940,0.4378286724395,0.2871332012637,0.0628899970789,0.2739632311946,0.4687402956510,0.2064945071526,0.2519534162898,-0.1551901912599,0.1637978558936,0.2372606308214,0.1712000055584,0.1240739742103,0.0865532408331
0.0763338457442,0.0220163001036,-0.0549416966561,0.4245651346151,0.3306552829337,0.4303764515905,0.3760668497007,0.2411168722437,0.2706201489096,0.7342939180891,0.5680865442619,0.6774764306530,0.4823158740541,0.0300432413130,0.4379509120481,0.3105741780386,0.6076528113831,0.2744094140364,0.3831619434407,0.2648175818901,0.7063426224777,1.0000000000000,0.7529096931146,0.4115507321362,-0.1209334939773,0.5113567873418,0.6491437523173,0.2935913909869,0.5308224363982,0.4608286674468,0.5204634393448,0.5431819369261,0.5852379455045,0.4760476365999,0.1635715234534,0.2427865703038,0.4348175322148,0.2618593898355,0.2464179256517,0.5405454021975,0.6920810019932,0.5607358522613,0.3323265782210,0.3688272383350,0.2021869213100,0.6528134518457,0.5630365219000,0.3281667749749,0.6200062416278,0.5628755194614,-0.2150849672593,-0.3072882819454,-0.0556574246263,0.1005047090724,0.3458353454851,0.2974106203786,0.0059392115985,-0.1115216148177,0.0783080751737,0.1851627692767,0.0546812416339,0.5992237533088,-0.0757369406500,-0.1405079360577,-0.2065355031402,0.0849446242299,0.2850055311928,0.1623332779900,0.3085519410372,-0.0429392439572,-0.1567314973782,0.6159519410747,0.2627995568732,0.1665375919327,-0.2332297804638,0.0446628241362,0.2823008677870,0.3381555552652,0.4814846066283,0.2606931651109,0.1394600918987,0.1464153125156,0.1537527631392,0.0715023214781,-0.1800319765889,0.1842644805209,0.2067763474981,0.2608827976104,0.1128430829910,0.0726548769411,0.2295804971876,0.3871013244405,0.2307086718326,0.3106906720768,-0.0498740833131,0.2127454018562,0.2680946212940,0.3989527092312,0.0636094659198,-0.0206059299183
0.0973072294494,0.1724601902142,0.0384328446629,0.4193025463392,0.2947212586966,0.3313970060156,0.2358573395409,0.1490811144650,0.2939757392980,0.7410454094926,0.6155860423378,0.7446876128943,0.3771286211553,0.0844762217051,0.3947358924265,0.1902206650708,0.4926737130988,0.3285079718024,0.2892421326543,0.2872260973089,0.7324234499177,0.7529096931146,1.0000000000000,0.5042118087360,-0.1450436708290,0.5935700836649,0.7431471055921,0.1424648186054,0.3549146752203,0.3041387013427,0.3976730032353,0.5893939193388,0.6141005457207,0.5623619358552,0.0747053531538,0.0708139880773,0.4855010901102,0.2086601696476,0.2132340315521,0.6230965916961,0.6039249135815,0.4731221325303,0.4311058909733,0.3829396181872,0.1895300058317,0.6359156663212,0.5647923552618,0.2940717907419,0.5327206971452,0.5322009674271,-0.1761730580212,-0.2914512908163,0.0457976573211,0.0326980599809,0.2004047285161,0.2057014306744,-0.0768773227278,-0.2173368051616,-0.0079987035600,0.0566978033971,0.0322929933039,0.5460775236545,-0.0889949380450,-0.2317587349943,-0.1483844559270,0.1500222879354,0.1690077368534,0.1145541195192,0.2084336609846,-0.0363051511452,-0.2692791198313,0.7699400238845,0.2893238349948,0.1780233318163,-0.2180161796595,0.2608347174527,0.4810750868937,0.3496809187098,0.3017214285597,0.3151269260191,0.2323906786022,0.0983457766770,0.1007082795128,0.1280837253432,-0.2152973327660,0.1762027225759,0.2561046484144,0.1753201844711,0.2265264125129,0.1346780103929,0.1722855093632,0.5031782320711,0.2446225102968,0.3166809767908,-0.0733476672318,0.0988566072045,0.1837284689137,0.2136235227494,0.0415419865763,-0.0038728503298
-0.0526092756185,0.1336897439121,0.0304432223049,0.4905435310229,0.1254879545151,0.2998059458774,0.4272629335593,0.5162768861661,0.7980978046720,0.5598602607503,0.4975412810981,0.5656029217159,0.5317192941156,-0.0376658391284,0.4262932243341,0.4964037508000,0.6034858517991,0.7945760637192,0.5613408590250,0.6175608862496,0.4153123410713,0.4115507321362,0.5042118087360,1.0000000000000,0.2377928881985,0.3275304804111,0.4919607422172,0.1321150899803,0.0185109485825,0.0855066825433,0.6660965755425,0.3830152651994,0.5635132806419,0.1550317224952,0.3032998537293,0.3998791561233,0.4229296421113,0.2623305479097,0.1105326401852,0.2226474654309,0.2101693685033,0.4199714831708,0.0575839484508,0.1448717135609,0.1458361000104,0.2946040682156,0.2269007957780,0.3164209457359,0.2060248222534,0.3621375877546,-0.1747953216570,-0.0564881605651,0.1864127941731,0.1665996078720,0.3455508447705,0.4619838168335,0.3242608472011,0.3316534526070,0.4271919926115,0.5256941090940,0.2071494773701,0.5393630784668,0.0270509383159,0.0639096835373,-0.0654717679871,0.0855414378605,0.5103816430019,0.5715231101376,0.6406214380034,0.4452747266633,0.0637982042849,0.3509274074779,0.7767158733517,0.4486553643543,0.0367444114421,0.0912133877453,0.2232614648753,-0.0073277754157,-0.0519483880549,0.6679771004938,0.1413627212618,0.2089739993208,-0.0046153226299,-0.0379109226088,-0.0346983680495,0.0047057566877,0.1738263182569,0.2133106299170,-0.0299935988436,0.2388893192547,0.0802605025980,0.1119230234610,0.0350896819288,0.0820424841540,-0.1413643493872,0.1631687901874,-0.1167395950475,0.1187768261415,0.1775125665449,0.0862856370529
