1.0000000000000,0.4591624492247,0.6967967350968,0.1403722808381,0.8998068474086,0.6354361735940,0.4601501489859,0.3677480639915,0.4816352437473,0.3320940543984,0.3984424455545,0.5240483376198,0.5570086184137,0.4073403244698,-0.1638854917322,0.0086801758046,0.3829739279347,0.2192402846380,-0.0069039087269,0.5407228568388,0.4008983155214,0.1816820356086,0.4235337324352,0.3255831826622,0.5207658572475,0.5384148230106,0.6245911537404,0.0343425187025,-0.4922917162193,0.0534702528877,0.0627284921723,0.5755473575087,0.3812381447386,0.1468336804561,0.0968017661415,0.0027480800407,0.1335109446313,0.5584919767761,0.0027019416388,0.1893454420600,-0.0379564959537,0.4543995115883,-0.1948951707177,0.4843725093362,0.5166558892886,0.2669846715500,0.4427904367058,0.5985156696761,0.2659131290962,0.0724860079679,0.7528754590706,0.6123441901110,-0.0407819392446,0.6968431637590,0.6032343120888,0.3774055217549,0.4070917123063,0.2117406489812,0.2197401383710,0.4679011400090,-0.0797374865327,0.3530752307938,0.3538878619512,0.2361106784013,0.0066421609694,-0.5375350263228,0.0411694778155,0.1202676159599,0.2401403503125,0.5102137240074,0.0150535767183,0.2528799180354,0.3154239377046,0.5988590025269,0.1394300916769,0.5582815276759,0.5988087926586,0.1636056950841,-0.4449647616740,0.0017162648316,0.3741689474803,0.3957287486943,-0.3547381704406,-0.4639629944690,0.3979350423137,-0.0329035527547,0.0982731905628,0.0313896727133,-0.4431280081916,0.5649220878445,0.0751575654336,0.0151443544458,0.4997203889717,0.2279043843013,0.3098715738169,0.5039636563519,-0.2027804716337,-0.2282558003246,0.0925712428894,-0.3559042329416
0.4591624492247,1.0000000000000,0.6359407837183,0.2578299465048,0.3581729245549,0.3890427474374,0.2876674640643,0.1373630928705,0.2077738038293,0.1481099743161,0.2734019802809,0.3120127886727,0.3997096828528,0.7273813597994,0.0250285506079,-0.1437403817800,0.2250666582959,0.0636900421857,-0.1324817080441,0.2457890726383,0.2374836004580,0.1420984440593,0.2037616095327,0.0624309288962,0.2901757461477,0.3186489220966,0.3377707611254,0.0124532856063,0.0784961242978,0.4033497090285,-0.1372809827929,0.2966922760375,0.1698806814527,0.1196422953126,0.0433115758592,-0.1823942118324,-0.0661940220373,0.2401357834209,0.0005660859012,0.0152339092749,0.0015937345255,0.1252171205697,-0.1879681910948,0.2548244698854,0.2735862249742,-0.0559876923643,0.1513787305193,0.3665497334349,0.2641107936401,0.0092767224850,0.4990801392106,0.8112955005058,-0.1485006104589,0.4366964510081,0.2194217989627,0.2410224095820,0.2846511471760,0.0611620522944,0.0388769748576,0.2010682998186,-0.3129037486307,0.3025047335657,0.1999330320061,0.1910469818204,0.2111489665849,-0.3780129789529,-0.1642064860921,-0.0488942929071,-0.0597227562763,0.1891015579356,0.0484379392971,0.0367204078778,0.0618540261599,0.3337669461844,-0.0719148453075,0.2330224389017,0.2493237234787,-0.0272343669303,0.1443750132685,-0.1967140296482,0.1362428652005,0.1119768975089,-0.0230350685160,-0.4516150469067,0.2501466119416,-0.1745141296327,-0.0976356672120,-0.0227497898708,-0.4378712105133,0.2667500245588,0.0180568796979,-0.1578367046435,0.2947086339304,-0.1483247286969,-0.0215624493309,0.3402092016552,0.1675742548429,-0.1682613186189,-0.2589161045183,-0.4037350069302
0.6967967350968,0.6359407837183,1.0000000000000,0.2556732789478,0.6645882685231,0.8345607204821,0.5532779068538,0.3960850665960,0.4183978571286,0.3414621697551,0.2313888360829,0.3250066360669,0.5864026584017,0.5253590920713,0.0338193839959,0.0162709148055,0.4215068419923,0.0398166408777,-0.0491639045518,0.4526288340250,0.4037954929235,0.1319229769791,0.2520838565947,0.2779232029602,0.4203537909805,0.5388543132584,0.5095607610828,-0.0987285558870,-0.3589332986814,0.1531495638894,0.0801003116475,0.4673835505587,0.3620378612573,-0.0131687248124,0.0996029498730,-0.0229216816956,-0.0111632509187,0.4458630396366,0.0112657079854,-0.0071168526622,-0.1712105454017,0.2015680291441,-0.1072270460528,0.4135492988587,0.4629411524865,0.0276311869093,0.2297178355017,0.4988223492245,0.1187723168360,0.0349411880586,0.5965159801135,0.7867562247312,0.0452659434323,0.8691024556612,0.6373725870731,0.4772052222953,0.3486573502275,0.2345996164739,0.2020165682842,0.3985922767174,-0.1319233896645,0.2561116500038,0.1859201057958,0.2076342636954,0.1691070934467,-0.5437469443111,0.0431048162659,0.0977311392796,0.1787873946612,0.3956258731065,-0.0135425441531,0.0444264254083,0.2077419990870,0.4632006829689,0.1157812038955,0.3950224145014,0.3954170220077,0.0220318699593,-0.2668190483624,-0.0180001412564,0.1681550715653,0.2369373314684,-0.2064833649647,-0.4684418174648,0.3087901816519,-0.2435160656219,-0.0327771583786,0.0627227084252,-0.4749854427283,0.4108749720813,0.0611732999913,-0.2167072778376,0.4126378203087,-0.0548919609339,0.0712934003235,0.4325603881354,-0.1105421700896,-0.3121609007866,-0.1989009987088,-0.4800727578497
0.1403722808381,0.2578299465048,0.2556732789478,1.0000000000000,0.2951417166274,0.4548945231969,0.7060623318267,-0.0510675806183,0.1656216387146,0.3779754741279,0.3242283772732,0.2763794537983,0.2911025648292,0.2201064407123,0.7341853955004,0.2687833150526,0.1379859932018,0.1182039538100,0.3910854427850,-0.1016981651623,-0.0071663158423,0.1255679569041,0.2027586983625,-0.0266111317193,-0.0559415578930,-0.0990002103844,-0.0272949254115,-0.1392561889755,-0.0471007751786,-0.3290006263912,0.1620773965275,-0.1033126602179,0.1962985863872,0.0041505686080,-0.1465752699142,0.0907512544472,0.0394514641972,-0.1066697031031,0.2692749792573,0.1019060207634,0.1969398747511,0.1985799800205,0.3337467830761,-0.1485986175574,-0.1665256383125,-0.0153833768551,-0.0725886925136,0.2624595098698,0.1443978057172,0.3261644866533,0.2489539728388,0.1068066141596,0.6678502711961,0.4181039604249,0.4525599508409,0.6441110392533,-0.0214889041429,-0.1936142884912,-0.0792147121840,0.1640353216138,0.2037432805615,0.3284274688409,0.3037427230069,0.2911945600209,0.2310448972975,0.3852906868424,0.0486243016454,0.1727810508968,-0.0488924881872,-0.0609275996513,0.0022768414074,0.1629474656354,-0.0542884734640,-0.0884385991726,-0.2523574202012,-0.2594085449781,-0.0920057729421,-0.1596460259917,-0.0948430835786,0.1221940737555,-0.0877730708720,0.0471961806022,-0.2258058018649,0.1558298449022,-0.3866099467743,-0.2606708452184,0.0263142271946,0.1089462943381,0.1668144632100,-0.1642230165814,0.2245178102673,-0.0635873885651,-0.0698473102231,0.1639823210940,-0.1374492614727,0.2759627283574,-0.0409381328942,0.1854648836551,0.2012201462046,0.1151892225012
0.8998068474086,0.3581729245549,0.6645882685231,0.2951417166274,1.0000000000000,0.7235482443665,0.5920353475628,0.2610304059960,0.4430407073348,0.3334294802059,0.4978923680741,0.5833219022166,0.5409504163584,0.3034615629631,-0.0661944014869,0.0251395596772,0.3253256032845,0.2144418982907,0.0527205804793,0.4195279734188,0.2873620888507,0.1280203347112,0.4576118515731,0.2568662372437,0.4012724235669,0.3908473079539,0.5054856314468,0.0159059068307,-0.4820906113893,-0.1566062869317,0.0752259490840,0.4492439478258,0.3595009110138,0.1025487810479,0.0038597100182,0.0012377726957,0.1310022659320,0.4323871448847,0.0480007887783,0.1961044828322,-0.0651102690365,0.4416599923173,-0.1641517635982,0.3560508530447,0.3441707473469,0.2436502201510,0.3628229179116,0.6110422789189,0.2929467227263,0.0769467097268,0.7297681115241,0.5014643182270,0.1254540869889,0.7485572143289,0.6978162468530,0.5213368944013,0.3489214798809,0.1045824379214,0.1322900483396,0.4334286527053,0.0551711563565,0.4359076953650,0.4849918947041,0.3848692074885,0.0161019832454,-0.3741882017276,0.0244541609230,0.2320683281655,0.1730500192998,0.4283360187235,0.0544042200370,0.3460084650649,0.2999386228116,0.4800597194403,0.0239372015507,0.4313021141064,0.5240013678651,0.1773757480497,-0.4508883761314,0.0665901569358,0.3014713863639,0.3910768674927,-0.4123549155096,-0.3399753717242,0.2156163582631,-0.0148974009184,0.1224736299458,0.0370676472096,-0.3245102392772,0.4519064331399,0.1034503590676,0.0780572537668,0.3798529345577,0.2706361689684,0.2855423192143,0.5318544952552,-0.2057501156193,-0.1356031263814,0.2295831281463,-0.2421332967486
0.6354361735940,0.3890427474374,0.8345607204821,0.4548945231969,0.7235482443665,1.0000000000000,0.7621874479128,0.3954538115518,0.5037005002685,0.4556989655335,0.3581337012759,0.3687782937965,0.6186306947869,0.3287026163679,0.2210433751560,0.1959127140780,0.4187086968123,0.1663418236643,0.1764444202667,0.4000929432481,0.3208607730749,0.1651187745380,0.2739735379934,0.3550122655371,0.3233567533069,0.3870939997194,0.4318442258563,-0.0427185566849,-0.4398278278570,-0.1486488776953,0.2520824339181,0.3582231223640,0.4217990563569,-0.0256577503883,0.0942271779460,0.1569974857265,0.0693193822876,0.3529432782601,0.1291973308234,0.1030523261424,-0.1293207184922,0.2556773157951,0.0040251822832,0.2796240052800,0.3336554213255,0.0819922268972,0.1912365751323,0.5936800822372,0.0826271518571,0.1476336467720,0.4791261558013,0.5489005828818,0.2893356864865,0.9536409794404,0.8551468313845,0.6407992838292,0.3529107092887,0.1982850616101,0.2136929010880,0.4562857004909,0.1080760716386,0.3719835139535,0.3003258566272,0.3430435783065,0.1584606397343,-0.3710260822600,0.2232007537678,0.2760137944011,0.2747037873758,0.3908109814773,0.0077110736436,0.1377752562563,0.3242818000290,0.3608981968861,0.1030775562315,0.2534028578812,0.3324003975922,0.1098614483507,-0.3840659558081,0.1909057266793,0.0898160648508,0.3007819667967,-0.3449434036011,-0.2510648652930,0.1439118853098,-0.1757932277995,0.0494610314576,0.1955023786279,-0.3227589217173,0.3134452301188,0.1176111809564,-0.0846465728671,0.2754828992601,0.1044375445802,0.0728784487118,0.5297693679613,-0.2019738128569,-0.2213667772678,-0.0277388015522,-0.3055124765440
0.4601501489859,0.2876674640643,0.5532779068538,0.7060623318267,0.5920353475628,0.7621874479128,1.0000000000000,0.3253291509272,0.4661786659269,0.3961461196386,0.3572835216238,0.3405576626247,0.6474472861317,0.3483449802944,0.3595795385458,0.4132618316280,0.4838252039661,0.3080173051477,0.3079312678944,0.2650048670733,0.2984807896590,0.0765653918131,0.1744654851577,0.3899437162989,0.2273805769292,0.1997476705625,0.2866517655811,-0.0861434923661,-0.3718885966231,-0.2101638310196,0.3797945468834,0.2097930894207,0.3903623910354,-0.0099804514554,0.1373441410870,0.1706192487183,0.2327459039258,0.2422442525006,0.4171963342514,0.1463525022837,-0.0201769057604,0.2473877830405,0.2719780629809,0.2000198904624,0.1888708095943,0.0477726927891,0.0498838239907,0.5409357265329,0.0830449615159,0.1896689107286,0.4151370762901,0.3301126018502,0.5007896740168,0.7223205446481,0.7325926281742,0.9332149993349,0.3081624483068,0.1392370202522,0.2310124626767,0.4535496664005,0.1803012904032,0.4336685992778,0.3091961259959,0.5140715450690,0.1619956670402,-0.0374228955012,0.3271557285383,0.4992925945389,0.2579671881419,0.2983382669808,0.1314144326920,0.0932559113476,0.3165516604955,0.2282882771903,0.0407149980418,0.1097591123814,0.1784184244499,-0.0053724357172,-0.3701479603641,0.3188813378135,0.0084199079258,0.2537574314062,-0.3435734344604,-0.0484492396908,-0.0943902944981,-0.2587522429505,0.1534756422771,0.3451061867920,-0.0187602363105,0.1700575404554,0.4036754978011,-0.0000873743815,0.2011730671980,0.1159321032050,-0.0225150346200,0.5263690097747,-0.1271263481200,-0.1121035244582,0.0416589737785,-0.1052085583551
0.3677480639915,0.1373630928705,0.3960850665960,-0.0510675806183,0.2610304059960,0.3954538115518,0.3253291509272,1.0000000000000,0.7802874986817,0.3440185776623,0.1456180873844,0.2065494628233,0.6647833844438,0.2248599865415,-0.1959713827638,0.4286794102673,0.7281579619999,0.3835868223771,0.3772325482823,0.7266984617216,0.5561266923961,0.2138870104898,0.0787534569467,0.6113653168471,0.5917177533562,0.4757434204573,0.5295378283346,-0.0787737084746,-0.3772223685470,0.1290919083146,0.5296980113687,0.4609950262901,0.5116566699205,-0.0592013236887,0.3195841813791,0.3882420542689,0.0790359109306,0.5293412187326,0.0287051795969,0.0886934992715,-0.0853456513975,0.1581853582963,0.1294053887185,0.4973479388814,0.6007685635771,0.0800382566568,0.1666064868695,0.3020461095487,-0.0949557317198,-0.0188874968448,0.2113433747740,0.3781198100303,-0.0704813251613,0.4173652662439,0.4627832971250,0.2881035508035,0.5800630810049,0.6593873626314,0.6641993705169,0.6685665299499,-0.0550950616410,0.2034256175530,0.0059412878518,0.1805624022222,0.0482039279713,-0.5713152165292,0.5907755647770,0.4082440842405,0.6730982670296,0.6915648791661,0.0250172249941,-0.0806905163991,0.4974932952224,0.4936300466489,0.5992230691421,0.3966350872369,0.3634988636119,-0.0005017957291,-0.3277371386255,0.4618045791126,0.0444708600650,0.3393152341376,-0.2943625427667,-0.1104575200737,0.4402063418358,-0.1783220860799,0.0093862779359,0.2696513585476,-0.3138778019084,0.4277237675614,-0.0149067544773,-0.1306483958908,0.4187116882676,-0.1094581824235,0.0585468472432,0.2639004612597,-0.1470075214425,-0.4077085057799,-0.2706522252580,-0.4246640932588
0.4816352437473,0.2077738038293,0.4183978571286,0.1656216387146,0.4430407073348,0.5037005002685,0.4661786659269,0.7802874986817,1.0000000000000,0.3523193198092,0.4957274712752,0.4422130016633,0.6955260589071,0.1918315160722,-0.1497796911899,0.3502250963897,0.5894234195092,0.4182584001321,0.4297200973883,0.7461206749484,0.4877121781051,0.1791047820682,0.3274626233377,0.5705226938602,0.6289589008148,0.4918585799925,0.6561147824515,-0.0638514999106,-0.4573799652604,-0.0473125973637,0.3822487828165,0.4986936334467,0.5495079658687,-0.0416937530078,0.2056105594643,0.2998868541030,0.1175256476103,0.6200733534160,0.0593759241257,0.1745186288419,-0.0862654717826,0.2643661870529,0.0334348887430,0.5405912359156,0.5596101689011,0.1810112892029,0.2497342887032,0.5054468245728,-0.0439832696102,0.0765430133180,0.2796836935572,0.4145515788494,0.0478885939397,0.5023925370875,0.5603796530647,0.4089279845092,0.6479328966004,0.4670583671235,0.5158751233479,0.8778649268656,0.0318387106185,0.5215588883556,0.3275933790625,0.3507628874190,0.0237852563614,-0.4192203435888,0.4702861398990,0.4382715057818,0.6232293283984,0.7537137351522,0.1722278324796,0.2049554819818,0.5643950570321,0.5708400174924,0.4629973130004,0.4768177468747,0.5625624956085,0.0580171459934,-0.3908786635854,0.3769156475313,0.1986813506271,0.5249495357369,-0.3955187229397,-0.1640512087970,0.3900715978114,-0.1474104674794,0.0598308432633,0.2063847203345,-0.2264936961743,0.5316442279754,0.0327321785656,0.0121989234704,0.5235883409667,0.0634526642912,0.2046905953133,0.4677021919156,-0.1873576470469,-0.3679427012363,-0.1291323345007,-0.2620661547028
0.3320940543984,0.1481099743161,0.3414621697551,0.3779754741279,0.3334294802059,0.4556989655335,0.3961461196386,0.3440185776623,0.3523193198092,1.0000000000000,0.3424840124611,0.5360836306369,0.5756583142550,0.1303975110861,0.3836628689937,0.3282550052762,0.5037166642958,0.1822435994347,0.3655637653843,0.3829391079543,0.4405325351758,0.6576938476231,0.5117483207893,0.3984026604237,0.3704512431554,0.3581145426008,0.4212613039109,0.1687673798655,-0.2070327205625,-0.0926286285174,0.4080987912850,0.3990819828135,0.4987139398449,0.1018775313632,0.1861034927685,0.3872870097894,0.2899787131556,0.2428665343271,0.0959046333718,0.1773603781320,0.1651111969076,0.4515720504065,0.2230278086795,0.1585108254104,0.2924897741196,0.4048620857301,0.4327232881605,0.2851178818193,0.1033170889035,0.3714153581469,0.1176976133933,0.1075909020620,0.1766864763501,0.4964920072826,0.4760583256495,0.2433415900578,0.4646987543847,0.1110266880832,0.1925439827454,0.3609465367263,0.5425346723218,0.3619674459301,0.4500273299505,0.2801652492602,-0.0201559487815,-0.1781769233059,0.2576201253786,0.2755836389969,0.3248913047140,0.3340847540104,0.2110139775576,0.4293865485046,0.3797945552230,0.3475679121788,0.1543172803027,0.2540127529304,0.3228946740284,0.0984800040763,-0.2917279029795,0.2364572498091,0.2903156306398,0.3227567980388,-0.3606170566467,-0.1340415737881,0.1749356953403,-0.0480449355211,0.2743602924520,0.1869870525227,-0.1069883249078,0.1820132617832,0.0114040413440,-0.1407531298416,0.1817668808722,0.3026421981126,0.3022939125270,0.2265873223951,-0.2760562650333,0.1025323429639,0.1801414845863,-0.0567894574976
0.3984424455545,0.2734019802809,0.2313888360829,0.3242283772732,0.4978923680741,0.3581337012759,0.3572835216238,0.1456180873844,0.4957274712752,0.3424840124611,1.0000000000000,0.8573740428593,0.5424777694769,0.0191965711916,-0.1543666320634,0.1004748882901,0.3355054647629,0.4255384700504,0.1756004392466,0.4272232984487,0.3870925968605,0.3034995042456,0.7015340246360,0.2377666184085,0.3333352746395,0.2388752043871,0.5115802282142,-0.0175697587193,-0.2547910658272,-0.2351879170755,0.0206999071234,0.4203927296174,0.4405270318427,0.0754622638493,0.0642298749230,0.0721669195677,0.1724698300682,0.3165132238712,0.0946946357266,0.2859825693429,0.0774093771901,0.4042973432526,-0.0304244530645,0.2763309562638,0.2257905371844,0.3724558220895,0.3934528156114,0.6517926571100,0.1081924459730,0.2111185247646,0.1889904595633,0.2767083006023,-0.0900169887034,0.3388550834292,0.3577660828083,0.3154021937355,0.4533083997387,-0.0775366267963,-0.0337876949493,0.3996374205378,0.2001133552264,0.9030523647309,0.8230747307793,0.5483950134681,-0.2389371390504,-0.0742468968641,-0.0234514157558,0.3634877919334,0.0200484217225,0.4020903591810,0.4624075987572,0.6864299196790,0.3971700410042,0.4263271604018,0.0434756037695,0.3538219204256,0.5534163651977,0.0654556907209,-0.2300591512133,0.0637817370400,0.3961776573066,0.5439858753208,-0.4050769833118,-0.1748796059136,0.1816331474153,0.0016616143690,0.1260126076781,0.0459578266194,-0.0042709290754,0.3279642866327,0.0931152967440,0.2092814178341,0.3264883033949,0.3896850191069,0.4565247850808,0.6579172907377,-0.1681953258751,-0.0086413924955,0.2480257227342,0.1308395254599
0.5240483376198,0.3120127886727,0.3250066360669,0.2763794537983,0.5833219022166,0.3687782937965,0.3405576626247,0.2065494628233,0.4422130016633,0.5360836306369,0.8573740428593,1.0000000000000,0.6067964129148,0.0493066929019,-0.1569944788420,0.0681842897860,0.4617050935740,0.4286777065686,0.1796752209684,0.5463556824317,0.5201856789370,0.4094211577886,0.8571487064312,0.2383560632827,0.5189117140726,0.3717346376751,0.6102797284183,0.0166433482140,-0.3420735580240,-0.1976996459796,0.1038407393891,0.5560018512910,0.5857769587690,0.1232478112759,0.0553194662387,0.0754669016670,0.2526241125526,0.4136949636013,0.0227895608116,0.2444796340830,0.0726710622233,0.4919728156075,-0.0472422331209,0.3384811603688,0.3528719177462,0.5042848031241,0.5676174942800,0.6229353256451,0.0704557496971,0.2713775304996,0.2674872579905,0.2888103011473,-0.1570418531872,0.4258810724317,0.3431049241483,0.2605460465331,0.5030238576796,-0.0479873764123,0.0304622343808,0.4022585391447,0.2434033774224,0.8020628137440,0.8730352211538,0.4903706892285,-0.3618066081937,-0.2081104851292,-0.0503143772398,0.3708600859750,0.0392738322647,0.5264333137481,0.4704677248303,0.7568996351884,0.3582497411270,0.6007993515233,0.1115916677140,0.5067285564125,0.6719849249195,0.1050160854455,-0.3557499121793,0.1262193843921,0.5268100594914,0.6484025148970,-0.5399689737221,-0.3073720113542,0.2874638667092,0.0204899491071,0.1902491522876,0.0000176044030,-0.0755187248121,0.4450897014807,0.0377905797448,0.0692508273727,0.4011240237364,0.4606149197063,0.5857128630381,0.6000959179171,-0.3356777409560,-0.0380583052841,0.2646668803796,0.0738247905018
0.5570086184137,0.3997096828528,0.5864026584017,0.2911025648292,0.5409504163584,0.6186306947869,0.6474472861317,0.6647833844438,0.6955260589071,0.5756583142550,0.5424777694769,0.6067964129148,1.0000000000000,0.3715514726292,-0.0479737876923,0.3407266152320,0.8336532673595,0.3788362863374,0.2432578984457,0.6900476417768,0.6737300516878,0.2897727470396,0.4141619365546,0.5442186921565,0.6438945169098,0.5163907352967,0.6659424215622,-0.0582782555601,-0.4139832425220,0.0531106532999,0.3661788932052,0.5841514183719,0.6824632596222,0.0125330659941,0.2737264250347,0.2055678887899,0.1759565088310,0.5208669708911,0.1836603613884,0.1427403130012,-0.0336084493428,0.3459336878732,0.1173220480497,0.5293910449127,0.5727403420346,0.2660792108317,0.3380216405828,0.6112723529012,0.0560432909811,0.1805464560403,0.3632890754171,0.5092066431621,0.0199651593152,0.6522993151771,0.5978245999109,0.5866192875113,0.6604052377710,0.3889897089663,0.4350281070117,0.6606489900370,0.1478986421364,0.6310722039310,0.4849132618905,0.6308021353934,-0.0067928761539,-0.4529642418941,0.3293222910312,0.5586543869347,0.4007018331470,0.6649288772712,0.3116185278405,0.2579053608236,0.5098770348270,0.6382642507409,0.3562293885114,0.4850935183764,0.5357084059831,0.0080675269921,-0.3558162123728,0.3153190344577,0.2530493303535,0.5371824997649,-0.3740313199947,-0.3054728580702,0.3673298415521,-0.2066930212663,0.0821843534073,0.2468248671916,-0.2620729615955,0.4711865221684,0.1852734663324,-0.0930658597695,0.4912193063987,0.1325765589622,0.2568900956415,0.5927618109950,-0.1771733647637,-0.2187050196279,-0.0694631816001,-0.2501073160679
0.4073403244698,0.7273813597994,0.5253590920713,0.2201064407123,0.3034615629631,0.3287026163679,0.3483449802944,0.2248599865415,0.1918315160722,0.1303975110861,0.0191965711916,0.0493066929019,0.3715514726292,1.0000000000000,0.1013857381089,-0.0500456623102,0.2207219769886,0.0055316664504,-0.1588512577505,0.0995153370929,0.0832849767397,0.1498535586158,-0.1005006075750,0.0506752346712,0.2119198984667,0.1141842189634,0.1571913145030,-0.0064503384839,0.2487819291451,0.6371626355434,-0.1021545348642,0.1102266864353,0.0608288246393,0.0236564631379,-0.0591067172890,-0.1859037554820,-0.1435313399029,0.1493298029759,-0.0603849390533,-0.0189437485035,0.1657554646138,0.0607625125490,-0.1622879829313,0.1242008835624,0.1399069849612,-0.1203202702167,-0.0733502090191,0.1217293780155,0.4664685894142,-0.1533096365050,0.5657492649175,0.6378904276860,0.0179752752934,0.3402778787351,0.2487214306468,0.3198307697547,0.1573032469112,0.3425881009777,0.2520239778043,0.2608744926429,-0.1912871899691,0.0925254065028,-0.0076171269277,0.1638942959464,0.5417685279782,-0.3645720501747,-0.0758001235683,-0.0414857517598,0.1193590047086,0.0923746754150,-0.1921091892183,-0.2070002552752,-0.0233122986604,0.2009020905529,-0.0846057054555,0.0545975413723,0.0330605920061,-0.1063484209261,0.3049212394381,-0.1922991491039,-0.1297790987309,-0.0820109310071,0.2365974588993,-0.4155519678832,0.0535000352712,-0.2760217654216,-0.2019466935174,-0.1199068498727,-0.5063085374888,0.1223353804226,-0.0400279072503,-0.1745663224477,0.1289603834831,-0.2355552544363,-0.2564746449592,0.0958801141930,0.5096411974816,0.0201466358914,-0.1917625916236,-0.5230053993961
-0.1638854917322,0.0250285506079,0.0338193839959,0.7341853955004,-0.0661944014869,0.2210433751560,0.3595795385458,-0.1959713827638,-0.1497796911899,0.3836628689937,-0.1543666320634,-0.1569944788420,-0.0479737876923,0.1013857381089,1.0000000000000,0.2167360025672,-0.1159151071170,-0.1514701585022,0.3672188449153,-0.3630593760390,-0.2503524549230,0.1777847708514,-0.0660606613845,-0.1228394719832,-0.2912401719997,-0.2459938990262,-0.3080430364310,0.0046053566975,0.2026241276280,-0.2148728819784,0.1982299119464,-0.3466842930778,-0.0496543875487,-0.0424900972511,-0.0897936535668,0.2097219708909,0.0239913616693,-0.3592939780066,0.2926459120973,-0.0037641825786,0.3007842533522,0.1166914634801,0.3987585315581,-0.3735875523627,-0.3148051948811,-0.1020023248882,-0.2252578779850,-0.0974777542659,0.1292355209026,0.3954715930512,0.0216831603186,-0.1836501689936,0.7109061794160,0.1734960412340,0.2421433147243,0.2546316500775,-0.2833995707431,-0.2439447040092,-0.1426892564912,-0.1187886133802,0.2547651523522,-0.1528013819115,-0.0687428909065,-0.0411581942428,0.3372771184816,0.4906920064388,0.0726839847050,-0.0953022196871,-0.0368217219800,-0.3440050273002,-0.2473889067208,-0.0680744556812,-0.2109058458521,-0.3765587950950,-0.3459247924132,-0.5108236543755,-0.4060260673373,-0.1280188893377,0.0825373477968,0.0719760000737,-0.2668618446931,-0.2681811138810,0.0392373179618,0.3024289715548,-0.4384449652760,-0.1983041670175,0.0716141904596,0.1644634868534,0.1761003048315,-0.4144515532631,0.1843485118122,-0.1289910573759,-0.3139990068238,0.0523031295494,-0.3196475232562,-0.1228378107424,0.0111130010403,0.3463966004369,0.1575170493518,0.1313186143719
0.0086801758046,-0.1437403817800,0.0162709148055,0.2687833150526,0.0251395596772,0.1959127140780,0.4132618316280,0.4286794102673,0.3502250963897,0.3282550052762,0.1004748882901,0.0681842897860,0.3407266152320,-0.0500456623102,0.2167360025672,1.0000000000000,0.4752054595532,0.3775280998112,0.5533103252008,0.3526056692596,0.4267959332376,0.1812571277596,0.0694864144439,0.6178732833796,0.1087441663613,0.1147136436606,0.1561088546171,-0.0127002120559,-0.2339515555567,-0.1517851625055,0.7673455233838,0.2290582808766,0.4117435377438,0.0149655289258,0.4909043132604,0.7070821757353,0.1869058464409,0.1840211217247,0.3035185330554,0.1375626322042,-0.0074124454906,0.1599306830406,0.7148159189291,0.0466479673948,0.2286974729725,0.0896858984164,0.1095710769419,0.1971240201047,-0.0473992737767,0.1770276441163,-0.1114629600079,-0.0508536707675,0.3348332130607,0.1549778325621,0.3208724014916,0.3871645402079,0.2920707700167,0.1788894009336,0.3149333419243,0.2348304730717,0.1224586765880,0.1620428132618,-0.0346123639451,0.0936747506241,0.0533124716500,0.1102214873399,0.8625863452909,0.4254478597116,0.4832998617404,0.2613830134288,0.1852296022460,0.0213050081244,0.4680244128927,0.0089693281171,0.5287100025977,0.0242385535585,-0.0175472869838,-0.0067728109091,-0.2424226228447,0.6693347588658,-0.0229072152353,0.1982809574349,-0.2299651369220,0.4446508324103,-0.0247724742757,-0.1123195126476,0.1283115145751,0.5734697616297,0.2866675401555,-0.0135997946209,0.1969534217527,-0.0755082029348,-0.0288845839392,0.0825662133319,0.0394453483328,0.1867347442197,-0.0744635109946,-0.1124605634858,0.0143110838667,0.0594745906011
0.3829739279347,0.2250666582959,0.4215068419923,0.1379859932018,0.3253256032845,0.4187086968123,0.4838252039661,0.7281579619999,0.5894234195092,0.5037166642958,0.3355054647629,0.4617050935740,0.8336532673595,0.2207219769886,-0.1159151071170,0.4752054595532,1.0000000000000,0.4662633623096,0.2181745362750,0.6831728368239,0.8140705294098,0.2760094122665,0.3083549627566,0.6355545626519,0.5513534556458,0.5440874828767,0.5673727773212,-0.0979057283311,-0.4279032236341,0.0240702111594,0.5089602749306,0.5820108102819,0.6778238695928,-0.0188598756257,0.3956569962701,0.2624123107457,0.2198341691873,0.4576430551868,0.1813552584781,0.0705433763998,-0.0947479293713,0.2604369135746,0.2724588007898,0.4931755645643,0.5700963056462,0.2209051837979,0.3133237621930,0.4206521984362,-0.0589835043892,0.1600722120169,0.2090583892612,0.3454740014524,-0.0270798320618,0.4746594726725,0.4554442981300,0.4747794260038,0.6480611056834,0.3651569056348,0.4208773503126,0.4645066782303,0.1340388372964,0.4407670459221,0.2664323085925,0.4501631926941,-0.0778654559308,-0.4017480780049,0.4387165322820,0.6599401175794,0.3622169163745,0.6036738986154,0.4437618858393,0.1523756485083,0.5628442170117,0.5233835433845,0.5550110467782,0.4984135706465,0.4189466626989,-0.0348650713391,-0.3711865568831,0.4722919694750,0.2563880733799,0.5065315279158,-0.3384787006459,-0.1766745994722,0.3750250011867,-0.1644113105718,0.1065017613603,0.3440548271830,-0.0808312458191,0.3500836869544,0.1867867238148,-0.1489356824575,0.4381679156201,0.0848628357985,0.2545894118294,0.4441626229597,-0.1697525235343,-0.2434123642208,-0.0479360085244,-0.1162420963143
0.2192402846380,0.0636900421857,0.0398166408777,0.1182039538100,0.2144418982907,0.1663418236643,0.3080173051477,0.3835868223771,0.4182584001321,0.1822435994347,0.4255384700504,0.4286777065686,0.3788362863374,0.0055316664504,-0.1514701585022,0.3775280998112,0.4662633623096,1.0000000000000,0.2549444316032,0.4871975128355,0.3927196197746,0.1239384125931,0.2932614530266,0.4606355744198,0.3185411929104,0.1868327619724,0.4111387647224,-0.0139849932906,-0.2863535872362,-0.0607749214392,0.4600295423685,0.3715858560329,0.4292528986568,0.1004695322671,0.2171140434085,0.1773824280794,0.3558297799143,0.3851162655652,0.2904756619156,0.2816360207784,0.0976653200835,0.3869800672286,0.1575979393726,0.2485431156962,0.3232031261546,0.3082738984195,0.3165975676489,0.4120108553396,-0.0821250692163,0.2895181366245,0.0514144297031,0.0321633141093,-0.1211691208560,0.1429671354313,0.2219312787391,0.2231739835939,0.3666739743849,0.2146910715867,0.3202256829889,0.2872293145139,-0.0752399545954,0.4283712062385,0.2228067349155,0.1648012403935,-0.2678709164158,-0.0832233029294,0.3158925323989,0.5166581790390,0.2035998394863,0.4813442388253,0.2477206782002,0.2691566291121,0.4233808431871,0.3127012023669,0.3299181986868,0.3262277519806,0.3740066392341,0.1013997762524,-0.3025075022543,0.4817393025382,0.2374004180191,0.4135445430642,-0.2818117320878,-0.0978545174193,0.2010184344825,0.0376278764137,0.2390114948222,0.3340422536111,0.0872460806161,0.3351472294340,0.2217011428936,0.1448300530224,0.3192976690379,0.2776893373805,0.3534612803776,0.4067028883780,-0.1946945408673,-0.2501607785313,0.0637624546079,0.0508300662773
-0.0069039087269,-0.1324817080441,-0.0491639045518,0.3910854427850,0.0527205804793,0.1764444202667,0.3079312678944,0.3772325482823,0.4297200973883,0.3655637653843,0.1756004392466,0.1796752209684,0.2432578984457,-0.1588512577505,0.3672188449153,0.5533103252008,0.2181745362750,0.2549444316032,1.0000000000000,0.1696377088710,0.0957764856010,0.2055266859735,0.1333266362192,0.2567038046916,0.0892276830994,-0.0619792363260,0.0452167463647,-0.1019694439397,-0.1927558657305,-0.3082257209542,0.5962185752117,-0.0468646700952,0.2077660018298,-0.0106626854463,0.1402479627281,0.7788008864510,0.1907412161984,-0.0206466748700,0.2278238695107,0.1954079346834,0.1746214214754,0.2171857314214,0.4210542226256,-0.0835416684648,0.0048141766641,0.0258578341841,-0.0252618669484,0.1249383914416,-0.0396909661975,0.3019712505270,0.0391817147207,-0.1939447005483,0.2469917908995,0.1744305809564,0.3042507128245,0.2193741572122,0.0754542382365,0.0222479451711,0.2122171951440,0.3857989271268,0.1268581841506,0.1435778724459,0.1155094821223,0.0945788635249,-0.1509264464784,0.1487451447566,0.6005713284685,0.2081397982831,0.5263374822487,0.1919068201606,-0.0110945749484,0.0890811274011,0.1979225657119,-0.0545419548411,0.1563031763727,-0.1775621375790,-0.0251969943334,-0.1190223124375,-0.2772712008591,0.4780913009526,-0.0540658858341,0.0558245226072,-0.3562224472732,0.4236715550196,-0.1106328924842,-0.1970950715191,0.1680546483448,0.3828490101335,0.1876187979902,-0.0745288397012,0.0688543990602,-0.0044147078083,-0.0750892018524,0.1024314879808,-0.0945227164603,0.0665125320503,-0.2976548157438,-0.0723012567273,0.0264105183796,0.0162460595628
0.5407228568388,0.2457890726383,0.4526288340250,-0.1016981651623,0.4195279734188,0.4000929432481,0.2650048670733,0.7266984617216,0.7461206749484,0.3829391079543,0.4272232984487,0.5463556824317,0.6900476417768,0.0995153370929,-0.3630593760390,0.3526056692596,0.6831728368239,0.4871975128355,0.1696377088710,1.0000000000000,0.7418077104133,0.2558141250901,0.5100449540950,0.6547328417408,0.8549564228220,0.7369152954855,0.8667646623173,-0.0175446729313,-0.5764217038257,0.0676563683202,0.4673751394303,0.8205100743531,0.7826387940914,0.0491808933968,0.3949315136363,0.2369335569219,0.2329521691018,0.8298887056481,0.0495507569273,0.1298739322014,-0.1620946494032,0.3791930053232,0.0906075659871,0.6906784050507,0.8353530947537,0.3721545950833,0.5863671351832,0.5805037075696,-0.1682599469921,0.1569380037631,0.1769630782353,0.4528123352048,-0.2450243727094,0.4620617945356,0.4170472532536,0.1881470683080,0.7296801590141,0.4328897349746,0.4679656474104,0.6454070097660,-0.0530991947484,0.4630048790789,0.2930837228483,0.1930527510544,-0.2392086040119,-0.5768135678091,0.4241492459098,0.4016334734826,0.4502165222844,0.9052764609327,0.3051641894684,0.2789933015447,0.6161036587795,0.8167530275070,0.6447847960184,0.7743766979439,0.7948142501392,0.1536848137657,-0.5142652740944,0.4313443379888,0.4636218442604,0.7285619983193,-0.4367342376765,-0.3053085731326,0.6950271333013,-0.0319733055176,0.1480341415404,0.2477674141105,-0.2418678548983,0.7714204388160,0.0417325855336,-0.1081791374156,0.6633527278821,0.2071142529480,0.4992247838675,0.5369479256845,-0.3724582722248,-0.4682906252308,-0.1571244212353,-0.2336733795329
0.4008983155214,0.2374836004580,0.4037954929235,-0.0071663158423,0.2873620888507,0.3208607730749,0.2984807896590,0.5561266923961,0.4877121781051,0.4405325351758,0.3870925968605,0.5201856789370,0.6737300516878,0.0832849767397,-0.2503524549230,0.4267959332376,0.8140705294098,0.3927196197746,0.0957764856010,0.7418077104133,1.0000000000000,0.3281352046213,0.5035401582916,0.6923158029063,0.5845244645885,0.7247630861944,0.7168957172363,0.0740835090709,-0.4193263535271,0.0986599152185,0.3797569651255,0.7556045228602,0.6507259480177,0.1543927806572,0.5524740793904,0.2472773258731,0.3041891696612,0.6192223673624,0.1866731145676,0.1959428652516,-0.1296705599333,0.2801118409153,0.3124781838454,0.6152057544309,0.6979098552917,0.3607404431707,0.5425460781868,0.5296187224020,-0.0790662099800,0.1796415916149,0.0805989670650,0.3784634723255,-0.1631907786226,0.3880366466628,0.3022588295604,0.2591683706776,0.6534948378955,0.2173664463351,0.2367686832596,0.3602904511022,0.0039533930800,0.4582530960223,0.2670941411389,0.1995370750760,-0.2512085748578,-0.3917442288175,0.3226861876026,0.4162060352508,0.2290669987612,0.5660997316401,0.5917724961867,0.3366776174187,0.6398588318844,0.6135321168747,0.6076687690057,0.6989293159345,0.5715263186847,0.1101713893487,-0.3609646795418,0.2725637053403,0.4608782896481,0.5316989980237,-0.3814210482142,-0.2300685605798,0.5249976694574,-0.0061457173451,0.2378821644980,0.3778046547051,-0.0147364844177,0.4930805232473,0.1887909492712,-0.0556029571908,0.5735248257352,0.2078027897598,0.4909493169764,0.5235127789589,-0.2699252353286,-0.2961820452745,-0.0894117610231,-0.0153439354574
0.1816820356086,0.1420984440593,0.1319229769791,0.1255679569041,0.1280203347112,0.1651187745380,0.0765653918131,0.2138870104898,0.1791047820682,0.6576938476231,0.3034995042456,0.4094211577886,0.2897727470396,0.1498535586158,0.1777847708514,0.1812571277596,0.2760094122665,0.1239384125931,0.2055266859735,0.2558141250901,0.3281352046213,1.0000000000000,0.4928467251999,0.2379149302139,0.2411516848127,0.2272538413773,0.2888158376210,0.1978729873145,0.0631084056410,0.0547078043364,0.1845739465390,0.2675499354890,0.3215996834664,0.0933852705662,0.1343538263732,0.2873339759888,0.2132742752549,0.1160162430376,-0.0664916265875,0.1729499514633,0.2883453073896,0.3194268814827,0.1140283009128,0.0397942432512,0.1830679221892,0.4622359342543,0.3889816643368,0.1298374991316,0.1965873214745,0.1683768781370,0.0469751518372,0.0427733671923,-0.0464807992083,0.1527950554280,0.2169513220229,-0.0445003061355,0.2986117005601,0.0814081738841,0.0699016072061,0.1834055839252,0.3856016973164,0.2247709226061,0.3354115813299,0.1077109746050,-0.0022757870033,-0.1967013188834,0.0998415765880,0.0579363921280,0.1725295173018,0.1612943285249,0.1695010335979,0.4647158482224,0.2487095805312,0.2362706781264,0.1101028207421,0.1564542013864,0.2263841043185,0.1197691261191,-0.0295472320319,0.0518469599457,0.1990907417264,0.2020384628146,-0.1737372226812,-0.1477375087198,0.1600212116780,0.0490458329843,0.1737417847149,0.0519710361774,-0.1190766878863,0.0370012947838,-0.1500520294789,-0.0740354749164,0.0477873867448,0.2748093614119,0.3082098930715,0.0906477821517,-0.0317234936604,0.2752759854901,0.1121017870316,-0.0140253947311
0.4235337324352,0.2037616095327,0.2520838565947,0.2027586983625,0.4576118515731,0.2739735379934,0.1744654851577,0.0787534569467,0.3274626233377,0.5117483207893,0.7015340246360,0.8571487064312,0.4141619365546,-0.1005006075750,-0.0660606613845,0.0694864144439,0.3083549627566,0.2932614530266,0.1333266362192,0.5100449540950,0.5035401582916,0.4928467251999,1.0000000000000,0.2271903803356,0.4724766858848,0.4368143963780,0.5886310942776,0.0995479374035,-0.2938345849200,-0.2369242374566,0.0935797575158,0.5901358958289,0.5877849008869,0.0961747262570,0.0691702996343,0.0985386991151,0.2121289091694,0.4007620035714,-0.0570380657177,0.1815975643255,0.0071532774847,0.4341392204768,0.0148994544924,0.2712968559354,0.3501016200394,0.5465780334452,0.6670030261721,0.4882521044477,0.0394991645751,0.2780210352192,0.1234847318746,0.1705658806285,-0.0702391055800,0.3153190642773,0.2454444785283,0.0811267759486,0.4001242950454,-0.1434048171172,-0.0667172019263,0.2975978414188,0.2470755503789,0.6021753570140,0.7386406975828,0.2796376523167,-0.3451000916521,-0.1426786268519,-0.0565748819013,0.2052490219100,-0.0108747730143,0.4541500390182,0.4511670310464,0.8545493557031,0.3434279460663,0.5537480445070,0.1685764842593,0.5174983938958,0.6607226076022,0.1868481926124,-0.3446338605368,0.1183134263527,0.6202873816609,0.6443650268682,-0.5124373569086,-0.2569640941359,0.3149462184749,0.0798516529525,0.1867351820954,-0.0034214062418,0.0182355737226,0.3986076519759,-0.0462406467977,0.0136680457457,0.3458424517215,0.4785145250672,0.6884323009960,0.4312029209393,-0.3845230130574,0.0182770584544,0.2547187105927,0.2059450119069
0.3255831826622,0.0624309288962,0.2779232029602,-0.0266111317193,0.2568662372437,0.3550122655371,0.3899437162989,0.6113653168471,0.5705226938602,0.3984026604237,0.2377666184085,0.2383560632827,0.5442186921565,0.0506752346712,-0.1228394719832,0.6178732833796,0.6355545626519,0.4606355744198,0.2567038046916,0.6547328417408,0.6923158029063,0.2379149302139,0.2271903803356,1.0000000000000,0.3886637680938,0.5934219363355,0.5918541344257,0.1574445268657,-0.3948128805397,0.0045168268638,0.6357755793082,0.5582964123063,0.4255830131296,0.0791303672647,0.6991856647291,0.4632295499694,0.5181332489113,0.5817718631204,0.3906077727665,0.2231080142821,-0.1473809399385,0.2475784518452,0.3914406413041,0.5010768225256,0.5744286811788,0.2011999600568,0.3285022981149,0.4625756499276,-0.0252688543372,0.1231969619286,0.0291046651691,0.2363611786128,0.0534798541883,0.3438378866373,0.4221302126121,0.3570673877037,0.6580177837439,0.2892650860097,0.3174623524850,0.3995047627098,0.0713624040470,0.2749996452864,0.0648732011194,0.1712407768379,-0.0387532005211,-0.2915341794558,0.6428323628481,0.4936181591265,0.4769734142503,0.4924895706324,0.3659170916023,0.1081959973947,0.8953213183804,0.4000884266486,0.5662869556820,0.5291313902101,0.4297475826331,0.2178588613035,-0.3598663997518,0.4509952650081,0.2436735193398,0.3231430870856,-0.3054014562278,0.0272638670148,0.3882777598320,0.0124462761662,0.4383866490139,0.6654945828913,0.0310053678879,0.3945597563629,0.3139884657804,0.0491094841085,0.4607410966614,0.0973518380151,0.2450431635009,0.4169318373891,-0.1835968691709,-0.3352198489229,-0.1155083625880,-0.1036212535676
