1.0000000000000,-0.0931502832172,0.4361508397674,-0.2094725890144,0.7529397168336,0.3603335358168,0.0571042761097,0.1649769772985,0.3385975665816,-0.0441808950120,0.0800149935880,0.0992116777140,0.2196190118987,0.1408434056732,-0.1629881753854,0.0100760319047,0.1681883209167,0.3886676969686,0.1436114394478,0.3344222065160,0.1336227906023,-0.0308180065138,0.2243528697391,0.2707380510141,0.1836455557059,0.4033078433931,0.3789674136108,0.0258310535882,-0.3758408425762,-0.2359425893420,0.1289735074206,0.3040636136062,0.2798508221631,-0.0887070656742,-0.1172667754200,-0.1893617813714,0.3009644137281,0.3018137998841,-0.0526653139229,-0.1176176477791,-0.3183580661881,-0.2571513572524,-0.3232944326458,0.1575345638828,0.1773439340985,0.0711040777435,0.2400585263625,0.2654573726380,-0.0592661550122,-0.1735564980784,0.6693351082496,0.3316039451136,-0.0697028648129,0.4884115800484,0.1674368453318,-0.0746714263566,0.1753169972731,0.0959513457639,0.2391670425426,0.2856767423631,-0.1786214239292,0.1010441331858,0.0668192662305,0.1051836641961,-0.0796757038065,-0.3060913397835,-0.1684106032242,0.2122169375925,0.0831935844147,0.3237295162638,0.2003410100289,0.0539517202076,0.3251503248658,0.2791189593623,0.0648389751629,0.2792334015029,0.3133152537769,0.0184171091609,-0.4018802384030,0.2745686320123,0.2380844645333,0.3241499696070,-0.3024519870146,-0.3673315906690,0.1499866209364,-0.0703170243785,0.2374867464478,-0.0004496024782,-0.3023987162619,0.2062943714054,-0.0177173460067,-0.1526408689042,0.1599803834046,-0.1235750674146,0.1286056799303,0.1557425002873,-0.2235081073698,-0.2809716203782,-0.2076788247744,-0.2236255487854
-0.0931502832172,1.0000000000000,0.1049292048588,0.4271111614518,-0.1630763326590,-0.0553984821463,0.1990292337606,-0.2456239101656,-0.2477676966936,0.1273740839310,0.1116781924419,0.0497246109527,-0.1098445994170,0.5315060365363,0.3870112792759,-0.0419052643577,-0.1987684394927,-0.1250413826585,-0.1700753226963,-0.2871783552523,-0.1998069037030,-0.0847376854435,0.0283390891824,-0.4715589192915,-0.2731758806523,-0.2394251943988,-0.3545888824042,-0.1659427967618,0.4381194088725,0.4247926336991,-0.3673190280425,0.0436241766013,-0.1492926909227,0.1387788787162,0.1380938518616,0.2492035121339,-0.2789587225736,-0.3646802001723,0.0673417751929,0.2222500825297,0.2776424658678,0.1552130116326,0.0301243317604,-0.1815872371149,-0.3020573349501,-0.1058770285698,-0.0512152978668,0.1319520095081,0.3638594884127,0.2058011791571,-0.0934897208914,0.5232857244058,0.2810509725153,0.0307229211296,0.0165603028377,0.2554206400484,-0.2431523526533,-0.2718010597863,-0.3525296588591,-0.3002048703375,-0.1369819393170,-0.0380050693265,-0.1731384027554,-0.1599999061227,0.1523781615200,0.2534654730840,0.0773240655121,-0.3139133039008,-0.1884715797034,-0.3688991642700,-0.1725400829535,-0.2082166966659,-0.3464394744346,-0.2649986558644,-0.3100315208115,-0.2644488919788,-0.1933623746622,-0.2070431658568,0.3199639335319,-0.3641584729541,0.0354840241442,-0.2390529919902,0.0758503435724,0.2430232341349,-0.0891071822659,-0.0487418717364,-0.2408997587971,0.1019660097268,0.2085566884670,-0.1962763657411,0.0378624856645,0.1062378010101,-0.3063595496716,-0.2100319160619,-0.3030321895507,0.0201279909174,0.3365225164900,0.0098277585663,-0.0339256135991,0.1601192381546
0.4361508397674,0.1049292048588,1.0000000000000,0.0504576539422,0.6314897801085,0.7910048443448,0.3968086173281,0.1562808894135,0.2166045467135,0.2688038953127,0.2272569312433,0.1754696025447,0.3209759422451,0.2743051639219,0.0201836688725,0.2090068432089,0.2795825391282,0.0742191227330,0.2161713640322,0.1798305242011,0.1946655925760,0.0448413430144,0.0086732194595,0.1755763209499,-0.0099840266196,-0.0026446692441,0.0727445124338,-0.2542787224036,-0.1696054602140,-0.0204495672421,0.1081273945541,0.1895124019579,0.2134070931508,-0.0603994099113,-0.0115346823184,-0.1072251009153,0.0551267211412,-0.0307204426781,0.1144861727195,-0.0602237474028,-0.0667115352909,-0.1884799477497,-0.1427514192211,-0.0295730251920,0.0022140092657,-0.1439155771187,-0.0640820140612,0.5877263128318,0.1872437555873,-0.1871814770940,0.5074894867312,0.5619332499650,0.0900098318057,0.8587932977454,0.5530654037241,0.1541870032815,0.1765065701728,0.1392936683365,0.2244893265634,0.2110135258714,0.1997975132182,0.3132647520812,0.3030558078805,0.3321753753219,0.1177771843530,-0.1898733829187,0.0373684679527,0.1785792213033,0.0960320384088,0.1127755578174,0.2463494668940,-0.0446640692097,0.2070288880960,0.0417263202043,0.0074267987353,-0.1424076728201,-0.1012691982121,-0.3008170172452,-0.1102622205061,0.1318685589363,0.0662729314201,0.1823271099363,-0.1058689884830,-0.1847710561245,-0.0810810704675,-0.1190827894046,-0.0367787367169,0.1650967973645,-0.2872451155354,-0.1270214758705,-0.0045029179535,-0.0533415921582,-0.0827859409709,-0.3122636479345,-0.0330924310694,0.4444607284526,0.1217433668687,-0.0930494420276,-0.0471942484077,-0.1344831629287
-0.2094725890144,0.4271111614518,0.0504576539422,1.0000000000000,0.0202234713643,0.1229018575749,0.7950552858307,-0.6277401142355,-0.5557711129345,0.2018413282759,-0.0339861830272,0.0739991521751,-0.3263877127254,0.0910962447513,0.8207143101217,0.1131604244696,-0.3701596834381,-0.4910940879374,-0.1949121660265,-0.6817832110590,-0.3421286739016,-0.1650060604276,-0.0804854699526,-0.4879304273409,-0.6246726636021,-0.4868532058617,-0.5870892708216,0.0658934195045,0.2668140871916,0.0132603867324,-0.3844531976477,-0.3448189264439,-0.3361147074175,0.3708995874937,0.2273692486671,0.6044852716481,-0.2829019944737,-0.6592580568326,0.3523753048774,0.2376105997904,0.3207004333769,0.4120026345891,0.4450823743891,-0.4882380539325,-0.6398226298485,0.0865611624873,-0.2139981888430,-0.0177410999621,0.0196830601529,0.4861466160050,-0.0355569578483,0.1624308711407,0.8665056734416,0.1143014530534,0.4760975557773,0.8836943996033,-0.4996340432186,-0.5686751540944,-0.6273291092540,-0.5293240621327,0.4027151148302,-0.0137765569543,0.0380125785638,-0.2839378342022,0.4888534783431,0.7798446064818,0.5058166493640,-0.3903379011380,-0.0263957471700,-0.7055345691508,-0.4319902598704,-0.0732170706199,-0.5682906245281,-0.6537952098695,-0.5765985544174,-0.4399877360301,-0.6268891794025,0.1146304357192,0.3263555604581,-0.3369072755751,-0.3139088407251,-0.4962283676917,0.1026910795009,0.6475993631417,-0.5383592601468,0.2010032977722,-0.2567436594527,0.4016144050699,0.5970567146204,-0.5717058598546,0.4182683656464,0.1028011411877,-0.4790301410806,0.0159105228937,-0.3605997388511,-0.0398182006605,0.0798426990902,0.2422211857975,0.5330759511538,0.5868604704564
0.7529397168336,-0.1630763326590,0.6314897801085,0.0202234713643,1.0000000000000,0.7232885124329,0.3924405468147,0.1126478164253,0.3026134360190,0.1614522162166,0.1689006658659,0.2270365692558,0.3364604917755,0.0290583580454,0.0297971124003,0.1789010276114,0.2701407581508,0.2982743720128,0.1533403112815,0.2416516671511,0.1601127326576,0.0655097168746,0.1693296819535,0.2917014789438,0.0888650043217,0.2416769314053,0.2713843472657,-0.0488317165370,-0.3889025829831,-0.3878500539393,0.1439260443205,0.1775153818430,0.2598118282458,-0.0186681531693,-0.0404238350078,-0.0253370916591,0.2404141158633,0.1651395016214,0.0994750661617,-0.0712491382818,-0.2386406249137,-0.0925006614064,-0.2008133686118,0.1140776534614,0.0579030174055,0.0992027396484,0.1319995131523,0.4138663866355,-0.0315518996705,-0.0380405894333,0.7536393048162,0.2399250652623,0.0551290481177,0.7635789268626,0.5609132673026,0.1842301633090,0.2914991926331,0.0940792120839,0.2267288067389,0.2627289754966,0.1132148455614,0.2626091345169,0.2784350794882,0.2927310304804,0.0138619366892,-0.2066965945673,0.0574519335863,0.3374043005593,0.1045162944239,0.2240140007847,0.2419485383986,0.0600981053430,0.3108578540578,0.1385598321304,0.0081371684149,0.1190116643769,0.0987818302403,-0.0427271491464,-0.3591790881115,0.3126765066954,0.0115477906805,0.2466840183345,-0.2991320367946,-0.2280024762982,0.0397627328468,-0.0925868169167,0.1334996545054,0.1944399730532,-0.2790150171148,0.0545745757984,0.0928175283045,-0.1076427885874,0.1366830309315,-0.1364830950090,0.0462987641302,0.3360660766350,-0.1898416371916,-0.0524697796307,0.0263508139113,-0.1159727688063
0.3603335358168,-0.0553984821463,0.7910048443448,0.1229018575749,0.7232885124329,1.0000000000000,0.5075333022508,0.1230317863460,0.2656373638911,0.3231312849112,0.3837074381529,0.3730069075986,0.4341194555474,0.1325551522156,0.0635920096329,0.1913910190403,0.3340422852466,0.2321955931907,0.1858615715245,0.2098449711141,0.1944004133283,0.1331224207519,0.1893401347597,0.2224585160060,0.1107346033406,-0.0338504473782,0.1465789716151,-0.1424917560888,-0.2269931211381,-0.1736999485120,0.1139318122552,0.1275106688767,0.3124352189039,-0.0315374454073,-0.1027803356480,-0.0411732406088,0.1197126661286,0.0150332220192,0.1270368622675,-0.0032585317174,-0.0833950515153,-0.1197233996622,-0.1595523131062,-0.0679123255696,-0.0593570021982,0.0207319987860,-0.0069476866783,0.6551506215881,0.1039900591786,-0.0371051098709,0.5097185301002,0.2936214994061,0.1214007601261,0.9044938403750,0.7561168155358,0.2475509261641,0.2886251680352,0.1665244077113,0.2540387466205,0.2831517118979,0.2650138170097,0.4705665807741,0.4674033990570,0.4446407390137,-0.0152892295153,-0.1495727006979,0.0917512297823,0.3453845117209,0.1455198231307,0.1915659748512,0.2634527248768,0.1134812797166,0.2251519664042,0.1306563501413,-0.0388086056586,-0.1715374655791,-0.0800300511899,-0.1777202142050,-0.1799592294942,0.2481938051224,-0.0172266310853,0.2462631301823,-0.2531485915581,-0.1941996598081,-0.1411897507608,-0.1400586020971,-0.0140170974483,0.1436240283528,-0.2771205419437,-0.0829656701408,0.0786031961707,-0.0504646283750,-0.0547179585334,-0.1392158138402,0.0285009476258,0.5614827271912,0.0103176903107,-0.0372348246236,0.0083694264430,-0.0955859955588
0.0571042761097,0.1990292337606,0.3968086173281,0.7950552858307,0.3924405468147,0.5075333022508,1.0000000000000,-0.3968935454464,-0.2318112113086,0.2007831270220,0.0606912355862,0.1038469723883,-0.0542968114339,0.0977480286598,0.5933087633539,0.3554419315093,-0.0831778183899,-0.3760403126431,0.0322781091501,-0.3810551197252,-0.1656496868302,-0.1896534686718,-0.0663751416692,-0.1592354867899,-0.4454606627984,-0.3198391967261,-0.4339105638887,-0.0924053510731,0.0140517387201,-0.1335303275767,-0.1052484353089,-0.2299275818093,-0.1526896418115,0.2559994120397,0.2496358695760,0.5118996991093,-0.1917555791169,-0.4587839707285,0.4563394987445,0.1179251355743,0.1899760273361,0.2281689700181,0.3579003688901,-0.2989545375064,-0.4655917058706,0.0719409695264,-0.1660090254829,0.2333152659636,-0.0729779902338,0.2688656730873,0.2914947694955,0.2694111380223,0.7830584625293,0.5062553928175,0.7270581705755,0.8920048495025,-0.3068007265479,-0.3509519221932,-0.3264887861723,-0.1947018425684,0.4600086476341,0.0720232489209,0.1339530367031,-0.0061779738157,0.4797858973917,0.5564645155531,0.5499215045097,-0.1193187879293,0.2105949861022,-0.4472677761551,-0.2272436581562,-0.1484687253162,-0.2119540180340,-0.4721311306574,-0.4453429958539,-0.3399523461929,-0.5178161263818,-0.0169900112553,0.1093387387688,-0.0311509524238,-0.2781833755513,-0.2641215620006,-0.0637533824837,0.4732630302492,-0.4895647304568,0.1167375429313,-0.2171511191366,0.5150784787962,0.3831267371202,-0.5406474801123,0.4031891368031,0.0242932878255,-0.3484400135890,-0.1246159961670,-0.2853067604620,0.1465046890704,0.0122827404956,0.1358736978795,0.4085455847018,0.4527264771280
0.1649769772985,-0.2456239101656,0.1562808894135,-0.6277401142355,0.1126478164253,0.1230317863460,-0.3968935454464,1.0000000000000,0.8084662305329,0.0120964227971,0.1908756345085,0.0825366280314,0.5412098861519,0.0217742758306,-0.4957992454260,0.1694303029036,0.6751965720889,0.6179107760567,0.5984824088853,0.8239448681721,0.5824312462449,0.0394135926777,0.1382676393136,0.6051084682297,0.5614490706347,0.3242729105408,0.4384137502356,-0.2731552560880,-0.2583770496494,0.0473520658544,0.6293052227646,0.2922863586903,0.4857242395527,-0.4450762569126,-0.3398536189723,-0.6592367672066,0.1565221899478,0.5868322239538,-0.3432839386726,-0.3409759806935,-0.3040404232802,-0.3158708083587,-0.2107589783459,0.2506597874345,0.5974579735915,-0.0901619997424,0.1110651145557,0.1200681406762,-0.0476488280112,-0.4293082476417,0.1768760067974,-0.0748280135231,-0.6170261223797,0.1086235721000,-0.1128940445589,-0.6443868473946,0.5507850753599,0.8964586424791,0.8709365029699,0.7571703694039,-0.2966538792627,0.1180895166667,-0.0577366706841,0.3789403764934,-0.3024445024901,-0.7722268285931,-0.4855145782518,0.6235564398521,0.1064225307788,0.7389205984066,0.3360506811035,-0.2144632357175,0.5945099157351,0.5392920248670,0.6932822908953,-0.0417552515335,0.3772140220356,-0.2184829791141,-0.3996154563251,0.4128105300118,0.0961416432878,0.2929905024882,-0.0925099660532,-0.7044457129319,0.2889403209838,-0.3234045706317,0.0615158256680,-0.4470799517619,-0.6398857874322,0.2720579403428,-0.4009800869682,-0.2520292235271,0.1831739339706,-0.3245110433924,-0.0460340531038,0.0970587019871,0.0095948175017,-0.3066903312417,-0.4752573901704,-0.5337077079311
0.3385975665816,-0.2477676966936,0.2166045467135,-0.5557711129345,0.3026134360190,0.2656373638911,-0.2318112113086,0.8084662305329,1.0000000000000,0.1457278781428,0.4002329612203,0.3279777725759,0.7228817505369,-0.0684080430305,-0.4990354212258,0.1414056881900,0.7095110407254,0.6873832670765,0.5010919694086,0.8543374629396,0.5413763788055,0.0213609640153,0.3660606465038,0.6515004021220,0.6043181065055,0.4834193495649,0.5573637502070,-0.2290802610423,-0.4244205069388,-0.1382068560823,0.5467731673494,0.4112389426647,0.6251552484553,-0.3755463866516,-0.3454449855242,-0.5182124953585,0.2713182081211,0.6714700262769,-0.1578671790043,-0.2787921943787,-0.3741860235324,-0.3545774386181,-0.2653920658454,0.3901467899697,0.5005310942935,0.0071846368345,0.2246653330027,0.2961610462827,-0.2141148058106,-0.3709659505481,0.2481811208456,-0.0093889070295,-0.5209068898371,0.2736533264969,-0.0219222155655,-0.4822405185746,0.5794478248124,0.7261009908092,0.8340857718355,0.9488050615590,-0.2195414663410,0.2955184051250,0.1688830601967,0.5617946919797,-0.4433403403393,-0.6698133554788,-0.4549160083972,0.6903501449613,0.1963832750720,0.8051132762028,0.4609540626978,-0.0994352981628,0.7368440368247,0.6207352686725,0.4931136936196,0.1558025308497,0.5572785445461,-0.2248348285042,-0.5719927396885,0.5516920102646,0.2177024833904,0.4709538114454,-0.3367844925316,-0.6671524757389,0.2653254770287,-0.3150829776768,0.1330142143533,-0.3927719503041,-0.5948751212003,0.3699955095573,-0.2629868531220,-0.2458061798364,0.3101340508893,-0.3405055134925,0.0519958689853,0.2206498694184,-0.2515284280558,-0.3960980791965,-0.4855132537040,-0.5089613248759
-0.0441808950120,0.1273740839310,0.2688038953127,0.2018413282759,0.1614522162166,0.3231312849112,0.2007831270220,0.0120964227971,0.1457278781428,1.0000000000000,0.1981122527673,0.3797435595531,0.2749454193461,0.1403907539040,0.3201471396455,0.0333955640464,0.2721572223494,0.0486687563096,0.1139835774799,-0.0247706051322,0.2657262048771,0.5420583277111,0.1403878372735,0.0604883816984,-0.0492164084634,-0.0884167626790,-0.0058725949484,0.0285182808335,0.1219895726774,0.0612963535936,0.0337258906259,0.0787170052926,0.1804446561413,0.0328203332718,0.0187510220798,0.0594462751732,0.1715887612087,-0.1361762599867,0.2145424092667,0.1314170528633,0.2416357829437,0.3559956968099,0.1977574321578,-0.1329635487460,-0.1503117495159,0.1219232724124,0.0311360563761,0.2103724989528,0.1988054225307,0.2791736482617,0.0193350472480,-0.0380944433017,0.1018851746566,0.3038415349922,0.3455644162119,0.1548270357239,0.1307255342345,-0.0400167776549,0.0529662008767,0.1241369774640,0.4839469350051,0.2505437588059,0.3096152695042,0.1574064980188,-0.0451765342115,0.0906119895888,-0.0341399183309,0.0420002336284,-0.0241067750765,-0.0489073902572,0.1247874628364,0.2639432253852,0.0555457513457,-0.0035962509724,-0.1816870403569,-0.1260918279566,-0.0772709784638,-0.0488946191522,-0.0707892464236,-0.0397612871203,0.0024419712114,-0.0537907988313,-0.0097159883297,-0.0062576227449,-0.1406533146622,-0.1658821634322,0.0756556703804,0.0241240615685,0.0074200728796,-0.1288922433444,0.1729109053660,0.0041015071125,-0.1297174202697,-0.0268347483931,-0.0993589636268,0.0817662049619,-0.0290915389161,0.1838888488663,0.2213575745517,-0.0227560597770
0.0800149935880,0.1116781924419,0.2272569312433,-0.0339861830272,0.1689006658659,0.3837074381529,0.0606912355862,0.1908756345085,0.4002329612203,0.1981122527673,1.0000000000000,0.8427509854172,0.6739502038726,-0.2087617841686,-0.2814046750308,-0.0070733330807,0.4930168383207,0.5095447638438,0.0837305343611,0.3894344373835,0.3492091854757,0.1176124903084,0.7283216838456,0.1833574496753,0.2769749612368,0.1887777319691,0.3080567727691,-0.1504797053924,-0.0773837776178,-0.1834720780203,0.1103442916022,0.3651884261394,0.5901672617587,-0.1331838532521,-0.1889685225908,-0.0418305489513,0.1759761180239,0.2693291758047,0.0951895969287,0.1254171502216,-0.0396091050932,-0.2177301689647,-0.1591315865963,0.1215867883946,0.1475418132706,0.2229244531496,0.2324297217151,0.6271427073685,-0.1511962321183,-0.0287277977589,-0.0105957231297,0.2496521661359,-0.1677746970482,0.2787668211197,0.0853128323970,-0.0772076180525,0.2058873488214,0.1815939794230,0.2333347691446,0.3728197260457,0.0276151703336,0.7297621054771,0.6099475749648,0.6245253560166,-0.4843542277220,-0.1546745991306,-0.1767477866943,0.4674062988001,0.0344106963553,0.3079104200125,0.4407803332571,0.1500094788260,0.2752405111602,0.2897550770359,-0.0300246400510,-0.1548664221249,0.2726092293291,-0.1012842857247,-0.1657844771309,0.1971094203125,0.1427476237482,0.3475942994926,-0.4380832166112,-0.2369813964784,-0.1378477470745,-0.1178925574252,0.1128165059818,-0.1950232787095,-0.2077085862960,0.0834119193887,0.0254152193879,0.1238567086836,-0.0262099306020,-0.1661015574868,0.1343331626371,0.6001577413300,-0.1563624062470,-0.2213593471893,-0.2185563833059,-0.0607283877568
0.0992116777140,0.0497246109527,0.1754696025447,0.0739991521751,0.2270365692558,0.3730069075986,0.1038469723883,0.0825366280314,0.3279777725759,0.3797435595531,0.8427509854172,1.0000000000000,0.6016688658359,-0.3048991343907,-0.0663012392750,0.0122780280971,0.4719329381824,0.4553003224554,0.0667799788998,0.2906797698864,0.3542851617166,0.2626119244931,0.7825649853059,0.1335756552819,0.2239596420237,0.1877984687149,0.3044342016571,0.0069767219113,-0.1104426477731,-0.3160424333953,0.0737821486001,0.3327053506974,0.5929177253888,-0.0680934165690,-0.1464364890312,0.0460011774520,0.2318153810790,0.2190094604380,0.0823087813281,0.1144683403932,-0.0967803297402,-0.1280686891985,-0.0969629268032,0.0449478844358,0.0452414427321,0.2968293206127,0.2892392401375,0.4520495183241,-0.2061344596105,0.0819152092115,-0.0484234237599,0.0505575680953,-0.0910209368024,0.3096991700394,0.1104123824765,-0.0240041242818,0.1988681972629,0.0966027511205,0.1877896833249,0.3136694322340,0.1663218152249,0.6664364467830,0.7079015126134,0.5560576197912,-0.4821100673936,-0.0932392548822,-0.1269651338569,0.4185713201108,0.0506657722962,0.2486343764522,0.4313949588197,0.2880513619063,0.1863107842630,0.2672767598052,-0.0770707337955,-0.1042452014129,0.2203369067378,0.0444408306770,-0.1774743730252,0.1756812860845,0.1072110298356,0.2977863657105,-0.4455595227256,-0.2117729146805,-0.2040261089666,-0.0338143459518,0.1357096852822,-0.1558714019792,-0.1647195867703,0.0660375462773,0.0340918709468,0.0955527965435,-0.0167684461163,-0.0773427044825,0.1954751116557,0.4576858982462,-0.2988304007242,-0.0967560753878,-0.0797694561885,-0.0088166310693
0.2196190118987,-0.1098445994170,0.3209759422451,-0.3263877127254,0.3364604917755,0.4341194555474,-0.0542968114339,0.5412098861519,0.7228817505369,0.2749454193461,0.6739502038726,0.6016688658359,1.0000000000000,-0.1180149008882,-0.4192642720637,0.0811730833437,0.7889453968107,0.5676826792063,0.1663100600739,0.6572229128663,0.5946407368937,0.1427085367328,0.4944787144526,0.5205842449478,0.4538602142848,0.4034244233518,0.5181598143464,-0.2515418712972,-0.2838331884606,-0.1520496643403,0.3911326815463,0.4959288877735,0.7391124797676,-0.3544079889820,-0.3060896629783,-0.3732482389008,0.1760417879467,0.5338598405348,-0.0844615344022,-0.1215590073345,-0.2220062875305,-0.2269580112687,-0.1936921108627,0.3814938889983,0.4556970010270,0.1341144507468,0.3013535588740,0.4858831036319,-0.1084330593067,-0.2072989967794,0.2024256189289,0.1289287502614,-0.4407636396385,0.3846430042928,0.0894655807809,-0.2848179837057,0.5555607959630,0.4888765094137,0.5509824891303,0.6644661782900,-0.0785633143199,0.6059404097708,0.4379091555733,0.7785454862433,-0.4778186803434,-0.5402986740919,-0.3059887815707,0.6768189491346,-0.0287504402096,0.5249915711796,0.4964957458357,0.0330888009476,0.5835730692133,0.3805141753284,0.3138348730490,0.0117303088175,0.3637611674390,-0.2044329397310,-0.3813595115934,0.3937633643788,0.1802358510411,0.4453264937964,-0.3035145856513,-0.4998043527699,0.0772080328913,-0.2969038086751,-0.0174224001727,-0.2715268566311,-0.5480104149544,0.1997855083674,-0.2281531249046,-0.0945407083307,0.2807610161887,-0.2843843207408,0.1269277902612,0.4657625910331,-0.2028142645868,-0.1688704158958,-0.3448992099421,-0.4687913279401
0.1408434056732,0.5315060365363,0.2743051639219,0.0910962447513,0.0290583580454,0.1325551522156,0.0977480286598,0.0217742758306,-0.0684080430305,0.1403907539040,-0.2087617841686,-0.3048991343907,-0.1180149008882,1.0000000000000,0.1655807324955,-0.1147057534252,-0.1167802715870,-0.0480518690764,0.1220614095029,-0.1374395061634,-0.1124575444408,0.0246475063700,-0.3143804041184,-0.3115713734154,-0.1780720714724,-0.3454692603483,-0.2761342059558,-0.1311388730309,0.4075685846737,0.7476144923708,-0.2708765685581,-0.0660508980955,-0.1948603344097,-0.0969033246820,-0.1140848128412,-0.1481584153475,-0.2834721716260,-0.3124236308784,-0.1433365430528,-0.0445073290791,0.3620554361922,0.1357342089357,-0.2197758238808,-0.2780539099152,-0.2772376718581,-0.3377275817981,-0.2992133052858,0.1364815087049,0.6936491175529,-0.0676702716052,0.2146557025746,0.4738458486882,0.1698477381171,0.1558463696299,0.1513917521172,0.0828262861534,-0.0549506102428,0.0492722509940,-0.0043887868655,-0.0638234803076,-0.1222213535038,-0.1354580961756,-0.2149885041181,-0.1019472047853,0.4024469458659,-0.0186199000379,-0.1158730393011,-0.1353859434264,-0.0710408595910,-0.1658675249428,-0.0770892218322,-0.1699234007518,-0.2484910783745,-0.1572450782315,-0.1223408636853,-0.3065258768983,-0.2462260819798,-0.3152382873354,0.3092586997888,-0.2431562077301,0.0405153873154,-0.1298204771024,0.2996182820646,-0.0861289252867,-0.0338452024196,-0.3527859642311,-0.2579552825861,-0.0585059733444,-0.0647491247215,-0.2435839414073,-0.0714153351074,-0.1454668621881,-0.2931633109343,-0.2074783644275,-0.3041032676188,0.0497915420916,0.5699834828011,0.0335205417035,-0.0361764920060,-0.0280895781984
-0.1629881753854,0.3870112792759,0.0201836688725,0.8207143101217,0.0297971124003,0.0635920096329,0.5933087633539,-0.4957992454260,-0.4990354212258,0.3201471396455,-0.2814046750308,-0.0663012392750,-0.4192642720637,0.1655807324955,1.0000000000000,0.1668179434827,-0.3547144831071,-0.4646708293528,-0.1673892943261,-0.5943980094737,-0.2486187916214,-0.0314580227002,-0.1823350312393,-0.3049298961441,-0.5365840656877,-0.4064653272390,-0.4443545299777,0.1446665573717,0.3031916757496,0.0189250530373,-0.2135786370202,-0.3292402034085,-0.3745398737342,0.3260063234768,0.3188733585545,0.4746930712438,-0.0892563768915,-0.5581555517752,0.3699546606723,0.1451656777008,0.2560849914065,0.4656092098546,0.5008562009894,-0.4536388115143,-0.5026779732333,0.0139058473280,-0.2310118250184,-0.1272654113112,0.1381834313471,0.6156589622483,0.0334652197384,-0.0251366992340,0.7375223615033,0.1092002325334,0.4752986957085,0.6549184016797,-0.4102100605186,-0.4791345238253,-0.5061079999108,-0.4819827478248,0.3266013290490,-0.1846652539925,-0.1427299097223,-0.4546328919396,0.4850655680888,0.6203304121459,0.4338246076705,-0.4715598487245,-0.0447878332171,-0.6109424894334,-0.4759591754035,-0.0425067878012,-0.4288258450439,-0.5382760466734,-0.4468246447898,-0.3473091569092,-0.5216525750140,0.1741342767392,0.2756078522595,-0.2763962903376,-0.3408611636319,-0.5271131739216,0.1697840033758,0.5109590533618,-0.3457017010523,0.1363611139299,-0.0986139284668,0.4307030343613,0.4756132746337,-0.4100614255299,0.4265736966977,0.0289545089526,-0.3520085757378,0.0480121647254,-0.3691387974216,-0.1688373315712,0.1237268989515,0.2768959479988,0.4915595161146,0.4459879959667
0.0100760319047,-0.0419052643577,0.2090068432089,0.1131604244696,0.1789010276114,0.1913910190403,0.3554419315093,0.1694303029036,0.1414056881900,0.0333955640464,-0.0070733330807,0.0122780280971,0.0811730833437,-0.1147057534252,0.1668179434827,1.0000000000000,0.2087822734781,-0.0413749125625,0.3509774995077,0.2359728762613,0.2464318824242,0.0177497418435,0.0096070540246,0.4122234146042,0.0121599573162,0.0307227987055,0.0282177273907,-0.3466287662229,-0.2865922016147,-0.2772104215539,0.5779764803235,0.0465701227443,0.2061890749218,-0.0403683195457,0.5583875708154,0.3512742967557,-0.0141810807085,0.1235329023467,0.2704625348803,-0.1163205415104,-0.1176974174300,0.1213692198495,0.5042880486187,0.0717930320659,0.1808225499193,0.1140951106384,0.1251123039854,0.0822593286740,-0.2385146195544,0.0117720233557,0.1958359712892,-0.0906316804355,0.0846677693273,0.2199388739563,0.2521021299097,0.1994702102607,0.0120801354856,0.1079737685418,0.1576140210628,0.1360631581223,0.0465649308112,-0.0825898510025,-0.1429973334558,-0.0002216581877,0.1309513959090,-0.0421239568713,0.6491182039548,0.1231450772760,0.4780745646157,0.0885751687090,-0.0644262021295,-0.1990350204343,0.3175768005710,-0.0489906040781,0.2681006715226,-0.0483455262160,-0.0550603681836,-0.1743689267060,-0.2393279480906,0.5353769742736,-0.1210926378235,0.0753217883572,-0.0938492755234,0.2567017916600,-0.0452050622550,0.0417974745627,-0.0602175825673,0.5864167633168,0.0195854498980,-0.0649931184635,-0.0226106378229,-0.1265200054045,0.0196376341003,-0.1172458029471,-0.0778461792080,0.0647181034329,-0.1143943164450,-0.1303406026641,0.0470015911083,-0.0041605906020
0.1681883209167,-0.1987684394927,0.2795825391282,-0.3701596834381,0.2701407581508,0.3340422852466,-0.0831778183899,0.6751965720889,0.7095110407254,0.2721572223494,0.4930168383207,0.4719329381824,0.7889453968107,-0.1167802715870,-0.3547144831071,0.2087822734781,1.0000000000000,0.5094948508471,0.3810758622400,0.6901485232253,0.8428473530687,0.1015267235209,0.3194975888989,0.6353357353879,0.4011644673283,0.3732650713668,0.4967846128684,-0.2818677495799,-0.3021523227962,-0.1172803589576,0.6417142724450,0.3622144359673,0.6929935917256,-0.3877258751916,-0.1344390538290,-0.3670783890741,0.2544170215766,0.5291446169729,-0.0450307250960,-0.2547937266373,-0.3141442326597,-0.2474909407011,-0.0017366116299,0.2848895532011,0.5404638383428,-0.0169563364347,0.1649364024019,0.3547133829119,-0.0973707455209,-0.2574259509782,0.2247909996006,0.0737806975888,-0.4447046614554,0.3245091933169,0.0513732378052,-0.3291657974369,0.4652465616793,0.5747184770997,0.6441984408259,0.6479322018572,-0.0608399764240,0.5017109163527,0.2858362888294,0.5551107764218,-0.3694969265397,-0.5765742340117,-0.3000793605452,0.7345676278649,0.0917513069212,0.5325904755433,0.5584966395306,-0.0218487612414,0.6234191174776,0.3589327316151,0.4049385631957,-0.0339739663680,0.2987648968606,-0.1884366881115,-0.4102880809757,0.4887292554815,0.0304272852852,0.3534684691377,-0.2192111737212,-0.5025288598225,0.0523808845299,-0.3233756720691,0.0583923005051,-0.2142089228458,-0.5307455331691,0.1163138633560,-0.2185885954063,-0.2423604851087,0.1998105197641,-0.3190594731307,-0.0300615854114,0.3157884794516,-0.1489558306161,-0.2002566420086,-0.3457629799257,-0.4706863449915
0.3886676969686,-0.1250413826585,0.0742191227330,-0.4910940879374,0.2982743720128,0.2321955931907,-0.3760403126431,0.6179107760567,0.6873832670765,0.0486687563096,0.5095447638438,0.4553003224554,0.5676826792063,-0.0480518690764,-0.4646708293528,-0.0413749125625,0.5094948508471,1.0000000000000,0.2437244095898,0.7240970763834,0.3946982197861,0.1743762916223,0.5527912730905,0.3891165287578,0.5944494044347,0.4135754196139,0.6243762906893,-0.0947171294709,-0.2987222665224,-0.1305433281194,0.3125949752343,0.4126932613806,0.5852052962974,-0.3326078768642,-0.3742580088784,-0.4533030219032,0.3327070547962,0.6158256119162,-0.2113635149879,-0.0807574698398,-0.2716213958472,-0.2364683919434,-0.4474210129777,0.2917256097762,0.4035683071365,0.1493944026706,0.2796571111281,0.3153735065495,-0.0908523646349,-0.1822018895675,0.1359762049026,-0.0513792543115,-0.5558575178246,0.1374997468005,-0.1193967375480,-0.5493624049938,0.5823690021051,0.5906572365757,0.6490401317366,0.6114192882855,-0.3465100490451,0.3887352901405,0.2076911011591,0.4240342329406,-0.5535850587041,-0.5997770526337,-0.4653097358992,0.6733136078442,-0.0266900785718,0.7336827173543,0.4779240394204,0.0923274331346,0.4759047501618,0.6250157825061,0.4175146300085,0.1367321776696,0.6036830270624,-0.0782145276867,-0.4304005328058,0.4263111928706,0.2104259156792,0.4586887995380,-0.3841889500498,-0.6232836675706,0.2699741410538,-0.3191555360782,0.2759738741727,-0.4359504137783,-0.5194106024929,0.4450105698049,-0.1432576671748,-0.0664290405337,0.2813784366407,-0.1696048130927,0.0959882559756,0.3564844935051,-0.1707136260312,-0.4082259355195,-0.4461686935176,-0.3780782591662
0.1436114394478,-0.1700753226963,0.2161713640322,-0.1949121660265,0.1533403112815,0.1858615715245,0.0322781091501,0.5984824088853,0.5010919694086,0.1139835774799,0.0837305343611,0.0667799788998,0.1663100600739,0.1220614095029,-0.1673892943261,0.3509774995077,0.3810758622400,0.2437244095898,1.0000000000000,0.4455562694343,0.2680213038081,-0.0299514148299,-0.0044133622618,0.2632176463553,0.2820967438355,-0.0110066827504,0.0694558331358,-0.1813375494264,-0.1847447329313,0.0308854587733,0.3967263842665,0.0401643569945,0.2146206011380,-0.1062968785206,-0.1552110613524,-0.1537332369365,0.0694540868651,0.1227085024884,-0.1123033117504,-0.1599302741497,-0.0896734420179,-0.1570058681482,-0.0153302415515,-0.1021623606160,0.0895878538103,-0.0976932592006,-0.0881657843500,0.1183646292925,-0.0781677312859,-0.2806510572857,0.2117708532620,0.0464549400878,-0.1178036021496,0.2230525639456,0.0725425588973,-0.1406794576686,0.0729554383767,0.5600768770487,0.6144075034550,0.5574600671602,-0.0065162722760,0.0105548433849,0.0254449188727,0.1814266411314,0.0246860637378,-0.2872846148293,-0.0853172800023,0.3414373383567,0.6536332089846,0.4032040958365,0.0892649933991,-0.2662692531647,0.1943588507562,0.3277216058680,0.2353402000230,-0.2316871567336,0.0297126752570,-0.2302792732684,-0.2672790276071,0.2454680970273,0.0119148925414,0.0437911010668,-0.0938606063454,-0.3666806582804,-0.1204269664451,-0.1108338244091,0.0037732295980,-0.0998983536547,-0.3212048288490,-0.0953777419149,-0.1327749159097,-0.2203357341395,-0.1762509590581,-0.2622081966713,-0.1619025995721,0.0491195645628,-0.0417797207448,-0.2358097770643,-0.1402263119667,-0.1704924754181
0.3344222065160,-0.2871783552523,0.1798305242011,-0.6817832110590,0.2416516671511,0.2098449711141,-0.3810551197252,0.8239448681721,0.8543374629396,-0.0247706051322,0.3894344373835,0.2906797698864,0.6572229128663,-0.1374395061634,-0.5943980094737,0.2359728762613,0.6901485232253,0.7240970763834,0.4455562694343,1.0000000000000,0.6126471406110,0.0799292394984,0.4240866414778,0.7143289915985,0.7886085320377,0.5662749096966,0.7045934821999,-0.2563883080547,-0.4573125719933,-0.1832152749161,0.6492081325967,0.4940959759577,0.6981118064093,-0.3818710745931,-0.2271239040140,-0.5073875862092,0.3239726483360,0.8191723203876,-0.2134992764483,-0.2641562443914,-0.4283959025300,-0.4076030465209,-0.2320393098089,0.4762552905878,0.7164075270506,0.0702028275488,0.3421082613226,0.2843605139194,-0.2013104187740,-0.4029100390101,0.2032386495683,-0.0738556660864,-0.6817503133054,0.1788779988154,-0.1575475752841,-0.6298403653197,0.5719681920985,0.7513751445830,0.8125266811857,0.8124004226567,-0.4011959432670,0.2630896061328,0.0709219968261,0.4658239151951,-0.5496435246341,-0.7962859452590,-0.3804804108220,0.6359460927021,0.2261461574051,0.8784332920649,0.4618512260216,-0.0976556629651,0.7440185507732,0.7569350034091,0.6299769209050,0.2120016963064,0.6301251254653,-0.1861324331675,-0.5842521705926,0.5865955082439,0.2620964672409,0.5429450836614,-0.3828425746428,-0.6773714336158,0.3921366038496,-0.2141394575060,0.1961098802219,-0.3161362498677,-0.6584267058071,0.5094098549235,-0.3319972559174,-0.2253845973823,0.4234936451333,-0.2711387788956,0.1587518878210,0.2624802865741,-0.2205786078245,-0.4975693497142,-0.6208335453602,-0.5884891436617
0.1336227906023,-0.1998069037030,0.1946655925760,-0.3421286739016,0.1601127326576,0.1944004133283,-0.1656496868302,0.5824312462449,0.5413763788055,0.2657262048771,0.3492091854757,0.3542851617166,0.5946407368937,-0.1124575444408,-0.2486187916214,0.2464318824242,0.8428473530687,0.3946982197861,0.2680213038081,0.6126471406110,1.0000000000000,0.1940689342567,0.2769402968810,0.6479172016418,0.3068417189831,0.3405105851449,0.4170180612508,-0.2720630453530,-0.2374417267013,-0.0781012872814,0.6423506273402,0.3232859687885,0.5987455926080,-0.4075525900662,-0.0030296355471,-0.3113600035551,0.2647064076305,0.4525398204458,-0.0413219732677,-0.2796094900650,-0.3042975140665,-0.1914257424024,0.1545742831927,0.1712417609532,0.5349486173509,-0.0178636452128,0.1401308672586,0.2633670809644,-0.0392658019573,-0.2236477826633,0.1983205606321,-0.0245415348535,-0.4006041272349,0.1748157134111,0.0221535671908,-0.3496438803085,0.3856031024292,0.4282769118160,0.4993845061756,0.4589903947319,-0.0446271834860,0.3614321240330,0.1645032374998,0.3202084741571,-0.2705577838972,-0.5082409313797,-0.2510180653214,0.5196605829901,0.0077966847632,0.4356652093664,0.5465214829897,0.0781683367276,0.6066166909993,0.2899153021018,0.4235316953271,-0.0031383826474,0.2559826834193,-0.1054174180207,-0.3348362772493,0.4494149980937,0.0252455922728,0.3218111670924,-0.0325548195676,-0.4222479175371,0.0889862292663,-0.2841548531340,0.1204899019594,-0.1696453886082,-0.3946400675833,0.0992007230700,-0.1792463711839,-0.2374766794127,0.1024006094904,-0.2024084709016,0.0297655692640,0.2457691309573,-0.0318063624326,-0.1267032007995,-0.2795006049863,-0.4072960437138
-0.0308180065138,-0.0847376854435,0.0448413430144,-0.1650060604276,0.0655097168746,0.1331224207519,-0.1896534686718,0.0394135926777,0.0213609640153,0.5420583277111,0.1176124903084,0.2626119244931,0.1427085367328,0.0246475063700,-0.0314580227002,0.0177497418435,0.1015267235209,0.1743762916223,-0.0299514148299,0.0799292394984,0.1940689342567,1.0000000000000,0.2747710110989,0.1136105523832,0.0935916908349,0.0564246124900,0.1279296125989,0.1427924565474,0.1437898470892,0.0192259008576,0.0947572189306,0.1327430362403,0.1725557430073,0.0302677632568,0.0303270833173,-0.0078512495685,0.1612058635731,0.0790879136749,0.0079553065721,0.1740543071366,0.3279947150284,0.2750456374689,0.0415444408906,0.0571987807172,0.1015093292078,0.4311612083416,0.3580354824740,0.0321458108923,0.2327979799891,0.1044538575716,-0.1342643694588,-0.2613426148886,-0.2220400258399,0.0228681754967,0.0833261873276,-0.1838556823026,0.1375167549058,-0.0471986499784,0.0134700426833,-0.0243433386870,0.2004980677831,0.0317918130664,0.1861947536686,0.1130564421766,-0.1936272708765,-0.1165917644097,-0.0894245762491,-0.0429811450627,-0.0903585880862,0.0331273149598,0.0975043650310,0.4186659955728,0.0791614985175,0.0956940088283,-0.0272337504296,0.1062499505979,0.0764891368769,0.1500422476639,-0.0284745468359,-0.0355002782632,0.0122135783539,0.0601175596301,-0.0752818027493,-0.1139167635946,0.0305113418934,-0.0319444808832,0.1236794189499,-0.0562784849498,-0.0940846808006,0.0229078034688,-0.0697527613968,0.1303672587977,0.0544643365035,0.2756112254990,0.3035745069281,0.0239293345562,-0.0048459497085,0.1537861565100,0.0748566957108,-0.0765706923829
0.2243528697391,0.0283390891824,0.0086732194595,-0.0804854699526,0.1693296819535,0.1893401347597,-0.0663751416692,0.1382676393136,0.3660606465038,0.1403878372735,0.7283216838456,0.7825649853059,0.4944787144526,-0.3143804041184,-0.1823350312393,0.0096070540246,0.3194975888989,0.5527912730905,-0.0044133622618,0.4240866414778,0.2769402968810,0.2747710110989,1.0000000000000,0.2350323198164,0.3209197047816,0.4197326622056,0.4447158812663,-0.0073157587748,-0.1922412839006,-0.3448810184437,0.1427022120276,0.4782066163622,0.5834863868819,-0.0647720903173,-0.1449250569806,-0.0444034858429,0.2552563430137,0.3829950822814,0.0281504614788,0.2045073261138,-0.1237154050065,-0.1522431492490,-0.1311989961256,0.1841402097311,0.1795896686481,0.5487912598631,0.4858042867355,0.3137723517947,-0.3200462995579,0.0543248325413,-0.0374364940219,-0.0252226103804,-0.1842670566342,0.0946470166870,-0.0366585101685,-0.1548597189279,0.1600875309711,0.1021036936846,0.1879551726736,0.3310984895725,-0.1478827147165,0.4205927202143,0.3868756445311,0.3558293926609,-0.5396740013098,-0.1721426126201,-0.1918502551256,0.2776929649128,0.0169269899958,0.3415669331602,0.3006816995497,0.3038444681514,0.2892391704435,0.3326135053779,0.0214416060389,0.1289184869404,0.4555059057936,0.1659657480414,-0.3200138598571,0.2223882981339,0.2863827540223,0.3500799532461,-0.5246849228363,-0.2614361131298,-0.0230995049256,-0.0051629265100,0.2114359626873,-0.1725034144180,-0.1537760192717,0.1830596394274,-0.0236292641662,0.1752809747685,0.1127117026030,-0.0137798849117,0.2884321613951,0.3030458979778,-0.3782741179123,-0.3088828648096,-0.2561740242237,-0.0858118017670
0.2707380510141,-0.4715589192915,0.1755763209499,-0.4879304273409,0.2917014789438,0.2224585160060,-0.1592354867899,0.6051084682297,0.6515004021220,0.0604883816984,0.1833574496753,0.1335756552819,0.5205842449478,-0.3115713734154,-0.3049298961441,0.4122234146042,0.6353357353879,0.3891165287578,0.2632176463553,0.7143289915985,0.6479172016418,0.1136105523832,0.2350323198164,1.0000000000000,0.4556409021669,0.5793903819837,0.6629886802882,-0.2721515703623,-0.5078382182924,-0.3924446673277,0.8480375315277,0.3328528164035,0.5022846510064,-0.3298686742195,0.0807463859340,-0.3489890951421,0.4747710997385,0.6890544903405,0.1395020467899,-0.2885820716401,-0.3860475596657,-0.2143787721111,0.1786745059207,0.4495160484043,0.6595552994562,0.0961950853177,0.2505115595569,0.1978667453561,-0.3264181845225,-0.1689955587118,0.3236789544860,-0.2009328635234,-0.4523609275974,0.1953553362237,0.0797420174678,-0.3671413308648,0.4086070592545,0.4869633204308,0.5925074391794,0.6159733901427,-0.1550358235039,0.1667343998275,0.0053410774548,0.2658603474260,-0.3064896228654,-0.5619559394413,-0.1190314467134,0.4674706351398,0.1421979806527,0.5669078600380,0.2906234793049,-0.0279769876397,0.8773372928499,0.3944238055471,0.5336025170474,0.2732937495312,0.4099541301565,-0.0834356926831,-0.5377685807980,0.6318491775977,0.0756395542668,0.2998799535144,-0.2061508994349,-0.3901037379285,0.2699093790298,-0.1396514446494,0.2835582762006,0.0478861530510,-0.4547260186004,0.2938108968073,-0.1145367438623,-0.2309804773962,0.4539849451771,-0.2070611563573,0.0904555033027,0.1153179320604,-0.2560918120965,-0.3143123716103,-0.3196922846392,-0.4715939601454
