1.0000000000000,0.3534769085501,0.5131647053899,0.4356178371988,0.6962661828219,0.3135277689767,0.4197152488652,0.0845278680168,-0.0863344986232,0.2231114525731,0.1782165466535,0.1842766589976,0.1001529880119,0.7010817440572,0.1707787879526,0.2846819774612,0.1005300598109,0.1696065037339,-0.0857266555957,-0.0828961136185,0.0409448544320,-0.0333334925998,0.1086737380561,-0.0706625038124,-0.0940842194904,0.1285582152682,0.1109682312446,0.1146656095366,0.0652141143757,-0.0316411449316,-0.0305773372084,0.0471270092664,-0.0024463207895,0.1060446520793,0.2625617826402,-0.1276741825072,-0.1200556700896,-0.0538460057615,-0.0544853493154,0.0543114795559,0.3064089496244,0.2877238093451,-0.0503037931951,-0.0028287195898,-0.0352418767522,-0.0573979583503,-0.0056614904695,0.1769832602603,0.2760096081424,0.1730676839021,0.8084961875960,0.6706119081215,0.4443222677465,0.4242761636113,0.4122742711166,0.4519457102908,0.0358155007148,0.0943910870709,-0.1045669746852,-0.0132891964509,0.1653131712025,0.1926856067291,0.0556671062260,0.0054795866520,0.5956989720892,-0.2800975635496,0.1479243737054,0.0757793636673,0.1196825034555,-0.0284150598105,-0.0471055302904,-0.0529054848979,-0.0466369000029,0.0181884585574,-0.2293827939728,-0.1666860753993,-0.0340645624932,0.0454591644693,0.0145082769616,0.0510606029720,-0.1550151655891,-0.1861742789152,-0.0958800480075,-0.2430574657890,-0.3688460364209,-0.1670745760394,-0.1838575442256,-0.0422307938998,-0.3136017808464,-0.0496856968999,-0.0687502255399,0.0232012312641,-0.0834352221529,-0.1908874849866,-0.1075606494384,0.1921888606028,0.2621800498609,0.1831516645078,0.3122947503093,0.1508569820185
0.3534769085501,1.0000000000000,0.5362380311586,0.0051678623827,0.1210262948252,-0.0099637213595,-0.0569878908690,-0.1451281890750,-0.3580093886452,0.1380070695682,-0.2553892133459,-0.1898634537730,-0.2732774660960,0.6284408512604,0.0057863493050,-0.1796382280511,-0.2109565914397,-0.3265749760182,-0.2062866738226,-0.3495170643798,-0.1655852870789,0.2673350798895,-0.2218494626482,-0.3001559564301,-0.2555727007817,0.0956060531171,-0.2155570382261,0.2331662682292,0.4030275212896,0.5536544157343,-0.2571649894056,-0.1921478025400,-0.3434049935543,-0.3862203843709,-0.1572714677262,-0.1878874955276,-0.2644991309846,0.0760845402516,-0.1529701380622,-0.1600213607615,0.3152805229425,-0.2477374819592,-0.2947251691759,0.1419103595474,0.1358172539330,0.0833418357028,-0.2529823486597,-0.2987675918328,0.4452819453688,-0.1189435162825,0.3629463663457,0.4704786045428,-0.0934547861654,0.1119697758937,0.0319768159061,-0.0924434741655,-0.2025775933517,-0.0020809784258,-0.1574770614064,-0.2428308222485,0.1426616097031,-0.2695108945296,0.0158166252550,-0.2512418835384,0.5351087513559,-0.1749842725334,-0.1405697494743,-0.3201822876262,-0.0185357506362,-0.1950607885035,-0.3311907701320,-0.0666974463893,-0.3076329764496,0.0008488526183,-0.2079178303306,-0.0086215725720,-0.3163488366644,0.1500849578043,0.3800660345153,-0.2219562253491,-0.3713431209875,-0.3694453290087,0.5255543751527,-0.2059645581555,-0.1096148900837,-0.2449638259862,-0.2912873198825,-0.2103955428861,-0.2042139309555,0.0781774244532,-0.1837558020694,-0.2993697947568,0.1254308150634,0.1207706564782,-0.1405797857758,-0.3094063931132,0.5334052486328,0.1430453330125,-0.1632476366402,-0.1186421930360
0.5131647053899,0.5362380311586,1.0000000000000,0.3833081671507,0.5587565925808,0.6752675936619,0.4605754174549,0.1748635598331,-0.0524636646173,0.3442208875530,0.0900541576594,0.1075016679270,0.1457685761852,0.4558784109324,0.2011440775072,0.3203841119900,0.2259856689438,0.0684249759271,0.1045943782669,-0.0147785076344,-0.0793053428543,0.0998882650209,-0.0433212260598,0.0412815768641,-0.0831661514624,-0.0611966127160,0.0009665661521,-0.0385639816483,0.0630552851515,0.0596941072191,0.0885580463604,0.0436289907096,0.0784537519192,-0.0973570557055,0.3048229312901,0.1514890112201,-0.1497112428874,-0.1043863479409,0.1214969878197,0.0078623556579,0.3200899307319,0.1581262271608,-0.1472434633554,-0.0664119819151,-0.0450085452288,0.0595151790743,0.0199336795795,0.1972740215602,0.3645885049213,0.2681953497123,0.6044045922136,0.8100990385199,0.3599150332829,0.7698314787080,0.5414656845657,0.3675923807892,0.0938981491921,0.2402195289895,-0.0167862836184,0.0379925938493,0.2899073675965,0.1598957888660,0.0732382254943,0.1210981945530,0.4728294764578,0.0062541838884,0.2560649311467,0.1509976136094,0.1417593297690,0.0667195465286,-0.0486357789689,-0.1194000012117,-0.0058098560366,-0.1350751711624,-0.1063143010660,-0.1241968986119,-0.1912350087990,-0.1172141237240,0.0339576429102,0.1743323187806,-0.2492607657689,-0.0462197138791,0.0733189719833,-0.0779399600682,-0.2434721552496,-0.1631818459218,-0.1725549789942,0.1643649735967,-0.2916527409942,-0.1302094309169,-0.0338663601823,-0.0893154816138,-0.1237881554481,-0.0290777306407,-0.1414243460410,0.1904890321678,0.2994903173555,0.1534163523568,0.2618853220971,0.1211216267154
0.4356178371988,0.0051678623827,0.3833081671507,1.0000000000000,0.7458460476432,0.5461994920063,0.8187787490793,0.3802550369284,0.3062901618475,0.4012447569397,0.4354401930213,0.3402515673700,0.4716968105480,0.3149089338763,0.4789236464018,0.6097590783180,0.4834344353811,0.4078332468613,0.2508131464598,0.1858532501810,0.0833486637288,-0.0167277850882,0.0320112049326,0.2384841366324,0.0162319058716,-0.2259508254240,0.0704174956288,-0.0496164371474,-0.2158455233919,-0.3459901057249,0.2168852885574,0.0357954291676,0.1918188402146,0.2048578206698,0.5748017683951,0.2824337556278,-0.0148525759351,-0.2629141751058,0.0917942313280,0.2148169757885,0.1923595293122,0.4092152870714,0.0422135250005,-0.3696720667453,-0.3702521186283,-0.1041118964145,0.1375918555884,0.3750585404522,0.2223273961203,0.4688148295547,0.5452247173695,0.6241678891210,0.8914586129236,0.5599246702022,0.6840078293397,0.8749168176896,0.2363159356378,0.3076250789603,0.2679898833800,0.2623653381551,0.3136388754003,0.5224270063959,0.1851404643134,0.4209258691192,0.4777675293182,0.0509678296776,0.4388770373192,0.4893245210142,0.0389451484823,-0.0343230363544,0.1585156361276,-0.0643518414491,0.2389081327946,-0.2811519323016,-0.1188197230478,-0.3475486659251,-0.1541416784510,-0.0245087662909,-0.2737453607725,0.3988260969282,0.0025712614913,0.2122737009300,-0.3253131661841,-0.0845901632687,-0.4387863878732,0.0025407245162,-0.0573095594063,0.2669198377981,-0.3221294608966,-0.4440207068213,0.0178529340194,0.2606382717529,-0.5225982769659,-0.1599389209897,0.1297538051071,0.3684672938805,-0.0464103314350,0.1744185164837,0.4651340627711,0.1498299487542
0.6962661828219,0.1210262948252,0.5587565925808,0.7458460476432,1.0000000000000,0.6886427532284,0.7278214362282,0.3166498926949,0.1983000425492,0.4808876307030,0.3735498387233,0.3641286200669,0.4053771101962,0.4577896659898,0.4255392098954,0.5316315038708,0.3955462623309,0.4008218425898,0.1521737343969,0.1366685001963,0.0482200949912,0.0717007963750,0.0707799914954,0.1480295448687,-0.0313659040188,-0.1165681463105,0.0416183361006,-0.0687053429947,-0.1394307775901,-0.3005089948951,0.1720971155060,0.0806884119155,0.1721943947967,0.2711643947572,0.5302016287525,0.1697526168465,-0.0861819213024,-0.2523534835406,0.0712742376989,0.2655081162679,0.2855210574003,0.4536292919296,-0.0630034328515,-0.2775551057785,-0.2868773955686,-0.0274758382051,0.1831010198934,0.4282762228774,0.3639611073744,0.4607309596209,0.7567580711132,0.7165599436023,0.7400491027304,0.7232098103050,0.7989238713487,0.7324582025223,0.2031309484056,0.2481158774795,0.1628241949298,0.1740766856320,0.3746883949035,0.4362474698397,0.1777462239186,0.3374000154081,0.5643336520438,-0.1304364720586,0.3532567014326,0.3730961602258,0.0307868006283,-0.0596974328747,0.0768469345671,-0.0379120858476,0.1645139858254,-0.2505923733057,-0.1812102526176,-0.2944351775742,-0.1821948162144,-0.0724283920516,-0.2114595901149,0.3288760306153,-0.0542495849025,0.0744728557188,-0.2882642937517,-0.1684331557700,-0.4722779959814,0.0417952094570,-0.1322139089942,0.2070403911299,-0.4004755474844,-0.3827047068606,-0.0088106335353,0.2310051458207,-0.3935699698940,-0.1271001650915,0.0657425966311,0.4437567242039,0.0590423890477,0.2082093596635,0.4974372179842,0.2091163482889
0.3135277689767,-0.0099637213595,0.6752675936619,0.5461994920063,0.6886427532284,1.0000000000000,0.6969161778856,0.3796207659115,0.2499639882656,0.4926699075674,0.4120594335315,0.4149274292112,0.4601416796173,0.1561429570327,0.4310176744601,0.5107179186400,0.4719937076390,0.3782196257185,0.2872470566584,0.2531362317389,0.0823106707956,0.0256679124468,0.1204403068979,0.3104269557921,0.0302220756898,-0.1712231498079,0.1517841772603,-0.1672366579684,-0.2112671017767,-0.3018323621631,0.3052479644061,0.2016681914843,0.3638181886762,0.2198072855384,0.5791030302386,0.3353126572030,0.0584542049714,-0.1699038918162,0.2757073609507,0.2263440632496,0.1854468032261,0.4482486420485,0.0245510745279,-0.2526757990312,-0.1749758772264,0.0170103653921,0.2962990896747,0.6688032355693,0.2909963224591,0.5464410362433,0.4596752239389,0.5686692726900,0.5748575917246,0.8840931112649,0.8498748094357,0.5720706575599,0.2317049503730,0.2941956867554,0.1758837340436,0.2594765400533,0.3836723973571,0.5072967068344,0.1735178884416,0.4099113984582,0.2988912246308,0.1345616155763,0.3826416558377,0.4212068752376,0.1342021914236,0.1008660156478,0.1587514093367,-0.0336952131074,0.2640010524895,-0.2429643755223,-0.0587749250405,-0.2293767972506,-0.0523364208387,-0.2059586076611,-0.2493722620783,0.3659190530534,0.0491448910354,0.2556240492665,-0.2891090810484,0.0181447280651,-0.2499555061194,0.0275289751561,0.0450015384044,0.3785494396565,-0.2813971671858,-0.2859246232736,0.1428119200117,0.2009960409838,-0.3249523664751,-0.0798928239413,0.0298411653303,0.6659225449241,0.0166926842447,0.1335257223832,0.5102006079293,0.2785525321804
0.4197152488652,-0.0569878908690,0.4605754174549,0.8187787490793,0.7278214362282,0.6969161778856,1.0000000000000,0.4875481913559,0.3690518371161,0.4199428398256,0.3904671156405,0.3076182743282,0.5516364630433,0.3267446784928,0.3715446721771,0.6875698361605,0.5408676569459,0.4369830758362,0.3032315788695,0.2428703254874,0.0647890890788,-0.0854364814225,-0.0416955131296,0.2938472181575,0.0525315603334,-0.1759234509029,0.0864551227341,-0.0222234542421,-0.2075755718805,-0.2762750816551,0.3340081049077,0.0781311199018,0.2244975707512,0.1687147773409,0.7470854119231,0.3395395788748,-0.0257479946458,-0.2095081260094,0.1986001719397,0.1798716009432,0.2536996880864,0.4423088064316,-0.0210551460705,-0.2571436372750,-0.2580969763174,-0.0833890022933,0.1347686985692,0.4548851858181,0.2726089408749,0.4985681421935,0.5875183272285,0.5991744240591,0.8174144445695,0.7231682517369,0.8286711235274,0.9351917164082,0.3375671848746,0.4169763680786,0.2752789508126,0.3876948262576,0.3454047825217,0.5355326432520,0.1504017421916,0.4925363519717,0.4547379389700,-0.0164102259366,0.5416564905776,0.5489908649138,0.2115824636271,0.0963683771950,0.1512956630691,-0.1669832768286,0.3007762514385,-0.2266394011347,-0.0811696304646,-0.2647804223893,-0.1500203443003,-0.0381520154329,-0.2549213001743,0.4920175364795,-0.0146425044640,0.1948069357524,-0.2483258514920,-0.0404832658950,-0.3940861799927,-0.0763881203477,-0.0636591105534,0.4009965438830,-0.3610192639024,-0.3502184554514,0.0800921880806,0.2032383621236,-0.4250777679467,-0.1434288106591,0.0287412231335,0.5198030219393,0.0514589081909,0.2587497366423,0.5355395021313,0.1758265797197
0.0845278680168,-0.1451281890750,0.1748635598331,0.3802550369284,0.3166498926949,0.3796207659115,0.4875481913559,1.0000000000000,0.6652917687067,0.3514625316346,0.3675004479968,0.4206484447178,0.5316620239800,0.1127807709817,0.0930125372616,0.6232540764965,0.6610608376755,0.6603817420700,0.6157585186084,0.6353020823142,0.1733342742265,0.0191739359396,0.1118033226371,0.4414851136145,0.4236919259142,-0.0002122617836,0.2025205712789,0.1193911733906,-0.1668960910500,-0.1962051930061,0.4227092325040,0.1383742454277,0.3090583018783,0.0630949205442,0.5653790640414,0.5106578957037,0.1055388152580,-0.0167038884714,0.0204664972730,0.1344344596284,0.0868106461451,0.3288762231434,-0.0694977233880,-0.0353142353158,-0.0234307516109,0.0572438482351,0.2316841163174,0.2521237537549,0.1176517032116,0.3045562826683,0.2016420184783,0.2493176187877,0.4283137588852,0.3789403940019,0.4797601066378,0.4619534549656,0.5078238413866,0.6745042101272,0.6258452109915,0.7153645099735,0.2944171620944,0.4808387596231,0.2400548841940,0.3879581160355,0.1829442182494,-0.1761267371621,0.6331503393302,0.6125258057952,0.4781624338297,0.4867234242242,0.3147760318956,0.1017759544517,0.5400354522121,0.1085229498660,0.1353584535427,-0.1080474029460,0.0220719522515,0.0707302629715,-0.2109266183891,0.6354341431910,-0.0435765820761,0.2691654070693,-0.2217867108501,0.0517388408744,-0.1906778946793,-0.0451260964490,0.0638392441815,0.4530901947918,-0.3550105212045,-0.1970375498819,0.0173794743171,0.1300191494130,-0.1985079256110,0.0058407705998,0.0698767037343,0.2998054604953,-0.0818737491162,0.2323843549039,0.3216784273111,0.0688930694295
-0.0863344986232,-0.3580093886452,-0.0524636646173,0.3062901618475,0.1983000425492,0.2499639882656,0.3690518371161,0.6652917687067,1.0000000000000,0.2143920650288,0.4510994757779,0.4560382680787,0.4553050710338,-0.1038498327354,0.1227829482939,0.5241401167944,0.5099150096230,0.6124431048481,0.7567979086865,0.7642533322387,0.2452370477921,-0.0270961155639,0.2994311374482,0.5174991053009,0.5777086297676,-0.0392259796747,0.2309341913917,0.0869986604060,-0.1802537553490,-0.2238946767704,0.3638111854696,0.1809065514317,0.2672955934403,0.0868373245973,0.5348483464098,0.6257977248276,0.2011714920292,0.0014005687871,0.0227093747963,0.1387867015479,0.0076081273606,0.3653889532800,-0.0793653044303,-0.1178255605266,-0.1772345754958,0.0381555692478,0.2756929075264,0.3513578617227,0.0260836492085,0.2764516156107,0.0320795999560,0.1132483561162,0.3796420797610,0.2187040078352,0.3158699830613,0.3489267430799,0.4096430218753,0.3150402837189,0.7665622952735,0.8674787540629,0.1316560208910,0.5651750348607,0.1895419903817,0.3809765818701,0.0191922829177,-0.1189001758053,0.5359751655959,0.4935070634826,0.2612513209464,0.2995473462542,0.3808750729854,0.2353882744817,0.6265838328101,-0.0597473555745,0.1157685785011,-0.0308306200529,0.1393925853761,0.0583040877082,-0.1626428191086,0.5043402036972,0.1719484217085,0.2427660648546,-0.2799313385437,0.0005350586604,-0.2221408197815,0.0182354953972,0.1473913141683,0.4219473323906,-0.2697409285189,-0.3691726938478,-0.0177549857050,0.1995128052445,-0.2980139848029,0.0255832051164,0.1358016314951,0.3721829797450,-0.1537464302438,0.1126035753457,0.3308898151851,0.1081160838788
0.2231114525731,0.1380070695682,0.3442208875530,0.4012447569397,0.4808876307030,0.4926699075674,0.4199428398256,0.3514625316346,0.2143920650288,1.0000000000000,0.5375183883981,0.6945240701815,0.4097010339473,0.2835159575595,0.5061834263327,0.3089014591928,0.4694384702653,0.2796503900420,0.1619831197532,0.1396980430278,0.2730102229757,0.5526976390261,0.2823200331377,0.2678757336142,0.0242375830236,0.0195730001829,0.1583496717349,-0.0118955277788,-0.0307982663388,-0.1028889541253,0.1793050291075,0.1789031443113,0.2713247339123,0.1671994941832,0.3368283769590,0.1569811625809,0.1105057633101,-0.1031829263456,0.0498830852743,0.2183306223704,0.4302141293386,0.4493925281315,-0.0113777426751,-0.1617015192674,-0.0550246137480,0.3073609866223,0.2884889121224,0.2612015902995,0.3069326923964,0.5662947440634,0.3350636081251,0.3710666937241,0.3839333058758,0.3995497336893,0.5701569431567,0.3363123992290,0.2542319573287,0.2631044664207,0.1517273598962,0.2604542202300,0.7041278509562,0.5300539987858,0.3885227400059,0.2925213023044,0.3090715732148,-0.0079378824773,0.2128079629757,0.2467632285899,0.1897847479247,0.1043254239746,0.2737726511363,0.2975761864353,0.2827330818462,0.0807648759199,0.0387523356438,-0.2920586132375,-0.0386613687647,-0.1350868332949,-0.1833259752262,0.2222045959583,-0.1217262408806,0.1205546339829,-0.1639748247013,-0.0188279797696,-0.2806436028013,0.0534054378329,0.1095552812409,0.1691896442797,-0.1401351282740,-0.0876501461412,0.0231496027634,0.1247719165161,-0.2039688826567,0.0260680495927,-0.0033151183339,0.3140666041668,-0.0001462333919,0.2238597945303,0.5339154887278,0.5165205895597
0.1782165466535,-0.2553892133459,0.0900541576594,0.4354401930213,0.3735498387233,0.4120594335315,0.3904671156405,0.3675004479968,0.4510994757779,0.5375183883981,1.0000000000000,0.7766712423538,0.5047400672637,0.0391836692525,0.4383725219248,0.3619741014031,0.4788028955389,0.5305342835563,0.3152202083420,0.2966767139584,0.3330404157486,0.3220167226758,0.6462449705572,0.4622989267077,0.1807516363407,0.1066620958603,0.4564295606804,-0.0396072904719,-0.0677299951403,-0.2571139653639,0.2909774828419,0.3254118815044,0.4492514426328,0.2537814984782,0.4134735211097,0.2682975853020,0.3687013268668,-0.0140144797338,0.2288961079576,0.2396841990516,0.2531006081614,0.5421389931550,0.2465065298305,-0.0831002272629,-0.0696181487162,0.1175145765418,0.4265385537867,0.5419570381037,0.1752322988003,0.5308165143156,0.2076426093877,0.2084776772592,0.4469124375665,0.2339982264295,0.4091440924056,0.3266821924286,0.3050814122304,0.1339793538505,0.3260329134086,0.3515959346062,0.2893797725138,0.8165363812820,0.2620662253569,0.3682083779885,0.0345672727946,0.1909401754954,0.2136201800806,0.3974914088786,0.0694367973629,0.0770829356101,0.4225024107670,0.3955011516340,0.4780416512095,0.0513811144738,0.0996638669097,-0.2261406962368,0.3147197655013,-0.0817154744905,-0.1588709110567,0.2827345680112,0.0725853645661,0.2792149227548,-0.3110990529873,0.0975217772768,-0.1431694779397,0.0696817473998,0.3352364416216,0.3028996446587,0.0263483820508,-0.1618973331792,0.2418293878132,0.2970541421858,-0.2177230253707,-0.0265647479194,0.0264611228434,0.5528928462082,-0.0753839203734,0.0456653477953,0.4652137589533,0.4505882556399
0.1842766589976,-0.1898634537730,0.1075016679270,0.3402515673700,0.3641286200669,0.4149274292112,0.3076182743282,0.4206484447178,0.4560382680787,0.6945240701815,0.7766712423538,1.0000000000000,0.5076902434697,0.1011423131545,0.4366221070569,0.3369359443321,0.5613249668764,0.5203305759104,0.3593657169183,0.3478352012242,0.4343587339044,0.3728466301723,0.6773007516467,0.3871050584524,0.2234612293456,0.0908624645805,0.3429665870467,-0.0280883840532,-0.1237512782754,-0.2210610483552,0.2200402854658,0.2924004111565,0.4029721952822,0.2482215338821,0.3644452744065,0.2713624730352,0.2877543679572,-0.0472652924506,0.0987361973367,0.2411724036792,0.1786033180341,0.5109971614220,0.0934295841369,-0.1243367391467,-0.1281921422437,0.2642240625474,0.4399827511977,0.4458355480739,0.0629132963189,0.5239244861422,0.2111123835331,0.2391911934113,0.3677004673880,0.2735715265522,0.4169670679137,0.2473106275155,0.2894761790306,0.1587254516055,0.3111187808087,0.3972100975182,0.4956751044609,0.7595979133662,0.5168591876719,0.3798743042081,0.1543005741600,0.0227074987214,0.2198125696051,0.3926912418043,0.1615626152541,0.1255817664812,0.5534415121156,0.5141022967330,0.4291575591348,0.0725949063739,0.0795261867298,-0.1804379129450,0.2100859865167,-0.1258185297320,-0.1775045289617,0.2687143624956,0.1107752456368,0.2311929292678,-0.3431260185237,-0.0892577898695,-0.3330250482462,0.0399739297478,0.2324727637479,0.2092348966352,-0.1228339951417,-0.1848344475579,0.0723739855938,0.2449831009290,-0.2337677044322,-0.0761475630592,0.0640945422681,0.4507361284479,-0.1485204300669,0.0706996820025,0.5290275928251,0.5572026040982
0.1001529880119,-0.2732774660960,0.1457685761852,0.4716968105480,0.4053771101962,0.4601416796173,0.5516364630433,0.5316620239800,0.4553050710338,0.4097010339473,0.5047400672637,0.5076902434697,1.0000000000000,-0.0385221168270,0.2386586031410,0.4673591858749,0.6152122305861,0.4898449678115,0.3141717990501,0.2876714175661,0.1666902126212,-0.0424241925225,0.1221260763757,0.3429805387226,0.0916910245216,-0.1272324169183,0.0249798288741,-0.2228229179751,-0.2597637613765,-0.4243719312854,0.2927125446721,0.1477627076048,0.3683584756400,0.2762806229617,0.5068810164377,0.2933412818022,0.0477949953195,-0.3020548247815,0.0943069958950,0.1472593575912,-0.0205787474340,0.3968609969497,0.0259698392407,-0.2677070979173,-0.2508182908451,-0.1216520771887,0.2784367980715,0.2603308076693,-0.0198892808662,0.4308984348661,0.1414916315497,0.2216761329066,0.4721142430586,0.4415498104200,0.5500060867666,0.5222797322868,0.7489353529980,0.4250153878453,0.3531559053531,0.4059007451582,0.3623545798186,0.6000583125837,0.4456346094237,0.8981128047789,0.0972877126566,0.0230095572063,0.3979422200048,0.5636730105432,0.1329414805568,0.1755713711520,0.3233287966175,0.0630664662730,0.4584836168286,-0.2050680702579,0.0753523011159,-0.1819568200881,-0.1562126945107,-0.1772420264587,-0.3047157742253,0.4762479997797,0.0695292548239,0.4245207431438,-0.3957219837367,0.0319821337074,-0.2370291910760,0.0783662191499,0.0180310288323,0.3195061692110,-0.1980889147627,-0.3889102134737,0.0321198402267,0.1936763962923,-0.3652487307709,-0.1395488766521,0.1216186528482,0.3708928361834,-0.2527316058259,0.1344889585605,0.4488864453050,0.2074675277135
0.7010817440572,0.6284408512604,0.4558784109324,0.3149089338763,0.4577896659898,0.1561429570327,0.3267446784928,0.1127807709817,-0.1038498327354,0.2835159575595,0.0391836692525,0.1011423131545,-0.0385221168270,1.0000000000000,0.2236678191974,0.2621246067473,0.1302960485491,0.0638771687276,-0.0576555816477,-0.1268544979092,0.1456615230814,0.2366510497557,-0.0334696254495,-0.1806404116798,-0.1101292905040,0.2095346648331,-0.0133595124347,0.4232522382770,0.2870238856276,0.3785088685375,-0.0321718748894,0.0417606198256,-0.0670737518993,-0.1255701998242,0.1577177480928,-0.1162239004446,-0.2630167490926,0.0914307290981,-0.2062977311217,-0.0308881688119,0.4995866754509,0.1514984894662,-0.1355639254512,0.1280596256939,0.1030196544901,0.1215101566762,0.0206621656032,-0.0313506909490,0.5075077447682,0.1132363075123,0.6469542195440,0.5758737482339,0.2868041818625,0.2508657655321,0.2714472788928,0.3043155035358,-0.0539493498832,0.1599996860119,-0.0633741927372,-0.0068671550292,0.2547133931718,0.1017682585382,0.0907120918566,-0.1084618952154,0.7698063242012,-0.3811002022985,0.1243320383767,0.0420864149322,0.1214308269701,-0.1003628784261,-0.0368243020832,-0.0340620983860,-0.1418210137477,0.0169435486726,-0.1662320429414,-0.0876687870313,-0.2137032837917,0.3005797930945,0.2127035712502,0.0228019759473,-0.2264508095245,-0.2490202341042,0.2325915842960,-0.3287601638769,-0.3641398851830,-0.3333834804290,-0.3596334347441,-0.1780649779951,-0.3950870408685,-0.0176612912082,-0.2279575372148,-0.1404652599384,-0.0645865574016,0.0210997314617,-0.0926570945661,-0.0448753724566,0.5493269247937,0.3473791128050,0.1488330695779,0.0301124336495
0.1707787879526,0.0057863493050,0.2011440775072,0.4789236464018,0.4255392098954,0.4310176744601,0.3715446721771,0.0930125372616,0.1227829482939,0.5061834263327,0.4383725219248,0.4366221070569,0.2386586031410,0.2236678191974,1.0000000000000,0.3466352602922,0.3586133145976,0.2200872717487,0.1367818361090,0.1426292060216,0.5191595173294,0.2713296433697,0.2096182016513,0.2933038504916,-0.0624752977355,-0.0312181623958,0.1238091790125,-0.0551207361194,-0.1886931700740,-0.1838948908458,0.2697683290026,0.2812005346985,0.4306127434561,0.2702519022734,0.3600944472163,0.2362989604601,0.1903608895497,0.0436476017929,0.1999161485020,0.2731982332333,0.2072322368031,0.3944027439210,0.3568379086215,-0.1818249114077,0.0361790787256,0.1725613556375,0.4126964765126,0.4442248933558,0.2818671916733,0.6454595702771,0.1806715910335,0.2583157970979,0.4347452774967,0.2966645379987,0.4122352081636,0.3226959179594,-0.0107999044048,-0.0135309907280,0.0824457543468,0.1342676686323,0.3128800117627,0.3501462113978,0.1501536232117,0.1801760806925,0.2708014914085,0.3494524193982,0.1300592816315,0.1454755158389,0.0890862325993,-0.1080717596685,0.2611152138994,0.1354231975011,0.2040279447447,-0.0835543842238,-0.0322465254037,-0.4023115569466,-0.1144111703709,-0.1029293639159,-0.2690065707016,0.0701368540925,0.0469851689482,0.2041674676790,-0.2605596508698,-0.1535200088596,-0.2482639042397,0.0154591973889,0.0531726150662,0.1381965725436,-0.0073452528723,-0.1081584065942,0.1482156960396,0.2443467832922,-0.2393268122894,-0.0729970958363,0.2018469894830,0.3677640345531,-0.1364795057027,0.0675024981610,0.3189169404348,0.4203377739059
0.2846819774612,-0.1796382280511,0.3203841119900,0.6097590783180,0.5316315038708,0.5107179186400,0.6875698361605,0.6232540764965,0.5241401167944,0.3089014591928,0.3619741014031,0.3369359443321,0.4673591858749,0.2621246067473,0.3466352602922,1.0000000000000,0.6780059431744,0.7083946377291,0.6252867179845,0.5903666371399,0.3258056943415,-0.0585614794134,0.1626609925952,0.5372345325458,0.2132421416175,0.0239603855388,0.3229865472710,0.0107105982429,-0.1610722844858,-0.2124533102068,0.7484877339462,0.3936534686071,0.5164718996806,0.1686638713165,0.7839354407391,0.6679807323467,0.1868889869687,0.0219847174908,0.2485116500644,0.1138541382730,0.1803623410713,0.4656693287386,0.2332328734552,-0.1300912022961,0.0121169958399,0.0358863058947,0.3328270660753,0.4469256735923,0.1736314845424,0.4388064780062,0.3621517409061,0.4180410565598,0.6282873090563,0.4847735623966,0.5357731021273,0.6803023189714,0.4245079146340,0.4065508550301,0.5198928543775,0.4701036501334,0.1709358014761,0.4274249704562,0.0310732449483,0.3133799561148,0.2930000408383,-0.0535476715241,0.8633453844363,0.6997760377628,0.3148706406265,0.3843620347182,0.3197197912328,0.0144857930584,0.5329041304801,-0.1111043301206,0.2096070247813,-0.1092854421031,0.0685011571371,-0.0682166899140,-0.2082512203076,0.7869671149601,0.0545617611208,0.3131800840962,-0.2635059547185,0.2054978356188,-0.2113576113669,-0.1029412344049,0.1019970801098,0.6048245408456,-0.2830332566082,-0.2845327519934,0.1403934435656,0.1116011569951,-0.3107878684791,-0.1198932599329,-0.0263187100598,0.4168176279995,-0.0716770438415,0.1483097845842,0.3791903808714,0.1418498176502
0.1005300598109,-0.2109565914397,0.2259856689438,0.4834344353811,0.3955462623309,0.4719937076390,0.5408676569459,0.6610608376755,0.5099150096230,0.4694384702653,0.4788028955389,0.5613249668764,0.6152122305861,0.1302960485491,0.3586133145976,0.6780059431744,1.0000000000000,0.6832181207895,0.5262453270985,0.5067948462009,0.4818080916850,0.1154838865273,0.2361027844288,0.5605418285330,0.2130595488273,-0.0074422635623,0.3230862842322,-0.0267464774530,-0.1620041513454,-0.2518018202397,0.5922736542479,0.4035427569463,0.6224430956410,0.2070330714998,0.6460912197649,0.5445406108429,0.2978427506619,0.0446322951299,0.2228308488373,0.2818420324677,0.1331865409355,0.4236432601367,0.1855551632904,-0.1075755654831,-0.0729217275859,0.0985314230656,0.3575960789006,0.4014129374645,0.1950193691276,0.4596831377215,0.2048709017788,0.2955539309824,0.4809621081780,0.4160828341135,0.5191145565743,0.5038786963304,0.4275036019888,0.3655973286347,0.4424895586190,0.4549938678650,0.3557499129027,0.5211625335404,0.2182255300829,0.4705695552356,0.1630290234072,0.0593293425749,0.5260511527763,0.7455582006699,0.2339160844928,0.2379667100071,0.4739805839180,0.0559254129657,0.5492023265558,-0.0531448983040,0.1168593124040,-0.2240296280146,0.0356096979637,-0.1045898616135,-0.2537714882306,0.5920397561618,-0.0079460923430,0.2838551484791,-0.3188570941521,0.0340158553771,-0.2921740926006,-0.0624252986950,0.1802061658712,0.4752134233015,-0.2467843232952,-0.2489338105691,0.1471383725206,0.2174894955664,-0.2582553879056,-0.1260543110486,-0.0355055152580,0.3889029017597,-0.1222990941013,0.1249847873795,0.3975052673896,0.1860781560556
0.1696065037339,-0.3265749760182,0.0684249759271,0.4078332468613,0.4008218425898,0.3782196257185,0.4369830758362,0.6603817420700,0.6124431048481,0.2796503900420,0.5305342835563,0.5203305759104,0.4898449678115,0.0638771687276,0.2200872717487,0.7083946377291,0.6832181207895,1.0000000000000,0.5661852464871,0.5874599253416,0.3292685099392,0.0380240239510,0.3750137239452,0.6059666467192,0.2931889816265,0.1452176851905,0.4384660656448,0.0281107766202,-0.1475554911681,-0.2471333537629,0.6140286791939,0.3896107742406,0.5000325214574,0.2159652283524,0.6066681237513,0.5307683697862,0.3655820956242,0.0726001604478,0.2487352660839,0.2457724224601,0.1094729845251,0.4801531026847,0.1694820494882,-0.0186474602368,-0.0324790225256,0.1001722676603,0.3975874380219,0.5099341456475,0.1371590405751,0.3657183561413,0.2025871392165,0.1967669595242,0.4513030652589,0.2738418654680,0.4111798543597,0.4350203012104,0.4497873320746,0.3965420241808,0.5777003962231,0.4713085549476,0.0908004253660,0.5142118319985,0.0856700125826,0.3071520594445,0.0959235665229,-0.0478926234436,0.5955005052913,0.7418191400100,0.1787955073148,0.2758754871185,0.4166245926583,0.1794561508591,0.6322600294462,-0.0548112695026,0.1512778813364,-0.0912838049321,0.2360187529148,-0.0280541410144,-0.1967080790441,0.6780060935888,0.0728874750772,0.2629331831621,-0.3409454925845,0.1138521609599,-0.1432323104591,0.0205925100391,0.3030305481854,0.4642338117963,-0.2128402176303,-0.2098930479445,0.2742120478448,0.3325239171425,-0.1917557254722,-0.0395409393391,0.0233405606913,0.4956297307563,-0.1500504555015,0.0243003966529,0.3375259101928,0.1344898550640
-0.0857266555957,-0.2062866738226,0.1045943782669,0.2508131464598,0.1521737343969,0.2872470566584,0.3032315788695,0.6157585186084,0.7567979086865,0.1619831197532,0.3152202083420,0.3593657169183,0.3141717990501,-0.0576555816477,0.1367818361090,0.6252867179845,0.5262453270985,0.5661852464871,1.0000000000000,0.7781727432888,0.2756371956408,0.0342399872421,0.3006017898570,0.6425868176263,0.4205901458412,-0.0401889442864,0.2680636480731,0.0664830827548,-0.1115370371254,-0.1208516226577,0.5335189733980,0.2018279360434,0.2800037110558,-0.0647533745455,0.5643158260742,0.8613294753098,0.2917185327037,0.0485036403161,0.2102593075687,-0.0207487446013,0.0719156978475,0.2971063321722,-0.0002623111178,-0.0772926307324,-0.0956518899498,0.0898583785599,0.2113380579659,0.3547459852331,0.1219883866568,0.2491293820092,0.0213730662501,0.1769242090881,0.2573963944412,0.2310553020371,0.2549202975414,0.2788861152589,0.2935508656274,0.2526456039099,0.7252903603140,0.6514039086973,0.1189824787658,0.4005118778287,0.1242621053524,0.2507907443984,0.0617189497082,-0.0299136176330,0.7038531772811,0.4946490266284,0.3482463138354,0.3278094698928,0.3734645359484,0.2408052143587,0.6439650001569,-0.1273172897200,0.2422603813718,-0.0139567176533,0.1430797888195,0.0022207280532,-0.0983108071092,0.5512704987646,0.0787714316374,0.1993869421792,-0.1515396380423,0.1664801472571,-0.1701904242955,-0.1202386389483,0.2534926174045,0.5897543171794,-0.1722637193797,-0.3474714512747,0.1140873292124,0.0376073747028,-0.2634200133370,0.0652213464115,0.0337066947354,0.3132761948955,-0.0670212158128,0.1240349630616,0.2245591103974,0.0806997274719
-0.0828961136185,-0.3495170643798,-0.0147785076344,0.1858532501810,0.1366685001963,0.2531362317389,0.2428703254874,0.6353020823142,0.7642533322387,0.1396980430278,0.2966767139584,0.3478352012242,0.2876714175661,-0.1268544979092,0.1426292060216,0.5903666371399,0.5067948462009,0.5874599253416,0.7781727432888,1.0000000000000,0.3280894342960,-0.0650341851105,0.3292496458917,0.6290209269627,0.6809704666752,-0.0163417531458,0.3987592815769,0.1026339762478,-0.2109984546913,-0.2151098657795,0.5864278846703,0.3269446322709,0.4377477114553,0.0872372602857,0.5144754414343,0.7370665466708,0.3205216161619,0.1789504222369,0.1090332031769,0.0916054111168,0.0111429174827,0.3998734179582,0.1114694561087,-0.0142349385479,0.0647860757358,0.1383704841246,0.3496219689686,0.3815493382409,-0.0178776910536,0.2833860995992,-0.0399726013845,0.0625467757500,0.2140268465970,0.1780698799743,0.2219122893820,0.2294060805740,0.2926476594394,0.2375922907576,0.7216947568607,0.7086237265616,-0.0081008162374,0.3372411761585,-0.0178978093664,0.1517891039122,-0.0740318208685,-0.0428951421170,0.6362242110431,0.4234910498473,0.3473608048322,0.5763829914005,0.2533724128356,0.2082399514909,0.6250818163675,0.1502657521504,0.1901646849575,-0.0251151916284,0.2940448967033,0.0155350370555,-0.1878323900302,0.5766982386529,0.1366770420394,0.2332017978685,-0.2591072415588,0.1747705946071,-0.0756854666139,0.0221002559176,0.2727015829517,0.5587553580915,-0.1613029735791,-0.1657009523449,0.0938570782321,0.1464964278562,-0.1300443820317,0.0509274480640,0.0472024145336,0.3497887737988,-0.2271157457808,0.0567365639068,0.2568875067454,0.0928832154061
0.0409448544320,-0.1655852870789,-0.0793053428543,0.0833486637288,0.0482200949912,0.0823106707956,0.0647890890788,0.1733342742265,0.2452370477921,0.2730102229757,0.3330404157486,0.4343587339044,0.1666902126212,0.1456615230814,0.5191595173294,0.3258056943415,0.4818080916850,0.3292685099392,0.2756371956408,0.3280894342960,1.0000000000000,0.2595445120583,0.4336193896707,0.4872978707998,0.1095802715548,0.2965675243454,0.4288422542824,0.1047425157857,-0.0593632588499,-0.0304024822811,0.4221166347604,0.5937939766733,0.6159107674146,0.1129213656239,0.3513730208020,0.3454237143062,0.4467170190879,0.2713639790922,0.1845298449938,0.1141391842288,0.0113815462882,0.2590380144734,0.4176542634216,0.0425344059844,0.2584935239615,0.2649086674578,0.4501882379313,0.2490444363276,0.1270412783541,0.3673827243422,-0.0688138935302,0.0024376953030,0.0879254692468,-0.0462213399010,0.0403816983342,0.0422990778157,0.0645117590071,-0.0817085411021,0.1983750375190,0.2358241158921,0.1173357894141,0.2525751312634,0.0565326224936,0.0113923136529,0.0398303314152,0.0834515807399,0.2221707987894,0.2263474614150,0.2334147030411,0.0847129469716,0.5829233037766,0.2845358034080,0.4611870351740,0.1936515483377,0.2748536165185,-0.0815120099989,0.2417882756903,-0.0013011417562,-0.1544905140536,0.1917210762551,0.1618805736245,0.1857195855437,-0.2182564985650,-0.0776450950515,-0.1408714470854,-0.1097826144270,0.2623208282826,0.2466063405680,0.1545587562861,0.0920548347088,0.1903644563312,0.0608891756423,-0.0172237366957,-0.0711224801326,0.0147794037036,0.1928647590587,-0.0927218541442,0.0020903341731,0.0803524890201,0.3872698086688
-0.0333334925998,0.2673350798895,0.0998882650209,-0.0167277850882,0.0717007963750,0.0256679124468,-0.0854364814225,0.0191739359396,-0.0270961155639,0.5526976390261,0.3220167226758,0.3728466301723,-0.0424241925225,0.2366510497557,0.2713296433697,-0.0585614794134,0.1154838865273,0.0380240239510,0.0342399872421,-0.0650341851105,0.2595445120583,1.0000000000000,0.3901691195880,0.1033895349356,-0.0729706383070,0.2210579188405,0.1648754764816,0.2396849045623,0.2439295200886,0.2419070011103,0.0003986010698,0.1785182833935,0.1260432453025,-0.0253210275478,-0.0910888018024,0.0124970656412,0.1487035367841,0.1408142577951,0.0154727012180,0.1860478330124,0.4871922192993,0.1511038179432,0.0004234812657,0.1268525824733,0.1489641593386,0.6089501678895,0.3174753552896,-0.0228714703257,0.4801099967952,0.1855743370837,0.0829443815290,0.0863997627072,-0.0441885905335,-0.1230282521214,0.0364359460465,-0.1618155000436,-0.0886948010511,-0.0400178293861,0.0346027462499,-0.0101463080118,0.3701350486198,0.1821445137965,0.1791323965117,-0.1215334619181,0.1239742328905,-0.0115593714826,-0.1082822658132,-0.0962021781561,-0.0033142566226,-0.1382145795824,0.1277465262009,0.5066250852763,0.0533976889884,0.1792983749965,0.0380035582845,-0.1521238943107,0.0137710264567,0.1369668448548,0.0766039484208,-0.1099624494485,-0.2203712990468,-0.1075703590453,0.1638645515323,-0.1142594822236,-0.0857272353237,0.0331848751711,0.0790383213540,-0.0978196933296,0.0996797645711,0.1379426584286,0.0500836048349,0.0792786703320,0.0451416514430,0.4034810329392,0.0723063260859,-0.0693019308102,0.3095206047630,0.2791390231378,0.0533607265140,0.2877669574503
0.1086737380561,-0.2218494626482,-0.0433212260598,0.0320112049326,0.0707799914954,0.1204403068979,-0.0416955131296,0.1118033226371,0.2994311374482,0.2823200331377,0.6462449705572,0.6773007516467,0.1221260763757,-0.0334696254495,0.2096182016513,0.1626609925952,0.2361027844288,0.3750137239452,0.3006017898570,0.3292496458917,0.4336193896707,0.3901691195880,1.0000000000000,0.4097119526386,0.2910855263188,0.3303966966866,0.6106787010166,0.0250694807850,0.0641304354107,-0.0393563944422,0.2181805669030,0.5065736872015,0.4055118857251,0.1082900725171,0.1250065607737,0.2274127958083,0.4908137573889,0.1673753301511,0.2266554002166,0.0803004198035,0.2156188751500,0.4242052540355,0.2227767048482,0.0848286444696,0.1079840958493,0.4408568343528,0.4205185527558,0.3784686722479,0.0390789401366,0.3185278872175,0.0681842757918,0.0326784481242,0.0651478711716,-0.0557780018691,0.0088277903018,-0.0775716025914,0.0528141697978,-0.1154585875292,0.2490681152574,0.2097022669096,0.0615545087048,0.4868623460695,0.1159240990425,-0.0387463826269,-0.0872006376821,0.0631523252942,0.0933433075766,0.1122913677475,0.0695419961900,0.1265956641615,0.4057355808477,0.6523446296779,0.3816361222334,0.2777141066827,0.1509117491550,0.0266475563903,0.5457395004499,-0.1212420793593,0.0261866529169,0.1049096341355,0.0934526363708,0.1137365404832,-0.1832649042087,0.0209538349982,-0.0789080451402,-0.0203068802218,0.4317322746752,0.1487391490582,0.1486107870525,0.0428479146052,0.2363402821722,0.1377353205841,0.0358472739143,0.0480179083521,-0.0366582171105,0.3107766803995,0.0052381171041,-0.0206037693914,0.3148638686293,0.4624768942820
-0.0706625038124,-0.3001559564301,0.0412815768641,0.2384841366324,0.1480295448687,0.3104269557921,0.2938472181575,0.4414851136145,0.5174991053009,0.2678757336142,0.4622989267077,0.3871050584524,0.3429805387226,-0.1806404116798,0.2933038504916,0.5372345325458,0.5605418285330,0.6059666467192,0.6425868176263,0.6290209269627,0.4872978707998,0.1033895349356,0.4097119526386,1.0000000000000,0.2715113468017,0.0279834979635,0.5841156422009,-0.0904061264698,-0.1214523256844,-0.2465095862747,0.7009079486714,0.4313140781709,0.5776475257403,0.0418748973151,0.6195453375863,0.7678548456405,0.6608098292085,0.1162125297006,0.4981390410636,0.1584257579433,0.0736404466748,0.3505408021899,0.2386127315314,-0.0446872810846,0.0539002286801,0.2012985514588,0.2969920890905,0.4476534446564,0.1568682958544,0.3875036451352,-0.0077166086679,0.1001399832817,0.2016268570368,0.1885104592451,0.2845309497113,0.2651664846990,0.3606573898684,0.1549748134423,0.5645365612498,0.4500928578104,0.1123362651098,0.4016156469146,0.0094225791908,0.1985141230638,-0.0772822292073,0.2046273470130,0.5508503517374,0.4778585118027,0.2582426801180,0.3338639139113,0.3758887120828,0.2840946157228,0.8644290566402,0.0688767258022,0.2559049717157,-0.1998969662208,0.3741330151109,-0.1542731577246,-0.1844697269093,0.5757062729338,0.0240402322373,0.2802625334536,-0.2404558232376,0.2965907368762,-0.0169644311124,-0.0571435472197,0.5855553130254,0.7048315604103,0.0757641815110,-0.1036194967481,0.4603812534772,0.1931978652384,-0.1759322147482,0.0607409167396,0.0245156407809,0.4279457702892,-0.1586564891430,0.0297059869115,0.2522163080037,0.2614579748055
