1.0000000000000,0.4464093444676,0.7776135080295,0.3081517061652,0.6236392846936,0.2520272274289,0.1707535138574,-0.1081691994114,0.0596245864480,0.0543001404865,-0.1630971027964,-0.0903316109575,0.0647548283627,0.3550930298475,-0.0273765473157,0.1388646527871,-0.1540455504154,-0.2704332840731,-0.0712265904957,-0.1997952553205,-0.2126332003085,-0.0235385160470,-0.2241119532163,-0.1812347718570,-0.0364453128110,-0.3210507775978,-0.2241715133754,0.1818223243968,0.0294808081548,0.1358622733307,-0.0154234851750,-0.1501452534759,-0.0913219206901,0.1144363363687,-0.0215750599157,0.2872745946944,-0.2925990009344,-0.0192127736830,-0.0947842552096,-0.1631152773488,0.1408304126815,0.0064778435692,0.0432215801463,-0.0814821893478,0.0082280287314,0.0308370875752,0.0108937425327,0.0118320137206,0.1894436870706,-0.1532794801236,0.8394839048241,0.7941230445635,0.3016584309347,0.3591646290158,0.1168250422760,0.2272085112958,-0.0359554966895,0.1919519853500,-0.1833822403942,0.1260556088411,-0.0737588918170,-0.1496448007679,-0.0140379266838,0.0410856059077,0.1286860816972,-0.1138641322810,0.3831670945105,-0.2461152855847,0.0999886569494,-0.2204404008066,-0.2183160220536,-0.2186369972222,-0.2062400041983,-0.1889617128489,-0.0822010993464,-0.1110880844504,-0.2525057187633,0.0388897271813,0.0241666706558,-0.1242013120097,-0.0971009541538,-0.1438839033696,0.0400161475459,0.2901658221412,-0.0762179191916,0.0225132338885,-0.2956210822216,0.1622905569602,-0.0816710894645,-0.0372707638202,-0.1723763823423,-0.1374193680471,-0.1466029139933,0.0015958940823,-0.0450340991027,-0.0268525577771,0.0999674342291,0.0632741862479,-0.2066576310299,-0.2814974323856
0.4464093444676,1.0000000000000,0.4810358864461,0.1611384912067,0.1964211658436,0.0364278682556,0.0381801095993,-0.0756727765031,-0.1080953734235,-0.1416817423281,-0.1371769720383,-0.2246380262875,-0.0452707678503,0.5808579673723,0.0940359461710,-0.0086054554563,-0.1432356108815,-0.1650443229207,-0.2927601023085,-0.2653293501078,-0.2393502462792,-0.0443791354234,-0.2263098088115,-0.1576624372765,-0.2621844058919,0.1211182467083,-0.3009000306406,0.2226496265443,0.5912730296837,0.4454587388675,-0.1015832504701,0.0034663820239,-0.2136985551127,-0.1448534846322,-0.1755167089153,0.0129402511728,-0.2765704047056,-0.0571512835337,-0.1370673193067,-0.3228530700793,0.0900861760372,-0.1287824690319,-0.2026670016546,0.0757223009858,0.1293522537992,-0.0947115463812,-0.1510230325735,-0.1955798121357,0.4545455199288,-0.1234357130319,0.3933506721488,0.7981115540796,0.2254110020743,0.0971938263555,0.0206415406977,0.0362131090574,-0.0312830978766,0.0182288886082,-0.1866329930314,-0.1549407346800,-0.1310830727915,-0.1801284553141,-0.1615989293097,-0.0013999588440,0.5383807752628,-0.0105725011547,0.0111206492052,-0.2489679360267,-0.1981382364234,-0.2895182990160,-0.1491496910697,-0.2227114956664,-0.2000568601447,-0.2168605405643,-0.1478672244936,0.2918405175374,-0.2855096977511,0.0871216511454,0.6154080295065,-0.2172801124080,-0.1482566174624,-0.2516005542280,0.3422301203934,0.0085764638392,0.2238690351361,-0.1641909124149,-0.3089888740717,-0.0487459564047,-0.0894304184408,-0.0917044265280,-0.2064292100140,-0.2519502961728,-0.0206147934602,0.1224916953295,-0.1747246257418,-0.1987172264494,0.5758743565561,0.2944078383872,-0.2332099654085,-0.1189817259623
0.7776135080295,0.4810358864461,1.0000000000000,0.3232363066228,0.7151278745497,0.4874363142257,0.3541870717143,-0.0303056277422,0.0851097357806,0.2013975638362,-0.1430846625618,-0.0942709635018,0.0448479231772,0.3252395550386,0.0702018304192,0.1003963934547,-0.1940807753827,-0.2448120768106,-0.0479060767790,-0.1739359957643,-0.3166876758913,0.0616739456632,-0.2236038308779,-0.2690785654254,-0.0390970431480,-0.2622479958786,-0.2800063991611,0.1219205027867,0.1377849995730,0.1769420399040,-0.1126771358054,-0.1707254029951,-0.2260792276644,0.0770763103014,-0.1088145181016,0.3599735509553,-0.3779721202226,-0.0438595666181,-0.0742987558278,-0.2092642742785,0.2639300652964,0.1147071346647,-0.0401508224300,0.0171089719040,0.0018347494197,0.1313361807602,0.0405886220876,0.0051353589982,0.1304978545978,-0.0424129267912,0.7657717978225,0.8122327383853,0.2284099905443,0.6120708669030,0.2985647456828,0.3831057568490,-0.0613295604206,0.2637946779626,-0.1584600504264,0.1552542527481,0.0051655061133,-0.1386280692539,-0.0260134273724,-0.0038234650456,0.2108024750226,-0.2517185895261,0.3450819984160,-0.2466253802184,0.1722511281500,-0.2492471655332,-0.1991470502182,-0.2772315955774,-0.2743658853847,-0.1900577691856,-0.1806726492917,-0.1044626495000,-0.3708638877917,-0.0735052512235,0.1474286629757,-0.2228450981096,-0.2538736720763,-0.3636981481146,0.0335927878885,0.1943925101729,-0.1392551985809,-0.0784546074283,-0.4147817955465,0.1503299410458,-0.1498722892734,-0.1411642363426,-0.1967068143089,-0.2343926269823,-0.1289288113544,-0.0623346712053,-0.0466044551413,-0.1012145093350,0.0945505812869,0.1407680357804,-0.1154960183776,-0.1800162611037
0.3081517061652,0.1611384912067,0.3232363066228,1.0000000000000,0.4690283055549,0.4899949698192,0.7193947144331,0.4766834503257,0.3958529555203,0.1601411121409,0.0797372018154,0.1091148245092,0.1200891496026,0.2860415467075,0.5747630318102,0.6302739893900,0.2847078688529,0.3720807899758,0.5532709853809,0.4224736099208,0.0793054254561,-0.0631953138551,0.0318726557861,0.2173295158068,0.2223354981398,-0.1395169004100,0.0472929394680,-0.0141246656282,-0.2437579675399,-0.1271618152961,0.2007836793079,0.0072270135022,0.2636674471756,-0.0596417220770,0.2650010319660,0.3494681179289,-0.0853347491075,0.1498832557451,0.1538447721633,0.1894850395335,0.1372783731221,0.2197258561370,0.2489468924812,0.0841997448139,0.1003799191717,-0.1565028026437,0.0803542266890,0.4219288347043,-0.0232121111019,0.3026820934114,0.4110889543660,0.2862623948506,0.8443222502481,0.5260226397885,0.5591778172434,0.7845449408159,0.1801216599021,0.4047933054932,0.4891485625351,0.4014935444718,-0.0110343051582,0.0534583725276,-0.1482146743198,-0.0105861791512,0.1333013980688,0.0858551926380,0.5734698227296,0.2772885683802,0.6017998726511,0.4158401382075,-0.0871900873926,-0.2689692465957,0.1678300957062,0.1986274326064,-0.1056516665994,-0.2718426022375,-0.0083190456829,-0.2316865501037,-0.2166706053402,0.1961207400833,0.0540444900208,0.0677183278570,-0.3087610112168,0.1284176761223,0.0294198294282,-0.2064119251579,-0.1859681197041,0.3158197261813,-0.1703673950271,0.0055286091301,0.1808951093562,0.0962993002036,0.1080482400832,-0.3759254102643,-0.1089909925239,0.2604580488650,-0.1539386984510,-0.1075928858610,-0.0502848563771,-0.0709248242449
0.6236392846936,0.1964211658436,0.7151278745497,0.4690283055549,1.0000000000000,0.7192405173227,0.5574325734242,0.0416654264398,0.1270948653521,0.3811865314989,-0.1477434661364,0.0184553331495,0.1072600644584,0.1415649048886,0.1385974252990,0.1226800103513,-0.0918527844966,-0.1471278338927,0.0505971321958,-0.0893947707063,-0.1866050969523,0.1104033678989,-0.1804001718801,-0.1312719353527,-0.0641013657102,-0.3519261250041,-0.2725333293278,0.0602156583605,-0.0953659449604,-0.1245222363402,-0.1228453598777,-0.2369367619528,-0.1832245614249,0.1214829300927,-0.0261529648286,0.5080515099200,-0.3533692745379,-0.1260172673926,-0.0694358482231,-0.1272782437295,0.2106390627592,0.1029661843061,-0.0876222348579,-0.1085677615947,-0.2084584780767,0.1098792358896,0.0099730379146,0.2053617560448,0.1123581691852,-0.0442777872914,0.8188556388652,0.5201340629612,0.3751574894381,0.7502490690809,0.5647708609121,0.5412977034266,0.0356335822893,0.2974246364793,-0.0690324222058,0.2345606293995,0.2097573066604,-0.0445304966961,0.0980055963229,0.0471724197027,0.1692390729670,-0.2734349917885,0.3958976937755,-0.0660599297894,0.3113913396204,-0.1187093615296,0.0361008943446,-0.1487329787780,-0.1311471759394,-0.1140430648708,-0.1624244208228,-0.1888223961209,-0.4047202962595,-0.0760269959282,-0.0880915763684,-0.2319451939922,-0.2206277902457,-0.3104415279329,-0.1961618061120,0.1113966772013,-0.3234377999090,-0.1245601373001,-0.4467631065092,0.2633886820493,-0.0715633652346,-0.2207230387590,-0.1756285829647,-0.2044191793374,-0.2387807409055,-0.1260912569672,0.1261514520970,0.0792317500163,-0.0388051697078,0.1207144844839,-0.0870545976919,-0.1242030725367
0.2520272274289,0.0364278682556,0.4874363142257,0.4899949698192,0.7192405173227,1.0000000000000,0.8029703921888,0.3741243015599,0.4339355533992,0.5804432916223,0.1170041554210,0.1976178348987,0.2509553161038,-0.0849131309760,0.3324092804335,0.2929716132060,0.2004706710505,0.1276005618299,0.3008539369885,0.2355521675244,-0.0483032681471,0.1698079086670,-0.0404113380486,0.1472854910130,0.1669170086219,-0.2248282362168,0.0245588097862,-0.0472122156865,-0.3007642072260,-0.3317420439446,0.0504470923912,-0.0544888022770,0.0840831332836,0.2203513918689,0.2010813277934,0.6160609699715,-0.0583255855785,0.0890867288676,0.2356186278457,0.0792462412218,0.1131648113287,0.2696233180694,0.0834651413285,-0.0047285168953,-0.0885197287198,0.1620847640085,0.1255644088057,0.4627124048525,-0.1632438882792,0.2413608219119,0.4083591751612,0.2167100273659,0.3501666939190,0.9080112480727,0.8394015384002,0.7211335024897,0.2707556257873,0.5224679931757,0.2523691136146,0.5084996758144,0.4076687204912,0.1596450908512,0.1136768538790,0.1679341021405,-0.0477438499857,-0.1910469064780,0.4408558129448,0.2582354682088,0.5385125098482,0.2082808312966,0.1570079234977,-0.1143383621193,0.1678540937409,0.2168723554681,-0.1049646073769,-0.2034122061788,-0.1924238801945,-0.2670003766956,-0.2581129311323,-0.0613941555806,-0.1098856340237,-0.1088476742617,-0.4578933654979,0.1427809132080,-0.2206874509438,-0.0979858740821,-0.2040152001218,0.4602901894784,0.0423823249155,-0.0474799569084,0.1095442682820,-0.0191825952223,-0.1058330701037,-0.2757853159314,0.1599389077194,0.2586001752788,-0.3044361258300,-0.0602655615855,0.0273854800036,0.1127692804903
0.1707535138574,0.0381801095993,0.3541870717143,0.7193947144331,0.5574325734242,0.8029703921888,1.0000000000000,0.5444473827201,0.4848510338178,0.4110871456811,0.0946898416527,0.1784145280714,0.2270401528770,-0.0021434010797,0.5852171628005,0.4504600862242,0.3006405204624,0.2997495925952,0.5243587500749,0.4378164979415,0.0144755363728,-0.0160492480838,-0.0188383687320,0.2206271409805,0.2961341788656,-0.1274292244375,0.1106194817856,-0.0921921679235,-0.2848329289882,-0.2435221564185,0.1415370293270,0.0299357817303,0.1784620685189,0.0890218967602,0.2452147278536,0.5350189901720,-0.0335282213572,0.1874249154194,0.3085591780848,0.2189495594252,0.1656443850886,0.3617127056314,0.2490553833302,0.1793039277311,0.0703955426085,-0.0113649133839,0.1251875940807,0.5079924524353,-0.1817465015810,0.4070971478077,0.3237633897559,0.1730730881828,0.5069650523928,0.7761144509327,0.7663503438350,0.9329904176917,0.3412270033805,0.5882034337792,0.4905075324641,0.5681553899911,0.2135213671921,0.1283240898743,-0.0361761535407,0.0861729207789,0.0590805061180,-0.0709100026342,0.5239506898014,0.3619277465619,0.6905601671602,0.4123805006647,0.0591869868695,-0.2534570398117,0.1994098927736,0.2950609819095,-0.1224377561331,-0.2825438302713,-0.0647120266524,-0.3213765276441,-0.2499664369507,0.0722608978647,-0.0335574807617,-0.0384798566351,-0.4316863247166,0.1529839193822,-0.0514956797467,-0.1684812647509,-0.1769408810015,0.4827577886193,-0.0164013406278,0.0401266194458,0.2581464299239,0.0572768192434,0.1077697508751,-0.3715672915785,0.0438891903215,0.2931450573248,-0.2826464564742,-0.0603647860172,0.1080887077549,0.1750283825609
-0.1081691994114,-0.0756727765031,-0.0303056277422,0.4766834503257,0.0416654264398,0.3741243015599,0.5444473827201,1.0000000000000,0.7375889436828,0.2771401532461,0.4306494713750,0.4227812728538,0.4092803071403,-0.1985400340381,0.3787421755068,0.6630662958383,0.6608704864892,0.7072886159963,0.7425671233577,0.8525587176434,0.3444657539799,0.0063354594910,0.2824473702539,0.6411671851904,0.5575904892588,0.1327685124488,0.5638670794645,-0.0975928407882,-0.3827998621842,-0.3117075317863,0.4845461656584,0.3948944021288,0.6545957202314,0.0989025924684,0.4604211688472,0.2645828622440,0.4396111440012,0.4255566504588,0.3606248475354,0.3235995257810,-0.0715145967958,0.2467502225521,0.3705620571006,0.1218354408754,0.3262770108116,0.0120530879621,0.2671438212085,0.4260122059145,-0.3300712641787,0.4282978672390,-0.0849178098911,-0.0965850074656,0.4101324563816,0.3816326877291,0.4163586126343,0.5722097270632,0.5684345649762,0.5947888879613,0.8380915423661,0.6785259852895,0.1522120162529,0.3696811551433,0.0559567067836,0.2366630269473,-0.3225114272251,0.0173974091143,0.3950681594934,0.7139633949578,0.6764934586742,0.8592493537107,0.1641565802533,-0.0690459035709,0.6446434045005,0.7113274662687,0.1089669296357,-0.0773312441916,0.3689212276837,-0.3738615499050,-0.3609318726970,0.4517162186844,0.3706116728575,0.4527060139465,-0.5439317296312,0.0518627803439,0.2695310476209,-0.0969951087664,0.2931315478186,0.3973618616053,-0.0193489446282,0.3218054118659,0.2954121991904,0.2025231577000,0.2547016641811,-0.3359651456620,0.0467308903517,0.2332839569171,-0.3635140601246,-0.2379081037690,0.0062444419274,0.0866683785110
0.0596245864480,-0.1080953734235,0.0851097357806,0.3958529555203,0.1270948653521,0.4339355533992,0.4848510338178,0.7375889436828,1.0000000000000,0.4274392273555,0.4422443900306,0.4170174195136,0.3476321428531,-0.1444742954623,0.3048106501076,0.5628063722967,0.4890591282200,0.4538354077405,0.7279600479695,0.7049206443479,0.3622774425589,0.2094940299239,0.3020115867958,0.6830434595927,0.7182029209088,0.1137478753483,0.5930557092289,-0.0000912546463,-0.3916030217107,-0.2393091914767,0.3604277900554,0.3005827481100,0.6000005292319,0.1961116320156,0.4961080903872,0.4029750586424,0.4198437994415,0.5186358960865,0.3034406198895,0.3777572834786,-0.0265751626814,0.1902457610338,0.4048057389033,0.1760942906005,0.2378952107975,0.1656540116760,0.3042540952955,0.4260726287741,-0.1950300930101,0.3599558882448,0.0302273749181,-0.0576646890539,0.3427834366770,0.4239935459797,0.4193434344010,0.5092516739161,0.4957722081687,0.6816461542394,0.6603489187383,0.9245461397284,0.2060716997824,0.2644613102895,0.0136477201204,0.1297824645121,-0.4025889114292,-0.0748624700127,0.4716848458571,0.4357230506104,0.7540553455031,0.7172653893788,0.1607112776123,0.0471635307643,0.7032234707297,0.7704136675772,0.1920978357467,-0.1165285689227,0.3908726043391,-0.3585632739468,-0.4012262793793,0.3011573644742,0.2537908072531,0.4169241065194,-0.5632898636151,0.1329642468027,0.1616422343877,-0.0520855169290,0.3162930314021,0.4842471238019,0.0384139217903,0.3858044421984,0.2010639867258,0.2812023145865,0.2520238577681,-0.2729764663078,0.1288391152160,0.2777498402453,-0.2990249185063,-0.2446305912245,-0.1205960088146,-0.0334500298263
0.0543001404865,-0.1416817423281,0.2013975638362,0.1601411121409,0.3811865314989,0.5804432916223,0.4110871456811,0.2771401532461,0.4274392273555,1.0000000000000,0.2506642689067,0.5378295569619,0.4165413244451,-0.1569039982967,0.2510057287664,0.1387499753136,0.3611799659426,0.0464515953700,0.2167197908559,0.1678675173647,0.3173722491364,0.5747806908428,0.2188453039898,0.2294564885513,0.1748089704829,-0.0643009328484,0.2128804171075,0.0040946051926,-0.3480207554844,-0.3325362317469,0.0584021528899,0.1299722834354,0.2148931104583,0.3636094802592,0.2120531693122,0.5415399714351,0.1837057584560,0.0651403029312,0.1929443863322,0.2605060947492,0.1779640669021,0.3966300515645,0.1366845353698,-0.0025355311026,-0.0753450268761,0.3965620616003,0.3408225435611,0.2933136539463,-0.2966660815550,0.3842401564601,0.1636648508516,0.0209175149947,0.0771877119860,0.5402560850065,0.4472182774472,0.3810114973603,0.3952333869766,0.4707480439919,0.1151917150019,0.4726165018563,0.8119949168944,0.3890966670330,0.4668383908749,0.2698394488020,-0.2357824068482,-0.2453624305425,0.3221260701044,0.2958459791452,0.4350371633729,0.1978178472761,0.5206699259347,0.3229703956693,0.3001948562394,0.3559589433067,0.2158908602213,-0.0043569057150,-0.0102302903343,-0.2350128544090,-0.3507258573269,-0.0004278523392,0.0773552735436,0.1030500614604,-0.4845453413171,0.1422631756659,-0.1460889942233,0.0743985316493,0.0619846553623,0.3954446612379,0.2418776673616,-0.0150362504189,0.0644506735196,0.1896489752027,-0.0586454819866,-0.1327933774566,0.4796692545047,0.1379428256094,-0.4220124135770,-0.0691822139233,0.2685960801884,0.2472305308112
-0.1630971027964,-0.1371769720383,-0.1430846625618,0.0797372018154,-0.1477434661364,0.1170041554210,0.0946898416527,0.4306494713750,0.4422443900306,0.2506642689067,1.0000000000000,0.7328154230128,0.4117589480842,-0.1293109379885,0.2150386282199,0.1480112178942,0.4096770513825,0.3482509176977,0.3780128752520,0.4337273763931,0.4797084272606,0.3046550499942,0.6878430922836,0.6218660796925,0.4105320989150,0.2912099766237,0.6804503114481,-0.1637234986223,-0.2179633416168,-0.1430984537175,0.2550371446543,0.3413931613416,0.4406707100309,0.0312927315782,0.3290258185646,-0.1228166220606,0.5506360282337,0.2692500849606,0.1661958295086,0.4683247503663,0.0143924406474,0.1723642520297,0.2941255103918,0.0905591393541,0.1102918215790,0.2012883469897,0.2802183254712,0.3332830897555,-0.1221372789922,0.4326820250824,-0.2317215981267,-0.2100702832353,0.0341581512958,0.0663065216545,0.1755658081201,0.0537982171816,0.4261322277162,0.0562305340587,0.4047795378406,0.2879363585934,0.2388297046905,0.7271201524105,0.3431819664688,0.3300774417741,-0.3090446516881,0.1010857384383,-0.0973845497315,0.3932356190909,0.1818247994840,0.5034992457519,0.2563446584492,0.3318983090825,0.6127317792047,0.5554487096923,0.1303819540095,-0.0067467793097,0.6287057793022,-0.3638712352876,-0.1690088883842,0.2499711628925,0.3180914688667,0.3588743644813,-0.2504474317648,-0.1529121298016,0.0717980160199,0.0613056652546,0.5299681034000,0.1005140206947,0.0949136470308,0.2073831783207,0.1387776051252,0.4168909146687,0.2082771984342,-0.1622469141267,-0.0287324168463,0.2617524541681,-0.1154599157778,-0.1995865005867,0.1074743935880,0.1727492345221
-0.0903316109575,-0.2246380262875,-0.0942709635018,0.1091148245092,0.0184553331495,0.1976178348987,0.1784145280714,0.4227812728538,0.4170174195136,0.5378295569619,0.7328154230128,1.0000000000000,0.5869930962537,-0.1495979118995,0.2360226224464,0.2142825029804,0.5634698730331,0.3438885394580,0.3403486981048,0.3769804759837,0.5781630028754,0.4778132032007,0.6879776828218,0.5144688095702,0.3594544957600,0.1498586582923,0.5907629787422,-0.1870268403924,-0.3395510120342,-0.2474273514957,0.3130117943224,0.3627049493204,0.4919556576627,0.2335054958962,0.3515326426477,0.1269874000247,0.4729892205541,0.2196572891723,0.1791072832068,0.4697316350140,0.0420949742905,0.2386324874835,0.3060874681056,0.0071292337342,0.0478122184852,0.2964918716311,0.4103234086693,0.3009156825075,-0.2285414915115,0.4745939600145,-0.0865997062785,-0.1819418340683,0.0650269871112,0.1389033396725,0.1832595778598,0.1324650125378,0.5153416752595,0.2012518607002,0.2794009955115,0.3210542846240,0.4739298952323,0.7671068410604,0.6682157226938,0.4407797155477,-0.3548320820453,0.0458381661611,0.0962857661377,0.4768085381520,0.2621285851985,0.4394535900300,0.5119203446444,0.5113450310329,0.5615097227635,0.5374217506480,0.2905773951830,0.0210856598289,0.4668772467994,-0.4064038559931,-0.3094705523766,0.3024727347506,0.3903532829588,0.4177514932908,-0.3534512536032,0.0168055833350,0.0305281371734,0.1236568522473,0.4142368480947,0.2112939393272,0.2464050109448,0.1876375004816,0.1023360095527,0.3833077249154,0.1028950705726,-0.1668666567163,0.2034787882231,0.1980072780087,-0.2958124454955,-0.2047414261696,0.1546333540124,0.1914056429808
0.0647548283627,-0.0452707678503,0.0448479231772,0.1200891496026,0.1072600644584,0.2509553161038,0.2270401528770,0.4092803071403,0.3476321428531,0.4165413244451,0.4117589480842,0.5869930962537,1.0000000000000,-0.3099748896514,0.2403416934891,0.1592923400781,0.5259256380959,0.1330025821406,0.2770033542132,0.3061424494829,0.2068814973504,0.1879990277209,0.1806938069748,0.3366283793235,0.3145901853895,-0.0663586918742,0.3270365450572,-0.0758315208717,-0.2710294037931,-0.2645718229076,0.2108657010196,0.2182199329684,0.3926378733134,0.2685155182657,0.1859229366994,0.1549603283238,0.2975903761615,0.1985066925352,0.2771020005157,0.2103419415180,0.1099732042892,0.4010669159277,0.3912715487535,0.1207773750242,0.1619849936221,0.0643663544183,0.2778830820549,0.2806147355786,-0.2394478775642,0.3568308392211,0.0135077672499,0.0443377515002,0.0781807799798,0.2571653203162,0.1939550117939,0.2239316414805,0.7602306272133,0.3735181782246,0.2366200883585,0.3468340066027,0.3996919983074,0.5590530084736,0.5402228484453,0.8710311051657,-0.2577321563122,0.0850498934560,0.1520820552744,0.5266235343580,0.2562397421870,0.3602893654650,0.2184468403344,0.0211515878853,0.3422468056791,0.4441822746001,0.0950882444648,-0.1351489535018,0.1524822475110,-0.2566523513935,-0.2663787536361,0.1623490707965,0.1335479951912,0.2719766571897,-0.2194891031280,0.1541555872540,0.0658535448072,-0.0034122355819,0.1979524445182,0.2553561471492,0.2003450590187,0.1921589817602,0.1954944565658,0.1367242427426,0.1045877214408,-0.2005809632744,0.1208898228518,0.1586481131772,-0.2798195964041,-0.0491457972438,0.2374708012879,0.2169139831579
0.3550930298475,0.5808579673723,0.3252395550386,0.2860415467075,0.1415649048886,-0.0849131309760,-0.0021434010797,-0.1985400340381,-0.1444742954623,-0.1569039982967,-0.1293109379885,-0.1495979118995,-0.3099748896514,1.0000000000000,0.1982286575998,0.1292745051729,-0.1491508096920,-0.0246906484646,-0.1491711692775,-0.2195240742218,0.0979799476753,0.0770244666750,0.0412312787661,-0.1819150713345,-0.2162933516823,0.1159286688496,-0.2107395368762,0.1292749943785,0.5030027415830,0.6301382116978,-0.0389286060655,-0.0029065041577,-0.1511453504636,-0.2360887226170,-0.0409744165249,0.0615429601654,-0.2541768722302,-0.0918888980299,-0.2799034397529,-0.2125367802282,0.2349189075848,-0.1532420887017,-0.2234126820128,-0.0156360642020,0.0206179853094,-0.0273473411716,-0.0733778445177,-0.2334639279617,0.4904992749690,-0.0314718850652,0.3629283103090,0.4785758432917,0.2422770826756,-0.0662560669561,-0.0607381315254,0.0026664318782,-0.2225672427720,-0.1314238630695,-0.2450235806482,-0.1995924707133,-0.2584915277296,-0.2302639645827,-0.2005861774617,-0.2732189658842,0.5825478666104,-0.0847715975578,0.1607636161656,-0.3560292985804,-0.0920474969740,-0.2664917767777,-0.0422626020803,-0.0467724916769,-0.2180328231641,-0.2409817852528,0.0703170062801,0.2157412642139,-0.0777005226154,0.0359514811572,0.4736288522105,-0.0261189023007,-0.0180783460224,-0.1481900639224,0.2878003606592,-0.0012738988277,0.1451219044214,-0.0694141544863,-0.2121030741766,-0.0271187387977,-0.1287557318627,-0.1590192149520,-0.2536488231774,-0.1732265689673,-0.0479580479755,0.1253516497958,-0.1874079757188,-0.2209797554618,0.5366517541461,0.2268212746046,-0.1936675154193,-0.1024889372010
-0.0273765473157,0.0940359461710,0.0702018304192,0.5747630318102,0.1385974252990,0.3324092804335,0.5852171628005,0.3787421755068,0.3048106501076,0.2510057287664,0.2150386282199,0.2360226224464,0.2403416934891,0.1982286575998,1.0000000000000,0.3230895477197,0.2794175660755,0.2380846680513,0.5036268210418,0.3995703295547,0.1594808500362,0.1431911557754,0.2735954163790,0.1955728526741,0.2916988237756,0.0565096457435,0.2303883467061,0.0011576183700,-0.1165798798153,0.0037936665402,0.2343824640434,0.1719949050492,0.2198967386174,0.0587126149350,0.2257693069199,0.2068821517739,0.0957444154409,0.2966647465654,0.3966305389129,0.3873290006222,0.3922406872024,0.4761741417084,0.4639261401703,0.3658440588580,0.2449789462324,0.1141492781263,0.3402676233796,0.4448385752564,-0.0354004804050,0.7833244917622,0.0010144193734,0.0247773740190,0.3304077813861,0.3151070750187,0.4317464123932,0.5916085598523,0.3896283330745,0.2805157677565,0.4137941926219,0.2541359471075,0.0765762517589,0.1892840373763,-0.0379015149701,0.1224963148027,0.1372417002142,0.3009321336214,0.3271189869770,0.2636100904254,0.4696708653264,0.3932236013036,-0.0577771981225,-0.0797480501640,0.1699242839203,0.3053509938975,-0.0389367450152,-0.1958939379793,0.2144460259181,-0.2900820685739,-0.1132880510323,0.1707624515298,0.1243889793845,0.1145493547171,-0.1528755214119,0.2244486958615,0.2125494907382,-0.0399325256510,0.0313512508235,0.3314508441767,0.1495586031914,0.1790799918477,0.4403378782690,0.2767885608521,0.3986568280447,-0.2130246934819,0.0583733438619,0.3007820866767,-0.1004087278408,0.0928758001307,0.2141885868617,0.3549971866955
0.1388646527871,-0.0086054554563,0.1003963934547,0.6302739893900,0.1226800103513,0.2929716132060,0.4504600862242,0.6630662958383,0.5628063722967,0.1387499753136,0.1480112178942,0.2142825029804,0.1592923400781,0.1292745051729,0.3230895477197,1.0000000000000,0.5529315046281,0.6615066858787,0.6657419442376,0.6344187298546,0.3177067276084,-0.0170257830823,0.1441793691827,0.3699586829455,0.3651368333716,0.0013382788579,0.2655210374444,0.0573156355440,-0.2886844163101,-0.0936647479148,0.6266029969352,0.3190768188238,0.6176316819836,0.1330675336561,0.5945465687939,0.5224191034692,0.2493320757722,0.3784120355314,0.4077271495561,0.2260364413386,-0.0350307486798,0.1636078996983,0.3876779823626,0.0508028623400,0.3165362937170,-0.0631240413206,0.2255065093379,0.3209815711382,-0.2074168356127,0.2928108842653,0.1113355343228,0.0579583206861,0.6447697033360,0.2948625899996,0.2956041039257,0.5238620736137,0.2256041279074,0.4888260546745,0.5872585231061,0.4891288725854,-0.0307239048336,0.0687790289961,-0.0876276290204,0.0321190907237,-0.1911738724632,0.1265741734595,0.7996927937346,0.4926414870172,0.6732650362458,0.5735749614511,0.1083413052771,-0.1146624062112,0.4193241760855,0.3551330266733,0.2746505809394,-0.0356251605199,0.1368941217892,-0.2180968263220,-0.2874865329189,0.6436603309260,0.3450876840489,0.4598696017274,-0.3793203032256,0.3583386757669,0.2748289389979,0.0292681734180,0.1693196918096,0.4624278370953,-0.0197117078679,0.2706613970978,0.3340404266348,0.1675276643410,0.1563277883860,-0.2675844812577,-0.0321742742108,0.1439635474649,-0.2996833568080,-0.2322819705868,-0.1749234969956,-0.0997288395254
-0.1540455504154,-0.1432356108815,-0.1940807753827,0.2847078688529,-0.0918527844966,0.2004706710505,0.3006405204624,0.6608704864892,0.4890591282200,0.3611799659426,0.4096770513825,0.5634698730331,0.5259256380959,-0.1491508096920,0.2794175660755,0.5529315046281,1.0000000000000,0.6648780974062,0.5289513696997,0.5953959661407,0.5715320383745,0.1394420597426,0.3114462134660,0.5176128260567,0.3525383149389,0.1736425848064,0.5254254283750,-0.0912500353274,-0.3191553392300,-0.2971172942405,0.5424686424246,0.4708412353439,0.7580788395626,0.2100638572849,0.4316589285158,0.2705617328255,0.4921831139703,0.3141373818023,0.3813495190702,0.3513273500395,-0.1061242563373,0.2225132862963,0.3502878258299,0.1044151638572,0.2038719949918,0.0040246409337,0.2831424219288,0.2568760665751,-0.3524106089759,0.3930788687883,-0.2051664401910,-0.1939226561151,0.2520588992147,0.1553269257493,0.2148028733612,0.3135678042899,0.5058166315412,0.3831155798877,0.5257301831765,0.4132044230223,0.2819247767782,0.4236456576431,0.2404978979039,0.3890162032179,-0.3079999303001,0.0390952650523,0.2969370689212,0.7841100819570,0.4405144740194,0.6246422772849,0.4141046571282,0.0792027824742,0.5561456249191,0.5357168661915,0.3025821561146,-0.0132335220690,0.3676867317857,-0.2633362758396,-0.3332546162006,0.5248371003308,0.3500516935077,0.6185396336068,-0.4680721038851,0.0921122458488,0.1483126640912,-0.0163435511608,0.3923208908135,0.2904352865860,0.1634741012922,0.2294013072627,0.3105848200209,0.2343558629308,0.2046282600754,-0.2480882324553,0.1000428938221,0.0794040823407,-0.3719419678760,-0.2026121585486,0.0733823729933,0.1919383544917
-0.2704332840731,-0.1650443229207,-0.2448120768106,0.3720807899758,-0.1471278338927,0.1276005618299,0.2997495925952,0.7072886159963,0.4538354077405,0.0464515953700,0.3482509176977,0.3438885394580,0.1330025821406,-0.0246906484646,0.2380846680513,0.6615066858787,0.6648780974062,1.0000000000000,0.5974965755792,0.7124665155272,0.4990445720696,-0.0541185102599,0.3805158221099,0.5316266387009,0.3508022451600,0.1753522689897,0.4821298546206,-0.2808416450358,-0.2995139118054,-0.2428552921905,0.5354285417266,0.3346951793570,0.6143934136436,-0.1396095660363,0.4587673102872,0.1183578651051,0.4149276688926,0.3160960225733,0.2011666784538,0.1708566015951,-0.1630118474540,0.0782506026557,0.1176211614163,-0.0240159748113,0.2702491969754,-0.1107994166572,0.0933084999234,0.2521933624700,-0.2891438892222,0.2755046895394,-0.2393124599069,-0.2539233282768,0.3460418324025,0.0633545589670,0.2115907132079,0.2904263175195,0.2791025439956,0.2273206550365,0.6905167048648,0.3242738317506,-0.0132995862407,0.2384522204280,-0.0325243505828,-0.0072287427292,-0.1991542165973,-0.0110603269694,0.2849403474174,0.6521037825619,0.4111862346065,0.6894628361458,0.2819423553731,0.0291726813641,0.5404353366853,0.5317863444330,0.1771550806161,-0.0138998394244,0.3698226665154,-0.4131445534189,-0.2580759213383,0.6571339184326,0.3685144617038,0.5094722536364,-0.3769255972158,-0.0838844363655,0.2674704848835,-0.1200553338671,0.3607417240908,0.2451609715054,-0.0694981851905,0.2415518604138,0.2103625914534,0.0626136976271,0.1267148501861,-0.3236458321676,-0.0893955330181,0.1361651658579,-0.2876561568823,-0.2984454377408,-0.0359054842249,0.0751704113366
-0.0712265904957,-0.2927601023085,-0.0479060767790,0.5532709853809,0.0505971321958,0.3008539369885,0.5243587500749,0.7425671233577,0.7279600479695,0.2167197908559,0.3780128752520,0.3403486981048,0.2770033542132,-0.1491711692775,0.5036268210418,0.6657419442376,0.5289513696997,0.5974965755792,1.0000000000000,0.8209221194631,0.3234727819952,0.0854919226258,0.3145217994841,0.4939954768857,0.7002915252753,-0.0024851154327,0.5304610599673,-0.0120537971593,-0.4120468843207,-0.1602453076979,0.4334195679601,0.2630834007633,0.6064702079275,0.0833254985042,0.4031320022296,0.2663663068268,0.3047478474153,0.4409211547644,0.3238656546374,0.4915366246248,0.1751147718584,0.4075602613933,0.5519792532415,0.3151440906167,0.2964749588747,0.1038471375872,0.4023439157164,0.4285069967987,-0.2632268377086,0.5179183174996,-0.0936136831239,-0.2325182452851,0.3885751295034,0.3271097040138,0.3969624857374,0.5898255332066,0.4231409576739,0.5481086213440,0.7701549099835,0.6727289396333,0.0367974042161,0.2332728056829,-0.0867087373039,0.1193898906604,-0.3786678166392,0.0261281348544,0.4767894567395,0.5477036024800,0.8494150280060,0.7867024773206,-0.0278684982576,-0.1024027990991,0.4851967363031,0.6084934200894,0.1238333225333,-0.3610702477125,0.4311977614782,-0.3106176067718,-0.4443547368930,0.4350521286659,0.2703832897466,0.4054251625877,-0.4602858021003,0.1053987798635,0.1542742161567,-0.0760016547388,0.2359717279962,0.2830666874541,-0.1258901605869,0.2945817598333,0.3129535109656,0.3161788545354,0.4007763750663,-0.2864329063228,0.0674318210534,0.2419327167203,-0.3675409669577,-0.1687719481387,0.0507603124566,0.0264219989223
-0.1997952553205,-0.2653293501078,-0.1739359957643,0.4224736099208,-0.0893947707063,0.2355521675244,0.4378164979415,0.8525587176434,0.7049206443479,0.1678675173647,0.4337273763931,0.3769804759837,0.3061424494829,-0.2195240742218,0.3995703295547,0.6344187298546,0.5953959661407,0.7124665155272,0.8209221194631,1.0000000000000,0.4078290965479,0.0181908501123,0.3878144028555,0.6081027344047,0.7694897850745,0.1684423045003,0.6606684923891,-0.1171864614135,-0.4076166148193,-0.2599989247591,0.4742184837408,0.4049794039206,0.7024039720911,0.0951061624406,0.3981251312201,0.1806093666928,0.4191688996326,0.5396219380719,0.2746782066502,0.4360390938589,0.0078119382232,0.2984413523987,0.4433447216155,0.2740509650945,0.3968401063839,0.0565871976532,0.3762329672345,0.3638867849873,-0.3648424144169,0.4518824185723,-0.2190084892500,-0.2914571826747,0.3003620154324,0.2220493968027,0.2791260497849,0.4507057206379,0.4859970748034,0.4832589867801,0.8140486570241,0.6337525694808,0.0072483101498,0.2709559361551,-0.0436103859267,0.1207684742213,-0.4111516129707,0.0207992633464,0.3464366339020,0.6427486262078,0.6687030486981,0.9077621092141,0.0765836599273,-0.0538805561687,0.5907555533589,0.7696161209209,0.1406888110730,-0.1776998837732,0.5009916140766,-0.3808299118214,-0.4062734678046,0.5014806256846,0.3671160181391,0.4919036043977,-0.5571917502040,0.0222762336641,0.2853747826399,-0.0645441406577,0.3301024916153,0.2498566997946,-0.0983793765755,0.4052684185053,0.2696557242959,0.2828755533007,0.4010728564064,-0.3684908523293,0.0329992602757,0.1793047412420,-0.3986154435202,-0.2754100158161,-0.0112172594684,0.0360092453819
-0.2126332003085,-0.2393502462792,-0.3166876758913,0.0793054254561,-0.1866050969523,-0.0483032681471,0.0144755363728,0.3444657539799,0.3622774425589,0.3173722491364,0.4797084272606,0.5781630028754,0.2068814973504,0.0979799476753,0.1594808500362,0.3177067276084,0.5715320383745,0.4990445720696,0.3234727819952,0.4078290965479,1.0000000000000,0.2641961688451,0.6239494777762,0.5533708763266,0.2999805260442,0.3558812003265,0.5718992790037,-0.1416606924622,-0.1934312809832,-0.0997018434789,0.3960521296195,0.4827964111261,0.5395538211633,0.1310961276469,0.4336024389624,0.1720933399203,0.4979892550759,0.2672457967849,0.0241666303162,0.3002195386601,-0.1991228797465,-0.0671224193755,0.2372429317120,-0.0768309185838,0.0832028111243,0.0644755097759,0.2094361191938,0.0608028929840,-0.1322332709931,0.3034023906359,-0.2154120357826,-0.3098021166009,0.0667246192523,-0.1297475977433,-0.0290809414086,0.0114105765701,0.2698200030838,0.0892746987892,0.2784966345998,0.2750192422491,0.2137202357742,0.3748466345597,0.2489858335982,0.0373291556874,-0.1743917486005,-0.0278716516443,0.1677184220043,0.3333251888209,0.2459432646257,0.4316311443120,0.5999828246429,0.4564060709733,0.5807258780929,0.5224385716954,0.5436452013947,0.2285147187692,0.4952706048859,-0.2855020872075,-0.1795325493245,0.4508579874848,0.3557731868972,0.5218662257489,-0.3718839057288,-0.0228425022763,0.0734048455869,0.1573206728456,0.4884090868730,0.2633855942750,0.3156711390713,0.1942298139351,0.0535912147734,0.2975038497356,0.0928206011391,-0.2124741793985,0.0931090624408,0.0252693824857,-0.1528528875531,-0.3180944418970,-0.0568926864972,0.2037572414678
-0.0235385160470,-0.0443791354234,0.0616739456632,-0.0631953138551,0.1104033678989,0.1698079086670,-0.0160492480838,0.0063354594910,0.2094940299239,0.5747806908428,0.3046550499942,0.4778132032007,0.1879990277209,0.0770244666750,0.1431911557754,-0.0170257830823,0.1394420597426,-0.0541185102599,0.0854919226258,0.0181908501123,0.2641961688451,1.0000000000000,0.4027176954758,0.1506961304971,0.1820303627815,0.1337026991518,0.2767505577666,0.1821546373449,0.0239578818796,0.0888474593491,0.1011472807169,0.1661878745235,0.1897223875797,0.3234581724750,0.0708842745388,0.1666187812016,0.1665296203739,0.1412962498851,0.0214300024724,0.2978324827410,0.3801447838362,0.1756874384601,0.0759947139978,0.1085156926241,-0.0126887698371,0.7340520435590,0.5263897320874,0.0656486887014,0.1050306468910,0.2523279622164,-0.0150034045630,-0.0597092362225,-0.0936140746532,0.1299316657729,0.1243845719133,-0.0277172430940,0.1620762877059,0.1327966116040,-0.0995649053753,0.1614349080486,0.5384858982848,0.3208636256677,0.3618607915156,0.1251464358432,-0.2122288883813,-0.1719112819790,0.0569207004125,0.0363512516668,0.1403354473603,0.0118850730858,0.3045320576248,0.6223256536448,0.1845645884208,0.1903055290615,0.2475671108959,0.1100909772958,0.1957966738876,-0.0557065442390,-0.0808456941571,0.0079628309497,0.1509922465660,0.1694384908144,-0.0941660214422,0.0309935284401,-0.0423853652102,0.2229462964984,0.1288284832684,0.0253044189043,0.1106229758943,0.0566635968004,-0.0961383987801,0.2714704204698,0.0638006987779,0.3640919224493,0.5127834987326,-0.0142484957765,-0.0224656276444,0.2514573024740,0.0424942467512,-0.0280770107162
-0.2241119532163,-0.2263098088115,-0.2236038308779,0.0318726557861,-0.1804001718801,-0.0404113380486,-0.0188383687320,0.2824473702539,0.3020115867958,0.2188453039898,0.6878430922836,0.6879776828218,0.1806938069748,0.0412312787661,0.2735954163790,0.1441793691827,0.3114462134660,0.3805158221099,0.3145217994841,0.3878144028555,0.6239494777762,0.4027176954758,1.0000000000000,0.5007941266242,0.3576962430510,0.3807903723135,0.6768299097620,-0.2535626220871,-0.1574228143856,0.0148047449981,0.2843506565704,0.4773816797785,0.4177607993534,0.0864743751364,0.3355371466789,-0.0850163621563,0.4899563092095,0.2710449855359,0.0261336989096,0.4478870776076,0.1458887655712,0.1311944225075,0.2504009148500,0.0858010121921,0.1233619084263,0.4078529079722,0.4697080682904,0.1813482803023,-0.1080904396567,0.4418100724873,-0.2591742437544,-0.3235260181751,-0.0407663176249,-0.1085498212733,0.0105538257990,-0.0334728827901,0.3118042756547,-0.0567850872497,0.2798779742301,0.1441668595824,0.1317539506853,0.5557418700148,0.3780511490270,0.0911044085949,-0.2852577298366,0.0474876791678,-0.0047319298221,0.2243694700184,0.1482793275556,0.4035623227649,0.3287797142537,0.6371845762388,0.5121005388123,0.5115591614713,0.3138573153194,0.1872805340455,0.6678621908152,-0.4841201603846,-0.1393613009461,0.3182955821905,0.4386091382322,0.3765079936760,-0.2124523382005,-0.1065902082034,0.1327777657715,0.2597200036220,0.5059658089629,0.0972033263941,0.1596116166976,0.2310304820055,0.0390904809512,0.4469700468518,0.2540410045393,-0.0527124748700,0.1599935129669,0.1615436656946,-0.0995024307038,-0.1755199692050,0.1428810156145,0.1751707313276
-0.1812347718570,-0.1576624372765,-0.2690785654254,0.2173295158068,-0.1312719353527,0.1472854910130,0.2206271409805,0.6411671851904,0.6830434595927,0.2294564885513,0.6218660796925,0.5144688095702,0.3366283793235,-0.1819150713345,0.1955728526741,0.3699586829455,0.5176128260567,0.5316266387009,0.4939954768857,0.6081027344047,0.5533708763266,0.1506961304971,0.5007941266242,1.0000000000000,0.4607916306394,0.3024769305628,0.6995834599107,-0.1455475946431,-0.3396128357511,-0.3302773450298,0.4077809322842,0.3079244472992,0.5662467968454,0.0073975315782,0.4990487214931,0.0802917073877,0.6799064337860,0.3639705207741,0.2161063360108,0.3514369264079,-0.2444839549115,-0.0501536401216,0.1910941313066,-0.0358825573923,0.0624755869494,0.0672917660872,0.0928324627530,0.3862007498647,-0.1009883792155,0.2446732828504,-0.1942452839214,-0.2593232746026,0.2738060635676,0.0987575976554,0.2565439598066,0.2066946710510,0.5190563739857,0.2781409161258,0.5790615722206,0.5732838911551,0.2109258451879,0.5019231905968,0.1296102250280,0.1917061479583,-0.3239616899620,0.0257772084921,0.1160707413967,0.5283143076415,0.4035597359013,0.7131356459917,0.3375935315979,0.2684482115826,0.9180878948269,0.7308911739606,0.1859223164997,0.0468644346122,0.5802015158616,-0.3339678854316,-0.3307776624450,0.3705436758292,0.3162901711858,0.4854024762868,-0.4983908381327,-0.1666654731807,0.1044609895964,-0.0506994853668,0.5988876126727,0.3759635642446,0.1248486001247,0.3256192981162,0.2093553062706,0.3036665867381,0.1367506582553,-0.2316039557535,0.0171053254520,0.3572173453754,-0.1706368274239,-0.2911836400614,-0.1107369847820,0.0487151042530
