1.0000000000000,0.5693972191660,0.6520953958108,0.4502041209946,0.7941259907729,0.5423122131781,0.6047426625784,-0.0257442542360,-0.0799395232438,0.3459992795966,0.1976019949759,0.2285071115300,0.2315014743048,0.5032486299950,0.2917920706785,0.1661487725876,-0.0827223574153,-0.0337731541728,0.0565798236436,-0.0834531482788,-0.0754321807015,0.0343140121195,0.2129609214228,0.0880189502856,-0.1125395491054,0.1684936632706,0.1364308279324,0.1022708131281,0.1604467761661,0.0368237680845,-0.1216364187342,0.1061756897745,-0.1518099356615,0.1632257454650,0.4489397560898,0.1919317467829,0.0776792511620,-0.0848235900500,0.2070889673299,0.2228314982057,0.3077242122772,0.2147097351330,0.0631759259534,0.0428779993548,0.0746603342551,0.0308185407664,-0.0268808463925,0.3487368855651,0.3462874668644,0.1390637834021,0.7844750113376,0.6287988999067,0.4087772420597,0.7198007418562,0.5676249770818,0.5032508949274,0.0490283618922,-0.0725128350956,-0.0793511858018,-0.0985528296950,0.2285379374108,0.0822924687350,0.2222613314763,0.1263613935303,0.3312508280651,-0.0453504374853,0.1548450733717,-0.0505487774897,0.0660440380911,-0.0262718028217,-0.0384515169042,0.0800309274298,0.1241810041270,0.0608989690111,-0.1425761498355,0.0907177789952,0.0783847862129,0.0368943305631,0.0384904830294,-0.0195354769160,0.1840558075461,0.0254206185743,-0.0267648422227,-0.0203590953741,-0.0269981477405,0.2268827963630,0.0758686118765,0.4470157260677,-0.0945493222766,-0.0229081388111,0.1546493067127,0.1038166792042,0.0697811794351,-0.0760828082397,-0.0743887362303,0.3413828713817,0.3972976667716,0.2102671237149,0.1512695433710,0.1223011804845
0.5693972191660,1.0000000000000,0.5149350407288,0.5418762912581,0.3676579513103,0.1891706390694,0.3721430029770,-0.0587690334642,0.0498094854476,0.1528409760378,0.1580407790850,0.1601169738481,0.1139368879197,0.3997878924791,0.4009672060060,0.0262503321471,-0.0289523118798,0.0809642761810,-0.2100464109369,-0.1495366263872,-0.1421155923477,0.1226776998569,0.1943649614149,0.0509026945116,-0.0670627027442,0.2069413062064,-0.0568019580331,0.1058235183520,0.2610749672476,0.2208623315197,-0.0097258751927,0.1949516932775,-0.0735878033152,0.0010105864192,0.3792021019323,0.0267927301789,0.0318354156219,-0.0317571590905,0.1234532734162,0.0300052194310,0.0978600887101,0.0913727043247,-0.1699789738659,0.0027214758356,0.1031225685657,-0.1895808683545,0.0080170673664,0.1376497506023,0.0444999277525,0.1051085210201,0.3471903807060,0.7124096602961,0.4523296625025,0.2696475758087,0.2665369312361,0.3660701392498,0.0531590314685,-0.1721499991964,0.1490732982601,-0.0215217574590,0.1389754034515,0.0027711771366,0.1601404002612,0.0830129960853,0.5120438041806,-0.0372549772060,-0.0337423310383,0.0533688563850,-0.0525899829342,-0.0174918483861,0.0582215749343,0.0633395855589,0.0741471033421,0.0278434064742,-0.1062689607542,0.1568131938102,-0.0928977700008,0.1122316995886,0.2983865692775,0.1418755459235,0.0936461496434,-0.0346122257199,-0.1068014170738,-0.1585401716722,0.0016520637833,0.1142109152231,0.0057841496636,0.3156036998474,-0.1355185005025,-0.0670039362610,0.0837631825291,-0.0447597850272,0.0347182555259,-0.2715535470137,-0.0795544768477,0.0926195390300,0.1526666946670,0.0430984656305,-0.0073396757392,0.0980883595491
0.6520953958108,0.5149350407288,1.0000000000000,0.3770014235688,0.6617306363027,0.7079930479329,0.6286620237524,-0.0504400237418,-0.0665869607369,0.0425053866974,0.0558649224190,-0.0371949668709,0.0653229433495,0.2900540241317,0.2909390975119,0.1774573184122,-0.2100370916796,-0.1040309231833,-0.0140986499186,0.1180114152857,-0.1678983501934,-0.1022831236664,0.0652348964396,0.0828894850283,0.0920293291192,0.1369002893567,0.2266194786258,0.1488728371131,0.1726223969859,0.2199295248765,0.0008792859924,0.0808653154755,-0.1109593574918,0.2377029958361,0.4403554312583,0.2834486154231,0.2002614439471,0.0886386334780,0.4343489362631,0.3311438245153,0.2828624324863,0.1357237994904,0.1618017272287,0.2252196371486,0.2357911116513,0.0960681776846,0.0531069351004,0.5053017280142,0.3457584311269,0.1404356552971,0.5275075738035,0.6606871953696,0.3915387616211,0.7495543502233,0.6621034933318,0.5423315531355,0.0266031474479,-0.0691545290232,-0.1237990535282,-0.0831631142090,0.0142085579033,-0.0025756236935,0.0106455882846,0.0189098806176,0.1894700256097,0.1595407885966,0.1195823622754,-0.1480266579993,-0.0551839144788,0.0481387806230,-0.1676492603043,-0.0175649884842,0.1298629996771,0.1582136717507,-0.1922304845913,0.0747507425032,0.1524817160925,0.1026288057681,0.0033475895363,-0.0888932892648,0.1183238791263,0.1254968659391,0.1526303895195,0.0249825736063,0.0829265039819,0.2651188932539,0.1879066596036,0.5210273812326,0.0183069671430,0.1807854463785,0.3491239159597,0.1523813929582,0.2583865329385,0.0118281158636,-0.0323042363809,0.4788278326763,0.2734402092939,0.0492113531354,0.0275314810761,0.0391053109989
0.4502041209946,0.5418762912581,0.3770014235688,1.0000000000000,0.5228009799799,0.3926363593797,0.6337937113393,0.2607208560581,0.2429684442479,0.3155976553847,0.4374753771712,0.2824504716954,0.2955509435323,0.5836665060220,0.4949069446404,0.6310946064646,0.2140983848013,0.3033916480672,0.2817904798603,0.1422570870449,0.1664678108955,0.3105246937741,0.4532471833509,0.4089271929950,-0.0024597470836,0.4384833625139,0.2799048442611,0.1359276882148,0.2596772695034,0.0395990292760,0.3472696515563,0.4260509728747,0.2460616432599,0.1684593778923,0.4980412105925,0.3888742505761,0.2574868718180,0.1569446440803,0.1173514521955,0.1330114927565,0.2517383024328,0.2919411083040,0.1436672165857,0.0024829830019,0.2168504057736,0.0456023895710,0.2018688478252,0.2724851389930,0.4573967407030,0.3592589396290,0.4263398561354,0.4909616287290,0.6988708779562,0.3835316066637,0.4402850227048,0.5439450387724,0.2182291241169,0.1745749781789,0.2509077257104,0.2078544745713,0.2190483609309,0.3139769913228,0.2450285759841,0.2147187772788,0.4847399205541,0.0413711807810,0.3772649082121,0.2898558921779,0.2631059312680,0.1870613978344,0.2727476259972,0.2647511722957,0.3932329247426,0.0921998894105,0.1477834367285,0.0171010723485,0.1217290330819,0.0389716379815,0.1025898281742,0.3209284258482,0.2391939344309,0.1860881187975,-0.1164309437529,0.0521419106756,0.0397512488314,0.0863657295563,0.1424413847516,0.2820216786099,0.0119152599344,0.0650731844363,0.0844239534402,-0.0025337943790,-0.0895229395834,0.0087141959388,0.1067814393050,0.2725624233311,0.4959687130802,0.0497302925513,0.0788469066718,0.3206291319912
0.7941259907729,0.3676579513103,0.6617306363027,0.5228009799799,1.0000000000000,0.7726622824997,0.7659204077831,0.0132243856612,0.0296114522116,0.3168267069399,0.3094979580138,0.2194524061684,0.2574100178498,0.4007109799558,0.3573516105798,0.2875654204048,-0.0734659874720,0.0107121084426,0.1215370317701,0.1280529235674,-0.0171926432182,0.1005697411363,0.2639226570316,0.2346346655848,-0.0033216318420,0.1813209200206,0.2883853416507,0.0613171748704,0.1847717993075,-0.0790297895280,0.0373484712040,0.1425107166402,-0.0057344833218,0.2017988764841,0.4692112997672,0.2392325570513,0.2234019403557,0.0324761195144,0.3927064356914,0.2959286603189,0.3347602181228,0.2851860535049,0.1769752722740,0.1403994181982,0.1733515877804,0.1748855558240,0.0543886167919,0.5488591065659,0.5154784626099,0.2740527320192,0.8065431264494,0.5246757165444,0.5293626608593,0.8207168142605,0.7768615155985,0.6102692582895,0.1079470053737,0.0039356636734,-0.0386633940487,0.0213414738973,0.1809717527821,0.2339613880609,0.2751073544176,0.2054482646569,0.2093430044415,0.1158365747224,0.2414522489548,-0.0048010179545,0.0714258562370,0.0362645325037,-0.0125615406451,0.1844424643723,0.2626943970353,0.1030899354120,-0.1137646624030,-0.0163634309461,0.1981717623209,0.0146174457630,-0.0075719312203,0.0345017513673,0.1986705715229,0.2219372425196,0.0115738399478,0.0747330004390,0.0582217091394,0.2091321471597,0.1541635659849,0.4561479628631,0.0230503656527,0.0699164387996,0.3456916383987,0.1844684590177,0.1171091284889,0.0611469845443,0.0696335423495,0.5398467594517,0.3784243779674,0.1208287299002,0.1521710291126,0.2087951811923
0.5423122131781,0.1891706390694,0.7079930479329,0.3926363593797,0.7726622824997,1.0000000000000,0.7079595150035,0.0537438146113,0.1063715556330,0.2167663737518,0.3627109657699,0.1378794888385,0.2662206614726,0.2490630453412,0.3728912695701,0.3342387198785,-0.1075509202675,0.0048098870581,0.1132505104139,0.3999084559305,0.0166120256828,0.1375503343836,0.3086847827008,0.3158786581478,0.1854179959290,0.2686486144192,0.4771648747124,0.0918758441514,0.2176468240560,0.0330903768977,0.1208109331323,0.2275101661630,0.0932838753257,0.3973739382324,0.3701100036207,0.3040177805305,0.3502437977040,0.2445168901461,0.5983080388208,0.4836591665521,0.4095328066381,0.3112830593337,0.3654752596023,0.3079713512528,0.3538119883604,0.3434211270404,0.1269149015215,0.8153784992986,0.5850137872662,0.3237475379707,0.5410139118399,0.3675145864790,0.3634866217961,0.7897598257861,0.8933419484278,0.5167063939733,0.1474001506360,0.0884543447753,-0.0732779849504,0.1104418427473,0.0501333893787,0.3500786427295,0.2141760837482,0.1877814058308,-0.0137256577836,0.2614610719829,0.1675467401306,-0.0485956692489,-0.0386770623525,0.1272610035431,-0.0950831667267,0.2166242606492,0.3189846107540,0.1832632684875,-0.2005523065416,-0.0430350709323,0.3472903258644,0.0082584347491,-0.0040668281819,-0.0326927912331,0.1905858712536,0.3180616666367,0.1185612815630,0.0952091649237,0.1484200518714,0.2447566469115,0.1786557962168,0.4212036203123,0.0882535790514,0.2481615816811,0.5595012564954,0.3201639890099,0.2303975204522,0.1860545498285,0.0396923652296,0.7763855640435,0.3596016634708,0.0520181829511,0.0928999076963,0.1796368104488
0.6047426625784,0.3721430029770,0.6286620237524,0.6337937113393,0.7659204077831,0.7079595150035,1.0000000000000,0.0391449016716,0.0642771593816,0.2586712085661,0.2891817998498,0.1921737399776,0.2442643316939,0.2440534846846,0.2801305766100,0.3957178909211,-0.0691341447453,-0.0375244095755,0.2729366560915,0.0474641833180,-0.0418049564915,0.1128657859833,0.2526937915483,0.3132311343091,-0.0967295627882,0.1952493053960,0.2124883130856,0.1400487708182,0.1061637463982,-0.0490111816703,0.0063131134227,0.0643458345094,-0.1018890731217,0.1366481526738,0.6532811860121,0.3266410674340,0.2837938445138,-0.0730770193490,0.4524911411632,0.2883897559812,0.3212483529519,0.2216850929915,0.1874536469087,0.1165991370867,0.1778164928578,0.0450371468406,-0.0974781601367,0.5166894261991,0.3865149559939,0.2114200494766,0.6541054152707,0.6319113178399,0.6076996488707,0.7818011915057,0.7875914220126,0.8510926564922,0.1162154771108,-0.0226735025352,-0.0422672776843,0.1141273671375,0.1976573146223,0.2289414668555,0.2420894552373,0.1956836219466,0.2660557745442,0.1471119871034,0.3353674272353,-0.0253050870787,0.2044544470906,0.0049529290549,0.0558978343168,0.1809321954329,0.3430239404770,0.0734024840834,-0.0622864021818,-0.0012001287088,0.1054152295373,0.0280922292840,-0.0327251694023,0.0546843294451,0.1251222872611,0.1406537191581,0.0075185804971,0.0751796157064,-0.0012066175246,0.1322693944384,0.2208500192992,0.5535786782190,0.0689303027505,0.0201102183482,0.3480341720817,0.1075201413488,0.0290856620951,-0.0587586126368,-0.1069639815289,0.5094249592909,0.3286140233747,0.1342455205029,0.1066253089473,0.2233707383657
-0.0257442542360,-0.0587690334642,-0.0504400237418,0.2607208560581,0.0132243856612,0.0537438146113,0.0391449016716,1.0000000000000,0.6150967545022,0.4033828700441,0.5155639737428,0.4907511174254,0.4700466250616,0.2391669932259,0.1879025664440,0.5294790466224,0.5963033469002,0.6801608907725,0.5520888429395,0.3688516690413,0.3050297173201,0.3352794283997,0.3921358486295,0.5353118255907,0.3324841426204,0.5242105065236,0.4210737946439,0.1116631257026,0.0891350435643,-0.1680948046892,0.2967119096659,0.4194822603616,0.3240711328888,0.2259245115080,0.1385109006218,0.4195482275841,0.3247377495453,0.2524121372304,-0.0938193798875,0.1517228883325,0.1767491747547,0.2096901489793,0.0454629837657,0.0649468054816,0.1987154682144,0.2351036420430,0.1290897881608,0.0046015267530,0.1260451707864,0.2855069639030,-0.0522933019412,-0.1680153560822,0.1122472337915,-0.0241156968778,-0.0267964058039,-0.0476336463513,0.6633443033098,0.7812156534398,0.5855373876083,0.6215488173305,0.3971926237816,0.3891129713595,0.3346830667629,0.3947231272629,0.0550327660634,-0.0992627763086,0.3735495087730,0.5958879999515,0.5862167947075,0.5430130383095,0.4955782841468,0.3089444997055,0.5462135490324,0.5004288699846,0.2719662424070,0.1620394312224,0.2368274811146,-0.0513448194259,-0.0781891574224,0.4144983573825,0.2959961516500,0.2446191358378,-0.1983903458032,0.0223406986953,0.0911074330927,0.2006697480951,0.2853752218956,0.0052624704768,-0.0433013521577,0.1950748884962,-0.0893461217380,0.1864088707841,-0.0165283059982,0.0594041737182,0.0419031990480,0.0069495538999,0.1626968999336,0.2378577867165,0.1019951185574,0.3029037795229
-0.0799395232438,0.0498094854476,-0.0665869607369,0.2429684442479,0.0296114522116,0.1063715556330,0.0642771593816,0.6150967545022,1.0000000000000,0.3882510115259,0.5932178189636,0.5791230931612,0.3424215030657,0.1030533740094,0.2799127406788,0.2809479254863,0.6096444913596,0.7277256710883,0.2296503146706,0.4412476077594,0.4041692263715,0.4768185147126,0.5791659157121,0.7681406160917,0.4416093371743,0.6606371159867,0.5023603942677,0.0349147200078,0.1378528666814,-0.1470631399579,0.2341626458090,0.4511934664438,0.2660580706355,0.1802220699060,0.1472106688182,0.1874051331741,0.4331895731091,0.3104014266636,0.0185411056277,0.1987354743160,0.0955168265034,0.2801042084718,-0.0784975848517,0.0732421068432,0.1848003482796,0.1809230283297,0.1272112167905,0.1139679777528,0.1174311852858,0.4195544387969,-0.0965069839546,-0.1186519390679,0.1854343912449,-0.1288080804276,0.0243860454832,-0.0243578687828,0.6667964223920,0.5576011488408,0.7314032711680,0.9147160130639,0.2639183506457,0.5635437517551,0.3735497060811,0.3665044886633,-0.0045989105194,-0.0126580387169,0.1196003989459,0.5681768648891,0.3370509619291,0.5916619318084,0.6316006780262,0.5186313842158,0.7857464895836,0.6059264244646,0.3217299076247,0.3528246655269,0.3884474547795,-0.0830048353731,0.0344085933109,0.4592471630972,0.3697514384932,0.2384195586130,-0.2343294903305,-0.1172346698387,0.1801485246597,0.3055275851590,0.4252105026097,0.0203649552038,0.0896459205884,0.1729273262908,0.0293652430383,0.2470362105025,-0.0638059448733,-0.0606785120981,-0.0257203318995,0.1559447577659,0.0423570142783,0.0711794683414,0.1894249546010,0.4565115687135
0.3459992795966,0.1528409760378,0.0425053866974,0.3155976553847,0.3168267069399,0.2167663737518,0.2586712085661,0.4033828700441,0.3882510115259,1.0000000000000,0.6514300385451,0.7561779712850,0.4256671995624,0.3591773562813,0.2803142961898,0.2223872917411,0.3269945459489,0.3431432837079,0.3028015479111,0.1364558570512,0.2556857998178,0.5936820370998,0.5678609861405,0.4269871255440,0.0944101714547,0.4451134014342,0.3584795983012,0.1429114835969,0.1770245033584,-0.1138942280148,0.0490049402581,0.3547759796247,0.1396454929626,0.2357425260010,0.2289500372357,0.1174664566532,0.3040280774087,0.0370953593659,-0.0019329486281,0.2506743285842,0.4827993316837,0.5154591110116,-0.0153348782074,0.0878762404133,0.0852038167772,0.2679192553787,0.2720255004982,0.1220836585010,0.2565818329486,0.4187811429967,0.2674749406112,0.0960341452238,0.1275083021282,0.1763292662183,0.1781412021834,0.1488277502817,0.3999126320864,0.3468921255174,0.3475150995119,0.4551415437113,0.7689116268531,0.4794348418474,0.5054336485900,0.2902968834155,0.0802474587037,-0.1235033170179,0.0885511152033,0.2832203799712,0.3549435425739,0.1612359193836,0.3962129729676,0.5440039113774,0.4741471384593,0.2475303749330,0.1227479194803,0.1343631690580,0.1721785905150,-0.0243971047933,-0.0441439094862,0.1783031243110,0.2622134448604,-0.0242530890055,-0.1835861643324,-0.1285009023626,-0.0611795250635,0.2298029473399,0.1939698193297,0.0388210340167,-0.1147183743582,-0.1188331138327,-0.0580646166422,0.1940016702755,-0.0357187477590,0.0120185041676,0.0904605625103,0.1152399119748,0.2671438664787,0.4412774645659,0.5259846401111,0.5296900795938
0.1976019949759,0.1580407790850,0.0558649224190,0.4374753771712,0.3094979580138,0.3627109657699,0.2891817998498,0.5155639737428,0.5932178189636,0.6514300385451,1.0000000000000,0.7130713055518,0.5174773195848,0.3080054970372,0.4463054863408,0.3308454511108,0.4166419215429,0.5314526641151,0.2637917387057,0.4233918319505,0.3468281699675,0.6641631359845,0.7369435176138,0.6002089956002,0.2591639585367,0.6178939578698,0.6238898483594,0.1165362300646,0.3224586996586,-0.0724826256424,0.2194083051849,0.5165666079357,0.3146699638476,0.3730855982949,0.1306355840917,0.1502654052681,0.4927931734520,0.2967454821453,0.2171386804922,0.4070375527123,0.4898522338681,0.5467023052723,0.1994408953386,0.2773275761548,0.3745271578195,0.3954356509491,0.2672631949878,0.3462301372069,0.2889470657123,0.5360371227755,0.1461430186366,0.0420244549635,0.1632008243964,0.0870180481303,0.2453293154588,0.1319044730751,0.5142859603452,0.4673996955821,0.4852920204868,0.6024568631089,0.5100264933766,0.8138547272736,0.5852264471470,0.4572339777529,0.0483077688966,0.0111237432489,0.0958907763907,0.4579324431087,0.2120791304550,0.2921734924643,0.5248974609918,0.6272811493299,0.6353288655464,0.3706969978809,0.2050768503870,0.0791245415596,0.3960748151362,-0.0065514237978,0.1178897679514,0.3473444093173,0.3442842533082,0.2123576812538,-0.1663267550446,-0.0389268973519,0.1064659703377,0.2554420120472,0.2741429590231,-0.0449137103411,0.0376798745908,0.0744863019544,0.1795954034162,0.3507117423432,0.0738936464328,0.1737261254074,0.0543728103025,0.2998199349153,0.2667154919568,0.2520218545323,0.3069940433567,0.5520391968800
0.2285071115300,0.1601169738481,-0.0371949668709,0.2824504716954,0.2194524061684,0.1378794888385,0.1921737399776,0.4907511174254,0.5791230931612,0.7561779712850,0.7130713055518,1.0000000000000,0.6121807354469,0.2762002225012,0.2801701428275,0.2081266483308,0.5437339252384,0.4659297957090,0.3223276634665,0.1165459850274,0.3955467554562,0.6641702740944,0.6835232392825,0.5745141342172,0.1049123013880,0.5299015692932,0.3284135479071,0.0666223796422,0.1179128561036,-0.2333660614509,0.0350577139194,0.3119825195415,0.1211239425117,0.1327873560718,0.2832079604469,0.1575159743055,0.3646032443147,0.0319795437207,0.0340194734941,0.1706397575290,0.2992615719768,0.4002590755915,-0.0678780334609,-0.0313881369874,0.0170052748030,0.1506681078729,0.0544895685054,0.1163954016108,0.1369455117949,0.4378072913034,0.1803421268371,0.0105102777261,0.1158155611613,0.0333420475239,0.1042127942855,0.1052751896610,0.5843190791463,0.3557514604442,0.4546417941762,0.6117077616530,0.6811273376313,0.5677313105981,0.7796259105079,0.5150534533951,0.0496149555656,-0.1057386344639,0.0262405733608,0.3376799908695,0.3931601362157,0.2167871256772,0.6240063635948,0.6722662862520,0.6109096837443,0.3914230930958,0.1749938057831,0.1972357241449,0.0970650646723,-0.0716927594220,-0.0476354750190,0.2022200813750,0.2471302928734,-0.0526531659027,-0.2953891346835,-0.2318989933241,-0.1670564987283,0.2121470145380,0.2594465334598,0.0637008746467,-0.0875283973753,-0.1891441392056,-0.0454755900849,0.1512011670140,-0.1825527128595,-0.1239049180971,-0.1140236094655,0.1240929515617,0.1224117748158,0.4110421993191,0.3243814969258,0.5114113081370
0.2315014743048,0.1139368879197,0.0653229433495,0.2955509435323,0.2574100178498,0.2662206614726,0.2442643316939,0.4700466250616,0.3424215030657,0.4256671995624,0.5174773195848,0.6121807354469,1.0000000000000,0.1632142360316,0.3393034866983,0.2282673166612,0.3194272506794,0.2989386227785,0.1131404295661,0.2358970356262,0.2267749158017,0.2344723228645,0.3229094166689,0.3636730312327,0.1557896760413,0.3715434115349,0.2877987961707,0.1222046814596,0.0741351724335,-0.2486968879411,0.1691990612134,0.2567631989166,0.1715567822849,0.3526904276193,0.2212618517650,0.1366009725798,0.3696736356163,0.1787647510113,0.2754021483007,0.3377587589155,0.2361993212868,0.2276398211403,0.1372404318396,0.0894451531713,0.1591791002374,0.1441495298268,-0.0142983192056,0.2838646693277,0.0883346554789,0.3003986734496,0.2822104934540,0.1298087401340,0.1938148015753,0.1594728745592,0.2124292445738,0.2018304082110,0.6042728285801,0.2588103419640,0.2859565780171,0.4118610932554,0.3712650052996,0.4780501363764,0.7069486875985,0.8747644341734,0.0365166697153,0.0290290459712,0.0782507367321,0.2411317123030,0.1970892933101,0.1648259591833,0.2581528408242,0.2550555895256,0.3997706080777,0.3047863127856,-0.0103638023567,0.0471557295238,0.0570247199757,0.0562299356779,-0.1275091992041,0.1611196084882,0.2314143846215,0.1274669962850,-0.2341416008802,-0.0270645777420,-0.0289922139090,0.2302195671755,0.1618558609452,0.1609580573947,-0.0454812481092,0.0230366644317,0.2069214540989,0.2671469637432,0.0251541999882,0.0322423159117,-0.1813902548576,0.1819442879527,0.0505879975449,0.2654562413160,0.1187724633341,0.2828989117495
0.5032486299950,0.3997878924791,0.2900540241317,0.5836665060220,0.4007109799558,0.2490630453412,0.2440534846846,0.2391669932259,0.1030533740094,0.3591773562813,0.3080054970372,0.2762002225012,0.1632142360316,1.0000000000000,0.3394606906361,0.4455359034275,0.2900596257074,0.3409449929764,0.2554167785066,0.1223820126811,0.2607966472368,0.3376692245594,0.4810417877343,0.2392666945860,0.0550103520509,0.4400247195701,0.2420471358104,0.0946946915433,0.3065047857965,0.2129892188949,0.3862662673969,0.5251951142269,0.4532341143816,0.1451075731083,0.2955911261942,0.3053888778483,0.1344212494379,0.1767461435833,-0.1420659039360,-0.0332001835452,0.3029732758205,0.4248815684136,-0.0938767153397,-0.1036244917929,0.0647532564433,0.2092291186728,0.4494234123996,0.0536560197984,0.4393739592378,0.3832757855277,0.4304698081987,0.2565341015856,0.3527490695873,0.3089258145415,0.1937086961292,0.0509313983949,0.1241191599644,0.1922314072287,0.2259178834959,0.0389373795544,0.3041984537125,0.1711624737538,0.1576286707635,0.0387684319042,0.6143027052068,-0.2253410144507,0.2639780174876,0.3180740987905,0.2692863511080,0.1831985316347,0.2967279920177,0.2720104998390,0.2276659057238,0.1308377946754,0.1745693021635,-0.0041388555362,0.0384796508006,-0.0553640988354,0.0947245638222,0.3093313556751,0.1943950848680,0.1590277440806,-0.0384403789032,-0.1558809895796,-0.0609106946892,-0.0356300235124,0.0042381638655,-0.0016271415004,-0.1569530285958,-0.0631668036289,-0.1856334315132,-0.1655923817498,-0.1974975778562,0.0966353475176,0.3300974892343,0.0503715830126,0.6143571682051,0.2607859420222,0.2333094537645,0.3531776059311
0.2917920706785,0.4009672060060,0.2909390975119,0.4949069446404,0.3573516105798,0.3728912695701,0.2801305766100,0.1879025664440,0.2799127406788,0.2803142961898,0.4463054863408,0.2801701428275,0.3393034866983,0.3394606906361,1.0000000000000,0.1074638428026,0.0639272182833,0.2564950598665,-0.0886282922380,0.4173398767791,0.2289291318449,0.1392137980669,0.2896255226372,0.3648983317171,0.2728562705586,0.3451817446177,0.3277408594637,0.1537510287771,0.4515377897775,0.2986007046670,0.2554363063604,0.1764788393496,0.0393278306287,0.4813382564915,0.0230732354797,0.0762537035113,0.2207998020843,0.4631011070939,0.5342272316861,0.4135119267394,0.5752255105088,0.5537840239030,0.4622928452922,0.4782705122118,0.4737475887981,0.2181190102000,0.2925524215505,0.4501128820599,0.4007286658516,0.6911185968463,0.1975883494450,0.2430622940510,0.2410573897168,0.1762382267832,0.3276706472176,0.1600205419217,0.2800714669716,0.1846500785065,0.1461783741347,0.2318277366933,0.1091008486865,0.4095505243467,0.2510215024997,0.2869778895657,0.1588809411700,0.4854231959826,-0.2029800005007,0.0557228138270,-0.1871785561695,0.0499875260272,0.0615105053488,0.0578694396529,0.3608030001084,0.0412283015461,-0.1723247850747,-0.1690949509836,0.1190940333830,0.0824682719414,0.1858925344365,-0.0239781035982,0.0012189808683,0.0511698802007,0.1590919632767,-0.0393591933461,0.1298419305743,0.1553337564475,0.0290298707052,-0.0119768299226,0.1889168102397,0.2109611184768,0.4170247423371,0.3256241657690,0.2504850108617,0.0128327929369,-0.0184886121251,0.3492028567356,0.1958154665168,0.0866616389958,0.2343290374351,0.3837302088352
0.1661487725876,0.0262503321471,0.1774573184122,0.6310946064646,0.2875654204048,0.3342387198785,0.3957178909211,0.5294790466224,0.2809479254863,0.2223872917411,0.3308454511108,0.2081266483308,0.2282673166612,0.4455359034275,0.1074638428026,1.0000000000000,0.3500209378155,0.3782827578572,0.7015548202692,0.2533666725292,0.1199013546640,0.2651428487466,0.4096609129464,0.4277685195825,0.0823200460412,0.4524954125131,0.3706244308555,0.0652954015555,0.0889502288800,-0.1421312638628,0.4567385963815,0.5275901273251,0.4520947416487,0.1412252598773,0.4676690845468,0.7766339781629,0.2774587408918,0.1629631381878,-0.0842689231220,0.0238774276352,0.1282723676527,0.0824784583983,0.1708513614126,-0.1694278032596,0.0962384998198,0.1373200321266,0.1629168054110,0.2399940016269,0.5038438178901,0.1424663705997,0.1435293314045,0.0006779479062,0.4466419306824,0.3043670133050,0.3199983727354,0.2028292610345,0.2507406971617,0.4061878278868,0.2100830472172,0.2670122373939,0.2098818103210,0.2179733008797,0.1216969750837,0.1449680652932,0.2200331265631,-0.1715792937005,0.7124640085578,0.4012503449217,0.6124815367140,0.4246274152592,0.3214128474501,0.2147496643322,0.3809089700367,0.2302122582990,0.2375315276786,0.0327937110590,0.1655811354403,-0.1001400520569,-0.0698960946100,0.3595065729359,0.2389535021193,0.2744040870058,-0.1804442841431,0.1185433931165,-0.0412904615771,-0.0006789918525,0.1950592072272,0.2507355893024,-0.0843020509852,0.1647077575535,-0.0610769760726,-0.0920898796083,-0.2303297570731,0.1180656286378,0.1093472351951,0.3032988203989,0.5492170145722,0.1258267057508,-0.0922889221261,0.1866892195588
-0.0827223574153,-0.0289523118798,-0.2100370916796,0.2140983848013,-0.0734659874720,-0.1075509202675,-0.0691341447453,0.5963033469002,0.6096444913596,0.3269945459489,0.4166419215429,0.5437339252384,0.3194272506794,0.2900596257074,0.0639272182833,0.3500209378155,1.0000000000000,0.8222776299233,0.4210608606963,0.1185279681769,0.4508897140149,0.4656005481850,0.4742854785551,0.5901483231856,0.0912924168480,0.5098389069711,0.2039104655798,-0.0568038761914,-0.0115810057028,-0.2443026246844,0.2901863966228,0.3777397709115,0.3351301307779,-0.0774705188622,0.1218570745691,0.2978493010048,0.3109349388009,0.0856445940562,-0.2771973218661,-0.1096713617376,-0.0695332382129,0.1368394832953,-0.3343861073097,-0.2563071243929,-0.1215552337351,-0.0486520170536,0.0296489417026,-0.1707136524695,0.0531766987815,0.2692374212662,-0.0709572577398,-0.2126507137843,0.1625596031495,-0.1587793320824,-0.1599397800309,-0.1779002662868,0.4614441277450,0.4001345846342,0.6341453804349,0.5322460721984,0.3684913034414,0.3299084448338,0.2837191070144,0.2475905089920,0.2395023911281,-0.2002368022226,0.2613830224021,0.7053694311204,0.5896866449362,0.4877981391984,0.8023775446861,0.4262977113210,0.5655758435237,0.4278928210874,0.4280009335402,0.2705106164434,0.1178346820207,-0.1052899428667,-0.0695677763482,0.5896201705442,0.2948408294090,0.1234643350736,-0.2676022013454,-0.1832159928201,-0.0104900228469,0.1033783942628,0.3920393406163,-0.0488769540984,-0.0094735965373,0.0201794268302,-0.1871989213360,0.0079916357350,-0.2521862358470,-0.0820472492942,0.0428516290209,-0.0946777222996,0.1614552576842,0.1881505991438,0.2365854288251,0.3760149976342
-0.0337731541728,0.0809642761810,-0.1040309231833,0.3033916480672,0.0107121084426,0.0048098870581,-0.0375244095755,0.6801608907725,0.7277256710883,0.3431432837079,0.5314526641151,0.4659297957090,0.2989386227785,0.3409449929764,0.2564950598665,0.3782827578572,0.8222776299233,1.0000000000000,0.3159265611825,0.3491211057832,0.3179965048208,0.3993987583066,0.5465638659247,0.6699349160315,0.2922931189377,0.5898364267846,0.4291427224703,-0.0762378695307,0.1104525627450,-0.1029538078500,0.3575794997404,0.5223760064751,0.4332498214488,0.1418465878304,-0.0011847405029,0.2209050573684,0.3261729636768,0.2678253323321,-0.1740759246944,0.0755560544825,0.0753088356814,0.3034917342732,-0.2438884211037,-0.0453162608853,0.0597366827274,0.1446768595097,0.2146964790531,-0.0513573526457,0.1100697088141,0.3789973479302,-0.0658983424813,-0.1291845675554,0.2180430155601,-0.1263079152476,-0.1117347606153,-0.1909137048553,0.5700820192287,0.5579458897647,0.7700370685580,0.5963900556047,0.2400634722334,0.4462936451406,0.2008965243778,0.2643770194736,0.2614216923770,-0.1739788300801,0.2762513689493,0.8428833525115,0.4430765636161,0.6126405749869,0.6977378410050,0.3785485553251,0.6400664538684,0.4753856764052,0.3429445678297,0.2015243362969,0.2653417857736,-0.1527297115546,0.0157781537737,0.7078915558842,0.3158501867152,0.2505444419121,-0.2528654246109,-0.1411035658749,0.1071879032547,0.1511176410703,0.3405232654143,-0.1376081636220,-0.0469655455890,0.1641921169547,-0.1042159997547,0.1049948090281,-0.1538073221784,-0.0213024849628,0.0992506551654,-0.0218789178488,0.2029661774852,0.0483418978367,0.2068983118279,0.3944143343306
0.0565798236436,-0.2100464109369,-0.0140986499186,0.2817904798603,0.1215370317701,0.1132505104139,0.2729366560915,0.5520888429395,0.2296503146706,0.3028015479111,0.2637917387057,0.3223276634665,0.1131404295661,0.2554167785066,-0.0886282922380,0.7015548202692,0.4210608606963,0.3159265611825,1.0000000000000,0.0530700573172,0.2227198127699,0.2717848333049,0.3418904508112,0.4660806862724,-0.0837360642976,0.3273205874669,0.2544750772855,0.1691851812238,0.0046398803640,-0.2006683988599,0.1399617481441,0.2261262628161,0.1180035614858,-0.0794468413123,0.2756283694881,0.6598128086468,0.1565529924329,-0.1202168254328,-0.2479362761212,-0.0162519827138,0.1588542147069,0.0740637544609,0.1036016020558,-0.1240793854415,0.0473162532549,0.0983774214131,-0.0151127552169,-0.0700929426990,0.2729056119397,0.0838470013783,0.0459139903952,-0.1935602227525,0.1524741752174,0.2028351166535,0.1159852799917,0.0916272970963,0.2479524264223,0.4843992509566,0.0904563218742,0.3184471816107,0.3281165215294,0.1414471246382,0.1468579064842,0.0169918352621,0.1044684935871,-0.1453639120321,0.5804929596785,0.3110322697551,0.7911069696932,0.3288279255864,0.4124436067987,0.2358473805406,0.4358188658470,0.2094454090465,0.3189475623792,0.0273230486286,0.0895374490802,-0.0271897374268,-0.1289246679934,0.2009596493386,0.0921061951659,0.0562714516887,-0.1267816341678,0.1009798983774,-0.1121794441269,-0.0079748648773,0.2133384030081,0.0979860561165,0.0070092361266,0.0288922657353,-0.1770322927465,-0.0477005635529,-0.2096746873839,0.0550323265372,0.0106148149372,0.0604056610978,0.3785662401315,0.2658265152965,0.0187721512213,0.2369151956337
-0.0834531482788,-0.1495366263872,0.1180114152857,0.1422570870449,0.1280529235674,0.3999084559305,0.0474641833180,0.3688516690413,0.4412476077594,0.1364558570512,0.4233918319505,0.1165459850274,0.2358970356262,0.1223820126811,0.4173398767791,0.2533666725292,0.1185279681769,0.3491211057832,0.0530700573172,1.0000000000000,0.4138746449149,0.1601044640698,0.3363515429668,0.4479862662022,0.8082858206375,0.4805230203808,0.7386400294558,0.0577977299939,0.2172214051200,0.1643934536817,0.5115938689785,0.4433435787410,0.4589870619898,0.4756422804463,-0.1351751281862,0.1851080033246,0.3459926403568,0.7552084460837,0.3286665129067,0.3821045413750,0.2708762512886,0.3956324779255,0.4368783785544,0.5413942723769,0.6400476995096,0.5420628008338,0.5108111738995,0.3890243820696,0.3383078692907,0.5401275758420,-0.0379535845602,-0.1740811109062,0.0040465400429,0.0496110337060,0.2255917868374,-0.0854209161912,0.3802487397262,0.4741161306660,0.2554124917160,0.4071583488214,-0.0788542518727,0.4919563012127,0.0907348429398,0.2228793276661,-0.2229586476131,0.2334161251482,-0.0248267239614,0.1861728281932,-0.1088431989354,0.4349642713324,0.0270330899793,0.2067686206406,0.4454827717306,0.4329857811349,0.0590988163287,-0.0417165593996,0.5307074145181,-0.0090322994299,0.0189751325062,0.0924734521548,0.2074694432277,0.4271252173576,0.0796956087639,0.1132177762398,0.3978865825145,0.2216334306499,0.1335826325458,-0.1541322402926,0.2118337451353,0.4729715427723,0.2696167200801,0.3066970425644,0.2733141695009,0.3165099311032,0.2689867471255,0.3743387763999,0.1091317411060,-0.0970652535720,0.1300365690756,0.3055346434548
-0.0754321807015,-0.1421155923477,-0.1678983501934,0.1664678108955,-0.0171926432182,0.0166120256828,-0.0418049564915,0.3050297173201,0.4041692263715,0.2556857998178,0.3468281699675,0.3955467554562,0.2267749158017,0.2607966472368,0.2289291318449,0.1199013546640,0.4508897140149,0.3179965048208,0.2227198127699,0.4138746449149,1.0000000000000,0.3574566539446,0.4659534821911,0.4221806992266,0.3505628061857,0.5122850716203,0.3598026188448,0.0736152494833,0.1191825436866,0.0540848648543,0.4145259574177,0.3201400797456,0.2730286262659,0.0515129290189,0.0321080001185,0.1199329125814,0.2600389647246,0.2788997580887,-0.0670569165799,0.0073577172763,0.1108033750312,0.4298472674773,0.1449982328772,0.1279828065114,0.3009258138168,0.3253175611796,0.3727370186457,-0.1236459617329,0.0814018090573,0.5993070767937,-0.0021648869779,-0.2488888210999,-0.0055440230277,-0.1121255429912,-0.0724056656549,-0.0935040058699,0.2724998639942,0.3216844939236,0.3120139569189,0.3972373268060,0.1076296831145,0.3870930342764,0.2432624909969,0.1387037919823,-0.0112493361366,0.1225329242272,-0.0069920057927,0.2184459758894,0.2115288800847,0.2924191318779,0.3842638509102,0.4462531201742,0.4245454443665,0.3488301877761,0.4562258148095,0.2099223725490,0.2627675079838,-0.0062031384532,-0.0571727261015,0.1672305868667,0.3264549905599,0.2283102891223,0.0371439819103,0.0375098375769,0.2632835760949,0.1689121837535,0.2400317422974,-0.0765183539463,0.3178191751863,0.0602354009718,-0.0639975603338,0.0271920036526,-0.0024982467114,0.1940261628529,0.2309994800479,-0.0532061460919,0.0177456972401,0.1334530679041,0.3883476236511,0.5258165376476
0.0343140121195,0.1226776998569,-0.1022831236664,0.3105246937741,0.1005697411363,0.1375503343836,0.1128657859833,0.3352794283997,0.4768185147126,0.5936820370998,0.6641631359845,0.6641702740944,0.2344723228645,0.3376692245594,0.1392137980669,0.2651428487466,0.4656005481850,0.3993987583066,0.2717848333049,0.1601044640698,0.3574566539446,1.0000000000000,0.6830191969236,0.4353253316278,0.1246351969300,0.5461612953424,0.3139320169389,0.1141519336650,0.2815677293944,-0.0587072197077,0.1544222753885,0.4705296981310,0.3254575378462,0.1105263197018,0.2320109279972,0.1598149124288,0.3217573115102,0.1090250973032,-0.0854205508580,0.0793302323256,0.2278194363888,0.3869083883128,-0.1259060100959,-0.0298722025049,0.1068978994157,0.3128216881221,0.2889454194159,0.0906635196421,0.2016746751228,0.3708298824080,0.0069886990400,-0.0511194240295,0.1356958580893,-0.0549414409218,0.1040539777801,0.0101396114370,0.3225171729966,0.2977878701517,0.4364973982165,0.4951273616787,0.5889835422845,0.4978136164760,0.5304978481613,0.1764454948677,0.1044065424528,-0.2149962833736,0.0456682739112,0.3478397739618,0.3119935910971,0.2066119168013,0.6008704102005,0.7571786626366,0.4649776391623,0.2990747271988,0.2179446296381,0.1758191328969,0.1735149339006,-0.0070910451149,0.2409475180513,0.2827531519248,0.2144141148271,0.0452642496550,-0.2652204768131,-0.2548223171940,-0.0893812328585,0.0779106883674,0.1533956787372,-0.0681193292045,-0.1027381634014,-0.1854198742824,-0.1241033234372,0.0698231909500,-0.1648761066637,0.0276972288390,0.1413979825366,0.1109263049870,0.2318256076132,0.3238479659295,0.2919879308600,0.5159959649866
0.2129609214228,0.1943649614149,0.0652348964396,0.4532471833509,0.2639226570316,0.3086847827008,0.2526937915483,0.3921358486295,0.5791659157121,0.5678609861405,0.7369435176138,0.6835232392825,0.3229094166689,0.4810417877343,0.2896255226372,0.4096609129464,0.4742854785551,0.5465638659247,0.3418904508112,0.3363515429668,0.4659534821911,0.6830191969236,1.0000000000000,0.6283393521178,0.2246031293595,0.7366557237250,0.6077713310281,0.0042402459356,0.2814405185953,-0.0514233934268,0.2722378682097,0.6443934606078,0.4551924328150,0.1431113767087,0.2585208878614,0.2307299374589,0.4671392946171,0.1706873741139,-0.0231124403994,0.1482835626780,0.2774406177279,0.5183742223957,-0.0206139128981,0.0347983050612,0.2067083556767,0.3764970724827,0.3276173625229,0.1883038560149,0.2829441800749,0.4942102107344,0.1222003799470,0.0228206959781,0.2172652539482,0.0891547454272,0.1927479155417,0.0691153463322,0.4120223354261,0.3918084472404,0.4630484456173,0.5423264009745,0.3795265738975,0.6306189205587,0.4528367008328,0.2423529166239,0.2182508811864,-0.1804526896568,0.1698260226229,0.4576298006362,0.3258787327840,0.3610987215023,0.6083704785886,0.7971506633539,0.6304475345791,0.4186833246161,0.3674957599571,0.2677426122797,0.3628548265209,-0.1863146083147,0.1103571103337,0.4094032052612,0.4099507042823,0.2435950906506,-0.2186496483495,-0.1442379198007,0.0269364766181,0.1264819477252,0.3140662923445,0.0030611214151,-0.0060315764628,-0.0566082274785,-0.0629803448157,0.0611287755639,-0.1691032748108,0.0861509296001,0.1195510752463,0.2005740505436,0.3240841616649,0.1896715434579,0.3318278800979,0.5818583420301
0.0880189502856,0.0509026945116,0.0828894850283,0.4089271929950,0.2346346655848,0.3158786581478,0.3132311343091,0.5353118255907,0.7681406160917,0.4269871255440,0.6002089956002,0.5745141342172,0.3636730312327,0.2392666945860,0.3648983317171,0.4277685195825,0.5901483231856,0.6699349160315,0.4660806862724,0.4479862662022,0.4221806992266,0.4353253316278,0.6283393521178,1.0000000000000,0.3063415180301,0.6680089470955,0.5876554790549,0.0989453058919,0.1726977904378,-0.0903032024825,0.2301737030028,0.3778745760761,0.2169108944701,0.1741754222110,0.2297702137128,0.3690229168331,0.5221430809350,0.2797174786893,0.0896671717790,0.2471182284323,0.2520790561594,0.3870503475460,0.0324045493710,0.1074309577043,0.2321812410161,0.2151013979351,0.1193163428862,0.2311708713463,0.3587917252767,0.5203806172905,0.1033221241905,-0.0059928827344,0.3321587030854,0.1118943266398,0.2433912321123,0.1349088180802,0.6168048756122,0.5071220307567,0.5147750738729,0.7291003273018,0.2747666406001,0.5991024513415,0.3636242635865,0.3352347628781,0.1302613807715,0.0791278734151,0.1780007635553,0.4923799916026,0.4244511773308,0.5205605683159,0.5966248619043,0.4896604372638,0.9066639541597,0.4920553932922,0.2990669208591,0.1881764146138,0.3570645577455,-0.0633351600914,0.0006978685222,0.3883898725146,0.2628940918668,0.1913893991309,-0.1084509623911,-0.1182431794566,0.1155097876062,0.2400471761694,0.4872446408594,0.0590259703790,0.1565260901156,0.1925690027418,0.1018301675310,0.2217572050472,-0.1190674914785,-0.0084132679591,-0.0192744819126,0.3142875997707,0.2513359216039,0.1533678109372,0.2817675183587,0.5557526892869
