1.0000000000000,0.2427228728189,0.4383562929946,0.4392610957569,0.6882264062705,0.4670905202954,0.4432935122745,0.2178682789180,0.2786145484200,0.2891885903774,0.3919632249185,0.2813705918732,0.3258442220258,0.3520193602500,0.2614418034752,0.2544797142420,0.2613034536297,0.2360600435780,0.2604101055453,0.2380162085465,0.0797936292693,0.2166115517610,0.3099191118952,0.2367869813870,0.0743095465290,0.2893925768874,0.3169870866499,0.0757031700039,-0.2473312327592,-0.0117017107841,0.0952927502833,0.3376978084350,0.2536855034354,0.2198525106007,0.0212662499726,0.1321784828950,0.2255935934300,0.0496046089806,0.0469588585042,0.2124218018531,0.1507728702074,0.2069870395311,0.1750176613428,0.0158808734589,0.0031837948998,0.3270067803634,0.3167893453990,0.1689821870151,0.2630730621387,0.1768933987337,0.7863832095606,0.3807557367170,0.3546004772869,0.4856253962344,0.4307358993234,0.3958931649616,0.2543658226326,0.1175712171430,0.1678562549023,0.3027331815823,0.2680167113651,0.3250217638212,0.3924114286389,0.2691278208489,0.2220573810000,0.0671110000188,0.2408219824026,0.4092730345684,0.2643057781066,0.3183136423538,0.1208090276319,0.3295070111337,0.3460188079927,0.0924286299749,0.0962867107486,0.1590897833475,0.3402086070250,-0.0295008801165,-0.2465811256991,0.1715243870997,0.2994744736956,0.2686684938883,0.0553130870694,0.0878966638083,0.0210892688090,0.1463322039951,0.1931795281230,0.1063155261406,0.0724463843458,0.0277163536454,0.0776804709875,0.1351773462000,-0.0020004918777,0.4246790971227,0.2141397075608,0.1781539354744,0.1966958987065,0.0563918101824,0.2783774704855,0.1451363505267
0.2427228728189,1.0000000000000,0.4545981888648,0.1070151239973,-0.0554395365755,0.0640982840268,0.1057308038217,0.0893056670984,-0.1299666622770,0.1173655284943,-0.0004834998932,0.0857773419561,0.0396662275641,0.4181756439037,0.2499684429751,-0.0524586150483,-0.0887867394710,-0.1062234024576,-0.0721194085097,-0.0793853183468,-0.1100777630502,0.2146540587824,-0.0337206745103,-0.1346237758250,0.2656802781669,0.2105353678099,0.1557143813915,0.3688512236572,0.2544695659353,0.3725959447164,-0.1529131263706,0.0788928027096,0.1026558712331,0.3450042450782,-0.1013954690289,-0.0736892934369,-0.0619343861570,0.2032261127086,0.0248152226674,0.1654967085302,0.2500167034886,0.1300999364664,-0.0686014288876,0.2618845731213,0.1085086103037,0.2148945529192,0.1813034354332,0.0122877155395,0.2487918027393,0.1799565590758,0.2529365253821,0.8062568660593,0.1428345815948,0.1701218373611,-0.0873407130714,0.0000278962920,-0.0006937887775,0.2245854834982,-0.1720061473285,-0.1448496711468,0.0606209600656,-0.0804784099449,-0.0205401473952,-0.0751355950893,0.3671797361848,-0.0127996494513,-0.1447002887378,-0.1014683953319,-0.1693480212535,0.0042132404303,-0.1834627443150,0.0680057399042,-0.1433772941941,0.2949470027020,-0.1697105491756,-0.1158337440627,0.1568805217283,0.3491896428098,0.1407358533374,-0.2033816181525,0.1326631868854,0.0875897396083,0.2903412382162,-0.0770578014855,0.2462779686973,0.4944479083717,-0.0623044521328,-0.0102873301637,0.0494616938944,0.3902257785908,-0.0131404244003,0.1094526162603,0.1521753461709,0.1995633882460,0.2683834332747,-0.0641869399355,0.2670074690649,0.3734207082123,0.2037371694551,-0.0076373433954
0.4383562929946,0.4545981888648,1.0000000000000,0.1247751226450,0.2557619361466,0.4236668797299,0.3089997067929,-0.0059132330760,0.0460855392096,-0.0604981694747,0.0997070079369,0.0437786831956,-0.0333915609727,0.2467662146100,0.0421952444290,0.1248294835609,-0.0367502563720,-0.0258487849310,0.0768858588918,0.1132558578954,-0.0239448247304,0.1136295023459,0.0260815287545,0.0850169408685,0.0615514750827,0.2390370762362,0.2976015028395,0.3784426754380,0.0578198482380,0.0682350104543,0.0955262610327,0.1723828426899,0.2509159538558,0.2999578479646,0.1512062259974,0.1415160267308,0.1519853513086,0.1760685507443,0.1470275781405,0.1270902910695,0.0226908678219,-0.0242940413681,0.0165887603894,0.0775772721018,0.0573829948566,0.2361359077249,0.1962205266733,0.3369638046825,0.2979320993680,-0.0160699468260,0.2880957821782,0.7528824524039,0.1941274338025,0.6564813867354,0.1763863095321,0.2110254811107,-0.1767210988686,-0.0898082406201,-0.0304785713830,0.0373103607746,-0.1058567250052,0.1126760180340,-0.0683660370298,-0.1158479249042,-0.0157266709576,0.1149261030169,0.0997258212031,0.0609776510074,0.0457831208315,0.1256172415064,-0.1328136064527,0.0628890608321,0.0545335252000,-0.0461113871087,-0.0681926904819,0.0441831676761,0.2871432873697,0.3552686543944,-0.0094184786968,-0.0555666582223,0.2186913630542,0.0357728263673,0.0854054209750,0.1700064444761,0.2434784119761,0.4883513345151,0.1653059232597,0.2034901212420,0.1103755363824,0.2257574909829,0.1577257879101,0.1275720554640,0.0445412872505,0.3902095191720,0.1304841092203,0.2501725246608,0.1325884177129,0.0749302850301,-0.0166361063514,-0.0398337835281
0.4392610957569,0.1070151239973,0.1247751226450,1.0000000000000,0.4400682939897,0.2709969717940,0.5597903486292,0.1902006508520,0.5111580866060,0.2378028306109,0.3315309700218,0.2687683153337,0.4161361868420,0.1097562627083,0.6545652382393,0.5020995052468,0.3620521044289,0.1934222564642,0.5855431420271,0.4707388563780,0.1930063511763,0.0690262528438,0.1857865625304,0.3566029320465,0.0111886034094,0.0912001974115,0.4449908332427,-0.2066978504597,-0.3803990911589,-0.3369535431656,0.1633207586024,0.1581345629979,0.2745895182483,-0.0540152304795,0.1009830585638,0.3822898318361,0.3020539155026,-0.0251784928412,0.0865677279943,-0.0226845124998,-0.0872536300556,0.1258664031953,0.5906646069386,-0.1323150889510,-0.2080248690582,0.0926090441384,0.0696818608729,0.0424427403037,0.1584660290925,0.3820924363535,0.4984472201524,0.2365896441943,0.7574864862569,0.1774801379891,0.3610924822771,0.7565748171558,0.1839111168320,-0.0770424548283,0.1281840911357,0.5617460034243,0.2182581167767,0.3660331941468,0.3050330686155,0.2181163487463,-0.0040285760815,0.3151866989823,0.3486433240075,0.5083613885589,0.4403672512645,0.4898494689201,0.1606183878639,0.1229084677516,0.5122372593481,0.0220728632330,0.1739017464822,-0.1500591149537,0.3688365545763,-0.3089022890836,-0.5064143417713,0.2471307877944,0.0240987666552,0.2330573597634,-0.2317158703250,0.2280115757434,-0.2538537507067,-0.2268965251136,0.3101863632963,0.2120411369457,0.2193068663703,-0.0574054756641,0.1067800183251,-0.0928830294770,-0.2440080958975,0.1897285531768,-0.0388771085748,0.0989155986763,-0.1418914566950,-0.1601082294644,0.0677140969693,0.1756646314655
0.6882264062705,-0.0554395365755,0.2557619361466,0.4400682939897,1.0000000000000,0.7487243919898,0.6154562563331,0.3416350311152,0.3888581850837,0.2949847902042,0.5463913893582,0.1004366524062,0.3800908593254,0.2019222230238,0.3304133378677,0.4131878217562,0.4310678945668,0.4578138626489,0.3189990144669,0.4132151896709,0.1246297924657,0.1179880830791,0.2135322762251,0.4363871493599,0.0931910129511,0.1787827566038,0.3477355172426,0.0556302879394,-0.2755004208146,-0.0758232284641,0.3224921088056,0.2181583447435,0.2397658150440,0.0969842214163,0.2514023071419,0.2774970851995,0.4170954015408,0.0681106368821,0.2229726428567,0.1877925270971,0.2352386179327,0.2354073195296,0.2367998610305,-0.0395522313713,-0.0021880907345,0.2255220471144,0.1891094518513,0.3868950761644,0.2131070905369,0.1538149941607,0.7080206383459,0.1499667310617,0.4642172026239,0.5621869975685,0.8380185907141,0.4967078694730,0.2700831696239,0.0980080016944,0.3944264976210,0.4008293803454,0.3400829369167,0.4632751289787,0.2833775766362,0.2865216729142,0.0833320941110,0.1762605854679,0.4288016374111,0.5385437607431,0.3513786371614,0.3590688527475,0.2031805581322,0.1959740069481,0.5329076779965,0.0715832606515,0.1277642298599,0.1151610539929,0.3392309055721,-0.1145764090235,-0.2220475267296,0.4163746190942,0.1410094337677,0.1406154094591,-0.0436222862209,0.1817623392248,-0.1359146011632,0.0079078374640,0.3646742648837,0.3019036835624,0.0282111258190,-0.0241131468137,0.2729821775033,0.0957646712639,-0.0814657891481,0.2167326495592,0.1516348349563,0.4849462429309,0.2675017008007,-0.0229970116822,0.2111867359679,0.0788643964180
0.4670905202954,0.0640982840268,0.4236668797299,0.2709969717940,0.7487243919898,1.0000000000000,0.7453050376872,0.4537115668861,0.2651754174629,0.2540012684214,0.6225762671505,0.1461573570140,0.3136213797990,0.2881728187975,0.3267464520292,0.4167121784114,0.4369317929692,0.5716790316654,0.2635475343331,0.3119244761487,0.1473984908391,0.1427033322981,0.2601710414790,0.4647495241151,0.0738478023456,0.3022243811492,0.3515162963276,0.3826726112264,-0.0310458589123,0.1443246652895,0.4171642253024,0.2605084093359,0.2816503754773,0.2247007380021,0.3740081102078,0.2973437182197,0.4572893325814,0.2739362571196,0.3982200845560,0.3011181120860,0.3245474153917,0.3268597816593,0.1143896734083,0.1085756160046,0.1849775030167,0.1865832410753,0.1336369478945,0.6096027306296,0.1662508675950,0.2048852587520,0.4688997676505,0.2681881353144,0.3416419026357,0.8095955645097,0.7634195235741,0.4436498481959,0.2193082607699,0.2001554487501,0.5025704376100,0.2587843116948,0.2049283777277,0.4355313683063,0.1700769052690,0.2092178101293,0.2419728687978,0.1767741939810,0.5047354163924,0.5352703162605,0.2713026834816,0.2270511569905,0.1769190533417,0.1738211265034,0.4144664576959,0.0603204588244,0.1287510651357,0.1777824925317,0.3843706879363,0.1645718113182,0.0379540869819,0.4546663689164,0.0896550704791,0.0740787337561,0.0394861584308,0.2341101671515,0.0839842454495,0.1623757314317,0.4036670528474,0.4322358045461,0.1111583464294,0.1752681208401,0.4206663085717,0.1349506905364,0.0702430192491,0.0931677708738,0.0171511598669,0.5905734226226,0.2245927125274,0.1199648440391,0.2673049567015,0.1178899719516
0.4432935122745,0.1057308038217,0.3089997067929,0.5597903486292,0.6154562563331,0.7453050376872,1.0000000000000,0.5842746325739,0.4645391826085,0.3421106150054,0.5422435038182,0.3437118206627,0.5108008280271,0.2768005875684,0.4070008629552,0.4789407776234,0.5884236203551,0.5995633103926,0.4341886429619,0.4396743039146,0.2802619937647,0.2889883181078,0.2754145830311,0.4911385893850,0.1687488126704,0.2140898579970,0.3417563723846,0.2905684181345,-0.0025790329169,0.0801463336939,0.4229407200957,0.2285111589393,0.2603950737272,0.1089496536483,0.3548158809930,0.2973585714253,0.4023622534391,0.2028490839069,0.3044412184374,0.1694297798357,0.1826019797086,0.2431715746834,0.1797213007288,0.0186509190384,0.0926982883026,0.1064479795224,0.0978321688209,0.3138049502466,0.1683501536147,0.3053404759252,0.5438512681610,0.2928441278953,0.5406117991748,0.6074047443297,0.6449620155175,0.6689433964060,0.3662188340614,0.2557378333077,0.5765513387898,0.4784906800050,0.2754310376711,0.5142013955360,0.3090337942135,0.2637857221110,0.2134259376992,0.1456276379114,0.5896808597075,0.6297910123294,0.4125494815741,0.4311505997232,0.3027809596505,0.2257005687219,0.5417868899174,0.1941146041259,0.3427168615684,0.0214912645100,0.3351824502621,0.1205551822018,-0.0481665261406,0.5063850365170,0.0293469705813,0.1282892997652,-0.1032166887217,0.2126875025346,-0.0071670850132,0.0931689117963,0.3905445196987,0.3849784576360,0.1824098774098,0.1051140391396,0.2975539574441,0.0009723500114,-0.0317711873426,0.0953019624196,0.0004330661263,0.3063560021758,0.0945113437784,0.1051278904909,0.1115935452350,0.2305660338955
0.2178682789180,0.0893056670984,-0.0059132330760,0.1902006508520,0.3416350311152,0.4537115668861,0.5842746325739,1.0000000000000,0.5167972162341,0.3759656464472,0.5806181321173,0.3559328824935,0.6007634059457,0.2655509240013,0.2683595128316,0.3332570607206,0.6327998411809,0.6799436545990,0.3832321865551,0.4478803715446,0.3052797075127,0.3287070467026,0.3165028540144,0.4018692435148,0.5051733865643,0.3580423001720,0.2613974235563,0.3164608597379,0.1044040329659,0.3178549739380,0.3832242931470,0.2726471752880,0.2703211713203,0.1937946362486,0.1929850781140,0.0992710960115,0.2194749297385,0.3185732851384,0.1749621585816,0.2328369292742,0.3090404112364,0.3340325075343,0.0336919894749,0.3041160236677,0.3914650636561,0.1791681010633,0.2954721554545,0.0660389316145,0.0570507692429,0.3931231988533,0.3345243123222,0.0248825871452,0.1908650428461,0.2665454347255,0.3407168250327,0.1910430560238,0.5757442938125,0.6867502645949,0.6878200462749,0.4787707040274,0.2397741955116,0.5308894215627,0.3128893266866,0.3575681928466,0.2914062135825,-0.1048948504568,0.5062744664133,0.5751689199278,0.3289158494196,0.4396890659607,0.3263343189852,0.2107984880111,0.4102104695775,0.5422553892245,0.3075301667324,-0.0023214130332,0.1970264324747,0.1923918701021,0.0971475530311,0.4807241558789,-0.0298226942109,0.2005151466887,0.0497168883732,0.1291540673787,0.0598812630197,0.0846901892072,0.1732313019869,0.1549072413942,0.0433542619081,0.1979615079876,0.1118174541413,0.1358770757304,0.2423542111921,0.0121757504095,0.0669873070982,0.0574680161442,0.1554193398410,0.2488537518094,0.0981569598150,0.2377940293770
0.2786145484200,-0.1299666622770,0.0460855392096,0.5111580866060,0.3888581850837,0.2651754174629,0.4645391826085,0.5167972162341,1.0000000000000,0.2286030493697,0.4709734476624,0.2330824340341,0.4311546112316,-0.0378673528759,0.3245006141486,0.4111878973077,0.4660664299561,0.4088599127230,0.7277173897962,0.7965472963834,0.2106428366050,0.0810032197663,0.2782432294957,0.6624311747023,0.3320953794693,0.1989098787795,0.4217963593720,-0.0519403155503,-0.1990891950961,-0.1731638743109,0.3001737384990,0.1300934430750,0.1617462624322,0.0399627492734,0.2498006731514,0.4634717877905,0.4365250167919,0.0938109221085,0.1911323611520,0.1685263311810,0.0871440770574,0.1590792890704,0.3271734852262,-0.0158011156410,-0.0444444872088,0.2015212916504,0.0336995316308,0.0534331470598,0.0890667386454,0.3165063688116,0.2572955180614,-0.0309107308123,0.3686018192417,0.1870023798776,0.3521325875207,0.4133147581574,0.2031969811254,-0.0084127219248,0.4740861463966,0.9350559027235,0.1504179220898,0.4248930462609,0.1996602973498,0.1463242346385,-0.1068977047141,0.1254800306240,0.5121476099363,0.4855730365334,0.7154195486402,0.6436658943771,0.2038090507187,0.0667900886782,0.7333016467504,0.2623670954823,0.1407003254520,-0.0281088678745,0.3773988771744,-0.1034310894977,-0.1940900190006,0.4177116548537,-0.0457013307826,0.0921394825156,-0.1202369791901,0.2343371663485,-0.2124411080625,-0.1368312330836,0.4716041965829,0.3485719417260,0.1262542173356,-0.0491359527807,0.2205378404541,0.1713464903241,-0.0228083414071,0.1428078074429,-0.1066866900711,0.1275545735805,-0.0352188324177,-0.1076500528090,0.0326389098433,0.1302736367959
0.2891885903774,0.1173655284943,-0.0604981694747,0.2378028306109,0.2949847902042,0.2540012684214,0.3421106150054,0.3759656464472,0.2286030493697,1.0000000000000,0.4443891954502,0.6842537022079,0.6268324081033,0.4025460033234,0.1221400238053,0.1392124814642,0.5165818568966,0.2440682717717,0.2522528847672,0.1295647482767,0.4849932730731,0.6189041299054,0.4222882172186,0.3123552521962,0.0631257141790,0.1111473341062,0.1027468714140,0.1494242379554,0.0087126928476,0.0811690460615,0.1096991037744,0.2099361729248,0.1456987461832,-0.0789146516023,0.0587662421399,-0.0035497726537,0.1435355208517,-0.2291564970707,-0.2049573986746,-0.1117204264473,0.0420013050984,-0.0481815876977,-0.2060194916762,-0.1236939358979,-0.2902634105084,0.0830004184023,-0.0022539658553,-0.1175060456104,-0.0618349670582,0.0502718141444,0.4252516140047,0.1194446828938,0.1602086461947,0.2320717076512,0.2358312794401,0.1375991572163,0.4917265274276,0.2349518335245,0.2161238931690,0.1532388517877,0.8483689792166,0.4440076608248,0.6170685689061,0.5264711457646,0.4366241816268,-0.0640198357546,0.1597739135945,0.2464134699798,0.3590322210283,0.2543380100970,0.7326391408361,0.6273195258778,0.3753103886494,0.4114576660752,0.4512367927336,0.0864624366518,0.1743143654858,0.0409363024016,0.0060486773145,0.3297184472810,0.2935395925067,0.4851643895472,-0.1231987365774,-0.2279386832120,-0.2738227013743,-0.0148526728099,0.0204017991202,-0.0504697879230,-0.2493435568559,-0.2303037602149,-0.1365616774524,-0.1435304109113,-0.1162723693173,0.0993681797594,0.1943037458569,-0.0653335320829,0.0955680240895,0.1809408222913,0.2989333234534,0.3696117631949
0.3919632249185,-0.0004834998932,0.0997070079369,0.3315309700218,0.5463913893582,0.6225762671505,0.5422435038182,0.5806181321173,0.4709734476624,0.4443891954502,1.0000000000000,0.4077236403854,0.5122408291917,0.2356229231553,0.3634353083143,0.3423316726581,0.5488078360897,0.5910999559200,0.4063364592430,0.3857141170261,0.2193315327925,0.2810645362415,0.4330028814557,0.4614469398947,0.2068199122942,0.2957164937917,0.3503321729795,0.2161812616124,0.0258854984098,0.1382393364280,0.3036167008374,0.1727748080540,0.1956209438253,0.1676732925865,0.2481831353081,0.2136670475549,0.4425123008572,0.1802297079506,0.2439059495877,0.3537036603283,0.3864512648519,0.3233914598414,0.1307541986275,0.1963592924814,0.1466332840101,0.2513427487189,0.1112167557670,0.2676531741535,0.1605070647654,0.3458354514173,0.4525744192921,0.0847673111295,0.3158778006450,0.4444451649923,0.6037582510690,0.3389532828131,0.4123394722317,0.3357801542347,0.4578426670559,0.4047047785136,0.3488266152750,0.6731262150183,0.3724274113292,0.3683710760250,0.2998469502151,0.1313101895491,0.4243954061391,0.5855322931484,0.3959769219691,0.3048033388238,0.3038067556938,0.2787622176946,0.5127863651910,0.2611755957633,0.1816826645338,0.1200639069549,0.3867919432537,0.0521072436753,0.0611159576612,0.3907083484898,0.0079193617062,0.1235077048603,0.1065428480163,0.2352893934508,-0.0129838295652,-0.0302323935178,0.4049431362705,0.3084386003322,0.1523270716953,0.1468788520557,0.3229650818315,0.2295688638371,0.2302910491647,0.0885998259410,-0.0432639246790,0.3122157134615,0.2341373205351,0.2034260795280,0.3351241366218,0.2057061700130
0.2813705918732,0.0857773419561,0.0437786831956,0.2687683153337,0.1004366524062,0.1461573570140,0.3437118206627,0.3559328824935,0.2330824340341,0.6842537022079,0.4077236403854,1.0000000000000,0.6189099575793,0.3925265600646,0.1654910773897,0.2128937648675,0.5096662428521,0.2948831765688,0.3532220994907,0.1762522239650,0.5968932527702,0.6700006993985,0.6702029504848,0.2953737237430,0.0705864251350,0.3041961417624,0.2017611159082,0.0930982811336,0.1147239800686,-0.0197563696005,0.1618312394196,0.3796446618481,0.2351758059297,-0.0226384240567,0.1186263344427,0.0453748966413,0.0591368433449,-0.1624193420675,-0.2501014321643,-0.0882981991621,-0.1287571268833,-0.1425183184609,-0.1402412379768,-0.0687952840579,-0.1787254292605,0.0021351555263,0.0122391563102,-0.2008770122341,0.0341484884237,0.1509983381785,0.3606088853248,0.0961503630681,0.2188918559699,0.2396516336802,0.0537595634129,0.0841541501018,0.4596379382318,0.1639526342290,0.1431943427366,0.1228559023626,0.4755703132088,0.5230113613248,0.7665519200148,0.5020969975956,0.4550408974713,-0.0338704612631,0.1757040785693,0.3325456977842,0.3596451093284,0.3200613062812,0.6906697698550,0.7230280619532,0.3465387897434,0.4660619954267,0.5061978900537,0.2128053152665,0.2370379677033,-0.0308055759830,0.0440199905712,0.3375059256519,0.3402312808775,0.4786792744917,-0.2611566087726,-0.2176657603777,-0.1430027705807,-0.1134846495406,-0.0163644707290,-0.0301740391961,-0.0987425268468,-0.0908915900078,-0.2075220180091,-0.2106191606022,-0.0928423236223,0.0316795695423,0.0255874692345,-0.2393765147685,-0.0337708112180,0.1729841939199,0.0214886092555,0.4051642403083
0.3258442220258,0.0396662275641,-0.0333915609727,0.4161361868420,0.3800908593254,0.3136213797990,0.5108008280271,0.6007634059457,0.4311546112316,0.6268324081033,0.5122408291917,0.6189099575793,1.0000000000000,0.2212750199671,0.2873722716919,0.2607926593185,0.7964003071373,0.4323091602303,0.3719590094703,0.3769738361899,0.3727749134724,0.4244515274899,0.3401480918080,0.3346505550109,0.2715797254392,0.2475821770259,0.3403859724893,0.0552933471865,-0.0470701521965,0.0081058634742,0.2115463674245,0.2527668382902,0.3221413188960,0.0180958157485,0.0489166788423,0.0431835526297,0.2231042211863,0.0578023480852,-0.0118664582957,0.0091620890958,0.0780957570662,0.0921789486991,0.0764692974471,0.0871030787969,0.0340596451416,0.1524473344188,0.1692894263466,-0.0912261521128,0.0233888210861,0.2741636672613,0.5053101981016,0.0500110397414,0.3091932017907,0.2249909546152,0.3702637420643,0.3146296289761,0.6297525816296,0.3571219005590,0.3580040306280,0.3739694614985,0.5225065729556,0.5861761904403,0.6831588171171,0.7727813560163,0.2153379226780,-0.0672767265127,0.2840292205695,0.5803840321831,0.3173705851986,0.4478352946871,0.5041163114786,0.3169341999562,0.4180586650898,0.4175580368958,0.3418554795575,-0.0230867904687,0.2431306798502,0.0067340209461,-0.1132576193739,0.3841079154662,0.0906496885220,0.3588250511358,-0.1623961964347,0.0065338813024,-0.1375666954699,-0.0335678945654,0.1717351341800,0.0174878049446,-0.0084636780522,-0.0029807039565,0.0002353935281,-0.0556782776538,0.0245419219689,0.0829618503815,0.0682542535618,-0.0593892315425,0.0387801696267,0.1023858585254,0.0384249524024,0.2373322110333
0.3520193602500,0.4181756439037,0.2467662146100,0.1097562627083,0.2019222230238,0.2881728187975,0.2768005875684,0.2655509240013,-0.0378673528759,0.4025460033234,0.2356229231553,0.3925265600646,0.2212750199671,1.0000000000000,0.2400568497577,0.3342530648565,0.2688962285474,0.2118389650520,0.1485660899714,0.0684907273621,0.5425735107423,0.5288460247117,0.3432609376511,0.2728581523340,0.1387208193406,0.2539775405262,0.0148065059846,0.4779577133193,0.2696217623514,0.4439248922491,0.3367023101933,0.4460777683283,0.3450041160042,0.1142442720179,0.2109492817435,0.1980209539216,-0.0027390714618,-0.0058426905433,-0.1551880859118,-0.0611904219986,0.1229894676938,-0.0339544711690,-0.1459732200763,-0.0559197986690,-0.1029411631146,0.0479239799653,0.2941616511409,0.0767381396707,0.2534334452902,0.0659263878180,0.3677278267034,0.3827207029853,0.2523306361662,0.2808483077256,0.1516914640624,-0.0155479126833,0.1520983026939,0.2845980100703,0.0276273886851,-0.1204316241177,0.2332779058658,0.1001694719438,0.1808484023199,0.0975074033142,0.6813504796356,0.0249195005527,0.1918184743521,0.1029524617042,0.1917420471251,0.0752432405279,0.4126226491173,0.4957539326124,0.2252844661951,0.4108379968400,0.3090020294566,0.1045745763097,-0.0117442402822,0.2768687255311,0.1858105330405,0.2563648142804,0.4071153400398,0.3477165804776,0.0894827476253,-0.2117009503399,-0.0499111610887,0.1796323670612,-0.0932157866853,0.0403035754950,-0.2956460440329,-0.0013015278929,-0.1621207634251,-0.1971369174427,-0.0518844411937,0.0936453017176,0.2637038354036,0.1117845363477,0.3800190480342,0.2972463887973,0.1108643522651,0.1786700812012
0.2614418034752,0.2499684429751,0.0421952444290,0.6545652382393,0.3304133378677,0.3267464520292,0.4070008629552,0.2683595128316,0.3245006141486,0.1221400238053,0.3634353083143,0.1654910773897,0.2873722716919,0.2400568497577,1.0000000000000,0.5001411212422,0.3348802059508,0.3028256985661,0.3662995313053,0.3310876354480,0.0167876459689,-0.0178860569284,0.1457810337368,0.2806743672041,0.0853274805637,0.2583679807014,0.4142204654028,-0.0605538567239,-0.1619181772494,-0.0391920047457,0.2410228382979,0.1122369591563,0.3785398905655,-0.0086822771684,0.2249843012775,0.5303268691838,0.2714253139550,0.3654472796380,0.4247754421224,0.2132968127759,0.2354925892429,0.3357847032933,0.6498828630824,0.1332287023373,0.0759632368666,0.1758301217806,0.0827531354540,0.3446849956373,0.3889728830061,0.5879768994713,0.3432211835354,0.1866707848410,0.6416428161534,0.1738715676908,0.3830969362926,0.5103245028002,0.1520212791711,0.0919958668259,0.1574363529734,0.3118676596120,0.1018720040215,0.3049329053749,0.1898278646109,0.1109999904990,0.2269967409105,0.5400646441128,0.2887993052710,0.4611996663774,0.2099349080838,0.3240945218144,-0.0246361896862,-0.0242812606721,0.3014512935587,0.0791257388354,-0.0757532383775,-0.0575847740316,0.3060766795587,-0.2718181507383,-0.2615492445171,0.1721693289810,-0.1064069651911,0.1301339689964,-0.0176335746571,0.2708526112015,-0.0308839361041,-0.2625037040861,0.3255315266038,0.3334984502502,0.2313860419966,0.2999359157453,0.3125298770991,0.0021764472349,-0.0135158166918,-0.0032728206314,-0.0929618618771,0.3294278430146,0.1035831090218,0.1100351664567,0.2336915200015,0.0790620462009
0.2544797142420,-0.0524586150483,0.1248294835609,0.5020995052468,0.4131878217562,0.4167121784114,0.4789407776234,0.3332570607206,0.4111878973077,0.1392124814642,0.3423316726581,0.2128937648675,0.2607926593185,0.3342530648565,0.5001411212422,1.0000000000000,0.4880774600112,0.4362106489635,0.6065878422420,0.5646094318768,0.3868419018671,0.0920649629007,0.2848013583838,0.5578884313709,0.0264798860031,0.3213244619203,0.3820709367816,-0.0439619195538,-0.1950791319404,-0.1119743810963,0.6989047789665,0.4155555568290,0.4392884176597,0.0016889893216,0.5471916092540,0.7333196696442,0.2672809712399,0.2465018046284,0.1857512302949,0.0509561772875,-0.0138911866576,0.0295928539121,0.4774112780281,0.0052723058739,0.0215515100768,0.0490726681768,0.1039434708169,0.3097349120182,0.1806184422119,0.1218031934662,0.2434738772602,0.0571091131124,0.6766839485549,0.3111419579198,0.4393632301150,0.4696374460506,0.0858834307623,0.0335811561999,0.2661711706209,0.3404635684119,0.0866309971087,0.2588015456524,0.0752658739611,0.1068753112316,0.2255926473925,0.3940263394807,0.7784141164629,0.3828893519873,0.6177236161899,0.5418161281574,0.2795407076187,0.1075273850261,0.4879868158283,0.1884187137416,0.2954772996789,0.1517640934138,0.3203785468420,-0.2407454496074,-0.1668626603364,0.6121896598686,0.2008742201202,0.1314605837450,-0.1840900317714,0.2460072116171,-0.0823353944363,-0.2352034505080,0.2465220319014,0.5071155589738,0.0829591410515,0.0605547227787,0.1180688016510,-0.1412649564128,-0.0565644148183,-0.0382927192892,-0.1655118951649,0.4076266663159,0.1025054675829,-0.1508120786142,-0.0709965032900,0.0482577709095
0.2613034536297,-0.0887867394710,-0.0367502563720,0.3620521044289,0.4310678945668,0.4369317929692,0.5884236203551,0.6327998411809,0.4660664299561,0.5165818568966,0.5488078360897,0.5096662428521,0.7964003071373,0.2688962285474,0.3348802059508,0.4880774600112,1.0000000000000,0.6944274696579,0.4505682116308,0.5002239002405,0.4783997427402,0.3110194252602,0.3139921980506,0.4767476981514,0.2337070112393,0.2509123869978,0.3291448450401,0.0778547924488,-0.0231742946558,-0.0397172586259,0.4748173784543,0.2146397492813,0.3382207518084,0.0034640682784,0.2904295618153,0.2292724051319,0.3292581543722,0.1309724680187,0.1489358861395,0.0882502255433,0.1252199045003,0.0815636239744,0.1000197803373,0.1013543325984,0.0476696841167,0.1029038386604,0.0639128490213,0.0763025450233,-0.0249220466169,0.2000839978880,0.4295810153892,-0.0102836089383,0.3705070630654,0.2912575954958,0.4806936954084,0.3391510349322,0.4532481176904,0.3201566922137,0.5224025568662,0.3906879920403,0.4337660717746,0.5403026455590,0.4475892683351,0.5723522050801,0.2428837731979,0.0271831402263,0.5225958468464,0.6903714916792,0.4538517981949,0.5141779753809,0.5889765202926,0.2357623581677,0.5214674483650,0.3521084289314,0.4207660123791,0.0623390754938,0.2409920910589,-0.0389691005669,-0.0296273320074,0.6457072804045,0.0297174792285,0.2064745584421,-0.2129675604775,0.0744435573408,-0.1225080622639,-0.0984098757400,0.3097810063747,0.2235221075370,0.0178479594181,-0.0097813958084,0.1467802504644,-0.0336131220094,0.0679413760432,-0.0406683119867,-0.0366363993897,0.1306001018780,0.0667261191608,0.0385571414734,0.0348216777454,0.1212530240670
0.2360600435780,-0.1062234024576,-0.0258487849310,0.1934222564642,0.4578138626489,0.5716790316654,0.5995633103926,0.6799436545990,0.4088599127230,0.2440682717717,0.5910999559200,0.2948831765688,0.4323091602303,0.2118389650520,0.3028256985661,0.4362106489635,0.6944274696579,1.0000000000000,0.3051955509404,0.4143151853823,0.2865114442766,0.2110496726706,0.3856335751437,0.5155085658441,0.2655280139178,0.3081496107222,0.2606527481157,0.2554411488356,0.1291034767543,0.1756823869572,0.5178270015507,0.1808844275979,0.1990111678923,0.1265253370808,0.2802450768813,0.1822165912383,0.3218953084153,0.2141900627459,0.2479436335478,0.3006649559799,0.2965733505558,0.2688146281554,0.0673898927047,0.1518649100475,0.2389664203686,0.1040574335696,0.0962568095134,0.2460884452003,0.0947514752553,0.2637851962280,0.3443338070243,-0.0640974988049,0.3220426322561,0.3147104164342,0.5117614320008,0.2391465240398,0.4830176230982,0.4066116410918,0.7079295320361,0.3600457086342,0.1733202778665,0.5401861393168,0.2577473722376,0.2369672252717,0.3121641313447,0.1214167040647,0.6003574384013,0.7199264277055,0.3303572745425,0.4135805185090,0.3483450622076,0.1954984528541,0.5386532037618,0.3254934152118,0.3399605228789,0.2489506286107,0.2858601105612,0.0510936408787,0.1773315074470,0.7061726829520,-0.0305680618076,0.0938773031907,0.0013343456677,0.1575475495730,0.0600411315587,-0.0558339173161,0.3100864904860,0.2933220816403,0.1087645614155,0.1210790618604,0.2672485034625,0.0928375386809,0.1442237689737,-0.1028133738327,-0.0431052280658,0.2772834858526,0.1901474801504,0.1329479769035,0.1038241031748,0.2080789633306
0.2604101055453,-0.0721194085097,0.0768858588918,0.5855431420271,0.3189990144669,0.2635475343331,0.4341886429619,0.3832321865551,0.7277173897962,0.2522528847672,0.4063364592430,0.3532220994907,0.3719590094703,0.1485660899714,0.3662995313053,0.6065878422420,0.4505682116308,0.3051955509404,1.0000000000000,0.6955507603300,0.4282808248187,0.1673407243690,0.3814898922160,0.6396204211995,0.1224226780521,0.3002556554490,0.3791350457656,-0.0701665823172,-0.3148034356610,-0.2597946551395,0.2942699705931,0.2926914261773,0.2263175762946,0.0783498272682,0.3383933370845,0.5615635604420,0.3909283775808,-0.0142005459710,0.0538091222879,0.1040653551854,-0.0197225091002,0.0221503610165,0.3189901559130,0.0024173708665,-0.1947568544706,0.1444050838928,0.0174571917200,0.0303703805679,0.0033671218166,0.2331198613154,0.2185298425391,0.0391709492932,0.4337888768209,0.2494970219845,0.3003041762756,0.3868515062989,0.0527714008254,-0.0874814173580,0.1826825732698,0.6428391477769,0.1417958438283,0.3568482282100,0.1913128023634,0.1445533340556,-0.0061361447939,0.1361921000525,0.5496985030555,0.3770320913033,0.8456800330600,0.5319267215605,0.3482755115684,0.2453441291906,0.6411768795245,0.2699963924228,0.2083762422144,0.0501817048254,0.3408948964699,-0.1680111856449,-0.3238634731710,0.4302110617063,0.1445416203683,0.1869199779099,-0.2237906919275,0.1362626887885,-0.3313937936507,-0.1769407715163,0.3483487578122,0.3525693378897,0.0192591889456,-0.0594833812237,0.1277822036756,0.0866675857052,-0.0204131297958,0.1244987779407,-0.1314732385637,0.1003112958058,-0.0917481757897,-0.1658170561973,-0.0175623147583,0.1036925229750
0.2380162085465,-0.0793853183468,0.1132558578954,0.4707388563780,0.4132151896709,0.3119244761487,0.4396743039146,0.4478803715446,0.7965472963834,0.1295647482767,0.3857141170261,0.1762522239650,0.3769738361899,0.0684907273621,0.3310876354480,0.5646094318768,0.5002239002405,0.4143151853823,0.6955507603300,1.0000000000000,0.3548930654164,0.0870562299450,0.3015547694005,0.6766413945247,0.4804608025402,0.3207268659862,0.6061202310898,-0.0370308458194,-0.1855233202475,-0.1899119513669,0.4970543162456,0.2670874950938,0.3914329679825,0.1284961078904,0.3470905262606,0.5142406280830,0.4246313999734,0.1835351184401,0.1460602460633,0.1357824587564,0.1131816501953,0.1372606926816,0.3320742325039,0.1302571566648,-0.0008348632866,0.2748699733023,0.1827149865374,0.1011979810213,0.1139083575385,0.3057741148666,0.2410209377466,0.0334568992687,0.4646592400430,0.2215469741535,0.3827693257242,0.3176840792830,0.0602345064246,-0.0005562142625,0.3511237865570,0.7217938267206,0.0494099589233,0.3288009753535,0.0500553825643,0.0185507381910,-0.1137447353573,0.1454743460533,0.5136851462574,0.4269700103090,0.6645883746572,0.7663310815939,0.2324081222034,0.0687093396281,0.7326221326550,0.3756219817742,0.1837191722288,-0.0096308488774,0.4383966848229,-0.0840011731894,-0.2075655251305,0.5240783577296,0.0662522959373,0.1191172368373,-0.1693853806825,0.1992511051879,-0.1948132706096,-0.0981621142485,0.4220440061062,0.3829072478551,0.0469697321351,0.0492779148725,0.1466063671729,0.0985928243566,0.0487005436970,0.1972002815684,0.0073998543616,0.2212227019333,0.0716559432676,-0.0960354862646,-0.0653543448655,0.0218473636074
0.0797936292693,-0.1100777630502,-0.0239448247304,0.1930063511763,0.1246297924657,0.1473984908391,0.2802619937647,0.3052797075127,0.2106428366050,0.4849932730731,0.2193315327925,0.5968932527702,0.3727749134724,0.5425735107423,0.0167876459689,0.3868419018671,0.4783997427402,0.2865114442766,0.4282808248187,0.3548930654164,1.0000000000000,0.5606277604850,0.4958615988713,0.5091533416600,0.1452307121612,0.1990660215186,0.1187786072163,0.1624189800870,0.0299217457441,-0.0125961899866,0.4902278550756,0.5242263561305,0.3470218391410,-0.1189516409373,0.2840608067536,0.1824894517464,0.1055491492202,-0.2302974223428,-0.3741694552105,-0.3458354122174,-0.2787551347181,-0.3007087321065,-0.1407316684795,-0.2147423147833,-0.2385097761475,-0.1801580351202,0.1185974150394,-0.2528126898723,-0.1781956469803,0.0020104411345,0.1714958456326,-0.0264392659511,0.2127221990436,0.1429550927350,0.0825088842099,-0.0397781669256,0.2262920209574,0.0722595060276,0.1608665908214,0.1111556994301,0.2542709698762,0.2266767487974,0.2659387246172,0.1793704576366,0.3210603281724,-0.1001711721253,0.3293424109577,0.2079842506998,0.4906308673873,0.3596340376497,0.7890213943476,0.6307211593462,0.4751008517439,0.4828956367546,0.7068750574708,0.1101840473796,0.1033434281410,0.0255097629058,0.0058170400320,0.5826422553400,0.4356089404513,0.4837021177009,-0.3338003462240,-0.2590777011911,-0.2800467430837,-0.0941456422695,-0.0357041811004,-0.0293962710102,-0.2840643058086,-0.2912861274332,-0.3300330930258,-0.3706322983917,-0.1800087992551,0.0006917903179,0.1868970259158,-0.1758207857565,-0.0548714760628,-0.0009518449746,-0.2113771006192,0.4066241899913
0.2166115517610,0.2146540587824,0.1136295023459,0.0690262528438,0.1179880830791,0.1427033322981,0.2889883181078,0.3287070467026,0.0810032197663,0.6189041299054,0.2810645362415,0.6700006993985,0.4244515274899,0.5288460247117,-0.0178860569284,0.0920649629007,0.3110194252602,0.2110496726706,0.1673407243690,0.0870562299450,0.5606277604850,1.0000000000000,0.5674596351009,0.2099228135742,0.2057512066847,0.2288462640116,0.1255467226950,0.2717303988276,0.3091292490419,0.2378723573580,0.1714877736894,0.3838209554575,0.2376972274837,0.1394424597957,0.0958075457853,-0.0446811717971,0.0290168922164,-0.1426059548988,-0.3258380033990,-0.0440141321123,0.0535882728389,-0.1550110316801,-0.3436900980054,-0.0334541899428,-0.0998117076732,0.1535586500746,0.2271390354292,-0.2239233935702,0.2269429360017,0.0330848184110,0.3251300458679,0.2079389839349,0.1362474548858,0.1803048284875,0.0743015261238,-0.0706127214663,0.3525732065039,0.3076418374910,0.1127490775808,-0.0032167551376,0.4958371878092,0.3838977310453,0.4790100400980,0.2615364975854,0.3966675898015,-0.1888984651736,0.0975144691194,0.1547709992818,0.1867535423245,0.1532458281466,0.5302546710444,0.7949215421747,0.2665620158253,0.5017466951361,0.4056167951202,0.1330039957326,0.1364750041245,0.2165077875290,0.1921224459625,0.2172122468274,0.4208489557727,0.4535143187593,-0.0651384225007,-0.3155981710134,-0.0845998637788,0.1324061183904,-0.0881122267772,-0.0851262396241,-0.2934145555923,-0.0477168448403,-0.2925084177131,-0.0776589808540,-0.0261653055410,0.2188392189567,0.3490075187070,-0.1852749514425,0.2948583818436,0.3846602659438,0.0283585232351,0.3237823717592
0.3099191118952,-0.0337206745103,0.0260815287545,0.1857865625304,0.2135322762251,0.2601710414790,0.2754145830311,0.3165028540144,0.2782432294957,0.4222882172186,0.4330028814557,0.6702029504848,0.3401480918080,0.3432609376511,0.1457810337368,0.2848013583838,0.3139921980506,0.3856335751437,0.3814898922160,0.3015547694005,0.4958615988713,0.5674596351009,1.0000000000000,0.3808414105260,0.1760041134673,0.4767051850859,0.3486500228426,0.1066836710749,0.1201027862602,0.0411543740158,0.2049396033955,0.4958673206236,0.2339133330069,0.2345373117733,0.0897271122083,0.1456446533262,0.0860718646565,-0.0547931604928,-0.2401074304679,0.2505185289352,0.0701385474561,0.0655207689627,-0.0927197211284,0.1172676766684,-0.0328279526058,0.3206228712942,0.1640216470589,-0.0802844486721,0.0959560284179,0.1880165541478,0.2815299140323,-0.0504934776424,0.1594836770505,0.2480656927867,0.1823023392363,-0.0291392153362,0.3602455391139,0.1461366233808,0.1336937612699,0.1641320563843,0.1931186327739,0.3800857588105,0.4473492714247,0.1487094576956,0.4136324760172,-0.0190450708709,0.2304072903737,0.2977248819794,0.3818406419058,0.3584452225626,0.4505841599075,0.6680601613210,0.4007559040364,0.4834346415657,0.3468987652803,0.4391787273068,0.3546858073929,-0.0578289090748,0.1663301172458,0.3583909766834,0.3737806610131,0.3800925441711,-0.1023595144141,-0.2084979733505,-0.1112917114914,-0.1956229252460,-0.0434502605635,0.0114576617206,-0.1588857709479,-0.0563355689206,-0.1931647633773,0.0261637235637,0.1075810630749,0.1177710881642,0.0348216376700,-0.0414925475139,0.1493222816765,0.0977841960464,0.0804457539582,0.3382578897178
0.2367869813870,-0.1346237758250,0.0850169408685,0.3566029320465,0.4363871493599,0.4647495241151,0.4911385893850,0.4018692435148,0.6624311747023,0.3123552521962,0.4614469398947,0.2953737237430,0.3346505550109,0.2728581523340,0.2806743672041,0.5578884313709,0.4767476981514,0.5155085658441,0.6396204211995,0.6766413945247,0.5091533416600,0.2099228135742,0.3808414105260,1.0000000000000,0.1483881191756,0.3365156977375,0.3237667944857,0.1639850985162,-0.0827531737555,-0.0560044634892,0.4996260810431,0.3899659607633,0.1366701357558,0.0564301161466,0.5291912702468,0.6242422932375,0.5541540688866,0.0335711317090,0.1551772663940,0.0202753476884,0.0231856631766,-0.0030079037442,0.1698948644603,-0.1676030564418,-0.2174234036026,0.0197924185916,-0.0501304081410,0.2603172768911,0.0380259940115,0.1343594655739,0.2392818997899,0.0077993412205,0.3759670265952,0.3799722138385,0.4542853043228,0.3172759608708,0.1753711580776,-0.0498950372995,0.4057503825072,0.5475941857964,0.1756215266255,0.3061184390486,0.1334537504406,0.1061697119209,0.1525807079516,0.3023733000999,0.5818150611743,0.3917828241604,0.7258264338963,0.5747679220110,0.4310915278707,0.2970121862738,0.8473720000669,0.3462270828339,0.3584443583991,0.2754379306456,0.3732886244863,0.0006064958362,-0.0398671500253,0.6565245323967,0.2785405686910,0.1768312753360,-0.1562278649980,0.0979369282013,-0.2165243254396,-0.0407102279638,0.4924624185071,0.5304142081922,0.0234805459606,-0.0478475010267,0.2588945606356,-0.0510204179454,-0.1160389532040,0.0189935650969,-0.0653635853173,0.3727647400420,0.0598198519931,-0.0318645322677,0.0040805705369,0.3106148083625
