1.0000000000000,0.4612591724245,0.7221750144004,0.4998519167217,0.7992598619975,0.4523573060297,0.4371405842722,0.1982139738037,0.0718564811265,0.4578131087401,0.3096060443071,0.3878634021974,-0.0045229860570,0.6454854955711,0.4365096058546,0.3079106499226,0.0504991481733,0.1879260354523,-0.0537483646858,0.0859552794314,0.0023783260083,0.2908973575626,0.1735287496045,0.1910434902072,0.1279348253707,-0.1796451505749,0.1657944311829,0.2621951012418,0.0305771143959,0.1204564673321,0.1185916159253,-0.0138987006212,0.1311180086129,0.0488564359716,0.2510792608684,0.1494518555976,0.2394464285478,-0.1126221068706,0.2213576656938,-0.2183505412861,0.3121818739815,0.3261350975684,-0.2110001253409,-0.2579593660579,-0.0921558831769,-0.0080637760717,0.2234648195028,0.3642433062918,0.3604825627968,0.3636661205787,0.9129650198554,0.7659491706268,0.6071928139266,0.5737136886496,0.5003665427315,0.4919936171306,0.0553013765939,0.0914030730078,0.3322006329100,0.0053334690353,0.4157691340960,0.3366447453992,0.4046905959889,0.1243949816558,0.7018634049713,0.2027920607664,0.2854622919013,0.1740639284149,0.1343212558348,0.1757132178034,0.2722504466172,0.4602433537250,0.3315480192369,0.3694561060798,0.0807014501793,-0.1497501167502,-0.1197028546168,0.0677466132121,-0.0168478735077,0.1233545601847,0.2057137122886,0.1386268920375,0.1926366421847,0.0406407514674,-0.1467121747561,-0.1599603142738,0.1007436211028,0.1749967727491,-0.1194529587415,-0.3452151075015,0.1756058180577,-0.0845182461564,-0.4234951962272,0.3169483288467,0.4658273278509,0.3511586301862,0.5405910426732,0.4964223917362,0.5209227021214,0.1646697851947
0.4612591724245,1.0000000000000,0.6602384523339,0.1685451888111,0.2130883191257,-0.1519808405344,-0.0081867643608,-0.0432966182230,-0.2539180676492,0.1761972475171,-0.2021981669533,-0.0552997644490,-0.2400751311150,0.7081893196188,0.2005028000417,-0.1202501524344,-0.2950335295679,-0.2767971184453,-0.3153772857210,-0.2116031174774,-0.2557568156105,0.4082810245692,-0.1435484009622,-0.2908030220457,-0.0535888387186,-0.2078104214898,-0.2387400500556,0.4462605392027,0.5653063999555,0.5741960234029,-0.2935424140939,-0.2256447008307,-0.2599996898909,0.0728613828852,-0.0080758462722,-0.2209338494763,-0.1640598275291,-0.1883935994979,-0.0713616881317,-0.0181820470332,0.4610257794823,0.1383912288737,-0.4416532473218,-0.0045124691820,0.0349496218245,0.0618769309927,0.0312477568164,-0.1378120294804,0.4764244078795,0.0206398696115,0.3647830888767,0.7871002667747,0.2297384584125,0.0518445967454,-0.0370223439320,0.0381324127396,-0.2610894911093,-0.0900832656064,-0.0698257900777,-0.2912762623164,0.1777828971774,-0.1913544494271,-0.0920126730121,-0.1891941539276,0.5672581431595,-0.1046739151770,-0.1012143481696,-0.2601598215842,-0.2433330120513,-0.2462643991061,-0.1334992929531,0.1457330406252,-0.1882464056586,0.0287450690084,-0.2534233893051,-0.0768824394978,-0.2975618691970,0.4138663144960,0.5577860829378,-0.2392929427597,-0.0272746370382,-0.2136772891463,0.4069632516528,-0.2702897009137,-0.1393840310415,0.0747695770464,-0.1700334644373,-0.1274498129346,-0.3040123582330,-0.2334155382579,-0.0966940767036,-0.0023677828722,-0.0070442803946,0.1863344341191,0.2254668639300,-0.1312486573701,0.7080161309232,0.5706273454028,0.2289777110241,-0.1442655714193
0.7221750144004,0.6602384523339,1.0000000000000,0.3572009420166,0.5121092318967,0.2634507871177,0.2539176677482,-0.0311934913682,-0.1810865447314,0.1778217457481,-0.0285982762830,0.0597949266476,-0.1853338711662,0.5977592824239,0.3026596479630,0.1223192706767,-0.1839281191932,-0.1140899747747,-0.2153100857605,-0.0496801568008,-0.1784346120719,0.2501050450216,-0.0026490968795,-0.0516236201138,-0.0183742138798,-0.1534625141090,0.0780613042102,0.3358261087328,0.3190615612107,0.3578212143426,-0.0205345653397,-0.1180590957045,0.0361278358729,0.0408180510210,0.2560997952251,0.1202609141312,0.1239004647967,-0.0401739263642,0.2897638641428,-0.0366988123557,0.3631939642926,0.2551505549912,-0.1353187790844,-0.0501285322519,0.0045404800888,0.1596848772870,0.1663797509972,0.2829413251491,0.5224004578808,0.2457495521173,0.5579809819898,0.8926018167330,0.4188653331415,0.5089282738164,0.2404649079241,0.3000321841008,-0.1458703430896,-0.0983447896934,0.0921583137547,-0.2209575789411,0.1355086554212,0.0049638757841,0.0333758474313,-0.1208971188760,0.5162946672731,0.2130211077251,0.0594028566758,-0.1291747458475,-0.0656465924175,-0.0112622520826,-0.0075920638296,0.2193458720480,0.1016730056153,0.1654206968238,-0.1376560644781,-0.1881410536308,-0.0984692367994,0.1723031777831,0.2687790857821,-0.1066725787889,0.1193372839022,-0.0661810931405,0.3280221406151,0.0413956125271,-0.0344005482320,0.0136397175726,0.1123402635445,0.1729296799737,-0.0547485378236,-0.1797937359081,0.2329957111214,-0.0444482651656,-0.1503280244537,0.3603077205206,0.3139998696836,0.2597761202052,0.5959824951180,0.4384616679341,0.3853823606704,-0.0197595704460
0.4998519167217,0.1685451888111,0.3572009420166,1.0000000000000,0.5241773244797,0.4809275871368,0.6599752467938,0.3533626233001,0.3150164804240,0.5177140391675,0.5111803771284,0.5473516817798,0.3677962182886,0.3459134177244,0.5939334933488,0.5470240967273,0.3916730383901,0.3870623187102,0.2798901048304,0.1925820398052,0.2566838713820,0.1490748795325,0.2950791734735,0.3221797651179,0.1228482640096,-0.0552860410910,0.2145044942211,0.1264610423076,-0.0756586548599,-0.2187946424834,0.1990957080584,0.0252552820825,0.2753271698097,-0.0407562715012,0.0627196632309,0.1775467192495,0.1384312624413,-0.2225352295479,-0.0062487847998,-0.2921175658555,-0.0364746400318,0.1731002979552,-0.0724831346889,-0.1592786072486,-0.3105117035136,-0.0383274457272,0.0213859523111,0.2182645310495,-0.0121581546476,0.2716820785996,0.5361874636840,0.3987264470610,0.8403220323081,0.4781075724791,0.4834971873321,0.7833979018173,0.3231279258209,0.3096641150116,0.3347282411294,0.2507504149309,0.5042661582359,0.5505662767802,0.4825202522037,0.4424841851823,0.5344109666781,0.2336493512088,0.4345324403342,0.3944620038103,0.3869347304747,0.3091616595693,0.5172208975744,0.2787217817455,0.4001951229741,0.2820996156375,0.3380534965439,-0.2200061569871,-0.0559685960197,-0.0542703818415,-0.1388305047221,0.3556996141503,0.1307591102508,0.2784555299726,-0.2597282996403,-0.0241017106726,-0.3045568173036,-0.2127614637932,0.0122336179933,0.0731615720475,-0.1266223485535,-0.3216630485898,-0.0511406710944,-0.2836659748686,-0.3396054949846,0.0499978739698,0.1233371180393,0.2352078862838,0.1110060115819,0.1612108775990,0.3114318155604,0.2035635559309
0.7992598619975,0.2130883191257,0.5121092318967,0.5241773244797,1.0000000000000,0.6963846322981,0.6266912843760,0.3877224567684,0.3333455138491,0.5350960558675,0.4961207914857,0.4655701413609,0.2607803848639,0.4639150022105,0.4670421786443,0.5242294391670,0.3529207167985,0.4512446923389,0.2721360558243,0.2911097322021,0.1878875086634,0.3100842110479,0.2649283741343,0.4248341939924,0.2348740423791,-0.2076154168020,0.2640865783069,0.1215029801681,-0.1387709189407,-0.0666835906410,0.3178357469884,0.0532817325816,0.2993008656119,0.0228121521071,0.2738516972052,0.3558258252630,0.3206982682167,-0.0264185152619,0.2109860939337,-0.2352054009937,0.2117122418202,0.2445356627249,-0.1114270119624,-0.3474202298957,-0.1101480532215,0.0341925087958,0.2747922731735,0.4914481571284,0.2766960905342,0.3347073627875,0.8708892329120,0.5519290411918,0.6354325289718,0.6863968674967,0.8028730896430,0.5973727677398,0.3180956556889,0.2930620965958,0.5260295171406,0.2733766727610,0.5519591428694,0.5686329893341,0.5252229983411,0.3404101661134,0.5978546135579,0.2125436185993,0.5207322051098,0.4492070284649,0.3942873658518,0.3907791090359,0.4677928265906,0.4561650986609,0.4993697692228,0.4578413879099,0.3048463815686,-0.1973352953249,-0.0928322919486,-0.0365574159476,-0.1930690862488,0.4042296037851,0.1691615669667,0.2778374678714,0.0252978083983,0.1730725867156,-0.1834409430588,-0.1970640570971,0.1310846661823,0.2370669816205,-0.1327315722858,-0.3661736144656,0.1763307638268,-0.1096998569106,-0.5266776403055,0.2346781662281,0.3844720363642,0.5317145080357,0.3851887863255,0.3895630079933,0.4604078296050,0.2148414951363
0.4523573060297,-0.1519808405344,0.2634507871177,0.4809275871368,0.6963846322981,1.0000000000000,0.8084817344845,0.6056319106544,0.5473253804349,0.4270100982144,0.6255368299214,0.5018525302304,0.5594114629599,0.1983712602389,0.4582607748064,0.6966645497576,0.6044126752664,0.7111707078819,0.4550511329347,0.5059742328669,0.2893186370233,0.0553098274363,0.2798592484934,0.4795223498641,0.4689437133184,-0.0310253319142,0.4710912310226,-0.0109802927007,-0.3047110619968,-0.1861011039548,0.4887606119690,0.2068022846142,0.5484684946925,0.0122767817108,0.2831442647738,0.4690875104367,0.2631441378024,0.2354248745154,0.2372915151244,-0.1573521025663,0.0451208946056,0.3044401036328,0.0730828593604,-0.1938183542213,0.1142724520998,0.0782263825709,0.2948191972603,0.6864101133681,0.0548799271639,0.3762974301151,0.4887795049777,0.2610098845914,0.6304764765073,0.8286486277992,0.8580156787483,0.6165890276586,0.5454614711016,0.5268571529658,0.7164428490146,0.4845658167103,0.3955945457600,0.7085503724813,0.6138386751910,0.5743920367004,0.2965061795806,0.2750569545120,0.6894844010526,0.6921994646266,0.5238427558486,0.6025628383874,0.5262528627229,0.2851750414124,0.5154838344745,0.5782940954816,0.3943329328026,-0.0620990114360,0.0572416785602,-0.2015381215289,-0.3282877375588,0.6034958642346,0.2319684642318,0.4560621076781,-0.0514799319579,0.3283151508613,0.0329665457071,-0.2553791809467,0.1383003346586,0.3661937128805,-0.0081175796916,-0.1193641349055,0.1599136699025,-0.0320730195996,-0.4046665189966,0.1289819239082,0.2836384532749,0.6810139848278,0.0527747287370,0.0813950499244,0.3917093768949,0.1773600699468
0.4371405842722,-0.0081867643608,0.2539176677482,0.6599752467938,0.6266912843760,0.8084817344845,1.0000000000000,0.6183930618626,0.5054543099897,0.4982515625815,0.5451968291791,0.5036368442537,0.5605485891453,0.3370942624387,0.5491473135984,0.7226639223236,0.6390835166300,0.6754134229384,0.4590237907815,0.4109113581191,0.3156362794312,0.1404646601406,0.2004147287878,0.4453782839101,0.3659262790678,-0.0275367553253,0.3902478530201,0.0453459044815,-0.1392340930704,-0.0956251787216,0.4909156133003,0.1512033907634,0.4958629788591,-0.0465367161647,0.2176456423781,0.4276391108624,0.1660275980127,0.1607325602419,0.1608358466693,-0.2390355739087,0.0257312401501,0.1813944687793,-0.0062550204010,-0.1569580834685,0.0693766199217,-0.0246903682129,0.2269766083027,0.4870992435240,0.0984937343949,0.2951529800891,0.4968309297091,0.3031977623652,0.7097868731874,0.7144247794877,0.7652842471807,0.8215240363719,0.5890903478358,0.5685583235393,0.6508498247849,0.4373168229374,0.5046558104312,0.6549817746943,0.5486969396187,0.6109939537282,0.4151269862338,0.2271475415212,0.6919326249014,0.6803699679840,0.5389882898439,0.5425484675097,0.5948533121391,0.2417854789235,0.4894091663395,0.4845934562785,0.4878132937898,-0.1045479278379,-0.0913712069089,-0.1027491486690,-0.1789068503438,0.6306051004359,0.1740729499755,0.4257866832233,-0.0787161554795,0.2488922029875,-0.0544148320103,-0.3332376581990,0.0348651362580,0.2479106069702,-0.1442441824441,-0.1668090726753,0.0564550761918,-0.1567679939371,-0.3770981541812,0.0709546138044,0.2354561890543,0.5135995208191,0.1526327524136,0.1685690796318,0.2735805245418,0.1152264956106
0.1982139738037,-0.0432966182230,-0.0311934913682,0.3533626233001,0.3877224567684,0.6056319106544,0.6183930618626,1.0000000000000,0.7867128220534,0.4709874944153,0.4757861746684,0.3614298087051,0.7497581656767,0.2052487661980,0.2201612136152,0.5914807842954,0.7781048413805,0.7907206327737,0.4291545620453,0.7024434217720,0.2391993815452,0.1280031627351,0.0523053346652,0.2863605247671,0.7477789749389,-0.0760576561150,0.3926185920400,-0.0651038179199,-0.1814811659087,-0.1288739538443,0.2966153426512,0.1393784536578,0.4986711860444,-0.0902052433661,-0.0664527983778,0.1260140226185,-0.0743301656060,0.2942899897147,-0.2012808924270,-0.3372487437395,-0.0510859209388,0.1170785674332,-0.2363984494003,-0.0334140198836,0.1701001337680,-0.0326486533996,0.1881001642494,0.2393375751713,-0.1381944262273,0.0447357967329,0.2887574314469,0.1012190099385,0.5055678313416,0.3795006310273,0.6893939603527,0.5209314444479,0.7873054941633,0.9339020255350,0.8613560101267,0.7100507803587,0.5618977840805,0.6184480370900,0.4646763875981,0.7338991006998,0.2816112680802,-0.1079235902515,0.7162529702306,0.8086518330173,0.5231296591370,0.7808094273769,0.5585426771777,0.1001331423188,0.3418722378092,0.7170481560152,0.4818400550464,-0.0673705897080,-0.0190984872861,-0.1281727396861,-0.2306627091705,0.7198226039954,0.0735738568711,0.4545926024574,-0.1291809699349,0.0894496061203,-0.0540836465358,-0.2720731628270,-0.1872267651192,0.0685653633781,-0.3397124203618,0.0039643959304,-0.2109828517774,-0.1890740358405,-0.2835791713576,-0.0598087130632,0.1198670092112,0.3294906657559,0.0254206444326,0.1245192055117,0.1978338591529,-0.0790239408909
0.0718564811265,-0.2539180676492,-0.1810865447314,0.3150164804240,0.3333455138491,0.5473253804349,0.5054543099897,0.7867128220534,1.0000000000000,0.4438385814295,0.5789503868631,0.3692218296975,0.7023400528355,-0.0064350846429,0.1046295013453,0.5924767842199,0.7428039378924,0.7340583796793,0.6319924001967,0.7826116111775,0.3185897211387,0.0583410768105,0.1663427764037,0.5142115379922,0.6850015706479,-0.0195579913244,0.4467726530008,-0.2078935605708,-0.3234560206766,-0.3373471543878,0.3675251056409,0.1842355461638,0.4112229953331,-0.1429026598059,0.0267348241367,0.3495566511964,0.1078806261134,0.2367876754771,-0.1667401932176,-0.2482608300977,-0.1952405872104,0.0184167863518,-0.0816079088259,-0.1155536086024,-0.0286479612012,-0.0338372822648,0.0842693323636,0.2204166529889,-0.2728665703160,-0.0215181645027,0.1916280269620,-0.1033838891283,0.3540830810161,0.3220039780512,0.6142379333796,0.4435300373262,0.7166073728900,0.7533881518469,0.7632324294900,0.9462486898709,0.5195563021797,0.6331068427471,0.4618318763966,0.6726186078711,0.1372620802895,-0.0602033036081,0.7074580771234,0.7073803049489,0.7517418325338,0.7982382153357,0.5682660841566,0.1228134810387,0.5470506941848,0.6414868693964,0.5061037289855,0.0490652808933,0.1816197967632,-0.2975813463427,-0.3827355966589,0.7254298356041,0.1217772217186,0.3710998949250,-0.2747392862570,0.1771940461028,-0.0936978986379,-0.2374984401922,-0.0217251433257,0.2117389119572,-0.2364738292598,-0.0068186507012,-0.1220659929154,-0.1606668131778,-0.2619784219803,-0.1925631801974,-0.0496604283618,0.3374263506889,-0.1871139637043,-0.0896917683055,0.1237690899529,0.0080743721681
0.4578131087401,0.1761972475171,0.1778217457481,0.5177140391675,0.5350960558675,0.4270100982144,0.4982515625815,0.4709874944153,0.4438385814295,1.0000000000000,0.6497741599566,0.6866983360407,0.5032017841317,0.4633000997690,0.3571814867768,0.4335004872816,0.4659098970629,0.3946970444314,0.2742767494651,0.2713995287700,0.3906401514536,0.5247374904052,0.4304372781815,0.3638111601663,0.2791152132928,-0.1225975667848,0.2282484229860,0.1116763382265,-0.1186729372686,-0.1012474510729,0.1617067461811,0.1925605474628,0.2760723271074,-0.1057283234297,-0.0039054963901,0.1120505329515,0.1829162509884,-0.2438173730461,-0.2015055690244,-0.3452405286615,0.0586959731164,0.1744004149492,-0.3370439279499,-0.2800983956487,-0.2950100795169,0.0387556067458,0.1930615808571,0.1096761027692,-0.1045258444827,0.1715546423622,0.5476558146510,0.2831282877803,0.4912644844244,0.4491032370535,0.4963867309363,0.5102614978282,0.4169236603047,0.3974493098557,0.4435891985025,0.3548767814696,0.8989910313256,0.5890056249467,0.6434833181949,0.5264562312877,0.5733579602044,0.0485327984631,0.4546798247063,0.4083560420691,0.4533625358775,0.3780335616689,0.6534074986679,0.5845933390396,0.4427431067320,0.4718656479660,0.4576671974578,-0.0321462716268,0.0053974427290,0.0108049607227,-0.1412554093004,0.4372850226759,0.2232368432286,0.3722127656913,-0.0725952200986,-0.0941328329302,-0.3380880295346,-0.1405375453612,-0.0617100715359,-0.0350493013550,-0.2937509674861,-0.3825708852398,-0.1905201607689,-0.2172629782543,-0.3783490111539,0.0911213747924,0.2878582260937,0.1605055009684,0.1375918181570,0.3335206015673,0.5249587526844,0.3049924437905
0.3096060443071,-0.2021981669533,-0.0285982762830,0.5111803771284,0.4961207914857,0.6255368299214,0.5451968291791,0.4757861746684,0.5789503868631,0.6497741599566,1.0000000000000,0.7267921471811,0.5695745134867,0.1226866462180,0.3864598574572,0.5203733870101,0.5646591585658,0.5982659430201,0.4462392478932,0.3322156669451,0.3491202747673,0.1741990283988,0.5025169086017,0.5467138873649,0.3063451858671,-0.0399030892611,0.3386522516844,-0.0650064868957,-0.3409932206094,-0.3403302362101,0.2980372915975,0.1349061710825,0.2847226100214,-0.1662219461440,0.1231900751474,0.2913929482505,0.3188454072823,-0.0749305903951,-0.0083295200694,-0.1851171912835,-0.1167596161814,0.1954576321065,-0.0349028295233,-0.2780891327349,-0.2049774529981,0.0299188013177,0.0815103266617,0.3736974445372,-0.1937442132600,0.2406152420554,0.4388753625041,0.0464895529336,0.5071200963394,0.5056926382530,0.6036243987098,0.5371779554435,0.4773866325613,0.3717075552598,0.5554699670027,0.5044576052890,0.5865832504959,0.8279140579049,0.7610886268633,0.6258236650133,0.3680535268404,0.1887445209601,0.5217625440081,0.5276190354881,0.5117710255339,0.3913042167372,0.6041569125337,0.4451366473687,0.5431326854967,0.4460795978267,0.3758718306785,-0.0142136097556,0.1358508437592,-0.2014498275230,-0.3477911665546,0.4692327617457,0.1627698669864,0.3092892876312,-0.2456081823721,0.1107457065085,-0.2352149699888,-0.3119347258486,0.1147760642319,0.1950887317018,-0.0845674357163,-0.2802516291505,-0.0280665346989,-0.0971891197230,-0.3832881159369,0.0113889861986,0.1091026165353,0.3851584546888,-0.1078513581111,-0.0070185053796,0.4108780958057,0.3294299483977
0.3878634021974,-0.0552997644490,0.0597949266476,0.5473516817798,0.4655701413609,0.5018525302304,0.5036368442537,0.3614298087051,0.3692218296975,0.6866983360407,0.7267921471811,1.0000000000000,0.4896029613516,0.1933749846054,0.4111734782827,0.4324154639478,0.4536307597269,0.4546383501597,0.2606432081898,0.1859846210473,0.5319892266363,0.3517550867040,0.6970496418764,0.4273619555264,0.2158112402743,0.0929563765208,0.3189271116395,0.0110385218735,-0.2514158904440,-0.3480573923004,0.2465773709433,0.3205252007781,0.3767290684311,-0.0371455715607,0.1782573465276,0.1611885683375,0.2184601486723,-0.1842326746267,-0.0444937441836,-0.3740238483312,-0.2613875462011,0.0031128264377,-0.1113767220304,-0.2939191542709,-0.2164425965933,-0.1084444823710,0.1236306258160,0.1920440699283,-0.0668696590407,0.2668717658248,0.4860266851119,0.1673548089691,0.5366760022604,0.4320294964525,0.4577054444809,0.5230020108834,0.4127136351824,0.2286024306662,0.4122117348500,0.2537089065378,0.5942825457507,0.7442541452779,0.8885366341635,0.5674853403584,0.4183198466145,0.2640628623932,0.3928601241714,0.4118921654440,0.3536325248651,0.3286151073402,0.7061909880044,0.6914385899857,0.4287726143955,0.4559900548237,0.4587605678440,0.0596180597153,0.0702394838611,-0.1520369475647,-0.3062755820782,0.3693840328387,0.3815701368075,0.5140137680339,-0.2595465361363,0.0006688841790,-0.1718511411134,-0.1762081129675,0.0770288822705,0.1060396742817,-0.0277602854442,-0.3371738141260,-0.0836154380775,-0.1734558908667,-0.3989533784630,0.1242548448982,0.2672674168200,0.1609987022096,-0.0565779368200,0.1425765745712,0.4019985522658,0.5646046997053
-0.0045229860570,-0.2400751311150,-0.1853338711662,0.3677962182886,0.2607803848639,0.5594114629599,0.5605485891453,0.7497581656767,0.7023400528355,0.5032017841317,0.5695745134867,0.4896029613516,1.0000000000000,-0.0307613511174,0.2713037405552,0.5883338872211,0.9087925545795,0.7213475857975,0.4945450446804,0.5212009651663,0.2983914771083,0.0336349641803,0.1559857652753,0.3380837413628,0.5134544983038,-0.0898888968673,0.3611511388204,-0.2063482933582,-0.3446602111494,-0.3247170737039,0.3874464472650,0.1101779672492,0.5389364080775,-0.1264681558013,-0.0593614717421,0.2561664787376,0.0061491492316,0.1533309350744,-0.1193962729414,-0.2935528500690,-0.1942364962916,0.0883194201443,0.0505923000520,-0.1261476520525,0.0061778707000,-0.0068662850932,0.1060062880804,0.2502644057354,-0.2630521105168,0.0692963051654,0.1097137866191,-0.1528702592821,0.3738741366102,0.3188602542236,0.5831707007761,0.4837794768160,0.7959978520539,0.7236512778132,0.6143425526843,0.5914532361612,0.5545775204424,0.6647088093781,0.5897109723375,0.9222845889309,0.0973438284731,0.0631807744789,0.6344619825001,0.7785755116770,0.5409851208819,0.6236896665022,0.6100490392594,0.0540108931267,0.2819863312065,0.4443363926788,0.5276557470699,-0.1040823772100,0.0041176404292,-0.2011477939138,-0.3745640462151,0.7073382586753,0.0043090051355,0.4599480212827,-0.2728178915467,0.2020207241074,-0.0798294533095,-0.2144059259829,-0.0769593040648,0.1079161836801,-0.1209163852158,-0.0581444489153,-0.1175732130465,-0.2084226471131,-0.2470085090708,-0.1280670716723,-0.0576216946981,0.3379962571888,-0.2211001851667,-0.0716127514149,0.1814454176545,0.0406465902880
0.6454854955711,0.7081893196188,0.5977592824239,0.3459134177244,0.4639150022105,0.1983712602389,0.3370942624387,0.2052487661980,-0.0064350846429,0.4633000997690,0.1226866462180,0.1933749846054,-0.0307613511174,1.0000000000000,0.4303046335897,0.2584933611604,-0.0003768807656,0.0644501286804,-0.0419305306937,0.0543597561400,0.0814333863579,0.4594478947425,0.0323494821378,0.0255028259314,0.1086055883475,-0.1988324429388,-0.0007446958930,0.5202200891226,0.4434114513833,0.5673016514934,0.0950167410152,-0.0075181230332,0.0596841716422,0.0844199259570,0.1220297959463,0.0052699121317,0.0093847477080,-0.1147083863227,0.0023904078763,-0.1056629378873,0.5631633553039,0.3411348065310,-0.3567268555265,-0.1397100297937,0.0397205656315,0.0202106907899,0.2224858731213,0.1161758717043,0.4264685811097,0.2999335522687,0.6046413721766,0.7559862497282,0.5072091719275,0.3406860787467,0.2691695986022,0.3166205736548,0.0113953695772,0.1332001016950,0.2633237813709,-0.0576143417809,0.3807494037362,0.1017431712957,0.1375721800389,0.0232960134582,0.7598531614747,0.0521179050464,0.2613326874851,0.0716655806573,0.0723562850251,0.0516161871596,0.2141968957055,0.3279944409231,0.1531595423624,0.2815221530182,0.0638435223957,-0.1242279295980,-0.2648987624024,0.3685035307758,0.4117042912317,0.1192901832325,0.1521387144562,0.0454809143041,0.5216717504710,-0.0791392145539,-0.1852736864420,-0.0977426214005,-0.0945236684997,0.0245916020442,-0.3231138604543,-0.3453263632009,-0.0588508896773,-0.0664636143352,-0.2591681073239,0.1863355941327,0.4073838734177,0.1252209371032,0.7434256495620,0.6287942902187,0.4406735570767,-0.0200996897467
0.4365096058546,0.2005028000417,0.3026596479630,0.5939334933488,0.4670421786443,0.4582607748064,0.5491473135984,0.2201612136152,0.1046295013453,0.3571814867768,0.3864598574572,0.4111734782827,0.2713037405552,0.4303046335897,1.0000000000000,0.4034428837998,0.3100717976131,0.2619547583809,0.1520558159152,0.0339325059501,0.0914928145071,0.0322914140933,0.0840167053730,0.1850102786173,0.0480550143972,-0.0767960105909,0.1651745218061,0.1531867124674,-0.0928381942452,-0.0181554863036,0.2498027929702,0.0031098730144,0.3236303827648,0.0428350560475,0.1744448278270,0.3225449076834,0.1166565741969,0.0287069528704,0.2788175847586,-0.1028224294042,0.2102327297715,0.3732149019234,0.1812782026141,-0.1277029471340,-0.0235402101778,0.0281270053013,0.1604195942978,0.5128028479954,0.2486411020932,0.5954129057344,0.4802778193411,0.3710095641896,0.6656466784296,0.4759426273099,0.4951331838411,0.5905632159584,0.1562903530531,0.1605987920931,0.2624298456457,0.0592673563560,0.3103442890890,0.4092301548316,0.3663015484691,0.3291287193167,0.5556219918970,0.5678754182887,0.3218319912532,0.3350418871744,0.2067883874327,0.0923353025069,0.2717652836720,0.1045945929099,0.1679523230042,0.1262560568853,0.0826625452655,-0.2848537602986,-0.2141482286618,0.0297066327552,-0.0921068451530,0.2238453541082,-0.0201962423972,0.1759042223863,0.0588737610246,0.1506676278826,-0.0985448065892,-0.1800024665604,0.0454499905534,0.2187612400222,0.0794318138385,-0.2310548226751,0.1681332290213,-0.0912090671740,-0.2807782337342,0.1572595084454,0.2000627164689,0.4651606506079,0.2542533444659,0.2483270430911,0.4641462956766,0.1815053605539
0.3079106499226,-0.1202501524344,0.1223192706767,0.5470240967273,0.5242294391670,0.6966645497576,0.7226639223236,0.5914807842954,0.5924767842199,0.4335004872816,0.5203733870101,0.4324154639478,0.5883338872211,0.2584933611604,0.4034428837998,1.0000000000000,0.7053515242771,0.8004412098815,0.7067983273704,0.5693462077045,0.4872779328803,0.1346082408610,0.2473882170313,0.5990227974098,0.4181300048491,-0.0866386005971,0.4401987988641,0.1294543753191,-0.0732719877513,-0.1272547066914,0.7438433360674,0.2056150315210,0.5860994657810,-0.0212758449145,0.3130492149475,0.6095871739676,0.1646499485018,0.1282946848709,0.0998061960443,-0.2919229460874,0.0822430349711,0.2743465653838,0.1060794349274,-0.2358820167220,0.0561071070725,-0.0562144371930,0.2269477224206,0.3913022349661,0.0177085941816,0.3696845724852,0.3741484816808,0.1688619432407,0.6658391527442,0.4603056584080,0.6411183191882,0.5767724162942,0.5809962929648,0.5058821514439,0.6920096224905,0.5242554358905,0.4274500167524,0.6370329151151,0.4760154961726,0.5745226117250,0.2873338542861,0.2261315689923,0.9197985383630,0.7177351775746,0.7060512953559,0.6496523834981,0.6448953368973,0.2371928472797,0.6273528783604,0.5232528764367,0.6137956574084,-0.0458064040378,-0.0172760338616,-0.0789971221974,-0.1423211627023,0.7831852483832,0.2286341996636,0.4662478855704,-0.0704843671430,0.4703643361024,-0.0348376599249,-0.3345318225988,0.0488665954019,0.3657179065847,-0.0635429201022,-0.2454907683541,0.0242794692651,-0.2351644705543,-0.4555041392294,-0.0086023630869,0.2467445703404,0.4757421751283,0.1089122947724,0.1776414996957,0.2927489815018,0.1871389539637
0.0504991481733,-0.2950335295679,-0.1839281191932,0.3916730383901,0.3529207167985,0.6044126752664,0.6390835166300,0.7781048413805,0.7428039378924,0.4659098970629,0.5646591585658,0.4536307597269,0.9087925545795,-0.0003768807656,0.3100717976131,0.7053515242771,1.0000000000000,0.8412060936812,0.6230455737831,0.5804612930925,0.3638745348027,-0.0060939493053,0.1149542890429,0.4423418494943,0.4755938468001,-0.1093610880725,0.3746859477454,-0.2363494251661,-0.3443438508186,-0.3505488996411,0.5215628498558,0.0956499851507,0.5663502918192,-0.1470497416250,-0.0560624030714,0.3500621541524,0.0220373636827,0.1611084962507,-0.1007198658302,-0.3290693978306,-0.1532911217638,0.0939423156781,0.0534867095320,-0.1603774505579,-0.0475473883089,-0.1034359777478,0.1176362455530,0.2735539586333,-0.2575216599584,0.1064315356385,0.1908789383957,-0.1536496154363,0.4391551167367,0.3388448517440,0.6524901576268,0.5428178219958,0.8200889558811,0.7561091052532,0.7030683435008,0.6457612438855,0.5451639581821,0.6912326870451,0.5394656066354,0.8647953921810,0.1511270869478,0.0913914938221,0.7667703002326,0.8882114785871,0.6537980726800,0.7246397771046,0.6986196556229,0.0433470181727,0.4104572467487,0.4553305667940,0.6373463622604,-0.1025268670459,-0.0621909582777,-0.2447747090863,-0.3938344209749,0.8636203034460,-0.0065024184772,0.4919215821415,-0.2777087188908,0.2722081330357,-0.1274996529982,-0.2578165208573,-0.1034634138733,0.1110526991043,-0.1382570274859,-0.1122947165982,-0.0974427119403,-0.2503023309125,-0.3241428110007,-0.1500777374758,-0.0308300182667,0.3823399964511,-0.1956773088295,-0.0077686403181,0.1695977075440,0.0260064663808
0.1879260354523,-0.2767971184453,-0.1140899747747,0.3870623187102,0.4512446923389,0.7111707078819,0.6754134229384,0.7907206327737,0.7340583796793,0.3946970444314,0.5982659430201,0.4546383501597,0.7213475857975,0.0644501286804,0.2619547583809,0.8004412098815,0.8412060936812,1.0000000000000,0.6601311974654,0.6236339490980,0.3948825038161,0.0571196426754,0.2015720077488,0.5507867989223,0.5268583616089,-0.0440853539154,0.4247326423215,-0.0900731567817,-0.2462050786531,-0.2439719296692,0.6144159387159,0.1884357820423,0.5526714199749,-0.1168828048795,0.1527590926721,0.4059344751977,0.1274152158263,0.2442675314483,0.0231918995875,-0.2954050650164,-0.0468498483081,0.1937072677024,0.0279503086187,-0.1753289753516,0.1225654927854,-0.0772197613422,0.2111306499982,0.3724581589822,-0.1226408367814,0.2247020673691,0.2927457201902,-0.0338524453676,0.5346363907847,0.4042081240487,0.6852238211871,0.5291659756424,0.7606914506488,0.7149889053085,0.8320199698450,0.6626892972821,0.4362873413461,0.7351114936791,0.5577989779449,0.7119959132266,0.1584624344022,0.0984011518179,0.8622574536792,0.8884673196371,0.6482002858082,0.7429442593734,0.6611805731157,0.1738809257606,0.5687480869043,0.6059812648739,0.6266040608875,0.0460652800878,0.0193795871570,-0.2255418750808,-0.3055051272828,0.8450899953470,0.1574140002727,0.5038256191847,-0.1776656886914,0.3862224578749,0.0209477132791,-0.3696954587574,0.0143170938510,0.2587438332230,-0.0855703845542,-0.1047220235857,-0.0089374693085,-0.1708088561968,-0.3833039520727,-0.0550578955811,0.1579122508906,0.4612120068958,-0.0615124982603,0.0519456738727,0.2430483441487,0.1318538656356
-0.0537483646858,-0.3153772857210,-0.2153100857605,0.2798901048304,0.2721360558243,0.4550511329347,0.4590237907815,0.4291545620453,0.6319924001967,0.2742767494651,0.4462392478932,0.2606432081898,0.4945450446804,-0.0419305306937,0.1520558159152,0.7067983273704,0.6230455737831,0.6601311974654,1.0000000000000,0.5072515297741,0.4901554205504,0.0741201648424,0.1794959334915,0.5658386557161,0.2282098126863,-0.0788469283462,0.1508580918052,-0.0003076624179,-0.1097265660516,-0.2180080212350,0.5302298792328,0.0719673657942,0.3117615801579,-0.0555652109297,0.0153756781490,0.5818893183575,-0.0415442239302,0.0328106981860,-0.1807689874633,-0.0983572167556,-0.0053440664493,0.0948359146325,0.0202681574777,-0.1587775942788,-0.0213284706111,-0.0828859925003,0.0659143544691,0.1228705984016,-0.1753210380678,0.1283434194716,0.0686924324959,-0.2029484244750,0.3041332227554,0.1948497970020,0.4246739215232,0.2756029347976,0.4642751031546,0.4222096599297,0.4835374852983,0.6249529146775,0.2685234153857,0.4920092914599,0.2966749164421,0.4336984164464,0.0826397997135,0.0457171292821,0.7398178945765,0.5666811367163,0.8532405870922,0.4876282885389,0.5530553028818,0.0878571476364,0.5121257275124,0.2381866560360,0.5342819195276,0.0045187042880,-0.0841609911486,-0.0617008119593,-0.1747127791931,0.6909303870490,0.0342014721341,0.2729127632334,-0.2092188752129,0.3117104208337,-0.1094598204708,-0.2362913833593,-0.1103746361825,0.1389951159033,-0.1253714287088,-0.1318233129677,-0.1659280361345,-0.1503760567343,-0.2191756684527,-0.2133500864045,-0.0026232530958,0.2365865987646,-0.0915139436643,-0.0159529513100,0.0257972760736,0.0846746252002
0.0859552794314,-0.2116031174774,-0.0496801568008,0.1925820398052,0.2911097322021,0.5059742328669,0.4109113581191,0.7024434217720,0.7826116111775,0.2713995287700,0.3322156669451,0.1859846210473,0.5212009651663,0.0543597561400,0.0339325059501,0.5693462077045,0.5804612930925,0.6236339490980,0.5072515297741,1.0000000000000,0.3692122954785,0.1216774956790,0.1324732489761,0.5183097620054,0.7869888009576,0.1425236885419,0.6335155492500,-0.0716883464979,-0.1615484843774,-0.1269841983841,0.5140566317567,0.3104309614933,0.5649936791772,0.0361416713938,0.1380051080830,0.3215619171516,0.1812903385377,0.4796676833328,-0.0481697065683,-0.1539570850763,-0.0624503771507,0.1025422359800,-0.0227207062406,0.1433804433926,0.2318642489156,0.0782577054358,0.2597161137982,0.2149149922574,-0.0659267147844,0.1312968873800,0.1860676299498,0.0061175555888,0.3466900708839,0.2768311296468,0.5463568355364,0.2609944519768,0.6407410365670,0.6688052279920,0.7074664543230,0.7341427345669,0.3148325145716,0.4507952759878,0.2301110976254,0.4283945175331,0.0670778847200,-0.1082347369707,0.6445452138971,0.5860582983962,0.5445141844093,0.8558581032070,0.4228952701743,0.1563456910046,0.5460147506091,0.7238975838665,0.4823167745497,0.0764448871824,0.3469252727143,-0.2154598167216,-0.2639841397562,0.6653882185123,0.2798196166950,0.4545174142012,-0.0979004145374,0.3086222380094,0.1210832312734,-0.1289516608505,0.0794128939430,0.2490533122127,-0.1657432302820,0.2629642152815,-0.0402779122396,-0.0654484358961,-0.1063177614809,-0.0351316228763,0.1179911078465,0.2867207255185,-0.0052925361997,-0.0080798400829,0.0872680312571,0.0069793694518
0.0023783260083,-0.2557568156105,-0.1784346120719,0.2566838713820,0.1878875086634,0.2893186370233,0.3156362794312,0.2391993815452,0.3185897211387,0.3906401514536,0.3491202747673,0.5319892266363,0.2983914771083,0.0814333863579,0.0914928145071,0.4872779328803,0.3638745348027,0.3948825038161,0.4901554205504,0.3692122954785,1.0000000000000,0.3761828962565,0.5165117038449,0.6005047093006,0.1898389175225,0.1639845754065,0.2079679085918,0.1976778557870,0.0031971568181,-0.1447966741387,0.4984332325710,0.4543850160554,0.4427224348715,0.0152563756291,0.1836441509966,0.3038147297520,0.1163556989315,-0.0760706221163,-0.1399470387241,-0.2514454025328,-0.1783305793411,-0.1083353845249,-0.0539205581518,-0.2077601858332,-0.0579979195602,-0.2067437848305,0.0801533090655,-0.0563123547729,-0.0908281443096,0.2685228300470,0.1321534063470,-0.0716572038520,0.3043300082627,0.1404096041271,0.1941653853570,0.1650003038978,0.3962462596785,0.1678137497607,0.3164951695754,0.2655751364475,0.3034490566316,0.4127307465628,0.3753837100977,0.2683542981277,0.0452505982029,0.2145597869145,0.4279073136794,0.3119460654078,0.4599969924328,0.3747240763706,0.7237343861973,0.4967073774195,0.5498451524438,0.4132187760365,0.6596219108651,0.1430859907066,0.0405973665527,-0.0190446457824,-0.1127574230737,0.4573965892194,0.4395449007390,0.6118561981413,-0.1763335494073,0.0748522160689,-0.0270590763103,-0.2050038102929,0.0245009001159,0.0744458937430,0.0154432760763,-0.1523040600501,-0.1329889995626,-0.2105065759231,-0.2810968768446,-0.1245796829980,0.3090980100986,-0.0198722798303,-0.0709934006011,0.1326602013077,0.0867137666906,0.5755820613249
0.2908973575626,0.4082810245692,0.2501050450216,0.1490748795325,0.3100842110479,0.0553098274363,0.1404646601406,0.1280031627351,0.0583410768105,0.5247374904052,0.1741990283988,0.3517550867040,0.0336349641803,0.4594478947425,0.0322914140933,0.1346082408610,-0.0060939493053,0.0571196426754,0.0741201648424,0.1216774956790,0.3761828962565,1.0000000000000,0.4581498594551,0.2136281568373,0.0794598702180,0.0430839032046,0.0564680721760,0.3364945301080,0.4052079730880,0.2506815063846,0.0575928386356,0.2123284542641,0.0939031175034,0.1093935081002,0.0942907690448,0.0159281225964,0.0188055091039,-0.1193759483574,-0.1563278217103,-0.0852375896408,0.2734174246304,-0.0528879567602,-0.4364045122015,-0.0980859965974,-0.0055924121546,0.1888512579840,0.2354712252772,-0.1919383452092,0.3610445512815,0.0803862582849,0.3658983677456,0.4017537543594,0.2280820602424,0.0672245895219,0.1233176275823,0.0505614787693,0.0904164022860,0.0067698281286,0.1297098814202,-0.0004695819091,0.5078684479378,0.2016639320306,0.2292993253102,0.0093348108947,0.3685284825439,-0.0315534154729,0.1425846574221,0.0150476529130,0.0927735818955,0.0564538452859,0.3325573124169,0.6601262789124,0.2540287086953,0.3008035060432,0.2329190415868,0.0263558345703,-0.0202416825736,0.2280739644595,0.2524045662924,0.0949160687888,0.3305476334060,0.2452266220429,0.1385114313452,-0.1374510886346,-0.1212111893059,0.0159490980943,-0.0231758200394,-0.0601986776781,-0.2237084902425,-0.1872763731427,-0.1524994253280,-0.0108602781439,-0.1373369893565,0.2239261002995,0.4233528110348,-0.1474418442326,0.4513717447669,0.5852870303500,0.2560088665023,0.3349081189269
0.1735287496045,-0.1435484009622,-0.0026490968795,0.2950791734735,0.2649283741343,0.2798592484934,0.2004147287878,0.0523053346652,0.1663427764037,0.4304372781815,0.5025169086017,0.6970496418764,0.1559857652753,0.0323494821378,0.0840167053730,0.2473882170313,0.1149542890429,0.2015720077488,0.1794959334915,0.1324732489761,0.5165117038449,0.4581498594551,1.0000000000000,0.3853898642228,0.0786349288512,0.2932431961460,0.3403512220944,-0.0067430475778,-0.0985527980182,-0.2916424086508,0.1776515562031,0.4366009102274,0.2498023983187,-0.0135968381984,0.2196893138533,0.1107251336824,0.2160823325911,-0.1864989309156,-0.0650028442086,-0.1268605843349,-0.2382164984202,-0.0842749652949,-0.1037098908519,-0.1727282196419,-0.1804725667767,0.1583985127430,0.1641153674116,0.0315825407218,-0.0627196538502,0.1349327372505,0.2691341180929,0.0341211874177,0.2561929063452,0.2205122861807,0.1995076211240,0.1665144080272,0.1298801188588,-0.0845540362373,0.1450841094587,0.1078813457379,0.2924690925626,0.4717742961850,0.5374579267659,0.1557279765534,0.1948294505826,0.1287245574923,0.1922440403356,0.0902167728909,0.2021310026642,0.1556846996034,0.4232094240313,0.7344423135613,0.3843319538183,0.2955851992191,0.3010104552151,0.1949985641463,0.3090117150709,-0.1715907172614,-0.1629058940034,0.1724622266991,0.4604737677946,0.3720581328593,-0.2656895525587,-0.0171021241384,-0.1678741564787,-0.0885995829766,0.1477515050404,0.1102021211636,-0.0214962581449,-0.2470132225737,-0.0849429339531,-0.0614654801896,-0.2305931678437,0.1444409098714,0.1982010208260,-0.0100848870210,-0.0941522825243,0.0190735622171,0.2080240026092,0.5551092405768
0.1910434902072,-0.2908030220457,-0.0516236201138,0.3221797651179,0.4248341939924,0.4795223498641,0.4453782839101,0.2863605247671,0.5142115379922,0.3638111601663,0.5467138873649,0.4273619555264,0.3380837413628,0.0255028259314,0.1850102786173,0.5990227974098,0.4423418494943,0.5507867989223,0.5658386557161,0.5183097620054,0.6005047093006,0.2136281568373,0.3853898642228,1.0000000000000,0.2515747660233,0.1135975679577,0.3780337496960,0.1193353143777,-0.1059008331711,-0.2123809055682,0.6131804612452,0.2746806455638,0.2928817241902,0.0156489097751,0.4253637356344,0.5980338706376,0.5422171250237,0.0987934499716,0.1904066553979,-0.0895294194666,-0.0578711171941,0.0294839562757,0.1187375624148,-0.2595818326829,-0.1618435978077,-0.0742601760944,0.0198410554788,0.3457856417376,0.0222315627967,0.2292055425519,0.3080723342485,-0.0029163551929,0.3441295401225,0.3351229140450,0.4684597976518,0.3529226212153,0.4387962771951,0.2101205047296,0.4859627975932,0.4407246373074,0.3102030286997,0.5409171084268,0.4031868202279,0.2996425698473,0.0881978976031,0.3065335248815,0.5416785727179,0.4270628160017,0.5594716859852,0.4988544631881,0.5697151914909,0.4200486606948,0.8754805020048,0.4726116083069,0.5407806044867,0.1424852742686,0.2520904053253,-0.1239493960501,-0.2084625946818,0.5422526849073,0.3843405131542,0.3692293497458,-0.1403686142368,0.4104198110897,-0.0219013519260,-0.2173115200041,0.3830369432330,0.4605133881964,0.1237867386301,-0.0650532250069,0.2469678485428,-0.0380478490121,-0.3292529465961,-0.0288156026383,0.2269974434543,0.4083331268991,-0.0103914417476,0.0726818112545,0.2251942177510,0.4238369370995
