1.0000000000000,0.4606653511681,0.4552340559368,0.3423559414535,0.6409685298109,0.3546070036623,0.2311334023171,0.1807272633979,0.1212245447317,0.0108104824203,0.1093097029560,0.1505302574865,0.0833796961174,0.2032355816659,0.2228775458246,0.0237727645068,-0.0694370061085,0.0887267107150,-0.0546485806202,-0.2599759669503,-0.2761829932143,-0.1412394645341,-0.0733090857429,0.0474435827660,-0.3470372332870,-0.1505514942239,-0.3671461948118,-0.2129238543996,-0.2687444904422,-0.3125328579368,-0.3667282888356,-0.1790161042717,-0.3257377268445,0.0128866560063,-0.0653616760508,0.1604050252641,-0.1735068471877,-0.3193087811868,-0.1452086504160,-0.0341288522743,-0.3891312185961,-0.3941591690184,-0.3423734333550,-0.4074858390789,-0.2759627741020,-0.3454843228547,-0.3086655783418,0.2293508587916,0.0319015559280,-0.2719229882263,0.5843132504302,0.4666265388089,0.1831359102696,0.4563752264003,0.3773721483621,0.3398677387722,0.1478922703743,0.3621762779844,0.1408118873413,0.1215856761033,0.1853412100106,0.2042782864209,0.0581990358802,0.1402879580316,0.4190891571968,-0.0067599626166,-0.0513896160743,0.1697167401378,0.1166662825250,-0.1098051302099,-0.0609866403746,-0.1340172227774,0.1601060908787,-0.2562653044328,-0.2866066504999,-0.0353793553396,-0.3892794675680,-0.2123463769307,-0.2846143167293,-0.1338061797403,-0.0110677130660,-0.2202016473848,-0.2374650892831,-0.2790840260470,-0.2690868543095,-0.1311801935943,-0.1542393126933,0.0026629467189,-0.2842689664213,-0.3091955281604,-0.1379752022219,-0.0295947668522,-0.4395341787865,-0.3508599697524,-0.3103073380745,0.1552795173970,0.0470810136472,-0.0147337905197,0.0211995027778,-0.0117445156788
0.4606653511681,1.0000000000000,0.4583177490059,0.7684693836092,0.5600843016962,0.5697506296159,0.5518582235692,0.4255202341761,0.3663897736568,0.1441719008684,0.2722506898714,0.1465325698163,0.1303608243264,0.4863580476862,0.6341232654049,0.5148260235045,0.2641531311981,0.2980207399639,0.3677084795422,0.0234740143715,-0.3097712734635,-0.0221791605863,-0.2089604421228,0.3288072512663,-0.4094458877425,-0.2810040348256,-0.3334557020290,0.1511839400053,-0.0505593803083,-0.1026340087937,-0.0664088587423,-0.2960154239443,-0.2354985823800,0.0716697951267,-0.0077510407556,0.3052610182557,-0.1631226094800,-0.3154280616136,-0.0601764581294,0.1660504627909,-0.1067722121060,-0.3063097360714,-0.3773904391154,-0.2756297259046,-0.4357467360194,-0.3383515561435,-0.2408863120638,0.2530621129745,0.3602100492907,-0.1582380987094,0.7381011866794,0.8841483410436,0.6552019719368,0.6093864233736,0.5972784271461,0.5662827752208,0.0707417115821,0.4201140247780,0.2805648122920,0.2575300475225,0.0935944789021,0.2572535047586,-0.0151372345127,0.1054601746543,0.7467621180022,0.0331783232237,0.3698356355172,0.3153680803393,0.4034696658415,0.0460117465854,-0.2896147381587,-0.1742253097036,0.3148507032417,-0.4284246113331,-0.3390057013851,-0.2684864449888,-0.3808350198138,0.0844230948841,-0.0906871764508,0.0640399489366,-0.1923016103094,-0.3224343114504,-0.1120012338817,-0.4201278278464,-0.4877673772913,-0.1042247784074,-0.2710879522227,0.1170022381517,-0.4193076158970,-0.3491115196840,-0.1314287443940,0.1282942742844,-0.2791741518241,-0.2036863451269,-0.3069735877982,0.2536188302279,0.3828978335936,0.0149640910631,-0.0235561538378,-0.0859748201421
0.4552340559368,0.4583177490059,1.0000000000000,0.3976320527857,0.4967132914603,0.6413924315927,0.4894440328865,0.3575457481461,0.1901643502285,0.1685180064202,0.1808947886478,0.1316689164128,0.2663509397205,-0.0090218631281,0.0717138662871,0.1868731107669,0.0733319414050,-0.0638689867128,0.2139621353870,-0.1366909523475,-0.1440590801593,-0.1056048744119,-0.0765096707588,0.0614961302656,-0.1517162071353,-0.0011925787279,-0.1724946122590,-0.0771212322282,-0.1180291620727,-0.1492080703484,-0.1180150018023,-0.0681583315585,-0.2130706852325,-0.0749775606663,0.1250354171252,0.5118833931548,-0.0404540557400,-0.0777526593434,0.1214796156974,0.0013899797139,-0.1540916666831,-0.2157006469265,-0.0882270222300,-0.0833237395283,-0.1287196360855,-0.1607939858265,-0.1912162989997,0.4070408507767,0.1637684314268,-0.1385132144207,0.3808680827944,0.5944391463240,0.3417348795991,0.7857865667434,0.3875068213762,0.5860759195042,0.2008417804981,0.4200071518748,0.1255564894186,0.2719249179469,0.2968646325966,0.1188568574537,0.1195737960482,0.2698733909647,0.2067979189523,0.0997747822854,0.1444728995864,0.1071620894894,0.2007656635156,-0.0777059070851,-0.1448548896877,-0.1673668099740,0.0861476756778,-0.0744243326762,-0.2059941186403,-0.0672869446788,-0.2350434168321,-0.1410993859245,-0.1266380483669,-0.1082310159229,-0.0657495305127,-0.1072805866127,-0.2469205399543,-0.1137489115230,-0.1644272221203,-0.1858240231107,-0.1454018977746,0.2648697102033,-0.1907804142332,-0.1352517848836,0.0238109304682,-0.0049177779700,-0.1321801392084,-0.2529084639230,-0.2423579989267,0.2720547031849,0.0987159852788,-0.0341644205749,-0.0214025736156,-0.0638808465149
0.3423559414535,0.7684693836092,0.3976320527857,1.0000000000000,0.5979784551597,0.6161074760812,0.7603880444797,0.5546141336640,0.5090988278850,0.1968846629541,0.3742381594679,0.2363559474943,0.2424329700171,0.3690415531076,0.6160102415539,0.7278317507814,0.4966912429149,0.4051787360952,0.5875734522353,0.1667164634944,-0.2166442378832,-0.0568424244762,-0.1846425233606,0.4352726064333,-0.4129432071125,-0.2067249194057,-0.2923055950415,0.0303289325247,-0.1221687564280,-0.2306195913779,0.0515040175868,-0.1792411559682,-0.0807048997445,0.1257756587236,0.0630693259910,0.4514174046523,-0.2049827482025,-0.2757928034880,-0.1432017337576,0.0636087418162,-0.1474873327735,-0.2784714778095,-0.3756057924948,-0.2801940970141,-0.4831152790420,-0.4761884388659,-0.2741093738701,0.2283401834638,0.3138426677523,-0.1735777839387,0.7851076309158,0.8289698137435,0.8757003982394,0.6821894537489,0.7249209882928,0.7681888263461,0.2496513847937,0.5588807208828,0.4033980561581,0.3838533757297,0.1454313104652,0.3369303590610,0.0667656390265,0.2210563398450,0.6755276370998,0.0270283387261,0.6062864399622,0.5041893780933,0.6251858063838,0.2359479021733,-0.1881576901571,-0.1963890765119,0.4814076400613,-0.4070373156879,-0.2236648113182,-0.2050051987715,-0.3852762786394,0.0793485547471,-0.1524787421401,0.2464625333552,-0.1003552475551,-0.1534520918837,-0.2406466701669,-0.3460973185424,-0.5384670611843,-0.1159435187346,-0.3320053604600,0.1847805692819,-0.4630359300345,-0.2618971529001,-0.2657598645571,-0.0035930031361,-0.2527197565637,-0.3684243615858,-0.3845151529142,0.2413011941786,0.2805896996899,0.0156734202933,0.0096773646595,-0.1068517815922
0.6409685298109,0.5600843016962,0.4967132914603,0.5979784551597,1.0000000000000,0.6410309260493,0.4956772929773,0.3111900637799,0.3014626375369,0.1005768469832,0.3112791535910,0.2351726538225,0.1385594388633,0.2083391108762,0.2927884056163,0.3018729881722,0.1638970559810,0.3160779328605,0.1215493756907,-0.0491486782936,-0.2051820636368,0.0244913859225,-0.0338881837591,0.3236055570254,-0.3836828702618,-0.1813105850496,-0.2590281486937,-0.0827296020880,-0.0963390946555,-0.1434572061657,-0.1211843320774,-0.2110070827547,-0.2580945084287,-0.1353041161993,0.0285994431013,0.1563894761617,-0.0790044378156,-0.2923664395152,-0.1325889768989,-0.0046002494525,-0.1772328867613,-0.2463684259569,-0.4171580896936,-0.3301175725487,-0.3457453716351,-0.2921291159904,-0.2657939415296,0.3098749728109,0.3205572703027,-0.2323125566852,0.7630455102451,0.5730334731945,0.4586433569391,0.6627441634824,0.6160553987754,0.5082094781565,0.2482816709997,0.4274296904087,0.3544380876118,0.2594606229969,0.1834269408619,0.3728716043393,0.1366850967754,0.1999630973898,0.4326944587663,-0.1483051656156,0.1648753519171,0.3800727401039,0.2620095707855,0.0956064693726,-0.0485207500556,-0.0115087683406,0.3710686145858,-0.3199541864288,-0.2375832989939,-0.1605583814126,-0.3528565906047,-0.1161655757653,-0.1077171530775,0.0992627646505,-0.1229768335099,-0.1449639010584,-0.2327800733618,-0.4132955951282,-0.3533377094101,-0.1896033394390,-0.1512258706492,0.0337525040789,-0.4002299320040,-0.2834231117559,-0.1770434579600,-0.0422709987817,-0.3771798972582,-0.2994714118187,-0.3047820705930,0.2692240073567,0.2846152375985,0.0178748491310,0.0875951861205,-0.0329975386595
0.3546070036623,0.5697506296159,0.6413924315927,0.6161074760812,0.6410309260493,1.0000000000000,0.7041905007505,0.5169420372772,0.4785823160537,0.2516802151775,0.4898884577658,0.3843258100429,0.4201443483988,0.1057459634148,0.3900998393183,0.4863321196672,0.4090994783318,0.4322813793459,0.2899690829206,0.1379620818458,-0.1812071650280,0.0209408002567,0.0232083822735,0.4417527360806,-0.3241449461350,-0.1760945292102,-0.1184550730540,0.0234100179771,-0.1825277651015,-0.2674177116358,0.1121474095025,-0.0411149547226,-0.0035035092544,0.0075223377104,0.3088247585323,0.4140438944169,0.0776385405862,-0.1639053931984,0.1828715216495,0.1998718825302,-0.0758314906380,-0.1614574026002,-0.1835567698433,-0.2510032552350,-0.3018190122897,-0.2119370517724,-0.1227418841440,0.6436922312764,0.3732776689279,-0.1265013442000,0.6013218184755,0.6609837983847,0.5239190170483,0.8441523490061,0.8147377712350,0.5853968793544,0.3302255299219,0.4925961825628,0.3940393532743,0.4355208078561,0.2737116087150,0.4613516120365,0.2667291756366,0.4317485984043,0.3092282038321,0.0514986113876,0.3470871966779,0.5215835235747,0.3105525083261,0.2303359140074,-0.1466730983020,-0.0208437982693,0.4387384070708,-0.2575475470014,-0.1978952373557,-0.2542332526162,-0.2316779176866,-0.1461222348517,-0.2182208358203,0.2440831934490,-0.0515140569766,0.0455700817953,-0.2943799388126,-0.2736200986178,-0.3549345968399,-0.2105411886779,-0.0893458375343,0.2573082732672,-0.3416272508261,-0.2249338336711,0.0339363258137,0.1390723909783,-0.2613182868217,-0.2525584042489,-0.2651313592266,0.5899109099886,0.2332904171558,-0.0587559859990,0.0032423637224,-0.0702602839465
0.2311334023171,0.5518582235692,0.4894440328865,0.7603880444797,0.4956772929773,0.7041905007505,1.0000000000000,0.4918629169375,0.5197300580330,0.2332245319083,0.3288153295193,0.1736957306926,0.3321464904023,0.1475905409427,0.4338737932903,0.5555658240407,0.4666374119856,0.2284077339095,0.5226016327892,-0.0482555005364,-0.2111004000241,-0.0676344894526,-0.2279287647337,0.3114643597357,-0.2956290797267,-0.1175174294425,-0.2808729826988,0.0172888336959,-0.0380888890182,-0.1833489427565,-0.0070878442980,-0.1964414152207,-0.2069384396343,0.0593262631822,0.2503247752379,0.6089107938289,-0.0162521947618,-0.1794364397865,0.1290735788598,0.0540320160230,-0.0787169841939,-0.2230420982625,-0.2957068972316,-0.1350329337973,-0.4284211923232,-0.3766116856827,-0.3528270987697,0.3360216431202,0.2803736262357,-0.1440020142392,0.6132249568377,0.6823473506634,0.7233885775689,0.7642338892191,0.7486108473310,0.8581922977830,0.1995997302999,0.5310811362661,0.3116050211048,0.4828059307816,0.2418717265175,0.2282675287610,0.0768569871048,0.3125892121393,0.5309785744883,0.0909180841549,0.4540633972121,0.3996492900510,0.4499335188170,0.0217950430850,-0.2044069051880,-0.2577169716757,0.4099039089035,-0.2815390838784,-0.2642629847199,-0.2134490014682,-0.3503463540260,0.0407336811313,-0.0232775266997,0.1118397582079,-0.1794841872219,-0.1788405405647,-0.2420696013586,-0.2763807766750,-0.4384226265080,-0.1195912445593,-0.1290623179142,0.3374606254796,-0.3258097853096,-0.2181661118012,0.0247472118069,0.0557233926368,-0.0906586792557,-0.3156323211604,-0.4086250395189,0.3561682270394,0.2958164198208,0.0372419275954,0.0155371974724,-0.0677015866275
0.1807272633979,0.4255202341761,0.3575457481461,0.5546141336640,0.3111900637799,0.5169420372772,0.4918629169375,1.0000000000000,0.8026324009014,0.3211548925103,0.4762604196589,0.4866965673881,0.5250909683911,0.1371676026429,0.3328906684616,0.4906562851514,0.6344551990943,0.5008099463245,0.4844076903950,0.3692434176705,-0.0604404538753,0.1229589660410,-0.0422884433935,0.3603405838245,-0.0994583767262,-0.0718623035792,-0.1536550650907,-0.0452583072312,-0.2543630984636,-0.3420773765481,0.0433221883986,-0.0660709276634,0.0541814749089,0.0909626675187,-0.0182529432877,0.3010518528246,-0.0974994538414,-0.1383363503094,-0.1344751412493,0.0605621319745,-0.1376971456702,-0.1881723210612,-0.2820102206391,-0.1525533927970,-0.2713041163096,-0.2200414949783,-0.2346112540043,0.1822667511070,0.0497504115580,-0.2284762403423,0.4719112523760,0.5558807135810,0.4329902187386,0.5459038123941,0.5566982443182,0.4846554512355,0.6929144052099,0.8255560053952,0.5473684651331,0.6819685492262,0.3794865543389,0.4771383035668,0.2969724447016,0.5399256756126,0.3712048172883,0.0196818110661,0.4382103613357,0.6581789039750,0.5723675970149,0.4520603460888,-0.0203111495718,-0.0442632035121,0.5374026062376,0.0419859166028,-0.0655644354720,-0.1788846864666,-0.1602306099722,-0.1316743019122,-0.2999774570185,0.3754963555222,-0.0426758867412,0.1634001904182,-0.4161255221290,-0.2091324654591,-0.3087516860524,-0.2405687817672,-0.1969613729978,0.0828225973288,-0.3953972132042,-0.1817695650210,-0.1928632801505,0.1042231744572,-0.1758925734566,-0.2767618755811,-0.3555774423912,0.2347420471381,0.0505188787570,0.0184651231493,0.0276867296513,-0.0332224050189
0.1212245447317,0.3663897736568,0.1901643502285,0.5090988278850,0.3014626375369,0.4785823160537,0.5197300580330,0.8026324009014,1.0000000000000,0.3261336045366,0.5780120165155,0.5199630242625,0.5391615640741,0.0610806151917,0.3683978520667,0.4948085010567,0.6362817777261,0.5124074269631,0.4979969213480,0.4032594573470,0.0684683672489,0.1870283622951,0.0586747110261,0.5162430103326,-0.0838464857999,-0.0060385184716,-0.0617139416820,-0.0773997662396,-0.2089025614420,-0.3714666382955,0.1453147305282,-0.0284364181630,0.1450998943948,0.0106591196760,0.0217182225671,0.2283823466231,-0.0475342097064,-0.1963234868767,-0.1576386905627,0.0294475883042,-0.1145889558507,-0.0845284588312,-0.3213315496819,-0.1722839833142,-0.2943937330025,-0.1548539007018,-0.1491244761691,0.0816775032014,-0.0102350515637,-0.1129648773428,0.4648531618525,0.4764437562190,0.3876099562133,0.4679407435899,0.5651075669164,0.4350376901637,0.6369572985482,0.6700384992107,0.6749639666147,0.8790490015464,0.3492969292439,0.5548268152144,0.3808569260468,0.5549537764456,0.3258609239059,-0.0398991801212,0.3941159499443,0.6861896388944,0.5354291006018,0.5044935795216,0.1369561008340,0.1080856207781,0.7288166907724,0.0844047452879,0.0583697134236,-0.1278457713941,-0.0444912428787,-0.0909449273141,-0.2698839980971,0.4850112383170,-0.0201486649098,0.2593887357786,-0.3593376235384,-0.2383227155735,-0.2890541835543,-0.1894341387114,-0.0935619064299,0.0861559632907,-0.3198084895128,-0.1715581747550,-0.1803507494207,0.0429698727614,-0.1456106040483,-0.1634612973062,-0.1869073229988,0.1625902744155,0.0098883282096,0.0442362765368,0.1205228634135,0.1122052124406
0.0108104824203,0.1441719008684,0.1685180064202,0.1968846629541,0.1005768469832,0.2516802151775,0.2332245319083,0.3211548925103,0.3261336045366,1.0000000000000,0.4802400199456,0.4372125550883,0.4823273307339,0.1652755444819,0.2811012450279,0.1345240098850,0.2884574844117,-0.0275430605390,0.2931897805082,0.0358041608609,0.4315483120650,0.6389826434864,0.2187326099583,0.2176096514224,-0.0659335893408,0.0195401616211,0.0254803205147,-0.0658385752080,0.0419361684879,-0.1702078902051,0.1308542466919,-0.0306740908875,0.1138185304009,-0.0346039423892,-0.0456300877161,0.1336032530650,-0.0004501920258,-0.3165629610157,-0.1798295915641,-0.1023116672805,0.0387383237509,0.2058557538860,-0.2299986004834,-0.1832454684027,-0.3835004848735,-0.1284941718349,-0.1229267797611,-0.0874833670146,0.0557488227044,0.1835888328904,0.0911299570114,0.1540413141872,0.1820046166371,0.1946483157000,0.1391431284605,0.2395121936846,0.3031105829584,0.2395206004355,0.1236629252869,0.3217045638627,0.8115530330519,0.4132203453510,0.5656888741240,0.3453692865673,0.1850876995713,0.1456091971299,0.2531723711371,0.1729130961605,0.2898493146947,0.1006967820833,0.3584113295297,0.4601711779289,0.2463538966100,0.1971457289797,0.0135717404708,0.0658227343908,-0.0715144783301,0.1968311400046,0.0730958480557,0.1274151267192,0.2076484196467,0.3475012176257,-0.0570157140434,-0.0723262642108,-0.2713434844926,0.0424496374938,0.0716763595828,0.1829279025123,-0.1284776928425,-0.1697423968683,-0.1924024605462,-0.0371226482674,-0.0793321290551,-0.0163831709004,0.1350389376817,-0.0983969839995,0.0673582339722,0.5241299990392,0.6779190245695,0.4183094651613
0.1093097029560,0.2722506898714,0.1808947886478,0.3742381594679,0.3112791535910,0.4898884577658,0.3288153295193,0.4762604196589,0.5780120165155,0.4802400199456,1.0000000000000,0.7967472174794,0.6705116766449,-0.0617384344210,0.3953603533937,0.2886118367007,0.4645200923158,0.4788569814953,0.1960394305744,0.2370507097817,0.3426618912011,0.2979605690022,0.4879931104575,0.6099585940233,-0.2053067639261,0.0951814938247,0.1732855907344,-0.0116200330895,-0.0728280936628,-0.3064047031622,0.3084831858250,0.1063801927127,0.2114497291377,-0.1935800522774,0.2058587835277,0.0739951034346,0.1755537234194,-0.2969466330462,0.0466882146819,-0.0085543922124,-0.0983946605475,0.1066637895158,-0.1413045573566,-0.2060252737782,-0.2690842550630,-0.1057092889269,-0.0531114584225,0.2996526705046,-0.0081152864935,0.0292555181022,0.3161960066347,0.3654609980648,0.2512534107969,0.3902941856300,0.4628763282328,0.2270564727444,0.4800821028352,0.3286384736635,0.4734145174261,0.5047804591066,0.5620101944510,0.8544667870160,0.7223565450874,0.6469290129112,0.1601231814031,0.0629010247900,0.2522634939347,0.5863789430696,0.2910397660448,0.3190830088062,0.3309105385732,0.4460241720877,0.6110186843034,0.0304460098155,0.1389026010840,-0.0073593018623,0.0729748351818,0.0840227456848,-0.1127771691335,0.4567846402265,0.1582010634960,0.4057348084809,-0.3124469128535,-0.1376177895143,-0.2116386811286,-0.2684775951727,0.1594766609854,0.2071643167669,-0.1585063790589,-0.2442668595673,-0.0172088408806,0.0265376911930,-0.2172754984428,-0.1929435076237,0.0004981083888,0.3224679908544,-0.0544109034072,0.0883096157897,0.3178336121409,0.2962831187880
0.1505302574865,0.1465325698163,0.1316689164128,0.2363559474943,0.2351726538225,0.3843258100429,0.1736957306926,0.4866965673881,0.5199630242625,0.4372125550883,0.7967472174794,1.0000000000000,0.7160086161925,-0.0920657029205,0.2238298321778,0.1580703426403,0.5106017777026,0.4883290955568,0.0970108402248,0.2838996363573,0.3878281097219,0.3600649782954,0.6635375277979,0.5004699110746,-0.1901598329204,0.2979548997504,0.1407527294586,-0.0573076439007,-0.0523175853542,-0.2863616738612,0.2627969863694,0.2134674723736,0.2922458940614,-0.1595363615727,0.1138421345385,-0.0528671009022,0.0630105041137,-0.2259827819331,-0.1324135977601,-0.1042382649604,-0.1837663331443,0.1336812741827,-0.2590378571805,-0.1529269401152,-0.2018026144661,-0.1209171228675,-0.0454046736004,0.1630515758477,-0.0876785089100,0.0165238633383,0.2456310603490,0.2478966914687,0.1166829915038,0.2788586462850,0.3598191865803,0.0662009778882,0.5662367795107,0.3300632078304,0.4928947936770,0.4137277184837,0.5472070810556,0.7516177408196,0.7756026704069,0.6847174507588,0.1033883600948,-0.0542284578063,0.1163665478598,0.5905031845732,0.1900666011171,0.3732976366025,0.4016623966601,0.5337175555514,0.5391538958937,0.0976273681304,0.1747836373258,0.1468025157796,0.1281848628999,0.0400209306339,-0.1079660334840,0.4922506638966,0.2794524431259,0.5037065439603,-0.3894938102111,-0.1604258727165,-0.1372120790231,-0.1667492379053,0.1060501025521,0.0655702250014,-0.2054133570531,-0.1747258160876,-0.1499673170131,-0.0282301501153,-0.1928084034516,-0.1836168974656,0.0358064921383,0.1978851642654,-0.1207868511828,0.0595822881572,0.2990982586243,0.3153124278769
0.0833796961174,0.1303608243264,0.2663509397205,0.2424329700171,0.1385594388633,0.4201443483988,0.3321464904023,0.5250909683911,0.5391615640741,0.4823273307339,0.6705116766449,0.7160086161925,1.0000000000000,-0.1219695239047,0.1556117633139,0.1521471462918,0.5946178015758,0.2893484985797,0.1942071900753,0.1069057076283,0.2369514001854,0.2323355155050,0.3130187356654,0.2921282983757,-0.0958534693037,0.0822289237262,0.0454492265194,-0.0887048872191,-0.1643546352425,-0.3099601168385,0.2125360703104,0.1198363415811,0.2713159773837,-0.0154971823546,0.0581346934535,0.1504796577596,0.0290009638810,-0.2613232237519,-0.0397664300093,-0.0984296796418,-0.1207531703479,0.0888772772542,-0.1313293761070,-0.1390227495894,-0.2234267386809,-0.1538538773007,-0.0084639827934,0.1544372472911,-0.1341263534422,0.0492424487306,0.1638191774824,0.2756047794400,0.1562374687680,0.3782398337664,0.3592663513323,0.2644877722039,0.5148652963022,0.4114404542868,0.3453633531837,0.4884063494901,0.5973603520143,0.6249448184831,0.7999500390488,0.9287810393120,0.1044396978956,-0.0007972817899,0.1359861638488,0.5092413029480,0.1689977242783,0.1845665637380,0.2455434150446,0.2617777725563,0.3880754289789,0.1157244276821,0.0458484936183,0.0478923351120,0.0020664743233,0.0246744227302,-0.1893769824872,0.3145899380637,0.2030539979457,0.4636944054149,-0.3795735749235,-0.0976523764714,-0.2235589159865,-0.1616269526803,-0.0150478854404,0.1618015207416,-0.1635938272243,-0.1937418555264,-0.0832550860499,0.0185556623858,-0.1005841757467,-0.1938700463559,-0.0392776689226,0.1653799129861,-0.1521036709814,0.0525657538015,0.2154855155591,0.2212884819908
0.2032355816659,0.4863580476862,-0.0090218631281,0.3690415531076,0.2083391108762,0.1057459634148,0.1475905409427,0.1371676026429,0.0610806151917,0.1652755444819,-0.0617384344210,-0.0920657029205,-0.1219695239047,1.0000000000000,0.4497675817010,0.4088432865206,0.1624046107699,0.0435680326780,0.3760576064330,0.0323729622005,-0.1602439129505,0.0872397404390,-0.2627847510964,0.0932205407299,-0.1746599278777,-0.2030443637627,-0.2738265116945,0.2741229244447,0.2292243526254,0.3629985720634,0.0346802036292,-0.1809422601372,-0.0727163604672,0.1885161678553,-0.1732250736297,0.0946935498673,-0.3001511141811,-0.1716880081724,-0.2387201899336,0.0077801041103,0.1260795452176,0.0373960745638,-0.2145237798708,-0.1467238457433,-0.3058802327229,-0.1304497365554,-0.0533821027087,-0.1142449471910,0.4824826876297,0.1052839466078,0.3370742083765,0.2890708487985,0.4140831665880,0.0491393093406,0.1433409267813,0.2482537274214,-0.0591510410967,0.1239490105764,-0.0599161508735,0.0362650097374,-0.0449343627783,-0.0308916881821,-0.1210941878603,-0.1414158749305,0.5920215034556,-0.0516353470134,0.4584941005114,0.0773816213741,0.3524152453790,-0.0110706547506,-0.1942560657234,-0.1030376396429,0.0007197334112,-0.2800156199307,-0.2598190098816,-0.1069338214402,-0.3579551516085,0.2540780270024,0.1780689469097,0.0033027573278,-0.0554953909813,-0.2605463033183,0.1783120867455,-0.1885415681138,-0.4487497769739,0.1823113174586,-0.3534896482716,-0.0189281558480,-0.3510444830257,-0.1527234299986,-0.3096445105010,0.0139623153431,-0.1453405105884,0.1272686371835,-0.1465649741328,-0.0890616548827,0.5263843113283,0.2223954503121,0.0800564429594,-0.1586301146043
0.2228775458246,0.6341232654049,0.0717138662871,0.6160102415539,0.2927884056163,0.3900998393183,0.4338737932903,0.3328906684616,0.3683978520667,0.2811012450279,0.3953603533937,0.2238298321778,0.1556117633139,0.4497675817010,1.0000000000000,0.5171384793127,0.2994538241105,0.3036414990281,0.3986155018042,0.1735599602091,0.0418179955629,0.0296547913029,-0.0548692565469,0.4348512428164,-0.3314981982995,-0.2167691690952,-0.2266101569153,0.0821996436590,-0.0407620576816,-0.1467189826465,0.1359030148397,-0.1473919433749,-0.0026475095644,0.0249818521898,0.1632084361661,0.2786751706704,-0.0673361964520,-0.3331768939149,0.0774456893200,0.0666609048985,0.0075147553582,0.0047259456018,-0.1389014982829,-0.2512486267714,-0.4054201701228,-0.3516339784076,-0.1700788328222,0.2295582418249,0.2773565510225,0.2636420573017,0.4193262441677,0.5549948531433,0.5460667254171,0.3139468245462,0.4564013977015,0.4163686430475,0.1187200248270,0.2973727271823,0.2573149752811,0.3192627501974,0.1607656406519,0.4070219372995,0.1298351793514,0.1091244143035,0.6238854372220,0.3580810471845,0.4447379128657,0.3455149672564,0.4796473838066,0.1941825902964,-0.0144736000682,0.0160639348506,0.3947160580274,-0.2821575076676,-0.1538676427980,-0.1886465881244,-0.2932255844614,0.1805015349100,-0.0636927516229,0.1918347786280,-0.0929521799119,-0.0573072340916,-0.0151875923170,-0.2468578477637,-0.4055485575652,-0.1068239432798,-0.1257185895004,0.2553794712284,-0.1643182742018,-0.2931612272223,-0.0143310572223,-0.0141792230112,-0.1579581890206,-0.1673640943312,-0.1800734545479,0.2837119676255,0.2812584031318,0.1414334888149,0.2152610745259,0.2629738698080
0.0237727645068,0.5148260235045,0.1868731107669,0.7278317507814,0.3018729881722,0.4863321196672,0.5555658240407,0.4906562851514,0.4948085010567,0.1345240098850,0.2886118367007,0.1580703426403,0.1521471462918,0.4088432865206,0.5171384793127,1.0000000000000,0.5988781161257,0.5123959336650,0.7463224495365,0.4615676724151,-0.0708571909587,-0.0873093319806,-0.1362600111969,0.4967413289724,-0.2496910925481,-0.0704481736661,-0.1342330221827,0.0870945132237,-0.0783241643591,-0.0336975487233,0.4742186970403,0.1112257877132,0.2352804120953,0.1200598334124,0.2513186653725,0.4928743645559,-0.0762054599729,-0.0456692289827,0.0228050208761,0.0411987427770,0.0286764095269,-0.0337153348308,-0.0717567026962,-0.0931548254550,-0.1966242255542,-0.2396913937495,0.0231406745276,0.2396676922802,0.3069024671746,-0.0073684555666,0.4765598867931,0.5261405434293,0.7705500337242,0.4269765129827,0.5254218183482,0.5411318560184,0.2154165651789,0.3888433087206,0.4549636320804,0.4195552782831,-0.0609774132650,0.2058304927881,-0.0543839875441,0.1119945700366,0.4133529575299,0.0321041003065,0.8647363814388,0.5417841836205,0.6307300335460,0.4443140055591,-0.1772361213329,-0.1773235439541,0.4121043787400,-0.3406042260989,0.0155926729699,-0.1377673817264,-0.2510164251430,-0.0152805254679,-0.1322554659442,0.5346401023492,0.0004860046058,-0.0576117670861,-0.1231154907093,-0.1800072472110,-0.3822993651938,-0.0190147800053,-0.2419676447196,0.2441029277743,-0.3777208874898,-0.0862002655037,-0.1763134679845,-0.0593030724521,-0.1016092526143,-0.1893541365941,-0.2434747307133,0.2738883617833,0.1975343079423,-0.1204205648452,-0.1105227864693,-0.2254236444763
-0.0694370061085,0.2641531311981,0.0733319414050,0.4966912429149,0.1638970559810,0.4090994783318,0.4666374119856,0.6344551990943,0.6362817777261,0.2884574844117,0.4645200923158,0.5106017777026,0.5946178015758,0.1624046107699,0.2994538241105,0.5988781161257,1.0000000000000,0.6078049131208,0.5345832492688,0.3418860182220,0.0859557529139,0.0951721669087,-0.0190804885485,0.3381482648114,-0.1589402553870,-0.0092610011085,-0.0850718443363,0.0654547910958,-0.0246648316322,-0.1652279553472,0.3310745953975,0.0473969721065,0.3456347962231,0.0855165866226,0.0146408165686,0.2080084510972,-0.0787823092401,-0.1007835897158,-0.0972889130723,-0.0005808209940,0.0670787298658,0.0392518515066,-0.1946195805768,-0.0058248214110,-0.2860930300114,-0.2585305153560,-0.0593100280032,0.0962901567020,0.1119488399010,-0.0297330193957,0.3395375687524,0.3508305895413,0.4778389962554,0.3095142545215,0.4935699443802,0.3622287281428,0.5162039062850,0.5288589741746,0.4408117050954,0.5250794034808,0.2457647468107,0.4023697665397,0.3386124183709,0.5499827967049,0.2868947444822,-0.0467452057785,0.5059504465667,0.7795857761576,0.4512517948369,0.4042502184377,0.0672450016876,-0.0257235387405,0.3965557932760,-0.0961448376374,-0.0195576162473,-0.1491602470974,-0.0931731774087,0.0856320184442,-0.1110044340651,0.5241398011533,0.0264972063012,0.3470347117064,-0.3216337034029,-0.2465445554698,-0.3613907920028,-0.1439499317316,-0.2082087079070,-0.0238748604998,-0.3363126561652,-0.1490070703935,-0.1661024011857,0.0410449740752,0.0048148340180,-0.1775296057093,-0.2329932284848,0.1636475393256,0.0847024608255,0.0140664588280,-0.0141686982072,-0.0531350561976
0.0887267107150,0.2980207399639,-0.0638689867128,0.4051787360952,0.3160779328605,0.4322813793459,0.2284077339095,0.5008099463245,0.5124074269631,-0.0275430605390,0.4788569814953,0.4883290955568,0.2893484985797,0.0435680326780,0.3036414990281,0.5123959336650,0.6078049131208,1.0000000000000,0.1274380039667,0.4954706920815,-0.0578032745425,0.0150543383899,0.1573718659547,0.5867395978984,-0.3001445858570,-0.0791268880205,0.0434356684481,0.1132124964648,-0.1544604032396,-0.2206364921358,0.3419252963879,0.1290450821315,0.2629377424148,0.0425981662769,0.1587990844896,-0.1083135058599,0.1855588885756,-0.0310964247459,0.0586638192958,0.1986783899837,-0.0130103265537,-0.0311127821261,-0.1828593998754,-0.1840142018780,-0.0486224090594,-0.0956956941988,0.0890684167511,0.3384984765490,0.0844937431220,-0.1481880961759,0.4012836233793,0.3145397889174,0.2452576898886,0.2714043003473,0.5360238244922,0.0519720935112,0.4220702959554,0.3599181848759,0.6705694132421,0.3205995390030,-0.0667250856388,0.5167325130547,0.1715946752863,0.3441035390888,0.1590138350689,-0.1891315235008,0.2930126368924,0.8062738585294,0.2316722740428,0.5537517997390,0.0121890278251,0.0371685430956,0.5579335453000,-0.2552254610281,0.1132749556887,-0.1964688571848,0.0321035107732,-0.1695219126358,-0.2955785711265,0.6659341032932,0.0107281915935,0.1772935774279,-0.3130791294675,-0.3316879786997,-0.1503184469019,-0.2528916955507,0.0676743645832,-0.0809383926865,-0.3139285335578,-0.1383194023177,0.0048715288519,0.1737497085921,-0.2882041171327,-0.1889946034836,-0.2136646805838,0.3836213566237,-0.0607320398837,-0.2609665556719,-0.1164871585619,-0.1180994228251
-0.0546485806202,0.3677084795422,0.2139621353870,0.5875734522353,0.1215493756907,0.2899690829206,0.5226016327892,0.4844076903950,0.4979969213480,0.2931897805082,0.1960394305744,0.0970108402248,0.1942071900753,0.3760576064330,0.3986155018042,0.7463224495365,0.5345832492688,0.1274380039667,1.0000000000000,0.3110148398419,0.0719603051869,0.0115506713781,-0.1266104888314,0.2964867773257,0.0283548578051,0.0139000958156,-0.0977881468742,0.0368727014577,-0.0251802938885,-0.0570867792910,0.3110712444763,-0.0152540187385,0.1379042401380,0.1100295011913,0.1536771229698,0.6373331569717,-0.1118092434552,-0.1053966362346,-0.0268490142291,-0.0070994955197,0.1023710556317,0.0751138788304,0.0001078124458,0.0655789172004,-0.3126020203962,-0.2138096756160,-0.1096397816599,-0.0033384613658,0.1942141453226,0.0960184102011,0.3244228921725,0.3889113324169,0.6838799239206,0.3178586037533,0.3003758384132,0.5927577504346,0.2147727688652,0.3720090734093,0.2022783755312,0.4909067626729,0.1382442839218,0.0559882350453,0.0000627132518,0.1115315904949,0.3581859918595,0.1737872530585,0.8026217707148,0.3053781055460,0.7804273249303,0.2886354311320,-0.0874436925202,-0.1282168555885,0.2667416680231,-0.0163947950131,0.0316154411080,-0.0529370993410,-0.1496122770796,0.1601915504207,-0.0141315450375,0.3163063657553,-0.0513116608604,-0.0179364820301,-0.0060824241529,0.0669361253569,-0.3823683690062,0.0922613544350,-0.2086052669757,0.2837123554929,-0.1734204938879,-0.0499557075856,-0.1658635071859,-0.0538033022478,0.1511777727744,-0.1311185253352,-0.1907395489345,0.0243299854939,0.1735073546916,0.1015679407035,0.0511379697427,-0.0762847480014
-0.2599759669503,0.0234740143715,-0.1366909523475,0.1667164634944,-0.0491486782936,0.1379620818458,-0.0482555005364,0.3692434176705,0.4032594573470,0.0358041608609,0.2370507097817,0.2838996363573,0.1069057076283,0.0323729622005,0.1735599602091,0.4615676724151,0.3418860182220,0.4954706920815,0.3110148398419,1.0000000000000,0.2531108353001,0.0932502652666,0.2873892294610,0.5403778950383,0.2184716609374,0.2050840054630,0.3754263227176,0.0310937425145,-0.1748682358350,-0.1216670679665,0.5995086795042,0.4111640090534,0.5513602640959,0.0571333005807,0.2765884529815,0.0202106926872,0.0912233628333,0.3581479437275,-0.0548359833603,0.0487977085999,0.0134194221394,0.1597017462125,0.1481069554816,0.0794282656233,0.2888691258652,0.1347870683650,0.3055186826831,0.0871529827780,0.0107664184843,0.0957570085072,0.0199576137394,0.0327114170915,0.1574656532439,-0.0237758438475,0.1267352573576,-0.1427117394957,0.3559709750318,0.1026293387481,0.4205479013125,0.2441324257612,-0.1397189895514,0.2318394760023,0.0677053719987,0.0842113532969,-0.0986039448192,-0.0058160363021,0.4316505972389,0.3592630130892,0.3466477448795,0.8366886394208,0.1283284502185,0.1867282016279,0.4204563123753,0.2333112889363,0.4159418657505,0.0718659350122,0.3370187360712,-0.1197164099722,-0.2081982853013,0.6280906353114,0.1693866268941,0.3659189355044,-0.0714110562853,0.1513300929971,0.1799179044727,0.0102076031108,0.0284383596271,0.1471662777611,-0.0666069019096,0.3737802755502,-0.1545221723768,-0.0530525178394,0.0557066454703,0.0138984020900,0.0894860671702,0.1596745188320,-0.1391829931291,-0.1780657547139,-0.0017728906513,0.0290181609968
-0.2761829932143,-0.3097712734635,-0.1440590801593,-0.2166442378832,-0.2051820636368,-0.1812071650280,-0.2111004000241,-0.0604404538753,0.0684683672489,0.4315483120650,0.3426618912011,0.3878281097219,0.2369514001854,-0.1602439129505,0.0418179955629,-0.0708571909587,0.0859557529139,-0.0578032745425,0.0719603051869,0.2531108353001,1.0000000000000,0.3783629606009,0.5949998799547,0.3536532002196,0.2549522503211,0.4580395282644,0.4722791111750,-0.2313361520622,0.1521729379954,-0.0634818718593,0.4403437951166,0.3083862766908,0.4367291865771,-0.3084628122596,0.1373381725122,-0.0833683325070,0.2811424156062,-0.0543624294185,-0.0391248125996,-0.3236797892750,0.0799417816165,0.4962324008617,0.1184318139940,0.0225428208943,0.1029212250543,0.1683627201852,0.1232580320875,-0.2483807793797,-0.2935631718602,0.5018011359515,-0.3612282449830,-0.3146142249093,-0.1719318300789,-0.2166687319685,-0.3234754916302,-0.1923942604149,0.1350170292959,-0.2151630700907,0.1154925738771,0.1146219292367,0.4125533727366,0.3041227005933,0.4537128819853,0.1162052750643,-0.2803146220865,0.2150171173235,-0.0020816378252,-0.0361921654094,0.0457166041539,0.1864269452509,0.7903989155317,0.6482757956955,0.2283670325707,0.5126136976452,0.5025732539941,0.4314019815146,0.3863958712950,0.1340744394013,0.1506248597741,0.3221751875159,0.3030291450727,0.4987532867240,0.0842735621844,0.2080078842897,0.2453988711937,0.0539193650144,0.4163724773839,0.2288131450192,0.3687844325113,0.1416421957139,-0.0138883750908,-0.2564332096974,0.1080670195342,0.0580286270030,0.4298933047729,-0.2383903205855,-0.2839921284756,0.3286049081393,0.5634467446878,0.6758575538139
-0.1412394645341,-0.0221791605863,-0.1056048744119,-0.0568424244762,0.0244913859225,0.0209408002567,-0.0676344894526,0.1229589660410,0.1870283622951,0.6389826434864,0.2979605690022,0.3600649782954,0.2323355155050,0.0872397404390,0.0296547913029,-0.0873093319806,0.0951721669087,0.0150543383899,0.0115506713781,0.0932502652666,0.3783629606009,1.0000000000000,0.3264827556039,0.1691202420658,0.0064195130138,0.1229486293992,0.1794612910283,0.0391569745847,0.1958361619481,-0.0434887783980,0.0764768741650,0.0211973290160,0.0944532891191,0.1106003546756,-0.0870605023753,-0.1921314304576,0.0243995294129,-0.1593636478762,-0.2499818018891,0.0447277220137,0.1973340561099,0.1856670318976,-0.2572755829584,-0.1078930395988,-0.2073184112586,0.2361713037468,0.0634539367775,-0.2012366056900,0.1324774381573,0.0489797869546,-0.0229304828394,-0.0767482203096,-0.1091495847885,-0.0706748371880,-0.0795303696880,-0.1523087217786,0.1401466005117,-0.0136670175704,0.1093250128930,0.1154789604710,0.5203541613402,0.3060613789486,0.3934297068960,0.1417093466106,-0.0084328907858,-0.0992851522754,-0.0271044739910,0.0273900019282,0.0085134642335,0.0613414839958,0.3991820649837,0.6032817748862,0.1645189783552,0.2193209427814,0.1097564345758,0.1320275283536,0.1536959654717,0.1183267667501,0.1623781994493,0.1072626411617,0.1870170276209,0.2356091194281,0.0664097116152,-0.0558844634617,-0.0514936299865,0.1986553803816,0.1786242516412,-0.0067943187451,-0.0509853133849,-0.0315180889905,-0.1967633454172,0.1171845130923,-0.0455399637581,0.2061786589881,0.2761794845182,-0.2207657237646,0.1000452495652,0.5479179037449,0.4759086196358,0.3388988947561
-0.0733090857429,-0.2089604421228,-0.0765096707588,-0.1846425233606,-0.0338881837591,0.0232083822735,-0.2279287647337,-0.0422884433935,0.0586747110261,0.2187326099583,0.4879931104575,0.6635375277979,0.3130187356654,-0.2627847510964,-0.0548692565469,-0.1362600111969,-0.0190804885485,0.1573718659547,-0.1266104888314,0.2873892294610,0.5949998799547,0.3264827556039,1.0000000000000,0.4016778752307,0.1238570814786,0.5870578446426,0.5529398738034,-0.0601358311083,0.0233381715849,-0.1287434242576,0.3584899640338,0.5142274889139,0.4065189720072,-0.2325704601736,0.2352745786789,-0.1971046618690,0.3334176602310,0.0307054394345,-0.0043225472094,-0.0927455107154,-0.1293954351574,0.3613713903392,0.0581453231199,0.0839612386122,0.1180020886054,0.2721299468214,0.2154642672659,-0.0100696041502,-0.3164597683139,0.1813000340065,-0.1586832494645,-0.2109327965083,-0.1992086006641,-0.1127050692395,-0.1399186105805,-0.3220045106838,0.1424787964513,-0.2565936383226,0.1314677218271,0.0277887373388,0.2589411728294,0.4171983426946,0.5433598505991,0.2323771149090,-0.2709373444135,-0.0083915246768,-0.1028543705991,0.0419570740939,-0.1180273071980,0.2355045509767,0.4807396396218,0.7159081296482,0.2829491413529,0.3526376037939,0.3964566165397,0.4662687771142,0.5193201674878,0.0336472875497,0.0061694873723,0.3253369171206,0.4294349222815,0.4615038165203,-0.0988548221186,0.1981218521390,0.2383731351203,0.1330125367547,0.4433785982014,0.1005104497880,0.1654116683537,0.1565096523541,-0.0111222697735,-0.0904991915477,0.0634566181374,0.0109802863690,0.3977210717276,-0.0447004386941,-0.3597112996925,-0.0197126030709,0.3379887228797,0.3901301912670
0.0474435827660,0.3288072512663,0.0614961302656,0.4352726064333,0.3236055570254,0.4417527360806,0.3114643597357,0.3603405838245,0.5162430103326,0.2176096514224,0.6099585940233,0.5004699110746,0.2921282983757,0.0932205407299,0.4348512428164,0.4967413289724,0.3381482648114,0.5867395978984,0.2964867773257,0.5403778950383,0.3536532002196,0.1691202420658,0.4016778752307,1.0000000000000,-0.2335213801859,0.1091096970943,0.2343696716811,0.0341165281091,-0.0886957021230,-0.2346515635232,0.4745948298026,0.1500765262286,0.2236657357032,-0.0993710699781,0.3485609185861,0.1213220666096,0.3241926460329,-0.1448865898999,0.1099557450146,0.0808098772240,-0.0944590653509,0.0877900691704,-0.1665410947447,-0.2710995292692,-0.2197929647969,-0.0562839924036,-0.0154255250098,0.2749597169254,0.0513137954382,0.1138173199640,0.3467769225641,0.3464776298315,0.3382045305466,0.3427517945664,0.4174938401812,0.2168450869466,0.3294960415872,0.1733575932822,0.5684796198944,0.3764470352735,0.1657743311724,0.6024832545518,0.3056009486381,0.2673510560859,0.1701739878598,0.0726610214194,0.3673656668968,0.4952812001976,0.3934650449893,0.5540224752579,0.2818195142651,0.3425779907165,0.7651167415204,-0.0090266171636,0.2329719402996,0.0566812186262,0.1225346112802,0.0183980571885,-0.1428454128586,0.5959152128115,0.1279225060742,0.2147887983393,-0.1385626893330,-0.1885583780284,-0.1501161864140,-0.0761469383981,0.2932312524428,0.3207426241180,-0.1271022714448,-0.0739905459141,0.0165126340497,0.0535702974100,-0.2109810973248,-0.1356869222967,0.0067039852141,0.2997263342353,-0.0781142331230,0.0147635316753,0.2979090576454,0.3039632457000
