1.0000000000000,0.6025036650268,0.6112233477138,0.6379120996664,0.8118875949084,0.5986057778567,0.5538962560926,0.2944158405897,0.2790396450960,0.4374676274868,0.5824606111592,0.5259516474041,0.3685368138533,0.5357710825259,0.6363905452137,0.4725838036784,0.4061530741710,0.4774515135937,0.2122254023314,0.0970690860151,0.4371425227211,0.1964729528950,0.4305777423734,0.5419109403976,-0.1691154240682,-0.0224122824447,0.2413487266364,-0.1760524211490,0.1107876702844,-0.1028943268644,0.3780195359641,0.1739209203984,0.1406934744116,-0.1475197337610,0.4894804444560,0.3369570722665,0.3641117127780,-0.3498738583104,0.1950173070750,0.0740828391817,0.0745164528649,0.3508207085834,-0.0937655066004,-0.4393344233053,-0.4152875331956,-0.1247779774834,-0.1137566501331,0.3823159433232,0.3053757908345,0.4094607167131,0.6953669837329,0.6056530976839,0.4907166034064,0.7027967248904,0.5327997413273,0.4842384098260,0.0477978494912,0.2824613626194,0.3982127096063,0.1171451357769,0.3255137916086,0.5188705097269,0.3737303065625,0.2448436195667,0.4680012855357,0.1332214164065,0.0583810146857,0.3664080254085,0.2483449531568,0.1256992190248,0.2280662625286,0.2431309117061,0.4737197901480,0.0267776466065,0.0666798681912,-0.3140824983987,-0.0657416519255,-0.0258803835312,-0.1465906042960,0.3580392399426,-0.0372510125929,-0.0073984345255,-0.2859457168354,-0.2634369221889,-0.4974523957132,-0.2048774087956,0.3294442542915,0.2793881385027,-0.2381512447513,-0.4353280423944,0.1622019137195,-0.0090063089979,-0.4921207502278,-0.3065015473353,-0.2811905217416,0.3399780325569,0.1651321683571,0.0041420418276,0.3009727057054,0.2766457710719
0.6025036650268,1.0000000000000,0.6589424067782,0.7819395855368,0.6907028300688,0.5367396812423,0.6690815351022,0.3318861254828,0.2927487571924,0.5095872819038,0.4712367794174,0.2988629506266,0.3737433555320,0.5743237442645,0.8027621279371,0.5378349183370,0.3838494635537,0.3132962780265,0.1310291623337,0.2083224537941,0.3221940608564,0.3298525695541,0.2509863449928,0.3878124796744,-0.1226701354752,-0.0192212336374,0.2434875483740,0.0775410032121,0.3370551036808,0.2274899737888,0.3678824452856,0.1398941097331,0.1409389037569,-0.1482342051732,0.3936767305037,0.3189210324843,0.2742919462799,-0.0384818981633,0.2362390983235,0.2168714764037,0.3322157649830,0.4446200572844,0.0584912514003,-0.0648468029723,-0.1430574922086,-0.0919388292558,-0.0015947107525,0.3795176923741,0.4151311420833,0.4460465133071,0.5584730509366,0.7478794790404,0.4693636839071,0.5354601014700,0.4590602887543,0.4065346154502,0.0353114387997,0.2247136891695,0.4256198196626,0.0977131224590,0.2105029121309,0.3803908076941,0.2603045067965,0.1835299340832,0.5671965495532,0.0554290624386,-0.0933031923441,0.1947054650071,0.0501168459967,0.0559450684276,0.0028556700357,0.0102890128668,0.3170947355045,0.0037058858141,0.0383034194054,-0.4827305972828,-0.1553089106059,0.2382460939046,0.0540037205916,0.1585610845681,-0.2969013125832,-0.1216369724335,-0.2712304946481,-0.3450994352564,-0.4580334102731,-0.2521325753021,0.2197602594451,0.0736232981127,-0.2941594717855,-0.2884711608792,0.1517266991159,0.1629237126515,-0.1747934106548,-0.2717148368903,-0.2888149282278,0.3475322757192,0.2769826664014,-0.1514543220794,0.1506251963988,0.0996010001710
0.6112233477138,0.6589424067782,1.0000000000000,0.5694297533164,0.6136980682635,0.6237958427706,0.5286664411474,0.3404650018826,0.1486613912941,0.3967129853561,0.3204238136243,0.3139715424621,0.2250712457783,0.4595124670969,0.5208747355779,0.3337581896266,0.2807889235271,0.1138270209755,0.2287214848643,0.0287992759604,0.2793480413028,0.2121095249115,0.2634710654411,0.2352764539106,-0.0814123620453,0.0416571310494,0.1006672466140,0.0775701061571,0.2213975811198,0.1135144142778,0.1841985005360,0.2041531018184,0.0961448775837,-0.1159822309179,0.4130946428463,0.5457463243829,0.1865860331403,-0.1119013297037,0.2822889851981,0.1679425144082,0.1338321806510,0.1351414527492,-0.0439240316459,-0.1227891784984,-0.1793745482771,-0.1131916302275,-0.0825076559498,0.5000939250151,0.3253500497430,0.2433646590182,0.5125894028470,0.7075769185530,0.3519027826503,0.7170472020087,0.3866387526667,0.5306521135030,0.0430018458638,0.3569509804347,0.1557687265306,0.1284099557983,0.2340128102993,0.2757248606599,0.1988203405572,0.0770745834221,0.4625748500333,0.1553974936596,-0.0584414430302,0.1500548096719,0.2053332922096,-0.0855643811310,0.0720042318798,0.0617930690515,0.1219375875328,0.0257164274235,-0.1699013232658,-0.3255693078425,-0.2694107604178,0.1817828091122,0.0801215006848,0.0294462523219,-0.1353454770072,-0.0757590297269,-0.2571827510227,-0.3099248114962,-0.4165744174049,-0.2097470060798,0.1150304354294,0.2234142901246,-0.3673009960371,-0.2655089336352,0.1622178776486,0.1701774979591,-0.1572755269939,-0.2317951492719,-0.3158349835363,0.4820562977533,0.2604658403906,-0.0278218010519,0.0160858474239,0.0640949329096
0.6379120996664,0.7819395855368,0.5694297533164,1.0000000000000,0.7273981319130,0.6479902488472,0.8747108498442,0.4558738630527,0.4648822487903,0.4730507190494,0.5769732490562,0.3017729118551,0.4729684095544,0.5418477604090,0.8258881678182,0.7462022696414,0.4955124044986,0.3287419348642,0.3923762648890,0.2415238562671,0.2980900844700,0.1548395979058,0.1618282149478,0.4689538269463,-0.0707585370170,-0.1400643563842,0.2248296317654,0.0278990311050,0.1087316244200,-0.0558412391094,0.3178905756583,0.0218490046040,0.1595069381763,-0.1326869538238,0.4822874692203,0.4913284381292,0.2442438731967,-0.1883628074330,0.1830641519142,0.1767493835139,0.1268997088884,0.3026059214780,0.0884904224167,-0.1739034229926,-0.3241063595815,-0.2192890402990,-0.1791239652187,0.3879900291176,0.3245616287194,0.3472490684646,0.6779419176952,0.7713136116184,0.7819714551535,0.6949584430582,0.6680668530788,0.7184398764358,0.0562068424253,0.3477257324269,0.3999156723829,0.2600177647826,0.2711416606019,0.5276882469968,0.2855393897517,0.3604112715578,0.6066291676639,0.1646420761001,0.2401438048467,0.3302851388511,0.3133991209895,0.1500247390423,0.0104796875688,-0.0231082973377,0.4377405892179,0.0339457968783,0.0720141693808,-0.5190503897536,-0.1439909201512,0.1535144317981,-0.1707911986068,0.2803707461465,-0.2446673147154,-0.0475740099402,-0.3481947445182,-0.1767302022310,-0.5771128334181,-0.2986713006002,0.1490344990719,0.1775458662373,-0.2534447930656,-0.3884085306641,0.0827729944012,0.0790858683957,-0.3179522549232,-0.4109209265999,-0.3426781226579,0.3450527792565,0.2225207404082,-0.1062766311477,0.1547227892668,0.0984514459300
0.8118875949084,0.6907028300688,0.6136980682635,0.7273981319130,1.0000000000000,0.7781633217548,0.6873644284007,0.3371991354925,0.2935018730949,0.4813742759319,0.6707723947110,0.5128056566130,0.4334039147232,0.6098746928703,0.7529628797829,0.5415822487270,0.4642806196346,0.5014912032384,0.1096681006243,0.1338425549442,0.4314085845375,0.2587392101768,0.3513348829305,0.5458144391960,-0.2317809944836,0.0061368783790,0.2342217971309,-0.1643302791199,0.2522687777598,0.0846081622948,0.4057425614756,0.1408359502062,0.1917500588548,-0.2254084286341,0.5025313976604,0.2737094526609,0.3488595837718,-0.2481117621348,0.2265833457950,0.0357538978101,0.1604502864236,0.3750282026667,-0.1262225993564,-0.2821516249463,-0.3035074857550,-0.1159384843564,-0.1665447928357,0.5060995434328,0.5047490871094,0.4373783709483,0.8126477574038,0.6357841682549,0.6275390855858,0.8170116661072,0.7583061191678,0.5545032251295,0.0879976026236,0.3105277776110,0.4981730802392,0.1333598663684,0.3071291174314,0.6042428567747,0.4158241108447,0.3447201454645,0.6122744993515,0.1310283430224,-0.0426457805655,0.4412146739880,0.1172520335638,0.1241152836005,0.1916823686278,0.2087814034027,0.4701164805290,-0.0279739810651,0.0244729291870,-0.3880660401148,-0.1366704490648,-0.0464796955037,0.0201856687368,0.3633654292013,-0.1969924159934,-0.0035065060845,-0.3695619314446,-0.4310501063843,-0.5077092236384,-0.3921964247420,0.2672908813491,0.1877412440959,-0.2912605520435,-0.4426783628542,0.1638892280364,-0.0008317512987,-0.4141792553698,-0.3155806891122,-0.3461209307075,0.4806474067972,0.3748348895262,-0.0377969935704,0.2200854400201,0.2791098647142
0.5986057778567,0.5367396812423,0.6237958427706,0.6479902488472,0.7781633217548,1.0000000000000,0.7315585880433,0.4116325469686,0.3415093431690,0.5267735332038,0.7055879356700,0.4912469999264,0.5325068526534,0.5134538573276,0.6695997382419,0.5705155464743,0.6015540250644,0.4467658956269,0.2247014188431,0.1896226755778,0.4224935764009,0.2837976086718,0.2961146790291,0.4868075498812,-0.1547186543128,-0.0658950586268,0.3206882242609,-0.1273808419219,0.1152737387876,0.0062023235657,0.4595548735559,0.1855536684874,0.3335831081464,-0.1887527354164,0.5691073170195,0.4113068282728,0.3890327000039,-0.0603015243583,0.3994837333425,0.1590038231036,0.1421217711515,0.3098285765667,0.0456800599731,-0.2231868537288,-0.2777200568016,-0.1406497550419,-0.1468391748518,0.7323367242650,0.5331641802582,0.4114182668053,0.6817005941758,0.5423914501839,0.5705861358106,0.8629697861361,0.8532513643489,0.5475133819668,0.1625254713366,0.3992067944001,0.4358687388239,0.2213910097820,0.3452005620190,0.6506032333958,0.4027634537104,0.4662398470216,0.3893419634504,0.2252602536979,-0.0011866238575,0.5339404975981,0.1408812494289,0.1233560738566,0.1878694683395,0.1030862492509,0.4206888615382,-0.0343382857634,0.0638740063473,-0.5278410433051,-0.1267698067595,0.0288292996592,-0.0377125182812,0.4091755142265,-0.2363040664155,0.1653076762352,-0.3168027034693,-0.3071920352206,-0.5137719491499,-0.4431001092150,0.2273070739387,0.1819494246015,-0.2423702667386,-0.3078356217536,0.2611725271052,0.1708986343460,-0.4042434642879,-0.3468013087700,-0.4282444248809,0.6855838944214,0.3950983248967,-0.0371500785942,0.1005037885426,0.1958817386694
0.5538962560926,0.6690815351022,0.5286664411474,0.8747108498442,0.6873644284007,0.7315585880433,1.0000000000000,0.5608746849305,0.5449394680509,0.5579377725902,0.5725607189749,0.3009226412795,0.5263861388032,0.5176640558043,0.7618076762101,0.7856022524455,0.5555735788249,0.2986857115002,0.4471206832892,0.3398615329920,0.3639772325172,0.2573281646382,0.1312376380991,0.4538355346859,0.0011320053608,-0.0706793489810,0.3000072788377,-0.0189308243708,0.0590342315757,-0.0450478751774,0.3829495562694,0.1208295076306,0.2303927172190,-0.0811764785046,0.6641663513346,0.5941402913755,0.3406193220007,-0.0567508952554,0.2821557961453,0.1955579727656,0.1408428118793,0.3662939643363,0.1914799521771,-0.1134807772776,-0.2322884498342,-0.1502162592389,-0.1436572002266,0.4293743672570,0.3477308049337,0.3952828642101,0.6289014074468,0.6368421507619,0.7019776938285,0.6923474505509,0.7233824436787,0.6962127722193,0.1290456829785,0.4424730886583,0.4077378565764,0.3364232547134,0.3273975275700,0.4787650757234,0.2702628550844,0.4306915632428,0.4963264208848,0.1934810833422,0.2767725780021,0.3609889751325,0.3487893897057,0.1743197853029,0.0694401603165,-0.0632248245065,0.4705738482625,0.1082164242324,0.1773723796045,-0.5769401491585,-0.1316459910813,0.1240987082348,-0.1771692865701,0.3419434158942,-0.2455797736851,-0.0030342306777,-0.3825272706206,-0.0835387600436,-0.5620013305007,-0.2953081120428,0.2313527346524,0.2463279355702,-0.1876491091133,-0.3191914843962,0.1871348570279,0.1570775865892,-0.2799672097538,-0.3883751098089,-0.3543102165743,0.3927364760772,0.2539168625035,-0.0983106257051,0.1348483978906,0.1543470086111
0.2944158405897,0.3318861254828,0.3404650018826,0.4558738630527,0.3371991354925,0.4116325469686,0.5608746849305,1.0000000000000,0.7859085413213,0.4907522134401,0.4240373643663,0.4786936640173,0.5584892244976,0.2614843195786,0.4706410192963,0.6987195381441,0.7176819031602,0.4901101402678,0.7124286541047,0.7151601628948,0.3732649540250,0.1347224141776,0.1976369186786,0.4540260941989,0.3578598449291,0.0780205913232,0.2617223163837,0.0312157312447,-0.1038385284870,-0.0853777172109,0.3669699394274,0.1649543424164,0.3353439128957,0.0092692582655,0.4053896317876,0.4833849934713,0.1207963176347,0.1646941617494,0.1083140247257,0.2334124727916,-0.0123986496833,0.1571879407424,0.2002205230753,0.1046353417506,-0.0169597367227,-0.1794108464342,-0.0922249248825,0.2219012974507,0.0850727911489,0.1749696323509,0.2260821317985,0.2919201688236,0.3448681521220,0.3609755631814,0.3427897733091,0.4860782899028,0.5762690027898,0.8122013472915,0.4104017645690,0.6576806217456,0.2496623666360,0.3017991248596,0.1610157558578,0.3765944991153,0.1650958883614,0.1128798752446,0.4561628347771,0.5385840167129,0.6699835754788,0.5473531151699,0.0940728952447,-0.0125507543956,0.4604950318140,0.4795827708314,0.0566877299856,-0.2028426586767,-0.0198851518717,0.1529008713795,-0.2657349463852,0.3889856064101,-0.1206926473906,0.1169486900054,-0.4699037768729,-0.0593311817616,-0.3129442364213,-0.2141192457935,0.0143463767131,0.2223219673420,-0.2635629638343,0.0385606159245,0.0010651217970,0.2308396546368,0.0515613393621,-0.3751413977976,-0.4740170964476,0.1596462451904,-0.0244628115572,-0.2278583821569,-0.0942253807223,-0.0379237987377
0.2790396450960,0.2927487571924,0.1486613912941,0.4648822487903,0.2935018730949,0.3415093431690,0.5449394680509,0.7859085413213,1.0000000000000,0.4464775946268,0.4694553740558,0.4417256569426,0.5735485694413,0.1350655377841,0.4489477642704,0.7206029033542,0.6188980053229,0.4456174634413,0.6676894595492,0.7540664439723,0.3830539801085,0.0813117018705,0.2314339389327,0.5678349938837,0.4304257302199,0.0568633794186,0.4085656551281,-0.1430587752881,-0.2010267670600,-0.2388731229393,0.3872859193915,0.1204301038891,0.3477267978530,-0.0254998887227,0.4190654072770,0.4334572827826,0.2277591082889,0.1477025649384,0.0906192736138,0.1979687095261,-0.0648166175798,0.1888681064394,0.2132036412799,0.0708434722960,-0.1143571744025,-0.2251685385961,-0.1105088457651,0.1326919063166,0.0243803572054,0.1935066649819,0.1868517710182,0.2419354822692,0.3695819711046,0.2935398692224,0.3355516114282,0.4074733483880,0.4931844090854,0.5560947438961,0.5601446005251,0.8162853501626,0.2430750232566,0.3371700231536,0.1745504649652,0.3982772356383,0.0994880660584,0.0688414996317,0.4916008796092,0.4240148600369,0.6642741707981,0.6672857555319,0.1425812178651,0.0454316249748,0.6155292402537,0.5380545584954,0.2280022659962,-0.2134085531412,0.1878143211764,0.0021017155079,-0.3775715644509,0.4499741961426,-0.0773798743680,0.1669757268748,-0.4560671986679,0.0531365993968,-0.2799245087130,-0.1473152298094,0.1661405146211,0.2454744516777,-0.1585781160193,0.0524548763735,0.0219561189423,0.1580661606625,-0.0172282597403,-0.4041602376882,-0.3643564155558,0.0724979898550,-0.1001406572448,-0.2517368622307,-0.0353043960600,0.0321267573166
0.4374676274868,0.5095872819038,0.3967129853561,0.4730507190494,0.4813742759319,0.5267735332038,0.5579377725902,0.4907522134401,0.4464775946268,1.0000000000000,0.5780926070308,0.5907374700495,0.5841305097348,0.4712809155531,0.6339801896124,0.4834881286214,0.5271816995323,0.3440849480977,0.1972695881793,0.3692104781601,0.5303040341310,0.7254383954488,0.3373699074704,0.4627617381346,0.0015832575998,0.0369412019792,0.3073986494678,-0.0176369769621,0.0923683931618,0.0320472254442,0.4014826192918,0.2932927873180,0.3602398455239,0.1596546449061,0.4026960535114,0.2282024392714,0.2895675425611,0.0019196527250,0.1344727276158,0.2742672810926,0.2688776584863,0.4826347193888,-0.0106430756767,-0.1655596172726,-0.1980250089377,0.0429991507560,0.1988600329629,0.2347748308805,0.2915644883764,0.4230523177266,0.3830470550856,0.3256666307207,0.2215031384460,0.4802914115072,0.4168937130902,0.2738377041619,0.3810058699274,0.4912173623193,0.5005287365815,0.3056209983924,0.6813566042997,0.4238200431749,0.4935393582641,0.4280176776123,0.2742885693093,0.0885967826242,-0.0356590527710,0.3676854918197,0.1961045770100,0.2779390496560,0.2501119020342,0.2627531397683,0.4702664972206,0.3292590434582,0.1474511727977,-0.3885616396425,-0.1199619636533,0.0781833623317,-0.2144643473908,0.3440573703142,-0.1602565902558,0.2091182752046,-0.3570308025745,-0.3047874866769,-0.4130505625844,-0.1303968876708,0.2699651973145,0.1061234640884,-0.3172442488380,-0.1583876208614,0.1087551403494,0.2550548228506,-0.1670345159365,-0.1624824277095,-0.1614739459963,0.2584344751182,0.2106203007651,0.0924414816746,0.4025753326646,0.2743212539197
0.5824606111592,0.4712367794174,0.3204238136243,0.5769732490562,0.6707723947110,0.7055879356700,0.5725607189749,0.4240373643663,0.4694553740558,0.5780926070308,1.0000000000000,0.7354176704510,0.6983917107927,0.3877131222272,0.6643791964159,0.5468756949482,0.6907561181656,0.6246047588724,0.1291852971620,0.3237691856868,0.5983012094850,0.2933827571901,0.4784963650699,0.6768925905242,-0.0825326110142,0.0010414276516,0.4519111886486,-0.2066005900791,0.0493717246202,-0.1027748009982,0.5116163644570,0.2468587265478,0.4490611305158,-0.2752909963715,0.4937649830723,0.1520496600090,0.4569194463573,-0.1227822477705,0.2598387123444,0.0802358213820,0.0547205967472,0.3703036464160,0.0186497087190,-0.2755765676627,-0.2759347456365,-0.1551862551889,-0.0944706815010,0.4910576898299,0.2848619697206,0.4394949504353,0.4903939451009,0.3806159734748,0.4745522821688,0.6238936331939,0.6978862704311,0.3258253640466,0.2694197922156,0.3522412261056,0.5832560584369,0.2681830768609,0.5124666031602,0.8634833609921,0.6804202975079,0.6213920294693,0.2696887843633,0.2031588753885,-0.0019902039483,0.6515738682033,0.1368090344724,0.3373246366838,0.3819457382765,0.3423565366135,0.6687772108392,0.1730500760323,0.2105456259706,-0.4252012830638,0.0748440986318,-0.0685000304718,-0.2103888024680,0.5407831836452,-0.1214604868901,0.3566414712876,-0.4180879825769,-0.2985982892649,-0.4789476085109,-0.3945258996616,0.3700536762057,0.1664808567844,-0.1273318189999,-0.3529860415830,0.2162198867609,0.0471971345606,-0.4405508080519,-0.3740155858965,-0.2981624060122,0.4641079379273,0.1582050740012,-0.0795547495661,0.2668921354148,0.3730488734709
0.5259516474041,0.2988629506266,0.3139715424621,0.3017729118551,0.5128056566130,0.4912469999264,0.3009226412795,0.4786936640173,0.4417256569426,0.5907374700495,0.7354176704510,1.0000000000000,0.6162779406197,0.2341648856135,0.4744969899301,0.3222052522317,0.6409449214511,0.5960875799965,0.1525886872252,0.4081205162322,0.6816317445798,0.3218387848228,0.7530028303596,0.6135803488412,0.0279440563303,0.2772876420270,0.3618278814300,-0.2293246039723,0.0280879803551,-0.1237356761408,0.4383686477267,0.4426499770425,0.5434299884504,-0.0930677757387,0.3596386409699,0.0196370802565,0.2099230201379,-0.1115810664309,-0.0116508732538,0.0245950437456,-0.0910123496123,0.2222589945659,-0.1534933738299,-0.2580068915525,-0.2042522263339,-0.1303359232606,-0.0430652131547,0.2544889112285,0.0795445102980,0.3114524331817,0.2845925210945,0.1933687156141,0.1888036180082,0.4606554629517,0.4069255015905,0.1961449988143,0.4780993417466,0.4747098097694,0.5297988334960,0.3382459206782,0.4612623262460,0.6092140138269,0.6196942306738,0.4213645278302,0.1313712046647,0.0294715060985,-0.0523706471683,0.5876949519651,0.2415960484210,0.4620752382605,0.4989052456474,0.5704591365925,0.5512821869089,0.3952044834637,0.1249216289335,-0.0406241404906,0.0992208995921,-0.0915601138818,-0.2158014192213,0.4850037444354,0.1172377505791,0.4213139134772,-0.5099629694405,-0.3873298601923,-0.3112246203930,-0.1486477950612,0.2085327753467,0.1779013116430,-0.2768761418049,-0.2057497967217,0.0055936233038,0.0215267605257,-0.2443437504585,-0.3068270291911,-0.2329512117779,0.2263889139843,-0.0412510790351,-0.0828554222763,0.1584640089746,0.3789933131043
0.3685368138533,0.3737433555320,0.2250712457783,0.4729684095544,0.4334039147232,0.5325068526534,0.5263861388032,0.5584892244976,0.5735485694413,0.5841305097348,0.6983917107927,0.6162779406197,1.0000000000000,0.2479584123569,0.5112480183483,0.5955432927219,0.7874599233471,0.5938154917871,0.2438111018931,0.5139702968855,0.5760873906831,0.2353032663210,0.3167919948193,0.5678087586062,0.1062456236083,-0.0109627413417,0.4190024429799,-0.0492694253942,-0.0263240459843,-0.1186625085821,0.5477089214871,0.2928431413637,0.6140908067450,-0.0607945449748,0.3712660147805,0.1940369313951,0.3552691190883,0.0549193682473,0.1538675368184,0.1992563743299,0.0682810475768,0.3316982419158,0.0845969949072,-0.0505756232955,-0.1701975881233,-0.1392000701823,0.0957566817224,0.2832010221797,0.1137523758288,0.3586155801583,0.2989018870829,0.2725129156699,0.3643518905005,0.4666059350748,0.5201911269458,0.3298335990678,0.4929157494023,0.4644604096270,0.5876489734874,0.4282250939904,0.3589843263129,0.6708144623770,0.6192722533730,0.8236761882199,0.1196937803549,-0.0049680051897,0.0965015218015,0.6421531319455,0.2118788614284,0.4457734090675,0.2749985413547,0.1019605806291,0.5505599766519,0.3415998691358,0.1677271329948,-0.3126419038442,0.1076806519082,0.0562279212697,-0.3167319249339,0.4657074098758,-0.0665280376940,0.4893794266383,-0.5573094536988,-0.2878940426007,-0.3423502649430,-0.2350477995941,0.1916864859713,0.0880643940522,-0.1930338267572,-0.1267329048988,0.0809703464402,0.1658118866978,-0.1722636299226,-0.3927284167851,-0.2771284619331,0.2384974322265,-0.0613757227900,-0.2152150157092,0.0545362155365,0.1562489806783
0.5357710825259,0.5743237442645,0.4595124670969,0.5418477604090,0.6098746928703,0.5134538573276,0.5176640558043,0.2614843195786,0.1350655377841,0.4712809155531,0.3877131222272,0.2341648856135,0.2479584123569,1.0000000000000,0.6275692329265,0.4346815671111,0.2997940184635,0.2107717732281,0.1228130777860,0.0418479446244,0.1940426681295,0.4378120529922,0.0617535649150,0.2952271869842,-0.2346384132331,-0.0327513650814,0.1210959371529,0.2894365432218,0.5151619735872,0.5133073097446,0.2227155206243,0.0731750329403,0.0623270851499,0.0269825624595,0.3494700493051,0.2462865066993,0.1734241852429,-0.1510314205935,0.0571995549691,0.1086374819822,0.4438428361655,0.3782353178210,-0.1157397558125,-0.2063702762495,-0.1000893925994,0.1906940408591,0.0212263339561,0.2818340750321,0.6647355002780,0.3634870992553,0.6089705116073,0.4158816648292,0.3406316298259,0.4686615072597,0.4701919595571,0.3027220688531,-0.0403507925797,0.1989989991218,0.2803422494272,-0.0412871429627,0.2301559424295,0.3737560002535,0.2797337173608,0.1781183223173,0.5863851288398,-0.1043944898610,-0.1158336022092,0.2197976196001,0.0289763583040,-0.1178845604834,0.0644813824242,-0.0114639233376,0.2755711876221,-0.0652188134880,-0.1163813494285,-0.4469362068561,-0.3653065659685,0.3057283365134,0.3331083193248,0.1339541149058,-0.3834831767855,-0.2385916724910,-0.0454551927376,-0.4045555969069,-0.5515961012296,-0.3423500402719,0.0893039225582,0.0526913824428,-0.4465021830128,-0.3933290956101,-0.0101931948056,0.0298387440237,-0.3124438341549,-0.0040511750271,-0.4117757780065,0.3034098649882,0.6297402265058,0.1869381821127,0.1843920177958,0.0584582487816
0.6363905452137,0.8027621279371,0.5208747355779,0.8258881678182,0.7529628797829,0.6695997382419,0.7618076762101,0.4706410192963,0.4489477642704,0.6339801896124,0.6643791964159,0.4744969899301,0.5112480183483,0.6275692329265,1.0000000000000,0.6853368817683,0.5459497218289,0.4497043618485,0.2793732480295,0.3260330870325,0.4730620768111,0.3538160067520,0.3416366609976,0.5726546537077,-0.1267930985685,0.0089951647323,0.2782163818775,-0.0166996342209,0.2478043041492,0.1209934313056,0.4639357013248,0.2447804093133,0.2981225295488,-0.0774551291343,0.5379514740155,0.3618417377973,0.2839078188383,-0.0779092680086,0.2597782093174,0.2121064926892,0.3008193930174,0.5289268579447,0.1252718253661,-0.1697644724787,-0.2203021570827,-0.1162958806659,-0.0164040490684,0.4636555016301,0.4328525620654,0.6192792325817,0.5804660760774,0.5818335530613,0.5529388735194,0.6057261912361,0.6315551570219,0.4687602282715,0.1316582208943,0.3350231770716,0.5435149976091,0.2378880934804,0.2899840527120,0.5286003005363,0.3681914410663,0.3478134734411,0.5305171972054,0.2049660192990,0.0393207069600,0.3748070095568,0.2130375323854,0.2305653783721,0.1053694447637,0.0770804654134,0.5272127921818,0.0548796501542,0.0817022702992,-0.5449948313212,-0.1762810532962,0.1692780714674,-0.0664133770906,0.3418661099502,-0.2734509694645,0.0234135602443,-0.3435372195387,-0.3389120822393,-0.5837685592521,-0.3148367188003,0.2043656640211,0.1726719888193,-0.2704835732492,-0.3659586502860,0.1491222817894,0.1672771711647,-0.2882205799898,-0.3407539168836,-0.3480281252895,0.4365674644054,0.3287899955124,-0.1309533953308,0.2336260791548,0.2596504023059
0.4725838036784,0.5378349183370,0.3337581896266,0.7462022696414,0.5415822487270,0.5705155464743,0.7856022524455,0.6987195381441,0.7206029033542,0.4834881286214,0.5468756949482,0.3222052522317,0.5955432927219,0.4346815671111,0.6853368817683,1.0000000000000,0.6965798388828,0.5442657864464,0.6228136716552,0.6004742545966,0.3549723178255,0.1360764226691,0.1196785366636,0.5474504462085,0.0438873416316,-0.0322066493498,0.3266944269438,-0.0143433880244,0.0166201476760,-0.0312094298925,0.5725789252649,0.2038471742986,0.3469309006252,-0.0645773145863,0.5414978805585,0.5372617997654,0.2817733963597,0.1286037418165,0.2418822227289,0.2408638205873,0.1634930865809,0.3858204769253,0.3002600767459,-0.0215453338836,-0.1389344551085,-0.1758246280631,-0.0032425426174,0.3449197515080,0.2848652320330,0.3979151079355,0.4501089539321,0.4416507769110,0.6173825515232,0.5145080445030,0.5656385955910,0.5580254467184,0.2634879732290,0.5007923493820,0.5687210613988,0.4796491982408,0.1600868568011,0.4557994723919,0.1729678060291,0.4641926936784,0.2986077749698,0.1191320088386,0.4499902579161,0.5197606753575,0.4704329749779,0.4412256194113,0.0389677163163,-0.1672790225542,0.5522304620579,0.1527094911391,0.2812656900799,-0.4665967053451,0.0049927387359,0.1661948121395,-0.2019358398246,0.5309786818144,-0.1713923007593,0.0624764230041,-0.3553770225599,-0.0090043429336,-0.4498897541276,-0.2502027870468,0.1462429473106,0.2349038136742,-0.1635420233119,-0.1287200492056,0.1063010749216,0.1894761978829,-0.2022403786114,-0.3763155087492,-0.4006357383848,0.2609122358829,0.1311637159471,-0.2518001312612,0.0299475431490,0.0177788616816
0.4061530741710,0.3838494635537,0.2807889235271,0.4955124044986,0.4642806196346,0.6015540250644,0.5555735788249,0.7176819031602,0.6188980053229,0.5271816995323,0.6907561181656,0.6409449214511,0.7874599233471,0.2997940184635,0.5459497218289,0.6965798388828,1.0000000000000,0.6995651780710,0.4389764786491,0.5892098557210,0.6253530868551,0.2256399029641,0.3707757334613,0.6403431016801,0.1066869987781,0.0156352892490,0.4227740776019,-0.1218391630779,-0.0818918229038,-0.1675068992832,0.6421536469523,0.2399944340049,0.5348213956945,-0.1484352606246,0.4588655482546,0.2769295185914,0.3137994118968,0.0508687963037,0.1770631264858,0.1437244347039,0.0027100958672,0.2426209539607,0.1062189263951,-0.1132527310097,-0.2733946408938,-0.2160453126234,-0.0935091004037,0.3556412976487,0.1701066724482,0.3138725215780,0.3047312549100,0.2717017174612,0.3909765970742,0.4791419717259,0.5240847095756,0.3595875988973,0.5235662243703,0.6246397866817,0.5706032876658,0.4599404801179,0.3292233432285,0.6226165949202,0.4408814921997,0.6301902199123,0.1153927982564,0.0973221680165,0.2240014235910,0.7985965860380,0.4040049179578,0.5461308121828,0.3503928547078,0.1093498214272,0.6095152846378,0.3191527263305,0.2627517406747,-0.3597098623817,0.0757006965889,0.0521919645536,-0.3063576453447,0.6270795187575,-0.0792268532960,0.4521533030404,-0.4677874756381,-0.2443254307389,-0.4085644516681,-0.3230265699280,0.1551223885254,0.1852107582807,-0.2146264889094,-0.1312619264517,0.0941293321483,0.1248043683152,-0.2342369796745,-0.4498792229031,-0.3890385446732,0.2945804745735,-0.0146049455571,-0.2094267601909,-0.0190973355018,0.1582316522948
0.4774515135937,0.3132962780265,0.1138270209755,0.3287419348642,0.5014912032384,0.4467658956269,0.2986857115002,0.4901101402678,0.4456174634413,0.3440849480977,0.6246047588724,0.5960875799965,0.5938154917871,0.2107717732281,0.4497043618485,0.5442657864464,0.6995651780710,1.0000000000000,0.1311139858745,0.5147949637209,0.4423357460852,0.0791551446401,0.3570751227862,0.6991209931916,-0.0743617535895,-0.0373947537332,0.3084367374020,-0.2196476620098,-0.0656552873104,-0.1142557591451,0.6744462059197,0.1779436972883,0.3896973288402,-0.2820988219151,0.2941881262986,-0.0701290100168,0.3769004039304,0.0023342198027,0.2113987539926,0.0384690418470,0.0128063882361,0.3070882963836,-0.0437906022973,-0.1812377698692,-0.1733648351668,-0.2032329890333,0.0208955530176,0.3438679448563,0.1241094025249,0.3481069324830,0.3309516297984,0.2483677125262,0.3605993718589,0.4040056843589,0.5116186791262,0.2434615537861,0.4580301337968,0.4430403241003,0.6927364156648,0.2961941718629,0.1572006417619,0.5435737161430,0.3255171387853,0.5089599339556,0.1538547496125,0.1335810150819,0.1153531451570,0.7806765825405,0.1765542099453,0.6105630244272,0.2192037989687,0.1767608003519,0.5998201325718,0.1569043151572,0.2675498905803,-0.1529296166780,0.2250435735400,-0.0679508121652,-0.2580735376752,0.7159038018964,-0.0021498913592,0.3158493106302,-0.3486945904892,-0.2889477901783,-0.1458737447192,-0.2589220939034,0.2714008443645,0.1262477005049,-0.0938005588618,-0.0476059563159,0.1975064164382,0.0368327578058,-0.2662554100465,-0.3555206458911,-0.2691640438228,0.2686797113527,-0.0966422072746,-0.2864597741988,0.0981800211132,0.1724882877674
0.2122254023314,0.1310291623337,0.2287214848643,0.3923762648890,0.1096681006243,0.2247014188431,0.4471206832892,0.7124286541047,0.6676894595492,0.1972695881793,0.1291852971620,0.1525886872252,0.2438111018931,0.1228130777860,0.2793732480295,0.6228136716552,0.4389764786491,0.1311139858745,1.0000000000000,0.5035428033715,0.1640618912911,-0.1110951545300,0.0494831936404,0.2565439103725,0.4014246018186,0.0427303703658,0.1458126572531,0.0720705901818,-0.2254127170486,-0.2087601068873,0.1832143434475,0.0967208364950,0.1419955271089,0.1841856341493,0.3480047248147,0.6157679542802,-0.0250261681167,0.1008800872100,0.0746413027267,0.2644089800309,-0.1258734994395,0.0477140691668,0.3872643351972,0.0761553800218,-0.0971996024017,-0.1695079270572,-0.1097071620061,0.1057295267664,-0.0533989271972,0.0846238355148,0.1051385489073,0.1928116665862,0.3110160700509,0.2027520557035,0.1423044866654,0.4512494375226,0.2531907927363,0.5039823187884,0.0905393838215,0.5501045393865,0.0064525718634,0.0548807813853,-0.1149128572776,0.1089405716162,0.0328750960122,0.1287783609990,0.7318745079775,0.2179241209983,0.8428450881405,0.3827086486957,-0.0369907243122,-0.1510973818804,0.2657962250888,0.3160016611139,0.0713792147681,-0.1313057186434,-0.0258559748315,0.1992292263856,-0.2686314125129,0.2110144860577,0.0036100754442,-0.0245859917654,-0.2212518493267,0.3260334308765,-0.2366904712081,0.0399154778081,-0.1026315794445,0.3199129729677,-0.0558448278303,0.0480180144269,-0.0404992695647,0.2288097883181,0.0553146629587,-0.2597731250162,-0.3082953487458,0.0187418965604,-0.1050431085126,-0.2200618030512,-0.1660180418633,-0.1362159766310
0.0970690860151,0.2083224537941,0.0287992759604,0.2415238562671,0.1338425549442,0.1896226755778,0.3398615329920,0.7151601628948,0.7540664439723,0.3692104781601,0.3237691856868,0.4081205162322,0.5139702968855,0.0418479446244,0.3260330870325,0.6004742545966,0.5892098557210,0.5147949637209,0.5035428033715,1.0000000000000,0.4428518141195,0.1037873633912,0.2878799996249,0.5223399251256,0.4392945597139,0.2769024220220,0.4732960345025,-0.0566185626200,-0.1666324474347,-0.1234751048988,0.5936188870592,0.3795077550969,0.5544502750674,0.0421222041943,0.3626911008349,0.2267931962115,0.1123030376002,0.4576039090131,0.0221447246633,0.1663294333143,-0.0462831188339,0.2331437907858,0.2908771931358,0.2309141398450,0.1786405650584,-0.1022061061494,0.1319925660566,0.0563817619857,-0.0257246974930,0.2619853301203,-0.0296507195748,0.0616753720534,0.1574034969604,0.1054285479257,0.1531076252639,0.1570585860431,0.5617217776316,0.4478719664876,0.5613034444123,0.6290285689937,0.0310828379314,0.1937911130921,0.0526116173806,0.2717291076461,-0.0957951130303,-0.0007956389802,0.3807492942439,0.3742827204821,0.4449359696373,0.8137552081539,0.1355383656504,0.0465839375548,0.4797304453437,0.5427316076997,0.3330088404439,-0.0767874221814,0.3169140398070,0.0996210524424,-0.3344811373753,0.5031594061025,0.0624945265056,0.2535950549581,-0.4481419490078,0.0682790320088,-0.0341830427922,-0.0162658983779,0.0554175305985,0.2287553343342,-0.1012616609966,0.3383808294726,-0.0694390438830,0.1713593972495,0.1584183577121,-0.3263817094235,-0.2507702466198,-0.0018201224724,-0.2479681245772,-0.3802156385325,-0.1149492501137,0.0088424525028
0.4371425227211,0.3221940608564,0.2793480413028,0.2980900844700,0.4314085845375,0.4224935764009,0.3639772325172,0.3732649540250,0.3830539801085,0.5303040341310,0.5983012094850,0.6816317445798,0.5760873906831,0.1940426681295,0.4730620768111,0.3549723178255,0.6253530868551,0.4423357460852,0.1640618912911,0.4428518141195,1.0000000000000,0.3869962931337,0.7190837141202,0.7267925419048,0.1299067399148,0.4323800939166,0.5717805344787,-0.3267020741410,-0.0577401361608,-0.1658688856958,0.6637527968222,0.5764738986495,0.5999576174364,-0.1015926646756,0.5718391669617,0.1708661846192,0.3706962275069,-0.0338186757884,0.0658537003225,-0.1093942615123,-0.0368636601774,0.3848682739446,0.0574072596887,-0.2447617665182,-0.1847870796093,0.0006588270899,0.0106706997136,0.1008033030680,0.0076972430519,0.5577266413747,0.1518000753540,0.0900101075855,0.1638143050699,0.3713049336130,0.2388281713281,0.1240689791059,0.4648892950064,0.3417929141422,0.5308910776819,0.2922251922141,0.4315583246754,0.4937496120014,0.5494784241079,0.3297039038201,-0.0002282099978,0.1353193709436,-0.0128922879151,0.4272138460744,0.2520530216861,0.4295653494654,0.7499570099464,0.5059671241491,0.6479537690813,0.4853363000532,0.4393346591793,-0.1316186459739,0.2231129732307,-0.0925777355386,-0.2823283533492,0.5740823849457,0.2722090766973,0.5513945062201,-0.3809538277818,-0.2330970788650,-0.2304346090654,0.0017176003989,0.4263363225352,0.4421149341621,0.0099025343987,-0.1450478391503,0.1221819633079,-0.0761148632189,-0.2601871700381,-0.2906485430634,0.0005888368327,0.0862441007120,-0.1830382859085,-0.0527263953693,0.3488669707057,0.6811274330648
0.1964729528950,0.3298525695541,0.2121095249115,0.1548395979058,0.2587392101768,0.2837976086718,0.2573281646382,0.1347224141776,0.0813117018705,0.7254383954488,0.2933827571901,0.3218387848228,0.2353032663210,0.4378120529922,0.3538160067520,0.1360764226691,0.2256399029641,0.0791551446401,-0.1110951545300,0.1037873633912,0.3869962931337,1.0000000000000,0.3067468898865,0.2338717275416,-0.0492507759465,0.0938088538965,0.2909741596205,0.0776291311015,0.2711638667018,0.1982268755481,0.2337747510582,0.2283643860938,0.2226458139806,0.2294120494243,0.2476686549999,0.0180042727446,0.2500641714138,0.0293376285791,0.0647386974246,0.2309508486409,0.4557496627386,0.4436802709157,-0.0613938590773,-0.0925252642454,-0.0558169313213,0.4086583778386,0.3031021485330,0.0318018022272,0.4266321634861,0.3130338735066,0.2149338467559,0.0628564199535,-0.0798803596931,0.1868319600456,0.1317888261938,-0.0368746498059,0.1642730894428,0.1848376230002,0.3066052572833,0.0277356004717,0.5319996409085,0.1905473778585,0.3073333119268,0.1024513885145,0.1432616622342,-0.0775861545894,-0.3138053011651,0.0892643292969,-0.1023964573232,-0.0028173106587,0.2711332178295,0.3088831579092,0.2580248564603,0.2161048664236,0.1175067791437,-0.3108077579875,-0.1375627871837,0.1246386251633,0.0487724989048,0.1265798399423,-0.2051622716973,0.0841807589909,-0.0070559484300,-0.3343911773257,-0.2839777926524,-0.0345186930421,0.2675208755185,-0.0272754467950,-0.2681305307466,-0.1512369245749,0.0804048535533,0.1913562270140,-0.1043961090466,0.2224730930869,0.0604558527635,0.0961635055945,0.3495201681666,0.3799993810444,0.3452299198986,0.2337131634907
0.4305777423734,0.2509863449928,0.2634710654411,0.1618282149478,0.3513348829305,0.2961146790291,0.1312376380991,0.1976369186786,0.2314339389327,0.3373699074704,0.4784963650699,0.7530028303596,0.3167919948193,0.0617535649150,0.3416366609976,0.1196785366636,0.3707757334613,0.3570751227862,0.0494831936404,0.2878799996249,0.7190837141202,0.3067468898865,1.0000000000000,0.5472657595570,0.1242316923051,0.4701180579027,0.4727569592806,-0.3010481353714,-0.0115960965974,-0.1477240956277,0.4287353542282,0.5439247984511,0.4956888550047,-0.0896729220020,0.3770946158083,-0.0040505559576,0.1998661387340,-0.1120993934678,-0.0154676046319,-0.0139273062238,-0.0882986559975,0.2834935885714,-0.0411924041205,-0.2317708834117,-0.2027826170179,0.0660874317108,0.0118717406586,0.1163418390527,-0.0399038427393,0.3877909776224,0.1137782247828,0.0670082033870,0.0407476467221,0.2398125040551,0.1042046595973,0.0015247909858,0.2963015134364,0.1956427610948,0.3752427676398,0.1731905779429,0.2502360422313,0.3487258802738,0.3951400586203,0.0414660921483,-0.0617174120709,0.0280836914097,-0.1121918474462,0.2380039817528,0.1388537626724,0.3376173268755,0.5460022135763,0.6561152166865,0.4357757243270,0.3604736267430,0.2527349293460,0.0126759581575,0.2874299753349,-0.0383357029872,-0.1850331806730,0.3791475711718,0.2958185043178,0.3600575672335,-0.2945652102411,-0.2374533841959,-0.1926940406968,0.1521226041207,0.2916490445307,0.2812367965505,-0.0917325062217,-0.1588100082108,0.0090565825511,-0.0207297631208,-0.2007892146464,-0.1615050153547,0.0728588151729,0.0746144771852,-0.1992488582371,-0.1124957598968,0.1869659882067,0.4750800993174
0.5419109403976,0.3878124796744,0.2352764539106,0.4689538269463,0.5458144391960,0.4868075498812,0.4538355346859,0.4540260941989,0.5678349938837,0.4627617381346,0.6768925905242,0.6135803488412,0.5678087586062,0.2952271869842,0.5726546537077,0.5474504462085,0.6403431016801,0.6991209931916,0.2565439103725,0.5223399251256,0.7267925419048,0.2338717275416,0.5472657595570,1.0000000000000,0.0537957110109,0.2282729651764,0.5629042331967,-0.2930376501932,-0.0893603757503,-0.1538888995502,0.6762195840232,0.2818323990667,0.3517603019432,-0.2452843134142,0.6104039777378,0.2037766750674,0.5160959380596,-0.0781697023826,0.1892348966253,-0.0684756241050,-0.0658666105625,0.3196966366273,-0.0355892340037,-0.3261276580318,-0.3219295579439,-0.1536819356491,-0.1362820582660,0.2758880066210,0.1304931225389,0.4515834335494,0.3776715870120,0.2997930185882,0.4033833582926,0.4784757911973,0.4721856536122,0.3262713468109,0.4668843383143,0.3900254020912,0.6968589228835,0.4158919537133,0.3612511958829,0.5950632983816,0.4606152501278,0.4230858745894,0.2146444699880,0.2137309316966,0.1326001646326,0.5991358346726,0.3675678100524,0.5920812752923,0.5377091288505,0.3936753101489,0.8356930557226,0.4364216391199,0.3832194095915,-0.1746419240607,0.2573839849494,-0.1064575074270,-0.3158602290530,0.7157310540683,0.1255458597328,0.3607626389712,-0.3665043081160,-0.2509609041478,-0.2876079687420,-0.1337341893907,0.5231377552967,0.5009186955147,-0.0795545193530,-0.1364031380569,0.2266310254263,-0.0984049465723,-0.3694407125916,-0.3756312242199,-0.2082618083902,0.2480992294241,-0.0871937914479,-0.1351419470073,0.3296232898005,0.4952754223754
