1.0000000000000,0.6957065533098,0.8212086542454,0.8095993925127,0.6627207527120,0.2854817872733,0.5332973999908,-0.0161673218798,-0.2186145352085,-0.0989915004977,-0.3546956886102,-0.2378971111186,-0.2366264165441,0.5417472594871,0.1950894049207,0.4407138230757,-0.1024416942039,-0.2169413807488,0.2174159470887,-0.2288233039867,-0.1796826332464,-0.2352549876482,-0.3761733669905,-0.2378426505284,-0.4299752598274,-0.3651583789385,-0.3743200568279,-0.2602319129402,-0.2905074280183,-0.1597035911458,0.0603118950950,-0.2246838014793,-0.3501543901625,0.2338967082618,0.2367918502479,0.4147527118772,-0.1878162078279,-0.3041578525011,0.2257375978264,-0.2500216419393,0.0699580821525,-0.1998116402704,0.0718054997683,-0.2745081246452,-0.2651432935177,-0.3156216233940,-0.2051657089698,0.0965067924561,0.0562186590305,-0.0852202265881,0.8573976719833,0.7925056459776,0.7491132860130,0.5786502669737,0.2528658462966,0.6986627804489,-0.2267294104284,-0.2949199271521,0.1413792103846,-0.2639160342102,-0.0643228522138,-0.3013089533101,-0.0411210181034,-0.1480409844016,0.6151714768203,0.1102808341358,0.6941210485065,-0.2161370969669,0.0836555134220,-0.2981413670655,-0.2312740346164,-0.3372586635786,-0.2828510420389,-0.3668501291383,-0.1890996627990,-0.1619879436564,-0.3319096915735,-0.1463977504861,-0.2270961138498,-0.1168670984744,-0.1155788691845,-0.3919252655517,-0.1389603708764,0.0510270571042,-0.3041479274820,0.0050228726461,-0.1844742459829,0.6216801198598,-0.1354861863755,-0.3934715626309,0.2695519656947,-0.2509815041449,-0.3190987611972,-0.3685974902643,-0.0871047522075,0.0152015423389,0.1043038114628,0.2020218662648,0.1377520602628,-0.0122438659188
0.6957065533098,1.0000000000000,0.6794466432540,0.5228944054397,0.2279257950305,-0.0821591911830,0.1856563464473,0.0708021191882,-0.5178991841256,-0.3042132249848,-0.5627297107768,-0.4668306548511,-0.4293255659296,0.7821981983904,0.0355643561246,0.1441369139824,-0.3124391292890,-0.5054946759769,0.0612815084394,-0.2753165069644,-0.1828582677993,-0.1023523350246,-0.4760391859627,-0.4895681774157,-0.4769183991427,-0.2279128469411,-0.4929523941624,0.1927708579195,0.1475651932287,0.3813000613693,-0.0441567842809,-0.1341329128768,-0.3400224742933,0.2093622062753,-0.1069738585198,0.0863880178051,-0.3917854330511,0.0063682984599,-0.0046864457007,-0.2203537562421,0.1995318276556,-0.2380914447267,0.0835334506554,0.1217729867234,0.1860762152969,-0.3025591286975,-0.0906243255648,-0.2026297508492,0.2436158651445,-0.2107988692893,0.4890168028339,0.8929630219982,0.4765167033117,0.2293904819629,-0.0567973653515,0.4316968668709,-0.3313768428946,-0.2434298211115,-0.0883673807215,-0.5318012521628,-0.1685142475303,-0.6036037132115,-0.3202803758459,-0.3945343040898,0.6516157789843,0.0026986063995,0.4902790624003,-0.4821114614315,-0.1987055882300,-0.3969056776941,-0.4792502354389,-0.4528546144892,-0.5593861900925,-0.2732905080700,-0.1628094179280,-0.0932911099849,-0.4852703986212,0.2450789994715,0.2175401174176,-0.3354186119349,-0.3325545117317,-0.5255551443231,0.3114815781778,-0.0253962220148,0.0660910011069,-0.0711599102520,-0.3930665218020,0.3253013503152,-0.2672520906795,-0.0955036453286,0.0984240948946,-0.2512021609376,0.0702601900292,-0.1843287247690,-0.0149891846693,-0.2961267193720,0.3607579335042,0.1210231391047,-0.0699042796455,-0.3079561077652
0.8212086542454,0.6794466432540,1.0000000000000,0.7040569876912,0.6624284394357,0.5011668476251,0.6435575767497,0.2211514809401,-0.1959257444538,0.0258669309336,-0.4494121728109,-0.2198585247300,-0.1831378349523,0.4623028937039,-0.0089117419725,0.4024695526022,-0.0381277245969,-0.3629817205729,0.2654412112913,-0.2262525499198,-0.2950917859588,-0.2303996573623,-0.5505060383492,-0.3787448316860,-0.4767710366781,-0.3654905079524,-0.4962161936312,-0.2000641767400,-0.2093799330599,-0.0559971465942,-0.1030514456336,-0.3032242290531,-0.4667046760895,0.1607104252654,0.2338607556897,0.4410877217952,-0.3267976916137,-0.2762894408609,0.2092633878804,-0.2521344145672,0.0640977943920,-0.2393742513559,0.0102053614258,-0.1615150632876,-0.1288956580144,-0.3152918616954,-0.3337412571951,0.0987982935184,-0.0565493976174,-0.1207179801455,0.7688402054458,0.8241150740097,0.5990494729223,0.7723392130903,0.4503093245407,0.8146882525444,-0.0795772286114,-0.0760815543965,0.3167319053895,-0.2424603616926,0.0281071651431,-0.4089647909516,-0.0481987073864,-0.1114863758215,0.5565824678053,-0.0177600440519,0.7413127984383,-0.2028272551573,0.0589755996135,-0.2601709670591,-0.2904517873570,-0.5037692819688,-0.3867339159162,-0.3402109803692,-0.1916307419589,-0.1456840487600,-0.4982320559520,-0.1921720429964,-0.1334565688234,-0.2701490571439,-0.3202203156719,-0.4861797742641,-0.0285882930903,0.0196347322860,-0.1633550373563,-0.1481253121208,-0.2454606687642,0.7046672047222,-0.1769335015877,-0.3207692381786,0.2590554754064,-0.3443801404734,-0.2006939628049,-0.3906224579159,-0.1568440430818,0.0186989035076,0.0434104952349,0.2105392169308,-0.0106557987130,-0.0949830865736
0.8095993925127,0.5228944054397,0.7040569876912,1.0000000000000,0.6129092556810,0.3428837456990,0.6475760373124,0.0613165539294,-0.0208227616662,0.0288043571673,-0.1404470547636,-0.1141558562387,-0.0706808467802,0.4025107662125,0.3132459189302,0.6421066909566,0.0765143383337,-0.0348016183463,0.3306799963247,-0.0858372277513,-0.1131114284196,-0.3280788994174,-0.2768063367010,-0.1062458462443,-0.3186298313037,-0.2677319442147,-0.2645559514157,-0.2839871377178,-0.2745955147095,-0.2476968547967,0.1242803878289,-0.2511712118810,-0.2272293382370,0.1196542312480,0.3914324538988,0.5192101889697,-0.1932751644379,-0.2949425055516,0.2177688882804,-0.2402151685993,0.0316304540284,-0.1097235512548,0.0637605129023,-0.2321531002556,-0.2826250499136,-0.2814463553704,-0.2628145291039,0.1049915532982,-0.0639828515760,0.0193510709258,0.7549202810821,0.6889698075122,0.9199358502923,0.6189675387001,0.2998640612708,0.7830449950188,-0.0635532819877,-0.1562014937200,0.2808617744637,-0.0889740921696,-0.0808365607152,-0.1289571305182,-0.0329309623134,-0.0369221419669,0.5306526826703,0.0379879040139,0.7582891091172,-0.0497815062550,0.2427491317594,-0.1914669529861,-0.1517616944404,-0.3279541794915,-0.2093982243928,-0.3579203718390,-0.2086146257945,-0.1656628478792,-0.3095206894473,-0.2651230874721,-0.2403984649716,-0.0505407955429,-0.1425329592634,-0.3277360895986,-0.2491796141774,0.0277412179184,-0.3123837440820,-0.1835826757402,-0.2340583073753,0.6331412516974,-0.1802724526651,-0.4680774108933,0.1722104857146,-0.2824525334278,-0.3145114993300,-0.4187344058047,-0.2063917120099,0.0601562210683,-0.0068997771410,0.1573657317825,0.1577068550771,0.0506618107654
0.6627207527120,0.2279257950305,0.6624284394357,0.6129092556810,1.0000000000000,0.7639736818258,0.7390965545082,0.1151895961416,0.0514848342289,0.2145047626031,-0.0176970117831,0.1112576206705,0.0770291245346,0.1822328734280,0.2624662263085,0.3329838827778,0.1417482003386,-0.0317569403945,0.2270981370922,-0.1211987746369,-0.1592259800595,-0.0576894933801,-0.2050954629515,0.0811160080789,-0.3067783794631,-0.2628395994244,-0.1939095164296,-0.3792200807099,-0.3872275173329,-0.4254805776022,-0.1328533290101,-0.3235122268198,-0.3570847276054,-0.0360843989701,0.3718620431224,0.4699326174822,-0.0934871361094,-0.3933867689735,0.2080099881419,-0.1771347973833,-0.0678235869948,-0.2025565245879,-0.1373867185978,-0.4028282133509,-0.4301442137832,-0.2153016406577,-0.4229776314902,0.3915775576077,0.0334901679337,0.0199940403163,0.8522085439786,0.3691084914137,0.5571441742227,0.8314305473446,0.7288341843411,0.7215753659248,0.0658306694486,0.0215863148739,0.3774424834388,0.0180293174205,0.2035860773573,0.0871305475313,0.2229666217029,0.1239066918974,0.4259415048510,0.1453336292874,0.5111897693676,0.1400889739387,0.2290928094452,-0.0525892846532,0.0888792380041,-0.1401478300143,0.0597650501860,-0.2406439131632,-0.2398185149594,-0.1718198607601,-0.2353768297287,-0.2790458872661,-0.3283431789033,-0.0103937453265,-0.1905155043425,-0.2518697060888,-0.3475534038226,-0.0942213637037,-0.3723360155593,-0.1395484248158,-0.0228483100885,0.6020589426378,-0.1021178653546,-0.3915554299010,0.2351280403970,-0.1912705761743,-0.4212021621846,-0.4013361930447,-0.1917070513391,0.3349431294997,-0.0329001386721,0.2595997622455,0.0731907798277,0.1703064896923
0.2854817872733,-0.0821591911830,0.5011668476251,0.3428837456990,0.7639736818258,1.0000000000000,0.7654819831195,0.3237632472285,0.2638108234325,0.4776106518912,0.1396714410511,0.3401183540165,0.2933171622007,-0.1482332751372,0.0614927203483,0.2612110683508,0.3386671336533,0.1028179675881,0.2619131195357,0.0348664955708,-0.1582170226930,0.0421148814459,-0.0942838627717,0.1870802776100,-0.1231041642509,-0.1180063018017,-0.0406267976581,-0.4013281666397,-0.3935826315642,-0.4534849220103,-0.1762237852296,-0.2400625672231,-0.2511783660923,-0.1444650474207,0.4519044887052,0.4467023210761,0.0681577209522,-0.3737840129200,0.2755243345820,-0.0406693363778,-0.1315483650373,-0.0807061809084,-0.1538957029761,-0.3576078113641,-0.3526372191791,-0.0124138308067,-0.4181452240867,0.4512117914588,-0.1939795120307,0.1512612310016,0.5128816498895,0.0806146417325,0.2565422124771,0.8621873027753,0.9062595422848,0.6120888455748,0.3153827070866,0.3015506635186,0.5456306802475,0.2558135104088,0.3716623267272,0.2226673084750,0.3448634432667,0.2684152565518,0.0900927567875,0.0332070526570,0.3572358799725,0.3146146100606,0.3008821940680,0.1633971363404,0.2068415207603,-0.0634880032051,0.2532792599895,-0.0182435425951,-0.1320252544885,-0.0739680604182,-0.0996491774455,-0.3873011449033,-0.3749279975506,0.0663566189047,-0.1792345902608,-0.1038526210311,-0.3806299059709,-0.0585354211209,-0.2581317548397,-0.1591434347497,0.1816946664791,0.5710278137710,-0.0214499132530,-0.2713017125162,0.2951827267178,-0.1325069469088,-0.3218073080617,-0.3190479788089,-0.2141589897469,0.4366033236264,-0.2977285079045,0.1667610345908,0.0204601613429,0.2304835213209
0.5332973999908,0.1856563464473,0.6435575767497,0.6475760373124,0.7390965545082,0.7654819831195,1.0000000000000,0.3392420070951,0.2417090920374,0.4188629692570,-0.0282027587230,0.2147116515395,0.2163951216702,0.0661209382267,0.1300015244276,0.4847046961095,0.3211121204997,0.0987648526700,0.4148282906072,0.0980446953217,-0.1996827003429,-0.1304880459870,-0.2405565417079,0.0914642719537,-0.1707474143267,-0.3330265481697,-0.1529632282959,-0.4434153288731,-0.4751762993949,-0.4386947618309,-0.0541585262858,-0.3737283051764,-0.2448030796456,-0.0672463033472,0.5310159545008,0.5855257136324,-0.0717431150555,-0.3856965196646,0.2347806743646,-0.1883943461909,-0.0472368747107,-0.0339014364114,-0.1568169924417,-0.3471243636453,-0.4028067016998,-0.1512869868473,-0.4083834725185,0.2871328746605,-0.1527259057290,0.1430375636078,0.6279731596349,0.3797580864378,0.5330483597359,0.8322934669041,0.7471893327894,0.8786671286528,0.2433173703670,0.2392632521838,0.6160477390446,0.2414520244836,0.3092199565584,0.0478970004969,0.2707053271482,0.2288753829484,0.3144935030140,0.0010219862125,0.5875460745787,0.2973051565433,0.4164605699300,0.1063183785544,0.0256865336355,-0.2427309508421,0.1035691974968,-0.1187406526389,-0.2603466023775,-0.2701883182184,-0.2381212290241,-0.4092476107954,-0.4345318232577,0.0014611184200,-0.2107631383591,-0.1949513000936,-0.3659696782891,-0.1434176833683,-0.4135707908138,-0.1838969350636,-0.0210521078257,0.7062329263358,-0.1817130532859,-0.3683564787666,0.2309766952351,-0.2463456170165,-0.3451111960974,-0.4106256976416,-0.2463547073839,0.2645640838084,-0.2644565420424,0.2566133498719,0.1429775164628,0.1737848617682
-0.0161673218798,0.0708021191882,0.2211514809401,0.0613165539294,0.1151895961416,0.3237632472285,0.3392420070951,1.0000000000000,0.3591818561717,0.5361594806604,0.0217448126981,0.3251892064536,0.3676076810116,0.0311457877478,-0.3134661986473,0.2544951523068,0.4907211383635,0.0168460049936,0.6026092457198,0.4822586830041,-0.1229560276778,0.1200927725675,-0.2066210674396,-0.1509691769631,0.0669186287142,-0.0442513743195,-0.1643783034594,0.0105244702622,0.0257251544210,0.1766051238230,-0.0108479704143,-0.2394989558494,-0.0408118096355,-0.1729926618139,0.2222893438717,0.2996606742456,-0.1838578986375,0.0663861120832,-0.0664837750627,-0.1519771163329,0.1635833110024,0.1773795572246,0.0982631347827,0.2618219321197,0.2844110692171,0.0698774110949,-0.2197078251790,-0.1184537313254,-0.0919060887855,0.0861325750391,0.0859516028658,0.1449039130036,0.0104516483640,0.2612888129699,0.2883028537525,0.2826094162665,0.6171223635645,0.7884813210580,0.6971486619023,0.3946846681426,0.5092779790942,-0.0636279074534,0.2900029935600,0.2405060911150,0.1039325767972,-0.1939901452181,0.3019038665952,0.2641623277944,0.3382500643512,0.4510356392576,0.0725828800736,-0.1885570462221,-0.0498901534884,0.4020990716150,-0.0525658797019,-0.0684991139837,-0.3697322123802,-0.1204034320163,0.0478215436626,-0.1271832689039,-0.3772563612733,-0.0957777466023,0.1502703257255,-0.0905612185389,0.2446265895944,-0.3252484734625,-0.1128350146329,0.1593625280061,-0.2522241094433,0.1100168311060,-0.0994085154925,-0.2365934593514,0.2918270020822,-0.0862413856929,-0.0875663239614,-0.0619973284676,-0.0902157018920,0.2840089582945,0.0979737533683,-0.0276041010878
-0.2186145352085,-0.5178991841256,-0.1959257444538,-0.0208227616662,0.0514848342289,0.2638108234325,0.2417090920374,0.3591818561717,1.0000000000000,0.5431612010014,0.5934976946016,0.6138163220135,0.6008369106984,-0.4404820095791,-0.1047126828674,0.3804993938942,0.6186059298116,0.5965103433933,0.5118787102409,0.6148949472486,0.1973410635693,0.0143140845824,0.3492758091014,0.5246641211865,0.5379331631765,0.1923017146951,0.3586786931464,-0.2326550082984,-0.1743475037870,-0.3117343406964,0.2367299757610,0.0726552657108,0.2792573342660,-0.1888894250686,0.4814524018517,0.4893263846894,0.2583454552265,-0.0727426770248,-0.0023742916536,-0.0224852358420,-0.1113934601210,0.1660369330086,-0.0578397446881,-0.1797859661609,-0.2007915884608,0.1742432315580,-0.0371146452981,0.1330183632507,-0.3449478225919,0.1044304879302,-0.1246500960609,-0.3892469508334,-0.0750233109883,0.0786978469916,0.2002180815674,0.0652066550167,0.6268532221000,0.5040391991099,0.5502083133715,0.9541160262395,0.3182882736387,0.5643178675669,0.4654280840742,0.4975025328455,-0.3206920872967,-0.1369034120761,0.0295359687724,0.5529345383815,0.6924867164716,0.5851620141478,0.4950535538269,0.2787460661083,0.5846403425563,0.4616074320237,0.0450801621549,0.1411739735448,0.2487852847726,-0.3525367791979,-0.2320386186846,0.2935967072447,0.1152856997931,0.3232950617336,-0.3801609213952,-0.0173788049791,-0.0802757407604,-0.1797355978425,0.2419885007155,0.1295180707436,-0.0225919762279,-0.0921571758193,-0.0872527132642,-0.0605976960163,-0.1514364668075,-0.0706461757155,-0.0809822761713,0.2098315309659,-0.3809544887210,-0.0017446176847,0.0787807625469,0.2340080694008
-0.0989915004977,-0.3042132249848,0.0258669309336,0.0288043571673,0.2145047626031,0.4776106518912,0.4188629692570,0.5361594806604,0.5431612010014,1.0000000000000,0.3547675859074,0.7119964788658,0.5943540575701,-0.2330645250713,-0.0629534375557,0.2685819484578,0.5777145441400,0.3145042513274,0.3703463044539,0.4273618248841,0.0107569710663,0.2823624513954,0.0706405136606,0.1779791112547,0.1816838168776,-0.1104609066352,0.0525399578907,-0.3073346480567,-0.2852179895067,-0.2511689416073,0.0570750634569,-0.2125518933567,0.1114784095423,-0.1918264746584,0.4332358170360,0.2894161221201,0.1117585876195,-0.1405733010519,0.0776716941918,-0.0629292479332,0.1316448973174,0.4347333688216,-0.0496123815908,-0.0969694148316,-0.1042134763182,0.1704757986398,-0.1411327945612,0.1469312558180,-0.2397949405577,0.4130620359999,0.0795496774979,-0.1830673257776,0.0225959533066,0.2644898849614,0.4401027246166,0.2215237477627,0.6527470468711,0.5475545177606,0.6192045700368,0.5445005245746,0.7938286008833,0.3683947611715,0.6155090286185,0.5187397233318,-0.0361336906537,-0.0673943085363,0.1440336675765,0.5239067643706,0.3443938781481,0.4525163715125,0.3972288671223,0.1558106777253,0.3603191591839,0.2810259579169,-0.0125289621408,-0.1585176068365,-0.0717576152502,-0.3949889283809,-0.3031001271383,0.1834267142602,-0.0930834775404,0.2762434000693,-0.1738508115187,-0.1208658022931,-0.1166125276750,-0.2564778756159,0.1341887623382,0.1884396878673,-0.1319702153775,-0.1286269781777,0.0024291358313,-0.1731726712586,-0.1261577209865,-0.1089994923531,0.0692514192821,0.1930622076832,-0.3150169936676,0.4282843748506,0.4403336547546,0.2930993336370
-0.3546956886102,-0.5627297107768,-0.4494121728109,-0.1404470547636,-0.0176970117831,0.1396714410511,-0.0282027587230,0.0217448126981,0.5934976946016,0.3547675859074,1.0000000000000,0.7007283358139,0.5851057567911,-0.5138081340873,0.1747476825792,-0.0445093340029,0.4225569289503,0.6049441184853,0.0676213372081,0.3284155782372,0.3432570797413,0.3198264482645,0.7387238196111,0.6860168603424,0.4938927734446,0.4123135590367,0.6372753636873,-0.0238419563629,0.0073764060485,-0.2858745763656,0.1768767320171,0.2747280907025,0.4916659215131,-0.1768311425373,0.2019396526693,-0.0045138045946,0.4681226089325,0.0520242640564,0.0522775900711,0.2559403996981,-0.1003467181957,0.1768664733418,0.0276323896022,-0.0951204129897,-0.1095352031736,0.3217891227906,0.1603644996387,0.3138263139529,-0.1071492752956,0.2196064117975,-0.2354857107079,-0.5517249466826,-0.1726032896065,-0.0710543059718,0.1513623585729,-0.2227163947302,0.3659837113412,0.2327055765221,0.0671911096116,0.5756940488241,0.1684701278618,0.8816669746308,0.4579802366254,0.4402376420259,-0.4288309967162,-0.0307887747265,-0.3722486892005,0.4622047015696,0.2537300779083,0.2991923609340,0.5169171151274,0.6146143555677,0.6332478058223,0.3407225127974,0.0540708459690,0.0917729625158,0.5130231863691,-0.0311301807027,-0.0897629083878,0.3557705595333,0.1627175243926,0.4141590046111,-0.3968667061267,-0.0454527430619,-0.0833791772758,-0.1605077685789,0.3718839861449,-0.1927045763896,0.1314267542566,-0.0120731417220,-0.0089103597225,0.2177285837563,-0.1104694342520,0.1277417042560,-0.1108756533670,0.3628126628183,-0.2088940464629,-0.0580736067372,0.0134242356197,0.2796197850313
-0.2378971111186,-0.4668306548511,-0.2198585247300,-0.1141558562387,0.1112576206705,0.3401183540165,0.2147116515395,0.3251892064536,0.6138163220135,0.7119964788658,0.7007283358139,1.0000000000000,0.6900012001237,-0.4051724220693,0.0289743208443,0.0535547080707,0.6706213821348,0.5298566003901,0.2598580701629,0.4047407329962,0.1968404923371,0.4253890408049,0.5234540309818,0.4681220932375,0.3674935120580,0.1241458384354,0.3851920883078,-0.2190255793299,-0.2279586412189,-0.3512488262104,0.1096221667275,0.0209293076434,0.3229668851260,-0.2087320428735,0.2834276383064,0.1224668604733,0.3395606322566,-0.1347135447330,0.0228615725218,0.1425579747767,-0.0780732101542,0.2608159451725,-0.1234852654916,-0.1697039774387,-0.2107250468998,0.2724440581512,0.0296786434987,0.2667215451538,-0.1943131408395,0.2997414306890,-0.0675116556928,-0.4022280095374,-0.1329915367298,0.0709863099289,0.3318668394035,-0.0150965071087,0.5321518281351,0.4256579646669,0.4112750429370,0.6133900718600,0.5480496474726,0.7248709373794,0.7744422224944,0.5511611437957,-0.2491120309109,-0.0405657462779,-0.1897506532019,0.6021229098615,0.3432208901729,0.3959391373478,0.5193609664113,0.5364917868039,0.6007000348998,0.3268295492426,-0.0055771708882,-0.0672071988132,0.2795939108935,-0.2683031408058,-0.2746054076694,0.3007087380700,0.0277918349570,0.3637088734033,-0.3822608482835,-0.1854024886983,-0.1991995057262,-0.2199232425187,0.2936671231346,-0.0104756980833,-0.0252806178669,-0.1254732572885,0.0026531334876,0.0567325638592,-0.2019636331326,-0.0077914217917,0.0042834671601,0.2894524598618,-0.3109143438428,0.1433554212024,0.1563304339552,0.2753594440913
-0.2366264165441,-0.4293255659296,-0.1831378349523,-0.0706808467802,0.0770291245346,0.2933171622007,0.2163951216702,0.3676076810116,0.6008369106984,0.5943540575701,0.5851057567911,0.6900012001237,1.0000000000000,-0.4021934339507,-0.0326698871503,0.0932397831292,0.6248558251447,0.5184030510297,0.1752102294420,0.5248102667188,0.1970446104443,0.1871813004055,0.2917628519081,0.4685096386924,0.3744943829058,0.0602874227633,0.3901498175436,-0.1500701221277,-0.1587933098365,-0.3242264653206,0.1038566029238,0.0176029392745,0.4351093898632,-0.1363240481638,0.2547512825346,0.0641191156121,0.2382937425209,0.0084650541320,-0.0172273875026,0.1086117435618,-0.1261994771501,0.1850899955592,-0.0996590872378,-0.1304954439501,-0.1299467457598,0.1903954440593,-0.0912558994842,0.2571830898649,-0.0974712757258,0.2519716381754,-0.0882696609471,-0.3573026899876,-0.1107367462972,0.0805229763196,0.2572869461382,-0.0179873181479,0.6995381237757,0.4978474412597,0.3905524887400,0.5907542865805,0.4808797890123,0.6164540418978,0.6421192114772,0.8803397873902,-0.2767463875388,-0.1034409098712,-0.1279143420086,0.6355145101869,0.2333597091351,0.5187736246413,0.3914938797122,0.2925794773288,0.4836645592420,0.3925036363161,0.0400118685445,-0.1364065908575,0.2405047609712,-0.1748122356025,-0.2170806461902,0.2793059297603,-0.0066178273064,0.4780537076179,-0.3463992708493,-0.1313572424448,-0.1581858085321,-0.1475808333700,0.2197792074935,-0.0830009598893,0.0050755861865,0.0622767824882,-0.1117625139946,0.0714908764083,-0.0635491724131,-0.0383851813087,-0.1843839227762,0.2675663732739,-0.2390884271880,0.1023170858636,0.1205372802243,0.2315365647268
0.5417472594871,0.7821981983904,0.4623028937039,0.4025107662125,0.1822328734280,-0.1482332751372,0.0661209382267,0.0311457877478,-0.4404820095791,-0.2330645250713,-0.5138081340873,-0.4051724220693,-0.4021934339507,1.0000000000000,0.2214567840798,0.1805346114316,-0.2048860959573,-0.3565553734614,0.1048372119458,-0.1615964726342,0.0153955208572,-0.0297575831022,-0.4148730992752,-0.4501132926641,-0.4771012195615,-0.2058007671829,-0.4824458706162,0.2439230469934,0.2476881251816,0.4655977224132,0.0682170610008,-0.0892131509566,-0.2657667810702,0.1404711563898,-0.1373935514872,0.1156603606143,-0.4165789472750,0.0993417237066,-0.1803226615256,-0.3263522209544,0.2139294696523,-0.1976766008112,-0.0280848118457,0.0156310084452,0.1369039444514,-0.3317258596479,-0.1104750116868,-0.2656709247532,0.3234419750809,-0.2083075691528,0.4366758346785,0.7210223658627,0.4072344520594,0.1288246711415,-0.1291640814916,0.2970852667694,-0.2983042090117,-0.1640220889150,-0.0434552181211,-0.4642487257156,-0.0889584790173,-0.5558269323477,-0.2500796431911,-0.3410209837652,0.8062693835870,0.2159195817534,0.4541452564909,-0.3143087363755,-0.1208950428186,-0.2075787816003,-0.2513059238897,-0.3500132804474,-0.4770430596783,-0.2462037484651,-0.0145071280266,-0.0201867736942,-0.4514054621551,0.2685291338918,0.3289735995745,-0.1288603683968,-0.2506474355707,-0.3757878198046,0.3778430729488,-0.0177959611483,0.0869908770831,-0.0668387913170,-0.4522216548226,0.2207500981274,-0.3249350846696,-0.0143373166833,-0.0896891626335,-0.3315974597482,-0.0322019940400,-0.1907929801951,0.0453870559634,-0.3524671134944,0.5499171477581,0.1437410646627,-0.0099709376045,-0.2957618522460
0.1950894049207,0.0355643561246,-0.0089117419725,0.3132459189302,0.2624662263085,0.0614927203483,0.1300015244276,-0.3134661986473,-0.1047126828674,-0.0629534375557,0.1747476825792,0.0289743208443,-0.0326698871503,0.2214567840798,1.0000000000000,0.1155098723049,0.0001206786989,0.2596297345876,-0.0331528232401,0.0632361465391,0.3078765140330,-0.0226686283368,0.2112409637298,0.2892558199715,-0.0194687816583,0.0639896674377,0.2374460582045,-0.0177379123290,-0.0530371498500,-0.2066042598039,0.1962482100770,0.1263026735669,0.2003790159903,0.1205938442805,0.0841839651420,0.1192051223849,0.1434684382265,0.1520874358122,0.2443403066006,0.1508499260968,-0.0185008060169,0.0120429809894,0.1613634422895,-0.1278232764900,-0.1601900398394,-0.1288254019125,-0.0602660145423,0.3804121919075,0.3454121942565,0.3576561748410,0.2517734575502,0.0261766684735,0.2697971641866,0.1033136504812,0.0660324150470,0.0792210769941,-0.3627937765004,-0.3381408059083,-0.1653945927815,-0.1595074081096,-0.2286642382556,0.1905463564701,-0.0599098477543,-0.0798594041897,0.2841707268659,0.5723279084676,0.0262853676097,0.0721141515362,0.0436933026360,-0.0261844467502,0.0766161747431,0.1543039889071,0.1273078767978,-0.1507013321204,-0.0307256638378,-0.1184897815257,0.2534667534353,0.0919786275310,-0.0764934558181,0.2244405195146,0.0402551123871,0.0624373322423,-0.1868739673578,0.0792886094063,-0.2589874401206,0.0183370773548,0.0388486947691,0.1393897082932,0.2375926400856,0.0408529748908,0.1080960588127,0.1268018737254,-0.1504186299454,-0.1525994677019,-0.1928316653145,0.3255070952035,0.2688432901174,-0.0138423841614,0.1820758105876,0.2953079237307
0.4407138230757,0.1441369139824,0.4024695526022,0.6421066909566,0.3329838827778,0.2612110683508,0.4847046961095,0.2544951523068,0.3804993938942,0.2685819484578,-0.0445093340029,0.0535547080707,0.0932397831292,0.1805346114316,0.1155098723049,1.0000000000000,0.4028821711575,0.2960894412834,0.6718086100673,0.3803449916545,0.1588872244189,-0.3624743462099,-0.2223310578607,0.0081272022668,0.0125971171860,-0.1631192202247,-0.1663455021671,-0.3203057226225,-0.2622152869963,-0.1834448929226,0.5639739859427,-0.0715661674849,0.0095572570542,0.0775120792321,0.6183912179673,0.7715634115335,-0.0903645060612,-0.1350415914202,0.1953427508195,-0.3819654420043,0.0356203834032,0.0748570401706,0.1579417851701,-0.2484471515912,-0.2075414617309,-0.1718508326397,-0.1018242621639,-0.0239925579632,-0.2480891474577,0.0067276871761,0.3943175893892,0.3108197320932,0.5996322380916,0.3833330226276,0.1834021802902,0.5379515187785,0.1843511343682,0.1033653708316,0.5488127686840,0.2996631522423,0.0959371671890,-0.0445570318060,0.0698079107841,0.0796570134559,0.2840346752761,0.0373918487807,0.7747779830880,0.2574524835639,0.5906354941189,0.2913870732554,0.1397974648715,-0.2821357591478,0.0021448689940,-0.0300709797556,0.1095360103713,0.0526298126309,-0.2192703960844,-0.4024825748333,-0.2564554608645,0.3284175594909,0.1395089988682,-0.0407376917597,-0.1378995082250,0.1906477819990,-0.1961137958542,-0.0931472713582,-0.1074992176751,0.5889948650935,-0.1688138677701,-0.3190352037804,0.0664467503113,-0.4074519268766,-0.2827054645340,-0.2996831775563,-0.0801395210537,-0.0165626185584,-0.1385118626157,0.1825611772429,0.2248303924897,0.0074049444909
-0.1024416942039,-0.3124391292890,-0.0381277245969,0.0765143383337,0.1417482003386,0.3386671336533,0.3211121204997,0.4907211383635,0.6186059298116,0.5777145441400,0.4225569289503,0.6706213821348,0.6248558251447,-0.2048860959573,0.0001206786989,0.4028821711575,1.0000000000000,0.6611244523849,0.4603996224241,0.5271696932359,0.3216516904828,0.0604188931127,0.2019438193316,0.2966702665369,0.2385522658728,0.0378605150058,0.1730309511176,-0.2399506622554,-0.2043495485901,-0.3161949115258,0.3162604841999,-0.0528072386476,0.2930855202814,-0.1475883877782,0.3610340530419,0.3313598385814,0.1454092611605,-0.1611015945648,0.0344871308631,-0.0733762825332,-0.0870406274559,0.1208195607535,-0.1209845551965,-0.2311779004048,-0.2256065621656,0.0576179346220,-0.2029910500796,0.1488483677494,-0.2680269850095,0.1591036596957,0.0037719803752,-0.1960270630642,0.0263050626700,0.1651531371618,0.3043033555331,0.1699910072302,0.5362660955430,0.5276376552995,0.6058357368308,0.5768702017754,0.4617198195985,0.4574033312851,0.6073524838724,0.4870559580799,-0.0389564498427,-0.0298146310927,0.1209485283446,0.8205181777108,0.4510941669996,0.5228935035666,0.4999475640167,0.2096073022905,0.3707259651125,0.2030812259831,0.1235508931754,-0.0025204430448,0.0644315566735,-0.3372558164149,-0.2313162547491,0.4396634880932,0.0503127729621,0.3459839166072,-0.3037791520649,-0.1137389953903,-0.1753854669883,-0.1916544952919,0.1184598052302,0.1603536135572,-0.0685707191766,-0.1466675038341,-0.0389491581432,-0.1233939974148,-0.2114112405316,-0.1802411110794,-0.1306306013041,0.1710615868142,-0.3065201195218,0.1669862193840,0.1509841076033,0.2087083498777
-0.2169413807488,-0.5054946759769,-0.3629817205729,-0.0348016183463,-0.0317569403945,0.1028179675881,0.0987648526700,0.0168460049936,0.5965103433933,0.3145042513274,0.6049441184853,0.5298566003901,0.5184030510297,-0.3565553734614,0.2596297345876,0.2960894412834,0.6611244523849,1.0000000000000,0.2339244833443,0.5496087875642,0.4787499484869,0.1039764494105,0.5457875488691,0.6682404517666,0.4509970586104,0.2324571079276,0.5820557867869,-0.1921689600693,-0.2157679986483,-0.3946116820159,0.4974633874692,0.2395427835814,0.5830220908424,-0.0399918891804,0.2697053509737,0.1598233194971,0.4709434894180,-0.0300001804329,0.0452310167226,0.1516446936722,-0.1467622175929,0.2039341966075,-0.0821728428589,-0.3301439320469,-0.3148893117057,0.2029389414944,0.1267177531327,0.1875801533327,-0.1402317999302,0.2253156367172,-0.1840853005187,-0.4789756392772,-0.0612757018758,-0.0802352346287,0.0901782433310,-0.1327207071855,0.2262987351285,0.1740856126521,0.2069045674458,0.5429438642902,0.1434482738399,0.6196546647814,0.3571816590675,0.3436825607422,-0.2907544264463,0.0816142949352,-0.1847455655152,0.7116841867056,0.3830885874110,0.5137070462037,0.4903328333815,0.4757680963257,0.6519782971833,0.2724706894770,0.1783061692185,-0.0017142000274,0.5499816104410,-0.1756655678283,-0.2991011453449,0.6917644601491,0.3186752886848,0.5332076073512,-0.3991669199506,-0.0744910700571,-0.3376505980386,0.0794150564888,0.3240791347726,-0.0664107083443,0.0750319276164,-0.0397002877577,-0.0376862668261,0.1497146003566,-0.2852118670548,0.0650620726927,-0.1437987854467,0.1809801043773,-0.2725578153564,-0.1052935826209,0.1444277714611,0.2621831428569
0.2174159470887,0.0612815084394,0.2654412112913,0.3306799963247,0.2270981370922,0.2619131195357,0.4148282906072,0.6026092457198,0.5118787102409,0.3703463044539,0.0676213372081,0.2598580701629,0.1752102294420,0.1048372119458,-0.0331528232401,0.6718086100673,0.4603996224241,0.2339244833443,1.0000000000000,0.5261801025664,0.2348215382775,-0.0375833287501,-0.0442218028113,0.1140780498962,0.1983530844597,0.0036795202807,-0.0149816444489,-0.1548830439474,-0.1769538581273,-0.0631780947171,0.4090962638473,0.0015318090543,0.0418946353974,-0.0314308731228,0.4751877025737,0.7384213898531,0.0068508200714,-0.0236029822526,0.0171112024237,-0.2744555655832,0.0118967588166,0.0184662123151,0.0898278248592,-0.0894196930795,-0.0645948469821,-0.0524472832560,-0.1127239122252,-0.0939813013026,-0.1827283939424,-0.0244326398183,0.2200654728997,0.1591166416612,0.2508815190658,0.2682987064150,0.2127073478796,0.3950582965888,0.2841271259949,0.3981325562897,0.6823737104915,0.5180752823901,0.2142703620132,0.0118621251735,0.2114404136065,0.0842167847284,0.1464877703193,0.0289333516261,0.4947875001402,0.2493162152554,0.7616151230152,0.4535372967810,0.2661543039943,-0.0800754394446,0.1283308191783,0.3603052574574,0.1015127967043,0.0431290700922,-0.1563925846144,-0.2680344264364,-0.1913124321076,0.2126864901347,-0.0976094487041,-0.0781239728358,-0.1333225592376,-0.0111106422069,-0.0636935012683,-0.1634689240729,-0.0122204582683,0.4406805823693,-0.2583650968438,-0.1453309400140,0.0368705630253,-0.3025920019235,-0.0427450157363,-0.2296626469622,-0.1077070821923,-0.0471241185375,-0.0934321080407,0.1333596969694,0.0555584555515,-0.0446915546284
-0.2288233039867,-0.2753165069644,-0.2262525499198,-0.0858372277513,-0.1211987746369,0.0348664955708,0.0980446953217,0.4822586830041,0.6148949472486,0.4273618248841,0.3284155782372,0.4047407329962,0.5248102667188,-0.1615964726342,0.0632361465391,0.3803449916545,0.5271696932359,0.5496087875642,0.5261801025664,1.0000000000000,0.3780038230519,0.1031221627739,0.2619406376206,0.3438453182416,0.5895669218170,0.1498665629733,0.3584194366395,-0.0063013952349,-0.0691931352730,-0.0197988824917,0.5025073500596,0.1806704250041,0.5814703392397,-0.0125830792545,0.2695891550013,0.2940550920357,0.1539186768271,0.3964412648010,-0.0576640563857,-0.0067500174361,0.0227371571485,0.2595263262112,0.1607793822963,0.0781807939472,0.1575354213690,0.2114535985497,0.1611399051078,0.0440271517090,0.0095502025318,0.1173493292679,-0.1960293746501,-0.2595501519754,-0.1293078247485,-0.1137431555048,-0.0018560820334,-0.0686221517281,0.4259116492423,0.4502971977227,0.3842126454899,0.5785593774043,0.2447520514232,0.2666756535815,0.2447266752594,0.3219869919807,-0.1404534782087,0.0308676453372,0.0241542291248,0.4302530476193,0.4414583430783,0.7465670971379,0.2676182797292,0.1405906118368,0.3509466240107,0.6231051215830,0.1377593382742,-0.0549213663163,0.2154839696306,-0.0852929377329,-0.1091536739477,0.3398565158864,0.0484518704502,0.3392643208450,-0.0562719289519,0.0168474169067,-0.0010964367938,-0.1121244422348,0.0891242093525,-0.0646288010313,-0.0892108875370,0.2838743494662,-0.2379820317155,-0.0390527766642,0.0935728240319,0.0412806202161,-0.1296456556362,0.0508635713464,-0.0684201295663,0.0104179709737,0.0789548364391,-0.0079739802135
-0.1796826332464,-0.1828582677993,-0.2950917859588,-0.1131114284196,-0.1592259800595,-0.1582170226930,-0.1996827003429,-0.1229560276778,0.1973410635693,0.0107569710663,0.3432570797413,0.1968404923371,0.1970446104443,0.0153955208572,0.3078765140330,0.1588872244189,0.3216516904828,0.4787499484869,0.2348215382775,0.3780038230519,1.0000000000000,0.2385975167224,0.4737331671662,0.4922383237007,0.3241306063916,0.3607460199310,0.4727462822960,0.1832735888215,0.1017238706489,-0.0060148639537,0.6204586983863,0.6258562585839,0.5660555801683,0.0725512266411,0.0423303265415,0.1044494092319,0.2918033625563,0.3037237238877,-0.1810802205931,-0.0366051457000,-0.2570221208239,-0.2319094869184,0.0555863473491,-0.1889357932582,-0.0086877617059,-0.0351728659052,0.2183720575138,-0.0950922806873,0.0360482041958,-0.1392009794465,-0.2213627353828,-0.2405796655470,-0.1363308987480,-0.2304115604196,-0.1705060621949,-0.2564269673435,-0.0899120933103,-0.0807360593482,-0.0902052807710,0.1622671861270,-0.1137160858675,0.3291544504121,0.1611794784639,0.0795045323729,-0.0985464841334,0.3055345904357,-0.1397024651942,0.2432908338183,0.1546282978349,0.3301078215407,0.5506287216026,0.4725891070498,0.3073005648797,0.3017518632066,0.4950061289678,0.2659424767945,0.4213415544990,0.0852895549154,0.0199786013942,0.5801527710304,0.2917869223837,0.3617046828652,-0.1075831142535,0.0204052761179,-0.0290315587973,0.0785470278498,0.1142231634374,-0.1326941462528,-0.0779000393447,0.0993349923544,-0.1436091588225,-0.0740881819206,-0.1306495557763,0.0683350175859,0.0746845297730,-0.1218598137460,0.1272117765185,-0.1742267964807,-0.1877326594278,-0.1087297158872
-0.2352549876482,-0.1023523350246,-0.2303996573623,-0.3280788994174,-0.0576894933801,0.0421148814459,-0.1304880459870,0.1200927725675,0.0143140845824,0.2823624513954,0.3198264482645,0.4253890408049,0.1871813004055,-0.0297575831022,-0.0226686283368,-0.3624743462099,0.0604188931127,0.1039764494105,-0.0375833287501,0.1031221627739,0.2385975167224,1.0000000000000,0.4672179355217,0.3273336294898,0.1799589563011,0.3032497876897,0.3790204455369,0.3152247900198,0.2314456221915,0.1958334048310,-0.0202573440693,0.2221812407107,0.2464863932266,0.0247717290495,-0.0988438910738,-0.2517404829971,0.3302042232974,0.1653721025659,-0.0799441667435,0.3517747707679,0.2313368077456,0.1559605453582,-0.0856919859486,0.0869506662285,0.1741224528040,0.4218595703207,0.3181724146864,0.0518755614315,0.3287157633301,0.0837337660546,-0.1715733190924,-0.2321701167089,-0.3339424394579,-0.1459535064112,0.0536413180862,-0.2754299975381,0.0411062415135,0.1147313788076,-0.1210252323763,0.0590134387022,0.3876194741471,0.2753545863291,0.3241060593084,0.0492861222511,-0.1404363456324,-0.0145103119422,-0.4346590204410,0.0471802369259,-0.1303284470452,0.0441725849225,0.2326675347499,0.5648718983038,0.3562026164090,0.3489849684813,-0.0072361382886,-0.1194312967095,0.2790250684974,0.3623832626570,0.1485075854968,0.1359070410413,-0.1995959558758,0.1203849095292,0.0792569164652,-0.2813379263372,0.0317234147430,-0.0625128412930,0.2546577135813,-0.2548614970551,-0.1597757516303,0.1369188698134,0.0611941922650,0.2392220652753,0.0602135801399,0.3512113592327,0.1505474800566,-0.0070594351600,0.1371751488313,0.1443281605525,-0.0576393164017,-0.0662765713795
-0.3761733669905,-0.4760391859627,-0.5505060383492,-0.2768063367010,-0.2050954629515,-0.0942838627717,-0.2405565417079,-0.2066210674396,0.3492758091014,0.0706405136606,0.7387238196111,0.5234540309818,0.2917628519081,-0.4148730992752,0.2112409637298,-0.2223310578607,0.2019438193316,0.5457875488691,-0.0442218028113,0.2619406376206,0.4737331671662,0.4672179355217,1.0000000000000,0.6840679387238,0.5607156033658,0.5966815586366,0.7906810771190,0.1262991169478,0.0684886777833,-0.1744656688428,0.2265926526063,0.5327266558430,0.6072892332078,-0.0603241520563,-0.0197974775694,-0.1922092401390,0.5600776718501,0.1256802166641,-0.0502783800512,0.4511523024208,-0.1215603337106,0.1116332854316,-0.0096177442422,-0.0552212696561,-0.0344905202062,0.4734128846709,0.4057104037802,0.1753282808723,-0.0039006332712,0.1423119938577,-0.3699287267164,-0.5747924147088,-0.2864170360521,-0.3087761347211,-0.0980309322056,-0.4355765711266,0.0301761168972,-0.0392881091696,-0.2309496960294,0.3460692882410,-0.0436861408249,0.6900603371188,0.2720178331907,0.1132041132451,-0.4293423426478,0.0301730268936,-0.5755049337436,0.2163242976802,0.1103080153085,0.1745615044015,0.4249848451727,0.8038482288893,0.6242464211387,0.3586457435939,0.0871256710680,0.1656130119408,0.7152742546660,0.1278325815906,-0.0597512969049,0.3815856326291,0.2455173430249,0.3655701983308,-0.3102056279354,-0.1066022734215,-0.0895112747158,0.0056634791229,0.3995618921073,-0.3554963746123,0.0818532933634,0.0263167868964,0.0066903523596,0.4076108886028,-0.0813747836706,0.2964541308071,0.0562253033779,0.1844701458543,-0.1098068663608,-0.2279916475481,-0.0901141851905,0.1480029519792
-0.2378426505284,-0.4895681774157,-0.3787448316860,-0.1062458462443,0.0811160080789,0.1870802776100,0.0914642719537,-0.1509691769631,0.5246641211865,0.1779791112547,0.6860168603424,0.4681220932375,0.4685096386924,-0.4501132926641,0.2892558199715,0.0081272022668,0.2966702665369,0.6682404517666,0.1140780498962,0.3438453182416,0.4922383237007,0.3273336294898,0.6840679387238,1.0000000000000,0.4791910961966,0.3909335360155,0.7710817755067,-0.0343316104660,-0.1438359220836,-0.3904287134733,0.2780958726075,0.3518092753361,0.4536870594598,-0.0376560761898,0.3014867020280,0.1137833549418,0.6484883071141,0.0604535736889,0.1441873512948,0.3341740854421,-0.1967897640975,-0.0396576963587,-0.0652152103832,-0.2976227604696,-0.3118434263046,0.2478262798558,0.1171346290345,0.3889609558950,0.0492047579568,0.1228006525162,-0.1718858754287,-0.5434924610594,-0.1634263261808,-0.0407190990878,0.1596822585021,-0.1843803721508,0.1418142300459,0.0280745215104,-0.0047774415269,0.5065580097381,0.0401569162487,0.7031302348674,0.3032132243234,0.3212621942703,-0.4324382769724,0.0958949574590,-0.3683969976027,0.3898087367101,0.3212171319959,0.3338819671391,0.4896366911476,0.5895483366403,0.8193975027671,0.4059171930101,0.0717098381995,0.0396363049779,0.6931592036744,0.0436943959513,-0.2605874937856,0.5234991734598,0.1881138864092,0.3798133686955,-0.4928587609149,-0.0857767478922,-0.2560508006265,0.0575339702506,0.5538918880798,-0.0500376268927,0.1437441590904,0.0331960875974,0.1695175244453,0.3506987251173,-0.1903708103880,0.1160155516055,-0.1604385019317,0.3849675228421,-0.1921531008994,-0.1721858194245,-0.1155733757710,0.2527132097618
