1.0000000000000,0.3092862604959,0.6205337593570,0.6671145906338,0.7175852071267,0.2525007627956,0.4834322693748,0.0499836546935,0.1043417833354,0.2487321045799,-0.0119710068051,0.1675258658547,-0.0666413906280,0.5179444042334,0.1301187084905,0.2594425631301,0.0988522149523,0.0787788578858,0.2443260929952,-0.1672258456168,0.0950009593599,0.0950293382140,0.0283201703152,0.0423151621195,-0.1096772579057,-0.1029422483579,-0.0173147719186,0.0004684167184,-0.2566684870649,-0.1993580132960,0.0713583269369,-0.1173827891922,-0.1914625534188,0.0475555865974,0.2275496926131,0.3328429630584,-0.0291003137017,-0.3788489902252,0.0173507754254,-0.1323497127842,0.1662690991590,0.0327703867924,-0.1435670720300,-0.3426898452396,-0.2113501578661,0.0506100824566,-0.1087819858010,-0.0174446585643,-0.0648662780975,0.0294813837079,0.8571830985371,0.4325085920599,0.5982469928538,0.4277204027469,0.2877744863847,0.6066181883188,-0.1521450659206,-0.1087752741409,0.1994951475036,0.0282634252022,0.2458454079196,0.0125451351661,0.1708642628131,-0.0869755189895,0.7004523928105,0.0523473611402,0.5517323288058,0.0671870034422,0.1038208619610,-0.0509079717392,0.1996231242732,0.0023056726010,0.0530622703209,-0.1822152683542,-0.0291383048095,-0.0036246372507,-0.0903648273502,-0.1880167330956,-0.2977011807840,0.1288186074471,-0.0255279413691,-0.1485137465340,-0.1031699347856,0.0033878655243,-0.2890927743151,0.0053059905508,-0.0769098248110,0.5005977175852,-0.1540355277658,-0.3853290534939,0.1750434365654,-0.1882595940907,-0.3887257381487,-0.1658653121068,0.0776889715266,-0.0118076249610,0.0376943575485,0.3403285584454,0.2427608996958,0.1579448086980
0.3092862604959,1.0000000000000,0.3538064994384,0.0475382610143,-0.0355098163510,-0.2834368629007,0.0398944449594,0.2169421354070,-0.3635229952742,0.0412367847414,-0.2880772754196,-0.1365151183502,-0.2383198782901,0.6030063020435,0.1344639110643,-0.3435132520230,-0.2342644004537,-0.4424761232066,-0.1581683708993,-0.2203316408048,-0.1460483200043,0.2593070213407,-0.1477396877145,-0.3769781296756,-0.3920532156318,0.2140946771752,-0.3241580472396,0.3293812880445,0.3609356295278,0.5905176590189,-0.3398194568872,-0.0627123380261,-0.2556943006835,-0.0823783828897,-0.0500492161888,-0.2513991665039,-0.2287546155822,-0.0579573795283,-0.1188628744879,-0.1392495988552,0.2062539830431,-0.0098902980200,-0.2925686529501,0.3046570755985,0.3832159093433,0.0023489906116,-0.0933347594581,-0.3108452235163,0.3621603835614,0.0293217500087,0.1268315143927,0.8327686190123,0.1615775380035,-0.0619833218958,-0.1066812779042,-0.0697254023717,-0.2577049814116,-0.0311903671584,-0.2046771350649,-0.4044051763358,0.1758597559869,-0.3433865636463,-0.1847219958378,-0.3072732839804,0.4821365058320,-0.0444520035319,-0.1297202637415,-0.2832993110815,-0.2912395839109,-0.4547722473467,-0.1584508028824,-0.0326515224103,-0.2736825662393,-0.0908086734878,-0.1911816850921,0.0631052737126,-0.4192724690715,0.2535439111418,0.4396703747921,-0.2480862832251,-0.3788044304685,-0.3101476181383,0.5386319663446,-0.3265553161065,0.1902240561712,-0.1620113044267,-0.1759809866087,-0.1103899231177,-0.2511479066285,0.0889813403834,-0.0163083216021,-0.0909697098735,0.2624288087928,-0.0011781061955,0.1707868468073,-0.3257940780747,0.4346812212350,0.2381184870160,0.0116698781475,-0.1509456216619
0.6205337593570,0.3538064994384,1.0000000000000,0.4054580638830,0.4935782282475,0.4237004064597,0.3741997719399,0.1906815281907,0.0223162572751,0.1063442773007,-0.2581670606995,-0.0294261712568,0.0240333597020,0.1967828799158,-0.0868076067322,0.1725621111646,0.0073029555281,-0.2208161586956,0.2067374165186,-0.0652490621565,-0.2050042569708,-0.0399904894448,-0.3157309478166,-0.2813567354412,-0.1603804268457,-0.1993528847413,-0.2556434800831,-0.0616211923930,-0.1460516998350,-0.0992710014247,-0.0885468129926,-0.2890430098364,-0.3257563605559,0.1326266808526,0.1137171387355,0.2688692456117,-0.1924552791794,-0.1984638114901,0.1725540781536,-0.0688716582371,0.1515685142050,-0.0816220335338,-0.0564165043012,-0.0207795137049,0.0053730599302,-0.0362285756026,-0.2832957366926,0.0736499523042,-0.1100021488706,-0.0770779123286,0.4940544209810,0.5390828480125,0.3288331671802,0.6756328969756,0.3016069298715,0.4934956479799,-0.1291608576340,-0.0935064093821,0.1095085664716,-0.0897788282245,0.1308003529295,-0.1916668127435,0.0112199530796,-0.0498521773931,0.4430711265455,-0.0972035466895,0.4337480089572,-0.1441193816687,-0.0650731948554,-0.1909631071016,-0.1530643659180,-0.2828362054429,-0.2336090036088,-0.1278054036929,-0.2055810486917,-0.1873116862409,-0.2646855706651,-0.1033414405449,-0.0965634081369,-0.2086878100951,-0.3600607049871,-0.3980562691981,-0.0981632230821,-0.0874091602915,-0.2554142278435,-0.0846386673055,-0.1262532411312,0.3605823900087,-0.1433029401171,-0.2950383725136,0.1428033963277,-0.1606044421552,-0.1266621434219,-0.2108144747263,-0.1543184183654,0.0012368232904,-0.0418972622199,0.0791731190850,-0.1035190130944,-0.0906364781605
0.6671145906338,0.0475382610143,0.4054580638830,1.0000000000000,0.7312151691174,0.4671234868229,0.7985703705528,-0.0163722587314,0.3530896673441,0.3884533184719,0.2284927596059,0.3144308561433,0.2049259353619,0.2985682866105,0.3805013800216,0.6237022097955,0.3760446075115,0.4119817912670,0.4214059311709,-0.0079212420418,0.2109105395894,0.0766487806021,0.1691265730147,0.2825929618666,0.0686764556343,-0.1040250382543,0.1546837697128,-0.2097455013149,-0.2679325184381,-0.3525598514988,0.3202895811341,0.0203017938701,0.0570344156185,-0.0326620086311,0.3870408803016,0.5777442863404,0.0543414197266,-0.2177005011350,0.0951909841851,-0.0209904815185,0.2447480183270,0.1877258268912,-0.0736686694872,-0.3466272040410,-0.3994011132685,-0.0220941225543,0.0825648631146,0.0296138560819,-0.1338330010785,0.0859881353568,0.7100691347041,0.2488128956353,0.8339618682392,0.5779318248521,0.4897397158714,0.7167445673748,0.1256753791738,0.0818591046944,0.5427592805135,0.3657685544399,0.2749797343016,0.2859779031131,0.3092261744283,0.1464785216088,0.5013063036369,0.1560320765828,0.6573472428602,0.4039105271217,0.5068112082682,0.2802019714575,0.3108072322235,0.0743665197540,0.3141547937706,-0.1493047246852,0.1429393133785,-0.1089099412995,0.0805943919107,-0.2665709275350,-0.3614379091077,0.4021103384378,0.0380560329820,0.0265503961906,-0.2174803451858,0.1305276406732,-0.4624737794862,-0.0212403251123,-0.0310685967735,0.6420999548631,-0.0022506039006,-0.4319412749821,0.1330683602549,-0.1797264103742,-0.4822491990504,-0.2542578618799,-0.0864841460132,0.0269418291129,-0.1000659338721,0.2629003181958,0.3125364159583,0.2122645735069
0.7175852071267,-0.0355098163510,0.4935782282475,0.7312151691174,1.0000000000000,0.6851370870835,0.6929787837028,0.1035344024846,0.3760048588156,0.5059151619234,0.2851558569815,0.4338883513382,0.2879055011561,0.1698945985169,0.2078640850187,0.3966395672227,0.4025047178784,0.3737832776144,0.3930956496807,0.0234710725830,0.1026716841677,0.1636742888716,0.1266319564904,0.2169728022778,0.0774362501829,-0.1607380049330,0.1153551715215,-0.2236688821443,-0.3360939077906,-0.4099042502051,0.2002476592675,-0.1106095015973,-0.0356465240870,0.0091879900428,0.2670755048006,0.4253627523010,0.0071551339697,-0.3055235632795,0.0493008573459,-0.0249584234159,0.2851602272113,0.2022374374103,-0.0954667442851,-0.3459024384321,-0.3886936181452,0.0525533877230,-0.0351807384208,0.1342558245036,-0.0848278844510,0.1065185718754,0.8048595978681,0.1460332305580,0.6250006399095,0.7215039065208,0.6872053008255,0.6751002353085,0.1295370188234,0.1194588792221,0.4818380591179,0.3292861861898,0.3647760124380,0.3598509821242,0.3735612476049,0.2084825714690,0.4415249253963,0.0803698452017,0.5201699720359,0.3847485594256,0.3226407980437,0.1873263001758,0.2389303168967,0.0330000237503,0.2240301842279,-0.1263634987657,0.0219719981264,-0.1796593902162,0.0271287382054,-0.3261400993369,-0.4307211315906,0.2650492967369,-0.0207885158504,-0.0450643816336,-0.3068966592654,0.0671904146755,-0.4521983277453,-0.0442091302464,-0.0483358727515,0.5433877468045,-0.0530228175119,-0.3953188123577,0.1105937569411,-0.1658924440253,-0.4507228053373,-0.2710090036045,-0.1214209951100,0.1043685513113,-0.1124207960509,0.3331192491362,0.2784769320404,0.2078467068208
0.2525007627956,-0.2834368629007,0.4237004064597,0.4671234868229,0.6851370870835,1.0000000000000,0.6516287774976,0.2305162358457,0.5194290482690,0.4899756576923,0.3910604941898,0.4734449060011,0.5904231368132,-0.1274363861954,0.0871471977889,0.4686161588031,0.5387466703767,0.4495872260079,0.4995897623252,0.2275903548885,0.0063743751199,0.1041924389675,0.0979795234772,0.2590603808074,0.2191976295984,-0.1476648133001,0.2050152934691,-0.3553542690460,-0.2851834840889,-0.4407790912445,0.2697842188800,-0.0778179876786,0.1314088184719,0.0166208763188,0.2247562149238,0.4419373916955,0.0488637178496,-0.0712571024324,0.2338188555772,0.1490091073381,0.2806361938322,0.2512649482083,0.1360582086677,-0.1098927252387,-0.2951468634668,0.0422828574460,0.0131649049921,0.3315726239576,-0.1364852920881,0.0925633835420,0.3759981896442,-0.1460373725193,0.3459698600539,0.8406036826608,0.8185700975554,0.5360749868722,0.4362603507139,0.3189892476095,0.5904146077484,0.5127775883622,0.2903151538873,0.4890221934121,0.4048585140192,0.4648318099445,0.0549088036483,0.0170379287854,0.4638643800543,0.4905380861581,0.4118997316294,0.3752049834745,0.1511703654448,-0.0501562759473,0.2401076876737,0.0610222471390,0.1067165947521,-0.2734695088387,0.1128402274566,-0.2060786864294,-0.3715977231397,0.2512725328394,-0.1017005394694,0.0355394002952,-0.3570395699883,0.1881588479001,-0.3536141417238,-0.0394360778526,0.0573998177630,0.4146093654733,0.1052075668990,-0.1906213073048,0.0867662232816,-0.0843341083959,-0.1863958185224,-0.2175721768193,-0.3839708819975,0.2563505136531,-0.2155223054497,0.1980159022434,0.1117032195453,0.1264144003676
0.4834322693748,0.0398944449594,0.3741997719399,0.7985703705528,0.6929787837028,0.6516287774976,1.0000000000000,0.1307525086392,0.4023073009471,0.5210114656412,0.2475994371986,0.4016811453081,0.4168253049866,0.1840675922224,0.2200582432257,0.5190720404077,0.5059756199599,0.4130525267680,0.4671884074675,0.0759243437979,0.0953936079497,0.1292823789451,0.0717816701003,0.2534407311894,0.0999788341020,-0.2338784490544,0.1324205187394,-0.2407705286484,-0.2998509484848,-0.3199552705811,0.2911268471264,-0.1114399637665,0.0115083162666,-0.1124743366099,0.4676055043394,0.4772303688688,0.1303757795628,-0.1957606576625,0.1591151058038,-0.0367721203296,0.2650202370665,0.2378777955731,-0.1621730498104,-0.2938929932435,-0.3958183542273,-0.0116468347996,-0.0559766416361,0.0603425655740,-0.1306964909005,0.1749258116014,0.5533077154701,0.1954793061108,0.6381715771816,0.6747115409286,0.7001425472563,0.7012221172014,0.2533027998633,0.2432037355543,0.6384522750903,0.3916581502576,0.3472067519466,0.3095871211796,0.3348627693368,0.3083908929963,0.3430994005266,0.0209482597538,0.5760131033048,0.5128056763463,0.4455416852049,0.3331347543062,0.1934519104492,0.0118701163934,0.3072320727353,-0.0051202330633,0.1121027383336,-0.2721730378398,0.0791934093785,-0.2502094006192,-0.3287141391623,0.4082660239614,-0.1373608602717,0.0506627929183,-0.1678852227220,0.0935384282499,-0.4546268081968,0.0040177834050,0.0814472138133,0.6242026502617,0.0026322137411,-0.3447422127725,0.2056548234617,-0.1720607278163,-0.3437962413167,-0.2494449451464,-0.1926674613516,0.0219546136486,-0.1312330937583,0.3173676512236,0.2997064189974,0.2223962805487
0.0499836546935,0.2169421354070,0.1906815281907,-0.0163722587314,0.1035344024846,0.2305162358457,0.1307525086392,1.0000000000000,0.3959478363361,0.4227722169922,-0.0322544302444,0.3054962454335,0.4940956982245,0.1140313421137,-0.3013124695685,0.0574339254751,0.4814782351806,0.1131872485708,0.4557756900860,0.5498088629989,0.1117110487398,0.0363994299482,-0.1842100881059,-0.2367230935954,0.0053962057680,0.0718990315465,-0.2000122624784,0.2403346457539,0.0093988806883,0.2948685508822,0.0062936599056,-0.0292879734588,0.0965023382088,0.0676861927714,-0.1797445188238,-0.0793663853470,-0.3872383690221,-0.0036788013003,-0.3068509689741,-0.2304858038720,0.0140751266639,0.2065020024899,0.0074050131116,0.2819895504943,0.4897993397246,-0.0064541537485,-0.1119674690223,-0.2698718557964,-0.1752165151144,-0.0882985832855,0.0827095676811,0.2545004224868,-0.0260535624104,0.2838498941659,0.2093780088392,0.3964286701081,0.5064125190306,0.7439901003113,0.4275237337434,0.2009737112661,0.4406458085592,0.0793564625500,0.3467941791734,0.2942611147238,0.3427249087735,-0.3731667255030,0.0859832241977,0.3008077287502,-0.1300732753721,0.1257719285042,0.0995099060085,-0.1714437566649,-0.3062943176242,0.1853461231053,0.0186036641057,0.0446038803505,-0.4392970657351,-0.0686800869093,0.1083716721272,-0.2658689918185,-0.0826488900516,-0.1064129652846,0.1721575202811,-0.3804114280591,0.2740447227697,-0.2064523728023,-0.3745017135152,-0.1925129477665,-0.3890472634804,0.1712590208224,-0.3320935758718,-0.2763454405417,0.2130325264471,-0.1585625463017,0.0085696887545,-0.2544696849400,-0.0892508203076,0.3621430034298,0.0986707306038,-0.1801689235751
0.1043417833354,-0.3635229952742,0.0223162572751,0.3530896673441,0.3760048588156,0.5194290482690,0.4023073009471,0.3959478363361,1.0000000000000,0.4611491898046,0.4441913133523,0.5483569981374,0.6620558026905,-0.1471720892835,-0.0011089160205,0.6624860942075,0.7595272368838,0.7300245437010,0.7545874475647,0.6302179213323,0.4144795329815,-0.0003423992400,0.2726649722458,0.4667679298839,0.5043363942768,0.0025198661155,0.2834520608619,-0.1731891420310,-0.2277863285833,-0.3024124335428,0.5466174424087,0.1832043990576,0.4020934781812,-0.0034068666992,0.1373571196893,0.5086673200769,0.0017186381507,0.0100022799236,-0.1236447451773,-0.0056022791241,0.0591486497216,0.2938934533955,0.0882837504427,-0.1178922899303,-0.1716331123196,0.0362177878081,0.1646120125262,-0.0369359860670,-0.3305050116984,0.0181177258267,0.2236932984270,-0.2390696448307,0.2506129033638,0.4101457755710,0.3950101823994,0.5097709200375,0.6651633420605,0.5680126110180,0.7758560534516,0.9016344455864,0.3054854963713,0.5195905764664,0.5231058392834,0.5426235308904,0.0826382496025,-0.1783080243391,0.3604134031934,0.6994919850981,0.5888084666537,0.7185786121957,0.4222287287247,0.1326921135515,0.3780873613540,0.3393122060171,0.1720486200174,-0.0095575755767,0.1426733930833,-0.3295381795557,-0.2886444141191,0.3111684842056,0.1813582498578,0.2615323097349,-0.3540385898642,-0.0168776494097,-0.1485536205278,-0.1078864814049,-0.1275558416072,0.2531529811899,-0.1431104053692,-0.1193584649167,-0.2348562953676,-0.2752070942187,-0.2114875301342,-0.2479821711377,-0.1344841274333,-0.0233927717054,-0.3643493079594,0.1373069435173,0.1966747789388,0.0631313947439
0.2487321045799,0.0412367847414,0.1063442773007,0.3884533184719,0.5059151619234,0.4899756576923,0.5210114656412,0.4227722169922,0.4611491898046,1.0000000000000,0.4810622726458,0.7944214997315,0.5699530445526,0.1421389030875,0.1054646241315,0.3036697432931,0.6125332066727,0.4134536449419,0.4456598717985,0.2631739397002,0.2262410664185,0.4525899738246,0.1867060113630,0.2626060791724,0.0162490410751,-0.0554125515342,0.0515498344702,-0.0441586982158,-0.2082581404922,-0.1355381492823,0.2199684633337,0.0282575747240,0.0880863727504,0.0818580247379,0.0912036594535,0.2505132154856,0.0110947175510,-0.1768312680143,-0.1619601431691,-0.0537136665453,0.2485436639287,0.3186688666498,-0.1105589533741,-0.1569697637103,-0.1709751907352,-0.0079440169686,0.1244070134687,-0.1093150957693,-0.1259044122513,-0.0080236691531,0.3113992221320,0.0314842163500,0.3454565791567,0.3867461296691,0.5415803954220,0.4247135725134,0.5004169808977,0.4702636395566,0.6194873137342,0.4448277607624,0.8085443157901,0.5148657018495,0.6645140433045,0.4379123021021,0.3070693830777,-0.0281645120610,0.3200720753120,0.5773661014861,0.2780836386204,0.3935476332197,0.4508111076065,0.2655606476669,0.3144667190878,0.1455790895622,0.1991303490368,-0.0545715711719,-0.0185080457371,-0.2107964431688,-0.2398540942223,0.3069091095895,0.0438471073393,0.1895737524765,-0.0312018175035,-0.0723556783544,-0.2063338507032,0.0296469478332,-0.0009216195046,0.2420824370222,-0.1690269576101,-0.1543128026542,-0.1241842891785,-0.1920538186041,-0.1877763596487,-0.1844061894077,0.0312369418397,-0.1234763027758,-0.1006957738851,0.5572904674117,0.5158725847221,0.1095597025198
-0.0119710068051,-0.2880772754196,-0.2581670606995,0.2284927596059,0.2851558569815,0.3910604941898,0.2475994371986,-0.0322544302444,0.4441913133523,0.4810622726458,1.0000000000000,0.6939306747678,0.4891640493180,-0.0403463947944,0.2843768178799,0.2417711448483,0.4997801701648,0.6041780307784,0.2497372291975,0.1573764222676,0.1919550468843,0.4295691192761,0.5946796467344,0.5542845348868,0.2596972934010,0.1930184934837,0.5480286906099,-0.1834338766258,0.0371186673592,-0.2369593034311,0.3391731358330,0.2787157549033,0.4199996136570,0.0015214180994,0.0969188441025,0.1457707937227,0.3379421884632,0.0250457524983,0.0779009103256,0.3669986632745,0.2833811542933,0.3359333521037,0.1943186996577,-0.0172651435739,-0.2666943545363,0.1182460057859,0.4112137312899,0.2251400237783,0.0795370351326,0.1704622516010,0.0512369876334,-0.3976191081488,0.1187882838731,0.1123697598596,0.3768718305462,0.0323898100947,0.3848155523948,0.2197446831005,0.3873733630787,0.5496247597626,0.2458031865781,0.8396925916475,0.5017743561987,0.4024350537609,-0.1390752570896,0.1245795411086,0.0526209477407,0.5178639648829,0.5283436058434,0.4102102336949,0.4191643960346,0.4714421102307,0.5343727988641,0.1046322272697,0.2397330787881,-0.0463151497288,0.3935125506373,0.0681645480618,-0.1516184462202,0.4744592490581,0.1997963086239,0.3747991946802,-0.1821442062409,0.2372602277021,-0.1551491947609,-0.0195196622102,0.2125310057527,0.0690468186061,0.1856509868221,-0.0065786395113,0.0208973806656,0.1061327656758,-0.1006928357348,0.0007965683047,-0.1682350799567,0.2416244210048,-0.0450338883139,0.1699914110175,0.2881710790283,0.2063919316023
0.1675258658547,-0.1365151183502,-0.0294261712568,0.3144308561433,0.4338883513382,0.4734449060011,0.4016811453081,0.3054962454335,0.5483569981374,0.7944214997315,0.6939306747678,1.0000000000000,0.5775883522726,0.0351839803344,0.1509250416041,0.2757745648125,0.6896997789845,0.5441761497096,0.4299815382131,0.2370972923138,0.2642329490075,0.4399073453343,0.4851723935386,0.4102242344418,0.1616975283223,0.0319704591590,0.2372159101905,-0.0910171288560,-0.1321046934516,-0.1989351265099,0.2853001002496,0.1145381472818,0.2470041728157,0.0099763703009,0.0445930581768,0.1976550656697,0.0999683526487,-0.1968127321642,-0.1410094800143,0.0728615752200,0.2275567655151,0.3910467581438,-0.0086040758594,-0.1300551143326,-0.1959782588977,0.0839728289917,0.2768404397466,-0.0002625307725,-0.1599793358110,0.1608052052999,0.2588721027509,-0.1549044171078,0.2514679172580,0.3026673016645,0.5029946307042,0.3220181324555,0.5224489434690,0.4380005861563,0.5917498137651,0.5651595795280,0.6621259146202,0.7455201112752,0.8090154547805,0.4588239497094,0.1732580988086,-0.0052978634355,0.1989932191088,0.6071213542062,0.4043113319490,0.4324600717025,0.5222008155973,0.4584061998410,0.4396865777088,0.1244228343298,0.2205941702487,-0.0140399316417,0.1096044364892,-0.1512811890064,-0.2234284639545,0.3752917859317,0.1911949536924,0.3032074094746,-0.1096650390871,-0.0006809113902,-0.1663917865326,-0.0207780912845,0.0147114350344,0.1575356184491,-0.0686080719239,-0.1410881226479,-0.1060949362229,-0.0921617483954,-0.2032962536145,-0.1636798050077,0.0466767160580,-0.0036166165766,-0.1573709235212,0.4254117189372,0.4585177059788,0.2110606447535
-0.0666413906280,-0.2383198782901,0.0240333597020,0.2049259353619,0.2879055011561,0.5904231368132,0.4168253049866,0.4940956982245,0.6620558026905,0.5699530445526,0.4891640493180,0.5775883522726,1.0000000000000,-0.1785001567243,-0.0782533661350,0.3493047250516,0.7125679275965,0.5487523503577,0.4207956135491,0.4940972431942,0.1359228958038,0.0976930913309,0.0995678815207,0.2184677089446,0.2581063222577,-0.0907632860464,0.1603154947197,-0.1048131958666,-0.1736971214837,-0.2009595268776,0.2416269508836,-0.0166716314127,0.3321766278407,0.0137298647007,-0.0195422369950,0.1975291282323,-0.0713852073313,0.0119043216913,-0.0797579341007,0.0336250381191,0.1164570542674,0.3344332600459,0.0854745246061,0.0297136392237,-0.0263250715263,0.0128305152891,0.0567170670483,0.0197501509068,-0.1482130706139,0.0359255031614,0.0131483019521,-0.1986129997535,0.1033828434682,0.4304351036726,0.5135141005639,0.3985793536457,0.8176744979216,0.6618834191826,0.6838169717761,0.6408490133878,0.3956390193387,0.5529400066286,0.5929132262369,0.8600071585002,-0.0416645083054,-0.2236253722445,0.2022708699761,0.6986484558777,0.3405538497817,0.5211944423848,0.1880623328038,0.0101263615814,0.1838868620204,0.1469896800725,0.1034025566685,-0.2079898829555,0.0000810078667,-0.1732210326742,-0.2291357276224,0.1759179998013,0.0006978998183,0.2221123506473,-0.1921780278809,-0.0712175912595,-0.1836880942714,-0.1201686952320,-0.1282160200013,0.0770565597661,-0.0980866458869,-0.0446843993023,-0.2333770429955,-0.1215687919918,-0.0939159355150,-0.2027727761138,-0.2147084833041,-0.0267337487672,-0.2585324071529,0.2320205328634,0.1023084416435,-0.0558726366123
0.5179444042334,0.6030063020435,0.1967828799158,0.2985682866105,0.1698945985169,-0.1274363861954,0.1840675922224,0.1140313421137,-0.1471720892835,0.1421389030875,-0.0403463947944,0.0351839803344,-0.1785001567243,1.0000000000000,0.1759284827965,-0.0510732432784,-0.0770202541089,-0.1997612594916,0.0591423703240,-0.2584356246672,0.1802234818517,0.2726545336591,0.1151045032638,-0.0703152667718,-0.3009399614846,0.3213705770359,-0.0742309684356,0.2759939182355,0.3093216156601,0.4686308393553,-0.1662502338161,0.2162716921440,-0.1716914693090,-0.0642875573633,0.1087714307197,0.0852170778361,-0.1675881955475,-0.1248878772266,-0.2047240013583,-0.1380800848781,0.1664461144433,-0.0426506655134,-0.2719689625529,0.0404475377432,0.1387666119725,-0.0081142206765,0.0364147337287,-0.2450837009742,0.2863298901714,-0.0509973996405,0.3953029045750,0.5025311538067,0.2662316121561,0.0158081822392,0.0265512669551,0.1683212279724,-0.1878952883792,-0.0185682936297,-0.0738194333584,-0.2003253489994,0.1702577631393,-0.0792241561603,0.0307608703899,-0.2468655334375,0.6484379858432,0.0217497594462,0.1388535700164,-0.1281118981816,-0.0103088293332,-0.3044715802877,0.2085362555878,0.1147538722365,-0.0518427556101,-0.1858859033016,-0.0101488684208,0.2262026110785,-0.2938124786608,0.1319877066355,0.3098216339313,-0.0725508622512,-0.1656094611427,-0.2381850408803,0.3424556931092,-0.2226721660636,0.0699324478251,-0.1413820557899,-0.1708179524760,0.1105257989170,-0.2963066032989,-0.1080071155367,-0.0389346493700,-0.2352697155690,-0.0176806499788,-0.0961489084081,0.1513460620741,-0.1806494202890,0.4898949950438,0.3248311283067,0.1474830198107,-0.0290313464250
0.1301187084905,0.1344639110643,-0.0868076067322,0.3805013800216,0.2078640850187,0.0871471977889,0.2200582432257,-0.3013124695685,-0.0011089160205,0.1054646241315,0.2843768178799,0.1509250416041,-0.0782533661350,0.1759284827965,1.0000000000000,0.2039033581887,0.0085329111157,0.2481126465545,0.0623601775653,0.0168283578131,0.2306196041207,0.2667320137461,0.3259270860060,0.3870522756958,0.0220482613931,0.2017850409127,0.2576054748075,-0.1097887751298,0.0876337243417,-0.0658590161514,0.2714396771333,0.2294826703079,0.1678928902975,0.0666575603953,0.2918681820059,0.2946240913050,0.2742864105701,0.3722448385311,0.3302079683885,0.2782950867648,0.2630089834278,0.0659057425907,0.2071774307960,-0.0107649696792,-0.1790764450245,-0.1160891198767,0.3237715350323,0.3452205028440,0.5229710500236,0.2843280889157,0.1385155535582,0.0504167365519,0.3516211038379,-0.0139497144141,0.1947795043727,-0.1550993191519,-0.1374577666268,-0.1752873746960,0.0860141157967,0.0973121113328,0.0418961849738,0.2026760152180,0.0307737799478,-0.0636231281864,0.0282991378593,0.6610326532094,0.0965442753032,0.1121364582689,0.3326473304286,0.1909278172037,0.1430498554956,0.2179630870105,0.4008342594951,0.0230358040909,0.1468679458756,0.0293848420110,0.2636011299667,0.2002249294075,-0.0840700113766,0.4045560455229,0.0583645220671,0.1246102748613,0.0785984314430,0.3541172110181,-0.1561257963236,0.1278516408064,0.2858111067017,0.2982279293503,0.3954017008333,0.2213084025710,0.2370520699335,0.2388116659994,-0.0080862141611,-0.0665161305008,-0.0524926386550,0.3098499407289,0.3358722540647,0.0053219011741,0.1069234943492,0.1951930027009
0.2594425631301,-0.3435132520230,0.1725621111646,0.6237022097955,0.3966395672227,0.4686161588031,0.5190720404077,0.0574339254751,0.6624860942075,0.3036697432931,0.2417711448483,0.2757745648125,0.3493047250516,-0.0510732432784,0.2039033581887,1.0000000000000,0.5225690368277,0.5818627470137,0.6771019785684,0.4275867567099,0.4324012758205,-0.0159548597685,0.2063322335029,0.4529549112557,0.3896999446451,-0.0531139314711,0.2956674176385,-0.2440929366172,-0.2401722793405,-0.3748614561723,0.7773747118116,0.2877221854329,0.3675165387857,0.0742888827170,0.4729767215687,0.7987831389585,0.1443774899114,0.0996945528947,0.1687616516844,-0.0062138985565,0.0563751281295,0.1803387185724,0.1867415671067,-0.2558251683799,-0.2792467298557,-0.0407300797344,0.2692264351949,0.1075709803420,-0.2379525476233,-0.0570742686182,0.3323553097732,-0.1711436193951,0.4798330897676,0.4245370978134,0.3571186595776,0.5206011834700,0.3119665418324,0.1868843984880,0.5998903326586,0.6053778143153,0.1477240162682,0.2977366422456,0.2646967560290,0.2590854975625,0.1041951302807,0.1106062056904,0.6990180980601,0.4855771604661,0.6228864896393,0.6326348183072,0.3491391357399,0.0368400173595,0.3792812024073,0.2044673279102,0.3100930741923,-0.0250435368148,0.2216945824314,-0.2407388169491,-0.3549594872830,0.5051416458302,0.2447771050951,0.2469948725221,-0.3182899499614,0.2945672818192,-0.2482374709215,0.0665177469085,0.0896333244710,0.5731840084828,0.0438803865907,-0.1721411245480,0.0834369444970,-0.2368906215178,-0.2914339128325,-0.1839822351690,-0.1390822527313,0.1513406413057,-0.2116815601122,0.0686840513417,0.1882146342511,0.1234370792039
0.0988522149523,-0.2342644004537,0.0073029555281,0.3760446075115,0.4025047178784,0.5387466703767,0.5059756199599,0.4814782351806,0.7595272368838,0.6125332066727,0.4997801701648,0.6896997789845,0.7125679275965,-0.0770202541089,0.0085329111157,0.5225690368277,1.0000000000000,0.7185371205459,0.6186979745854,0.5340275346665,0.4329398364773,0.1327219123862,0.2439052151701,0.3702395904633,0.3913446166362,-0.0454490803409,0.2281899205881,-0.1517656125712,-0.2130999267715,-0.2370732876523,0.4932384036590,0.1055284387528,0.3960381228969,-0.1167141141083,0.0667352422841,0.3453212974058,-0.0382287069527,-0.0413668944895,-0.1604075276055,-0.0627297872569,0.1588726825909,0.3618141422266,0.0116131167781,-0.0788256384069,-0.1246229118737,0.0849747434731,0.1368733029324,-0.1034807797848,-0.3167331677202,0.0508381901911,0.2236935852782,-0.1367827804308,0.2880750504707,0.4303679045930,0.4756945959881,0.4945483271277,0.6518922463954,0.6296383782287,0.7926086898141,0.6848619292928,0.4869547272204,0.6056863339269,0.6304757592056,0.5762627316803,0.1166578450049,-0.2087381430278,0.2771091038636,0.8557485957294,0.4711298740054,0.5900117627847,0.4412560335372,0.0968195008909,0.3227606417443,0.1589049196505,0.1833742288275,-0.1279187274707,0.0066433773145,-0.2953815924674,-0.2541896639092,0.3450563489932,0.0764130462198,0.2502786061407,-0.2275653482843,-0.0888833563834,-0.2127279913259,-0.1312282830534,-0.1606962686928,0.1961915367391,-0.1694529864689,-0.1576085584312,-0.2429336990682,-0.3177095457188,-0.2264017744493,-0.2518635131228,-0.1350431148901,-0.1116128467735,-0.3513675656194,0.3159679141811,0.2589889052624,0.0350917017235
0.0787788578858,-0.4424761232066,-0.2208161586956,0.4119817912670,0.3737832776144,0.4495872260079,0.4130525267680,0.1131872485708,0.7300245437010,0.4134536449419,0.6041780307784,0.5441761497096,0.5487523503577,-0.1997612594916,0.2481126465545,0.5818627470137,0.7185371205459,1.0000000000000,0.4380516006660,0.4489993796865,0.3683846426297,0.0340665841629,0.3961053469587,0.6440098248041,0.4797303409455,-0.0464251798451,0.4478180796864,-0.3096989415831,-0.3233635477444,-0.4522418607591,0.6365986904724,0.1860687460166,0.4909016744955,-0.0360314098811,0.1341283717785,0.3773860317553,0.2530781337809,0.0406865117526,0.0271190166960,0.1164157077954,0.1188565985372,0.4025391442108,0.1443002574558,-0.2277796108209,-0.3222850852983,0.0913869144070,0.2895402727508,0.0955110654926,-0.1788451587786,0.1432757325138,0.2175964039707,-0.3776943324491,0.3478317674350,0.2603479522388,0.4039428254393,0.3384719715567,0.5500332519690,0.4178897213290,0.6750486461125,0.7657316331893,0.2455677104801,0.6114103854058,0.4465585369258,0.5146382625015,-0.0573103051340,0.0118404814907,0.2760832279119,0.8019880956866,0.5765902866311,0.7083267838379,0.3512807054603,0.1884763264943,0.5718474673764,0.1464916131229,0.2361755191643,-0.0628156674564,0.3493416294847,-0.2812044164130,-0.4289032967469,0.6071247696976,0.3491183013846,0.4220730367519,-0.3322185172161,0.1684474689414,-0.2874967034678,0.0432951136938,0.0951908442724,0.2765762617678,0.0763316150700,-0.0708374100105,-0.0961514764396,-0.0733693146378,-0.3131128917625,-0.1356264706497,-0.1001515928013,0.0911548063479,-0.3110871306893,0.0940588635854,0.3092329157349,0.1496383561842
0.2443260929952,-0.1581683708993,0.2067374165186,0.4214059311709,0.3930956496807,0.4995897623252,0.4671884074675,0.4557756900860,0.7545874475647,0.4456598717985,0.2497372291975,0.4299815382131,0.4207956135491,0.0591423703240,0.0623601775653,0.6771019785684,0.6186979745854,0.4380516006660,1.0000000000000,0.5601057172560,0.4117503513569,0.1521026221925,0.2194192191075,0.3164772959648,0.3943304631212,0.0686820185318,0.2198884594418,-0.0929840387852,-0.1178663503033,-0.1504708584963,0.5013613715347,0.2512063450503,0.2637231507064,-0.0054528097012,0.2236761302912,0.5724992157479,-0.0368623249199,0.0924669816306,-0.0932422442804,0.0278425859190,0.1921488897489,0.2325726627340,0.0723588701232,0.0216657164587,-0.1041488543129,0.0551882409570,0.2078022158456,-0.0918195535322,-0.2321611624226,-0.0222117449005,0.3454691438069,-0.0424655487803,0.3032624321325,0.4292453961220,0.3749607897940,0.4954428992300,0.3843543833136,0.4693246266730,0.6842977114150,0.6336829876768,0.3299834073798,0.3336161004406,0.3857900256964,0.2335503282241,0.2465944624868,-0.0459454964877,0.4712950894813,0.4833476804738,0.5853731401740,0.5291659409471,0.3996141161593,0.0742798805141,0.2487178014099,0.3692860331540,0.2379389645059,-0.0582294224832,-0.0169942427732,-0.1574131120832,-0.2100743376964,0.2216560103803,-0.0211219829201,0.0257187859674,-0.2078557907448,0.0135921691995,-0.1088009220818,-0.0785459559779,-0.1085568835552,0.3129103144115,-0.1624996332369,-0.0825085714860,-0.1574278725607,-0.3281588157089,-0.0704564142002,-0.2059704545165,-0.1973182395083,-0.0270117108599,-0.1704986775655,0.2375501336211,0.2315706033469,0.0501178898839
-0.1672258456168,-0.2203316408048,-0.0652490621565,-0.0079212420418,0.0234710725830,0.2275903548885,0.0759243437979,0.5498088629989,0.6302179213323,0.2631739397002,0.1573764222676,0.2370972923138,0.4940972431942,-0.2584356246672,0.0168283578131,0.4275867567099,0.5340275346665,0.4489993796865,0.5601057172560,1.0000000000000,0.3283248781918,-0.0029912687853,0.0643480783928,0.1928372904887,0.5178598533405,0.0245037986301,0.2161902040182,0.0768861858029,-0.0869904426487,-0.0212602872071,0.5231799608160,0.1611640379059,0.5050851875699,0.1667855166184,-0.0419121876292,0.1736832620975,-0.0777202176920,0.4559035486487,-0.0833526097753,0.0759531478404,0.0168671172598,0.2221307967493,0.2427629495716,0.2372498774752,0.2542142010078,0.0803825752873,0.2003639008325,0.0115918758622,-0.0804004012046,-0.0611209966495,-0.1186564332709,-0.1738331782207,-0.0796296470941,0.1321941283190,0.1245513070069,0.1356398274269,0.4441703821573,0.4992627284676,0.4380936344497,0.4611852195118,0.1556707190786,0.1948391810772,0.2155677688511,0.3272787715892,-0.1180896050034,-0.1866384825810,0.0762176762200,0.4213613851909,0.1933247225489,0.5784165126403,0.0889757708663,-0.0793896455894,0.0578484895262,0.4443473004917,0.0846341575250,-0.1200101818254,0.0063268858911,0.0102097152230,-0.1056112384032,0.0806106385897,0.0511433155993,0.1357194150451,-0.1240617531809,-0.0835803947526,0.0693319537273,-0.0789120434872,-0.1338461383018,-0.0843311395276,-0.1596672515710,0.3029240271026,-0.3013180757597,-0.1251393823321,0.1271814220427,-0.0979592776411,-0.1323104348759,-0.0326027965967,-0.2143700472033,-0.0060754900369,-0.0429727874114,-0.2335177648687
0.0950009593599,-0.1460483200043,-0.2050042569708,0.2109105395894,0.1026716841677,0.0063743751199,0.0953936079497,0.1117110487398,0.4144795329815,0.2262410664185,0.1919550468843,0.2642329490075,0.1359228958038,0.1802234818517,0.2306196041207,0.4324012758205,0.4329398364773,0.3683846426297,0.4117503513569,0.3283248781918,1.0000000000000,0.2811970206501,0.5184490550952,0.5147001617679,0.3649262480246,0.3094676678074,0.4071343515081,0.0914730955220,0.0048698385593,-0.0254649399110,0.5552780562927,0.5962776904529,0.4851886898758,0.0286301433236,0.1923879752854,0.3796781825926,0.1032671420992,0.1109360616970,-0.3000052704405,-0.0472269359281,-0.1409485471370,-0.0319560560121,-0.0113196117315,-0.1608601284883,-0.0117913826035,0.1296000308090,0.3586220422779,-0.3137307257626,-0.1252315861687,-0.0611807152899,0.1291789068272,-0.1290456571417,0.1819927156786,-0.0655657980914,-0.0580895950652,0.1810184102623,0.1900457756067,0.1099608472726,0.2470493175632,0.3039707697858,0.2573826899746,0.2585419164450,0.3440385513487,0.1581933585363,0.1715335040012,0.1464941352719,0.1442369351903,0.3698417251377,0.2777122923342,0.4170668091756,0.7037227048004,0.4533231556247,0.4146491836484,0.3356123441860,0.4173095848494,0.3557189416185,0.2427477555634,-0.1600475897694,-0.0819285690055,0.3836312309429,0.3345027095965,0.3658724186947,-0.1259679242525,-0.1011031645993,0.1340527142446,0.0429961044088,-0.0715623956821,0.1488349864120,-0.1414944273278,-0.0517731996670,-0.2121202793960,-0.1758460434538,-0.1287188025058,0.0234236969382,0.3101303515850,-0.1991198675801,-0.1127475446406,0.1820815677646,0.2259219691563,0.2034770519646
0.0950293382140,0.2593070213407,-0.0399904894448,0.0766487806021,0.1636742888716,0.1041924389675,0.1292823789451,0.0363994299482,-0.0003423992400,0.4525899738246,0.4295691192761,0.4399073453343,0.0976930913309,0.2726545336591,0.2667320137461,-0.0159548597685,0.1327219123862,0.0340665841629,0.1521026221925,-0.0029912687853,0.2811970206501,1.0000000000000,0.5816358994633,0.3414385984742,0.0430162994908,0.3622901790549,0.3972991297315,0.1348899503188,0.3439459517411,0.1745613655500,0.1019670954892,0.3502625611445,0.2200898779909,-0.0009273516846,0.1074688797589,-0.0056943410202,0.2681556333903,0.0859689978737,-0.0955517173594,0.2595375446827,0.3572949198419,0.1729009876668,-0.1370758981073,0.1512473699836,-0.0181999745923,0.3113608693541,0.3954723126616,-0.0916837427340,0.3593000350744,0.0739460927027,0.0751437462522,0.0512563174460,0.0169386125766,-0.0637800570147,0.1023318668365,-0.1477576094155,0.0355827627495,0.0129838459182,0.0254039380435,0.0492295684152,0.4587952386824,0.3366475150366,0.2871918438441,0.0022352904465,0.0806914862784,0.1868726927452,-0.1106965195339,0.0995442243061,0.1855135044203,0.0264330621728,0.3857205003263,0.6229870491882,0.3822880368234,0.2484993953263,0.1652124368896,0.0536266591441,0.1760004670244,0.2474769430881,0.1498235038023,0.2693701707847,-0.0847579441463,0.1788736432013,0.1581492706774,-0.0633553339750,0.0723232363275,-0.0250776710646,0.2080643685179,-0.0219407292778,-0.0589609514071,0.0373751765200,0.0348120217198,0.1072404238241,0.1472813283814,0.1672738442027,0.1521739440975,-0.0229507505419,0.3160998252893,0.4189222240368,0.3035588071391,0.1463486956579
0.0283201703152,-0.1477396877145,-0.3157309478166,0.1691265730147,0.1266319564904,0.0979795234772,0.0717816701003,-0.1842100881059,0.2726649722458,0.1867060113630,0.5946796467344,0.4851723935386,0.0995678815207,0.1151045032638,0.3259270860060,0.2063322335029,0.2439052151701,0.3961053469587,0.2194192191075,0.0643480783928,0.5184490550952,0.5816358994633,1.0000000000000,0.6352148272022,0.3741415712961,0.4656864643761,0.7143738362351,-0.1340124997210,0.1685114263706,-0.1053519323546,0.3571765224063,0.5974803821255,0.5516048848849,-0.0738708381475,0.1613575685757,0.1506481512047,0.3422450170103,0.0056914982267,-0.1385243280760,0.3434823834632,0.1547297917258,0.2527810164889,0.0192297379308,-0.0175051798371,-0.1674319042214,0.3817841390480,0.6199217260699,-0.0657698689132,0.0982486172284,0.1956160621584,0.0490149443126,-0.3143882322608,0.0933097307339,-0.1433624110822,0.0556539841135,-0.1035764083556,0.1498851242165,0.0056318372358,0.1271033143478,0.3684480518177,0.1503760591864,0.5283233351774,0.3261097768129,0.0621996554272,-0.0446279335302,0.2382582512943,-0.0333516865169,0.2808585890499,0.4743878381663,0.3275495672353,0.5640956970523,0.7551523967388,0.6442692621023,0.2870317785334,0.3080660747915,0.2138938019236,0.4616528441254,0.0888961173825,-0.0687251550439,0.5026334169709,0.2507832779746,0.4020094366582,-0.1511763198572,0.0890482935612,0.0724603949300,-0.0229446963667,0.1740212762789,0.0376406573763,0.0571841919764,-0.0385212640964,-0.0218607102482,0.1217370315569,-0.0293969329829,0.1274461550788,0.1413780876880,0.0432885793423,0.0708455474976,0.0646013905561,0.3050636329055,0.3543758041830
0.0423151621195,-0.3769781296756,-0.2813567354412,0.2825929618666,0.2169728022778,0.2590603808074,0.2534407311894,-0.2367230935954,0.4667679298839,0.2626060791724,0.5542845348868,0.4102242344418,0.2184677089446,-0.0703152667718,0.3870522756958,0.4529549112557,0.3702395904633,0.6440098248041,0.3164772959648,0.1928372904887,0.5147001617679,0.3414385984742,0.6352148272022,1.0000000000000,0.4035262048728,0.1592028470559,0.6353921312719,-0.2010290293705,-0.1454799160921,-0.3808629633882,0.5463016138392,0.4121203711466,0.4101380938140,0.0142769693173,0.3069537462250,0.4640268984265,0.5561630778933,0.1599287325439,0.0939295828849,0.2467538797679,0.0715724078554,0.1385446503523,0.0688925748799,-0.2791574427394,-0.3846117935558,0.1346846653832,0.3660498859255,0.1512278575410,0.0286750115181,0.1035840946256,0.1148170444848,-0.4157707797050,0.1861807108962,0.0107590228071,0.1832922643727,0.0593764972213,0.2725832867274,0.0203813703498,0.3356300075674,0.5424273011521,0.1624706299670,0.4926527465118,0.2938224882843,0.2573210334927,-0.1460176103125,0.2882736125682,0.1548709988724,0.4580783572001,0.5694257588872,0.5790994836873,0.4633937257025,0.5030112147480,0.8668568086732,0.3179572891568,0.3270548402175,0.1278253299930,0.5680675265508,-0.0902694879201,-0.3140157389836,0.6964072426000,0.3028482680533,0.4407756503821,-0.2511828368892,0.2452759381018,-0.1520639753416,0.1916218458180,0.4264943847259,0.3323763798498,0.2261025893425,-0.0202451181950,0.1031877699367,0.1369025487286,-0.2005117568624,0.0516408532721,0.0456344718443,0.1944188606277,-0.0986527962684,0.0755998399946,0.2771832439936,0.3423957452697
