1.0000000000000,0.6203591339539,0.7088793980244,0.2652905653893,0.4379701916910,0.3462953777888,0.1483182652070,-0.0563801494311,-0.0474860602685,0.5612207631033,0.2259422570893,0.3009325745439,0.4268890450171,0.5708416505981,0.2611222295191,-0.0501703629824,0.2907026436416,0.0951294449985,-0.0516640810025,0.0053815935696,0.1754267309887,0.2886357808492,0.1531144307379,0.1643332998372,-0.0610043832214,0.0676222361765,0.1310311429505,-0.1655542031711,-0.1873013869987,0.3463693136951,0.1591542287392,0.1622884868443,0.1595916799212,0.0921453384578,0.1696296353715,0.1359705103444,0.2302100855036,-0.0838807006735,0.0487139664665,0.0328367342743,-0.1030392696053,0.3561004284475,-0.1207246290067,-0.0521223446744,-0.1815044348318,-0.1103095153802,0.1252061782218,0.1097967074207,0.4607611095598,0.3584167431153,0.7405922865871,0.7133668997592,0.2959344279880,0.4790772330946,0.3172188872009,0.1447022742583,0.1766376498103,0.0040165494519,0.0392708074570,-0.0336052427787,0.4029495024528,0.2421789973682,0.4517159207944,0.3663827646260,0.5931724780651,-0.0606180084291,0.0376344783614,0.2370876554395,0.0836787885160,-0.0997709488475,0.2687609839040,0.2233246499926,0.1968176764670,-0.0410605901362,-0.2237242050087,0.0662828767210,0.0061091001496,-0.1466174324867,-0.2352937859194,0.0701041896661,0.1927449159643,0.0954071235016,0.1877649884313,-0.0467750633264,-0.2164000512267,0.0782423593573,0.2407738425976,0.2237447415753,-0.1233090977168,-0.2212250178672,0.1082486438121,-0.0356195500218,-0.0825908892525,-0.1800199760786,-0.0125154883252,0.0644265506239,0.3689964242059,-0.1309228485243,0.0247879818961,0.0589316857989
0.6203591339539,1.0000000000000,0.6402629327542,0.2619748711578,0.0217988081917,0.1726003819483,0.0948889576649,-0.1149338167764,-0.2300460370337,0.2526561184680,-0.0800022898276,-0.0531668565631,0.0979050364167,0.5928158147956,0.2437454169731,0.0487896649859,0.0329931354078,-0.0834694072200,-0.1269119536385,-0.1378445924173,-0.0866188697366,0.1616472870523,-0.0566843017047,-0.0934663892407,-0.2484576138161,0.1187328646262,-0.1198523262715,-0.0411483840302,0.1336026223380,0.5171087663413,0.1021127781993,0.0739108652721,-0.0969698766793,0.0553734174554,0.0959098043077,0.0789072295063,-0.0903882350076,0.0564223851019,-0.1179183900037,-0.1155717889420,-0.2293672485907,0.1390088146785,-0.1691633093864,-0.1058186914870,0.0298195531701,-0.2457732083420,-0.0260135761261,-0.1782326628229,0.3849467667568,0.0857068094840,0.5424886953935,0.8038511981869,0.3813189714636,0.3381011868073,0.0966307067387,0.0025502889774,-0.0656916082699,-0.1442564588944,-0.1044267638864,-0.2155221325659,0.0996308385480,-0.1046287253933,0.0468597130450,0.0857611296795,0.6658679067786,-0.1442849467475,0.0727302368176,-0.0155330818125,-0.1341183903796,-0.3219246892899,-0.0725454992506,-0.0255992880054,-0.0705622111003,-0.2539056433831,-0.2204916174521,0.1182121974895,-0.2901576004886,-0.0399534658438,0.0596963419946,-0.0391796743304,-0.0211510703753,-0.0901770242122,0.2637092183437,-0.0283536303995,0.0260543359091,-0.0214013150392,-0.0705011111585,0.0185307858009,-0.2875243520822,-0.0675106888580,-0.1042400936045,-0.2046993898024,-0.1030190557579,-0.2727570440436,-0.2245952622664,-0.2199254055523,0.3579780626059,-0.1082461896377,-0.2264168376131,-0.1720040208061
0.7088793980244,0.6402629327542,1.0000000000000,0.5566031537566,0.4819052175009,0.6091870983015,0.4610114131374,0.1411931056421,-0.0149052933577,0.4067781002579,0.1428240305517,0.1882484137566,0.2711587942986,0.3867825129887,0.2426538986360,0.0712152946413,0.2016708338023,0.1028121565235,0.1038836370513,-0.0788477609499,0.0800284537340,0.0906008799251,-0.0821077717044,0.1044919131949,-0.1594519279398,0.0463134946902,-0.0875539566842,0.0222295748058,-0.0084770379154,0.1526839484947,0.0097115247976,0.0811451577218,-0.0595407404071,0.0118540354167,0.1319295698645,0.3322786987412,-0.0250567809840,-0.0577546703486,0.0726670732439,-0.0518031474226,0.0482906099137,0.3038468014788,-0.1415935645298,-0.0691283804297,-0.0399524659781,-0.1886933788473,0.0062821449162,0.1539722316428,0.3839754344205,0.2781202141562,0.7555468647895,0.7701873645565,0.5528309448982,0.7555045894248,0.5254394922898,0.4318052571574,0.1933897942939,0.0860055284455,0.0570226860659,-0.0208621032075,0.4146589438663,0.1256806126989,0.3159906778446,0.3072543920970,0.5564824044896,-0.0745856746468,0.2184610089580,0.2528257942279,0.1439052325614,-0.1515990860342,0.2978691248695,0.0145829448159,0.1053808034970,-0.1089092646837,-0.2555379742253,0.0761984953597,-0.1666954063569,-0.0361754531760,-0.0675664074791,0.0528626588703,0.0964922725169,-0.1046420310959,0.0809863890180,-0.0663861844701,-0.0337187633657,-0.0170018538989,-0.0454784685491,0.2509073898195,-0.1862037734557,-0.1435224439441,0.0297693589172,-0.0376846005748,-0.0685369724765,-0.1476315748776,-0.0446763446697,0.1059139520228,0.2917417333747,0.1270043091864,0.0738649966170,-0.0266347212709
0.2652905653893,0.2619748711578,0.5566031537566,1.0000000000000,0.6855433632996,0.7756222016917,0.8432648243125,0.3643319697845,0.2647685885019,0.0630587041040,0.2123466566568,0.1026032101396,0.0677137381354,0.1030806948607,0.3709718599353,0.5604865094412,0.3386791457896,0.3861397430218,0.4873273592439,0.1529522949443,0.2352397532810,-0.0492845171546,-0.0369543115550,0.3899812444988,-0.0234838443521,0.1162947011592,0.0352826770489,0.1038791127705,0.0908621427407,-0.2132232847020,0.1790611503707,0.2150528562950,0.0739740438006,0.0055372826423,0.3042974162044,0.5880595588040,-0.0449948702663,0.0570268264917,0.2697732378856,0.0234853338193,0.2604944816451,0.1847899054797,0.0772678864003,0.0857881254717,0.0221554402859,-0.0167745415490,0.0463217120130,0.5038000400312,0.2527876327143,0.3259270296114,0.5042157502998,0.2449336924629,0.8882044112892,0.7728908058113,0.7377019010882,0.8127360956521,0.1079575322709,0.3284767546087,0.3099388559283,0.2342936427881,0.1392082185833,0.1849673173068,0.0054342819618,0.1069280202894,0.2338278079730,0.1748398383211,0.6954756156243,0.3486542539763,0.4180883176834,0.1825773911569,0.1695689061385,-0.0136617388656,0.2805752221600,0.0278076780199,-0.0413893590355,0.0806353575396,-0.0440639874889,0.0123867783230,0.0612871926243,0.3755227580068,0.1750992736923,0.0019766310374,-0.1928261735131,0.1858142819292,0.1057411461963,-0.0260511566200,-0.1173313845490,0.3695083281488,0.0394557362452,0.0634481542315,0.1603245502494,0.0791272944972,0.0978693732583,0.0463092940434,0.0228170522241,0.4528821698205,0.0224551847096,0.1869005076401,0.2491105010887,0.1283466772683
0.4379701916910,0.0217988081917,0.4819052175009,0.6855433632996,1.0000000000000,0.7509326293307,0.6033732869162,0.3909353203758,0.3468994809576,0.2651040724680,0.4463436117488,0.3726789617349,0.2980801923726,0.0637376882882,0.2309134169270,0.2834975104434,0.4061735457691,0.5215358054337,0.3010259120548,0.2834398567494,0.3432380684103,0.1294442535751,0.2033510677500,0.4643734292481,0.1145753927618,0.0504939802918,0.2023939087287,-0.0027230927984,-0.2381575062833,-0.2660600118194,0.0967185846540,0.2612535471345,0.2309504414625,0.0944233101858,0.2215989492928,0.3620036836408,0.1744986268277,-0.0951369096825,0.2846843061770,0.2134858917680,0.3777001463643,0.3144425919564,-0.0659235320645,0.0971849154445,-0.1304573717951,0.1834848280559,0.2823350786704,0.6355092550679,0.2732418576306,0.4056898673018,0.5987220834071,0.1257743601825,0.5765444612975,0.7515244086232,0.7624267989840,0.6657064276329,0.2875489338791,0.4177155555616,0.4080360308919,0.3162958913603,0.3321638755345,0.4045313357214,0.2974440963618,0.3096525921994,0.0712323222937,0.0786220309989,0.4329917836922,0.4721038785911,0.3624200107113,0.3328438582510,0.4118657024298,0.2589287103504,0.3644518003004,0.2249216207193,0.0675443536047,0.0603061600881,0.2830579673458,-0.1380809363431,-0.2624084908761,0.2792429420105,0.3790898535063,0.1687500948400,-0.2548887423657,0.0384353765427,-0.0055536469529,0.1167586082460,0.0907387470157,0.3468317414225,0.1351262967063,-0.0097294306184,0.1964964201175,0.2412255119151,0.0928618315330,0.1388840982216,0.2764410409159,0.5794812988642,0.0355341806802,0.1712870333272,0.3793446204617,0.1964538229116
0.3462953777888,0.1726003819483,0.6091870983015,0.7756222016917,0.7509326293307,1.0000000000000,0.8102667673400,0.4148954641827,0.3179825268760,0.3419559516398,0.3668233858697,0.2284986889532,0.3111613785839,0.0132601453059,0.3740223455780,0.2145568543714,0.3699701177373,0.3918225796692,0.3331460726470,0.0954477248096,0.1955149507162,0.0478773966544,-0.0377509311675,0.4248329731472,0.0583650211151,0.0117910894440,0.0559573077501,0.0466287183395,-0.0957179690023,-0.2394446163650,0.0220037222234,0.1378401009264,0.1406726068208,-0.0181517238850,0.1893831052790,0.4892502565905,0.0796997976539,-0.1043981236327,0.3331847890789,0.0543836797763,0.3110687934804,0.3819370358577,-0.0039617902704,0.1054700766792,-0.0643582730738,-0.0261019518018,0.0872993704073,0.5710906654844,0.2656459525939,0.5057964322657,0.5568070681558,0.2507561281899,0.6478372888755,0.8904489380024,0.9229365694338,0.7975695807237,0.3462381284250,0.4730588749760,0.3103342919959,0.3063870924826,0.4423893460327,0.3508070771589,0.2120040110427,0.3644802537492,0.2849730937982,0.2328620074972,0.4040158335792,0.4338063183761,0.4116457849126,0.1416632655612,0.3232816680000,0.0548773974350,0.3176251951551,0.1269255833620,-0.1522679594616,0.0220982437994,0.0670767228392,-0.0140861194875,-0.0883121114204,0.2390534060456,0.2340866391216,0.0689282949660,-0.1206071763456,0.0039500505311,0.0342853332149,-0.0452417121795,0.0083386721340,0.4718143619897,0.0906760819723,-0.0751659341249,0.2270451321631,0.1458565676382,0.1256304305518,0.0242032277169,0.1735402229797,0.5379362372238,0.0591685114001,0.2200018928830,0.4557295528356,0.3020220833874
0.1483182652070,0.0948889576649,0.4610114131374,0.8432648243125,0.6033732869162,0.8102667673400,1.0000000000000,0.3771680579713,0.3117110812734,0.1328903890017,0.1972101031122,0.0596333937869,0.1018364293183,-0.0619941724866,0.3829005742833,0.4206182892204,0.2929291550103,0.3077503645555,0.4444822376649,0.0843081243832,0.1856176036560,-0.0587328988469,-0.1320910116283,0.3796150896031,0.0850689262812,0.1532387184057,0.0376556296063,0.1159523577837,0.1139834644894,-0.2424073564866,0.1876341780838,0.1383502608607,0.0326094661587,-0.0574569406681,0.4263137135566,0.6705612671594,0.0585005312065,0.0867547353365,0.4441272598352,-0.0312879519180,0.1937390117010,0.2519071528857,0.1616845774170,0.2191179565592,0.0861622021994,-0.0419964970676,0.0048810996906,0.4463313969727,0.1384422274239,0.4032631269363,0.3530081722201,0.1427614546198,0.6538940241941,0.7306352039854,0.7727503314559,0.9168228685852,0.1958755154547,0.3973672806612,0.2940167763937,0.2759320617214,0.2499912968279,0.1665991318545,0.0179290585271,0.1629598786640,0.1755222571998,0.2714355708187,0.5747045963926,0.2943322484250,0.5104055708763,0.1535220213110,0.2233306003516,-0.0772055700902,0.3191973867959,0.0840269569493,-0.0516144232011,0.1114110852867,-0.0024579383767,0.0366823956689,0.1415521207337,0.3096493108746,0.0639331652725,-0.0181726720071,-0.1781054170664,0.2654786920226,0.1598980497807,-0.1152210922332,-0.0178298659404,0.5380140539840,0.2148585543308,0.0783671249024,0.3087983847732,0.0307598002585,0.2449796470058,0.0423261791527,0.0660092719664,0.3996727515142,-0.0618304754154,0.2304978859966,0.3398076876064,0.2392213679351
-0.0563801494311,-0.1149338167764,0.1411931056421,0.3643319697845,0.3909353203758,0.4148954641827,0.3771680579713,1.0000000000000,0.5908154374292,0.0758146534899,0.3233392932721,0.1881445133369,0.3209497551731,-0.1788030158988,0.0094793672200,0.4196249784712,0.4148289239213,0.7498230373072,0.4881723816851,0.6435155896590,0.3740218938015,-0.0776161018077,-0.0643394739875,0.5247727238470,0.4210062199956,-0.0104997864825,0.1245345807539,0.1153458165347,-0.0259896656611,-0.1954772614521,0.1367588088174,0.0805056023535,0.2261822272158,-0.1651670017046,0.1754358082681,0.2840382561267,0.2042445064620,0.2255221998309,0.3257930843845,-0.0601117868613,0.2914522220326,0.1370823033016,0.0627534464270,0.2553693460447,0.1575234442172,-0.0059227806235,0.0416844101074,0.4599415953537,-0.0461111964270,0.0975131962158,0.1139882805739,-0.1071204418065,0.2780806032618,0.3813762703134,0.3729217911639,0.3918243566480,0.5553012613169,0.7715550709528,0.6193458509837,0.5558886563269,0.2119150671378,0.2387192773072,0.0532961596786,0.3180143917186,-0.1383082812151,0.0411011757880,0.4626306039139,0.5419873676868,0.3045440437145,0.6430949283413,0.3270944917447,0.0102538739357,0.3550181945851,0.6264749456923,0.4130656916887,0.0426470975234,0.3922815080656,0.0120772507679,-0.0581204548844,0.3861875963367,0.2107064768288,0.2374504784405,-0.1746464896407,0.1412325450410,0.3168116110598,-0.1089523646206,0.0417346698530,0.1999216716221,0.2491036948928,0.3198272198736,0.2389316397261,0.0158187118246,0.2224946788618,0.0393343050532,0.1428582056871,0.3787064721987,-0.1094453437932,0.1558071204577,0.2223286058631,0.0499763662113
-0.0474860602685,-0.2300460370337,-0.0149052933577,0.2647685885019,0.3468994809576,0.3179825268760,0.3117110812734,0.5908154374292,1.0000000000000,0.2019637758608,0.5079069983590,0.3999266298508,0.3292436345216,-0.0894810146544,0.2522519110962,0.2936967288628,0.4164029517286,0.5319900810328,0.4315321058750,0.5796182535431,0.4536708495542,0.1521133152273,0.3124363971504,0.7368169659466,0.7419565118714,0.2081856220671,0.3758299401604,0.2129068945799,-0.0135891343608,-0.1331662824505,0.3447963415694,0.2943535281172,0.3072104831872,0.1174570965126,0.3508914564643,0.2765256851050,0.4181586344582,0.2183548832139,0.3996646951409,0.2203969008977,0.2594944783127,0.3379028966126,0.2949470202795,0.4534320841141,0.0240393507795,0.2299298998770,0.1843416438883,0.3941452479862,0.0183078243979,0.3498375611098,0.0052131616550,-0.2114385660898,0.1073913938349,0.2503328120010,0.2932161459151,0.3281454636467,0.4213940732054,0.7033179426615,0.8225840489073,0.9737819627044,0.2061659961691,0.5008170551384,0.2227126887022,0.2511343636679,-0.1702202474806,0.3384134548198,0.3354224236089,0.3100473667675,0.6308135031335,0.6825953020101,0.2919152829864,0.3282906116556,0.6089535110047,0.7539646401647,0.2761827425389,0.2106935769298,0.3806111878638,0.1634457900381,-0.0483788203212,0.3999032810970,0.2641785682168,0.2117246617339,-0.1439616318892,0.3135111922853,0.1579166957535,0.0486904673670,0.2943234178226,0.4027411003294,0.4128658503737,0.1400219018199,0.3571399737958,0.2584683384454,0.4014695990494,0.2728958412873,0.2832515753260,0.4115026670865,-0.1072597055682,0.1299972425559,0.3341091044894,0.3882787939933
0.5612207631033,0.2526561184680,0.4067781002579,0.0630587041040,0.2651040724680,0.3419559516398,0.1328903890017,0.0758146534899,0.2019637758608,1.0000000000000,0.4420583471951,0.5425369640121,0.7064268204487,0.3029802774006,0.3659319653716,-0.1767067630789,0.4069671400289,0.1068562213488,-0.0155935919277,-0.0047515032594,0.3258603276238,0.6073610923980,0.2887976430478,0.3069376704919,0.1284766594204,0.0298831463122,0.3180550718953,-0.0714575781249,-0.2767064423329,0.2791187521081,0.2694301236237,0.2044044634285,0.4605007340414,0.0918883242188,0.2003293267900,0.1864950855604,0.4947973311129,-0.1396158759107,0.2388875669429,0.1524057437719,0.0620212128052,0.7342256966936,0.1064074819686,0.0107544712899,-0.2084529992767,0.0799655485374,0.3101227497575,0.1702062004032,0.3706576036098,0.6396435025149,0.4630335006678,0.4484354090122,-0.0333182566337,0.3844747155951,0.3290907967457,0.0857487923870,0.4033441906558,0.2043577385434,0.1606232849539,0.2111263510550,0.8270058481017,0.4952365249520,0.7093475977848,0.6165361006164,0.4135969211757,0.2069964492548,-0.1297444233186,0.2964460824582,0.2562921682525,-0.0536018132345,0.4003674643887,0.5153167230971,0.3823878759560,0.1473858817964,-0.2324266308364,0.0460562618609,0.3100639902891,-0.0491462188023,-0.3067291914363,0.1004643954533,0.2848927462690,0.2500795411860,0.1916714603574,0.1127703523286,-0.2558075600317,0.1431681311544,0.5030129208045,0.3241998587667,0.2140501172138,-0.3133842504284,0.3273497201156,0.1086535600930,-0.0496183957612,-0.0421780182519,0.2135716633182,0.1138243032296,0.2662281824273,0.0606695618119,0.2970502719990,0.4148436043124
0.2259422570893,-0.0800022898276,0.1428240305517,0.2123466566568,0.4463436117488,0.3668233858697,0.1972101031122,0.3233392932721,0.5079069983590,0.4420583471951,1.0000000000000,0.8442480278770,0.5066772435303,0.0885177763957,0.2700435937522,0.1282070479641,0.3734317115983,0.4427101861061,0.1349396850908,0.2671908657273,0.6306877916498,0.3173856381465,0.5714341449201,0.5800951885027,0.3473964382140,0.2311822706788,0.4444006666479,0.1784163924568,0.0462239363160,0.0193956276663,0.2420939096244,0.4480295762844,0.4073807148340,0.1593696107197,0.2991882596431,0.2003614683433,0.4845823416021,0.0157914097400,0.3708962537026,0.2952666434246,0.3591912033469,0.4289513146415,0.2165005963927,0.2530574276247,-0.0025392677874,0.2130596328111,0.3113837792723,0.5244568765385,0.0631896848381,0.5194030799480,0.1346533652266,0.0278284045091,0.0490468590833,0.3085516818125,0.3476598995954,0.2629832615068,0.4266476471725,0.4073797756310,0.4601810503734,0.5001869951479,0.3779666219727,0.8672971199232,0.6139345483642,0.4900376356775,-0.0500098748080,0.3056935206615,0.1325022011190,0.3725030625520,0.3324585279670,0.3003121904222,0.5567756786085,0.5440306068988,0.4695803494250,0.3858903220261,0.1355896995804,0.1827161923853,0.4047149465874,0.0758710005508,-0.0373318894024,0.2446420611919,0.4070867585509,0.2745308080545,-0.2036496906363,0.2001863287539,0.0262684755369,0.0856125335825,0.3974034874683,0.4680598198290,0.4495855824327,-0.0532348467194,0.3443751413256,0.3051449779626,0.2280192562171,0.2250606219080,0.3443874474647,0.6199168246259,-0.0216761599879,0.0680352032662,0.3535502893503,0.5310676152817
0.3009325745439,-0.0531668565631,0.1882484137566,0.1026032101396,0.3726789617349,0.2284986889532,0.0596333937869,0.1881445133369,0.3999266298508,0.5425369640121,0.8442480278770,1.0000000000000,0.5549643549872,0.1781964833006,0.2289785038348,-0.0004471365893,0.3905799363920,0.3346103780862,0.0229143928877,0.1926631227821,0.6191405977341,0.4087680949257,0.7198974389575,0.4480158636400,0.2619155361530,0.1762898336433,0.4187542110398,0.1298306688156,-0.0211345373078,0.0478563608915,0.1786490021822,0.4343268624686,0.4224340386256,0.2095365116459,0.1953549943665,0.0520380648022,0.4449654999709,-0.0947087493345,0.1987183607783,0.3178337521542,0.2734535376153,0.4388940178313,0.1032759368242,0.1647803738442,-0.1430354394865,0.2448818460007,0.3142019554063,0.3503013277275,0.0519989677027,0.4529780653009,0.1715461602273,0.1125242166408,-0.0150150935195,0.2502999275171,0.2089131484455,0.1178824296956,0.3421848299271,0.2822194644261,0.3552975642475,0.3924001573801,0.3887156144153,0.7964239204636,0.7593822417757,0.4976745240057,-0.0289371037602,0.1785204265607,-0.0073894005951,0.3410848557517,0.2269477008977,0.2333295380889,0.5740155033923,0.6609668397887,0.3863831113433,0.3272546336579,0.0609819963726,0.1388249516242,0.3897580025180,0.0486615909065,-0.1355923808481,0.1714723973902,0.3964867490317,0.2911217916343,-0.2380674386435,0.0881637975644,-0.1178875537040,0.0968035007450,0.3901039519547,0.2772076086648,0.3388542862006,-0.1633811424318,0.2444554574874,0.3291058466881,0.1365394418166,0.1756191125828,0.3102528345157,0.4417606527312,-0.0194937557766,-0.0036706513421,0.2153794997811,0.4398704386374
0.4268890450171,0.0979050364167,0.2711587942986,0.0677137381354,0.2980801923726,0.3111613785839,0.1018364293183,0.3209497551731,0.3292436345216,0.7064268204487,0.5066772435303,0.5549643549872,1.0000000000000,0.2639279161542,0.3427323218548,-0.1109556129592,0.6527931580839,0.3985146200521,0.0117592423777,0.2978331284756,0.3697890489555,0.3493090717218,0.2600410135278,0.4521648719950,0.2657229909783,-0.0426635202051,0.3479892862986,-0.1553464234988,-0.2540351309044,0.1456294723173,0.2779051359491,0.1940192271479,0.6311607748075,-0.0081545190201,0.1190904177845,0.0881715832773,0.5824099320716,-0.0832443897933,0.3028342211407,0.0884243553619,0.0717352650642,0.5580200575626,0.0346937673414,0.1745814297336,-0.2378586529390,0.0147945124064,0.2225556985789,0.2505382766559,0.1762521565839,0.5518577567719,0.3118579126312,0.2222748667849,-0.0410590280167,0.3528028328954,0.2745043234997,0.1034804218470,0.6839930266622,0.3830375852657,0.3004697339607,0.3179192858555,0.5653092718613,0.5086451376683,0.6210569584417,0.8700785363973,0.1998344007856,0.1920512403735,-0.0739759427428,0.5500534488395,0.2132952600598,0.2535970245976,0.4408192051041,0.3799027281980,0.4897463818108,0.4297672027856,0.0095055778936,0.0036153311111,0.5204590582160,-0.1143392951469,-0.2986449691333,0.2295276132173,0.2946894361971,0.4651886114374,-0.0490723854627,0.1073560178450,-0.1597788208225,-0.0059594495273,0.5357746238743,0.2912643670975,0.2549072176088,-0.1506029202711,0.4180970230073,0.1002493104442,0.1257354389767,-0.0805915488509,0.1759811077991,0.2237870795759,0.1088580762997,-0.0861403496217,0.2143646896327,0.3691249092480
0.5708416505981,0.5928158147956,0.3867825129887,0.1030806948607,0.0637376882882,0.0132601453059,-0.0619941724866,-0.1788030158988,-0.0894810146544,0.3029802774006,0.0885177763957,0.1781964833006,0.2639279161542,1.0000000000000,0.4994499288269,0.0208841819171,0.3108534012638,0.0448779414761,-0.0227014743800,0.0018161148647,0.2588282480853,0.3313973190036,0.2229138290867,0.1421894133485,-0.0435795483768,0.1929288776169,0.1743834050557,-0.0990993382930,0.1177565072710,0.6370914914226,0.2732515666614,0.2342923345831,0.2704825557944,0.1965259300783,0.0985279224142,-0.0060210218722,0.1740668907417,0.0653396485479,0.0159521966629,0.1843038869498,-0.0945011174155,0.1903976578957,0.0223356573937,0.0161132246654,-0.0282406568940,-0.0299737858294,0.1556183353069,-0.1551522902392,0.5145719084296,0.2746476892660,0.4166501377470,0.4388940343767,0.1479934847064,0.1754431853015,0.0009365960106,-0.0933836585631,0.0449441043202,-0.1185981725656,-0.0450035452981,-0.0813484995383,0.0208403539762,0.0400480512045,0.1560800328665,0.0877438073186,0.5948825051802,0.0809486353059,0.0088349767395,0.1074696851610,0.0539855222225,-0.1085863375028,0.0889349332994,0.1712152262130,0.1898040263670,-0.0991460390721,-0.1472709949137,0.1091893958741,-0.0483343040734,-0.0306771336118,0.0038203206888,0.1962074520708,0.1280908793942,0.2312237088470,0.2269116184580,0.0056392570580,-0.1590621125033,0.1160247433400,0.2091239646730,0.0927088717584,-0.1790205542944,-0.0511763600277,0.1319339070923,0.0604949759660,0.0017360595937,-0.1105036108643,-0.0989642851858,-0.1478179481555,0.4950030331488,-0.1579759385420,-0.1902456178915,0.0437815658861
0.2611222295191,0.2437454169731,0.2426538986360,0.3709718599353,0.2309134169270,0.3740223455780,0.3829005742833,0.0094793672200,0.2522519110962,0.3659319653716,0.2700435937522,0.2289785038348,0.3427323218548,0.4994499288269,1.0000000000000,0.0130469867821,0.4038545618636,0.1289606574690,0.1794162087118,0.0183297050420,0.2834625121576,0.2580518233495,0.2054407609117,0.3837215713308,0.1698161822817,0.2204242745936,0.2953983877298,0.0498040805530,0.1207809819013,0.3662164764467,0.2618144808770,0.2729076701303,0.3727380573006,0.2987448901558,0.1934227085548,0.2574106865913,0.3159151435979,0.0711059340876,0.4899237575008,0.3735418657232,0.1875630859425,0.5177643617832,0.3607119412641,0.3597352028063,0.0304359610333,0.1011710903258,0.3284847161210,0.1500104958649,0.3356019562093,0.6914116337111,0.1983163563969,0.1427050970783,0.1607276560411,0.3582178527584,0.3344127765257,0.3117667148562,0.1435989441679,0.2098316587567,0.2390383708244,0.2681091931041,0.2023797099407,0.2321778528694,0.1384104919840,0.1928285196700,0.4604730924562,0.6496759664069,0.0703322148711,0.1940474250434,0.4046128780464,0.0500533542098,0.0963733479555,0.1325198319141,0.3718746172028,0.0620483232927,-0.2311218074594,0.0749904959664,0.0392890492906,0.0847165340454,0.0715970865116,0.2351964504008,0.1322852351908,0.2268243956957,0.1826467540845,0.1513462106475,-0.1491633938598,0.1034501695283,0.2631335763390,0.3639978788748,0.1718944519702,-0.0429515148505,0.5070504323090,0.3149229495814,0.3384969564078,0.0388503612042,0.1266366601935,0.1208800445571,0.2224574044246,0.0339849299523,0.3250899575068,0.4485357573981
-0.0501703629824,0.0487896649859,0.0712152946413,0.5604865094412,0.2834975104434,0.2145568543714,0.4206182892204,0.4196249784712,0.2936967288628,-0.1767067630789,0.1282070479641,-0.0004471365893,-0.1109556129592,0.0208841819171,0.0130469867821,1.0000000000000,0.3026601119768,0.4027751102232,0.6975826606489,0.4416385033603,0.3953866980543,-0.0888005732566,-0.0100681375712,0.3786983298655,0.1796852092265,0.1907861635668,0.1425374244921,0.1516065210419,0.1827847990332,-0.0435388226679,0.5208135779436,0.2210771170923,0.1124305774685,-0.0168748598869,0.5268664319299,0.6541995231148,0.0458084300250,0.4211237901658,0.2585759638031,-0.0421222023670,0.1677823228374,-0.0875972809970,0.3490125499303,0.1487571008900,0.2369492025947,0.0741904174342,0.0033775229635,0.3269569738625,0.0193800899266,-0.0633110354556,0.0427736682292,-0.0889383445413,0.5549093774950,0.2071891775938,0.1929348339106,0.3766227241598,-0.0131520166661,0.1926991803178,0.2617726002896,0.2624361277304,-0.1808142420882,0.0491398025154,-0.1912785408947,-0.1488704613034,-0.0922692301504,0.0094349759357,0.8822628329603,0.1753235931672,0.3676774617740,0.3664713937200,-0.0146852717591,-0.0644825297280,0.2586029499338,0.1771334861769,0.3612702155495,0.1287285047534,0.0821946636510,0.0348481369330,0.1322905336589,0.5273226236861,0.0731463317547,0.0117527844815,-0.1655298664230,0.5015999710174,0.2592799676705,0.0324462275315,-0.0374902916589,0.2896491770575,0.1898807963623,0.3441238331471,0.1127938785785,-0.0382614571741,0.1154724726473,0.1184403253985,-0.0685867193055,0.2789951218851,-0.0999666893558,0.0076289690679,-0.0534620479838,-0.0965458440495
0.2907026436416,0.0329931354078,0.2016708338023,0.3386791457896,0.4061735457691,0.3699701177373,0.2929291550103,0.4148289239213,0.4164029517286,0.4069671400289,0.3734317115983,0.3905799363920,0.6527931580839,0.3108534012638,0.4038545618636,0.3026601119768,1.0000000000000,0.6568158931987,0.3900343633477,0.4393369570965,0.5693058785608,0.2203562330067,0.2408427082643,0.6007378896899,0.3220868200319,-0.0003192746448,0.3771278144200,-0.0936655257524,-0.1019081925347,0.0133974749895,0.5582268173167,0.2527106218591,0.6129509558445,0.0838050412163,0.2075843511420,0.2212111821578,0.5704420994303,0.0030083908389,0.4289379986796,0.1399263950711,0.1906667225221,0.3951115173886,0.1785659728052,0.2812064168153,-0.2325706658326,0.0776576758999,0.2153098151366,0.3155974223885,0.1741852551990,0.4393316600198,0.2804553929054,0.0251421858626,0.2427817941977,0.3748430737997,0.3625483597530,0.2982468936341,0.4870200840891,0.4645266462732,0.4086330355367,0.3877204479055,0.3048483715973,0.4027766795112,0.3189825615128,0.4653555406626,0.1380893199545,0.1930705616376,0.3177346251373,0.7278936025882,0.4116182627443,0.4805615002977,0.3024753179274,0.2788235883224,0.6067918991664,0.4199159093405,0.0561779802484,-0.0117347898612,0.4321833989923,-0.0881369640983,-0.1650530436485,0.7213093946669,0.3234999980554,0.4530186055908,-0.1280064830347,0.2237905875844,-0.1943694922976,0.0120126853713,0.4755578539477,0.3160737989330,0.1244620120127,-0.0778073232492,0.4855237267449,0.1551399299003,0.2151565750587,0.0451838528660,0.1678085213034,0.2635527341610,0.0364160153055,0.0029794083199,0.2264596163625,0.2336367147649
0.0951294449985,-0.0834694072200,0.1028121565235,0.3861397430218,0.5215358054337,0.3918225796692,0.3077503645555,0.7498230373072,0.5319900810328,0.1068562213488,0.4427101861061,0.3346103780862,0.3985146200521,0.0448779414761,0.1289606574690,0.4027751102232,0.6568158931987,1.0000000000000,0.3885132327398,0.6489245186625,0.4492186212923,0.0288822221693,0.2001186381124,0.6813634102523,0.3155055537198,-0.0396216247025,0.2415589552251,-0.0546619575689,-0.0540734090785,-0.1736816310543,0.3444016587995,0.2170986362103,0.3725620326955,-0.0342445900469,0.1812667918700,0.1643991496970,0.4018897199574,0.0567414063049,0.3925071679529,0.0769265475178,0.3311918908428,0.1823997457931,-0.0572515840435,0.2026863281461,-0.1041962839159,0.0880264938987,0.1725316198843,0.5455810245042,0.0245116123788,0.2004247986765,0.1801482259456,-0.1277976958544,0.3066175394953,0.3741089252587,0.3903290038770,0.3681450320068,0.5040963529796,0.6573125537806,0.6592210718600,0.4836175801011,0.1659723780053,0.4051748822173,0.1395531513827,0.3366170516474,-0.1081776420760,0.1001456052149,0.4707803354344,0.7162800006107,0.3097485526089,0.6728489446484,0.3696880868660,0.2235095997471,0.5494706555952,0.5663556578704,0.3719539773143,0.0589448891844,0.4976375322365,-0.1605003630664,-0.1179972836796,0.6073685927151,0.3730160308835,0.3316305474438,-0.2710082963880,0.1761545771555,0.1174045895497,-0.0220062498595,0.2932907077795,0.2538988975558,0.2110178502782,0.1682482638204,0.3510619826522,0.1252573669737,0.1954548885829,0.1107859826930,0.1968300331467,0.4934495197038,-0.1264697122027,0.0752799676751,0.2495569446952,0.1201337878181
-0.0516640810025,-0.1269119536385,0.1038836370513,0.4873273592439,0.3010259120548,0.3331460726470,0.4444822376649,0.4881723816851,0.4315321058750,-0.0155935919277,0.1349396850908,0.0229143928877,0.0117592423777,-0.0227014743800,0.1794162087118,0.6975826606489,0.3900343633477,0.3885132327398,1.0000000000000,0.2754392426756,0.3471740677882,0.0735636932017,-0.0644949853049,0.4360166869185,0.2354586603945,0.0303178018977,0.1102063680466,0.2160787383316,0.1176624207362,-0.0985366742140,0.3024036191804,0.0230991734786,0.1692274896925,-0.0034460072813,0.3345980642172,0.6340102343645,0.1122547270144,0.2085441991272,0.3247910700793,0.0941342268530,0.3056729242396,0.0871846246820,0.3239325362256,0.1706745991233,0.1244716511594,0.1752997005873,0.0826900802234,0.3278220924678,0.0961392414940,0.0842530396742,0.0764061863372,-0.1800760207587,0.4036307853687,0.2983819618279,0.3046722862388,0.4448741501201,0.0635365421066,0.3344111784786,0.3154662161348,0.4279481235303,0.0432385267022,0.0855946861152,-0.0767655465050,-0.0449446621806,-0.0374375751044,0.1120244717949,0.6896735201839,0.3060631321801,0.7032287039239,0.3597412804900,0.0862136775360,-0.0232952580768,0.3458603655903,0.1942256858430,0.1915486766714,-0.0826078099686,0.0798669002855,0.1490654777945,0.0771999708805,0.5282822090100,0.0140799965567,0.0734978309879,-0.0538764482920,0.2704403763196,0.0276906349442,0.0539306748619,0.0263555033165,0.2668143164483,0.1043287162771,0.2113564802203,0.2460858705937,0.1328504725347,0.1407545067140,0.2056818765543,0.0592830295594,0.2497104047159,0.0421178191944,0.1923133903891,0.1941639980631,0.0222483520620
0.0053815935696,-0.1378445924173,-0.0788477609499,0.1529522949443,0.2834398567494,0.0954477248096,0.0843081243832,0.6435155896590,0.5796182535431,-0.0047515032594,0.2671908657273,0.1926631227821,0.2978331284756,0.0018161148647,0.0183297050420,0.4416385033603,0.4393369570965,0.6489245186625,0.2754392426756,1.0000000000000,0.4397404921014,-0.0829079452274,0.1772197918528,0.5873440591782,0.6206582784270,0.0939046866884,0.3270072784485,-0.0703158851607,-0.0667318810685,-0.0545509142028,0.3812443485186,0.2566999250131,0.3747939842908,-0.0334948856234,0.1912235884539,0.1727538199118,0.3364106658553,0.4134021848352,0.2203672222474,-0.0347494009923,0.1059667794444,0.0423805674233,0.0709402537100,0.3877933610804,0.0425057321803,0.0463033473969,0.0889077485281,0.3138905018499,-0.0850088841572,0.0786206147904,-0.0307430748256,-0.1870089128892,0.1394799527773,0.0790012671112,0.1042277814774,0.0843484384819,0.4542619764231,0.5516250884578,0.6031568888746,0.5279043185677,-0.0236920490542,0.2089825658968,0.0122071852558,0.1900992471375,-0.1763187797124,0.0271967034544,0.3819924563060,0.3923768481061,0.1768432824363,0.8671136559100,0.1632858019708,0.1010372051932,0.4620510098308,0.7676044829461,0.4769874152224,0.1514234231132,0.5084643128699,-0.1312528729572,-0.1308876193869,0.4327834791810,0.2571855713867,0.2705108858742,-0.2181731644154,0.2228959867372,0.2469881545174,-0.0178985564959,0.2411532423968,0.1135047033644,0.2604871113250,0.3691912664746,0.1454364928070,-0.0075912913560,0.2972283903352,0.0201545141328,0.0581407278177,0.2777815598646,-0.1830520684611,-0.1359032476597,0.0379710179704,0.0676698894742
0.1754267309887,-0.0866188697366,0.0800284537340,0.2352397532810,0.3432380684103,0.1955149507162,0.1856176036560,0.3740218938015,0.4536708495542,0.3258603276238,0.6306877916498,0.6191405977341,0.3697890489555,0.2588282480853,0.2834625121576,0.3953866980543,0.5693058785608,0.4492186212923,0.3471740677882,0.4397404921014,1.0000000000000,0.2545158496242,0.4292436031803,0.6413477812721,0.3803208356382,0.3525806862777,0.4869891812896,0.1002774886141,0.0358713198208,0.0881697844470,0.3800522975442,0.4027593038961,0.4450701524141,0.0887167088660,0.3608589706838,0.3023873781976,0.4607643233972,0.2040715358832,0.3288370831983,0.1828173672037,0.1476735440731,0.2384342149084,0.3177445963835,0.2841258181483,0.0730617079885,0.1300808161420,0.1884932473704,0.3587280476779,0.1419178667113,0.3565921581034,0.1257187273642,-0.0264878717707,0.1357407915160,0.2165630174491,0.2227450747231,0.2308467200575,0.2936152590301,0.3870934314452,0.4267079976886,0.4354910504822,0.1551872694426,0.5209712789725,0.3351289011286,0.2247056851870,0.0341314717719,0.0930505007038,0.3029652837610,0.4034029023309,0.4186942932229,0.4236343742084,0.5387779742418,0.3559441280645,0.5673316946516,0.3650496984256,0.2066518156825,0.1485474561510,0.3375666136527,0.0451231714085,-0.0526041741466,0.4527174703329,0.2500518756571,0.2965646966313,-0.2020144934165,0.1480672323859,-0.0602549589081,-0.0653590872198,0.3198440962502,0.3091291504162,0.2801994514585,0.0400500638165,0.2711794753858,0.1373458486425,0.1872381715422,0.0646202589922,0.0785342749914,0.3718040711641,0.0427904517333,-0.0436310314080,0.0685453264135,0.3139020268599
0.2886357808492,0.1616472870523,0.0906008799251,-0.0492845171546,0.1294442535751,0.0478773966544,-0.0587328988469,-0.0776161018077,0.1521133152273,0.6073610923980,0.3173856381465,0.4087680949257,0.3493090717218,0.3313973190036,0.2580518233495,-0.0888005732566,0.2203562330067,0.0288822221693,0.0735636932017,-0.0829079452274,0.2545158496242,1.0000000000000,0.4853561815760,0.2329644683755,0.0740734680356,0.1280757007329,0.2973413379683,0.1182131944166,-0.0016352666997,0.3240994410877,0.2440788714408,0.2097444251889,0.3904184696559,0.3152550935543,0.1583721887646,0.0305112702987,0.3459598007405,-0.0772291935307,0.0392402151180,0.3966122572076,0.1429179821347,0.4205385815839,0.1378514253832,-0.0295865749050,-0.1167187615530,0.5616079091819,0.4732808198173,0.0324402768993,0.4737768517995,0.3617075349191,0.2654290052896,0.1522931375604,-0.0949497864654,0.1283803171176,0.0805733576240,-0.0759024701680,0.0748574427932,0.0423368543614,0.0766637865734,0.1452913336194,0.4464727368812,0.3151178015700,0.4477472794351,0.2521481188954,0.2138165158000,0.1040548531293,-0.1115909881071,0.0473943845457,0.2820631714796,-0.0672289178573,0.1273798450263,0.7067708347430,0.2756842933081,0.0102756844865,-0.0990996992704,0.0267238379494,0.2047773445407,0.0685241564566,-0.0890049616551,0.0953476857578,0.1914186134869,0.2718072283059,0.2246127608880,0.0913371263808,-0.2463802677355,0.3331174596818,0.3590459998100,0.1070176373691,0.1296911655237,-0.2049178415864,0.1597627556416,0.3044625896666,-0.0873187843271,0.3184247260461,0.3438989738303,0.0163797247161,0.4130920943961,0.2797700798920,0.1338771442000,0.2647360603563
0.1531144307379,-0.0566843017047,-0.0821077717044,-0.0369543115550,0.2033510677500,-0.0377509311675,-0.1320910116283,-0.0643394739875,0.3124363971504,0.2887976430478,0.5714341449201,0.7198974389575,0.2600410135278,0.2229138290867,0.2054407609117,-0.0100681375712,0.2408427082643,0.2001186381124,-0.0644949853049,0.1772197918528,0.4292436031803,0.4853561815760,1.0000000000000,0.3479065603887,0.2374173786198,0.2819745682206,0.5174114477701,0.1129290617077,0.0754551658707,0.1771073445613,0.2685345702432,0.6020593332767,0.4768820208387,0.5025500198380,0.1649730682576,-0.1227133739491,0.4067989935087,-0.0318146832463,0.0640208839267,0.5695261767110,0.1684870044119,0.2378142716613,0.1309658953274,0.1702717556586,-0.1403086922958,0.5441296060184,0.5292885691028,0.1320781213620,0.1259296824894,0.2764648932417,-0.0281940894050,-0.0568787411053,-0.0785938096012,-0.0045618560860,-0.0364519832495,-0.1153540988329,0.0487124800903,0.0762568819214,0.2431587270375,0.2995340381235,0.0795250993279,0.5291738602111,0.4792781858499,0.1505462135198,-0.1142597174776,0.1993238961071,-0.0620880070841,0.0631892253605,0.1384169306415,0.2076483130980,0.1997256523032,0.8068760234625,0.2896305305313,0.2369045652201,0.0011602449795,0.2511635739110,0.3860393446762,-0.0001413595601,-0.0613972743198,0.1249081123296,0.5330961550012,0.3500241457795,-0.1008546413486,0.0959505647555,-0.1023782900227,0.3001633124211,0.3978319248846,0.0782763428706,0.2552371285570,-0.0969115124547,0.1484136222149,0.5124125091937,0.1771369493680,0.4291961453164,0.4773786040223,0.2152974328270,0.0148880330189,-0.1022210662659,0.0750722023188,0.3312302530803
0.1643332998372,-0.0934663892407,0.1044919131949,0.3899812444988,0.4643734292481,0.4248329731472,0.3796150896031,0.5247727238470,0.7368169659466,0.3069376704919,0.5800951885027,0.4480158636400,0.4521648719950,0.1421894133485,0.3837215713308,0.3786983298655,0.6007378896899,0.6813634102523,0.4360166869185,0.5873440591782,0.6413477812721,0.2329644683755,0.3479065603887,1.0000000000000,0.5314784061995,0.2039207328191,0.4880307147809,0.0085914836994,0.0175128728505,-0.0380134451406,0.4826100191672,0.3406752951610,0.4446978524044,0.0971266608794,0.3769693912935,0.3800150528582,0.6044946618146,0.2297112647008,0.5134690503772,0.2138758079642,0.1553237136423,0.3189934292952,0.2361379674013,0.3627644777503,-0.0730269650186,0.1715045542285,0.2148196496284,0.5425367319769,0.2117536011672,0.4739002792719,0.1546740127103,-0.0839721840508,0.2384428778246,0.3570157021575,0.4261843796234,0.3900191338488,0.4813658670252,0.5859120625998,0.6943371009668,0.7146618383159,0.2193109624668,0.5575643592447,0.2262613116938,0.3286478123134,0.0032661827407,0.3238571552578,0.4327302109057,0.4647009945828,0.6121619207337,0.6189006529889,0.3822810775144,0.3262934798921,0.8794884122820,0.5888841097436,0.1684747243019,0.1576033091773,0.4651795343368,-0.0284913475101,-0.0382867205556,0.5658908068230,0.2979301928930,0.2483018249103,-0.1599656266821,0.2963050564956,-0.0224238809380,-0.0075192901708,0.4944655456634,0.5033871150717,0.3573172694817,0.1094392407373,0.4646565870797,0.2013965522140,0.2882325255814,0.1572366897425,0.1576461300157,0.5341452794021,0.0088310536775,0.0515290420577,0.2375257121092,0.4361577047163
