1.0000000000000,0.5754884349312,0.4637923358820,0.5681190824480,0.6373679404188,0.3265537835285,0.3801643123871,0.2075949458886,0.2091510378030,0.2524311389388,0.1681738260246,0.1931250383457,0.1671514652927,0.4601021220112,0.3167871899669,0.3342473157504,0.1754290792513,0.3235036373086,0.2194859065278,0.0981103026951,-0.0443945293771,0.1851617554825,-0.0296183367243,0.1151048591808,0.0062696140932,-0.1752149992175,0.0137684190006,-0.0616101447999,-0.0904683047949,-0.0443431430295,0.1207062556248,0.0016452325003,0.1246223610916,0.1029369814248,-0.0080390650577,0.1543683418728,-0.0947920070735,-0.1319991373792,-0.0028634481061,0.0291299388539,0.2972063863115,0.2281640798845,-0.1380404948023,-0.1406371936822,-0.0596921510845,0.1209891882872,0.1422408366303,0.0512658061583,0.1499256754664,0.0902288626149,0.8267688348580,0.7061402911261,0.3860134714940,0.4337020628686,0.3955977914403,0.4702946534818,0.2604856108816,0.2167858277103,0.3445020801028,0.2289662916090,0.2953675218515,0.1263383883481,0.2455977975667,0.1932216613584,0.4691060736494,-0.1235537512180,0.3392836133964,0.2978173524485,0.2243611955934,0.0824667669466,0.1119345040137,0.0075739670734,0.1338389404008,0.0284889088824,0.0396783232949,-0.1111805883741,-0.0680872424370,0.0638196224552,-0.2205647909072,0.2733104382308,-0.0677550559862,0.1668573132168,-0.0569045267356,-0.1418096868015,-0.0611083500225,0.0215232606683,-0.1073952602199,0.0324640311000,-0.1837733097065,0.0312509177406,-0.1121456893176,-0.1027464371863,-0.2571652305138,-0.1356341898980,-0.1399522319969,0.1706362789703,0.2146716985118,0.1477840784949,0.0771716952209,0.1373948446799
0.5754884349312,1.0000000000000,0.3518843153315,0.5152056188926,0.1978204328643,0.0747688092008,0.1236412647640,0.0163199199827,0.0541933895741,0.0383440265324,-0.1221633743425,0.0109032857987,-0.0980598754146,0.6550828486138,0.4552063709401,0.1288716945626,-0.0880741221350,0.0346098189054,0.0802572480506,-0.0122289797825,-0.1348480695779,0.2010043920072,-0.1339114970779,-0.0981592840575,0.0644178982895,0.0090983191020,-0.1681284944353,0.1056727290593,0.1621892352086,0.4503688494665,-0.0266999328395,0.0222281719522,-0.0280927735556,0.1148803121860,0.0460575785120,0.1337956058816,-0.1327436308526,-0.0913920377545,0.0098613395246,0.1297240138473,0.1728731753998,0.2135369203991,-0.0568607640890,0.0130247831222,0.0948096130335,0.1100460435798,0.1414506954992,-0.0795353789227,0.1215478063328,0.0629037805143,0.4405791616225,0.6666846265156,0.2716627202576,0.2213556003716,0.0993719183123,0.1848616272863,-0.0197907473424,0.0379176488888,0.0542723797325,0.0535584577833,0.0215265037119,-0.0878519932734,0.0569960169702,-0.0583808232196,0.5799441844537,-0.0825505960954,0.1733820352834,-0.0616314705521,0.1075041843855,-0.0553671076452,-0.1267007767187,0.0601370985236,-0.0817582549656,-0.1319259080229,-0.1239588716592,0.1875001290537,-0.2011211858258,0.0794508109050,0.1368641382295,-0.0073337691992,0.0392097689659,-0.1010789285823,0.2067914569409,-0.0982049186700,0.0532719807192,0.1810520590948,-0.1365481978192,0.0167994174837,-0.3127981713833,-0.0350052570399,-0.1099513101270,0.0158594283253,0.0053686057804,-0.0100001497943,0.0455651882386,-0.0571929583887,0.1896068127543,-0.0335356612743,0.0187151472624,-0.1723974658006
0.4637923358820,0.3518843153315,1.0000000000000,0.3057763366198,0.4275885817319,0.6683496887865,0.4061088818907,0.1805754351323,0.2932423362979,0.2577229234159,0.2513325001812,0.1495798076441,0.2378886957060,0.3150354535640,0.2183737446948,0.2047274178466,0.1373361114941,0.2581993330103,0.2501558624231,0.1118450081846,-0.0472114146341,0.2548290222603,-0.0923895838667,0.1429196316978,0.1479308969563,-0.1977265385861,0.2409159816466,0.0096175870315,-0.1027190282153,-0.0198348971982,0.2484360655788,0.0799681456236,0.1471124256921,0.1438498567795,0.0920557033884,0.2088743285310,0.0481277826705,0.1113980252029,0.2368139640516,0.3390205967653,0.1359614403511,0.2009764823810,0.0078781861223,-0.0300873168710,0.0607907784601,0.2033599430016,0.2539974867430,0.3668636333778,0.1627131132692,0.1046807627574,0.4011231809769,0.6746549177464,0.2547715805216,0.8127740133787,0.5379528728021,0.3314507883098,0.1143073350626,0.1749616832750,0.3793092761526,0.2766865336176,0.2034429435172,0.2514701123310,0.1439817856296,0.2116201848165,0.2801062742937,0.0191862996469,0.2550218495322,0.1902503720774,0.2130407828200,0.0692860849011,-0.0186785127594,-0.0179320202637,0.1007682287461,-0.0416508402735,-0.0554535278575,-0.3599822679718,0.1418922533944,0.0072429524894,-0.1872337655385,0.1597742046112,-0.2712524144108,0.0274137736801,0.0190964437914,0.0020485262887,-0.0969292741960,-0.1445739569648,0.0001597971851,0.0875831083631,-0.0387465695963,0.0092308334297,0.1438872492588,0.1074117354923,-0.2023765119450,-0.0412648620347,0.0219590162716,0.4902094783144,0.2024851991758,-0.0585104908731,0.1168009124281,0.0520330326286
0.5681190824480,0.5152056188926,0.3057763366198,1.0000000000000,0.5763713328967,0.4301124964197,0.6911644061376,0.2360715299477,0.2845974681938,0.4770292171855,0.4031567359236,0.4666186900985,0.3480956154858,0.5456656015659,0.7069515020344,0.3975047980581,0.4000150481002,0.4349609734593,0.1408388395908,0.1147154346554,0.1850349743227,0.3016930544290,0.2355044334423,0.2556057783788,-0.0570255243384,0.0365851955700,-0.0149224950678,-0.1724911737503,0.0941507306690,-0.0382080428250,0.1512333455620,0.1941515601294,0.3263901883604,-0.0297276095722,-0.0140077903499,0.1340048313658,-0.1892071550984,-0.2602426267116,-0.0333081380461,-0.0435462028181,0.3002950204195,0.2308157321671,-0.0992359205522,-0.1684542242493,-0.1771321716888,0.0738514269498,-0.0322148425877,0.0412293372572,0.1442904763695,0.4649716913367,0.6045958317619,0.5205714152481,0.7530132895832,0.4310303526541,0.5491568124746,0.7660833363751,0.3044572999764,0.1592303820695,0.3777079165145,0.2832969837207,0.4601589128050,0.3782605725926,0.5078978525060,0.3483078239254,0.6074145977244,0.0471429146864,0.2803972356004,0.3892861575819,0.2718360344890,0.1327861762965,0.2222209401480,0.2512994453707,0.2342046658653,-0.0046532429838,-0.0050487123073,0.1026681133375,-0.0428091113225,-0.1004942777946,-0.0349020881902,0.3127036082313,0.2160611510613,0.3149286486058,-0.1722666856257,-0.1709968797581,-0.0907747853887,0.0154536194772,-0.1970399300091,0.0455536701791,-0.1190591904680,-0.1892713604558,-0.1522271705090,-0.1036960234188,-0.1753553151103,-0.1929619138398,-0.1691387752455,0.1129071539314,0.1495381711425,0.1553940632535,0.2338987913084,0.2705212055806
0.6373679404188,0.1978204328643,0.4275885817319,0.5763713328967,1.0000000000000,0.6736094829845,0.5227401070051,0.4181959791206,0.3790634021641,0.4546277809901,0.4273248447300,0.4587571005201,0.4858141840469,0.2886877715255,0.3566826797764,0.4183496259221,0.5200140830882,0.6027282719194,0.1822654001022,0.2681637752979,0.0789037612357,0.3294557177475,0.1958142435620,0.2507205781294,0.1368839831846,-0.1731366675089,0.1078696070363,-0.1121538010274,-0.0793192497619,-0.2409841425106,0.2233792773629,0.0330876160575,0.3139977186947,0.0616869736363,-0.2098043648820,0.0099827861119,-0.2025168759540,-0.0999191676649,-0.1640542126412,-0.0377388475661,0.4700978081941,0.3561929953201,-0.1118015137149,-0.1470199243936,-0.1020075145456,0.1150782274124,0.1530647686330,0.1295274156129,0.1840410408470,0.3045610328788,0.7222721554612,0.4406944366336,0.3976672679543,0.5946911366185,0.7291709660007,0.6136400734513,0.4393008502558,0.3513590099055,0.4757782728112,0.3701213389143,0.4799923036356,0.4299681325632,0.4748939191754,0.5074592846102,0.3821703219956,-0.1066256110516,0.2081280690334,0.6388136082316,0.2026206414394,0.2844139878359,0.2981844297777,0.1244379308841,0.2431713020901,0.2188264589125,0.0853751226138,-0.2124728588513,0.0219429883370,0.0047873601044,-0.2340147929987,0.4347306649990,-0.0749385439089,0.3459001982896,-0.2043344670162,-0.2459337971780,-0.1241555478979,-0.0340076495430,-0.2729349970327,-0.1489807919582,-0.0733651858053,-0.0295498436340,-0.2184811468789,-0.0818864148354,-0.2839733932870,-0.1222939056752,-0.1536236231082,0.2952919785488,0.1626197288941,0.3293987504281,0.3181904204078,0.4785465920742
0.3265537835285,0.0747688092008,0.6683496887865,0.4301124964197,0.6736094829845,1.0000000000000,0.6390505932738,0.4030936347528,0.4077386583792,0.5676391091710,0.5239718046796,0.4439325074776,0.5595704967225,0.2333034884229,0.3514629909332,0.3166765961395,0.5247091209270,0.5116995044188,0.1684731789018,0.2176234373587,0.0553685812645,0.3339561219169,0.0952549388418,0.2361430989923,0.0974752308389,-0.1964083796295,0.1711836400243,-0.1030244237521,-0.1120600440994,-0.2481203308987,0.2967543553854,0.0905656931477,0.3090805952253,-0.0230698318049,-0.1148430508060,0.1080543743028,-0.1879114672546,0.0388025786338,0.0233189777262,0.1186327047740,0.3728186686343,0.3066369977358,0.0067956715232,-0.1360870542276,-0.0606685035114,0.1677656114957,0.0595083688827,0.4252402910484,0.1597016086476,0.3711284754749,0.3679815499570,0.3078516608497,0.2920773250396,0.8927716259403,0.9006605353788,0.5878722990825,0.4088492097588,0.3725139318561,0.5087005819502,0.3835846902558,0.5218301471792,0.5281763646755,0.4402805596126,0.5541238038120,0.3091095245575,0.0679664163791,0.2230259149598,0.5623300197620,0.1851670207887,0.2432899354087,0.2021667754818,0.0719510127519,0.2413429491648,0.1646891251747,0.0351293896805,-0.2907945926542,0.1140200714384,-0.1120913873717,-0.2482640815018,0.4008028852366,-0.1561122479885,0.2818585521267,-0.1848429389845,-0.1120469349133,-0.0258060504650,-0.1998062108328,-0.2053305790541,0.0099494021692,0.0836178702057,-0.0098947431722,-0.0000464607575,0.0309872609359,-0.1809356323519,-0.0965620571585,-0.1276236237851,0.6046690641319,0.1506907354991,0.1898392723258,0.3425436490932,0.4461042912017
0.3801643123871,0.1236412647640,0.4061088818907,0.6911644061376,0.5227401070051,0.6390505932738,1.0000000000000,0.2861095558338,0.3263744330221,0.5015015324256,0.4771520990078,0.4282243290025,0.4558489815823,0.2463862134888,0.4218539177245,0.3566729569661,0.4439543173524,0.4241142028184,0.1411785146450,0.0533994086484,0.1406059172429,0.2217393751673,0.1393216806721,0.2642636795510,-0.0518366357768,0.0559184774046,0.1392187558603,-0.2153495028935,-0.0142462047880,-0.2127326909963,0.3302049465856,0.2208632096868,0.2925115455712,0.0076888695984,0.2584372606686,0.1745889702771,0.0371623407385,-0.1294545230786,0.2201947562181,-0.0115046603098,0.2196811302652,0.1957821388780,-0.0090959322850,-0.1637510339589,-0.1444214221680,0.0278000822920,-0.0692003420270,0.2905094999848,0.0179386599428,0.4063557233692,0.3989756484560,0.3236225228022,0.5520718465284,0.6188738985680,0.6985964116792,0.8445718537325,0.3044432483263,0.2310926432287,0.5096481913691,0.3179845098557,0.5015533661468,0.4184570522943,0.4705639737334,0.4454534063599,0.3613910553821,0.1159881134195,0.3180039305661,0.4365668320195,0.2130469282732,0.0286726601648,0.1615118433354,0.1112793348900,0.2376798709404,-0.0002119772015,-0.0301569599784,-0.0679876150868,0.0859262662183,-0.2178241256581,-0.1453170029496,0.3374365101969,0.0244836709633,0.2575716484978,-0.2142718611606,0.0214996722227,-0.0932107860209,-0.1547391091497,0.0217644737396,0.3202254167107,0.1006850442587,-0.1386630053214,0.0746277186914,-0.1269617541714,-0.2042776552913,-0.2531804831109,-0.2447335730058,0.3575264379499,0.0038683742549,0.1133077328580,0.3229881753230,0.3679334930035
0.2075949458886,0.0163199199827,0.1805754351323,0.2360715299477,0.4181959791206,0.4030936347528,0.2861095558338,1.0000000000000,0.7127151338824,0.3830752569238,0.4006190838659,0.5159162396985,0.6363493130036,0.1067269470157,0.0847745633390,0.5363663347494,0.5768438637138,0.5213262122423,0.6099571514839,0.5553635184338,0.0923394395829,0.2261076947842,0.1908805841811,0.1311322801306,0.3222407593722,0.0559996622711,0.0729912142366,0.0097511563008,-0.0765567887164,-0.1372242182156,0.1972902719200,0.0769588506033,0.3765301759174,0.0668803516870,-0.2301638179910,0.2054127556855,-0.2989907670663,0.2860069962609,-0.3037344551446,-0.0702532091945,0.1910974104494,0.1637177035145,-0.0374638261385,0.1194106013747,0.3704517363493,-0.0068410251674,0.0902398470462,-0.0721410064194,-0.1049269209055,0.1741344601485,0.2220814062038,0.1807307732793,0.0799579615696,0.3230229004347,0.4545047613416,0.3598667267827,0.5734464039074,0.8594440097953,0.7635205169554,0.7461318149381,0.3543685106895,0.4016957432119,0.4583405211030,0.6053468558369,0.2480505482226,-0.2177365915591,0.4084111773180,0.6307110921968,0.3059274707270,0.4400954058597,0.3200456132868,0.0912492806462,0.2063702428915,0.3795170803126,0.2447854500682,-0.1962809045156,-0.0672445286577,0.1079263908947,-0.1243517154128,0.3260667101004,-0.2480415306390,0.3336406504364,-0.2085751168912,-0.2167482904126,0.0651781723466,-0.1229282636892,-0.3416191141406,-0.2219325939721,-0.0356474307979,0.1165281992469,-0.3236102683939,-0.1921408275594,-0.1965577778741,-0.1429714537600,-0.2680890160023,0.0349101071229,-0.0140783236947,0.0783561449277,0.1307690707161,0.2854204784973
0.2091510378030,0.0541933895741,0.2932423362979,0.2845974681938,0.3790634021641,0.4077386583792,0.3263744330221,0.7127151338824,1.0000000000000,0.3466172468730,0.4083477748217,0.5140842521417,0.4987328733209,0.1975852942098,0.1316690264803,0.5259457027196,0.4633436173295,0.5857480098646,0.6104914534113,0.6337140543635,0.2223644928224,0.3992795620478,0.3713587878689,0.4027245203649,0.4236511996213,0.0788230774460,0.1684203271230,-0.0904237375499,-0.1290253073779,-0.1696095535485,0.2731405763296,0.2601083783273,0.4299895527600,0.1386646071716,-0.1600495037897,0.3337556019677,-0.1702762664434,0.1358225621640,-0.1734068690674,0.1538773978879,0.1011298304057,0.1843534684666,-0.0955920223365,-0.0989888469403,0.1291721417129,0.1132571515714,0.1398199715354,0.0007807662622,-0.1639340804037,0.2176088320593,0.2212657550803,0.2080474360912,0.2530218364123,0.4286691758560,0.4163406784467,0.3777082477383,0.5746537025783,0.6144489429234,0.7341841116447,0.8882741941042,0.3472438525345,0.4552160197697,0.4661177771636,0.4760473730878,0.3425852749165,-0.0622971241661,0.4583366302899,0.5864383185545,0.5661443701090,0.6328832752576,0.4106665099617,0.3115431225774,0.4840373353484,0.4675824466509,0.3399879415339,-0.0043801098219,0.1027220352875,0.1188878929628,-0.1753621901437,0.4215067158839,-0.0073255122057,0.3464103435767,-0.1836803079697,-0.1178202585947,-0.0591783896256,0.0831844787476,-0.2291275692476,-0.1238856794070,-0.0446156043002,0.0415553604492,-0.2318254047760,-0.0218258249442,-0.2484636678886,-0.1200141153598,-0.0879716455362,0.1133939107377,-0.0026355452984,-0.1059790852786,0.1495539467845,0.3020201418346
0.2524311389388,0.0383440265324,0.2577229234159,0.4770292171855,0.4546277809901,0.5676391091710,0.5015015324256,0.3830752569238,0.3466172468730,1.0000000000000,0.7628103321896,0.7686755953490,0.5008484340663,0.2967787723793,0.4458652799983,0.2725008679332,0.6338787317525,0.4717911926624,0.1862472105171,0.2083175878271,0.4044521246246,0.6099874192745,0.4459774491085,0.4196667917027,-0.0502367016534,-0.0212463445036,0.1573832807411,-0.1311916747375,0.1432845372766,-0.2720049732196,0.2929857666672,0.1864190378644,0.5387665327605,-0.2297014917355,-0.0954885031085,0.0165252370210,-0.1098573900426,-0.1296264097940,-0.1010726043568,-0.0594570907087,0.4097619616821,0.1162706971239,-0.0918440337492,-0.1940925244366,-0.1536931145187,0.1144792043334,-0.1931897334708,0.1997946676150,0.1810277497456,0.5963907779045,0.2885654272346,0.1422235068793,0.3663716845140,0.4516905108005,0.6258882993223,0.5067338454740,0.6005774918486,0.3146457075062,0.4768178633879,0.3577649265047,0.8906561074881,0.7125874415575,0.7382397779071,0.4621538717287,0.2872642564898,0.0797015415027,0.2332320307093,0.5827746621231,0.2491866117854,0.2729194642543,0.5100844271547,0.4488588026266,0.4629984779480,0.2353149644543,0.2263006576476,-0.0283648058631,0.0741654854246,-0.0402771512345,-0.0663570881072,0.4943739203805,0.1284349692759,0.5810164946910,-0.3225259545402,-0.0818492503557,-0.0299522810900,-0.2212348858827,-0.0036529338165,0.0681937792754,0.0773417895861,-0.0428447521880,-0.0117473083199,-0.0676541197097,-0.1952340266788,-0.1505133015154,-0.1567167514441,0.3064325713386,0.1448963940177,0.3432024621788,0.2565067272219,0.4658993438643
0.1681738260246,-0.1221633743425,0.2513325001812,0.4031567359236,0.4273248447300,0.5239718046796,0.4771520990078,0.4006190838659,0.4083477748217,0.7628103321896,1.0000000000000,0.7598561081846,0.5732570467048,0.1299311375021,0.3087956809780,0.2704119700015,0.6462386736406,0.5565621488323,0.1442584704236,0.2247658735681,0.4262869570141,0.4153391326254,0.5328853209167,0.4388158467964,-0.0008300530690,0.0713265887102,0.3292591253962,-0.1132232711102,0.1212423210458,-0.3091912896866,0.3537800526754,0.2779380537814,0.5667036733556,-0.1329987598086,-0.0442998064568,-0.0882438663819,0.0003418972897,-0.0888284580766,-0.0584027854514,-0.0078835078888,0.3381896807631,0.1864909041039,-0.0349501463519,-0.0497752422175,-0.0497986938054,0.1651388842859,-0.0725239890862,0.2199340792735,0.1195969855532,0.5586323912137,0.2312776664763,0.0959002979450,0.3330690279155,0.4036770315861,0.5480315887597,0.4474500973839,0.5967353282207,0.3463647075924,0.4564785717649,0.3413853338047,0.7342205775295,0.8255945053823,0.7192499517523,0.5416711436476,0.1385620446534,0.0641041061494,0.1479096649143,0.6327499324044,0.1563175577503,0.2613108544718,0.4908971078280,0.3944382828816,0.4404208533560,0.2179971347821,0.2058532314336,-0.0774790912034,0.2757070900354,-0.0594974521020,-0.0431171877854,0.4726567514815,0.0904619185770,0.5749497150463,-0.3355044301183,0.0009171889557,-0.0243254793946,-0.2297087359592,0.0458804773361,0.0363638572407,0.1711530020265,-0.0806314632096,0.0017666615834,0.0019284413880,-0.1331207891890,-0.0380615587487,-0.0533267115577,0.2934660362619,0.0586190516441,0.2464695218255,0.2762307847831,0.5136060728866
0.1931250383457,0.0109032857987,0.1495798076441,0.4666186900985,0.4587571005201,0.4439325074776,0.4282243290025,0.5159162396985,0.5140842521417,0.7686755953490,0.7598561081846,1.0000000000000,0.5787218416620,0.2158377511981,0.3236103354082,0.3661951134889,0.7561084658969,0.6089363389418,0.3023580421145,0.3578829290823,0.4700865104263,0.5653747383077,0.6671881083421,0.3645636912696,0.1244498165294,0.0941974179177,0.1227760193772,-0.1734141690767,0.0850299844833,-0.3384063714928,0.1955625805508,0.3022157581404,0.6741335596291,-0.1028472183447,-0.2328960154463,-0.0188045140594,-0.1874550653695,-0.1892633156085,-0.2790421990051,-0.0051660135063,0.2715427267587,0.1194572413568,-0.2112547044561,-0.1785303861864,-0.0690310597811,0.0696021726188,-0.0335901842862,0.0100392015747,-0.0454573276923,0.5873131845364,0.2607567541407,0.1682610702993,0.3409397325891,0.3203480449627,0.5268475241350,0.4357888883440,0.6138159881940,0.4596371116082,0.5651924411372,0.4636547402160,0.7251976076912,0.7776035247201,0.8803111249295,0.5420648281789,0.2956761041768,-0.0915715693220,0.1708449254212,0.7084206759084,0.2300551807155,0.4098865959177,0.6158555229619,0.6267816124415,0.4002104316797,0.3016822508266,0.2744859005222,0.0496049220080,0.0548598177346,-0.0282138969995,-0.0822146500004,0.4254112579605,0.1920103986576,0.6031540613216,-0.4346329414933,-0.2215835671508,-0.1118971572047,-0.1667266472336,-0.1601116777295,-0.1708448061421,-0.0004993011606,-0.2014174942414,-0.2528126044876,-0.1225324831493,-0.2606634004762,-0.1607290011857,-0.0865159902680,0.1057336316993,-0.0046793398573,0.1025314757299,0.2409477194063,0.4930864073515
0.1671514652927,-0.0980598754146,0.2378886957060,0.3480956154858,0.4858141840469,0.5595704967225,0.4558489815823,0.6363493130036,0.4987328733209,0.5008484340663,0.5732570467048,0.5787218416620,1.0000000000000,0.0081287850202,0.2366697677668,0.4147873941993,0.7732072312087,0.5827137193612,0.1722344816207,0.3305374106379,0.1114226449220,0.1037289626257,0.2058135122669,0.1390497834766,-0.0021807634169,0.0322139175780,0.1035330574352,-0.1296759660927,0.0190158615633,-0.2705844717546,0.2928472823026,0.1907033033380,0.4830095402322,-0.0098733483159,-0.2251488797413,-0.0361748749538,-0.3043258638852,0.0693133178162,-0.0963123795449,-0.0681913510089,0.2889510904485,0.2601787174418,0.0197242678480,0.0180744741121,0.0868778259658,-0.0415599077188,0.0260856702042,0.1993076930995,0.0422651348245,0.3475922654170,0.2101438911784,0.0640001521789,0.2809582750510,0.3871163909158,0.6017012081113,0.4609127606671,0.5261010719617,0.5648994805343,0.5322291856090,0.4476890588769,0.4495377910042,0.5083475369889,0.4777224707563,0.9165935351041,0.1458238217984,0.0559841740923,0.1344811357720,0.7152632751923,0.0807442213098,0.2381372625938,0.2814177400587,-0.0043491726547,0.1574195976101,0.0385465447819,-0.0114294994392,-0.2369961848356,0.0432274292641,-0.0926056970366,-0.0415646390096,0.3573420791359,-0.1790059428173,0.4154676619876,-0.2324026840606,-0.1933313182932,0.0083935237787,-0.2149351039731,-0.3263324414141,-0.1597444229130,0.1315741427886,-0.0167477495978,-0.1028278951433,-0.0749072000135,-0.1669201967215,-0.1818441966807,-0.2111859070803,0.2573182068918,0.0242147036572,0.2001210011246,0.2874791867270,0.4266019682264
0.4601021220112,0.6550828486138,0.3150354535640,0.5456656015659,0.2886877715255,0.2333034884229,0.2463862134888,0.1067269470157,0.1975852942098,0.2967787723793,0.1299311375021,0.2158377511981,0.0081287850202,1.0000000000000,0.5810914996923,0.3924826188673,0.1948231418459,0.2493683299265,0.2401564759438,0.2179399282590,0.3180744855738,0.4437975505912,0.1423985791327,0.2794028660412,0.0585846058637,0.0750925945626,-0.0960505660081,0.1454389975024,0.2042110782028,0.2951277231954,0.2479470599192,0.2388912075893,0.2447689750976,-0.0234026913036,0.1243446956052,0.3745712087334,-0.1359673507202,-0.0213732998062,-0.0771883298639,-0.0552273168393,0.2425203520730,0.1699266884488,-0.0921886917700,-0.1644101916599,-0.0204516590240,0.1869737995533,0.0044957434511,0.0489796286703,0.3211446720345,0.3723280415428,0.4271009971355,0.4788296636967,0.4624582218095,0.3370281376755,0.2649943838299,0.3215137568173,0.1720821834525,0.0861543638111,0.1995064867107,0.1664670884148,0.2680542602373,0.1131878970079,0.2738519667661,0.0392191604774,0.7323794808898,0.0143180361200,0.4214287680019,0.1890103286795,0.4212249743183,0.2290216211865,0.2922653178835,0.2677484320721,0.2856451375545,0.0216359929974,0.2526171169872,0.2262504796582,-0.1716888684730,0.1727982234075,0.1272061454708,0.3598854639701,0.2442752836297,0.1678877674092,-0.0709429360584,-0.0491236167039,-0.0392123781944,0.0971662613146,-0.0962409764957,0.1331051958671,-0.2567655387151,-0.0316956789742,-0.1612777262671,-0.1658286580046,-0.2016662329915,-0.1129673402794,-0.0299341577099,0.1333654828170,0.4164121430944,0.0785741908888,-0.0457493248368,-0.0134851415517
0.3167871899669,0.4552063709401,0.2183737446948,0.7069515020344,0.3566826797764,0.3514629909332,0.4218539177245,0.0847745633390,0.1316690264803,0.4458652799983,0.3087956809780,0.3236103354082,0.2366697677668,0.5810914996923,1.0000000000000,0.1507200252631,0.2329960235155,0.2414855277298,0.0037930422596,0.0513876453209,0.1801306987147,0.3435127034113,0.1943395100715,0.1890047356175,-0.0931818622105,0.0824015381547,-0.0293202780079,-0.1614391989120,0.0972077911814,0.0180823710423,0.1423121137684,0.1534104614720,0.2452722065789,-0.0582727459279,0.1095187134872,0.1545297515871,-0.0950906104471,-0.0175206830431,0.1266388158056,0.0526420439410,0.3854087124242,0.2326493843882,0.2391354944839,-0.0550891617189,-0.0751298194158,0.1183124837917,-0.1355263240294,0.2365608312140,0.3671011102183,0.6018075464301,0.3519316006650,0.2324978972033,0.5207262043979,0.3099726595035,0.4018864790021,0.4339405855317,0.1770229303547,0.0157507139624,0.0756791196902,0.0976066810846,0.3246790589681,0.2979130699308,0.3363053588424,0.2287527866970,0.5036369677475,0.3146445591567,0.1555726237208,0.1775440061030,0.1662801092826,0.0426716663000,0.0758952937517,0.2141807598450,0.1734065747811,-0.1080350793786,-0.0619603216343,0.1972242375852,0.0072717807318,-0.1352309691160,0.0252629145328,0.1760282416334,0.2789154268256,0.2025407970547,-0.0135063416674,0.0167340808927,0.0748678320811,0.0833946736739,-0.0459283024479,0.1568582576306,0.0120844687046,-0.0278570047954,0.0717549026407,0.1089991771414,0.0681797444991,-0.0337477004586,-0.0196634039825,0.2286603366504,0.3109759212002,0.2189250954397,0.2832420285473,0.1754623162964
0.3342473157504,0.1288716945626,0.2047274178466,0.3975047980581,0.4183496259221,0.3166765961395,0.3566729569661,0.5363663347494,0.5259457027196,0.2725008679332,0.2704119700015,0.3661951134889,0.4147873941993,0.3924826188673,0.1507200252631,1.0000000000000,0.5640817140739,0.6780058978251,0.5736659767141,0.7242848206839,0.2698950654151,0.2793757347286,0.3123206455356,0.3308987352717,0.2046098119808,0.1868468011162,0.1747525264082,0.0963951993025,0.0995387896045,-0.0563745881518,0.4544154369632,0.3760797410765,0.5487376823336,0.2244903858270,0.1005859700056,0.4937425578099,-0.2254534899132,0.1662881520239,-0.1129182620308,-0.0037349602371,0.2089601688696,0.1787794947138,-0.1101008939297,0.0052352695607,0.2004818324837,0.1274983178642,0.2256214484849,0.0604042087034,0.1042583387662,0.1823569310774,0.3530096254464,0.2861727368363,0.4546103607773,0.2936747670331,0.3450791811329,0.4185097389373,0.3592746927519,0.4251714017003,0.5070524027964,0.4502791016177,0.2668805914451,0.2340636204144,0.3232819999392,0.3632112614083,0.4259890614543,-0.0645406318308,0.6493406429069,0.5857013798174,0.4659108312873,0.5455373087723,0.3945962723761,0.2005640768516,0.3327031152622,0.2022363433188,0.2998754157270,0.0080022414535,-0.0434560618299,0.1984736205216,-0.0593172100737,0.6134626680857,0.0040061954129,0.4058747822380,-0.1783373105997,-0.1435740814899,-0.1047275772759,0.0660509413539,-0.2891088525133,0.0242037533362,-0.0848798612224,0.0656473755006,-0.2313587876369,-0.1796317425718,-0.3114236688952,-0.1149119887363,-0.1802932091487,0.1316941250650,0.2336371434021,0.0865176389972,0.0340993704068,0.2431664903591
0.1754290792513,-0.0880741221350,0.1373361114941,0.4000150481002,0.5200140830882,0.5247091209270,0.4439543173524,0.5768438637138,0.4633436173295,0.6338787317525,0.6462386736406,0.7561084658969,0.7732072312087,0.1948231418459,0.2329960235155,0.5640817140739,1.0000000000000,0.7335498489527,0.2149642658746,0.4744838884732,0.4217853420065,0.3285480712381,0.4692526998408,0.3150948890381,0.0573537333167,0.1056146980875,0.1021652972935,-0.0527955433835,0.0738854620049,-0.2957430232805,0.3687099353340,0.2905672138671,0.6860274584515,-0.0574863501266,-0.2350104476543,0.0166183811417,-0.3346598386737,-0.0458613681555,-0.3139636017391,-0.2137314521388,0.3198402720144,0.2115193920823,-0.1876428992324,-0.1205141609342,-0.0145647987113,0.0285595285850,0.0101014774667,0.0322099235722,0.0120858689047,0.4771492242090,0.2198757468124,0.0606065729105,0.3466770526372,0.3686853113431,0.5653285065151,0.4760049872637,0.5982934815172,0.4986861969259,0.5447347886064,0.3925381169465,0.5960415275436,0.6078019892939,0.6879762083235,0.7399496180392,0.2563450945571,-0.0734634860814,0.2233036170038,0.8548742500330,0.1739979586517,0.4259543551745,0.5940660686391,0.2860576257989,0.3424649813369,0.2164532810480,0.2645104482969,-0.0580980333503,-0.0009421519318,-0.0045187088173,-0.0302134184308,0.6015433332323,0.0081307262412,0.5915560631567,-0.3934123733641,-0.2481504093530,-0.0812859331861,-0.1589985403004,-0.3370392372087,-0.1773730600980,0.0220207717586,-0.1101235264653,-0.3170889237465,-0.2406074488614,-0.2995159692781,-0.1534551349648,-0.1959134683584,0.1453029259613,0.0298194967387,0.2215089207915,0.2120158184733,0.4957658573455
0.3235036373086,0.0346098189054,0.2581993330103,0.4349609734593,0.6027282719194,0.5116995044188,0.4241142028184,0.5213262122423,0.5857480098646,0.4717911926624,0.5565621488323,0.6089363389418,0.5827137193612,0.2493683299265,0.2414855277298,0.6780058978251,0.7335498489527,1.0000000000000,0.2548046339883,0.5898064744656,0.3403903440570,0.3733127916710,0.4801575832610,0.4878989781728,0.2680745784151,0.0966334892419,0.3424089857976,0.0607026192709,0.0600052984482,-0.1855616420524,0.5124897841906,0.3647663189499,0.6366946750385,0.2423732216341,-0.1101754631927,0.0949747453372,-0.1227460643767,0.0589691635643,-0.1242359944862,0.0703508481722,0.3540504993749,0.3366175500786,-0.1078246479945,-0.0622215796110,0.0746098102538,0.2285199008606,0.2436595898845,0.1219933046065,0.0691354358891,0.3857219699097,0.3631504931298,0.2360522222567,0.4059866832966,0.4113237712315,0.4837306909342,0.4603405539801,0.5753705820335,0.4191099735001,0.5100627609809,0.4600977124170,0.4649939687725,0.5561977854057,0.5269957759647,0.5435985452181,0.2761868382755,-0.0393844671479,0.3294696168093,0.7900027371090,0.2557838791580,0.5252427824653,0.4607800389330,0.3184693282835,0.4443633707517,0.2836454767038,0.2188971338773,-0.0469152145470,0.2004549887181,0.1511008109034,-0.0982703382909,0.6586880091119,0.0282633543007,0.4736701581483,-0.2391438249272,-0.1585649447644,-0.1029099287134,0.0755264048694,-0.2378074747917,-0.0940371539379,0.0297943690057,0.0176055365343,-0.2033471576340,-0.0387966413737,-0.2606620273026,0.0289210254596,-0.0988692896089,0.2258442109594,0.1081786812137,0.1882664149025,0.3037170562372,0.4854152245556
0.2194859065278,0.0802572480506,0.2501558624231,0.1408388395908,0.1822654001022,0.1684731789018,0.1411785146450,0.6099571514839,0.6104914534113,0.1862472105171,0.1442584704236,0.3023580421145,0.1722344816207,0.2401564759438,0.0037930422596,0.5736659767141,0.2149642658746,0.2548046339883,1.0000000000000,0.5684231531362,0.1729679192159,0.2906491644327,0.2171177058578,0.2171016330742,0.3316101768804,0.0735560636396,0.0278793545790,-0.0664785488730,-0.1013336247675,-0.1909984137501,0.0387531100489,0.1022129879505,0.2403564386467,0.0424583469528,0.0165071700841,0.6461190125181,-0.1351661286063,0.1641817256791,-0.1533377517650,0.1428185297400,-0.0381359859460,-0.0620724362262,-0.1119362202641,0.0329580378778,0.2287075725908,-0.0083672079281,0.0644668155571,-0.0421553711403,-0.0835952506818,0.0598642276725,0.2080262364052,0.3169637254267,0.1781294511125,0.2247171248437,0.2002939141127,0.1918102599448,0.2155184479872,0.5480713848225,0.6170884424832,0.7002513918924,0.1512357894457,0.1718744893164,0.2806677421157,0.1244725510198,0.3301076010031,-0.1363359233165,0.5871369805197,0.2934716372651,0.7272871537423,0.5160618118563,0.3425537953111,0.2597745503280,0.3143820893168,0.4014994015878,0.3687180477988,-0.0503410992305,-0.0991524809857,0.1645474334309,-0.1735521363448,0.2139590214516,-0.0579473118468,0.1873307900971,-0.1885566307391,-0.1015000848013,-0.0370479050146,-0.1232434761602,-0.1019296202234,-0.0221988842497,-0.1023594403804,0.0698936040705,-0.2051519784073,-0.1110870865805,-0.2249080247036,-0.1869728633726,-0.1920760283765,0.0446043772774,0.1275469100666,-0.1762917240519,-0.1462684628942,0.0817845951471
0.0981103026951,-0.0122289797825,0.1118450081846,0.1147154346554,0.2681637752979,0.2176234373587,0.0533994086484,0.5553635184338,0.6337140543635,0.2083175878271,0.2247658735681,0.3578829290823,0.3305374106379,0.2179399282590,0.0513876453209,0.7242848206839,0.4744838884732,0.5898064744656,0.5684231531362,1.0000000000000,0.3239431853736,0.3405080477458,0.4525052719293,0.3593216895904,0.4727440254080,0.3037950705701,0.2318810529210,0.0794498262326,0.0206084281209,-0.0948984761758,0.3314134255815,0.3725432738393,0.5944275114542,0.2680345062370,-0.0497642469426,0.4554314051705,-0.2353945996816,0.4043661295208,-0.2597389709299,0.1103681547940,0.0912622009033,0.0853055459852,-0.0944914702800,0.0834342339968,0.3084129113507,0.1335334421623,0.2525335246360,-0.0535323883161,0.0225786023745,0.1774871672454,0.0901202292941,0.0583722428988,0.1763459031220,0.1718292659255,0.1863903089502,0.0765026847811,0.3749904312086,0.4487059621874,0.3979823787453,0.5099286992848,0.1277241975576,0.2323318041294,0.2743307448676,0.2499986390775,0.2545083624932,-0.0900919418932,0.4413435972000,0.5003570272120,0.4392057212667,0.7734602551654,0.3993114184781,0.3419622987380,0.4140808403470,0.4662960351758,0.3994558526276,0.1207088941503,0.0726017463818,0.2445376769487,-0.0500095620132,0.5186129343311,0.0578216229925,0.4092245427289,-0.2029120290525,-0.1631836880804,-0.0340161175312,0.1927817553202,-0.2957142959640,-0.1529961996405,-0.0924034881716,0.1627524685373,-0.3103863532245,-0.0495663164178,-0.1657617579738,0.0250393477915,-0.0356285158239,0.0079662413734,0.1647036241899,-0.0750715833392,-0.0424689315182,0.1956111176860
-0.0443945293771,-0.1348480695779,-0.0472114146341,0.1850349743227,0.0789037612357,0.0553685812645,0.1406059172429,0.0923394395829,0.2223644928224,0.4044521246246,0.4262869570141,0.4700865104263,0.1114226449220,0.3180744855738,0.1801306987147,0.2698950654151,0.4217853420065,0.3403903440570,0.1729679192159,0.3239431853736,1.0000000000000,0.5157385422739,0.6396033977622,0.6222265249247,0.0743535357073,0.3759415934852,0.1988779438785,0.0632455647682,0.1862538508486,-0.1304837136902,0.4130533078324,0.5308024254728,0.5406105372743,-0.0411290536351,0.0606895804458,0.2022874162716,0.0549618909837,0.0272474115335,-0.1813101225801,-0.1810485221591,0.0294024422357,-0.0561086542679,-0.1215924660551,-0.1739777872418,-0.0516747096263,0.1372153931367,0.0610882294391,-0.0485506170602,0.0250213394742,0.6166934990996,-0.0124538883772,-0.0585494863280,0.2741792158392,0.0371143266725,0.0957715996312,0.1171854506726,0.2258971645302,-0.0384394698672,0.2005526436527,0.1322073315834,0.3530735759688,0.3667004831586,0.4746162100195,0.0711238917015,0.1314897414786,0.0011428322585,0.2360317742596,0.3655637723944,0.3586630594245,0.3889526823397,0.6915816124673,0.6063182202032,0.5862079605421,0.2900807308318,0.6099214538379,0.3040099705937,0.1488204998628,0.1188929670129,0.0901740983755,0.4818854718077,0.5259962700277,0.5895804848673,-0.4553297854748,-0.0065993921982,-0.0555740070094,-0.0136437620280,0.0772258238259,0.0706089838353,0.0676081439764,-0.1343310166447,-0.2027590571516,-0.2575322648018,-0.2449049077377,-0.0490791875077,0.1330816907534,-0.0015458716881,0.0662542936835,0.0318106974409,-0.0602100065586,0.3107912474408
0.1851617554825,0.2010043920072,0.2548290222603,0.3016930544290,0.3294557177475,0.3339561219169,0.2217393751673,0.2261076947842,0.3992795620478,0.6099874192745,0.4153391326254,0.5653747383077,0.1037289626257,0.4437975505912,0.3435127034113,0.2793757347286,0.3285480712381,0.3733127916710,0.2906491644327,0.3405080477458,0.5157385422739,1.0000000000000,0.5648864008394,0.5123782099160,0.2487237511184,0.1249485307442,0.1800693713123,0.0565255137717,0.1594410222466,-0.0590832945683,0.2626773640168,0.2890034677294,0.4474297895742,-0.0202271746272,-0.0003961099381,0.2122085417016,0.0395941523307,0.0120123268658,-0.1401198284478,0.1768714098475,0.2909580903208,0.0525124162836,-0.1192894100941,-0.2108877733860,-0.0634054208472,0.2987365234359,0.0723758077785,0.1048049626130,0.1900729469721,0.4678160035477,0.2242127262785,0.2243965785846,0.2859961650630,0.3164300987457,0.3138707704037,0.1969886104006,0.3287285601350,0.1450700437874,0.3215428410280,0.3301041280172,0.5318759279408,0.4524383549100,0.5513407250467,0.0884151262853,0.4108993906520,0.0646080594357,0.3048808301175,0.3791223169304,0.4196921974876,0.4652919180418,0.5309831133724,0.7311658183185,0.5389651913728,0.3833562931573,0.4531544658979,0.2069862727809,0.0924681195133,0.2307515637398,-0.0294394402794,0.4287658451149,0.3837503495456,0.4709365463072,-0.1953362248033,0.0026603295329,-0.0411616875200,0.0710464926711,0.0700725079240,0.0537751090097,-0.0003633469551,-0.0154728964226,-0.0990128993241,0.0444504925218,-0.1618531440440,0.0721785610125,0.1948346196803,0.1821438297528,0.2495994138088,0.1746380692381,0.1136811304796,0.3519949366813
-0.0296183367243,-0.1339114970779,-0.0923895838667,0.2355044334423,0.1958142435620,0.0952549388418,0.1393216806721,0.1908805841811,0.3713587878689,0.4459774491085,0.5328853209167,0.6671881083421,0.2058135122669,0.1423985791327,0.1943395100715,0.3123206455356,0.4692526998408,0.4801575832610,0.2171177058578,0.4525052719293,0.6396033977622,0.5648864008394,1.0000000000000,0.5095670055803,0.2484510512715,0.4200746018982,0.3310914602919,-0.0946293273757,0.1428694323501,-0.2980101798857,0.1780176100978,0.5117067936824,0.6731495265007,0.1016720878765,-0.0503636107733,0.0575944759118,0.0040000852433,-0.0867792876126,-0.2574914659143,0.0712820169958,0.1068644837600,0.0121016810831,-0.1184453670096,-0.0193052992525,-0.0210165804754,0.2864331373310,0.0767202950400,-0.0842834514244,0.0119805978907,0.5028416301035,0.0459626620493,-0.0914011795287,0.2572571314191,0.0068774423099,0.1266453317255,0.1212499837474,0.3481687814600,0.1564250077497,0.1798528028758,0.2599736786946,0.4004286028451,0.5154752823429,0.5976280581045,0.1692346116327,0.1161701414435,-0.0376762995560,0.0991527022621,0.4339930268571,0.2228121976752,0.4809024099690,0.5759033773569,0.7741496751351,0.5045066548265,0.3966078967224,0.3423353444437,0.3491438288936,0.2677423309948,0.0607198313412,-0.0196588095374,0.3320907063812,0.5348664575411,0.5893270298920,-0.4105681222956,-0.1217590502964,-0.0508591331736,0.0999589250055,-0.0092276574900,-0.0969078985868,0.0001314016489,-0.1237328178784,-0.2420824182544,-0.0053290458885,-0.0913355920680,0.1227424021037,0.1393061007438,-0.0911700855717,0.0171647737680,0.0295514541662,0.1066575354939,0.3583277144232
0.1151048591808,-0.0981592840575,0.1429196316978,0.2556057783788,0.2507205781294,0.2361430989923,0.2642636795510,0.1311322801306,0.4027245203649,0.4196667917027,0.4388158467964,0.3645636912696,0.1390497834766,0.2794028660412,0.1890047356175,0.3308987352717,0.3150948890381,0.4878989781728,0.2171016330742,0.3593216895904,0.6222265249247,0.5123782099160,0.5095670055803,1.0000000000000,0.1577512281891,0.2367932637503,0.4741522286449,0.1273107785379,0.1478547779130,-0.0951019824089,0.4273610110798,0.2724043108479,0.2936135594749,0.0207367917922,0.1939093816463,0.3250986282357,0.3332785364123,0.0781227018165,0.0927370224721,0.0908405754583,0.1697554489547,0.0273222317120,-0.0300293094773,-0.1630682891336,-0.1926716511869,0.2199942158107,-0.0280234896285,0.2192034968621,0.1699610430253,0.3876059354872,0.1659517485929,0.0854585344737,0.3957384443292,0.2334116433127,0.1849477727777,0.2778563435485,0.3918129639186,-0.0341809917725,0.2623225373279,0.2987495024538,0.3757112795603,0.4218268342945,0.3203590780642,0.0822001913909,0.1650074097684,0.2229187668272,0.3770432519172,0.3928294062667,0.4855192732996,0.4928975281270,0.5351144899328,0.4597753122455,0.8590030719975,0.4643855925972,0.5164953754165,0.1237959324412,0.4008527994292,0.2718432260417,0.0099844907738,0.5862401572240,0.3205225684834,0.3915866235120,-0.1806459008396,0.1971676275615,-0.0691239536266,0.1111734790935,0.3263899009889,0.3161227344604,0.2329254597262,0.2071837513991,0.1230648193355,0.0676546031424,-0.1281754915846,0.0477042663835,-0.0332309498245,0.3091745241867,0.2322811566328,0.1790213090451,0.0980074369841,0.3871420083325
