1.0000000000000,0.5575250832347,0.7213959934213,0.7428547204533,0.5953251646881,0.3603899924515,0.3935143627583,0.0380230452444,0.1160864769332,0.0381216250590,0.1126030618575,-0.0131505305382,-0.1292310663505,0.4444879782629,0.2636196719481,0.5314277393063,0.1325746876910,0.1483650211160,0.2751359998926,0.3762936786655,-0.1317055329413,0.1432342858645,0.0011540968601,0.0655903626136,-0.1139783098384,-0.0861461418355,-0.1498690369740,-0.1460433712918,-0.0808718162959,-0.1012910716162,0.1206137358272,-0.1564134626253,0.0929569124609,0.0400286528576,0.2885383092654,0.5286850719220,-0.0877118580373,0.0197816480043,0.0872427382494,-0.0387610732617,-0.1720401365004,-0.2677735575823,-0.1832162253619,-0.2486996892484,-0.2599624678316,-0.1407087153016,-0.2437019254378,0.1637049853362,0.3040857230473,-0.2374486441578,0.7685341764336,0.7200307363004,0.6757702130139,0.3760400653253,0.2935198288986,0.4305699977324,-0.1839069457616,-0.1498568471785,0.0072728668780,-0.0469860036794,-0.0257961574387,-0.0007285513651,-0.1499287175285,-0.1194410384231,0.2614802978325,0.0384676429294,0.4135196065609,-0.1190750905801,0.2704239454214,0.1280621896591,-0.1755074268527,-0.0512311244619,0.0711531947426,-0.1698031929315,-0.0979405130140,-0.0694064422068,-0.1846647255482,-0.0982307341322,-0.1288813049612,0.1023837269417,-0.1568530846659,-0.0140724247960,0.0231123122703,-0.1186480893412,-0.1965521194825,-0.0398260128858,-0.0038924149092,0.2598781735122,-0.1777877137849,0.0425257643231,0.0627945975020,-0.0764154459789,-0.1998995174865,-0.2574720651004,-0.2344396935777,0.2573284971797,0.2421262446846,-0.1537427249726,-0.2725931518439,-0.2637655214618
0.5575250832347,1.0000000000000,0.2607521046748,0.3583712624271,-0.0320532001726,-0.1419332498068,-0.1115015833793,-0.0853679732444,-0.1893011196340,-0.1611051903286,-0.2129435517605,-0.2070215218947,-0.2613489248945,0.5281229443506,0.2963826700295,0.3002316314406,0.0214471879287,-0.0463075082258,0.0937057453516,0.1568168877545,-0.1907428501485,0.1348533285081,-0.1991383030090,-0.3178806073907,-0.1111482048243,0.0276361207240,-0.3124606301099,0.1848906618779,0.2777674481579,0.3485912361314,-0.0211393558213,0.0117866060093,0.1197552696489,0.1197746702699,-0.0000648045520,0.2026153437268,-0.3053116378314,0.1785210706061,-0.1002010003696,-0.0692320700219,0.1126038987232,0.0247255310260,-0.0994336959137,0.0705247818710,0.1681566685065,-0.0874339299070,0.0268414485994,-0.1521967556147,0.2012406213655,-0.0223553529354,0.2484056281529,0.8016205179066,0.3840305478616,-0.1655936693832,-0.1330654557523,-0.0565717657055,-0.3602958028807,-0.0945831668875,-0.1674461381511,-0.2589110319819,-0.2293514455144,-0.2493222598968,-0.2091911639081,-0.2250074124232,0.4535265240474,0.0490781040131,0.2002091571850,-0.1203900097795,-0.0379652481762,-0.1368191352483,-0.3226770677893,-0.1290383926727,-0.3121645277897,-0.2692892952383,-0.0944900765475,0.0159276965806,-0.3670096358621,0.2585280452623,0.2411338675184,-0.0780229641724,-0.2739214926007,-0.1346597275393,0.2892209189954,-0.1053787152569,0.0604728665454,0.0558785614832,-0.2790416106409,-0.0732014134881,-0.0719646094140,0.1564437335998,-0.1397030961019,-0.1416626661060,0.0875441627072,-0.0584394294409,-0.0672658676165,-0.1046229849018,0.4100113862569,-0.0128063874889,-0.0981135176089,-0.1484046587935
0.7213959934213,0.2607521046748,1.0000000000000,0.5764400451445,0.6388618053272,0.6352937651303,0.5316751629206,0.1662731802055,0.2755529635973,0.1554743903885,0.2650596408435,0.1290551163095,0.0325078980661,0.0646085006785,0.0605193107043,0.3628531550867,0.0865761040759,0.1528773960973,0.2413638132585,0.3387137398151,-0.1937376229856,0.0968243961527,0.0928499374507,0.1139691870383,0.0918548545767,-0.0269613678688,0.0416969610546,-0.2417335604235,-0.2285770818376,-0.2343114566976,0.0832186122753,-0.0520131079723,0.0695541581263,0.0964008880235,0.3200930874464,0.4023135705548,0.0060190354318,0.0663064447568,0.2444503699802,0.1259499885382,-0.2138400080950,-0.1882619525530,-0.0429435002560,-0.1229348321167,-0.1378176836845,0.0013287721376,-0.0947239288270,0.4050384113174,0.1586016314815,-0.3015134634479,0.5795454614112,0.4967241873687,0.4641666932061,0.6918894018896,0.4804788904671,0.5031214425817,0.1323895468661,0.0413903242402,0.2129265037565,0.1647079673624,0.0957632249194,0.2004962398099,-0.0360531040500,0.0002525875364,0.0197355650730,0.0143923053580,0.2931578667027,-0.0610735818078,0.2595350408779,0.1685108509087,-0.1264438914965,-0.0497623294670,0.1759703405111,-0.0148773900414,-0.1884211084585,-0.1285932169455,-0.0925637068158,-0.2055775720196,-0.2238957457365,0.1248311625260,-0.2165656486148,-0.0137665542962,-0.1401137635703,-0.0788074443761,-0.1850733460993,-0.0851175616191,0.0421162638440,0.2891623573204,-0.1977378387769,0.0299222483225,0.1828727145514,0.0067513030444,-0.2147525892269,-0.2424095105185,-0.2245412004049,0.4595689787925,-0.0182584354389,-0.2410648003798,-0.2432670399058,-0.2836642191972
0.7428547204533,0.3583712624271,0.5764400451445,1.0000000000000,0.6836834555366,0.4721630958110,0.6466782156837,0.1087068141634,0.2172990621965,-0.1067995967321,0.2090159122732,0.1001313722273,-0.0080063300643,0.4251543168660,0.3970273551353,0.7399871625052,0.2142554478954,0.2824659122085,0.3657454361488,0.4975677806867,-0.1099870560405,0.0874938410133,0.0705714607524,0.2153758247630,-0.3240856780062,0.0485493363049,-0.1544471369262,-0.2849192775260,-0.1463186314260,-0.1852293504860,0.2627056143576,0.0008490101000,0.1440898230501,-0.1174680077747,0.3353189860946,0.6347922303612,-0.1457774010617,-0.0018852865279,0.0927585339637,-0.0878211207876,-0.3384835200006,-0.4270340564527,-0.1405567436385,-0.3263228856304,-0.4147946242349,-0.3741338829435,-0.3993860214980,0.2780377121560,0.3347184846822,-0.2856399657073,0.7538879673824,0.5183799300816,0.9145002052310,0.4558377739355,0.4596496614076,0.7098752909343,-0.2458853607840,-0.1455115461700,0.1471748356348,0.0777305447134,-0.2113736534126,0.0888217001866,-0.2143655395704,-0.0095208490441,0.3143843145468,0.0939273503281,0.6081071780672,0.0012518627946,0.4791214604591,0.2502939326358,-0.1170337739353,0.0075882946409,0.2248372452838,-0.3380999899441,-0.0321450963564,-0.0026244177044,-0.1795353890389,-0.2547986224694,-0.1287691398271,0.3003199472481,-0.1097597299287,0.0557502039134,-0.1614571402037,-0.1285396092517,-0.3660477086211,-0.1101782370800,-0.0462759178757,0.3024901734738,-0.1668892494691,0.0279866472135,0.1125852228306,-0.1415487290745,-0.2377648930029,-0.4839341273330,-0.4706718691338,0.3822099796588,0.1604194610095,-0.4020239637959,-0.4068975893944,-0.2968363791169
0.5953251646881,-0.0320532001726,0.6388618053272,0.6836834555366,1.0000000000000,0.8097160793529,0.7858125085542,0.1190789563728,0.3472371505964,0.1151381623615,0.3492516008172,0.1460728149741,0.1275338978274,0.2009564951776,0.1145392858526,0.3617351725061,0.0170950700546,0.1141761450593,0.2595107913406,0.3144198885121,-0.1991060598336,0.1354424498839,0.0647147138808,0.3200455455876,-0.0764266938620,0.0111426163824,-0.0268870681859,-0.3003842433376,-0.2438419478721,-0.3125410005933,0.0298274071706,-0.0802851400907,-0.0752268864816,-0.0730148877771,0.3177793140250,0.4705119930020,-0.0640800910445,-0.0667286471076,0.1496367213628,-0.0762762574958,-0.2725108696801,-0.3356059828824,-0.1815197877522,-0.2717272850838,-0.3432723266395,-0.2035214605018,-0.3027984919107,0.4778154140290,0.4140792274052,-0.3494476005460,0.8052494466428,0.1844943101645,0.5312680426731,0.7569991085902,0.7499720195601,0.7701647593634,0.0820475942987,0.0504201376506,0.2369040097979,0.2504739728489,0.1068648368517,0.3001752968257,0.0277047167857,0.1163923392472,0.0826714435626,-0.0616494872853,0.2844156651469,-0.0595516246714,0.3552506811850,0.1839230709286,-0.0714296511816,-0.0385625491675,0.3485110840508,-0.0698807388651,-0.1780122072432,-0.0079588074559,-0.1082314777553,-0.3138773967088,-0.2860244270022,0.0900884014630,-0.1066768532108,-0.0796829940425,-0.2207279708446,-0.2201420484717,-0.3178768620300,-0.1087398502302,0.0073267263045,0.3534077871781,-0.2647669184127,-0.0608145513024,0.0936909158006,-0.1379497282410,-0.2784245910559,-0.4082921746685,-0.3822825767582,0.6016080063986,0.0537468441212,-0.2582568056335,-0.3258535114498,-0.2493810597415
0.3603899924515,-0.1419332498068,0.6352937651303,0.4721630958110,0.8097160793529,1.0000000000000,0.8599326123667,0.1416943533733,0.4262879576781,0.2675673239136,0.4537052304054,0.2518223590043,0.3165233029889,-0.0428117881306,0.0570481092989,0.1171956199661,-0.0527687069326,0.0026032496385,0.1187069933201,0.1039180924422,-0.2313915384114,0.1007143433984,0.0176892186997,0.3005018044702,0.1069302901851,-0.0001058271553,0.0952361121232,-0.3023499663789,-0.2931768741781,-0.3314625509729,-0.0325685758234,-0.0827940166995,-0.1780259829742,0.0030925486657,0.2884071521118,0.3167722256339,0.0414139893509,-0.0405836940142,0.3268248065652,0.0613945903470,-0.2525702445283,-0.2111848915624,-0.0187961749476,-0.1775198634432,-0.1986697413395,-0.0625234054306,-0.1747629417997,0.6363882403887,0.2258616826269,-0.2479541483857,0.5815751226792,0.0189033999432,0.2837621317661,0.9076417234964,0.9145261492955,0.7723539397229,0.3606174491023,0.1452671400488,0.3094231299345,0.4083317789950,0.2240582044070,0.4303449569800,0.1739160623228,0.2677406510590,-0.0223209225709,-0.0256958009355,0.1051042972109,-0.0570244393668,0.2617221366888,0.0675839749524,-0.0896653916147,-0.0659421536778,0.3936933267439,0.0625919693922,-0.2598979586335,-0.1160383544800,-0.0292547413000,-0.3065181622374,-0.2943325986065,-0.0136498479208,-0.2116386673843,-0.1404924002844,-0.3259537127642,-0.1132854530265,-0.2406261366923,-0.1681497899973,0.0701906987018,0.3959747115142,-0.1301188006058,-0.0601047643135,0.2110965384184,-0.0935929377701,-0.2668048210094,-0.2915241956682,-0.3569309801331,0.7506184576893,-0.0999121957295,-0.2480415561695,-0.2552104898620,-0.1273087940233
0.3935143627583,-0.1115015833793,0.5316751629206,0.6466782156837,0.7858125085542,0.8599326123667,1.0000000000000,0.1357197524434,0.4038166295321,0.2091006538739,0.3965153290172,0.2412556652423,0.2501513572930,0.0730485609127,0.1536863362340,0.2593577530816,-0.0518549478315,0.0248341741485,0.1822098012991,0.1426866574252,-0.1614731621286,0.0687828094382,0.0156747208554,0.3731481052048,0.0086745396441,0.0826640043467,0.1039651575402,-0.3432991393241,-0.3208147809923,-0.3214361112674,0.0824214220997,-0.0281105526971,-0.1841593796922,0.0127999434779,0.4694143998196,0.4559695018629,0.1717243805240,-0.0233905288272,0.3719168544566,-0.0224456633956,-0.3464685144513,-0.3307224502772,-0.0339356760935,-0.2643171611045,-0.3278155063938,-0.2143221879000,-0.3120600339536,0.5361754370062,0.1820067213434,-0.2970053159430,0.6561452384025,0.0753447756750,0.4398693161434,0.8180683458324,0.8542131444462,0.9331366321821,0.2656421301335,0.0893040835358,0.3306516776312,0.3922748394016,0.1524237995887,0.3292946966648,0.1131072621258,0.2101640513891,0.0791640874921,-0.0751593419049,0.2629461877472,-0.0778543594132,0.3696756826878,0.0588708716362,-0.0712354864425,-0.0333192046592,0.4370989069722,-0.0265310767877,-0.1710358437022,-0.0689550333395,-0.0369307377571,-0.3521379536475,-0.2799052684334,0.0672564953748,-0.1972824658238,-0.1119333050035,-0.3331775564092,-0.0303012434873,-0.3695666824386,-0.1378626841224,0.2225940138697,0.5105190555812,-0.1645179622484,-0.0563502439416,0.2483443520588,-0.1990899538956,-0.3197801920211,-0.4282390414850,-0.5104918440714,0.6710087336827,-0.1341468013235,-0.3725657032256,-0.3453204119098,-0.2100905785569
0.0380230452444,-0.0853679732444,0.1662731802055,0.1087068141634,0.1190789563728,0.1416943533733,0.1357197524434,1.0000000000000,0.6206772438028,0.2089917169371,0.3403228192997,0.3643931129893,0.1319032767052,-0.1942748087704,-0.1350415715454,0.2633919388906,0.4867178260310,0.6378357010867,0.5100533668324,0.4890045388343,-0.0141439257304,0.1042472907593,0.1669778717857,0.1323008782078,0.2850452997307,-0.2289488081180,0.0141277299793,-0.0327380816747,-0.2185231238545,-0.1448725337406,0.0388000531339,-0.1626056277785,0.2798443631278,-0.1594081071450,-0.1462273148109,0.0761195281257,-0.0691652253184,-0.1977591522555,-0.0865135190908,0.1157994203219,0.0298017809037,-0.0413608891266,-0.0499433333904,-0.0637852043637,-0.0749490055415,0.0913884450177,0.0312009245316,0.0585763471558,0.0130791584133,-0.2163229208209,0.0547234156779,0.0414560662742,0.0174344494593,0.1864263371332,0.0919986804975,0.1622864878741,0.2211755960204,0.5165539395672,0.5694360717165,0.4738386202742,0.1345961606390,0.1827253897235,0.0979294184467,-0.0083783173762,-0.2151776111324,-0.1938388673323,0.1570134649583,0.4340634227601,0.3643390303136,0.3985994043079,0.2961621843654,0.0306829383574,0.2293887347025,0.2772156550215,0.0483261353564,-0.2194328867511,0.0431964163146,-0.0030040672504,-0.1380861335679,0.2959100617932,-0.0594515581354,0.2395686809563,-0.0968365633244,-0.2463947805139,-0.1028948481100,-0.1700259775290,-0.0158001811775,-0.1177502838477,-0.1331252697816,-0.1308993652346,-0.0586654195864,0.1487672768249,-0.0607076813674,0.0400398241755,-0.1164153435439,0.0311587151968,-0.0554913107722,0.0422518021338,-0.1158692328637,-0.2781924973036
0.1160864769332,-0.1893011196340,0.2755529635973,0.2172990621965,0.3472371505964,0.4262879576781,0.4038166295321,0.6206772438028,1.0000000000000,0.3474866530746,0.5005510760345,0.4041839973416,0.2386716030609,-0.2033429194685,-0.2275186756876,0.2235698676278,0.2144974623491,0.3137800333474,0.4675947932955,0.4159043296708,0.0473681794103,0.0607706675838,0.3140237010446,0.5310016247915,0.4153710484242,-0.1624704044972,0.2445299095018,-0.1785052428905,-0.3361331003304,-0.2747791804036,0.0299952675051,-0.1585861289754,0.1590797659583,-0.1149522659057,0.0384947965067,0.3149701599795,0.1450251733896,-0.2900941816621,0.0348039468756,0.0739977919036,-0.1810259721896,-0.0961255729598,-0.1024086787386,-0.2513346170604,-0.2217454727193,0.1940820711065,-0.0175060720830,0.2128734424167,0.0436085069263,-0.2677926003970,0.1900510654040,-0.0897035141201,0.0900890233443,0.4533346562417,0.3777465692848,0.4175003054821,0.4077515135058,0.3221964934226,0.6859319434497,0.8864962804577,0.3214142000838,0.3480351301815,0.2096127467106,0.1339690430832,-0.2694303175974,-0.2198719502317,0.1532914161091,0.1408131712082,0.5141397541276,0.3670495717733,0.2541612220718,0.0831771245703,0.6156645461887,0.4001532807868,-0.0494166468387,-0.1816880226163,0.1666328435298,-0.1706899236367,-0.2929853103503,0.1444420263196,-0.0760844323092,0.1833467278942,-0.2297321110698,-0.1847945739497,-0.2934758425843,-0.1809297086048,0.1947480329418,0.0768195338388,-0.2528696404348,-0.2155922586685,0.0288799768817,0.0734333725478,-0.3372969609006,-0.0350904593804,-0.2169312914035,0.2601080670679,-0.1729909027150,-0.1477715362486,-0.2597431219428,-0.2058976196707
0.0381216250590,-0.1611051903286,0.1554743903885,-0.1067995967321,0.1151381623615,0.2675673239136,0.2091006538739,0.2089917169371,0.3474866530746,1.0000000000000,0.5641096605754,0.5200253630293,0.1996733910975,-0.1391181305481,0.0649899200219,-0.1746074294930,0.0448862008712,0.0435941397842,0.0511366559674,-0.0244659847842,0.2686327294838,0.4806485385486,0.3538708487071,0.3596032775895,0.4131337778898,-0.1717356982015,0.3397358948637,-0.2325408303980,-0.2687818853931,-0.3858087862004,-0.0917390858125,0.0233694215018,0.0358261961802,0.1472380926046,0.0145385092660,0.1260461859458,0.3119590069316,-0.2644854798593,0.1813725197097,0.2704032243062,0.2197835199727,0.2497503553227,-0.1831072140669,-0.1277520869433,-0.1040755592624,0.4250701973946,0.1274479893910,0.2300796517704,-0.1663793405832,0.2538910716724,0.0251131759399,-0.1030212095572,-0.1882630589929,0.2532582569096,0.2531573144698,0.1356493434859,0.5115715620407,0.2045391838620,0.3472507865619,0.3748019570367,0.8470858551995,0.4776772386356,0.6061506104848,0.1330237807459,-0.1416834043617,-0.1069201354730,-0.1876488513096,0.0930501683281,0.1141173697428,0.1018312565009,0.2386014418941,0.2948875107900,0.4105144794920,0.4125606100713,0.0159577132907,-0.2938656803044,0.3423170529290,-0.1759724114950,-0.3920443129756,-0.0041439515118,0.0248408015678,0.1247485801142,-0.3379703788559,0.0311486729620,-0.1397274989603,-0.0525346607997,0.3722450768095,0.1193800422509,0.0905884326813,-0.2318724341190,0.1305187860186,0.0909250729963,-0.2377600597542,0.0352304837176,-0.0814518497247,0.2515411058330,-0.2201415656587,0.1381748557027,0.2408020748900,0.2069154569273
0.1126030618575,-0.2129435517605,0.2650596408435,0.2090159122732,0.3492516008172,0.4537052304054,0.3965153290172,0.3403228192997,0.5005510760345,0.5641096605754,1.0000000000000,0.7643420366296,0.3600149652396,-0.1432447630683,0.0356955436873,0.1179091281197,0.3233349612004,0.3162684890018,0.1791559675003,0.1703535582538,0.2505126655551,0.3863478184053,0.5279497611497,0.5440108630326,0.2179603940079,-0.0422667144454,0.3524285520590,-0.3451699086767,-0.3030292145990,-0.4194489986153,0.0814297634501,-0.0088184130251,0.1849471865382,-0.0588523794040,0.0953011500276,0.2398794356581,0.2228975594982,-0.3106192385874,0.1949658925341,0.1991453057704,-0.0521696168052,-0.0673211447150,-0.1033275924651,-0.2427459271533,-0.2623783317191,0.1605506424538,-0.0552108093664,0.3404923391978,-0.0068085010455,-0.0090403088115,0.1443091485073,-0.1160684630913,0.1171129552505,0.3956060159018,0.3925544189856,0.3835729393198,0.4238984701935,0.1996181605568,0.4908193851755,0.5068458232771,0.4839939846352,0.7872566968936,0.5914169345964,0.2844824671576,-0.1898726600774,-0.0298823524319,0.0195749347305,0.3003942731570,0.3621231807803,0.1868270464387,0.3718022365796,0.4089927605851,0.5900976537962,0.2235021688266,-0.0232289405215,-0.2005247722353,0.2658972439040,-0.2974632287894,-0.3607953124539,0.2212108614407,-0.0467189159018,0.1884114190759,-0.4458419574983,-0.0368672783587,-0.3348119672531,-0.1865783493183,0.2867536095207,0.1491195580216,-0.0038592889981,-0.2490925996551,0.2153687761426,0.0718342064715,-0.3271108741903,-0.1372003596663,-0.2303572564630,0.3615218114493,-0.2263299840875,-0.2156152737873,-0.1287713867609,-0.0237579363361
-0.0131505305382,-0.2070215218947,0.1290551163095,0.1001313722273,0.1460728149741,0.2518223590043,0.2412556652423,0.3643931129893,0.4041839973416,0.5200253630293,0.7643420366296,1.0000000000000,0.4041028026351,-0.1779344932302,0.0294086848219,0.1397811164029,0.5215031370899,0.4020261041258,0.1848589781642,0.1989611956544,0.3717116217190,0.3696426816431,0.6682557821420,0.3997097902388,0.1930870651546,0.0130218023285,0.3616650607057,-0.3833214951223,-0.3176589011544,-0.4192099171061,0.1318659857757,0.1513967385726,0.3639493331495,-0.0325790613578,0.0773984449136,0.1894521514540,0.2038926598336,-0.3220071203768,0.1712161423737,0.2181486807222,-0.0033147979881,0.0192502389026,-0.0463008275155,-0.2186000431076,-0.2139239165342,0.1481452353695,0.0152154061814,0.2664658709067,-0.1456983700476,0.0832763101913,-0.0194286281512,-0.1269406529161,0.0593821115142,0.2310216781544,0.2040857572246,0.2143447558853,0.4041056737253,0.1408998362731,0.4236816692680,0.3930220847343,0.3790143524992,0.7032144967547,0.6900892720180,0.3271150738090,-0.2288236256242,0.0543151470606,0.0037968640152,0.4093490240781,0.2582724520680,0.2467857542046,0.4088484472595,0.5146961217310,0.5303072397696,0.2324251676299,0.0485682204126,-0.1268508792448,0.3120685494883,-0.3259231084328,-0.3554359687623,0.2475755222317,0.0603754010341,0.2904076739610,-0.4730985894040,0.0246501651354,-0.2645378381553,-0.1387896199481,0.2701966784895,0.1401886679992,0.0797062132750,-0.1911637422380,0.1833155475773,0.1034072036998,-0.2702069442729,-0.2205301794903,-0.2735789058685,0.2404156898272,-0.2789200045232,-0.2662554665339,-0.0344003489907,0.0607825841491
-0.1292310663505,-0.2613489248945,0.0325078980661,-0.0080063300643,0.1275338978274,0.3165233029889,0.2501513572930,0.1319032767052,0.2386716030609,0.1996733910975,0.3600149652396,0.4041028026351,1.0000000000000,-0.2808085982355,-0.0366712121930,-0.2458013173774,0.1379990690969,-0.0723012626000,-0.2061835116506,-0.1853695908920,-0.0915228309486,-0.0648326978261,0.0654326926663,0.1199412730478,0.1394675336021,-0.0044844635672,0.1757425880026,-0.1335938580192,-0.1379879442016,-0.2228603937055,-0.1021275513125,0.0029597107715,-0.0529311715474,-0.0006790335139,-0.0991764688647,-0.1177053784853,0.0098255941651,-0.0213264972735,0.0788643575422,0.0933503541652,0.1132033485215,0.1432847262115,0.0385437813038,0.0515359832331,0.0838799987311,0.1520998958164,0.0713414660751,0.2674037329456,-0.0468109832217,0.1061303410629,0.0090290021000,-0.1366151628384,-0.1229654722279,0.2612292655109,0.3290066687033,0.2188844181316,0.4617816683279,0.2075520921370,0.2364761022336,0.3215492590925,0.2019120306413,0.3585386970776,0.3953290078688,0.9282031547355,-0.2123910223403,0.0810477318400,-0.2480424541863,0.1751455936044,-0.0723125469333,0.0222026453544,0.0168875553317,0.0060325723843,0.2342577452571,0.1210940996339,-0.1374033149863,-0.1065336306678,0.1730186257475,-0.1526471268916,-0.1143432630069,-0.1010741235856,-0.1254127301216,0.1835655866207,-0.1814637630861,-0.0150919836831,0.1566456110487,-0.0858303245704,-0.0082379038130,0.0841976770013,0.2230660751229,0.0928846233415,0.1079582881210,0.0784859614331,0.0351727711335,0.0680149763079,0.0514495970760,0.2691321045048,-0.1205304942567,0.0663925859498,0.2000175144603,0.2386873480014
0.4444879782629,0.5281229443506,0.0646085006785,0.4251543168660,0.2009564951776,-0.0428117881306,0.0730485609127,-0.1942748087704,-0.2033429194685,-0.1391181305481,-0.1432447630683,-0.1779344932302,-0.2808085982355,1.0000000000000,0.4708094630632,0.3950045663832,0.0252319776441,0.0063472795775,0.2305149802805,0.1992392953487,0.0120166745482,0.3197932477274,-0.1738373846386,-0.0412789330541,-0.2697854349678,-0.0094081460258,-0.2720029162302,0.1402901800189,0.2377538987393,0.2813257494650,0.2055284210808,0.0784069009863,0.0875325284281,-0.0018480281314,0.1092883767959,0.3726713142014,-0.2353713538533,0.1827492907491,-0.1636198364045,-0.1539107242277,0.0833803449549,-0.1829143289186,-0.1826877815027,-0.1478912134223,-0.1286683222165,-0.2079340976772,-0.2145029990822,-0.1905310787715,0.5007472825292,0.0539333998699,0.4512800112770,0.4512797061634,0.4799778728861,-0.0750496210730,0.0424199176991,0.1579096539456,-0.4541977311123,-0.2015095168938,-0.1781583675577,-0.2616551816447,-0.2111008958519,-0.1460612432694,-0.1036838391433,-0.2106808345865,0.7582209987146,0.0867969499977,0.3877554095936,-0.0470599584108,0.1158970845038,0.0521295919951,-0.0924863307898,0.0606157558450,-0.1273120595221,-0.2114075089888,0.2100029558169,-0.0271484715908,-0.2754192583406,0.2118412391009,0.1280564527940,0.1378962868348,-0.0378429220870,0.0016796081939,0.2040811006269,-0.0466580551359,-0.1027598545393,0.0916385088343,-0.1357702490314,0.0181131053908,-0.0787293710391,0.1645718671577,-0.1745471833523,-0.2493538961244,0.0183392220229,-0.1798717805663,-0.1866544579260,-0.0015263989768,0.6473563100204,0.0342948380302,-0.1953943133469,-0.0792868200677
0.2636196719481,0.2963826700295,0.0605193107043,0.3970273551353,0.1145392858526,0.0570481092989,0.1536863362340,-0.1350415715454,-0.2275186756876,0.0649899200219,0.0356955436873,0.0294086848219,-0.0366712121930,0.4708094630632,1.0000000000000,0.1513962700604,0.0370958819453,0.0146561653728,-0.0279559381542,-0.0150417396766,0.0265376377163,0.1652629420036,-0.0727450968516,0.0067909626594,-0.3794299260314,0.0532836936291,-0.1806461812673,-0.1488555769694,0.0569498926467,-0.0517774229749,0.0831305338161,0.1627592285775,-0.0405947547489,-0.0220185126372,0.1424982965315,0.2920166088223,-0.1096769326499,0.0762394174521,0.3030377519365,0.1053909050230,0.1849880000161,0.0057768178812,0.0339079796408,-0.0742630923844,-0.1322700029397,-0.1812954525990,-0.1370075518540,0.2544600749247,0.1669244060629,0.5517288965587,0.2600204510143,0.3985976924376,0.3950511176267,-0.0227671342997,0.1291257414678,0.1355063624909,-0.2354240736022,-0.0968554003699,-0.0361168499443,-0.1970836022980,-0.1371657789855,0.0454548560389,-0.0519207370124,-0.0433459024665,0.5857509797220,0.5828749057888,0.1009282045421,0.0815226819545,0.0612386691943,0.0630014988079,-0.1280459291251,0.0384668754223,0.0162164966247,-0.2272166986962,0.0496709036841,-0.0451301209401,0.0010820983191,-0.0867620901567,-0.0240187690901,0.0842821619017,0.0589291423807,-0.0748046151942,-0.0803110218412,0.1140909269386,0.0675167549210,-0.0072083231196,-0.0489071931704,0.2456536554476,0.5018564615569,0.1629676406148,0.3401725797694,0.0626406650109,0.1742241893695,-0.1686675640001,-0.2155720076602,0.3040223360819,0.3519974059433,0.0739767087414,0.1905878244835,0.4356141142064
0.5314277393063,0.3002316314406,0.3628531550867,0.7399871625052,0.3617351725061,0.1171956199661,0.2593577530816,0.2633919388906,0.2235698676278,-0.1746074294930,0.1179091281197,0.1397811164029,-0.2458013173774,0.3950045663832,0.1513962700604,1.0000000000000,0.5300559683949,0.6073802630244,0.5841765761554,0.7767891679440,0.0913699236314,0.1181873048028,0.2100877691616,0.1780587135035,-0.2414435252970,-0.0262602225753,-0.0916846524853,-0.2091243394362,-0.0953805681836,-0.1114933277071,0.5499497931460,0.0892538415739,0.4542118492271,-0.1752751747400,0.2868683550375,0.5971472011746,-0.1331482158849,0.0112014292694,-0.0532997757291,-0.1249811128194,-0.3268572409427,-0.4046500444761,-0.0913960815307,-0.3369657549472,-0.4067853050522,-0.3357927601994,-0.3359080334560,0.0332304742764,0.2727678639770,-0.3480983455644,0.4365309116978,0.3338074742039,0.7973827439653,0.1334570329760,0.0650889013463,0.3539749412316,-0.3429721370294,-0.1693313819349,0.1219310574241,0.0167191290203,-0.2782568102742,-0.0210719913676,-0.2568924208773,-0.2387419214897,0.1889993916967,-0.0123984652025,0.8139623962118,0.2316535143199,0.5835508814661,0.4598225232266,0.1173208585050,0.0973099190554,0.1671552604248,-0.2725694419531,0.2281097112319,-0.0235742478523,-0.0901320841314,-0.1552646452572,-0.0520854781221,0.6192977535118,-0.0061140669556,0.2941486854260,-0.0992905500644,-0.1014819693749,-0.4084408731976,-0.1039694531449,-0.0496188523103,0.0964896926005,-0.2723509797122,-0.0107910193264,-0.0007946920611,-0.0983008365519,-0.2898885494786,-0.4122593024039,-0.3997737963835,0.0526570043839,0.1339800354029,-0.3858967446653,-0.4676643944096,-0.4514882011720
0.1325746876910,0.0214471879287,0.0865761040759,0.2142554478954,0.0170950700546,-0.0527687069326,-0.0518549478315,0.4867178260310,0.2144974623491,0.0448862008712,0.3233349612004,0.5215031370899,0.1379990690969,0.0252319776441,0.0370958819453,0.5300559683949,1.0000000000000,0.7529723619387,0.3597795962929,0.4656517586160,0.2944205442108,0.1124242458665,0.3797318552450,0.1348548509150,-0.0677924788492,-0.1230256536137,0.0403007855750,-0.2179594025598,-0.1250151345447,-0.2117141567415,0.4417128309806,0.1260412135261,0.6440293572220,-0.2753843824153,-0.0949668733161,0.1404781075568,-0.0995606189736,-0.1359852728555,-0.0891378508421,-0.0248527578744,-0.0578753841194,-0.1461872823716,0.0243952138986,-0.1209719899139,-0.1856553011698,-0.1068128030645,-0.0954239434631,-0.0140775429270,0.0141324716533,-0.0426299049691,0.0006526925874,0.0692400981800,0.2424021233491,-0.0646790748012,-0.1280143795667,0.0141466685033,-0.0235378334864,0.0660034547404,0.2499204763978,0.0791504667592,-0.0723753696124,0.2022238586194,0.1455513421640,0.0750026564347,-0.0820016726717,0.0580000670011,0.3683816903859,0.7330816426505,0.3455535346236,0.3926111322610,0.4434631514365,0.2400632433104,0.2098000266333,-0.0335431423544,0.3087639963186,-0.0955745783818,0.1206334375614,-0.1629191558034,-0.0859222501154,0.6421786575804,0.1288108672892,0.5648298448798,-0.1902760832014,-0.0597407519438,-0.0728297651497,-0.2063626287385,-0.0477323080040,-0.1344338495153,0.0781256036600,-0.0388850077520,0.0001810536753,0.0448242147283,-0.1248037103072,-0.1927069380759,-0.1549036774283,-0.1133595473326,-0.0364693076657,-0.1416669970510,-0.1290996849503,-0.1517232174207
0.1483650211160,-0.0463075082258,0.1528773960973,0.2824659122085,0.1141761450593,0.0026032496385,0.0248341741485,0.6378357010867,0.3137800333474,0.0435941397842,0.3162684890018,0.4020261041258,-0.0723012626000,0.0063472795775,0.0146561653728,0.6073802630244,0.7529723619387,1.0000000000000,0.4884783839422,0.6015645483953,0.2059373987358,0.1235018812014,0.4275646041904,0.2283776932300,0.0276975233734,-0.2208516854109,0.0979455896415,-0.2215107796909,-0.1518503202720,-0.2173262575979,0.4434920694753,0.0613978718434,0.5439286424208,-0.2324677987354,-0.0697903118446,0.1651480155670,-0.0701082237676,-0.2425512170352,-0.0691848595253,0.0551487811067,-0.0169911717177,-0.0564877028779,-0.0246459241121,-0.2181146477511,-0.2916611164229,-0.0386893244351,-0.0424202348958,0.0224857841499,0.0969259466868,-0.1301031120577,0.0792569366143,0.0681738384231,0.3003804634817,0.0108489186615,-0.0774185139812,0.0893168134100,-0.0561041982211,0.0840856788016,0.2785879174518,0.1383159623981,-0.0861053713912,0.1588374169708,-0.0260969770929,-0.1642770946923,-0.1463102639407,-0.0387183444710,0.3831701605914,0.6439875836841,0.4678426587209,0.5091723145706,0.4037278062355,0.1970831890742,0.2705010627351,0.0208833404458,0.2455743347261,-0.1654408005461,0.1796952995982,-0.1852137324655,-0.1469718959348,0.6900239557787,0.1251389048243,0.4225322393792,-0.2120879549694,-0.1427232775313,-0.2495118150067,-0.1784528483155,-0.0286743913067,-0.1622411637693,-0.0569118256020,-0.2099763052932,0.0138157581165,0.1324331316634,-0.1907620233646,-0.1512574551489,-0.1842587918961,-0.0457887364982,-0.0390118719690,-0.1208566375362,-0.1121373031543,-0.2187609924185
0.2751359998926,0.0937057453516,0.2413638132585,0.3657454361488,0.2595107913406,0.1187069933201,0.1822098012991,0.5100533668324,0.4675947932955,0.0511366559674,0.1791559675003,0.1848589781642,-0.2061835116506,0.2305149802805,-0.0279559381542,0.5841765761554,0.3597795962929,0.4884783839422,1.0000000000000,0.6822288580794,0.1299644594595,0.1661369528392,0.1534221802223,0.1948637609569,0.1994711064265,-0.1905451359423,0.0157400909642,-0.1753664766750,-0.2566035425787,-0.2176482644768,0.1685270048866,-0.1653838314963,0.2255944756141,-0.1670018911529,0.1247355415307,0.5393779906334,-0.0465125995772,-0.1034905151602,-0.0497182485419,-0.0050596671826,-0.1273383236974,-0.2295378416770,-0.0516096056264,-0.2353122725266,-0.2784190962208,-0.0608049500711,-0.2356172877729,-0.0616990216362,0.1818199756210,-0.2823544722770,0.2814124283304,0.1565130465185,0.3496932367922,0.1538828489163,0.0556596848385,0.2634774931298,-0.1812399983492,0.1816790552382,0.3424236420527,0.3276627132831,-0.0276894690013,0.0419242831856,-0.0405825614054,-0.2377365915649,0.1135902836274,-0.1991261495439,0.5937810917701,0.2506271958897,0.6912607264941,0.5610365262415,0.3037043376709,0.1460534559661,0.2466283709312,0.2920245672051,0.2180527538126,-0.2786251856189,-0.0146736553405,-0.0810508777918,-0.2322925895687,0.3962273008622,-0.0262107679745,0.1797114860175,-0.1372314634262,-0.1657815170196,-0.3266765834583,-0.2042765036974,0.0558283794493,-0.0255820515204,-0.2914556887963,-0.0834477995550,-0.0933051687852,-0.0017014262465,-0.2674525019867,-0.2254344929639,-0.3821860059786,-0.0204076581579,0.0923310925363,-0.1357910928403,-0.3432290578724,-0.4239873504791
0.3762936786655,0.1568168877545,0.3387137398151,0.4975677806867,0.3144198885121,0.1039180924422,0.1426866574252,0.4890045388343,0.4159043296708,-0.0244659847842,0.1703535582538,0.1989611956544,-0.1853695908920,0.1992392953487,-0.0150417396766,0.7767891679440,0.4656517586160,0.6015645483953,0.6822288580794,1.0000000000000,0.1591092921810,0.2036339798114,0.3360319365060,0.2507114253798,0.0485605228356,0.0507392617794,0.0355995295990,-0.1159711000981,-0.1606412266212,-0.1707231598445,0.3150663295642,0.0102145974409,0.4963389992598,-0.1475453737965,0.1631652395776,0.5496918474792,-0.1386728418212,0.0540777415375,-0.1686059080410,0.0083582399686,-0.2244320862386,-0.3682509418324,-0.2075956475849,-0.2028410673292,-0.2620048279923,-0.0909510836496,-0.2306522179607,0.0539974886821,0.2728983058255,-0.3799773636131,0.3026307566458,0.1866089648288,0.5215560728256,0.1366877552074,0.0332094423706,0.2039985703226,-0.1482476385278,0.1218133911172,0.2507060109258,0.1961507320122,-0.1204489593325,0.0398570423287,-0.1407227517233,-0.2067114702193,-0.0020806534810,-0.1182377165059,0.5923269513163,0.1943101010294,0.5653393583330,0.6795089532467,0.2130555409114,0.1482167524378,0.2611349831539,0.0896079502754,0.2607632552580,-0.0630893136890,0.0077966396570,-0.0596097187107,-0.1298969609167,0.4551568366302,-0.0157239891674,0.2815170749573,-0.1594304940383,-0.2793444741877,-0.3281464221100,-0.1372456316109,-0.0211520776572,0.0364618332371,-0.3657609094101,0.0084393678266,-0.0874111280785,-0.0168980141279,-0.2141291674769,-0.2004386648536,-0.3389947944910,0.0228247884323,0.1024164858136,-0.2527616057125,-0.4598364892126,-0.4582966064530
-0.1317055329413,-0.1907428501485,-0.1937376229856,-0.1099870560405,-0.1991060598336,-0.2313915384114,-0.1614731621286,-0.0141439257304,0.0473681794103,0.2686327294838,0.2505126655551,0.3717116217190,-0.0915228309486,0.0120166745482,0.0265376377163,0.0913699236314,0.2944205442108,0.2059373987358,0.1299644594595,0.1591092921810,1.0000000000000,0.3481479598777,0.5816329992847,0.4368867331896,0.0569041816582,0.2303096977980,0.2773482039518,-0.1103588421799,-0.0623948633140,-0.1814167347664,0.1972642277750,0.2300941848035,0.2929096152204,-0.0913957251983,0.0817941778340,0.2131851974374,0.2251983326325,-0.2263436486458,-0.1425802175728,0.0269719543395,-0.0374114957888,-0.0436525538826,-0.1556875677047,-0.2151774176244,-0.1700209455000,0.1372954162437,-0.0009267759595,-0.0971346210341,-0.1381993423704,0.2833291572858,-0.2108974445877,-0.2739108463734,-0.0336037295400,-0.1797211859234,-0.2276250551587,-0.1779550577500,0.0156108002715,-0.1280420702415,0.1262291557101,0.0483203314376,0.1739993211541,0.2174727066346,0.2836488173340,-0.1136411378362,-0.0866128160317,0.0419473799994,0.0557732686504,0.2177227215940,0.2539377680213,0.2927133632970,0.6244143533480,0.6040200838960,0.3971481851605,0.2451130533706,0.5731682408291,0.0206377928218,0.2740389663867,-0.0274414453928,-0.1433857329001,0.2900515538935,0.3924784268303,0.2894354500222,-0.3380506344221,0.0840027211362,-0.1947126176761,-0.1150834363791,0.3571242123227,0.0692042808880,0.1051492180499,-0.2538778794759,-0.0417377351290,-0.1146934435920,-0.2189045823832,0.0232284235984,-0.0886148820345,-0.1392810154340,-0.1281588252534,-0.0886680266882,-0.0248073750865,0.1753156703910
0.1432342858645,0.1348533285081,0.0968243961527,0.0874938410133,0.1354424498839,0.1007143433984,0.0687828094382,0.1042472907593,0.0607706675838,0.4806485385486,0.3863478184053,0.3696426816431,-0.0648326978261,0.3197932477274,0.1652629420036,0.1181873048028,0.1124242458665,0.1235018812014,0.1661369528392,0.2036339798114,0.3481479598777,1.0000000000000,0.3014298036631,0.2419574961508,0.0009680725385,0.0044257195098,0.0347891787960,0.0324985379846,0.0602760454843,-0.1069927807365,-0.0324670175999,-0.0128580790964,0.1420725563240,0.0706071813266,0.0216893882372,0.2903503263347,0.0618565293878,-0.1381886782551,-0.0855206571212,0.2663698293158,0.2082652828575,-0.0628918010431,-0.3477101103986,-0.2076431463614,-0.1782790333760,0.2499170448933,-0.0320192487725,0.0471056955063,0.2417534158582,0.0595276833856,0.1432334632903,0.0472421433917,0.1477171663549,0.0756183811982,0.1005919219365,0.0581856912009,-0.0100761887543,0.1098727007912,0.1796601656719,0.0661717858510,0.3588582426878,0.3889997854964,0.4610168385060,-0.0495185766147,0.2760773474401,-0.0027723323201,0.0363056497798,0.1125450226892,0.1482063557191,0.1359002909861,0.2842781476089,0.5929678993637,0.2317393853184,0.0893978453572,0.1832834000465,-0.1671353611067,-0.0424305472093,0.1679610772642,-0.1752628742106,0.1037664140448,0.0384081565961,0.0930495984099,-0.1423152494135,-0.1242319284322,-0.2603005551030,0.0238473496097,0.1968807308885,0.0398603115161,-0.0964309520709,-0.1407218581790,-0.0363038521701,0.0078857310022,-0.1831392558208,0.0509681970933,-0.1064891223278,0.1392015667770,0.2171894821181,0.1176400929669,-0.0596877237925,-0.0245605095271
0.0011540968601,-0.1991383030090,0.0928499374507,0.0705714607524,0.0647147138808,0.0176892186997,0.0156747208554,0.1669778717857,0.3140237010446,0.3538708487071,0.5279497611497,0.6682557821420,0.0654326926663,-0.1738373846386,-0.0727450968516,0.2100877691616,0.3797318552450,0.4275646041904,0.1534221802223,0.3360319365060,0.5816329992847,0.3014298036631,1.0000000000000,0.5200084474172,0.1759918246548,0.1843592946606,0.5116694257053,-0.3090937313459,-0.2483021646062,-0.3709578302818,0.2160474100349,0.2807462315383,0.5056396127828,0.0004243767054,0.0898584948159,0.2141798988329,0.2515975736572,-0.3208707016779,-0.0470245711488,0.1993812694903,-0.0486702629977,0.0207265297299,-0.1758350087543,-0.2367904188092,-0.2441818916497,0.2827054839889,0.0987879783888,0.1304854694071,-0.1318993359593,0.0537492514780,-0.1010138676485,-0.1649708811241,0.0930170727362,0.0204342908755,-0.0427399334561,-0.0333124196321,0.2094491184407,-0.0560660123414,0.2301181842343,0.2414975148714,0.2098860252589,0.4381772716274,0.3419878516227,0.0000018415637,-0.3114569959181,0.0352460583949,0.0315622799282,0.2620305344233,0.2535806261233,0.3814880312338,0.4393669894533,0.6473815976220,0.5310040442143,0.2595361276820,0.2492475918624,-0.0133086618483,0.4660964920221,-0.3210314556914,-0.3200473068360,0.3363721964799,0.2552005795617,0.4054059700528,-0.4453899572967,0.0219915070169,-0.3200386875298,-0.0399623474405,0.3127048160609,0.0491001421897,-0.0445114175774,-0.2630089810003,0.0647704715789,0.0824482727460,-0.3113715330933,-0.0808736138101,-0.1186684760029,0.0318782188490,-0.2683196592566,-0.2825121379619,-0.0531133654671,0.0500109514881
0.0655903626136,-0.3178806073907,0.1139691870383,0.2153758247630,0.3200455455876,0.3005018044702,0.3731481052048,0.1323008782078,0.5310016247915,0.3596032775895,0.5440108630326,0.3997097902388,0.1199412730478,-0.0412789330541,0.0067909626594,0.1780587135035,0.1348548509150,0.2283776932300,0.1948637609569,0.2507114253798,0.4368867331896,0.2419574961508,0.5200084474172,1.0000000000000,0.1303720611935,0.0942494984565,0.3795976104848,-0.2039132303944,-0.1344359512994,-0.2958263971892,0.1349983141760,-0.1099833565765,0.0186143132546,-0.1523971724061,0.2489199534771,0.4319577543107,0.4128866823892,-0.3236771177580,0.1431559682540,0.0587976398339,-0.1445648272678,-0.2354197996200,-0.1510363634893,-0.3882151459795,-0.4766147468522,0.0711951468844,-0.2481987957514,0.3025219648023,0.1791598682923,-0.0889037741489,0.1866819818024,-0.2367759693628,0.1758261946007,0.2841098478394,0.2944440759125,0.3582456788996,0.2595725844453,0.0029600023240,0.4158565562915,0.5474921057040,0.3035386913482,0.4287406751559,0.2573441165272,0.0415752657898,-0.1871556002657,0.0077916343011,0.1131979176895,0.1057031089556,0.4874601692219,0.3351196182638,0.4407013968144,0.3545060392313,0.8266643373763,0.2661583202052,0.2494733121469,-0.1272918715356,0.2892442623397,-0.2309917998150,-0.2249134348540,0.2452532182307,0.0445865685557,0.1002005542354,-0.3731588327592,0.0642790095045,-0.4918263249597,-0.2649310255058,0.4834151259656,0.3315337929940,-0.0345563342540,-0.3022912088683,0.2317950794271,-0.0430167270937,-0.4886063288915,-0.0994035061008,-0.3309673198021,0.3078343049195,-0.0773486044676,-0.1495985547668,-0.2453917724195,-0.0079043196702
