1.0000000000000,0.2842047694514,0.2474367629989,0.1093764497249,0.5119337934850,0.1633890050525,0.0975983765466,-0.0252009886603,0.0862692206360,0.1154711660729,0.1280104553282,0.2045789347578,0.1902091755765,0.6575594249260,0.3248185949932,-0.0594712343635,0.1245811834136,0.1406685985661,-0.1232264199795,0.1636828725483,0.0972122327025,0.0819824343249,0.2534414090403,-0.0775353657060,0.0484360810718,0.1195489137527,0.1444922045501,-0.0529283207870,-0.2415805317599,-0.0848550708540,-0.1572686588289,0.1211903656632,0.1349631638698,0.0260463401557,0.0260142357797,-0.1841524727278,-0.0910644050238,0.1908084278505,-0.0765439177157,0.2115819343592,0.0967179255856,0.3013707438038,-0.1578370475846,0.2569869164191,-0.0205309391438,0.0763833860568,0.1948989012006,0.1416457108437,0.0196897860637,0.2290305979623,0.3995812051724,0.1346701840821,-0.1029344186666,0.1502979018281,0.0041518345454,-0.0111946536003,0.0126893744844,-0.1991827724454,-0.1001907989582,0.0320004638019,-0.1251519321581,-0.0730606019660,-0.0247075635520,0.0738618843808,0.1089238010325,-0.3607436918130,-0.2744961964202,-0.0535848398383,-0.1490379814793,-0.0146782677960,-0.0956784655185,0.0323620453762,-0.1004550750873,0.0263690218729,-0.3230314434775,0.0805512371028,0.2660274233127,-0.1190607575126,-0.2680611452764,-0.2302197825439,0.0893249071033,0.0812951330138,-0.2002787566271,-0.3224793882111,-0.0208818443657,0.1307818284447,-0.1150093881411,-0.1209228120427,-0.3830698012678,0.2611254455491,-0.0707086639644,0.2768257118169,0.3562457733400,-0.0765126855213,-0.0421333097249,-0.0182176735332,-0.2264690420740,0.0070772637132,-0.0312350359288,-0.3171155882987
0.2842047694514,1.0000000000000,0.3727142332331,0.4053931018735,0.2123443309695,0.1133025664760,0.1084389522048,-0.2456027188651,-0.2331999075762,-0.0531537674513,0.1007461758652,-0.0979160059331,-0.0694944864045,0.2082707694352,0.4485774253426,-0.0247945667182,-0.0259327241431,0.1027630135978,-0.3696153785205,-0.2464826051767,0.0109723198294,0.0489192293506,0.1412651080254,0.0330560531286,-0.1362787883600,0.0757685884188,0.0869360780064,-0.0902569542875,0.1435230881300,-0.2506433866512,0.0402676248616,0.0193310514562,-0.0866298729000,-0.0592425404785,0.0981113602484,-0.3100715643956,0.0774099297216,-0.0434559233991,0.0676874713788,0.0077915942855,0.0625847456460,-0.0780380106279,0.0169403883404,-0.0469194131861,-0.1886542053470,-0.0763135332390,-0.1316523848770,-0.0430522520119,0.0536937787782,-0.0214605392804,0.4525248480293,0.6820714980789,0.3369456558543,0.0872748029117,0.1991092700612,0.1340338068515,-0.1117477336882,-0.3164237125039,0.0338192815810,-0.2430920498506,-0.0331038299169,0.0233485265722,-0.1266504421686,-0.1701386896421,0.4509508689719,0.1151820423574,-0.1212639150423,-0.0986863512821,-0.3093865840967,-0.2121177784819,-0.0676821606034,-0.0050659748700,0.0479818339728,-0.1881695038355,-0.0845027552200,-0.0335121901250,-0.0699460862289,-0.0504774800590,0.0932191386819,0.0769269077706,-0.0660690875856,-0.2509420237971,-0.2244272637605,-0.0380318988669,-0.2904601496429,-0.2356282053693,0.0587192640115,0.0985131447734,0.0673500287453,-0.2325303046157,0.1010638031878,-0.2147607216298,-0.2372876218667,-0.0892164429404,-0.0854923477711,0.0924919896130,0.1270737613863,-0.1584980875218,-0.0372324570334,0.0719118926931
0.2474367629989,0.3727142332331,1.0000000000000,-0.0931354850190,-0.0248331158403,0.0904821176523,0.0268450155095,-0.1458450519930,-0.2554694255513,-0.1523924286164,-0.1237205441995,-0.2876832406159,-0.0749183787296,0.1645466745588,0.1387180488780,-0.1813567352840,-0.0425979169302,-0.1348542340688,-0.1916525062873,-0.0958747241729,-0.2056808255587,-0.2556596827073,-0.1191469485100,-0.1422019750315,-0.1516367341372,0.1237798865851,0.0580057189771,0.2176772186360,-0.1936512189184,-0.1301481099926,-0.1574883132261,-0.1107017547921,0.0389262497106,-0.0103421857369,-0.2127775723744,-0.2489741334892,-0.0559070069373,-0.0173211349458,-0.0580341144425,-0.1117277371634,-0.2148490364605,-0.2469068850610,-0.3808022418556,0.0800310569790,0.0147967845892,-0.0734531161269,-0.1291521065217,-0.2320736683832,-0.1063004933977,-0.2631729855118,0.1455915684602,0.5795643103953,0.0570289971644,0.1825496065843,0.0063253616757,-0.1491714780719,-0.1051294905896,-0.2025604573390,-0.1459938926934,-0.2507971947919,-0.0990380720004,-0.1481086525234,-0.1689177967473,-0.0959679948567,0.5078383974225,-0.0653999189487,-0.2966929561211,-0.0832820836529,-0.2583087728301,-0.0105834537761,-0.2774398451488,-0.1287182173408,-0.0873391152577,-0.0802303687754,-0.1714889633493,-0.0707383457396,-0.0903492327858,0.2801933820156,-0.1809707446379,0.0100745531847,0.0508378309947,-0.0635916895487,0.0202539002580,-0.2675308866720,-0.2359188272973,0.1321932933833,-0.0266727484485,-0.1918852058594,-0.2543177828374,-0.0611779951632,-0.0116524581922,0.0682078989088,-0.0397010930533,0.1595553755855,0.1464350835466,-0.0288539184433,-0.1578268310506,-0.1280366199997,-0.0887986155119,-0.1292718191873
0.1093764497249,0.4053931018735,-0.0931354850190,1.0000000000000,0.6468013101007,0.5696591528607,0.7914551585955,0.0482833260470,0.2500198605376,0.3129385678046,0.4332318426470,0.3461741740159,0.2919249891439,0.1563166482582,0.6119271958342,0.4571084531457,0.2464980347769,0.2412288454372,0.0510840772125,0.0312539190459,0.3583443499550,0.2903458080110,0.2756269914450,0.4358191091703,0.0698977523849,-0.0336275625727,0.0438734848403,-0.3461578836691,0.2546124628146,-0.2837739534779,0.2863564872235,0.1146416523739,0.0460493105385,-0.0674717864240,0.4386013741336,0.1899166598875,0.2292120534206,-0.1127642833220,0.4122641247786,0.1979011477523,0.3263327668871,0.2049980531356,0.4859431609609,-0.0969344811608,-0.2080261537913,-0.0140890676728,0.0394929249385,0.5674602684738,0.3088246183840,0.4063290454233,0.4887542636343,0.1047458698801,0.7181737137813,0.3347132434032,0.5981628477447,0.7855016674746,0.0093412730796,-0.0622393209746,0.2996875368341,0.1972481380564,0.1863269508613,0.4153479838619,0.1571561913634,0.0502072705950,0.1339157502354,0.4262874915797,0.3465810410314,0.1484342414768,0.1594886707219,-0.2047435963459,0.3377122402384,0.0242668456378,0.3899171577766,-0.0425438672461,-0.0494043253591,-0.3165582274319,-0.1711061263551,-0.3681130725104,0.0057393941577,0.2202114418046,-0.2705582516766,-0.3348643743749,-0.4335970537412,0.3105438069193,-0.3452164725288,-0.5347312475627,0.1938995258687,0.5504646778545,0.4516846988490,-0.4002760365890,0.4428426321459,-0.3246203542912,-0.3810024904687,-0.3191703944617,-0.4144064961891,0.5480644564260,0.3272205529478,-0.0121255098783,0.2049639127999,0.3199999729720
0.5119337934850,0.2123443309695,-0.0248331158403,0.6468013101007,1.0000000000000,0.7682544485702,0.6873160454658,0.1155204578542,0.3140233139952,0.3141486354209,0.3774684194902,0.3612644721309,0.3168762661703,0.4000509547560,0.5159738578537,0.2084076438128,0.2517552540733,0.3257194950248,-0.0076700829873,0.1837955512855,0.3277292705910,0.3586107606340,0.1556947258716,0.3993655814940,0.1416817962825,-0.1989050859813,-0.0244052908819,-0.4704728879648,0.0140570729463,-0.2936812564463,0.0982371585042,-0.0065175410938,0.0060259438036,-0.1890478425332,0.2414738633183,0.0249831605427,0.1822197638460,-0.1231507586682,0.2856002699488,0.0837760056974,0.2605614124183,0.2783308603923,0.1481920481509,-0.1036055695039,-0.1414937542823,-0.1186262403384,-0.0669829046354,0.6450011549421,0.4637356289167,0.4209099466715,0.7379494320534,0.0769174003062,0.4849186887677,0.5812083734094,0.6841002291493,0.6610974791583,0.2608128620040,0.0348693142985,0.2349262055483,0.2794433066730,0.2754653897242,0.4274253165282,0.2153079713287,0.2460662496144,0.1474903726233,0.2191137530000,0.1570339105372,0.3300705091532,0.0789668373968,0.0737895359790,0.3984558563097,0.1404937442046,0.4197186827127,0.1615077690693,-0.0434420908408,-0.2805904792079,-0.0185206822487,-0.5394477715438,-0.1719722334485,0.2038508098418,-0.2020259968039,-0.0411592838382,-0.4040281592859,0.0770438860910,-0.1184994352781,-0.4996578990070,0.1528892732768,0.3657540466015,0.1930945632414,-0.1073228379136,0.3542662898911,-0.2230229756446,-0.1108451226223,-0.4489055246186,-0.3688270475838,0.5509955547696,0.3581123836203,0.0691022588275,0.2141207770239,0.2025702570189
0.1633890050525,0.1133025664760,0.0904821176523,0.5696591528607,0.7682544485702,1.0000000000000,0.7044812321422,0.1627465186960,0.3258688742329,0.3514689963776,0.4247930600424,0.3029111301638,0.3126046029866,0.2187246601498,0.4468642220023,0.3597007375368,0.2730683798754,0.3491463630451,0.1033353310509,0.1242324736069,0.2804458933658,0.2914962281421,0.0204769052138,0.5412283141543,0.0622568215169,-0.2057638187225,-0.0744848597918,-0.3867406784877,0.0959335419535,-0.2650585900602,0.2468386363243,-0.0493760325336,0.0104109010879,-0.1505087213515,0.2655385100145,0.1760903405345,0.3078309474776,-0.2100829757452,0.4147750233522,0.0184196025013,0.2200218074317,0.1712894662015,0.1955511954013,-0.1882852100760,-0.1579662212429,-0.1402534438682,-0.1054546697554,0.6605831562334,0.5277164612439,0.3282563532827,0.6442929084744,0.0951551359004,0.5435066789744,0.6876530839032,0.8388022586425,0.6757944594601,0.2638531568395,0.1118307809553,0.3230670803461,0.3382991997264,0.3220664165110,0.5076900570893,0.1600608493359,0.1940741551404,0.2906068161670,0.3933126785488,0.3458222795404,0.4292344473969,0.2161984257576,0.0668524353021,0.3864796616420,0.0228389213777,0.5551402053356,0.0998110461110,0.1262460241396,-0.4488430184375,-0.2228324571068,-0.4374369544498,-0.1106387380318,0.4291102671882,-0.3119901889014,-0.1480149469395,-0.3523756879462,0.3069418513917,-0.2258801479594,-0.5533446110816,0.2864857522264,0.4586211346955,0.3730250326662,-0.3076890686744,0.5048465818313,-0.3381804728157,-0.3383711016198,-0.3858474815615,-0.3796059757645,0.7019388966576,0.4786518280686,0.0588783491932,0.3079419202565,0.3986859070600
0.0975983765466,0.1084389522048,0.0268450155095,0.7914551585955,0.6873160454658,0.7044812321422,1.0000000000000,0.2664269492525,0.3936007865753,0.2626474241687,0.2684993990517,0.2021298499346,0.2517925441476,0.2117665234258,0.5159806292353,0.3703815482005,0.2419918467726,0.1421051148880,0.3170587417701,0.0712791128468,0.2091089904642,0.1053033525903,-0.0283099707966,0.4562420301279,0.0508968900642,-0.1796788234374,-0.1525897623942,-0.2144144949144,0.1120556366466,-0.2182498752133,0.1116091585454,-0.1268822906898,-0.0586811824010,-0.1072746877821,0.3090231189622,0.3330504599394,0.1474552769735,-0.2562989345848,0.3883504479585,0.1031861437199,0.1688897991666,0.0787674107957,0.2799390363606,-0.1623663888832,-0.1271881730262,-0.0741871386960,-0.0707198888363,0.6142127988029,0.3144750630099,0.2448908026387,0.4572416731523,0.0012112634388,0.6706300309769,0.4936283036210,0.6996115891482,0.8579291612228,0.1390382794138,0.1266135414853,0.2830562566600,0.3490736893867,0.2909952002292,0.3315150745230,0.1818400601734,0.1672927482568,0.2490541032310,0.3474612162167,0.3674124168819,0.2451958977239,0.3620134399062,-0.1386090094739,0.3314204612285,-0.0947946494415,0.4131966621992,0.0563519939618,-0.1028441124716,-0.3705161387203,-0.2767635318586,-0.2522554426499,-0.0945760177936,0.1816160912314,-0.2092591161655,-0.2419953775997,-0.3019250539691,0.2571520333926,-0.2753149681466,-0.4041950635513,0.1502974254484,0.5365353426246,0.3164948346046,-0.3587151118082,0.4394443585714,-0.1621507404935,-0.3208989748750,-0.2281988569887,-0.2903769069282,0.6203298290968,0.3165321337062,0.1374606737869,0.1591405951013,0.1791034754343
-0.0252009886603,-0.2456027188651,-0.1458450519930,0.0482833260470,0.1155204578542,0.1627465186960,0.2664269492525,1.0000000000000,0.6338013812820,0.1336824766779,0.1167123335652,0.1117293486997,0.1944336326196,0.1385904579625,-0.0228505974875,0.2145490852756,0.3150057203872,0.3166428717920,0.5719600451640,0.3384014492648,0.1487118840978,-0.0105000308387,-0.2108950229478,0.3727134134176,0.3518237391094,-0.2307208003090,-0.1703006390284,-0.0470544828812,-0.0515265231533,0.0794777921898,0.1342309078904,-0.3125191178706,-0.0711696552342,-0.1618390494466,0.0203648877119,0.2527781546175,0.0011164554811,-0.0971902977802,0.0494283930500,-0.0652385498032,-0.0324384268045,-0.0612182293216,0.1299250589032,-0.1426649115605,0.1398475212991,-0.0721991017711,-0.0819294854103,0.1756605990207,0.1410572424975,-0.0021941530606,0.0660294241144,-0.1709158795347,0.0774005987935,0.2061489296731,0.1773801403297,0.2345356197566,0.4541695061521,0.7679492348684,0.5368993547389,0.5587201767370,0.1842292492470,0.1328538320689,0.1039090127489,0.1585597307351,0.1182533365836,-0.0993317888066,0.2517639705516,0.3079091545920,0.4377456200928,0.1706654678440,0.2326803602489,-0.1355131335923,0.2937956809408,0.4687076171931,0.2477136946995,-0.2697287207975,-0.2097469630611,-0.0743011329526,-0.1329020568871,0.1574504386706,-0.1395206711832,-0.0125587463294,-0.0206380376152,0.0960349257869,0.0238182853711,-0.1067519457492,0.0105869144432,0.1337519895762,0.0408690584131,-0.0602765748466,0.0080051790396,-0.0171924883348,-0.1122610993340,-0.0514625702140,-0.0958966460606,0.0916212033301,0.1035381480115,0.1358171604202,-0.0149287150743,-0.0241655018228
0.0862692206360,-0.2331999075762,-0.2554694255513,0.2500198605376,0.3140233139952,0.3258688742329,0.3936007865753,0.6338013812820,1.0000000000000,0.1133792634561,0.2714958443424,0.1911104538731,0.3556298128283,0.1077073374769,0.1042636083008,0.3175829592351,0.2669780329749,0.3075529751585,0.4699725691218,0.5252403861086,0.1980086265773,-0.0211718637074,-0.0853941048710,0.5886028089596,0.4905920494336,-0.2248259324878,-0.1284624634876,-0.0789460073603,-0.0626918054245,-0.1470500725717,0.1828549373755,-0.2533986205928,-0.0991818836848,-0.2099418577180,0.0693666170012,0.3444679466619,0.1123087061651,-0.0337356858161,0.2074804040066,-0.0637347649955,0.0217086846992,0.0096900693601,0.2725638583872,-0.0731920070729,0.0839398657073,-0.1224869315317,-0.0310833064483,0.4245926401040,0.2232504331867,0.1358406489373,0.2306303707789,-0.1700902549114,0.1852846033702,0.3035475469206,0.3863535497177,0.4195425548830,0.4291211487803,0.5244423808957,0.4969929922276,0.9511466693760,0.1222427698447,0.3495509923208,0.0826076854622,0.2829893839489,0.0964173591015,0.0141004559615,0.2801815937215,0.2661825318555,0.4758252245247,0.3059249897782,0.2359772084642,-0.1217152179562,0.4708729994328,0.4527461524457,0.1093229351949,-0.2514784273066,-0.2013996168906,-0.1326517825127,-0.1527114657625,0.1628970632609,-0.1191110440203,-0.1195654655563,-0.2029226090118,0.2063552347075,0.0109710492432,-0.2281713551157,0.0541372039105,0.1966066486285,0.1406337114911,-0.0900917916905,0.1760725248991,-0.0971746999532,-0.1590481808168,-0.0549212109926,-0.1652302378381,0.3202030529147,0.1866165514578,-0.0114979180741,0.1599588476866,0.0775068164706
0.1154711660729,-0.0531537674513,-0.1523924286164,0.3129385678046,0.3141486354209,0.3514689963776,0.2626474241687,0.1336824766779,0.1133792634561,1.0000000000000,0.5646656812049,0.8226282047529,0.6471996084562,0.4361297715116,0.3274456971635,0.3789134525206,0.6243065053071,0.3003481250314,0.2077056572084,0.1368706911077,0.7373386962151,0.6286452011772,0.4673113183378,0.3315407276878,0.1186881616373,0.3352896609414,0.3550369165963,-0.2174297368474,0.3153027865823,0.2683474051986,0.4333848252007,0.6381839301775,0.6844364664953,0.3541817637250,0.3853020115122,0.2724052637347,0.1796708245192,0.1735787208975,0.1771130696099,0.4697266572334,0.6204333819239,0.7253619783977,0.2704247645027,0.2097206218968,-0.0457569130448,0.2921202710364,0.4531161072025,0.2608514520995,0.2876752363212,0.6801008427412,0.0585407102192,-0.4404307363566,-0.0615301330130,-0.1081020224840,0.0914961007537,0.1334589117089,0.0434149875704,0.0880711005147,0.2479256829842,0.0820686599119,0.3194491863890,0.2620271059329,0.2353764150745,0.0062117063120,-0.1690018123370,-0.0550764165218,0.2758313170045,0.3222836256860,0.2429007970917,-0.1332740612700,0.3824155467697,-0.0210171135654,0.2586045847456,-0.0273743217921,0.0419731586367,-0.3286522497063,0.0691726153592,-0.2981783738665,0.0975077021520,0.2039220114130,-0.4078068338163,-0.1178451265716,-0.3468908896398,0.1750811810178,-0.2668370623668,-0.2333073974724,0.1571647862459,0.3095491377567,0.1565437657308,-0.1224667673953,0.1953008166309,-0.1721737504897,-0.0289648692703,-0.4640842116197,-0.5600309715022,0.1790974399398,0.0478498065554,0.2821694279007,0.3485855802138,0.2133919502262
0.1280104553282,0.1007461758652,-0.1237205441995,0.4332318426470,0.3774684194902,0.4247930600424,0.2684993990517,0.1167123335652,0.2714958443424,0.5646656812049,1.0000000000000,0.7043170905307,0.6292320845970,0.1103900795210,0.4578527558951,0.4904527465425,0.6110346378831,0.4933263233542,-0.0469018153339,0.2881740660032,0.5793779123484,0.6007970514923,0.6737191338328,0.5449274884913,0.2808518686923,0.3534570087250,0.5603435948760,-0.2155231235073,0.3889284910673,-0.2159274365767,0.4728688683199,0.3846101786363,0.4952451980917,0.1499035106789,0.4894671917531,0.1922252373545,0.4260675593750,0.3197974488207,0.3982442733571,0.3730772934729,0.4887683413351,0.4085164216858,0.3900830326075,0.2807532764017,-0.1287111752162,0.2051482313287,0.4050121708150,0.5126769507358,0.4183614898559,0.4657237539183,0.2451731591628,-0.1243964165052,0.2820089915180,0.1765118245717,0.3428194184190,0.2813674347219,0.0841309089004,-0.0753891169440,0.1692148606253,0.1921239354069,0.0950763145552,0.6054689810098,0.1560013770811,0.0097533757722,-0.1212069982674,0.3141585840098,0.2201771615009,0.2286045534484,0.0980158109851,-0.0999843303703,0.3319345887165,0.2278496175864,0.4758763672647,0.1023118634163,0.0091247664481,-0.2003864335261,0.2103170844311,-0.2678555003229,0.1720036986976,0.2639106847313,-0.3163644652430,-0.3044526573606,-0.4878940247371,0.3051504034115,-0.3169907192891,-0.3055115450289,0.4440663942518,0.3935229031686,0.3688905141532,-0.1322457830163,0.4437651886126,-0.1036114118098,-0.1361278669209,-0.2528081300706,-0.4810692235608,0.4468760669118,0.2654206863712,0.1439956958648,0.1790014024022,0.2919368174676
0.2045789347578,-0.0979160059331,-0.2876832406159,0.3461741740159,0.3612644721309,0.3029111301638,0.2021298499346,0.1117293486997,0.1911104538731,0.8226282047529,0.7043170905307,1.0000000000000,0.6887793683509,0.3832960603297,0.3721233763575,0.3449797505401,0.5968178705586,0.3773818227757,0.0809753892697,0.2764631573618,0.7278115933442,0.7081882617164,0.6669121511593,0.2857269591096,0.2535968937034,0.3148635733088,0.4418437991464,-0.3250172882076,0.2179127701801,0.0762008062013,0.3508764205044,0.6010814619974,0.6498496066778,0.2238040775864,0.3915177409117,0.1449275723685,0.1666479768054,0.2148501648454,0.1532135279583,0.4382296674562,0.5656546541088,0.7164999647441,0.2467149623826,0.2741780071840,-0.1137744074941,0.2217752811277,0.4598029262928,0.3660209561105,0.2594048819389,0.7358111559049,0.0431325731825,-0.4097962827975,-0.0176953033469,-0.0572493045302,0.0469437260551,0.1603102501146,0.1266442334905,0.0610563199761,0.2069005430292,0.1300766752711,0.2249051822678,0.4196150006228,0.3619918660051,0.1455200147956,-0.3119833192371,-0.0435957102765,0.1550803079378,0.2704145014893,0.1306370508495,-0.0152279707426,0.4233635780394,0.2497436730736,0.2213087402797,0.1220293765705,-0.0437704719928,-0.1589555899241,0.2761461685976,-0.4328382504488,-0.0138392441338,0.1425301490920,-0.2620322550278,0.0066125816043,-0.4027178100684,0.0723691025582,-0.1067568204983,-0.2703435789837,0.1327833539481,0.2373583763051,0.1012926302048,0.0183031697925,0.1766076571211,-0.0954534980890,0.1208383234638,-0.4320811596420,-0.5109564081048,0.1647720223980,0.0029969469331,0.1517473472832,0.2567388405897,0.1637207020876
0.1902091755765,-0.0694944864045,-0.0749183787296,0.2919249891439,0.3168762661703,0.3126046029866,0.2517925441476,0.1944336326196,0.3556298128283,0.6471996084562,0.6292320845970,0.6887793683509,1.0000000000000,0.3724065679722,0.4596571953976,0.2104009245464,0.7314881957806,0.2889474188458,0.0529436303886,0.3663517751876,0.6862613447279,0.3676562296093,0.4252910980731,0.3746527390323,0.3501561659168,0.3048841937568,0.4184913844721,-0.1553315122524,0.1475008808832,0.0490168958895,0.2893324286796,0.3881326691559,0.6087366104491,0.1415149469275,0.1510788595485,0.0070057205844,0.0287038423564,0.3450686314778,0.0953751220067,0.3023782410448,0.4221621368873,0.5444214418177,0.1673184119270,0.3246156255254,0.0754432964513,0.1102137901533,0.3329593269686,0.3256325029316,0.2487832779304,0.6321430754991,0.0502822972034,-0.3114243760749,-0.0124490856584,-0.0029520490095,0.1119533494395,0.1143499952010,0.3497352319675,0.1029896502112,0.1602036865464,0.3256409770335,0.1502871559400,0.4082937594282,0.2632782796024,0.4135862299374,-0.1524407959874,-0.0796440537467,-0.0441140205424,0.4139433982494,0.0136760118276,0.0901429128447,0.3454795246915,0.0828745889518,0.2673052421169,0.2296209288713,-0.0974356380655,-0.1484459195600,0.2504804294190,-0.1894160296671,0.0194675584982,0.0653883716378,-0.1731576344640,0.0373884149716,-0.2610534843580,-0.0727302123531,-0.0419374611259,-0.1358332164152,0.0278924297946,0.0286052578758,0.0398128066424,0.1551289649022,0.1109250154229,0.0051932897463,0.1470698289630,-0.2795096505402,-0.3414629304750,0.1564105858039,-0.0072343566218,0.1943819373267,0.2867288350440,0.1316515118499
0.6575594249260,0.2082707694352,0.1645466745588,0.1563166482582,0.4000509547560,0.2187246601498,0.2117665234258,0.1385904579625,0.1077073374769,0.4361297715116,0.1103900795210,0.3832960603297,0.3724065679722,1.0000000000000,0.3703132472117,0.0553709225361,0.3140932170337,0.1440175670053,0.1290582939264,0.0815631957941,0.3746103520732,0.2290830642604,0.1852661914253,-0.0776657493237,0.0001412774290,0.0997798919447,0.0101463186361,-0.0375055423421,-0.1242629461457,0.3087334609388,-0.0333685067164,0.2178603365498,0.3317589426937,0.0814579934008,0.0338773661602,-0.0288352371274,-0.2679905730924,0.0626623714254,-0.1803114957971,0.2265503076950,0.2450923997647,0.4755523971517,-0.0865461692174,0.0801669414967,0.0495109919781,0.1342275075551,0.2045464066412,0.0566809845003,0.1311195096038,0.4551710373150,0.1877633781688,-0.0801987883896,-0.1544950783942,-0.0355970667380,-0.0562085729430,0.0449619062224,0.0818534785657,0.0805527988616,0.1177437365073,0.0779827776431,0.1527859967422,-0.0472888346734,0.1894185243374,0.1923566752408,0.1977478980660,-0.4065912067336,-0.0977225031262,0.1710082835212,0.0403989468826,-0.0688254463917,0.1244507992944,-0.0204963385339,-0.0837953227590,-0.0214667274080,-0.1669715027468,-0.0512183844209,0.0843860796478,-0.1369220731447,-0.1109942113470,-0.1229357412942,-0.0409745665408,0.1282110098288,-0.0648545554426,-0.2519983842046,-0.0390620918056,0.0598050231289,-0.2862152277919,-0.0514825551182,-0.3612280490407,0.1088608693552,-0.1746426417947,0.1130345884514,0.1931175426259,-0.2062104833368,-0.1659938764526,-0.0671561974476,-0.1314364242324,0.1938869591487,0.0873995740557,-0.2265718099517
0.3248185949932,0.4485774253426,0.1387180488780,0.6119271958342,0.5159738578537,0.4468642220023,0.5159806292353,-0.0228505974875,0.1042636083008,0.3274456971635,0.4578527558951,0.3721233763575,0.4596571953976,0.3703132472117,1.0000000000000,0.1486133135580,0.4499101622484,0.2330831154422,-0.0671277543505,0.2093529734700,0.3482330674373,0.2298343017921,0.4373328812151,0.2471040960599,0.1150377704253,0.2906091553158,0.2991250722351,-0.1423093780944,0.1295121205224,-0.2844535870487,0.0894484651478,0.2269946610153,0.3285371679464,0.1323349289650,0.1559005686099,-0.1049754589334,-0.0438555221313,0.1926193283350,0.0940249108202,0.3452595925471,0.3127917032407,0.3072135524220,0.0803320551984,0.3414944832928,-0.2048821490185,0.1372660163978,0.2159971403565,0.2781203330086,0.1291144458645,0.4508431597609,0.3255929672621,0.1319175632929,0.3321247108238,0.0989461061557,0.3078899651352,0.3303397876380,0.1822503975687,-0.2080352617438,-0.0088260864780,0.0798165670111,0.0026692573020,0.1747606239135,0.0416806144983,0.1130507953478,0.2317156823905,0.1065212501326,-0.0672138582351,0.1238185636287,-0.0523038043202,-0.1116078736532,0.1563492673724,0.0545326833564,0.1658344567833,0.0377032682336,-0.3224940498639,-0.1393554744408,0.1994450364375,-0.1576447948759,-0.0837093489290,0.0256835228082,-0.1326846984268,-0.1890915681562,-0.3997127962564,-0.0764366373944,-0.2603888510482,-0.1939822085060,-0.0366826275669,0.1058116002408,0.0362541578737,-0.0063071808268,0.1478177581985,0.0144975659425,0.0698854936754,-0.1134410857964,-0.1992920285478,0.2188258296341,-0.0419571838426,-0.0054019272214,0.0656696464783,0.0442588092680
-0.0594712343635,-0.0247945667182,-0.1813567352840,0.4571084531457,0.2084076438128,0.3597007375368,0.3703815482005,0.2145490852756,0.3175829592351,0.3789134525206,0.4904527465425,0.3449797505401,0.2104009245464,0.0553709225361,0.1486133135580,1.0000000000000,0.2714584441146,0.4967731289096,0.3015066251444,0.1718218823865,0.4605250166745,0.3085030143613,0.3277930283606,0.5147767470318,0.1582680776389,0.0593875587910,0.2433988183001,-0.1759431453704,0.3105296145241,-0.1329875110818,0.6871307675241,0.2448732077879,0.2655543170830,0.0739731986724,0.7278819000690,0.6460694957758,0.4490914080689,0.0755837702746,0.4625107695111,0.2169642019187,0.2498459900229,0.2062907711181,0.5858630290219,-0.0863747737586,-0.1148411610911,0.1427976542845,0.2324904846316,0.4589594495753,0.2860302820898,0.3445936959044,0.2071640884541,-0.1488220645575,0.3202198547389,0.2026987611725,0.3610211172306,0.4093476011576,-0.0447118137537,0.1283031820547,0.4958105149390,0.2651690268565,0.1059323170236,0.3245457462726,-0.0197637790463,-0.1499730469555,0.0241505664216,0.4434298102976,0.7834171906170,0.1907735405993,0.5257680653794,-0.0881915716020,0.2374594530667,-0.0610054490676,0.4931767718606,0.0068587439099,0.3794920710326,-0.3711264357714,-0.1404951626232,-0.2161516183563,0.1497638894418,0.5194763095142,-0.3395465871125,-0.3597846557674,-0.3420424784776,0.6969666981510,-0.3937459661699,-0.3192109521459,0.4206369766705,0.7333157732399,0.4836939173018,-0.3130189251968,0.4622689214918,-0.2301039339862,-0.4171607536807,-0.2289255651956,-0.4596576010974,0.4970606017182,0.2987786671633,0.1176756739925,0.1789305725105,0.4248008528107
0.1245811834136,-0.0259327241431,-0.0425979169302,0.2464980347769,0.2517552540733,0.2730683798754,0.2419918467726,0.3150057203872,0.2669780329749,0.6243065053071,0.6110346378831,0.5968178705586,0.7314881957806,0.3140932170337,0.4499101622484,0.2714584441146,1.0000000000000,0.4316873181129,0.1298236602881,0.4592037710043,0.7193096031705,0.3146262760560,0.3952187939782,0.4356762155370,0.4080007035094,0.3695984419901,0.4570803434064,-0.0988599112653,0.1779255311168,0.0510799631903,0.4664620305400,0.3324945681098,0.6281958773424,0.1835548915085,0.2321474724480,0.0870668662333,0.1410739744959,0.3679530845620,0.1171715516577,0.2673108727612,0.3295108240181,0.3938816488442,0.1634248592116,0.3106423036748,0.0916754875314,0.1630703234381,0.2886399748434,0.2665094872991,0.2492477811807,0.5446300808836,0.0810626168232,-0.2942863623136,0.0039760405941,-0.0928984758803,0.1263724714322,0.0283155947254,0.3255384150269,0.0962114998161,0.2178652444715,0.1890327026027,0.1185648547660,0.3357404197596,0.1563040722406,0.0991088238080,-0.0392851632341,-0.0199629715783,0.0362519060582,0.4748748962809,0.0672410031438,0.1321896578534,0.3726432995466,-0.0065127158330,0.3356886155000,0.2314429247366,-0.0200421203550,-0.1889972379558,0.1736300343235,-0.0831430484040,0.0675301393066,0.2415873026870,-0.2601405032374,-0.0868411907994,-0.3438628330392,-0.0346172454883,-0.1471260465031,-0.0879485494665,0.1504873794650,0.1181825743679,0.0584710508774,0.0874461633086,0.1413168511795,-0.0888071630412,0.0459060943030,-0.2103044878737,-0.3502874016344,0.1670870549646,0.0333066667912,0.0571863093726,0.1662619053114,0.1909737910825
0.1406685985661,0.1027630135978,-0.1348542340688,0.2412288454372,0.3257194950248,0.3491463630451,0.1421051148880,0.3166428717920,0.3075529751585,0.3003481250314,0.4933263233542,0.3773818227757,0.2889474188458,0.1440175670053,0.2330831154422,0.4967731289096,0.4316873181129,1.0000000000000,-0.1068577997818,0.2393871435773,0.4967506715787,0.3085054119036,0.2315356225174,0.4634012149963,0.2814957272409,-0.1251661450206,0.2350621017396,-0.3767210955743,-0.0679462040600,-0.4332468118169,0.3521539032346,0.0245912871525,0.1272406472761,-0.2201893844541,0.4385650295813,-0.0523864929035,0.4075557889496,0.0784179211379,0.3500285788996,-0.0444010925756,0.0247771532128,0.1542010426685,0.2436386809247,-0.0680904875212,-0.2488551924728,-0.2330604489304,-0.0657888769909,0.4981080693519,0.2728275601623,0.3919732879352,0.3386506832386,0.1424992885416,0.3091703823398,0.3011313289407,0.3673368152059,0.2191221864994,0.3919813965110,0.2013613669296,0.6390010456632,0.2877105748649,0.3167324552684,0.4853705221022,0.2831929870175,0.1708686361094,0.1384979523549,0.2775014695922,0.2303463749913,0.5597573137944,0.0355952588679,0.1446930745499,0.4781586094576,0.2251261952515,0.5256882044798,0.1925818813253,0.3093702864235,-0.1594820409158,0.1471337972875,-0.3768428301904,-0.0651736694259,0.5320302051676,-0.0388643833153,-0.0255537229483,-0.2108191732798,0.2191905177157,-0.1229479402169,-0.3687360815791,0.3643780673287,0.4043995399842,0.2070709773126,-0.0542131027414,0.3437345049947,-0.1306333186519,-0.1812427479403,-0.2896644290329,-0.2050252543785,0.4365526287143,0.2622244344426,0.1390096068651,0.2750220068789,0.4245093594585
-0.1232264199795,-0.3696153785205,-0.1916525062873,0.0510840772125,-0.0076700829873,0.1033353310509,0.3170587417701,0.5719600451640,0.4699725691218,0.2077056572084,-0.0469018153339,0.0809753892697,0.0529436303886,0.1290582939264,-0.0671277543505,0.3015066251444,0.1298236602881,-0.1068577997818,1.0000000000000,0.1440521677602,0.0234324787700,-0.0486856532673,-0.1448751207361,0.2613906217567,-0.0074801297860,-0.1169301470183,-0.1904647073479,0.0992682823200,0.1501873343748,0.3189016026433,0.1351871686662,-0.1159239351382,-0.0008923644903,0.1331917602760,0.0607392548944,0.7194460163305,-0.0162823851880,-0.2217839816680,0.0428790970212,0.1383372846196,0.1118525076949,0.0303355654051,0.2126100276357,-0.1211252653268,0.0132648922857,0.1922836187356,0.1315932606271,0.0345931841277,0.0455419738651,-0.0031325681667,-0.1227441757347,-0.4441424570766,-0.0424647585658,-0.0564084183451,0.0352897102686,0.2003292199550,0.0222228300617,0.5200691715952,0.2130729890209,0.4466558647094,0.0483443827882,-0.1298870738740,-0.0424372326069,-0.0419358533723,-0.0008438165733,-0.1158107181060,0.5009215124346,0.0504316645363,0.8861256915921,-0.0858610568933,0.0348898771133,-0.3454437653328,0.1454830901016,0.1263033806501,0.0749506826791,-0.4249113981320,-0.3210358972597,0.0488364484784,0.0078240224195,0.0326442252556,-0.2860119920855,-0.2266141338535,-0.0006909654705,0.2960954632614,-0.2316026793097,-0.0239983485715,-0.0143006989645,0.1707210716900,0.1046664424862,-0.2491738324438,0.0270326451874,-0.0064052227271,-0.2181529793120,-0.0437672136793,-0.2274194951894,0.0339124729961,-0.0004880242706,0.1374202091377,-0.0396492446101,-0.1296419512535
0.1636828725483,-0.2464826051767,-0.0958747241729,0.0312539190459,0.1837955512855,0.1242324736069,0.0712791128468,0.3384014492648,0.5252403861086,0.1368706911077,0.2881740660032,0.2764631573618,0.3663517751876,0.0815631957941,0.2093529734700,0.1718218823865,0.4592037710043,0.2393871435773,0.1440521677602,1.0000000000000,0.3304301489879,0.0815338061474,0.2186117405563,0.3650601393276,0.8235537744645,0.1695503404266,0.3131342420217,-0.0615968632828,-0.1623509641239,-0.1843074550389,0.3609782805083,0.0407614999343,0.3044381596080,-0.1269279366520,0.0223991541670,0.1805254163189,-0.0403131642308,0.4462756193880,-0.0859882203256,-0.0551306376969,-0.0672227401160,0.1156299308049,-0.0481544290788,0.3096653578269,0.2606402818981,-0.0171362466965,0.0585743567331,0.1474441168949,0.0239759093721,0.2502509191343,0.0447732497145,-0.2143093902430,-0.1215823279247,0.0910913001002,0.0703109866763,-0.0053253681403,0.4346671643882,0.2118274241697,0.1870618972619,0.4407582948194,-0.0701779798769,0.1933602893830,0.0114108126633,0.1406898557256,-0.1208286632679,-0.0983510108867,0.0277505375237,0.1613950007205,0.1108574545883,0.7039168653600,0.1163393356471,0.1335379154718,0.2867211881295,0.7012719864918,-0.0069007269129,0.1031313279580,0.2771549422553,-0.0912564847226,-0.2160724310855,0.2199020967374,0.0129586094583,0.1378434802088,-0.3098973228336,-0.1363857891235,0.2262273358113,-0.0454043645347,-0.0501821024277,-0.0096730520845,-0.1621565404171,0.3991815864484,-0.0945931263938,-0.0351002670250,0.2696892553680,-0.0639134880641,-0.1029531366871,-0.0271260679060,-0.0927648121026,-0.1272711712723,-0.0652276245545,-0.0204629740946
0.0972122327025,0.0109723198294,-0.2056808255587,0.3583443499550,0.3277292705910,0.2804458933658,0.2091089904642,0.1487118840978,0.1980086265773,0.7373386962151,0.5793779123484,0.7278115933442,0.6862613447279,0.3746103520732,0.3482330674373,0.4605250166745,0.7193096031705,0.4967506715787,0.0234324787700,0.3304301489879,1.0000000000000,0.5398475660850,0.4511900862304,0.4153112999748,0.3976534340788,0.1817294346396,0.3825541571805,-0.3142196520254,0.2277791166445,0.0564838823628,0.5470510815710,0.4571033912708,0.6027106635356,0.0507294743737,0.4131093767568,0.1222442723772,0.1919883442276,0.2285369119794,0.1039766092218,0.1694478310794,0.4040568527086,0.5712229987958,0.2682975216393,0.0663981661320,0.0236778612194,0.0880915824680,0.2354190208164,0.3180106580665,0.2911643090992,0.8042739603078,0.1333280566205,-0.2733430929390,0.0215257654048,-0.0574940927397,0.1295438714377,0.1336395534064,0.2962336223831,0.1282364568266,0.4168619579175,0.1395807397661,0.3069558380215,0.4377204911352,0.3098023916710,0.1869800529346,-0.1400452545926,0.0742451368279,0.2152848998498,0.5154300291544,0.0780613227054,0.1641920917414,0.6200138381826,0.1779674509206,0.4080219959930,0.1798065061946,0.2157094649728,-0.2083910631386,0.1379064577139,-0.3558391201103,0.1083283254396,0.4079828239250,-0.2612315257177,0.0182302123270,-0.3615878828471,0.0872333439760,-0.1273695852097,-0.3095505436120,0.1617251174454,0.2972289649945,0.1568045802700,-0.0002597746667,0.1177406331309,-0.2982756103805,-0.0885946604425,-0.4478816857370,-0.4987643974650,0.1958554001911,0.1394921842041,0.1100333234024,0.2427691432152,0.3727477991757
0.0819824343249,0.0489192293506,-0.2556596827073,0.2903458080110,0.3586107606340,0.2914962281421,0.1053033525903,-0.0105000308387,-0.0211718637074,0.6286452011772,0.6007970514923,0.7081882617164,0.3676562296093,0.2290830642604,0.2298343017921,0.3085030143613,0.3146262760560,0.3085054119036,-0.0486856532673,0.0815338061474,0.5398475660850,1.0000000000000,0.6389486055533,0.2541859914069,0.0633513988876,0.1959461691055,0.3151816984637,-0.3950587635359,0.2940208215041,0.0781368774717,0.3557121588532,0.5425770584589,0.4774139863405,0.1833484705647,0.4004371738920,0.0986128399669,0.2339228555216,0.1340565559525,0.1697712268336,0.3539296922175,0.5789645413667,0.5978200714172,0.2541331734997,0.1392188852616,-0.1215271386934,0.2984127477609,0.3799414619977,0.2721203913808,0.3441440879348,0.5349520928655,0.1535501669660,-0.2626366125223,0.0413214136931,0.0419731799609,0.1180313088570,0.1715413508200,0.0259997895296,-0.0110039930411,0.1246275144167,-0.0685849861633,0.2428205876604,0.2609685907111,0.2576205167604,-0.0197724699779,-0.3522634287415,0.0954451737459,0.1970110596809,0.1747369645320,0.0675687078389,-0.0951760276108,0.3274407886714,0.4442658475968,0.2971689284696,0.0015929413064,0.1204172722681,-0.2067613907160,0.2063027117251,-0.5124550761158,0.0973065753037,0.2056989290267,-0.3092012546264,-0.0448327639356,-0.3380351288063,0.1578217473344,-0.1785918503203,-0.3411212786838,0.2282451760334,0.3163777621863,0.2024062515113,-0.0680575590764,0.2183839252998,-0.1960557644020,-0.0068400043660,-0.4683471862042,-0.4737380213221,0.1862037806796,0.2548364362176,0.2131037195900,0.0891064116795,0.1444896359228
0.2534414090403,0.1412651080254,-0.1191469485100,0.2756269914450,0.1556947258716,0.0204769052138,-0.0283099707966,-0.2108950229478,-0.0853941048710,0.4673113183378,0.6737191338328,0.6669121511593,0.4252910980731,0.1852661914253,0.4373328812151,0.3277930283606,0.3952187939782,0.2315356225174,-0.1448751207361,0.2186117405563,0.4511900862304,0.6389486055533,1.0000000000000,0.1083522498640,0.0952951898571,0.6297569732727,0.6605159182083,-0.0704416826667,0.3144253470212,-0.0181489338557,0.3275303976542,0.7243133049966,0.6661592321665,0.4204863035501,0.4073798218381,0.0511257581768,0.1231007782916,0.4698048321620,0.0626258065513,0.5940918738010,0.5641637547192,0.5685494799455,0.2438292758479,0.5299499334649,-0.1873534803083,0.5028188032081,0.6752111798090,0.1261660434667,0.0331427072050,0.4871187161918,-0.0700052503072,-0.2365015976421,-0.0684553830334,-0.2501771269848,-0.1584160579189,-0.0528901937297,-0.1932619739700,-0.3639669425361,-0.1586589787121,-0.1540762686783,-0.2248892539761,0.1116826001566,0.0017737515224,-0.2096862898431,-0.3910666654776,-0.0478193051928,0.0277017695877,-0.1655202955972,-0.0377050791695,-0.1981994626810,-0.0233182518498,0.2944320687951,0.0319448611456,-0.0912928163903,-0.1726458933858,0.0754935778303,0.4742425724405,-0.1392139336620,0.1325632490820,-0.0418199015642,-0.1328599609483,-0.1954231940311,-0.4106568195831,0.0361272624282,-0.2452518236159,0.0328166543702,0.1351383890701,0.1334668905320,0.0180488966095,0.0964339328532,0.0832461926227,0.1312836176928,0.2135537860616,-0.1210173883117,-0.3298310407597,-0.0218721307946,-0.1817241133921,0.0028344186497,-0.0812855533516,-0.0481408395742
-0.0775353657060,0.0330560531286,-0.1422019750315,0.4358191091703,0.3993655814940,0.5412283141543,0.4562420301279,0.3727134134176,0.5886028089596,0.3315407276878,0.5449274884913,0.2857269591096,0.3746527390323,-0.0776657493237,0.2471040960599,0.5147767470318,0.4356762155370,0.4634012149963,0.2613906217567,0.3650601393276,0.4153112999748,0.2541859914069,0.1083522498640,1.0000000000000,0.3349387275888,-0.0524345861879,0.1628751575081,-0.2218482928151,0.2410899928981,-0.2547349929934,0.5766330173867,-0.0465862830678,0.0719243711996,-0.0531153855372,0.4827015673835,0.3888666470598,0.6001176138748,-0.0228005096868,0.5788236313414,0.0290758490189,0.1927647285922,0.0339687877459,0.4630542427187,-0.0821723118484,-0.1037698965074,-0.0374571994767,0.0051346044109,0.6325686296487,0.4972107856476,0.1919821792203,0.4770432930836,-0.0545727638116,0.4323188987817,0.3717017268188,0.6585094740396,0.4513256829491,0.3146203621723,0.2347814313424,0.4886759150470,0.5632000061419,0.1635797487942,0.5252922374454,-0.0052137528913,-0.0157980570242,0.2111161236708,0.4308419991836,0.4750960599180,0.3263642557266,0.4408036532960,0.1141412118099,0.3409502275908,-0.1132557985347,0.8909619784495,0.2131704706949,0.2663968174755,-0.5303327506861,-0.2910705379707,-0.2260638750474,0.0644231529436,0.5485960472459,-0.4449714485225,-0.4448714704161,-0.4195018333570,0.4677498089385,-0.4175862805809,-0.4518394883709,0.6029383777564,0.5996265522659,0.4918957640135,-0.3945292745770,0.6253060318829,-0.3568512069529,-0.5014348204411,-0.2643331495077,-0.4732556024578,0.6824950129508,0.4899266482597,0.0433682294862,0.1788033313435,0.3964681709408
