1.0000000000000,0.4279519537388,0.6771735862212,0.5911454008828,0.6251132376939,0.5329223842458,0.4117092012971,0.4533692876883,0.1834385275381,0.3712038021160,0.1929429325022,0.3073213248224,0.3952759408518,0.6250322789488,0.3372936880726,0.3629274195161,0.1761543486318,0.4192168219966,0.1423371359091,0.2148068646702,0.2240940126265,0.1645322926325,0.0969022707519,0.3361725061388,-0.0392895592543,0.1479877028255,0.2361496406089,0.1241548070806,-0.0707611701400,0.1462446089194,0.1779711812606,0.1976070646580,0.2961439254518,-0.0716345634802,0.3041345726543,0.1136270023467,0.2050818475417,0.1416967206922,0.1293687666354,-0.0321082013678,0.0657548853483,0.2988118992346,0.0838512302001,-0.1238519343692,0.2792381070477,-0.0848363609954,0.1880237283476,0.3475618435344,0.2204601049048,0.4319793806294,0.6546393350739,0.6345122157949,0.4005900507912,0.6126354602863,0.3885563945174,0.4087656086430,0.0321893368320,0.2958746697733,0.3892728114210,0.1254622914528,0.1394180516248,0.3194621714568,0.0957922972752,0.0787652557844,0.5349546174181,-0.2026300029143,0.0772722753808,0.3233865653211,0.3902875577304,0.1292484159799,-0.0457517064332,0.0242350503376,0.3064189909888,-0.0674608592627,-0.3525204867567,-0.2840332497840,0.0215453481479,0.1046392121287,-0.3283086432442,0.2195003545947,-0.1999254578097,-0.1536600822050,-0.3553004567968,-0.3287181036123,-0.2411040500807,-0.0829005368612,0.1851918619368,0.1554096714285,-0.4452376370274,-0.0437024876399,0.0886212681172,-0.1118851565647,-0.2355764752513,-0.0783208110349,-0.2614218667727,0.3965049705389,0.1091659547375,0.1650677958104,-0.0467771742051,0.0054691036280
0.4279519537388,1.0000000000000,0.5252621144403,0.6399550773844,0.2462851719382,0.3206185625866,0.4272216839768,0.1785504626662,0.0888573911975,0.5609019906124,0.3561730030322,0.4520951789522,0.2793175359211,0.7555691437603,0.7110136466044,0.4366314320888,0.3181946456881,0.2031906829960,0.4624377240294,0.2508050024456,0.4068149247759,0.4807098013716,0.3861740495857,0.3805508908721,-0.0891904026355,0.6003591018054,0.4926948278511,-0.0815485833578,0.3183765014139,0.5758237398322,0.4748214413988,0.4850126606860,0.4241850844007,0.3234359605380,0.4329311918325,0.3347407530346,0.3568684256292,0.3123522534312,0.3180184389115,0.3921159201203,0.5287627028933,0.5083251458180,0.4960752902804,0.3475674773449,0.5636168108374,0.0973870419758,0.3410354654370,0.2665813020193,0.5020372782735,0.4897749567368,0.1967512849218,0.3590667663352,0.2377698340698,0.3553028103510,0.2105596487220,0.2215957496365,-0.0879643457791,-0.1930354274549,-0.1308556538997,-0.0018300289240,-0.0124721062239,0.2376778975489,-0.2589650045786,-0.4469202789910,0.1072036791846,0.0903584679021,0.1210551043910,0.0322785164034,0.3406557629680,-0.1322633990222,-0.3586385917178,0.0825491460008,0.2354044315739,-0.0174909799191,-0.2364684068419,0.0730003757899,0.2568086598871,-0.0799089141860,0.0876253716429,0.2222690183075,-0.4934617529518,-0.3363732195108,-0.2841913952122,0.2236807199000,-0.2739114329454,-0.5162404623109,0.3475829817775,0.3278585890430,-0.2429107574821,0.0761223724721,0.2460016627401,0.1448317823680,0.3054996213540,-0.1504957862352,-0.6244029359054,0.0918688180129,0.3582863226034,-0.0427434135702,-0.1902174049160,-0.0284742605310
0.6771735862212,0.5252621144403,1.0000000000000,0.6675084582054,0.7027737855541,0.7467699082618,0.6485031824223,0.5447518249146,0.3695754699072,0.4418694017935,0.3221892558969,0.2628849041285,0.4204129430231,0.6219553548142,0.4479799672982,0.4723477037864,0.2774578728023,0.3404830695598,0.3627234749686,0.3992301400488,0.2495233012614,0.1745373270455,0.0781980883879,0.4110708683973,0.1793856469875,0.2271168915095,0.3558937018678,0.0803250903716,-0.0469726012620,0.1917518780137,0.2731957258290,0.3020864914550,0.4513234839562,-0.0573691951281,0.3419276922518,0.3381409745347,0.1920934728832,0.3091340204393,0.1324939197089,0.0373329680629,0.1440425522928,0.3400667787211,0.2039594068245,0.1135981153704,0.3962121206362,-0.0581183503882,0.2289454947531,0.4576201529065,0.3677742261721,0.5095208497324,0.6772369334229,0.5937811171408,0.3789608454200,0.7951910392051,0.6508384681082,0.6007237797427,0.0647376206487,0.2978882875807,0.3626873339683,0.3179482410749,0.0963034605506,0.3707908474512,0.0278711955986,0.0147598065533,0.5604402164232,-0.1651984324968,0.1717102707680,0.3178307294175,0.5161097561842,0.1879568598455,-0.1726783834940,-0.0973541009345,0.3837098213907,0.1292142858117,-0.3545788663273,-0.2440636244003,0.0611087192146,0.0355476720461,-0.2677504491886,0.2272849082565,-0.3081379766399,-0.2010692096117,-0.3793110550942,-0.2377857604286,-0.2058116090956,-0.2936107071160,0.1105661784543,0.2820166559396,-0.4747677406362,-0.0207587913786,0.1265844264472,-0.2238320920764,-0.0624144818631,-0.0390525673857,-0.4005070253981,0.4294006324646,0.1878925011805,0.1967966065721,-0.0762563547421,-0.1429243065813
0.5911454008828,0.6399550773844,0.6675084582054,1.0000000000000,0.5724883298346,0.5550778839990,0.7936488777805,0.4345759950119,0.2936196306395,0.5782814813938,0.5738186145640,0.5228390061647,0.5309262115416,0.6861455101849,0.7821328929846,0.7785794504508,0.5588975538716,0.4707447382790,0.6289725311855,0.4185996229921,0.5647715933135,0.3296857440861,0.3918038460133,0.6266029216701,-0.0416189610502,0.5698977414832,0.5805888111556,-0.0776456214795,0.1939177360101,0.3148323586306,0.5835338369278,0.5480622320710,0.6491011115355,0.2474382967338,0.6029662631941,0.5701673727483,0.3228835575153,0.3041677944676,0.3187410000332,0.3178198382240,0.3974247943600,0.5081093187843,0.4934387363282,0.2042254128977,0.4030354804144,0.0938622371188,0.3210030999972,0.4581994689004,0.4338370877389,0.6198183594530,0.4699907815952,0.3401087414915,0.7183282680418,0.6166514383370,0.4812368727972,0.7303950133690,0.0111886283571,-0.0493442298010,0.1782040609676,0.1777255500979,-0.0078476426815,0.5248641616352,0.0175434760580,-0.1881471430846,0.3151686517066,0.1263973816238,0.3512196702079,0.3655460124802,0.6174326728743,0.1314185295799,-0.2560909774535,0.0535072042644,0.5090225692365,0.0074389001380,-0.3213175365767,-0.0441647620502,0.3001577486754,-0.0777303402186,-0.1427053729799,0.5052017281254,-0.3430948056927,-0.1957481915518,-0.5585602681451,0.0787305384568,-0.4218134747631,-0.4111985421284,0.2806936820662,0.5064495655950,-0.3916104016311,0.0225926990916,0.2855194264185,0.1145850429374,0.0843486861092,-0.1970657584957,-0.6000837579686,0.3027296357545,0.1507579093824,0.0211314311369,-0.2036437054701,-0.0555352947102
0.6251132376939,0.2462851719382,0.7027737855541,0.5724883298346,1.0000000000000,0.7940307067292,0.6139616200869,0.5761084450781,0.3836924826878,0.4415564689765,0.4092174452745,0.2772755862586,0.4812814262492,0.5378654602848,0.3940305949336,0.5111292613037,0.2704192014103,0.4312589320291,0.2355788165501,0.3238357668294,0.2450706186270,0.2483746174341,0.0928179333069,0.4910092848788,0.1136806332074,0.1226147289697,0.3692021220516,0.0988016190506,-0.0566069322074,0.1153286711484,0.3289070203776,0.2745631504093,0.4505987555510,-0.0085219939111,0.4055014632267,0.3748238783441,0.2574702202265,0.1458909845062,0.1869850688528,0.0580112217766,0.1576365552397,0.3598897821543,0.1480410689987,-0.1484841122087,0.2446409364083,0.0835862523512,0.2387464495967,0.5847642981197,0.5261704445481,0.5108962741811,0.9044676731029,0.2527373914953,0.3579702227557,0.6792890320348,0.8129356121233,0.6202845192187,0.2034942774836,0.3117745293216,0.4770592628110,0.2936496103587,0.1914312804649,0.4170803686865,0.1359588001878,0.1006275892421,0.3895541075745,-0.1723241111770,0.2297934686299,0.3475804722698,0.4894719683730,0.2309348614262,-0.1836449650454,-0.0136825749039,0.5404420677990,0.0621330214909,-0.4004564617462,-0.3839323795937,0.0523477819790,0.0392315972245,-0.3584242716134,0.3041719297424,-0.1916171920206,-0.2027867186264,-0.3870343027307,-0.2454038837190,-0.3484662776169,-0.0713787813587,0.1845717438025,0.4049477960597,-0.5127814415304,-0.0296057522606,0.2254662198746,-0.0764939556581,-0.2913296501597,0.0057416839207,-0.2590482246017,0.5335883223689,0.1753147645277,0.3482503659162,0.0838046361321,-0.1074112851420
0.5329223842458,0.3206185625866,0.7467699082618,0.5550778839990,0.7940307067292,1.0000000000000,0.7477295826608,0.5144947388169,0.4305515421175,0.5834081377076,0.4022255392567,0.4119264899733,0.4687551810225,0.5506389892296,0.5322479081945,0.5384850623951,0.3133006707090,0.4357406175153,0.3479783740278,0.3233674460116,0.2446917798723,0.3619417392679,0.2166606129815,0.5766472264613,0.1302187983931,0.2080408928543,0.4684288471043,0.1002171732645,-0.0837574856260,0.2105534293450,0.3962031333658,0.3672793850371,0.5414801834094,0.1002276578616,0.4481285449314,0.4191062468496,0.4016246537205,0.2796165842932,0.4248116971188,0.2424118757987,0.2265722385490,0.4788932385113,0.3369362910487,-0.0065079717017,0.3527440267889,0.1745358861051,0.3547421817382,0.8032213084886,0.5049864029905,0.6136233177098,0.7196031517802,0.2850809794740,0.2572060801395,0.8123114951846,0.8802145831328,0.5977562415802,0.1249943571529,0.2497998460017,0.4241743202191,0.3393152277546,0.2440893019504,0.4895802651955,0.0995131656594,-0.0091003712110,0.4264893967603,-0.0954900234653,0.2730411389423,0.3232124962256,0.5739595100660,0.1826083348847,-0.3287815076721,0.1267447315681,0.5389436072774,0.1279264828257,-0.4525538227799,-0.3919856831747,0.1618373605487,0.0206092458871,-0.3587188617116,0.3196206004168,-0.2529481274828,-0.2179249925214,-0.3506407771752,-0.0977198374997,-0.3706676935681,-0.1944415316622,0.2770288711520,0.4731424709425,-0.4879522700145,-0.0136512292615,0.4643625630624,0.0685748571720,-0.1866736262673,-0.0468274297725,-0.3395905002311,0.7127127871615,0.1172458835154,0.2736791561786,0.1345146897436,-0.1609300342772
0.4117092012971,0.4272216839768,0.6485031824223,0.7936488777805,0.6139616200869,0.7477295826608,1.0000000000000,0.4257334468267,0.4281287198959,0.5533688037846,0.5269046353312,0.4414565390941,0.5040528473641,0.5042462995181,0.7125316598727,0.7000634680592,0.4361732797820,0.3746591211427,0.5934069333356,0.4206467040160,0.4016677967259,0.2647649832112,0.3376913583086,0.6479084601128,0.1008484831370,0.4786246132875,0.5357646350922,-0.1243865213503,0.1209965600049,0.2384077572300,0.5567693940987,0.5413728897015,0.6525493463853,0.2418041479651,0.5936197511075,0.5674065390224,0.3484265051027,0.3573005429908,0.4455201841739,0.3511952069664,0.3615940545691,0.5025400199653,0.5030612747350,0.2722040968823,0.3809396908666,0.1422451749889,0.3442796969966,0.6121625847811,0.3813986624363,0.6128279307942,0.4862968714619,0.1789909019263,0.5186495331812,0.7069501586212,0.7076986653802,0.8192616247795,0.1036238389148,-0.0029461775808,0.2388282852945,0.3227739676039,0.0003028721151,0.4878621352994,0.0117020973780,-0.1123487132839,0.2994786084513,0.1739137390079,0.3018102864592,0.2881297154246,0.5807386926738,0.1809653256233,-0.3876215157086,0.0206779388312,0.5220821489711,0.1224572576714,-0.3569904154900,-0.1028387608104,0.2695826336692,-0.1220094776601,-0.1333247651458,0.4399029332151,-0.3281320241983,-0.1890488819422,-0.5167272966880,0.1352404127495,-0.3803253851604,-0.4140048310949,0.2447965598551,0.6183175821845,-0.3695998266864,0.0426670215169,0.4433304660113,0.1509405968192,0.1225342669263,-0.1775381791911,-0.5400335538943,0.4605536797899,0.0867040884473,0.0192994541491,-0.0834456011605,-0.1195675992229
0.4533692876883,0.1785504626662,0.5447518249146,0.4345759950119,0.5761084450781,0.5144947388169,0.4257334468267,1.0000000000000,0.5389853049683,0.3142515718710,0.3930340593649,0.1857502650719,0.5960103033703,0.4033456112206,0.3078169054864,0.5131766556345,0.4326394267949,0.7051939556956,0.2787101790815,0.5613047791332,0.2586926600509,0.1551278460409,0.0102231132060,0.5444201635918,0.2052268331693,0.0787270683028,0.3113989400140,0.0960222960321,-0.0768979510505,0.1316557956101,0.2775747645376,0.2267184305219,0.4706018054181,-0.1296870752241,0.2035018021716,0.1668219541710,0.1535202863258,0.4146356190937,0.1073716019098,0.0087021806140,0.1191472184539,0.2590732002303,0.0951323232953,-0.0689402941389,0.3359690077599,0.0841023182221,0.2052782217547,0.3173578307513,0.3003627011679,0.3492979601898,0.5145213397784,0.1726828889231,0.2040637109421,0.4814540876440,0.4790171480823,0.4107492034368,0.3783965226065,0.6420647913926,0.7234715471780,0.5171255765042,-0.0465382742958,0.4200736158990,0.0824835428515,0.2368765053717,0.3251672295028,-0.3106511745945,0.1896346665403,0.5304147337934,0.4380893405987,0.5551009144837,-0.0966683638272,-0.1139384864747,0.4758097020772,0.1736410906523,-0.4215737007510,-0.3357391162921,0.0799799492973,0.0280540944624,-0.2784876309328,0.3069014638092,-0.2543238185016,-0.1106299838689,-0.3520956995922,-0.4241006036640,-0.1120007229033,-0.1214334505083,0.0486088538538,0.1732433109644,-0.5358415991028,0.1781871089181,0.1661077456724,-0.1227052053924,-0.2631669786060,0.0571117057208,-0.2364841441449,0.3440915056348,0.0765365363661,0.1479832665524,-0.0238706744334,-0.2552996436124
0.1834385275381,0.0888573911975,0.3695754699072,0.2936196306395,0.3836924826878,0.4305515421175,0.4281287198959,0.5389853049683,1.0000000000000,0.3163905532849,0.3295937721162,0.2158216026855,0.4982177848760,0.2199685732854,0.3153152896216,0.4281545830719,0.4168640400565,0.3263364548166,0.5462069831098,0.6659682226203,0.2036486307710,0.1193811315854,0.0445416480733,0.4561765826894,0.5808687493384,0.1758603332559,0.3166378485834,0.0687597927687,0.0412413671018,0.1288024150643,0.2481791847696,0.2080810252966,0.4040458563256,0.0945833657471,0.1657966979954,0.4803604027593,0.0248025587823,0.3102198043247,0.0647513075324,0.0953282893062,0.1626899699608,0.2091607026125,0.1344783095322,0.1623620356248,0.1889645231194,0.0894903291084,0.1524865608465,0.2935625167241,0.2103083699774,0.2874524701329,0.3144485420487,-0.0184398755320,0.1410555307071,0.3673529064105,0.4359991984225,0.4178288298757,0.2627317650148,0.2948936104592,0.3986822855063,0.8747968544635,0.0148807249281,0.2892903441905,0.0659353656002,0.1841538587163,0.1696894902371,-0.1600551252419,0.3166360103367,0.3728172163830,0.5217299762995,0.4969210493265,-0.1880131474943,-0.0567530424791,0.3705945637264,0.6411908381560,-0.2261106603653,-0.1194606174539,0.0791500309451,-0.0604977079028,-0.1764562949501,0.2920886827525,-0.2101876329667,-0.0481071489503,-0.3210444685231,-0.0049084294543,-0.1509107511947,-0.1955996858731,-0.0973057228432,0.2379772443113,-0.3449497988455,0.0725066711323,0.0937977549654,-0.0828869837818,0.0282887836545,-0.1098896447940,-0.2895102530163,0.2178537805622,0.0244743622373,-0.0351504166146,-0.0771924800703,-0.2667132202078
0.3712038021160,0.5609019906124,0.4418694017935,0.5782814813938,0.4415564689765,0.5834081377076,0.5533688037846,0.3142515718710,0.3163905532849,1.0000000000000,0.6761166391860,0.8448534143147,0.6430584765744,0.6968088933535,0.8179121079900,0.4967609648922,0.5274542861840,0.3544244256773,0.4079826467372,0.2014640287273,0.7025708450036,0.7842933902942,0.7107194915290,0.6608887697203,-0.0971433299183,0.5850689143820,0.7374631515422,-0.0629240070846,0.2836018604804,0.5096452939046,0.5707340968619,0.6125917672181,0.7169798133136,0.4835054279911,0.5400401052044,0.4038526732468,0.5717169524763,0.2056582262145,0.3987298064489,0.5997506630080,0.6375634546638,0.7771369113107,0.5336990519217,0.1211960269452,0.4252140509264,0.4233136581065,0.5858009715116,0.5355815882958,0.6338209207586,0.8160373737084,0.2850065819066,0.0663106098138,0.1810440674006,0.4316733751370,0.4591445680331,0.2658676771331,0.1193511509689,-0.1116369935923,0.0933548181820,0.1544542785042,0.4124991782982,0.6120315140113,0.1376882425903,-0.2070826317236,0.1167080614232,0.0937494334789,0.1259071838042,0.1936919985120,0.4259183066080,-0.0805749514990,-0.2621157042910,0.4743235022210,0.5523373032628,0.1502216574913,-0.3418320697772,-0.2405480433781,0.3811862509154,-0.0986924878071,-0.0416297599161,0.3056796844866,-0.4270338945041,-0.2316473733232,-0.3895767343595,0.1397146087776,-0.5428410335827,-0.4124233200183,0.4857771382491,0.3955932182648,-0.3339536764903,-0.1252672561690,0.3492961527530,0.3255532073338,0.0304331602699,-0.1734011332142,-0.6318064369069,0.3205948768496,0.2849712428422,0.1982266811225,0.1358813778517,0.0989213192536
0.1929429325022,0.3561730030322,0.3221892558969,0.5738186145640,0.4092174452745,0.4022255392567,0.5269046353312,0.3930340593649,0.3295937721162,0.6761166391860,1.0000000000000,0.7145644350634,0.7108155295808,0.4611902742008,0.6809599768963,0.6333605518572,0.6616755138618,0.5111005639098,0.4395845449038,0.2879698230211,0.7123962928486,0.5026672648301,0.6885533214977,0.7029232409403,-0.1504850501025,0.5382293144907,0.7303836928214,-0.2783747739963,0.2912388503209,0.2842786582340,0.6449658127869,0.5900097340538,0.7209780750719,0.3145357696466,0.5469057309423,0.4672688242014,0.5042892047544,0.2008863318257,0.3868439709715,0.4607681959977,0.5425876564231,0.5553491359998,0.4984053283653,0.0826151958249,0.3389266569707,0.3163298123468,0.3992416673037,0.3906317176851,0.5174893336877,0.5777956583373,0.2126710490644,-0.1756750911486,0.3310047206235,0.3086498837403,0.4136680195038,0.3873548379159,0.2127628569846,-0.0441624938416,0.1853799549007,0.0948907796281,0.0894238655855,0.7654231847352,0.2626506056382,0.0050033640908,-0.0409286070078,0.2384825563884,0.2103726523265,0.3937382514564,0.3386159226122,0.1042635696840,-0.0811951568801,0.2386082114079,0.6326950469222,0.0945499122048,-0.1379404517258,-0.1556561027743,0.4474936946439,-0.2212912241345,-0.0217613213362,0.5077778304852,-0.3503877486706,-0.0119799268422,-0.4584157732778,0.1629492654836,-0.3559508226194,-0.4406168989355,0.3899475253059,0.4641157197045,-0.1588868418490,0.0575070387132,0.3488303164418,0.1971010418599,0.0184696228107,-0.2252413661708,-0.5696378139098,0.2229000427338,0.1530199228927,-0.0077512141122,-0.0365732672094,0.1444328383377
0.3073213248224,0.4520951789522,0.2628849041285,0.5228390061647,0.2772755862586,0.4119264899733,0.4414565390941,0.1857502650719,0.2158216026855,0.8448534143147,0.7145644350634,1.0000000000000,0.6251013288593,0.5428641793171,0.7579162318954,0.4656258938876,0.5982039782005,0.4052249007505,0.3606141980663,0.1135813105090,0.7519705524259,0.6935765290467,0.8321578741162,0.6676515530567,-0.2587283366514,0.6410927236441,0.7169463133421,-0.1167650757005,0.3114310574378,0.4109858821317,0.5822140962926,0.5898282208233,0.6503163240060,0.4221543941856,0.5107902784625,0.3413113655919,0.5321709291955,0.1147605160576,0.3683866833414,0.5344066965476,0.5361513954909,0.6660406994511,0.5106208146233,0.0693872332944,0.3556599340854,0.3120523209277,0.4487548386908,0.3981924677080,0.4786706892390,0.6709329847790,0.1234821448505,0.0085145844457,0.2110623859120,0.3190664067167,0.2823053162488,0.2328591880499,0.1379883745825,-0.1782509109987,0.0638901571352,0.0345116422917,0.3714685013345,0.6778990293222,0.3467496244813,-0.1356278014860,0.0765262162940,0.1478896270232,0.1092670109657,0.2616056626973,0.3530439561689,-0.1118823292318,-0.0803773719023,0.5975064501398,0.5642538828864,0.1189832543183,-0.2099376751331,-0.0888028839666,0.4458756869538,-0.1389848239446,0.0294813043349,0.3827414124185,-0.2716221689921,-0.0916909352929,-0.3508559614789,0.1682157918054,-0.5003531211574,-0.3830866600758,0.4585673258725,0.3536198107602,-0.2206378622279,-0.1049833364190,0.3027591123163,0.3122461214688,0.0158943053813,-0.2160350933091,-0.5652270959106,0.2132046792128,0.1910877993372,0.0429901639687,0.0286834086405,0.1861105274569
0.3952759408518,0.2793175359211,0.4204129430231,0.5309262115416,0.4812814262492,0.4687551810225,0.5040528473641,0.5960103033703,0.4982177848760,0.6430584765744,0.7108155295808,0.6251013288593,1.0000000000000,0.4686059855644,0.5741408058616,0.5579031989349,0.6362360127517,0.5912376046583,0.3315107802582,0.4026789651666,0.6197753962376,0.4277031050140,0.4357953573698,0.6641357316901,0.0450136732613,0.4590977103707,0.5887035651872,0.0517753772899,0.2337887866888,0.3015365523774,0.5113753963786,0.5418574310717,0.7465467347931,0.2199469707462,0.4123285976351,0.3172000288061,0.3792454850094,0.3325776700163,0.2900232534934,0.2674338721455,0.4019584002876,0.4366888636383,0.3265566032305,0.1105214550277,0.3738166601034,0.1593866407126,0.4241645120547,0.3944930628603,0.4367529506590,0.5352601176757,0.3573647807899,0.0022117741530,0.2690438721718,0.4294113715678,0.4097311089397,0.4063010743984,0.3560873991839,0.2225762575893,0.4053651745243,0.3527619697186,0.1135567167665,0.6799980475600,0.3286924167119,0.3405335370176,0.1232417733733,-0.0771547953901,0.1305311980179,0.4998450261775,0.4260626657908,0.2861165333990,-0.1075833982916,0.1036656143328,0.5961977353829,0.2279473404088,-0.3495852176141,-0.1882097642504,0.2367821621540,0.0373850061648,-0.1125022764219,0.4138571655177,-0.2717419608845,0.0149647889688,-0.5112261595466,-0.1495020743264,-0.2384966319824,-0.2564017488075,0.2520129312894,0.3368380882492,-0.4336237278385,0.0995494043134,0.2644161397889,0.0196371405451,-0.0264323971131,-0.1090332136784,-0.4547260770966,0.3047442881617,0.1601586379180,0.1165811633337,-0.1178875008923,-0.0653499038758
0.6250322789488,0.7555691437603,0.6219553548142,0.6861455101849,0.5378654602848,0.5506389892296,0.5042462995181,0.4033456112206,0.2199685732854,0.6968088933535,0.4611902742008,0.5428641793171,0.4686059855644,1.0000000000000,0.7310880275272,0.5865598167616,0.3778840247099,0.4295409137709,0.4225721962187,0.2867873862272,0.5021296243324,0.6082160876154,0.4003772750125,0.5246071644923,-0.0513659954850,0.4886111316401,0.5649102292003,0.0686365334448,0.2486271635428,0.6165626312501,0.5161944120031,0.4998145383060,0.5553405429714,0.2718380207854,0.5307677866674,0.4042992676924,0.4534954819711,0.2817405170685,0.3799933087417,0.4020208713607,0.5902612223213,0.6621451161221,0.4680053187823,0.1006161697840,0.5459928467002,0.2066495534523,0.4962528936181,0.4544031238988,0.6859102589330,0.7167291734629,0.4472113223758,0.3136580082364,0.2660594803221,0.4919401742015,0.3991708705683,0.2854424899054,-0.0256433507283,0.0248906233156,0.1787825859902,0.1048259972904,0.1068548948979,0.4096628652821,-0.1408163832366,-0.3192449061093,0.2265294841411,-0.0306447971384,0.2315788933313,0.2146518370008,0.5192288872319,-0.0180690377704,-0.3097051222178,0.1406320121729,0.4158482057687,-0.0338300280565,-0.3533083031330,-0.2645222007495,0.1981792379789,0.0277885684961,-0.0913685135080,0.3550847571417,-0.5334076078164,-0.3866480913776,-0.3496519391353,0.0413882269721,-0.4189101746379,-0.3766934734685,0.4139185759067,0.3903994971325,-0.4146517991934,-0.0200208169843,0.3247639231256,0.1616355491607,-0.0090605469416,-0.0764718401909,-0.6031377816660,0.3161493950518,0.4083871814797,0.2033348565246,-0.0014404519003,-0.0229498044838
0.3372936880726,0.7110136466044,0.4479799672982,0.7821328929846,0.3940305949336,0.5322479081945,0.7125316598727,0.3078169054864,0.3153152896216,0.8179121079900,0.6809599768963,0.7579162318954,0.5741408058616,0.7310880275272,1.0000000000000,0.6960311593197,0.6152618803138,0.4041719388689,0.6616757280725,0.3408409446304,0.6929160654017,0.6298019763483,0.6901058277848,0.7128839206737,-0.1078256097059,0.7465936467671,0.7803575900554,-0.1744846224417,0.3302335400011,0.5537599606776,0.7260885932149,0.7252132175252,0.7618039187891,0.5462539935324,0.6344996598945,0.5624928947783,0.5533713152810,0.3329668949306,0.5168603872548,0.6686251375463,0.6653514994303,0.7222704379088,0.7316733570544,0.2939383713833,0.5056214450766,0.3438324219853,0.5262765016335,0.5379141141683,0.6053386828423,0.7475784650580,0.2121998285278,0.0458416120464,0.3579836390138,0.4680658512123,0.4117057600126,0.4402518857044,-0.0132767056820,-0.2418813193172,0.0091252730497,0.1719028012928,0.0386834792173,0.5687020551390,-0.0631829005146,-0.3881300722303,0.0792210695037,0.2476610325963,0.3033843393299,0.2154539468223,0.5804370018890,-0.0339317808247,-0.4280702903740,0.2835414991108,0.5256220149042,0.0981812752380,-0.3504061180270,-0.0502276480612,0.4677076976952,-0.1868145578316,-0.0145950224064,0.4475979692323,-0.4572892588435,-0.2743075759162,-0.4931808937940,0.3345442611052,-0.5468387478181,-0.5444783644870,0.4730098933516,0.5537583194050,-0.3024387990730,-0.0008428775869,0.4561434792920,0.4030764729426,0.2071729710264,-0.2496039984968,-0.7385309071703,0.2733166713781,0.1895778796382,-0.0526432234400,-0.1224149863741,-0.0247870857968
0.3629274195161,0.4366314320888,0.4723477037864,0.7785794504508,0.5111292613037,0.5384850623951,0.7000634680592,0.5131766556345,0.4281545830719,0.4967609648922,0.6333605518572,0.4656258938876,0.5579031989349,0.5865598167616,0.6960311593197,1.0000000000000,0.6515770726365,0.6295904945567,0.7053236441869,0.5872409949564,0.5793127775958,0.3997453559682,0.4026881375612,0.7680878557635,0.0526840773588,0.5635876927253,0.6622228540759,-0.0300308086583,0.2860951905243,0.4008791980377,0.8097160938055,0.6122744526435,0.6686220392785,0.2649999678157,0.7115564191755,0.7718131072039,0.4220469129067,0.4795606754413,0.4729391530719,0.3499969073481,0.4745205519513,0.5152256207734,0.5744257965074,0.1669381774888,0.4788584683861,0.1541636858888,0.3697837751260,0.5578281107451,0.5305644923796,0.5452598157974,0.3715862415751,-0.0116035636125,0.5476173110130,0.4389391478946,0.4965760096540,0.6227174010608,0.0777931380726,-0.0369580120129,0.2730299079333,0.2824737906124,-0.1391131699799,0.4953564596596,-0.0858114670156,-0.1972269866587,0.0530615412027,0.1153756273249,0.6350010165853,0.4007878776044,0.7132984946757,0.2725726468915,-0.3309681909957,0.0447536614225,0.6060424434634,0.0916216155957,-0.2660595202853,-0.0770214192530,0.3598672737676,-0.0680265777824,-0.0847219102525,0.7339555970988,-0.3421679831074,-0.2225694779928,-0.5192515254915,0.1877893812332,-0.3598299802488,-0.3865754486909,0.2883039485382,0.6589945422364,-0.3311445407572,0.2024744533493,0.4417365476447,0.1314680594312,0.0425382014689,-0.1442055392615,-0.5878321651853,0.4015745815035,0.1610492730153,-0.0264453691558,-0.1902911335428,-0.1326548534635
0.1761543486318,0.3181946456881,0.2774578728023,0.5588975538716,0.2704192014103,0.3133006707090,0.4361732797820,0.4326394267949,0.4168640400565,0.5274542861840,0.6616755138618,0.5982039782005,0.6362360127517,0.3778840247099,0.6152618803138,0.6515770726365,1.0000000000000,0.6521668441654,0.5250343219574,0.4855428806724,0.6926645197564,0.3965608035135,0.4813517116418,0.6486675640546,0.0385824053569,0.6053754107736,0.6591803668630,-0.1225419821595,0.1801615046503,0.2533247874846,0.6639227314856,0.5603957017756,0.6533779720418,0.2057220665539,0.4180780679728,0.4796871310043,0.3457784525782,0.3993795391005,0.2044778228600,0.2818504136137,0.3632524022943,0.3726369998680,0.3812045305452,0.2117837728133,0.3294211948120,0.1172010104190,0.2871088794765,0.2414445130056,0.3161323833603,0.3924172023114,0.1226616826731,-0.1151160677855,0.3833859073783,0.2491987135318,0.2281748587810,0.3561902202077,0.1976266242029,0.0518159557660,0.2759361083891,0.2975210259343,0.0403974684530,0.6007270267944,0.2281501366145,0.0011128465089,0.0221142404390,-0.0064651029613,0.3347882478780,0.6685153325830,0.4244550496684,0.3388045358904,-0.0462581721583,0.2144636461676,0.5880278961016,0.2351353945955,-0.1593663027952,0.0353323151989,0.4251489145930,-0.1223008477249,-0.0543300180539,0.6580163289425,-0.1623645974483,0.0219632313609,-0.4123658821105,0.0417682762430,-0.2960971798560,-0.3484245281092,0.2437844114654,0.3154080250979,-0.3089701825159,0.1367005820022,0.2077360960640,0.0562274080966,0.0796352299151,-0.1930021778247,-0.5438452326931,0.1026512502648,0.1113529598834,-0.0982151660969,-0.2274824163589,-0.1588872792666
0.4192168219966,0.2031906829960,0.3404830695598,0.4707447382790,0.4312589320291,0.4357406175153,0.3746591211427,0.7051939556956,0.3263364548166,0.3544244256773,0.5111005639098,0.4052249007505,0.5912376046583,0.4295409137709,0.4041719388689,0.6295904945567,0.6521668441654,1.0000000000000,0.2431515312150,0.4011999394134,0.4551860574755,0.2948431998703,0.2289016105007,0.6651618661870,-0.0516922194840,0.2606414319145,0.4581178917683,-0.0148956822336,-0.0439938112175,0.1717127522105,0.5347411114256,0.3709815811665,0.5006121744796,-0.0892371129560,0.3746023271433,0.2284729009398,0.3925250342798,0.3642725468213,0.3245752829007,0.0775709525982,0.1874919884434,0.3394921177291,0.1854158495447,-0.1461515572109,0.2454429396149,0.0914037429176,0.2640178601855,0.3441223912232,0.2726972531816,0.3874740984284,0.3443265830550,0.0725979491143,0.3000915006366,0.3624899047056,0.3266064395497,0.3394082266077,0.3501022911123,0.4616884138518,0.7094241396943,0.2177453747997,0.0415588627018,0.5770648653660,0.2269586216825,0.1765290562942,0.1755809224081,-0.1928239977432,0.2723368595512,0.7272998288198,0.3861572349343,0.5266804568396,0.0544147984798,0.1023908757116,0.6488378831977,-0.0238184733926,-0.2626623555040,-0.2580197828395,0.2976706954385,-0.0036272242850,-0.2652785638324,0.6785187421018,-0.1464473001154,-0.0249164916970,-0.3215561990155,-0.2928522903238,-0.1844551913542,-0.1368871548965,0.3007267573669,0.2627500375952,-0.3986378225280,0.1817122911857,0.3423219215059,-0.0124811899165,-0.3197083264320,-0.0474601225510,-0.2836678344501,0.3627972165163,0.0471536218296,0.1284234678641,0.0217425536417,-0.0782485408440
0.1423371359091,0.4624377240294,0.3627234749686,0.6289725311855,0.2355788165501,0.3479783740278,0.5934069333356,0.2787101790815,0.5462069831098,0.4079826467372,0.4395845449038,0.3606141980663,0.3315107802582,0.4225721962187,0.6616757280725,0.7053236441869,0.5250343219574,0.2431515312150,1.0000000000000,0.6279985650867,0.4200630654068,0.2902173381625,0.3337269160902,0.5375004722417,0.2319493773866,0.5494252018538,0.5428216668890,-0.1106917786230,0.3246790551643,0.4092874829257,0.5952052651178,0.4866667720279,0.5379602991181,0.3805262835563,0.4554708328070,0.7480515680783,0.2814479420494,0.4144179972768,0.3180610642829,0.3988216173402,0.4518832053290,0.4141968235370,0.5627450314091,0.3704341866884,0.4071897855639,0.1690810893483,0.2885148468706,0.3667135580720,0.4083386056812,0.3808783130716,0.1328114310548,-0.0450654196216,0.4058403573011,0.3062793748962,0.2956881476276,0.4594597883047,-0.1304946134510,-0.2025728149381,-0.0657600740183,0.4784634896240,-0.1937680294511,0.2989933028106,-0.1863674283293,-0.3345996392204,-0.0044134406797,0.1582023904458,0.5357722244059,0.2201852700745,0.6861373488047,0.1846569475498,-0.4382492881069,0.0092466479927,0.3343248401191,0.3104003325631,-0.1872735402528,0.0678222789961,0.2989339356332,-0.1559978572487,0.0440070048347,0.4465004277945,-0.3765161468147,-0.2465834130021,-0.4279926711261,0.4100925478667,-0.3679454074680,-0.4805909807692,0.1942732956538,0.4744175542044,-0.2236721961727,0.0983370531752,0.2798508360387,0.1767258629310,0.2836870386388,-0.1779103116380,-0.6080736427962,0.1581659890020,0.1620507619189,-0.1720134704211,-0.2907992068955,-0.2595212457581
0.2148068646702,0.2508050024456,0.3992301400488,0.4185996229921,0.3238357668294,0.3233674460116,0.4206467040160,0.5613047791332,0.6659682226203,0.2014640287273,0.2879698230211,0.1135813105090,0.4026789651666,0.2867873862272,0.3408409446304,0.5872409949564,0.4855428806724,0.4011999394134,0.6279985650867,1.0000000000000,0.2865126191464,0.1192089647087,-0.0011876358950,0.4317777664097,0.6408360722470,0.3127216791238,0.4029259810156,0.2195344135430,0.1166852700029,0.2766023226858,0.4419279402368,0.3054139620519,0.4482101040135,0.0750894833146,0.2379144930723,0.4866017289477,0.1174511126720,0.7329589495567,0.0893649112741,0.0618589317263,0.1794234787183,0.1548390710631,0.2265662766754,0.3741552039435,0.5142024463401,0.0623150539004,0.1981568981947,0.1818984797955,0.2222832926589,0.1923164230290,0.2639862549416,-0.0223290126834,0.2141487452141,0.3125485695215,0.3023168636896,0.4065024974971,0.1299188516853,0.2439395100953,0.2392390923544,0.6728322914009,-0.2204616735988,0.2203619451636,-0.0929313419490,-0.0454983916304,0.0685877781198,-0.2117999954621,0.4574044342467,0.3983907324003,0.5621584241067,0.6488459937348,-0.2314618184534,-0.2228235086442,0.3429542152190,0.5581525743458,-0.2553192567478,-0.0034205271016,0.2180138359900,0.1575749602285,-0.1445412619541,0.4126178640321,-0.2651736824239,-0.0535255019236,-0.4173284746496,-0.0060715359119,0.0103044073879,-0.1466178660119,-0.0055955347825,0.2601457980469,-0.3976233876026,0.4576089361523,0.0885653867750,-0.0961839281416,0.2267581306609,0.1304934842796,-0.3366734424100,0.1227910988261,0.0709448763353,0.0394332662952,-0.3206495448359,-0.3639746748782
0.2240940126265,0.4068149247759,0.2495233012614,0.5647715933135,0.2450706186270,0.2446917798723,0.4016677967259,0.2586926600509,0.2036486307710,0.7025708450036,0.7123962928486,0.7519705524259,0.6197753962376,0.5021296243324,0.6929160654017,0.5793127775958,0.6926645197564,0.4551860574755,0.4200630654068,0.2865126191464,1.0000000000000,0.5531655350341,0.7266197070631,0.7227946659784,-0.1905472811971,0.7158842590857,0.7389838842589,-0.0632285544181,0.4110317012934,0.4047809535388,0.6730753574300,0.5969337691718,0.6105381192184,0.2707141991774,0.5790496940090,0.4153126545234,0.5244041755513,0.3100595414683,0.2563523751869,0.3459134618283,0.5013742240992,0.5467006433638,0.5065853606992,0.1563033389040,0.3758599644188,0.2319940688336,0.3566080853519,0.2382576278818,0.4204621466712,0.5823833150903,0.0676522976628,-0.1035172398225,0.2831728648762,0.2567688512045,0.1772087072672,0.3004429580407,0.1390563131315,-0.1585176973002,0.1006483072104,0.0515997179392,0.1431294498363,0.6202856124074,0.2067126927942,-0.1325612672819,-0.1001880364321,0.1840350670686,0.2305381280811,0.3375914160063,0.4002478398714,0.0889234700506,0.0809721566032,0.3403948411670,0.6088732273319,0.1268928018367,-0.0532656640221,0.0522566390561,0.4933230737265,-0.0400369562182,0.0580490616660,0.5367390939892,-0.1821369230010,0.0001220972046,-0.4717449975656,0.1229907560924,-0.3313528839649,-0.3529242245989,0.4410694229637,0.3789502329578,-0.0997289237840,0.0865963094702,0.1855796209411,0.1102436290317,0.1034906443652,-0.1185206214645,-0.5725550652337,0.1056525097559,0.1113506135072,0.0205791042543,-0.1021467981818,0.2783849660418
0.1645322926325,0.4807098013716,0.1745373270455,0.3296857440861,0.2483746174341,0.3619417392679,0.2647649832112,0.1551278460409,0.1193811315854,0.7842933902942,0.5026672648301,0.6935765290467,0.4277031050140,0.6082160876154,0.6298019763483,0.3997453559682,0.3965608035135,0.2948431998703,0.2902173381625,0.1192089647087,0.5531655350341,1.0000000000000,0.6526629241062,0.4972184983797,-0.1534335723931,0.4990505267815,0.6089008658894,0.1064504010671,0.4125824130055,0.6424513012067,0.5355944732608,0.4876356422048,0.5063274335910,0.4820661897092,0.4635339063321,0.3248426820737,0.5613485730842,0.2370955957156,0.3869449080165,0.5785645234072,0.7054734328168,0.6236773234862,0.4487283825769,0.1011473366389,0.4426805863934,0.4677739465856,0.6211975969830,0.3633274706588,0.7186540366240,0.5430549833145,0.1061289549824,-0.1280133517575,-0.0480122014232,0.1132611495013,0.2405896966897,-0.0196623531829,0.0625698008897,-0.1791450898753,0.0030296448157,-0.0190317076890,0.3294737010639,0.4259231736438,-0.0171854214431,-0.3395994599282,-0.1184979015105,-0.0039464223071,0.1668733707435,0.0714230868459,0.2780787893364,-0.1594654272275,-0.2555831296096,0.5594937042037,0.3746019041028,0.0403589515532,-0.1778734774304,-0.1870575833600,0.3155088996681,0.0802677599775,0.1443955829847,0.2854464740156,-0.4286006802937,-0.2207458529841,-0.0909050228771,0.2099603138958,-0.3620048845030,-0.1936614915093,0.4977778435273,0.3268596497175,-0.2122171252501,0.0099090566489,0.3175568043010,0.3963369789974,0.0764102440829,0.0328423337843,-0.4664925705658,0.1736385082918,0.4942788701814,0.2490135309321,0.1088216956816,0.0354196743709
0.0969022707519,0.3861740495857,0.0781980883879,0.3918038460133,0.0928179333069,0.2166606129815,0.3376913583086,0.0102231132060,0.0445416480733,0.7107194915290,0.6885533214977,0.8321578741162,0.4357953573698,0.4003772750125,0.6901058277848,0.4026881375612,0.4813517116418,0.2289016105007,0.3337269160902,-0.0011876358950,0.7266197070631,0.6526629241062,1.0000000000000,0.5798232865035,-0.3730554082286,0.6595053315253,0.7340472092546,-0.3268821678465,0.3625674854681,0.3548353001332,0.5751289684745,0.6329769960890,0.5634812558609,0.5905814140989,0.5190928002845,0.3336078085392,0.5616270474970,0.0937883991129,0.4133473425379,0.6775957603283,0.5999194042281,0.6455705308443,0.5989039702362,0.1290135414292,0.2645390628957,0.4708541463310,0.5071416554911,0.2835518085926,0.4112541559557,0.5426157719906,-0.1040889523544,-0.1861742881333,0.1256194014996,0.1165308937345,0.1457914914913,0.1067454427657,0.0182148111964,-0.3810876366792,-0.1363916128958,-0.1197431499525,0.1630289464539,0.5531114853496,0.1778641285613,-0.3056348230053,-0.1946981937420,0.3671925535180,0.1006282133829,0.0396534785110,0.1834728282759,-0.2117479032429,-0.1241145145180,0.5938644797799,0.4515872297106,-0.0138747798683,-0.0184511934590,-0.0270265347069,0.5954962987636,-0.2537148423939,0.1490242249962,0.3057871712092,-0.2761017820328,-0.0549138328737,-0.3148297613590,0.3795738173426,-0.4544301252916,-0.3898483762964,0.5038009962255,0.3687384490340,0.0816095608311,-0.1030441169669,0.3083970125266,0.4313286312310,0.1388709572540,-0.2502658646199,-0.5836172122649,0.0625155083986,0.0980435227250,-0.1379690150451,0.0354878766751,0.2812623403333
0.3361725061388,0.3805508908721,0.4110708683973,0.6266029216701,0.4910092848788,0.5766472264613,0.6479084601128,0.5444201635918,0.4561765826894,0.6608887697203,0.7029232409403,0.6676515530567,0.6641357316901,0.5246071644923,0.7128839206737,0.7680878557635,0.6486675640546,0.6651618661870,0.5375004722417,0.4317777664097,0.7227946659784,0.4972184983797,0.5798232865035,1.0000000000000,-0.1095262076060,0.5691041398630,0.7724421929209,-0.0397691921780,0.2459044573901,0.3555521875626,0.7577968825989,0.5619058010837,0.6602006426103,0.2540613097135,0.6900039980291,0.5535737616433,0.5815125030378,0.3976187817175,0.4957992315130,0.4074796234647,0.4702874505260,0.6147714780784,0.5457065403304,0.0352914397006,0.3897441808487,0.2987750766454,0.3779070270787,0.5906521557826,0.5300052816215,0.6304621255897,0.3346262399508,-0.0235543013785,0.3192164006017,0.4791973653717,0.5213694776278,0.5085414713151,0.2434195873233,0.0156436998198,0.3807411615642,0.2836748928814,0.0594448188737,0.6380945432656,0.1143940857840,-0.0632500884889,0.0499984382439,0.1269787476839,0.3683141538803,0.4172650915814,0.6142909107491,0.2442969068292,-0.1834151364153,0.2596435202407,0.8051890249232,0.1272498331448,-0.3208854034080,-0.1354672316906,0.5170604656223,-0.0901205164620,-0.1141223403253,0.6405919074193,-0.2944096043918,-0.1825315563471,-0.5162692093560,0.0657274334324,-0.4756921119741,-0.3819291866402,0.4454449931487,0.6137277405808,-0.2981963969365,0.1166969945287,0.4701599109436,0.2127658208956,-0.0847390695799,-0.1269871536150,-0.5656654221237,0.4789659089863,0.0913096154000,0.0386161720443,-0.0094326305363,0.0807666122543
