1.0000000000000,0.5241685268457,0.4339797122193,0.5359383892765,0.8228625328247,0.1330482542179,0.6054255097054,0.1366159978934,0.1189494473737,0.1748763357554,0.0505054992049,0.1400046939616,0.2659620164011,0.5741225512658,0.4822655125406,0.1109341173217,0.1287469205609,0.0876025729098,0.0820171842508,-0.1576779689082,-0.0522043925544,0.0691892293447,-0.1204107075257,0.1484709569491,-0.0594210279157,-0.1898403091367,-0.0743711733514,0.0931473256293,0.3159976301079,0.2179956397079,0.0971179058220,-0.0388771499022,-0.0988988094014,0.0202050435436,-0.0623679352268,0.0473420657961,-0.0787677681103,-0.2575075741065,-0.1452462518804,0.0795793668399,0.4289899637328,0.3001960094972,0.0289608846860,0.0051339248850,-0.1025133551436,-0.0764435889072,0.2754249254993,-0.0322899001995,0.0843155772456,0.1965911174328,0.8915042920286,0.4163342340314,0.4702535363585,0.2144878786513,0.4119674896623,0.6535526897911,-0.0731384898858,0.0722033187381,0.2021575373871,0.1945208208564,0.2199378192320,0.1815021026035,0.0753860813697,0.0430388105323,0.4900525794298,-0.0792837706917,0.2067442685476,0.0528450521857,0.0625958442868,-0.0794992773314,-0.1967813668814,-0.0570476666709,-0.1389876042165,-0.1193336877822,-0.2320979988312,-0.3321388988471,-0.2989990023675,0.0330335449016,0.3272847523387,0.1104434270804,-0.2503256363930,-0.2392065872700,0.2354484142528,-0.0414395491706,-0.3153665316602,-0.2231090144485,-0.3023151573745,0.1690921584793,-0.2008213376716,-0.2959900511871,-0.2493152204148,-0.2100772729749,-0.1368531538857,-0.1691791637387,-0.1125279912927,-0.0491621626504,0.4464586378562,0.4014194043552,0.3760633512124,0.0940765640130
0.5241685268457,1.0000000000000,0.3752368230352,0.5776193457365,0.3833184176836,0.0983424694250,0.4825757777626,-0.0296750494383,-0.1065443483448,-0.0755757456664,-0.1769726059421,-0.1337351422813,-0.0493306280814,0.5081916170509,0.4854270085126,0.1303009189332,0.0198022885155,-0.0060336495052,-0.2214209416886,-0.3368778155546,-0.0925601192141,0.0636818676562,-0.2078006045574,0.0613572687225,-0.2120548480978,-0.1059088919303,-0.3375934207142,0.0842911072551,0.5208029764461,0.6137169326976,0.2699908058495,-0.1125538303650,-0.2052069256069,-0.2335135421806,0.0553367466797,-0.1107849282722,-0.0909913289354,-0.2648666182891,0.0730362907919,-0.0359147627847,0.1640213967263,0.1232900077626,0.0059815362123,0.0112539195551,-0.0389347343921,-0.1996432083062,0.0523638151341,-0.0962860353497,0.0625767992423,0.0700667555531,0.5706922553159,0.8398561674599,0.6769159979213,0.1701413640940,0.4298215973950,0.5111681957351,-0.3057078246361,-0.2466863946620,0.1241420204613,-0.0876449867720,0.0418077072759,0.0290107938868,-0.1543785341569,-0.2564574787043,0.7195696848087,0.2066069866329,-0.0187850350297,-0.1297760459554,-0.1273096674817,-0.3739839363660,-0.1663651132539,-0.0489685116583,-0.1410690214555,-0.2459223681338,-0.2991920482622,-0.1482802958668,-0.5395567875816,-0.0926673992345,0.5701294311270,0.1352225575257,-0.2918340255370,-0.4677586218342,0.4793372936587,-0.0313430001584,-0.2042496887230,-0.3020216986693,-0.1346841687351,0.1717370689412,-0.0948215903315,-0.2859052663687,0.0173731024445,-0.3330907244548,0.0362941013871,-0.2750230791421,-0.2334806467148,0.0023398617358,0.5346139575294,0.2077109057166,0.3503911666432,0.0402511105083
0.4339797122193,0.3752368230352,1.0000000000000,0.5393120371190,0.4623579649460,0.7093851028180,0.6041127107724,0.1673765889892,0.1821498614786,0.0849500245033,0.0166603172813,0.0010425215476,0.0921722810862,0.4583583621699,0.2160928126114,0.4433876543741,0.2509152070993,0.0744650539605,0.2447534348098,-0.0290332021174,0.1265531352597,0.0321739147170,-0.0228583036793,0.2049338637919,-0.0826073202413,-0.1354983795490,0.1222051547833,0.1212596588868,0.0929761944996,0.3941382393680,0.4015284109505,0.1270829265847,0.1313089856384,0.1992873147601,0.4022682364737,0.3001981111296,0.1437240948751,-0.0578210208241,0.3128684137971,0.2665082103681,0.1850102237047,0.1604868319599,0.4900301754605,0.1231078589746,0.1453700867274,0.0125305486193,0.3180196130636,0.2702016049147,0.1951386297996,0.1982622972105,0.4624334208681,0.5109975972284,0.3753137032430,0.8157530735430,0.4604839762399,0.4390390309777,-0.2635488536381,-0.0971273096352,0.0028792498938,0.1311714891658,0.1570754598422,0.1293308641624,-0.1166114296449,-0.3666181529824,0.2596095473960,0.3239773062332,0.4132464569769,0.0717858405157,0.2168303019369,-0.0357574148672,-0.1028409331686,0.0779407060586,0.0703774564617,-0.1670331438975,0.0435242476972,-0.3471176958281,-0.1557768648135,-0.0129942310524,0.1193477767812,0.2100698081390,-0.0560500992060,-0.0727464886107,0.2788404095446,0.3110943251944,-0.0676557083561,0.0139087492753,0.0810681887078,0.3972160736899,0.1693424006878,-0.1334733437955,0.2523264179547,-0.0368869548434,-0.1076503293069,0.0459617284550,-0.2121228882623,0.3977481955610,0.2817386730486,0.1047259901377,0.2618392739858,-0.1212611644694
0.5359383892765,0.5776193457365,0.5393120371190,1.0000000000000,0.5771604858275,0.2683158035131,0.8791649848039,0.3469987452831,0.3923641707530,0.1694351327357,0.0684893962987,0.0647756569037,0.2803596221451,0.4605805013429,0.6970486115347,0.5767144970593,0.3733050278259,0.1481783909087,0.2857097105792,0.0499299104966,0.1703449541907,0.1776537783715,-0.0540702851709,0.4830344874048,0.0726758468138,-0.0598020476105,0.1181723129055,0.0155233784469,0.3220416148931,0.4359621324883,0.4800030383832,0.0578054756340,0.1126363657187,0.0011189036155,0.3509808313901,0.3742614627824,0.1708646637822,-0.0796531639165,0.2485264291484,0.3224643892863,0.2799463820437,0.2316118732414,0.4809578894917,0.2244528744721,0.1128039232255,-0.0938544782959,0.3332834423739,0.0845157851062,0.1011000408261,0.4054111886150,0.6491817577120,0.5760957149720,0.8240955911579,0.2880072381609,0.5199990565072,0.8704316888018,-0.0872358091766,0.0412141549265,0.2164306425509,0.3895955677743,0.2088793520129,0.3613992543779,-0.1433101070103,-0.2624875309472,0.4906860079258,0.3823494397542,0.4767632062263,0.0956256510206,0.3146357120931,0.0369685639922,-0.0919931337040,0.1597690898690,0.1709974514204,-0.0397616835825,-0.0606231042666,-0.3074999885475,-0.2099795722551,-0.0619633830308,0.3669474253272,0.3123535579232,-0.2483118021141,-0.2454541345216,0.2554803504648,0.1667892673286,-0.2291901424896,-0.2991797058776,-0.0584616030697,0.3811160779598,0.0707031991366,-0.2186268776943,0.0978861954248,-0.1450897081721,0.0788479774238,-0.2855217601087,-0.3455619372200,0.0239874078575,0.5145516909296,0.1763825581786,0.4647112270970,0.2469116331395
0.8228625328247,0.3833184176836,0.4623579649460,0.5771604858275,1.0000000000000,0.3375130834971,0.7149840562326,0.3243350209865,0.2961785627066,0.2757992661476,0.2458466494310,0.3041871172639,0.4221950020977,0.5097856771709,0.5348114187411,0.2699614736389,0.3116163348728,0.2472460706686,0.1903091148996,0.0011810599887,0.1253807875587,0.2317498005824,0.0193283245086,0.3767512661062,-0.0086814054308,-0.1359559944014,0.1027061304323,0.1470219038000,0.3548817353727,0.2003157757570,0.2587908496598,0.1136519486992,0.0887225742967,0.0961886186563,0.0515722643578,0.1203337020676,0.0830585782408,-0.0999375525213,-0.0076381307937,0.2085679568725,0.4963849220353,0.3685335629457,0.1559148099771,0.0659554796962,0.0051497949615,0.0528642323354,0.3360624825233,0.1276432515660,0.2185411337062,0.3069730347073,0.8157390553431,0.2381835336868,0.4495478959058,0.3171324825615,0.6092468250547,0.6645643273020,0.0000144853491,0.1688760279532,0.3136911698217,0.3274290849777,0.3022245296516,0.3814705826444,0.1384862382249,0.0589600219693,0.3585674019675,-0.0346577733473,0.2568139514556,0.1884430637181,0.1757189198445,0.0466671269756,-0.1315038050599,0.0778312546788,0.0735829643398,-0.0542670444337,-0.1780326720699,-0.3397659821894,-0.1765519220262,0.0916501262477,0.3152382743569,0.2618485291771,-0.1817950271648,-0.1426117312115,0.1227736069446,-0.0246859114088,-0.2630366525605,-0.2385489180899,-0.1989687223870,0.2228731148600,-0.1677001267640,-0.2417775309534,-0.1285855797532,-0.0992073573375,-0.1152397716938,-0.1205209802193,-0.1967263188249,0.0926266508669,0.4792966141857,0.4026123839691,0.3636444352693,0.1490157412616
0.1330482542179,0.0983424694250,0.7093851028180,0.2683158035131,0.3375130834971,1.0000000000000,0.4001503264893,0.2187544617154,0.2288893804552,0.3341792423073,0.2741537886033,0.2826878878100,0.2360289708723,0.2629567507245,0.2106349963040,0.4431077039412,0.3301068554386,0.2676211813050,0.2548616134834,0.1920026356149,0.3022414828183,0.3142787756352,0.2898291778318,0.2897112905180,-0.0127748395284,0.1675603756938,0.3347442865372,0.0542621641636,0.1160317196033,0.1992316868008,0.4444727101996,0.3622099857792,0.3335589093895,0.3538080026726,0.4930691783725,0.3043818554045,0.3752763351498,0.2423520174456,0.5086012114782,0.3741242966064,0.1849304003740,0.2464305056791,0.4683528529833,0.1685892779800,0.3029888942070,0.3231923400429,0.3121282210305,0.4917459835796,0.3311443119989,0.2494743892792,0.0935132659556,0.1296110836035,0.0544912110396,0.8719425686839,0.5315933989477,0.1285386427605,-0.1354971550049,-0.0003732035763,0.1333048064732,0.1571213421812,0.1422177569248,0.1691360595475,-0.0145776170280,-0.3503033494547,-0.0567606592385,0.2538207590308,0.3097199463955,0.1522214740749,0.2737131621709,0.1266468614179,-0.0407807241163,0.3122279659465,0.2995819632229,0.0415201630161,0.0381614007695,-0.0596248530934,0.1870489699131,-0.0389914596927,-0.0915569160516,0.2236832878920,0.1960700728811,0.1145971051670,0.0206717808961,0.2832065400875,0.1596109121884,0.1893451779967,0.3658775563129,0.4862638876069,0.2093928205691,0.1421983797660,0.4593434880116,0.2416634497177,0.0329448914807,0.1783235041350,-0.1124599577291,0.6931062053436,0.1213338239559,-0.0963525632585,0.0909828399694,-0.2236325733797
0.6054255097054,0.4825757777626,0.6041127107724,0.8791649848039,0.7149840562326,0.4001503264893,1.0000000000000,0.4161607007391,0.4197958465769,0.2237211579221,0.1165689747557,0.1572563249106,0.3728459764060,0.4332420812466,0.6076735847523,0.6068016131548,0.4117413197420,0.1358332988287,0.3414262748653,0.0426930167799,0.1550290702247,0.2086072486167,-0.0862416951734,0.4918031648404,0.0255239527916,-0.1291946183575,0.1403028528492,0.0305346340135,0.2994756840054,0.3765811979611,0.4634929392100,0.1113657939173,0.1557000224946,0.0812898122099,0.3565501237883,0.3891948539446,0.1522385936805,-0.0882533401921,0.2817781971818,0.3343794083547,0.2998035181633,0.2320094460706,0.4204017761347,0.1783043030230,0.1178447902072,-0.0898517404773,0.3382152523712,0.1995127583012,0.1457245254608,0.3852818832514,0.7205336446371,0.4776289006236,0.7442994991792,0.3759346206497,0.5855116113696,0.8914527328686,0.0008085060837,0.1676323854467,0.3009917880360,0.4694468953830,0.4057718036727,0.4271681376127,0.0158925637035,-0.1240058081592,0.4429536233048,0.3335145993463,0.4905666171391,0.1413987326469,0.3405203431267,0.0949920156296,-0.0580800002378,0.1216968342248,0.1803418131825,-0.0019297044445,-0.0933608659459,-0.4135037731541,-0.2386810153965,-0.0656571373628,0.3300599687932,0.3857394518262,-0.2170150042839,-0.1733067646290,0.2359036839736,0.1374623775822,-0.2271245443810,-0.2930926634291,-0.0858713694720,0.4372770553142,0.0003509290249,-0.2473702161676,0.0895030976388,-0.1606800325224,-0.0459292494288,-0.2462427302278,-0.3150716416410,0.1595772163486,0.5215920895328,0.2772125699145,0.5247444956392,0.2991266984906
0.1366159978934,-0.0296750494383,0.1673765889892,0.3469987452831,0.3243350209865,0.2187544617154,0.4161607007391,1.0000000000000,0.8020617794201,0.4752492918780,0.6418858777468,0.6074679352420,0.7182033651795,-0.0115359849157,0.3659415029884,0.4942870192468,0.6241343100800,0.6637060544183,0.4298503063636,0.6391777271177,0.4087872258488,0.4694081865704,0.4115754214533,0.6188857257562,0.5246112082424,0.2882170783396,0.5569201742333,0.1734821655679,0.2706255703939,-0.0544089120558,0.3759388094050,0.3912153771448,0.4366908936555,0.2588893156465,0.1831723591720,0.2286501297034,0.4345937782630,0.5198435824642,0.1431045653811,0.4234889195793,0.3839840456954,0.3492617594805,0.2649494809225,0.4390856051569,0.3948550039405,0.3812237728260,0.4398816595369,0.3969993241919,0.2661856097889,0.3803591314763,0.1256517378011,-0.1976928832829,0.1112512866321,0.1582132882162,0.4479260323068,0.2672173882977,0.4343393230726,0.6493080716651,0.6528214435026,0.7426479433849,0.2765597462006,0.5903652202007,0.2407363792479,0.1648488451666,-0.1935332082126,-0.1263105874981,0.2072138573040,0.4725154248865,0.4992134192988,0.5598537069405,-0.0071319848881,0.3728896772785,0.4771390843982,0.5505701650062,-0.0316211646055,-0.0641153428589,0.3063524562262,0.1705541619084,0.0624450225250,0.4574615231529,-0.0488344249670,0.1968356038185,-0.3921799044129,-0.1597176122041,0.0482379206582,-0.1667071068176,0.0365788595247,0.1294555969232,-0.1607529551662,0.0926723870292,-0.0093765546557,0.2096297445163,0.1671211644207,-0.0524340745066,-0.0274312830263,0.1198241387289,0.1569097189832,0.0070872415689,0.1281726539638,0.2200007115563
0.1189494473737,-0.1065443483448,0.1821498614786,0.3923641707530,0.2961785627066,0.2288893804552,0.4197958465769,0.8020617794201,1.0000000000000,0.4532335887340,0.6079177239014,0.5237954974814,0.6434234663911,-0.0286606731255,0.3646243084465,0.5194681727983,0.5977379158810,0.6029161020917,0.4993624829292,0.6990093698635,0.3833666099351,0.3908862041610,0.4153985862321,0.7233471454653,0.6591311924650,0.2661917379657,0.6744734224936,0.0596740090771,0.1856286088145,-0.0774377024707,0.3802328105129,0.3691414643760,0.4480243485900,0.2693438523930,0.2584985587303,0.3771964428235,0.4733404375876,0.5040439993249,0.1835150443429,0.4920883451083,0.3752167959355,0.3228326214034,0.3212356539815,0.4525304509981,0.3336335198642,0.3469969679050,0.4757115314823,0.3561881108862,0.2209274014305,0.3674069587261,0.1149803705909,-0.2178879692220,0.1136198973076,0.1840114850188,0.3526910420993,0.2930252780281,0.4091872044497,0.5963169630372,0.5558774328214,0.9086596972196,0.2072205068687,0.6015240042831,0.1436314540388,0.1271131695028,-0.2620294181183,-0.0780416825308,0.3274012759950,0.4910991507555,0.5799667288816,0.6987224891838,0.0505171849041,0.3739070400935,0.5585366532426,0.6219118542118,0.1107010523633,-0.0111677508285,0.4317672203566,0.0873083869156,-0.0455173088369,0.3934872633685,-0.0770623897355,0.2116024322222,-0.4426637757024,-0.0715387780106,0.0359796138946,-0.1847501678703,0.0592160711091,0.1408836612548,-0.0644310314366,0.1067190681372,0.0075165397617,0.2343125260113,0.1844321355003,-0.1139977897230,-0.1020275375517,0.0992357608644,0.0852101451920,-0.0743986759179,0.1176192327965,0.2311203650516
0.1748763357554,-0.0755757456664,0.0849500245033,0.1694351327357,0.2757992661476,0.3341792423073,0.2237211579221,0.4752492918780,0.4532335887340,1.0000000000000,0.6316632188190,0.8065638992833,0.6599353233207,0.2033156777232,0.4241569216760,0.3643025018218,0.4299654792524,0.5401540257955,0.2679665162482,0.5172793188823,0.5342383671024,0.6889817080356,0.6478321018783,0.4079182956065,0.2789419583294,0.5070811032686,0.4670109205169,0.0969497887827,0.2761359489725,-0.0668865060385,0.3467333626611,0.4974101693272,0.4688917263834,0.3735408644236,0.2389576184466,0.2210118820227,0.4423820983815,0.4467611513542,0.1988491867524,0.3484229541429,0.4726089340036,0.5018886259323,0.2049132530790,0.2449503905980,0.3824809005952,0.5560940681307,0.4297663023486,0.3152085440187,0.3347358943675,0.6610044967053,0.0507833538310,-0.2567194105053,-0.1257292622582,0.2778922198347,0.3498392638576,0.0797474198933,0.3518700757707,0.2976115217756,0.3954102817429,0.4411822031817,0.3566728757857,0.3370119485235,0.1784072435054,-0.0095053523466,-0.2332826760578,-0.1956369194658,0.1329918511874,0.2304622963070,0.2822453388036,0.3418288008354,0.0345876304842,0.5764724216346,0.4125625249027,0.4396998912498,0.0603047232328,0.1922279314541,0.4471975169725,0.1307287368699,-0.0993786317510,0.2207828428958,0.1639249579409,0.2350885234366,-0.3724679559809,-0.0639518381232,0.1574711643429,0.1169665097707,0.2325752478863,0.2440325530485,-0.0936054551529,0.2818098869271,0.0855709150818,0.2598951141973,0.1726893290884,0.1030559841449,0.0200166434211,0.2164750187996,0.0402425386677,0.0191342397560,0.1343229926134,0.1046151440846
0.0505054992049,-0.1769726059421,0.0166603172813,0.0684893962987,0.2458466494310,0.2741537886033,0.1165689747557,0.6418858777468,0.6079177239014,0.6316632188190,1.0000000000000,0.7977945573958,0.6908096769686,-0.0928576888379,0.3094372065230,0.2376269079960,0.4810677587625,0.7359195199311,0.1834528912253,0.6028641336819,0.4354126369721,0.6590330207203,0.7187328759837,0.5735526828450,0.4191541858043,0.4446241803534,0.6100982234958,0.2640564200139,0.3283309434279,-0.2104356242670,0.2597844908045,0.5754613769989,0.4824141287821,0.4168224776001,0.0720576777082,0.0460620230571,0.5127491701057,0.5924236370291,0.1703589383306,0.5296090666962,0.4594217028871,0.5121995753411,0.1396440352368,0.4265511969937,0.3776036756876,0.6649700862291,0.5054626362682,0.4983162236204,0.3833871476275,0.4080520585214,-0.0614724934977,-0.3985065174242,-0.1799526978730,0.1605357179505,0.4569443933583,-0.0408477352954,0.3755603916475,0.4096214715649,0.4698221414126,0.4702091979354,0.2051977134324,0.6471256379052,0.2983127967596,0.1487977433197,-0.3526424070939,-0.2332452066745,-0.0440916300508,0.4335929528965,0.2218563263566,0.4038503356110,-0.0336634635947,0.5631633381983,0.4773305059968,0.4325487758075,-0.0588264686674,0.1438184535107,0.4725468012165,0.2882348882977,-0.0001965443760,0.2955283833723,0.1104651304287,0.2830843362467,-0.4935942983374,-0.2475857394349,0.1169719767359,-0.0001362391380,0.1336947698861,-0.0180241641734,-0.1478990930563,0.1803947935629,0.0720609467397,0.4548869531550,0.2212401980395,0.1498566690878,0.1314263400012,0.2758671806078,0.0785518002431,-0.0360813688713,0.0720245006709,0.1760436808867
0.1400046939616,-0.1337351422813,0.0010425215476,0.0647756569037,0.3041871172639,0.2826878878100,0.1572563249106,0.6074679352420,0.5237954974814,0.8065638992833,0.7977945573958,1.0000000000000,0.7563614763814,0.0795564772364,0.3424562059624,0.2938378694016,0.5903188809096,0.7204715516208,0.2322388936787,0.5414284352659,0.5849875941982,0.7078183421854,0.7562341984856,0.4879963188455,0.2996545149890,0.4968845733637,0.5155222782949,0.2281223211734,0.3218445939520,-0.1876666117455,0.3286082223817,0.5320751797542,0.5499641786598,0.3520037829208,0.1388383688159,0.0942158413254,0.4527406781686,0.4843592340568,0.1076853575812,0.3358213508348,0.4634804776663,0.4800849375039,0.0454106781369,0.2217053540664,0.3292482939656,0.5885248561286,0.4047778221140,0.3753476213507,0.3712156259789,0.5682649934420,0.0217629432653,-0.3652551923737,-0.1837418037630,0.1789260421311,0.4202269367536,-0.0065082933783,0.4509018175765,0.4662437772532,0.5932941964087,0.4553361553260,0.3701391738241,0.5358505179018,0.5235614357920,0.1739289234558,-0.2651383096566,-0.3288486238927,0.0115124947016,0.5068946276856,0.2530945609034,0.4103320971514,0.1722867322172,0.6800290503134,0.4445709446081,0.4751400503443,0.0185415381621,0.1690991002774,0.4472482167026,0.2719386200412,-0.0447751618586,0.4067209653003,0.1684291375945,0.3596439780656,-0.4557123105430,-0.2447561547032,0.1218579362058,0.0642213637575,0.1629793859432,0.1135893065656,-0.2640732479022,0.2014666664677,-0.0032007393144,0.2857229827740,0.0958352015503,0.1419353108294,0.0564429442464,0.2277582351716,0.0317275585027,0.0997532127817,0.0432479205356,0.1721115883480
0.2659620164011,-0.0493306280814,0.0921722810862,0.2803596221451,0.4221950020977,0.2360289708723,0.3728459764060,0.7182033651795,0.6434234663911,0.6599353233207,0.6908096769686,0.7563614763814,1.0000000000000,0.0769802572139,0.4318726422071,0.3814994325547,0.6656068711606,0.6719127496220,0.3066984437523,0.5833612191914,0.5000653666753,0.6082406506532,0.5689262780356,0.6097929780380,0.4086146290684,0.4157417493644,0.6380963624675,0.1844782316803,0.3423255162567,-0.1074508375484,0.3949661395733,0.5586965258458,0.5672699516516,0.3986887673578,0.1528432304030,0.1905847898564,0.4856864702616,0.5062308265913,0.1577779558623,0.4824592092989,0.4727474113317,0.5082706444236,0.2169990254478,0.3983582504761,0.3644776019441,0.5100029434088,0.5678011609712,0.3581716427257,0.2811736330730,0.5754991488799,0.1864271922796,-0.2631161167486,-0.0095415568102,0.1179344016915,0.4365826605410,0.2147359668168,0.5056179945486,0.5068812900720,0.5687900144358,0.6168800371581,0.2703677237921,0.6175744467706,0.2957437283954,0.2559826155640,-0.1846246635484,-0.2598888807424,0.1358089573019,0.4277278532678,0.3565740707629,0.4309946519931,-0.0617180191919,0.4611213202862,0.4677896614970,0.4513830873240,-0.0617120643107,0.0185650958418,0.3718662323353,0.1934704167526,0.0667358236971,0.3902849248152,0.0849949867681,0.3057334983163,-0.3641121534484,-0.1974868029148,0.0505235104642,-0.0165562447280,0.0632918109619,0.1493507378040,-0.1972437627340,0.1321265743603,-0.0101276862108,0.2867192106973,0.1720963964551,0.0720621048470,0.0866165325523,0.1442523673779,0.1634195240102,0.1066184240859,0.2374616195392,0.2179240806173
0.5741225512658,0.5081916170509,0.4583583621699,0.4605805013429,0.5097856771709,0.2629567507245,0.4332420812466,-0.0115359849157,-0.0286606731255,0.2033156777232,-0.0928576888379,0.0795564772364,0.0769802572139,1.0000000000000,0.4472399474602,0.3703421505665,0.2247432243933,0.1158400426699,0.1590204691005,-0.1504361318027,0.2617006501380,0.1196966426937,-0.0377862431119,0.0526239852227,-0.2417925878379,-0.0238984397602,-0.1836414766626,0.1356241469407,0.2849627780666,0.4832306306194,0.4025117527959,0.0341107679916,0.0553463809141,-0.0324351250917,0.2488700720800,0.2225687624691,-0.0132565632872,-0.2702725499481,0.0061285830035,-0.0836175792579,0.3397983256925,0.2051208962399,0.1023416540249,-0.2343117942368,-0.0490963250178,-0.1006523535999,0.0801507828808,-0.0645511800506,0.1991085708554,0.3690830067539,0.5875254043709,0.4369289695960,0.4207586152245,0.3002525490460,0.3009068876684,0.4469856810526,-0.2553441756832,-0.1298807123067,0.0993442094494,0.0162833980528,0.1317249975469,-0.0320158242233,-0.0534236804029,-0.2293886804459,0.5772897193188,0.0770874942326,0.3470880439526,0.0637465022567,0.1567205704992,-0.1334342762401,0.0590253854928,0.0296638895994,-0.0213239045414,-0.1694309943942,-0.0287534767510,-0.2062840116762,-0.2883370088768,0.0381412708185,0.2457072550329,0.2364139143353,-0.0716873707043,-0.1777706089731,0.2895422677399,0.0552091699911,-0.2515951695564,-0.0365100243159,-0.0984013109520,0.3712608263673,-0.0999776414628,-0.1846341714285,-0.0665211711391,-0.2664951310264,-0.2209960206291,-0.0805477356686,-0.2902757576394,0.0728359277951,0.3839229147393,0.3211047253702,0.2348222163007,-0.0395041369452
0.4822655125406,0.4854270085126,0.2160928126114,0.6970486115347,0.5348114187411,0.2106349963040,0.6076735847523,0.3659415029884,0.3646243084465,0.4241569216760,0.3094372065230,0.3424562059624,0.4318726422071,0.4472399474602,1.0000000000000,0.3898856894455,0.3291803722551,0.3751381786096,0.1396109835960,0.1270115129962,0.2014175874272,0.3250306169898,0.1517854801426,0.4488383864703,0.1038376783586,0.1092297134804,0.1174790091557,0.1070782798953,0.5031376175557,0.3333795171913,0.4027716756882,0.1946281985305,0.0838774575035,0.0139585982345,0.1914540398475,0.1833541485808,0.2203462606805,0.0946899639920,0.3291551129739,0.3428352700412,0.5409511852113,0.5381635451258,0.3628441955868,0.2539950866044,0.1979863453990,0.1512201831510,0.3645146067841,0.2790167510418,0.2761953460488,0.5625301086922,0.4864526220282,0.2693086311763,0.5085346234678,0.1794763866490,0.5128087684856,0.5946449405370,0.0003780963835,0.1093495723489,0.3404074123695,0.3487030248459,0.1067672942778,0.3396045808513,-0.1636226428403,-0.2062184600366,0.3320327189495,0.2204070667182,0.2582599604692,0.0538768663117,0.2392652687127,0.0681302380028,-0.2543903007151,0.1566893964513,0.1346396647368,0.0709654418038,-0.3003714914592,-0.0847752867034,-0.0958535537390,0.0464891351221,0.3481564629397,0.2314296076968,-0.2832419764354,-0.3308285751043,0.0687652835456,0.0038032539550,-0.1304590325071,-0.3266033630088,-0.0882863637294,0.3355567449092,-0.0657350282631,-0.0743946842629,0.1700612839962,0.0621498697241,0.1538330124887,-0.2738960138674,-0.2753702970106,0.1539014121833,0.4106489419962,0.1201288601900,0.2912429714448,0.1382480648374
0.1109341173217,0.1303009189332,0.4433876543741,0.5767144970593,0.2699614736389,0.4431077039412,0.6068016131548,0.4942870192468,0.5194681727983,0.3643025018218,0.2376269079960,0.2938378694016,0.3814994325547,0.3703421505665,0.3898856894455,1.0000000000000,0.6672814894422,0.3583225555424,0.6338989652683,0.4472521143102,0.6021102443605,0.3121188002989,0.2123162645276,0.5123383313019,0.1450848931991,0.3183253070647,0.3271920585575,-0.0940349927518,0.1201324600653,0.2560512391644,0.7982101794560,0.3381229428305,0.5501415038725,0.2310050537922,0.7775373107465,0.7336339308915,0.3789674374503,0.3071714767753,0.4543375927567,0.3030167736692,0.1825404686187,0.1574966296836,0.5691992490735,0.2075495290655,0.4709340691631,0.0680193143438,0.2599557346918,0.2306096875706,0.1692483144066,0.4162641807363,0.1980163517604,0.1696942947808,0.4133556535660,0.4259757003328,0.3451785130709,0.4607037201604,0.0357947435768,0.1875757154824,0.3145087148178,0.5265318326593,0.3328776926205,0.3501908963135,0.0086062204798,-0.2626222029239,0.1261505514782,0.3294696524494,0.6984243707981,0.3176546734479,0.6603962756264,0.3572397858061,0.2259150743659,0.3035461922165,0.4838100267448,0.2781690831974,0.1932704327906,-0.0569975743232,0.1059517957937,-0.1188779200578,0.0494645379497,0.5371525093592,0.0261747859120,0.0962671468529,-0.0166667389511,0.2323329958410,0.0682740528917,-0.1143349047823,0.2285779091709,0.6844509716681,0.1475256310425,0.1789862535524,0.2284179352719,-0.0282564317686,0.1318920076494,-0.2305928596026,-0.3559697366277,0.2842973378692,0.2522020794224,-0.0038773453142,0.2082110831654,0.1745244542492
0.1287469205609,0.0198022885155,0.2509152070993,0.3733050278259,0.3116163348728,0.3301068554386,0.4117413197420,0.6241343100800,0.5977379158810,0.4299654792524,0.4810677587625,0.5903188809096,0.6656068711606,0.2247432243933,0.3291803722551,0.6672814894422,1.0000000000000,0.6461808121415,0.4889125704818,0.5466741540755,0.7065328323063,0.5006611222992,0.4675034588825,0.6651325700662,0.2090244424790,0.3332014223823,0.5199078135693,0.1040883620401,0.2325225849049,0.1040073354464,0.7402593379963,0.3841048901727,0.7386995560140,0.1868018244234,0.4184494419769,0.4146310372621,0.4218765973438,0.3429618252044,0.1938214869284,0.3331407786816,0.2653843443826,0.2121146663228,0.2841458589929,0.1658096414447,0.2736574599502,0.2494009500763,0.3327960589031,0.2664081769923,0.2622140526929,0.4722718798118,0.1819782069440,-0.0656081614309,0.2064163350543,0.2209675748488,0.3524648592974,0.2257076759795,0.2109702139510,0.4660634551249,0.5465986658478,0.5315106870264,0.3133710170912,0.5381051403255,0.3339864221737,0.0233309762362,-0.0001428506151,-0.0331520884094,0.3983353370535,0.7115194967851,0.5763864140809,0.5439595676957,0.2961945386261,0.5288607204644,0.5106354715439,0.3375537833288,0.1288139886543,-0.0913457079491,0.2241523001021,0.0868709990117,0.0778887568370,0.6972264088389,0.0335361443034,0.2996352214570,-0.2120987318836,-0.0762492001598,-0.0296988487384,-0.1072305618360,0.1031332844928,0.3030881593483,-0.1084320722996,0.0743402685113,0.0364608952933,0.0707587231385,0.0426727360068,-0.0578500508927,-0.2503022486982,0.1717785182534,0.2469857626788,0.0248059467341,0.1732282285806,0.2093922877131
0.0876025729098,-0.0060336495052,0.0744650539605,0.1481783909087,0.2472460706686,0.2676211813050,0.1358332988287,0.6637060544183,0.6029161020917,0.5401540257955,0.7359195199311,0.7204715516208,0.6719127496220,0.1158400426699,0.3751381786096,0.3583225555424,0.6461808121415,1.0000000000000,0.1502730364919,0.5854540807848,0.5288889499919,0.5202731395858,0.6974815303335,0.5829245059305,0.3871373460461,0.5223293221731,0.5781157271198,0.1704991666616,0.3491485675741,-0.1169792972892,0.4440076045369,0.5121101313467,0.4943470745207,0.3652200682087,0.1617131035110,0.0736145877168,0.5569545210365,0.5732416534469,0.1481753325990,0.4709098523181,0.4244841741741,0.4896262950091,0.0534043809587,0.3612357651513,0.3027292161774,0.5576554159245,0.4333563217500,0.4045344652005,0.3911856395248,0.4506104434536,-0.0100696167762,-0.2728413493147,-0.0815313036706,0.2025876385444,0.4493794384662,-0.0209576119561,0.3570909881393,0.4532221515492,0.6699097057018,0.4602364330468,0.0555771071642,0.4600099730336,0.2418946597570,0.1304591007721,-0.2103228333816,-0.3134290400189,0.0265913651447,0.6238640926867,0.2891886780890,0.4321010093728,0.0605755599800,0.5430290311638,0.4973205118570,0.4193419255588,-0.0787816332602,0.2452896751086,0.4197474682210,0.1751320136596,-0.0103648258924,0.5325049222101,0.0409984763243,0.2916205754086,-0.4848507791710,-0.3392730750937,0.0346345221842,-0.0192174671113,0.1376438934572,0.0671927023394,-0.2360688760607,0.1390294420095,0.0575537857204,0.3793976304966,0.1717091171517,-0.0205169539073,0.0015605343248,0.2509837148875,0.0796706003185,-0.1001384906170,0.0179260739452,0.0870184849210
0.0820171842508,-0.2214209416886,0.2447534348098,0.2857097105792,0.1903091148996,0.2548616134834,0.3414262748653,0.4298503063636,0.4993624829292,0.2679665162482,0.1834528912253,0.2322388936787,0.3066984437523,0.1590204691005,0.1396109835960,0.6338989652683,0.4889125704818,0.1502730364919,1.0000000000000,0.5554050914890,0.4940924274751,0.1665287104748,0.1551685381042,0.3363133874387,0.2315953518616,0.2529182280855,0.3769738070139,-0.1221651835950,-0.1530640620775,-0.0741742119274,0.3522941861048,0.0956363738763,0.3855886893099,0.2423401510750,0.5418179730711,0.8200488040179,0.2600235700267,0.1748980708719,0.1855390511709,0.2951546265186,0.2544450412978,0.0769869759255,0.4583782856450,0.1291709580426,0.3292063902152,0.1544533395526,0.1665171405183,0.0643064023509,-0.0028579548716,0.2143248734536,0.0982494468782,-0.1739562891091,0.0844623438378,0.2334874564629,0.0001019877296,0.3252634252363,0.0883524888781,0.2553111584213,-0.0172196249682,0.5515896781962,0.2242717675084,0.2237550034112,0.0060883758756,-0.1766056057050,-0.1923120049015,0.0677362187138,0.7334678894596,0.2060589587226,0.8647011375502,0.6081875557756,0.2276565727293,0.1421879267317,0.3735899411639,0.3887307618608,0.3103771716501,-0.1338348648318,0.2993197322183,-0.0140304450663,-0.1879636427306,0.1779303587841,-0.0152727525396,0.1176833125133,-0.2172488220302,0.2563390119423,-0.0030934853358,-0.0127580762724,0.1168762587352,0.5173729397295,0.2144205147435,0.3117660369802,0.0415068526031,0.1243692154681,0.1669220931154,-0.0329611552780,-0.1553714259707,0.0173747802249,-0.0046420573644,0.0141751765554,-0.0242123619630,0.0362686079424
-0.1576779689082,-0.3368778155546,-0.0290332021174,0.0499299104966,0.0011810599887,0.1920026356149,0.0426930167799,0.6391777271177,0.6990093698635,0.5172793188823,0.6028641336819,0.5414284352659,0.5833612191914,-0.1504361318027,0.1270115129962,0.4472521143102,0.5466741540755,0.5854540807848,0.5554050914890,1.0000000000000,0.5583408371239,0.4613054817705,0.6446905666661,0.5562486299748,0.6880131998324,0.6241045109295,0.7107184851052,0.0042193275195,0.0473160090521,-0.1818706013150,0.3613612532861,0.4286536190391,0.6251746055631,0.3714026528908,0.3414722020976,0.4587691340691,0.4805350563596,0.7544027818241,0.1636352255546,0.4234083178619,0.2930505579388,0.2601500484594,0.3000483447191,0.4362150016203,0.5581414131747,0.5260203690276,0.3462359167689,0.2880386561750,0.2184950651149,0.2832983789288,-0.2255780572453,-0.4656027537435,-0.2379561604540,0.1238730543516,0.1654179833281,-0.0687328741881,0.4019245294580,0.4379489798278,0.2967240344349,0.6247644285588,0.0218177262676,0.3888143369387,0.0349335072391,-0.0052855994440,-0.5003877044877,-0.1533694413756,0.2764009730096,0.3487737521327,0.6391362921931,0.7822283933751,0.0955504827866,0.4482432720835,0.6301531424783,0.7661491226395,0.2541954356210,0.3248534454245,0.6781361086800,0.1258565734445,-0.2060186860552,0.2530180259310,0.1352473479301,0.3684084672125,-0.5234508588725,-0.0185546758073,0.2654327938726,0.0927591453439,0.2187404072364,0.1719447644594,0.0843270779574,0.5592834871935,0.0407817636000,0.3828363771403,0.4218934706034,0.0672539183529,-0.0029713937152,0.1127109055081,-0.0620659204032,-0.2589536027366,-0.1447685417873,0.0405830378922
-0.0522043925544,-0.0925601192141,0.1265531352597,0.1703449541907,0.1253807875587,0.3022414828183,0.1550290702247,0.4087872258488,0.3833666099351,0.5342383671024,0.4354126369721,0.5849875941982,0.5000653666753,0.2617006501380,0.2014175874272,0.6021102443605,0.7065328323063,0.5288889499919,0.4940924274751,0.5583408371239,1.0000000000000,0.5653776860484,0.6154096491161,0.4229353648731,0.1535413162198,0.6278108967494,0.3976779964312,-0.0471721155872,0.0617312436821,-0.0896167216337,0.6020650932923,0.3771854009728,0.6022480107210,0.2225924926981,0.5430706750527,0.4795759774600,0.4815987767180,0.3652283935403,0.1803061904306,0.2237045928436,0.1817837986668,0.2197190347723,0.2886044506525,0.0541496993105,0.3039147649005,0.3694640451625,0.2075922243694,0.0632865057592,0.0960272561126,0.5264460519276,-0.0828494992065,-0.1743894029039,-0.0249726474074,0.2258931615414,0.1985645173291,0.0362330445544,0.1136293942819,0.1675923742781,0.3558303356962,0.3272790599464,0.2079846587236,0.3648978613278,0.2282428990944,-0.1394168038262,-0.1393909492531,-0.1551440590200,0.2704006289095,0.3919150793768,0.5355155669914,0.3862196755504,0.4459985759131,0.5807315888127,0.5811091259003,0.3114064266679,0.2734409555788,0.1740726013983,0.3343652963409,0.0121702797659,-0.1044757220508,0.4267812970721,0.1237056402556,0.2371744375093,-0.3128162115436,-0.0906539022857,-0.0091118484565,0.0792028920035,0.2889001385523,0.3673877036147,0.0321324757093,0.2407194155361,0.0552747278053,0.0992712008169,0.1003885156812,0.0030127693011,-0.1306528738524,0.1115884597183,-0.0038349024264,-0.0659876283709,-0.0174512904611,0.0881113612349
0.0691892293447,0.0636818676562,0.0321739147170,0.1776537783715,0.2317498005824,0.3142787756352,0.2086072486167,0.4694081865704,0.3908862041610,0.6889817080356,0.6590330207203,0.7078183421854,0.6082406506532,0.1196966426937,0.3250306169898,0.3121188002989,0.5006611222992,0.5202731395858,0.1665287104748,0.4613054817705,0.5653776860484,1.0000000000000,0.6438488165092,0.4674631808828,0.2145528934520,0.4952088683593,0.4400656254184,0.2875415797216,0.4224284635746,0.0609693335095,0.3909504314811,0.5078833702994,0.5326379461205,0.2919145018248,0.1748704626915,0.1078627484567,0.3888278837076,0.4408790150433,0.1579835719830,0.3993948614289,0.4231266716863,0.3888152960077,0.1359243034789,0.2900452927998,0.3862588356050,0.6008981295023,0.4084940880742,0.2759949945887,0.3132380703531,0.4341050926224,0.0187416410170,-0.1412410329915,0.0027967972304,0.1342842126343,0.4561334708590,0.0573026619719,0.2635492213902,0.2408978396675,0.3830297508111,0.3520830329002,0.3808984900301,0.5521887664110,0.2964007079247,0.0153583912076,-0.0910236264832,-0.1342660934347,-0.0401023012115,0.3077280111414,0.2061722367790,0.2501700060555,0.1372159980532,0.6993174281342,0.4670242208223,0.3671553091996,0.0068013076922,0.1437536082307,0.3172236786348,0.2388508571554,0.1285938270119,0.2902224649179,0.1586454567787,0.1985606235401,-0.2620534504466,-0.1852177897858,0.1081432673227,0.0519864528922,0.1899256104056,0.1048129966805,-0.0956806988702,0.2180540546952,0.0460902132573,0.2632405006281,0.2599176553996,0.2149100759737,0.0660201400316,0.1659032497326,0.2966036695232,0.1083738589952,0.2173141490241,0.1850753508171
-0.1204107075257,-0.2078006045574,-0.0228583036793,-0.0540702851709,0.0193283245086,0.2898291778318,-0.0862416951734,0.4115754214533,0.4153985862321,0.6478321018783,0.7187328759837,0.7562341984856,0.5689262780356,-0.0377862431119,0.1517854801426,0.2123162645276,0.4675034588825,0.6974815303335,0.1551685381042,0.6446905666661,0.6154096491161,0.6438488165092,1.0000000000000,0.4332528769384,0.4091006069359,0.7467611455545,0.6000570022619,0.1297930561779,0.1999648944487,-0.2087087156316,0.3171492871324,0.5620236659603,0.5798532194203,0.4631937217326,0.1832854658598,0.1135509850099,0.5192995850906,0.6089947815117,0.1143063472364,0.4270309661910,0.2936532358798,0.3667453941050,0.0909843490768,0.3404231321507,0.3979322614203,0.7364556699505,0.4308847674343,0.2551887368343,0.2685656520483,0.4319032139864,-0.2393212047716,-0.3722824022571,-0.3065384308505,0.2068687980862,0.3009047132642,-0.2156113459634,0.3557819205202,0.2308946688450,0.3437959023442,0.2847470387491,0.0266514163835,0.3884516755095,0.2404534631825,-0.0527540526906,-0.3548455661148,-0.3103447796015,-0.0610296584965,0.3738161771818,0.2247843785472,0.3746519006473,0.1295664341534,0.7801197687953,0.4993237337379,0.4844952188015,0.1232343262379,0.4325360000037,0.6062034077455,0.1884893651028,-0.1312961474800,0.2655628242979,0.2292826395469,0.3906318337274,-0.4760256400300,-0.2190638494325,0.1781442941544,0.2133687924456,0.2805843837586,0.0517708466374,-0.0847468153124,0.3561318837779,0.0647418575234,0.4189308926088,0.3218956677964,0.1664637569445,0.1789971097581,0.1680386349535,-0.0576705851247,-0.1840826075970,-0.1127058810194,0.0617833577053
0.1484709569491,0.0613572687225,0.2049338637919,0.4830344874048,0.3767512661062,0.2897112905180,0.4918031648404,0.6188857257562,0.7233471454653,0.4079182956065,0.5735526828450,0.4879963188455,0.6097929780380,0.0526239852227,0.4488383864703,0.5123383313019,0.6651325700662,0.5829245059305,0.3363133874387,0.5562486299748,0.4229353648731,0.4674631808828,0.4332528769384,1.0000000000000,0.3574801826557,0.2677466432177,0.6137243048999,0.1053713710133,0.3042131322689,0.1402929644524,0.5712792871784,0.3860040727831,0.5466915137280,0.2084116427839,0.2700908381456,0.2772943391528,0.5523407593335,0.4245123261622,0.2562375260856,0.4727683389934,0.3344980089778,0.3325651899051,0.3530590845448,0.3170665408043,0.3072104750531,0.3148950824281,0.4417668335107,0.3544840895107,0.2958366038922,0.4282543305155,0.2146342517891,-0.0481719844537,0.2751387340600,0.1570016997399,0.4754190248063,0.3360274235470,0.2987962086325,0.3645533252321,0.4813896939989,0.5994390463960,0.1730918782196,0.6066615518233,0.1205582384062,0.0001820096290,-0.0381424025501,0.0741714021466,0.2641413155221,0.4967633968932,0.4282880873770,0.4771442029205,0.0024935561469,0.4584856897219,0.6808660295236,0.3570457672063,0.0763367346849,-0.0432473661064,0.2830364009148,0.0979868845546,0.1552824617795,0.5590378392069,-0.0297396670907,0.1704332121200,-0.1999144619031,-0.0177464918379,-0.0001602117603,-0.2000159698950,0.1692644875664,0.1628925768582,-0.0128708580900,0.0574838950913,0.1089289055403,0.1672489597623,0.1448164762643,-0.0828974719944,-0.2332292338553,0.1737394972494,0.3050002261023,-0.0425382954925,0.2643037903465,0.3537938394552
