1.0000000000000,0.4030622079191,0.5246593671925,0.4664700980500,0.7843828961826,0.3353636545947,0.4912464108734,0.1268963140506,-0.0263890231183,0.2218127213155,0.1108503936885,0.2132542707056,0.0349306838348,0.5864197130021,0.4755050358166,0.0991855166066,0.1065761109108,0.2304547831604,0.1722053750981,-0.1728553700998,0.0497800573526,0.2048532511370,0.1164321954328,0.1103230040347,-0.1861355944907,0.0586813519733,-0.1364423376356,0.0675318824752,0.1004455401386,-0.0009104288220,0.0850249457101,-0.0811421175453,-0.1548492701161,0.1522705691431,0.0698403221520,0.1575121976730,-0.0761315657861,-0.2983393840128,-0.1768006076900,-0.0961757987512,0.1781625508734,0.1109071997618,-0.2465872898728,-0.2936089184641,-0.2760052327717,-0.0553654797646,-0.0520916173175,0.0158802133853,0.1166675263238,0.1656182325034,0.8683333782302,0.5469528543973,0.4219816369863,0.4414751509468,0.4834805593405,0.5598943047375,-0.1651311746267,0.0285622388100,0.1394702978355,0.0377155894946,0.1788986540865,0.1251682279085,0.0806274504312,-0.0342505230264,0.5686910364881,-0.1555569156977,0.1500333254345,0.0893437147910,0.1310241086562,-0.0415031259419,-0.0522472820898,0.1000519989080,-0.0261808259320,-0.0271990681750,-0.3023174026251,-0.2159250131064,-0.2486070878712,0.0154709780758,0.0529636202966,0.0925631608769,-0.1538863156216,-0.1624340036272,0.0423528552352,-0.3273451272653,-0.4130416613233,0.0182976933017,-0.1559805558074,0.3679094494939,-0.3869863780959,-0.2949778631898,-0.2517176070327,-0.1538508757274,-0.3455718254310,-0.1171432352923,-0.1442749983213,0.0899739470141,0.3304450664109,0.4017466750194,0.1510487071293,0.1546194984913
0.4030622079191,1.0000000000000,-0.0186966450914,0.1318838323097,0.1543487032889,-0.0425010626222,0.0030973564637,0.0162888363653,-0.2228982911885,0.1106825855674,0.0738886388836,0.1233278885623,-0.0014099430934,0.4903690454439,0.4356095610682,-0.1920992949738,0.0787872115299,0.3568975885151,-0.4928964788753,-0.2899936781913,-0.0525857614438,0.3749962109332,0.0849686003241,0.0116344914197,-0.2364059492919,0.1247556322931,-0.2332754806060,0.2872542076483,0.6837866112009,0.5763286913860,0.1326559207435,-0.0236143534384,-0.1461618164482,-0.2951313201020,-0.1545918488006,-0.3422991918607,-0.1019135167657,0.0229000109238,-0.1740429445317,-0.1936326708754,0.2664122326003,0.0691922864423,-0.5384239812942,-0.0188264122467,0.0270484013367,-0.1085980717150,-0.0771463293999,-0.0550305443285,0.2276056975762,-0.0222968019811,0.5120893784774,0.8522407026536,0.2406537102230,0.0691089335979,0.3504877096873,-0.0001055572934,-0.0779682160535,0.0035718470384,0.2921950335844,-0.2496499632460,-0.0204151597716,0.0758364246166,-0.0293523178716,-0.0930896125437,0.6710166330912,-0.2424602527868,-0.4835947091015,0.1002521743496,-0.4639924818587,-0.3875031892840,-0.1392276088302,0.1574854731380,-0.1061571403017,-0.0721205163618,-0.4131666177362,0.1827280650259,-0.3783948687590,0.2565110395105,0.6179010694401,0.1017301851632,-0.1349761070327,-0.2093824672745,0.4042074390599,-0.5712514232167,-0.0411800213857,-0.0751249316050,-0.1221084101273,-0.0422200804984,-0.3914904769953,-0.1286358655858,-0.1554407618826,-0.1313911798786,-0.0695318819085,-0.1689473909434,-0.0799763945232,0.0141550817967,0.5699522052677,0.3598110955492,0.1236685263203,0.0607694623264
0.5246593671925,-0.0186966450914,1.0000000000000,0.3397189274955,0.3928128019612,0.7461481106051,0.3509645761698,0.0179453896145,0.0680614287473,0.2815334221738,0.0866121760607,-0.0072637547495,-0.0535458256962,0.2808182291801,0.2218649047955,0.2443856275665,0.0294367996141,-0.0094624895060,0.3492545818361,0.0439659181832,0.0398181249107,0.0887348582925,0.0707357495706,0.1036987383298,0.0237619869153,0.0268861943927,0.1669938080149,0.0617508169452,-0.2208422199783,-0.0968955619940,0.1105316087570,0.2198945331136,0.1713540001339,0.3991703679925,0.1608537503728,0.3233376079106,0.0436621248078,-0.0936344229091,0.1452065214082,0.2290259259312,0.0445230119563,0.1491274013109,0.2441033839897,0.0324809400085,0.0466909237806,0.2496959406342,0.2332385049794,0.1198448647710,-0.0172548663232,0.0935983511592,0.3150305197151,0.2530078545514,0.1454743296185,0.8589603924711,0.2743413490184,0.3803831088434,-0.0850459303703,-0.1038278716631,-0.1051499262141,0.0779478827317,0.2570666336698,-0.0661085963955,-0.0694299399423,-0.1319705952368,0.0893819714361,0.0882481856326,0.3341983970199,-0.1505397630477,0.2220437403003,0.1040672392594,-0.0558463355470,-0.0039595073030,-0.0380371555742,0.0486796703324,-0.0080759762647,-0.1963736154661,0.1041542824075,0.0320423093999,-0.2419670309110,-0.0260776104239,0.2015798380938,0.1231927000463,0.0655470899902,0.2060488004634,-0.0623300443402,0.1795007688722,0.0348003240273,0.3538210269518,-0.0245014093435,0.0146669841090,0.0205577389185,0.1590131870785,-0.0429113430720,0.2632464187045,0.1149429414731,0.1775669641299,-0.0687144228235,0.0375856819107,0.0478266003795,-0.0538782490827
0.4664700980500,0.1318838323097,0.3397189274955,1.0000000000000,0.4965591701896,0.4191471467654,0.8004278384975,0.3004429442071,0.3594566629334,0.3397599493759,0.3500236720351,0.2418978571463,0.3043222957912,0.2607000148937,0.7258061193423,0.4316119727079,0.4031999585977,0.3412914634639,0.4003909973933,0.2227462626151,0.0665884621969,0.1970822761828,0.1065309753688,0.4264510603623,0.0194559612938,0.0154632044474,0.1046212532851,0.1265015342265,-0.0634262843004,-0.0966578589523,0.2506208730953,0.0816022805061,0.1105276313838,0.2065628321637,0.0778184424888,0.1574224876821,-0.0486658296984,0.0151732791240,0.0325051355778,0.1727892045871,0.2585026851223,0.1805118760836,0.0897514041024,-0.0647977136764,-0.1553721180073,-0.0884470359277,0.0393798855337,0.2181173024456,0.1493615953306,0.3381725204854,0.4218905752002,0.3062838076674,0.8290200422151,0.2622525282238,0.4481553886555,0.7863626829279,0.0365808002633,0.2997375622175,0.3008301190098,0.4176577533579,0.3540056125103,0.3744330839152,0.2301311441589,0.1177200754703,0.3103461973547,0.2638630363750,0.4565230059639,0.2295691785132,0.3634609878979,0.3831514665269,-0.0627426571407,0.1373042713367,0.1628310775263,0.1163310803654,-0.2065945844238,-0.2510840766570,-0.1392241787813,0.0219813563076,-0.1170061728495,0.3078479734535,-0.1629789260122,-0.0096034157766,-0.1528162327742,-0.0811290018287,-0.2636884721032,-0.1317445163578,-0.1500746147118,0.3237691269338,-0.2147219804353,-0.0569387182262,-0.0345106677384,-0.0538555639877,-0.1825843146379,-0.1508407764432,-0.2914367832370,0.1197007926085,0.1769564762600,0.2218705345625,0.2661209365214,0.3536326123980
0.7843828961826,0.1543487032889,0.3928128019612,0.4965591701896,1.0000000000000,0.3989784063818,0.6514820222398,0.1584314296486,0.0554317919322,0.1818237225593,0.1197027340807,0.2702135263982,0.2130011398254,0.4570657473914,0.3817019110220,0.2567132253660,0.3057398322199,0.2880335774567,0.2859514347436,-0.0935284949436,0.0812088074241,0.1749110043326,0.0438197242899,0.2188627572371,-0.2036704037487,-0.0097272311021,-0.1134317530908,0.1209606538876,0.0917104151963,-0.0707165727969,0.2039676613503,-0.0481537645738,-0.0328731060132,0.1813989531561,0.0527867181002,0.1492135784642,-0.1281544898118,-0.2659050721312,-0.1524030002391,-0.0939333647040,0.2792854430209,0.1599679468373,-0.1685299836667,-0.3146559475697,-0.3205025957153,-0.0736482512911,-0.0741055242712,0.1276662190722,0.2500538520781,0.1547790345922,0.7819322264762,0.2196200596638,0.4854829788677,0.3482075214744,0.5914057242555,0.6482664066956,-0.0276236218327,0.1448514450308,0.2011216635221,0.1425553310224,0.2018748426746,0.2734026517877,0.1757906374655,0.1956242459657,0.4031417124426,-0.0598962612980,0.2976452970202,0.2755202467112,0.2207257669746,0.1159552210576,0.0739876021743,0.0303677580617,0.0653490436714,-0.0809037763536,-0.2457922368559,-0.2777609289160,-0.2846519340429,0.0315308994147,0.0527738480261,0.2331687361597,-0.1764361486546,-0.0757427098322,-0.1223227356365,-0.2444073753548,-0.4267764236109,-0.0861877194000,-0.2174541679113,0.3158678500756,-0.3663798163229,-0.3265743759500,-0.2236723119306,-0.2150413517958,-0.3795191033408,-0.1061428491554,-0.2729584765084,0.1780269713829,0.3598703274063,0.4639309793227,0.1786960904782,0.2068306939928
0.3353636545947,-0.0425010626222,0.7461481106051,0.4191471467654,0.3989784063818,1.0000000000000,0.4829074294475,0.0107961522898,0.1202749636417,0.3651671694324,0.2880644776113,0.1670434615303,0.1019990821410,0.1661797322561,0.3443492436803,0.3182407783481,0.1460651487627,0.1242566393513,0.2737209308599,0.0684902073156,-0.0468679998720,0.1141499190771,0.1612197787862,0.2555002797109,-0.0264106352414,-0.0479527904675,0.2528388239025,0.0945146131733,-0.1066741607889,-0.0588943247674,0.1540317262519,0.3011445085526,0.2043852024800,0.4660646041167,0.2321446347721,0.2216790631691,0.0905875605700,0.1449678761273,0.3807237968550,0.3690258661046,0.0859327958875,0.1750027942732,0.2355415124137,0.0427995563207,0.0401167444310,0.2040750648226,0.1514117049234,0.4869924825614,0.2541279076600,0.1276094424920,0.2094760320470,0.1344613276374,0.2402489952942,0.7605621159905,0.5203686423348,0.3384244681869,-0.0112516822060,-0.0260449902142,0.0070249598079,0.1191479623711,0.3037287030855,0.1123489708775,0.0952606079819,-0.0108750081872,0.0368957924358,0.2777408824960,0.2874162027985,-0.0369976001990,0.1747457870643,0.1610476266667,-0.1063868778170,0.0927386662386,0.0835501815489,-0.0252380106699,-0.1646231341486,-0.2645835797869,0.0765995204099,0.0018235943614,-0.1804031790972,0.0286735775133,0.1614744274066,0.0667503768298,-0.0574428705622,0.1714177423903,-0.0771912909657,0.0549512806795,0.0576892926099,0.3746816945528,-0.0915826597620,0.0447609758276,0.2433893732275,0.1834464189524,-0.1079897062504,0.1797990817666,-0.0169550579118,0.5291402013752,0.0202863621684,-0.0163252694512,0.0885360042770,-0.0659611902515
0.4912464108734,0.0030973564637,0.3509645761698,0.8004278384975,0.6514820222398,0.4829074294475,1.0000000000000,0.2788048869872,0.3215430840116,0.2752463665106,0.2373475604277,0.2335794887693,0.4115262973082,0.2081232145483,0.6295852513126,0.5487527156188,0.4248476978365,0.2876846642725,0.5277688250976,0.1069641035442,-0.0422911565376,0.0946981017331,-0.0919730909627,0.3508578953098,-0.0951859880574,-0.0850391501615,-0.0005996635397,0.0339284446928,-0.0795872103102,-0.1404178230865,0.2805460621080,0.0761687267369,0.0618877034313,0.2197156973646,0.1452562144583,0.2373298830885,-0.1354732859019,-0.0119700012866,0.1611473794571,0.0785135690887,0.2659857127423,0.1757886349454,0.0958588854780,-0.1181184487919,-0.1629071209762,-0.2053331613072,-0.0161291821153,0.3473068795113,0.1987979105701,0.2399346363158,0.4986829602933,0.1644434328353,0.7490325645255,0.2618961778776,0.4843663462850,0.8801558614962,0.0863731462123,0.3549508262712,0.3450794530941,0.4507769903034,0.3784127753234,0.3887288064974,0.2859288845844,0.3146164313648,0.2588707772997,0.3248239768776,0.5905080331787,0.2687358467582,0.4244467123139,0.3929555342930,-0.0492682731742,-0.0854666769855,0.1245395644250,-0.0195710782616,-0.3159556123709,-0.3633325723266,-0.2849832635700,-0.1203667709091,-0.1434642535739,0.3339145944932,-0.2166593006865,-0.0678703510961,-0.2094048888460,-0.0415369637074,-0.3107026050868,-0.2773334792379,-0.2642550199300,0.4498870674348,-0.2756126489889,-0.1255987558107,0.0352922539802,-0.2284107809926,-0.3248579778881,-0.2522330476595,-0.3881959109119,0.2912380739367,0.1836662359504,0.3047278841011,0.2174512116005,0.2371296848801
0.1268963140506,0.0162888363653,0.0179453896145,0.3004429442071,0.1584314296486,0.0107961522898,0.2788048869872,1.0000000000000,0.6626533120589,0.2543036481680,0.4718987791281,0.4452517559747,0.5747942362000,-0.1733256680010,0.2539561269481,0.2216532784647,0.4403204628542,0.4499644781451,0.3097471993976,0.4852219266714,-0.0364862428301,0.0997608292241,-0.0019854392438,0.4277699260721,0.3253539894801,-0.1142944515045,0.0768529479747,0.0737312192374,-0.1273956008068,-0.2150852924634,0.1375154017927,-0.0514069280314,0.0884312209616,-0.1783601660606,-0.1537025561572,0.0295196011372,0.0305355119416,0.2337826302606,-0.0872350953481,0.0211719187892,0.1623666046151,0.1114880916377,-0.0658822456290,0.1338794863273,0.0946290974900,-0.1328552414950,0.0065333435800,0.1388911937631,0.0187901917229,0.2033628684740,0.0814468492997,-0.0122755387704,0.2821568059341,-0.0559762682373,0.2774810031365,0.2966352387661,0.5369435419719,0.7871243262533,0.6194337290459,0.6694151084724,0.3572874093355,0.5693764118320,0.3849912626883,0.5743212216766,-0.0612222240856,0.0802844762444,0.2278810370985,0.4496887619643,0.3881391034326,0.5516612216900,0.0760457159852,0.0499512175254,0.2893977533861,0.3978870589770,-0.1299298560089,-0.0524363389202,0.0804484129130,0.0570307365947,-0.1584159812108,0.3496342239123,-0.1258097183968,0.0905456765932,-0.2292655018489,-0.1319201043338,0.0919417230132,-0.2493042407775,-0.2201551517986,0.0259004456549,-0.2136811449381,0.0979835834957,-0.1266381669414,-0.0300744757540,-0.0058081585556,-0.1106007745010,-0.0354376370460,0.0271549902326,0.0161375068569,0.1423757571286,0.2933841819392,0.3606075823178
-0.0263890231183,-0.2228982911885,0.0680614287473,0.3594566629334,0.0554317919322,0.1202749636417,0.3215430840116,0.6626533120589,1.0000000000000,0.2060469022076,0.5231291478256,0.4109853954583,0.4509353996628,-0.3149614078246,0.2042672372920,0.3529105988292,0.3977236535601,0.2777568118432,0.5113209369380,0.5916867737136,0.0479507611390,-0.0377525676802,0.0517068500318,0.5324616047678,0.4941343169863,-0.0253357383121,0.2768237796147,-0.1033761617303,-0.2257949476386,-0.3176130096370,0.1372395535057,-0.0275744302119,0.1040151674918,-0.0768765088728,-0.0123726801473,0.2201581505947,0.1020657084105,0.3112631434495,0.1309800386777,0.1772569309824,0.0225400540528,0.0314427967952,0.2129441982718,0.2099691543010,0.1022533523192,-0.1720316192644,-0.0337135265378,0.2283919528091,0.0227011032175,0.1592090075508,-0.1081803393897,-0.1947231243497,0.2569450200927,0.0259785387719,0.1523723964720,0.2899831205878,0.3869188879097,0.5425488272592,0.4597046911979,0.9049613106108,0.2846201736869,0.5090910599909,0.3042070021629,0.4079757623989,-0.2481110834739,0.2518409937167,0.3813328626426,0.3119940500064,0.5880602742617,0.7027629131098,0.1120165502632,0.0071312953046,0.3607287103895,0.4775800130075,0.0180738384407,-0.0974184163758,0.2162700010721,-0.1649949520631,-0.2807160811038,0.2831786246526,-0.2090838671658,0.0621959959043,-0.3827025061937,0.0907275976662,-0.0059374498943,-0.3255842259237,-0.1026477617980,0.0438073877959,0.0112443870857,0.1205606415516,0.0791949474788,0.0739056194546,0.0644117495303,-0.2048418557315,-0.1704352097353,0.0759727872404,-0.1808976719764,-0.1407180899997,0.1845669968184,0.3023697984574
0.2218127213155,0.1106825855674,0.2815334221738,0.3397599493759,0.1818237225593,0.3651671694324,0.2752463665106,0.2543036481680,0.2060469022076,1.0000000000000,0.4945186289817,0.6124963026833,0.2524040423871,0.2556565104254,0.3404261515884,0.2292580386010,0.2375960147472,0.1842592928032,0.2720193933100,0.1285171273198,0.1062161100762,0.5593509905280,0.2422496463740,0.2954283115753,-0.0903953463020,0.0266526352674,0.0730153327566,0.1500490256824,-0.0095909383358,-0.0213714228526,0.2337057382064,0.0636027589303,0.1250027335029,0.1156764769866,0.0228345448428,0.0930632715072,0.0356725506281,0.0545715733013,0.0182214872844,0.0819801165060,0.2239391178016,0.1900891390094,-0.0966136596876,-0.1235800165763,-0.0634027714760,0.0409234080393,0.0463841812299,0.1558306877241,0.0640559743530,0.4481131437978,0.2500686645616,0.1833973788167,0.2518362902961,0.1992031804244,0.3124589087934,0.1973119105182,0.2825290212713,0.2508360549907,0.2974506957509,0.2228412175859,0.7915696474488,0.2036514619902,0.3911427930762,0.1161098750620,0.2473744561728,0.0915679597004,0.0984100011914,0.1208279290272,0.1349107078112,0.2224271783564,0.1240505650631,0.3564765027253,0.2133433184659,0.1676723764171,-0.0951837200720,-0.2111327841881,-0.0341672168122,0.1668972156620,-0.0315909327975,0.2873805690142,0.0173582358244,0.0685665969334,0.1545336843215,-0.0573379372993,-0.0718292885672,-0.0150686596632,0.0449698779368,0.2342064262375,-0.1957934841331,0.0323357873529,-0.0609528951081,-0.0193496832089,-0.2140649756324,0.1153024717487,-0.0332654901966,0.1350858174695,0.1381992511984,0.3467838155768,0.4924727612602,0.2083945612021
0.1108503936885,0.0738886388836,0.0866121760607,0.3500236720351,0.1197027340807,0.2880644776113,0.2373475604277,0.4718987791281,0.5231291478256,0.4945186289817,1.0000000000000,0.7125597177748,0.4713694265401,-0.0183947196636,0.4159856024266,0.1452678138407,0.3710672468921,0.4528292568484,0.1946046989305,0.3180079177077,0.1158569550700,0.2524324193064,0.3710079701759,0.5056194958703,0.1926696896740,0.0141092330765,0.2618359310543,0.0422765625358,0.1147364748190,-0.1083975051120,0.0991027206732,0.0252662018064,0.0462585295952,0.0033675702993,-0.0526641995082,-0.0232388112764,0.1194574862778,0.2599990255612,0.1064007183347,0.3073852501363,0.1896099231936,0.1821908673322,-0.0643149349972,0.0714325304638,-0.0870471284258,-0.0625366687228,-0.0394390108309,0.3611281750694,0.2281366823900,0.4266638912975,0.0956407752776,0.0398371707354,0.2876076908673,0.0943439919955,0.4791312245469,0.1211317041342,0.2814156039260,0.4237111868781,0.4688211787354,0.4528682965440,0.4490358223124,0.6307404608933,0.5559610950110,0.3275651326805,0.1026440455565,0.1704735115230,0.0068764078285,0.3175094583282,0.1886885706714,0.3817599179374,0.0818792298980,0.3705486632681,0.3068799030960,0.2204537924096,-0.1693507309056,-0.1753644519474,0.1357624360852,-0.0508515716351,0.0426956796151,0.2440810093473,-0.1567596810709,-0.0680713425786,-0.1623799912736,-0.1620911524437,-0.1484932115966,-0.2119447187025,0.0233687565399,-0.0140406891390,-0.1336189156083,-0.0012203408595,0.1099453713588,0.1630064374768,-0.0945106529902,-0.0963162709933,-0.1316554168419,0.2582605564433,0.0884761606439,0.0018507534943,0.3957017889836,0.3480961175964
0.2132542707056,0.1233278885623,-0.0072637547495,0.2418978571463,0.2702135263982,0.1670434615303,0.2335794887693,0.4452517559747,0.4109853954583,0.6124963026833,0.7125597177748,1.0000000000000,0.4908423260367,0.1190856756485,0.2589888598188,0.1668836209567,0.4486120948498,0.4488642458882,0.2374795498231,0.2178540342567,0.2752736959300,0.4661207879413,0.5030659868187,0.4584837717191,0.0237832375525,0.1483963479026,0.1296889884517,-0.0564998673304,0.1069483935730,-0.1486862166210,0.2337709015544,-0.1046061132773,0.0918010677747,-0.1047757329167,-0.0295475843243,0.0085865978879,0.1206172065933,0.0774694563542,-0.0843560738823,-0.0003262307402,0.1040715207213,0.0969259079308,-0.2863432929160,-0.1649984454816,-0.2360244197511,-0.1230694128506,-0.1062230814203,0.1818989544534,0.1193973624521,0.4797366150107,0.2417843844529,0.0122530228946,0.2346275204371,-0.0125683599711,0.4477601460908,0.1217943567297,0.4371935847004,0.4136352029672,0.5628653737563,0.3698966781521,0.5267252281601,0.5285930379325,0.7636943251472,0.3576783889955,0.1878177459762,-0.0376565866831,0.0051183826718,0.4730487471449,0.1898683086769,0.3527684124699,0.3776262002222,0.5427163253982,0.3751516397010,0.2738621611252,-0.1100772056208,-0.0647674008390,-0.0026324680233,-0.0794155316643,0.0428335651357,0.4567001778436,-0.1752841900573,0.0771011764552,-0.1396388749633,-0.2725550532235,-0.2054073311602,-0.1310865328787,0.0430298295019,0.0819218833765,-0.2826862360112,-0.0875292031657,-0.0838733709227,-0.0511323919678,-0.2580024382060,-0.1353325503067,-0.1873932587814,0.1643383462229,0.1312228497747,0.2082829593336,0.3994027727727,0.3848675858909
0.0349306838348,-0.0014099430934,-0.0535458256962,0.3043222957912,0.2130011398254,0.1019990821410,0.4115262973082,0.5747942362000,0.4509353996628,0.2524040423871,0.4713694265401,0.4908423260367,1.0000000000000,-0.1400625976876,0.2930370889605,0.2542078908027,0.7023138697949,0.4847237258822,0.2141332138337,0.3381934830863,0.0097054579190,0.1700786709680,0.0294303193284,0.5627268303319,0.1309744716087,-0.0991434058276,0.2304853291645,0.1427983127164,0.0524648612340,-0.0386338356152,0.3013274001895,0.0991648738016,0.2953054532133,-0.0497424997202,-0.0366933927622,-0.0714471124741,0.0738280511049,0.2237317147105,0.0829164686944,0.0809198018893,0.3275899218451,0.3028715184843,-0.0107660739588,0.0436640488789,-0.0474216635883,-0.0143611555351,0.0881360539502,0.3188004675146,0.2143205427438,0.2897975171549,0.0501453185972,-0.1151251317282,0.2350565406034,-0.1651932988223,0.3717808647020,0.2914898642559,0.6423452514974,0.6723422695134,0.6277989548797,0.5555118062337,0.3351583033724,0.6870559542485,0.6045796661913,0.8627386411422,-0.0970010286948,0.1784530520715,0.1426320730048,0.6216701793922,0.2416676485554,0.5365482379230,0.1418517432183,0.0722811292585,0.3275876350796,0.2482674286332,-0.1933458020050,-0.1744704479323,0.0549035969227,0.0233679648711,-0.0223234974459,0.4636967214473,-0.1200296430311,0.2232278947355,-0.2157916040582,-0.1458946157687,-0.0274112831852,-0.3093159326935,-0.1843891632182,0.0375387128188,-0.1593790739533,0.0118103673010,0.0550210915636,-0.0859097473863,-0.0957330772521,-0.0968923611662,-0.1254957841966,0.2177443743923,0.1383932551004,0.2840365075793,0.3909071419398,0.3745404874531
0.5864197130021,0.4903690454439,0.2808182291801,0.2607000148937,0.4570657473914,0.1661797322561,0.2081232145483,-0.1733256680010,-0.3149614078246,0.2556565104254,-0.0183947196636,0.1190856756485,-0.1400625976876,1.0000000000000,0.3935369884174,0.1701311155768,0.1206469216962,0.2241237606693,-0.0883434781057,-0.1782099482178,0.3461335260246,0.4880633408986,0.2952744288733,0.0476010973289,-0.2503351884874,0.3184633643029,-0.1395265216682,0.2318942251126,0.3708213474322,0.3266102231730,0.3042519850000,0.0522105313688,0.0912888669062,0.1000270477992,0.1511545786849,0.1194624837253,-0.1205096225573,-0.2200395369495,-0.2858109203675,-0.2151603835628,0.1749786654005,0.1080672744346,-0.3069397516688,-0.3042033272188,-0.1665755018755,0.0119594265363,0.0515611573828,-0.1422380019134,0.1900769627315,0.2758174475176,0.6628586849698,0.5128128734071,0.3095263470519,0.2534705775465,0.3521993870796,0.2495245626910,-0.2019415180186,-0.1699501361530,0.0665156473976,-0.2675882547828,0.1265192837773,-0.1140982071203,0.0098543734857,-0.2695043931212,0.7705148843167,-0.2119896895061,-0.0644002905328,0.0567277021258,-0.1195488163696,-0.2440627995653,0.0915822832416,0.3088051099661,0.0218398959497,-0.0873343506487,-0.1891258822765,-0.0300084907219,-0.3219545914116,0.1699452529228,0.3459278737665,0.1214330150694,-0.0218016679384,-0.0357661262914,0.2669842689539,-0.4196399677379,-0.3434884520173,0.1931992865807,-0.1102957734110,0.2145619420798,-0.3579754993351,-0.2226544933643,-0.3621544068182,-0.2486080733666,-0.3021932044179,-0.0480087311172,-0.0851996384038,-0.0383402824843,0.4907806745543,0.4651170126355,0.1260003901920,0.1016524133854
0.4755050358166,0.4356095610682,0.2218649047955,0.7258061193423,0.3817019110220,0.3443492436803,0.6295852513126,0.2539561269481,0.2042672372920,0.3404261515884,0.4159856024266,0.2589888598188,0.2930370889605,0.3935369884174,1.0000000000000,0.2751195913818,0.3300751773588,0.3710282075905,0.1134030219828,0.0492639618362,-0.0480347325456,0.2977574835921,0.0309831508912,0.3261945620732,-0.1243828684570,-0.0797791939922,-0.0138927326119,0.2863238580022,0.2726302570438,0.2096297523585,0.2167098794369,0.1527340044198,0.0222746172916,0.0290511095794,0.0250811662427,-0.0182848878002,-0.1522846060883,0.1554297657376,0.1458462794736,0.1667953773281,0.4556702730166,0.3058696818834,-0.0213294123602,0.0730951903616,0.0298088868402,-0.0987893034831,0.0646243195977,0.3791623152242,0.3483915069071,0.3372173196236,0.5153539981724,0.5133440070652,0.6923323411678,0.2001140907276,0.5279346281986,0.5534980138562,-0.0480682799137,0.2880419148813,0.3637591814663,0.2689569585900,0.3105677677902,0.4334759303570,0.2237187726497,0.0882077803336,0.5730854723067,0.3618539692863,0.1152409808685,0.1671026608428,0.0558054705171,0.1290343606549,-0.2181144612815,0.0817137880795,0.0362226402977,-0.0203973522320,-0.4775825685320,-0.2600967454026,-0.2937947308327,0.0959308438271,0.1868453550325,0.2025493711423,-0.2141824888823,-0.2038395978045,0.0576479020424,-0.2831935173513,-0.1893618892902,-0.3028757120076,-0.2840624271059,0.2171084406498,-0.2973171677849,-0.0290327412796,0.0422137921010,-0.0603429658984,-0.1395069769955,-0.2267746479689,-0.2616304844860,0.2996798349564,0.4336929576554,0.3429461463934,0.3232339351007,0.3347043859041
0.0991855166066,-0.1920992949738,0.2443856275665,0.4316119727079,0.2567132253660,0.3182407783481,0.5487527156188,0.2216532784647,0.3529105988292,0.2292580386010,0.1452678138407,0.1668836209567,0.2542078908027,0.1701311155768,0.2751195913818,1.0000000000000,0.4331162913584,0.2723197800238,0.5734894731397,0.4927969152968,0.3591495589551,0.1378062941848,0.0429632450454,0.4199076337819,0.1202805838055,0.2023460017755,0.1473082653813,-0.0553369498341,-0.1616672424637,-0.1626719979273,0.6807994780726,0.2734558591106,0.4057762389082,0.1784049962181,0.5643152323491,0.5420774645869,-0.0105426087569,0.2955775778298,0.2003930949449,-0.1124572829557,-0.0090786062478,0.0834055165885,0.3247405787426,-0.1181855860101,0.1693529751628,-0.1528953776364,0.0802872549791,0.2567958797903,0.1477912005153,0.2482561340699,0.0866604179679,-0.0561020546956,0.4124419867427,0.1972221041208,0.2082772837526,0.4792912567804,0.1726087898392,0.2919337375883,0.3694134779396,0.4766462460026,0.3082898331796,0.2178366408153,0.1913288528643,0.1752296852313,0.0054083123305,0.3500256534081,0.7047902023078,0.2450537503640,0.5929226313986,0.4796320604245,0.1955638878636,-0.0286800355584,0.4684340830205,0.1192970100454,0.0343740138323,-0.1625251445575,-0.0767368284079,-0.1513434132481,-0.2157578664498,0.4482797790517,0.0797824275262,0.1545544926701,-0.2121918093932,0.1822249633514,-0.0196521443606,-0.1152225722337,-0.0650248638021,0.5773283814694,-0.0890500927546,0.2073011286720,0.0204904728907,-0.2833098883051,-0.2592146394954,-0.1252506542889,-0.2436905950066,0.2953496600420,-0.0427115101542,0.1220621811114,0.0664001957745,0.1114644979279
0.1065761109108,0.0787872115299,0.0294367996141,0.4031999585977,0.3057398322199,0.1460651487627,0.4248476978365,0.4403204628542,0.3977236535601,0.2375960147472,0.3710672468921,0.4486120948498,0.7023138697949,0.1206469216962,0.3300751773588,0.4331162913584,1.0000000000000,0.7279155144556,0.2273099292587,0.4412941513686,0.3763577518400,0.3041889689378,0.1836528321167,0.6811244192817,0.1059812519956,0.1241570593330,0.3110205077943,0.1661204899873,0.0763190817535,-0.0487257559425,0.6226077384066,0.1222955828238,0.5224039794853,-0.0573608432867,0.0123956815502,0.0041650420309,0.1156161897505,0.1828332836852,-0.0245975443267,0.0285573801808,0.2872619684925,0.2883271032656,-0.0356566586138,-0.0603601772778,-0.0996002298224,0.0408046074147,0.1442342019712,0.1201521061255,0.1198967916286,0.3045215377384,0.1266317575367,-0.0257846562754,0.3695383416311,-0.0349490051041,0.3874965128625,0.3845041564653,0.4481876909811,0.5587927832746,0.6315009430382,0.4879441053136,0.2730620246132,0.5368428861340,0.4474224322146,0.5465777105068,0.0353932822955,0.0275298522243,0.2402264703461,0.7967769124319,0.3130705175886,0.5664565119534,0.3676378076205,0.1668866735881,0.4238548140657,0.1990806926179,-0.0030817953171,-0.0645650231772,0.0399066041406,0.0675781280525,0.0143059597353,0.6762756330418,-0.0496603141183,0.3629310200335,-0.2588908589857,-0.1986000252143,-0.1189904436221,-0.1629488092197,-0.1314037708295,0.0728372240898,-0.1450091833528,-0.0466307598698,-0.0564407952627,-0.0956374456039,-0.1263883836348,-0.0293055081297,-0.1438852781337,0.0485148550480,0.1140764989062,0.2838980183205,0.2791532509010,0.3203341401235
0.2304547831604,0.3568975885151,-0.0094624895060,0.3412914634639,0.2880335774567,0.1242566393513,0.2876846642725,0.4499644781451,0.2777568118432,0.1842592928032,0.4528292568484,0.4488642458882,0.4847237258822,0.2241237606693,0.3710282075905,0.2723197800238,0.7279155144556,1.0000000000000,-0.0955785743254,0.2958996123539,0.2143766182188,0.3320661896891,0.2473152672463,0.6070262039247,0.0481277425580,0.1129604844135,0.2222283260935,0.2022665283130,0.3007372569779,0.0866315920496,0.5426823503475,0.1038041202260,0.2394913432188,-0.1196126214483,-0.1007579855796,-0.2366273610273,0.1615300230741,0.2640003247477,-0.0831591578534,0.0228215926810,0.2262754869381,0.2917934268488,-0.2786018619822,-0.0716146600658,-0.1492964343207,-0.0281573032831,0.0908030827747,0.1512630253436,0.1976329371515,0.3106742332649,0.2590668622313,0.1875508814303,0.3384944525352,-0.0097639435822,0.5124262844478,0.2140141543766,0.3074939723565,0.5054965016499,0.6987643962380,0.3121527681523,0.1517182285039,0.4212397699739,0.3000355898766,0.3841724796470,0.2491883022517,-0.1481920628633,0.0083831629119,0.7433091743432,0.0640276021620,0.3153494514084,0.1808207364598,0.2480290437049,0.3973736018019,0.0673315990948,-0.1346279269254,0.0650453247031,-0.0394441050538,0.1134902991219,0.1862511556698,0.6401703150523,-0.1059110839801,0.1101035913026,-0.1442093190348,-0.3941192149321,-0.1750380025413,-0.0618135808922,-0.0969436399404,-0.0381091814398,-0.3122550680242,-0.1185172457179,-0.0763958220733,-0.0364188223202,-0.2166232948882,-0.0950676161226,-0.1255954559043,0.0842576407322,0.2338911883263,0.2636661921758,0.3158206344308,0.2618113123094
0.1722053750981,-0.4928964788753,0.3492545818361,0.4003909973933,0.2859514347436,0.2737209308599,0.5277688250976,0.3097471993976,0.5113209369380,0.2720193933100,0.1946046989305,0.2374795498231,0.2141332138337,-0.0883434781057,0.1134030219828,0.5734894731397,0.2273099292587,-0.0955785743254,1.0000000000000,0.4053921809259,0.2100942612883,-0.0676357353955,-0.0036797005884,0.2754360110742,0.2219169572035,0.0577745980472,0.1278898356702,-0.2313630729985,-0.4925309679105,-0.5118995050186,0.1691764299154,-0.0429599861332,0.0995669024872,0.2211291231645,0.2474985881362,0.6071663792324,0.0151178009291,-0.1329055035175,0.0968893081261,0.0528253547976,-0.0624491412270,-0.0062485817333,0.4006523046215,-0.1107889252615,-0.0482085947201,-0.0807359183722,0.0328279247951,0.0731659017212,-0.1790045530927,0.1657718278848,0.0754286422686,-0.2625090319005,0.3131882423730,0.2388596847717,0.0300185418593,0.5872063295235,0.1219313416636,0.2386565714283,0.0819171450253,0.5512380427395,0.3974446860384,0.2094342082027,0.2507385318824,0.1969579760861,-0.1861924862620,0.2800311578885,0.8192750203630,0.0781721567200,0.8349786718753,0.6215664737755,0.2183537405301,-0.0676184866237,0.2352286457165,0.2655334885397,0.1680538926491,-0.2873299084044,0.0861529129818,-0.2545326394690,-0.4653756993386,0.1963327419569,-0.0933533251266,0.0882634409259,-0.3298412278618,0.3826195775417,-0.1287650922023,-0.1510925527311,-0.0314284199897,0.4651191203109,0.0721288646914,0.0941783361416,-0.0077717803976,-0.1081506746948,-0.1418981779724,-0.0490216334950,-0.1688247423128,0.0301048509212,-0.3013605375540,-0.0304715542859,0.0185547446390,0.1262117348465
-0.1728553700998,-0.2899936781913,0.0439659181832,0.2227462626151,-0.0935284949436,0.0684902073156,0.1069641035442,0.4852219266714,0.5916867737136,0.1285171273198,0.3180079177077,0.2178540342567,0.3381934830863,-0.1782099482178,0.0492639618362,0.4927969152968,0.4412941513686,0.2958996123539,0.4053921809259,1.0000000000000,0.3713308843002,0.1089239340998,0.2197559304367,0.5152942621608,0.6312121940184,0.2819813299607,0.4074617514129,-0.0211607958640,-0.2261985614593,-0.2208526135103,0.3833337832775,0.1321105347730,0.4336636205158,0.0245080380270,0.2383958484770,0.3741494643683,0.2016517811850,0.4771664723806,0.0436409190038,0.1237828094535,-0.0439285879458,0.1012621718861,0.2604060373063,0.1828328620502,0.2376637363149,0.0841408791960,0.1805199532018,0.0694287487619,-0.0458270434971,0.2245358304504,-0.2710704463138,-0.2953369344093,0.1473173775357,-0.0142607948470,0.0484545744529,0.0877914816772,0.4033776857785,0.4182225453605,0.3360461646910,0.5750161605921,0.1515746897608,0.2745679770219,0.1866760087362,0.2319829510398,-0.2959311390204,0.1397727570586,0.4027474481920,0.3538462259561,0.5922029569572,0.7533753270757,0.2799471774791,0.1568089037778,0.6082836298282,0.6146437367201,0.3064221138050,0.1251376504833,0.3902083263938,-0.0499048774577,-0.2841284190164,0.4350113906348,0.0608064104125,0.3827741938449,-0.2933170757407,0.1614642344806,0.2215978100463,0.0010260458241,0.0587670668690,0.1051208428449,0.1103763202812,0.4582447361668,-0.0182137071285,0.0556764632047,0.1654941428678,0.0128458526184,0.0043273751430,-0.0320373318923,-0.2419885131276,-0.1677044860193,0.0902502951123,0.2298423491601
0.0497800573526,-0.0525857614438,0.0398181249107,0.0665884621969,0.0812088074241,-0.0468679998720,-0.0422911565376,-0.0364862428301,0.0479507611390,0.1062161100762,0.1158569550700,0.2752736959300,0.0097054579190,0.3461335260246,-0.0480347325456,0.3591495589551,0.3763577518400,0.2143766182188,0.2100942612883,0.3713308843002,1.0000000000000,0.3651925671554,0.6034803156086,0.3074034093445,0.2015681452106,0.7239628308775,0.2326693862985,-0.1749156142743,-0.0335768981130,-0.2080759485077,0.5151216810994,0.0312607392830,0.4463935175086,0.0104989807489,0.4015122188551,0.3895835984367,0.2439978106905,-0.1130546049413,-0.1378581506337,-0.1359959817131,-0.1987150144080,-0.0856705115457,-0.0310914899682,-0.2365491344796,-0.1001333548856,0.1295855959874,0.0802727897475,-0.3724447160842,-0.2269798391392,0.4462778197111,0.0112099151521,-0.1156238333208,0.0456591240735,0.1051077910698,0.0010374221084,0.0702108476798,0.0978694718542,-0.0888029390143,0.1956095013314,0.0262480720691,0.0964716080170,0.0587475146740,0.2891583666308,-0.1318557907116,0.0942146499500,-0.2463687060440,0.1290778822389,0.3189699214837,0.2918700175868,0.1961493396548,0.7428664716386,0.4982747002295,0.4552383609417,0.2857901224535,0.4204284946207,0.2992732110666,0.2070771250021,-0.1292093480075,-0.0391883992421,0.3823110043169,0.1723309339945,0.4602075744390,-0.2442059221397,-0.1317430538616,-0.1259334760895,0.2992334348497,0.3290353009687,0.2355835009239,0.0557364587553,-0.0236784844129,-0.1552801355897,-0.0796891624750,-0.1014593415379,0.0022733397735,0.0853161768995,-0.2696861891022,-0.1520170753586,0.0334799555848,-0.0507321105663,0.3390459721793
0.2048532511370,0.3749962109332,0.0887348582925,0.1970822761828,0.1749110043326,0.1141499190771,0.0946981017331,0.0997608292241,-0.0377525676802,0.5593509905280,0.2524324193064,0.4661207879413,0.1700786709680,0.4880633408986,0.2977574835921,0.1378062941848,0.3041889689378,0.3320661896891,-0.0676357353955,0.1089239340998,0.3651925671554,1.0000000000000,0.3938318857373,0.2320730365364,-0.1433500898053,0.3660652408984,0.0621346295891,0.3634884116082,0.3118969417324,0.2362987727476,0.3642522064659,0.0672446966319,0.2297087921812,-0.0331259616511,0.0326995269804,0.0074410333763,0.0354402358364,0.0296900582533,-0.1586669835934,-0.0935788529931,0.2368324684997,0.1362970482348,-0.3312978829569,-0.1779251674722,-0.0650447421832,0.2064245916709,0.1275137794934,0.0007886247370,0.2122933417722,0.3075898431714,0.3197436324748,0.3124078960479,0.2361084201659,0.0427625309045,0.2530544765097,0.0820736479510,0.1824026073469,0.1215847681244,0.3056635195436,-0.0425117390941,0.4974907592665,0.1426745952053,0.3187728137586,0.0128741811351,0.4251083368092,-0.0978219418917,-0.1830712565649,0.2483200030376,-0.0804015356184,-0.0123719784416,0.3230858055914,0.5447905703904,0.2713377391209,0.1819774062907,-0.0518929714196,0.1109594071384,-0.1020729707837,0.3190588689152,0.2723830075710,0.3170275845639,0.0124747472617,0.1612447606566,0.2280170944781,-0.3640164933333,-0.0863382936475,0.1582493298659,0.0139274850554,0.0991591622114,-0.2370794179101,0.0093553718249,-0.2308997258121,-0.1396973011734,-0.1495652758193,0.1619504283845,0.0465799704921,0.0054870728942,0.4350639568086,0.5499516963205,0.3201931193942,0.2331400135432
0.1164321954328,0.0849686003241,0.0707357495706,0.1065309753688,0.0438197242899,0.1612197787862,-0.0919730909627,-0.0019854392438,0.0517068500318,0.2422496463740,0.3710079701759,0.5030659868187,0.0294303193284,0.2952744288733,0.0309831508912,0.0429632450454,0.1836528321167,0.2473152672463,-0.0036797005884,0.2197559304367,0.6034803156086,0.3938318857373,1.0000000000000,0.2962211070570,0.2107506213196,0.6386490868995,0.3622370360734,-0.2019457834983,0.0511556299162,-0.1268131961227,0.2220700834724,0.1054674481924,0.3084478412212,0.2031177245363,0.2688146727056,0.1561523491404,0.3974950338893,-0.0245805310829,-0.0482550060642,0.1611690816029,-0.2081327876448,-0.0740167503836,-0.1918150521690,-0.0808518650508,-0.1503978858069,0.2488031169509,0.1074373667213,-0.1106862489061,-0.0465948396287,0.4632089015240,0.0438457189285,-0.0067582847966,0.0208256946219,0.1548525883646,0.2073697196417,-0.1003773941546,0.1193988429230,-0.1152139099261,0.1360993288686,-0.0416912101896,0.0727179321498,0.1424952116411,0.4092231224536,-0.1546318755071,0.1556686643763,-0.2978722528119,-0.1197557800179,0.1855216625181,0.0588572636352,0.0781723076950,0.4590902167053,0.8506681612653,0.3199243781655,0.2986103624365,0.2093447745984,0.3117627908346,0.2996142200926,-0.2333881639816,-0.0302799716135,0.2042388636942,0.1474964479549,0.3666213252446,-0.2368203086047,-0.2531231922290,-0.1897302733162,0.3838422734357,0.4122700894102,0.1120671046962,-0.1308520558854,-0.0735620561634,-0.0995535416655,0.0844642087526,-0.0759356032503,-0.0393348379994,0.1073814818149,-0.0565830425918,-0.0670759776688,-0.1047875279722,0.0077815226909,0.3067239562062
0.1103230040347,0.0116344914197,0.1036987383298,0.4264510603623,0.2188627572371,0.2555002797109,0.3508578953098,0.4277699260721,0.5324616047678,0.2954283115753,0.5056194958703,0.4584837717191,0.5627268303319,0.0476010973289,0.3261945620732,0.4199076337819,0.6811244192817,0.6070262039247,0.2754360110742,0.5152942621608,0.3074034093445,0.2320730365364,0.2962211070570,1.0000000000000,0.2273653742953,0.2008005235871,0.5111971131114,0.1160742218924,0.0463294778191,-0.0725811157684,0.5247653729060,0.1592595876624,0.3694964239011,-0.0005998122982,0.0915353395893,0.1085894097163,0.3256121753332,0.3087868687766,0.1297133494257,0.1473356119508,0.1793997390587,0.2465841823389,0.0556286150551,0.0400360505909,-0.0457410760181,0.0533357950087,0.1318747517154,0.1974380635589,0.1499744817143,0.3531318583928,0.0736118197164,-0.0514096024736,0.2986694022465,0.0711589316496,0.3648657884638,0.2923788958126,0.4672514487705,0.4622876514219,0.5616150809305,0.5608666343111,0.2200467336276,0.5106629607536,0.3313461343186,0.3708090521596,-0.0318530151258,0.1062715674919,0.2261401366928,0.5621246415693,0.3808347669761,0.5570408334936,0.2394781340751,0.2196803906822,0.6767058578388,0.2797445782898,0.0236916288081,-0.0618298994243,0.2434624525703,0.0229647835875,-0.0208412668573,0.5859903773188,-0.0594703516117,0.2413445833028,-0.2850561042141,-0.0667673817496,-0.1032116461822,-0.1401828513460,0.0565238048116,0.1627531365019,-0.0582094634774,0.0592495138051,0.1258298905517,0.0398016070078,-0.0631929610704,-0.0432884494996,-0.1400090437798,0.1494089623569,0.0397401852241,0.0821891317264,0.2664061368621,0.3299395575854
