1.0000000000000,0.4104728174254,0.5976160870429,0.4143084845844,0.6411568428967,0.4546369617630,0.3304080000704,0.0124429026799,-0.0160077960746,0.2887926181795,0.1685457397601,0.1350606489070,-0.0373981647728,0.5047080892295,0.2447478923007,0.0969409956836,0.0900029552215,0.0248395984941,0.0590960290476,0.0637625748559,0.1406383612593,0.0980833144581,0.2450321671200,0.1332760718334,-0.0920270695209,0.1465917186292,0.1633558295409,0.0348642156616,-0.1081938193426,0.0810712714562,-0.0066867998111,0.1338315659654,0.0568853171625,0.2350617045572,0.1944849106314,0.0913320604365,0.1617886644575,-0.0161341747137,-0.1068168253583,0.1279957816418,0.1437561484253,0.1208245799822,-0.0303392675991,-0.0538516590176,-0.0629033393682,0.2319478893571,0.0506453812016,0.3539761134320,0.1277071094214,0.2429480238140,0.8180391508745,0.3689554928640,0.4393055371754,0.5507878540504,0.5337648045869,0.4880891560294,-0.0914382396237,-0.0863447359635,0.0248656068098,0.0025464600841,0.1239732014020,0.1823466242649,0.0940491383321,-0.1923046259262,0.3592359412784,-0.0631879755975,0.1151882538429,-0.0083709404951,0.0133761251426,0.0583857480785,-0.0272229414724,0.1470118068645,0.1193420994373,0.0997026960134,-0.1466683749038,-0.0622510538537,0.0302042240867,-0.0169056668403,-0.1106093978251,0.0158188354420,0.0167671306699,-0.0473152120269,-0.0797618961027,-0.0500517380567,-0.1613221191088,0.1016819796364,0.1526920614423,0.1201740735506,-0.0693040939715,-0.0883142978101,-0.0598199699775,-0.0367447144867,-0.0616266475246,0.0999944051812,-0.1303055680037,0.3633882468591,0.1400622688642,0.1278737151931,0.1701552149149,0.0523970851600
0.4104728174254,1.0000000000000,0.4739349252986,0.1719951710349,0.3883435793566,0.3581573423783,0.1557084718687,0.0733186882889,0.0559762863514,0.3677211163621,-0.0617487983792,0.0473875606027,-0.0575361242599,0.3578055490910,0.1860279177892,-0.0120164470906,-0.0323094012734,-0.0208027072192,0.0383857426318,-0.0302691959498,0.0931062418944,0.2755969350635,0.1018477032133,-0.0442193844514,0.2123313599052,0.1364662363001,0.0073384647590,0.1802104480478,0.1288467634480,0.4232147655010,-0.1279559728710,-0.0490896774432,0.0282383719292,-0.0682864761122,0.1735655914316,0.0160429307977,-0.0836657537989,-0.0129377838054,-0.0947747174095,0.0830281346558,0.3525277784928,0.1973876669617,-0.1246840773658,0.0541138755554,0.0860567949681,0.1712310942644,0.0797488079649,-0.0557668409631,0.3667308595381,0.2479176526606,0.5080532331640,0.8685828019418,0.0688620007793,0.3570228014285,0.3237933578961,0.1694189112710,-0.0519205735999,0.0916060344559,-0.0007369056992,0.0579939323719,0.1354976603494,0.0308782273621,0.0240203265831,-0.1858466717456,0.4248250342400,-0.0656160293792,0.0738222005881,-0.1597034769011,0.0996067008704,-0.0176381370323,-0.1005483303470,0.1437369458633,-0.0564324967315,0.1662409115646,-0.1958790560636,-0.0476388131400,-0.1019737047670,0.0595351042031,0.2726663027501,-0.1301013292352,-0.2659343355116,-0.0572676910417,0.1851751599345,-0.1895777369536,0.0424345304229,0.0883226429235,-0.1299158774873,0.1110318971835,-0.0673743587441,0.0807283460271,-0.0720446761999,0.0215233110213,0.0801237410419,0.0822274939499,-0.0137882219968,0.0810101808478,0.4057591265792,0.0530979462800,0.0957884554026,0.0748135744376
0.5976160870429,0.4739349252986,1.0000000000000,0.5998459836854,0.6282696543940,0.7182875990813,0.4688161432222,0.2982186451945,0.2920819588190,0.4226075985765,0.3115278674303,0.4201780379923,0.2642310624804,0.4995649273232,0.4917386413280,0.3839776209823,0.3134788735543,0.1378311318153,0.3495138924025,0.3377709201412,0.3158577048972,0.1045704626859,0.3373005045988,0.1820479599248,0.2261024915336,0.3047453407547,0.2919293315877,-0.0692737267627,0.1580960352676,0.1271947235710,0.2390579825378,0.3833676967291,0.3755825190728,0.0724039210753,0.3365389976607,0.3090974192391,0.1854934819093,0.3217074671927,0.0169031675464,0.3285096890269,0.1314701376304,0.2062891565402,0.2106256843224,0.2739877561487,0.2559407783074,0.1673755449414,0.2425470183651,0.4892200231260,0.1511083629408,0.2426553268300,0.5951512954288,0.4477621054853,0.4538260101149,0.8503516621126,0.6052629974818,0.5488841740524,0.0824202571471,0.1123805116160,0.1552836202073,0.2953331002020,0.0087243143414,0.2380463107041,0.0941077545218,-0.1094502452216,0.2296986010376,-0.0734603514794,0.2939668642851,0.0605472772164,0.2758386443640,0.2028579921699,-0.1789061184676,0.0053544460332,0.0837154924489,0.2080326148268,-0.2069878679088,-0.2785031429898,0.0654542332775,-0.2108364963862,0.0091138878828,0.0626093530717,-0.1530110064785,-0.0890356202048,-0.2737379707499,-0.0286146132770,-0.1022351697985,-0.2741465568701,0.1047369392463,0.0018661420558,-0.2601234246677,-0.0293287503984,-0.0902724528399,0.0548984344366,0.1436049435211,-0.1397888770953,-0.3823098989808,0.4103548156200,0.0502963193050,-0.0878276262493,-0.1615537868223,-0.1615114682481
0.4143084845844,0.1719951710349,0.5998459836854,1.0000000000000,0.5164008859429,0.6463956523932,0.8005003213397,0.4156841354866,0.4006585404440,0.2652310431735,0.3722446166762,0.4134035815653,0.3651183689362,0.4672910133091,0.7333682878827,0.7293269681959,0.6251880484611,0.3769876682712,0.5535429189591,0.5569428607081,0.5598433575287,0.1622711697238,0.3375805756785,0.4784976971441,0.1684802562167,0.2579957654131,0.3920244487870,-0.2269608847727,0.0216391856045,-0.1329754536809,0.6194332918215,0.5301283373719,0.5157355971287,0.1034620218482,0.5781389177218,0.4963528779406,0.1678550996040,0.4521276501975,0.0464701492161,0.1345935678332,-0.0366932180618,0.0151057302357,0.3013658324934,0.1776938824915,0.2470535904960,-0.0176369605310,0.2474708520142,0.4009736749695,0.0494503896247,0.3142197033711,0.3433219614914,0.0810004368243,0.8329571060907,0.6601565098088,0.6243603248849,0.8247520501147,0.1704216392890,0.1624810101892,0.4744430517490,0.3395589630672,-0.0257536747613,0.2222711019198,0.0938577222846,-0.0463523213347,0.1475320599681,0.0241766758840,0.5860943688297,0.4489019393322,0.4754246818802,0.4161359713727,0.1453063776717,0.0265479299072,0.4050313535123,0.2573238617023,0.1843732116929,-0.1643507292086,0.1544421879300,-0.3231318120342,-0.2559782323493,0.4544880623579,0.0913923808009,0.1802149527785,-0.5365426303980,0.1443600892671,-0.0893810282947,-0.3120976705992,0.2497684875830,0.1378888853616,-0.2107895671546,0.0902759694108,-0.0256802592038,-0.1678646290183,0.1000489162949,-0.2960169038613,-0.5104130174288,0.3754107127243,-0.0743346940198,-0.2071210265652,-0.3461719193094,-0.0889546135014
0.6411568428967,0.3883435793566,0.6282696543940,0.5164008859429,1.0000000000000,0.7014368134367,0.4068160993599,0.1056157726537,0.1103291378524,0.3263978487739,0.1891179851521,0.2423005649835,0.1848214655637,0.5107496339678,0.5384665127083,0.2661426205808,0.3313179182334,0.0826453224577,0.1861351969056,0.1756210419783,0.2884125482992,0.3405871664910,0.2411303133284,0.1814298490362,-0.0493030386841,0.1308009290659,0.3519110304430,-0.0064563521243,0.2013655993016,0.0476050770462,0.1772838500339,0.2884814258210,0.4114056498324,0.1185885170707,0.3299145489936,0.2059770569728,-0.0209325646533,0.1746381672182,-0.0573829782342,0.1033844282198,0.0983961585720,0.1003370287370,0.0823958303279,0.0052691833774,0.0985383344802,0.1507550315732,0.1262102448707,0.4156230964843,0.3591955349585,0.3078047468342,0.6706611547958,0.3696327694074,0.4879311360128,0.7241735380992,0.7350467141663,0.4582956295181,-0.0851687101696,-0.0806809880382,0.1170981150280,0.0772943517742,0.2191713516881,0.2443397191420,0.2392827653774,-0.0006748047894,0.3284337553156,0.0900665272990,0.2633653748350,0.1430778829029,0.1516773884588,0.0780552863151,0.0041641298606,0.1440670422180,0.1241816817098,0.1502479080737,-0.1690135596815,-0.2281556622781,0.2358947690038,-0.0340860538837,-0.1009963509628,0.1030950243788,-0.0220561395451,0.1586865955518,-0.2255004075480,-0.0102837279523,-0.1580181371729,-0.0804446419736,-0.0367877323618,0.1203247757504,-0.1155509254166,0.0160244945125,-0.0775593027314,-0.1275144675453,-0.0497672499721,0.0492234395674,-0.2575214733093,0.4283519952034,0.2359584584640,0.2738376190600,-0.0381152284196,0.0048692322472
0.4546369617630,0.3581573423783,0.7182875990813,0.6463956523932,0.7014368134367,1.0000000000000,0.5632630309108,0.3834392347610,0.3481671716299,0.5582167919427,0.4054926120020,0.4679864914937,0.4458330309212,0.3939979693748,0.5998364431331,0.4238605387107,0.4625166797880,0.2544394348023,0.3658393657352,0.4395684102345,0.4902406257282,0.3339391760345,0.4905072933512,0.3790183827396,0.2186349715684,0.4109510170465,0.4894977550961,-0.1349286666251,0.1794993019218,0.0453440713268,0.3454414189418,0.4908630384699,0.5642089267865,0.2087674299103,0.4830822252353,0.3100755525896,0.2276671599478,0.3906632803681,0.1421537626234,0.3367624909583,0.2247895620954,0.2901969765663,0.2783436018873,0.2810612303917,0.3252356287169,0.2752072101977,0.3680714401674,0.6437445338762,0.1979232837823,0.4391820635596,0.4559410348861,0.2633583280970,0.4869214659540,0.7892427981903,0.7931482276784,0.4916155438670,0.1883879280788,0.1719004012464,0.3090009581498,0.2918551185810,0.1109951231563,0.3542514170799,0.1898197714484,0.0108254478458,0.1074390336657,0.0330777864454,0.3290788428374,0.2537935219465,0.3779255333726,0.3071201629480,-0.0295413917668,0.1889180756736,0.2934987265715,0.3316860950424,-0.0662012235136,-0.2339890802949,0.2902993108812,-0.2596310668354,-0.0471234276312,0.1810661863199,-0.1472107973566,0.1356669459168,-0.2897906845621,0.0083553284231,-0.0100475944213,-0.1669426966776,0.2229907335452,0.1070035448235,-0.0894403942895,0.0709775038147,0.0285647470685,0.0555110566527,0.1707300202527,-0.1072075744914,-0.3582051609054,0.5133121407008,0.0224104080898,0.0435432266367,-0.0462390020202,-0.0277454974717
0.3304080000704,0.1557084718687,0.4688161432222,0.8005003213397,0.4068160993599,0.5632630309108,1.0000000000000,0.3515533353532,0.4069061476381,0.2542546210917,0.2986526700703,0.2584408649530,0.3872990798948,0.1538228299697,0.4479140253485,0.5816025238242,0.4172666727842,0.2303086169876,0.3981271410770,0.4442245679236,0.4304888673087,0.0863096707012,0.2539857954173,0.4854577688488,0.1554535538267,0.3014153694989,0.3193082888807,-0.1985547754944,0.0535803518912,-0.0760847712958,0.5189096444755,0.3507357597831,0.2498610535273,0.1434240838263,0.5909180882671,0.3979217974318,0.1668072398718,0.4387064905808,0.3627852045404,0.1854306509734,0.1233262608924,0.1579564592047,0.4134530165996,0.2504269283719,0.2727076002019,-0.0247609544544,0.2548604148334,0.3283839944449,-0.0110797021616,0.3916890636693,0.2315589841213,0.0258975641838,0.6606864007321,0.5355737475173,0.5777268989231,0.8791336317050,0.1834346825156,0.1127558823584,0.3620113234027,0.3275267896911,-0.0693546804907,0.1071460849240,-0.0386882880037,-0.0066810013710,-0.0650197223272,0.1434089298626,0.4816635067470,0.2892415813871,0.4854454074452,0.3241516899827,0.0404599178119,-0.0188464813399,0.4052178354115,0.2316825266475,0.1639822140764,-0.0744567222219,0.1743522571142,-0.2805472885312,-0.0202688319674,0.3136401753675,-0.0871538029945,0.0182522485748,-0.2625143845619,0.3139244174874,0.1312201357323,-0.1894603304210,0.3438918661225,0.4627746073394,0.1419456723174,0.1287647081256,0.3091817742041,0.0054818631474,0.2595330708394,-0.1820603088844,-0.3873982096327,0.4426685941885,-0.0812236989920,-0.0453575104748,-0.0809705447197,0.0274858278245
0.0124429026799,0.0733186882889,0.2982186451945,0.4156841354866,0.1056157726537,0.3834392347610,0.3515533353532,1.0000000000000,0.8403213655830,0.4263971597157,0.5663838524592,0.6160530443185,0.5847018979417,0.2257060988630,0.4979009786876,0.5474894021822,0.4524453841843,0.2431724226311,0.7624359345153,0.7696582013457,0.7026087028522,0.2408997483281,0.3989200256109,0.3918238067622,0.4627287318554,0.5852373086351,0.3855448779507,-0.1696097156386,0.2311589411297,0.1366565388991,0.4685565171671,0.6547405707698,0.4188844147781,0.3921298849354,0.4778754601524,0.3380947853833,0.2157786241273,0.7740046531974,0.1071606278657,0.5723856560433,0.3684862845542,0.3042420247827,0.5290262637274,0.6824574027844,0.7379107272902,0.1923256460901,0.6030590650233,0.3639727130416,0.0488894473340,0.3775207605435,-0.1235715386860,-0.2282700098686,0.2059024954782,0.1164588349359,0.2265833531001,0.2174469492924,0.3718615458950,0.6906380148336,0.5402876750756,0.7823068261311,-0.2250121748267,0.0839397746362,-0.2189544556531,-0.3029348294400,-0.1005132757255,-0.1831422091966,0.2745673752419,0.0952622761446,0.5450747909541,0.5290309755101,-0.0435905735504,-0.1630151696056,0.1184653930776,0.5858577046083,0.2305033370667,-0.3058665135725,0.1352440838361,-0.4141309984293,0.0454181388391,0.0686312926609,-0.2243382230524,-0.1498786995692,-0.3096492294550,0.0418996163405,0.3747636039191,-0.4070956259055,0.3160702361669,0.0532001351265,-0.1447124703831,0.2004649787308,-0.0023945829917,0.2161305367898,0.6042706243890,-0.3705350878153,-0.5558147585051,0.0837035246577,-0.1266737653090,-0.0946202538258,-0.1894483155785,-0.2881600211105
-0.0160077960746,0.0559762863514,0.2920819588190,0.4006585404440,0.1103291378524,0.3481671716299,0.4069061476381,0.8403213655830,1.0000000000000,0.3593008928386,0.4966892115632,0.5944626608139,0.5178357456400,0.1372054088378,0.4885231674593,0.5672394209545,0.3975804861644,0.0910677846778,0.7900600887678,0.7513499413264,0.6394093530009,0.1365256220268,0.3921079317949,0.4054261201240,0.5986414068746,0.5270080155346,0.3701979557137,-0.2862378951867,0.1382299518427,0.0225808235884,0.4794273676122,0.6254551107990,0.3463000037741,0.3866713510784,0.4698389298132,0.4925916553052,0.1784656931463,0.7293120688759,0.1579261099329,0.5544888930113,0.2738897266127,0.2647266278578,0.5608380071608,0.6667685636294,0.6153266166991,0.1028299919149,0.5503119405568,0.2862869464749,-0.0333642034746,0.3664455909905,-0.1596912038301,-0.2028933479526,0.2269361196369,0.1054433779496,0.2017496542754,0.2908295555349,0.3473360398826,0.5368017815520,0.4445490145609,0.9314825532533,-0.2201702400738,0.0379084642901,-0.1947886170234,-0.2730721836156,-0.1746201547497,-0.0795801128686,0.3601413756505,0.0267072088909,0.7186557047869,0.4533157361407,-0.0555052332535,-0.1624141806559,0.1741349632926,0.5524571397243,0.1910633621231,-0.2835112440850,0.1237017186897,-0.5075984900123,-0.0185204933655,0.1156819512954,-0.1747066805095,-0.1135832767629,-0.3604145827192,0.1175472096734,0.2866537477398,-0.4626293849726,0.2745967642818,0.1563376797869,-0.0717261330949,0.1367412398353,0.0223591906260,0.2303023348815,0.5922069930865,-0.4313704633860,-0.5644130637811,0.0333793974506,-0.2129760989515,-0.1407132373748,-0.1832329695736,-0.2234844063788
0.2887926181795,0.3677211163621,0.4226075985765,0.2652310431735,0.3263978487739,0.5582167919427,0.2542546210917,0.4263971597157,0.3593008928386,1.0000000000000,0.4504883871059,0.6424277897815,0.4989422701399,0.2981770308928,0.3014518921543,0.1560052493941,0.2885670209219,0.0999497949969,0.2960368455332,0.3640515635996,0.5752986171075,0.4664612313564,0.6093343817723,0.2500011958669,0.2130884122064,0.5395310437733,0.3511177302583,-0.0096266230869,0.1823039326866,0.1908386800241,0.0946767470403,0.4262073447063,0.3837094115110,0.3178447582654,0.2983167913868,0.0805581089419,0.2400024510329,0.2732603344591,-0.0475529042219,0.3956632644911,0.4527033134908,0.5096940346166,0.0999693243558,0.3146587048153,0.2981239334672,0.3989983939497,0.4323723070670,0.3304982931129,0.1743959939385,0.6502400365247,0.2647147958232,0.1807420284608,0.1295904440602,0.3038337107793,0.3313074490021,0.1497623951278,0.2157496199904,0.1258065381706,0.2090381207295,0.3770575304048,0.4019024600000,0.3744348711995,0.2592073709980,-0.1118031651403,0.0114811092452,-0.2310052331657,0.0763574473107,-0.0420195950047,0.2285269968163,0.2267215265536,0.0556254126231,0.3189793447146,0.1492182596912,0.4008972082516,-0.1212528426859,-0.0993046936070,0.1833178874205,-0.2107238200439,0.1202615652437,-0.0733085852587,-0.1283315434847,-0.0482282696978,-0.1660537035350,-0.2162183490658,0.0792796757995,-0.0218301493899,0.2541723794064,0.0515397983128,-0.1309381524124,-0.1304609871648,-0.0742573068956,0.2046655526137,0.2542645319881,-0.1176807767616,-0.2435580484040,0.1387148765169,0.0576976944412,0.1871720356337,0.1898524544460,0.0381045779497
0.1685457397601,-0.0617487983792,0.3115278674303,0.3722446166762,0.1891179851521,0.4054926120020,0.2986526700703,0.5663838524592,0.4966892115632,0.4504883871059,1.0000000000000,0.6574472734237,0.4998801424898,0.2040476889808,0.3757944900059,0.3832408612462,0.4741520609808,0.3268326383518,0.4593565975899,0.5992063285025,0.5960943775973,0.3398918777428,0.5630883899318,0.4779937582791,0.3769065844009,0.5837124582638,0.5237064656665,-0.0583888835440,0.1139503540138,-0.0531411910925,0.3280735273715,0.5472395997638,0.4409413348596,0.2608713934400,0.3987491764981,0.2810435409487,0.4031009658302,0.4288165730611,0.0367992054101,0.4657879415532,0.2920384552599,0.2200466438893,0.2949481077681,0.3647464550500,0.3459870938531,0.2394873607665,0.3094934183988,0.5773347949830,0.0308435341421,0.3337622088689,0.0022856156098,-0.2477841649532,0.3068128011889,0.2160123624945,0.4104900846683,0.2438379094023,0.3375400227382,0.4084394645351,0.4245936036609,0.4466942850727,0.1225681783798,0.4960110349989,0.1905516844991,0.0230060784194,-0.0635274919760,-0.2775477836595,0.2122282026563,0.2823078619682,0.4217475969356,0.4891106740270,0.2680637242907,0.1903541130119,0.3184961452007,0.3895816642972,0.2021318199880,0.0169956018570,0.2787194881653,-0.3076539859786,0.0053830925629,0.2301366308094,0.0536225920939,0.0271558350095,-0.3245303481142,-0.0654687164099,0.0279505371690,-0.2351174822729,0.4009072629509,-0.0443495255834,-0.1787366653906,0.0104172772279,-0.0741751498945,0.1935712659266,0.2406918461637,-0.1828506180251,-0.2919704834354,0.2590457542405,0.0063299733389,-0.0110238274511,-0.0119140045363,-0.0322106065555
0.1350606489070,0.0473875606027,0.4201780379923,0.4134035815653,0.2423005649835,0.4679864914937,0.2584408649530,0.6160530443185,0.5944626608139,0.6424277897815,0.6574472734237,1.0000000000000,0.6047824745436,0.3217500853482,0.5356585055868,0.4553341870210,0.5277062895976,0.2066861639724,0.6045612039955,0.6566792714897,0.7797735169547,0.3463590865133,0.7178395279619,0.3950851117622,0.3475202774172,0.6167522908394,0.4589067728945,-0.2816851001688,0.3395156090826,-0.0717991136135,0.3390129164961,0.6901059599565,0.5175262983984,0.3769586579581,0.4414485415849,0.3498934412997,0.2100136534710,0.5322437872675,-0.1852580290209,0.4450511496271,0.1407825025242,0.2093292276674,0.1805527529449,0.4471290913103,0.3594100326662,0.1112791864366,0.4309408417150,0.3969766139893,-0.0256579504417,0.4713185850385,0.0202466668988,-0.1235547944846,0.3069671967202,0.2741703950709,0.2274363666606,0.1761855152207,0.2966872723507,0.2608971362751,0.4516078148469,0.5602825183290,0.1249641825222,0.4042626247643,0.3371730298403,-0.1091470470279,-0.0535753489617,-0.3300857121796,0.2616211322211,0.1484537992097,0.4753040924232,0.4267347094917,0.2526525430817,0.2119132438633,0.2307492671068,0.4667602609729,0.0988063861063,-0.1786161906367,0.1521094386638,-0.5039898068143,-0.0210114361520,0.1673495842848,-0.0657898051651,0.0874818172562,-0.6110783668699,-0.2528365953622,-0.0097737716335,-0.3957747384268,0.2562514260020,-0.1003965739283,-0.3568988166841,-0.1197492252334,-0.3054221622455,0.1140120477663,0.3465613530687,-0.4896499378547,-0.5809422733073,0.0454555775800,-0.1775292048396,-0.0586954340999,-0.2878834495129,-0.0351904797851
-0.0373981647728,-0.0575361242599,0.2642310624804,0.3651183689362,0.1848214655637,0.4458330309212,0.3872990798948,0.5847018979417,0.5178357456400,0.4989422701399,0.4998801424898,0.6047824745436,1.0000000000000,0.0413668992183,0.3449448874371,0.3167338634686,0.4884272721806,0.1864012928733,0.3735911232169,0.5284280705110,0.5749123852227,0.1983229016545,0.4165774684598,0.3755228220079,0.3273985884963,0.4826517999722,0.4043753182782,-0.2492092289762,0.3537633221646,0.0501998415892,0.3362328045402,0.4740094428281,0.5032910535309,0.3015259085392,0.3166093726239,0.1458474473340,0.1555651788205,0.5392600801531,0.1833408096720,0.4291437725778,0.3012836559337,0.4584775196528,0.4037750038915,0.4905382981902,0.4257053596134,0.1575252315141,0.5524406498205,0.3573089001518,-0.0607304803321,0.4353551163793,-0.1269255117105,-0.2615802476292,0.2288090128576,0.2447109073763,0.2762925801250,0.2509177059235,0.5477450816016,0.2456391894579,0.2913978543268,0.4516748408527,-0.1001398545581,0.2270221840164,0.0498763168495,0.2848002247229,-0.3020187144556,-0.1725890191057,0.1019406502449,0.1656836945913,0.3909160256075,0.3033564967062,-0.0855290448543,-0.0735358842880,0.1596480176523,0.3293084292735,-0.0269851120229,-0.2831560528812,0.2018313852472,-0.4224311376211,0.1105122347408,0.0065562942226,-0.2673193877677,-0.0604420875881,-0.2879321321493,-0.0285726403695,0.1779518864672,-0.3593877090952,0.2475582828503,0.0452724047833,-0.0131415253946,-0.0729070369508,0.0673263236832,0.1804811582827,0.4146165445592,-0.3627989084453,-0.3948211026588,0.0916110063362,-0.2313870363395,0.0593091729246,-0.0259062470156,-0.1618324395483
0.5047080892295,0.3578055490910,0.4995649273232,0.4672910133091,0.5107496339678,0.3939979693748,0.1538228299697,0.2257060988630,0.1372054088378,0.2981770308928,0.2040476889808,0.3217500853482,0.0413668992183,1.0000000000000,0.6587735107683,0.4697529138904,0.4790217917634,0.2883543786530,0.4068691276378,0.2695221105483,0.4239532213930,0.3350831576608,0.2231356409541,0.2299520165114,-0.0761490412768,0.0936272543026,0.2471515106952,0.1664195889868,0.1660549927396,0.3590721989667,0.4445151331971,0.4669556253025,0.3871618135642,0.0953335687665,0.3163545313379,0.3494518926253,0.0837972453893,0.2310888433660,-0.3083960110491,0.0774281054180,0.0899871499784,-0.0924109419285,-0.0147671633038,-0.0461127079581,0.1414103375648,0.0209511345061,0.0965332693732,0.2841360654189,0.5500055464250,0.1250814350441,0.5848991414044,0.3346457840783,0.3767109626563,0.3905758578034,0.3693464112200,0.2490389909276,-0.1233827942507,0.0189444726531,0.2895132039860,0.1579550459368,0.1351004134102,0.2554475827750,0.1529888409636,-0.2834398479692,0.7099197481220,-0.1061640475030,0.4324503826964,0.2112641768588,0.1922396615839,0.1506109227925,0.1431256912721,0.1301049501792,0.1153720831901,0.1364408082693,0.0789747675602,-0.1364108189031,-0.0421137586249,0.0069792608553,-0.0437165956459,0.3284388372067,0.1756031735142,0.0158555311907,-0.3148999666871,-0.0486702272997,-0.3124144837996,-0.1340305801026,0.0011274181624,-0.1117115010443,-0.5467711585299,0.0343685738709,-0.3342021562146,-0.2663804620627,-0.1628159111377,-0.1597200918919,-0.4714961272735,0.2339729898137,0.4044089302341,-0.1083502344512,-0.3525289700393,-0.1774226738759
0.2447478923007,0.1860279177892,0.4917386413280,0.7333682878827,0.5384665127083,0.5998364431331,0.4479140253485,0.4979009786876,0.4885231674593,0.3014518921543,0.3757944900059,0.5356585055868,0.3449448874371,0.6587735107683,1.0000000000000,0.7638271742514,0.6908002030026,0.3913235475960,0.6968525906090,0.6184160526409,0.6609493387854,0.2941269046331,0.3718231900558,0.3982847040169,0.2209642237660,0.3012750828013,0.4633551338883,-0.1727605797004,0.1261238801086,-0.0134605232797,0.6896480095580,0.7216244366116,0.6380148812177,0.2140832556019,0.5833859253355,0.6307813366267,0.1120359252169,0.6010402711097,-0.0414501064669,0.2226188084216,-0.0427615673894,-0.0449381976419,0.3375766991213,0.2448523502771,0.3854036835831,-0.0745485204327,0.2908725308949,0.4089712374251,0.2651435141622,0.2827572489114,0.2481020985481,0.0916433450871,0.5869736211026,0.4958695435771,0.5027583342599,0.4207616214541,0.0633220442416,0.2078476858968,0.5359589641163,0.4348567139975,0.0206203167872,0.2284274502495,0.1426119392416,-0.1434026283779,0.3182609183678,0.0868676966293,0.6351741011647,0.4172778956346,0.5273293550083,0.4436782982721,0.1920429440790,0.0485206429225,0.2862995606704,0.3233536888716,0.2179904735928,-0.2228717937726,0.1598565192596,-0.3245764064484,-0.2813884496485,0.4665926516382,0.1079159258911,0.2138052648692,-0.5954224241118,0.1146335756890,-0.1103705249717,-0.3621026110886,0.1505201615195,0.0518324818086,-0.3526819182873,0.1845365150050,-0.1734237864516,-0.1810332974318,0.1242624367094,-0.3677585551976,-0.6382436494006,0.2975269851114,0.0186075556266,-0.1745793408530,-0.4692991493042,-0.1696527016777
0.0969409956836,-0.0120164470906,0.3839776209823,0.7293269681959,0.2661426205808,0.4238605387107,0.5816025238242,0.5474894021822,0.5672394209545,0.1560052493941,0.3832408612462,0.4553341870210,0.3167338634686,0.4697529138904,0.7638271742514,1.0000000000000,0.7069895857864,0.5007589261000,0.8394460361970,0.7717246154961,0.6250668053209,0.1720210893230,0.2530741191264,0.5557175030959,0.2406389454433,0.2958672010702,0.3550528224024,-0.2306123215939,0.0613408286668,-0.0670892907870,0.8356313715267,0.7084119716903,0.4624013046209,0.1924843545975,0.7249498018638,0.8186702684416,0.1339494357554,0.6611045846480,0.0173929442759,0.2171307060433,-0.0126743196622,-0.1292931687090,0.3742275246502,0.2788846557847,0.3986243559978,-0.1728689344349,0.3000060286519,0.3161702091614,0.1572655083777,0.1300779319473,0.0275245031925,-0.1294448856530,0.5764034370134,0.3367214119888,0.3616225579255,0.4895306180973,0.1269606649347,0.2475833070948,0.6599272387942,0.5098320158952,-0.1327820262814,0.1014751338622,-0.0136406893633,-0.2169334884528,0.1246723473213,-0.0034937786956,0.8483306942728,0.4816329779783,0.7099900143350,0.5903782107610,0.1984942637651,-0.0808579503962,0.3998018830342,0.3373435550254,0.3790657618982,-0.1462694791502,0.0395590174438,-0.3718167312865,-0.1878787646214,0.6191688278650,0.0970949236137,0.0789463464773,-0.5742318303770,0.2581355123250,0.0122853836688,-0.3933610375678,0.2577956011274,0.1669570593920,-0.3303537048009,0.2379753798258,-0.1202744348821,-0.1606549354600,0.2054932299790,-0.4281441942794,-0.6606979796128,0.2727586429576,-0.0473176515448,-0.2899105057079,-0.5252653567600,-0.2616975573751
0.0900029552215,-0.0323094012734,0.3134788735543,0.6251880484611,0.3313179182334,0.4625166797880,0.4172666727842,0.4524453841843,0.3975804861644,0.2885670209219,0.4741520609808,0.5277062895976,0.4884272721806,0.4790217917634,0.6908002030026,0.7069895857864,1.0000000000000,0.6407114757660,0.5869769575903,0.7041154141930,0.7154176637012,0.3096998415692,0.4098642987964,0.6311469907309,0.1632705161888,0.2957558984679,0.5817293854552,-0.0559061549245,0.1135513031386,0.0213050377399,0.7382393616520,0.5633090026696,0.6939608937132,0.1460233465697,0.5089754336964,0.4793522738462,0.1431169622590,0.4981333131973,-0.0587263935087,0.1605885720808,0.0569162123095,-0.0139846396504,0.1648129091365,0.0815883577871,0.1899970681536,-0.0029566882742,0.2297160731651,0.3482445794160,0.1974940769345,0.2085001377735,0.0761357257954,-0.1124168921433,0.5137402514291,0.3213586782049,0.4024392001313,0.3381754861896,0.1969780419559,0.0940440872496,0.6145772351687,0.3518923058931,0.0807061855165,0.3812335543234,0.2757654333841,0.0262613988890,0.1220900476268,-0.2003103697308,0.5690123319755,0.6500698764771,0.4830940547715,0.5243412366463,0.3557773155329,0.1514308735536,0.4936018626143,0.3315531761558,0.2384841837938,-0.1648111896771,0.2351177815987,-0.2151310629284,-0.1296440692975,0.5914258615746,0.1503484370298,0.2018379134909,-0.5135702680786,-0.0450739749282,-0.2582529859542,-0.3367855122853,0.1918338864596,-0.0863322685997,-0.4540683371347,-0.0285284191305,-0.2304835480564,-0.2211054917439,-0.0595429891710,-0.2790546917661,-0.4569336492428,0.2126195080775,-0.0036498496202,-0.1374478304826,-0.3346324059330,-0.1696237188630
0.0248395984941,-0.0208027072192,0.1378311318153,0.3769876682712,0.0826453224577,0.2544394348023,0.2303086169876,0.2431724226311,0.0910677846778,0.0999497949969,0.3268326383518,0.2066861639724,0.1864012928733,0.2883543786530,0.3913235475960,0.5007589261000,0.6407114757660,1.0000000000000,0.3277251100844,0.5305381630139,0.3329017513878,0.1605165736929,0.3100192517908,0.6566393519933,0.0447154152212,0.1830948041499,0.4755719818622,0.0889633350840,-0.0595551523733,-0.0151396685241,0.5516442991000,0.2739126851237,0.4362987666923,-0.0754144422518,0.4576003684625,0.2996212108945,0.3095589808851,0.2141137158196,0.1189041824669,-0.0677005366662,-0.0404174912994,-0.0199527075339,-0.0481098996825,-0.2191294863839,-0.0110328602096,0.0063990075462,-0.1164376056390,0.2945246168855,0.1638113973196,0.0584021386888,0.0370675779446,-0.0324576785723,0.3329791744188,0.1986680160271,0.2347358190308,0.1323819691074,0.1017203648370,0.1788357572006,0.7347006952834,0.0001841433464,0.1116118606040,0.5106623456160,0.2965633007305,0.1787577509221,0.2081873326983,-0.0421370595349,0.4552694527838,0.7970173972241,0.3160381754069,0.6429613889839,0.3776100467074,0.3238584219339,0.6680769402484,0.1230321370663,0.3496653886539,0.2601582552980,0.3106729049867,0.0145945945019,-0.1041670810837,0.6848576259531,0.2157826764410,0.2601067040070,-0.2232857051172,0.0512387992479,-0.1760837522635,-0.0876240620475,0.3942009951114,0.0470583603708,-0.2399466953942,0.1466990518677,0.0462331243448,-0.2018350963067,-0.2963302887509,-0.0178293422694,-0.1238833331250,0.3678419269499,0.0665040807814,-0.1618946099517,-0.1296847890990,0.1006588746826
0.0590960290476,0.0383857426318,0.3495138924025,0.5535429189591,0.1861351969056,0.3658393657352,0.3981271410770,0.7624359345153,0.7900600887678,0.2960368455332,0.4593565975899,0.6045612039955,0.3735911232169,0.4068691276378,0.6968525906090,0.8394460361970,0.5869769575903,0.3277251100844,1.0000000000000,0.8423264620001,0.7273396288415,0.2258007993317,0.3504753077673,0.4481529695544,0.4469373512642,0.4429631298137,0.3379802877102,-0.2837329261462,0.0868798135152,-0.0351977946941,0.6162461203053,0.7404528953279,0.4215357013409,0.3573937701871,0.6536146820898,0.7668029705933,0.0900032239798,0.7109204478119,-0.1256803936544,0.3607756105550,0.1097327371306,-0.0038802409075,0.3611661847711,0.4503020985814,0.4858087271982,-0.0315534387688,0.4517328249826,0.2498956236217,0.0917866166793,0.2369411920779,-0.0582554571061,-0.1848678960536,0.3576955240027,0.2018276533000,0.2365636759285,0.3047744984955,0.1695388886907,0.4109126255114,0.6348981319189,0.7802919799944,-0.1680770599482,0.0319203035276,-0.0866559775643,-0.3797062648806,0.0393688379783,-0.1730631947894,0.6871458765425,0.2675245256786,0.7866491481104,0.6353761829846,0.1385246412129,-0.1098040237100,0.2392934947507,0.5609154417509,0.3480677385119,-0.2521563672737,0.0166584106983,-0.4651210805565,-0.1654932729199,0.3827609488907,-0.0286513532053,-0.0003914764984,-0.5722279044612,0.0582258154419,0.1112320647732,-0.4097458893681,0.2339864729752,0.1079589046000,-0.3083603775960,0.1909539701351,-0.2429044942324,-0.0592334753040,0.4111557126767,-0.4781587771488,-0.6770064509912,0.0672486086174,-0.1145660492447,-0.2426428001608,-0.4561730875443,-0.2835601351164
0.0637625748559,-0.0302691959498,0.3377709201412,0.5569428607081,0.1756210419783,0.4395684102345,0.4442245679236,0.7696582013457,0.7513499413264,0.3640515635996,0.5992063285025,0.6566792714897,0.5284280705110,0.2695221105483,0.6184160526409,0.7717246154961,0.7041154141930,0.5305381630139,0.8423264620001,1.0000000000000,0.7749429762221,0.2235547506994,0.4931382423485,0.6898895990108,0.5092861083911,0.6144572488116,0.5584853647012,-0.2493263046939,0.0756391379678,-0.0834578913451,0.6284860443819,0.7007123213756,0.5457732013054,0.3553371541506,0.6460519299227,0.6445155382526,0.2842430067511,0.7289437198968,0.0245658493146,0.4122597721488,0.2010785308837,0.1832739876318,0.3679765005227,0.4453532723435,0.4799852658702,0.1265823994152,0.4465302682491,0.4046597726976,0.0104205233551,0.3539847366922,-0.0914596509542,-0.2514294153766,0.4138304754511,0.2285688118347,0.3229384000293,0.3048605899598,0.3158059559954,0.4435355783962,0.7388528421150,0.6847948916598,-0.1366663928882,0.2560222248789,0.0168203298098,-0.1946490915058,-0.1117939422939,-0.1861091652553,0.5858226233602,0.4448377893731,0.7772326782434,0.7940269698319,0.2172806693282,0.0035827148218,0.4783754747906,0.5619631131082,0.3316056486543,-0.1159606519039,0.2187873391790,-0.4345001666842,-0.1400039601051,0.4598033994450,-0.0429548966941,0.0603562636673,-0.5089019748474,0.0233218925395,0.1457706170455,-0.4006310626481,0.4338263124464,0.0793034729143,-0.2294474386297,0.1556737471945,-0.1231372415358,0.0238179086938,0.3721680632074,-0.3734380816201,-0.5210845848305,0.1877032337344,-0.1859780595322,-0.1624526743459,-0.2526977591782,-0.1463488888158
0.1406383612593,0.0931062418944,0.3158577048972,0.5598433575287,0.2884125482992,0.4902406257282,0.4304888673087,0.7026087028522,0.6394093530009,0.5752986171075,0.5960943775973,0.7797735169547,0.5749123852227,0.4239532213930,0.6609493387854,0.6250668053209,0.7154176637012,0.3329017513878,0.7273396288415,0.7749429762221,1.0000000000000,0.4684067144930,0.6521200856823,0.5846906184047,0.3584830133495,0.6403344537267,0.6013085368741,-0.1954920885173,0.2405927942899,0.0409878287504,0.5502565984349,0.7130014057981,0.6139181411447,0.4131549351790,0.6317165787584,0.4716673176385,0.1819539596885,0.6112137760264,-0.1710687430262,0.3468391421781,0.2794816992748,0.2605451777405,0.2847797054107,0.3916410818324,0.4676944559645,0.2121610910782,0.5140846236222,0.3061379685003,0.1038789207785,0.6447403534573,0.0093070149095,-0.1583421676251,0.4104425371657,0.2402339841579,0.3402282745560,0.3049089923859,0.2683050936370,0.3066250258106,0.5976177038747,0.5979476284608,0.0553861487504,0.2840177868224,0.1604794464196,-0.2344819858984,-0.0335295954803,-0.2681152607273,0.4618032804862,0.3174391531703,0.6106797027958,0.5618357807793,0.3803307078945,0.1944206046415,0.3651658321658,0.6154323321622,0.3362668736131,-0.1753842937024,0.2647787663967,-0.4092785756856,-0.0664778547359,0.3493859213684,-0.0535842802331,0.1538843543910,-0.5798936855141,-0.1508280886075,0.1069487304721,-0.3123938047176,0.3241154065463,0.0571887117449,-0.2510931770256,0.0279255652119,-0.2796070353866,-0.0930316367376,0.3504279418315,-0.3690843935481,-0.5457791558519,0.0650209849979,-0.0684780881458,-0.0206505902823,-0.2170127470746,-0.0232674153354
0.0980833144581,0.2755969350635,0.1045704626859,0.1622711697238,0.3405871664910,0.3339391760345,0.0863096707012,0.2408997483281,0.1365256220268,0.4664612313564,0.3398918777428,0.3463590865133,0.1983229016545,0.3350831576608,0.2941269046331,0.1720210893230,0.3096998415692,0.1605165736929,0.2258007993317,0.2235547506994,0.4684067144930,1.0000000000000,0.4196172547322,0.2383678750703,0.0625439007148,0.3008239050332,0.3775937650457,0.1829177148673,0.3062480488117,0.1899287130628,0.1398851965238,0.2667527354015,0.3680704766519,0.1951453109059,0.3450374628747,0.1174459913473,-0.0455752735140,0.1543512584753,-0.1852066437995,0.1609090888902,0.3905294680700,0.0460056185712,-0.1047302832535,0.0187851409541,0.1772329302392,0.3757332068803,0.2222015133108,0.1652021821500,0.5309978661019,0.3112781623596,0.2414977352775,0.1536242982518,0.0768144332688,0.1300390489791,0.3435366216685,-0.0413748412641,0.0376449420157,0.0936419799710,0.2118291737476,0.1121522244418,0.5107201545609,0.2392237897861,0.3426787786613,-0.0880802929708,0.1899816651551,-0.2468083866759,0.1566649304120,0.1295307979473,0.1768375473520,0.1750196584276,0.3124553320622,0.4778839477972,0.1893678824067,0.3738381983868,0.0719365570800,-0.0324655863677,0.2262794792975,0.0886862438027,0.1014803529726,0.1074044705688,-0.0031552011884,0.1667530659520,-0.1194993083130,-0.2767744120555,-0.0579668396394,0.1314917107437,-0.0249160036924,0.0228019559308,-0.2253640585117,0.0941346748934,-0.2192702684419,-0.0662954825263,0.0013091340305,0.1147584642737,-0.0236052656755,0.1609990421682,0.4514246223381,0.4227779266653,0.0373549944817,0.0263941235111
0.2450321671200,0.1018477032133,0.3373005045988,0.3375805756785,0.2411303133284,0.4905072933512,0.2539857954173,0.3989200256109,0.3921079317949,0.6093343817723,0.5630883899318,0.7178395279619,0.4165774684598,0.2231356409541,0.3718231900558,0.2530741191264,0.4098642987964,0.3100192517908,0.3504753077673,0.4931382423485,0.6521200856823,0.4196172547322,1.0000000000000,0.5144502572310,0.2867853938657,0.6294386673164,0.6685509925394,-0.1464945943337,0.1401315748670,-0.0754444316155,0.2509289741754,0.5095261161643,0.5509675410145,0.3279581619649,0.4579001779754,0.2113262124096,0.3529424479949,0.2752707336406,-0.0279927234291,0.3087873769383,0.1682276905103,0.3342152987254,0.0676169687618,0.1611511018722,0.1740437936156,0.3768668234225,0.2506961033329,0.3729929372753,-0.0254187092341,0.6005577025495,0.1395624402901,-0.0116049121463,0.2976528187213,0.2941106770631,0.3149128917853,0.1493692612751,0.2825775159780,0.1758393458068,0.3981571144629,0.3464322138364,0.2869254662839,0.5061389151056,0.4458145084876,0.0271040417979,-0.0535687693554,-0.1962138496933,0.1897786792200,0.2476382322817,0.3448722497508,0.4324377708448,0.3298875067430,0.5997884478580,0.4802134354058,0.5031243577828,0.1588814790690,0.0737951652060,0.4876256545432,-0.3399522919084,-0.0571345109810,0.2523956796074,0.0367848133236,0.2687853166373,-0.4200253030253,-0.1991554171439,-0.0209040121314,-0.1076020824716,0.3971685738746,0.0932634894591,-0.0764588134614,-0.0540749607260,-0.1004678786584,0.0389144488336,0.1129940273362,-0.1429599129332,-0.2004108551068,0.2072276616910,-0.1421799850227,0.0193987033991,0.1314483669414,0.2602273087412
0.1332760718334,-0.0442193844514,0.1820479599248,0.4784976971441,0.1814298490362,0.3790183827396,0.4854577688488,0.3918238067622,0.4054261201240,0.2500011958669,0.4779937582791,0.3950851117622,0.3755228220079,0.2299520165114,0.3982847040169,0.5557175030959,0.6311469907309,0.6566393519933,0.4481529695544,0.6898895990108,0.5846906184047,0.2383678750703,0.5144502572310,1.0000000000000,0.1747602575660,0.4186109981867,0.6526783411539,-0.0345964394380,-0.0378994196087,-0.0130364318479,0.5934851971898,0.3695609004865,0.4081862324988,0.2438782118021,0.6262174667837,0.4282666257407,0.3881310400648,0.3564906803537,0.2221169811413,0.1336004007412,0.1523383342730,0.1631778186325,0.2209613058488,-0.0227379860343,0.1123822362242,0.1775767866067,0.1231008089336,0.3948317514828,0.0691945693645,0.3795285094222,0.0057786485815,-0.1639599704400,0.4051851807175,0.2019220521839,0.3557927740620,0.3295407125726,0.2219352020064,0.1420205093030,0.6771724956042,0.2775026497166,0.0570410135789,0.4556740066846,0.2479803629649,0.0639080441558,-0.0312099379863,-0.0548861562395,0.5089583308563,0.5799996175132,0.5933470941932,0.6181509509409,0.3761274458045,0.3330935463808,0.8005919652363,0.3362290748042,0.3381096413810,0.1496074597621,0.3768150085016,-0.1451107949118,-0.1313666371892,0.6134968329541,0.1099704905100,0.1989927445422,-0.3110269000501,0.1155362112244,-0.0925761698583,-0.1140116293961,0.5709571406012,0.2839432741201,-0.0498998799205,0.0301234722854,0.1072055458902,-0.1208272756469,-0.0651171704070,-0.0870367844153,-0.2138566420977,0.3571722904993,-0.0601804841983,-0.0800175561721,-0.0120928938737,0.1761093236090
