1.0000000000000,0.4653378019411,0.4398145924810,0.4491571441378,0.7046232146213,0.3991332430180,0.4229249449544,0.0782042552661,0.3473540479583,0.4289421352028,0.2765047073336,0.3151799122813,0.2194605284809,0.6367577551246,0.4949146674231,0.3205655222229,0.2291791865883,0.2186174828264,0.1899341293906,0.2327520803289,0.3100410323192,0.2991692717109,0.3747190137417,0.3552700722141,0.1968182281491,0.3090213538780,0.4514060545981,0.0831172538380,-0.1095828731036,0.0932782252016,0.0414057526481,0.3964344161914,0.3463220315269,0.4761887135705,0.4023645917646,0.1316449858290,0.1865091968433,0.1820978454654,0.3226837875354,0.5254290936646,0.2278945597533,0.4282957506181,0.3103526368835,0.1127512843391,0.0184838586772,0.3586087751088,0.3262551141128,0.3813794377067,0.3357893395650,0.3074770950157,0.8940065468538,0.5274132174658,0.1399278031647,0.3407541073446,0.1805540818395,0.3337233458709,0.2209407000188,-0.0894013432076,0.2511376496595,0.1117543329238,0.0126131283605,0.1422808152127,0.0549448590953,-0.0044120935061,0.5627780356358,-0.2251166808389,0.0783309634298,-0.0007778635143,0.1077400216740,0.0938677982100,-0.1458743905831,0.1409323414354,0.1739552954874,0.0981365055265,-0.3931249253193,0.0045922103527,0.2149276542357,0.1188290972127,-0.0346198853679,0.0651742381331,0.1659082094860,-0.2069322650374,-0.1717665319391,-0.1459003740554,-0.3263052884220,0.1198199383728,0.0033065590181,0.4296143526888,-0.3383652085020,-0.0268673747371,0.1568741646933,0.2950013452685,0.0171513155898,0.0463005096214,0.0298810516535,0.3049269072743,0.0399662110501,0.1058185056489,-0.0153659891111,-0.1600602854468
0.4653378019411,1.0000000000000,0.4282846069415,0.4109507072922,0.4437921564530,0.4780350372397,0.4119669196170,0.3126676413752,0.1408854943471,0.4415553582644,0.1810219096649,0.1893126065150,0.1304337837276,0.7855281965720,0.4506669384040,0.1823378842734,0.1353214745594,0.2368468055537,0.0352337853602,0.0918078463667,0.1856119637093,0.3791835349985,0.1086864863852,0.0982609552387,0.0654208512620,0.0051119177368,0.0949989173724,0.1811657838927,0.1981452749253,0.4458435717996,0.0708847605069,0.0746193337998,0.1729990708302,0.1440475796808,0.2300632852826,0.0061157325650,0.1070196520528,-0.0434853838436,0.2985813915366,0.2474656105003,0.5000776209283,0.3882982899252,-0.1046463594903,0.0207277410378,0.1333834602844,0.2185990264839,0.2821317630200,0.4071245059456,0.5690987192815,0.2762319268338,0.3732375617152,0.5382481492457,0.0587996054978,0.4945932561562,0.3463485602272,0.1252325501648,0.1589573345244,0.0848073444285,0.1912284136184,0.1317318294219,0.0373771190159,0.1149988508093,-0.1618475921548,-0.0528130580678,0.5754028113566,-0.2064107527574,-0.0878829100183,-0.1344107480810,-0.0042249939954,-0.0648452994365,-0.3004607410621,0.0361206320324,0.0284587907710,-0.0528313271857,-0.2932635008974,-0.3643335992522,-0.2061851607455,0.0381198082740,0.0035695909554,-0.0487773956868,-0.1950219024337,-0.2961404856617,0.0413642702519,-0.3137543018686,-0.1604856379159,-0.1602083717991,-0.1018879036824,0.1206028657023,-0.4099013580595,-0.1255537792080,0.1742658921593,-0.0991195639936,-0.1227306096076,-0.0432028420169,-0.2366901715980,0.2749459490052,0.4721308580949,0.2814644210855,-0.0878229852097,-0.1571057883077
0.4398145924810,0.4282846069415,1.0000000000000,0.5164449020656,0.6316316074331,0.7135266974311,0.4485621551467,0.0508053153998,0.0223421711181,0.5615936657022,0.5602371139991,0.5357990251932,0.2250870103261,0.5409959742592,0.4410630985507,0.1211025250444,0.2411531576605,0.1340660275551,-0.0398327394429,-0.0999542771902,0.3028392755604,0.4389618981312,0.3762874867455,0.3022010090046,0.2138450038433,-0.1262902693765,0.1687154559577,0.0857731172748,-0.0946759649416,-0.0551729796517,0.3633264415218,0.1460614396638,0.3178293449077,-0.0638026835048,0.3353368575991,0.1177805956417,0.4567343664907,-0.1758153569515,0.5105242255763,0.0796296316829,0.2434445165987,0.4216908181746,-0.2613301664189,-0.2278826424477,-0.1180367478247,0.4188419213259,0.3273971768015,0.7438284375030,0.6435455605708,0.4016609768364,0.4387817952467,0.2115483507761,-0.0608707351070,0.8480987446141,0.6211959004397,0.1065281957763,0.0034114573019,-0.2718305256028,-0.0011030192614,0.0644610590312,0.3713677743648,0.6141268661981,0.3953457430686,0.1574442935167,0.1012500058819,-0.1716885030346,-0.1979392848192,0.0541949214330,-0.1551579015468,-0.0981002496222,-0.0664247146139,0.3730884613166,0.2354216167440,0.0942951269546,-0.3082807703098,-0.2627713032139,-0.1302313424665,0.0363866010132,-0.2228237930758,0.3198329757520,0.0545020918338,0.0262785296674,-0.3415586337512,-0.4049229433606,-0.3660740120052,-0.1004600148633,0.2956795683810,0.2216310047407,-0.2655462591346,-0.3377298367308,0.4457336802330,-0.3039177810016,-0.3647224117087,-0.0622403000428,-0.2433332370544,0.7064767358003,0.1218630768948,0.3132266985790,-0.0369319779723,0.1681513116213
0.4491571441378,0.4109507072922,0.5164449020656,1.0000000000000,0.5689064427173,0.5114059126805,0.8080783440314,0.1230545254803,0.2742572629066,0.4265075976458,0.5511975420455,0.4535183865779,0.3701840616468,0.5069436497773,0.6475421687382,0.3889222899658,0.3900258660783,0.3382751855498,-0.0314441110239,0.0674566934667,0.4253433631331,0.2763381657582,0.4098153521616,0.4363568201678,0.1283177238793,0.0957859725466,0.3542717878463,-0.0111139302957,-0.0230017811311,0.0519533057342,0.2573277090837,0.2774861450707,0.4519873604448,0.0181600508357,0.3059982918575,0.0901507475258,0.2458629308669,0.1118351997178,0.4591777678904,0.1831388813304,0.3482306800437,0.4573928211617,0.2184794420103,0.0212654334093,0.0257165996636,0.3296296286360,0.2662612371821,0.5823735047458,0.4590637416594,0.4690689405546,0.3744155864551,0.3097171449463,0.3692547325897,0.4705390796170,0.4574947617762,0.4536016624751,0.2529526403352,-0.1648338449833,0.1844112756733,0.0668706373434,0.1238072036700,0.4614081401284,0.1702979185056,0.1812730891602,0.2453851197076,-0.1766777416394,-0.0904932946825,0.2742382917642,-0.2006968332493,-0.0146773935064,0.0356173525173,0.1803937447830,0.4103966867882,0.0274248396359,-0.4016294048642,-0.1317755924696,0.0744694872261,-0.0613089592873,-0.1150689573471,0.2635787666380,0.1206039299768,-0.0314213317860,-0.3378442160483,-0.2535502360636,-0.3827797273727,-0.2116444409327,0.0705013411611,0.2206711796279,-0.2980103679554,-0.2500685679454,0.2673362607544,-0.1453049522861,-0.2348768863386,-0.1186021930693,-0.2626670941913,0.4709165490923,-0.0142353406899,0.1606216990682,-0.0656122734525,-0.0147881947428
0.7046232146213,0.4437921564530,0.6316316074331,0.5689064427173,1.0000000000000,0.8088535557342,0.5726734168842,0.0269059234223,0.2634894456772,0.5074083691160,0.4533403059828,0.3753661784743,0.3727793142501,0.5386968377620,0.5504350842026,0.2583854219324,0.3353044987265,0.1994067172407,0.0469489128053,0.0192189314886,0.2124588271745,0.3112474959193,0.3162201415073,0.3573414510893,0.1475367595674,-0.0268541295660,0.2618922420247,-0.1091484309192,-0.2144384470080,-0.1455074840818,0.1586991338012,0.1910478073789,0.2922776705687,0.1206574482992,0.3233184918222,0.1768228551826,0.1820432942621,0.0078201108247,0.4346102267816,0.1892595743691,0.1682287230967,0.3803470876008,0.0260463613604,-0.1513634818845,-0.2010277384357,0.3019336620783,0.1713424050318,0.5970324930704,0.4974858508750,0.2961056528144,0.7159743662740,0.4658574447535,0.3158608143917,0.6955192858383,0.6899609568848,0.4178295103979,0.1916541851020,-0.1900082920246,0.1439365780787,0.1587710689352,0.3194832176253,0.3558562773356,0.1999764439870,0.2214135636571,0.4412526528155,-0.1025092923407,0.0217733642145,0.1296970333341,-0.0948607264841,-0.0194874918784,-0.1125364807910,0.2097736755616,0.3027359387894,0.0719296105036,-0.4471381852969,-0.2318399568441,0.0608830431509,-0.1106337142869,-0.1757612667968,0.2736231243983,0.2000539049751,-0.0918513008726,-0.3472812049512,-0.2425658820537,-0.4674460796355,-0.0873969201318,0.0321771532551,0.4201140932804,-0.3508497050980,-0.2247431603192,0.2510279162195,0.0054005324289,-0.2665780360001,-0.1122594252253,-0.0996855598106,0.5638950169772,0.0595442993806,0.2602204016126,0.0726037474193,0.0164564107753
0.3991332430180,0.4780350372397,0.7135266974311,0.5114059126805,0.8088535557342,1.0000000000000,0.5672361864128,0.1208063522014,0.2702170533356,0.5715327868801,0.5155490025561,0.4053579468973,0.4679064652706,0.4329071086775,0.5206782923861,0.2189537587949,0.3761149271620,0.1937399009508,0.0589810841486,0.0304297765253,0.1750833156808,0.3569326031471,0.2058581286929,0.3582181602671,0.1868409051930,-0.1553536209506,0.1746769749685,-0.0128298350913,-0.1087075357293,-0.1219514361541,0.2498510752379,0.0611894997686,0.2802973631760,-0.0100774120262,0.2888572904613,0.2124050574098,0.1924172756548,-0.0409520484579,0.4571631682818,0.0500927363044,0.2164625033996,0.3016038067284,-0.1946379549763,-0.2112683251647,-0.1687116741220,0.2246751918222,0.1270780876772,0.6798048449104,0.5084166643338,0.3126172011814,0.4710318709855,0.3062887673059,0.2796992516533,0.8984863116895,0.8946633479240,0.3245584788963,0.1519557763867,-0.1521074655385,0.1418520127862,0.2779105781908,0.4377897166510,0.4973663818545,0.2404116296012,0.3317454085178,0.3145895010612,-0.0954332855950,0.0238324875587,0.1770059736522,-0.1005498309107,0.0277357985090,-0.0609209272453,0.1830183277142,0.3455114743643,0.1538609630697,-0.4253990025965,-0.3351216555692,-0.0364148874363,-0.0853774247410,-0.1632266967026,0.3745424028335,0.0343679780833,0.0065412076362,-0.3141900556161,-0.3104696647535,-0.4056900981989,-0.2166182489324,0.0418688682983,0.3056097970679,-0.3475066889004,-0.2295108273656,0.3183995873800,-0.1981911503126,-0.3478845541288,-0.0886394964684,-0.1641740550452,0.6519561015723,0.1539995129075,0.3304564294463,0.0114683914265,0.0813634288904
0.4229249449544,0.4119669196170,0.4485621551467,0.8080783440314,0.5726734168842,0.5672361864128,1.0000000000000,0.1967036507330,0.2182844199715,0.3786529393662,0.3343185709901,0.2493628402073,0.3573925774665,0.4265959461385,0.5575810218709,0.4475843068642,0.1915244941805,0.1654166722182,0.1123075791777,0.0750297945220,0.2850993415079,0.1945042047899,0.1436845047963,0.2395509208408,0.0787338943819,0.0469139514824,0.1873372576258,-0.0550440591956,-0.0430237515902,0.0450768481432,0.1862732959347,0.1548338688537,0.2347914471797,-0.0086771871678,0.3748952044273,0.2378904317506,0.1931815662572,0.0985571840508,0.5126419852087,0.0883386985710,0.2839443994452,0.4016894103418,0.3232390001214,0.0471357141057,0.1072432684248,0.1949235023988,0.1213641487989,0.4619358942470,0.3755288936620,0.3929766941986,0.3525175064749,0.4069376214965,0.4431211956286,0.5260452425765,0.4751925198432,0.6904700242199,0.2111350697763,-0.0089735853764,0.2614568489556,0.1376581513312,0.0916331594512,0.2498543067967,-0.0098411469906,0.1777760958762,0.2487093260908,-0.1014898135903,0.1356859651240,0.1150471405687,0.0405857463493,-0.0591947642684,-0.0780436989417,-0.0333431698305,0.2401413997362,-0.0333925225188,-0.2734541751385,-0.2928572115072,-0.0615089192480,-0.1381635590973,-0.1149643782621,0.0652498519672,-0.0793772349693,-0.2021501971909,-0.3038385305260,-0.0057916130088,-0.2819055290231,-0.2872494432283,-0.0041364006353,0.3475347370644,-0.1815664708398,-0.1833997557770,0.2558061054323,-0.1321612265971,-0.1642577842571,-0.1169358422616,-0.2470913744943,0.3806395140872,-0.0240572399709,0.1229844229815,-0.1489663262348,-0.1387326911493
0.0782042552661,0.3126676413752,0.0508053153998,0.1230545254803,0.0269059234223,0.1208063522014,0.1967036507330,1.0000000000000,0.3921073970533,0.1592830966832,0.1487970673938,0.0856248314583,0.2325661837569,0.2291314905000,0.0035622054064,0.2514564036861,0.3527452414689,0.4613826133107,0.2943652074160,0.5907427120038,0.0570013783239,0.1084747929058,-0.1439832128620,0.0229299655281,0.1890009180809,0.0132936574762,0.0756725399942,0.1042521298082,0.1472341811803,0.3525713909234,-0.0237411525849,0.0201585547642,0.1550828117710,0.0734440381900,0.0089973632958,0.0867628909867,-0.0221959301043,0.1616521996747,0.0073222733293,0.1089435912625,0.2708115429914,0.0353517008586,0.0427645366359,0.1022415961888,0.2788211156799,-0.1088142921337,0.0692299640479,0.0498740540036,0.0982295119554,0.0124743630304,0.0725153728496,-0.0381896486142,-0.3295309585211,0.0851515725377,0.0817084805784,-0.0627103758660,0.4355885005628,0.6714011261602,0.6798500037439,0.4541846328115,-0.0381647366546,0.0773944668258,-0.1588898294237,0.1322774452220,0.2325875622189,-0.3128535124971,0.1503484273990,0.2950595176188,0.3467109714380,0.4407845446912,0.0065683030521,-0.1480501036448,0.1603035073733,0.3255647714922,0.1383014870065,-0.2195352127647,-0.0869866013467,-0.0058682303994,0.1253086641395,0.1272796676750,-0.2438264933612,-0.0782924447146,0.1380695145511,0.0022239903782,0.1043009826421,-0.1883747340894,-0.1053183932098,-0.1116016838050,-0.2527120416931,0.2081822347719,-0.0601391128457,-0.1574066453489,-0.0065030820614,0.0642655233162,-0.1629697727961,0.0343141325812,0.2314135885789,0.0779835942768,-0.0453675477797,-0.2763540262333
0.3473540479583,0.1408854943471,0.0223421711181,0.2742572629066,0.2634894456772,0.2702170533356,0.2182844199715,0.3921073970533,1.0000000000000,0.3301748209650,0.3328673574484,0.2274129105553,0.5045631336116,0.1253523930222,0.2906435880331,0.4194289137178,0.6406514137433,0.4918052608508,0.5041978385824,0.7118872007254,0.1874526112635,0.0808594777528,0.1083715799152,0.6276620604716,0.4453196494645,0.2486012900230,0.6171307318507,0.1918672187726,-0.0210249916617,0.0772326201852,0.1569760282993,0.3279200170704,0.4816327967112,0.4714210583581,0.2074568563710,0.3856136057451,0.0619018344824,0.4775835787756,0.1138728067618,0.4650841498460,0.2111982034262,0.1286707914144,0.2718264672003,0.3035891010268,0.1016687899948,0.0774424861292,0.2050520798798,0.0902407714696,-0.0988327225703,0.1546039774966,0.3824536240097,0.0050735401396,0.0617682254099,0.0916378763882,0.2210187737276,0.1429102304221,0.4415820009629,0.2728227640461,0.6535216293073,0.7809486186185,0.0547675302312,0.2130156780207,-0.0413369235252,0.2285794598447,0.3124576098380,-0.2933950848136,0.3762848731945,0.4671310368385,0.3432370538960,0.6483865563935,0.0506790221241,-0.1071638889763,0.6074494903435,0.6090870486622,-0.2342730468118,0.0382431738464,0.4878829389889,0.1642521380198,0.0407498178103,0.4533505692032,0.0679027009036,0.0569880182055,-0.0417156998079,0.0044706430149,-0.1815395363096,0.0323162009385,-0.0908275746680,0.2127725847257,-0.3575821256032,0.2735912221259,-0.0110780463527,0.2677379974985,0.1135997366796,0.1665934984456,0.1135974694931,0.0353357901370,-0.0587223368927,0.0585169553831,0.0244981649038,-0.2523422200214
0.4289421352028,0.4415553582644,0.5615936657022,0.4265075976458,0.5074083691160,0.5715327868801,0.3786529393662,0.1592830966832,0.3301748209650,1.0000000000000,0.6879867395630,0.7603904307848,0.4885302754403,0.6011491156609,0.6392474766270,0.3359058854347,0.5107574582496,0.3253503238681,0.0783743801986,0.0863215928015,0.6488986626018,0.7695706409437,0.4492430702127,0.5443062931443,0.4633005945847,0.2627737926169,0.4628047877046,0.0777818003058,0.0182665878987,0.1373894369381,0.4112068992936,0.3988474103271,0.6404299117660,0.2127116073027,0.4090145978150,0.1866837479791,0.4886094894807,0.1878249034572,0.4430092105002,0.2695497393037,0.4014528109140,0.5465486098603,0.0559217198197,0.1053418898640,0.1181141357383,0.4541782125666,0.4413597056398,0.5837259199707,0.5450776266737,0.5000362255162,0.4503067289649,0.2749630900871,0.0299953194951,0.5865705730794,0.4613097478947,0.2002576265228,0.1846834195142,-0.2195134818932,0.2001935679010,0.2013726287337,0.6358614660310,0.6196520762865,0.4125756127666,0.1954066642256,0.2828611463396,-0.0969271027190,-0.1173478728899,0.1838915791666,-0.0465517326710,-0.0685646087412,0.2234305241310,0.4304644165254,0.4786156229052,0.3429355886048,-0.2943464211104,-0.2239692067922,0.1303323904943,-0.0670526435478,-0.1650198339242,0.3395279211256,0.0445686966253,0.0901014048296,-0.3437007583629,-0.2791509830143,-0.3179315453014,-0.2342035936852,0.2898891835931,0.3548814901059,-0.2437636371514,-0.1163153127232,0.3300758084864,-0.0857852362593,-0.0879548882500,-0.0806946553091,-0.2443425877872,0.4823276206413,0.1370298512606,0.3220355993655,-0.0851644692774,0.0803806956674
0.2765047073336,0.1810219096649,0.5602371139991,0.5511975420455,0.4533403059828,0.5155490025561,0.3343185709901,0.1487970673938,0.3328673574484,0.6879867395630,1.0000000000000,0.8527265265626,0.5593832586547,0.3517058378853,0.5319369655932,0.2499634609680,0.6001922989599,0.4318479495587,-0.1085075211707,0.0690428029986,0.5408453434986,0.5390061563432,0.6456217625968,0.6396990282557,0.3532572117379,0.2325977975313,0.4917691520703,0.0445167226822,0.0349682532647,-0.0205344475633,0.4475435799893,0.4690063363249,0.6839686623406,0.0183114269578,0.3088372629680,0.0296277125914,0.5440803129129,0.1590104455748,0.4765186355510,0.1468463588244,0.3201823035193,0.4591140797713,-0.0484414607146,0.0007308061441,0.0206295416586,0.3707609563574,0.4031062061336,0.6942716416705,0.4249498872677,0.5018813086360,0.3357436740251,0.0211695931394,0.0100800974042,0.5278765694625,0.5192860650918,0.0560761302707,0.2305460950034,-0.3020402539847,0.0724226668582,0.1132911948731,0.5332883452940,0.8391428550435,0.5792659025121,0.3967164766749,0.0980183710054,-0.1765362596990,-0.2788493388710,0.4262156302783,-0.3212182224169,0.0265873562939,0.3430607290811,0.4966149833842,0.6408045716910,0.3671945318955,-0.3502471339228,0.0120553154171,0.2443421892781,-0.0341613960183,-0.0937513196444,0.5332033481931,0.1729831021412,0.2345308480405,-0.3284787444911,-0.4032023601888,-0.3395585093794,-0.2560201625893,0.4434146906818,0.1752953277964,-0.2474503679427,-0.1995985182082,0.3824192031632,-0.1955266886620,-0.2514122014977,-0.0826952231124,-0.2262323595511,0.6372440941110,0.0406749468687,0.2390636337652,0.0040017005393,0.2122790042171
0.3151799122813,0.1893126065150,0.5357990251932,0.4535183865779,0.3753661784743,0.4053579468973,0.2493628402073,0.0856248314583,0.2274129105553,0.7603904307848,0.8527265265626,1.0000000000000,0.5101013712318,0.3951638366007,0.4696400923914,0.1879331899602,0.5251893130685,0.3340195017768,-0.1077893606729,-0.0142841957242,0.6144080419222,0.6238218867074,0.7069683898117,0.5439222885241,0.4466709702400,0.3296573771673,0.4441093288295,0.0311971498613,-0.0094209145501,-0.0027311178247,0.3533701531682,0.4730366919721,0.6657420067192,0.0345723293844,0.3060317284001,0.0354254874781,0.5115453038469,0.1295411819403,0.3649677222184,0.1161950573916,0.2463985653658,0.4046666794318,-0.0508503893285,0.0107389576963,0.0122936454698,0.3999475310641,0.3943893454321,0.5915691061980,0.3958964711312,0.3734411432886,0.3533862443458,0.0943487211614,-0.0223530247201,0.4418200281036,0.3252727492312,0.0623052205847,0.1772779890587,-0.3402831695595,0.0381915026913,0.0241927634587,0.5978837445324,0.8148643722474,0.7256663431456,0.3355291258825,0.0847893313565,-0.2003481097707,-0.3016575864310,0.3325930390917,-0.2549038784568,-0.0702250343214,0.4398343927919,0.6224732811232,0.5177620557052,0.3977365627425,-0.2886981341414,0.0459084479408,0.2133751521369,-0.0559460622144,-0.1405381920032,0.4363694025072,0.1930187177163,0.2782864956715,-0.3614529096458,-0.3711513612321,-0.2804229345964,-0.2337767411539,0.4172641845256,0.1956976008644,-0.2381511638067,-0.1755531617725,0.2846747591493,-0.1948899909128,-0.1657310772602,-0.1456436142570,-0.2655938255043,0.5292890144136,0.0108108800710,0.1809048757744,-0.1351165623487,0.1262859243883
0.2194605284809,0.1304337837276,0.2250870103261,0.3701840616468,0.3727793142501,0.4679064652706,0.3573925774665,0.2325661837569,0.5045631336116,0.4885302754403,0.5593832586547,0.5101013712318,1.0000000000000,0.0912217350505,0.2515554657865,0.1004364882936,0.5260065362615,0.2978034633186,0.0290032635471,0.2390695847201,0.2036057227089,0.3390119428745,0.2265281702560,0.4125081201597,0.2840314944715,0.2554867241982,0.3216206458764,0.1370657315623,0.0315079070537,-0.0074407517478,0.0187747508633,0.2435038227090,0.4519041551499,0.1233745739240,0.0201233155148,0.0784145923602,0.0615605317728,0.2922116693801,0.1212916707736,0.1184948370896,0.2016848409955,0.1149665873216,-0.0026723145909,0.1452433251743,0.0317888126593,0.0387217425635,0.1742492726271,0.2646416483014,0.1048675505070,0.0932395332999,0.2880019106226,0.0864673250993,0.1196189736862,0.3435973842274,0.4431784643012,0.2384959226803,0.4896491975074,0.0127034152678,0.2735422108197,0.3299070662379,0.4016638061581,0.4452566385942,0.3760303949421,0.8161642505205,0.2324498653876,-0.2632852618330,-0.0086435477487,0.4984229845816,-0.0768286835989,0.1895331477777,0.2697996534869,0.0764549915827,0.4682075120266,0.3544527994291,-0.3454335466570,-0.0393888616529,0.2113946574992,0.0710054789413,0.0481297749885,0.2860388351284,-0.0018871555681,0.1684185740500,-0.0693314994763,-0.2362921695436,-0.1823264366295,-0.1449303203946,-0.0627068015225,0.1006633385394,-0.3502923889733,0.0646435860176,0.0031171194614,-0.0793570867678,-0.0076122725080,0.1016070463895,-0.0352750285082,0.2409335503439,0.0675613524743,0.1429656383906,-0.0950881301440,-0.1417842294990
0.6367577551246,0.7855281965720,0.5409959742592,0.5069436497773,0.5386968377620,0.4329071086775,0.4265959461385,0.2291314905000,0.1253523930222,0.6011491156609,0.3517058378853,0.3951638366007,0.0912217350505,1.0000000000000,0.6090938951264,0.2903170928389,0.2002926165826,0.2675812513880,0.0164286375110,0.0005664521051,0.4262250711855,0.5479871370837,0.3162795565957,0.2250692378758,0.1714552160722,0.1188970323642,0.2156455854868,0.1185193299043,0.1035619105200,0.4148306105838,0.2390287141797,0.2911955584935,0.3345139129598,0.2304380986104,0.4097930200012,0.0269667912435,0.3050264059191,-0.0375685579747,0.4339348199088,0.3031557386536,0.5093912401114,0.6388500096081,0.0276908798646,-0.0220831487991,0.0824635695139,0.4456194392520,0.4813891865811,0.5552061989747,0.7219909910770,0.4867503518574,0.5263969417045,0.5002407001119,-0.0186159242715,0.4637362749711,0.2815887687122,0.1309510141904,0.1059737387393,-0.0934938110487,0.2018526928484,0.0663564069849,0.1326713361323,0.2989805346342,0.0501118654692,-0.1014232592169,0.5343642462443,-0.1548864807023,-0.1841816833277,-0.1130765100204,-0.0382167896111,-0.1783386149204,-0.1859554499951,0.2420553146634,0.0943888103209,-0.0189585813954,-0.3549664157127,-0.2853593806577,-0.1654547900125,-0.0171714944966,-0.0788431245181,0.0474857774423,-0.0322809604688,-0.2292394424412,-0.1652796873794,-0.3441859415914,-0.3066986627520,-0.1431786031712,0.0979084398317,0.2536525202608,-0.3813928209079,-0.2475316491234,0.2921965316754,-0.1164300660790,-0.2093450474121,-0.0904380624932,-0.2427345554582,0.4326957509441,0.3449660012501,0.3141374523518,-0.0762496967627,-0.0631014339475
0.4949146674231,0.4506669384040,0.4410630985507,0.6475421687382,0.5504350842026,0.5206782923861,0.5575810218709,0.0035622054064,0.2906435880331,0.6392474766270,0.5319369655932,0.4696400923914,0.2515554657865,0.6090938951264,1.0000000000000,0.5423509906752,0.3681311876896,0.2238490880831,0.0984959843741,0.0700565988770,0.6084135064259,0.3713161976371,0.4699203283583,0.5177432191960,0.2333619698171,0.2699196694615,0.4511718010323,0.0267108901015,0.0071548785724,0.1271242464425,0.5322024804381,0.4515170431935,0.5467306212898,0.1394169212671,0.5639088338836,0.2014149353652,0.3899236833358,0.2896014851319,0.6153782535307,0.2684348590119,0.4123509780596,0.6719918901779,0.4254992504340,0.2114249704532,0.2092897926743,0.3787726333619,0.3922434357977,0.5922217269349,0.5140465061217,0.7739290916253,0.4476443944047,0.3970340650621,0.3853133934542,0.4866675013349,0.4159853177358,0.4649923893756,-0.0526800857180,-0.3728010753558,0.0362181276769,0.0170524761096,0.1908016518801,0.4055137407487,0.1111474238974,-0.1215502998406,0.3475166898261,0.2395487385089,-0.0039843142775,0.0200358748189,-0.1343257436672,-0.1066964056661,-0.0993476954584,0.2105987497696,0.2946120149317,0.0472798456227,-0.4270313598635,-0.0537787750356,0.1274235792040,-0.0856009699982,-0.1565604017240,0.2503117599823,0.1423183140860,-0.0623796647250,-0.3614051114595,-0.0644434691834,-0.3174709186627,-0.1902210176302,0.2341244582470,0.5032698849763,-0.0159152597921,-0.1214766988298,0.4974939353656,0.0574774299660,-0.0108031500388,-0.1428823222640,-0.2554372393652,0.4438997704350,-0.0176957546214,0.1482371501880,-0.0166670946202,0.0804911682631
0.3205655222229,0.1823378842734,0.1211025250444,0.3889222899658,0.2583854219324,0.2189537587949,0.4475843068642,0.2514564036861,0.4194289137178,0.3359058854347,0.2499634609680,0.1879331899602,0.1004364882936,0.2903170928389,0.5423509906752,1.0000000000000,0.3826336493484,0.2479128537609,0.6263246623222,0.4711690232618,0.5898842910279,0.1367171475020,0.2521289275911,0.5047176180044,0.3201613402746,0.2384121985877,0.4727727996717,0.0037181979918,-0.0355657829944,0.0837713162009,0.5607533119463,0.3878505414323,0.4938730825473,0.2309473212360,0.8072222898665,0.6558489586567,0.1837489275682,0.4513677723905,0.2740505009159,0.1884834768544,0.1685631097510,0.2255726370292,0.6014522405779,0.1429499170113,0.3044331217865,0.1203584987327,0.1490813044058,0.1537030366174,0.1419918834121,0.3512488024483,0.2816690628371,0.1187283915445,0.3547439484481,0.1810555638816,0.1319203288459,0.5050748390611,-0.0966660214005,-0.0398769601480,0.2659968813500,0.2199786349448,-0.0704891492677,0.1307730750761,-0.0785174307320,-0.2733557159949,0.1891741754299,0.0763691261299,0.5815435521082,0.0961066231317,0.3992151208823,0.2482309798954,0.0508981193948,0.0213975670106,0.2752710439393,0.2978576692612,0.0154506567367,-0.0164515635379,0.2290407868919,-0.0796443443874,-0.1823071268005,0.3586409542309,0.1316467288166,0.0414036650521,-0.3361278322305,0.4410635779058,-0.0882023366724,-0.0708803775038,0.0849099351148,0.6223525787154,0.0741799168072,0.2054554259900,0.1456352898410,0.1532327047175,-0.0254412723626,-0.0126990391607,-0.1840025328137,0.0616975981909,-0.1310824691644,-0.1141352794278,-0.1296289081276,-0.1463815679303
0.2291791865883,0.1353214745594,0.2411531576605,0.3900258660783,0.3353044987265,0.3761149271620,0.1915244941805,0.3527452414689,0.6406514137433,0.5107574582496,0.6001922989599,0.5251893130685,0.5260065362615,0.2002926165826,0.3681311876896,0.3826336493484,1.0000000000000,0.7879798148100,0.1523763179227,0.5023102914875,0.4269168983101,0.3088879169257,0.3253548038458,0.7222827106156,0.3786035833564,0.2571550539182,0.6038287147136,0.0250307935839,0.0117972538284,0.0398918737035,0.2899112780603,0.3949370501431,0.7158731144293,0.2302597313985,0.2072437601410,0.1579193726181,0.3234957243918,0.4251890785458,0.2582942086302,0.3249799087483,0.2508551395769,0.2463114517272,0.0563082098935,0.1864353125530,0.1043358123177,0.1373118266048,0.2349979618726,0.3459025941321,0.1668379668283,0.3079306386160,0.2992857062087,-0.0625233310013,0.0117914804669,0.3013243631041,0.3866424684177,0.0284695965997,0.4748943161620,0.0952764724881,0.4952026373609,0.4104975049359,0.2723511742500,0.5535336526710,0.2604160793282,0.2646310670611,0.1905198961306,-0.1902299414740,0.0407153341302,0.7552504078306,-0.0648643426368,0.4560032099692,0.3939258571284,0.1953410386722,0.7154561591421,0.5331530270565,-0.1919794319736,0.1061495760301,0.4146066691431,-0.0609040096965,0.0101293304503,0.7322544649771,0.1861643747901,0.3420209137576,-0.1957870120939,-0.2090132746799,-0.1861463932947,-0.1616706491134,0.2016232174999,0.1592754272487,-0.2918632088913,0.1795061061586,0.2281385943277,0.0316925733439,-0.0241886589724,-0.0276415707195,-0.1103155069328,0.3459186472980,-0.0018875691905,0.0673858580259,0.1244399835446,0.0557388093168
0.2186174828264,0.2368468055537,0.1340660275551,0.3382751855498,0.1994067172407,0.1937399009508,0.1654166722182,0.4613826133107,0.4918052608508,0.3253503238681,0.4318479495587,0.3340195017768,0.2978034633186,0.2675812513880,0.2238490880831,0.2479128537609,0.7879798148100,1.0000000000000,-0.0923558164175,0.4164247231158,0.2379065751396,0.2303885022935,0.2403838208568,0.5303964168603,0.1373446261946,0.1833922880439,0.4250586287070,-0.0829568564323,0.1354024941221,0.2090018435296,0.0577552018513,0.2781387609662,0.4857284496875,0.2079896710709,0.0657697722835,-0.1554233011370,0.2641984109759,0.2525559273226,0.2616326335961,0.3264453830973,0.2688211025176,0.2617935388988,0.0068296707115,0.1228937794483,0.0594955213763,0.0951263194203,0.1425560869195,0.2700278773091,0.1394795335648,0.2166387961707,0.2483531452948,-0.0138589261426,-0.1481835363574,0.1462066132021,0.2093398890496,-0.1343022671256,0.6811382064606,0.3382569362578,0.5542362631685,0.2670958477419,0.1118197877740,0.3640680278625,0.0415643647346,0.1786581963830,0.3026119095398,-0.2388815391550,-0.1775898290608,0.6879797475607,-0.1677231569142,0.3989337664427,0.3324905347335,0.1621547058250,0.6282231909179,0.3226050820876,-0.1082866207801,0.0644812432209,0.2940198420744,-0.1490901765403,0.1675464840236,0.5512749251442,0.0958048718703,0.1567011339546,0.0329031947288,-0.2932220349434,-0.1144224244998,-0.2189524469966,0.1967206365648,-0.0885314790422,-0.3551198307735,0.1492141309919,0.2064633513319,0.0498260395660,-0.0694753809778,-0.1482741399647,-0.1589098534096,0.2951554640217,0.2079235965668,0.0932327904254,0.1696896754671,0.0515461480285
0.1899341293906,0.0352337853602,-0.0398327394429,-0.0314441110239,0.0469489128053,0.0589810841486,0.1123075791777,0.2943652074160,0.5041978385824,0.0783743801986,-0.1085075211707,-0.1077893606729,0.0290032635471,0.0164286375110,0.0984959843741,0.6263246623222,0.1523763179227,-0.0923558164175,1.0000000000000,0.5765276450487,0.1889519997245,-0.0354814307937,-0.1217025178019,0.2200398744533,0.2980193190276,0.0653126147326,0.2757392269492,0.2370609324983,-0.0599582165379,0.0389379842592,0.2578931743937,0.0997912639622,0.1975555739665,0.2858551859523,0.4451537644112,0.8141392780562,-0.0775120054457,0.3200575399044,-0.0785910387125,0.1874800884749,0.0777741193883,-0.1199548098462,0.3752267132369,0.1197594753099,0.2047216569271,0.0000656872832,0.0901697874844,-0.1243709427101,-0.0635831353234,-0.0009153696013,0.1556141939811,-0.0997952720179,0.0895549092923,0.0116376872142,-0.0029129062646,0.2693057645908,-0.2195466207173,0.1657951602891,0.3432083040605,0.5488489025933,-0.1806570724811,-0.1441713653657,-0.1822529505037,-0.2341613051014,0.0104914909484,-0.1292362452393,0.8410886161970,-0.0584850481939,0.8285813515595,0.4242879722515,-0.1810277721933,-0.2310703735707,0.0383957197383,0.3746370564387,0.1118770446869,-0.1276360943962,0.1294354437877,0.1895917079988,-0.1423524463683,0.1311413044366,-0.0111936600809,-0.0376637241272,-0.1469653810169,0.4924774508898,-0.0013555944608,0.1619985239952,-0.2095486045041,0.4181448896275,0.0110698491070,0.2868872661378,-0.1289857718452,0.1862346570849,0.0538984566730,0.2988183362263,0.1164941228454,-0.2085527856587,-0.1290094316833,-0.0948941711440,-0.1265392359444,-0.3762803582982
0.2327520803289,0.0918078463667,-0.0999542771902,0.0674566934667,0.0192189314886,0.0304297765253,0.0750297945220,0.5907427120038,0.7118872007254,0.0863215928015,0.0690428029986,-0.0142841957242,0.2390695847201,0.0005664521051,0.0700565988770,0.4711690232618,0.5023102914875,0.4164247231158,0.5765276450487,1.0000000000000,0.1769702599509,-0.0204684554622,-0.0147622101987,0.4116895819005,0.3367730906893,0.3145328141025,0.5328208627064,0.3086556990555,0.0991965464529,0.2289368662499,0.0930156428852,0.2722794041032,0.4237103455322,0.4570850445920,0.1911986452252,0.3682456185254,-0.0404095356078,0.6472573179597,-0.1081326468391,0.4540675123990,0.2256302322438,-0.0593079427119,0.3386060032558,0.4473415621608,0.4393782569139,-0.0625338602530,0.1436811222519,-0.1265761714556,-0.1547355364116,0.0215820875865,0.2436630734453,-0.0915755420348,-0.0880553689591,-0.0770806706564,-0.0250444979389,0.0633704674764,0.2884280142581,0.5102795863184,0.6364095937198,0.5630414834405,-0.2479324882280,-0.0204984271090,-0.2346006411452,-0.0542096191418,0.2200477965121,-0.2494810339445,0.5134011541572,0.3399740652042,0.5219368288587,0.7864744243676,0.0122555410661,-0.2424091944704,0.3326379455247,0.5763979723215,0.1278711035616,0.0941619517397,0.3804938292175,0.2631089313632,0.1144845680483,0.2849935819151,-0.0816381213254,0.0748656016811,0.0813888737755,0.2918148866440,0.2131934891790,0.1042805696064,-0.1541591862493,0.1285610824366,-0.1243813229908,0.5937427886020,-0.1226083019224,0.2462633340324,0.3138670280781,0.3109990762523,0.0105442584876,-0.1589292053006,-0.0350372303784,-0.1242864094010,-0.0258474874468,-0.3230993832160
0.3100410323192,0.1856119637093,0.3028392755604,0.4253433631331,0.2124588271745,0.1750833156808,0.2850993415079,0.0570013783239,0.1874526112635,0.6488986626018,0.5408453434986,0.6144080419222,0.2036057227089,0.4262250711855,0.6084135064259,0.5898842910279,0.4269168983101,0.2379065751396,0.1889519997245,0.1769702599509,1.0000000000000,0.5430594492705,0.5634092641361,0.6232339985885,0.4761972580901,0.5331080728283,0.5232235483134,0.1079593175186,0.1104948264705,0.2089530135028,0.5761467529335,0.5448296022270,0.7137954906548,0.1119136717638,0.5779089242995,0.2908069827038,0.4708596941916,0.4457058995858,0.2785673253112,0.1713798128132,0.3237203473571,0.3991475768998,0.4138570602093,0.3134662548042,0.4436216474761,0.3324549385834,0.3899352061075,0.3511914082441,0.3949977376124,0.5503059546183,0.2501911258727,0.1326757285130,0.1537580700844,0.2225005418202,0.0690217529271,0.2856370457605,-0.1062386458152,-0.3058501553809,0.0508261677376,-0.0538327900408,0.2065253615405,0.4534764853599,0.3166553478111,-0.1752491003004,0.1006272205392,0.0132748955243,0.0195480295954,0.1062082921643,0.0739067759892,-0.0846403077854,0.3923598070858,0.4134244023815,0.3563321814110,0.2768937854009,-0.0008226316136,0.1010651090692,0.1648465673165,-0.0386128369592,-0.1613505408676,0.3251785457021,0.1290281755384,0.2189187762499,-0.4069912199695,0.0800529198253,-0.0076399575249,-0.2319826043540,0.3326168893073,0.4580135238062,0.0824191320503,0.0892083874146,0.1902172458185,-0.0928881920784,0.0906283913764,-0.0850786449187,-0.3765336166515,0.2206016194511,-0.0559135253793,-0.1146476901815,-0.2835569328903,0.0373976595428
0.2991692717109,0.3791835349985,0.4389618981312,0.2763381657582,0.3112474959193,0.3569326031471,0.1945042047899,0.1084747929058,0.0808594777528,0.7695706409437,0.5390061563432,0.6238218867074,0.3390119428745,0.5479871370837,0.3713161976371,0.1367171475020,0.3088879169257,0.2303885022935,-0.0354814307937,-0.0204684554622,0.5430594492705,1.0000000000000,0.3719935738915,0.3338561112546,0.3006955072245,0.2328307589620,0.3049119402287,0.1700948291178,0.1698176547221,0.2503560119781,0.2421892774403,0.2715508408233,0.5075205225186,0.2194043362492,0.2190494420421,0.0042123488671,0.3792353667853,0.0804846863459,0.2379668266845,0.2434443215193,0.4543917702477,0.4129847100492,-0.0831507887607,0.0686269395664,0.1220652091152,0.5459325307294,0.4886507946210,0.4364108341318,0.5860825777021,0.3145043053972,0.2898577888045,0.1822790512313,-0.1239846589605,0.4279402644313,0.2892176579546,-0.0083907477175,0.1327533798672,-0.1579954465132,0.0707458004831,0.0270392945263,0.5430829445415,0.4749502616559,0.3633174611764,0.1539839439441,0.2195397647918,-0.1918794248762,-0.2351828747269,0.0797554536346,-0.0854849972050,-0.1472983657906,0.2397852169092,0.4618235830638,0.2905987864904,0.2384098844107,-0.1759462706803,-0.2055316637880,0.0494833020092,0.0270994381717,-0.1041937809427,0.1474648342793,-0.0283616352706,0.1165899268541,-0.1951636637643,-0.3367045607530,-0.1845779532796,-0.1584031813780,0.2070687814123,0.1075972700635,-0.2651278230753,-0.0953744024004,0.1565031860472,-0.0988992017630,-0.0899348960890,0.0162905867658,-0.1776720562006,0.3582037112556,0.3080578122030,0.4423397168509,-0.1040718599117,-0.0079079409123
0.3747190137417,0.1086864863852,0.3762874867455,0.4098153521616,0.3162201415073,0.2058581286929,0.1436845047963,-0.1439832128620,0.1083715799152,0.4492430702127,0.6456217625968,0.7069683898117,0.2265281702560,0.3162795565957,0.4699203283583,0.2521289275911,0.3253548038458,0.2403838208568,-0.1217025178019,-0.0147622101987,0.5634092641361,0.3719935738915,1.0000000000000,0.4953548383746,0.1955206494991,0.4171245618688,0.5298701184465,-0.1332132138215,0.0105598995824,-0.1038187700883,0.2922899967455,0.6035785959429,0.6289101089330,0.0588214973727,0.3592008542204,-0.0483866534796,0.4449434258968,0.1665793494039,0.2276617618159,0.1843742108612,0.1472054829871,0.3484108793493,0.1128009539243,0.0639519807100,-0.0254773718082,0.4876301869467,0.3364978635071,0.4059000233940,0.2597906047448,0.3617686808195,0.3846680173574,0.1132220514494,0.1175799564475,0.2235689324500,0.1434005895397,0.0273718999522,0.0015502571457,-0.4500459230448,-0.2031459286179,-0.2309852562235,0.3064684376596,0.5917370235519,0.6143999225123,0.0681318241604,0.1033190975898,-0.0790834333782,-0.2621731298060,0.1852045884087,-0.3147156779202,-0.0921761642743,0.3130007003336,0.7340179622691,0.3723555941235,0.1600420372188,-0.3093711749365,0.2693466886671,0.3805341382553,-0.1342215995167,-0.1027795458668,0.2759141441115,0.5236186370487,0.2487738197393,-0.4135837661182,-0.2581689382949,-0.2623728018163,-0.1099492060249,0.3864253325932,0.1740978715381,-0.1071392190440,-0.1726695438074,0.1744837438353,0.0609074481150,-0.1151978873639,-0.2276183533163,-0.2683875777476,0.3535737146436,-0.1340902713883,-0.0476407854402,-0.0565519109263,0.2208436639284
0.3552700722141,0.0982609552387,0.3022010090046,0.4363568201678,0.3573414510893,0.3582181602671,0.2395509208408,0.0229299655281,0.6276620604716,0.5443062931443,0.6396990282557,0.5439222885241,0.4125081201597,0.2250692378758,0.5177432191960,0.5047176180044,0.7222827106156,0.5303964168603,0.2200398744533,0.4116895819005,0.6232339985885,0.3338561112546,0.4953548383746,1.0000000000000,0.4397347419952,0.3571351160009,0.7752904406053,0.1072863156832,-0.0731324937902,-0.0523935703794,0.5177829379633,0.4967497628524,0.7447485888057,0.3394338432733,0.4762645421362,0.3270950728107,0.5020314817051,0.4754225066308,0.3669699873990,0.4242968636142,0.2022864875367,0.2958290514832,0.2425072652510,0.2363236618804,0.1351689259621,0.3496403616355,0.3613392792216,0.4137069244255,0.1686708399595,0.4160970535436,0.4018550420533,-0.0071077719682,0.1440587645061,0.2922108112856,0.3434770325707,0.1573764682644,0.2210056395693,-0.1906099145216,0.2412530936543,0.2975550568608,0.2390421834566,0.5341010151370,0.2885274902633,0.0980078615778,0.1797176860958,-0.1165198916717,0.1261285143689,0.4648963453017,-0.0187601508037,0.3517623887865,0.2636077225599,0.3109294523459,0.7813316462098,0.4911556235276,-0.2104757419645,0.1522969333206,0.5386485240024,0.0794050011117,-0.1340394672070,0.6803912757785,0.2804681261279,0.2606426396111,-0.3015061707954,-0.0646002984739,-0.2315210777856,-0.0233483934475,0.3712950552745,0.4154199819290,-0.1566734172975,0.1427145695407,0.3195788695606,0.1670499435693,-0.0161274657274,0.0357236694924,-0.0731673586294,0.3664527111017,-0.0963986223340,0.0403167872618,0.0326160038760,0.1081588062018
