1.0000000000000,-0.1329273340933,0.2123089204699,0.0625548733797,0.4934835049712,0.1271839715935,-0.0147712029558,0.1922975326468,0.3158354236501,0.2017423309969,0.5087324390725,0.4729000797258,0.1192800795380,0.4420083414317,0.0234162385157,0.3228218373179,0.0228196399743,0.2243563445121,0.1808801736851,0.3784650732191,0.1137163361291,0.1830894557175,0.5458763329743,0.3261183334063,0.3554345335383,0.5138902635310,0.2860175096504,-0.0884303075409,-0.1454316224270,-0.3154611409694,-0.0610377753915,0.3415895343854,0.2506984864561,0.4380298661327,0.1301972273180,0.0803609435723,0.2082979457728,0.3297441042771,0.1348871991439,0.3235010679542,0.0869741259181,0.2851573480368,0.3495565906739,0.3266991725907,0.1977742678829,0.4305200934198,0.3311611157598,0.2718921033675,0.4374743859233,0.1174514647104,0.6063306769933,0.0246317985595,0.0965011776076,0.0387219758448,0.1255042042452,0.3607561252223,0.1630526600710,0.2108568049157,0.2406423274803,0.0982196182873,0.0320294387451,0.2815375101627,0.1889955678955,0.2037911122125,-0.1722333246222,-0.0703901132455,0.2315967957539,0.3842940141553,0.1028599350964,0.3588435762376,0.2475710987153,0.1917373148979,0.3653122581464,0.4178718557867,0.2674424315838,0.0572852154569,0.2586495259902,0.0312940222694,-0.1713626880929,0.2634129231621,-0.0357009935478,0.3120836795126,-0.3576525411054,0.3748459833957,0.2364151849613,0.0136682871900,0.3186837614655,0.1635293908665,0.0447140638331,0.4625186445415,0.0876091631437,0.1428626760840,0.3183993267988,-0.1922347794222,-0.2944030724053,0.2201881987601,0.1451107354886,0.0209319745470,-0.1146328209775,-0.1033405710417
-0.1329273340933,1.0000000000000,0.4258847374563,0.3466185391153,0.1650310099782,0.3252898878006,0.3644023283053,0.2591298557859,0.0852971967830,0.4075511276827,-0.1120207251003,-0.0698202206271,0.2773760219050,0.5535508332606,0.3658856588265,0.0189799602111,0.1931528104894,0.1464106184784,-0.0715655557561,-0.0629562609949,0.2886797312070,0.2885822019673,-0.2707737636292,-0.0061446321712,-0.0236180341575,-0.1871107143193,0.1212080498636,0.2902440890215,0.3469131211858,0.6149653856861,0.1238318207880,-0.0547171350085,0.1069801282924,-0.0851190795994,0.0076506852604,-0.0738706010231,0.0800871776400,0.0407024605047,0.0831365779804,0.1089075061260,0.2950764992220,0.0551009747241,-0.2004540863723,-0.0256519254737,-0.0756214575965,-0.2573941912844,-0.0822187803862,0.1109867925320,0.3751553142416,-0.0167066290547,0.1014677542415,0.4999223003281,-0.1258963177519,0.4028137149748,0.1371716766782,0.0150336601129,0.3668835233208,0.2840770733157,0.2522501192424,0.2032991629448,0.1573078881589,0.0912541529874,-0.1476880863006,0.1307675014889,0.2726583158630,-0.3563829547001,-0.1525891237511,-0.0170895824480,0.0792742558467,-0.0563326327975,-0.1399621250800,-0.0126442940036,0.0354260487373,0.0317886975604,-0.1824713081922,-0.2613528462291,-0.1180025813671,0.0436031137397,0.3665734641337,-0.0350145848299,-0.2540456504291,-0.1892651506856,0.1956352609892,-0.2813864254723,-0.1327014479662,-0.1859724968745,-0.1798078779784,0.0277674002043,-0.3017710700953,-0.0740858628606,-0.0400679896290,-0.2149585106924,-0.1517089973682,-0.0299924339760,-0.3004952705542,0.0296817134210,0.4632869479316,0.2990074813286,0.0200512758043,-0.2969520151569
0.2123089204699,0.4258847374563,1.0000000000000,0.6623732633295,0.7090114328133,0.8067335249387,0.6495170598280,0.0017178999610,0.2205619467607,0.6276410400965,0.3306017112340,0.4061427391999,0.4941257485338,0.5186993578051,0.5380786941109,0.1829788347042,0.4515634710169,0.0429871162195,0.1463054675382,-0.0096146126951,0.5172276097539,0.4682960426249,0.1361850619644,0.3691489768066,0.1235439157736,-0.0806314226007,0.3812463592957,0.1648307129092,0.0378787476861,0.0281192628647,0.4773532642056,0.2176913848493,0.4331545455268,0.2297059580295,0.2988577765029,0.3364265850350,0.2802599231830,0.0667209184335,0.3883463736348,0.1743720672747,0.2526292321211,0.2554045028032,-0.0663080584217,-0.0257040254501,-0.1467097905771,0.2458085184076,0.2246205311572,0.5355214104481,0.5710308271149,0.1706503535012,0.4993816462495,0.3376953768585,0.0996897248200,0.8247466349444,0.6227733496931,0.3369410566852,0.0056910183393,-0.1000724017086,0.1015031593015,0.2456639976304,0.4213129240083,0.4200404849398,0.1475932395687,0.3068673002975,0.0532172038170,-0.3275114524225,0.0426361878877,0.1767137397666,0.2244382485428,0.0267228405254,-0.1400736466989,0.1650487152632,0.2728201876121,0.1952493802646,-0.0989467181110,-0.3088254900593,0.1254884452851,0.0876604757325,0.0904943396411,0.3002271693210,-0.0476421290194,0.0913658922938,-0.1202514212592,-0.3507676535873,-0.3284675009494,-0.1087108663869,-0.0293557496111,0.3659212822398,-0.3939105889576,-0.2122650014931,0.1548257598579,-0.0265718523724,-0.2209519284871,0.0708892121931,-0.1670318153581,0.4866087355335,0.2969251035982,0.5263785462126,0.1502814552747,-0.2461869303316
0.0625548733797,0.3466185391153,0.6623732633295,1.0000000000000,0.5785928621915,0.7439390316957,0.8417676288546,0.3442036531240,0.4397319035697,0.4861341250952,0.3995039777066,0.3305480411475,0.5953962951387,0.3129384589200,0.6356770295694,0.4550545499830,0.5743220399223,0.2643466630521,0.3736995004366,0.2749808731785,0.5312187720356,0.3272692769113,0.0909875809753,0.4473913892165,0.1026388471655,-0.0069723388596,0.4498272919410,0.1521208902044,0.1319541435623,0.1302798559427,0.4675265874237,0.1779115389468,0.5272510662492,0.2466989742224,0.4306054581023,0.4494819989472,0.3552176408655,0.3333955507440,0.5033862035679,0.3644345783063,0.3856014913217,0.2913890614853,0.2125465624111,0.2166178021887,0.0938836632191,0.1965754782921,0.2480350278215,0.6083549747683,0.4461531214252,0.3038917271491,0.2728833710313,0.1399851447705,0.1505244039762,0.6595456176907,0.6752197360821,0.4408354005398,0.1808100534423,0.1840480930565,0.3702109551245,0.4159887649682,0.2460158547339,0.4759958624196,0.0291407299786,0.3477076219488,-0.0730261531267,-0.2988555454640,0.2415856200242,0.3832571893102,0.3809712477504,0.2802594816246,-0.0871836588083,0.0731106793058,0.3979040875520,0.2158556872387,0.0021717043663,-0.1689577196944,0.2402204610397,0.0787626872434,0.0976798963821,0.3646793481032,-0.1042960197285,0.1261669539615,-0.1617638592840,-0.1790043410221,-0.1884753940271,-0.1051918715356,0.0798803336858,0.3039797902332,-0.2746995650855,0.0207158382402,0.2546660960916,-0.0001693728259,-0.0114480086173,-0.0588451827322,-0.3027475969785,0.5131067370335,0.2322970694616,0.4424541104719,0.2077254911609,-0.2658804249699
0.4934835049712,0.1650310099782,0.7090114328133,0.5785928621915,1.0000000000000,0.7831095680770,0.5857313384498,0.1608251697435,0.4008559131730,0.6118445728609,0.5199829251968,0.3993732589691,0.5558717732666,0.4600267855642,0.4253372248641,0.2266317372101,0.4182466227979,0.1234794397532,0.2573395837087,0.1847042128226,0.4672381780864,0.4625856420142,0.2109812844523,0.4541779242939,0.3235579604516,0.0388775802183,0.3920576158223,0.0898419358040,-0.1146733322459,-0.1604751937929,0.3091427835932,0.1370831503757,0.3636818046228,0.2885056391461,0.2299952211791,0.3593562353271,0.3586280743298,0.1904522289535,0.3652116453467,0.2727989501560,0.2589232658259,0.2403534085177,0.0588942903521,0.1149811887346,-0.0704818647321,0.2435754459495,0.2403845252668,0.5728515712760,0.6273502858597,0.2387433109914,0.7083004391061,0.2998827196049,0.2541837225164,0.6976124146735,0.7770187734662,0.5509292336753,0.1401564777917,0.0833002675816,0.2486134564838,0.3835917502033,0.4127034118969,0.4374769745690,0.1545225536211,0.4393466434514,0.0188488457244,-0.3055185754816,0.2454720840715,0.3367711610707,0.3210203185765,0.2192563492677,0.0218116428364,0.1182268909429,0.4508625632789,0.3888605361617,-0.0623816935765,-0.3093996804368,0.1274013547375,-0.0225089503991,-0.0540587662006,0.3355537484058,-0.1275396093797,0.0973207324609,-0.3606115976989,-0.1154666999940,-0.1837909243495,-0.1594872932888,0.1195776755014,0.4437955370127,-0.3209296736903,-0.0077691450864,0.1106373317652,-0.0160018961740,-0.0284117869021,-0.0211247022342,-0.2647436324418,0.5137671268062,0.2870360238537,0.4560659077760,0.0483041081323,-0.2847371192470
0.1271839715935,0.3252898878006,0.8067335249387,0.7439390316957,0.7831095680770,1.0000000000000,0.7749427162902,0.2652865965364,0.4780919654997,0.7167344083288,0.4437429261173,0.4055244733794,0.6795428823232,0.3696511182304,0.6214721657739,0.2817004418863,0.6274367359653,0.1901251143907,0.3291249052604,0.2111477097490,0.5792850319989,0.4335243545368,0.0768206223048,0.5289350673828,0.2293633818546,-0.0807543732730,0.4301263123369,0.1967580519173,0.0936558714278,0.0436834643817,0.4575291136215,0.1802242655254,0.4711754242670,0.2124634677214,0.3035326676424,0.4801400677654,0.3469139391632,0.2182602898168,0.4758754572254,0.2729170064382,0.3138218008386,0.2995460657326,-0.0612089609063,0.1006786526789,-0.0729288751619,0.1853658337990,0.2055908198159,0.6318213793175,0.5318355305977,0.2604076228711,0.4529883401101,0.1655344217457,0.1599582043895,0.8361843728898,0.8773231333750,0.4558371182330,0.1746876508992,0.1513831230744,0.3887869610601,0.5524421728629,0.4503838443291,0.5156485063464,0.0507876213949,0.4603876630879,0.0338292626978,-0.3688946571411,0.2600953521322,0.3444934635047,0.4444488005280,0.2600273634899,-0.0976176675349,0.0533047586661,0.4639429821643,0.3417994427438,-0.1286573329541,-0.3458370367642,0.0956995660610,0.0327635722703,0.1316465614252,0.4283526856212,-0.1797695158202,0.0147927953490,-0.1999285596634,-0.2821232217476,-0.3121844462843,-0.2194019932828,0.0144793389757,0.4877839486239,-0.4261145368023,-0.1178588961685,0.1743111700141,-0.0522007301511,-0.1589810188097,0.0109820384054,-0.2931053924499,0.6103546934923,0.3383776527842,0.4988602420209,0.1625101813774,-0.3069462915029
-0.0147712029558,0.3644023283053,0.6495170598280,0.8417676288546,0.5857313384498,0.7749427162902,1.0000000000000,0.3256814691103,0.4236520995124,0.5399149951431,0.3246684305818,0.2251553726078,0.5901680010991,0.3239344652394,0.5902687638722,0.4139199956612,0.5035066625485,0.2122325622788,0.3742916883082,0.2126124516900,0.4582152090404,0.2954892255508,-0.0001655365591,0.4349316193213,0.1371791598256,-0.0192847942271,0.4292588729255,0.1351998697125,0.0885960064623,0.1761672517449,0.4751808987079,0.1626438301250,0.3751281188141,0.1613998898064,0.4560197423951,0.4517132574963,0.4310176717992,0.3004445699220,0.5723059816383,0.3143966273203,0.3518163882395,0.2723529190349,0.1497595861672,0.1591465535731,0.0649422414423,0.1093431564370,0.0945390361846,0.5449307787870,0.4156691034345,0.2764781637613,0.3243581777494,0.2881402791083,0.2512417733975,0.7430880587595,0.7211236099083,0.5934699009464,0.1988679525072,0.1365903875874,0.3694172095339,0.4850723403748,0.3086892151810,0.3984686513066,-0.0049294693171,0.3649824771203,0.0828130945224,-0.2127357472098,0.2684700157244,0.3085668904864,0.4041636763159,0.2054851331024,-0.1479834651126,0.0452314406824,0.3851961604713,0.1942075997356,-0.0898675152515,-0.2373818595758,0.1448784886510,0.0523424914268,0.0946257428399,0.3501658132330,-0.1009304866633,-0.0738751455409,-0.0970603062935,-0.1436871557912,-0.2904818867569,-0.0830670840874,0.1355405560194,0.5077269241277,-0.2209658615816,-0.0738527978762,0.3069680324191,0.0154147081252,-0.1056707008472,-0.0234749099827,-0.2864120720257,0.5513187453688,0.2399127794242,0.4492565824519,0.2021405979016,-0.2218014169384
0.1922975326468,0.2591298557859,0.0017178999610,0.3442036531240,0.1608251697435,0.2652865965364,0.3256814691103,1.0000000000000,0.7063883352729,0.2081365314478,0.3402364580389,0.1970464336479,0.4277581430526,0.1182881023573,0.2105076401549,0.5364867202448,0.4782957748055,0.6751465920477,0.4707278429480,0.7327818375938,0.2955312290389,0.1064562041574,0.0354024039045,0.3632204273126,0.3457483263920,0.2323195982211,0.2717196019441,0.0668097688208,0.2388835526906,0.2348516767828,0.0899168060484,0.1419109440593,0.3564196675757,0.1669679826595,0.1400515116498,0.2087136017541,0.1991141803462,0.5619333613726,0.2186046633756,0.3211639100929,0.2930725500679,0.1075417440160,0.2017196409513,0.4875135741822,0.4439241084441,-0.0035757137059,0.1091458669815,0.1826702006637,0.1918486458669,0.0816331181304,0.1151254925738,-0.1362505675798,-0.0407947640431,0.1167222481258,0.3110149526347,0.3318091253160,0.6787097521469,0.8349868370654,0.8263723859208,0.6408817547014,0.0383971087285,0.3179936130845,-0.1312569660806,0.3443482386665,-0.0762470857524,-0.2464233133305,0.3427871716104,0.6187334322971,0.4255746081467,0.6488512229962,0.2912674846271,-0.0567061914857,0.5165711869107,0.4228881433196,0.2400622128494,0.0683687639040,0.1923113784938,0.0012731611585,0.1715656170773,0.3790190308901,-0.2448436877016,0.1836250869280,-0.1513043876705,0.2935616948097,0.3593310546650,-0.2402415192492,0.1647501121370,0.1096530505409,-0.0676090505586,0.5776333436997,0.0528326250066,-0.1202163877434,0.3381973754395,-0.3493269970987,-0.4982955544497,0.1970781031003,0.3144970002417,0.0058540737754,-0.0247514709565,-0.2424999529146
0.3158354236501,0.0852971967830,0.2205619467607,0.4397319035697,0.4008559131730,0.4780919654997,0.4236520995124,0.7063883352729,1.0000000000000,0.4035998958855,0.5207947491552,0.3959788045512,0.5294591401899,0.1688911067225,0.2580247021207,0.5972034273123,0.5866388869542,0.5180261016326,0.7407604371200,0.8405079809050,0.4338228365050,0.2167088584843,0.2538732269340,0.7246852670271,0.5471596921184,0.3175179875330,0.5653600318192,0.1463377046406,0.0560065971522,-0.0561329803692,0.2868085652745,0.2940143524561,0.5593226049009,0.4162603932712,0.3021949953933,0.5888631334595,0.2998707035220,0.6250715564204,0.2568125351740,0.4450322122857,0.2578859235953,0.1999553640058,0.2034195591110,0.4736663949206,0.3475916905001,0.3094805630021,0.2376114155682,0.2602550988757,0.3020880715920,0.0917654744825,0.3148111960485,-0.0579794235970,0.1570648833748,0.2954172547565,0.5111972326165,0.4516346570201,0.4239755426803,0.6086889413803,0.7934819438205,0.8812430540534,0.2194961116347,0.5466389723950,0.0529312113693,0.3511562730029,-0.0483181803791,-0.2351795705843,0.6366559150348,0.7070792757802,0.7344973357936,0.8264195478086,0.3074458376020,0.0628285761894,0.7523109597125,0.6783576711008,0.2319831324900,-0.0316922829830,0.3056150413594,0.1967476956078,0.0240026447415,0.6467067130253,-0.1089745311608,0.2507068431902,-0.2556328269853,0.2665006109438,0.1453932424949,-0.0708047930989,0.1530004402253,0.3027467010778,-0.1079023606379,0.4412488056353,0.0671018933199,0.1536134940478,0.2300972720649,-0.1549020148102,-0.3854529817416,0.2707377292054,0.2268269466631,0.2413413500257,0.0853355109474,-0.2278022468760
0.2017423309969,0.4075511276827,0.6276410400965,0.4861341250952,0.6118445728609,0.7167344083288,0.5399149951431,0.2081365314478,0.4035998958855,1.0000000000000,0.5360060110864,0.5932662351364,0.5954831431618,0.5540683705771,0.4752027678292,0.2465792562252,0.4749422371771,0.1866936400804,0.1949902883193,0.1514665029368,0.6884230098852,0.6770287635439,0.2490667160451,0.5224377261962,0.3361330976932,0.1032098372721,0.4788002451695,0.2041143850590,0.1701327054411,0.1369977897695,0.3385232821311,0.3130770395906,0.4622337068383,0.1315983490455,0.3023590047240,0.2873807795319,0.4144185465530,0.1857180757868,0.3259377565685,0.2545986407559,0.3337290751864,0.3804413718646,-0.0283341358985,0.0227781331100,-0.1054344850204,0.2269082637282,0.1414111597295,0.4740158265256,0.5968750020616,0.2125183691811,0.4628374707435,0.3196444467533,0.1691892194464,0.6763577805338,0.6275113589647,0.3889038334878,0.2798595461301,0.1705507853716,0.3616280145860,0.4929139501011,0.6048111396540,0.5812773501269,0.2478915159140,0.4096025184938,0.1413545437146,-0.2693640886919,0.1690715081075,0.2962948350244,0.3642250642454,0.2493220994071,0.1396677718851,0.2554637050582,0.4988471374803,0.4753450412271,-0.0925193117357,-0.2972109291966,0.1097403797709,0.0655293553886,0.1480917674573,0.3855568417704,-0.1611730907646,0.0049723611284,-0.1766556084898,-0.1473290788887,-0.2243388828012,-0.1783585315721,0.1580852477176,0.4698852672886,-0.2642769759972,-0.0868854486634,0.1130711393423,-0.0197817871109,-0.1567982390287,0.0431157436717,-0.3960321251743,0.4780303794191,0.3616035753906,0.4548044467954,0.0937871142287,-0.1660983326014
0.5087324390725,-0.1120207251003,0.3306017112340,0.3995039777066,0.5199829251968,0.4437429261173,0.3246684305818,0.3402364580389,0.5207947491552,0.5360060110864,1.0000000000000,0.7501710917244,0.4394268159421,0.2631129405077,0.2801295738635,0.4279819308538,0.4140907910826,0.4837008168957,0.2785254183734,0.4418848284355,0.4218210019222,0.4727597369404,0.7029308032321,0.6622668913570,0.2941910114386,0.4792176546199,0.5788722812890,-0.0589217474859,0.0213587151426,-0.2183174160265,0.2645397119083,0.4649129520073,0.5909574760233,0.2552672461430,0.3884690054869,0.2508167166053,0.5004995962149,0.4019858358018,0.4381172961290,0.3663256774676,0.2687463048800,0.4338999943375,0.2471966461543,0.3039494033569,0.2533370956489,0.4399359202280,0.2629233833777,0.5622456657189,0.5054391899265,0.3008390903664,0.5157340287879,-0.0252084118573,0.2170857924483,0.3806738648497,0.5541949337584,0.2928779309984,0.3275747261505,0.1859975407362,0.3567621768434,0.4032041328187,0.4361248357002,0.7568028200546,0.4698638764191,0.4264288679770,0.0203713749508,-0.0326871465051,0.1850493271445,0.6043322564326,0.2240536361308,0.4417186498731,0.4092463800369,0.4087089818557,0.6936060994500,0.5046063215819,0.1674680612547,0.2022903218854,0.5296739558786,0.1758516992149,-0.0208343166613,0.5507264482123,0.1051146247363,0.3655212238711,-0.2326093691069,0.0640208280383,0.1316515287257,0.0027716868076,0.4945085078732,0.2649344358902,0.0387200157707,0.2579157562323,0.2999236129099,0.1629364780736,0.1870319529405,-0.0946880370317,-0.3101521960448,0.5778968653993,0.2788041785592,0.1662362900740,0.1686777456958,0.1286402480527
0.4729000797258,-0.0698202206271,0.4061427391999,0.3305480411475,0.3993732589691,0.4055244733794,0.2251553726078,0.1970464336479,0.3959788045512,0.5932662351364,0.7501710917244,1.0000000000000,0.4568310989117,0.3206069549691,0.1680384122673,0.3007623767465,0.4305818184929,0.3226503537806,0.2742581148484,0.3138531379950,0.5285824439763,0.5048338844421,0.7271269292534,0.5451801092133,0.3974218102201,0.3939509278690,0.4434042633091,-0.0838804289786,0.0734415203966,-0.2291603889817,0.2429148943781,0.4478702291644,0.5907321350155,0.2861066799790,0.3501554863062,0.2568657326252,0.3743113400155,0.2191908372489,0.2539278325204,0.2065532694235,0.2278228006246,0.3544122616087,0.0881722435086,0.1711528036542,0.0876084052815,0.4799409102887,0.3375821099344,0.4693125183600,0.3747269917046,0.1679198146282,0.3818441297639,-0.0873211914531,-0.0129247262986,0.3255157734462,0.3754019163185,0.1623598264411,0.2020223678295,0.0769009807061,0.2559710768563,0.2987854467713,0.4405856543132,0.6465979663289,0.5465203595448,0.4039833015002,-0.1369092184246,-0.2425154579000,0.1202099090399,0.4895635487579,0.2673174025566,0.3680150081081,0.4181682844715,0.4716448074379,0.5318061774108,0.5522107241776,0.2100333853934,0.0372584300561,0.3559811087665,0.0647006080275,-0.0073092914415,0.5120886908750,0.0190801406816,0.3860756066087,-0.3104010734263,-0.0662838339472,0.0274432605663,-0.1053147142188,0.3204157440098,0.2065599467971,-0.1628937071891,0.1129728916441,0.1097691386509,0.0077009319182,0.0760183633224,-0.1968333351325,-0.3303099325244,0.4566571386198,0.1274300439344,0.1765412708854,0.0094021248617,-0.0321499260190
0.1192800795380,0.2773760219050,0.4941257485338,0.5953962951387,0.5558717732666,0.6795428823232,0.5901680010991,0.4277581430526,0.5294591401899,0.5954831431618,0.4394268159421,0.4568310989117,1.0000000000000,0.3535995735263,0.3983713835566,0.2440462091958,0.7009580943743,0.2422275256466,0.2869889497532,0.2966287539268,0.6250958330512,0.4485298410150,0.0769304177254,0.4226453036110,0.3606347961184,-0.0108151436563,0.3612986088572,0.1788263453848,0.1517304086019,0.1381075348121,0.3386398505989,0.1337219707817,0.5380574469511,0.1841620413485,0.2308833007738,0.3373192990590,0.3298959499983,0.2661822773191,0.2485328057496,0.2080323604613,0.2580566913679,0.1371364089632,-0.0548249991186,0.1200092476436,0.0021608627017,0.0814328493417,0.2013937142739,0.4118520883164,0.3743328289034,0.1238334594423,0.3149212144458,0.1582050014808,-0.0422061010965,0.5772651204010,0.6420317069415,0.3825905342493,0.4046997463746,0.3144876336127,0.4827117987027,0.5426680980916,0.4179475947466,0.5071077561217,0.2196373352482,0.8000511403619,-0.1041680063302,-0.5384279627660,0.1687279936798,0.5033564500069,0.4084232879973,0.3142015155763,0.1320825934961,0.1018765145123,0.4187455658297,0.4392677736310,-0.0678017143069,-0.3316870815251,0.0992379801718,-0.1003618738681,0.1315561279992,0.3655228532039,-0.2478868243640,0.1754308147682,-0.2582801545032,-0.2349327429233,-0.1946228657682,-0.2925650290058,-0.0229848143614,0.3208069265802,-0.4536770923348,0.0043545819552,-0.0289997402367,-0.2017073822247,-0.0922679840524,-0.2087198668480,-0.3797982070416,0.4119367659288,0.1884863148689,0.4440488272465,0.0000739989572,-0.4420634681779
0.4420083414317,0.5535508332606,0.5186993578051,0.3129384589200,0.4600267855642,0.3696511182304,0.3239344652394,0.1182881023573,0.1688911067225,0.5540683705771,0.2631129405077,0.3206069549691,0.3535995735263,1.0000000000000,0.3874394886913,0.2058583349391,0.2182889844044,0.1818683166843,-0.0349486497105,0.0737241472628,0.4332082010732,0.4279183892283,0.2064213651598,0.2140314764162,0.2014530281512,0.1809341083470,0.3551933393139,0.2229260460936,0.1038697568216,0.3285071859062,0.1923516896269,0.3119197737322,0.3452396011014,0.2270370643493,0.2437015791436,-0.0321559892484,0.3063572928948,0.1884166918800,0.2017006830193,0.2831008466960,0.3029938594473,0.4230411146109,0.0587435579706,0.0737774617267,-0.0356642446796,0.2016383167513,0.2513791764452,0.3104896100166,0.5724596322714,0.1356401587999,0.4596834027092,0.5058239244048,-0.0346828461436,0.3944787401130,0.2143306391579,0.2463585301491,0.2734128723914,0.1479176780017,0.2253536821935,0.1523841921681,0.1952497972007,0.2979240254651,0.0910487485795,0.2317606978653,0.1797323492710,-0.2934201343390,-0.0607241106239,0.1895847720001,0.0765817465614,0.0695022919381,0.0479442710748,0.1962830306649,0.2046793019318,0.2653513968821,-0.0582000662332,-0.2626806769519,0.0672117208307,0.1230559112014,0.1765187441450,0.1892783473758,-0.1374020640833,0.0627824809055,0.0076873471475,-0.0909569540067,-0.1206271555572,-0.0704397747164,0.1161177359514,0.2281210798153,-0.2623149249561,0.0525348847502,0.0787084015961,-0.0284743882630,-0.0685594344149,-0.0043434233652,-0.3506515429014,0.2427242130459,0.3744420697824,0.3677929554197,0.0480415761093,-0.2833286648272
0.0234162385157,0.3658856588265,0.5380786941109,0.6356770295694,0.4253372248641,0.6214721657739,0.5902687638722,0.2105076401549,0.2580247021207,0.4752027678292,0.2801295738635,0.1680384122673,0.3983713835566,0.3874394886913,1.0000000000000,0.3249925923785,0.4639995612238,0.1385294841129,0.1598292022613,0.1513574680002,0.4371337316997,0.2350606914040,-0.0120305197801,0.3558597393103,0.0160909734804,-0.0326414583129,0.4225720391813,0.2174799413873,0.0800715080073,0.2335601485089,0.4845138320813,0.2342786264292,0.4529441805959,0.2617606882705,0.3320702294939,0.2632352031642,0.4090794719282,0.3204463351446,0.7155816376891,0.4614200025094,0.4384590974182,0.6040153557184,0.3253106263180,0.3748966515508,0.2370407603200,0.2487268192839,0.3832706587660,0.5691365246415,0.4806041724535,0.6600671450442,0.1472593414430,0.1512677686551,0.0506931560985,0.4940984187742,0.4707377920460,0.2518949177109,0.0114710726070,0.1408314197276,0.2458392534822,0.2630101635326,0.0582660428025,0.3139351120848,-0.1470036016136,0.0476162767048,-0.0459817230429,-0.0103909092916,0.0892471859186,0.1150248265790,0.2545364215882,0.1294266093780,-0.3165332694091,-0.0793122522558,0.1634210074453,0.0994513735167,-0.1211821786768,-0.1367973225238,0.2184876334439,0.1711067803199,0.0610981974312,0.1768091329674,-0.1651237744272,-0.0818431614689,0.0502447877047,-0.1186549215117,-0.1642899923870,-0.0003764051409,0.1779331457169,0.3727797893655,-0.0589424424738,-0.0403989902389,0.5410352288797,0.1363310486857,0.1261621592161,0.0625110361537,-0.2339140502470,0.4466721474462,0.2047197100240,0.3348703679812,0.3620609187072,-0.1577093686969
0.3228218373179,0.0189799602111,0.1829788347042,0.4550545499830,0.2266317372101,0.2817004418863,0.4139199956612,0.5364867202448,0.5972034273123,0.2465792562252,0.4279819308538,0.3007623767465,0.2440462091958,0.2058583349391,0.3249925923785,1.0000000000000,0.4479530072787,0.5601678998586,0.6399291205310,0.6935951400868,0.4422715521209,0.1158525556345,0.3330082903537,0.6060843253960,0.3333321042689,0.3982447385158,0.5833793442777,0.1353730325249,0.0641337449549,0.0491862295953,0.5772118025744,0.5194374408718,0.6017573413768,0.4227184683772,0.7249119095489,0.5751204136115,0.3683069884274,0.7323788580358,0.4590589186681,0.4414951686662,0.2989507934086,0.3383642024193,0.5746136059843,0.4958701314299,0.5699257527718,0.3676502444991,0.3229837852398,0.3128913830425,0.2738815082860,0.2405544030579,0.1676415538947,-0.0853298335542,0.1880273510344,0.1944552987678,0.3081867592920,0.4222036815272,0.1832295843441,0.3664254435890,0.4973518684473,0.4023717051486,-0.0388662503476,0.3614177953226,-0.0324372124193,0.0146909377370,-0.1057400509266,0.0677561105887,0.5977009930960,0.5478513709691,0.5261660239694,0.6116183386983,0.2318711784015,0.1081713078134,0.5137157122035,0.4010773629181,0.5240629712748,0.2161579545350,0.4842964147035,0.3528804761593,-0.0198847574810,0.6199233046930,0.0706448184923,0.4035575336949,-0.1532727582740,0.5235628890594,0.3077391358306,0.1550323640010,0.3694931647863,0.3789840208329,0.2230772876832,0.5380901814679,0.2560483612552,0.2187280842412,0.3095333556105,-0.0364725142505,-0.3577722049569,0.2830691835535,0.1548376173850,0.0407203022307,0.1561698570166,-0.0398969991092
0.0228196399743,0.1931528104894,0.4515634710169,0.5743220399223,0.4182466227979,0.6274367359653,0.5035066625485,0.4782957748055,0.5866388869542,0.4749422371771,0.4140907910826,0.4305818184929,0.7009580943743,0.2182889844044,0.4639995612238,0.4479530072787,1.0000000000000,0.5679960361648,0.4376729435977,0.5244365895254,0.6759532448978,0.2978184741779,0.1038508218420,0.5523554020270,0.2212206798187,0.0403056250534,0.4188976985394,0.1645481073727,0.1367079202455,0.1561715701980,0.5393287083363,0.3123152236805,0.6950615133103,0.2182833575641,0.3337418514299,0.4675060643976,0.3254320676066,0.4234520443221,0.3681597331389,0.2338588927446,0.2949584766823,0.2377226707994,-0.0804856143904,0.1985027370759,0.1630236565064,0.1294229081789,0.2781575484047,0.4093683473411,0.2750597798752,0.1834295216412,0.1496423181621,-0.0857861707809,-0.0325859179994,0.5125983962376,0.6420321699401,0.2233417109602,0.2387147614918,0.2929213625283,0.5314526277930,0.5536358272019,0.2417202436880,0.4850984035159,0.0602213251801,0.3508424526935,-0.1300200029272,-0.4156666917413,0.2948257135545,0.5963929607595,0.4648821627601,0.4636654775903,0.1302276543736,0.0484332146431,0.4339759055007,0.2876258733646,0.1057932323866,-0.1084752182273,0.1769647016723,0.0667016424151,0.1317961275775,0.5676467907236,-0.0813933932434,0.2718300242155,-0.2138064140991,-0.1424449357906,-0.0762085724132,-0.1960582149822,0.0014659987630,0.2628771575837,-0.3105870699488,0.0873677537483,0.1001664689662,-0.0976660858000,-0.0693377295622,-0.1397573825567,-0.3567140378223,0.4009592045655,0.1240570529737,0.2730790819597,0.1762346885704,-0.3018503559923
0.2243563445121,0.1464106184784,0.0429871162195,0.2643466630521,0.1234794397532,0.1901251143907,0.2122325622788,0.6751465920477,0.5180261016326,0.1866936400804,0.4837008168957,0.3226503537806,0.2422275256466,0.1818683166843,0.1385294841129,0.5601678998586,0.5679960361648,1.0000000000000,0.3140844835604,0.6385203110682,0.2568053534259,0.1045620896939,0.3157268837734,0.4825413657981,0.0932348044453,0.3446639458198,0.3163365563265,-0.0746415012223,0.1182341514566,0.1865856107526,0.1824984835033,0.3400638147770,0.4430169420067,0.0510652973173,0.2146205241373,0.1259450450967,0.2517253166334,0.4570349098743,0.2907182060209,0.2203802944667,0.2344097102337,0.2649545057742,0.0275469498535,0.2296510314498,0.2998032046002,0.0468967522234,0.0849160969585,0.2556841925395,0.1865969087866,0.0719588148424,0.1555504606531,-0.1833127688118,-0.0000109106544,0.1416860713007,0.3180005984776,0.0935337094416,0.6018192059996,0.4819019536893,0.6094400995120,0.3968079937870,0.0932321837844,0.3736422162921,0.0708624580978,0.2015607269680,0.0496737757226,-0.1139725437995,0.1981068266362,0.7026549583373,0.1620678636894,0.5348420664730,0.3512517741535,0.1800991043964,0.5828399504370,0.2191512210678,0.3189010401717,0.2815141241839,0.3002577848348,0.1130148117655,0.0578569110385,0.6090484663139,0.0707795479268,0.3360264580788,-0.0825594435467,0.1727241153640,0.2726327565504,-0.1115490096208,0.2926727222985,-0.0000124988126,0.0469615296495,0.4663601396869,0.1817158076918,-0.0523965867524,0.0989305354609,-0.2791833584269,-0.3902392177946,0.2966910416990,0.2418530806781,-0.0621632807490,0.1423436576747,0.0529894139207
0.1808801736851,-0.0715655557561,0.1463054675382,0.3736995004366,0.2573395837087,0.3291249052604,0.3742916883082,0.4707278429480,0.7407604371200,0.1949902883193,0.2785254183734,0.2742581148484,0.2869889497532,-0.0349486497105,0.1598292022613,0.6399291205310,0.4376729435977,0.3140844835604,1.0000000000000,0.6831437172336,0.2808007558955,0.1022408448642,0.1747008895340,0.5729287563233,0.4336878840915,0.1648173979963,0.3926462323151,0.1203039266330,0.0403591878774,-0.1628440460225,0.3897787930723,0.2100905443197,0.3788028215611,0.3756332853194,0.4326767494861,0.8030166680153,0.1716459162201,0.4769342632317,0.2208346270393,0.3420699859207,0.2681913206870,0.1180413859176,0.2469696549239,0.3906178653441,0.3514600704349,0.3192085326443,0.2325532631784,0.1477869445542,0.0861304085835,0.1002240804645,0.1504764050419,-0.1690617514091,0.2189490215257,0.1728185431210,0.3724513276751,0.4507119146609,-0.0016526767214,0.3061087953620,0.4541118122484,0.6472508050063,0.0923084452108,0.2935183747088,-0.0232369093489,0.0832016085465,-0.0765752568986,-0.0561748213607,0.8057334174781,0.4460384685793,0.7907935588688,0.6432220498718,0.1438947907944,-0.0443061307882,0.4791416494855,0.5283688355211,0.2520704123557,0.0257232447742,0.2194190826486,0.2709408752519,-0.0582091664595,0.5350016108208,-0.0521288673276,0.1689768754840,-0.2328208102505,0.3484758814072,0.1341196456015,0.0706289523466,0.0816561286449,0.3508454042186,0.0278557718563,0.2768428814667,0.0831501701257,0.2294614311870,0.2142054491973,0.0317333526882,-0.2004701729017,0.1351993515086,0.0615309108174,0.1006838833180,0.0909238889446,-0.1534759519410
0.3784650732191,-0.0629562609949,-0.0096146126951,0.2749808731785,0.1847042128226,0.2111477097490,0.2126124516900,0.7327818375938,0.8405079809050,0.1514665029368,0.4418848284355,0.3138531379950,0.2966287539268,0.0737241472628,0.1513574680002,0.6935951400868,0.5244365895254,0.6385203110682,0.6831437172336,1.0000000000000,0.3165231810896,0.0717780533211,0.3318853883851,0.6237383769537,0.4391813097740,0.4675171961666,0.5245717184714,0.1064387041076,0.0607880449766,-0.0328770403317,0.2587926583801,0.4005126124292,0.5515402401523,0.4691768051719,0.3195265544879,0.4755213835052,0.2551838386628,0.7772843793957,0.2402030259005,0.5185345596516,0.2907130346557,0.2324869906349,0.3145922186622,0.6379532824074,0.6082754302128,0.3335593742985,0.3350104814666,0.1611752656711,0.1701964368074,0.1061381635472,0.1820659623877,-0.2372153526645,0.1266197021426,0.0286963359933,0.2955429996991,0.3457349067780,0.3379203541801,0.6203546672193,0.7033568356925,0.6385109195139,-0.0329522533690,0.4094704187297,-0.0215407401019,0.1145843464885,-0.1264195830624,-0.0598095898214,0.6265641410931,0.7160960714724,0.5368157412452,0.8926708670462,0.3696726273151,0.0750680737690,0.6277777491023,0.5516294436010,0.4060556229326,0.2093154324622,0.3940157098848,0.2863440040631,-0.0212144614145,0.6230076921865,-0.0145100440308,0.3980111631770,-0.2327872346867,0.4850335012448,0.4445701526460,0.0350330376747,0.2319787000122,0.1588709476219,0.0896986891071,0.6851564372827,0.1134886982919,0.2013976232159,0.4316502296806,-0.1730920353817,-0.4161702763096,0.1752566332854,0.1522469256537,0.0083860580183,0.1005102408132,-0.1217485709447
0.1137163361291,0.2886797312070,0.5172276097539,0.5312187720356,0.4672381780864,0.5792850319989,0.4582152090404,0.2955312290389,0.4338228365050,0.6884230098852,0.4218210019222,0.5285824439763,0.6250958330512,0.4332082010732,0.4371337316997,0.4422715521209,0.6759532448978,0.2568053534259,0.2808007558955,0.3165231810896,1.0000000000000,0.5892795543131,0.2245495939392,0.5231352133573,0.4387705822372,0.1640496702218,0.5352887264800,0.2861686153481,0.1970036054072,0.1663726937201,0.5328055157788,0.3845345832112,0.7109784885044,0.2412732346748,0.4659041317884,0.3736539976448,0.3752167860832,0.4084973299773,0.2500647491941,0.2542190132743,0.2598457176155,0.2329862593702,0.1317485523523,0.2107827152524,0.1547828346304,0.2067069255222,0.3339899705614,0.3474121236708,0.4092561094394,0.1656576057359,0.2918181598469,0.1709104690196,0.0223479075037,0.5346722635550,0.4922674738272,0.2948527483497,0.1883502313440,0.2162120882228,0.3776609772834,0.3720806382349,0.3563181271892,0.5516894796426,0.2675300739311,0.2943937289575,-0.0488948803098,-0.4180112656183,0.1676296515453,0.4044093400904,0.4164435495773,0.3082022698671,0.3946865629974,0.2736312185726,0.4330421042867,0.4761074188681,0.1158799157893,-0.1817176274291,0.2259616280651,0.0551354014266,0.1559413934383,0.4861373563461,-0.0845848878292,0.2649174010526,-0.2793589976543,-0.1076697105419,-0.0748883131786,-0.2333701069921,0.0535951491307,0.3285277821126,-0.3362834330523,0.0655915492794,-0.0509779011810,-0.1527646936194,-0.0432830889728,-0.0987560735957,-0.4308373694780,0.2950842190268,0.2254420010516,0.3385161273773,-0.0159419214110,-0.3285987377060
0.1830894557175,0.2885822019673,0.4682960426249,0.3272692769113,0.4625856420142,0.4335243545368,0.2954892255508,0.1064562041574,0.2167088584843,0.6770287635439,0.4727597369404,0.5048338844421,0.4485298410150,0.4279183892283,0.2350606914040,0.1158525556345,0.2978184741779,0.1045620896939,0.1022408448642,0.0717780533211,0.5892795543131,1.0000000000000,0.3477622884979,0.3599647560447,0.2371732866861,0.1033620253841,0.4038921963449,0.3288240424229,0.3302496369009,0.1477136794524,0.2891187551550,0.1911917279580,0.4378693434542,0.2426687181771,0.2762455114860,0.1662925638915,0.3800256766381,0.1465474465554,0.1805638640977,0.2993553654195,0.4855685263039,0.2152122068067,-0.0280738388919,0.0499789923772,0.0209126481983,0.2943218030768,0.3194257670806,0.3597559986493,0.6032866351324,0.0915167956523,0.3637146957822,0.2656067060646,0.0085798237537,0.4967859817029,0.4149469686892,0.1452824552812,0.1555740241999,0.0589618757542,0.0950913667947,0.2294348397825,0.4852270357914,0.4988015603367,0.3593186257142,0.3258441164838,0.0663574602792,-0.3031761922978,-0.0226782993727,0.1564751916841,0.1880784894208,0.1284919668913,0.2625346068075,0.3790465750008,0.3717856913908,0.4033247228074,-0.0304113868239,-0.1308286815183,0.2764919004321,0.2048964589083,0.1838401051314,0.2309366175374,-0.1167782884775,0.2291865734363,-0.1664054606344,-0.2205547024586,0.0144133102961,-0.1036324044215,0.1294447608756,0.1730176152754,-0.2264823807036,0.0220873571665,0.0087966080653,-0.0165971468912,-0.0297875745308,0.1729904568089,-0.3589741392647,0.3168803976859,0.3958740627896,0.4379102760281,-0.0371334439425,-0.1438060186124
0.5458763329743,-0.2707737636292,0.1361850619644,0.0909875809753,0.2109812844523,0.0768206223048,-0.0001655365591,0.0354024039045,0.2538732269340,0.2490667160451,0.7029308032321,0.7271269292534,0.0769304177254,0.2064213651598,-0.0120305197801,0.3330082903537,0.1038508218420,0.3157268837734,0.1747008895340,0.3318853883851,0.2245495939392,0.3477622884979,1.0000000000000,0.5045477550286,0.2426500884036,0.6655686278386,0.5408542938279,-0.1788199152384,-0.0887940250992,-0.3625693359514,0.1290271820716,0.5888103524467,0.5130289861504,0.2983434227181,0.3784765910873,0.1498086289872,0.3731513909352,0.3315280520998,0.2349584594865,0.3265019850550,0.1358687129486,0.3615844768589,0.2727614529582,0.2708844962409,0.2632614157375,0.6360008589231,0.3090455451927,0.3393061040802,0.3141185086904,0.1469733766078,0.4156590056688,-0.0578563570471,0.1905063428784,0.0943336570744,0.1364621250037,0.0889519993543,0.0638736262044,-0.0928249069604,0.0492888739382,0.0720347548941,0.2335613260829,0.5400740533746,0.5614029510097,0.0885804865715,0.0538646913759,0.1324625982133,0.1244396706619,0.3957804285971,0.0538140149216,0.3435157757736,0.4344541973351,0.6643971775113,0.4971844231849,0.3968071171570,0.2491064749924,0.3987996251721,0.6020540977087,0.2982595648039,-0.1894116687618,0.4846910118520,0.3867605867064,0.4477602315031,-0.2064714733876,0.1426595202157,0.1924109323025,0.2470275517898,0.4933969724307,0.1263477791028,0.1615887028718,0.2440145444914,0.2035133290109,0.3150719994147,0.2475483831766,-0.0371375025640,-0.1420568042415,0.3336256735751,0.0540927811954,0.0006409167625,0.1363409684435,0.2841403963539
0.3261183334063,-0.0061446321712,0.3691489768066,0.4473913892165,0.4541779242939,0.5289350673828,0.4349316193213,0.3632204273126,0.7246852670271,0.5224377261962,0.6622668913570,0.5451801092133,0.4226453036110,0.2140314764162,0.3558597393103,0.6060843253960,0.5523554020270,0.4825413657981,0.5729287563233,0.6237383769537,0.5231352133573,0.3599647560447,0.5045477550286,1.0000000000000,0.4147956505265,0.3921336489731,0.7268305578936,0.1879860914878,0.0086889057748,-0.0961913875379,0.5202115874451,0.4901304876165,0.6492059847804,0.4362994597102,0.5543664879515,0.6669606185572,0.5952533468848,0.5785794383097,0.5296889396962,0.5104472111654,0.3508361042846,0.3871527789311,0.2621386665435,0.3469140276893,0.3117714130031,0.4521954716635,0.3509988665748,0.5482355753664,0.4366079381460,0.3001893702140,0.3943668562008,-0.0320248952896,0.2826569512202,0.4018821222997,0.5697403331091,0.3610503364835,0.1657368358859,0.1987239538349,0.4770907375434,0.6157168969387,0.3487095452215,0.6262042615097,0.2483733662658,0.2221240395237,0.0618313442007,0.0086968030328,0.5242427895856,0.6158322922985,0.5927715567282,0.6309626691662,0.2764394864450,0.3491795483136,0.8208699969130,0.5791444360846,0.2718963171346,0.1316334138219,0.5138552866319,0.3753132450597,-0.0514997931601,0.7632622423751,0.1638936967687,0.2958080187484,-0.1779984180096,0.1768718226278,0.0700985612319,0.1596040392093,0.4624021000078,0.5206595530190,0.0814689123706,0.2915324705064,0.3742785769604,0.3801638559276,0.1409025902458,0.0845042514006,-0.2950643138694,0.5511057161007,0.2529668960326,0.2559247289171,0.2808859309257,0.1322019771884
