1.0000000000000,0.5275550621277,0.8944501420171,0.6297894139810,0.8871318664003,0.7445204682265,0.4956510942720,0.0082927964334,0.3039445169705,0.3557835602086,0.6264449658891,0.5459217393001,0.3359814441657,0.7570289588250,-0.0758458364012,-0.4288973796512,0.1135456915478,0.5516099958494,-0.4385257603896,0.2984822441941,-0.1375674334993,0.1510304883131,0.3526036105830,0.3167584464238,0.3316390138611,0.5135220710437,0.5700036129406,-0.1177450609486,-0.1695195890345,0.4671282605260,-0.4246175897340,0.2364806423331,0.2810974515530,-0.4910594481529,-0.2700934003102,-0.6246511170998,0.4522356306257,0.4999553516387,-0.0999504205801,-0.3274309324621,-0.0723973196214,0.3940058145830,-0.6161624544922,0.2409608264790,0.6322417726559,-0.2210427152443,0.3085437921711,0.5148316202009,0.3376399588327,0.4363364234848,0.9004523069431,0.7985029848573,0.5402673307544,0.7466743118649,0.5365112206788,-0.3806551703839,0.4108224968099,0.2769440844412,-0.3320617696646,0.1881258765011,0.4422838846816,0.6956431284037,0.5045788594180,0.4070453094905,0.4050756951950,0.2678640213246,-0.6309881798517,0.5046764851961,-0.6170338474114,0.4402566407292,0.1015836416013,0.2875671932177,0.5048443822982,0.5752334357735,-0.0833692597997,0.2690706404858,0.4363536179943,-0.1747688670138,-0.5032012686129,-0.1662174532102,-0.0361074169518,0.5155239284171,-0.1959990500339,-0.2452982991903,0.5368377180724,-0.6178435424918,0.2405773756788,-0.2538103850372,0.1608484154292,0.5071829861544,0.1727665909410,-0.6864351673832,-0.0679037099832,-0.3604642181685,0.1815948803934,0.5617429327098,0.2174632890779,-0.1867125093891,-0.0966453343496,0.4995490400277
0.5275550621277,1.0000000000000,0.4870392977836,0.2767614460884,0.4261761668035,0.3510151555331,0.1377596140616,-0.0872462874591,0.0576081144343,0.2338393815673,0.3195715140217,0.1799889055324,0.0173779977343,0.5827262753352,0.0619891750276,-0.4119034020091,-0.0668365588669,0.1699598228848,-0.3549187957931,-0.0069217244672,-0.2095376699531,0.1624540452427,-0.0136519310000,-0.0150795557589,0.1067366293175,0.4888706078976,0.1619379431106,0.0363711866286,0.3299280020667,0.7025630803760,-0.3900221521597,0.0794587489874,-0.0424169228224,-0.3603526877471,-0.4121355101118,-0.5236848637658,0.1189818996221,0.2803371269622,-0.2908768670016,-0.2567946704224,0.2735003222358,0.2027784920088,-0.4743285249829,0.3709927004682,0.4947946944716,-0.2225184311170,0.1287696252523,0.0476738353040,0.3538227706816,0.2783295224586,0.4832652646400,0.6448958165422,0.2995407955560,0.3068657355046,0.2964007630705,-0.4109837845360,0.1500073506751,0.2819846286447,-0.3856924305960,-0.0070710556126,0.1911299627663,0.2055583431385,0.1144628796662,0.0412938284106,0.5707924339740,-0.0522038026253,-0.5212893421654,0.0876566295091,-0.4320217876829,0.1040271886704,-0.1952751767844,0.0036111988731,0.0125701917330,0.3051637494686,-0.0126294039823,0.5858667171819,0.0259302523740,-0.1021507596193,-0.0177743011319,-0.4536917395592,-0.0903021109817,0.1352699828138,0.0538131188621,-0.3035503119941,0.5222543250922,-0.4163192470444,-0.0292037644799,-0.3616988384289,-0.1220857903850,0.2576851030955,-0.1339024135388,-0.4587559664846,0.3200470428919,-0.2394220860527,-0.0449037839095,0.0522895692640,0.3496591440942,0.0087072754543,-0.0518064682240,0.1630255492291
0.8944501420171,0.4870392977836,1.0000000000000,0.5601674164807,0.7836531571686,0.8101912247353,0.4577005528759,-0.0758387283017,0.3435865325879,0.2330182998430,0.5069110144543,0.4329095166516,0.2649982901071,0.6356914080258,-0.2093178642206,-0.4608650723797,-0.0040830042032,0.5125334609674,-0.4224949667683,0.4048008024733,-0.2483615934926,0.0753381166339,0.3696280367318,0.3161913273607,0.4494388287006,0.5397336581380,0.5975109861950,-0.1052818494734,-0.2391959422188,0.4323921212183,-0.4736327352627,0.2619276078469,0.3055885947978,-0.5365809702937,-0.3065228496899,-0.6234020923941,0.4657761418586,0.6016007615636,-0.0230997162903,-0.3610308639707,-0.1933169288528,0.3636876137750,-0.6408477288197,0.3088341430491,0.6945637337344,-0.1490584382805,0.2846843150609,0.5730444541048,0.3125773715615,0.3266912840348,0.8443807697793,0.8300353983021,0.4890681734253,0.8701671248707,0.5933233925139,-0.4166989493554,0.4691843861923,0.3127858470958,-0.2876206519474,0.2314165196797,0.3501328997606,0.6566290119292,0.4974000560798,0.4291425158574,0.3519904185793,0.3473130133795,-0.6781736418705,0.5149377962818,-0.6768291746970,0.5489235683679,0.1149563351386,0.2859379622710,0.5049743751120,0.6498407359458,-0.1950270471874,0.3011858455151,0.4921320849159,-0.1963292321999,-0.5461343042754,-0.2210921483156,-0.0017888131518,0.5580230593950,-0.2083334358472,-0.2847891121184,0.6579521506467,-0.6487672198823,0.3050757363399,-0.2738840802102,0.2161026817526,0.6186209579359,0.2380288504950,-0.6778548842140,0.0429977439533,-0.2898683131105,0.1997057103853,0.6389168989673,0.1619647731443,-0.2695585108517,-0.0843810441444,0.5294631138678
0.6297894139810,0.2767614460884,0.5601674164807,1.0000000000000,0.6339981097279,0.5797570656170,0.7471436471843,0.4195927023844,0.2804885878146,0.3942571214513,0.4017532286176,0.4675853244480,0.4330495248904,0.3498592418442,0.3875430707878,0.1271962857702,0.3756578187190,0.5047734555399,0.0285238578365,0.2284870872878,0.0570069092548,0.1208431537654,0.1763499683943,0.2678623402451,0.2007419223216,0.1500645840402,0.2165563686278,-0.0211892340418,-0.2437277905670,0.0394393697401,-0.0771209562187,0.1143645342932,0.1596285773048,-0.2171771257275,0.0203666290132,-0.1434814618320,0.1989343796060,0.1951654563979,0.0374281246440,-0.1498461750316,-0.0293997270452,0.2550545285849,-0.2515560865700,0.0092849070820,0.1982758729110,-0.1445875513481,0.0751409560854,0.2788534966909,0.1340578853758,0.2844682275992,0.6287372026899,0.5903924431779,0.6982302908305,0.5943025363688,0.5446905497722,0.3021118877846,0.2768333637485,0.4286527190678,0.1060065031594,0.2971114237791,0.4424798183717,0.4458768057083,0.4522924607532,0.4143005435366,0.4461526522679,0.0472016296630,-0.1242050695489,0.5199153823006,-0.1088211180118,0.2660884787073,0.2275073554323,0.1560010094021,0.4499921571905,0.3090864696443,-0.0893447905269,-0.0737557452897,0.1327811963384,-0.0915730546104,-0.2524463154498,0.1456412677885,-0.0360697643339,0.2192893630921,-0.1198871198327,-0.2544913872876,0.1047619427246,-0.2735801222848,0.0601486471141,0.1055058921356,-0.0383102746554,0.1766199570447,0.0748726573385,-0.2336438159404,-0.1286594232553,-0.2093636633597,0.0896200823714,0.3246149463249,0.1675718964623,-0.0120861507016,0.1486886423926,0.2072921642986
0.8871318664003,0.4261761668035,0.7836531571686,0.6339981097279,1.0000000000000,0.7664819684130,0.6252715929078,0.0626050219962,0.2800272300400,0.4411990418096,0.6633924068161,0.4984818015360,0.3858169707507,0.7285242467679,0.0646077437635,-0.2672957802181,0.1901859406918,0.5475613712192,-0.3314545792729,0.2099931274618,-0.1486675837116,0.1428871752651,0.2542064569228,0.3432777027199,0.2090032617111,0.4322767422863,0.4987896202007,-0.2366351255606,-0.1275979319736,0.3959671606180,-0.3022385701253,0.2381056854833,0.2863193060600,-0.4473791064643,-0.1304520520936,-0.4779523819189,0.3963288893306,0.3885273885611,0.0110734664707,-0.3109694022181,0.0480669627952,0.4292629427853,-0.5315723189821,0.1524412873205,0.4899358637755,-0.2475079204176,0.2257724757468,0.4752077474504,0.3151877101068,0.5235622807286,0.8669363230125,0.6811499445636,0.5740645263905,0.7399267342985,0.5905627552801,-0.2184216707902,0.3226806146879,0.2682108426559,-0.2553849366367,0.1816540967877,0.5322264841350,0.6761811767744,0.4907422751029,0.4225835467997,0.3670261795602,0.2198702352867,-0.4921669501429,0.5297023317513,-0.4455378153721,0.3207044088172,0.0984631434494,0.1966972757725,0.5002425759897,0.4033438079119,0.0095503519828,0.2172997934543,0.3321878269842,-0.2257863366780,-0.4271460619603,0.0102619519996,-0.0067235342037,0.4319106985806,-0.1517676511407,-0.1177457219250,0.3591597243535,-0.5252864104018,0.1956105618691,-0.1017549730948,0.1813935185087,0.3702056054914,0.2103798810290,-0.6167058866975,-0.1615932663101,-0.3848795388707,0.1361447697215,0.5366071496221,0.2159070000082,-0.0712450546803,-0.0226338859107,0.4174180913235
0.7445204682265,0.3510151555331,0.8101912247353,0.5797570656170,0.7664819684130,1.0000000000000,0.7006505386394,0.0775097108501,0.4182932618150,0.4454921559743,0.6415521509276,0.5208961518203,0.4610919929377,0.5810006365180,0.1031440996018,-0.1736250597683,0.2216844505931,0.5478672937590,-0.2108630263203,0.4454921293333,-0.1369380599442,0.1786352581579,0.3913005193087,0.4961522321494,0.4053776758999,0.4630455435792,0.6165082315885,-0.1754448012656,-0.2538670519571,0.3865453844147,-0.1311891688134,0.3210111970287,0.3735271728654,-0.3934351801582,-0.0394454862623,-0.3524909595409,0.6079877618257,0.5133454713981,0.2668493361044,-0.1156501236224,0.0011000500434,0.5442761143062,-0.3371042985482,0.2378106804120,0.5620612454079,0.1129185413998,0.3755487348650,0.6774383723114,0.3160536168392,0.5349321920899,0.7536154192958,0.6005494110564,0.4786239007368,0.8571839273156,0.7679352013445,-0.2065286745493,0.3537284474067,0.2473847879210,-0.1569697612088,0.3263209380364,0.3741992763056,0.6293865855285,0.4690702621566,0.3655449536032,0.2517987193534,0.3398857714720,-0.4600756390049,0.4971611644958,-0.4236826273850,0.4924772587287,-0.0245869400994,0.2314413124292,0.5402265258818,0.5208089843047,-0.1993460819979,0.1272891765064,0.4653082461292,-0.2114402460573,-0.5345550748919,0.0366996856877,-0.0008879854985,0.4362778586883,-0.2102782961718,-0.0846342012591,0.3836258239649,-0.4797512069399,0.4613744788529,-0.0398693080874,0.2320783243283,0.4630344799446,0.4256400581061,-0.4583545578618,-0.0573578083602,-0.0888671729195,0.1764719894199,0.6833711149740,0.0727442808312,-0.1590027423699,-0.0071366340999,0.3755538314049
0.4956510942720,0.1377596140616,0.4577005528759,0.7471436471843,0.6252715929078,0.7006505386394,1.0000000000000,0.4122716973620,0.4154002517502,0.4061690566646,0.5761302333268,0.4327270498623,0.6492951966150,0.3747422573895,0.3539706971489,0.2379289964884,0.5237996894032,0.5699575517624,0.1127939173575,0.3161784660655,0.0519217981140,0.0459987104087,0.1972645196429,0.5400032300641,0.2371708759141,0.2527661672848,0.3670487879758,-0.2382165419243,-0.2304560191710,0.1460713566189,0.2029405073196,0.2821342211335,0.3609081318242,-0.1705836873333,0.2298719451299,0.0032757614872,0.3884320270932,0.2917022263588,0.3749145787340,0.0478186458491,0.0250807504816,0.4234418851942,-0.0152904585210,0.1141592411743,0.2798782260138,0.0307262728924,0.2074014326874,0.4621863885158,0.1427856379835,0.4582600459773,0.5181697824027,0.3366496196699,0.5308165222973,0.6087045303373,0.6180032724646,0.2422328662578,0.2157140070873,0.2681411496707,0.0954128592992,0.3760183144046,0.2975435154577,0.4618145746186,0.4299483281202,0.4022540973348,0.1552131462844,0.1718061626572,-0.1126979311623,0.4911388199630,-0.0673133004171,0.2799852875894,-0.0143964105070,0.0241009711482,0.4928251684537,0.2301337339326,-0.0878653175349,-0.0290604434931,0.2168420968131,-0.2334992610218,-0.3265686250034,0.3653339747670,-0.0166281054334,0.1694201063731,-0.2551657452169,0.0231673979217,-0.0038236229586,-0.2520499186639,0.2595493531076,0.3025254872443,0.1516148102594,0.1501524647661,0.3971398205636,-0.1907097610616,-0.1530798175921,-0.1491297109047,0.0689380688268,0.4357084316579,-0.0290891540835,-0.1600788971387,0.0215389315756,0.1201793444966
0.0082927964334,-0.0872462874591,-0.0758387283017,0.4195927023844,0.0626050219962,0.0775097108501,0.4122716973620,1.0000000000000,0.3265486666796,0.1029975662790,0.0309059221773,0.1143716583701,0.5177156563963,-0.1419338295197,0.3980091467264,0.4972184528143,0.5860207614451,0.4294078205019,0.4583789679176,0.3302688603346,0.1834088113548,-0.0391648293930,-0.1633229161987,0.1879650010456,0.2062427699597,-0.0905724962045,-0.0520697951985,0.0459074398750,-0.0499975558398,-0.2416065377351,0.3261167868882,-0.0876695165425,0.0914568229237,0.0449894931475,0.2621460430544,0.3707117711148,0.0537148418126,0.0441820038559,0.1336002204734,0.0550341133027,0.1613671289387,0.1435480239944,0.2527658057303,-0.0412612160113,0.0113369705640,-0.0517062314807,-0.1154610301078,-0.0064810734014,-0.2049514328554,-0.0271053893479,0.0074062413314,-0.0175512132428,0.1074427342719,0.0713403795228,0.0669689384448,0.4648113598165,0.1009107343628,0.4573426172190,0.4951832292112,0.4327353981499,0.1054438171075,0.0658684792885,0.0765762532617,0.2352767955502,0.0773630510801,-0.2975325259363,0.4396617912226,0.3616232844255,0.4292864267116,0.0920763523257,0.0182447081583,-0.2765278717775,0.2619791686702,0.0586557459763,0.0215443402915,-0.2972088173089,-0.1470105908322,0.0185828538802,0.1315904694145,0.4172446936752,-0.2767976817860,-0.1819216508434,-0.0106136669812,0.0591590485709,-0.2241327712616,0.0477982339864,-0.0621817212451,0.1910922933714,-0.2855447292233,-0.1046450568046,-0.0663555894028,0.1137920555837,-0.1803844210931,-0.1250892731518,-0.1573788272265,-0.0734686555374,-0.0348392517035,0.0797827987360,0.0925642754313,-0.3469572494251
0.3039445169705,0.0576081144343,0.3435865325879,0.2804885878146,0.2800272300400,0.4182932618150,0.4154002517502,0.3265486666796,1.0000000000000,0.1472771460275,0.3955102099772,0.3798204174867,0.4663490957340,0.2024486777003,-0.0761378071128,0.1744282742966,0.2387715686185,0.6535917845033,0.3219583710932,0.7624966445720,-0.0470136526631,-0.0326583875674,0.2959728391322,0.6851317692415,0.7809322231128,0.3189084788959,0.4571313933548,-0.3151785974357,-0.1895390837456,0.0856653079686,-0.0411039038338,0.4550309555577,0.3017502607483,-0.4103023015909,0.0907886877234,0.0901897598673,0.3574577612875,0.3740348018622,0.1717933149057,-0.1763690190635,-0.2163098790052,0.2020445169392,-0.1666443451010,0.0332340771511,0.3917823442645,0.0433050055969,0.1667923933201,0.4351396297621,-0.0110527199638,0.1241587920635,0.3278162777172,0.1839897478931,0.1849442577169,0.3594465119586,0.3186139045855,-0.1152321464371,0.4600514266932,0.2761538849246,0.4566753076442,0.9228286916482,0.1665606672482,0.5348773068904,0.4160226016003,0.4655471250041,0.0970888021399,0.1789116307753,-0.1724147612856,0.5520834958513,-0.1583721283648,0.7879387015044,0.1332248140098,0.1310018158110,0.7179280153902,0.6737867712422,-0.0271181564535,0.0519277846477,0.4522565069206,-0.2618032723496,-0.3049304508235,0.3529111087932,0.1434712205488,0.3611932053861,-0.3144840987680,-0.0427877747184,0.2584428642993,-0.4206174824941,0.2971250121118,0.1632941049166,0.2697471651380,0.2715533594538,0.2660599206777,-0.3331516308336,-0.1934746734964,-0.0485238308358,0.2403616091551,0.3943051275435,-0.1615933092753,-0.2251284506452,-0.0540719362054,0.3267730555276
0.3557835602086,0.2338393815673,0.2330182998430,0.3942571214513,0.4411990418096,0.4454921559743,0.4061690566646,0.1029975662790,0.1472771460275,1.0000000000000,0.5572248598631,0.6003101658535,0.3157241906377,0.4521221577019,0.4195714106907,0.0313397484024,0.3960254967433,0.1787330662361,-0.0274061705678,0.0266713655364,0.2696098843376,0.6308719682943,0.2024124598898,0.3162822369635,-0.0670882611836,0.0711394556589,0.1922955326556,-0.1673468031064,-0.0198567999268,0.2293237937281,0.0555657546686,0.1618207139201,0.1539972156957,-0.1483528060138,0.0156647146912,-0.1285326162359,0.2838212363481,-0.0847374066716,0.0131538689362,-0.0002530175933,0.2968597049677,0.4183762665250,-0.1895203705277,-0.1326119985654,-0.0190676636080,0.0997740799586,0.2430461798080,0.0532361224620,0.0985476098071,0.5973908921364,0.3381663163952,0.2513467322452,0.4301210852607,0.2274423135392,0.3256485248796,-0.0208740636487,0.0080440878581,0.0874999753368,-0.1038738682364,0.1230513518031,0.6968568515924,0.2985698208333,0.2639714255782,0.0525135006829,0.2639169812721,-0.0421937091396,-0.1673777382480,0.1540479037486,0.0417174749246,0.0487988889641,0.1141357593583,0.2288115603631,0.2732157336120,0.1265552930470,0.1470882317136,-0.0430409143288,0.0675002462555,-0.0826421434125,-0.1874960305275,0.0529316965416,0.0873826078714,0.0514999671586,-0.0239034367220,-0.0760376886428,-0.1474156144755,-0.1386293509741,0.2018771449016,0.0216683640020,0.0013350524208,-0.0792711559413,0.0102400746866,-0.1138620796032,-0.1610701045671,0.0600558209503,-0.0083500398792,0.1158305731932,-0.0178892064578,0.4098938684628,0.3229965717880,0.1890797436126
0.6264449658891,0.3195715140217,0.5069110144543,0.4017532286176,0.6633924068161,0.6415521509276,0.5761302333268,0.0309059221773,0.3955102099772,0.5572248598631,1.0000000000000,0.6672360588730,0.5057478363893,0.6502552925934,0.0308500026333,-0.1633460668175,0.3248150434842,0.4954764398633,-0.2041963760888,0.3106671783042,0.0142725380204,0.2491623924892,0.5161134232499,0.5664438677073,0.2749376654088,0.4608096384082,0.6971230462906,-0.2855367001580,-0.1209730812186,0.5010024826498,-0.0210640938271,0.4340093772063,0.4872901692440,-0.2663751534904,-0.0716512049731,-0.3630205275207,0.6137319662015,0.3891307079497,0.1339163784655,0.0593344634389,0.1005548152386,0.5501424314939,-0.2693867126828,0.2963888237923,0.4870913477407,0.1716820752256,0.5268317603034,0.5126119745385,0.3217424606303,0.6015465731304,0.6303245067321,0.3766378940457,0.3564849907833,0.4463602693311,0.4868213814861,-0.3142812535995,0.2838097195584,0.0701370437761,-0.2720105632681,0.2619072165117,0.4024816016925,0.6850713132227,0.4922002100753,0.3215893239413,0.2123129924234,0.2530674720585,-0.5199970319249,0.3950119161710,-0.4163598480099,0.3575852025471,-0.0483999980956,0.3212678409915,0.4906077399417,0.4338979053860,-0.0251790349925,0.1311976648002,0.5334853394722,-0.2381359042534,-0.4896199558855,0.0787787297961,0.0788078746054,0.3892037107057,-0.2215267660496,-0.0621253233472,0.1937498865196,-0.3876118069843,0.4651569515709,0.0087881787267,0.2825193924516,0.2994148134670,0.3490300963400,-0.3933275078035,-0.0512068749104,-0.0776991992543,0.2230419386257,0.4058839432767,0.0180378759252,-0.1592484340282,0.0100866886678,0.3895128106723
0.5459217393001,0.1799889055324,0.4329095166516,0.4675853244480,0.4984818015360,0.5208961518203,0.4327270498623,0.1143716583701,0.3798204174867,0.6003101658535,0.6672360588730,1.0000000000000,0.5199721594337,0.5814634273163,0.1233665626521,-0.0840772252170,0.5058114727572,0.5821084641983,-0.1873966649045,0.3213486172843,0.3528353273566,0.5440570831688,0.7010416226327,0.5152323976214,0.2412554762362,0.3597217944104,0.5002294428928,-0.0037664811246,-0.1782954922818,0.2997747314472,-0.0372815890526,0.4769640694150,0.5127145978834,-0.2015408313039,-0.0031432178375,-0.2865725801845,0.4078978534337,0.1988747813181,-0.0731585814088,0.0080828965943,-0.0067147873663,0.3485749592738,-0.3044012689804,0.0515191439696,0.3424042498255,0.1527776648850,0.5599318167315,0.4261725094058,0.2918736894847,0.4715095595263,0.4900500030109,0.3290574015695,0.4652016446976,0.3332743351151,0.3114874090415,-0.2012473712783,0.3211148075113,0.0855963168181,-0.0812174314169,0.2624749289468,0.4233010140040,0.6502475756018,0.6613624686969,0.3615794356282,0.2064789681742,0.1565942773035,-0.3654351029422,0.4603385733877,-0.2974784116339,0.3727543495629,0.3743789096016,0.6377076147629,0.5747921441916,0.4229815582657,0.1402999576696,0.0803451185440,0.4554500778356,-0.0164878987835,-0.3816431943547,0.1634291971722,0.2038522459244,0.4399300808234,-0.2775368543206,-0.1477233453148,0.1600609627994,-0.2749974375101,0.2477271083289,-0.0606196911839,0.1573681068999,0.1803217633649,0.1197360641225,-0.2772285392395,-0.1571460398551,0.0418679550303,0.3721203165573,0.3681389312801,0.1248195260195,-0.0597279338946,0.0348338753307,0.4467006421680
0.3359814441657,0.0173779977343,0.2649982901071,0.4330495248904,0.3858169707507,0.4610919929377,0.6492951966150,0.5177156563963,0.4663490957340,0.3157241906377,0.5057478363893,0.5199721594337,1.0000000000000,0.3120951103111,0.2361261276540,0.1796290855667,0.7162749266110,0.5910055352386,0.0887994325244,0.4025100583143,0.2331501182713,0.0865445642542,0.3092127277217,0.5227787038329,0.3393395670943,0.3265873098985,0.4565354424330,-0.2098243942941,-0.2512353684478,0.1536080712366,0.2694342848892,0.3132403650258,0.5571831928008,-0.0610918901907,0.1526179098094,0.0041118349246,0.3824724007818,0.2950324062433,0.2515924388430,0.1317058010055,-0.0209526309183,0.4170673084481,0.0734394831901,0.2265954001543,0.3552126028479,0.1233220264795,0.3901187203836,0.4267260886656,0.0911584603138,0.3894826778756,0.3075457106186,0.1004843724343,0.2752051469189,0.3166537212276,0.3088155397755,0.0469929663092,0.3046421124987,0.1300877085643,0.1555852400880,0.4134832356335,0.1325948154450,0.4645388536123,0.4871459424619,0.5295961814360,-0.0814892858870,0.1315372436259,-0.0935204711803,0.5235573318830,-0.0710806203914,0.3370726195715,0.0307965977465,0.1140518324337,0.4745928511208,0.2635078558860,-0.0511521892657,-0.0335875603132,0.3202885177962,-0.2179578823383,-0.3218966263756,0.4314352581300,0.0079395645277,0.2589558030230,-0.3757905792518,0.1235510246326,0.0051526773900,-0.1645206185758,0.2625995291451,0.1678998275885,0.1372184149629,0.1706710861163,0.3076503742981,-0.1596316472097,-0.0865899211749,-0.0299181297664,0.1628677346420,0.3234494346351,-0.0959370604047,-0.2530757886681,-0.0792447279907,0.0385227258598
0.7570289588250,0.5827262753352,0.6356914080258,0.3498592418442,0.7285242467679,0.5810006365180,0.3747422573895,-0.1419338295197,0.2024486777003,0.4521221577019,0.6502552925934,0.5814634273163,0.3120951103111,1.0000000000000,0.0166951591587,-0.4955698408167,0.2135767336928,0.4979274602428,-0.6255159794744,0.0385887152340,0.0266902163852,0.2532998913730,0.3620074702755,0.3129270817831,0.0632328998027,0.6205987992513,0.4832548120021,-0.1447567342413,0.0336665894430,0.7982916208363,-0.3189107239832,0.2626738480952,0.2757529516579,-0.3927532863417,-0.2799830421403,-0.6520292741022,0.3188464306903,0.3050636762171,-0.1231333065597,-0.1262443989438,0.0769116766227,0.4388710398201,-0.5372058433709,0.2101535935108,0.5621088017729,-0.1722972461319,0.4596982307372,0.4071890505470,0.3776686394909,0.6757032426469,0.6105773520686,0.4933198363577,0.4110345033155,0.4135905912707,0.2399196400700,-0.6134604259435,0.2009168170934,0.0324744841251,-0.4779796547194,0.0253756430262,0.2796908376585,0.5781207137012,0.4151755542532,0.1788852102884,0.2066022163020,0.2509105189279,-0.6120404579907,0.2875082401514,-0.5314284815451,0.2194131396414,-0.0331736981052,0.2378649604979,0.3340502453399,0.3347497178676,0.1548838210818,0.4723374877384,0.2980172866901,-0.1316161179342,-0.4208794329907,-0.1697855827833,-0.0641477466982,0.3436344801119,-0.2933473716769,0.0599414922136,0.3774280421024,-0.6010525625525,0.1066886160042,-0.3853944857632,0.2358238794619,0.2778688308087,0.1258151160205,-0.6686347297961,-0.1028578668457,-0.3385753636527,0.0457521560945,0.4447713145271,0.1749369501871,-0.2222126567912,-0.2693531860286,0.4155030084728
-0.0758458364012,0.0619891750276,-0.2093178642206,0.3875430707878,0.0646077437635,0.1031440996018,0.3539706971489,0.3980091467264,-0.0761378071128,0.4195714106907,0.0308500026333,0.1233665626521,0.2361261276540,0.0166951591587,1.0000000000000,0.4638517099240,0.4628191832338,-0.0419367854174,0.2959691946847,-0.2329461467138,0.4375277325229,0.2034259068403,-0.1578119076800,0.0635137905853,-0.3184743643790,-0.1288759668586,-0.2764799773343,0.0852346830144,0.0582063400846,-0.0989204821495,0.4220689842425,-0.1781034002205,-0.0980757030905,0.2511155769940,0.3159821262658,0.3480259077793,-0.0649318148206,-0.3563244394326,0.2660243845315,0.3007715081202,0.3576999824765,0.1180913583665,0.4190823510925,-0.2928477119072,-0.3405100159317,0.0909008460091,-0.0436745134922,-0.0898630924880,0.0465420033387,0.3783435035795,-0.0985495291557,-0.0835916756058,0.2566422325521,-0.0070392132497,0.1371531832946,0.4910136042833,-0.4469170291447,-0.0725013158452,0.0929077418333,-0.0591118653504,0.0798579630990,-0.2319246266531,-0.1805413718722,-0.2630773484670,0.0890913539166,-0.2293230586782,0.4469920901165,-0.1713381630945,0.4902630713093,-0.3839146796238,-0.1790836596341,-0.1667429060326,-0.1130040349680,-0.3789165134594,-0.0032406752277,-0.1274456353551,-0.4204739400438,0.1414371134876,0.2735971771847,0.2018217357198,-0.1236479306593,-0.4579002741768,-0.0265526734886,0.2145575452564,-0.5477231955296,0.3285813994436,-0.1478603901896,0.2059287328752,-0.3204755622462,-0.5038286851927,0.0370941466668,0.3424081724418,-0.2517694898829,0.1236331909587,-0.1803739803757,-0.0753508576001,-0.0052279565629,0.2796967384861,0.0891491353609,-0.4451882416014
-0.4288973796512,-0.4119034020091,-0.4608650723797,0.1271962857702,-0.2672957802181,-0.1736250597683,0.2379289964884,0.4972184528143,0.1744282742966,0.0313397484024,-0.1633460668175,-0.0840772252170,0.1796290855667,-0.4955698408167,0.4638517099240,1.0000000000000,0.3974511126060,0.0062840663403,0.8677496761595,0.1413121342877,0.3857330438430,0.0185098624044,-0.0824348483099,0.2589417157126,0.0016671515935,-0.3857072305561,-0.2808027517276,0.0191682903478,0.0785304470073,-0.5505079444970,0.7707946288321,0.0208565259112,-0.0275175301518,0.2408444496922,0.7715433135513,0.8860465969909,-0.0917455387579,-0.3644578580705,0.3030795162346,0.1488099647416,0.1149634112376,-0.2037017880073,0.5935942656103,-0.4025151563772,-0.5217978540231,0.1143801083944,-0.2903480017101,-0.1516706434663,-0.1013870419778,-0.2087137528700,-0.3499930135512,-0.4067700616504,-0.1553227157663,-0.1921189192658,-0.0140901421581,0.7263435230324,-0.1531550383708,-0.0702409942170,0.6608514006865,0.2811035793710,-0.0935634861705,-0.2483501512321,-0.2157750240553,-0.0974370144271,-0.0903309469778,-0.3555054494555,0.7447551231573,-0.0433728740862,0.7215241017236,-0.0974951066630,0.0863357165589,-0.1532410377802,0.1150884473773,-0.2299919638393,0.1715028632055,-0.4375026512129,-0.2095909421570,-0.0033421590912,0.3832420845407,0.7234845536627,0.0469224646726,-0.3485520775029,0.0275055541602,0.0682697592620,-0.5630248495313,0.3775998625998,-0.0345546050716,0.7312630027709,-0.2244839745995,-0.4144841266477,0.0673199029114,0.4635451710194,-0.2694663552120,0.1204690432170,-0.1686146475520,-0.1787093721730,-0.0557233163240,0.1797020046087,0.1547332488121,-0.4065807417158
0.1135456915478,-0.0668365588669,-0.0040830042032,0.3756578187190,0.1901859406918,0.2216844505931,0.5237996894032,0.5860207614451,0.2387715686185,0.3960254967433,0.3248150434842,0.5058114727572,0.7162749266110,0.2135767336928,0.4628191832338,0.3974511126060,1.0000000000000,0.4744465973510,0.2226309444946,0.1915124525406,0.5903948528336,0.2635314257215,0.2145107620624,0.3913997960631,0.0048620322300,0.1069903399503,0.1421342154201,-0.0850794926691,-0.1496083488825,-0.0102030843358,0.4823449363260,0.1244312404414,0.4064302642421,0.0762155184674,0.3393838884118,0.2121873606243,0.1933330774953,-0.0620760240721,0.1557544405314,0.1904857391106,0.0387959290002,0.1747564637925,0.2270086747881,-0.0892527810542,-0.0130142527602,0.0334036524233,0.2209369568414,0.1660648600336,0.0274613585921,0.2916318333749,0.0421358474900,-0.0888882355709,0.1886167194937,0.0871202680636,0.1014070915037,0.2312995140751,0.0279612949247,0.0627589408353,0.1812711998168,0.2072545163115,0.1220936973535,0.1841156415605,0.2273021162041,0.2111551105639,-0.0523463666259,-0.1652750621206,0.2053570017950,0.3122181714057,0.2514512340800,0.0499559776833,0.1684834335553,0.0532443803453,0.2992035555130,-0.0047682202947,0.2687489995049,-0.1176698815880,0.0567382130813,-0.0793558709852,-0.0993205145812,0.4901195929371,-0.0619769724976,-0.0452005738184,-0.3334572114924,0.1203004953692,-0.2992633934301,0.0181411132694,0.0550413555953,0.2307037016825,-0.0900568454770,-0.1750507847139,0.0704092283066,0.0291780707548,-0.2333515418541,-0.0545443058313,-0.0669599710152,0.0742333469030,-0.0994525889563,-0.0748359605937,-0.0985073431137,-0.1852141143350
0.5516099958494,0.1699598228848,0.5125334609674,0.5047734555399,0.5475613712192,0.5478672937590,0.5699575517624,0.4294078205019,0.6535917845033,0.1787330662361,0.4954764398633,0.5821084641983,0.5910055352386,0.4979274602428,-0.0419367854174,0.0062840663403,0.4744465973510,1.0000000000000,-0.0796904066263,0.5914608200881,-0.0389488037977,0.0159867232797,0.3656692641294,0.5077302022640,0.5326812568332,0.4424577301589,0.5350280378369,-0.1594787939739,-0.1905945933096,0.2625627953327,-0.1277931744761,0.3611244137658,0.4117499306876,-0.3832717322847,0.1061437245991,-0.2041567006840,0.3741541673176,0.4792773171191,0.1312109184155,-0.1989178092076,-0.1571007796891,0.3556323452461,-0.3656286977260,0.1368814476262,0.5349798685920,-0.1397202157089,0.2503207231489,0.5726082142621,0.0425934791577,0.2811632951217,0.4897971448757,0.3365804274332,0.3053522007309,0.4562577850763,0.3165277985812,-0.1843055812077,0.5426585647705,0.3904086418542,0.2589684857061,0.5767084527866,0.2315804826943,0.7371645655065,0.5804670864378,0.5941786650239,0.1428631488559,0.1589652080957,-0.2455689172775,0.7815685413654,-0.3064930516478,0.6226468958373,0.2610617602410,0.1682755563899,0.7129949147885,0.5753931646679,0.0719415355762,0.1152337877880,0.4733288593060,-0.1848931331938,-0.3715872813543,0.3637458819081,-0.0481958802367,0.4555982742957,-0.3897770299764,0.0095094196018,0.3749358691443,-0.5426372125716,0.2341743287767,-0.0128237475996,0.2531335815263,0.4179109510278,0.2564134431506,-0.5242737345710,-0.2192776599602,-0.3451685738564,0.1867692646415,0.5189912280441,-0.0029833472108,-0.3433057279543,-0.1860176270697,0.3316777450672
-0.4385257603896,-0.3549187957931,-0.4224949667683,0.0285238578365,-0.3314545792729,-0.2108630263203,0.1127939173575,0.4583789679176,0.3219583710932,-0.0274061705678,-0.2041963760888,-0.1873966649045,0.0887994325244,-0.6255159794744,0.2959691946847,0.8677496761595,0.2226309444946,-0.0796904066263,1.0000000000000,0.2757116015746,0.2388136369402,-0.0221974238790,-0.1581316965191,0.2671934448918,0.2029516447808,-0.4315173914188,-0.2691362356536,-0.0359261291133,0.0761913103655,-0.5927431704857,0.6025604628083,0.0193932358221,-0.1244170417192,0.1316818726989,0.5612857726617,0.8662310633423,-0.0601593430828,-0.2919763704110,0.2060091999778,0.0284494820077,0.0791105540534,-0.2746913644329,0.5069851005309,-0.3478451393936,-0.4657110227665,0.1326686807767,-0.3717615536493,-0.2019637290894,-0.0967031828179,-0.3970031961333,-0.2904775298817,-0.3272366882378,-0.1882074986139,-0.1477680659748,0.0696644070130,0.6557954672144,-0.0587125365660,0.0453909540784,0.6929819356626,0.4403279606455,-0.0378480467640,-0.2484730202747,-0.2203904469841,-0.0515523265418,0.0674083361049,-0.3583412384206,0.5986363407329,-0.0273610150590,0.6426949433887,0.0669989688549,0.0703793742546,-0.1607363027061,0.1374066763816,-0.0556290501725,0.0154305412448,-0.4302851866278,-0.1687642178631,-0.0469366867509,0.3727624823246,0.5501678477299,0.0743655164611,-0.3058829953641,0.1402707971153,-0.1445518572358,-0.4351442079874,0.3137668780840,0.0297031485960,0.6972375468485,-0.2547846019637,-0.3182682598550,-0.0099726444217,0.4477163343709,-0.1477891052124,0.2025974026882,-0.1315317657358,-0.2491958754053,-0.0768221327812,0.2371159157042,0.2879762814499,-0.3213054808332
0.2984822441941,-0.0069217244672,0.4048008024733,0.2284870872878,0.2099931274618,0.4454921293333,0.3161784660655,0.3302688603346,0.7624966445720,0.0266713655364,0.3106671783042,0.3213486172843,0.4025100583143,0.0385887152340,-0.2329461467138,0.1413121342877,0.1915124525406,0.5914608200881,0.2757116015746,1.0000000000000,-0.0958943114209,-0.0114950076689,0.3694500379165,0.5530822000275,0.8910448179111,0.2327423039398,0.6178050733447,-0.2014934310885,-0.2794462847527,-0.0319845139309,-0.0060605556880,0.4737979407133,0.4801689441579,-0.2909495870399,0.0969297479463,0.0691365904372,0.4602113224167,0.6166171576415,0.1333050614905,-0.2111209215546,-0.2253637466152,0.2579784141827,-0.1369277996138,0.2277774142276,0.4519521734080,0.1603169034025,0.1972269731367,0.4367279134578,-0.0624358942745,-0.0012751145277,0.3357261550841,0.2660540887876,0.1243797888307,0.4301229729861,0.3623900045645,-0.0600260877708,0.6408610779984,0.3717963562502,0.4184322812491,0.7730697656329,0.1565935411904,0.5174230676283,0.4122893623359,0.5209638810333,0.0961669011657,0.1650854640819,-0.1713352714005,0.5947612977134,-0.1961119753062,0.8775039753608,0.2168942586844,0.2112530578225,0.6784986678303,0.7805964613513,-0.0750327533428,-0.1188723179181,0.6953639157303,-0.2648486388403,-0.3978463432161,0.3156169521792,0.2502912744546,0.5358676860267,-0.1996215900074,-0.1796167527948,0.3923818627043,-0.3054185530192,0.4234474905029,0.1795437180489,0.2462970761866,0.5963083566729,0.2055479643719,-0.2431460526615,0.0617676804757,0.0377328610761,0.3002840853384,0.3715649792801,-0.1497227151583,-0.1839767578283,0.0220525613947,0.3290365373046
-0.1375674334993,-0.2095376699531,-0.2483615934926,0.0570069092548,-0.1486675837116,-0.1369380599442,0.0519217981140,0.1834088113548,-0.0470136526631,0.2696098843376,0.0142725380204,0.3528353273566,0.2331501182713,0.0266902163852,0.4375277325229,0.3857330438430,0.5903948528336,-0.0389488037977,0.2388136369402,-0.0958943114209,1.0000000000000,0.4177220486084,0.3014152823512,0.2929138085946,-0.2400528586290,-0.0690568487741,-0.0906353464568,0.1219335237170,0.0574494125028,-0.1428827657466,0.5100373201431,0.0420854132439,0.0950719779110,0.2233535166982,0.3899032925123,0.3538303953037,-0.0335812155185,-0.4218606602855,-0.0265601376112,0.2220324138825,0.0733483221061,-0.1969067994849,0.3875075828167,-0.3425473633713,-0.3400425585915,0.0643448532975,0.0940027047591,-0.0551279423497,0.1722869097954,0.1085513632988,-0.2820643339757,-0.3164353671730,-0.0637763813269,-0.2021510858529,-0.2243045389117,0.2130264533198,-0.2472140329616,-0.3799953717815,0.0482529838923,-0.1270866364048,-0.1223812600826,-0.1511789919037,-0.1360755943130,-0.2617051288826,-0.2120144005494,-0.2855210401877,0.3488640885772,-0.2698289663493,0.3731942250697,-0.2300955259799,0.2211395166952,0.2399597808115,0.1045575181764,-0.1929278188764,0.3641775936895,-0.1078568295402,-0.0690214461495,0.1126972130425,0.1855057134229,0.2665760714488,0.0889100312204,-0.2476784295429,-0.1657142460905,0.0839409496096,-0.4626037343788,0.1824247934704,-0.1346467534293,0.2640340992261,-0.2132226187428,-0.4275583261949,-0.0613857159184,0.2638004964964,-0.2528872400771,0.0970794257079,-0.1636928676109,-0.0467749242229,-0.0222740214932,0.0406893592313,-0.1280382690397,-0.2323782579053
0.1510304883131,0.1624540452427,0.0753381166339,0.1208431537654,0.1428871752651,0.1786352581579,0.0459987104087,-0.0391648293930,-0.0326583875674,0.6308719682943,0.2491623924892,0.5440570831688,0.0865445642542,0.2532998913730,0.2034259068403,0.0185098624044,0.2635314257215,0.0159867232797,-0.0221974238790,-0.0114950076689,0.4177220486084,1.0000000000000,0.4390699057888,0.2292022989959,-0.0920180797573,0.1103029700347,0.1029779097020,0.2681980510510,0.2437413335084,0.1467917832461,0.1263424823640,0.1459972596263,0.0917194365016,0.0802629351096,0.0503682328243,-0.0418105977398,0.1580309508297,-0.1629896117922,-0.1879977956494,0.0930884004036,0.3721131698259,0.0504381828786,-0.1103525435514,-0.1163858643883,-0.0526153969877,0.2394054701806,0.3514639929300,-0.0306261633736,0.3588427313325,0.2640509012204,0.1061113301039,0.0619650411306,0.1332067941630,0.0219517753416,0.0614882349639,-0.1005461430345,-0.0222521758205,-0.1570077676839,-0.1411138242193,-0.0797596937975,0.3449193836381,0.1293585489050,0.0915832904954,-0.1684535202654,0.1484446671684,-0.1708963921065,-0.0943029807693,-0.0812199551691,0.0698118381634,-0.0387139020792,0.1978957765873,0.5357656980590,0.1412265659128,0.0891154308565,0.1628094712231,0.0650742176257,0.0906003854006,0.1905118596230,0.0437142313381,-0.0063921830810,0.1020829130918,0.0125129708884,-0.0202357403310,-0.2146164955301,-0.1081239140821,0.0398670546110,0.0895503675401,-0.0441365530102,-0.2047066071123,-0.1226415263538,-0.1358561547866,0.0282954457703,-0.0702257471466,0.2474360735375,0.0223787110024,-0.0199312018941,0.2409916572386,0.4763624042516,0.1172764352635,0.1090037881844
0.3526036105830,-0.0136519310000,0.3696280367318,0.1763499683943,0.2542064569228,0.3913005193087,0.1972645196429,-0.1633229161987,0.2959728391322,0.2024124598898,0.5161134232499,0.7010416226327,0.3092127277217,0.3620074702755,-0.1578119076800,-0.0824348483099,0.2145107620624,0.3656692641294,-0.1581316965191,0.3694500379165,0.3014152823512,0.4390699057888,1.0000000000000,0.5188429529287,0.3097252305113,0.4085967855253,0.6204965684200,0.0541688180148,-0.1888533855768,0.2013098517672,0.0639915520861,0.5958319389118,0.5803960407030,-0.0414394342527,0.0819913144375,-0.1721913589172,0.4215544579224,0.2396909517167,0.0276186493538,0.1592906023141,-0.1681406432072,0.1928852999464,-0.1612368990069,0.1135714548707,0.3363418961749,0.3913773229118,0.6408864932491,0.5333123927549,0.4252027127154,0.2595942569942,0.2977231802167,0.1402448568343,0.1345634977754,0.2751458216315,0.1763370149092,-0.2823639810208,0.3085436345378,-0.2124767363096,-0.1187028241822,0.1477233622410,0.0103638003590,0.5427446333805,0.4515700506561,0.2222097678005,-0.0651969262849,0.2584430186774,-0.3419716024636,0.2380031496226,-0.3441002262422,0.3903338658562,0.2964665488905,0.7754019711918,0.4990691555410,0.4215751298621,0.0397918793329,0.1005840140007,0.6415503602743,-0.0492012950463,-0.4176018709558,0.1529496272610,0.3285272712091,0.4767655860743,-0.3732861592679,-0.1129381518854,0.2030043129766,-0.1841277973476,0.3520533661171,0.0287781002558,0.2586312589191,0.2495463074924,0.2720188452287,-0.1631272918497,-0.0611491414608,0.1812677593566,0.4092671181388,0.4368883851270,0.1224564577323,-0.2974069289215,-0.1635706365791,0.4321572051480
0.3167584464238,-0.0150795557589,0.3161913273607,0.2678623402451,0.3432777027199,0.4961522321494,0.5400032300641,0.1879650010456,0.6851317692415,0.3162822369635,0.5664438677073,0.5152323976214,0.5227787038329,0.3129270817831,0.0635137905853,0.2589417157126,0.3913997960631,0.5077302022640,0.2671934448918,0.5530822000275,0.2929138085946,0.2292022989959,0.5188429529287,1.0000000000000,0.4578004482455,0.3854229829161,0.5531517956186,-0.1770909750260,-0.0579828832291,0.1630510533548,0.2981928550756,0.5044758073514,0.3424613741251,-0.2560410157415,0.3425006059762,0.1554300477741,0.5913726024186,0.2810975232288,0.3047415732375,0.0474899138184,-0.0344004161826,0.2044721557395,0.0214882155229,0.0033694247608,0.2943286714957,0.1809029671068,0.2593635103174,0.5220227909007,0.3105648220482,0.2991514477137,0.2952044222631,0.0836503912879,0.1359051166324,0.3642291815621,0.3550915883247,-0.1113807213066,0.2949344370115,-0.0395269953197,0.1777348700848,0.5483807552223,0.0955263626848,0.4987763638334,0.3439760389560,0.2231915454166,-0.0347708953515,0.1754196001443,-0.1722820363071,0.3124843550965,-0.0614332786048,0.5174858963472,0.0433696624607,0.2633834774378,0.7461968946117,0.4558332671540,0.0475160281019,0.0900120004496,0.4940027838893,-0.1745577941887,-0.2561130567088,0.4355187143849,0.1591654971028,0.2212146005449,-0.2828455159366,0.0014559647901,0.0475790944796,-0.3389433071951,0.4918755108721,0.3461239910083,0.2613195942163,0.1722233515383,0.4737356224442,-0.1784419222452,-0.1983686279450,0.0130772750630,0.0830328956816,0.4695131057428,-0.0300028138795,-0.2173556689707,-0.0885781959786,0.2516513895371
