1.0000000000000,0.7264802968688,0.7201485008717,0.6365964122248,0.7471732870786,0.6043977137318,0.6050792616597,0.3145014998907,0.3386812015626,0.3674179363155,0.3341788244490,0.3751899719791,0.3920631237780,0.7192451407609,0.6625858345704,0.3829040125702,0.3608311818399,0.3709012514500,0.3625568731123,0.3055817250597,0.2631031129426,0.2359362963244,0.3421787338667,0.2467815443734,0.2846452584747,0.2550130859641,0.2263841653262,0.0014875071143,-0.0351854109744,-0.0793899547138,0.2264403136719,0.2262123896309,0.2269929973548,0.1648894930245,0.1461380936240,0.3854050989517,0.0601372735633,0.1616880205812,0.2961968002862,0.2390882275133,0.3268996952379,0.3073091088958,0.1025082117317,0.1151001273746,0.1329570237038,0.2939705630192,0.2744758214742,0.4716405428312,0.3282675903516,0.3540690492658,0.8690903708404,0.5300376067741,0.6660997332910,0.6729835809600,0.5593043554828,0.6642166834955,0.2402261253934,0.3053135886372,0.3271158012507,0.3570694737479,0.2897890938825,0.3629831951549,0.3775185205423,0.2983757747499,0.5393498793643,0.2143126264587,0.2440444211349,0.3505106213693,0.3365032758187,0.3226259654530,0.2836616571747,0.2634826363335,0.2928674384787,0.2601097137290,-0.1597450368514,-0.0991392820160,0.0879458766193,0.0165787378621,-0.1063091492774,0.2563136259554,0.1224166267071,0.1744191339790,-0.1506334115146,-0.1685761206545,-0.0678317480442,-0.0583296861901,0.0947724606653,0.4148218788756,-0.1279032895625,0.0233712201248,0.1611718097707,0.0949531475693,0.0497225342737,0.0075271489224,-0.1560954354843,0.4948408812915,0.2131131822089,0.1483658556101,0.3008675837704,0.1176936979365
0.7264802968688,1.0000000000000,0.7129784221517,0.4387636989781,0.5908445364929,0.4753916799167,0.4047211059636,0.2023359605745,0.2155909109560,0.3595477374140,0.2933938590493,0.2818200564650,0.2346494631716,0.5699907537139,0.5288708926732,0.1847537187518,0.2219379732933,0.2634622239658,0.1166888243989,0.1162580050554,0.2145541797920,0.3287859201809,0.2756365061557,0.2279180961899,0.1191036657828,0.2010322414143,0.1317119784096,0.2885330375187,0.2173429499164,0.2398171210239,0.1613032430955,0.1661933692480,0.1279507207142,0.1406438951691,0.0843445332638,0.1466326871449,0.0981043718334,0.1106930456144,0.2278655225740,0.2683178849534,0.2504242849555,0.2850012514508,-0.0932779959138,0.1747522435372,0.1528816483999,0.3568837516020,0.2845257639597,0.2662949302341,0.4164598323236,0.3244713758740,0.6413796374717,0.7570192290119,0.5449537268633,0.5550350281495,0.4324894337947,0.4579362012696,0.1516815299240,0.1637798278112,0.1670306292240,0.2046559714634,0.3509872473501,0.3199159521093,0.2384997980163,0.1324036724398,0.7750177549648,0.0417459265924,-0.0402204059009,0.1483351183249,0.1606074038640,0.0918685614941,0.2415221695883,0.3123751093687,0.2236621196446,0.1181323644101,-0.1598698996417,-0.1207976950482,-0.0099521293449,0.2177698379944,0.1336496477229,0.1449551012249,0.0408894614008,0.0476813010343,0.0431430833031,-0.3782241618826,-0.0714251348136,0.0306568043619,0.1291289094426,0.2347689398515,-0.2802797403810,-0.1580422873106,0.0985773694186,0.1044506605735,-0.0112308610127,0.1825996098611,-0.0005604746863,0.2879311506803,0.4303429571445,0.2207260554993,0.2653016746788,0.0629455691526
0.7201485008717,0.7129784221517,1.0000000000000,0.6116816355058,0.6661662889860,0.7254148770686,0.6749611185283,0.3068825073074,0.2745681337699,0.3953815079374,0.2707210178963,0.3368547702250,0.4002466776231,0.5328762631963,0.6651526920800,0.3554194979531,0.3208245929944,0.3168705336023,0.3185905390422,0.2710071165139,0.2051986884724,0.1724480724869,0.2404145699902,0.1920140747124,0.1758512645594,0.1748375171915,0.1290482664593,0.1562725845598,-0.0370003447450,0.0642174921203,0.2275442795068,0.2669923240570,0.2737231305762,0.2319637629055,0.0703212772795,0.2437464904321,0.0657407082959,0.1395078116878,0.3584690684001,0.2467774220526,0.3072474352191,0.3241719654565,0.1288340552599,0.1095565135187,0.1734895409338,0.2542027366449,0.4051240880496,0.4437362517318,0.3316848512647,0.3760685869681,0.6768738157986,0.5985372030470,0.6650792040603,0.8345183388314,0.6627481691409,0.6544624686050,0.2121575474619,0.2833568040816,0.3069703320699,0.3160759244723,0.2829862387428,0.3230008195541,0.2956976513822,0.3464248957871,0.5218363932347,0.2887653074724,0.2161324444115,0.3158511524033,0.2908651847385,0.2523380401622,0.1392143607186,0.1825010908219,0.2158477871015,0.1554750230442,-0.1796754529684,-0.2015474873381,-0.0074184550822,0.1308401574906,-0.0835470707269,0.2490334994281,0.1250896295804,0.2005983013392,-0.0537804943394,-0.1286068776276,-0.0795571313891,0.0679869134153,0.0162637574998,0.2939969217237,-0.0739938019144,-0.0102613269763,0.2408930996318,0.1189106188772,-0.0167230303745,0.0966946557017,-0.0904704410650,0.4597398578672,0.2120772017018,0.1792638456904,0.2205296591129,0.1102776797682
0.6365964122248,0.4387636989781,0.6116816355058,1.0000000000000,0.6442247593175,0.7369741698763,0.8497766293068,0.7115542200540,0.6622815283625,0.5097853081895,0.5534169893959,0.6287503655756,0.7830598766732,0.5523847593937,0.8286976005846,0.6928504822889,0.6995368994701,0.6692635655844,0.5870224061137,0.5385747718113,0.3260237537643,0.2512430533931,0.3755118204387,0.4884088151338,0.3283825761903,0.2082794580256,0.3749994690834,0.0842526651431,-0.2224453970450,-0.1407019153073,0.3695488466436,0.3021161819271,0.4066691954528,0.1660261040487,0.1971992360073,0.4775666359176,-0.0060089901423,0.3202613066973,0.2993249764801,0.2694332552667,0.4198870473554,0.3294457158420,0.3076281164988,0.1135700386481,0.3103410219810,0.1124267876805,0.2978894568208,0.5386908633324,0.2245677613143,0.3535955895228,0.6862899161594,0.1327883197435,0.8939004456383,0.6737553813829,0.7195721610815,0.7792836304837,0.5801940391941,0.6553377953489,0.7240178836557,0.6815639211734,0.2823441884204,0.5317422478628,0.5330273347386,0.6177305196462,0.3323449014020,0.5121325686109,0.5386998906158,0.7059252032331,0.6413319379374,0.6120801817895,0.3774825310301,0.2980375290098,0.5285825055245,0.4342806331573,-0.1093725702904,-0.2174314894946,0.2339208981734,0.1670914925565,-0.1951694470945,0.4847525212656,0.1474871990061,0.3213651456173,-0.2784780645088,0.1087530637651,0.0178641229922,-0.0057728262962,0.0988034887317,0.4451214236549,0.0624304762964,0.3283795125947,0.1874165919439,0.1833403545061,0.1235722726026,-0.0028939064802,-0.2404397544681,0.5618177011553,0.0023774304246,0.2147368799984,0.2489750171200,0.2636432258066
0.7471732870786,0.5908445364929,0.6661662889860,0.6442247593175,1.0000000000000,0.7838185762800,0.7130825752094,0.3230249621256,0.3134303704899,0.6290336866743,0.3922526921992,0.4524111413630,0.4299390891899,0.6133730747229,0.7327019878407,0.3478261602574,0.3654206992697,0.3662144978238,0.2906558601081,0.2218751440433,0.1851593027646,0.4411774290416,0.3436281079047,0.2488456049513,0.1212432111837,0.1669676296478,0.1565951872582,0.0528295737162,-0.0320352417260,-0.0560230199411,0.2366051976522,0.2300168093731,0.2264557007023,0.2310385519409,0.0468591046320,0.2988130257717,0.0137192110022,0.0794304428587,0.2892546821125,0.2516963754878,0.5356457112193,0.3886073155646,0.0803745482397,0.0255715751387,0.0820459750684,0.3645829510722,0.4127454419282,0.5963552608017,0.5822546405335,0.3997134502764,0.8405697162693,0.3771676794979,0.7140364652656,0.7746238349278,0.8358864521938,0.6977667160799,0.2070073199018,0.3059916302659,0.2735760811724,0.3000476076581,0.4857895035437,0.4300712009880,0.4155176215539,0.3217877907079,0.4855045763824,0.3051312290639,0.2115856451486,0.3829566504653,0.2988601280323,0.2294638499076,0.2285228202534,0.3671841210111,0.2779561241796,0.1403397270080,-0.2260472212237,-0.1502283288546,0.0025308545085,0.0541968677634,-0.1433882206330,0.2488281030690,0.1425900755484,0.1865411179722,-0.0903046877205,-0.1508348519090,-0.1129726926324,0.0242000414349,0.0643088626273,0.4026083031539,-0.1010862336031,-0.0021469275765,0.2261318703554,0.1651844174912,-0.0083163080313,0.0483966927737,-0.1095729230425,0.6110294390415,0.3228988663391,0.2999078560538,0.3897512979741,0.1047285740993
0.6043977137318,0.4753916799167,0.7254148770686,0.7369741698763,0.7838185762800,1.0000000000000,0.8232578381878,0.4946382304115,0.4800306657997,0.6734337227697,0.5375826417779,0.5556518750110,0.5895982520787,0.5978599703873,0.7436805785578,0.5185460768061,0.5368725031144,0.5127027263352,0.4735576666479,0.4243431228479,0.3228710754936,0.4011765975213,0.4380403323842,0.3561847570520,0.2898842731650,0.2337710836532,0.3199158144021,0.1146218718610,-0.1473012978519,0.0036449108628,0.3723533885373,0.4247784945721,0.4583306368456,0.2610252872966,0.1254545740892,0.3650640485887,0.1291286906974,0.2427124677387,0.3620597871613,0.3743611505377,0.5437168081519,0.5143043947474,0.2765520640297,0.1408691087956,0.2931772112383,0.3423839311236,0.5515238551690,0.6140218417996,0.4356580111014,0.5063476005385,0.7057612660148,0.2676539397251,0.7143452854493,0.8714621263700,0.8923385072375,0.6642051965502,0.3487997900370,0.4493666841055,0.4706518268253,0.4597973196267,0.4720698370721,0.4949709091227,0.4264775393525,0.4669776651268,0.3655514457207,0.4208427901957,0.3279135179530,0.5211109010823,0.4038205907999,0.4031259964813,0.2790682003946,0.3863893119034,0.3664351545969,0.2863821646999,-0.1392893225768,-0.2208189772981,0.1759684577187,0.1421943187907,-0.2381498645435,0.3660983315601,0.3011116343507,0.3671205818145,-0.1667948285119,-0.0069416008715,-0.0023029960491,0.0995542019574,0.1182911850202,0.3075918886489,0.0016144245711,0.1492403034848,0.2698923314914,0.2724283139384,0.0806076706348,0.1162943549696,-0.0750638245095,0.6378493130372,0.1266524604331,0.2403000495107,0.3410875112724,0.2387632215648
0.6050792616597,0.4047211059636,0.6749611185283,0.8497766293068,0.7130825752094,0.8232578381878,1.0000000000000,0.5850201023309,0.5251148251177,0.5690262539996,0.4521939470290,0.5047511794321,0.6711701121747,0.5161954788334,0.8254104694383,0.6623548036774,0.5916776336652,0.5296614195750,0.6343404670767,0.4853177060019,0.3041451670078,0.2060090084653,0.3144856196616,0.3830733230278,0.3340147103366,0.2562363600232,0.3460049192088,0.0010668647559,-0.2953473921154,-0.1754434729217,0.3731612843877,0.3440627552351,0.3993679749716,0.2423928994854,0.2063926479933,0.5399760477681,0.1023604912966,0.2835404066928,0.4382543628636,0.2775215804653,0.4056619563091,0.3359567919190,0.3712224911783,0.1210110574150,0.2577296697969,0.1798080448195,0.3964783061557,0.5859884707366,0.2520987643573,0.4266868723876,0.6838874860495,0.2019089655722,0.8402061963544,0.7793170547829,0.8238160785092,0.8584727038609,0.4266122701788,0.5731330108876,0.5797321506350,0.5757066086596,0.3428469603851,0.4197732542085,0.3911961069605,0.5941079080353,0.3645914202554,0.4901272896418,0.5344882567016,0.6127710725340,0.5939257556738,0.5033340100895,0.2504590753179,0.1989735587891,0.4309061689618,0.3731951813366,-0.1269372131412,-0.1845363180044,0.1954671516729,0.0323567398627,-0.3099449327218,0.4332373204404,0.1400041320246,0.3046449038410,-0.3185293488505,0.1133573481874,-0.0019457633924,-0.0240171328228,0.0812887485614,0.5312875550305,0.0849022952247,0.2809870535518,0.2955938156755,0.1460573544527,0.1023515924876,-0.0397775080042,-0.2753686226296,0.5978024901964,0.0079751336749,0.1362107287528,0.1871567007600,0.2058379453001
0.3145014998907,0.2023359605745,0.3068825073074,0.7115542200540,0.3230249621256,0.4946382304115,0.5850201023309,1.0000000000000,0.8798771965500,0.4396760744646,0.5616099089091,0.6067511749092,0.8571478315698,0.2989163886284,0.5636401361357,0.6816359156430,0.8331743029982,0.8039486389922,0.6029539415282,0.7365372432168,0.4213374641241,0.2251108867641,0.3092897959955,0.6708556008834,0.5221771892500,0.1994142537402,0.4963515948732,0.1427300487546,-0.0941957099921,-0.0447796249735,0.5837768960413,0.2785639018940,0.4271764418469,0.0697925740639,0.2342645000197,0.4015233771305,0.1474690445184,0.4547162820664,0.2707485612589,0.2615522691737,0.3862328317150,0.2668509825405,0.3132900329422,0.2121622470209,0.4382994245044,0.0315305853503,0.2271769687394,0.3757317574538,0.1342541266339,0.2677646319997,0.3666114315402,-0.0748743580447,0.6002116397924,0.3885395398880,0.4674166796469,0.4900969770887,0.7608357800913,0.6883926935019,0.8586485321368,0.9092057534234,0.1983405568222,0.5080850898714,0.4723449921038,0.6212589000888,0.1568706386518,0.3524859055220,0.4654989291631,0.7958954969248,0.7435532645916,0.8036239528775,0.4213536681782,0.2433491538081,0.7059256836160,0.6821252016243,0.1333004849347,-0.1453196151616,0.3736211531116,0.2144876679381,-0.1020500210629,0.6796931982333,0.0923047031050,0.2998461906281,-0.2177303762895,0.1631662342548,0.1524722966095,-0.0166420172819,0.3038000711420,0.4112706729484,0.0552024843976,0.4925381411980,0.1938837721456,0.1684179086926,0.2208097045626,0.0178759551965,-0.2497067565092,0.3820667007286,-0.0746185522235,0.2493375352109,0.1354505354141,0.1724116227648
0.3386812015626,0.2155909109560,0.2745681337699,0.6622815283625,0.3134303704899,0.4800306657997,0.5251148251177,0.8798771965500,1.0000000000000,0.4157521869909,0.6837392260719,0.6583891351376,0.7487929429641,0.3546479467190,0.4951092111514,0.6474705946365,0.7914517324124,0.8542288351162,0.5682228247765,0.8109497196287,0.4902043441198,0.3309241006599,0.5019144386496,0.7873149043232,0.6711406694317,0.2954770855562,0.6502697522739,0.1741058525394,0.0197339509000,0.0632721434458,0.5696332705980,0.3600632128031,0.4702893423994,0.1536495481301,0.3725845417528,0.4453423222533,0.3039229163709,0.5219333395492,0.3043172876532,0.4189971998503,0.3866667419393,0.3856715971526,0.3051613116630,0.3369972938943,0.4778596304151,0.1167785713395,0.2462701809118,0.3782678014743,0.2079916320329,0.3441666038446,0.3906570335318,-0.0016376096575,0.5027452433047,0.3358660834010,0.4212649661436,0.3445113561281,0.6503230935063,0.5281580415192,0.7897885365933,0.8823133524451,0.1402615061327,0.6076932083795,0.3960716629676,0.4328917433052,0.1434703483815,0.3113967252614,0.3640490566318,0.6851600822249,0.6651526971903,0.8411686604728,0.4412330045346,0.4146600001729,0.7985503706942,0.7941007093759,0.1587501457419,-0.1325172555212,0.5586173013400,0.2721534449928,-0.0026376605289,0.6562711230058,0.1402964162025,0.2568715034591,-0.2119629189893,0.0989834175728,0.1271649718324,-0.0450441667184,0.4586178038663,0.3424431738859,0.0476539242560,0.5138030974294,0.2288154826556,0.2955545893876,0.2904008419875,0.0712321552321,-0.2659279703344,0.3865402699183,0.0154047188047,0.2409417142143,0.1852307199053,0.2623902204151
0.3674179363155,0.3595477374140,0.3953815079374,0.5097853081895,0.6290336866743,0.6734337227697,0.5690262539996,0.4396760744646,0.4157521869909,1.0000000000000,0.6569500115498,0.7085623214257,0.5054377308638,0.5002751618981,0.5777352569131,0.3532273753352,0.5126207010862,0.4303972968701,0.3329601902789,0.2531456796127,0.4753844995954,0.7143779910119,0.5173582169040,0.5302233931212,0.1545259732076,0.3369811087400,0.3959957014807,0.1996590044356,-0.0222800208445,0.0957033496790,0.3905696103061,0.4930513151968,0.4602965298954,0.2935253434507,0.2131515236440,0.2250539207459,0.2796388034640,0.1383162957656,0.2271348997286,0.3483311522675,0.5560735413964,0.6179927964767,0.1541806095822,-0.0250097526068,0.1649516047523,0.4417096042090,0.5572685575645,0.4177515742318,0.5178095435462,0.6078428106932,0.4893632291582,0.1513501262455,0.5145195013473,0.5279578144690,0.6653547925457,0.4319819941682,0.2525981395865,0.3039443930463,0.3324863228635,0.3921446011662,0.7865305584234,0.6626307638628,0.5673460397049,0.3391319435769,0.2902789843546,0.3772346066130,0.2361406451124,0.4034594990661,0.3052973200202,0.3243741296257,0.4512927961362,0.6099405357492,0.5082621975328,0.3185780171790,0.0889503757918,-0.0344148227724,0.2908927188257,0.1464864961549,-0.1402059678622,0.3747874415619,0.4513022502302,0.3637294350568,-0.0152806489289,-0.0293760043760,-0.0838530084432,0.3003011417728,0.3887936306567,0.4346546157387,0.0795398288182,0.1317241219285,0.2344965174124,0.3286804292005,0.0769016506724,0.1935677449884,0.0839266383613,0.4894172874473,0.1524546011400,0.3831167723145,0.6089031183080,0.4091530017253
0.3341788244490,0.2933938590493,0.2707210178963,0.5534169893959,0.3922526921992,0.5375826417779,0.4521939470290,0.5616099089091,0.6837392260719,0.6569500115498,1.0000000000000,0.8672589694724,0.5994401350734,0.4549688278375,0.4447433462965,0.4649556494453,0.6815986581523,0.7217992940520,0.3632604908402,0.5465341524567,0.6860671822966,0.5716102626315,0.7881529367701,0.7488725352635,0.5038595302248,0.5341238648788,0.7154423354841,0.1560242625452,0.1868928236593,0.2237895500117,0.5375561547534,0.6269131999294,0.5992526227447,0.3437348460131,0.4834636550062,0.2751971100269,0.5088887939427,0.4275066231020,0.3533863240213,0.5730470682546,0.4532659143562,0.6525817149634,0.2982340611428,0.3400505345129,0.4000158314579,0.3527615457168,0.3736594726312,0.4333958277447,0.3599557615430,0.6042028825009,0.3913333319228,0.1622376647630,0.3873818546765,0.3383602784498,0.4382375160449,0.2094192329067,0.3425976100214,0.1840066053098,0.4764098218184,0.4917582996853,0.4115577639237,0.8177309642128,0.4823860177920,0.2611024838019,0.1598652882172,0.3597404431880,0.1970897601901,0.4548517110623,0.3560779370645,0.5553324449048,0.5964658165727,0.6828506232948,0.7022980927597,0.5698880787214,0.1860897297570,0.0731005808882,0.6311848017017,0.2602162097632,0.1344602888610,0.5543241535137,0.4261375414856,0.3450304288839,-0.0291640740103,0.0553112475050,0.0556739783809,0.0978967103216,0.6084179568610,0.2762232414835,0.1861910509941,0.3359573532866,0.3512000874773,0.4935350161448,0.3446818513012,0.2331862626387,-0.0347423246320,0.4513662850511,0.1527329344223,0.2315793121807,0.4744581082051,0.4722705537306
0.3751899719791,0.2818200564650,0.3368547702250,0.6287503655756,0.4524111413630,0.5556518750110,0.5047511794321,0.6067511749092,0.6583891351376,0.7085623214257,0.8672589694724,1.0000000000000,0.6711561197431,0.4284458524814,0.5354861848360,0.4580933967708,0.7064009123576,0.7079807160825,0.3785998416602,0.4771540851740,0.6623988806736,0.5460123695421,0.7861482828982,0.7134130392451,0.3756640215493,0.4628015081377,0.5914010380869,0.1021194487980,0.1204378279421,0.1063247857509,0.5322037636873,0.5875614927105,0.5701372300211,0.2676533023944,0.3859657810338,0.2531164067506,0.4104408547381,0.2901238995920,0.2824004539058,0.4361122151741,0.4100533959905,0.5622308012115,0.2129214640871,0.1820835772915,0.2626920784823,0.3067894209619,0.3386559107418,0.4417296135226,0.3007666270634,0.5809179128763,0.4209220413573,0.0995370804258,0.4861901225776,0.4037480186744,0.4823900943727,0.3334390500218,0.3968697796494,0.2771616400672,0.5257620886170,0.5556067070093,0.4595942946741,0.8932530979162,0.6858287413935,0.4094190852248,0.1666009575776,0.3806219906846,0.2388379970295,0.5358995392276,0.4101344623553,0.5552152095369,0.6631479187941,0.6968427692387,0.7101868258171,0.5263001471042,0.1762844660895,0.0797504179311,0.5141384445063,0.1779163915066,0.1131971127625,0.5792633260906,0.4293963625024,0.4106188372800,-0.0855694888893,0.0118904412081,0.0153054133088,0.0648668782774,0.5183634037786,0.3279899806975,0.1513222958902,0.2449912557746,0.2639723990661,0.3668201379413,0.2357287696083,0.1345476283673,-0.0665574698783,0.4417292375869,0.1059023226376,0.2247132815989,0.4613689549295,0.4625165085680
0.3920631237780,0.2346494631716,0.4002466776231,0.7830598766732,0.4299390891899,0.5895982520787,0.6711701121747,0.8571478315698,0.7487929429641,0.5054377308638,0.5994401350734,0.6711561197431,1.0000000000000,0.3863123374367,0.6664343465296,0.6706924594603,0.8837296654687,0.7836447025385,0.5230258291283,0.6734859012517,0.4691402343179,0.2644831636291,0.3931717846526,0.5883273332590,0.4608848466631,0.3091513984734,0.5019594890781,0.1103402338672,-0.1196590514334,-0.0581384243286,0.5661310872274,0.4100379553955,0.5759991318127,0.1081095067634,0.1831017805684,0.3751845023880,0.1290237764629,0.4353910724843,0.2914418795089,0.2636097748142,0.4540698787162,0.3296981897330,0.3243811104419,0.2152766262346,0.4173592745145,0.1272723037209,0.3376002290338,0.4920506833795,0.2090448500810,0.3499327886182,0.4486568312551,-0.0562189460643,0.6798335328751,0.5043214105338,0.5820543282481,0.5810045026092,0.7641371168596,0.6714500044633,0.7677071352617,0.7642416638315,0.2735269272429,0.5529431565891,0.5651722219874,0.7612733395427,0.1363165949677,0.4488174190832,0.4731278242017,0.8317838648099,0.6486063112496,0.7324486871629,0.4498538969703,0.2890790769670,0.6107716357013,0.5869174785797,0.0272220909872,-0.0636009791326,0.3287745306368,0.1722054359524,-0.1818327503204,0.6645593017788,0.2001594033929,0.4805516730523,-0.2298543815777,0.1507524430152,0.1686727839881,0.0284809234221,0.2041786543743,0.3967227204775,0.0989225963524,0.4439553006364,0.2044043484167,0.1949542035918,0.2742854697990,0.0308834163287,-0.1808247281655,0.4787915699572,-0.0656037633650,0.2797416086457,0.2083750793564,0.2287802105581
0.7192451407609,0.5699907537139,0.5328762631963,0.5523847593937,0.6133730747229,0.5978599703873,0.5161954788334,0.2989163886284,0.3546479467190,0.5002751618981,0.4549688278375,0.4284458524814,0.3863123374367,1.0000000000000,0.5713901300974,0.5542411752423,0.4691127228166,0.4258211365836,0.4632244198076,0.3986107371614,0.4767295117779,0.4214587704263,0.5165022716310,0.3233605265868,0.3415938880751,0.4619719901254,0.3832319820217,0.0839022789583,0.0492593186301,0.2898013809443,0.4469953628361,0.5594093081198,0.5415534834558,0.3817829919401,0.2451568919740,0.4379563180338,0.1835395403180,0.2808945095788,0.1904637618007,0.3421959902149,0.4409750501517,0.5979075009705,0.2472905681267,0.2309720632514,0.3446101144405,0.4422972229496,0.5290129273648,0.3420466455634,0.4619748544850,0.5731075852348,0.6695515791181,0.4030699964164,0.5323931074477,0.5584292524618,0.5084151156718,0.4578805947310,0.1544093182675,0.2312004962745,0.3076688810353,0.2629170147168,0.3354445571548,0.3927169856444,0.2868733522487,0.1396217156195,0.4797391323649,0.1961765822495,0.3414478397070,0.2040943146133,0.3195767769634,0.3449963203915,0.2687649350011,0.4234698961302,0.2913275157148,0.2889811813734,0.0347848740443,0.0141712089657,0.2567373444801,0.1690464623643,-0.0631004037551,0.3321678718843,0.4398552347247,0.3275460812912,0.0437332310568,-0.0919654772649,0.0203330142652,0.1141876999368,0.2275449977957,0.3195309646618,-0.1160584636655,0.1414021870450,0.1131459255042,0.2180209602862,0.1601312598954,0.1704689853129,0.0249435682898,0.3616091483116,0.2447799619089,0.2162987711273,0.4005650912752,0.1325682318364
0.6625858345704,0.5288708926732,0.6651526920800,0.8286976005846,0.7327019878407,0.7436805785578,0.8254104694383,0.5636401361357,0.4951092111514,0.5777352569131,0.4447433462965,0.5354861848360,0.6664343465296,0.5713901300974,1.0000000000000,0.5742314996986,0.6135995096951,0.5193782264399,0.4796744820456,0.4526446473921,0.3226690746469,0.2768952962192,0.2968906880601,0.3899652635700,0.2382637713812,0.2082944916894,0.3024690324415,0.0631444345199,-0.2192471641572,-0.1000467233303,0.3914886509503,0.3252722876033,0.3878055761159,0.2713767737143,0.1224372804441,0.4471646133755,0.0367307406753,0.2728765373091,0.4507339115297,0.2889153177171,0.4450540294620,0.3617805353182,0.3178790775336,0.1159909875462,0.2038603809925,0.2445716520990,0.4013198732178,0.6115914022674,0.3139495460117,0.5444802825742,0.6741600827691,0.2572828948097,0.8147086443887,0.7386666343957,0.7789114639419,0.7946071639655,0.4116631764375,0.5281818769678,0.5213988266547,0.5397485065334,0.3688192466866,0.4696369992217,0.4836157376015,0.5524351203643,0.4974272250320,0.5936465232627,0.3938973826800,0.5897041813054,0.5069484009978,0.4786880795915,0.3057938186967,0.2691826409917,0.4280344427170,0.2967470667724,-0.2213032084126,-0.2359917517089,0.0849450554997,0.0921456614624,-0.2507409771532,0.3876738432291,0.1250359057492,0.2459013143983,-0.2476974955054,-0.0352025945635,-0.0519214431344,-0.0370362285185,0.0685976154660,0.4970429594202,-0.0181594082998,0.1599069083725,0.3148267433816,0.1843426502114,0.1010907491064,-0.0018447438763,-0.1845953002683,0.6300732124464,0.1051374277679,0.2495581137056,0.2829060623480,0.2459307046840
0.3829040125702,0.1847537187518,0.3554194979531,0.6928504822889,0.3478261602574,0.5185460768061,0.6623548036774,0.6816359156430,0.6474705946365,0.3532273753352,0.4649556494453,0.4580933967708,0.6706924594603,0.5542411752423,0.5742314996986,1.0000000000000,0.7457028965400,0.6161501470293,0.7689131706695,0.7215969735715,0.5461287757924,0.1636059748389,0.3455046268773,0.4924353910846,0.5293308867552,0.4253234283165,0.5784523572571,0.0469446172918,-0.1814581242373,0.0790354268893,0.6441626790608,0.4806175132807,0.6199759968537,0.2701235581673,0.4996909665640,0.7023129291899,0.2308546415274,0.5610113034782,0.3249596917238,0.2772097806360,0.2948884771558,0.3832457452010,0.6240634099106,0.3356829112210,0.5631583106755,0.1285538497627,0.3550264797611,0.3631350890417,0.1388108841714,0.4212203720517,0.3592755418635,0.0096318767869,0.5770875282615,0.4302492343956,0.4444677073356,0.5036660252712,0.4976161842662,0.5367234450005,0.7062679940655,0.6230518052620,0.1402124990655,0.3642537690814,0.2821576275020,0.4125038370292,0.1556641207248,0.3903905024955,0.7649504072548,0.5248086159072,0.7240354849569,0.7193489354492,0.3320429903952,0.1623991589946,0.4996361012810,0.5506396447419,0.1514611445490,-0.0685018170939,0.4020686809721,0.1559602289645,-0.1648867035010,0.5876867434942,0.2109062090751,0.3519783810653,-0.1809601592409,0.3340440150987,0.1693147945758,-0.0485811005355,0.2678564434677,0.4755487803519,0.1461709270899,0.5066479485452,0.1754022231378,0.1526802053769,0.2835074847056,0.0490101889967,-0.1762294301652,0.3513887114283,-0.0813370647402,0.0720380930573,0.0952494149080,0.1374875373687
0.3608311818399,0.2219379732933,0.3208245929944,0.6995368994701,0.3654206992697,0.5368725031144,0.5916776336652,0.8331743029982,0.7914517324124,0.5126207010862,0.6815986581523,0.7064009123576,0.8837296654687,0.4691127228166,0.6135995096951,0.7457028965400,1.0000000000000,0.8451938649992,0.5988600782841,0.7242321964796,0.6866607090947,0.3622803687908,0.5140983454563,0.7073123170434,0.5449560207103,0.4420330251653,0.6505125755225,0.1433334639254,-0.0134568043699,0.0970505929365,0.7107796025904,0.5178857022217,0.6737307883654,0.1859225756025,0.3330811925708,0.4638830783403,0.2721336864437,0.5049670744904,0.2924170267736,0.3290094585704,0.4509275467869,0.4598993330076,0.3804248596018,0.2856611896065,0.4980629799365,0.1842314420749,0.3507775681027,0.3954652770726,0.2441596757287,0.5006947195449,0.3820676244911,-0.0532248830638,0.5646064358927,0.4093384748087,0.4969880512068,0.4497203301762,0.6554795671827,0.5553376446014,0.7761671366202,0.7501605600517,0.2588509555549,0.5942929505211,0.4833267253328,0.5620048852290,0.1544165117362,0.3916099959366,0.4686438436978,0.7608028052248,0.6851787405240,0.7838374170700,0.5945558509511,0.3909490074567,0.7148180991841,0.6666914680820,0.2126870253328,-0.0271786321270,0.4438672780380,0.2358118498617,-0.0801345192103,0.7447750522212,0.2546870008900,0.4182086912250,-0.1645821550812,0.1394033698343,0.1559709282750,0.0044120642761,0.3820889870347,0.3754304791962,0.1074310056044,0.4487382361934,0.2022962921166,0.2194658256122,0.2910467887494,0.1009679972940,-0.1591344284194,0.3939305284893,-0.0070884827089,0.2898166232444,0.2610346402498,0.2852967182343
0.3709012514500,0.2634622239658,0.3168705336023,0.6692635655844,0.3662144978238,0.5127027263352,0.5296614195750,0.8039486389922,0.8542288351162,0.4303972968701,0.7217992940520,0.7079807160825,0.7836447025385,0.4258211365836,0.5193782264399,0.6161501470293,0.8451938649992,1.0000000000000,0.4698059380398,0.7581104413877,0.6110213025045,0.3378945279930,0.5844521510312,0.7892366595607,0.5688807397976,0.4137299689303,0.6417338627713,0.1568249515352,0.0780734829726,0.1324206081174,0.6863020200763,0.4969408580470,0.5738914282318,0.2268402006752,0.3640425186526,0.3290190724970,0.3456740579725,0.4830943051436,0.3681058471684,0.4284726008958,0.4026869735251,0.5048937889052,0.2763454334866,0.3283366576264,0.4429470875498,0.1524996351205,0.3204894056974,0.4247175735395,0.2308235956857,0.4708866414738,0.4122710399858,0.0872235097006,0.5060462198870,0.3627979919401,0.4333373336411,0.3329323430135,0.5517166686832,0.3796760262030,0.7234255307541,0.7273539419104,0.1420870317645,0.6412752144479,0.3997016825992,0.4170793539605,0.1798293730292,0.3485104526725,0.2968058778314,0.7065056347034,0.5678506750073,0.7798539700957,0.5289228360856,0.4669947065060,0.7903551199909,0.6715152886706,0.1804862070003,0.0035268273640,0.5433780169241,0.2731201401565,0.0493578495344,0.7766923297548,0.2535919748210,0.3360223614928,-0.1192357561794,0.0621417687004,0.1504286924970,0.0392008835841,0.4948009196097,0.2799356779244,0.1145950303632,0.4773168796036,0.3180572613108,0.3254947284006,0.3313234774931,0.1192429501550,-0.2192623143360,0.4052067404794,0.0515033335786,0.2264638629198,0.2646293392438,0.3183918703680
0.3625568731123,0.1166888243989,0.3185905390422,0.5870224061137,0.2906558601081,0.4735576666479,0.6343404670767,0.6029539415282,0.5682228247765,0.3329601902789,0.3632604908402,0.3785998416602,0.5230258291283,0.4632244198076,0.4796744820456,0.7689131706695,0.5988600782841,0.4698059380398,1.0000000000000,0.5470675063112,0.3911541268633,0.1389875314020,0.3039189267058,0.3987886110025,0.5151306704843,0.3510954278582,0.4632298364325,-0.1073756253591,-0.3224797695557,-0.1573949461686,0.4115488788762,0.3445485625935,0.4262205500277,0.2220978798448,0.3058309401725,0.7571905453106,0.2048101050124,0.3949163535338,0.3072227804629,0.1780958432536,0.2328978276421,0.2550529537517,0.4325823000430,0.2317840559097,0.3760539132142,0.1027419981823,0.2336404278213,0.2438604876545,0.0139006525743,0.3670708146551,0.3553865843854,-0.0108128453050,0.4978977689366,0.3892157942379,0.4002118347008,0.5398921750104,0.4009028640423,0.5624522695148,0.6792337954768,0.6415048534953,0.1903302233155,0.2819519039154,0.2396595867797,0.3932246032360,0.1374872467458,0.2558453528046,0.6560597432763,0.5014611160668,0.7801390394125,0.6138253233803,0.3089753924245,0.1390209940039,0.4366911638270,0.5644995793588,0.2124460137907,-0.0604764077546,0.3775268305739,-0.0224733060259,-0.2804802912070,0.4374764716882,0.1639938266905,0.3110922810064,-0.3194807896999,0.2239466265533,0.0594633531035,-0.0966989937158,0.2332846142069,0.4494397679119,0.0944193103336,0.3970519235222,0.1302880406671,0.0687974274612,0.2048472330924,-0.0816108019268,-0.2286463212590,0.2451861821857,-0.2191253787762,-0.0050730666742,0.0385270516142,0.1270770647493
0.3055817250597,0.1162580050554,0.2710071165139,0.5385747718113,0.2218751440433,0.4243431228479,0.4853177060019,0.7365372432168,0.8109497196287,0.2531456796127,0.5465341524567,0.4771540851740,0.6734859012517,0.3986107371614,0.4526446473921,0.7215969735715,0.7242321964796,0.7581104413877,0.5470675063112,1.0000000000000,0.5258876401480,0.0946337519847,0.4494270955761,0.6240966933669,0.8140679708797,0.4386692097439,0.7175246181244,0.0163771688100,-0.1111414039672,0.1045927152041,0.6833698209623,0.5034905820909,0.6031146160693,0.3440245603137,0.3858802824379,0.4756115113396,0.3632748953775,0.7084536527753,0.3745689465369,0.4518369462983,0.2975434522862,0.4578943599212,0.5462287790168,0.5032015766919,0.5995185058293,0.1779165607368,0.3700551141343,0.3702215733883,0.0319359283998,0.3965255745468,0.3264668620333,0.0438003082438,0.3703358002413,0.3526067942252,0.3367549492613,0.2839468169020,0.4703249842780,0.3492360390415,0.6288536888220,0.6828672163649,-0.0520241833316,0.4245193404638,0.2146713754817,0.3522196868158,0.1040044274964,0.3093877658724,0.4025067449048,0.5622722911559,0.5205554399911,0.8557297010451,0.2376082166567,0.2303402337566,0.6179486528450,0.7784237356329,0.0655529580356,-0.0704096021252,0.5795324299607,0.1604349270780,-0.1008504002719,0.6517262983819,0.1967219665070,0.2693028655054,-0.2151194842301,0.1465349307564,0.1802214876678,-0.0609748332867,0.3968991855007,0.2712136924483,0.0629280668221,0.6077841910732,0.2574566402574,0.2890600585293,0.4186855663051,0.0367952521799,-0.2491912921478,0.3474520651165,-0.1030639516107,0.0260380578321,0.0907141380630,0.1364990398090
0.2631031129426,0.2145541797920,0.2051986884724,0.3260237537643,0.1851593027646,0.3228710754936,0.3041451670078,0.4213374641241,0.4902043441198,0.4753844995954,0.6860671822966,0.6623988806736,0.4691402343179,0.4767295117779,0.3226690746469,0.5461287757924,0.6866607090947,0.6110213025045,0.3911541268633,0.5258876401480,1.0000000000000,0.4554177687535,0.7162388061844,0.6706205030959,0.5025631866194,0.7582930473488,0.7400502038082,0.1382538813482,0.1897050621793,0.3225175947525,0.7192992315432,0.7406848675904,0.7449009648223,0.2906791360462,0.5865162164480,0.3288428002136,0.6418951261499,0.4175816835317,0.2916888787477,0.3379477625630,0.2373579601865,0.7082051419016,0.3715198840425,0.3305419686341,0.4156874655489,0.4102985948755,0.4495533624703,0.1622584177498,0.2519702423911,0.7749206515066,0.2168504825533,0.1910778080720,0.1988415780025,0.1910783762972,0.1722668849191,0.1087644888700,0.2063387237393,0.0461302254834,0.3925867649855,0.3650937743777,0.3409427136050,0.6344384910616,0.3687163969094,0.1517402352792,0.1149514020163,0.1920115699055,0.2393890769060,0.2958247508464,0.3549990406212,0.5140705658822,0.6736226490113,0.5505851520084,0.6353979996877,0.5437368558966,0.4061277580395,0.2567881023804,0.5546979789862,0.1669677497101,0.1124525401199,0.6038886307266,0.4208874773597,0.3647234069879,0.0230340692239,0.0076444644768,0.1025468277436,0.1156836888014,0.6035506527434,0.2915264620527,0.1869993172537,0.2064885972799,0.1861185677452,0.2011572919214,0.3173542114416,0.2405324517781,0.1286029788759,0.1466114323395,0.0776284363414,0.1444468041174,0.4127999603934,0.4396903918935
0.2359362963244,0.3287859201809,0.1724480724869,0.2512430533931,0.4411774290416,0.4011765975213,0.2060090084653,0.2251108867641,0.3309241006599,0.7143779910119,0.5716102626315,0.5460123695421,0.2644831636291,0.4214587704263,0.2768952962192,0.1636059748389,0.3622803687908,0.3378945279930,0.1389875314020,0.0946337519847,0.4554177687535,1.0000000000000,0.5733315990107,0.4824434209739,0.1026086143819,0.3577864701384,0.3746210689083,0.3578800565973,0.3004289697219,0.2429258223804,0.2475946894335,0.4173596872976,0.3845373918925,0.1711566094496,0.2202365539942,0.1254911396615,0.2461861300769,0.1165637905569,0.0462359698816,0.2875209392526,0.5480363566693,0.5418465673187,-0.0356069578685,0.0218375935427,0.1951467277004,0.4945319471529,0.4755840021650,0.1814142821542,0.6746752755744,0.4964966280188,0.3304560813918,0.1358466514639,0.2275657232689,0.2241856975023,0.3556002454444,0.0759387713077,0.1298895251611,0.0880517170551,0.1707769133892,0.1930477485448,0.7149431714950,0.5701132425866,0.3978335782427,0.0215121319250,0.1816054104875,0.1022325481601,0.0039197676646,0.1264030278328,0.1252225834858,0.1584449179005,0.4509840788642,0.7699349447527,0.4066650945227,0.2456791729461,0.2311279977151,0.0703966978037,0.3150658124573,0.3037187734031,0.0832589089513,0.1914063092977,0.3604458018516,0.2606058696323,0.1409025338105,-0.1181491024663,-0.0521582874173,0.3256727678133,0.4031905331759,0.1942806128354,0.0197851029929,0.0284845629899,0.0993865662857,0.3153863957403,0.0730245280381,0.3912398175528,0.2980980671908,0.2396481411212,0.3631311473987,0.5570035791684,0.5725509490680,0.4083667124455
0.3421787338667,0.2756365061557,0.2404145699902,0.3755118204387,0.3436281079047,0.4380403323842,0.3144856196616,0.3092897959955,0.5019144386496,0.5173582169040,0.7881529367701,0.7861482828982,0.3931717846526,0.5165022716310,0.2968906880601,0.3455046268773,0.5140983454563,0.5844521510312,0.3039189267058,0.4494270955761,0.7162388061844,0.5733315990107,1.0000000000000,0.6227468684432,0.4994386635978,0.7033588782965,0.7042585863819,0.0666387805484,0.2386241652148,0.2795198233585,0.4645113115450,0.7396517576165,0.6551042783843,0.3869236247474,0.4574791413809,0.2804430594071,0.5424805045751,0.3578298294397,0.2192537077529,0.5270468192467,0.3025682549887,0.6943398313130,0.1935254593301,0.3662266059945,0.3329690506246,0.5052810659644,0.4246200807174,0.2977096901357,0.3307763119417,0.6309502183263,0.3817130655937,0.2448550793381,0.2041874977829,0.2654047905307,0.2827123496767,0.0648498189632,0.1258352049579,-0.0291640947892,0.2573785088560,0.2574054804804,0.3051659586310,0.7416754170394,0.3494317025758,0.0484047750790,0.1385550839816,0.1437494421831,0.0586015148244,0.2081599786551,0.1648717550422,0.4152362940012,0.5241087735430,0.7959035452501,0.5769589832744,0.5175894685954,0.1995427706920,0.2296966145345,0.6572786194042,0.1425462174277,0.1758686275091,0.4181297963538,0.5211629888540,0.3595626973142,-0.0339642373623,-0.1215810738535,0.0072296453007,0.0677958310695,0.5813838164021,0.1371519140324,0.0722991427165,0.1902653372147,0.1695018915522,0.4081779393997,0.3011101258036,0.2340349016686,0.0068689448319,0.2721584604943,0.1922095341239,0.0901344962411,0.4326235089905,0.4366265028268
0.2467815443734,0.2279180961899,0.1920140747124,0.4884088151338,0.2488456049513,0.3561847570520,0.3830733230278,0.6708556008834,0.7873149043232,0.5302233931212,0.7488725352635,0.7134130392451,0.5883273332590,0.3233605265868,0.3899652635700,0.4924353910846,0.7073123170434,0.7892366595607,0.3987886110025,0.6240966933669,0.6706205030959,0.4824434209739,0.6227468684432,1.0000000000000,0.5049200680184,0.4521720220215,0.7439590997153,0.1881643632721,0.1473360536185,0.1563233695014,0.6741162142503,0.5046205527698,0.5458320333620,0.2167296194760,0.5260354864473,0.3313834862359,0.5822484474807,0.3961449193822,0.3571170792054,0.4047095763433,0.2503808768078,0.4984778212781,0.1796763097443,0.2026082037668,0.2957006409585,0.2054763536883,0.2576021490402,0.2910874448220,0.2566875063700,0.5411160867755,0.2818154841631,0.0885173180606,0.3566045589766,0.1876867759042,0.2995866406353,0.1796272989646,0.4351166976492,0.1985474076541,0.5584491929706,0.6565724475271,0.2842670051759,0.6883700295058,0.4371814503940,0.2605086144504,0.1328616284793,0.3209792250020,0.1898507775044,0.5133962392579,0.4967395565675,0.6998169038045,0.5887558838359,0.5790022990549,0.9129595853607,0.7150241447390,0.3517267792183,0.0163962067228,0.6353010307061,0.2362853535574,0.1015972152209,0.7185379939325,0.2740080297440,0.2281104811957,-0.0930089410538,-0.0145352405264,-0.0129766671363,0.0520797492113,0.7096159887090,0.4208322172697,0.0885951781794,0.3787396248263,0.3339676605783,0.3254195521150,0.2220308240351,0.1496871577409,-0.1051148333108,0.3343254878593,0.0788202786613,0.1997962483975,0.3541656548476,0.4650748420239
