1.0000000000000,0.5413414206965,0.4097688842149,0.2244209675296,0.6650699695231,0.4912068438950,0.5021447769125,0.0882601105313,0.1538076855184,0.4567464637771,0.3193600389542,0.4739500768387,0.2325730133706,0.7198611134782,0.5015825002489,0.1990458296272,0.3213647041184,0.2392340680763,-0.0162900810578,-0.0359835370201,0.3222151836177,0.3585647459594,0.3666151285611,0.2379982019072,-0.0699050363641,0.3581422513162,0.0710763801615,0.1570215607215,0.2139063328418,0.4119514442226,0.1541600714650,0.2934334601486,0.1512031207573,0.3474778308443,0.2977357977532,0.3002833673004,0.2155046679044,-0.0287270511611,0.1699611421449,0.3317637367432,0.4590707681003,0.3348842942284,0.0750986393912,0.0219131309947,-0.0359734967910,0.2791392446167,0.3359177768898,0.3395676877602,0.5517122006964,0.4810097323552,0.6130446811967,0.3346129819504,-0.1425063350924,0.3094536814861,0.3755461233841,0.0548956710559,-0.1186560238709,-0.2954220864335,0.0539771139496,-0.0675597102096,-0.0664243411145,-0.1046381371134,-0.0705974362856,-0.1945675827118,0.5107464611529,-0.2129002890432,-0.0055266722643,-0.1851695900506,-0.2108514685602,-0.1289013199474,-0.3064821356880,0.0330516171968,0.2673275030606,-0.0005436484983,-0.4379101803411,-0.2659990425552,-0.0805811695195,0.0380744271519,-0.0212973513477,-0.0213496886310,-0.3423432211436,-0.1455665512573,-0.2008980480071,-0.1925947554593,-0.3491390575748,-0.1966136373474,0.1850925852081,0.0353587391236,-0.1961532090798,-0.0584251125725,0.1376334944418,-0.0199813741550,-0.1645189515899,-0.2923817467076,-0.3296425244069,0.2565333307167,0.6082068286025,-0.4161033334207,-0.0299237718370,0.0465084065567
0.5413414206965,1.0000000000000,0.5238114517199,0.4023429364349,0.3577601798978,0.3780156417072,0.4707002343946,0.0940664435414,-0.1034243393630,0.3086435287033,0.0589317977454,0.3110872680718,0.1741177410064,0.5496580526164,0.5141728285838,0.1244612850802,0.1788562181995,0.0296848665158,-0.0785196958283,-0.2011177303041,0.1761263880321,0.2312720950642,0.0580430303225,-0.0090702531815,-0.1396350851602,0.1679269168404,-0.1254476712613,0.2536851348132,0.2606221158993,0.5469221505108,0.1251349547015,0.3458461395297,0.2512214962810,0.2042042254307,0.1907457322020,0.1685646632481,0.0513751014407,-0.0191062358104,0.0683955373389,0.0885065761708,0.3341942308237,0.2716121000380,-0.0326763840480,0.0832824651582,0.0754186652172,0.0973137453621,0.4189639369585,0.1029592173003,0.4305629098561,0.3038266841643,0.3008122259256,0.7722554340828,0.0795221469328,0.4036096092714,0.3560085533863,0.2423304389436,-0.0372895818997,-0.1762342279461,-0.0447433113519,-0.2183545038525,-0.0973599149345,-0.2719571508663,-0.2199132838319,-0.1480165994075,0.3591183530094,-0.2361618466109,-0.1075680915055,-0.3366092031270,-0.2001857606795,-0.2996914805821,-0.3611727158852,-0.1881996506898,0.0230280395522,-0.2385086619325,-0.4361403239724,-0.2478544246529,-0.2815488886180,0.2040336904837,0.0891160151797,-0.1499020122769,-0.2866187970172,-0.1683342803299,-0.1277081473579,-0.2982292290023,-0.1495953819603,-0.1956179217765,-0.0625947257925,0.0116818227720,-0.4565852305534,-0.1377415203499,0.0788780637533,-0.2016834796350,-0.0146620891935,-0.3073350591305,-0.1512250921606,0.0604248669923,0.5029621217856,-0.4664960320556,-0.1607668316181,-0.2394866562419
0.4097688842149,0.5238114517199,1.0000000000000,0.6113667505232,0.6340710612035,0.8349128622297,0.6507690954229,0.2869631902220,0.2131657325829,0.2518247841835,0.3235822224568,0.2741675519191,0.1368910525469,0.4988753544471,0.4618750501791,0.4477568604669,0.1994945231894,0.3114953669130,0.1589909903592,0.1820993377216,0.1066184930104,0.1521566280821,0.1759962948938,0.1715773930782,0.2278159299956,0.1770447882656,0.1886288237883,0.1108409837532,-0.0098713074416,0.2030014830073,0.2957546008529,0.3882399417057,0.2609609797287,0.1244530049218,0.2755099689947,0.2259261196658,0.2529926275855,0.0986185634196,0.1980125721544,0.1699971766001,0.2456603396709,0.3067270601653,0.2732513364823,0.0898047006672,0.1036395768828,0.0853726680789,0.2553813632546,0.4184744149193,0.1707308191062,0.1975984723360,0.5817582116212,0.6699320316465,0.4799607627804,0.8742215496664,0.5660103201597,0.3338697827107,0.0565672770198,0.0592437307965,0.1992924498399,0.1468608143468,-0.1062076585476,0.0802515917009,-0.1806215805217,-0.1348314625293,0.3996725345874,0.0031759878740,0.2874060249471,0.0746978572917,0.0644446874915,0.1596172514780,-0.1568782399189,-0.0639581980723,0.1494169671168,0.1148773406040,-0.1170829352903,-0.2813973170027,0.0120019011060,0.3769992050031,-0.0894069420124,0.1882442564243,-0.2287129752401,-0.0528524524186,-0.1247519106409,0.0695318796310,-0.0349777363368,-0.2391833729825,0.1300883799773,0.1910888171902,-0.1761189333458,0.0133599134369,0.1421712030296,-0.1776611045493,-0.0926637443964,-0.1181115837718,-0.2020645029746,0.3045850277564,0.1276107596971,-0.3385100621442,0.0747701776889,-0.1255058187386
0.2244209675296,0.4023429364349,0.6113667505232,1.0000000000000,0.4375964454140,0.5967156137303,0.7387677986572,0.3451037566699,0.3061052991678,0.4238641184859,0.5387796657659,0.4976034932561,0.4048376059365,0.6150461073757,0.7531576031510,0.6744755097756,0.5674513238150,0.4963406266381,0.3305956978111,0.3225660381954,0.5478312436963,0.2969805876424,0.4957613169415,0.5074117702109,0.1911404033184,0.4088552534476,0.4139870502830,0.0425226452748,-0.0229216368647,0.0639075151701,0.5064821282656,0.5827110911385,0.5063738629925,0.2491215593992,0.4576284798760,0.3416401839443,0.4356838931485,-0.0175716110680,0.2002966559962,0.2189485139394,0.2747267484164,0.4692482940465,0.3830430057222,-0.0580006341496,-0.0246403027285,0.3466475670235,0.3859354125067,0.2484156294335,0.3450871004190,0.5290132749721,0.3155153752230,0.4092215506345,0.6886990135451,0.5701451622338,0.5239873145665,0.6170383792396,0.1585404125770,-0.0010636120452,0.3961991594641,0.2255095099585,-0.0027478379059,0.2587266799427,-0.0848374235779,-0.0679504693645,0.1040675190573,0.1351307192328,0.4244111208026,0.1462979233286,0.2197635738616,0.2930886215209,-0.0392043920868,0.1299390708914,0.4509921906086,0.2643243777268,-0.0902358845777,-0.3588743686219,0.2002768804947,0.1176975068859,-0.2667836615679,0.3371043750120,-0.1071030118992,0.1881633714494,-0.4492883122123,0.0078851055105,-0.1026013471089,-0.2475700433171,0.2756380835729,0.3574102294745,-0.0619514369216,-0.0442235936684,0.1048002011759,-0.1283437873335,-0.3735485000070,-0.1837928418437,-0.1351820356719,0.2142085001470,0.1363718284936,-0.3049596014605,0.0523383951720,0.0687014671567
0.6650699695231,0.3577601798978,0.6340710612035,0.4375964454140,1.0000000000000,0.7847978470240,0.5910037141589,0.1632826904638,0.2304626212432,0.4312347661078,0.4588011243592,0.4021882260383,0.1936261982739,0.6602803301341,0.5581433988842,0.3952413274177,0.3103919869792,0.4332842348373,0.1084818113420,0.0853957115217,0.2721830844621,0.3098963348294,0.3836532290568,0.2937406708481,0.1066418622391,0.1789760517115,0.1087179538478,0.1840842347718,0.1961577346479,0.2591871245469,0.2707227540474,0.2011049911694,0.1059357118327,0.2683151524639,0.3591915899255,0.3227186692252,0.3115408903170,-0.0697669755149,0.2433331868785,0.2748164922894,0.4350417646679,0.2977699572538,0.2257065827008,-0.0998531605893,-0.1058358526374,0.3043812211005,0.3011565070213,0.4421731597736,0.4694978357672,0.4407006687699,0.8027684140402,0.2791797955244,0.1686521002060,0.5107797406262,0.5758646935039,0.1544024096017,-0.0294906833313,-0.1116727881348,0.1709255191842,0.0911666652584,-0.0449640036252,0.0750210254332,-0.0723208721558,-0.1138016806365,0.4780055048132,-0.1543595503964,0.2278682788246,0.0405435822457,-0.0260637256707,0.0412086591135,-0.1581707472262,-0.0062371436178,0.2981914035140,0.1241210958459,-0.1879552158433,-0.3902789909867,-0.0921113477969,0.1914053358953,-0.0952508079524,0.1523813872360,-0.3706964950700,-0.2477816364608,-0.2514564505819,-0.0292301159009,-0.3914516556594,-0.3503368370128,0.2467737457093,0.1923673747062,-0.0617007047284,-0.0994158149097,0.1884892762024,-0.1232350830958,-0.2410807841359,-0.1912758505750,-0.3648217726051,0.3235598003457,0.3487720212651,-0.3750649943826,-0.0252302343482,0.0794964044797
0.4912068438950,0.3780156417072,0.8349128622297,0.5967156137303,0.7847978470240,1.0000000000000,0.7086708997954,0.3288564910632,0.4189163418619,0.4873415041735,0.5409041165754,0.4624704639082,0.2706429344589,0.5942178005662,0.6276964165378,0.5165417975697,0.3865695495904,0.5592580449316,0.2112521876128,0.2904076408415,0.2859398077126,0.4024781285349,0.4072926502959,0.3923839328331,0.3555005494810,0.2771433779766,0.3397504453502,0.1968402832014,0.0750947728701,0.1652867899477,0.4212319078262,0.4463524709339,0.3731319891539,0.3082605308670,0.3827495906058,0.2989779188543,0.4616502334111,0.0928667127877,0.3451529601578,0.3520523146427,0.4469067200812,0.4109429019606,0.3863315102849,0.0799576467152,0.0355553034630,0.3158423824867,0.3550290145799,0.5460278483408,0.3564099268466,0.4353598258609,0.5751517290166,0.3919529080505,0.3193108615276,0.7558795229862,0.6652005490132,0.2511418882938,0.0524591449150,-0.0238955018272,0.3206284496277,0.3004011630386,-0.0119405882624,0.1490979992623,-0.1365931230447,-0.1444725571254,0.3116070693319,-0.0284867950798,0.2825665080361,0.1433522486690,0.0205908658067,0.2277868398250,-0.1694104173794,0.0372866807788,0.3674779885316,0.3071402539780,-0.1865678805410,-0.3731363099492,0.1163623305826,0.3441076143319,-0.1481353784604,0.2460987352371,-0.2611802242831,-0.0614382648910,-0.2824469125831,0.0750642912930,-0.1946668347288,-0.3075600065102,0.3375828524530,0.2190771305251,-0.1146429986927,0.0218518186156,0.2644944493329,-0.0883334988876,-0.1316916356056,-0.1715529043076,-0.2921031893027,0.3931474923620,0.2027770353374,-0.3954613481303,0.0577839294407,0.0212429385326
0.5021447769125,0.4707002343946,0.6507690954229,0.7387677986572,0.5910037141589,0.7086708997954,1.0000000000000,0.3922381770045,0.4131082239543,0.5469047669001,0.5932661514927,0.5425060440412,0.3834096415964,0.6637644955626,0.7540303253279,0.7034428599227,0.4744963298626,0.5024702079257,0.2617583512569,0.2369436783743,0.3958928289191,0.3265996965134,0.5067555340749,0.4725763483444,0.1951398586586,0.4385745402236,0.3691956440586,0.1279512639436,0.0495479351521,0.1285600444710,0.5450062351937,0.5659369866105,0.5081317338904,0.4230584936064,0.6581143761403,0.5262406571680,0.6025048362598,0.0558023101851,0.4534783712619,0.4028083673312,0.3589082810986,0.4683600589762,0.4335706207996,0.0667911993250,0.0471408803459,0.4678303827040,0.4439232632257,0.4615186918656,0.3916805323480,0.6232227801630,0.4099300716663,0.3662519755531,0.3815716880189,0.6052593180436,0.5173196717745,0.5204779271669,0.0155826045790,-0.1825668381647,0.3317890772362,0.1686972365600,-0.0234825302234,0.0789412941372,-0.1778042737945,-0.1129675843038,0.2207437256841,-0.0613530875968,0.3685174316909,-0.0484616325184,0.0151311371365,0.1653376313093,-0.2877323081892,0.0539415881748,0.4461890668649,0.1904043717112,-0.3395287084819,-0.4005849461375,0.1538422701098,0.1115623841974,-0.2359369145315,0.2412159317796,-0.2246085078465,-0.0555125222722,-0.4853163555249,0.0582149588668,-0.3160187131785,-0.3302038823092,0.4455282526865,0.3895260380697,-0.1136960087622,-0.0579656538913,0.2955263174219,-0.0329345209115,-0.2929907207381,-0.2420525767933,-0.3433704521821,0.3625976775407,0.3069016711002,-0.5083158688957,-0.0256804414559,0.0754882377611
0.0882601105313,0.0940664435414,0.2869631902220,0.3451037566699,0.1632826904638,0.3288564910632,0.3922381770045,1.0000000000000,0.6753804713603,0.4458543994011,0.4344927763907,0.3434225591015,0.4028549585086,0.2090337729011,0.3165308338344,0.4136127056141,0.5117020872534,0.5168218751468,0.3604973022334,0.5400114891481,0.4436435714283,0.4077638758817,0.2852614058187,0.4771400860269,0.5181492699419,0.3102606524402,0.4898693074459,0.1523463243438,0.0000010529699,0.0506216053204,0.4504729629801,0.3753958606917,0.3674523367950,0.1335848791574,0.2978537432544,0.2690098658126,0.3440291149069,0.3571205358187,0.2325078036581,0.2263690055978,0.2523398795604,0.2691571150915,0.2974757295578,0.2178393568927,0.3032607010728,0.2997421853960,0.2022896783891,0.1864289791465,0.2352365838788,0.2860630264561,0.0947159269872,0.0927942952301,0.2705510815849,0.2656300241475,0.2930444471608,0.1414855406205,0.4323516161219,0.2897712311557,0.5145372902924,0.5652943437227,0.3745207967481,0.3787609430796,0.0588549052873,0.1235508374533,0.0099238068262,0.0881166262333,0.2367216337436,0.3857792370992,0.1406852635994,0.4668067089120,0.1300237117358,0.2024154596058,0.4748941368238,0.5098499802512,0.0431279690920,-0.1746402546778,0.2652079089061,0.0703021650688,-0.1815113372390,0.4005192639744,-0.0403959167225,0.1357147785099,-0.2102205945645,0.0721590570791,0.0296088350280,-0.1858233088035,0.2556338708024,0.1119285613546,-0.0262055427252,0.2063830901376,0.1338320096499,0.0556884128831,0.0412338620649,-0.0571649481383,-0.0681243321004,0.1939266913307,0.0763253436944,-0.0532645253312,0.0388616384887,0.1237951396937
0.1538076855184,-0.1034243393630,0.2131657325829,0.3061052991678,0.2304626212432,0.4189163418619,0.4131082239543,0.6753804713603,1.0000000000000,0.4997798919031,0.5783962119326,0.4128673754638,0.3566077121996,0.2734124430790,0.3637963176472,0.4436862186564,0.4572812050583,0.6045499236201,0.5294615611497,0.6901542770038,0.4536101653043,0.5149128064564,0.5083441473268,0.7056345941132,0.7202296324541,0.4120332458420,0.5979016100715,0.0509943538203,-0.0746047987660,-0.1497597516045,0.4797381442951,0.3333337641792,0.3610908338333,0.2170212048353,0.3845213791979,0.3758725334245,0.4607342083492,0.2230774919541,0.1782558220739,0.2508370768001,0.1932931195736,0.3084419718155,0.2644369930507,0.1300400524836,0.0827486330171,0.4231471221597,0.1200815953948,0.2210294042359,0.1223931406994,0.3277462195868,0.1044537627297,-0.0963045439192,0.1856640457333,0.2468387064700,0.2021308308284,0.0768768582898,0.3097681909673,0.1399384979574,0.6268401787245,0.7855800271498,0.3710144721608,0.3301204900708,0.1135040668356,0.0648843684071,0.0143804365566,-0.0010223045713,0.3012813836292,0.3981361239971,0.2188546893177,0.6017085090708,0.1325503252638,0.2991120160300,0.7187871029872,0.8152789217363,0.0316860049447,-0.1486399973802,0.4149308050989,-0.0208055368639,-0.2196083439691,0.4807052172078,-0.0540573478863,0.1850141471315,-0.3642085442072,0.1038584473567,-0.0991256235062,-0.2144961777881,0.4485676681071,0.1059720856373,0.0729122060633,0.2012422744487,0.0762612087136,0.0384181576115,-0.0658005982187,-0.1145763479873,-0.1978571911481,0.2150354365270,0.0300741265207,-0.1579599346880,0.0644198722167,0.2911580779130
0.4567464637771,0.3086435287033,0.2518247841835,0.4238641184859,0.4312347661078,0.4873415041735,0.5469047669001,0.4458543994011,0.4997798919031,1.0000000000000,0.5525883931983,0.7047857661001,0.4419064331941,0.5900713639122,0.6741158164892,0.3506005958419,0.5855300033118,0.5462686096359,0.1751646857836,0.2250027856046,0.5416720257667,0.6958454999832,0.5654696348512,0.5934674482898,0.1756751323084,0.4321028262749,0.3394193416613,0.0247506431493,-0.0452015221355,0.0531172379765,0.3710094407490,0.4729495918329,0.4214751656563,0.4183180150506,0.3608847720542,0.3036781026660,0.5308001816099,0.0348714402525,0.2374423156748,0.4383485451325,0.3693290116555,0.5266939865783,0.2309330483054,-0.0230443019531,-0.1685612963886,0.5250361836578,0.4048118354847,0.3598550159812,0.4051680083077,0.7006121556473,0.2193757664750,0.1376039572585,0.0220831840382,0.2759372306365,0.3331664312919,0.2863660897201,0.1015472474643,-0.1243509168004,0.4089895204492,0.3708009462184,0.5194124636120,0.2184199278534,0.1361618863601,-0.0305262362924,0.2071638053435,0.0086431255271,0.1355270637782,0.0752090195923,0.0243396209921,0.1332995767905,-0.0222177594133,0.2983153796444,0.5520223137305,0.3012530394782,-0.2173876844970,-0.2937985077914,0.1956894868631,-0.1271576069206,-0.3355195712219,0.2366238792186,-0.0614459279599,0.0784041363435,-0.3560986827630,-0.0313020067014,-0.3584736543608,-0.2208989268085,0.4273073018651,0.1930924881240,-0.0607043347739,0.0225339455294,0.1792695375148,0.1364159518995,-0.1776735434175,-0.3597057163540,-0.2090594349597,0.2863034829140,0.2935947020965,-0.2657149873659,0.1891842065724,0.3925428902964
0.3193600389542,0.0589317977454,0.3235822224568,0.5387796657659,0.4588011243592,0.5409041165754,0.5932661514927,0.4344927763907,0.5783962119326,0.5525883931983,1.0000000000000,0.7406520741667,0.6184948493830,0.5219185713024,0.6192118181381,0.5418546247688,0.6369160806048,0.7465998213610,0.1548240907369,0.2812839163452,0.5367184427300,0.4287912355116,0.7796524598994,0.7304501269481,0.2217188604415,0.5195258692254,0.5729444961500,0.1364549792163,0.1211114730066,-0.0861560918115,0.4607448905306,0.4815285593820,0.4080678220229,0.4432164934785,0.4300398872947,0.2230207902122,0.6233886137681,-0.0647388343043,0.3435322844013,0.4925301661558,0.4097754982010,0.3707812574674,0.3869747528613,-0.0324425087017,-0.0932609614114,0.5225820638427,0.2811576315198,0.4213813336800,0.3318418093569,0.5291306121566,0.2777713520903,-0.0024677258093,0.1789303639148,0.3178004691545,0.3665478194977,0.1519430909163,0.1407837146537,-0.1520408439601,0.5771520720740,0.3730909596523,0.1459331009245,0.5255049300809,0.2278539288775,0.1904569224829,0.1418211380386,0.0085062589439,0.1871095996612,0.3119507209323,-0.1133409360762,0.2402841151097,0.0362112314193,0.3203360358309,0.6612935037276,0.4019768247170,-0.1845587114960,-0.2498963423999,0.3448210612371,-0.0633672140932,-0.2337289783973,0.3446231209505,-0.1552932248246,0.0544066557364,-0.5225869439653,0.0042047187659,-0.3973999643995,-0.3178323367843,0.5439307989871,0.2125921217282,-0.0485575269585,-0.1052485688654,0.1964809883855,0.1706436398736,-0.3287607358166,-0.2730619451934,-0.4104587454204,0.3570880486729,0.2091648477942,-0.3544770972707,-0.0479365433633,0.1945725542742
0.4739500768387,0.3110872680718,0.2741675519191,0.4976034932561,0.4021882260383,0.4624704639082,0.5425060440412,0.3434225591015,0.4128673754638,0.7047857661001,0.7406520741667,1.0000000000000,0.7624851418206,0.6542435212244,0.6715799634205,0.3183469248712,0.7336447421954,0.5123541596465,0.1117802703337,0.0655183329675,0.6474122641615,0.5538535541337,0.7925375177441,0.6389781268576,0.0867807459962,0.6370989581168,0.4649057372819,0.1358679421934,0.1164964514386,0.0842004875584,0.2930265945375,0.5903126982777,0.4694383572606,0.5530915011194,0.3171803948277,0.1730960540838,0.4654428975190,-0.1652060606544,0.1110328277718,0.5107626490549,0.4987182785346,0.4931174303528,0.1546439511174,-0.0364619385914,-0.1514924558719,0.6000823287190,0.5507954908886,0.2806207364335,0.3770874229368,0.6248236550981,0.2543249462306,0.1769343813419,0.0447565644485,0.2909558747935,0.3196456123573,0.2244721515916,0.1461500579671,-0.2087244462912,0.4326696355330,0.2224462558171,0.2034447528167,0.3649171072873,0.3403247611417,0.2052839172160,0.2502839629053,-0.0878828175838,-0.0242376976976,0.1626120347139,-0.1170343993514,-0.0238450498837,0.0229506605569,0.4200562786846,0.5511870380287,0.2406341025414,-0.3062766067169,-0.2727523358627,0.1613251156336,-0.0729694026370,-0.2208341620453,0.1289393285287,-0.1624713684093,0.2110632252827,-0.5441752993889,-0.2529481716819,-0.3608345852069,-0.1686586412117,0.3253085289989,0.0510552612587,-0.2159260204349,-0.1560979253158,0.0375145040736,0.1307170435358,-0.3385573546842,-0.3930209882001,-0.1958459621085,0.1707345257373,0.3054466752672,-0.3865223566235,-0.0505897986491,0.1497441143621
0.2325730133706,0.1741177410064,0.1368910525469,0.4048376059365,0.1936261982739,0.2706429344589,0.3834096415964,0.4028549585086,0.3566077121996,0.4419064331941,0.6184948493830,0.7624851418206,1.0000000000000,0.3696108426810,0.4401119144799,0.2732689965544,0.7299327466457,0.4105601017511,0.0918813152986,0.1586522246218,0.5269854511859,0.3483427004894,0.5953536584740,0.5116904957876,0.1388179823160,0.5089731003824,0.4579167778181,0.0675002632832,-0.0450414779863,-0.1006996262270,0.2659129428685,0.4794126071607,0.4167550453889,0.4273025387527,0.2175750889871,0.1335140154432,0.3454006486311,-0.0093855404151,0.1228918228210,0.3805208915270,0.3335452760303,0.3187919576431,0.1867813484073,0.0722571736117,-0.0338254095237,0.4109510285511,0.4304770807599,0.1829880831147,0.2795102789403,0.4062871680084,0.0850723394612,0.0473830714044,0.1189650011956,0.1821859337539,0.2774818760779,0.2364318819172,0.3664385819280,-0.0285395011442,0.3643538246491,0.2192228754263,0.1792686395170,0.4463641380183,0.4180293373608,0.6112236275821,0.0128944023519,-0.0053456846196,0.0426015401499,0.3150885747271,-0.0868112433196,0.1003602567396,0.0694134622666,0.2869617380316,0.4779540573429,0.2921664995176,-0.2141558080218,-0.2290288320281,0.2143259881661,-0.0733896394350,-0.3276642361625,0.1681291583010,-0.0818010003336,0.3054196343619,-0.4877568140848,-0.1028472063488,-0.1363515103050,0.0251083067144,0.2611385451087,0.0497106427413,-0.1519322519436,-0.0488847288201,0.0674428815140,0.1732924753998,-0.2636854973453,-0.2731998037228,-0.0191188471486,0.1347032029916,0.1257680915116,-0.2468308230137,-0.0852357511969,0.0134218019723
0.7198611134782,0.5496580526164,0.4988753544471,0.6150461073757,0.6602803301341,0.5942178005662,0.6637644955626,0.2090337729011,0.2734124430790,0.5900713639122,0.5219185713024,0.6542435212244,0.3696108426810,1.0000000000000,0.7862949872911,0.4730001352366,0.5108706993636,0.4144486409484,0.2324271520100,0.1007392519709,0.5860585922909,0.4711717196275,0.5819356951210,0.4819107151962,-0.0011973867643,0.4862869245490,0.1595444239712,0.1602986240350,0.2187162810481,0.4077546970209,0.3912821172875,0.4940977857731,0.3575153160458,0.3245966419288,0.5050573636440,0.4408094220127,0.3451958055062,-0.1919358912250,0.0723811631043,0.2640823515244,0.4368945346809,0.4736948697537,0.0998181241569,-0.1938156629200,-0.1961239461021,0.4014367442411,0.3833654471662,0.3101026002995,0.6126085626602,0.6114548587056,0.5385262633347,0.3842610020530,0.1332464856095,0.4271140436140,0.3778080207653,0.2570356684054,-0.1426610730001,-0.3443420209849,0.2250408401418,0.0292336103726,-0.0676980083170,-0.0022587108454,-0.0649909027383,-0.1844338495587,0.4863306286370,-0.2220464971554,0.2007442570181,-0.1448803619399,0.0425571162251,-0.0569835680559,-0.1692760663825,0.1115906009846,0.4272670041563,0.1010499101646,-0.2449023370725,-0.3348919764882,-0.0678448457820,-0.0017021973593,-0.1058767578171,0.1780406981781,-0.2340376348019,-0.0610095139784,-0.4086602090013,-0.2591288885774,-0.4456268050567,-0.4156219635853,0.2573100186718,0.2116907506329,-0.2334396026828,-0.2120021869813,-0.0120222820315,-0.1969408159012,-0.4209644565663,-0.4202367239023,-0.4180032205653,0.1999352645959,0.5595981661243,-0.5545644209562,-0.1047003516894,0.0888225245250
0.5015825002489,0.5141728285838,0.4618750501791,0.7531576031510,0.5581433988842,0.6276964165378,0.7540303253279,0.3165308338344,0.3637963176472,0.6741158164892,0.6192118181381,0.6715799634205,0.4401119144799,0.7862949872911,1.0000000000000,0.5300772872269,0.6169828299997,0.5714204167293,0.2154710672034,0.2020118770362,0.6241486035403,0.5014986018838,0.5693716979386,0.5916310556731,0.1440462650247,0.4973332986998,0.3468408134423,0.2231617178821,0.2048780491960,0.2312526632923,0.5181034521302,0.5677652938822,0.5280141350867,0.4322824718347,0.4662569479190,0.3674100961367,0.5189267996252,0.0102742353581,0.3606586527011,0.4048013582107,0.5407016949540,0.4963098711554,0.3390714933620,0.0222225579138,-0.0303722090441,0.4685822853971,0.4697506541789,0.3858090757103,0.5391613111085,0.7815729190563,0.3050827508431,0.2984666546019,0.2512384299184,0.3957713129482,0.4569808670946,0.3566851549713,-0.0447170273732,-0.2406466558225,0.3254821994485,0.1757405453679,-0.0224521015452,0.0803482675635,-0.1759863720400,-0.1789800596264,0.2247531271404,0.0125466578698,0.1464560204110,-0.0569741742359,-0.0336223376886,0.0892184498336,-0.2318913019644,0.0429640699975,0.5166763135316,0.2022097348111,-0.3506717203865,-0.4013712849456,0.1228483080863,0.0650650519295,-0.1840037429625,0.1947775642088,-0.2950533038098,-0.0256325712297,-0.4944136835075,-0.1423685803340,-0.3671060788655,-0.4232011786966,0.3412030163761,0.2164427605695,-0.1604837670521,-0.0498924750029,0.2829081766239,-0.0732975000027,-0.2443065592710,-0.3946584607823,-0.3897922758240,0.2896065170795,0.3946441383657,-0.5688262786815,-0.1066204618506,0.1486300122020
0.1990458296272,0.1244612850802,0.4477568604669,0.6744755097756,0.3952413274177,0.5165417975697,0.7034428599227,0.4136127056141,0.4436862186564,0.3506005958419,0.5418546247688,0.3183469248712,0.2732689965544,0.4730001352366,0.5300772872269,1.0000000000000,0.3832848219305,0.5265065795689,0.5200991199519,0.4651538655049,0.4153668252682,0.2219742402202,0.4760630189879,0.4975524192824,0.2577567445314,0.3183332096904,0.4139970899095,0.0070704889423,-0.0683180433296,0.0483691445839,0.7676625305831,0.5143294098264,0.4963485274769,0.2563274426317,0.7150676821722,0.6807646073094,0.5258886307985,0.0698443047733,0.3541209341634,0.2197763542081,0.1523708817046,0.3596200162348,0.6355106377249,-0.0593210269021,0.0188396663415,0.3736815940635,0.2408109426202,0.2959237503967,0.2767873310980,0.4723836955904,0.3202708972217,0.1347690689453,0.4311708967386,0.4127778565954,0.3507216813269,0.4249945651739,0.0492072519985,-0.0656207117537,0.3723315491101,0.3064010908744,0.0091770705610,0.2432109006572,-0.1461205488179,-0.0687330975121,0.0383986539375,0.0580605908682,0.7451406534474,0.0900891643674,0.3103444060801,0.3944463679184,-0.1072808991955,0.0942152144419,0.4381144481138,0.3221246815095,0.0448943413409,-0.3060307886405,0.2369942351554,0.0058734138876,-0.3150698874845,0.5175183388747,-0.0117309696789,-0.0083571136824,-0.4153442235809,0.3545890707396,-0.2170612708768,-0.2885449257345,0.4482992032215,0.5629086008387,0.1565148998702,-0.0619567831575,0.1541305552799,-0.1024474463466,-0.3690752556247,-0.0470498538551,-0.3607603809789,0.2931874168867,0.0783816813251,-0.2809478324334,0.0035004368769,0.1576408294192
0.3213647041184,0.1788562181995,0.1994945231894,0.5674513238150,0.3103919869792,0.3865695495904,0.4744963298626,0.5117020872534,0.4572812050583,0.5855300033118,0.6369160806048,0.7336447421954,0.7299327466457,0.5108706993636,0.6169828299997,0.3832848219305,1.0000000000000,0.6113286351877,0.2220175438713,0.3847028864667,0.8417665765422,0.4598012361804,0.6305838080964,0.6894209886865,0.2614319211576,0.6116356889929,0.6054070456220,-0.0269467796833,-0.0085844793545,-0.0345820749182,0.4745511958122,0.5970048502910,0.5357990911705,0.3013343239051,0.3679964806840,0.2652042755111,0.5415680431983,0.0600406167233,0.1944367134879,0.3127384602837,0.3230571900525,0.3908697505810,0.1903557585564,0.0090475908522,0.0422051672122,0.4319680103608,0.4303750200503,0.2067897604103,0.4217831114770,0.6225178236507,0.1828828388312,0.0636729396891,0.2673534435775,0.2593528560640,0.4603335838670,0.3300305028058,0.3018904698230,-0.0213460035114,0.4807526066591,0.3694694646724,0.2455503901477,0.4707073747891,0.2676818550740,0.2230282638777,0.0292839603851,0.0891794721969,0.1668686170740,0.3947357428794,0.1045918316218,0.2918647461138,0.2108225559501,0.3849717518404,0.6230955651884,0.4306505980630,-0.0814393596544,-0.2538022732559,0.3056685996206,-0.0987467086014,-0.3139110280806,0.3732046954233,-0.0601215850859,0.4206550424720,-0.4746432156542,-0.1513344535400,-0.0851471611991,-0.1110850657783,0.3872717670370,0.2006022560250,-0.0051817345423,0.0822860133691,0.1104809250027,0.0577154952405,-0.2883315376532,-0.2430164412311,-0.0004260775856,0.1845084295736,0.1680142800069,-0.2072101172543,0.0008120408900,0.2087594982807
0.2392340680763,0.0296848665158,0.3114953669130,0.4963406266381,0.4332842348373,0.5592580449316,0.5024702079257,0.5168218751468,0.6045499236201,0.5462686096359,0.7465998213610,0.5123541596465,0.4105601017511,0.4144486409484,0.5714204167293,0.5265065795689,0.6113286351877,1.0000000000000,0.1181268826860,0.4400767866862,0.4942122389944,0.4721502620672,0.5995786951266,0.7042621557529,0.3481076981026,0.3553987027789,0.5382059492287,0.0777606858151,0.0180694625474,-0.0767055322418,0.6010058154996,0.4875046926270,0.4377309068381,0.3853649137065,0.3850826824867,0.2111615576733,0.6884474883761,0.0369522706035,0.4441651182743,0.4208727323388,0.3581361644901,0.4424414457109,0.4541826809495,-0.0900994592910,-0.0989732194365,0.4803437677625,0.3126124748505,0.4105813255504,0.3466207280744,0.5332460579879,0.2500131670420,-0.0026029101228,0.2085597555825,0.3264327145623,0.4108113326738,0.2033240000532,0.1812905116904,-0.0113051680475,0.6593965072458,0.4889092102484,0.2234719676228,0.4833229682873,0.0671491687161,0.0683862245152,0.0735054660090,0.1054359287158,0.2441590941259,0.3968627644292,-0.0324059321928,0.3951979179633,0.0314691168671,0.2094887275834,0.6751902208632,0.4742189720366,-0.0998018510497,-0.2919988585447,0.3617945707103,-0.0206003229880,-0.3228460927010,0.4676609751713,-0.0750314589717,0.0697402424818,-0.4136177267849,0.1416783340662,-0.2839909317493,-0.2326862354881,0.5849229839210,0.3470326960477,0.0419844377617,0.0130521153499,0.3154104691782,0.1529031512474,-0.2709589841276,-0.1328067507172,-0.2935350393183,0.3843244486112,0.0699582586544,-0.2612796378977,0.1324617021099,0.2525818410665
-0.0162900810578,-0.0785196958283,0.1589909903592,0.3305956978111,0.1084818113420,0.2112521876128,0.2617583512569,0.3604973022334,0.5294615611497,0.1751646857836,0.1548240907369,0.1117802703337,0.0918813152986,0.2324271520100,0.2154710672034,0.5200991199519,0.2220175438713,0.1181268826860,1.0000000000000,0.5531813854319,0.3574475374608,0.1325603787910,0.2272031801925,0.3607070707322,0.5187556157872,0.2964841298794,0.3110001176412,0.0574707752865,-0.1379036971698,-0.0231754828529,0.3894127025366,0.1561032124515,0.2334452351901,0.0054409527180,0.3610404502006,0.5748039896241,0.0610473515803,0.1392307124849,-0.0990216489014,-0.0542816445130,-0.0383122494284,0.0616894726778,0.1540001452693,0.1193198794097,0.0371758341540,0.1797365931091,-0.0319444389268,-0.0602649619025,0.0170953537623,0.1491641948130,0.0884714699699,-0.0044344518733,0.3129185392145,0.1700883403738,0.0489093556525,0.2661762560297,0.0031041119223,0.0983976502337,0.0721009161387,0.4701520066024,0.0646404679829,0.0731991285196,-0.0133013372415,-0.0535345732489,0.0023610340843,-0.0570184567370,0.5884053000990,0.0762774834478,0.7438853897623,0.3746830931949,0.1555540341102,0.1229630434107,0.2616421295307,0.5122407941668,0.2303982909650,-0.0030858911277,0.1461551048708,0.0108929833442,-0.1671193402490,0.3043569376961,-0.0089478397227,0.1153029254602,-0.1843091008371,0.0911678296948,-0.0475707190700,-0.2068619238652,0.0444318862583,0.1122854515440,0.1037174071272,0.0938190475767,-0.1864545771443,-0.1966109173214,-0.1032572824127,-0.0116804723358,-0.1510148514299,-0.0757255412158,-0.0657935112228,-0.0194887523702,-0.1121448149674,0.1668930030690
-0.0359835370201,-0.2011177303041,0.1820993377216,0.3225660381954,0.0853957115217,0.2904076408415,0.2369436783743,0.5400114891481,0.6901542770038,0.2250027856046,0.2812839163452,0.0655183329675,0.1586522246218,0.1007392519709,0.2020118770362,0.4651538655049,0.3847028864667,0.4400767866862,0.5531813854319,1.0000000000000,0.3644244569532,0.2651967674571,0.2478395442640,0.5016312274565,0.7769755717510,0.3103134959810,0.5954026186030,-0.0913446948479,-0.2089374346500,-0.2098818709436,0.5360005323263,0.2984335761953,0.3833367818195,-0.0318902232825,0.3132125541006,0.4513052382496,0.3216217908788,0.4582405164697,0.1458158450244,0.0067876279430,0.0003024572717,0.1095427478924,0.2585825906532,0.1863430144023,0.1838085006260,0.1326051671781,-0.0592289843704,0.1518870997193,0.0375200213159,0.1490923724427,0.0227126414193,-0.1055408324041,0.3495734937261,0.2220951471364,0.1788643382755,0.1962849207151,0.2923400127885,0.2303664949481,0.3655397867021,0.6078939429633,0.2026399347861,0.2406130136326,-0.0301020608397,-0.0141238174522,-0.1255111126907,0.1914950262734,0.4978030895494,0.4266103619106,0.4058026737451,0.8374082673628,0.1829391856870,0.1431890345650,0.4865625265319,0.8039306370095,0.2561993491842,-0.0480617661252,0.4777994791775,0.0077451441480,-0.2616599818839,0.5285848007784,0.0594360364071,0.3013409844877,-0.1733397364193,0.2994575615281,0.2317544238197,-0.1209169313095,0.3222647799350,0.1905473284832,0.2498910661197,0.4153732230281,0.0780200503017,-0.0634710271393,0.0140779827262,0.0244908410376,-0.0468758030654,0.1754727766481,-0.1570540010220,0.0675213083724,0.0959386147127,0.2480940141818
0.3222151836177,0.1761263880321,0.1066184930104,0.5478312436963,0.2721830844621,0.2859398077126,0.3958928289191,0.4436435714283,0.4536101653043,0.5416720257667,0.5367184427300,0.6474122641615,0.5269854511859,0.5860585922909,0.6241486035403,0.4153668252682,0.8417665765422,0.4942122389944,0.3574475374608,0.3644244569532,1.0000000000000,0.4866899690191,0.6210176663055,0.7477643782794,0.2303933334077,0.6833431064864,0.5182049858324,0.0298966559674,0.1504432783325,0.1658639019838,0.4968074509411,0.5237358592019,0.4726640242908,0.1625479240796,0.4883224676480,0.3798624726321,0.4578817599066,-0.0572838073412,-0.0002058600218,0.1290094252363,0.3258144509747,0.3708537278767,0.0806197113350,-0.0469446945785,0.0350089223957,0.4234877321776,0.3510592060039,0.0182439231181,0.4661721562495,0.6871738188788,0.1657647151562,0.0313243820251,0.2608272111019,0.1163818270617,0.3398210317881,0.1935746224452,0.2109777257006,-0.0491676414013,0.4764899483401,0.3640794106787,0.1700998269563,0.3859255282366,0.1740327955756,0.0113336968610,0.0226120165275,-0.0113211214467,0.1871120606612,0.2581765143515,0.2466507091142,0.2617674580568,0.2686243852485,0.3832174523228,0.6723754645077,0.4280590826854,0.0648976172976,-0.1042215582986,0.2117754901671,-0.1656740137904,-0.1665930123770,0.4164899158219,-0.0698603384948,0.3868245748330,-0.4770555854166,-0.2985612296192,-0.1252482179313,-0.2815596214123,0.3596533062656,0.2382389389327,0.1052327345389,-0.0001644889476,-0.0928075952221,-0.1519069731690,-0.2937749242688,-0.3119654072142,-0.0397796081068,0.0215948366779,0.2286801743147,-0.2371565160648,-0.0715538069608,0.3095689152836
0.3585647459594,0.2312720950642,0.1521566280821,0.2969805876424,0.3098963348294,0.4024781285349,0.3265996965134,0.4077638758817,0.5149128064564,0.6958454999832,0.4287912355116,0.5538535541337,0.3483427004894,0.4711717196275,0.5014986018838,0.2219742402202,0.4598012361804,0.4721502620672,0.1325603787910,0.2651967674571,0.4866899690191,1.0000000000000,0.5737839748017,0.5197623669894,0.2974422819551,0.3708743990649,0.3368058299781,0.1567144331589,0.1692915724387,0.2472358268241,0.3062311518845,0.4566700397985,0.4278115294913,0.2713262566786,0.2752293585917,0.1335582885052,0.3788042314254,-0.0238760743352,0.0603214975536,0.3016531592638,0.5069073471483,0.5231444537292,0.1272832597041,0.0613643956687,0.0222131381131,0.5956009000953,0.4289548545198,0.0995811000004,0.4487297822752,0.5180655135741,0.0300251346015,-0.0005783761333,-0.0843287410683,0.0938873565394,0.1782522875357,-0.0857361751199,0.2384986277972,0.0404217111077,0.4280503711068,0.3941905199357,0.3660481517056,0.0617482736626,0.0278103749373,-0.1701787053748,-0.0320153656578,-0.1254408491303,-0.0437564471739,0.1622001493325,0.0043832963198,0.1757740620776,-0.0538458093986,0.3751485800907,0.5511330705645,0.3861261285720,-0.1091814548089,-0.2409622548513,0.1776672741657,0.0036780847855,-0.0759160567659,0.1795392475831,-0.0457963766078,0.1793088609542,-0.3132139465062,-0.1693849992432,-0.1345106866049,-0.2130387705430,0.3810261182005,0.0187965761760,-0.0999157227986,-0.0750940145080,0.0163303875384,0.0205221855974,-0.0837452250126,-0.2384290793475,0.0007280474861,0.0337423799688,0.3291530376122,-0.2309202351445,0.1199407781794,0.2374356856379
0.3666151285611,0.0580430303225,0.1759962948938,0.4957613169415,0.3836532290568,0.4072926502959,0.5067555340749,0.2852614058187,0.5083441473268,0.5654696348512,0.7796524598994,0.7925375177441,0.5953536584740,0.5819356951210,0.5693716979386,0.4760630189879,0.6305838080964,0.5995786951266,0.2272031801925,0.2478395442640,0.6210176663055,0.5737839748017,1.0000000000000,0.7274531289750,0.1729671320764,0.6736315316326,0.5696465641344,0.0415607705861,0.0737974958015,-0.0406567899993,0.4102406552120,0.6066103134356,0.4864690957280,0.4992213697154,0.4424513080427,0.2617502562277,0.5310496094538,-0.2151394906765,0.0749381731844,0.4309745908679,0.3884490513602,0.4565960087478,0.2128362317335,-0.0884842517581,-0.1946635455946,0.7001303763673,0.3893782043189,0.1907874474849,0.2976386599161,0.5859586447467,0.2129528195743,-0.0541889652360,0.1026302484515,0.2067799910729,0.2253260201566,0.1627215178537,0.1331950582093,-0.2037408692413,0.5191344105111,0.2886515224110,0.1491959971060,0.4044289208667,0.3057836485720,0.1071757493009,0.0537600346607,-0.1297016342509,0.1479512490240,0.2332928592583,0.0324118520958,0.1808641139521,0.0944153538442,0.5804976909568,0.6788838196695,0.4071710577647,-0.1027485729740,-0.1440230008731,0.3360647362860,-0.1963377418233,-0.2458079769015,0.2881233362778,-0.0015712402701,0.2747529365752,-0.6163375052831,-0.1389809442146,-0.3263018587453,-0.1545105561827,0.5055373072326,0.1683032639993,-0.0091838916038,-0.1947222535480,-0.0651886149943,0.1249632208412,-0.4499288694774,-0.2598303212357,-0.2107646563558,0.0967549729384,0.2037988823614,-0.3255255565688,0.0049399814912,0.2959811107939
0.2379982019072,-0.0090702531815,0.1715773930782,0.5074117702109,0.2937406708481,0.3923839328331,0.4725763483444,0.4771400860269,0.7056345941132,0.5934674482898,0.7304501269481,0.6389781268576,0.5116904957876,0.4819107151962,0.5916310556731,0.4975524192824,0.6894209886865,0.7042621557529,0.3607070707322,0.5016312274565,0.7477643782794,0.5197623669894,0.7274531289750,1.0000000000000,0.4150301510695,0.6776370459673,0.6799776019884,-0.0207803227525,0.0522893997282,-0.1061142492765,0.5333433101314,0.4925451803004,0.4330335787026,0.2838863200362,0.5218758186797,0.3975002781844,0.6586051153807,-0.0094844010062,0.1741777966280,0.2697755412514,0.2593512946478,0.3462788161784,0.2128793057856,-0.0627621829395,-0.1540257760719,0.4970360680324,0.2012021035952,0.2345066780971,0.3035196667733,0.6013771613036,0.1345395303426,-0.0504901678319,0.2453506500818,0.2076819088276,0.2864884381489,0.1859444380388,0.2286828081916,-0.0351934288632,0.6809589217471,0.5636258294909,0.2851733882112,0.5145329427352,0.2238311561072,0.1026869026241,0.0270527956203,0.0991063504802,0.2702422327453,0.4008171750327,0.2143890001199,0.4581501678218,0.2357468211618,0.4367296616452,0.8935308861407,0.6303432293141,0.0382126002755,-0.0947207612275,0.4334544917285,-0.1685870259714,-0.2474398808219,0.5423503844160,-0.0427332382790,0.3041168880373,-0.5149014018727,-0.0448323827318,-0.2237377600271,-0.2534873021392,0.6204987089819,0.3234056616121,0.1726547988780,0.1067816485128,0.0611868549069,0.0112337957920,-0.2875350482557,-0.2528693363134,-0.2047584577242,0.2384348909010,0.0961334895317,-0.2508183234059,0.0235202952436,0.4082760672636
