1.0000000000000,0.2802089652749,0.7191852618001,0.1461734443780,0.6830559151062,0.2402209036551,0.0971816753872,0.2089258151557,0.1629455976522,0.2861760451994,0.2433325822946,0.1860986395230,0.1324941171541,0.4922050153904,0.2085661154897,-0.0486597435959,0.2388875572342,0.2795962340354,-0.0479302772643,0.1258103648871,0.3456867304143,0.2554654795102,0.1903974217833,0.2865374265002,0.1323113184098,-0.0919070168284,-0.0014935551202,0.0859129670195,0.0337579615919,-0.1489345357533,0.1304742233023,-0.0042938603382,-0.0547857696810,-0.1917412576620,0.0286845901227,-0.0043412336570,0.2219674401443,-0.0847069967978,-0.0908764527704,-0.1745799369660,-0.0185698797602,0.0327040241514,-0.1790391473216,-0.2208907808069,-0.0795590969548,0.1583943221303,0.1843770015843,0.0439250525602,0.1084918180929,0.1806223036661,0.7364643823376,0.4776051993615,0.1437888222803,0.4653488138818,0.2829547789475,-0.1416003970761,0.1034703326959,0.1326391362615,0.2809706283379,0.1786594067837,0.1481372516356,0.1989776276148,0.1678008651410,0.0181392506327,0.5285484427620,-0.3245477572061,-0.0677319181817,0.1932131788708,0.1591941811069,0.1512299140112,0.0516313177542,0.2717521105650,0.2703750938773,0.1092960736571,0.1424068568532,-0.1478617843459,-0.0717694335855,-0.0327512496386,-0.1275142668116,0.2512042913415,0.0571261020893,0.2218717376952,-0.1719972451844,-0.2788341004519,-0.1262521022169,0.0068421092446,0.1299079600210,-0.0185004353703,-0.3441667970894,-0.1220216015374,-0.1004960352243,-0.2604530612617,-0.2413025183449,0.0649627599121,0.1197272647558,0.0272544813198,-0.1079405804988,0.2237466735185,0.1119413056197,0.0649652414284
0.2802089652749,1.0000000000000,0.5536615916660,0.4066828947518,0.4095387530699,0.5079404277724,0.4225646241571,0.0040381939557,0.0318310369322,0.2492243995677,-0.0388202294227,0.0833695138808,-0.0582080214174,0.4413653614681,0.3896779044720,0.0710605100094,-0.0443664590963,0.0583689963725,-0.0339642605566,-0.1439432417455,0.1113754636846,0.2110541647739,0.0684716090304,0.0264231264279,-0.0863093247428,-0.0196130067188,-0.1075485199447,-0.0611334838708,0.0028185381168,0.2592031804198,0.0115568545479,0.0278628147051,-0.1302819681286,-0.0701534291270,0.0700637230323,0.0210257271966,0.1162733008471,-0.1756271781655,-0.0354965707886,-0.0814669768445,0.2091238062110,0.2416013606665,-0.0568973763857,-0.0913037992875,-0.1658458078418,0.0713856719409,0.1580818630678,0.1090234762020,0.2020633682909,0.2259033897012,0.3905688196070,0.7208076018378,0.2806143165763,0.4792803983312,0.3429469900879,0.1986508344489,-0.0240563228762,-0.0322479830514,0.1514352800435,-0.0095619176649,0.0963482422590,-0.0706527427402,0.0017093361031,-0.0620313144004,0.4050284247648,-0.0464708545581,-0.0534538157301,-0.0998321255892,-0.0734995632209,-0.1231966661344,-0.0783926364370,0.0199524199884,0.0224234778160,-0.1532727829248,-0.2141127706402,-0.2160101563374,-0.2958444392550,-0.1356428096607,0.0519700811493,0.0834802054827,-0.1519108860245,-0.0161941119237,0.0844938508028,-0.2602968476618,-0.2948251885834,-0.1947924373553,0.0363474794614,0.0515330012747,-0.0742467641317,-0.2887383488920,-0.0667322623116,-0.2776495187338,-0.2333769932666,-0.0959460254459,-0.1700284629658,0.0433139520817,0.1889180551708,-0.0659472294702,0.1266735920455,0.1139701381229
0.7191852618001,0.5536615916660,1.0000000000000,0.4969092497998,0.6387456575176,0.6187227784365,0.3990199935107,0.1994232899290,0.2063791005078,0.2345924861191,0.2280212265918,0.1508662681178,0.0585367587700,0.5083299999943,0.4342094434782,0.0876010884333,0.1724756360130,0.3408889576674,0.0062333420931,0.1501101103963,0.3115777153733,0.3213163205993,0.2003585053123,0.3100463079382,0.1915329464111,-0.1147663023321,0.0809353470694,-0.0339613645654,0.0107148827956,-0.0137569644684,0.2252123230181,0.0459678099355,-0.0350104626117,-0.1951440609892,0.0729644686741,0.0316553826625,0.3178386488125,-0.0393675217977,0.0784042925405,-0.1057887313406,0.1197122477215,0.2362128172460,-0.0461263490749,-0.1580051858533,-0.0675842308872,0.1988266414172,0.2289979764607,0.2165284732015,0.2233266916211,0.2515335117822,0.6794307345490,0.7108160522224,0.3974541308457,0.7211163629126,0.5329202165172,-0.0053475264712,0.0952899817476,0.1887123100946,0.3492771002173,0.2127181429937,0.0806812502947,0.1715383963112,0.0880146366134,-0.0521219173032,0.4316586091061,-0.1318858752150,-0.0307687287932,0.1657736982475,0.1616415567278,0.1870596738642,-0.0359751381246,0.2117515191071,0.2435523014169,0.1167129505485,0.0196392618264,-0.3204275392112,-0.0459519658669,-0.1194732319872,-0.1280451520574,0.2854202032980,-0.0603961455183,0.1757027997648,-0.0814363772487,-0.2331479963039,-0.1195637773190,-0.1112777698113,0.2049517328910,0.0973633171901,-0.2489528566271,-0.0619681492891,0.0432457820880,-0.2971079322932,-0.2621265495918,0.0215256859196,-0.0364418952239,0.2137070270208,-0.0303356535771,0.1770608039705,0.2093338082786,0.0566755962980
0.1461734443780,0.4066828947518,0.4969092497998,1.0000000000000,0.4094741388093,0.6589684581628,0.8349116665568,0.2233599858790,0.3652598819257,0.3235796611338,0.3373362808766,0.3266265166919,0.2326684198117,0.3953428563793,0.7928228745382,0.5298530783828,0.3661636669681,0.3702589266376,0.1819984208558,0.1681954234960,0.4696007848582,0.3237102490032,0.3065039304521,0.4961550675480,0.2379028541003,0.1735901229007,0.3784879387712,-0.2126786207419,-0.1400846236540,-0.1664883771091,0.4176833124549,0.2924911265522,0.2769597375519,0.0471772565705,0.3231557863502,0.1822122979148,0.4338224311261,-0.0239732488622,0.1509104079729,0.1405067659165,0.0648642678345,0.3604669106132,0.1924935313782,-0.0446853214264,-0.0943534201860,0.3038260051013,0.3124600633105,0.1467574660313,0.2403146068609,0.5568033729938,0.3182044802269,0.4198072227286,0.7636643927951,0.4879393274574,0.5915340276552,0.4686420547490,0.2365258554338,0.1374680210626,0.4712176408400,0.2700091770261,0.1074855639791,0.2485582637858,0.0153637128975,0.0805190690207,0.1343176029584,0.2476321510593,0.2809182894236,0.2371052199500,0.1603159270298,0.1287545341142,0.0339469539746,0.2116591688411,0.3815268692336,0.1627750719173,0.0011180458042,-0.3388972693686,0.1384037348404,-0.1557746055467,-0.3297411759239,0.4035260503308,-0.1280590433903,0.2502804637776,-0.2765723459377,-0.0814466763836,-0.1509020059184,-0.1094750085996,0.2639165319423,0.2748043925294,0.1448050252987,-0.0918143688668,0.0513620275910,-0.0929304587228,-0.3182632778416,-0.0952967552309,-0.1424630618002,0.2179609249424,-0.1040912693711,0.0511669493046,0.2102767874389,0.2686358490864
0.6830559151062,0.4095387530699,0.6387456575176,0.4094741388093,1.0000000000000,0.5839085067032,0.3526516899900,0.0493610005357,0.0846543822355,0.3256524451482,0.2740560122526,0.2063556848892,0.1042088846647,0.5712953880044,0.4070351571261,0.0896272072001,0.2582145967609,0.3316687329195,-0.0763364209842,-0.0032240404503,0.3981592237525,0.3578469233530,0.1697628910832,0.2790237661788,0.0111186351171,-0.1462962557458,-0.0497659062529,0.0797965949631,-0.0102560839596,-0.1595711657574,0.2423489707291,-0.1151767979161,-0.1738031097533,-0.1078861036748,0.0676777338083,0.0090004252592,0.2449465947442,-0.2560664775590,-0.0610135815438,-0.1249977671033,0.0746320046139,0.1298984862193,-0.2138466366374,-0.3225392398097,-0.1875514423820,0.2687365857505,0.1508965747978,0.1952985549249,0.3885078421078,0.2686427319656,0.7828477055974,0.4545503637920,0.3720481154669,0.6176052248178,0.5359248418012,0.1179626058270,0.1078559781753,-0.0225202233111,0.1950194923330,-0.0055083134773,0.2921712882300,0.1487657224316,0.0992624973972,0.0520703192788,0.5157818474449,-0.1157532329556,-0.0198986486826,0.1251384908049,-0.0361283511165,-0.0128409112156,0.1303444120334,0.2284229971296,0.2534457967675,-0.0349181216855,-0.0893731264380,-0.3802650274481,-0.2051475586976,-0.0181460551292,-0.1765802071578,0.3259790920427,-0.1448405873896,0.0838144853328,-0.1079808969649,-0.2869313989773,-0.3284426214859,-0.0939769675836,0.1154524633039,-0.0174332163896,-0.1576471415777,-0.2970368208219,-0.0825965616220,-0.2406499645026,-0.4448000619151,0.0503577890579,-0.0848060739946,0.1049316760341,0.1173941898993,0.2652027267984,0.1401481651758,0.2404900670712
0.2402209036551,0.5079404277724,0.6187227784365,0.6589684581628,0.5839085067032,1.0000000000000,0.6441740467666,0.0866414831180,0.1850505595756,0.3583672672743,0.2468451127812,0.2438793608538,0.0897110954119,0.4644674248208,0.6412177642997,0.2014484611311,0.2366047179260,0.2739040886262,0.0238257318354,0.1253498050663,0.2913057002530,0.4446672377880,0.2555420429311,0.3125202838791,0.1641163456312,-0.0024990158597,0.1904708337189,-0.1254740864317,-0.0578954930352,-0.0024360177947,0.3809470766653,0.1038420609660,0.0999942592878,0.0321571841291,0.1349132109975,0.0911848132772,0.3994321894158,-0.0258639933619,0.2391091050344,0.1477058318720,0.2758629325145,0.3809713451931,-0.0055453660715,-0.0365592942116,-0.0458825669138,0.3127021797230,0.2701868089679,0.4108937355749,0.3817882311891,0.3525630782467,0.4475135378080,0.4656575152876,0.5065711517942,0.7234389643366,0.7161578852293,0.2106400151730,0.1045903746630,-0.0590741050071,0.2001293490062,0.0421841190709,0.1882490839221,0.1072959807253,0.0099852738655,-0.0123107538309,0.2568176197980,0.1413728152873,0.0378434174251,0.0627839123125,-0.0369403289549,-0.0037115989428,-0.0221336621377,0.1215215720365,0.2447934383735,0.0390121852595,-0.2871589919739,-0.4427305887563,-0.0576110047820,-0.0660362653070,-0.1390617845974,0.2835453733008,-0.2526586363465,0.0423126931665,-0.0824637533581,-0.1388462980290,-0.2117113940060,-0.1463816194831,0.2791475231725,0.0933990702817,0.0053828788591,-0.0786046646740,0.1543896949839,-0.1367407053140,-0.2971654353203,-0.0713811727217,-0.3251453267460,0.3196482670803,0.1734638608804,0.0347258184157,0.1952255491125,0.1721055118042
0.0971816753872,0.4225646241571,0.3990199935107,0.8349116665568,0.3526516899900,0.6441740467666,1.0000000000000,0.2500434547809,0.4201488382043,0.4090415491879,0.2259083588141,0.3205260007861,0.2737552924363,0.2868619839576,0.7415093598112,0.4529795376488,0.3346555067647,0.2028039349448,0.2151011051022,0.2478580441457,0.3965345222359,0.3375763231257,0.2320516845351,0.4073808074744,0.3122926487662,0.2610963633942,0.4440253951651,-0.2298031857408,-0.1764989523706,-0.1163667530585,0.3716426894672,0.3158506186892,0.3341338684853,0.1928264461549,0.3340943643659,0.2820284156106,0.3997234992218,0.1049097325486,0.2282816851874,0.2621667008132,0.0869990252025,0.4124743896565,0.2042157876653,0.1527881532514,0.0911655254470,0.3170180584956,0.3539867797159,0.1642271984466,0.1293614346329,0.6077299082769,0.2676699953428,0.4064942412309,0.6603459480157,0.4300914610312,0.5427872032148,0.5099565540226,0.2526706503029,0.1895274997563,0.4051268958696,0.2999500406743,0.0974506340227,0.1177549540594,-0.0801491065793,0.0534048367038,0.1369649930214,0.2082927104483,0.2290238470274,0.1681294684241,0.1278834919940,0.1392721731206,-0.0953826445608,0.1368518394801,0.3265392389631,0.2092045029038,-0.0817273075364,-0.3434935872001,0.0933299267753,-0.0113596687699,-0.2925364821278,0.2903804403872,-0.2510837191047,0.1364159211895,-0.2670333458867,-0.0998263148601,-0.1195780628594,-0.1719315255434,0.2476489662878,0.1708296930350,0.1767215198722,-0.0362792974143,0.0861332632238,-0.0797269842570,-0.2065455498914,-0.0510050463598,-0.1732688793266,0.1746487933151,-0.1388930452738,-0.0027579672454,0.1911439260721,0.2166283513907
0.2089258151557,0.0040381939557,0.1994232899290,0.2233599858790,0.0493610005357,0.0866414831180,0.2500434547809,1.0000000000000,0.7168023717675,0.4102595483863,0.3732537382416,0.3717881584728,0.4911646306145,0.1483537532230,0.2077202227531,0.1942750362172,0.5785678667429,0.3718631288424,0.3796196682566,0.6383280844007,0.5412690770180,0.2656814396488,0.3334956176842,0.4319175950609,0.6039745534163,0.1290161442505,0.4805403188476,-0.1617241378530,-0.0932922668628,-0.2414944880228,0.2222569717407,0.2833319191084,0.3153829844400,0.2432698347418,0.1470619658987,0.1380396851526,0.2615355815170,0.2804556308700,0.0059034120292,0.2968094513361,-0.0373545141060,0.2370781477789,0.1572639436956,0.0799926432406,0.3012704620155,0.2795056887823,0.2806115474318,-0.0347021653821,-0.0583068923269,0.3079631456668,0.2019017827440,0.1328612101068,0.0236145311710,0.0592243944433,0.0110479643512,-0.0113728896949,0.4776797288919,0.6358470021298,0.4907490232285,0.6490146374368,-0.0113236663433,0.3390159391674,0.1401637572465,0.1422320017236,-0.0743657683689,-0.1918999927842,0.0979793158178,0.4686771118325,0.3407092185066,0.5788376952149,0.0782315027674,0.2557769694937,0.4256315646210,0.6501120602064,0.2597693141750,-0.1891846155939,0.2531084699730,0.0889935806628,-0.2518135671485,0.2959588538961,-0.1031434363341,0.2450903865311,-0.4204642234317,-0.0918905048912,0.1064853826112,0.0458379048974,0.1811855477204,0.1018324388499,-0.1311206045225,0.2384092657509,-0.0366331627584,0.1153719979842,0.0012421582113,0.0393313514028,0.0635575334980,-0.0040074694893,-0.3929948947337,-0.0051578567652,0.1056048994512,0.0363865091366
0.1629455976522,0.0318310369322,0.2063791005078,0.3652598819257,0.0846543822355,0.1850505595756,0.4201488382043,0.7168023717675,1.0000000000000,0.4695332447534,0.4499713024256,0.3617384757824,0.4524467113998,0.2297192095307,0.3122292885131,0.3300041338852,0.4679531593897,0.3782601653010,0.5113287932325,0.6301618041097,0.5202691906533,0.2961659623141,0.3667971163817,0.6660750299228,0.6983136267448,0.2631965854653,0.5561323305263,-0.1977599096865,-0.1918441682419,-0.2946967861316,0.3417672011497,0.3073926255060,0.3020009113696,0.1760789734495,0.2637051881156,0.2865795387533,0.3807216013724,0.1624909414491,0.0084599022793,0.2377799846986,-0.1105158159356,0.2675090140831,0.1201002994200,0.0350621636726,0.1285963061744,0.2872801659807,0.1932854934452,-0.0368953450493,-0.0765504786276,0.3508047600212,0.2336928629504,0.2073853106897,0.2170841848211,0.2217684260302,0.1096429263390,0.0905181192698,0.4464732583509,0.5161412837582,0.6135619598721,0.8075981383151,0.1183340567780,0.4105112620869,0.1701759558494,0.2223811152231,0.0406093873033,-0.0887402138059,0.2213913251527,0.4284270154076,0.4245560665483,0.6421835916035,0.1498071450389,0.3094610654369,0.6315040186109,0.7872791523706,0.2636946999028,-0.1369955729645,0.4222511393470,0.0277322861055,-0.2306926186316,0.3963272541298,-0.0215064290380,0.2929727505476,-0.3442326465102,-0.1106880967678,0.0224183606692,-0.0478536953134,0.3099465471222,0.1078953252025,-0.0214289369122,0.1573910843161,-0.0789801171765,0.1047735328724,-0.0787832742398,0.0652274131429,-0.0056094964105,0.0193558024329,-0.3590322346391,-0.0067383244914,0.1775874032243,0.2131542520509
0.2861760451994,0.2492243995677,0.2345924861191,0.3235796611338,0.3256524451482,0.3583672672743,0.4090415491879,0.4102595483863,0.4695332447534,1.0000000000000,0.5182226580188,0.6477509251938,0.4776725274092,0.4660755294225,0.3953352107609,0.1620598711359,0.4718283839317,0.4244153695067,0.0722355651147,0.1365516936102,0.5457580483977,0.6563083974540,0.5845529022824,0.4610051504976,0.1732617381700,0.1373909017501,0.2510314960389,-0.1077504271740,-0.0915986617228,-0.2287297792192,0.2836394381824,0.2578460301283,0.1925332632071,-0.0328526028776,0.2040602161556,0.0427268949034,0.4663065359033,-0.1150971354537,-0.0026465957363,0.1230492586037,0.0636298521934,0.3358933879939,-0.0554725675874,-0.2312862020035,-0.2035174683362,0.4257453153440,0.2832818228822,0.0939433371334,0.0549811394779,0.5368512074876,0.3380016299001,0.1707427858934,0.1888647311588,0.3747882782719,0.1675231032141,0.0329574760813,0.3381159233633,0.0350158173784,0.3975654404311,0.2890868033816,0.5600199319901,0.4914967946598,0.4794377637585,0.3527254863214,0.2431325052811,-0.1617985853206,0.0571252145564,0.3949033526313,0.0648923727691,0.1323963481491,0.3524290774845,0.5948461818339,0.5506439192129,0.2189274949977,-0.0086857692050,-0.2076630136622,0.0921785268534,-0.2426046248431,-0.2002763946193,0.4033557188821,0.1380420789275,0.3951902832478,-0.3344712578168,-0.1858239294040,-0.3450581542763,0.0598929417286,0.4348304191972,0.0468107600397,-0.1637892800517,-0.2672942681185,-0.0842747929391,-0.0292814453828,-0.4442520202110,0.0127134413907,0.0212073138103,0.0211536025290,-0.1782260286318,0.1381629422367,0.3380817851858,0.4832676538354
0.2433325822946,-0.0388202294227,0.2280212265918,0.3373362808766,0.2740560122526,0.2468451127812,0.2259083588141,0.3732537382416,0.4499713024256,0.5182226580188,1.0000000000000,0.6739123552620,0.5907724490583,0.3886397173087,0.2717130449856,0.2985674284234,0.6523238221759,0.6353964190173,-0.0415816368793,0.0538069433732,0.6025186164869,0.3039378946033,0.6723127469960,0.6593899549695,0.1400360277767,0.1550139826905,0.4107774960095,-0.2334061624057,0.0572480474469,-0.2254373207495,0.2754228608463,0.2885793096624,0.2803873036083,-0.1083378477451,0.1884766566258,-0.0522688303247,0.5815880600007,-0.1147425986153,0.1527739047931,0.0999430911852,0.1402592902266,0.3817680251083,0.2363747872444,-0.2818755332128,-0.2150592128094,0.2352454374885,0.1312937621763,0.1785971009690,0.2857416117329,0.4025731610505,0.3210605361269,-0.0629142807959,0.1259162291698,0.2142105172637,0.1459104904193,-0.1051459783533,0.3994260516579,0.0428830476995,0.5360448846537,0.2760053769908,0.3527955284048,0.8580755846606,0.5198154344506,0.5047974677519,0.0709801227854,0.1449867394204,0.1535076503482,0.6036487382442,-0.0456100879760,0.0731833903909,0.5260193925000,0.5037280605804,0.6656469280110,0.1555486138378,0.1088711082147,-0.1792004940858,0.3609148737994,-0.3352578822384,-0.1044762850257,0.4653561492121,0.0881237761160,0.4136812229262,-0.2481662954063,0.0944364767552,-0.3230340823525,-0.0188244926715,0.5764062843158,0.2068653371347,0.0320793073894,-0.1385726953990,0.1193616335224,0.0041355199545,-0.3868384213632,-0.1156747815107,-0.1086645051697,0.1822559946801,0.0154084545142,0.1534258049942,0.2974240575909,0.3848830783324
0.1860986395230,0.0833695138808,0.1508662681178,0.3266265166919,0.2063556848892,0.2438793608538,0.3205260007861,0.3717881584728,0.3617384757824,0.6477509251938,0.6739123552620,1.0000000000000,0.7038362437261,0.3974845198210,0.3594801860965,0.1305532818240,0.6864746480399,0.3425721029036,0.0184545359120,0.0033360917744,0.6672719355022,0.3885954969906,0.8688237600584,0.4388196835576,0.1032783429512,0.4194606814409,0.4473428887879,-0.1925143320027,0.0980417685963,-0.1041982800917,0.1206155910376,0.5334321495004,0.4477596157173,0.1678807409359,0.0985463660858,-0.1399029277081,0.3615367145741,-0.1415858974809,-0.1431226177072,0.2887001132919,0.1609467093979,0.3152407483349,-0.0000946876107,-0.0779403664785,-0.2063905732294,0.3138353950767,0.4578406655682,-0.0884743668059,0.0856109230029,0.4592836472719,0.2380573153673,-0.0245718022530,0.0479410659598,0.1118935208975,-0.0112064084894,-0.0596843500196,0.2315135851585,-0.1109658708054,0.3626679949876,0.1798957044255,0.1762414530310,0.6633753463337,0.6690483569638,0.5050292606042,0.0424279162197,-0.1301134737540,-0.0293460524818,0.4524112119516,-0.0785141472907,-0.1190590140275,0.4586943503027,0.6884261703494,0.4510097751149,0.0833551188891,-0.0336501546128,-0.1091895699964,0.1196557461901,-0.3256471883971,-0.0764063796224,0.2643645667696,0.0874747348656,0.5546842428379,-0.5239381468277,-0.1985820392936,-0.3471232638046,0.1491670134292,0.3560124445139,0.0073572941681,-0.1308477900539,-0.3018671566198,-0.1559700141592,0.0697925270985,-0.3998395415085,-0.2092732827944,0.0414524650797,-0.1407065112511,-0.1728051063455,0.0237887735498,0.0956778906387,0.3085090785532
0.1324941171541,-0.0582080214174,0.0585367587700,0.2326684198117,0.1042088846647,0.0897110954119,0.2737552924363,0.4911646306145,0.4524467113998,0.4776725274092,0.5907724490583,0.7038362437261,1.0000000000000,0.1250114876045,0.1768095494392,0.0711600440868,0.7668840274105,0.2587516157775,0.0170038000197,0.1813901720909,0.5248973202707,0.2496707855616,0.5488343174082,0.3929875137876,0.2516368712355,0.4071985464418,0.5098240905150,-0.1075577745385,0.0141225119836,-0.1970013324509,0.0189305254381,0.4349227101860,0.5198099575490,0.1706466495516,0.0265620996832,-0.1710188953026,0.2523845121690,0.1026787873614,-0.1341740881628,0.1887529750147,-0.0131003285165,0.1363249071935,0.0484955811347,0.1006074150433,0.0451477463977,0.1748591500503,0.3672705741951,-0.0927937375994,-0.0518665976018,0.3401681675681,0.1498867339123,-0.0931923935179,0.0637401275822,0.0459300647562,-0.0456094675039,0.0468633851666,0.5275677437136,0.1615645853886,0.3235298474639,0.3540861424236,0.1377782120394,0.5891996859452,0.5836307300691,0.8013698282943,-0.0706700869811,-0.1211202215310,-0.0295131944973,0.5427944593276,-0.0447673837212,0.0465185725852,0.3979453508869,0.4344909151305,0.3865609538294,0.2932296935491,0.1006049260469,0.0672450158596,0.3149229601636,-0.1711442424850,-0.1108815799716,0.0937889207291,0.0448308735491,0.4717250869038,-0.4482935683680,-0.1351190935134,-0.0594111872345,0.0948833281264,0.2274684944260,-0.0338593996865,-0.0561552610561,-0.0321434693063,-0.1586904017020,0.0248350019680,-0.1127625920023,-0.2050900992610,0.1198557225906,-0.1590287730104,-0.2785087483716,0.0288365102840,0.0041636332921,0.2388851235005
0.4922050153904,0.4413653614681,0.5083299999943,0.3953428563793,0.5712953880044,0.4644674248208,0.2868619839576,0.1483537532230,0.2297192095307,0.4660755294225,0.3886397173087,0.3974845198210,0.1250114876045,1.0000000000000,0.4872060585640,0.3036127751726,0.2750962528694,0.3652857897463,0.1289128311989,0.0888936333044,0.5811121452647,0.4562474041958,0.4946041059825,0.4384882790054,-0.0044577734117,0.1254199555090,0.1044444419268,-0.1563627879161,0.0191621121740,0.0697863541240,0.3949875439863,0.2101930965115,-0.0464697096390,-0.1065565510633,0.3483249274227,0.2397706229410,0.3062348953306,-0.2959112783282,-0.1198186696630,-0.0377345148117,0.1838596727160,0.1891394128164,-0.2148811451061,-0.4094789820847,-0.2858165888623,0.3667783549666,0.1938954022697,0.1640722970253,0.4644745634518,0.3725930815791,0.5675423959207,0.3708604522139,0.1879349512866,0.4489164538541,0.2467363909027,-0.1003100559925,-0.0518748292046,-0.1133225446584,0.3189936120486,0.0519095540963,0.1960036762387,0.3240521745044,0.2422100726188,0.0514881668970,0.5537345734779,-0.1808754712004,0.1833606406837,0.1994329452067,0.1578899162311,0.0534944133857,0.3124657959244,0.4097083922094,0.4436902351894,0.0273813579623,0.1040567389314,-0.2158771962608,-0.0814222389572,-0.1933526401072,-0.0850531530310,0.5420058510037,-0.0354132411157,0.2627502820367,-0.0840107818153,-0.2287263573101,-0.3630965468575,-0.0174607841499,0.3058772913229,0.1917268360444,-0.1811357997313,-0.3115849473101,-0.1441066854646,-0.2172467682162,-0.5413718051842,-0.1294197361449,-0.1929965081876,0.0580730294865,0.2134654868258,0.1601996303989,0.1765994553133,0.3126220973676
0.2085661154897,0.3896779044720,0.4342094434782,0.7928228745382,0.4070351571261,0.6412177642997,0.7415093598112,0.2077202227531,0.3122292885131,0.3953352107609,0.2717130449856,0.3594801860965,0.1768095494392,0.4872060585640,1.0000000000000,0.3754723485571,0.3567149601070,0.2754566110660,0.1608402079786,0.2432249094330,0.5177255501023,0.4308607995241,0.2604248486340,0.4657449994889,0.2359175231119,0.1593008405586,0.3788266752723,-0.1696307712508,-0.0184424348111,0.0078066852483,0.5007056625281,0.3072420951002,0.2909466737842,0.1282150004753,0.2690344954189,0.2039805581436,0.3960055769081,0.0787042223193,0.2316050446561,0.2670874589476,0.3027539068915,0.2989376719246,0.0895873319303,0.0511416664052,0.0498721811239,0.3534310651910,0.4368889898875,0.2432211149909,0.3818519025896,0.6245608966438,0.2623939136524,0.3233491724351,0.5802421201100,0.3488376394734,0.5633464994130,0.2026474279956,0.1323163585694,0.0476069650862,0.3531437803255,0.2287741297989,0.0087023070367,0.1734255217341,-0.0852359149622,-0.0643600423951,0.2655908020595,0.1858117897236,0.1089554916286,0.1736666617262,0.1262364865880,0.1206021639855,-0.0864908862404,0.1622126619730,0.3314548980371,0.1362317102932,-0.1285786853917,-0.4019244496046,0.0025110846644,-0.0208029856033,-0.2765945590904,0.3864619454699,-0.2356581161189,0.2195009634256,-0.2226375623256,-0.1371621136760,-0.0930711503248,-0.0978026093433,0.2498908665249,0.1601886482193,-0.0497409530069,-0.0181357597993,0.1496887068771,-0.0549176437236,-0.2758182283536,-0.1253520418601,-0.1914566392883,0.2406748705791,-0.0373987872489,0.0742024687964,0.1534885915833,0.1665623286793
-0.0486597435959,0.0710605100094,0.0876010884333,0.5298530783828,0.0896272072001,0.2014484611311,0.4529795376488,0.1942750362172,0.3300041338852,0.1620598711359,0.2985674284234,0.1305532818240,0.0711600440868,0.3036127751726,0.3754723485571,1.0000000000000,0.2446014335479,0.4052641032757,0.4374496935154,0.2509749864442,0.4084334553561,0.0279247181939,0.2447479622728,0.4325230175096,0.1555891143522,0.1413676283706,0.2792879549157,-0.3219886810057,-0.3230467153611,-0.2248419507909,0.6309652946027,0.3096717409608,0.2065469561098,0.0370627439311,0.7219994090807,0.6751462640615,0.3727815569575,0.0082198431914,0.2563602363448,0.0468729921187,-0.1645387960458,0.2888962110587,0.5202296572843,-0.2415220991767,-0.2256026242739,0.1211766444811,0.0645263925341,0.1842343668296,0.1395832557408,0.4673891676154,0.0872102125015,0.0671150175516,0.3756046819860,0.1847660009032,0.2088855981415,0.3703147370737,0.0824318314390,0.1307391525170,0.4004452328005,0.2363570465357,0.0480155499894,0.2778406841214,0.0178109666438,0.0190840595147,-0.0427622215150,0.2622007035606,0.8504052800414,0.2599034473483,0.4315290550017,0.2491855796876,0.1541432296417,0.1211117123385,0.4109895782808,0.1585786476406,0.3399753310467,-0.1272471656397,0.2936247878798,-0.1995083445850,-0.3584382555491,0.5624629799833,0.1626015134039,0.1621306655877,-0.1055267880661,0.4176799787955,-0.0908971786539,0.0675095977287,0.3549890945460,0.6845651136829,0.3714135784097,0.0516409038854,0.1471434061873,0.0089667050921,-0.3058940963824,0.0384528365267,-0.0913528771839,0.2626571405300,-0.1616645557729,0.0355422368553,0.2408239983110,0.2645191663842
0.2388875572342,-0.0443664590963,0.1724756360130,0.3661636669681,0.2582145967609,0.2366047179260,0.3346555067647,0.5785678667429,0.4679531593897,0.4718283839317,0.6523238221759,0.6864746480399,0.7668840274105,0.2750962528694,0.3567149601070,0.2446014335479,1.0000000000000,0.5026200841546,0.1715928049947,0.3778135182023,0.7189735886029,0.2815030724116,0.5743048446520,0.5202547946553,0.3252208671001,0.2871518456951,0.5173042471956,-0.1529988830704,-0.0235271641621,-0.2604790408441,0.3703341097462,0.4119953314526,0.5538961439148,0.1014742269948,0.0999571352482,-0.0064762986354,0.3728375717066,0.0786281109967,-0.0829911742436,0.1614674822584,0.0254918253531,0.1963723218340,0.0586776778974,-0.0153637066347,0.0093996655798,0.2155421732382,0.3211898474724,-0.0088286391310,0.0679518284322,0.3625918189524,0.2364418429581,-0.0327263899198,0.1585965223864,0.1256322036499,0.1166852373729,0.0493551942994,0.4779194280974,0.2225442333649,0.3910612287489,0.3606760512411,0.1242299085318,0.5555073382574,0.4119070412626,0.4832720914041,-0.0203540268409,-0.0981238781651,0.0990485946619,0.6775805907671,0.1051598227544,0.2260580461829,0.4237506159368,0.3945842224008,0.4905273039615,0.3501529133446,0.1885021147701,-0.0753114656603,0.3042891652823,-0.1565437282366,-0.2028568177128,0.3967066710109,-0.0231270760843,0.4673989514795,-0.4725519592828,-0.1258422485883,-0.0341485911025,-0.0051538851361,0.3135425513872,0.0145863018288,-0.0689827768794,-0.0278409944148,-0.1363934872330,-0.0693459050956,-0.2407506823892,-0.2088800193372,-0.0305931359629,-0.0633818652067,-0.2210705909529,0.0279055808153,-0.0018599071722,0.2287182256653
0.2795962340354,0.0583689963725,0.3408889576674,0.3702589266376,0.3316687329195,0.2739040886262,0.2028039349448,0.3718631288424,0.3782601653010,0.4244153695067,0.6353964190173,0.3425721029036,0.2587516157775,0.3652857897463,0.2754566110660,0.4052641032757,0.5026200841546,1.0000000000000,-0.0260654996596,0.1875750604251,0.4385418848688,0.2665666949964,0.4120484193616,0.6048255655507,0.2537153720624,-0.1604545573792,0.1183035022175,-0.1524330506928,-0.2127885599766,-0.4064497503152,0.4664568820709,0.0844053060708,0.1496767790281,-0.3080171126930,0.2415591294632,0.0622139220626,0.6463149112733,-0.1129156244524,0.2398781184869,-0.0951917728282,-0.0400959984596,0.2808767818082,0.2074571798215,-0.4698985880343,-0.3598985868681,0.1567688794938,0.0269898659685,0.2341595758071,0.1189106851883,0.3084109176649,0.3187862532777,0.1513588800092,0.2988684418470,0.4247490994724,0.2542453473150,-0.0197684429023,0.3674220446489,0.1238048391042,0.6199960502486,0.1830728184098,0.3599841492510,0.5785489181899,0.3345232792754,0.2631373922375,0.2452543159661,0.1791854593144,0.3253622813942,0.6418765285151,0.0865879825800,0.3103165348579,0.4064865469997,0.3513436996604,0.6492585643751,0.1901169172415,0.1398441945052,-0.2142037715669,0.3035949476641,-0.3670205580727,-0.2711309977009,0.6895419791533,0.2790416635487,0.3961431685015,-0.1373423093527,0.1702217748277,-0.2601675737394,0.0850246563515,0.6140823123556,0.3619288220880,-0.0284884260812,-0.0779969942086,0.2180074519147,-0.0171623742036,-0.4219000604404,0.0411024172243,-0.0037352593285,0.2878148204101,-0.0813352324014,0.0762065625238,0.4346576112509,0.3861090920411
-0.0479302772643,-0.0339642605566,0.0062333420931,0.1819984208558,-0.0763364209842,0.0238257318354,0.2151011051022,0.3796196682566,0.5113287932325,0.0722355651147,-0.0415816368793,0.0184545359120,0.0170038000197,0.1289128311989,0.1608402079786,0.4374496935154,0.1715928049947,-0.0260654996596,1.0000000000000,0.5198328916260,0.3485596275693,-0.0078434639353,0.0733457356561,0.2371376523788,0.3418818139071,0.2018661452472,0.3172959728316,-0.1024108412816,-0.1834064827616,-0.1095101039922,0.3918793185110,0.1847539104590,0.1411828423401,0.2844953335555,0.3181019509518,0.6680478915413,-0.0393046287224,-0.0053963871541,-0.1345062932337,0.1946611507214,-0.1569694096597,0.0490242948720,0.0669826160707,0.1202036445817,0.0683369390582,0.1597327555339,0.0673369673348,-0.2183429101820,-0.1253379514007,0.0988201205701,0.0254335893518,0.0880479232634,0.0125392484215,0.0157872870640,-0.0290922143600,0.2315030356295,-0.1079703119097,0.4265848816980,0.1140494900951,0.5938505910125,-0.1545498640564,-0.0383735148913,-0.1472884582181,-0.1824972855877,-0.1565580217063,-0.2340355190647,0.4197012321601,0.0206829691948,0.8366247556250,0.5308250862065,-0.0838075439864,0.0424881233510,0.1426268385788,0.5294065163170,0.3412066350783,-0.0975740618864,0.1543309810548,0.2140987030333,-0.1939598735872,0.2490446446781,-0.1024766837015,0.0379684372188,-0.2427810561860,-0.1123482704716,0.1375432266889,-0.0472365441940,-0.0998476222196,0.1486939912454,0.0474778719663,0.1581779216811,-0.2204676388671,0.0717321265212,-0.0117145248330,0.0844854208775,-0.0091278679745,-0.1734313160454,-0.3556815804701,-0.0127124208047,-0.0937449199484,-0.0816953924646
0.1258103648871,-0.1439432417455,0.1501101103963,0.1681954234960,-0.0032240404503,0.1253498050663,0.2478580441457,0.6383280844007,0.6301618041097,0.1365516936102,0.0538069433732,0.0033360917744,0.1813901720909,0.0888936333044,0.2432249094330,0.2509749864442,0.3778135182023,0.1875750604251,0.5198328916260,1.0000000000000,0.3326839725229,0.1798310023354,0.0362095067347,0.4314892636322,0.8024245079754,0.1457884711143,0.4910138731633,-0.0773317877768,-0.2342650449769,-0.1883832664825,0.4804101489155,0.2291032761447,0.3379723815767,0.2142106027625,0.1920040131054,0.4270272426466,0.1714473546077,0.5122520368680,0.0479173994211,0.2067365523520,-0.0707290017151,0.0863656368123,0.0403526849857,0.2313384343291,0.4808412145372,0.2343070733281,0.1909135775241,0.0470711249940,-0.0868727456107,0.1444274480696,0.0598552399204,0.0568604176576,0.1217939235175,0.0714631434009,0.0901107316244,-0.0343964992950,0.3246200873739,0.5535485724805,0.2641316135121,0.5535377492962,-0.1648964285658,-0.0116722102665,-0.2066534769496,-0.1279637333684,-0.0533285335892,-0.1576556376880,0.1657753511466,0.2738805892154,0.4975514007337,0.8130918072155,-0.1380027878460,-0.0153738347055,0.3473351485840,0.8016229559776,0.2964335517840,-0.1083062076652,0.3730141857536,0.2836946933621,-0.2835204380151,0.2947377113388,-0.1836715366037,0.0936158812594,-0.2662329044110,-0.0296689073057,0.4144858554943,-0.0681298419752,0.0910678978735,0.0221672051054,-0.0891352461315,0.5140789365864,-0.0537031687614,0.0009638767782,0.1549155396806,0.0612228901007,-0.0714146811072,0.0674871951118,-0.2837280502423,-0.0634135477743,-0.0585826804646,-0.0882946040270
0.3456867304143,0.1113754636846,0.3115777153733,0.4696007848582,0.3981592237525,0.2913057002530,0.3965345222359,0.5412690770180,0.5202691906533,0.5457580483977,0.6025186164869,0.6672719355022,0.5248973202707,0.5811121452647,0.5177255501023,0.4084334553561,0.7189735886029,0.4385418848688,0.3485596275693,0.3326839725229,1.0000000000000,0.4030900645347,0.6274459066517,0.6806149474468,0.2589594266464,0.3185754818695,0.4605185555691,-0.1962485255384,0.0458663371266,-0.1416526799760,0.4896429926706,0.3591856171158,0.2665549765805,0.0424629195351,0.4126541415180,0.2530756563524,0.4078497426292,-0.1402330745994,-0.1495283814777,0.0886427255716,0.0855020692087,0.1761925973049,-0.0389235090659,-0.2032084708965,-0.0966274859235,0.4054292947072,0.3352298876019,-0.0780730033447,0.2067834420668,0.6000610007997,0.3656555438039,0.1263549323610,0.2193434186339,0.2082430633710,0.1509288559805,-0.0152324840643,0.1874689920460,0.1272550540902,0.4670439668148,0.3909496983457,0.1410536808591,0.5490438646112,0.4038507249498,0.2721698695434,0.1514748862855,-0.2373638980760,0.1994625630698,0.4474272715159,0.3173855147725,0.2296225048838,0.4374642683043,0.5686724043163,0.6194445939005,0.3247012966787,0.2112399371377,-0.1554821110824,0.1449544002756,-0.2192418387894,-0.1825443527496,0.5500822205489,-0.0162517897393,0.4918887548532,-0.4615434466696,-0.2975389975440,-0.2184092937129,0.0122157924597,0.3431562573338,0.1982672818752,-0.1133938978044,-0.2027846619221,-0.2193042210484,-0.1208611241662,-0.4455447583140,-0.1260348878218,0.0265224905936,-0.1038663874753,-0.1851368879862,0.1874833126143,0.1227371240262,0.3661340052636
0.2554654795102,0.2110541647739,0.3213163205993,0.3237102490032,0.3578469233530,0.4446672377880,0.3375763231257,0.2656814396488,0.2961659623141,0.6563083974540,0.3039378946033,0.3885954969906,0.2496707855616,0.4562474041958,0.4308607995241,0.0279247181939,0.2815030724116,0.2665666949964,-0.0078434639353,0.1798310023354,0.4030900645347,1.0000000000000,0.4331322593269,0.3487274083471,0.1706357662348,0.0424590930516,0.2344669730479,0.0576062278676,0.1574951816717,0.0637323003647,0.2765497976619,0.1525114938100,0.1042605122657,0.0069269919003,0.1083300544863,-0.0035315573415,0.2973197549412,-0.0513646668788,-0.0348684599041,0.1516745305026,0.3839466658621,0.1896480199026,-0.2260228947039,-0.1230751908379,-0.0424463240832,0.6817074576447,0.4339996656053,0.1362121222450,0.3128521270832,0.2911610934299,0.2243491604049,0.1215561962902,0.2297279142166,0.3561048304025,0.2376291986275,-0.1406126657019,0.2133668750943,0.0231246309842,0.2704876532890,0.1908533047075,0.3589835609677,0.2798388136110,0.2266857494792,0.0854137127787,0.2618326976785,-0.2294721675683,-0.0991170804752,0.2281540302869,-0.0097403317831,0.1159896693153,0.1091563269789,0.4964585983237,0.4087584453093,0.1991934780158,-0.0924053328370,-0.2898513555608,0.0070817974258,0.0176184680213,-0.1334351315747,0.2861068731262,-0.0657371861135,0.1906387128867,-0.2432440150384,-0.2430920783912,-0.2711455862950,0.0600123349499,0.2767333442995,-0.0486689777680,-0.3042083878736,-0.2053847193775,-0.1008415227763,-0.0490210832448,-0.3444292602265,0.1541933498852,0.0263478669120,0.0146244135696,-0.0275170922460,0.3375859360494,0.2556473852557,0.2509469254495
0.1903974217833,0.0684716090304,0.2003585053123,0.3065039304521,0.1697628910832,0.2555420429311,0.2320516845351,0.3334956176842,0.3667971163817,0.5845529022824,0.6723127469960,0.8688237600584,0.5488343174082,0.4946041059825,0.2604248486340,0.2447479622728,0.5743048446520,0.4120484193616,0.0733457356561,0.0362095067347,0.6274459066517,0.4331322593269,1.0000000000000,0.4881658172755,0.1037381437020,0.4058479205809,0.4148614222230,-0.2900686245479,0.0467577195609,-0.1413306226339,0.1987743616473,0.5665529170460,0.3523331337953,0.1562993286785,0.2490467878470,-0.0126818043041,0.3889902533999,-0.2185076013226,-0.1443704021791,0.2711102762752,0.0924267625099,0.3227763267751,0.0019648439130,-0.2467722096815,-0.3187742537587,0.3937181046283,0.3988847219824,-0.0660456576274,0.0834352049856,0.3898303926293,0.2551046037423,-0.0051905024982,0.0247818110052,0.1716452698127,-0.0602694374587,-0.1154517556200,0.1213265716314,-0.1486224464481,0.3939776581531,0.1721725719693,0.1693118647648,0.6743698673554,0.6821343239887,0.3927282937590,0.0653458258695,-0.1567955092044,0.1355097321088,0.3999507740730,0.0241049156054,-0.0626675247913,0.4868303222617,0.7500748859109,0.5237348084029,0.1067293458843,0.0818081325639,-0.0694803180899,0.1741143961617,-0.3902004105724,-0.0717483291637,0.3661779705128,0.1971198614370,0.4988821114545,-0.5056672852706,-0.1191010058535,-0.3900574840009,0.2343762184175,0.4203137779834,0.1691864366313,-0.0962273315881,-0.3110972333483,-0.1725874655863,0.1216264959755,-0.4808026132397,-0.1509809189742,0.0355117950987,-0.1080435350695,-0.1511649783402,0.0406995794147,0.1505398397947,0.3457750240596
0.2865374265002,0.0264231264279,0.3100463079382,0.4961550675480,0.2790237661788,0.3125202838791,0.4073808074744,0.4319175950609,0.6660750299228,0.4610051504976,0.6593899549695,0.4388196835576,0.3929875137876,0.4384882790054,0.4657449994889,0.4325230175096,0.5202547946553,0.6048255655507,0.2371376523788,0.4314892636322,0.6806149474468,0.3487274083471,0.4881658172755,1.0000000000000,0.4455821814226,0.1806306883671,0.4775635719624,-0.2892079324102,-0.1633173417331,-0.3175721591820,0.5526869767870,0.2360893443733,0.2386531829215,-0.0984260052293,0.4410621679336,0.2912586290986,0.7004987819017,-0.0052524693842,0.1814923053132,0.0468752842304,0.0001740358876,0.2904613076915,0.0977149910469,-0.2525134804085,-0.1040928501922,0.3083057145897,0.1766408394460,0.1637539288007,0.2312754843770,0.5138737542788,0.3363589009909,0.1289284362179,0.3621757121946,0.3336687820105,0.2842162052883,0.0381119929432,0.3462535755048,0.1659026077313,0.5652573321252,0.4770195733064,0.2546182482095,0.5684616665665,0.2835712395650,0.2819064711978,0.1755055412288,0.0856090560318,0.2664121482514,0.4256097624999,0.2952884362336,0.4091399866279,0.2777050192103,0.4329108459177,0.8706282305880,0.4805910336856,0.1216575220560,-0.1868943269982,0.4164205665001,-0.2408731264892,-0.2395419464926,0.5720407231792,0.0588328830097,0.3874723749095,-0.2870720491802,-0.0450746381454,-0.1248696425157,-0.0320669023382,0.6178867678748,0.3091846793556,0.0265655477274,0.0592674031189,0.0845379430536,-0.0461342135950,-0.3328921821604,-0.0089916216002,-0.0479448842386,0.2316340156553,-0.0999578958080,0.1096833245690,0.2992578775562,0.4200674608413
