1.0000000000000,0.4897037835726,0.7400175390177,0.5015405578835,0.7955254585177,0.5948182074898,0.3134483921268,-0.0980728854208,0.1030960164064,0.4717946799767,0.4259849440834,0.4496107384742,0.0431824983162,0.6438673619174,0.4863132150837,-0.0314528995697,0.2203132702006,0.3524573379292,-0.0950538469895,0.0844686879044,0.4198248180304,0.3933640768360,0.3538759237158,0.2319926708397,-0.0603047953908,0.0922116327526,0.3072256980835,0.0930287848838,0.0811468196959,0.1150549497254,-0.0416070122647,0.0874727521180,0.0676701099040,-0.2787954268056,0.2076316181045,-0.0456068109282,0.2315893154072,0.0659066267947,0.1657203660107,0.1799767020611,0.4482047201380,0.3821884588703,0.0934936447691,-0.0941968700896,0.1321530468615,0.3815805526975,0.1211486110762,0.4188743168483,0.3348563487042,0.3720841004191,0.7822655818693,0.4697443319589,0.1010023815086,0.6186770508809,0.4798874345699,0.0520933036764,-0.0101281453818,-0.1239605114934,-0.1775351019918,0.1335524630639,-0.0034932408377,0.2658253488422,0.2239096508296,-0.0797917804887,0.3630310309208,-0.1611207862779,-0.2456244797188,-0.0544150108357,-0.3850428120371,0.1224754043448,0.0881378928567,0.3505923686956,0.2671640523974,0.0483555315269,-0.0913607963068,-0.2523595014312,0.2719073387136,-0.0719305969505,-0.0743226552925,0.0185453726049,0.0121626615313,-0.1496016780786,0.1049402026729,-0.1487173629492,-0.2629966776210,-0.3672054794034,0.1881156205680,0.1510571942280,-0.1997502381617,0.0268708658977,0.2389308527972,0.2928864157221,-0.1280537687376,0.3371720994021,0.0927559556178,0.3291297748440,0.1226374232542,0.1722501665299,0.2236932686948,0.0959780975810
0.4897037835726,1.0000000000000,0.4750393557204,0.2055720528359,0.4669366389744,0.1189815386057,0.0286774403835,-0.0850428269112,-0.0188072652044,0.2111047278295,0.0904261490319,0.0941593463609,-0.0517389522685,0.6292311768756,0.4548137198631,-0.3064916791358,0.1101504582307,0.2299933256368,-0.2460642824504,0.0139376660621,0.1628038296385,0.2541988216698,0.0615988666822,0.0741313827330,-0.0223181425039,0.3228219373147,0.0595703973025,0.3521192126775,0.3668063162568,0.6264627583849,-0.0414634042279,0.3466510352826,-0.0066419608288,-0.1269209977514,-0.0867186706742,-0.1927365686310,0.0974403555193,0.1622117653387,0.0607453838818,0.0282907621662,0.3782579969282,0.2952492251356,-0.0913349779907,0.1902506405029,0.3391517787719,0.1485916931045,0.1847405019906,0.1161249099323,0.2303028121147,0.2169514568577,0.4193177622669,0.6962539043226,-0.0148782181225,0.2521807907635,0.1543525582727,-0.2096079356586,-0.0552419501058,-0.1798344350997,-0.1928810570344,-0.0663966522321,-0.0459810740797,-0.0269925177021,-0.0729164406441,-0.1332354213692,0.5355840041587,-0.1012849340054,-0.3880295091938,-0.0457583041481,-0.4489908254377,-0.0471275528267,-0.0549605612584,0.0226838615722,0.1128215081818,-0.0732213371904,-0.2676642393711,0.2404103056559,0.0162961676756,0.1615101229900,0.3441622868413,-0.0088749783957,0.1415467294430,-0.2061090507310,0.3409769966692,-0.3933249004829,0.0371785495827,-0.2842844686654,0.0806069242687,-0.0567848022788,-0.2683570661230,-0.0175349151764,0.1047111006702,0.0373272497280,0.1009076163687,0.0769469748402,0.0928556467286,0.0746945253027,0.1834807483945,0.1646825078805,0.0984029230783,-0.0688524555881
0.7400175390177,0.4750393557204,1.0000000000000,0.7096435423201,0.8427100982322,0.7915902772469,0.5826977953633,-0.0936702902231,0.0982893535436,0.4923331648616,0.4090661855828,0.4006389479768,-0.0169923430775,0.5242406813780,0.6254888682170,0.1338845384285,0.2105350884448,0.3883224650750,-0.0116086363873,0.0364578477395,0.3346831488038,0.3172591194508,0.3165788612355,0.2261068086125,-0.1267860877069,0.0200903812270,0.2682006698916,-0.0795119159580,-0.0274480849020,0.0478679686754,0.0951901024528,0.0816784504784,0.0536320924964,-0.3180525122466,0.3364125348483,-0.0032333083504,0.3103052951138,-0.0123209425649,0.2968487240576,0.1311984429034,0.3577065951896,0.4620370417183,0.1434741014143,-0.1835697578907,0.0117032790474,0.3985086554246,0.1826874823115,0.4901660704108,0.4090425532951,0.5001100376322,0.8214730874061,0.6416049206454,0.4227532621538,0.8542992947915,0.7044081235977,0.2888827057098,0.0192112574119,-0.1360752590394,-0.0028520319884,0.1203372039737,0.1673447788663,0.2764710030881,0.1863613224814,-0.0514974256550,0.4926886894939,0.0801500922688,-0.0465237515991,0.0130993381070,-0.3221630377064,0.1655925062016,0.0900807141044,0.3592321970505,0.3108031401818,-0.0345108962436,-0.1005942750994,-0.2566659423256,0.2082665963677,-0.3020577467090,-0.0992186805763,0.1395611376337,0.0770405593370,-0.1207374898679,0.1433848195385,-0.0988665725702,-0.3127846403924,-0.4518031942012,0.2731033701344,0.2557197128330,-0.1084477053789,-0.0098815900910,0.3384383688742,0.2022546292935,-0.2310062759482,0.2871922259367,0.1944977516425,0.4641192065217,0.1336517284729,0.1520817908836,0.4307563776583,0.2980938449283
0.5015405578835,0.2055720528359,0.7096435423201,1.0000000000000,0.5882605154097,0.7357722978757,0.6243837531871,0.0834772968453,0.1878399641129,0.5089964804549,0.4985532054915,0.5035693529569,0.1439186955468,0.3034357847065,0.6703197208036,0.3853989139163,0.3594837233660,0.4641389057152,0.1702913891887,0.0828656117009,0.3959578821164,0.2336834644953,0.4015972478643,0.2612538565279,-0.0503134038400,0.0031512170118,0.3176203950648,-0.1310419122113,-0.1855319429608,-0.1756022274055,0.2487841945313,0.0889861993998,0.1195591317771,-0.3699481590667,0.4849943728903,0.0061243663962,0.2705755126351,-0.0393015996858,0.2676774940935,0.1102786686058,0.2243557538469,0.4087000356901,0.4027768906923,-0.2171016612265,-0.0630721103723,0.3392601733792,0.1951265862562,0.4269132467099,0.3195678925257,0.6101859409741,0.5618842822944,0.4268518126639,0.6015232122841,0.7212396394404,0.6371347885006,0.5569031078171,0.0901471231129,-0.0751870566143,0.0831569877247,0.2338218234687,0.1205318987648,0.3006090198346,0.1843458113473,0.0112753578041,0.3119200626441,0.1555026589673,0.1314341574465,0.0836470096611,-0.2229631834532,0.1855067764888,0.1228393438046,0.4330079503104,0.2949399130458,0.0569969416910,-0.0212231044011,-0.2630865128645,0.2810296041047,-0.3089617041546,-0.2809682781070,0.1633691772504,0.0830453722278,-0.0665984898826,-0.0156308305124,0.0879398807433,-0.3262515208022,-0.4643256322953,0.2244512647998,0.3034799536468,0.0005217182487,-0.0036810848057,0.2694673272527,0.2249071731640,-0.2391447341976,0.2174523513642,0.2423839156384,0.4312355687494,-0.0165983857244,0.0181573386057,0.4057901687137,0.3710996679963
0.7955254585177,0.4669366389744,0.8427100982322,0.5882605154097,1.0000000000000,0.6818389525826,0.4417168658146,-0.0724007291526,0.1369716323560,0.4561782296939,0.3958915193060,0.3939449274365,0.0229394404905,0.6023891021520,0.5567545082173,0.0495288769640,0.2013139782779,0.4147322262403,-0.0517336467711,0.0975900122511,0.3020821708274,0.3650408819051,0.3013047056884,0.2849987400591,-0.0833107583616,0.0498830864794,0.3245452010182,-0.0563797194356,0.0001433461662,0.0202362148832,0.0314131160026,0.0296770571406,0.0732878920593,-0.2880401848715,0.2229036388336,0.0000878883852,0.2597071376485,0.0326537645771,0.1977039307405,0.1112459818830,0.4111738978973,0.4861972444760,0.0287397734261,-0.1632139493121,0.0375164731870,0.3721542316342,0.1158790866977,0.4383125488910,0.5194803868606,0.4258305761902,0.9458994114965,0.5539037666123,0.2767054583345,0.7122392776442,0.6868602446439,0.1338780190650,0.0791850550120,-0.1283619822540,0.0070062650664,0.1456638832687,0.0880658977702,0.2910430222446,0.2125780119552,-0.0283467198513,0.4516953873318,-0.0568359657139,-0.1314112355859,0.0618137222179,-0.3387987477721,0.2153014032958,0.0454667670728,0.3551372220792,0.3442947154139,0.0409242466346,-0.0949199125639,-0.2851616795582,0.2695632250687,-0.2697224665874,-0.1266812084930,0.1374861238534,-0.0140618289467,-0.0767354937131,0.0175519088318,-0.1877553192360,-0.2758029368010,-0.4291829004499,0.2458218047787,0.1614831516303,-0.1819775374440,0.0492548831562,0.2625599247676,0.2157581940975,-0.1821164635304,0.2681320369021,0.1070021941457,0.3952205287201,0.1087061537738,0.1990449430005,0.3235112293567,0.2082971505304
0.5948182074898,0.1189815386057,0.7915902772469,0.7357722978757,0.6818389525826,1.0000000000000,0.7298952409833,-0.0213008214501,0.1798928537915,0.4690190902667,0.4684348295577,0.4733636140653,0.0589428065442,0.3134182911375,0.5742857748178,0.3456898868051,0.2666584642951,0.4199207247079,0.0844317887307,0.1096734854427,0.3494396092207,0.2578179544000,0.3976605509622,0.3000685857914,-0.0668305425586,-0.0256614027696,0.3296376004344,-0.2114360542483,-0.0923404503957,-0.1767978423449,0.1651275784649,0.0429809375087,0.1290218162128,-0.3856919126702,0.5389673692397,0.0871992921851,0.3215493252905,-0.0183119154510,0.3746689873369,0.0939957079913,0.1972087399324,0.3692151424264,0.2557083751296,-0.2855706688235,-0.0465546197708,0.3544729617031,0.1088500942080,0.6091149218959,0.3887713790429,0.4911244772017,0.7010056994934,0.2664938512844,0.5145720364535,0.8951387530351,0.8895077094607,0.5211277350511,0.0977649613752,-0.0714601048478,0.0417344049733,0.2208358049527,0.1863545276333,0.3611585895583,0.2423557036267,0.0284924388508,0.3440659406647,0.1447981948370,0.1173140546373,0.0726158687528,-0.2110626300292,0.2421928691520,0.1616458892939,0.4529727901811,0.3636796824430,0.0659174914761,0.0162111905323,-0.3025374424751,0.3168237332125,-0.3680362894807,-0.1671270795829,0.2143521788337,0.0719098528088,0.0377656237610,-0.0115957716025,0.0612956658929,-0.3044554976374,-0.4500649135808,0.3186430019297,0.4034367173389,0.0196297084837,0.0490330125150,0.4031039990253,0.1578468902142,-0.3024450234829,0.2523535455364,0.1970815290092,0.5826899988055,0.2327373745888,0.0211011289774,0.4055367713697,0.4021163143303
0.3134483921268,0.0286774403835,0.5826977953633,0.6243837531871,0.4417168658146,0.7298952409833,1.0000000000000,-0.0809539605584,-0.0143873458034,0.2115420799088,0.1221674046090,0.1916139334821,-0.0447668011611,0.0857187118698,0.3551489843545,0.5217330265912,0.1058838002173,0.1490274244391,0.1039348216711,-0.0640241680388,0.2117188432901,0.0538692320669,0.1628149961332,0.2055759040458,-0.2166319022584,-0.0418394648813,0.0804120527430,-0.2277838772554,-0.2728699706841,-0.2717374921263,0.1796388131392,-0.0073770205172,0.0450724916603,-0.2447957337446,0.6650978724850,0.3117293893608,0.2278453236489,-0.2054460264048,0.3121874980136,-0.1571922965621,-0.1426737988039,0.0138192250413,0.1707634539644,-0.3201244967872,-0.2327953081472,0.0449711417552,-0.1267498087387,0.3386911436520,0.1203348535187,0.1646620131792,0.4948484855074,0.2732353866978,0.7469175618149,0.7239790408069,0.7427531665531,0.8014089086044,-0.0149189932912,-0.0733338531351,-0.0479262524694,0.0179065734925,0.1977209703962,0.0739693772614,0.1441315401853,0.0165662537087,0.3189496660582,0.2864019436206,0.4826011173944,-0.0167624439740,0.0663947493986,0.0842388674757,0.2614260823869,0.2677678757635,0.2768074734481,-0.0253628417560,0.1074671734242,-0.0317153869305,0.1649614282250,-0.2981944994202,-0.2376583679439,0.1745315991548,0.1678757066441,0.1245296015109,-0.0587286847805,0.2177306403391,-0.1617598499968,-0.2186934767298,0.2649942122169,0.6123470843762,0.2242232460003,-0.0480269110923,0.3327309433177,-0.0755511250609,-0.2229270188629,-0.0120098118558,0.0782980753960,0.4614607418682,0.1820697653804,-0.0143899915888,0.2437498232147,0.4150421103602
-0.0980728854208,-0.0850428269112,-0.0936702902231,0.0834772968453,-0.0724007291526,-0.0213008214501,-0.0809539605584,1.0000000000000,0.7372833161624,0.3098657628229,0.3510437969373,0.3719123447077,0.6032401469144,-0.0707217036812,0.0140664970820,0.2345347303848,0.6340968377977,0.5433750698998,0.6367613741887,0.6525899498366,0.3270313213769,0.2759995517424,0.4182290637946,0.3307057523040,0.6729049506066,0.4922800437087,0.5126222381616,-0.0063605412301,-0.0715560951587,-0.0667207774241,0.2810124281789,0.2669043733093,0.5048834096816,0.1426201331810,0.0202934906630,0.2081286853256,0.1263556582688,0.3845328353470,-0.1184792123444,0.1085320511604,0.1190437475044,0.2040848832989,-0.0042483202274,0.1557081935973,0.3050214170231,0.2048751016630,0.1845828328186,-0.0668656857243,-0.0514241075879,0.1502161243592,-0.1022331516485,-0.3693159485457,-0.2677048701923,-0.0272646022226,-0.0520587812111,-0.0735543400854,0.6318578313940,0.7452028843979,0.6039739233991,0.7660068237991,0.0564119469745,0.3951694155416,0.2458200717807,0.4075471190798,-0.3012389773820,-0.3649318583621,0.2228226840394,0.6243087309605,0.3825044856650,0.5230657954244,0.1892621225948,0.2559803482964,0.3322768576682,0.6740753497118,0.2659014218670,0.1181875719965,0.4100217048741,-0.0726679070103,-0.2379503042697,0.3949742135124,0.1241030289198,0.4363737519250,-0.3861945498590,-0.0507523204361,0.1529227508009,-0.0651323169067,0.1082181633203,-0.0094588853314,-0.2407218086825,0.4021135753481,-0.1774542400975,0.0021914308796,0.0941216419824,-0.0028292563312,-0.0617684326646,-0.1542060688030,-0.2030190079666,-0.0603458380745,-0.1360691386477,0.0713986412939
0.1030960164064,-0.0188072652044,0.0982893535436,0.1878399641129,0.1369716323560,0.1798928537915,-0.0143873458034,0.7372833161624,1.0000000000000,0.3117552351935,0.4912809612215,0.3886124208420,0.5227741338555,0.1230760288799,0.3148419372075,0.2705972989463,0.5987644434330,0.6973381944516,0.5334827393348,0.7662132832903,0.3684990583078,0.2357965491874,0.4366020072081,0.5977077626894,0.6828709644247,0.4700259249570,0.7289897882094,-0.0556251027748,-0.0822648733675,-0.0342625339735,0.2779260047376,0.2900024855376,0.5524228979499,-0.0292228983141,0.1892764289861,0.2877423352174,0.3713058123389,0.4541005995436,0.1606007611089,0.2997920180937,0.2417602382613,0.3647293895907,0.1341925368457,0.0962030418222,0.2889653693161,0.2659414901096,0.2557882886912,0.2401574389578,0.1828932407608,0.3568508109943,0.1151163483527,-0.3234706224034,-0.2079672882116,0.0518840653481,0.1476499932504,-0.1691111973850,0.7380336939862,0.5642091530383,0.6936117338003,0.9191873810951,0.0875419303552,0.5526950392738,0.2578769743780,0.4647388275676,-0.1076663238833,-0.1443093102125,0.1066720495634,0.6077541650280,0.2389679617055,0.7554708763196,0.1837483064170,0.2590123187284,0.6092700932056,0.7345761348093,0.2524866954015,-0.1210920554332,0.5396287242143,-0.2009899492101,-0.2084720942406,0.5118929124679,0.0809755732256,0.4899332329222,-0.2664222664653,-0.0558720163586,0.0146458885961,-0.3193294998952,0.3144437190912,0.0935986706723,-0.1659467764249,0.4651707931244,0.1359891387124,0.2289478048167,-0.0110631677909,0.1296500042493,0.0356150011876,0.1010268985140,-0.1107492895354,-0.1157076331093,0.0799828257322,0.2427541158203
0.4717946799767,0.2111047278295,0.4923331648616,0.5089964804549,0.4561782296939,0.4690190902667,0.2115420799088,0.3098657628229,0.3117552351935,1.0000000000000,0.6138105948633,0.7389102222307,0.3227336702174,0.2924649567552,0.4514514382015,0.0725836461128,0.4857689738253,0.4928759649243,0.1823084088400,0.2004571686681,0.5981853369253,0.7230202280141,0.5132394545671,0.2432511979366,0.0935632613367,0.0977443665395,0.3228147326923,-0.0217515920640,0.1011856779303,-0.1267941816567,0.1682379040625,0.0394416440093,0.1934099826950,-0.2715563758664,0.1844838690026,-0.0100429502315,0.2375025522375,0.0696948684112,0.0457560455873,0.1615872002472,0.4513116197779,0.5523332812602,0.0272597863103,-0.1886888714713,0.0267145849185,0.4237263561688,0.0737583886455,0.2750435718693,0.2328495237306,0.4815633259660,0.4290971490491,0.1879391246455,0.0636150126061,0.4714863348139,0.3508266176206,0.0580554366568,0.2156251367556,0.2705917963292,0.1628562175740,0.3656864756776,0.5606044851832,0.5267755674177,0.4692469668453,0.1489546569531,0.1865490062242,-0.1852851999951,-0.0731211120981,0.2719385479378,-0.1231160878902,0.2272040200802,0.4010626310278,0.6109263308440,0.2873599148008,0.2238006407419,0.1144632932419,-0.2427258960235,0.2890057719333,-0.1956210043042,-0.1472456150491,0.2754466470704,0.0312769870130,0.0914547535430,-0.1465112725326,-0.1420210079227,-0.2434434590849,-0.3630163044981,0.1784868755929,0.0925913637214,-0.2611900832058,0.0789881933483,0.0459830618386,0.1671926285505,-0.2444111580684,0.2796800540841,0.0908338682599,0.1920667877285,-0.0349917148321,0.4005495276604,0.3892446458530,0.3748758202344
0.4259849440834,0.0904261490319,0.4090661855828,0.4985532054915,0.3958915193060,0.4684348295577,0.1221674046090,0.3510437969373,0.4912809612215,0.6138105948633,1.0000000000000,0.8266686067304,0.5254850699208,0.2576916847393,0.4347607648039,0.1511293944524,0.5833170193046,0.5883631360454,0.2199780573140,0.3140617073619,0.5420871429666,0.4595364330742,0.7237362604148,0.3518694683542,0.1862576935086,0.1153186858816,0.4867744314891,-0.1235298546125,0.1054236908306,-0.1064500135954,0.1314971908009,0.1965124341462,0.3842087037847,-0.1272275495222,0.2279976926516,-0.0140043059349,0.2580365724783,0.0291440577581,0.1374356982288,0.2106041628614,0.3730101644195,0.5285824582611,0.1975718036600,-0.2162807746849,0.0079600272032,0.4711349415728,0.3486137077977,0.3403545206443,0.2208060027191,0.5846456150716,0.3685365805191,0.0319567463243,0.0534168107920,0.3778748109529,0.3257349018513,0.0072109734804,0.3799575791881,0.1806630318602,0.2639922439739,0.4978771891476,0.2206103396849,0.8091331708275,0.5768276821477,0.3771000641264,0.1585816036487,-0.0919751186634,-0.1447871116609,0.3748575503078,-0.1971783631360,0.3435283019734,0.3145659687693,0.6011842899173,0.3954847848185,0.3191101520800,-0.0004411083289,-0.2935075909839,0.3272648218404,-0.2591187917422,-0.0944912143759,0.2506356769009,0.0928267720797,0.1757012780779,-0.1612371072687,-0.1438357572776,-0.3926591064777,-0.3402648678150,0.1883429641569,0.0477407699881,-0.2176893202175,0.0133619852297,0.1521553107660,0.1750804470441,-0.3215390072018,0.2555190103487,0.1827385852519,0.2364864986780,-0.0903889030701,0.1105137339279,0.3207285197161,0.3720634629318
0.4496107384742,0.0941593463609,0.4006389479768,0.5035693529569,0.3939449274365,0.4733636140653,0.1916139334821,0.3719123447077,0.3886124208420,0.7389102222307,0.8266686067304,1.0000000000000,0.5609990333615,0.2134678383921,0.3856151303262,0.1130898681431,0.6037504736089,0.5563799782712,0.2178341405132,0.2515145007438,0.6708811881383,0.6763587881478,0.8160697297353,0.3065079996661,0.1482876457544,0.1417239364816,0.3763273595128,-0.1235582793974,0.1285305542114,-0.2065741845761,0.1146658639636,0.1004666105729,0.3225330461481,-0.1413812736080,0.2252049924914,-0.0070964359613,0.1271423252306,-0.0116213615359,0.0036455249599,0.0824762696963,0.2919328172800,0.4025110439878,0.0542368772060,-0.2973573701248,-0.0725951162833,0.4162257073275,0.1662578328099,0.2415024185003,0.1328470647882,0.4284198099105,0.3588534369492,0.0585212680176,0.0892480840815,0.4292647122532,0.3286896755911,0.1014050210058,0.3432899771140,0.2534443739507,0.2252775917072,0.4203549194535,0.3214640204085,0.7275508058189,0.7452718246990,0.3111212831804,0.1306485552820,-0.2291750092399,-0.0806247465553,0.3734162210077,-0.1303181612708,0.2752029812419,0.4922440226886,0.7884320612110,0.3275612986126,0.3332413081415,0.0628367656805,-0.2088218582686,0.3140271876416,-0.2230854498323,-0.1190065152009,0.2839434767027,0.0759297925403,0.1878458553173,-0.2702698782658,-0.1929497483505,-0.3505522077401,-0.2504025033690,0.1001845327348,0.0844482145370,-0.2633230274818,0.0122650999502,0.0130830362752,0.0769455039528,-0.3270960301252,0.1998688651196,0.1190507885102,0.1483269226939,-0.1280835397601,0.2757323667317,0.2402636666348,0.3635335722749
0.0431824983162,-0.0517389522685,-0.0169923430775,0.1439186955468,0.0229394404905,0.0589428065442,-0.0447668011611,0.6032401469144,0.5227741338555,0.3227336702174,0.5254850699208,0.5609990333615,1.0000000000000,0.0016763361513,0.1128340102329,0.1861927904495,0.5692304568628,0.4196488918741,0.2830911515901,0.4158828364514,0.3125660435638,0.3206357607066,0.4989803720666,0.2084971172043,0.4345065153610,0.3762871289699,0.4641131804471,0.0888487257504,-0.0262129415221,-0.1173295479375,0.1711920337691,0.3053100292183,0.5283576989596,0.2203764004774,-0.0110749469968,0.0701651450341,0.0860570570690,0.2242606592620,-0.0359530692891,0.1840327395238,0.0585163743530,0.1937329357393,0.1317216771384,0.0512477625084,0.1590336885722,0.2357076392954,0.2752044873296,0.0268456357185,-0.0054051413696,0.2319447800346,-0.0156884376231,-0.2962636490025,-0.1473279332347,0.0289088732379,0.0088010627160,-0.0775914032156,0.6899773916213,0.5103792220339,0.4307374724089,0.5787079738448,0.1341041637679,0.5681229594310,0.6133073810050,0.8224250467941,-0.2058336215404,-0.2170110818539,0.0940329231392,0.5211818156957,0.0626573925366,0.3495566699532,0.1852598432784,0.3152781785920,0.2425219165829,0.4809257717512,0.1583684892009,0.0700576588710,0.3421569820612,0.0736340426728,-0.1891753286864,0.2347535049419,0.1998722904756,0.4120953592454,-0.3510235554398,-0.0016463826118,0.0272948812992,0.0182111008697,0.0759914994138,-0.0875525789037,-0.1409957556308,0.2316322646213,-0.0596147295427,0.1903380302022,0.0298179399018,0.1070954514610,0.1310458706552,-0.0957265884630,-0.1856408350688,-0.0040262021933,-0.0941564024120,0.1152483676475
0.6438673619174,0.6292311768756,0.5242406813780,0.3034357847065,0.6023891021520,0.3134182911375,0.0857187118698,-0.0707217036812,0.1230760288799,0.2924649567552,0.2576916847393,0.2134678383921,0.0016763361513,1.0000000000000,0.5640710734932,-0.0524995341865,0.2543903032414,0.3729165961942,-0.0598472420802,0.0861645958606,0.3169650017186,0.3067718256023,0.1376117991589,0.1890994979480,-0.0759285501429,0.1537312978849,0.1688492872314,0.2217725812129,0.1588068156872,0.4371080794998,0.0957380462935,0.1946522434547,0.0741613618963,-0.2989097886574,0.0856226580507,0.0138558955799,0.1574628165695,0.1081027183631,0.1303886247923,0.1469046619163,0.3954583206151,0.3439082779998,0.0122752211522,-0.0486520894610,0.1197572724902,0.1892215866326,0.1481430867883,0.3490507808970,0.4631191810397,0.2908674693186,0.5509668079844,0.5085994252256,0.0803419439585,0.3169730383483,0.2916714783740,-0.1638467743070,0.0256343217541,-0.1160104652741,-0.0320706759440,0.0806210193528,0.0475570886956,0.1453536108799,0.0349949597183,-0.0208662241722,0.5397653563372,0.0238514573847,-0.2538582448943,0.0838115715952,-0.3421142973161,0.1000513132415,0.1167095852481,0.1229826623277,0.2038991209140,-0.0130376056759,-0.0360768279483,-0.1567638934407,0.0568474718635,0.0198756614696,0.1050069003113,0.1379984242973,0.0267431759625,-0.1080401785992,0.2016534684166,-0.2088856367379,-0.2144324153311,-0.4119829262868,0.1078950000311,0.0404981371464,-0.2358888873940,0.0002265587926,0.1902120411267,0.1216819501871,-0.1882139429852,0.1679096362103,0.0447904790611,0.2628860512306,0.2679978841245,0.1128244795750,0.1930893742419,0.0592569424459
0.4863132150837,0.4548137198631,0.6254888682170,0.6703197208036,0.5567545082173,0.5742857748178,0.3551489843545,0.0140664970820,0.3148419372075,0.4514514382015,0.4347607648039,0.3856151303262,0.1128340102329,0.5640710734932,1.0000000000000,0.3295667273570,0.4222982944860,0.5948279276029,0.1883426085105,0.2697561301801,0.4726753498936,0.2524871685767,0.2806510392820,0.4474841080082,-0.0152793128720,0.2417411458836,0.3825113754574,0.0438811228937,-0.0228284538942,0.1495167524271,0.3335356329367,0.3147309213826,0.2522482931713,-0.4755617634142,0.4998721550060,0.2272124291577,0.4029144910657,0.2294935624723,0.4880513725334,0.1799331157064,0.3238602300413,0.5073568479178,0.4188576448428,-0.0787372017611,0.1648714472841,0.2266148061233,0.1984049057561,0.6562467560089,0.6071376689170,0.6347513097555,0.5237477903918,0.4047055609036,0.3733605990719,0.4653167737702,0.5540257849097,0.0825167459275,0.1590184806989,-0.0424532766060,0.1858884169145,0.2931751698912,0.2226423425627,0.3160061887313,0.1421089605487,0.1194851571894,0.5685410034794,0.4209959356049,-0.0187919800018,0.2158339532801,-0.2299800491497,0.3634237588658,0.2202329066063,0.2702991010535,0.4725073964314,0.1184459449798,0.0752414671369,-0.2034173897703,0.3119986601305,-0.1795180911927,-0.0313643750543,0.3320185108276,0.1419665921790,0.0999713662785,0.1878773667641,0.0055718966882,-0.1472698330455,-0.6426859608284,0.3098549158376,0.3561247914232,0.0567949351500,0.1926428354126,0.4984727879189,0.2528417020816,-0.1485260836000,0.2628710172009,0.2404802178022,0.5691354533761,0.3028171995834,0.0348619132789,0.4923785548087,0.4168283300603
-0.0314528995697,-0.3064916791358,0.1338845384285,0.3853989139163,0.0495288769640,0.3456898868051,0.5217330265912,0.2345347303848,0.2705972989463,0.0725836461128,0.1511293944524,0.1130898681431,0.1861927904495,-0.0524995341865,0.3295667273570,1.0000000000000,0.3749312512973,0.3462560073186,0.6140865200697,0.3244616776717,0.2305103780624,-0.0938702157906,0.1836698669663,0.3188341851751,0.0896024625993,0.1573651091719,0.3345952991351,-0.1079181367407,-0.4317767826722,-0.2316308029232,0.5812936514635,0.2029266048897,0.4081617288516,-0.0951601710684,0.6783932311767,0.6509157240989,0.2005911248068,0.0310237693218,0.3026778615141,-0.0071163990184,-0.1731653129505,0.0902643430079,0.4714850631180,-0.2371357877660,-0.1850679196055,0.0417303186573,0.1115077364411,0.3463610200568,0.1350582100621,0.1718790170296,0.0715914015275,-0.2056480872608,0.4334461090647,0.2223122601048,0.3355715284860,0.4905580073038,0.1943643256778,0.2259744165879,0.2894141202850,0.3073428718909,0.1514069473904,0.1870715192172,0.1175634152925,0.2810986077179,0.0726822896932,0.4027516840122,0.7440445861166,0.3046455557529,0.3702672974785,0.4297704032328,0.2817268306090,0.1105608436567,0.3544645322162,0.2623964313073,0.5420998357922,-0.0705157787897,0.2973708912548,-0.1179167195131,-0.4113471363665,0.4396512943357,0.2836502649914,0.4236017580391,-0.1114295639500,0.5725250078863,-0.1299669757868,-0.1892026663145,0.1799646354686,0.5284241202672,0.2694990318609,0.2089705247019,0.2268610664662,-0.0395418854895,-0.2349680789047,-0.0059051329299,0.0621166006668,0.3381663326195,0.2269981838729,-0.2186936196546,0.1196840963763,0.3335883178442
0.2203132702006,0.1101504582307,0.2105350884448,0.3594837233660,0.2013139782779,0.2666584642951,0.1058838002173,0.6340968377977,0.5987644434330,0.4857689738253,0.5833170193046,0.6037504736089,0.5692304568628,0.2543903032414,0.4222982944860,0.3749312512973,1.0000000000000,0.8195280359520,0.5994274544920,0.5851094952693,0.6783708500886,0.3732968358063,0.5602444761712,0.3945455796459,0.4104401775208,0.5275116910463,0.5831771837800,0.1018141432314,-0.0172015621975,0.0047464470395,0.5480041827930,0.5390838593931,0.6720973537725,-0.0099153794580,0.3630752301105,0.3089502658030,0.2729851206106,0.3863687988166,0.2002339620380,0.2318984611560,0.2352272102490,0.3446190124255,0.2629164889032,0.0694022959734,0.2147506666998,0.2922609100834,0.3526159589701,0.2962197600378,0.1855628437219,0.4037384578060,0.1273539655526,-0.1540978412552,-0.0932015017530,0.2067991589501,0.1510643132708,-0.0060844929773,0.4024060521031,0.4756826521527,0.4789284373754,0.6139652483499,0.0805328260802,0.4838302588315,0.3335446062940,0.3725384489315,0.0378053649657,-0.1281625016500,0.1316883744614,0.7115567340673,0.0969301169450,0.5185720670254,0.4792223199304,0.3624470599419,0.3913084973913,0.4691232740546,0.2396781218605,-0.0290413808412,0.4113134280340,-0.0668584859889,-0.1945316028824,0.5172854318494,0.2680660523327,0.3808987087160,-0.3129139366025,-0.0475497727600,-0.1285264925366,-0.3258015260108,0.1672747817056,0.1892000867837,-0.2626919166161,0.2797627236307,0.0985705198495,0.1234019821745,-0.0999960261870,0.1082393694282,0.0585040847260,0.1521256204480,-0.0652690855305,-0.0398592814214,0.0279886892081,0.2285654188848
0.3524573379292,0.2299933256368,0.3883224650750,0.4641389057152,0.4147322262403,0.4199207247079,0.1490274244391,0.5433750698998,0.6973381944516,0.4928759649243,0.5883631360454,0.5563799782712,0.4196488918741,0.3729165961942,0.5948279276029,0.3462560073186,0.8195280359520,1.0000000000000,0.5084055142351,0.6306768964652,0.5471627186815,0.3672271123591,0.5097740086839,0.6017135176189,0.3989745808061,0.4730459587585,0.7188185565742,0.0171352058833,-0.0069530146485,0.0646359503622,0.5084438423025,0.3938347550222,0.5783530232779,-0.2246681456013,0.3942663486525,0.2775139281412,0.4662512485887,0.3914047467546,0.3213769742165,0.2867965332086,0.3486880730540,0.5221546511545,0.2476927042457,0.0137074713080,0.2558084510366,0.3603775635714,0.3074071611294,0.4261036415893,0.3170678495967,0.5112982186367,0.3629704995655,-0.0134167547275,-0.0470480092538,0.3032411689351,0.3604417585193,-0.0509144249302,0.4950571309806,0.3722227288300,0.5613089454466,0.6617224830228,0.1421599064590,0.5523125912466,0.2670529425260,0.3284692942583,0.1953562736609,-0.0660485402402,0.0942553069853,0.6940461978237,-0.0354965700210,0.6606029595355,0.3452869085613,0.4019463161238,0.6407227329886,0.5184966561630,0.2260317028233,-0.1835213298021,0.5317519230666,-0.2138514725950,-0.1774122747226,0.6436189629789,0.1770065380600,0.4050592988822,-0.1779045522402,-0.0717051981094,-0.1415431527772,-0.5199762020545,0.3880349582676,0.2328070759069,-0.2101750245327,0.3846082958751,0.3025373821066,0.2430092445597,-0.1363414360459,0.2189856910296,0.1283126984684,0.2919444926733,-0.0205092512779,-0.0192637224012,0.2195215620795,0.3381121410972
-0.0950538469895,-0.2460642824504,-0.0116086363873,0.1702913891887,-0.0517336467711,0.0844317887307,0.1039348216711,0.6367613741887,0.5334827393348,0.1823084088400,0.2199780573140,0.2178341405132,0.2830911515901,-0.0598472420802,0.1883426085105,0.6140865200697,0.5994274544920,0.5084055142351,1.0000000000000,0.6233345336334,0.4528182310322,0.1126190312286,0.2865120812468,0.3825295900497,0.4496298544294,0.4153095377714,0.4473591435275,0.0046559042511,-0.3409510541968,-0.1891288327271,0.5438829164923,0.2776765450247,0.5026831557527,0.0066090341450,0.4262053692298,0.6600346128799,0.1952640238193,0.3489928903396,0.1423117125367,0.0719970733519,-0.0288152839412,0.1083465901753,0.2060563464179,0.0043553588996,0.1038799699154,0.1092711267636,0.1614250322495,0.2302365685014,0.0958772605822,0.1019562133840,-0.0936238695579,-0.3529988488056,-0.0553171602029,0.0087105889100,0.0335988589321,0.0602432648759,0.3066889212083,0.5333573666112,0.5186883938940,0.6165954801239,0.0547966854443,0.2407028507112,0.0917975535520,0.2134536525385,-0.1945734073823,0.0230594721280,0.5201881321971,0.4882853592907,0.6439910594776,0.5655054876924,0.3909910330173,0.1642644999010,0.3667952902081,0.5279899214750,0.5220482404603,-0.0024406628154,0.3540133771708,-0.0338331255476,-0.4554923192986,0.5202433116996,0.2195904955928,0.4302512218824,-0.3280745989394,0.2629768156517,0.0304587112829,-0.1240387111164,0.1373524268893,0.3702319942198,-0.0452174356606,0.4322543103188,0.0115689277483,0.0078813374286,-0.0343042132449,0.0178235607783,-0.0257696445587,0.1695910883756,-0.0177019640987,-0.1319895736758,-0.0947665233764,0.1540023580441
0.0844686879044,0.0139376660621,0.0364578477395,0.0828656117009,0.0975900122511,0.1096734854427,-0.0640241680388,0.6525899498366,0.7662132832903,0.2004571686681,0.3140617073619,0.2515145007438,0.4158828364514,0.0861645958606,0.2697561301801,0.3244616776717,0.5851094952693,0.6306768964652,0.6233345336334,1.0000000000000,0.3963469673447,0.1686294029120,0.3983839804934,0.5883144798632,0.7759425182333,0.6829646230423,0.7770590592177,0.0345526796680,-0.1494857393178,-0.0149538106696,0.4202017348802,0.4820911298448,0.7117135831541,0.0084026464068,0.2791430710840,0.4106432453900,0.3640087881705,0.7054715478586,0.2166753944368,0.2533714064921,0.1996071626441,0.3159643376374,0.1836735727012,0.2336069612889,0.4716729358887,0.2620657581668,0.3167110744503,0.3050285311007,0.1641416804128,0.2399999946963,0.0454723434896,-0.3953072984114,-0.3206916830946,-0.0156328978177,0.1064525595552,-0.2319919744482,0.6125733416524,0.5321346798506,0.5175988080784,0.7494390371297,-0.0694918891917,0.3278423296485,0.1030987998487,0.3383280577667,-0.2485023779986,-0.1815757112502,0.1603899855872,0.4921081258657,0.2693643630928,0.8619592489067,0.1512470744334,0.1590473752276,0.5727862460918,0.7931195009611,0.3545498705612,0.0584656213347,0.6341320754898,-0.0795352593063,-0.2942388569738,0.5229426867319,0.2341524253422,0.5764535032114,-0.3087327649773,0.0294563911514,0.2377212048670,-0.2414358576561,0.3119267382803,0.2105929056700,-0.1339529831552,0.6844502497017,0.1325149125527,0.1929014645662,0.1530365767761,0.1188082743151,0.0457547444372,0.1440248043488,-0.0639571457808,-0.2123989435042,-0.1088526211590,0.0789638887845
0.4198248180304,0.1628038296385,0.3346831488038,0.3959578821164,0.3020821708274,0.3494396092207,0.2117188432901,0.3270313213769,0.3684990583078,0.5981853369253,0.5420871429666,0.6708811881383,0.3125660435638,0.3169650017186,0.4726753498936,0.2305103780624,0.6783708500886,0.5471627186815,0.4528182310322,0.3963469673447,1.0000000000000,0.6244502815186,0.6405122490181,0.5106547753936,0.1706388510533,0.3851857375462,0.3897483066486,0.0418958126952,0.0492673141366,-0.0837762638767,0.3612411444492,0.2952310705954,0.4052279196524,-0.1866721029609,0.4748302274780,0.3482658330514,0.3028881513167,0.2317266589750,0.1744360371971,0.0882331399798,0.2053083098071,0.2712472572957,0.1694199241446,-0.1475396152252,0.0786912507456,0.2388772335473,0.1146269588347,0.3784877733491,0.2126737822771,0.2774666807302,0.2482107781222,0.0141625714009,0.0224344296604,0.3397628414675,0.2293429767083,0.0651020596889,0.1683592321943,0.2290911615989,0.1377106468212,0.4144506514399,0.1531027143723,0.4303470361103,0.4018340131173,0.0625068646750,0.1117605059599,-0.1181948938863,0.0243132612229,0.2663800682724,0.1110158720231,0.3583166118238,0.7152110015586,0.6110945583882,0.4523710806140,0.3853419285798,0.2284454104559,-0.0778528718837,0.3340735974178,-0.0916530651631,-0.1842090259104,0.3966176137507,0.2138936673327,0.2451032229785,-0.2689290877574,-0.1301232938280,-0.1723798588205,-0.2419571446636,0.1966016856333,0.3924672361122,-0.1356126739111,0.1618387895917,0.1294915927664,0.0630048194224,-0.1736935510550,0.1538258298858,0.0563860577936,0.2924341846040,-0.0093645574105,0.2132776440392,0.0754550948370,0.3521209195149
0.3933640768360,0.2541988216698,0.3172591194508,0.2336834644953,0.3650408819051,0.2578179544000,0.0538692320669,0.2759995517424,0.2357965491874,0.7230202280141,0.4595364330742,0.6763587881478,0.3206357607066,0.3067718256023,0.2524871685767,-0.0938702157906,0.3732968358063,0.3672271123591,0.1126190312286,0.1686294029120,0.6244502815186,1.0000000000000,0.5735550527852,0.2273991419189,0.1077546033554,0.2192076391919,0.2403481175236,0.0805456508044,0.2485949779465,-0.0810747221377,0.0101677582080,-0.0241797409614,0.1325813405476,-0.2338728150836,0.0437245282616,-0.0086820998842,0.0806439666432,0.0505124854544,-0.1632727522364,0.0384618095189,0.3783009854863,0.2889408259321,-0.2348122188385,-0.1924912611507,0.0208913690449,0.3418293267220,-0.0670372352288,0.0784479293459,0.1557490466259,0.0793772168546,0.3310059747662,0.1484244710365,-0.0709220022677,0.2518160767998,0.2012354779061,-0.1003014848006,0.2143954442171,0.2580954272524,0.1280024061540,0.2686199426456,0.4373649648761,0.5047682239413,0.5331728858540,0.1071046143051,0.1634738812982,-0.3743521065780,-0.1865186078893,0.2242241500100,-0.1269802321365,0.1435323728006,0.5039433387869,0.7257241422603,0.2457776262708,0.2761013143648,0.1145787946289,-0.1061508261193,0.2236917943303,-0.0503565757723,-0.0441202469849,0.2287111943092,-0.0448959334151,0.1094672420258,-0.2431068799276,-0.3580516426546,-0.1743488032229,-0.1775954321153,0.0736230220543,-0.0105377862759,-0.3189106619067,0.0653905371260,-0.0926209983976,0.0528323643326,-0.2125874410770,0.2534253066377,-0.0191833360051,0.0081849622364,0.0129774976718,0.5891723449316,0.1149712561461,0.2436267345878
0.3538759237158,0.0615988666822,0.3165788612355,0.4015972478643,0.3013047056884,0.3976605509622,0.1628149961332,0.4182290637946,0.4366020072081,0.5132394545671,0.7237362604148,0.8160697297353,0.4989803720666,0.1376117991589,0.2806510392820,0.1836698669663,0.5602444761712,0.5097740086839,0.2865120812468,0.3983839804934,0.6405122490181,0.5735550527852,1.0000000000000,0.3562991297813,0.3185873726972,0.3502015987084,0.4968321066528,-0.2034419335439,0.0825041234073,-0.1694893839947,0.1707975427220,0.2159681176094,0.4690627312579,0.0125552829274,0.2296219015034,0.0419096524172,0.0825919449795,0.0559091509108,-0.1360289478954,-0.0482709116566,0.1981846021138,0.3350352200306,0.0532545887396,-0.2895857358582,-0.0593522832131,0.4906478487420,0.2646073263632,0.1407301355662,0.0398388033854,0.2892518030314,0.2574367890826,-0.0547728271685,0.0403243577536,0.3493304518977,0.2714821359737,0.0832765115683,0.4230792229973,0.2639460178850,0.2112719777011,0.4539006961993,0.1168462866518,0.6298400549932,0.6246459059740,0.2801772566588,0.0416859338292,-0.2717731889857,-0.0009015143245,0.3530645879859,-0.0639867780110,0.3695416742336,0.4209281157781,0.8185834654148,0.3803901221300,0.4731539708279,0.2152702718629,-0.0220972437816,0.4107785150229,-0.2480856849428,-0.1122369324901,0.3539896792270,0.2723120178742,0.3237026938048,-0.2969661907959,-0.1428048210196,-0.2686112176684,-0.1179229868348,0.0953855300579,0.1093784496068,-0.1972605512848,0.1257987120151,-0.1066546399648,-0.0605004857851,-0.2727856690578,0.1230048271609,0.1557026144063,0.0586657927050,-0.1427574603613,0.1465676322506,0.1360516906620,0.3660080829302
0.2319926708397,0.0741313827330,0.2261068086125,0.2612538565279,0.2849987400591,0.3000685857914,0.2055759040458,0.3307057523040,0.5977077626894,0.2432511979366,0.3518694683542,0.3065079996661,0.2084971172043,0.1890994979480,0.4474841080082,0.3188341851751,0.3945455796459,0.6017135176189,0.3825295900497,0.5883144798632,0.5106547753936,0.2273991419189,0.3562991297813,1.0000000000000,0.3082440743536,0.3660551369930,0.6298186114485,-0.1009029747650,-0.1215425566780,-0.0565939836216,0.2710183846259,0.1050957559807,0.3375743093219,-0.2547282960098,0.5184458965982,0.5067078120017,0.6302852852264,0.2531712082506,0.3309869688908,0.1362579551321,0.1517331190836,0.2945128083608,0.1413781381246,-0.0743708715329,0.1383129136959,0.0921443274558,0.0034935724074,0.3930753671987,0.3312708096191,0.2350433280555,0.2835035716588,-0.0940808088832,0.0210000273146,0.1848950419041,0.3229471183481,0.0293112080999,0.4283821031046,0.1980070627311,0.3156418240267,0.5352932126684,0.0736913314756,0.4020216503230,0.1429198983646,0.1955113645788,0.0765435031403,0.0339648136135,0.1455315906158,0.2858090330557,0.2188500887440,0.6264868615125,0.3571490915258,0.2975975836237,0.8944827212733,0.6130976867744,0.1993928741042,-0.1837458041906,0.5529037832513,-0.2482183273186,-0.2135544198431,0.5283958878259,0.0896036362561,0.4584872773852,-0.1480038216072,-0.0221689678107,-0.0214072119118,-0.3357499162228,0.5921049672935,0.4972891096708,0.0783370934846,0.3928374055623,0.3901719236446,0.1613695013443,-0.0286334763685,0.0720519822166,0.0081240890418,0.3542974586820,0.0472242260527,-0.0390986364917,0.1056277094499,0.3529361236880
