1.0000000000000,0.5388231068603,0.7696165089024,0.5495462000263,0.8863275748629,0.6039990708161,0.5588466630484,0.0857684278334,0.0015438460985,0.3958021850861,0.0900033895716,0.2396354963768,0.1459168575102,0.5239180210385,0.2878990908368,0.3162730485860,0.0285361229324,0.1311347584200,0.1298319623607,0.0326292509244,0.3082616406172,0.1761546932785,0.1707144222013,0.2812484910326,-0.0115443428674,-0.0856408197976,0.1649933315322,0.1661636249183,-0.2187764425074,0.1732534328581,0.0541445712533,0.0820254771221,0.1404546624823,-0.0241640857553,0.2598993287848,0.0992920875965,0.1820576242773,-0.2407941040362,-0.0243285481377,-0.0824814894089,0.1088762442539,0.1599140801279,-0.1084824240174,-0.3425367350291,-0.0301036857648,0.0981558345741,0.0556093012880,0.3199484817303,0.2994458700333,0.1336137801300,0.8194155819824,0.6824256961964,0.5550270659010,0.7314310838288,0.6268182445159,0.5252620997375,0.2172792139828,0.0114466225324,0.3329873688680,0.0069555926751,0.2374928434468,0.1462736151207,0.3173985114820,0.0831408150162,0.2990881870777,-0.0900439339542,0.1002803732985,0.1648897475955,0.0524718486576,0.1033727195483,0.1630201202541,0.1990317164004,0.2982497168466,0.1505471187660,-0.2483720367066,-0.1985853348346,-0.0590571879641,-0.2009981119015,-0.1680855524963,0.1325415029263,0.0103604647418,0.2081209384459,-0.1953014023681,-0.1960313842733,-0.1230569182791,-0.1384737272449,0.1633113381091,0.1934160449487,-0.2914639110428,-0.2555787037259,-0.0610285742592,-0.3041224671481,-0.4076458700784,-0.1121217448367,-0.0575089511649,0.3153493729614,0.2078701483856,-0.0078759534543,0.1680046012424,-0.0607613072942
0.5388231068603,1.0000000000000,0.5760454105666,0.3502171005992,0.5018135869424,0.2248584310044,0.2021693419996,-0.2042517196921,-0.2864499845160,0.1430008846109,-0.2651390583821,-0.1414942480250,0.0095238946013,0.7053003032885,0.3515652591208,0.0382061915391,-0.1756796175001,-0.1717347654583,-0.0417008745213,-0.2560285602108,0.0828212317026,0.1597741089547,-0.1419200809978,0.0250139438437,-0.3097299791336,0.1037903886573,-0.1698532644803,0.3549965710053,0.2022810476989,0.5523308012422,-0.2229243347478,0.0265345733802,-0.1848696658229,-0.0195474798033,-0.0829384293926,-0.2084999759652,-0.2480530645032,-0.3495188576556,-0.3332609432127,-0.1179881088109,0.3123487502134,0.0193178079723,-0.3250924589898,-0.1223456373778,-0.2659680563708,-0.0067509573482,-0.0824015860195,-0.0221445049143,0.4348606397566,-0.0182127004830,0.6298553394780,0.7381608725137,0.3187519955479,0.3432896233124,0.2770022073349,0.1700145537155,-0.1106891072169,-0.2797500098900,-0.0075037782029,-0.2788498300659,0.0776821417639,-0.2109388244234,-0.0539773456845,-0.1108967824507,0.6418631648216,0.0514607620010,-0.0375953177233,-0.1467043720548,-0.0686372386205,-0.2179072225869,-0.0712309254399,-0.0327950772882,0.0445208748301,-0.0856733574608,-0.3703873794399,-0.0323529941786,-0.3391406386171,0.0305383497077,0.3013830728872,-0.1826048670606,-0.1905457379823,-0.1914455771525,0.3186428111307,-0.2874778484687,-0.2496439324787,-0.1625820578193,-0.2088912177216,-0.1338716963528,-0.3131506779335,-0.2978367567491,-0.3330538221728,-0.1924081820641,-0.1445115811256,-0.1393951479142,-0.2261610965517,-0.0351410020594,0.5095351734267,0.0911375373780,-0.0131147281918,0.0109432604534
0.7696165089024,0.5760454105666,1.0000000000000,0.5604407588903,0.8266704246041,0.7505769486339,0.6066563433431,0.0746667861619,-0.0466044228096,0.4489833804017,0.0706227691989,0.1805164014339,0.1303233811831,0.5830777454759,0.3259350119323,0.3603078206596,-0.0641778269975,0.0704261845661,0.1263146793956,0.0807403148139,0.3212169395397,0.2168034908406,0.1191608667866,0.3216492754084,-0.0163461161995,-0.0419585817862,0.1765484022304,0.3124437168094,-0.1702100616360,0.2747188667560,0.0981395913955,0.0663426614012,0.1489581517245,-0.0516345803317,0.2518451765459,0.0975094573437,0.2464008811983,-0.2343213465299,0.0352687812468,-0.0098762590436,0.2491576864544,0.2040501041812,-0.0667149737250,-0.2804590671947,-0.0731650797370,0.1210545823654,0.0928263743547,0.4327341644920,0.4146553814414,0.2401008707735,0.7035829401562,0.7053924676678,0.5054406533583,0.7815136507866,0.7025280079841,0.4871359303276,0.1000642542142,-0.0729863869741,0.2809035821571,-0.0931870428211,0.3042723920788,0.1207024209060,0.2919385982991,0.0384992544419,0.2913907014176,-0.0213950481234,0.0620674491572,0.1918898232824,0.0480031114391,0.0895241616026,0.0993569093840,0.1487801694330,0.3521238298896,-0.0106686171348,-0.3042424925921,-0.2420364512314,-0.0821551362972,-0.1749056118467,-0.0826381349624,0.1781509904066,-0.0454684395665,0.1613735499721,-0.0100122921346,-0.2762726489761,-0.2395854434190,-0.1940634979033,0.2521913769606,0.1164940156217,-0.3357744739913,-0.2966066136053,0.0247503090329,-0.2234646344197,-0.4202558196556,-0.0791423904040,-0.0862589373091,0.3975352672982,0.2602104307125,0.0576716085208,0.2405222869582,-0.0618680017634
0.5495462000263,0.3502171005992,0.5604407588903,1.0000000000000,0.6303802697406,0.5908253692381,0.8926002752565,0.3064080133492,0.2486874389824,0.2531093986037,0.1142926786196,0.1272581553459,0.2991183892637,0.3237852553279,0.6533538465413,0.7235454387693,0.3438971671275,-0.0002999270911,0.5134054094012,0.3794032883236,0.3906526534488,-0.0371613904390,0.2089234452899,0.5281978801867,0.0790072303623,0.2141308625846,0.3137788717327,0.2125828240310,-0.2680079671364,-0.1033082593076,0.3762217449235,0.3654227414710,0.1985146456667,-0.1038023727354,0.4704276152813,0.2107933938239,0.0623807194045,-0.1607540916448,-0.0448483013892,-0.0715429651944,-0.0661711504032,0.0093337830944,0.2371598658259,-0.0968710365305,-0.0811816030245,0.0643124533171,-0.0982644934967,0.2774601492818,0.0875972055888,0.1951007681801,0.4443213680434,0.3025873916822,0.8170018151286,0.7198569127855,0.6865076676506,0.9106509398608,0.3009212197751,0.0640348731184,0.2377610918800,0.1390077535780,-0.0660856373399,0.1453283476130,0.0820920211450,0.0054560697629,0.1271159993658,0.3683494291938,0.6003876625958,0.1705280548883,0.5455720802683,0.3718205445057,0.2642099327028,0.0500389293895,0.5128977852532,0.1639616086250,0.2125737390542,0.0900424548916,0.1849772329737,-0.1876558328050,-0.1129237021010,0.3974717574316,0.0365100752741,0.2173887087667,-0.3439704441519,0.1872927660682,-0.1745173231835,-0.2691454127332,0.1222853143648,0.3550288325826,0.1463416188188,-0.2323784101103,-0.0833617898374,-0.2454114728000,-0.1423553955148,-0.3545405693848,-0.3348833933479,0.2586847992768,-0.0112468148343,-0.3078113260561,-0.1569070012075,0.2842738392038
0.8863275748629,0.5018135869424,0.8266704246041,0.6303802697406,1.0000000000000,0.7865256920492,0.6649148000373,0.0953027976463,-0.0349166859977,0.4464509518227,0.1195329409915,0.2739165110802,0.1973930003453,0.5767475020183,0.3302424770622,0.3863729947832,0.0632217247010,0.1093090464024,0.1456972406102,0.0400410573168,0.3719278322257,0.2862324820320,0.2076053848341,0.3187704927737,-0.0461052954648,-0.1043493837945,0.1451695023099,0.1497957962444,-0.1759306844047,0.1194807747577,0.1253086557554,0.0865728763892,0.1842159553597,-0.1071702620553,0.2667754591927,0.0166170602467,0.2042526368292,-0.3027812110614,-0.0697505011340,-0.1477692926574,0.1784977279692,0.0637982846287,-0.1028836742794,-0.3751354756709,-0.1214095021086,0.1019456337675,0.0591486985883,0.3824077509961,0.4622694510946,0.1616402299595,0.8396514952361,0.6217688526076,0.6177198311343,0.8374415546578,0.7793008646487,0.5981234566577,0.2154818241850,-0.0144762339240,0.3288208824738,-0.0604516183954,0.2963515824955,0.1490836991787,0.3294306606517,0.1199711867975,0.3229641416580,-0.0307252825248,0.1098083188857,0.2205969212270,0.0732426842428,0.1262158379488,0.2037109984535,0.2170698020885,0.3547986153177,0.0959545436380,-0.2048875922606,-0.1902438908741,-0.0795256370435,-0.2409770387971,-0.0968029075981,0.2120499196014,0.0331558088744,0.2583123533623,-0.1228963587698,-0.2390284737206,-0.1954897144480,-0.1573509063971,0.2078675372224,0.1724656209585,-0.2980602568192,-0.2893364338029,-0.0468490358758,-0.3657689960159,-0.4340852511531,-0.1231454719803,-0.0623760757487,0.3521565337972,0.2481632818705,0.0795459438318,0.0599020513176,-0.0332657139406
0.6039990708161,0.2248584310044,0.7505769486339,0.5908253692381,0.7865256920492,1.0000000000000,0.7092251955656,0.2245687157848,0.0721997948387,0.5181445448907,0.3429743003873,0.3728805536177,0.2576324979499,0.4199263544906,0.3316655135844,0.4505617789913,0.1640969867370,0.2288072284179,0.1541581496287,0.2354664194284,0.4123420615537,0.2659929616213,0.2958220167719,0.3975081408722,0.1434999621862,-0.0885532554929,0.3482852878022,0.1839030733496,-0.2441641342824,-0.0215542260175,0.3360071126001,0.1267917238327,0.3658580711842,-0.0730613385447,0.3457052863917,0.0525139198635,0.4276114692625,-0.0884962583297,0.1848009688691,-0.0006076222816,0.2220684001421,0.1768027612384,0.1264203963995,-0.2532391559176,0.0445724667983,0.1567100878109,0.1576704555573,0.5849706988282,0.3737689952486,0.3513796654210,0.5432688665954,0.4049531571052,0.5323754155675,0.8366881802517,0.8954312341538,0.5486957470377,0.2344863132723,0.0786290052818,0.3546605999937,0.0161014456627,0.3134219862355,0.3017933796381,0.3846392667128,0.1491040131753,0.1501676944854,0.0525218510688,0.0430488305019,0.3991100803756,0.0505450014736,0.1986810755833,0.2256043289993,0.2012464421094,0.3863644129615,0.0886873169264,-0.1268814394602,-0.2686422730677,0.1013950015793,-0.2269698955126,-0.1393237429922,0.3914670559153,0.0239944382516,0.3188296026707,-0.1709248656493,-0.2354619840401,-0.2199596388265,-0.1727609238088,0.4011095483017,0.1584178108946,-0.2226056732184,-0.2411666829063,0.2313486901704,-0.2055168197583,-0.4044158481505,-0.0851910078579,-0.0304317271377,0.4851167210245,0.0956758791592,0.0379007518072,0.1325924929641,-0.0140635027007
0.5588466630484,0.2021693419996,0.6066563433431,0.8926002752565,0.6649148000373,0.7092251955656,1.0000000000000,0.3818790195022,0.2761879787959,0.2795451442260,0.2533309019065,0.2209515042537,0.3285622554094,0.2015939669427,0.5563205870844,0.7760509103312,0.3709762113391,0.1273140356966,0.4611045368430,0.4394738120759,0.4226860883451,-0.0606700438842,0.2288018878663,0.5612602144003,0.1947494449795,0.1772976408400,0.3862545079068,0.1119541805450,-0.2872145674319,-0.1407629280649,0.4975408452952,0.3327657659470,0.3008262791225,-0.1004391936893,0.6038669706611,0.3091610401096,0.2183240130898,-0.0393208027737,0.1706927747556,-0.0467891325454,-0.0723035031396,0.0670858182139,0.3091625800251,-0.0671935866214,0.0638417112960,0.0364104122502,-0.0757685089775,0.4403081410405,0.0453319677764,0.2566152061963,0.4195610467699,0.3266609616793,0.7964625311051,0.7928266021250,0.7724304013458,0.9201201898199,0.3976903824027,0.1348157720476,0.3668942376237,0.1761370475183,-0.0067985828823,0.2681350883782,0.1813069638355,0.1146816416753,0.0618571366850,0.2858028031194,0.5110461736848,0.3241619706930,0.4449533095119,0.4291699285397,0.2821267110484,0.0492556862733,0.5099405665399,0.1829831361823,0.1559757479654,0.0343899249106,0.2088253155836,-0.2652881405041,-0.1478842269381,0.5204397250456,0.0376045626148,0.3491989624687,-0.3828065508855,0.1267329723341,-0.0829999856717,-0.3213477488472,0.2284644562306,0.4461357684309,0.0762257039473,-0.1531016143371,0.1161986002176,-0.2139949563976,-0.1647981769970,-0.3475643138883,-0.2612470295444,0.4068001291244,-0.0980096476088,-0.2893144404884,-0.0729234089126,0.1663699230070
0.0857684278334,-0.2042517196921,0.0746667861619,0.3064080133492,0.0953027976463,0.2245687157848,0.3818790195022,1.0000000000000,0.8028405195181,0.3210445134559,0.5418392447785,0.4572467927831,0.5769925244949,-0.0742899916057,0.3181454040987,0.5907517899430,0.5860473793431,0.6205408238360,0.5425352888025,0.8082245246993,0.3605485196373,-0.0158589315450,0.4706409188549,0.6252796989870,0.6459686377089,0.1742755489597,0.6206366530360,0.0554233503523,-0.2920759377940,-0.3056387696744,0.6347267594636,0.4141501685868,0.3944215716211,-0.0199946228583,0.5079963455167,0.3561835199448,0.4261277518963,0.3150577217664,0.2943820510201,0.1237038824691,0.0372874382090,0.3872988341104,0.4644791066193,0.0425567693807,0.3563763015438,0.2218525509040,0.1709833213499,0.1879991027593,-0.2157112058875,0.3796037845541,-0.1414873492394,-0.1193995906039,0.2114771064514,0.2070507678461,0.1797703426259,0.3116343716320,0.7021292913110,0.7604424570485,0.6594525726451,0.6748361169863,0.0646439012130,0.5471478612277,0.3855855805359,0.3892136791598,-0.2256672467240,-0.0185672572461,0.2858830705029,0.6076899863957,0.3782277690610,0.6675974098702,0.3527061024213,0.2340800377176,0.5617904656984,0.4304258768664,0.2631383832882,0.0055613398567,0.5747766723765,-0.1644657681748,-0.2377022972117,0.6288849404028,0.1145096039707,0.3755550046646,-0.4440643182742,0.1514179619099,0.1329360764364,-0.0832263246763,0.3758304969217,0.3848984810006,0.0863935464127,-0.0156726094421,0.2480546778575,-0.0186433641508,-0.1416698367806,-0.0683320995454,-0.0506988291297,0.2040345030343,-0.3322069268887,-0.2667222224637,0.1482597977517,0.0282019522351
0.0015438460985,-0.2864499845160,-0.0466044228096,0.2486874389824,-0.0349166859977,0.0721997948387,0.2761879787959,0.8028405195181,1.0000000000000,0.1902390548772,0.3755637733216,0.3394343565125,0.2754938455119,-0.1969927646759,0.2979876887522,0.5255215491299,0.4997899947019,0.3541329138817,0.7231660509780,0.7554174328186,0.2445908482727,-0.0256448763453,0.4090520996443,0.5386467950235,0.6026591227604,0.2803065321174,0.5333802958421,-0.1006038997955,-0.3086917276989,-0.3800351523641,0.4872593936971,0.4300865795000,0.2487903247221,0.0593139549247,0.4969126955438,0.5366869060195,0.3305257567693,0.3509568222677,0.2618937995809,0.1236651276676,-0.0894260871908,0.2376350566407,0.4817019027146,0.1465307944965,0.3084756519899,0.2030100215092,0.1282960181479,0.1496072369835,-0.2817828212428,0.2165301831393,-0.2250909743831,-0.2884863415244,0.0897344687689,0.0955153205543,0.0820327741137,0.3020764427720,0.4920726565177,0.6684575081549,0.4645484209637,0.8423986717820,-0.0411645372803,0.2998825774070,0.1386225056230,0.1186215029234,-0.3125188502598,0.1038022674953,0.4715082558393,0.2919986489548,0.6072920483292,0.6756401979331,0.2516244518445,0.1024912974360,0.5509620194307,0.5089942978928,0.4125626513415,0.1408805139345,0.5665331762040,-0.1794541846297,-0.3556490510315,0.4868849183557,0.1620980807384,0.2171998917992,-0.4452743295085,0.3676398335444,0.1887488477743,-0.0085814427012,0.3301441039554,0.5006656937039,0.2838667224026,0.1498177622625,0.1946491454060,0.0309260039653,0.0799917976124,-0.1184791796397,-0.0984789904935,0.1808772683762,-0.3929862581909,-0.3227561982928,0.0771140006376,0.1397653621255
0.3958021850861,0.1430008846109,0.4489833804017,0.2531093986037,0.4464509518227,0.5181445448907,0.2795451442260,0.3210445134559,0.1902390548772,1.0000000000000,0.4998507837026,0.7717149171995,0.3388594324169,0.4175007466567,0.2591771353366,0.1928015584693,0.3004095207821,0.2783739865911,0.0920352009076,0.1653268885897,0.6753083688024,0.6311204454356,0.6069936329370,0.2925818404869,0.1562021799900,-0.0317387470803,0.4684461560222,0.0422324737241,-0.2458586663018,-0.0896387323565,0.2880279256647,0.4045747499663,0.5432604132417,0.0663260687871,0.2178487558760,0.0736982635141,0.5779204978920,-0.0374335054555,0.0994451576959,-0.0224250683798,0.2828779895229,0.4392392776182,0.0479805337180,-0.3203584228235,0.1141334401962,0.4370339260011,0.5101853495422,0.3439740125381,0.3151388646462,0.4452144749989,0.2761587306159,0.1682949317195,0.0761740767957,0.3959502546055,0.4295219404576,0.1653120592162,0.2451900024698,0.2455848016549,0.3939342880868,0.2636377075138,0.7036457636633,0.4480871918705,0.6078914067850,0.1610076234076,-0.0328554578949,-0.0796225900673,-0.0625645483347,0.3651597623823,-0.0560682374498,0.1366892020246,0.4602021683759,0.6170293464596,0.3115389526082,0.3372274029003,-0.0863842183232,-0.2291285263720,0.3155188231850,-0.4187862896733,-0.3720581329848,0.2350458275308,0.3596038959442,0.3990013940626,-0.3301947634778,-0.2713051917747,-0.1994253696041,0.1916612002140,0.5221036907983,0.1698769895199,-0.2151641838915,-0.0952303028588,0.1499471109097,-0.1161578501114,-0.4103386978615,0.1136000743279,0.2280171103735,0.3271328161189,-0.0450484397855,0.1886302521802,0.4641402877997,0.1999339770168
0.0900033895716,-0.2651390583821,0.0706227691989,0.1142926786196,0.1195329409915,0.3429743003873,0.2533309019065,0.5418392447785,0.3755637733216,0.4998507837026,1.0000000000000,0.6753222174441,0.4788102946913,0.0643694375363,0.1169989320028,0.3410178614336,0.4837156025092,0.6232008644467,0.1469447338814,0.4476995465986,0.4808621030437,0.2685286508785,0.6769021384442,0.4512324967886,0.4059369008471,-0.0121721976245,0.5619722351376,0.0269023627887,-0.1534058311729,-0.2183329280214,0.5008210432270,0.3227216188523,0.5461712477357,-0.0654604155240,0.3384876973270,0.1267523443519,0.4894837857036,0.1630714714498,0.2999075645344,0.0423921982913,0.2017447744245,0.4929341969187,0.2571825196359,-0.1664559289615,0.2548699346142,0.3649138618799,0.3577244090833,0.3852882293565,0.0077099062338,0.4458794662130,-0.0752411887282,-0.1562793351544,0.0533091104220,0.1888244927538,0.2978681994976,0.1232608129992,0.4219600154592,0.4747971185722,0.4882031874517,0.3256631507067,0.2538053581963,0.8222531728902,0.5450643095063,0.3248573469843,-0.2485792866895,-0.1169008304992,-0.0403765137353,0.6215415032296,-0.0041058923555,0.3173729621711,0.4144796958385,0.4966637920148,0.3596641513842,0.3072017419142,0.0808432717415,-0.1877796023466,0.4598680908301,-0.2454927366364,-0.2158489170904,0.4917039925807,0.1919000242149,0.4243925198644,-0.4582973583800,-0.0810311619640,-0.0049412257230,-0.0236104192413,0.4351120113905,0.1699159019820,-0.0770532024311,-0.0447290656102,0.3715009125672,-0.0207781666274,-0.3221230672771,0.0877182259726,0.0810799347513,0.4057770079484,-0.1919525967941,-0.0416700751217,0.2113560026113,-0.0123844415375
0.2396354963768,-0.1414942480250,0.1805164014339,0.1272581553459,0.2739165110802,0.3728805536177,0.2209515042537,0.4572467927831,0.3394343565125,0.7717149171995,0.6753222174441,1.0000000000000,0.4772323376298,0.1055924216912,0.1689993307558,0.1960606846193,0.4677442433621,0.3523417143688,0.0970736629523,0.2584291741113,0.5625537419176,0.4562841861593,0.7945426974084,0.2040667101157,0.3177805336141,0.0026038024097,0.4338664490910,-0.1432227815758,-0.2579595086021,-0.2896700794066,0.3562939994086,0.4424667818827,0.6197998928300,0.1301641825272,0.2573360000416,0.1222724208753,0.4873069199799,0.1740631429664,0.2460359521233,0.0474331015575,0.1957827717146,0.3910835312443,0.2354047933830,-0.1593941666409,0.2905547106125,0.4430155586911,0.5974341358322,0.3558765775086,0.0663880582036,0.4486322855269,0.0885163198146,-0.0959601418622,-0.0032136312960,0.2279883487854,0.2869435914317,0.1178215196973,0.3716458601145,0.3633837210107,0.3519154073440,0.3583617846226,0.4527692011620,0.5606974950681,0.6725373643860,0.3280824887617,-0.2404823594405,-0.0647808172344,-0.0039982790829,0.4079437909575,-0.0284021151374,0.1646923616485,0.4271412439674,0.5767721020914,0.1940773924995,0.3400145889640,0.0519965260787,-0.1606745216534,0.3019795849439,-0.4273935994267,-0.4243019663597,0.2535929741837,0.3758069660214,0.3971759308190,-0.4614859389611,-0.0586022565231,0.0137825722135,0.2726913837089,0.3853955898712,0.2173258905687,-0.0093869479416,0.0307095735736,0.2469489342699,-0.0679367274735,-0.2235059783615,0.0634170327251,0.2702834055756,0.3047111343958,-0.2526355125707,0.0666663923846,0.2648212229386,0.1116832593238
0.1459168575102,0.0095238946013,0.1303233811831,0.2991183892637,0.1973930003453,0.2576324979499,0.3285622554094,0.5769925244949,0.2754938455119,0.3388594324169,0.4788102946913,0.4772323376298,1.0000000000000,0.1224718502295,0.3526579350590,0.3144495196277,0.4985217031921,0.3694743519635,0.1598939194470,0.3106722551459,0.2905934683840,-0.0036104454001,0.3245263392454,0.3317700942723,0.2306991908185,0.0147123527909,0.3443022361723,0.1356256018527,-0.2235809592808,-0.1416282120216,0.3999746490660,0.2310302980262,0.4029390053213,-0.0745447453124,0.2413237389917,0.0583739971838,0.2563881515414,0.0932475494418,0.2345743903473,0.0333527553164,0.1114354001277,0.3035334077477,0.3019120956071,-0.0501371486443,0.2578478682872,0.1710908452367,0.1377597536141,0.1671334430125,-0.0168770339508,0.4032241125793,0.0726928201861,0.0533863879786,0.2833223068104,0.2324929484377,0.1954217142986,0.2525252677413,0.6415502905556,0.3240238486789,0.3034653540870,0.1925145912639,0.1525439151121,0.5045023499397,0.5484976269624,0.7825892387159,-0.0212910003650,0.0720065509987,0.0848365855460,0.5920899156981,0.0699979054484,0.1807315373429,0.2921289655084,0.2084151017114,0.2430754611914,0.1698659155674,0.0869686136429,-0.1689503401547,0.2219436736602,-0.0862609018524,-0.0838691674442,0.3214671050430,-0.0336877052385,0.3702764847229,-0.2629779751506,0.0350733647007,0.0110784967450,-0.0950653057661,0.2245770438273,0.1675102605566,0.0544105216798,-0.1090479685768,0.2058779423539,-0.1093149678131,-0.1778011947835,-0.0877044096816,-0.0759127405988,0.1353027327292,-0.1464107547778,-0.1090252083096,0.0331803794412,0.0267312478330
0.5239180210385,0.7053003032885,0.5830777454759,0.3237852553279,0.5767475020183,0.4199263544906,0.2015939669427,-0.0742899916057,-0.1969927646759,0.4175007466567,0.0643694375363,0.1055924216912,0.1224718502295,1.0000000000000,0.2376962914825,0.1629874612134,-0.0326632996962,0.0912659953003,0.0186231951509,-0.1207913658915,0.3433991460495,0.4381613176961,0.1457870373536,0.2593752634676,-0.2364917896110,-0.0701925214017,0.0530137700567,0.4770089630693,0.2125836094075,0.6033386659428,0.0115467676264,0.1331998403726,0.0152830132510,-0.1992230638288,-0.0157181538207,-0.2258428541126,0.0326563539617,-0.4513002055497,-0.3048564476062,-0.2106883596952,0.5274824672468,0.1910933348411,-0.3532483726896,-0.3949800984803,-0.3118827587522,0.1449716038509,0.0911313337180,0.1167652722958,0.7263542299286,0.0904506010943,0.6670270339699,0.4864062001991,0.2009262602883,0.4181952281591,0.4275414419959,0.1251856699650,-0.0235943093851,-0.1303556583083,0.1982629921168,-0.1991392235374,0.2761556671705,0.1054587650706,0.2100416546069,-0.0674337924759,0.4925287585214,-0.1317087206629,-0.1033131335836,0.1162327848692,-0.0834956183298,-0.0909785825824,0.1447994010930,0.2808730362310,0.2392972023820,0.0164795811150,-0.3712784755023,-0.2115803902956,-0.1707899227338,-0.0591418243649,0.2391031761815,0.0364979333848,-0.0203745626623,-0.0538021536053,0.2322092837541,-0.4109197366419,-0.3835906785587,-0.1521758180163,0.0781336939182,-0.1488031343941,-0.4970417506397,-0.3978560312534,-0.2041597500207,-0.2800556849333,-0.4670335535156,0.0292978612972,-0.2105986555490,0.1314928389698,0.6474645236538,0.3134326796231,0.0985887904917,-0.0659505275235
0.2878990908368,0.3515652591208,0.3259350119323,0.6533538465413,0.3302424770622,0.3316655135844,0.5563205870844,0.3181454040987,0.2979876887522,0.2591771353366,0.1169989320028,0.1689993307558,0.3526579350590,0.2376962914825,1.0000000000000,0.4620238309518,0.3565999664692,-0.0119491783220,0.4146073769637,0.3235638309971,0.1439755140813,-0.0612449634809,0.1759948899574,0.3064501461894,0.0945745751578,0.4716559541704,0.2579197372321,0.3578001719249,-0.2125099969464,-0.0595962064790,0.3038756249778,0.3518399651803,0.2200875853677,0.2958353189456,0.3262645803886,0.3376941058271,0.0021182213443,0.2397753690263,0.2854305637350,0.3868442907297,0.2160193612517,0.2374062749846,0.4943205980670,0.3428145021594,0.1759165962187,0.2246000548705,0.0932069917635,0.3774890305678,0.0773494633953,0.4225064720382,0.1374555938176,0.1573372438093,0.5089219294776,0.3656452159747,0.3849867457009,0.5381906672673,0.2305903131038,0.0789156068424,0.0113321591388,0.1479335075874,-0.1928495593888,0.0281062480445,-0.1143427540958,0.0091147898950,0.1298211642633,0.6142673129923,0.4794214692675,0.0799228906890,0.4191374683034,0.1525239340390,-0.0679456766233,-0.2465374254774,0.2174506338935,0.0522556251853,0.1577752199325,0.0345109097241,0.1696351469102,0.1039308889128,-0.0995538080117,0.1977255656566,-0.2019188519595,-0.0529832175530,-0.2274813995434,0.3645038942143,-0.0266098013548,-0.0942010637523,0.0208017869854,0.4472631727741,0.3758367585242,0.0622170114993,0.2244412691524,0.2193782802505,0.2453010388700,-0.2951709208343,-0.3694812365773,0.2703500013545,-0.1429576789277,-0.3235426318544,-0.0274599446433,0.2243078570515
0.3162730485860,0.0382061915391,0.3603078206596,0.7235454387693,0.3863729947832,0.4505617789913,0.7760509103312,0.5907517899430,0.5255215491299,0.1928015584693,0.3410178614336,0.1960606846193,0.3144495196277,0.1629874612134,0.4620238309518,1.0000000000000,0.5475348790644,0.3195777503448,0.6969837007981,0.6910037199038,0.4434072728112,-0.0762620522079,0.3337191187127,0.7361041693581,0.2906532875139,0.2502205129892,0.4490537817189,0.1545445027909,-0.2019373004934,-0.1070172072664,0.7557731545543,0.4736421382239,0.2616488951851,-0.1715881240122,0.7540185237122,0.4981412912218,0.1819751197778,-0.0408503887226,0.1283805293101,-0.0942627781137,-0.0671552829652,0.0928121248613,0.3965177375481,-0.0722504145875,0.0519506623303,-0.0072137830195,-0.0935021430610,0.3268923964826,-0.0370866527987,0.1259170463033,0.1456418490326,0.0681151305505,0.5894870188790,0.5309716267699,0.5332754426183,0.7357933573957,0.4523123992810,0.3417578686986,0.4992916923738,0.3417196639669,-0.1231172493601,0.3519809275604,0.0878829516550,0.0462133266226,-0.0056429935478,0.2267591617278,0.6814190326656,0.3843498340611,0.6735459241795,0.6955318601754,0.3503440409546,0.0730060398385,0.6687542789051,0.2161920006629,0.3528212988363,0.1748724128155,0.3353825447489,-0.2066270840928,-0.0965164914172,0.7528641384534,0.1689846818937,0.3173962198104,-0.3728557059774,0.3052743473646,0.0102415562927,-0.2970808813006,0.2549519645250,0.4757449636213,0.1120864564834,-0.1336620199207,0.1063800181437,-0.2222713850862,-0.1615251590468,-0.3629393967704,-0.3803099647685,0.3577632227662,-0.1045418606379,-0.3456379427834,-0.1151842307529,0.1281418434326
0.0285361229324,-0.1756796175001,-0.0641778269975,0.3438971671275,0.0632217247010,0.1640969867370,0.3709762113391,0.5860473793431,0.4997899947019,0.3004095207821,0.4837156025092,0.4677442433621,0.4985217031921,-0.0326632996962,0.3565999664692,0.5475348790644,1.0000000000000,0.3842974232934,0.4310966614108,0.5675162175155,0.5963181594203,0.0787171293724,0.5420654504278,0.3831099839092,0.3456745464382,0.2938921403843,0.4624521420474,-0.0770652413503,-0.1519309970193,-0.4086165389690,0.6874869433713,0.6322937364420,0.5128977573532,0.0595784670947,0.4191766576697,0.1858822413574,0.2246439408307,0.2180581047481,0.1144932060147,-0.0437702682004,-0.0672283613155,0.0490998009421,0.4436607075829,0.1020747390242,0.1969080932958,0.2048709093650,0.1973727344714,0.0739273348037,-0.1807689789457,0.2778075138041,-0.1618897143554,-0.2582192014969,0.2275646968613,0.1229760987833,0.1543483641878,0.3419391353597,0.4241961056939,0.3873190577000,0.3376388664007,0.4000242906082,0.0037034076010,0.3435599930661,0.1674514385255,0.2489697728035,-0.1743555715590,0.2133762940670,0.4021563874844,0.4893509055134,0.3759223630049,0.4355699281355,0.5449320001134,0.2236459764001,0.3462441030394,0.3328891972807,0.4549095835577,0.2267708605280,0.4663321594862,-0.1881101797116,-0.1515295643794,0.5847502364357,0.3510917019999,0.3861117576669,-0.5348516066331,0.2542026146677,0.0453904103581,-0.0001591700494,0.2440001337266,0.2464370898084,0.2842140684458,-0.0197537080593,0.1136153573869,-0.1249629244007,0.0780660656014,-0.1700418031452,-0.0670919579136,0.0571115594829,-0.2729926237120,-0.2507114871619,-0.1610231112804,0.2961341587948
0.1311347584200,-0.1717347654583,0.0704261845661,-0.0002999270911,0.1093090464024,0.2288072284179,0.1273140356966,0.6205408238360,0.3541329138817,0.2783739865911,0.6232008644467,0.3523417143688,0.3694743519635,0.0912659953003,-0.0119491783220,0.3195777503448,0.3842974232934,1.0000000000000,0.0867608441275,0.4677029708850,0.2959259942002,0.1142605107452,0.3818767325231,0.5230913580733,0.4358981401462,-0.0014731096525,0.4644143374432,0.2258271825532,-0.1325411641524,-0.0431064126241,0.4904691773982,0.1717817367659,0.2851157690922,-0.1379772358548,0.3581825968296,0.0831152350808,0.4600448109932,0.1609336836966,0.2989071320813,0.0726848161591,0.2215901371858,0.4687449605540,0.1460406943156,-0.1535500629400,0.2261758523821,0.1861504516699,0.2050963891613,0.2372514350458,0.0189067250150,0.3288759210085,-0.0410612081976,0.0178578745210,0.0610433739301,0.1030831387584,0.1388030796746,-0.0230223458939,0.5497343308271,0.6731782634101,0.6693195205982,0.2957191766688,0.1339708117953,0.6451294430091,0.4074081088261,0.3291772630205,-0.0987400239566,-0.3529503695034,-0.2153140951037,0.7252352017479,-0.0590409970030,0.3402747126025,0.2972244835317,0.3294699558850,0.4298104666235,0.1925370648156,-0.0796511956296,-0.1252560313460,0.3265390190941,-0.0499879540342,-0.0881830239088,0.5011185244007,0.0180454684950,0.3048336643596,-0.2868419997597,-0.2146628489764,0.1003868441859,-0.1122659513518,0.3614717299999,0.0431989053695,-0.2806465044339,-0.1684043529674,0.3354289906403,-0.0661737919016,-0.3946352555584,0.1327338812046,0.0485931771346,0.2886037482782,-0.0608484657345,-0.0162723510149,0.2390655598950,-0.2209666262774
0.1298319623607,-0.0417008745213,0.1263146793956,0.5134054094012,0.1456972406102,0.1541581496287,0.4611045368430,0.5425352888025,0.7231660509780,0.0920352009076,0.1469447338814,0.0970736629523,0.1598939194470,0.0186231951509,0.4146073769637,0.6969837007981,0.4310966614108,0.0867608441275,1.0000000000000,0.6452161879607,0.2664878169469,-0.0730254550108,0.2337238187264,0.6067986241291,0.2955771625239,0.3289388091721,0.3843032946489,0.0179063964977,-0.2123552884260,-0.2373810763920,0.3952375945907,0.4135101322473,0.0781966042860,-0.0908205671102,0.5087687677733,0.5815415150307,0.0740994989291,0.0360759017609,0.0041083296357,-0.0429264474901,-0.1399487167086,0.0091064796440,0.3205774867860,0.0317647124571,-0.0260526247868,0.0282965700675,-0.1416217356099,0.1319155443972,-0.1501053603487,-0.0052258299839,-0.0091666925597,-0.1131584067905,0.3564867434349,0.2772414190156,0.2446275351899,0.5115561180794,0.3008669642096,0.3661776962366,0.3592664340531,0.6223314972405,-0.1326146441518,0.1064146855095,-0.0588738901058,-0.0570222363175,-0.0557689412535,0.2770355016113,0.7151284834710,0.1268491236691,0.8318225976131,0.6691717839367,0.2919511312880,0.0160607725525,0.6169357365775,0.4286551887540,0.4111355443437,0.2419643816725,0.3824566640234,-0.1576633889911,-0.1825883292735,0.4811011798681,0.1328018662941,0.1336981775461,-0.3126808831217,0.4025899153021,0.0093276946086,-0.1915902537243,0.1886187605966,0.4830568295606,0.2535975559776,0.0344617046857,-0.0391827897260,-0.1175407264464,0.0411084504479,-0.3064533829213,-0.3285385492879,0.2090917652657,-0.1620784687385,-0.3030567244596,-0.1233629002486,0.2748091198159
0.0326292509244,-0.2560285602108,0.0807403148139,0.3794032883236,0.0400410573168,0.2354664194284,0.4394738120759,0.8082245246993,0.7554174328186,0.1653268885897,0.4476995465986,0.2584291741113,0.3106722551459,-0.1207913658915,0.3235638309971,0.6910037199038,0.5675162175155,0.4677029708850,0.6452161879607,1.0000000000000,0.3495218730462,-0.0903171646582,0.4239832357332,0.6899125219249,0.7398589935951,0.3512729898942,0.7128984599697,0.0790928453186,-0.3257401067807,-0.3036650507852,0.6914759999255,0.4709694833960,0.4412633925542,0.0055166577319,0.5037218073399,0.4767870967640,0.3533959282400,0.4010451030748,0.2462135800381,0.1071541309134,-0.0359938332844,0.2785291065408,0.5407009805230,0.1827576182788,0.3370544921637,0.1980742731737,0.1033462154125,0.1980462346359,-0.2595605834738,0.3367430336004,-0.2077048997019,-0.1608961173954,0.2853972457583,0.2180150542535,0.2194605083228,0.3893123436912,0.5083629557495,0.6228260662086,0.5705783353955,0.6371071955293,-0.1442604039179,0.4049841935762,0.0635334066088,0.0678808138888,-0.2670996065119,0.0781562055715,0.4544611040443,0.4641865709048,0.5336291233799,0.8259955435041,0.2737510577703,0.0653364779051,0.6449428792909,0.4814956888904,0.3439270378755,0.1499374469154,0.6685484128026,-0.1765272646878,-0.2852241882509,0.6952284733754,0.1012111991619,0.3285061641455,-0.5121218102442,0.2809093692996,0.1564329613573,-0.2047327759946,0.3515734198354,0.3939651745530,0.1537050367663,0.0619610893372,0.1943469636450,-0.0401946495300,-0.0118972284101,-0.2028926169793,-0.1726877325038,0.2104053140978,-0.3768558040227,-0.3677787413477,-0.0119340578857,0.0306003317829
0.3082616406172,0.0828212317026,0.3212169395397,0.3906526534488,0.3719278322257,0.4123420615537,0.4226860883451,0.3605485196373,0.2445908482727,0.6753083688024,0.4808621030437,0.5625537419176,0.2905934683840,0.3433991460495,0.1439755140813,0.4434072728112,0.5963181594203,0.2959259942002,0.2664878169469,0.3495218730462,1.0000000000000,0.3966504841916,0.5504903092465,0.4622933969831,0.1814390153003,0.0723295706054,0.5104203384138,-0.0784651976089,-0.1331931940610,-0.1524658624350,0.4883709018555,0.5965824947073,0.4794079485141,-0.1552055372645,0.3780041907785,0.0460935313807,0.4668248416668,-0.2169011751841,-0.1636498037646,-0.3474926001012,-0.0086555607773,0.1300041952966,0.0082551230315,-0.3833282367777,-0.1244341226357,0.2272872710236,0.2340045120822,0.1381080000793,0.1230128179690,0.2618133479477,0.1829311319119,0.1205158632491,0.2702524207149,0.3683490486676,0.3824717118140,0.3229217474271,0.2436966409583,0.2124664111068,0.5245992769019,0.3005724239600,0.4324534056607,0.4185265721174,0.4263281459466,0.1379382615307,0.0428120694025,-0.0847253805497,0.1455055633136,0.4700139753126,0.1590986575449,0.3664365156948,0.8060177687051,0.6115028521776,0.5135100385607,0.4192108028698,0.1303671779441,0.1364090318092,0.3529286468186,-0.4393108292579,-0.1467392432152,0.5104271932476,0.5481768634999,0.5130035264765,-0.4460960141508,-0.2558181493501,-0.2938196228664,-0.0428805927978,0.4449231771103,0.0882601826061,-0.2093194279324,-0.2898402191839,-0.0995638056432,-0.4106485137783,-0.3937783254138,-0.0490154957811,0.1626680145184,0.1930293176693,-0.0361021510583,0.0363863344986,0.1244303682320,0.3651740376143
0.1761546932785,0.1597741089547,0.2168034908406,-0.0371613904390,0.2862324820320,0.2659929616213,-0.0606700438842,-0.0158589315450,-0.0256448763453,0.6311204454356,0.2685286508785,0.4562841861593,-0.0036104454001,0.4381613176961,-0.0612449634809,-0.0762620522079,0.0787171293724,0.1142605107452,-0.0730254550108,-0.0903171646582,0.3966504841916,1.0000000000000,0.5184267109192,0.0736673459882,-0.0431808570300,-0.0592280483954,0.1662114757001,-0.0008846257730,0.2038497284087,0.0518203757481,0.0358645095274,0.2565265365748,0.3567199514500,0.1847772195423,-0.0655285832324,-0.2244166892006,0.2573798365639,-0.1361159109791,-0.1778107834560,-0.0880969629744,0.4685553097892,0.1495759417546,-0.2202383562685,-0.2638774503920,-0.0535349212578,0.5563559741575,0.5867172073950,0.0292431854135,0.5567387382386,0.1199858376233,0.2571105979149,0.0059125602963,-0.2090616064070,0.1325769820405,0.1706763574990,-0.1301171198308,-0.0371183781841,0.0515341459767,0.1176706954986,0.0274393613749,0.6040355835169,0.1390868337084,0.2772461809163,-0.1392159661534,0.0103701443280,-0.2251880046367,-0.2427426420958,0.0562044317923,-0.2009070693965,-0.0691207563877,0.2533357681424,0.6259422087672,0.0917083535292,0.1845542593428,-0.1410563461051,-0.1181810756597,0.1196685530291,-0.2464719941695,-0.1040762422788,-0.0227295023886,0.3029310905673,0.1960757694270,0.0097968563495,-0.3671096593111,-0.1854905874480,0.3599102600329,0.2340682504538,-0.1399247182921,-0.2944868583818,-0.1177747292625,-0.0922216622572,-0.1170133015884,-0.2503069173619,0.4164014402711,0.3542234861811,0.0165464586063,0.2298614764986,0.5361611692609,0.2115804849744,0.0578345847821
0.1707144222013,-0.1419200809978,0.1191608667866,0.2089234452899,0.2076053848341,0.2958220167719,0.2288018878663,0.4706409188549,0.4090520996443,0.6069936329370,0.6769021384442,0.7945426974084,0.3245263392454,0.1457870373536,0.1759948899574,0.3337191187127,0.5420654504278,0.3818767325231,0.2337238187264,0.4239832357332,0.5504903092465,0.5184267109192,1.0000000000000,0.3541568806158,0.3712239713796,0.2102004839719,0.5805657748363,-0.0472181014691,-0.1685056772292,-0.2616778150477,0.4412123202515,0.6490463961390,0.6606997391741,0.1987637474279,0.2717328064519,0.1220384375184,0.3572561604281,0.1545140581145,0.0702416599411,0.0313651353675,0.2082498824251,0.3694718617413,0.2301594665995,-0.1016213604142,0.2614622988933,0.6160009922835,0.6596265674474,0.2235013586653,0.0649971402605,0.3944212236962,0.0122635514973,-0.2176206380832,-0.0045892818051,0.1999804364833,0.2390508828012,0.1707370639671,0.3243972809668,0.3917905628691,0.3185284026377,0.3679997537244,0.2615177036434,0.5331842901913,0.3991060531221,0.0858622315715,-0.3304575473510,-0.0665712975370,0.1245962242344,0.3366298043142,0.0997615263032,0.3050701137363,0.4109788231431,0.6169947227063,0.3250742938363,0.4107411250121,0.1781840549650,0.0228306008036,0.5095217277889,-0.4147270952534,-0.3916409577535,0.3119791435518,0.4345593709566,0.4034669892132,-0.5477197724448,0.0099285149245,0.0184428661203,0.2645722865042,0.3129145234469,0.1571858046114,0.0298620034585,-0.0120848684821,0.0793471209825,-0.0767550605015,-0.1765477520503,0.1131821672754,0.2028507394989,0.2080522919097,-0.2039135283684,-0.0297477804907,0.1198718722405,0.1689289355681
0.2812484910326,0.0250139438437,0.3216492754084,0.5281978801867,0.3187704927737,0.3975081408722,0.5612602144003,0.6252796989870,0.5386467950235,0.2925818404869,0.4512324967886,0.2040667101157,0.3317700942723,0.2593752634676,0.3064501461894,0.7361041693581,0.3831099839092,0.5230913580733,0.6067986241291,0.6899125219249,0.4622933969831,0.0736673459882,0.3541568806158,1.0000000000000,0.3192171766278,0.2217153183025,0.6027858491160,0.3035509234571,-0.1869648758650,-0.0207648347907,0.5701531126061,0.3938469442264,0.1887961182793,-0.2464063599408,0.6268685820740,0.3870105038868,0.3838146575300,-0.0859140339421,0.0730893952474,-0.0664812516848,0.0435610388452,0.2711310678719,0.1445560087721,-0.2100547155334,-0.0591223532278,0.0865122174972,-0.0634510626356,0.3097007012903,0.0752902147678,0.1401336937451,0.1289405733400,0.1074113997835,0.4351396562842,0.4288587530014,0.4432077959148,0.4871236272605,0.5082040441537,0.4819783918940,0.6581551426150,0.4311092117065,0.0307510576927,0.4767952005098,0.2400919255640,0.1104881680643,0.0090753695842,-0.0115842983340,0.3405621441742,0.5073857723948,0.4732134603429,0.6744221886994,0.4195103831959,0.2960908441268,0.8826005968583,0.3850515590900,0.1320176191054,0.1155732042286,0.4469074782190,-0.1731436185171,-0.0799225867983,0.6578447942137,0.1034138252190,0.2929337764198,-0.3398990435590,0.0024334785011,-0.0867558259306,-0.2903249607537,0.4282970681441,0.3450033491578,-0.1500283883417,-0.1906714708154,0.1003533104418,-0.1695267330651,-0.3546588292575,-0.1759813213692,-0.2695113861328,0.4145233020135,-0.0000646799763,-0.2176227636886,0.0789282636952,0.0813600499825
