1.0000000000000,0.6490406857804,0.4531025783859,0.0672177717810,0.6990046507075,0.3684094687922,0.2300172605771,0.0973830879220,-0.1059926345024,0.2714833189299,0.0612192377433,0.2898063869898,0.0516387991596,0.7768057706883,0.0882929456931,-0.0307766917987,0.0150918548966,0.1054951355608,0.0849623856642,0.0427437688715,0.0834383393213,0.2357742866370,0.2532264934460,0.1201795323315,0.0102962428683,0.0471142307296,-0.0586200304254,0.0908315922102,0.1061838108294,0.3842547626404,-0.1914846277153,0.1251105210480,0.0715023341305,0.1330606518100,0.1254799267100,-0.2350768948560,0.1513768130031,0.0067608670690,0.0872015472851,-0.0177839455213,0.3331629748085,0.2962513478359,-0.4462467774881,-0.1098857344333,-0.0061993015042,0.2862871169137,0.1607374951903,0.1300844820247,0.2904388972688,0.1051870169714,0.6225980223359,0.6005707912191,-0.1812239206888,0.2370127522063,0.0495887311147,-0.1652846922998,0.1436543670352,0.0782512137962,-0.0460871408996,-0.1409482207570,-0.1205160759588,-0.1464947620922,0.0113236054222,0.1030321061584,0.5156048911238,-0.2606878370729,-0.2944372095603,0.2632110017469,-0.3037414024431,0.0645568960867,0.2489350814369,-0.1435106755704,0.1786612796892,-0.0418573545065,-0.0643581679407,-0.1942870500966,-0.1762064491495,-0.3088317968104,-0.2710062449461,0.1953579239629,-0.3077298719692,-0.1232728045146,-0.2341049076807,-0.4224297476582,-0.0692739081316,-0.1680320784157,0.1337208828332,-0.0248578094648,0.0590138788952,-0.0855118032514,-0.0347538264706,-0.4044284361028,-0.1696386741391,-0.4089143132265,-0.4272465300562,-0.1116284731527,0.2163507773884,-0.2140143731509,-0.0936250854181,-0.1442822194694
0.6490406857804,1.0000000000000,0.4620047111666,0.2433700845444,0.4549758194591,0.2712126415995,0.1715832681541,0.2007299925751,-0.0234252770934,0.1529449617398,-0.0291723948980,0.2101868469207,0.1476052253034,0.7519796995605,0.3425313900893,-0.0301919060069,0.0584602744980,0.0957438312011,0.0561577240308,0.0740284087536,0.0838615581375,0.0622438740995,0.0944199928324,-0.1120858829371,0.0443168456254,0.1367952084058,-0.1281963985368,0.1699623724553,0.1455886476211,0.3900873352859,-0.2545593550387,0.2271378540620,0.0482282280261,0.1645730993176,0.0147403254380,-0.1812296251583,-0.1664698085338,0.0866836858061,-0.1724998342318,-0.1273017675606,0.3185819488571,0.2763861352731,-0.2158678721351,-0.0454235302628,0.1233478852673,0.3007977946589,0.2658086708013,-0.0854163497792,-0.0278071308062,0.2119408015219,0.2412145719292,0.5368606311737,-0.0079907219795,0.1681145219682,-0.0072925683797,-0.1465046627906,0.1756268304466,0.2619360559269,0.1066988506378,0.0494359322572,-0.1796042832987,-0.2678890327051,-0.0900491572505,0.0881131470520,0.3845143071454,-0.0578899098580,-0.2429761021253,0.3213595699761,-0.2236695871618,0.1182317850255,0.3014209525697,-0.4874249549659,0.1093396482414,0.0394441066794,0.2002415893165,-0.2594382990289,-0.2462779959625,-0.1409842148305,-0.3554806343630,0.0812912123128,-0.5552324666637,-0.2439480215260,-0.2945449672730,-0.2229785971086,0.0155884075927,-0.2865217012265,0.0243741712873,-0.1911823584222,0.0524066645577,0.0319831684252,-0.1878214156536,-0.3916167548106,-0.1082887669131,-0.5181763742475,-0.3882260202609,-0.2362610001178,0.0362736478855,-0.3525259991975,-0.2918078329108,-0.0626344674247
0.4531025783859,0.4620047111666,1.0000000000000,0.2391134019218,0.5332701161634,0.7256387107872,0.3217089605662,0.2522383193911,0.2083539443650,0.2451477378116,0.2983440124916,0.3780774451474,0.2963045091034,0.5041924862794,0.2074282583157,0.1858251389372,0.1628159207840,0.4402869571602,0.2123849535538,0.3825728084496,0.2391929061537,0.0381217570274,0.1442304566095,0.1156815025754,0.3335991179485,-0.0124960690823,0.2675449341999,-0.1356856092906,-0.2626384862160,0.0729356953871,0.0578740878750,0.2887620222949,0.2855973343369,0.0240860318000,0.1815275077394,0.0632027219493,0.2328438128018,0.2709983061526,0.1836802601055,-0.2137215575407,0.1060442786931,0.5368629249038,-0.2693776425061,-0.1658528507193,0.2276651241614,0.1126619373303,0.3215845308530,0.3780514233273,0.1475050409717,0.3329134848272,0.3718611628322,0.2986426525814,0.1553957262371,0.8101611316327,0.5234706421843,-0.0134514889545,0.2750418012943,0.3548824223098,0.3505398767306,0.1606881383854,-0.0130830491507,0.0675270299423,0.1153561727150,0.2363459847405,0.1429181723111,-0.1015435665798,-0.1318784472018,0.5067334360816,-0.2065583112131,0.2425990088976,0.3400325416978,-0.1962342965828,0.3621119352525,0.0586963449775,0.2736920485142,-0.2895001280026,0.1504021699948,-0.3284542568737,-0.4910561153849,0.1741995138491,-0.1870642794410,0.0075481612806,-0.2605238689411,-0.2617686149860,0.1692527260605,-0.2187338760163,0.2703412906515,0.0528128114807,-0.1426529235873,0.0983844986567,0.2537905988689,-0.4365081122266,-0.2847349293899,-0.4659312945137,-0.3695019442766,0.3570892183828,-0.2570315315810,-0.2230235090336,-0.1352831103470,0.0008053534413
0.0672177717810,0.2433700845444,0.2391134019218,1.0000000000000,0.3132925813193,0.3734114100495,0.7171842668297,0.0481900292799,0.0979033982152,0.1190539321137,0.2275482385234,0.2831356459395,0.2096874129445,0.1957193224553,0.5887191473246,0.6565910047906,0.2056005790547,0.2687973557745,0.3989068321634,-0.1205106549434,0.3823843511202,-0.1100729582318,0.1837475667978,0.1323864673854,-0.2993332933056,-0.0718225435330,0.2061350616866,-0.0966128947577,-0.0753685609721,-0.3035997265109,0.2263155543071,0.2535735694692,0.0640870132772,0.2698107294426,0.5234492572678,0.4106391577045,0.2162257150584,-0.2966630720615,0.2602242699624,0.1906023056830,-0.0801173890569,0.2307125431864,0.4467184590347,-0.3988888052653,-0.3970021282991,-0.0792089904706,0.1280547348519,0.3070709121651,-0.0362633288571,0.3830052727778,0.2195082977636,0.1812577408534,0.7007454369001,0.2862160551650,0.4788394067559,0.5905490507013,0.0247657686818,0.1355373121007,0.2857135639268,0.0509990173349,0.2012326365665,0.2239208786577,0.0629488584847,0.0241749665477,0.0657377774931,0.5207212835748,0.4765032778272,0.1519313398987,0.1974112220688,-0.1419532594165,0.2427841193362,-0.0032401118882,0.2407023513059,-0.2107184015481,0.2914781981898,-0.2265224374596,-0.0656212051633,-0.2068624177107,-0.1716163327551,0.1763673853291,0.0084655457223,-0.1788317862285,-0.0524926656435,0.3504899584843,-0.2357839239392,-0.0471391966361,0.1103648790488,0.4529669510026,0.2256878778024,-0.3348307023256,0.1397636985822,0.0739293662418,-0.4390301288382,-0.3048336987986,-0.1885911794062,0.3069815935546,-0.2650451461504,0.0694422236724,0.0449208541906,0.3730712644428
0.6990046507075,0.4549758194591,0.5332701161634,0.3132925813193,1.0000000000000,0.6897409272286,0.4122638051297,0.0335905648066,0.0458007220728,0.3193801274804,0.3164097295394,0.4486064277494,0.2228073527464,0.5402426195678,0.2048368804852,0.1305727985788,0.2119908078792,0.2927212799514,0.0431020133719,0.0885256588548,0.2511333713279,0.3010153890393,0.3574804667895,0.3106382264484,-0.0711581630057,-0.0099896223513,0.1255553139782,-0.0068711701138,0.0447341644484,-0.0027445635412,0.0492346976211,0.1989025067018,0.2045933188200,0.0550983100894,0.2880419531081,-0.0846542487285,0.2615631465654,-0.1183912705739,0.2060955256016,-0.0243151248469,0.2104671429099,0.3166125454708,-0.3491634654714,-0.2861889280431,-0.2009000230604,0.1865523170872,0.1262341889626,0.4147109511223,0.3169520821175,0.2242867042561,0.6174325640590,0.3870502185208,0.2117757074447,0.4358627669861,0.4303670332119,0.1186998208118,0.2280017806493,0.1118380319364,0.1680868395320,-0.1162040420740,0.0501570355598,0.1337601610009,0.1923019767192,0.2483814152407,0.4259664238945,-0.0006209349652,-0.1208663701235,0.4455562979996,-0.2395184035664,0.0375589150398,0.4382738775482,-0.0486716391285,0.3493141585246,-0.1443694980738,0.1410942524286,-0.2153941679727,-0.0770987533538,-0.3152893976236,-0.3228947618604,0.3645268614345,-0.1844298739340,-0.0166124671080,-0.3564389467031,-0.2898623764438,-0.1370254469372,-0.2478421845414,0.2492038181800,0.1591580325411,0.1244830653765,-0.1912783753911,0.1427767561635,-0.3220172281504,-0.3170833816497,-0.5031382247584,-0.4735788261626,0.1833841409127,0.0867469483236,-0.2787599863259,-0.1080702727480,0.1736384554019
0.3684094687922,0.2712126415995,0.7256387107872,0.3734114100495,0.6897409272286,1.0000000000000,0.4234817965641,0.1785685684520,0.1985215195714,0.3338652713756,0.4168081739763,0.4424968849843,0.3136132137288,0.3480974424483,0.3674269818015,0.3306726832274,0.2507589781610,0.4664528313548,0.1857552940188,0.2431787526258,0.3325167955046,0.1238329499510,0.3175259726676,0.2365399858892,0.1773953286981,-0.0283006903382,0.3574299036464,-0.2304911062146,-0.2503115059412,-0.1992573671536,0.2210743354731,0.3055127898009,0.3660334301788,0.0454412928700,0.3358039582896,0.0255736135101,0.3360773562128,0.0781391541244,0.3380346850852,-0.0538052176180,0.0101712876925,0.4833188006615,-0.1546634669624,-0.2802633062447,0.0124824824625,0.0934103029483,0.2003565365062,0.5682881009080,0.1618417647725,0.4111975986828,0.3853301444943,0.2271001935576,0.3290783198687,0.8213880570735,0.6341243945677,0.1218379540784,0.1719082358325,0.1877285306068,0.3238027641107,0.0332083543503,0.1240043653712,0.1954314808685,0.2060639431460,0.2883636215392,0.1483115926097,0.1283805172739,-0.0540823169379,0.4557848065750,-0.2599436191935,0.0534823200855,0.3294674947530,-0.0166801878641,0.4168341322777,-0.0992639764159,0.1962288489977,-0.2377469527686,0.2235396773961,-0.3938099024897,-0.4665240004299,0.3046056288431,-0.0197212641474,0.0619599927832,-0.2738767753416,-0.1780165984270,-0.0338625054121,-0.2480416118543,0.2774061138470,0.1490401722131,0.0936545392938,-0.0888913190929,0.3222529104208,-0.2477823359116,-0.3759819272295,-0.4996477175660,-0.3388772835015,0.4197235561692,-0.2412549846626,-0.1989107557798,-0.0474344590986,0.2176504067769
0.2300172605771,0.1715832681541,0.3217089605662,0.7171842668297,0.4122638051297,0.4234817965641,1.0000000000000,0.0626155605413,0.0612379530839,0.1373326591762,0.0673784811983,0.1501183021609,0.0991689915512,0.2160980118888,0.2318682994409,0.6019694501188,0.0841598887822,0.1089470078578,0.4292695097398,0.0088096843293,0.2315369025516,-0.0035102667028,0.0380224269763,0.2430846728576,-0.2267414852017,0.0068219359308,0.1302883203000,-0.1049396455113,-0.0950853739553,-0.1940181887313,0.3821067330216,0.2216060935551,0.0963221738046,0.1859447596717,0.4219208514000,0.5514063923352,0.3408657978226,-0.1738421327545,0.4442720436809,-0.0216386882687,-0.1454335237747,0.1021884353868,0.1337998085813,-0.2940357279570,-0.2372298038725,-0.1598738745153,0.0915505795596,0.2922255128958,0.1048785722055,0.1183176728128,0.4349581422754,0.3581582321371,0.4391756831648,0.4098259351648,0.5833471723304,0.5998490919943,0.1073820051467,0.1368645785333,0.1951873252427,0.1104853121395,0.2419333521881,0.0346317553772,0.1504275740050,0.1008493086229,0.2291778967079,0.2296194430026,0.3544624937047,0.1165926020765,0.1944307319906,-0.0157158726489,0.2126646392009,0.0528368479669,0.2635771212466,-0.1007801313536,0.2402538667006,-0.1483658666615,-0.1821265357149,-0.1959346142244,-0.1015363020250,0.2871599558266,0.0224172427879,0.0201861167658,-0.0725463643356,0.1913872508312,-0.1193221339389,0.1194974147210,0.1753043440566,0.5020011590945,0.1298784881173,-0.2698786334628,0.1914800440468,-0.0680257504212,-0.3489079569956,-0.2185564820743,-0.0854156321601,0.2299917836328,-0.0023731748361,0.0695399282583,0.0295180070493,0.2397037569561
0.0973830879220,0.2007299925751,0.2522383193911,0.0481900292799,0.0335905648066,0.1785685684520,0.0626155605413,1.0000000000000,0.6274787008865,0.3293927320901,0.3407556869111,0.3778265658738,0.5445729167524,0.1804535570872,-0.0351637340298,0.4113334011961,0.5582225858762,0.5344025040359,0.6052465252451,0.4673312119959,0.4834999382812,0.1222654484177,0.0543232387226,-0.2111372804257,0.4252090349558,0.0194039102169,0.0947908413975,-0.1041081431109,-0.2995949632089,0.1406673721623,-0.0334214838446,0.1784585683972,0.1739262392005,0.1302242479719,0.2827723772670,0.0970524071884,0.0276244216587,0.2167146691216,-0.0883147266846,0.0232220689564,-0.0383706563488,0.1669497368911,0.0530580662511,-0.2330427341458,0.3876886413804,0.0529331972776,0.1046028936063,0.0573029293880,0.0408036435072,0.0562334109291,0.0371013837120,-0.0618677397287,0.0258991979713,0.0582167279660,0.0421530854401,-0.2279715477037,0.1376303425243,0.6398170122675,0.6180890369735,0.7310581174338,0.2027986472440,0.0993009458114,0.1898364517438,0.1453701656042,0.0620040736597,-0.0967958078691,0.0134762527446,0.2893871180265,0.1073915720754,0.0486734515412,0.2919194274046,0.0127343172679,0.2814016833027,0.3124143909869,0.1375441119049,-0.4775515886084,0.0948767016212,-0.0621910221656,-0.2637964526178,-0.1325892060312,-0.2591986422646,-0.2735975544283,0.1122992222753,-0.1991896867484,-0.2150376705461,-0.0640932547631,0.0559004889415,-0.0791769023658,-0.2863073797797,-0.0136222386504,-0.0513761946761,-0.0441137660468,-0.4060384363202,-0.2027821318424,-0.0748778748104,0.1935733342382,-0.2566966104720,0.1517766827354,0.1592721425552,0.0332721459941
-0.1059926345024,-0.0234252770934,0.2083539443650,0.0979033982152,0.0458007220728,0.1985215195714,0.0612379530839,0.6274787008865,1.0000000000000,0.3072579334481,0.4990355310030,0.4235738487271,0.5048061370025,-0.0837264942924,-0.0324206913562,0.3580502675913,0.6223095815849,0.5677209492907,0.3557171938518,0.6740922672715,0.4099065835145,0.0502327589687,0.1755710525422,0.2238696137144,0.5337083260764,-0.0134266452113,0.3762865743304,-0.1628660091140,-0.4209148767011,-0.1941360347315,0.1752493616125,0.1450765982500,0.3042959149682,0.0054160626437,0.1823590079255,0.2271018304120,0.0716813504600,0.2786251820770,-0.0314786475948,0.0248869652343,-0.1579979144460,0.0751290027963,0.0887002159862,-0.1833813643486,0.1560274659264,-0.0951770838400,0.0318658708102,0.2053453849502,-0.0991070569197,0.0280203572763,-0.1053911517426,-0.2760163993650,0.1763191550153,0.0546406738016,0.1567724142785,0.0128102231230,0.3361673976547,0.4795670835292,0.5889108321350,0.7403081841574,0.2021458313796,0.3969789291851,0.3173190665914,0.3232037322986,-0.1758993636879,-0.0573317131168,0.0550568440373,0.4749432624915,0.2372300300624,0.3995923994039,0.4096271064833,-0.0101990337685,0.5141847241042,0.3560903518536,0.3445081298837,-0.2300479695785,0.3449117008262,-0.1416163711666,-0.3457916058909,0.2434435840739,-0.1133019701918,0.0480674989788,-0.1996748781461,-0.0264385096157,-0.0201338778141,-0.0946561485045,0.1903449040371,0.0674556036741,-0.1716985093726,0.1477078137705,0.0732813221919,-0.0345908349242,-0.2721334780358,-0.2464524373919,-0.1205944109364,0.2719322042654,-0.4081258069886,-0.0772323305128,-0.0662494709747,0.1244005440485
0.2714833189299,0.1529449617398,0.2451477378116,0.1190539321137,0.3193801274804,0.3338652713756,0.1373326591762,0.3293927320901,0.3072579334481,1.0000000000000,0.3820452652709,0.6659456153387,0.4825747325931,0.3555437527658,0.2685271370437,0.2325095833062,0.5233572864142,0.4686513905218,0.3225277274846,0.1868057989706,0.4960580362569,0.6916493027220,0.2183785072446,0.3720038011026,0.0981672013451,-0.2315328333374,0.2860017757785,-0.0067470212476,-0.1496066915196,0.0302855652959,0.2727088054136,0.1074872679833,0.4281393158355,0.2856359372287,0.1825883783810,0.0050812886216,0.3233340429764,-0.0654875357439,0.1395657023410,0.2264294019522,0.3192813380580,0.4126903747779,-0.1505789009854,-0.3321863668881,-0.0724362126448,0.2590079940003,0.3343003999156,0.1643576547994,0.1853410456200,0.3802909749065,0.1428789407201,-0.0228282959642,0.0779637503485,0.1197236877375,0.2321481819587,-0.0242505532889,0.2195012383896,0.2872722996882,0.3270705394708,0.2174229209515,0.3203100817270,0.2800728993639,0.1073713395282,0.2501637093022,0.1002878328430,-0.0579647007914,-0.0248753847502,0.3553703106898,-0.0439975675963,0.0169220604102,0.3148604617269,0.1679293436679,0.3787978697251,0.0043420859335,0.1808832034728,-0.3501450927300,0.0311702699588,-0.2018080661721,-0.2400947227730,0.2351747416257,-0.0404014364035,-0.0995899625892,-0.2037777317844,-0.2505136460703,-0.2062095165798,-0.0552351783772,0.3299842751129,0.0812453509168,0.0426518368042,-0.2115335585121,0.1418597134916,-0.2398400957843,-0.3466734825554,-0.3149206764116,-0.4072465483571,0.1287054596718,-0.1580974702032,-0.0138401536780,0.1141772914107,0.0571530215862
0.0612192377433,-0.0291723948980,0.2983440124916,0.2275482385234,0.3164097295394,0.4168081739763,0.0673784811983,0.3407556869111,0.4990355310030,0.3820452652709,1.0000000000000,0.7368372737652,0.6102145827113,0.1066178981383,0.0210429440104,0.3436786060422,0.6349930597763,0.7100884676108,0.1607055702905,0.1835979439157,0.6037782200823,0.3161613424840,0.6713211506686,0.3860597183738,0.1440688530876,-0.1914572361599,0.4622206546006,-0.3905455743260,-0.1986670730049,-0.3528298117665,0.1507292400590,0.2518437044137,0.3546868415560,-0.1300578975443,0.4257659821848,0.1252826262165,0.4152376235194,-0.1006648274033,0.2213033269264,-0.0038766770522,-0.0386584734533,0.3649114565640,-0.0490373975381,-0.5525244029392,-0.0884196090266,-0.0553044069572,-0.0117398961078,0.6112536055766,0.2633124257934,0.2740652671324,0.1620233945973,-0.1506769591041,0.1892276443453,0.2663279661530,0.3374598259557,-0.0289587989665,0.3026037941519,0.3130755528600,0.4865983578680,0.2113559766002,0.3124509295002,0.7327963751406,0.4648775502487,0.4728068585904,-0.0573974552003,0.0950874141907,-0.0549991699402,0.6181272804746,-0.1401880948185,0.0533084967812,0.6427243043391,0.3034235307102,0.6983674838209,-0.1093891429308,0.3526255612767,-0.4153650288142,0.4055636951928,-0.3351682059736,-0.2639270031759,0.3462433607124,-0.0001396740585,0.0819392016134,-0.2268742037246,-0.0693828457505,-0.2285968190639,-0.2695287788455,0.5131007037451,0.1653393167588,-0.0117438317988,-0.1965265956520,0.3753815660631,-0.1648763344849,-0.5920411390804,-0.2999736679985,-0.2465626936862,0.5901796846388,-0.1932735567994,-0.0052196500987,0.0722550364059,0.3661774145206
0.2898063869898,0.2101868469207,0.3780774451474,0.2831356459395,0.4486064277494,0.4424968849843,0.1501183021609,0.3778265658738,0.4235738487271,0.6659456153387,0.7368372737652,1.0000000000000,0.7326098566406,0.4440072382567,0.2848760179873,0.4122919362764,0.6894380119325,0.7274102595313,0.2604970119530,0.2384922874595,0.7594585277305,0.4062355972268,0.6811600534686,0.4306501754763,0.1179827560076,-0.0469672476990,0.4838942625143,-0.0868670666347,-0.0924799995729,-0.0289673133284,0.2641601091136,0.4486929318780,0.5522449483862,0.1947357609483,0.4751845138074,0.0640526888313,0.3775888338650,-0.0882253624216,0.1566678285510,0.0702610645288,0.2613181177467,0.6085390993282,-0.0897983187181,-0.5156878913819,-0.0563506926595,0.2629878959860,0.3348445962159,0.5384950386487,0.1607817494081,0.5481647301172,0.1216663751381,-0.1044200536206,0.0925703933641,0.2295523677814,0.2757288806571,-0.1583869950785,0.2379672885635,0.3198789783786,0.5462454858867,0.1655370340537,0.1658557970828,0.5423102802955,0.2875061344307,0.3755305994603,-0.0457837550365,-0.0033700974227,-0.1524045362122,0.6695925108967,-0.2127321733911,0.0149138916954,0.6327699822193,0.1987867601614,0.6033167479163,-0.1354586095187,0.3777683461281,-0.5249172187863,0.1854049779301,-0.3004398911917,-0.3256375903501,0.3674950677245,-0.0870301404644,-0.1406157481006,-0.2925002973784,-0.2786376181226,-0.2939322352714,-0.2665200532697,0.4700542798888,0.1295252994389,-0.0043383631643,-0.3215234489137,0.2030440567426,-0.3129950293787,-0.6107935609657,-0.4855979033803,-0.4847268045548,0.3962216346648,-0.2673260670207,-0.0781048090335,0.0541505690825,0.2161260335413
0.0516387991596,0.1476052253034,0.2963045091034,0.2096874129445,0.2228073527464,0.3136132137288,0.0991689915512,0.5445729167524,0.5048061370025,0.4825747325931,0.6102145827113,0.7326098566406,1.0000000000000,0.2116763989577,0.1490641088721,0.4053918059628,0.7775162237335,0.6898144511135,0.1938367415754,0.3696200803970,0.7041674111606,0.2424877436403,0.3175474313181,0.2591382957708,0.3352100479098,0.0045673884861,0.4437183789056,-0.1512041904113,-0.2556534764633,-0.0915408840496,0.2539050535516,0.4650793937672,0.5172421938912,0.1421288293427,0.4599205986082,0.1636867563831,0.2871788172861,0.0798358116601,0.1144826555998,-0.0203836814468,-0.0079831617491,0.4166666797527,0.0111234079045,-0.4372013007561,0.1632343981979,0.1211490600146,0.2709959704392,0.4040257931642,0.0747784233279,0.4006848081104,0.0436131141812,-0.1828461471155,0.0787725903855,0.1904610310894,0.2497153215404,-0.2059628899663,0.2122384304895,0.3481246897804,0.6814251141206,0.3350359768314,0.1141450965248,0.4185072316891,0.2709988132558,0.4462092637184,-0.0527443602490,-0.0709831741996,-0.1649956079004,0.5611382634187,-0.2076870187000,-0.0870175908265,0.5250304546433,0.1353230556912,0.5572093286908,-0.0940745080686,0.3742656446196,-0.5995320206636,0.1821852811179,-0.1001999169361,-0.2131433339533,0.1266771567379,-0.1071434562031,-0.1951652811566,-0.0538949517739,-0.2862538574013,-0.3270462599765,-0.1631042195119,0.4363197503192,0.0466612467161,-0.2321348894837,-0.3037835378137,0.2014443463697,-0.1544675480655,-0.6189120517901,-0.2811439667449,-0.2560654255335,0.4206226183902,-0.2146442681807,0.0510678358977,0.1421261972703,0.1450868794103
0.7768057706883,0.7519796995605,0.5041924862794,0.1957193224553,0.5402426195678,0.3480974424483,0.2160980118888,0.1804535570872,-0.0837264942924,0.3555437527658,0.1066178981383,0.4440072382567,0.2116763989577,1.0000000000000,0.3204814415034,0.1556333575757,0.1624955111270,0.2812157433185,0.1589418267620,0.0226595399097,0.2920944195334,0.2596507645188,0.3217695192969,0.1101671006933,-0.0267154853554,0.0200730301297,0.0509888878330,0.1614298570638,0.1751020233733,0.5359309263538,0.0053071166304,0.3188379707788,0.2600856511821,0.2214372907739,0.2368797600487,-0.1434201506171,0.1100779652645,-0.0528371089576,0.0286763878719,-0.0699409010278,0.4727585953427,0.5208539980791,-0.2645635826545,-0.2219176152804,0.0313806858239,0.3971345294761,0.4051552284077,0.1452994510928,0.2159751106486,0.3958982404442,0.3590344950535,0.4736499626736,-0.1503396367003,0.2356348929618,0.0519082760110,-0.2171061618698,0.1465644628047,0.2509367678024,0.1407594492596,-0.0649016137089,-0.1853284344612,-0.0903345549997,-0.1595290533408,0.0667126853256,0.3837973315615,-0.1107484739539,-0.2210631336047,0.4090263690030,-0.2541242950968,0.0629863160575,0.3241220364631,-0.2349534775315,0.2159158341998,-0.0569686441339,0.1668103899357,-0.3487497860597,-0.1773151122441,-0.3067790803858,-0.3245013002650,0.2218818455382,-0.3852896534931,-0.2746160084068,-0.3207213568291,-0.2966385434350,-0.0474481111948,-0.3380696949729,0.1869223778528,-0.0230099689488,0.1125288102583,-0.1104419081417,-0.0234182206780,-0.5658453210441,-0.2638766013647,-0.5160295958000,-0.5676217787468,-0.0796726198968,0.0625402531761,-0.2852220485814,-0.1198295964123,-0.0947229786360
0.0882929456931,0.3425313900893,0.2074282583157,0.5887191473246,0.2048368804852,0.3674269818015,0.2318682994409,-0.0351637340298,-0.0324206913562,0.2685271370437,0.0210429440104,0.2848760179873,0.1490641088721,0.3204814415034,1.0000000000000,0.3517762836847,0.1535970474584,0.1963491855006,0.2125261842116,-0.0995172112920,0.3036361091306,-0.0192502050462,0.2148528120517,0.0540841963733,-0.1410661250893,0.0867043737737,0.2824689408024,0.0065048301452,-0.0106157486317,-0.0324154366782,0.1839348217075,0.3242411325870,0.2519412283368,0.4009318319389,0.2048673229949,-0.0218902344452,0.0887629264417,-0.0477666202172,0.2038179709564,0.2658566659498,0.1857379809607,0.4823479212260,0.4433098343666,-0.0996180302268,-0.1452087690750,0.2315777205102,0.3095981894005,0.1060567558172,-0.1248358048220,0.6962654950870,-0.0599141748169,0.0998513476041,0.3232991060551,0.2533536930826,0.1792447657973,0.1562698454502,-0.0504434204997,0.0390018925533,0.1222251624620,-0.1096431805363,-0.0104597385432,-0.0264570659497,-0.2243732216591,-0.0414410865797,-0.0672635504145,0.4626704391450,0.1037783930667,0.0949593485192,-0.1074209514787,-0.1080163658487,-0.0407172217808,-0.1883702718888,0.0368988403576,-0.1890970047209,0.1309743588236,-0.1215443030709,-0.0123962204356,-0.2674176797683,-0.3209483321177,0.0851809672305,-0.0467290863667,-0.3244471590253,-0.0890017518990,0.1301116076668,-0.1343339166062,-0.2524447045526,-0.0527855587007,0.0714396038290,0.3236538358470,-0.2221069089508,0.1067664399857,-0.0019983399439,-0.1772595062109,-0.4561515931136,-0.3371188352359,-0.0082076776260,-0.4090680726429,-0.0900651171725,0.0016736154747,0.1275109747398
-0.0307766917987,-0.0301919060069,0.1858251389372,0.6565910047906,0.1305727985788,0.3306726832274,0.6019694501188,0.4113334011961,0.3580502675913,0.2325095833062,0.3436786060422,0.4122919362764,0.4053918059628,0.1556333575757,0.3517762836847,1.0000000000000,0.3951821253886,0.5186324885857,0.6675593535571,0.1493451790364,0.6151830998237,0.0064478055483,0.2799928915718,0.1772295761128,0.0245780388349,0.0383050584006,0.4027349381818,-0.2201565918392,-0.2196462341243,-0.2549243935242,0.5257448434880,0.4780458105040,0.3671148942550,0.2900585067222,0.7141286350337,0.5763153757474,0.3362306354189,-0.1169791856211,0.3437928135479,0.1577297852216,-0.2073874064601,0.3116091641567,0.4054092823897,-0.4615100166081,-0.0620115205070,-0.0500507662401,0.1880966688587,0.3640530645963,0.0151742691242,0.3650187585705,0.1486484842272,0.0031989612231,0.4019160748616,0.2588824878375,0.3932933384751,0.2762764043441,-0.0606412238049,0.2104928931897,0.4755612626738,0.2793214765099,0.2787728918347,0.2663696411799,0.1156406010234,0.0263132898829,-0.0163385108528,0.3012440672316,0.3605533728126,0.2461382469150,0.1267655353570,-0.1618721559746,0.2741889336830,0.2417249525092,0.4178730228164,-0.1198211824913,0.2574370414373,-0.4039592451122,0.1167552701349,-0.2632762339046,-0.1474299048391,0.2385524362850,0.0946589528448,-0.1508795426850,0.0861442175996,0.1864390945763,-0.3659328377643,-0.0203531122595,0.2181886548361,0.4451510213171,0.0557039352625,-0.3852498727346,0.2002214573992,0.0106245135323,-0.6118953124220,-0.2315160766936,-0.0978454388720,0.3957804603929,-0.3313605741190,0.2969344912582,0.2712416411623,0.3207449322550
0.0150918548966,0.0584602744980,0.1628159207840,0.2056005790547,0.2119908078792,0.2507589781610,0.0841598887822,0.5582225858762,0.6223095815849,0.5233572864142,0.6349930597763,0.6894380119325,0.7775162237335,0.1624955111270,0.1535970474584,0.3951821253886,1.0000000000000,0.7587326454910,0.2526213660063,0.3495010979990,0.7501890124224,0.2830427617668,0.3949423883345,0.4094268954590,0.2481562784477,-0.0586032739994,0.4752944879097,-0.1866988041856,-0.1834331879080,-0.1201867460706,0.3317147672178,0.3403480172545,0.5029159710441,0.0681938170739,0.4077434926162,0.1530632294889,0.3028867683520,-0.0069854124065,0.1221927598629,0.0345959621770,0.0225874114845,0.3124520405906,0.0595066752851,-0.4293911239236,0.0341839937167,0.0323464840256,0.1060735866665,0.3856814672298,0.0811449951435,0.3654327039490,-0.0126637545595,-0.2597068237145,0.1364953174227,0.0603227243245,0.2065652001390,-0.0967034191667,0.2193084293341,0.4002764298870,0.6538394574648,0.4010506239139,0.1457724910290,0.5025052917874,0.2245185006934,0.3510979207992,-0.0841073093741,0.0310780912714,-0.0623232066897,0.6179796811769,-0.0453002690308,0.0318660773369,0.5741793727058,0.1660074246721,0.6020795698188,-0.0473188011501,0.3791034446003,-0.4608874788146,0.2312614030865,-0.1392758921041,-0.1996688210475,0.3385559106297,-0.0393875229813,-0.1177605206177,-0.1812151789471,-0.1860440361967,-0.2716750350244,-0.2399525398914,0.4450773370643,0.1424010700126,-0.0672425978187,-0.2196547195014,0.2470741728004,-0.1292382308982,-0.5080997086316,-0.2917585858138,-0.2907014188256,0.3707899314109,-0.2032752868424,-0.0279380534160,0.0745441190977,0.1749769959798
0.1054951355608,0.0957438312011,0.4402869571602,0.2687973557745,0.2927212799514,0.4664528313548,0.1089470078578,0.5344025040359,0.5677209492907,0.4686513905218,0.7100884676108,0.7274102595313,0.6898144511135,0.2812157433185,0.1963491855006,0.5186324885857,0.7587326454910,1.0000000000000,0.2715413781735,0.3680161871300,0.7108066672432,0.1756671540228,0.4787828227662,0.3391936161456,0.3337619785256,-0.1864656318632,0.5337362378849,-0.3057517952979,-0.3324280443949,-0.1810297130968,0.3318882242459,0.3722635469369,0.4969493593521,0.0091688685030,0.5591652048271,0.1757193354620,0.3651287401942,-0.0053075322570,0.1861956075922,0.0023271179370,0.0332365580344,0.5505061080552,-0.0683457598276,-0.5536526834602,0.0146361278370,0.1087817432157,0.2016483390090,0.5364101513277,0.1012806964361,0.5004223140491,0.1025712327788,-0.1619717153350,0.2168446554269,0.3516620078613,0.3816927506600,-0.1019643564668,0.2056728642258,0.4724089029687,0.7646857570194,0.3305262873544,0.1260114091840,0.5166211178800,0.2180036192637,0.3369341454343,-0.0321364604047,0.0611416036659,-0.0298345524259,0.7340574135015,-0.1318299916703,0.0171259694011,0.6242094405576,0.1693867881990,0.6966010003062,-0.0863116521616,0.4389762904762,-0.5214362066547,0.4217490540401,-0.3283972826833,-0.3551260072088,0.3627564776141,0.0155300561863,-0.0818255202614,-0.2019793806794,-0.1690129981688,-0.2256525071651,-0.3264873450696,0.5198005748338,0.2386603601053,-0.0342758947194,-0.1623126495497,0.3490736127153,-0.2578836356776,-0.6569354383706,-0.3763025353500,-0.3683812526636,0.5449587523623,-0.3531011105013,-0.0372670409150,0.1594589492580,0.2704652369423
0.0849623856642,0.0561577240308,0.2123849535538,0.3989068321634,0.0431020133719,0.1857552940188,0.4292695097398,0.6052465252451,0.3557171938518,0.3225277274846,0.1607055702905,0.2604970119530,0.1938367415754,0.1589418267620,0.2125261842116,0.6675593535571,0.2526213660063,0.2715413781735,1.0000000000000,0.1682119497763,0.4806228867038,0.0908771431897,0.0089104620457,-0.1214693260039,0.0644470725425,-0.0396651492551,0.1346892750881,-0.0992858683197,-0.2119214625596,-0.0140350375521,0.1381162413675,0.1342742218301,0.1164274348097,0.3148741056945,0.3927753610726,0.3292721512468,0.2509821607305,-0.0369198224016,0.1479049452836,0.1582496019326,-0.1212460217865,0.1767221769955,0.3377725345935,-0.2696865427845,0.0766948805912,-0.1276259739125,0.0885252211593,0.0056703926557,0.0019942900365,0.0812287048827,0.1701226334561,0.1047918806375,0.2724920055712,0.1817480488572,0.2062624928890,0.2248522576614,0.0812566183923,0.4527452129757,0.2948596975032,0.5250778565347,0.4271692764717,0.1046880010803,0.1476238834359,0.0044118185692,0.0409854210070,0.1520785056224,0.4666656587526,0.0326962376968,0.3881953155843,0.0116406501545,0.0895036206537,0.1726470789564,0.1229108604294,0.2509504161795,0.0246910667417,-0.2538036541282,-0.0500549243576,-0.1828898325337,-0.1787323140599,-0.0954518862477,0.0321620509796,-0.2078908792876,0.1305514953644,0.0774708028680,-0.1896549734870,0.1436145799864,-0.0383797620928,0.2905013121456,-0.0893312826290,-0.2025794893074,-0.0275451614811,0.0238554629373,-0.3606873684400,-0.2589554841139,-0.0108098756805,0.1789206488530,-0.3314346411683,0.2926459391379,0.2143806158437,0.1010567425868
0.0427437688715,0.0740284087536,0.3825728084496,-0.1205106549434,0.0885256588548,0.2431787526258,0.0088096843293,0.4673312119959,0.6740922672715,0.1868057989706,0.1835979439157,0.2384922874595,0.3696200803970,0.0226595399097,-0.0995172112920,0.1493451790364,0.3495010979990,0.3680161871300,0.1682119497763,1.0000000000000,0.2182714811347,-0.0921189881410,0.0114445606956,0.1270639592072,0.7805623607970,0.1863946088397,0.4313431222967,0.0827942246991,-0.4929730162176,-0.0002472922792,0.2183547903340,0.3082585548904,0.4574046670610,0.1365406338709,0.0501617399277,0.0819095219833,-0.0263296368965,0.6546123436974,-0.0456319866567,0.0001812402099,-0.1240746000286,0.1491937128418,-0.1431679042321,0.1741247082718,0.4423747123521,0.1123452497238,0.2800653819786,0.1381359365334,-0.1721317839189,0.0076751523964,-0.0643480268172,-0.1388117715261,-0.1244223123292,0.2188762231214,0.0018924605637,-0.2408037784662,0.2379430750014,0.2679867183013,0.3345309419337,0.4855602518629,-0.1900202863707,-0.0148925376165,0.0627682906909,0.1838561016173,-0.1350295193276,-0.3733152937858,-0.1687194058603,0.3580785992385,0.0206440077818,0.5334472772021,0.1810142548406,-0.3174378768985,0.2474345793595,0.5163985279262,0.0941156090052,-0.0769873292900,0.3960887385653,0.0001201226091,-0.4290910098968,0.1152604667427,-0.1326620220208,0.0441117697666,-0.2247930000037,-0.3193206085054,0.2564652801136,-0.0320914848124,0.0392286640592,-0.0144992307998,-0.3448746612896,0.4130450044841,-0.0394613157728,-0.1244162853656,-0.0176080230741,-0.1812418266869,-0.1774929914368,0.1768469951210,-0.3501146770466,-0.2384673593424,-0.2021946256497,-0.1834397038902
0.0834383393213,0.0838615581375,0.2391929061537,0.3823843511202,0.2511333713279,0.3325167955046,0.2315369025516,0.4834999382812,0.4099065835145,0.4960580362569,0.6037782200823,0.7594585277305,0.7041674111606,0.2920944195334,0.3036361091306,0.6151830998237,0.7501890124224,0.7108066672432,0.4806228867038,0.2182714811347,1.0000000000000,0.2688327261935,0.5213548948407,0.3436868915064,0.1373617661902,-0.0192933198919,0.5362892628211,-0.2345012369776,-0.1823173481002,-0.1437393519531,0.4368897705025,0.4677824915076,0.5714655342213,0.1652916478329,0.5788235458673,0.2835502874858,0.4087972097176,-0.2156568654235,0.1597318159674,0.0000051519013,0.0050212180672,0.5543114647252,0.2050694733166,-0.5778202328180,0.0055299202862,0.0788203585790,0.1707471111839,0.3919554604960,0.0230114750210,0.5785601309726,0.0942202957836,-0.0936174921384,0.1989000760533,0.2258196476450,0.2532806845970,-0.0261391546009,0.0839914793470,0.3495192231291,0.6417657710992,0.2915128862619,0.2605161217228,0.4937965740513,0.2611109563582,0.2551864376167,-0.0420602453822,0.1498000659165,0.0961082248241,0.5143985928411,-0.0257527863984,-0.1518342454598,0.5624436432618,0.3165252544987,0.5289868251266,-0.1293391661156,0.3461287560751,-0.5089084541556,0.1476829391475,-0.2415983020428,-0.1904197265765,0.2384959991948,0.1001244361008,-0.1575242084225,-0.1256795265139,-0.1836372810225,-0.3680615180509,-0.1959565005993,0.3915073747230,0.2947275766919,-0.0830462533435,-0.4698322824690,0.1559429648305,-0.1960584395703,-0.6808231596254,-0.3574864228950,-0.2464532930502,0.4031148193668,-0.2851371471375,0.1132667122723,0.2457997796321,0.3408310887558
0.2357742866370,0.0622438740995,0.0381217570274,-0.1100729582318,0.3010153890393,0.1238329499510,-0.0035102667028,0.1222654484177,0.0502327589687,0.6916493027220,0.3161613424840,0.4062355972268,0.2424877436403,0.2596507645188,-0.0192502050462,0.0064478055483,0.2830427617668,0.1756671540228,0.0908771431897,-0.0921189881410,0.2688327261935,1.0000000000000,0.2494520462543,0.3498469857871,-0.1478008662625,-0.2043056557433,0.0594912516340,-0.0233429493830,0.1758946399994,0.0274242662063,0.1879919661708,-0.0552283526939,0.1910548495950,0.0651817425769,-0.0188356957291,0.0107095733840,0.2754784682024,-0.2227092983997,0.1094609940011,0.1495419802055,0.3798119922801,0.2019608780288,-0.2181942647771,-0.2921608778795,-0.1319566200657,0.2620171142478,0.1617509170700,0.0693901657874,0.4463905180134,0.1305564361277,0.1892400147556,0.0886140214819,-0.0933496238720,-0.0504586019940,0.1140068931810,-0.0469544139317,0.1826892922484,0.1236977379807,0.1033816411817,0.0145143732568,0.4096209175957,0.2566708894453,0.1595006488775,0.1663590126568,0.2146377317286,-0.0424120884356,-0.0940641487452,0.1966524266719,-0.0764463257671,-0.1024426129632,0.2365530019732,0.3277051750981,0.2564517163461,-0.1517953329116,0.0967061839271,-0.2817671278587,-0.1986874035420,-0.1100885413257,0.0222199599948,0.2083610414178,-0.1055135484514,0.0115774494237,-0.1425851818168,-0.1835667186339,-0.2515248431285,-0.0400742760538,0.2841201762446,-0.0343297240291,0.0586109742766,-0.2959163544151,0.1223998817888,-0.1787728356884,-0.2301345979225,-0.0837690755211,-0.2116706605786,-0.0042061360571,0.2158433856988,0.0824931844194,0.1129898887939,0.0899778002204
0.2532264934460,0.0944199928324,0.1442304566095,0.1837475667978,0.3574804667895,0.3175259726676,0.0380224269763,0.0543232387226,0.1755710525422,0.2183785072446,0.6713211506686,0.6811600534686,0.3175474313181,0.3217695192969,0.2148528120517,0.2799928915718,0.3949423883345,0.4787828227662,0.0089104620457,0.0114445606956,0.5213548948407,0.2494520462543,1.0000000000000,0.3830556088026,-0.0616498120751,0.1041437742535,0.4700009287049,-0.2031500016102,0.0850390560051,-0.1177108147810,0.1565096936128,0.4711316072584,0.4505726888337,0.0138343875920,0.3501872173153,-0.0539753214418,0.2764770775981,-0.1844126603778,0.1235307760006,0.0440077333629,0.1726659008676,0.4368519808558,-0.0114701725033,-0.3786423703891,-0.1229118310354,0.2368952183086,0.1435096222291,0.4558392201662,0.2059976612465,0.4117289610714,0.1225276709662,0.0372958482680,-0.0156055324167,0.1493493609093,0.0795044951475,-0.1339107641168,0.1040853722637,0.0295344425049,0.1919332078684,-0.1479933019083,0.0250922175265,0.4683275391214,0.1915499913934,0.1848315770075,0.0100990257382,0.1188594495280,-0.1970762815413,0.4727190187768,-0.2787548742202,0.0507334616351,0.4650787525663,0.2223915690002,0.4891348205632,-0.1873426443404,0.1876340755157,-0.2436900548834,0.3004297551978,-0.4395479838997,-0.2609774926364,0.4494160515726,0.0006492806200,0.0180507268463,-0.2798304273790,-0.1307479274117,-0.2114805803864,-0.3754865650746,0.2857487846693,0.0954201286603,0.1851368629881,-0.2377970656534,0.1517570951770,-0.2538640423184,-0.4038825161169,-0.3835973005632,-0.3431648678556,0.2381943560764,-0.1348298918067,-0.1154386393855,-0.0166218782541,0.2563433384568
0.1201795323315,-0.1120858829371,0.1156815025754,0.1323864673854,0.3106382264484,0.2365399858892,0.2430846728576,-0.2111372804257,0.2238696137144,0.3720038011026,0.3860597183738,0.4306501754763,0.2591382957708,0.1101671006933,0.0540841963733,0.1772295761128,0.4094268954590,0.3391936161456,-0.1214693260039,0.1270639592072,0.3436868915064,0.3498469857871,0.3830556088026,1.0000000000000,-0.0565780470566,-0.1591208637355,0.5028679605524,-0.1212043954322,-0.0316344002789,-0.1935698137952,0.5649394467061,0.1353040073673,0.3695375235510,-0.0353858673219,0.1918142214164,0.3101791816950,0.5032730802314,-0.1424487226601,0.3677956436927,-0.0565007371769,0.0175830253673,0.1917811298663,-0.1767954200703,-0.3335419303461,-0.3231022474453,-0.0533357787779,-0.0143835760543,0.4703754800114,0.1882553564917,0.2830467574127,0.1286430916434,-0.0769318333397,0.0986356468776,0.1372050298703,0.3536175903252,0.1717830826832,0.2553943762923,-0.0565946524123,0.1713080465093,-0.1085658542279,0.1755601080587,0.4866469504452,0.2394947571344,0.3486504769099,-0.0037126425324,0.0199677492162,-0.0867798835629,0.4774682202455,-0.0292821991486,0.1869568123368,0.4554714882853,0.2983760556900,0.6506409594425,-0.1955557587199,0.3369459800499,-0.1419234999811,0.1240667021879,-0.2010253257958,-0.0024342437158,0.7102060928567,0.2068904439280,0.2196678110180,-0.3389037045665,-0.1417490211177,-0.0938147846839,-0.0586999476804,0.6240595616191,0.3266991764333,0.0876217415598,-0.1992902984452,0.3725727934026,-0.2176567995238,-0.2831362794649,-0.1847348509948,-0.2575655211449,0.2639117434789,0.0631845796739,-0.1076906078635,-0.0334273492232,0.1548165398282
