1.0000000000000,0.7151543354533,0.7272042681880,0.6512534344336,0.8908149631081,0.6358651700096,0.6233759794874,0.2249313870756,0.2488619499708,0.3122434569970,0.3199973514477,0.1633436980511,0.2614767302544,0.4074617569649,0.5817387768004,0.2559789102907,0.2662977598282,0.2294151012998,0.2240380193690,0.1148483898897,0.0761186832968,0.1911752222539,0.0974037380201,0.2912660710748,0.0979630609191,0.2112462359495,0.1361105634767,-0.1857239478074,-0.0426694131260,-0.1500211039902,0.1260490029931,0.0653616536747,-0.0128060865306,-0.0885252608078,0.4573410697288,0.4372658147901,0.1944208046786,0.0702650395285,0.5641269272813,0.0188828152264,0.2949630046149,0.2316478425307,0.2020854754450,0.1375266898272,-0.0768577227722,0.0083280649594,0.0357319242539,0.4229119315346,0.2657213679724,0.2827947390137,0.8636341923861,0.7242308961606,0.5087420821587,0.6793825683525,0.6587163851809,0.5838844669273,0.1853633033545,0.1723979896638,0.1621554982938,0.1390939338167,0.3801347132689,0.3083626539679,0.2249971515719,0.0801298228547,0.5201190364056,0.1186651637141,0.3240209512610,0.2176940608081,0.2098202138554,0.2069543940938,0.1443257246458,0.0460071852575,0.3079990340485,0.1505445604956,0.0593048859275,0.0632058117028,0.1233442215992,-0.2092653078461,-0.1587535301275,0.2038777124656,0.0052516370678,0.0881358911040,-0.0477403249018,0.1835950955161,0.0226255821197,0.0037931370263,0.1750040917533,0.5981133909961,0.1964554692781,0.1454365873155,0.3892584101971,-0.0163761532986,0.1615761536625,0.0947720882057,0.0117268176979,0.3428568783945,-0.0240447978155,0.3445271662585,0.4307140980250,0.4835979045173
0.7151543354533,1.0000000000000,0.7119950286142,0.6875088007897,0.6815892425363,0.5479768163779,0.6384894885755,0.3469753947509,0.2366359341316,0.3842632889762,0.1622796483645,0.1456183053851,0.2386192025590,0.5855657173040,0.6220133670050,0.2964014922131,0.2574453294159,0.2027421479537,0.2609322359863,0.1083122890977,-0.0346338885977,0.1416543645783,-0.0852008604114,0.2155403553736,0.0188684459603,0.1391181102320,-0.0672130108686,0.1929890705861,0.2798768606791,0.3342547966707,0.0348692661601,0.0601167427439,-0.0868026988062,0.1571533883337,0.5003530600771,0.3877741598999,-0.0183799911409,-0.0620922295791,0.4692223759398,0.0073788252621,0.4617837230739,0.2350143475760,0.1404208552492,0.0451849350649,0.0758102664358,0.1050310935895,0.1659608450560,0.2099309116398,0.3774165713724,0.2260559768856,0.6988073616038,0.9014625951907,0.5315383818333,0.6301993630812,0.6323589025514,0.6346113632648,0.1156831012617,0.2656021942196,0.1939965670354,0.1507208908093,0.3970318387550,0.1811800312019,0.1271526186470,0.0851545151747,0.7482311613454,0.0108151644625,0.3542290954430,0.1819449231606,0.3008409374714,0.0930381762808,0.1514473033419,-0.2023991175993,0.2125639109280,0.0629312221564,-0.0862744964686,0.1111437467945,-0.1337589201319,0.0757061347035,0.1744087159397,0.1796978104030,-0.1229388985782,-0.1006722818346,0.2392076391719,0.0001919964124,-0.0529141258024,0.1139348528878,-0.0702137782103,0.5789190970007,-0.0592058444541,-0.0430184637089,0.1629805269363,-0.0355988335340,0.1476181753651,0.0479506173433,0.0690256094523,0.2054025023320,0.2412557567177,0.3763832797912,0.3572772389039,0.3737659229637
0.7272042681880,0.7119950286142,1.0000000000000,0.6258576551509,0.6761556865394,0.8265358610631,0.6685103929648,0.2259372732703,0.2862125583765,0.3686905218851,0.3030402481699,0.2200502716762,0.2847235854160,0.4751119012806,0.5892691754719,0.3910721823623,0.2791449448048,0.1799625819795,0.3206323113318,0.1591126298288,0.1412121300189,0.1219214310144,0.0927684848113,0.3184463989032,0.0376599549008,0.1333902410108,0.0729279160959,-0.1105504996936,-0.0260807900940,-0.0425143092157,0.2110550715493,0.1948316690826,0.1638472907686,0.0327446109075,0.4947572169511,0.4880893219305,0.1077163203773,0.0771899447486,0.5091683232348,-0.0253428267679,0.2026520592980,0.2789394782976,0.3208940626617,0.0945273341787,-0.0562155799079,0.1114811106221,0.1831976886373,0.2910388754027,0.2014023719668,0.2611285559682,0.6072177132255,0.7787365658864,0.5219703054507,0.8560549837281,0.6572284876219,0.5592998242576,0.2130947319279,0.1476498453785,0.1280302316541,0.2141577811589,0.3837269077737,0.2588950962980,0.2159027862105,0.0943721151691,0.5119240004837,0.1144369892532,0.3641412707347,0.1432494896425,0.3155252304290,0.2422576031422,0.2175914030936,-0.0677031991149,0.2378823175104,0.1033817971208,0.0740234905269,0.0047551579419,0.0528662921631,-0.2464817726476,-0.1007273145650,0.2424510774493,0.0684245987895,0.2003385479273,-0.0340472170551,0.1716379789794,0.0078096657181,0.0192358221373,0.0143523128892,0.5393033435471,0.0558780715992,0.0439148713789,0.1957140410688,-0.0796436590686,0.1354693767857,0.0472607247560,0.1030683771130,0.2713536592852,-0.0183460911503,0.1640918554381,0.3118352242826,0.3643560953991
0.6512534344336,0.6875088007897,0.6258576551509,1.0000000000000,0.7537066722367,0.6671440002382,0.9418608111813,0.5294080474656,0.5405257181948,0.5742557824834,0.4767866074353,0.4688241400290,0.5450497103276,0.3788268987375,0.7022534916597,0.6097460958085,0.5936837264194,0.5903167676606,0.6322000629179,0.2274206147941,0.1506770469696,0.1165537669729,0.1804940845285,0.6161431296445,0.1620836262744,0.2428270262649,0.1734525492937,-0.1498328145932,-0.0400485225823,-0.1127386393369,0.3189575267832,0.0822758119999,0.0179017942924,-0.1134271946369,0.7961008388714,0.3228236482036,0.2427972126746,-0.0421958159566,0.5740057833042,0.0638499639119,0.2388499586803,0.1506368635285,0.1846567685198,0.0717136552091,-0.1287086716551,0.1530181382420,0.0142177963581,0.3942292316802,0.1099770316146,0.2496866751109,0.7609566717465,0.7636230804772,0.8420988083038,0.7798687308520,0.8069499221079,0.9059655683760,0.4458713309817,0.5422425435405,0.5680875761695,0.5091832014275,0.5225984343424,0.5010805547994,0.4092202092810,0.3917606612408,0.6158914250559,-0.0439177800217,0.6332507064560,0.5712244674655,0.6685264516189,0.3955754754051,0.4268636074019,0.0051802654001,0.5957691041912,0.1618308277352,0.1791083890749,0.2004643922590,0.1288292078342,-0.2416155608082,-0.1057952782023,0.5467696943573,-0.0480970571675,0.1028196779284,-0.1269806059519,0.2088520035837,-0.1661001825055,-0.0365096140401,0.1062566059849,0.7905648946453,0.0086314960054,-0.0270771042385,0.2638607758379,-0.0070878227028,0.2354413864247,0.0301349295302,-0.0566103684259,0.3622456517597,-0.0412155162145,0.2768486692696,0.5076548577271,0.5260239557269
0.8908149631081,0.6815892425363,0.6761556865394,0.7537066722367,1.0000000000000,0.7466169015715,0.7480189370204,0.4427316323179,0.4157575643862,0.3668874759027,0.4013579282094,0.1995941339451,0.4488369389388,0.4457468352878,0.5615111954128,0.4093189047871,0.4447280287407,0.4513776121170,0.4187843275495,0.2137221745754,0.0392901026175,0.2109618950875,0.0504593509093,0.4093699080667,0.1839570167860,0.1948540469605,0.1827041819247,-0.1758145915390,0.0050978295936,-0.1149156138398,0.2292124053588,0.0002992641439,-0.0172361578590,-0.1503211300467,0.6064512436949,0.3771585102138,0.1644137612726,0.0685676932205,0.5071607445656,0.0058671240732,0.3181091425340,0.1273387614010,0.1213002984099,0.1025338868488,-0.0628589169795,0.0321128060344,-0.0263525112979,0.4123991193940,0.3603184298777,0.1899807205736,0.8798026359173,0.6976087406295,0.6390491786344,0.7638767322815,0.8283722073871,0.6985290647146,0.3667601314544,0.4310437559273,0.3890450775388,0.3491824335755,0.5575678251644,0.4052194002119,0.3116685084704,0.3078715084945,0.5422583402246,-0.0575504995133,0.5173393194500,0.4573503930906,0.4159561968832,0.3702877479674,0.2060804449442,0.0490232042774,0.4258609340055,0.2216431938972,0.1395192102331,0.0675530386082,0.1019756436804,-0.2279230886186,-0.1595038977565,0.4156814491686,-0.0677985196186,0.0972277281430,-0.0894813384250,0.1856141686803,-0.0511881643133,-0.1007672087838,0.1448874056508,0.6785525085579,0.0083496841283,0.1422418776335,0.2719996253663,-0.0370818439437,0.1757726577084,0.1460378063182,-0.0564060948262,0.3678294797671,0.0796673906679,0.4587215737456,0.3930848643852,0.4573382666244
0.6358651700096,0.5479768163779,0.8265358610631,0.6671440002382,0.7466169015715,1.0000000000000,0.7718114008596,0.4507605881341,0.5287972929512,0.5073341221893,0.4753397072126,0.3524573431358,0.5150120564543,0.3382671757516,0.5785419953281,0.4756594710090,0.4695865624979,0.4362507487544,0.4980803151012,0.2600207176596,0.1625172739372,0.2068456506977,0.1374836291073,0.4987540151447,0.1803018181694,0.1520888721734,0.2006879954310,-0.1855796763058,-0.0799948831086,-0.1755880610079,0.3172267148233,0.1215666503941,0.2018251859449,-0.0956232603745,0.5692061631176,0.4164164250334,0.2244634160344,0.0948329004008,0.5215775645824,0.0131604470817,0.2358954519013,0.2007139267491,0.2596335519777,0.1033868218393,-0.0915938995831,0.1809634549491,0.0961642854481,0.4647165111016,0.2586344350451,0.2651544522891,0.5760952551672,0.6180019800538,0.5929742992694,0.9081209063977,0.8395921563498,0.6269180979970,0.4365025067435,0.4114911452709,0.3798436855009,0.4873201946105,0.6129751668622,0.4402013271952,0.3858159168462,0.3591435376058,0.3989309741404,0.0655597003877,0.4816769036112,0.3948722555029,0.4769018402807,0.4401812460565,0.2991929291247,0.0248322348652,0.4280542677609,0.2461082876754,0.1721522803612,-0.0034789935326,0.1631347159042,-0.2868799001393,-0.2009800946613,0.4179116368306,0.0235150646835,0.3056508834391,-0.1617808469560,0.1825733954958,-0.0213854810299,-0.0991592671196,0.1270878978710,0.6174319761908,0.0042366847097,0.0806487596618,0.2386111555370,-0.0197306672393,0.1695079466060,0.1446896147450,0.1016133581402,0.4461773333184,-0.0288284906037,0.3213123379125,0.3629033960502,0.4656786125733
0.6233759794874,0.6384894885755,0.6685103929648,0.9418608111813,0.7480189370204,0.7718114008596,1.0000000000000,0.5863505726013,0.6205521308771,0.5810738484098,0.4849448228639,0.4719669843655,0.5812494456719,0.3216658045250,0.6418876941303,0.6040752248860,0.5836199599870,0.6285422345932,0.6790536873691,0.2531450897402,0.1269535025142,0.0516766798727,0.1752207727709,0.6515667166617,0.1755499819401,0.2287254996006,0.1718726357210,-0.1895096632079,-0.0845043593366,-0.1592819598145,0.3393455436803,0.0901825307340,0.0577188226095,-0.1465084838197,0.7960400304729,0.3575919929507,0.2743074552312,-0.0333841722471,0.6031053175953,0.0251443617138,0.1975924712675,0.1616196074367,0.1775853413994,0.0590274694644,-0.1240488147057,0.1670140756396,-0.0074528793783,0.4570177503976,0.1111942222649,0.2515832325473,0.7005618954958,0.7262322018700,0.8189911017854,0.8280343563801,0.8512112497074,0.8895923247448,0.4924615909335,0.5824754341821,0.6062875645638,0.5914758516206,0.5468460232784,0.5044853939607,0.4438970449711,0.4511543230657,0.5519938630571,-0.0090637052386,0.6419005330184,0.5952474755627,0.6812984630619,0.4579254558987,0.4120163801632,-0.0025704646287,0.6203233985117,0.1976540141861,0.1769904036590,0.1538786270861,0.1634920126498,-0.2856729376160,-0.1368303508122,0.5626983865328,-0.0117062499715,0.1834500403258,-0.1401128495498,0.2238217916281,-0.1082407389720,-0.0455596713781,0.1408446820908,0.8027554548769,0.0242981217843,-0.0017272755850,0.2872869678801,-0.0405990613883,0.2122767151866,0.0432906876148,-0.0356096698530,0.4292702463898,-0.0614303240431,0.2541409227107,0.5041086131029,0.5489196921727
0.2249313870756,0.3469753947509,0.2259372732703,0.5294080474656,0.4427316323179,0.4507605881341,0.5863505726013,1.0000000000000,0.8227087296069,0.3954333716657,0.4601103503519,0.3776374166025,0.7087527753156,0.1987322235045,0.2378535330221,0.5562030816189,0.6231388447178,0.7826520785892,0.6751622935558,0.6337030524452,0.1216888544852,0.1431559889461,0.1536016884552,0.5637690523450,0.5231332717160,0.3014170515411,0.2953061571830,0.0985375936787,0.1302465056520,0.0910271330979,0.2438170156517,0.1122890049843,0.1090981895624,-0.1518604995015,0.6381685905702,0.2029963788644,0.2347700862926,0.1979825234292,0.1986128423272,0.1998682846767,0.3084418227726,0.0583095440268,0.1649696671981,0.2240528617652,0.3616916022753,0.2203486804855,0.0649888347026,0.3216061945145,0.3002296638396,0.0827478122444,0.3131989240188,0.2800089600555,0.4424650010988,0.4230317679396,0.6016366011408,0.5055142593205,0.6203885853438,0.8827113625515,0.7281543454920,0.7588308077922,0.4964022505955,0.4669878715398,0.4055847824363,0.6252537570095,0.3074992878284,-0.2621656711122,0.6960284880908,0.6869747959621,0.6161048652479,0.6364287240825,0.2441658897790,0.0766728542489,0.5857540385557,0.5313397689535,0.0990429794556,0.1665953616509,0.2129930904744,0.0942668310424,-0.0391087948531,0.5190046154852,-0.2021810343873,0.1499656745507,0.0756390694541,0.2013448781436,-0.0212482706165,-0.1873226739092,0.0181914858584,0.5027541871475,-0.2696099546478,0.1394205742711,-0.0083410558795,0.1079034332917,0.2559882954261,0.1408984458872,-0.0309318210625,0.3357111997204,0.1885692953476,0.3750654749661,0.2377346633183,0.1794312942118
0.2488619499708,0.2366359341316,0.2862125583765,0.5405257181948,0.4157575643862,0.5287972929512,0.6205521308771,0.8227087296069,1.0000000000000,0.5125559032125,0.6449803943088,0.5192558670230,0.7475538518276,0.1164451170492,0.3325471131360,0.5897478531891,0.6239907813942,0.7931533236853,0.7951139748397,0.6504420706359,0.3311524789065,0.2030264815220,0.3891809934601,0.8012752287795,0.6199790120098,0.4172252936534,0.4744026509540,-0.0188684039142,0.0489002986141,-0.0874100326134,0.4161895690407,0.2548448349553,0.2792634437523,-0.2166605046196,0.6158559298086,0.2524033353285,0.4927012173354,0.3053487435725,0.3007434841130,0.2423847918913,0.2932895520836,0.1321696569709,0.2632465107553,0.2842919258932,0.1933117419113,0.3098183246753,0.0997024555907,0.4857862201866,0.2332416486492,0.2420470833543,0.2721206349578,0.2226017897598,0.4635012126609,0.4726648509549,0.5969092268904,0.4917076014815,0.7356702787001,0.7936475014581,0.7816172086059,0.9397513394226,0.4971488618954,0.6370121203675,0.5220593402523,0.6065016834679,0.1491071479708,-0.1399871295664,0.6281735653940,0.6739049680114,0.7015974915435,0.7669376525475,0.3419134222304,0.2713292251961,0.7423681783517,0.5962253675998,0.2639105174628,0.2818457574385,0.4707188902192,-0.0586766565905,-0.1297301019280,0.5586292007920,-0.0090746520085,0.3760234193443,-0.0865709653101,0.3194530624800,0.0858784034375,-0.1723470628428,0.2458709356644,0.5417821481846,-0.0827126247126,0.2292061269947,0.1268785308847,0.1757132843357,0.3297205703464,0.1715749153963,0.0638939344085,0.4530607181735,0.0543305877920,0.3125972034063,0.3237888561413,0.3030218906169
0.3122434569970,0.3842632889762,0.3686905218851,0.5742557824834,0.3668874759027,0.5073341221893,0.5810738484098,0.3954333716657,0.5125559032125,1.0000000000000,0.5993058216207,0.7787756188362,0.5521730026421,0.1048407523754,0.6897294303490,0.2610574259987,0.4543046234360,0.3837320957252,0.4559249923565,0.2477104646668,0.4304798203520,0.5203508905871,0.5419499627372,0.5749962015033,0.2967276857322,0.3423792284600,0.3604435695527,-0.0614110471396,0.0423375094300,-0.1547741300897,0.1710812647218,0.2979235318893,0.2532152461320,0.0901181463599,0.3425402055528,0.2282228791459,0.4634298919450,0.0007969480662,0.3902761384802,0.2441314720404,0.3747463755418,0.3792615072611,0.2254629606619,0.2819231327175,-0.0043730786492,0.5278865062644,0.3485293746892,0.4418181955269,0.0478211185456,0.4950260939046,0.3683448963525,0.3615305237513,0.4532454261596,0.5396411844339,0.5962143889487,0.5226307470589,0.3985758857053,0.4035761084624,0.3605196675309,0.4521300819667,0.6191420247135,0.5620971083650,0.6207940200487,0.3951636677113,0.3850495721067,0.1291188962503,0.3125442094242,0.3579555633405,0.4539029823750,0.3316142802292,0.5193293710399,0.2564069676072,0.5625694795851,0.3368758720909,0.1595949071392,0.1311722594981,0.2930259645288,-0.1909999937113,-0.0843600002486,0.2313811985207,0.1145833926075,0.2162976544887,-0.0936698766011,0.0862944381516,-0.0801475456112,0.1068558386999,0.2620401804110,0.4700055557272,0.1565513969987,-0.0990400109382,0.2320994034765,0.1872950233621,0.2783153501975,0.1097944203541,0.3433814456075,0.4264311918043,-0.1651104784838,0.2441650431289,0.6345288091477,0.6633705275368
0.3199973514477,0.1622796483645,0.3030402481699,0.4767866074353,0.4013579282094,0.4753397072126,0.4849448228639,0.4601103503519,0.6449803943088,0.5993058216207,1.0000000000000,0.7303296150234,0.6659847852124,0.0413415873333,0.4468595559827,0.3765372583391,0.5506290594986,0.6134107325272,0.4627722676649,0.5304911076854,0.5598863558958,0.4520124918436,0.6909134119688,0.7274576739046,0.6067660849404,0.5027327315548,0.7048759900676,-0.1239003820197,0.0640549140384,-0.2161144194190,0.3784348826848,0.3249286540746,0.2921481841844,-0.2662164161922,0.3980900801092,0.0962230735332,0.5415304877518,0.3596777826031,0.2547643858288,0.3614281566824,0.2889765824617,0.1896602198860,0.3536119931588,0.3565096629822,0.1957106859037,0.4085471041952,0.1247238273141,0.5420622842217,0.1989131643045,0.3973606122943,0.3262757534483,0.1528014360153,0.3773339789675,0.4867567167960,0.4872576007335,0.3188057120549,0.5574221380881,0.4782366357707,0.5202077176884,0.6060526359669,0.3605269628399,0.8620551067656,0.5669083122278,0.4737591436605,0.1025440993666,0.0413777176333,0.3489882051915,0.5303461033325,0.4027789060860,0.5667088844726,0.4677470588217,0.5750071841621,0.7198155624625,0.6094391519838,0.2542401207599,0.3296032106817,0.6272151729863,-0.1259655330658,-0.0427926585954,0.4160728534844,-0.0125270735268,0.2952621260510,-0.1922991627422,0.3641671252623,0.0896096962506,-0.2313408812998,0.2959923152241,0.4010757608786,0.1647941942374,0.2528155793414,0.2997637273138,0.2628864972706,0.3659699282217,0.2424934813708,0.0545224312441,0.5590599997873,-0.0376676711615,0.2446239956830,0.4096351766541,0.4147402931044
0.1633436980511,0.1456183053851,0.2200502716762,0.4688241400290,0.1995941339451,0.3524573431358,0.4719669843655,0.3776374166025,0.5192558670230,0.7787756188362,0.7303296150234,1.0000000000000,0.6801593297424,0.0177208070422,0.5345740873707,0.3336677050520,0.6320884664938,0.4643416500506,0.4320177824416,0.3703381328893,0.6494746093417,0.5047345608169,0.7582692016264,0.6788656497449,0.3946987927307,0.4522353693459,0.5842992277228,-0.1444069019964,-0.0042474118290,-0.2317934630094,0.3184370979803,0.4410043778121,0.3828173902016,-0.0828228084283,0.3182298533705,0.1694219917664,0.4957071709788,0.1161182112049,0.2912750891957,0.2296153737548,0.1584711402436,0.2092313052765,0.2939317988246,0.2871362243030,0.0474316609889,0.4853355876401,0.2378786704616,0.3638892565180,-0.1025070143945,0.3887509330284,0.2076751689552,0.1297419193285,0.3879467717608,0.3997101386942,0.3431752874088,0.3868075204427,0.5191737927615,0.3707840218439,0.3852613822897,0.4867382709914,0.3687211921462,0.7085295253062,0.7876913707815,0.4998245238849,0.1662488059913,0.0378532052838,0.3049230066460,0.4607904256385,0.4209357397970,0.4740871591176,0.7401328556813,0.5474900413689,0.6988089780028,0.4694156869432,0.3454426379619,0.3136769521032,0.4827874453298,-0.1857419565335,-0.0491047735847,0.3686033155823,0.1864260149427,0.3857681314477,-0.2205885254488,0.2385095121920,0.0228697890902,-0.0077539824785,0.2568519127262,0.3996010345381,0.2395978488246,0.0293145250846,0.2050870795817,0.1267936838871,0.2674150721090,0.0901826523126,0.1872232452325,0.3423038102973,-0.1992455659830,0.0387425768329,0.4342151281599,0.5240022642489
0.2614767302544,0.2386192025590,0.2847235854160,0.5450497103276,0.4488369389388,0.5150120564543,0.5812494456719,0.7087527753156,0.7475538518276,0.5521730026421,0.6659847852124,0.6801593297424,1.0000000000000,0.1699938502175,0.3954142572147,0.5441591964383,0.8351713096765,0.6986091502961,0.6425637633453,0.5483951106140,0.4295023417654,0.3578568612184,0.4549658707293,0.7577437905337,0.5924949816135,0.3954041063101,0.5530948716061,-0.1120383654763,0.0588589382701,-0.1444687841265,0.4034617251504,0.2173636149602,0.2922762652284,-0.2359924262073,0.5328991996642,0.2280982714896,0.3696989686546,0.2118122236409,0.2636211084608,0.1246342992668,0.2235488254820,0.0038153534903,0.2089128915053,0.2446913358152,0.1376831887377,0.3196181758448,0.0415311453899,0.3530462069732,0.1481456084468,0.1863739008453,0.3305440383649,0.2097221071725,0.4611725909508,0.4836271460400,0.5412011271770,0.4936012048729,0.8314985144208,0.7156508004269,0.6362622088095,0.7351656800063,0.5665340065259,0.6648608312854,0.7523664202375,0.8576824453653,0.1755087130053,-0.1773060194622,0.5966532930506,0.7505085161622,0.6269173592091,0.7207483299673,0.5889225512761,0.3908706069490,0.7592457852972,0.6086444795682,0.4011033722759,0.2874162002753,0.3949218869206,-0.0950108201462,-0.0961240501003,0.5985754145803,-0.0632925519542,0.4245275462550,-0.1727484765810,0.2844155683649,0.0161635179632,-0.2254909729655,0.2201227602417,0.5352894589813,-0.0050311390337,0.1858680954750,0.0977621362436,0.0484414758270,0.2884259319108,0.2054539907413,0.0127989750553,0.3200642496499,0.0260115148064,0.3193882835704,0.3239352265812,0.4077334009625
0.4074617569649,0.5855657173040,0.4751119012806,0.3788268987375,0.4457468352878,0.3382671757516,0.3216658045250,0.1987322235045,0.1164451170492,0.1048407523754,0.0413415873333,0.0177208070422,0.1699938502175,1.0000000000000,0.4936188742472,0.5332431335892,0.3045983352790,0.2058442245820,0.2427365050184,0.3224283030131,0.1319839649416,0.1421280547058,-0.0423680860107,0.1800314392114,0.1078665500087,0.1142152967026,0.1003240832980,0.3189658531947,0.2392520387815,0.4184801070586,0.3738603388481,0.3154439239258,0.3263962252176,0.2050532087793,0.4697520345342,0.4956247165166,-0.0593257758908,0.2026982618804,0.2876990149311,-0.0009097124457,0.3049155592709,0.2011843838125,0.2969126086493,0.0883815632535,0.1405743906785,0.1197837866545,0.3557626187447,0.0467798789480,0.5564357882940,0.1963449064328,0.4482663502749,0.4960008382850,0.4857712544982,0.3281101795475,0.3526153615573,0.3633005521389,0.0912822675058,0.1592337462676,0.1360753365439,0.0865953052648,0.1590866319129,0.0144917335140,0.0110861768478,0.0211477906976,0.6711276468742,-0.1266156926305,0.4473790221669,0.2077125649831,0.2681140422130,0.2719303004115,0.0877852926790,-0.1264353715093,0.0614642356024,0.0850063224094,0.1521851342330,0.0115596422631,-0.0114894552784,0.1930980770042,0.0929814744423,0.4045414890519,0.0499977664855,0.1687493170006,0.2314174318770,0.0972573209238,-0.0478409609838,0.0205643691273,-0.2204305856675,0.3830052343829,-0.2998253315857,0.0203523891289,-0.1303750970125,-0.1046716965724,0.0413032286823,0.0756895966771,0.1628300811842,0.0514254791615,0.4860754251841,0.2390274420321,-0.0528145230080,-0.0206913549727
0.5817387768004,0.6220133670050,0.5892691754719,0.7022534916597,0.5615111954128,0.5785419953281,0.6418876941303,0.2378535330221,0.3325471131360,0.6897294303490,0.4468595559827,0.5345740873707,0.3954142572147,0.4936188742472,1.0000000000000,0.4414976588574,0.4645719793876,0.3059651920518,0.4325526492821,0.2655279550090,0.4791980399334,0.3925786713556,0.3887949814279,0.5152133844858,0.2056466469852,0.3958993170277,0.3116474597841,-0.0517374216105,-0.0039397342813,-0.0816313674079,0.3470107893373,0.4052586003705,0.3286195727444,0.1938503953695,0.4473369009808,0.4750141851751,0.3695027173034,0.2132882371735,0.6179844601950,0.2198933590796,0.3727485912800,0.4355137675706,0.4659791092573,0.3387603676542,-0.0296874765083,0.4161870174171,0.3784849963295,0.4614899456097,0.1997981613064,0.6142079606399,0.5711847344890,0.6002794636595,0.5843400471078,0.6051377692078,0.6122874733410,0.6006625592907,0.2442894682642,0.2095096472970,0.2100069716286,0.2575513871017,0.3947889268361,0.4016916020274,0.3817174313866,0.1262956979141,0.5898848488775,0.2411773888996,0.3683766126990,0.2524569324290,0.4416290029685,0.2891052782003,0.3777373761884,0.1310607308220,0.4118241135756,0.2239140234713,0.1868687241165,0.2095664701050,0.2377514497807,-0.2038673376759,-0.1772980417804,0.3049868564540,0.1448296408469,0.2015210429496,-0.0620402755348,0.1461627473048,-0.0346286715206,0.1672952262071,0.1896102354465,0.6093907753600,0.1879588588410,0.0426280311572,0.3447524613621,0.1576155847155,0.3670617789226,0.1588792916949,0.3120856247047,0.4237375701376,-0.1179660523591,0.2073925926932,0.5288062494413,0.5604160818887
0.2559789102907,0.2964014922131,0.3910721823623,0.6097460958085,0.4093189047871,0.4756594710090,0.6040752248860,0.5562030816189,0.5897478531891,0.2610574259987,0.3765372583391,0.3336677050520,0.5441591964383,0.5332431335892,0.4414976588574,1.0000000000000,0.7312939145743,0.6698586924061,0.7234555979958,0.5521460290066,0.2876039592861,0.0898155490385,0.1750577450406,0.5987389499230,0.2974949215739,0.2587281551728,0.3919029481407,-0.0409085608504,0.0335656428899,-0.0218561648600,0.7909221158706,0.3882165520653,0.4792806589171,-0.1112710794273,0.8366554728773,0.5619668607222,0.2097859078698,0.3466761713074,0.5087633214587,0.2184985508745,0.0646957859431,0.0599887025454,0.5360085432463,0.2335813113350,0.0771889620717,0.2344983769376,0.1625952624799,0.2808611919386,0.2401384097538,0.1249608105651,0.3731675442148,0.3289405776902,0.7481991988530,0.4656184734047,0.4571033010176,0.6235723046671,0.4664265162514,0.5144047747749,0.5893931800571,0.5833262707345,0.2768934691693,0.3528671252738,0.2606617401346,0.3518313227259,0.4177531571143,-0.1219280149128,0.8408180425922,0.5588388387630,0.7108159612076,0.6489327151898,0.3044493957961,0.0621962667642,0.4692481376952,0.2288600897999,0.4045699694171,0.1720353958789,0.3010173614404,-0.0921692337404,-0.1048821556796,0.8352550103216,0.0646099004038,0.4560471617635,-0.1518990220579,0.4627722952582,-0.0005505823931,-0.2007941065006,-0.0374224616777,0.6763251645063,-0.1819585221168,0.1999660703213,0.0515561489161,0.0408786154670,0.2608527836304,0.1004035946626,-0.0076692613925,0.2527501139746,0.1619292556644,0.1254681225901,0.0359699565082,0.1075469470122
0.2662977598282,0.2574453294159,0.2791449448048,0.5936837264194,0.4447280287407,0.4695865624979,0.5836199599870,0.6231388447178,0.6239907813942,0.4543046234360,0.5506290594986,0.6320884664938,0.8351713096765,0.3045983352790,0.4645719793876,0.7312939145743,1.0000000000000,0.7010992196080,0.6747643834104,0.4799543370521,0.4810204598905,0.3476967767764,0.3534097808452,0.6986679981121,0.3958070363438,0.3030310770931,0.5095791735267,-0.1563725439636,0.0072216149050,-0.1776412832896,0.6171126464323,0.2793816216576,0.3394012881689,-0.1993562867471,0.6003157537979,0.3836971059741,0.3166953271893,0.2152751472173,0.3971002546645,0.0933901171806,0.0514170278919,-0.1111689272472,0.3280280250709,0.2105929820146,-0.0321553993882,0.2806985031207,0.0209914510908,0.2644771712808,0.0729552346330,0.0513976811618,0.4092945623351,0.2876012562916,0.5727887261403,0.4881875653105,0.4952819539067,0.6015886424636,0.6410099632003,0.5802129207630,0.5721164919886,0.6098826612264,0.5197375855727,0.5458822009557,0.6422045268539,0.6569764959709,0.2964961093909,-0.2612744893944,0.6712005154344,0.7204256781265,0.6729001215754,0.6450487845745,0.6557523119561,0.2913763679188,0.6707230656057,0.3766399861420,0.5479295443880,0.2410208957997,0.3174835813972,-0.1964635948318,-0.1561114083469,0.7352168929866,-0.0240367386593,0.3991783223272,-0.3240298820121,0.2853285535073,-0.0952924163109,-0.2582620121463,0.1560272470411,0.6263393110334,-0.0552726411317,0.1106479396644,0.0540649749178,-0.0230779047725,0.2167370689368,0.1427996501325,-0.0575893940149,0.1986953860278,-0.0154809615511,0.2301050998070,0.1743903303128,0.3528328072850
0.2294151012998,0.2027421479537,0.1799625819795,0.5903167676606,0.4513776121170,0.4362507487544,0.6285422345932,0.7826520785892,0.7931533236853,0.3837320957252,0.6134107325272,0.4643416500506,0.6986091502961,0.2058442245820,0.3059651920518,0.6698586924061,0.7010992196080,1.0000000000000,0.7164075265411,0.5813838341278,0.2142856380250,0.1046436037302,0.2983456457707,0.7470359951141,0.5169179199806,0.3094625297334,0.4421829924203,-0.0606391518776,0.0121571506128,-0.1094959012837,0.5248688200528,0.1358928707991,0.1975100792359,-0.2641225457475,0.6772601985948,0.1111611489366,0.3663413620436,0.2731923104471,0.2627947717600,0.2198497444053,0.2169138555143,0.0384055036799,0.1530071782325,0.1924281793132,0.1043510937879,0.2562606491671,0.0186497299744,0.4249013245891,0.2568934098453,0.2018480958296,0.3393801395021,0.2042916629302,0.5839491411286,0.4345248613228,0.5678695060586,0.4927131520403,0.6545789185356,0.8089211196839,0.8856366808526,0.8075115043748,0.3706281135795,0.6177039185339,0.4196665095924,0.6304282828415,0.2029085417577,-0.1759646281057,0.6355329485030,0.8552967844829,0.6424256508464,0.7152215190122,0.3020449649397,0.1955889745890,0.7116023895888,0.4625973151264,0.2246263574633,0.2111942561448,0.4012451133888,-0.0533045500887,-0.1376597192370,0.7222417604958,-0.1614550797139,0.2193375795326,-0.1635127576734,0.2342519682627,-0.0632365892988,-0.2985366526072,0.1240147444031,0.5085471635867,-0.2269825872394,0.1533674349761,0.1157859991422,0.1180086014714,0.2524412173320,0.1127543905960,-0.1430949055408,0.4506437141604,0.1048206239979,0.2709354256368,0.2202210793512,0.1945102211392
0.2240380193690,0.2609322359863,0.3206323113318,0.6322000629179,0.4187843275495,0.4980803151012,0.6790536873691,0.6751622935558,0.7951139748397,0.4559249923565,0.4627722676649,0.4320177824416,0.6425637633453,0.2427365050184,0.4325526492821,0.7234555979958,0.6747643834104,0.7164075265411,1.0000000000000,0.4418357725428,0.2607092324087,0.1469348030385,0.2670885142389,0.7656423524953,0.3462349209214,0.3590774631084,0.3633533977027,-0.0132578144741,-0.0043053421437,-0.0879085094622,0.5458521850945,0.2302475147985,0.2537795475070,-0.0589142639615,0.6790496294715,0.2915720906005,0.4271788516215,0.1959990009833,0.4176273481818,0.2401638971833,0.2402938330041,0.1139766773928,0.2415244634680,0.2314115412910,-0.0082323745094,0.3166907153699,0.0802028572135,0.3927844036729,0.1512890217263,0.1868502696691,0.3357776518666,0.3435126332158,0.5682374781792,0.4737147877025,0.5710244453803,0.6233630258645,0.5871484289130,0.6827654461439,0.7052988524316,0.7983698522642,0.4472925690632,0.4861470177599,0.4491887272062,0.5044246729440,0.2367203391227,-0.1501579071187,0.7086999619400,0.6511328925118,0.9290575961769,0.6358619136524,0.3356463717478,0.1914550827279,0.6429433398137,0.2977930233473,0.3767337980792,0.3173617261437,0.3525843664044,-0.1015585834719,-0.1440525058658,0.6387779567146,0.1011270101888,0.3168320438658,-0.1405346412937,0.2868257704722,-0.0289504378214,-0.0315887424312,0.2351396507711,0.6192800645735,-0.0826321867927,0.1360185660065,0.1273328701806,0.1748932233441,0.3604556469471,0.2741163888229,0.0944515020451,0.2943865248918,0.0520496166701,0.2959653286044,0.3412957386995,0.2873353245398
0.1148483898897,0.1083122890977,0.1591126298288,0.2274206147941,0.2137221745754,0.2600207176596,0.2531450897402,0.6337030524452,0.6504420706359,0.2477104646668,0.5304911076854,0.3703381328893,0.5483951106140,0.3224283030131,0.2655279550090,0.5521460290066,0.4799543370521,0.5813838341278,0.4418357725428,1.0000000000000,0.5340756453675,0.2719368266302,0.4642854157068,0.5825001617282,0.8220385867256,0.5378200261099,0.6401291360422,0.0752385973656,0.1326240865295,0.0581595219785,0.4573416116355,0.4997189732323,0.5396619230658,-0.1303126323052,0.4412557419557,0.3164497956182,0.3312518236395,0.6612981766262,0.0779132541816,0.3305427400345,0.2527511328008,0.1211331291976,0.4715221299685,0.4768600598080,0.6031247624403,0.3278573240617,0.2767598749743,0.3031468991883,0.4096582719139,0.2940410846194,0.0779530482531,-0.0453862397765,0.2614809745182,0.1741727318645,0.2576816265175,0.0876501516155,0.5573608555339,0.5366629949182,0.4374435376033,0.5457762503871,0.0835130844933,0.4604631591367,0.2563380655131,0.3242779018317,0.1216640646914,-0.1277550791044,0.5175892146889,0.4551431699568,0.3134158914389,0.7919553646255,0.2120543750729,0.3715173352456,0.4975249443334,0.8165254693940,0.2247994187407,0.3492797293297,0.5646610469512,0.1054894371046,-0.0607061578405,0.4925387832505,0.0247770676434,0.4453890290196,0.0070826972291,0.4120481915439,0.2624929967019,-0.2496768595149,0.0114521578875,0.2736917150069,-0.1817464184390,0.4332018055611,-0.0431822021959,0.1794102012929,0.3781665799519,0.1902628316999,0.1031661488475,0.3328277522289,0.1848267853768,0.1655812127425,0.0036129932586,0.0107186871826
0.0761186832968,-0.0346338885977,0.1412121300189,0.1506770469696,0.0392901026175,0.1625172739372,0.1269535025142,0.1216888544852,0.3311524789065,0.4304798203520,0.5598863558958,0.6494746093417,0.4295023417654,0.1319839649416,0.4791980399334,0.2876039592861,0.4810204598905,0.2142856380250,0.2607092324087,0.5340756453675,1.0000000000000,0.5874643165749,0.7684755777201,0.5331828803536,0.5529598811040,0.4782866275570,0.6930350383326,-0.0687732754543,0.0493580514178,-0.1523450126028,0.4280933909149,0.6147373337316,0.5925943791564,-0.0519815439277,0.0652463382791,0.3049528573027,0.4837733312100,0.4372461752774,0.1583261096068,0.1281009261143,0.0924903383743,0.2168620456361,0.5487451013234,0.3766317252873,0.2181084072645,0.4008556588670,0.3852393397158,0.1925268684874,0.0386247782709,0.4327458001483,0.0136333479811,-0.0714488387017,0.1008991554816,0.1504979908182,0.0606696236770,0.0583651564597,0.3773902437879,0.0625060317219,0.0795236842211,0.2469810326934,0.0802767577790,0.4538348130421,0.4802677999256,0.1258674687447,0.0295388610689,-0.0074553227099,0.1765743970060,0.1715165946260,0.2109118641197,0.4499719449794,0.5585654269711,0.6534505022114,0.4901537416782,0.5616580237635,0.5531552795431,0.3406380359587,0.5564258901699,-0.1204351762507,-0.0351483089212,0.2922185245181,0.3020208662733,0.5057220370563,-0.1773523026651,0.3396814486785,0.2095825387702,-0.0037715948157,0.2316629151971,0.2023859059374,0.2970802650988,0.2001794528773,0.0684957064009,0.0343620921011,0.2087730595926,0.1783702517600,0.3133029265801,0.1177992059522,-0.1084813011421,0.0012504812830,0.1659589720655,0.3249087369606
0.1911752222539,0.1416543645783,0.1219214310144,0.1165537669729,0.2109618950875,0.2068456506977,0.0516766798727,0.1431559889461,0.2030264815220,0.5203508905871,0.4520124918436,0.5047345608169,0.3578568612184,0.1421280547058,0.3925786713556,0.0898155490385,0.3476967767764,0.1046436037302,0.1469348030385,0.2719368266302,0.5874643165749,1.0000000000000,0.5733322333067,0.3029582034125,0.3605578239708,0.3489468079645,0.5773055440473,0.1862507924288,0.3159437126495,0.0867504476041,0.2093829273522,0.4061756667026,0.3971036877334,0.2256178441181,-0.0212098140868,0.1731666554600,0.3864458085760,0.2255434372681,0.1544317137454,0.2788254840117,0.4102775721182,0.1895833836207,0.2757179771913,0.3435475003996,0.2177311634193,0.4889904906602,0.4701047714593,0.2110501002169,0.2393537249415,0.2748450953056,0.1377077072643,0.0411567473619,0.0323768327758,0.1878980078755,0.1718633243548,0.0975417704706,0.2409147289829,0.0878699557304,-0.0087008219993,0.1048733939529,0.3485688289198,0.3424688682403,0.4559142579633,0.1244112895661,0.1191230450790,-0.0887635719621,0.1197271047554,0.0949713888117,0.1530161501762,0.2070855087743,0.3609066164442,0.6366558763717,0.3443950267679,0.4017029286055,0.3875308891023,0.1777706430799,0.3800782762189,0.1050208153473,0.1366149105936,0.1452157309466,0.2679099999568,0.3257612467669,-0.0001859667009,0.1339922408352,0.1087529571052,0.1842977077296,0.2586428754368,0.1698691964330,0.1814648650427,0.1619682457536,0.0913497647911,0.2328231035518,0.1907408580183,0.3983636229039,0.4127969358002,0.0897613926478,0.1213650760881,0.3491612272540,0.1964489298650,0.3217678862340
0.0974037380201,-0.0852008604114,0.0927684848113,0.1804940845285,0.0504593509093,0.1374836291073,0.1752207727709,0.1536016884552,0.3891809934601,0.5419499627372,0.6909134119688,0.7582692016264,0.4549658707293,-0.0423680860107,0.3887949814279,0.1750577450406,0.3534097808452,0.2983456457707,0.2670885142389,0.4642854157068,0.7684755777201,0.5733322333067,1.0000000000000,0.5779909380928,0.5493794779517,0.6016575113663,0.7698279921652,-0.1000715326725,-0.0052717124168,-0.2456998940197,0.3007930879234,0.6033576067581,0.5092223160536,-0.0620066945557,0.0943088448099,0.0771378603724,0.5328067188949,0.3419922577040,0.1018965182129,0.3328838200143,0.1723198193626,0.3259855594588,0.3590130694521,0.4136185111722,0.2559264545121,0.5125582564570,0.3564013432803,0.3353927124527,-0.0451459734701,0.4903772889225,0.0302491317368,-0.1169550384676,0.1191150092480,0.1373954922006,0.0747794593644,0.0374624096530,0.4035534617802,0.1642870654424,0.2019309500737,0.3558354564159,0.0393512882637,0.6068133096722,0.5807919956861,0.2089588209089,-0.0661843191809,0.0374367710747,0.1440306551486,0.2574470119562,0.2178172071014,0.4510689679299,0.4756539317709,0.8080417058710,0.5811288690437,0.6050358690159,0.3428748914124,0.3848844778528,0.7112750693492,-0.0921695830534,-0.0750730893992,0.2382115178520,0.3247045795696,0.4296971530443,-0.2001725797055,0.3138459074176,0.1768100756004,0.0221724292710,0.2579789771632,0.1504338183749,0.2781472342134,0.2066564240632,0.1380378573455,0.2256055296990,0.2756968318610,0.2034507154854,0.2916639774674,0.2812473146898,-0.1721024073545,-0.0094087583038,0.3466965267340,0.3163967754924
0.2912660710748,0.2155403553736,0.3184463989032,0.6161431296445,0.4093699080667,0.4987540151447,0.6515667166617,0.5637690523450,0.8012752287795,0.5749962015033,0.7274576739046,0.6788656497449,0.7577437905337,0.1800314392114,0.5152133844858,0.5987389499230,0.6986679981121,0.7470359951141,0.7656423524953,0.5825001617282,0.5331828803536,0.3029582034125,0.5779909380928,1.0000000000000,0.5804094959379,0.5117552652391,0.6300024069848,-0.1034522781972,-0.0097480864445,-0.1920208607425,0.5703691647938,0.3482996038898,0.3536962764188,-0.2072522055925,0.5842357672249,0.2273414550171,0.6256287986279,0.3281953022756,0.3917037416454,0.2389638040026,0.2610172090561,0.1175769866881,0.2760923961106,0.2945620071223,0.0304037493551,0.3601429494231,0.0959162318488,0.5405470403938,0.1666873905789,0.3706797615590,0.3385136500869,0.2465988100565,0.5435949308893,0.4828881580702,0.5442991164873,0.5016149873319,0.7392185830700,0.6161616797313,0.6759037730143,0.7943710268890,0.4022446557206,0.7269229800735,0.6257023376004,0.5506254604291,0.1652724093769,-0.0662195910095,0.5473940592256,0.6873809172550,0.7146897439540,0.7573628577706,0.5205852203679,0.4692681626329,0.8535833466947,0.5714590634821,0.4116479637149,0.4086818514545,0.5767001915529,-0.1421844812609,-0.1309487743511,0.6422239592026,0.1221310264589,0.4380409469303,-0.2122736867492,0.3047132766488,0.0352257959652,-0.1354913946311,0.3652315919768,0.5948391975858,0.0499760453505,0.2278072227134,0.2610697440386,0.1839740857665,0.3847423335904,0.2440264560975,0.0970799679913,0.4824870438527,-0.0243458241486,0.2676607615726,0.4236257785464,0.4327642990308
