1.0000000000000,0.6253304821150,0.5927190264144,0.3672954539164,0.5242503517703,0.3105540772766,0.2510033449507,0.0203885926715,0.0683259024881,-0.0826716105799,0.1129774395143,0.0581189015940,0.0846048070473,0.5159009793125,0.5145957862357,0.1796771296447,-0.0897460401785,0.0128793990805,0.0798712479461,-0.0415170057328,-0.1488559352203,-0.1037702295753,-0.0469503004431,0.0838686419238,-0.0730557751102,-0.1657165998132,0.0245542516290,0.1077943721814,-0.0042334710074,-0.1291544788911,0.0198205177797,-0.0726572758697,-0.1497440970673,-0.0161116646411,0.1923820160751,0.2789154843816,-0.0288504596412,-0.0010229842717,0.0953604726320,0.0667881001071,0.0036854759970,-0.1282398761909,0.0804053793162,-0.1542059514453,-0.1586787108262,-0.0879422568212,-0.1045380984294,0.3653646235559,0.3210128195313,0.0259435027947,0.7685866439330,0.7484491125770,0.3559873734600,0.3714825176729,0.3009068598741,0.2897253505967,-0.0697764220459,-0.1001446438940,-0.0314864547001,0.0626075052761,-0.1559722339972,0.0716191944982,0.1363418970858,0.0206431198957,0.5624835277453,0.1807001576424,0.2526365104219,-0.1525767848062,0.1762533501407,0.0284062816381,-0.0851046619368,-0.0682025913054,0.0904848561410,0.0978627617954,-0.1780277721881,-0.2282303788027,-0.0545019347241,0.0593593790409,0.0366611146831,-0.0985768847998,-0.0181268813014,-0.0796847331290,0.0203380230281,0.0596987331079,-0.1577275408182,-0.0478395096153,0.0170901019026,0.3874382151876,-0.1292019398194,-0.0393579704081,0.1993691122706,0.1443820667219,-0.1336654279298,-0.0349341396302,-0.1131027731260,0.3362393954341,0.5700631231937,-0.0665987441595,-0.1271420287261,-0.0095577534221
0.6253304821150,1.0000000000000,0.6095974850157,0.4125270519997,0.3970097736177,0.2891169294061,0.2824822500554,0.0611806312661,0.0803913654805,-0.0244347987233,0.0747835276579,0.0081214622995,0.0847936685956,0.4381692229325,0.5879932554551,0.2409473588409,-0.1093762610809,0.0227357875934,0.0577515338430,-0.1567401795287,-0.2033996288546,-0.0898699346612,-0.2327531134247,0.0228101942499,-0.0864372097475,-0.1949524686337,-0.2067573361407,0.0266017425281,0.0019717018071,0.0729596822070,-0.0469301681769,-0.2347010111918,-0.3176438287053,-0.0692974131251,0.1706870869930,0.3942133508474,-0.1364704481924,-0.1365936296442,0.0385492945468,-0.0062857195571,-0.0364775563989,-0.1320530354338,0.0067104548417,-0.1919465250996,-0.2863171100513,-0.1319222098563,-0.2425461943163,0.0851799936609,0.1411069410144,-0.0596309583871,0.6791274717108,0.7976701517958,0.4239976430625,0.3564712724501,0.2893447453249,0.4541075840574,-0.1074463236563,-0.0447409623120,-0.0628908149115,0.0624926106068,0.0076357964837,-0.0114012873514,0.1801532083334,0.0569331772620,0.6964312177014,0.1645926171385,0.1993520135896,-0.0992845400546,0.2313679650767,-0.0892896103401,-0.0939883593918,-0.1403289178944,-0.0053131375271,-0.0005591357900,-0.1828030828746,-0.2376899827090,-0.2882935138093,-0.0470180575454,0.0513286042748,-0.0576271643939,-0.2331319080054,-0.2121591956921,0.1009838932926,0.0607404789748,-0.1710402691896,-0.1478925478360,-0.0670797204517,0.4801368616592,-0.2107074333224,-0.1632548954856,0.1516916761975,0.0385761980518,-0.1906194205348,-0.1614431577116,-0.0796507019003,0.0741919900605,0.3907604843740,-0.1798923176006,-0.1213510985418,-0.1170679191460
0.5927190264144,0.6095974850157,1.0000000000000,0.7485072699759,0.7476178056580,0.7246374347911,0.7156267380012,0.2304742468666,0.2517402401452,0.0877657339919,0.1475663198089,0.1532054115923,0.2068161973911,0.4177322597019,0.5535320718647,0.4624768920498,-0.0578321024068,0.0735748420319,0.2979239570608,-0.0655502844616,0.0269795090850,-0.1174164693006,-0.0660551840919,0.2604225861115,0.0323817361298,-0.1110051069117,-0.0469501041648,-0.0521155964762,-0.1270668135457,-0.2084659037102,-0.0026393822357,0.0019764748920,-0.2953565447970,-0.0212901163553,0.4367197995036,0.6704965600797,0.0564387049442,-0.2575232342917,0.0464355458452,-0.0305596389360,-0.2041995976259,-0.0998323381977,0.0529852949918,-0.2733258554969,-0.3244324263114,-0.0900857720410,-0.0613150478092,0.2826579001365,0.1361036910408,-0.0507345123950,0.8272417407963,0.5526432285529,0.5626359626697,0.8346007768546,0.6487406588884,0.7549864271526,-0.0518905579324,-0.0700996369936,-0.0564357489869,0.1410735686065,0.0325953723978,0.0667620675611,0.2841738787073,0.0620115796233,0.5180247265354,0.0527201154130,0.4062030340807,-0.0713238396891,0.4350591221224,-0.0248820897399,-0.0140310088389,-0.0564935275618,0.2259798043036,0.1855442659221,-0.1182679397377,-0.1977752463983,-0.2070585170567,-0.1504133861982,-0.1177892302675,-0.0530577412056,-0.0826246074349,-0.2407704998044,-0.2323943319063,-0.1178469354188,-0.2851129599579,-0.0325521338980,-0.0308505138295,0.7356772243380,-0.3000916660587,-0.2752105436149,0.1455656182220,-0.0370831277875,-0.2729375798705,-0.1518699327692,-0.1602200247267,0.2829291121724,0.2381725210576,-0.2301822631115,-0.1547861170137,-0.1611523455156
0.3672954539164,0.4125270519997,0.7485072699759,1.0000000000000,0.7571287859371,0.7215917512250,0.8022003495344,0.4188809179595,0.4065920147771,0.0570536013272,0.1294886937991,0.1881692472819,0.3652713242689,0.3875216731078,0.3825863721995,0.6783837767249,0.2597401832908,0.3855191519320,0.5199603673927,0.1187626712304,0.1893533579012,-0.1237030870088,-0.0318417619807,0.3390244243922,0.0982314174767,-0.0672288780060,0.0886880479510,-0.1317048529812,-0.1661950864913,-0.3135191321724,0.2200021637678,0.0228628894266,-0.0674116080080,0.0329526501613,0.4863463070425,0.5897720400232,0.1408935752018,-0.1505223593987,-0.0034690896205,0.0366088513491,-0.2660388904837,-0.1615529114073,-0.1303824326937,-0.2330090083556,-0.2587598840139,-0.0918108626660,-0.0855639014094,0.2342953441267,0.0708623132911,-0.2346261490999,0.6396634465926,0.2426997277725,0.8022385797651,0.7586424986506,0.7380640026817,0.7844608494951,0.0997643259227,0.2123565457793,0.2127452473215,0.3268348225822,0.0330717133163,0.1364642310909,0.2893964927612,0.2530595076011,0.3403707026947,-0.0569575095272,0.6257803666921,0.2529227433161,0.5411786125349,0.2651473538569,0.1427975161538,-0.0806367312197,0.3262666421196,0.2672247496595,-0.1349358624995,-0.1318992807822,-0.0345821702764,-0.1487854185648,-0.1667082180674,0.2958287766979,-0.0534715225843,-0.2116989395226,-0.3691183004935,-0.1175908742865,-0.2848261553268,-0.0028759952866,0.0008585885377,0.6020736928165,-0.2992268951323,-0.1264568477042,0.1526551532443,-0.0318780071636,-0.1958342713862,-0.1841578096405,-0.2225478762466,0.3470095781601,0.0792753684868,-0.1233398817616,-0.1660950133466,-0.2245840700972
0.5242503517703,0.3970097736177,0.7476178056580,0.7571287859371,1.0000000000000,0.7965236196847,0.6760492821032,0.1733981139600,0.2283882621858,0.0209336516957,0.1710952702870,0.1700065517747,0.2198059966422,0.3783684137463,0.4489682635868,0.4005465113343,0.1331167541460,0.2756055062984,0.2406036876004,-0.0161802235831,0.1979872167456,-0.0294225035723,0.0397094529850,0.3637617825247,-0.1099940357941,-0.1681012942775,0.0540760301071,-0.0981154593771,0.0233728766848,-0.2078782478755,0.1327359762100,-0.0676336473337,-0.1514997536080,-0.0932000219773,0.4559199288137,0.4458065611675,0.1606315323781,-0.2016186089733,0.0285329832135,-0.1141675538720,-0.1925125094582,-0.1877492444141,-0.1521050186791,-0.3567244525163,-0.3204912948553,-0.2156968308058,-0.2358535222340,0.4392878621092,0.3923441948642,-0.0929955155040,0.7812528595015,0.2854399036764,0.6376607885260,0.7890403131686,0.7620633309598,0.5755710554087,0.0439941184340,0.0114416615244,0.1578975786862,0.1919309693858,-0.0354499581828,0.1084015767853,0.1977496691292,0.1283760718553,0.3850999615697,0.1085952290612,0.3672471165517,0.0509118566441,0.3779674024286,0.1413057499554,0.1480310008295,-0.0223528276420,0.3526742878862,0.1739826016789,0.0030153781798,-0.1643520194373,-0.0798306423026,-0.1336002884186,0.0247945384446,0.0797226605788,-0.1167531625646,-0.2918829191490,-0.1830380867341,-0.1992104289489,-0.3775306358341,-0.1754922309593,0.0380333302685,0.4712884549733,-0.2314750181184,-0.1819269998607,0.0716503381214,-0.1778106216874,-0.3533290263827,-0.2099052796724,-0.3695211600022,0.5015564490175,0.4158712553426,-0.1310857988453,-0.1427237099680,-0.0384844587461
0.3105540772766,0.2891169294061,0.7246374347911,0.7215917512250,0.7965236196847,1.0000000000000,0.8431086506331,0.2890285798303,0.3427395687723,0.2610631820775,0.2302262649563,0.2072322502048,0.2982981441694,0.2739582063586,0.4583515817957,0.4347252918327,0.1434213042025,0.2320694745413,0.3695128978974,0.0616142173753,0.1947511047501,0.0699178660375,0.0561991360537,0.4758749843063,0.0150882631757,-0.0745172199515,0.1009384149740,-0.1457290487062,0.0270906759027,-0.1880075580974,0.1124146675905,0.0527659792916,-0.0744038509656,-0.0042978844944,0.5421128136268,0.5719325374180,0.2723386120800,-0.1792146551092,0.1123738054418,-0.0119586601346,-0.1753221942515,-0.0107537179447,-0.0371816535198,-0.3280819149707,-0.2850920610263,-0.0528305402375,-0.0638735135414,0.5190964863165,0.3059838309517,0.0478391375864,0.5886285630320,0.2135922285251,0.4806641327580,0.8303874692011,0.9000674926812,0.6469984844079,0.1918422723658,0.0586328595948,0.1414451663431,0.3267655015288,0.1996576794149,0.1577443777064,0.2289665580432,0.1672709276202,0.3253469507894,0.1827947715534,0.4018192549428,0.0885869046193,0.5375660065917,0.1420889266448,0.1122402451798,0.0544165814920,0.4718265316777,0.2602354491045,0.0286453555817,-0.1470928569396,-0.0968260925729,-0.2219034784921,0.0080247083853,0.0777014111067,-0.0565800205448,-0.1697698019273,-0.2235844450734,-0.1795164854042,-0.3049673724276,-0.0723919412989,0.1832936055511,0.6170502680585,-0.1711963117838,-0.1871765858197,0.2099569716340,-0.0598893909031,-0.2812647366949,-0.1513592707001,-0.2080044435851,0.5854313148964,0.2175284305371,-0.0841448688641,-0.0337537867486,0.0487306533599
0.2510033449507,0.2824822500554,0.7156267380012,0.8022003495344,0.6760492821032,0.8431086506331,1.0000000000000,0.4168971198000,0.4635493372179,0.0750607127227,0.1416329333301,0.1498907970941,0.2706781069006,0.2686671565542,0.4100319529540,0.5831465872662,0.1286667423693,0.2910336070053,0.4996649680063,0.1330729676695,0.2346562546682,-0.1498396444533,0.0379667155255,0.4609487379880,0.1696025374817,0.0570409329390,0.1651768756315,-0.1881256072687,-0.1939641729834,-0.2653007217726,0.2116003507031,0.1482211344081,-0.0816037254658,0.1260601736363,0.6449173053518,0.6883642238340,0.2793813105134,-0.1321460132755,0.1692074201565,0.0853220605031,-0.2824416322225,-0.0956476309915,0.0174075415684,-0.2393217474626,-0.2179195994236,-0.0623391051433,0.0452276294665,0.3207220169954,0.0007607053417,-0.1024620699260,0.5470135433736,0.1964428692109,0.4875294814070,0.7720339548651,0.8444393853421,0.8024716784954,0.1580602783717,0.1450697758780,0.1940818850200,0.4121760476012,0.0132018584934,0.1180643276961,0.2389995407861,0.1173531461831,0.2841882640026,-0.0699179215088,0.5463366875585,0.1536111822897,0.6442441843839,0.2205450410546,0.1299175669563,-0.0473948730575,0.4614009226430,0.3914822874515,0.0368699786520,0.0118226224398,-0.0018590396791,-0.2206094271527,-0.1915554718974,0.1470744959816,0.0152051312963,-0.1254646801548,-0.3410519272834,-0.1567471717012,-0.2198252081576,0.0990911736299,0.1292786311159,0.7521750722356,-0.1520015106229,-0.0928205060944,0.2546867462335,0.0103963988212,-0.1539795861463,-0.1260121626851,-0.1270473384246,0.4044722701352,-0.0429707276729,-0.1835875576077,-0.1395126855560,-0.1139768196421
0.0203885926715,0.0611806312661,0.2304742468666,0.4188809179595,0.1733981139600,0.2890285798303,0.4168971198000,1.0000000000000,0.7853972785789,0.0077536044811,0.1895686421775,0.1728113402761,0.5158892987629,0.1281267573832,-0.0129335805990,0.4890968336918,0.4744179198899,0.5788780245861,0.5757655132142,0.4813405927974,0.1426090448901,-0.1294238123577,-0.0452285694874,0.3429873235531,0.5085682397154,0.1491732851839,0.2211746241913,-0.1011037578300,-0.2697093569007,-0.2262366858774,0.2216957439211,0.1902447091205,0.3109051203317,0.0023344830529,0.1255121874220,0.4448526897525,0.1996036331331,0.0603530930751,0.0333666142288,0.2406434872462,-0.1340148401805,0.0009475309875,-0.0602666330227,0.0976476230065,0.0683465308429,-0.0127821850082,0.0973673519865,-0.0003284370360,-0.2533639294239,-0.1018085054236,0.1235852671729,0.0391841246218,0.1653613287758,0.2258338326708,0.3194446894516,0.3183450273212,0.5371562522202,0.6710406296372,0.4358938654238,0.6626219633436,0.0081974743259,0.3247601969645,0.3300781152786,0.3869023764977,-0.0357856614616,-0.2152097214940,0.4962431602379,0.5852154663080,0.6037525645514,0.4026445427561,0.1776893503748,-0.1491186915228,0.3953428924500,0.5357654967345,-0.1739077516363,-0.0104758086561,0.1245732913612,-0.0458984261504,-0.3312871009881,0.3449874596738,0.0600361690294,0.2913901290625,-0.3394892817687,-0.1094968597680,0.0441039169125,0.1213620256717,0.0844030689235,0.4158124991998,-0.2165672129285,0.0771070388757,0.1854633417743,0.1338097232232,0.1214265558920,0.0432170543210,0.1826720424919,0.1352534340815,-0.2680596963988,0.0599907934883,-0.1234952166496,-0.2973844405793
0.0683259024881,0.0803913654805,0.2517402401452,0.4065920147771,0.2283882621858,0.3427395687723,0.4635493372179,0.7853972785789,1.0000000000000,-0.0687363218812,0.1233518326769,0.0136936949321,0.2947344856663,0.0740392463949,0.0677016689063,0.5098041367723,0.2654920902058,0.4114350099628,0.6813523364030,0.5226685367321,0.1413634018774,-0.1622277952240,-0.0627469871809,0.4550960582568,0.6257852028150,0.1318185889725,0.2386720539424,-0.0851250155104,-0.3117672954278,-0.3475931949088,0.1484728696644,0.1575760218242,0.2392634314933,0.0419257489678,0.2135783808785,0.5680732754156,0.1850367750492,0.0596306288312,-0.0326314452455,0.2023149736886,-0.1924918293588,-0.0781502629595,-0.1422394035744,0.0718953281429,-0.0657810603858,0.0289492330389,0.0502776646975,0.0559884334510,-0.2575894883872,-0.1437642014211,0.1440742953321,0.0339550737145,0.1560986178077,0.2345459276175,0.4176336889180,0.3382060392440,0.5337194241434,0.5909475864854,0.4134780479990,0.8746529907952,-0.0563404018655,0.1952453989727,0.1515610794116,0.2557098886408,-0.0271739609849,-0.0973974983595,0.5376710378909,0.3792655453531,0.7584829203350,0.4774326440661,0.1548556563484,-0.1787899595438,0.5698017296213,0.6497591260029,-0.0717580053730,0.0624581727457,0.1134062502341,-0.0747754038566,-0.3747673658362,0.2661885709826,0.0500718072377,0.2123339019898,-0.4392287945760,-0.0199583245647,0.0002070295973,0.1034956830554,0.0382075812562,0.4267499429696,-0.2852247407397,0.0529174406526,0.0869812075058,0.1235210314334,0.0982452737197,-0.0069958279875,0.1299520547351,0.1654102348629,-0.2409307619522,0.0221546393843,-0.2252118217346,-0.2152485970479
-0.0826716105799,-0.0244347987233,0.0877657339919,0.0570536013272,0.0209336516957,0.2610631820775,0.0750607127227,0.0077536044811,-0.0687363218812,1.0000000000000,0.5523273843630,0.5967575316037,0.3186577857841,0.2172835634806,0.2024861398667,-0.1412272449322,0.2121282328791,0.0017823294955,-0.0541298013147,-0.1271309666783,0.3735727704373,0.7755652552769,0.4502583473133,0.1988429136277,-0.0294712586125,-0.2148360029086,0.1778311254096,0.1523490439391,0.4589620802064,0.2199280433892,-0.0888382140669,-0.0377768483543,0.0850770623061,-0.0414725269031,0.0948484668501,-0.0576157032633,0.2807024726865,-0.1272208687742,0.0642274586246,-0.0243296583446,0.3824019007556,0.5714050895523,0.0508357904935,-0.2487517058965,-0.1725061192954,0.2764098697639,0.1192219373036,0.1847287609475,0.3376475331033,0.6181714272578,-0.0160098295579,0.0262283535867,-0.0723323396772,0.2125638329842,0.1110406539983,-0.0549274416906,0.1340637484854,-0.1058608735614,-0.0659875537804,-0.0896632105636,0.8565349336188,0.4584003599667,0.4228019243462,0.1244795371186,0.1773983665527,0.1193676243815,-0.1992792095163,-0.0411560040941,-0.0578287240178,-0.2005204358638,0.2840059683571,0.6057873614088,0.1239881718941,0.0989128768421,0.2087202189189,-0.2703753809173,0.0225075365803,0.1525837933210,0.4314624433613,-0.1010626728541,-0.0905917913514,0.0235010885707,0.2236855248088,-0.3061642406394,-0.2272866342387,-0.2318803161520,0.1888405124710,0.0256696458253,0.0768387717916,-0.2838063012476,0.0121723194532,0.0244667787967,-0.2248180106246,0.0992362006247,0.0337717755452,0.1301895125214,0.1743175475809,0.3320354042253,0.5542164959419,0.5030300181145
0.1129774395143,0.0747835276579,0.1475663198089,0.1294886937991,0.1710952702870,0.2302262649563,0.1416329333301,0.1895686421775,0.1233518326769,0.5523273843630,1.0000000000000,0.7076244924780,0.3659735342387,0.2374674629875,0.2038443255708,-0.0572747561950,0.3156671623657,0.2669668149499,0.0619420425012,-0.0602706091665,0.4986249590308,0.5959390599659,0.6258064986827,0.3763718103124,-0.0204394063976,-0.2581302073699,0.2820188460121,0.1567386167103,0.4267630714793,0.1680299336025,0.0629954750275,-0.0167029898292,0.1769202215807,0.0628933404143,0.1604291511879,-0.0411512056846,0.3990111853700,-0.0838795287638,0.2274352328360,0.0618817317909,0.3115692142016,0.2935155732482,0.1248386105210,-0.3172249884125,-0.1348358175407,0.1159705637525,0.0597004944601,0.3874668298007,0.3859104675626,0.4309954648288,0.1635935218465,0.1528045111945,0.0084758502055,0.2311913422216,0.1524258511511,0.0028496737939,0.1631575509536,-0.0376019987493,0.1242004001068,0.0319541041560,0.4261640069968,0.7699010479488,0.5755687771961,0.1714274192037,0.1855109068015,0.0301922831117,-0.1262442280192,0.0639782813520,0.0120218820786,-0.1124393521547,0.3939881980616,0.5187477923898,0.3052416136234,0.1844718132928,0.1684115474577,-0.3303390967875,0.0486788036824,0.2253725244069,0.3958722773521,-0.0157263457507,-0.0643372626832,-0.0543685890605,0.2334161718716,-0.2810009126099,-0.2964373441724,-0.3049405396809,0.3205478227892,0.0552187186663,0.0751875140588,-0.2937906689714,0.1812911268001,0.0492994158864,-0.3438084937891,-0.0072363431794,-0.0362615547175,0.2236573876306,0.2528434738299,0.1040665843509,0.2344758682204,0.3333282243035
0.0581189015940,0.0081214622995,0.1532054115923,0.1881692472819,0.1700065517747,0.2072322502048,0.1498907970941,0.1728113402761,0.0136936949321,0.5967575316037,0.7076244924780,1.0000000000000,0.5833374564037,0.2424691984915,0.0745787223646,-0.0477653334248,0.4466005511685,0.2572239891076,0.0089350858543,-0.1767031657820,0.5797118618550,0.5128630125994,0.7379123715534,0.3358550892164,-0.0367369066796,-0.2407449855600,0.3881114064306,0.0175292266892,0.3429622366950,0.0980758474788,0.0645992503028,-0.0598405921881,0.1226751416165,-0.0120169800445,0.1946689614129,-0.0994304842166,0.3464824665583,-0.1372085764967,0.0458065252170,-0.0356018301687,0.1327468884073,0.1821207069230,-0.0311181182051,-0.3562773430909,-0.2326947689033,0.1358307982018,0.0345414724373,0.3927105224465,0.3696652183767,0.2955065830880,0.1048334288252,0.0177001850245,0.0460711567945,0.2644106735503,0.1416823595550,-0.0251085575904,0.1614500104796,-0.0785349405295,0.0854013785876,-0.0805463052420,0.4186534856812,0.7422791365744,0.7998246675083,0.3345602405680,0.0860981772683,-0.1230985617443,-0.1358558754009,0.1257779642462,-0.0773278641813,-0.1273665291296,0.5567310178689,0.7192836471549,0.1944927505452,0.2140934934351,0.1886758912316,-0.2911971708518,0.1743747084505,0.0821478159426,0.3462060585987,0.0486201060500,-0.0551666930151,-0.0657431208619,0.0331802437656,-0.3921684882573,-0.3550491282963,-0.2306938439966,0.1805566609130,0.0086690499760,0.0068812458171,-0.3167670158160,0.0621021893545,-0.0756028136558,-0.3320844152873,-0.1141841314476,-0.2323386267498,0.2564065819214,0.1585872681299,-0.0391927235767,0.1837991511462,0.2491991629662
0.0846048070473,0.0847936685956,0.2068161973911,0.3652713242689,0.2198059966422,0.2982981441694,0.2706781069006,0.5158892987629,0.2947344856663,0.3186577857841,0.3659735342387,0.5833374564037,1.0000000000000,0.1226071768855,-0.0161826272937,0.2755923060750,0.7319870213262,0.4922982861617,0.2126674128490,0.1383831884315,0.2606354515556,0.1782499647822,0.1753058012977,0.2685461361116,0.2069002671141,-0.1465691712544,0.2236050634517,-0.1031208729981,0.1499914641182,-0.0790196640642,0.2437380537608,0.0972927948943,0.3734452677240,-0.0200355286314,0.0848956164097,0.0886014580344,0.2524379466344,-0.0212345183715,0.0987183581239,0.0593115300480,0.1277079425078,0.1749570120578,-0.0077080195969,-0.1802012553849,-0.0541783234490,-0.1358528145613,0.0362038892138,0.1908589678696,0.1196518295420,0.0098928805993,0.1464150891731,0.0076681346808,0.2638065278395,0.3018810401032,0.2422176882169,0.2073008803343,0.4880815007675,0.3168802401197,0.2364958257010,0.2403382150830,0.3561842635167,0.4720161919833,0.7204391250784,0.8320441709926,-0.0026441326371,-0.0968054970257,0.1946827681068,0.5285322011985,0.1771236494085,0.1305359369556,0.3078680102633,0.1150195510874,0.1557418710385,0.3265437407971,-0.1609556639054,-0.3468709918660,0.0139058606626,-0.0557474287288,0.1179654946741,0.3416453406072,-0.0350984821621,0.1775566986256,-0.0944636690272,-0.1579546610865,-0.1623145714809,-0.1839592102827,0.1582350041872,0.1937485270128,-0.0655605842469,-0.1253629982177,0.2424607994102,0.0780900994769,-0.1363376812300,-0.1507387127279,-0.0115972109475,0.2478646589699,0.0230719237237,0.2113403084576,0.1901122433977,-0.0553311191945
0.5159009793125,0.4381692229325,0.4177322597019,0.3875216731078,0.3783684137463,0.2739582063586,0.2686671565542,0.1281267573832,0.0740392463949,0.2172835634806,0.2374674629875,0.2424691984915,0.1226071768855,1.0000000000000,0.6102329904422,0.2563300508349,0.1336376592624,0.2571715233161,0.1880775273242,0.0087731259436,0.3338629138073,0.1105676449586,0.1534224737740,0.1482460879851,-0.0348735591545,-0.0999312373855,0.0858541671696,0.1859923698685,0.0675365707660,0.1121267529517,0.1218047665331,-0.0432165643093,-0.0698085269452,-0.0703084406153,0.2472687031060,0.2512214290940,0.1071255934838,-0.1264880009687,-0.0377689813819,-0.0480447662988,0.1267240410406,0.1628436185678,-0.0353997880566,-0.2515211247464,-0.2251158020735,-0.0316504628516,-0.0101367489358,0.1422548691092,0.2236988790387,0.2081922807084,0.5708681699773,0.3700714003983,0.2585497118900,0.3222469960818,0.2475787086205,0.2686411920954,-0.0911534899642,-0.0233545011094,0.0977059112047,0.0033970997420,0.1478900306637,0.2064286580508,0.2560413572500,-0.0359572796606,0.6876138530095,-0.0709794775771,0.1872189593903,0.0321290624352,0.2137846054782,0.0438598462245,0.2504258008794,0.1090860454429,0.1037771952192,0.1921545555329,0.1168347772413,-0.1353140064326,0.0744957676975,0.2106172933860,0.0829553043366,0.1472358465312,0.0035206944274,-0.0501232249224,0.1312252175553,-0.1493179827724,-0.1565541961588,-0.0291127167808,0.0430247050360,0.3019862047671,-0.1589697354171,-0.1308631872179,-0.0108478463239,0.0049121239768,-0.2093778130161,0.0891625167698,-0.0656455216303,0.1239376302705,0.4323230600544,0.1339906977216,0.1327170836008,0.1370143676328
0.5145957862357,0.5879932554551,0.5535320718647,0.3825863721995,0.4489682635868,0.4583515817957,0.4100319529540,-0.0129335805990,0.0677016689063,0.2024861398667,0.2038443255708,0.0745787223646,-0.0161826272937,0.6102329904422,1.0000000000000,0.0212970600875,-0.1794737804506,-0.0992111200578,0.0973908134019,-0.2426084287031,0.0060338413254,0.0315547208118,-0.0532808240502,0.1511492842869,-0.1000320479536,-0.2371621018084,-0.2179279376441,-0.0075568515571,0.0231939261433,-0.1658670929622,-0.2794708364155,-0.2966148119147,-0.3939835510195,-0.0869385735628,0.1431830599360,0.4509645433221,-0.1360054018970,-0.2582994089313,0.0054751163736,-0.0505572356544,0.0429260052643,0.1600737358481,-0.0499258434576,-0.2830399487740,-0.4672539101652,-0.0841938430177,-0.1616756336565,0.2271529396325,0.1770785048043,0.3649696603179,0.5966645398637,0.4519151574444,0.1847158526033,0.3506720280779,0.4159676181863,0.4269425761265,-0.1680769572583,-0.1444360870186,-0.1404686191958,0.0375033574506,0.1976752893769,0.0606669258533,0.1771375757292,-0.1154076551193,0.8528561190629,0.2601914633500,0.0183945289824,-0.2455818730202,0.2910819258797,-0.1679347539432,0.0104415743260,-0.0333157798788,0.1128220613494,0.0554794452817,-0.0207239355744,-0.2893113386277,-0.2719386877849,-0.0208778824644,0.0909137658515,-0.2536561690501,-0.2511792808567,-0.2195404623959,-0.0155681307419,-0.2099181068278,-0.3168446412053,-0.2088943300060,-0.0960371698087,0.4830266621463,-0.1500942280950,-0.2899322371041,0.0377924507085,0.0469044097889,-0.2625809271295,-0.1800616059922,-0.0236900083446,0.1775009047472,0.3879269269633,-0.0954211424042,0.1753050631215,0.3812742879102
0.1796771296447,0.2409473588409,0.4624768920498,0.6783837767249,0.4005465113343,0.4347252918327,0.5831465872662,0.4890968336918,0.5098041367723,-0.1412272449322,-0.0572747561950,-0.0477653334248,0.2755923060750,0.2563300508349,0.0212970600875,1.0000000000000,0.3027392323532,0.4646384835002,0.6839907993623,0.5373934781009,0.1789172201963,-0.2965933121059,-0.1372157244048,0.4202926530308,0.3802925906656,0.3297345484873,0.2341139472722,-0.0722797296597,-0.3918707429845,-0.2236366369985,0.5859627768576,0.3932939656703,0.2177597813570,0.1730963482094,0.6159827117685,0.6597612847856,0.3060983408904,0.1103622949027,0.1993933659208,0.1712753063954,-0.2594802794968,-0.1856162134157,0.1975389766412,0.0446822757159,0.1098764705156,0.0148788652802,0.1260121051789,0.0787970079445,-0.1791756015615,-0.3822366510643,0.3630058749072,0.1271803278022,0.5846441095332,0.4482158596612,0.4659884643091,0.5760879959920,0.2747666361325,0.3803711234624,0.3361059772841,0.4942624342072,-0.1457775735685,-0.0009882817783,0.0960418144084,0.1854293394543,0.0225427596718,-0.0698882445403,0.8697093607478,0.4004370990263,0.6820845290521,0.5587231963993,0.0767995917724,-0.2713557948109,0.3601947933584,0.4468321795261,0.0355508853435,0.2402628601949,0.1927753713102,-0.1588444190693,-0.4115918244067,0.5791452183273,0.2601907571465,0.1825875997507,-0.2896112600428,0.3288346378823,0.2078062001625,0.3599254461616,0.1766817631110,0.6191859367858,-0.1566055445684,0.1776341940468,0.3299258138790,0.0920208640560,0.1041447996328,0.0627023937748,0.0608304082120,0.2170635601491,-0.1290927368964,0.0188595618510,-0.3000599309299,-0.4524375316279
-0.0897460401785,-0.1093762610809,-0.0578321024068,0.2597401832908,0.1331167541460,0.1434213042025,0.1286667423693,0.4744179198899,0.2654920902058,0.2121282328791,0.3156671623657,0.4466005511685,0.7319870213262,0.1336376592624,-0.1794737804506,0.3027392323532,1.0000000000000,0.7238848293344,0.2382152142913,0.3416993514922,0.5316360336531,0.1971224954029,0.2575568630221,0.2922083897019,0.1916000867167,0.0002297075311,0.3435787876825,-0.0749287384370,0.1870104989507,-0.0125131370534,0.4872405790796,0.2365942452169,0.6651674703930,0.0013355545109,0.1125828969593,-0.1194398215035,0.3568566303349,0.1807971496875,0.1550322468189,0.0887748800105,0.1658124008563,0.1593560124353,-0.0642133769053,-0.0816423618397,0.1134887452360,-0.0397434732837,0.0939332392743,0.1129277820509,0.1081823690286,-0.0137977010151,-0.0497724955114,-0.2043912895403,0.1963605090123,0.1380389737913,0.1112837665985,0.0248294353065,0.4784374891278,0.4798402861844,0.4802227996684,0.2691089333123,0.2344393642741,0.4866554899878,0.4783365161346,0.6354546655982,-0.1538404816821,-0.1730960444173,0.1980342820158,0.7645822859965,0.1436617187759,0.3674307601160,0.5333632122796,0.1411425702668,0.1788510609049,0.2925985845774,0.0578882551637,-0.1197569666509,0.2411425419488,0.0636984594784,0.1251827679022,0.6394075754484,0.1153195766364,0.3482728762317,-0.0082416183013,-0.1147261344442,-0.0260632492984,-0.0641880551713,0.2560047386065,-0.0481853462634,0.0885062967357,0.1094158719846,0.2168641503972,0.0586835076422,0.0074379532311,-0.0109076945467,0.0542885247462,0.1840088582560,-0.0418275761921,0.3381743086607,0.1520992126570,-0.0378826522770
0.0128793990805,0.0227357875934,0.0735748420319,0.3855191519320,0.2756055062984,0.2320694745413,0.2910336070053,0.5788780245861,0.4114350099628,0.0017823294955,0.2669668149499,0.2572239891076,0.4922982861617,0.2571715233161,-0.0992111200578,0.4646384835002,0.7238848293344,1.0000000000000,0.3721685976978,0.4858174742856,0.4667442525253,-0.0285217023399,0.1864504286132,0.4373760829991,0.2076222073027,0.1099592698816,0.3924479995826,-0.0782494017822,-0.0099675449354,0.0512113757849,0.6771656771259,0.2881342022675,0.5342756049732,0.0288441059950,0.2232819787362,0.0030841682605,0.5247457261882,0.2761660508296,0.3124788493034,0.2879345318696,0.0862275306244,0.1381248122978,-0.0792441743855,-0.1145420717814,0.1752025215315,0.0154315915543,0.1000253279663,0.1743887782170,0.0120815130110,-0.0451928380716,0.1322720776194,-0.0595994495769,0.2789778354555,0.2464228749958,0.2542488065542,0.1432866158357,0.3970348895055,0.5382802589127,0.7543771982806,0.4517173241561,-0.0198884424241,0.3775151721981,0.2324039257246,0.3768877660091,-0.0792261369443,-0.2873685268779,0.3966856571255,0.7478798542657,0.3604603178387,0.5675117027598,0.3728128015070,-0.0086028702114,0.4250150279012,0.3626462273721,0.1519078408204,-0.0044479601745,0.3181774588309,0.1071590209443,-0.0616575222371,0.7310186447496,0.1832072002955,0.2198694345100,0.0148149500854,-0.1016043594867,-0.0011546982694,0.1193094347151,0.4553992717835,0.0745102671258,0.1283747897676,0.2238054152401,0.3436079449372,0.1787517567222,0.0044015898886,0.1243557439822,0.0484684754983,0.2404765543469,-0.0554178724057,0.2352285950131,0.0587292121628,-0.1287837005319
0.0798712479461,0.0577515338430,0.2979239570608,0.5199603673927,0.2406036876004,0.3695128978974,0.4996649680063,0.5757655132142,0.6813523364030,-0.0541298013147,0.0619420425012,0.0089350858543,0.2126674128490,0.1880775273242,0.0973908134019,0.6839907993623,0.2382152142913,0.3721685976978,1.0000000000000,0.5454747863838,0.1746691272970,-0.1523924512187,0.0001219239803,0.4967919044136,0.4390737048052,0.2849193114676,0.2149882790242,-0.0031453369218,-0.2934274931863,-0.3321637890571,0.3079420935212,0.1782841824995,0.1278127021374,0.1314268626286,0.3533771713425,0.5359909228426,0.2445098760764,0.1880040520153,0.0782548561374,0.1690583594495,-0.0606635501586,-0.0056724879935,0.0321730259719,0.1373306068138,0.0788993079437,0.1634297498553,0.2106099658639,0.1098536102950,-0.1460715549131,-0.1592410258879,0.1562248304652,-0.0144834908280,0.2700645668008,0.2721058680070,0.4395175836786,0.4084873847825,0.3242048208616,0.4196204880263,0.3755498600265,0.6403265544380,-0.0793012650865,0.1383359144441,0.0858589234917,0.1627568566491,-0.0157863405015,-0.0624656863902,0.7370963826507,0.3202523966148,0.7867049140939,0.5365917027404,0.1270329331139,-0.1526381204069,0.4915687487820,0.4341417934854,-0.0118423895541,0.1388919202333,0.1350499769608,-0.0309165246241,-0.3428037758395,0.4188429137071,0.1570850134860,0.1080046924649,-0.3575199637612,0.1547220275444,0.1166313130857,0.2905109311310,0.1168945614629,0.3983871901285,-0.1706674498831,0.1206323582664,0.2073591908865,0.2076835975071,0.1813739254972,0.0737646913358,0.2250979807053,0.2669344248975,-0.1570280199785,0.1599757079649,-0.1541458612121,-0.1664122838843
-0.0415170057328,-0.1567401795287,-0.0655502844616,0.1187626712304,-0.0161802235831,0.0616142173753,0.1330729676695,0.4813405927974,0.5226685367321,-0.1271309666783,-0.0602706091665,-0.1767031657820,0.1383831884315,0.0087731259436,-0.2426084287031,0.5373934781009,0.3416993514922,0.4858174742856,0.5454747863838,1.0000000000000,0.1620103910056,-0.2152361505484,-0.0989480995304,0.2965331266604,0.6168609302141,0.5303960195847,0.4276829552680,0.1167662986028,-0.2396323450478,0.0192494442343,0.5963163192007,0.5527615558482,0.6089820446389,0.2147175963157,0.2477462744476,0.1885487302487,0.3820419019534,0.6240498956708,0.3365534509851,0.3792156578146,0.1054309799040,0.1509285094882,0.2502755275331,0.3983978830215,0.5885373581588,0.1597740072029,0.3364003282181,0.0525138554992,-0.1801075739942,-0.0800504032962,-0.1122555423423,-0.1272647107664,0.0258131919402,0.0071864995640,0.0573065203800,0.0161690431249,0.4695599892348,0.5652630988833,0.5870452059399,0.5912556294124,-0.1489016720225,0.0010248529961,-0.1652389456107,0.1237085346381,-0.3047892998618,-0.0631632334101,0.5546689416388,0.5064214096845,0.4825252384008,0.7979383188136,0.0302268809557,-0.2932154269795,0.3790259085735,0.5283328592917,0.0916091319758,0.3681661231571,0.4368201359699,0.1252883633486,-0.3126108965620,0.5651322406875,0.3338657178329,0.4837388149628,-0.0484674390659,0.2932875881962,0.5025207290108,0.4036617742907,0.3651020475066,0.1223474670657,0.1229588093760,0.5713281248954,0.3296114116348,0.2971268606767,0.4378082720011,0.3112518474675,0.3440136327442,0.1523718263122,-0.1697933173792,0.3131950398238,-0.0316324349663,-0.1938835694794
-0.1488559352203,-0.2033996288546,0.0269795090850,0.1893533579012,0.1979872167456,0.1947511047501,0.2346562546682,0.1426090448901,0.1413634018774,0.3735727704373,0.4986249590308,0.5797118618550,0.2606354515556,0.3338629138073,0.0060338413254,0.1789172201963,0.5316360336531,0.4667442525253,0.1746691272970,0.1620103910056,1.0000000000000,0.3595974089069,0.6569955215649,0.4851434769703,0.0468069844124,-0.0272846157630,0.4877788781711,-0.0193850240546,0.2551837926752,0.1210837196445,0.4043935215353,0.2662336465664,0.3962454394834,0.0064151816158,0.4151251194068,-0.0426111887789,0.5047290810383,-0.0125919195442,0.0589532200633,-0.0688870139703,0.0518753631583,0.1513912438110,-0.0072878018346,-0.3381431611072,-0.0695501104081,0.0946233262980,0.1282751541532,0.2016697333809,0.2738011136009,0.2100974284523,0.0103968052940,-0.2131383895286,0.0224710863943,0.2714043738776,0.1620741477562,-0.0059494254125,0.1761903141968,0.0446891982685,0.3615323985100,0.1244875148385,0.2061047033263,0.5075602509717,0.3350203536876,0.0410097404524,-0.0014311889340,-0.2499298190198,0.0561466067906,0.2508538889874,0.1245308193192,0.2211295658481,0.7159595703203,0.5080060980300,0.3697059247432,0.3520549688137,0.5724957763364,0.0471371533468,0.3270668221274,0.1095721330524,0.2165999343934,0.3542020114756,0.1539850620753,0.0683683193142,0.0579323215350,-0.3449650666873,-0.2289301811091,-0.0322073158422,0.2932092221082,-0.0122249753192,0.0764752749160,-0.1375484979897,-0.0402846416522,-0.1593732891127,-0.2566207001158,0.0092623913647,-0.1936879913438,0.1404335729505,0.0012793934752,0.0574067172291,0.1148316799728,0.1931298890367
-0.1037702295753,-0.0898699346612,-0.1174164693006,-0.1237030870088,-0.0294225035723,0.0699178660375,-0.1498396444533,-0.1294238123577,-0.1622277952240,0.7755652552769,0.5959390599659,0.5128630125994,0.1782499647822,0.1105676449586,0.0315547208118,-0.2965933121059,0.1971224954029,-0.0285217023399,-0.1523924512187,-0.2152361505484,0.3595974089069,1.0000000000000,0.4986871650108,0.0926809407856,-0.2288400464475,-0.2909610421430,0.0994188992104,0.3034345721211,0.6706205483715,0.3233884846256,-0.1049625236644,-0.1401177757413,0.1052827445183,-0.0238372879438,-0.0281144487421,-0.3104274755820,0.2117965651633,-0.0862022081070,-0.0014881240361,-0.1266841879778,0.4254299508092,0.3321497289881,-0.0537823972924,-0.2269877222160,-0.1386513110622,0.2645174263666,0.0214379959175,0.1417445317216,0.4873937615572,0.4815576452652,-0.0810097450533,-0.0133326208896,-0.1336042484374,0.0239165538244,-0.0463469875688,-0.2738856133117,0.0406862052708,-0.1836096585068,-0.0572144198177,-0.1900106425303,0.6714337364428,0.4482837893562,0.3115824094418,0.0533186978562,0.0744136367330,0.1335777151553,-0.3537552124234,-0.1111697845398,-0.2528213908272,-0.2506988039234,0.2804477705745,0.6603163055016,0.0358596242989,-0.0808645855207,0.1735082724730,-0.2743265854048,-0.0448135106994,0.3240877171360,0.5909963768380,-0.1683190258043,-0.1372176899277,-0.1012168680380,0.3473827139030,-0.2926992150820,-0.2930208506164,-0.3671367774010,0.1578657807310,-0.2516960179783,0.0548676925115,-0.2800148033308,-0.0882346640971,-0.0815039391318,-0.2684283490451,0.1431270411786,-0.0655146908238,0.0689226525121,0.3208920581397,0.3808759778764,0.3090468211790,0.4079487870359
-0.0469503004431,-0.2327531134247,-0.0660551840919,-0.0318417619807,0.0397094529850,0.0561991360537,0.0379667155255,-0.0452285694874,-0.0627469871809,0.4502583473133,0.6258064986827,0.7379123715534,0.1753058012977,0.1534224737740,-0.0532808240502,-0.1372157244048,0.2575568630221,0.1864504286132,0.0001219239803,-0.0989480995304,0.6569955215649,0.4986871650108,1.0000000000000,0.3774953769204,-0.0340082608465,-0.0454719922383,0.5270717668306,0.0598277432686,0.3110559027705,0.1790864244343,0.1282838336727,0.1471336602916,0.2143564394423,0.2013546370620,0.2519408377050,-0.2213726049337,0.4376889538073,-0.0266522850842,0.1207081457594,0.0967750355662,0.1804135306385,0.1895581333874,0.0613506694664,-0.2602047038152,-0.0605604483809,0.3224980712990,0.2703240396841,0.3715500985969,0.3821792467803,0.3695926716925,-0.0907940398205,-0.1209460723387,-0.1613916609859,0.0829136065924,0.0217505558539,-0.2331594522746,0.0690181170951,-0.1814326314684,0.1180977471188,-0.1186645421350,0.1913955142510,0.6173886705466,0.4332870473351,-0.0227624444023,-0.0656349699578,-0.1514138886808,-0.1761850090622,-0.0433204294951,-0.1276103782219,-0.0749555453059,0.5241940433387,0.8139125864876,0.2610921684882,0.1934715159515,0.4080729231824,-0.0374148181130,0.3726402905343,0.1114638717826,0.3307206804133,0.0166990658867,0.1928536569572,0.0225663475576,0.1536179803361,-0.3357212619600,-0.2252827619461,0.0272138475239,0.2615753956229,-0.1695402984971,0.1630051401470,-0.1631259303278,0.0212085560293,0.0314522985689,-0.2173242197217,0.0570484719026,-0.1357441254536,0.2504629544080,0.1061572546432,0.0064954824435,0.1710226365396,0.3163297543429
0.0838686419238,0.0228101942499,0.2604225861115,0.3390244243922,0.3637617825247,0.4758749843063,0.4609487379880,0.3429873235531,0.4550960582568,0.1988429136277,0.3763718103124,0.3358550892164,0.2685461361116,0.1482460879851,0.1511492842869,0.4202926530308,0.2922083897019,0.4373760829991,0.4967919044136,0.2965331266604,0.4851434769703,0.0926809407856,0.3774953769204,1.0000000000000,0.2473138238193,0.1375249011587,0.4878847369565,-0.1075740688310,-0.0283630981641,-0.1133582687974,0.3958321714488,0.1807226106949,0.1685405215015,0.0879728208824,0.4724952827259,0.3578425791554,0.6038066175577,0.0565802098217,0.2644325052565,0.1811375354652,-0.0932755802013,0.0266210914391,0.0618633017564,-0.2138151042304,-0.1231066870232,0.1461502888359,0.0829086631679,0.4999526580664,0.2447379630289,0.2025030034448,0.1652751372283,0.0133195216266,0.1431526751602,0.3698756698114,0.4958398496986,0.1810100748798,0.4979523470220,0.2195403027866,0.4251773947754,0.5253741530982,0.0519709144830,0.4066265846097,0.2213507508415,0.0886050083474,0.0214497059659,0.1569902483917,0.3831303467175,0.2203596912638,0.6129575164817,0.3890295893973,0.3888899705016,0.2407877009729,0.8190763225730,0.5639896199780,0.4281213262813,0.0535737037173,0.3233113843047,-0.1142463552340,-0.0364753432158,0.3304448042348,0.1954996814448,0.1221071252498,-0.1046094452182,-0.0655031783909,-0.1314592267579,0.1158744419957,0.4652042019824,0.3276937800366,0.0659197438602,-0.0686322304297,0.2870611326865,0.1450790251875,-0.1333660414101,0.0546070569396,-0.0594066688155,0.5575528176438,0.0574730367005,-0.0412092961821,-0.0707950314373,0.1763115886138
