1.0000000000000,0.3767702186671,0.7014213836683,0.3750304466886,0.8080552981741,0.5545889329357,0.2471639078089,0.3251644970829,0.1758522783728,0.0050648689522,0.3714068099528,-0.0062867444320,0.1996843009686,0.5530082143727,0.3935372601343,0.2118281088583,0.2230072112646,0.3764667680203,-0.2059573031663,-0.1842441022601,-0.2164773501858,-0.1243889385821,-0.1852863629706,0.1701689135460,-0.1535320615008,-0.4586206139296,-0.0615107722760,0.0458434397660,-0.3030001536942,-0.3013251487977,-0.2332127282922,-0.4242747500976,-0.2240591804384,-0.3316974193075,-0.0418712911949,0.1720403243853,-0.0428562866322,-0.1954981646032,-0.0740717970108,-0.1562314097854,0.1381792859354,0.1064799390395,-0.1755791901466,-0.3768959193837,-0.4672183451759,-0.4607376039260,-0.2925574670880,0.3216078871566,0.3908556470992,-0.2170056494563,0.8646322202547,0.5846770214307,0.3624966658293,0.6020376620959,0.5475211006430,0.4281710202536,0.0704137347159,0.1866423813662,0.1147247118154,0.2707383770580,0.2214755387203,0.3485949940303,0.1421389068355,0.1759584484920,0.4939623194611,-0.0282889981435,0.0556461811740,0.3987009467480,0.0900863751752,0.1094696241326,0.0044254806475,-0.3269656619493,0.2274103763836,0.1108283455224,-0.3172583290800,-0.4173730245698,-0.2245452643973,-0.1136670170746,-0.2685346837143,0.0917272831669,-0.2618970156476,-0.1993864512367,-0.1989663271123,-0.2083258460865,-0.4501782503460,-0.2379385649256,-0.0817568483837,0.2331260979203,-0.2645020077603,-0.2695783847700,-0.0058125960862,-0.0523880128939,-0.3405360514746,-0.2702394869030,-0.1210525135348,0.4029431945972,0.3947007267840,0.0753030036853,0.2963966863406,0.0557359415316
0.3767702186671,1.0000000000000,0.5035587122512,0.6289265521971,0.3128158432655,0.2674264424260,0.4678764951046,0.1923006286668,0.3926962275191,0.2684062789774,0.0107771111794,0.0869482480685,0.2625581612625,0.2315874008403,0.6371093480065,0.2989206741221,0.1268666734963,-0.0696733737804,0.4881165606935,0.1532858514744,-0.0144423149698,-0.1520882359723,-0.3785065013988,-0.0338636385580,0.0538766101491,-0.0039530676093,-0.3482564948776,0.1306668688686,-0.0678294529343,0.1628546465030,0.1065602934000,0.0167688141167,-0.1026951737074,0.1241344393332,0.1375316566122,0.4175877384559,-0.2996094088181,0.0946866759511,-0.0834040890675,0.0225256100066,-0.1774578603267,-0.1311194621499,-0.3460673178170,0.2280088945512,0.0903312728982,-0.0569328955899,0.2125002653578,-0.0073064171083,0.0045294510773,-0.1187583708200,0.4493088435782,0.7015313330961,0.1840556998359,0.4801450456254,0.3697937580452,0.5036179450438,0.0324592219642,0.1829452297504,0.0567705006687,0.2651638685808,0.2071651342582,0.0221091567872,0.1450725273211,0.1392163698153,0.5266600794236,-0.0117459267812,0.5942706969192,0.0711209503821,0.5005622992698,0.2065505286909,-0.0466573895451,-0.2546443604201,0.1019744532853,0.1062924797377,-0.0609999664764,0.0458066611145,-0.3286883056407,0.3298226701408,-0.1344844798533,0.2361428160287,0.1392129843557,0.0535097766203,0.0787653941103,0.0023989714844,-0.0281054718142,-0.0477758971992,-0.1963410762643,0.3223722315890,-0.1024407434572,0.0026848756484,0.0488510184594,-0.0337200244222,0.2112181052899,0.1311348896673,0.5115512101656,0.1551578628236,0.1874199577100,0.1488241291824,-0.1791730168176,0.0572582352054
0.7014213836683,0.5035587122512,1.0000000000000,0.4954974510211,0.7079604491405,0.6689037843885,0.4475612713606,0.2566217694491,0.1435669952256,0.2007923989159,0.3135858947553,0.1046121267151,0.2192706487862,0.4979041546187,0.5105119555660,0.3310509686646,0.2475868797642,0.2875165421416,-0.0211125732608,-0.0529103681012,-0.0271411703276,-0.0339520411117,-0.1076437548787,0.2338303463083,-0.1005795541548,-0.2495516583927,-0.0172585278355,0.1854947943343,-0.1977056747028,-0.1923848058119,-0.0113536999465,-0.2446056569672,-0.0902829924753,-0.1783631576561,0.1757401081659,0.3087752704422,0.1098924595581,-0.1018673299446,0.0869793901143,-0.0538073861740,0.1023439452702,0.1520930838124,-0.1492937595768,-0.2163914630049,-0.2907762591761,-0.2553763194046,-0.0938589009138,0.3636799639622,0.3507293910984,-0.0553172142240,0.7342588383725,0.6490715678226,0.2007855907092,0.8093366857258,0.5373109328815,0.4882466603321,-0.0214291934579,0.0797271740705,-0.0365335138378,0.2361932545819,0.2841218281712,0.2683413917671,0.1378613857272,0.0494290510026,0.4953497615822,-0.0440952719359,0.2452039620847,0.2180261031415,0.2594533761995,0.1527210413722,-0.0287894790277,-0.1802060186958,0.2763291775539,0.1921397518687,-0.2141615838586,-0.2675492696810,-0.1469548572075,0.0245163975789,-0.1142917734581,0.0902869524085,-0.1623708570173,-0.1017443002666,-0.0642220010967,-0.1977377864364,-0.3731880053295,-0.1782492950183,0.0686651671062,0.4258094010879,-0.2017296132842,-0.1818501614898,0.1657596240509,-0.0253386538629,-0.1693793795776,-0.0490436115345,0.0397971859196,0.4217336719953,0.3266684257872,0.1476447527417,0.2185091226991,0.0072301155944
0.3750304466886,0.6289265521971,0.4954974510211,1.0000000000000,0.5254354712154,0.5195273575813,0.7995458062138,0.4546948800489,0.5568759394415,0.2661435638082,0.1861913410800,0.2141223263790,0.4768310962926,0.2109057971841,0.7106858786359,0.4928313781110,0.4335885414685,0.2531451777685,0.5226047819429,0.3012046323858,0.0885002826059,-0.1438579557891,-0.2300701758132,0.2692634510173,0.1037736103785,-0.0894617405550,-0.0274436772923,-0.0671946135113,-0.2120170610179,-0.2096140380765,0.1735324785675,-0.0705631992132,0.1425258971194,0.0810934564538,0.0530561448945,0.2996803955025,-0.1346441834896,0.1578876068609,-0.1941135903263,-0.1052152689894,-0.1559160801631,-0.0266185152772,-0.3778466730141,0.0638312634463,-0.0066514636957,-0.1373328916558,0.1387145905224,0.0190423664410,0.0865061328196,-0.0687808713795,0.4827293301966,0.3449433419894,0.3831106130564,0.6335803258087,0.6683135067369,0.7276426526634,0.1835412704916,0.3922908499417,0.3238739030525,0.5357948552515,0.2194033158430,0.2655251754062,0.1866663344514,0.3505112890875,0.2496284756046,-0.0437388819062,0.6801617401102,0.3852723325344,0.6391331249381,0.4423335494365,0.0896463001270,-0.2387588177300,0.4364006005847,0.2550860310045,-0.1177185590272,-0.0994071667344,-0.0349636653045,0.0370056555959,-0.2220489905515,0.4261039030608,0.0664469498656,0.1095717502052,-0.3008967495886,-0.0922086812832,-0.1970094812224,-0.2167853443535,-0.1991211777888,0.2162264252990,-0.1571152491637,-0.0316640987538,-0.0458341715360,-0.0742298884609,0.1337785476775,-0.1319881270169,0.2915964010833,0.2711019121099,-0.0429278923803,0.2859749571186,-0.0901689810474,0.1347403519405
0.8080552981741,0.3128158432655,0.7079604491405,0.5254354712154,1.0000000000000,0.7917768993263,0.4312092302101,0.5215286766295,0.3694918794729,0.0639928144985,0.4677460799702,0.0466447268844,0.3527637512402,0.4868122318721,0.5044449368076,0.2523458756336,0.3890605226307,0.5336626879706,-0.0895552424068,-0.0609422249825,-0.1578164460942,-0.0925932700563,-0.2119233510632,0.3189585691119,-0.0458119791560,-0.4385499042658,-0.0467459296458,-0.0409496182134,-0.2411650074032,-0.3841676455854,-0.1937570083690,-0.4431600937219,-0.0872612377077,-0.3879385615726,-0.1244063221942,0.1688042848583,-0.0400115609560,-0.2026226201058,-0.1581971489915,-0.2387387234520,0.1687453507015,0.1628695667549,-0.3347784965144,-0.3632054056965,-0.4690615797566,-0.5353252408584,-0.3245012594864,0.2763203913280,0.3759007295201,-0.1986624104248,0.8621785442757,0.3867924370994,0.4179055509312,0.7330751126415,0.7911845039396,0.5740063452607,0.3044368076314,0.4254490193920,0.3313459305446,0.4532867127701,0.3547662407754,0.4782677202585,0.2315182542377,0.3712683332888,0.4000306361630,-0.0282812851903,0.1683725209774,0.6217655857939,0.2375273612091,0.2456811863408,0.1315122644649,-0.3585015454440,0.4319809434008,0.1947188268237,-0.2752725807459,-0.4011672893389,-0.1870413315679,-0.1887863299655,-0.2196302553170,0.3256009703522,-0.2943581873096,-0.1502098206609,-0.2909784932125,-0.2122016995515,-0.4399721971483,-0.3888234159807,-0.1418680734773,0.2020939620427,-0.3017565272970,-0.2934019138826,-0.0683306836174,-0.0908251607846,-0.3298273949455,-0.3507939762685,-0.1138803658063,0.4128180006722,0.4069945032406,0.2731758225823,0.3591184187327,0.1296298755803
0.5545889329357,0.2674264424260,0.6689037843885,0.5195273575813,0.7917768993263,1.0000000000000,0.6465378393484,0.6024392193679,0.4498511881316,0.2708982162269,0.4709791520584,0.0653178159404,0.4969199958748,0.4017867127927,0.6117861107196,0.3957619400252,0.5203020520273,0.5963629869173,0.0599789738919,0.2561344396276,-0.0475139616400,-0.0115012283655,-0.2383807391387,0.4700884751731,0.1007054131708,-0.2298287541999,0.1093154138082,0.0757842367396,-0.2456896480085,-0.2994171292215,0.0396914328175,-0.2941644546911,0.1103403052968,-0.2447707133047,0.0581591389425,0.2481920809077,0.1604660102665,0.0578440410038,0.0868141528762,-0.0346618551959,0.2067396698484,0.3131843600686,-0.2352118488925,-0.1672026042569,-0.2329891274641,-0.3817818732999,-0.1840114080135,0.5105165561718,0.4094866154184,0.0016854636065,0.6212689650651,0.2793988283959,0.1977376578191,0.7656850796864,0.8424199041416,0.5154899686729,0.3278256113216,0.4596123226093,0.3504399270172,0.5899133984116,0.3836353880208,0.3974569369186,0.1309962400067,0.3655727019952,0.2685413022245,0.0116119661739,0.3100588928168,0.6380141736409,0.4183035274138,0.4389823708460,0.0086915525754,-0.3610209913813,0.5790925797475,0.3404102270760,-0.3024920198161,-0.4241104365922,-0.1238489043267,-0.1320903361297,-0.2641650376063,0.3334758901907,-0.3337005362413,-0.1318727160305,-0.2764206927604,-0.2281598995841,-0.4422372796507,-0.3940018109532,0.0205499805754,0.2968500785593,-0.2782804047715,-0.1680247007780,0.1946116141886,-0.0159088705911,-0.1577056327907,-0.2720404763002,-0.0616834159890,0.6117922580949,0.2850962008208,0.3224442449022,0.2750492529738,0.0574369044943
0.2471639078089,0.4678764951046,0.4475612713606,0.7995458062138,0.4312092302101,0.6465378393484,1.0000000000000,0.5189042412069,0.5382692793714,0.4133929845950,0.2471733753275,0.1907656165004,0.5641606955080,0.1877784992087,0.6437660360012,0.5648343061522,0.5585629123644,0.3523024242154,0.4811809413883,0.4635922843664,0.2328344858896,-0.0505473190015,-0.1478060571454,0.4710641392879,0.1691578689166,0.1180360648644,0.2255338438693,0.1335704496190,-0.1304148196170,-0.0179990744174,0.4031252386114,-0.0056349711407,0.2825511068941,0.1724669194619,0.2867908556153,0.2607777952711,0.1603196385938,0.3168307155039,0.0790560711735,0.0640612904617,-0.0467985101117,0.1197700955769,-0.2547835437792,0.1496740361682,0.1322990973279,-0.1369459217783,0.2028929961996,0.2165364675261,0.2462983482635,0.1453794850736,0.2969844031465,0.2370790537477,0.0218593337617,0.6459744024874,0.6840470371772,0.5643294560830,0.1226035370521,0.3189919129256,0.2324407954570,0.6237571420967,0.1706986192676,0.2707907089230,0.0133062213980,0.2136902920193,0.1780952620260,-0.1732641889099,0.6896560739068,0.3677370064945,0.7070405763095,0.5560946455813,-0.0108300217043,-0.2364215025886,0.5624341466165,0.4893345777922,-0.1229921801041,-0.1159316796802,0.0751834234606,0.0699806447616,-0.1940927864672,0.3311258990512,-0.0963514989346,0.0501112791335,-0.1742006495521,-0.2415709061810,-0.2454751934420,-0.2073384582073,0.0331812418994,0.3278501734249,-0.1049371104276,0.0474047900328,0.2002037690480,0.0325634800087,0.2062672851937,-0.0212925611642,0.2053139238563,0.4091192638204,-0.1138145833264,0.3153267142871,0.0198444260797,-0.0251949558442
0.3251644970829,0.1923006286668,0.2566217694491,0.4546948800489,0.5215286766295,0.6024392193679,0.5189042412069,1.0000000000000,0.8174392467811,0.4351432306555,0.6178069942233,0.3695489079901,0.8277095425464,0.2549019058323,0.4583822806343,0.3272372937998,0.7387572502691,0.6701135719368,0.3348379499052,0.4942861173013,0.2145702719289,0.1772611290076,-0.0671600126449,0.5111742096991,0.3611679359149,-0.1553978343050,0.1496818674004,-0.1034844378506,-0.0212094398918,-0.2944081567706,0.1362173665823,-0.1195811491473,0.3965285347342,-0.3185632106342,-0.1643694864210,0.1615556398349,0.0586093538589,0.0904444639549,-0.2788264188149,-0.2241803005046,-0.0153713762233,0.2420070259035,-0.4782336482805,-0.0570835543131,-0.0102403261043,-0.2806942496093,-0.0552321173541,0.0878973158551,0.1613266675445,0.1408494943641,0.3609881348955,0.0068284813587,-0.0210517904490,0.4317109478644,0.7368124654957,0.3232451674746,0.4792798891890,0.7175418953213,0.5742958017286,0.8460827316937,0.5221224944619,0.5404951634053,0.3146145563568,0.5515478012879,0.2307445590848,-0.2968847011608,0.3946864634347,0.6902009338383,0.6302044356170,0.6115426802122,0.1877198986866,-0.2003998395090,0.6828922216875,0.5810778452115,-0.0876549741767,-0.4075189051349,-0.0720554716067,-0.1353238985729,-0.0695774215533,0.4418148614432,-0.1909922209780,0.0596788272527,-0.3503480133831,-0.3822952927851,-0.3678627567549,-0.5076583813277,-0.1978415674294,0.0228831889724,-0.4753908320100,-0.2020868059136,-0.2063811516454,-0.3518033961884,-0.0746822097222,-0.1775413386867,0.0568470653320,0.2485195732980,0.1767193247010,0.4215192748745,0.2566285319474,0.0138097343122
0.1758522783728,0.3926962275191,0.1435669952256,0.5568759394415,0.3694918794729,0.4498511881316,0.5382692793714,0.8174392467811,1.0000000000000,0.3691517999487,0.4136468707590,0.3431736246803,0.7432805868993,0.0085638853703,0.4861672484592,0.2064407118393,0.5685714453957,0.3734808880926,0.6007193042006,0.5951787052888,0.1030087846027,-0.0323287843629,-0.2544467879340,0.3020634235075,0.5714013497876,-0.0399571325747,-0.0674553723150,-0.2173132580967,-0.0645542167375,-0.2651951631893,0.1137009579293,0.0347035418886,0.2728543428392,-0.1202246484746,-0.1192339561975,0.3481625282657,-0.1685372631227,0.1973333189856,-0.2923364665417,-0.1114719517418,-0.1950957346893,0.0912172499377,-0.5930989836753,0.1793908718918,0.1418380898899,-0.0999722888025,0.1153579025625,-0.0129744295973,-0.0634136660899,0.0166768678861,0.2765761684748,0.0506499242499,0.0657653225888,0.3982047352700,0.6541571577733,0.4388044223533,0.5459535119899,0.7976315855155,0.6828462485422,0.8570378003125,0.4766320705973,0.4189551486987,0.3559601231141,0.6671463137215,0.1551096352581,-0.1222678445880,0.5907270270061,0.5826094240515,0.7665370493665,0.7111855494574,0.2553123217530,-0.2812922035805,0.6161867793662,0.4973977056980,0.0717253261014,-0.1034885687845,-0.0048941645330,0.0519126406229,-0.1563324239568,0.5565843466188,0.0834235990720,0.2514306526576,-0.3609769212605,-0.0961417166198,-0.0398575001621,-0.4242150743809,-0.2541089075713,0.0991953080913,-0.2520411895841,0.0443811413681,-0.1881701540492,-0.3173484278804,0.2118010618169,-0.1081515487677,0.3941556645481,0.1997747066386,0.0914014713558,0.3156418761670,-0.0504100204213,0.2126869340167
0.0050648689522,0.2684062789774,0.2007923989159,0.2661435638082,0.0639928144985,0.2708982162269,0.4133929845950,0.4351432306555,0.3691517999487,1.0000000000000,0.5230156363303,0.6557471393682,0.6806709569494,0.3334166503576,0.3556094442748,0.2739637199297,0.5753515584087,0.3689238641325,0.3968863495403,0.5099183528746,0.6151368674523,0.6131153113511,0.3451127732081,0.4825625837621,0.1766128414032,0.2957429037168,0.3827078921008,0.2996260526439,0.3065356554567,0.2556850964384,0.4487763228272,0.2608383010038,0.5789441649193,0.2011407566868,0.1055190052389,0.0120739601246,0.3421660823652,0.2620807516695,-0.0692466131639,0.1760106847144,0.2053863571052,0.5030798054169,-0.2024714847531,0.1033229124704,0.2497862542230,0.3408203003895,0.5204777027167,0.0089868547354,0.2303673733994,0.6116472359177,-0.0863208792255,0.0235995547043,-0.4314604834556,0.1819128347097,0.2514473593461,-0.0981972048320,-0.0969981267786,0.0898387616172,0.1480070207870,0.4024926512308,0.4544873732178,0.3463967046029,0.2001117881265,0.0758210875896,0.0702508286963,-0.4721328672090,0.3739365172048,0.1086806127485,0.5377443844511,0.3978087093851,0.0491899420009,0.3163110435616,0.5120034207225,0.5363881621268,0.1540918541995,-0.0572735009427,0.1202602926510,0.3009566908215,0.2026441974765,0.1664588374109,0.0503682137520,0.1049914726670,0.0267386481386,-0.4304457881260,-0.2695982979544,-0.1041582022124,0.1350441983490,-0.0455127748939,-0.2697391959271,-0.0880892809515,-0.0300462192436,-0.1522476205751,0.1923658275643,0.3656223374870,0.2647371072176,0.0513830354896,0.0681059299035,0.3754641874533,0.2179001304493,-0.1141804590328
0.3714068099528,0.0107771111794,0.3135858947553,0.1861913410800,0.4677460799702,0.4709791520584,0.2471733753275,0.6178069942233,0.4136468707590,0.5230156363303,1.0000000000000,0.5336962546061,0.6149235477339,0.3747618644089,0.2448127616270,0.1050310080646,0.6096680915542,0.6737162038362,0.0708166944741,0.2040672171477,0.3010161996871,0.4416527465723,0.3214801583268,0.5531905569193,0.1133576180365,-0.1436525832606,0.3734038386609,0.0236642761443,0.1429101437009,-0.2170300175373,0.1114518776538,-0.1333920582421,0.2734615217152,-0.2335673746301,-0.0487658355074,-0.0469893671749,0.3911576284310,-0.0697580998563,-0.0287535336068,0.0197133370697,0.3355525904658,0.5266095488261,-0.2977451239288,-0.2449028313131,-0.1712663854479,-0.0671099934452,-0.0558395142224,0.2317817515963,0.3215999404303,0.3521485560108,0.3063955882105,0.0100815741667,-0.1230399008255,0.3179537506367,0.4940123063912,0.0432825732947,0.1582322824176,0.3082378045879,0.3792307590058,0.4339923309299,0.5463677161500,0.7677190033810,0.3128913064349,0.2877665624428,0.1359571565224,-0.3819388030710,0.1267898153411,0.4519696246210,0.3233743753578,0.2829476637587,0.2333449025598,0.0990402805921,0.6164341600137,0.3952528361002,0.0362888500449,-0.4059501774023,0.1331430305747,-0.0083517608857,0.1342265654652,0.2893045150787,-0.2451770183202,-0.0819126186446,-0.1647130045436,-0.3976397913243,-0.4863728159736,-0.3699098396821,0.1168265172924,-0.0550512861912,-0.3598417315052,-0.3682247932505,-0.0834138450978,-0.0884736368345,-0.2099117395816,-0.0168950848184,-0.0315367473705,0.2349795903680,0.2706727833380,0.3411070998243,0.5200365160780,0.0646025356944
-0.0062867444320,0.0869482480685,0.1046121267151,0.2141223263790,0.0466447268844,0.0653178159404,0.1907656165004,0.3695489079901,0.3431736246803,0.6557471393682,0.5336962546061,1.0000000000000,0.6428710739434,0.1877837211939,0.1614680859690,0.0782241161585,0.5377965091719,0.2827035995821,0.2642683844500,0.2801090549025,0.6001196441154,0.5888782773424,0.6684592161984,0.3619526200590,0.2403889711883,0.1772033348830,0.3252578406098,-0.0327166603895,0.3556267917137,-0.0628690050582,0.2998885363322,0.3686292786097,0.5565722147062,0.1331431419325,0.0803616567862,0.0555702293093,0.2579804560971,-0.0182434646666,-0.2020079569786,-0.0317511531004,-0.0210042909253,0.2970621368150,-0.2813412324075,-0.0870101240496,0.1382941751581,0.4869439048654,0.4677089420702,-0.0707409276899,0.0717524545489,0.4699064829867,-0.0450430242431,-0.1021185726304,-0.2570998495035,0.0824221595838,0.0827727935572,-0.1429014064103,0.0241526219476,0.1073540905329,0.1970006663249,0.2426424075240,0.4408580691732,0.5457643917890,0.6227259817562,0.3005182501616,-0.0165570741325,-0.3141059978390,0.1937814880316,0.1202662924710,0.3496475375161,0.2842273726134,0.4458935211996,0.5874357421411,0.4240744483116,0.3938534689029,0.3547478152229,0.0604129913290,0.2781695614503,0.0755377379628,0.3865765743127,0.2700193822106,0.2974536488346,0.3523337875439,-0.2064064980476,-0.2650393061421,-0.1463225527257,-0.1294826128238,0.0278464959499,-0.0606767128616,-0.1498470729471,-0.1695033505447,-0.2054923257518,-0.3497676630070,-0.0021705787412,0.2159932501960,0.2454882424235,-0.0160799139124,0.1119660156656,0.2428162765088,0.0273539714350,0.1630059098986
0.1996843009686,0.2625581612625,0.2192706487862,0.4768310962926,0.3527637512402,0.4969199958748,0.5641606955080,0.8277095425464,0.7432805868993,0.6806709569494,0.6149235477339,0.6428710739434,1.0000000000000,0.2474116215011,0.4518392445655,0.3530566271978,0.8439461050048,0.5752621826437,0.4592301224151,0.5843672592642,0.4545112422369,0.3200884629842,0.1367535502634,0.5734459544486,0.3981742323799,0.0426956411958,0.2888364353029,-0.0160108123497,0.1229074250387,-0.1116296745052,0.3571696855180,0.1234050172110,0.6009362349591,-0.0671494249920,-0.0546711618531,0.1492604170851,0.1816999181400,0.2121909871065,-0.2214398643418,-0.0576314405027,-0.0119043918900,0.3105279906643,-0.4047720687501,0.0098081225011,0.1426078432964,0.0230042384758,0.2719541023739,0.0868761049221,0.1657090825295,0.3404801368477,0.1796361016536,-0.0468988123483,-0.1980574084002,0.3663131074568,0.5972466770752,0.1927963384901,0.3366350129518,0.5325919539627,0.4590795947461,0.7702678514912,0.5073882694377,0.5907306515818,0.4173177875620,0.5494446534657,0.1061484229425,-0.3749741363913,0.4948038165506,0.5547563942943,0.7017882193755,0.6120530843040,0.2589123281869,0.0226464660662,0.7086079186500,0.6453542693100,0.0735539237893,-0.2747828278844,0.0620514168257,-0.0015587885782,0.0561061263887,0.4535529150719,-0.0328634085450,0.2097368095244,-0.2744419765475,-0.3873000325223,-0.3035225802384,-0.4157772793518,-0.0723577192419,0.0176405734467,-0.3670894177168,-0.1447609952419,-0.1343920527978,-0.2960899416707,0.0656100116799,0.0146663702838,0.2238262689513,0.2248744430913,0.0924965218912,0.4287502299305,0.1640959226629,-0.0017797144677
0.5530082143727,0.2315874008403,0.4979041546187,0.2109057971841,0.4868122318721,0.4017867127927,0.1877784992087,0.2549019058323,0.0085638853703,0.3334166503576,0.3747618644089,0.1877837211939,0.2474116215011,1.0000000000000,0.3305321961109,0.3596637003018,0.3031462527927,0.4404448624909,-0.2707257283193,-0.0548767837277,0.2795470665690,0.2960730616935,0.1765719619848,0.4665847598643,-0.2696741247359,-0.2209351441958,0.3161947608372,0.4000485710573,-0.0099271584912,0.1471346556017,0.0764248459863,-0.2751087608384,0.1160335021867,-0.2615747705324,0.0681512919529,-0.0843175045051,0.2715219635461,-0.1012697599250,-0.0876353869711,-0.1474700598226,0.2600212245135,0.2965299741102,-0.0450004223475,-0.3876514700674,-0.3626643584145,-0.1897539762422,-0.0488170193149,0.1433762695950,0.5136228982213,0.1336620068084,0.4578454893069,0.2833151884055,0.0903561413545,0.2859233750130,0.2621606405756,0.0561624896031,-0.1272582320015,-0.0658906018823,0.0098380250550,0.1743126567344,0.2003787771676,0.3240854192365,0.0732572972720,-0.1033676792042,0.4916607403473,-0.2002778077429,-0.0775582790459,0.2590771820218,0.0225566278228,0.1370385200475,0.0242723807239,0.0913015015219,0.2996428678840,0.3260630815250,-0.1071107349196,-0.3956507227204,-0.0301042715835,0.0358515113267,-0.0447381418607,0.0762477643734,-0.1932823511716,-0.2026978887663,-0.0585493501138,-0.4005209234154,-0.4949404020186,-0.1382619160651,0.0590514872279,0.0400633833371,-0.3617299044432,-0.3168463624037,-0.0801652498539,-0.1613952937761,-0.3180511668384,-0.0254634152650,-0.3107092048664,0.1903866628414,0.3989520557969,0.1005350857595,0.3870330422010,-0.1513355565479
0.3935372601343,0.6371093480065,0.5105119555660,0.7106858786359,0.5044449368076,0.6117861107196,0.6437660360012,0.4583822806343,0.4861672484592,0.3556094442748,0.2448127616270,0.1614680859690,0.4518392445655,0.3305321961109,1.0000000000000,0.3733998582106,0.3162298202267,0.2084840166651,0.4083862256462,0.2139433883574,-0.0218349240341,-0.0904895027426,-0.3097259935688,0.1465160630908,0.0938527398603,-0.1358371219356,-0.1889109790044,-0.0316538380468,-0.2164384408448,-0.1955420706844,0.0279190510540,-0.1156916199467,0.0726576985034,-0.0223813322065,0.0704981994588,0.3819971998211,-0.1649570843246,0.0359578674991,-0.0635014315083,-0.0653781235826,-0.0688958315504,0.1745414659264,-0.3537451862974,0.0534514788822,-0.0830571368251,-0.1685741808371,0.0046103708234,0.0991191314735,-0.0181868184951,0.0703685228228,0.5071871229034,0.4016255834725,0.2517162505996,0.6218797692082,0.6531616216441,0.6277332983176,0.2275643806765,0.3439920180504,0.2212840842058,0.4472596338224,0.3841718261855,0.1576792935787,0.2336737051261,0.3112560806684,0.4979195763408,0.0325762319644,0.5120378475199,0.3334329728709,0.4989777163621,0.3087707590219,-0.0610259963664,-0.2433971148953,0.3026793177388,0.1824234394562,-0.2709512602490,-0.2066721313252,-0.3061474105637,0.0409094577252,-0.2196319716032,0.2677719570367,-0.0691303782026,-0.0251406870933,-0.2335617302760,-0.1264199803806,-0.2633323306025,-0.2540110471049,-0.2445620492340,0.3303224495303,-0.2228610057079,-0.1331659886801,0.0595885594991,-0.0011329770457,0.0348650648841,-0.1771167175636,0.2554814347651,0.2684013665642,0.1548894397668,0.2297417373282,0.0610569389350,0.1301529990309
0.2118281088583,0.2989206741221,0.3310509686646,0.4928313781110,0.2523458756336,0.3957619400252,0.5648343061522,0.3272372937998,0.2064407118393,0.2739637199297,0.1050310080646,0.0782241161585,0.3530566271978,0.3596637003018,0.3733998582106,1.0000000000000,0.4537691292604,0.2493204486722,0.3381181707147,0.3794446216859,0.4329884844605,-0.0213191077653,-0.0278063113129,0.5305823806547,0.0288733050215,0.0020353966637,0.2293300323207,0.0558072650371,-0.0922254227281,0.0860141849843,0.5599368864840,0.1278874949664,0.4244240701479,0.0440748992073,0.3853243350965,0.4505882116985,0.2079098921246,0.1095874711400,0.0232051250008,-0.1725719392609,-0.0954772346601,0.0307333193473,0.2263495247696,-0.1174491725221,0.0233884234458,-0.2155394911327,0.0657604675578,0.1724064381348,0.3052207254751,0.1379899516412,0.2168774137739,0.2597819515786,0.1933404451764,0.4016978538744,0.3969695069275,0.4441453992555,0.0090337354568,0.0158788964319,-0.0715996911280,0.3852271999929,0.0310444177711,0.1189652103090,-0.0664484421678,-0.0512426547232,0.1897671543173,0.1183142295936,0.5815657576896,0.2482519479499,0.4821481760852,0.2735705930108,0.0015408556398,-0.1395417763231,0.3346640292748,0.3583203302156,0.0414878506061,-0.2251682993717,-0.0129788048873,-0.1329917141397,-0.1037127369247,0.2813833361337,-0.0022696775401,0.0366693886011,-0.1208956200761,0.0628327273130,-0.2333288934300,-0.1983537536162,0.0881002528792,0.3815806143936,-0.1315946981226,-0.1768831751385,0.1042118985845,-0.1599854555205,-0.1232000531112,-0.1453496200513,-0.0391031268033,0.3422701363216,-0.0395699738221,0.2209592990241,0.0237260684832,-0.0962387349589
0.2230072112646,0.1268666734963,0.2475868797642,0.4335885414685,0.3890605226307,0.5203020520273,0.5585629123644,0.7387572502691,0.5685714453957,0.5753515584087,0.6096680915542,0.5377965091719,0.8439461050048,0.3031462527927,0.3162298202267,0.4537691292604,1.0000000000000,0.7381200752421,0.3222829434289,0.5618901866058,0.5718618870318,0.3315882413997,0.2090141242356,0.7008479548423,0.2454056036037,0.0154334360358,0.3955078222867,0.0272516123400,0.0688159145299,-0.1120724103928,0.4997976808468,0.1026476921369,0.6912707163731,-0.1427366483921,-0.0269806782951,0.0287902322503,0.3016895363597,0.2349241399314,-0.1653615306947,-0.0985987332988,0.0971028697362,0.3158417093095,-0.2837246002763,-0.0807075894611,0.1046338063391,-0.0482252360636,0.1934912708202,0.1737354694554,0.2969260488443,0.3684315031684,0.1653929718839,-0.0629490735247,-0.1907063454221,0.3953298699110,0.5746134790556,0.1351710642328,0.2368562104829,0.4293991345291,0.4378574650529,0.6447143327159,0.3889204304284,0.6125677723495,0.2498275654649,0.4059306838568,0.0045208395905,-0.3320495229066,0.4247501825523,0.6160271371572,0.5917142621273,0.5921412438642,0.3553852288632,0.0163429025047,0.7221543099845,0.5461930461100,0.1301724713459,-0.3349848200770,0.1589204142178,-0.0353173646193,0.0228645753104,0.5346739556759,-0.0688297660175,0.1748137970852,-0.2443077776655,-0.3735060126837,-0.3720652159739,-0.3929646515698,0.0604012329348,-0.0765276040996,-0.3059205636065,-0.1516811360907,-0.0766022742149,-0.3048535590284,-0.0151968153441,0.0041297047036,0.0744856606147,0.3165063814636,0.0297631051159,0.4234618964379,0.1772152421492,-0.0072495686365
0.3764667680203,-0.0696733737804,0.2875165421416,0.2531451777685,0.5336626879706,0.5963629869173,0.3523024242154,0.6701135719368,0.3734808880926,0.3689238641325,0.6737162038362,0.2827035995821,0.5752621826437,0.4404448624909,0.2084840166651,0.2493204486722,0.7381200752421,1.0000000000000,-0.1118849579722,0.3238477404138,0.2560245039773,0.3130599039875,0.1888458147052,0.7026671827034,-0.0474159770807,-0.1703644185170,0.4521176444586,0.1376835245842,-0.0463817227480,-0.1768157834202,0.2796470439484,-0.1988930956027,0.3860924530850,-0.3272638910195,-0.0932683335958,-0.2741665819382,0.4457808311000,0.1616299513669,-0.0209008409089,-0.0412169302214,0.3553573762747,0.4814725246255,-0.2302965786485,-0.2847358974016,-0.1161121299562,-0.1865966390257,-0.0798462351827,0.3332967140189,0.4165157101925,0.2173112496362,0.3006446177927,-0.0396387929715,-0.0857139953222,0.3433793995209,0.5567949700554,0.0164503285594,0.2032769974572,0.4121262871271,0.5375268788196,0.5114300429367,0.3188396622418,0.5882682273244,0.0832029419919,0.2894820227368,0.0334041522050,-0.3623816036546,0.0698823769276,0.6650095619579,0.2678616614875,0.4885280751114,0.1197111295882,-0.0400516180096,0.7225769510270,0.3646379650024,-0.1038141115612,-0.5031967820496,0.0975909307908,-0.0963610266798,-0.0624287908365,0.4184826667012,-0.2894977597713,-0.1257153386226,-0.1867812742597,-0.4634310148008,-0.5482720361777,-0.3421384070146,0.1563884923864,-0.2281681884996,-0.3937649386816,-0.2428120438886,-0.0310818635529,-0.1734706623574,-0.2214793468395,-0.0842034457176,-0.2598668662483,0.3660408662874,0.1604192717030,0.3314759651007,0.4435490425022,-0.0695021681041
-0.2059573031663,0.4881165606935,-0.0211125732608,0.5226047819429,-0.0895552424068,0.0599789738919,0.4811809413883,0.3348379499052,0.6007193042006,0.3968863495403,0.0708166944741,0.2642683844500,0.4592301224151,-0.2707257283193,0.4083862256462,0.3381181707147,0.3222829434289,-0.1118849579722,1.0000000000000,0.5452557952859,0.3157234740271,-0.0981920612411,-0.2064790748160,0.0609356377043,0.3994101646896,0.1740500464883,-0.1954906971318,-0.2539874704855,0.1276858761652,0.0630164285089,0.3670480826603,0.3057209412666,0.2900765364679,0.2123264409159,0.0986988909928,0.4734029251261,-0.2072768681958,0.2232405032063,-0.1885840257760,-0.0048702698918,-0.3551784822471,-0.1041147061538,-0.2991777187393,0.3327548028604,0.3992465411988,0.1483110658675,0.3190914738693,-0.1867012042714,-0.2618526616872,0.1135991843557,-0.0771365736268,0.0694443020440,-0.0308914218493,0.1776088374547,0.3198419840326,0.3718400294489,0.1420924177405,0.3083684636939,0.2100637896751,0.4320004361868,0.1762356506174,0.0577257938558,0.1155290376665,0.2409370946436,0.0582644273085,-0.0346484855782,0.8434730859149,0.0575127903952,0.8063857423827,0.3091668029961,0.1062329304098,-0.1458747967568,0.2629216022227,0.1760817991940,0.2499236657070,0.1234381660143,-0.0902826251170,0.2155147790005,0.0429604015824,0.3669230940263,0.2284198863153,0.1775947431388,-0.0638318491214,0.1767703600736,0.1223748372393,-0.2216276647803,-0.1478123160339,0.1310929271656,0.0064144929000,0.0302848916591,-0.0673164665357,-0.1768044570450,0.3180905223008,0.1107400791419,0.5734067348948,0.0118611747734,-0.1454392107551,0.1961698773725,-0.2847202662860,0.1548926631335
-0.1842441022601,0.1532858514744,-0.0529103681012,0.3012046323858,-0.0609422249825,0.2561344396276,0.4635922843664,0.4942861173013,0.5951787052888,0.5099183528746,0.2040672171477,0.2801090549025,0.5843672592642,-0.0548767837277,0.2139433883574,0.3794446216859,0.5618901866058,0.3238477404138,0.5452557952859,1.0000000000000,0.4264571072273,0.1042012904484,-0.0571653718673,0.4175023993581,0.5898716206254,0.4706513340380,0.3072668483024,0.0623244648461,0.0382895321463,0.1326281579116,0.5814268338983,0.4372192133911,0.6328305198900,0.0943526357293,0.0608135753976,0.1738787260416,0.1528786726967,0.7003395688522,-0.0136361790834,0.1245149092162,-0.0666865699586,0.2351872843174,-0.0941005764567,0.4420404581614,0.6313614821000,0.1888456516992,0.4364579776972,0.1156503860499,-0.0088200669970,0.3332895584477,-0.2255863044397,-0.1494325117487,-0.3270186710415,0.1427832985433,0.2676354036183,0.0112712575211,0.1683911109743,0.4015299872640,0.4266253438492,0.5874589998616,0.1249553112033,0.1226554126599,-0.0529097258948,0.2472958656585,-0.2870628451501,-0.1810806250671,0.5372554162404,0.2746673500394,0.6324159751620,0.7739078375670,0.0250953131703,-0.1365449809175,0.5230974266796,0.5486496843947,0.2092524350734,0.0730332559783,0.2419099915574,0.2168482722507,-0.0805104162139,0.4043820053932,0.1439407611432,0.2763847331935,-0.1131623127359,-0.0836602360316,0.1095454264002,-0.2493128470622,0.1229801749994,-0.0570184012946,-0.0839304163862,0.3707515616939,0.0892223029232,-0.2942535011544,0.4948531119387,0.2126313919773,0.3468437843767,0.2210578504152,-0.2048707397308,0.2247577889557,-0.2274611496855,-0.0342166971596
-0.2164773501858,-0.0144423149698,-0.0271411703276,0.0885002826059,-0.1578164460942,-0.0475139616400,0.2328344858896,0.2145702719289,0.1030087846027,0.6151368674523,0.3010161996871,0.6001196441154,0.4545112422369,0.2795470665690,-0.0218349240341,0.4329884844605,0.5718618870318,0.2560245039773,0.3157234740271,0.4264571072273,1.0000000000000,0.5155479273717,0.5648909695517,0.5608821145903,0.1323810282482,0.2868343213310,0.5010944224082,0.1671675988650,0.3539346951621,0.3715377248392,0.7070945585839,0.4081939779359,0.7227333727250,0.0603748286010,0.2348896931848,-0.0223801917195,0.4226560898266,0.1670121208146,-0.1310635815796,-0.1187970703463,-0.0255551086933,0.2409907396131,0.0641013962144,-0.0800732847803,0.3057927615914,0.3087629187746,0.4503770719809,-0.1525989925391,0.1663662910975,0.5926002819826,-0.2978688760440,-0.1728412547218,-0.3861089931516,-0.0345859990062,-0.0477276596127,-0.2205807738082,-0.2124625418715,-0.1639565109270,-0.0109811019022,0.1320086003147,0.1146339450420,0.3230054470226,0.1279275689453,-0.1275863424340,-0.1186669376887,-0.3419858056572,0.2899712953958,-0.0096977534574,0.3652414768509,0.2488281368558,0.3556376737771,0.4457275139962,0.3975420418770,0.4542645949152,0.5987214343355,0.0764956959314,0.3559173904710,0.1293269991629,0.3056933174442,0.2563735205777,0.2425359400298,0.2418017172947,0.0691921332348,-0.1859611393714,-0.0619890085464,-0.0700984133800,0.2723416860127,-0.0817083488329,-0.0041483093332,-0.0975449175209,-0.1076401085398,-0.3892691860481,0.0348521771840,0.3197344180240,0.0684756851191,-0.0705908596254,-0.1040740854773,0.2408257728902,0.0084755926512,-0.0636550479340
-0.1243889385821,-0.1520882359723,-0.0339520411117,-0.1438579557891,-0.0925932700563,-0.0115012283655,-0.0505473190015,0.1772611290076,-0.0323287843629,0.6131153113511,0.4416527465723,0.5888782773424,0.3200884629842,0.2960730616935,-0.0904895027426,-0.0213191077653,0.3315882413997,0.3130599039875,-0.0981920612411,0.1042012904484,0.5155479273717,1.0000000000000,0.6480336670625,0.3679987093043,-0.0570611599499,0.1562330927755,0.4151214497153,0.3113136078751,0.5526570620270,0.1558620424490,0.2125381211556,0.1330890229355,0.4339936164460,0.1034497864962,-0.0100350306813,-0.3413560815336,0.3638417628658,-0.0322168655845,-0.1202851368366,0.0151792735781,0.3946246773760,0.3664207821814,-0.1420972007899,-0.1002777922885,0.0300919301720,0.4391539375651,0.3179087018077,-0.1328228138103,0.2530700040582,0.4937863871413,-0.2294110284450,-0.2237938699162,-0.3784660329689,-0.1485544117477,-0.1029938856511,-0.4097159665826,-0.0912259603490,-0.0992030890566,0.0255862288769,-0.0103527540035,0.3943955966197,0.3362450479284,0.2749656720682,-0.0182245687394,-0.1154401313532,-0.4308922846531,-0.1684469472864,-0.0001139656559,-0.0201563437571,0.0690866991389,0.2155741849156,0.7050039248388,0.2699512613248,0.2851560954186,0.1925737133925,0.0010241036746,0.2450245964952,0.1212292973873,0.5028376139011,-0.0107869987536,0.0479212448584,0.1113261064262,0.0393167053212,-0.4211469985195,-0.2071340229484,0.0609452348481,0.0952799200970,-0.2769770140177,-0.2872448831675,-0.2234287482268,-0.1905459706464,-0.1592396925954,-0.0545340690289,0.3248633553203,-0.0190665670237,-0.1576817439061,0.1871727895078,0.4295041102405,0.2166602152355,-0.1095780773094
-0.1852863629706,-0.3785065013988,-0.1076437548787,-0.2300701758132,-0.2119233510632,-0.2383807391387,-0.1478060571454,-0.0671600126449,-0.2544467879340,0.3451127732081,0.3214801583268,0.6684592161984,0.1367535502634,0.1765719619848,-0.3097259935688,-0.0278063113129,0.2090141242356,0.1888458147052,-0.2064790748160,-0.0571653718673,0.5648909695517,0.6480336670625,1.0000000000000,0.3136662724131,-0.1301855837513,0.2299414527916,0.5832068079014,0.1283287540530,0.3934956232788,0.1056879538056,0.2735235247216,0.3270873680819,0.4635898781560,0.1982660410814,0.1316851472751,-0.3130045735186,0.4699981195519,-0.0976100397265,-0.0403667391019,0.0583578017105,0.1885067787455,0.3142892336991,0.1322716008403,-0.2505581651185,0.0184797310556,0.5152191714373,0.3406857461350,-0.0621856872593,0.2167260690485,0.4832490440538,-0.3042861843879,-0.2713432629662,-0.3278613563435,-0.2334220047629,-0.3200833601218,-0.5047421657309,-0.3122644274069,-0.3554332208959,-0.1458973465112,-0.2143490926990,0.0412809876334,0.3280358930176,0.2378658996835,-0.1949727804999,-0.1981521110426,-0.3034060369424,-0.2545596021018,-0.1888001369650,-0.1693420060998,-0.0711038332920,0.2456306955196,0.7840761361065,0.1383026782954,0.1666394410244,0.2936526888933,0.0731480138084,0.4498471570557,-0.0167514497690,0.4755321504557,-0.1074064753853,0.1730736075222,0.1641507712092,0.0311113559196,-0.2968552072075,-0.1838438146154,0.1739322180502,0.2409389674391,-0.2535747883695,-0.0626577268832,-0.1991591420816,-0.1701427814418,-0.1277071463142,-0.1629565981222,0.2677223662008,-0.1994095597967,-0.1542556478963,0.0102422776491,0.0371060793637,0.1826102950785,-0.0686243233942
0.1701689135460,-0.0338636385580,0.2338303463083,0.2692634510173,0.3189585691119,0.4700884751731,0.4710641392879,0.5111742096991,0.3020634235075,0.4825625837621,0.5531905569193,0.3619526200590,0.5734459544486,0.4665847598643,0.1465160630908,0.5305823806547,0.7008479548423,0.7026671827034,0.0609356377043,0.4175023993581,0.5608821145903,0.3679987093043,0.3136662724131,1.0000000000000,0.0333152907113,0.0127898237864,0.6339755957703,0.2732930459271,0.0961836272511,0.0692066881656,0.5239790298456,-0.1144170524411,0.5134579503733,-0.1317719974829,0.1809113323898,-0.1217065087407,0.6098932901794,0.2131624190207,0.0484300680717,-0.0405834084691,0.2334372112058,0.3511471485362,-0.0208920707524,-0.2729613421546,-0.0406202014953,-0.0572944554842,0.0660612315772,0.2080444568313,0.4817448835194,0.3712462526016,0.0981720535075,-0.0652171061602,-0.0998093156753,0.2857092567294,0.4078392422206,0.0540766208156,0.1160840864900,0.1462881505017,0.2873353151891,0.4832954414743,0.2004357980066,0.5592009115164,0.0812700032763,0.1251547536712,-0.0280246592928,-0.2746847493543,0.2307632461905,0.4605268488430,0.4003297120726,0.4583252902442,0.1964382366163,0.1423893617209,0.7871665814926,0.5784873465249,0.1635018516066,-0.2744564868505,0.3281094974331,-0.0514613905504,0.0420440922976,0.4156618970438,-0.1808290889749,-0.0276802891490,-0.1059049302975,-0.3352808934639,-0.4107481789454,-0.2793670917291,0.3550151830200,0.0099678723998,-0.1930305651180,-0.1743539224758,0.0644047180480,-0.2043662862570,-0.1327779955076,0.0302172197592,-0.2258493250265,0.2778607777305,0.1030878724842,0.3432910175783,0.2928382040951,-0.0619193848202
