1.0000000000000,0.4405815174381,0.5094925009161,0.5236495199089,0.7416514817323,0.5434155861376,0.4968854964631,0.2364565311815,0.2801474335944,0.3200997793758,0.4069919804168,0.5002161710804,0.1937296344411,0.4690854048817,0.5853790661089,0.2216349122916,0.1064960381990,0.0227482251594,0.3193483792117,0.1548573303816,0.3856391188838,0.1989100245381,0.4296928244341,0.2565240775383,0.0617941146418,0.3861527116053,0.3113195296270,0.0215674159655,-0.0477342070499,0.1456142975805,0.1502352245182,0.2975552531392,0.1574680327503,0.3198420974078,0.2836364242365,0.3811949215603,0.2128744229689,0.2426768597557,0.2733500214054,0.1856881156913,0.4175362505860,0.5490253262962,0.4165150012602,0.2158335277505,0.1877417731193,0.3740026732775,0.1506036510410,0.3500735988082,0.1591996664427,0.5062607284891,0.6919915181069,0.3049103350935,0.1974898440393,0.4488202583330,0.3759189117178,0.3976783287102,-0.0926286080173,-0.0070548239396,0.1912809658846,0.3308587513835,-0.2064961593643,0.2421694409726,0.0929227047486,-0.1910448751182,0.2496145105410,0.1295703826057,0.2682424250245,0.0436817603704,0.3400104002918,-0.0353152665506,-0.0519714667986,-0.0041576655359,0.1581847135344,0.1503014852962,-0.2902341051415,-0.3333153030401,0.0950258716711,-0.1664992563526,-0.2046352497663,-0.0249835183945,-0.3236542733100,-0.1544481112851,-0.2842974778989,-0.0183720557962,-0.1786460238445,-0.1114383309296,0.2398630468379,0.3594655279052,-0.1245238961360,-0.0911552277724,0.2546935555911,-0.0381977442513,0.0954743651374,0.1460316601403,-0.1148369042530,0.3173803450106,-0.0162607104727,-0.2558495983656,0.0772570787652,-0.1245178911724
0.4405815174381,1.0000000000000,0.6438297862629,0.6317223779557,0.4158113792487,0.4629305099940,0.5741927180040,0.2005510250211,0.0895976010288,0.2900026595991,0.1709667164536,0.1156196363831,0.0259612370237,0.4801757351097,0.4908606954324,0.2184090322961,-0.0400025856501,-0.0436623728383,0.2386470794681,0.1199390858748,0.0837518630364,0.2563020754400,0.1382867367764,0.1181057071971,0.1110912759772,0.1003707027596,0.1442127879757,0.4231363551677,0.3484369628849,0.5247637796895,0.1579908319394,0.1586522846707,0.0495560787973,0.1682681385041,0.1701464189025,0.1833727298083,0.0451983803727,0.1241775740176,0.1257986745252,0.1285097556286,0.4785486104798,0.3621739549245,0.3016517402949,0.2607197227000,0.2945761757298,0.2550430190810,0.1678144909834,0.1810091802764,0.4761864468745,0.3508239683585,0.4565139338824,0.6561014242923,0.4487098948487,0.4826308049663,0.3967244247500,0.4495458572914,-0.2793789537512,0.0307532451410,0.1634984546155,0.2689917623342,-0.3517923439583,0.0118535064595,-0.1944434135273,-0.2836836185141,0.3790433253471,-0.0803724266169,0.2146452626777,-0.1475965686190,0.2983405481961,-0.1047974969101,-0.3901852577126,-0.2201465703627,-0.0062888373493,0.1102915611758,-0.2899214346802,-0.4073285862585,-0.1485018160077,0.2065880433452,0.2290770308303,-0.0324549938096,-0.4100938949027,-0.3987294600503,0.0975439210426,-0.0591427580587,-0.1771167102931,-0.2505016486388,0.0792473900443,0.1836026327273,-0.3739834739080,-0.0555837624771,0.0705653127933,-0.0294801065821,0.0901300045596,0.0372832376049,-0.2781744989453,0.1967335742516,0.3770731392886,0.0262669045463,-0.0774369790432,-0.3929260618650
0.5094925009161,0.6438297862629,1.0000000000000,0.5688501832214,0.3834783309389,0.5896370962239,0.5010816387347,0.1722083246145,-0.0309699460971,0.3374403592342,0.1318203527903,0.1353396841969,-0.0038342345773,0.4772533015876,0.3604128374374,0.3744365829692,-0.0401433539677,-0.1512378466531,0.2927256266613,0.2829560690959,0.1809201290797,0.1691309817882,0.1879181349088,0.0397200610416,0.3330584826558,0.3254931544514,0.2505556780227,0.3024119466363,0.2809533633201,0.4918740123613,0.2776418035694,0.4137597387638,0.1759988664497,0.2677180359132,0.2915552865713,0.3587842727204,0.1333069231492,0.2731494542590,0.3042625787365,0.2393351312185,0.4601561517101,0.4857028143506,0.4979212499214,0.4192308083223,0.5019716778786,0.4543199040312,0.2735031685828,0.2732386793424,0.3022657946888,0.3800611905153,0.4236367049722,0.7677147402007,0.2883286537524,0.8739092139668,0.2959063693343,0.3570653503992,-0.3270172487542,0.0968595965437,0.1395028303712,0.2942427113246,-0.3023932979777,-0.0653174332508,-0.2347635689577,-0.3807787003553,0.1564571212980,-0.1710279718577,0.2888884062165,-0.2445475511287,0.3723177255077,-0.1117784170111,-0.4303686243209,-0.2539620250726,-0.1625845262290,0.2588433853586,-0.2863664725920,-0.3764724070812,-0.2015420846052,0.1334351662123,0.1336259033576,-0.0452204736384,-0.2900262165725,-0.3468338426893,0.0563132554536,0.0317848170210,-0.1023743800283,-0.1458127724891,0.1198826043905,0.2750483752195,-0.3975644623684,-0.0971471008606,0.0938265719150,-0.0175675212451,0.1572146270504,0.0940672108708,-0.1096121511220,0.2400902763737,0.1378872372349,-0.1495365320936,-0.0017778742215,-0.4320902060479
0.5236495199089,0.6317223779557,0.5688501832214,1.0000000000000,0.6129861656255,0.7852983386707,0.8750108167216,0.5600659495835,0.5065023714648,0.5782694399957,0.5175419050079,0.5729896542381,0.3606973949531,0.5240736369073,0.8160658844775,0.6333125765376,0.3578389599416,0.0809113661628,0.7308200515972,0.5407944618117,0.5679563686801,0.4227989424268,0.5035850583858,0.4341096454015,0.2915404298042,0.5008210195495,0.5407352911229,0.1836060313661,0.2289283875026,0.4387425551634,0.5644989142353,0.5218601920675,0.4769481730439,0.3013778381181,0.4860906240123,0.4699480108100,0.2821464232282,0.5728581242407,0.3225540995470,0.1729195687705,0.6243392858519,0.4930426292230,0.7483310882686,0.4973179591049,0.4843126171298,0.2694467146696,0.1664683046088,0.3323125460942,0.4095127304055,0.7357937814093,0.5313145445234,0.3467271392587,0.7380962781125,0.5157896173478,0.6665003952813,0.7442396690483,-0.1986795543691,0.0101408864690,0.4829600799842,0.5555205068677,-0.4072292216653,0.3283896207705,-0.1196601671447,-0.2610078336823,0.1791656754310,0.2493610849596,0.6399101803578,0.1002695113237,0.6079719866559,0.1534666337521,-0.1778686101977,-0.0405812001583,0.2827357935707,0.3926232636776,-0.1088211080841,-0.4249224422767,0.1376902018479,-0.1035423192158,-0.0126428994587,0.2402023357938,-0.4456787380938,-0.1810689163635,-0.3032675164383,0.2252895353468,-0.3116125410548,-0.4377075456256,0.3405513493439,0.4441548532543,-0.0330895443878,0.1526970120464,0.2409083456544,-0.1369147806194,0.3157529146310,0.3065549006075,-0.2694787453397,0.3133123304188,0.1076235505562,-0.1357002360704,-0.0721714308064,-0.2369664072486
0.7416514817323,0.4158113792487,0.3834783309389,0.6129861656255,1.0000000000000,0.6538834942270,0.6551043620676,0.3374382107470,0.4084432262179,0.5262267593446,0.5213571386429,0.6143411279976,0.3583519782530,0.4699495940201,0.7106105510471,0.2610570827178,0.1972076031619,0.1007493188967,0.3551154985721,0.2103842994901,0.4741436676726,0.3617594653628,0.4771885118674,0.2584744130749,0.1113197677195,0.3605357294470,0.3581508593398,0.1300142806735,0.1272068118990,0.2514907309434,0.2038698262661,0.2839490045921,0.2381324508630,0.3037984713982,0.2693023545981,0.2972678810950,0.1010833934051,0.3087135509178,0.2369077544309,0.1911272765528,0.5357486721793,0.5339585685136,0.4249031200020,0.2435812238664,0.2510546751679,0.2786638795466,0.0918413534060,0.3640522501270,0.3449576325549,0.6250944099959,0.8168736765942,0.2106083041527,0.3487211436382,0.3968946930739,0.6981794410840,0.4859063746650,-0.0457431843896,0.0814559000457,0.3244020624807,0.4724342671844,-0.0753505318656,0.4898122948715,0.2002210101657,-0.1028194473082,0.3926464252844,0.2414317258350,0.2746010442824,0.1511134052988,0.3572541240836,0.0141935795236,0.0209450974982,0.0241882640293,0.1941631563728,0.2547341563876,-0.3302417964827,-0.3414814298678,0.1413347158548,-0.1307496676990,-0.0053190403970,0.0339789220649,-0.3794855551014,-0.1151706466706,-0.2239067250509,-0.0891020658366,-0.1778530538155,-0.1888454532016,0.1670946458047,0.3196880853159,-0.1077193765338,-0.0017641990308,0.2700494515229,-0.0787847597776,0.1885543970967,0.0738101187441,-0.1665532185701,0.3134031284964,0.2561298863264,-0.0371768601450,0.0631179714361,-0.1198565101652
0.5434155861376,0.4629305099940,0.5896370962239,0.7852983386707,0.6538834942270,1.0000000000000,0.7312233026088,0.5213446158278,0.4466348663646,0.5764914675032,0.6216280471779,0.6209561671694,0.3416467844437,0.4544745012979,0.7226367634609,0.5344041183370,0.3707276541224,0.2003616161703,0.6047290611714,0.4330961024108,0.5333806688078,0.4208461751984,0.5133072913379,0.4656843616726,0.1776421082921,0.3816042346909,0.4852847433323,0.1964325345713,0.2070024684660,0.3764217816392,0.5368417042078,0.5134675869672,0.3758451488453,0.2541030184864,0.3987399265322,0.3462217701463,0.3880144971335,0.4910302152551,0.4106701514442,0.2782231831739,0.6012460018376,0.5155856047857,0.6587715987736,0.4100715880620,0.4507014870773,0.2691251172556,0.1634067164429,0.4934860647461,0.4420584139216,0.7100244023976,0.5257579298703,0.3264784087858,0.5007425135793,0.6057125314234,0.7160699718156,0.4818911434184,-0.2187270603053,-0.0658980240374,0.4651609495214,0.4429960813027,-0.3205461373432,0.3612588976487,-0.0612272695325,-0.2356994107835,0.1501038381372,0.2453803816783,0.4438661187043,0.1088622101085,0.4819703593345,-0.0143513771701,-0.1818261172873,0.0227995114099,0.3274710205893,0.2839327491573,-0.2200358538906,-0.5085465312980,0.1264457579525,-0.0574786518768,-0.0113156435027,0.2250580868431,-0.4674711307764,-0.1940470048743,-0.2460798468601,0.1045664802640,-0.3477667299866,-0.4059456662918,0.4004287076773,0.3397898163158,-0.1628206535566,0.0541655540828,0.3142169046835,0.0053259323955,0.2204759917313,0.2596472616530,-0.2999134275252,0.4387896995463,0.1784722652445,-0.1195638065360,0.0635273360326,-0.2043341410980
0.4968854964631,0.5741927180040,0.5010816387347,0.8750108167216,0.6551043620676,0.7312233026088,1.0000000000000,0.5452816552984,0.4947473281981,0.5538290050521,0.4367071573489,0.4503972370176,0.3785548037710,0.4768048127361,0.7442852525205,0.5482636853800,0.2895703393299,0.0720469032636,0.6277084595162,0.4028618854804,0.4980054194059,0.3599722984931,0.3509099928067,0.3491718133392,0.3215689897049,0.4126413634041,0.4209964145683,0.2058607177332,0.1862652666247,0.3731706656364,0.4414003843883,0.3819146625149,0.3726697288858,0.2992357441686,0.4767562012279,0.4904256948863,0.2327579358237,0.4814871843893,0.3523240302722,0.1367451399586,0.5481846133130,0.4809786585428,0.6409991529990,0.4309939976374,0.4131171487248,0.2299763353908,0.1186660603992,0.3025950228063,0.4352726672560,0.6655565147775,0.5795049793917,0.3207301565328,0.7137721725502,0.4742907012567,0.7605352161314,0.7904623470918,-0.1498964582822,0.0920484349560,0.4328692132468,0.5790172711414,-0.2351436607533,0.3015334345917,-0.0814923816679,-0.1259915877435,0.3325181474352,0.2858619441199,0.6006894883022,0.1428341439920,0.5714288296032,0.1047910918958,-0.1775462192826,-0.1012423414441,0.2465108429134,0.3921746291989,-0.1129875159657,-0.3526787879524,0.1406931624477,-0.1073604285553,0.0346418793308,0.1864317463963,-0.3838693121638,-0.1551779722322,-0.1577634147341,0.1835766361510,-0.2632065215955,-0.3112794506139,0.2822111866827,0.4699474565933,-0.0202718486278,0.1428246219688,0.2977577299252,-0.0791423645314,0.3323967382716,0.2241432829886,-0.2419130495185,0.3164644201290,0.2051333963789,-0.0924207521726,0.0439969866652,-0.2216209620416
0.2364565311815,0.2005510250211,0.1722083246145,0.5600659495835,0.3374382107470,0.5213446158278,0.5452816552984,1.0000000000000,0.6459074581216,0.4732989034937,0.4560039827897,0.4984259291731,0.6021884194445,0.1217309703428,0.5066075874516,0.4185993621688,0.3608791753152,0.3131034760722,0.7564599983685,0.5541100577661,0.5697203765794,0.3781191450641,0.3382305267618,0.4563284703679,0.4962090001209,0.3519468790088,0.4529078006878,0.2571482182595,0.1157240805297,0.2580630218171,0.3160725842602,0.4147896875192,0.3606824987760,0.2665522434713,0.2760396665222,0.2124056932018,0.2126166198564,0.5973231384431,0.2550326968878,0.2613507943158,0.4744525989828,0.3702638155988,0.5441511064783,0.5518459809099,0.5377714810975,0.2446526962993,0.1962283904788,0.1510498225200,0.2429098085359,0.5438991095716,0.2303150806638,-0.0042698195061,0.3964255300581,0.1633323856500,0.4188347787868,0.4061200179720,0.2627574795479,0.2799753454822,0.6792079930273,0.6225460687352,-0.1350289286061,0.3433972687150,0.0631040180753,0.0727764093483,-0.0028081451133,0.0764626261150,0.4295869725424,0.2956678576094,0.6473291405627,0.2246141163997,0.0449031676472,0.0415886760545,0.3915315588013,0.5110097794787,0.0250642204040,-0.1336353796349,0.1749280130686,0.0098451640124,-0.0113428297645,0.1785564518119,-0.3410880927258,-0.0527436261064,-0.2018621319960,0.0538953347129,-0.0923640515990,-0.3418533320331,0.2498343938294,0.3063217617150,0.0512154036433,0.3703449457309,0.2353992576863,0.1204472480879,0.4330719908857,0.3740515691116,-0.0735379381415,0.2026841803175,0.0408598268356,0.0197348033802,0.0360904442235,-0.0891332905479
0.2801474335944,0.0895976010288,-0.0309699460971,0.5065023714648,0.4084432262179,0.4466348663646,0.4947473281981,0.6459074581216,1.0000000000000,0.3343790004952,0.6042337161226,0.6160396029261,0.6045817735238,0.1402644766629,0.5864596668187,0.4697298454253,0.5603608118876,0.4926955069954,0.7061066753809,0.4848915616859,0.6745601314357,0.3158456872566,0.4512865844540,0.7084371507519,0.2131126098078,0.3384686560309,0.4849819814601,-0.1130584042756,-0.0925866199512,-0.0576503905144,0.4194644142710,0.2751584376880,0.4150129916518,0.0817472030799,0.3639697167695,0.3707967909091,0.4166445645140,0.5110287253509,0.2444085087944,-0.0597948584851,0.2562650980950,0.2647079624156,0.4198116726420,0.2508656414300,0.1328153863600,-0.0182982564519,-0.0934290838321,0.1303663382786,0.0867685081312,0.5292138803638,0.2597417679904,-0.1909465521544,0.4511260819480,-0.0178050823189,0.4282668456538,0.4372343308569,0.2571159439813,0.0676777034983,0.6510136898548,0.5780727728870,-0.0333608186143,0.5466174300640,0.1828794747492,0.2408331179563,0.0635719299843,0.3100990159570,0.5326907042809,0.6155398346238,0.4615724224909,0.3553812909032,0.3950983437648,0.2240693078095,0.7613211658734,0.3176847984478,0.1203824794768,-0.1049670389462,0.3777251676499,-0.3409696954651,-0.1829912521572,0.4418453303575,-0.2937598323277,0.2031835900731,-0.4712789647832,0.1603524563712,-0.2511684867098,-0.3850744971000,0.4871710685357,0.4003670750292,0.2764763339197,0.2674033826191,0.2962793179324,-0.1381742655742,0.1870534781818,0.2304776796131,-0.2373531395188,0.2034147726147,-0.1034154394218,-0.1530581739020,0.0609882980216,0.1828437448597
0.3200997793758,0.2900026595991,0.3374403592342,0.5782694399957,0.5262267593446,0.5764914675032,0.5538290050521,0.4732989034937,0.3343790004952,1.0000000000000,0.3993493554525,0.5938732594770,0.4315463034974,0.3438290749258,0.6594294532431,0.3629509666625,0.3274756900701,0.0759781604088,0.4849430373450,0.3771646934840,0.5183641158713,0.6434334788962,0.5887769879047,0.3174003400816,0.2919094428462,0.4940081870274,0.3827982847820,0.0829003494463,0.2561760686266,0.3243228886413,0.3687191386710,0.5660101299336,0.5025121018187,0.4407611037199,0.2658794877888,0.3131922629850,0.0767872281691,0.4459910330664,0.1593781874298,0.2120288889550,0.6105919972985,0.5459626120407,0.5183801872126,0.3588604486737,0.4303763703287,0.3916416506051,0.3405240545324,0.1276822749334,0.3981311386016,0.7555377383058,0.3011758609918,0.1291676992679,0.2652032983320,0.2581980239110,0.4293889144185,0.3080895210970,0.0326947952077,0.2642755115402,0.3830017265370,0.5725463348706,0.1488759346423,0.3055938283531,0.2471736509915,-0.1817269753873,0.1240364701732,0.0581583767535,0.3135000643532,0.1422059970911,0.3945917645220,0.2073001147715,-0.0840759336546,0.2567096527683,0.1524476172931,0.4836153957984,-0.1795375615713,-0.3090383981918,0.1622668134124,-0.2002406720252,0.0593791788761,0.0947541488857,-0.1577143727348,0.0134333782113,-0.1271096726211,-0.0208400843612,-0.0946135559696,-0.0708294965560,0.2149908317165,0.2736501964059,-0.1485086782828,0.0747280174621,0.1484267040200,-0.0789227334979,0.3261400184386,0.1207166936896,-0.0022885318940,0.1068640523062,0.1507109225703,0.1041491353807,0.1417855895113,-0.1350353353308
0.4069919804168,0.1709667164536,0.1318203527903,0.5175419050079,0.5213571386429,0.6216280471779,0.4367071573489,0.4560039827897,0.6042337161226,0.3993493554525,1.0000000000000,0.7821209909711,0.5482984932256,0.2914738469591,0.5979514343850,0.3713453110085,0.5421534343437,0.3590574384804,0.4973475120320,0.3960904722493,0.5997970884038,0.3128264136322,0.5719527201377,0.5726073595676,-0.0274600634388,0.3890738380705,0.6101267341209,0.0555772333066,0.0571808696470,0.2488620425463,0.5102200771951,0.4250731751336,0.4264033100481,0.1719823367192,0.2870447882127,0.1663147180460,0.4147238203758,0.4740811910090,0.2631964120123,0.0792386155600,0.4913665433509,0.4764851279054,0.5342158882415,0.1924940713707,0.2825591804825,0.1350767751081,0.0799873169367,0.4007794836542,0.2748367816954,0.6823410459967,0.3577926692499,-0.1206726486165,0.2570387469087,0.1229414467585,0.5161413215753,0.2631838259930,0.0619654300665,-0.1155771509306,0.4809046734634,0.3391057830150,-0.2008374625880,0.7568824894500,0.1908267570818,-0.0123164106077,-0.0630981217344,0.2573000599890,0.2854173741577,0.4172400387464,0.2282150870010,0.1297868280482,0.2148788629417,0.1221157045641,0.5103033920196,0.2465859986422,-0.1665785898296,-0.3821805821594,0.3656509927252,-0.1014616935003,-0.0500718446184,0.3226177290919,-0.3438956671062,0.0953099503413,-0.2975671858080,0.0622164639514,-0.2490014292198,-0.3572008466880,0.4595361269130,0.2112887028343,0.0902072024648,0.0323443729700,0.3272480583689,-0.1626408251916,0.0772297949327,0.2373516279940,-0.1403615584282,0.3545236042625,0.0301500551472,-0.0032462991150,0.1712517205659,-0.0198853069058
0.5002161710804,0.1156196363831,0.1353396841969,0.5729896542381,0.6143411279976,0.6209561671694,0.4503972370176,0.4984259291731,0.6160396029261,0.5938732594770,0.7821209909711,1.0000000000000,0.5570333280754,0.3169488632652,0.7265582149382,0.3790978750915,0.5120779090906,0.3778809458022,0.5768134971586,0.4024261800747,0.7353410479126,0.4384399009790,0.8304959870254,0.5731830976396,0.0142700562810,0.4746686834888,0.5280955210387,-0.0862029876431,0.1236318119208,0.1360790223428,0.4411325002637,0.4649109531416,0.5082175419257,0.1914722599793,0.3244182869143,0.2835330990194,0.2719414062444,0.4187146652416,0.2230950975177,0.0101507402326,0.5036336807894,0.4752047890355,0.4925708926065,0.1539828739368,0.2081163505992,0.1804953058787,0.0850406557498,0.3116858644084,0.1121853984951,0.7184206324630,0.4112591030922,-0.0983179809854,0.2467888324048,0.1653162072148,0.4678111324525,0.2709517792055,0.1513354468844,0.0224185294153,0.4960710932062,0.4529322860552,-0.1009704906159,0.7208163066633,0.4486678994117,-0.0134633971650,-0.0298206369138,0.2561419667343,0.3581289156060,0.4649389210312,0.3137498738124,0.1987235010904,0.3452170343460,0.3548947415246,0.5187107132620,0.2497653099912,-0.1451649272813,-0.2937839837334,0.3101550978502,-0.2918805868467,-0.0729399807321,0.3315350775158,-0.2950944402341,0.1162941318450,-0.4927376946207,-0.0187197025692,-0.2714325229364,-0.3705005088631,0.3826242151087,0.3045441071548,0.0923786639397,-0.0185810625193,0.2851439276426,-0.2615622502496,0.0578045577543,0.1619242464831,-0.1367103529748,0.2394081805520,-0.0812786158447,-0.0350986571826,-0.0001253104457,0.1382115295960
0.1937296344411,0.0259612370237,-0.0038342345773,0.3606973949531,0.3583519782530,0.3416467844437,0.3785548037710,0.6021884194445,0.6045817735238,0.4315463034974,0.5482984932256,0.5570333280754,1.0000000000000,-0.0301110427588,0.4770432953598,0.2394440451434,0.6159903614222,0.3193868771705,0.4268752717990,0.3430858663930,0.6539611944568,0.3149445725641,0.3393918961724,0.3630323484892,0.2685084206120,0.4328113472338,0.4328873181597,-0.0390161104864,-0.1087887085140,-0.0480690068686,0.2761943923522,0.4497429962032,0.4521497609768,0.2491933443712,0.1308066348702,0.1545608239424,0.1290124125197,0.5707135993855,0.2089123089252,0.0428759169289,0.3311301397056,0.3350592059624,0.3893368267201,0.3773693240585,0.2413677284903,0.0950636542510,0.1634912431012,0.1295786488128,0.0833086664476,0.5689705409866,0.1676494012235,-0.1820322586283,0.3156928963816,0.0196275170118,0.4020859387962,0.2870364654656,0.3157516787184,0.1396204796720,0.4093556254026,0.4582286294673,0.1082169754698,0.5527571319825,0.3395597053376,0.5452677170545,-0.1324930538414,0.2345360348569,0.2684661580332,0.5502429313501,0.3106106024907,0.0915259079192,0.3149967054500,0.1109775394581,0.3841866055758,0.3525458763057,-0.0639783311235,0.0828419967131,0.2875875527688,-0.2038297372055,-0.1534958602167,0.1602621400069,-0.0661549094655,0.3202435948350,-0.3293773075226,-0.0115019949650,-0.0810405668361,-0.2023566628071,0.1526832094939,0.1824731142344,0.1894618971973,0.2762866474729,0.2526951036147,-0.0262183047860,0.3816673485276,0.2307005387863,0.1190700201367,0.1523838560848,-0.1312053202642,0.0164540531051,0.1007641894681,0.0610206249593
0.4690854048817,0.4801757351097,0.4772533015876,0.5240736369073,0.4699495940201,0.4544745012979,0.4768048127361,0.1217309703428,0.1402644766629,0.3438290749258,0.2914738469591,0.3169488632652,-0.0301110427588,1.0000000000000,0.5823629888211,0.5759087320715,0.2277947915404,-0.0492296961492,0.3791462543003,0.2714478782628,0.4400912849268,0.3477933912228,0.3587740697535,0.2746014907564,-0.0409431226495,0.3897061363574,0.2267388846496,0.2149802637742,0.2479887498125,0.4442742745589,0.4741823777244,0.2872452809316,0.4079406098106,0.2068006752518,0.5888288455331,0.5066446572494,0.1763969698418,0.1998779236838,0.1602959002351,-0.1517363288057,0.4225655683338,0.3151587772565,0.4339340725127,-0.0164408025443,0.1724333236361,0.1984281346992,0.0573039700468,0.2258430031236,0.4875357637923,0.4336249019034,0.3607123743167,0.3731265873700,0.2408295114515,0.3362982191876,0.3043252354622,0.3747885213309,-0.2579592089370,0.0901021211875,0.2444997087441,0.2925963893290,-0.3249470637023,0.1446551931646,-0.1041937288735,-0.4458274417835,0.3328565586069,-0.0167758032541,0.4203244181636,0.0647780606758,0.3318360193706,0.1143780765599,-0.0220967866568,-0.0420652338449,0.1227355501507,0.1558330111518,-0.0572615797726,-0.3589825190141,-0.1435400201182,-0.0408361744365,0.1323668421176,0.2800483651328,-0.1523452248474,-0.1830219710750,-0.0755299819463,0.1272733005996,-0.2603433914801,-0.0308153815714,0.3255116078114,0.4556341155388,-0.1677967975092,-0.1148282998048,0.0810906834623,-0.3963895558881,-0.0925040754397,-0.0090177303227,-0.2731891178898,0.2147502598586,0.3125885146248,-0.1348310589052,-0.1133343947515,-0.3382431722401
0.5853790661089,0.4908606954324,0.3604128374374,0.8160658844775,0.7106105510471,0.7226367634609,0.7442852525205,0.5066075874516,0.5864596668187,0.6594294532431,0.5979514343850,0.7265582149382,0.4770432953598,0.5823629888211,1.0000000000000,0.5187132492088,0.4688324292701,0.2391043526360,0.6581283388055,0.3757655411850,0.7421320042678,0.5216814141358,0.5975245697315,0.5442229021120,0.0630464729874,0.4994301135451,0.3929992331197,0.0817026189417,0.1580844575311,0.2604577144928,0.4751771705073,0.4334722306037,0.4472515403107,0.2258666135648,0.4346866662245,0.5045450735368,0.2312160717941,0.4642322148241,0.3543398651340,0.0150680412272,0.5644129164484,0.4857064201235,0.5998322807083,0.2601708650801,0.2333292021337,0.1497994771919,0.0068412596740,0.3487990811450,0.3935392851686,0.8068615266995,0.4974765448627,0.1998357426636,0.5157212876129,0.2960381227485,0.6330181827955,0.5466475285618,-0.0920291258056,0.0671816350084,0.5087651181800,0.5691186585345,-0.2022500594723,0.4772962910553,0.1396593097306,-0.1302383225250,0.3282170252583,0.3742542983611,0.5351166087575,0.3245523484955,0.5071914180113,0.1388091478152,0.1116564146378,0.1174518278029,0.4359732725980,0.2833543966657,-0.1729394083932,-0.3591578554267,0.1085203229839,-0.2608835353262,-0.0366666497726,0.2918282599334,-0.3815788787763,-0.0632084416902,-0.3473142713049,0.0711798646779,-0.3321402304912,-0.3518582776959,0.3640712383214,0.4917117340892,0.0053623821446,0.0974649275801,0.3803618971550,-0.2334341145222,0.2310225278092,0.1365425538067,-0.3020005351663,0.3642368316315,0.1471050870465,-0.0873042891686,-0.0394902152200,-0.0828256638563
0.2216349122916,0.2184090322961,0.3744365829692,0.6333125765376,0.2610570827178,0.5344041183370,0.5482636853800,0.4185993621688,0.4697298454253,0.3629509666625,0.3713453110085,0.3790978750915,0.2394440451434,0.5759087320715,0.5187132492088,1.0000000000000,0.5340484921503,0.1494394049987,0.6943824993937,0.7251925577076,0.6135704082911,0.3264433615281,0.4108386822591,0.5261071669436,0.3122586134548,0.6008532536031,0.5344961699601,-0.0022581818431,0.0348800981715,0.2432953880576,0.8258676713169,0.5409667386508,0.6683182644319,0.2755574816160,0.8264683998858,0.6248465164518,0.5373490059095,0.6195912052619,0.3296566240293,-0.0916597787831,0.3156437354984,0.2406817331332,0.6845691249691,0.2844361970380,0.3678737117330,0.1728290813722,0.0924780747803,0.1725938779356,0.2250886648047,0.4964363966141,0.0861974154870,0.0579941557267,0.4999588926458,0.3268618519986,0.3439277744901,0.5139619780236,-0.1186412268624,-0.0174961417438,0.4377061161450,0.3418705903925,-0.3132420917111,0.1316020695431,-0.2527190971704,-0.2353451174832,0.0182667396089,0.1534218387093,0.7869243642640,0.2943921946207,0.4482986152110,0.4001260348684,0.0579009643773,0.0832354821115,0.3773570019513,0.4094434668455,0.3612360569989,-0.1405259617598,0.1367259467946,-0.2426173155349,-0.1030770277790,0.6557416091760,-0.0366745916777,0.1165243500133,-0.3103705395834,0.5649654005567,-0.2247076814638,-0.1282510087675,0.6069273971222,0.6458636203755,0.1850337267531,0.2229127860660,0.1382863613498,-0.3391019611162,0.1368708249854,0.2510093912459,-0.1638928332957,0.1946866530121,-0.1056449440058,-0.2940632296013,0.0019001404112,-0.1042549052875
0.1064960381990,-0.0400025856501,-0.0401433539677,0.3578389599416,0.1972076031619,0.3707276541224,0.2895703393299,0.3608791753152,0.5603608118876,0.3274756900701,0.5421534343437,0.5120779090906,0.6159903614222,0.2277947915404,0.4688324292701,0.5340484921503,1.0000000000000,0.5347288780932,0.4760214123570,0.4981782298548,0.6959488851395,0.3108288515049,0.4661005929287,0.6406680580354,0.0086461005360,0.5269776813579,0.5436829692236,-0.2390208960333,-0.2089630671279,-0.0989390586824,0.6907646260890,0.5057785541680,0.6807401456545,0.1383301116561,0.3691125810702,0.2797487048223,0.4348564801715,0.5751035009242,0.2269056424486,-0.0854313161768,0.1604674845209,0.1359074921777,0.4069954705996,0.1545489463683,0.0506699800092,0.0398598636807,0.1064590432455,0.1413429696976,0.0356316685121,0.5109869748991,0.0050073960019,-0.2907414259309,0.3241288146474,0.0325589825270,0.2817818243548,0.2817082734730,0.0975466493730,-0.1279651070811,0.4408951028148,0.2531467784502,-0.0262855729234,0.4322098582794,0.0727699461996,0.1483834424157,-0.2019501348578,0.2682327001372,0.4263538953761,0.6209327351575,0.1736361236571,0.3057007587143,0.3541733386741,0.3177980575165,0.5916457823814,0.2291307694751,0.1469864187088,0.0355059010417,0.4214962518126,-0.3742055075675,-0.3064694496615,0.5909220298161,0.0979296754580,0.4257426743191,-0.4824855583005,0.2554646824874,-0.2007405023940,-0.1634465396247,0.4979614922031,0.3141266864706,0.3015021945961,0.1957995077443,0.2275637233011,-0.2077331226688,0.1151353994121,0.2411329965572,0.0122817149026,0.1588904408445,-0.3096110650012,-0.1865684597122,0.1720018831856,0.1496792721562
0.0227482251594,-0.0436623728383,-0.1512378466531,0.0809113661628,0.1007493188967,0.2003616161703,0.0720469032636,0.3131034760722,0.4926955069954,0.0759781604088,0.3590574384804,0.3778809458022,0.3193868771705,-0.0492296961492,0.2391043526360,0.1494394049987,0.5347288780932,1.0000000000000,0.2011084199755,0.2173110855286,0.3516629989348,0.1129246378491,0.3531909703066,0.5269745448805,-0.1135923775707,0.0877552766222,0.2275518899879,-0.1511879671389,-0.0177763988775,-0.1172334535248,0.2548555070749,0.1161206499971,0.1655222761651,-0.2221218239561,-0.0086874256105,-0.0829774258854,0.2643000496049,0.1352999811962,0.1733277437392,-0.1573012296450,-0.0105338883160,0.0741224043181,-0.0518775811106,-0.0729326768376,-0.1443871034568,-0.1539237717666,-0.1318435794700,0.0525843179113,-0.2022140388770,0.2347438016873,0.0440228389085,-0.2423623821431,0.0657351251802,-0.0437376406914,0.1454885839099,-0.0647016280423,0.1908744075573,-0.0594889141417,0.4698945142836,0.0581318855642,0.0765933797404,0.4226383898343,0.2373917625025,0.2536644604086,-0.0608716273125,0.1046279554397,0.0873650030244,0.6400724190409,-0.1043236827341,0.1293389848033,0.4583289884201,0.3447644987623,0.6548056509498,-0.0962964813696,0.0582494720478,0.0901108736486,0.3395404013253,-0.2185668386615,-0.0701086024936,0.5406050025786,-0.0430848728521,0.3096901389715,-0.3648989351411,-0.0867160479993,-0.1110227390863,-0.2637441466782,0.3008844434683,0.0705106772883,0.1701097413474,-0.0207619092876,0.2351910600442,-0.1538146106883,-0.1788269460120,-0.0630527507486,-0.1144577370676,0.0837160122985,-0.1668804728793,-0.0670380641852,0.1513126029463,0.3889492837449
0.3193483792117,0.2386470794681,0.2927256266613,0.7308200515972,0.3551154985721,0.6047290611714,0.6277084595162,0.7564599983685,0.7061066753809,0.4849430373450,0.4973475120320,0.5768134971586,0.4268752717990,0.3791462543003,0.6581283388055,0.6943824993937,0.4760214123570,0.2011084199755,1.0000000000000,0.6708127456197,0.6832292084910,0.3744063443385,0.4902995939845,0.6209085588886,0.4014379074669,0.4853686828041,0.4971725604095,0.0576626146864,0.0781271629787,0.2446839207669,0.5859644999194,0.4391144971863,0.4888538967212,0.2331209840349,0.5736681957975,0.6173799064475,0.3849644418976,0.6299970474022,0.3468621758089,0.1032839180922,0.4573150617460,0.3287628759105,0.7050721715289,0.4458732256396,0.4211318522260,0.1989878491726,0.0789417879927,0.2352747036447,0.2863242575477,0.6161568197776,0.2175651240380,0.0694324948331,0.5307624706041,0.2523680257643,0.4251512810288,0.5643684113897,0.0032921342847,0.0929894204546,0.6255421035824,0.6556012085244,-0.3259127184937,0.3217792171189,-0.0592185628670,-0.1696305921207,0.0128033638442,0.2588778657986,0.7672566174560,0.2644830276721,0.7792960579804,0.3903902772275,0.0581182685637,0.0664411270034,0.5080333351864,0.5255497341529,0.1096332371527,-0.2490060753236,0.1405564664196,-0.1581560276613,-0.1176440916848,0.3721795410336,-0.3660410212119,-0.1017964375401,-0.3473906729702,0.3311399395865,-0.2850460016898,-0.4160847936907,0.4978443335716,0.5749114540330,0.1538226895653,0.3332958299505,0.2988036480659,-0.0913756311916,0.3301482007904,0.3880229447896,-0.2243651660224,0.2841413819366,-0.0388621452895,-0.1557717396784,-0.0768796997844,-0.1180530833704
0.1548573303816,0.1199390858748,0.2829560690959,0.5407944618117,0.2103842994901,0.4330961024108,0.4028618854804,0.5541100577661,0.4848915616859,0.3771646934840,0.3960904722493,0.4024261800747,0.3430858663930,0.2714478782628,0.3757655411850,0.7251925577076,0.4981782298548,0.2173110855286,0.6708127456197,1.0000000000000,0.5295501595636,0.2382053873546,0.4727624072886,0.5230819393164,0.5604248754195,0.6355360011533,0.7202416514271,0.0397939167874,0.0483613672335,0.2819402848799,0.7186587700487,0.5911564342915,0.6739829555302,0.3404011288173,0.6020517670053,0.3940581670860,0.4182418506308,0.7499140437651,0.2950508780522,0.1047362141365,0.4164682105757,0.3225359815434,0.6834446298475,0.4443342988974,0.5890576228132,0.3517454092016,0.2982827518110,0.1576139235712,0.1535486656453,0.5018081080027,0.0503286620286,-0.0359896847511,0.3454504122215,0.2759021788988,0.2537453523652,0.3967522405494,0.1657348571530,0.1319624973959,0.5907908874971,0.4877265327725,-0.2749393409734,0.1863733277155,-0.2105686938462,-0.2404090626514,-0.2158069191211,0.0042529303678,0.5972135034456,0.2407100212343,0.4393075784008,0.6466631079400,-0.0147150479214,0.0787261864922,0.3634983014660,0.6778677328532,0.1876283738782,-0.0983046756838,0.2867402558920,-0.1847398926562,-0.1287522286474,0.4832572662685,-0.1256178126767,0.1149257316262,-0.3127363552229,0.3637737688845,0.0356267340832,-0.1861783091745,0.4837473974916,0.4948066114949,0.1128619733684,0.3703481903729,0.1411236210233,-0.1968680137415,0.2596143152790,0.3114304783742,-0.0005772494464,0.1418485759341,-0.1995941695466,-0.1497094117139,0.0238767821238,-0.1558348416604
0.3856391188838,0.0837518630364,0.1809201290797,0.5679563686801,0.4741436676726,0.5333806688078,0.4980054194059,0.5697203765794,0.6745601314357,0.5183641158713,0.5997970884038,0.7353410479126,0.6539611944568,0.4400912849268,0.7421320042678,0.6135704082911,0.6959488851395,0.3516629989348,0.6832292084910,0.5295501595636,1.0000000000000,0.4880308723294,0.5904279548177,0.6420776565708,0.1659163232173,0.6538328603948,0.4970649089307,-0.0737236543520,-0.0302962166371,0.0667482715508,0.6065922701474,0.5633696558830,0.6701197325239,0.2089991691199,0.5183605425347,0.4944638207469,0.3632392056868,0.6082434356927,0.2935521013182,-0.1250020946858,0.4137139636514,0.4384994044166,0.6266895597050,0.2602004217067,0.2550324324074,0.1807355321902,0.0644164850665,0.1698740101120,0.1404316932974,0.7426586891735,0.2354572217159,-0.0755235105925,0.3818273234022,0.1542648592656,0.3763490138889,0.3982294251897,0.1764602940004,0.0653225235073,0.5367995095716,0.4879038986613,-0.0388966118609,0.5107904941171,0.1667812336281,0.0556179449548,0.0180429999164,0.2339008997574,0.5722847963131,0.5551037613181,0.4604004369846,0.2647470155778,0.4414980445396,0.2432910334942,0.5694705264764,0.3450193053436,0.0784880158678,-0.0517178329161,0.1732537852455,-0.3651035644703,-0.1436440979802,0.4628816767240,-0.1114247449583,0.2519177221167,-0.4486709881288,0.1645994965681,-0.2367477129959,-0.2477188916807,0.4724843345552,0.5085841617175,0.2550177584223,0.1802657754563,0.2997693269697,-0.3258370968410,0.2025651696374,0.2128536599641,-0.0538022380749,0.2057225675129,-0.1441747942119,-0.1110771575770,0.0770154932324,0.0760952631609
0.1989100245381,0.2563020754400,0.1691309817882,0.4227989424268,0.3617594653628,0.4208461751984,0.3599722984931,0.3781191450641,0.3158456872566,0.6434334788962,0.3128264136322,0.4384399009790,0.3149445725641,0.3477933912228,0.5216814141358,0.3264433615281,0.3108288515049,0.1129246378491,0.3744063443385,0.2382053873546,0.4880308723294,1.0000000000000,0.5316080148185,0.3743308554050,0.0310191048299,0.3252204633648,0.3176282268506,0.1842961351320,0.2826808587096,0.2764066281163,0.3651034131389,0.4596181302135,0.4374146671384,0.3264081499685,0.2113671174104,0.1486533759063,0.1779028518651,0.3226736936801,0.0369292513962,0.1569267282226,0.5386239815172,0.4018298257853,0.3674903531884,0.2043802533629,0.3182780999763,0.3418661546952,0.2883526715693,-0.0035928290173,0.4061303512102,0.5477156119347,0.1706358913048,0.0401190368495,0.2111957352085,0.0306823543625,0.2026700306488,0.1628484609279,0.0152895508230,0.0738814025408,0.3798449692696,0.3028460841827,0.0383951688900,0.1704227883355,0.1369148625124,-0.1312501054985,0.1775957533791,-0.0122689406053,0.1948104470323,0.1960731585944,0.2534181338947,0.0614614038305,0.0396123593964,0.4369400621063,0.2547277351594,0.2249962127871,-0.0769134756724,-0.2554573206735,0.0770324083685,-0.0628735506048,0.1215991238882,0.1818001395312,-0.1352888065972,0.0119694405454,-0.0825847319138,-0.0356100064628,-0.1409968414438,-0.0388093083893,0.2523486824402,0.1193446391410,-0.1392585489042,0.0594849900940,0.0501713230976,-0.0772544604850,0.2130129340261,0.2123584764144,-0.0151114448394,0.0190365830962,0.2505893559604,0.2421519697780,0.1467928190979,-0.1038568004682
0.4296928244341,0.1382867367764,0.1879181349088,0.5035850583858,0.4771885118674,0.5133072913379,0.3509099928067,0.3382305267618,0.4512865844540,0.5887769879047,0.5719527201377,0.8304959870254,0.3393918961724,0.3587740697535,0.5975245697315,0.4108386822591,0.4661005929287,0.3531909703066,0.4902995939845,0.4727624072886,0.5904279548177,0.5316080148185,1.0000000000000,0.5463590376112,0.0302187756892,0.5660245777078,0.5635984944345,-0.1180870607160,0.1913849345462,0.1433883351233,0.4976602842704,0.5554531697655,0.6101151262451,0.2879384127569,0.3399918485418,0.2731797898505,0.2652051151636,0.3661838334392,0.0819120491993,0.0274657617279,0.4523843188783,0.4326459203311,0.4202567694212,0.1157113430266,0.2169904591567,0.3166059154539,0.2557606000495,0.1306272760370,0.0438944965879,0.6198268569310,0.3413983746303,-0.0391443007042,0.1375103541406,0.1784112562454,0.2633153204634,0.1582288291026,0.1076470495454,-0.0281740469186,0.4156457629538,0.3449352078872,-0.0745057477168,0.4757100412343,0.3671411459985,-0.1886211134395,-0.0092154908340,0.0503335617212,0.2980876385873,0.3730540182917,0.1898676792525,0.2900841061110,0.2485008269400,0.5690848664232,0.4487510449415,0.2666320783547,-0.0885129518384,-0.2691430622400,0.3054057547080,-0.3183316038014,-0.0685159699879,0.3975823689948,-0.1301307066859,0.1626323605608,-0.4845907634934,-0.0227081919484,-0.2477787316154,-0.1950528530784,0.3769931873100,0.2444467443702,-0.0139533754198,-0.1267767434232,0.0845196851020,-0.3125044931478,-0.0339114379805,0.1742070410923,-0.0287823354188,0.0487492155194,-0.1177351870031,-0.0698251407657,0.0681066389960,0.1349549025513
0.2565240775383,0.1181057071971,0.0397200610416,0.4341096454015,0.2584744130749,0.4656843616726,0.3491718133392,0.4563284703679,0.7084371507519,0.3174003400816,0.5726073595676,0.5731830976396,0.3630323484892,0.2746014907564,0.5442229021120,0.5261071669436,0.6406680580354,0.5269745448805,0.6209085588886,0.5230819393164,0.6420776565708,0.3743308554050,0.5463590376112,1.0000000000000,0.0128899904499,0.3617634109672,0.4857231797567,-0.1087068916003,-0.0430603050115,0.0328622100955,0.6137689464056,0.3413292521035,0.4320593335718,0.0829777139951,0.4610268713443,0.4156518299173,0.6387332085220,0.4459071695797,0.3787962049444,-0.0245439429290,0.2423440192143,0.2921085497825,0.4671714054907,0.1067420039920,0.1223629613041,0.0415318408886,-0.0155493410879,0.2734266929889,0.1267237458068,0.5305177183568,0.0784391604669,-0.1593956874856,0.2722256651014,0.0181457381130,0.2565504717347,0.3031103737544,0.1567193572635,-0.0435582439191,0.5632149733725,0.4037379275164,-0.1114627766702,0.3645698167671,0.0579502104163,-0.0747858434244,0.0148297376713,0.2687670480813,0.5280202845793,0.4998832181717,0.3189949659026,0.3721967248729,0.2784998639909,0.3552548126230,0.8448853930133,0.2118177014117,0.0600763061292,-0.1395708951688,0.3078997683308,-0.2636689276746,-0.1794937696680,0.6016171806202,-0.1813046143652,0.0978245740075,-0.3885448867444,0.2492196476640,-0.2527611755639,-0.2488347469636,0.7197970666815,0.4849913765840,0.1625596487708,0.1433303562887,0.3790692368891,-0.1222672239668,0.0053357480219,0.2010969123634,-0.1898662281758,0.3439460932180,-0.1362341306731,-0.1073475611619,0.1702568930663,0.1251496043310
