1.0000000000000,0.8271067277399,0.6857851322241,0.4514622559540,0.6598987619003,0.4240598730629,0.5016405092855,0.2992083450094,0.2701944709850,0.4172513321813,0.2299896152130,0.3777184416610,0.2160377713155,0.6035153710360,0.2971927276153,0.1510923515740,0.2670147977475,0.1677241619488,0.0644706034732,0.0358448752570,0.1768758241224,0.0298861114905,0.1807021626099,0.1356265627634,0.0540606298487,0.0900202594111,-0.0379333732801,0.1864929929408,0.1825900656445,0.0217525028411,-0.0458342357269,0.0783250432840,-0.0043998447503,0.2390137899481,0.1556503870615,0.4336184473528,0.0118812235535,-0.1407868533875,-0.0884692935027,0.0093105629302,0.2655754138929,-0.0173136382309,-0.1254068212614,-0.1433954623724,-0.1984446530048,0.0275720240666,0.1424920134667,-0.0158529337376,0.1012359983349,0.2158759242634,0.8183223682687,0.7822674536340,0.5047449311884,0.5412550634841,0.4561866274141,0.6126006990476,0.1222158481045,0.1174964090018,0.3114572614682,0.2892868965647,0.3094967600561,0.2924556978647,0.3779951829772,0.2569585580235,0.7068292452351,-0.0506305542695,0.3908659246311,0.3204351478314,0.5561567248322,-0.0066510715298,0.2192254044396,0.0671754504159,0.1912177105954,0.0542933724423,-0.0144606978932,-0.0210922341561,-0.0261528994260,0.2001516605530,0.1878883198807,0.2032533109928,0.1413884394699,-0.0355995094008,-0.0088695847644,-0.0067752495292,-0.2647147022490,0.2222385594987,0.0286111994306,0.3944517653067,-0.0790885629860,-0.1380843750420,-0.1200933340503,-0.0979886770243,-0.1502113830204,0.1521824791779,0.0723256087794,0.0133687919223,0.2638285864665,0.4233743421101,0.3122305184803,0.2654077842784
0.8271067277399,1.0000000000000,0.6705355396898,0.5387078634500,0.6373922088899,0.4714548234507,0.5902881050981,0.4075001167716,0.3488285982463,0.4414941206883,0.2553094976755,0.3741681317653,0.2570892718861,0.5575886463660,0.4229634985230,0.1435355823757,0.2922178263869,0.2285573141743,0.0859467328058,0.0960668694876,0.2041994188742,0.1021283469774,0.0711558972952,0.0998170872187,0.1052261435547,0.0497166351022,-0.0659333111644,0.1123601862336,0.1188783555218,0.1212878526484,-0.0635261243533,0.0207275316321,-0.0107334447394,0.2316612584926,0.1177714374966,0.3842409537425,-0.0946407673987,-0.1883805369463,-0.0712735951584,-0.0130331214477,0.3182406777894,-0.0212812028228,-0.1660992594528,-0.1285906393883,-0.1313413845267,0.0024561664963,0.1136219462341,0.0046512516834,0.0570778392084,0.2758062513618,0.7312875697288,0.8248352447844,0.6007576885808,0.5619894649652,0.5202433047530,0.6587660154725,0.2046249121679,0.2140464906471,0.4111754011074,0.3755320730673,0.3952752122716,0.3408852849216,0.3632005796083,0.2879809568963,0.7601056485578,-0.0031350395251,0.4103477002594,0.3640565504586,0.5351831773228,0.0569610156289,0.2471298756950,0.0144352084466,0.1792481891290,0.0858382772115,-0.0269512180445,-0.1076755036563,-0.0973878127786,0.1592161115659,0.2000279841464,0.2713737487748,0.0824200066898,-0.0095032852745,0.0693468304433,-0.0719062267782,-0.2405685783088,0.1331316377180,-0.0613914845711,0.3775958427283,-0.0630513406454,-0.1676895701650,-0.1046003968925,-0.1008697306948,-0.1489645288651,0.0677850170532,0.0536066924295,0.0260515884221,0.2035257587695,0.4086456271640,0.2727970000585,0.3329402500267
0.6857851322241,0.6705355396898,1.0000000000000,0.4772255689228,0.6885676460609,0.7469682421801,0.7081319830366,0.4764884173550,0.4555073241836,0.4652394840554,0.3641297216991,0.4091055710647,0.4021988203462,0.4422144606034,0.2082862303049,0.2146026867893,0.3962112237656,0.4417027708984,0.1448914791515,0.2164596733947,0.1798928983328,0.1235824299468,0.1336947753874,0.2009750700470,0.1706162527270,0.0238828558483,0.0607635066158,-0.0252253301219,0.0957547726426,0.0557670175067,0.1107638426263,0.1030768772570,0.1258002177876,0.0937254195727,0.1270673137677,0.3219477404571,0.0141602456340,-0.1595389257207,-0.0114814249283,-0.0019756854798,0.2542216345673,0.0283478669917,-0.1865197004443,-0.1412820669599,-0.1188188796775,0.0471565719085,0.1186607350487,0.0945677910230,0.0530773333610,0.2267025579856,0.6969778696095,0.8279447437876,0.5969765107219,0.9096917772447,0.6498932403465,0.6927086946911,0.3199376423491,0.3254975309464,0.4527251780744,0.4455282833500,0.3708098101819,0.3796381916899,0.4030787483831,0.4511511968656,0.5488698028907,-0.0641439570729,0.3866513312854,0.4720545728883,0.4034913485273,0.1640093303042,0.2705243321550,0.0424639075866,0.2843871979643,0.0472657565876,0.0147953306195,-0.1420890735555,0.0235538596899,-0.0427646113824,0.1433254925034,0.3662835135271,0.0987612795745,0.0400563276105,-0.0498069702837,-0.0891074305799,-0.2716451103090,-0.0305561891428,0.0328102250707,0.3402971149958,-0.1545446808073,-0.1998722494745,-0.0760003919914,-0.1245536735175,-0.2021065114450,0.0069238857367,-0.0110325705937,0.0811084467757,0.1732007617923,0.3117371785383,0.2636560255837,0.2733493847384
0.4514622559540,0.5387078634500,0.4772255689228,1.0000000000000,0.6010825215731,0.5504787429286,0.7079051053974,0.4689585805543,0.5526649001830,0.5447420176717,0.4447416368345,0.4636836788462,0.4933970965131,0.3967018381121,0.4724677207782,0.4069305401699,0.4657786817975,0.4400178622407,0.4691085922755,0.2479882440036,0.2047992235728,0.2980375339751,0.2088620653046,0.1449264470380,0.0540257380957,0.1095282959357,0.1606193328880,0.0181655673955,0.0602429544362,-0.0898176744439,0.0478645523632,0.1246296726211,0.2342487215599,0.1350416976928,-0.0502107026386,0.2766054905179,-0.1270528332690,-0.0879647215845,0.0119156012145,0.1172020909909,0.3604646564823,0.1338472624441,0.1854377887794,-0.0933041383351,-0.1557266996486,0.1769720644029,0.1450244644785,0.0949797480538,0.2433567769943,0.2820581456537,0.6003721341385,0.4316762798020,0.7707417071571,0.4972009278489,0.5621690213813,0.7538718025338,0.4150023490344,0.4597186480703,0.5125765482803,0.5676351359817,0.4500537689046,0.4644337622310,0.4265399503963,0.4914755877586,0.3829878241521,0.2151974732390,0.4633717371081,0.5298295512821,0.3214305215994,0.3417387277261,0.2434359396276,0.1576316019897,0.3199476987158,-0.0064425121353,0.3131426611683,-0.2053714045196,0.1583694404297,0.0538241985641,0.0134098687436,0.4451096107194,0.1629465997644,0.2680863495797,-0.0846836488118,0.0642217420330,-0.2379776161872,-0.1046107749000,-0.0809547777609,0.1944427743769,0.0687031648584,-0.1205863127269,-0.0222185997460,-0.0422138796469,-0.1911472419369,0.1744206544717,-0.0628046467284,0.0936488793041,0.3769352895930,0.3576782771374,0.3172730274337,0.3217058971673
0.6598987619003,0.6373922088899,0.6885676460609,0.6010825215731,1.0000000000000,0.8021519011042,0.7412374957650,0.5824515196907,0.5978019318944,0.6075079376725,0.5516488253957,0.6031664239075,0.5225873016415,0.4837587911465,0.4327531703160,0.2757517819529,0.5224057636515,0.6360650947724,0.3338882370517,0.2773774912891,0.3154511756039,0.3119570132002,0.3259590658273,0.3685013532577,0.1308997988807,0.0944217441760,0.1397477884306,0.1910541282604,0.2830096223733,0.0356230470408,0.1492815863853,0.1306714700710,0.1715965146485,0.1349260024679,0.0007316900613,0.2838507885675,0.0277953051470,-0.2378127260510,-0.1357532873392,0.0948782834867,0.4072486816152,-0.0243489131278,-0.0973781555921,-0.1530117936614,-0.1360533317032,0.1026363342823,0.0850572612876,0.0769515442162,0.2996140869214,0.3067774741563,0.8244125244464,0.5396610006964,0.6790378041872,0.7191627808476,0.7777184264935,0.7304603024802,0.4728410059324,0.4988801545259,0.5524671130150,0.5487710696433,0.4530874747832,0.6024778066915,0.5612590057195,0.5179478695952,0.5682978680608,-0.0651969429816,0.4405188074534,0.6034330194076,0.3858577558267,0.3041512706484,0.4085809137621,0.2301310716551,0.5198760903348,0.1740483641767,0.2636559998991,-0.1438904896251,0.1331958609685,0.2196590427999,0.2994819933209,0.5785976407699,0.1490788119464,0.1313683579676,-0.1838783613445,-0.1548110337791,-0.3462437825703,-0.0566393448392,0.0188440181289,0.2713182574318,-0.0891515625797,-0.2470873300839,-0.1426088383029,-0.0410084157287,-0.1886520402403,0.1799487496380,-0.0190631074397,0.0489276537569,0.4133474472763,0.5770635757925,0.2586713824194,0.4315665074478
0.4240598730629,0.4714548234507,0.7469682421801,0.5504787429286,0.8021519011042,1.0000000000000,0.7735566615028,0.6583060569208,0.6894914963195,0.6146545861378,0.6524865359429,0.6382524670458,0.6358259442143,0.3815820279476,0.4359377619649,0.3245526528230,0.6109448550994,0.7262417419984,0.3658399214411,0.3119880085810,0.3208020126865,0.4445229076807,0.2988612749669,0.3698300737173,0.1774977002055,0.0832377399958,0.2276343613327,0.0552008867693,0.1528677922787,0.0910332477551,0.2637131442421,0.1725190356108,0.2785549287291,0.0056658251374,0.0185699123849,0.2242623060400,0.0246143652253,-0.2058187186610,0.0003957268765,0.1086066884249,0.3902279192787,0.0570824119837,-0.1063185256404,-0.1613013922912,-0.1245210587236,0.1913898379294,0.0553526570422,0.3222085649238,0.2923302840317,0.3213908149943,0.6396223906685,0.4593249421833,0.7017938497491,0.8422590966023,0.8606361959460,0.6891578377011,0.5776733532682,0.5265782199978,0.6141936720356,0.6193857436440,0.5346055294432,0.6714169765457,0.5823365845296,0.6299790065154,0.4563587694081,0.0553057973297,0.4679405764853,0.6471156040787,0.3044367439334,0.4006195274525,0.4153337550716,0.2675144051922,0.5052089214453,0.1216226857307,0.2366097627210,-0.1547508061439,0.2042954099001,0.0765902398624,0.2106565717917,0.5988088073808,0.1651205857434,0.2801654503366,-0.1107622314438,-0.0873679141580,-0.2243642232523,-0.1626815927865,0.0260121943617,0.2496403733142,-0.0156156766059,-0.1834293475194,-0.0033323626835,0.0096036980096,-0.1936742376184,0.1524706559508,-0.0280171266482,0.2632834068104,0.3600190890791,0.4885970531700,0.2916822847799,0.4513271290202
0.5016405092855,0.5902881050981,0.7081319830366,0.7079051053974,0.7412374957650,0.7735566615028,1.0000000000000,0.5742562101867,0.5978277363081,0.5528155369839,0.4394772195558,0.4434833417737,0.5257732113894,0.3886563255554,0.3282201046289,0.2770953181886,0.5485552509437,0.5848976152728,0.3143356582390,0.1758303410799,0.2831432690140,0.2542355475559,0.1196651466209,0.2734322038502,0.0522647881888,-0.0063752199551,-0.0186726665660,-0.2237788501144,0.0374757072075,-0.1071364401438,0.0449558837225,-0.0134060886271,0.1231935243474,-0.0370538196733,0.0988730900584,0.3529007274630,-0.0747866976315,-0.3181074160797,-0.0990660059818,-0.1363296403013,0.2097656967561,-0.0852996868908,-0.2170870467870,-0.3194954814244,-0.2371585242679,-0.0454446139072,-0.0341256553521,0.0117003641766,0.0096415022723,0.2757606382498,0.6853204571368,0.5513873193373,0.7605937678021,0.7681921451040,0.7956180083520,0.8844910762588,0.3942334661374,0.4337151455838,0.6089918862589,0.6154340707224,0.4948503074888,0.4865371572328,0.4199161602612,0.5328402129506,0.5092220528085,0.0574169974672,0.5656927397137,0.6469273844959,0.4356381938467,0.2643646736487,0.3805709096505,0.1034019534465,0.4273234855082,0.0746285188756,0.2122005375138,-0.1409248712952,-0.0254583426203,-0.1720143650535,0.0744239150531,0.5514181561939,0.0841608127241,0.1897316857220,-0.2032456924476,-0.0822078939756,-0.2879476126817,-0.1666766492992,0.0111300687889,0.4169367704000,0.0255438363550,-0.2460282381925,-0.0866080884710,-0.2207037936102,-0.2774317935988,-0.0710091915943,-0.0813508847026,0.0806818135356,0.1845611222937,0.3136157908463,0.2223010707349,0.4158090133767
0.2992083450094,0.4075001167716,0.4764884173550,0.4689585805543,0.5824515196907,0.6583060569208,0.5742562101867,1.0000000000000,0.8407703817532,0.6862071648278,0.5914261862536,0.7467449988942,0.8253011518444,0.2983789928189,0.2749596982576,0.2807445311687,0.7733948891027,0.8221585213508,0.3923833199316,0.4441313561057,0.4240469586832,0.4508445451926,0.1905457053722,0.2334642843258,0.3116095522230,-0.0118916260104,0.1839453262743,0.1284590323082,0.1021489032434,-0.0793860200574,0.1260583293035,0.1398203090553,0.3446237986466,0.0039338925608,-0.2099294348803,0.0798949441989,-0.2208064469176,-0.1964144140523,-0.1929996326515,-0.0250993578239,0.2722547413870,0.0116294799111,-0.2281413592451,-0.1009727370763,-0.0495800933917,0.1090718022527,0.0818876275717,0.0194452032171,0.0016070961298,0.3210827261202,0.4711243289747,0.2918549892386,0.5281661994428,0.5824122805263,0.6391832119306,0.6020847798295,0.7505075668392,0.8077892360644,0.8903844181964,0.8607969327164,0.6836296400025,0.6777373830326,0.7161804642983,0.8036179534067,0.4045333446955,-0.1953685404274,0.5050576882158,0.8167776112253,0.4415716071115,0.4743813550536,0.5255886385663,0.2346983506451,0.4370807092305,0.3063614574858,0.3353690180984,-0.1633019707613,0.0730801530006,0.0998817100180,0.1076260713979,0.6972575020968,0.1440571031583,0.3251179303802,-0.2219478184877,-0.2307043689953,-0.1591432918184,-0.2097496040405,-0.2114753531724,0.0425254624886,-0.1580910982414,-0.2710897708642,-0.2280767808033,-0.1522203477650,-0.1621146537595,0.1585639514154,0.0315100384456,-0.0674164424626,0.0692423250916,0.4679912586966,0.1545109971220,0.4102858769853
0.2701944709850,0.3488285982463,0.4555073241836,0.5526649001830,0.5978019318944,0.6894914963195,0.5978277363081,0.8407703817532,1.0000000000000,0.6924905765766,0.7611030800260,0.7609066822210,0.8239035847849,0.3731085960771,0.4400504510618,0.4498225153346,0.7879080369575,0.8127040647731,0.6713697726319,0.4750177114097,0.5385254226246,0.5322434992061,0.3527943637690,0.4390895717825,0.3650536391190,0.1390771171898,0.3330851730429,0.1368700234615,0.1196122193987,-0.0157630186370,0.2316878227419,0.2297896701218,0.4292423253230,0.0714611015829,-0.1245444166724,0.2507274879374,-0.0927898073343,-0.1459792846233,-0.1235679949754,0.1119882237047,0.3634755583483,0.0906137189487,-0.0687073545318,-0.0524088023768,-0.0521978159984,0.2327672840479,0.1634768752371,0.0940181308914,0.1421263615155,0.4038962975804,0.4511071193990,0.2188017568277,0.5841097832739,0.5497577446030,0.6312108059723,0.6158069677012,0.6900624682806,0.6915953131526,0.8540769447548,0.9456792151583,0.6452213277443,0.7923350683039,0.7071993788389,0.7795639432597,0.3540744476293,-0.0767558282853,0.5627436042742,0.7823244575699,0.4415610138264,0.5648209365359,0.5617727239120,0.3602285055999,0.6219348480030,0.2421573433149,0.3298694138761,-0.1021292710042,0.2333292477679,0.1391356409546,0.1105739353868,0.7328407252430,0.1909530769735,0.3375929815357,-0.2583455558672,-0.2442621297508,-0.2041655199243,-0.1881203373957,-0.1053840995869,0.0793140573108,-0.0794251136321,-0.2701306783444,-0.1464580694253,-0.0415791575023,-0.1424683129023,0.2035625191997,-0.0093482550477,0.0090369665070,0.2117954575583,0.4147278354689,0.1931321307212,0.4643734630810
0.4172513321813,0.4414941206883,0.4652394840554,0.5447420176717,0.6075079376725,0.6146545861378,0.5528155369839,0.6862071648278,0.6924905765766,1.0000000000000,0.6218285382462,0.8366009562429,0.7548019627153,0.4385055855514,0.3571137466323,0.3543502783031,0.7653192995485,0.6301819959159,0.4185057070787,0.2829491143514,0.4610605098324,0.5687090107988,0.4244670415167,0.3359915880135,0.1634755876438,0.0204326827974,0.2905064574930,0.1554300777986,0.2684110641791,-0.0558639032685,0.2688382503343,0.2488618336418,0.3998507635852,-0.0059652709143,-0.0831368440921,0.1994901158113,0.0274111643469,-0.1442986396430,-0.0963138873840,0.0369402519223,0.2914034205562,0.1047847949186,-0.0345841428539,-0.1483782446963,-0.1229365220132,0.1724136214325,0.1131568582364,0.0579876252680,0.1232901900459,0.4346776628438,0.5621632436263,0.2893515422408,0.6269391201271,0.4948367744242,0.5490512313582,0.6026750846195,0.6653819557664,0.5524789772908,0.6654551471106,0.7000067701292,0.8215732678509,0.7058369005327,0.7639137337750,0.7407990421627,0.5078205824178,0.0162945998169,0.5189306712537,0.7738862382344,0.4210004169872,0.3583492466793,0.5923551016598,0.4612359139016,0.5364855656818,0.1479504911331,0.3902446733789,-0.1408850531040,0.2882023251345,0.1213771125840,0.2324503784702,0.6529146678480,0.3052090115730,0.4309615499009,-0.2497444638455,-0.0326180519040,-0.1800909120331,-0.1760167857418,0.0635031434141,0.1137954748445,-0.0206785983585,-0.2024441100213,-0.1291871283336,-0.1311956799085,-0.2505304639519,0.2327552086784,0.0876048408677,-0.0806387001709,0.2629344171374,0.5662063722942,0.3456542894727,0.5896004437470
0.2299896152130,0.2553094976755,0.3641297216991,0.4447416368345,0.5516488253957,0.6524865359429,0.4394772195558,0.5914261862536,0.7611030800260,0.6218285382462,1.0000000000000,0.7390189921721,0.6440144647319,0.3962227853736,0.5524047022639,0.3761769666912,0.6091423544231,0.6589308159925,0.6270138775253,0.3586501639317,0.5097497789169,0.6590990345850,0.5505806978190,0.4340395909527,0.2974685912241,0.2643208816275,0.5341180231686,0.2105992770978,0.1666997510652,0.1295406571790,0.2889470484699,0.3215101294324,0.4581812464876,0.1291750029119,-0.0827295250927,0.1646474637545,0.0664639079527,-0.0970865958189,-0.0227990806245,0.3115726470238,0.4329075266693,0.1660320527108,0.0716581058792,0.0433767546251,0.0481968630789,0.4610726960760,0.2233267116760,0.3077580011971,0.3946090035859,0.4093977933233,0.4217305329150,0.1434357039292,0.5432927769459,0.4263828341784,0.5113352624220,0.4328110647523,0.5436964064943,0.5126591713659,0.5834029336103,0.6574562796995,0.6348351292353,0.8892926142475,0.6935953675472,0.6042970674763,0.3271217982519,0.0417768350096,0.3503455037005,0.5408129085553,0.2057621272821,0.4263927649934,0.4862631414843,0.5617656011155,0.5711584353141,0.1480978595174,0.2842125572097,-0.0755647212704,0.4163561333217,0.2778638726438,0.1877156463756,0.5667800528199,0.2567803059425,0.3284201057534,-0.1740839654898,-0.2076158004049,-0.1407800449618,-0.1215165498686,0.0162256045586,0.0357614000424,0.0279659373000,-0.1595003725874,-0.0133830167453,0.1697563721296,-0.0869008684051,0.3292949434528,0.0495283578153,0.1854087332186,0.4387244514550,0.3933896858052,0.2570232969013,0.4835261788207
0.3777184416610,0.3741681317653,0.4091055710647,0.4636836788462,0.6031664239075,0.6382524670458,0.4434833417737,0.7467449988942,0.7609066822210,0.8366009562429,0.7390189921721,1.0000000000000,0.8189203671900,0.5025308081112,0.4848725335782,0.4579317563920,0.8130792471114,0.7139316912651,0.5468962625663,0.4217596175460,0.6429094966827,0.6684683661889,0.5640154868647,0.4471839658047,0.3176159083479,0.1804132311953,0.4149281999196,0.2801525886598,0.1687646648436,0.0115367762604,0.3349214255694,0.4125904224926,0.5881034673636,0.1123668482837,-0.0581798658515,0.2544995048508,0.0320156716201,-0.1586425342972,-0.1622152895977,0.1180244962422,0.3394754691897,0.1170385848614,-0.0176630183232,-0.0481248780310,-0.0220981492664,0.3722829325365,0.2353073981767,0.0759856856735,0.2512502778707,0.5097231028168,0.4881777455705,0.2120043224736,0.5628914334780,0.4754522595809,0.5191244184002,0.4982502628957,0.7559197309017,0.5793483176207,0.6957115572430,0.7162266528163,0.7680006197894,0.8057482394115,0.9149185843746,0.7861503904295,0.4631179994035,-0.0568448087172,0.5690873847557,0.7376757827521,0.4467248303256,0.5072064057009,0.7097751504644,0.6072913475073,0.6231750272897,0.3286439193176,0.4520908522079,-0.0114701865272,0.3687204661240,0.2725377853042,0.1702613602205,0.7180876319517,0.4048743327995,0.5226088022782,-0.2730629261316,-0.1069206780199,-0.1392237688596,-0.0762568994380,0.0226943068546,0.1182065075550,-0.0355537094211,-0.2438422008222,-0.1890011469251,-0.0492351635383,-0.1648663079825,0.3969629195865,0.2040667533208,-0.0204850516259,0.3388131006521,0.5796108050592,0.2497778851097,0.6054845761434
0.2160377713155,0.2570892718861,0.4021988203462,0.4933970965131,0.5225873016415,0.6358259442143,0.5257732113894,0.8253011518444,0.8239035847849,0.7548019627153,0.6440144647319,0.8189203671900,1.0000000000000,0.2918420236976,0.2908307695344,0.3522706227226,0.8302172116788,0.8160396445136,0.5003809675817,0.4050972010760,0.4141113062200,0.5316818867196,0.3208582458990,0.2754978295532,0.2459165965347,0.0518382681707,0.2462411032626,0.0845934099621,0.1006609053082,-0.0531533116761,0.1990772553473,0.2057790943728,0.4571443171112,0.0163799188153,-0.2185702629320,0.0747967369910,-0.1381063583929,-0.1232091883836,-0.1109628083909,0.0581661737521,0.3007915369042,0.0697839317484,-0.1411065061635,-0.0889233683763,-0.0562307560143,0.1481119721858,0.0964402474474,0.0631563008447,0.1101815502769,0.2954049369803,0.4067743888224,0.1543561172433,0.5699641569245,0.5068591827684,0.5958430193120,0.5570660140456,0.7941106196338,0.7064217092592,0.7622774320342,0.7976275276578,0.6810902973066,0.7286444021866,0.7878364646644,0.9482141154688,0.3334910572628,-0.0804218058342,0.5039128593496,0.8330376116183,0.3292148811914,0.4947195814452,0.5164002692182,0.3565003519034,0.4953372316767,0.1931966698007,0.2892535111250,-0.1591286847526,0.1668699614374,0.0809695751976,0.0910966254200,0.7013539823613,0.1581832320029,0.3805193121247,-0.2353419783028,-0.2138167896703,-0.1747125511348,-0.2487566602308,-0.1616863277895,0.0191463299834,-0.1694030212710,-0.2294431010072,-0.1116495996411,-0.0839782606820,-0.1983436930572,0.1133853013091,-0.0466821557842,-0.0103531986569,0.1621910237334,0.3973543158415,0.1936721814006,0.3765497439443
0.6035153710360,0.5575886463660,0.4422144606034,0.3967018381121,0.4837587911465,0.3815820279476,0.3886563255554,0.2983789928189,0.3731085960771,0.4385055855514,0.3962227853736,0.5025308081112,0.2918420236976,1.0000000000000,0.6506997187249,0.5603565323291,0.4836177785012,0.3279200405294,0.3716322188880,0.3553830624719,0.6217004256667,0.3591381746599,0.5085979542666,0.4488189996301,0.1949148309760,0.3360997157849,0.2292001993657,0.2002039735795,0.1308168313994,0.2244227089542,0.3309985822579,0.4855065939508,0.5002413376189,0.2463514653820,0.3450260425824,0.6376571955507,0.1009440861027,-0.0762102169202,-0.1071213427977,0.0246424994255,0.3077465094811,0.1637076199948,0.0560731222636,-0.0691647275458,-0.0213990783438,0.2863355144145,0.3461717115190,-0.1000383449907,0.2321318874647,0.6207881040949,0.4644722041320,0.4402349719413,0.4780350276243,0.3858868785238,0.2558512047880,0.3859480704049,0.2602843356238,0.0954016090084,0.2854801788245,0.3091776688951,0.3423823110999,0.3729340249749,0.4537762580356,0.2666701710692,0.7367058030812,0.0964606539220,0.5855411428691,0.3301083383390,0.4887542045690,0.3473969630952,0.5454921989015,0.4663443734676,0.4708448145993,0.2800101343703,0.2464722415129,0.1739454435029,0.2725594378523,0.2155305759060,0.1472337194721,0.4594236106396,0.5229900719862,0.3562063571663,-0.0745585497955,0.0152249200388,-0.1587657941427,0.2384495044924,0.1766027349020,0.4519062570075,0.0510232026115,-0.1316733092176,-0.1710096845418,-0.1512024208233,-0.1346369003367,0.3162676217745,0.2642631606410,-0.0419210180990,0.4191366410098,0.3609442827053,0.2365489243248,0.5081009825146
0.2971927276153,0.4229634985230,0.2082862303049,0.4724677207782,0.4327531703160,0.4359377619649,0.3282201046289,0.2749596982576,0.4400504510618,0.3571137466323,0.5524047022639,0.4848725335782,0.2908307695344,0.6506997187249,1.0000000000000,0.5061877964635,0.3573320916929,0.3340840218587,0.5050934383645,0.3490799399437,0.6090298618665,0.4525065986797,0.4958410609823,0.5593722935810,0.2848521307670,0.4190475223056,0.3990204660624,0.1867631211031,0.0781825442632,0.2610499570108,0.3496120411886,0.3859823708507,0.4583756471119,0.2496505109785,0.3479857668523,0.5043445206531,0.2383371205721,0.0000972950785,0.1778234377314,0.3207546449045,0.4646981760916,0.2773972937385,0.3974610891223,0.1560668591594,0.1993157407213,0.4348774585887,0.3320270549226,0.3047751717994,0.4790672941959,0.6552430294996,0.2734377683564,0.1483096462247,0.4430266166680,0.2303422404080,0.3313912927827,0.2519020405315,0.2797935136360,0.1473477121029,0.2639125898353,0.3373762057002,0.3072507665880,0.4985512991464,0.3781534864859,0.1880525717185,0.4031581903219,0.4461854323029,0.4156339875536,0.2073660361390,0.3230296178720,0.4323751936751,0.4180013212016,0.4516822153992,0.5353955186975,0.2989976743123,0.2173998514840,0.1321364912583,0.4150082872234,0.3006547673151,0.1167616875154,0.3841137044901,0.3759758852181,0.3430478100332,0.0046027563320,0.0547195162620,0.0893226823065,0.2034041969542,0.2677889884678,0.3929303179869,0.3458334846353,0.0625970521852,0.2017135664519,0.2331846661325,0.1232891285758,0.4068690421847,0.1849751900604,0.3489329272510,0.4855772767295,0.3140191401014,0.3491210303036,0.5367922763168
0.1510923515740,0.1435355823757,0.2146026867893,0.4069305401699,0.2757517819529,0.3245526528230,0.2770953181886,0.2807445311687,0.4498225153346,0.3543502783031,0.3761769666912,0.4579317563920,0.3522706227226,0.5603565323291,0.5061877964635,1.0000000000000,0.4454213148922,0.3977500382839,0.5829117004018,0.7232291020584,0.5592739468751,0.4311802437051,0.4393819124597,0.5210000867884,0.4191517774582,0.4690353292475,0.4684071970855,0.1813680703123,0.0428200744836,0.2178444056779,0.6985485307102,0.5474157914813,0.6465145207496,0.3174936241801,0.4426694940413,0.6196559026620,0.2401772383954,0.2651805245615,0.1920688132923,0.2411110172479,0.3161088498037,0.3019981055410,0.4071705851398,0.2199381794789,0.2290432442654,0.4650673197809,0.4694940991152,0.0408893200313,0.2701751750670,0.5251210067277,0.1070099789592,0.0458983729469,0.4375931282229,0.2318009600092,0.1587113583008,0.2126984796114,0.3420981055212,0.1482457175879,0.2558825666806,0.3524003533161,0.2577774057147,0.3144219152277,0.3258611257852,0.2751017892014,0.2108219672416,0.2577901486289,0.7227555635929,0.2943315228894,0.3203052167856,0.7141627486979,0.4548078008952,0.3980555303288,0.5034354630797,0.4257816239777,0.4335191830183,0.2545611567923,0.5087166150723,0.2063045922650,0.0438686248648,0.5714495662319,0.4618627158044,0.5367008858167,-0.0446078742952,0.3607327863045,0.1280644153174,0.2233203562508,0.2541855149172,0.3834211738283,0.2181638991231,0.1756455641684,0.0798801336736,0.0705521180271,0.1325023116930,0.4184292461376,0.2231848279638,0.0277344049988,0.2680097740720,0.2071608422114,0.1894728862396,0.3937101332464
0.2670147977475,0.2922178263869,0.3962112237656,0.4657786817975,0.5224057636515,0.6109448550994,0.5485552509437,0.7733948891027,0.7879080369575,0.7653192995485,0.6091423544231,0.8130792471114,0.8302172116788,0.4836177785012,0.3573320916929,0.4454213148922,1.0000000000000,0.8191001529479,0.5393316616307,0.3833552576067,0.6769563815373,0.5852179605137,0.4417483013106,0.3736328119996,0.1216887507960,-0.0056070884626,0.1751943467408,0.1038019160429,0.1396887585749,-0.1664804871131,0.2414531496116,0.2879966163956,0.5506439727487,-0.1254082731431,-0.1653927243250,0.2246578414271,-0.1616858496916,-0.2804825525578,-0.3122031908578,-0.1451772351569,0.1110784521825,-0.0891378115864,-0.2249411392251,-0.2828806916785,-0.2064371176275,0.1076164099022,0.0258236529337,-0.1121131834358,0.0215703369593,0.4308225998214,0.4003820303642,0.1482644868061,0.5465523820687,0.4927304353338,0.5076000063804,0.5753815479438,0.7090488164675,0.6254401548279,0.7579800186313,0.7816399974184,0.7242770590211,0.6914070298681,0.7620867778238,0.7857530287496,0.4375010423618,-0.1142336614314,0.6347369956526,0.8850290029738,0.4419830506250,0.4966417902043,0.7753756802335,0.5334905169575,0.6104042109381,0.2171428909977,0.4851204917364,-0.0637457443196,0.1900954142115,0.0969292149393,0.1386110934769,0.8337421963285,0.3831587416554,0.5379327677173,-0.4504793877147,-0.2243308458666,-0.2328563032255,-0.2348708038542,-0.0848966944350,0.0687380326519,-0.1047423324055,-0.3573945598954,-0.3052995696172,-0.2924994916771,-0.3161340630574,0.1889139430468,0.1162865275590,-0.1913257501757,0.1556607022714,0.4188366496881,0.0842896816324,0.5616451763017
0.1677241619488,0.2285573141743,0.4417027708984,0.4400178622407,0.6360650947724,0.7262417419984,0.5848976152728,0.8221585213508,0.8127040647731,0.6301819959159,0.6589308159925,0.7139316912651,0.8160396445136,0.3279200405294,0.3340840218587,0.3977500382839,0.8191001529479,1.0000000000000,0.4956705428844,0.4725873288290,0.4853724342478,0.5267389486014,0.4176012918214,0.4026154464576,0.2153835440246,0.0815522251990,0.2557028139836,0.1119219799986,0.1799532527353,-0.0043949297003,0.2676111611295,0.2394385886670,0.4738904614168,0.0000195793312,-0.1943779363160,0.0898808430031,-0.0748417712342,-0.1792045274093,-0.1732140717534,0.0685420504996,0.3062794566490,0.0352562255599,-0.1817527934770,-0.1022808268550,-0.0205915724877,0.1683778024644,0.1065081042338,-0.0012038113041,0.1365231669062,0.3609877730029,0.3864912770573,0.1261358896951,0.5318105212245,0.5671873749990,0.5997578664257,0.5301612842379,0.7715331929165,0.7361486668519,0.7347042356018,0.7415961512705,0.5618055917183,0.6779830343434,0.6501440633135,0.7605014423803,0.3200544689932,-0.1143283906175,0.4906735425343,0.8111183008073,0.2124604041852,0.6065381493649,0.6100442129152,0.4258614122400,0.6255019931759,0.2877342898554,0.4094380439691,-0.0934720189530,0.2751078138176,0.1625241382868,0.2095378707426,0.8331255484467,0.2543612023197,0.4293494391068,-0.2512698598426,-0.2595796779210,-0.1580419746442,-0.1841017966398,-0.0692348162259,0.0303536869520,-0.0920737980896,-0.2329016281554,-0.1602595296432,-0.0482272751296,-0.1294755679228,0.1979230110856,0.0878629096351,-0.0585887776391,0.2070789058343,0.4008462511963,0.1776509761466,0.4874567139109
0.0644706034732,0.0859467328058,0.1448914791515,0.4691085922755,0.3338882370517,0.3658399214411,0.3143356582390,0.3923833199316,0.6713697726319,0.4185057070787,0.6270138775253,0.5468962625663,0.5003809675817,0.3716322188880,0.5050934383645,0.5829117004018,0.5393316616307,0.4956705428844,1.0000000000000,0.4285176908106,0.5994137881320,0.5214969256123,0.4986627813880,0.4470856122119,0.2578060358929,0.2871805393217,0.4366732600666,0.1294223183342,0.0658806155032,0.0158891662899,0.2906123563544,0.3445278093827,0.4976134592768,0.1897284039164,-0.0536637855900,0.3980456052916,-0.0147747274560,-0.0919631909431,-0.1493214855529,0.1808906355024,0.3203925285223,0.1531601263375,0.1741190129277,0.0867858130434,0.0388289809796,0.3949169052465,0.2797120696000,0.0274368603629,0.3491763463037,0.3985978363494,0.2013451098776,-0.0173426524406,0.4265375360307,0.1914051446148,0.2407724466503,0.3386822165381,0.4131676745676,0.3950184184713,0.4788701626725,0.5990509114227,0.4100930889141,0.6174208243457,0.5204011796473,0.4501259084111,0.1547371461756,0.1101474622588,0.4815602547807,0.4292071459703,0.2866164672341,0.5056290304725,0.5208899228768,0.5051158462082,0.5488844700500,0.1639462348265,0.4306603137110,0.0414577897273,0.3871800805175,0.1775632269096,0.0383868899245,0.5647199968039,0.2984460919987,0.3649659080383,-0.2307923173150,-0.1224677129822,-0.1413402238857,-0.0273709440418,0.0024929155346,0.0070391700212,0.1115188287780,-0.1638905810593,-0.1206421290036,0.0214295790958,-0.0427373070121,0.3048657829766,0.0585816210321,-0.0083352100576,0.4019555799120,0.2402157299721,0.1154701328704,0.4245344212406
0.0358448752570,0.0960668694876,0.2164596733947,0.2479882440036,0.2773774912891,0.3119880085810,0.1758303410799,0.4441313561057,0.4750177114097,0.2829491143514,0.3586501639317,0.4217596175460,0.4050972010760,0.3553830624719,0.3490799399437,0.7232291020584,0.3833552576067,0.4725873288290,0.4285176908106,1.0000000000000,0.4485758339635,0.3672983657804,0.3935324487037,0.4731108797488,0.7147758670179,0.4896692628622,0.5798924582988,0.2551471371846,0.1060565694624,0.2316993918825,0.6186112188541,0.5348930983654,0.6648620350596,0.3619782733610,0.2793367771187,0.3575998991453,0.1848013066803,0.3187172215908,0.1484532577303,0.3021794304500,0.3919243455846,0.2788837170576,0.3279802409799,0.4066276820364,0.4638360807749,0.4816283770770,0.5165704219819,0.0567536996294,0.2521922385813,0.4368855890668,0.0597357281847,0.0283957325210,0.3056528501592,0.2448940930877,0.1451078525201,0.0883027357523,0.4972954583880,0.3781858437360,0.3215343258429,0.3700404332060,0.1973337806599,0.2810471637060,0.2997651791529,0.3110597317636,0.0851272707038,0.0282581368851,0.4479839594625,0.2604039726918,0.1650991699810,0.7992828749083,0.3561279222863,0.2993673355491,0.4721770354174,0.6535873288968,0.3389778575181,0.1608113846659,0.4396069187139,0.2503950653572,0.0820183740299,0.5416694671363,0.3028981577401,0.3862595675382,-0.0755365309656,0.0805930180785,0.0980524879163,0.0993734037502,0.1389470342403,0.1998799904477,0.0154511430953,0.1176470675080,0.0212723109385,0.1289777285287,0.2315454297504,0.3516224977269,0.1751969637633,0.0199587801703,0.2114293198369,0.2243814990346,0.0847568341955,0.2775001577349
0.1768758241224,0.2041994188742,0.1798928983328,0.2047992235728,0.3154511756039,0.3208020126865,0.2831432690140,0.4240469586832,0.5385254226246,0.4610605098324,0.5097497789169,0.6429094966827,0.4141113062200,0.6217004256667,0.6090298618665,0.5592739468751,0.6769563815373,0.4853724342478,0.5994137881320,0.4485758339635,1.0000000000000,0.5597115246163,0.6101872578954,0.6426834877214,0.3377144104072,0.2306780601924,0.3766229506353,0.1011491470442,0.0140142433519,-0.0574549619849,0.3563543195967,0.4623173150183,0.6940507132382,0.0251660518901,0.2235899985591,0.5181440667675,0.1469467850709,-0.2751317061192,-0.3148776940813,-0.0632887998419,0.0979490108240,0.0098361729028,0.0484013837876,-0.0842801306242,0.0643008030832,0.3637805241622,0.2655173702591,-0.2042856567047,0.0903140912224,0.7127466531775,0.1610762890499,0.0320851567637,0.2824084424658,0.2457545199492,0.1451237899130,0.2305989039630,0.4248006003876,0.2469807921844,0.4151712181847,0.4782695622497,0.5039176384652,0.5199651044373,0.5540660351040,0.3345468711859,0.3497994069842,-0.0171021931983,0.5793556156239,0.4318721839132,0.4802896884034,0.4814861997911,0.8675200258389,0.6754359135798,0.6917553840502,0.4577109563282,0.4506958139405,0.1879883512540,0.3579487687212,0.1372883088109,0.0475802573698,0.6336286955920,0.5100952564780,0.5563547692695,-0.4398785894917,-0.1446054963178,-0.0478341790545,0.0548266526551,0.2289994350306,0.2693220647920,0.1632661650032,-0.2921670393808,-0.2968196351740,-0.1988965371503,-0.1112707761697,0.3737352723909,0.3595236884302,-0.1720738953374,0.2088055784582,0.2627318975466,0.0276878427470,0.6919919351926
0.0298861114905,0.1021283469774,0.1235824299468,0.2980375339751,0.3119570132002,0.4445229076807,0.2542355475559,0.4508445451926,0.5322434992061,0.5687090107988,0.6590990345850,0.6684683661889,0.5316818867196,0.3591381746599,0.4525065986797,0.4311802437051,0.5852179605137,0.5267389486014,0.5214969256123,0.3672983657804,0.5597115246163,1.0000000000000,0.6175898380038,0.3679673133235,0.2338269899373,0.3121581502582,0.5417164610301,0.2645969526519,0.2151114053367,0.2043924167453,0.4046398557879,0.4820275729274,0.6153479196987,0.1575961538106,0.0283940364293,0.1566601322625,0.1481945938259,0.0010882175362,-0.0232559359778,0.2530300079938,0.3835259591817,0.2511751472830,0.1265177837521,0.1380263129767,0.1671213853981,0.5242357046542,0.3286886026977,0.1646320550640,0.4255855868336,0.5232885781127,0.1958881674486,-0.0336461190029,0.4410024959422,0.2115688985545,0.2806644068781,0.2433884951531,0.5926895903283,0.3524144136310,0.3886885105114,0.4568538789524,0.6234617491879,0.6191153414919,0.5863819154146,0.4841686585320,0.2235059720807,0.1167475739746,0.3883447027738,0.4326370442706,0.1061786588296,0.4715084208948,0.6004774408663,0.7620029121202,0.4917226734638,0.2505971122495,0.3852268290403,0.1087247139306,0.5205036008712,0.2888473558644,0.2547904871677,0.5176982758574,0.4519774071767,0.5985173183765,-0.0717791420131,-0.0010585548601,0.1074102162183,-0.0339097715913,0.1326684603665,0.0556627210838,0.1881537060090,-0.0470095605755,-0.0349241162939,0.1202342759659,0.0337203345984,0.4903753951090,0.3565567887264,0.0644288575247,0.4548111324005,0.4696306720022,0.2758331631410,0.5924649524305
0.1807021626099,0.0711558972952,0.1336947753874,0.2088620653046,0.3259590658273,0.2988612749669,0.1196651466209,0.1905457053722,0.3527943637690,0.4244670415167,0.5505806978190,0.5640154868647,0.3208582458990,0.5085979542666,0.4958410609823,0.4393819124597,0.4417483013106,0.4176012918214,0.4986627813880,0.3935324487037,0.6101872578954,0.6175898380038,1.0000000000000,0.5941158439578,0.2274131315847,0.5094548727985,0.6496951283908,0.3014372325414,0.3248095853916,0.1874254910492,0.4398748900593,0.6846514629827,0.7238331918769,0.2930761573468,0.1535466371039,0.2671135228235,0.4047226344006,0.0570736097382,-0.0422595626829,0.3608085540215,0.3043780382445,0.2345897825117,0.2663981517385,0.1856880566635,0.2200938394298,0.5445477761454,0.4104958525088,0.0458350141838,0.4785281913084,0.5246711737298,0.1586850482916,-0.0490601414265,0.2320162778485,0.1218086405154,-0.0040247379576,0.0731532083232,0.4682036288796,0.1620083088411,0.0840683180430,0.1986369353057,0.2946307356414,0.4388420375354,0.4538545262807,0.2418210688405,0.1913561733482,0.1252970796863,0.2281969951384,0.2129380800125,0.0122274717973,0.4539633462240,0.5652785271610,0.8909856354549,0.6439964363640,0.3832611158126,0.3864132578428,0.3019019362042,0.7282831410127,0.4009474642248,0.2670015594123,0.4224634055525,0.6282615903091,0.5461791350336,-0.1936925875942,-0.0197524069123,0.0714514611151,0.2104865044356,0.4314820406198,0.1449608181142,0.2062498568625,0.0520462946999,-0.0205923136253,0.2190437174410,0.1187561281078,0.5039356705623,0.4169972774634,-0.0003282287177,0.4989672220994,0.2982198992434,0.2736345911429,0.5663237177319
0.1356265627634,0.0998170872187,0.2009750700470,0.1449264470380,0.3685013532577,0.3698300737173,0.2734322038502,0.2334642843258,0.4390895717825,0.3359915880135,0.4340395909527,0.4471839658047,0.2754978295532,0.4488189996301,0.5593722935810,0.5210000867884,0.3736328119996,0.4026154464576,0.4470856122119,0.4731108797488,0.6426834877214,0.3679673133235,0.5941158439578,1.0000000000000,0.4243777255084,0.3635246805038,0.5140429275342,0.1388139568579,0.1405868957561,0.1445640713150,0.5559863168231,0.3743517691964,0.4745145568408,0.1514277833101,0.4972207485941,0.5277222918609,0.6118003760975,0.0164271214775,0.1262703995885,0.2169689182998,0.2048588812368,0.1042743549176,0.2768008253977,0.1174283504090,0.2137195469693,0.3237918688959,0.2337842287409,0.1243118815300,0.2921983099211,0.5142330512869,0.1074133945502,-0.0297637819017,0.2303010100304,0.2463325256964,0.1911576374652,0.0958821450447,0.3370513084582,0.0875795258083,0.1760706958225,0.2803175767040,0.1465817528898,0.3400774272342,0.2918581306545,0.1634152806794,0.1640281377715,0.2649962161325,0.4018964224722,0.1911695841801,0.2769017730768,0.5233761673007,0.5094048482325,0.4986154548386,0.8530517343528,0.5896129941977,0.3031623841683,0.2606061180169,0.5946289810861,0.1909803092477,0.0964447905246,0.4473992218640,0.3424452448337,0.3026974188125,-0.2335280679928,0.0933863495649,0.0799684914190,0.1596185567828,0.6527234279098,0.5072897726149,0.3386059227957,0.0886258479346,0.1566332844004,0.1593728553178,0.1539489417596,0.2952459060671,0.1837832953319,0.1802422553028,0.2541627651594,0.2230817059577,0.2085174311897,0.4913570567565
