1.0000000000000,0.0620804561707,0.3122941735517,0.5480990526509,0.8853283969092,0.7190740643319,0.2119069468327,0.0776998183552,0.2886894821837,0.1785898254824,0.4959433329394,0.5464203698449,0.2881369383143,0.2280818997199,0.3063672776941,0.1974991969965,0.3407604043440,0.4711364623938,0.0375461705706,0.2906772112462,0.3718911764821,0.1477138662328,0.4198326735105,0.3696056676508,0.1814071628475,-0.2334049564832,0.3075162869312,-0.4330181297223,-0.4109236065799,-0.4899216157065,0.3197828289380,0.1405885025506,0.2359361183903,-0.0450313314398,0.3682217744025,0.0817414210201,0.3192417782154,-0.2109628522831,0.2631140785107,0.0484002834013,0.0588297093807,0.4293175716921,0.0110905035319,-0.4767425970772,-0.2698947591286,0.1265852897624,0.2283609363589,0.6840563963560,-0.1118717033260,0.5618984065228,0.8350892043558,-0.1176875778469,0.3547896243544,0.7028066297958,0.5221477051080,0.2093556648000,0.0666231891824,0.0608763681831,0.3442590828480,0.1920579457225,-0.0556381878051,0.3379627749720,0.2888283009945,0.1101538858150,-0.4525140057857,0.0689966198825,-0.2034535612691,0.2670613911565,-0.0940428238697,0.2638761025985,0.1132995963175,0.2737662392146,0.3454554672883,0.1206557738860,0.0582165247660,-0.2769516394336,0.3453629620330,-0.3651242778329,-0.6274911092353,0.3322252917620,0.0588438544227,0.1246043423552,-0.4505918170099,-0.2300786377688,-0.3170195071410,-0.1268522037516,0.2817034005354,0.0518520157565,-0.2085878154405,-0.0181874572858,0.2534451443315,0.0632601112213,-0.5207744075020,0.1033374272812,-0.1722885807415,0.6203194143535,-0.3667232723352,-0.0281474015459,0.0984555671011,0.1575567531293
0.0620804561707,1.0000000000000,0.6239066101489,0.1705371980873,-0.0314561073925,-0.0013536229928,-0.0741807916811,0.1627120903871,-0.1785256702815,0.2351204638856,-0.1219490999556,-0.0842118356014,-0.0488565474798,0.7217699305699,0.4152755205369,-0.1542633374677,-0.1033875206338,-0.0257421056342,-0.3100409270083,-0.2824091536882,0.0180131611366,0.1189334184648,-0.1447563701469,-0.3079070196880,-0.2272826295200,0.0694690826019,-0.2384945831325,0.1950545097227,0.0657922041369,0.5500628474133,-0.1469709067620,0.0085004607612,-0.0196151579475,-0.3613461768074,-0.1813927066738,-0.2601462082406,-0.2535469138069,0.0113283582278,-0.2749423531678,-0.2116745438870,0.0856893417613,0.0003363320944,-0.1466633780067,0.0467446686653,-0.0071073699928,-0.2277889929606,0.1098633803502,-0.0908458610636,0.4909423798330,0.0409182835156,0.2162726615143,0.7339468816644,0.2590089378111,0.1948837011640,0.0389717346154,0.0091308074038,0.1683472681555,0.0615073763010,-0.3224562224122,-0.2118942756779,0.0207516628052,-0.0994193882754,-0.1662292341240,-0.0540953064411,0.5923783425720,-0.1555563463285,-0.1411881674340,-0.1397856813932,-0.3534379459721,-0.1795226574144,-0.1773494072649,-0.0694224527769,-0.3285928623198,-0.0947957774539,-0.3715593076819,0.1736405250417,-0.3372248626737,0.2121637527778,0.2830192663696,-0.0547847647677,-0.0088466532655,-0.0934480289191,0.5444461879553,-0.3583296097227,0.3402021289691,-0.2890482536880,-0.3266198118080,-0.1881642011983,-0.4180371789397,-0.0269172434560,-0.2221639397695,-0.3258652318211,-0.0830347348859,0.0400958439961,0.1754939986555,-0.1170983979005,0.5986006719038,0.1413121009241,-0.0145267411580,-0.2622211755104
0.3122941735517,0.6239066101489,1.0000000000000,0.4092611092590,0.2925030255956,0.3572173456200,0.1634650314263,0.3698080116128,-0.0185907229868,0.0328934146488,-0.1704838561388,-0.0771898128199,0.0985708429957,0.5503369664178,0.2961458540132,-0.1147481808114,-0.0093972501185,-0.0235142807167,-0.2780731402554,-0.0248232060831,-0.0258054233983,-0.0485015978236,-0.2492752660360,-0.3388982544022,0.0121050446521,0.1713449835245,-0.0502674159467,0.1669624017165,-0.1850627176509,0.3149492276869,-0.1930381129821,0.1312655937655,0.1118757969606,-0.4812076618619,-0.0920138088356,-0.2554795917358,-0.2518632826150,0.2380566222171,-0.2512941637082,-0.3768859103008,-0.1064319431896,-0.0340713170243,-0.2953718252148,0.0740269873607,0.1829420823969,-0.2643206382776,0.0115366668801,0.1546707561510,0.3213957339260,-0.0100471720897,0.5514050157452,0.7401286470960,0.5206214853909,0.6380969321244,0.3330748727888,0.3015542620621,0.2820981857771,0.2770145851005,-0.1755714714805,-0.0917134685223,-0.0785558286675,-0.1740029648454,-0.2066661119791,0.0291416317115,0.4375159697536,-0.0935695889801,-0.2034152753736,-0.1117893601144,-0.3476534005267,0.1483934838402,-0.2526438481036,-0.1870470941381,-0.3475732207713,0.1886457456576,-0.3030110317410,0.2178312999528,-0.1539682656298,0.0813200008811,0.0088139312836,-0.0665012480871,0.0449815912853,0.0460719534499,0.3658915940746,-0.4448417972761,0.4418904873468,-0.3397380695265,-0.3040888156139,-0.1908930137028,-0.5197073516584,0.2573817379376,-0.2746397403993,-0.4636960159274,-0.0367712406333,0.0751124472836,0.1680988810973,0.1487251379487,0.3091116733178,0.0445906549971,0.0073901669734,-0.3894597500774
0.5480990526509,0.1705371980873,0.4092611092590,1.0000000000000,0.5859660882432,0.6451462094963,0.5219449702297,0.1295137157112,0.1309756486929,0.1320899973532,0.4183851633330,0.5064266271300,0.3079466408497,0.1315260284234,0.5742996690600,0.3673556142036,0.3890880139585,0.2901835015353,-0.0455752351645,0.2057827461204,0.4531698452298,0.0650871952184,0.3901461848255,0.1251215921188,0.0695830281155,0.0271860442739,0.1587951477551,-0.1653227075738,-0.3295982176428,-0.2481411027454,0.1631679926964,0.2712588425041,0.2429048989532,-0.0635592616496,0.4666317090472,0.0836958508878,0.0587843647862,-0.0886076339603,0.1430494972081,0.0000347831787,-0.0771220163527,0.2029166277866,0.2359051264184,-0.2056439546460,-0.1606955742516,-0.0346659029168,0.2084865452910,0.5876225510972,-0.2163778164892,0.4081479491894,0.5592887380183,0.0252950419795,0.6732234512674,0.6860726478491,0.5103868754143,0.6951335798815,-0.0009848902224,0.0678454629795,0.1527854832009,0.0169104715294,-0.0693137492998,0.3990861174460,0.2674828585875,0.0848856407479,-0.2163874048977,0.3742731492497,-0.1234705771923,0.2624437653419,-0.2478801043661,0.1811552857967,0.2023249979106,0.2134899634869,0.0911005141725,0.0465855400340,-0.0409550981168,0.0088269287534,0.1082248805515,-0.1841775798520,-0.4264325561640,0.1455522827503,0.1557135122433,0.0686903084912,-0.3188426743389,-0.0410724501794,-0.1699467438190,-0.1548400551209,0.0009704133430,0.1231659976495,-0.1283143321147,-0.0985901171988,0.1172629729357,0.0006683139148,-0.2456513282417,-0.0011636477590,-0.1044987235167,0.5271283289103,-0.2925487765161,-0.1494776482161,0.0071426364227,0.1076333210641
0.8853283969092,-0.0314561073925,0.2925030255956,0.5859660882432,1.0000000000000,0.8032000923818,0.2470042411550,0.0365870317052,0.2192044662123,0.0718009039042,0.4923123098691,0.5475514261300,0.2704002806398,0.0936157757888,0.3261535220517,0.1663577896403,0.3179201886958,0.4491504193573,-0.0233772719521,0.2089837886909,0.3457765661211,0.1874726621492,0.4137949670597,0.3037328010364,0.1110076876439,-0.2265732959159,0.2280687150553,-0.4086016168338,-0.3496536391869,-0.4892188146344,0.2256008094450,0.1052052163921,0.1597160298558,-0.0589573856627,0.4041368951600,0.0290665378272,0.2547326015761,-0.2563434974647,0.2385588061972,0.0231881708557,0.0597434820141,0.4347367202943,0.0095672445351,-0.4743602603367,-0.3106388137374,0.0907270971854,0.1437928115401,0.6956195178288,-0.0668986580064,0.5097188411236,0.8324657302464,-0.1785890986559,0.2938141219217,0.7413896062812,0.5958014736240,0.2889710881767,0.0687758759053,0.0747459950560,0.3223397309782,0.1189245641878,-0.1287986791142,0.3753166456866,0.3208149700988,0.1329785673758,-0.4824454592485,0.1391486201225,-0.2486125114653,0.2814493828100,-0.1554582436198,0.2224114046751,0.1554335912549,0.2708700935593,0.2737484980704,0.0418233702464,0.0102592350471,-0.2493438341944,0.2630549649432,-0.3556841162169,-0.5763216601577,0.2756737532691,0.0784518989129,0.0846117193106,-0.4309024112350,-0.2104222096751,-0.3262148342841,-0.1496218956699,0.2192036766469,0.0404667700889,-0.1723672334948,-0.0737087240501,0.2236139540555,0.0637956207977,-0.4945378501888,0.1137807572376,-0.1875509422708,0.6300180095673,-0.4150029350967,0.0398107897813,0.1400932275766,0.1584795743261
0.7190740643319,-0.0013536229928,0.3572173456200,0.6451462094963,0.8032000923818,1.0000000000000,0.4647619768768,0.1051539033091,0.2347877618510,0.2546622277577,0.4546047695527,0.5130993553980,0.2673130369298,0.1125713208890,0.4219167442850,0.2497989748331,0.2814604423942,0.3585590073572,0.0604766918553,0.2034816267466,0.3337832627862,0.2460274285698,0.3613396530839,0.2600584455925,0.1046187714445,-0.1324227245980,0.1908447078318,-0.2584595388122,-0.3221005244814,-0.4080505581336,0.1741262437120,0.1154529914890,0.1316457895970,0.0008204542441,0.4067486239826,0.1646789995806,0.1981088307573,-0.1453655270378,0.2162943190488,0.0591701100023,0.0403554249426,0.3279520462668,0.0753950748184,-0.3350260427177,-0.1841935348479,0.1526911958419,0.2057722235657,0.7887673032298,-0.0460239918072,0.5079316366985,0.6699862192564,-0.1325655904302,0.3792130881904,0.8305592733284,0.8052881289888,0.4244587620947,0.0511674798882,0.1242085974588,0.2886066945406,0.1463315410658,-0.0146026307703,0.3116580731202,0.2149388905400,0.0649690037410,-0.3136037177209,0.1566931796813,-0.1558758596624,0.2072694366001,-0.0556917232590,0.1926944885183,0.0812722549374,0.2043547862274,0.2406640037549,0.0577101117230,-0.0435130079316,-0.2455254758428,0.1639717620019,-0.2364251025827,-0.4901468913797,0.1827550318925,-0.0268862938413,-0.0115020904288,-0.3962976337523,-0.2065957022044,-0.3124701292891,-0.1039826075836,0.1402391259123,0.0914336709719,-0.1790298538842,-0.0491490305394,0.1979055888536,0.0676993899726,-0.3833498382987,0.0656848626104,-0.1692557543579,0.7000319646053,-0.2874676678023,-0.0357765624977,0.0487409666301,0.1188953156531
0.2119069468327,-0.0741807916811,0.1634650314263,0.5219449702297,0.2470042411550,0.4647619768768,1.0000000000000,0.1291630723374,0.1167949270078,0.1671161844488,0.0502152164120,0.0607483862412,0.1036427116719,0.0941068665195,0.3368122393038,0.3965485563059,0.1980356641779,0.0934100075903,0.2448880529137,0.0385096591500,0.1065820578128,-0.0388275184587,-0.0906716326321,0.1738254409889,-0.0784957317439,-0.0240749769845,0.0143675139816,0.0657726258410,-0.1212113629343,-0.1449072158693,0.2900039932920,0.0556810957230,0.0638172469145,0.2242476101954,0.2342549676581,0.3708617668081,0.1809272703736,0.0225178515550,0.3553872727229,0.1567470188052,0.0556700806226,0.0413371008582,0.3514355661003,-0.0222134717542,0.0256486038921,0.0879474460334,0.1657426596890,0.3259631371257,-0.0239233600906,0.1667101620629,0.2057081504533,-0.0652919387218,0.5313683239831,0.4306918216665,0.6004463015530,0.6907565556466,-0.1278373372527,0.1326480260016,0.1120357672805,0.1339687198560,0.0412236552071,-0.0430725329847,-0.1637583344835,-0.1502644565920,-0.0160281989710,0.3313227023874,0.2591354720620,0.0397514892629,0.2060980567829,0.0521688675369,-0.1504949676021,-0.2316670784354,0.1685661982737,0.0427057693015,0.0036971653182,-0.2216800224747,-0.0767190160283,0.0042750261036,-0.2365280661397,-0.0147497172798,-0.2243776070288,-0.1613240858568,-0.2371816067077,0.1813901917992,-0.2156673979779,0.1775993043890,0.1456563089012,0.3573091329302,0.1153184353341,-0.0313654706523,0.3174147655694,0.0918495786600,-0.0873335410949,-0.1451686616944,-0.2078218878704,0.3001890934009,-0.0885122567733,-0.2084522036594,-0.2383815704027,0.0650359012679
0.0776998183552,0.1627120903871,0.3698080116128,0.1295137157112,0.0365870317052,0.1051539033091,0.1291630723374,1.0000000000000,0.6196523455833,-0.0559406736093,-0.1821729614575,-0.0194565280381,0.3873173988046,0.2120867926612,-0.0615343067985,0.2000795584956,0.3009011185063,0.3593046006511,0.3768391311664,0.4606032445617,0.1644856564753,-0.0754551146817,-0.2572813314888,0.1375524130256,0.4655327749639,0.2414196806755,0.3774725360918,-0.0212040963980,-0.2950387281871,0.0631728375984,0.2810373295258,0.2677581664974,0.3999486355993,-0.3482917452558,0.0443742614135,0.0251930757449,0.1505645839783,0.5916113351940,-0.1113474816000,-0.3125668429097,-0.2193669404738,-0.1465007968334,-0.1389519673617,0.1918530768541,0.4648015671356,-0.2454509112466,0.0495169269591,0.0099939680097,0.0330810002848,-0.0691496592645,0.1928020532280,0.3465117234056,0.2636681130168,0.2729226267585,0.1297486192407,0.1193299056442,0.5715603356324,0.6868259895654,0.3727140025995,0.4349948950211,-0.2237210456624,-0.2437974514368,-0.2743704321376,0.0019623481883,0.1030930258509,-0.3383925758796,0.1189298728190,0.0345221191558,0.0668055688029,0.5312974363385,-0.3343103605648,-0.3149788824468,0.0430377188772,0.6222643954793,0.0913023814984,0.1547841737013,0.2338335383406,-0.1072442902135,-0.1555487127265,0.2583141098359,-0.0103031403206,0.0953632598825,0.1217378037783,-0.3211490497181,0.4481952880954,-0.2123089918259,0.1022325946476,0.0958727118582,-0.4941875643530,0.4938493458544,-0.2028669852225,-0.3540015081938,0.1226515125098,-0.0400296256078,-0.0567395406835,0.0349458328689,0.0251463607995,-0.1519426469615,-0.2037435244713,-0.4895878757313
0.2886894821837,-0.1785256702815,-0.0185907229868,0.1309756486929,0.2192044662123,0.2347877618510,0.1167949270078,0.6196523455833,1.0000000000000,0.0184403183697,0.1653555976366,0.2513617588376,0.3658406910313,-0.0565633889382,-0.0873203278548,0.2601016418172,0.3018512997488,0.4388079387251,0.6125235820116,0.7255399136377,0.2314427289477,-0.0703367530369,0.0944361473628,0.5784024143602,0.7368849543047,0.0130707252355,0.5571169131567,-0.2605714815859,-0.3806813217865,-0.3640523787446,0.4452437016727,0.2192725800623,0.3361942263442,-0.0713105768709,0.1652896985745,0.2087744143046,0.3983642937824,0.3096180842647,0.1362813883018,-0.0775660427341,-0.1151223553396,0.1170536615643,-0.0194974555739,-0.0474526412373,0.1318731381740,-0.0275333217711,0.1174351028598,0.2476575842511,-0.2938465774502,0.2184845783162,0.1891615759961,-0.1520198539807,0.0952479398391,0.2567323726476,0.2135539536940,0.0197286846218,0.3720841122494,0.5958758047082,0.7792664358596,0.8856521587276,-0.1685014446430,0.0147956262945,-0.0110212649623,0.0547146144037,-0.3456936426096,-0.2033354540719,0.1267379733553,0.1859752003966,0.4080024180139,0.7582917899994,-0.1005619831327,-0.0591128440214,0.4982348870479,0.7279085327587,0.3682421883493,-0.1210931684364,0.5666332387480,-0.3044608733527,-0.4066959692783,0.4125425321235,-0.0351536376607,0.1724379824391,-0.2878913444833,-0.1362609012889,0.0006202012726,-0.0503956509357,0.4191074248634,0.2080181789819,-0.2246126611450,0.4233642709292,0.0728605374125,-0.0644453883488,-0.0634338939511,-0.0878836670627,-0.2360772809662,0.2528154135937,-0.3104161904355,-0.2216958842294,-0.1100230711190,-0.1483106989173
0.1785898254824,0.2351204638856,0.0328934146488,0.1320899973532,0.0718009039042,0.2546622277577,0.1671161844488,-0.0559406736093,0.0184403183697,1.0000000000000,0.1564499361561,0.2460756564808,0.1646754124050,0.2230078460024,0.5457000360537,0.0680995492187,0.1102188945623,0.0525331229997,0.0465459732502,0.0198127665169,0.2932157491410,0.5719149812811,0.1236527716427,0.1349094697224,-0.0131944862893,-0.1322789873245,0.0137514153213,0.1546904858563,-0.0808690224661,-0.0136243875539,0.2449691796211,0.0760213199461,0.1602209115175,0.1811572309009,0.0151918047917,0.0560028217891,0.1841232930679,-0.0795665369970,0.2488225441734,0.3026696506418,0.3468136123906,0.4290205165832,0.3245665696143,-0.1236553256057,-0.0211976348273,0.3632532134046,0.5502628006837,0.1489661458415,0.0789370167164,0.5887516179438,0.0311655762929,-0.0542840874959,-0.0001531151657,0.1154485056222,0.2796512346405,-0.1122001072947,-0.1268854633402,-0.1429521814078,-0.0628722504726,0.0430299239124,0.3759307190434,-0.0394197648098,-0.0654098109646,-0.1529597586233,-0.0084969070893,-0.0457279457015,-0.0562639568251,-0.1720976722508,0.0236202445727,-0.1130598589337,-0.2008499964760,0.1138514119086,0.0908965891783,-0.0315694363445,-0.1309233460160,-0.2509333783684,-0.0090396660176,0.1843720599448,-0.1728368760000,-0.0146567280572,-0.2225665995911,-0.1257574057536,-0.0170048058443,-0.0913258070338,-0.1728342627442,0.0964632421818,0.0739696432339,-0.0066879613326,-0.1096386313499,-0.0832466201911,0.2327266581266,0.2131023376346,-0.2393928393744,0.1759393895089,0.0345900326363,0.0515338123699,0.0334192594629,0.2796009440423,0.1357096850796,0.0515015648537
0.4959433329394,-0.1219490999556,-0.1704838561388,0.4183851633330,0.4923123098691,0.4546047695527,0.0502152164120,-0.1821729614575,0.1653555976366,0.1564499361561,1.0000000000000,0.8281022041140,0.4422565355601,-0.1958918854883,0.2471625178373,0.1898418191027,0.5344034684631,0.4341068826058,-0.1138042227121,0.2069031327345,0.6436016173234,0.2255214853708,0.8101401106718,0.4595207877784,0.1148705037495,-0.0381013650838,0.3403996650498,-0.4313633605138,-0.1350393246928,-0.4048390324089,0.2087926387793,0.2918143075889,0.2667095706283,0.0119641585807,0.5737042012897,0.0245559511898,0.2874465673874,-0.3028957490747,0.3097916301782,0.2043737306953,0.1020768006788,0.4195121003233,0.2908207484178,-0.3334833558258,-0.3448993462866,0.2050433449167,0.2687320394673,0.6672383012773,-0.3130684892076,0.6054348244128,0.2848550524804,-0.3907344147069,0.0092514711218,0.2679993553501,0.1947523978510,0.1647371791911,0.0258307342043,-0.1708843879108,0.2362709734543,0.0485979787445,-0.0855518293862,0.8077357085708,0.7267014246962,0.3037431517915,-0.6026688522618,0.2165179600327,-0.3616519237239,0.4124272326085,-0.2601178397015,-0.0014550113113,0.4951906614421,0.6305212375530,0.4439563050818,-0.1332253177118,-0.0013910187992,-0.1098686619409,0.3299390108351,-0.3716047139753,-0.3799666483972,0.2821884645743,0.2683007002474,0.2203326274213,-0.5471708483389,-0.1450689273916,-0.4480473806365,-0.2531795929918,0.2599381090849,0.0863797350518,0.0012632549022,-0.3176917554344,0.2475560430083,0.2187780852471,-0.3465055007676,0.0257598746218,-0.2038302285509,0.6031090618755,-0.4741562761831,-0.0752892876343,0.1207273685334,0.3343286553723
0.5464203698449,-0.0842118356014,-0.0771898128199,0.5064266271300,0.5475514261300,0.5130993553980,0.0607483862412,-0.0194565280381,0.2513617588376,0.2460756564808,0.8281022041140,1.0000000000000,0.5780840004178,-0.1525404532754,0.3224743036489,0.2343645569571,0.6336548988107,0.5271464086577,-0.0196932001836,0.2850582880023,0.7425710379553,0.1857162018253,0.8493549038309,0.4727805637719,0.1789904357164,-0.0086928829743,0.3934503412826,-0.4319031228362,-0.3369618202487,-0.4418089914160,0.3579993651962,0.4170953715175,0.4749009430094,-0.0526063065962,0.5466513249482,-0.0417737182931,0.4022219379300,-0.2440844287493,0.3436605988789,0.1050990322527,0.0085996865538,0.4835934012659,0.2985132165170,-0.3509614139779,-0.3112810419638,0.1499956490310,0.3916512899655,0.6615707185078,-0.3931972718671,0.6799791387362,0.3622332565020,-0.3204608743145,0.1461763097227,0.3497596723006,0.2743287603326,0.1668873680796,0.0888749185525,-0.0484375609052,0.2865540775476,0.1428963872958,-0.0722946902597,0.6939661333377,0.6832092507454,0.3200466486531,-0.6264815818699,0.1536448086240,-0.3120843816417,0.3878032836726,-0.2276171628990,0.1533761555730,0.3967340715669,0.5591060070380,0.4136242930789,0.0335141686949,0.0995453019544,-0.1026047153135,0.4337295403207,-0.3581950923798,-0.5124824605437,0.3464538501119,0.3128594752487,0.2959089346202,-0.5244207249653,-0.1297154269612,-0.3375751176986,-0.2089065870501,0.3649032753913,0.0953243144050,-0.0451108012720,-0.1684171187414,0.3023385406688,0.1390165301547,-0.3521849029161,0.0903938497637,-0.1018606578769,0.6162475853495,-0.5637029830732,-0.0561543558482,0.1049076119158,0.2569600609580
0.2881369383143,-0.0488565474798,0.0985708429957,0.3079466408497,0.2704002806398,0.2673130369298,0.1036427116719,0.3873173988046,0.3658406910313,0.1646754124050,0.4422565355601,0.5780840004178,1.0000000000000,-0.1329819905055,0.0642973793287,0.0748970607967,0.7926657776660,0.4239613816182,-0.0099074333487,0.4598014592445,0.6687412686134,0.0228353140741,0.3188204142671,0.3584847750806,0.4238161906554,0.3854450360740,0.5934138983080,-0.1766912898475,-0.3691041680752,-0.2386652852799,0.3596457943662,0.6767395054107,0.7694969483487,-0.2417782683297,0.3030122219025,-0.2101456990967,0.3295907301930,0.3106098581107,0.2200601883277,-0.0781990083040,-0.1165681630232,0.1838025153906,0.1582880349890,0.0807303602463,0.2089151917020,-0.0744850115256,0.3560710522376,0.3646771838246,-0.3804206677241,0.3558368503054,0.2580027651547,-0.0340054341586,0.1590137998008,0.2811725354531,0.1453025325019,0.1864790010783,0.4255327553055,0.2247977754922,0.2131669917473,0.1808263419260,-0.1311219489836,0.4048047793860,0.4651076419656,0.5547210557616,-0.4516993775914,0.0072084198333,-0.3410800236954,0.2996301199959,-0.2612977964719,0.3217020253923,0.2047252656205,0.2286306755684,0.2597327243353,0.4025394773589,0.1269406682691,0.2512381326414,0.5196379477675,-0.2711982906828,-0.4300139383249,0.3240944261954,0.4234648652539,0.5507920835317,-0.2853626121866,-0.3063348154635,0.1618861287537,-0.3224368110115,0.3182599394313,0.0833734929694,-0.2224555469012,0.2394934201657,0.0679004604260,-0.1123414321321,0.0515297795985,-0.0290116671891,0.0522440365369,0.3279173244614,-0.4969348575290,-0.0933840349761,0.0026024528079,-0.0902716609559
0.2280818997199,0.7217699305699,0.5503369664178,0.1315260284234,0.0936157757888,0.1125713208890,0.0941068665195,0.2120867926612,-0.0565633889382,0.2230078460024,-0.1958918854883,-0.1525404532754,-0.1329819905055,1.0000000000000,0.4183057995029,-0.0484268844271,-0.1742783339816,-0.0779472094331,-0.0306876243259,-0.1526648416950,-0.0351619549507,0.1231372060056,-0.2263861631471,-0.2165158609995,-0.1390584840833,0.0031435805798,-0.2306568999848,0.1738722416037,0.0857371270371,0.4933464824450,-0.0367651742167,-0.0873079732281,-0.0764983679593,-0.2145120166090,-0.2570629555974,-0.0408691967234,-0.2256030222971,0.1040326318674,-0.2666092107104,-0.2271508160589,0.3120791105750,0.1374703044285,-0.0920502093379,0.0172128608006,0.0879282481822,-0.0035495383519,0.1194394323476,-0.0770999234802,0.6133494816247,0.1282271121396,0.2877822954292,0.5956838804541,0.1920298953196,0.2696559068349,0.0872454248070,0.0282042933786,0.0845363480139,0.1314785360070,-0.2051080489795,-0.0639409744071,-0.1644646003510,-0.3056131523310,-0.3781817504314,-0.2475628192167,0.5240224788807,-0.2775620389535,0.0759791167077,-0.2280795778016,-0.0495049613273,-0.0889529979785,-0.3639898802033,-0.2931914237311,-0.2576166866419,-0.0208436610455,-0.2452863365113,0.0197792740013,-0.3126758568704,0.1441084841394,0.1380856231739,-0.0713886889539,-0.2309320153297,-0.2172322039299,0.4006469305114,-0.2355774984542,0.2261163729302,-0.1882258153785,-0.2768043817910,-0.1253940043240,-0.4211650479114,0.0321766796573,-0.2415133348160,-0.3329532344482,-0.1102962986546,-0.0024518547824,-0.0498471694388,-0.1443582248721,0.5983937229506,0.0353844191771,-0.1154440026482,-0.3604255291569
0.3063672776941,0.4152755205369,0.2961458540132,0.5742996690600,0.3261535220517,0.4219167442850,0.3368122393038,-0.0615343067985,-0.0873203278548,0.5457000360537,0.2471625178373,0.3224743036489,0.0642973793287,0.4183057995029,1.0000000000000,0.2859422132547,0.1526963472136,0.0991626929592,0.0244276870429,-0.0838734946319,0.3788071263515,0.4126837496165,0.2095576168032,-0.0088056002872,-0.1626165451899,-0.1271570226009,-0.2177381314965,0.0439265188958,0.0082538876433,0.0683827006421,0.1784512916244,0.0246765299068,0.0588361931632,0.1482300821875,0.1855666248097,0.1431199282885,-0.0057786106789,-0.1766804610530,0.1572309716663,0.1748734581065,0.3493260744498,0.4537934783928,0.4481129796679,-0.1293796199413,-0.1414273276658,0.1962087411265,0.4355769254838,0.2837988707110,0.1706671456081,0.5994707403962,0.2514752481287,0.0864299442423,0.2287556225806,0.3584492978401,0.3188853030573,0.1857825731847,-0.1953137926082,-0.1393718727979,-0.0944310185272,-0.1239012859593,-0.0283659121520,0.0675942325050,-0.0534785679497,-0.2674375983491,0.1269271305529,0.1848663280130,-0.0042653855190,-0.0932713374499,-0.0761566473672,-0.1575704169232,-0.1341255415015,0.0314972863996,-0.0957855339710,-0.2115810805991,-0.2323511124145,-0.2363982516470,-0.2536268145076,0.0515664488244,-0.1183798085763,-0.0624042263791,-0.2340009255015,-0.2454231785899,-0.0331276426056,-0.0372284754061,-0.2273449023992,0.0022804346499,-0.1311129369045,-0.0036632406308,-0.1282461059660,-0.2783528709821,0.1537903856333,0.1158905795504,-0.2855003453477,0.0065091137285,-0.1373539988326,0.1503587911474,0.0930904526776,0.0531437643690,0.0425221617217,0.0740435374143
0.1974991969965,-0.1542633374677,-0.1147481808114,0.3673556142036,0.1663577896403,0.2497989748331,0.3965485563059,0.2000795584956,0.2601016418172,0.0680995492187,0.1898418191027,0.2343645569571,0.0748970607967,-0.0484268844271,0.2859422132547,1.0000000000000,0.3431437126933,0.4214322008245,0.5321286598669,0.1737920766916,0.3680210124025,0.0706754391171,0.1985196986722,0.4112511766648,-0.0279495649163,-0.0928341090699,0.1195598878426,-0.3069988324540,-0.0614675822182,-0.3028501661857,0.5715034919760,-0.0043621942047,0.1638063020532,0.3236579550931,0.5932941689854,0.7654080562861,0.3327814666127,-0.0526665439241,0.4125598910681,0.1169380117174,-0.0119983643812,0.0811178664201,0.5784247013689,-0.1327235858779,-0.0640974404990,0.0749256012106,0.0489672497256,0.2036092924999,-0.1578211506103,0.1997549822243,0.0238583323047,-0.2562000933167,0.2262603538942,0.0597908222377,0.1554265731903,0.2411551750297,-0.1031401752526,-0.0434234037627,0.3070710397495,0.1487302214631,-0.1809093572009,0.0419752143735,-0.0595263169994,-0.2017258328142,-0.1847275200593,0.0608850582894,0.5980431889536,0.1806759115377,0.3110005305774,0.0143999586444,-0.0244709819334,-0.1239879935582,0.4175842094684,-0.1260649250187,0.2841371850010,-0.3688999382986,0.0421220502170,-0.2860815187892,-0.2738499087452,0.4403755333660,-0.3259372714626,-0.1974503687776,-0.4388090123235,0.4240252972307,-0.3784891010683,0.1300647965173,0.2823319118198,0.6132703430918,0.2489156411452,-0.2525582360160,0.3447987471807,0.1481407288135,-0.1998920936005,-0.2932772560005,-0.4524416902383,0.2110631343491,-0.1952465498396,-0.3281895091121,-0.3433845123731,0.1547550641951
0.3407604043440,-0.1033875206338,-0.0093972501185,0.3890880139585,0.3179201886958,0.2814604423942,0.1980356641779,0.3009011185063,0.3018512997488,0.1102188945623,0.5344034684631,0.6336548988107,0.7926657776660,-0.1742783339816,0.1526963472136,0.3431437126933,1.0000000000000,0.5630534178757,0.1256191712869,0.4216135607429,0.7966947483228,0.0095876308736,0.4259118883665,0.5108445757736,0.2647816239856,0.2808331687751,0.5550923833930,-0.3172641191451,-0.3968012588566,-0.3660378498212,0.5564702962342,0.6021758990987,0.7507541800538,-0.0782352885827,0.4138125020637,0.0255463341438,0.4361663347177,0.1329318858028,0.3127950808182,0.0385271897871,-0.1931181822678,0.1477639673423,0.3978338267877,-0.0538905343418,0.0287152303996,-0.0525715322402,0.3216042169442,0.3861180885421,-0.3928906506028,0.3423118257680,0.2336054280384,-0.1469196838953,0.1547089147704,0.2275906094914,0.1620462976995,0.2130758181501,0.2786160580509,0.1260152255929,0.2836236442606,0.1396829903417,-0.1701344752818,0.4402306880476,0.4561573449914,0.4039976623996,-0.4603482828360,0.0441912459278,-0.1735759123600,0.5228136644599,-0.1664070872824,0.2451814219706,0.3197691607830,0.2637233520077,0.4245183766664,0.1882456571236,0.2328368484471,0.0842369653174,0.4812793292681,-0.3417551628414,-0.5080079033768,0.4339760213481,0.3060104227394,0.4494061470670,-0.4177522943912,-0.1137782517730,-0.1002432859220,-0.2149191798982,0.4194657054871,0.2452623930843,-0.0643569356861,0.0293362669873,0.1896432632337,0.0191790773197,-0.0795905723529,-0.0730811215642,-0.0721948272588,0.3546122577026,-0.5045911515753,-0.1889403612316,-0.1088940438357,-0.0194407183755
0.4711364623938,-0.0257421056342,-0.0235142807167,0.2901835015353,0.4491504193573,0.3585590073572,0.0934100075903,0.3593046006511,0.4388079387251,0.0525331229997,0.4341068826058,0.5271464086577,0.4239613816182,-0.0779472094331,0.0991626929592,0.4214322008245,0.5630534178757,1.0000000000000,0.1173219127678,0.2515960526808,0.4974009468463,-0.0105791538510,0.3615495265141,0.5819436526161,0.1559067540424,-0.1045764176208,0.4541260408946,-0.5157092757275,-0.3398142745954,-0.4109541589273,0.5709594224640,0.2263192719287,0.3429125633585,-0.0455258349045,0.5146857942778,0.1380772297276,0.5297423825024,-0.1910088574711,0.3700970603133,0.0285777776189,-0.1080883036429,0.1253456306490,0.0726610848625,-0.3516597288506,-0.3222625358614,-0.1313328936873,0.1230929861627,0.4202498713639,-0.2177959703743,0.3174610847652,0.3131094303310,-0.2101402437571,0.1036318932355,0.2727000494289,0.2299731859554,0.1516285411878,0.3356143991224,0.2214264613794,0.4346973243375,0.2454952810228,-0.1971071025041,0.3762047004864,0.2742778998293,0.2400999688903,-0.4095120111083,-0.0573335895598,-0.0097636273430,0.5865983800852,-0.1253277206865,0.2082503633916,0.2292873948959,0.1782753157057,0.5959600741788,0.1378252934336,0.1610416617492,-0.1763292660038,0.4567540038559,-0.4227054164795,-0.4299667674906,0.6291139233247,0.0755695906522,0.2243671149608,-0.4675246843333,-0.1162492995279,-0.1937401281851,-0.1969665379444,0.4743695066847,0.3478423812140,-0.1015638259764,-0.0395285556948,0.3154076100333,0.0516567161746,-0.3462866144928,-0.1503194263149,-0.2597187417123,0.4507592805327,-0.3759501600274,-0.2558843535726,-0.2128257602060,0.0314761180035
0.0375461705706,-0.3100409270083,-0.2780731402554,-0.0455752351645,-0.0233772719521,0.0604766918553,0.2448880529137,0.3768391311664,0.6125235820116,0.0465459732502,-0.1138042227121,-0.0196932001836,-0.0099074333487,-0.0306876243259,0.0244276870429,0.5321286598669,0.1256191712869,0.1173219127678,1.0000000000000,0.4377734614042,0.1026123011158,-0.0048981538648,-0.0867040228402,0.5118861579976,0.3001091827034,-0.1103925516292,0.2016969781584,-0.1148068966747,-0.1462123782905,-0.2774400930648,0.5721847608882,-0.0862997321866,0.1208317058219,0.2838609787298,0.0257951464078,0.6038314732080,0.4104120724924,0.2445141549223,0.1926256929907,0.0815527634783,-0.0133771736140,0.0325494136143,0.3664047930471,0.0129862858686,0.2324173809780,0.1610682418367,0.0822836373004,-0.0443957050618,-0.1089667355318,0.1003047169308,-0.1091095513787,-0.2424221334856,-0.0405497604251,-0.0576796812732,0.1032724682454,-0.1754309939072,-0.0281860956218,0.2890403568053,0.5621176780644,0.6094932770566,-0.1468980040855,-0.3119065778431,-0.3268612040608,-0.3394276730151,-0.1401504846528,-0.2199589098010,0.5750956203425,-0.0440009645621,0.8073261693458,0.3960468630776,-0.3120535037686,-0.2773416523579,0.4088665586773,0.3165916400510,0.4961889839083,-0.3993077411534,0.2043427260135,-0.1243676275669,-0.2361482822664,0.2559015166498,-0.3993427803994,-0.2005257774264,-0.2396819735379,0.2871607544682,-0.2258044166182,0.2958803308176,0.4331267726753,0.3244532025702,0.0744998361281,0.1774095744361,0.1984001565535,0.1111368921221,-0.0279044484466,-0.1070657256461,-0.3404432822810,-0.0703486789995,-0.1183921683885,-0.2240343370678,-0.2448885711100,-0.0791107943085
0.2906772112462,-0.2824091536882,-0.0248232060831,0.2057827461204,0.2089837886909,0.2034816267466,0.0385096591500,0.4606032445617,0.7255399136377,0.0198127665169,0.2069031327345,0.2850582880023,0.4598014592445,-0.1526648416950,-0.0838734946319,0.1737920766916,0.4216135607429,0.2515960526808,0.4377734614042,1.0000000000000,0.2500460037429,-0.0638283825719,0.1989047238958,0.4459273068727,0.8849157250882,0.1582764844714,0.6987221610498,-0.2031486981976,-0.4541587251663,-0.4031919095172,0.3821284903400,0.4270990800951,0.5725132300885,-0.0577101073820,0.0684156070734,0.0645269346049,0.2588122263587,0.4972167337693,0.0610726523615,-0.0129747817234,-0.1375671261181,0.1866895232250,0.0171085605864,0.1013737722069,0.3565218599543,0.1169970274288,0.2512895940124,0.2535493556373,-0.4805578128481,0.2335261381705,0.1693014498128,-0.2391806784028,0.1348408904373,0.2378146526499,0.1273320417542,0.0279014997586,0.2511422579778,0.3694844547692,0.5721474362532,0.6213688669833,-0.1561391788278,0.0701624458069,0.1207071942427,0.0876436638648,-0.4871172487975,-0.1181087493776,-0.0522148060828,0.1458542761576,0.2338484346876,0.7940458647922,-0.0724143674835,0.0840178980464,0.3377605146644,0.7191931609022,0.3103409409324,0.0249000576194,0.7223178241715,-0.2733918278480,-0.5134712323068,0.2789778408450,0.1226563262047,0.3451915079747,-0.3500379677163,-0.1709982303086,0.0248636211838,-0.0607856457002,0.2821559037399,0.0256301486120,-0.2560537083820,0.5605711975774,-0.0135847018918,0.0048939997614,0.0773260626455,0.0687719660120,-0.1174475820729,0.2266478965726,-0.4735959118217,-0.1709194592264,0.0651804553759,-0.1424953787747
0.3718911764821,0.0180131611366,-0.0258054233983,0.4531698452298,0.3457765661211,0.3337832627862,0.1065820578128,0.1644856564753,0.2314427289477,0.2932157491410,0.6436016173234,0.7425710379553,0.6687412686134,-0.0351619549507,0.3788071263515,0.3680210124025,0.7966947483228,0.4974009468463,0.1026123011158,0.2500460037429,1.0000000000000,0.2266462586880,0.5766987911293,0.4925287376103,0.1362908466295,0.1529805483033,0.3798780505243,-0.3248121010303,-0.3603783570762,-0.3228273334702,0.5136606682094,0.4664948276421,0.5884897971377,-0.0842977019317,0.5112707524734,0.0717596281001,0.4101071380733,-0.0556346442830,0.2769457119975,0.0059788079327,-0.1198330640986,0.2611320003114,0.5231462923276,-0.2077076498385,-0.1387090056002,0.0250157755707,0.3694331229730,0.4373717818196,-0.2731955090603,0.5878290541644,0.2474519582461,-0.1560061683202,0.1142393239823,0.2285216513317,0.1410849001320,0.1030398526221,0.1808779661501,-0.0128456139508,0.2423294539103,0.0735557731950,-0.1295849037996,0.5184935111939,0.5044912395571,0.2482001980733,-0.4060118553872,0.0663934374328,-0.1411992661840,0.3991778680024,-0.1703275004291,0.0983929588465,0.3765121277094,0.4076909408248,0.3956955818240,0.0244066844360,0.1989100869382,-0.0254997626692,0.3287814374986,-0.3476618799925,-0.4930869552823,0.4445160234036,0.2132961545939,0.3039703186532,-0.4063005193868,-0.0890694226265,-0.1976994604967,-0.2224081129470,0.3653938658563,0.2094180252320,-0.0253865410058,-0.1854324763183,0.1967243403380,0.0066708557895,-0.2745979093246,-0.0220906408402,-0.0940296868291,0.3653984013998,-0.4039915687127,-0.0927169834111,-0.0714247525292,0.0870656924844
0.1477138662328,0.1189334184648,-0.0485015978236,0.0650871952184,0.1874726621492,0.2460274285698,-0.0388275184587,-0.0754551146817,-0.0703367530369,0.5719149812811,0.2255214853708,0.1857162018253,0.0228353140741,0.1231372060056,0.4126837496165,0.0706754391171,0.0095876308736,-0.0105791538510,-0.0048981538648,-0.0638283825719,0.2266462586880,1.0000000000000,0.2821631681897,0.0170030221690,-0.0634923101015,-0.0748012513102,-0.0777102797152,0.1644207494227,0.2387203290390,-0.0615934504101,0.0383846114184,-0.0099005003751,-0.0392236355991,0.3386983840211,0.0524324209643,0.0846065222442,-0.0086537470604,-0.0950027524363,-0.0525052395499,0.3825512208874,0.4290895998166,0.2750621210050,0.1879253256248,-0.0698658586099,-0.0169569441031,0.5379717544424,0.4015835468150,0.0745298657015,0.2394903381427,0.3652824879309,0.0167276713279,-0.1605060761731,-0.1838758559463,0.0485516319733,0.0933791930875,-0.1757490922422,-0.1919127579199,-0.2099026037835,-0.0326110004101,-0.0767811739852,0.1853996643624,0.0140822073239,-0.0362618842457,-0.2361004169631,-0.0024445232266,-0.0544085757227,-0.0726696339763,-0.1744559531943,-0.0166037481318,-0.2074663361982,-0.0773506408723,0.2571201744603,-0.0389280920371,-0.1491623192948,-0.1391993891265,-0.2056642100883,-0.1701402819920,0.1617452832726,0.0115509722517,-0.0764787622445,-0.2672642054946,-0.2969698739776,-0.0453819374816,-0.0670089121172,-0.2914821437075,0.1153486929135,-0.1013757629878,-0.0872662871543,-0.0735247884475,-0.2920143435809,-0.0529013602273,0.3090485951609,-0.1525721593419,0.2140453535349,-0.1675955062104,-0.0766639573525,0.1044775606916,0.2502201352528,0.0899835190176,0.0744730178505
0.4198326735105,-0.1447563701469,-0.2492752660360,0.3901461848255,0.4137949670597,0.3613396530839,-0.0906716326321,-0.2572813314888,0.0944361473628,0.1236527716427,0.8101401106718,0.8493549038309,0.3188204142671,-0.2263861631471,0.2095576168032,0.1985196986722,0.4259118883665,0.3615495265141,-0.0867040228402,0.1989047238958,0.5766987911293,0.2821631681897,1.0000000000000,0.3714942125229,0.0793163753965,-0.0244623660102,0.2853495187689,-0.4335832683153,-0.0870872194105,-0.3999042982576,0.1880074991451,0.2912096890747,0.2541663016550,0.0896776024361,0.4707335470681,0.0303699766009,0.2369229769764,-0.3542822415183,0.2060310667049,0.2063247509099,0.1145951806433,0.4158639289684,0.2517775730881,-0.3421418916711,-0.3883327997272,0.3129545201626,0.2678457213312,0.5104187442252,-0.3569859973514,0.5396836118616,0.1619881897757,-0.4651316907590,-0.0133088205785,0.1382549615092,0.0664191344175,0.0772843879739,-0.0629974236855,-0.2399258853899,0.2073387487355,0.0216407507697,-0.0343313542717,0.7106044308815,0.6906788109571,0.2327144087863,-0.5997261355682,0.1658208312400,-0.2961582413007,0.3357571397326,-0.2250702890505,-0.0159968833747,0.4885388803577,0.6854811840420,0.3642045798615,-0.1656404902163,0.0897754548776,-0.1185919007467,0.3436413176525,-0.3642808836901,-0.3474975616591,0.2428103040181,0.2582136264579,0.1820007135576,-0.5313796451275,-0.0286492998384,-0.4764478446332,-0.2012709677131,0.2286450955631,0.0097515998484,0.0784624750290,-0.3420869784597,0.1995163420021,0.2409592287542,-0.3200483346568,0.0690787564567,-0.2163383507513,0.4473096168799,-0.4824129432132,-0.0424479330153,0.1375414937475,0.3782180221363
0.3696056676508,-0.3079070196880,-0.3388982544022,0.1251215921188,0.3037328010364,0.2600584455925,0.1738254409889,0.1375524130256,0.5784024143602,0.1349094697224,0.4595207877784,0.4727805637719,0.3584847750806,-0.2165158609995,-0.0088056002872,0.4112511766648,0.5108445757736,0.5819436526161,0.5118861579976,0.4459273068727,0.4925287376103,0.0170030221690,0.3714942125229,1.0000000000000,0.2803529569137,-0.0891474387608,0.6129805546651,-0.4630964865890,-0.3444108664613,-0.5497089033069,0.7321860413734,0.1510602262872,0.3258430537721,0.1121568413044,0.3695688883456,0.3796210469065,0.7504277962457,-0.1054124857068,0.5163200243404,0.1236072351354,-0.0918380228021,0.1710180956920,0.3882739457985,-0.3031980323625,-0.2046917414360,0.0608265271789,0.1243645752499,0.3687626734572,-0.3371287905014,0.3910653766793,0.1431437267644,-0.4264867074159,-0.0140846212029,0.0962248416220,0.2322573132800,-0.0218098138199,0.1099935239452,0.0717921740459,0.5779400704611,0.4831246071124,-0.1082871184972,0.3184437836932,0.2596910333584,0.1321358548676,-0.5356519100057,0.0243958240725,0.1854062317062,0.4794067431644,0.3094388779529,0.3185706327010,0.1962627672594,0.2135516140057,0.9249225408897,0.2399282346869,0.5109667401842,-0.2917658834695,0.5792815003707,-0.3946065006337,-0.4790062778468,0.6524076147494,-0.0418719077848,0.1943179430459,-0.5519923859365,0.1524370712550,-0.4055791276640,-0.0069071663184,0.7733542531763,0.5132385448468,0.1443264615625,0.0115100289412,0.4911083273532,0.1488497204771,-0.2971730615689,-0.0931770342035,-0.3369750775583,0.3936433374879,-0.4509700162381,-0.2061198819355,-0.1685225301551,0.1889693971693
