1.0000000000000,0.5200722263556,0.6283506790114,0.7488796083185,0.8512069259204,0.5800618373592,0.4896776491466,0.3908557793212,0.2554830094899,0.2168753497893,0.4003999383178,0.4176342505351,0.4569850731579,0.8448983472974,0.5823141697774,0.6087241896921,0.4077280913557,0.5779175745797,0.1782286740185,0.2962289845779,0.2118809949706,0.0104808175745,0.1516483578752,0.2082418465712,0.1466603816550,-0.2239869501650,0.0533221766958,-0.0717967666970,-0.2045706760016,-0.2910277920040,0.2885867877579,0.0709648551653,0.2291787708763,-0.0858479885799,0.3633538512390,0.5029016682773,0.0488362937849,-0.2142936159084,0.1663422792018,-0.1525488915924,0.2189178696659,0.2787586982575,0.1363008059861,-0.0473562261432,-0.1525003423132,0.0031359571552,0.0408684919858,0.5698943177337,0.0841823771476,0.2902377484871,0.8412410498807,0.5819324693274,0.6536446573336,0.6111044913438,0.4959247888259,0.6266253494973,0.3084567096997,0.2933916174281,0.3772028705832,0.1548871447167,0.0610725489445,0.0854201792463,-0.0642697847219,0.4045025573876,0.3017076954131,0.2163438737037,0.4325438506894,0.4091679332792,0.1934282681647,0.2729730715990,-0.1243077178349,-0.0721572885719,0.2552136048546,0.1658849012725,0.1587527383005,-0.3062969147341,0.0265594992869,0.0842661940689,-0.3595726758975,0.3114985148063,0.0158000749111,0.3076551919703,-0.4304073382652,0.0488875025501,-0.1488862880950,-0.2079061955823,0.1164525150066,0.3333912207465,-0.0350050925974,0.1679247800615,0.1936188032492,-0.1986604518811,-0.3036405562381,-0.3403478811866,-0.0995508884393,0.4491354175739,0.1717655104728,-0.2678896699146,-0.1812788356101,0.0727169817476
0.5200722263556,1.0000000000000,0.5722591945918,0.4422121893865,0.4237642283280,0.2573643021582,0.1781978179819,0.2336819395007,-0.1058103905628,0.3372711354464,0.1120651945883,0.1330058324353,0.2352169110025,0.5626540691377,0.4993097634657,0.2617021444622,0.1014348692182,0.1770097297826,-0.1750342431430,-0.1291071751739,0.0258174817130,0.3090248680028,-0.1092790232091,-0.1925097614303,-0.2108122135267,-0.1779804260699,-0.2438136796211,0.4126650045072,0.1994996671009,0.2685456114441,-0.0479699908879,-0.0613419401373,-0.0189254449285,0.0024889963414,0.1091704008416,0.1727586759731,-0.2482652688519,-0.2637462827701,-0.1130228200551,-0.2131418473070,0.3220056184667,0.1946956253831,-0.0739914343921,-0.2282082632346,-0.1114941971159,-0.2195888879930,0.0864153240597,0.1546697323539,0.3817703386675,0.1914931189808,0.5695320390585,0.7070446119830,0.4400687158849,0.3921582524663,0.1999368261223,0.2703575897394,0.0323955207447,0.0207023236069,0.0697372762043,-0.1568360772942,0.1087140784961,-0.1115072330443,-0.2397950395178,0.0724090771958,0.6043123272980,0.0603798315260,0.0335504402244,0.0357620754426,-0.1493775967181,-0.1371502939947,-0.1664422656206,-0.1686309263933,-0.1790683641859,-0.1735515063542,-0.1743034681882,-0.3291192984688,-0.3570621550918,0.4742922502429,0.2079950101901,0.0320684994861,-0.0696833736101,-0.0772471456158,0.0730414821469,-0.2031791965019,-0.0755631268273,-0.0746948480891,-0.1890803762169,0.0001311653004,-0.1831493316907,-0.2790027202979,-0.0754650058086,-0.1728018112669,-0.2613491331841,-0.1956221177929,-0.0389429671923,0.0258336915285,0.4494125405904,-0.0815785219119,-0.1412159910671,-0.0827901317204
0.6283506790114,0.5722591945918,1.0000000000000,0.5878706517782,0.6028501591803,0.7084668846070,0.4730987042894,0.3868188130826,0.1283360827237,0.1829840186607,0.2279401933714,0.1864326811311,0.3418947727776,0.5097422530680,0.3977097307088,0.4494873021067,0.1998334702638,0.3460775017762,0.0660430236943,0.1353773325926,-0.0110025715622,0.1014146659309,-0.0314954053135,-0.0000261112384,0.0113240039495,-0.1453234911635,-0.0093399872719,0.1766203743634,0.0629458063008,0.0702392523477,0.0510791650752,-0.0250956006318,0.1038284355821,-0.1195699480621,0.2716528647703,0.4007879453859,-0.0979571166867,-0.0802082512119,0.0141896627712,-0.1634989132201,0.1575059571468,0.1151511374882,0.0215766380635,-0.0429679623235,0.0135807838114,-0.0415503755680,-0.0326501337635,0.4192095084656,0.2272624763069,0.0051365458557,0.5943853638192,0.6993153642365,0.5233732675367,0.8235523031923,0.4122383484386,0.5286249982144,0.2945573842582,0.2564239494405,0.1813125783983,0.0540309025615,0.1778708161143,0.0090641683094,-0.1501952193568,0.2967623541792,0.4294993419930,0.0558243353145,0.2455243979045,0.1852388636715,0.0818547537211,0.0917584642524,-0.2492201626986,-0.1305704654591,0.0201961806241,0.0096108349395,-0.1314865778997,-0.2417779130912,-0.1527459349476,0.1853507379116,0.0160912329048,0.0481630405481,-0.1200059501705,0.0688294091429,-0.1371494039082,-0.0876258816643,-0.0495837796913,-0.2150661075924,-0.1122625727420,0.1755847169928,-0.2218300371489,-0.0181731747854,-0.0129208595164,-0.2045238546296,-0.2508341591715,-0.1969560059559,-0.2208505836570,0.3081179031491,0.3284038868990,-0.1232248882036,-0.1393311206575,-0.1614894643062
0.7488796083185,0.4422121893865,0.5878706517782,1.0000000000000,0.7912440476342,0.6108883135598,0.7980924397331,0.5587080533758,0.4273846056632,0.3417124899545,0.4695771579141,0.4773760213699,0.6634294165270,0.6429081207986,0.7643351885482,0.7865396628786,0.5375744512179,0.6218392028241,0.4111190009697,0.4301621509975,0.2153126276949,0.0166615792828,0.1083291825359,0.3038267020513,0.2396811179728,-0.2029892011896,0.0773222344197,-0.0763962571841,-0.1584968468201,-0.2129742744154,0.3315306000695,0.1393808774059,0.3124770286657,-0.1141007935265,0.3041251289220,0.5983911088080,-0.0802583433779,-0.1368736365917,0.1170177464897,-0.1504678265219,0.2458150235786,0.2919717128061,0.2471031257434,-0.0269722011499,-0.0815678706189,-0.0562672540902,0.0199731001700,0.5661464710485,0.0733856524457,0.2986276374195,0.7284337168032,0.5065278892872,0.8748317915291,0.6476988289141,0.6340915713995,0.8754660846105,0.4043638919744,0.4871688213264,0.4843633371973,0.3333434126773,0.0968056620972,0.2320846667580,0.0658253300918,0.5314115705211,0.3673091011239,0.2581833768959,0.5491003265847,0.4669908717285,0.4119923456414,0.4555909169326,-0.1540403098426,-0.1767651447317,0.2923340170808,0.1491571396379,0.0872920498543,-0.3443859747360,-0.1002217766431,0.0397212491547,-0.3234935395687,0.3112848906097,-0.0400104976749,0.2967295541756,-0.4631667493439,0.0028943799821,-0.1671073679720,-0.3289863256040,-0.0283741690497,0.3120802074855,-0.1041079766570,0.1714713427267,0.0934819106638,-0.1528438301933,-0.3229440604281,-0.3624276573890,-0.1938968116628,0.5069981676850,0.1297385687444,-0.2413649764232,-0.0267694878842,-0.0466458120204
0.8512069259204,0.4237642283280,0.6028501591803,0.7912440476342,1.0000000000000,0.7505287647017,0.6899804522214,0.4897085419676,0.3779875153525,0.3494220279138,0.4029600041329,0.4547885705732,0.5862011929095,0.7069841950519,0.6672853336048,0.6195012121029,0.4888287326315,0.5949335592389,0.2390936091221,0.3364387409299,0.1959218192384,0.0835462043909,0.1021618932015,0.2448716337798,0.1824866508787,-0.2115888013791,0.0253743548686,-0.1165730352659,-0.1284626393713,-0.2455931568137,0.2417614337140,0.0560153334192,0.2788952064718,-0.0926229785178,0.2968039850994,0.5400714560495,-0.0530528936293,-0.1472430122804,0.1502591112783,-0.1698384507607,0.2427960231183,0.2887409658474,0.1368859625502,-0.0613606011273,-0.1349541207063,-0.1149622672451,-0.0259240038061,0.6868559685111,0.2050244026027,0.2581409787075,0.8013118303125,0.4743881655394,0.6434347617492,0.6989800193474,0.7025152033640,0.7550743899460,0.4594307202787,0.4621181481428,0.4683594725083,0.2805883444182,0.1381769290826,0.0740821484233,-0.0163357229389,0.5105018811395,0.2231977004337,0.1839435529210,0.3894903504520,0.4282563669300,0.2682364635153,0.3378111821322,-0.1853646695216,-0.1998712931893,0.2670723636020,0.1427395686202,0.0587596953750,-0.3637774942506,-0.1116017406843,0.0096895681221,-0.3670451320495,0.2473002372701,-0.1116866387234,0.2461269954755,-0.4662663555579,-0.0637262346313,-0.1411162044605,-0.3105104863325,-0.0174032737511,0.3064438858211,-0.1189137597334,0.1691329675902,0.1570234181208,-0.1931589457835,-0.3202042710948,-0.4499035813097,-0.1901426968768,0.5873344874970,0.1445767360792,-0.1823428007553,-0.1232031062985,0.0057772132185
0.5800618373592,0.2573643021582,0.7084668846070,0.6108883135598,0.7505287647017,1.0000000000000,0.7307434754520,0.4721318325294,0.4592614511921,0.4375924430515,0.4107922261723,0.4517369950942,0.5506667816570,0.4146222345945,0.5555785411148,0.5650184552102,0.4699293623776,0.5089066371069,0.3683054238149,0.4483187683492,0.2329540703352,0.1547425109452,0.1329161252489,0.3715000161597,0.2821523958289,-0.1107394072924,0.2228724908067,-0.1358731925671,-0.1314972594085,-0.1841388840342,0.2964759762392,0.1597642160290,0.3372606079295,-0.1025890687374,0.3032825738336,0.5370582657652,0.0534252535949,0.0400697360696,0.1645448336253,-0.0539523584026,0.1470681650051,0.3134744362379,0.2266420570086,0.0257666856708,0.0215239592229,0.0296108372114,0.0231394251853,0.7392528213963,0.1934085914691,0.2648870782686,0.5354539809788,0.3490047615883,0.4664248783435,0.8483137432191,0.7863483824021,0.6344806678519,0.4925564917592,0.4742777614830,0.4201501974932,0.3652237844590,0.3228942781049,0.1697316272934,0.1355241908649,0.4685096833430,0.1119014369193,0.1950601157899,0.3758572974714,0.3633311394312,0.3099896661883,0.3640582075614,-0.0918719513644,-0.1185019081316,0.3270360436659,0.2456354570367,-0.0061168607977,-0.2410791121506,-0.0572781167358,-0.0902056241021,-0.3023429224229,0.2174235179834,-0.1187530619544,0.2270284106915,-0.4031343869776,-0.0455585121929,-0.0740758726992,-0.2980869012858,0.0167232704245,0.2421607881971,-0.1200278525875,0.1810470639262,0.1419925513948,-0.1202320334756,-0.2601091380201,-0.3019797544819,-0.2683540839753,0.6573309564318,0.1615597445537,-0.0441467669610,0.0645181750370,0.0699382736277
0.4896776491466,0.1781978179819,0.4730987042894,0.7980924397331,0.6899804522214,0.7307434754520,1.0000000000000,0.5086305225334,0.5250045083722,0.4396354198526,0.3849758927964,0.3687237027491,0.6468273148882,0.3114436461080,0.6314046896257,0.6604928263119,0.4808821988428,0.4864732903538,0.5134902076104,0.4638261457131,0.1292428390915,-0.0013249825260,-0.0030576869001,0.4311829397642,0.2696980829224,-0.1761482725273,0.1673197781181,-0.1925494845127,-0.1979126493734,-0.2100866578935,0.3657954610736,0.1736062039811,0.3459635001009,-0.1051057481743,0.2076957707229,0.6083005362193,-0.0485685270307,0.0435903665925,0.1691870924642,-0.0241761366234,0.1607820759438,0.3391137969381,0.2975956060918,0.0354159925599,0.0314673871487,-0.0154731537214,-0.0007811837604,0.5700747679610,0.0613074427302,0.2811544614937,0.5022581917565,0.2468112239468,0.6646175778983,0.6441996429131,0.8033895621903,0.8614349931052,0.4537272093821,0.5412047740676,0.4530299315206,0.4502705375005,0.2616907567041,0.2197256901858,0.1631029321817,0.5318901235044,0.1521907967282,0.2801922411352,0.5196583056559,0.3969891247550,0.4995990640491,0.4228512427550,-0.1443300763863,-0.2533290196432,0.3509180525534,0.1731679370300,0.0071111210072,-0.2511176706156,-0.0976815017281,-0.1522306173740,-0.3435469671678,0.2127763231910,-0.1230523654600,0.2278960913120,-0.3988398286951,0.0267651997818,-0.0834678539309,-0.3163065590227,-0.0402531258736,0.3134745639367,-0.0628679461099,0.2028570793550,0.1159834525755,-0.0958924935992,-0.2329257360686,-0.3225712344932,-0.2734080715378,0.5807822514721,0.0602717512124,-0.0573381857559,0.1779261311646,0.0740674467776
0.3908557793212,0.2336819395007,0.3868188130826,0.5587080533758,0.4897085419676,0.4721318325294,0.5086305225334,1.0000000000000,0.5589844758763,0.3415812645238,0.3890814443078,0.4017742971908,0.6629979101627,0.3686650008099,0.4844206688321,0.6594791638999,0.5875362472394,0.6412673867778,0.5035537692440,0.4944806117217,0.2912353449093,0.1511937680205,0.0907439411310,0.2411743245502,0.2791168732480,0.1781106236257,0.1513898320008,0.0317104165719,0.0840252504143,0.0549526744096,0.2538714333047,0.2217550123777,0.4288448891045,-0.1058263945970,0.3038860962687,0.4846260863486,-0.1269774062616,0.2348234396667,0.0640799694161,-0.0359709762619,0.3605484503546,0.3188568261938,0.2489505635320,0.1734189889148,0.3573939939606,0.0077088329515,0.0552036842408,0.3379213740184,0.1766816502772,0.1667874553780,0.3971297141244,0.3598410973768,0.4608704259962,0.3939014436067,0.4451897791962,0.5464428112854,0.5640730119730,0.6322061589332,0.4947122960482,0.4270275749473,0.0930470005251,0.2037279365515,0.0937763417949,0.3714137648744,0.2732729410523,-0.0301548453727,0.4083871568821,0.3958786487472,0.3735144656199,0.4021028795545,-0.1073144367868,-0.1705244888010,0.2129868325667,0.2658266950208,0.0048562060398,-0.2183604637515,-0.0944116633343,0.0344930640638,-0.1875737592363,0.2486586998818,-0.1519981715795,0.2118574499567,-0.2495947841612,-0.1249894867191,0.0797237687025,-0.3247949025958,-0.1575498173133,0.2836739829036,-0.2877742031087,0.1501084542991,-0.0306301993540,-0.0872961949131,-0.1271456447315,-0.2290968811503,-0.2043066848849,0.3600976924288,0.1639678588209,0.0290163354875,-0.0018935390265,-0.1880201385834
0.2554830094899,-0.1058103905628,0.1283360827237,0.4273846056632,0.3779875153525,0.4592614511921,0.5250045083722,0.5589844758763,1.0000000000000,0.2014494340552,0.5327251837380,0.5084964849215,0.5310198280739,0.1082876082533,0.3672408162760,0.5633867723078,0.5544672368708,0.6529668865486,0.7548167176413,0.7648479208084,0.3810451110042,-0.0314525857017,0.3397666989590,0.6953883572984,0.7855987973040,0.0890181936666,0.3988944825263,-0.2859807198833,-0.1071529573605,-0.2333456653619,0.4599704000442,0.2590973856678,0.3327449225185,-0.2637178890874,0.3755216738351,0.5202938542277,0.1614013371453,0.2519557004447,0.2356130064511,-0.0392582114235,0.1012017930431,0.2065463159905,0.3317915827457,0.2296642882926,0.1120824391946,0.0023441718847,-0.0852318452904,0.4381706415065,-0.1270169426118,0.2606528974220,0.2063121703345,-0.0172601850350,0.2811638703761,0.3370363448393,0.4521234365609,0.4547054074194,0.6749045618850,0.7268446492815,0.8175807917797,0.9407912618215,0.0369549415311,0.5058713949227,0.4327784875091,0.5003580534031,-0.1984874620891,0.1664306906451,0.4453757220087,0.5585070937164,0.6933042307941,0.7528901610819,0.2412096991863,0.0955912271449,0.6626365886007,0.6905773189378,0.3135470956227,0.0230770843505,0.2079261520180,-0.2734797507905,-0.3179258831748,0.5206003493202,-0.0188029923211,0.3808466507662,-0.5104702014985,0.0990285231912,0.1135550220882,-0.4028121724207,0.1631070906737,0.3418426925094,0.0800160788093,0.4735622429927,0.1295180667849,-0.0749545079407,-0.0595640884372,-0.2424469175183,-0.2192104051877,0.4876083687597,-0.2387672861876,-0.1510239295417,0.1079031454038,0.0986347104550
0.2168753497893,0.3372711354464,0.1829840186607,0.3417124899545,0.3494220279138,0.4375924430515,0.4396354198526,0.3415812645238,0.2014494340552,1.0000000000000,0.2706668860855,0.4322911567882,0.5796296207053,0.2208311135039,0.6528806946788,0.2355127210517,0.4381035784658,0.2225164314797,0.2862473911818,0.2294382478599,0.4032140194653,0.6435162293265,0.0427726286056,0.3000303296256,0.0188495511225,0.0514075745768,0.2255043107732,0.1209390016107,-0.0763808080846,-0.0227282417674,0.2719025544490,0.3024171336714,0.4582084944019,0.2985732859364,-0.0582106305121,0.1317611023845,0.0657256618208,-0.0111166237266,0.0198082640078,0.1626725530013,0.3482327032643,0.4425736343113,0.2107885818390,-0.0105936271564,0.0118409838519,0.0876924518380,0.3359422975072,0.3212324355051,0.3234492341865,0.5302425090987,0.2310629847776,0.0518717163665,0.2154009091193,0.3017873175401,0.5145855393088,0.2197003767946,0.1424173351178,0.1925385645430,0.1452461932278,0.1172885408959,0.5571282193646,0.0807409724695,0.2273530023520,0.2020946027158,0.0840071745116,0.1630916154594,0.0693897453728,0.1317750455087,0.0979569728732,0.1361783074862,0.0783573502401,-0.0737738773387,0.1113623375007,0.0877711868049,-0.1102694420698,-0.0956997612936,-0.1847808215212,0.1531402309342,-0.1997585674669,0.0477483628242,0.0906253129925,0.1126361349696,-0.1103051277177,-0.2225976204682,-0.0293525653394,0.1087045807165,0.0432037177050,-0.0411897487391,-0.0612159785681,-0.0567360314217,0.0765142763422,0.2478148143590,-0.0025690451454,-0.0516903352491,0.0439321213209,0.2492494060648,0.1505467414207,0.2418626843027,0.3033275280659,0.2320323384390
0.4003999383178,0.1120651945883,0.2279401933714,0.4695771579141,0.4029600041329,0.4107922261723,0.3849758927964,0.3890814443078,0.5327251837380,0.2706668860855,1.0000000000000,0.7552192002769,0.6042312459276,0.3444449764134,0.4423029994696,0.5006900926639,0.6879702089495,0.6170010092772,0.3826314107821,0.4951131360296,0.6320964991398,0.3049080135704,0.6176663071484,0.5795605723021,0.4217799979308,0.1146038804885,0.5034612309561,-0.0668286237966,0.0594987294502,-0.1224332772057,0.5549078894854,0.4700301450241,0.5619740588015,-0.0555770139749,0.3218391062799,0.2334456012813,0.2504470515148,-0.0205267615082,0.2616953809056,0.0124578475643,0.2571530110593,0.2283337209723,0.3903870842624,0.1350015285628,0.0234383010770,0.1715398757151,0.1751532515618,0.3955169255341,0.0034260411134,0.3235199318149,0.2530364676792,0.1465740602228,0.3758925812156,0.3015183035930,0.2847682404885,0.3208842977883,0.4031424504159,0.3769980378247,0.4918397562685,0.4498424485132,0.0329658837696,0.7276129225287,0.4721489134505,0.5120862168868,-0.0723867086644,0.2556351673499,0.3158500484441,0.5553568028992,0.2698539877133,0.4646185585997,0.3330485333381,0.3976640686073,0.5569263044794,0.4199449036748,0.3574799192433,0.0315775672110,0.2800574033093,-0.0172855006337,-0.1960852873919,0.5455318299368,0.1995544378266,0.4837599544947,-0.4700588142598,0.0831713775516,-0.0124451555201,-0.2329581081147,0.3220172522817,0.2437400316644,0.0687490659052,0.3037383774205,0.2530012432317,-0.0090304088983,-0.1233201406778,-0.0784687730448,-0.1176008591617,0.4065606859566,-0.0697551208722,-0.1403105751761,-0.0438843251434,0.1450685706055
0.4176342505351,0.1330058324353,0.1864326811311,0.4773760213699,0.4547885705732,0.4517369950942,0.3687237027491,0.4017742971908,0.5084964849215,0.4322911567882,0.7552192002769,1.0000000000000,0.6220177596109,0.3849526301613,0.6010772256382,0.5085313157969,0.7096603114444,0.6019959501412,0.4011328861440,0.4921144475137,0.7101820195004,0.3316121430292,0.7319088414372,0.4899053048013,0.4113240420263,0.0837356431198,0.3716346380417,-0.1681780987106,-0.0438030323611,-0.1680775346584,0.4343743212167,0.4252225152743,0.5281575092564,-0.0182628733239,0.3217080546021,0.3044020447938,0.1944929512192,-0.0650213827824,0.2106086604563,0.0242484365238,0.2418801592374,0.3017183678709,0.3621598007270,0.0574283169037,-0.1144608123881,0.1941163240104,0.1865066112177,0.5455211620844,-0.0525466860309,0.4845985290264,0.3085475996738,0.0358006906972,0.3202010536527,0.3439174705082,0.3751145565804,0.3398633425944,0.3533165498169,0.4007534792313,0.5212639667576,0.4166151014907,0.1130105143809,0.5400651841648,0.5235576912739,0.4537264125421,-0.1401362635226,0.2701587867586,0.3163739099840,0.5073526567212,0.2964196710487,0.4970996819813,0.3512065647667,0.2697904557332,0.4696508476925,0.4124316485495,0.2696487718917,-0.0561377322481,0.1147555927965,-0.0625560449125,-0.2836113629293,0.4345952367585,0.1239686278260,0.4136694011305,-0.5422330326128,0.0044864280780,-0.1381676714344,-0.2142693039809,0.2216601300036,0.2109525512867,0.0891328371457,0.2094205797099,0.2435297012360,0.0337423957900,-0.0973060869263,-0.2178266826877,-0.1465737067481,0.4749317034100,-0.0739463475617,-0.2077591053399,0.0282305264444,0.1442203006809
0.4569850731579,0.2352169110025,0.3418947727776,0.6634294165270,0.5862011929095,0.5506667816570,0.6468273148882,0.6629979101627,0.5310198280739,0.5796296207053,0.6042312459276,0.6220177596109,1.0000000000000,0.3857209858445,0.6599611521729,0.6406677624825,0.7998761013950,0.6431326308050,0.4487902271665,0.5557969030582,0.5432192998759,0.3309927841248,0.2465124131205,0.4445074053546,0.3484388086426,0.1722769461510,0.3260988856479,-0.0509495805651,-0.0183702597258,-0.0862459934313,0.5338534436538,0.4662847694921,0.6717853638627,0.0451378924474,0.2372975590395,0.4229305082527,0.0803266717274,0.0773397810741,0.2101525177526,-0.0447167581672,0.3621060201644,0.4001220019013,0.4153481613246,0.2196975803583,0.1205998861235,0.0361143760148,0.2292849740615,0.4762332760197,0.1143560518756,0.3648532153469,0.4501985315426,0.2340250347284,0.5507174330294,0.4236302017196,0.5207951252697,0.5590710712587,0.5044336400129,0.4915946014865,0.4864364105502,0.3667494739201,0.1959516023351,0.3509468133764,0.3069124955657,0.6736568070858,0.0991840167531,0.2030933697480,0.3383248695043,0.4721591035750,0.2527354507393,0.4212195830925,0.0283905059439,-0.0168617579794,0.3333374652866,0.2698058240464,0.1227392297459,-0.1087120146250,-0.0212139701608,-0.0092276148247,-0.3084623086439,0.3456261317068,0.0990913742488,0.4111157368731,-0.4439953858386,-0.1132523993307,-0.0348111004909,-0.2205653659800,0.0902053384191,0.2436881551574,-0.0849949399102,0.2177070892985,0.1794997286561,0.0105240410940,-0.0605543687770,-0.2224999621487,-0.0575200995407,0.4663979357598,-0.0382507877565,0.0079521741336,0.0422198928525,0.0415077078374
0.8448983472974,0.5626540691377,0.5097422530680,0.6429081207986,0.7069841950519,0.4146222345945,0.3114436461080,0.3686650008099,0.1082876082533,0.2208311135039,0.3444449764134,0.3849526301613,0.3857209858445,1.0000000000000,0.5830866936143,0.5587238135573,0.3689912763588,0.5167902018247,0.0767663609150,0.1918494699795,0.3253164139372,0.1183456610597,0.1919266891222,0.1252227609530,0.0719247473293,-0.1563239710150,0.0273785659624,0.0958430984306,-0.1678457724866,-0.1668540792257,0.2786570206679,0.0939264031071,0.2201542874148,0.0100071745041,0.3566926219026,0.4121697630324,0.0335263599314,-0.2392105032535,0.1073292231463,-0.1672334116759,0.3050457107777,0.2509751060713,0.1476448161969,-0.0627948224678,-0.1316085316417,0.0614316031606,0.1515805377721,0.4235167329170,0.1386646725253,0.3307503274187,0.7455743325932,0.5525499595552,0.5606601540091,0.5144727515255,0.3145928522936,0.4788949240578,0.1900727943056,0.1621197993137,0.2471755019135,0.0214850332170,0.0128548987195,0.0491094382493,-0.1207692384577,0.2994797061250,0.3796681390264,0.2289280222347,0.3875176363436,0.3782821585282,0.1130032303820,0.1880283054371,-0.0471485126906,0.0271385499870,0.1858034200190,0.1110428679246,0.1415265863658,-0.3091812436133,0.0345895944303,0.2411903681457,-0.3089527049638,0.3162990711958,0.1113645851130,0.3118049666628,-0.3843001228490,0.0391264997210,-0.1573482576834,-0.1616819087309,0.1023776749556,0.2659901634469,-0.0566167731379,0.1157531321624,0.1330051413650,-0.2076486149965,-0.3482521774491,-0.2853487806493,-0.0027286613122,0.3015751025577,0.2395930323768,-0.3151237102522,-0.2914901448497,-0.0141573726441
0.5823141697774,0.4993097634657,0.3977097307088,0.7643351885482,0.6672853336048,0.5555785411148,0.6314046896257,0.4844206688321,0.3672408162760,0.6528806946788,0.4423029994696,0.6010772256382,0.6599611521729,0.5830866936143,1.0000000000000,0.6294025091155,0.5889283392700,0.5002538939918,0.3709158749105,0.3958468870255,0.4121157949357,0.3247385613518,0.1528340907827,0.3142732546641,0.2110059823704,-0.1167497008621,0.1421555248924,0.0363993189136,-0.0847011615817,-0.0902293044831,0.3768195415274,0.2451786592771,0.4190131384171,0.0949559162180,0.2272702618249,0.4414994762749,-0.0088563680879,-0.0896441523783,0.2034533759360,-0.0083869563388,0.4367018390433,0.4980272426926,0.4239121810049,0.0298065712273,-0.0365651335630,-0.0303665941925,0.2200970361401,0.5856625024931,0.1996908441518,0.6035177123391,0.5643091335535,0.3048852262944,0.6151448365235,0.4884765750276,0.5734923896066,0.5857799793663,0.2787311952845,0.3409258749474,0.3879546934639,0.2502884398544,0.1459085587133,0.1911495665606,0.1299726109217,0.3502587290369,0.2077652261659,0.3913249026496,0.3391109171323,0.3237219186989,0.2572406118195,0.3357762318426,-0.0545613724185,-0.1992703704570,0.2050597364581,0.1016812361298,-0.0077411977617,-0.2839066504999,-0.2218509925435,0.1950333777874,-0.2866739157945,0.2639180696850,0.0538761106753,0.2179343444665,-0.3268073765533,-0.0634202154118,-0.0580779901800,-0.1009894698472,0.0217362265652,0.2060872647509,0.0082043207176,0.1250744080315,0.2050221887666,0.0923450614573,-0.1104319899764,-0.2609759161746,-0.0856057002951,0.4860944424371,0.1125733633476,-0.1409395639382,0.1573435503984,0.0798804937656
0.6087241896921,0.2617021444622,0.4494873021067,0.7865396628786,0.6195012121029,0.5650184552102,0.6604928263119,0.6594791638999,0.5633867723078,0.2355127210517,0.5006900926639,0.5085313157969,0.6406677624825,0.5587238135573,0.6294025091155,1.0000000000000,0.6372128460686,0.7080727661295,0.5880151781725,0.6565808760216,0.3426284293975,-0.0275032011187,0.2327438253595,0.4203405430881,0.4233536340664,-0.0449690469079,0.2145992822642,-0.1530511720628,-0.0768459475926,-0.1328706855214,0.5451029930659,0.2680667203997,0.4148060296237,-0.2170582733577,0.5137966026443,0.7660425014163,0.0267584207561,0.0959408942036,0.2413684363095,-0.1244488439398,0.2607862879658,0.3417168194122,0.4598891804014,0.1256100546425,0.1650979572336,0.0213311031348,0.0605570806964,0.5423948011248,0.0626523940468,0.3360726108544,0.5583247841584,0.3687624860060,0.7072582083713,0.5010764863810,0.5091918704804,0.7124001266222,0.4114212443728,0.4709034459281,0.5601842714398,0.4430345686064,-0.0605773687452,0.2536367169284,0.1212012032250,0.4664723680928,0.2380763870702,0.2421464253770,0.7596149898359,0.5209938737425,0.5295338121971,0.5630378985927,-0.1199179785583,-0.1183634791311,0.3868480114442,0.3161871945262,0.2604804722991,-0.2536874012990,0.0669677856134,-0.0669292721293,-0.3259990110430,0.5418770181565,-0.0411823157349,0.3750196995241,-0.4923087877233,0.2024068695420,-0.0356774237157,-0.3810208250951,0.0813503563319,0.4726299341585,0.0007094452317,0.3246954995385,0.1587461776739,-0.1998507333199,-0.2669884987358,-0.3580875846792,-0.2269328261368,0.5106447536190,0.1408972888222,-0.2924150169211,-0.0465796626112,-0.0249911999943
0.4077280913557,0.1014348692182,0.1998334702638,0.5375744512179,0.4888287326315,0.4699293623776,0.4808821988428,0.5875362472394,0.5544672368708,0.4381035784658,0.6879702089495,0.7096603114444,0.7998761013950,0.3689912763588,0.5889283392700,0.6372128460686,1.0000000000000,0.7127715897160,0.5900312237814,0.6087709367164,0.7007245324169,0.3208973586855,0.4494064078259,0.5630386364564,0.4177284974825,0.2568714521695,0.4639989200318,-0.1979198111141,0.0090018486492,-0.2337793473661,0.6855610672657,0.5341193733303,0.7592929988669,0.0288624097386,0.2766647635555,0.3738950803629,0.2359055808217,0.1477756446326,0.2852284156611,0.0518769487691,0.3106695765360,0.2497642169106,0.4992172171712,0.3065743904492,0.1157534665977,0.0246170948560,0.1910701926251,0.4658562065981,0.0822452639910,0.2417738279604,0.3267465865526,0.1001398841201,0.4399518556091,0.2769102070690,0.3720990762312,0.4034688512633,0.4532321557234,0.4608459165977,0.5253261916574,0.3976143968804,0.0305142998866,0.4529172299522,0.4005360238813,0.5588034033189,-0.0713743725833,0.1449964898676,0.3611813321410,0.6297131691264,0.3154533847219,0.5318064775595,0.2282243206229,0.0735214313690,0.4322099971140,0.3618841273248,0.2813243738340,-0.0591789882003,0.1037254989497,-0.1194272627349,-0.3442441919327,0.4571159774761,0.0653189334884,0.4077819042227,-0.5571123012665,-0.0798854299344,-0.1262555855224,-0.2811689036405,0.2295897035054,0.2498929346281,-0.0684383676049,0.2574166219358,0.2406476990221,0.0574094303193,-0.0095717845946,-0.2399280051815,-0.1862979449382,0.4435795983616,-0.0999136818632,-0.0714520426645,-0.0303684246479,0.0280969799100
0.5779175745797,0.1770097297826,0.3460775017762,0.6218392028241,0.5949335592389,0.5089066371069,0.4864732903538,0.6412673867778,0.6529668865486,0.2225164314797,0.6170010092772,0.6019959501412,0.6431326308050,0.5167902018247,0.5002538939918,0.7080727661295,0.7127715897160,1.0000000000000,0.4771345570310,0.6060441076650,0.5014746792851,0.0914001576050,0.3745062980567,0.5259765967866,0.5081724089042,-0.0414478270921,0.2699878818235,-0.1992624076438,-0.1163804728796,-0.2605624706915,0.5509296291189,0.2473139225870,0.4336555623735,-0.2213610090735,0.4400392259695,0.4412417031319,0.2356176242448,-0.0684560319501,0.2701871489002,-0.1826343185349,0.2395376926016,0.2667984515214,0.2369026781568,0.1484535071191,-0.0245383406801,0.0205089800667,-0.0116170602435,0.5221023193452,-0.0495718945390,0.2597748333373,0.4702332199668,0.2419293979351,0.5169074440440,0.4640006645896,0.4309998993626,0.5630099364040,0.5850507194473,0.6074979890272,0.7260429666058,0.5312839849120,0.0748663390203,0.4226166408915,0.2633710996690,0.6531412785914,0.0691755274435,0.1584951916327,0.4280311251420,0.7898797173804,0.3540757562919,0.6118410917299,0.1678268541017,0.1562465802594,0.5461278215049,0.4945342317470,0.3855966255196,-0.1315693041154,0.2300022344502,-0.1012698999214,-0.3751953704559,0.5800021319515,0.1163275174585,0.5613348778999,-0.5813715701955,0.0452603832922,-0.0834194939739,-0.3981619367480,0.2527863066393,0.3442853316513,-0.0148012573113,0.3895649055911,0.2272655862046,-0.2279256498128,-0.2454452151369,-0.3477439386227,-0.0625241540683,0.4989250337449,-0.0644454423387,-0.2303961295129,-0.1523000555149,0.0207688691761
0.1782286740185,-0.1750342431430,0.0660430236943,0.4111190009697,0.2390936091221,0.3683054238149,0.5134902076104,0.5035537692440,0.7548167176413,0.2862473911818,0.3826314107821,0.4011328861440,0.4487902271665,0.0767663609150,0.3709158749105,0.5880151781725,0.5900312237814,0.4771345570310,1.0000000000000,0.6784613663272,0.3954944197897,0.0183954102505,0.2845722044125,0.7064289930646,0.5339506501419,0.1559339743642,0.4329108915648,-0.2635325424370,-0.1177913869287,-0.2314209313898,0.5775427714294,0.3294919346876,0.4075993456524,-0.1311470804679,0.2670836149976,0.5525612812127,0.1954965806098,0.3124454547588,0.1937043810647,0.1407477663763,0.1017240651817,0.1792100195107,0.4835476098352,0.2301402936945,0.2267657638478,0.0785781216439,0.0563289446234,0.3236489418887,-0.0161051412123,0.2099255535080,0.1378654488627,-0.0778654768920,0.2850408056167,0.2217272966712,0.3761271541929,0.3590866947890,0.3378735573260,0.4737983264363,0.5011378265068,0.6688614549137,-0.0172790508682,0.3916793612628,0.4007440385002,0.2389549120084,-0.1355369938416,0.1078285841957,0.5168066944449,0.4139816080853,0.7472541970084,0.6272210901759,0.1853625839038,-0.0034704284295,0.5053456148032,0.4594118490235,0.2297631000786,0.0055079465353,0.1298330137402,-0.2545842367541,-0.3104415121174,0.3954023894543,-0.0314250412440,0.1960219503767,-0.4158038025529,0.0766697000622,-0.0436509628852,-0.2819538163525,0.1775754195208,0.2827707381223,0.0227224766063,0.2987694501439,0.0754754645311,0.0750335746299,-0.0161085747527,-0.1253912615302,-0.2616530867152,0.3538484941924,-0.0854405845783,-0.1134224824597,0.1686807449523,0.0333856194128
0.2962289845779,-0.1291071751739,0.1353773325926,0.4301621509975,0.3364387409299,0.4483187683492,0.4638261457131,0.4944806117217,0.7648479208084,0.2294382478599,0.4951131360296,0.4921144475137,0.5557969030582,0.1918494699795,0.3958468870255,0.6565808760216,0.6087709367164,0.6060441076650,0.6784613663272,1.0000000000000,0.4116354346111,-0.0001582350098,0.3705214877959,0.6285806601955,0.8117087250525,0.2023755932468,0.5749760663306,-0.3236365451025,-0.2092400781114,-0.3073086709042,0.6019558627806,0.4856207291951,0.6041898301775,-0.0110732204396,0.2744441227481,0.4709739669756,0.1699013891715,0.3663710749578,0.1905917400553,0.0926209837234,0.1286560310314,0.3312942831063,0.4260678604115,0.4558080016312,0.2933799398976,0.2502605996557,0.1945832797987,0.3859883137145,-0.1614103724699,0.3407839848895,0.1443284860226,-0.0323147699655,0.3401749447657,0.2654036316614,0.3912161594216,0.3621484561209,0.5391608193181,0.5732801575629,0.5931883569723,0.6667035374447,-0.0027669880832,0.3875577096861,0.3161583639901,0.4434826606877,-0.2164335842164,0.1266189986384,0.5220037460170,0.4723738819289,0.5346464817391,0.8209011307450,0.0750697259057,0.0931731634397,0.5352040318767,0.6423517910320,0.3460313317136,0.1023242632586,0.3700159978451,-0.3056406851403,-0.4472190061667,0.5333795897529,0.1082069802878,0.5384907812384,-0.5237695547597,0.1413428667455,0.1688728091312,-0.1981891724272,0.1638571672909,0.1851342715821,0.0354989937408,0.6081152931492,0.0934975631463,0.0898711926957,0.0680733953313,-0.0958991479510,-0.0950264517482,0.3888418514416,-0.2126735203641,-0.1691918714013,0.1643047586865,0.0843416238640
0.2118809949706,0.0258174817130,-0.0110025715622,0.2153126276949,0.1959218192384,0.2329540703352,0.1292428390915,0.2912353449093,0.3810451110042,0.4032140194653,0.6320964991398,0.7101820195004,0.5432192998759,0.3253164139372,0.4121157949357,0.3426284293975,0.7007245324169,0.5014746792851,0.3954944197897,0.4116354346111,1.0000000000000,0.4558484710821,0.6678078209317,0.6206802387827,0.3747151416063,0.3904473733727,0.5391837103185,-0.1045102284909,-0.1146159530853,-0.2192426075949,0.6148232059317,0.6022477166651,0.6294163643666,0.0641627663311,0.3026807011061,0.1125055793053,0.4273481770871,0.0424412518682,0.2141187567898,-0.0022347278489,0.1394949783283,0.1674421002558,0.4419711388555,0.2003458859839,0.0271680655568,0.1580791091381,0.3273930214420,0.3031376539569,-0.0547170256206,0.4232660335510,0.1077531719762,-0.1045809882434,0.0901499522564,0.1221883015827,0.1025529565209,0.0129140759439,0.1784110903459,0.1766963582470,0.3772407489604,0.2835415546591,0.0526825107960,0.5039847708464,0.5001979594152,0.3208364303262,-0.1982525414063,0.2248974524269,0.1811551325076,0.4885324785675,0.1771893711487,0.3912966587776,0.6163954225152,0.4668360355365,0.5729000089769,0.4819218572052,0.4256257953697,0.2079890021419,0.2807413735860,-0.0361099641020,-0.2978831059633,0.5224834698295,0.4388905796341,0.4998688828107,-0.5075796330940,-0.0238694823397,-0.1213890287407,-0.0928364238414,0.4486837870926,0.1519015294574,0.1415192606125,0.2307462631519,0.2373553786802,0.0295275556058,0.0092003796598,-0.1101109655663,0.0669430832459,0.2464603004039,-0.1607905374748,-0.1850631665984,-0.1050304106968,0.1742495044801
0.0104808175745,0.3090248680028,0.1014146659309,0.0166615792828,0.0835462043909,0.1547425109452,-0.0013249825260,0.1511937680205,-0.0314525857017,0.6435162293265,0.3049080135704,0.3316121430292,0.3309927841248,0.1183456610597,0.3247385613518,-0.0275032011187,0.3208973586855,0.0914001576050,0.0183954102505,-0.0001582350098,0.4558484710821,1.0000000000000,0.1989317254555,0.1347568788624,-0.0907837991510,0.2271999786045,0.2224132447212,0.3904360887289,0.2222611420695,0.2060246813002,0.1658661768654,0.3500979826160,0.4069459836498,0.3084293377904,-0.0723875102008,-0.2165535237845,0.0995069522597,-0.0350594254967,-0.0164871129937,0.1574904743646,0.3663578487992,0.1900399255249,0.1112101133255,-0.0066432060254,0.0484820844605,0.1365852223981,0.4412827906856,0.0404417237251,0.4946562584716,0.2220366507055,-0.0443892247026,-0.0237181288281,-0.0597473265339,0.0546576345255,0.0739144376619,-0.1618617806744,-0.0093304814072,-0.0178294856025,-0.0199087172150,-0.0852113956606,0.2788328844157,0.1382929260249,0.1485885327019,0.0135373509965,0.0308476408861,-0.0285454400700,-0.1958659300359,0.0473012979104,-0.1652184105469,-0.0327289246414,0.1885896586927,0.2459172073437,0.0239609037514,0.0289019594359,-0.0586179623243,0.0511594276951,-0.0949447476896,0.3607900899502,0.1123054556192,0.0307257520136,0.2146723906812,0.0264183339318,0.0797622619017,-0.2453059798384,0.0062517592313,0.1853700835635,0.0833991406935,-0.1749640949557,-0.1119656046152,-0.1277791367661,0.0430946942581,0.2710697920606,0.0556624651664,0.1819926730658,0.1330981459893,-0.0292154277650,0.2201403452597,0.2720602427048,0.0150643875739,0.0067231535421
0.1516483578752,-0.1092790232091,-0.0314954053135,0.1083291825359,0.1021618932015,0.1329161252489,-0.0030576869001,0.0907439411310,0.3397666989590,0.0427726286056,0.6176663071484,0.7319088414372,0.2465124131205,0.1919266891222,0.1528340907827,0.2327438253595,0.4494064078259,0.3745062980567,0.2845722044125,0.3705214877959,0.6678078209317,0.1989317254555,1.0000000000000,0.4934991905891,0.4139833885195,0.3175599723305,0.4764028597091,-0.2087295521238,0.0667112580327,-0.1232724238918,0.3766109351303,0.4660636813407,0.4191117195591,-0.0159975390364,0.2723455872773,0.0911904238219,0.3328647698193,0.0631988149657,0.1594189226764,0.0677740751381,0.0831214243585,0.0421788028825,0.2930344106336,0.1440014420184,-0.0455647377567,0.3291629815357,0.2173692862879,0.2454381991061,-0.1883315188630,0.2592273536048,-0.0073181088093,-0.1007440010776,-0.0169988432739,0.0910811682817,0.0059938621988,-0.0394933108901,0.1835650723370,0.1545933091389,0.3424892944089,0.3201239553263,-0.1103876239284,0.5422912843627,0.5168808554536,0.2391018652853,-0.2617168025463,0.1316190759734,0.1603788154195,0.3870436312505,0.2108566900541,0.4112333982329,0.4626970866032,0.6139628308482,0.5323448952794,0.4742248735147,0.4235017790857,0.2245697842340,0.3890286294283,-0.1461239014764,-0.0947165686077,0.4365139496583,0.2543172192370,0.4256418623820,-0.4606881657689,0.0966561220255,-0.1080060482169,-0.1589536191631,0.3733706443600,0.1219308563709,0.1758683240538,0.2727203453596,0.1834711747964,0.0433507733500,0.0070004919595,0.0079425765711,-0.0778388759334,0.2050987043472,-0.1334913241317,-0.2816077842355,-0.0962593465851,0.1273579482849
0.2082418465712,-0.1925097614303,-0.0000261112384,0.3038267020513,0.2448716337798,0.3715000161597,0.4311829397642,0.2411743245502,0.6953883572984,0.3000303296256,0.5795605723021,0.4899053048013,0.4445074053546,0.1252227609530,0.3142732546641,0.4203405430881,0.5630386364564,0.5259765967866,0.7064289930646,0.6285806601955,0.6206802387827,0.1347568788624,0.4934991905891,1.0000000000000,0.5778185836247,0.2170751721019,0.6944849494947,-0.2666061060563,-0.2401329639092,-0.3539800770689,0.7287033129990,0.4722233409623,0.4637202127686,-0.0800198993955,0.3506110337700,0.3551098063565,0.5697488238740,0.2192483941807,0.3695981625207,0.1399322892250,0.0164287928242,0.1662349444726,0.4906210185224,0.2619684170797,0.1134086914240,0.1798006286011,0.1743475752256,0.4031690246842,-0.1251771257167,0.3853991554258,0.1159836855187,-0.1693244487160,0.1596658347269,0.2418517425508,0.3674658182617,0.2227381640913,0.3391687945323,0.3462575684641,0.5199351884972,0.6193431879465,0.0565137453293,0.5840023697523,0.5347752837380,0.3537003234353,-0.2911227581184,0.3217205552507,0.3950172392423,0.5293792089900,0.5500744192915,0.5929457124976,0.4347227411856,0.3505238091805,0.8373769126706,0.6106986507466,0.4635305587771,0.2170408104486,0.4235153547558,-0.2580399209311,-0.3776195508353,0.6234204739576,0.2757781361216,0.4411075756039,-0.5087103706443,0.2058194513346,0.0321282779368,-0.1785769728379,0.5798974788366,0.3475563766054,0.2798966113091,0.4831180990399,0.3445520835477,0.0744793666546,0.0042253845496,-0.0565263860443,-0.0746983061645,0.4565709231362,-0.1942048800350,-0.1851642872037,0.0964330313374,0.2984006733572
