1.0000000000000,0.6387091608827,0.6950007175613,0.7572897665364,0.6577899570201,0.2319332057926,0.6032746372504,-0.1347488376062,-0.0729542583432,0.0800898865906,0.0169060236229,0.0624196652263,-0.0665084552369,0.6560072621498,0.5069907041371,0.2902282968247,0.0101278078379,-0.1040844259376,0.2135951795422,0.0210034709201,0.1889091874745,0.1525674169236,0.1392069525486,0.0739058068155,0.0196079030037,0.2164324594553,0.0471519427962,-0.1728119410620,0.0018994581145,0.0586056357818,0.0212321967127,0.0877823136569,0.0461270223608,0.0606408427934,0.1561304194192,0.4235469556865,0.0233311895872,-0.0277563671784,0.2221911564832,0.0627533255614,0.0785212664758,0.0755149372269,-0.1176252341308,0.0213124856219,0.0004654833488,0.0206859285603,0.0657453653408,-0.1140486503159,0.1671515990293,0.2296521827560,0.8398197922524,0.6752685882514,0.6375182482945,0.4037116931705,0.2290093515666,0.7189334832022,-0.1390074488639,-0.1127866444540,0.0285414924471,-0.0480289778946,0.0649583902087,-0.0112212081365,-0.1300034066738,-0.1668769921382,0.6088013883791,0.0086477201608,0.3021244270775,-0.0590746438590,0.2458711583792,0.0041966975345,0.0009396931844,0.0266576954324,0.0175113827362,-0.0094364454558,-0.1703844754851,-0.0916217658351,-0.1333249385102,-0.1772098855092,-0.0709862902040,0.1065200647472,-0.1728008032558,-0.2031988117205,-0.1456327474487,-0.1764914775559,-0.2369672394893,-0.2065516036619,-0.0685045578936,0.2072082231895,-0.2722449080069,-0.2352593345893,-0.1238543806490,-0.2113286221838,-0.1898208635827,-0.1696250758673,-0.2590804520711,-0.0764930030750,-0.0103757214944,0.0453751850240,-0.0002910715801,0.0386279411850
0.6387091608827,1.0000000000000,0.5712882519622,0.6815523370746,0.2977507551769,0.1573648472511,0.3666745376472,-0.0714572294953,-0.0167588960774,0.0529907130142,0.0064650578340,0.0602808234609,-0.1337334273930,0.6136107181152,0.5209748723470,0.2754428379645,0.0822769334341,-0.0009369365885,0.1756785249464,-0.0254044644526,0.1082499356151,0.1319755607596,0.1462356037996,0.1040698806016,-0.0307185445664,0.3113348069799,-0.0006841840218,0.0309005765646,0.3679397588192,0.3549669764906,0.1391838100264,0.1740541458368,0.0547529662003,0.1886914115902,0.0899704723560,0.2961149994038,-0.0171149109416,0.0622354700880,0.2220672401677,0.0374579447519,0.1713070278441,0.0449600577638,-0.0689983432246,0.1597746337926,0.1082781375007,-0.0360419370167,0.0314407342309,-0.1073572914456,0.2109083767983,0.1680811086814,0.5243578795753,0.8197526515767,0.5975344986359,0.2416756100090,0.0949851977099,0.5070352477157,-0.1788917662388,-0.0507071209730,0.0546537125285,0.0130096921982,-0.0990360926449,-0.0133313649277,-0.2193132027700,-0.3281037297944,0.5778538282183,0.0767596128618,0.1926786246401,-0.0539188077481,0.1164297537601,-0.0712249024809,-0.0821269831535,-0.0273015542961,-0.0552584169404,-0.1290820346631,-0.1992926353911,0.1139907675538,-0.2042710576107,0.0755549825200,0.2833339814037,0.0981635935168,-0.0426139921774,-0.2410963745427,-0.0344942663872,-0.1049798445713,-0.0889340829468,-0.0905801302362,-0.0982149891845,0.1736269684542,-0.2065851780414,-0.1245776553171,-0.0153996626096,-0.2087591965900,0.1716357406203,-0.1896261588212,-0.2897305860147,-0.1003261276045,0.2134303604603,-0.0871417358373,-0.1558500766050,-0.1402020160552
0.6950007175613,0.5712882519622,1.0000000000000,0.6407584424682,0.5341237543587,0.5459677083869,0.6432865025666,0.0784296064664,0.0414779765810,0.0779761608639,0.0752853177251,0.0396401345575,-0.0059298632658,0.3664582134951,0.3778623478974,0.3138216373220,-0.0110351182679,-0.0093021556627,0.2570324839292,0.1069821710478,0.0268378990839,0.0678616017227,0.0690437704649,0.1167634200687,0.0263006223202,0.1762205619858,0.0902486145559,-0.0991290621143,-0.0008949675748,0.0262813930395,0.1342773415801,0.1218929534354,0.0282671230791,0.1989416833334,0.2038667455824,0.4349359086207,0.1164026407509,0.1390748965898,0.4100413849323,0.1912874444026,0.0820868993635,0.0281711387348,0.0618276115063,0.1072110345974,0.1208913786915,0.1224709208915,0.0413755241744,0.1542362900807,0.1417795110497,0.1252138764114,0.5302967613101,0.6461481870990,0.5106645548972,0.7187375405892,0.3738988588804,0.6744784428193,-0.0581858102589,0.1051347235373,0.1923960230321,0.0979240379470,-0.0692014527664,0.0450015504607,-0.1543513157576,-0.0935321751994,0.3160882595711,0.0280057184558,0.2723265635242,-0.0180360628330,0.2446925158960,0.0420974736790,-0.2120071795565,-0.0690521413900,0.0138849325529,-0.0820821888933,-0.2115405510736,-0.1041787575782,-0.0256520457806,-0.1718316241141,-0.1336194187351,0.0426979774678,-0.1203553382796,-0.2584440697412,-0.1621521817412,0.0048725388776,-0.1819191776208,-0.0071182585056,0.0018368740420,0.2942616324783,-0.1189500663169,-0.0738660545915,0.1092637359911,0.0061576402557,-0.0688206428193,-0.1027689481630,-0.3030982921783,0.1758530418104,-0.0677804454172,-0.0846299844979,-0.0910993311325,-0.1659983729592
0.7572897665364,0.6815523370746,0.6407584424682,1.0000000000000,0.5706003360768,0.3597281813862,0.7570634269475,0.0958040841851,0.0996321421945,0.2136075325201,0.1335593520746,0.1977493987386,0.0726851873169,0.6320070767451,0.6309756771572,0.5349144947831,0.1651731742162,0.1453214830336,0.4644001893296,0.1642905176930,0.2166993418019,0.2014095185215,0.1927827479285,0.2349492466542,0.0769540862464,0.3139364452315,0.1294358103184,-0.0989120114301,0.0363029851572,0.1034603195142,0.1134037789087,0.1319774637072,0.1180599453523,0.1744195363285,0.2337630711833,0.5448968111379,0.0678223774994,0.0564142074396,0.2925104965400,0.1810718313225,0.1217221450085,0.0858811123772,-0.0294971086114,0.0621671028144,0.0571240367862,0.0315269117407,0.0841811300004,0.0117642326242,0.1833417268499,0.2731723499872,0.7550494481477,0.6367084501828,0.8784515187044,0.4950373347876,0.3553053483107,0.8332832342713,-0.0178641522095,0.0800293335908,0.2510489125076,0.1792025939856,0.0160378435929,0.1265267140466,-0.0726355967754,-0.1100856927767,0.6072142197234,0.1893506138323,0.4919518960617,0.1097293973371,0.4076692358201,0.0853646939762,-0.0340513679629,0.0326212317312,0.0981752367604,-0.0148134563744,-0.2291775826645,-0.1055784413105,-0.1737572936043,-0.1376806250911,-0.0062574162217,0.1826329852679,-0.1818848523435,-0.2418256270350,-0.1649280666717,-0.1013654923739,-0.2680203206613,-0.1628689416964,-0.0721799902630,0.2616213025131,-0.2218110761557,-0.2204312018386,0.0040488089251,-0.1441903048849,-0.0901622206501,-0.1939434566985,-0.3911645846067,0.0319487023437,0.0548484046545,-0.0704538851358,-0.0460057259482,0.0270872020638
0.6577899570201,0.2977507551769,0.5341237543587,0.5706003360768,1.0000000000000,0.6546282647810,0.7104095938830,0.1804604914224,0.1571740823327,0.3399132460188,0.3669987588173,0.3001779736652,0.2075995944648,0.3184975145886,0.4477538159107,0.2566967045514,0.1547521357703,0.0981016377047,0.2787000195782,0.3242696105185,0.2852008091287,0.4338046072458,0.3690543596476,0.2917376019551,0.2364048868513,0.2331306720187,0.2804409659657,-0.1118869614799,0.1596016861317,0.0114972985199,0.0450744912761,0.1323905158310,0.1474303481673,0.1973294364874,0.1850681575596,0.2374251366568,0.1560498417801,0.0879184569294,0.1810699752807,0.3197991302169,0.3265418966808,0.1910347269642,0.0351613965329,0.0558199782486,0.0253143819035,0.3114827325029,0.1833493903344,0.1047168845982,0.4397082924756,0.3218911439552,0.6982524092718,0.2410803850615,0.4358090728468,0.6749851019050,0.6992607611063,0.6419181116481,0.1261842266479,0.1267835691160,0.2301514694539,0.1688496891711,0.2241903263415,0.2957076689946,0.1198532628828,0.0288971177747,0.3210497490456,0.0525611611839,0.1882942515646,0.1263167967376,0.2037371245946,0.2376761688872,0.1144201788947,0.2515358563204,0.2400793180573,0.2036781233467,-0.2132794672580,-0.1528064059260,0.0239363260751,-0.1616426309698,0.0438191607259,0.1429372989301,-0.2118254768230,-0.1465139187920,-0.1258230006943,-0.2519622475267,-0.3622063028743,-0.2197372267132,0.0756240078464,0.0462018052971,-0.2308694745640,-0.2538838587810,-0.0133971145284,0.0394425480720,-0.1905256195172,0.1378780772624,-0.2726924995168,0.1050639878047,0.1907892682467,0.2031211816413,0.2068030709608,0.2140410770143
0.2319332057926,0.1573648472511,0.5459677083869,0.3597281813862,0.6546282647810,1.0000000000000,0.6290317313285,0.3688925638343,0.2853626804987,0.3681511943596,0.4616789697379,0.3063759834906,0.2846029174393,0.0676157153030,0.3904608226099,0.2939078148006,0.1922377672639,0.2380597744386,0.2763819768122,0.4243021166977,0.1526863301053,0.3562314355982,0.3805071919171,0.3609366384878,0.2827218182652,0.2319820072134,0.4208655756849,-0.1330247276424,0.1215603820376,0.0647674865735,0.2463028912831,0.2800311323554,0.1870830758067,0.4720731575791,0.3176270946097,0.2526641788373,0.2905619989830,0.3617467228863,0.4323592172127,0.5676263205609,0.3645357043806,0.1746288304113,0.3846631315030,0.1827996725563,0.2108867288833,0.5067290725988,0.2185695780318,0.5764071326627,0.4544458826764,0.2169316644039,0.2808188998749,0.0451974162960,0.2266480717547,0.8270017242665,0.8628260857467,0.4225875401103,0.1606579053871,0.2479723875564,0.3204063010438,0.3093902318488,0.0531198123191,0.3991607490767,0.1119317391402,0.0818081006027,-0.0205550249774,0.2253216085111,0.0983821067771,0.1681457009916,0.1728947592958,0.2564646631275,-0.1496516866730,0.2106793549281,0.2263942298396,0.1551861148264,-0.1884683753241,-0.1619855847640,0.2280833653202,-0.1912706986548,-0.0682191818087,0.0934866265058,-0.0722082572119,-0.1475438426216,-0.1200884091759,0.0470460556729,-0.2679017661623,0.0288761827509,0.1797329803976,0.1674330943983,0.0751239316080,-0.0009948242155,0.3568778736047,0.3966501359637,-0.0321802824199,0.2611674861036,-0.2996093135512,0.5427659058723,0.1985989684359,0.0663219771750,0.1544936102657,0.0545380523087
0.6032746372504,0.3666745376472,0.6432865025666,0.7570634269475,0.7104095938830,0.6290317313285,1.0000000000000,0.2107432902194,0.1053369110033,0.3090169559143,0.1980933871058,0.2342449555381,0.2823853976242,0.3411685529530,0.5124551661261,0.4306712039502,0.0676309624668,0.0702010861349,0.4120021542853,0.1889577903726,0.1331765978452,0.1651584586350,0.1178276718620,0.2019669972114,0.1193583345057,0.1378731887906,0.1610862044241,-0.1897890801466,-0.0929717624868,-0.1274237164099,0.0088353581709,0.0323959492785,0.0678657168627,0.0874989353237,0.2202405439608,0.5155909523151,0.0719934759447,0.0172043467650,0.3937939887676,0.2064272044976,0.0561997880991,0.0312326642958,0.0229560071950,0.0514277607116,0.0434868518046,0.1238446843151,0.0518594026128,0.1260147447277,0.1486321342638,0.2399096553067,0.6605554113524,0.3954337058058,0.6269270705417,0.6769951170589,0.6623547458863,0.8770658688369,0.1795607565538,0.2318353339505,0.3182269147940,0.2242059157002,0.1705704300743,0.1969189815870,0.0390590969193,0.1947175315108,0.3853200510771,0.0798066603578,0.3992179415960,0.1423250394005,0.4119273573942,0.1051400752823,-0.0573600941750,0.0118428920979,0.1247756084884,0.0111741967871,-0.3017433342988,-0.2665949086242,-0.1500773620159,-0.2435055777957,-0.1673956636598,0.1018047130211,-0.2642572549145,-0.2093419586933,-0.2652259824445,-0.1629290181372,-0.3239466552049,-0.1684395546419,-0.0431891542876,0.2417357569004,-0.2037328528947,-0.3097520071839,0.1065755947426,-0.0540514570211,-0.2466980969374,-0.1317478530032,-0.3401047118135,0.1742495623503,-0.0346375288248,0.0116367435771,0.0295487781942,0.1250544435690
-0.1347488376062,-0.0714572294953,0.0784296064664,0.0958040841851,0.1804604914224,0.3688925638343,0.2107432902194,1.0000000000000,0.8502308899236,0.4973476417142,0.6799853028396,0.6040795353350,0.7168619278309,-0.1395976116835,0.1297367264497,0.3339675463428,0.6261206858419,0.7593797394831,0.5689417721093,0.7631678199835,0.3736327411937,0.3941378661349,0.4703994849738,0.6282721472128,0.6635454591434,0.1723727616788,0.5192655212645,-0.2483274934431,0.1499145594730,0.0081655957673,0.3807877441857,0.2264337585825,0.4069378690902,0.3033348823423,0.0859232662689,0.0315133604846,0.2907906225747,0.2624414080034,-0.0203006075239,0.3289267986097,0.2831717038159,0.3061256463548,0.2523280545190,0.0425712226450,0.1238450143505,0.3062113190076,0.1968255417986,0.1470610309820,0.1167420808138,0.3205757838772,-0.0809165393570,-0.2321381854060,0.0067178086012,0.2643233094153,0.3549221298585,0.0977457492280,0.6665365015682,0.7275813426074,0.7697968377021,0.7657671208473,0.2154322427961,0.6771633772911,0.5193076204198,0.4244559191305,-0.2010483903697,0.1971038755063,0.1746682832641,0.6050786355180,0.3036003411380,0.6955294380389,0.2050119974937,0.3930709830525,0.4902946919118,0.5492298016128,0.1046668545167,-0.0730147440241,0.3698250561229,-0.2510357061743,0.0546886030113,0.3929772584844,0.0310177120846,0.2855515789926,-0.1368386847552,0.0854184650690,-0.1312626343978,-0.1309548854847,0.2169596521374,-0.0555229424424,0.0810923546876,0.0619325519186,0.1896694391932,0.2249963523322,-0.0292715050953,0.1284197603032,-0.2142765240718,0.1706349847509,0.0044348064801,-0.0332899695563,0.3069213308302,0.2086136454164
-0.0729542583432,-0.0167588960774,0.0414779765810,0.0996321421945,0.1571740823327,0.2853626804987,0.1053369110033,0.8502308899236,1.0000000000000,0.4759314821248,0.7217565723091,0.5893268540975,0.5462240675757,-0.0454189656574,0.2171127387631,0.3082464214863,0.5646484913620,0.6529730170274,0.5561463662079,0.7667427303234,0.4253071967453,0.4897066613889,0.5916173555780,0.7179135580252,0.7225066163543,0.3290651692619,0.6245825594271,-0.2407172480090,0.2433140508299,0.1280632278792,0.3973630622910,0.3660828671637,0.4312098661395,0.4194340835855,0.2037483478482,0.0788111382958,0.4044792450175,0.3510606283123,-0.0121173412796,0.3949143943132,0.3945648233495,0.3864791210483,0.3243932436422,0.1065935636135,0.1796738881114,0.3362174865544,0.3079418191351,0.1358471336517,0.2205502041156,0.4137987891775,-0.0617434555407,-0.2266127351196,-0.0318438458902,0.1604596345621,0.3044400638404,0.0123564064425,0.5498214477011,0.5736871162858,0.6821103736008,0.8489499973131,0.1789505203762,0.6903021400229,0.4819458944577,0.2203858619505,-0.1761987881287,0.3084137729799,0.1074589128958,0.4475613353376,0.3461844800468,0.7126257618828,0.2346956190319,0.4653749726601,0.5958338257253,0.6654227675216,0.1543245786751,0.0097337228341,0.4457047317521,-0.2664766776214,0.1521111649847,0.3708102106879,0.0581388292739,0.2630386021076,-0.1065279656897,0.1138392873314,-0.1092502375905,-0.1354856273043,0.2816588266374,-0.0077681103662,0.0886675527578,0.1341895826979,0.1343418275385,0.1986886540485,0.0378984330520,0.1452090354711,-0.2476547256898,0.1777349790051,0.1004492924736,-0.0170022778588,0.2978131229101,0.2211065198380
0.0800898865906,0.0529907130142,0.0779761608639,0.2136075325201,0.3399132460188,0.3681511943596,0.3090169559143,0.4973476417142,0.4759314821248,1.0000000000000,0.6807329425997,0.8726069345413,0.6259878034585,0.0915818214235,0.2370949039811,0.3116458973294,0.5593624480602,0.4272245234799,0.4501828602533,0.4120369914399,0.5719502180045,0.7271796061304,0.5670601326849,0.5170457448479,0.4099312190688,0.2657240805683,0.5179095874064,-0.1530243319459,0.2027113792136,0.0082016418468,0.1761124238353,0.2824472276442,0.4930996793126,0.1645587726577,0.0754195247236,0.0695278985859,0.2001897243245,0.0654197700100,-0.1540741464598,0.2992497998575,0.2859403074755,0.3732934034568,0.0375472195229,-0.0029763076498,-0.0692474809836,0.4579887086099,0.3612759592481,0.0230270910750,0.2358568061487,0.4571627948576,0.1587886216582,-0.0947483201927,0.0205812133056,0.2845424313124,0.3749856875886,0.1803908367511,0.4905122180159,0.3973150644673,0.3485867122332,0.4961734932548,0.7585992246726,0.6798196300114,0.6038470211526,0.3573552224037,-0.0234028999707,0.0933903478645,0.1585847024867,0.4345009730032,0.3314354068657,0.3762805653331,0.4522354413339,0.6294725673276,0.4988482894116,0.4413237184896,-0.0086432528038,-0.0611622190452,0.2297049376939,-0.0996751059302,0.1454627869131,0.2995887904570,0.0523404225633,0.2882513283444,-0.1107388280583,-0.1818413277790,-0.1582510727562,-0.2270819461749,0.1250098865283,-0.1573270135573,-0.1994247930073,-0.1740381388959,-0.1474658516215,0.0864082024146,-0.1240762251237,0.2356241150231,-0.0224275136184,0.0267676027045,0.0955091147745,0.4096256514489,0.5681162850489,0.5114679212375
0.0169060236229,0.0064650578340,0.0752853177251,0.1335593520746,0.3669987588173,0.4616789697379,0.1980933871058,0.6799853028396,0.7217565723091,0.6807329425997,1.0000000000000,0.7835693805544,0.6212824758920,-0.0464389564494,0.1988675015463,0.1885233623501,0.6037938642107,0.5527325144691,0.4128445471901,0.6714119912145,0.4984692110383,0.7148904152707,0.7841672634085,0.7625434525706,0.6034274229047,0.3441577848816,0.7368234102846,-0.2325223188237,0.3089310207881,0.0686129049317,0.3266234680368,0.4120398884316,0.5071744387482,0.4354868029302,0.2207719168859,-0.0370304807332,0.3882009663749,0.2768764913753,-0.0979252556512,0.4701938335719,0.4162779104010,0.3770068206099,0.2304339570103,-0.0341000268556,0.0102131876437,0.4651821745465,0.3130645991728,0.1995269540673,0.3109894929042,0.3804275403233,0.0459649800366,-0.2098129828693,-0.0059447793056,0.3238690865566,0.4740785009236,0.0838985175046,0.4514340219724,0.4275938183311,0.5034896322686,0.6079288897635,0.3646562695434,0.9026843134494,0.6348549705927,0.2479846427009,-0.1517193289967,0.2156538902368,-0.0214322062186,0.4704264324474,0.2122750061020,0.5531745023808,0.3580310320125,0.7109201554914,0.6527572375862,0.6468031297618,0.0639560753764,-0.0377826021627,0.4870151901615,-0.1803671277841,0.2252060465881,0.3732007715302,0.0644293037299,0.2593774463760,-0.1465559262626,-0.0513295252106,-0.3115943160588,-0.1916515696924,0.3081383324791,-0.1738020795051,-0.0784610828957,-0.0400532252881,0.0230529311750,0.2742692565957,-0.1318316432512,0.2204691130714,-0.1793761598684,0.1785103006984,0.1646999437375,0.1579939218343,0.3897153979384,0.3827112863769
0.0624196652263,0.0602808234609,0.0396401345575,0.1977493987386,0.3001779736652,0.3063759834906,0.2342449555381,0.6040795353350,0.5893268540975,0.8726069345413,0.7835693805544,1.0000000000000,0.6813670993091,0.0895968924590,0.2102649363644,0.2683384806903,0.7078501841446,0.5852914170676,0.5036930636099,0.5168090486796,0.6082769793601,0.6982725264065,0.6817887425834,0.6342049119713,0.5018903564135,0.2977968897465,0.5994600253066,-0.1563056218690,0.2283440292695,0.0668322410734,0.1962090507846,0.3047834145411,0.5380564923426,0.2885414332493,0.0635422965819,-0.0134198798433,0.1701455938100,0.0949411708795,-0.1745179931489,0.3553915008646,0.3448972360426,0.4137921616121,0.1179316546682,-0.0078547949600,-0.0108778221849,0.4186746811826,0.3794404582360,0.0294672338487,0.2309100680560,0.4550755000714,0.1365882214560,-0.1048910731841,0.0151114974997,0.2060620882933,0.3238049636581,0.1263176587414,0.4887386685510,0.4435377990869,0.4351758834117,0.5485867938744,0.5774964926295,0.8042007626429,0.7617929681158,0.3389212271430,-0.0245294675882,0.0999875223781,0.1138788995441,0.5716959649561,0.3132507428908,0.4235880434773,0.5164539902660,0.6936104070902,0.5485148360182,0.5244493430927,0.0011333977767,-0.0497491157073,0.2707139871756,-0.0855309329310,0.1849948748517,0.3363808462843,0.0024743059012,0.2750397983060,-0.1478604879503,-0.2047924183280,-0.2557319532072,-0.2430690877232,0.1021716772686,-0.2482280391364,-0.1806401831990,-0.1728448005249,-0.0948159944843,0.1456901692179,-0.1043221296246,0.1997122340575,-0.1089093500912,0.0078371702222,0.0918837783823,0.2345889735006,0.4954204563396,0.4487261108044
-0.0665084552369,-0.1337334273930,-0.0059298632658,0.0726851873169,0.2075995944648,0.2846029174393,0.2823853976242,0.7168619278309,0.5462240675757,0.6259878034585,0.6212824758920,0.6813670993091,1.0000000000000,-0.1069099526535,0.0461081607552,0.2729765469126,0.5843488112180,0.5247198942654,0.4107493496324,0.5476135269637,0.4255529945430,0.4311278449535,0.4079357181371,0.4749193566402,0.5850376637518,0.1495631812664,0.4950944727647,-0.2079971036286,0.0900389083806,-0.0727389276550,0.2777354604424,0.2229011424996,0.4752732500044,0.1314436375180,0.0416798984091,-0.0013310866646,0.1200940754976,0.1356975791244,-0.0865984567497,0.1719451722815,0.1499874553791,0.2906845184564,0.1635657609882,-0.0071259366282,0.0840434473391,0.2914042251225,0.2663487734826,0.0063304336891,0.0685170344972,0.3100993501208,0.0197963831015,-0.2217091884628,-0.0274684991635,0.2149533236888,0.3023079286128,0.1297572034817,0.6626855228985,0.4941146942705,0.4706109265441,0.5263509847061,0.4086831411548,0.6374313329356,0.5827576426049,0.7629856975681,-0.1374131920812,0.0338447971836,0.1113191869097,0.5646143174507,0.2270705648764,0.4550128524319,0.2725228546316,0.4276612668300,0.3597176858177,0.4872957081415,0.0891380013172,-0.1362481599665,0.2905651734627,-0.1070850113239,0.0489827160581,0.3310845164563,-0.0268477168908,0.3148029322708,-0.2385641367824,-0.0386553733487,-0.1409069279988,-0.2273331446636,0.1112374603904,-0.1605506898736,-0.0388553346235,-0.1222113072140,0.0042066985687,0.0542827807862,-0.2003047815762,0.0960521138906,-0.1068823049555,0.0309298337580,-0.0209281382241,0.0534164936757,0.3532531984214,0.3368688869510
0.6560072621498,0.6136107181152,0.3664582134951,0.6320070767451,0.3184975145886,0.0676157153030,0.3411685529530,-0.1395976116835,-0.0454189656574,0.0915818214235,-0.0464389564494,0.0895968924590,-0.1069099526535,1.0000000000000,0.4574728198521,0.4418558415371,0.1492132006267,-0.0034443999254,0.3170709132033,0.0427519387082,0.2142480166987,0.1763458519194,0.1627690671069,0.1024893501886,-0.0486105427969,0.3255741285523,0.0590327209452,0.0185500739459,0.1748598011455,0.4051648777231,0.1170811343329,0.1597065847473,0.1064314973517,0.1474252905054,0.1205320122983,0.4546940830681,-0.0087884996033,0.0160888801596,0.1211402278218,0.0801226151279,0.1479237701433,-0.0097875107186,-0.1510099827621,0.0780998229334,0.0855417490843,-0.0193786000946,0.0535479681964,-0.1589946350776,0.3363937675970,0.1665669532180,0.6522962155706,0.5203716329298,0.5642343221660,0.0681198324491,0.0409737384515,0.4066935492031,-0.1321793436244,-0.0940386620894,0.0065081266250,0.0245145567385,0.0726630208163,-0.0499960410560,-0.1777884135229,-0.2692584707830,0.7928382210396,0.1318524589899,0.4255188922201,0.0036791867722,0.3433233316494,0.0299237764667,0.0727630740853,0.0726156762629,-0.0150447366856,-0.0721699080903,-0.1603491602323,0.0473090049719,-0.1491181633503,0.0535457206306,0.1314043730609,0.1993531646353,0.0002045424832,-0.1379799447305,0.0347259808808,-0.0641635968547,-0.0368468374705,-0.1408592942226,-0.1566679784422,0.1674094061038,-0.3041105866182,-0.0974613725992,-0.1342298740201,-0.2115677653558,0.0539929447338,-0.0194479523095,-0.3067605508386,-0.1429500682670,0.2676424092220,0.1094111749963,-0.0436387051930,-0.0736150443817
0.5069907041371,0.5209748723470,0.3778623478974,0.6309756771572,0.4477538159107,0.3904608226099,0.5124551661261,0.1297367264497,0.2171127387631,0.2370949039811,0.1988675015463,0.2102649363644,0.0461081607552,0.4574728198521,1.0000000000000,0.4166172934046,0.1728306630175,0.1780941210007,0.2958817316806,0.2031710549672,0.2523736039348,0.2722786077141,0.2447460845013,0.2643865540104,0.1873699328071,0.2621628188143,0.2155959601897,-0.0741574179373,0.2265789113117,0.2678689864287,0.2486181585151,0.2698527996080,0.1454413256078,0.3186899921716,0.1812372839607,0.4411529069014,0.1418511538869,0.2200824533937,0.4123340466712,0.2654850041800,0.4227707254781,0.3195653099138,0.3159093562497,0.3084430871110,0.2835190265846,0.2150169052296,0.2637155681033,0.2201276341189,0.4260864548449,0.5604267888763,0.4992611498645,0.3484356081383,0.4823654221386,0.2830635644834,0.4236227654604,0.4912092762323,-0.0335041697249,0.0684599259279,0.1633223579296,0.2487536454335,-0.0278806550422,0.1928886282883,-0.1361125689360,-0.2177725989593,0.4053040515939,0.4975400711774,0.2419122377403,0.0269332142520,0.2793910561642,0.1027661105446,-0.1473241574785,0.0091842938281,0.0716160412960,0.0100021075539,-0.1950731917161,-0.1515748733132,-0.0994595091180,-0.1078214065682,0.0967067589319,0.1226622011692,-0.1304335866532,-0.1689727787656,-0.0521921212894,0.0692996107080,-0.1211634701533,-0.1292988707851,-0.0269549132196,0.3191126347634,0.1045358892954,-0.0951081329867,0.2863546010979,0.0219024541963,0.1382583066200,0.0456673887381,-0.3131111925686,0.2590408411531,0.2729371101305,0.0173005624391,0.0184966355726,0.1292999161125
0.2902282968247,0.2754428379645,0.3138216373220,0.5349144947831,0.2566967045514,0.2939078148006,0.4306712039502,0.3339675463428,0.3082464214863,0.3116458973294,0.1885233623501,0.2683384806903,0.2729765469126,0.4418558415371,0.4166172934046,1.0000000000000,0.5225640895270,0.4820050810886,0.7300948431329,0.4955176480253,0.4511040473762,0.2259494238743,0.2484665461637,0.3365380705009,0.2898920811752,0.4002705107176,0.2911200208960,-0.2604823333033,0.0660167628586,0.3271296717619,0.6101725070730,0.3451936809659,0.5038690646799,0.2386576972665,0.2737799683649,0.6915296188530,0.0622279513067,0.3176230514836,0.1349022249973,0.0707666424355,0.0993158387428,0.1970423573905,0.1413155987316,0.1536959580475,0.2851853304688,0.1456925017197,0.1897789194303,-0.0031845174526,0.1713601259158,0.3693980467755,0.3207744195659,0.1564487352721,0.4528080774610,0.3001897469627,0.2637923202239,0.3644653313084,0.2227382481139,0.2519014031143,0.4288154330576,0.3637723591289,0.1023720156517,0.1562837053880,-0.0182624822161,0.0092716940331,0.3279926149646,0.3645207521655,0.7854775329491,0.4440126647988,0.5988781470439,0.4811841448424,0.0732427608754,0.0961697811112,0.1840319679737,0.1779760833537,0.0275795261961,-0.0314551976301,0.0923006505573,-0.1896183400597,0.0451933021171,0.5811302152408,0.0793332895858,0.1582178290710,-0.0491007930028,0.2972180362851,0.0672250666648,-0.0541774428692,-0.1044552629329,0.2875885437917,-0.0740375612793,0.1000990518688,0.0047613139670,-0.1924894503445,0.0069687267152,0.0095600723290,-0.2800747094603,0.1427963718306,0.0900056978340,-0.0692568538724,0.0911991075395,0.0218382014843
0.0101278078379,0.0822769334341,-0.0110351182679,0.1651731742162,0.1547521357703,0.1922377672639,0.0676309624668,0.6261206858419,0.5646484913620,0.5593624480602,0.6037938642107,0.7078501841446,0.5843488112180,0.1492132006267,0.1728306630175,0.5225640895270,1.0000000000000,0.8136889571194,0.5761053833183,0.7010343412478,0.7122022286827,0.5277207807751,0.6331585881004,0.6051629579766,0.5589100093314,0.3733898558994,0.5836044322289,-0.1415444868607,0.2575243257627,0.2833134230288,0.5902854686555,0.4097482059985,0.7446674787157,0.3371186815354,0.0898114660401,0.0783629887320,0.0765201782143,0.2729455995335,-0.2789140435249,0.2426139169514,0.2686812060399,0.3402969267132,0.1845302466418,0.0174668480254,0.1385119935806,0.3631508983489,0.3065355124225,-0.0614513335324,0.1361562523795,0.3584894839995,0.0507930894073,-0.1163019352634,0.0708995954802,0.1164262574972,0.1733849136483,0.0164075027243,0.4021080083034,0.3723837447820,0.4410917319076,0.4614149050925,0.2164731255695,0.5755695154414,0.4781626123561,0.1214370589831,0.0214857336956,0.1941287244035,0.3107645876988,0.7733172749830,0.2733008867395,0.5589843624757,0.4289927903203,0.5394515297361,0.4124959231056,0.5198208194701,0.1719748488648,0.0287805362241,0.3606568170372,-0.0211279298938,0.2014980596418,0.6030505917263,0.1188651127923,0.3863898198420,-0.1486204084544,0.0482032789725,-0.1329573565707,-0.2048976631526,-0.0046841504465,-0.2175529271637,-0.1109832145962,0.0266779906397,-0.1230117965610,0.0596068117889,-0.0476294276459,0.1762261005459,-0.1403850872786,-0.0449259759163,0.0708749776870,-0.0230270533691,0.3238751848269,0.2349451378810
-0.1040844259376,-0.0009369365885,-0.0093021556627,0.1453214830336,0.0981016377047,0.2380597744386,0.0702010861349,0.7593797394831,0.6529730170274,0.4272245234799,0.5527325144691,0.5852914170676,0.5247198942654,-0.0034443999254,0.1780941210007,0.4820050810886,0.8136889571194,1.0000000000000,0.5746356922380,0.7409329181622,0.4322465391594,0.3422299478889,0.4564985529017,0.5838531562909,0.5675647720548,0.2091268158698,0.4405291812314,-0.1787406642584,0.1793185398450,0.1483578185575,0.4597482617488,0.1997423857254,0.5012594889073,0.3107845251642,0.0069258538956,0.0325777395558,0.0983436288742,0.2662019954443,-0.1284166062741,0.2831420066485,0.3038650793372,0.3204198210902,0.2123423156549,0.1042576440049,0.2099872591589,0.3032968684752,0.1891908661423,0.1103936518879,0.1188048058145,0.3473063329945,-0.0306920439026,-0.1676463546814,0.0807293545776,0.1395701367166,0.2087960383213,0.0097800764523,0.4600371902006,0.5191922475378,0.6124206336478,0.5352068467421,0.0812524450965,0.5589931848563,0.4387426867242,0.1611375862804,-0.1015128714377,0.1913118655475,0.3054301930666,0.7935657946950,0.2533175503574,0.6184570888789,0.2431814514360,0.3427748048892,0.3738113160299,0.4659409614481,0.0819955638844,-0.0533901109070,0.2948053510323,-0.1082706918181,0.1181556673128,0.5197100737105,0.0110694900050,0.3186141886895,-0.1212019000661,0.0796079968774,-0.1099843094434,-0.1273623608564,0.0246209359698,-0.1763649305270,0.0686881951737,0.0752114911949,0.1508243478253,0.2388606389537,0.0672699667024,0.1593924944576,-0.1498603124011,0.1094092906141,0.0700297299199,-0.1165795353581,0.2459374998470,0.1408792045002
0.2135951795422,0.1756785249464,0.2570324839292,0.4644001893296,0.2787000195782,0.2763819768122,0.4120021542853,0.5689417721093,0.5561463662079,0.4501828602533,0.4128445471901,0.5036930636099,0.4107493496324,0.3170709132033,0.2958817316806,0.7300948431329,0.5761053833183,0.5746356922380,1.0000000000000,0.5453189895540,0.4048270956061,0.3252997318398,0.3491281980251,0.4740474420391,0.3781239999341,0.2760998630062,0.3256366184452,-0.1852030576763,0.0923786834142,0.2015377323303,0.3543031479646,0.1852800892043,0.3575078251733,0.2401468265166,0.1185177330390,0.4152150440281,0.1281833538516,0.1535174511477,0.0864942571977,0.2166977058984,0.2502402229227,0.3036170521595,0.1822095992368,0.0522813493834,0.2067586666967,0.1854262281141,0.1736243731486,-0.0778121369648,0.0787359126761,0.4114508439098,0.2565402565215,0.0464313747175,0.3568832360770,0.2940476079395,0.2458717299091,0.3898448304618,0.3587660208469,0.5935819380531,0.6937241887893,0.6257048877419,0.2311340788528,0.4165839991837,0.2794457183736,0.1340675091989,0.2269829974522,0.2323678700178,0.6612885402003,0.5388466924434,0.7322454054508,0.4905619585073,0.1777557626511,0.2233345483899,0.3153895247589,0.2646939059223,-0.0347432915327,-0.1110689042470,0.0142026813656,-0.1988014164088,0.0406657019013,0.4451570791084,-0.0943719229791,0.0306136763055,-0.0629845599929,0.1247807773941,-0.1514907302219,-0.1613223791939,-0.0467150917578,0.1022461696157,-0.0828151147417,-0.0133708123724,0.0502353538913,-0.0869058509926,-0.0533482668419,-0.0126464014790,-0.4108293917110,-0.0080170632461,-0.0089766485927,-0.0196893048028,0.1876857033046,0.0619927667279
0.0210034709201,-0.0254044644526,0.1069821710478,0.1642905176930,0.3242696105185,0.4243021166977,0.1889577903726,0.7631678199835,0.7667427303234,0.4120369914399,0.6714119912145,0.5168090486796,0.5476135269637,0.0427519387082,0.2031710549672,0.4955176480253,0.7010343412478,0.7409329181622,0.5453189895540,1.0000000000000,0.5660101920964,0.4850387910907,0.6744945560678,0.7435531763788,0.7826576435315,0.4343181547602,0.7184433847615,-0.3262431802001,0.2199721009127,0.1942102829966,0.5728540832266,0.3914231946297,0.5974385188889,0.4667242404770,0.2626769769913,0.1804303111200,0.2953966948243,0.4636566569049,-0.0875027070840,0.4094313650758,0.3726760002400,0.3512895227394,0.2960984074907,0.1160182330260,0.2475011208518,0.3988009916803,0.2811674262683,0.1303851129711,0.2724398962835,0.3783354330427,0.0731968062874,-0.2270677479438,0.0836289773306,0.3006463272208,0.4202998741427,0.0626395551784,0.5331804028685,0.3782167136862,0.5870897276685,0.6072956280352,0.0754027958951,0.6134846951035,0.3891560578802,0.1468399360491,-0.1044017859794,0.3289260517889,0.2212374389543,0.5878990995564,0.2469186426456,0.8409828999168,0.2671553378423,0.4890816660804,0.5553342442658,0.7357223005835,0.1451177793520,-0.0374373182806,0.5433208492948,-0.3001631142857,0.1124020692918,0.5588601899539,0.0154276048003,0.3178744702074,-0.1598858127233,0.1122765464668,-0.1809652993439,-0.1761260717037,0.1924127772622,-0.0520990305069,0.0308254085404,0.1457100605062,0.0704747482506,0.2260258334069,-0.0372843133345,0.1784629599723,-0.2596585534106,0.1714945207949,0.1312453164934,-0.0711770508605,0.2827171252975,0.2204947997840
0.1889091874745,0.1082499356151,0.0268378990839,0.2166993418019,0.2852008091287,0.1526863301053,0.1331765978452,0.3736327411937,0.4253071967453,0.5719502180045,0.4984692110383,0.6082769793601,0.4255529945430,0.2142480166987,0.2523736039348,0.4511040473762,0.7122022286827,0.4322465391594,0.4048270956061,0.5660101920964,1.0000000000000,0.6347688259514,0.7224830887054,0.6316694149439,0.4678234209460,0.5659675643718,0.6654597539153,-0.2081309249543,0.1906342448974,0.3073251873736,0.5849288651923,0.5629233585535,0.7528729419871,0.3138100116609,0.2665804330445,0.2083379284395,0.1572134340293,0.2474973907872,-0.3756701152459,0.2086828414176,0.2177187911645,0.4436053600217,0.1312211390818,-0.0805298854485,0.0344406290756,0.3541920144845,0.4328728428524,-0.1697429536139,0.1839690568575,0.4696432088162,0.2197767820618,-0.0600679433091,0.0679949032772,0.1236124698293,0.2014868501710,0.0726231693662,0.3239257642098,0.0963664885364,0.2469839281016,0.3100624283837,0.3278182708750,0.4632157554389,0.3870472159478,0.0182941723512,0.0581611784089,0.2989624461664,0.1984763098685,0.3957199487037,0.2731734152161,0.5206055747944,0.5981232957968,0.6719390870534,0.5779938839469,0.5608177619530,0.4023102615636,0.2247177597731,0.4467114246301,-0.1614311520101,0.1865038048494,0.5907037186557,0.2032183015216,0.3948716738858,-0.1029705616566,-0.0381236467306,-0.0661877394853,-0.3315207172357,0.1120661542117,-0.1382365474822,-0.1715207863860,0.0153437803653,-0.4194946374531,-0.0846546033730,-0.1665197045333,0.0979520192082,-0.0253492049603,-0.1081432516287,0.0755988454292,0.1205545193290,0.5212868895108,0.5199087818150
0.1525674169236,0.1319755607596,0.0678616017227,0.2014095185215,0.4338046072458,0.3562314355982,0.1651584586350,0.3941378661349,0.4897066613889,0.7271796061304,0.7148904152707,0.6982725264065,0.4311278449535,0.1763458519194,0.2722786077141,0.2259494238743,0.5277207807751,0.3422299478889,0.3252997318398,0.4850387910907,0.6347688259514,1.0000000000000,0.7497551268705,0.5835805936379,0.4923935351707,0.4465711339807,0.6529936156606,0.0063344177670,0.4699784066181,0.2492208443413,0.3059075484893,0.4890768870288,0.5921908076575,0.3800639020142,0.1672318760052,-0.0400471248161,0.3302566959165,0.2265182823748,-0.1832749419475,0.4105033249003,0.5218787660027,0.4528695013384,0.1617907215742,0.0670790845771,0.0341730677769,0.6127778544563,0.5543782630590,0.0418821360220,0.5127541978459,0.4591247248330,0.2261376019715,-0.1198443719850,0.0423726309403,0.2511585466500,0.3970226078076,0.0767717444867,0.2974090907075,0.1819499868665,0.2400800561082,0.4114312073255,0.5181310569050,0.6413505208041,0.4634973660912,0.0324619224569,0.0419513793497,0.1807999039178,0.0028465019337,0.2886283815502,0.1419515456541,0.4002004793942,0.4482161345118,0.7808170353968,0.5424462676692,0.5291331474490,0.0987967459382,0.0498006206134,0.3791827259254,0.0564382416174,0.4099757965909,0.3048735763411,0.1229276846951,0.2876707499353,-0.0236643637070,-0.1493601815557,-0.1441392410986,-0.2066565451872,0.2303028336670,-0.2174225677522,-0.2092720997665,-0.0702333586765,-0.2132479147992,0.1319071615163,-0.0224364880141,0.4139595121818,-0.0130640209735,0.0211802118017,0.3686636188533,0.4900727601137,0.4627908068798,0.4584237496614
0.1392069525486,0.1462356037996,0.0690437704649,0.1927827479285,0.3690543596476,0.3805071919171,0.1178276718620,0.4703994849738,0.5916173555780,0.5670601326849,0.7841672634085,0.6817887425834,0.4079357181371,0.1627690671069,0.2447460845013,0.2484665461637,0.6331585881004,0.4564985529017,0.3491281980251,0.6744945560678,0.7224830887054,0.7497551268705,1.0000000000000,0.7871655863913,0.5747598850545,0.6081731196957,0.8453400211223,-0.2479303500334,0.3494364525259,0.2995885558667,0.5043720768283,0.6486229480339,0.6643414681831,0.6258675610721,0.3504000222903,0.0286424802711,0.3907436033279,0.3614872034513,-0.1583608562233,0.5554622834335,0.4590455330580,0.4735674850576,0.2814556122191,0.0189225958483,0.0926060689038,0.5690715113703,0.4816452949362,0.1229251640923,0.3684033694468,0.4211809537045,0.1704347373644,-0.1116890349922,0.0401547489127,0.2335468927485,0.3963394041282,0.0153343498413,0.2991159204144,0.1407109107834,0.3055387987812,0.4304615210478,0.2097447988279,0.7224571388539,0.5249179697811,-0.0387987521067,-0.0013332426731,0.3089247611145,-0.0091626626082,0.3447995737643,0.1714599476413,0.5469323442359,0.4406564691853,0.8512062558794,0.6686259742700,0.6695320536078,0.2537870936446,0.1895569951894,0.6100423342696,-0.2062286966804,0.2821945887095,0.4826083453679,0.2112349089702,0.2854064226627,-0.0796549662030,-0.0133536966642,-0.2203029269734,-0.1907442788111,0.3191865167679,-0.1322237321363,-0.0827725998574,0.0681021675339,-0.1368143143069,0.2277515460298,-0.0502952472406,0.3049881616017,-0.1726796298721,0.1131163290570,0.2168550025770,0.1290202139054,0.4475218633827,0.4166428259720
0.0739058068155,0.1040698806016,0.1167634200687,0.2349492466542,0.2917376019551,0.3609366384878,0.2019669972114,0.6282721472128,0.7179135580252,0.5170457448479,0.7625434525706,0.6342049119713,0.4749193566402,0.1024893501886,0.2643865540104,0.3365380705009,0.6051629579766,0.5838531562909,0.4740474420391,0.7435531763788,0.6316694149439,0.5835805936379,0.7871655863913,1.0000000000000,0.5509670544133,0.5628097531714,0.7894857785939,-0.3121917784296,0.2416243509031,0.1758877210874,0.4826523218147,0.4709030052536,0.5291999508242,0.5211452660690,0.4153538137795,0.2165076332604,0.4417902594841,0.3599798666214,-0.0747088130819,0.4965300695414,0.3526197467303,0.3189128926899,0.1921761909352,-0.0239297941690,0.0514571133340,0.3156852551016,0.2390713851207,0.1184628187512,0.2359051478239,0.3728017384695,0.1010103888417,-0.1122462092782,0.1078240009221,0.2525084187401,0.3769896297338,0.0880756251674,0.4911552306786,0.3167350186767,0.5491585371567,0.5827125975435,0.1464305501059,0.7443641696307,0.5102484868491,0.0917855427460,-0.0623959138360,0.4019088668859,0.1020422578628,0.4332904115686,0.3540899987673,0.6688347534112,0.4496784314095,0.6648732059244,0.8157750260746,0.6970262055524,0.2389710318250,0.1538011030739,0.5448283006441,-0.3083315367925,0.2093911378009,0.5705724242384,0.1147852142347,0.2914006621418,-0.1960019047705,0.0341860730664,-0.2221478783996,-0.2333993795702,0.3613212142387,-0.0081546282342,-0.0329536652670,0.0904634445666,-0.0099972877072,0.2437091782648,-0.0398621596687,0.0637119911414,-0.2780893886870,0.1685167405988,0.1699182698270,-0.0573952948660,0.2973392181671,0.3572631456967
