1.0000000000000,0.4140951805570,0.7412178778529,0.4505638264199,0.7434109652620,0.5045369750175,0.6287202011802,-0.0829008012598,-0.0552048064403,0.0809636929605,0.1375393924761,0.1197809020843,0.0849504557340,0.6422347031172,0.3310072058698,0.4615792420649,-0.1042796095276,-0.1121286894490,0.0167424728800,0.0456269924930,-0.0603831168659,-0.0980498068881,0.0539496779408,0.0414461596976,-0.1602329598770,0.1349125420866,-0.1246737082123,-0.4015574241089,-0.2691568035863,-0.0356268071004,-0.0636161235275,0.1795903566723,0.1133257491073,-0.0812948374698,0.2829006098782,0.1531082465336,-0.0509725615400,-0.0107832725023,0.1080709943363,0.1107709885022,-0.0686928943505,0.0733611375835,0.0884134694524,0.0909294644167,0.0518323415170,-0.2271090130778,-0.1580567722945,0.3701925058340,0.3291083481548,0.1136093956936,0.7713564466890,0.5790928905803,0.6062310363221,0.6145501009461,0.4654616010037,0.5160305002938,0.3543284069266,-0.0111873725636,-0.0996697689562,-0.0654037844183,-0.0307092413650,-0.0479599939956,0.0652998728283,0.0067804269400,0.3088599110769,0.2578610964095,0.2836558988267,-0.1294636950475,0.0963691536864,0.1460708426036,-0.0691291207311,-0.0219101253941,-0.0307385841826,-0.1159983429069,-0.0344009095158,0.2300868547160,-0.1321997592613,-0.3927330610800,-0.3571100447790,0.0614606287672,0.1639457753987,0.2484133057101,-0.0181986854590,0.0498178931177,0.1756096187593,-0.1907580692403,0.0220534863653,0.0925393176197,-0.0114368760791,0.0662343636038,0.1294269981583,0.0548429503524,0.2758955578266,-0.2503011852752,-0.1541100886476,0.3387478518502,0.1715887909294,-0.0566951702357,-0.0008836102757,-0.0343795340775
0.4140951805570,1.0000000000000,0.6622715443012,0.6275632302417,0.2577005548664,0.2993154782013,0.4415690197723,0.1040340803731,-0.0207613515589,0.1655362049439,0.0005823916414,-0.0570489477539,-0.0357053039165,0.4698508845057,0.6469556568137,0.3191457318095,-0.1323046202261,-0.1252507277536,0.2519339322632,0.1804937859042,-0.0604139890731,0.0568469315407,0.0555111602233,0.0197032292534,-0.0919575016719,0.0025376077468,-0.0179136540523,-0.2361712707022,-0.0899862119940,0.1038336957046,0.1110504390346,-0.0012609560310,-0.2151838472174,0.1976811982183,0.1686009230143,0.2507310297779,0.0291471360695,-0.0810107053726,0.1553439524996,0.0954009914318,0.1058236018380,0.0384142961171,0.2269543088256,0.1024083138897,0.0905573625334,-0.0120065469129,-0.0316978610728,0.1077283782773,0.2308573047481,0.2600811998828,0.2720568426591,0.8235648903758,0.4564235507871,0.4471936692821,0.2691054663857,0.4659501661105,0.1744697150603,-0.0287622276719,0.0246655434728,0.0699368756380,-0.1631614262255,-0.0064202982723,-0.2688149076156,-0.0253836655638,0.6070594852025,0.3023143627609,0.3110053079509,-0.2306704464406,0.2676053180740,0.0859893906862,-0.2465680466092,-0.2117133167231,-0.1497042293989,-0.1153171384279,-0.1730683997704,-0.0771878668243,-0.0521674937645,-0.2488075916967,-0.1608557852666,-0.1328535246363,-0.1323559738041,-0.1068075171171,0.0680172752587,0.2393602913839,-0.0713209772559,-0.1498289385143,0.0478292874419,0.0796691943519,0.0782124759040,0.0465485577927,0.1527535141392,0.0498497028446,0.1934108529478,-0.1447389436952,-0.4059058806325,0.0868485706205,0.1174348938937,-0.0835114536744,-0.0713398210472,-0.1696092607480
0.7412178778529,0.6622715443012,1.0000000000000,0.5718170059609,0.5490270533594,0.6172030478430,0.7697543383303,-0.0792885375773,-0.0486462422429,0.0119993622617,0.0939166335894,-0.0648447667447,0.0861497715602,0.4541213430128,0.4198260190018,0.4259975898875,-0.1137662400129,-0.1314523237802,0.0357315675772,0.1715492298111,-0.1291622554462,-0.1289427278033,-0.0081105109973,0.0241887136294,-0.0815392418912,0.0344378003894,-0.0108545417188,-0.3977467828010,-0.2459465341524,-0.0321793100512,0.1129113911484,0.0801963538675,-0.0457530152901,0.0553962833966,0.2808685595399,0.2212489852231,0.0718726615757,0.0692310813010,0.2262678786062,0.0765334325674,-0.0977476667584,-0.0454013164788,0.1160816111223,0.1719802863811,0.1793698487715,-0.1766037020054,-0.1630077406805,0.3589215918147,0.2635000423179,0.0913052036362,0.5532659209018,0.8207626967438,0.5732261378344,0.7976453245231,0.4960878573818,0.5992728011750,0.2880258796353,-0.1196386981149,-0.1651970722919,-0.0552002221020,-0.1466140254768,0.0233992193001,-0.1226525688408,0.0581089362620,0.4579055186001,0.2515329836914,0.3158482246318,-0.2100869252390,0.1036575604608,0.1371952885980,-0.1655092071358,-0.1800406659947,-0.1079243124137,-0.1410919140835,-0.1830256370513,0.1471302614273,-0.0123366797880,-0.3886263664473,-0.3117231801634,0.0153016721935,0.0511534241397,0.1659624434164,-0.0302388575344,0.1144803825197,0.1517903974339,-0.2139570241793,0.0806935520231,0.1434690098665,-0.0678178661077,0.1256236153394,0.1807719876986,0.0281283607917,0.2894404094868,-0.2481810140848,-0.3420563153687,0.3596091149113,0.0455886888933,-0.1855487272210,-0.1908576974862,-0.1968722925584
0.4505638264199,0.6275632302417,0.5718170059609,1.0000000000000,0.6167505673683,0.5578522026401,0.6401979468802,-0.1952540475600,0.1021600769236,0.1917475342063,0.1851065325763,0.0572122211979,-0.0299780809792,0.3548338290067,0.6376698698822,0.5985782834160,-0.0935156410107,-0.0069521157514,0.0223788510621,0.0781795123945,-0.0922453622227,0.0310362497083,0.1064058592933,0.2202489076468,0.0774135051559,0.0746593482301,0.0404533629191,-0.3192753062742,-0.2783191510355,-0.2079323640690,0.1524841787338,0.1788377832862,-0.1609371010199,0.3584300876499,0.3182598215677,0.3405955634499,0.0733361930097,-0.0548949268197,0.1889564809892,0.1520946546563,0.0040768051054,0.2224901897046,0.3433297046574,0.1437209648661,-0.0271719291532,0.0344598373751,0.1354852239334,0.3479546331394,0.3527348324299,0.3552997965997,0.5336400096373,0.5500134295264,0.6981824575545,0.6061523992632,0.5692359220388,0.8376173786557,0.1073755822391,-0.3203113462941,-0.0137926308648,0.0162293786097,-0.2123850111126,0.0759954135162,-0.1888662917507,-0.0900973484672,0.2982735048563,0.3421073102811,0.5260075681282,-0.1483885646680,0.2201475604450,-0.0087245964457,-0.2956630417265,-0.1712156924617,-0.0214777097950,-0.2691514427844,-0.2593402486095,-0.1124883925323,-0.0285913230272,-0.2474674459389,-0.4165357421598,0.0891092488549,-0.0219324207885,-0.0912506725763,-0.2544359695005,0.2792409503292,-0.3148448710597,-0.0743813874795,0.0906824010495,0.2253857030797,-0.0063445368674,-0.2195385363855,0.1352415717881,0.1093661834863,0.1118113812202,-0.1108509786575,-0.4372834806427,0.2515147727488,-0.0041273204271,-0.0389053338472,-0.0350901027036,-0.1799066647575
0.7434109652620,0.2577005548664,0.5490270533594,0.6167505673683,1.0000000000000,0.7583438055880,0.7426692838945,-0.1306796448368,0.1102975015775,0.2953671159037,0.2955454217825,0.2988250564290,0.1433898295630,0.5490320643035,0.3666044355973,0.6274746451891,0.0809528363330,0.0968450065848,-0.0277644649989,0.0719719934674,0.0232877746973,0.1193390384301,0.1533122625041,0.3119454830951,-0.0217593566072,0.0932620747494,0.0072655817714,-0.2866141251893,-0.2329898404453,-0.1184287791072,0.1346233139744,0.3551530417425,0.2109411935993,0.0229121163036,0.3968528670341,0.2031309438501,-0.0091044000412,-0.0160181767046,0.0425910346701,0.0647140142112,-0.0236643501910,0.1956298176416,0.1097463732312,0.0320632362153,-0.0437086625002,-0.0735402677478,0.0835221302213,0.5239480021022,0.4947161754595,0.2709016022611,0.8669734855429,0.3029201346819,0.6800845866561,0.7118838423658,0.7830132695151,0.6971102317554,0.2603028255555,-0.0920603571155,0.0125872643736,0.0107373934976,0.0930327612665,0.1337638267714,0.1687853673180,-0.0017935774540,0.1951236975088,0.1504423406087,0.3894053779961,0.0403996504666,0.0837966584766,0.0643170567228,-0.0203673570555,0.1010156176267,0.1521498050257,-0.1397263137824,-0.1098689279554,0.0643979573894,-0.1548980236913,-0.3369728389311,-0.3494632573095,0.2100432132229,0.1080962353154,0.2191163186265,-0.2479147836704,-0.0481091271293,-0.0441105311243,-0.2156135396109,0.0394134759611,0.2085939319053,-0.1127014020592,-0.1793687903731,0.0503234389404,-0.0524390669824,0.0115667169250,-0.1834169630227,-0.1610298313468,0.4007886685318,0.2317062491688,0.0316555111347,0.0933367653127,0.0846582256730
0.5045369750175,0.2993154782013,0.6172030478430,0.5578522026401,0.7583438055880,1.0000000000000,0.8102027197355,-0.0839283223064,0.1466268180633,0.2916441688145,0.3634320991400,0.2352908947490,0.2391648943010,0.3556114330181,0.3999105485634,0.5196018317007,0.0995681390854,0.0982147623072,-0.0369805029538,0.1314073497011,0.0644675679604,0.0645184555352,0.1527268346741,0.3526630781108,0.0020197596139,0.0412269649365,0.0912022663346,-0.2039686542953,-0.1608588684013,-0.0780324672786,0.1825991477287,0.2044636745783,0.1060138813819,-0.0333043051540,0.4117647351063,0.2616790267340,0.0883682040502,0.0914236788835,0.1224432818052,-0.0555292281534,-0.0556872075417,0.0076095866019,0.0431085443212,0.0255793575650,0.0301611480331,-0.1757501500829,-0.0278524065580,0.6200656776325,0.3466478496595,0.2641764148918,0.6328438517938,0.2932485177390,0.4858010864851,0.8483408294883,0.8621001713717,0.6540024383427,0.2755521042699,-0.0857769502145,-0.0030382802031,0.0643429840152,0.1094061188631,0.2689417754742,0.1348527156825,0.0835925733309,0.1673954934067,0.0967744394533,0.3289498644507,0.0146515150012,0.1261374172492,0.0922779163025,0.0121472512885,0.0598895882094,0.2106974575188,-0.0235515225713,-0.1681064582320,0.0831195950454,-0.0873274957783,-0.3271805571377,-0.2844960135596,0.1583456592928,-0.0113256006672,0.1364424897550,-0.3085797688940,-0.0261993028770,-0.0167464500458,-0.3248402388963,0.1250144126256,0.3164733069282,-0.2021397244293,-0.0842092493471,0.1051954565285,-0.1417950420123,0.0034134972948,-0.2909112243065,-0.3320952164037,0.5375691044242,0.0658113300192,-0.1596670050177,-0.0311537488192,0.0138637768153
0.6287202011802,0.4415690197723,0.7697543383303,0.6401979468802,0.7426692838945,0.8102027197355,1.0000000000000,-0.1094594337050,0.0705201771595,0.0269784708843,0.0842917443095,-0.0344778113247,0.1192289019197,0.3960170733028,0.3376411823279,0.5921043495219,-0.0542963379950,-0.0375741396942,0.0411425216101,0.1688957115912,-0.1023513842383,-0.0788796716742,0.0085316702342,0.2194132806656,-0.0440193860169,0.0921604977789,-0.0379432089885,-0.3694205465139,-0.2284437293140,-0.1092711031482,0.1605979228337,0.1421445269949,-0.0101901734280,0.0278384050479,0.5430568424284,0.3645886242590,0.1017140684815,0.1090795552650,0.1500554615175,-0.0019758984790,-0.1565737975316,-0.0453974192602,0.0629303005518,0.0991210732285,0.0877565724628,-0.1478584466413,-0.0886587476656,0.4731729101536,0.3623619064753,0.0591270630681,0.6931637678848,0.5352725003684,0.7120511882638,0.8490629709998,0.7975983490317,0.8269818076923,0.4091067075239,-0.0897996576655,-0.0780118729363,0.0144427364048,-0.0946786637619,0.0760445294191,-0.0669125600738,0.0691989763852,0.3468826752320,0.2023772622669,0.4801009825969,-0.0582083960765,0.1338280698035,0.1749826430292,-0.0727293721340,-0.1097204251653,0.1195451886643,-0.0810621427654,-0.1311035106819,0.1797354715379,-0.0747952610799,-0.3902113331354,-0.3212559397787,0.1270342472347,0.0949888824518,0.1539190441053,-0.1795451233226,0.0922444603776,0.1112324567371,-0.2253364981818,0.1547539346510,0.3722355272640,-0.0705391550041,0.0577832366887,0.1536062412363,-0.0341334085578,0.1891397847681,-0.2797622353808,-0.2765003013026,0.4646199330666,0.1426377770451,-0.1257394951129,-0.1166707684291,-0.0917725711320
-0.0829008012598,0.1040340803731,-0.0792885375773,-0.1952540475600,-0.1306796448368,-0.0839283223064,-0.1094594337050,1.0000000000000,0.3870324684247,0.2011492005386,0.1243459376010,0.1225884430586,0.1006101222900,0.0895461206736,0.0343445685044,0.0086218986849,0.2192913435169,0.4219828522850,0.4993532840505,0.4476070375417,0.2352247895060,0.2845215753956,0.0238799670572,0.0893096160278,0.1366689254183,-0.0938619729022,0.1238519844695,0.4046960005499,0.3862723292003,0.4892646405817,0.1595088663644,-0.0055666964183,0.0604898434321,-0.0355547410493,-0.0954659999612,-0.0603529449315,-0.2221657115577,0.1557074892121,-0.0949235630852,0.1300229391530,0.4030229243595,0.1374677472653,0.1178733035271,0.1000339655368,0.3595837139687,0.1833434363486,0.2118467337963,-0.0863612600877,0.0913692986396,0.0928311731323,-0.1916242504997,-0.1343238898603,-0.3625802911700,-0.1532605967498,-0.1446981793782,-0.2634600102265,0.1216547635408,0.5006107766529,0.4518040188249,0.4389023278521,0.0463366930323,0.0324715635217,0.0070609938375,-0.1018627655308,-0.0197646337290,-0.3036125635541,-0.1581284949313,0.2096588997389,0.1332818463339,0.1611569861631,-0.0094553114152,-0.0147167340893,-0.0400560842378,0.2939944201097,0.0858517456715,-0.0841961649068,-0.0386482624555,0.2734054312998,0.3432086468858,-0.0696845738995,-0.3467251896631,-0.1062166070511,0.2493790350209,-0.1664977572864,0.1287798267859,0.0239649945636,-0.2018904227900,-0.1800190052553,-0.2768634301312,0.1885545595556,-0.0732637144287,0.0111289086191,0.1227899364971,0.1938644696973,-0.0762537698835,-0.1955002411612,0.2071408580753,0.0844981139924,0.0873535525427,0.1108235382754
-0.0552048064403,-0.0207613515589,-0.0486462422429,0.1021600769236,0.1102975015775,0.1466268180633,0.0705201771595,0.3870324684247,1.0000000000000,0.3589959789282,0.4564439615132,0.3513871714802,0.1632632854118,-0.0724051221576,0.1655826833435,0.1142139605397,0.3948708198795,0.5931167275561,0.3315472369856,0.3582496048236,0.3085062343983,0.2433983651241,0.2593510834269,0.5656221429486,0.3114473111402,0.1696090947744,0.3270092635899,0.0921763578040,-0.0785093495414,-0.0803686224415,0.3217728224630,0.2747656250492,0.1796154610773,0.1752911949784,-0.0124502464164,0.1657630785497,0.0206171854684,0.0987233206342,-0.0342493909889,0.0979892817275,0.1088793673879,0.1515150948028,-0.0106161137695,0.1270109350875,0.0437696950384,0.1546244947199,0.2708551975812,0.0275705328099,-0.0504951923461,0.2863437938734,-0.0516609666851,-0.1192163323770,-0.0525991684484,0.0192048499790,0.1491738555677,0.1329110127123,0.1208086808282,0.1864409008674,0.5565972276506,0.7933716050944,0.2660249510528,0.2098732251671,0.2595980391258,0.0656214690201,-0.1718212312496,-0.0185633463463,0.0674225395711,0.4780655325866,0.3704317064450,0.3011315477871,0.2610941543313,0.2303323092132,0.3366255240306,0.3900038220258,0.0618282560986,0.0396547014159,0.2386368332045,0.0083713698289,-0.1560338412181,0.2910493342139,-0.0309318249395,0.1459136220835,-0.2542231697451,-0.1393680606901,-0.2077289764347,-0.0664858969258,0.0049565964461,-0.0067793998214,-0.0096306700962,-0.1474593924036,-0.0676207207692,-0.0967041032144,0.0038259345213,0.1196851040794,-0.1295664367100,-0.1259479621615,-0.1674592199318,0.0273065898346,0.0947952215470,0.1802674179925
0.0809636929605,0.1655362049439,0.0119993622617,0.1917475342063,0.2953671159037,0.2916441688145,0.0269784708843,0.2011492005386,0.3589959789282,1.0000000000000,0.6699451641507,0.8329017067320,0.3793090114596,0.2873793207895,0.4542361352073,0.1157369844622,0.4097651530937,0.4672250032094,0.1674824449011,0.2467571932587,0.5344643534093,0.6490687085025,0.5570311908369,0.5268060624304,0.1699789619888,0.2010698543301,0.4349390792472,0.2153189050125,0.0719662125308,0.0231810058741,0.2435856177679,0.4857317980641,0.3903099036075,0.2736052369144,0.0088746180033,0.0224915254619,0.1738169075335,-0.1296686942101,-0.0629797410823,0.1210129976232,0.4319738571756,0.3928741107602,0.1929761962915,-0.0633982984630,-0.1294663095379,0.2903645911287,0.4169475181704,0.1880775342027,0.1221287043217,0.7429284269793,0.1014955811234,0.0025983216189,-0.0809915920845,0.1138662443187,0.2215607281540,0.0233810288712,-0.0625678056195,0.0803228071189,0.2841130941815,0.2746722745412,0.5544439409403,0.5078735029710,0.4675388742093,0.1225254665979,-0.0270996271611,0.0383112509521,-0.1024183679739,0.2355005064032,0.1190281524630,-0.0478365810536,0.2917017783278,0.4774379395187,0.3128453622694,0.2243430791427,-0.0503191360047,-0.0790405973252,0.0737547269558,-0.0730538708935,-0.0745041226407,0.0319322188830,-0.1300282798568,0.0526889222719,-0.3201588101015,-0.1421842325793,-0.3566702033181,-0.0431682805762,0.1052772118561,-0.0390041010091,-0.0137287315037,-0.3480307028516,-0.0414815953723,-0.1264685091212,-0.3333980117538,0.1646335779908,-0.0843620883336,-0.0028939422528,-0.0568752218904,0.2120328500310,0.4013931137224,0.4750757166860
0.1375393924761,0.0005823916414,0.0939166335894,0.1851065325763,0.2955454217825,0.3634320991400,0.0842917443095,0.1243459376010,0.4564439615132,0.6699451641507,1.0000000000000,0.7445362581539,0.4826573957786,0.0558290354275,0.3553267977572,0.1483037926735,0.4268783743318,0.5292352871977,0.0654986711300,0.2141666491738,0.4769288136604,0.3743353682577,0.5500133461273,0.6154834480397,0.1466106954017,0.3051749061386,0.4185430102416,0.0009254420509,-0.1174669109202,-0.2163942316999,0.1853865509737,0.3702666060893,0.4080265469628,0.1605078940759,0.0249802708630,0.0792531784086,0.2395349220307,0.0516717831189,0.1017715512437,0.1169508263526,0.1544469985699,0.2067469738725,0.1390759767705,0.0776460937188,-0.0140585599190,0.0464202780125,0.1669609127923,0.3318469215744,0.0772715628332,0.5276225418617,0.1258903316942,-0.0037617963128,0.0271319842552,0.1924949028366,0.2929291781981,0.1155157809177,0.0736300737333,0.0543788615101,0.1741335608375,0.3255700592777,0.5188132463972,0.6449970735472,0.5722361554896,0.2356593827349,-0.0936981873958,0.1624805466259,-0.0577406004604,0.3065983871508,0.1167327547330,0.0185703236217,0.3620120223339,0.4495312865066,0.4013671994069,0.2005807548446,-0.0941334170188,0.0664169997120,0.2261175367864,-0.2105654833804,-0.1918389542576,0.1302432672682,0.0059702456651,0.1495939785303,-0.3557352521235,-0.0652571011086,-0.2326275029109,-0.1438083444597,0.2150007610786,0.0270897986670,0.0906402652459,-0.2165178274212,0.0834667404077,-0.0772299420969,-0.0944312535603,-0.0280519791084,-0.1659882531910,0.1694703763296,-0.1503419894263,0.0325280647321,0.2658380344123,0.3610279682693
0.1197809020843,-0.0570489477539,-0.0648447667447,0.0572122211979,0.2988250564290,0.2352908947490,-0.0344778113247,0.1225884430586,0.3513871714802,0.8329017067320,0.7445362581539,1.0000000000000,0.5072839099715,0.2155468057309,0.2691885142534,0.0422175778930,0.5393952037918,0.4826864252121,0.1364608181312,0.1841117911063,0.5826840591421,0.6325245335420,0.7104536823495,0.4815754739326,0.0794410603128,0.3161143394650,0.3640043677798,0.1259916773553,-0.0464742976440,-0.0904048065584,0.2051696324834,0.4950836877613,0.5489998121173,0.1627390512274,-0.0332635711335,-0.0693987635506,0.1599156460942,-0.1464827368090,-0.1600856067806,0.0433844442932,0.2571261771346,0.2717592558950,-0.0049979451066,-0.1645732283117,-0.1782050552370,0.1837212034262,0.3055521482054,0.1024059959408,0.0043292853507,0.5244731352500,0.1210972445727,-0.1127607725025,-0.0841675332397,0.0363131618746,0.2013050062092,-0.0079071284402,0.0926141599354,0.1675042062055,0.2942281664693,0.2717596140922,0.6281383701494,0.5291493024145,0.7573918494625,0.3138810882476,-0.1441085610821,-0.0406202922555,-0.1446108726670,0.3806110827506,0.1217551374896,0.0196759285944,0.5027082707811,0.7169435139285,0.3430149641042,0.2959512561292,0.0765843941086,0.0529325234597,0.0489540942275,-0.1292806010395,-0.1375016637978,0.0969170364314,0.0628880718409,0.1750757230283,-0.3221084488647,-0.2522514776937,-0.2964998953502,-0.0470332896888,0.0969257968918,-0.1017123210292,0.0026254562962,-0.3465541609624,-0.1208805043351,-0.1790565727224,-0.3535994028316,0.1201459376585,-0.0082051498058,-0.0662561085300,-0.1114710346954,0.1764390629814,0.2983513640617,0.4377213870817
0.0849504557340,-0.0357053039165,0.0861497715602,-0.0299780809792,0.1433898295630,0.2391648943010,0.1192289019197,0.1006101222900,0.1632632854118,0.3793090114596,0.4826573957786,0.5072839099715,1.0000000000000,0.1536784857015,0.1648937834657,0.0774527866427,0.6394455076890,0.3304796143861,0.0217191464224,0.2109814475012,0.3888931069616,0.2752986549019,0.3813051326938,0.3128616636781,0.1013478160399,0.1319015683515,0.2610751183177,-0.0333114276595,-0.0312985228115,-0.0684485496263,0.2164389243043,0.2520244621343,0.6260303724109,-0.1422065072000,0.0187700388074,-0.0612346991516,0.1103069409414,0.0366971449576,-0.0599516711089,0.0625139319588,0.1002494265088,0.0838685039180,0.0225412506592,-0.0600487307722,0.1003531078955,0.0941304125607,0.0774577173658,0.0925922967966,-0.0184375688797,0.3209695044490,-0.0221859203726,-0.0351658597194,-0.1076287943056,0.1146257514346,0.1970907681744,-0.0224275703051,0.3595039845965,0.3158272931371,0.2265992677959,0.2544709599058,0.3720290375592,0.6074314187884,0.5107884806029,0.7842460972448,0.0234870301624,-0.0136218937155,-0.1111712039103,0.5166693636099,-0.0313585877434,0.0895749516040,0.3897305790720,0.4174160801657,0.2379957330770,0.2750728011656,0.0243684242875,0.0387214434801,0.0558197543250,-0.2580606945001,-0.0835045762008,0.0834273600125,-0.0134246108371,0.2485208205254,-0.1985993190014,-0.2776799390994,0.0272526061255,-0.2346829168314,0.0211330446418,-0.0030466846878,0.0060424888839,-0.0796985729468,-0.0498276298081,-0.0820411598338,-0.1828792952124,-0.0633033344775,-0.0123654152574,0.0179830606280,-0.0392442319069,0.0321228696885,0.1394718084990,0.3397607378438
0.6422347031172,0.4698508845057,0.4541213430128,0.3548338290067,0.5490320643035,0.3556114330181,0.3960170733028,0.0895461206736,-0.0724051221576,0.2873793207895,0.0558290354275,0.2155468057309,0.1536784857015,1.0000000000000,0.5104223440776,0.4420840376392,0.1158098550088,0.0435016163456,0.1949596701455,0.1899476293979,0.1594851050816,0.3006430078952,0.2445677868383,0.1296175269680,-0.1208460477553,0.1115960306465,-0.0561980340069,-0.0838540379349,0.0126910847978,0.3131554704805,0.1615573726946,0.2791948338952,0.2017984609877,-0.0299285354945,0.2876907247187,0.1814283585976,-0.1093531726590,-0.0284715532408,-0.1161066417936,0.0849501972649,0.2169610988749,0.1020000759207,0.0570186603684,-0.1127616384084,0.0417457408747,0.0390578339402,0.0626625939328,0.1993381632914,0.4657161765024,0.3001771011169,0.4834176188677,0.3995502829727,0.3435769596555,0.3281664788894,0.3744039533705,0.2806074856516,0.2864116359303,0.1521178293523,0.1214494668713,-0.0356450720702,-0.0483124215973,-0.0675525948616,-0.0561108285835,-0.0165345369263,0.4525024153767,0.1246249054476,0.2409935515618,0.0339526596536,0.1486733434870,0.1794979000962,-0.0553986802397,0.0819616359611,0.0790923715400,0.0299542456604,-0.0003733864685,0.0461147150463,-0.3132494142118,-0.2582849920477,-0.1691088172632,0.0924485730460,0.0078814186911,0.1227591698708,0.0159543255491,-0.1357391358477,0.0701714377418,-0.1602777869084,-0.1100593647593,0.1155242532812,-0.0866011181935,0.0173369220441,-0.0314442393989,-0.0509314338650,-0.0251251717921,-0.1347520098283,-0.2202690974403,0.1130361754350,0.3854645654007,0.0824312300992,0.0373078088464,0.0555447346090
0.3310072058698,0.6469556568137,0.4198260190018,0.6376698698822,0.3666044355973,0.3999105485634,0.3376411823279,0.0343445685044,0.1655826833435,0.4542361352073,0.3553267977572,0.2691885142534,0.1648937834657,0.5104223440776,1.0000000000000,0.4713315692126,0.0664288645875,0.2109494910336,0.1270649432485,0.3041294704963,0.2400002017022,0.2421819940983,0.3326241165132,0.4696874858890,0.0486519720221,0.1142439676447,0.3038353959310,-0.0428964704520,-0.0585459730718,0.0443459328684,0.2712081856208,0.3579508220900,0.0716259787185,0.3475753949280,0.2268635501023,0.2818380216333,0.1262070375997,0.0138400695234,0.2405807864631,0.2722801434040,0.3204590833820,0.1909083561916,0.4907979916516,0.0764139879828,0.0695094215583,0.0519387976385,0.1840841800175,0.4256010101601,0.4209383149285,0.6106944071861,0.2111656763737,0.4664350906715,0.3232148690199,0.3167820360223,0.4212831159037,0.3651513091734,0.0002311924549,-0.1692881581926,0.0039929567121,0.0357343248365,0.0067015664671,0.2589910640443,-0.0880726992948,-0.0729022070765,0.3553357810519,0.4989867328110,0.2450910244200,-0.0197555134531,0.1776553985268,0.0850065343089,-0.1462917671482,0.0096076779745,0.1568900243465,-0.0099656363610,-0.2627627404107,-0.0122843949498,0.0576942520577,-0.2116129267413,-0.2653269129707,0.1126571215009,-0.1737933367091,-0.0573081684901,-0.1114227061929,0.2481676671893,-0.1550306745814,-0.1262159506039,0.1955770902588,0.2805317635815,0.1316953967984,-0.0314146111796,0.2928272766710,0.1276729089744,0.0524175087913,-0.0889417086611,-0.4793622554496,0.2945315943422,0.0622574403064,0.0634521075088,0.2334157394719,0.1590255533958
0.4615792420649,0.3191457318095,0.4259975898875,0.5985782834160,0.6274746451891,0.5196018317007,0.5921043495219,0.0086218986849,0.1142139605397,0.1157369844622,0.1483037926735,0.0422175778930,0.0774527866427,0.4420840376392,0.4713315692126,1.0000000000000,0.1075545027716,0.1024387534724,0.3124646544221,0.3986635172523,0.1336030550764,0.0368856667954,0.1394701565198,0.3451860835251,0.0270229792352,0.1466625431109,0.0589976828064,-0.1527997271602,-0.1326952171727,-0.0258363552482,0.5092058082953,0.3718682197391,0.1804555593241,0.1463923199093,0.5714553830119,0.4919561342398,-0.0491674118333,0.1729969584297,0.0510146123231,0.0166533619672,-0.0120034776151,0.0259526207839,0.3815598515690,-0.0129661730562,0.2501637340084,-0.0482233886743,0.0919145374857,0.3937860203568,0.3974829107685,0.2092497050589,0.5398316894461,0.2554840444454,0.5436236336858,0.5366003179885,0.5573679784647,0.5967979771055,0.2445847236165,-0.1259545891997,0.0412477558337,-0.0106751803954,-0.1418888933621,-0.0278783273247,-0.1312600822742,-0.0767124628272,0.2152718682402,0.1960300382067,0.7336942607467,0.0412116497545,0.2678167535016,0.4064527449436,-0.1059292677641,-0.0627346292527,0.1925189539725,-0.0034372691342,0.0816220114018,0.1514727907255,-0.0680780772846,-0.2371310202160,-0.3167846271967,0.5123353204335,0.0954078130191,0.2834462556946,-0.1744427348868,0.1672437692526,0.1187922412585,-0.1031294834238,0.0132487493619,0.4835306400961,-0.0165184559968,0.0531677613099,0.0480088129663,-0.0711255430231,0.0486281680791,-0.2195423180183,-0.3240892962886,0.2942497814831,0.1072399386431,-0.1122230346333,-0.0650836423416,-0.0614209724881
-0.1042796095276,-0.1323046202261,-0.1137662400129,-0.0935156410107,0.0809528363330,0.0995681390854,-0.0542963379950,0.2192913435169,0.3948708198795,0.4097651530937,0.4268783743318,0.5393952037918,0.6394455076890,0.1158098550088,0.0664288645875,0.1075545027716,1.0000000000000,0.6094646765741,0.3133910450303,0.3516254786661,0.6756679628970,0.4959348161452,0.5062453183626,0.3791242503269,0.0804797973139,0.2229464283125,0.2407163364383,0.1086631369903,0.0564649560072,-0.0890817716337,0.5322003810291,0.3442687037188,0.5985230417449,-0.0811715254988,0.0672617066597,0.1358700904688,0.0548763132483,0.1841801603245,-0.2846293174449,-0.1524326566918,0.0407064048892,-0.0588017371059,-0.1685250684553,-0.2190820906739,0.1082986324201,0.2075817784964,0.1590295537000,-0.1083929497919,-0.1127550997097,0.2097818119433,-0.0891511936882,-0.2164425804926,-0.2256767432216,0.0057274057720,0.0964608234452,-0.1008580000989,0.1485033206368,0.2764953782147,0.4513146145495,0.3800969313405,0.3820017347607,0.4390113579937,0.4885550936251,0.4752087280171,-0.0661393531917,-0.2238699658884,0.0048799484428,0.6920709073090,0.2110120702105,0.2515459193075,0.5726678304752,0.5670291719225,0.4096600765504,0.4082430704836,0.2549158338696,0.0711118882367,-0.0264741424683,-0.1404087509326,0.0002539034309,0.3311052125093,0.0312910186713,0.2636467978319,-0.3649674864452,-0.4645622325867,-0.1113872677993,-0.1980776283886,-0.1422056799949,-0.0141227338031,-0.0714274284964,-0.1203723593787,-0.3110210560983,-0.3315785094473,-0.4146914484242,0.0577870731487,-0.0105776740401,-0.2478215453042,-0.0572510339339,0.0475267278765,-0.0134110245269,0.3001196640998
-0.1121286894490,-0.1252507277536,-0.1314523237802,-0.0069521157514,0.0968450065848,0.0982147623072,-0.0375741396942,0.4219828522850,0.5931167275561,0.4672250032094,0.5292352871977,0.4826864252121,0.3304796143861,0.0435016163456,0.2109494910336,0.1024387534724,0.6094646765741,1.0000000000000,0.2335548654605,0.3663580831680,0.5328867644353,0.4070157027590,0.3906747687381,0.6095907921301,0.2853619377172,0.1352018248135,0.4633884081533,0.2687866350500,0.0880893468531,-0.0313244601468,0.3841647441599,0.3176669662760,0.3489396920097,0.1384281508707,-0.0010283485985,0.0389176437334,0.1197070846822,0.0517978802859,-0.0334142830829,0.0972646625731,0.2635650968285,0.1541858228509,0.0477916706892,-0.0443051399011,-0.0195868765815,0.2702641045668,0.3014118073614,0.0554558342997,0.0516701183021,0.3190350309071,-0.1087293130307,-0.2530725225393,-0.1850275675880,-0.0348998592511,0.1030843575427,-0.0701038067019,-0.0327053657942,0.2310415719301,0.4646836560383,0.4312054711347,0.3389743965255,0.3932401481603,0.3543011656921,0.0859640641148,-0.1982352084527,-0.0691638402088,-0.1142449045924,0.6671392490717,0.0722523521482,0.2100994575881,0.3860198463524,0.3325436600739,0.4050118892896,0.3734765636073,-0.0250102974731,0.0415646257597,0.2231090659120,0.0358251394525,-0.0304799798283,0.3459453107984,-0.1881602714290,0.0744495177609,-0.2608724192214,-0.2492445637917,-0.1551896924956,-0.0244051372850,0.0735771957616,0.0240829326854,-0.0301163645312,-0.1107319229562,-0.0186728035574,-0.0830309827654,-0.2100864319905,0.2146278668893,-0.0541556787335,-0.1197833566999,-0.0613500405197,0.1278377333549,0.1947116161403,0.3753150414320
0.0167424728800,0.2519339322632,0.0357315675772,0.0223788510621,-0.0277644649989,-0.0369805029538,0.0411425216101,0.4993532840505,0.3315472369856,0.1674824449011,0.0654986711300,0.1364608181312,0.0217191464224,0.1949596701455,0.1270649432485,0.3124646544221,0.3133910450303,0.2335548654605,1.0000000000000,0.4998457745710,0.4110449236645,0.2828941634732,0.2436238881182,0.1568439356446,-0.0335836962625,0.2733408009982,-0.0301004608458,0.0332829902542,0.0175715183888,0.0989943630638,0.3669575508427,0.0785740922473,0.1170614207201,0.0304773338365,0.3190642890142,0.4857060520945,0.0773539402270,0.1326714422031,-0.2114451173676,-0.2129063120119,-0.0162699363675,-0.1669058325754,0.0059059970445,-0.2286488931396,0.1513197044584,0.1027912265384,-0.0014629826840,-0.2127967119025,-0.1002954152268,0.0210394313122,-0.0525353287357,0.1129606829683,-0.0839163478969,-0.0077125525322,-0.0159772328565,0.0562884545037,0.2476418741408,0.3909512552934,0.4816070095054,0.4476129158993,-0.0165917466947,-0.1232792148547,-0.0319424920800,-0.0316606445932,0.0610914776770,-0.1145902589065,0.3680079339632,0.1356925501132,0.7359441756123,0.5511805454511,0.2092529028044,0.1326628311109,0.2687514537321,0.5009250820460,0.3984853178651,0.1384180333814,-0.0195291866753,-0.1062021275682,-0.0403847582284,0.1472077207964,-0.0026331587706,0.1240358371350,-0.0732852175607,-0.0262849795898,0.0050950654162,-0.0268118430906,0.0067416059368,0.1843433809144,0.1169259091876,0.1354192903605,-0.1426940836948,-0.2262405775999,-0.0326669493298,-0.1011690739903,-0.1110223726450,-0.2635193573371,-0.0208674165999,-0.1502960445261,-0.1993911223978,-0.0893384909346
0.0456269924930,0.1804937859042,0.1715492298111,0.0781795123945,0.0719719934674,0.1314073497011,0.1688957115912,0.4476070375417,0.3582496048236,0.2467571932587,0.2141666491738,0.1841117911063,0.2109814475012,0.1899476293979,0.3041294704963,0.3986635172523,0.3516254786661,0.3663580831680,0.4998457745710,1.0000000000000,0.4431205373500,0.3331852820881,0.3432281886007,0.3537468879775,0.4009511158927,0.3920235003713,0.3776978535341,0.1552890261326,0.1537344759211,0.2389967099329,0.6047633039688,0.3766400902198,0.3080116679818,0.2347058810039,0.2834639722423,0.4033007113165,0.0856676983572,0.4272449695410,0.0073440887404,0.1431458950411,0.2744991907130,0.0926488045938,0.3184256323341,0.2269105461866,0.5871523674653,0.2471073166758,0.3062059816175,0.0425854179638,0.1432282879615,0.2623562894974,-0.0326588251748,0.0855180818727,-0.1054971714310,0.1191049330200,0.0689763450649,0.0062056236790,0.2007637024623,0.1138893206737,0.1428557608963,0.1811880539553,-0.0657855178896,0.0405953720671,0.0137197655680,-0.0113135526742,-0.0595262302751,-0.0635416991028,0.1677152840795,0.1997949988740,0.2669336068034,0.5545963237310,0.0974833938582,0.1168178473825,0.2160736849998,0.5310873974121,0.1184719354134,0.2251497459660,0.1389505087393,-0.1044130928038,0.0253135112368,0.3052062519176,-0.0869142980754,0.0958145989521,-0.1086685727439,-0.0786097812178,0.1647425733524,-0.0553275238169,0.0342281850087,0.2035082105404,-0.0312134658536,0.2972197673266,-0.0255958580248,-0.1523671164382,0.1081684334266,0.0465468478382,-0.2445838768198,-0.0778908064539,-0.0031524337826,-0.0295490602544,-0.1254808765633,0.0253646826915
-0.0603831168659,-0.0604139890731,-0.1291622554462,-0.0922453622227,0.0232877746973,0.0644675679604,-0.1023513842383,0.2352247895060,0.3085062343983,0.5344643534093,0.4769288136604,0.5826840591421,0.3888931069616,0.1594851050816,0.2400002017022,0.1336030550764,0.6756679628970,0.5328867644353,0.4110449236645,0.4431205373500,1.0000000000000,0.6020272391693,0.7217440007258,0.5514487940520,0.1983854775598,0.4354386397605,0.4699934438829,0.2877729554752,0.1662591011246,0.0147933384256,0.4356553010893,0.4486015527074,0.5310651158426,0.0557748612287,0.2542842072558,0.2255763243898,0.2886324605001,0.2336878506411,-0.2837931346047,-0.1482415218728,0.1628068144547,-0.0754940361988,0.0315080766875,-0.1848135818358,0.0796256712954,0.3323555615040,0.2231128532567,-0.0854968296647,-0.0737155675751,0.3479044761301,-0.0926261563080,-0.2181624666573,-0.2911554423074,-0.0187696665381,-0.0253022402492,-0.1820879734321,0.0272940751431,0.1169779456802,0.2408679218533,0.1919655702326,0.3799965111115,0.3600781947861,0.3871732122634,0.1319971880667,-0.1762234124348,-0.2204427713112,-0.1270971913819,0.3688133355402,0.2394027755899,0.2181320998983,0.6268917510039,0.6197277323955,0.6383920091928,0.6090431019457,0.2645849503914,0.2193595219623,0.1252021752320,-0.1098204062023,0.0203121395079,0.1903902793238,-0.0160064668801,0.1750246854180,-0.4376253149213,-0.3969187944947,-0.1731609275151,-0.1591544897960,0.1089722056673,0.1003090620841,0.0848399683592,-0.1093181241343,-0.2593617657925,-0.3451310440807,-0.3848253122432,0.0705338959245,-0.0102699863608,-0.2308003805214,-0.1497957995572,-0.0453799946020,-0.0328539163182,0.3800161627625
-0.0980498068881,0.0568469315407,-0.1289427278033,0.0310362497083,0.1193390384301,0.0645184555352,-0.0788796716742,0.2845215753956,0.2433983651241,0.6490687085025,0.3743353682577,0.6325245335420,0.2752986549019,0.3006430078952,0.2421819940983,0.0368856667954,0.4959348161452,0.4070157027590,0.2828941634732,0.3331852820881,0.6020272391693,1.0000000000000,0.6619444670147,0.4055083539751,0.1919321080934,0.2125102552568,0.3450861062697,0.2351272534064,0.1702329029980,0.1367834313141,0.3501426077028,0.4125035719865,0.3482455260825,0.1361741241260,0.0794917342982,0.0536231896924,0.0901012670753,-0.0320090369059,-0.3000662901734,-0.0276903895578,0.3332426752113,0.2204903833929,-0.0228081727521,-0.2009166151978,-0.0389000709815,0.5467924672561,0.4205306416570,-0.0805753750388,0.1998886427445,0.3848718812610,-0.0634407163484,-0.1209339454088,-0.1913007273287,-0.1001772159769,0.1140900885969,-0.0744147910117,0.0648744883475,0.1250479822597,0.2718995318331,0.1810716814163,0.3735789577608,0.3084840376424,0.3289361005076,0.1327627966610,0.0257661877105,-0.1652567078485,-0.1360204576907,0.2959898064431,0.0931569847229,0.0470852271928,0.3952373977240,0.6129292138453,0.3503670362527,0.3197049138206,0.1343933187643,-0.0898474934358,0.0205749636139,-0.0437637841385,0.0738464468888,0.0511613598920,-0.0143499955214,0.0421970762229,-0.1995211552219,-0.3412195643438,-0.2544393969713,-0.0258039884443,-0.0418104883126,-0.0597786821422,0.0384476064115,-0.2402994458622,-0.2670048075907,-0.2628293328905,-0.4090718391419,0.3239705577232,0.0606906839438,-0.2482905372567,0.2127887747853,0.3231796243163,0.1778197449373,0.4135999218316
0.0539496779408,0.0555111602233,-0.0081105109973,0.1064058592933,0.1533122625041,0.1527268346741,0.0085316702342,0.0238799670572,0.2593510834269,0.5570311908369,0.5500133461273,0.7104536823495,0.3813051326938,0.2445677868383,0.3326241165132,0.1394701565198,0.5062453183626,0.3906747687381,0.2436238881182,0.3432281886007,0.7217440007258,0.6619444670147,1.0000000000000,0.5562429349790,0.1461916920690,0.6392254982945,0.4595685016822,0.0286992287531,-0.0872832993189,-0.1468458918960,0.3135800623472,0.5317565995341,0.5142216024383,0.2321746996294,0.1976079408086,0.1823876142197,0.3273940945295,0.0504662702174,-0.2610586250111,-0.0455095354836,0.0645842973530,-0.0024398646688,-0.0642181984477,-0.1222823491403,-0.0894414722589,0.3325359030480,0.1824688925517,-0.0430197774435,-0.0382319039269,0.3358031014329,-0.0068318905654,-0.0097310689879,-0.0392960759226,-0.0077813698210,0.1287477165094,0.0498054647769,0.1916041252367,0.0496522299976,0.1482021488311,0.1361912927814,0.3983034945826,0.3466929531443,0.4816889364955,0.2313765417639,-0.0694102618908,-0.0420424414098,-0.0400025739791,0.2954977532587,0.2103473765694,0.2048000747296,0.5335690118956,0.7759231770182,0.5719881587165,0.4647401626565,0.1408599174930,0.2705254157127,0.2177897575053,-0.3205376586939,-0.1958407704406,0.1517216923420,0.2255770269634,0.1713700690644,-0.4389570828140,-0.2736039999271,-0.2629237608326,-0.0741111620748,0.1832231587092,0.0557569821572,0.2061616534322,-0.1997747455620,-0.2284993083374,-0.2919505602471,-0.2652899665753,0.0476787485471,-0.0569003523637,-0.1867786474726,-0.1634574258233,-0.0178363525756,0.0174479587105,0.2942777280902
0.0414461596976,0.0197032292534,0.0241887136294,0.2202489076468,0.3119454830951,0.3526630781108,0.2194132806656,0.0893096160278,0.5656221429486,0.5268060624304,0.6154834480397,0.4815754739326,0.3128616636781,0.1296175269680,0.4696874858890,0.3451860835251,0.3791242503269,0.6095907921301,0.1568439356446,0.3537468879775,0.5514487940520,0.4055083539751,0.5562429349790,1.0000000000000,0.2614751664308,0.3185094834901,0.5555924525649,0.1161059144553,-0.0376582231458,-0.1476464581540,0.3851226623251,0.4917694952624,0.3721356089803,0.2317170946312,0.2986859053688,0.2834693362843,0.3265730463069,0.1633976435971,0.0288511804564,0.1385930137037,0.1498724967434,0.0859737331405,0.1657911103496,0.0291544399362,-0.0799701228670,0.2132327163378,0.2473199336920,0.3148237074095,0.2271903577815,0.4684791361905,0.0958974086764,-0.0950613745765,0.0959371609475,0.1424939408192,0.4018005301940,0.2205724377716,0.0879063400724,-0.0702365088303,0.1672018415773,0.2849370463475,0.3809696694630,0.4385231520108,0.2978487119336,0.0429835367389,-0.0592578989089,0.1843334308304,0.0773040361640,0.3566729265611,0.1429939299519,0.1937122287667,0.3375821021993,0.4202593655998,0.7428670000297,0.3693131590363,-0.0613852909905,0.1697241293487,0.3481394917318,-0.1797152065754,-0.2102876526956,0.3607571045985,0.0239530137173,0.2005332710420,-0.3670701802922,-0.0948166873724,-0.2126207208973,-0.0945598956401,0.3560280581838,0.3114275108220,0.2313799398052,-0.1507494135268,0.0874257601882,-0.0618276475071,-0.1272436466477,0.0347298580456,-0.0638962989692,0.1573122925801,-0.0527263842837,0.0745801116843,0.2843934622757,0.4365111446586
