1.0000000000000,0.4855183593472,0.7106728718490,0.6913708203164,0.6757116989416,0.5449889806667,0.5882447477384,0.1718308724532,0.3028569114739,0.4178150078979,0.3277413854423,0.4154878391347,0.2479844988430,0.6880364658240,0.6825704657912,0.3977407587620,0.3496435261054,0.3760917933403,0.2061006783111,0.3009582119135,0.3893089240420,0.3786125695028,0.3621442209112,0.4507013697392,0.2630422548495,0.3694420795101,0.3789802189874,0.1009381928549,-0.0083227650738,-0.0200917367792,0.3377497629706,0.2786802064741,0.3496844003238,0.2866243112652,0.3875399690675,0.3146365356823,0.3331425298586,0.2875845048322,0.2819375589882,0.2572136430227,0.1830495307810,0.3119176840783,0.2322561895024,0.2274782426775,0.1933579657463,0.2793081450477,0.2121223735346,0.3579479039931,0.4829624529835,0.5294963311540,0.8214861615547,0.7396197884160,0.5940315986645,0.5584000761457,0.5106146270195,0.5070963919340,0.0516110212315,-0.1645933042631,0.1210213704655,0.2117104598223,0.2434328185911,0.2728928516907,0.1815162607694,-0.0354094092954,0.6951835598245,0.2386125740681,0.4335984551417,0.1519653162178,0.2476380881129,0.1848096228727,0.1570314175217,0.3934919624129,0.4157735397559,0.3121952898158,-0.0483372689576,-0.0382357585315,0.2406890564106,0.0358596856520,-0.0981362533990,0.3455698682640,0.0219481503216,0.2066358969665,0.1186936286140,-0.0163138380496,0.0573644954653,0.0950785578776,0.3278576803132,0.3978523326750,-0.1180107489748,0.1886228585756,0.2287786109477,0.1555987914003,0.1394515665045,0.2004771447292,-0.0120490471116,0.2910843278555,0.4948153708376,0.1375325170322,0.0749571241899,0.0825184471449
0.4855183593472,1.0000000000000,0.5793668706056,0.4057149588911,0.1993845515224,0.2449998077467,0.2004473083265,0.0206858952051,0.0725723086270,0.2000038124504,0.0455518722018,0.0675135563238,0.0244903378495,0.7116698005079,0.5523122319803,0.2713005778842,0.1256283563914,0.1618716764206,0.1307499295611,0.1500691597474,0.1988235073712,0.2044776999786,-0.0232097692571,0.1644279096733,0.0726405082203,0.1453229212723,0.2736280385250,0.4122544718079,0.4071326719976,0.4960878107740,0.2558983595153,0.1127384158766,0.1956502154428,0.3339563790709,0.1974360284535,0.1137110621309,0.2098576515511,0.2803350550055,0.2220906179102,0.2305490837442,0.5303738878747,0.3418540977716,0.2151945485471,0.3275464065414,0.2599949794345,0.4813514272051,0.4237718857900,0.1855306007042,0.4156822290783,0.4435043947823,0.1982888992667,0.7657591822995,0.2313276100807,0.1676751041215,-0.0252796737303,0.0758775268112,-0.1768674917882,-0.2191106236423,-0.0611493629225,0.0327416101993,-0.1665646121903,-0.0197054206845,-0.1671888896345,-0.3376755598873,0.4963530587141,0.0828733608912,0.2041291020407,-0.2216567495103,0.0675540995380,0.0141897536373,-0.2230402785286,0.0009638693292,0.0274234069184,0.0668675026230,-0.1451925022380,-0.1157848630349,0.0903653195496,0.3542741072040,0.3429407064268,0.0940280957443,-0.3124155329658,-0.1299516158079,0.3889511961611,0.0127285840921,0.0912398068356,0.0568360638252,0.1442130243336,0.1644205003148,-0.1361176217232,0.1150155664067,0.1699207995471,0.1489692117190,0.2197984882788,0.3632824870225,-0.0312270914459,0.0541864235702,0.2986587330196,0.2601846967766,-0.1973321672273,-0.2715269268531
0.7106728718490,0.5793668706056,1.0000000000000,0.6774702032924,0.5463558071728,0.7069426633012,0.5625706427353,0.1357855257873,0.2380486567638,0.3614208605925,0.2960149147339,0.2509214823049,0.2701335427105,0.6142914764060,0.6607631747852,0.4541560047218,0.2970699255265,0.3476526463237,0.1413595479764,0.3857151071046,0.2386476877693,0.2271280508958,0.1621579868045,0.2643466700653,0.2121501187440,0.2122411920504,0.3983492901408,0.1267240447103,0.0722956611392,0.0652953808093,0.4345125977295,0.3160824341085,0.4152584133682,0.2418824877417,0.2281789559878,0.2646990187195,0.2615303511087,0.4719307103087,0.4422769126534,0.2529661924884,0.2180697313042,0.2653135208022,0.3471663837966,0.4200030103142,0.3616598809850,0.2696264397726,0.2324625728489,0.5080134880345,0.4374393974200,0.5336908814870,0.5751281825663,0.7895764997103,0.5362723611443,0.7284620669359,0.4837268942011,0.4371439021466,0.0979007647524,-0.2577247315013,0.0458771755765,0.1417192607103,0.1555102566245,0.2586731379999,0.0585923713639,-0.0321156973748,0.5947118858076,0.2993702965632,0.4028324857654,0.0678688755977,0.1194211195494,0.1712890216336,-0.0684749083535,0.1417696353224,0.2342538544625,0.1579974353201,-0.2413674164051,-0.0763824061420,0.2410239709218,0.0676173514402,-0.0353632595686,0.3175858176586,-0.1098283595793,0.0858309115294,0.0334555816269,0.0855765238328,0.1573785338180,-0.0463365055431,0.2457249082632,0.3241168956136,-0.0840412827597,0.2950315621401,0.2882099140416,0.1676507886913,0.2317473313784,0.1575525994506,-0.1911748969708,0.3713287370032,0.3327760065468,0.0352437913528,0.0300978300469,-0.0531788534513
0.6913708203164,0.4057149588911,0.6774702032924,1.0000000000000,0.7631862941676,0.7383031143179,0.8803460289546,0.3647834212625,0.4632904876415,0.5140244805739,0.5182094060764,0.4291405938527,0.4631816292908,0.5751013833672,0.8734105098409,0.5367317970846,0.5773447664997,0.5063535549926,0.3166829783417,0.4777914394654,0.5893178541249,0.4218618438892,0.4678211087395,0.5746211311555,0.3733780672424,0.4610165931218,0.5956637994721,0.0795942817365,0.0435351188360,-0.0134682850732,0.4464343404197,0.3740757518791,0.5468843491783,0.2350376709931,0.4519131451811,0.3992373330617,0.3207692422571,0.3213969045438,0.3381226178692,0.2176593797523,0.1661359887427,0.4250445552441,0.3044784667091,0.3375253539438,0.1918896344705,0.2966171003361,0.2384919427389,0.4422303492578,0.5355749177626,0.6782487515502,0.7108570228070,0.6520456246376,0.8824167151956,0.7374072356874,0.7330410477509,0.8020164018984,0.2325801653570,-0.1498136936801,0.3194886432482,0.3674109843734,0.3656323743897,0.4664831609962,0.1623904463593,0.1380208347101,0.6462555286155,0.3479863407743,0.5674411345655,0.3780894344983,0.4224272104576,0.3278787303251,0.2147004227593,0.4097272545262,0.5484588164072,0.4172857490127,-0.0049565921938,-0.0030666047985,0.4131305796792,0.0447487683598,-0.0950365763266,0.4910759993203,0.0351610902723,0.3877514514442,-0.0859909665407,-0.1237067415607,0.0492155978294,-0.0474457084102,0.3346801212135,0.4101107666027,-0.0438292952254,0.2110654156519,0.2679963862092,0.0898608118955,0.2821578279738,0.1022598360521,-0.1053279152123,0.3296629990598,0.3891523340445,0.1520875483098,0.1039779450680,0.2368855570910
0.6757116989416,0.1993845515224,0.5463558071728,0.7631862941676,1.0000000000000,0.7762470586234,0.7930132934687,0.3595305840451,0.4794411694153,0.4827006772138,0.5321511582257,0.4628930572919,0.4404105036792,0.4916328110960,0.7210961677481,0.4047113314622,0.5024440421505,0.4859368556008,0.2184954605672,0.3753138591093,0.5199226750616,0.4803641296310,0.5048028012680,0.5672471887435,0.3468085379706,0.4026212322167,0.4783142501793,0.0754993314660,0.0183842311382,-0.0864305817484,0.3753821608393,0.2397350632622,0.4674446168708,0.1346957817159,0.3701104915511,0.3127530857290,0.3157498968325,0.2717307298854,0.3127853404402,0.1805590805732,0.1478948720482,0.3812742232201,0.2398061422393,0.2077981794155,0.1177451429716,0.3399682190822,0.2425694933879,0.4093074242106,0.5582948862895,0.5781092586401,0.8346308158710,0.4191525900098,0.6932816583547,0.7500985380364,0.7874843390698,0.6713532641385,0.1891971697191,-0.1318548887687,0.3401271578465,0.3846810120344,0.3614823288710,0.4533580867764,0.2589726854148,0.1689629436165,0.5313881968783,0.2664264752843,0.3837100730739,0.3935929416359,0.3736077650396,0.2411044609628,0.2308719987156,0.4586160637390,0.5722437007501,0.4077108479415,-0.0081940663061,-0.0457734586788,0.3913052667375,0.0179242387844,-0.1204432849980,0.4755625183432,-0.0578440182178,0.3499654552034,-0.0793196750398,-0.1184633214587,-0.0246663387593,-0.0202565230497,0.3735099922304,0.3652630518123,0.0143710836893,0.1854450869786,0.2708803183897,0.0693617895623,0.1893899077107,0.1714473093123,0.0166762823527,0.2996264695079,0.4500516047131,0.2024093838308,0.2023988371738,0.2676827718350
0.5449889806667,0.2449998077467,0.7069426633012,0.7383031143179,0.7762470586234,1.0000000000000,0.8108874452099,0.4295298874021,0.5146532472610,0.4574798288245,0.5468057808480,0.3555723605457,0.5287508293661,0.4002367642184,0.6963153200927,0.4506822076680,0.4786734453105,0.4967806413954,0.1815749556704,0.4945810132786,0.3951569019726,0.3262338550082,0.3449184351818,0.5251376336005,0.3402299729589,0.2283791113106,0.4896386350645,0.0678347598640,0.0274009588077,-0.0548846911073,0.4534340678407,0.2978453413635,0.4619579454622,0.1372412456522,0.2775708634072,0.3066731141931,0.2654022960338,0.4578849279943,0.5049594393745,0.3160976330722,0.1901226909008,0.3036028009289,0.4310297847335,0.4170507953351,0.2107142116102,0.2002800885531,0.1785498746652,0.7084606077129,0.5655866296414,0.6176856088797,0.6181658826811,0.4645081655643,0.6301830999152,0.8524823476233,0.8338804940363,0.6002132470115,0.3258189404042,-0.0348366947123,0.3424378354727,0.4170833382987,0.3224495473009,0.5101475691790,0.1484009697132,0.2478976701638,0.4575381962462,0.4029742475216,0.4023212837135,0.4024351983974,0.3132105706662,0.3540253454028,0.0801495316227,0.2643271951529,0.5234989206502,0.3320702880751,-0.1758344756327,-0.1676954949418,0.3815594500610,0.0190804001667,-0.0873786131628,0.4413173838450,-0.0699081634495,0.2497948610872,-0.0842611352050,-0.0244077900765,0.0267680789366,-0.1502902303638,0.3091186824700,0.3649694823309,0.0586495078881,0.3410880028410,0.3912780491075,0.2188515704281,0.2518137001713,0.0962259148308,-0.1953813209351,0.5680730720214,0.4077337425369,0.1189281427195,0.1748793252291,0.1985415298116
0.5882447477384,0.2004473083265,0.5625706427353,0.8803460289546,0.7930132934687,0.8108874452099,1.0000000000000,0.4494480925165,0.5386384971283,0.4396557666243,0.4894159762554,0.3974173738924,0.4671655354175,0.4046461179327,0.7226119007858,0.5063178986121,0.5383070328957,0.5079643051387,0.3353001290945,0.4829572428957,0.5056715619735,0.3480230476252,0.3951545148617,0.5966939788971,0.3807173831151,0.3611442131869,0.4628357932797,0.0410088957788,0.0248085053463,-0.0477713406235,0.4129220004247,0.3109320227901,0.4763716248954,0.1102137749212,0.4451037021424,0.4282715293039,0.2597704779367,0.2488606410114,0.3490411754730,0.1771591388851,0.1114669225637,0.3242802251831,0.2295602634873,0.2238290082247,0.0943881428616,0.2122920828039,0.1658323645007,0.4761949399906,0.4909419765581,0.5760582648914,0.7040834163966,0.4627769769597,0.7879030915592,0.7819348196397,0.8570897711389,0.8526416795609,0.3085335769738,-0.0138132894879,0.4654411823638,0.4498655355588,0.3934983898479,0.4324583690132,0.1904753418320,0.2362157227861,0.5251801455368,0.3191819808774,0.5476430931896,0.5009250044937,0.4836263505538,0.3594661245809,0.2559297765316,0.3397475969661,0.6191890772652,0.3973717114352,-0.0419518830323,-0.0571194851526,0.3299780113350,0.0160124054567,-0.0997662342399,0.4826112725227,-0.0000608170624,0.3514945025072,-0.1110071944568,-0.1602535552473,-0.0377717331690,-0.1337150850814,0.3054382294373,0.4200751495312,-0.0367009400839,0.1811118809479,0.2594355281966,0.0236071169659,0.1606953740111,0.0486044257901,-0.1111726986823,0.4064638332108,0.3688596908720,0.1443043189307,0.1736022166282,0.2961929275995
0.1718308724532,0.0206858952051,0.1357855257873,0.3647834212625,0.3595305840451,0.4295298874021,0.4494480925165,1.0000000000000,0.7215407760130,0.3593213733829,0.5411941072713,0.4212951001237,0.6163952136443,-0.0675951737322,0.2574073865554,0.4561874810112,0.5098978914298,0.4547092068298,0.5816042696991,0.5922035302532,0.3946254891600,0.2193458654515,0.2993113522016,0.5791061683784,0.5477038169669,0.1417705383901,0.3510634860827,0.0682502756814,-0.0392351275141,-0.0698463378453,0.3337504646190,0.2685851902525,0.4634661850830,0.0731625533112,0.1013059457761,0.3181657012682,-0.0410141969370,0.2043391485756,0.1379147154282,0.1694262237008,0.1366935864828,0.2851729584061,0.2859041664295,0.3150163452515,0.1204293256654,0.0471116312855,0.1765180877241,0.2237292385397,0.1909525460789,0.3725111134467,0.1796265709958,0.0932123446301,0.2718464476400,0.3354116200598,0.4409547026355,0.4116687491014,0.5709537290484,0.5174752418039,0.7867694550405,0.6951888689546,0.3209747428512,0.4491724850896,0.0809286435246,0.4484117469052,0.0206386560031,0.0430465156629,0.3601619186488,0.6837239241022,0.6974662811670,0.5788193905918,0.2575867246135,0.2075780272073,0.5044009885237,0.4643724828533,0.1108285363280,-0.1498087715072,0.1766501885169,0.0564896802610,-0.0529641513509,0.3538531387051,-0.0257590426566,0.3429687792013,-0.1333068866083,-0.0965955470645,0.0013666850065,-0.1392622782630,-0.0121078035375,0.2012305414379,0.0071185110993,0.1712672980357,0.0955599282459,0.0906957334348,0.2377739560723,-0.0148192793060,-0.1403074065049,0.1814955186072,0.1134842631178,0.1351406865546,0.1806525806967,0.2907126023105
0.3028569114739,0.0725723086270,0.2380486567638,0.4632904876415,0.4794411694153,0.5146532472610,0.5386384971283,0.7215407760130,1.0000000000000,0.3050925179739,0.6169871838892,0.3559191178977,0.5701835933922,0.1430262560439,0.4135612255818,0.5008718192990,0.5208538112199,0.6040302806164,0.4939706785665,0.6182981429356,0.4474452801665,0.2535651959701,0.4101933907249,0.6980538833314,0.6249541836710,0.2197147876497,0.4048427638819,0.1946601601722,0.0957761546311,-0.0417472424253,0.4730777440634,0.3374480228276,0.4755474636569,0.1378480549829,0.1481257517335,0.3614473871866,-0.0361773693797,0.3265504468599,0.2632819518425,0.3036108797562,0.2319562228089,0.4174986115224,0.3660050496400,0.3624256472963,0.1411232717420,0.2011567671700,0.2748247784621,0.3377879692776,0.3232360100132,0.4825759818725,0.2904103323534,0.1281561945636,0.4511007723314,0.3599910900650,0.5110789724004,0.3941667270274,0.4308734083957,0.1448943789908,0.7098998290295,0.9663460793094,0.2526508416058,0.4977943599881,0.0963037043581,0.3563528422848,0.1780331220328,0.2439270761445,0.4062298428198,0.5595252662266,0.8007554536983,0.6569621795270,0.1821700033762,0.2601907663995,0.5914742903319,0.5669601081429,-0.0193668839562,-0.0169318973474,0.3114735540980,0.1557729696305,-0.0134179312335,0.5176763418753,0.0236107551174,0.3054788473962,-0.1194537525314,-0.1433041811930,0.0048721864798,-0.0838444873615,0.0103479595710,0.2871386179419,0.0455614246540,0.2656315681506,0.2024609807829,0.2295880406154,0.2855912286433,0.1309524949877,-0.0616237573451,0.2827583368230,0.2172244207300,0.2450448924237,0.2036070229255,0.3633597869699
0.4178150078979,0.2000038124504,0.3614208605925,0.5140244805739,0.4827006772138,0.4574798288245,0.4396557666243,0.3593213733829,0.3050925179739,1.0000000000000,0.6358240624770,0.7821838342646,0.6588535671681,0.2894845363758,0.4607090329399,0.2066506198379,0.6040018535973,0.4360531022304,0.1647260051867,0.2933035667052,0.6442144060823,0.7604654313303,0.6432142484087,0.4874886926549,0.3562453136494,0.4464881167527,0.5626777344179,-0.0338040508576,0.0669027854622,0.0136093694348,0.3209289631150,0.4504831528107,0.6022382770627,0.2002563715902,0.2603237463405,0.1481656311115,0.3454951257482,0.0901769757336,0.2162323638048,0.2236001024939,0.2163976395637,0.4424409946907,0.1829565934686,0.1657839755421,0.1434146424753,0.3170251174953,0.2712973971371,0.2345567069797,0.3814465172414,0.6509241209925,0.3950455131164,0.3079196262819,0.3503585065029,0.4775420099021,0.5113380787263,0.4377206684913,0.3514658343287,0.1448446248569,0.3428274355653,0.2067073105530,0.7452981101804,0.6762152820374,0.4738093306741,0.3489243858982,0.2840918878227,0.2088246447847,0.1848575401221,0.5327894420504,0.2412622302674,0.1528056926622,0.4585938751707,0.6840141229524,0.5067745356144,0.3327328825070,0.1801207363110,-0.0534169533762,0.3500120272652,-0.1236041524644,-0.0122087444078,0.3822752139393,0.1588945428446,0.5196105736723,0.0383261669966,-0.0632861524080,0.0694131120586,-0.0146542934619,0.3423470737465,0.2472371662071,0.0766150391108,0.1647963646845,0.2258314701264,0.0490632239569,0.1596252852444,0.0899606404591,-0.0337798097883,0.1714960623311,0.3459455833477,0.3138076404084,0.4143902903343,0.4519580231394
0.3277413854423,0.0455518722018,0.2960149147339,0.5182094060764,0.5321511582257,0.5468057808480,0.4894159762554,0.5411941072713,0.6169871838892,0.6358240624770,1.0000000000000,0.6997442434891,0.7168682158689,0.1560820046741,0.4878666216046,0.3212350767438,0.6837713437307,0.6059168510266,0.2594696331234,0.5005020295730,0.6608613747986,0.4882383670995,0.7106696271650,0.6749553300832,0.5582651311737,0.4802766541970,0.6458058377146,-0.0351373297445,0.0136913990858,-0.2111217476845,0.4184020755962,0.4699823005247,0.5712276695255,0.0803288016556,0.1979370076262,0.2106716909280,0.3211485769940,0.1922291929206,0.2679936387055,0.2301184262471,0.1115204445423,0.4668395139449,0.3362536109320,0.2989030057211,0.0916641887938,0.1578855039432,0.1492087325890,0.3116529425799,0.3579496330134,0.6101543012714,0.3619787522093,0.1422126442838,0.4635776546630,0.4611808646198,0.5311776934435,0.4418174630546,0.5162906365234,0.1760080225166,0.5009120470086,0.5593467628938,0.5341430985439,0.8612513678879,0.4637382328872,0.4518673985875,0.2394807923539,0.3039366694173,0.2412269030840,0.6501595402001,0.4391795508572,0.4608878415562,0.4592106449481,0.5917832185611,0.6694155337315,0.5404127120238,0.2020540071850,0.0362940136715,0.5317204627057,-0.1240492476489,-0.0682126457549,0.5043612990562,0.1721811001567,0.5312433005155,-0.2386370162079,-0.0702037106575,0.0569942735831,-0.1241132089016,0.3039766487660,0.2374757846222,0.1799771882733,0.2609913257394,0.2614163354804,0.0865607316724,0.2267656736356,0.0010527746891,-0.1398651338909,0.2013719069820,0.2200992363118,0.1498773110721,0.3439238133523,0.5099942511736
0.4154878391347,0.0675135563238,0.2509214823049,0.4291405938527,0.4628930572919,0.3555723605457,0.3974173738924,0.4212951001237,0.3559191178977,0.7821838342646,0.6997442434891,1.0000000000000,0.6178310534417,0.1595713936437,0.3398113355474,0.1722203605718,0.6766284058054,0.4208406302218,0.2089872771576,0.3477003473542,0.6908215708966,0.7159410387563,0.7562435809963,0.5194921695083,0.4516395607888,0.5487597843072,0.5004716722621,-0.1486080808361,-0.0970900340946,-0.1788294920381,0.2548484342125,0.4790982012808,0.6132424231112,0.0708268958450,0.2512285619514,0.1688157150341,0.3257532267908,-0.0962747038195,0.0440002194990,0.0717816490494,0.0269902298211,0.4022005827019,0.0719164365232,0.0275628940281,-0.0030363119897,0.1495880461910,0.1121980373431,0.1002675390461,0.1645827344284,0.5174673291026,0.4179359951603,0.1674586544449,0.3117231946912,0.3784074789272,0.4323147682375,0.4523745320622,0.4246110183699,0.2338035503655,0.4273957915572,0.2645560602437,0.7614042164304,0.7104967940617,0.6844234388336,0.3882915692602,0.2078151288668,0.1361362923597,0.1713423899328,0.6548875839106,0.3305428663394,0.2084764944791,0.6887578933196,0.8432696750522,0.5617037317590,0.4603713263699,0.3229092035791,0.0261742001805,0.2756270416797,-0.2529147560954,-0.1190811360878,0.3274676272217,0.2727634775715,0.6939885100550,-0.1250820096262,-0.2064167230743,-0.0017405403086,-0.1238395017652,0.2927466277943,0.1910475043020,-0.0166506091707,0.0170509683807,0.0634906055272,-0.1099636831273,0.0322842987815,-0.0866423756493,-0.0118585065382,0.0740616866779,0.1293165105440,0.1166793384701,0.3008581281536,0.4601166004351
0.2479844988430,0.0244903378495,0.2701335427105,0.4631816292908,0.4404105036792,0.5287508293661,0.4671655354175,0.6163952136443,0.5701835933922,0.6588535671681,0.7168682158689,0.6178310534417,1.0000000000000,0.0405214336932,0.3728008240022,0.2703668825622,0.6972870241006,0.4654625368127,0.2445965808886,0.4880567725822,0.5828058151260,0.4547199934959,0.5719845818876,0.5422479458964,0.5097163444045,0.3103759685136,0.5549340089814,-0.0219360708582,-0.0024184549415,-0.1675883910667,0.3038690822817,0.4586372533648,0.6688803239876,0.0536160726059,0.0747705963736,0.1247241185079,0.1189069995005,0.2141006846078,0.2277805243965,0.2281281873772,0.1211161815354,0.3605903249471,0.3121411842674,0.3431008036057,0.1413098714115,0.1425758863832,0.2016229409809,0.3414455552905,0.3333583904141,0.5389777822228,0.2839228799552,0.0925464139191,0.3695849547293,0.4831048124605,0.5409399643558,0.3936708016252,0.6622914192939,0.2835456982449,0.4855789697660,0.5094306545076,0.5208201682090,0.7053589433014,0.3519202402668,0.7151661353340,0.0725257680169,0.2091439263136,0.1766104272980,0.7218961900296,0.4077866556961,0.4174498703426,0.3689507542153,0.4930931842203,0.5021339366564,0.4675614917643,0.0497725221433,-0.1610246593036,0.3096603197182,-0.0857865063546,-0.1439492626885,0.3264276003263,0.1331483021500,0.5884476248731,-0.2030970088731,-0.1679767962755,0.0384851304667,-0.1836154963898,0.1062544199429,0.0988418999478,0.1021204529611,0.2139895620402,0.2067737140074,0.0978312939244,0.2299047461083,-0.0134880698968,-0.1778390866727,0.2747487398790,0.2033869452648,0.1620620746935,0.2911554386790,0.4181090838090
0.6880364658240,0.7116698005079,0.6142914764060,0.5751013833672,0.4916328110960,0.4002367642184,0.4046461179327,-0.0675951737322,0.1430262560439,0.2894845363758,0.1560820046741,0.1595713936437,0.0405214336932,1.0000000000000,0.7045285221041,0.3219908578002,0.2487159594485,0.3146988934544,0.0536854269711,0.1477016528798,0.3214729330788,0.4312542019653,0.2043396942773,0.3053492638082,0.0837936759238,0.2611805355520,0.2822571673144,0.3793408196688,0.3504538614107,0.4505416597303,0.3367674966160,0.1650143412932,0.2277241285099,0.3182830552595,0.3335825057228,0.1701246732770,0.2741787518798,0.2586879567397,0.1771448191050,0.2503127426745,0.4317606789078,0.3696182062389,0.1573872205811,0.1631753018441,0.2368779167552,0.5373285631837,0.4381382316483,0.2865991934398,0.6447452259856,0.4579104930518,0.5258495191124,0.7275455641351,0.4944464348190,0.3707022534546,0.2647449057209,0.2865877996118,-0.1773982931282,-0.3499068521713,-0.1029580939514,0.0576879778652,-0.0018976455096,0.0949017521705,0.0501867928253,-0.2988373203595,0.7245667016370,0.2086544346356,0.3073711666143,-0.1239221304896,0.0694061614839,0.0156947456982,-0.0441360064951,0.2235159258529,0.2517913109788,0.1526195626040,-0.0624961414832,-0.0339064713776,0.1601478282317,0.2677679090503,0.2683081404494,0.2924314108005,-0.1596581222138,0.0049585420692,0.3932049301676,-0.0557254831890,0.0903030343051,0.1215046622505,0.2795972237501,0.2762491629625,-0.1910444410857,0.1241524320979,0.1488243765346,0.1428622884844,0.0919460592440,0.4324002391570,0.0784226699332,0.2042896166934,0.6361812175606,0.3323378582902,-0.1919955064797,-0.1487130279864
0.6825704657912,0.5523122319803,0.6607631747852,0.8734105098409,0.7210961677481,0.6963153200927,0.7226119007858,0.2574073865554,0.4135612255818,0.4607090329399,0.4878666216046,0.3398113355474,0.3728008240022,0.7045285221041,1.0000000000000,0.5247148962160,0.5275509656697,0.5481048873068,0.2598941510234,0.4600291742246,0.5873868708497,0.4026971312324,0.4185053775950,0.6073441902235,0.3554948703795,0.4724001779055,0.6099539340212,0.2363914734028,0.1560904065598,0.1170476921406,0.5119892723913,0.3526423421358,0.4747569485512,0.3140485188613,0.5081361334941,0.4264313732025,0.4107036964696,0.4368295773545,0.4101624399775,0.2828192810936,0.2906179779101,0.4806645018459,0.3948245348458,0.3900894036348,0.2551408806447,0.3966509848861,0.3383434060915,0.5203876357654,0.6452146530778,0.7582821117347,0.6303838220344,0.6428578371183,0.7430010275866,0.5922924095547,0.5839544299194,0.5666764310380,0.0672864902681,-0.2794642481605,0.1836763769560,0.3137305354778,0.1490299335651,0.3895524406471,0.0181285172368,-0.0657343563597,0.6303220821708,0.4033231690201,0.5045284768175,0.1778881436645,0.3080898052733,0.3019732666449,0.0176758811000,0.3330913647309,0.5230241884459,0.4058957729415,-0.0605888675335,0.0172718554061,0.4625027466904,0.1726515064219,0.0249047910353,0.5278644343942,-0.0659417105034,0.1956133235652,0.0281966495274,0.0101579778215,0.0921909616944,0.0506482419308,0.4258338177774,0.4951808595368,-0.0582702875168,0.3388338916149,0.3443874465966,0.1928160742901,0.3414381889048,0.2527330710085,-0.1032534648354,0.3899946427540,0.4589991357201,0.1872237799109,-0.0169195307577,0.0406785514853
0.3977407587620,0.2713005778842,0.4541560047218,0.5367317970846,0.4047113314622,0.4506822076680,0.5063178986121,0.4561874810112,0.5008718192990,0.2066506198379,0.3212350767438,0.1722203605718,0.2703668825622,0.3219908578002,0.5247148962160,1.0000000000000,0.4138028501608,0.6604824521339,0.7538566495677,0.7244481924182,0.3526607173489,0.1054497295812,0.2708187935653,0.5148465035434,0.4690468846585,0.3609484777358,0.4838820523034,0.1913123123491,-0.0079845231116,0.1422100411519,0.7853242787347,0.5408561303053,0.5060220151104,0.4896007592458,0.4371195448174,0.7141776689033,0.1370582144494,0.4958168625987,0.2606705974486,0.1599267747014,0.0985340414305,0.4662437926873,0.4416386257248,0.4427637539258,0.4641887501025,0.2017420468608,0.3201451658848,0.2137902313925,0.2667705515271,0.4129521106430,0.3515833365371,0.3845278178779,0.4075021590441,0.4352750434078,0.3756050834824,0.4058680549745,0.1901415782494,0.0740137659336,0.4353353919267,0.4480038244186,0.0566124473261,0.1955302259544,-0.1976740646957,-0.0581412379684,0.2911039281790,0.0918898877739,0.8344357365260,0.2015760359403,0.5236865305478,0.6199847862747,-0.1114148221986,0.0850362439969,0.3667262854920,0.3924229599808,0.0752030525976,0.1660354786763,0.3891071855994,0.2040906543868,-0.0938021434041,0.6102523183451,0.0231427435089,0.0965616206777,-0.1145780134363,0.2711611260764,0.2584511252246,0.2121808230064,0.1312110094995,0.4972680724582,-0.0717769340972,0.3573871216153,0.0528506463128,0.0729213028391,0.2939147498486,0.1859225312774,-0.2905057645785,0.1224936233557,0.2078624451645,-0.0217197799671,-0.0469701610884,0.0055185809158
0.3496435261054,0.1256283563914,0.2970699255265,0.5773447664997,0.5024440421505,0.4786734453105,0.5383070328957,0.5098978914298,0.5208538112199,0.6040018535973,0.6837713437307,0.6766284058054,0.6972870241006,0.2487159594485,0.5275509656697,0.4138028501608,1.0000000000000,0.7321193397653,0.2991941099185,0.6218806415802,0.8627136335802,0.5343912527487,0.6272740192173,0.6466902373019,0.5862990597013,0.5569292539980,0.6103276904346,0.0316179798457,0.0562944942064,-0.0979816216189,0.5537252212670,0.5010898446726,0.7063463561457,0.0719757740753,0.4167998233468,0.3444977443318,0.3070964467843,0.2036891468231,0.0859310220313,-0.0354245503361,0.0308812236613,0.3639498075115,0.2014804969903,0.1724954358703,0.1895542379378,0.1748188444825,0.1375641113734,0.2396439190657,0.3308163646544,0.5863472480449,0.3879347301699,0.2088265078370,0.4716121582474,0.5046642069699,0.5227061099224,0.5036794588422,0.4511227436729,0.1105833393560,0.5066747683256,0.4306717181307,0.5621541839244,0.6451466877052,0.4312466850155,0.3555646618322,0.2236133387369,0.2262722427414,0.3711513100867,0.6954480480867,0.4301440441552,0.4613982313765,0.5227827358153,0.6176064166056,0.6685110352730,0.6835410329511,0.3416092668544,0.1378043125695,0.3752944822421,-0.0155308803129,-0.1130365622796,0.5848803862247,0.2273334421054,0.6753536630279,-0.1250426571515,-0.1545034398074,0.1783833398419,-0.1210750293241,0.3208178637815,0.2987657826669,-0.0982992986394,0.2429273636809,0.0608858044708,-0.1365378001488,0.1779299100156,0.0230835545075,-0.0504382142207,0.1907339835215,0.2153112140102,0.2125473874266,0.0384769377302,0.3078945745860
0.3760917933403,0.1618716764206,0.3476526463237,0.5063535549926,0.4859368556008,0.4967806413954,0.5079643051387,0.4547092068298,0.6040302806164,0.4360531022304,0.6059168510266,0.4208406302218,0.4654625368127,0.3146988934544,0.5481048873068,0.6604824521339,0.7321193397653,1.0000000000000,0.3768809697128,0.6791763719134,0.6447955979122,0.3554433858018,0.4807198750498,0.6696769002853,0.5299258204917,0.4808492141913,0.5682279850292,0.1794520336105,0.1306357972745,0.0586215988665,0.8423606758974,0.5834991434313,0.6027957082896,0.2774142116486,0.4479109996013,0.4617593589569,0.2922548937000,0.4347989067046,0.2386930065577,0.0762285198046,0.0943421763397,0.4057870243559,0.3644327531034,0.2404129716309,0.4748482789217,0.2299534775097,0.2650368447868,0.2729451667923,0.3494683771771,0.5271032178367,0.3654091555165,0.2408208641633,0.4394546853175,0.4428164911997,0.4879953229705,0.4103317616347,0.2961730881687,-0.0018729086190,0.4513320187328,0.5179419002669,0.3393010931283,0.4857412017837,0.1913332350126,0.1905072317859,0.2696587452286,0.2637783088826,0.5253586566786,0.4798119308013,0.4181210282660,0.5400770854993,0.2445733794523,0.3706367136468,0.6299071557557,0.5570301768635,0.3184950206968,0.3272629921572,0.4955917210790,0.1121334490805,-0.0472764729909,0.8490691732805,0.1287462750896,0.3696050207735,-0.0715493553280,0.1668287394176,0.4081389348467,0.1097845714817,0.3239453669676,0.4760507188856,-0.0307635706830,0.4697814334710,0.1064804801688,-0.0411695370932,0.1764461164305,0.2091700124489,-0.1548125335608,0.2032766135996,0.3255633668746,0.2159183773190,0.0266817892636,0.2593277434971
0.2061006783111,0.1307499295611,0.1413595479764,0.3166829783417,0.2184954605672,0.1815749556704,0.3353001290945,0.5816042696991,0.4939706785665,0.1647260051867,0.2594696331234,0.2089872771576,0.2445965808886,0.0536854269711,0.2598941510234,0.7538566495677,0.2991941099185,0.3768809697128,1.0000000000000,0.5655338384696,0.2710954593671,0.0369284951290,0.2688381904809,0.4923253300366,0.4530526232339,0.2833054360124,0.3833169882359,0.1011399396747,-0.1090899224397,0.0746405086443,0.4379577500716,0.3544719403541,0.3579203242893,0.3787274213611,0.2932815623770,0.7027037401226,0.0453173372060,0.1616031404824,0.0754279508712,0.1328972192973,0.0360231066033,0.4234906369163,0.1998149074022,0.2918178407078,0.1254549728875,0.1337460362589,0.2226882219258,-0.0175926823623,0.0697223436118,0.2217688858241,0.1775884729188,0.2040491411729,0.1979816991553,0.2067875445728,0.2185589647462,0.2632281269479,0.1931561365654,0.3285344606749,0.6174675858212,0.4991891127360,0.0943625720268,0.1708200828967,-0.1882973053942,-0.0078940692476,0.1247283053283,-0.0947093827960,0.6772975760205,0.2758816676986,0.7483849740673,0.5814987450001,-0.0080850861128,0.1059914252193,0.3225737483381,0.3902774262463,0.0505778167903,0.0778353302749,0.2751416413023,0.1435147262008,-0.1490712485768,0.3225480625240,0.0429525894329,0.1186232611962,-0.1712115836836,0.0753900200062,-0.0369138042605,0.1756953209700,0.0038839699715,0.3002837224065,-0.0981992665198,0.0750670707622,-0.0315457288751,0.0587945683732,0.2587889321817,0.0663192504822,-0.2315512968856,-0.0558458396359,0.0470734707818,-0.0541020061544,0.0653585055502,0.0480503964057
0.3009582119135,0.1500691597474,0.3857151071046,0.4777914394654,0.3753138591093,0.4945810132786,0.4829572428957,0.5922035302532,0.6182981429356,0.2933035667052,0.5005020295730,0.3477003473542,0.4880567725822,0.1477016528798,0.4600291742246,0.7244481924182,0.6218806415802,0.6791763719134,0.5655338384696,1.0000000000000,0.5155787479195,0.1552557607686,0.3870158731948,0.6457927067843,0.7323766739941,0.4129355132287,0.6056025821064,0.1218502629249,-0.0261940484718,-0.0378146525738,0.6753901870915,0.5176643732180,0.6395614072403,0.2696592403756,0.3335981280533,0.5922602677749,0.1150003861782,0.5290903872614,0.2387577276814,0.1489995049598,0.0390437957061,0.4072161902976,0.3884604696395,0.5181161146133,0.3534243609064,0.1335573316866,0.2230150487105,0.3278094719596,0.2600178880861,0.4834113861055,0.2814808141243,0.2055521530474,0.3493091824526,0.4175127468391,0.4405074949283,0.3347841058868,0.4627917548617,0.1553247497547,0.5254142736466,0.5655101708688,0.2063830195438,0.3826620357565,-0.0380594370383,0.1693383277529,0.1114605043549,0.1748752114560,0.6228783871202,0.4341875697664,0.5497286571382,0.8349530541076,0.1010527491636,0.2184628066508,0.5560413454563,0.6968519781285,0.1062353522289,0.0812902198501,0.4510406908241,0.1348089388339,-0.1260684367781,0.5919586309382,0.0711753460575,0.3769826512968,-0.2107105184196,0.0700968216902,0.2792997915043,0.0062875423970,0.1294223161630,0.4089314240370,-0.0199756463157,0.4810145404643,0.1170618802284,0.0781820883044,0.4206815684213,0.0762072770922,-0.2383047208472,0.2520889676840,0.1461172020646,-0.0146497887308,-0.0274788968849,0.1236197323113
0.3893089240420,0.1988235073712,0.2386476877693,0.5893178541249,0.5199226750616,0.3951569019726,0.5056715619735,0.3946254891600,0.4474452801665,0.6442144060823,0.6608613747986,0.6908215708966,0.5828058151260,0.3214729330788,0.5873868708497,0.3526607173489,0.8627136335802,0.6447955979122,0.2710954593671,0.5155787479195,1.0000000000000,0.6208300187159,0.6893384197142,0.7011874431960,0.6034336924734,0.6958554030833,0.6969879871044,0.0957072311749,0.1358184125995,-0.0049563751502,0.5106155268846,0.5192757468732,0.7304633587887,0.1662871984838,0.5450656946181,0.3583832628870,0.4055085719518,0.1308822065811,0.0922740592166,0.0573124850934,0.1392896128547,0.5269090313474,0.2588226984261,0.1690550638560,0.1823510700160,0.3275750968834,0.2976102531162,0.1868021115364,0.3520801684257,0.6415589111699,0.3841914551956,0.2034184734168,0.4492184492761,0.4083893113687,0.4486626223829,0.4688180276545,0.2789605829256,-0.0070630317149,0.4115101789302,0.3568948526551,0.5282596409955,0.6177849506123,0.4006722199313,0.1749410997698,0.2741030296068,0.2585532359769,0.3076213406936,0.5284625399244,0.3876783902092,0.3324014946320,0.4940562069581,0.6642560023363,0.6907916542424,0.6465629451361,0.3587377242810,0.1238748884260,0.4607910816922,0.0315133823779,-0.0055850425098,0.5572788823847,0.2247475964170,0.6125213075295,-0.0152548153175,-0.1472639984204,0.0872590939055,-0.0113205635020,0.3918590587913,0.3727488585301,-0.0354631536430,0.1681263486675,0.1097723306057,-0.0817723636928,0.2220733437220,0.1148601770500,0.1044086372351,0.1345772404054,0.2135864943391,0.3041854632195,0.1384858771770,0.3596258417507
0.3786125695028,0.2044776999786,0.2271280508958,0.4218618438892,0.4803641296310,0.3262338550082,0.3480230476252,0.2193458654515,0.2535651959701,0.7604654313303,0.4882383670995,0.7159410387563,0.4547199934959,0.4312542019653,0.4026971312324,0.1054497295812,0.5343912527487,0.3554433858018,0.0369284951290,0.1552557607686,0.6208300187159,1.0000000000000,0.6486694240317,0.4185762842321,0.2580550696396,0.4131220938196,0.4321665879810,0.1249535276914,0.1722268923855,0.1773368444109,0.2597608949049,0.3441225126795,0.5114854610552,0.1523459350385,0.2377538108936,-0.0063939150961,0.2643710932039,-0.0090143275957,0.0485345605953,0.1935281981534,0.2701585875218,0.4680743785754,0.0543233562351,0.0351810603611,0.1181410797887,0.4992706076039,0.4155437225647,0.0962937135671,0.3875598789097,0.4451300043042,0.3790495519319,0.2530295360405,0.3238100617222,0.3391717308498,0.3843129438220,0.3386698265491,0.1749960760935,-0.0184189663692,0.1805238915530,0.1672745613482,0.6061935429993,0.4942883361236,0.5195658253009,0.1869929833372,0.3082823636983,0.0925899660323,0.0344372925830,0.3620946091829,0.1771514600375,0.0129238888826,0.4322587774891,0.7732549171075,0.4235624444765,0.3293151610460,0.2460800523080,-0.0667741391601,0.2203613682933,-0.0067065148036,0.1408102951893,0.3183483921654,0.1141609395124,0.5029080834279,0.3019283432906,-0.2277539462593,0.0435911289650,0.0081395818521,0.2795159210898,0.1368028798773,-0.0360957252882,0.0218655883236,0.1260849242739,0.0341992783270,0.0871484396987,0.2680911139687,0.2846937713929,0.0671938509233,0.4547205177608,0.4865196531059,0.2014523010359,0.2695426562711
0.3621442209112,-0.0232097692571,0.1621579868045,0.4678211087395,0.5048028012680,0.3449184351818,0.3951545148617,0.2993113522016,0.4101933907249,0.6432142484087,0.7106696271650,0.7562435809963,0.5719845818876,0.2043396942773,0.4185053775950,0.2708187935653,0.6272740192173,0.4807198750498,0.2688381904809,0.3870158731948,0.6893384197142,0.6486694240317,1.0000000000000,0.6189660340255,0.4972068424629,0.6497620798414,0.6993274422976,-0.0997325237047,-0.0851847663771,-0.1430547207073,0.3078610059437,0.5557929335293,0.5662425181834,0.2450607411631,0.3056459592687,0.2321130525707,0.3460914779958,0.0009753676578,0.0549821951395,0.2260935815140,-0.0255455363958,0.5187883021515,0.1409038793750,0.1402772718546,0.0017723034180,0.2809803913616,0.1939778687225,0.1416724650680,0.2952094338308,0.4036445063384,0.4145054932632,0.0735450855008,0.4020993880110,0.3537622736207,0.4593292644921,0.3744615638616,0.3294872051134,0.0830531717828,0.2883636542134,0.3308814296152,0.5411644070240,0.6806459466612,0.4881395910445,0.3112244159770,0.2255130645173,0.1848019319993,0.2266292609237,0.4756468725900,0.3037504412944,0.3349526510664,0.4943013545800,0.8349042680957,0.5798444261615,0.5780695384689,0.2672361381612,0.1271157766701,0.5594050485469,-0.1833836621433,-0.2257143129410,0.3874584427983,0.3747735312038,0.6485818990369,-0.2337064540923,-0.1789530143076,-0.0034520540929,0.0889942502553,0.3075734784798,0.1949762816500,0.0235143728186,0.1079619775871,0.1104560404275,0.0512151711558,0.1763381025149,0.0480236033282,-0.0590359443088,0.0879485054438,0.2537895905841,0.0550372565869,0.2122708740169,0.4330152234992
0.4507013697392,0.1644279096733,0.2643466700653,0.5746211311555,0.5672471887435,0.5251376336005,0.5966939788971,0.5791061683784,0.6980538833314,0.4874886926549,0.6749553300832,0.5194921695083,0.5422479458964,0.3053492638082,0.6073441902235,0.5148465035434,0.6466902373019,0.6696769002853,0.4923253300366,0.6457927067843,0.7011874431960,0.4185762842321,0.6189660340255,1.0000000000000,0.6356221366354,0.5205075018491,0.6940488098540,0.2331702575314,0.0980929506632,0.0365330746027,0.5055379795118,0.3957886393389,0.4905039557380,0.2857079674621,0.4863480309721,0.5120839894674,0.3498535359725,0.3004171532767,0.3423088614905,0.3771341912551,0.2435168723377,0.5717203675750,0.3951238162764,0.3441006374653,0.0482180655165,0.2916991731213,0.3107047880801,0.4379522176949,0.4504302873317,0.6142385609883,0.4424002388716,0.2314478954653,0.4659899546697,0.3992668951872,0.5751368078691,0.4453723773357,0.3519884231185,0.0861252596303,0.5348079611133,0.6161537986647,0.3467500934864,0.5401309995176,0.1609908832789,0.1717870270772,0.2856864044660,0.3587285145801,0.4922531047132,0.5339504224132,0.5944109216267,0.6042028015163,0.2779312722435,0.4702253986176,0.8417410253954,0.6810820824289,0.1222619991929,-0.0279420950768,0.5581140777586,0.1511971855623,-0.0134138418733,0.6021306400996,0.1054565409689,0.3805365278140,-0.0556616868439,-0.0775189396210,-0.0344957658546,0.0746145769996,0.4326449443940,0.5131505386810,0.0713513287106,0.3501459175455,0.3641588031656,0.2686785805671,0.3631361017397,0.2253361217431,-0.0952321549347,0.3799915882460,0.3742325324259,0.2161231728951,0.1982908332019,0.3405329373232
