1.0000000000000,0.5569372852361,0.6879413470007,0.6433537545019,0.6626151394039,0.6329887874064,0.5587108094038,0.3756650992710,0.3601094653274,0.2807176303350,0.3984057337917,0.2234743734728,0.2007459029910,0.6500497233883,0.1133314667395,0.6317960038111,0.2242154261690,0.2170308546245,0.3266877425823,0.2328827363650,0.0878354426235,0.1192730958426,0.1359305451782,0.3828630872051,0.1318006066442,-0.0128154679343,0.0703975821087,-0.1094781690013,-0.1528997051876,-0.2294781110177,0.2390121825459,0.1463142230308,0.0770803089656,0.0010668471907,0.6781776005752,0.6663739200404,0.1804693986020,0.0165200406290,0.3764798361297,-0.0728387370540,-0.0079509759772,0.1874949074176,0.0085580784985,-0.1565583859358,-0.1955379989990,-0.1400897418932,0.0976625745092,0.3905420719509,0.3530907214878,0.0848428095737,0.6095254257142,0.6860425140222,0.6196334987132,0.6279072267169,0.5670296955489,0.5348456447822,0.4014699495046,0.3305111892149,0.3840077839832,0.2364147890316,0.2040366280740,0.2486675879124,0.2377943624285,0.1536038981597,0.2921855895953,0.1253065202345,0.4646412699554,0.3645955018175,0.4626820560790,0.2992164575087,0.2786294695229,0.1235539083251,0.4031523451969,0.2011054104531,0.2473150363453,-0.2147554764020,0.0057703078978,0.0521225961265,-0.1846411661825,0.2728035199744,-0.0754424183549,0.1686126931515,-0.0463535110508,0.1282199591245,-0.0145061386105,0.0391695488188,0.1225941832955,0.4479821193472,-0.0853266393142,0.0324103303783,0.2682895865319,0.1055758897711,-0.3090085704836,-0.0590156419531,0.0000467281134,0.3896555516303,0.0579801681370,-0.0396688259130,0.1249481486175,0.0156388695370
0.5569372852361,1.0000000000000,0.4104778820057,0.5654469850918,0.1360317738221,0.2741801523516,0.2783188646495,-0.0022659648004,-0.0715497918155,0.1245763006526,0.0002488855033,-0.1469290647240,-0.0600198361858,0.7339889766042,0.3480087090639,0.2514959679149,-0.1005485960757,-0.1493753663776,0.0040114716688,-0.2331520941727,-0.2003548593185,-0.0134808342569,-0.2190531884360,-0.0810493377820,-0.3453545640373,-0.0563365079666,-0.2315373293502,0.2254287063686,-0.0871724440186,0.1984752422713,-0.1943168114125,-0.0108878987355,-0.1350546035556,0.0522141135944,0.3587460275664,0.4257383428518,-0.1927076773795,-0.2331841987764,-0.1206446182463,-0.0469399445219,-0.0247264437810,0.0788823069070,-0.1543569414052,-0.1353499228201,-0.2051895368472,-0.2886502106158,0.0115579593459,0.1115637399748,0.0833351271981,-0.0424822057656,0.5382602279056,0.8669448989786,0.6033124559466,0.2390703310017,0.2307080820719,0.3888286318432,0.0937927495027,-0.0086198575383,-0.1027212689988,-0.1364563062004,0.0340998371849,-0.1219684481643,0.0124228091933,-0.0536017816257,0.6875764716927,0.0580365716740,0.1060017014465,-0.0283640028896,0.2052961310672,-0.2326612690851,-0.0856613259670,-0.0740939479250,-0.0478866902612,-0.2859214354043,-0.2055472867608,-0.0872677249519,-0.3628561623324,0.2578420223443,0.0915057928190,-0.1455878301792,-0.0109760745056,-0.1185260145799,0.3844058751313,-0.0513628489982,-0.2961722204455,0.1808580103719,-0.2548059046277,-0.0103352067464,-0.3453390282162,-0.1671060691582,-0.0679777512582,0.2138320114070,-0.0396503687256,-0.0680771452696,-0.0709632016779,0.1054203273995,0.2352543215993,-0.1267075517010,0.1418451982522,-0.1011711716116
0.6879413470007,0.4104778820057,1.0000000000000,0.4654273606480,0.4672253030607,0.6076385910872,0.4355171431635,0.2251242383748,0.2015208743907,0.2237500390853,0.3468590608217,0.2687200845535,0.1685864657626,0.4886034792473,0.0754817487475,0.4212326923617,0.2207269648056,0.1832753706164,0.1016649237988,0.1178919242600,0.1511200883918,0.2991333678708,0.3495925141383,0.3076415166108,0.0399831647103,0.1710443649999,0.0999092591638,0.0532310726800,-0.3284799131818,-0.1258961684343,0.1808006007578,0.3423555342459,0.2349641209428,0.2782507708520,0.4857353918900,0.4284874404061,0.1057270057073,-0.0391953382957,0.2373362351371,0.0263706594754,-0.1668364616480,0.0975391801888,-0.0954304090225,-0.1446106771261,-0.0440695556932,0.0440499471686,0.4086941888161,0.3154449266103,-0.0032399789870,0.1816390291138,0.5205121439528,0.5890642759903,0.3577213206807,0.7478536535516,0.4752825895682,0.3019343680638,0.3346667343509,0.2137433145937,0.3039191011985,0.0668790920370,0.2039033985841,0.2871879386158,0.3162423231405,0.1637512679864,0.2100929855045,0.1366956139185,0.2103861880786,0.2011838877270,0.2328486485555,0.1305289493908,0.2672943139107,0.3932848634477,0.3018952702249,0.1434999601623,0.2020195060706,-0.0631882498242,0.0237047313247,0.0997498242622,-0.2226910034858,0.1672158499191,0.1829535735701,0.3024715889540,0.0075637875071,-0.0312672011481,0.1924207863570,0.3083362947560,0.1072369892273,0.3127380448705,-0.0383770570490,0.0733675409665,0.0818927156439,0.0467396405207,-0.1829665512007,0.1119789506579,0.1880157606771,0.3403988569606,-0.1437568801247,-0.1160536456673,0.0601628068198,0.1377567495404
0.6433537545019,0.5654469850918,0.4654273606480,1.0000000000000,0.3376022005651,0.5398054997950,0.7504180212019,0.3239795066830,0.2707645826691,0.0682335771859,0.2322987295064,0.1360088087041,0.1545116087247,0.6185087847456,0.4198137184850,0.6659693999895,0.2975645417806,0.1486025097331,0.4069229074712,0.0659107273176,-0.0946838311026,0.0660434717328,0.0200614594854,0.4068590999991,-0.0701852882132,0.1862600929040,0.0061265193418,0.0036044340501,-0.2026074485789,-0.1571366094254,0.1229416213786,0.1512190018980,0.0104794172316,0.0480846940275,0.6671041134160,0.7258650956390,-0.0149558088189,0.0002309318359,0.2043905228640,-0.0121334801480,-0.1921959239580,0.0238137407672,0.1822009280665,-0.0487261893662,-0.1314036471930,-0.1499227805134,-0.1067443796505,0.3357145253770,0.0132162044382,-0.0387963153107,0.4830594274311,0.6147054340852,0.8579784372967,0.4675477455754,0.4521805741381,0.8053776289754,0.3345130426580,0.2485189372259,0.1921111567430,0.2103069782711,-0.0168084135917,0.1596112602241,0.1597505361927,0.1139479838867,0.3964403452170,0.1377805934021,0.5402910309273,0.2698672157416,0.5582752181074,0.1056379160088,0.1768242627972,-0.0085663761385,0.3952057347286,0.0500376918272,0.1149944398288,-0.0138480460673,-0.1388880903392,0.0622069477908,-0.1809946270316,0.1873986358478,-0.0314198284803,0.0120831818290,-0.1092264476864,0.3091764081489,-0.1673914464928,0.0104345250351,0.0440188353151,0.4087191398508,-0.1281174166467,0.0834497855696,0.1406141945117,0.2926220353329,-0.1178325694598,-0.2905833613447,-0.2320684729131,0.3467843258068,-0.0459148613781,-0.2805082261071,-0.0133112985284,-0.1394090307966
0.6626151394039,0.1360317738221,0.4672253030607,0.3376022005651,1.0000000000000,0.5601326959027,0.4416418274083,0.3816952380932,0.3725092811192,0.3504575601686,0.4723528491966,0.2917407920104,0.1012358634817,0.2216822218330,-0.0434973427426,0.4645703188226,0.2297445911462,0.3804021329043,0.3426504702421,0.2632463450691,0.0671951731069,0.3586542362774,0.2397556497544,0.3935189863468,0.2346305571174,0.0607291377925,0.1489849779641,-0.1197157591416,-0.0035873289575,-0.1966676463740,0.2824652900292,0.1117998526118,-0.0164334457195,0.1424176399008,0.4558323960219,0.4097010336683,0.2745294525128,0.1287316855636,0.4050396883245,0.0517483504594,0.2740610653310,0.2033973288111,0.0352372057252,-0.0848889016275,-0.0316104249369,0.0098336294273,0.2586796403130,0.3084486802494,0.5932447948943,0.0763733031816,0.3750083937788,0.2266821926879,0.2595125375722,0.6458383558432,0.6227749799873,0.3330476859457,0.1871045658737,0.3223680928278,0.4472837311288,0.2936152374661,0.3043379480816,0.2801569331495,0.1267492125079,-0.0049781050126,0.0049892536729,0.0158635966346,0.3697626068956,0.2534897808371,0.3208259355974,0.3240446679721,0.1718297908970,0.1344611016296,0.3823784548701,0.2663234343063,0.2051770587368,-0.1811572054659,0.0954602665299,0.0698145501127,-0.2049628044802,0.3205679053644,-0.0585385769885,-0.0130266008121,-0.1223791218735,0.0818887811430,0.0023743128808,-0.0111053246794,0.1685541913667,0.3603248429114,-0.0198346213554,0.0273079095645,0.2238885259706,0.0519630522012,-0.2718611746065,0.0136290928436,0.1278030860528,0.2767634565149,0.1666286312372,0.2885637944604,0.1016901224199,0.0074818499689
0.6329887874064,0.2741801523516,0.6076385910872,0.5398054997950,0.5601326959027,1.0000000000000,0.7398858074314,0.3812522297693,0.3434008271628,0.4211517632304,0.5914255240765,0.2747731001006,0.3622047444978,0.3351627853910,0.1545389260682,0.4076971111582,0.2534491484758,0.1682474459499,0.2090154143811,0.1080348753526,0.0105368936278,0.2172433988445,0.1888929301682,0.5101416673432,0.0319455531196,0.2811834206933,0.3067021797276,-0.1793501649266,-0.3066470600321,-0.3557670029814,0.1661500567506,0.3392372742124,0.1272126415550,0.1117392714261,0.6457442404287,0.6037174703479,0.3696031424633,-0.0246858914120,0.4738386377623,0.0828669008232,-0.0978412176071,0.1069904345798,0.0366535959764,-0.1237166600303,-0.0407491575919,-0.0020355588893,0.0923069789112,0.5533436084454,0.0740202472008,0.0524223942994,0.5293245704390,0.3786047382930,0.4196436575487,0.8879816448375,0.8438273733896,0.6771751956907,0.4747227361844,0.3419111408892,0.2664027163396,0.2300860937389,0.4003769612825,0.3142053845064,0.3543135112493,0.3373189544533,0.1022764474418,0.0804081324058,0.2660183428669,0.4191284459835,0.4556533610391,0.1663585807374,0.2036082100419,0.2194439715452,0.4854329987924,0.1411316031269,0.2150011155497,0.0268799256734,0.1570524374104,0.0091380499437,-0.2838434693954,0.1824728268918,0.1138892593298,0.1432862570327,-0.2409321435960,0.0946323366143,0.0765926611061,0.1077130744102,0.3065309128601,0.4048600065980,0.0076397050029,0.1167087143615,0.3744111355288,0.2882773469759,-0.1755791105111,-0.0806884452059,0.0113703731463,0.4076432817175,-0.1777589493742,-0.0701390807655,0.1128245114234,-0.0711179064404
0.5587108094038,0.2783188646495,0.4355171431635,0.7504180212019,0.4416418274083,0.7398858074314,1.0000000000000,0.4671697669328,0.3686678174198,0.1993805740245,0.3471522341316,0.2042334551640,0.3672961845456,0.4260371909784,0.2818137200414,0.6301731070143,0.3764317328426,0.2093283766843,0.5307128745978,0.1491116784068,0.0304586416369,0.0569650458610,0.0326036840712,0.5189029392325,0.0669648768924,0.2479469841954,0.1897971164721,-0.1282825731988,-0.2058660762745,-0.2394898425756,0.3363735251623,0.2255167133219,0.1051488342400,0.0447710022734,0.7506852302835,0.7134937152825,0.1666829042810,0.1523137886813,0.4821856997418,-0.0308205378748,-0.1124527207824,0.0561402875374,0.2112000365326,0.0076511978039,-0.0038857775763,-0.1362817567517,-0.0512263497292,0.3862711894045,-0.0038342863252,0.0070811615320,0.4210961955052,0.3742088888218,0.6346088896269,0.5953994591934,0.5674199726869,0.9211471223328,0.4412511117952,0.4220244523383,0.3081229965593,0.3049040483028,0.1355372835966,0.1706313754747,0.2266788455558,0.2993937796088,0.1990676425222,0.0486898588847,0.5917284941905,0.4485726933421,0.6343210745096,0.1879282495057,0.2663244723107,-0.0531680843512,0.4805583818188,0.1688444262030,0.3455423503945,-0.0402518005285,0.0327064506059,0.0116080968271,-0.2446292585792,0.3621072454260,-0.0728096912020,0.0299224897784,-0.2725014731344,0.3023837446309,0.0102655017941,-0.0834207043181,0.2052344743560,0.5301315993667,0.0313946103497,0.2446737563384,0.3397537127918,0.2298016232696,-0.0938736810170,-0.3407641283007,-0.1832374642749,0.2436838658455,-0.1489567912479,-0.1924144565266,0.0024910290927,-0.1738304171265
0.3756650992710,-0.0022659648004,0.2251242383748,0.3239795066830,0.3816952380932,0.3812522297693,0.4671697669328,1.0000000000000,0.7162705408790,0.0854571041715,0.3614262581458,0.4195604030240,0.4235018252982,0.1271945735428,0.0555666319710,0.6256544380383,0.5698296171108,0.5670761506402,0.7662404479550,0.7084543465661,0.1364523563995,0.1813015159071,0.2495155801913,0.6600455352551,0.5462047556158,0.2552664231130,0.3186878715316,-0.1830196233393,-0.0355975546997,-0.1329423644624,0.5038996620943,0.1997201262806,0.2225424153983,-0.0572496427323,0.4659860862123,0.4106631745068,0.2293740614239,0.5843424827410,0.3982118575363,-0.0761103164384,0.0322240162125,0.1920567431887,0.3303379491350,0.3455874985106,0.3870053043079,0.1171476331966,0.0887175898295,0.1780029754386,0.1472177706140,0.1066293687366,0.0850363198500,0.0625499846954,0.1656785534249,0.3333366473667,0.3628939734592,0.4130107287969,0.7040503063567,0.8588558713234,0.8183516291896,0.7026882641912,-0.0624384221840,0.3236403778909,0.2349159699340,0.1848321850225,-0.1242769418207,-0.0772997777136,0.6182385482044,0.5029576348502,0.7131468379434,0.6932452827138,0.2359155754932,0.0758110916299,0.6807962082770,0.6511635210837,0.5239399944794,-0.0835590722404,0.2692079661367,-0.1641295210141,-0.1578201914539,0.5491358385756,-0.1302992410000,0.1596282560083,-0.2202730754133,0.3625459618421,0.3008581212076,-0.2282167365940,0.3139696839551,0.4619454081489,0.0867867006286,0.4403237273257,0.2232263316920,0.0676965975438,0.1214326463364,-0.0304237582193,0.0181872994369,0.2322803381320,-0.1073116524925,-0.0455727950818,-0.1003249805913,-0.2618351500714
0.3601094653274,-0.0715497918155,0.2015208743907,0.2707645826691,0.3725092811192,0.3434008271628,0.3686678174198,0.7162705408790,1.0000000000000,0.0942765257878,0.3808354429283,0.4287587368775,0.2992925627661,0.0031753418683,0.0450472869092,0.5448486047531,0.4218032747885,0.5614631128694,0.6691305538196,0.7546724205100,0.2359658985071,0.1464528357178,0.3731045638965,0.6961361247375,0.7582692441145,0.2398690863406,0.3639854568691,-0.2907663169333,-0.1098353309617,-0.3123074307237,0.4650692464859,0.2016605710329,0.2119473430688,-0.0710246969573,0.4323862978343,0.3493255815408,0.2928726907247,0.5674001243472,0.4134184746771,0.0536760517109,-0.0407334599669,0.2038889518748,0.3392063837281,0.3214517335785,0.2014755558422,0.1475539909236,0.0094360954685,0.2567824878037,0.1337781323968,0.1058113559150,-0.0017009411871,-0.0202317686776,0.0946889683912,0.3224388501360,0.3003210717606,0.3051836465018,0.4670289217146,0.5752922015782,0.7545077311565,0.9524483868733,0.0261548443558,0.4389140397451,0.2973453345172,0.1514020326736,-0.2681451238633,-0.0096220487997,0.6256640507353,0.4043126200586,0.7094418967784,0.7549275566734,0.2708284378136,0.2350794841173,0.6837928661431,0.8044869598098,0.4264107083224,0.0492524401536,0.3701080915680,-0.2554834937952,-0.2764031463848,0.5135010268964,-0.0085341997443,0.1645727031613,-0.3579772390278,0.3602960421179,0.2673404417790,-0.1888407993587,0.3302900546507,0.5768358659492,0.1337795551600,0.3927788974271,0.1948632899860,0.1107101250811,0.0801421635087,-0.0952118560833,-0.0444558544365,0.2931034923157,-0.2469138812452,-0.1093748392453,-0.0302195423303,-0.1254522143397
0.2807176303350,0.1245763006526,0.2237500390853,0.0682335771859,0.3504575601686,0.4211517632304,0.1993805740245,0.0854571041715,0.0942765257878,1.0000000000000,0.5180382524230,0.2660179387345,0.2787060881242,0.2192005746142,0.1856815685724,0.0087373785622,-0.0727638949238,-0.0657394121620,0.0283816614277,-0.0014755576163,0.0752388278540,0.4291915820164,0.1451774945253,0.1271807921987,0.0053138549554,0.2171907378858,0.2836335749875,0.0314981541433,-0.1310628031820,-0.0706225830735,-0.0629770890264,0.2168943286199,0.0508858614593,0.2275742771392,0.2046503937630,0.1799291275208,0.3262242899133,-0.0372558369934,0.1826430065841,0.2163947622413,0.4065951673265,0.4366900229593,-0.0905769324825,-0.1163564055178,-0.0337259986660,0.0906500148439,0.2800176595428,0.2189348375872,0.2451538150045,0.2956274902576,0.3461147275347,0.1603110722115,0.0446495790241,0.3783685245287,0.4611262775183,0.1661211179239,0.1350100888380,0.0910982746613,0.0718275764550,0.0540614785090,0.8251287355833,0.2244957397840,0.2246944578629,0.2759408036471,0.1355776019061,0.0836283739469,-0.0641548350734,0.1373098850162,0.1250563701501,0.0306481667289,0.0724587212955,0.2199858054981,0.1969501382926,0.0727177445807,0.0284654656298,-0.0251772664949,0.2180955127311,0.1834745422330,-0.0912989639124,-0.0707093251571,0.0719317068351,0.0710982405197,0.0622723181781,-0.1890884352129,-0.0174259287706,0.1713630004560,0.2835229716226,0.1035529737394,-0.0117648287593,-0.0044168517507,0.2046888036915,0.1306814276437,-0.0685140077761,0.2155915644066,0.3350478043455,0.1595137777399,0.1063006082181,0.3742173115806,0.6257581600173,0.2548869608561
0.3984057337917,0.0002488855033,0.3468590608217,0.2322987295064,0.4723528491966,0.5914255240765,0.3471522341316,0.3614262581458,0.3808354429283,0.5180382524230,1.0000000000000,0.6178649709556,0.3441566502433,0.0940195527800,-0.0091023154248,0.1686450729692,0.3250402296315,0.4126017681848,0.1739272688071,0.2220783894216,0.1954099925854,0.3713688130288,0.5055100366694,0.5036326133085,0.2412173534648,0.2827414991659,0.4989239886674,-0.1749473674606,-0.2009486318622,-0.3134444753306,0.2135522971044,0.3265946630377,0.1039973657981,0.1016239384288,0.2659332402382,0.1951361280249,0.5934496853186,0.0436646882634,0.3493751354875,0.2362571582183,-0.0565973507985,0.1422223268632,-0.0435898318031,-0.1222060906126,-0.0495343137346,0.1341981061547,0.0621011832342,0.4958120744278,0.2157215116029,0.1276348347997,0.3048580566482,0.1176530859135,0.0829639925445,0.5677036089108,0.6061304089706,0.2345183564796,0.3233161470232,0.2982002947630,0.3813278206482,0.3077902199291,0.4070889921413,0.7125802179885,0.5237066898628,0.2863897577724,-0.1804251733991,0.0255348220601,0.0910497848885,0.4108871674583,0.1993153332389,0.2911063682203,0.2974788766228,0.4716438974426,0.5304987765736,0.3194965643859,0.2498245029683,0.0914689078275,0.3971816379895,-0.0974799476513,-0.2259222745049,0.2679196270553,0.1693487283691,0.1011207418852,-0.2060232670983,-0.1688786809365,0.0898415342102,0.0531668176535,0.5777714013323,0.2206616797578,0.0680441396417,0.0867965165537,0.3547854577251,0.1356143699798,-0.1789020926591,0.0355986275162,0.0687134434699,0.4538890419878,-0.1606635120707,0.0003899594109,0.1553044606333,0.0419949152172
0.2234743734728,-0.1469290647240,0.2687200845535,0.1360088087041,0.2917407920104,0.2747731001006,0.2042334551640,0.4195604030240,0.4287587368775,0.2660179387345,0.6178649709556,1.0000000000000,0.6400508240433,-0.0459603502094,0.0955475716735,0.2327789507759,0.5699931768347,0.5718252659214,0.2687935909054,0.3846454703725,0.4171320951389,0.3751020428988,0.7264370288353,0.4178484533745,0.4501576584970,0.3144650266340,0.4683110511449,-0.3061699143912,-0.1297934458921,-0.2995307672488,0.4224040671999,0.4464184104328,0.4434412236672,0.0883991078493,0.0857693451150,-0.0194460068956,0.4375154680683,0.2624371901731,0.3052854656409,0.2912645885490,-0.0883481769675,0.1847748306997,0.2464183212154,0.1621661638628,0.2322331552555,0.3106574360240,0.2248300018344,0.3208542656565,-0.0107038651303,0.3122281329900,0.0010115151940,-0.0570401575170,0.0248700046618,0.3362508786018,0.2519868730412,0.0796065788297,0.3637825296608,0.3290427861762,0.4690962747802,0.3967297397135,0.1557248714458,0.6893062090690,0.7808652414745,0.5521412409834,-0.2945186272536,0.0444178883092,0.1964398784694,0.5288039239429,0.2074056493445,0.3996536039742,0.4970688741004,0.5692441533134,0.4599726502376,0.4994404973923,0.4240925588410,0.0604436991956,0.4136626365320,-0.3548825210392,-0.2072456027483,0.4876050522719,0.2372887523346,0.3848493321492,-0.3107420842349,0.0391829559503,0.2398564917422,-0.0615279721826,0.4675325343523,0.2019236356309,0.2681154060450,0.1774147704594,0.2179094435635,0.1243783407921,-0.0119438898027,-0.0282271514304,0.1648121239725,0.3464020201549,-0.3273696667116,-0.1021003719758,0.0870614126292,0.0937468397747
0.2007459029910,-0.0600198361858,0.1685864657626,0.1545116087247,0.1012358634817,0.3622047444978,0.3672961845456,0.4235018252982,0.2992925627661,0.2787060881242,0.3441566502433,0.6400508240433,1.0000000000000,-0.0308147282256,0.1651653795270,0.2308411444733,0.4653108012683,0.3002419642330,0.2359278904001,0.3091787319921,0.2822412738517,0.0683689544156,0.3129638420076,0.3513757051021,0.3238523346870,0.3328237535770,0.4030017350774,-0.3121682693761,-0.2074893124958,-0.2746171320343,0.4490712238484,0.4899279198883,0.5818931441166,0.0229136192448,0.1642617239560,0.0636259277212,0.3456893298537,0.2801877057672,0.3870457908139,0.1680838759147,0.0065373915035,0.2474314737560,0.3209437759303,0.2340218734105,0.3091059895592,0.1668301696274,0.1515081359359,0.2273629678369,-0.1767799485498,0.2827661360545,0.1224231475096,0.0207476772377,0.1001988815919,0.2500888521799,0.2936089484035,0.3081985408173,0.5589419672223,0.3620343682951,0.2918845121462,0.2485994120504,0.1395971087587,0.3466663817128,0.6491700623386,0.8887741432098,-0.1398075725660,-0.0209931917824,0.1941576877524,0.7011635360143,0.2500603108028,0.2683956690617,0.3120435084094,0.1442289339196,0.3720688973546,0.3053430540955,0.4114392469477,-0.0206379970062,0.3060227245636,-0.2623842180985,-0.1977924291969,0.4262806625345,0.0628712515947,0.4460083809231,-0.3248508264249,0.1701464480595,0.2986746262806,-0.1041177624018,0.3569362963658,0.1975246464876,0.2346070790686,0.2273978091028,0.3082919708583,0.1582450918104,0.0888278728252,-0.1495044057659,0.0250509185734,0.1274081861453,-0.2991460636799,-0.1734535372972,0.1390276687602,-0.1513586090320
0.6500497233883,0.7339889766042,0.4886034792473,0.6185087847456,0.2216822218330,0.3351627853910,0.4260371909784,0.1271945735428,0.0031753418683,0.2192005746142,0.0940195527800,-0.0459603502094,-0.0308147282256,1.0000000000000,0.3190328291133,0.4835582988533,0.0476270815506,-0.1352947360172,0.2287679671329,-0.1541974736366,-0.1376943400851,0.0752819013243,-0.1521357182875,0.0478108936917,-0.2559414768738,-0.1296678528395,-0.1966839592282,0.2599038519384,-0.0333047902010,0.2400143100868,-0.0826094922787,-0.0666699146911,-0.1332586313953,-0.0715400080489,0.5553171170506,0.6672289044844,-0.1827434864618,-0.2237598164153,0.0638752246313,-0.1976669111899,0.0172120888172,0.1901632876208,-0.1028478732727,-0.2703395942460,-0.2549508051832,-0.2965873751106,0.0303880236398,0.1151305003079,0.1429712132911,0.0788258778743,0.5931882491420,0.7885785848208,0.6100428762557,0.2857922397532,0.2449052247635,0.4626394155407,0.2073444211560,0.1368215625794,0.0705396493258,-0.0516969139523,0.0929896255728,-0.0363393574431,0.0271131601535,0.0019107748790,0.7154803441583,0.1501692452321,0.2898868238460,0.0465816342809,0.4031196324227,-0.0967634741754,0.1456775787640,-0.0616967035726,0.0884148698273,-0.1333199791184,0.0079168476905,-0.3296217459511,-0.3149777180005,0.2693925208176,0.1631120298940,-0.0166389795080,-0.1837832165505,-0.0276350732647,0.3104353683208,0.0422607208257,-0.2710937088734,0.0273099659627,-0.2062576746188,0.2008279028975,-0.3009826944509,-0.1387651243871,0.0146524875023,0.0888789087108,-0.2253728236576,-0.0714770789130,-0.0184413905971,0.1350886417262,0.2296912021605,-0.0749949501218,0.2091154493327,0.0570754303659
0.1133314667395,0.3480087090639,0.0754817487475,0.4198137184850,-0.0434973427426,0.1545389260682,0.2818137200414,0.0555666319710,0.0450472869092,0.1856815685724,-0.0091023154248,0.0955475716735,0.1651653795270,0.3190328291133,1.0000000000000,0.0910730462466,0.0823562725058,0.0512163660265,0.1069101995928,0.0034948365599,0.0578315775038,0.0348922495238,0.0585199909634,-0.0068496672380,-0.0153724194942,0.1362616293098,-0.0120950995210,0.1250424584668,-0.0898960861047,0.0760237316618,0.0194066181762,0.2159714118072,0.2236944172760,0.1371163782702,0.0731449566776,0.0789126993562,-0.0356116347025,0.2138079616370,0.0904666915661,0.3399065640010,0.1483696160854,0.2719925045054,0.3346810610627,0.2200064104088,0.1675605581737,0.1894125883081,0.0005423180636,0.2537441427330,-0.1438457986247,0.4651855158509,0.1920237657604,0.1709360841634,0.3594342721200,0.0715988024075,0.0718930441715,0.2887504600400,0.0513077714399,-0.0203582324685,-0.0880431800582,0.0602720186362,0.0062336490812,0.0793256004421,0.1097398953045,0.0587871843155,0.4804271624888,0.4159735934255,0.1177043496952,0.0901827293020,0.1325259089920,-0.1095568745966,-0.0695808328788,0.0370869018099,-0.0280397902168,-0.0702183749185,-0.1633735654053,-0.0889465393603,-0.1325017540237,0.0170054489765,-0.0022274344502,0.0443007226496,-0.0395373759622,0.1630027974195,0.0773505363818,0.1212243626155,-0.2131719446053,-0.1021745988877,-0.1280648626902,0.0364740458114,0.0234897096130,0.0823450229282,0.1379121598079,0.3309747635867,0.2779245338908,-0.1035868892702,0.0187749938868,0.2323475253572,0.0613618011191,-0.1053558920998,0.2867221480090,0.1633425424406
0.6317960038111,0.2514959679149,0.4212326923617,0.6659693999895,0.4645703188226,0.4076971111582,0.6301731070143,0.6256544380383,0.5448486047531,0.0087373785622,0.1686450729692,0.2327789507759,0.2308411444733,0.4835582988533,0.0910730462466,1.0000000000000,0.4795367862506,0.4169281118150,0.7346765870338,0.5065640386321,0.0947742370610,0.0229205438119,0.1297707460506,0.5655625199663,0.3017384873259,0.1008546954981,0.0820668673382,-0.1699877348867,-0.0584370249886,-0.1673689049697,0.5079042361618,0.1944645242895,0.2196137441245,-0.0538483889820,0.7591809140065,0.7642793012747,0.0481146183954,0.3204679652668,0.4619137735549,-0.1666339538164,-0.0296580884715,0.2369377573549,0.3659344177629,0.1398779946242,0.1011915993745,-0.0121315291081,0.1204422449364,0.1906618251946,0.1898410304166,0.0748583866626,0.2013094633272,0.4005813809481,0.6044513221553,0.3949703143889,0.3471759192088,0.6189375072820,0.5042865840641,0.5208639493217,0.6067131458421,0.4927867718558,-0.1323040148806,0.1441228435197,0.1017064666619,0.1270125379597,0.0823423473284,0.0342550887869,0.8495122966894,0.3917246513983,0.7394872859983,0.5108191368110,0.3222515828303,-0.0789453715659,0.5406580580218,0.4078358920948,0.4427015577016,-0.1711868812130,0.0306825310684,-0.0914323657468,-0.1857325188710,0.5179170696073,-0.1452920245549,0.2128236115190,-0.2032244964249,0.6035307264150,0.1389656449195,-0.1885714219080,0.0560412216051,0.6275463443785,0.0146977223682,0.2491253439530,0.1802232460020,0.0725336251900,-0.1321186407506,-0.1581297956131,-0.0346268718114,0.2577446223390,-0.0816378284755,-0.1474239265942,-0.0648982797164,-0.1792874477808
0.2242154261690,-0.1005485960757,0.2207269648056,0.2975645417806,0.2297445911462,0.2534491484758,0.3764317328426,0.5698296171108,0.4218032747885,-0.0727638949238,0.3250402296315,0.5699931768347,0.4653108012683,0.0476270815506,0.0823562725058,0.4795367862506,1.0000000000000,0.6886115361744,0.4512090135418,0.5084282049633,0.4980079615526,0.1863291903916,0.4028343631698,0.5622458948323,0.3836978331972,0.2201209270534,0.3157275241238,-0.3386008411772,-0.0962671141131,-0.3058161108469,0.6338512641728,0.3928662187038,0.5332764996526,-0.0121741848592,0.1682281810023,0.1498970775388,0.3141244796516,0.3174054868607,0.3306600723653,0.0597133606368,-0.2153300192520,-0.0695577339540,0.3287187322513,0.1864915370694,0.2011771684116,0.0944802313284,0.0070516646995,0.1477821288441,-0.1062896926631,0.0800996122893,0.0521716549931,-0.0697815663087,0.1995903675980,0.2759268468852,0.2335334353432,0.2855765796415,0.5109093404195,0.4169508501218,0.4828258278549,0.3584574391039,-0.1239626084437,0.3930387980625,0.3579515323127,0.2833521898892,-0.2020581091232,-0.0649836119848,0.4336430262639,0.6418698148846,0.3217733035625,0.4514076514596,0.6370147672857,0.2896802397892,0.5108963043156,0.4213360208097,0.6145688304121,0.0418961113392,0.2068853997471,-0.3024199258111,-0.1977948502995,0.7132943904351,0.0775305328657,0.3583907594095,-0.4013797762181,0.1983647299255,0.1985827988626,-0.2214480963777,0.3382410490041,0.2693184039649,0.1993038854036,0.1901349690345,0.2211028797749,0.1182615985045,-0.0470470739327,-0.2486057420362,-0.1152896566853,0.1756719136602,-0.3629524818174,-0.2359457817737,-0.2751726660229,-0.0888591754316
0.2170308546245,-0.1493753663776,0.1832753706164,0.1486025097331,0.3804021329043,0.1682474459499,0.2093283766843,0.5670761506402,0.5614631128694,-0.0657394121620,0.4126017681848,0.5718252659214,0.3002419642330,-0.1352947360172,0.0512163660265,0.4169281118150,0.6886115361744,1.0000000000000,0.4204717286380,0.6464597855626,0.4236915820332,0.1924290414139,0.5467914763734,0.6128580355616,0.5708624918847,0.2564286468860,0.3965833861344,-0.2370943953997,0.0173338835722,-0.2152602788500,0.6821159319352,0.3523788460673,0.3774956042475,0.0658040945330,0.1015162532942,-0.0225473313746,0.3612134889720,0.5170263955393,0.3867423164977,0.2299042163506,-0.0409895146369,0.1176228156189,0.3329153422048,0.3696529440053,0.3343497505887,0.3232875708624,0.1140196679287,0.2260275307495,0.1210019552095,0.1881395630488,-0.1099581795828,-0.1339177013828,-0.0043775285059,0.2475440126513,0.1818050712505,0.0700334381546,0.3653942474745,0.4544430024992,0.6625836253801,0.5306528201945,-0.1638605688474,0.5433550429062,0.3418729241126,0.0859537104281,-0.3422542053829,-0.0140965160264,0.4401117670887,0.5137098752883,0.2565375264026,0.5867893450526,0.3793615108847,0.3401814034494,0.5812691399211,0.5717771221024,0.5037862680935,0.1281047621691,0.3317436866882,-0.2960374441202,-0.1878202776947,0.7305930886924,0.0690377018341,0.2275255465190,-0.2834554444541,0.2381776673496,0.3121181142992,-0.1813047015087,0.3622432660595,0.3069888629400,0.2150127853766,0.3252160495767,0.2100787257365,0.0539650007197,0.1275657969359,-0.0275035940702,0.0005845103515,0.3007843955226,-0.2400178127091,-0.1068370723025,-0.1401040459457,-0.0713796777983
0.3266877425823,0.0040114716688,0.1016649237988,0.4069229074712,0.3426504702421,0.2090154143811,0.5307128745978,0.7662404479550,0.6691305538196,0.0283816614277,0.1739272688071,0.2687935909054,0.2359278904001,0.2287679671329,0.1069101995928,0.7346765870338,0.4512090135418,0.4204717286380,1.0000000000000,0.6323661844047,0.1162211949402,0.0416180943592,0.1017312279775,0.5233556336674,0.5127683790209,0.0763230472143,0.1811777103689,-0.1413285936492,0.0582433265232,-0.0766051253062,0.5093968284895,0.0780196014296,0.0892392673584,-0.1417279238196,0.5218534078834,0.5413887194978,0.0783286134346,0.5552817198264,0.3795453668260,-0.1521749775721,0.0950923489791,0.2439470080595,0.4247269414411,0.2754430672849,0.2413518836057,-0.0004362167093,-0.0333557425430,0.0917408784960,0.1871466785136,0.1042241924280,0.0005832356340,0.0647204625558,0.2981953271145,0.1595585808379,0.1918932872150,0.5012139910118,0.4320136653561,0.6428411224944,0.6639858387989,0.6836963410807,-0.1643582595455,0.1920865542781,0.0784907767985,0.0500811837053,-0.0352603470772,0.0197141379789,0.8253908757245,0.3275661558563,0.7810896652108,0.6372985955403,0.2017482098554,-0.0921361649383,0.5174910590764,0.5768710733817,0.4514771334352,-0.2013893878652,0.1490558815267,-0.1132396304229,-0.1283356432692,0.5126073543580,-0.2117757020051,0.0225604615211,-0.2194673615698,0.5209206033548,0.1260792855497,-0.3391039658773,0.1212945476207,0.5340719573737,0.0866438184996,0.3554856644392,0.1602095429986,-0.0056346516597,0.0194674698435,-0.2256754960710,-0.1234006485067,0.1163794563247,-0.0506736290719,-0.0714538330416,-0.0516777230007,-0.2258642887721
0.2328827363650,-0.2331520941727,0.1178919242600,0.0659107273176,0.2632463450691,0.1080348753526,0.1491116784068,0.7084543465661,0.7546724205100,-0.0014755576163,0.2220783894216,0.3846454703725,0.3091787319921,-0.1541974736366,0.0034948365599,0.5065640386321,0.5084282049633,0.6464597855626,0.6323661844047,1.0000000000000,0.4980026822489,0.0150826186744,0.4215793506713,0.5208245854902,0.8185597438995,0.2248099273129,0.3914353614031,-0.3036428039889,-0.0574353963263,-0.2848391679980,0.7086615090884,0.3255749131830,0.4245322409081,-0.0893811425180,0.2262228956481,0.1184540156433,0.2797999612728,0.7711088646280,0.3953433266051,-0.0223044989558,0.0063220855398,0.2445065036745,0.4458743987339,0.4945808458608,0.4443652753500,0.2747004616205,0.0878241116877,0.1258898720671,0.1004298915804,0.2609731316209,-0.1571766094252,-0.1927109683912,-0.0365213536578,0.1363145663547,0.0995847254221,0.0801890936907,0.4783475908220,0.5465439831442,0.7537619863457,0.7307791521787,-0.1602777602676,0.3695022429520,0.1539382365212,0.0820639631011,-0.4124489792410,-0.0399223372934,0.5741497469596,0.3940150583372,0.4263170675482,0.8827631201259,0.2876343446958,0.1781146618685,0.5306460587976,0.8203760060554,0.5668884865449,0.0317039990887,0.4567591421154,-0.3219984701537,-0.2536084842642,0.6080912713442,-0.0630898712148,0.3462203517617,-0.3597776933603,0.4212813158634,0.5066721703595,-0.2853990724159,0.3500678265879,0.4940878601426,0.2634783222687,0.4828192569119,0.1713117424041,-0.1140345456124,0.1763997665188,-0.0249459924290,-0.0056035951582,0.1945940507092,-0.2583243992981,-0.1193224073259,-0.0897390083095,-0.0667459502378
0.0878354426235,-0.2003548593185,0.1511200883918,-0.0946838311026,0.0671951731069,0.0105368936278,0.0304586416369,0.1364523563995,0.2359658985071,0.0752388278540,0.1954099925854,0.4171320951389,0.2822412738517,-0.1376943400851,0.0578315775038,0.0947742370610,0.4980079615526,0.4236915820332,0.1162211949402,0.4980026822489,1.0000000000000,0.1160135621342,0.5143271895248,0.2464410933701,0.4312574020144,0.1274449616346,0.3281983381967,-0.2944593306228,-0.0603570249218,-0.2891135569311,0.6687807025379,0.4307308303437,0.5723532932457,-0.0242361902908,-0.0928242119224,-0.1854436388809,0.3386921399576,0.3118802418140,0.2480631507371,0.0271632802112,-0.2213052539381,-0.0046730782512,0.3346259780014,0.1537978234359,0.2620244340515,0.1995064976251,0.1307358890901,0.0651651348384,-0.1020261694502,0.3199734600706,-0.1023493450433,-0.1479186069190,-0.0578321941586,0.0667983878364,-0.0879801878610,-0.0822218462378,0.1370634354596,-0.0005105538892,0.2161693137632,0.1767962261595,0.0366768242523,0.3268680183697,0.2438250117897,0.1638404647165,-0.3094497006101,-0.0386541727238,0.1408077395681,0.2899544901247,-0.0875809085344,0.3593925655135,0.5954574877388,0.3411290733187,0.2014177616030,0.4067824589371,0.5493586348279,0.0481370333834,0.3469545303332,-0.2932378565297,-0.1867081396211,0.4276831414368,0.0687899313662,0.4292907614660,-0.3286077269993,0.0269799969685,0.3218869014384,-0.1550284100993,0.4099476111205,0.2174126425537,0.3593775975686,0.0857262864595,0.1696192842533,-0.1180436642900,-0.0608218226384,-0.1152715315836,-0.0183835156345,0.0189144873382,-0.3312960193452,-0.1855101381718,-0.1284509567590,0.3492456230156
0.1192730958426,-0.0134808342569,0.2991333678708,0.0660434717328,0.3586542362774,0.2172433988445,0.0569650458610,0.1813015159071,0.1464528357178,0.4291915820164,0.3713688130288,0.3751020428988,0.0683689544156,0.0752819013243,0.0348922495238,0.0229205438119,0.1863291903916,0.1924290414139,0.0416180943592,0.0150826186744,0.1160135621342,1.0000000000000,0.4784008881063,0.3145686411946,0.0825865309126,0.2572537590186,0.2902177804375,0.1882000896735,0.1179436653031,0.0809967953484,-0.0503277562267,0.0747965810824,0.0682653029479,0.2675056405109,0.0331128764281,0.0567833149687,0.2430138350111,0.0035624686863,0.0349161208997,0.2706482098515,0.2058159911256,0.0416976170770,-0.0325577761986,-0.0472679598498,0.0831626998183,0.4148680040934,0.3668044105858,0.0464645363276,0.2526475409451,0.0430411182450,0.1597956549282,0.0629945836749,-0.0772861151386,0.3197850418860,0.2542929882786,-0.0241288786173,0.0998946802059,0.1511983004683,0.1925315865863,0.1300221395574,0.4949301560966,0.2190360362292,0.1679650583202,-0.0067475061261,-0.0066413956456,-0.0565421546760,-0.0540255212344,0.0168268393519,0.1174061573870,0.0430263043236,0.2319031499627,0.5709121713998,0.3333449758441,0.2198964545733,0.0701827149706,-0.0590995118007,0.1599621713415,0.2552994150173,0.0655712180936,0.0026540313892,0.1017460129654,-0.0079563164982,0.0784213401438,-0.2164194921577,-0.0843607264353,0.1737787844436,0.2434453130671,0.0248956285531,-0.0948286515798,-0.0194787691841,-0.0303364519422,0.2678735296647,-0.1012690053126,0.3223934763425,0.2939594942419,0.1008671092184,0.1117067613953,0.4042853243668,0.0704736401345,0.1645049349853
0.1359305451782,-0.2190531884360,0.3495925141383,0.0200614594854,0.2397556497544,0.1888929301682,0.0326036840712,0.2495155801913,0.3731045638965,0.1451774945253,0.5055100366694,0.7264370288353,0.3129638420076,-0.1521357182875,0.0585199909634,0.1297707460506,0.4028343631698,0.5467914763734,0.1017312279775,0.4215793506713,0.5143271895248,0.4784008881063,1.0000000000000,0.4258002769119,0.4975636103894,0.3915677655168,0.6308866483974,-0.1836824123774,-0.0476608143649,-0.1803270315963,0.4201129682755,0.5310818879265,0.5369888976588,0.1074607559349,0.0079032974235,-0.1046569982407,0.4676910899828,0.2757341966586,0.2869980679372,0.3647514729081,-0.0925450688055,0.2349770157148,0.2603495635637,0.1999109368325,0.3249327092846,0.5727577087230,0.3255533792426,0.2732646451328,-0.0192206349480,0.3771586726680,-0.0833745416934,-0.0999432405011,-0.1143456023724,0.3124767170241,0.1276925235236,-0.1179754530452,0.2124116209438,0.1695896130091,0.3897671360292,0.3217664168527,0.0763832054037,0.6073263985998,0.5102479771553,0.2208818239799,-0.4024984655826,0.0601614895560,0.0798851592097,0.2402802136532,0.0278697416581,0.3825335104774,0.3611446125358,0.6929508627389,0.4496572422879,0.5380668150697,0.3083489667813,0.0951031949107,0.5298427812376,-0.2946273967482,-0.1177381432029,0.3178471810092,0.2541089036817,0.4196699754124,-0.2725018802763,0.0302971786212,0.3155507174450,-0.0332733404836,0.4781087039861,0.1802622069204,0.2426390445363,0.1927822148054,0.1084254607361,0.1145365758636,0.0273200006149,0.1674148343041,0.1736984524416,0.3347438513266,-0.3141843265673,-0.0782259949774,-0.0091204120528,0.1579133153748
0.3828630872051,-0.0810493377820,0.3076415166108,0.4068590999991,0.3935189863468,0.5101416673432,0.5189029392325,0.6600455352551,0.6961361247375,0.1271807921987,0.5036326133085,0.4178484533745,0.3513757051021,0.0478108936917,-0.0068496672380,0.5655625199663,0.5622458948323,0.6128580355616,0.5233556336674,0.5208245854902,0.2464410933701,0.3145686411946,0.4258002769119,1.0000000000000,0.4530376270501,0.3213570708272,0.5095333435877,-0.2440387858819,-0.0686509456478,-0.2937273874029,0.4775875948842,0.2500688060309,0.2625849010412,-0.0529454755928,0.4663867487469,0.4348872433755,0.4895471539140,0.3345896589318,0.5199568181661,0.0681510445372,-0.1319422430427,0.0835219863089,0.2937292949560,0.2000088677268,0.1369856519764,0.2076948347526,-0.0064743546159,0.3003130821623,0.1227860620162,0.0130076328243,0.0918739918107,0.0548714874479,0.2118901493236,0.4485520580826,0.4642487599166,0.4453057601008,0.5885520910043,0.5623656408146,0.6227820223092,0.6293304672322,0.0813047513129,0.4168297602851,0.2482721227727,0.1972764303394,-0.2497862286788,-0.0590400501817,0.5338592781121,0.4826278961245,0.5931574165757,0.5426974802191,0.3521093445174,0.2670559730959,0.9004620943181,0.5762106827352,0.4688174478232,0.0527496885649,0.3747905368263,-0.1746557686545,-0.2212465583702,0.4847133721088,-0.0430508697829,0.1587722830517,-0.3409927902785,0.3031550848073,0.2077384730365,-0.1587337154011,0.5191284057732,0.5381533289445,0.0942989176504,0.3468082904990,0.3259083613025,0.2140130666711,-0.0310140297065,-0.0549998467845,-0.0616419418508,0.3458153843048,-0.2288910277711,-0.1291280702913,-0.1183106196990,-0.1450485037414
