1.0000000000000,0.5782826213889,0.7288346428516,0.6061589729786,0.7436709810673,0.6717153088168,0.5273363363008,0.5600386104158,0.4228212722882,0.3309648447074,0.3246869730982,0.2340283076469,0.3636933028411,0.6068915917534,0.5035942557650,0.5197066784680,0.2926840664775,0.3122499386637,0.3709812350872,0.4041165798912,0.2066087285980,0.1001227410695,0.0173240136726,0.4001468968841,0.2595376262721,0.2810484376350,0.2607766583820,-0.1029359750649,-0.3272342143192,-0.1339746586311,0.2786335025439,0.3267637790025,0.2669740483186,0.1565376451657,0.7104896262245,0.5575504339702,0.1746070077708,0.3244563769427,0.4865336405686,-0.1291357229869,-0.0177423666682,0.2753931826738,0.2350353299897,0.1188085719318,0.2014106363090,-0.0730957475650,0.1070533170147,0.6175130424111,0.3134034675932,0.2857339854096,0.7447067916888,0.8037908272136,0.6229242677619,0.6427622911222,0.5654132587016,0.5689730514559,0.3295850436634,0.2898414480775,0.3903596641317,0.3716786135300,0.2607833052600,0.3165287903754,0.2674198560441,0.2204099326212,0.5142135131394,0.3276145608075,0.4466880861610,0.2976718257487,0.5155667240626,0.4307266260267,0.2456421173984,0.1444495374014,0.4103698658387,0.3283351382982,0.2981278978262,-0.0462922594114,0.2316978248703,-0.1610737711669,-0.3799469446035,0.2113930006189,-0.0497411847016,0.2434395680067,-0.0716827501124,0.2129831269726,0.1990620802168,0.1287171244219,0.1155623663134,0.5842081082974,-0.0086344344974,0.2950065577014,0.4813124643871,0.0078879274357,-0.0891035242246,0.0785156376292,-0.0735861096388,0.4853657028118,-0.1987037735646,-0.1187289355358,0.2563810456150,-0.0502804427255
0.5782826213889,1.0000000000000,0.3490006087761,0.5482106420528,0.0504236112592,0.2313875465781,0.3682897047060,0.2536870723667,0.1894134169301,0.2020991869844,0.2018523156724,0.1497048859922,0.0537947877128,0.6393136254284,0.5428900451975,0.2753476919516,0.0785232735135,0.0109026260250,0.2232358108296,0.1151442191587,0.0130990269372,0.2550797658474,0.1331517443375,0.1305382549744,-0.0784710561720,0.3856952180648,0.0724303561967,0.0689383001467,0.1218188396644,0.1089543097579,0.1298430174345,0.3082676218800,-0.0975372399164,0.0945964266255,0.4438022080149,0.5959669492956,0.1192342767827,-0.0506168784389,0.2054970802305,0.1536223242996,0.1087366673976,0.0203809740801,0.1903158073146,0.0475961544381,-0.0645394498457,0.0582614401245,0.2074337035177,0.1264286223823,-0.0501662971641,0.0938785828986,0.2040251394263,0.5836614997639,0.4481836757895,0.2038097026346,0.1409497540564,0.5671728636763,0.0033747974582,-0.0789106148684,-0.1518173604757,0.1478103355946,0.1816099242886,-0.1793458263487,-0.0608540084554,-0.1787025861894,0.4054678133203,0.0434418253338,0.0901525046911,-0.0423708904863,0.2442756705868,0.0679105583825,0.1099886412798,-0.0786778541779,0.0431113460524,-0.0041199550410,0.1476398695372,-0.0185414416895,0.1773135167186,0.0151086507310,0.0340828290457,-0.1065854331554,0.0427574496788,-0.0743168099123,0.0760076023212,0.1343067205359,-0.0500785958192,0.2747047743747,0.1022317308256,0.3679745601052,0.0834868226395,0.1163803011992,0.2106090115962,0.2242571952087,-0.0663788219346,-0.1051896952192,-0.1300350098358,-0.0344957282925,0.0879596668973,-0.2947855330524,-0.0975447835953,0.0521448505743
0.7288346428516,0.3490006087761,1.0000000000000,0.4258847498234,0.6383109928496,0.7473376652526,0.5619009705536,0.5257438934072,0.3453216038316,0.2308691570769,0.1473522547186,0.1061606361186,0.4288386007965,0.4569274700512,0.3352734398425,0.4688246339396,0.2995216067766,0.1892862048850,0.3391528244210,0.3782872887379,0.4124288941280,0.0307597944936,-0.0466001748491,0.3740166406616,0.3411882076188,0.3536062456023,0.3909130419897,-0.1513048962664,-0.4694818056655,-0.0038222120006,0.3977168257970,0.3126209939299,0.3941306632593,0.0939987735971,0.6393516692793,0.3488979363530,0.2134481287512,0.4389436988188,0.5547772218755,-0.2175637937727,-0.1806259157528,0.2300847179623,0.3240199011757,0.1909955440365,0.4742359750489,-0.1998219164272,0.1245432691266,0.6319415927913,0.2033804425863,0.4613505501061,0.6874785744651,0.7938638266793,0.4324956960758,0.8104275907780,0.5591178533538,0.4225473413999,0.4168955666101,0.3618635058375,0.4609873531571,0.3057967727154,0.1108989238754,0.3420792940380,0.2860549740133,0.3081327629503,0.4348662873755,0.2545829322936,0.3895658651887,0.2120630502470,0.4657640541981,0.3677831235143,0.1823449113166,0.1539368311683,0.3060534009345,0.3896633923101,0.2461612067908,0.0420888976015,0.2910862160641,-0.3375481105418,-0.3350325644930,0.1807605964695,-0.0891077611259,0.3681345055218,0.0940015846775,0.0410243412638,0.3686243758930,-0.0352290893955,0.1072608423981,0.5184798967019,-0.1025920491655,0.4750179767640,0.4756860600146,-0.1354789616857,0.0981781494588,0.0877348163174,0.0984854556086,0.4617628170781,-0.2599445069806,-0.1597770996660,0.2250706256853,-0.0883261142511
0.6061589729786,0.5482106420528,0.4258847498234,1.0000000000000,0.3438667229948,0.4793656528995,0.7988061815837,0.5859572006344,0.6256687510868,0.3132418001098,0.3458385028488,0.3800662491843,0.5189853748164,0.5130173139688,0.7910392392317,0.7349885722229,0.3982861443859,0.2726749585645,0.6404808562866,0.5094151915749,0.2430719505894,0.2361525320124,0.1953400398760,0.5854502922770,0.2969781972088,0.3998541328816,0.1772431368627,0.1075193002532,0.0396241823632,-0.0650268055272,0.4245993241769,0.2628139297425,0.1858957087597,0.2774218352130,0.5943928501107,0.7159410230244,0.1195339609148,0.3070608563954,0.3599916140603,0.2509415605520,0.2078329774813,0.2144641769593,0.5479375590689,0.3087668487740,0.1758624229747,0.1970867917232,0.3744689578314,0.2586243523557,0.0497006837631,0.2700387299095,0.4186933198050,0.5309588552873,0.8414657034098,0.4330754909060,0.4522600093023,0.8202081177641,0.3867797957181,0.3571933575442,0.3392955049071,0.6122831004553,0.0845760628570,0.1054106927209,0.2981570085216,0.2544739119441,0.4588531433062,0.2878301468144,0.4641641907291,0.3709143730825,0.6025121331129,0.4523296053102,0.2209941316774,-0.1204028408466,0.5040867701202,0.2885060670731,0.3421658493558,-0.1670933381504,0.1988931150956,-0.2067137690606,-0.2031978536062,0.2917127120395,-0.2742113233671,0.1863163944520,-0.2580325916176,0.3687488085959,-0.0149702421351,-0.0998949600800,0.0959945744910,0.4664925955618,0.0316955909527,0.2780129126678,0.3003458527909,0.3187744170962,0.2121598025071,-0.2615796526392,-0.0455749151359,0.2885708112004,-0.2122946543488,-0.3685730566278,-0.0591387056655,-0.0515187178187
0.7436709810673,0.0504236112592,0.6383109928496,0.3438667229948,1.0000000000000,0.6817814509051,0.4078575985848,0.5065907011949,0.3853020059715,0.2310257972253,0.2602440095459,0.1660009337912,0.3482046443810,0.2275710274403,0.2400500370962,0.4303344101452,0.3035265760429,0.5076934466699,0.3060760391167,0.4315013830484,0.2546665652214,-0.0525731174860,-0.1076860446155,0.4104904413432,0.3912285154390,0.0082730659451,0.2313001622598,-0.2011108715307,-0.5102774935769,-0.2571736490612,0.2917696399616,0.1507452497742,0.3447230111833,0.1583053049885,0.5446997241893,0.2142265814768,0.1106932774459,0.4758329017329,0.4666216242075,-0.3578625465146,-0.1133350955331,0.2455017533167,0.1141395337933,0.0322735539149,0.2740160741108,-0.1617792768863,-0.0817460307933,0.7422320934184,0.5305407912188,0.2595816621403,0.7614699829509,0.5211515861212,0.3850124609780,0.6896636188187,0.6365678128306,0.2653188620120,0.3256954074968,0.4011026311641,0.5937810844332,0.3230242135067,0.2017818695018,0.6030435669436,0.3587899318680,0.3159892824614,0.3035337345578,0.3716953257486,0.5060547948101,0.4357453360721,0.4280966071996,0.5289966313175,0.2156048361952,0.2855680825101,0.4756977258386,0.4289254536907,0.2090037496990,0.0128854753143,0.1328983543121,-0.1727718325752,-0.5464901331594,0.4020438424032,-0.0910909232165,0.3170174735354,-0.1303226368210,0.1414430041385,0.2996192386803,0.0093862520646,0.0865963439984,0.4473733222352,-0.0647742464934,0.2779772385389,0.4669481647590,-0.2358905418530,-0.1237231204104,0.1939502219194,-0.0643134190097,0.6858386680096,-0.2963570590280,0.1460442168663,0.3768263974717,-0.0751660360018
0.6717153088168,0.2313875465781,0.7473376652526,0.4793656528995,0.6817814509051,1.0000000000000,0.6689302874259,0.5619939458359,0.4474910977549,0.3538520484355,0.2867441294917,0.1808472548997,0.5133400895691,0.3882862090463,0.4187192112176,0.5149034420917,0.3597901110883,0.1870089163266,0.4165765892809,0.4033864346698,0.2488660103082,0.0309161003577,-0.0067231204616,0.4862468563124,0.2835497576358,0.2859618993871,0.2969540759757,-0.1441469282597,-0.3628963846917,-0.1686689613422,0.3334231458628,0.3065758869877,0.3414918151680,0.1232205505105,0.6564436768977,0.5192493453419,0.2299437211021,0.3366098704565,0.5836265430280,-0.0762417473329,-0.0384631325653,0.2367341596751,0.2858708652297,0.1720442384101,0.2567060556959,-0.0413561207390,0.1349465268949,0.7166604972468,0.2075406437614,0.3297335826310,0.7081841596902,0.5733486740735,0.4642292598570,0.9202563006180,0.8236771783374,0.5559842286725,0.5027956853756,0.4074530589170,0.4527583442621,0.4015923769136,0.2013274443630,0.2933952165324,0.3079079438778,0.4107880027950,0.3816713837382,0.2939763521965,0.3702699035104,0.3150493711611,0.5694097983033,0.4135781661839,0.2163976450832,0.0227636551661,0.4543170250678,0.3288837595646,0.2730649522257,-0.1174376993044,0.2320371222529,-0.3071468479198,-0.3831906057662,0.1836915826277,-0.1865326983917,0.3141799584316,-0.1204743871629,0.0778264032821,0.2036515943734,-0.1527801513544,0.1768056265480,0.5017793474097,-0.0631579504353,0.3637862821262,0.5811768192363,0.0400453275421,0.0347728310170,-0.0374710995621,0.0131810670042,0.5499517377723,-0.2822207400317,-0.1480696456182,0.2154067123324,-0.0731477720121
0.5273363363008,0.3682897047060,0.5619009705536,0.7988061815837,0.4078575985848,0.6689302874259,1.0000000000000,0.6341724722652,0.6227938340600,0.3605531881446,0.2451913581986,0.2784137064870,0.5943153663532,0.4962156227433,0.6387198375130,0.7089396224246,0.4366458793602,0.2300880749133,0.6859306043422,0.4820997902261,0.2955309990031,0.1591219569032,0.0324045683594,0.6135058373277,0.3077538255207,0.3856772052560,0.1784309414034,0.0275431069864,-0.0575774909915,0.0105951202109,0.4886601109262,0.2074217749330,0.2149469122142,0.1845894541203,0.6446917498312,0.6432086288814,0.1405789587706,0.3344218738661,0.4963329540547,0.0742458996300,0.1631165973270,0.2158920353269,0.4600903670463,0.2183396578613,0.2506902066368,0.0447417400890,0.2925162822114,0.3791776021890,0.1147773897854,0.3034716646287,0.4782402206568,0.5358711408110,0.7236132539795,0.6291507532647,0.5923384300951,0.8568102598210,0.5265676978258,0.5028040210735,0.4948553860918,0.6151306174981,0.1017274072207,0.1340020921517,0.3079989714399,0.3504572512343,0.5500852558047,0.2293265669035,0.5844667339661,0.4544126504199,0.7406493173317,0.4920173797160,0.2610523446597,-0.1097954642581,0.5360279640863,0.2992802604251,0.4089421088615,-0.1540893756450,0.1047734212416,-0.2728607752206,-0.1513930321788,0.3995823553259,-0.3206431531092,0.2219650413373,-0.1383941555316,0.2081018301002,0.0260459257575,-0.2169411329977,0.0707645586705,0.5577278851866,-0.1060834429276,0.3422831723004,0.4422882829319,0.1529190266261,0.1866185431860,-0.2103316273670,0.0304308720293,0.3489537384880,-0.1692849127000,-0.2217265504436,0.0802000200178,-0.0623351181128
0.5600386104158,0.2536870723667,0.5257438934072,0.5859572006344,0.5065907011949,0.5619939458359,0.6341724722652,1.0000000000000,0.7447411629058,0.3932688506796,0.2557999194481,0.3532419227290,0.6794800924688,0.4407023855421,0.4633949299511,0.7580296020646,0.6336238550846,0.4726428369763,0.7283971316316,0.7749785711763,0.4932366721771,0.2346931868149,0.0876518090556,0.6983600434043,0.6122769965598,0.4324200090959,0.4329604563147,-0.0191534297629,-0.2043682233594,-0.0226105596568,0.6217738961005,0.3410950128025,0.4989729973475,0.2845441956441,0.6961224267294,0.5876724213863,0.1952820427493,0.6467919277735,0.4796722319167,0.0096114073608,0.1219105153201,0.2850412786364,0.4982791283954,0.4330385218322,0.5507164496414,0.0796624274213,0.3447457088431,0.4280444675195,0.1740859612033,0.3088878165634,0.4684784314227,0.5403216386507,0.5257746319798,0.5270794336610,0.4498120451640,0.5443689598814,0.7248357505780,0.7610460943441,0.6587155788361,0.6727982319642,0.0822985654237,0.3053353982136,0.4500584701975,0.4341804400032,0.3448557145401,0.1131133758944,0.5107178215576,0.5362003244118,0.7413088308717,0.7480895695304,0.4141630591719,0.0673826928925,0.6340592043846,0.6756880730279,0.5016351142161,-0.0250961952411,0.3277316851092,-0.3381982617269,-0.3192456147116,0.4563296158176,-0.2890839571467,0.4055038120684,-0.2672885121727,0.2605491784602,0.3340099277010,-0.1289246063229,0.0939170908620,0.5609335444825,-0.1748942390043,0.5536473942221,0.3620464742796,0.0585784773778,0.3364719469280,-0.0190327424695,0.0673407868659,0.3807922785809,-0.3858244942382,-0.1822256109349,0.0638317754214,-0.2323320441861
0.4228212722882,0.1894134169301,0.3453216038316,0.6256687510868,0.3853020059715,0.4474910977549,0.6227938340600,0.7447411629058,1.0000000000000,0.3238877302274,0.4016442429662,0.4302453686168,0.5199608955268,0.2355793878331,0.5086425073853,0.7727835514002,0.4620524163005,0.4489407684770,0.8420126428146,0.7583538451061,0.3541603664163,0.2097362307200,0.2504310479774,0.7497591624310,0.6745328686501,0.3388417711670,0.4041009957568,-0.0030163211514,-0.1015685247965,-0.1547532324429,0.5444769345570,0.2142100622664,0.3374141437333,0.2399451792869,0.6015661207164,0.5592405641266,0.2528948843462,0.5471560987489,0.4819528991550,0.1513878302904,0.0975470483078,0.2271387336862,0.5300046945261,0.3811041932347,0.3443892990661,0.1559114894457,0.2773874142594,0.3280712537073,0.0506878473109,0.2745318644666,0.3622269312543,0.3271625052927,0.5187955842129,0.4179017569847,0.3897848226634,0.5479574013716,0.5029542839701,0.5920432440268,0.6409210204925,0.9260472317091,0.0446461277970,0.2888235727893,0.3807193067725,0.3106780311241,0.1754449558913,0.2066500151353,0.6074562542924,0.4185755727760,0.7766708673992,0.6854225514453,0.2665807511999,0.0337593165879,0.6886913243479,0.6567613869132,0.4035085878106,-0.0765695501871,0.2934473839334,-0.2677599526451,-0.3326171950931,0.4035559863922,-0.3182699431829,0.2742568521062,-0.3902602584602,0.3466382055557,0.1438771524641,-0.1815648313501,0.1973020709054,0.6184206412570,-0.0293003040378,0.4241299080831,0.3284664132827,0.2024473128033,0.3122780752377,-0.1686735608286,0.0057548486283,0.3615218787113,-0.4131346938200,-0.2730400165089,-0.0174546524954,-0.1326200791132
0.3309648447074,0.2020991869844,0.2308691570769,0.3132418001098,0.2310257972253,0.3538520484355,0.3605531881446,0.3932688506796,0.3238877302274,1.0000000000000,0.5556153631522,0.4291521669564,0.6284553186440,0.5389510393943,0.3793121330908,0.3092191835830,0.4296307092166,-0.0135129185318,0.3198934884838,0.1900439236161,0.3603279050354,0.6179637359888,0.2522037507687,0.3446332973206,0.1094875314567,0.3081227490960,0.4181853463738,0.1699004479686,0.0859891941354,0.1575986711509,0.1958039211478,0.3704980923280,0.4538883026737,0.2656381984939,0.2993638079149,0.3984937127707,0.2169330360205,0.0242937946948,0.1841114527954,0.2649727678480,0.4748885520237,0.5071346124336,0.2325532620478,0.0866153294621,0.0670543002676,0.3798369949916,0.4553609522139,0.1313720517464,0.3637372762550,0.4729591132280,0.2786769295647,0.3023810371911,0.2388177358878,0.2369140722471,0.3208861934427,0.3185230804106,0.4281085674094,0.3161901734847,0.1727951957168,0.2831580163627,0.6669437628997,0.2462965815978,0.4366939734437,0.4018515371397,0.2925912488297,-0.0350409525068,0.0145188765511,0.1705170227653,0.3369400235172,0.0947390192902,0.2763154005649,0.2470878900014,0.3300420053930,0.0930644168511,0.2146489715761,-0.2700536367213,0.2440800948322,-0.0364967254953,0.0201637125288,-0.0489880653216,-0.0634796405283,0.4278729774279,0.0163379404355,0.0012472817541,0.0092100309997,-0.0127045299919,0.1202483938179,0.2107134075762,-0.1837752717098,0.1178657480227,0.2123807579580,0.3545330397024,0.2136807872593,0.1611534049196,0.3688892455282,0.0721907178286,0.0806874424500,0.2041884181918,0.4553317715812,0.0629121042637
0.3246869730982,0.2018523156724,0.1473522547186,0.3458385028488,0.2602440095459,0.2867441294917,0.2451913581986,0.2557999194481,0.4016442429662,0.5556153631522,1.0000000000000,0.7207966751040,0.3719060246453,0.2033008354217,0.3146332207731,0.2363829813525,0.3871525815900,0.3171169999918,0.2736795639380,0.2472254744699,0.2498663384504,0.4980166505812,0.5127275423088,0.4700241146731,0.1845184554215,0.1009726321725,0.3859636376879,-0.0598259598090,0.0707818798570,-0.2902822376388,0.1678617930900,0.1889105282446,0.2310118003422,-0.0026917732779,0.2101468150166,0.2504850902444,0.4451877563440,0.0108284535057,0.2047986724397,0.1981919521696,0.0793910424006,0.1043088856788,0.1163615959107,-0.0326969071382,-0.1311654863447,0.2119400378541,0.0436669007008,0.2639362118936,0.1232261945557,0.1579285174334,0.2855085520872,0.1594728991333,0.2311220324021,0.2454475866020,0.2958030673184,0.2369977124043,0.1366025626267,0.1055292546589,0.1628934390253,0.3084036468085,0.5352828589432,0.5176963660018,0.4915275081694,0.3144916148850,0.0288694231853,0.1437708396965,0.1161344944866,0.2703591082410,0.2490801652842,0.2071843084115,0.3601514555312,0.4171542786803,0.4602656225828,0.2236756874675,0.1993782521609,-0.1018515715042,0.3131713848541,-0.0531132282174,-0.2002192058629,0.0887346676710,0.0116488818667,0.2519025591494,-0.2858500937034,0.0611976954508,-0.0823769444781,-0.0525705254633,0.4180861717670,0.2219396909709,0.0602961802667,-0.0741650365300,0.2897029982613,0.2670306520131,-0.1246821568878,-0.0197487948160,0.0042707749377,0.2438692533750,-0.1125293312443,-0.0903809700366,0.1886777139656,0.2119747015207
0.2340283076469,0.1497048859922,0.1061606361186,0.3800662491843,0.1660009337912,0.1808472548997,0.2784137064870,0.3532419227290,0.4302453686168,0.4291521669564,0.7207966751040,1.0000000000000,0.5091819701955,0.1916819994167,0.3983719542465,0.3120164318094,0.5981853462068,0.4420266168845,0.3576730747609,0.3912102862040,0.3818365589714,0.5413813235642,0.7056609351920,0.5301290027552,0.3459099999866,0.1801951427682,0.4312975691694,-0.1559949190125,0.0857204295547,-0.2940025849473,0.2860320108372,0.2418779952503,0.4111362890821,-0.0612586215126,0.1583505900839,0.2218238267858,0.3800870072418,0.1167192943748,0.1384760504858,0.2004219105486,0.0522953098026,0.0751719134354,0.2476297843215,0.1403164328004,0.0444326065594,0.2616208706777,0.1095474427509,0.1660355410501,-0.0727376284815,0.1572488479144,0.2486102240580,0.0856137489543,0.2897622128407,0.1529193886202,0.2511528558589,0.2581510677906,0.2684531955154,0.2380832625593,0.2283884387699,0.3590481470304,0.4330202826975,0.4700312001914,0.6752860259774,0.5087140267469,0.0991839389797,0.1474567776496,0.1957027097356,0.4662109594476,0.3120401269411,0.3439293625658,0.5668240625680,0.5366774842159,0.5297032814622,0.3727161618676,0.3576941708003,-0.0344764174261,0.3230481468100,-0.2315560546291,-0.2329699885442,0.2904811675095,-0.0563108020866,0.4112681501336,-0.4272031760603,0.1319076899329,-0.0049628019460,-0.1987076852507,0.3089930754542,0.2230802829603,0.0490362329876,0.0092692508910,0.1474684583481,0.2135795384278,-0.0470657359473,-0.1397645167794,0.0134132313523,0.2477347105109,-0.2434611131922,-0.2173654526331,0.0672447616454,0.2224447483407
0.3636933028411,0.0537947877128,0.4288386007965,0.5189853748164,0.3482046443810,0.5133400895691,0.5943153663532,0.6794800924688,0.5199608955268,0.6284553186440,0.3719060246453,0.5091819701955,1.0000000000000,0.4027003440657,0.4752038106936,0.5691989594341,0.7239855255193,0.1808821987160,0.5477765132914,0.5205794760634,0.5777693833294,0.3127951984111,0.2081104657871,0.5368894748851,0.4595331269105,0.4297848841938,0.4633276693615,0.0269422575586,-0.1198508852592,-0.0058248605050,0.4941206856872,0.4190380944782,0.6951304552485,0.2569999888366,0.3983130661540,0.4136855154916,0.1613460361600,0.4139623595970,0.2929539573412,0.1837761833417,0.2069446224688,0.4132097146135,0.4623415294186,0.3044050336353,0.4022685177784,0.2036326166639,0.4412057303749,0.2581214382403,0.1423395789907,0.4538874814260,0.4360776408417,0.3966827931460,0.4357313026762,0.4608167684339,0.4686047803008,0.4320859150168,0.7405408271875,0.6405504710482,0.5070206609322,0.4848926982581,0.2436745342740,0.3126850844008,0.6600293343668,0.7733361011734,0.3493942353556,-0.0133591662830,0.2530070274791,0.4728596274110,0.5609360200483,0.4393489066365,0.3810941561108,0.0936214487492,0.4856006319821,0.3737663600356,0.3742997132214,-0.1350491342323,0.2573554461268,-0.3688550119089,-0.2183293478663,0.2676985150497,-0.1531773687641,0.5511534682990,-0.2604988842289,0.0722242204917,0.2049676400296,-0.2328817340754,0.0130437898667,0.2541018758232,-0.3032812356639,0.3677344683617,0.2273411198911,0.2040682863359,0.3535931387821,-0.1541752633439,0.3142148531882,0.2429905663485,-0.2623771153394,-0.1544641136533,0.1753649770868,-0.2225266272848
0.6068915917534,0.6393136254284,0.4569274700512,0.5130173139688,0.2275710274403,0.3882862090463,0.4962156227433,0.4407023855421,0.2355793878331,0.5389510393943,0.2033008354217,0.1916819994167,0.4027003440657,1.0000000000000,0.5823241789532,0.4589222486542,0.3331956443856,0.0469544296171,0.3325099725150,0.1808949219758,0.2346290801765,0.3965130770292,0.0947818989275,0.2167390472674,-0.0355645942626,0.4554929037158,0.1952316233370,0.2161143161033,0.0694918461848,0.4088683776999,0.2722207990806,0.3983836030687,0.2204759203643,0.2288157594264,0.5211819455085,0.6017860625863,0.0429423059690,0.0693630556738,0.2636259046924,0.1364951523663,0.3446812970655,0.3862025440616,0.3152469801510,0.1425017683251,0.1782304850602,0.1692263600886,0.4456798094971,0.1804384305907,0.2491180896445,0.4195731057573,0.3806654757210,0.6239448285420,0.4868908784682,0.2915454979287,0.2581268059671,0.5515004720189,0.3421775727829,0.2346017052032,0.1024318350051,0.2192257396569,0.2543674202403,-0.0216257013869,0.1398642365101,0.1028029515900,0.6558625467299,0.0817118236839,0.1798724296565,0.1139547019695,0.4300694104516,0.1498528678324,0.2334058354036,0.0191969998285,0.1616313118134,0.0626755531670,0.2815272064340,-0.1562566957020,0.1499725185940,-0.0712945961244,0.1054409065057,0.0414918436566,-0.1196367284059,0.2362816050493,0.2682724515260,0.0976965835175,0.1041732294493,0.0931485064351,-0.0783259932744,0.3764798444094,-0.0799453347614,0.2822885997737,0.2429023655650,0.2302126891929,0.1719466833972,0.0521824340902,0.1142251455815,0.0302992815952,0.1577728062893,-0.0892990385896,0.2087112420043,-0.0110358206880
0.5035942557650,0.5428900451975,0.3352734398425,0.7910392392317,0.2400500370962,0.4187192112176,0.6387198375130,0.4633949299511,0.5086425073853,0.3793121330908,0.3146332207731,0.3983719542465,0.4752038106936,0.5823241789532,1.0000000000000,0.5896361454150,0.4127340695695,0.2801971728257,0.5256558971128,0.4345406661973,0.2032457938848,0.2781020934845,0.3126986294639,0.4481342822419,0.2379213093220,0.4601239146785,0.2741111315638,0.1383776300818,0.0061909287263,0.0738590064466,0.3667459148663,0.3998126939591,0.2605369101418,0.2827036312731,0.4602545627751,0.6218103319513,0.0720296980167,0.2679899917660,0.3249602007829,0.3510356748673,0.2870535646062,0.3965757338593,0.5352734046053,0.4074639784834,0.1971671822182,0.3246987800593,0.4238013302931,0.2131114059182,-0.0343504906843,0.4561954917919,0.2942116321721,0.3808371336336,0.6506364803438,0.3470929487749,0.4167122042719,0.6855469174013,0.2676340490617,0.2040624852955,0.1496424044704,0.4850604076661,0.1197155190503,0.0422165365472,0.1648878044905,0.2098244532367,0.4603317771591,0.3431921705403,0.3039896017048,0.2713804506998,0.4587349067779,0.2687314838961,0.1513700012396,-0.1281381890911,0.4233298341512,0.2126536309394,0.2151771831578,-0.2120316082038,0.2024848940587,-0.1627199740618,-0.1731821233810,0.2047618534501,-0.3074844707893,0.1959821027553,-0.1810453976254,0.3232003885458,-0.0463262746331,-0.0933048778296,0.0584123171466,0.3635698025267,0.1271008074709,0.2763857202155,0.2631866902655,0.4181456385179,0.2149567715352,-0.2731506385658,-0.0973844157918,0.2439228365981,-0.0952677851608,-0.3864865454295,0.0710465695391,0.0572503871795
0.5197066784680,0.2753476919516,0.4688246339396,0.7349885722229,0.4303344101452,0.5149034420917,0.7089396224246,0.7580296020646,0.7727835514002,0.3092191835830,0.2363829813525,0.3120164318094,0.5691989594341,0.4589222486542,0.5896361454150,1.0000000000000,0.5352903117526,0.4290992547858,0.8297366630306,0.7251693582159,0.4762910487363,0.1745706547082,0.1828392047034,0.6428519643976,0.5270247582332,0.4484264561179,0.3856203533442,0.0866296696860,-0.0891756888909,0.0264281930400,0.7412553176716,0.3603371388334,0.4096058263467,0.2752557288037,0.7762949120871,0.7051823147320,0.2130547982668,0.5495218431867,0.6177587122402,0.0867556438578,0.1625764349739,0.3487942236336,0.7368126035122,0.3265568369333,0.4785244715061,0.1732288179278,0.4062064271644,0.3893191670406,0.1583389943648,0.4370159438523,0.4227087191988,0.4815932921291,0.6815114686820,0.4725141872862,0.4092368844951,0.6362770382727,0.5333548939118,0.5821293176726,0.6321512568189,0.7339660201126,-0.0331837150204,0.2239333286249,0.3412903705944,0.2950702763747,0.3184538619190,0.3091146236701,0.7001946957803,0.4413739713112,0.7704852662022,0.6639074286126,0.2979461471344,-0.0479753944472,0.5580658163900,0.5435010472372,0.5201830639389,-0.1083387644932,0.3002048119263,-0.2646347913402,-0.2291328394496,0.5251611899926,-0.2733129197036,0.3716649817862,-0.1777294509526,0.4870100230899,0.2811561169777,-0.1288028254793,0.1553239846606,0.6934747618999,0.0489610500683,0.4549969356776,0.4246453933836,0.1160398246821,0.2932831858765,-0.0698141600064,0.0559131140124,0.3939729749610,-0.3007676424728,-0.2434653382077,-0.0156981230976,-0.1848593941065
0.2926840664775,0.0785232735135,0.2995216067766,0.3982861443859,0.3035265760429,0.3597901110883,0.4366458793602,0.6336238550846,0.4620524163005,0.4296307092166,0.3871525815900,0.5981853462068,0.7239855255193,0.3331956443856,0.4127340695695,0.5352903117526,1.0000000000000,0.4573986559497,0.4950169040625,0.5778142278677,0.6427399888844,0.3169737281830,0.3490860469612,0.5401463255788,0.4625090091922,0.3287090467859,0.5032172646062,-0.0728651106427,-0.2201089829449,-0.1499501466724,0.5402831969449,0.4068080002009,0.6432138356175,0.1292583079451,0.3885059767803,0.3516582961769,0.1545166513803,0.3762599456419,0.1956933071279,0.0693890340477,-0.0358000109669,0.1763085129497,0.3553894987102,0.2116349831683,0.3323657849263,0.1152761543116,0.2433956051161,0.2380534671102,0.0076548760605,0.2809930425050,0.3064506225604,0.2519627959073,0.3033878337749,0.3083056355841,0.3775706283677,0.3004030704821,0.6133065965223,0.5448757780466,0.4555240324734,0.3491195877651,0.2308367366786,0.4189795498344,0.5888924010456,0.5789486493849,0.2121895643260,0.0041977033613,0.2584992086207,0.5372819408380,0.4948610359879,0.5098394183127,0.6661543952729,0.3099416434873,0.5243892969847,0.4884904591690,0.5020918194009,0.0899021846613,0.3604707747688,-0.3051118458589,-0.3222878331816,0.4338355202090,-0.0025740261188,0.5432759863627,-0.3367394179669,0.0353705987381,0.2900717914073,-0.1221889310605,0.1246630304605,0.3003090403265,-0.1663838435604,0.3151110112810,0.1470086228887,0.1110575993120,0.1819135607786,-0.1991103011634,0.1262190790539,0.2774189605761,-0.3336891690924,-0.2269076724569,0.1227430768296,-0.0850906979063
0.3122499386637,0.0109026260250,0.1892862048850,0.2726749585645,0.5076934466699,0.1870089163266,0.2300880749133,0.4726428369763,0.4489407684770,-0.0135129185318,0.3171169999918,0.4420266168845,0.1808821987160,0.0469544296171,0.2801971728257,0.4290992547858,0.4573986559497,1.0000000000000,0.3521751118330,0.5732071820230,0.2938251207056,0.1088484296334,0.2361656906962,0.5574357676738,0.5022269369512,-0.0631687342368,0.3078705022981,-0.0929243498343,-0.2055434370472,-0.2060509657826,0.4550003551013,0.0285214687673,0.2598883997529,0.0697288871419,0.3718889299859,0.0932963689245,0.2511215980934,0.4772151341022,0.3596317603459,-0.2270455510345,-0.1181706977961,0.0545884827282,0.1843229469802,0.0794182164557,0.2185167211975,-0.0233134816647,-0.1330608848429,0.4479301452764,0.1927565019113,0.1074033115064,0.3165810974476,0.1263278827369,0.2590735567072,0.2234018161649,0.2305466578770,0.1179212147047,0.1665486442070,0.3200498611473,0.4913185111317,0.3539636131272,0.0206966024640,0.5908831441509,0.3581784236214,0.1794488765316,0.0354117102618,0.3762884272752,0.5198982249899,0.6184130534304,0.3255490653052,0.6306891124163,0.3955485121870,0.3569889403205,0.6179655334899,0.5836285751579,0.2845327575786,0.1160459682084,0.2119473463696,-0.0568060296140,-0.3936168821167,0.6879733160191,-0.1867739516878,0.2559032474483,-0.3079227292563,0.2676714457499,0.2432712953862,-0.0663328804378,0.2574889542016,0.4078334480339,0.1684685911396,0.2145949608113,0.3391848721793,-0.1317556403532,-0.1257888514162,0.0384261608440,-0.2909534431812,0.5808154191194,-0.3253619986113,-0.0495969906198,0.1096096892948,0.0774713750203
0.3709812350872,0.2232358108296,0.3391528244210,0.6404808562866,0.3060760391167,0.4165765892809,0.6859306043422,0.7283971316316,0.8420126428146,0.3198934884838,0.2736795639380,0.3576730747609,0.5477765132914,0.3325099725150,0.5256558971128,0.8297366630306,0.4950169040625,0.3521751118330,1.0000000000000,0.6494635457287,0.3911930275129,0.1943210301812,0.1823142702933,0.6197042738337,0.4787383946101,0.4343906060140,0.3041571107301,-0.0009783352616,0.0021470664056,-0.0228681909331,0.5963022441901,0.2744465137676,0.3070200349393,0.2006713358016,0.5685169486727,0.6325591222525,0.1645072918925,0.4522796545989,0.4769548190134,0.1629012447620,0.2118768298410,0.2845149994487,0.6387585795411,0.3395445984420,0.3926678466077,0.1419885733937,0.3555729295413,0.2527606781333,0.1033900741311,0.3293883111355,0.2710929547803,0.3129437559276,0.5529082294442,0.3686348373774,0.3451262581566,0.6135829491789,0.4638721326534,0.5346422334421,0.5586309684224,0.8087828626353,0.0064873741428,0.1609934952729,0.3412260617591,0.2672125840772,0.2696744071214,0.1954636166260,0.6006373842838,0.3954341453298,0.7646449576339,0.5694437147458,0.2490095009680,-0.0572844448154,0.5178958415157,0.4483971170944,0.4166172923551,-0.0596422028431,0.2048286495974,-0.2897018367742,-0.1554032687244,0.4247452433878,-0.2597458504210,0.2627669369508,-0.2487813735388,0.3261802806172,0.1109437173855,-0.1791186287577,0.0930230524307,0.5604259821230,-0.0119853189354,0.3946516008029,0.3096548833424,0.1799330716918,0.3414963302575,-0.1396922224207,0.0791515765185,0.2609355396990,-0.2402889913245,-0.2288116045392,-0.0266611709280,-0.1171185947670
0.4041165798912,0.1151442191587,0.3782872887379,0.5094151915749,0.4315013830484,0.4033864346698,0.4820997902261,0.7749785711763,0.7583538451061,0.1900439236161,0.2472254744699,0.3912102862040,0.5205794760634,0.1808949219758,0.4345406661973,0.7251693582159,0.5778142278677,0.5732071820230,0.6494635457287,1.0000000000000,0.5872546022571,0.1300630622275,0.3002483103622,0.6435958146999,0.8487852003695,0.3863137967126,0.4977971128227,-0.0964517366271,-0.2003921163131,-0.2117791783400,0.7659022176536,0.3842955711035,0.5336663169777,0.2023824190903,0.5715286463172,0.4379775020672,0.2898952393619,0.7765844430486,0.4985603577996,0.0398123663268,0.0017792753262,0.2602235020166,0.5803236368715,0.4688646098316,0.5665296059624,0.1706399658024,0.2673414994852,0.3709024889962,0.0091804344357,0.3298104879284,0.3064392906813,0.3075891249523,0.4311881522596,0.4026630599915,0.3122762130020,0.4142745853968,0.4550351037283,0.5463770405552,0.5709390765798,0.6339407394615,-0.0670454949199,0.3286002995672,0.3601438832164,0.3043711246468,0.0173875141144,0.2486170082974,0.5086061385497,0.4699528840958,0.5439855353299,0.7821932117123,0.3356124770920,0.0900543435872,0.5693554490241,0.8412345615569,0.5023227495484,0.1070662890025,0.4975250628768,-0.3353790590693,-0.4268130178483,0.5177129962930,-0.2184264254501,0.4483746012563,-0.4441873033709,0.3804092582898,0.4155665037488,-0.1432454174375,0.2796446014450,0.5421522519125,0.0673595684217,0.5482181899394,0.3667087825765,0.0647591696411,0.2871569564441,-0.1116105535713,-0.0290818747429,0.3853773072502,-0.5476311611343,-0.2950264003523,-0.0168417272823,-0.1154496040203
0.2066087285980,0.0130990269372,0.4124288941280,0.2430719505894,0.2546665652214,0.2488660103082,0.2955309990031,0.4932366721771,0.3541603664163,0.3603279050354,0.2498663384504,0.3818365589714,0.5777693833294,0.2346290801765,0.2032457938848,0.4762910487363,0.6427399888844,0.2938251207056,0.3911930275129,0.5872546022571,1.0000000000000,0.2697018092556,0.3024649716309,0.4315373863965,0.5924862035705,0.3253152359332,0.6159247087429,-0.0289342785650,-0.1983374828340,0.0171967667194,0.7179346627063,0.3897050476604,0.7098693902146,0.1077834021297,0.3771926673502,0.1937171684564,0.3540702426023,0.5202326290997,0.3315450955544,-0.0490182771074,-0.1090543170605,0.2280805523227,0.5678587820735,0.1706578190862,0.5819795071077,0.0946452905500,0.2959741118678,0.2237496674899,0.1192325694294,0.5501464175407,0.2300990614005,0.3269656700653,0.1172331386089,0.2786777066169,0.1283563129674,0.1055131549089,0.3910999294731,0.3993431730199,0.4276709270505,0.2571181521840,0.0677426692034,0.3987640059669,0.4934564439866,0.3715661326800,-0.0088569760140,0.0095240067595,0.2190850719671,0.2263144939875,0.2997489356131,0.4240389186524,0.4080000476404,0.3532828106761,0.2641951158496,0.5658243302079,0.4114302207333,0.1627948821455,0.4787703891703,-0.3058372620241,-0.2341760946267,0.2706138680864,0.0573106550215,0.6347391482332,-0.1527725077187,0.0536660127209,0.4830390731150,-0.0765448765881,0.2387842596269,0.3381536800521,-0.1158527077662,0.3790894183088,0.2150292221214,-0.0627487201117,0.2707594364970,0.0374134859182,0.3333878147757,0.2136252751695,-0.3693437457697,-0.1757811776100,0.0559228750557,-0.0538151293021
0.1001227410695,0.2550797658474,0.0307597944936,0.2361525320124,-0.0525731174860,0.0309161003577,0.1591219569032,0.2346931868149,0.2097362307200,0.6179637359888,0.4980166505812,0.5413813235642,0.3127951984111,0.3965130770292,0.2781020934845,0.1745706547082,0.3169737281830,0.1088484296334,0.1943210301812,0.1300630622275,0.2697018092556,1.0000000000000,0.5639098171238,0.2882367131684,0.0393642085884,0.2634042276462,0.3578261307174,0.2544073806168,0.2756642494490,0.2147821148334,0.1542779661991,0.2649461432838,0.2867525797895,0.2232463084009,0.1272713490316,0.2609420044885,0.2482871895372,-0.0568137367682,-0.0109336893067,0.3310275072029,0.4213812569640,0.2110247166782,0.1991440798850,0.1165463490565,0.0488047815550,0.5349845545266,0.4455045046834,-0.0688761085753,0.1813050966628,0.2135978738327,0.0586282760007,0.1153791030308,0.1561595570420,-0.0270317050450,0.0426064041830,0.2036676077967,0.1589962497250,0.1156169869537,0.0089623856891,0.1892138720236,0.4506198663307,0.1493818969833,0.2790737966291,0.1296802833425,0.1185117609567,-0.0648661957089,-0.0092204938667,0.0887106139886,0.1809796317492,0.0083633978115,0.2688646396184,0.4368311765495,0.2353942933763,0.1139011312701,0.2168233647678,-0.1713877062754,0.2826049027293,0.0751069707901,0.1279057499350,0.0013570120723,-0.0990790030748,0.2545766421302,0.0329053806842,0.1276206250912,-0.0206256149760,-0.0266923024342,0.1773039957725,0.1584813731903,0.0166029424373,0.0111092609253,-0.0021983506067,0.3229306847379,0.1579522836991,0.1830392840598,0.2229435046563,-0.0519185297724,0.1273622909987,0.0703807230681,0.0849428235001,0.1441467932483
0.0173240136726,0.1331517443375,-0.0466001748491,0.1953400398760,-0.1076860446155,-0.0067231204616,0.0324045683594,0.0876518090556,0.2504310479774,0.2522037507687,0.5127275423088,0.7056609351920,0.2081104657871,0.0947818989275,0.3126986294639,0.1828392047034,0.3490860469612,0.2361656906962,0.1823142702933,0.3002483103622,0.3024649716309,0.5639098171238,1.0000000000000,0.2648684174652,0.2303082344317,0.3455933608614,0.5175471598319,0.0411317465573,0.1908687499496,-0.1188139671248,0.2524664213920,0.4765646486327,0.3710784740764,0.0281527729088,-0.0015988524686,0.1999538384606,0.3169055703712,0.0541368565699,0.0325388036812,0.4815204068809,0.1641488795802,0.1907731444912,0.3226332029052,0.2451639309216,0.1302478296842,0.5823506839221,0.3298584909144,-0.0701554758999,-0.1972863481879,0.1934685418633,-0.0537652062006,-0.1395624590704,0.0815494769623,-0.0687612427899,0.0289127997548,0.0910747363697,0.0096568053161,-0.0377508066965,-0.0571143306729,0.1934167786307,0.1752618477965,0.2024142073500,0.2779495991302,0.1304502651999,-0.1611141197251,0.0656493213027,-0.0210868377396,0.0709497464094,0.0617891433501,0.0742625821693,0.2634461610922,0.4431097129154,0.2068811254605,0.2192793480205,0.1935056999167,0.0217179018191,0.4212715939800,-0.1316826941397,-0.0891623412848,0.0817341868518,0.0292553528906,0.2911284475206,-0.3092391675980,0.2133069499790,-0.0094187096454,-0.1041095363184,0.2879964065262,0.0976112660976,0.2075716155458,-0.0094566711642,-0.0551159626462,0.3954158992997,0.1114027359604,-0.0745441553116,0.0624526850694,-0.0061097049162,-0.1599539535821,-0.3247490526803,-0.0714737154042,0.1789716550084
0.4001468968841,0.1305382549744,0.3740166406616,0.5854502922770,0.4104904413432,0.4862468563124,0.6135058373277,0.6983600434043,0.7497591624310,0.3446332973206,0.4700241146731,0.5301290027552,0.5368894748851,0.2167390472674,0.4481342822419,0.6428519643976,0.5401463255788,0.5574357676738,0.6197042738337,0.6435958146999,0.4315373863965,0.2882367131684,0.2648684174652,1.0000000000000,0.5939499976464,0.1920771365075,0.5156668256562,-0.0449841910206,-0.1161626498762,-0.1874004633475,0.5398789228651,0.0961822102634,0.3808479788611,0.1367150397446,0.5703715394673,0.4523554337066,0.4718106784538,0.4549180170693,0.4729637887501,0.0149543739095,0.0082323330184,0.1085193119737,0.4226891971018,0.2170831770394,0.2601359798269,0.1149251271993,0.1161796680594,0.4445843598481,0.1408335248824,0.2394618792588,0.4154739695687,0.3439220065267,0.4993905275567,0.4600200589515,0.4941376917313,0.4669714646593,0.5143892756788,0.5633660933598,0.5940857472400,0.6652003212424,0.1641311678089,0.4697063108607,0.4890936149652,0.4551924445119,0.1848293328612,0.2864632212002,0.5270507598726,0.5815374465023,0.6109963701508,0.6553615382528,0.4285213424537,0.2326135328095,0.8656816836035,0.6180845057069,0.3919832840977,-0.0638025321412,0.3310495959088,-0.2164688296773,-0.3295698369989,0.5154589890341,-0.3125972437723,0.3766583057179,-0.3574771501857,0.2730684900002,0.1410086369800,-0.2186487857003,0.4084260947639,0.5898448399201,0.0055138863718,0.2886856335948,0.4219313654134,0.0899796587483,0.1191508492406,-0.0300925174651,-0.0207825269831,0.5550029128942,-0.3832578482037,-0.1743582232581,0.0366897396638,0.0186209741295
