1.0000000000000,0.2366353690464,0.8287921838041,0.4941245927505,0.7604301655789,0.4892558086619,0.4993975794856,0.3529623068330,0.3860108534919,0.3980107558917,0.2491198562211,0.2935936450428,0.3291003501050,0.5283449316922,0.1311531465415,0.2158455057721,0.2102159558010,0.1335440082575,0.1030299654193,0.1865536346537,0.1220773464937,0.3043752757267,0.1920301153513,0.2389420972332,0.2084892251024,0.0761187101764,0.2349068222539,0.2391283314229,-0.1619036411538,0.0581627558100,0.0895770243399,0.2363656560700,0.2699147492465,0.3623817763995,0.2483011380444,0.1655104027063,0.1579623624360,0.0445196007836,0.0311436205214,0.1926400499752,0.3332862133352,0.2230362594960,0.0626756695705,0.0512201951191,0.1130543499020,0.1097337674454,0.2402450322171,0.2803047332706,0.4006930941053,0.1913491628183,0.6042130076854,0.3847665324794,0.3699015512995,0.5783974774274,0.3476002249610,0.5264488745611,0.2282988063338,0.2714178456256,0.2661437395914,0.4142948294932,0.1726046730315,0.1880743928126,0.0806571982808,0.1317940801024,0.3595873956897,-0.1384731352672,0.2618679130422,0.1895809941605,0.0548130585268,0.2061143495093,-0.0650184018959,0.0574422167604,0.2842320720200,0.1710750171558,-0.0722514975002,-0.3725829563537,0.0319940540851,-0.0118172096233,-0.3953588998700,-0.0425127691135,-0.1832156868676,-0.0636136440373,-0.3033349242948,-0.1345617824434,-0.1894336115150,0.2482662797296,0.0340583196323,0.3437630695433,-0.1316826928428,0.0245331616251,-0.0941346991912,0.0940531210458,0.0612932210490,-0.0789218191969,-0.1664836956955,0.2281795151635,0.0334022612663,-0.2018872354841,0.0415282798705,-0.0234044074569
0.2366353690464,1.0000000000000,0.3971778627130,0.4649108328381,0.1405461130288,0.1940708251805,0.1867782556665,-0.3263447097227,-0.0617235360482,0.5240863035609,-0.0522053760973,0.1860288093384,0.0950836456824,0.6324505132072,0.7531387380974,0.4303249980539,0.2001543949340,-0.0534313685643,0.3604652614110,-0.2381095431819,0.3476488853758,0.1411866752847,-0.0915226879630,0.3024951677606,-0.3995412347331,-0.3953119264254,-0.1850324761418,-0.0800488205854,0.1806871377906,0.5117258448803,0.3584617507410,-0.3514252784344,-0.2003853326483,-0.2363662852756,0.2233957714850,0.4837529318451,0.1669928354335,-0.5913245705792,0.2441691215831,-0.2006500043021,-0.0159695766056,0.2377947066125,0.4448947260848,-0.5735252140537,-0.1440212352493,-0.1954241962207,-0.3405428341014,-0.1280439782814,0.1808971088431,0.3565358458228,0.3647046013399,0.8298809563201,0.5099905775368,0.2863145833141,0.3113833831979,0.1267447102371,0.0615599449553,-0.2196652490623,-0.2467234975390,-0.1251826218307,0.5083213428005,0.1219016185498,0.4210449052643,-0.0235052705179,0.4775472004302,0.4277406649544,0.4797975436686,0.0002529658727,0.4266427815792,-0.3506332391759,0.4266770280566,0.1993798573910,0.0879141197681,-0.4245860479829,0.1732540452249,-0.2904778153603,-0.3977681159627,-0.2022360707320,0.2898420174582,0.3828986694423,-0.0325373888816,-0.3075405575728,0.3883801071421,0.4251541791282,-0.4031733581675,-0.3591997101462,0.1999894927931,0.4308753575469,0.3528664648839,-0.5225789474576,0.2359652399254,-0.3939682775511,-0.6289047245005,-0.0837782718690,-0.2590665588231,-0.1073236958070,0.3620028144206,0.1912016327429,-0.0656736845961,0.2852278542595
0.8287921838041,0.3971778627130,1.0000000000000,0.6706266745366,0.7391078467097,0.6986175272234,0.6717004475523,0.2711443797600,0.4194222101941,0.4862320034546,0.3007725884479,0.3479502192473,0.4380663087426,0.5268528376569,0.3995359637840,0.4156190549669,0.3347788263029,0.1942158611431,0.2686858034844,0.1805059224263,0.1486119511236,0.2648142182288,0.1631468590672,0.3848085788573,0.1098897109109,-0.0665332315707,0.2010466172098,0.1138123384189,-0.1706426157824,0.0689924961814,0.2331943320585,0.1393135271812,0.2764896197405,0.2489347928812,0.4502884568120,0.4081019538853,0.3038922154882,-0.0789000101909,0.2258204300682,0.1573506391516,0.2142655413143,0.3302656502062,0.2443168938844,-0.0548100508204,0.0474727480015,0.0699274710261,0.1138542793341,0.4308145009558,0.3019641375604,0.4357752756557,0.5894713910181,0.5599594620035,0.5937969441052,0.8049036156563,0.5685683718130,0.6266798328524,0.3192981750524,0.1854025857564,0.2143023740643,0.3872804121747,0.2549705553531,0.3093788231294,0.2352821460139,0.3019106919199,0.4388016477401,0.1635418550980,0.4021954378424,0.3184710217595,0.2316730069303,0.1387554868884,0.0179056677903,0.1189994267284,0.4032927727086,0.0593247325362,-0.0372571816372,-0.4205688055086,-0.0315024240066,-0.1062921585070,-0.3478641817120,0.1350736586583,-0.1538099493627,-0.0148014353030,-0.2329544639401,0.0096683026098,-0.3415466884721,0.0568974632679,0.1746351817134,0.4979179256541,-0.0689091444102,-0.0852226615393,0.1266315627726,0.0112823698447,-0.0679833641388,-0.1291929075756,-0.2474384450953,0.4352496696799,0.0174683395799,-0.1674202332648,0.0990998492225,0.0960597752961
0.4941245927505,0.4649108328381,0.6706266745366,1.0000000000000,0.6145741765931,0.6363306720400,0.8004730838872,0.2240367174694,0.4657329342975,0.5230707885033,0.3664657604795,0.3705355832564,0.5008132228609,0.5550321875679,0.6537680984847,0.7522527581139,0.5897412335246,0.3208836921284,0.5504824188991,0.2137765042451,0.2965254189160,0.2055496814681,0.1066523184004,0.5579468281807,0.0947089320452,-0.2060345971190,0.1045695254892,-0.0543100698631,-0.1400190910912,0.0282745244584,0.4673067014091,-0.0406717649753,0.2060402700761,0.0682349506448,0.5715457075598,0.6641793646255,0.2486324273521,-0.1668036538482,0.3086558097633,0.0539035663106,0.2135811264039,0.4752629179828,0.4812503944670,-0.1999585965242,-0.1064093575190,-0.0436380756790,-0.0996525202763,0.3163211242299,0.2622629717750,0.6430173299031,0.5279615882720,0.4524682597223,0.7957890718556,0.7125395104495,0.6509411632688,0.7728176442675,0.3536012916747,0.1778038451854,0.2576249066544,0.4191362677218,0.3513196168453,0.3751447346061,0.3339299021572,0.3230443171300,0.4030011859521,0.3986327349897,0.6629512381440,0.5079168501746,0.5462589459746,0.2165746225228,0.1800378751011,0.0909252381832,0.5377171461627,0.0238824735194,0.1192021897916,-0.4790326416285,-0.1332499477072,-0.1414044148177,-0.1864937975480,0.4641880106481,-0.1862385268070,-0.0677095430570,-0.1163271221255,0.1943440868177,-0.5128019135292,-0.1252072349177,0.1988013590477,0.5915287274717,0.0038274566016,-0.1992307438217,0.2533647275887,-0.1226438764736,-0.2191819652775,-0.1509453405461,-0.1953836609266,0.3360510712894,0.1053791797286,0.0372037428473,0.1868067870597,0.2223401540574
0.7604301655789,0.1405461130288,0.7391078467097,0.6145741765931,1.0000000000000,0.7788994867607,0.6214245354934,0.4113610096186,0.5328047303335,0.5075309324798,0.4034318580506,0.3758146531195,0.5321801812291,0.4924405762042,0.3029383306084,0.3854579042125,0.4463341561825,0.3576040554885,0.2542762391929,0.3406860839724,0.1580535638426,0.3638520430331,0.2116109306368,0.4727963727186,0.3184066578044,0.0615290251654,0.2899917392996,0.1564302197578,-0.2342401211039,-0.0402085877293,0.2833918715917,0.2672728986100,0.4013589339030,0.3884260380272,0.4690320390336,0.3090700245735,0.2577354326926,0.0954709109491,0.2284006684893,0.3220791462783,0.3962617905234,0.3495838719153,0.1840407175857,0.0702575102635,0.1302823942247,0.1605435290765,0.2788598471428,0.5453562760056,0.4833864027233,0.4372118221056,0.6084527234263,0.2168967509295,0.4382183508637,0.7645848135351,0.6409062600960,0.5784356382603,0.3852039623458,0.3147817144888,0.3866806015483,0.4897206958597,0.2510296332821,0.3559509315813,0.1683778754095,0.2848163631532,0.3566976423853,0.0481916113834,0.2936114755039,0.3999250578666,0.1799403504876,0.2882476919261,-0.0988997471615,0.1122648052253,0.4536372948982,0.2078040020943,-0.0762570725651,-0.3911316283484,0.0378225869879,-0.0127826595349,-0.4251667125648,0.1315913376113,-0.0587389013210,-0.0739655668791,-0.2501004055819,-0.1652670584743,-0.3621218813819,0.2829606849453,0.1178370881317,0.3407517572219,-0.1811736509849,0.0186081765540,0.0889281550584,0.1637008108762,0.0422130912125,0.0138727450559,-0.1356447911649,0.4581484195927,0.0287618834658,-0.0138016304559,0.2557547285791,0.0802436172614
0.4892558086619,0.1940708251805,0.6986175272234,0.6363306720400,0.7788994867607,1.0000000000000,0.7450972486817,0.3959128170579,0.5387740658744,0.5084822629308,0.3979706132553,0.3388538215441,0.5879561824884,0.3665967490072,0.4590084397893,0.4949375606455,0.5215209961198,0.4236464048295,0.4149561907275,0.2941139333390,0.0806154966005,0.2425148969482,0.0570309106666,0.5184515401732,0.1372965269827,-0.0240125137178,0.2150631267001,0.0427891351687,-0.1774696785007,0.0092324663389,0.3341342807197,0.1757973429531,0.3489230256065,0.2197809202773,0.5764490030199,0.5153568253836,0.3142135444450,0.0541630091801,0.4280202546690,0.2756842394656,0.2397321510832,0.4115772022634,0.2554647517445,0.0369347768860,0.0976270996484,0.0998524129499,0.1529328945199,0.6771178060528,0.3352710637115,0.5901833201304,0.4248616203731,0.2101606365133,0.5211434554920,0.9157728664812,0.8311994838673,0.6327624678658,0.4472421562358,0.3521288486471,0.3287877634994,0.4364474256724,0.2888330758572,0.3936794830424,0.2077898277547,0.3869035957340,0.3482060110566,0.2947221628843,0.3991244361246,0.5294111028868,0.3232729584594,0.2027894246277,-0.0821647197242,0.0981333644324,0.5039943162955,0.0748581542781,-0.0879840805461,-0.3424613131677,-0.0602575954302,-0.0152933233600,-0.2337484211466,0.2377429017371,-0.0702157212737,-0.0509983850288,-0.1448753216472,-0.0946865256911,-0.3398500121899,0.0767612246873,0.1775563334576,0.4394212811729,-0.1749545628160,0.0046843819404,0.3409152016536,0.1656309848991,0.0198165853101,-0.0030854630744,-0.1046410078922,0.6480072402524,0.0045815126228,0.0960896668170,0.3490033362689,0.1086534157901
0.4993975794856,0.1867782556665,0.6717004475523,0.8004730838872,0.6214245354934,0.7450972486817,1.0000000000000,0.4456358797687,0.5368067502759,0.3184356102673,0.3226321022184,0.2246709047425,0.5034343638599,0.3181480524500,0.3559668394831,0.5923077609498,0.4480208917162,0.2886061690866,0.3955037789152,0.2018625541497,0.0347814684142,0.1403329796141,0.0093218521918,0.3971554626217,0.1978637380521,-0.1423064813732,0.0384537130324,-0.0670271744364,-0.1212354080513,-0.0982266080988,0.2630807449665,0.0178734094346,0.2074081592513,0.0757886474251,0.6128501035807,0.5806059718233,0.1374559865808,0.0185179917622,0.3172068363152,0.0137040097566,0.2412742702870,0.3076090522533,0.2483694439305,-0.0450463674891,-0.1018037147861,-0.0574305404005,-0.0345996299759,0.4343972116672,0.1510947985976,0.5172382504206,0.3106689288144,0.2612350621351,0.5652140971148,0.7968780939770,0.6334289173213,0.9386244141691,0.4572575207884,0.4467018081832,0.4191470359061,0.5793935781529,0.1483485039276,0.2061557077345,0.1603725759655,0.4500320027867,0.2193055396171,0.2513807759954,0.5723996518311,0.5347993878700,0.4623518953868,0.3776398119448,-0.0245694831517,-0.1873049425706,0.5304769245136,0.1962634594017,0.0450915443736,-0.4872766610255,-0.1151498520695,-0.1992183552142,-0.2814084985476,0.2587726463942,-0.3914794265845,0.0324586350921,-0.3269901719779,0.0370238002644,-0.2773000951914,-0.0973018910365,0.0958691289223,0.6290180342701,-0.1504851795810,0.0061591275834,0.2294193767900,-0.0528423854401,-0.0002054385697,-0.2799161586581,-0.1446074070645,0.4396338119000,-0.0316433186793,-0.1024805817008,0.1159498471455,0.0160207397020
0.3529623068330,-0.3263447097227,0.2711443797600,0.2240367174694,0.4113610096186,0.3959128170579,0.4456358797687,1.0000000000000,0.7123453154456,0.0546073876001,0.4897016957543,0.3479522169034,0.5283749008799,0.0253396738606,-0.2548618445302,0.1273428666528,0.3834050775647,0.6062360957238,0.0652284596835,0.6229016384281,-0.1284639931809,0.3515903301892,0.2876661736988,0.0634632051069,0.6252036755705,0.4614445948391,0.3838917657289,0.3540633476690,0.0684393853453,-0.0442852832377,-0.0407939549826,0.5436583923539,0.5733219131627,0.3561459663142,0.2322643815494,-0.0755102625482,0.0096699640173,0.6291626518311,-0.0659211794847,0.3485841696175,0.5266689481749,0.2847376264463,-0.2845443180186,0.5592428512749,0.4135316340103,0.2458503622861,0.5279786106615,0.4133960934601,0.2771736604909,0.2347590722294,0.0029241141695,-0.3586386689021,-0.0209500342566,0.3573105002091,0.2250752319495,0.5028410775607,0.4663534282719,0.7576228545643,0.7832505844132,0.7244461199865,-0.3121598193058,0.2040994401408,-0.1873576013124,0.3323562991962,-0.0704117913492,-0.3716189212414,0.0098520648647,0.5334760858239,-0.0602095854628,0.6729953883233,-0.4200039397991,-0.1883728750830,0.4122916738206,0.6883459308018,-0.1854386958168,-0.1000084076362,0.3488142517980,0.0665884543006,-0.3161657011137,-0.0909352675789,-0.2829912446232,0.1432438657035,-0.4560050091992,-0.5623912046633,0.2170649655542,0.2695015172552,-0.1980156222824,0.0524345734133,-0.5604211187613,0.5448657897355,-0.1711588320534,0.2739007416230,0.5725710285343,0.0664627746275,-0.0622414820518,0.3685290630873,-0.2301928368860,-0.1360395462203,0.1196135842744,-0.2769398583258
0.3860108534919,-0.0617235360482,0.4194222101941,0.4657329342975,0.5328047303335,0.5387740658744,0.5368067502759,0.7123453154456,1.0000000000000,0.3415251090035,0.6606958674066,0.5379479582632,0.6716199435094,0.2797390918532,0.1620714234856,0.5278900666277,0.6710864286092,0.7547572322933,0.5646968469218,0.6355257230806,0.1080470252110,0.3401709386352,0.3666478405773,0.5281923505167,0.6588138476801,0.2934764509097,0.4366510604165,0.2929414656396,-0.0463201863760,0.0603229284206,0.4376643050286,0.4380267648690,0.5424859780156,0.3212279226283,0.4671252078201,0.3028446213021,0.2647825852807,0.3861013349092,0.2336847372326,0.3862245796128,0.4786544459403,0.5213372474242,0.1008833519779,0.3671464274717,0.2598931741860,0.1925824239796,0.3907913433526,0.5530898898527,0.2796571165619,0.5402552828534,0.2276720161254,-0.1422409964768,0.3150034699864,0.5424368698259,0.4838346209195,0.5418844769154,0.6140352488703,0.5151350287440,0.7401754428366,0.8687903221766,0.0091124805676,0.5080722719578,0.1367616839712,0.3896250633538,0.1746736218490,0.0418361216764,0.3048826756191,0.6335400173457,0.3430769000034,0.5515722103970,-0.1023992881244,0.1213377277474,0.7381967341378,0.5382597747011,0.0035074539020,-0.1166852431040,0.2440826974644,0.0398333745943,-0.3179104164727,0.2847033939798,-0.1880359631105,0.0122513910316,-0.3401254891362,-0.2114044147255,-0.0471619413624,0.0910534433643,0.0561759660760,0.3636327713448,-0.3148667384448,0.2467629602125,0.1159123501921,0.1973032100084,0.3104896595791,0.0830014201035,-0.2032749929205,0.5410423033992,-0.2195687407923,-0.0228732753568,0.3035270591670,0.0341051878814
0.3980107558917,0.5240863035609,0.4862320034546,0.5230707885033,0.5075309324798,0.5084822629308,0.3184356102673,0.0546073876001,0.3415251090035,1.0000000000000,0.4205918470228,0.6834918391009,0.5198309409741,0.6890927256768,0.6889656567218,0.4540465971784,0.5779531910429,0.2889038822953,0.4257753558101,0.2809744723670,0.6085113366371,0.4671809741449,0.3667300497677,0.6688922136776,0.0823893791925,0.1042471316742,0.4615996308710,0.2795353064606,0.0101074060778,0.3992594438104,0.5601118623063,0.2407799200721,0.3474657265409,0.3533130323319,0.4061886589793,0.4835394641751,0.5359141160713,-0.1676727500273,0.3612304469622,0.3783194059400,0.2765479205857,0.5226471093125,0.4674211247422,-0.1798139882951,0.2033061509239,0.2390648722466,0.1541410779533,0.2711229692899,0.3827523522158,0.6301566934911,0.5115823656210,0.4029580520625,0.4844208307214,0.5213561587316,0.5379057868157,0.2495253543547,0.1807828367069,-0.1089659842978,-0.0526278813353,0.1147246766025,0.6738533113606,0.6210715691649,0.5011537261307,0.0247239152269,0.5877816831531,0.4037719586808,0.4140485471981,0.2208880247287,0.2405347569501,-0.1239810756776,0.3404152561977,0.5795722273884,0.3498501527218,-0.0935677316544,0.0684932499644,-0.1805971860082,-0.0703336318656,0.0710446394156,-0.0505532608442,0.3896679413126,0.1520592497830,-0.3840903002692,0.2006434099931,0.1502175349741,-0.5822273401500,0.1503194241308,0.3720230800924,0.5070132469295,0.1626582126247,-0.2437904014850,0.3218125198781,0.0536950056034,-0.2939866415675,0.2382944135898,-0.3403151758054,0.2548011189556,0.1145627740428,0.2602465701862,0.4141308545091,0.5416419111602
0.2491198562211,-0.0522053760973,0.3007725884479,0.3664657604795,0.4034318580506,0.3979706132553,0.3226321022184,0.4897016957543,0.6606958674066,0.4205918470228,1.0000000000000,0.7457355827048,0.5850145738421,0.1534289049242,0.1770028033366,0.3403827918330,0.5424420167276,0.6501819280176,0.3419786272869,0.6209043770740,0.3228593480824,0.4011654483194,0.7008859714445,0.5357386872694,0.6169713275192,0.4249883616244,0.6232080042161,0.3345012290664,0.0911162480211,0.0201668379811,0.4221086311516,0.5140957392885,0.6412785343062,0.3081848156981,0.4902632530005,0.1494666153296,0.5160794207643,0.3747886859539,0.3166352060606,0.4355891826838,0.4582695752843,0.5363863356064,0.1498199547027,0.3427055248202,0.3301060071578,0.3306380837566,0.4039715319303,0.5548369930163,0.2462875291608,0.5443893874799,0.1321269403835,-0.1793621715116,0.2334419459485,0.3974806245071,0.2765232868275,0.2834408409380,0.4685030853028,0.2637646356696,0.5065308181048,0.5408417680546,0.0409162471140,0.6955666199008,0.2981786007687,0.3144210738735,0.0497709837293,0.0700512937991,0.0828091899495,0.4932128555614,0.1328129066767,0.4237832576084,0.0413829756907,0.3878790783405,0.7222060276225,0.5441773637203,0.0757495372125,0.0233434201845,0.5266999896589,0.0840802900608,-0.2761174655909,0.3472561120878,-0.0120807444543,0.1163500252668,-0.2930863531404,-0.1299110767283,-0.1162019086395,0.1473119454411,0.3858077224492,0.2882471288413,-0.1150604148999,0.2834066538402,0.2462094838508,0.1701637840580,0.2405342921733,0.2107819295504,-0.2908719838580,0.4649994823245,-0.2561701436432,-0.0371883080227,0.2960703965147,0.2312046346488
0.2935936450428,0.1860288093384,0.3479502192473,0.3705355832564,0.3758146531195,0.3388538215441,0.2246709047425,0.3479522169034,0.5379479582632,0.6834918391009,0.7457355827048,1.0000000000000,0.6682387840022,0.3754157352127,0.3474320582131,0.3129890504941,0.6386607631489,0.5205572060935,0.3470744215994,0.5512588970313,0.5363513858763,0.4647384039648,0.7281131120497,0.5535678711218,0.4570911029538,0.4060905899678,0.6865057852210,0.4240854427062,0.1302015856780,0.2354154524477,0.4609034933073,0.4898779993997,0.6143628934218,0.4186104112035,0.3984777954595,0.2031382031318,0.4990230805518,0.1911519864105,0.1884512256316,0.4502631804208,0.3412047000721,0.5193170974322,0.2113949601708,0.1746364737941,0.3320594238592,0.3510567743283,0.3623691608260,0.3756046945841,0.3055761362479,0.5637922116551,0.2736721080508,0.0219138457625,0.3286978017675,0.3747788639682,0.2756988163153,0.1869903999215,0.4148458866292,0.0789303634613,0.2603277666302,0.3472452946357,0.3020551107781,0.8072026063125,0.5338399208590,0.2812749527523,0.2913855806908,0.1418050977464,0.1289207596063,0.4376411977517,0.1127485670940,0.2277118474411,0.3074591498990,0.5762672170299,0.5651298880926,0.3480734949434,0.1159443845369,-0.0019425176067,0.3554285422029,0.0787018605176,-0.1946126221788,0.3807141665526,0.0511706304824,-0.0901701486357,-0.1431142710109,-0.0756638696564,-0.3085230469476,0.1613831290541,0.3465538937010,0.3102965526102,-0.0354264974622,0.0879839019416,0.1441960048368,0.0702589135881,0.0386669088348,0.2074606494416,-0.4425309036352,0.3469005599966,-0.1873526664898,0.0342871491546,0.2981064588765,0.4246173096199
0.3291003501050,0.0950836456824,0.4380663087426,0.5008132228609,0.5321801812291,0.5879561824884,0.5034343638599,0.5283749008799,0.6716199435094,0.5198309409741,0.5850145738421,0.6682387840022,1.0000000000000,0.3075934813597,0.3374571100197,0.4551816584948,0.7446111510987,0.6009540150225,0.3791366107919,0.6127272455201,0.2973952616932,0.3585971741645,0.3387959094571,0.6122740290136,0.5196506922016,0.1820165352531,0.5038949033728,0.2568124978896,-0.1131206031049,0.1173446374645,0.5002711038156,0.3976958074443,0.6418119666602,0.3962385148402,0.4219868672475,0.3300015326017,0.3978316491738,0.2343921483673,0.2785145564628,0.3851472253353,0.3288725383193,0.4790441696006,0.2934851664622,0.2034441614915,0.2885049082160,0.2483772877744,0.3385592388793,0.4807217382682,0.3297110809320,0.5720968172688,0.2699862441701,0.0339754160524,0.3891453303024,0.5300300229769,0.4816329071941,0.4192849788126,0.6454273983145,0.2662763106932,0.3809138310921,0.5066486310351,0.1766145339961,0.5497195894364,0.4092818557301,0.6148168148335,0.2453089596597,0.1706261270006,0.2778002827379,0.6069053332382,0.2028847649737,0.4230984479120,0.0123449653637,0.1719920615496,0.5585133244039,0.3846478386959,-0.0367091825425,-0.2450456706373,0.1555632794563,0.0067639849692,-0.3139219666664,0.3319851640723,-0.0690800953494,-0.0674528993037,-0.1578397280470,-0.1581380514197,-0.3534309153057,0.1233811808305,0.1906437197285,0.3232832150361,-0.2268411255755,0.1030530923766,0.1818471821792,0.1299822128445,0.1049675423177,0.1050924851975,-0.2655660560270,0.4199604064985,-0.1808544065466,0.0869305810053,0.2824282688909,0.0870888810882
0.5283449316922,0.6324505132072,0.5268528376569,0.5550321875679,0.4924405762042,0.3665967490072,0.3181480524500,0.0253396738606,0.2797390918532,0.6890927256768,0.1534289049242,0.3754157352127,0.3075934813597,1.0000000000000,0.6689417495719,0.4888374877525,0.4207598009699,0.1563522598058,0.4194143924592,0.1108811760679,0.4338080384887,0.4019766522689,0.1083240486301,0.4634849336277,-0.0455556959601,-0.1073016444224,0.1561429970650,0.2055536292341,0.0120651145116,0.5081425521615,0.4253414579175,-0.0078526906307,0.1077635238090,0.1776762854984,0.3739875976987,0.4665383723004,0.2745760490216,-0.3041834748039,0.2392505250828,0.1946995119021,0.3465992083136,0.4701417084354,0.4086680562664,-0.3421412246949,0.0324153099909,0.0912907658250,0.0329726736886,0.0685966484759,0.5345388827814,0.5004533795820,0.5589423843951,0.5166847557917,0.4549487283268,0.4474007076140,0.4353080853252,0.2913923597875,0.2178232839687,-0.0189169023305,0.0619248826912,0.2060534421620,0.4277325186655,0.2883258754530,0.3020574573978,-0.0462987597526,0.6555863034329,0.3160873525311,0.4899099668739,0.1582655017881,0.4273049552418,-0.0431612812273,0.2884186026377,0.3027657155472,0.2633945449818,-0.1120395752815,0.2231676633623,-0.3886677619654,-0.2198114879776,-0.0313256404501,-0.0421791164790,0.3628173627336,-0.0278940998611,-0.3024288412432,0.1626244935345,0.2619392198897,-0.4579003021465,0.0043037416404,0.1776348529825,0.4721791870129,0.1533061110234,-0.3026310231893,0.1707666483781,-0.0584690493995,-0.4051172858763,0.0085936441981,-0.2527489362793,0.0935442931570,0.2505312014930,0.0590033972070,0.1105643893670,0.3075481670989
0.1311531465415,0.7531387380974,0.3995359637840,0.6537680984847,0.3029383306084,0.4590084397893,0.3559668394831,-0.2548618445302,0.1620714234856,0.6889656567218,0.1770028033366,0.3474320582131,0.3374571100197,0.6689417495719,1.0000000000000,0.6232990990138,0.4908489364731,0.1535754461033,0.5484175388284,-0.0099263472424,0.4524841230258,0.1143380434264,0.0082190497015,0.6156831603643,-0.2485214716175,-0.3266977550907,0.0377179380711,-0.0645837741593,-0.0343207666316,0.3485969158302,0.5742629717395,-0.2047486332564,0.0092016351472,-0.0594920021726,0.4787046175061,0.6994676968433,0.3772829892083,-0.4831577120909,0.4862973838882,0.0665641625071,-0.0159147021052,0.4688029386857,0.6661369737695,-0.4764948012568,-0.0901309681277,-0.0569296738583,-0.2394820518115,0.1967737550199,0.2369074149178,0.7230125008926,0.4088946461970,0.5724650966193,0.6306768037341,0.4801513472511,0.5981008802787,0.2483438743994,0.1700095037886,-0.2449697510213,-0.1734826468386,-0.0094094794750,0.5920610544460,0.3853681260148,0.5018715679072,0.0825899050982,0.5864012723219,0.7148521703568,0.5865285275040,0.2061744597903,0.5232327147922,-0.2612936809348,0.3890534195637,0.3668048125243,0.2881145976697,-0.3681854333225,0.1480214415566,-0.3549046978048,-0.3420331091300,-0.0994294432742,0.1351490477573,0.5438479730338,0.0618785623740,-0.3195498249893,0.3604830152827,0.4431004291023,-0.6480491425830,-0.2446915121491,0.3293083981185,0.5362794863466,0.3039182610640,-0.4770274713610,0.4744393467429,-0.2016014967550,-0.5715935488980,0.0195794847166,-0.2562088484332,0.2201409489286,0.2874370989870,0.3053439347551,0.2457711115947,0.4743092318240
0.2158455057721,0.4303249980539,0.4156190549669,0.7522527581139,0.3854579042125,0.4949375606455,0.5923077609498,0.1273428666528,0.5278900666277,0.4540465971784,0.3403827918330,0.3129890504941,0.4551816584948,0.4888374877525,0.6232990990138,1.0000000000000,0.7020789784993,0.5036034636625,0.8352996387912,0.2425325868210,0.3000354733619,0.1560129617824,0.0353469693021,0.6111351328149,0.1211698476422,-0.2209907376099,0.0279203335559,-0.0633401159849,-0.0237318924556,0.2059898044881,0.7188936645254,-0.0345420985131,0.1852417485474,-0.0350736745047,0.5985228642147,0.8459269637516,0.2919164352733,-0.1808581909425,0.4871450005615,0.0706298229477,0.2245859799137,0.5556144203181,0.6566701055731,-0.1583564990989,-0.0232118851441,-0.0746314394674,-0.0514760495232,0.2982205277788,0.1978691842719,0.5897121256097,0.3932527088305,0.3766748617743,0.6799509255706,0.5085244968555,0.5955525291484,0.5534038736584,0.2973720437101,0.0012968780147,0.2304956441949,0.3796499513828,0.3319400224346,0.3296500217291,0.2839508971629,0.2378668856955,0.3592579936491,0.5018332762999,0.8250191767908,0.5063485904291,0.7508600088891,0.0954458354826,0.1830410382704,0.1299716952785,0.5255569845378,-0.0959677448778,0.2210583010380,-0.3096501345071,-0.1648598696335,-0.0629654434990,0.0456644743049,0.6756199677917,-0.0762798687130,-0.1352762256367,0.0964076824765,0.3648160083083,-0.4144047187222,-0.2442050245351,0.1747090320537,0.6539744994904,0.1131002968792,-0.2614087400889,0.4105648498436,-0.1056530372474,-0.2203670388475,-0.0143969014098,-0.1409804282785,0.3247425148610,0.1178464806884,0.1937535151953,0.2598320595679,0.2197989281915
0.2102159558010,0.2001543949340,0.3347788263029,0.5897412335246,0.4463341561825,0.5215209961198,0.4480208917162,0.3834050775647,0.6710864286092,0.5779531910429,0.5424420167276,0.6386607631489,0.7446111510987,0.4207598009699,0.4908489364731,0.7020789784993,1.0000000000000,0.7183423437534,0.6445437574946,0.5783788039983,0.4620203720674,0.3821256804610,0.3450108772564,0.7386950662143,0.4087115292932,0.1050154359108,0.4154991103659,0.2056080366907,-0.0437288482494,0.1703188367844,0.7410992615382,0.3031491073684,0.5441552723777,0.2547708192709,0.4952829562671,0.5521419885884,0.4187401722940,0.1592257993931,0.3450957376362,0.3309847733062,0.3159981043890,0.5518783176277,0.4625972115050,0.0845043825038,0.1842049073046,0.1888822753828,0.2431552859176,0.4099233727013,0.3063472204361,0.6432684510167,0.3511263759736,0.0825307941857,0.5184745930789,0.4855683496644,0.5635907105055,0.3950144500709,0.4497379419088,0.1376926003295,0.3518265328178,0.4224989068980,0.2992414659184,0.5497098437448,0.3791594605085,0.3165895636380,0.3209487933965,0.3300399084659,0.5063930910187,0.6813370715787,0.4399827642482,0.3267668420656,0.2127598506204,0.3154006279710,0.6160635776536,0.1822698319590,0.1467880155047,-0.1653149802986,0.0735870753161,0.0703913152175,-0.1007395632387,0.6297017443689,0.0649090893215,-0.1178325866554,-0.0163029075947,0.0374962729760,-0.4284457050185,0.0138471652471,0.2028201594658,0.4187809376282,-0.1034621810236,-0.0565904043682,0.2801791250853,0.0675653333481,-0.0295018331836,0.1717626847047,-0.1862532152066,0.4127465280615,-0.0393275321594,0.2370243400546,0.3867494182744,0.2970201523268
0.1335440082575,-0.0534313685643,0.1942158611431,0.3208836921284,0.3576040554885,0.4236464048295,0.2886061690866,0.6062360957238,0.7547572322933,0.2889038822953,0.6501819280176,0.5205572060935,0.6009540150225,0.1563522598058,0.1535754461033,0.5036034636625,0.7183423437534,1.0000000000000,0.4775414469487,0.6562156600764,0.0862641710483,0.3087461610086,0.3978579744855,0.4964043762055,0.5849306612850,0.3499498178638,0.4406828181897,0.2809431437903,0.0896572248163,0.1223682658494,0.5498335855696,0.4845792357117,0.5818710745373,0.2517596637252,0.3844806355819,0.1925365658580,0.3359985408769,0.3908284287727,0.3208730569725,0.4217292135586,0.4851847898079,0.5685329146504,0.1089068897173,0.4226362502325,0.3659704960748,0.1981686256111,0.4439947908605,0.5308918241647,0.2393121422383,0.4839842451300,0.1611116043916,-0.2004950545495,0.2959765530695,0.3486306048959,0.4013957755486,0.2828909346229,0.5096946999356,0.3784379814274,0.6494606590064,0.5480890820059,-0.0486955227596,0.5292758309214,0.1020759714008,0.2808494177789,0.0973677112546,0.0681646595593,0.2443735247934,0.6518873007181,0.2285573729788,0.4344663954560,-0.1600120422464,0.2065441816214,0.6403318330327,0.4035338462206,-0.0049914052390,0.1211661948066,0.3211058466749,0.1217158020336,-0.0628282479617,0.4704607488003,0.0321574240661,0.0126847648707,-0.1397631105522,-0.2217552955033,-0.0028162251426,0.1014141646480,0.0975802006011,0.1916137969012,-0.2760489034616,0.2503370524915,0.2429861896582,0.2004406574688,0.3267676222224,0.2668458002206,-0.1497050189577,0.5014968918068,-0.1856233993981,0.1554444507767,0.3938749621815,0.0709398915091
0.1030299654193,0.3604652614110,0.2686858034844,0.5504824188991,0.2542762391929,0.4149561907275,0.3955037789152,0.0652284596835,0.5646968469218,0.4257753558101,0.3419786272869,0.3470744215994,0.3791366107919,0.4194143924592,0.5484175388284,0.8352996387912,0.6445437574946,0.4775414469487,1.0000000000000,0.2155695215822,0.3110340095047,0.1492460862172,0.0656824995782,0.6206388287771,0.0769310629476,-0.1347773239270,0.0770982764724,-0.0622200066576,-0.0684349312594,0.1885044130315,0.7092441628626,-0.0524726822601,0.0915515437273,-0.0544819603886,0.4899764926806,0.7508868948810,0.3007958419499,-0.1637564921224,0.3978725103179,0.1079149378014,0.1143214338773,0.4834427258060,0.5199929147437,-0.1638728246653,-0.0888187527762,-0.0513624210274,-0.0776247267289,0.2491048854694,0.1336229973601,0.5255628888486,0.3216604541930,0.2515711018503,0.5421585853326,0.4208960244129,0.5550520199952,0.3677958746358,0.2674229393035,-0.0218573932459,0.1991404825450,0.3710660451767,0.3803564687150,0.3884519490955,0.3560022921408,0.1960797179130,0.3907942435348,0.4679710745383,0.6432809458662,0.4618492599898,0.7939429275282,0.0480784741447,0.3130708713211,0.2808004207661,0.5438479304906,-0.0891656653809,0.2651900790597,-0.1353627269721,-0.1160165055155,0.0003526282214,0.1063372831964,0.6173132625675,0.0363010377270,-0.1422539171672,0.1495398786695,0.3408305434840,-0.3295318304746,-0.1711352149243,0.2396071788615,0.5439639785930,0.1190617913607,-0.2613289565666,0.3804472283469,0.0194188940126,-0.2076527481254,0.0570978323042,-0.0887164641175,0.3226963825178,0.0683674195336,0.2177664345220,0.2920185980533,0.3076441478074
0.1865536346537,-0.2381095431819,0.1805059224263,0.2137765042451,0.3406860839724,0.2941139333390,0.2018625541497,0.6229016384281,0.6355257230806,0.2809744723670,0.6209043770740,0.5512588970313,0.6127272455201,0.1108811760679,-0.0099263472424,0.2425325868210,0.5783788039983,0.6562156600764,0.2155695215822,1.0000000000000,0.2755716104243,0.3791193157516,0.5862330133762,0.4446413464352,0.7271177691899,0.6005968711920,0.7504555081358,0.5557108834933,-0.0118305633233,0.1029630284730,0.4104665922050,0.7446149216913,0.8195873278408,0.6346538520618,0.2984976677881,0.0505658629904,0.3997575285505,0.6206395323136,0.1720057392116,0.6290151185674,0.4181745377651,0.4404680261576,0.1356887932229,0.5515667527379,0.6545103917546,0.5135379881784,0.6742479728892,0.4336871466300,0.3060753173694,0.3420099236889,0.0902424555726,-0.3421111839172,0.0991142440848,0.2638357072661,0.1761102961547,0.1814492319936,0.3890008504091,0.2298009457593,0.4540236855907,0.4562710050189,-0.1689232430466,0.4678549475355,-0.0381607657755,0.1263126028553,0.0396382851063,-0.0380406089811,0.0460940412759,0.3441158757402,-0.0728711986257,0.5998611782183,-0.2588824782082,0.2607751191689,0.4884477069304,0.6060824451610,-0.0455894766266,0.0752658105291,0.5426628641656,0.2505426855980,-0.3207472396944,0.1786858362600,0.1698532289598,0.0806550962628,-0.1948781771488,-0.2301897784192,-0.0149446447328,0.4169779520672,0.1268675484267,0.0975262138982,-0.2479435266920,0.4867741472351,0.0529799900513,0.3488049028569,0.4240976990388,0.4215765168397,-0.2050101754136,0.3644262067968,-0.2859035163689,0.0211175918119,0.2930441783600,0.0436444169158
0.1220773464937,0.3476488853758,0.1486119511236,0.2965254189160,0.1580535638426,0.0806154966005,0.0347814684142,-0.1284639931809,0.1080470252110,0.6085113366371,0.3228593480824,0.5363513858763,0.2973952616932,0.4338080384887,0.4524841230258,0.3000354733619,0.4620203720674,0.0862641710483,0.3110340095047,0.2755716104243,1.0000000000000,0.4064236913581,0.5022190208799,0.5545278823558,0.2148187518395,0.0935352484221,0.4428156835895,0.2581199309079,0.0468621634611,0.2755278269193,0.6078694884471,0.2386070370872,0.3996807260222,0.2301114864691,0.2958697810187,0.3156440368268,0.6252556971449,-0.0224789617078,0.2845294857717,0.2030491023902,0.0125192579299,0.2776926534113,0.6264494139232,-0.1872772012740,0.1786974084692,0.3403272787364,0.1568728293535,-0.0355721751802,0.2283570456780,0.3806777197011,0.2108924369899,0.2176154449843,0.2044001202699,0.1386753009326,0.0284361800769,-0.0351561452423,-0.0213936047548,-0.3744980968149,-0.1520720680466,-0.0486766621288,0.3490348923892,0.3831681918819,0.3466446651843,-0.1916441493223,0.2559534651728,0.2926731774002,0.2104020105774,-0.0381310841333,0.1546714717979,-0.0609807588292,0.4497545083665,0.5615538750958,0.2665959548966,0.0466905974551,0.3545562548729,-0.1461116207938,0.1767916763983,0.0518065524285,-0.0544981880314,0.4048985696205,0.3026727019787,-0.0939222180372,0.1618456602269,0.3788904666634,-0.4612013042723,0.1208482626160,0.5512361849120,0.3546452102842,0.4703869821472,-0.1584611537897,0.2354258499666,-0.1191964070686,-0.3258250525892,0.2526577059620,-0.1795137082764,-0.1095513272853,-0.0153152635589,0.0727444878912,0.0514871273758,0.5535087442047
0.3043752757267,0.1411866752847,0.2648142182288,0.2055496814681,0.3638520430331,0.2425148969482,0.1403329796141,0.3515903301892,0.3401709386352,0.4671809741449,0.4011654483194,0.4647384039648,0.3585971741645,0.4019766522689,0.1143380434264,0.1560129617824,0.3821256804610,0.3087461610086,0.1492460862172,0.3791193157516,0.4064236913581,1.0000000000000,0.4976884041575,0.3177588322756,0.3411367927032,0.2824011861343,0.3991017103711,0.3382961439111,0.2305030505815,0.3219266188586,0.2736787445591,0.3550966774756,0.4418868446770,0.2420876234065,0.1762673417715,0.0510969225599,0.2607964612134,0.2427980381346,0.0165305538164,0.3035265811392,0.5636685034699,0.2653821832637,0.0604944776598,0.0620878389745,0.2297204312289,0.5175857061927,0.3866536257692,0.1072484706835,0.5508802110875,0.2480768955075,0.1656647709765,0.0656904391861,0.0173013661628,0.2822052486386,0.1653360206654,0.1003885357448,0.2026919552250,0.1765775813129,0.2814996522701,0.3021285958409,0.1579155928269,0.2833390322108,0.1939363167853,0.0177890597839,0.1480431097602,-0.0978915683838,0.0631760796890,0.1977207429567,0.1000167671527,0.3164457737173,0.0875985779346,0.3892995500976,0.3034557241693,0.3647538732694,0.1458740019771,-0.0582011877848,0.2621389358715,0.0923938032920,-0.0638191491925,0.1808192108827,0.0789190931458,0.0786280142077,-0.0571886456254,-0.1025718848444,-0.0851261121752,0.1848493923918,0.1474424371117,0.1136438323266,-0.0931745843783,0.1312026937101,-0.0108801988916,0.1050060940636,0.0162469144827,0.2349820674645,-0.0076835455180,0.0799533128274,0.0279295212251,0.0777165996403,0.0583991262945,0.1786213608498
0.1920301153513,-0.0915226879630,0.1631468590672,0.1066523184004,0.2116109306368,0.0570309106666,0.0093218521918,0.2876661736988,0.3666478405773,0.3667300497677,0.7008859714445,0.7281131120497,0.3387959094571,0.1083240486301,0.0082190497015,0.0353469693021,0.3450108772564,0.3978579744855,0.0656824995782,0.5862330133762,0.5022190208799,0.4976884041575,1.0000000000000,0.3712624795846,0.5862656859027,0.6250622994176,0.7228863710034,0.5123791957668,0.1648387646396,0.0522234500478,0.3135234847137,0.6622015909842,0.6595761125770,0.4545979524339,0.2516106127331,-0.1051210284799,0.4936641011381,0.4125299822318,0.0808355419758,0.4376625748516,0.3781398496346,0.3498759766109,0.0571300050751,0.3380599957795,0.3871205144280,0.5656259617578,0.5163549267952,0.2575121067231,0.1910231108567,0.2670497358792,0.0829671034578,-0.2121468488345,0.0150172840608,0.1367494286911,-0.0704904568775,-0.0167486778902,0.2023283183808,-0.0056562414293,0.2484313372427,0.2523933640009,-0.0496035640207,0.5982154282717,0.2131409631222,-0.0041006600096,0.0057363543144,-0.0649931158409,-0.1354659641701,0.1459076772987,-0.1370611527239,0.3479893133696,0.1249768042284,0.5748120603518,0.4600622172137,0.5174043726278,0.1478481451366,0.2291219053222,0.6532854073560,0.1535320539778,-0.2868743099545,0.2125589200878,0.1901756741309,0.1727338978154,-0.2657243991619,-0.0968758507609,-0.0675076971701,0.3100664870145,0.3910772944504,0.1021508891005,0.0324093622447,0.3370774432317,0.0440988158346,0.1509528922434,0.2206209842981,0.2963895133316,-0.3073703530245,0.1815822575567,-0.3124718855516,-0.1656259976429,0.1376000711970,0.3540558278140
0.2389420972332,0.3024951677606,0.3848085788573,0.5579468281807,0.4727963727186,0.5184515401732,0.3971554626217,0.0634632051069,0.5281923505167,0.6688922136776,0.5357386872694,0.5535678711218,0.6122740290136,0.4634849336277,0.6156831603643,0.6111351328149,0.7386950662143,0.4964043762055,0.6206388287771,0.4446413464352,0.5545278823558,0.3177588322756,0.3712624795846,1.0000000000000,0.3281462804737,0.0132590773404,0.4612668756733,0.1665901545455,-0.0803217553500,0.1718122842258,0.8101401199313,0.1782196907699,0.3759494674967,0.2424965409471,0.5874679084404,0.5807172710637,0.6482228353665,-0.0130176912945,0.5314865156456,0.3625428705506,0.2269677845882,0.4818481296281,0.5978772211728,-0.0863106698137,0.0801056318376,0.2547021873797,0.1154603330991,0.4337254209945,0.3399405528073,0.5987079693444,0.4643248318582,0.2426018562058,0.5242390342831,0.4824510281169,0.5538980725909,0.2910708399307,0.3525130669449,-0.1061408359445,0.1366855586823,0.2828428141268,0.4723288333263,0.6202580987590,0.4493268530099,0.1515130041613,0.3966647556900,0.4848017120599,0.4373262302097,0.3782159055620,0.4267913758472,0.1140043918554,0.3153830395588,0.4835448475831,0.6951717986174,0.0879511825157,0.1787542101463,-0.1618978716966,0.1043566684691,0.1314672197912,-0.0777307646212,0.6276416799415,0.1629338066750,-0.2437915763298,0.1468264149931,0.2559599876326,-0.5686920743029,0.0173458369978,0.5634950812030,0.5366937818169,0.1175177256613,-0.2081320658734,0.4934857017143,0.1181615229183,-0.2057883412351,0.2586559997636,-0.2296406988431,0.4074065268737,0.0665641747657,0.2903438700621,0.4428483809058,0.4319372355502
