1.0000000000000,0.7979298104469,0.7799262715064,0.6136102489202,0.7805939493197,0.5146521638154,0.4481305183173,0.2027661704822,-0.0058753207423,0.3199985390070,0.1381600291557,0.2787840880488,0.2708407530666,0.8535000400597,0.7014692824062,0.2932265469000,0.3324842299480,0.2414461657427,0.0383168884350,0.0755721889258,0.3667540300863,0.3278383514595,0.0857173079046,0.0632474531299,-0.0268975273538,0.1704454749382,0.0304293312164,0.4121098054787,0.3439406792929,0.4968492066758,0.2509568488163,0.2535519303029,0.2009771770488,0.3015934865631,0.2525655439744,0.1297031503872,0.2196157464271,0.0548611247168,0.1917884118556,-0.0424528479413,0.5091184611195,0.5323642915119,0.0728375041993,0.0442927206765,0.1237530172161,0.2828699287808,0.3775033760066,0.4675875867438,0.5781095924764,0.4906446580964,0.8168981352277,0.7105824917364,0.1155894290006,0.6209234852637,0.3328133662117,0.3782315596034,-0.1819525656962,-0.0620620775100,0.2257872757062,0.0261904620923,-0.4357895121507,0.0190469883147,-0.2744733195759,-0.0073519633063,0.5988010529379,-0.5154269105619,-0.2232380741005,0.1230091543588,0.0696129883138,-0.0350842352757,-0.3707041039526,-0.2742023779360,-0.0006162925896,-0.1130019833276,-0.3783226191235,-0.3878870514541,-0.2544625342929,0.2054935646800,0.2486940665638,0.1987795693981,0.1062453035438,-0.2825821770507,-0.1196067238290,-0.5208082050407,-0.5076633067060,-0.0517557166889,-0.0811666765368,0.4520997970017,-0.6230809817252,-0.3410620276450,0.1102541785542,-0.0077937594215,-0.2670794550326,-0.1374341037036,-0.1459742206027,0.3630165443912,0.4221708741163,-0.0048547643913,-0.2935702724880,-0.4877613382053
0.7979298104469,1.0000000000000,0.6187917057242,0.4737023956013,0.6215320218829,0.3689096912391,0.2707618023949,0.2006817141078,-0.0380572608146,0.3854149504940,0.0837915600442,0.2672832006475,0.2593240857925,0.7877020905226,0.6528197364964,0.1317606501616,0.3040599311830,0.0676928317501,0.0675670588968,0.0215577809281,0.3808117243207,0.3859923054134,0.0197415770886,0.0159710403717,0.0921401058957,0.1754271302341,-0.0096537230071,0.3596972794658,0.3728481136423,0.5483273189769,0.1824382516914,0.2655863581926,0.1816025633343,0.3215575270906,0.0583164462323,0.0314874592053,0.2189335814702,0.0425287041366,0.1375031075162,-0.1169505213202,0.5071707607730,0.5015617969350,0.1331078571230,0.0996537685959,0.1192098161392,0.3161085599773,0.4133341903237,0.3817155671472,0.5458112202054,0.5534923968289,0.5698555846553,0.8300099548293,0.0224078444430,0.4500472270583,0.1603756914205,0.2394778430158,-0.2142552193549,-0.1376304034131,0.1543630432362,0.0077024459209,-0.3573308544987,-0.0658363063490,-0.2540835485027,-0.0460045028833,0.5032251681389,-0.4786677668122,-0.3032126318832,-0.0500043316108,0.0194039000502,-0.1499465979268,-0.4474998119793,-0.2285975809189,-0.1050380555327,-0.0362627343470,-0.4418825517562,-0.3540064186078,-0.1842728512724,0.2587110154483,0.3166039964686,0.0832877924412,0.1929972506955,-0.3334560051350,-0.0167810893726,-0.5750782766887,-0.4967507556217,0.1240619675204,-0.0627156646941,0.3519720669808,-0.5743674545906,-0.3231058976170,0.0679081753832,0.0595995114483,-0.1010684986529,-0.0668547439479,0.0473753298341,0.2188325606977,0.2234874821287,-0.0125707934506,-0.3813393795188,-0.4960075575996
0.7799262715064,0.6187917057242,1.0000000000000,0.6810433717359,0.6828943485073,0.7769567074248,0.6160612420387,0.3171817855240,0.1024855118306,0.4828045035078,0.3554405618970,0.4286890133637,0.4252841821979,0.7192248934473,0.6535730939980,0.4710756144736,0.4540729919678,0.3330426482785,0.1837141349329,0.2893578989921,0.5384759425859,0.3721564241229,0.2399143197312,0.2558347756979,0.0418472785810,0.4020903006853,0.2193034067239,0.4598247693852,0.2839041203444,0.4217865990110,0.4104131430317,0.4702543965500,0.4084183575764,0.2884889484700,0.4057531176144,0.3407168462566,0.3514218950476,0.2424954917193,0.4249831291601,0.0343903327270,0.5317578237415,0.6209626664519,0.2963723374693,0.1302060335585,0.2639403159167,0.2904009982244,0.4037554686402,0.6141707706489,0.4889012804198,0.5827143236581,0.5791376397186,0.6252907191594,-0.0140177094642,0.8460473952778,0.5094598899145,0.4571618610522,-0.1044311497499,-0.0479835484231,0.2668734705212,0.1234124185514,-0.3181808299305,0.1715567534434,-0.2148303833702,0.0861969973328,0.3451226074503,-0.4348299121595,-0.0904139785923,0.1628453192852,0.1584961025887,0.1051076625921,-0.3514783611136,-0.2110047290477,0.0978344396003,0.0304354194615,-0.3432565746513,-0.4372178527167,-0.0849001429837,0.2644985834252,0.2035789604527,0.2926841401815,0.0752096211161,-0.1379791963169,-0.1084050446745,-0.4585392634360,-0.3866895493370,-0.0809890593705,0.0029440185848,0.5178612136293,-0.5473054277455,-0.1277373903521,0.3077969507837,-0.0449742610006,-0.1548685947349,-0.0982826161504,-0.1885952766192,0.5638465223260,0.2614162339260,-0.0727918074764,-0.2697439071030,-0.4640080856831
0.6136102489202,0.4737023956013,0.6810433717359,1.0000000000000,0.6971045655672,0.6628875064133,0.7750273482066,0.5423259003234,0.4674797480583,0.4535962038177,0.5615891720501,0.5787163073153,0.6005672642016,0.5607180492296,0.8808483096897,0.7716795965804,0.6920253769095,0.6805276403910,0.2292382075041,0.6047987841656,0.6141223984653,0.3444025276482,0.3132523977923,0.5218525853578,0.1978635153962,0.2934454654393,0.3517798318082,0.3455636087622,0.1147970986598,0.1789129004330,0.6875907846915,0.3891256325340,0.5150453078519,0.2668056266898,0.6353827130921,0.4915076271685,0.3430013696377,0.3665004121081,0.4010300575907,0.0838595173648,0.4326710140377,0.5835318320438,0.3706011438358,0.2248770182782,0.2650023620416,0.1981786951892,0.3819159017851,0.6187398511984,0.4706627338511,0.5749503644777,0.4122625767180,0.5402783208554,0.2737204515241,0.6678328866333,0.6628775631935,0.6720082360353,0.1682429765611,0.2354419808443,0.4914965336763,0.4769761725379,-0.3204275845021,0.3705213492280,-0.1670240461410,0.3039176135639,0.1391972635547,-0.3472067263975,0.0971093140293,0.4486950713412,0.3403271989629,0.4799539175363,-0.2735833160718,-0.1790395105671,0.4100559334610,0.2960476196451,-0.2601477603577,-0.5886586266277,0.0602317131688,0.2425733169965,0.0290540281151,0.6096713297135,-0.0385929682418,0.0524175290410,-0.3661961802034,-0.4684871696223,-0.3930788189524,-0.2195754509855,-0.0728605527141,0.5806942686468,-0.5770391572607,0.0010724026854,0.1956522550604,-0.0303278854393,0.0290755895316,-0.1716794176723,-0.2168821815261,0.5079242323880,0.1316646478124,-0.1155488178602,-0.2455504457270,-0.4619220020655
0.7805939493197,0.6215320218829,0.6828943485073,0.6971045655672,1.0000000000000,0.6712540113340,0.5787572675868,0.3623093546264,0.2291734299751,0.3080168707902,0.3587881922868,0.4129589151697,0.3975334398407,0.6170324843548,0.6935729020914,0.4345933866094,0.4520883613316,0.4454446254048,0.1335359629160,0.2737733502509,0.4421092744566,0.2886947750627,0.1784505602986,0.2760006561543,-0.0355272348413,0.1989587014407,0.0799532659144,0.2405372664585,0.1671383106292,0.2592538877428,0.4010654327426,0.3103089200477,0.2642868559932,0.1850468129952,0.3928983939935,0.1798246936582,0.1953041528003,0.0640712105519,0.1668726055792,-0.0582631578558,0.3792566294614,0.4503496091855,0.1461261105967,0.0409633941745,0.1740002200493,0.1266042673726,0.3365873991738,0.5196915074947,0.4186372740414,0.4493960476828,0.6604511839577,0.5937550115944,0.1597243181744,0.6662430277839,0.5754918749186,0.4758773633767,0.0070544497916,0.1126982237846,0.3149931858711,0.2428543336998,-0.3443131257605,0.1815774415019,-0.1881575159169,0.1223038146689,0.2899071892065,-0.4162315889411,-0.1058934870314,0.2302878991830,0.1688279347001,0.1396236125046,-0.3304333863295,-0.2221455411060,0.1726883807995,0.0167797067270,-0.2959940793814,-0.3929033507345,-0.2171236220100,0.1380342282997,0.0660416674990,0.3109510854356,0.0416962100152,-0.1844348777794,-0.3416751446896,-0.5425692883401,-0.4295368477545,-0.1672008613833,-0.1511684553904,0.4548117377027,-0.6009280549693,-0.3034749517690,0.0504915862179,-0.1322043621266,-0.1525092826553,-0.2136666281273,-0.1575224769568,0.3570290121822,0.2145087667681,-0.1086560378305,-0.2900434547627,-0.4045794508087
0.5146521638154,0.3689096912391,0.7769567074248,0.6628875064133,0.6712540113340,1.0000000000000,0.7080211852864,0.4792309545689,0.3950832911731,0.6107351482874,0.5849498798890,0.6330001205058,0.6199344203132,0.5007612663981,0.5923779668001,0.5881170635402,0.6262374000277,0.5474703533059,0.2267098649427,0.5230607408136,0.6674672583834,0.3893912020397,0.3448649822985,0.5414188577798,0.1768531344900,0.3836966826027,0.3397589537454,0.3871469163048,0.1743371823413,0.2470145761040,0.5971119002438,0.5366256215114,0.5856457337254,0.1999214223709,0.6225245012915,0.3934864213824,0.3836537051637,0.3298812471284,0.4661363871131,0.0383054549977,0.4536713873189,0.6258082801997,0.3888671883612,0.1892913736078,0.2950031341709,0.2104887245977,0.3860776329708,0.7507824111919,0.3730711627925,0.6051244192394,0.3084939147343,0.4172055811243,-0.0850642319112,0.8835421167089,0.7581103020107,0.4628662000020,0.1668334922412,0.1207231458339,0.3725633352732,0.3741768082219,-0.1275865098451,0.4068156315362,-0.0458280269852,0.3126627839015,-0.0001948226222,-0.3520491158669,-0.0089420466176,0.3064332596762,0.2225902129363,0.3568456089237,-0.2786851184227,-0.1496367530231,0.3721601441852,0.2594461937436,-0.2611633687988,-0.4860524403566,0.0595466685113,0.2452027165110,0.0824179770729,0.4579236704772,0.0095004226705,0.1237178020172,-0.2877412433484,-0.4150714642235,-0.2484612454246,-0.2200420371686,0.0395084912366,0.5088180777170,-0.4861629268893,0.0161143140313,0.3141560192312,-0.0608246320438,0.0066044791238,-0.1215299836529,-0.1602017136613,0.6178678167867,0.0458186890733,-0.1032748007857,-0.1792579808841,-0.3476586095961
0.4481305183173,0.2707618023949,0.6160612420387,0.7750273482066,0.5787572675868,0.7080211852864,1.0000000000000,0.6675140714520,0.5781597092642,0.3807261349973,0.3998547043326,0.4687715615922,0.6474393316593,0.3355158392583,0.6784890884399,0.6846732914527,0.6659753470820,0.5471344244858,0.3099237074142,0.5222244282872,0.5200236889924,0.1693294901357,0.0495529549626,0.5075078303831,0.2238877443350,0.1540641330359,0.1220031519490,0.0620301718068,-0.1150700488305,-0.0430463625593,0.6944885362121,0.2274647842964,0.3905224173280,-0.0185270860049,0.7010859958197,0.6461268627294,0.1411949134479,0.1192194660232,0.3415061428644,-0.1347097806724,0.1436379255054,0.3365017268779,0.1427382775672,-0.0596434419999,0.0204581212367,-0.0222274742969,0.0764946906729,0.5395912548603,0.1492844161431,0.4356969810246,0.3865956397387,0.4241906499437,0.2924324239506,0.7535037934743,0.8363806892276,0.8299288623835,0.3838128444747,0.5138089456967,0.7430885591558,0.5892513599323,-0.0215446250358,0.4250025819779,0.0753254086768,0.5801750383208,0.2209579750076,-0.0901339815778,0.1942635301011,0.5978386222070,0.5100802744575,0.5973662658052,0.0788140918894,-0.2313397423559,0.5077656358534,0.3167002768076,0.0466417149627,-0.3931591926116,-0.1204190340868,-0.0567009721405,-0.1620424019841,0.7020493981262,0.0195295579712,0.1822172232803,-0.2798290436660,-0.2624638361336,-0.2292166969744,-0.2719757026625,-0.1090051110178,0.7683422387224,-0.3545402250480,-0.0578712136456,0.2135748912498,-0.2381996687411,-0.2001074483130,-0.2695427660097,-0.1039804888988,0.5312707305484,0.1441881381187,0.1192524608415,0.0948201679253,-0.1131039760101
0.2027661704822,0.2006817141078,0.3171817855240,0.5423259003234,0.3623093546264,0.4792309545689,0.6675140714520,1.0000000000000,0.7925120146633,0.3940812494334,0.5019046415488,0.5985201605182,0.7801796701873,0.1386407794129,0.4817640009373,0.6498762905300,0.7035050184611,0.5718906444329,0.5821712035653,0.7454223587430,0.5620644588247,0.1778619110282,0.0247809015559,0.5741152099488,0.4704849653187,0.0458739584962,0.0257379754321,0.0840658547862,-0.0728145184338,-0.0024486094328,0.6886458181135,0.1472795315394,0.3791976147382,-0.0929508266854,0.5939836278965,0.5409826728870,0.0408855828005,0.1792289584889,0.1402617947932,-0.1787929398326,0.1478016782494,0.3168633771698,0.1947112784386,-0.0246434085941,0.2220083599052,-0.0181436219721,0.0633474596073,0.4192856205619,0.0916963106009,0.3576613987657,0.0585835098701,0.2498985068200,-0.0238907257607,0.4300119657142,0.6561781169546,0.4656411975317,0.5889805898199,0.7301483032876,0.8291378156337,0.8045272087326,0.0100069872381,0.5255887844490,0.1331246763753,0.6688761930451,-0.1378185463708,-0.2616464223319,0.2060238278019,0.4989830928208,0.6118029377135,0.6625065706340,-0.0298855453545,-0.2593302547823,0.5937555269794,0.5809836526805,0.0140916749686,-0.4649019126439,-0.2254248923380,0.0452648441985,-0.1249032869447,0.6119624045478,-0.1281016510212,0.1737283686723,-0.3025182879574,-0.3829666753469,-0.0703471804639,-0.2623155265586,-0.2001305960303,0.4408137614512,-0.4979355869383,-0.0099332785286,0.0371503150534,-0.2188371224274,-0.0415593025398,-0.1569237556032,0.0587584646303,0.3504502197625,-0.0804220523293,0.0899979992779,0.0215028053826,-0.2195498942837
-0.0058753207423,-0.0380572608146,0.1024855118306,0.4674797480583,0.2291734299751,0.3950832911731,0.5781597092642,0.7925120146633,1.0000000000000,0.3642299553462,0.5741392199195,0.6253681328136,0.7816740830654,-0.0410854079359,0.3874278111037,0.6183887959571,0.7307816425124,0.7076764752098,0.3689288288916,0.8179398442954,0.5171492614227,0.1280472311303,0.2032941693985,0.7779777599958,0.5872422555918,0.0573804087267,0.2311218958072,0.0057815589115,-0.2064135107804,-0.1952959190709,0.7547986645733,0.1779198384766,0.5098672612314,-0.0640364919553,0.6483640899170,0.4814178955472,0.0840675787368,0.2801610268810,0.1476004534392,-0.0451307170256,0.0325016437774,0.2194520380816,0.1608873510732,0.0957202218535,0.0628584624088,-0.0231399288004,0.0386860800723,0.3661999330902,-0.0089083745256,0.3174486558906,-0.1025694767489,0.0401312318283,0.0550383035525,0.2571965515074,0.6186230557220,0.3677239621285,0.7157128134303,0.6954260319132,0.7793962148180,0.9624056428782,0.0881029200102,0.6352865661461,0.2511577826193,0.7237371162967,-0.3012128354830,-0.0900988730059,0.1958831085073,0.6085828675293,0.5246482823503,0.8480817979519,0.1175578548470,-0.0553247907424,0.8080132885468,0.7313896226418,0.0983879883798,-0.3952302372542,0.0338773957270,-0.0155489117390,-0.2384129242034,0.6924717677743,-0.1767411163045,0.3981841633058,-0.4569534496595,-0.1889447043916,-0.0067533603653,-0.3373142902011,-0.0908421982869,0.3202353119967,-0.2873239167456,0.1753465224202,0.0389770241867,-0.1442408364232,0.1516072702921,-0.1454744932129,-0.0672782661816,0.2957700332317,-0.2382851471075,0.0040573860394,0.0849255776771,-0.0464147155891
0.3199985390070,0.3854149504940,0.4828045035078,0.4535962038177,0.3080168707902,0.6107351482874,0.3807261349973,0.3940812494334,0.3642299553462,1.0000000000000,0.6001531598430,0.7851447835912,0.6762373671084,0.5062157675373,0.5193315630794,0.3966364931597,0.6712671876572,0.4299498263974,0.1227791105937,0.4802619486713,0.8003219685893,0.7624558646672,0.5109924824869,0.6089775689066,0.4777995803470,0.3672685245817,0.4888991248336,0.4289697694059,0.3455367507464,0.3641487433881,0.5950650727367,0.5880408727120,0.7469781458357,0.3042081531494,0.4969122092537,0.2529793824096,0.5817902644102,0.4479187282897,0.4863919664379,0.0431661074514,0.6406393428372,0.7199839845427,0.5012805768463,0.2928732212381,0.2695097049731,0.5167935679241,0.5574595457331,0.6718015775891,0.5312619075909,0.8245372949443,0.0121470967365,0.3036450417060,-0.2893154857566,0.4761031019768,0.3607054958141,0.0790965444654,0.2528947296335,-0.0065056027528,0.2689970924278,0.3232315947731,0.1937159674416,0.5219251232639,0.2262411925621,0.2920756723653,-0.1129652219415,-0.3813391933689,-0.2058846928670,0.2878463292661,0.0725376608063,0.3101533533238,-0.2074068230884,0.2076156015780,0.4270659338531,0.5424276992842,-0.2276041468574,-0.4986444983532,0.2928826763451,0.2465119656174,0.2115724543791,0.4092250639769,0.1430561456571,0.3038116534709,-0.2506364214297,-0.3802205955647,-0.2475882248508,-0.0874689944915,0.3310180352365,0.2986782712078,-0.3430208432482,0.1244250474911,0.3701277266292,0.1088588842672,0.1647501621813,0.0531913829250,-0.0107208326458,0.5145369877289,-0.0479373848157,0.0454732642068,-0.2214532901593,-0.2661029316291
0.1381600291557,0.0837915600442,0.3554405618970,0.5615891720501,0.3587881922868,0.5849498798890,0.3998547043326,0.5019046415488,0.5741392199195,0.6001531598430,1.0000000000000,0.8399314055824,0.7048977212305,0.2035344862079,0.4632118676157,0.5754548506802,0.7074908071176,0.7288488342619,0.1759176751690,0.6850664980917,0.6951126957478,0.4033515160290,0.6207963979896,0.7135015543819,0.2944097203644,0.3692835023935,0.5498650921784,0.3410845978188,0.1075657142907,0.0481123771341,0.6430457022883,0.5067791120026,0.6468470011494,0.1889531610543,0.5764226408992,0.2610627965799,0.4108480252625,0.4552122068130,0.3795632191485,0.2378399442096,0.4183307884302,0.5289170855332,0.4865996983629,0.3065063839226,0.3469403091370,0.1734118951990,0.3512560705035,0.5754591271925,0.2687734536980,0.5440656130939,-0.0654535183550,0.1157109876695,-0.0826306743953,0.3951814969849,0.5216118555497,0.1950816512292,0.3729359994638,0.1990664016045,0.3251910033497,0.5138339185325,-0.0146301237492,0.7509072615829,0.1779477875255,0.4055985214315,-0.3501274963231,-0.2122509424355,0.0529772772653,0.4159162481445,0.1604503917046,0.4994847525808,-0.1370597419352,0.0961328157983,0.5555396501186,0.5057757208484,-0.1405198312665,-0.4610316885966,0.3206210077949,0.2784859428806,0.0266089788018,0.4724897704265,-0.1935265277233,0.3028061726299,-0.4421434550233,-0.2739900047514,-0.1050378483477,-0.3396167288539,0.1096736683507,0.1705204792742,-0.3443519593848,0.2085659193958,0.2233936525386,0.0076307500821,0.2811145411972,-0.0048224017273,-0.2399995767895,0.4313984513813,-0.1458227594074,-0.1564114104439,-0.1914551431786,-0.2290288030892
0.2787840880488,0.2672832006475,0.4286890133637,0.5787163073153,0.4129589151697,0.6330001205058,0.4687715615922,0.5985201605182,0.6253681328136,0.7851447835912,0.8399314055824,1.0000000000000,0.8584035035734,0.3887509880058,0.5813050683746,0.5327703194226,0.8398770943480,0.6985743409963,0.1674586122050,0.7035731597394,0.8598653598029,0.5452815800119,0.6214036530662,0.7484418064974,0.4662113742692,0.3678292347498,0.4785606508550,0.3952881008750,0.2266214567334,0.1967433451166,0.7162021822540,0.5657368675032,0.7673676136107,0.2204095972065,0.6092165483804,0.2664100893310,0.4472266412459,0.4521276894473,0.3407801977593,0.0400810388593,0.5494135514033,0.6814445709266,0.4562346212720,0.3011590227249,0.3193813881303,0.3465137807601,0.5020501577021,0.6238639512315,0.3304021576958,0.7319467579566,0.0004916346361,0.2196065124542,-0.2250588151111,0.4399191163903,0.4906283221563,0.1528957386800,0.4583646247390,0.2237254315587,0.4364332448942,0.5715698800041,-0.0111173368013,0.6857808261022,0.3096363657448,0.4898596929043,-0.2533556063957,-0.4094265884872,-0.1265274525599,0.4608554503741,0.1577312385339,0.5489336004507,-0.2003162918421,0.1544377199458,0.6225762275740,0.6201601976419,-0.2128764609144,-0.4998974730078,0.2254269928120,0.2877862863347,0.1291027451191,0.5425113268194,-0.0194024945290,0.3605727201265,-0.4050179268334,-0.4554481129607,-0.2122871518771,-0.2152229037824,0.1191391699612,0.2124769034816,-0.4721214460998,0.0795209359378,0.1830806380496,-0.0072598094222,0.2157510844270,0.0079845058771,-0.0340560853264,0.4228661820605,-0.1182187244718,-0.0415392455225,-0.2345321936803,-0.2927286862639
0.2708407530666,0.2593240857925,0.4252841821979,0.6005672642016,0.3975334398407,0.6199344203132,0.6474393316593,0.7801796701873,0.7816740830654,0.6762373671084,0.7048977212305,0.8584035035734,1.0000000000000,0.3147465001259,0.5982033074064,0.5851605172889,0.9156538151910,0.6986892533301,0.2632821445118,0.7299966727738,0.7962724115280,0.3976840477336,0.3322323792312,0.7424410184086,0.5161872690698,0.2287251298368,0.3093766651080,0.2470366732620,0.0656049198856,0.0995310121049,0.7967414449072,0.4155719179299,0.7225722575444,0.0918473996897,0.6835968115009,0.4362270338417,0.2671742985861,0.3310223950412,0.2889533737409,-0.0920104794255,0.3836366388523,0.5467777624468,0.3071827797629,0.1386151004510,0.1700791884474,0.2177640392927,0.3312083520736,0.6097571647603,0.2567985627339,0.6392219094725,0.0571636995882,0.2702998441974,-0.0789276969494,0.4891244006649,0.6521141922274,0.3640996017044,0.6266099097286,0.4882946608714,0.6888136099869,0.7483425916284,0.0489998130727,0.6921848232672,0.3223801764313,0.7610406066359,-0.1429498367516,-0.2863505771509,-0.0002187751579,0.6083457841040,0.3521985086521,0.6822999851901,-0.0345259277527,-0.0449035887300,0.7076752941788,0.6588213620691,-0.0947991191427,-0.5017438204872,0.0172367818674,0.1224258822083,-0.0210571685270,0.6671246344080,-0.0596906408031,0.4007453398687,-0.3583331855674,-0.3735361657377,-0.1556886112308,-0.2818555192875,-0.0108591286171,0.4117663943802,-0.4661376696334,0.0360783062694,0.1497398554562,-0.1228546490862,0.0548908312390,-0.0975278390072,0.0242893361379,0.4924144709320,-0.0876795883200,0.1084378377822,-0.0400591596106,-0.1906429113743
0.8535000400597,0.7877020905226,0.7192248934473,0.5607180492296,0.6170324843548,0.5007612663981,0.3355158392583,0.1386407794129,-0.0410854079359,0.5062157675373,0.2035344862079,0.3887509880058,0.3147465001259,1.0000000000000,0.7181446471759,0.2732788829896,0.3770844324387,0.2112344071036,-0.0067085088582,0.1064168902358,0.5065597964717,0.5392559355615,0.2429503756198,0.1250729801139,0.0594494485192,0.3528941979442,0.2008202053929,0.5840586113329,0.5081802196239,0.6945059397355,0.2869708904313,0.4755322638521,0.3872486231499,0.4954835921821,0.2627131905150,0.1197414023223,0.4124064527476,0.2523579809056,0.3477662885170,0.0805743073814,0.7429776843272,0.7391271802423,0.2969847795029,0.2357631238624,0.2258016052789,0.5296934165416,0.6228385515091,0.5612032868963,0.7392291070504,0.6885771863708,0.5726250186933,0.6003276123137,-0.1002666904226,0.5322454701134,0.2054570321136,0.2039931366801,-0.2125569740316,-0.2255774070863,0.0953109171619,-0.0356052680870,-0.4637038195270,-0.0088506398039,-0.2866751454667,-0.0907684674997,0.4705732690215,-0.5760214765749,-0.3085085246236,0.0196076172199,-0.0536133368449,-0.0664072766960,-0.5071277693309,-0.1606683503482,-0.0408496542624,-0.0303320193056,-0.4740604895002,-0.4441909393130,-0.0799110225541,0.3559767681269,0.3973911810518,0.1387851756364,0.1933058526985,-0.2192323258587,-0.0590571256844,-0.5142230356457,-0.4903695932158,0.0565669286427,0.0728026202672,0.3475445687936,-0.5768491873863,-0.1756083502485,0.2487772484245,0.1752824065195,-0.0999590791851,-0.0127943894487,-0.1182988230812,0.4240363754009,0.3755710768912,-0.0229974844637,-0.4052851190211,-0.5800867773687
0.7014692824062,0.6528197364964,0.6535730939980,0.8808483096897,0.6935729020914,0.5923779668001,0.6784890884399,0.4817640009373,0.3874278111037,0.5193315630794,0.4632118676157,0.5813050683746,0.5982033074064,0.7181446471759,1.0000000000000,0.5779668936038,0.6640424565922,0.5454138987208,0.1325235799433,0.4566796346717,0.6209141271452,0.3848957022450,0.2446122002044,0.4427068274005,0.2551693940897,0.2537746020480,0.2723527386125,0.3797605623446,0.2144199494942,0.2972686205424,0.6194062361689,0.3976068805128,0.4894357556797,0.3193381627386,0.5110321514617,0.3714788577044,0.3583200365115,0.2981617475108,0.3822475500255,0.0376382682648,0.5336645194477,0.6426689791517,0.3293307744642,0.2330451415600,0.1706743714984,0.3107869348605,0.4580047517929,0.6254717108891,0.5273977725070,0.7234685008830,0.4747233643220,0.6097919962971,0.2201707643192,0.6002608412701,0.5517359511409,0.5505357358165,0.1059199529857,0.1398032821328,0.4654354419049,0.3908984356086,-0.3461381706239,0.3263971938797,-0.1177528653128,0.2788955220745,0.3256461407254,-0.3688169486318,-0.1072327711861,0.3897679926048,0.2285080740130,0.3599464745357,-0.3034025058257,-0.1691011969993,0.3330654932198,0.2563983816325,-0.3427261940839,-0.5661901244798,-0.0073376666168,0.2519557078483,0.1418230169860,0.5395280505576,0.0682392925342,-0.0023487377500,-0.3014168730509,-0.5261367314453,-0.4819911124475,-0.1302864003701,-0.0564703983890,0.5388197408182,-0.5941528435273,-0.0886955808924,0.2074138292458,0.0202497233908,-0.0089785774143,-0.1163187491051,-0.1076124663933,0.5029560423432,0.1967875530301,-0.0074366611727,-0.2559488657502,-0.4789855675836
0.2932265469000,0.1317606501616,0.4710756144736,0.7716795965804,0.4345933866094,0.5881170635402,0.6846732914527,0.6498762905300,0.6183887959571,0.3966364931597,0.5754548506802,0.5327703194226,0.5851605172889,0.2732788829896,0.5779668936038,1.0000000000000,0.6127247815155,0.6982776958100,0.5668479350974,0.7873783547204,0.5517091366091,0.2722328735899,0.3369998567092,0.5813583127903,0.4049070949863,0.3279411270223,0.3744351960346,0.2296712376543,-0.0178863494528,0.0500241678494,0.7504607893815,0.3962688237045,0.5241262741167,0.1823075443907,0.7481521180831,0.7793388221276,0.3070303478754,0.4583971492558,0.4206676555717,0.1644250989440,0.2646750718229,0.4147298616995,0.4559609620808,0.2426542546155,0.3561667242139,0.0952190357795,0.2168306329527,0.5199043033941,0.2855034063770,0.3656650684920,0.1359763911078,0.2163038406234,0.1308347851709,0.5187937519691,0.6130547239676,0.5446970547449,0.3308339957436,0.4111063327981,0.5773673235699,0.6216471729262,-0.1541122923018,0.4155588775763,-0.0891936368578,0.3544834722649,-0.0962170025379,-0.2634373698294,0.4129327413817,0.4242857718234,0.6149239028476,0.6661584276218,-0.1446785574815,-0.1617293370020,0.5393717050468,0.5181192819857,-0.0050008588775,-0.4932376307779,0.1076835912746,0.1063512113747,-0.1208346862611,0.6466345968091,-0.1947332707844,0.2012861817198,-0.3690201308630,-0.1918629849896,-0.1232196543753,-0.2560139491198,-0.0047834777731,0.5355056781694,-0.3826769169365,0.2226711508311,0.2449489915495,-0.0817141885163,0.1111469725265,-0.2318966845356,-0.3114047298928,0.4580096194451,0.0190142045153,-0.1807229581010,-0.1825201417137,-0.3427694886236
0.3324842299480,0.3040599311830,0.4540729919678,0.6920253769095,0.4520883613316,0.6262374000277,0.6659753470820,0.7035050184611,0.7307816425124,0.6712671876572,0.7074908071176,0.8398770943480,0.9156538151910,0.3770844324387,0.6640424565922,0.6127247815155,1.0000000000000,0.7864855251601,0.1290390205786,0.7204729627619,0.8404810614833,0.4350618400846,0.3487228608919,0.7715168053752,0.4606054199208,0.1942600999091,0.3613226678930,0.2968360638340,0.0925974289634,0.0987393286952,0.8520536220739,0.3958603439593,0.7349753717873,0.1463718879125,0.7062090481268,0.3734184845847,0.3543021102829,0.3677055327384,0.3216598193423,-0.0658695843613,0.4171636944283,0.5836516123440,0.3020540545914,0.1690094726652,0.1237306636563,0.2595924284326,0.3834266879167,0.6288195601479,0.3554249163776,0.6759766486467,0.0644135579924,0.3131274121329,-0.0405488972792,0.5204146774102,0.6597925606901,0.3964774025782,0.5818301479216,0.4166044083463,0.6500480103651,0.7059009800252,-0.0112437165479,0.6582612587042,0.2711449046751,0.6904159306363,-0.1261622364865,-0.3073978648689,-0.0366195985172,0.7071734381461,0.2737904119947,0.7146765485681,-0.0492065312230,0.0180061825339,0.7305685664119,0.6251182004146,-0.1332000649806,-0.5719306619877,0.1460133886533,0.2252631236509,0.0293431688469,0.7680628177972,0.0254935322498,0.4289251993964,-0.3149342503688,-0.4248141215178,-0.2474279475207,-0.2380360038723,0.0441721923679,0.4253728764274,-0.4798468142472,0.0831574215684,0.1652282598506,0.0063467918331,0.1163252663014,-0.0374748311158,0.0571556505477,0.4953120485086,-0.0804915462680,0.1166467356312,-0.0615078977165,-0.2432516369998
0.2414461657427,0.0676928317501,0.3330426482785,0.6805276403910,0.4454446254048,0.5474703533059,0.5471344244858,0.5718906444329,0.7076764752098,0.4299498263974,0.7288488342619,0.6985743409963,0.6986892533301,0.2112344071036,0.5454138987208,0.6982776958100,0.7864855251601,1.0000000000000,0.1256592928433,0.7885761733975,0.6454836003735,0.2660137620868,0.4409328528894,0.8016482053463,0.3377170594577,0.1780122942926,0.4452904688894,0.2394626418874,-0.0216221510130,-0.0403198915697,0.8151906707798,0.3454728932465,0.6319522717256,0.1217693237845,0.7274498930045,0.3358590684615,0.3353681576355,0.4151433541538,0.3366545978955,0.1460424858053,0.2801898773933,0.4458046834948,0.2963936145491,0.1976919951947,0.1993022561866,0.1031263564374,0.2462624700960,0.5447433099530,0.2646614030907,0.4167530012685,0.0451517154431,0.1172261443749,0.0583454651646,0.3831516731525,0.5871885348547,0.3442934494828,0.4938605898660,0.3879436290052,0.5156009982229,0.6677366985988,-0.1224055990262,0.6117903221950,0.0712692020848,0.4850790263303,-0.2348462587339,-0.2557497679315,0.1027528485950,0.6439614122251,0.2464861956253,0.7538640492718,-0.0593114088478,-0.0384204430215,0.7473592797262,0.5575214242111,-0.0757993404048,-0.5099621588752,0.1977564246787,0.1786798577948,-0.0998026394067,0.7402892639623,-0.1939571687065,0.3897701258176,-0.4645475862074,-0.2852303204036,-0.1394792565857,-0.3953087492039,0.0401978830385,0.3058105435052,-0.4273471806188,0.2021558927827,0.1693089535138,-0.0004639368164,0.1548172223678,-0.1428837006363,-0.2329410733130,0.4350052758459,-0.1061116071335,-0.1498285667987,-0.1003775545919,-0.2424485217576
0.0383168884350,0.0675670588968,0.1837141349329,0.2292382075041,0.1335359629160,0.2267098649427,0.3099237074142,0.5821712035653,0.3689288288916,0.1227791105937,0.1759176751690,0.1674586122050,0.2632821445118,-0.0067085088582,0.1325235799433,0.5668479350974,0.1290390205786,0.1256592928433,1.0000000000000,0.4509415258639,0.1880390419119,0.0347048770988,0.0192840195150,0.1363932532752,0.2927286180414,0.1896121351413,0.0181623701397,-0.0264091184965,-0.1147900214707,0.0349915968679,0.2526868698946,0.1223413478515,0.0602991104271,-0.0502316513780,0.2375151542427,0.6696065786271,0.0133302839066,0.1381316932287,0.1194685769435,0.0269320336430,0.0185537135397,0.0697225462474,0.2759751130344,0.0376835657622,0.2855827171630,-0.1174771416174,-0.0914117357637,0.1320878060795,-0.0181844301335,0.0239732246759,0.0250460903380,0.0729655825648,-0.0493709666817,0.2128256869283,0.2736879967248,0.2701937861153,0.1014135499935,0.3755904268510,0.4104981696676,0.4142969398690,-0.0550929485687,0.0943005796804,-0.1499919242675,0.1243079370776,-0.1373984648652,-0.1414700490403,0.5409818278181,-0.0625407151000,0.8343885024709,0.2430637481214,-0.1401843128935,-0.2940491396765,0.1193172328115,0.3267757400014,0.0940800371032,-0.1552121143626,-0.1689258844470,-0.1078380076229,-0.2006292995993,0.0973133368581,-0.3026884574047,-0.1733220514110,-0.1699551055765,-0.0451930193307,0.0254594531597,-0.1444631866144,-0.0997183602977,0.2744524172948,-0.1910902694314,0.0514388379757,0.0845305493946,-0.2765733253195,0.0118613213608,-0.2431319301115,-0.2122481562764,0.1300244645865,-0.0621609084571,-0.2004216884697,-0.1492601866527,-0.2201915575215
0.0755721889258,0.0215577809281,0.2893578989921,0.6047987841656,0.2737733502509,0.5230607408136,0.5222244282872,0.7454223587430,0.8179398442954,0.4802619486713,0.6850664980917,0.7035731597394,0.7299966727738,0.1064168902358,0.4566796346717,0.7873783547204,0.7204729627619,0.7885761733975,0.4509415258639,1.0000000000000,0.6696948586957,0.3029681763669,0.4311873975812,0.7874207107118,0.6157647349304,0.2931408601749,0.4232122739030,0.2498281002230,-0.0126069553775,0.0125821915429,0.7919492637619,0.4032229559107,0.6711166141348,0.1511526693414,0.6730701762912,0.5295089323713,0.2981558343167,0.5584646724067,0.3080067259067,0.1477496857929,0.2822857922337,0.4541132607973,0.4763450415580,0.3366115633666,0.4055748559743,0.1425548085782,0.2771468069707,0.4905216704050,0.2039306251477,0.4174887567733,-0.1239860321529,0.0572078319065,-0.1087150784588,0.3405869536848,0.5450311259807,0.2888272668614,0.5288648138929,0.4413813956617,0.5492850564724,0.7752509888827,-0.0741169546261,0.5376733304529,0.0287234625092,0.4560264844803,-0.4003652012991,-0.3105903340911,0.2167718128025,0.4249893719803,0.4353056659803,0.7986855386105,-0.1773252595944,-0.0542844676628,0.6948787982147,0.7722278945830,-0.0723332733454,-0.5501319561620,0.1724078438357,0.2101133690324,-0.0762573382943,0.6304688547227,-0.2063677250275,0.3258213143862,-0.3726715715097,-0.2920355891687,-0.0406024274893,-0.2561420921109,-0.0162474351909,0.2454134039621,-0.4355001894877,0.3075516300360,0.1255311132427,0.0026209942197,0.3242719141542,-0.0962749124408,-0.1476271886368,0.3569958738909,-0.2106019060374,-0.1714642239742,-0.1410801419566,-0.3226017640635
0.3667540300863,0.3808117243207,0.5384759425859,0.6141223984653,0.4421092744566,0.6674672583834,0.5200236889924,0.5620644588247,0.5171492614227,0.8003219685893,0.6951126957478,0.8598653598029,0.7962724115280,0.5065597964717,0.6209141271452,0.5517091366091,0.8404810614833,0.6454836003735,0.1880390419119,0.6696948586957,1.0000000000000,0.6196342164258,0.4935326746708,0.6980809328881,0.4656423124542,0.4247445367388,0.4440249334244,0.4399632026226,0.3021103522775,0.3134297031299,0.7564522705396,0.5399040265433,0.7654851307987,0.1989029817874,0.6322256357394,0.3302638199857,0.4967688665123,0.4568806568124,0.3984362554495,-0.0220654954573,0.6016312814670,0.6993127909335,0.4898579227418,0.2619797099417,0.3486904306728,0.4049170669031,0.4808780446735,0.6722516898226,0.4404127073850,0.7639992854990,0.0776948224257,0.3092073028411,-0.2650593799908,0.5505709730758,0.4915980863994,0.2181204161291,0.3188998485808,0.1102744874367,0.4073228337307,0.4705564812009,-0.0473313853880,0.5377460606559,0.1904298362905,0.3840011257485,-0.1319052868550,-0.4943523834538,-0.1720148035844,0.4227616767987,0.1419836444156,0.5033297158250,-0.2350799936839,0.0881496976722,0.5277744543610,0.5913520544884,-0.1800722246891,-0.4941595620521,0.1924901980926,0.2938472997514,0.1932788041229,0.5734329891852,0.0522660004276,0.2767421190737,-0.2273122295637,-0.5263638435434,-0.2709813303785,-0.1728515796052,0.1651827966961,0.3351444860527,-0.5140757156447,0.0452101177397,0.2380598030866,0.0364313626679,0.1527191550600,-0.0088015568330,0.0172995308096,0.4965600129439,-0.0543362357146,0.0342431779180,-0.2784541740118,-0.3671381904542
0.3278383514595,0.3859923054134,0.3721564241229,0.3444025276482,0.2886947750627,0.3893912020397,0.1693294901357,0.1778619110282,0.1280472311303,0.7624558646672,0.4033515160290,0.5452815800119,0.3976840477336,0.5392559355615,0.3848957022450,0.2722328735899,0.4350618400846,0.2660137620868,0.0347048770988,0.3029681763669,0.6196342164258,1.0000000000000,0.5239004856257,0.4017895307072,0.3489138736789,0.4140351015139,0.5206194113717,0.4249194762165,0.3562300879453,0.4643040315544,0.4223151675338,0.5476537674480,0.5856338604676,0.4771619499771,0.3335056460061,0.1108106004307,0.6299231704112,0.4595588694161,0.4805218748220,0.1935524843900,0.6652054936941,0.6684385834242,0.5174167882299,0.3408697042570,0.3401713773179,0.6207310166801,0.6529697925752,0.5389967775784,0.6312853975591,0.6405188165004,0.0493749947626,0.2460134187136,-0.2992886938851,0.3065813592173,0.1339566603640,-0.0444561808156,0.0304931944178,-0.1811788180823,0.0493040686336,0.0882328977756,0.1193958964117,0.2257507035480,0.0549127121461,0.0059716530758,-0.0929718363828,-0.4257057893384,-0.2297771702120,0.0796850179936,-0.0717567579990,0.0957330420262,-0.3398167991245,0.3762295471438,0.1838017504234,0.3718865895244,-0.2655008269346,-0.3928978200959,0.3659359935567,0.2551176848808,0.2044232605184,0.2130288008157,0.2662251308087,0.1275473205650,-0.0785761738092,-0.3325015979765,-0.2092677535319,0.1374398154369,0.4401170952225,0.2084776906610,-0.2608442457047,0.1693383935797,0.4047506646940,0.3107254576931,0.2281541860174,0.1452999388700,0.0293282560395,0.3927213446637,0.0482915278247,0.0634578501685,-0.2461778921622,-0.3349275614294
0.0857173079046,0.0197415770886,0.2399143197312,0.3132523977923,0.1784505602986,0.3448649822985,0.0495529549626,0.0247809015559,0.2032941693985,0.5109924824869,0.6207963979896,0.6214036530662,0.3322323792312,0.2429503756198,0.2446122002044,0.3369998567092,0.3487228608919,0.4409328528894,0.0192840195150,0.4311873975812,0.4935326746708,0.5239004856257,1.0000000000000,0.5044013000442,0.2016120523221,0.5680802933513,0.6983613267329,0.3807583272960,0.2285799900537,0.1711418494400,0.3443436791066,0.6539206102488,0.6133801887668,0.4591666637300,0.3303434291975,0.1001387829306,0.5777821416244,0.5476802639736,0.3781015437761,0.4140441292370,0.4912255754964,0.4966581577607,0.5590710660246,0.4143263203364,0.3821608982621,0.4129036307892,0.4953840549970,0.3712917282334,0.2908500367864,0.4044793806075,-0.0856868733413,-0.0195935257684,-0.1653729668411,0.1359753322293,0.0804883222867,-0.1253145967241,0.0554366713809,-0.2555890322595,-0.1197975730224,0.1210343957595,-0.0479566737557,0.3428624315250,0.0563716491955,-0.0756343318339,-0.3087125425094,-0.2382301922302,-0.0327274078677,0.0914229565520,-0.0994115261554,0.2316519814069,-0.2809391326834,0.4763275644930,0.3069333856397,0.3580989029365,-0.2090313406784,-0.2633770203498,0.5138861619851,0.2718851148833,0.1160439125919,0.1645629555415,-0.0588848595957,0.2092682298924,-0.3058132767425,-0.1048232949198,-0.1880252412063,-0.0399365939411,0.3760666398371,-0.0536290743514,-0.1157427247905,0.2549835140540,0.3078922450826,0.1508731170614,0.3344437857725,0.0688130861750,-0.3654440361245,0.2530091780832,-0.0687350064038,-0.2772205662335,-0.3203488638640,-0.2422610718553
0.0632474531299,0.0159710403717,0.2558347756979,0.5218525853578,0.2760006561543,0.5414188577798,0.5075078303831,0.5741152099488,0.7779777599958,0.6089775689066,0.7135015543819,0.7484418064974,0.7424410184086,0.1250729801139,0.4427068274005,0.5813583127903,0.7715168053752,0.8016482053463,0.1363932532752,0.7874207107118,0.6980809328881,0.4017895307072,0.5044013000442,1.0000000000000,0.4594358725938,0.2741659590076,0.5445515278449,0.1820046277829,-0.0489996276553,-0.0547275365259,0.8191427971424,0.4014495850593,0.6875335983066,0.1024052182576,0.6980004147789,0.3383185115671,0.4505690873444,0.4381356956174,0.4046835472160,0.1157032658591,0.2695152371131,0.4412890197273,0.3704267880087,0.1938196166237,0.1496278357741,0.1522223720765,0.2527360128218,0.5332394102741,0.1960970368472,0.5245161412018,-0.1095660839645,0.0855732960942,-0.0223481284738,0.3580508184562,0.5749131365357,0.2649793176302,0.5675503937706,0.3431949842062,0.5234204973124,0.7084543949796,0.1858899599090,0.6994262129767,0.2668244089076,0.5432452657901,-0.3268224142995,-0.1264788567312,0.0465232314787,0.6212746811689,0.2341104352508,0.7662422408971,0.0231092410708,0.1824224481516,0.8491130913529,0.7228271080218,-0.0403301802743,-0.4384992376785,0.3306364798620,0.1102642555791,-0.1272471156275,0.7151379106823,-0.0593859865946,0.4671069506363,-0.3936487773629,-0.2352339609883,-0.1241339521217,-0.3025058643215,0.2601938311900,0.3244531914491,-0.2418895497436,0.2368333188128,0.2789632249343,0.0308383299361,0.2493829708100,-0.0724472454003,-0.1420178304750,0.4429803393865,-0.1946606789038,-0.0325593188734,0.0273959289007,-0.0626143906671
