1.0000000000000,0.6950132523809,0.6957397947075,0.4062794401470,0.5419733922631,0.1972129168246,0.5093510900344,-0.0716729427361,-0.2473691437082,0.1226058647130,-0.1321341675389,-0.1703627352663,-0.0188988522199,0.7669009831518,0.4647465628552,-0.1008626687188,0.0057712572114,-0.2074052044923,-0.0090003444900,-0.3909388791943,0.0274551528781,-0.0079300188252,-0.2626743600815,-0.1630102655868,-0.2229533379344,-0.0511099594946,-0.2505031093465,-0.1400373882782,0.0270385898897,0.0638051215874,-0.0427613491819,-0.1185415621793,-0.2641538191331,0.0890156236025,-0.1394389042674,0.1135415040413,-0.0071695228623,-0.3382152954217,0.1710985942733,-0.0285487640587,-0.0098848071032,-0.1012163772187,-0.1784373855032,-0.2602270434882,-0.4218220751198,-0.1019151103670,-0.0066505779402,0.0426391944703,0.2947307488919,0.0837810091123,0.8007260149653,0.4883729587411,0.3603070422736,0.6147659472837,0.1296338205938,0.5359007526174,-0.3398565978339,-0.1694496812978,-0.0844188718119,-0.2628947767785,-0.0287112217021,-0.1148812597696,-0.0962861404372,-0.1485141154488,0.4607368084778,0.0589510999778,-0.0067766852499,-0.2457789729949,0.0273965568502,-0.3768473301754,-0.0397402223661,-0.2322063299958,-0.2636817669041,-0.3720961896423,-0.2471767543063,-0.0524902621231,-0.2212593580248,-0.0605746855642,-0.0304947720433,-0.2204191493166,0.1443654115782,-0.4198294363124,0.1376285595153,-0.1835924506156,-0.4549932298543,0.2289838859349,0.0428529321354,0.4792618097024,-0.0778707073170,-0.3108626735637,0.2406912321507,-0.1706221255055,-0.2642820887803,-0.1912560750073,-0.0805138311283,0.1747931054178,0.4434030294420,-0.0510854912661,-0.2577604269540,-0.1545160292106
0.6950132523809,1.0000000000000,0.6909431867893,0.2047983441216,0.1307747680221,-0.0057591320834,0.3387340511299,-0.0843771225384,-0.2852691230381,0.1296981511760,-0.2069303265769,-0.2680871426577,-0.1621276080664,0.6963647355489,0.3909741965914,-0.2089385518754,-0.1896852646486,-0.3338788097687,-0.0698752212948,-0.5055012485052,-0.0858150415702,0.0557097082207,-0.3542325112358,-0.2435768516355,-0.1797195431005,0.0195091120826,-0.3124604712001,0.1325335059709,0.2513585071852,0.4462209827060,-0.1498532142141,-0.1724825709018,-0.4465160131791,-0.1032785657369,-0.2920066808234,-0.0091951649725,-0.0151444566511,-0.3552518768583,0.1528032657776,-0.1381116429752,0.0128386745271,-0.1973949093314,-0.1878211179748,-0.1425521700712,-0.3205584456549,-0.1960901661365,-0.2486688059894,-0.1849041655657,0.1088422662243,0.0598216195894,0.4620921774524,0.8108192614594,0.2977982907328,0.3680511039216,-0.0807219693088,0.3276006904806,-0.2970033233572,-0.2059310409565,-0.0818139755516,-0.2950037876249,-0.0240926293924,-0.2337440256708,-0.1737174950309,-0.2349767027325,0.5616604445235,-0.0868681707180,-0.2885542215419,-0.3614137796312,-0.1010021707077,-0.4749371079096,-0.1805047177829,-0.3055147244412,-0.3752748400113,-0.4115378656540,-0.3323341096434,0.2046338533633,-0.2961610374747,0.1484411814282,0.2159678587600,-0.3408470959395,0.0239797713851,-0.5334294645292,0.4078317614446,-0.3148648338168,-0.2578521610398,0.0919370427427,0.0224360408340,0.3849409512830,-0.1443720784028,-0.3241571390185,0.2285784649396,-0.2147879109091,-0.2435888508678,-0.1337337147285,-0.0869956861409,-0.0449721062760,0.2941969024742,-0.1392015594104,-0.2733307339006,-0.2470852078004
0.6957397947075,0.6909431867893,1.0000000000000,0.2496364212721,0.5602604778156,0.4461232609187,0.4256721694642,0.0213199572991,-0.2438120153832,0.2277478528450,0.0048151576663,-0.1375939167702,0.0512839644807,0.5493902324274,0.2736836048266,-0.1355635554962,0.0007547388930,-0.1080296568347,0.0997674256512,-0.3372979668052,0.1080849735531,0.1094992127567,-0.1442058326339,-0.0639220334909,-0.1085424385253,0.1924313368646,0.0185640521318,-0.0365768819466,0.0289459974898,0.0403946946188,0.0083898064650,0.0439724761161,-0.2407196685745,0.1719250414768,-0.0690256547404,0.0372325992582,0.3207230487630,-0.2409771666850,0.3769269082568,0.1909896934096,-0.1387167173658,-0.1607855742973,0.0158909836136,-0.1755466679884,-0.2278360251966,-0.1086136954252,-0.0875080720747,0.1927760387126,0.1565498558331,0.0756199427687,0.6743949528976,0.6637142214220,0.3305613440016,0.7541989282240,0.3040408958419,0.4862832484740,-0.0994163971754,-0.0553842135175,-0.0062394329740,-0.2482102304043,0.0808636709797,-0.0112335055191,-0.0795174635630,-0.1437183278219,0.4592108156754,0.0387598805665,-0.1532506896047,-0.1040960049180,-0.0141956104214,-0.2779449232847,0.0149210410796,-0.0826754469226,-0.1994002092096,-0.2601935563181,-0.1136731855359,0.2066477586509,0.0093292799313,-0.1536440615911,-0.0262142736822,-0.2892344864683,0.1575540514731,-0.4227840179206,0.0252201451489,-0.1803171282027,-0.2133043040991,0.3277440709895,0.3010482269909,0.4308298861429,0.0210881124196,-0.1125202023063,0.4987181336860,0.0602742216637,-0.2234723079037,-0.1595357436588,-0.2711843747223,0.3054716676602,0.2759619563167,-0.1415454406538,-0.2883735086023,-0.0254974767106
0.4062794401470,0.2047983441216,0.2496364212721,1.0000000000000,0.4772062914763,0.3789679477716,0.8325250337370,0.4303891183107,0.3712221238393,-0.0133116308601,0.0944554995552,0.2174221190058,0.2287205144567,0.4014525559016,0.7255990955848,0.5970545625896,0.4673058431911,0.2736322327614,0.4307534632622,0.1962833168319,0.2951837988270,-0.1924778675902,-0.0541680854460,0.2445525319873,0.1435838799147,0.0112976389441,-0.1053231074336,-0.2735869519747,-0.0490418108489,-0.1441188196027,0.3847613509731,0.0308219785140,-0.0381194652158,-0.0716024298841,0.5364726831995,0.5949251047253,-0.1342559229539,-0.0312300143255,0.1096522898999,-0.0579550852335,0.0583080223936,0.0796444750609,-0.0682490241512,-0.0049295892611,-0.2196395472646,-0.2512965249677,0.0304684794224,0.2178086001839,0.0159374802793,0.3196200090146,0.5428244697542,0.2548932911159,0.7651183109969,0.5084173130849,0.4944385522459,0.8267469333554,0.0314118886355,0.3931022390969,0.4901019466983,0.3719719156290,-0.0988056361831,0.1890980522336,0.1457639808299,0.3107857609766,0.5715856625058,0.3770389718670,0.4451003156359,0.2932606235574,0.6486469128640,0.2643472296688,0.2579150575673,-0.2218327277004,0.1952162210631,0.1067021973070,0.0789848131165,-0.0855293961792,-0.1906124318357,-0.0624631938060,-0.0542651510304,0.3347670002470,-0.0352312808228,0.0189422484603,-0.0942573917794,-0.0493147482297,-0.1201077953067,-0.2759690161365,-0.1562120990377,0.6623613394006,-0.0817902247608,-0.1057306884386,0.0431390873693,-0.1581272691477,0.0823770967443,-0.3767071029008,-0.0426400754956,0.2191433039328,0.1860340563827,-0.0698209400072,0.1323864224443,0.1518102017560
0.5419733922631,0.1307747680221,0.5602604778156,0.4772062914763,1.0000000000000,0.6459717197831,0.5442266364759,0.2036738692524,0.0100329256040,0.0861012847379,0.1509638653331,0.0473218203970,0.2628210429864,0.3374262638769,0.3570301820888,0.0962596147877,0.3068061408369,0.2280100899562,0.1665687330849,0.0000069848416,0.2052665196452,0.0199844621806,-0.0466221356022,0.1903176420352,-0.0989727729070,0.0967563884793,0.0842835559546,-0.2318031429236,-0.1821669005798,-0.3323167228637,0.1949795196019,0.0631775959735,-0.0295034567817,0.2657347838365,0.1821654890044,0.1072790684040,0.2319900510914,-0.1362832301287,0.2467085524063,0.2368457812609,-0.2009900618053,-0.0743809395669,0.0233275089999,-0.2120220856484,-0.2067159110833,-0.0821906678051,0.1301339592853,0.4247373633428,0.2729346794036,0.1131725908206,0.7624492098679,0.1943179886975,0.4266093254760,0.7580850153083,0.6651991547105,0.6352931956314,0.0252546723888,0.2081511299634,0.1732761995592,0.0072212331229,-0.0336990735384,0.1737801792753,0.0087458911408,0.0720129425836,0.3696378765275,0.2337382863688,0.1079232689892,0.2386786175327,0.2034427745038,0.0371520368285,0.1898503507980,-0.0404890041280,0.1114274724960,-0.0411635964712,0.0347983585996,-0.0598152708737,0.0440330473538,-0.4215806892602,-0.2835690349680,-0.0061096334139,0.0829704909019,-0.1919552437671,-0.3073466391821,-0.1128523651232,-0.2566532466299,0.2206133203213,0.1561111520819,0.3666077642957,0.0087865350466,-0.0629472622373,0.3061207849117,0.1104089818643,-0.1992001702283,-0.2170341372353,-0.3014320056426,0.4094344077542,0.2842034975608,0.0075356631528,-0.2311508952711,0.1496970435009
0.1972129168246,-0.0057591320834,0.4461232609187,0.3789679477716,0.6459717197831,1.0000000000000,0.5466738605057,0.4092912147238,0.2731556968699,0.3711751934089,0.3572430196693,0.3854986968697,0.4524346187353,0.1388481044651,0.1975186441933,0.2883476750533,0.4994090250270,0.3721955986037,0.3126494406646,0.2150271637853,0.4207254926021,0.2237841190955,0.1952890386925,0.5008736857314,0.1043411129207,0.2834602987935,0.3348263380945,-0.2185787731968,-0.0980245138661,-0.3095622445522,0.4910576416892,0.3147048105039,0.1898014813849,0.1771802960328,0.4848804881318,0.2978629571058,0.3861585396163,0.0854761699828,0.4671660922562,0.2470875994883,-0.0434284780096,0.1892791029796,0.2068931769983,-0.1045619176892,-0.0089448319233,0.0165710894127,0.0958914979226,0.7203259002044,0.0644704473932,0.3065761507048,0.3755095841916,0.1055889299268,0.2393934965742,0.7692717409216,0.8539977954990,0.5587744562609,0.3277230305677,0.3538569928723,0.3795875165074,0.2253677064744,0.2877254625591,0.3968544952472,0.2253128425803,0.3203785223294,0.1961509841756,0.2993871050824,0.2241683788592,0.4084071103318,0.3261929685177,0.2664629183062,0.3243718093784,0.1612525740472,0.3986418973368,0.2211502608700,0.2721014278885,0.0742228298158,0.1928349542081,-0.3142282772650,-0.1203845365094,0.2598533471716,0.1652313016288,0.0489603512576,-0.3048483968583,0.0992947704039,0.0129347277387,0.0323956672093,0.3132270941722,0.4788066245345,0.0380225716244,0.1855594213221,0.4203301081399,0.1471175089012,-0.0343248972013,-0.0906448428571,-0.2127031442793,0.6697510967097,0.1275871486143,0.1475333908550,0.1036409446373,0.2595898880894
0.5093510900344,0.3387340511299,0.4256721694642,0.8325250337370,0.5442266364759,0.5466738605057,1.0000000000000,0.4563626548475,0.3010611159206,0.1082535026962,0.0157783985571,0.1852485455751,0.3364516608146,0.4520870124810,0.6270098191466,0.4083754175372,0.4835841918334,0.0998578383714,0.3433086304746,0.0303230636427,0.3254966813869,-0.0840834382472,-0.2161933871412,0.2590741454791,0.0916298446022,0.0446454753660,-0.1826729196796,-0.3490407288155,-0.0193675448844,-0.1556585532671,0.3993382643979,0.0102663797404,-0.0741565685303,-0.0596684084798,0.4757195134401,0.5908288997642,-0.0255447608693,-0.1502202144173,0.3497832729969,-0.0916374548866,0.0211087250751,0.0534988302095,-0.0693181678775,-0.1166998962608,-0.3570570096562,-0.2437171790503,-0.0395321388011,0.3635137381660,-0.0318679530933,0.3188570504257,0.5921816244062,0.2882475935991,0.5916565109447,0.6843538582540,0.5752393299950,0.9156846312736,0.0240201841349,0.3634690127234,0.5033457400151,0.2510398681814,0.0233309058135,0.1661626004211,0.1522734076333,0.3523951776112,0.5294163996952,0.4056938679973,0.3100493425452,0.2169523994224,0.5578803436744,0.1116726625291,0.3480603714182,-0.3017986114380,0.1565912138054,0.0080071546184,0.0616662414342,-0.0638842174618,-0.2986569686814,-0.1124122505773,-0.0217925311892,0.2753610935408,0.0521527868432,-0.1570150747300,-0.0822419943468,-0.0694232112278,-0.2524379289842,-0.1760872492879,-0.0645694745812,0.8461406984266,-0.1297073587435,-0.1949134161662,0.2348821447517,-0.3037596303944,-0.0798339543577,-0.3250033845531,-0.0703383007098,0.3940026514978,0.1766236645035,0.0713931560758,0.0503596205800,0.0771645581222
-0.0716729427361,-0.0843771225384,0.0213199572991,0.4303891183107,0.2036738692524,0.4092912147238,0.4563626548475,1.0000000000000,0.7355076828423,0.1985933698945,0.2108325619756,0.4783043703057,0.5810615612874,-0.1055801648614,0.2441987843569,0.6226269451342,0.6635085700955,0.5065783468250,0.6201468689745,0.5606865304548,0.4094080783450,0.0871095691351,0.0403680571792,0.5859530270612,0.6027516908691,0.1134778257415,0.2424331643133,-0.0844467781146,-0.1408484107284,-0.1636383395071,0.5874723088981,0.1882855702565,0.3786526053843,-0.1859966238293,0.5304138230408,0.4550036635775,-0.0069349865061,0.2828245921710,0.0680429848275,0.1109063820643,0.0195614712370,0.1632627394160,0.1054363721199,0.2361112693338,0.1446255179228,-0.0197467659782,0.0586007986525,0.3314265379701,-0.1619599812628,0.2691486691726,0.1489054694354,0.1031503401742,0.2686203137992,0.1995627907258,0.5514736627394,0.4220014517286,0.7160274286052,0.8808788178528,0.8704899808404,0.6840023346085,0.2765528098400,0.3849022446468,0.4027369619653,0.6767504573962,0.2660606369298,0.2473110296938,0.3451589314210,0.5813774174187,0.6174141844721,0.6205656426949,0.3669460515286,0.0359377281044,0.5446402994387,0.5338905278412,0.2844996269985,0.0264446207001,-0.0157791048758,-0.1822496065385,-0.1280113652775,0.5026603917817,-0.0449498673033,0.3787962843860,-0.1062869665907,0.0412891668385,0.3540107791645,-0.3584353001343,-0.0752506080369,0.4032184133176,-0.2240786881997,0.2433362787048,-0.0575037937645,-0.0155680964157,0.2014182431312,-0.0271930523779,0.2269365053562,0.2157063176595,0.0122766379715,0.2469579383066,0.4133749904001,0.1869567703391
-0.2473691437082,-0.2852691230381,-0.2438120153832,0.3712221238393,0.0100329256040,0.2731556968699,0.3010611159206,0.7355076828423,1.0000000000000,0.0951536700846,0.3081428361090,0.5520609708474,0.5416388009061,-0.2233748114540,0.1114962215777,0.6437919510129,0.6211207968885,0.4694585818921,0.5739041109522,0.8003819032272,0.4329982851237,-0.0156241613914,0.2586479771953,0.6600726354247,0.7282447918768,0.2083417834132,0.2629785306827,-0.1772907862469,-0.1447871065949,-0.1562232128308,0.5212312094838,0.2721731026086,0.5163618920241,-0.2104304463021,0.5774080853755,0.5134544822172,-0.0801467429858,0.4181617878761,-0.1081020603911,-0.0503257474803,0.0330712604032,0.1409557901282,0.1005045408730,0.2447179476750,0.2311761253053,0.0340483002697,0.0868557841283,0.2093060163082,-0.1402099127498,0.1822657938899,-0.0798195889425,-0.1512945789472,0.1244905773374,0.0303099233151,0.4263001504279,0.2412231098247,0.6175414087942,0.7355922022133,0.7770022025409,0.9575673349915,0.2019325154361,0.4453605463437,0.3965864816497,0.6194592236990,0.0046385342514,0.1557183285066,0.4587937508160,0.5034917109577,0.6580809492248,0.8306801468284,0.3600269717337,0.1754971848704,0.6738687638436,0.8059921414352,0.4181941275574,0.1332227931317,0.0977612631237,-0.1345050512563,-0.0935347556143,0.6041470663513,0.0223118087507,0.4999482487520,-0.2142347076121,0.1054330218529,0.3784827610217,-0.4299984457346,-0.1445537321323,0.2862603098849,-0.1146263600226,0.3271736431043,-0.2291307409063,-0.0725699466873,0.3089058293944,-0.0788502127245,0.1878725390059,0.1375671012010,-0.0616248227023,0.0953480390333,0.3581469338260,0.2571832691769
0.1226058647130,0.1296981511760,0.2277478528450,-0.0133116308601,0.0861012847379,0.3711751934089,0.1082535026962,0.1985933698945,0.0951536700846,1.0000000000000,0.3294669650261,0.4403880264763,0.3548307175995,0.1369820860179,0.0929167230059,0.0027722380638,0.2782162817812,0.0000768531749,0.1913825765971,-0.0388329583328,0.3395306433712,0.6335523509739,0.1259672901045,0.3058209127848,0.0362494222822,0.2313100775402,0.2473486531094,-0.0502337663594,-0.0227994960733,-0.1382567698640,0.2441115063352,0.2515570377403,0.1746597379767,0.1656791022357,0.0668146380071,0.1978494266395,0.3555771959550,0.0097736321551,0.3194624533768,0.2401870827594,0.1850463944629,0.2732132254008,0.1316246621392,-0.0384622438911,-0.0828000047965,0.2087893512020,0.2516490127578,0.3278137564035,0.1564608095232,0.4859445174134,0.0150005287075,0.1047053837400,-0.0344958767084,0.2112660964198,0.2585317036240,0.0406867498307,0.2209950640723,0.0583916535101,0.0846867479247,0.0506172031874,0.8922235219903,0.3631175524658,0.4845719401640,0.2968806232788,0.0091931665075,0.1956098150789,0.0625668358250,0.1351206442356,0.0993752083352,-0.0367021898495,0.3513199269341,0.3112436070259,0.1635780773026,0.0597799533000,0.1523558644415,0.0499361193876,0.1323713335191,0.0515047325208,-0.0728090668303,0.1011809253877,0.3560332805977,0.1262316030909,0.0000681535851,0.0797420310417,-0.0608723804952,0.1578107022884,0.2962262488676,0.2396020013952,0.0739931856250,0.0790797521232,0.3209438624341,0.0528232589084,0.0398038304340,0.1223332795490,0.2750982390356,0.3395373421294,0.1032450982843,0.2340365662942,0.2891145158237,0.3254803574104
-0.1321341675389,-0.2069303265769,0.0048151576663,0.0944554995552,0.1509638653331,0.3572430196693,0.0157783985571,0.2108325619756,0.3081428361090,0.3294669650261,1.0000000000000,0.7276270956939,0.5154833579247,-0.1008273377843,-0.0506234875381,0.2766741929041,0.4611780986285,0.5008155864071,0.1986732377630,0.4247452352129,0.5025322159931,0.2440060170371,0.7037233677349,0.5505358094187,0.2088617236399,0.4344939657775,0.5437914555262,-0.1821437643423,-0.0572778406376,-0.3572863066783,0.3945588401573,0.5491050006918,0.4176511863700,0.1406413345889,0.3227978543839,0.1527933547696,0.4091389030721,0.2356740847774,0.1803080043540,0.3006529064566,0.1216608906761,0.2480804865834,0.2789780287440,0.1296177446633,0.2512863432886,0.1145904277089,0.1964775688961,0.4157453688065,0.0370149433214,0.3136488722992,0.0059783643106,-0.0972229195424,0.1163945592136,0.1383347782962,0.3516091191485,0.0703663799070,0.4012769415231,0.1743862514483,0.2141694087828,0.2777888695616,0.3323589595639,0.7880352576469,0.5628694017095,0.3457775488457,-0.0429667909175,0.1592536103545,0.1147762766794,0.4891419136147,0.1560465838371,0.3306973771349,0.4093132825894,0.5973444413584,0.5037466847146,0.3585108936868,0.4603685201640,0.3115002584039,0.4500739259205,-0.1724667238398,-0.0910635664808,0.2887088132979,0.3349997811237,0.3178854767807,-0.3255312174325,0.0869425903918,0.2043715644248,-0.0926074471651,0.3210607565097,0.0524533116100,0.2436441259670,0.2046829197466,0.2011481612043,0.3466631770504,0.2570401626495,-0.0680042266439,-0.0669252529921,0.3600670582126,0.0088431913525,-0.0010515353956,0.1267912877495,0.5422232721844
-0.1703627352663,-0.2680871426577,-0.1375939167702,0.2174221190058,0.0473218203970,0.3854986968697,0.1852485455751,0.4783043703057,0.5520609708474,0.4403880264763,0.7276270956939,1.0000000000000,0.6430343935578,-0.1265055521655,0.0911619543612,0.4433501408285,0.6453723536039,0.5312034743182,0.2765899479637,0.5401152316473,0.6183219639392,0.3215298140975,0.6415394476318,0.6410750243595,0.3649160942921,0.3171813217326,0.4274319312639,-0.2469283979115,-0.1105731204841,-0.3479317422797,0.5662727801606,0.5044101129351,0.5492692954457,0.0336376856222,0.4521704815089,0.3256206044749,0.2608343974612,0.2756567956003,0.1394616082654,0.2091310295833,0.2463512746415,0.4223056918912,0.2059239897760,0.1883561189514,0.1421479030058,0.2154579924101,0.3233132324025,0.4462161144544,-0.1531622306423,0.5064224610090,-0.0618072805909,-0.2075762660510,0.0869966315814,0.0928970098693,0.4105222734411,0.1712701664816,0.5258559635840,0.3850000535068,0.4946116902794,0.4631339035393,0.4688835055840,0.7728248698108,0.7674159696499,0.6009655014971,-0.0250169433638,0.2587035410535,0.2489491319969,0.6112576151909,0.3455607497766,0.4718210389014,0.5565142245770,0.5764205522239,0.6049465976687,0.4729547992464,0.4241508851893,0.1404836513254,0.2530350927235,-0.1163147260420,-0.0892901761477,0.5241948262027,0.3212984963371,0.4902734271726,-0.2870457223653,0.1042666130431,0.1992834658111,-0.2438928498444,0.1594452370002,0.2189551005453,0.0691846878295,0.1568851870212,0.0730369885987,0.1625328814646,0.3020879409647,0.0184139399206,0.2637248991407,0.3540256960344,-0.0748737798036,0.1743667595228,0.4532701531352,0.5236672360422
-0.0188988522199,-0.1621276080664,0.0512839644807,0.2287205144567,0.2628210429864,0.4524346187353,0.3364516608146,0.5810615612874,0.5416388009061,0.3548307175995,0.5154833579247,0.6430343935578,1.0000000000000,-0.0974724109165,0.0586295405184,0.3217796193197,0.8022917156711,0.4577656361058,0.2450315990626,0.4994423834523,0.5821926307926,0.1906193315246,0.3054855066309,0.6148846442036,0.4512213924051,0.2527525424886,0.3731710923693,-0.3381319844659,-0.1747986116216,-0.3782763512635,0.5495988690144,0.3084802224611,0.5984960350774,0.0347199460697,0.3423148170348,0.2778273147575,0.2521982621717,0.1940008337214,0.2100745344304,0.1017537942149,-0.0534916405737,0.1403421424434,0.1047830172428,0.0444789184869,0.0785165143542,-0.0044037325522,0.1141470878582,0.4099964020482,-0.1140125174879,0.2519306441509,0.1497381259317,-0.1087414776964,0.0926526162920,0.2805157674805,0.4859451003412,0.2890291442219,0.6272374823177,0.4583681988362,0.4949215419410,0.4361456136658,0.4050055709665,0.6173724444537,0.6225932399060,0.8291711698332,0.0114578696377,0.2117359397705,0.1805259826863,0.6293839653745,0.2807557044672,0.4644165499952,0.5657157793048,0.3163675402539,0.5468165585276,0.5456317606841,0.4268980547392,0.0352843066214,0.1850653552091,-0.3098423331921,-0.1706587775918,0.4865684610001,0.1790294743745,0.3662211665773,-0.3646998197945,0.0629301114429,0.0812303418653,-0.1873097144449,0.1972907265107,0.2955788305982,0.0199680225972,0.1166104131886,0.1607162617268,-0.0391267989247,0.0702816082038,-0.1297559844026,-0.0007956933065,0.3351092447977,-0.0407080768502,0.1619692636810,0.1302537409791,0.4046706590711
0.7669009831518,0.6963647355489,0.5493902324274,0.4014525559016,0.3374262638769,0.1388481044651,0.4520870124810,-0.1055801648614,-0.2233748114540,0.1369820860179,-0.1008273377843,-0.1265055521655,-0.0974724109165,1.0000000000000,0.5444240985591,-0.0188206320146,0.0006696925193,-0.1725389350227,-0.0007248837136,-0.3732715539068,0.1062017582387,0.0660197100417,-0.1655264404009,-0.1570270107840,-0.2319363375593,0.1031224824878,-0.2095295005268,0.0149726126170,0.2137831457859,0.2667803220718,0.0219364587743,-0.0004383377494,-0.2602600592964,0.0822461104412,-0.0308983184461,0.1704087141133,-0.0115121172487,-0.2226817467932,0.2179588347517,-0.0079268113054,0.2040174638903,0.0560782789044,-0.0677158029531,-0.1630794058234,-0.3522459152295,-0.0495125759477,0.0578209830997,0.0013613922986,0.3228299190920,0.2317912600223,0.5745998269283,0.4904840150291,0.3466033712089,0.4437858008210,0.0701349305957,0.4369683448432,-0.3271081766669,-0.1884044922502,-0.0957998067973,-0.2430232387851,-0.0725329555698,-0.1408613065323,-0.0747503543917,-0.1760155301561,0.5878362538660,0.0445893272046,0.0117089446646,-0.2301166220364,0.0262544660816,-0.3379846500670,-0.0245906498878,-0.2104951701480,-0.2883695801847,-0.3560126695749,-0.1954605709270,0.0683195876519,-0.1624355323757,0.1393868806506,0.1372459445579,-0.1905658525074,0.1676966240980,-0.3363778757963,0.2843604179173,-0.1526259750378,-0.3572872022922,0.1576026753934,0.0084565068604,0.4834838067773,-0.0295587354510,-0.2769068524487,0.2542663962009,-0.1054795467024,-0.1761136539964,-0.1317248328613,-0.0882193677292,0.1283291940398,0.4908066457418,-0.0498373400828,-0.1346953034972,-0.0504708816620
0.4647465628552,0.3909741965914,0.2736836048266,0.7255990955848,0.3570301820888,0.1975186441933,0.6270098191466,0.2441987843569,0.1114962215777,0.0929167230059,-0.0506234875381,0.0911619543612,0.0586295405184,0.5444240985591,1.0000000000000,0.2003142314172,0.2432415694140,0.1155170504538,0.1630392839623,-0.0840899254690,0.1696697969367,-0.0805592009634,-0.2600107258974,0.0322028172899,-0.0572576375897,-0.2194188828548,-0.2981042842508,-0.1664449558317,-0.0091613346414,0.0199685451945,0.1794036450906,-0.1649756701172,-0.2050252508242,-0.1240242033688,0.1805782389621,0.2988936488612,-0.1032730384065,-0.2130316871565,0.1285151516132,-0.0191650605080,0.0892138319242,0.0553037276454,-0.1890690042142,-0.1084371979600,-0.3376549502156,-0.2500384401502,-0.0185115200539,0.1146654265333,0.0419872459930,0.4699095483990,0.5103542820881,0.3320444747749,0.6269213423276,0.3613323933180,0.2599465718271,0.6069575842825,-0.1290051790513,0.1531616114980,0.2875820746109,0.0876936455541,-0.0413774244522,0.0075862290409,0.1221701415330,0.1478051638358,0.7512284274508,0.3605610441733,0.1190720848602,0.1148555324325,0.3412878403720,-0.0407719677692,0.0833231915169,-0.2849125333446,-0.0499075515528,-0.1316826166777,-0.2322269979409,-0.2606955598775,-0.3587785552553,0.0020934300335,-0.0086483946318,0.1010394080938,-0.0487402471253,-0.2105026740611,0.0621170133339,-0.2477541618238,-0.3507997615411,-0.1716224260494,-0.1184854350304,0.4882067233772,-0.2537399126426,-0.3305369940027,0.0861725596407,-0.1706835908991,-0.1293249407522,-0.2717411015064,0.0490351636294,0.1592397359338,0.2723097034107,-0.0291432552714,0.1232022565273,0.0428800340157
-0.1008626687188,-0.2089385518754,-0.1355635554962,0.5970545625896,0.0962596147877,0.2883476750533,0.4083754175372,0.6226269451342,0.6437919510129,0.0027722380638,0.2766741929041,0.4433501408285,0.3217796193197,-0.0188206320146,0.2003142314172,1.0000000000000,0.5213610845418,0.5129248093563,0.6989871881811,0.6323560171470,0.3886837189723,-0.1295228371610,0.2691567733167,0.4804085818680,0.4624630373286,0.3073756619757,0.2808848927162,-0.1495584201772,-0.1358898643857,-0.2073929599245,0.6192011941306,0.3962996641864,0.3707949220089,-0.0535793869438,0.7653300861862,0.7821783437083,-0.0538177688086,0.4087227649711,0.0654583598244,-0.0083863104632,0.1615029419108,0.3072426512785,0.2793774520837,0.3082444156402,0.2724078188379,-0.0047946623706,0.2024274629125,0.2540634344612,-0.1271797330816,0.2271922287616,0.0358732223933,-0.0664768626108,0.3899411071770,0.1204633433784,0.4128444917873,0.3968923961016,0.4192099154566,0.6129625074261,0.6746925160221,0.6625158653354,0.0444059016400,0.3307716882503,0.2809389093201,0.4206272218657,0.1312105076162,0.2469877587725,0.7208059145244,0.4592202350036,0.7965347481128,0.6382612297957,0.3314233299082,0.0267040388581,0.4814131989235,0.4378746038962,0.4653320558776,0.1356852976314,0.1361913230046,-0.0179559491156,-0.1446799401785,0.6429285842969,-0.0250166344271,0.4607724098354,-0.1388017842834,0.3042439738468,0.4083094971969,-0.4304969455686,-0.1193317904216,0.4661646119683,0.0715583888763,0.2560806253716,-0.0984576154679,-0.0441308874116,0.3930115879790,-0.1644125962440,0.1111140489694,0.1240312571015,-0.0738419857463,-0.0490667967787,0.4138467676081,0.2245708792712
0.0057712572114,-0.1896852646486,0.0007547388930,0.4673058431911,0.3068061408369,0.4994090250270,0.4835841918334,0.6635085700955,0.6211207968885,0.2782162817812,0.4611780986285,0.6453723536039,0.8022917156711,0.0006696925193,0.2432415694140,0.5213610845418,1.0000000000000,0.6435772514374,0.3649824361073,0.5799506835553,0.6855241020204,0.0972164244226,0.2831968341890,0.6654107266678,0.4379136092832,0.2649029322455,0.3873799526604,-0.3092920302972,-0.0975893733750,-0.3106113183020,0.7472002681673,0.2915386089279,0.5957994751625,0.0337270331882,0.5028093585477,0.4169880527495,0.1306180081724,0.2613594033398,0.1472854415634,0.1006058797215,0.0817892976577,0.2382367311968,0.0523451491563,0.0890470396894,0.0651651717601,0.0092778210937,0.1346944097768,0.4150729155564,-0.1073097625154,0.3125756881144,0.2003464044530,-0.1241271042472,0.2714675196607,0.3136599724005,0.5785440975528,0.4306102769802,0.5111385105261,0.5335762397872,0.6370968554181,0.5307394914731,0.3368774404946,0.5943169913465,0.5610585252339,0.7585775258490,0.1694761526613,0.3034031488684,0.3850960557837,0.7430576593826,0.4608816226372,0.5721621746758,0.5960876840672,0.2498638295971,0.5634679143070,0.5176205029437,0.3786116094097,-0.0257739200296,0.1772491456127,-0.2610043667238,-0.1133521369964,0.6848458943964,0.1454012832942,0.4483605523581,-0.2975938716567,0.0820120716658,0.1107398793001,-0.2449968023970,0.0591472714492,0.4157156250117,-0.0440868715964,0.1582586597124,0.0685933768891,-0.0334834666587,0.1503799681226,-0.1666632932361,0.0613127523980,0.3232224892768,0.0406222277163,0.2172569501190,0.3127620119204,0.3951902928723
-0.2074052044923,-0.3338788097687,-0.1080296568347,0.2736322327614,0.2280100899562,0.3721955986037,0.0998578383714,0.5065783468250,0.4694585818921,0.0000768531749,0.5008155864071,0.5312034743182,0.4577656361058,-0.1725389350227,0.1155170504538,0.5129248093563,0.6435772514374,1.0000000000000,0.2386757137130,0.6710017995210,0.5210191769261,0.0110015263105,0.4610882791818,0.6245320900944,0.3139001417975,0.2262440720196,0.4811860448034,-0.1018762910557,-0.1179554061926,-0.2679496094012,0.6570717681858,0.3065266879107,0.4787164596297,-0.0393021628416,0.4056396273638,0.1486388155455,0.2212250928575,0.2912745870739,-0.0241013188020,0.2088945223855,0.0225177724892,0.2280545459943,0.0907368813298,0.1263798648268,0.3237405292123,0.0542988483514,0.1032754800634,0.3148730804785,-0.1529512675271,0.2343221337786,0.0727933809408,-0.1524371208947,0.2647686082269,0.0857214331196,0.4498833272538,0.1690932256081,0.5348389464462,0.4795187132669,0.5691549145423,0.4189358150899,0.0734391483268,0.5325634738029,0.3860314693316,0.4519907486952,0.1682419324427,0.1036699304861,0.2513552621378,0.8175758266978,0.3112763744612,0.5963047771686,0.3625738256861,0.3931415004795,0.6060362161944,0.4847723127410,0.3988886327607,0.0930133604532,0.3299441359363,-0.3492165754334,-0.1687865705298,0.6334603379844,0.0648117205460,0.4503794953804,-0.3608645099659,-0.0219472554382,0.3191225730547,-0.2790354348431,0.1198103772586,0.0386791637586,-0.0319633600261,0.2270634969406,-0.0561579430468,0.2188118113685,0.1586342491555,-0.0412158934431,-0.0235113652648,0.1729879560097,-0.0288617894570,0.0870483266555,0.3203717302736,0.3807823111744
-0.0090003444900,-0.0698752212948,0.0997674256512,0.4307534632622,0.1665687330849,0.3126494406646,0.3433086304746,0.6201468689745,0.5739041109522,0.1913825765971,0.1986732377630,0.2765899479637,0.2450315990626,-0.0007248837136,0.1630392839623,0.6989871881811,0.3649824361073,0.2386757137130,1.0000000000000,0.4566689936257,0.3439722506499,0.0027376820202,0.0945569286036,0.3921411441655,0.4984298702957,0.3058982072664,0.3028995706354,-0.1080756237218,-0.2682117119786,-0.2572125208742,0.3972013644642,0.3324749871585,0.2370573350797,-0.0160409873269,0.6111797763828,0.7246310781731,0.0386530147528,0.3478378380336,0.1213490585649,0.1178241019230,-0.0059092047744,0.1450407198038,0.3318082538864,0.2519940274167,0.1343392186450,-0.0424757695224,0.1745378378989,0.2315775708020,0.0108846139527,0.1559217209930,0.0993969632150,0.0860323674134,0.2875788414211,0.2127267610302,0.3853671655642,0.3532389555398,0.4048008105333,0.6274677359687,0.5845740579270,0.6435009750903,0.1971464203203,0.2195965104975,0.2057062161050,0.3065108179985,0.1207820613904,0.2076008378606,0.6871302124338,0.2326836566878,0.8485450752293,0.5778758485465,0.2974496277735,-0.0199508756181,0.3171068127619,0.4168352787089,0.3936165674860,0.1945589152610,0.2006840247862,-0.0745065285829,-0.2859315592881,0.3004283621640,0.0237943669178,0.3193529067210,-0.1199629896721,0.3031280802466,0.3457706442844,-0.2203432267252,-0.0075338433999,0.4061996088624,0.0980589990550,0.3834727305785,0.0218279037565,0.0826055036057,0.3333535781128,-0.1695508658635,0.0741708117535,0.1553121976058,-0.0114535998307,-0.1196877579539,0.2357906016003,0.1701177444868
-0.3909388791943,-0.5055012485052,-0.3372979668052,0.1962833168319,0.0000069848416,0.2150271637853,0.0303230636427,0.5606865304548,0.8003819032272,-0.0388329583328,0.4247452352129,0.5401152316473,0.4994423834523,-0.3732715539068,-0.0840899254690,0.6323560171470,0.5799506835553,0.6710017995210,0.4566689936257,1.0000000000000,0.4618095270349,-0.0955625686412,0.4815212206555,0.6494222001344,0.6962954617401,0.3156207784105,0.5026824782201,-0.1277340535329,-0.2072531968596,-0.2622056061764,0.5631321216508,0.4369309936218,0.6639976813026,-0.0243384135189,0.5440271055999,0.3819108581441,0.0303379793600,0.6270824459926,-0.1175811533701,0.1278522207380,0.0398106180377,0.2099347133349,0.2545297803931,0.3596359825989,0.4994947162667,0.1610041127256,0.2047631565451,0.2145714678376,-0.0871151418165,0.0847545638465,-0.1794922474406,-0.3594529529873,0.0116289934491,-0.0932533403451,0.3114922103976,0.0240709141747,0.6201412051131,0.5901403359165,0.5993128383091,0.7776809201540,0.0715040448399,0.5103484096589,0.3757154813161,0.5141591203402,-0.1755101236135,0.0934092831223,0.4574184766394,0.6070133074267,0.5082112651198,0.9187496657615,0.3496569001770,0.3277562193687,0.7121703265916,0.8389406875103,0.5353846211145,0.1264882011167,0.3591346277607,-0.2144471441155,-0.2063027575766,0.6530998996952,0.0133153184767,0.6001596606371,-0.3667638380956,0.2057092949023,0.4570702847667,-0.4044140801620,-0.0626337203946,0.0068779963306,-0.0118786754709,0.4502152119410,-0.2431709791470,0.1269530703368,0.4083821274291,-0.0230623225928,0.0532152393752,0.0814613786422,-0.1243973655341,-0.0284533456028,0.3207415579120,0.3011892789132
0.0274551528781,-0.0858150415702,0.1080849735531,0.2951837988270,0.2052665196452,0.4207254926021,0.3254966813869,0.4094080783450,0.4329982851237,0.3395306433712,0.5025322159931,0.6183219639392,0.5821926307926,0.1062017582387,0.1696697969367,0.3886837189723,0.6855241020204,0.5210191769261,0.3439722506499,0.4618095270349,1.0000000000000,0.3064142544973,0.3847779695638,0.6536037951833,0.2686835132794,0.4196475222356,0.3401203158233,-0.2735408537700,-0.1230279024677,-0.2863844685410,0.6494850589323,0.3573157442093,0.4734643829143,-0.0009956757974,0.4317131922110,0.4027073446527,0.2658009748169,0.1491994578673,0.2027292888387,0.0601473764705,0.0395371311112,0.1911258606176,0.1070821553031,-0.0369411183828,0.0181156371393,-0.0089516288120,0.0877174819634,0.3318889729301,-0.0332448771427,0.3409271444289,0.1429125119768,-0.0524057394883,0.1680818817196,0.2585826857372,0.3644328291490,0.3059103871787,0.3674915676148,0.2876064648933,0.4709823561263,0.3409223133695,0.3363963042106,0.5958082352831,0.5504407592883,0.5087413064057,0.0826383178174,0.1295617387206,0.2487741673950,0.5981428192193,0.3890129573220,0.4141734391207,0.6752008941545,0.4011601621562,0.5045542714643,0.4201543938866,0.5571683037297,0.1939770950971,0.2044892011214,-0.2053528270271,-0.1573745637708,0.4970709686905,0.3481848991483,0.2807965847980,-0.2806895755144,-0.0810686483617,0.0173518026889,-0.1650639774605,0.1823383845800,0.3888628973434,0.0567690231797,0.0836339591773,0.1458258667852,-0.0030344073873,0.0586277704377,-0.1440078918298,0.0306993475886,0.3098155262836,-0.0007982690504,0.1149377683489,0.2356756403126,0.4951855511411
-0.0079300188252,0.0557097082207,0.1094992127567,-0.1924778675902,0.0199844621806,0.2237841190955,-0.0840834382472,0.0871095691351,-0.0156241613914,0.6335523509739,0.2440060170371,0.3215298140975,0.1906193315246,0.0660197100417,-0.0805592009634,-0.1295228371610,0.0972164244226,0.0110015263105,0.0027376820202,-0.0955625686412,0.3064142544973,1.0000000000000,0.2269779204096,0.2128879706499,0.0101528733903,0.2069152380919,0.2246535445093,0.1763862286016,0.1994233908767,-0.0054015542742,0.0640653373046,0.1220786854156,0.1476545612367,0.0168443905300,-0.0472196855776,-0.0561690027224,0.2392046020731,-0.0449040173462,0.1239354094409,0.1594725848885,0.2083262786243,0.2215016192077,0.0318332590958,-0.0579089558265,-0.0429765545280,0.3389821976118,0.2172536875970,0.1573673685518,0.1761209966508,0.2579098354403,-0.0467586946679,0.1145522858915,-0.1507935803408,0.0217063923587,0.0729224807506,-0.1045874045636,0.2024823484669,0.0025552188033,-0.0319017186185,-0.0764389861811,0.5834599610505,0.2277847150092,0.3025223086564,0.1361358220795,-0.0423971637558,-0.0951992105376,-0.1415604322871,0.1161340629715,-0.1124721381351,-0.1137314942071,0.2576697845440,0.4218628378606,0.1469773017405,0.0565580861214,0.1279676016014,0.1233882681905,0.1367151364353,0.1587986906449,0.1565666423112,-0.0825905716977,0.2032899346230,0.0478829122526,0.1757504949009,-0.1279152563400,-0.0725846422393,0.1545374299950,0.2223094624596,0.0028084334288,0.0227274522663,-0.0194953819895,0.1232966153980,0.1236554886512,-0.0313914826078,0.3688402583180,0.2299138369802,0.1168650723909,0.1579574885035,0.5231178222439,0.2380390594071,0.2813380365884
-0.2626743600815,-0.3542325112358,-0.1442058326339,-0.0541680854460,-0.0466221356022,0.1952890386925,-0.2161933871412,0.0403680571792,0.2586479771953,0.1259672901045,0.7037233677349,0.6415394476318,0.3054855066309,-0.1655264404009,-0.2600107258974,0.2691567733167,0.2831968341890,0.4610882791818,0.0945569286036,0.4815212206555,0.3847779695638,0.2269779204096,1.0000000000000,0.4117821597648,0.2546644077009,0.5176728487354,0.6310287968331,-0.0789173771925,-0.0113022330557,-0.2695341102625,0.3340039285185,0.6852612587180,0.5775667420602,0.2029670009046,0.2820002605123,0.0606396037727,0.2978466615499,0.4067933851676,-0.0105610880277,0.2609589355350,0.2042961520159,0.3164349011171,0.3473869645626,0.2270518403212,0.4104000342236,0.3991503597443,0.3994985284429,0.2165774989607,0.0097155965351,0.1759905142545,-0.2095687833856,-0.2636137663664,-0.1105962913772,-0.0440407491315,0.1524580836444,-0.1710170082606,0.3377601528508,0.0367026890338,0.0459863421559,0.2235534961934,0.1704122170081,0.5466092933842,0.4210048100330,0.1666189507688,-0.2825985025770,-0.0623283410482,0.1543450577656,0.3731405921451,0.0177187221157,0.3892685303585,0.2362808086225,0.7957651840277,0.4469158890264,0.4120912560726,0.4416024701040,0.3404946431940,0.6035114906125,-0.0632587893411,-0.0057885121217,0.3121258229831,0.3840798379541,0.5180812389385,-0.2557995288610,0.2288457592852,0.3348099661561,0.0006069417428,0.2324742745075,-0.1868298914428,0.3452174294629,0.3362673354558,0.0157824911610,0.4279615947373,0.3695491827565,0.1475073498384,0.0377471870859,0.1485864410650,-0.0479650539505,-0.0197467738009,0.1985831958225,0.4566854222393
-0.1630102655868,-0.2435768516355,-0.0639220334909,0.2445525319873,0.1903176420352,0.5008736857314,0.2590741454791,0.5859530270612,0.6600726354247,0.3058209127848,0.5505358094187,0.6410750243595,0.6148846442036,-0.1570270107840,0.0322028172899,0.4804085818680,0.6654107266678,0.6245320900944,0.3921411441655,0.6494222001344,0.6536037951833,0.2128879706499,0.4117821597648,1.0000000000000,0.3789906891430,0.3748014849666,0.4910691553576,-0.2086010228619,-0.1643116471539,-0.3303252802862,0.6556400472066,0.3830828942561,0.4815744016721,0.0152038189225,0.5572793898657,0.4005778631109,0.4228042830897,0.3305605955808,0.2696793235285,0.1437834093183,0.0159314580017,0.2485944517502,0.2519440822438,0.0754206451574,0.1891923046535,0.0423826030167,0.0517444961052,0.4663213282931,-0.0428127988212,0.3207193044170,0.0147555200418,-0.1266992128329,0.1172749373611,0.1906782850194,0.5565573057305,0.2607746934270,0.6344342066279,0.5008129641416,0.5793901350511,0.5812952817505,0.3623919738736,0.6075779622204,0.4307774413701,0.5297248153602,-0.0038814290549,0.2662709420570,0.3359240276624,0.6547246724972,0.4312259286639,0.6152701658871,0.5001742100179,0.3625208086129,0.8728712518957,0.5925865149045,0.5665251216798,0.1437547683865,0.3382558344609,-0.3049604837720,-0.1748510032455,0.5983181565184,0.1781781160199,0.3544775499551,-0.3303091750456,0.1337171000142,0.2135174294640,-0.2556560092149,0.3329045478001,0.2916170420453,0.1097077815993,0.3511055626390,0.1609527388611,0.1332757309947,0.1952119513168,-0.0748966423186,-0.0506770755079,0.3830694883405,-0.0234141754740,0.2009116645086,0.3033988245896,0.4417164569598
