1.0000000000000,0.7184069957834,0.7174354701705,0.6406922393560,0.7122225172347,0.3599373340783,0.4137076749326,0.0960605068460,0.1440993286861,0.1089361721502,-0.1240245028342,-0.0500450510071,0.1472933336016,0.7590640294424,0.4572763631619,0.2822626876963,0.1371160808662,-0.0636256991675,0.2545146570807,-0.1357612880530,0.0312351996218,-0.0508701698159,-0.3968606786026,-0.0605382145359,-0.2055367312375,0.1516513397486,-0.3010907728318,0.2043645881258,0.2096827296411,0.1743911758125,0.0261549351231,0.1014542590038,-0.0702608143809,0.2180197510919,-0.1068168666248,0.3098862462696,-0.1597497001492,-0.1787429548090,-0.2301987225948,-0.1784238169204,0.1814887389703,0.0765669312067,-0.1994174560494,-0.1626153633732,-0.2023053082530,-0.2253596505168,0.1943850842386,-0.0753579085984,0.1622989605342,0.2730331132836,0.9002833790243,0.7466169594710,0.6142045248276,0.5263195795391,0.4504129964061,0.6322803257738,0.0405950571807,0.0992865983758,0.1225496602873,0.2438859168843,0.0310369391585,-0.0621731752929,-0.0734558145741,0.1582290528560,0.7137969608149,-0.1059694351974,0.1237569411110,0.0270702987517,0.2942204444552,-0.2115985121269,-0.0653566802767,-0.2179745426625,-0.1921184031304,-0.1683376219268,-0.0807280103244,0.0016195405584,-0.5549864767395,-0.2339261932894,-0.0162579097908,-0.0047319217046,-0.1650673092486,-0.2284570713083,0.1249722722173,-0.3801974435921,-0.3908691495328,0.0631990778833,-0.2810173224215,0.0334383575245,-0.3956483997907,-0.2557635986801,-0.2026671379850,-0.3548753503923,-0.3013474487043,-0.3316948201637,-0.4402069317709,-0.1001085666034,0.5111580022421,0.0648170115420,0.1369612855533,0.0470433003755
0.7184069957834,1.0000000000000,0.5166907172612,0.4803503833058,0.2463608287574,-0.0129446153802,0.1259736443419,-0.1580638944503,-0.0664968029575,-0.0678802683779,-0.3510505659550,-0.2442335161892,-0.0983552027110,0.7378647230822,0.5193570538719,0.2212074399544,-0.0832310476100,-0.2954408935819,0.1149996241941,-0.3287115569498,-0.0709959698211,-0.1013467848421,-0.3973285286986,-0.0684999072417,-0.2939231208385,0.1986747326391,-0.2305730425525,0.3877884000903,0.4228427019298,0.4645907227187,-0.0255549237561,0.0226302522939,-0.2274618644164,0.3543382302316,0.0695276831183,0.3732510318648,-0.0160874321577,-0.1329679257791,-0.0984726509718,-0.0310937293676,0.1747678258013,-0.0316556715768,-0.1574807912912,0.1236379607100,-0.2350940518514,-0.1863103738386,0.1988876715231,-0.1504423106029,0.0277860532981,0.0559268350408,0.5547931643669,0.8382988956271,0.6317304710280,0.2030239743431,0.1648662773630,0.5172065837584,-0.1748130618904,-0.2043572581923,-0.1487736224760,0.0494955017494,-0.0904443799225,-0.3112130539994,-0.2468842802922,-0.0988906349473,0.6921437545313,0.0533653643717,0.2214101536386,-0.1977243070962,0.2059110866164,-0.4195796789806,-0.1971252289187,-0.2624522583443,-0.2527899264248,-0.3335149855899,-0.2527124335415,0.0869844431169,-0.5223998601035,-0.0136210510942,0.2505759062194,-0.1658820001548,-0.2585510094910,-0.4371813813161,0.3305810599569,-0.2360709366656,-0.4610701452299,0.2359915270807,-0.1332665941178,0.1788067357112,-0.3291295345411,-0.1940539529293,-0.0347261648069,-0.1455939183452,0.0088150449169,-0.2858577718343,-0.4337043922423,-0.2041092186344,0.3861667644698,0.0180617442470,0.0118292444758,-0.1441486062582
0.7174354701705,0.5166907172612,1.0000000000000,0.5506982156212,0.7832166803484,0.7167331370374,0.6419864379596,0.3956515042855,0.3728622901089,0.3302210134887,0.0648525872148,0.1496158659956,0.3568749734450,0.5424861752017,0.4378590941786,0.3012800425496,0.4153310398299,0.1588975512239,0.3389934476989,0.1147512405966,0.1563607789769,0.0949092730752,-0.3671972894973,-0.0022426014305,-0.0321964379469,0.0626000423188,-0.1251586708379,0.1326702882516,0.2246726930501,0.1233526598682,0.2047947286430,0.1834484928530,0.1825796024164,0.0439328610258,-0.0632427028187,0.2247783779142,-0.0785887734981,-0.0350034344417,-0.0699177528756,-0.1205229515196,0.1715956686783,0.1179219637813,-0.1523025597786,-0.1223297076912,0.0118377447341,-0.1074016282237,0.2164284134066,0.0585765860048,0.1943555877075,0.3453221720165,0.6949882403808,0.5964376679490,0.3323245460188,0.8665940871249,0.7337705339329,0.6915412274992,0.2876933165271,0.3986269627643,0.3840658424616,0.4584100390293,0.1708980331457,0.0925891768103,-0.0254942215197,0.3377700575561,0.4091231191365,-0.1878958871999,0.0612215526619,0.2557221439693,0.2971863930368,-0.0184536891755,0.0385989712090,-0.2349928276800,-0.0537913512974,0.1072980755430,-0.0212482628612,-0.1590724860066,-0.3736005559192,-0.2568557798372,0.0276468153814,0.1996465295685,-0.1651379200111,-0.0193880970159,0.0122700421542,-0.3189998556859,-0.1366307054226,-0.1513911502838,-0.1308223829752,-0.0610622602559,-0.4201171329224,-0.1343768386303,-0.0921917990647,-0.2599944145398,-0.2120098801474,-0.1130420512392,-0.3513283418011,0.0842219693511,0.3354156465942,0.1229986670863,0.1371083766290,0.0246759669614
0.6406922393560,0.4803503833058,0.5506982156212,1.0000000000000,0.5994780130321,0.3556545133397,0.6166484493177,0.1879992704615,0.2436680826515,0.1597306038739,-0.0190887362306,-0.0336374363875,0.2086329775527,0.5806580757310,0.6011547947695,0.2347666741997,0.1742837913595,0.1295136681732,0.2123227204390,0.0395520019524,0.0841669218471,-0.0818751126433,-0.2447857752360,0.1921864643765,-0.0671576689327,0.1239926167033,-0.0684040607421,0.1246092571516,0.0462020636299,0.0297817052160,-0.0091990854408,0.0188918811024,-0.1333318611828,0.1162806200763,-0.0650845594447,0.1918311291323,-0.0393716136479,0.0645278833390,-0.0417339896986,-0.0325416648869,0.1174964193599,0.1064468009074,-0.1335404602166,-0.1616965928213,-0.2333806354878,-0.1944901370398,0.0844021499436,0.0975687006438,0.2437662852919,0.1997909006731,0.6335717938391,0.4113420224084,0.6633027103810,0.4852371848631,0.4360411918628,0.6764692776270,0.0791861330182,0.1533001700306,0.2255560361892,0.2987973377243,-0.0069134506415,-0.0012669044400,-0.1431327112188,0.1130355611509,0.5022962644977,0.0117305860357,-0.0531168860455,0.0903658092884,0.2821572991023,0.0038415647946,-0.0464538763660,-0.1943529399369,0.0425616074369,-0.0643933489376,-0.1331340189506,0.0043877434389,-0.2527921888522,-0.2315037889423,-0.1591785147222,0.0088160118413,-0.1543719728408,-0.2332987331450,0.0078225408726,-0.3115317508843,-0.3432424877320,0.0114048353192,-0.1116292730594,0.0773453270346,-0.2579349814994,-0.1394170982791,-0.0448335738195,-0.1470819351465,-0.2555690117940,-0.2665235895135,-0.4463613821241,0.0212529122755,0.3315435579981,-0.0631124560240,0.1152854489342,0.0806941969088
0.7122225172347,0.2463608287574,0.7832166803484,0.5994780130321,1.0000000000000,0.8206545965891,0.7531854042068,0.4993299231014,0.4145877089425,0.3655595778491,0.2235464565469,0.2403339663740,0.4455872867509,0.4655032369771,0.3280217933253,0.1565039512324,0.4681890374361,0.3194837418851,0.3066359816343,0.2594716545377,0.1479005418085,0.1203766125738,-0.2457455170626,-0.0181539460029,0.0382851839353,0.0124859617780,-0.1874197409788,0.0645342462280,0.1626726045893,-0.1099159637662,0.0941672137642,0.1797521968741,0.1590088178823,-0.0586795253712,-0.2706744509527,-0.0111145275768,-0.2606986151978,-0.0744958793465,-0.2023061043884,-0.2019454772594,0.2168012634638,0.2124565326667,-0.2578314411770,-0.2693948757112,-0.0047038634978,-0.0714186131146,0.1276060050227,0.0987864890407,0.3775316018398,0.3667320494155,0.7856838150471,0.3369746606321,0.2689973671828,0.8487238532014,0.7980739541129,0.6385047862795,0.3285717310856,0.5000343325907,0.4968471848083,0.4462818042903,0.2039614266397,0.2526413910196,0.0758263507687,0.4298417318652,0.3703091154542,-0.3198809418159,-0.1539360467406,0.3479358057210,0.2177698826052,0.1632055556661,0.1153179960513,-0.1259389081260,-0.0186235744100,0.1917847515295,0.0201462022523,-0.1608506076578,-0.2932755223762,-0.2519569034361,-0.0347409237488,0.2231071609183,-0.0853539977475,0.0843588215657,-0.1558347120792,-0.4184695756351,-0.1026815718683,-0.2515003282619,-0.2808516885480,-0.2446062009003,-0.4382559347750,-0.2032552331225,-0.2433135038075,-0.3180992999792,-0.3420713050912,-0.1601174428765,-0.3084017933563,0.0746223959102,0.4353749723297,0.1675075445004,0.1772283619936,0.0950416613087
0.3599373340783,-0.0129446153802,0.7167331370374,0.3556545133397,0.8206545965891,1.0000000000000,0.8216473902370,0.6407362758714,0.4425469756028,0.5261033324004,0.4245300765354,0.4141657440682,0.5793289550475,0.2129948860698,0.2666286516140,0.0947243597366,0.6187682863272,0.5109479657248,0.2334091299252,0.4473670897586,0.2278686256214,0.2312997784851,-0.0921405623469,0.0151448076472,0.1605623648275,-0.0398911150416,0.0052480095522,0.0399495578753,0.1510722758300,-0.1099450241464,0.2602256888032,0.2780422869973,0.3936896182952,-0.2355621284963,-0.2174497395300,-0.1820533746365,-0.2347563050261,0.0594517201052,-0.0436635873873,-0.1680651048380,0.2333905201013,0.2719198730070,-0.1513506527160,-0.2382009456066,0.1721074945923,0.0461232823103,0.1308410770317,0.2645552976230,0.3755264564296,0.3849862046126,0.4654165904373,0.0477054392554,-0.0611105567353,0.9175266099463,0.8963790937143,0.5046013244609,0.4676127727063,0.6165972272357,0.5875791250362,0.4261537041124,0.3135713258120,0.4050516329608,0.1447068743744,0.5192948086742,0.0586893999056,-0.3252387406646,-0.2156371635611,0.5312997011909,0.0489967890519,0.3472758524598,0.2178146151394,-0.0588479199110,0.1235545747149,0.3676889462893,0.0365471740382,-0.2737152106564,-0.0348968730700,-0.2212442219144,0.0131890318242,0.4145884382673,-0.0827021365431,0.2730729870395,-0.1972858815790,-0.2885404770006,0.1074577449504,-0.4190379843262,-0.1657611511567,-0.2878849164977,-0.3980749499608,-0.0836181347441,-0.1228361778769,-0.2336860932987,-0.2787480271692,0.0634348635794,-0.2132943907655,0.2497202584935,0.2590104189673,0.2626187491325,0.1923700260980,0.0749962785570
0.4137076749326,0.1259736443419,0.6419864379596,0.6166484493177,0.7531854042068,0.8216473902370,1.0000000000000,0.6112371586945,0.4554063033417,0.3711481861001,0.2661505590615,0.2010181422505,0.5274691289558,0.3083735088669,0.4122497063874,0.1361659450353,0.5297865626419,0.4973304694652,0.2733527440517,0.4268521937559,0.0901180770209,0.0131517285728,-0.2789521808665,0.0453750755726,0.1094377124887,-0.0334795123755,-0.0850191703676,0.0535434453320,0.1199416642742,-0.0735343154410,0.1820319404086,0.2038733859742,0.1644747426629,-0.0794949819218,-0.2269863194498,-0.1046429153411,-0.2042824214599,0.1096660032282,0.0253050024642,-0.1037597415459,0.1974883796150,0.2508401514615,-0.1980445550424,-0.1435597634782,0.0831377590401,-0.0824536520903,0.1232188981549,0.2150496892798,0.2725554704313,0.3439193862008,0.4724936282231,0.1070373804605,0.1334307821684,0.7952346695967,0.8256909023317,0.7428158130199,0.4070157225609,0.5366067092185,0.6017442032015,0.4569805334217,0.1453810236197,0.2571378267288,-0.0368223024039,0.4413544322071,0.2174971403880,-0.2317569949036,-0.2105642899217,0.4365597391588,0.1512230574319,0.3150057818492,0.0912292012473,-0.2497898307947,0.0961036674639,0.2440948692393,-0.0935045616219,-0.1356340676980,-0.1388261481213,-0.2349507821195,-0.0159606621614,0.3501802913293,-0.1211903193482,0.0930719670721,-0.1711605153996,-0.2610940547203,-0.0003082832422,-0.2816048495201,-0.1850937159635,-0.2238405159247,-0.3901190045823,-0.0362006232527,-0.0506228464024,-0.1668070138686,-0.1919270252047,-0.0508384331818,-0.3240726435548,0.1517664734314,0.2286875395744,0.1464087502414,0.1371701597152,0.0329322125525
0.0960605068460,-0.1580638944503,0.3956515042855,0.1879992704615,0.4993299231014,0.6407362758714,0.6112371586945,1.0000000000000,0.7591364700365,0.3442203786133,0.4046384275367,0.4166379530367,0.7373715344835,-0.0889666612566,-0.0868536728511,0.1858182534656,0.6450172457612,0.5832174526821,0.4868738822487,0.7432318853275,0.1183146147670,0.1105690591846,-0.1017966143815,0.0520137749994,0.3557962904903,-0.2354225002471,-0.1184834260983,-0.1937926255453,-0.0410232925301,-0.2862594874110,0.2145435982076,0.1406997616505,0.4165407855788,-0.1758940344121,-0.2431082699041,-0.1455930403567,-0.2046768900145,0.1578451948630,-0.1467692591729,-0.2012091316351,0.0140390557792,0.1166842358975,-0.1602694506677,-0.1736771902898,0.4292941478892,0.0355998139296,0.0205906687722,0.0435150260891,0.1700998217928,0.2110230661934,0.1938181895626,-0.0615838819587,-0.1992571148484,0.5945439085876,0.5926355247550,0.3672063963622,0.7241345002718,0.8494209923176,0.7967764724359,0.7009617518774,0.1581107984015,0.3370434183183,0.2272301566717,0.6138665679205,-0.1869414049466,-0.4300277759260,-0.1662404543010,0.5051498038925,0.2077603114763,0.6126413546499,0.0525519236568,-0.1411269254085,0.2198056863468,0.6042062140657,-0.1013880360751,-0.3569788751406,-0.0643167930585,-0.2104299527661,-0.0516837240471,0.4229588999130,-0.0042836596108,0.4331126166160,-0.4732672998457,-0.1549292415170,0.3007921723931,-0.3939212883638,-0.1662911235441,-0.3429739868274,-0.3607855951038,0.0752204336674,-0.2384003449612,-0.1720945013422,-0.1195171437879,-0.0197958090349,-0.0610437812170,0.0664997528391,0.0015647384378,0.0932803717283,-0.0133041918994,-0.0810371594360
0.1440993286861,-0.0664968029575,0.3728622901089,0.2436680826515,0.4145877089425,0.4425469756028,0.4554063033417,0.7591364700365,1.0000000000000,0.2376366282311,0.2904581117770,0.3279596942309,0.5517905706419,-0.1034067444640,-0.0723494746506,0.3422842371898,0.4855910998706,0.3643082997347,0.6524358905506,0.7007225112514,0.2615495434772,0.1046517549348,-0.0647805837290,0.2033521269024,0.5285183735269,-0.0570783505707,-0.0536674651004,-0.2769693539862,-0.1262574118901,-0.3397909647949,0.2176180739368,0.0829316580365,0.3341264296446,-0.0502587733174,-0.0541818011901,0.1740236564282,-0.0672225473100,0.1876073523909,-0.1741588951459,-0.2502884529164,-0.2170215847449,-0.0392575228227,-0.0813598992347,-0.1091526222422,0.3818475585748,0.0075977157497,0.0081001639913,-0.0517492023630,-0.0116826712872,0.2323460629153,0.1584290896989,0.0784658530953,-0.0355231353569,0.4567712526156,0.3949052697560,0.3538955451604,0.6086464694868,0.6753438254761,0.7357933942069,0.9312633270259,0.0381087255996,0.2258374256869,0.2119375993127,0.4429929629526,-0.1689888767963,-0.3514546046544,0.0867312626108,0.2672825131051,0.4962460887785,0.5023356349131,0.0150590590698,-0.1330200728672,0.2625079285971,0.6904130854412,-0.0147562077251,-0.1450393820705,-0.0861517726433,-0.3223571633854,-0.1708494813836,0.3089263372130,0.0776826568023,0.3676237064070,-0.6112453047119,-0.0239868718787,0.3620492752555,-0.2144606632353,-0.0811142950917,-0.1250045171665,-0.2465169402124,0.1165010524737,-0.2232443892400,-0.2733869645359,-0.0289460127473,-0.1273667993295,-0.0394796582025,0.0135157814556,-0.1324159812292,-0.1866357904149,-0.1471001575707,-0.0480833086822
0.1089361721502,-0.0678802683779,0.3302210134887,0.1597306038739,0.3655595778491,0.5261033324004,0.3711481861001,0.3442203786133,0.2376366282311,1.0000000000000,0.6332453938214,0.7417392970768,0.4858847448006,0.1607730963068,0.3225764465091,0.0201435848821,0.6004728589549,0.4157438606475,0.0544301851203,0.3455816603465,0.6093459510202,0.6804428893494,0.3910554220368,0.3776254451799,0.2532122919102,0.2989257871263,0.4070271262170,0.0708599551262,0.1620510361493,0.0432679629957,0.3985762352873,0.4514063949392,0.5060006125479,-0.2298227659994,-0.0129673033648,-0.2515216647143,0.0517227303193,0.1973302668798,-0.0019220338341,-0.1058289859525,0.3426414167852,0.4555202483275,-0.0472127506240,-0.3095457404532,0.0469227999606,0.1770186965207,0.1868687690749,0.3431597168063,0.4140812066561,0.4704263863674,0.1833422631407,-0.1530549841586,-0.1201915953100,0.4457144210115,0.4782856961082,0.0812775455517,0.3271014996402,0.3159248919601,0.3024451973103,0.2214966490860,0.7176080865361,0.6632900295117,0.4742014142352,0.4212690881210,-0.1089741288035,-0.1742562121449,-0.1124670822661,0.6020138486590,-0.1816381101069,0.3358191042222,0.4406570854288,0.4532443705139,0.4248971640237,0.3572469629309,0.0640148227295,-0.2396819786614,0.2698632433123,-0.2714038805024,-0.0698853191431,0.4531164445061,0.0809094268782,0.2857165476373,-0.0345060813657,-0.1897305747876,0.0122266835225,-0.4149347685766,0.1845538316745,-0.0662291071040,-0.2602357962328,-0.1695307829755,0.0104201141695,-0.1589741149505,-0.3989266005096,0.1973601385412,-0.2043370490315,0.3778315820711,0.2704026324740,0.4477869772381,0.5950126381826,0.4236954974717
-0.1240245028342,-0.3510505659550,0.0648525872148,-0.0190887362306,0.2235464565469,0.4245300765354,0.2661505590615,0.4046384275367,0.2904581117770,0.6332453938214,1.0000000000000,0.7462638876146,0.6486662567507,-0.1453327193548,-0.0009594825770,-0.1253897767350,0.5634611639273,0.5517578959309,-0.0150588494128,0.4642949560193,0.4376362541068,0.5085849703057,0.4969218753719,0.1880080485862,0.3236083755512,0.0428881567564,0.3781601677283,-0.0273334377937,-0.0414758249807,-0.1832660418760,0.3211003525060,0.3482089643171,0.5743125098465,-0.3752999646937,-0.0615280656901,-0.3936782065451,-0.0567423744382,0.0973095126852,0.1177550140785,-0.0737497816912,0.2346444017895,0.3823848353124,0.0306278726519,-0.3183320264487,0.2474060731772,0.2625632636498,0.1177650557644,0.4740414149331,0.3224327073542,0.3320495984220,-0.0052142568519,-0.3542646513742,-0.2677640422078,0.2738216288333,0.3342672343761,-0.1424273778000,0.4880297688424,0.4331598518318,0.3231357903484,0.1905651759931,0.4972413919359,0.8372443142590,0.5555141229754,0.5598760263015,-0.3516741749038,-0.1916412607012,-0.2915622823863,0.6031478599503,-0.2484124537539,0.4387192980227,0.4367781554890,0.3663608556577,0.3602726860618,0.4500884190296,0.0433073878327,-0.3512630009998,0.4205502132985,-0.1156133521685,-0.1081438275209,0.4261369302656,-0.0244110221919,0.4505837978840,-0.2271244713337,-0.0868542068370,0.1694163967580,-0.5288984110810,0.0449904363172,-0.1463218526129,-0.1111035695730,-0.1341690841239,0.0487169533652,-0.0716004414720,-0.3271528411459,0.1733743168616,-0.0499450166180,0.4645138438023,0.0326095830956,0.2792964376399,0.2558871484132,0.2320557979372
-0.0500450510071,-0.2442335161892,0.1496158659956,-0.0336374363875,0.2403339663740,0.4141657440682,0.2010181422505,0.4166379530367,0.3279596942309,0.7417392970768,0.7462638876146,1.0000000000000,0.6376401102362,-0.0580042097226,0.0699768466050,-0.0474238162857,0.6791076350667,0.4862386127641,0.1582816004678,0.4438691797134,0.6227518197151,0.6805980249716,0.5844220947225,0.3073184010839,0.3377759492246,0.1377572272341,0.3428863521674,-0.0874501126735,0.0013654729999,-0.2316044905384,0.3339468348365,0.3502769372462,0.6384349263729,-0.3482906230964,-0.0512931262698,-0.2987395718872,0.0320825051085,0.0195347148265,-0.0932339975989,-0.1895967749441,0.1543471897032,0.2632678784488,-0.0674561556919,-0.3577272285261,0.1478783495145,0.2062538600939,0.0825958595857,0.2053990445795,0.2905722961759,0.3048099157019,0.0347662226593,-0.2443596824098,-0.2210235008415,0.3196576558750,0.3208420067757,-0.1099222771185,0.5335231944251,0.4628882327938,0.3345812792310,0.2755331260427,0.6156157051692,0.7541997401079,0.7854043635151,0.5861696482238,-0.2236371110451,-0.2411018780480,-0.2195825155512,0.6525379765560,-0.1591916537160,0.4100154494094,0.5021281998496,0.5798520253508,0.4921286659855,0.5609548479164,0.1025196258203,-0.3305371528687,0.3284862063890,-0.2058175287376,-0.1032021601568,0.4264381554444,0.1080428650547,0.4969532620967,-0.2657683836668,-0.1849000962419,0.0828170165490,-0.4603635975243,0.1348885345052,-0.1604744420701,-0.1615020913324,-0.2390846635933,-0.1055448311552,-0.1642236136317,-0.3496087775764,0.1408853833287,-0.0073087812017,0.2599909166995,0.1135839238816,0.3015663101920,0.3770773387445,0.2955038636677
0.1472933336016,-0.0983552027110,0.3568749734450,0.2086329775527,0.4455872867509,0.5793289550475,0.5274691289558,0.7373715344835,0.5517905706419,0.4858847448006,0.6486662567507,0.6376401102362,1.0000000000000,0.0179385320159,0.0331060767374,0.1107339179379,0.7342997017527,0.5327105651145,0.2861793262231,0.5722323461882,0.2445385026208,0.2486326179069,0.0793392100064,0.0525520562792,0.3248891041652,-0.1766886817027,0.0244507580709,-0.1326353600061,-0.0840383939378,-0.2931935064296,0.2902451506756,0.2567721506513,0.5838157607382,-0.2723867641368,-0.2529129739223,-0.2018262788810,-0.1882608671384,0.0383671486616,-0.1041866299320,-0.1943517302375,0.0841593122483,0.1892780028606,-0.1805361478334,-0.2729107836290,0.3273761589562,0.0610278390473,0.0764442406528,0.1243549897168,0.1871548652276,0.3122993722631,0.2255398102199,-0.0052070375660,-0.0655984993187,0.5060916165472,0.5480778919482,0.2902184886893,0.8521900166303,0.7107015439944,0.5699317090720,0.5191789971272,0.3104836501513,0.5484930877739,0.4947876227482,0.8794111793611,-0.0913730702471,-0.3234141609758,-0.1819666231471,0.5899973837383,0.0574576968741,0.4647578943843,0.1959660206010,0.0081764335682,0.2664452737660,0.5357930786943,-0.0821147225198,-0.4072370215368,0.0433124317483,-0.1744266207779,-0.1547357564606,0.4842696122695,-0.0207285289910,0.5210920780255,-0.3686867430262,-0.1743856011179,0.1823702510306,-0.4051459731904,-0.1529063730811,-0.2635538814734,-0.2841922954758,-0.0601698799480,-0.1658267323296,-0.1406202459885,-0.1809142986280,-0.0253447557006,-0.0770143665288,0.1483537476582,0.0611953716883,0.1903506077008,0.1192899095532,0.0415394976482
0.7590640294424,0.7378647230822,0.5424861752017,0.5806580757310,0.4655032369771,0.2129948860698,0.3083735088669,-0.0889666612566,-0.1034067444640,0.1607730963068,-0.1453327193548,-0.0580042097226,0.0179385320159,1.0000000000000,0.6383737637090,0.2344962283510,0.1107795418928,-0.0466433803256,0.1506412017115,-0.2615455601822,0.0819829951464,0.0451147743072,-0.2738759049412,0.0135104821893,-0.3091746704996,0.2764948142306,-0.1550059528767,0.3829634290200,0.3689623303705,0.4402165504543,0.0806271340588,0.1207519649353,-0.0701532956501,0.2265059838148,-0.0573245102395,0.1810736493010,-0.0797186747087,-0.1599791491887,-0.1634552596153,-0.0928415366469,0.3307285858536,0.1375970763059,-0.2164748187825,-0.1690091842571,-0.3777496152771,-0.1804765200225,0.2143357632780,-0.0688965439206,0.2599155000228,0.2324888634553,0.7060599407302,0.5683517694064,0.5965974160450,0.3647210742750,0.3345444394476,0.4910087836482,-0.1459964862859,-0.1065472462721,-0.0206830594102,-0.0202771231910,0.1377970611497,-0.1013855655133,-0.1176654351127,0.0420258562354,0.7845056568334,-0.0406349032916,0.0583630239192,0.0424635989132,0.1577088141629,-0.2762134456138,0.0571112001639,-0.0555743070453,-0.1559349732708,-0.3023368265223,-0.1185095116734,0.0248143420427,-0.4118356550316,-0.0706831273039,0.1477855920133,-0.0041840131706,-0.1687210940838,-0.3094383303235,0.3967694058451,-0.4091782756489,-0.5340031523413,0.0921310137506,-0.1695860711628,0.0249136492032,-0.3905290085158,-0.3705311975473,-0.1205962223709,-0.2384154073139,-0.3474729094892,-0.1926987507693,-0.4723475585647,-0.1358499806831,0.6558924342033,0.1973321361786,0.2927271070660,0.1368010739013
0.4572763631619,0.5193570538719,0.4378590941786,0.6011547947695,0.3280217933253,0.2666286516140,0.4122497063874,-0.0868536728511,-0.0723494746506,0.3225764465091,-0.0009594825770,0.0699768466050,0.0331060767374,0.6383737637090,1.0000000000000,0.1078617208423,0.1215988126593,0.0471929922377,-0.0670514929464,-0.1250301651586,0.1318199934952,0.0619036536920,-0.1167142820095,0.1837881771200,-0.1140531634249,0.2992652347526,0.1563134399485,0.4055645474051,0.2379176530543,0.3309065957163,0.1372982199793,0.2604228466222,-0.0374532248060,0.1652692101517,0.1290752929603,0.1126506930247,0.1518535024611,0.2284385522062,0.2729584803002,0.2759906677174,0.3239794253704,0.2763736980995,0.0744781585137,0.0221251726237,-0.2084739850622,-0.1350632795631,0.2587317494131,0.2950823604359,0.2951027450849,0.3948861427873,0.3914682889676,0.2991982832545,0.4123906200672,0.3654996032145,0.3419370812154,0.4737024692003,-0.1341564959326,-0.1058894581560,0.0199962667123,-0.0200558751437,0.1028463757797,-0.0043703979756,-0.1376207620811,-0.0449694015383,0.4857916432845,0.2919475207151,0.0012621830937,0.0915460437033,-0.0291327523809,-0.1191583286473,-0.0198458364324,-0.0780140200108,0.0206749947400,-0.2153283341849,-0.2553170481836,-0.0328238712195,-0.0989645114219,-0.1521188717998,0.0300420531288,0.0308925772446,-0.1592377638249,-0.3616202711822,0.3303866124361,-0.1719316415180,-0.3697125957664,-0.0033396786959,0.0734148791255,0.1936310754377,-0.2209462323989,-0.0568433899536,0.2843273549001,0.1027430525253,-0.1468672341801,-0.1074979100524,-0.4601461622707,0.1867670802093,0.3846467832965,0.0777626807406,0.3212954256865,0.1562876595032
0.2822626876963,0.2212074399544,0.3012800425496,0.2347666741997,0.1565039512324,0.0947243597366,0.1361659450353,0.1858182534656,0.3422842371898,0.0201435848821,-0.1253897767350,-0.0474238162857,0.1107339179379,0.2344962283510,0.1078617208423,1.0000000000000,0.2486194340129,0.1312453761944,0.5274112218621,0.1978054871397,0.1208029878819,-0.1319571124001,-0.2843893250619,0.0802396088371,0.0449268112682,0.0189498783908,-0.1080899251665,-0.1863007548304,-0.1534846668114,0.0561300151687,0.5598859982214,0.1014885891523,0.2823474693303,0.1832700112755,0.3339514193536,0.6470788358621,0.0478889144923,0.2927325857791,0.0588160176915,-0.1679500666212,-0.2190858679909,-0.2118998968266,0.2146648232951,-0.1554770082890,0.0681921182988,-0.2927897841317,-0.0191107373796,0.0464914981587,-0.0332243692606,0.0602002137275,0.2555697399411,0.3405027490524,0.3113768468560,0.2000884719319,0.1596019128643,0.3437802110845,0.1668060451192,0.1531432720294,0.2794459316907,0.3475622860794,-0.0848336292449,-0.1391065556956,-0.0796297128929,0.1049538055972,0.1393586272393,0.1474052095266,0.6805647115330,0.0749239382945,0.5769875888082,0.1189878859496,-0.0229595400052,-0.2599644015782,0.0425943716830,0.1532607512988,0.0552987891411,-0.0691158313461,-0.2423255443553,-0.3175420695635,-0.3002262303076,0.3256505518500,-0.1057784804931,0.0599355180357,-0.1307950518802,0.1782581648348,0.0662296629130,-0.0310593234873,-0.0100997799146,0.3917238662697,-0.1338302548857,0.3063771728803,0.0450415940160,-0.2144949061054,-0.1287743288905,-0.2825398887745,-0.2578001884031,0.1050906091027,0.0966799830347,-0.2397473789992,-0.1214891711191,-0.0104759937120
0.1371160808662,-0.0832310476100,0.4153310398299,0.1742837913595,0.4681890374361,0.6187682863272,0.5297865626419,0.6450172457612,0.4855910998706,0.6004728589549,0.5634611639273,0.6791076350667,0.7342997017527,0.1107795418928,0.1215988126593,0.2486194340129,1.0000000000000,0.7551031633758,0.4086221931534,0.6274033658319,0.5364826585041,0.3967006249721,0.1342422097283,0.2210682083149,0.2922992720982,0.0756934839600,0.1571070036213,-0.1268706118949,0.0186410061872,-0.2558668889661,0.5275007524765,0.3525400690314,0.6732229694155,-0.3232911729622,-0.1621683832565,-0.1971054965571,-0.0658892379938,0.0896762401718,-0.0346155200302,-0.2918878836240,0.1660202725235,0.2258592157105,-0.1430904321787,-0.2607214170957,0.1897452770612,0.0818583268633,0.1189566783433,0.1166127086834,0.2086180069704,0.3343444263051,0.2599805915463,-0.0412787643146,-0.0529110747281,0.5790832760402,0.5875546749987,0.2627337340728,0.5945721290841,0.6308430234552,0.6025635548246,0.4218517661246,0.4528659247125,0.5805232358554,0.4582353575330,0.6768204701779,-0.0487268393319,-0.3534132276065,-0.1812458848033,0.8349006432929,0.1131315885555,0.5331829910578,0.4979997188877,0.1637643275980,0.3916057019988,0.5631706901216,0.1282895082449,-0.3100556188876,0.0901605974318,-0.3072719692574,-0.0926432563802,0.6531647915245,-0.0295568426118,0.4930584039269,-0.2831016263679,-0.3177077305456,0.0884968537823,-0.5003155999338,-0.0274414425697,-0.2182115516106,-0.3022424146051,-0.1324709051855,-0.1140712517234,-0.3049752579315,-0.3009268602492,-0.0071750750930,-0.1392909386577,0.1708913776918,0.1232760278419,0.2993063877398,0.2399535427394,0.2057930214984
-0.0636256991675,-0.2954408935819,0.1588975512239,0.1295136681732,0.3194837418851,0.5109479657248,0.4973304694652,0.5832174526821,0.3643082997347,0.4157438606475,0.5517578959309,0.4862386127641,0.5327105651145,-0.0466433803256,0.0471929922377,0.1312453761944,0.7551031633758,1.0000000000000,0.1393937971022,0.6820236926501,0.3278530179119,0.2156360620387,0.1722996131878,0.2792975196743,0.3369748551862,-0.0157138848707,0.2389978022945,-0.0934693860154,-0.0603300367141,-0.2443075100089,0.4969628114886,0.2438823453257,0.4710395953125,-0.3823010392337,-0.1984700195072,-0.4141300899946,-0.0177425688328,0.1844867928429,0.0987121837210,-0.1518660996328,0.1819311418672,0.3150654927709,-0.0863580427757,-0.2272058877398,0.1789391169776,0.0846483128051,0.0672108917207,0.2139940121462,0.2286476816497,0.2396812745111,0.1212284239629,-0.3090578829093,-0.1171714015216,0.4266928117898,0.4314744724825,0.0934498427185,0.4288878537857,0.5553002720455,0.6383857768432,0.2482990899340,0.2737511404924,0.5183653744869,0.2074836457298,0.4263950888872,-0.1814200413623,-0.2481255290568,-0.3313381378715,0.8257973725121,-0.0775420724310,0.7166957245528,0.4072488827390,0.1283028460506,0.4474563021853,0.5149921059599,0.1235855457939,-0.2790415822231,0.2841697253178,-0.2811426663932,-0.1466549222582,0.6618654408165,-0.1039316596845,0.3738937656214,-0.2320281609808,-0.2234132088987,0.1517557920450,-0.5664436246823,0.0207666608715,-0.2414233278047,-0.1826939786446,-0.0017127609478,-0.0365603601013,-0.2092872490541,-0.2936648183912,0.0092883630042,-0.1974369594427,0.2024672553146,0.0496490256213,0.2024822079675,0.1949181915194,0.1596250883379
0.2545146570807,0.1149996241941,0.3389934476989,0.2123227204390,0.3066359816343,0.2334091299252,0.2733527440517,0.4868738822487,0.6524358905506,0.0544301851203,-0.0150588494128,0.1582816004678,0.2861793262231,0.1506412017115,-0.0670514929464,0.5274112218621,0.4086221931534,0.1393937971022,1.0000000000000,0.3603291995936,0.2537543003823,0.0483624424998,-0.2182821684697,0.1369439066348,0.1675419585074,0.0036901818307,-0.1848105564562,-0.2697718382154,-0.0606483701808,-0.2403419993866,0.1766627023018,-0.0529718225544,0.2042502543424,0.1069165809558,0.0586637994760,0.4871559089067,-0.0349730398447,-0.0048044153481,-0.1921172504643,-0.3302437980577,-0.2089240966173,-0.1874940626210,-0.0835124121878,-0.1893337231792,0.1194335910863,-0.1184472454996,-0.0555689198881,-0.2382594899484,-0.1085431948340,0.1240174112224,0.2187036875622,0.2307935841690,0.1049023386227,0.3172106201559,0.2580272945522,0.3780563620379,0.3841774075591,0.4023784447236,0.4769712906110,0.6184365344038,0.0791343584496,-0.0219118669952,0.1728262834623,0.3058825140949,0.0885389791385,-0.2702951988190,0.2868590691746,0.1441351840173,0.7764637635442,0.1658015897032,0.0583487985163,-0.1185479220564,0.1769566489476,0.4028266573190,0.0992113916555,-0.0240031788106,-0.2453951371252,-0.2732190245200,-0.0558602123093,0.2442516036043,0.0769442616249,0.2409567274404,-0.4258165027248,-0.0547513386292,0.0775389874858,-0.0247890927088,-0.0879829904666,0.0118223055173,-0.1898431303695,0.0196136914440,-0.1892733653676,-0.3314716723854,-0.1051144126085,-0.1573429678835,0.0232263467986,-0.1672634785266,0.0330002187926,-0.0676594643800,-0.1384202763049,0.0110021886074
-0.1357612880530,-0.3287115569498,0.1147512405966,0.0395520019524,0.2594716545377,0.4473670897586,0.4268521937559,0.7432318853275,0.7007225112514,0.3455816603465,0.4642949560193,0.4438691797134,0.5722323461882,-0.2615455601822,-0.1250301651586,0.1978054871397,0.6274033658319,0.6820236926501,0.3603291995936,1.0000000000000,0.2751940058774,0.1521388682825,0.1955576352902,0.1429385533708,0.6438554810907,-0.0729151126214,0.0731610602958,-0.1636998954821,-0.0521574752981,-0.3188388409500,0.3069724750580,0.2365758083994,0.4847501351745,-0.2065307034198,-0.2263186838662,-0.2231070814335,-0.1970357112896,0.3169739455370,-0.0996440784296,-0.1605252314830,0.0019805287566,0.1267780867897,-0.0544982467294,-0.0578241922761,0.4029028989592,0.1627851831902,0.0914591655736,0.0776239938166,0.1727851689188,0.2135179419258,-0.0401603153394,-0.2947701209078,-0.2985458544958,0.3505255271060,0.3455200502438,0.0561607598890,0.4753090999377,0.5980333846685,0.7378601576538,0.5652124923913,0.0484148774581,0.3592103560016,0.2122634527930,0.3956842692138,-0.4023501385067,-0.3800957402179,-0.2094060182096,0.5302363063384,0.1668200269975,0.8387714140268,0.1590935550653,0.0001021496838,0.3132224336109,0.7843962678264,-0.0783134371520,-0.3014644309809,0.1613628604357,-0.1947110906118,-0.1050831037764,0.4263259974134,0.0321200167727,0.4896666534217,-0.5107731170311,-0.1308769537985,0.3758922380974,-0.4200589088578,-0.1609265740882,-0.2997380452269,-0.2581351779674,0.0800342960270,-0.2070325585694,-0.1600361659019,-0.0234828121767,0.0027980123586,-0.0519617399302,0.0712835902403,-0.1343091517465,-0.0387038837020,-0.0859756565302,-0.0529339135893
0.0312351996218,-0.0709959698211,0.1563607789769,0.0841669218471,0.1479005418085,0.2278686256214,0.0901180770209,0.1183146147670,0.2615495434772,0.6093459510202,0.4376362541068,0.6227518197151,0.2445385026208,0.0819829951464,0.1318199934952,0.1208029878819,0.5364826585041,0.3278530179119,0.2537543003823,0.2751940058774,1.0000000000000,0.6253712781965,0.4939876768860,0.5964028436961,0.2762053200090,0.6050794520101,0.4573467569575,-0.0828359624454,0.0218570731595,-0.0722092465252,0.4821880780851,0.3195303432189,0.5255002247465,-0.2615716721660,0.1502275914832,0.0257482716185,0.2313680763863,0.1727933467040,-0.0911084716360,-0.3527443396722,-0.0515461272945,0.0929499560818,0.0283297465759,-0.3282555654904,-0.0284256465199,0.0769346699516,0.0196402164596,0.0909262426943,0.0965740983093,0.2427752008619,0.0502171885972,-0.1294883575423,-0.0268647470662,0.2064907051912,0.1578904595192,-0.1072485297016,0.1259305799142,0.1258347915859,0.1420821558467,0.2144339572617,0.5368932088639,0.5320099474618,0.5027115069417,0.2296487348539,-0.1159469087907,-0.2103092512695,0.0139323002088,0.4709712799192,0.0508821731553,0.1859387965945,0.6372295574610,0.5830603020803,0.5757812098840,0.3881488146046,0.4049823571800,0.1068310911566,0.2654841809700,-0.3745390812614,-0.1767760323842,0.4047767701988,0.0910963729553,0.2826540601347,-0.1467807455093,-0.2006515590596,-0.0042483487024,-0.2633881618861,0.3078607332474,0.1271652215228,-0.0189345979210,-0.1687572365401,-0.0559687375166,-0.4565970170096,-0.4166150436497,0.0359740103603,-0.1201820364865,0.2175642899400,0.0172979122227,0.1748894698761,0.2998503405654,0.4491158477636
-0.0508701698159,-0.1013467848421,0.0949092730752,-0.0818751126433,0.1203766125738,0.2312997784851,0.0131517285728,0.1105690591846,0.1046517549348,0.6804428893494,0.5085849703057,0.6805980249716,0.2486326179069,0.0451147743072,0.0619036536920,-0.1319571124001,0.3967006249721,0.2156360620387,0.0483624424998,0.1521388682825,0.6253712781965,1.0000000000000,0.6014650316686,0.3477563697183,0.1542008708029,0.2857409360269,0.4032009223928,0.0412511206051,0.2076546732030,0.0121504008214,0.2553356437652,0.2314663340441,0.3934244253234,-0.2757133744819,0.1106748352662,-0.1882684976482,0.1868368455167,-0.0539757313275,-0.0672282112898,-0.1504693738034,0.2089538562301,0.2774904876110,-0.0674324289519,-0.2459836833713,-0.0140400867017,0.3868095725760,0.1097619222301,0.1556813043648,0.2975457654338,0.1918943433723,-0.0135724645541,-0.1998075338033,-0.1978531913717,0.1591861928166,0.1426189394361,-0.1872414037888,0.1811187266167,0.1234418894767,0.0893848191392,0.0926583635266,0.6542998831994,0.5667353996834,0.5658801285152,0.2488638613747,-0.1718983982231,-0.2137097249786,-0.1391598753319,0.3996137829056,-0.1905125522886,0.0971038089296,0.4760495765017,0.7395476247350,0.4044528985510,0.2874254086235,0.2304618409080,-0.1681747241707,0.3147409070830,-0.1188520046377,0.1039542807370,0.2442859758627,0.0883096719499,0.2598607073306,-0.0394636626433,-0.1322703494487,0.0049757488339,-0.2998313121149,0.3275615644160,-0.0046558516444,-0.0075466726867,-0.3132512185897,-0.0214166639715,-0.1539709897908,-0.2802074603708,0.4038946366784,0.1028935835626,0.2149501857652,0.1219985303864,0.4670033645751,0.4426611279761,0.3590134789204
-0.3968606786026,-0.3973285286986,-0.3671972894973,-0.2447857752360,-0.2457455170626,-0.0921405623469,-0.2789521808665,-0.1017966143815,-0.0647805837290,0.3910554220368,0.4969218753719,0.5844220947225,0.0793392100064,-0.2738759049412,-0.1167142820095,-0.2843893250619,0.1342422097283,0.1722996131878,-0.2182821684697,0.1955576352902,0.4939876768860,0.6014650316686,1.0000000000000,0.3458384857931,0.3034021789197,0.2984545525249,0.4998497433567,-0.0895495781607,-0.0654152179126,-0.1126099076896,0.1309000085282,0.2903756563493,0.3946611422478,-0.2016042751127,0.0101414567841,-0.3427183394578,0.1257801602489,0.0664384795668,-0.1037980280872,-0.0522944625788,0.0370750987271,0.1859077625574,0.0774710858807,-0.1182062161354,0.0179728402729,0.4257050894791,0.0983073855012,0.1011109813330,0.1657195638034,0.0529026293223,-0.3794088205485,-0.4958467760671,-0.2953203422990,-0.2233105139514,-0.2222237141674,-0.5753720000178,-0.0031225522060,-0.1198225655172,-0.1363553374479,-0.1353516497270,0.3289925354927,0.4435045604014,0.5083427059902,-0.0053973361131,-0.4397857672427,-0.0673673402996,-0.2443094539627,0.2069091727801,-0.3393353419782,0.2348368596593,0.3379403372488,0.7661339163903,0.4292837137954,0.2849715818704,0.0957971238343,-0.0515679879117,0.5958943194010,-0.0086290659326,-0.0513005161553,0.1012573123178,0.2592683021533,0.3553495776208,-0.1469568722292,-0.0315712306053,0.0697464595658,-0.1548276125710,0.2327387413499,-0.0580491335577,0.1683573053575,-0.2322943016556,-0.1059253640281,-0.0001097635300,-0.1204645532402,0.2339335286740,0.2233549876082,0.1071397928402,-0.1021421790369,0.0812384261295,0.2158073369430,0.2404000547541
-0.0605382145359,-0.0684999072417,-0.0022426014305,0.1921864643765,-0.0181539460029,0.0151448076472,0.0453750755726,0.0520137749994,0.2033521269024,0.3776254451799,0.1880080485862,0.3073184010839,0.0525520562792,0.0135104821893,0.1837881771200,0.0802396088371,0.2210682083149,0.2792975196743,0.1369439066348,0.1429385533708,0.5964028436961,0.3477563697183,0.3458384857931,1.0000000000000,0.2128955984569,0.5110431858201,0.5220830198754,-0.1664168806670,-0.0960337747829,-0.0618252129469,0.3470093306249,0.1129605157539,0.1445165561682,-0.0839696613093,0.2379684816377,0.1001998920301,0.5333383405536,0.3612365165080,0.0651645946920,-0.1855166898898,-0.1204487441721,0.0414152227289,0.0575390182828,-0.1643417883924,-0.1034677384622,-0.1059788259534,-0.1038741732575,0.0332143203236,0.0194298681436,0.0225332193709,-0.0425389711881,-0.1785875348049,0.0896009315492,0.0258874719907,-0.0093434810711,-0.0706324450594,0.0765066821810,0.0272356783604,0.0648520835463,0.1547127398033,0.3656247520250,0.2741017608065,0.2107692229941,0.0048418828823,-0.1170221224069,0.0846179873726,0.0808171422420,0.3139040017536,0.0343067797336,0.2307888832929,0.3338285442859,0.4438961969152,0.8474011601832,0.2615132192899,0.2332485668719,0.2002296527069,0.3375310922245,-0.4040526255364,-0.2268419239702,0.3658857130086,0.0291235010139,-0.0265352753326,-0.0955261639850,0.0362661678481,-0.1072497607993,-0.1294188138733,0.5625473967581,0.2983012934546,0.1453793114352,0.0703134300098,0.1131506331188,-0.2674454352553,-0.2502602767746,-0.1307585763036,-0.2333192501582,0.1290031615044,-0.0099348062078,0.0098706742503,0.2698908659424,0.3836414771228
