1.0000000000000,0.6663110313685,0.4895562249710,0.4040170948458,0.7437633364289,0.4690667884234,0.3893831475041,-0.0082825376829,0.0874010375634,0.1903250607691,0.0575703205291,0.1665181576054,0.0598865084371,0.6188028750759,0.5527227191478,0.0223722272082,-0.0676166117968,0.1480225394145,0.0276969800516,-0.2032755689864,-0.0738867814478,-0.1525964057760,-0.2377223239163,0.0833092444107,-0.2127909298456,-0.1647623545483,-0.0338118962123,0.2777192029761,0.0789913050420,0.2113436992839,-0.0934200831378,-0.2822904011763,-0.2468626304544,-0.0674779888106,-0.0092908002239,0.3662813919082,-0.0986760019920,-0.2676697561620,0.2965500484165,0.0056599323030,0.2350428874137,0.2784467640754,-0.0067947834819,-0.2428534198961,-0.3631416044629,-0.1772546544317,-0.2340122588160,0.3887018115948,0.4394156047982,0.3457942288992,0.7760578933057,0.6440367921408,0.5225086969469,0.4036944748921,0.5380213180200,0.3645191380929,-0.1718163310305,-0.0930093751439,-0.0268196218590,-0.0152466586639,0.0694701588912,0.1047444428449,0.0345654098517,-0.1816189484314,0.5924097482772,0.1492807440539,0.2537737188940,0.0597525473678,0.0488467622074,-0.1460561309518,-0.2962150892755,-0.2771598848413,0.0407486902103,-0.3058516517935,-0.4264357036270,-0.2727281876452,-0.2981159930842,0.0342688981681,0.1692215956232,-0.0437434304255,-0.4462301633810,-0.4723746386003,0.2055787410735,0.0353093946636,-0.1807185339206,-0.3702157985701,-0.0674371941123,0.4096164156575,-0.1053932009280,-0.3154122647329,0.2893113986558,-0.0979958208904,-0.3283003551071,-0.3237060922188,-0.4250643090603,0.3585837142721,0.5771799854860,0.2998024031152,0.0745199830624,0.0027542018926
0.6663110313685,1.0000000000000,0.5313309387863,0.6671132213588,0.5588523387555,0.4586371687993,0.5379094054618,0.1368737483054,0.3313565109878,0.1590518882918,-0.1458635561799,0.0409378142167,0.1598732729704,0.6169851899939,0.5026159563932,0.2892553011440,0.1263848112812,0.1922185666868,0.3915027988845,-0.1169605772987,-0.1641004128071,-0.1371743321651,-0.4002875859663,-0.0097084983218,-0.1487700279994,-0.2107529098257,-0.2024665613282,0.1265450853106,0.2037613196200,0.4345687814103,-0.0236080337073,-0.2628520855123,-0.1847503449872,0.0202034199653,-0.1955740390087,0.3386857702817,-0.2356496829303,-0.2204215725233,0.0780067194663,0.0216359166069,0.3615018775943,0.1566165395761,-0.0977011593473,-0.1503588116494,-0.2420905345478,-0.0194075175812,-0.1166194675959,0.2406187241832,0.3863749642868,0.3249328196894,0.5231510586059,0.7888417045262,0.5652791635641,0.4415199650307,0.5036330807951,0.5323220223468,-0.0674249365392,0.1137319554973,0.2565642578594,0.3280758622432,-0.1163743038950,-0.0946552346900,-0.1730616311938,-0.1157301769104,0.6327245278808,-0.2012289667648,0.4888330145457,0.0056093430340,0.3643604881910,-0.1074911346668,-0.4805418013611,-0.4067341918092,0.1109270084615,-0.1828044585153,-0.4920252274314,-0.3281505394738,-0.4000202549088,-0.0442024264767,0.1921148032251,0.1437367082831,-0.4515220231341,-0.5170746707438,0.1070825990031,-0.1022354272961,-0.3264015262709,-0.3015718184615,-0.2467611546513,0.2979843998743,-0.3681977378091,-0.3205375587629,0.1618865646386,-0.1015406172014,-0.1942028449367,-0.2415037630196,-0.3329214389803,0.2303506203890,0.4103808471949,0.0613983672786,-0.1408111340536,-0.3427902175372
0.4895562249710,0.5313309387863,1.0000000000000,0.5318179765821,0.6373027601448,0.6782042939763,0.5677638639152,0.1054079021061,0.3359876635690,0.2726797408302,-0.0100129874103,0.1605349593486,0.1690176866627,0.2317067601562,0.2027818614251,0.2466781933527,0.0841150300738,0.1045000859743,0.3165252649310,-0.1725493523324,-0.1909332031339,-0.0264090703742,-0.3185762931537,0.0319974468378,-0.1230716855842,-0.2601118859311,-0.1816761507688,-0.1327073285414,0.0645083830889,-0.0065524373771,-0.0876749997399,-0.2895551206286,-0.1693125176765,-0.0675841266846,-0.1618110321316,0.3881424818463,-0.1911296242085,-0.2181030071544,0.1081133632137,-0.0070364961786,0.2003249862575,0.0105248649802,-0.1749418619980,-0.2721544893572,-0.2385857082195,-0.0552111192457,-0.1163113209922,0.3375332088075,0.3260749279603,0.0466803805638,0.4964132870600,0.6869014835193,0.4098457238175,0.8527017683452,0.6283161189254,0.5495610469768,-0.1327858093481,0.1345579811043,0.2434234037505,0.3305256900440,0.1532728382212,0.0969866803586,0.1329704787197,0.0674149743110,0.4005722308962,-0.1070820569530,0.3673497726715,-0.0059305847147,0.3749363983018,-0.1222262437900,-0.3636860909898,-0.3154714440336,0.0733131580681,-0.0900449344637,-0.4101146898867,-0.3990464971824,-0.3397135320482,-0.0883585049995,-0.0306953387464,0.0466060937712,-0.4217693693927,-0.3845959593914,-0.0160170218460,-0.1137701882113,-0.3827813756277,-0.2716388514138,-0.1941940401408,0.2711911358839,-0.3282575178542,-0.3813389648687,0.2090185862806,-0.1619050926921,-0.3584909843188,-0.1959839334798,-0.1721669338472,0.3261913811799,0.2490701103480,0.1664037122505,-0.1023532013700,-0.2790750065536
0.4040170948458,0.6671132213588,0.5318179765821,1.0000000000000,0.5752353886640,0.5532329077869,0.7925435386741,0.1429825609865,0.2725971043809,0.0901709374472,-0.0855161124928,0.0247095753958,0.2156473890116,0.3708584535888,0.4427646153384,0.6410461933373,0.4055673836646,0.4010274738553,0.5447407656995,0.0444131954230,-0.0056544160269,-0.0779804792753,-0.1549024066204,0.1244272411145,-0.1088081070225,-0.1682841019215,-0.1423425975795,-0.1627951794955,0.0376849575570,0.1434856822146,0.2819699102162,-0.0398572157896,0.0099716581022,-0.0056543280342,-0.0378217686491,0.3676804656048,-0.1743032575451,-0.3576530316404,0.0589084860217,0.0254637601487,0.2124520017529,-0.0186462440243,-0.0955089465052,-0.2855688459855,-0.2833716529152,-0.0373840113896,-0.0220277670450,0.3229644380874,0.3800816642653,0.2283917925560,0.3990775191562,0.5898783482607,0.6641893706081,0.5146625668442,0.5320944692022,0.7991870280011,-0.0541492419407,0.1554051511569,0.5021358177592,0.3796708497669,-0.1783870224706,-0.0532844142173,-0.2333345425185,-0.0689202600757,0.3794359418592,-0.2145449118090,0.6380444429399,0.2233051272867,0.5499638375319,0.1118897977457,-0.3127899622000,-0.2580308291528,0.3472882957874,-0.1252526045834,-0.3218230440760,-0.2894109841783,-0.2602913632945,-0.1902857049110,-0.1806332037277,0.4924257962210,-0.2218437094140,-0.2856913794265,-0.1888132421457,-0.0964933534548,-0.4507043033326,-0.1407986130853,-0.1531049139538,0.3583383900051,-0.3959700693524,-0.3154050788154,0.1489953268767,-0.0169754986126,-0.2383973999634,-0.1365892317246,-0.2194155912378,0.3109500544764,0.2357455739331,-0.2553980657321,-0.1547046860255,-0.2874499363845
0.7437633364289,0.5588523387555,0.6373027601448,0.5752353886640,1.0000000000000,0.7664243849990,0.6934311062994,0.1239406692402,0.1938744434923,0.2448242936653,0.0694253997921,0.1666243616744,0.1605037602492,0.4912696495719,0.4979759270895,0.1240181880209,0.0240737518509,0.1980208268850,0.1148210255905,-0.2811705141576,-0.1681228964351,-0.1820114451745,-0.2725621471789,0.0813589716869,-0.2998856101950,-0.2320798538485,-0.1858973752037,0.0752181213039,0.0974510014149,0.0018749598952,-0.1083002626254,-0.4037196274551,-0.3088053918017,-0.1847986933118,-0.0735064926908,0.4654781393233,-0.1660552704438,-0.3521240410514,0.3436283893779,-0.0818620667423,0.2567605120556,0.1903016953685,-0.1247852067135,-0.2864801615355,-0.4273603505701,-0.1729324905446,-0.3235918595756,0.5577704155672,0.5531173659492,0.2620491930827,0.8544693911522,0.6532012685770,0.6605674933054,0.6495271569375,0.8501440902652,0.6650814845872,-0.1064881137366,0.0676814971546,0.1230301811295,0.1329441976178,0.1259522126481,0.0978347283713,0.1465285902981,0.0264152117283,0.6106754638916,0.1252424360091,0.3205250204971,0.0921319197071,0.1756378746920,-0.1693136792114,-0.3455463584980,-0.3496862241387,0.0998973614349,-0.3421309999544,-0.4756378951291,-0.3217947507229,-0.4119078033825,-0.1202205005514,0.0799618082231,0.0328509754507,-0.5133997458484,-0.4629062110927,0.0205187942088,-0.0337304501025,-0.3143419589788,-0.4373219777131,-0.1339163388340,0.4792405260551,-0.2302700562288,-0.4284764199960,0.3632343963708,-0.1398275641885,-0.3726916402517,-0.3901395763505,-0.4153304764201,0.5433198576710,0.5627060848654,0.2610233344662,0.0203137595302,-0.0934981021136
0.4690667884234,0.4586371687993,0.6782042939763,0.5532329077869,0.7664243849990,1.0000000000000,0.7894664456970,0.2301739404540,0.2580278030682,0.3724163305468,-0.0109221484720,0.2238899558120,0.3462490893497,0.3535395270955,0.4073209263960,0.2567081872283,0.2430257785814,0.2608487626988,0.2118581952388,-0.1505894001391,-0.0561124990294,-0.0344888712480,-0.2322374524926,0.1321634658468,-0.2059701480221,-0.2554313406991,-0.1094769784734,0.0048583312085,0.1200893289429,0.0797386952755,0.0661935108208,-0.2127966220417,-0.0311865648728,-0.1023531939800,-0.1353102446494,0.3878335368689,-0.1742012356645,-0.2813109458146,0.2398088507765,-0.0155466560280,0.2620763553488,0.1479409548972,-0.0761150337696,-0.2398326270679,-0.2646702148358,0.0356110461488,-0.0691640569019,0.5071577948021,0.4734928234780,0.2920597162973,0.5403309959249,0.4705671330660,0.5149179887876,0.7922987736621,0.8944049701853,0.7046993998513,-0.0327809911426,0.1481676033320,0.2949528522010,0.2803974582495,0.1224023167045,0.0279402016755,0.1570496009855,0.1346211047337,0.4204547499804,0.0271377557566,0.4144164670664,0.1473088824543,0.2947381479261,-0.0522946493923,-0.3408495606428,-0.2380879781232,0.2067633306573,-0.2107462748395,-0.3838537437922,-0.3354712343014,-0.3062538612815,-0.0994166912673,-0.0216759263119,0.2041683414499,-0.3608784521282,-0.2605014622039,-0.0599766573638,-0.0534292692083,-0.2960304003017,-0.2376309759218,-0.2149086291314,0.4287102035497,-0.2048816354283,-0.3782962807354,0.2533500104784,-0.1151867816269,-0.2983067071115,-0.1766072831863,-0.1945671484243,0.4804275602744,0.3786136226980,0.1777867832872,0.0859174804989,-0.0917688999225
0.3893831475041,0.5379094054618,0.5677638639152,0.7925435386741,0.6934311062994,0.7894664456970,1.0000000000000,0.2772500371463,0.2890257059583,0.2523300850283,-0.1742514461673,0.0525278224171,0.2937226658665,0.2978971639467,0.3629535728678,0.4138850393817,0.3252601660193,0.3786581178719,0.3795721028551,-0.1006410392247,-0.1000220047359,-0.1353390660127,-0.2969814109366,0.1514144914751,-0.1953932470973,-0.2132439980276,-0.2038226245030,-0.1437753663840,0.0248603277822,0.0800226741762,0.1534764215089,-0.1717601631692,-0.0617473772527,-0.1128213952735,-0.0681573141776,0.3962607350717,-0.1289348380557,-0.3505009380170,0.2294133315726,-0.0615023169186,0.2233541339996,0.0289714442902,-0.1452093280039,-0.2592864931202,-0.2893652617659,-0.0647264128065,-0.1240417465736,0.3850378837943,0.3978712471408,0.2205182413488,0.4749477010958,0.5274460561467,0.5571596892797,0.6413830565365,0.7751958355552,0.8960038413851,0.0182781147369,0.2867880262058,0.4699461866187,0.3939406175256,-0.0107116035931,-0.0989452392560,-0.0400316247717,0.1067915590930,0.3814915160367,-0.1077312911900,0.5219084228997,0.1833185636753,0.4382239359229,0.0467903793245,-0.4071699361297,-0.3184394958966,0.3128149857487,-0.2049337074979,-0.4021550123331,-0.3319981040747,-0.3746202067785,-0.1875937654826,-0.1322691676010,0.3263875803863,-0.3288273170146,-0.2925944295079,-0.1364214690858,-0.1115213798476,-0.3992646366529,-0.2171083042054,-0.1675386160222,0.4819721585633,-0.3281583704361,-0.3873810831535,0.2846566396627,-0.1383370925590,-0.2709072527411,-0.2153187461360,-0.2301949660674,0.4050112732449,0.2853969126418,-0.0279745365661,-0.0148465219624,-0.1837473329774
-0.0082825376829,0.1368737483054,0.1054079021061,0.1429825609865,0.1239406692402,0.2301739404540,0.2772500371463,1.0000000000000,0.4778250226308,0.1165992624022,-0.0454707948139,0.0182880180092,0.6543180398750,0.0844017886008,-0.0512512352843,0.1590763852984,0.5170996433397,0.6632893165928,0.1445315129804,0.2740490656696,-0.2459868828783,-0.2962179766702,-0.3535079671780,-0.1711480519759,0.0623164269254,-0.0441965119950,-0.2369280851276,0.0282226677203,-0.2026682132903,-0.0160318354113,0.1372592557787,-0.2428156721638,0.2016048678349,-0.1531210942836,-0.4873655002687,-0.0918320709223,-0.2844284087722,0.0959831449620,-0.1631749144444,-0.1434121333867,0.0696666905675,0.1970847795261,-0.0174497445710,0.2457832981084,0.2715480261690,-0.1908229972956,-0.0691635334029,0.0093053150852,-0.1257477339596,0.1443612958938,0.0638125338639,0.1106275616859,0.1425537824485,0.1446899313773,0.2966335010375,0.3190662486285,0.6905852710710,0.8311400201706,0.6542711268592,0.4995294259270,0.0137783639201,0.0095847279240,0.2730959923307,0.6644232787770,0.0910943469040,-0.0541299412172,0.1853961486929,0.4846659336755,0.1197257299490,0.4484085419677,-0.2179961951475,-0.3949877072893,0.0159051216065,0.0089935697236,0.0322779993755,-0.0316444338872,-0.3133419228376,-0.0279290726905,-0.1088519069972,0.2373874894603,-0.1286982414188,0.1107629123637,-0.0153486504173,0.1259190540105,0.1502591161242,-0.2628388633588,-0.3387512751771,-0.1872133213420,-0.0683283340133,0.1602197389185,-0.2084986097100,-0.2103909768638,0.1814740660668,-0.1669878693372,-0.0818764624255,0.0211073052586,-0.0463362308078,-0.0586549814921,0.1322267190244,-0.0960473588803
0.0874010375634,0.3313565109878,0.3359876635690,0.2725971043809,0.1938744434923,0.2580278030682,0.2890257059583,0.4778250226308,1.0000000000000,0.2276478406914,0.1695873909464,0.1922668076361,0.4423620286012,-0.0038161448231,-0.0683987556774,0.1957204097481,0.3547849251810,0.2659622528491,0.5786442026458,0.2439661492896,-0.1459800394415,-0.0345256375781,-0.2318500527789,0.2438375617423,0.4581027115824,0.0632547805756,-0.0260873491239,-0.0974171592670,-0.0187327704311,0.0529961566296,-0.0072268470641,-0.0772301297479,-0.0388380174558,0.0859898375950,-0.2039778023928,0.1778634881832,0.0284681942939,0.0180463413363,-0.0284392388020,0.1147040199896,0.1521325601909,-0.0632419357036,-0.1073362593653,-0.0085619200334,0.0580180058055,-0.0245603127635,-0.0353491889931,0.1094526158210,0.0653578317029,-0.0284152370090,0.0327812205758,0.2755720403077,0.1092878439131,0.3310454110764,0.2830732755557,0.2776728099487,0.2178327945878,0.4231439770999,0.5258060854749,0.9020979198421,0.0361440065023,0.2448904931931,0.1667899390664,0.3660203940305,0.1196721135118,-0.2935658284355,0.2158500649641,0.1216632755156,0.5282442695540,0.1715180318417,-0.3072579057981,-0.2453409792043,0.3009743478808,0.3969862517029,-0.2943673316274,-0.2279107494830,-0.1747549301534,-0.0065404518812,-0.1529713006521,0.1118506086656,-0.1834102077772,-0.1636756066096,-0.1203429402175,-0.1763608122789,-0.2605454348887,-0.1005337858656,-0.0448057651991,0.0307743016923,-0.3104248258910,-0.1097854508698,-0.0040451583817,0.0055323181454,-0.0334884452006,-0.0797719279099,-0.0627177750986,0.1510073995787,-0.1232168974839,-0.0613331342324,-0.1409392971734,-0.3708945728513
0.1903250607691,0.1590518882918,0.2726797408302,0.0901709374472,0.2448242936653,0.3724163305468,0.2523300850283,0.1165992624022,0.2276478406914,1.0000000000000,0.3050247501738,0.7439666600522,0.4884250949565,0.1778438210021,0.2220176478572,0.1308915638802,0.2512514292849,0.0775621356142,0.1290609987061,0.0525139728132,0.3647643534809,0.4523629584136,0.0711812686658,0.3107939354502,0.0894023044552,-0.1269662903139,0.1832452630487,0.0598593514127,0.2489331119263,0.0639821665021,0.0955503912996,0.0304094268370,0.2022140128309,0.0176409747838,0.0108778147482,0.2865437620996,0.0926575515361,-0.1513310448959,0.1900900229238,0.1021435104616,0.5769938238075,0.2918011788594,0.0277686306129,-0.1779664621807,-0.1108810371766,0.2818800190170,0.1223794174635,0.2706393438371,0.2441674378289,0.3592447890033,0.1145193185783,0.1347172812520,0.0150256393100,0.2574271922100,0.3129949446364,0.0999981044910,-0.1096151733473,-0.0821759180349,0.0762754692670,0.1937369324541,0.7118806381855,0.2433879936821,0.4794393381815,0.1436814212945,0.1929410526909,0.0829645495826,0.1997008896266,0.0758640542507,0.1420642040561,-0.0696348750957,-0.0034156087506,0.1242166214314,0.2648175567643,0.0056481460380,-0.2634333144159,-0.3574263548163,-0.0421779016140,-0.0218553898639,0.1274291629737,0.0783611736146,-0.1459539451015,-0.0591827350865,0.0659559351033,-0.1162197160337,-0.2672724215418,-0.0997005415043,0.0602588218324,0.2253134778614,-0.1113028586287,-0.3105264242275,0.1485389732717,-0.0318018012423,-0.2792373188100,-0.0035749899921,-0.0462374979248,0.2488318861619,0.0997874481969,0.5864545395884,0.3931196292775,0.1987076154977
0.0575703205291,-0.1458635561799,-0.0100129874103,-0.0855161124928,0.0694253997921,-0.0109221484720,-0.1742514461673,-0.0454707948139,0.1695873909464,0.3050247501738,1.0000000000000,0.4900385582231,0.1737853957668,0.0022265031406,0.1611434794954,-0.1137102773100,0.1695454806086,0.1579083653981,0.0142266331829,0.1762503574688,0.2974451802742,0.4217958929852,0.5821836754243,0.5774461130183,0.3444079741949,0.2713272265571,0.5563798571626,0.1053511308676,0.0983721822023,-0.1035211766883,0.0195377579309,0.1845861168462,0.0386935206006,0.0932695343959,0.2436032065271,0.0156545205722,0.3611524244438,-0.0336788426005,0.2174586461708,0.2257885600858,0.1632548615548,0.1900604385515,0.0948647326206,0.1152021997317,0.0001199969502,0.1176773546723,-0.0120543717723,0.3303308773432,0.1811836668776,0.2483427941461,0.0512889785630,-0.1003875942673,-0.0755290447589,-0.1436193708172,-0.0728915453131,-0.2515645359141,0.1207184618493,-0.2242388995099,-0.1495070093057,0.0256310574455,0.3095155957402,0.8059756811174,0.2928735329007,0.0020607316697,-0.1002219532540,0.2440206546185,-0.2855469686487,0.1782160181737,-0.0913633073880,-0.0081974620407,0.2894538334768,0.3896303509221,0.4636604749078,0.1348996137371,-0.0561719266957,0.1126550806395,0.3786520042807,-0.0802505031700,0.0258884544554,-0.0309246758852,0.0846284569403,0.0763449072252,-0.0602262761105,-0.1280352153211,0.0031017811803,-0.2132483459382,0.3871746969986,-0.0015965011063,0.0877262430505,0.0772858842017,0.1039572851852,0.3569580794590,-0.0020902400902,-0.0382342681376,-0.1321319695545,0.2978600073998,0.0685706965423,0.0503929921557,0.1879625021597,0.3176035265350
0.1665181576054,0.0409378142167,0.1605349593486,0.0247095753958,0.1666243616744,0.2238899558120,0.0525278224171,0.0182880180092,0.1922668076361,0.7439666600522,0.4900385582231,1.0000000000000,0.5510065396347,0.1879523214344,0.2383728881459,0.1799867688947,0.3285605231230,0.0586163734500,0.1635574570695,0.1999558352749,0.5341691673518,0.5954246316602,0.3871985345334,0.4296572968760,0.2298781999033,0.0549678947420,0.3990819297504,0.1376691983292,0.2291574399032,0.0520036135301,0.1897009253248,0.2229780775874,0.2824839035428,0.1274570866513,0.2426814846528,0.2930764328791,0.2103592191618,-0.1190395566942,0.2038766641223,0.1526770822033,0.3878319936458,0.1563657366712,0.1176098970558,-0.1247894539787,-0.1244983797833,0.2850268063563,0.1296765512637,0.2957751210310,0.3016442405090,0.2637367605920,0.0515643799698,-0.0383255818102,-0.0414512052963,0.1029367678757,0.1527114750118,-0.1215738832658,-0.1060779029938,-0.2421550028512,0.0170560797557,0.0803593757445,0.6182035964789,0.4241255243924,0.5799956418917,0.0064303519778,0.0718992948398,0.1561835031097,0.1609429520904,0.1419186282144,0.1079944060740,0.0079141551413,0.2113899617860,0.3918669600165,0.2643820154945,0.1113024682414,-0.1478761993943,-0.1873122435178,0.1611122530283,-0.0218889456651,0.1173913820416,0.0764483482707,-0.0074609568407,0.0131749043602,-0.0373868797024,-0.0442978772506,-0.1349953113644,-0.0124741817644,0.2167361244143,0.2489092900240,-0.0303681529566,-0.2181815294896,0.1664894292935,0.1257519038030,-0.1790601581797,0.0352672788706,-0.0508500299068,0.2596739848451,0.1443066184986,0.4603891746049,0.1884541679169,0.2237707617733
0.0598865084371,0.1598732729704,0.1690176866627,0.2156473890116,0.1605037602492,0.3462490893497,0.2937226658665,0.6543180398750,0.4423620286012,0.4884250949565,0.1737853957668,0.5510065396347,1.0000000000000,0.1525468819795,0.1111862593054,0.3654362781056,0.6482968764000,0.5081006817753,0.2050555029362,0.2991570465547,0.1662316187435,0.1255673322316,-0.0524739172894,0.1780430497046,0.1258828149821,-0.0363955652066,0.0512521641144,0.0095225117046,-0.0234245017336,0.0357276708618,0.3628403718648,0.0484445341550,0.4422705009594,0.0104977282844,-0.1874717586933,0.1376218547850,0.0010449288839,0.0090871565159,0.0072958449165,0.0497499196178,0.2880971240102,0.2377382004588,0.1186251620967,0.0378927526918,0.1359013778341,0.1445745871812,0.1321673737779,0.1216158341610,0.0526057789730,0.2860128215896,0.0036518108541,0.0317853943264,0.1100565710486,0.2196295652689,0.3165682299773,0.2341552356337,0.3706034436267,0.3956104506644,0.5604457617487,0.4363672755682,0.2205423674771,0.1975215829812,0.4783555728075,0.5953530081684,0.0472019253161,-0.0525279444519,0.3747174396304,0.4398858986793,0.1659123624532,0.3222968551031,-0.1086015259390,-0.0835478257719,0.2340791908090,0.0383793252269,-0.0379126844472,-0.2060933658300,-0.1166196611827,-0.0817563873911,-0.0443097038663,0.3881982698827,-0.0371619980883,0.1373482229424,-0.0163238707235,0.1255864613215,-0.0461405942016,-0.0879957110069,-0.0638035426826,0.0956371761252,-0.0237182240643,-0.0859251150605,-0.0258232227073,-0.0425440591549,0.0205868781439,0.0013776300046,0.0196960456960,0.1229513008358,-0.0206725270599,0.1663516948136,0.2492978065586,0.0349803635319
0.6188028750759,0.6169851899939,0.2317067601562,0.3708584535888,0.4912696495719,0.3535395270955,0.2978971639467,0.0844017886008,-0.0038161448231,0.1778438210021,0.0022265031406,0.1879523214344,0.1525468819795,1.0000000000000,0.7631976158754,0.1718622535042,0.0781439212145,0.2322977989709,0.0747799606676,-0.0148602153627,0.2150258772051,-0.0908727537899,-0.0744180081638,0.0315392463578,-0.2479925916183,-0.2200673388962,0.0124443157969,0.3638948989480,0.2330214781631,0.5149694858553,0.1165591736076,-0.2074509914298,0.0088166691892,-0.1022143318866,-0.0386827870909,0.2087976394414,-0.1331377788237,-0.2035194271943,0.1057582157798,-0.1246814771147,0.3959327505306,0.4602024087828,0.1484093016250,-0.0682986140524,-0.2774178694474,0.0071413809496,-0.0872104454734,0.1666644433078,0.4535075475340,0.5912349671423,0.5420736849456,0.3734147919125,0.4421457501851,0.1776098687142,0.3973657274479,0.2913285707483,0.0770216453154,-0.0242932386413,0.0387399826705,-0.1030825219679,0.0274097046306,-0.0308402649224,-0.0787678537877,-0.2222936106713,0.6369457960393,0.1832950474915,0.3292660883913,0.2022599856976,0.0549607741914,0.0430367658618,-0.0167566561627,-0.1512215467432,0.0366522608475,-0.3287062618475,-0.0884510270908,-0.0296630417972,-0.1630384832639,-0.1119308405983,0.3291701193239,0.0981928728382,-0.2179485055612,-0.3118901727898,0.1912352694508,0.1252319981763,0.0380297190390,-0.3135515859272,-0.1198878894434,0.2413990095180,-0.0402422775535,-0.1021695068266,0.0791161464315,-0.0915160519343,-0.1199273648849,-0.2561926511649,-0.4223785970207,0.0795968684290,0.6407106770616,0.2498810163527,0.1160324134078,0.1931423783558
0.5527227191478,0.5026159563932,0.2027818614251,0.4427646153384,0.4979759270895,0.4073209263960,0.3629535728678,-0.0512512352843,-0.0683987556774,0.2220176478572,0.1611434794954,0.2383728881459,0.1111862593054,0.7631976158754,1.0000000000000,0.1385329646633,0.1110462805175,0.2799159853726,0.0117749868811,-0.0679190789770,0.2898934201843,0.0241751152526,0.1059754078461,0.2335520588992,-0.2536160196088,0.0008244677090,0.1095083035831,0.2879355797994,0.1886955481334,0.3558099442549,0.1909411950169,-0.0552814080650,-0.0284302588227,0.0468771592881,0.1565290045519,0.3421797467402,0.0302668871760,-0.1778164273021,0.4342182873533,0.0399756356296,0.3270143753676,0.4433755497460,0.2898620395673,-0.0461271316756,-0.2949215624671,0.0487556170272,-0.0746990606313,0.4566831250518,0.5683521345884,0.7090669530844,0.4568786447912,0.2549907306271,0.4525844554931,0.1626745856589,0.4002569122822,0.2907777304842,-0.0823088124233,-0.1961239181070,-0.0330183578997,-0.1463343330605,0.0593468136372,0.0599490048091,-0.1414235627484,-0.3014565712051,0.4814222283928,0.4099385223105,0.2628558565756,0.1345875042502,0.0091398904823,-0.0920967177877,-0.0869941773599,-0.0697032295311,0.1877823932413,-0.4152629777293,-0.2541564192886,-0.0183599857616,-0.1127110251206,-0.1608134850960,0.1915563510834,0.1315390205271,-0.2208037992889,-0.3520101233399,0.0826297268135,0.1379890235672,-0.0494490689562,-0.2854976040476,0.0305044474424,0.4526411096851,0.0744485894735,-0.1319217058584,0.3436869693170,0.1316523854132,-0.0650128841868,-0.2467825324067,-0.4645892227031,0.3152729013581,0.6002425407285,0.1359160797566,0.1645621794700,0.2923053840134
0.0223722272082,0.2892553011440,0.2466781933527,0.6410461933373,0.1240181880209,0.2567081872283,0.4138850393817,0.1590763852984,0.1957204097481,0.1308915638802,-0.1137102773100,0.1799867688947,0.3654362781056,0.1718622535042,0.1385329646633,1.0000000000000,0.5957411162100,0.3715484840176,0.5645686248991,0.4624090918971,0.3328472934252,0.0678579056240,-0.0194171871251,0.1508837606219,0.0544739997161,-0.1058102666363,-0.0349631159274,-0.2452243035375,-0.0368775408780,0.0446586440556,0.7428475303516,0.2473836217627,0.4682006799059,-0.0249548520779,0.1298887501503,0.4329315572244,-0.1677473812108,-0.1354313449203,-0.1161542644611,-0.0987938867138,0.0766279046404,-0.1465573884665,0.0548641280530,-0.3239882987940,-0.0843562487154,-0.0006204235964,0.1564009824500,0.0740875907787,0.0662676617796,0.0309544945568,-0.0351858375091,0.2005635367074,0.3137106428901,0.2951854456231,0.2091535674872,0.4119865064446,-0.0399302896443,0.1122370819059,0.6150922703009,0.3168081282556,-0.0464326265855,-0.0796898074271,-0.0634214095288,0.0173758077072,0.1073766882198,-0.2323657112166,0.8277084214240,0.4341949993073,0.6056511631564,0.4440959948042,0.0778490737687,-0.0747157009101,0.3256535161338,0.1403518967320,0.0860776854806,-0.2139729050327,-0.0850153646179,-0.1600706831430,-0.2660409006010,0.7595025990220,0.1774134285495,0.0946436894948,-0.1462113684477,0.1695174137727,-0.3152705963972,0.0967878845109,-0.0370423945407,0.2591591975190,-0.3126197461227,-0.1480599227456,-0.0547603483924,-0.1447391591534,-0.2381702286736,-0.0383150146315,-0.0269279834868,0.0858368318356,-0.0936399947263,-0.2151188744542,-0.1494157783187,-0.2350720408911
-0.0676166117968,0.1263848112812,0.0841150300738,0.4055673836646,0.0240737518509,0.2430257785814,0.3252601660193,0.5170996433397,0.3547849251810,0.2512514292849,0.1695454806086,0.3285605231230,0.6482968764000,0.0781439212145,0.1110462805175,0.5957411162100,1.0000000000000,0.7154541785751,0.4065586080967,0.5498895033752,0.3246325836137,0.1779944159057,0.1511280365715,0.2903488842848,0.2851390238607,0.0703499926634,0.1373526933767,-0.0574227246649,-0.0509507379855,0.1265479015134,0.6087192572480,0.2869708064396,0.5582152367333,0.0393939906351,-0.0835645993101,-0.0155985042834,-0.0409403032314,-0.1310605247426,-0.1608775449540,0.0586547970216,0.1908671370341,0.0455762445575,-0.0074194086438,-0.0257203816470,0.0923618586652,0.0715707965138,0.2236694900055,0.0774373409068,0.0357421856790,0.2174832210821,-0.1615644989229,-0.0572311383779,0.0770403137026,0.0976508505301,0.1460714315590,0.3183025423002,0.3315827388595,0.3345376710027,0.6873037503460,0.4687853035889,-0.0168902933984,0.2240688017503,0.1263656046951,0.3159479148288,-0.0954859446729,-0.1804092567325,0.4012883655206,0.7346780959751,0.3886478257543,0.5483704193165,0.1279220557320,0.0591457629939,0.5083525155787,0.1835205012658,0.0924909598502,-0.0547552287354,0.0491709089212,-0.0843344789700,-0.2576875424585,0.7072933205928,0.2518262278950,0.3209277383926,-0.1941896406989,-0.0425125230300,-0.1486452893114,0.0148118730623,-0.0244427074332,-0.0162364921811,-0.1946249328196,0.0362416988521,-0.1885689309098,0.0724428383366,0.0177237932153,0.0893617877680,0.0588586856886,0.0897057509251,-0.1322399513889,-0.2683362198630,0.1105599096329,-0.0797099456243
0.1480225394145,0.1922185666868,0.1045000859743,0.4010274738553,0.1980208268850,0.2608487626988,0.3786581178719,0.6632893165928,0.2659622528491,0.0775621356142,0.1579083653981,0.0586163734500,0.5081006817753,0.2322977989709,0.2799159853726,0.3715484840176,0.7154541785751,1.0000000000000,0.1319306044921,0.3643227831494,0.0689306207364,-0.1037736048403,-0.0094277226992,0.1743666799430,0.0469850464457,0.0514245122850,0.0067473549119,0.0183317133050,-0.1748763509144,0.1130387608117,0.4822816543786,0.0574045131125,0.3485485913475,-0.0661968181095,-0.2127526045826,-0.0529897667093,-0.0625895662231,-0.0840399710203,0.0152962235667,0.0003785432538,0.0933264641439,0.2622971761322,0.0667724516290,0.0981527549158,0.1059171386849,-0.1006459715349,0.0921492889872,0.1341239758312,0.0558124027242,0.3738896589447,0.1163697637408,0.0592503900156,0.2834650275124,0.0874417878195,0.2459382673908,0.4094084977079,0.4730377558219,0.5295456788605,0.6688372443354,0.3674129892723,-0.0902958698154,0.2233891515569,0.0476870642111,0.3506425792138,0.0686747480538,0.0123079693109,0.2824741573387,0.7386235934918,0.1392446258239,0.5271376216531,-0.0606945378559,-0.1677932326798,0.4077634080322,-0.0757925535354,0.0163796430660,-0.0229526604810,-0.1061281634532,-0.0923097335849,-0.1853062213500,0.5774469303095,0.0309744355937,0.1409334777527,-0.0734752860776,0.0861222209385,-0.0100471114040,-0.2292585420658,-0.0673331150325,-0.0078073465984,-0.0514704366812,0.0788316151045,-0.0999605808081,-0.0070468939247,0.0488357000473,-0.0810904159274,-0.1105002245586,0.1302318852375,0.0653090800591,-0.2664141864840,0.2204964375949,0.0594141250437
0.0276969800516,0.3915027988845,0.3165252649310,0.5447407656995,0.1148210255905,0.2118581952388,0.3795721028551,0.1445315129804,0.5786442026458,0.1290609987061,0.0142266331829,0.1635574570695,0.2050555029362,0.0747799606676,0.0117749868811,0.5645686248991,0.4065586080967,0.1319306044921,1.0000000000000,0.3561672761752,0.0841428065437,0.1249970320012,-0.1001652020733,0.2061124043660,0.2977950890006,-0.0263381665737,0.0300592359188,-0.1881784782287,0.0489635346649,0.1418174313609,0.1850762662320,0.1238447375907,0.0639521427005,0.1781990714930,0.0677388869439,0.3168472602595,0.0416758778992,-0.1381411458740,-0.0421291576585,0.1261409442272,0.1819905150818,-0.2128703071826,-0.0550675608450,-0.2253606596810,-0.0913097065635,0.0691311235268,0.0711230887729,0.0855080667932,0.1957871275156,-0.0529122865503,-0.0282140983891,0.2876282244076,0.1150663076545,0.2963736978264,0.1655483303374,0.3600870688405,-0.0811404189312,0.1281059154338,0.4490381087949,0.5848565074261,-0.1501134247981,0.0329908386971,-0.1768995760461,-0.0910047284542,0.0729141853054,-0.4033895185266,0.4906089177460,0.0545410558890,0.8612443747433,0.1559726534316,-0.1953633773370,-0.1325249394960,0.2774356531382,0.2979488134275,-0.2307402769143,-0.3092158028237,-0.0805021764575,-0.0960581821550,-0.2213188411656,0.2690158316892,-0.1202310579220,-0.2091731979037,-0.2100174505325,-0.1738267039516,-0.4213980198854,0.0464278134600,0.0111180910965,0.1763470879689,-0.4167378112458,-0.1238783740003,0.0715636256422,0.0704508565155,-0.1502074447931,0.0217938843025,-0.0914878240243,0.1032350473883,-0.1049269214900,-0.2216432342861,-0.2844616224348,-0.4111581255987
-0.2032755689864,-0.1169605772987,-0.1725493523324,0.0444131954230,-0.2811705141576,-0.1505894001391,-0.1006410392247,0.2740490656696,0.2439661492896,0.0525139728132,0.1762503574688,0.1999558352749,0.2991570465547,-0.0148602153627,-0.0679190789770,0.4624090918971,0.5498895033752,0.3643227831494,0.3561672761752,1.0000000000000,0.4425207849649,0.2086538929600,0.2850933933255,0.2803204731387,0.6174649779604,0.2512811316181,0.4129022608193,-0.0659540716938,-0.1496397342248,0.0482634424418,0.5542943649835,0.4464970957128,0.5739394292248,0.0791401091518,0.1357088305910,-0.0205590357930,0.0964151849415,0.1548341656392,-0.2393042147940,0.0214871424973,-0.0699375234680,-0.0682635212938,0.0864272907376,0.0883715220685,0.2434571415495,0.0630985635906,0.2040702713325,-0.1393589812060,-0.1798567934881,0.0011963368848,-0.3193387543901,-0.2610494636545,-0.1833821702643,-0.1704660456975,-0.2062638738843,-0.0998031400744,0.2616165923614,0.1429603127456,0.3749656798150,0.2498896147552,-0.0096385089520,0.1877677762914,-0.0305276226693,0.0504792449218,-0.2526250994887,-0.0624221458078,0.2161704390268,0.4781805926185,0.3209442462020,0.7507842311450,0.3842398891184,0.2576059233865,0.2977859835204,0.5523331144835,0.3522968179545,0.2062497596482,0.3787842202601,-0.0885423953008,-0.2505882802590,0.4488042629300,0.4281429931326,0.4057969733198,-0.1425288948864,0.0525251409862,0.1499984039383,0.1063599597607,0.1733414355888,-0.0828091440441,-0.0737246136047,0.3865185494254,-0.2314484861305,0.0861354406937,0.1400263033611,0.1028211871387,0.0888936050710,-0.1229313646299,-0.3180413904195,-0.2511672711111,-0.0068799470529,0.0858887010852
-0.0738867814478,-0.1641004128071,-0.1909332031339,-0.0056544160269,-0.1681228964351,-0.0561124990294,-0.1000220047359,-0.2459868828783,-0.1459800394415,0.3647643534809,0.2974451802742,0.5341691673518,0.1662316187435,0.2150258772051,0.2898934201843,0.3328472934252,0.3246325836137,0.0689306207364,0.0841428065437,0.4425207849649,1.0000000000000,0.5165386164918,0.6048064282237,0.4821794377464,0.2573644253679,0.2237199381616,0.5576573079511,0.1158797511291,0.1398857966443,0.1482683878218,0.5583173603148,0.5922027118984,0.5641889215512,0.1456597540012,0.4610687357715,0.1292476456443,0.2937649712930,0.0314988446316,0.0087547114151,0.0848937007887,0.1423450400830,0.1312479566822,0.3291232606800,-0.0271396630122,0.0037065656138,0.3694644449006,0.3487346975188,-0.0418049428665,0.0432862192879,0.2603032570101,-0.2337098875908,-0.3950146901839,-0.2498037337721,-0.1438870981302,-0.1585438931540,-0.1970376555437,-0.1799362497513,-0.4235347202397,-0.0526365484434,-0.1827712515199,0.3192390217044,0.1714332861511,0.0666565375982,-0.2953132725589,-0.1834883551998,0.1214778375667,0.1422833046103,0.2432938161905,0.0844484425153,0.2060685367456,0.6432382525942,0.5558146675734,0.3136185672321,0.1783601722221,0.3411731094020,0.2228494588034,0.5094826066280,-0.0903345660988,0.0276922761019,0.3054932596360,0.5034135923126,0.3340572005004,-0.1238158931353,0.0383151874232,0.1279878976746,0.2501784921503,0.3404742265375,0.1675680476101,0.1653804352562,0.1188100081563,-0.0859029874421,0.1687183211586,0.0247881716754,0.2002657244044,0.1289100029072,-0.1200817049493,-0.0764737371477,0.1422241576204,0.2221185322055,0.4814488513002
-0.1525964057760,-0.1371743321651,-0.0264090703742,-0.0779804792753,-0.1820114451745,-0.0344888712480,-0.1353390660127,-0.2962179766702,-0.0345256375781,0.4523629584136,0.4217958929852,0.5954246316602,0.1255673322316,-0.0908727537899,0.0241751152526,0.0678579056240,0.1779944159057,-0.1037736048403,0.1249970320012,0.2086538929600,0.5165386164918,1.0000000000000,0.6214624436216,0.4850863238380,0.3121075296708,0.2045571804219,0.5710493405677,0.1378892725044,0.3786046055917,0.1781107220706,0.1706062894381,0.5196975599963,0.2975801243834,0.2752625048543,0.3576183518043,-0.0784136667383,0.4059578282795,-0.0447641305726,0.0358282416280,0.3598104904820,0.3357594434003,-0.0742774206646,-0.0310635124998,-0.0167520298408,-0.0234905169157,0.5455669359269,0.3992355761516,0.0352489232714,0.1941334150215,0.0872884156301,-0.2821316776465,-0.2256003286778,-0.2561233958432,-0.0988173908719,-0.2053884683886,-0.2899137427476,-0.1780731260325,-0.3829901189567,-0.1583018463012,-0.0226061683196,0.3222284991049,0.3710056373769,0.1517632373759,-0.2083213675493,-0.2091470272411,-0.0981933172480,-0.1281647041944,-0.0506662134505,0.0204177392245,-0.0203262280431,0.3160618888543,0.7112440776848,0.3241786622844,0.3166732161819,-0.0106444376232,0.0443120508892,0.5235936034210,0.1832554625330,0.1825443014351,0.0880649259503,0.2835184609748,0.1720628422367,-0.1111284672611,-0.3213201517154,-0.1155935354196,0.3031037102516,0.3901521630343,0.0155307929252,-0.0896916825607,-0.0218169178943,0.0380039277840,0.3409470600464,0.0144303547024,0.4254628204006,0.2469879020762,0.0151877818265,-0.0487465416953,0.1658311120568,0.0701162139966,0.1466503382706
-0.2377223239163,-0.4002875859663,-0.3185762931537,-0.1549024066204,-0.2725621471789,-0.2322374524926,-0.2969814109366,-0.3535079671780,-0.2318500527789,0.0711812686658,0.5821836754243,0.3871985345334,-0.0524739172894,-0.0744180081638,0.1059754078461,-0.0194171871251,0.1511280365715,-0.0094277226992,-0.1001652020733,0.2850933933255,0.6048064282237,0.6214624436216,1.0000000000000,0.4928923590998,0.3631886280442,0.3835832000124,0.7526469587024,0.0640103391031,0.0984081185236,-0.0348238695774,0.2442710776678,0.6024946759956,0.3500654618006,0.2350074533855,0.4410795283485,-0.2414487482585,0.4168464236611,0.0089146886237,0.0088602602135,0.3064162391940,-0.0060734363678,0.0075304620993,0.1535974169145,0.1283699127629,0.0776295722495,0.4030069304826,0.3241368148537,0.0194186979232,0.0775002829109,0.1460345873369,-0.3048688793422,-0.4765976033150,-0.2724616452987,-0.3846015783485,-0.3791913188111,-0.3825904313350,-0.0392240796193,-0.4255168038020,-0.2543081490952,-0.2576496660631,0.0924308361583,0.4534695091653,-0.0053370970193,-0.2788178749451,-0.3702008781629,0.1415984961209,-0.3096708154190,0.1152800528662,-0.1994291859134,0.1080196961755,0.5777225638704,0.8227717405222,0.3622248762079,0.2592578319089,0.2882924830161,0.3615659601648,0.7318747933091,-0.0619052897884,-0.0553218137613,0.1243024371242,0.5202857305024,0.3795387464735,-0.2511222799818,-0.1509528206898,0.1446437072082,0.2467593065503,0.4360800037811,-0.1023137599186,0.1676148492442,0.2477204223672,-0.0728377978312,0.4919531895556,0.1462970137033,0.3383070636426,0.1674263358947,-0.0292132492053,-0.0456622510426,-0.1854975674109,0.0925870291467,0.4264852549783
0.0833092444107,-0.0097084983218,0.0319974468378,0.1244272411145,0.0813589716869,0.1321634658468,0.1514144914751,-0.1711480519759,0.2438375617423,0.3107939354502,0.5774461130183,0.4296572968760,0.1780430497046,0.0315392463578,0.2335520588992,0.1508837606219,0.2903488842848,0.1743666799430,0.2061124043660,0.2803204731387,0.4821794377464,0.4850863238380,0.4928923590998,1.0000000000000,0.3716871688975,0.3210610183114,0.6380009481739,0.0865918825969,0.1243197544783,0.0928206254966,0.2521783591403,0.4197587795420,0.1202825682236,0.2408672239216,0.4934826522178,0.1971668244992,0.6373997825373,-0.1301099237701,0.2869147294517,0.3624402180571,0.1496437698577,-0.0275374476663,0.0404405285773,-0.0821908234771,-0.1264240895905,0.2793570111671,0.0957182648150,0.2463997876484,0.2397276573066,0.1825831657327,-0.0441539566863,-0.1241225897051,-0.0937076155423,-0.0047193343579,0.0302137100085,-0.0482521660059,-0.0346808796745,-0.2893494160080,0.0287385463431,0.1953382167093,0.1864914760494,0.5618356037043,0.0278852903646,-0.1593833945863,-0.1174734093284,0.0185607794568,-0.0117443325367,0.1288610777095,0.1877093414786,0.0543756629851,0.1886477280341,0.4226002339795,0.7684352164534,0.2904583894187,-0.1245222230272,0.0457655459905,0.4787019631875,0.0059916069684,-0.0453106049548,0.1838165687758,0.1946493324077,0.0677920054053,-0.1595980314989,-0.2675283462140,-0.1660589507871,0.0825195875724,0.6521535102616,0.3350707221671,-0.0887841928504,-0.0732207537073,0.2270807209509,0.4256874867203,-0.0600466859660,0.1418718465099,-0.0074295074703,0.2409857876403,-0.0151752371772,-0.0178637271017,0.0728579511361,0.1937880890288
