1.0000000000000,0.7893789061586,0.5934542084266,0.6146004901587,0.7987229243089,0.5129221448495,0.5787374707949,0.0419426791644,-0.0133520511199,0.3328325025122,-0.0002674534109,0.2017708974151,0.1567807804796,0.4941858979427,0.2093686587724,0.1427203091108,0.0113331356988,0.0728831560591,0.0275399751812,-0.1648076949535,-0.1738636367767,0.0051086869813,-0.1974614229616,-0.0903750508849,-0.1561431733835,-0.1696436172568,-0.1362926341135,0.2762271352645,0.1095419625620,-0.1601182388847,-0.1558208211209,-0.4397223500727,-0.1882467196517,0.0660132771637,-0.1211795201748,0.4345370795197,-0.2993143082537,-0.3234588326633,0.0805799017032,-0.0075819651078,0.3564690717521,0.1176410385615,-0.2497430791967,-0.3228059752905,-0.3076809559285,-0.0266308982284,-0.1777980654302,0.4052724421601,0.4361879782157,0.1439168911793,0.8633122287726,0.7928004588414,0.4685480756498,0.5114436810319,0.5655676437480,0.5702462165335,-0.3598363888492,-0.0535100359214,0.0544468056317,0.0246684376778,0.2929586422728,-0.0252430115854,0.2583099532008,0.1120838393655,0.4027569094161,-0.1400281688231,0.2781018005325,0.0662710388260,-0.0866326432590,-0.1071103365347,-0.1957231740075,-0.2545831496236,0.0742107733395,-0.0205745919768,-0.4706934285341,-0.4687071658605,-0.3279076319259,0.1867666721699,0.2065087891750,0.1494015130121,-0.3672480283096,-0.2729325957959,-0.0617570390028,-0.2068636218596,-0.5658819803780,-0.0624466707076,-0.1628482811804,0.3254564828892,-0.3146675273324,-0.4760905392363,0.1658745544103,-0.1455101156201,-0.3759425360513,-0.1182817904092,-0.2076594840319,0.3109733225589,0.4077718392831,0.3332713667283,0.0054846801311,-0.1468681957551
0.7893789061586,1.0000000000000,0.5319273915443,0.6547588057412,0.5982923325794,0.4122887430700,0.5797161177597,0.1710351099784,0.1204882285936,0.3062721087171,-0.0456682133154,0.2057633253492,0.2374368457285,0.5970427246325,0.0886819379561,0.2560172727710,0.1865709929492,0.2643254474865,0.1284043892548,-0.1292184194112,-0.3543199727571,-0.1398176007722,-0.3678851634049,-0.0910158087209,-0.0885992901632,-0.2115419391333,-0.2317756004222,0.3249980621820,0.0806381146745,0.0136465572223,-0.1011253264868,-0.5305464813992,-0.1319521384297,0.1496153030868,-0.1875178891236,0.3227327629606,-0.3015627754598,-0.2437614260340,-0.0132452830619,-0.0723670353294,0.3772439058270,0.1915542161516,-0.3422832207128,-0.3249677618812,-0.2291876696701,-0.0999794640908,-0.0445991372286,0.2398656274896,0.2342652128749,0.1399081109718,0.6633164581546,0.9116227283745,0.4727534968404,0.4326367442928,0.4328465425306,0.5788667301804,-0.2828328294588,0.0845370278397,0.2469255068548,0.2101026811124,0.2274265225179,-0.0152459026932,0.2929816769746,0.2130168070220,0.4678566495442,-0.3256536564859,0.3600912686179,0.2532768758021,-0.1174670914766,-0.0388837608740,-0.3142124898500,-0.4314523597873,0.0979150070843,-0.0084956624921,-0.5623730174850,-0.5698022879458,-0.4502252639759,0.2036405087859,0.2674550093175,0.2821702079215,-0.4463293317583,-0.2807972174713,-0.0000060240992,-0.1821667633614,-0.6065674307650,0.0263485650502,-0.1392115668923,0.1553293740771,-0.3833851436077,-0.5281995513443,0.0256095525861,-0.2644824606544,-0.4116114276269,-0.1242981362379,-0.1990587794930,0.1437069126589,0.3530685853014,0.2209243182108,-0.0040720936415,-0.2498223369985
0.5934542084266,0.5319273915443,1.0000000000000,0.5377232284991,0.6894274478763,0.7123770551211,0.6895575920715,0.1225742599195,0.2350962303642,0.2605545081168,0.0261217856202,0.1696562531575,0.2008187755448,0.2071863380490,0.0217144415934,0.1925855812658,0.1740763397662,0.1595195263925,0.1709656620544,-0.0224578071671,-0.1257655092133,-0.1835605837839,-0.2455843477198,0.0756736143565,-0.0221664654967,-0.2076433588465,-0.1927092588633,0.0761282306087,-0.1136924715639,-0.1576313665684,-0.0568618316809,-0.3532027602240,-0.0230482827743,-0.0930691701395,-0.0690195312129,0.3348545269229,-0.1942463166474,-0.2335762124627,-0.0144727876253,-0.1099130161284,0.0869098799012,0.0048507330630,-0.2675271471200,-0.2158589804031,-0.1618602095059,-0.0951078999362,-0.1481449444802,0.2977638797119,0.2411330789071,-0.0160611941141,0.6034722531426,0.5838804791144,0.3049046726204,0.9045069379837,0.6345163163392,0.6722375059867,-0.1115387675150,0.1345793304536,0.2656864674655,0.2777542976586,0.2151984719767,-0.0014858478899,0.1481826090311,0.1701575365015,0.1813968376659,-0.3037059480212,0.3300803994160,0.2274796921893,0.0804120481152,0.0841549312169,-0.1285568353530,-0.2596709691527,0.1858940439382,0.0701949612181,-0.2964221728959,-0.3310324540252,-0.2587840798741,0.0410344773743,-0.0285580095359,0.1975167538111,-0.2606881264490,-0.1361154785974,-0.1678788328410,-0.2250772538284,-0.3675809252585,-0.0599834696378,-0.0536681576363,0.3237742795253,-0.2789321947443,-0.3593485763664,0.0260159513342,-0.2119585731861,-0.2842697270726,-0.0667197982834,-0.1330028715846,0.2258044707065,0.1604174748668,0.0587199783295,-0.0374433437229,-0.2138453946051
0.6146004901587,0.6547588057412,0.5377232284991,1.0000000000000,0.7121214715767,0.5558763838061,0.7772793547974,0.0912051125733,0.0731153746958,0.2417021124192,-0.0051025754421,0.0562199496772,0.1777128362295,0.4836693033148,0.2973517744596,0.5392708459597,0.1516385002986,0.1589453499773,0.2636444130217,0.1508323809765,-0.1668867921143,-0.0887088893165,-0.1790630402418,0.0728988734871,-0.0928840303669,-0.0891193627592,-0.1502176019673,0.0709558589552,0.0208770563713,-0.1292991975889,0.0176823836440,-0.3091828821251,0.0141242385939,-0.0869458254627,-0.1119231450579,0.3923802333050,-0.3700247160878,-0.2898492859325,-0.1137466231834,-0.0014448027061,0.2965369176196,0.0637453581384,-0.2647223748837,-0.2214655271245,-0.2434417406901,-0.1251821901246,-0.1689262041973,0.3778817054633,0.4022865200288,0.1818602181718,0.6145595159548,0.6132695966295,0.7723138127420,0.5063513353211,0.5342154283315,0.7972813956237,-0.1412372198180,0.0000604517891,0.2415787889678,0.1366988748834,0.1425724921561,0.0051043861401,0.0003272266794,0.0755879978316,0.4177164739592,-0.1201121189402,0.4810973066583,0.2141293882371,0.0873406592921,0.1493982862305,-0.1302418966263,-0.3333637728952,0.2301409703435,-0.1256842397280,-0.2837521134302,-0.3244977733376,-0.3576132527104,-0.0362392111577,-0.0164001748919,0.4077229858060,-0.2986855037542,-0.1891000120077,-0.1683834572292,-0.2450847498792,-0.5283221143204,-0.2871929913043,-0.2757004984230,0.1597006950212,-0.4431475216044,-0.3143455039376,-0.1085574263023,-0.1348002584384,-0.3233585335396,-0.3178646580580,-0.3342811846898,0.2859312783554,0.3876395260955,0.1579571959710,-0.0166304488509,-0.2628295253028
0.7987229243089,0.5982923325794,0.6894274478763,0.7121214715767,1.0000000000000,0.8163804031158,0.7812756870243,0.1106142123429,0.1146900656354,0.4011415506044,0.0891209218594,0.2051447842587,0.2514621968547,0.4594482768990,0.2579123633186,0.2167638436937,0.0844899252887,0.0516123079082,0.1440874126893,-0.0600706551695,-0.1124362908964,0.0034522585810,-0.2007490909938,0.0744910125457,-0.0917579741353,-0.1764841035276,-0.1251537760309,0.1360291218612,0.0796341104975,-0.1985785532010,-0.1480847798909,-0.4243385567359,-0.1513943912870,-0.0873611385320,-0.1262924128470,0.4712268134638,-0.2767337105118,-0.3351827592517,0.0527599877466,-0.0043219796234,0.3617440224068,0.1186376844761,-0.2390858288715,-0.2210484011387,-0.3025311108347,-0.0216431343421,-0.2398558799576,0.5281277458190,0.5595508283304,0.1817267230478,0.8865488192608,0.6276714253207,0.5690721861785,0.7199907383242,0.8321742484712,0.7466800986419,-0.2049942539182,-0.0245549907109,0.1269468036098,0.1256363692208,0.3340021276274,0.0471881899246,0.1994995094429,0.1797534343864,0.4346946748843,-0.1186124885974,0.3179920595964,0.0668599669091,0.0529206044651,-0.0765369207927,-0.1647719944065,-0.2597748244621,0.1700599783436,-0.0525281209655,-0.3620463501533,-0.3746757245306,-0.3777482026498,0.0340642887629,0.0962898699269,0.1375651815571,-0.3825032032471,-0.2827841732091,-0.0887238371706,-0.2656649204896,-0.5181034540304,-0.2278002282940,-0.1929691805715,0.3603977473956,-0.3243269204373,-0.4281091702313,0.1014950661435,-0.1350804933163,-0.3004044186631,-0.2056026143722,-0.2614829169430,0.4264627637069,0.4474027781022,0.3097449193994,0.0331489820559,-0.1933705431953
0.5129221448495,0.4122887430700,0.7123770551211,0.5558763838061,0.8163804031158,1.0000000000000,0.8385056726993,0.2920088517771,0.3649919833893,0.4345528130822,0.1876513833773,0.2062064791281,0.3853831847218,0.3247014292817,0.1888121016718,0.2232170952367,0.2423637284699,0.1834775159290,0.2322120698051,0.0175184857579,-0.0883015728606,-0.1261542630242,-0.3116617628103,0.2516312449875,-0.0076597419565,-0.2111568939938,-0.1821519506563,0.0662080035509,-0.0134929441064,-0.1298113033207,0.0060600333266,-0.3928902525670,-0.0688298610079,-0.1325624470963,-0.0551151661131,0.4631795899769,-0.1973045542404,-0.2565189872148,0.0858552818601,-0.0875190409516,0.2776330426914,0.1419765561366,-0.1803541484932,-0.1596495221010,-0.1923597436833,-0.0644377971094,-0.1983832264970,0.5338789257459,0.4437202606657,0.1525130000107,0.6362000619320,0.4321071199479,0.4208600003123,0.8305267554174,0.9425747321088,0.7637400564530,0.0101113086339,0.1439699095904,0.3375312673395,0.3814954630381,0.3482044042406,0.1249015714038,0.2051836224608,0.3333753643198,0.3279919907119,-0.1601944576584,0.3384813901589,0.2097919270975,0.1528581362771,0.0335467162240,-0.1729699131843,-0.3502357411433,0.2954611163590,-0.0043995496628,-0.2599306654675,-0.3308018623610,-0.3996278062057,-0.0242675820867,0.0242514735413,0.1968563864897,-0.3725463801987,-0.2006369063110,-0.1254840464845,-0.2013503377153,-0.3855322556112,-0.2164720852715,-0.1054969787813,0.4282110233285,-0.2318844746018,-0.3426754512377,0.1142951928160,-0.1933598074293,-0.2371673045913,-0.1957429712846,-0.2361864885335,0.4476324824613,0.3221296939528,0.2005398152122,0.0799415050851,-0.1559318707343
0.5787374707949,0.5797161177597,0.6895575920715,0.7772793547974,0.7812756870243,0.8385056726993,1.0000000000000,0.2331992990099,0.3010597153058,0.3796016311923,0.0238106758199,0.0844516279955,0.2758995306888,0.3612584818522,0.2175566002598,0.3399110990955,0.1909751609437,0.2137813237693,0.2546086106997,0.0781825929272,-0.1897278253590,-0.2122323861404,-0.3409362872511,0.2403115919874,-0.0692632278789,-0.1844434418944,-0.2210538493794,0.0717444809850,-0.0048181950483,-0.1211831059091,-0.0099112213911,-0.4013232848711,-0.0870194560063,-0.1184572497510,-0.0272631528430,0.5023723215939,-0.2563057739981,-0.3183427727584,0.0702176758158,-0.0842008481749,0.2723601467557,0.1206973471842,-0.2719708733490,-0.2282597300106,-0.2495526826734,-0.1542097295826,-0.2306891024728,0.4801915277799,0.4036842259780,0.1586851525738,0.6671092699003,0.5868718613087,0.5794877602696,0.7510805613148,0.8208896017137,0.9192205817669,-0.0765599892823,0.1270428733416,0.3572236897885,0.3476657333686,0.2462641481847,-0.0161647909505,0.0875211025055,0.2342295599529,0.3659262336732,-0.1547363171551,0.4550004720302,0.2346231573915,0.1467985653574,0.1282993219359,-0.2082125742458,-0.3916980199567,0.3402714144620,-0.0506534923914,-0.3134550513088,-0.3591315877340,-0.3951184779499,-0.0137788088250,0.0047250617565,0.2960120115582,-0.3588356329273,-0.1962039122077,-0.1226960823677,-0.2199588610217,-0.4541907787575,-0.2340806043086,-0.1287473515690,0.4608567710525,-0.3258308472471,-0.3167926546989,0.0945553446839,-0.2085173958718,-0.2917319539584,-0.2585046988862,-0.3012297612637,0.3967498658129,0.3504399455431,0.1748303464422,0.0832875659447,-0.1740734943716
0.0419426791644,0.1710351099784,0.1225742599195,0.0912051125733,0.1106142123429,0.2920088517771,0.2331992990099,1.0000000000000,0.7844505238510,0.2525569342116,0.1930501757535,0.2705198008451,0.5204569595247,0.1655326005981,-0.1249197253719,0.2428803959485,0.6359080750872,0.6722310588454,0.5614453946273,0.3895145587950,-0.0162962245070,-0.1783933335592,-0.2971764949527,0.2325568923117,0.3736729647599,-0.0832934739407,-0.1202875016448,-0.0177572506184,-0.0823558830066,0.0421417001573,0.2676268935937,-0.1809824829120,0.1812937520681,-0.0738980758672,-0.2991783372497,0.1036306108623,-0.1503901700061,0.0126344306420,-0.1695376348240,-0.2700033448780,0.0624828540545,0.0719299884035,-0.0005153545094,0.0731005600895,0.0397567210974,-0.1883411076592,-0.0046265852263,0.0021603722439,-0.0588702381059,0.0468960379545,0.0670130765205,0.1446427434091,0.1072566180398,0.2083988195178,0.3050422749339,0.2962356033628,0.4499823801662,0.6791665653587,0.7186317710718,0.7011516707451,0.2121437831911,0.2504976863016,0.2499030990714,0.4150768633520,0.2430023545091,-0.1708141334744,0.2833067806636,0.4988589009363,0.3729909463181,0.3621218600956,-0.0561807413715,-0.3663400328381,0.1531474567411,0.2844168577150,0.0569950051921,-0.1035370658847,-0.3308243626804,-0.1490307371775,-0.1006897823124,0.2309337499926,-0.2071232683675,-0.0276117848512,-0.0815653788427,-0.0061553098656,-0.0659679157506,-0.1708466510435,-0.1815612582507,-0.0392925761973,-0.1424220091561,-0.0650351033853,-0.1613958551152,-0.3620949223697,-0.0183612391789,-0.2638071380820,-0.2912062449625,0.0047987807660,-0.0015130176104,-0.0430116487587,-0.0168631141070,-0.1641756656345
-0.0133520511199,0.1204882285936,0.2350962303642,0.0731153746958,0.1146900656354,0.3649919833893,0.3010597153058,0.7844505238510,1.0000000000000,0.3007921251265,0.2004420173704,0.2938173300905,0.5201126632063,0.0559421899604,-0.2066378421934,0.2036350281844,0.5088186040469,0.4234832236223,0.6326121301864,0.3567027757520,0.0676231094365,-0.2453298541762,-0.2913959291357,0.4326401054920,0.4904448599957,-0.0802144421124,-0.0743950081783,-0.1352758099168,-0.1880089843888,-0.0748075155604,0.1573996288567,-0.1814763909537,0.1526596108825,-0.1412473950164,-0.1665369151157,0.2130134292224,-0.0972972624705,-0.0672316284925,-0.1944902715217,-0.2955269636036,-0.0615371750655,-0.0264939710533,-0.0877442483545,0.0620356315230,-0.0572374704157,-0.1966866898394,-0.0899142486264,-0.0036900543647,-0.1014472716972,-0.0886225536832,0.0622364699313,0.0867338133916,0.0644569262895,0.3515131431375,0.3488095890910,0.3422811479023,0.5014750544270,0.6206525484311,0.7142789270607,0.8554243542771,0.2612930822789,0.2330957379188,0.2461197179525,0.4344591561758,0.1563158265283,-0.1749289468355,0.3543424042819,0.4035515140497,0.5252236497256,0.3837550510772,0.0072784863967,-0.2944918524858,0.2989742972989,0.4029024738494,0.1008603891017,-0.0142544660870,-0.2282207952438,-0.2371266142460,-0.1979427364777,0.1019926960575,-0.1617901634940,-0.0294262200211,-0.1538586231265,-0.0570363398246,-0.0378814170364,-0.1723308736615,-0.0737006520249,0.1122141463946,-0.1677629439529,-0.0673135616777,-0.1426489124109,-0.3532454784398,0.0234297445209,-0.2954837064857,-0.2403076065393,-0.0301631046582,-0.1330458047446,-0.0497695842236,-0.0131985069539,-0.1515171828115
0.3328325025122,0.3062721087171,0.2605545081168,0.2417021124192,0.4011415506044,0.4345528130822,0.3796016311923,0.2525569342116,0.3007921251265,1.0000000000000,0.5237985809531,0.5872513105301,0.5396181829499,0.4279604114261,0.2677492668806,0.0803977419581,0.2093650099532,0.0465837022846,0.0760404413507,-0.0102984675751,0.1920781227644,0.2729429322260,-0.0515698336317,0.3713162111359,0.0309340396388,-0.2844901400341,0.0304067200424,0.2004666373093,0.2788118249492,-0.1399369520632,-0.1394512128306,-0.3759679070015,-0.0285854644106,-0.0912719783149,-0.0510501004081,0.3737054160470,-0.0637411848521,-0.3585571404489,0.0914225770583,-0.0063743162176,0.6328880411998,0.4460862412406,-0.1865081639981,-0.2232398755776,-0.2809033250987,0.1536030024023,-0.1028002755620,0.3545258170768,0.3598006774217,0.3755712799581,0.3504039541724,0.2824718011871,0.1280418154143,0.3015781777668,0.4991549912485,0.3367036972930,0.0452858887850,0.0004339700000,0.1650820170077,0.2290759654294,0.8583146319630,0.3652383410650,0.5109940390753,0.4514881091470,0.4254863603489,0.0182113476801,0.1013196167084,0.1391476534470,-0.0220606301655,-0.0704111443750,-0.0676880892805,-0.0727170168823,0.3352596770185,0.0393714031222,-0.3697422573185,-0.4193842074242,-0.2187282984967,0.1069395031845,0.3182551061073,0.0468718545695,-0.4600669860972,-0.0335695164094,0.0023119288257,-0.3143107958932,-0.4437913706787,-0.2048129497044,0.0120096095555,0.2285213107111,-0.2513238379340,-0.4975228600427,0.1862326967149,-0.0358337533011,-0.2696424916738,-0.0353006125839,-0.0645711861917,0.2951855323700,0.2784422436385,0.6381402129820,0.4953003779573,0.2685945246079
-0.0002674534109,-0.0456682133154,0.0261217856202,-0.0051025754421,0.0891209218594,0.1876513833773,0.0238106758199,0.1930501757535,0.2004420173704,0.5237985809531,1.0000000000000,0.5011009097166,0.4015346133704,0.0804175449952,0.0314740336355,0.0129877172320,0.3095017120119,0.2126406309794,0.0054168617171,-0.0119293252999,0.1180338003893,0.4823976785978,0.4035418575547,0.5398803605019,0.1829291647127,-0.2034493845564,0.3266466370537,0.1952708752728,0.1701993692873,0.0281215026156,0.0808355345558,-0.1325913234772,0.1225179838260,-0.1021793846751,0.1205422901585,-0.1223719743928,0.2482439182924,-0.2922433715170,0.0370336319808,0.0962750234586,0.2105772684679,0.0701382105169,-0.2073785954711,-0.2175946824269,-0.1884906383210,0.1476994744247,-0.0013983538613,0.2274235970101,0.1527999748040,0.1379333390937,-0.0109341862007,-0.0227854744213,-0.1013612399347,0.0681207435519,0.1939249983359,-0.0442518129581,0.2263143923599,-0.0383983021143,0.1327787518245,0.2342184071494,0.5458386408119,0.7424083893515,0.3685765449943,0.4067262965928,0.0086778760207,-0.1467819281116,-0.2587790120366,0.2579501843736,-0.1207803306918,-0.0053665045371,0.1755629886286,0.2666041859384,0.5344652929629,0.0683392661486,-0.1496729579640,-0.2080150725617,0.1846124323371,0.2484541631767,0.1796044102347,0.1926133780963,-0.1068590513290,0.1450561794744,-0.1198740706028,-0.2882312414492,-0.2545223508579,-0.0894584106865,0.3064432304854,-0.0836055621282,-0.1787972329623,-0.1927516501075,0.1026269226690,0.1965068133073,-0.1856134751603,0.1261738639982,0.0790753943312,0.2586653045645,0.0746414500696,0.0962786976560,0.1307516094247,0.0973579149342
0.2017708974151,0.2057633253492,0.1696562531575,0.0562199496772,0.2051447842587,0.2062064791281,0.0844516279955,0.2705198008451,0.2938173300905,0.5872513105301,0.5011009097166,1.0000000000000,0.6761785496112,0.3591289270044,-0.0063744871673,0.2496520750107,0.5400372783869,0.1851993687551,0.2800026662783,0.0653131327489,0.3737444939255,0.5357605998891,0.2364771539570,0.3676425871847,0.2177626651667,-0.2018890556696,0.1704337867068,0.3080038826363,0.1528064103219,-0.0598085825750,0.1158574445260,-0.1449964979923,0.2264054587963,0.0062582941897,0.1252900650230,0.3448350064255,-0.0285391871056,-0.2291560469180,-0.0860515546281,-0.1889597809362,0.1872296202534,-0.0203863957637,-0.2561773947224,-0.3872249514935,-0.3517064134948,0.1182188847794,0.0308107073459,0.1784284692362,0.2173075248876,-0.1052076944349,0.2035263104100,0.1858230561296,-0.1688836706899,0.1782014998494,0.2618796787012,0.0216645754179,-0.0105132187400,0.0221236896840,0.2678372444453,0.2839118971881,0.7715008349074,0.5193221292643,0.8357172291723,0.4699175151416,0.0913146341543,-0.2789872988726,0.1727605613177,0.2807246768279,0.1013269133644,0.1477284022784,0.3561456858267,0.2391838064366,0.3127020575814,0.4613624096105,-0.2571247432780,-0.3445819477638,0.0910473030633,0.1602639934302,0.2517639305381,0.1051968739656,-0.0791844644598,0.0602101284399,-0.2353494596191,-0.2465910995802,-0.4399997242722,0.0260432356173,0.2006564645934,0.1104420819857,-0.3868804434708,-0.4597454404813,0.0155311961329,-0.2432057866155,-0.4328352942981,-0.0364657089892,0.0216818665549,0.1165702774621,0.0421958562848,0.3042868755321,-0.1365925140491,-0.1466007116812
0.1567807804796,0.2374368457285,0.2008187755448,0.1777128362295,0.2514621968547,0.3853831847218,0.2758995306888,0.5204569595247,0.5201126632063,0.5396181829499,0.4015346133704,0.6761785496112,1.0000000000000,0.3840248498539,0.1110632650137,0.2445210520147,0.5861736164146,0.2360324728154,0.2456748262030,0.1328173262469,0.1595070782060,0.1270972857070,-0.0972661881181,0.3423353472885,0.1328940628993,-0.1869915579142,-0.0458980089824,0.1679429753687,-0.0029219027813,0.0227393584043,0.1384671402807,-0.1366950761782,0.2681257624357,0.0108779411168,-0.1249308313774,0.3057690356977,-0.1279770715087,-0.1372829766002,-0.1145682285731,-0.2443790006502,0.1466878673059,0.1334660754100,-0.1169863567146,-0.2163329852353,-0.0927197390925,0.0508475105004,0.1254082307873,0.1968809302159,0.1347950842729,0.0807314644630,0.1911763366454,0.1820247331541,0.0309032678989,0.2585946939233,0.4110195869995,0.2552274666810,0.1943695087159,0.1821128267733,0.4137883626543,0.4983806370920,0.5572472170801,0.3592127860271,0.7076218223372,0.8409541906371,0.2663502060261,-0.2168983300588,0.2421073770579,0.3455151406762,0.0741411552376,0.1231286313967,0.0504623290498,-0.1207446296972,0.3078212570429,0.2406427358292,-0.2261574739417,-0.3578712678440,-0.1866385121951,0.0311932619460,0.0650711681320,0.1875311220192,-0.1668163879568,0.0913988537142,-0.2260847429097,-0.1524983732641,-0.3349232895983,-0.0237901589286,-0.0561552522172,0.0758402387818,-0.2705238412659,-0.3697728665791,-0.0770369342006,-0.3629340663064,-0.3305290619720,-0.0583874938777,-0.0371374520560,0.1402105423935,0.0724188454360,0.1207623728725,0.0207294749201,-0.0555581807984
0.4941858979427,0.5970427246325,0.2071863380490,0.4836693033148,0.4594482768990,0.3247014292817,0.3612584818522,0.1655326005981,0.0559421899604,0.4279604114261,0.0804175449952,0.3591289270044,0.3840248498539,1.0000000000000,0.4164667062843,0.4290494438591,0.2273080912591,0.1167139208558,0.1052138193737,0.0528040904380,0.0684774931844,0.0703792977421,-0.2330974692882,-0.0287392227594,-0.1107009492741,-0.2852587695351,-0.1674301473992,0.3180885029949,0.2753176186334,0.2876461936818,0.1871114103993,-0.2362530665920,0.2311110644619,0.0480969801125,-0.1120643906550,0.4089822806329,-0.3107852207855,-0.0360106647593,0.0025321802577,-0.1450353950658,0.4932659637118,0.3361022805592,-0.0467808327741,-0.2885636988268,-0.1236974367073,0.0625673470048,0.1720151557521,0.2445046845264,0.3541100438501,0.3540701824051,0.4213470195673,0.4893728692645,0.3756434993238,0.1606645861233,0.3523482358286,0.3254958864444,-0.2460198405254,-0.0862156327781,0.1296340909893,0.0957255601342,0.3539068780350,0.0094931938350,0.3171974958488,0.2811998179135,0.6500105710172,-0.0871816083815,0.3263669291781,0.1533324619633,-0.1459561691395,-0.0808613784794,-0.0897740345314,-0.3557189312723,0.0755455245092,-0.0750230548201,-0.4041359425990,-0.5683740708859,-0.4405398996549,0.1450262582837,0.3639871286706,0.2878425738894,-0.3694273737751,-0.1540640985642,0.1141575223469,-0.0962889783742,-0.5908412697593,-0.1208456249504,-0.2417807453913,0.0073590479082,-0.3501877133429,-0.4646065947019,-0.0740510879191,-0.2775518733667,-0.4789729548163,-0.1414632483936,-0.1439088081831,0.1115206580220,0.4543768612117,0.3336160922934,0.0416236604245,-0.0331919018201
0.2093686587724,0.0886819379561,0.0217144415934,0.2973517744596,0.2579123633186,0.1888121016718,0.2175566002598,-0.1249197253719,-0.2066378421934,0.2677492668806,0.0314740336355,-0.0063744871673,0.1110632650137,0.4164667062843,1.0000000000000,0.0865300634788,-0.1183205192959,-0.1865322316476,-0.2204950022151,0.0322559451931,0.1799828854436,-0.0071641256138,-0.0743730770423,-0.0032090059890,-0.2510556318245,0.1271706023394,-0.0442162553150,0.1576068180810,0.2724305439035,0.1933306325673,0.0952020838246,0.1230499498224,0.0113134063742,0.0553980065403,0.0317731952650,0.3834884166623,-0.1232373070367,0.1623858759269,0.4269279992216,0.0979948580678,0.3236478087632,0.3735917503948,0.3858969796257,-0.0113210742785,0.1797851194280,0.0433642131186,0.0082290554942,0.4530924271668,0.4498383695739,0.5682454126190,0.1604163471279,0.0610112507562,0.2450354826216,0.0295815885246,0.2106941696169,0.1400511359600,-0.2484829740924,-0.2525258888799,-0.2555209940457,-0.2055708151820,0.1032071602492,-0.1536221864823,-0.1231662866502,0.0641343125798,0.3936164634409,0.5420696090280,-0.0480075922623,-0.2315349979049,-0.2437277585529,-0.2647602140882,-0.2337597057287,-0.1960505681107,0.0396034925959,-0.3520849304959,-0.1611330728567,-0.2063979062240,-0.2074419310369,0.1112956344461,0.1940722761123,-0.0088065768707,-0.2081072971349,-0.1422907922121,0.2797518989879,0.1655313251717,-0.1118136139872,-0.1033023751857,-0.1896260263912,0.1808709541338,0.2058713569505,0.0756131934813,0.2980886794226,0.0995193643229,-0.0045831491152,0.0631694957047,-0.1124449653769,0.3796360677389,0.4101134412277,0.2202893523831,0.3783499768488,0.3408088676658
0.1427203091108,0.2560172727710,0.1925855812658,0.5392708459597,0.2167638436937,0.2232170952367,0.3399110990955,0.2428803959485,0.2036350281844,0.0803977419581,0.0129877172320,0.2496520750107,0.2445210520147,0.4290494438591,0.0865300634788,1.0000000000000,0.4453757144747,0.3318921916306,0.5118706563229,0.5673884618568,0.3078585159075,0.0443483840982,0.0065729237880,0.2487394415058,0.1559924611179,-0.1570066505208,-0.0195050783715,0.1137872673526,0.0045261040361,0.1150202341563,0.6615276697680,0.0527026702405,0.5421086685850,-0.1846083741002,0.2521422174519,0.4893464440196,-0.1647186562520,-0.0231711744471,-0.1590048042045,-0.2696301703177,0.0213316047161,-0.1552224066160,-0.0623115664879,-0.2739203452790,-0.1634948225519,-0.1642594422791,0.0258707221306,0.1794540926424,0.2050289376803,-0.1033506833839,0.1531877657030,0.1713718089455,0.3783102239922,0.1943320065130,0.2093575571274,0.3091181473496,-0.0736928095907,0.0725306063645,0.3648264031518,0.2292373543250,0.1355543207844,0.0464971538811,0.0718645056278,0.0409665593667,0.1128394837667,-0.1689382920109,0.7031687354068,0.3787292554456,0.2518366356446,0.5104939560103,0.3666433908199,-0.1468736998351,0.2832326651947,0.2311868629969,0.0555093491521,-0.2131443005628,-0.0989558651756,-0.0297761561632,-0.0091060188434,0.6191984702161,0.1012124954041,0.0980633470253,-0.1609334758757,-0.0098345052992,-0.4068820157552,-0.2130346982050,-0.0093044470768,0.1030149716664,-0.4646648864450,-0.1163195529779,-0.2179088808585,-0.3535099603245,-0.4125759127728,-0.3343080086256,-0.2708349733905,0.1199594401906,0.1188957527762,-0.0622415629097,-0.3314015361340,-0.3311064381646
0.0113331356988,0.1865709929492,0.1740763397662,0.1516385002986,0.0844899252887,0.2423637284699,0.1909751609437,0.6359080750872,0.5088186040469,0.2093650099532,0.3095017120119,0.5400372783869,0.5861736164146,0.2273080912591,-0.1183205192959,0.4453757144747,1.0000000000000,0.7121809419433,0.4132080121071,0.3957193749864,0.1637917866457,0.0831728905586,-0.0108593284280,0.3226948199545,0.3296912011075,-0.2307703826557,-0.0439581082819,0.1252078066759,-0.0837791189505,0.0636111694803,0.4133844235728,-0.1659589867072,0.4040917131138,-0.1552703948999,-0.1023365574268,0.0850959043408,-0.0685482027111,-0.0699693324820,-0.1750702802652,-0.2822659181500,-0.0172746918911,-0.0971300925848,-0.1951622780246,-0.1686388510868,-0.0962321702972,-0.1745082432722,0.0591397141009,0.0800870623720,-0.0382781704353,-0.0653877083013,0.0855866108642,0.1920284280052,-0.0162239535503,0.2205477680529,0.2542271967629,0.1990707497122,0.2534400129583,0.4931026252996,0.6610917939617,0.5961441400295,0.2779112101608,0.4846210959371,0.4393243018780,0.4526189527078,0.1038491718592,-0.2892284478175,0.2122230626019,0.7590021739889,0.2223460465852,0.5126190652928,0.2727413264392,-0.1221888511104,0.3531917529338,0.3758302966705,-0.1136550094966,-0.2402869357481,-0.1483900190953,0.0180837059524,-0.0534211533762,0.5005136897499,-0.0950637415498,0.1525656585542,-0.2469237455336,-0.1814670772003,-0.2801081910953,-0.1201482569739,0.0548524692668,-0.1129703982358,-0.3287876141037,-0.1862893287144,-0.1480505850209,-0.3511121375206,-0.2668584396209,-0.1463955174078,-0.1316957124891,0.0969994235110,-0.0309919593903,-0.1393264599230,-0.1723129678837,-0.2806458480014
0.0728831560591,0.2643254474865,0.1595195263925,0.1589453499773,0.0516123079082,0.1834775159290,0.2137813237693,0.6722310588454,0.4234832236223,0.0465837022846,0.2126406309794,0.1851993687551,0.2360324728154,0.1167139208558,-0.1865322316476,0.3318921916306,0.7121809419433,1.0000000000000,0.3907291643476,0.3520041849356,-0.1300839347725,-0.1123983272657,-0.0916258774305,0.1671899344861,0.2672502279378,-0.1469041946603,-0.0894748450080,0.2152775427716,-0.0633644965449,0.1475864785569,0.3971867531289,-0.1767496074926,0.2331606065318,-0.0380353118537,-0.1420002196748,-0.0555670215902,-0.0667168227005,-0.0359384591388,-0.0906107226669,-0.1628714230637,0.0461338860331,-0.0122664963521,-0.1871090097683,-0.1401726146623,-0.0216488613397,-0.1604329963887,0.0858682424341,-0.0095082392655,-0.1088700093126,0.0143895891948,0.0329197888978,0.2436494973404,0.0236761955237,0.1633619687666,0.1632909272358,0.2293113766958,0.1493684835324,0.5488730458343,0.6864492016002,0.5481472176931,0.0337216945016,0.2737955017625,0.1838003453825,0.1958328444601,0.0212588513145,-0.3677704969351,0.2012150948589,0.7550359359898,0.1400552131188,0.5012331490810,0.0517460093235,-0.2363480209250,0.3143391284368,0.3105582748806,-0.1134748289598,-0.2422117765981,-0.1352332748762,0.1498015533069,0.0468203085597,0.5593217237550,-0.1189262752838,0.1197395932975,-0.1326241115083,-0.1230562217117,-0.2300741353362,-0.0091904276672,0.0473865152785,-0.1306812135059,-0.2310643671503,-0.1227251179790,-0.1052457092916,-0.2406588509058,-0.2052271454910,-0.0766912289573,-0.1199151647868,0.0020319904771,-0.0225997296940,-0.1960619333932,-0.1503400103832,-0.2813606160741
0.0275399751812,0.1284043892548,0.1709656620544,0.2636444130217,0.1440874126893,0.2322120698051,0.2546086106997,0.5614453946273,0.6326121301864,0.0760404413507,0.0054168617171,0.2800026662783,0.2456748262030,0.1052138193737,-0.2204950022151,0.5118706563229,0.4132080121071,0.3907291643476,1.0000000000000,0.4564459801016,0.1030096097951,-0.0807950230365,-0.1611666693167,0.1631788552000,0.4127086935566,0.0615275104578,-0.0498443972196,-0.1704109630956,-0.0687070362494,-0.0953728070905,0.2308600225440,-0.0763970860022,0.1137164226715,-0.1833285870297,-0.0259178465452,0.2983173883719,-0.2048707325773,-0.0743339968828,-0.2560781318616,-0.2130756379963,-0.0452715833166,-0.1767277782787,-0.0648539556446,0.0316063376478,-0.2057493997880,-0.2717015871413,-0.1779853571928,-0.0557704371451,0.0411890125544,-0.2038619460942,0.0885461305627,0.1010841629960,0.2173718542557,0.2447828814057,0.1951825720219,0.3259032864542,0.2790814994544,0.4555339392651,0.6041683056924,0.4637383199337,0.1215994233309,0.1454110543601,0.0772637263169,0.0309154910075,0.1265490267734,-0.1314683075730,0.6276756280419,0.2914369652820,0.7786985754849,0.4624951582493,0.1907628238462,-0.2489649487432,0.0562924341226,0.3664587350251,0.2768631944001,0.1405653562772,-0.2139954562413,-0.3157127888853,-0.1533462154143,0.1493416857973,-0.0207859220781,-0.2395972585825,-0.1201993776801,0.0462822867472,-0.0949026173144,-0.2707924641094,-0.1465103300694,0.0759442261240,-0.2717561833163,0.0075426294397,-0.1942073178407,-0.2885104844102,0.0326385027257,-0.4883360825690,-0.4775846553092,-0.1113739615466,-0.0248052964443,0.0086053075476,-0.2645869126298,-0.4206671233518
-0.1648076949535,-0.1292184194112,-0.0224578071671,0.1508323809765,-0.0600706551695,0.0175184857579,0.0781825929272,0.3895145587950,0.3567027757520,-0.0102984675751,-0.0119293252999,0.0653131327489,0.1328173262469,0.0528040904380,0.0322559451931,0.5673884618568,0.3957193749864,0.3520041849356,0.4564459801016,1.0000000000000,0.3203803592525,-0.0982292471530,0.1299072325259,0.2282869826762,0.6064892947328,0.1512791814431,0.2364167831724,-0.0975414559987,-0.1298179608812,0.0376062874770,0.4715051935840,0.2586884610373,0.5591553314400,-0.1072805617508,-0.0404895873031,0.2320765615103,-0.2461239911307,0.1780250029951,-0.2664689329467,-0.0846541671675,-0.0241388843312,-0.0085887629665,0.0649578413243,0.1517938453220,0.1733166709175,-0.0289749953858,0.1699324214107,0.0766185596867,0.0075225394188,0.0682546555188,-0.1084134991761,-0.1592399464217,0.0921376634573,-0.0049676264736,0.0355549542515,0.1050458866081,0.2338298923096,0.3662218605049,0.3700523216430,0.3438476608602,-0.0487783924701,0.0713987578421,-0.1127130027359,-0.0493387107187,-0.0135872513427,-0.0122886013300,0.3227776355779,0.3543507278085,0.3748406098506,0.6883928628051,0.2894481071916,-0.0900524189736,0.2695030759219,0.4086212299664,0.1998166208102,0.0407366464232,-0.0217786471828,-0.1558505744820,-0.2758236138047,0.3595242909422,0.0173534185455,0.1825689428162,-0.1867711150863,-0.1213416517673,-0.0871349958589,-0.2999080752417,-0.2701652959261,-0.1733925587246,-0.3184645065556,0.1533648124426,-0.3804505906149,-0.2500806402389,-0.0744401861194,-0.3077590727011,-0.2235652210324,0.0717513424568,-0.0191232718514,-0.1686927457271,-0.1818213070393,-0.1852811970916
-0.1738636367767,-0.3543199727571,-0.1257655092133,-0.1668867921143,-0.1124362908964,-0.0883015728606,-0.1897278253590,-0.0162962245070,0.0676231094365,0.1920781227644,0.1180338003893,0.3737444939255,0.1595070782060,0.0684774931844,0.1799828854436,0.3078585159075,0.1637917866457,-0.1300839347725,0.1030096097951,0.3203803592525,1.0000000000000,0.3362011237157,0.3683779672663,0.3295423330819,0.1523164844491,0.0863383764974,0.2555899871242,-0.0377274142201,0.0537633203702,-0.0516754290450,0.3990122402145,0.4710299628548,0.4090823606114,-0.1974547430830,0.3181078767043,0.3261139835713,0.1277397657251,0.1018404056163,-0.0615924201680,-0.1081103517823,-0.0478122609516,-0.0101649663633,0.3200936984504,0.0077328939107,-0.0045396596119,0.1687121197878,0.0415945029995,-0.0948099565105,0.0109074653991,0.0241233715422,-0.1596193501715,-0.3299171795355,-0.1759001830487,-0.0768789355577,-0.0922818311107,-0.2546448210941,0.0545030201416,-0.1213986304549,-0.0721411952306,-0.0715102319088,0.2934726154760,0.0968305505819,0.1637767734325,0.0035492842759,-0.1177210950726,0.2122059084923,0.0937131147102,-0.0187831277963,0.1643380315268,0.1394742913466,0.6079032480769,0.4003799951096,0.0740927516605,0.3049984138540,0.3642033729089,0.1715197012870,0.3151560152305,-0.0976206546012,-0.0132387512891,0.0008312946437,0.2313868985378,0.2767145889680,-0.1326787706747,-0.0476457607737,0.0629589523690,-0.1527965282503,0.1191251351065,0.1156109296675,0.0388098938077,0.0385786802757,-0.0519833387606,-0.0477791792439,-0.0363556764763,-0.0716985576311,0.0581703943230,-0.0980593816061,-0.1780850521855,0.1524689275322,0.0084439206805,0.3089113797392
0.0051086869813,-0.1398176007722,-0.1835605837839,-0.0887088893165,0.0034522585810,-0.1261542630242,-0.2122323861404,-0.1783933335592,-0.2453298541762,0.2729429322260,0.4823976785978,0.5357605998891,0.1270972857070,0.0703792977421,-0.0071641256138,0.0443483840982,0.0831728905586,-0.1123983272657,-0.0807950230365,-0.0982292471530,0.3362011237157,1.0000000000000,0.6162946116465,0.1980092822094,-0.0031783390226,-0.0625302271912,0.4170841951892,0.2392670686634,0.2475364395800,0.0131926232619,-0.0009893280317,0.0734874530658,0.1244332395548,0.0156161121143,0.1937983011782,-0.0271748862252,0.1319761905211,-0.2455880619867,-0.0643405134278,0.1578548685884,0.2054594034269,-0.1130236950309,-0.1756351865236,-0.2448362841839,-0.3148982964565,0.3784230429837,0.0797521629014,0.1164915266631,0.2518018322248,-0.0842589837898,0.0177585690633,-0.1308217577058,-0.2206993118744,-0.1868586788096,-0.0689922353465,-0.3170860482831,-0.1477911554146,-0.3255530102917,-0.1852656157755,-0.2436417787282,0.4876610501739,0.4706760894196,0.3842166735322,0.0071671352752,-0.2043454459289,-0.0778645492286,-0.2487569644542,-0.0626450085613,-0.1766529330678,-0.0991476033207,0.3863569778614,0.5917073743167,0.1369658796430,0.1143972468981,-0.0790831261512,-0.0741267658332,0.3559177068245,0.2278274851288,0.2802668799487,-0.0184007474770,0.1314072225649,0.1288870062668,-0.1108617784356,-0.2352722459188,-0.2213910767401,0.0425762367709,0.2541195955353,-0.1006459608436,-0.1673954860880,-0.1974642025806,0.0400080629446,0.2653254352147,-0.2138763573894,0.1831019790653,0.2517853473154,0.1234979532475,0.1017444367177,0.3397686219154,-0.0583978107580,0.0087623456056
-0.1974614229616,-0.3678851634049,-0.2455843477198,-0.1790630402418,-0.2007490909938,-0.3116617628103,-0.3409362872511,-0.2971764949527,-0.2913959291357,-0.0515698336317,0.4035418575547,0.2364771539570,-0.0972661881181,-0.2330974692882,-0.0743730770423,0.0065729237880,-0.0108593284280,-0.0916258774305,-0.1611666693167,0.1299072325259,0.3683779672663,0.6162946116465,1.0000000000000,0.3280782837326,0.2350098929256,0.1908831845221,0.7187017099555,-0.0079751403464,-0.0507513907197,-0.0841298996086,0.0921382275509,0.4027536827352,0.2459741286389,-0.0550414767853,0.2368747846863,-0.2467160714010,0.2941425130110,-0.1609005706371,-0.0806372935024,0.2745100943043,-0.1379880989093,-0.1763478590461,-0.0688422161881,-0.0383530284670,-0.1367118707252,0.3158727431148,0.0836682151896,-0.0186257873397,0.0246895285120,-0.1219547150523,-0.2448176624847,-0.3149021178687,-0.2466897329505,-0.2920564953754,-0.3130745267798,-0.4312793073174,-0.0088819872994,-0.3355528336350,-0.2999267403561,-0.2885417700388,0.0829864756650,0.3190971540726,0.0487973037973,-0.1400653913787,-0.3670510173771,-0.0171246397743,-0.3826109266846,-0.0737366430684,-0.1491154038845,0.0539719298012,0.4930471286743,0.7995089616716,0.2776402491939,0.2018408433904,0.1492683090132,0.1880823615814,0.6849822121771,0.1010424518575,-0.1006231818727,0.0387349797168,0.3378967281464,0.3383029295238,-0.1817903943456,-0.2309337585265,-0.0046973960000,-0.0383889332466,0.2888484816611,-0.2210782258696,-0.0726423394169,0.0790171308476,-0.0521382584954,0.3428251003624,-0.0603844796608,0.1271664633815,0.2348241729260,0.0346547150029,-0.0991406127424,-0.1168411536741,-0.1423444761467,0.0896072773310
-0.0903750508849,-0.0910158087209,0.0756736143565,0.0728988734871,0.0744910125457,0.2516312449875,0.2403115919874,0.2325568923117,0.4326401054920,0.3713162111359,0.5398803605019,0.3676425871847,0.3423353472885,-0.0287392227594,-0.0032090059890,0.2487394415058,0.3226948199545,0.1671899344861,0.1631788552000,0.2282869826762,0.3295423330819,0.1980092822094,0.3280782837326,1.0000000000000,0.3608762836474,-0.0691174335856,0.3960635728789,0.0015227771302,-0.0832188270556,-0.0388522089993,0.2446174948782,-0.0305260571438,0.1959530424958,-0.1838878252538,0.3574091670929,0.1907182368595,0.4167096832138,-0.2746098297263,0.1215532762973,-0.0006585269354,-0.0188882913067,-0.0707106838584,-0.1457876501728,-0.1731123897022,-0.2311706051921,0.0103994125236,-0.1186372459989,0.2260230753869,0.0888161005342,-0.0477199686205,-0.0486111315305,-0.0796739996897,-0.0505947645099,0.1832444799704,0.2560909944745,0.1202737245989,0.2417953738011,0.0361658869446,0.2244492936774,0.4108616348237,0.3576284581040,0.3905552668708,0.1936907191306,0.2612855384476,-0.0855355096096,-0.0923703924714,0.0171146425314,0.2027787032249,0.1231283025802,0.2168178695930,0.2845185237312,0.2586103272070,0.7590769706218,0.3071519165530,-0.0163337900900,-0.0858798253644,0.2898343222452,0.0240150677226,-0.0941993639665,0.2147214564501,0.0063036788459,0.1911479547724,-0.1365378737444,-0.2116502618840,-0.2000486530023,-0.1672161329183,0.4755325480095,0.2613358873532,-0.1772397059445,-0.0625279197853,0.1523219047499,0.0183471114930,-0.1633962284847,-0.0887890205393,-0.0017147897709,0.2636158001823,-0.0346591964473,-0.0423194167783,0.0691793828215,0.1043951464083
