1.0000000000000,0.7822437110364,0.6553459468342,0.6421346903850,0.8031400700350,0.6396272602028,0.5914246242292,0.1593229746143,-0.0161658896979,0.4466050414354,0.1627312161552,0.3122651649059,0.1490189010649,0.4210806945699,0.4064776870438,0.0814017848677,0.1465355850994,0.3737670853525,-0.0218050263510,0.0515304774187,-0.0523669840496,0.0969496051464,0.2021627311349,0.1060637392941,-0.2073542145308,0.0200500991472,-0.0285347290117,-0.0617671836704,-0.1686414985442,-0.0785492964627,-0.0500580575923,0.2091597436998,0.1676133275898,-0.2308930311924,-0.1629918484013,0.2284627695786,-0.1553477593324,-0.2530144442473,-0.2541169001471,-0.1886279449859,0.1571688561473,0.2053228756517,-0.4334272867862,-0.3198932138899,-0.3103957839882,0.0638897418251,0.1657727277592,0.0552660987678,0.2036239398689,0.1816660789475,0.8545711529185,0.6307183520814,0.6377761684652,0.7396534379136,0.6748271471797,0.6507625605675,0.1303196770026,0.1649432127188,0.3071002761004,-0.0078624838287,0.3623495837107,0.2234903127606,0.2874017796494,0.1678011686487,0.6258103552890,-0.1091452322579,0.1695682721014,0.4189140181200,0.0181581401341,0.0056561511348,0.1156937362156,0.1167049804041,0.2097455627854,-0.2244645893246,-0.2354310619201,-0.1482295142098,-0.0277360269181,-0.1880139417468,-0.2369068731549,0.1994537343013,0.1972419436827,0.1591110576802,-0.1584497204075,-0.2646003194569,-0.3770864277017,0.0496051866690,-0.0543671044022,0.1644465598924,-0.3485629548185,-0.2046368760910,-0.2156538893176,-0.2187807261038,-0.3357877947942,-0.0415923383104,-0.0083535645082,0.0537803665405,0.2562680161289,0.0332518151025,0.2220058709399,0.1508405864894
0.7822437110364,1.0000000000000,0.6809146141302,0.6253983442780,0.6534777786193,0.6053869770046,0.5194203403848,0.1645379079647,-0.0475991485828,0.4816096528833,-0.0480647078917,0.2038423796030,0.0595407108289,0.3907187877643,0.5436982565782,0.0017081292244,0.0079391757213,0.2146075406592,0.0098506409559,-0.0451065454535,-0.1552104115905,0.0018721989224,0.0142618596587,-0.0523951083874,-0.2969741786331,-0.0311522256020,-0.1352174967884,0.0695957657158,-0.1218196817209,0.0558794048401,-0.1999698739257,0.0474139696977,0.0733646198046,-0.1910168857803,-0.2361351886720,0.1066930974269,-0.2347219932737,-0.2231334581326,-0.2330488651013,-0.1441235737021,0.0827581022272,0.0899996171511,-0.3650303945040,-0.2182265861523,-0.3011235863763,-0.0910797962958,0.0692559101753,0.1148984748507,0.1896949082748,0.2599341655676,0.7458130587435,0.8308664262069,0.6518921607449,0.7082150169290,0.6207833239042,0.5671906366792,0.0491316706769,0.2010944661913,0.2532368962982,-0.0072870488674,0.2873977382151,0.1948400543787,0.1448448808955,0.0850779487034,0.7517748322044,0.0120173164979,0.1200504807880,0.2663629909477,0.0165312496283,-0.1037751082533,-0.0510133193656,-0.0588139052314,0.0548894508500,-0.2891765020532,-0.3231550648567,-0.1225720003952,-0.1298938939214,-0.1575710516000,-0.1398335225008,0.0065883373915,0.0480566588979,-0.0160023233611,-0.0501657471649,-0.2238518628443,-0.2975996729566,-0.0592849903601,-0.1466382614888,0.0144322200802,-0.3236221222244,-0.1784767500907,-0.1986018072890,-0.1803290707603,-0.2344755761864,-0.2176282568714,-0.1036743589306,0.1022541182518,0.2369141752702,-0.0987371595030,0.1720481267483,0.0861538230724
0.6553459468342,0.6809146141302,1.0000000000000,0.4869079650866,0.6665146499225,0.7716173033762,0.5515919894888,0.0845879316888,-0.1510701779249,0.1883811640446,0.0028306864494,0.1090543716952,0.0541250275995,0.3974522616818,0.3858652234550,0.2460757287037,-0.0128747661811,0.2392978689098,-0.0801256846419,0.0549885885458,-0.2743304387349,-0.0766179142460,-0.0327509421523,-0.1656451965564,-0.1699236074893,-0.1124127941247,-0.1491030493816,0.0057938678026,-0.1549641789362,0.0752748265104,-0.0033485818744,0.0300400355832,0.0511976804366,-0.2232739855827,-0.1148086131740,0.1323520594612,-0.1349333129480,-0.0705378543682,-0.0036654171532,-0.0773414379992,-0.0075674444017,0.1126360105763,-0.1937912745677,-0.1673378545051,-0.1344220385968,-0.1437918382523,0.0506240670506,0.3107748991779,0.2374536575456,0.1201595712130,0.6593841283221,0.7899092711457,0.4112408816813,0.8504755583328,0.6456943931804,0.5250171755653,0.0830160196137,0.0878751148747,0.1701981295607,-0.1211003321297,0.1433487554024,0.0339612223267,0.0720728990160,0.0625973436923,0.5332876666246,0.0206264928839,0.2181769026176,0.2617610195907,-0.0545202629740,-0.0634017285585,-0.1950997457464,-0.1454544208409,-0.1119736157097,-0.3075934597449,-0.3475750621915,-0.2498380053717,-0.1062339176912,-0.1360458938051,-0.2180837166161,0.0796469091823,-0.0840608465196,-0.0590528292929,0.0600674236394,-0.0537279401029,-0.2420427554554,-0.1537112386644,-0.1394907447042,0.0755666431110,-0.1851569856943,-0.0623864082065,0.0061717825771,-0.0932993743335,-0.2533143317517,-0.0890990614461,-0.0764998240013,0.2894701658368,0.1814893034442,-0.0949727685059,0.1503516700183,-0.1200277456171
0.6421346903850,0.6253983442780,0.4869079650866,1.0000000000000,0.6548004165575,0.5190377864733,0.8077143601574,0.0419054532529,-0.1601173711368,0.2053316480068,0.2576520687284,0.2660362157239,0.0401395497938,0.2929889445615,0.6625501439934,0.1813201969544,0.2536417169988,0.4472822168034,-0.1018604887499,-0.0090246861917,0.0232229447895,0.0720399132786,0.2732786943664,0.2664069507657,-0.3922394112482,0.1044838420056,0.0888265550457,-0.0793045621495,-0.0469017154935,-0.1793632363078,0.0184361470884,0.0930233651734,0.0813683566054,-0.2761578732322,-0.0000020921812,0.2964472191121,-0.1458479063170,-0.2434331388448,-0.1518404763868,-0.0274733575392,0.0628828569339,-0.0953460465840,-0.2849486879889,-0.3852081872994,-0.3489632951163,-0.0910010041732,-0.0928874695983,0.1566021642893,0.2940005733880,0.1795991269971,0.6833458591534,0.5030943174314,0.8784101704067,0.6049898583072,0.5363975358504,0.7907159803782,0.0177848620269,0.0764167753522,0.2886049589397,-0.1787981866334,0.1523095791790,0.2860803530926,0.1948686448189,0.0231231860678,0.5480953503180,0.1788730951245,0.3534016344363,0.4254281019764,0.0120031648226,0.0284292076019,0.1670396218058,0.1956674137858,0.2559576195632,-0.3518465421285,-0.2892777393522,-0.0073649515367,-0.0213496417110,-0.0245945239498,-0.1116445191174,0.2237353349250,0.1494875165219,0.0474131015616,-0.1854626359674,-0.2334866643149,-0.3176445145641,-0.0645477168078,-0.0436910037251,0.2554100776222,-0.2337795428467,-0.1253498514517,-0.0803358759811,-0.0789987614173,-0.3312176048880,0.0537363830562,-0.1569946705886,0.1908012029430,0.1919527610024,0.1918995704999,0.1227056876390,0.1454325461423
0.8031400700350,0.6534777786193,0.6665146499225,0.6548004165575,1.0000000000000,0.6490771599473,0.6626330339907,0.1325838992544,-0.0997825563535,0.3080114191593,0.1915948434631,0.1566184526585,0.1080141715242,0.4870331021251,0.3905445427646,0.1048865990770,0.1767461511453,0.3206788362131,-0.0300904220113,0.0518946787242,-0.0268800785605,0.2366754265418,0.0412378443644,0.0607776156592,-0.2914870969506,-0.0108694712918,-0.0588415386859,-0.1149446538147,0.0186329617503,0.0172750729880,-0.0577895322973,0.0244077544123,0.0139798257890,-0.1768075012469,-0.1703898868801,0.1729111908726,-0.1688823103225,-0.2161196993338,-0.2570384775429,-0.1950637929336,-0.0011032758026,0.0391365892461,-0.3982428691528,-0.3392484509033,-0.2572051808113,-0.0967838696386,-0.0291927361694,0.0643740907382,0.4538716577158,0.0770198168012,0.8530446098138,0.4833053948609,0.6166608764608,0.7187386754655,0.7348735813536,0.6912787754843,0.1080844152377,0.2260621836012,0.2568893472000,-0.0898324720175,0.3740870662232,0.1314026370143,0.1878825126687,0.1021705503266,0.5476296019337,-0.0926291186960,0.2406706404647,0.3841766635357,0.0561469249704,0.0052606812999,0.1671206672844,0.1590136898117,0.1073932349852,-0.2449843656030,-0.2398138832399,-0.0722935164367,-0.1541724629525,-0.1568065542611,-0.1472825959973,0.1329645145344,0.1063278798403,0.1269371835902,-0.1756190013838,-0.1785777497786,-0.2919381520641,0.0266527328084,-0.0750919041519,0.2557823284351,-0.3075198066121,-0.1287982369536,-0.1752204959064,-0.1547936538257,-0.3239146732330,-0.0242732008420,-0.1230096247316,0.0800753544599,0.4510385364796,0.2298753678502,0.1567376393179,0.0672393067844
0.6396272602028,0.6053869770046,0.7716173033762,0.5190377864733,0.6490771599473,1.0000000000000,0.6597956169259,0.0267565502778,-0.1585059007081,0.3639678350772,0.1194063626811,0.2857113235903,0.2666413773392,0.3293463238381,0.4868764202510,0.2952506451593,0.1976348692587,0.3907351919368,-0.2176648358687,0.0469762782384,-0.1210326430474,-0.0749022199629,0.0997867027467,0.0726868175784,-0.1978460424739,-0.0368924095233,0.0177696944870,-0.1175781325145,-0.2900469860084,-0.0740156618073,0.0962272571076,0.2050943692694,0.1608005993439,-0.2262956165735,0.1036879683352,0.2529732442901,0.0747901097591,-0.1573186164601,0.1368183326023,-0.0472940885923,0.0295089396856,0.1489568236403,-0.2088867129571,-0.3027639291153,-0.2447834937472,-0.1382222070792,0.0359483899755,0.5022391297276,0.2311704798271,0.1883362051669,0.5742238448140,0.6620173909999,0.4383774515639,0.8713116998452,0.8274093631553,0.5283718225595,0.3096200575210,0.0827538327964,0.2580666080142,-0.0886234122968,0.2793119467324,0.2164980990871,0.2677820416561,0.2479270510785,0.4861775239242,0.1070355946310,0.2039955257720,0.4767245952421,-0.1301505371804,-0.0344876016968,-0.0184719476685,-0.1363355972928,0.1695505691467,-0.3532604980546,-0.3740578165649,-0.2770526926547,0.0571128602014,-0.2774486681038,-0.3512017104089,0.2625223473014,0.1113763618642,0.0894500086795,-0.0524138852593,-0.1067759541115,-0.3979005380753,-0.1299429012241,0.1354561761988,0.2735190537029,-0.2030567228332,-0.0923037136219,0.1130607608141,-0.0854194064331,-0.3904945221350,-0.2004473730150,-0.1370709572149,0.4762801860530,0.1309242175005,-0.1771736195805,0.1463456614839,-0.0230323941043
0.5914246242292,0.5194203403848,0.5515919894888,0.8077143601574,0.6626330339907,0.6597956169259,1.0000000000000,0.1694491821049,0.0018545514503,0.2031707594480,0.1492857584482,0.2382716491416,0.0860273466800,0.3410283693471,0.5626347025913,0.3492668067464,0.2624072349827,0.4709559922686,-0.0075900910707,0.2169701741677,-0.0179360657754,-0.0219055466025,0.1782423823051,0.1865505475777,-0.2383305161743,0.1563484579358,0.0480063065525,-0.1061469556340,-0.0850876171559,-0.1418523819082,0.1169828205333,0.1026319151467,0.0430282951034,-0.2630388024619,0.1758834882349,0.4327690484577,-0.0515858395577,-0.0395519186456,-0.0267585494624,-0.0971403466631,-0.0340140993874,-0.1143487827578,-0.2441449266209,-0.2992312748309,-0.2251562320779,-0.2257504369785,-0.1682543487137,0.2785011468513,0.2728491469284,0.0758468764488,0.6327060961588,0.4056208845538,0.6846745122591,0.7192733547809,0.6919301122206,0.8250817127410,0.1439685881609,0.1824919341085,0.3612180195140,0.0144417607212,0.1681571276321,0.1993650520739,0.1572100542661,0.0799654480234,0.5332333305770,0.1512874837262,0.4793552985566,0.4307839330541,0.1556475308236,0.1975070853600,0.1446398541185,0.0186160446533,0.2427073815123,-0.1643360753744,-0.2106974300332,-0.0450510347288,0.0048070649565,-0.1552427599983,-0.1045109628244,0.3087877682394,0.1077174234927,0.0370299084574,-0.1357454588563,-0.0563800437614,-0.2548864207647,-0.1099624252960,0.0613097191226,0.4532403314765,-0.1640129441728,0.0514471471124,0.0005745890089,-0.1267827190644,-0.2516715843295,-0.0925129305225,-0.2500304556925,0.3129028385703,0.2269827244403,0.0479703125854,0.0494922369852,0.0637737408350
0.1593229746143,0.1645379079647,0.0845879316888,0.0419054532529,0.1325838992544,0.0267565502778,0.1694491821049,1.0000000000000,0.7265215757593,-0.0387989845605,-0.0485810299381,-0.1180478419807,-0.0752628106841,0.0780183574605,0.0352136422859,0.2629242161182,0.0794397563402,0.3459504248451,0.6962446452966,0.6145080683437,-0.1365649347923,0.0387090185123,-0.2072440499123,0.1038994377139,0.2959549863809,0.1343583959855,0.0038258028362,0.2178132582298,0.0611107151404,0.2380154870407,0.1793837957860,-0.1819599549775,-0.0460478381681,-0.1890506576384,-0.0836228563306,0.3275399341092,-0.0282527234397,0.3498908932787,0.0292342579963,0.0358292922495,0.0915721866554,-0.0140913510338,0.0696032621537,0.3195032276749,0.2992152297518,-0.0662066058883,0.0076415905294,0.0003997354123,0.0325883141228,-0.0952338514120,0.2039656803412,0.0190767162225,0.1372171520415,0.1662006934188,0.0899004788433,0.1653489736961,0.0614694692680,0.4312607164058,0.4616395902386,0.5355044990168,-0.0530499819560,-0.1261665019433,-0.1728915369724,-0.1741606283338,0.1304906011226,-0.1823679944831,0.3052878326236,0.1873073799720,0.4791834334075,0.3849175955504,-0.1922144686453,-0.1981594281326,0.1540298872820,0.3295598045474,0.1147294096609,-0.0441227022350,-0.0981212666478,0.0967663709290,0.0199579637323,0.1429554340011,-0.1959874625988,-0.1397949974143,0.0237450927118,0.0675605856437,0.1096569013728,-0.1964647694668,-0.0642231023724,-0.0649214154944,-0.0552555655288,0.1250538293159,-0.0310050367870,0.0009796384322,0.1939892598643,0.0099707281741,-0.1512722553181,-0.1100871686533,0.1373323086586,0.0184772679625,-0.0767978293827,-0.2239116114183
-0.0161658896979,-0.0475991485828,-0.1510701779249,-0.1601173711368,-0.0997825563535,-0.1585059007081,0.0018545514503,0.7265215757593,1.0000000000000,-0.0379728315263,-0.0737794566060,-0.0837571131666,-0.1498508030026,-0.1060994126987,-0.0702190609313,0.2315090409636,-0.0721534826401,0.1186585592460,0.7492444475378,0.5971457289450,-0.1088991733191,-0.0224676526356,-0.1111741712170,0.1567563274831,0.4363604126166,0.1447227721775,-0.0282305952803,0.1622553737873,0.0346226108870,0.1315450154216,0.1439025464909,-0.1541679137613,-0.1030690612204,-0.0586729844475,0.1153228384316,0.4518857980219,-0.0173547223880,0.3986036853595,0.1190969554758,0.0603893941887,0.0751334543890,-0.0232698285531,0.1733681964211,0.3517677034914,0.2559040123003,-0.0510446247453,-0.0270740135956,-0.0145900556853,-0.1117500067577,-0.1133747504345,-0.0076360778830,-0.1227042781051,-0.0438820168956,-0.0550005060125,-0.0663504406357,-0.0252954251774,-0.0855507651605,0.2254859374590,0.3370814584154,0.7944124407286,-0.0315163154956,-0.0365141103254,-0.1512469883884,-0.1502423656951,-0.0169039855921,-0.0726427265145,0.2661434934245,-0.0355744594249,0.6242837818293,0.4190097323443,-0.1477332474397,-0.1817729207894,0.1934268140745,0.4752129869119,0.2403533948246,-0.0195264448866,-0.0254128720106,0.0111143727722,0.0315133884938,0.1471884099713,-0.1385756605429,-0.1419495522780,0.0213248655025,0.1408838719925,0.2105678767419,-0.1167884809022,-0.0025619025764,0.0058786343424,0.0419727231016,0.2277442485591,0.0406176972409,0.0234297238529,0.3009684394467,-0.0576732267010,-0.0899984786411,-0.0845818068047,0.0323764751098,-0.0559825130954,-0.0840965404272,-0.1418484192615
0.4466050414354,0.4816096528833,0.1883811640446,0.2053316480068,0.3080114191593,0.3639678350772,0.2031707594480,-0.0387989845605,-0.0379728315263,1.0000000000000,0.0904762667384,0.6042632380413,0.4022883269255,0.2509369537540,0.2970210868075,-0.0475051354688,0.2604897543425,0.1413179315565,-0.1512215500401,-0.1118939951731,0.3080775341994,0.2199348760536,0.2975815123690,0.1882826148964,-0.2079329252128,0.1757620901559,0.1203877444918,-0.1421155011425,-0.1881338994909,-0.1403956404505,-0.0666593638614,0.4572246567829,0.3396864834628,0.0469118859825,0.0362348494109,0.1240366931912,0.0562045829028,-0.2909258999020,-0.2201798524455,-0.2110066074220,0.1221445734328,0.1983506266066,-0.2498367374530,-0.3471231911817,-0.3455647800223,0.1192655792521,0.1516495003459,-0.0346124218573,0.1374041622959,0.3948079120626,0.3455050931903,0.2954225893863,0.2614156436840,0.3424425211294,0.4437712347218,0.2003059990453,0.0461912040860,-0.0171984699686,0.0359647430317,0.0302406411509,0.7428158018508,0.5324239926159,0.5100156919971,0.3836033425498,0.4761103489536,0.0235966694570,-0.0575870164079,0.1925313682750,-0.0714633531955,-0.2187983499566,0.3496233887381,0.2821800974447,0.2890471585915,-0.1752754008231,-0.0655333499722,-0.0136329711207,0.2279813105653,-0.3999728804673,-0.1503898442047,0.0946682391726,0.4427664265682,0.2520698613897,-0.1073955099730,-0.0402275502310,-0.3182145779046,0.2848559280767,0.2688101487697,0.2382689538095,-0.1463121884581,-0.1290451395878,-0.1932339432469,-0.2662597208304,-0.2717494785816,-0.3027175891122,0.1009130768572,0.0413549792724,0.0965092512255,-0.0313264049186,0.2540692752727,0.3590247417158
0.1627312161552,-0.0480647078917,0.0028306864494,0.2576520687284,0.1915948434631,0.1194063626811,0.1492857584482,-0.0485810299381,-0.0737794566060,0.0904762667384,1.0000000000000,0.4835628229609,0.3262354975818,-0.0059194027370,0.0871971874740,0.1303997702620,0.4349991352352,0.3621614370100,-0.1722660181784,-0.0844581101191,0.2783999917426,0.4024542688648,0.5497247077122,0.4692861724725,-0.0737823769817,0.2454228571482,0.4738992725300,-0.1658089740328,0.2605634127286,-0.1130136770057,0.2737302534382,0.2206484408090,0.1810731639803,-0.1536051300820,0.2520700150674,0.0543765044200,0.4128253690736,-0.1350315301982,0.2059866422179,0.2110785614618,0.2330852909707,0.2104322321711,0.0661262450773,-0.2089525745392,0.0448359904512,0.1894568106004,-0.0165717546686,0.1698389704887,0.2836051885069,0.0489908844984,0.1336501862434,-0.0067468565652,0.1618576500806,0.0728154348804,0.0678874209999,0.1268633589482,0.1239142659450,-0.1249105324161,0.0021977658481,-0.2455560273763,0.1964480493016,0.4069995866583,0.3180155984975,0.2611836237115,-0.1728746587148,-0.0535413915878,-0.0591044064316,0.4069865435674,-0.2244992782748,-0.0378642392960,0.2948919683552,0.4768045124092,0.3864613758287,-0.1515266204066,-0.1130198545894,-0.0877281534237,0.2588699420909,0.0967209335510,0.0961555189394,0.2831843625605,-0.0114718838715,0.1271536155515,-0.1914638929919,-0.1003731337619,-0.1853912345013,-0.1245877713848,0.3757831222288,0.1966747323289,0.0250553224540,-0.0607241203310,0.2463045939285,0.0704662323851,-0.3187481575377,0.2747211937715,-0.0849746695808,0.1139306885451,0.1539892611889,0.3633075001794,0.1675540463358,0.0554895478658
0.3122651649059,0.2038423796030,0.1090543716952,0.2660362157239,0.1566184526585,0.2857113235903,0.2382716491416,-0.1180478419807,-0.0837571131666,0.6042632380413,0.4835628229609,1.0000000000000,0.6167951602208,-0.1292882094467,0.2069723383889,0.0694589511163,0.4719121307643,0.3492467865787,-0.2553421048316,-0.1605802204479,0.3081687392065,0.1100623661139,0.7477126501659,0.3535641314692,-0.1249640820066,0.2564230811343,0.3570003742488,-0.3489454963986,-0.1486808753974,-0.4646248492814,0.1452269557873,0.5113832248366,0.4409104584769,-0.0757723426922,0.1624483704404,0.1624857293385,0.2073162368491,-0.2989255485069,0.0535382502540,-0.0365442229296,0.0827910444342,0.0995013185838,-0.0905792030579,-0.3943469934351,-0.2907987897767,0.1097393137250,-0.0164402841734,0.1379037913052,0.0021862081238,0.2397309974506,0.2389860749229,0.2166938653066,0.2720753401282,0.2638300752050,0.2660436907938,0.2227006791289,0.1563071125965,-0.1524696034570,0.0716547785951,-0.0928802753655,0.4145494581196,0.6761353547205,0.7507718961572,0.6238054960293,0.2042376990906,0.0152614759810,-0.0701229220747,0.3967665005648,-0.2244466588511,-0.1765657858829,0.3629967345763,0.4138021838874,0.4511619228917,-0.1588594392462,-0.1592739977985,-0.0805186201307,0.4510902364380,-0.3888283144791,-0.1113944584144,0.2980030603957,0.3445697965028,0.2836470622250,-0.3958384057893,-0.1235910275232,-0.3972948090259,0.0004847920648,0.3504187062585,0.1449273877039,-0.1259468951493,-0.1318447653904,0.0280276951129,-0.2612508051768,-0.3942003639921,-0.1435799216554,-0.0215128168342,0.1234405468251,-0.1531617553863,-0.0805942848116,0.0702766826509,0.2265553195429
0.1490189010649,0.0595407108289,0.0541250275995,0.0401395497938,0.1080141715242,0.2666413773392,0.0860273466800,-0.0752628106841,-0.1498508030026,0.4022883269255,0.3262354975818,0.6167951602208,1.0000000000000,-0.0993589282271,-0.0189101083851,0.0515710069256,0.6981741938780,0.3126939161942,-0.3052269628841,-0.0128238171443,0.3706107205078,0.1161127409109,0.3328728269617,0.2778718590788,0.0548358934422,0.0896482135170,0.3953054662030,-0.3519565466851,-0.0800172768238,-0.2538101708591,0.2650589915473,0.4281091334065,0.5611306632936,-0.1304665358392,0.0757861203518,-0.0653814729448,0.3442569074362,-0.2049849767416,0.0637326444910,-0.1622075468339,0.0487493679291,0.0865835631503,-0.0524949547870,-0.2928252995940,-0.0878837441534,0.1389089699037,0.1049445702354,0.0852638809506,0.0136430445458,0.1019610332083,0.0766009343530,0.0444398093292,0.0240191830360,0.1742839513742,0.2107107601854,0.0553185090824,0.4496169197803,-0.0121580853725,0.0790267053527,-0.1367600018889,0.2900156850645,0.4459521830364,0.6639649253332,0.8574817156881,-0.0223072634604,-0.1632845207429,-0.1748342387936,0.5104227617811,-0.3054598262880,-0.0977561113660,0.2767030253522,0.2685962117338,0.3755589279867,-0.0528846827796,-0.2368581585947,-0.1542963915469,0.3588306281455,-0.3130298937234,-0.1073642181646,0.3351450705272,0.2842300258544,0.4312785973878,-0.3515768333922,-0.1272939303843,-0.3579234228019,-0.0466000345517,0.3569775541551,0.0794552976194,-0.1391031530861,-0.0394128148884,0.0412952260081,-0.2609191344582,-0.3279850364125,-0.1054400359715,0.0975014887949,0.0765951546711,-0.1605615081354,-0.0322551079077,0.0133408100389,0.0661348804886
0.4210806945699,0.3907187877643,0.3974522616818,0.2929889445615,0.4870331021251,0.3293463238381,0.3410283693471,0.0780183574605,-0.1060994126987,0.2509369537540,-0.0059194027370,-0.1292882094467,-0.0993589282271,1.0000000000000,0.3463483265094,0.2768586985756,0.0993709875564,0.1106457691894,-0.0491167607180,0.1082987237729,0.1694037151296,0.2689786555723,-0.1446490876466,0.0296426026919,-0.2564419996267,0.1024191671100,-0.0691657869873,0.1822514216604,0.1202956670825,0.4628134662060,0.0693520875127,0.1923733708467,-0.0110936916485,-0.0818671440207,0.0348113831386,0.2009819940698,-0.0358612382722,0.0252826139394,-0.2712566242505,-0.2185201986238,-0.0168420335415,0.1123206119006,-0.3450115843082,-0.1853733030584,-0.0282482542662,-0.0594927949503,0.1095389069225,-0.0063112334094,0.4398171763417,0.0262775593082,0.3664711572547,0.2064791612093,0.1444725210249,0.3266933033928,0.4222301092210,0.1899145064230,0.0168018098757,0.0997721891569,0.0423065551939,-0.1180716541115,0.1798234003551,-0.1045287726124,-0.2085374279594,-0.1384797894210,0.4997051630778,-0.0543916000684,0.1986421907025,0.1306397770590,0.0487550527865,0.0236999776705,0.0877329358727,0.0401548192739,-0.0204453490518,-0.1438498978683,-0.1106102702173,-0.0531986494800,-0.1852252357942,0.0110878299671,0.0114246531616,0.0366688739313,0.0825453684745,-0.0754889527370,0.2590030364497,-0.0505474227953,-0.1374465535355,0.0754607311089,0.0063275483335,0.3085713333256,-0.2750038973902,0.0844147030272,-0.2669334603218,-0.1161126408142,-0.1871874874659,-0.0272433794870,-0.1642318175149,0.0645280482372,0.5369268565512,0.0885791258565,-0.0206103076387,0.0545523382506
0.4064776870438,0.5436982565782,0.3858652234550,0.6625501439934,0.3905445427646,0.4868764202510,0.5626347025913,0.0352136422859,-0.0702190609313,0.2970210868075,0.0871971874740,0.2069723383889,-0.0189101083851,0.3463483265094,1.0000000000000,0.2405598113504,0.1341288064239,0.2984523967035,-0.0860529324811,-0.0206799164525,-0.0188154497691,-0.0851092503175,0.1181451634546,0.2096148874008,-0.4116932179107,0.1740195615528,0.0503035109435,-0.0812250006910,-0.1927103218414,-0.1312478138913,-0.0352010015729,0.1044692172945,-0.0132984552669,-0.1278598968733,0.2073230013416,0.3361861708011,-0.0106589566250,-0.1116299835172,0.2234010409693,0.2612301921324,0.1015372645561,-0.0750746921400,0.0168147154459,-0.1913550095995,-0.2649752997372,-0.1707366960420,-0.0996771173335,0.4820921008888,0.2786868168004,0.4201835449956,0.4183484974364,0.4950366912822,0.5537930234204,0.4768167525655,0.4358924665348,0.4490494728449,-0.1113302908659,-0.0179561163054,0.1909760148708,-0.0765890742435,0.1460779529042,0.3307330584929,0.1154056483957,-0.0489357446318,0.5632963074990,0.5576577082269,0.2465889380026,0.2482913007331,0.0063368791296,-0.1532205688114,-0.0421918733639,-0.0049605804912,0.1120193898575,-0.4412847664691,-0.3994603795247,-0.0839385451372,-0.0411720341813,-0.1158045075194,-0.1846806264727,0.0181971946103,0.1299846064873,-0.1761869395302,0.0512432758222,-0.0841051499387,-0.2970672374824,-0.1153333877883,0.1134257495666,0.2828671863291,-0.0555253271916,-0.0946365814527,0.2178397667907,0.1893294602422,-0.2007354052442,-0.2122304036234,-0.2937792858612,0.5005636781905,0.1533478809558,0.0399804269247,0.1670550788295,0.0765825087490
0.0814017848677,0.0017081292244,0.2460757287037,0.1813201969544,0.1048865990770,0.2952506451593,0.3492668067464,0.2629242161182,0.2315090409636,-0.0475051354688,0.1303997702620,0.0694589511163,0.0515710069256,0.2768586985756,0.2405598113504,1.0000000000000,0.1703127610428,0.4424166035665,0.1265388329718,0.5318472455220,0.0637029821374,-0.0918383011456,0.1172255919339,0.2009324570536,0.2622279260099,0.2522820596788,0.1484391300792,-0.0391313506899,-0.1611282115817,0.1500763107480,0.7328726244101,0.2220979641406,0.1967549530259,0.0005458456034,0.5857991416470,0.6436967035517,0.2425590700976,0.3782077604212,0.2942913349760,-0.0367726037015,0.0262546880777,0.1608348192684,0.3200225601955,-0.0607554474723,0.3301448746998,-0.1424130416669,0.0948545425830,0.3445521167587,0.0942566065621,0.0034084710843,0.0640063462449,0.1234743767098,-0.0245589775150,0.2508502706983,0.1527093892457,0.0745796351075,0.0882209288290,-0.0159087316595,0.2087491439879,0.0889051267062,-0.0884718820862,0.0091739569683,0.0005735166389,0.0118661928338,0.0355534425956,0.0527178325554,0.5401810997617,0.3150910673305,0.0643822289770,0.3348186108200,-0.1248656532478,-0.2036259851431,0.1750281512925,-0.0019982861855,0.0856099532434,-0.1538788223080,0.0879818088010,-0.0835033105252,-0.2162858230130,0.4809924521872,-0.0976197369926,-0.1264240209915,0.1235694204179,0.3725629277488,0.0509140232299,-0.0248837949687,0.1672350035100,0.3758096604992,0.0479450089208,0.2428363996100,0.2003324075145,-0.1446324793557,-0.2144141117576,-0.0021605696257,-0.1370242489614,0.3171159471682,-0.0158288786777,-0.1259576333586,-0.0724872465662,-0.1725132841152
0.1465355850994,0.0079391757213,-0.0128747661811,0.2536417169988,0.1767461511453,0.1976348692587,0.2624072349827,0.0794397563402,-0.0721534826401,0.2604897543425,0.4349991352352,0.4719121307643,0.6981741938780,0.0993709875564,0.1341288064239,0.1703127610428,1.0000000000000,0.5978587588921,-0.1704624724830,0.2244064908761,0.6612194148407,0.1892070209987,0.3506645919304,0.6138213916172,-0.0608310072282,0.2239072728332,0.4785040239809,-0.3457010100274,-0.0012066123095,-0.2425816272755,0.4803970974900,0.4741516665684,0.4346755670577,-0.2702673830640,0.1977610375274,0.1732854111655,0.4300296604971,-0.1197203140579,0.0489514536327,-0.1154373079063,-0.0569071027697,-0.0786326221954,-0.0956756633855,-0.3389934163324,-0.0977754186176,0.0037537609462,-0.0584704497652,0.0347446879808,0.0404173275271,0.1137053791282,0.1085168716848,-0.0744178634588,0.1347750007205,0.1280216097422,0.1483356528632,0.1523754077029,0.2722996481777,-0.0074186193472,0.1889518536008,-0.0657700107367,0.2159441656407,0.3419900696439,0.4206337403580,0.4469047214338,-0.0370216230293,-0.1239680466500,0.0454669412812,0.6646138302800,-0.0739759909747,0.1798576880726,0.5268358100844,0.3209754370283,0.6101797668022,0.0030315727195,-0.1202683813860,-0.0431394086843,0.3663337764223,-0.2300536150941,-0.0881567120712,0.5619905965310,0.3561110408590,0.3278858823352,-0.3904206610427,-0.1577171387645,-0.3760626913027,-0.1210212801265,0.5050152676960,0.2888322156208,-0.1356448308642,0.0784650358011,0.0753844907087,-0.1773228704177,-0.3149994185178,-0.0190136010493,-0.0702376640406,0.0399399155505,-0.1217771758551,0.1597338452696,-0.0183207889590,0.1242514054548
0.3737670853525,0.2146075406592,0.2392978689098,0.4472822168034,0.3206788362131,0.3907351919368,0.4709559922686,0.3459504248451,0.1186585592460,0.1413179315565,0.3621614370100,0.3492467865787,0.3126939161942,0.1106457691894,0.2984523967035,0.4424166035665,0.5978587588921,1.0000000000000,-0.0056585880763,0.4242844922155,0.2575000741657,0.0100880457110,0.3256739750960,0.6040611012422,-0.0033523153840,0.2145163020923,0.3381775368512,-0.1675888841391,-0.2327008241297,-0.1989189098896,0.6223465885798,0.2366776590089,0.1540384541928,-0.3089597080922,0.2288856650649,0.4873469312828,0.2996894487564,-0.1167609035363,0.1923727464274,0.0309671800252,0.1108124888815,0.1676161441876,-0.0419338028652,-0.3188188447054,-0.1695644711910,-0.0316731469981,0.0056782565305,0.1801589086756,-0.0368824271779,0.1101102613087,0.3419161791619,0.1800534709776,0.3204714245906,0.3815673710536,0.2560725436017,0.4046627984001,0.3560589244493,0.0870433382937,0.5186045584271,0.1072308199244,0.1463537079436,0.2901078483262,0.3069034947319,0.1576699781929,0.1200267418363,-0.0914611674696,0.2504440458471,0.7874878947570,0.0296163377640,0.2600954755546,0.2824081807620,0.0749752924797,0.6110052976271,-0.1733645111419,-0.1821352032702,-0.0313266562705,0.2283326100291,-0.1372289103970,-0.2836595610230,0.7125083027360,0.0438552052397,-0.0298602558620,-0.1670066646442,-0.1481877437144,-0.4501013299208,-0.1644479032401,0.3511807495466,0.3275867635560,-0.1290823014746,-0.1448595922113,0.1707882766059,-0.0880099039444,-0.4299100709944,0.0739016380522,-0.0868862094276,0.0822786124316,-0.1440609690634,0.0672456743361,0.1332128694245,-0.0266676552541
-0.0218050263510,0.0098506409559,-0.0801256846419,-0.1018604887499,-0.0300904220113,-0.2176648358687,-0.0075900910707,0.6962446452966,0.7492444475378,-0.1512215500401,-0.1722660181784,-0.2553421048316,-0.3052269628841,-0.0491167607180,-0.0860529324811,0.1265388329718,-0.1704624724830,-0.0056585880763,1.0000000000000,0.4659621418988,-0.0722875232662,-0.0638942952982,-0.1794676311096,-0.0058968022362,0.2571506758134,0.1090708394284,-0.0673593815186,0.1694658423640,0.1317323691114,0.2359967877790,-0.0009511107440,-0.3432810450301,-0.1490040209608,0.0297233800179,-0.1165422391406,0.2803794393558,-0.1705046746263,0.3329428917794,-0.0885016617708,0.0420081060041,-0.0507117083270,-0.0784640308377,0.2277267894040,0.3255270053900,0.2748196196690,-0.0977369613135,-0.1535784171892,-0.1191387501238,-0.0326679509942,-0.1360692253081,0.0475505184996,-0.1050982880018,0.0007178593122,-0.0446638459242,-0.1456706441125,0.0061797212722,-0.2379812264117,0.3187322938618,0.1584982787563,0.6193101807541,-0.1166477631045,-0.1777232689566,-0.2780310530290,-0.3343823553926,0.0079236267941,-0.1131264042267,0.4037814198100,-0.1626442540955,0.7854325665688,0.3984571701275,-0.1464479248623,-0.2071260687585,-0.0078348986946,0.4612436352114,0.3434796259521,0.1028443240955,-0.1346579104034,0.1267122567900,0.0810337315020,-0.1167450975396,-0.2968898117761,-0.2244043698502,0.0209181316322,0.2630362458281,0.3185561965417,-0.0898875866110,-0.1536367724325,-0.1540990702326,0.0330352327444,0.0930325546720,-0.0977215564912,-0.0128046275939,0.3568285838586,-0.0169449505774,-0.1411689661603,-0.1628268916158,0.0706718251968,0.0020944164079,-0.1000919378427,-0.1807884553606
0.0515304774187,-0.0451065454535,0.0549885885458,-0.0090246861917,0.0518946787242,0.0469762782384,0.2169701741677,0.6145080683437,0.5971457289450,-0.1118939951731,-0.0844581101191,-0.1605802204479,-0.0128238171443,0.1082987237729,-0.0206799164525,0.5318472455220,0.2244064908761,0.4242844922155,0.4659621418988,1.0000000000000,0.1145735215005,-0.0791702923185,-0.1534991131434,0.2192180814843,0.5948723697413,0.1508737402959,0.0438209535264,0.1002491230280,-0.0712087617933,0.1166931210462,0.5312679320899,-0.0004316828256,0.0664744085433,-0.0942014062518,0.2992099365524,0.5844361404364,0.0210543114277,0.5084944172333,0.1138790756917,-0.0751482662772,0.0058259553406,0.0259976773477,0.1546376079151,0.2230951715668,0.3718379899185,-0.0908963812186,0.0668512296591,0.0095687301173,-0.0831719787815,-0.0898955179570,0.0149659827771,-0.1124343946086,-0.0978067537838,0.0827241429625,0.0369864858469,0.0497351786746,0.0832146447152,0.2427796732772,0.3729197085307,0.5545330558652,-0.1216468225532,-0.1748365269465,-0.1296091340557,-0.1437716127881,-0.0701832112692,-0.1193286175845,0.4634715613227,0.1849274846461,0.5199481727558,0.7201889880376,0.0224270446609,-0.2473792862627,0.2588884793978,0.5362979937008,0.2271172486049,-0.0064138943293,-0.0309396492458,-0.0080360228158,-0.0512219015344,0.4719571969639,-0.0718528214662,-0.0259001377872,-0.0196778091834,0.2025978633250,0.1974864193085,-0.0899715747913,0.0275564654629,0.2812748993454,0.0064225095763,0.3321689568200,0.0262086798007,-0.0500672595459,0.1946608141506,0.0069372375448,-0.0046038985146,-0.0171698466067,-0.0203297410085,-0.0484992750007,-0.0779539859709,-0.1507930128567
-0.0523669840496,-0.1552104115905,-0.2743304387349,0.0232229447895,-0.0268800785605,-0.1210326430474,-0.0179360657754,-0.1365649347923,-0.1088991733191,0.3080775341994,0.2783999917426,0.3081687392065,0.3706107205078,0.1694037151296,-0.0188154497691,0.0637029821374,0.6612194148407,0.2575000741657,-0.0722875232662,0.1145735215005,1.0000000000000,0.1691123424351,0.3780705095451,0.5891076814725,-0.0102184520042,0.3380556197607,0.4664075625874,-0.2910551959813,0.0807811703095,-0.1575162215110,0.3938528896109,0.5145043731135,0.4338617027690,-0.0149729936152,0.1801397950258,0.1824845806637,0.2803418402708,-0.1890386901862,-0.2721411776947,-0.2658004862960,-0.2256593930050,-0.0227192916228,-0.0556760535790,-0.3062493413417,-0.0473238100757,0.1541418335252,-0.0943618013729,-0.3029850063037,-0.0441260691760,0.2613502223627,-0.1112245238195,-0.2929101394637,-0.0636377816818,-0.1695234629918,-0.1348283559586,-0.1136436802529,0.0023771123942,-0.1706168263862,-0.1343709331946,-0.0657183234870,0.1947469616902,0.2369732727206,0.2140440240192,0.1506208283691,-0.1016935292413,-0.0530927564236,0.0330691143266,0.2242097528226,0.0494039583895,0.1146205287656,0.7643399208756,0.4318657081319,0.4900010512915,0.1965141239620,0.2495092452842,0.3152263601612,0.4407968231518,-0.1581253762817,0.0565894686196,0.3209977923998,0.4284664734453,0.3901362826750,-0.3123085462086,0.0379217327128,-0.0692063514425,0.2117850367941,0.4773881143051,0.3361419836625,-0.0413560268376,-0.0002804034623,-0.1951663689049,-0.2836955899277,-0.1101786720137,0.0481863006039,0.1169273043058,-0.1598643867798,-0.1153076637193,0.1385642375392,0.0219647438116,0.4839893182250
0.0969496051464,0.0018721989224,-0.0766179142460,0.0720399132786,0.2366754265418,-0.0749022199629,-0.0219055466025,0.0387090185123,-0.0224676526356,0.2199348760536,0.4024542688648,0.1100623661139,0.1161127409109,0.2689786555723,-0.0851092503175,-0.0918383011456,0.1892070209987,0.0100880457110,-0.0638942952982,-0.0791702923185,0.1691123424351,1.0000000000000,0.1121758537577,0.1307611499585,-0.0742087452797,0.1620964071822,0.1697063519461,0.2204817138884,0.5461133700946,0.3291381211833,0.0260650987172,0.1475642250126,0.1079949329877,-0.0326428053423,0.0216474528282,-0.0700488924332,0.0699226742901,-0.0515389100238,-0.1977466956589,-0.0395283939479,0.3365265120585,0.0228706679699,-0.2376612891449,-0.0809047734528,0.0812044298180,0.3805803311730,0.2610409347764,-0.1863803886413,0.6133800837461,-0.1367776582903,0.0960514679776,-0.1483023827643,0.0446770828318,-0.1180616217669,0.0601837518547,-0.0770951719503,0.1379328140995,0.0707816513133,-0.0309904490250,-0.1235051339902,0.2547891036223,0.0199159590505,0.0065292119775,0.0940098419428,-0.0284438548317,-0.2550880171746,-0.2233549973009,0.1016811366496,-0.0790808669545,0.0339528949372,0.1916355201480,0.5412871803052,0.1447882241091,0.0091428713632,-0.0251547038728,-0.0152306658737,-0.0415097783553,0.2007301636856,0.2893010918186,0.0557692269574,0.0853540696270,0.1487460148857,-0.0351866054425,-0.2511719628997,0.0010445142683,0.1136216294915,0.0929854085093,0.0483668630992,-0.1815743372769,0.0621791220503,-0.1525702481594,0.0116400061033,-0.1313031190243,0.2640075892005,0.0260015634495,-0.1935033155426,0.5832477878787,0.5682630501899,-0.0924123597727,0.0252413250433
0.2021627311349,0.0142618596587,-0.0327509421523,0.2732786943664,0.0412378443644,0.0997867027467,0.1782423823051,-0.2072440499123,-0.1111741712170,0.2975815123690,0.5497247077122,0.7477126501659,0.3328728269617,-0.1446490876466,0.1181451634546,0.1172255919339,0.3506645919304,0.3256739750960,-0.1794676311096,-0.1534991131434,0.3780705095451,0.1121758537577,1.0000000000000,0.4696126039457,-0.0547513397611,0.4311355487261,0.5234179193246,-0.2208386815427,-0.0279146200876,-0.3819778671964,0.2373992633332,0.4991449228541,0.3900083023497,-0.0050971801184,0.2195556815238,0.1958031515985,0.2339445251403,-0.2787446851488,0.0170963920865,0.0830851612019,0.0914961581688,0.1744128022446,0.0035941156659,-0.3520159343423,-0.1993593383261,0.2816055032369,-0.0468399124843,0.0732900228549,-0.0451492283394,0.1609796152290,0.1335334199657,0.0783827666430,0.2439193525341,0.0954112323845,0.0632465528618,0.1645624478438,0.0406809975505,-0.2014603467203,0.0040738471545,-0.1605111690781,0.1919726017094,0.5396374580384,0.5395493710218,0.3394856884121,0.0557648111680,0.0268311114105,-0.0033599518659,0.2930871469900,-0.1488143254438,-0.0714822952378,0.4022324918196,0.5199397163005,0.4513597331410,-0.0952090416654,-0.0053649564565,0.0762056800385,0.5512962167997,-0.1436954043990,0.0179613661143,0.2670579424513,0.2301899395969,0.2186467754326,-0.3513819429137,-0.0718705075277,-0.2681335943679,0.1270144885706,0.3344402001776,0.1617992908281,-0.0649040876271,-0.1969681878154,0.0043125365608,-0.1854297960135,-0.3501818710464,0.1570100939195,0.0226597669723,0.0801617735818,-0.1499693710945,0.0330729001079,0.1056398972145,0.2432502626175
0.1060637392941,-0.0523951083874,-0.1656451965564,0.2664069507657,0.0607776156592,0.0726868175784,0.1865505475777,0.1038994377139,0.1567563274831,0.1882826148964,0.4692861724725,0.3535641314692,0.2778718590788,0.0296426026919,0.2096148874008,0.2009324570536,0.6138213916172,0.6040611012422,-0.0058968022362,0.2192180814843,0.5891076814725,0.1307611499585,0.4696126039457,1.0000000000000,-0.0720611580249,0.3371098604334,0.5213799346018,-0.2147651218476,0.0355018698777,-0.2095913643959,0.4870578172839,0.3370067610150,0.1811128997592,-0.2119803692730,0.3114344317423,0.4232087688198,0.3798994577565,-0.1601722605233,0.0820478180693,0.0293578214701,0.0493981781688,-0.0184586389479,-0.0190368643653,-0.3099470984337,-0.2017115861079,0.0250428503063,-0.1251170029347,0.0397985589065,-0.0240903927291,0.1150591455468,0.0291941312857,-0.0944697775708,0.1984905755676,-0.0088062574633,0.0054868663810,0.0819451326769,0.1713130018106,-0.1402504723940,0.2324455162846,0.1119745761923,0.1518837537917,0.3656584930418,0.2348706793795,0.1160287847990,-0.0098363008959,0.0690779639462,0.1002437307871,0.5142054496774,0.1025152922800,0.2132126518636,0.5310217526554,0.3530662168367,0.7828620489760,-0.0180869083958,-0.0144214749119,0.1784929323372,0.4065638425264,-0.1093012118173,-0.0154700689536,0.5607363314199,0.2506877465739,0.0800825734226,-0.2397482807371,-0.1268816956671,-0.2725388035776,-0.0343805810156,0.5549681626583,0.3553948070142,-0.0506031547499,-0.0589704568298,0.1138694872855,-0.0696931726423,-0.2838597387411,0.0279825935604,-0.1023586305711,0.0504554652566,-0.0865147506581,0.1283552610092,0.0566721944745,0.2098287306837
