1.0000000000000,0.5326941864372,0.2892620367423,0.1322994168129,0.5091877175679,0.1131999373934,0.1149216811071,-0.1916487997873,-0.1459082486638,0.2925760179286,0.1196625099855,-0.0039523545915,-0.1426805699463,0.5069536190441,0.2962048714214,-0.0369961226865,0.0167405432662,0.1973544736757,-0.0471738489869,-0.1585263266961,-0.0588211088988,0.2799590699861,0.1706990438964,-0.0138829431734,-0.0884523584533,-0.3072136900852,-0.1453309860938,-0.1755103347073,0.0992742086899,0.0078797236218,-0.1913141147145,-0.2684549430962,-0.0594311915396,-0.1493704206569,0.0565094580355,-0.0102745184673,-0.1323316646907,-0.2274235649320,-0.0415591468515,0.0891382039126,0.2673601004763,0.2150774659216,-0.2018091780106,-0.2412794610067,-0.2260814197305,0.0507731038817,-0.0407198490683,-0.0920859748329,0.3456060206974,0.1021637388335,0.5070319929284,0.1445047951713,0.2203677338912,0.1278087178280,0.1601084688234,0.2594907635696,-0.2224405522129,-0.2169946330311,-0.1932004506648,-0.1822284216476,0.2645630737808,-0.0748561528988,-0.0352528550507,-0.0707424212538,0.3926901151543,0.0678688760337,0.1028351458543,-0.0883656864387,-0.1322997525348,-0.1766181032096,0.2332414307465,0.1354412315879,-0.0617682362867,-0.1062016844352,-0.1795867246326,-0.3151019756641,-0.1919794083308,-0.0657947980651,0.0643370103468,-0.0149888419685,-0.2266707890848,-0.1068384008231,0.1638601509187,0.0239511839749,-0.3759237247683,-0.0955906564174,-0.0742644002726,0.0574204928499,-0.0092799899916,-0.2801383186309,-0.0600652817555,0.0095887813804,-0.2562187751953,0.0077528718108,-0.1354510575775,-0.1556372365640,0.3781316276988,0.2781771510992,0.1473268018748,0.1126497901251
0.5326941864372,1.0000000000000,0.3300911441505,0.4302554968167,0.3591708127607,0.2213133572859,0.1246881367263,0.2017818311573,0.1228599488823,0.2977570881102,-0.0856934107663,-0.0900626863010,-0.0658710694593,0.3810300616501,0.2750618815493,-0.0684983113518,-0.1156772466638,-0.0657601389939,0.2016485815826,0.1223687685055,-0.0562183324497,0.3992627192997,0.0338727869732,-0.1101058685891,0.0545736782211,-0.0284019225731,-0.1661948039274,0.2441694536857,0.3093616672577,0.2838745902598,-0.0346908013256,-0.1190937052058,-0.1037762476175,-0.0623309533614,-0.2022474467488,-0.0242635374161,-0.1158778118932,0.0804435540307,-0.2552914061736,-0.0540022465999,0.1884968250865,0.1231236278563,-0.2665857479629,0.1795706905754,0.1029054960046,0.2259967622355,0.0328704138453,-0.1475987679025,0.2705437315627,0.0305441599069,0.4922011692826,0.4919036070926,0.4853034506564,0.2592233024255,0.1833104080262,0.2725752200831,0.0509205464982,0.1768511835868,0.1111557990278,0.0926044913818,0.2313627695317,0.0651525547297,-0.0525727373066,-0.0324761673885,0.6309078587627,-0.2564680617746,-0.0894984572805,-0.0853696220358,0.1001721985820,0.0289397783366,-0.0477326019504,0.1590576808949,-0.0346423243714,0.0897565495053,-0.1286025072876,0.0638761859216,-0.2349336564948,0.1148202783235,0.1583169376682,-0.0684225809570,-0.0735305799817,-0.1076303980644,-0.0273226915817,-0.2418133913304,0.0936696966717,-0.0344689390520,-0.1679920016283,-0.0911655801041,-0.3196548336400,0.0236067172829,-0.2416132149538,-0.1059635046774,0.1603979681101,0.2194206487196,-0.0432909542294,-0.1761596552749,0.3413748768184,0.2184210361313,0.0905058680805,-0.1287752328687
0.2892620367423,0.3300911441505,1.0000000000000,0.2573470658856,0.4669337170434,0.3866827653954,0.3030450665801,0.2021386179669,0.2177363524885,0.0352333643862,0.2258384437438,0.1379867657445,0.1086606722325,0.0349182772713,-0.0970715193930,0.0812647961744,-0.0538023170275,-0.1619195225304,0.1561670636714,0.1893566668441,-0.0911131484643,0.1570051327748,0.2257201879859,-0.0773713011518,0.1481942055192,-0.0435358841842,-0.0616286621975,0.0310942964248,0.1193901770375,0.1105588551109,0.0624974497962,-0.0378962866785,0.0878297639466,0.1071878089809,-0.1606900185524,0.0332742429968,-0.1151037388195,0.1058947144911,-0.0059969542863,0.1348400707031,0.0546866535084,-0.0169831464522,0.0194544355911,0.1135943072635,0.0520906748361,0.1351812056810,0.1714164397450,0.1608505243265,0.1386318329830,-0.1610484244859,0.4817838079529,0.5353853288323,0.1437305610643,0.5968360918667,0.5623444568971,0.3687677614846,0.0638445998382,0.1047344640210,0.1292153119311,0.2167482935421,-0.0348710530581,0.1894721162452,0.1678914801257,0.1506458881405,0.1053329355098,-0.3004213096118,-0.0783015114655,-0.0537963992360,0.0904139562746,0.1157988809403,-0.1967344145178,0.2823948016026,0.0274531313907,0.1390740642406,-0.1960316333056,0.0139616976809,0.0149257782857,-0.0739131477658,0.0531877235178,-0.0061197673183,-0.0192067285081,0.0095463016954,-0.0634841181904,-0.1583763339644,0.0533859495334,0.2359022963355,-0.1343513449511,-0.2375193895624,-0.2364810791879,0.0166908921395,-0.0095159967709,0.1246748341227,0.0746656573883,0.1498269933056,0.1904632675452,0.0658456689892,0.1145386342468,-0.0404611576172,0.0094548419252,-0.3060497152806
0.1322994168129,0.4302554968167,0.2573470658856,1.0000000000000,0.2210523624976,0.2466810043481,0.5366420219531,0.4414194156546,0.4183730827966,0.0983183119316,0.1238878593462,0.2808130710859,0.2175646052255,-0.0932346742521,0.2709713864798,0.0821730345075,0.0827862772016,-0.1145647390592,0.3531254472467,0.4073751509784,0.2323260133231,0.3494004967092,0.2546530156177,0.2184952862136,0.2132430372134,0.2693887033168,0.1984259460651,0.3982151425457,0.1953755484270,-0.0400538318875,0.2133053734602,0.3573512431584,0.1716804907111,0.2116099709668,-0.0829873237209,0.2625057709087,-0.0814528172725,0.0933311878686,-0.1622700102958,0.0145838273774,0.1574327943121,-0.2633273787162,-0.0118543512804,0.1970637506322,-0.0106947328099,0.3023862439590,0.0529109541572,0.0186071455699,0.0807509017397,-0.0421407476703,0.4257557502052,0.4210093590489,0.8212090804563,0.3289968675922,0.2765121079690,0.5378904456576,0.2511506153054,0.2654950993770,0.3795081019854,0.4319222575408,0.0098955948600,0.4978803076662,0.2438261384107,0.1741754303557,0.2005975777029,-0.2166387842865,-0.1033530894233,0.0048809301145,0.3363305744773,0.3388082546277,-0.0126169075842,0.4474620346716,0.3391547886185,0.3301646437792,0.0316020377495,0.3308177906992,0.2922322283123,0.2716199943953,0.0176690579064,0.1779715988292,0.3411618344925,0.1563749449122,-0.3962307771740,-0.3832560167690,0.1168097410570,0.1510840590524,-0.1116534203335,-0.1163377950127,-0.2896982017961,0.0943804207020,-0.1910288204483,0.0095552172016,0.2042562482754,0.2849708833589,0.0408173073423,-0.0903053194569,0.0466492427453,0.1601629196630,-0.0744676825410,-0.0849024265511
0.5091877175679,0.3591708127607,0.4669337170434,0.2210523624976,1.0000000000000,0.4288390393901,0.3579914090625,-0.0771325378937,-0.0679592878079,0.3985024593870,0.0112414363495,0.1199282896540,-0.0718208496986,0.2482497656197,0.1819811857291,-0.0780179234390,-0.1174033805710,0.0784729474544,-0.0396752579935,-0.0660130923576,-0.0935134051772,0.3539039113241,0.2813803706230,-0.0013559841731,-0.1075728284692,-0.2603282487046,-0.1639595938930,-0.0816016266616,0.1807384196360,-0.0694783941620,-0.1616982796823,-0.2538325436511,-0.1310296987566,0.0367407113110,-0.0193506750527,-0.0180681865456,-0.0649351390820,-0.1265693751143,-0.0287956411578,0.0108361247621,0.1325021873450,-0.0042342915633,-0.2128974653585,-0.1179108197315,-0.1272365226853,0.2076368536576,0.0935376482981,0.1177381964816,0.4557709141051,0.1374846469122,0.7314598574363,0.1322763042288,0.1943327634332,0.4831673125017,0.5306194090014,0.3816151655072,-0.0441042895815,-0.0913766123488,-0.0904949159792,-0.0723731057564,0.3462409499889,0.0932509708171,0.1228966570172,0.0192141246058,0.3875820775563,-0.0424197232963,0.0043569003771,-0.1282161385688,-0.0955769099997,-0.0815560066660,0.0444895411044,0.3513165018170,0.0280846859530,-0.0338747866737,-0.2055875075840,-0.2104088521266,-0.1666612343383,-0.1568294908547,0.0674931235155,-0.0059244462328,-0.1481066399928,-0.1248771518437,0.0174164441860,-0.0677007887668,-0.2271952934143,0.1344064946993,-0.0185483413794,-0.0102547393423,-0.0983978866066,-0.1839987328673,-0.0306461526834,0.0221981765730,-0.1527186153513,0.1025204632876,0.0108815441253,-0.0195027781001,0.3968509253734,0.0456515020782,0.0238829648463,-0.0100553458736
0.1131999373934,0.2213133572859,0.3866827653954,0.2466810043481,0.4288390393901,1.0000000000000,0.4349107215495,0.2249156014671,0.2591733318374,0.2508333443193,0.1856150645238,0.1361359014679,0.2706246873990,-0.1773944712457,0.1225491288798,0.0702982069230,0.1210867272693,-0.0502431752800,0.0771427364429,0.2064935247327,-0.0218537316736,0.1871204766378,0.0933464344401,0.0336149797462,0.0982820466262,0.0208116778497,0.1954491115536,0.2133741878775,-0.1128603085690,-0.1025203624537,0.1570202915051,0.0222239378505,0.1591063322749,0.0864194596470,-0.0032936692319,0.1686746514351,0.1366872099260,0.2134673984380,0.2691007776746,0.2508191099099,0.2782652143206,0.1542575771529,0.1143093313228,0.1796400797853,0.1995475471990,0.2768978980076,0.2872029308227,0.4296417001912,0.0171384020959,0.1530737444327,0.3584014967511,0.4668445253475,0.1417935520064,0.8462503699587,0.6667713403865,0.3091654606789,0.2069248422968,0.1173035563575,0.1880203280014,0.1743271248596,0.2161236829001,0.2274405342497,0.2778000830280,0.2858560941772,0.0083607832438,-0.1017147307620,-0.0682758853899,0.1563379485827,0.1230518896261,0.1473420724173,-0.0013574043508,0.0993827605660,0.1534984306559,0.1920483805364,-0.0749768759585,-0.0744509369691,0.1780442128616,0.0906044383360,-0.1448711650947,0.2040113882277,0.0712204471256,0.1903421920859,-0.0650212328657,-0.1685331654828,0.0456803234231,0.2165626329073,0.1402117378618,0.1171900704233,-0.1319702214937,0.1897641563102,0.1775501351178,0.2591451671215,0.1363784105208,0.1906044591518,0.3130808597125,0.3123952268095,-0.0743690511471,0.0584063724681,0.2145029221148,-0.1732766522128
0.1149216811071,0.1246881367263,0.3030450665801,0.5366420219531,0.3579914090625,0.4349107215495,1.0000000000000,0.1539878285642,0.1959011416081,0.1373329820085,0.1208614480678,0.2119395007954,0.1323813542753,-0.0626941516213,0.0977845874475,0.0739856375564,0.0503297674363,-0.1334652185740,0.0810128854681,0.1563065853040,0.0659998406734,0.0863084352654,0.2021422178401,0.0394436591357,0.0620368029438,0.2075462725219,0.0986133773613,0.1243963896068,0.0198409593019,-0.0588528637298,0.0481163879530,0.2314203525601,0.1018927824336,0.3565073314963,0.1816616183037,0.1523546090976,-0.0077999040456,-0.0390154860834,0.0489098208288,0.1701414483690,0.0669664312189,-0.1344369190576,-0.0525946636745,0.0549825870922,-0.1750628377199,0.0889749407137,0.0029498760617,0.1326028904945,0.0339016384271,-0.0085687759691,0.3236047144699,0.2191130305293,0.3803901481211,0.5059590780412,0.5641220443407,0.6823124381760,0.0798949350753,0.0752928413809,0.1510827811820,0.2193871423414,0.0825689306361,0.1375515901149,0.1813875823980,0.0989559247195,0.0892717845649,-0.0639721237081,0.0598431143284,-0.1133898959424,0.1518206209493,0.1101089779020,0.0051389793930,0.1994744635976,0.1130155873215,0.1774436836887,-0.0614259507814,0.1519826314303,0.2238109909782,0.0858799050180,0.0202680855966,0.0535383766013,0.1887890973044,0.1048750538580,-0.0972473762334,-0.0571651543044,-0.0555651099223,0.2457430698385,0.0432842393711,0.2319016587565,-0.0562782793905,0.0633144222824,-0.0250361891524,0.1696484540287,0.0911734455875,-0.0123720582502,0.0649761093966,0.0439743937188,0.0496607000736,0.0065401549585,-0.0425163509528,-0.0108121401162
-0.1916487997873,0.2017818311573,0.2021386179669,0.4414194156546,-0.0771325378937,0.2249156014671,0.1539878285642,1.0000000000000,0.8686086299100,-0.0514279729775,0.0846679925048,0.1258121987693,0.5686615258412,-0.4494211116398,-0.4271159969495,0.0793904387134,0.2421896700809,-0.3493315677284,0.6643855699963,0.8921564914261,0.3234394144692,0.1373190788619,0.1296010577233,0.2281123127588,0.5413752651140,0.3652912367082,0.3965023755747,0.4834667666143,0.0108396786857,-0.0162868285644,0.6215683072470,0.3657353012730,0.2541081646431,0.0416268654693,-0.2761496956651,0.3098684035028,0.1176133167570,0.6586553326005,-0.2041225727054,0.1296432220736,0.0256570453062,-0.2322280430087,-0.1262224341931,0.7170539523757,0.5505364920057,0.2301765928795,0.3009642233290,-0.0384726439961,-0.3100998234746,-0.2347445511794,0.1789998725388,0.6805718095303,0.2328643698457,0.3828218647605,0.2761046171890,-0.0202512397813,0.7664266214711,0.8610198242612,0.8605365490098,0.8657690510531,-0.0752759839242,0.4166609053293,0.1797642670723,0.4186427830253,0.0313519183621,-0.7439687262341,-0.3765246039353,0.3744441758072,0.6837782743823,0.7893023289600,-0.1839426500458,0.3714553715138,0.4418661534092,0.7996867044003,0.0286750192227,0.5095261454217,0.5177096468774,0.0681372202669,-0.0757596319837,0.3639705746751,0.4950171515498,0.3582502891628,-0.4575632765918,-0.7096688853978,0.6760011196266,0.3860933811268,0.0127951199970,-0.0243269564978,-0.7242555387955,0.7034090593657,-0.1616874711241,0.0806846079455,0.7253760719848,0.3013290110642,0.4447199823857,0.0267501810227,-0.3127453475184,0.1755560161289,0.0564165024879,-0.5696760128056
-0.1459082486638,0.1228599488823,0.2177363524885,0.4183730827966,-0.0679592878079,0.2591733318374,0.1959011416081,0.8686086299100,1.0000000000000,-0.0791800911566,0.1336085094106,0.1388377322481,0.4739588932043,-0.4598068237385,-0.4009239366457,0.2434163801688,0.1608098582632,-0.2809155635937,0.7013795673737,0.9306085409086,0.2621807498356,0.1255169537198,0.1953730574781,0.3847090923066,0.6971877233883,0.3738758688957,0.4417705690579,0.4270360241917,-0.0103113351943,-0.0904851633744,0.6267315176726,0.3319716478547,0.2201391935241,0.0695817694344,-0.2170758040979,0.5614186282273,0.0897682021317,0.6347702707195,-0.1576653992578,0.1617239507278,0.0723118353218,-0.1948883562360,-0.0205879655975,0.6043360637456,0.4594661311586,0.2537602289771,0.2434752755799,-0.0088620799331,-0.3020064669862,-0.2290587661841,0.1432151460962,0.6115388013041,0.2447268801902,0.3688621108157,0.2508333122681,0.0389108400700,0.6747774004339,0.7435553522220,0.8792352550754,0.9404517248140,-0.0905048151002,0.4125319834345,0.1606850999191,0.3494836434796,-0.0501183991075,-0.6288193467170,-0.1993114972282,0.2698096988772,0.7666911132667,0.8628249404832,-0.2020347282159,0.3708560157873,0.5055637821494,0.8457054836320,0.0700029540510,0.4536828962130,0.5428715228326,0.1019472794523,-0.0504910360386,0.4103017899597,0.3721148418585,0.2133628020062,-0.3753890939976,-0.5421469530329,0.5635447420177,0.3306993987028,0.0019181661378,0.0418117428090,-0.5799279587637,0.6413516504018,-0.1634555470659,0.1013517414251,0.5904965633390,0.3271288264071,0.3681060015464,0.0190356834945,-0.2818666578086,0.1274681024865,0.0853377048049,-0.4709322907913
0.2925760179286,0.2977570881102,0.0352333643862,0.0983183119316,0.3985024593870,0.2508333443193,0.1373329820085,-0.0514279729775,-0.0791800911566,1.0000000000000,-0.0940296711655,0.2807299211045,0.1277541462466,0.2566924748816,0.3084849861653,-0.0678791147544,0.2013942213581,0.1055556247599,-0.0975913871143,-0.0831436309299,0.2586011740802,0.4763808336141,0.1441107031047,-0.0090571494406,-0.1881058533715,-0.1918055171776,0.0699815788347,-0.0501739960382,0.0243380931300,-0.2232641022234,-0.0764542084569,-0.0034773665343,0.1810355482428,0.2243714529441,0.0115580338433,-0.0335912728398,0.1364877168740,-0.1846198614498,-0.2076851892717,-0.1122602977833,0.1028044797650,0.0700764480258,-0.2445797648325,-0.1393608344477,-0.0683665678275,0.2820070732919,0.2533198334953,-0.2176478315957,0.2561251414515,0.4053524135216,0.1874115334701,0.0539624660767,0.0367804254699,0.2248644319041,0.2233194430962,-0.0010810115237,-0.0607114554098,-0.0237680690472,-0.0867039742614,-0.0978494992902,0.9135122396801,0.0342833748154,0.2661381120548,0.2151103830152,0.3281467150000,0.0562145261947,0.0504589667558,-0.0225774265789,-0.0711208722801,-0.1231691100602,0.3195639001972,0.3649439398319,0.1172311292114,-0.0000243718943,0.0015914977129,-0.1761358739433,-0.0493511993610,-0.1400391958149,-0.1305917202149,0.0724132595691,0.1416429322217,0.2791029215698,-0.1060287134053,-0.0364527145181,-0.2358064501805,0.3648381949336,0.1247568776527,0.0350703858379,-0.1060942072510,-0.1190689472388,-0.2325438400680,-0.1171530111758,-0.1183806388609,0.0441664619470,0.2130343682554,-0.3065793619988,0.1141412691954,0.1125474095192,0.0856760738295,0.2828189502700
0.1196625099855,-0.0856934107663,0.2258384437438,0.1238878593462,0.0112414363495,0.1856150645238,0.1208614480678,0.0846679925048,0.1336085094106,-0.0940296711655,1.0000000000000,0.6169045491168,0.5218116217186,-0.1063605711606,-0.1680394927331,0.1167705921314,0.5214905781832,0.1890855674905,-0.0245720707434,0.0941142242122,0.4384974942480,-0.1058361947235,0.5424973077748,0.3688015140302,0.0109408186708,0.1630435341379,0.2230331539728,-0.2314274792864,0.0407064791477,-0.2249394578786,0.2879644824799,0.4321783635750,0.5328802516964,0.0791582247238,0.0485448093643,0.1441730981033,0.0566988522826,-0.2107884520104,0.1037681856275,0.1206328375004,-0.0291656290789,0.0641880806957,0.0673814056285,-0.1684839914844,-0.1875393962675,-0.1376896426519,-0.0129299551312,0.1782991169453,-0.3161095068670,-0.0560869302016,0.0234075165877,0.0886534844249,0.0397900378552,0.0981374798464,0.1761089726222,0.0457645209731,0.1198103251495,-0.0235260299920,0.1509301678590,0.1380671354729,-0.0589706184392,0.5327989103621,0.6106778728588,0.4779565154964,-0.2563458756022,-0.1288876903221,0.0078152660661,0.4211403357662,0.0404681138088,0.0998834711674,0.4611627367282,0.3257061565739,0.2753371651479,0.0797337206261,-0.0321657375294,0.0514469129432,0.3641655299487,-0.1191912255921,0.1355059526593,0.3227505972760,0.3883140348032,0.4296090284848,-0.2489625420919,-0.1085656519159,-0.0863159046783,0.1220205600475,0.2012586449536,0.0784904921604,0.0618214653998,-0.0514975551478,0.1252674458325,0.0385926364780,-0.0981954287321,-0.0890341615893,0.1491841702438,0.1718864067530,-0.2863780470332,0.0586135158284,0.1821492505520,0.1129602984935
-0.0039523545915,-0.0900626863010,0.1379867657445,0.2808130710859,0.1199282896540,0.1361359014679,0.2119395007954,0.1258121987693,0.1388377322481,0.2807299211045,0.6169045491168,1.0000000000000,0.6203552324118,-0.1323649214415,-0.0134074476696,0.1149800454439,0.5807237109534,0.2438165970184,0.0083346952686,0.1494655210269,0.6501452224824,-0.0236917523543,0.7030588839399,0.3810654346719,0.0374402444857,0.1837008028280,0.3276281329085,-0.2464280316814,-0.0567751507531,-0.4531682147017,0.2910159322016,0.6095818273120,0.6654328158869,0.3184370898675,-0.0330218817624,0.2000818415636,0.1855374433939,-0.2343977839661,-0.0647474558342,-0.0527908319658,-0.1948456471475,-0.1671929489907,0.0988326311811,-0.1757990361714,-0.1772046839720,0.1392923522166,0.1815232294989,0.0357449526859,-0.2435573677347,0.0996909606697,0.0648939443869,0.0022828732674,0.1023996115922,0.1301982656482,0.1413591960400,0.0477132070491,0.1662910343024,0.0725960690641,0.2005969557945,0.1926334804667,0.2342675083764,0.6215791290983,0.8048074083566,0.5992361834980,-0.1864642046279,-0.0723731854725,-0.0019137986268,0.3380826387821,0.1378513044297,0.1143044916836,0.4622680926494,0.5426674676264,0.3860896644380,0.1900598209049,0.0706398366657,0.0461872732331,0.3843794732052,-0.2293296634869,-0.0738052056351,0.3078513820699,0.5092792823217,0.5366627646133,-0.4653859950972,-0.1388043168902,-0.1772388526688,0.2994910792900,0.2391416491329,-0.0985245691940,0.0568433834797,-0.1464495101640,-0.0920498328108,-0.1020223898380,-0.1318398307456,-0.0227391616304,0.2218686863293,-0.0777547028131,-0.3081659945365,-0.2401228438842,-0.1218808419387,0.2533276557127
-0.1426805699463,-0.0658710694593,0.1086606722325,0.2175646052255,-0.0718208496986,0.2706246873990,0.1323813542753,0.5686615258412,0.4739588932043,0.1277541462466,0.5218116217186,0.6203552324118,1.0000000000000,-0.3698164601139,-0.3348783831198,0.0543319184074,0.7751262946985,0.0675426366744,0.2306081912672,0.5436535005446,0.6169922503480,-0.0747037835299,0.4336759541012,0.4368647191396,0.2734857545064,0.2702701505341,0.5499906556868,-0.0017957644156,-0.0751652387345,-0.3067038100008,0.6215636141980,0.6031800722208,0.6809798517616,0.1613175717870,-0.1973729453030,0.2160028401381,0.2784602786160,0.2144718628692,-0.0448757150760,0.1044354960271,-0.1383150472601,-0.1057041239853,-0.0174265866572,0.2519355138911,0.2504084859205,0.0640673597345,0.2601335077280,0.0210290878365,-0.4363923007970,-0.0857323749529,0.0307805453079,0.3501387685678,0.0718394751919,0.3057401562922,0.2552325098961,-0.0214912121363,0.5711105148266,0.4709183955799,0.5354077406507,0.4817295950065,0.1516235486023,0.5701342162895,0.6846388120391,0.8652031263352,-0.2036826722708,-0.4699058441164,-0.2681748687395,0.6291970722271,0.3325878492179,0.4678874240181,0.3085102460434,0.4128202411049,0.4942052676682,0.5409700690838,-0.0764754398456,0.2117365813093,0.5688651464211,-0.1892427107968,-0.0398720719818,0.4419705579384,0.6427827517431,0.6892052950899,-0.5258318258796,-0.5309803888079,0.1889761696835,0.3704034559314,0.2589073007532,-0.0064208957116,-0.3904443425225,0.3404707558227,-0.0787804834921,0.0374657021796,0.2957332842989,0.0567404243051,0.4113999645733,0.0381445696636,-0.4579805441780,-0.0335876481659,0.0582525614227,-0.1907475969979
0.5069536190441,0.3810300616501,0.0349182772713,-0.0932346742521,0.2482497656197,-0.1773944712457,-0.0626941516213,-0.4494211116398,-0.4598068237385,0.2566924748816,-0.1063605711606,-0.1323649214415,-0.3698164601139,1.0000000000000,0.4366373451756,0.1164969944514,-0.0697051180387,0.2737092763060,-0.2802529423517,-0.4122392572522,-0.0044694621603,0.2499812432773,-0.0218299380644,-0.1203248374542,-0.2991040120523,-0.2606564267527,-0.3135117115649,-0.2313314567720,0.2773386720735,0.3189490409611,-0.2635064343548,-0.2151583616813,-0.2119686099093,-0.0950175685666,0.1476383255445,-0.1519221854955,-0.1387843040819,-0.3907100017380,-0.1961015460262,-0.1996388901836,-0.0269418137796,0.1330737938238,-0.2538891838965,-0.3594684753642,-0.3354239627940,-0.0765245803717,-0.3120878225681,-0.2185635648502,0.4762774472233,0.0888734232036,0.0889384928947,-0.2277681737157,-0.0418637269119,-0.2357978566891,-0.1537614132210,-0.0437232144724,-0.4392183327015,-0.3547997921634,-0.4055722789313,-0.4364964811716,0.2095552023356,-0.2463830326158,-0.1666107451348,-0.2672992451651,0.4630471494258,0.2661886889034,0.2989262458030,-0.2129935520855,-0.3117025072127,-0.4045100467840,0.2818205984906,-0.0220513956346,-0.2360099886855,-0.3560066648982,0.0142374543623,-0.2497137562223,-0.3763641673345,-0.0159539600493,0.2130783330297,-0.1364231739854,-0.2554502886866,-0.2271464410956,0.3006800189366,0.3043076825146,-0.3696230409244,-0.3003083930584,-0.0157534913250,0.0528957088672,0.1933664183754,-0.4105628028108,-0.2320695549735,-0.2489007875225,-0.3383310331221,-0.0837914753747,-0.4172583640867,-0.1962439764172,0.5189619817823,0.0609928094052,-0.0338441174374,0.3623195426818
0.2962048714214,0.2750618815493,-0.0970715193930,0.2709713864798,0.1819811857291,0.1225491288798,0.0977845874475,-0.4271159969495,-0.4009239366457,0.3084849861653,-0.1680394927331,-0.0134074476696,-0.3348783831198,0.4366373451756,1.0000000000000,0.0800625975723,-0.0963640670339,0.3019792440536,-0.2225953196768,-0.4139050996546,-0.1276033145241,0.2056032471982,-0.0765291476475,-0.0227186402344,-0.3556000512950,-0.2305405618061,-0.1871334537459,-0.0994336332943,0.0974019307095,0.0564030759688,-0.3415356727027,-0.2175387476693,-0.2036228951583,0.0032685117089,0.2276628658148,0.0089601696250,-0.0299994250290,-0.3385499824240,0.2366773784310,-0.0269988768073,0.2094304298151,0.0931149338402,0.1881447010689,-0.3477577582645,-0.2963174059095,0.0494455888247,-0.1598131659452,0.1561776351574,0.4755863396515,0.4081314637197,0.1297332777465,-0.2006896494164,0.3016574633474,-0.0507728929101,-0.0482798017845,0.2071866702415,-0.3493642889834,-0.3934698639360,-0.3899310013936,-0.4328729716078,0.2164416390156,0.0051683302490,-0.0489179755601,-0.1557872803670,0.3171623082534,0.5853731469496,0.2592389072418,-0.1462973727340,-0.2651306879169,-0.3888850920059,0.1913380616576,-0.1202584633943,-0.0495465262202,-0.4219020502717,0.0682096301566,-0.3050339743157,-0.3549448865010,0.0837606996569,0.0299266806027,-0.0524744662562,-0.2877524914456,-0.2004771065610,0.1766303320579,0.2750771726061,-0.4108091901771,-0.3492097453570,-0.0085470144999,0.0072494185038,0.3598909264903,-0.4605494702720,0.0777697264592,-0.0345062033898,-0.4120391064852,-0.0726394875706,-0.3616630146804,-0.0074803908894,0.3840417597461,-0.0539400654516,-0.0319118049659,0.3768930522920
-0.0369961226865,-0.0684983113518,0.0812647961744,0.0821730345075,-0.0780179234390,0.0702982069230,0.0739856375564,0.0793904387134,0.2434163801688,-0.0678791147544,0.1167705921314,0.1149800454439,0.0543319184074,0.1164969944514,0.0800625975723,1.0000000000000,0.0988854933836,0.3747482198731,0.2423092255995,0.2719504081926,0.1811408493151,-0.0588033367732,0.1729157033714,0.3551386171494,0.3125029966891,0.1682797415182,0.2890235917012,-0.1715862838842,-0.0341218881827,-0.1069670488166,0.5402988688240,0.2066894147292,0.2071999508927,0.0722799015200,0.4149940786952,0.7029370345078,0.1513039660138,0.1512069817434,0.0897985622637,-0.0675703004234,-0.1255223852832,-0.1403325003734,0.3731028235713,-0.1038874199683,0.1213228220840,-0.0435308427193,0.0044581412075,-0.0070510139875,-0.0663043912881,-0.1765446293353,-0.1698237279707,0.0532478327553,-0.0723211920159,0.0502953130736,-0.1009614000110,-0.0969632241728,0.0842400612809,0.0880033336835,0.2697621443985,0.2015267742868,-0.1010966722880,0.1215040384940,0.0131296247098,0.0928421433056,-0.0008972161866,0.0296761525041,0.6109746678383,0.2520711500490,0.2684444978021,0.3230998487740,0.0473256675523,0.0008050238848,0.3477307103455,0.1712504643056,0.5345790442185,0.0300126566728,0.2626415586754,-0.1729582366897,-0.1270343148074,0.5727433156946,-0.0882726162388,0.0473168389576,-0.0690272141622,0.3685455024744,0.0171249089834,0.0048799165369,0.1699927783258,0.2218029877904,0.2073829071928,0.1096543188287,-0.0673379134258,-0.2517658453612,-0.1583664164657,-0.1164994742934,-0.1238439128764,-0.0574887607659,-0.0675183158424,-0.2170445083525,-0.1492890622596,0.0278416549738
0.0167405432662,-0.1156772466638,-0.0538023170275,0.0827862772016,-0.1174033805710,0.1210867272693,0.0503297674363,0.2421896700809,0.1608098582632,0.2013942213581,0.5214905781832,0.5807237109534,0.7751262946985,-0.0697051180387,-0.0963640670339,0.0988854933836,1.0000000000000,0.4325426107592,0.0593638455575,0.2805546287040,0.7492164188665,-0.1199682265754,0.3359275304013,0.4859671329548,0.0243241848407,0.1381190675569,0.5392327077320,-0.1685358247106,-0.2183032438870,-0.4134416539671,0.5046503180277,0.5347098394300,0.6216685776170,0.0918825117570,0.0048426279127,0.2093206794734,0.3026087241778,-0.1071688174711,-0.0737379898260,-0.0287014319438,-0.2511672365112,-0.1022085561185,-0.0928899265886,-0.1050152433035,-0.0447105129728,-0.1373660793911,-0.0005546910993,-0.1140008814156,-0.3807447689460,-0.0042043783134,-0.1055179702700,0.0742498358968,-0.0028752217904,0.0700443464602,0.0206332709258,-0.1744432397678,0.2973056659772,0.2513343857829,0.2932255877108,0.2043467583671,0.2600807553150,0.4180855195682,0.6451397857939,0.6716308003992,-0.0998733085891,-0.2175431404574,0.0193431004950,0.7061936745536,0.2022942077190,0.2868536990698,0.6629096998870,0.2823752761817,0.4114691833162,0.3132414254698,-0.0528909416641,-0.0174288525303,0.4845282681204,-0.1862345935112,-0.1345739063782,0.4827156563455,0.6065917269067,0.6805371348858,-0.4495563422737,-0.3101856015488,-0.1238717807789,0.1888841058693,0.3455337687514,0.1459516122232,-0.1644831834381,0.0848563449425,-0.1109807219362,-0.1210614571493,-0.0187143039509,-0.1311756585153,0.1868874731059,-0.0766318222716,-0.3820623768865,-0.0079493314046,0.0066330813624,0.1324969452149
0.1973544736757,-0.0657601389939,-0.1619195225304,-0.1145647390592,0.0784729474544,-0.0502431752800,-0.1334652185740,-0.3493315677284,-0.2809155635937,0.1055556247599,0.1890855674905,0.2438165970184,0.0675426366744,0.2737092763060,0.3019792440536,0.3747482198731,0.4325426107592,1.0000000000000,-0.1766904693724,-0.1634786729367,0.3182499378752,-0.1923966967296,0.2271235591815,0.5451793970775,-0.1184276403585,-0.1978661168985,0.2291345960355,-0.4616980109103,-0.0937906105468,-0.2803312503601,0.2396154073257,0.0303788928593,0.1215881334856,-0.2090000190047,0.3045449690027,0.3033253295864,0.3342598709150,-0.3665599886307,0.1184445018396,-0.2573857940670,-0.2628417915766,-0.0170692510951,0.0632320043887,-0.5926899229494,-0.1960649888197,-0.2326022928959,-0.3001545172164,0.0127179399294,0.0740698026393,0.1480550606879,-0.0892779221299,-0.3199719520063,-0.0468354899559,-0.1951073710409,-0.2540753707044,-0.2090171806804,-0.0424435344844,-0.2067165613791,-0.1696375336966,-0.2829798068357,0.1329448022463,0.1488534501651,0.1719656584733,0.1318831823951,0.1253666243538,0.2732638232820,0.4217961233995,0.4545304336910,-0.1607287725207,-0.0556965658268,0.5277983142119,-0.0490600981977,0.2972219601952,-0.1489561820576,0.1967829326954,-0.4156749769921,0.0603988269892,-0.2914641104741,-0.0488913829236,0.4263087493304,-0.1445531841110,0.0466358241104,-0.0551517036281,0.3254326502325,-0.4052906337987,-0.3727224023398,0.3554348405500,0.1299298956373,0.3770152534212,-0.3955014886702,0.0616451218117,-0.3294013313686,-0.6240366249081,-0.2526543808940,-0.3951694106593,-0.0606302629713,0.0728215654653,-0.2610073279583,-0.0849854461079,0.4302954424224
-0.0471738489869,0.2016485815826,0.1561670636714,0.3531254472467,-0.0396752579935,0.0771427364429,0.0810128854681,0.6643855699963,0.7013795673737,-0.0975913871143,-0.0245720707434,0.0083346952686,0.2306081912672,-0.2802529423517,-0.2225953196768,0.2423092255995,0.0593638455575,-0.1766904693724,1.0000000000000,0.6441114955116,0.1461693237935,0.1749244126959,0.1145906153114,0.1841402349699,0.4154693105513,0.1569967384698,0.2165028548417,0.3217453966282,0.0933536831199,-0.0385747889317,0.4255961053726,0.1336733800372,0.1488727761958,0.0371473009843,-0.1386275767843,0.3994385625418,0.1028839469961,0.4813833240756,-0.2092856419937,0.1126929878258,0.1076450606129,-0.2012823921454,0.0351972123411,0.4685455903420,0.3642916261007,0.2877716214677,0.1682189825026,-0.1074323859725,-0.1454050386709,-0.2095445563166,0.1040455136890,0.4322348324595,0.2458093115879,0.1687765144044,0.0745403337650,0.0399537336460,0.4106472624865,0.6244439579017,0.5744725571627,0.6737181438543,-0.1524737450516,0.2207327741943,-0.0105745944105,0.1427819543572,0.0431635953743,-0.4442554005101,0.0352881159994,0.1214581150119,0.7882818561242,0.6704715404309,-0.2129676211568,0.2486786762328,0.2950543232815,0.5907315661166,0.2123202282085,0.2556864853214,0.2154518628909,0.1040178343183,0.0012609519940,0.2528124360609,0.1301302044070,0.0798868057362,-0.2993765290679,-0.3239967853111,0.4190616664656,0.2583376980825,-0.0255917276826,-0.0388929694631,-0.3590974626978,0.4584576932585,-0.1855579433762,0.0582733476641,0.4714206284434,0.3097826734303,0.1788545933677,-0.0930378781679,-0.0834850917902,0.0895096581015,-0.0096275340314,-0.3071220804276
-0.1585263266961,0.1223687685055,0.1893566668441,0.4073751509784,-0.0660130923576,0.2064935247327,0.1563065853040,0.8921564914261,0.9306085409086,-0.0831436309299,0.0941142242122,0.1494655210269,0.5436535005446,-0.4122392572522,-0.4139050996546,0.2719504081926,0.2805546287040,-0.1634786729367,0.6441114955116,1.0000000000000,0.3292746262697,0.0934937504239,0.1936050155852,0.4266444569555,0.7378893808724,0.3992994609750,0.5176391099379,0.4129226395707,-0.0215731893488,-0.1021460184074,0.7162064824363,0.3718395872794,0.2596843318151,0.0282285613618,-0.2258583790928,0.5370463595836,0.0866786298042,0.6618640980918,-0.2218517746698,0.0936703105804,-0.0167377628137,-0.2712940164995,-0.1009814768129,0.5956659068571,0.5011548023572,0.1921097394296,0.2163257496435,-0.0691175449211,-0.2940521068545,-0.3010428986659,0.1379877657243,0.5943017993717,0.2360299811962,0.3433182655301,0.2075183770989,-0.0270782942193,0.7206449923711,0.7924667320136,0.8971120397854,0.9086332747955,-0.0829126718690,0.3981171066484,0.1622852102248,0.3836794423615,0.0182563658236,-0.6797945454576,-0.1953190635574,0.3718228391118,0.7178830119060,0.9236219224533,-0.1692073297877,0.3604221387545,0.5142735701323,0.8986915577998,0.0282935577030,0.4572019802629,0.6030472301866,0.0692696576146,-0.0821053729141,0.4661790188591,0.4233591329534,0.2651662788262,-0.4188542602694,-0.5931692086924,0.5692548273992,0.3050066589454,-0.0139206303231,0.0113998806074,-0.6537857237750,0.6732567032600,-0.2220892563362,0.0107950997886,0.5828010556218,0.2917637292024,0.3516425145031,-0.0235891864575,-0.2754881382957,0.0930398981977,-0.0026569422950,-0.5173084333526
-0.0588211088988,-0.0562183324497,-0.0911131484643,0.2323260133231,-0.0935134051772,-0.0218537316736,0.0659998406734,0.3234394144692,0.2621807498356,0.2586011740802,0.4384974942480,0.6501452224824,0.6169922503480,-0.0044694621603,-0.1276033145241,0.1811408493151,0.7492164188665,0.3182499378752,0.1461693237935,0.3292746262697,1.0000000000000,-0.0048936733350,0.4126628961972,0.5286109132410,0.0956501181359,0.2701571692258,0.5155787684075,-0.0779428379126,-0.1130812595398,-0.3893635234715,0.5549318511419,0.7084558757796,0.6230202842940,0.1652700848459,0.0304739516115,0.3139566363468,0.3257448233468,-0.1189404529233,-0.3026651385505,-0.2633644360765,-0.2699950379860,-0.1561267988848,-0.0977771582460,-0.0698555340928,-0.0293445332782,0.0373356603059,0.0541122692512,-0.3290494757448,-0.3600631102533,0.1375183085222,-0.0849071502697,0.0481485653439,0.0687287225934,-0.0340222192686,-0.0674697847747,-0.2223767870022,0.3337435646729,0.3074019383779,0.3940567794652,0.3333048447117,0.2299966909410,0.5045390387779,0.6237467234389,0.5039414935298,-0.0568617728587,-0.2561332991966,0.0215646381407,0.5141003469353,0.3188814935997,0.3382328851033,0.6674857247765,0.4520139777657,0.5294494351076,0.3905069046588,0.2516922011858,0.1971338723887,0.5237592270503,-0.1252703923154,-0.1140915661680,0.5222632035939,0.7042352044221,0.6671981419185,-0.5213783333137,-0.2701145109342,0.0310142681504,0.2530876030089,0.3701335267338,0.1663033271811,-0.1127906480464,0.0832048799753,-0.2806758468184,-0.3041215593628,0.0456132198924,-0.0121795419288,0.2263045572954,-0.2596935042923,-0.3457466547282,-0.0089397640755,0.0093684917515,0.3692965285641
0.2799590699861,0.3992627192997,0.1570051327748,0.3494004967092,0.3539039113241,0.1871204766378,0.0863084352654,0.1373190788619,0.1255169537198,0.4763808336141,-0.1058361947235,-0.0236917523543,-0.0747037835299,0.2499812432773,0.2056032471982,-0.0588033367732,-0.1199682265754,-0.1923966967296,0.1749244126959,0.0934937504239,-0.0048936733350,1.0000000000000,-0.0433891173457,-0.1041100484110,0.0281302470609,-0.0042959727952,-0.0941704595870,0.3746772970567,0.3491436157723,0.1229628253169,-0.1050491803440,-0.0179620496969,0.0413022556572,0.0823875071460,-0.0790353989900,-0.0650405100728,-0.1396311003023,0.1085963156640,-0.2337973527324,-0.0265128089346,0.4143127399311,-0.1537726494085,-0.2016101888055,0.1583550816463,0.0678606628264,0.4525969673707,0.2735514651582,-0.1500789030795,0.4576511273733,0.0378551461578,0.2860864892417,0.1672586357832,0.2968924431230,0.1847465100049,0.2216225943444,0.0830106828265,0.0173239592155,0.1037754591785,0.0526799884210,0.1160271285811,0.4159201126817,0.0218067668193,0.0528082990648,-0.0542376448372,0.2655982249825,-0.1025489591469,-0.0781690146928,-0.1950278226449,0.0582022310555,0.0638015181159,-0.0014834045465,0.4985886390135,0.0234170878424,0.1222554950313,0.0128622026226,0.0818004603543,-0.0788442026832,0.2847948510225,0.0219654437787,-0.0583954758717,0.1232124699924,0.0571468095893,0.0061722576112,-0.1825512670048,0.0751034815883,0.2830556891595,-0.1644398938040,-0.1924894174395,-0.2125595865037,0.0639521620489,-0.1981097613528,-0.0670361894798,0.1459918973729,0.3449922394736,0.1857749729386,-0.2459667844436,0.3338432934118,0.4288889732164,-0.0930927806488,-0.0109779720433
0.1706990438964,0.0338727869732,0.2257201879859,0.2546530156177,0.2813803706230,0.0933464344401,0.2021422178401,0.1296010577233,0.1953730574781,0.1441107031047,0.5424973077748,0.7030588839399,0.4336759541012,-0.0218299380644,-0.0765291476475,0.1729157033714,0.3359275304013,0.2271235591815,0.1145906153114,0.1936050155852,0.4126628961972,-0.0433891173457,1.0000000000000,0.3845318422349,0.1282708713639,0.2026713112439,0.2980801155177,-0.3243337468078,0.1675339774289,-0.2136095200607,0.2910797356400,0.4053407020806,0.4422887412153,0.2937203593786,-0.0252882035748,0.2472849352124,0.1227359007807,-0.0979603070600,-0.0939521043968,0.2156122573503,-0.1130634375930,0.0129885146166,0.0609107655319,-0.0516000474656,-0.0130736339391,0.2751840468240,0.1736569212051,-0.0187503150165,-0.0787012924288,0.0492331858942,0.1892886672300,0.0542140288687,0.1034666092838,0.1289260649694,0.1603275268828,0.1184178757139,0.1236090571287,0.0023286362010,0.1352032226912,0.1495929069726,0.1005693293308,0.4500132480427,0.4482127274996,0.4101432884160,-0.0469778200023,-0.1687553352865,-0.0668388300479,0.1600621996705,0.0615237230722,0.1350394880278,0.2386696397407,0.6137559364250,0.3751674442880,0.1921709277596,0.0429405323411,0.0965686550773,0.2715892618179,-0.3707700427308,0.1721049831483,0.2372984099474,0.2163649102090,0.2164117025932,-0.3906623341138,-0.1754844325307,-0.1262896277528,0.2746962891688,0.1524756347690,-0.0753308798533,-0.0717007442261,-0.1061869820155,-0.1806727965812,0.1187112382225,-0.0580899009633,0.1867146541497,0.1026331810455,-0.1533717424065,-0.1353387127549,-0.1899729942759,-0.0231494192980,0.0408445109595
-0.0138829431734,-0.1101058685891,-0.0773713011518,0.2184952862136,-0.0013559841731,0.0336149797462,0.0394436591357,0.2281123127588,0.3847090923066,-0.0090571494406,0.3688015140302,0.3810654346719,0.4368647191396,-0.1203248374542,-0.0227186402344,0.3551386171494,0.4859671329548,0.5451793970775,0.1841402349699,0.4266444569555,0.5286109132410,-0.1041100484110,0.3845318422349,1.0000000000000,0.2639678281434,0.1793332072645,0.5371050261572,-0.1153600032886,-0.0131567794744,-0.2953954889597,0.5760719448940,0.3620883377774,0.2016189369559,-0.1345226840600,0.1498431160465,0.6475408998078,0.3339658887326,-0.0144944257668,0.0193110465776,-0.1704217897768,-0.1722969625286,-0.2271953388509,0.0316406667250,-0.1696580940202,-0.0592828627262,-0.0957206506814,-0.2139905293421,0.0261583857173,-0.1199609939967,-0.0159818502141,0.0041400854811,0.0254029532842,0.1247439638747,-0.0209273049633,-0.0561188028385,-0.1465314248489,0.4603036145010,0.2533110588211,0.4570474569997,0.3638515905495,-0.0118465226403,0.5554602554862,0.3887603915299,0.4276403945513,-0.0904063179609,-0.1424609507461,0.1332487619297,0.5348908292020,0.3555776383099,0.5000146798262,0.4024220786301,0.3080433140141,0.7280179885646,0.4162728885639,0.1462092528832,0.0884469056231,0.4933118334612,-0.1047853814056,0.0765697239882,0.6290800628711,0.2924341955778,0.1723394423109,-0.3075010106612,-0.1517872102500,0.0140218495097,-0.1726417114887,0.3696670468616,0.2165856241303,-0.0127698772097,0.0474942256793,-0.0557874971453,-0.2448589130442,-0.1625614971373,-0.0283730087352,-0.1470850402667,0.0068935916937,-0.1412572079407,-0.1228458092955,0.0016594896346,0.1366908706434
