1.0000000000000,0.0986308804761,0.3273621521055,0.0662385126193,0.6548655294481,0.5202452368221,0.1808905273400,-0.1449941476840,-0.1487129521056,0.3154723441323,0.2748159328206,0.2722308676422,0.1714157803588,0.6771471894906,0.3255881203393,0.0715563188832,0.0077740231333,0.3584907879609,-0.4182314759895,0.1490471562523,0.2540989968972,0.1908279825277,0.4763108873666,0.1803849938607,0.1369338915100,0.2920705023919,0.2221319887206,-0.0206028508975,-0.2247514022056,-0.1257770673398,-0.1738986480555,0.3920147265766,0.1756627826514,0.3271394789318,-0.2082484889345,-0.0685100670284,0.1466628391028,-0.2518674753216,-0.1135841650455,-0.0471435322162,0.0890958560664,0.3265474603116,0.0928004110737,-0.0466050565731,-0.0556040507509,0.3668598365797,0.3339397118500,0.2143626587875,0.1591182104291,0.3473047462358,0.8546624374651,0.0823752651474,0.2354340009246,0.2380789669663,0.4337574530119,0.2618964962876,0.4420511900218,0.0777592888161,-0.3461732679120,-0.2205054209390,0.2122988031281,0.3368200286894,0.2056028626056,0.0354890234052,0.3208212475582,0.1245058477441,-0.0720455769609,0.3595605350824,0.0402981213057,0.1088332421392,0.2033745107519,0.2790212004622,0.1819598544239,0.0476210125755,-0.3532644661857,-0.1013671610859,0.0387508233530,-0.0348725596983,-0.2626620637811,0.2505807513054,0.0411033646759,0.1435539784015,-0.1517490560272,-0.0866838799840,-0.1271889354571,0.3547239993648,-0.0215780878790,-0.1869216347146,-0.0509438507924,-0.2013229792587,-0.1446455265560,-0.1463239898759,-0.1323153383367,0.1783320669417,0.0186842748274,0.1324005228173,-0.0127067745070,-0.2739657966238,0.2675347803077,0.2779109971943
0.0986308804761,1.0000000000000,0.2298003579801,0.4861640997727,-0.0850751900530,0.2199467520126,0.3213419922539,0.1191775702666,-0.0501692663200,-0.0091086638419,0.0447753596455,-0.0883496800428,0.0386881334451,0.2524103830083,0.3727827172025,0.2137982861292,-0.0347031940522,-0.1393654044475,0.2145741471795,-0.0464574190578,-0.0236942876114,-0.1304978455351,-0.2004168821522,-0.1505577347208,-0.1495788257735,-0.0536850771535,-0.0066488988835,-0.1040013289294,-0.1029053228783,-0.0369478308003,0.0216293497038,-0.0348938967477,0.0919998273308,-0.1226621345432,0.0728152316260,0.1193410671255,-0.1414686724320,0.1164025855236,0.0208410400420,0.0966891431111,-0.1731042894183,-0.1854876086121,0.1431642895071,0.1185787392585,0.0771886888212,-0.2165059594394,-0.0491071653095,0.0820347171992,-0.1058058424113,0.1536200183912,0.0028325287247,0.5483370275169,0.3906487169415,0.3080082317207,0.1202688822040,0.3053062484163,-0.1754505136300,0.0264174640338,0.1334386507939,0.0966558280847,-0.2013100038138,0.0261905528948,-0.1950356499330,-0.0719454915165,0.4843898581137,0.1560473390760,0.2098061779415,-0.1307179997272,0.0973714325127,-0.0982156373985,-0.1355804419674,-0.1183802837142,-0.0728543147200,-0.2013365892864,0.0281183851169,0.0592551028379,0.0398647132323,-0.0559187091108,-0.1479637054422,-0.0829496227828,0.0499585565315,0.0691359363268,-0.0139690909160,0.0961936730991,0.0905273903793,-0.1660810045376,-0.1746314389430,0.0596714170517,-0.0250502214781,0.1316860447965,-0.0097820086648,0.0529744806707,0.0587651308168,-0.1142740404481,-0.1009929409618,-0.0028883905214,-0.0733116827724,-0.0856866892824,-0.1668755512442,-0.0242591525676
0.3273621521055,0.2298003579801,1.0000000000000,0.1050745195870,0.1198242270269,0.4972751358388,0.3532452240363,-0.0686636144385,-0.0776948969488,0.0861356638510,0.1220119896269,0.0156783579019,0.0406230829767,0.2957881780607,0.1941969750309,0.2843612436077,0.0120058772419,0.1174734677675,-0.1378288507261,0.1904947854263,-0.2010452757882,-0.0448184214756,-0.0204241783259,-0.0875872020647,-0.1055373467890,0.2597317663748,0.0782414101811,0.2046190744300,-0.0995628266642,-0.0288724940952,0.0251155504028,0.2757574327193,0.1774766096190,0.0487942287770,0.2203738093894,0.1056723966661,0.1349082521593,0.2979956199710,0.2723104798613,0.3489968617682,0.0434657548817,-0.0632971831705,0.1514159357866,0.1595035266738,0.0074766962477,-0.0665199272923,0.0861814373512,0.4142717843716,0.1408007039153,0.0399798536905,0.1909691661801,0.4708131724541,0.1503485409558,0.7995769588411,0.3149103717572,0.1867393333986,0.1084548402874,-0.1399379618559,-0.1178091181620,-0.1313757658806,-0.0182545777538,0.0805012002692,-0.1147439821775,-0.0876607496380,0.2715544137320,0.1973393386511,0.1189643956382,0.1759948749978,-0.1087838818883,-0.0699234929628,-0.2072672438712,-0.1109424275121,-0.0613297791426,-0.2525979714172,-0.1816578590694,-0.2368319977288,-0.1272574240239,0.1619007913238,-0.1526905770168,0.1298400257248,-0.0532633093220,-0.0876344134704,0.0515877213347,0.1373243827696,-0.1721587666192,0.0598717021384,0.0833465952191,0.0835405044396,-0.0287482341511,0.1263756530282,0.2142752860359,0.1879103192748,0.0247575436045,0.0845128313270,-0.2969790919514,0.3721020523816,0.0070161923371,-0.1730777620169,-0.0957458945054,-0.0927388698113
0.0662385126193,0.4861640997727,0.1050745195870,1.0000000000000,-0.0145546904923,-0.0240736445777,0.6368277996062,0.1870110137159,0.0606266084506,-0.2012897910942,0.1843201172076,-0.0009799647922,0.1926725866925,-0.0149460454910,0.1869258734412,0.4993874500472,0.3051372571896,0.1047806782263,0.4138006615435,0.2313201467001,0.2843902217428,-0.2046947928758,0.0279897925853,0.1284619574155,0.2034298960515,-0.0371337804539,0.1809231903265,-0.2585671798561,-0.0519493910313,-0.3415683719087,0.3685151640493,0.0041798302207,0.2376334287949,-0.1436800606669,0.2735585676859,0.2715587951608,-0.0530829503291,0.1310814744414,-0.0764793640470,-0.0750943971368,-0.1857086468648,0.0059034021300,0.2689823760881,0.1002096408148,0.1696608078572,-0.0655343661598,-0.0157276673422,0.0751791186015,-0.0866862295489,0.0999710860562,-0.0894748925281,0.1994749690316,0.8196025617086,0.2920743206179,0.1569406510801,0.7748076575075,0.0654076498248,0.0280301489921,0.2294706595584,0.1395253149624,-0.3009172167052,0.1998571127706,-0.0777675115362,0.1340196354467,0.2030526318827,0.2643572618161,0.3731987939406,0.1068158056889,0.1044162826274,0.3060293728299,0.1574145012693,0.0611794574606,0.2097598214010,0.1245426261908,0.4207905013725,0.1927707198351,0.3013336413472,-0.3174935202551,-0.1963303013171,0.2479360400625,0.1833149575806,0.3216148340147,-0.3233446882758,0.2183569338259,0.2047629702546,-0.2517448939518,-0.0392293937651,0.1520203855430,0.2111703783185,0.2745916098416,-0.0918453840186,-0.1348250454246,0.0634105544916,-0.1909567469295,-0.0446186250619,-0.0208750327471,-0.2357024371858,-0.0155713372594,-0.2042309815502,0.2092913634927
0.6548655294481,-0.0850751900530,0.1198242270269,-0.0145546904923,1.0000000000000,0.3363626219359,0.0472966616935,-0.2496223453950,-0.0616836703957,0.2084884302523,-0.1061565108296,0.0096964877083,-0.0027514923941,0.4923853190356,0.1655486202385,-0.0554920179547,0.0575168324254,0.3131559291737,-0.4699954946723,0.1035386658578,0.0274932914811,0.2635165595702,0.3546851311506,0.2272700623054,0.0799406891198,0.0119179708525,-0.1223738182695,-0.0295021762368,-0.2595643392059,0.1445818933898,0.1130480135721,0.2530524377768,0.0282414370359,0.3244645874289,-0.1907388520924,-0.2341849999455,0.2619268321239,-0.2596099516600,-0.0138669292708,-0.0426992186997,0.0935144685501,0.5164644792290,-0.0224727642255,-0.1879519925419,-0.2504235053177,0.4727626584229,0.3068349709389,0.0971175200594,0.3891217130027,0.2402235223864,0.7355107781379,-0.2036333341018,0.1531037051841,0.0736175724273,0.6082382067651,0.1656333462730,0.3173096085684,-0.1280737282616,-0.3134697740076,-0.2166968797808,0.4160130700994,0.2008719625128,0.2522934908060,0.0142754889445,-0.0417063435208,-0.0068963739478,-0.2802241053099,0.2739614319893,-0.2651077834747,0.0946636441323,0.1130753367258,0.2814422949215,0.1211097036348,-0.0617705060195,-0.2745604509384,-0.1331598979793,-0.1714188103508,-0.0812779043384,-0.0946692513129,0.2940403834498,0.0904043560137,-0.0346354545372,0.0153021912621,-0.2023440291755,-0.3262712258744,0.3682282100412,0.1584703607892,-0.1137710149612,-0.0254257072085,-0.2886475352820,-0.0501457867912,-0.0831820561131,-0.2192021620050,0.2784470510876,0.2190106363856,0.1034407290592,0.2826471006714,-0.0192451003662,0.5562210347571,0.1583149335798
0.5202452368221,0.2199467520126,0.4972751358388,-0.0240736445777,0.3363626219359,1.0000000000000,0.3096407379105,-0.2540396308505,-0.1150121508495,0.4756454336447,0.4221124397370,0.3053723689600,0.1501238876282,0.5559825165689,0.4825026657655,0.1119673602885,0.0608509499409,0.2693517101516,-0.2907958324271,0.0958686852887,0.0111344809523,0.2720950500056,0.2575060165145,0.0943260358800,-0.1419824240731,0.2711440152506,0.1540115090179,0.0592872004220,-0.1677923316138,-0.0769087510123,-0.0323661843231,0.3007168123493,0.2594547399757,0.0217295915476,-0.0641495925054,-0.0475221349053,0.0485269639343,0.0471545907544,0.2111742952028,0.1679085157416,0.1072987430739,0.1090731850634,0.0608498017598,0.0875218715453,-0.0912205372133,0.0538249824313,0.2325885308466,0.5877237553838,0.0730180953930,0.3716618827479,0.4829377749352,0.1241412256402,0.0625842857045,0.6427729761787,0.6060103100756,0.0196245308237,0.1973235868343,-0.1123646744011,-0.3274083668228,-0.2144967722321,0.1128380045390,0.3853362661037,0.0510627007243,-0.0585940960294,0.4943452063198,0.2955467243208,-0.1079223325389,0.2587459017726,-0.0540126619691,-0.1125265130159,-0.0293657295479,0.1727993035838,0.0759439214691,-0.2406791465488,-0.3717969940543,-0.2256853340737,-0.0487867025177,0.0255430400515,-0.1415604355340,0.1332359587770,-0.0195286324961,0.0180992500134,0.0849166810862,-0.0354774849265,-0.1726788208719,0.0405576056481,-0.0302990083405,-0.0014357823378,-0.0860052338765,-0.0728339785700,0.1200014598015,0.1121334756084,-0.0230308734123,0.1720611753544,-0.1585563932219,0.5083938835779,0.0996784683702,-0.2934190346905,0.2007682631352,0.2031195974322
0.1808905273400,0.3213419922539,0.3532452240363,0.6368277996062,0.0472966616935,0.3096407379105,1.0000000000000,0.0333591839256,-0.0007179865071,-0.0832877678859,0.1638070619956,-0.0471844410976,0.1511003281932,0.0918825252072,0.4968983121532,0.4751536037500,0.2946003890696,0.2183087211543,0.1162082802130,0.3664591314386,0.1181579286351,-0.2502533072546,-0.1012878452723,0.0585176542090,0.0849189396356,0.1621359416447,0.0962821008229,-0.1136623598472,-0.0260040102578,-0.2040964611392,0.4076873321553,0.0646404660429,0.2731982079453,-0.0801200238640,0.4850673763758,0.2082367898589,0.1065218098975,0.4259290876299,0.3826841005208,0.1751330255220,0.0359352835921,-0.0009183693403,0.2765350348856,0.2843080079461,0.2236463006411,-0.1976105855571,-0.0045144875416,0.4498883652639,0.1066867442488,0.2759028323650,0.0800376921010,0.3334097852949,0.6315726751270,0.4932133369306,0.5128039559109,0.7216320747495,0.0761215769223,-0.1504292495810,-0.0015433297915,-0.0388851692576,-0.2723996633162,0.2206159930237,-0.2059971111859,0.0405611964553,0.2487494735310,0.4083003062465,0.2342645763082,0.2646659286262,-0.0248087704602,0.1369672431842,-0.1090491814454,-0.1803152583786,0.0959385576753,-0.1214908144443,0.0665349762345,-0.1389347086756,0.0165741942629,-0.1492935928453,-0.1935660984384,0.2895755375471,-0.0971122216859,0.0062907502112,-0.0964613898440,0.2815200837757,0.0756271522196,-0.1153604784458,0.1235732623917,0.4088418208787,0.2953454633792,0.3376341316690,0.3513429757901,0.1379849045956,0.2281203802493,-0.1772918993282,-0.2663203681064,0.4199257057475,-0.0753658380388,-0.1024964154892,-0.1200950388475,0.2154203185914
-0.1449941476840,0.1191775702666,-0.0686636144385,0.1870110137159,-0.2496223453950,-0.2540396308505,0.0333591839256,1.0000000000000,0.6810041877751,0.0433708188673,0.1310889810892,0.2671253350409,0.2956593040351,-0.1641813799235,-0.3412231484049,0.2412984362674,0.2523324357544,0.3691846966704,0.5406392597131,0.4264102676320,0.2184122840895,0.1732569751297,0.1221287452343,0.3438144202403,0.4782367793373,0.1653518691038,0.3483416794936,0.0658298080417,-0.1264899147666,-0.1381352284897,0.1071791790659,0.1859889079563,0.2780729361819,0.0286464082355,0.2336557813470,0.3127646855938,-0.0315074075582,0.1499521889264,-0.2216446731231,-0.0876089231689,-0.2411597052319,-0.0185458452854,-0.1375822190795,0.2324949343784,0.3045176542124,0.1915715657138,-0.0027845726489,-0.1437124702762,-0.2612322679920,-0.1341229666563,-0.3064258341776,-0.0326018701355,-0.0302118415101,0.0505773810744,-0.1614003110519,0.1090447542296,0.0689816089459,0.6181717272809,0.7570434321209,0.7262402831125,-0.0711043196471,0.0164413693289,0.1269874278028,0.2135585419980,-0.0335178579478,-0.2456867569685,0.3046014491631,0.1794422154826,0.1585670540060,0.5865999546712,0.2548650639732,0.1104534647684,0.4344140530450,0.5498373969155,0.2974414342256,0.2241722008350,0.3439453087102,0.0242496337456,-0.2744209995014,0.2219390572734,0.2519584105359,0.3820932373839,-0.3950457401944,-0.0160220131935,0.1713983374895,-0.0495174822940,-0.0404431822595,0.1121864503739,-0.2811928191788,0.2295646991743,-0.1919521684377,-0.1709607541160,0.0850458853571,0.0234650122098,0.1211216947142,-0.1953073060207,-0.3094635602654,0.0064908421523,-0.3107233608764,-0.0006116103753
-0.1487129521056,-0.0501692663200,-0.0776948969488,0.0606266084506,-0.0616836703957,-0.1150121508495,-0.0007179865071,0.6810041877751,1.0000000000000,0.2735829610239,0.0931507651758,0.3171458917295,0.3530132125254,-0.2544807679930,-0.3387821660764,0.0837251326390,0.2974362176293,0.2783791388050,0.4725240562187,0.4032841115784,0.0676739999091,0.3505107426122,0.1512440459019,0.5582941311463,0.4858637376901,0.1415095199738,0.2822298752753,-0.0350443549664,-0.2222905387401,-0.1477238595235,0.2646350513251,0.1673952088818,0.1671348376837,-0.0637293357245,0.1778139840684,0.1700119225403,0.0384105307705,0.0934497942712,-0.1076892958560,-0.0744980614621,-0.1663348269112,0.0561064678378,-0.2941284362201,0.1794720844142,0.0015163003470,0.1685135675552,0.0040522970564,-0.1311498186727,-0.3342311253567,-0.0737008864156,-0.3099923192254,-0.2683324463111,-0.1229163217160,0.0665552549020,0.0048812675867,0.0011528772031,0.0738515200943,0.2666194637935,0.6735471323775,0.8571037537327,0.1613199041385,0.1220047388903,0.3023850779767,0.3438746825677,-0.1691498231443,-0.2387815194897,0.0756140027189,0.1341131804345,-0.0772257113608,0.5256447161216,0.2548764467699,0.2582271155152,0.5583739517764,0.5079231856867,0.1995403095416,0.2180389165399,0.2010359360124,-0.0782375890876,-0.2404983130753,0.2142050463627,0.2380643069848,0.2622518616323,-0.3304031923346,-0.1079212087451,0.0050472942962,-0.1243475828494,0.0271049109753,0.1676133144559,-0.2412409836175,0.0875081806881,-0.0954328773669,-0.1826648285553,0.0284495785949,-0.0392432765611,0.2107986275865,-0.1001376903893,-0.3183768952661,0.0250088523939,-0.0838545689562,0.0289911707436
0.3154723441323,-0.0091086638419,0.0861356638510,-0.2012897910942,0.2084884302523,0.4756454336447,-0.0832877678859,0.0433708188673,0.2735829610239,1.0000000000000,0.4339153558409,0.6617874418412,0.4553195552507,0.3598796943925,0.0213942432511,-0.1269749119504,0.2404992496477,0.1421695280986,-0.1571866322515,-0.0514733724783,0.1906666843278,0.6839107700638,0.4797734859491,0.3218810038358,-0.0408793080776,0.2899078933075,0.3444160691689,-0.0185782693988,-0.1838769127355,-0.0002391688732,-0.1648584070181,0.3577293127581,0.2024305680806,0.1035549723464,-0.1192703900489,-0.0550222020376,-0.0188010835874,-0.2482697681522,-0.1697999565687,-0.1115365401383,0.0935356822144,0.1342963436619,-0.3226199806477,-0.0915267033182,-0.3293889735363,0.2740639985961,0.3145096128953,0.0597623672662,-0.1643334932050,0.3485415565192,0.2197280873409,-0.1497264201977,-0.2077744358761,0.1372464793197,0.2515003508077,-0.2014110050546,0.2219253211210,0.1258268320059,0.0641842345314,0.1508593309404,0.6895765059522,0.4703106740084,0.5727710400050,0.3330037834689,0.2295301638378,-0.0420765139022,-0.1567242313661,0.2910754530175,-0.0411213366588,-0.0350070514525,0.4192557641838,0.5534802878630,0.3080643213373,0.1424318275020,-0.3256503137300,0.1225868303115,0.0204635139571,-0.0635038779690,-0.1185313924413,0.0795186573926,0.2777668990841,0.1910785902031,-0.1269271008982,-0.2561422766972,-0.1994349982060,0.0069478655211,-0.0863567208659,-0.0890274714839,-0.2669157622578,-0.2967133826156,-0.2068564076550,-0.2215124772437,-0.1699266202847,0.0451098754749,0.2142995186202,0.0853407854491,-0.0684738565036,0.0765220604202,0.3506563166260,0.3548989132051
0.2748159328206,0.0447753596455,0.1220119896269,0.1843201172076,-0.1061565108296,0.4221124397370,0.1638070619956,0.1310889810892,0.0931507651758,0.4339153558409,1.0000000000000,0.7295802006532,0.4685668546943,0.2214969547136,0.1466351566400,0.2068821441953,0.2912926180371,0.3314025358973,0.0707056635347,0.0989764802667,0.4900962516697,0.2336656649941,0.5665886699821,0.3450538578713,0.1365467081837,0.3113535700404,0.6383488836625,-0.0464884944759,0.0212376555248,-0.4247330717324,-0.1282699649034,0.1647218339864,0.2966949265266,-0.1221933129574,-0.0251133518753,0.1454457015004,-0.0615405180017,-0.0613614680055,-0.1414660245903,-0.0703950087349,0.0586565658941,-0.0115949393498,0.0487029097900,0.0810487355954,0.1295288067035,0.1355117792139,0.0126396886020,0.3444900799316,-0.1379936448089,0.2378799364091,0.0725568649559,0.1258904639666,0.1119551692824,0.3019418816551,0.0291140084194,0.0401297782980,0.3119661369398,0.2616145743768,-0.0232735964903,0.0559205001753,0.0495571469882,0.7722333612068,0.3514549373868,0.2908756011523,0.3364064829828,0.3045333159206,0.0713151232163,0.3775379885065,0.2686026473258,0.1512003270218,0.4769931569363,0.4555360630637,0.4703129872341,0.3049925716886,-0.0488428060229,0.0464922040837,0.3988502682611,-0.0771331640722,-0.1793667614369,0.0991591389408,0.0344339846678,0.2398271568213,-0.3423917207544,-0.0133147723262,0.0862326932765,-0.1572714996775,-0.0748622149399,-0.1117754134101,-0.0391068348870,-0.0126945192959,-0.1301561795589,-0.0676038919914,-0.0344922096474,0.0151367015130,-0.1460512624054,0.2499163273597,-0.2490599687294,-0.0582594979412,-0.1714660074462,0.4105891176241
0.2722308676422,-0.0883496800428,0.0156783579019,-0.0009799647922,0.0096964877083,0.3053723689600,-0.0471844410976,0.2671253350409,0.3171458917295,0.6617874418412,0.7295802006532,1.0000000000000,0.5936212417848,0.1944483285904,-0.1031039072395,0.0148529220512,0.3930925939897,0.3430035355519,0.0807088697555,0.0146154904485,0.3862680157094,0.5516906127604,0.7408432937332,0.4897416617611,0.1246893093223,0.3135340853958,0.5618496963913,-0.0722412868641,-0.0611286201674,-0.3556088682616,-0.2108855016910,0.2077896137122,0.1509060400007,-0.0529853745333,-0.0826526424414,0.1209750148380,-0.1195761897274,-0.2691895711301,-0.3486271586351,-0.2395563028738,0.0226870831147,0.0214972064191,-0.2311589281676,-0.1281428855449,-0.1123036563897,0.2827221538890,0.0333625740149,0.1068077175506,-0.2131037365475,0.1489662015538,0.0820949296853,-0.1185527889345,-0.0315436054183,0.1153154594487,0.0390888201346,-0.1089000314467,0.3709000708962,0.3503677629285,0.1601509365110,0.2349721035536,0.4168989750106,0.6757940443688,0.7451514854422,0.4988301969844,0.2327751523328,0.1631980258785,-0.0465313116725,0.4575169441914,0.2003681620255,0.1983579901930,0.7063759237544,0.7373282825692,0.5921336427782,0.4855176916636,-0.0884959145731,0.1632242288443,0.2890897557054,-0.0927217001436,-0.1520465932109,0.0904160903422,0.2117123712283,0.2878250467033,-0.4293262989136,-0.2166531802406,-0.0885645122572,-0.0964690561517,-0.1494233152658,-0.1442270712315,-0.1611655018361,-0.2011130206669,-0.2900587211076,-0.2639547417394,-0.2051687468062,0.0050017483090,0.0614720345096,0.0885560116426,-0.2479578995884,0.0955590192293,-0.0097029243169,0.4673687707561
0.1714157803588,0.0386881334451,0.0406230829767,0.1926725866925,-0.0027514923941,0.1501238876282,0.1511003281932,0.2956593040351,0.3530132125254,0.4553195552507,0.4685668546943,0.5936212417848,1.0000000000000,0.0236583621958,-0.0564731715895,-0.0680082105839,0.6014763854765,0.2096748890942,0.0761793612558,0.1460585792989,0.4168033239981,0.2756024606383,0.4049904414206,0.3659867662174,0.2374560033184,0.2454737256864,0.4196382891865,-0.0674365734041,-0.1176301380961,-0.2413741047063,0.0116197740180,0.1918186489793,0.3041230452140,-0.0388977104983,-0.0792255884958,-0.0597879532739,-0.1449938350116,-0.0313305937838,-0.2085743089039,-0.1766398727558,-0.0075618562585,0.0994619189188,-0.2655410408767,0.0905203105106,-0.0953965618041,0.1299262316187,0.0736441312071,0.0272099882346,-0.2188972777967,0.2489996275420,-0.0530055778357,-0.1312768165965,0.0705993722392,0.1692941975169,0.0461579110195,0.1089956853552,0.4921014950963,0.1770106130611,0.1864212972474,0.3199094844964,0.2294390139057,0.5455891312375,0.5913285745446,0.8355170317840,0.0130291663228,-0.0538338257939,-0.0908204884645,0.5040041481026,-0.0417735090203,0.2811413767993,0.3979628381881,0.4204314291743,0.4405460574905,0.3506483655283,-0.0857075688780,0.1006478827459,0.2444372408533,-0.0842892386187,-0.1999396986106,0.1700558173504,0.1888877659447,0.3195302620375,-0.3817750013123,-0.2528212107107,-0.0680279243965,0.0192828403542,-0.1493488997010,-0.0664451524062,-0.1805245453929,0.0203660328825,-0.1494855278869,-0.1366276183993,0.0600577022786,-0.0655479934686,0.1276163634067,0.0583903427124,-0.3521855853829,0.0096268643626,0.0658475993586,0.3149120979492
0.6771471894906,0.2524103830083,0.2957881780607,-0.0149460454910,0.4923853190356,0.5559825165689,0.0918825252072,-0.1641813799235,-0.2544807679930,0.3598796943925,0.2214969547136,0.1944483285904,0.0236583621958,1.0000000000000,0.4302708161008,0.1494391822859,0.0672906485070,0.3092014204545,-0.3968938763294,0.0487534106568,0.0655870910951,0.2854065319605,0.3231425629877,0.0970573503117,-0.1756201029136,0.2406441434104,0.1940713918781,0.2380690430342,0.0189171884752,0.2611580119338,-0.1637637428678,0.4444945892019,0.2364230632043,0.3151608582661,-0.1581011101777,-0.0605375995622,0.0154743193705,-0.1750254934954,-0.0990906329605,0.0544617291606,0.1842098274447,0.1604029538083,0.0135079094719,-0.1825876924444,-0.1127105915445,0.2614934482546,0.3144448406491,0.3106680716628,0.3678747360816,0.2449969495683,0.7073849763744,0.1552765396542,0.1419667437077,0.2096485278412,0.3814321816723,-0.0090560216403,0.2801279213553,0.0742870372990,-0.3195433617044,-0.3218259329775,0.2113909496554,0.2558185301747,0.0892921999244,-0.1832751545809,0.5385504192927,0.1199756560518,-0.1316893767415,0.3607346738644,0.0259937436633,-0.0433287763071,0.0613184387613,0.2303849182198,0.0633841324158,-0.1170043576018,-0.5202959418540,-0.2289371406668,-0.1036252768544,0.1632134996352,0.0155880932494,0.1927810371801,0.0527493208707,0.0234331582807,0.0478769782852,-0.2316670501647,-0.3085946706125,0.2484760164760,-0.1142420049312,-0.2644338270632,-0.2755873380498,-0.2616028896026,-0.1831310115219,-0.0899603997544,-0.3027420945644,0.2299946936844,-0.1463894851393,0.1909862996545,0.3257225152888,-0.1813170448195,0.1864581858933,0.1457641045078
0.3255881203393,0.3727827172025,0.1941969750309,0.1869258734412,0.1655486202385,0.4825026657655,0.4968983121532,-0.3412231484049,-0.3387821660764,0.0213942432511,0.1466351566400,-0.1031039072395,-0.0564731715895,0.4302708161008,1.0000000000000,0.2277978960102,0.0719554090356,0.1077620045245,-0.2693121381774,0.1456390401208,0.1977567794080,-0.2303414784871,-0.0902379113952,0.0013691240809,-0.0970117654452,0.1121669704479,0.0299124311812,-0.0621160776521,-0.0614427707839,-0.0919571177452,0.1367227397286,0.0110861806347,0.1558878553451,-0.0227142277746,0.0951776977867,0.0042671786972,0.2615510322632,0.3068519416601,0.5117097922615,0.3063856176550,0.1164253419481,0.0414124271363,0.5220592144804,0.2898495012935,0.2256484936057,-0.1877108906060,0.0012451609570,0.5527097662524,0.1477490077761,0.5562530246717,0.3792454583150,0.2489011044462,0.2938916511291,0.2673452061319,0.4473000301151,0.2098468269410,-0.0116896052688,-0.2764781289426,-0.4259233618467,-0.3606750749145,-0.2053144653020,0.2053143732040,-0.3089866903347,-0.2646915508357,0.3227857218827,0.5520900110071,0.0293789816414,0.1398924009961,0.0519297722580,-0.1414717623627,-0.2927588983490,-0.1940142679573,-0.0418764970976,-0.3713990307073,-0.3183552854118,-0.2437902371837,-0.0818978157371,-0.0167346920381,-0.1518597098773,0.0775827757762,-0.2607333820261,-0.1366145486309,0.2048901978281,0.2647227573165,0.0466634714000,0.0043086169396,0.2098498950925,0.2556213508643,0.3117882317480,0.2126850908728,0.4801509472904,0.3520942063790,0.3258604234730,0.0013822312409,-0.3058603539558,0.4888936775456,0.0454646298369,-0.1738355170858,0.0854847470538,0.0875603753946
0.0715563188832,0.2137982861292,0.2843612436077,0.4993874500472,-0.0554920179547,0.1119673602885,0.4751536037500,0.2412984362674,0.0837251326390,-0.1269749119504,0.2068821441953,0.0148529220512,-0.0680082105839,0.1494391822859,0.2277978960102,1.0000000000000,0.1405617745494,0.4286943462656,0.3692100105228,0.5922575273810,0.1141586492020,-0.1072857235616,0.1296385511962,0.2103805679477,0.2703495435573,0.3129553424419,0.3595805668225,-0.1988051933111,-0.2130797973915,-0.2946663409176,0.5430049600962,0.3717863838111,0.4234465971990,-0.0123915900108,0.6403187611565,0.6785450133233,0.2708076745331,0.3896635917867,0.2303026681062,0.1321017946433,-0.2365342271698,-0.0263254563704,0.5846141759494,0.2017133506120,0.4130527716252,0.0061253597434,0.0715895332250,0.4154193054861,-0.0594109488704,-0.0421166847913,-0.0207051064108,0.2225569412811,0.4321499078573,0.3358289295421,0.1396030134967,0.3455128841139,-0.0111019138532,0.1879968210445,0.2532869030329,0.1430901457247,-0.2205499747230,0.0799065570345,-0.2406983153536,-0.1788915868865,0.1806803358813,0.4212724318615,0.6823972070627,0.1762429271479,0.3294042358979,0.3747223529118,-0.0186361553932,-0.0053090594838,0.2311621581237,0.1205429555584,0.3441369461498,0.1412303137264,0.2911023785670,-0.2509176995641,-0.3495693538788,0.5115003699554,0.2184237385640,0.2405827613835,-0.1065487858145,0.5823096503906,0.2472558639229,-0.2412682107070,0.2441753868812,0.4684499401726,0.2121046564641,0.4913226880694,0.1341581784806,-0.0317724661984,0.1369688433058,-0.1384944657971,-0.3240286119085,0.2489430246584,-0.1455504498645,-0.1725896557960,-0.2643996342389,-0.0563433703269
0.0077740231333,-0.0347031940522,0.0120058772419,0.3051372571896,0.0575168324254,0.0608509499409,0.2946003890696,0.2523324357544,0.2974362176293,0.2404992496477,0.2912926180371,0.3930925939897,0.6014763854765,0.0672906485070,0.0719554090356,0.1405617745494,1.0000000000000,0.4468135211262,0.0828993219858,0.3315819670656,0.4150016290732,0.1913827935469,0.3019780659474,0.5391924549235,0.1633271383227,0.2160853892887,0.3199158990421,-0.0087495982287,0.0449745735117,-0.1274561886192,0.4016169807464,0.2538504779334,0.3887832968550,-0.1228346678083,0.1506954467800,-0.0443553709224,0.1023315899832,0.2462315369735,0.0163901391481,-0.0763607504416,0.0449181616151,0.0161270621595,-0.1720941357485,0.1179776284632,-0.0962421123775,0.0789787341667,-0.0207254146631,0.2208709259995,0.0009247335866,0.1687592827983,-0.1665476912200,-0.1560580006967,0.1839286522591,0.1349637496902,0.1129370112452,0.0546956558300,0.3349486876175,-0.0190565251926,0.1562154013549,0.1622515451887,0.0668268591965,0.4389245983029,0.3616880773365,0.4163028040343,-0.0702498345280,0.0476444640631,-0.1633651344686,0.6215021158386,-0.1782018790515,0.3738206832191,0.3634258618922,0.3404222813769,0.4984827302076,0.2654258943247,-0.0281555435795,-0.0240114484479,0.1212403787635,-0.0767916295941,-0.1322522169350,0.3830126587339,0.1890176806071,0.1945998218152,-0.3461826164542,-0.2568014872774,-0.2352975505855,-0.0001065303464,0.1447604054009,0.0242809781126,-0.0851088003904,0.1430234163076,0.0467854016669,-0.0756491027645,0.0582083128137,-0.0217059906542,-0.0145161949692,0.2324226880961,-0.1417659642143,0.1514030866912,-0.0582940639970,0.2813194967305
0.3584907879609,-0.1393654044475,0.1174734677675,0.1047806782263,0.3131559291737,0.2693517101516,0.2183087211543,0.3691846966704,0.2783791388050,0.1421695280986,0.3314025358973,0.3430035355519,0.2096748890942,0.3092014204545,0.1077620045245,0.4286943462656,0.4468135211262,1.0000000000000,-0.0202361956781,0.6220339508865,0.3052157850369,0.1965739219229,0.4658614727951,0.5656718421016,0.4624514123403,0.2972563656958,0.3616974793959,-0.0322641911446,-0.2080466508184,-0.2506834520232,0.3148090529802,0.3757422104541,0.3486231183308,0.1237404461834,0.1485474748435,0.1530626292555,0.2462781896921,0.1049235256265,0.0533842162105,-0.0413592277730,-0.0914653846207,0.2591608497876,0.0748445894351,0.1813392576081,0.1876465981567,0.3138788574987,0.1777538256093,0.3887784095533,0.0354777365796,0.1265175846141,0.2709861847715,-0.1702398645544,0.1675392101547,0.2345900854015,0.2573956136303,0.0622458539048,0.3681766975994,0.3212488249858,0.0978267769930,0.1446984603086,0.0160918278823,0.3323699679132,0.1338386338459,0.0598698822711,0.0847785927199,0.1567444276015,0.0837883585247,0.6268661037732,0.0781693650102,0.6077417899112,0.3179041248425,0.2771392207597,0.5490920070645,0.3970701507770,-0.0114947192271,-0.0506012127476,0.2536552156989,-0.1032870320912,-0.3529582670982,0.6510165464317,0.1373460607032,0.2572422966366,-0.3022812933819,-0.0154756515151,0.0058108457930,0.1227723437599,0.2260298072621,0.0446095088256,-0.0417657222474,0.1544652571096,0.0010189844474,-0.0922082964002,0.0220326522217,0.1112840823987,-0.0746209754378,0.2670895409718,-0.0995373683134,-0.2137761163088,-0.0514407286502,0.2285784945099
-0.4182314759895,0.2145741471795,-0.1378288507261,0.4138006615435,-0.4699954946723,-0.2907958324271,0.1162082802130,0.5406392597131,0.4725240562187,-0.1571866322515,0.0707056635347,0.0807088697555,0.0761793612558,-0.3968938763294,-0.2693121381774,0.3692100105228,0.0828993219858,-0.0202361956781,1.0000000000000,0.2167549314817,0.0127406782298,-0.0365752998918,-0.0176028941350,0.1693835603062,0.3227216484122,0.1318059213262,0.2901738522109,-0.2229840910223,-0.0829247551801,-0.2922199586191,0.2720133434865,-0.0576224429637,0.1280274075205,-0.1729366091203,0.2299729749891,0.6049655948084,-0.1303766323213,0.2175074063553,-0.1291212026085,-0.0089497943339,-0.2867717865639,-0.1564830072853,0.0945558052856,0.2482326784306,0.3269975793093,-0.0819255379696,-0.1476211786641,-0.1534980693526,-0.3726947528996,-0.2412126599449,-0.5398085934232,0.0083268019058,0.2164319496811,0.0805138244679,-0.1909475693922,0.2284318937779,-0.2861649735565,0.3678593885546,0.7964854196003,0.7114013035513,-0.3046563085556,-0.1066812247446,-0.1093865710372,0.1192989422013,0.0521816748762,0.0037584603679,0.6089807971251,-0.2522994501898,0.5301020766471,0.3767061436156,0.0912601863101,0.0193156536255,0.1807082368400,0.3635738288605,0.6056947820426,0.5170608683455,0.4397943101801,-0.3059556821573,-0.1484285452509,0.0041729488882,0.2933594819499,0.3199589012614,-0.2646904405325,0.2944499951747,0.3807248308473,-0.5510995990558,-0.1048995095794,0.2121188732268,-0.0084757333985,0.3120831307673,-0.1246031984423,-0.1603109448700,0.2118114991853,-0.2946235329396,-0.0035779499764,-0.2027211140853,-0.2774533840408,0.0130177642975,-0.3684152508153,-0.1058465137527
0.1490471562523,-0.0464574190578,0.1904947854263,0.2313201467001,0.1035386658578,0.0958686852887,0.3664591314386,0.4264102676320,0.4032841115784,-0.0514733724783,0.0989764802667,0.0146154904485,0.1460585792989,0.0487534106568,0.1456390401208,0.5922575273810,0.3315819670656,0.6220339508865,0.2167549314817,1.0000000000000,0.2725210159850,0.0350592144537,0.1749241305341,0.4234849222669,0.6965770187489,0.4517717048164,0.4117032061626,-0.0557163433049,-0.2449207757791,-0.1845654890784,0.6545970386764,0.4851845585021,0.6179761172911,0.1211078077174,0.4260267541651,0.3222794922652,0.3330518202934,0.5217800362000,0.2764959418175,0.1215809723566,-0.0981566484894,0.3083523817191,0.2949303842914,0.5447546556790,0.4486719911331,0.2474951140260,0.1965353029752,0.3265369520004,-0.0538862191673,0.1549056623484,0.0201043117439,-0.0784809098969,0.1845665537740,0.3421643884129,0.2201637265725,0.2366311329088,0.1706426549574,0.1709374347634,0.2752629553271,0.3224313387385,-0.2265756353245,0.1182571154411,-0.1817747060653,-0.0295175541766,-0.1026880434420,0.0291042454781,0.2915448928466,0.2693491283727,-0.0193299592581,0.7017800999067,-0.0644923028736,-0.0271860868446,0.3482300324260,0.2778776215536,0.2184565216117,0.0518261538539,0.3536461967733,-0.1601287761450,-0.4061576786862,0.5897484263647,0.0979282469833,0.2961733146927,-0.2199427838696,0.2683046646547,0.2237958166778,0.0001400260105,0.2846232065970,0.3528162289023,0.0331887776660,0.5115813056712,0.1627076498831,-0.0195364745218,0.3462840678204,0.0421402033598,-0.1025050847774,0.2130869002820,-0.2354601536577,-0.2538491478916,-0.1133657824547,-0.0435388366004
0.2540989968972,-0.0236942876114,-0.2010452757882,0.2843902217428,0.0274932914811,0.0111344809523,0.1181579286351,0.2184122840895,0.0676739999091,0.1906666843278,0.4900962516697,0.3862680157094,0.4168033239981,0.0655870910951,0.1977567794080,0.1141586492020,0.4150016290732,0.3052157850369,0.0127406782298,0.2725210159850,1.0000000000000,0.1077954696304,0.4618637278054,0.3951734076522,0.4852917960614,0.1641491783185,0.4724934352502,-0.2052467373786,0.0458927896259,-0.3008206607974,0.1144947657501,0.1243291349321,0.3618799448860,0.0801397957560,-0.0465126617101,0.0381685081691,0.1384193376016,-0.1222134636054,-0.1933301814129,-0.2588855901168,0.0819876880971,0.3979293442818,0.1726978744996,0.2413875084531,0.3274956381983,0.3208225803688,0.2086570347321,-0.0298979374088,-0.1108427307415,0.5873075892080,0.1361642719255,-0.0962328239285,0.2013342363191,-0.0263689242426,-0.0771886731777,0.2110614571713,0.2497513625188,0.1940194833476,-0.0254086986389,0.0437333817364,-0.0262423831674,0.4814779308732,0.2240726492492,0.2120158545833,-0.0498989793041,0.0417307547356,0.0269827440893,0.2956456113793,0.1848380140983,0.3428542341415,0.5261832781783,0.3577076359700,0.4077367046493,0.3646889892460,0.1030417087871,0.1941466923363,0.4963607462407,-0.2181900670586,-0.1984280294101,0.1987394385514,0.0799427517485,0.3911930371624,-0.3884928275809,-0.0203070575983,0.3033850184708,0.0937823470778,0.0780475901628,-0.0590692939561,0.1477514029904,0.0706700427014,-0.1869655075725,-0.2027705936071,0.1709815050486,0.0394814205230,0.2856924241406,-0.1118951778433,-0.2911051827670,0.1201569836090,0.0539126182464,0.4970921189415
0.1908279825277,-0.1304978455351,-0.0448184214756,-0.2046947928758,0.2635165595702,0.2720950500056,-0.2502533072546,0.1732569751297,0.3505107426122,0.6839107700638,0.2336656649941,0.5516906127604,0.2756024606383,0.2854065319605,-0.2303414784871,-0.1072857235616,0.1913827935469,0.1965739219229,-0.0365752998918,0.0350592144537,0.1077954696304,1.0000000000000,0.5543460387074,0.3612355316290,0.0586427440277,0.1433823482956,0.2481682994186,0.0459606565929,-0.0657872293468,0.1090604875783,-0.0713317523688,0.3102298721862,0.1336267715742,0.0934192168849,-0.1543223812160,-0.0158034760915,-0.0264926758204,-0.3526019465322,-0.3297290395362,-0.2367478538869,0.0830106898186,0.2621452680500,-0.3517460199201,-0.2273153756383,-0.1950525847620,0.5115819814942,0.3073096491112,-0.0366050347559,0.0550588387859,0.0187678195352,0.1667690297541,-0.3760716422112,-0.2405576803546,0.0258161946264,0.2264426893472,-0.2335010479421,0.2033468450950,0.2399132547051,0.1575373967324,0.2168839340223,0.5627721387993,0.2689632017399,0.5182419299521,0.2096613011502,0.0701782141073,-0.1823720844021,-0.1745156534322,0.1993189577094,-0.0559102819248,0.1165337689215,0.3978434972003,0.7134320515851,0.3147004209891,0.2604888533358,-0.1307143703555,0.1292900434465,0.0619664101038,-0.0176423200745,0.0619641405701,0.0853301713229,0.2999194934780,0.1915386463211,-0.1460748953404,-0.3214746453723,-0.1686857592724,0.0074332731356,-0.1204448285373,-0.1655481996504,-0.3213811897802,-0.3112036377534,-0.3471927737215,-0.3330739012035,-0.3276493846651,0.2033614450584,0.3436064303560,-0.0274283349832,0.1470353549323,0.0494717161058,0.3498820635436,0.2015842720149
0.4763108873666,-0.2004168821522,-0.0204241783259,0.0279897925853,0.3546851311506,0.2575060165145,-0.1012878452723,0.1221287452343,0.1512440459019,0.4797734859491,0.5665886699821,0.7408432937332,0.4049904414206,0.3231425629877,-0.0902379113952,0.1296385511962,0.3019780659474,0.4658614727951,-0.0176028941350,0.1749241305341,0.4618637278054,0.5543460387074,1.0000000000000,0.5457290025380,0.3434125537603,0.3916335886754,0.6295545799367,-0.1214842107525,-0.1830911263517,-0.3072013844101,-0.0591436006359,0.3450961918730,0.2028478326885,0.2193484265790,-0.1659556254865,0.1472002660336,0.1133470251794,-0.3699311469803,-0.3765152207249,-0.2163988279031,-0.0199144194321,0.3544526887680,-0.0408249308414,-0.1105514657568,0.0051332201386,0.6164475201483,0.2315199715180,0.0820436151063,-0.0257365708602,0.1290065683920,0.3642463053536,-0.2611619505976,0.1150623528751,0.0580118663393,0.1840857106782,0.0014223143125,0.5007373935002,0.3995005510074,0.0441840311465,0.1027924207950,0.3903150920703,0.5795096576644,0.5922883160314,0.3388783682567,0.1117884102134,0.1248429425327,0.0175133453544,0.4264219882099,0.2793264419116,0.3358252212395,0.6982659818542,0.8084752590150,0.5451086449722,0.5166429092008,0.0137849294344,0.2840496217267,0.4372539870323,-0.2147943216886,-0.2087696413841,0.2528340305715,0.3242620461009,0.3533952486481,-0.4052742541109,-0.1358799875863,0.0072759469043,0.0272795251151,-0.0049829693630,-0.2036793779503,-0.0731550766885,-0.1767893271288,-0.3621329518857,-0.3293422793129,-0.1936996161327,0.1424491140072,0.1729549304981,0.0241007121918,-0.1034119713556,0.0266372835805,0.1799661413098,0.3933274381751
0.1803849938607,-0.1505577347208,-0.0875872020647,0.1284619574155,0.2272700623054,0.0943260358800,0.0585176542090,0.3438144202403,0.5582941311463,0.3218810038358,0.3450538578713,0.4897416617611,0.3659867662174,0.0970573503117,0.0013691240809,0.2103805679477,0.5391924549235,0.5656718421016,0.1693835603062,0.4234849222669,0.3951734076522,0.3612355316290,0.5457290025380,1.0000000000000,0.4914266673415,0.2894522352239,0.5190338095739,-0.0315336749782,-0.1933304186855,-0.2175994623816,0.2707142783318,0.1970428070141,0.1533150066248,0.0823737344251,0.0992390052219,0.1978499726622,0.3947069010564,-0.0404632523608,-0.0368783076533,-0.0162958114873,-0.0522424737825,0.1972888082000,-0.0166180714254,0.0776865054614,-0.0337479178791,0.3902517506121,-0.0028958879280,0.1452547485224,-0.0839365984548,0.0948569592174,0.0823516379976,-0.3412257817667,0.0897285211681,0.0461206487827,0.2180838790114,0.0257785243784,0.3535570750456,0.2853820453961,0.2610690247786,0.4263383539643,0.2199215370958,0.4614110072712,0.4343885066855,0.2825899180846,-0.0680197685673,0.0993114986894,0.0345860394472,0.4890715827669,0.0870607601375,0.5924958303893,0.4854026616262,0.5256592500623,0.8397459463137,0.5726006005093,0.1066758684241,0.0881708781341,0.3311936512494,-0.0855751421752,-0.2622923905631,0.4318593885515,0.1395635494834,0.2025845620543,-0.2907381666191,-0.0509129364969,-0.0949434737378,0.0198973658114,0.3433407983913,0.1255333400135,0.0118164344933,0.0666013120428,0.0074449169451,-0.0755768181971,0.0035164044259,0.1532380587619,0.0941699423096,0.1688361085767,-0.1523931860461,0.0419615704346,0.0520046684978,0.3135895728247
