1.0000000000000,0.3321273690413,0.3776073680948,0.5194113592266,0.7392416042061,0.4703604023127,0.4447003759181,0.0326109879375,-0.1894819146353,0.2600637706939,0.3739261931958,0.2220655338342,0.1274006545379,0.7685239758807,0.6079032729372,0.0872914918038,0.1751781323256,0.1761015850988,0.0186084924709,0.3437639264760,0.4085195997248,0.2086791023284,0.3975055754329,0.2159269980288,0.1964407237985,0.3979125729445,0.2760336709349,0.1314923663211,0.0187164541186,0.2008189652127,0.2302015850987,0.4455809881323,0.1306829269158,0.4108900799435,0.1573426042383,-0.0407680509839,0.2966733300676,0.3460362474770,0.2812192570176,0.3774938051187,0.3442084862945,0.4888673682690,0.4243061360279,0.3415825911413,0.3769680576732,0.2415009639777,0.2171292956321,0.5540834046000,0.5604419238655,0.4438007271734,0.6334221605796,0.0796108495255,0.4679737717410,0.5488259785522,0.4766802300232,0.2561335963441,0.0602541777387,0.1262952744350,-0.1125887876541,-0.0685103450852,-0.0357813477318,0.1840185098199,-0.1900103578896,-0.2936623343979,0.1338268580946,0.1768972141340,-0.1059114447128,0.0061946739603,-0.2516868137070,0.1392557126644,-0.1257038094127,0.0427111570029,0.0592102338747,0.1041934471266,-0.2118894495616,-0.1775200512493,0.0601188119556,0.3483724377290,-0.1106490470145,0.0817775780596,-0.2733221915844,-0.1096270201877,-0.0658054713286,0.1171975706662,-0.0261112660614,-0.0595333632520,0.2841666636774,0.3596911762446,0.0938835795302,0.2377450943689,0.2176432648288,0.1715719453375,0.2297403842179,-0.0008504836550,-0.4109095043537,0.4043147444048,0.0214592438834,0.0084169825448,0.0016692519744,-0.0744625339672
0.3321273690413,1.0000000000000,0.2600082684168,0.1891658596745,0.1187296592987,0.1822571345821,0.1369949897204,-0.1381189283901,-0.3193333134321,0.2124522880580,0.1094200465755,0.0344359933324,-0.1818503335173,0.5617356185533,0.2004566863406,-0.1341053943644,-0.1858272316259,-0.0453047640703,-0.1715776161492,-0.0565826987404,-0.0153836018354,0.2039242311065,-0.0438381083029,-0.1857352460891,-0.1033860846254,0.2236766156843,-0.1470641243430,0.2856162022567,0.1917210272451,0.4861811306546,-0.2201407759587,-0.0686189764811,-0.2964695017044,0.0777533392418,-0.0265822794643,-0.1670167385667,-0.1726568358014,0.2799497678702,-0.2533748327077,0.0957012310899,0.3611717229913,0.1640763520787,-0.1683090459499,0.3609238700165,0.1093532329893,-0.1776547851965,-0.1378499366149,-0.1440574049727,0.5245628346273,0.0665101426580,0.3843098038895,0.7703414123154,0.1906025946719,0.2078115010835,0.2351656925691,0.0440833071703,-0.0781254763951,0.2557264543310,-0.1951696864106,-0.2771502668749,0.0881825837169,-0.0775212829514,-0.0725632805475,-0.3023509165904,0.5395634371145,-0.3356572508723,-0.2389141669086,-0.1089668462149,-0.2010042881897,-0.0351421599142,-0.0271697668003,-0.0433920949686,-0.1007810296916,-0.0758999400376,-0.2011057912942,0.0260333529959,-0.2594458035374,0.2344441902526,0.3332970136753,-0.3185162517427,-0.3781705339103,-0.3326486202176,-0.0228589060349,-0.3608917518129,-0.0134569706138,-0.0724666832902,-0.1333332268797,-0.1132164847648,-0.2757992037118,0.2585068830120,-0.2243944381074,-0.0480149392080,0.4565458789415,0.0353028412476,-0.1261169529887,-0.1588375441500,0.6527104276031,-0.1579697092383,-0.0274493213372,-0.0113747403695
0.3776073680948,0.2600082684168,1.0000000000000,0.3520209249975,0.4789251921314,0.6105245821000,0.0940452045575,0.2071100841342,-0.1239084894388,0.3059078390754,0.1389125667133,0.1245375797832,0.0046981813450,0.1522491736395,0.0634182296278,-0.1618297264367,-0.1507116538917,0.2321812821613,-0.2228507170796,0.0749349409257,-0.1053191983198,0.1301151800218,0.1051377119615,0.0456208348291,0.0126557146307,-0.1474198802552,-0.0642448036667,0.0275381114245,-0.3857823775238,-0.2069211915825,-0.1865621051063,-0.0467905137131,-0.0335671428908,-0.0795806944892,-0.0011414133076,-0.1265349936896,0.1975537519291,-0.0578427671823,0.0984359752839,0.0428258417541,-0.1620324159203,0.2991447215137,-0.1178508615569,-0.1588213708405,-0.0588297625576,0.0940775672982,0.0241116962976,0.3066723451677,0.0386261358742,0.0556666051662,0.4471321816907,0.3714274351982,0.3571819705298,0.7351253601548,0.5522043551852,0.2303186894242,0.1767693045376,0.1858871252973,0.1543732738066,-0.0413424642647,0.3267764975084,0.0890100274129,0.0665803398816,-0.0592869819823,0.1674367084571,0.0587039619074,-0.0489373175838,0.0598826847349,-0.0488104472356,0.2073395249504,0.0280407099614,0.0861861916252,0.3010464784528,0.1426832636446,0.1099097482464,-0.2920364158034,0.0232449319704,0.0936180791843,-0.3098613538822,0.0892323945392,0.0311933159509,0.0757145654653,-0.1159729960428,-0.0224734443430,-0.0497548746408,0.2306999660386,0.2741913838439,0.0723499675279,0.0534686177014,-0.1452473910837,0.1266608068678,-0.0734273122869,-0.1923078057956,0.3194035660024,0.1711747044636,0.1887679325959,0.0248156962411,-0.1312091773364,0.0940558816360,0.0615270082833
0.5194113592266,0.1891658596745,0.3520209249975,1.0000000000000,0.6021588583535,0.5225580024738,0.8281638181593,0.3739102401385,0.2060706075288,0.1061917391239,0.3446425572118,0.2373578680743,0.1827860973358,0.4325907128813,0.4873200556719,0.2061326746625,0.2154338256788,0.2794136666686,0.0965334470409,0.3825790439716,0.2411480393293,-0.0506775009081,0.2273326729144,0.1117684302596,0.2314134926373,0.2660626678048,0.2164125839797,-0.1203064961289,-0.1087187469809,0.0182185053695,0.2551176330495,0.3668188777459,0.2399056803647,0.1959282547771,0.1875730734268,-0.0414708635423,0.0656362839636,0.2944227056507,0.2462033011205,0.2709447154004,0.1461475769429,0.3721175510613,0.3369067296999,0.2475888558078,0.3229498638754,0.0594878358408,0.3054951160832,0.5775949600969,0.2867775318601,0.2653929959160,0.4217384690627,-0.0571786293707,0.7655554258979,0.6600611184408,0.6788138752873,0.7235882724359,0.2026573750470,0.4270678908919,0.3350506880156,0.2791767546591,-0.1099588468993,0.1131377620730,-0.0104494066662,-0.0876026727375,0.2000811828190,0.2373158538153,0.2367130808248,0.2063344345942,-0.0302119802191,0.3128469346159,-0.1299430877146,-0.0178972304753,0.1043627107793,0.1977630062801,-0.0812186951811,-0.2363629266952,0.0361523798799,0.0128428091477,-0.2348960866802,0.1559622786390,-0.1374709613062,0.0431894502789,-0.2110379653300,0.0942483625184,-0.0671418167574,-0.0465391313454,0.0068760737997,0.3551427438941,-0.0654531564872,0.1290343762370,0.1117836425686,0.0332678916951,0.1014224924190,-0.0811047029443,-0.3129370030776,0.4348501414552,-0.0384674269299,-0.2548596769721,0.0382614652455,0.0649434316559
0.7392416042061,0.1187296592987,0.4789251921314,0.6021588583535,1.0000000000000,0.6582789980811,0.5120602068940,0.1591226495266,-0.0679886112930,0.2467906037738,0.3336485239427,0.2951419616660,0.2773449211556,0.4628184039372,0.3838722033674,0.0882192010790,0.1994536665335,0.2751092315869,-0.0386936527024,0.2671432720457,0.2027601092113,0.2204459425900,0.3700188673777,0.1624902901123,0.1397634277718,0.1432143661770,0.2526817559323,-0.0829597743872,-0.0845030040164,-0.0616569411721,0.2144202284942,0.3523067488700,0.2068663339729,0.2415252980621,0.1031015806200,-0.0997630905293,0.2527617409355,0.1438611502144,0.2265743566425,0.2825102419516,0.2545932164325,0.4942535856172,0.2998409221710,0.0546056296718,0.2010618481676,0.3264236848149,0.2946173850671,0.5731936918060,0.4160349671340,0.3561026082107,0.6664746487542,-0.0951580062879,0.5239796908294,0.6238880184516,0.6507175620037,0.4623180816092,0.2770446772174,0.2654898874390,0.0783984534180,0.0287091724446,0.0505542692119,0.2780874917274,-0.0138686557759,-0.0326665594907,0.1650010148533,0.1739593016450,0.0815954007003,0.1774617917111,-0.1851763369225,0.1699675676360,-0.1583788800788,0.1297543872527,0.1194835992380,0.1346110351928,-0.0177538076887,-0.2952131989024,0.1571397268808,0.1289655323172,-0.2035582711436,0.1959228307742,-0.0328391090739,0.0993513115654,-0.0092490899496,0.2119911320686,-0.1024452683098,0.0926298429692,0.2244864106983,0.3421522367251,0.0308440016430,0.0494578016408,0.1548098969376,0.1549362765509,-0.0653573325905,0.1037146057736,-0.2110087421345,0.3655178898671,-0.0432737797996,0.1623744043086,0.1756934502340,0.0070487713583
0.4703604023127,0.1822571345821,0.6105245821000,0.5225580024738,0.6582789980811,1.0000000000000,0.4447412169266,0.1194762516123,-0.0706794844498,0.4749413218692,0.3536984898927,0.2613656286468,0.1814004115640,0.3308966135869,0.3039644040466,0.1013144694991,0.1347972478627,0.2927411580244,-0.0046632617701,0.2661349089207,0.1033155927560,0.3145557569814,0.3339110574412,0.2532307932182,0.1240886325129,0.0735533708646,0.1403302776943,0.0367329816113,-0.2825150399896,-0.0422954720484,0.1823353906269,0.2180228573960,0.1603403948601,0.1854884057468,0.0622177972469,0.0138838816726,0.2788256703360,0.0798354833889,0.2608732143167,0.2552696853364,0.1693074320831,0.5249993115535,0.1979612015566,0.0343698930497,0.1896019689424,0.2905400791995,0.2223490170579,0.5505667987989,0.2874393724669,0.3292922042726,0.4520165461025,0.0864921882531,0.5148729314499,0.7463172653617,0.8414393415066,0.4178508074110,0.2299040759679,0.1984559176558,0.0134307202054,0.0159023985288,0.3678038115994,0.3851534630867,0.0286879677776,-0.1042733694606,0.2617855491819,0.2474132655175,0.0632808333035,0.1273994106836,-0.0947800255102,0.1742694244190,-0.1963072534270,0.1645330499565,0.2531744195486,0.1255841892521,-0.1377463739027,-0.3121758922993,0.0010600251024,0.1385580655503,-0.2631476131260,0.1992916193800,-0.1041682579071,0.0393120750305,0.0505863288914,0.0846866656443,-0.0139334991257,0.0164173307511,0.2586205519784,0.3116550138158,-0.0165502333865,-0.0236482008013,0.1763875273904,0.1218270074238,-0.0896103168730,0.2332891768186,-0.1176584872879,0.3830999356070,-0.0216424843050,0.1251379415890,0.2821690560768,0.0009890265915
0.4447003759181,0.1369949897204,0.0940452045575,0.8281638181593,0.5120602068940,0.4447412169266,1.0000000000000,0.1603641905661,0.1906568197024,0.1246930013359,0.3658060866351,0.2870458837697,0.1878560070438,0.4456935127036,0.4805128104951,0.4106655384757,0.3867553064597,0.1174063627685,0.2312861026565,0.4174794325453,0.4233757851086,0.0037951651654,0.2781871646314,0.2247574183727,0.2269301189768,0.3795880012432,0.2945844678650,-0.0852078650049,0.0911858871143,0.1305634111647,0.4368713335508,0.4550072017862,0.3209112876724,0.2873410751248,0.3441302376786,0.1178689043049,0.0401562925317,0.3658065980572,0.1936016191057,0.2468807522710,0.2839350465329,0.3402334027961,0.4692938102633,0.3179994089372,0.3743943635332,0.1169140988432,0.2888102801416,0.4507867858239,0.3449076311728,0.3447787781696,0.3193533668156,-0.1303064123343,0.6683123264507,0.5243527052637,0.5563085553419,0.7122444475543,0.1224939058300,0.3065003772587,0.1351308100218,0.2476738313552,-0.1453464334256,0.1442685234465,-0.0187451908472,-0.1392085134131,0.2178731574755,0.2839841058404,0.3324681824678,0.1519519406100,0.0646220577068,0.2579844149127,-0.0896688673834,0.0811986137428,0.0527678654550,0.1218515348364,-0.0925774067447,0.0275601315721,0.0450130088018,0.0190323446641,-0.1050808179767,0.1766857947938,-0.1534213784605,0.0477172594658,-0.1907225695073,0.2077235875373,0.0276422179809,-0.1524616458573,-0.0227200514456,0.5009163858907,-0.0036267763073,0.2354575817806,0.0835879525945,0.0252286353881,0.2060077079691,-0.2245047551923,-0.4085820144279,0.3538442041727,-0.0447190172068,-0.0914695688709,0.0792918786562,0.1207062680096
0.0326109879375,-0.1381189283901,0.2071100841342,0.3739102401385,0.1591226495266,0.1194762516123,0.1603641905661,1.0000000000000,0.6775198335607,-0.0992998303497,0.1277614946234,0.1574662584178,0.2627780452979,-0.1608170813263,-0.1207414022904,0.1225488569412,0.1786443431009,0.6398095586002,0.2609122282159,0.5280276065661,-0.0103456350451,-0.1110729838456,0.0969883249826,0.1719225969194,0.5036256580781,-0.0280662732212,0.1565266813575,-0.2988645355377,-0.2884221160915,-0.3847450334808,0.0065405517085,0.1359659772386,0.2373739799031,-0.2230394983591,0.0787448884283,0.1199130880245,0.0542473503920,0.0322528670258,0.0572330713681,-0.0840217572011,-0.2635166762409,0.0318616127616,-0.0781293930030,-0.1141168940100,0.0312122000258,-0.0501674121928,0.0598831699702,0.2400419861182,-0.2105960184167,-0.2134092930617,0.0132451785267,-0.1348117745696,0.2254078283801,0.2909380586901,0.1929991088613,0.2780005798272,0.4313352629755,0.4601609205010,0.7760794603714,0.6726637671790,-0.0415349335501,0.0593344256513,0.1684413523553,0.2536336194171,-0.1595426954989,0.0226125432658,0.3532653813308,0.4926210179099,0.3287781350917,0.6219183959198,0.2009507895585,0.0872195086675,0.4716386003946,0.5889407688537,0.3690645395374,-0.1190642299785,0.4165205211110,-0.2239093150681,-0.3343579997022,0.4209353174857,0.2423205126546,0.3712234942995,-0.3702136662002,0.0515893544326,-0.1350701636195,0.1030748519963,0.1496695234511,0.1141645674982,0.0011048348945,-0.1212687832894,0.0400310705790,-0.2379987341557,-0.1436264335441,0.1378902898038,0.0952809165061,0.1569339910314,-0.2166459679054,-0.3271139095463,-0.1799298018369,0.1693828931446
-0.1894819146353,-0.3193333134321,-0.1239084894388,0.2060706075288,-0.0679886112930,-0.0706794844498,0.1906568197024,0.6775198335607,1.0000000000000,-0.1081120405620,0.2492291940806,0.2096133411447,0.1710099230944,-0.2404684832027,-0.1086443850370,0.3288553477213,0.2654543802083,0.3158818343530,0.5992125791579,0.5735026479115,0.2159793988314,-0.1103827216768,0.2046250846370,0.3758842006293,0.5603522519171,0.1250034848285,0.2793253183402,-0.2655239260895,-0.1493062411228,-0.2717908717739,0.1797576706130,0.2157449343250,0.2966795867616,-0.0554412502325,0.1659102943458,0.4478176619507,0.0070164675036,0.0336396723260,-0.0159258399195,-0.0361586944159,-0.1780965008843,-0.0506245204118,0.0838637983911,-0.0355996173558,0.0437942943731,-0.0288030681810,0.0900650382208,0.0818749808634,-0.3083846752449,-0.1553939288623,-0.2495210364714,-0.3438509425449,0.1023481577304,0.0076862299766,-0.0332910641653,0.1917063438237,0.2311109773136,0.2031323474346,0.7110297829355,0.9279394513636,-0.0803079648802,0.1449420640682,0.2058361362977,0.1455637058476,-0.1959631269011,0.1067444137207,0.4971580385956,0.3494237383826,0.5779090940771,0.5348806134191,0.2309722185859,0.1865286006585,0.4371923566486,0.5411671949232,0.2226612604922,0.2292095584857,0.3841636895925,-0.2646862670608,-0.2984329591136,0.3672875376649,0.1462044019019,0.3305300851644,-0.4046017933482,0.0892980669876,-0.0884305243729,-0.1219029217872,0.0163173276116,0.1181640539989,0.0679174465852,-0.1324846164497,-0.0626824731841,-0.2162931883099,-0.0803465575934,-0.1412150337396,-0.0770227321337,0.0883350886227,-0.4124728398018,-0.1869198621309,-0.1203419926719,0.2221345440038
0.2600637706939,0.2124522880580,0.3059078390754,0.1061917391239,0.2467906037738,0.4749413218692,0.1246930013359,-0.0992998303497,-0.1081120405620,1.0000000000000,0.4843079611064,0.6336757238349,0.2553970298684,0.4131185452224,0.2451971547715,0.0982241878511,0.1510466790754,0.1150309172324,0.1468573141514,0.2526351658392,0.4181803030375,0.7331735295633,0.5344322864091,0.4108994624628,0.0380154136758,0.1109563069391,0.2299448978166,0.2200565223375,-0.2630986149809,0.1340181318838,0.1385564534234,0.2934758185676,0.1439212279455,0.2778763873895,0.0928267620483,0.1703535630926,0.3824869925200,0.0147464830403,-0.0139515585103,0.2192821246883,0.2698578654964,0.6817747004843,0.1459465784902,0.0672254929821,0.0871584407807,0.3470467271643,0.2235175315206,0.0121416296999,0.2246319048038,0.5176224760339,0.2168134593248,0.1234730066755,0.2061420184149,0.3179248331222,0.4161363996437,0.1183150797333,0.1455098700465,-0.0194619799205,-0.1785370379271,-0.0779318611605,0.7957507930010,0.5774071099748,0.2949734902585,-0.1207059407453,0.2803685047801,-0.0020744350287,-0.0558846624623,-0.0458467709181,0.0309370661751,0.0688514885561,0.1694679811449,0.5440247427669,0.3917213945087,0.1097499167791,-0.1211789681176,-0.0646586269813,-0.1310125379791,0.1972592618061,-0.2678368518154,0.0165324886604,-0.2226480169568,-0.0541119771780,0.0252319232961,-0.1264611867429,-0.0822069980099,-0.0284545895426,0.2919477198585,0.1696218889166,-0.0440603402745,-0.1993623223167,-0.0500701071748,0.0312700087290,-0.0239453468262,0.2040942260924,-0.0215500795775,-0.1021967393587,-0.0736465053043,0.3084920443659,0.4060628127445,0.1971294723487
0.3739261931958,0.1094200465755,0.1389125667133,0.3446425572118,0.3336485239427,0.3536984898927,0.3658060866351,0.1277614946234,0.2492291940806,0.4843079611064,1.0000000000000,0.6566508739139,0.3822571083938,0.4806667018976,0.4227707754349,0.2864133485611,0.3335048995621,0.1742833672989,0.3923567474931,0.5444701410438,0.6066132313077,0.3772364601491,0.6730311857063,0.5048295127901,0.2968761658563,0.4848778161707,0.5344839399749,0.0874566900132,0.0356948565181,0.2227876812688,0.4189443950824,0.5500409267292,0.3626678356804,0.3984367050959,0.2380577943577,0.2457764192177,0.3859276669884,0.3002362336664,0.2135789124558,0.4088474779042,0.3565964535924,0.4849658965289,0.4384071400931,0.2648173039024,0.3887635415968,0.2758772345926,0.2506971648518,0.3782183652786,0.3405957265098,0.3305133858480,0.2278963134292,-0.1595729761165,0.2461233178525,0.3758435452923,0.3703609155560,0.1408164404007,0.1432643945315,0.1709609347196,0.1181681734588,0.2527364499352,0.2349516835952,0.6614025295083,0.3028236937274,-0.0391376676941,0.0035029410903,0.1371880785213,0.0547297205097,0.1323195031458,-0.0080040647521,0.2147017219837,0.0344357068316,0.3806987926309,0.3028368486480,0.2049057318394,-0.2294295604729,-0.0242543552108,0.1159609397435,0.1822078172408,-0.1591726343891,0.2059002132803,-0.3341760145877,-0.0149906787735,-0.2998035216125,0.0493462098833,-0.0896892427796,-0.3813487523573,0.2854688393262,0.2626039363184,0.0414964718162,0.0339198982209,0.1311455200494,0.0557668553168,0.1012981031382,-0.1342299324057,-0.4940865374161,0.3399675463885,-0.1426459038634,-0.0650850929875,0.0062796590874,0.0198458463723
0.2220655338342,0.0344359933324,0.1245375797832,0.2373578680743,0.2951419616660,0.2613656286468,0.2870458837697,0.1574662584178,0.2096133411447,0.6336757238349,0.6566508739139,1.0000000000000,0.5482574737477,0.3094045603505,0.1665535991710,0.2202337341482,0.3723738122541,0.2110221141332,0.2672878170601,0.3768988367315,0.5489940674538,0.5716359404173,0.7226412354672,0.4080940318917,0.2302603228111,0.2331314008048,0.4621294914670,-0.0605745438052,0.0075475737365,0.0219518671670,0.2278221511898,0.4714502746005,0.3844894286762,0.1384909348703,0.1438065487148,0.1942894392231,0.2714410735836,0.1093099255300,-0.0830031772904,0.0625115277657,0.2727616530189,0.5490751764274,0.1655547197124,0.0388011607813,0.1007402163093,0.2828732822565,0.2599975538895,0.1005756863183,0.1196500220229,0.3227350320895,0.1890372632998,-0.1568583586365,0.2313578343920,0.3276528119986,0.2845958126149,0.2159968937571,0.3692012973086,0.1979300772729,0.1384726102625,0.2071511358788,0.4284700188866,0.6515006514105,0.5045893527663,0.1994999020771,0.0670597236876,-0.0269460121755,0.0995600060126,0.3151006503623,0.1334372272986,0.2885662395856,0.4004290080856,0.6700922559163,0.4026201100549,0.3326560126278,0.0800148922854,0.0788523681811,0.1974345870874,0.0394344731993,-0.2057020192801,0.2127852442150,-0.0326233371691,0.2133655461171,-0.3675342400536,-0.0461192238276,-0.1859032753383,-0.1451968642031,0.2445771417059,0.1578814612532,-0.0970830527960,-0.1204028417042,-0.0843043965556,-0.1763080899394,-0.0461740094684,-0.0508872947785,-0.1674865982004,-0.0202653027409,-0.1339144270480,0.1467654998114,0.0949047559306,0.2186931914698
0.1274006545379,-0.1818503335173,0.0046981813450,0.1827860973358,0.2773449211556,0.1814004115640,0.1878560070438,0.2627780452979,0.1710099230944,0.2553970298684,0.3822571083938,0.5482574737477,1.0000000000000,0.0831131201773,0.1186371334666,0.2310883341028,0.5164086752083,0.3554422011500,0.1628945753197,0.3080242331144,0.2469953701844,0.3217830784144,0.4016839331242,0.2656473421898,0.2380509719967,0.1795602572378,0.4774950057064,-0.1467067248257,0.0280246683862,-0.0766699262276,0.3250724884885,0.4387609636074,0.4312211895731,0.1543985478022,0.2067991361910,0.1242286821302,0.2051648895666,0.0613012113415,0.1384484814076,0.1037301274564,0.1676221618933,0.2606812248021,0.2142128699302,-0.0181635002146,0.1342776458630,0.2550863914908,0.2410954842472,0.2195387148033,0.1637658171930,0.1783847783777,-0.0172269858337,-0.3024378954755,0.0715482519582,0.1752796589620,0.1241542339962,0.0772999354254,0.5170649461984,0.2874733725372,0.1663987374722,0.1600746211613,0.1651133523769,0.5148250942810,0.5406641422599,0.6901060972022,-0.1593923430261,0.0915983047515,0.1755724857060,0.3448038114336,0.0630203987737,0.2245461287680,0.0923510570661,0.3130202074455,0.2053137029346,0.3200869021445,0.0650899459125,-0.0610162711115,0.3456667095157,-0.0534334729095,-0.1817716984183,0.2206898670229,0.0764342486836,0.2579370560340,-0.1115503776818,0.2161238003925,-0.0683046878539,-0.0714873364564,0.2399048960753,0.3000973043074,-0.0509455955637,0.0200254972096,0.1231446770233,0.0306603544990,-0.0704987666270,-0.0501550364460,-0.1957889701555,0.1584957272990,-0.1222727339130,0.0885684683279,0.0298885641534,0.0217765421909
0.7685239758807,0.5617356185533,0.1522491736395,0.4325907128813,0.4628184039372,0.3308966135869,0.4456935127036,-0.1608170813263,-0.2404684832027,0.4131185452224,0.4806667018976,0.3094045603505,0.0831131201773,1.0000000000000,0.7091793025623,0.1635833146226,0.1634644349499,0.0279135618375,0.1116561132544,0.3323034782180,0.5231396996812,0.3087111031854,0.4217757812852,0.2105591123046,0.1239423478675,0.5607789280125,0.2791086105941,0.2445761256004,0.1222239728307,0.5590484276535,0.2512777113082,0.4699459471165,0.0746975561800,0.5269632129829,0.2385419996139,0.0168534953303,0.2236750937112,0.4506965095284,0.1676202331417,0.4464354858426,0.5758903037500,0.5288677208633,0.4211442053218,0.5530096413479,0.4732014974513,0.1418551057420,0.1881725029756,0.3576862264676,0.6805909581006,0.5065216566677,0.4682129596709,0.2030834649513,0.3675593796345,0.3661963579902,0.3766069952400,0.1534698590558,-0.0468252222924,0.1309932422253,-0.2610033789624,-0.1696195644046,0.0258025872501,0.2428000954862,-0.1363492974384,-0.3935748485772,0.3197044881456,0.0604560681123,-0.1745128192446,-0.0976060636949,-0.2541098609846,0.0519170522528,-0.1040553443209,0.0731053889875,-0.0213467679089,0.0236840555141,-0.4097497969666,-0.0688110712682,-0.1234259081325,0.3694331198719,0.0123826634687,-0.0910525532896,-0.5112763598110,-0.2926518504938,-0.0539725026658,-0.0919668779138,0.0100898092430,-0.2497868725447,0.1388667348602,0.2807487720228,-0.0688661111695,0.3081442954843,0.0888099323244,0.1727868628446,0.4521203593263,-0.1033977637192,-0.5428882049207,0.2585994649607,0.1659309079362,-0.0508710816968,0.0186556924725,-0.0997940968524
0.6079032729372,0.2004566863406,0.0634182296278,0.4873200556719,0.3838722033674,0.3039644040466,0.4805128104951,-0.1207414022904,-0.1086443850370,0.2451971547715,0.4227707754349,0.1665535991710,0.1186371334666,0.7091793025623,1.0000000000000,0.1198677311657,0.1628895805052,-0.0193797035276,0.2558499888609,0.2811717563208,0.5414446179227,0.1310232667607,0.3648626549422,0.2837131076468,0.1179614776179,0.6179663353086,0.3801987543544,0.1409147782519,0.2133510498203,0.3727887244986,0.3051201707245,0.4266944982345,0.0742187007349,0.6655456013953,0.2191091065760,0.1000408181076,0.4566046383988,0.3763386793194,0.5810889917771,0.6706200174030,0.5283649810636,0.3986965636584,0.6145676708921,0.6553037321524,0.6144178211426,0.1998674542374,0.2435207092656,0.5509089126571,0.5518554878343,0.6169931205495,0.1902367804772,-0.0874048272433,0.4168277191035,0.3247138524513,0.2955120353021,0.1780127384367,-0.1344127191125,-0.0107417981760,-0.2163902189737,-0.0816388630156,-0.1706841422462,0.1474996814102,-0.3101279281491,-0.3308793233020,-0.0461714525259,0.3663544405044,-0.1529910110447,-0.1200866115352,-0.2262402827973,-0.0915499383669,-0.1442896988931,-0.1046146317691,-0.0643778498816,-0.0512230080441,-0.5564789888485,-0.0871260593939,-0.0802097240321,0.3719663690983,0.0195026484421,-0.1075492073295,-0.5869834538442,-0.3577125249820,0.0096297871302,-0.0365119389262,0.0629982757914,-0.3308067160787,0.2681498380754,0.3327597110104,0.2939984513752,0.2830354026568,0.4673544989724,0.5045112430592,0.4796708762801,-0.2002223310986,-0.5806262867449,0.4602481418463,-0.0645651541289,-0.0470500435135,0.0083547972420,-0.1620628412840
0.0872914918038,-0.1341053943644,-0.1618297264367,0.2061326746625,0.0882192010790,0.1013144694991,0.4106655384757,0.1225488569412,0.3288553477213,0.0982241878511,0.2864133485611,0.2202337341482,0.2310883341028,0.1635833146226,0.1198677311657,1.0000000000000,0.6963030436040,0.2656216915585,0.5579061676663,0.5458971854572,0.4914494103572,0.1670812177891,0.3588771039829,0.4895904085777,0.2429995881582,0.2749163660478,0.3433938273390,-0.1706122234599,0.0516481066770,0.0403021259537,0.6557000109904,0.4941663497719,0.4671207692370,0.1900089801326,0.7314456141608,0.7053651105743,0.0217254697881,0.2489921293681,0.0714793007022,-0.0389594199246,0.0910771953301,0.0935696516012,0.3833562146303,0.0449818323176,0.2148730473406,0.0896921223644,0.0044700302759,0.2088750992900,0.1173868451302,0.0568502518260,-0.0856754561056,-0.2349137734499,0.0904246730326,0.0361655974733,0.0507644788528,0.0956862877460,0.0680202926017,-0.0289166588758,0.0056556787414,0.2553403902910,-0.0765078840172,0.2587242788088,-0.0455818912345,-0.0518898695594,0.0063743890908,0.2276020685280,0.7011842489089,0.2459964480946,0.4673080740898,0.2392296551191,0.0534838904169,0.1320170275601,0.2102033285338,0.0672644474976,0.1180248566442,0.1401775618737,0.1603794755596,-0.0781141402078,-0.1302995203973,0.5252345586122,-0.0512524199516,0.1814484199625,-0.2574059849661,0.3480000940964,0.0613605900387,-0.3580790115596,0.1113670797002,0.5957829359634,-0.1835046358050,0.1087119005939,-0.0311610230284,-0.1295501432723,-0.0259719190899,-0.3802787008229,-0.4385545101911,0.2213926509735,-0.1739973178451,0.0514932822172,-0.1170830407851,-0.1387852459801
0.1751781323256,-0.1858272316259,-0.1507116538917,0.2154338256788,0.1994536665335,0.1347972478627,0.3867553064597,0.1786443431009,0.2654543802083,0.1510466790754,0.3335048995621,0.3723738122541,0.5164086752083,0.1634644349499,0.1628895805052,0.6963030436040,1.0000000000000,0.2675594193156,0.4040590871828,0.4840018149873,0.5421626167288,0.2703519440787,0.4057220375524,0.4865858463381,0.2922310407355,0.1605618941628,0.4490831825047,-0.1168606709946,0.0725796616796,-0.1485462132155,0.5909457065593,0.5746846881855,0.6063453467116,0.1659031350912,0.4286203775200,0.5026886112276,0.1256064542743,0.1317823215528,0.0727410028401,0.0571863659022,0.0802103366711,0.0683147011096,0.3040599561182,-0.0315706699506,0.1295344417273,0.2436619284639,0.1470099336125,0.2014072505715,0.1229699396694,0.1145215465415,-0.0127554355409,-0.3075542667802,0.1506092799406,0.0881685195618,0.0955608648018,0.1803077797729,0.1416296751497,0.0697055469234,0.0741422403125,0.2195142346977,-0.0080410287901,0.3852246795999,0.2053234466867,0.1941695655763,-0.0099761525264,0.2003985358062,0.4934120633294,0.4103517567206,0.3289875282686,0.2688196953218,0.2172635493626,0.3791733709340,0.2393551903992,0.2135028362984,0.1579606846002,0.0649268737098,0.3187154847076,-0.0178523095852,-0.1287199619340,0.5024398966285,0.1375044206085,0.3574015047902,-0.2704465840582,0.2364583773394,-0.1039690374456,-0.1525747757472,0.1894669918926,0.4291896766291,-0.0663501043947,0.0628310482870,0.0086525755248,-0.0629269948924,-0.0543894334197,-0.1295543364447,-0.2636452319986,0.1426147640601,-0.1747248299139,0.1413622111640,-0.1113916212293,0.0208747837810
0.1761015850988,-0.0453047640703,0.2321812821613,0.2794136666686,0.2751092315869,0.2927411580244,0.1174063627685,0.6398095586002,0.3158818343530,0.1150309172324,0.1742833672989,0.2110221141332,0.3554422011500,0.0279135618375,-0.0193797035276,0.2656216915585,0.2675594193156,1.0000000000000,0.0595476035840,0.4367307637357,-0.0046152432167,0.1148918526466,0.2336129604784,0.3230916374853,0.2146402008210,-0.0079930600004,0.2467417062568,-0.3239266091842,-0.3751064704809,-0.2534476729542,0.1223132054298,0.1371214821436,0.2287724679769,-0.2175615062122,0.2307881407253,0.1934830532229,0.2997830649395,-0.1171560514678,0.1633175639201,-0.0439344397682,-0.1071649955926,0.2641434160476,-0.0812356463917,-0.1550275936730,0.0375173383503,0.0715018696934,-0.0027811269111,0.2723092317954,-0.0979937583139,-0.0934590357668,0.1673530145584,-0.0378149063890,0.2360393542479,0.3127752089505,0.2802427867841,0.1940093171840,0.5180215095426,0.3816716169918,0.4909024027752,0.2758495037406,0.1409920319657,0.2297113540464,0.0808002723817,0.2701157927836,-0.0231394827931,0.0494875596081,0.3459493020948,0.6457444262189,0.1961854531804,0.4672871416512,0.1621919933201,0.0922315901856,0.5445473089029,0.3755457065098,0.3113886599436,-0.2666477428131,0.4255576419768,-0.2304020479180,-0.3973381020833,0.5802207125500,0.1495148925509,0.3491493309533,-0.1911519597467,0.0675712284038,-0.0795239092109,-0.0041400241399,0.3785789343451,0.3410370180551,-0.0508865795065,-0.1298504271103,0.1167697019797,-0.1172476015728,-0.1669326340999,0.1405988838906,0.0446434988955,0.1796965674224,-0.1741838276024,-0.1585033665736,-0.0078346834103,0.0861979084212
0.0186084924709,-0.1715776161492,-0.2228507170796,0.0965334470409,-0.0386936527024,-0.0046632617701,0.2312861026565,0.2609122282159,0.5992125791579,0.1468573141514,0.3923567474931,0.2672878170601,0.1628945753197,0.1116561132544,0.2558499888609,0.5579061676663,0.4040590871828,0.0595476035840,1.0000000000000,0.5811156597174,0.5568498815930,0.1309761243010,0.4444668391006,0.5700269756358,0.4254451847277,0.4167917883348,0.4065598695635,-0.0268056673686,0.0895063518133,0.0548346875009,0.4185919287479,0.3821738809822,0.2674402114495,0.3899905546483,0.3078823038909,0.7156067019224,0.1458347255104,0.1501100694121,0.0366258708989,0.1960218508504,0.2238257260343,0.1385567046282,0.3545273088538,0.2825622024959,0.2556025392049,0.1428098825697,0.0867240693053,0.0802520306119,0.0327362364094,0.1955835051257,-0.2438410647888,-0.3090425845135,0.0508271207752,-0.0690213556611,-0.0955083011728,-0.0311139533303,-0.0777860088462,-0.1730836988231,0.1125357402365,0.5031123399353,-0.0572504667465,0.1849504218077,-0.0342787236920,-0.1503187424296,-0.1598378591556,0.1329082459632,0.3760285100923,0.0701701749769,0.4562839571696,0.1926132500645,0.1397664862353,0.1867263897287,0.2473683337857,0.2606604295209,-0.1819364217191,0.2858049650563,0.1742342752206,0.0626745504860,-0.0987541087017,0.1767024385104,-0.2641695493261,-0.0250497504259,-0.2818218595959,0.0458819023080,-0.1110390286088,-0.3983224874687,0.1010400100669,0.2311936373291,0.0654181979650,-0.0243518207895,0.0216059138625,-0.0083334470888,0.1701624522380,-0.3321286472547,-0.4346947908738,0.0891564988310,-0.3469180048596,0.0626060007246,-0.0708024614354,0.0526201354483
0.3437639264760,-0.0565826987404,0.0749349409257,0.3825790439716,0.2671432720457,0.2661349089207,0.4174794325453,0.5280276065661,0.5735026479115,0.2526351658392,0.5444701410438,0.3768988367315,0.3080242331144,0.3323034782180,0.2811717563208,0.5458971854572,0.4840018149873,0.4367307637357,0.5811156597174,1.0000000000000,0.6014286796705,0.1994241939658,0.5333751750293,0.6560019686626,0.6622341448467,0.4455034576462,0.5212284702805,-0.0832004444919,-0.1770858843375,0.0055148744430,0.4595243487415,0.5682764652688,0.4931448844158,0.2854509694510,0.4367953307312,0.5083879868444,0.2753920984856,0.3218010368651,0.1720289101691,0.2288397145733,0.1156584763305,0.3195959694529,0.3847382504687,0.2335658119623,0.4090726019680,0.1915899285847,0.1773508563111,0.3462102848824,0.1486103214033,0.1982077081038,0.0523550992010,-0.2275035478171,0.2725344146161,0.3007968802221,0.2596402484018,0.2133446757713,0.2723181799570,0.2501453386915,0.3505408249836,0.5734077182211,0.0616576261815,0.3536745627790,0.0654203220453,-0.1222064342980,-0.0512163433089,0.2188555930909,0.3996008877846,0.3121995363482,0.3151604691115,0.6489664249544,0.1206690370590,0.2394060940776,0.5099830999444,0.5453568875847,0.0380133338446,0.1020153533626,0.3354635932238,-0.0073737477806,-0.3721324060152,0.4724449112122,-0.1681734447091,0.2258082002152,-0.3512842891205,0.1286119569054,0.0454811280561,-0.2769558293166,0.2996604624231,0.4528784275667,0.0566846052170,0.0976815019573,0.0881918945166,-0.1085713802620,0.1065298469238,-0.1133761844841,-0.3950880441679,0.2898022081803,-0.3322262956350,-0.0998737009966,-0.0820855881503,0.1377280020382
0.4085195997248,-0.0153836018354,-0.1053191983198,0.2411480393293,0.2027601092113,0.1033155927560,0.4233757851086,-0.0103456350451,0.2159793988314,0.4181803030375,0.6066132313077,0.5489940674538,0.2469953701844,0.5231396996812,0.5414446179227,0.4914494103572,0.5421626167288,-0.0046152432167,0.5568498815930,0.6014286796705,1.0000000000000,0.3789071307454,0.7009572054588,0.6081000524575,0.3659932360561,0.6303930621236,0.6483752697296,0.0611405543107,0.1639957665659,0.2498626827891,0.5849130161069,0.7304430280115,0.4855657759340,0.5305022077268,0.4292013985636,0.4134891093404,0.3948362042536,0.4170215145710,0.1374114103754,0.2992863344049,0.3612994648697,0.3894925656123,0.6540101815038,0.3973855974303,0.4781623605958,0.3248750431949,0.2900501458479,0.2330979373398,0.3366129233514,0.5085474337918,0.0110521767760,-0.2979238508725,0.1664643562246,0.1576784196517,0.0867545679715,0.0642030949377,-0.0546289778966,-0.1138608182639,-0.0945571249250,0.2119011504739,0.0155357929802,0.3631452515372,-0.0143460843828,-0.3066109341280,-0.0915358134612,0.2080512722277,0.1504137492835,-0.0112376456167,0.1496169890304,0.1693007855310,0.2061224347901,0.3549304583682,0.2165732901189,0.2089011694464,-0.1302979018453,0.2937078052552,0.2087710388710,0.1939478556064,-0.1790656824728,0.1682280915876,-0.3136830015400,0.0122207121935,-0.3406458944154,0.1465698982849,0.0484097947217,-0.3535905851571,0.3415437893630,0.4017546989242,0.1780546175885,0.2080153563775,0.0941338938600,0.0110458113415,0.2847786162257,-0.3518112121187,-0.5505026987933,0.1629839335520,-0.3215664062016,0.0868138477494,-0.0971540739964,0.1315826220460
0.2086791023284,0.2039242311065,0.1301151800218,-0.0506775009081,0.2204459425900,0.3145557569814,0.0037951651654,-0.1110729838456,-0.1103827216768,0.7331735295633,0.3772364601491,0.5716359404173,0.3217830784144,0.3087111031854,0.1310232667607,0.1670812177891,0.2703519440787,0.1148918526466,0.1309761243010,0.1994241939658,0.3789071307454,1.0000000000000,0.5866044226825,0.2991264801241,0.1234615127518,0.1288787732370,0.3179013901574,0.2664975484952,-0.0138264931149,0.1418307797164,0.1562107953936,0.2978747024789,0.2578527046459,0.1506990098914,0.1467869449524,0.1872855006418,0.2844625533712,0.1151257548526,-0.1036050541121,0.1263219218334,0.3861279884703,0.5038005866424,0.1058227670833,0.0648266523346,0.1282988327279,0.5197512078282,0.2094954104875,-0.0761372761195,0.3317989269265,0.3928923933816,0.1701780993850,0.1543112436744,0.0403601997880,0.1167224194225,0.2148530541075,-0.0103735320445,0.2659950007823,0.0444852949375,-0.1918836743555,-0.1070266753212,0.5724777635626,0.5494018350818,0.1784659040298,-0.0272506743029,0.1779344234984,-0.1477483541629,-0.0001680552013,0.0928105292429,0.0223876567840,0.0531099139872,0.2224921325335,0.6125880242866,0.2929775137341,0.1471046881833,0.0593984513912,-0.0158092727726,0.0206742441005,0.2734760250538,-0.0476655799821,0.0322595631254,-0.1632742843713,0.0487084521273,-0.0014919940229,-0.0954678757568,-0.0989289244147,-0.0452994788833,0.2538586136748,0.1074442703189,-0.1491574865381,-0.0509552149352,-0.1541692007623,-0.0058025013122,0.0308348396660,0.2968875073185,-0.0059240276907,-0.1995891270804,0.1519066668528,0.5048381078163,0.2429046861255,0.0669677066298
0.3975055754329,-0.0438381083029,0.1051377119615,0.2273326729144,0.3700188673777,0.3339110574412,0.2781871646314,0.0969883249826,0.2046250846370,0.5344322864091,0.6730311857063,0.7226412354672,0.4016839331242,0.4217757812852,0.3648626549422,0.3588771039829,0.4057220375524,0.2336129604784,0.4444668391006,0.5333751750293,0.7009572054588,0.5866044226825,1.0000000000000,0.5813797498843,0.3800106625355,0.4643140164024,0.6100691173828,-0.0588536894875,0.0345587461399,0.0958096048411,0.4045109172564,0.6476174841841,0.5100004419172,0.3481473064388,0.3252518391985,0.3593517333901,0.4402532939882,0.2004562874525,0.1160526877593,0.2064643669561,0.3640838457679,0.6092017869991,0.4094095371120,0.1797313319436,0.2812590227031,0.5097028738025,0.2867828377179,0.3016275087646,0.2155774400670,0.4913203187297,0.1731311224021,-0.2430867238201,0.2150004270288,0.2841402637244,0.2335667768595,0.0938080366357,0.2126641029788,-0.0000989208813,0.0339040646302,0.1924022430300,0.2120078251565,0.6154388708202,0.0794464782944,-0.0935186960185,-0.0923213086585,0.1120092824696,0.1221670856289,0.2026929420084,0.1039546363365,0.2603320717799,0.2149548575949,0.5213016519525,0.3888294236721,0.3250333682082,-0.0287622603460,0.0984982598937,0.2627280858590,0.1378434254971,-0.2392027178770,0.2647628520999,-0.1998805450726,0.1653323997626,-0.3209324499197,0.0709829641647,-0.1285236114460,-0.3255789553534,0.4148093972853,0.3521923680741,0.0044580909892,-0.0088209171055,0.0604572919171,-0.0498913303270,0.0594280429494,-0.1331903569787,-0.4011818501451,0.1667277388095,-0.2751763006366,0.1774719029530,0.0549071156163,0.0784914529960
0.2159269980288,-0.1857352460891,0.0456208348291,0.1117684302596,0.1624902901123,0.2532307932182,0.2247574183727,0.1719225969194,0.3758842006293,0.4108994624628,0.5048295127901,0.4080940318917,0.2656473421898,0.2105591123046,0.2837131076468,0.4895904085777,0.4865858463381,0.3230916374853,0.5700269756358,0.6560019686626,0.6081000524575,0.2991264801241,0.5813797498843,1.0000000000000,0.2956970716963,0.2824427178889,0.5116149323551,-0.0901690352991,-0.1899466134755,-0.1340348051287,0.4227688091431,0.3945972610402,0.2272415030199,0.2805371107046,0.4299127818272,0.7076249649778,0.5608875442679,-0.0141586116570,0.2584930143676,0.1930395931646,0.1076812220461,0.3391847179303,0.2823533324078,0.0037338599062,0.1579795297467,0.2149829601107,-0.0086259816192,0.2398791893881,-0.0193035207644,0.2754007399127,0.0160204125679,-0.2768128972146,0.1703202245424,0.1811805514635,0.1304816530606,0.1516469919446,0.0957601504979,-0.1148018820720,0.0667728208179,0.3126434111660,0.2503982737410,0.4568853660719,0.0453060054927,-0.1074365707281,-0.0699574931672,0.3139503179542,0.3367435935003,0.2133414979182,0.3765225990192,0.3235034696122,0.2624695305589,0.3132475196072,0.6788203926857,0.2706950208006,-0.0309267692627,0.1750184175300,0.2429141175995,-0.0045826048752,-0.3551012109012,0.4846029683384,-0.1708638187416,0.0885916005425,-0.2522264502533,0.0523639522413,-0.0683092265136,-0.3102860282069,0.5667250147297,0.4911842124723,0.2402996949124,-0.1405822111917,0.2316731395670,-0.0101691822328,-0.0674941244106,-0.1503855075627,-0.2865575675969,0.1988435209931,-0.4228605942266,0.1205824860947,0.0594900770370,0.1670121471995
