1.0000000000000,0.5784279803945,0.6241663413058,0.3253124822902,0.7007144016139,0.6428240603353,0.3902973599488,-0.1292556773004,-0.1868336966362,0.2333405620229,0.0182702038776,0.1835903884733,0.2608998131869,0.3482393634316,0.1845076649620,-0.1123351124552,0.0469224997622,0.0512122358412,-0.1557263979058,-0.2750221423471,-0.0936794389803,0.1325603914782,-0.0228344107246,-0.0943167778696,-0.3855239466399,-0.1479291449768,-0.2382251963031,-0.0766836371958,-0.0962651955440,-0.0428123263524,-0.2244829409886,-0.1523537288491,-0.1316162785169,-0.1972028923428,-0.0862901669060,-0.1602525946311,-0.0685208357996,-0.2018632249931,-0.1331252109881,0.0274338861709,-0.1270069604366,-0.0743240199028,-0.2794190495486,-0.2915750840043,-0.2790984169521,-0.0562468087641,-0.1689869057670,0.1218247628726,0.2428923003668,-0.1368290760162,0.7461966017167,0.5831144833617,0.3836564877554,0.5549854001215,0.4316402568971,0.4760568125515,0.0120539147405,-0.1495369150057,-0.1769576767995,-0.1757703055931,0.1472656431843,0.0222352094848,0.1750986361039,0.1248931492140,0.4178688736365,-0.2453189029492,-0.1613568400990,-0.0198033041478,-0.2250454844474,-0.2165832449084,-0.0889681221557,0.0804263803053,-0.1007531917713,-0.2853548648312,-0.2815111770056,-0.2227234951349,-0.3052247114991,-0.2100594603971,-0.1124351534133,-0.1641443378004,-0.0046812970905,-0.1350109819179,-0.0109212731418,-0.2014689261026,-0.2993126671538,-0.1719358663383,-0.0574671695409,-0.1390534406857,-0.3203517317357,-0.2387233054234,-0.0977990963262,-0.0970015922760,-0.2362237658712,-0.1019162916600,-0.0710719006802,0.0575735706559,0.1212771934886,-0.0994659583447,-0.0125577015030,-0.2056487000231
0.5784279803945,1.0000000000000,0.4435017667696,0.4212561456905,0.3134150098414,0.2887399424223,0.2474717082410,0.1316532836824,-0.1149266986382,0.3567883402182,0.1788784658956,0.3279457706085,0.3385070862748,0.2855426244109,0.3863894599792,-0.1075993435852,0.1642405358873,0.0642916235440,-0.1527407478936,-0.1763934369521,-0.0421423696776,0.1610562483390,0.0730236927270,-0.1096849152051,-0.1730749020958,0.0288881492787,-0.0429734640949,0.0708630964930,0.1284635952214,0.0335852632424,-0.1735160824938,-0.0381680193716,0.0839192446698,-0.1599359670451,-0.0382548337229,-0.2061942727547,-0.0827756306161,-0.1619570564188,-0.1730451050045,0.0586698628028,-0.0320092659749,-0.0442926558126,-0.1261124453119,-0.0264995010668,-0.1352688729646,-0.0732075289481,-0.1008760117323,-0.0252772301176,0.2712061016947,-0.0283809929269,0.3666543078363,0.8051661248461,0.3320786262233,0.3826877526131,0.1976424437155,0.3440084431202,-0.0189300832324,-0.0821666118041,-0.1105726346337,-0.1399054028922,0.0314395448703,0.0490872764628,0.1200840999307,0.1452125209840,0.4341185915141,-0.1582575798135,-0.0461554744737,-0.0164534056831,-0.1981223759005,-0.2128481031518,-0.0551783280674,0.1381553385921,-0.1206986337612,-0.0121990472607,-0.2601319195234,-0.0222189151165,-0.1029702573525,-0.0534529532453,0.0982051219163,-0.1847947139685,-0.0373137919787,0.0628210864503,-0.1127617288590,-0.1432863328274,-0.0932417185058,-0.1107093263852,-0.0993970354332,-0.1715018846283,-0.2351884092721,-0.0676776558985,-0.1184499107711,-0.0375177371717,0.0143648507741,-0.1029699959071,0.0013940557118,-0.0818341102770,0.1588303667880,-0.1400695708150,-0.1128139020493,-0.1558612424789
0.6241663413058,0.4435017667696,1.0000000000000,0.4994974726234,0.5574150201258,0.7983303260285,0.5238335667964,0.2316804762892,0.1370229306185,0.3085926709611,0.2641178127149,0.2174011070119,0.2643781262926,0.1021344423152,0.2828437945029,0.1498785686374,0.0183786258923,0.3078701865047,0.1293880907629,0.0808102102585,-0.0791337285257,0.1721305364650,0.0501910442990,0.1828156046553,-0.1876427037256,-0.0247906134151,-0.2174518102247,0.0257996627098,-0.1905742482371,-0.2475819551692,0.0058015706922,-0.0050966074091,-0.0693976709605,-0.2573818436188,0.0844826302590,0.0148652298290,0.0032168516131,-0.1041742805843,-0.0017976076396,0.1008570342562,-0.1023225993440,-0.0446883301757,-0.0097554870630,-0.1326547893543,-0.0327377483955,0.1734468881176,-0.1814951177703,0.2480282683748,-0.0083766233973,0.0075802563100,0.6308207412632,0.5012405428546,0.4983326911631,0.8355217549865,0.5747930950826,0.6198395028697,0.1213390252263,0.0624803272680,0.0863833289992,0.1295734256014,0.2172688891830,0.1613162678313,0.3376006621976,0.2311088456368,0.3131561072247,-0.0672143053910,-0.0737409235791,0.0889727304485,0.0665337412483,-0.0063069089151,0.0047905992616,0.1145594827065,0.1425048015088,-0.2780540833432,-0.1362116107786,-0.0610152891704,-0.1293533815660,-0.1061904333658,-0.3148679490231,0.0149179336284,-0.0098711274143,0.0123033191499,-0.2300807170675,-0.1111901166680,-0.1916389202681,-0.2997935001580,-0.0411499715171,-0.0252678994896,-0.2484351862255,-0.2403638944033,-0.0298937716312,0.0111298558350,-0.2265588662975,-0.0281447708521,-0.1042616685086,0.1419909655467,-0.1439404399783,-0.1934414447454,-0.0501412619606,-0.1775069971799
0.3253124822902,0.4212561456905,0.4994974726234,1.0000000000000,0.5096289321616,0.4785832086403,0.8076055793896,0.4933323394537,0.3631429372633,0.2621473779977,0.6726594198408,0.5862955254122,0.6317902178493,-0.0325988535668,0.6746493614807,0.4712650859631,0.6164343367285,0.4408651341636,0.3441720065278,0.2521769134298,0.4741909837501,0.0704176805501,0.4231167673787,0.3929287856309,-0.0381845719524,0.0995011355256,0.3353193759514,-0.1101078363821,-0.0389900486102,-0.4006668371497,0.2548306080665,-0.0466019798522,0.1909868202205,-0.2961887551895,0.1466681113036,0.1095021398888,0.1495920092686,0.1229329289738,-0.0724005706853,0.0493516511552,-0.1978829985153,-0.0696881887388,-0.0113781412079,-0.1064395823924,0.0289529529063,-0.0449953562202,-0.2095440313434,0.1076494433473,-0.0502972212686,0.0307857081209,0.4406388594077,0.4720222927584,0.7643776123410,0.5496303356336,0.5780559149374,0.6694288430402,0.4560585106526,0.2647235372008,0.3441593453742,0.3405633041876,-0.0088974546229,0.6298176832285,0.4608588332020,0.5009901748714,0.3601762043065,0.0354513010754,-0.1103947469580,0.4759948736572,0.2792430407725,0.2013105309513,0.4277481943376,0.2937692650577,0.2916318700031,0.0249486252733,-0.0749364298327,-0.0646003437728,0.0539283302869,-0.1062520326311,-0.1703681748266,0.1977210888376,-0.0504823517645,0.2162073065891,-0.5482536918147,-0.3261045845820,-0.2675403373142,-0.2592162350231,0.1161605947514,0.0132777127441,-0.1375686758494,-0.3167006465541,-0.0424763306661,-0.0807593902362,-0.2880082928741,-0.2866079280950,-0.1913669355447,0.1117056255363,-0.2054713154157,-0.0878057560315,-0.1823483847168,0.0539901317020
0.7007144016139,0.3134150098414,0.5574150201258,0.5096289321616,1.0000000000000,0.7022031745169,0.6257452358865,0.0361904596857,-0.0091160877639,0.0398077112584,0.2323902858744,0.1358532829842,0.3248456700275,0.1134327796917,0.1399022765610,0.1596629406403,0.2615139353782,0.2406885513457,0.0209829824187,-0.0021490638895,0.1632499865565,0.1058536180224,-0.0208102624806,0.0681594513319,-0.2450426173638,-0.2474672647790,-0.0918487030612,-0.1129068405573,-0.1227795719276,-0.2010728004533,0.0525831590681,-0.2287938027788,-0.1116597605245,-0.2937156749851,0.1316180584480,0.0045561358157,0.0930604601195,-0.0319169925282,0.0335463354085,0.0664322412977,-0.0473059766455,0.0482124536629,-0.1005248735854,-0.3069108557357,-0.1434025797990,-0.0530218457567,-0.1540621222678,0.2777683809997,0.2741870339421,-0.1416558683746,0.8526175340898,0.4212772547837,0.5602707116471,0.6658059969403,0.7597879862514,0.6992381466745,0.2739461791114,0.0383511194415,-0.0814958231388,-0.0397678037959,0.0773001459555,0.2642059136096,0.2731755662150,0.2425928597006,0.2344576822424,-0.1119243135407,-0.0687510497319,0.2399922553757,-0.0830017197244,0.0167031660172,0.0500504253438,0.0323327867922,-0.0378843900208,-0.2713914878915,-0.1180174539664,-0.2473210099771,-0.2668169008926,-0.1896107353855,-0.2433687634689,0.0412628932210,-0.0217119855672,-0.1385548217050,-0.1424114002941,-0.1043513425686,-0.2988127272222,-0.1857674828498,0.0850096399054,0.0520197363606,-0.2175734193892,-0.2704045104460,0.0488185794521,0.0178957442906,-0.3605549219117,-0.1308893011339,-0.1027170438860,0.2759499826465,0.0858918366705,0.1662024299406,0.0326102505391,-0.2257703319707
0.6428240603353,0.2887399424223,0.7983303260285,0.4785832086403,0.7022031745169,1.0000000000000,0.6458622307725,0.1901647254595,0.1242779382002,0.3801092038988,0.2660682070587,0.2918599579045,0.4362145036429,0.1122918447573,0.3316407051821,0.1952241248610,0.1968977203342,0.3722647898425,0.1595759387074,0.1244756639934,0.0984650355827,0.2309296944660,0.0924394781150,0.2444971362160,-0.2015134239671,0.0110217233457,-0.1060834295990,-0.2307546927504,-0.3386352730238,-0.3615796864837,0.0973377845738,0.0288702191333,0.0417232392283,-0.2198384026420,0.1686211842224,0.0597716019638,0.1247517195417,0.0494846915167,0.0890135498291,0.0761759513424,-0.2005799387354,-0.0323501804566,-0.0919932739288,-0.1131244473152,-0.0392426612445,0.1751656125958,-0.1208228733550,0.2957660425305,0.0507259496101,0.0809982248162,0.6964545510006,0.3941203262944,0.5766750526155,0.7905968395170,0.7720411376670,0.6909226393971,0.3294422690283,0.1399078929775,0.0960189934321,0.1008427033331,0.3425148375167,0.2507376216897,0.4177449373404,0.3701290166600,0.3100406987429,0.0145877984431,-0.0949317136480,0.2399779711398,0.0325052327084,0.1215308448206,0.1387282808438,0.1842094149894,0.2656074649002,-0.2942554793272,-0.0709518489562,-0.1037194124870,-0.0824229413617,-0.2712371976839,-0.4342367770475,0.1595498657294,0.1004116574172,0.1148772003382,-0.2033419971171,-0.1429953917621,-0.2700244480607,-0.1940552481924,0.1141034159110,0.0924975041202,-0.1701709751364,-0.2674440654763,0.0845860156231,-0.0080466301626,-0.2100152739683,-0.1651902864993,-0.0148438971975,0.2555617921619,-0.1211825938735,-0.0955844066935,0.0020602410523,-0.0011112481348
0.3902973599488,0.2474717082410,0.5238335667964,0.8076055793896,0.6257452358865,0.6458622307725,1.0000000000000,0.4125878896964,0.3089118403164,0.1651746236785,0.5357971554374,0.4581633380172,0.6038901237768,-0.0561581520615,0.4324091531935,0.4942923850237,0.5015717409935,0.4107762563649,0.3408225754001,0.2400680095874,0.3933597141267,-0.0019496438917,0.3229986214548,0.3504462119853,-0.0693406762509,-0.0032371375226,0.2045567979067,-0.1999810212841,-0.1183419883801,-0.3545418183169,0.2950348850169,-0.0647579491909,0.1578861647449,-0.3020248329819,0.3189834382950,0.1800945368299,0.1784065372198,0.0985072680087,0.0388012194350,0.0364514960773,-0.2487410335023,-0.0659730051467,-0.0211101239302,-0.1557062302202,0.0330392887875,-0.0585283070720,-0.1925067485096,0.2031403580240,-0.0557455126005,-0.0074178655698,0.4997376340112,0.3485806426088,0.7681378890507,0.6300668192097,0.6926783598287,0.8425892446101,0.4709283688608,0.2402010173921,0.2761604610069,0.2947349675885,-0.0029712581554,0.5158803709785,0.3984881784630,0.5149765998533,0.2340880517243,0.0920224890699,-0.0179059748554,0.4212349180871,0.2350949164283,0.1723134037616,0.3467332048344,0.1997016488312,0.2601418433501,-0.0551657422386,-0.0220569829690,-0.0939194361299,0.0420799515105,-0.1677175575140,-0.2147323115951,0.2204292926968,-0.0482325844048,0.1741210990062,-0.4414597121499,-0.2074084891021,-0.2148067169233,-0.2765073510933,0.1471819596987,0.1626148863851,-0.1086803563024,-0.2964095821092,0.0372232671808,-0.0970499109704,-0.3316413801916,-0.2762403527859,-0.1935964852161,0.2183457791158,-0.1833977433316,-0.1519970712828,-0.1925203908270,0.0632352360720
-0.1292556773004,0.1316532836824,0.2316804762892,0.4933323394537,0.0361904596857,0.1901647254595,0.4125878896964,1.0000000000000,0.8285613923481,0.2381962039644,0.4700321510017,0.2661902570273,0.3214861146750,-0.2046516366084,0.3671513351192,0.5650052755759,0.3538599984950,0.5783679402423,0.6627700445300,0.7471979480316,0.2343063735508,0.1092335865141,0.1968063589603,0.5271566160181,0.4700266305643,0.2253468664524,0.2549735976607,-0.0062968497790,-0.1427857268152,-0.3770272921063,0.5004713392958,0.2702277221621,0.2407445986811,-0.1513644732176,0.2042905084536,0.3330616776417,0.2320334830500,0.3120273926576,0.0656136136163,-0.1475813988914,-0.0435978095179,0.0235354094626,0.1428687323705,0.2843351200787,0.3354431034938,0.2540821861626,0.0195341678577,0.0278897137078,-0.2329311749650,0.1792035868649,0.0749662220066,0.1717394075593,0.4185710918800,0.3365517287357,0.3062657974889,0.3108356701825,0.5292439908795,0.6353443544261,0.7197067998493,0.7609716124739,0.1662089480703,0.3708384086312,0.2997397864032,0.3888806938070,0.1412113204979,0.1445670860468,0.1151491511234,0.4610032339661,0.6561355839585,0.5643268952384,0.2960161858306,0.1990333601420,0.5708008803808,0.3584514913766,0.3576948750047,0.2454514465075,0.3731252649712,-0.0323118222038,-0.2791576873609,0.5018900922070,0.1988969189852,0.4221634431107,-0.3493483662827,-0.0545340992984,0.1260758618540,0.0666131018713,0.2291479810044,0.2005726722901,0.0880850335163,0.0101490446711,0.0672474808408,-0.0591141091337,0.1034300048283,-0.0125598318832,0.1983544420581,0.0244235853000,-0.1780233571550,0.0526618788802,-0.0748251564019,0.1261368958560
-0.1868336966362,-0.1149266986382,0.1370229306185,0.3631429372633,-0.0091160877639,0.1242779382002,0.3089118403164,0.8285613923481,1.0000000000000,0.0771945069158,0.3782402461946,0.1860438689327,0.1568740907231,-0.2993223344780,0.2591671282996,0.6063431209981,0.2574223404603,0.4709734950674,0.8176515114624,0.7570263777664,0.2498201871632,0.0072485296665,0.2278464230308,0.6068228452290,0.4858283000970,0.2718858442528,0.2266334025289,-0.0723713384007,-0.1807266561135,-0.4402848001740,0.4683357657420,0.2025977283346,0.1172649326828,-0.1587976946348,0.1594896208869,0.5164497409922,0.2373796857113,0.3079901705603,0.0621826883950,-0.1673700758271,-0.0926351774251,-0.0185010953045,0.1476065067262,0.2208702080490,0.2688566658502,0.2081617212769,-0.0680748200543,0.0123091047485,-0.3971138080755,0.1139570513349,0.0527969388579,-0.0110647618618,0.3729436518235,0.2344708026137,0.2514867446807,0.2476530630030,0.5329314683222,0.6772132116353,0.8265186319942,0.9307667103343,0.1171441358005,0.3457818174843,0.3108097254361,0.3236692474114,0.0984772130081,0.2118431776559,0.1993124438534,0.4405313440323,0.8383751303080,0.6999562024786,0.3717760760768,0.1805720314890,0.6534718884409,0.3406642649677,0.4937633942313,0.2768068705716,0.3801769819042,-0.0562000147872,-0.3285383253037,0.5747649228793,0.1928500420197,0.3509274421995,-0.3270776994452,0.0219258739775,0.0951360539560,0.0610005143768,0.3070454961066,0.3056918861056,0.2079832001077,0.0176191922237,0.0803838866969,-0.0603999892030,0.0433427983248,-0.0266177118892,0.1101103851886,0.0395061895985,-0.3167794045345,0.0640865343674,-0.0634892525616,0.1636504382846
0.2333405620229,0.3567883402182,0.3085926709611,0.2621473779977,0.0398077112584,0.3801092038988,0.1651746236785,0.2381962039644,0.0771945069158,1.0000000000000,0.1241786363184,0.5694874311650,0.4404930794922,0.2539800217245,0.5395226922762,0.0238621990826,0.1354250094989,0.1903451081837,0.0955001589119,0.0099213918104,0.1479480638462,0.6076794039376,0.3271369480564,0.2220708033296,-0.1175438301351,0.2830922207131,0.0657294961417,-0.2548215603536,-0.2881457812871,-0.2380359466148,-0.0884841245111,0.2970444529044,0.2730869749222,0.0586751770330,-0.0706504141163,-0.0719041168110,0.0412024910161,0.0157575160683,-0.1301735190621,0.0748503559362,-0.2334164766641,0.0372552223323,-0.1515341605492,0.0636878986497,-0.1179633675145,0.3392719085286,0.1285595142590,-0.1111932843484,0.0219476665825,0.3890001179135,0.0865550731368,0.2339740266634,0.3240219646929,0.2348229864322,0.1505249849272,0.1818825364393,0.1225527924383,0.0361784386615,0.1217153303003,0.0756151065217,0.7130802116415,0.1291144827050,0.4387745183041,0.2599893978312,0.4678162117598,-0.0197339178403,-0.0699552174857,0.0637045822613,0.0019374037297,0.0388301506630,0.1521816149789,0.5448830337603,0.3829846862928,-0.0214105207729,-0.1274181718539,0.0684653329964,0.1354669944727,-0.3119827758444,-0.3114857477449,0.0073470367989,0.2740320133441,0.3532749597032,-0.2678824372906,-0.3009150452010,-0.2052829267662,-0.0107360378191,0.0538618287788,-0.1126319449062,-0.1475033633945,-0.2158513293802,-0.1171710338455,-0.0946508714469,0.0545859084045,-0.2017577651800,0.1603006221225,-0.1592623554426,-0.1608160659588,-0.0922176575635,0.1783383060550,0.3553266261998
0.0182702038776,0.1788784658956,0.2641178127149,0.6726594198408,0.2323902858744,0.2660682070587,0.5357971554374,0.4700321510017,0.3782402461946,0.1241786363184,1.0000000000000,0.5575298778606,0.4587852081712,-0.1785392063451,0.5155238495406,0.3931305964226,0.4599963341698,0.4447146057222,0.3243524380648,0.3417902528914,0.3786127300641,0.0314844273040,0.4871104171935,0.3423135611251,0.0625098096159,0.0676551822703,0.4115857897752,-0.1230311199907,0.0470010744843,-0.3364759714124,0.3171471474954,0.0058032272990,0.2584900017733,-0.2779541270454,0.1493941531768,0.0838814204467,0.1518187156914,0.1575857911680,0.0521559214572,0.0294736355199,-0.0875833976063,0.0458674468659,0.1013175393485,-0.0022216098852,0.1613333810959,0.0029196693783,-0.1451756180322,0.2258542868741,-0.1264554668700,0.1398014767740,0.1443650586023,0.2260873591582,0.4695072550458,0.3352121655189,0.4678523635673,0.3455473556093,0.4035704627456,0.2980700706609,0.3596379901477,0.3592492247984,-0.0444173293693,0.7543233271963,0.4458836615170,0.4123963298586,0.1346598745108,0.2079271519577,-0.1697507267834,0.4187540413519,0.2736542325998,0.2273508732708,0.4217182513831,0.2744961651561,0.2884078647254,-0.0002052472750,-0.0179140118317,0.0046544249750,0.1952389423372,-0.0247027910764,-0.1022424924584,0.2595815724863,-0.1152772983455,0.1945144148352,-0.4986007335889,-0.2122882466695,-0.1916713207054,-0.2297653531188,0.0841276923555,0.0444194529605,0.0177395939445,-0.2378185871964,0.0529183848969,-0.0189432089590,-0.2070257581726,-0.2891383461143,-0.2183302987516,0.2330907116474,-0.2258319301021,-0.0995834656074,-0.1191807754976,0.1710366826277
0.1835903884733,0.3279457706085,0.2174011070119,0.5862955254122,0.1358532829842,0.2918599579045,0.4581633380172,0.2661902570273,0.1860438689327,0.5694874311650,0.5575298778606,1.0000000000000,0.7030264635924,0.0658375140766,0.6284711896963,0.1950388090969,0.5656032227547,0.2179528743184,0.2198849738605,0.0576508045361,0.4742595619448,0.1951037498287,0.7003914938564,0.2502269249550,-0.1201596525904,0.2871954364742,0.3806528472706,-0.3195849895082,-0.0920801683754,-0.4224466134366,0.0562327300736,0.1461241475575,0.4267500224693,-0.1715224438086,-0.0308886283306,-0.0091590386353,0.0133557082625,0.0500886267756,-0.2222034703417,-0.0089537135152,-0.4283885967564,-0.1321619265442,-0.1950683168377,-0.1009117163335,-0.1129208714328,-0.0143012601557,-0.0429427999532,-0.0749623236696,-0.1066105911467,0.1881770237626,0.1181534161951,0.2900562221079,0.5302530004382,0.2337005387645,0.2649910417432,0.3308648800675,0.3513398702986,0.1264132808788,0.2379606592330,0.1844533084373,0.2448317656091,0.5764219911816,0.5623425278457,0.5806507188292,0.4689576557163,0.1051393057095,-0.1524384670076,0.3908190095983,0.1134091628252,0.1078355767469,0.5965749927435,0.5631455733751,0.3077362417809,-0.0028669507766,-0.1161152586705,0.0710680605162,0.2160825689721,-0.2043503035998,-0.1327721481209,0.1331998391403,0.1269321440674,0.4806127364953,-0.5331315412556,-0.4216205225185,-0.3424171026197,-0.1295240722750,0.0443775652996,-0.1329876101394,-0.0308400507062,-0.3346870254711,-0.1615876091164,-0.1658209194168,-0.2002521813270,-0.3877314417560,-0.0234146710810,-0.0401094398182,-0.2533417163012,-0.2057758666014,-0.2022582982366,0.4247073715197
0.2608998131869,0.3385070862748,0.2643781262926,0.6317902178493,0.3248456700275,0.4362145036429,0.6038901237768,0.3214861146750,0.1568740907231,0.4404930794922,0.4587852081712,0.7030264635924,1.0000000000000,0.0322342913117,0.5364314486456,0.1984580895026,0.7086324434054,0.2116724536298,0.1463801196016,0.1344103903192,0.4112840074690,0.0407188335148,0.4210332710985,0.1735409447931,0.0481526152732,0.2201154691880,0.4708170407319,-0.3493769032614,-0.1453062609125,-0.3250980789764,0.1268649152009,0.1397582561881,0.4783201899982,-0.1701784793813,-0.0436120293355,-0.0984326202783,0.0725386104134,0.2281415778460,-0.1485049052069,0.0374267979884,-0.3600892633106,-0.1220717313497,-0.1519458895504,0.0386982927139,0.0270453672354,-0.0700749550234,-0.0018436838226,-0.0264745541787,0.0275708571556,0.1031819959222,0.2987205732227,0.3780803056710,0.6592773801935,0.3161813403413,0.3986870821633,0.5039626956966,0.5380312038693,0.1663715451567,0.1275430432465,0.1154424245795,0.1290797896305,0.5490073078616,0.4409179854542,0.7604177603769,0.3645469732624,0.0050038962531,-0.1172805610861,0.4595718669494,0.0288364071851,0.1389636218899,0.4637102511684,0.3020587413508,0.2408420938156,0.1644955427345,-0.1780185511408,-0.0319257400824,0.2175864607521,-0.2704677415642,-0.1668005976046,0.1503794895992,0.1135395514936,0.4698364859846,-0.4526545992947,-0.4083608358805,-0.3086886553860,-0.1465632833747,0.0356264245204,-0.1565384697683,-0.1508970102592,-0.2642028542834,-0.1347992430743,-0.1583696560069,-0.1225641609014,-0.4610371284956,-0.0384852101969,-0.0297027572228,-0.1492618322168,-0.1831912017786,-0.2334389878177,0.2495495699760
0.3482393634316,0.2855426244109,0.1021344423152,-0.0325988535668,0.1134327796917,0.1122918447573,-0.0561581520615,-0.2046516366084,-0.2993223344780,0.2539800217245,-0.1785392063451,0.0658375140766,0.0322342913117,1.0000000000000,0.0564744042527,-0.0905654786948,0.0190404456175,-0.0633949497129,-0.1926915329413,-0.1964542872776,0.0754822300772,0.3080789685924,0.0353031922319,-0.2213204000088,-0.1484419084112,-0.1632761141017,-0.1183869317733,0.0637469060107,0.0854558389875,0.4632361575760,0.0034863278372,0.2701428543539,0.3304949819941,0.0414985777683,0.0252564870045,-0.2365064503301,-0.2984006878385,-0.3064376767621,-0.4511275634011,-0.2617890824617,0.0025514230224,0.0325938725070,-0.3337493800027,-0.2509073229273,-0.2332370101459,0.1080978017209,0.3780369682206,-0.3550006977283,0.3827406279631,0.1353909626665,0.0734693577970,0.1586905025470,-0.0828136276875,-0.0038573177619,-0.1037279213421,-0.0541113315502,-0.2649321803915,-0.1747434603885,-0.1715653589993,-0.2823785249525,0.0799940737143,-0.2451202617551,-0.1646327283631,-0.1679580584639,0.5299816709286,-0.3782355607535,0.1791451963607,-0.0705022725274,-0.2053441465371,-0.2230106788698,-0.1431086601699,0.1414809590603,-0.1657884797378,-0.0951655435676,-0.0784302383390,-0.2330528879280,-0.0732015527085,-0.1048489501640,0.0775439127809,-0.0733319260840,0.3254369212191,0.0821309646823,-0.0183030734674,-0.2808221502188,-0.0591290749386,0.0366921405040,-0.3632302750527,-0.1847916299911,-0.4114543672044,-0.3007047684713,-0.4579144760802,-0.4665156868845,-0.2400519513891,0.1373085869768,0.0290192618742,-0.3488696011160,0.2779362295620,-0.0945113778585,-0.1310251215559,-0.1659437978799
0.1845076649620,0.3863894599792,0.2828437945029,0.6746493614807,0.1399022765610,0.3316407051821,0.4324091531935,0.3671513351192,0.2591671282996,0.5395226922762,0.5155238495406,0.6284711896963,0.5364314486456,0.0564744042527,1.0000000000000,0.2264844515143,0.4397286187859,0.2631609949495,0.2663410443899,0.0899476600539,0.4071943111538,0.2390603653339,0.4519868365552,0.3913974082749,-0.0543410283424,0.3168949269095,0.3506494650475,-0.2560237197818,-0.1520035381295,-0.4226580861911,0.0531461364325,0.0317398876524,0.2124719672100,-0.0173363235555,0.0068948218423,0.1014383132338,0.1564709008756,0.1925416983681,0.0616673662178,0.1317709322517,-0.1786634443564,0.0408477933819,0.0854566276099,0.1268661036078,0.0156617697353,0.1046233989205,-0.1690531811165,0.0256449500888,-0.0878524028531,0.4156756939409,0.0890287037317,0.3281139868950,0.4778183725913,0.1844977549520,0.2598051928913,0.2700330113852,0.2964302270477,0.1664893616132,0.3065739002821,0.2454491003664,0.1674754019104,0.4475578454145,0.3736827889782,0.3381776483172,0.4274931574634,0.2646312898341,-0.1795404811749,0.2603245257531,0.1849885938765,0.1659943038473,0.3739787733634,0.3615457081535,0.4020069118839,0.0711316058923,-0.1329755787378,-0.0520867826581,0.1109718140357,-0.1677259775592,-0.1914506731986,0.0969232325075,-0.0079361086747,0.2659464092383,-0.4057224998797,-0.2805187339162,-0.2749755257416,-0.1570450187568,0.1747229104942,0.0106982470700,0.0451267360919,-0.2133022251999,0.0950992971166,0.0244171418395,0.0403673600031,-0.3730878246777,-0.0900263225756,0.0519798701109,-0.2742784903147,-0.1414764024845,0.0171981930265,0.3947572552665
-0.1123351124552,-0.1075993435852,0.1498785686374,0.4712650859631,0.1596629406403,0.1952241248610,0.4942923850237,0.5650052755759,0.6063431209981,0.0238621990826,0.3931305964226,0.1950388090969,0.1984580895026,-0.0905654786948,0.2264844515143,1.0000000000000,0.4002904305984,0.5615905099450,0.8131870494316,0.6303180919986,0.5051415201747,-0.0045200229014,0.3177281788468,0.6274127514266,0.2150023667020,0.1125177765734,0.2532748797235,-0.2068818040923,-0.2185325595422,-0.2067241902554,0.7096338155036,0.1714563222898,0.2634828566098,-0.2530557986210,0.5029105986621,0.6531195081832,0.3207835558416,0.3376365403324,0.1680338084554,-0.0676558076788,-0.1774648057383,0.0084034773936,0.3455671248634,-0.0532424311566,0.3294367409127,0.0809373246089,-0.0270497396539,0.1406381951618,-0.2307301971282,0.1035873501689,0.0753784152318,-0.0611797684545,0.3996021939498,0.2176354519578,0.2904788457853,0.3110060383485,0.3035937854164,0.3871876632685,0.6292479538320,0.6588209066058,-0.0478412353764,0.3963777333873,0.2052618690013,0.0966406008482,0.0521053450814,0.1632837046571,0.3701515381703,0.4545536969289,0.6776298546304,0.5690066532876,0.1754345832921,0.1944610219865,0.4590778520542,0.1111635299284,0.1141400579317,-0.0113434063847,0.1801411793550,-0.2230408900865,-0.2955654598324,0.5927149160798,0.1237534442832,0.0864664456333,-0.3492471403539,0.0311638569156,0.0262147175364,-0.1172642078748,0.2264232126935,0.5004338970718,0.0132533321859,-0.1636460239716,0.1203175368758,-0.1821359100533,-0.2606945255707,-0.2122289853006,-0.2316527934155,0.1659140996645,-0.3756389469035,-0.0249675400432,-0.0417734777798,0.0063678103252
0.0469224997622,0.1642405358873,0.0183786258923,0.6164343367285,0.2615139353782,0.1968977203342,0.5015717409935,0.3538599984950,0.2574223404603,0.1354250094989,0.4599963341698,0.5656032227547,0.7086324434054,0.0190404456175,0.4397286187859,0.4002904305984,1.0000000000000,0.3416913752264,0.2772670082598,0.3620894832890,0.7176896073591,-0.1850828370713,0.3573290171242,0.2388028082692,0.1575983565787,0.2351005808308,0.5359754083122,-0.3035356615442,-0.0481965447606,-0.2956839323216,0.4810714063856,0.1517301638465,0.5019172642523,-0.2299901161638,0.1981633625879,0.1061342154200,0.2558981393961,0.4871006961730,-0.0349070403573,-0.0921914139833,-0.2934225265584,-0.1943186742650,0.0347711388607,0.1281540081655,0.2489192783244,-0.2783505954694,-0.0160776354742,0.0056521033356,0.0233436107039,0.0095406760801,0.1845531548741,0.2192392727486,0.4824762620674,0.1445674542899,0.3393151345556,0.3474916116706,0.5952581588033,0.3964663054791,0.2918871223392,0.2128308487223,-0.1093217198614,0.5571744245309,0.1922166576014,0.5996351222368,0.2504580708362,0.1466877455927,0.0924455158418,0.7243874144808,0.1767102504288,0.4339479210940,0.5919973281077,0.0907045182775,0.1925532024535,0.1950689082386,0.0980524480153,-0.0082033362016,0.2619478298738,-0.1452555276518,-0.0550893781881,0.4845386740325,0.1926470393088,0.5248290781127,-0.3396525361231,-0.1538358787568,-0.0678576112951,0.0524871116167,0.2102932263518,0.0969996595087,0.1403069920972,-0.0207953818669,0.0130604571090,-0.1127325926640,-0.0625221110848,-0.3661133184085,-0.0320344418838,0.0832673018783,-0.1088838734933,-0.0320515377602,-0.3546900984451,0.2002041792647
0.0512122358412,0.0642916235440,0.3078701865047,0.4408651341636,0.2406885513457,0.3722647898425,0.4107762563649,0.5783679402423,0.4709734950674,0.1903451081837,0.4447146057222,0.2179528743184,0.2116724536298,-0.0633949497129,0.2631609949495,0.5615905099450,0.3416913752264,1.0000000000000,0.4320526843867,0.6066217333849,0.3459813276326,0.2442950475190,0.2421923306165,0.5642795331595,0.1108500667556,0.1230740323369,0.1086929295722,-0.2293061831250,-0.3650524153904,-0.3981561439352,0.5509037735666,0.2477200314245,0.2431858869988,-0.1222923553241,0.3653321054255,0.3158687274684,0.3992420372445,0.2640555639460,0.1817945990949,-0.0361245237742,-0.1488040594159,0.1264137139648,0.0101130737326,0.0463863200041,0.3194825824607,0.2976773485973,0.0707832110972,0.1739931801424,-0.1719820669365,0.2472391258879,0.2578922841704,0.1698579974479,0.3721915299921,0.3978821089188,0.4528276796904,0.2850547965168,0.4844932650039,0.5216039672702,0.5180853049509,0.4089724085025,0.2809179197728,0.3357271919262,0.3539733726753,0.2813541621424,0.1864442596486,0.1143355796014,0.0377655035043,0.5840326285999,0.3495326478383,0.5401742974968,0.1819621130482,0.2913472054826,0.5647129246198,-0.1195981527078,0.2701718306254,0.1254412759214,0.2250751728530,-0.1968410260823,-0.4549013563732,0.6096850276410,0.3059734727784,0.2580726078000,-0.2476935408994,-0.0870749542036,0.0053128222570,0.1258238421042,0.3816004099246,0.3092085765175,0.0525126617983,-0.1680211286838,0.1990312833828,0.0271842845464,-0.1077574669991,-0.0719456528330,0.1124309920027,0.2002180331317,-0.1990090899099,0.1714271842459,0.1524019247656,0.1606438358559
-0.1557263979058,-0.1527407478936,0.1293880907629,0.3441720065278,0.0209829824187,0.1595759387074,0.3408225754001,0.6627700445300,0.8176515114624,0.0955001589119,0.3243524380648,0.2198849738605,0.1463801196016,-0.1926915329413,0.2663410443899,0.8131870494316,0.2772670082598,0.4320526843867,1.0000000000000,0.6243343487614,0.3869789490625,-0.0309675424680,0.2951864360076,0.6617162757587,0.3073717528061,0.2654113992174,0.1519580050248,-0.1806247324198,-0.2110102713340,-0.3618429569283,0.5351674869802,0.1774887597694,0.1352959720582,-0.1894727494182,0.2661600154350,0.7191825426132,0.2735106840576,0.3341211748528,0.1528375325560,-0.1205645822891,-0.1594374513125,-0.0168653239984,0.2938829261881,0.0516697165574,0.2721729048131,0.1321152518883,-0.0791900897479,0.0495364020316,-0.4036037790046,0.1130392476490,0.0354246685576,-0.1263524787567,0.3716097061866,0.1891336922815,0.1986792419424,0.2657038907529,0.3435304946886,0.5006266609246,0.7725846241918,0.8660746532979,0.0549648312591,0.3452779146879,0.2847497511538,0.1632349961789,0.1174119342018,0.2374357167645,0.2898792409640,0.4021271108481,0.8572149902490,0.6441075302072,0.2999010539836,0.1832005427565,0.5645078431845,0.1804324797265,0.2733712545137,0.1668924122764,0.2203722944183,-0.1474611541930,-0.3004495287984,0.5704642442197,0.1720026840120,0.1901282511086,-0.2796783407074,0.0783855890060,0.0650163474115,-0.0312134220671,0.2952665812807,0.4329781041323,0.1495801294140,-0.0636577249622,0.1485536284489,-0.1140201176287,-0.0979449995323,-0.1526295479085,-0.0662898872604,0.0757481096523,-0.4316518387471,-0.0038586864413,-0.0284451131436,0.1258958210167
-0.2750221423471,-0.1763934369521,0.0808102102585,0.2521769134298,-0.0021490638895,0.1244756639934,0.2400680095874,0.7471979480316,0.7570263777664,0.0099213918104,0.3417902528914,0.0576508045361,0.1344103903192,-0.1964542872776,0.0899476600539,0.6303180919986,0.3620894832890,0.6066217333849,0.6243343487614,1.0000000000000,0.2926407572886,-0.0242982080005,0.1043462401683,0.5140249714154,0.5919771307942,0.2348155761537,0.2533817318304,-0.0956537415158,-0.2263892394856,-0.3005778676327,0.7636643987316,0.3926908487337,0.3604960624069,-0.2038764722599,0.3912645276692,0.4380963520160,0.2979716320423,0.4944417522911,0.2003215106674,-0.2522173276180,-0.0422639037568,0.0779278511228,0.2722268482326,0.3107444277535,0.5264878574237,0.2262705214779,0.1262100368369,0.1520768399817,-0.2535435815566,0.2380340259457,0.0389304491476,-0.0668149882184,0.2251030546659,0.2375457080445,0.3135822516255,0.1425070474482,0.5544450397714,0.7413628038045,0.6588996811834,0.6853830353496,0.1299666888142,0.2824099856350,0.1998475041098,0.2638756633870,-0.0387550577464,0.2485314847283,0.2747475993973,0.5651350301530,0.5992705569191,0.7914818746130,0.2195306271523,0.0723922914417,0.5586459046693,0.2638162321619,0.4870758509744,0.3076995435859,0.4882921848223,-0.0527331577549,-0.3581361982015,0.7528939304763,0.3522709676420,0.4418112098598,-0.2214166458353,0.1421942104048,0.2563777284988,0.2044751448675,0.3079373392891,0.4126167672292,0.2585271598817,0.1396444493937,0.1802413022415,-0.0972071310379,0.0717756247503,0.0113444710050,0.1900100414659,0.1638943134744,-0.2081089376619,0.1148207220132,-0.0303419789669,0.1039774492995
-0.0936794389803,-0.0421423696776,-0.0791337285257,0.4741909837501,0.1632499865565,0.0984650355827,0.3933597141267,0.2343063735508,0.2498201871632,0.1479480638462,0.3786127300641,0.4742595619448,0.4112840074690,0.0754822300772,0.4071943111538,0.5051415201747,0.7176896073591,0.3459813276326,0.3869789490625,0.2926407572886,1.0000000000000,-0.0501451858024,0.4567694902113,0.4425886157470,0.0377845754922,0.2461660340732,0.4376508784758,-0.3899324523030,-0.1295809774531,-0.3259577150509,0.4852393483234,0.1147321304953,0.3384934130939,-0.1971727096529,0.3709593339750,0.3583660291948,0.3074289208947,0.3209859602852,-0.0108208405455,-0.1345451015675,-0.3763908435335,-0.1033160811937,0.0901011306783,-0.0815457601523,0.1010373987799,-0.2525186434474,-0.0341000449694,-0.0425187039468,-0.1198241419960,0.1868755408533,0.0304391411537,-0.0030964167176,0.3529249591227,0.0101554291238,0.1908074899683,0.2283752426166,0.4040927928354,0.2402161969422,0.2800798340728,0.2251181429271,-0.0678348505553,0.4258477101706,0.1498660861143,0.3041409373878,0.2250980671180,0.2261460502188,0.2269857560561,0.5370244894528,0.2219077556755,0.4545077330273,0.5925394243072,0.1902820403967,0.2891612423630,0.1350117939350,0.2278031081574,0.0588682755474,0.1570617049890,-0.2225283876678,-0.1410895266207,0.4430132233055,0.1741104731707,0.3088420660208,-0.3977492504316,-0.0978202753636,-0.0187574792481,-0.0307161376672,0.3280930304260,0.2832401020992,0.2126467251549,-0.1262485773739,0.0467792073397,-0.1619714591772,-0.1924540159630,-0.3695916375502,-0.1295315343492,0.0795846761735,-0.2593217040859,0.0219373699809,-0.2004362767126,0.3296617015545
0.1325603914782,0.1610562483390,0.1721305364650,0.0704176805501,0.1058536180224,0.2309296944660,-0.0019496438917,0.1092335865141,0.0072485296665,0.6076794039376,0.0314844273040,0.1951037498287,0.0407188335148,0.3080789685924,0.2390603653339,-0.0045200229014,-0.1850828370713,0.2442950475190,-0.0309675424680,-0.0242982080005,-0.0501451858024,1.0000000000000,0.1950617542174,0.1896520355616,-0.1008809193901,0.0338636455494,-0.0430287021868,-0.0519010057758,-0.2514694540767,-0.0882672646555,-0.1343616056057,0.1528761001784,0.0723896809646,0.1865631991626,-0.0382631715738,-0.0645379460923,-0.0282006321012,-0.2320865636548,-0.1435102562825,0.1216758217979,0.0448022534347,0.2244865701959,-0.2220096845493,-0.0894487184940,-0.2174207031578,0.6749450378929,0.2542855847094,-0.0965118396857,0.1797659710626,0.3068340104682,0.0755560358023,0.0806952978045,0.0596534408760,0.1303821435621,0.1470153241550,0.0182804230680,-0.0348252605064,-0.0604759874526,0.0009709057650,-0.0267055325287,0.6772564860804,-0.0007900953543,0.3499653549397,-0.0300976038591,0.2167644505836,-0.1466623995638,-0.0965501344020,-0.0897539512721,-0.0329556743515,-0.0343419827001,-0.1410917334919,0.6728274090435,0.3107668815493,-0.1008951387682,-0.0566159190280,-0.0510448413306,0.0226215841868,-0.2373685421680,-0.3521631746146,-0.0751622153183,0.2101319734590,0.0295449073765,-0.1900564504094,-0.3191959307468,-0.2327014575188,0.0391516996587,-0.0205041278673,-0.0748835867262,-0.2635114201533,-0.3811413495299,-0.1415887083470,-0.0124087640626,-0.0710924467499,0.1219881697822,0.2855982769665,-0.1204098843408,0.0468693854236,0.2797785269273,0.4302739846697,0.1646112679894
-0.0228344107246,0.0730236927270,0.0501910442990,0.4231167673787,-0.0208102624806,0.0924394781150,0.3229986214548,0.1968063589603,0.2278464230308,0.3271369480564,0.4871104171935,0.7003914938564,0.4210332710985,0.0353031922319,0.4519868365552,0.3177281788468,0.3573290171242,0.2421923306165,0.2951864360076,0.1043462401683,0.4567694902113,0.1950617542174,1.0000000000000,0.3452333821027,0.0122528087756,0.4463000114072,0.4820981061136,-0.4192415268147,-0.1880977512764,-0.3622315465752,0.1419413918855,0.3292780002061,0.5154092159516,0.0587312027407,0.0392074764034,0.0988127624418,0.0836344447353,0.0466197947323,-0.2713034011921,0.0707824066331,-0.3610133904274,0.0422296579585,-0.1051548988536,-0.0949165814286,0.0082437148790,0.1307176165760,0.1713163829389,-0.2034639808823,-0.3593844876991,0.2698428322550,-0.0033347224385,0.0615249541118,0.3923871974702,0.0781256265305,0.1281175239045,0.2289396295856,0.2680657373105,0.0380558238253,0.2156919906853,0.2054707046486,0.1278144022991,0.4059195499336,0.4893817209259,0.3020472777965,0.3274749154222,0.0244273988977,-0.0409183138255,0.2709346242275,0.1886083866675,0.1814121054215,0.3782442308615,0.7018655391961,0.3011887737150,0.0025546917062,-0.0845831274447,0.1315308476791,0.3616938891142,-0.2745251788052,-0.2655018328331,0.1735288920252,0.2371165325546,0.2704881323896,-0.5570293264956,-0.4325228507973,-0.3905962532646,0.0170173273626,0.0630823448652,-0.0562639768771,-0.0831814876950,-0.4927412154754,-0.2707437900753,-0.1516986567533,-0.2597679269319,-0.4479861467161,-0.1491906804440,-0.1570356793887,-0.4667365245627,-0.1270225553606,-0.0082362328896,0.3459039270521
-0.0943167778696,-0.1096849152051,0.1828156046553,0.3929287856309,0.0681594513319,0.2444971362160,0.3504462119853,0.5271566160181,0.6068228452290,0.2220708033296,0.3423135611251,0.2502269249550,0.1735409447931,-0.2213204000088,0.3913974082749,0.6274127514266,0.2388028082692,0.5642795331595,0.6617162757587,0.5140249714154,0.4425886157470,0.1896520355616,0.3452333821027,1.0000000000000,0.1313510524768,0.4359223601085,0.2274022008241,-0.2649942825724,-0.4008480306468,-0.5405973438790,0.4069112654880,0.1189737661640,0.0125463779691,-0.0987552845812,0.3711224957703,0.6734714957879,0.5033955972082,0.3782110123332,0.2650896530164,0.0897818125685,-0.2593906548219,-0.0356458474481,0.1730981902044,0.0894945978560,0.1299538971039,0.2267659858774,-0.1793480779972,0.1995296222015,-0.2693426862730,0.1756647596917,0.1103753806515,-0.0657831688454,0.4013797210593,0.2558705087812,0.3538473214390,0.2561372295540,0.3959415981653,0.3914200522148,0.5649053930288,0.6078004314911,0.2368981206595,0.3123089096146,0.4008176460028,0.1806993331265,0.1081914481843,0.2829467315764,0.0765710171414,0.3518044929878,0.5935246497781,0.6265531998134,0.2838430920204,0.3470399942589,0.8166712981634,0.1194880251776,0.1364383319456,0.2609950065776,0.2901284215300,-0.2258785035365,-0.4829562115599,0.4722547828903,0.1711234412164,0.1227901694239,-0.3724700881845,-0.0774792547254,-0.1484399598407,0.0147231205195,0.5701893277762,0.5009934935364,0.2059508562263,-0.0942432964768,0.2966922928744,0.1091250869086,-0.0006847728821,-0.2352693473501,0.0026080571272,0.2428950708430,-0.3600845236721,0.0846152117682,0.1703461522428,0.2898166609476
