1.0000000000000,0.5022123548258,0.4737554406813,0.1684728571254,0.6300974063695,0.4757491509575,0.1839025561198,0.0787162755753,0.0926522176230,0.1541606721476,0.1914769995876,0.1169390200057,0.1250006623810,0.5765627762114,0.1172146394894,0.0239518055269,0.1548552211558,0.1594676539799,0.0089665836425,0.0616917513373,0.0889343349522,0.1500908843267,0.0873231047246,0.1306340944943,0.0594252534601,0.0586919506137,0.0352001704689,0.0879152608568,0.0119614428576,0.1478609061171,0.0823405791322,0.0690993900817,0.1369549647440,0.0462370452925,-0.0245445915162,-0.0044628065339,0.1491298861707,0.0653832335252,0.0946107401604,0.1840159080789,0.2585074261069,0.1575568877844,-0.1611742160141,0.0317796111454,0.0592555135776,0.0379132635882,0.0589030593385,0.2546444417134,0.3430876898087,0.0667690709419,0.7844171992290,0.5207826051260,0.2418615532397,0.4175360956599,0.3291683144621,0.0924291808945,0.0814425567951,0.1253768615972,0.0357654061877,0.0927185048923,0.1460809565011,0.1014252369556,0.1607240644125,0.0320183521746,0.6438210101972,-0.0301738637736,-0.1562508516851,0.1374542662525,0.0348575602676,0.0530662114453,0.0947035681650,0.2490984082255,0.1146773602835,0.0572613281620,-0.0558477538392,-0.0698424104563,-0.0612309406826,0.1329197540695,0.0345349927964,0.0509857600711,0.0228439878924,0.0519639089353,0.3146020500073,-0.1655501797750,-0.0336577766363,0.1409884448980,0.0807494500517,-0.0371155916879,-0.1620526376441,0.0162209309242,0.0780763374025,0.1164568979284,0.0008961786790,-0.0022521823999,0.0833287461205,0.1572383306005,0.2583751692040,0.2592430824151,0.2084252330787,0.0748047626339
0.5022123548258,1.0000000000000,0.6383664030385,0.1409749363748,0.0873016774668,0.3300731398655,-0.0153285714709,0.1413014665055,0.1185554408406,0.1589503092746,0.0879321887472,0.0908730929860,0.2480760543473,0.6031874906677,-0.0803055301099,-0.2830867689716,-0.0028322830164,0.0320799676011,0.0789034974211,0.0441454549701,-0.1040837477084,0.1523289657929,-0.2888482857286,-0.1992664878266,0.2358428142155,0.3218065448249,0.0364837683646,0.4452037177642,0.2044074163936,0.5480909607448,-0.2320371401878,0.1835372599230,0.2094979291669,0.1675922180930,-0.1579397513499,-0.1883314505801,-0.0457595783459,0.3089065485493,-0.0665246801934,0.0811965265750,0.3106561288603,-0.0738268233848,-0.2002312753715,0.3907513542267,0.3659955990244,0.0397359413461,0.1782539821962,0.1477140725541,0.4507479090134,-0.0893007643894,0.2516474368268,0.6680345033010,0.0395576749974,0.2676367479138,0.0859816515366,-0.0876735548100,0.0353546183078,0.2811158887970,0.0025668098935,0.1462937035638,-0.0580709018451,0.0856881701394,0.0180268384885,0.0696588440426,0.5760898372001,-0.1137753549145,-0.0674442052721,-0.1037840003667,-0.0359983217546,-0.0630902742628,0.0313463328872,0.0628839459799,-0.1258893683288,0.2732138452908,0.0185614516584,0.2161600459138,-0.0874360846683,0.3899755119188,0.3108934828200,-0.1978195396585,-0.1985935285634,0.2039535676081,0.3948131336654,-0.1203151219528,0.3632007307476,-0.0157879082064,-0.1496938331201,-0.0915688643399,-0.3184626778613,0.3937530582782,-0.0945158389247,-0.0104861475408,0.4060656592074,0.2420465342202,0.0757545954599,0.0947518247477,0.4355595067342,0.1218733370465,-0.0255766944699,-0.1979568915027
0.4737554406813,0.6383664030385,1.0000000000000,0.3345042413107,0.3551086922401,0.7240665172663,0.2241875087774,0.6439270262828,0.6168475393373,0.2975251916383,0.4781557446939,0.4326533466448,0.6026158091011,0.5250741489248,-0.1344550732729,0.0676902338193,0.3685026993520,0.4792693402951,0.5893580390151,0.5872877131018,0.1556240316294,0.3642251502929,-0.0362704665854,0.2822250162120,0.6540954128381,0.5855813337429,0.3563879393665,0.4972292296982,-0.2805414754994,0.1065821892174,0.1384377133377,0.5709769829880,0.5633472759831,0.3952834935627,0.0471595119657,0.2038061312303,0.2247734685125,0.7028206677967,0.1397644643264,0.0007603430724,0.3174908663310,0.1385857262232,-0.1417127031213,0.6949805545879,0.7255259568630,0.4332012357796,0.5330252026093,0.2669120675793,0.1093965359959,0.1130410322713,0.4787251175557,0.3072714621706,0.2539669981245,0.7453506592698,0.5305023590157,0.2608941595966,0.4645213197431,0.7294954075567,0.4472664657795,0.6518375869412,0.4010865459901,0.4669867530697,0.5506080234189,0.4740410139497,0.5894770707493,0.1384961581696,0.2354636518274,0.2612941148756,0.4980107786725,0.4752730801675,0.3681912163803,0.4524227047108,0.3864638540731,0.5290528385254,0.5191249919438,0.5115942470235,0.3474366044352,0.5495709177665,-0.1313258851192,0.3010942606834,0.2255562505585,0.6638307576215,0.3105034938018,-0.0297905705986,0.6696383698627,0.3619723709269,0.1696328984003,0.3383963075097,0.0212238643821,0.6160362436378,0.1352193394151,0.1414898788431,0.6531263427169,0.4298177046722,0.5121716076337,0.2440205235952,0.0836485472821,0.3410234300230,0.4168248713158,0.2963105871717
0.1684728571254,0.1409749363748,0.3345042413107,1.0000000000000,0.4515687132309,0.5804938402262,0.8215688517480,0.4936150039174,0.5197396436266,0.2265013340291,0.6476319129521,0.5389040432649,0.4045539170421,0.1566099140900,0.6346608290047,0.7256255280827,0.6071962486739,0.4745972983394,0.4931977099920,0.5671271376831,0.5517731972827,-0.0452136005143,0.4223759947698,0.6725374532724,0.3394941134672,0.2341944455689,0.5692716076867,0.0683580599410,-0.2840648304203,-0.4098779082502,0.5979512160418,0.3522201081271,0.4700196387494,0.1324544978039,0.6141644325508,0.5999425021739,0.6324548073834,0.3693044346618,0.5476485126428,0.1400447224925,-0.1786537843024,0.1120382039698,0.5228915549125,0.2312381668002,0.2457099196719,0.2459083475566,0.2341181551853,0.3817345099493,-0.2798534032998,0.3715334181534,0.2755887335272,-0.1184581602589,0.7743554511530,0.5810151081241,0.6505159908306,0.8174735195384,0.4733887176490,0.4291877000591,0.5445814332795,0.4824005316385,0.0701327927714,0.6547839802359,0.4436262345253,0.4674336837265,0.1724740390028,0.5666174221499,0.5218038971882,0.6279120256920,0.6019492677923,0.5826172661583,0.5129080371528,0.1751363332567,0.6315444584984,0.1339118168208,0.3912333387797,0.2356172208285,0.4541607981498,0.1387770585307,-0.1955038323097,0.5857201290644,0.2241942349239,0.3553336110738,-0.3026755154182,0.2621723719421,0.1946072412419,0.0907597369933,0.5683348564517,0.6257184498941,0.4378183886429,0.1439533425333,0.5280106338891,0.1827027600775,0.0944203652430,0.0585957945963,0.0916221751611,0.4794251836195,-0.4052681549301,0.1048554680994,0.1354503999627,0.4475523997061
0.6300974063695,0.0873016774668,0.3551086922401,0.4515687132309,1.0000000000000,0.7020118188283,0.6098966172301,0.3222601479894,0.3350743551387,0.2174805697257,0.4367413013464,0.4176837426664,0.3786891927401,0.3930291246089,0.3196422605791,0.4146635387708,0.5343308236541,0.4372154529530,0.2208955290747,0.3374869149288,0.4510718086817,0.1859613616663,0.3931578876264,0.5391885847237,0.2375659136120,0.0305241869502,0.3232579243634,-0.0427948854961,-0.1757013947994,-0.3085430978274,0.4537573985817,0.1957738286960,0.3535351960980,0.1244877122631,0.4350222420842,0.3442150925371,0.5180208355776,0.1604044845614,0.3886026804819,0.1567699672942,0.1022108051185,0.3365220942323,0.0639443157893,0.0193188693510,0.0919455740450,0.1631944907745,0.2235576311599,0.3951790500661,0.0915643813351,0.3033988125123,0.8138706352395,0.1443897563834,0.5713481627898,0.6809026089748,0.7269354109930,0.5328213127911,0.4184825499336,0.2768350006805,0.3218621886679,0.3093070191943,0.3057528022610,0.3556300934050,0.3900708385411,0.3471201890759,0.4192470809480,0.1914117514932,0.1806787466982,0.5399342310554,0.2821898364725,0.4091451767743,0.4068831100379,0.3740587890567,0.5021177343111,0.1731159551488,0.2022891273904,-0.0461734179847,0.2304658093272,0.0697460994327,-0.2600848152882,0.4304608119414,0.3087420367256,0.2242857539812,-0.0877091101256,-0.0705431404506,-0.0398324578879,0.2621400768251,0.4620934103077,0.3238873771762,0.1111673088198,-0.0699456481395,0.3744344174282,0.1599926752208,-0.0994360699173,0.0620283627829,0.2324002627581,0.4075179512967,-0.0739479212571,0.4520221867572,0.3822603294655,0.4223228011200
0.4757491509575,0.3300731398655,0.7240665172663,0.5804938402262,0.7020118188283,1.0000000000000,0.6279368884835,0.5971694882499,0.5884862331746,0.4497469796230,0.6346938257929,0.5864098578932,0.6197922471385,0.4910718423646,0.3144460738599,0.3935297347513,0.6026146539921,0.5834281706870,0.5212221329874,0.5904451665148,0.4750905999953,0.3272449830750,0.3337949443215,0.5890292643386,0.5498493275288,0.3504515889719,0.5070509245100,0.1845684444677,-0.3845253547605,-0.2161409617943,0.4627648130890,0.5083998595424,0.6221773210109,0.2823248521954,0.4237562298152,0.4147152992499,0.5308210390247,0.5256999333511,0.3769004807158,0.0465337559728,0.0571900549932,0.2212276624966,0.0148088270205,0.4123280113248,0.4515405456265,0.3573664441858,0.4432836396505,0.4732519451002,0.0610676821840,0.4250348628063,0.6231878294675,0.1528158224448,0.5446361936586,0.8807800922279,0.8823987985394,0.5730378523137,0.5582576335814,0.5898861466046,0.5211421690410,0.5992263039063,0.3826795972250,0.5495063306965,0.5687474375231,0.5840342732955,0.5481658377277,0.4174777772811,0.3558227380945,0.5582852947282,0.5342032712302,0.5810157542103,0.5613304723625,0.4886644585035,0.6476513812148,0.4761951631050,0.4676433307393,0.2871937160141,0.5016813639916,0.2809566387506,-0.2812232013095,0.5513272156024,0.4108327058040,0.6082676588658,0.0174717597981,0.0216824522278,0.3651994076210,0.3456125737698,0.4936713574663,0.5279199173820,0.2257707496689,0.3267951177085,0.4090160936975,0.1334523401063,0.3031262771519,0.2037477517380,0.3654849594542,0.5351445610885,-0.0680041848535,0.3516390202810,0.3474347810292,0.5926214121854
0.1839025561198,-0.0153285714709,0.2241875087774,0.8215688517480,0.6098966172301,0.6279368884835,1.0000000000000,0.4339738014500,0.4655780471260,0.1953024081495,0.6042065752948,0.4865319276800,0.3866523065906,0.1199124617359,0.5851239563311,0.7931461733536,0.6556312603854,0.4819507275762,0.4182874981829,0.4990843906000,0.5628806340306,-0.0070236741610,0.4516815391475,0.7435032442009,0.2790678321446,0.0819281784314,0.5496277430280,-0.0187989594923,-0.2624336246360,-0.4307231486164,0.7319763281033,0.2631600110233,0.4091758099804,0.0597331395500,0.7338894227345,0.6173451693280,0.6934829693189,0.2553361879710,0.6597691489883,0.1499984616389,-0.1101869972449,0.1648476515675,0.4285789878431,0.0781992717218,0.1477937603113,0.2024518716531,0.1889255961534,0.4321544239071,-0.1889451577406,0.3203850119958,0.3907494321594,-0.0912806998414,0.7472145234632,0.6308361364479,0.7418913017747,0.8746862508463,0.4847685287633,0.3154697539275,0.4649620069133,0.4077319126401,0.0892983648630,0.5456243452268,0.3546613865904,0.4501029622376,0.1375496996812,0.4746585097196,0.4545910470791,0.6806497701173,0.5554338530453,0.5412496456379,0.4763796795502,0.1685076458327,0.6571476659681,0.1303160684208,0.3153608601247,0.0697840574897,0.4316397700692,0.0998160469144,-0.2136130631564,0.6373018785534,0.2081898340862,0.2692883812136,-0.2862539315664,0.2409873855654,0.0552804350734,0.1154298191817,0.6430270147880,0.6450327687627,0.4049932703337,0.0331084380275,0.6306135811821,0.1434562396057,-0.0676221090589,0.0699472095496,0.0434493011206,0.5331567667181,-0.3232806712641,0.1909589537658,0.1349504392756,0.4396886257918
0.0787162755753,0.1413014665055,0.6439270262828,0.4936150039174,0.3222601479894,0.5971694882499,0.4339738014500,1.0000000000000,0.9327716298431,0.2032548766335,0.7174524860534,0.6613744181415,0.8115329533121,0.1129130699607,-0.0289559410421,0.4431791273600,0.7139405742735,0.8441835072944,0.8106556849740,0.9431607498156,0.4092174324987,0.2004227193898,0.2073920209544,0.6734554737153,0.8975310368484,0.6169201877756,0.7034102742046,0.2465560262856,-0.4295114435799,-0.3274255425642,0.5079684057271,0.7488944608866,0.7770827446213,0.4071489293212,0.3880765847140,0.4994608248680,0.5429932263812,0.8554532385889,0.3682724576414,-0.0656112294647,0.1510615652374,0.1895221699550,0.1181597609080,0.7309562600855,0.8135442703439,0.4921223078425,0.6536126742289,0.2658256029775,-0.2696367625380,0.2297471427398,0.2634012961257,-0.2210188282643,0.3546328689703,0.6758624051840,0.6289239000998,0.5350852944906,0.8649973806092,0.9299523005407,0.8372544905567,0.9069342645543,0.4096201521716,0.6874907990001,0.7007378407993,0.7846514481878,0.1118047911597,0.3049644712945,0.4992097041312,0.6687302225710,0.7938625176703,0.8921495286792,0.6004516359303,0.4429152246030,0.7802512994027,0.6282414420786,0.8157105224874,0.6115452830324,0.7128383309824,0.3769916218831,-0.3164574726388,0.7258802680506,0.3770115320127,0.8124991756296,-0.0300360917473,0.1393991271496,0.7031905226921,0.4025994998084,0.4817690883142,0.6188197194779,0.3522408248078,0.6023909429401,0.3614665440860,0.1664043503288,0.5761572947234,0.3162797798362,0.5652756699924,0.3370885263633,-0.2800843637500,0.3658021146523,0.4555003023046,0.5160312139426
0.0926522176230,0.1185554408406,0.6168475393373,0.5197396436266,0.3350743551387,0.5884862331746,0.4655780471260,0.9327716298431,1.0000000000000,0.2215889411205,0.7077766378759,0.6758739471746,0.7322988888954,0.0782787777170,0.0228556880434,0.5072515660697,0.6482129504487,0.7578643370247,0.9032599382263,0.9135148975017,0.4440835785518,0.1598322375882,0.2396918514540,0.7147198404748,0.8456067943016,0.6496119593153,0.6937513503691,0.2627486886743,-0.4242755640427,-0.3454235971053,0.4990863646120,0.7305068757466,0.6970493331934,0.3782537249169,0.3742250570667,0.5662285551768,0.4992274226300,0.7967774698737,0.3315190415393,-0.0788904375924,0.1341985593392,0.1831947110538,0.1853325799954,0.6901908512827,0.7517395971370,0.4886301307830,0.6058881600408,0.2098778623895,-0.3485964451124,0.2646921424422,0.2527266247009,-0.2204340511305,0.4190499822382,0.6603061717863,0.6067950760045,0.5715190027528,0.7778071921320,0.8878921118104,0.8156579223964,0.9598345938259,0.3834435473941,0.6865209087966,0.6915310938825,0.7064564302599,0.1235550618330,0.3532126721458,0.5655261682555,0.6029361795475,0.8929847224634,0.8629664756314,0.6044716266763,0.4103048624712,0.7856470136988,0.6050898036771,0.8369094736984,0.6307875362517,0.7154013404067,0.3859549883328,-0.3160164220554,0.6923871474481,0.3876948211878,0.7752622025618,-0.0799074044209,0.2006688890738,0.6865755144145,0.4029296433991,0.4649540855108,0.6585867273473,0.4130398147030,0.5738938726859,0.3318823636537,0.1363476575495,0.5616311613688,0.3116473337532,0.5426071563857,0.3073044722479,-0.3489459350609,0.3152641160884,0.4099359664275,0.5151949591928
0.1541606721476,0.1589503092746,0.2975251916383,0.2265013340291,0.2174805697257,0.4497469796230,0.1953024081495,0.2032548766335,0.2215889411205,1.0000000000000,0.3651189881639,0.4823291644546,0.3095174367543,0.2864542056480,0.4143891436079,0.1341926323995,0.1525130738464,0.2953643741470,0.1543076696599,0.1557077078319,0.2772496502003,0.5377057195927,0.3105011969795,0.2017564332303,0.1430769861919,0.1587758786008,0.1505696632729,0.0207336346924,-0.4006116688057,-0.1659405920088,0.0841099421210,0.3114778701457,0.3458301555529,0.2528377047551,0.1106305569542,0.0934999674756,0.2019257695839,0.1416801343446,0.0522705825719,0.0638281725892,-0.0653708682246,0.2184729781245,-0.0906760386290,0.1211244597705,0.1184855050069,0.3945972204280,0.2850001201412,0.1330703086900,-0.0262474274829,0.5900575425800,0.0967884794497,0.0853567078102,0.2627827770462,0.3689416028716,0.3347157130421,0.1644373076089,0.1798541363284,0.1868277734902,0.1981974396398,0.2401117414820,0.5134307382940,0.3456573642005,0.4336588917051,0.2697460485763,0.4100375992541,0.3560193670853,0.1401370474991,0.1693884894439,0.1783189523560,0.1568291316205,0.3594540875219,0.4113315467628,0.2989772120222,0.1530935389547,0.0968971285424,0.1769062225627,0.2806862322468,-0.0485612988341,-0.2267271203728,0.1597161306338,0.4055753805545,0.3743185034695,-0.0962230563511,-0.0319436187412,0.1432479327088,0.2805517367946,0.2070676987151,0.1832705946309,0.1470203647589,0.0961489967652,0.1194592922811,0.1500248307287,0.1685211950484,0.0140845597563,0.1686771863707,0.1527166593540,-0.1446802778603,-0.0067302832204,0.0858769330801,0.5062817691803
0.1914769995876,0.0879321887472,0.4781557446939,0.6476319129521,0.4367413013464,0.6346938257929,0.6042065752948,0.7174524860534,0.7077766378759,0.3651189881639,1.0000000000000,0.8279388168970,0.6686860494148,0.1860210625955,0.3618429818458,0.5824431098973,0.6695345590963,0.7234289596317,0.6030632397213,0.7277031575706,0.4955415908711,0.1933057719985,0.5671429361533,0.6848029246354,0.5743451136298,0.4757042861437,0.6843737994182,0.1758216108598,-0.3620899301927,-0.3834233900999,0.5465110087923,0.6675802011387,0.6996605253326,0.3566158811980,0.4797442981299,0.4824940247076,0.5834693037430,0.5935996818931,0.4021992543279,0.1253298391877,0.0517823175524,0.2610287465970,0.2252292744637,0.4792213960607,0.5423978040778,0.4962969644042,0.5524822710453,0.3882158285854,-0.3191586062205,0.4584139217308,0.3126734141081,-0.2257852391744,0.4786111427611,0.6858488614341,0.7131204688653,0.5892359671208,0.6724716836652,0.6397113230052,0.6676638863248,0.6650976071068,0.3127990482006,0.8614663389741,0.7259853591829,0.7158870274991,0.2177226474409,0.4668394219597,0.4249479433509,0.7063179417160,0.6692866928597,0.7090560525474,0.6707786375981,0.4732907839812,0.7337487734293,0.3710414496528,0.5683779034516,0.4711749555749,0.6864985104864,0.2686037721247,-0.2091452497168,0.6735546758905,0.4462397729240,0.6779512472627,-0.0956309428244,0.1339937057684,0.4485111211148,0.3988942524748,0.5383289457150,0.5902212485986,0.4121310040105,0.3525303814816,0.4256255292529,0.2492586363872,0.3540083699998,0.2669778592216,0.3525538423817,0.4827242581063,-0.3435924760920,0.2147198149702,0.3157646244507,0.6056897243740
0.1169390200057,0.0908730929860,0.4326533466448,0.5389040432649,0.4176837426664,0.5864098578932,0.4865319276800,0.6613744181415,0.6758739471746,0.4823291644546,0.8279388168970,1.0000000000000,0.7504280778813,0.1152570610305,0.3120012060008,0.3933767609896,0.6316987454403,0.6008719287267,0.5543495127499,0.6328993871120,0.5128146404897,0.1477668853816,0.5806000969163,0.5894263165665,0.5580808110735,0.5175692559873,0.6248760056591,0.1202939826782,-0.3205612178839,-0.4545641883675,0.3852741033111,0.6647703957694,0.6849782110284,0.3668992546773,0.3453976356090,0.3406153294389,0.5159726926645,0.5296187749723,0.2311520925736,0.0235471936912,-0.0106747475143,0.2302149012563,0.0982986031658,0.4436014592548,0.4882833295993,0.4767890687392,0.5707922541066,0.2587248266725,-0.3765140612915,0.4851909143282,0.2579312751299,-0.2241391890732,0.4459543336880,0.6177364995745,0.6236463251766,0.5016215941665,0.6324287954304,0.6011221589204,0.5283372333630,0.6204456021381,0.2730141403791,0.7949741842483,0.7597583402125,0.7398947175835,0.1909583527845,0.3957967406363,0.3524889212150,0.6358678543458,0.5722856719151,0.6213289867626,0.8039758128077,0.4402744036468,0.6445158730316,0.4202912307445,0.5520819256202,0.4711557027707,0.6509801482385,0.2227717434387,-0.1736450622213,0.5571681713971,0.4665748417907,0.7274646900786,-0.2548556835950,0.0443028689430,0.4321615102018,0.3708603084604,0.4787355938733,0.4638744963007,0.3621023474797,0.2969005348976,0.2879933726556,0.1233502879741,0.3415841972209,0.1667431006198,0.3980339604095,0.4055826251563,-0.3956914075474,0.2000739691747,0.1687084879227,0.5987845912952
0.1250006623810,0.2480760543473,0.6026158091011,0.4045539170421,0.3786891927401,0.6197922471385,0.3866523065906,0.8115329533121,0.7322988888954,0.3095174367543,0.6686860494148,0.7504280778813,1.0000000000000,0.2073657731525,0.0013969760367,0.2089763388351,0.7146793785364,0.6851873518946,0.5593694201302,0.7404199886495,0.3853882782587,0.1867097343173,0.2203887878397,0.4741910663321,0.8120680883907,0.5120307240162,0.6528027683042,0.1786251444063,-0.3006092936953,-0.2450835131779,0.3322523495682,0.6726866608378,0.8102683773935,0.3765224367325,0.2493806991744,0.2216155909400,0.4769197961343,0.7315888428309,0.2292960016815,-0.1021863428177,0.1122907660911,0.1618613550208,-0.1019217428209,0.6560205578293,0.7074897206976,0.4362119231728,0.7048465325136,0.2264896802763,-0.1055148363000,0.2479371943455,0.3117838208124,-0.0649884046818,0.3382576630960,0.6524567586253,0.6047095749009,0.4134127639051,0.8374991075322,0.8130825088043,0.6194190279656,0.7275742810922,0.3063602079505,0.6470850028629,0.6744117489872,0.9083424694759,0.2250424004290,0.1882830670387,0.3462776265328,0.6710736366385,0.5240402772342,0.6947002886580,0.6950962073627,0.4142931373477,0.6272392624244,0.6731877988521,0.6583821473873,0.4567762225389,0.6053071888633,0.2986948975578,-0.2232034144216,0.5818239573870,0.3698716907626,0.8081198945753,-0.0823202152113,-0.0739629584821,0.5863987520571,0.3122378997173,0.4081731741602,0.3928954223907,0.1587611021398,0.4873943865819,0.2281270683192,0.0168578615907,0.5028745815180,0.2231769468553,0.5132582719846,0.3239359427411,-0.1264839813967,0.3619826307051,0.2928702237264,0.4751270166982
0.5765627762114,0.6031874906677,0.5250741489248,0.1566099140900,0.3930291246089,0.4910718423646,0.1199124617359,0.1129130699607,0.0782787777170,0.2864542056480,0.1860210625955,0.1152570610305,0.2073657731525,1.0000000000000,0.1402879373441,-0.0534293079092,0.1611559823927,0.1970644231060,0.0114258728243,0.0769079555858,0.2469244292635,0.4728739929301,0.0163740903799,0.0231679544294,0.1898040017888,0.0944085535054,0.0615192738986,0.3256243220709,0.1358730720462,0.4913307159988,0.0140271293627,0.1335982423977,0.3204863740641,0.1154486977700,0.0411492633890,-0.0418723370576,0.0576312117191,0.1603313216026,-0.0804275058054,0.0442268332766,0.2741380178892,0.0848210982488,-0.2929265482337,0.1369569020117,0.1542712677891,0.0968645396618,0.1751181850566,0.1983816801773,0.5894659798386,0.2934101886118,0.4192211149030,0.4768232978456,0.0737783079821,0.3867891620028,0.3375891238281,-0.0359562943919,0.1158191949764,0.1769892287469,0.1031819117816,0.1318346172036,0.2242864379698,0.1250915182127,0.1021637671673,0.0862965246052,0.7377009835145,0.0023508033955,-0.0149865216421,0.0697063078661,-0.0150588396706,0.0476182393317,0.1672839482622,0.4227214635337,0.0963357675592,0.2589237718694,0.0015234670068,0.0032102649263,-0.0374013848470,0.2777639296216,0.1560846147006,-0.0092994178308,0.1151215281975,0.1791361015024,0.3542878256556,-0.2748843396162,0.1410853774314,0.1740177573067,0.0514612503663,0.0284855800306,-0.2635575691122,0.1334456785667,-0.0763474733852,-0.0544460752078,0.0966356997816,0.2879707510363,0.1298362367918,0.1786529180084,0.5030126719555,0.3406035603668,0.2228270488981,0.1626625662269
0.1172146394894,-0.0803055301099,-0.1344550732729,0.6346608290047,0.3196422605791,0.3144460738599,0.5851239563311,-0.0289559410421,0.0228556880434,0.4143891436079,0.3618429818458,0.3120012060008,0.0013969760367,0.1402879373441,1.0000000000000,0.5578457950744,0.3182597696718,0.1329352967957,-0.0181039222077,0.0501252173147,0.4968076806137,-0.0485225302728,0.4470809862091,0.4106897301319,-0.1868405052360,-0.1788967228942,0.2110691324529,-0.2485192205412,-0.2070586562882,-0.3220618657938,0.4606871973092,-0.0067487193218,0.1406187819179,-0.0955490550490,0.4230340591585,0.3607173058631,0.4330369135522,-0.1418783912763,0.4461692332615,0.2163685710838,-0.3109596884879,0.0864427748047,0.4943077116456,-0.2608117473623,-0.2690077025075,0.0423402228594,-0.0892316345257,0.3585127209572,-0.1233276481655,0.5804393362149,0.0834200935636,-0.0383404684933,0.5384862100271,0.2179489003456,0.4044284383732,0.4665599334421,0.0453106421983,-0.1273082663433,0.1066759985029,-0.0271605243474,-0.0353418561694,0.3173672778836,0.1220821677552,0.1048114390551,0.0854821872344,0.6144468519493,0.1486030099520,0.3654462075507,0.1542904478134,0.1383537436775,0.2645142386309,0.0043096469507,0.3238388549303,-0.2351412657545,-0.1108208686851,-0.1792121499830,0.1783102214503,-0.2622638942402,-0.1249566901627,0.3044416377380,0.1352008336598,-0.0374249628432,-0.3622226927017,0.2227039357500,-0.2841883545211,-0.0907462191975,0.4129514654124,0.3149979534961,0.4071710977057,-0.2489702816932,0.4724107022839,0.1574489292765,-0.3208102739068,-0.2259785215008,-0.2687185791109,0.4210523705031,-0.3031360084041,-0.1710496589288,-0.1302672789133,0.3744574205675
0.0239518055269,-0.2830867689716,0.0676902338193,0.7256255280827,0.4146635387708,0.3935297347513,0.7931461733536,0.4431791273600,0.5072515660697,0.1341926323995,0.5824431098973,0.3933767609896,0.2089763388351,-0.0534293079092,0.5578457950744,1.0000000000000,0.5596668502426,0.5108240505865,0.5130107868289,0.5579901739177,0.5751749334644,-0.0490542350516,0.4971436907063,0.8190440748312,0.2153811231005,0.0857645483417,0.4719013128170,-0.1094423612539,-0.3872783154838,-0.5136068145532,0.8401896564050,0.2942010792515,0.3564798522636,-0.0095934997595,0.7413353065561,0.8311611194863,0.5977963824021,0.2238669177272,0.6325151022448,0.1106389268016,-0.2125047038343,0.1580134004064,0.6384551576049,-0.0090401116741,0.0913229837547,0.1925955891516,0.1328460742085,0.3683881217667,-0.4113667273935,0.3836034162042,0.1778949193922,-0.3483720840886,0.5989331706611,0.4567619926303,0.5593795030867,0.7784546647004,0.4079981764387,0.2669371095585,0.5475267080945,0.4181145596077,0.1325008711997,0.5546311193338,0.3815788458341,0.3239899793300,-0.0702277532605,0.5502748497821,0.5805838067126,0.6166362559702,0.6818154210861,0.6124899530685,0.3353475888708,0.1190789389980,0.6815423542460,-0.0674846195773,0.3505636567929,0.1212446283952,0.4476131037003,-0.0119094396407,-0.3374776882202,0.7008737651154,0.3186558873090,0.1905836473755,-0.3115039267642,0.4492141136730,0.0599449365677,0.1602631910621,0.5966362872745,0.7664167808245,0.5478722797591,0.0062774966437,0.6048753640332,0.1919550494456,-0.1392222643524,0.0091745054654,-0.0043973545600,0.4204230720291,-0.5155553183788,0.0694389567405,0.1797797615115,0.4340369719185
0.1548552211558,-0.0028322830164,0.3685026993520,0.6071962486739,0.5343308236541,0.6026146539921,0.6556312603854,0.7139405742735,0.6482129504487,0.1525130738464,0.6695345590963,0.6316987454403,0.7146793785364,0.1611559823927,0.3182597696718,0.5596668502426,1.0000000000000,0.6879307779510,0.4880274896678,0.7627888110243,0.7117600177685,0.0088089355738,0.3295650177717,0.7670361191274,0.6219916660362,0.3350638795090,0.7319912746863,-0.0156194442266,-0.3210489636718,-0.4122704589114,0.7408966416487,0.5415787811600,0.7977706011728,0.1120580692511,0.5019321358689,0.4832059825262,0.7066346132999,0.6207929321403,0.4821040875549,-0.1018620437640,-0.0585373843873,0.0324375449530,0.2017888173365,0.4024195922913,0.4829732751379,0.2058262355195,0.4420875120133,0.3395038549804,-0.1264781774204,0.3021578930518,0.3317024548595,-0.1465875743414,0.4203057737009,0.5832926372691,0.7037923130198,0.5821660480413,0.7743557945466,0.6236915167086,0.6070155115081,0.6156483079695,0.1628170792649,0.6082540631609,0.4694940022004,0.7020403399849,0.0819251073567,0.3719473736113,0.3773270548517,0.8711545416086,0.5740992596408,0.8067572507087,0.6914259339776,0.2760618462466,0.7725117438198,0.4903288100775,0.5700219858632,0.2889264692027,0.6613307953633,0.1919525869033,-0.2431627364536,0.8072771421044,0.3219531057151,0.6027371154693,-0.1877693588000,0.1460202755078,0.3754606265225,0.2568738921295,0.6614166082097,0.5691354173658,0.4363805950675,0.3603366963662,0.5307080072907,0.0777017836035,0.2340398910841,0.1372607266140,0.2654244112414,0.4670818890378,-0.2685685367002,0.3607652729163,0.2485350579844,0.5178681776171
0.1594676539799,0.0320799676011,0.4792693402951,0.4745972983394,0.4372154529530,0.5834281706870,0.4819507275762,0.8441835072944,0.7578643370247,0.2953643741470,0.7234289596317,0.6008719287267,0.6851873518946,0.1970644231060,0.1329352967957,0.5108240505865,0.6879307779510,1.0000000000000,0.5763019964608,0.7997895400077,0.4138474041051,0.2521694651654,0.3316219232703,0.6757621681559,0.7312442981179,0.3343946238047,0.6075422206338,0.0411661102248,-0.4632190583663,-0.3482155119912,0.5574713294605,0.5938813505694,0.7242305797348,0.3107103372811,0.4731578146568,0.4544507115764,0.6271587512984,0.6460604786058,0.4302759263802,0.0214677890521,0.0292955787212,0.2551833012558,0.0875273456588,0.4605824860353,0.5743630553882,0.3845387191057,0.5149249351363,0.3626370161658,-0.1433224027627,0.3661191924431,0.3255302951150,-0.1628159760638,0.3839709210480,0.6263525546960,0.6716499477239,0.5067390559052,0.8186888101808,0.7438479486133,0.8275158627260,0.7306431387757,0.4024381032236,0.6071715145211,0.5989204987503,0.7138568224487,0.1905616520385,0.3120685193219,0.4225453584232,0.7452046643477,0.6350916057738,0.8118511803134,0.5488803854186,0.4291017766846,0.8188588564668,0.4787467459669,0.6121654073492,0.3717513913730,0.6349902926471,0.1376192404119,-0.3675839512291,0.7625982889433,0.3998152616812,0.6345446291756,-0.0695441626933,0.0761170796553,0.4239911202851,0.3780051079423,0.5663751604512,0.5593727731313,0.3190425807041,0.4001050465097,0.4286491196199,0.1722253791241,0.3075384445384,0.1552645895532,0.3787087291686,0.3816221410561,-0.2210709366095,0.2995744507057,0.4116205153930,0.5848309465857
0.0089665836425,0.0789034974211,0.5893580390151,0.4931977099920,0.2208955290747,0.5212221329874,0.4182874981829,0.8106556849740,0.9032599382263,0.1543076696599,0.6030632397213,0.5543495127499,0.5593694201302,0.0114258728243,-0.0181039222077,0.5130107868289,0.4880274896678,0.5763019964608,1.0000000000000,0.8084549881502,0.3828221346025,0.1374233395258,0.1967775451965,0.6398523155565,0.6948516467307,0.6546098502242,0.5585479792338,0.3273798852191,-0.3798482165443,-0.2934986934684,0.4342967606013,0.6806075420993,0.5469775091241,0.3470199850391,0.3324872936173,0.6056287697232,0.3392200712016,0.7243176614843,0.2833613096882,-0.0828007899198,0.1356392429051,0.1784489765510,0.2654461416264,0.6429277820242,0.6970357367215,0.4622964820897,0.5329096128846,0.1498426962725,-0.4050195322269,0.1907767968609,0.1558214884578,-0.2630742582978,0.3953490789125,0.5863077032456,0.5118167453157,0.5452229848896,0.5935230373715,0.7927157673028,0.7181735267387,0.8860911842199,0.3731261146875,0.5966800505478,0.6098042775407,0.5496256071934,0.0807954601917,0.3624835033512,0.6196226363195,0.4258887372195,0.9125015064666,0.7372004875786,0.5062971950069,0.3434441617681,0.6584651417244,0.5055402930371,0.8234994041496,0.6394027581742,0.6094752525320,0.4238995054755,-0.2783267434814,0.5855842262439,0.3764289700270,0.7077923047484,-0.0314838822123,0.2744837768219,0.6755955155718,0.3946536667181,0.3564092215998,0.6657895890249,0.4350403091091,0.5434702304505,0.2783924941676,0.1346748503280,0.5556192111671,0.3515780668052,0.5168620181341,0.2435158632582,-0.3460598544165,0.2608797946916,0.3874596701814,0.4446405218364
0.0616917513373,0.0441454549701,0.5872877131018,0.5671271376831,0.3374869149288,0.5904451665148,0.4990843906000,0.9431607498156,0.9135148975017,0.1557077078319,0.7277031575706,0.6328993871120,0.7404199886495,0.0769079555858,0.0501252173147,0.5579901739177,0.7627888110243,0.7997895400077,0.8084549881502,1.0000000000000,0.4996360706732,0.1475564410921,0.2739538505949,0.7562492357032,0.8676457891654,0.5628537035659,0.7564734151529,0.2137112886813,-0.4669583092389,-0.3994288395832,0.6258744904982,0.7211451516606,0.7865454164794,0.3024703053502,0.4114137224955,0.5824661267623,0.5908384840184,0.8314018354535,0.4155491521164,-0.0777377735742,0.0760636248485,0.1946673580404,0.2273621106034,0.6856602857947,0.7561270997943,0.4778808885404,0.5984499520494,0.2685803926750,-0.3473493343750,0.2796943936597,0.2408559017899,-0.2974845617841,0.3784938946318,0.6610587989095,0.6484401343993,0.5792413968341,0.8292373988311,0.8783358573289,0.8398577065200,0.8936776715369,0.3564727464452,0.7230186343806,0.6959329270044,0.7349731023956,0.0523047812109,0.3641853505741,0.5050215724011,0.7181377218817,0.8455301544218,0.9464180718770,0.5775179520792,0.4039293473238,0.8247882472409,0.5597182428394,0.8023284895766,0.5678894014852,0.7566838853068,0.3545671634178,-0.3668437445980,0.7897033573835,0.3796475352883,0.7606825966362,-0.0893290421037,0.1954726279175,0.6517070373941,0.3468556199413,0.5308000616452,0.6702168306600,0.4097662808122,0.5653724957215,0.4213509949588,0.1627775623887,0.5256178718886,0.2981306619555,0.4902406450909,0.3530371114594,-0.3942760115701,0.3365280097444,0.4650509790275,0.5270623532567
0.0889343349522,-0.1040837477084,0.1556240316294,0.5517731972827,0.4510718086817,0.4750905999953,0.5628806340306,0.4092174324987,0.4440835785518,0.2772496502003,0.4955415908711,0.5128146404897,0.3853882782587,0.2469244292635,0.4968076806137,0.5751749334644,0.7117600177685,0.4138474041051,0.3828221346025,0.4996360706732,1.0000000000000,0.0690274132342,0.4850865773435,0.7349055802771,0.3109192210943,0.2329791962152,0.5406949076965,-0.0283194499804,-0.2315155081336,-0.3701088182997,0.5784273427161,0.3101626134376,0.5383309616657,-0.0226177286017,0.5187282473050,0.5881177747343,0.5648644648635,0.2547405070412,0.2973894039763,-0.1639572983669,-0.2044438421142,0.1306083968989,0.2797103507626,0.0601434263602,0.1345272301029,0.0601230722217,0.1497036848667,0.2145108401016,-0.1946586219769,0.5817706343367,0.1877196788852,-0.2216060804288,0.3852951004257,0.4470631716813,0.5289035614093,0.4866199778262,0.4952282933843,0.3168289038703,0.4395784321474,0.4123245683270,0.1583146052760,0.4964455762656,0.3182524016424,0.3843169039573,0.1063241631063,0.3998037414927,0.3769823121992,0.5721341864598,0.4579897819365,0.6000512094069,0.6680162465108,0.3045386357193,0.6606620740429,0.2735052270996,0.4257913537434,0.2164548283117,0.4638696904261,0.1049460279097,-0.2141340293452,0.5232772322943,0.3751924289543,0.3513043962820,-0.2674056113877,0.1006654765718,0.1635034870077,0.2442851827810,0.6633678286289,0.5591630526389,0.4611073805899,0.0722150645440,0.3815927242887,0.0169326992734,0.0041913347729,0.0975457820887,0.1571208529398,0.3681631438994,-0.3071078740457,0.3338977222997,0.2324535713663,0.5942683138492
0.1500908843267,0.1523289657929,0.3642251502929,-0.0452136005143,0.1859613616663,0.3272449830750,-0.0070236741610,0.2004227193898,0.1598322375882,0.5377057195927,0.1933057719985,0.1477668853816,0.1867097343173,0.4728739929301,-0.0485225302728,-0.0490542350516,0.0088089355738,0.2521694651654,0.1374233395258,0.1475564410921,0.0690274132342,1.0000000000000,0.1036472356957,0.0232092436689,0.2218905392747,0.0929676265954,0.0532831867762,0.3085450563802,-0.1088431281026,0.2148148237421,-0.0449565068420,0.1752024751172,0.1842221798251,0.3682972229787,-0.0175091594596,-0.0608636941781,-0.0393008095631,0.1548817906003,-0.1226322679466,0.1077157466040,0.4447811104324,0.2835154208812,-0.3599468449362,0.2042921337524,0.1988248019147,0.4948155297603,0.2936793468479,0.0185681441248,0.3608558030715,0.2650583183673,0.1821548249681,0.1333817615068,-0.0063443744097,0.2716758832911,0.2304022934981,-0.0678238033964,0.1430696972271,0.2081748858319,0.1924437998783,0.2295694930611,0.7713612834903,0.1697221238138,0.3632965368610,0.1157360769095,0.4218826769296,-0.0022321318474,0.0190265844332,-0.0539572059599,0.1016110304889,0.0736175377952,0.0690494558374,0.7619714486507,0.1598589476281,0.2459736418278,0.1111020646219,0.1343085819452,0.0757331446998,0.1943318929601,-0.1262729024293,0.0032282557686,0.2110981725448,0.2592038933390,0.2713345543147,-0.2871620986634,0.1572183989276,0.3833634418841,0.0166758247839,0.0193441428846,-0.1692252910108,0.0921172255516,-0.1043624374389,0.1819705998366,0.2180609134502,0.4168321240089,0.3834675803023,-0.0105793209211,0.2990197395467,0.4185883320524,0.5019938672275,0.3425514292620
0.0873231047246,-0.2888482857286,-0.0362704665854,0.4223759947698,0.3931578876264,0.3337949443215,0.4516815391475,0.2073920209544,0.2396918514540,0.3105011969795,0.5671429361533,0.5806000969163,0.2203887878397,0.0163740903799,0.4470809862091,0.4971436907063,0.3295650177717,0.3316219232703,0.1967775451965,0.2739538505949,0.4850865773435,0.1036472356957,1.0000000000000,0.5307085901496,0.0738704473753,0.0663499325024,0.4276791443120,-0.2012051429207,-0.1845807361838,-0.4741708625282,0.3476441195796,0.2676558756597,0.3072016241074,0.0099016945591,0.4510388150231,0.3548755911149,0.4737631280414,-0.0393837278931,0.1645650260475,0.1475667507781,-0.1899815515569,0.3513036190914,0.2003589022669,-0.1394087616967,-0.0903869610579,0.2748682848015,0.1273385186651,0.1906138099342,-0.3644282169403,0.5403520152817,0.1956242572836,-0.3298278951851,0.3776455136006,0.3384940792490,0.4432076214829,0.4138554478889,0.2972655405564,0.0756096460290,0.2914144936828,0.1803247089974,0.1741377718607,0.5250378833591,0.4872207099145,0.3236190822109,0.0954856060506,0.3713961105893,0.2186712288874,0.4529951539959,0.2855284820350,0.3438247498901,0.4742476954513,0.4114475536987,0.4725015789000,-0.0227630416133,0.1974309882197,0.0365602020475,0.4144067839615,-0.1780515364150,-0.1661137103127,0.3866485432180,0.4740572409085,0.2264985017233,-0.3069521926713,-0.0031137102322,-0.1147012324186,0.2122530970717,0.4736864238425,0.3208528114895,0.2944587086701,-0.2667996322012,0.2006993216460,0.1537656601617,-0.2165013954189,-0.0613393567213,0.0920926203255,0.2787464683664,-0.3663038279879,0.0808229987151,0.1629584656763,0.5627709114574
0.1306340944943,-0.1992664878266,0.2822250162120,0.6725374532724,0.5391885847237,0.5890292643386,0.7435032442009,0.6734554737153,0.7147198404748,0.2017564332303,0.6848029246354,0.5894263165665,0.4741910663321,0.0231679544294,0.4106897301319,0.8190440748312,0.7670361191274,0.6757621681559,0.6398523155565,0.7562492357032,0.7349055802771,0.0232092436689,0.5307085901496,1.0000000000000,0.4847987081570,0.3307380211834,0.6715675998297,-0.0465320242328,-0.4669345258913,-0.5861253713343,0.7945848051440,0.4759876844055,0.5659183028571,0.0983153874906,0.6777772261199,0.7998474162954,0.7348398624655,0.4589490595010,0.5762802832204,0.0006603978653,-0.1422960077111,0.1426544842721,0.3968076922253,0.2244224656557,0.3107025403962,0.2416637330236,0.2679020647698,0.3936529142975,-0.3794405159093,0.4154915184797,0.3094411064700,-0.3301187191687,0.5588484497350,0.6307590701480,0.7199024130294,0.7438614864275,0.6609291893026,0.5276600990757,0.6716844917334,0.6490628001324,0.2554516258587,0.6424681729823,0.5387071180163,0.5455253264935,0.0313794428974,0.5348431209704,0.5065019815900,0.7406779132829,0.7701329784932,0.8321197607634,0.5861901912766,0.3119098363295,0.8972067969168,0.2784618668725,0.5788560197031,0.3351235404830,0.6640528456490,0.1265731733233,-0.3930694782771,0.7976318608040,0.4116612882253,0.4683540958715,-0.2640532098570,0.3044699109811,0.2664373038407,0.3452609401116,0.7635038592005,0.7871357431329,0.5964495580741,0.2173954632164,0.6199840632545,0.2256218158030,0.1014218154061,0.0920952903466,0.2525860829386,0.5094860749696,-0.4798981289242,0.2634775691908,0.3148551926663,0.6295081277976
