1.0000000000000,0.5289790443439,0.7283375475060,0.4395406663560,0.7231189846746,0.6465874332998,0.4257549143780,0.1395660815121,0.0483748663414,0.1749847304247,0.1946316823829,0.1988594666990,0.1096503867464,0.5910983890590,0.3896998755176,0.1449920376189,0.1157686424429,0.1881199517224,0.1017194321354,0.0031461940521,0.1251416415104,0.0850009762327,0.0926106567757,0.1723649203955,-0.2067158355359,0.0602372398066,-0.0320743953480,-0.1591435146803,-0.0930370638335,0.0730702138263,0.1810417552796,0.1526521024290,0.1817201200940,0.1128747978869,0.1799691185036,0.3453596235998,0.0685622369851,0.0928209237184,0.0959461213517,0.0602843556802,0.0380755438610,0.0622056535781,0.0490886761357,0.1019303075116,0.0278789247016,-0.0541247463674,0.0702272670766,0.4879189326068,0.3414220167317,0.1396601369501,0.8327489819192,0.5670696599806,0.2570282100607,0.7398814772536,0.4926605764453,0.3472926259710,-0.0782953979473,-0.0673338677453,-0.0294465804436,-0.0366444103115,-0.0570511461042,0.0328718457220,0.0220351082179,-0.0689952645658,0.3913869641578,0.0319884222450,0.0515343952326,0.0299576349073,0.0984495654360,-0.1555279906392,-0.0727834302520,-0.0652493783954,0.0836137332132,-0.1498311671714,-0.2853514209490,-0.0847176697433,-0.2283260915402,-0.0466731682399,-0.1499520550572,0.0286493903888,-0.1338352141436,-0.0672157253885,-0.0514984402961,-0.2006622330224,-0.0392039728008,-0.0887954848096,-0.0928899061037,0.4439138780060,-0.1124391024106,-0.0559798638807,0.0354371076029,-0.1703612425103,-0.1435560063246,-0.0427104605057,-0.1965631882788,0.4210202460608,0.3137210954064,-0.2742372778710,-0.2704265792868,-0.0560473375855
0.5289790443439,1.0000000000000,0.5076219395855,0.3792851856898,0.0896896384393,0.2759430410978,0.1407002638709,0.0971788534442,0.0083505127676,0.2646768866916,0.0512804610723,0.1480899856509,0.0501453381568,0.3589121340464,0.3191962059173,0.3301832913062,0.0815874220164,0.0705499076395,0.2913489121025,0.0534104809332,0.1160907854169,0.2620653817569,-0.1379312585334,0.0926502646396,0.0230530188512,0.1511513047690,0.0241835763954,0.1570353516286,0.1760365026624,0.3939825796069,0.1902032525418,0.1046623382932,0.0784807937350,0.2984570935581,0.1252701612350,0.3485359284209,0.0700921824445,0.1481375702455,0.0188294139873,0.1500072555067,0.2068614379128,0.1872201727136,0.2197110891829,0.2364386543981,0.1006213273437,0.1874873858426,0.1344876848813,0.0260306156298,0.2480694489265,0.1699534856651,0.2716199548240,0.6755130991107,0.0701377922601,0.4467252575150,0.0457416743185,0.2895950450532,-0.0231015536470,-0.0083230692315,-0.1159118250743,-0.0457415526589,-0.0050144951461,-0.0828937261927,-0.0908077206133,-0.1583668904461,0.2063561315745,0.0110510729849,0.2845788422897,-0.0965387116273,0.1164069504410,-0.0014676223231,-0.1770305490670,-0.0612762693186,-0.0262025686929,0.0296555114666,-0.0734187012032,-0.0210902685353,-0.0941741478891,0.2718593665531,0.0613442692192,-0.0216579041864,-0.0527051495274,0.0505298422663,-0.0286457011686,0.1199170398713,0.1740424958653,0.2013426176235,0.0375147766649,0.2469528240200,0.0833859062440,0.0126552618802,-0.0264720733138,0.0694395866066,0.1733590672626,0.1086246780648,-0.1267708185378,0.0992302415061,0.1696789279803,-0.2696012694424,-0.2848001236203,-0.1424560998211
0.7283375475060,0.5076219395855,1.0000000000000,0.4166287037932,0.5496895252131,0.6415117257348,0.4015393064519,0.1380956902991,0.0140053616510,0.2897359322650,0.3127372157567,0.2984768172867,0.1484135728424,0.3498664306277,0.3316020976511,0.1385237104305,0.1967666496063,0.1309283161445,0.1755374483111,0.0454499166340,0.2449392051598,0.1910451248160,0.0913877635836,0.2178071193466,-0.1203795113873,0.1819312521242,0.1808200179234,-0.1016318173441,0.0239508206114,0.1247994093888,0.1900521021951,0.1689823847954,0.1230034521369,0.1768734825978,0.2128972063294,0.2782544713063,0.1546838813167,0.1751434615222,0.1386310079049,0.2543438589710,0.1160111979792,0.1060292685393,0.1680178123017,0.1629055170919,0.0910901933274,0.0617127421824,0.0525380402121,0.4201186529429,0.2775071742280,0.1332005877801,0.5910523184541,0.6045560270782,0.2106604587728,0.8616094762687,0.4115098532304,0.3627394166173,-0.1861990620227,-0.0916984832429,-0.0898774146042,-0.0559820127162,0.0501467814162,0.1298873914602,0.0515979721981,-0.1835825477187,0.2779589272490,-0.0050544532837,-0.0071128930038,-0.0179484792116,0.0503345576297,-0.1025624434294,-0.0885933198867,0.0221297029286,0.1017505117241,-0.0211476752007,-0.3158680126756,-0.1262376902064,-0.1105567647293,-0.0878864296122,-0.0632221634320,-0.0700927746754,-0.1593464840515,-0.1869655808594,-0.0705914513158,-0.1690970381416,-0.1882221189875,-0.1156841134449,0.0272831823308,0.3615284759556,-0.1458327884268,-0.0876925435330,0.0835703819484,-0.0483941282596,-0.0170009088613,-0.0317767132214,-0.2686809418035,0.4218351880577,0.2160083421815,-0.2553997693087,-0.1877690124215,-0.0223272265506
0.4395406663560,0.3792851856898,0.4166287037932,1.0000000000000,0.4824587349048,0.5330377483280,0.7504348817798,0.5308063908417,0.3369605328135,0.3586372779859,0.4844094668723,0.3979853724249,0.4757184037395,0.3637407057050,0.7572974130927,0.6250260317013,0.5592701899927,0.6435018545340,0.5475005516327,0.3745991775685,0.5569445001991,0.1704922935787,0.2381756878974,0.4025827222198,-0.0086321366823,0.3964733868657,0.3210300787283,-0.1156265256781,0.0399492265366,-0.0342337910014,0.5628824558193,0.4063959789329,0.5526705982534,0.1450702336561,0.5097915907209,0.5471538371316,0.0546848676006,0.3266817426072,0.3077085648673,0.1141592168711,0.1206128131947,0.2204406058399,0.3786943388699,0.2293648723683,0.1970381703536,-0.0019087532872,0.1114154517795,0.4687353546183,0.0800493795845,0.5059755087723,0.3714561299748,0.2603255800079,0.6211444254090,0.4927256970529,0.4863655830992,0.7718714091793,0.2254058955784,0.1173224472140,0.3478529986272,0.1964614675201,-0.1569480050112,0.3497707747523,-0.0251401168607,0.1051008788766,0.1513754005281,0.1800457431447,0.4380368733308,0.3720601166570,0.4839961194707,0.1374297003685,0.1677610978579,0.0997989051538,0.2237453323313,0.0003657818371,-0.0055804818088,0.0214277874445,-0.1578485791929,-0.0055101868117,-0.1322349372752,0.4444974364601,-0.1049592845489,0.2343748990919,-0.3776326281412,-0.2475693635279,-0.0149444529864,-0.2743448997081,-0.1633960154992,0.6023990099922,-0.1750689020857,-0.1099578084823,0.1179537374937,-0.3483551954171,-0.0820188361423,-0.1871458764272,-0.3924515649679,0.3915620435233,-0.0217608473595,-0.3240956438420,-0.3140375428594,0.1134941368681
0.7231189846746,0.0896896384393,0.5496895252131,0.4824587349048,1.0000000000000,0.8279862154281,0.6491360194104,0.2802905965814,0.2642361446980,0.3595524567246,0.4743460295715,0.4341895492259,0.3237536287817,0.5064574655700,0.5638232629238,0.1416302798612,0.3186103992317,0.3603456444457,0.1203203992521,0.0846475671276,0.3391569365355,0.1773315120187,0.3680230187166,0.3510205922912,-0.1565290129644,0.1746680434065,0.1077370154195,-0.2915207386862,-0.1539063950445,-0.1145537828571,0.2737464982956,0.3071870101436,0.3323935520442,0.0830971625766,0.3075285443253,0.3727224044151,0.1163202740450,0.1368010351124,0.2650499223322,0.1103157692951,0.0876458309748,0.1250952308080,0.1010557683404,0.0875982345589,0.0613290627551,-0.0690519291202,0.1595439072557,0.7851687882603,0.3601372403973,0.3403350731203,0.7801459313769,0.1745388969300,0.3024262677072,0.6774532231681,0.8130599315751,0.3705982496780,0.0377674735017,-0.0034360232901,0.1681435664119,0.1587355826839,0.0294184699553,0.3242244976471,0.2034054935116,0.0865479987902,0.3461408566091,0.0831280064050,-0.0552561518715,0.1871021898484,0.1988310480603,-0.1324202890449,0.0879218370570,0.1455139887167,0.2177892676892,-0.0913565449624,-0.3398968974501,-0.1462932349261,-0.3101904957948,-0.2179194301640,-0.2496486256936,0.1320883109825,-0.1501851727710,-0.0187450083219,-0.1613246529610,-0.4128265118614,-0.2527192438869,-0.2752640206980,-0.1187626949725,0.5335383347860,-0.2067992970969,-0.1626530109674,0.1798356012737,-0.3263221067048,-0.2874478579919,-0.1886621761556,-0.2251373625817,0.6381200502533,0.2386695681818,-0.1959799699488,-0.1775730658729,0.1455596166782
0.6465874332998,0.2759430410978,0.6415117257348,0.5330377483280,0.8279862154281,1.0000000000000,0.7812949857241,0.3035170460670,0.3022168252950,0.4680229489283,0.5028704872394,0.4969129368752,0.3497764665680,0.3768581218837,0.6435115175381,0.2042167376916,0.3059497532750,0.3253655157665,0.2395630073448,0.0319136165228,0.3992329515665,0.2062994107968,0.2183079415397,0.3823825416494,-0.1478342307349,0.2005744071608,0.0908554118562,-0.1638306376656,-0.0832081311161,-0.0350518948179,0.2590005066597,0.3092573542117,0.2744423450494,0.1512307563927,0.3549273000280,0.4796923247100,0.1131116599770,0.1466150229191,0.3256868111634,0.0588690724042,0.0607977363924,0.1149240316095,0.1615341174217,0.1031942645643,0.0417453776917,-0.0415584639351,0.1027543983222,0.7654931994810,0.2175663167247,0.4271357987442,0.6076515211798,0.2868618533899,0.2774402622804,0.8270923083778,0.8768337387493,0.5234495786307,0.0695526328538,0.0080167924045,0.1353790270630,0.2183750249537,0.1577591460976,0.3459433214338,0.2539025675077,0.1479574762228,0.3500097600225,0.1519132440543,0.0325153608850,0.2026279687441,0.2946432365968,-0.1511370821569,0.1690976982961,0.0743333593425,0.2350938220592,-0.0740088882970,-0.3107888609327,-0.0708917395319,-0.2708064632247,-0.0562597460466,-0.1375711970905,0.1329687157485,-0.1246840938614,0.0387622067080,-0.1947615673720,-0.3707709940573,-0.2011490458693,-0.1324011412637,-0.0588257683560,0.6208240303627,-0.0665880526514,-0.2516781731425,0.2444727773892,-0.2497170453168,-0.2162984561981,-0.1413727546341,-0.2218813523197,0.6870397218755,0.1297676054805,-0.2707679287179,-0.2106342073723,0.2280009031008
0.4257549143780,0.1407002638709,0.4015393064519,0.7504348817798,0.6491360194104,0.7812949857241,1.0000000000000,0.4892585482594,0.3874101109585,0.3174444206300,0.3926942734372,0.3484399199387,0.4142996184484,0.1567533115369,0.6779367305885,0.3699504097881,0.4013983621448,0.4850019875167,0.4487956078126,0.1528946165742,0.4313369449181,0.0241634977211,0.0886132607874,0.3547690575755,-0.0985471739028,0.2385643491076,0.1400704826598,-0.1295137769110,-0.0733885747747,-0.1001164171199,0.3580435443957,0.2650699047109,0.2974482312396,0.0505062113030,0.4459484816478,0.5701254856542,0.0021743729568,0.1872188162421,0.3318255431673,-0.0407875775039,-0.0065302673202,0.0595432315589,0.2194069388739,0.1516762221050,0.0731417911359,-0.1131674223586,-0.0223658335759,0.5859209278413,-0.0030578693583,0.4163115966692,0.3981870641254,0.0725494986102,0.4612423958666,0.5945955309353,0.7660525709534,0.8069458120005,0.2242189156996,0.2034411255717,0.3531695163783,0.3555730454244,-0.0145034604359,0.3124880503668,0.0873984299067,0.2715828820415,0.2265726260916,0.1863795946698,0.2042306439299,0.4111924395303,0.5204323989646,-0.0119388566221,0.2874578039723,-0.0554168722565,0.2162522147230,-0.0306200190559,-0.1140261548514,-0.0162795073336,-0.2155504817290,-0.0529069443164,-0.1124510551040,0.3291810470954,-0.1767407979774,0.0475096131381,-0.3030284194671,-0.3512588296153,-0.1713740927719,-0.2223745213212,-0.1603627591065,0.6429626656426,-0.1532852559431,-0.2063588229885,0.1783036214542,-0.2907270583646,-0.1358346864546,-0.2536070435585,-0.3441032148405,0.4813334328070,-0.0941963416715,-0.3044102714439,-0.2759044664585,0.1127142938691
0.1395660815121,0.0971788534442,0.1380956902991,0.5308063908417,0.2802905965814,0.3035170460670,0.4892585482594,1.0000000000000,0.6467231552337,0.4422830160481,0.4760377223619,0.4775035294994,0.6871930091211,0.2393941276001,0.5689948593902,0.5320164420714,0.7490388917269,0.6340101536682,0.6510515389325,0.6132555139764,0.6876165359318,0.3610339830350,0.2227394476780,0.4696418159280,0.4022120240610,0.5075326499522,0.4330091984534,0.0650489746805,0.1980540773305,0.1625147580665,0.6051755537487,0.5315073617990,0.6094895302549,0.4042692050288,0.4084559844267,0.4469930079361,0.0883366367833,0.6308387499250,0.3460106762952,0.2605700338982,0.2489185863629,0.2706213708147,0.5548613729503,0.4959753387974,0.5718281636725,0.1492200837028,0.4215779611560,0.3050653866766,0.2225004931116,0.4879836337031,0.0706188881541,-0.0729045466711,0.0913771357273,0.1418657972393,0.2492400823161,0.3641891393581,0.4070929085571,0.4959117346805,0.5102877585062,0.5747246061667,-0.1072945576178,0.2984142818071,0.0038892493887,0.2237678594623,-0.1541522397333,-0.1923482107450,0.3944291179259,0.3671001149547,0.5721688628862,0.4093619265573,0.0931591681140,0.0469716653411,0.2243654760256,0.3576792551562,-0.0773021201849,-0.0962316869136,-0.3137193624330,0.0270737129306,-0.0774920512156,0.3874925816649,-0.0572388433473,0.1644448922036,-0.2881542508702,-0.2308957495289,0.0565845610669,-0.0746170248779,-0.1475179895590,0.4039264760949,-0.3617338739667,0.0892272140926,0.0726680011178,-0.3606201766757,0.0492941830397,-0.1297272407979,-0.1705792408159,0.1346629534421,-0.0012678208798,-0.2614401599843,-0.3713510068139,-0.0827539634320
0.0483748663414,0.0083505127676,0.0140053616510,0.3369605328135,0.2642361446980,0.3022168252950,0.3874101109585,0.6467231552337,1.0000000000000,0.3985697552847,0.4521401020645,0.4687843021074,0.5861861566651,0.1845602936953,0.4421673383032,0.4091951538708,0.5285634889941,0.5346534485337,0.5281591894310,0.5893602356388,0.5461286831154,0.2972441998154,0.3256323657296,0.7043006392922,0.5349821404818,0.4314689650536,0.4741798813258,-0.0745883088543,-0.0220572199264,-0.0287312496802,0.5020139195456,0.4475775157830,0.4854073829975,0.2346706854219,0.3662212276425,0.4557961003928,0.3345161345152,0.4301219426941,0.3846049444742,0.2372870059563,0.1036453292338,0.1038827141262,0.2796875277147,0.3347909665119,0.2626850779314,0.1437892514575,0.2868924135269,0.3021568586451,0.1071697950432,0.3723541448498,0.0670279214092,-0.1575275922899,0.0441474283228,0.1064580507303,0.3151081493800,0.2271611270848,0.5456992433033,0.3729536645329,0.6223947852812,0.8703888342942,0.0336659241074,0.3356790302034,0.1740604894973,0.2884332260928,-0.1187189245540,-0.1142256106316,0.3316889921050,0.3867637246638,0.6732690936108,0.4215633000363,0.1506202057045,0.1769660517217,0.5360601792368,0.4762453354619,-0.0756915674478,-0.0295910415304,-0.0002061778346,-0.0727251380816,-0.1992662498427,0.4210446030327,-0.0264910278362,0.2402436466066,-0.2978806348389,-0.1430954204283,-0.0086062618741,-0.1581050097344,0.1675972025075,0.4356303043256,-0.1761124105561,0.0458092349496,0.2765346908818,-0.2188681347646,0.0847533635233,-0.1341016518904,-0.1846542013089,0.1856225826705,-0.0848501345657,-0.3112321911780,-0.2799672579859,0.0598362517941
0.1749847304247,0.2646768866916,0.2897359322650,0.3586372779859,0.3595524567246,0.4680229489283,0.3174444206300,0.4422830160481,0.3985697552847,1.0000000000000,0.7048761832493,0.7972505949702,0.5779641974661,0.4074094661962,0.6563923667874,0.3857244947683,0.6289433840906,0.4093947341431,0.3511859724590,0.1946807187807,0.6920404329482,0.6853633862674,0.4034174374892,0.5124634551856,0.1484479461311,0.4819337053995,0.4502866723329,-0.0819188357465,0.1722409894832,0.1517883961930,0.5023836108105,0.5383156919843,0.4599948014901,0.4459057256258,0.4266275668357,0.3930686867667,0.3269258653438,0.3841785472885,0.4622952648918,0.4325681654545,0.4289271898397,0.6267895337202,0.4886949306901,0.3721184409201,0.3210557272344,0.2531698859764,0.4521690156251,0.4583640643531,0.3305347345333,0.6676849907323,0.1827408432688,0.1120706799097,-0.0864582697592,0.3255711735347,0.3454200266623,0.1310650046970,0.1214085471832,0.1239622368035,0.1037100661758,0.2632952004188,0.4237679675198,0.5037229807845,0.3121154816149,0.0218603366624,0.0985178495317,-0.0357755570522,0.1012396150019,0.1254647322920,0.1770115178204,-0.0161229771581,0.1238878944794,0.3393503329040,0.2808522440932,0.1857609027821,-0.3397865190563,-0.2259522901239,-0.2697236990797,-0.0372293347699,-0.1406697081661,0.0896695111300,-0.0884318206841,0.1071483782890,-0.2201048000596,-0.2871785166999,-0.1542955156713,-0.0836230743081,0.1636877915613,0.3817662034096,-0.1216742761285,-0.1389757768859,0.3239800006113,-0.2197127155789,-0.0373822536920,-0.0875037244621,-0.1239750126540,0.3517618547566,0.1127211844382,-0.1087646954010,-0.0319536476704,0.3058096577905
0.1946316823829,0.0512804610723,0.3127372157567,0.4844094668723,0.4743460295715,0.5028704872394,0.3926942734372,0.4760377223619,0.4521401020645,0.7048761832493,1.0000000000000,0.8730191129503,0.6593072734217,0.4360701901544,0.6735641347187,0.3348671879518,0.6982210546975,0.5303135686904,0.2755357625978,0.2655089841191,0.7367544807085,0.5015110954230,0.7241722835933,0.5495763893265,0.0862997359541,0.5570060768703,0.4965618830722,-0.1837384965489,0.0923731174799,-0.0234249146255,0.5006633962380,0.6572646133316,0.6588357799639,0.3340016804932,0.4200354467005,0.2735293192913,0.2621177654371,0.3895676662406,0.4667359047690,0.4168153066192,0.2896224412691,0.4206332768878,0.4344587629541,0.2874839332886,0.3394473799089,0.1614991564933,0.4435202380009,0.6054287659242,0.2566419857687,0.6462024992502,0.2573692344308,0.0724989376236,0.1662457000103,0.3314169758448,0.4596676204589,0.1523218125358,0.1715762815030,0.0439032362378,0.2430835874426,0.2634136792797,0.2163300831161,0.7624285661112,0.4038944216081,0.0644769538029,0.0977041958594,0.0989463396559,0.0503379899444,0.2612037673549,0.1636034447142,-0.0124679371528,0.2594690645316,0.5091271294485,0.3655354514856,0.0266519897097,-0.2787860723923,-0.0541543605322,-0.1959623845550,-0.1472757776301,-0.1395204342271,0.2035338631436,-0.0479327213579,0.2279416954578,-0.2794489704133,-0.3487331194387,-0.1876883411663,-0.3211235605635,0.0434609524056,0.3316776348864,-0.1599236805748,-0.1643699529572,0.2978576884544,-0.3374220370187,-0.1666329821841,-0.1123573722104,-0.1972052712381,0.4486462873330,0.0912299332636,-0.2407401570097,-0.0877575775995,0.4072306762894
0.1988594666990,0.1480899856509,0.2984768172867,0.3979853724249,0.4341895492259,0.4969129368752,0.3484399199387,0.4775035294994,0.4687843021074,0.7972505949702,0.8730191129503,1.0000000000000,0.6785195530189,0.4124364494728,0.6550819280086,0.3324980602862,0.6866806190717,0.4566628345160,0.3158384231685,0.2509236236571,0.7424344650948,0.6239050585400,0.6897666734076,0.5247709382449,0.1514422031596,0.5699205969249,0.4560381030883,-0.1379500762829,0.0773112029319,0.0472491774254,0.4801516861354,0.6822917247128,0.6184932221430,0.4869001104773,0.3587599265537,0.3250360865681,0.2580886396026,0.4000554059485,0.3944144768299,0.4675939668214,0.3524912001332,0.4702362012426,0.4169701583802,0.3419150605211,0.3181880362241,0.2512051365782,0.5159798424230,0.4934016146897,0.2388699715502,0.6687810213012,0.2100183871080,0.1103401312997,0.0308173628138,0.3357143668265,0.4166111198183,0.1475893604161,0.1671267398842,0.0954618368098,0.2169152541994,0.3162079187020,0.2746725847964,0.6331705300781,0.5117588300334,0.0868974534541,0.0971975042006,0.0083223920599,0.1068092371720,0.1899564606481,0.2183883491579,0.0107070470063,0.2372507778709,0.5481860346549,0.2867757381226,0.1148482336783,-0.3303562648538,-0.0704002076601,-0.2723949891939,-0.0978734580651,-0.1801141116908,0.1682020251499,0.0139895524094,0.2323194264359,-0.2862578193296,-0.3613133411530,-0.1657077282913,-0.1719037042678,0.0545365856924,0.3282158721694,-0.1622083002934,-0.2090477174441,0.2233013028220,-0.2344677613075,-0.1036650521214,-0.1101424382731,-0.1505047231077,0.3452530168000,0.0269310987799,-0.2788279826376,-0.0827836037176,0.3728821878515
0.1096503867464,0.0501453381568,0.1484135728424,0.4757184037395,0.3237536287817,0.3497764665680,0.4142996184484,0.6871930091211,0.5861861566651,0.5779641974661,0.6593072734217,0.6785195530189,1.0000000000000,0.3074072510831,0.6135174477967,0.4304422879198,0.8462815502426,0.5128855466773,0.3893279500436,0.4374741239547,0.8002044347341,0.4692411075217,0.4651384490774,0.5503807647413,0.2885923747401,0.6758738569288,0.6036782927815,-0.0627955653381,0.2069043873123,0.0956995929948,0.5460350989751,0.6589877588938,0.7072738738127,0.4442641832617,0.4335567800486,0.3391372372852,0.2224319609985,0.5854723422422,0.4342687540224,0.4317323802632,0.2973521727244,0.3034149487791,0.5096577009193,0.4945972220785,0.5295649985526,0.1828321779043,0.4792973705354,0.3819208665344,0.2679020586486,0.5567831412001,0.0997123296056,-0.0766155704813,0.0758807504812,0.1728635823151,0.3214546961458,0.2401976302345,0.5048182788783,0.2965653994606,0.4109181717006,0.4636868539326,-0.0470152683007,0.5163134028352,0.1555086848689,0.3933021110013,-0.0609872336102,-0.1250856645446,0.2360047228135,0.4109326601763,0.3821063213300,0.2287816434041,0.1525040409138,0.2282012319354,0.3211161295799,0.2340877056661,-0.1657864953417,-0.0279151590959,-0.2252058577946,-0.0996248638065,-0.1321661140130,0.3355332907099,-0.1157661496513,0.2756059228095,-0.3524244515337,-0.2762735900258,-0.0128429566341,-0.1973053751470,-0.0261888344086,0.3591531208246,-0.2506002492230,0.0110884385404,0.2307328792809,-0.3390985072084,0.0782151961597,-0.1553611519515,-0.2227633816533,0.2321325534571,0.0481856483529,-0.2665291449793,-0.2950170606803,0.1145174974861
0.5910983890590,0.3589121340464,0.3498664306277,0.3637407057050,0.5064574655700,0.3768581218837,0.1567533115369,0.2393941276001,0.1845602936953,0.4074094661962,0.4360701901544,0.4124364494728,0.3074072510831,1.0000000000000,0.5392852373081,0.3328131054522,0.4001732890896,0.3605245195797,0.1605605707547,0.2349870450624,0.3856070647724,0.3958723819523,0.4463329470726,0.2788365964316,0.0667194081165,0.2813693460888,0.2063561015343,-0.0696998119188,0.1599423455513,0.3005787134837,0.4677119060296,0.4257988876716,0.5580202996229,0.2832275305740,0.2788478429424,0.2380101906461,0.1501409392398,0.3268381238043,0.2285751396291,0.3298525252905,0.3792946587243,0.3688556430418,0.3526287499584,0.3057373492035,0.3624576470313,0.1903276123871,0.5043418534419,0.4352896950010,0.5646013120386,0.4136444838744,0.5521854315567,0.1951285626281,0.0923075727398,0.2958125557084,0.2233711129624,-0.0289262725657,-0.0075890731969,0.0102500413423,0.0169468117989,-0.0168776541559,-0.1339925196350,0.1117650071137,-0.0650616632559,-0.2370387841249,0.2578101767426,-0.0012737973671,0.1420964845266,-0.0323644559459,0.0375658658568,0.0766984514061,-0.2226676440116,0.1451694712034,0.1090914481031,0.0745115748453,-0.2413389552675,-0.2045689889401,-0.3030055626024,0.0446900585447,-0.0370083055626,0.0622489725376,-0.0667855662269,0.1456165558724,0.0046384278819,-0.0597835808220,0.1666587197405,-0.1252862725709,-0.1243548259000,0.2990562357314,-0.1603537862167,0.1716544628497,0.1061862849568,-0.3625645207750,-0.1177450078602,0.1221666678363,-0.1224264481517,0.2488142120881,0.4610823791873,-0.1792399852447,-0.2134156274586,0.0676772171900
0.3896998755176,0.3191962059173,0.3316020976511,0.7572974130927,0.5638232629238,0.6435115175381,0.6779367305885,0.5689948593902,0.4421673383032,0.6563923667874,0.6735641347187,0.6550819280086,0.6135174477967,0.5392852373081,1.0000000000000,0.4975641192321,0.7028184279722,0.6860136854668,0.4922549669137,0.2953388578330,0.7026338796885,0.4295444138847,0.4001400352389,0.5357070053633,0.0363254501276,0.4506420708970,0.3167413725058,-0.1770668299755,0.0709508153830,0.0389948007066,0.5906100583972,0.5656461359417,0.6414724578134,0.2808521957004,0.4829034771104,0.5277943821775,0.2090174682002,0.3648104006276,0.5126589171856,0.2317697506178,0.2805871155626,0.4157542213267,0.5036097916444,0.3319167273275,0.2985323148550,0.0662579798361,0.3528824418751,0.5898691297878,0.2149177301673,0.7989811247964,0.3462758110127,0.1177147441240,0.3431922111920,0.4685084668732,0.5806867616358,0.4963612500496,0.2385889598602,0.1577529720552,0.2971094473643,0.2694193103194,0.0052445191638,0.4651578752047,0.1579704766514,0.1238938270020,0.2815375270422,0.1842182694148,0.2818770491239,0.3829102445888,0.4275742110638,0.0823506667282,0.1653558749767,0.2249638939054,0.2788402100616,0.0272130090003,-0.1757136682501,-0.0925776699113,-0.3489217953324,-0.0723924986247,-0.1575066042590,0.4231879330018,-0.0855973685012,0.3135157869438,-0.3411789601105,-0.3307468362669,-0.0803128851922,-0.2532758834616,-0.0530458612404,0.5690229411663,-0.0723603126514,-0.1711625605930,0.3470208876888,-0.3858125664428,-0.1029713190652,-0.2077392825597,-0.2377329021579,0.4755242362147,0.0319308195682,-0.2900427262035,-0.2355857379524,0.3032878423505
0.1449920376189,0.3301832913062,0.1385237104305,0.6250260317013,0.1416302798612,0.2042167376916,0.3699504097881,0.5320164420714,0.4091951538708,0.3857244947683,0.3348671879518,0.3324980602862,0.4304422879198,0.3328131054522,0.4975641192321,1.0000000000000,0.5625720776018,0.5914694075828,0.7571759550632,0.5310462219684,0.5398027347590,0.3090083091797,0.1134549958564,0.4782980704817,0.3949228847429,0.3984234796481,0.4426344671346,0.1199401602287,0.1279523753300,0.2129322367801,0.8615671025465,0.4754107045676,0.5657111042392,0.4022072397011,0.7445763921798,0.7584371586335,0.1997254667607,0.5245151821630,0.3645031001096,0.2792040070302,0.1787202804812,0.3214014653113,0.6498963794009,0.3232520205286,0.3882323113208,0.1836449615268,0.3684794837064,0.2320286935530,0.1942693116147,0.4046949245705,0.0183143044332,0.0417560197731,0.1424908434205,0.0955549662439,0.1197434152522,0.3953797832107,0.1694393612548,0.0381318721515,0.2422090236475,0.2387020952055,-0.1387003387890,0.0773650271916,-0.1303380965727,-0.0338010948674,-0.1474580259495,-0.1314217819994,0.7738035933438,0.1473870161449,0.5060117461266,0.2813038394902,-0.1447758190299,0.0722873480611,0.1496732487497,0.3007257711205,-0.0339942597196,-0.1032382955180,-0.1503618078298,0.1624682795009,-0.1475374811045,0.3644507946979,0.0947501823526,0.1931476411800,-0.2024186060503,0.0935599880975,0.2261646070484,0.0677657176390,0.0193789387174,0.5476116203570,-0.1627456888212,0.1526696400743,0.1233409495312,-0.2267747375442,0.0504848068121,0.0149431816257,-0.2154831407290,0.1729947879462,0.0337376262398,-0.3047438492949,-0.2627507154720,-0.0221698924527
0.1157686424429,0.0815874220164,0.1967666496063,0.5592701899927,0.3186103992317,0.3059497532750,0.4013983621448,0.7490388917269,0.5285634889941,0.6289433840906,0.6982210546975,0.6866806190717,0.8462815502426,0.4001732890896,0.7028184279722,0.5625720776018,1.0000000000000,0.6743983929365,0.5147302709360,0.5083205629877,0.8760411830128,0.5465632986623,0.4761159246155,0.5579736085554,0.3437639951249,0.6954075194489,0.6440310101355,-0.0355986241169,0.2582687463765,0.1792024280510,0.7107321105062,0.7123284583519,0.7946885182396,0.4979133614648,0.5050953870860,0.3683772921495,0.1959522036576,0.6653480282737,0.4769546492673,0.4865579023629,0.4368282504910,0.4995298050260,0.6727879918367,0.5481738737971,0.6230598820121,0.2289109227026,0.5921721365099,0.3924565920520,0.3459226483750,0.6919936778109,0.0739064717661,-0.0982361059628,0.0694149701434,0.1440561165646,0.2636375487626,0.2216565512415,0.3522208203242,0.2836047201242,0.3644262085137,0.3349414100496,-0.1493149662436,0.4821572664750,0.0276700397666,0.0892142379310,-0.1239714970337,-0.1794760648064,0.2767748729345,0.3721066233449,0.3428755245329,0.2753284523875,0.0393859284870,0.2352217764047,0.2612268510944,0.2419173306216,-0.1737460328022,-0.1137656524114,-0.3252099136845,-0.1008154694698,-0.1424063415170,0.3430830453423,-0.0843737401941,0.2232739981838,-0.3709311093558,-0.2597572276589,-0.0163793181379,-0.2369057098353,-0.1104545056661,0.3251416424677,-0.3307303477793,0.0830780516863,0.2137948998406,-0.4340195144813,0.0698518572977,-0.1541820997240,-0.2430943424363,0.2432669621739,0.0816087685760,-0.2443681664926,-0.2927710483939,0.0778410217813
0.1881199517224,0.0705499076395,0.1309283161445,0.6435018545340,0.3603456444457,0.3253655157665,0.4850019875167,0.6340101536682,0.5346534485337,0.4093947341431,0.5303135686904,0.4566628345160,0.5128855466773,0.3605245195797,0.6860136854668,0.5914694075828,0.6743983929365,1.0000000000000,0.5783655959434,0.4855802514624,0.5372339646123,0.2806297507623,0.3591680387971,0.5908823043754,0.1770009058759,0.2985145737427,0.3698377918870,-0.2114319561546,-0.0676704040175,-0.1091782790271,0.6924004982183,0.4739579879023,0.5976496312756,0.1520235514124,0.4422054153302,0.4350824080805,0.2654747751173,0.2884031556035,0.4540249031283,0.2120820642096,0.1959140706771,0.3465417708812,0.3157819396433,0.0925514222964,0.1511198699739,0.0327937554623,0.2966750370646,0.4225000643374,0.1066694779626,0.6139005697653,0.2101620041059,-0.0547119891793,0.4243041495607,0.1810750892969,0.3484585886759,0.3982999230810,0.3988713539824,0.2588093884144,0.6150309297299,0.3497275390013,-0.0500764932009,0.4232328058448,0.0970623184761,0.2233886498825,0.1052364605919,0.1175053076082,0.4537252899781,0.6182482472924,0.5256913234360,0.2679331078498,0.2159354997924,0.2508465111281,0.4278161696698,0.1084589622875,0.0607197942159,-0.0304940665954,-0.1272521898743,-0.1739858524155,-0.2776570562092,0.7250808513501,0.1122288083747,0.4081065686499,-0.3314405319010,-0.1897264040550,-0.0593267640660,-0.2754626266920,0.0083606718427,0.4221692277870,-0.1355172874881,-0.0780672318631,0.3029970743852,-0.2927232539224,-0.1682260140251,-0.2233823527088,-0.2114940788050,0.3211703385003,-0.0783270764479,-0.2122133951814,-0.1425136716988,0.2246803520843
0.1017194321354,0.2913489121025,0.1755374483111,0.5475005516327,0.1203203992521,0.2395630073448,0.4487956078126,0.6510515389325,0.5281591894310,0.3511859724590,0.2755357625978,0.3158384231685,0.3893279500436,0.1605605707547,0.4922549669137,0.7571759550632,0.5147302709360,0.5783655959434,1.0000000000000,0.5755664531829,0.5018476906146,0.2766203927204,0.0181958201595,0.4410239017521,0.5119656839205,0.3410384395845,0.3423196586408,0.0920826661941,0.0795092945571,0.1664584417286,0.6966777817589,0.3744369215028,0.4132810628655,0.3439472550386,0.4491721611820,0.7347180254873,0.0899894733241,0.4494059550065,0.1946328526523,0.2180680854173,0.1179238529640,0.1690773714067,0.4821913345585,0.3399606133564,0.2880600760847,0.1242581492509,0.2321696214001,0.1039377844172,0.0722360380407,0.3174368275616,-0.0243855125051,-0.0241326564740,0.1389724950059,0.1671212922210,0.1444699543124,0.4667113975059,0.1480082098458,0.2769398058218,0.3575474107127,0.4671182285234,-0.0838777424571,0.0675077454269,-0.1009893108359,0.0549962765486,-0.1458081822132,-0.1704256845094,0.7145772573239,0.2322629290654,0.7483826597643,0.4628561930797,-0.0016709012312,0.0296971427929,0.1179637498440,0.4732069664521,-0.0027831373686,-0.0862035318932,-0.1879067176289,0.1092172098104,-0.1482439700024,0.4200336765458,0.0136316738463,0.1127639913111,-0.2931860285038,-0.0051606186901,0.0592279400590,0.0022558190024,-0.0655710629148,0.4126193546799,-0.2742027087915,0.1171668678630,-0.0026855577114,-0.1787644919586,0.1214417894600,-0.1054753925928,-0.2734508034401,0.0310488721857,-0.1429259261038,-0.3615729311401,-0.3619994079281,-0.0916624736588
0.0031461940521,0.0534104809332,0.0454499166340,0.3745991775685,0.0846475671276,0.0319136165228,0.1528946165742,0.6132555139764,0.5893602356388,0.1946807187807,0.2655089841191,0.2509236236571,0.4374741239547,0.2349870450624,0.2953388578330,0.5310462219684,0.5083205629877,0.4855802514624,0.5755664531829,1.0000000000000,0.4899057393566,0.3333977458264,0.2931941482477,0.5597004692158,0.7307006789870,0.5557401956223,0.6270485334682,0.1632320644712,0.2315168253406,0.1323202690118,0.6374373874723,0.5110641695608,0.5819278884942,0.3983778561223,0.3118935133492,0.3592780755742,0.2816910611859,0.6599635042775,0.1838327533441,0.4011607861186,0.2450101591132,0.0997299295936,0.3870203972335,0.4500613123682,0.4928279433493,0.3545830764807,0.4113669707730,0.0817178205348,0.2122276838858,0.2389323066034,-0.0049654962386,-0.1811940277098,0.1058399160334,-0.0229532150911,-0.0053813403135,0.1267919305850,0.2992014611836,0.1535784355670,0.4087566315290,0.4293361252433,-0.2561305964453,0.0630531364891,-0.2065759995516,-0.0283300681120,-0.2274866218084,-0.3035284425706,0.4808729881846,0.2211310054015,0.5041121639149,0.7126416780027,-0.2640233841612,0.1159747133151,0.3369398479676,0.6823636200144,-0.0702761823957,-0.0191937470931,0.0756787114918,0.1162587233711,-0.0426945699967,0.4225586155824,0.0950065878189,0.2291613708591,-0.1756461822417,0.0036383425238,0.1439208787082,-0.0164112924794,0.0131125464946,0.2578194554966,-0.3584167753578,0.3177589389596,0.0410121743405,-0.1473988509577,0.2630793258777,0.0348949694367,-0.1507929934648,-0.0276630426213,0.0606823346856,-0.1715958873287,-0.3251591957336,-0.1767043528066
0.1251416415104,0.1160907854169,0.2449392051598,0.5569445001991,0.3391569365355,0.3992329515665,0.4313369449181,0.6876165359318,0.5461286831154,0.6920404329482,0.7367544807085,0.7424344650948,0.8002044347341,0.3856070647724,0.7026338796885,0.5398027347590,0.8760411830128,0.5372339646123,0.5018476906146,0.4899057393566,1.0000000000000,0.5859390300584,0.5247192232578,0.6428067866616,0.3376448619475,0.7410606565587,0.6571211938599,-0.0625974272082,0.2462028071348,0.1401057033661,0.6787297639273,0.7581382133480,0.7907150280091,0.4822865063412,0.5837352249949,0.4238503846448,0.2432202060597,0.6902427786090,0.4870161410733,0.4501979051313,0.3303378056742,0.3901236448559,0.6891797606659,0.5450351665294,0.6135150830730,0.1958225398205,0.5278704572930,0.4352675992968,0.3059101089206,0.6281077505728,0.0988724693426,-0.0323357079025,0.0373038896461,0.2353326924468,0.3249243652466,0.2472059344593,0.2625927071522,0.1524530112666,0.2899106623587,0.3646692575798,-0.0054989584343,0.4910527188403,0.1213765244053,0.0373569558672,-0.0862584417066,-0.1636158403347,0.2588502880950,0.2261314643289,0.3638749651406,0.2278500457062,0.1220471229705,0.3223888604822,0.3539606589429,0.2809709972450,-0.2005500321135,-0.0472987388375,-0.2916845215174,-0.0597103490467,-0.1265928678768,0.2547525017028,-0.0543587190863,0.2237399464861,-0.3519946292718,-0.2842794952520,-0.0100909636907,-0.2110966140858,-0.0341496743502,0.4472312944435,-0.2636142781863,0.0157977299972,0.2368672967152,-0.4126708903783,0.0256525078295,-0.1873840909156,-0.2147020432964,0.2981345162209,0.0683207300604,-0.2752183860065,-0.3163330780328,0.1903678516258
0.0850009762327,0.2620653817569,0.1910451248160,0.1704922935787,0.1773315120187,0.2062994107968,0.0241634977211,0.3610339830350,0.2972441998154,0.6853633862674,0.5015110954230,0.6239050585400,0.4692411075217,0.3958723819523,0.4295444138847,0.3090083091797,0.5465632986623,0.2806297507623,0.2766203927204,0.3333977458264,0.5859390300584,1.0000000000000,0.3989630694395,0.4192219570008,0.2646119959569,0.4819495557353,0.4868526350881,0.1144794264348,0.3135511985536,0.3530404063129,0.4130998601773,0.5951477537575,0.4771498949912,0.6250779679010,0.2835594801536,0.2002224829753,0.2759799912387,0.4649625924159,0.2272001220741,0.6229541521726,0.5433860857911,0.4442426181773,0.4178324566268,0.3449832744431,0.3696952322040,0.5873738521137,0.6807175241725,0.1531089305847,0.5195764741489,0.4452467638226,0.0666103584934,-0.0374988657222,-0.1764344987260,0.1366427657243,0.1059824755000,-0.0445687366141,0.0904463185408,0.0600273885557,0.0959093581896,0.1500268272046,0.2634538534957,0.3237509590903,0.1847679303450,-0.0843444992040,-0.0478567842231,-0.2368506507975,0.1521363314758,0.0498041885573,0.1222403872792,0.1735027705884,-0.1093226687338,0.5082666043171,0.1705266753469,0.2447138074356,-0.2172326675165,-0.1507009861642,-0.1923185530488,0.0883350930344,-0.0587526533730,0.0661010356874,0.1737780412159,0.2396099324103,-0.0972768400739,-0.1490731885716,-0.0691808975251,0.1631775176546,0.0851230768616,0.1556035233092,-0.1933081466488,-0.0250825320877,0.0943802965140,0.0099632757090,0.0148353194147,0.1375516962124,0.1207416174962,0.1180028905269,0.2978172906236,0.0428548470516,-0.1411902499201,0.0812051782388
0.0926106567757,-0.1379312585334,0.0913877635836,0.2381756878974,0.3680230187166,0.2183079415397,0.0886132607874,0.2227394476780,0.3256323657296,0.4034174374892,0.7241722835933,0.6897666734076,0.4651384490774,0.4463329470726,0.4001400352389,0.1134549958564,0.4761159246155,0.3591680387971,0.0181958201595,0.2931941482477,0.5247192232578,0.3989630694395,1.0000000000000,0.4348007658856,0.0961455765887,0.4947836161202,0.4846522870272,-0.3700465489143,-0.0489392044699,-0.1930837527113,0.3429738488671,0.6297066969784,0.6602074250881,0.2122130485053,0.2120551770075,-0.0243974550444,0.2943775730101,0.2452092149778,0.2961083564330,0.4357731862177,0.2144358204895,0.3112541048677,0.2239208303287,0.1867670717837,0.2390215083581,0.2165694720952,0.4384839550492,0.4191344377937,0.1602200023522,0.4855370013989,0.2320192272040,-0.0214583389255,0.1552921735885,0.0816516604548,0.2554699890988,-0.1187854411912,0.1254278251165,-0.0963540946538,0.1760386601378,0.1501821236840,0.0113410522950,0.5495627055861,0.3737187434959,-0.0332270625695,0.0637890605437,0.0839074591205,-0.0728135899133,0.1296585462686,-0.0165383947176,0.0558916441506,0.0848871908828,0.6963592371456,0.3401903913446,0.0575554130208,-0.2517576238128,0.0360067803252,-0.0142095604462,-0.2930680923147,-0.2035780810042,0.1731967324178,0.0762082267879,0.3101763524995,-0.1688353282363,-0.2791538140304,-0.1844487538059,-0.4427076749966,0.0494848705283,0.1184306148218,-0.1369300377423,-0.1149482103045,0.2140187138471,-0.2464149430056,-0.1548161825496,-0.1438787433225,-0.0919173674833,0.2586233460840,0.0496634648026,-0.1394676055677,0.0576307270579,0.3856033888937
0.1723649203955,0.0926502646396,0.2178071193466,0.4025827222198,0.3510205922912,0.3823825416494,0.3547690575755,0.4696418159280,0.7043006392922,0.5124634551856,0.5495763893265,0.5247709382449,0.5503807647413,0.2788365964316,0.5357070053633,0.4782980704817,0.5579736085554,0.5908823043754,0.4410239017521,0.5597004692158,0.6428067866616,0.4192219570008,0.4348007658856,1.0000000000000,0.3610445667406,0.4842833312128,0.6268616690050,-0.1393972763898,-0.0145693929260,-0.0835658597961,0.6475138150539,0.5677975300548,0.5277835621084,0.3270984333960,0.5686811612925,0.5083271413857,0.6577003362534,0.4403723349595,0.6178826279644,0.4416668891239,0.1498290741365,0.2058302965004,0.4194101746688,0.2683293733808,0.2394703033469,0.2063566813242,0.3341778057112,0.4680566031032,0.1934004764764,0.4302270129691,0.1864838244803,0.0013970772987,0.1164919402152,0.2409922572525,0.3428141787462,0.2018655939446,0.3863920359588,0.0111115955460,0.4171154018911,0.5256147902073,0.1074391401873,0.3934345071201,0.1938782664341,0.1529691454794,0.0147821503595,-0.0725050447778,0.2900336576563,0.3565214914594,0.4551013466044,0.2633895661590,0.0278828143135,0.3236361752946,0.7683223675994,0.3940793653452,-0.1950994530164,-0.0699350384055,0.0073327358953,-0.0866936800524,-0.2419363295460,0.4612282117248,0.0572425378638,0.2463098182513,-0.2097498124825,-0.1782456568203,-0.1514045075501,-0.1338822477353,0.4316049170878,0.5488198221549,-0.0543612347320,-0.0512399793140,0.5379797190193,-0.1028586939886,0.0329984175869,-0.0940239064121,-0.1207182666397,0.4183186038427,0.0275125759064,-0.2073264192027,-0.1511262692131,0.1954829154473
