1.0000000000000,0.1442538173884,0.5097738865105,0.5618608021270,0.7798140321693,0.6066122155985,0.5092421452658,0.1380227303299,0.0589639027942,0.3284263984806,0.3166046835228,0.3996703959106,0.3283285205008,0.6547254806806,0.2022603439757,0.1637569400567,0.2411461371892,0.2184744862898,-0.0668702293464,0.0383104293097,0.0612708411969,0.1164358686328,0.1477778302164,0.1837438638922,-0.0912171407672,-0.0542469833070,0.0954394052672,-0.0093817639912,0.0551267168997,-0.1994398965688,-0.1447715535405,0.0059986688723,0.0181171550464,-0.0364053782611,-0.0968789169176,-0.0725202401920,0.0547646019689,-0.1971926781592,-0.2759647052815,0.0531927070190,0.2067747505719,0.6090665996264,-0.0920443344286,-0.1140009419380,-0.2270703007037,0.0486397374645,-0.0010784542708,0.2904285725351,0.3534976642385,0.3858432212135,0.7637661837228,0.3460054580071,0.3973365972111,0.6628789156213,0.5204028168596,0.3511994358546,0.0519793282891,-0.0020992334788,0.1248481378674,0.0443026967836,0.2546605496131,0.2799963687127,0.2256113793375,0.1411102746485,0.4909164736788,-0.0990352629094,0.0168703809722,0.2552378753243,0.0448889907342,0.0401942527947,0.0846509540564,-0.0195257572097,0.2340324061803,-0.0906123117751,-0.1631596439352,-0.2335286022667,-0.1476678207507,-0.2408856452613,-0.1215210089531,0.1979272230876,-0.0976896449164,-0.1637865270182,-0.2671828881879,-0.2681652800032,-0.2672589677478,-0.3199603243873,-0.1995426428220,-0.0221157444701,-0.1420734885895,-0.2765630142272,-0.2477818188179,-0.2234118140154,-0.2719331922440,-0.1715995960585,-0.2684878840035,0.1946960734219,0.3163896602375,0.0483195458345,0.3622552713491,0.2092238292381
0.1442538173884,1.0000000000000,0.4875469404678,0.4545350168112,0.2113503627305,0.1765191370850,0.2914048282126,-0.1071802808734,-0.0755285411131,0.2655528253564,0.0898630960411,0.0085062534629,0.0113109152723,0.5025613827073,0.6411147101232,0.1850773695187,-0.0072471668681,0.1633174173419,0.1990665932245,-0.1773253698208,0.0285292827801,0.2516828831039,0.0519654448033,-0.0044982536761,-0.3562918055093,-0.2043206678477,-0.0243804121084,0.2569206047792,0.4166370995678,0.5619394784956,-0.0144960894390,-0.1234895324565,-0.2179804086101,-0.0263633826902,0.0329483333746,0.1565818954477,-0.0244373278407,-0.2519454553664,-0.0516915158582,0.1311349560504,0.5422147756897,0.1675717791081,0.2186715812432,-0.2339719476785,0.1683302070540,0.0715400194164,-0.0695884572328,0.0777944230514,0.4580680623877,0.3081371683885,0.1749276730490,0.6350518432886,0.3877288496514,0.0595945776360,0.0623056826268,0.2510762517453,-0.3176214482592,-0.3760872333180,-0.2299478891040,-0.1413792715459,-0.0379669495320,-0.1190736299191,-0.2162025205810,-0.1833707533514,0.5858162327016,0.0831717303464,0.0724527469108,-0.1497744901791,0.0532118699792,-0.5073318305495,-0.1875981942620,-0.0371095379012,-0.0957893594820,-0.3885519340352,-0.4300270743081,-0.3746677288949,-0.2260587178641,0.0917449496727,0.4529716161831,0.0521134584549,-0.1775511455434,-0.2432975508040,0.4088212601805,-0.2118467005138,-0.4639480122968,-0.1840350068111,-0.1882976909799,0.0148145786048,-0.2914180157987,-0.4358692561737,-0.0125852304512,0.0429042660943,-0.3499788620843,-0.1080982503744,-0.3458909528653,-0.1836420967203,0.4906446624438,0.1775116272265,-0.0675252385091,-0.1745835269575
0.5097738865105,0.4875469404678,1.0000000000000,0.5196983253373,0.4882119961694,0.5842661745232,0.5535587439401,0.2160242191419,0.0440025699858,0.4064886495146,0.0924291756868,0.0963838240605,0.3153375631659,0.5910709162682,0.1360043992182,0.1838323586867,0.2220083024314,0.2151039966702,-0.0550681397159,-0.1718556462291,-0.0840774471178,0.2798126040788,-0.1770287600856,0.0311991392143,-0.0804080484305,-0.1830837492177,-0.1266249457048,0.0926453830563,0.3246388859774,0.3586563630805,-0.1421193928591,-0.1849302648763,0.0165205926186,-0.1595926955079,-0.1227965472694,0.0290609890640,-0.1003114170371,-0.2249376689719,-0.1897392778842,0.0126843526184,0.3074162886278,0.2677774718505,-0.1558217055034,-0.2312071352734,-0.0765691516032,-0.3197635824625,-0.1347405642216,0.0890455207064,0.5471066582504,0.1370815836473,0.5470292830915,0.8514775417246,0.5086397949482,0.6673479763567,0.5178559725852,0.4858985209758,0.2659132295574,0.2393385131560,0.1210284264720,0.0344561192776,0.3505197579230,0.0477832971972,0.1384356688341,0.1199097689574,0.6907210428954,-0.0432558717142,0.1393441091776,0.2957534659578,0.0657049116547,-0.0285877413764,0.0227418354453,-0.0673913353023,0.1082933613292,-0.0974911857960,-0.0414820401600,-0.2875178693532,-0.5344486275576,0.0476856009742,0.2607968135255,0.0951560041801,-0.0445724365515,-0.1289940818167,0.2615101563266,-0.2013968278208,-0.0751391666559,-0.3497976864744,-0.3088497320001,0.0002407577921,-0.3212827372491,-0.2264232316961,-0.1931701464539,-0.2662163120612,-0.2435175317395,-0.3285426751459,-0.2019900536611,0.1708737522748,0.5643463727725,0.3412105814653,0.2963349162242,0.1010250652738
0.5618608021270,0.4545350168112,0.5196983253373,1.0000000000000,0.5568785076942,0.5632870936326,0.7424116191091,0.2841528904330,0.2076046425351,0.4200023819130,0.3666812719892,0.4199406417436,0.4716006638436,0.7084839903828,0.6410822980603,0.4525590891281,0.4298532260506,0.5490784536263,0.3202571256529,0.2830921814992,0.3979834324169,0.1561984732382,0.2286844553496,0.4176366882293,-0.0667481293047,0.0541509520422,0.2858384114710,0.2927202797580,-0.0041051880809,-0.0760381039216,0.1938483126644,0.1119763053963,0.1537038883088,0.0665303210112,0.0930420599719,0.2752476287674,0.2086789593514,-0.0402030088504,-0.1084575535964,0.1664525622789,0.2370448293070,0.5179676735526,0.3572205038442,-0.0137051201433,-0.0296464367685,0.1247557207575,0.0359949176143,0.4186885882478,0.4143622121533,0.5562076663585,0.5785716989823,0.4830270283061,0.7198200219663,0.5082569282681,0.5039560463711,0.6766620728719,-0.1167465716665,-0.0857236096648,0.1797097803094,0.1705834639746,0.1510018524830,0.2530269731587,0.0450152223403,-0.0131450447807,0.5230484850736,0.0724887065795,0.2552610859734,0.1973054501684,0.3027474988477,0.0682872816314,0.0527398530833,0.0062648019387,0.2606025833279,-0.0531752821100,-0.2230364070182,-0.4161054673999,-0.1507149177120,-0.1351079822143,-0.1754283288224,0.4452359243339,-0.1739201797492,-0.1458688906509,-0.2752377342190,-0.1964041475763,-0.4105980923010,-0.4147414984416,-0.0933892249786,0.1448888025249,-0.1183137422840,-0.2781808165678,-0.0544984182154,-0.2202169584873,-0.2881604823505,-0.0690898594713,-0.4279125795157,0.2083474746823,0.3327493415374,0.0173516854612,0.1116550187735,0.1355745354832
0.7798140321693,0.2113503627305,0.4882119961694,0.5568785076942,1.0000000000000,0.7624697262790,0.6386536491286,0.1866695202056,0.1429692356436,0.4822638669007,0.3726530615837,0.5284507406895,0.4439282251789,0.4998110152932,0.2151592196166,0.2605953196646,0.3756488263618,0.3601773650277,0.0348952927138,0.1183527466304,-0.0178532032425,0.2773985696296,0.2543876107125,0.2920460061992,-0.0542457928734,-0.1655629860064,0.0778505502718,-0.0581558089399,0.1917379603822,-0.1475363986835,-0.1058958258119,-0.0249419419893,0.0860749650007,-0.1312111408055,-0.1494138273239,0.0777874866248,-0.0312401429652,-0.1647445363093,-0.4069623390759,0.0233239966350,0.3164109866411,0.5627454192190,-0.1450986723234,-0.0487673060011,-0.1586379099307,-0.0089355158731,-0.0604933741871,0.2699251004035,0.5269860284817,0.4661700902417,0.8460737730310,0.2930858923133,0.2667005666228,0.7260809610704,0.7413844727245,0.4365798497306,0.0665888572743,0.0213326789475,0.2580409690369,0.1180125818801,0.3713155476116,0.4018552458635,0.3402550841274,0.1802813365936,0.5174272394367,-0.1967748466484,0.1501320998717,0.3823526726600,0.1619714784048,0.0937834400250,0.1778897253218,0.1577252083571,0.4062231121713,-0.0107235149731,-0.1321206853643,-0.4000801609170,-0.1955385513709,-0.2625165788259,-0.0096076069063,0.3216969303872,-0.0904561106022,-0.0982812102347,-0.2793658596812,-0.3178627245774,-0.2945075601278,-0.4120754472740,-0.2323498364272,-0.0141113797693,-0.2416131951943,-0.2113429072045,-0.3494651961802,-0.2215188617828,-0.2347715514055,-0.2568042613825,-0.3380384378473,0.1414022894505,0.4436625178622,0.2213081693362,0.4229587461674,0.3475940784715
0.6066122155985,0.1765191370850,0.5842661745232,0.5632870936326,0.7624697262790,1.0000000000000,0.6761162157094,0.3097372342115,0.2473334374387,0.6393771884785,0.4914192893074,0.5636970811718,0.5540279600135,0.4893386477815,0.2329935971197,0.2919326711785,0.5318166352382,0.4184117716785,0.0783724703719,0.1550247384308,0.0426617379757,0.3336905957815,0.1256296699605,0.2723100718804,0.0246995761420,-0.1647010749650,0.1513403665752,0.0107004485823,0.1340722088593,-0.1255036559997,-0.0827356413540,0.0402369925055,0.2791712008916,-0.2170788610806,-0.1572854711644,0.0748416296376,0.0063295323244,-0.1649029743638,-0.3482641768522,0.0490780349310,0.3295323559161,0.5290567824856,-0.0834692373231,-0.1057354561169,-0.1133484436750,-0.0326629668999,-0.0901516093124,0.4594390533069,0.5619385827964,0.4680011191880,0.7230909348190,0.3069622686681,0.2684582255146,0.8926417967593,0.8618835660453,0.4817817521636,0.1614204387081,0.1361413587254,0.2826373677662,0.2146610966399,0.5222902927621,0.4245489205550,0.3480282489589,0.2511945249073,0.4776611362384,-0.1112269997082,0.1715353073344,0.5149725214379,0.2004486611997,0.1335510021710,0.2925429675460,0.0747847080529,0.3305200668988,0.0862988952802,-0.0581528997987,-0.3654049635275,-0.1928930295998,-0.1901163125364,-0.0753646627843,0.3424024408708,-0.0622765295795,0.0898444385893,-0.2569519733824,-0.2921219462914,-0.1927172157419,-0.5205981410820,-0.2383700109315,-0.0474815222831,-0.2077918755858,-0.2039360278302,-0.2813543604375,-0.2272700635090,-0.2271408125705,-0.2240436205081,-0.3219342207228,0.3577013544729,0.4087203595962,0.3334675415692,0.3881239937114,0.3366333629585
0.5092421452658,0.2914048282126,0.5535587439401,0.7424116191091,0.6386536491286,0.6761162157094,1.0000000000000,0.2863891909329,0.1928758676616,0.3716710912412,0.2321036932681,0.2771088347551,0.4605868931810,0.4199919045334,0.2476343279178,0.4157396943108,0.4576584602405,0.4940556178099,0.2851303102346,0.1649357270850,0.0724795956309,0.1090658719637,0.0034436643883,0.2738934592249,-0.0134542220851,-0.1263427890648,0.0044690931490,0.0399487149598,0.0702778095740,-0.0883740923481,0.1335243177588,-0.0832471555016,0.1226417691291,-0.1740534254624,-0.0630502265313,0.2996069204901,0.1000949829460,-0.0892757110340,-0.1831400562038,-0.0040618243371,0.1592016309406,0.3810376887797,0.0990602748911,0.0488017116520,-0.1019930654315,-0.1277280867658,-0.1903249044460,0.2298049581576,0.3884446922686,0.3325261681518,0.6839082995319,0.4195472994642,0.4754531942992,0.7031000022668,0.6970583223251,0.8850205926318,0.1438227127923,0.1166454133168,0.3637012988179,0.2166381088242,0.2338002875373,0.1620879454585,0.1566493455943,0.2212964606217,0.5041036092603,-0.0019797075536,0.4664811079843,0.3870258617679,0.3910419622876,0.2152889680904,0.1324905696302,-0.0625198569343,0.3728450537893,0.0507409716092,0.0671367227821,-0.3220974114816,-0.2500401494907,-0.1555278847117,-0.0722136745278,0.5421672984066,-0.1122054202094,0.0066768661926,-0.2437614361399,-0.0463915550453,-0.1795757912182,-0.4361391759303,-0.1074632706668,0.1373936690823,-0.1935193395891,-0.0602805063674,-0.1061089650434,-0.2552526772941,-0.0855719121620,-0.2936288131783,-0.3584368998771,0.1455874057880,0.3564455907681,0.0939463244421,0.2370523840222,0.1940519615123
0.1380227303299,-0.1071802808734,0.2160242191419,0.2841528904330,0.1866695202056,0.3097372342115,0.2863891909329,1.0000000000000,0.7273536184518,0.2849529350578,0.2632164278827,0.3266411612081,0.6303093686610,0.1542184348972,0.0441768188798,0.5853165600032,0.6007265608764,0.5626767040010,0.4437420632993,0.7004941809745,0.4253812272907,0.1984256003050,0.1100878834440,0.5316037866482,0.6915150177236,0.3574971209338,0.4037172776248,0.0037559255590,-0.0710723609531,-0.1081256753215,0.4306971582811,0.3582634177861,0.5926167004144,-0.0008973501536,0.3386911959677,0.4476507808915,0.3051452686530,0.5439812308866,0.0347295353523,-0.0128423284420,0.0100003264868,0.1716816694002,0.0790190813834,0.4353918346338,0.4462277922364,-0.0649067268404,0.1888879173570,0.2307927756815,0.1055557413218,0.1974373971197,0.1804289533241,0.0700658590011,0.0307705120918,0.2970162412301,0.3077318390201,0.2552983982490,0.4093763273824,0.5707962877568,0.7230697469017,0.6803073580553,0.1471048236635,0.3189802440938,0.1187356856498,0.0256351047012,0.0225123284575,-0.2937529095648,0.4476869702014,0.3210556403345,0.5677210145573,0.6241151315120,0.1147844833638,0.0797392442118,0.3737442268278,0.6614503982585,0.1974983827893,-0.1345474132546,-0.0281662114610,-0.2020391848623,-0.2282117591217,0.2682167886372,0.0000501024104,0.0061635932799,-0.2672404814841,-0.1085601043280,0.2221828253867,-0.2772523561074,0.0531931002560,0.4137691314103,-0.1067319837940,0.2583161417406,-0.0455318063114,-0.3373969046801,0.2148585189543,-0.1096886394771,-0.1327210810709,0.2582151024477,-0.0294136238979,0.0458743838423,0.1124841843492,0.1224024356400
0.0589639027942,-0.0755285411131,0.0440025699858,0.2076046425351,0.1429692356436,0.2473334374387,0.1928758676616,0.7273536184518,1.0000000000000,0.1950642729011,0.3720723116330,0.3072953757212,0.4686856399506,0.0602238340799,0.0806520193385,0.5550176664890,0.4454022317602,0.3887638694285,0.6473270402468,0.6351019302337,0.3512966885419,0.1650693317953,0.2095758751121,0.5475363589447,0.6647204147400,0.2270924183014,0.4730805745463,0.0374246483798,-0.0478380671690,-0.1143278098677,0.3219490521118,0.3007030796843,0.4089157874347,-0.0525162705135,0.3458348893597,0.5664810486753,0.3293643466327,0.4259119033157,0.0283287307076,-0.0001211263071,0.0052371524970,0.1558690974693,0.1397214682332,0.3206731662552,0.3852858091502,0.0287154617523,0.1067426075222,0.2368402359849,0.0229036453102,0.1744747974792,0.1471828305612,-0.0035169378928,-0.0528026050703,0.2108246766042,0.2651325395707,0.1743795748998,0.2326240914860,0.4109056830565,0.6853779234113,0.9346411149032,0.1373354768387,0.4081584479595,0.0958725699792,-0.0215594621213,0.0062779233320,-0.2142387843830,0.4689190055154,0.3193632448522,0.6929591259160,0.5376590822447,0.2070475389948,0.1767142825350,0.3358912396597,0.6779279033745,0.1280423460271,-0.1603574717495,0.0522734141594,-0.1921868856832,-0.1777403029409,0.2675119040377,-0.1529224579415,-0.0564496416494,-0.3017747632752,-0.0412335679857,0.1598668354397,-0.2719343446314,0.1252055556085,0.4053251384451,0.0135477377568,0.2116130812451,-0.0634803286264,-0.3264114112360,0.1725564379353,-0.0247040312019,-0.2020075984994,0.2344397292268,-0.0540803783996,0.0043935496010,0.1081540384991,0.1632024923886
0.3284263984806,0.2655528253564,0.4064886495146,0.4200023819130,0.4822638669007,0.6393771884785,0.3716710912412,0.2849529350578,0.1950642729011,1.0000000000000,0.5656394582455,0.7193582228229,0.6366339860732,0.4625330038505,0.3166915261820,0.2019423757636,0.5713835414681,0.4356272504270,0.0711504625837,0.1272954712674,0.2907407236470,0.7431150754000,0.3784307129535,0.3238646708186,0.0022373615954,-0.1110674480521,0.3174510493650,0.1371906697606,0.3041244608599,0.0474920447604,0.0383343246842,0.1348419346001,0.4559389435376,-0.1718111933521,-0.1701212740319,0.0819602378213,0.0944338794378,-0.2285083256176,-0.3634232083490,0.0251282668286,0.4890367384982,0.5902047412560,-0.0993205876859,-0.2051355865767,-0.0756692223662,0.1174274401968,0.1593220286112,0.2367843348776,0.5644660577343,0.6323687005808,0.4714154196345,0.2134074233928,0.1043619554246,0.5118017637936,0.5363422761590,0.2478697744975,0.1380270588520,0.0790709855920,0.1344649054494,0.1241864049144,0.7322062524238,0.5046325683372,0.4796980940574,0.2561465479168,0.3595992155776,-0.2606068633759,0.0272716725715,0.4520226821547,0.1034145319398,0.0480015852014,0.3853196091090,0.4388991290263,0.3304241149808,0.0867565289102,-0.0984473202067,-0.4116359865684,-0.1286384426584,-0.0833265193070,0.0587031467750,0.3373506126188,0.0638795123356,0.2795296774547,-0.1570779157630,-0.4055559890108,-0.2588001706360,-0.4298064102173,-0.1035113659481,-0.0843881373693,-0.1277344238276,-0.3632537979809,-0.2910629521282,-0.2510224092892,-0.3613376292329,-0.0794391839678,-0.1031437765231,0.1175035386362,0.4009870735219,0.4808909123813,0.4649786664178,0.5480657178518
0.3166046835228,0.0898630960411,0.0924291756868,0.3666812719892,0.3726530615837,0.4914192893074,0.2321036932681,0.2632164278827,0.3720723116330,0.5656394582455,1.0000000000000,0.6944167340760,0.4666930072637,0.3495288776321,0.3257188357699,0.2413825234940,0.4653552908357,0.4320235082735,0.2368775594828,0.3003858019651,0.3424217508721,0.4015090638165,0.4335087968152,0.3401489665350,0.1913922909641,-0.1365245344045,0.4207012149727,0.1728015734107,0.1667293721209,-0.0201350609857,0.0460430917563,0.1406806062710,0.3333468984393,-0.1604716854356,-0.0201293400714,0.1120016633107,0.1348715469086,-0.1120958424116,-0.2886326421417,0.1410893390454,0.4011511536691,0.5882682259822,0.0931590451085,-0.1706600030490,-0.0409534738426,0.3107808459995,0.1283025675869,0.5013399511783,0.3364151403008,0.5900837328968,0.3182348981610,0.0210502356246,0.0442539625784,0.3004802824244,0.4160555316534,0.1314857762128,-0.1049681882250,-0.0216558964208,0.2441914846309,0.3010234076843,0.4100567272839,0.7554256263444,0.3370976294901,0.1649396370528,0.2076321176567,-0.1666496110190,0.0624993072647,0.3883080971477,0.2416341144978,0.0673637404209,0.4152909527362,0.2784392261405,0.1911333692090,0.1806716890119,-0.1723281023483,-0.4226974541809,0.1011027551834,-0.0618627867094,-0.0155299650650,0.3388379225579,-0.1207249236319,0.1013951712608,-0.1692955085985,-0.3642033866448,-0.3705050819546,-0.4056953328204,-0.0679981057732,-0.0115503345353,-0.0457166082984,-0.3485105865400,-0.2156809935089,-0.0539641434918,-0.3098572543876,0.2108460070797,-0.2681986634670,0.3356960514605,0.2945232325444,0.2922698297010,0.3217609936645,0.3588633892512
0.3996703959106,0.0085062534629,0.0963838240605,0.4199406417436,0.5284507406895,0.5636970811718,0.2771088347551,0.3266411612081,0.3072953757212,0.7193582228229,0.6944167340760,1.0000000000000,0.6090528679033,0.4309538665203,0.3635904007563,0.3348530189292,0.6192227170805,0.5073906364252,0.2063018475545,0.3649117055724,0.4085366225083,0.5384412217450,0.6722312377902,0.4882369890819,0.1076535546683,0.0480570479304,0.4625607913219,0.1081018242950,0.1614990328517,-0.2466893022782,0.1684256080581,0.2993076586751,0.4871152347150,-0.0922364967824,0.0167396749393,0.1775921520516,0.1325848733872,-0.0508316011566,-0.2715668926250,0.0428460783291,0.2706622228942,0.5774982062309,-0.0116982473638,-0.0614742309495,-0.0816964556094,0.2260091997512,0.2303747092268,0.4546191472421,0.3185583033149,0.6527523699649,0.3830610106633,-0.0515851276043,0.1319296514438,0.3723940101110,0.4510983816614,0.1291772748957,0.0118731258211,0.0039616232197,0.2686845059317,0.2246247252673,0.5147720011842,0.7160915043248,0.5705439218311,0.1565687914638,0.1467736380672,-0.2705392644116,0.0896671712389,0.4367410635965,0.2084157486042,0.1918483691807,0.4707694489725,0.5053898056472,0.4316116406007,0.2030571158311,-0.1195142325288,-0.3410310192441,0.0882620018921,-0.2190546666268,-0.1271860315811,0.4246731243299,0.0588836133347,0.2098190492908,-0.4534685639077,-0.3766086033389,-0.2990370226643,-0.4332753701798,-0.0979541434901,0.0619458240304,-0.0340612233781,-0.2849470581708,-0.2496926743495,-0.2105383022317,-0.3320964410713,-0.0414067344198,-0.2099811938783,0.2354744658818,0.1469126191277,0.1836703379454,0.2442417628584,0.5234656030167
0.3283285205008,0.0113109152723,0.3153375631659,0.4716006638436,0.4439282251789,0.5540279600135,0.4605868931810,0.6303093686610,0.4686856399506,0.6366339860732,0.4666930072637,0.6090528679033,1.0000000000000,0.3052670762946,0.1300756171820,0.4100258227631,0.7153920362724,0.5767421413870,0.1790637334990,0.4200427865803,0.3989361574917,0.4459071444415,0.2353603469032,0.4569286621369,0.3538251298779,0.2407862324604,0.3782821335254,0.1733654718863,0.1238477301418,-0.1197980479287,0.2388970854826,0.3988163984574,0.6621491264949,-0.0039435356671,0.0109252898050,0.2096569670998,0.2462558738716,0.2037670501682,-0.2159926522608,0.0568991490830,0.2911584931579,0.4900664026856,-0.0131044311587,0.2006470950772,0.1491941411341,0.0130040368665,0.3119408260295,0.2808175319151,0.3640937620470,0.4893575945861,0.4561628114321,0.1260416193467,0.0712838818737,0.5008638205367,0.5721182507060,0.3883073288099,0.3650716780818,0.3963298393408,0.5136553358303,0.4222924633471,0.4247527088583,0.4653973606815,0.4239303908694,0.4144002338298,0.1912330638106,-0.3233543913821,0.2199722873826,0.5471680569443,0.2742086319786,0.3880483332560,0.2509743852572,0.2136805053225,0.3916957803489,0.3767142726957,0.1007145634007,-0.2396815573966,-0.1579931509244,-0.1371327746252,-0.1518715559203,0.4056915235111,0.1223123086016,0.2619247518719,-0.3601418219057,-0.3073873769035,0.0590754651477,-0.3979164645702,-0.0662303296974,0.0477609556985,-0.2101801611149,-0.0325125742108,-0.2318801559363,-0.3238054695441,-0.0415402335155,-0.1438828529395,-0.0335328507094,0.2445205635307,0.2126237504079,0.2879513976478,0.4231836239368,0.3386501934818
0.6547254806806,0.5025613827073,0.5910709162682,0.7084839903828,0.4998110152932,0.4893386477815,0.4199919045334,0.1542184348972,0.0602238340799,0.4625330038505,0.3495288776321,0.4309538665203,0.3052670762946,1.0000000000000,0.6456921125008,0.3433687543880,0.3352207899016,0.3630251504821,0.1246913890293,0.0520250132610,0.3636511743622,0.3165293556054,0.3043695229439,0.2606732790619,-0.1973298659698,-0.0484938226610,0.2305317240562,0.2018756210609,0.1880244100798,0.1086067063724,0.1358639025962,0.1014908050106,0.1270720862613,-0.0589143010432,0.0755431260289,0.0734135983341,0.1441392198431,-0.2540981853032,-0.1561646251488,0.0739631669335,0.3395037271528,0.5647636591347,0.1374707057440,-0.2591983975064,-0.0729470453576,0.1549957549986,0.1628855781613,0.3739314022144,0.5065104024307,0.5187560996290,0.5076722882394,0.5304655058944,0.6221719952468,0.4505663768820,0.3141681620587,0.3266471628842,-0.1207180457666,-0.1622816495115,-0.0239783954796,0.0079376672138,0.2318653845428,0.2021370668769,0.1052182344338,-0.0872227974140,0.5909580415808,-0.0821177487503,0.0451759247298,0.0899767248463,0.0782340238577,-0.1701633230788,0.0413667477068,0.1080349777224,0.1874077156987,-0.2008999625971,-0.3233413823516,-0.4034660234754,-0.1965717319905,-0.1405527349541,0.0057751966263,0.2342024150656,-0.1121623228543,-0.2017191634352,-0.0986306418314,-0.3206344514933,-0.4488848533057,-0.4339540093150,-0.1746005132100,0.0694274473498,-0.1986121538213,-0.5182107977663,-0.1412914910589,-0.2864550755290,-0.5111260843747,-0.1255681320476,-0.3205670780812,0.1656770387531,0.4448104850018,0.0561488545727,0.0473920898146,0.1112454747690
0.2022603439757,0.6411147101232,0.1360043992182,0.6410822980603,0.2151592196166,0.2329935971197,0.2476343279178,0.0441768188798,0.0806520193385,0.3166915261820,0.3257188357699,0.3635904007563,0.1300756171820,0.6456921125008,1.0000000000000,0.4362278581487,0.2999171312258,0.4334397353070,0.3933884092457,0.2649103718087,0.5559533209656,0.2058894789512,0.4500428637832,0.4007834651125,-0.2278672301810,0.0680989688153,0.4323916382472,0.2853717030371,0.0931309156136,0.1317051823641,0.3784317668513,0.2276233411389,0.0965963787852,0.1299667596276,0.3132725745817,0.2862796229133,0.3071217513439,-0.0366152677981,0.0618702740391,0.2398649563645,0.3600156874025,0.3576325032708,0.5498925915935,-0.0778995918019,0.2318152632170,0.4331001264048,0.2053647627353,0.4119421675440,0.3065889954183,0.6270520695570,0.1001047216941,0.1750936884853,0.4630102534215,0.0447899509809,0.0263894643366,0.1648820679964,-0.5286221430379,-0.5236288381210,-0.1857475259384,-0.0317592331806,-0.0745818487449,0.1022932951090,-0.2510079577256,-0.4032101988621,0.2965991695953,0.0679969483796,0.0907243250013,-0.1824362814404,0.1543772425200,-0.3204458466486,-0.0616087982772,0.0787609571929,0.0947674638497,-0.2390215994446,-0.5345889496264,-0.4478694620176,0.1302546057814,-0.1444297860587,-0.0149913677738,0.2487347509964,-0.2624231862408,-0.2655978499630,-0.1209310577826,-0.2368787272594,-0.6248900313092,-0.2779582924194,0.0322129286058,0.1906541239542,-0.0504172918186,-0.4599093365618,0.0867691671904,-0.0171775847149,-0.4086904753242,0.0425583153174,-0.4535443276301,0.0126935190243,0.1684846463830,-0.1385347268556,-0.2754384181790,-0.0862597177530
0.1637569400567,0.1850773695187,0.1838323586867,0.4525590891281,0.2605953196646,0.2919326711785,0.4157396943108,0.5853165600032,0.5550176664890,0.2019423757636,0.2413825234940,0.3348530189292,0.4100258227631,0.3433687543880,0.4362278581487,1.0000000000000,0.5966395698581,0.6000994619838,0.6690399195976,0.5177277952427,0.5358747224585,0.2104694884296,0.3207466220939,0.5787634420937,0.2365199276631,0.3158623856045,0.3421491880539,-0.0125834752131,0.0812340656102,-0.0611423130801,0.6446566923021,0.4127223270827,0.4441115120510,0.0447339293205,0.7114825247652,0.7563876403227,0.3258213690323,0.3204631276134,0.2205265127645,-0.0605564622520,0.0529579041543,0.1824051701168,0.2201075052864,0.1887329814375,0.3325891968351,0.0337308781449,0.1937169740335,0.2992514090483,0.0923644518094,0.2921105206572,0.1353931913202,0.1216413855944,0.2327387742846,0.2084003247199,0.2007997084532,0.3997247713061,0.0011077414389,0.1092284081781,0.5370198053377,0.4960213331228,-0.0104671600410,0.1719230580888,-0.0673920613314,-0.1976298358829,0.1307506321620,-0.2295434144041,0.7371446664810,0.1683954515144,0.6505222349420,0.2953051521193,0.1171318905858,0.1031973170426,0.3624585831572,0.2424500931754,0.0226165813442,-0.1854004861847,-0.0438423298134,-0.3098529239705,-0.0849197170080,0.4294092777776,-0.0584173872299,-0.1741735969413,-0.2728883428545,0.0097257070881,-0.0731599316086,-0.3002813840572,0.0901906910191,0.7107373701335,-0.0939822396309,-0.0358328492093,0.0892011299574,-0.3915289246761,-0.1031951510490,-0.2267209038847,-0.3513314381008,0.2132402668790,-0.0330860974920,-0.1379827883658,-0.1029504392158,0.0621251364485
0.2411461371892,-0.0072471668681,0.2220083024314,0.4298532260506,0.3756488263618,0.5318166352382,0.4576584602405,0.6007265608764,0.4454022317602,0.5713835414681,0.4653552908357,0.6192227170805,0.7153920362724,0.3352207899016,0.2999171312258,0.5966395698581,1.0000000000000,0.7721696467548,0.3593096492297,0.5136610541484,0.5024501213088,0.4427425484645,0.3842771997439,0.5598846861333,0.2747779928458,0.1712149320398,0.4028666801447,-0.0024884513690,0.0411652464752,-0.2358525660164,0.5474624951088,0.3068431234619,0.7163572581452,-0.1081518094709,0.2239900649927,0.3520382147429,0.3157398994479,0.1327453688500,-0.0809661197385,-0.0420347314813,0.1320828864388,0.3695156672297,0.0575905469915,0.1264995178862,0.0543585948032,0.0573446054958,0.1366032441527,0.2993366774307,0.2715359543326,0.4287165154791,0.3226915072892,0.0070154251079,0.1150250191007,0.4444639647937,0.4464616239076,0.3399616499059,0.1977264674722,0.2426110564550,0.4756459781910,0.3850749197225,0.4159818392123,0.4199167545982,0.2701018599946,0.1388130997561,0.1318181585979,-0.2986351012379,0.4027614092648,0.5647143562698,0.3639806282480,0.3820748617727,0.4443742140275,0.3012358470490,0.5130142499726,0.3569399596403,0.1254581582885,-0.2485386670347,-0.0479733325161,-0.2468016687684,-0.2070530791387,0.5877709052322,0.0307983657160,0.1667605855593,-0.4406942771415,-0.1836383932659,-0.0781916360553,-0.4144227752265,0.0662844556070,0.2729037160712,-0.1283491463545,-0.0807821290700,-0.0659438856474,-0.3546184787877,-0.1389388389921,-0.2010549136612,-0.2229241747180,0.2232378148436,0.0778537957367,0.0553186574422,0.1797415805892,0.2798522450050
0.2184744862898,0.1633174173419,0.2151039966702,0.5490784536263,0.3601773650277,0.4184117716785,0.4940556178099,0.5626767040010,0.3887638694285,0.4356272504270,0.4320235082735,0.5073906364252,0.5767421413870,0.3630251504821,0.4334397353070,0.6000994619838,0.7721696467548,1.0000000000000,0.4485533438311,0.4976511230887,0.4415743070206,0.3233981906255,0.4045026820365,0.6149198193491,0.1571794213055,0.0590193095459,0.3934193575078,0.0926868909781,0.0142017597332,-0.1544703408429,0.5656256915189,0.2046532491565,0.4354635227080,-0.0535408817456,0.2461630352405,0.3855920011197,0.3331199738119,0.1371596695792,0.0267170923934,0.1220236964825,0.1623525067127,0.4217329038839,0.2381271919694,0.1175212960311,0.0802738395930,0.2031931174896,0.0990455973122,0.3467476189133,0.2550259861568,0.4504317090253,0.3175217210744,0.0905393704672,0.2427310670195,0.3337626639421,0.3746955907071,0.3980229377845,0.0944501212181,0.1302856745528,0.4578046241674,0.3430095354342,0.2101292359468,0.3846761050444,0.1515437240467,0.0208373342957,0.1500644961113,-0.1695272022385,0.4373108956833,0.3973174479717,0.4306967735513,0.2664526014678,0.2537354002338,0.2511551298609,0.5804853960260,0.2535732980689,0.0279357349822,-0.4181041940844,0.0769232061664,-0.1851470113291,-0.1879353791938,0.6726792018068,-0.1150922112505,-0.0120864663528,-0.3531957691481,-0.1172133953073,-0.2534405418182,-0.3881217098342,0.1819355840582,0.3384866763485,-0.0913294233456,-0.1348451244990,0.0927129810385,-0.1610062217308,-0.1920529870865,-0.1263582834840,-0.3536638284009,0.1932826553896,0.1181355831799,-0.0380061785821,0.0913888493407,0.1859413474047
-0.0668702293464,0.1990665932245,-0.0550681397159,0.3202571256529,0.0348952927138,0.0783724703719,0.2851303102346,0.4437420632993,0.6473270402468,0.0711504625837,0.2368775594828,0.2063018475545,0.1790637334990,0.1246913890293,0.3933884092457,0.6690399195976,0.3593096492297,0.4485533438311,1.0000000000000,0.5024678356667,0.3877119907170,0.0489753237119,0.2793960539147,0.5044268935760,0.2724916643215,0.1834491976294,0.3124043245500,0.0403073939101,0.0032973180820,-0.0980107240699,0.4740862407452,0.1730263452279,0.1359819786831,-0.0165377889498,0.5285171023553,0.7896002743603,0.2896578523008,0.2780850889832,0.2927368545916,0.0704819236292,0.0249466819034,0.0440036036783,0.3493746741454,0.1852189542500,0.2324840881448,0.1460462586108,-0.0347796347850,0.2830181546858,-0.0926787354253,0.2190050123311,-0.0445892681903,0.0044912794491,0.1726331583554,-0.0353583082029,0.0053703866154,0.2940868878119,-0.1442207097542,-0.0404630543986,0.4886975365093,0.6372575650962,-0.0776622645529,0.2057681511914,-0.1297948444465,-0.2126676871861,-0.0195621806410,0.0033623798940,0.6650757015470,0.0251680421933,0.8345383299497,0.2617242587733,0.1398813444262,0.1227528270237,0.2556900289955,0.3101845993035,-0.0394979252551,-0.1788877277968,0.0766545067081,-0.1714130724851,-0.0678551150241,0.3496479958728,-0.2437618328406,-0.1539561618054,-0.2432353586339,0.1261750176413,-0.1649194908441,-0.2430262122808,0.1988550936191,0.6238792226150,0.0388964250169,-0.0050890711550,0.2368235071867,-0.1569445019773,-0.0246441406351,0.0232248025477,-0.3782349428015,0.1191233246973,-0.1353955053905,-0.2172028256019,-0.2169443710520,-0.0225176314669
0.0383104293097,-0.1773253698208,-0.1718556462291,0.2830921814992,0.1183527466304,0.1550247384308,0.1649357270850,0.7004941809745,0.6351019302337,0.1272954712674,0.3003858019651,0.3649117055724,0.4200427865803,0.0520250132610,0.2649103718087,0.5177277952427,0.5136610541484,0.4976511230887,0.5024678356667,1.0000000000000,0.5124114609091,-0.0125795157008,0.3243519915736,0.6023703001666,0.6794539540370,0.4408525973836,0.5941024872802,0.0296969568225,-0.3085648154448,-0.2841853587975,0.5198305949454,0.4511663259381,0.5274815854952,0.2105235262775,0.3982241936645,0.4456100616460,0.3913486846381,0.6836737015668,0.0783964467077,0.0671827052124,-0.0948840482956,0.1581065688362,0.2929642562995,0.5959783323635,0.4418928098964,0.1233710387793,0.2504344240345,0.2921768826158,-0.0666950487137,0.3120563570332,0.0131494747206,-0.3024060839813,-0.0370325548206,0.0561144971674,0.1258906410601,0.1137884194921,-0.0112533519348,0.1989605170920,0.5418243745791,0.5737207445290,-0.1200658999407,0.2910093491100,-0.1265358554396,-0.2246378381143,-0.2721392326894,-0.2239375883221,0.3128125667867,0.0571071626369,0.4904067087666,0.5870751555952,0.0495434971904,0.0305862250248,0.3181376820161,0.6612462957266,-0.0097781492440,-0.1594360516023,0.3432924445240,-0.3041989047445,-0.4735541944952,0.2882991694492,-0.1076316868402,-0.0785992497379,-0.5083441927429,-0.0786172618922,-0.0123290824656,-0.1835486300706,0.1742571252708,0.3714240524275,0.0171068788483,0.3185781375109,0.0258049079534,-0.2347499407938,0.2587148591630,0.0149860578451,-0.3148785037087,0.1440760513300,-0.2676332368112,-0.2526099303502,-0.0882450422372,0.0483661016538
0.0612708411969,0.0285292827801,-0.0840774471178,0.3979834324169,-0.0178532032425,0.0426617379757,0.0724795956309,0.4253812272907,0.3512966885419,0.2907407236470,0.3424217508721,0.4085366225083,0.3989361574917,0.3636511743622,0.5559533209656,0.5358747224585,0.5024501213088,0.4415743070206,0.3877119907170,0.5124114609091,1.0000000000000,0.2613662180415,0.5078648653756,0.5608431503866,0.2265763422941,0.4810892818148,0.6276867627969,0.1733423463226,-0.0566357278967,-0.0706603364282,0.6289677869697,0.5339856223122,0.5433935774660,0.2188162437857,0.5014536188881,0.3814529712769,0.4863039174283,0.2323828482969,0.0889304481977,0.0494234815242,0.0622706576521,0.2841135706411,0.4403496185318,0.1530502598619,0.3540375361965,0.3801255455765,0.5252756508572,0.1642686907975,-0.0324582701470,0.5366158585599,-0.0545801042947,-0.0968991354764,0.1610907840587,-0.0455887040439,-0.0837415641122,0.0467091167390,-0.2019867872884,-0.0579669271698,0.1557161280664,0.2441789379296,0.0114587139300,0.2250806243874,-0.0954715884239,-0.2440056453290,-0.0467211470938,-0.2715005508370,0.1919183558723,-0.0636041604814,0.2607298276488,0.1577146631204,0.1004244959101,0.2495948759263,0.1429549270646,0.2087585915638,-0.1452422386383,-0.1607454408332,0.1817349056528,-0.2144301020239,-0.2220778583455,0.2173659009717,-0.0355203502748,-0.0619126482858,-0.3171280333228,-0.1677639852179,-0.2039035418779,-0.1070120817660,0.1534312694992,0.3065146655944,0.1352244618849,-0.2090772205616,-0.0097102598204,-0.3260139070628,-0.1395969908001,0.2500817796506,-0.0593562506851,0.0215152285933,-0.1556958939685,-0.1471195109885,-0.1045249455201,0.1687897167495
0.1164358686328,0.2516828831039,0.2798126040788,0.1561984732382,0.2773985696296,0.3336905957815,0.1090658719637,0.1984256003050,0.1650693317953,0.7431150754000,0.4015090638165,0.5384412217450,0.4459071444415,0.3165293556054,0.2058894789512,0.2104694884296,0.4427425484645,0.3233981906255,0.0489753237119,-0.0125795157008,0.2613662180415,1.0000000000000,0.5331105869940,0.2897281826459,-0.0641567505029,-0.0425332352075,0.2913707224763,0.1039326251130,0.5326197865008,0.2083481574722,0.0866272611072,0.1156525092613,0.3953588116183,-0.0920267429606,-0.0302930121569,0.1383555264875,0.0916989970703,-0.2351631574319,-0.2808389025320,0.0026960013905,0.4701911118435,0.3504829871747,-0.2027696533226,-0.1998091533334,0.0444512422175,0.2275002265022,0.3111493036972,0.0059254758387,0.5211681314364,0.3984888731533,0.2098845259189,0.1796385356804,-0.0707510928114,0.2063095608315,0.2497082043462,0.0017223827347,0.1261086807646,0.0586185708689,0.0364790882634,0.0758922791067,0.5823194481389,0.3542342460201,0.4165804135134,0.1222420922151,0.2826679310591,-0.4430988438311,0.0033289788634,0.3293481982090,0.0288031074754,-0.0702569024215,0.3406420976079,0.6708064748723,0.3228985482296,0.0500056993824,-0.0919748991114,-0.3630938044994,-0.1322715154936,-0.0440214982210,0.3185867980083,0.1888238175922,0.0401337712515,0.1483599558224,0.0071692197094,-0.4110681828712,-0.1995590868045,-0.2356042953411,0.0071294107123,-0.0174014566029,-0.1660001972579,-0.3486338260476,-0.2725230661452,-0.1583192630660,-0.3467089837474,-0.0897662446189,0.0968473687828,-0.0281134734072,0.3739652435881,0.4243310749951,0.3529018576965,0.4130633808767
0.1477778302164,0.0519654448033,-0.1770287600856,0.2286844553496,0.2543876107125,0.1256296699605,0.0034436643883,0.1100878834440,0.2095758751121,0.3784307129535,0.4335087968152,0.6722312377902,0.2353603469032,0.3043695229439,0.4500428637832,0.3207466220939,0.3842771997439,0.4045026820365,0.2793960539147,0.3243519915736,0.5078648653756,0.5331105869940,1.0000000000000,0.5541135773045,-0.0625501228412,0.1680463970440,0.5602540268575,0.0406536615528,0.1165864161566,-0.1673890510502,0.3442261485957,0.2823274882341,0.2825796545651,0.0697046516713,0.2363938328315,0.2689206327502,0.2940282088627,-0.0297871891461,-0.0810990022684,0.0780658592395,0.1034158185655,0.3419703236250,0.0910992107495,-0.0477088358930,0.0052311263254,0.5003160289304,0.3733245242636,0.2042504768735,0.1154374200250,0.4851202391899,0.0545182707179,-0.1991165134383,0.0173627802246,-0.0609934131802,0.0087657011623,-0.1265007715038,-0.2175750536332,-0.2259973413261,0.0013417230577,0.0950381634218,0.1797129809873,0.4286212916310,0.2392250507155,-0.1895401840828,-0.0284651463209,-0.3759225798288,0.0327888232384,0.0499721117706,0.1171139180941,0.0118705468251,0.2962388038775,0.7123116444672,0.4263645436123,0.1057037882883,-0.2270952383929,-0.2916276116272,0.3109385612503,-0.2924472367053,-0.0442669381057,0.3032777387710,-0.0393842912202,-0.0197524340936,-0.3700358684721,-0.2917539362573,-0.3939097871060,-0.1423778051866,0.2188158497597,0.1675477980232,0.0763489589225,-0.2949268117578,-0.1054917431164,-0.0962487147365,-0.3328876606431,0.1174015995137,-0.1355096975268,-0.0361324286022,-0.0234654437871,-0.1212606966798,-0.0049029667454,0.3504320717037
0.1837438638922,-0.0044982536761,0.0311991392143,0.4176366882293,0.2920460061992,0.2723100718804,0.2738934592249,0.5316037866482,0.5475363589447,0.3238646708186,0.3401489665350,0.4882369890819,0.4569286621369,0.2606732790619,0.4007834651125,0.5787634420937,0.5598846861333,0.6149198193491,0.5044268935760,0.6023703001666,0.5608431503866,0.2897281826459,0.5541135773045,1.0000000000000,0.2297940766897,0.2910994240239,0.6726846973922,0.1286191973082,-0.0452880911707,-0.1870820566649,0.5080189617133,0.2875950605026,0.3519578606599,0.1095124861540,0.4659193113078,0.5916142640091,0.5832967741458,0.3139739759192,0.1369720939006,0.1673559830374,-0.0025014895811,0.2654491703499,0.2841013846924,0.1859542080950,0.2366468948652,0.2102254545058,0.1873622709756,0.3423632464524,0.1181908405538,0.4040100313907,0.1816436316643,-0.0587561680587,0.1490523612353,0.1856408075649,0.2574771900079,0.1827151788738,-0.0429548375574,0.0618243716046,0.3817501368592,0.4079292227509,0.1677701093290,0.4547973014358,0.0338930947821,-0.2305242629932,0.0571572126845,-0.2770984384537,0.3726057127699,0.1442483972255,0.4472384447473,0.2996353895370,0.1434858822407,0.3451555857548,0.5901989106038,0.3016909201391,-0.1559937893022,-0.3720552561072,0.1375340342431,-0.2655846602138,-0.2061029538505,0.3793661512312,-0.2086127279817,-0.2836126507500,-0.4103055215120,-0.1782189973791,-0.2352667896114,-0.2929351655457,0.3825856144669,0.4862669715906,0.0556526685656,-0.0745708635503,0.0856316318353,-0.2506279729139,-0.1735764812054,-0.0269498378592,-0.3580046287408,0.2377868423182,-0.0385770127055,-0.1261574279069,0.0563179130372,0.2608698669259
