1.0000000000000,0.4451558748616,0.7880757958665,0.2880712940516,0.7267979063439,0.3997210727071,0.1848415330153,-0.0874687527471,-0.2075161644140,0.3951211950107,0.4568255757485,0.5052366113584,0.3889645648354,0.6110091842369,0.3298809392812,0.0169686631317,0.3084859530934,0.2841037623154,-0.0945068738964,-0.1327807965590,0.2146109298069,0.4164930731157,0.3640049412647,0.3277101727772,-0.3411183979507,0.0431005902004,0.1945748159700,0.0816391572913,0.2426623113503,0.2636456454128,0.2971740015417,0.2978492239357,0.3526305009671,0.0101487902577,0.2737618252248,0.0949485157975,0.2030214491507,-0.1762903713606,0.3575460425627,-0.0509799971434,0.3916309543468,0.3803115499306,0.2255059546517,-0.3135725343719,0.1088772395783,0.1631353741030,0.3927169654641,0.4799054580795,0.5767550791884,0.4367034315032,0.7248567171967,0.1368697927382,-0.0348471317993,0.3478799845464,0.2936414401151,0.0027865446730,0.0430047752771,-0.3553482288190,0.0521861525573,-0.3756585857120,0.1647905299934,0.2343866482712,0.0078986591714,-0.0081100945627,0.0073454015029,-0.1814629074653,-0.1611029550970,0.1826879259065,-0.0941653490661,-0.1338907233440,-0.1773965392874,0.1130700138357,0.2257954158003,-0.3396048823317,-0.3324571711862,-0.1120234602056,0.1009339702932,-0.0488181880270,-0.1476240326812,0.0260004095137,-0.0329181283414,0.1560487735056,0.1195098549286,-0.1738850926797,-0.0221335813212,-0.1211126765084,0.2038600623872,0.0945974218392,-0.1777560360477,-0.2366014509496,0.2340031469164,0.1024344394104,-0.2556432821833,-0.1135417285204,-0.0501116808997,0.3953124087580,0.4146223651230,0.0141121180038,-0.0425609220353,0.0011612489486
0.4451558748616,1.0000000000000,0.5825274180456,0.2251550309145,0.2673287494009,-0.1336802819842,-0.0437085196854,-0.2516413894425,-0.2664413003331,0.1887202235335,0.1530962495741,0.2873254158418,0.0818962150209,0.7749536225938,0.5300767082781,-0.0188879059452,0.0809122669284,-0.0028589282583,-0.2508466563987,-0.2542043300291,-0.0344699741603,0.4606477976036,0.0504187340506,0.0686937911364,-0.2762020461518,-0.2941728176427,-0.1744870384359,0.4480110546220,0.6564672068127,0.7292311605715,0.1418931348362,-0.0883632502587,-0.0512414198863,0.0433987506074,0.1450634385479,-0.0865775388975,-0.0811753399299,-0.3959033006180,0.0248578954396,-0.0068275870072,0.5562128293714,0.0343940955549,0.1653170042088,-0.2995041175391,-0.1998286938117,0.0574707625033,0.1408786479991,0.1342995174664,0.6390581486915,0.2836894252294,0.2630366313519,0.4084440666736,-0.2474573659102,-0.2187695302145,-0.2274818258532,-0.2327184879267,-0.4957636268899,-0.2374961541248,-0.1096551209101,-0.2408091720744,-0.1386191869296,-0.3089915017934,-0.4929367579849,-0.4823103843094,0.3681412990937,-0.4354474158731,-0.2325354692379,-0.2620969809185,-0.2761861888876,-0.4382313780877,-0.3994144135006,-0.3077104054082,-0.1543035222731,-0.0956377920176,-0.4727184656783,-0.4218327617422,-0.3668345452071,0.0430844587118,0.3964404592981,-0.3177291851538,-0.4259973893918,-0.4167439100637,0.3278867015445,-0.2486600915225,-0.4456549133775,-0.0356632871583,-0.1196038937968,-0.0817783634737,-0.3427103550122,-0.4354975707285,0.0194341908005,0.0490532469250,-0.2890666022549,-0.1824559018557,-0.3576992008606,0.0079694471522,0.5653429045200,0.0189213405899,-0.4977040601634,-0.4186785860227
0.7880757958665,0.5825274180456,1.0000000000000,0.2428461561945,0.5884789813278,0.3705067864273,0.2339398313893,-0.1978699057471,-0.1848123846310,0.2825263250104,0.2593326996774,0.3081689645706,0.1963550336133,0.6112735516920,0.2457286177707,-0.1115827543127,0.0932736155229,0.0419767180483,-0.2075328135051,-0.2528954660093,-0.0381018539359,0.3493722635341,0.1497845061826,0.1842103792335,-0.3510475160940,-0.2285430561087,-0.0646312307238,0.2587801363163,0.3314654541586,0.3903324818139,0.0826217302871,0.0649105303713,0.0779323306005,-0.0084459634308,0.2114871896727,0.0076302307468,-0.0562831318032,-0.3582762039415,0.2280574203615,-0.0783370778495,0.3645818700999,0.2618052638629,0.0674676805867,-0.4157471427686,-0.1615136559725,0.0289686921562,0.2035522508809,0.3370867402286,0.5409932123971,0.3724367885214,0.7300530363912,0.5026188552583,0.0071770003339,0.3591744168391,0.2699211410973,0.0517880268297,-0.1270699710564,-0.1896283528516,0.0572204103467,-0.2467836523406,0.1713638498422,0.1028497747442,-0.1119834766110,-0.1310863624327,0.2748612708831,-0.1563421498340,-0.2935480304231,-0.0139942072443,-0.2367400531264,-0.2615502043818,-0.2854257246854,0.0353583266562,0.0218208940630,-0.2219377933083,-0.4509128442580,-0.3271547949704,-0.1902401681342,0.0935715058977,0.1112680964334,-0.2386511655701,-0.1592824938943,-0.0865256410100,0.3164228044869,-0.3569348475942,-0.2622335205736,-0.1211513271288,-0.0402696006679,0.0131210356395,-0.3326605123769,-0.3950779102892,0.0207597779175,0.0038842402756,-0.3715071854941,-0.1029256864666,-0.0696486991784,0.2283659545304,0.5180093543252,0.1696973207774,0.0204303809206,-0.0648548120962
0.2880712940516,0.2251550309145,0.2428461561945,1.0000000000000,0.3669838781502,0.5215183633463,0.6845922813957,0.2908435973786,-0.0335736230457,0.3691040683427,0.4614521178717,0.4876400484433,0.5264853946229,0.3143191359259,0.7819149500962,0.6986211808838,0.4952866408189,0.3189149314868,0.3775341635778,0.2286299516054,0.4174326804563,0.3524667965029,0.3532375147197,0.4351625948442,-0.1726396913655,0.1725838977883,0.3317196455606,0.1183860545851,0.0918735509075,0.1180354627187,0.5714594141737,0.3840022681896,0.4998413462658,0.3495236539578,0.6368304683136,0.4944908852434,0.2346785173628,0.1080940380150,0.4382310395011,0.3195515702943,0.4218445064555,0.4702533087439,0.6615563556769,0.0822591545590,0.1949467667797,0.3936335651949,0.4353745843829,0.5278149128845,0.3572660651437,0.6183125676237,0.2369860616032,-0.1635655825258,0.4228180695192,0.4167105945893,0.3753149908305,0.6351048616248,0.0465223817423,-0.4167550104369,-0.0787244587533,-0.3029004018679,-0.1723166619867,0.0718202174189,-0.1174864640595,-0.0702584038522,-0.1014047167738,0.3159198553607,0.4652459788324,0.2072373484763,0.3766413649277,-0.0509576270845,-0.0867648748633,-0.0317736908398,0.4293560682038,-0.2688206404125,-0.0806395878835,-0.0210929484843,0.2186299338716,0.1065460429617,-0.1477938831855,0.3642072630058,-0.1161901836818,-0.0219457526946,0.0002736986555,0.3414120133692,-0.0693732319121,0.0706009061705,0.2491980995590,0.5233436962761,0.2007911559545,-0.0622454878632,0.4268467949069,0.4516117931553,0.0600448288300,0.0984354556303,-0.1256361437174,0.4311825842329,0.1388257338233,-0.0945577990828,-0.0464444496294,-0.0212178999106
0.7267979063439,0.2673287494009,0.5884789813278,0.3669838781502,1.0000000000000,0.6709362530576,0.3348565045423,0.0809939647490,-0.0483428863627,0.3570559029270,0.4319467029107,0.4751635290395,0.4968560829839,0.4876665601017,0.3621645269872,0.1049509668043,0.3714230231887,0.3688516217114,0.0433839345535,-0.0564138519555,0.1908287775812,0.3919916458351,0.3749724784486,0.4657472750923,-0.3684365610456,0.1278554250923,0.2958322708099,0.0272061013593,0.1549280359974,0.0154979630070,0.3746750962175,0.3729750536259,0.4235064617693,-0.0187117807852,0.3010944423755,0.1735868564533,0.1949693435845,-0.0846649897092,0.4029558387263,-0.0740146602344,0.4340191409314,0.5351972664599,0.1749246840808,-0.2791777660252,0.2119098896166,0.1578274827613,0.4301696451617,0.6313162127586,0.5649394693162,0.5048318763804,0.6458749916861,-0.0945718860162,0.1864471947279,0.5187541909757,0.5600307939607,0.0703373882497,0.0762500061402,-0.3754663209717,0.1294944539378,-0.3530455356508,0.0678542139598,0.1938693484902,-0.0495338004267,0.0561884590332,-0.0937354894107,-0.0349949388049,-0.0893675784908,0.3010226863534,0.0100527718012,-0.0876656298848,-0.2961264342649,0.1264240896212,0.3271320719337,-0.3954626848055,-0.3954402315362,-0.1479539408148,0.2062148989622,-0.0367221593093,-0.2495721692254,0.1153547615246,-0.0455074916015,0.2189890434082,-0.0078803843596,-0.1997986416527,-0.0180855123930,-0.1781261701719,0.2095142038612,0.1544637751804,-0.2389138131786,-0.1924736887498,0.2656261661886,0.0532559568180,-0.2715855431839,-0.1214078486605,-0.0293118393329,0.4707589261379,0.3723711147521,0.0070545297652,0.0966310121955,0.0159061744019
0.3997210727071,-0.1336802819842,0.3705067864273,0.5215183633463,0.6709362530576,1.0000000000000,0.6552973196812,0.3544569597631,0.2101886745293,0.2998438895135,0.3602631261538,0.3037995107187,0.5081747545004,0.1488862054921,0.2884590718154,0.3446564070398,0.3454656218362,0.3538036333398,0.3590181707794,0.1955780968159,0.1179187342089,0.1285865730743,0.2464347197118,0.5270033863671,-0.2293942383927,0.1438999543833,0.3000547792547,-0.1113737987352,-0.1696950692237,-0.3175245158699,0.3505865265630,0.3411747056740,0.4555692951261,0.0238377206676,0.4846421641435,0.4634720280224,0.2056241632218,0.1295675959950,0.5678985644862,0.0124311206927,0.1877743009272,0.6172957985732,0.2065782081808,-0.1406968112975,0.2047322218862,0.1688288737686,0.3214293405577,0.6761806607862,0.1974009048650,0.5028632362438,0.5050851247066,-0.2213043005106,0.5296926225707,0.8585358374273,0.8725200909008,0.4822046402587,0.2985573490342,-0.1851098307528,0.2636739534101,-0.1602261267129,0.1434245708008,0.3622369600494,0.1451064493309,0.3357684488524,-0.1613800309815,0.4619538579739,0.2841749731479,0.4971047792843,0.3296224824865,0.1593849001030,-0.1232031302615,0.1657388014696,0.4748777288709,-0.3602127930400,-0.1936389592456,-0.0597620044127,0.3009606467100,0.0447637512473,-0.3529559908675,0.3573954671115,0.0711588870532,0.2863313408557,-0.0374431552924,0.0394795122966,0.1092352041836,-0.1378103250079,0.2612044980693,0.4878250421604,0.0087052850650,-0.0062239575068,0.3604532630991,0.1024494920407,-0.1563941787697,-0.0054239349782,0.0969434917678,0.6289813287060,0.1137051450681,0.0816744737283,0.4846297651488,0.2186660810252
0.1848415330153,-0.0437085196854,0.2339398313893,0.6845922813957,0.3348565045423,0.6552973196812,1.0000000000000,0.3185094956117,0.2126956676012,0.0216983944991,0.1261465293059,0.1575539707811,0.3589546632667,0.1070122302778,0.3644275631457,0.5869885392349,0.3384813490927,0.2019641314519,0.3761116638418,0.3047393635305,0.0023158472522,-0.0421631325077,0.0264481189524,0.4182059298888,-0.1284736890025,0.0309974616161,0.1518946680200,-0.0332052937421,-0.1761242132824,-0.1687129846079,0.3720880735490,0.1720064754523,0.2869140203382,0.1708406338345,0.7165612561172,0.6281058555832,-0.0174836655540,0.1453426200845,0.5556505988209,0.1575778831875,0.0375076663895,0.2778510482701,0.3863304379095,-0.0310395769998,0.1077942565541,0.0401046768493,0.1447770795417,0.3597804153294,0.0774441922786,0.4194746396099,0.3217360170935,-0.0374377710290,0.5961829242114,0.5878900973247,0.5942119017757,0.7851604375586,0.0878628512554,-0.0823985381916,0.2334459786269,-0.0456008734307,-0.1421934599877,0.0165540434723,-0.1239462068878,0.1372532622687,-0.0376488591928,0.4539959408944,0.4803660036783,0.3496577046137,0.3553082161975,0.1241818599034,-0.1358175430363,-0.1209913406035,0.3375218031248,-0.2590393080031,-0.1854496536133,-0.1222004728684,0.0895140810445,0.1345548831371,-0.2328540779222,0.2801589898860,-0.0763684680563,0.0224057904403,-0.0932235360036,0.1627599330519,-0.0586387096238,-0.0518291320732,-0.0020509312134,0.6213308618714,0.0318448087616,-0.0279568034127,0.2336988503981,0.1454715667743,-0.0579209335209,-0.0932952763466,-0.0338301814686,0.2729104126921,0.0291704652112,-0.1034278618604,0.1743116952490,-0.0328091733098
-0.0874687527471,-0.2516413894425,-0.1978699057471,0.2908435973786,0.0809939647490,0.3544569597631,0.3185094956117,1.0000000000000,0.6315617751545,0.1005046014486,0.1807523767514,0.1536266619418,0.5023793394655,-0.0600533451547,0.2447061180791,0.5658156923818,0.4925264685008,0.5431024529300,0.8741480241747,0.7588759887407,0.2906619863735,-0.0233074350131,0.1672548965427,0.5440998714127,0.1674884944793,0.3464216650380,0.4402877853414,-0.2522231523402,-0.2080043566042,-0.1848201044381,0.5027042940189,0.3871982461809,0.4847921007609,-0.0532153334904,0.3842799192767,0.5060620381653,0.3526171630518,0.5577268314873,0.3172703034354,-0.0424857849850,0.0308433656416,0.2071869582225,0.2576514942101,0.1838436195771,0.6081896418805,0.0768314809179,0.1715928153278,0.2851003000087,-0.0353011194343,0.2589399372748,-0.0684391594177,-0.3858551974197,0.2478886511534,0.2244859098062,0.2653005660772,0.2283359709843,0.4875356129115,0.1877100212560,0.5658461894590,0.2718274194918,-0.1413801248386,0.1455954465347,0.0527930677282,0.3468531422082,-0.2331425732946,0.2894491948173,0.5694196559577,0.5147147213089,0.7683861249621,0.6046159513083,0.1384236927345,-0.0155189962902,0.6234168110166,0.0456423071950,0.2483255914799,0.0881181195164,0.4369260542231,-0.2067009941187,-0.2791296138945,0.6337013801851,0.0269353590605,0.2054269675561,-0.2484103639058,0.2746535003510,0.4023910848163,-0.2199765325469,0.3866466230019,0.5277811810810,0.1323415605209,0.3711439779004,0.2970771931969,0.0641778655542,0.1540662852670,-0.0826356783241,-0.0990561488189,0.2400995022851,-0.1854832067977,-0.1840978662093,0.0780827396218,0.0580852204391
-0.2075161644140,-0.2664413003331,-0.1848123846310,-0.0335736230457,-0.0483428863627,0.2101886745293,0.2126956676012,0.6315617751545,1.0000000000000,-0.0297041641937,0.0131308894761,-0.0802211024058,0.1953293433126,-0.1332973823026,-0.0541850646594,0.2420161239372,0.1346348804316,0.1891953966384,0.5040424666896,0.6462194570213,-0.0768373302817,-0.2422108894018,-0.0629898475450,0.2906716511950,0.4566903130436,0.0869023887527,0.1670797184401,-0.2109619296072,-0.3127788432306,-0.2446435421472,0.1383191945019,0.1225494995388,0.1488294404152,-0.1008651422244,0.2362994957406,0.3523593282970,0.1223285169417,0.3927453377312,0.1009056371400,-0.1177853407309,-0.1694825615294,0.0853039451381,-0.0042108456378,0.1487547555824,0.2704198374518,-0.0471458661824,-0.0401468194675,0.0802450658894,-0.2111287452650,0.0647848207075,-0.1227251362566,-0.2002182671455,0.1765718493608,0.1558986328969,0.1763203971743,0.1001201747090,0.3239036084183,0.5073394291761,0.5449059990376,0.7398992895202,-0.0876699429803,0.0334406255387,-0.0301671741786,0.2186244737037,-0.0920014702651,0.1257416758069,0.2894190267345,0.2556929061936,0.4531665491271,0.5672583680457,-0.0216588925306,-0.1679346614055,0.3038602115271,0.4631859381455,0.0920105813588,-0.0692508257176,0.2160407325798,-0.1310641400024,-0.2034572719860,0.2605025833370,-0.0715796705980,-0.0218555214276,-0.1773524673704,0.0242982992520,0.2403068066841,-0.1545455062101,0.0937718381698,0.3129842158556,-0.1154293616883,0.3623393154778,-0.0061099335437,-0.0765272002471,0.0932926081250,-0.0645404158899,-0.0934763108510,0.0364904781570,-0.2245168099796,-0.1445076217080,0.1217788256900,-0.0553495510349
0.3951211950107,0.1887202235335,0.2825263250104,0.3691040683427,0.3570559029270,0.2998438895135,0.0216983944991,0.1005046014486,-0.0297041641937,1.0000000000000,0.7528863903138,0.7580106619552,0.5912310674436,0.2480079781163,0.4805967525285,0.1261542157332,0.5257139452302,0.3386850582407,0.1261439182461,-0.0590162584123,0.6378722499095,0.7076325486792,0.6206652511479,0.3329700821556,-0.1214428345780,0.2985420044911,0.4562567794475,0.0740688400913,0.1254494898799,0.0866779985633,0.4313564272279,0.5157530336583,0.5192214817330,0.2115446341528,0.2069883746852,0.1120860673364,0.5927996053428,-0.0972409067240,0.3226564985066,0.0609973991064,0.5255586215931,0.6691591102754,0.4047491512284,-0.0572616072393,0.1946889991204,0.5647782985437,0.5420970387647,0.5861058819726,0.3588656513949,0.5862233623218,0.1320033534436,-0.2148461169257,-0.1671748967030,0.1867602678683,0.1548386551614,-0.0219070380251,0.2256747715397,-0.3410947458551,-0.0876681140468,-0.2215691617293,0.5251842248210,0.3661174561710,0.1951040797970,0.0914066850596,-0.2864903457081,0.0282609294399,-0.0252480854631,0.1062637381296,0.1820762814265,-0.0333066285541,0.1652433778153,0.2788731502865,0.3552942552222,-0.0420536427756,0.1333826576248,0.1143354732586,0.3489025739593,-0.0343984750969,-0.2746543034520,0.2399881108086,0.1003338238048,0.2176354033941,-0.0109763894874,0.1694984313431,0.0847583896220,0.0078154045833,0.5747372714935,0.1622089302673,0.2611090217207,-0.0844555707484,0.4261677410610,0.3490069447786,0.0081614156605,0.1858880425025,0.0262392872049,0.4858789359203,-0.0095353336463,0.1183855852379,0.1005846475865,0.2974760438278
0.4568255757485,0.1530962495741,0.2593326996774,0.4614521178717,0.4319467029107,0.3602631261538,0.1261465293059,0.1807523767514,0.0131308894761,0.7528863903138,1.0000000000000,0.8658381714512,0.7105284757960,0.3838568225629,0.5997669092757,0.3685609419619,0.6126366667070,0.4828967038119,0.1648597828640,0.0813731625519,0.6598819201403,0.6007552479133,0.8366510305909,0.4944878259104,-0.1695070001428,0.3946217658212,0.6116870270374,0.0773649152489,0.1521677943978,0.1981639485175,0.6312943503974,0.7119903500779,0.7556133336920,0.3467702729924,0.4151228346526,0.2668049694451,0.6269822921924,0.0255324745153,0.4195765773124,0.1779857975894,0.5393710355274,0.6044856531030,0.6059991558322,-0.0012047234143,0.3391770177126,0.5155132545050,0.7242356548233,0.7206167913344,0.5406872454900,0.6496770034622,0.1666541854167,-0.3536171001904,-0.0764093886306,0.1759488578507,0.2326650234322,-0.0179953549418,0.2081403007116,-0.3804616826711,-0.0686525502855,-0.2956414613278,0.1361524755145,0.5078925084748,0.2471542979499,0.1057562678316,-0.3206462790893,0.0006217012950,0.1343732858339,0.2415343667816,0.2374290281900,-0.0311122562301,0.0479823192047,0.2899223324404,0.4907477020855,-0.1184704152952,0.0092174132070,0.1264302777183,0.4844679482429,-0.0368042387882,-0.2633590703019,0.3825407046599,0.1726891477233,0.2589615125163,-0.0061179072419,0.2412407269192,0.1564583597587,0.0628947964151,0.5848427728783,0.2562910309673,0.2347903857868,0.0234239923004,0.5980480265575,0.4927422759933,0.0631282067689,0.1970480504048,0.0754179680256,0.6401053663490,0.1381275574658,-0.0755057369767,-0.0368956534469,0.1966446484766
0.5052366113584,0.2873254158418,0.3081689645706,0.4876400484433,0.4751635290395,0.3037995107187,0.1575539707811,0.1536266619418,-0.0802211024058,0.7580106619552,0.8658381714512,1.0000000000000,0.7778378838639,0.4478507250005,0.6130364778065,0.3306727361888,0.7362462969220,0.5613984268083,0.1580410334388,0.0458717570523,0.6648399371039,0.6478561579651,0.7786977779670,0.5779455796565,-0.3335132002748,0.3660104192369,0.6283664576588,0.0260759081694,0.2235598960208,0.2234454957816,0.6987187364898,0.6785514631588,0.7451067900226,0.2408415816497,0.4508676405063,0.2725112469734,0.6001417382665,-0.0641489534511,0.4759215057735,0.1064540335657,0.5719669557736,0.5898650828222,0.6311824808171,-0.1578612137638,0.3642750066067,0.5021872595558,0.7198630802501,0.6924982585372,0.5822918957830,0.6333056728573,0.1884076704047,-0.3487960616609,-0.1769447019294,0.0811278944054,0.1774882045335,-0.0502312006819,0.1663862310571,-0.4893573180710,0.0353586169284,-0.4125585392490,0.1554614790216,0.3342856304135,0.1373191022556,0.0580868334246,-0.3487094699411,-0.0709140281479,0.0999955305389,0.2572412391550,0.2258376186172,-0.0306971040861,-0.0017689303799,0.2331501412295,0.5112444057071,-0.2955601150872,-0.0895172564627,0.0268293825854,0.4319343441430,-0.1357662527341,-0.2333731505760,0.3561909834715,0.1014093524513,0.2419058006052,-0.0779072554827,0.1827386304697,0.0877199861954,-0.0656515613720,0.5521521045474,0.2672765742269,0.1224081801920,-0.1150568302214,0.5561257461134,0.3816527878405,-0.0642217266809,0.0738057297266,-0.0460268352878,0.5737426144427,0.1769583805624,-0.1636478719534,-0.1368339008215,0.1038993487312
0.3889645648354,0.0818962150209,0.1963550336133,0.5264853946229,0.4968560829839,0.5081747545004,0.3589546632667,0.5023793394655,0.1953293433126,0.5912310674436,0.7105284757960,0.7778378838639,1.0000000000000,0.3563935554988,0.5724939705040,0.4999736813333,0.8297616236286,0.7491915512851,0.4557639296311,0.2999877147691,0.5729836551985,0.4595840374005,0.6211696892916,0.7782483967213,-0.2745297424225,0.4663653417125,0.7128876825644,-0.0603614523137,0.0746019295480,0.0314129482396,0.7781379303341,0.7478473122936,0.8462367412927,0.1742755064407,0.5754546727746,0.5202787220939,0.5857140849630,0.1834770182342,0.6198857259203,0.1554549353681,0.5205281479973,0.6351366142700,0.5943561632488,-0.1313719070292,0.5445035733559,0.3683119985870,0.6074061991941,0.7575959630147,0.4784811824635,0.6546535793957,0.1992006599017,-0.4671756615459,0.0192597917444,0.2055599211730,0.3842979928268,0.1226698550336,0.3875116070388,-0.3293792255027,0.2746644905296,-0.2751079296300,0.0574558589120,0.3327784325001,0.0891910665977,0.3782825483834,-0.3632218841132,0.1566916853105,0.3043823089986,0.5750462891293,0.4597966941851,0.1707242332786,-0.0298397424044,0.1457594048664,0.7220422527963,-0.3314956796297,-0.0781302726919,-0.0076849783624,0.5582457888728,-0.1086193206575,-0.3357397410029,0.5613736527686,0.0428975012105,0.3153710124083,-0.0912518441207,0.1872698727006,0.1873893028019,-0.1914203062428,0.5732752221384,0.4836937392947,0.0768992457941,0.0179328353924,0.6063201774773,0.3703890741068,-0.0966429285602,-0.0441524167603,-0.1089033514153,0.6152359717204,0.1239204494139,-0.1188995534129,0.0480951685084,0.1039230983039
0.6110091842369,0.7749536225938,0.6112735516920,0.3143191359259,0.4876665601017,0.1488862054921,0.1070122302778,-0.0600533451547,-0.1332973823026,0.2480079781163,0.3838568225629,0.4478507250005,0.3563935554988,1.0000000000000,0.5975144075034,0.1852270011138,0.2945690654765,0.2679941515531,-0.0690564527893,-0.1164084194170,0.0650522645601,0.4524866113493,0.2692426037112,0.3366952423817,-0.3575025254047,-0.2098389860533,0.0204806287079,0.3880902793275,0.6068323867337,0.7179798147102,0.3700955587311,0.1622056766924,0.2341473071302,0.0822679147030,0.3734243819307,0.1515791033853,-0.0029314413782,-0.3183324360476,0.1829225664127,0.0264434794365,0.6812666988707,0.2993053806788,0.2751488042734,-0.4051200262213,-0.0533273145112,0.1349054845034,0.3275098019456,0.3940787485555,0.8069888597764,0.5092552982399,0.4880927070475,0.2476707587308,-0.0483272306833,-0.0438459364679,0.0564117077021,-0.1325355954673,-0.3320350685749,-0.2316307624042,0.0611984654085,-0.2737678521956,-0.1579655233898,-0.0562576201922,-0.3311449857173,-0.2744369657333,0.3824890285574,-0.2493688498351,-0.0297722188323,0.0257150368448,-0.1012984901140,-0.2981229420772,-0.4003826163751,-0.1505418928183,0.1105172976568,-0.2438184285494,-0.5029745129499,-0.4695691943017,-0.1792455519931,0.0855518425751,0.2597943998526,-0.0723873145868,-0.3256126981747,-0.2704143644353,0.3926530901240,-0.2207325586965,-0.3386564448677,-0.0865370238936,-0.0474238981334,0.1104195211839,-0.3507688845030,-0.3958411590722,0.1324315710894,0.1398458552968,-0.4081192930184,-0.0621394005393,-0.2552485551878,0.2327132335026,0.6875895465000,0.0419443481202,-0.3005314839076,-0.3133274010687
0.3298809392812,0.5300767082781,0.2457286177707,0.7819149500962,0.3621645269872,0.2884590718154,0.3644275631457,0.2447061180791,-0.0541850646594,0.4805967525285,0.5997669092757,0.6130364778065,0.5724939705040,0.5975144075034,1.0000000000000,0.6454211265515,0.5406853290378,0.2960826564073,0.2791746787232,0.1688920427959,0.4205124433061,0.5676563006298,0.4444012682261,0.4356909050760,-0.1734257501915,0.1443220703967,0.3075042756171,0.3188549989287,0.3325078454804,0.4583089972942,0.6440364071867,0.3836222884939,0.4738807507087,0.4471420082506,0.5594453427636,0.4449179702551,0.3160340298406,0.0153791745579,0.3763471264489,0.3495983622181,0.6988404807216,0.4486706436909,0.7122966073983,0.0435538954565,0.1577686935238,0.4055202625082,0.4745362707675,0.5653671110371,0.6606103033921,0.7063630147526,0.1144015038646,-0.1928871981115,0.1100586349291,0.0998390627847,0.1272659409032,0.2214770721685,-0.1700885527540,-0.4254247224748,-0.1565636575188,-0.2843742472564,-0.2225899173745,-0.0004892798812,-0.3010538919929,-0.2145821788162,0.0014592178942,0.1051147849984,0.3351089453114,0.0824896954106,0.2955813571810,-0.2056217618372,-0.2431487805453,-0.1343915067646,0.3542575293462,-0.1654366603603,-0.1916661625277,-0.1403197956513,0.1345706231622,0.0892788210156,-0.0603050508439,0.2541980432461,-0.2269531166534,-0.1703113003263,0.1264538083361,0.2919157717381,-0.1824231601905,0.1508217967761,0.3001282615764,0.4468297355722,0.1369997757449,-0.1211206046190,0.5186005040977,0.5519760523869,0.0089992437073,0.0585044055014,-0.2186898186021,0.4666985850172,0.3260408375959,-0.0860386506053,-0.2973880315373,-0.2124577073512
0.0169686631317,-0.0188879059452,-0.1115827543127,0.6986211808838,0.1049509668043,0.3446564070398,0.5869885392349,0.5658156923818,0.2420161239372,0.1261542157332,0.3685609419619,0.3306727361888,0.4999736813333,0.1852270011138,0.6454211265515,1.0000000000000,0.5480326285205,0.3488921458615,0.6537319262295,0.6180231044644,0.3125057063378,0.1631585864722,0.2912096108358,0.4717930718503,0.0809292765579,0.3373293982664,0.4739665580621,0.0641494511049,-0.0094084012301,0.1046664806475,0.7708252571759,0.4302964966143,0.5457742695166,0.4210979453584,0.7574510958128,0.7833130020191,0.2767005143745,0.4494827997807,0.4327510935482,0.3853140138427,0.2419133131634,0.1834306154015,0.7045208320163,0.2753200630747,0.4268931764447,0.2539312891885,0.3299206016189,0.3918807494788,0.2779855388135,0.3878742026465,-0.0398164595628,-0.4077695872788,0.3672281565204,0.1866647270987,0.2434132587745,0.5165130987120,0.1489797395557,-0.1998032091276,0.1143768540116,-0.0533357484895,-0.3252999494828,0.0636913824500,-0.1305940407879,0.0210672376782,-0.1809066702986,0.3193889550376,0.8228776415875,0.3745386804816,0.6694813531615,0.2238574310313,-0.0566818923981,-0.0946278209467,0.5155569818104,-0.0759267197723,0.0871334645346,0.1058888370950,0.3545010343500,0.0890877502323,-0.2015970336986,0.6233817531605,-0.0105746071206,0.0261175702327,-0.1118063948356,0.5779101175763,0.1521765069892,0.1424786176754,0.3059642744785,0.7150272772489,0.2309377157616,0.2494444039967,0.4827212602442,0.4518498260132,0.1992710348822,0.0831423902463,-0.1206744311030,0.3827040250093,0.0314669199115,-0.1951345784979,-0.1509621010423,-0.1889227608442
0.3084859530934,0.0809122669284,0.0932736155229,0.4952866408189,0.3714230231887,0.3454656218362,0.3384813490927,0.4925264685008,0.1346348804316,0.5257139452302,0.6126366667070,0.7362462969220,0.8297616236286,0.2945690654765,0.5406853290378,0.5480326285205,1.0000000000000,0.6874357578557,0.4471839631770,0.3575586783738,0.5985916509157,0.4205801073165,0.6023461831397,0.6251215254493,-0.1670980748802,0.5580464064791,0.7045564214140,-0.1430927756808,0.0447319090496,0.0176795202062,0.8242901796405,0.7183728030970,0.7719729756188,0.1929124172989,0.5228115296471,0.5040145750232,0.5491833355578,0.2002468349780,0.5489630925879,0.1209644760052,0.3869701292946,0.4433283188577,0.5795175396951,-0.0107083646804,0.5235998672233,0.3242796729460,0.5539923007745,0.5614395378495,0.3698447466212,0.5019810931409,0.1139632925945,-0.4359448484185,-0.0179674342262,0.1289992886413,0.1970262031207,0.1569594259557,0.3268082973060,-0.2729221183893,0.2918657543805,-0.2500989851749,0.0740363229263,0.2989359187642,0.1019394743377,0.3074527191383,-0.3666426357437,0.0588988364149,0.3872986200286,0.5541353204849,0.4492306875592,0.2424183617952,0.1818706086417,0.1513568005655,0.6033204178861,-0.2396564895321,0.0876789340886,0.1858714984992,0.5427327808804,-0.2083627113614,-0.3234316384018,0.5894845730242,0.1552720319586,0.3854560716633,-0.2311878266394,0.2401001804174,0.2504587723279,-0.1686624985434,0.5305534558048,0.4815934408877,0.0875630995089,0.0652388209465,0.4987159013700,0.3217644045970,0.0082436582452,-0.0864747662370,-0.0727878727204,0.4434162899377,0.0296730798408,-0.1939867033059,-0.0849608309471,0.0512497034371
0.2841037623154,-0.0028589282583,0.0419767180483,0.3189149314868,0.3688516217114,0.3538036333398,0.2019641314519,0.5431024529300,0.1891953966384,0.3386850582407,0.4828967038119,0.5613984268083,0.7491915512851,0.2679941515531,0.2960826564073,0.3488921458615,0.6874357578557,1.0000000000000,0.4751410109376,0.3102167223459,0.5660192536143,0.2537099229545,0.5094553938911,0.7755389596448,-0.3484562311440,0.4316274415465,0.6620119988896,-0.2373661809864,0.0675509099586,-0.0254569245108,0.6384819928949,0.7051079566304,0.7984218910922,-0.1299238259238,0.3827203046091,0.2752806467571,0.5131710541404,0.2216179166853,0.4978032902081,-0.0387226252648,0.2920725582469,0.4385544965340,0.3679076253109,-0.2059570733991,0.6606773847586,0.2518232639018,0.5396140819619,0.5833911798403,0.2696152941093,0.4106712594923,0.1336867447681,-0.4511178690121,0.0075096485837,0.1465810022870,0.2955645003031,-0.0510697764645,0.3922611904833,-0.1710176171762,0.4645811420452,-0.2662467764186,-0.0418871933633,0.2749282336511,0.1551614776450,0.3266253095137,-0.4026343596253,0.0155226262143,0.2922120654395,0.5666501249571,0.4056290865996,0.3115128213611,0.1464272309626,0.1753508221609,0.7656720758804,-0.4029285754384,0.0333843983462,0.0555044614454,0.5486366850120,-0.2955762395793,-0.2584208658154,0.6328107004032,0.1238782705360,0.3940093678044,-0.1961003476024,0.1060968220366,0.3632966077857,-0.3438247678998,0.4786433556971,0.3390087414602,0.0090972948571,0.0593267307009,0.4355732005116,0.1057365163248,-0.1171092729622,-0.0688509253635,-0.0770333181026,0.4643961576287,-0.0060474122113,-0.2703734376380,-0.0326388729614,0.1675580041331
-0.0945068738964,-0.2508466563987,-0.2075328135051,0.3775341635778,0.0433839345535,0.3590181707794,0.3761116638418,0.8741480241747,0.5040424666896,0.1261439182461,0.1648597828640,0.1580410334388,0.4557639296311,-0.0690564527893,0.2791746787232,0.6537319262295,0.4471839631770,0.4751410109376,1.0000000000000,0.6812325821278,0.2999230434494,-0.0104061155324,0.1237775581563,0.4947390191934,0.1717254299370,0.2986080401467,0.4392110940991,-0.2580244899777,-0.1777461322811,-0.1408387317495,0.5191285931730,0.3278437453729,0.4490081072616,-0.0428446799601,0.4354795456088,0.6341789379680,0.3242752640991,0.5204063996944,0.3211448688360,-0.0025309106804,0.0461777169691,0.2203929456521,0.2884473660833,0.1688198508960,0.5436251524250,0.1079482815455,0.1347157228736,0.2652890040928,-0.0313343355499,0.2333097411409,-0.0625620677136,-0.3651171062687,0.2933819316863,0.2324708750868,0.2577190406836,0.3510359937545,0.4607206361100,0.0377132189718,0.5226698586678,0.1842780869053,-0.0949618812015,0.1337434864063,0.0549845310357,0.2791486982418,-0.2094698073104,0.3616183551350,0.7199954057768,0.4993491115213,0.9174521004388,0.5671252955662,0.1528191421361,0.0074014099190,0.6069996347753,-0.0507215037658,0.3400888163728,0.0887238265044,0.4059778532107,-0.1820805080200,-0.2295225151680,0.7111045166323,0.0394660022926,0.2032126177121,-0.2276612469181,0.4216610954673,0.3726801025756,-0.2122312551348,0.4167573599227,0.5911142945365,0.2497400787630,0.3333001677810,0.3068262937333,0.0727233272050,0.1388384178807,-0.0350431979947,-0.1154965722868,0.2686145912750,-0.1649958550554,-0.1468621440931,0.1028866061149,0.0416237980427
-0.1327807965590,-0.2542043300291,-0.2528954660093,0.2286299516054,-0.0564138519555,0.1955780968159,0.3047393635305,0.7588759887407,0.6462194570213,-0.0590162584123,0.0813731625519,0.0458717570523,0.2999877147691,-0.1164084194170,0.1688920427959,0.6180231044644,0.3575586783738,0.3102167223459,0.6812325821278,1.0000000000000,0.1190209890663,-0.1123099088072,0.0508708426012,0.3595182898798,0.4447666399941,0.4381657241417,0.4382349059031,-0.1086863284529,-0.2060282185418,-0.1365467370153,0.4791599125610,0.3065868377993,0.4071343159896,0.0831550459967,0.4009528692897,0.5416739369542,0.2734077495099,0.7701649886414,0.2235540608077,0.0688037680093,-0.0914657659714,-0.0062669813469,0.3333214872787,0.4483220876442,0.6490426844934,0.0815500454594,0.1042127466780,0.1546823006384,-0.0418245981728,0.0770205737977,-0.1235810218301,-0.3879330151847,0.1904357902128,0.1132470581171,0.1233950994361,0.2285935164181,0.4017168833527,0.1634346969844,0.3867215290583,0.3831539739883,-0.2796746530030,-0.0534618800504,-0.1072598022441,0.0884412296508,-0.2771304275553,0.1037897694786,0.5399453756108,0.3228880506096,0.6582535492598,0.6935612730336,-0.0348900455273,-0.1611240150150,0.4914625146497,0.3050924459018,0.1709516496157,0.1826099666339,0.4315184779084,-0.0855614370382,-0.2534660477436,0.5168406398054,-0.0219523776732,0.0737881178711,-0.2619842324745,0.2851281893244,0.4573794360809,-0.0676897078189,0.2626552375279,0.4369734822474,0.0110412022357,0.6022630056830,0.1986100342426,0.1073307908232,0.3843494899418,-0.0162724757915,-0.1263818431857,0.1341085243644,-0.1987132312509,-0.2212503906265,-0.1141949647730,-0.1769469908821
0.2146109298069,-0.0344699741603,-0.0381018539359,0.4174326804563,0.1908287775812,0.1179187342089,0.0023158472522,0.2906619863735,-0.0768373302817,0.6378722499095,0.6598819201403,0.6648399371039,0.5729836551985,0.0650522645601,0.4205124433061,0.3125057063378,0.5985916509157,0.5660192536143,0.2999230434494,0.1190209890663,1.0000000000000,0.4742568192814,0.6486616870864,0.3609084003490,-0.1111229964199,0.5167308747530,0.6264172999832,-0.0625444183071,0.0527890923794,0.0675113907263,0.5232038926775,0.6954642215856,0.6620859099674,0.1572056219030,0.1560615387937,0.0856900357951,0.6319179082537,0.1463113948300,0.2466783607454,0.0705995725865,0.3783887892995,0.4290505475609,0.5690797047294,0.1033188072814,0.4752125983418,0.5021184061133,0.5476191721307,0.4659361834346,0.2213227750234,0.4584214727652,-0.0804270486605,-0.4084424824630,-0.1515193874864,0.0412224883272,-0.0024048191416,-0.0003673967068,0.3339017708726,-0.3753735521367,-0.0741700387236,-0.2913292727722,0.0737323628310,0.3086374388448,0.2492153552743,0.0639751964776,-0.4934229593822,0.0181225573067,0.1548081517406,0.1210530440476,0.3257451729155,0.0822862668158,0.3774644394805,0.2613104804755,0.5116454172654,-0.1007347524576,0.3521411069441,0.2863939052173,0.5237552970939,-0.1728405454790,-0.2975465697431,0.4368338377582,0.1966120589779,0.2881840952699,-0.2295756824274,0.3615135192930,0.2780666921370,-0.0458915896228,0.5841073414683,0.1833515196623,0.4506786269244,0.0807528939932,0.4469847634569,0.3150273689605,0.1843371340167,0.1880574574326,-0.0454042045841,0.3725220286886,-0.1868021274278,-0.2227120926871,-0.1525573097330,0.3915319552276
0.4164930731157,0.4606477976036,0.3493722635341,0.3524667965029,0.3919916458351,0.1285865730743,-0.0421631325077,-0.0233074350131,-0.2422108894018,0.7076325486792,0.6007552479133,0.6478561579651,0.4595840374005,0.4524866113493,0.5676563006298,0.1631585864722,0.4205801073165,0.2537099229545,-0.0104061155324,-0.1123099088072,0.4742568192814,1.0000000000000,0.5979036033937,0.2507829110602,-0.2847634716966,0.1622103092230,0.2963705420478,0.3742212057805,0.4646024497626,0.3561236621854,0.4198856246033,0.4143958036007,0.4222802915316,0.3077245467400,0.1692382148616,-0.0027755351840,0.3399625919042,-0.1996968594811,0.1474901747098,0.1888326441918,0.6835799091191,0.3809833843917,0.3934479143597,-0.1288654238128,0.1280609670719,0.6300652791441,0.6015600421050,0.4552493534508,0.6126256313951,0.4610392970809,0.1198682597191,-0.1077019495855,-0.2133982397026,-0.0138395433094,0.0010767609604,-0.1476673813429,-0.0494682885530,-0.4337211117582,-0.2200223877409,-0.4062368120395,0.2964687580227,0.1302104397236,0.0063283123896,-0.1583032839226,-0.1070545277486,-0.2033556879429,-0.0978704366652,-0.0217905906836,0.0116488539244,-0.2771834607667,-0.0695727520593,0.2928266642852,0.2057228212282,-0.1513377546853,-0.0994044853014,-0.0042003490970,0.0856482454069,0.0854567630494,-0.0443900489017,0.0772304982523,0.0383968364756,0.0342340301463,0.0798799689503,0.0539744230529,-0.1095576027606,0.1644296567274,0.3358308760588,0.0027355685365,0.0222221058409,-0.2315526368355,0.3072980003960,0.3952554392822,-0.0914923865731,0.2973466883345,0.0127361852691,0.3260066622361,0.3108461034810,0.2029664933507,-0.1906309645385,-0.0174572398518
0.3640049412647,0.0504187340506,0.1497845061826,0.3532375147197,0.3749724784486,0.2464347197118,0.0264481189524,0.1672548965427,-0.0629898475450,0.6206652511479,0.8366510305909,0.7786977779670,0.6211696892916,0.2692426037112,0.4444012682261,0.2912096108358,0.6023461831397,0.5094553938911,0.1237775581563,0.0508708426012,0.6486616870864,0.5979036033937,1.0000000000000,0.3935415970009,-0.2121239908609,0.4416638007738,0.6181215844449,-0.0440935413036,0.0714984801109,0.0842840684499,0.5606210061779,0.7997229144218,0.7564408541024,0.3625352346820,0.2302634044747,0.1020619566650,0.5561773929476,0.0255112805874,0.2771263753802,0.2639679635107,0.4165282732558,0.4328932044116,0.4605520064057,0.0013816300194,0.3561773142400,0.6153415082835,0.8515560387919,0.5998222543283,0.4189106748468,0.4545137625675,0.0471429216851,-0.3966081806857,-0.1086522637496,0.1118353415885,0.1723600955939,-0.1029161174099,0.2400727734432,-0.3034427492768,-0.0479497978366,-0.3214693709781,0.1280934956418,0.5508277553369,0.4391736412496,0.1727609980838,-0.3708258037751,-0.0934889066385,0.0992784149984,0.2653815425421,0.1583368394449,0.0170109673443,0.1924333280320,0.5727647712746,0.4418708061278,-0.1482862720688,0.1141740117544,0.2708314320006,0.5155477010542,-0.0799674090042,-0.2976163121429,0.4025974014354,0.4176121023920,0.4282108323434,-0.1345057600776,0.1978542088156,0.2335394535630,0.1301216716062,0.5441160207608,0.0805909766140,0.1953802703297,0.0413877425763,0.4707584465138,0.5204634561980,0.0639357524081,0.2981619609937,0.3363466936160,0.5222150602113,0.0608535967379,-0.1582506299647,-0.0714800773116,0.2324122545204
0.3277101727772,0.0686937911364,0.1842103792335,0.4351625948442,0.4657472750923,0.5270033863671,0.4182059298888,0.5440998714127,0.2906716511950,0.3329700821556,0.4944878259104,0.5779455796565,0.7782483967213,0.3366952423817,0.4356909050760,0.4717930718503,0.6251215254493,0.7755389596448,0.4947390191934,0.3595182898798,0.3609084003490,0.2507829110602,0.3935415970009,1.0000000000000,-0.3822153078978,0.3156045903354,0.5986057385299,-0.1424233133881,0.0673525155175,0.0109149226244,0.6825925817508,0.5637687021845,0.7033605594653,-0.0379816394167,0.6348750615826,0.5331602926963,0.4785898632407,0.1846133374783,0.6569291340894,0.0361718960654,0.3656419116675,0.5329043328176,0.4552470216441,-0.2423946859301,0.5377331984298,0.2224059664740,0.4828260161702,0.6756681225044,0.4170826763700,0.5666435686582,0.2777805550961,-0.4024547221622,0.1946403524898,0.2485549257916,0.4803355304474,0.1341041822147,0.4020764848106,-0.1982280661675,0.5045418977151,-0.2147001405969,-0.0524255953717,0.2619050632437,0.0042864180125,0.3133086713547,-0.2647243353340,0.2534475836945,0.3961591031603,0.6301476249854,0.5004612305183,0.2547421362623,-0.0955434127263,0.0632549861245,0.8459205918726,-0.4401107131363,-0.1702243316753,-0.0894360642686,0.4647663452210,-0.2044189315194,-0.2331424402092,0.5721534285101,-0.0115320290234,0.2881704275264,-0.0448449485386,0.1685842066344,0.2445311864946,-0.2712791931560,0.4740091750667,0.6032934622738,0.0308630409724,0.0063937380090,0.5453788266120,0.1799683858190,-0.1815545914839,-0.0687902089746,-0.1313948336034,0.5881211470140,0.1923242694894,-0.1570416923593,0.1119886134766,0.0764270648367
