1.0000000000000,0.3609984823684,0.6092753649973,0.3900666764198,0.6761759057507,0.4649087526432,0.4249142255592,0.1482690348810,0.0292794936431,0.3612873714478,0.2934452253476,0.3749367048147,0.3153815620386,0.6238047765333,0.4132670666482,0.3076005914332,0.2758719922946,0.1270849465678,0.1449605580456,-0.1531667259551,0.3051918912259,0.3117748644590,0.1253857482287,0.2335869138430,-0.2558378352845,-0.1679394232408,-0.0865748359223,0.2575087931269,0.1714218745152,0.3551203967831,0.1979997444887,0.0904447540309,0.2150032739820,0.1841078719646,0.2931008162551,0.2875677581762,0.1014704568102,-0.2583068555566,0.1973614992536,0.1534261956391,0.4062155124261,0.1511048375902,-0.0042669107234,-0.3203911459585,-0.1493867637695,0.1732633244079,0.3731365239186,0.2173176222493,0.3787659534532,0.4260604083131,0.3746748910481,0.4718728046124,0.1999685822785,0.5516287058054,0.2800375972300,0.3046628310174,0.1375084554174,0.0655196413626,0.1850248017003,0.0510488054733,-0.1348696210542,-0.1420745511153,-0.1580138793000,0.0930095373649,-0.0520896016559,-0.2019962262169,0.1833081129346,0.1238894252389,0.2354403913820,-0.0332726009870,0.0927819231018,-0.2476975025591,0.2068950151816,-0.1484945148771,0.2172212762411,-0.3839861294507,-0.3732220845035,-0.0698100674649,-0.3066266704224,0.1045547691567,-0.3173636727804,-0.1810386556507,-0.3106844232994,-0.0348061301230,-0.4084013137967,-0.2262236204119,-0.0784173583121,0.1727419710846,-0.1014114211617,-0.4043662516066,0.0684971059562,-0.2454944400149,-0.4294126357057,-0.4680548111924,-0.1879845208252,0.1094964706746,-0.1985016804231,-0.0856940452853,-0.3610348034916,-0.0061986531927
0.3609984823684,1.0000000000000,0.5370245677428,0.4998307578460,0.2871620594519,0.2983483143069,0.4826838886872,0.1788680006555,0.1736952514850,0.3360882323279,0.1763524094580,0.2466121237198,0.2421826126811,0.6337595994119,0.6898380558811,0.4647898649223,0.1745552882314,0.0409239942508,0.2281440157813,-0.0998381260680,0.3734979436461,0.1950693776359,0.1595781584811,0.2404124575590,-0.0743972206979,0.0163695045656,-0.1962647894420,0.0659153054662,0.1192804637108,0.5923752361996,0.2972256921099,0.0502671169430,0.2022587551649,0.1682080976517,0.3476935416447,0.3546047287405,-0.0952920989725,-0.1980163921225,0.2270255494249,0.1723082206636,0.3118641943987,0.1077117027144,0.0940422954780,0.0155905471214,0.0508130271241,-0.1872823960861,0.2331990679074,0.0853932173249,0.2165651726110,0.5109298001791,-0.0361509627120,0.6378498008641,0.4769109351544,0.4835168630925,0.3404457867591,0.4138904038969,0.1181535240238,-0.0023571469399,0.1761799519098,0.2024754035494,-0.1846502805295,-0.2970742731853,-0.3032692972666,-0.0214836685729,0.1702223942036,0.1897269848020,0.4654015133598,0.0031681114852,0.3529032261456,-0.0321432945726,0.0265856052534,-0.2399607541065,0.1951736974025,0.0480572459597,0.2353018001225,-0.1968067765614,-0.4663492316980,0.0907196880282,-0.1285766629362,0.2057648556107,-0.1016439294428,-0.2877023285913,0.0174465175970,0.0296352935513,-0.3004356482048,-0.1407208450964,-0.2699657526904,0.3425969889198,0.0649771828000,-0.2301727343303,0.1574634425130,-0.2875348663620,-0.0324175833716,-0.5162592473653,-0.0214976323201,-0.0018242291640,-0.0140816865129,-0.2380647033079,-0.4160095115841,0.0055775889049
0.6092753649973,0.5370245677428,1.0000000000000,0.7271823948890,0.5919571716605,0.6919634982172,0.6873902360480,0.3247809947163,0.1909762363354,0.2822870272038,0.2782037153309,0.2799145418370,0.4620637825446,0.4199904249287,0.6057691977868,0.6960969317589,0.2384246306657,-0.0601428776219,0.5128173850801,0.0269819394395,0.5069067775164,0.2631379763105,-0.0176942281777,0.2997020088098,0.0142256831388,-0.1029150226640,-0.0227935704665,0.3346007512266,0.1576850347411,0.6560356903578,0.5289128465825,0.3709398686854,0.5655687358244,0.3668248692460,0.4992643468474,0.5298128286123,0.1464981089365,-0.1007356378091,0.3594259578548,0.2326614637873,0.4901724319099,0.1297255144576,0.2481183095076,-0.1612120318410,0.2373168376028,0.1996416150216,0.6624725781181,0.3176935869260,0.4504586699423,0.5355790766812,-0.1020592409045,0.8374023160638,0.6798408999716,0.8216378382879,0.4061507179330,0.6195358781152,0.3531259218895,0.1204692230822,0.2297924123351,0.3817849779078,-0.3803921354010,-0.2949219944891,-0.4454825470089,0.0154298103838,-0.3315740524692,-0.0590945126245,0.6296074254188,-0.0449156368657,0.6510610160833,0.1477294515268,-0.0559284430521,-0.5308535167024,0.1914166544438,0.1960222962812,0.5117048408468,-0.4858438835165,-0.4727791457636,-0.0954369445210,-0.3393307299549,0.2583426092859,-0.2755644431543,-0.1249290549535,-0.0850512970609,0.3188092285809,-0.3667802567648,-0.1566222257836,-0.2214070064346,0.3007404603779,0.1434557786472,-0.3846109417525,0.2373906092465,-0.5029443590146,-0.2501090117283,-0.4668037343410,0.0076216849643,0.1768581867770,-0.4005735793621,-0.0326541881967,-0.3706307115256,-0.0441325653593
0.3900666764198,0.4998307578460,0.7271823948890,1.0000000000000,0.5191175558976,0.6260113574239,0.8452242264125,0.5016218279104,0.4282943197713,0.3749513721112,0.4696228370205,0.3353880482744,0.5735890262784,0.3219048971807,0.7921643863682,0.8932749898139,0.4466853282681,-0.0205308030996,0.7595376871322,0.2220202233985,0.7269263560518,0.2720055196042,0.0033400207333,0.4298436153423,0.0897603832159,-0.1356625856942,-0.0357897732211,0.2529822264213,0.1081410457326,0.5077753044424,0.6043166041992,0.3544964835755,0.5845710068639,0.4102324455588,0.5540800108132,0.6411672010327,0.0245559368839,-0.0385131658472,0.4684952968121,0.4863611555441,0.4112808844213,-0.1172417259826,0.4205379679450,-0.1103992273220,0.1998336412896,0.0555486709334,0.5518306134782,0.3890611629910,0.4510184718392,0.6035386794174,-0.2122400573780,0.6476073278682,0.8309214134116,0.6802707132175,0.4634541237627,0.7927486307802,0.3657518057375,0.1750323432378,0.2936406441523,0.4771441631425,-0.3586900476057,-0.1947489010487,-0.4796649896421,0.0362529527465,-0.3331133585659,0.1412996232183,0.7509719937822,0.1219101357205,0.7043979836635,0.1787734544333,0.0610700448358,-0.4997144098303,0.3462124923652,0.1600416418229,0.5778043272982,-0.5791286045033,-0.4901054916491,-0.0641303516412,-0.3964192132489,0.4272181782519,-0.2805645113133,-0.2422286584188,-0.2148500381719,0.2881737913019,-0.5234056896112,-0.2327218155664,-0.1796427072289,0.4429514190028,0.2432600225850,-0.3948562780252,0.3752430132696,-0.3399626858961,-0.2561287592420,-0.5635167781190,-0.0179548485014,0.2068031733839,-0.3277413283824,-0.0299023326556,-0.4971206184651,-0.0442130076228
0.6761759057507,0.2871620594519,0.5919571716605,0.5191175558976,1.0000000000000,0.6664278323304,0.5722489254725,0.2374799419842,0.2622692233776,0.4642339284761,0.5370771838512,0.5729647125491,0.4271711288592,0.4111815833376,0.4966647478175,0.3682181701629,0.3814479279190,0.1954862663383,0.2314952540534,-0.0383873318392,0.3989166035100,0.3417525677303,0.2263649744370,0.1619666380110,-0.1813810587196,-0.2138344530723,-0.1330715660509,0.0224646722189,0.2753332590888,0.3083571346938,0.2851695267640,0.2128140234897,0.3310351405767,0.1190081958595,0.3134421684917,0.2424002317714,-0.1089684667820,-0.1571941671815,0.2721379661454,0.3023989009205,0.3215526114858,0.0955475944159,0.0919086898355,-0.2100516719702,-0.0752594501223,0.0380817376918,0.3721733741138,0.4175242610825,0.5242546102553,0.4096457301353,0.3375533866928,0.4318232349616,0.3885265784638,0.7570179336798,0.5128498935427,0.4752988998753,0.1618601605577,0.1123947053934,0.3264725173984,0.2698183319298,-0.1170604770463,0.0669164455111,-0.0627099994105,0.1149406069721,-0.0859780682030,-0.0168950117428,0.2836562845739,0.1638618852390,0.3538094486232,0.0616931455341,0.0515695052790,-0.1515239041920,0.0844305426816,-0.1174015235015,0.1539873504128,-0.3927106936081,-0.3827175392165,-0.1017865991933,-0.0752134435092,0.1172271203307,-0.2432481223836,-0.2752105674407,-0.2085076363775,-0.0052801810606,-0.4556463002713,-0.2968045552631,-0.2815475828718,0.1363039986839,-0.0544761114047,-0.4024657350351,0.2216652376029,-0.2127007272394,-0.2955907833334,-0.4627082937513,-0.0905510094838,0.2286145738564,-0.0826281802838,0.0796950968419,-0.3955197336712,-0.1198934749227
0.4649087526432,0.2983483143069,0.6919634982172,0.6260113574239,0.6664278323304,1.0000000000000,0.7161031239550,0.2642311526029,0.2683133149170,0.4941458001977,0.4617830685779,0.5288768908608,0.4537589251953,0.3929069031641,0.5259250323658,0.5594753660355,0.3728754214597,0.0851653956340,0.3685199077905,0.0951509600031,0.5085063849500,0.3867726039831,0.2110826641389,0.3547393494267,-0.0032296211286,-0.0010560657287,0.0762389593010,0.1329665740245,0.1906259685588,0.2736380241784,0.4395563413514,0.3672168179971,0.4707882663091,0.1766951139622,0.5338672198111,0.4835677194765,0.0709871032776,-0.0848445482078,0.4346303175842,0.3848603774681,0.2463922689294,0.1083817545164,0.2354504459924,-0.1765878554480,0.0473129111216,0.1040124180139,0.4318962128709,0.6269325159050,0.5537358068921,0.4919601836398,0.1462034511349,0.4307293791602,0.5158961226061,0.8465274301737,0.7281835333485,0.5410449148547,0.1425921859960,0.0771056107975,0.2521574164809,0.2804231699242,-0.0891434565829,-0.0660043725202,-0.2064388298037,0.0563399197418,-0.1669792132340,0.0842459434808,0.3988277724938,0.0651106558326,0.4129953352044,0.1363298476602,0.0942631445828,-0.1895344172897,0.2275481349071,0.0184672478844,0.2383939980743,-0.4070480983559,-0.2994209831248,-0.0925219019149,-0.2201189207593,0.2266347028019,-0.1796120996476,-0.1118705879070,-0.2716674528221,0.1194714418271,-0.4138324420126,-0.3515242500473,-0.1249050552636,0.3791321379479,-0.0093221933651,-0.3431563623941,0.3392043788696,-0.2287477299483,-0.3190021614384,-0.4012928978970,-0.1551590856331,0.4688642156079,-0.1363892821939,-0.0019395536804,-0.3693611405428,-0.0540967578728
0.4249142255592,0.4826838886872,0.6873902360480,0.8452242264125,0.5722489254725,0.7161031239550,1.0000000000000,0.4855963100763,0.3995235303965,0.4444757714931,0.4589009492039,0.3670681051834,0.5375509823714,0.3806738297021,0.6896548554096,0.7867041206606,0.5505810913068,0.1527029128947,0.5129068741066,0.0271246221377,0.5675741811685,0.3033981019814,-0.0023213953593,0.5543460416843,-0.0637347329315,-0.0888994535141,-0.0720400953895,0.1319989946741,0.0994414890462,0.3674862078142,0.6097240728018,0.2240384593720,0.4291303406637,0.3122238190566,0.6999982438562,0.7262242406402,0.1254722733241,-0.1676354485705,0.6013516318888,0.4246250353577,0.2884126165443,0.0148583371384,0.2949911244877,-0.1770878144844,0.0457507332868,-0.0721109199566,0.3628609541842,0.4738099625663,0.4322871462990,0.5888100480239,-0.0001997867677,0.5932736147982,0.7448935712605,0.7552033739152,0.7249982285572,0.8907252260032,0.2834866889057,0.1709204106223,0.3378142708351,0.4299387858396,-0.1017179032761,-0.0692434369500,-0.3509601151875,0.1933327981441,-0.1084554417033,0.1921111011352,0.6963064502382,0.2472208354034,0.6140235074135,0.0368162492284,0.1361514160340,-0.3594143300312,0.4495557304327,0.0165528469861,0.4752927968990,-0.4875465452253,-0.4485971297110,-0.0118696434212,-0.2678199345095,0.5216121740713,-0.2739703267673,-0.2691538809812,-0.1493416694472,0.2309938258757,-0.5596415070146,-0.2550727694984,-0.0356059753767,0.6275504426563,0.1994130591674,-0.4637755901467,0.4733774988041,-0.2385302662409,-0.2745540464912,-0.5096734236260,-0.1004775260639,0.3058456966407,-0.2298602380712,0.0120776294086,-0.3840051616672,0.0850521795736
0.1482690348810,0.1788680006555,0.3247809947163,0.5016218279104,0.2374799419842,0.2642311526029,0.4855963100763,1.0000000000000,0.6709274248411,0.3127778950942,0.3531407953973,0.2506552769497,0.6637269969172,0.0940003696336,0.4544205594922,0.5730433438859,0.7077438686822,0.3743163750504,0.6713102602780,0.4738783566542,0.4146301449194,0.3356927731900,-0.2063909491128,0.4896999849220,0.3649274736999,0.0977946442113,0.1146665287107,0.2770838520390,0.0295532310841,0.3488469446661,0.5178250760086,0.2839378961239,0.4323281085142,0.4128285040355,0.2810303109903,0.4202393078698,0.2305455010946,0.2758161119479,0.1609100935757,0.2318392065456,0.1446365109655,-0.2707444740240,0.2291441958357,0.1499952937263,0.4129959691721,0.1039217316644,0.3218327566790,-0.0482077113291,0.1366431002111,0.1971552661131,-0.0608791554113,0.4205625575455,0.3374044778828,0.3414206378318,0.2006800601608,0.5994092692714,0.6042361271236,0.6116313166680,0.4434895825594,0.6107660111800,0.0992688072066,0.1093542147136,-0.1596399701566,0.3188001959146,-0.0953923309749,-0.1860179540333,0.4136709797412,0.4300373508148,0.4757220210323,0.2780274948342,0.1085057131234,-0.2937023692793,0.3522079555890,0.3467717537638,0.3387309630230,-0.3334308938485,-0.2216867671945,-0.2011639916049,-0.2593663217696,0.4519802070627,-0.3661656041209,-0.0250425968265,-0.2030326306266,-0.0413086793291,-0.2140447646599,-0.1913639128745,0.0962413823921,0.2979582079870,-0.0974881895673,-0.1182924573185,0.0551908365211,-0.1367986057546,-0.0148967546972,-0.2763462456386,-0.1918982831806,-0.1505024152619,-0.3751462921745,0.0461203120284,-0.1943877647525,-0.1072499081746
0.0292794936431,0.1736952514850,0.1909762363354,0.4282943197713,0.2622692233776,0.2683133149170,0.3995235303965,0.6709274248411,1.0000000000000,0.4340990340132,0.5250478108156,0.4226142907236,0.6296477287482,0.0823489802850,0.4675014872813,0.4781263107361,0.5952137283228,0.5075706019136,0.5575643397842,0.6202195797137,0.4707804501964,0.3332665838941,0.1038706047049,0.5780188668114,0.4207696261501,0.1583640547852,0.2927282784568,0.0461786385236,0.0466122258007,0.2297639134938,0.4745839825400,0.2745187819744,0.4766767325020,0.2060894694460,0.2112683809354,0.3368283153967,0.1234548028712,0.3709311850368,0.1925252872212,0.3125821898471,0.1168144034473,-0.1104389741154,0.2432448336988,0.2002764046234,0.2981926856012,-0.0065918910959,0.2580242472100,0.0409264909427,0.1785073819369,0.1978626563922,-0.1130441226064,0.2140046292092,0.3178739273024,0.2574981278026,0.2222209814727,0.4641962418315,0.5131387158337,0.4756381425162,0.6777647188743,0.7688816467904,0.0545422261517,0.2274709060249,-0.0138232474627,0.2934523240439,-0.2391732668309,-0.0248217180973,0.4153133513450,0.4902403457631,0.4728794199684,0.4861149094731,0.1898763876448,-0.1082409094060,0.4874039174589,0.2950432961458,0.2450886862671,-0.3220315386407,-0.0504661224373,-0.2060500877844,-0.1845785175501,0.4996588864157,-0.2172913154088,0.0184619565705,-0.2237247207049,-0.0429522881576,-0.2200100021666,-0.2806912723209,0.0341383463059,0.2484994910480,-0.0644414204555,-0.0116297960512,0.1005940663837,-0.1337087135059,-0.0548704622860,-0.3684927562490,-0.1657251919193,-0.0397075248263,-0.2726023899812,-0.0378784192961,-0.2081139692494,-0.1842815674950
0.3612873714478,0.3360882323279,0.2822870272038,0.3749513721112,0.4642339284761,0.4941458001977,0.4444757714931,0.3127778950942,0.4340990340132,1.0000000000000,0.5436744266040,0.7863077555601,0.4816937138183,0.4672894823089,0.5238744563184,0.3382311508436,0.5075352090079,0.4316879000300,0.2107445692749,0.0162757118876,0.4613011778886,0.7045606355526,0.2718628493981,0.4638436016339,-0.0847188027632,-0.1152093582472,-0.0176727929528,0.0310103787661,0.1926101319803,0.1057913031061,0.2545053743517,0.0443461727516,0.1976564836139,0.0852181760216,0.2450320081131,0.2871880163589,0.0143699347684,-0.1748936554993,0.0989986825371,0.3073378137546,0.3963621183484,0.1998865495609,0.0573919912139,-0.1895798743105,-0.1207559030352,0.0606781868205,0.2835743550800,0.0916337943996,0.2678013439732,0.5816101260861,0.2343494787597,0.1240296243726,0.1510688557574,0.4579252824126,0.3664471970692,0.3580012465122,0.1802943731677,0.1440152449166,0.3381868607213,0.2880379510956,0.3713027889620,-0.0138134757614,0.1379758497830,0.3453855228292,-0.0730668219205,0.0679922916300,0.2393525785653,0.4377522243438,0.2603692644270,0.0460640244785,0.3693318968895,0.0383272585461,0.4094405626694,-0.1035355229388,0.0760131107718,-0.4520045729388,-0.2154192333305,0.0134197915879,-0.2288391346098,0.3441456088361,-0.1240885240019,-0.0983232085042,-0.3205230052772,-0.2103071792576,-0.4710549806608,-0.2817473755609,-0.0652645848051,0.1476960757155,-0.1558122183485,-0.3150923718155,0.0088097376544,-0.0628783473123,-0.3090509223394,-0.4447414568002,0.0101171870742,-0.0342457794484,-0.0077661981286,-0.0038632599662,-0.2716950061708,0.1310230264050
0.2934452253476,0.1763524094580,0.2782037153309,0.4696228370205,0.5370771838512,0.4617830685779,0.4589009492039,0.3531407953973,0.5250478108156,0.5436744266040,1.0000000000000,0.7334899979839,0.5765809107259,0.2087494825853,0.4057824098672,0.4185251310948,0.4927332669085,0.4064448434280,0.3672591582909,0.2304642502016,0.4365013076601,0.4721254661827,0.5374841499442,0.3729425895357,-0.0190188486242,-0.0141400887754,0.1049297761102,0.0466540472733,0.2540630715354,0.1949005997186,0.2959038474264,0.3386594482081,0.4336115194034,0.1562711760730,0.3137754256921,0.1666310449330,-0.0278333107298,0.0577792638863,0.3160349394168,0.4535244769664,0.3332792502580,-0.0463585065846,-0.0637466877116,-0.0201346778953,0.0611110709531,0.1379139051770,0.3148233617726,0.3926551631944,0.2860868048327,0.3448861388576,-0.0402259441213,0.0938104589569,0.1959376024521,0.3973520408505,0.3979308748755,0.3146902949997,0.2463509837030,0.1720333879671,0.4245341427060,0.2906906356180,-0.0526776210402,0.2539183714285,0.1504153833706,0.3318891351398,-0.2665111060931,0.0018722794781,0.2152308204172,0.3758564082212,0.2770319210798,0.1935768653510,0.3015691997477,-0.0199206865520,0.3637843207880,-0.0012394685309,0.1707412624687,-0.3695814570576,-0.1314512540231,-0.0228768271663,-0.2552090648413,0.3040258199428,-0.1126530846617,-0.0681159238102,-0.2766678038580,-0.0814841252100,-0.3948306436540,-0.3611817049323,-0.0523662857595,0.1324014299129,-0.0844982952818,-0.2485829177470,0.2588644258608,-0.0426902246464,-0.2265698519565,-0.4280994146193,0.0255303412450,0.2308291899673,-0.1274842637653,-0.1287708427962,-0.4730809728395,-0.1677945698827
0.3749367048147,0.2466121237198,0.2799145418370,0.3353880482744,0.5729647125491,0.5288768908608,0.3670681051834,0.2506552769497,0.4226142907236,0.7863077555601,0.7334899979839,1.0000000000000,0.5778654221804,0.4159120735892,0.4316113443038,0.2878554730541,0.5115064164369,0.4904558228434,0.1891368661579,0.1007148437051,0.4640641052280,0.6359236438734,0.5621618881690,0.3293984303353,-0.0727633477611,0.0058914133448,0.1068927602675,0.0716839553154,0.2500067159373,0.1925538899841,0.2454767308936,0.2449685035423,0.3705464667515,0.0555314389911,0.2661453816960,0.1177174132715,-0.0812389683811,-0.1198188534013,0.1164547195986,0.2893061326926,0.4061551437680,0.2240339440707,-0.0440027920084,-0.1918859961937,-0.1009792569844,0.1930853790649,0.4148123457791,0.2481213682380,0.2541102014731,0.4697365056078,0.1755805357736,0.0456490044755,0.0862305615944,0.4548716392702,0.3606510138889,0.2306256528707,0.2023768100442,0.1863846837055,0.4149554630490,0.2487260978038,0.1333505510536,0.1498667229076,0.3332059624946,0.4123064044306,-0.1697861274919,-0.0650465808883,0.1393625986830,0.4632817373036,0.2138615135251,0.1852752701596,0.4174532887224,0.0977534455031,0.3000522259002,-0.0615633078394,0.0747895178479,-0.3572139712914,-0.1608998495275,-0.0619361763293,-0.2496474680327,0.2821951340674,-0.0221713517820,0.0044849785731,-0.3461511392947,-0.2112165988476,-0.4157386650812,-0.2988855341241,-0.1457079522734,0.0646451466561,-0.1762642943930,-0.2995953830081,0.0243708080015,-0.1435952357204,-0.3578860528846,-0.4341278640012,0.0916456801299,0.0735847207646,-0.1058535382209,-0.0711299735621,-0.3809681116751,-0.0273011800775
0.3153815620386,0.2421826126811,0.4620637825446,0.5735890262784,0.4271711288592,0.4537589251953,0.5375509823714,0.6637269969172,0.6296477287482,0.4816937138183,0.5765809107259,0.5778654221804,1.0000000000000,0.2640995505146,0.5320459087027,0.5857200736546,0.7939124235474,0.4406975658147,0.5069915308494,0.3537462472591,0.6190910834228,0.4911243521525,0.1163298122696,0.6003271318236,0.2390918684900,0.1675603491123,0.3116258058607,0.3286403425590,0.1820715820170,0.4501256435864,0.6257545246341,0.4958675196468,0.7150872093912,0.3126174127454,0.4394570108575,0.3198317027397,0.2734037849069,0.1409258430129,0.3128797298214,0.2689612998367,0.3293553737027,0.0951652380894,0.2438338300655,0.0255796020355,0.2670209118838,0.2275814992491,0.5752066636628,0.2073933984978,0.3327175304460,0.4071232317735,-0.0658143163124,0.3887413871486,0.3318852315034,0.4270077562008,0.3207211445193,0.5391393611433,0.4850365654286,0.4408908101030,0.5620319820244,0.5180116204783,-0.0338294667015,0.2305765779153,-0.0016366190019,0.5234984322203,-0.3093463065662,-0.3589540344165,0.3817631589355,0.4912169530688,0.4319765838300,0.2149296594197,0.2478121867028,-0.2455409024095,0.4516259204763,0.1822727603714,0.3075757923611,-0.3979207135158,-0.1750757447122,-0.2974078106814,-0.3198243665262,0.4841253527052,-0.3291326273547,0.0449867139383,-0.2977864587458,-0.0669679310631,-0.3420437315866,-0.3597233576686,0.0515272809839,0.2773732057862,-0.1347956097565,-0.2950215164368,0.1614836032097,-0.3233197787505,-0.2206907311585,-0.3987139833444,-0.0927060328872,0.0703194139367,-0.4476882565760,-0.0805705963027,-0.1784968853866,-0.2125747102596
0.6238047765333,0.6337595994119,0.4199904249287,0.3219048971807,0.4111815833376,0.3929069031641,0.3806738297021,0.0940003696336,0.0823489802850,0.4672894823089,0.2087494825853,0.4159120735892,0.2640995505146,1.0000000000000,0.5006817839366,0.3054617966222,0.2974778657419,0.2905498868573,0.0072865451694,-0.1184612636368,0.3192805184339,0.4189574363710,0.2227448009758,0.3490992077511,-0.1802713863599,0.0147389659748,-0.0314688011850,0.2635007409805,0.2372217156005,0.4643428126853,0.3101356206229,0.0796284883840,0.1868059344248,0.0447699291496,0.3521713285541,0.3378193152394,0.0618654753464,-0.3033974162025,0.1515597203551,0.1391510376814,0.3514519908975,0.2286148959701,0.0082757750257,-0.2714187441818,-0.1952123141640,0.0283059806585,0.2746858511280,0.1793889637199,0.4460375910976,0.4623579410119,0.3793473758058,0.3644715614530,0.1987178802883,0.4393798694840,0.3657942497774,0.2487782956390,0.0603772575626,0.0676019909195,0.2529303365431,0.0263893205201,-0.0357825768413,-0.1092312550959,-0.0572364351002,0.0458432747926,0.2017787065487,-0.0845622536387,0.2141117826784,0.2196755263395,0.1658107499874,-0.0388254623391,0.2235699835291,-0.1140993116483,0.2831335742562,-0.1958087516331,0.1332443535876,-0.3190707683162,-0.3471618189410,-0.0453273929377,-0.3164637886365,0.2903871189979,-0.1587421529310,-0.1003508389564,-0.3087226924093,-0.0984190610966,-0.3688019811298,-0.3451062624752,-0.0820143835598,0.3671592652175,-0.1585017686981,-0.3413047109256,0.0446535161866,-0.1881218119461,-0.4375569770831,-0.5475174063939,-0.2664683255431,0.1293410870304,-0.0356680128176,-0.2834609288215,-0.3747848082714,0.0152121832863
0.4132670666482,0.6898380558811,0.6057691977868,0.7921643863682,0.4966647478175,0.5259250323658,0.6896548554096,0.4544205594922,0.4675014872813,0.5238744563184,0.4057824098672,0.4316113443038,0.5320459087027,0.5006817839366,1.0000000000000,0.6589643327440,0.4517618342415,0.1213640184328,0.5506529295296,0.1623627256378,0.6864852118427,0.3542247660170,0.0246241118560,0.4269537201777,0.1029599965336,-0.1192978539838,-0.0916747119504,0.1857098029421,0.1435614753958,0.5501311729900,0.4668541043194,0.1526357025591,0.4245398018876,0.3294658466716,0.3823110749478,0.4797921884821,0.0087308066425,-0.0320625239574,0.4967803603123,0.4977410235101,0.4456928833099,0.0476433707969,0.4437790265860,0.0451614879523,0.1699025437416,-0.0358562933016,0.4650498750430,0.2336331060205,0.4300465450377,0.7077446922494,-0.0392872031030,0.6063857066936,0.6198256339522,0.6080594432348,0.4115264698324,0.6321267135651,0.2898093794708,0.1742905165710,0.3420718241969,0.4613739704419,-0.2320962021354,-0.1867276330117,-0.3848591355522,-0.0415169295986,-0.1429089633501,0.1438291016852,0.5793733951055,0.1473569533721,0.5609255432411,0.1257485174170,0.0694552096455,-0.3888773636573,0.3025073651751,0.1239045116858,0.3660395047423,-0.4624790534383,-0.4638067486489,-0.0893255950586,-0.2663575927042,0.3067625052443,-0.3668193853171,-0.3348028192648,-0.2190515385520,0.0859137529662,-0.4440087309528,-0.2641542514772,-0.2445224058552,0.3844622567377,0.2017190156257,-0.2904431405404,0.3768234875336,-0.2308944372321,-0.0761506477120,-0.5655868566481,-0.0977215638771,0.0567706276930,-0.2237007360600,-0.0819779546102,-0.4174561120664,-0.0462056605508
0.3076005914332,0.4647898649223,0.6960969317589,0.8932749898139,0.3682181701629,0.5594753660355,0.7867041206606,0.5730433438859,0.4781263107361,0.3382311508436,0.4185251310948,0.2878554730541,0.5857200736546,0.3054617966222,0.6589643327440,1.0000000000000,0.4743985359845,0.0509143396543,0.7773441169280,0.2711478752241,0.6595836815785,0.2791209678398,0.0081195590242,0.4871354960615,0.1246224327310,0.0354417182406,0.0636369476582,0.2444708328316,0.0578147230458,0.5739682527338,0.7412691965896,0.4795296880387,0.6535135218850,0.4293302946771,0.6104383526308,0.7244780947152,0.1246710619300,0.0107698995062,0.4404101336823,0.3678949881448,0.3775079259967,-0.1157351317828,0.4015173395270,-0.1117394304269,0.2808097808021,0.0678845816276,0.5741333801051,0.3225947383707,0.4058759824134,0.5305645677010,-0.3261773949226,0.6095862181923,0.7677416477816,0.5937967769866,0.4136203492455,0.7533188420806,0.4258881398375,0.2195362305248,0.3106381606935,0.5113955408151,-0.3496303758988,-0.2491790817673,-0.4912714552992,0.1154595931905,-0.3777106597748,0.0907611350521,0.8166094264809,0.1599822853175,0.7356630872844,0.2311860200663,0.0538191129350,-0.5167900780195,0.3920207448727,0.2087563390439,0.6396891543454,-0.5514878833172,-0.4376344160438,-0.0655885073781,-0.4322347130095,0.5540056906397,-0.1877580375560,-0.1259217782718,-0.1416663644641,0.3915904029938,-0.4706668091479,-0.1947730930862,-0.0942461863002,0.5124068068170,0.1862116508197,-0.3721972603316,0.3077125348954,-0.4133712631379,-0.2823102125140,-0.5437232035180,-0.0054133130403,0.1835724723916,-0.3425748710003,-0.0746694099695,-0.4851810494136,-0.0621629791668
0.2758719922946,0.1745552882314,0.2384246306657,0.4466853282681,0.3814479279190,0.3728754214597,0.5505810913068,0.7077438686822,0.5952137283228,0.5075352090079,0.4927332669085,0.5115064164369,0.7939124235474,0.2974778657419,0.4517618342415,0.4743985359845,1.0000000000000,0.6130308760660,0.3312112182229,0.2364315747456,0.5007367637094,0.4186174171018,0.0399956562211,0.6250393540456,0.0893587545054,0.0909174725319,0.1607066706826,0.1324968944485,-0.0202325072847,0.1975603967203,0.5896958070713,0.2430573727026,0.4638380392365,0.1050569850594,0.4013662196548,0.3393644947410,0.2541316115017,-0.0084668207577,0.2980313106015,0.2104979662578,0.1165717326983,0.0096514813643,0.1671065945571,-0.0882934762977,0.0243013389039,-0.0460149754510,0.2350211235259,0.1823156739084,0.2431951227583,0.3518582130507,0.1802677962985,0.2272858788424,0.2401076806684,0.3700499079725,0.4238140300217,0.5459803955480,0.3684556864331,0.4834674919365,0.5789486688689,0.4471900520169,0.2047724661513,0.3597309661605,0.0886238770757,0.5012670436787,-0.0362547458276,-0.1903200940375,0.2730658754565,0.6462843916300,0.3020709932660,0.1555512569429,0.3561844684737,-0.0535153079228,0.4700605587561,0.0387969321641,0.2002097474172,-0.2932968714555,-0.1209416726273,-0.2297173999338,-0.2319205316027,0.5529323144402,-0.2650822174815,0.0345270259366,-0.2985069290965,-0.1749431206223,-0.3383081548493,-0.3775576894819,0.1513509061947,0.3733953549111,-0.1880473151457,-0.2709850781142,0.1653460466277,-0.1230713837701,-0.2000682692702,-0.3340612390125,-0.1959528088824,0.0710666780360,-0.3006278357477,0.0101854050537,-0.1353567760920,-0.0860732421929
0.1270849465678,0.0409239942508,-0.0601428776219,-0.0205308030996,0.1954862663383,0.0851653956340,0.1527029128947,0.3743163750504,0.5075706019136,0.4316879000300,0.4064448434280,0.4904558228434,0.4406975658147,0.2905498868573,0.1213640184328,0.0509143396543,0.6130308760660,1.0000000000000,-0.0959633223699,0.1208278537555,0.0696528014244,0.3322632006463,0.1767454632133,0.4573408446761,-0.0303225275592,0.1027260513525,0.1943290590933,0.1101067323273,0.0145044165544,0.0250357241459,0.2620494942125,-0.0205762842038,0.1118032498620,-0.1147077909155,0.1544879655452,0.0046995715798,0.1749886195239,-0.0593083042749,0.1078296085238,0.0906807393980,0.1324985732828,0.1601665204527,-0.1323691558608,-0.1458146941863,-0.1096075819706,0.0184053750241,0.0153065999423,0.0482067020253,0.1099219820689,0.1644885055204,0.2884688286013,-0.1004938512809,-0.0925601279378,0.0846827196819,0.2036817837045,0.1584390555119,0.2744405484167,0.4311360735645,0.6972143021192,0.2756484701960,0.2772133914542,0.4726490065264,0.4131920674378,0.5434947396438,0.0326474435432,-0.1039044097573,-0.0408748330736,0.7550321988377,0.0168159550507,0.1948508770184,0.3855466083781,0.1651436952185,0.4675491385642,-0.1307019970334,-0.0616717939640,-0.0947894807647,0.0677237376553,-0.0724687277251,-0.0881441125315,0.5207475937577,-0.0641501812990,0.1736589079960,-0.1456233383545,-0.2380932021698,-0.1388382979649,-0.1718598912721,0.1764648547613,0.1471576767724,-0.1954786948014,-0.1011471462277,0.0147568455815,0.0510263907977,-0.2275263891139,-0.1770162959385,-0.0795043869648,0.0097147860028,-0.0986414332379,0.0006088944157,0.0456427586264,-0.0164393336872
0.1449605580456,0.2281440157813,0.5128173850801,0.7595376871322,0.2314952540534,0.3685199077905,0.5129068741066,0.6713102602780,0.5575643397842,0.2107445692749,0.3672591582909,0.1891368661579,0.5069915308494,0.0072865451694,0.5506529295296,0.7773441169280,0.3312112182229,-0.0959633223699,1.0000000000000,0.5714955730664,0.6564199226062,0.2526251754873,-0.0470339246706,0.3376932602298,0.3699353076826,-0.0153537796198,0.1257381954411,0.2997888985264,0.0971684723674,0.4258596596746,0.4584226349545,0.3812242811927,0.5671608429166,0.4601191745357,0.3260387058928,0.5644133577748,0.0460025065486,0.3067631197826,0.2038187340764,0.3709048091517,0.3178563807169,-0.3415418159478,0.3583579155379,0.1322143944998,0.4378249008130,0.2062319342812,0.5139487007634,0.1155679109425,0.2514119798838,0.2859555312672,-0.4166995227813,0.4833995329819,0.5955244624387,0.3925161270179,0.1106881654481,0.5546234110117,0.5116266124383,0.3034784831384,0.1845545555267,0.5724839350035,-0.3194373355628,-0.2112553344032,-0.4112964514676,0.0037343665029,-0.4341037062640,-0.0174766342880,0.6416579198591,0.0424360047339,0.7079170351670,0.3877839023615,0.0820645390383,-0.4430785631521,0.2565083813889,0.4358174458826,0.5646334736304,-0.4805502650068,-0.2973446849836,-0.1244957468764,-0.3865330230404,0.2856939242859,-0.2485688277431,-0.0788960149023,-0.2123722864541,0.2196636568126,-0.3039733173543,-0.1332714735721,-0.1029475805330,0.2481588096496,0.1415364854593,-0.1336093843839,0.1348885947485,-0.2959752597644,-0.0752138415945,-0.3807999487183,-0.0062982762502,-0.0358910496887,-0.4038645980491,0.0277099594995,-0.4214639055881,-0.0801951279339
-0.1531667259551,-0.0998381260680,0.0269819394395,0.2220202233985,-0.0383873318392,0.0951509600031,0.0271246221377,0.4738783566542,0.6202195797137,0.0162757118876,0.2304642502016,0.1007148437051,0.3537462472591,-0.1184612636368,0.1623627256378,0.2711478752241,0.2364315747456,0.1208278537555,0.5714955730664,1.0000000000000,0.3857936954449,0.1348781278939,0.0897076360112,0.3082301929173,0.7363788921655,0.3866842874818,0.5209853687703,0.2113100051090,0.0040692611889,0.1396344892495,0.3048588640568,0.4326408496992,0.4964640098498,0.2193171013554,0.0986415177310,0.1558459959574,0.1323724258329,0.7714340235041,-0.0208016121108,0.2067640717125,-0.0869633171547,-0.3028680127466,0.1855674878513,0.4363104461346,0.5629636161603,0.2201326991515,0.2270168978412,-0.0259243805568,0.0961309300221,-0.0961230692373,-0.1918475357289,0.0884368662475,0.1141093593776,-0.0128906563936,-0.1055059501683,0.0862994955481,0.3864033523516,0.3764180280272,0.3025892818024,0.4605872319909,-0.1662465046622,0.1178462930751,-0.1181329669693,-0.1035383384847,-0.2238527789735,-0.2390518907411,0.1535836306476,0.0945744943543,0.2435796450268,0.6229550643933,0.0915912213699,-0.0523416732397,0.2254511878870,0.5527028019400,0.1635249966227,-0.0705478255712,0.2082522985197,-0.3089169283378,-0.2495316932245,0.1704056428849,-0.1004982869156,0.3153587263881,-0.3522489283848,-0.0862641299451,0.1787469611915,-0.2211789065901,0.0783532488988,0.1300243540045,-0.1722975648262,0.3534843007921,-0.1074221013140,-0.0966699336429,0.0700738977419,-0.1060577759856,-0.2731141546842,-0.0491052405854,-0.3108643185246,-0.1916645171594,-0.1679249176955,-0.2297547021485
0.3051918912259,0.3734979436461,0.5069067775164,0.7269263560518,0.3989166035100,0.5085063849500,0.5675741811685,0.4146301449194,0.4707804501964,0.4613011778886,0.4365013076601,0.4640641052280,0.6190910834228,0.3192805184339,0.6864852118427,0.6595836815785,0.5007367637094,0.0696528014244,0.6564199226062,0.3857936954449,1.0000000000000,0.4276839528872,0.2689686882103,0.5443076911770,0.1830514536198,0.0977547546149,0.2445118226029,0.2606684032024,0.0971719522479,0.3757393860031,0.5633821707107,0.3921737432787,0.6895961027434,0.1939974318215,0.4813531571263,0.5262965191067,0.0349542778756,0.0466993804135,0.2462149334366,0.3476186248323,0.2797358897075,-0.1259375060215,0.3880735217694,-0.0499992225484,0.1945192783241,0.0730541730715,0.4706778803472,0.2643259035286,0.4098555065651,0.5917477293252,-0.1355597491458,0.4211645731027,0.5282014193588,0.4848239822574,0.2895955713740,0.4967936647807,0.2696034779472,0.1061050655658,0.2806035116438,0.4141197857787,-0.2349310792008,-0.0550189691610,-0.2602675118790,0.0018257277507,-0.3165715714362,-0.0865664215296,0.5273921128328,0.1158081601659,0.5557030162911,0.2573357781454,0.3547931815726,-0.1281510588582,0.4334998113065,0.2434364884641,0.4724417153705,-0.3597080306950,-0.2854671689990,-0.1850950350605,-0.2776936720724,0.3532707764493,-0.1542573068664,0.0066904938415,-0.3266140473245,-0.0321089021301,-0.4235824120136,-0.2875260623382,-0.0853020225163,0.3789977821851,0.0224280918025,-0.2573388134686,0.1274941805745,-0.3466160669241,-0.2415392757732,-0.4103940061381,-0.0500440504527,0.0819258776694,-0.3149006759091,-0.0162916906922,-0.2919224481597,0.0679464660614
0.3117748644590,0.1950693776359,0.2631379763105,0.2720055196042,0.3417525677303,0.3867726039831,0.3033981019814,0.3356927731900,0.3332665838941,0.7045606355526,0.4721254661827,0.6359236438734,0.4911243521525,0.4189574363710,0.3542247660170,0.2791209678398,0.4186174171018,0.3322632006463,0.2526251754873,0.1348781278939,0.4276839528872,1.0000000000000,0.3582106629990,0.4604172607049,-0.0243522026109,0.0988425138390,0.1218889709956,0.2329485928013,0.4246419759746,0.2556266785964,0.3018416303937,0.2572619105364,0.3204034913777,0.1482151887991,0.3165899386707,0.2598779902759,0.2411537795093,-0.0154146504508,0.0649108804312,0.1873726921834,0.4076774633908,0.0609746556138,-0.0907205977042,-0.1120976384017,-0.0003981559825,0.3850441576089,0.4181209074132,0.0515419481719,0.2652986854608,0.3558087578240,0.0983148342121,0.1458970404129,0.0726041751254,0.2923299848013,0.1878269427871,0.2561156228915,0.3074442740099,0.2583950186523,0.3261657539130,0.2354280678156,0.2998524628545,0.0234105352212,0.2031151540324,0.2835394282415,-0.2189133258353,-0.2456820351789,0.2050310513454,0.3505091066750,0.3079810507445,0.1127192403871,0.4444079063630,0.1359361109876,0.4111819546512,0.0254001903475,0.2449625034150,-0.2540717183971,-0.1569683540821,-0.2576221137044,-0.3379962339661,0.3017253122084,-0.1567387013363,0.0512030686205,-0.4837257785100,-0.2274697664339,-0.2889300367510,-0.2899756790586,0.1774696377200,0.2115794323707,-0.1592164078653,-0.1971359340794,-0.0502225995389,-0.1385003354368,-0.2588373152688,-0.3635194182932,-0.0663913894985,-0.0372385733911,-0.2183928144528,-0.0415739180299,-0.2786794978827,0.1507479568853
0.1253857482287,0.1595781584811,-0.0176942281777,0.0033400207333,0.2263649744370,0.2110826641389,-0.0023213953593,-0.2063909491128,0.1038706047049,0.2718628493981,0.5374841499442,0.5621618881690,0.1163298122696,0.2227448009758,0.0246241118560,0.0081195590242,0.0399956562211,0.1767454632133,-0.0470339246706,0.0897076360112,0.2689686882103,0.3582106629990,1.0000000000000,0.0916776376239,-0.1030112097863,0.3114205724362,0.2493170141339,-0.1320392037583,0.2222969817268,0.0288652901169,0.0058890214022,0.3112954041339,0.2433303828110,-0.1329504200068,0.2341258104807,-0.0278690362976,-0.1353863984795,-0.0331884980177,-0.0409863445776,0.0933485766507,0.1050065623076,0.0886182280411,-0.2890144822701,-0.0470388643047,-0.1124856749031,0.1231403330055,0.0639551503015,0.2540742153815,0.0915338858370,0.1833283304710,-0.0384026889365,-0.2183807228884,-0.1004480033762,0.0902783753549,0.1733751155716,-0.1913141863130,-0.1185432350474,-0.2086045989334,0.0723006271411,-0.1075296852038,-0.0620572793931,0.1277417685166,0.2905663612628,0.0693233657551,-0.0845964478056,0.0161227768697,-0.0937335500700,0.0072765916751,-0.0598485490365,0.1284892798901,0.3712944943165,0.4324678708341,0.1873653047138,-0.0167612902859,0.0279034084602,0.1435738477056,0.1193538810666,0.0699201200784,-0.0821203801197,0.0124834674348,0.3398031190708,0.1844299108147,-0.2166814686575,-0.2192885388013,-0.1053755780251,-0.1594607524468,-0.0294086992298,0.0522645046957,-0.1695393731985,-0.0246949403937,-0.0922951327866,-0.0916380710018,-0.1492734915803,-0.1878712152827,0.1020642447061,0.1603138295479,0.1432279377513,-0.2114651997110,-0.3348278869833,0.0882533191468
0.2335869138430,0.2404124575590,0.2997020088098,0.4298436153423,0.1619666380110,0.3547393494267,0.5543460416843,0.4896999849220,0.5780188668114,0.4638436016339,0.3729425895357,0.3293984303353,0.6003271318236,0.3490992077511,0.4269537201777,0.4871354960615,0.6250393540456,0.4573408446761,0.3376932602298,0.3082301929173,0.5443076911770,0.4604172607049,0.0916776376239,1.0000000000000,0.2305016631520,0.2932684412172,0.4485883705348,0.2146304584836,-0.0560627824631,0.1812672527046,0.6037516368265,0.2515364612153,0.4653278484578,0.1529999989967,0.5949367890834,0.6137556628362,0.4696380163976,0.0535202050487,0.3921161731724,0.2793872248808,0.1425055384289,0.1360215788228,0.2581023978581,-0.0475787378336,0.0921664019678,0.1174382503753,0.2436470332160,0.1946418525610,0.2744879610474,0.4392717858941,0.0802753698343,0.2522803497053,0.3029094018251,0.3095063145231,0.3585325017101,0.5135665628031,0.3283874649355,0.2567287434597,0.4952265568439,0.4278746722899,0.1595276532237,0.1992497373871,-0.0769572672975,0.3240039142824,-0.1779210585613,-0.1038815251770,0.3938939701604,0.4399634112668,0.3853337766371,0.1833412504841,0.3336354223524,0.0072613364262,0.8288107454919,0.1166889415679,0.3692703325098,-0.2659106535114,-0.0361861789197,-0.1326015724800,-0.3069547936791,0.6182850341388,-0.1773228132255,0.1209859838306,-0.3230575039574,-0.0412486456334,-0.3485108923105,-0.2588690227427,0.3766604053705,0.5975639593624,0.0056504179350,-0.2104113221716,0.1770066057137,-0.1302659981069,-0.2595317579521,-0.3166891467142,-0.1409209000697,0.1434323260899,-0.2893973315677,-0.0076545741978,-0.0427983011781,0.1922456675611
