1.0000000000000,0.4890326305544,0.8727788750647,0.5545830920691,0.8569153857955,0.7048473387138,0.5194187417982,0.4050622064191,0.2784928632512,0.3557707098924,0.4280491012780,0.4400576529832,0.3315317788846,0.7968556044403,0.4394799844707,0.5519006260878,0.5371734280408,0.4516292209187,0.3967609509541,0.2885608982347,0.4440640687509,0.3604530233048,0.2669871642861,0.3528630327946,0.0493704582116,0.1147029732330,-0.0066976957326,0.2157614305496,0.1457439396680,0.0965219180063,0.4674540887065,0.2636701368011,0.3918028332401,0.0517327727482,0.3237098290999,0.4034955635409,0.2310667775315,0.1331758861423,0.2402795680162,-0.1221478667764,0.2749191534657,0.4615741462570,0.0151774996260,-0.0001983939406,0.1301674928770,0.0943292806432,0.1656884015268,0.3611704096600,0.2761548546221,0.4671188766311,0.6042525140661,0.7625842024572,0.2200670640821,0.7902515978604,0.5016397912807,0.3396362119327,0.3384514960885,0.4135558621111,0.2706417426553,0.3179276181426,-0.3104643077964,-0.2715195325336,-0.0432038853452,0.1232612138613,0.2711181124099,-0.2209606341947,-0.0821461031235,0.0352133724458,0.0559460984796,0.3163939444728,-0.1210563674758,-0.4473945458608,0.2458073601928,0.0883028371905,0.0813818586243,-0.2581806048933,-0.1957177845267,-0.1984913087099,-0.3964001807945,0.1186963513791,-0.4216260770641,0.1562772714635,-0.4077209038296,-0.3819135279076,0.1322469350134,-0.3865205137187,0.1361929875583,0.2533542751520,-0.3440225528380,0.1150666159039,0.1565305346998,-0.5491128493433,-0.2223697867750,-0.3397827099806,-0.4795366277992,0.1179830886318,-0.2120496597486,-0.4079118803478,-0.5137130150376,-0.2030296920492
0.4890326305544,1.0000000000000,0.5249786079960,0.5784317453142,0.3952042430550,0.3928260245370,0.5047485467095,0.2018557724047,0.0264308419540,0.3758196128986,0.0903910891681,0.1901079853289,0.0917126560866,0.6619309101000,0.6865024247507,0.3895549871391,0.2028586926799,0.0909638444028,0.3570947247873,0.0025972048327,0.2299288516410,0.3306458560835,0.1854384614347,0.2066306382074,-0.2919200833893,0.0628349566882,-0.1934930335120,0.2543819776964,0.4944893173334,0.4260037797956,0.2954672491947,0.1370405335285,0.0561542338191,0.2453045426551,0.2716974670084,0.3243784822636,0.0107092040081,-0.1072066397002,0.1134574475107,0.1446540893935,0.3506414271967,0.2461717835689,0.1162958616644,-0.0119772857164,-0.0761203316420,0.0484799441927,0.1561354040284,0.0263396420048,0.3245514820775,0.3293794977184,0.1284952691089,0.4297633786225,0.2942284077999,0.4324627043818,0.2406570509068,0.4707270304632,0.0608597945562,0.1578742097248,-0.0633741758109,-0.0420135239415,-0.2017395432792,-0.3120268905878,-0.2118576758054,-0.1713640707614,0.2541921123749,0.0660409705418,0.2027420570433,-0.2107926662467,0.1204045076385,-0.1467300468855,-0.2542626115593,-0.4114422377457,-0.0117738725981,-0.2846976464991,0.1327291173069,-0.3243612527334,-0.3243965689276,-0.3639537445006,-0.2472446642626,-0.1497209361492,-0.4949609375272,-0.2636094619097,-0.1065994517801,-0.0644410852273,-0.3137139611256,-0.4333080222425,0.0160677401806,0.1851984298388,-0.1574963336839,-0.2628658430053,0.0378773140737,-0.2143217786808,-0.3354923079948,-0.5812462050306,-0.5307934791719,-0.2640439511422,-0.1119296655173,-0.4359642189711,-0.4054443924727,-0.1642993593142
0.8727788750647,0.5249786079960,1.0000000000000,0.6772349736974,0.8287755483516,0.8350394753700,0.6446222860140,0.5058623078454,0.3941792192748,0.3656894826915,0.4108879091946,0.4208893448029,0.3439261763875,0.6794671848633,0.4837154278089,0.6464837310439,0.5175795098017,0.4547444477981,0.5165734117949,0.3426298391574,0.4144177986937,0.3138063853943,0.2235754677399,0.4394383190642,0.0880530176901,0.1587958014711,0.0427280760930,0.1852294885679,0.0737481111634,-0.0163510677593,0.4907377408943,0.2761407561921,0.3959798237345,0.0260142167471,0.3475866344786,0.4680865984449,0.1897794047248,0.1622195416507,0.2741248638671,-0.0755656124955,0.1465638744440,0.3778526675142,0.0828365452199,0.0297098388889,0.1728133891951,0.0040311444440,0.0925773497546,0.3644740811770,0.2145009898771,0.4194734746712,0.6638977751127,0.8528314732166,0.3666860080080,0.9056437204615,0.6362582994640,0.4231829771595,0.3863803043420,0.4638006835214,0.3484280706799,0.3848729400841,-0.2267907375743,-0.2157548406242,-0.0115047689920,0.2007322087489,0.2533000092210,-0.1636318420830,-0.0501602364924,0.1238211438720,0.1280783126931,0.3602087097265,-0.1219352298486,-0.3788264368283,0.3306141373726,0.1130984872443,0.0587484554585,-0.2358945812877,-0.1400254716451,-0.2340426308523,-0.4319607181610,0.2216533112608,-0.3529599455930,0.1926809791553,-0.4331473938793,-0.3602117057930,0.1491930092074,-0.3948228095699,0.1506363396833,0.2886595154343,-0.3305252311912,0.1430578299720,0.1354635358939,-0.5239858521643,-0.2261607543644,-0.3310235167321,-0.4478266865973,0.1658754628250,-0.2997734532119,-0.4157890578012,-0.4733329763959,-0.1986020976371
0.5545830920691,0.5784317453142,0.6772349736974,1.0000000000000,0.5865532927232,0.6160245610181,0.7814028138723,0.4834015008228,0.3136878740654,0.3425649459689,0.2857631761792,0.3126271527872,0.3472542515728,0.5504759589189,0.6665439154397,0.7793419327695,0.4500706583813,0.2944201909990,0.6631958271986,0.3339984611734,0.4531102624901,0.3284323479665,0.1445536916536,0.4048529402591,-0.0873232210128,0.2338403366070,-0.0662167778724,0.2960326599874,0.4205173985230,0.0352110218562,0.4680797589758,0.3577306232437,0.3551350959235,0.4401204544681,0.5230077072970,0.5523170772750,0.0002420413472,0.2073087474950,0.3203939604629,0.2688109895011,0.3432286565296,0.4017431519882,0.3485468720433,0.2570004301061,0.2223079561076,0.2639513127067,0.2761769744898,0.3366450934462,0.1971700413097,0.3994177837858,0.1857113460961,0.4569362732624,0.5359717928744,0.5505946763523,0.3900287283715,0.6932234419566,0.3012282303939,0.3535457878923,0.1952655173345,0.3373659754023,-0.2465156758790,-0.3517538508913,-0.1234523126984,0.0491568953245,0.1753696782718,-0.0306691308554,0.3078318140108,0.0057838474183,0.2786373077361,0.2264106738745,-0.1435961907146,-0.5730110067257,0.1471741978076,-0.0869585167144,0.0244500218724,-0.2541046226930,-0.2437472899122,-0.2400743471840,-0.3962761490952,0.1063677290988,-0.5306656742049,-0.0042050383206,-0.2040216614410,-0.1929937706767,-0.0572049745303,-0.3748553880449,-0.0557786580556,0.2995430982470,-0.3003227139100,0.0530614129144,0.1830979819593,-0.2640683946450,-0.1414435714650,-0.5162496028417,-0.5013115219639,-0.0230397889548,-0.3386822042207,-0.3515603809081,-0.4817843237885,-0.2038491767661
0.8569153857955,0.3952042430550,0.8287755483516,0.5865532927232,1.0000000000000,0.7738924425107,0.6168047629645,0.4719235199247,0.3766544637935,0.3286573645174,0.4930978869532,0.4712933669215,0.4562965521056,0.7135270133391,0.4504855779806,0.5669171668670,0.6400834222909,0.5414209149462,0.4864572657116,0.3579439981907,0.5177690076530,0.3972125745919,0.3142992856597,0.5117306953211,0.0758002003798,0.2056951327350,0.0916643237379,0.2762756281921,0.1724210494803,0.0749698125435,0.5456617975570,0.3185974684444,0.4532341049034,0.1012240335195,0.3880165171584,0.4112200111682,0.2942975550202,0.2192974769059,0.3082561667470,-0.0596027400539,0.2657709681087,0.4207757059312,0.0511252595159,0.0814322692692,0.1915267392655,0.1377504004072,0.1852790695989,0.4596977199257,0.3959407886107,0.4824989118464,0.5825911206318,0.6653872820809,0.3021947829414,0.8289234480347,0.6486516187655,0.3879527285931,0.3813655577000,0.4563666204440,0.3466396611015,0.3969377360925,-0.3467325372710,-0.1472622532563,0.0074080356190,0.2383140263970,0.2529716350097,-0.2303230892882,-0.0885775708897,0.1085973110406,0.0876901143438,0.3478694617673,0.0172475209750,-0.3889531482762,0.3765822692348,0.1236934052463,0.0545985480308,-0.1546423244625,-0.1020189430020,-0.1721214662501,-0.3286044946588,0.1542994506063,-0.3885408397500,0.1717858317779,-0.4697892236856,-0.4317693546461,0.1481353518698,-0.3610272966339,0.1809109616628,0.2761396078687,-0.3499303644114,0.1622796699774,0.2032304123875,-0.5408695987623,-0.1614363616408,-0.3460221805706,-0.4558715472422,0.1910284608468,-0.2180153169534,-0.3498712877743,-0.5408234455641,-0.2310669706326
0.7048473387138,0.3928260245370,0.8350394753700,0.6160245610181,0.7738924425107,1.0000000000000,0.6982289225743,0.5812253588700,0.5236873746594,0.5823738470008,0.5635031993009,0.5971267806012,0.4855328515115,0.6021213316814,0.5843117085972,0.5839178240868,0.5584998945171,0.4533476617431,0.5196538251935,0.3665438899731,0.4675057590017,0.4389613613077,0.2652035721945,0.6299945315544,0.1000966044874,0.1349364036348,0.0798073052537,0.2443934877773,0.1863851238726,-0.0221887154029,0.5342074768359,0.3334082122497,0.4371820092692,0.0916027066737,0.2930656143095,0.4754460089396,0.3430541141870,0.1621584890472,0.4478476229054,0.0417916468881,0.3142964944809,0.5266200780132,0.0656327004867,0.0204559445746,0.2499794678339,0.1243096373799,0.2218009344785,0.5750106185270,0.3825821297193,0.5375724114009,0.5477284768897,0.6352080272890,0.3222966138369,0.8342877444971,0.7616022806179,0.4183179738627,0.4624432148373,0.4899701323276,0.3315674950796,0.4922170032732,-0.0362180064397,-0.1255797657812,0.1091721658168,0.2909895845685,0.1354384224430,-0.0137919598802,-0.0431333357898,0.1523162419654,0.1893020675140,0.3388556539026,-0.0387876557594,-0.3762092377376,0.5224246154242,0.1163463955603,0.0880731737367,-0.2487041108847,-0.1436914490071,-0.2588893279831,-0.3904243940527,0.2258150463584,-0.4271849106634,0.1678477818736,-0.4041922399794,-0.3310005636673,0.0911888144588,-0.4073799045096,0.2829774529542,0.2620775926400,-0.2451482321914,0.0867300489629,0.3278029076603,-0.4999695791564,-0.2732207370498,-0.3377715651358,-0.4029080403957,0.3032981127618,-0.2861415768568,-0.3233929257936,-0.3327534209923,-0.0653682304658
0.5194187417982,0.5047485467095,0.6446222860140,0.7814028138723,0.6168047629645,0.6982289225743,1.0000000000000,0.3532954264463,0.2406634748246,0.2874281729374,0.1726609438925,0.2023755567753,0.1374150996480,0.4997677536127,0.6070644356282,0.7018355286148,0.2874531134698,0.1290016171897,0.5786260860645,0.0685597929250,0.2961098800258,0.2251348084929,0.0772563462635,0.5144316175093,-0.2443635335050,0.1216484947060,-0.0981524936000,0.2144792676919,0.3307087555183,0.0115529234673,0.5341839517477,0.1183211256754,0.1329342775752,0.2015666199147,0.5112822212842,0.7755471759817,0.0939597862647,0.0027572179236,0.4771121508174,0.1226396160864,0.1966081293455,0.2995276062263,0.1644506585850,-0.0089359933660,0.1036060494324,0.0500498503563,0.0461179448282,0.2355624777948,0.2474646480566,0.3568652276546,0.2939386029401,0.4401334095077,0.6037217216702,0.6605910920085,0.6708327931509,0.8285580254127,0.1456739610576,0.2266287400022,0.0644258719634,0.2454930366158,-0.1017199032771,-0.2908400469588,-0.1243739937565,-0.0121827855614,0.3858316307953,0.2142300108244,0.4103191489601,-0.0339357868045,0.4541418700039,0.0217179661812,-0.0740764294081,-0.4579796461412,0.2481005121236,-0.2300457541919,0.2297806071246,-0.2428577163592,-0.3393073037845,-0.1698672407407,-0.2660271906321,0.2441127625277,-0.4520509108869,-0.1331438909989,-0.2065451053327,-0.0778825396800,-0.2153891276793,-0.3040950916403,0.1145354070485,0.5559303086541,-0.0350678130949,-0.1541604415544,0.3477742325658,-0.2625441000451,-0.3692296966265,-0.3715456244832,-0.5006253216218,-0.0485229205233,-0.1886406176467,-0.3729092577258,-0.3534457723972,0.1122112958520
0.4050622064191,0.2018557724047,0.5058623078454,0.4834015008228,0.4719235199247,0.5812253588700,0.3532954264463,1.0000000000000,0.7859051806933,0.4804359530277,0.5930176167417,0.5814093950504,0.6377239828695,0.3971920124579,0.4032400846731,0.5227785785864,0.7181021325694,0.7362627315866,0.7157115476475,0.7305814790707,0.5432640147684,0.3775890384128,0.2464548366406,0.6513357378961,0.4211964180769,0.1507966406828,0.2597790519257,0.2287359373114,0.0187363636217,-0.0650311155891,0.4330831162220,0.3733395508460,0.6007514983544,0.0983732075138,0.1996867750328,0.2190408348119,0.2725714797100,0.4709914283481,0.2493375096954,0.0818612201822,0.1924093690988,0.3406732675378,0.2333949006153,0.2610797994652,0.4633904324732,0.2286018206191,0.2104131390089,0.4967075657868,0.3256593006605,0.4637205877429,0.3677073002622,0.4325342569467,0.1155846705836,0.5045356695044,0.4648363654549,0.1848617763062,0.6629750976488,0.6859525960357,0.6168506149496,0.7177220996687,0.0460415873695,0.0548862736034,0.1828842473905,0.4439847482870,0.0513111299382,-0.2644742847598,-0.1447177154238,0.4615328500174,0.0952552584976,0.6101386152493,0.1362694603245,-0.2088701980426,0.5656635198848,0.4194320854468,-0.1826639634123,-0.0717171769678,0.1118519692647,-0.0495600897518,-0.3003131069389,0.2435200241021,-0.2628167386937,0.3476202763844,-0.2694176015360,-0.4988696553587,0.3074023235692,-0.2711088691119,0.2166246626107,0.0933775366064,-0.4726030173284,0.3692063196345,0.1482450035275,-0.3069079740133,0.0613411366082,-0.1751665845018,-0.1302939026951,0.2914606620969,-0.2455365843174,0.0169155225271,-0.1575884212360,-0.1985681210472
0.2784928632512,0.0264308419540,0.3941792192748,0.3136878740654,0.3766544637935,0.5236873746594,0.2406634748246,0.7859051806933,1.0000000000000,0.4717911628469,0.6307903327575,0.6039130236683,0.6025196300372,0.2851694854134,0.3174559019502,0.3989236594040,0.6041164794511,0.6525616193839,0.6012213394553,0.7490051698834,0.5111164943149,0.3159729045393,0.2960814115712,0.6662025976271,0.5522713581921,0.1802015214657,0.3970641351519,0.1848995215454,-0.1481923892976,-0.1372724009314,0.4089482847861,0.3822258215658,0.5924918970345,-0.0195097099624,0.0976278352760,0.1183024477377,0.2746758224431,0.4726453436912,0.1878612555158,0.0087212295108,0.0934040680883,0.2616044315435,0.0896393896569,0.2394147324530,0.4219743894789,0.1429196914565,0.1824750902346,0.4552807455934,0.2672705691908,0.4388683187617,0.3677769791365,0.3768119828800,0.0482029975605,0.4190450815661,0.3878407203828,-0.0124342356633,0.6865727953513,0.6670655057463,0.6367738379135,0.8720838781122,0.0812500902976,0.1749699403735,0.2654566295633,0.4948795135813,-0.0534204111319,-0.2698421654325,-0.2274065460366,0.4724688788632,0.1668406648673,0.6977751368434,0.1723450378881,-0.0295390095452,0.6733027618448,0.5619802136109,-0.1429844189023,0.0477237802957,0.2443236942252,-0.0451212692432,-0.2725769271127,0.3117421701584,-0.0979991762491,0.4500137624888,-0.3265418607437,-0.5412708028177,0.3990652085141,-0.2217980248869,0.1918295617054,0.0290778200034,-0.4498482116693,0.4397984901677,0.0538578219085,-0.3676102568706,0.0653509509651,-0.0699003883168,-0.0611119970616,0.3332293255039,-0.2457978911039,-0.0171281782594,-0.0932727299673,-0.1582307488630
0.3557707098924,0.3758196128986,0.3656894826915,0.3425649459689,0.3286573645174,0.5823738470008,0.2874281729374,0.4804359530277,0.4717911628469,1.0000000000000,0.6346711192127,0.7802210815546,0.5782283053425,0.5412890854280,0.6464858674771,0.3528807519431,0.5291465145459,0.3935206869031,0.3728632994465,0.3696439818538,0.6170926554522,0.7637987465772,0.4530388209630,0.5339601504105,0.1627700622777,0.1418300495226,0.1770698296875,0.3459985365443,0.3147179413107,0.2553437667564,0.4868389372137,0.4822173258001,0.5307822661972,0.3108589151474,0.1933529342375,0.2152812214892,0.4342312248714,0.1677858164462,0.3142542433644,0.2163935664134,0.6260161830005,0.6229765570065,0.1878309287958,0.0500657854328,0.2405413612298,0.4203278015701,0.5442311548900,0.4596394221125,0.4876244934281,0.6978338808164,0.0883243450462,0.1957223968751,-0.1659016811180,0.2982498786229,0.2225435613910,0.0841073667408,0.4121172946020,0.3999305887099,0.1938653533864,0.3907336850972,0.0783521968495,-0.1221223882090,0.0646818581300,0.1301304468556,-0.2545415088047,-0.1296859141891,-0.1002879425767,-0.0318159904582,0.1190064728552,0.2155571567734,-0.1176218879099,-0.3021892180994,0.4319137812901,0.1525287495669,0.1301385295431,-0.2620292066384,-0.0830122177417,-0.3750830425159,-0.3938732607102,-0.0764756935903,-0.4952848062693,0.0745895991660,-0.2190593622468,-0.3070295150789,0.0061273448641,-0.4322078133718,0.2697267186513,0.0350972437701,-0.2662693587887,0.0261095160175,0.2304708245925,-0.3808602002007,-0.2481257150801,-0.4403477107343,-0.3494067433219,0.1160948523084,-0.3383290700264,-0.1811837524567,-0.1434958626389,-0.1529665830190
0.4280491012780,0.0903910891681,0.4108879091946,0.2857631761792,0.4930978869532,0.5635031993009,0.1726609438925,0.5930176167417,0.6307903327575,0.6346711192127,1.0000000000000,0.8447626233244,0.7088868125928,0.4323290521188,0.3781768899570,0.2960698777105,0.6756973232973,0.6062949501340,0.4055823825159,0.5872256851066,0.6823867730294,0.5830876007815,0.5910176368881,0.5986116613473,0.4128862857849,0.2329630541711,0.4336434050605,0.2033329051498,0.1419805631650,0.0188435402215,0.4041169185156,0.5397099257159,0.7026055902698,0.0885644637966,0.2144731188654,0.0052201767663,0.5243994090664,0.3390397835699,0.3116204735824,0.0162160238625,0.3534182142643,0.5246308684106,0.2130590554838,0.1597731695704,0.3863982041494,0.3043361758135,0.3723779830961,0.6637417277585,0.4234191399108,0.5222597210952,0.2890016572908,0.2809781597318,-0.0526403198301,0.4000925108339,0.3254004445218,-0.1047007303688,0.4714200024703,0.4151682558068,0.4397754614621,0.5439164147973,0.0632364865361,0.2112888348220,0.3487120673073,0.4195908431431,-0.0993727332491,-0.2101199238539,-0.3814695102595,0.2272380786373,-0.0636731038478,0.4615560400485,0.1531176409685,-0.0671080289063,0.6092039067640,0.4109526227064,-0.1460432733984,-0.1357628654072,0.2021209899644,-0.2910367146164,-0.2766932452222,0.0423210542208,-0.2561339083646,0.2698827252408,-0.1924850337672,-0.5016569010231,0.2279303342251,-0.4259671958611,0.3624609887087,-0.1212044044095,-0.3678046771701,0.2380514672190,0.2455451465202,-0.4500492051013,-0.0863304739139,-0.3387626856525,-0.1871155364905,0.4208484345965,-0.1449701838539,-0.0756118172892,-0.1127598059350,-0.1727688390596
0.4400576529832,0.1901079853289,0.4208893448029,0.3126271527872,0.4712933669215,0.5971267806012,0.2023755567753,0.5814093950504,0.6039130236683,0.7802210815546,0.8447626233244,1.0000000000000,0.7908818729840,0.4998743801807,0.5070294219257,0.3558562611059,0.7150062138113,0.5729941157636,0.3764506138518,0.5370444884867,0.7224144321249,0.7084114197022,0.6628487054385,0.5054891986846,0.3463855235915,0.2942678094685,0.3118078708334,0.2924023339831,0.1914383246747,0.1246409274737,0.4611102162092,0.6400117730336,0.7360666562874,0.2109028356269,0.1267892896188,0.0424611282232,0.4424125108040,0.3143903400043,0.2893252789449,0.1665626292221,0.5400866560066,0.6085347660192,0.1634774860554,0.1669093223048,0.3889941909782,0.3533253494515,0.5402201991366,0.6048170796940,0.4277585475940,0.5813920980342,0.2227808486902,0.2884396181073,-0.1408608920017,0.3457918609648,0.2439566717933,-0.0803687230492,0.5244414666673,0.4839724903394,0.3796280311404,0.5229885324856,-0.0248467849203,-0.0104476577984,0.2982796294384,0.3807963638853,-0.2239942494835,-0.2566842606884,-0.3140246518447,0.1222689753706,0.0021697150330,0.4339769527558,0.0477352215080,-0.2013560547221,0.5149765951845,0.3475574042717,-0.0356624341183,-0.1435880880553,0.0894870025117,-0.3450839343965,-0.3290215463213,-0.0360006235401,-0.3621085822657,0.2904850641210,-0.2825509232905,-0.5048228794616,0.2068984358501,-0.4305987219472,0.2457274972455,-0.1357227828868,-0.4148539267139,0.2165480322187,0.1934095110127,-0.4340706344746,-0.0969546128584,-0.3952838321922,-0.2371991598606,0.2570463123256,-0.2994733763016,-0.1076439870045,-0.2266079249821,-0.2580327250211
0.3315317788846,0.0917126560866,0.3439261763875,0.3472542515728,0.4562965521056,0.4855328515115,0.1374150996480,0.6377239828695,0.6025196300372,0.5782283053425,0.7088868125928,0.7908818729840,1.0000000000000,0.3536577751379,0.3786605918952,0.3056577209241,0.8220365685305,0.5886346837410,0.4533328067632,0.6747572958667,0.7129414900800,0.5569346315885,0.4337826605341,0.5358440210198,0.3629826048223,0.3430028326375,0.3515534863709,0.3247362381496,0.1947739990510,0.1039322021070,0.4480911070092,0.7254170792397,0.8087253489809,0.2488500648914,0.1323561512960,-0.0227989278766,0.3584969883536,0.4885101766127,0.1959089415307,0.1399987457828,0.4841448812349,0.4845548726421,0.1691161490512,0.3321786186314,0.5589984295090,0.4379941150357,0.5781263296852,0.5889900021649,0.3676500118909,0.5092146134106,0.1144380653409,0.1992118720222,-0.1234427694827,0.2902088344876,0.1959944022782,-0.0796158414153,0.6082550219280,0.5308972769520,0.4240713052045,0.5624458922608,-0.1692059907471,0.0520188699022,0.3599147813436,0.5980088189095,-0.2600102064301,-0.4199612168950,-0.2633028382668,0.2028492934416,-0.0272088941263,0.4807904507209,0.1415416927260,-0.2351852697168,0.4739085056672,0.3770130971305,-0.0952859529083,0.0124812967525,0.2379001660182,-0.2043811691752,-0.2585916364654,-0.0690291508576,-0.3128356650110,0.3942058361468,-0.2887248815649,-0.5069579325028,0.2863373915292,-0.3428571804097,0.1332792821362,-0.1854507423092,-0.4892551560390,0.3225564761705,0.0903525768042,-0.3943794722038,0.0565336830830,-0.3032672500331,-0.0993590778426,0.2767595626762,-0.3499206737096,-0.0002521537228,-0.2344191699717,-0.3989422840985
0.7968556044403,0.6619309101000,0.6794671848633,0.5504759589189,0.7135270133391,0.6021213316814,0.4997677536127,0.3971920124579,0.2851694854134,0.5412890854280,0.4323290521188,0.4998743801807,0.3536577751379,1.0000000000000,0.6545730739582,0.5405047660160,0.5462339322360,0.4803800746920,0.4638037811663,0.2791564370689,0.5668747073429,0.5105837883319,0.3594385066419,0.4098642380035,-0.0134888782896,0.0180871252132,-0.0020738122780,0.3233146410273,0.3447747159051,0.4299520110383,0.5070202555808,0.2629269901307,0.3764964217149,0.1619906780023,0.4124558633670,0.3813558919000,0.2667739140674,0.0609563584290,0.2842790156811,-0.0374320823944,0.4522309027664,0.5098742908279,0.1527943406718,-0.0644443282681,0.0286040414896,0.1451481712557,0.2624083826963,0.4159647334164,0.5326540743190,0.6701418157235,0.3889119855714,0.5668392200153,0.1352792614996,0.6184579746235,0.3746216856133,0.3368737315373,0.3204254731432,0.4154059316368,0.2319201951517,0.2815624218738,-0.3113189144830,-0.2763219045780,-0.1214603262243,0.0290862470000,0.2529196708767,-0.2020998964531,-0.0061593908475,-0.0605634215388,0.1151957031160,0.2286483394878,-0.1529622938694,-0.4505438121286,0.2685075265979,0.0416570155157,0.1449270595283,-0.3000111403200,-0.2149190713906,-0.3033507528682,-0.4004000639429,-0.0095948688257,-0.5153905281915,-0.0081630252656,-0.3716387993196,-0.3554214963705,-0.0082056485384,-0.4602423361449,0.1713239099996,0.2847265950401,-0.3724359298411,-0.0004818342277,0.1795136182558,-0.5228075838395,-0.3230393200734,-0.5085899460545,-0.5665211390057,0.0903457729875,-0.1565369191353,-0.3979534314767,-0.4751143676269,-0.2189119960138
0.4394799844707,0.6865024247507,0.4837154278089,0.6665439154397,0.4504855779806,0.5843117085972,0.6070644356282,0.4032400846731,0.3174559019502,0.6464858674771,0.3781768899570,0.5070294219257,0.3786605918952,0.6545730739582,1.0000000000000,0.5462067559266,0.4126895560778,0.1812421646258,0.5663509870715,0.2504181308027,0.6091313902178,0.5405916326364,0.3399495236765,0.4680702769344,-0.1051049012346,0.2207824186470,0.1062526165322,0.5214888367567,0.5529668931913,0.3586843429003,0.5680367147018,0.3732711711031,0.3692621040966,0.4616784301721,0.3081478934444,0.4307858952986,0.2401780673725,0.1109956486241,0.4593746878088,0.3737129320710,0.5606430573074,0.5500340566475,0.4261641801976,0.1694923302845,0.2394877141016,0.3108800291222,0.4584645930023,0.3959857699718,0.4479634426143,0.7341077820347,0.0345590567357,0.3020484319136,0.2130900801671,0.3909649610094,0.2585550792075,0.3842070650011,0.1905898994184,0.2080139512625,-0.0112902519428,0.2559156724393,-0.2577772273501,-0.3599457239737,-0.2397859109782,-0.1545081007323,0.0770359658593,0.0708660752583,0.1584996906305,-0.2427774838878,0.2562476194901,0.0223942391835,-0.2785294919901,-0.5160169471411,0.1672253138825,-0.1289199164063,0.1199819359283,-0.2604630857332,-0.2564181717302,-0.3354572231155,-0.3422306770352,-0.1345687933283,-0.6088740838251,-0.2220919783528,-0.1850861545460,-0.2448219503326,-0.2579408978394,-0.3805575486565,0.0840752058017,0.1101023455469,-0.1950828176213,-0.1498304337938,0.3232821717768,-0.3140941847880,-0.3235777573528,-0.6337145690568,-0.5025747856691,-0.0922911230297,-0.3224707742109,-0.3610962243367,-0.3369029379483,-0.1359714701426
0.5519006260878,0.3895549871391,0.6464837310439,0.7793419327695,0.5669171668670,0.5839178240868,0.7018355286148,0.5227785785864,0.3989236594040,0.3528807519431,0.2960698777105,0.3558562611059,0.3056577209241,0.5405047660160,0.5462067559266,1.0000000000000,0.4955702332970,0.3913109084973,0.7397552158193,0.3925438758663,0.4983316316829,0.3701273417757,0.2451962367566,0.4048499529409,0.0860359980896,0.2670344021412,0.1038472821843,0.2447966889948,0.2598297944267,0.0462980581347,0.6368143990201,0.2891117267724,0.4446044230576,0.2511363794966,0.5854551238533,0.7310378339632,0.1241172804872,0.2880341822261,0.4349631597866,0.1392146934510,0.2860327978468,0.4078889437719,0.3869385028448,0.2114939416144,0.3196024060024,0.1675710294145,0.1880734115002,0.3027915856842,0.2509631274192,0.4099447172098,0.2481448480640,0.4371682186563,0.4113083278483,0.5578072648429,0.3587903002267,0.5532226602945,0.2975235388087,0.3316572920464,0.3184002821606,0.3961135418427,-0.2729878196732,-0.3676155838061,-0.2126357657480,0.0158121190044,0.1584755903610,-0.0436865225396,0.3829442932535,0.0987937392085,0.4674233721599,0.3394280620208,-0.0732370909175,-0.5121690887843,0.2229805316020,0.1006070876483,0.1920834459698,-0.2316433410104,-0.1703458679427,-0.2338631788173,-0.3706928946438,0.3995951059951,-0.4403905177850,0.1182420897256,-0.2133407802712,-0.1652270465235,0.0836834566777,-0.3753162837385,0.0515901510623,0.4911607753956,-0.2553531050498,0.1717700367161,0.2647895067395,-0.3765039940326,-0.1372032650103,-0.4349251356352,-0.4680831177245,-0.0090779752038,-0.2975590334369,-0.3541292454798,-0.4094392976239,-0.1298614959955
0.5371734280408,0.2028586926799,0.5175795098017,0.4500706583813,0.6400834222909,0.5584998945171,0.2874531134698,0.7181021325694,0.6041164794511,0.5291465145459,0.6756973232973,0.7150062138113,0.8220365685305,0.5462339322360,0.4126895560778,0.4955702332970,1.0000000000000,0.7583776145522,0.5929287945761,0.6552003677765,0.8187032196716,0.5172048156153,0.4106713737989,0.6035369984587,0.3217050231426,0.2041501501402,0.2814417596042,0.2998781647388,0.1261329456789,0.0972778624747,0.6330179196610,0.5348094266333,0.8043605131286,0.1374149863812,0.2785715730439,0.1500822644330,0.3511964520870,0.4064296780793,0.2280549510963,0.0265571391451,0.3869075406125,0.4434744320024,0.2086642155069,0.2227073548957,0.3618625913816,0.2662429300088,0.3563484270631,0.5259267696418,0.4117690593648,0.5504393303467,0.3551175241698,0.3965096323853,-0.0287148612137,0.5057825028518,0.3451587055239,0.0991542591000,0.5441866207968,0.5896878874246,0.4852562428243,0.5625944312417,-0.1926890975918,0.0367212656032,0.2637817974589,0.4398053665552,-0.0422823189155,-0.4522612156898,-0.1929475282653,0.3177311084793,0.0300809086676,0.5009417793568,0.2206524423541,-0.2215771001914,0.4249243223625,0.3311287065363,-0.1035303518399,0.0082465492870,0.1310422692341,-0.1384741561644,-0.2522543888862,0.1447417945803,-0.3094302842298,0.3621641926823,-0.3725649489995,-0.5830776101843,0.2198629696888,-0.3568247701194,0.1850893734863,0.0685009865036,-0.5617530748494,0.2731001109119,0.1262952879100,-0.4218380970577,0.0451112883880,-0.3184775940197,-0.2339412209918,0.2332291008915,-0.2653695992784,-0.0559323952083,-0.3327324644255,-0.3739074448994
0.4516292209187,0.0909638444028,0.4547444477981,0.2944201909990,0.5414209149462,0.4533476617431,0.1290016171897,0.7362627315866,0.6525616193839,0.3935206869031,0.6062949501340,0.5729941157636,0.5886346837410,0.4803800746920,0.1812421646258,0.3913109084973,0.7583776145522,1.0000000000000,0.4808010521213,0.6448648097386,0.5110617433773,0.3555735313014,0.3519645731653,0.4986653258434,0.4659233471804,0.0021940512835,0.1943450027041,0.0664799066068,-0.1229599387875,-0.0218326935986,0.3270940562009,0.2618660655170,0.5596597903025,-0.0500888476397,0.2501539073378,-0.0117364767739,0.2672698025038,0.3500924300618,0.0688808911587,-0.0891945128693,0.1542805016056,0.2917728944614,0.0242423318655,0.1018702828152,0.1284856546405,0.0808654785929,0.1134076667983,0.4681656357014,0.3433567964791,0.3857202945450,0.4389262268592,0.3956805481371,-0.0890163482837,0.4729289779472,0.3460851304954,0.0153889595092,0.6610967465625,0.7313701788351,0.7437011090094,0.5838130531335,-0.0293543674083,0.1713646896835,0.2457244779496,0.4796147193858,-0.0447845246604,-0.5492411055346,-0.3222832172910,0.5548954658814,-0.0827469800649,0.6607396327532,0.2420576029351,-0.0616023850483,0.5284530109240,0.5253041590890,-0.1974078255131,-0.0090792097709,0.2218974273395,-0.0887628926151,-0.2699509070446,0.2649582216980,-0.1296796544613,0.4628805260350,-0.4011738831053,-0.6043873481030,0.4487344697613,-0.2702129479931,0.2414613677022,0.0832357517518,-0.6243068477924,0.4586878351556,0.0145355944979,-0.3536329933375,0.1957416205929,-0.1498333248903,-0.1114070220476,0.3608364610043,-0.1680356403006,0.0380956156928,-0.2090669815375,-0.3786566410540
0.3967609509541,0.3570947247873,0.5165734117949,0.6631958271986,0.4864572657116,0.5196538251935,0.5786260860645,0.7157115476475,0.6012213394553,0.3728632994465,0.4055823825159,0.3764506138518,0.4533328067632,0.4638037811663,0.5663509870715,0.7397552158193,0.5929287945761,0.4808010521213,1.0000000000000,0.5598856373424,0.5852968202429,0.3125698530177,0.1358401228719,0.6501234439526,0.1316877955729,0.1073102669147,0.1801790310106,0.3136380639861,0.2304444987820,0.1121995109362,0.5712591616882,0.2728406544452,0.4973519956507,0.1744781497274,0.5063200330396,0.5632165577226,0.1968255590039,0.3575948579149,0.3383409830591,0.1228923966014,0.2214563926766,0.2410434095311,0.4356552383081,0.1938033595585,0.3735443717266,0.1744765201253,0.1851723664693,0.3634426858867,0.3578833730652,0.4853492114923,0.2635587660130,0.3852140579649,0.3345552616836,0.5040074832129,0.3931471185645,0.4338469451718,0.3588650770512,0.4154597541411,0.3464579273565,0.5691629425177,-0.1432129492665,-0.1189942358156,-0.0098547133191,0.1793782808357,0.1431139617339,-0.1103793753044,0.2765380498810,0.1909680349071,0.4846104171237,0.3874093085543,0.0552971569679,-0.2950084653923,0.3792269352311,0.1628530390313,0.0554650366557,-0.1116001552835,-0.0402578135287,-0.0919567132408,-0.2149975267203,0.2550953485922,-0.3217171215394,0.1389854920542,-0.1959742645082,-0.3035743789113,0.0637555027261,-0.2752395785546,0.1508011640917,0.4025617822891,-0.3345169918378,0.1694756345016,0.2048661151584,-0.2955057477851,-0.1421705461014,-0.3402141932584,-0.2711654243857,0.1264573088676,-0.1733032574384,-0.1605586899990,-0.2538194602885,-0.1604475341538
0.2885608982347,0.0025972048327,0.3426298391574,0.3339984611734,0.3579439981907,0.3665438899731,0.0685597929250,0.7305814790707,0.7490051698834,0.3696439818538,0.5872256851066,0.5370444884867,0.6747572958667,0.2791564370689,0.2504181308027,0.3925438758663,0.6552003677765,0.6448648097386,0.5598856373424,1.0000000000000,0.5668865046204,0.2965710544965,0.2225698590802,0.4576672618192,0.7312040971991,0.3481023220146,0.4503990536494,0.1771941867554,-0.0977658032981,-0.0720759005270,0.3265858502918,0.5952428738364,0.7489897034116,0.1315382820268,0.1101081605635,-0.0215298143549,0.2457886077804,0.8286883285081,0.1031878897010,-0.0168867069002,0.1213979925099,0.2456654156939,0.1980698424318,0.5773863943608,0.6586003791338,0.2981714022691,0.3297275743444,0.4539053272710,0.2152672026295,0.3965231668393,0.2163856328054,0.2852627077817,-0.0041301045056,0.3234959134568,0.1522790049588,-0.0810863654331,0.6108701076171,0.5837558908086,0.6751777186617,0.7470528663989,-0.1268036057436,-0.0054591318895,0.1060216053301,0.3786180628472,-0.1500318403073,-0.4147266916634,-0.1703944393147,0.3468823285656,0.0841214125392,0.8063190238935,0.0437973355162,-0.1460312955627,0.4570033257149,0.7445903939849,-0.1773061945708,0.1752151543183,0.4285117114404,-0.0688066866450,-0.3242583675493,0.1887579893327,-0.0918911940591,0.4646616855640,-0.2817837045798,-0.4972180590166,0.5831422628078,-0.2184834850138,0.0780386066544,-0.0837332791283,-0.5234940082911,0.6999767607763,-0.0229309768757,-0.4071900390035,0.3368124965279,-0.1519167344109,-0.0626201718265,0.2662010068673,-0.3146002470087,-0.0393562650263,-0.1668612040585,-0.3245489104996
0.4440640687509,0.2299288516410,0.4144177986937,0.4531102624901,0.5177690076530,0.4675057590017,0.2961098800258,0.5432640147684,0.5111164943149,0.6170926554522,0.6823867730294,0.7224144321249,0.7129414900800,0.5668747073429,0.6091313902178,0.4983316316829,0.8187032196716,0.5110617433773,0.5852968202429,0.5668865046204,1.0000000000000,0.6165241642895,0.5383203995635,0.5545489326347,0.2296722818288,0.2734332913952,0.3408674993094,0.4560114435707,0.2955056940718,0.2304186594238,0.7174134992661,0.5862186648621,0.8126783140908,0.3153350232101,0.3220491061048,0.2065985110409,0.3754761677444,0.3498701692324,0.3058677225671,0.1615966601466,0.4897261636840,0.5173101327294,0.4425997871682,0.1924585403924,0.3996329970910,0.3929028128900,0.4927599131112,0.5355092303761,0.4303004663725,0.7291036235347,0.1392942018883,0.2712486965999,-0.0797513306479,0.3398378166934,0.1358864182669,0.0232914020860,0.3199503172922,0.3349027632452,0.2476053413392,0.4578173623298,-0.3381543636519,-0.1458864367699,0.0400541660893,0.1331708868991,-0.1105187949191,-0.3405215111550,-0.1485059718111,-0.0308555712001,0.0896615306301,0.3388315393842,0.0304226713561,-0.3097690696090,0.3043898649971,0.2087485260811,-0.0184782937907,-0.0412597693437,0.0035022069031,-0.2289036778956,-0.2856544688985,-0.0385167223367,-0.4012735017687,0.1124165492122,-0.2420226872084,-0.5305947646365,0.0362866508786,-0.3333691727322,0.1278588143879,0.0271887802887,-0.4548428104372,0.1108094605918,0.1763137771583,-0.4617502197266,-0.1605980882010,-0.4689828496956,-0.3212370914062,0.1453885987945,-0.3173972724983,-0.1932112524005,-0.3365553337705,-0.2945723974061
0.3604530233048,0.3306458560835,0.3138063853943,0.3284323479665,0.3972125745919,0.4389613613077,0.2251348084929,0.3775890384128,0.3159729045393,0.7637987465772,0.5830876007815,0.7084114197022,0.5569346315885,0.5105837883319,0.5405916326364,0.3701273417757,0.5172048156153,0.3555735313014,0.3125698530177,0.2965710544965,0.6165241642895,1.0000000000000,0.6157694408719,0.4101311798158,0.0895156513403,0.3311285691007,0.2914137192060,0.4335697880340,0.5455667733783,0.3599974653402,0.5041176674135,0.5523461125554,0.5458671414350,0.4102848517771,0.2515671295056,0.1648699600563,0.4448679409573,0.2108514292039,0.3014270839014,0.3150961711522,0.6940874439359,0.5968401786564,0.2915837153549,0.1533685263787,0.2980863157750,0.5088522214297,0.6256240231996,0.4597478528484,0.5124278537013,0.5622591294561,-0.0514698348699,0.1204386889075,-0.0944896822065,0.2100142751099,0.1234285931810,0.0409992809980,0.3020090300423,0.2391011757481,0.1146184326802,0.2674085538520,-0.1338513978242,-0.1401774249374,0.0131192748856,0.0946447900825,-0.2286052483668,-0.1505708702240,-0.1136554021576,-0.1106903567409,0.0363185683797,0.1400777370682,-0.0548651280691,-0.2554120472821,0.3128087857729,0.1027143024044,0.1657453066826,-0.1833141603858,-0.0058164435359,-0.3856748545008,-0.2872664200316,-0.1417758313021,-0.4406277881985,0.0901724558094,-0.1757918649744,-0.2659379513165,-0.0014688145559,-0.3714666080311,0.2462108697279,-0.0534770030762,-0.2159203960793,0.0393717445978,0.1997473438353,-0.3292710519738,-0.1885152024874,-0.4777502960371,-0.3190134610131,0.0955981872581,-0.2866248712700,-0.1127109758424,-0.2846139880382,-0.2224089501285
0.2669871642861,0.1854384614347,0.2235754677399,0.1445536916536,0.3142992856597,0.2652035721945,0.0772563462635,0.2464548366406,0.2960814115712,0.4530388209630,0.5910176368881,0.6628487054385,0.4337826605341,0.3594385066419,0.3399495236765,0.2451962367566,0.4106713737989,0.3519645731653,0.1358401228719,0.2225698590802,0.5383203995635,0.6157694408719,1.0000000000000,0.1777242419199,0.2676399573187,0.4295301089366,0.3438895831539,0.1305901308676,0.2539012948521,0.1207763368843,0.3327491887891,0.5002490613547,0.4956397355038,0.2061111901720,0.0646729684845,-0.0664643307188,0.2864378763380,0.0902768032498,0.0892192849018,0.1863399219855,0.3532786580430,0.4549042854761,0.2437080308014,0.0945447914291,0.1218630707720,0.1743375683168,0.3416227264113,0.3148771491944,0.2894914427320,0.3884859624969,-0.0331891185996,0.0887414002748,-0.1841507288736,0.0984194648803,-0.0112575391356,-0.1984130628108,0.2244908757282,0.1580049470212,0.2156776605823,0.1379118677149,-0.2051335317201,-0.0931445333873,0.0176815512860,0.0884655853770,-0.1504465721259,-0.1914999835856,-0.3792514552557,-0.0758175932245,-0.1980125194164,0.1631891317518,0.0000753135570,-0.1337291785387,0.2464468768626,0.2180435555417,0.0262631949529,-0.1698738153353,0.0532132132434,-0.4059434210783,-0.2474084551505,-0.1475225882852,-0.2861440481383,0.0968456580362,-0.1296259155118,-0.3246475304558,0.0469151615399,-0.3710407898949,0.1170328747183,-0.2110131803345,-0.2520769209089,0.0501856980882,0.0155969781774,-0.3099560267459,-0.0944923667107,-0.4765696699665,-0.3356101577483,-0.0046323919043,-0.1466717578323,-0.1823108993106,-0.2661067397661,-0.1650415177589
0.3528630327946,0.2066306382074,0.4394383190642,0.4048529402591,0.5117306953211,0.6299945315544,0.5144316175093,0.6513357378961,0.6662025976271,0.5339601504105,0.5986116613473,0.5054891986846,0.5358440210198,0.4098642380035,0.4680702769344,0.4048499529409,0.6035369984587,0.4986653258434,0.6501234439526,0.4576672618192,0.5545489326347,0.4101311798158,0.1777242419199,1.0000000000000,0.1433510429323,0.0121004342456,0.3168337469038,0.2981225078530,0.1179635586603,0.0263785070070,0.6010404882100,0.2445030670814,0.4475596292406,0.0368616852601,0.4108354526490,0.4177261542776,0.5779708176627,0.2265878700134,0.4689945212793,0.0004373530359,0.2256574658786,0.3123970904534,0.1676610308256,0.0076676447601,0.2955224209750,0.2137867667798,0.1885557627392,0.5160097789221,0.5017878602464,0.5561298083717,0.3305994597560,0.3111455501459,0.2196695467118,0.5270747410677,0.6243733275585,0.2870923341086,0.4051363970759,0.4159471680520,0.3123326976653,0.5794139217182,0.1079663306125,0.2142054951341,0.2453388382258,0.3823406618895,0.1414548482502,-0.0333267034419,-0.0156024052159,0.2759457650781,0.2937482943851,0.2801321991876,0.1937097944116,-0.0770916690474,0.7367213408587,0.1698936528162,0.0466688752388,-0.0291772646302,0.0880197240545,-0.0887552594862,-0.1325276671526,0.2482245930162,-0.2640847268200,0.1467895675161,-0.2058415697070,-0.3698664658821,0.0103640726445,-0.2725260550031,0.5531004160785,0.3357213053807,-0.1758992495990,0.0480069846522,0.3844806373739,-0.3094516356781,-0.2617192418658,-0.1694206168596,-0.1890660716735,0.3919473587364,-0.1035642988170,-0.0818946114067,-0.0239247375931,0.0616734559593
