1.0000000000000,0.0780880463815,0.4759123970538,0.3246937354727,0.5565629109235,0.4171590805401,0.3448424266763,0.0152250864703,0.0140355109875,0.0345340331837,0.2861164562811,0.1620430126579,0.0663972218963,0.4866932598166,0.1290002518101,0.3490360801422,0.1588024448568,0.2080636173560,0.1224041042584,0.0381531644491,0.2884850819211,-0.1177598433497,0.1332076583165,0.2424964583120,-0.1469981261130,-0.0062264304319,0.1240769779189,0.1233157118038,-0.0510782750013,-0.1696627301076,-0.0668279464740,0.0275023897140,0.0772950608243,0.0517496089374,0.4013238977009,0.2654374768535,0.1051506696296,-0.0086478525186,0.1289147939710,0.0043756934498,-0.1019966868301,-0.0440837779000,0.0021964971767,-0.2106433637990,-0.0307442107709,0.0154229066342,-0.0574527615539,0.3604391754605,0.2499813233101,-0.0741959920997,0.7356677602956,0.3976227012615,0.4241579110475,0.5359200845502,0.4410068605327,0.3399145522578,0.1281568664364,0.0107564539008,-0.0239864682216,0.0607591209396,-0.0085642761848,0.1973510919332,0.1794798363532,-0.0190889847839,0.1806629499873,-0.2591168263658,0.2720202108129,0.0181403749745,0.2322986993518,0.0661260974283,0.1332420009608,0.0790219856862,0.0989600009535,0.0330379343714,0.1034322423681,-0.0402557621003,0.0203601163071,0.0270442486942,-0.1246902650803,0.1048855981036,0.0944690564466,0.0456506589097,-0.3027904704776,0.0480584875585,-0.0189321588662,0.0395836461031,0.0923912236621,0.3602433222846,-0.2200908728967,-0.0853126100028,0.0450580242381,-0.0677281554658,-0.2718744570646,0.0206218466008,-0.0934127792052,0.3225646930046,-0.0258702274634,-0.0987668402220,0.2626751616837,-0.1477447279469
0.0780880463815,1.0000000000000,0.1459782373855,0.2123975218094,0.1021185995021,0.0677904423338,0.0963393317404,-0.1025995283102,-0.2893462281569,0.0682386425446,-0.1566308455904,-0.0829175504524,-0.0464877689461,0.4863722260909,0.6099081927604,-0.3053575926531,-0.1396133930412,-0.0884934181937,-0.4799825211452,-0.2122835689695,-0.1926496937036,0.1307624888241,-0.1512508284315,-0.1052575436294,-0.0265718709576,0.1116334750646,-0.3104732687591,0.3152443913180,0.6506427715158,0.5950640257899,-0.1668925113568,0.0809766574791,-0.1777371499723,-0.0543332067970,-0.1537807300328,-0.4388225776295,-0.1165842243335,-0.1775467956824,-0.0084401024907,0.0354048428499,0.4597038098114,0.0273557654585,-0.4093638459122,0.0748705566310,0.1013809208455,-0.0862779628623,0.0191393050263,-0.1114092305945,0.3263245746684,0.0108876045399,0.2589481586162,0.7368912405051,0.2591671306926,0.0354212292499,0.1963638098045,0.1276456558275,0.0734060398491,-0.0948687261288,-0.1147916429702,-0.1969821261426,-0.0299260235036,-0.2649328392904,-0.2304884786817,-0.2270285085203,0.7752813409587,-0.0340744638422,-0.3996852873480,-0.2625471510090,-0.3684259608771,-0.1678605041665,-0.3102398228785,-0.0781545605900,-0.2277807806015,-0.0561692162110,-0.4155421424213,0.6120174164439,-0.4024353986270,0.3470907909788,0.7751504064033,-0.1922710205666,0.0402120683944,-0.2228862041967,0.6056153513131,-0.4894320911371,0.5009198686202,-0.0246201788807,-0.1886170496921,-0.0501069827399,-0.3912180428954,-0.0569610353658,-0.0606835145421,0.0062941316252,0.2309477815455,0.1240951406842,0.0378972130467,-0.2198126336700,0.5542588209494,0.3498847435884,-0.2605466672896,-0.0289389674662
0.4759123970538,0.1459782373855,1.0000000000000,0.7480268033914,0.7869096991490,0.8046189881972,0.7407622290423,0.3620256706287,0.2575063965790,0.2238897747257,0.1851013087695,0.3368862331788,0.3201057585409,0.0591942143920,0.2517092712153,0.3308336962203,0.2113133377756,0.3530144123917,0.0235889468375,0.4027632479641,0.1483612514035,0.2811657508216,0.3762099929929,0.4616204051648,0.1069245407024,0.3930556611348,0.4439372214314,0.0851497322779,0.1207368770168,0.0895008528566,0.2564627329104,0.4563767823962,0.3371215244690,0.3791988049789,0.3046483136776,0.1994847541777,0.3244574224866,0.3413553478610,0.1949117627840,0.2117246088952,0.1861087702085,0.2851111818503,-0.1199786376055,0.2143523479789,0.3275382164230,0.3698733986102,0.3333584044716,0.2967968913625,0.3421611275403,0.0949615392179,0.7200634298060,0.6268231024617,0.6883326677854,0.8687008366438,0.7099528478853,0.6615622935883,0.2638022985696,0.0969721023433,0.3719807641574,0.3013050105935,0.2000017026268,0.1135659242112,0.2705735720369,0.1506419010702,0.2071256143407,-0.1961456017384,0.0851626482853,0.2218563538713,0.0627443618170,0.4112353796726,-0.0576947638879,0.2339185956122,0.3355333135358,0.1737388397384,-0.1669522490076,-0.1509806940948,0.3016378420194,0.0106656521676,-0.0777738142029,0.2943932113641,0.3297933218053,0.1924805735621,-0.0499475402834,-0.3015029827732,-0.0239917671629,0.3864786543444,0.3115854592292,0.4239613991567,-0.4029406842126,0.0167508265454,0.1241034663818,0.0663414853044,0.1374565725031,0.4963587378144,0.1898800880509,0.3760412141314,0.2450460427950,0.1163702677139,0.1997847238043,-0.2657062647095
0.3246937354727,0.2123975218094,0.7480268033914,1.0000000000000,0.7680369905293,0.7357892071788,0.8392593322633,0.4158795818340,0.2675285093239,0.2839962573684,0.2048471174163,0.3924858434315,0.3887835583358,0.1430334236482,0.4932358519185,0.4774030225991,0.3304604732702,0.4792287673848,0.0639982110437,0.4815502044297,0.2653612430377,0.3686549203115,0.4221625554672,0.6055478107765,0.1809774415853,0.4878720438899,0.4318496245446,0.2084393929579,0.1060516815263,0.1018008167007,0.3874875360405,0.5837164781202,0.4813330870358,0.5214618875300,0.3810009330519,0.1888258029766,0.3796625618872,0.4202470285203,0.2048186422726,0.2684287100419,0.2596733007922,0.3942150752466,-0.0501577074596,0.3270493925339,0.4230636552028,0.4890918752420,0.4762758662287,0.2895277552580,0.4925971370359,0.2197528527334,0.6594295966675,0.4804057521414,0.9033222525373,0.7892737946205,0.7057520851482,0.8608816857082,0.2864919981944,0.0298728419044,0.4201741733741,0.2616769468113,0.1901570175911,0.1545249391849,0.2470254852454,0.2350270417174,0.2000496394883,-0.0947801855354,0.2442405549195,0.3292234187699,0.1285359146309,0.4470000842322,0.0108076917818,0.3107702330628,0.3891048948237,0.1596496011014,-0.1884411361819,-0.1046102860072,0.4009311962565,0.1219167098781,-0.0793487440703,0.4701806296488,0.5130677673598,0.4098970418362,-0.0778103248511,-0.2327710433641,0.1081410189701,0.5422840726311,0.2957738829897,0.5270552099843,-0.4032019908644,0.0783404269808,0.1073496812807,0.2062042966913,0.2420233987979,0.5760533779328,0.3521696507035,0.3285217521067,0.2569541346158,0.1185212590979,0.1622135837441,-0.1083647721097
0.5565629109235,0.1021185995021,0.7869096991490,0.7680369905293,1.0000000000000,0.7848015239606,0.6855054636692,0.3230443163234,0.1593649993170,0.3072085490490,0.3279304944236,0.4463545045085,0.4117317305488,0.1918597738918,0.3860853024126,0.3442642457972,0.2781495293724,0.4918976618460,-0.0093656949108,0.3888968465412,0.2394996932365,0.3771208365239,0.4499341471526,0.5601529641826,0.0425874375216,0.3571600995625,0.4226708900957,0.1614785280737,0.1936251611570,-0.0150225026325,0.3201279781261,0.4588880620577,0.4128132099671,0.4256720894375,0.3015501200733,0.1094202460387,0.3850891755898,0.3624597151667,0.1894019210154,0.2188514927019,0.3051270031795,0.3837992796305,-0.1204262750800,0.1778631322066,0.2325540446667,0.4284273876369,0.3654190030387,0.3811287882949,0.4990068880872,0.1833062812642,0.7623852060337,0.4446729829451,0.6845084153287,0.8117991729299,0.7263501652139,0.6745461625793,0.1898389936008,0.0187489354306,0.3919390704115,0.2257561643778,0.2600245025715,0.2766518981586,0.3119177669872,0.2701348846709,0.1646518568829,-0.1435524414443,0.1323794370830,0.2899462038176,0.0814983344196,0.3464665365461,0.0250716469207,0.3463890665641,0.3867328401175,0.0749966830593,-0.1867676263188,-0.1697768894106,0.3559839150969,0.0803076193074,-0.0201538867790,0.4395329862425,0.3950958054853,0.2690234516748,-0.0830578698892,-0.2672237851706,-0.0670066951021,0.4400359417052,0.3509271543531,0.4492881135533,-0.3789652631639,0.0052350510356,0.1311873620661,0.1750668818621,0.0954771447919,0.5103234725722,0.2626380271164,0.3707712829745,0.2617443042874,0.1454648111161,0.2098952267071,-0.1520994004172
0.4171590805401,0.0677904423338,0.8046189881972,0.7357892071788,0.7848015239606,1.0000000000000,0.8374361684259,0.2367271299226,0.1113944178025,0.2537624708470,0.2228202942604,0.3335855697760,0.3411838436589,-0.0049713841224,0.3345781666083,0.3653998179502,0.2227032426053,0.3537876106013,0.0050516439143,0.3124286795158,0.1430194931616,0.3498639441769,0.3971405670716,0.5115079436766,0.0254323831801,0.3184095024635,0.3997203282723,0.1492230105044,0.1313789368275,-0.0283687150681,0.2835315167734,0.3978188918387,0.3773642403639,0.3950555765490,0.3743468515242,0.2131572663511,0.3942469568889,0.3171854590426,0.3180370798198,0.2791400852492,0.2220077668393,0.2543711914789,-0.0156216768820,0.2100685369612,0.2934722620817,0.4109843980526,0.3614629598969,0.4924536646295,0.4422426156732,0.1527002574459,0.6690068865760,0.4118001020942,0.6946321679396,0.9184762569934,0.8884979178196,0.7434192209900,0.2740267498057,0.0473833691820,0.2893868008489,0.1589433354695,0.2074905628528,0.1395880075626,0.1740849980009,0.2139074585033,0.0980899820061,-0.0176743314402,0.1882431285731,0.2125880465703,0.0572880702375,0.3339853441215,-0.1036803656017,0.2271753518809,0.3199886218917,0.1169509580224,-0.2372482911275,-0.1662259120887,0.3271149687871,0.1029331676429,-0.0881696874276,0.3599947664958,0.3090212355076,0.2694583635765,-0.0461526717254,-0.1365820282499,-0.0086733439425,0.3861316723578,0.3654544678748,0.5136764429832,-0.2547412856702,0.1052852591096,0.2861896611026,0.2231641270200,0.1560374026905,0.5336856106716,0.2199557965834,0.4716720131699,0.2682549505043,0.1667926228462,0.1014229297784,-0.1587717039617
0.3448424266763,0.0963393317404,0.7407622290423,0.8392593322633,0.6855054636692,0.8374361684259,1.0000000000000,0.2852339914509,0.1714815840052,0.1968801208911,0.1738188387841,0.3291415554110,0.3462479853486,-0.0307355587777,0.3520347603045,0.4872200777676,0.2288779190200,0.3495078012873,0.0598640414420,0.3528472482046,0.1668627692627,0.2609133203398,0.3549520003085,0.5142514907552,0.0698383152323,0.3815796386674,0.3780809585378,0.2435652739036,0.0373051878720,0.0214195428038,0.4039455364896,0.4661854849315,0.3826251535948,0.5234662951101,0.5574290469731,0.3096780134730,0.4941666155259,0.3918593240533,0.4709276725738,0.3945696410854,0.1861406860425,0.3256322422334,0.1441418150315,0.3281710129916,0.4106072483152,0.4450244225964,0.4878088419417,0.4648611556984,0.4630610584728,0.2359256217517,0.6511539604161,0.3930561067934,0.7837039471381,0.8333101400539,0.8144592526377,0.8921891072990,0.2755218190139,0.0197937270015,0.3255413182058,0.1737071353721,0.1106248111106,0.1050224998301,0.1930582156474,0.2556376190790,0.0744784233881,0.0941692072821,0.3353467662623,0.2407265683175,0.1410474091039,0.3549813687571,-0.0942464483848,0.1999381320092,0.2979818975113,0.0855676978307,-0.1775806630672,-0.1602256333231,0.3654272935327,0.1819288257914,-0.1313643784224,0.3888169834769,0.3742895981768,0.3184777593023,-0.0598040922014,-0.0255640230968,0.0510203600835,0.4877260175959,0.4319282417118,0.7087835427504,-0.2002444793351,0.1722061177902,0.3805944021859,0.3351390088831,0.2418001097389,0.5530791576992,0.3673024622345,0.4872686969995,0.2146964274015,0.0285221007425,0.1087506225897,-0.0796798391584
0.0152250864703,-0.1025995283102,0.3620256706287,0.4158795818340,0.3230443163234,0.2367271299226,0.2852339914509,1.0000000000000,0.7201037603656,0.3393662339274,0.3540071038058,0.4856339264713,0.5089632724488,-0.1425815292767,0.0212311200342,0.3574392120808,0.4924511384254,0.5876125678980,0.5484441167838,0.8348230250633,0.2813192574239,0.3391172863012,0.4075623353268,0.5230344342206,0.4758875085472,0.4982174195528,0.5816429155021,0.1208193779389,-0.0285574871453,-0.0391707522326,0.2725782273874,0.4772984048043,0.4947606149595,0.3708336956886,0.0771353234240,0.1788471345543,0.3013042226933,0.4966324697632,-0.0334124828903,0.2236650111310,0.1432410998725,0.2712866621805,-0.0610659968685,0.3236803976691,0.3980987645733,0.3799315412175,0.2701501324529,0.1373599948908,0.0627485207212,-0.0134004080729,0.0867679505149,0.1397598519787,0.2830826384679,0.3040033397436,0.0955291225401,0.2863792635933,0.4409070972228,0.6196646076527,0.7424784700879,0.6941728847694,0.2859301054599,0.3578856617580,0.4682018408100,0.3132378513860,-0.1711552319536,-0.3168800894761,0.1582041190496,0.5519607224342,0.4180645547456,0.7103864827099,0.2001052154710,0.3733872456105,0.5357132688473,0.5035997604547,0.0870734550457,-0.1381181496396,0.4692634706677,0.0483370752384,-0.1353065706956,0.3480578402095,0.3050197906122,0.4175538175050,-0.1833227477057,-0.2213709063710,0.0257307832866,0.3295238390088,0.2999120324496,0.1584944292122,-0.3718013908048,0.1225607455496,-0.0475907745418,0.1196952720219,0.1813286094957,0.2671427971772,0.1007722712882,0.1975686788591,-0.0260816682537,0.0816683270396,0.2285918481057,-0.2671565316232
0.0140355109875,-0.2893462281569,0.2575063965790,0.2675285093239,0.1593649993170,0.1113944178025,0.1714815840052,0.7201037603656,1.0000000000000,0.2663220572115,0.4173741505345,0.4623335395992,0.4520280024224,-0.1599596947204,-0.1307858437174,0.4013195640639,0.4302847765262,0.4852583776787,0.7126810180254,0.7980737701485,0.3455040778847,0.2539343059821,0.4503992955773,0.4524835774721,0.6226433066369,0.5049587406425,0.6154192960908,0.0927584576249,-0.1357013231990,-0.0402367651400,0.1860314957554,0.4577112199079,0.4089118925226,0.3768015642333,0.1164827641757,0.3940792131014,0.3148646100975,0.4641555093846,0.0040248231790,0.2662416679770,0.0288098059831,0.2617943579051,0.1186350828902,0.4230943412345,0.4051877523868,0.3888369502797,0.3028622429987,0.1790379524225,0.0024906246569,0.0210561677699,-0.0411798901924,-0.0432914381384,0.1347863665188,0.1592110815521,-0.0928779303331,0.1305094367234,0.2986285809333,0.4487761970720,0.5732666370055,0.8451609237387,0.2795937036651,0.4078726727970,0.4592347136705,0.3194777888721,-0.2779140033030,-0.2802867712806,0.2676059979158,0.4493101173679,0.5671508019962,0.7061923386230,0.2631535954842,0.3881311118975,0.5960491498698,0.6514763823418,0.2334843147152,-0.2191902758789,0.5699743598437,0.0397441131047,-0.2796838824498,0.2733606645844,0.3060868164589,0.4395515170711,-0.2449038023958,-0.0496612659805,-0.0607734072472,0.3699132103565,0.3253343878849,0.1414338347750,-0.2106828962313,0.2155032564213,-0.0200772005994,0.1767289751040,0.2538178148351,0.2345694689799,0.1424645374828,0.2807644294243,-0.0827681448404,0.0275530997685,0.3078321293625,-0.2724665115295
0.0345340331837,0.0682386425446,0.2238897747257,0.2839962573684,0.3072085490490,0.2537624708470,0.1968801208911,0.3393662339274,0.2663220572115,1.0000000000000,0.5037370440813,0.6773905516365,0.5703736088929,0.0501142298953,0.3298196827277,0.0382771679103,0.5284327980056,0.3625772839244,0.1035777080875,0.3602364636898,0.4539739523084,0.8199960156724,0.4902348986406,0.5281937387878,0.2323545035182,0.3391131495577,0.4644488919507,0.1918381621575,0.2064424362043,-0.0032766596207,0.1843692139133,0.3210339504950,0.4180060252982,0.3359120746969,-0.0949120054936,0.0044263451801,0.3866739232585,0.1311474424700,-0.1943979228965,0.2238181237450,0.4332957398135,0.4218677995841,-0.1566916532854,0.1920051332158,0.0195843560476,0.4531848608739,0.2164187362141,-0.0332853043271,0.0415967777866,0.2953366257243,0.0646845289767,0.0783595516368,0.1615541100131,0.1819262637764,0.2134733700693,0.1700011589026,0.2489867489753,0.1409693496424,0.3481633289632,0.3847329132159,0.7748252148045,0.4788422057500,0.5158017708117,0.4244790264590,0.0276529401771,-0.1737892137824,-0.0640733680504,0.3929228131371,0.1625374396366,0.3450561871777,0.3105775086118,0.7223423429877,0.5742056682091,0.3612517190707,-0.0118934697816,-0.0437869552044,0.3433645962419,0.1129565659438,0.0268097741415,0.3494611790433,0.3871374961604,0.3549393951120,-0.0698550555557,-0.2751464749849,-0.1207508280484,0.4190238961784,0.3897826178300,0.0369931615064,-0.2232360686504,-0.0251632175385,-0.1108629985264,0.1505590921073,0.1283309486601,0.4657614840961,0.1787773119137,-0.0848163646952,-0.0040906974870,0.4367501709813,0.4979620269136,0.1874195048267
0.2861164562811,-0.1566308455904,0.1851013087695,0.2048471174163,0.3279304944236,0.2228202942604,0.1738188387841,0.3540071038058,0.4173741505345,0.5037370440813,1.0000000000000,0.8105800635015,0.6319415858647,0.0872127515161,0.1504004363367,0.2963949036816,0.6037209327694,0.6329686236097,0.3095574274064,0.4483413408075,0.5980092264968,0.4451934782870,0.7520264995997,0.6278437651231,0.1192701582894,0.2864546087375,0.5877325804513,0.2220149670539,0.0758334324838,-0.2221597615111,0.1094215814116,0.3551953900903,0.4546014766994,0.3510932678185,0.1507678770275,0.1601986389258,0.4256472936203,0.2645660541952,0.1436870666111,0.3787035765015,0.2367972813474,0.3221222287838,0.1283412306692,0.1138794303584,0.0383822849393,0.4444599899940,0.2868757427265,0.3981280477434,0.2069744455456,0.1090561762387,0.1624610423000,0.0061163408791,0.1546867121536,0.1678526372347,0.1022088355356,0.1525366389191,0.2018326432466,0.2291364566350,0.3862810470636,0.4128582206032,0.3807146714213,0.8572034645872,0.7075756115021,0.5013056792590,-0.2214704604592,-0.1230923969093,0.1589407244710,0.5034083407925,0.2660497710835,0.3454559895974,0.4739002784420,0.6843483003070,0.6553301707368,0.2824342548661,0.0770000568460,-0.1564095205456,0.4848930470780,0.1539858801734,-0.0342471936130,0.4133463398280,0.3650485718506,0.4229510297872,-0.2701245256498,0.0107465616567,-0.2189716609432,0.3135435691738,0.4447516950294,0.2322787158826,-0.0592536379229,-0.0024845251597,0.1833296335703,0.3059762522699,-0.0730201623507,0.3036035758827,0.2224113605147,0.3678757438849,-0.0786982031804,0.0150619543880,0.4088479100497,-0.0125504731173
0.1620430126579,-0.0829175504524,0.3368862331788,0.3924858434315,0.4463545045085,0.3335855697760,0.3291415554110,0.4856339264713,0.4623335395992,0.6773905516365,0.8105800635015,1.0000000000000,0.7981552042366,0.0061422504061,0.2283495536050,0.2569907164218,0.6590271076108,0.6683118732170,0.2320300639149,0.5650417449943,0.5646835478948,0.6702739704128,0.8227060611799,0.6672953662816,0.2225940029290,0.4708487516861,0.6830517607051,0.1865165662951,0.1008269462392,-0.0730547215428,0.2504305612569,0.5698096155281,0.6042167937057,0.4670221234931,0.1051235234141,0.0698184470284,0.4852803862546,0.3814242711730,0.0721550303408,0.4133432645460,0.3663951912020,0.5036640066626,-0.0021937485477,0.2687176471724,0.1459787713493,0.6549842175973,0.4203070974401,0.2901405488905,0.2229838785628,0.1766001901594,0.1845386484739,0.0568612504908,0.2654187582237,0.3008477052607,0.1963109202283,0.2892076463503,0.2782130202133,0.2169744700336,0.5116758268408,0.4609966610111,0.4954562343693,0.7454415586393,0.8291357019588,0.6272548239100,-0.1609610009011,-0.1196635578105,0.1068364193310,0.6112825816277,0.2002074165061,0.4459092954258,0.4430627607976,0.8015994519035,0.6910437335175,0.3281210581195,0.0001449134360,-0.1934612241692,0.6153859098596,0.1112202283262,-0.0307931486271,0.5062860864750,0.5520177503197,0.5479724352503,-0.1611796743892,-0.1469450473145,-0.1923835648395,0.5144929519263,0.4900696508849,0.2761062811249,-0.1503457534780,-0.0201193211880,0.1270302644016,0.3264755168293,0.1155682795298,0.5487169294251,0.3647974658711,0.3157625172405,0.0359501709196,0.1115782340236,0.4248195976139,0.0250810032514
0.0663972218963,-0.0464877689461,0.3201057585409,0.3887835583358,0.4117317305488,0.3411838436589,0.3462479853486,0.5089632724488,0.4520280024224,0.5703736088929,0.6319415858647,0.7981552042366,1.0000000000000,-0.0800267712137,0.1302092863562,0.2318078515521,0.5225017788420,0.5919380606275,0.1968739104080,0.5301408200793,0.4009588302661,0.5622182292252,0.6321714518730,0.6407435522400,0.2387562627954,0.4321770871261,0.5811504552626,0.2642937653711,0.1646802171937,-0.0248894077519,0.2995778874985,0.5440388401945,0.5531743701528,0.4766696262918,0.1107718321240,0.0343586581884,0.4725116716723,0.3852848496822,0.1090426309315,0.4308583838376,0.3690457823258,0.4696246171487,0.0153678167449,0.3212806594067,0.1977238419448,0.4941622201241,0.4169495082145,0.3004631211889,0.2393797231920,0.1679711860106,0.1774776674868,0.0840142099076,0.2296499639581,0.3236728964378,0.2304406673062,0.3393870429427,0.3303171953875,0.1556348332965,0.4871253289428,0.4026580759689,0.4263316746646,0.5825500219078,0.6968413270738,0.8037662218022,-0.2069260899775,-0.1173512709102,0.1068827880977,0.4882031771137,0.1651374664289,0.3975900829882,0.2708414405094,0.6218114977147,0.5765178222781,0.2781946366222,-0.0452157332964,-0.1970799700664,0.5575123472980,0.1890144614958,-0.0254975539315,0.4337219280840,0.4962102243520,0.4867501099876,-0.1421349716492,-0.1110515923769,-0.1351643529744,0.4965367307825,0.4974848191451,0.3349541534179,-0.1613394957273,0.0752056207408,0.1456384272470,0.3822020912415,0.2151887092907,0.4646759102347,0.3400483715507,0.3141381678373,0.0781283865259,0.1086370459315,0.3279596367019,-0.0186844717180
0.4866932598166,0.4863722260909,0.0591942143920,0.1430334236482,0.1918597738918,-0.0049713841224,-0.0307355587777,-0.1425815292767,-0.1599596947204,0.0501142298953,0.0872127515161,0.0061422504061,-0.0800267712137,1.0000000000000,0.4841577824626,0.2040518924552,0.1791323067279,0.1401690824313,-0.0600146072433,-0.1679077913155,0.2621273738180,-0.0579253573165,-0.0424799461767,0.0158767892479,-0.1022784908811,0.0705877375815,-0.1883373246314,0.2796887974341,0.3649913424131,0.3987140886860,-0.0477848381396,0.1160344441457,0.0477152123701,-0.0601478062041,0.1979874206208,0.0255953858644,-0.2152325691409,-0.2016973054129,-0.0943203849281,-0.0680484842879,0.1321243988664,-0.0427971087128,-0.1751482003238,-0.1777619313410,0.0073804203188,-0.1286851845008,-0.0391492572889,0.0144475536524,0.3973279653527,-0.0881724111757,0.3739908770912,0.3961162728579,0.2041759117387,0.0286621392571,0.0595534199128,-0.0291543764765,-0.0167244875658,-0.0954116825994,-0.1759093543103,-0.1075407117532,-0.0694387297621,0.0167927834167,-0.0288485082828,-0.2373142259805,0.6466774868286,-0.2429142124650,0.0873238350059,-0.0562509331444,0.0868135483756,-0.0945595804646,0.0852706922400,-0.0157177909371,-0.1404183185244,-0.0359557360027,0.0363975175334,0.3368396113225,-0.2675972925218,0.2098749491440,0.3767949419416,0.0461199469336,0.1203362578810,-0.0424181008190,0.1520035744010,-0.1227498037815,0.3197283094380,-0.0443779707324,-0.2458203092415,0.0665380363423,-0.3093079843025,-0.0884371985982,-0.1763156498335,-0.1629677776439,-0.1199996385400,-0.0387902842454,-0.0940699690962,-0.0930657644671,0.3118825180014,0.0622440604273,0.1011020514135,-0.0619444412056
0.1290002518101,0.6099081927604,0.2517092712153,0.4932358519185,0.3860853024126,0.3345781666083,0.3520347603045,0.0212311200342,-0.1307858437174,0.3298196827277,0.1504004363367,0.2283495536050,0.1302092863562,0.4841577824626,1.0000000000000,0.0844280024500,0.2803126926206,0.2412539524144,-0.2980928322199,0.0282406806326,0.2234214478059,0.4088235512193,0.1990915767274,0.2930551523708,0.0232560864442,0.2844799505827,0.0033188818994,0.2515167872860,0.5085066566870,0.3136092161345,0.0889996503435,0.3262757038162,0.2059861600441,0.1268865390774,0.1174262036834,-0.1124354199720,0.1599532013444,0.0311683230586,0.1390917973398,0.1394776585355,0.4686652698923,0.2096537370620,-0.1851833093079,0.1623024012888,0.1795912867685,0.2165000917055,0.2405893842595,0.1151896974580,0.4519549741538,0.3043044889857,0.3300606319483,0.4631972733070,0.5165076708252,0.2457226307555,0.4032011148583,0.3234478758203,0.1407569708770,-0.0591732302650,0.0995765725495,-0.0032078147532,0.1846391271210,0.0786961261542,0.0050196939291,-0.0593866331920,0.5935970387212,0.0520703789529,-0.1209240792414,0.1385194284675,-0.1485776856821,0.0938238058354,-0.0117149915194,0.1944069443564,0.1345199010349,0.0886594597386,-0.3121540528206,0.3430063613563,-0.1195572915778,0.2605806508591,0.4448630099204,0.2198940848509,0.2470168268844,0.1156006430124,0.2353919925561,-0.3442281176865,0.3055911993055,0.1416050759367,0.0854157951503,0.1905794421642,-0.3223964419666,-0.0236645544207,0.1007039878825,0.0708138518192,0.2486166157218,0.3217406523190,0.2360064629457,0.0263016141984,0.3432050689958,0.3058621315043,-0.0260911971419,0.1142022229472
0.3490360801422,-0.3053575926531,0.3308336962203,0.4774030225991,0.3442642457972,0.3653998179502,0.4872200777676,0.3574392120808,0.4013195640639,0.0382771679103,0.2963949036816,0.2569907164218,0.2318078515521,0.2040518924552,0.0844280024500,1.0000000000000,0.5441353181670,0.5493437697583,0.6105737303491,0.4495867679792,0.5590314389989,-0.0386321047957,0.3383378821850,0.4819907973711,0.1198532330576,0.3857108597298,0.4093727497815,0.1759309643678,-0.2515204842231,-0.2237175328045,0.4612208668449,0.4363351961206,0.5595677133641,0.2803141343531,0.7636030494111,0.7688823525810,0.1368606356922,0.2829907538699,0.1384550571151,0.0973932652265,-0.2572892761466,0.0636339600954,0.2955430264695,0.0007070482950,0.3852790725261,0.2065931904646,0.2150861069759,0.3127271750955,0.2115813498967,0.0031651759220,0.3155645193047,-0.0015359447763,0.4608673752454,0.4345640032907,0.2459185321874,0.3854954821923,0.2616448423524,0.1863993812438,0.2989073215657,0.3555834290171,0.0062264593259,0.2608554721630,0.2926235674310,0.1810820490053,-0.1358211155157,-0.1849439416418,0.8020511938745,0.4322725645444,0.6695918851596,0.4860888412765,0.3161856550728,0.1737861651379,0.3276500612608,0.2446187087574,0.4331152876220,-0.2312502308496,0.3621690734651,0.0934559325095,-0.3906870838876,0.5792415010758,0.4462205250741,0.4539756668266,-0.4508526969071,0.3772346728524,0.0444396997186,0.2634884964360,0.1447856516534,0.5614347939357,-0.0824126780331,0.1914683838780,0.0434411343829,-0.0373934987160,-0.1443149272911,0.1036917739750,0.0388550201551,0.3940370659904,-0.1376426916154,-0.2290202115703,0.2803812125932,-0.1627225462984
0.1588024448568,-0.1396133930412,0.2113133377756,0.3304604732702,0.2781495293724,0.2227032426053,0.2288779190200,0.4924511384254,0.4302847765262,0.5284327980056,0.6037209327694,0.6590271076108,0.5225017788420,0.1791323067279,0.2803126926206,0.5441353181670,1.0000000000000,0.7052813920258,0.4825807405552,0.5334015793138,0.8165131191385,0.4529320860492,0.6366908226184,0.6587007089060,0.1951329603464,0.3941248485640,0.5488298304158,0.1737964003467,-0.0192104985626,-0.2177223053920,0.2114911374233,0.4655733383546,0.7179182411973,0.2314608010159,0.1915377708621,0.3823079853938,0.1975900721104,0.1945699517776,-0.1376357500205,0.1472411118933,0.0240417471257,0.1129662209969,-0.0582827809237,0.0059770562598,0.1263029149192,0.3601701536436,0.1444894850314,0.0792645953447,0.1194469461289,-0.0909701629713,0.1070452482514,-0.0123919856023,0.3023105696201,0.2170788013605,0.0947975623317,0.1737047512152,0.4128455421039,0.4313481796750,0.5282066022355,0.4867922388029,0.4429203565761,0.6075586153988,0.6455815036631,0.4698737436028,-0.0783097655233,-0.3322787162625,0.3504133055335,0.8279225827848,0.5115505277656,0.5928099534237,0.7139678112972,0.6789917569728,0.6429428505137,0.4508563746847,0.2891989325076,-0.0876960648447,0.3927275728941,0.0852986838582,-0.1322515131994,0.6391807136729,0.4917174710064,0.6941772850369,-0.3722091447676,-0.0286562846566,-0.0230632960921,0.2391260836493,0.2445546242961,0.1666150523584,-0.1616271586640,-0.0604453567356,-0.1328407663785,-0.0406823063474,-0.1103292517316,0.2312322093573,0.0847480966298,0.1291314808817,-0.1157434315986,0.0129288813055,0.3308127128488,-0.0150300079980
0.2080636173560,-0.0884934181937,0.3530144123917,0.4792287673848,0.4918976618460,0.3537876106013,0.3495078012873,0.5876125678980,0.4852583776787,0.3625772839244,0.6329686236097,0.6683118732170,0.5919380606275,0.1401690824313,0.2412539524144,0.5493437697583,0.7052813920258,1.0000000000000,0.3377544339793,0.6477936744456,0.5447490606981,0.4232479776148,0.6813421400356,0.7082617109624,0.2551093545205,0.5542772755331,0.6100754902747,0.1821793259241,0.0734318671428,-0.1104103152853,0.4753396478172,0.6447967742350,0.7609787773709,0.4172762855385,0.2175160276473,0.1620997526254,0.3090703617993,0.4701839125945,0.0612230207575,0.2760348762153,0.2049704660859,0.3686503121413,-0.0253610859847,0.2032987797890,0.3818302977850,0.4898949202290,0.3905599039076,0.2794644640482,0.2530581749008,0.0651038781497,0.2193112134069,0.0882479977022,0.3944766947688,0.3591023879802,0.2015950824395,0.3101457868599,0.2969591852757,0.2809099636812,0.6496096468018,0.4450461070270,0.2301757229178,0.6006924131450,0.5834605717073,0.4407599457634,-0.1120098817830,-0.2094864976740,0.2633098330652,0.7297361075861,0.2755437664050,0.5460353325808,0.3939670499470,0.5836564902691,0.6204961857578,0.3093200507068,0.1705750551331,-0.1334830401037,0.5829846804711,0.0928241173136,-0.0698351892305,0.7417916306581,0.6217010170075,0.6190080138086,-0.2325602394600,-0.0542034191686,0.0167354451896,0.4702290907490,0.3602083939095,0.3147954174205,-0.2165156603952,0.1588137734504,0.0828435157082,0.1842090070182,0.0629034996288,0.3918309940464,0.2792692933588,0.3134447287041,-0.0215308520228,-0.0090727069179,0.2953106932268,-0.0706197138348
0.1224041042584,-0.4799825211452,0.0235889468375,0.0639982110437,-0.0093656949108,0.0050516439143,0.0598640414420,0.5484441167838,0.7126810180254,0.1035777080875,0.3095574274064,0.2320300639149,0.1968739104080,-0.0600146072433,-0.2980928322199,0.6105737303491,0.4825807405552,0.3377544339793,1.0000000000000,0.5890009834849,0.4663875731772,-0.0204664222161,0.2588479416199,0.3169036892212,0.3724054655255,0.2253760696067,0.4282299817086,0.1116271037307,-0.3578004513115,-0.2748706898944,0.1096833559610,0.1681870374303,0.3283238222274,0.1686350635500,0.2771043254023,0.6835280455274,0.0939126355774,0.2566339546083,-0.0905153413192,0.0805161622961,-0.2803111032007,-0.0451427941087,0.2407602713819,0.1030902554896,0.2288225482215,0.1260754043022,0.0148337231052,0.1697859521916,-0.0665936187013,-0.1761029675512,-0.0777674341015,-0.2501976433226,0.0142004199622,0.0612972694060,-0.1540758960405,0.0110749812521,0.2348733373566,0.4958737062305,0.3229504665990,0.6053585172585,0.1403061065826,0.3388606262477,0.3503041476298,0.1632587423567,-0.3921469460143,-0.3367979885872,0.5883008277150,0.3969090374274,0.8659504833613,0.5751499940155,0.4030781891747,0.2352474766898,0.3898877260570,0.5029947216648,0.4396727795755,-0.2073174814707,0.3701386112275,0.0480365472897,-0.4303807516329,0.2168207226602,0.0883134201534,0.3898536934573,-0.4545153262405,0.2477881221309,-0.0633584672809,0.0884168888380,0.1225849914938,0.1173300226071,-0.0172920956308,0.1156061076398,-0.1313903851819,-0.0154333571805,-0.0525729122603,-0.1000786873413,-0.1519288529875,0.2090041724066,-0.2409770318825,-0.1257816527133,0.2703875815312,-0.2252836198618
0.0381531644491,-0.2122835689695,0.4027632479641,0.4815502044297,0.3888968465412,0.3124286795158,0.3528472482046,0.8348230250633,0.7980737701485,0.3602364636898,0.4483413408075,0.5650417449943,0.5301408200793,-0.1679077913155,0.0282406806326,0.4495867679792,0.5334015793138,0.6477936744456,0.5890009834849,1.0000000000000,0.4091577085279,0.3936045240503,0.6123355628775,0.6754872347673,0.6360951136446,0.6531529282239,0.7850061186768,0.0931231229896,-0.0752899215665,-0.0936586848165,0.3454283047212,0.6169223810487,0.6367067991401,0.5233408514218,0.1403830049966,0.2823395726533,0.4240092562331,0.6969802829435,0.0144660273527,0.3116895056841,0.1966347629323,0.4087884309678,-0.0017449546546,0.4977550040267,0.4606886112705,0.5801923768091,0.4239149729338,0.1992562016699,0.0932426306579,0.0952113238939,0.0715454255886,0.0516824240279,0.3236269151590,0.3440446301541,0.1195565396411,0.3201015296202,0.4137347992406,0.4979639967362,0.7824034573200,0.7943810665343,0.2818030854842,0.4567027090789,0.5088689924392,0.3547521917414,-0.2715080373562,-0.2652277860245,0.2250217013310,0.6132137162764,0.4788341069922,0.8810012004240,0.2799556824200,0.5034062856539,0.7044301710272,0.6283389052114,0.0649245848517,-0.1727919374894,0.6944079902603,0.0126097965101,-0.2070471800369,0.4826595398931,0.4751276313850,0.5689653296191,-0.2161797826031,-0.2087817986897,-0.0140362412687,0.5124498219748,0.4259251356788,0.2298481637258,-0.3228596747932,0.2545843377503,0.0166465834964,0.2128770552361,0.3126258324961,0.4024207388710,0.2399266276263,0.2790029072577,-0.0458981552062,0.0731055800154,0.2724792423258,-0.2265100695196
0.2884850819211,-0.1926496937036,0.1483612514035,0.2653612430377,0.2394996932365,0.1430194931616,0.1668627692627,0.2813192574239,0.3455040778847,0.4539739523084,0.5980092264968,0.5646835478948,0.4009588302661,0.2621273738180,0.2234214478059,0.5590314389989,0.8165131191385,0.5447490606981,0.4663875731772,0.4091577085279,1.0000000000000,0.2721946937686,0.6007881392712,0.5671734703558,0.1593088144286,0.3311351856033,0.5016820480765,0.2137504515835,-0.1079290778122,-0.2538090836503,0.1857161291147,0.3601091245934,0.5851185220294,0.1985975444190,0.2580716227740,0.4242660691848,0.1574683266919,0.1494094383462,-0.1110588948252,0.1161462326488,-0.0822275540430,0.1404948564891,0.1375760232830,-0.0500347034581,0.0805777639976,0.3208287939376,0.1119967505569,0.0827066068741,0.0992017770617,0.0860349274105,0.1461138478425,-0.0767821170794,0.2520950751134,0.1752131366254,0.0448665598497,0.1297163789715,0.3045830351600,0.2043080714333,0.3028032849129,0.3894772630338,0.2518410607687,0.5854566955071,0.5943987395565,0.3436336982794,-0.1448277748782,-0.2779208982004,0.3814618825363,0.5889198544373,0.5297198823837,0.4450396581528,0.7257128091522,0.6088460244390,0.5106505626885,0.3589360293762,0.3627966833383,-0.0326774020608,0.3303420031923,0.0899412800046,-0.2052037331925,0.4882366934739,0.4038071473179,0.5345369092299,-0.4769159770920,0.0863621200333,-0.0150150419659,0.1973382013255,0.2006468541119,0.2470720119278,-0.0410275995349,-0.0410672264103,-0.1343759458567,-0.0625237242349,-0.1616391726675,0.1659311269297,0.0950029390497,0.1258307792727,-0.2299355824985,-0.1068751707544,0.4420665877782,0.0593538219474
-0.1177598433497,0.1307624888241,0.2811657508216,0.3686549203115,0.3771208365239,0.3498639441769,0.2609133203398,0.3391172863012,0.2539343059821,0.8199960156724,0.4451934782870,0.6702739704128,0.5622182292252,-0.0579253573165,0.4088235512193,-0.0386321047957,0.4529320860492,0.4232479776148,-0.0204664222161,0.3936045240503,0.2721946937686,1.0000000000000,0.5841320724985,0.5653975614308,0.2293453686920,0.4726410304602,0.4869314069736,0.0833721954831,0.3888632620756,0.1142749394128,0.1936578394288,0.4748593353755,0.4427187528688,0.3922199466284,-0.1702962820104,-0.1139737916674,0.4154927707501,0.2444486008144,-0.1280313813894,0.2663143469567,0.5770790596472,0.4425137744994,-0.2554029470939,0.3162399263563,0.1009515304077,0.5744991895362,0.3384048747340,0.0217505425384,0.1611962183313,0.2396828389454,0.0646829539779,0.1183971805879,0.2193773392242,0.2335359776364,0.2580757866316,0.2214290477057,0.2669236451002,0.0984973693538,0.4243240609664,0.3098398288599,0.7326651079690,0.4158433788992,0.4561350558734,0.4212911856630,0.0819767154865,-0.1455631857129,-0.1781568599748,0.4312057819369,-0.0338413853415,0.3511054561127,0.2346325688041,0.7403174114319,0.6062509774028,0.3072928509821,-0.1919065402767,0.0123454129409,0.4081451746580,0.0537273197160,0.1677675187749,0.3823256796848,0.4617686920977,0.3895314687658,0.1296743329067,-0.3961545636031,-0.0574074562156,0.4869748398162,0.4146810041169,0.0191391940625,-0.2566186345927,-0.0208073583001,-0.0373208445991,0.2174010989774,0.2702027759012,0.5966510669138,0.3188123380526,-0.0053051508266,0.2240878807339,0.5721141042267,0.2617509315121,0.0968868533645
0.1332076583165,-0.1512508284315,0.3762099929929,0.4221625554672,0.4499341471526,0.3971405670716,0.3549520003085,0.4075623353268,0.4503992955773,0.4902348986406,0.7520264995997,0.8227060611799,0.6321714518730,-0.0424799461767,0.1990915767274,0.3383378821850,0.6366908226184,0.6813421400356,0.2588479416199,0.6123355628775,0.6007881392712,0.5841320724985,1.0000000000000,0.7394722285196,0.2603448716943,0.5486160365876,0.7928372124560,0.0371535821545,0.0818223667816,-0.1259347670647,0.2466122644244,0.6234137166786,0.7027547250824,0.4898861964717,0.1156653520951,0.1536740209985,0.4488503685950,0.4094088322113,0.0323385457286,0.3535723832835,0.2566306769015,0.4549150666198,-0.0289856511447,0.2977663512733,0.1955641818978,0.7449946768675,0.4584644252270,0.2367971105723,0.1690707115517,0.1299942953871,0.1628167946130,0.0374106191955,0.3053540197718,0.3478207478932,0.2229428083985,0.3114517886095,0.2867348361709,0.1981500435892,0.5250893456470,0.4629568197020,0.3855146966465,0.7115341124296,0.6856222938838,0.5166489957315,-0.1969484206246,-0.1917215035240,0.1285764565453,0.6279044275678,0.2208738744388,0.5325406122290,0.5040355938165,0.8040186496927,0.7650314943086,0.3892979841283,0.0030177308329,-0.1580553549696,0.7228990155287,-0.0605059296824,-0.0635656634963,0.5542896732607,0.6274745642683,0.6385126210751,-0.2054832779206,-0.1588806237771,-0.1727581991799,0.5457024787921,0.4602764223704,0.2581846089935,-0.1084666633452,-0.0044007330091,0.0624675094097,0.2484366803383,0.1192582158087,0.5424817370884,0.4004666874467,0.3015496856901,0.0281235063618,0.0705135437096,0.3514918121583,0.0099492286384
0.2424964583120,-0.1052575436294,0.4616204051648,0.6055478107765,0.5601529641826,0.5115079436766,0.5142514907552,0.5230344342206,0.4524835774721,0.5281937387878,0.6278437651231,0.6672953662816,0.6407435522400,0.0158767892479,0.2930551523708,0.4819907973711,0.6587007089060,0.7082617109624,0.3169036892212,0.6754872347673,0.5671734703558,0.5653975614308,0.7394722285196,1.0000000000000,0.2933101988808,0.5613200132527,0.7876448233103,0.1328616659223,0.0361405190634,-0.2106714772729,0.3265199294752,0.5733194040569,0.6954392455137,0.5232199470128,0.2513757515831,0.2681147845042,0.5607745181628,0.5209434131349,0.0877756593377,0.3455831535871,0.2632088841732,0.3878046668741,-0.0616427876796,0.3243862633839,0.2672971765821,0.6461062391002,0.4039294052136,0.2967113729862,0.2563669146468,0.1688531907998,0.3008810222814,0.1272560729246,0.5159883977331,0.5115600213574,0.3856063010975,0.4808704615991,0.4562268229938,0.2075287204175,0.6200509674964,0.5308089368264,0.4246436252822,0.6235424247362,0.5561248957768,0.4829879264295,-0.1686743949042,-0.2559097344109,0.2223441756476,0.6318704526471,0.3251065021960,0.6298449455974,0.4330850040724,0.6704175080062,0.8418263801632,0.4290792306589,-0.0616372276707,-0.1626284084577,0.6615769048282,-0.0022644609630,-0.1570079091489,0.6140177752494,0.5871703142081,0.6092284406501,-0.3194853808250,-0.2087572424356,-0.1061161266872,0.5353231623472,0.5718041984392,0.4081846667759,-0.3040697551766,0.0898816042599,0.0958872097163,0.2483510902785,0.1398142824870,0.5009967595768,0.3128872672899,0.3442373930763,-0.0503227172548,0.0908988786438,0.3359306569110,-0.0622244679647
