1.0000000000000,0.3752918046688,0.7046672797177,0.5651664084149,0.7036799143808,0.4500873600646,0.4773862973749,0.0033899328507,0.0818174934280,0.0866317603701,0.0683281467524,-0.1146632260546,-0.1879118394539,0.6852532719246,0.3501190814006,0.1891536946382,-0.2460648319611,0.0140819640297,0.0316762761393,-0.0013372658921,-0.2872981961080,0.1405984470729,-0.0236046043222,-0.0700195910507,0.0965605957124,-0.2942834261442,-0.0854296708543,0.0875550549636,-0.3789374601550,-0.1777865975527,-0.2067302954361,-0.1735390927917,-0.1531392988638,0.0763126624229,0.1671412451179,0.0817001203838,-0.0043248144368,-0.1638278198697,0.0454557796503,-0.1307432142436,-0.0368754230350,0.3363866806961,-0.3709473502047,-0.2962810709429,-0.1376082029977,-0.0345069694972,0.1012002681833,0.2440771249794,0.1646891089566,0.2736107713239,0.7448240232854,0.2420877797065,0.4711479268498,0.5792414671774,0.4464503568768,0.4540246595677,0.0727874787054,-0.0753359661530,0.1292286446765,0.0900040303036,0.2096950432963,-0.0171161110984,-0.1137648090684,0.0301658306785,0.4564768447226,0.1534307067210,-0.0174491225704,0.0668683870095,0.0674837463027,0.0253732545832,-0.0454962572098,0.0553081455021,0.2086172871683,-0.0050061696276,-0.1303772077786,-0.4498258614343,0.1010292003304,0.1515051758495,-0.2088503418612,-0.0390310660814,-0.3523478899790,0.1100197933890,-0.2519469784337,-0.2678225272537,-0.1724646333500,-0.0350499413855,-0.0247582047878,0.1188375272911,-0.0103820748568,-0.0491597600133,0.1061591333042,-0.1043044503599,-0.3182636314006,0.1780484963684,0.0829541670253,0.3128122644253,0.3918665340919,0.1350630885470,0.1764076027677,0.2185518207506
0.3752918046688,1.0000000000000,0.3055396628566,0.2589986661691,0.1133827687677,0.0339000119051,0.1196548882054,-0.2585815630799,-0.2791953260716,-0.1037652695103,-0.1817956945343,-0.2371746657798,-0.2427266638702,0.6233188349863,0.2299422416556,-0.1365348398858,-0.2943815467251,-0.2845507840885,-0.1906876156046,-0.3086627649895,-0.2110207517306,-0.0544369667044,-0.0761434620492,-0.1813751344348,-0.2205668128725,0.1346628755657,-0.2202305344737,0.0852365650273,-0.2681502779410,0.1539552860081,-0.1593215693018,-0.0684706392034,-0.2340864625676,0.1042098543155,0.0084031009391,-0.1090818188735,-0.1474761675292,-0.0210581645228,-0.1302675579378,-0.0469886559489,-0.2026984191057,-0.0772229992295,-0.1954313381300,0.1964648769965,0.0670273661156,-0.1089486820658,-0.1445537714608,-0.1499431653520,0.0746329496131,-0.0912899300278,0.2359855901784,0.5979054216996,0.3781962602476,0.1219368850066,-0.0177057334713,0.2186788169018,-0.1933297091971,-0.2352871259156,-0.2050680793321,-0.2214460390426,-0.1250334237359,-0.2017722343475,-0.1976254858205,-0.2221570764424,0.3963910044615,0.0715939381002,-0.1002812123082,-0.2715730051190,-0.0854572828061,-0.2495443081072,-0.1290405119431,-0.0514321362593,-0.1311951080317,-0.1808233585306,-0.1159418254126,0.1056688077451,-0.1778193265586,0.0977543452798,0.2195162455496,-0.2225409521976,-0.1327951748060,-0.2011673639872,0.1124329546794,-0.2073178306850,0.1653164089063,0.1145475047070,-0.1808995131222,-0.0456665573824,-0.0743580772143,0.0813978241303,-0.1680614738939,-0.0924052243366,0.2360595900924,0.0076325970982,0.0236293322212,-0.1383760329881,0.1080834566278,-0.1931446647818,-0.1139767032085,0.0160274721494
0.7046672797177,0.3055396628566,1.0000000000000,0.6858959360165,0.7584395083076,0.6947017290704,0.5998490707409,-0.1028892380426,0.0037629050558,0.2278036610521,0.2046299949612,0.0078418778937,-0.2480820706412,0.4309863176439,0.4420358465717,0.2078407517755,-0.2076791674948,0.0077626489176,0.0391419777694,-0.0904599165479,-0.1844691583541,0.2302567823835,0.0814062367463,-0.0394779643589,-0.0537835071392,-0.1704887639205,-0.0351336811940,0.1554334969845,-0.0412650279796,-0.0221044257549,-0.1103189891331,-0.0688741915159,-0.1320498560962,0.0690855731825,0.2368037519972,0.0915178553710,0.0232536491127,-0.1105270141812,0.1293894921731,-0.0492976072880,0.1891706329835,0.2894023226671,-0.2873888572200,-0.2134687788764,-0.0918323533116,0.0735518731866,0.0866468436628,0.3691998751779,0.3805479616205,0.2633553160350,0.6780053711450,0.3552818185946,0.5991019778003,0.8188010202833,0.6176636867305,0.5768625610464,-0.0175941935472,-0.2325185698005,0.0169204466145,-0.0400831270050,0.2490342047693,0.1319901680167,0.0387058306721,-0.0538471214875,0.4950626606309,0.2696203260148,-0.0322228716352,0.1011183614533,0.0426736942394,-0.0979100555422,0.0619647621883,0.1679429371897,0.2153183641400,-0.1175013504491,-0.0828397265897,-0.3425652767672,0.1020049235559,0.1341483529972,-0.2054291416549,-0.0330353138056,-0.2544249589382,0.1027519835251,-0.2602770818593,-0.2882360156571,-0.0665758650040,-0.1095573185847,-0.0061884312906,0.2214997297548,0.0705348793852,0.0135277326856,0.1861259684952,-0.0363664047788,-0.2325184123937,0.1100776222771,0.0107926454717,0.4521768386988,0.5105332451401,0.0194574288142,0.1232859603202,0.3376329693027
0.5651664084149,0.2589986661691,0.6858959360165,1.0000000000000,0.5518706119824,0.5272314475992,0.7279638039120,0.0275468225034,0.0302759028926,0.1977429974115,0.2302673925215,0.1086015600840,-0.0579174258590,0.3914529280156,0.6517259146916,0.4487810635854,-0.0265526407968,0.0995625864419,0.1156189510694,0.0441127829282,-0.0337946988564,0.1841904806150,0.1833686824427,0.1932167658187,-0.0061898163240,-0.1157584033534,0.0184344326806,0.0659989915732,-0.1207308320081,-0.0965218755994,-0.0385631511144,0.0529048577715,0.0259948772416,0.1196483285914,0.2789852464840,0.3018943312183,0.0089251204114,-0.1704283173063,0.1837345456416,0.0471289444483,0.1617805479786,0.3365729514257,-0.1632687445977,-0.1947534227533,-0.1240427399807,0.0903934407177,0.2621936069995,0.3640378654158,0.2147217426931,0.4209454568744,0.5612761501919,0.2525157955259,0.8084305449913,0.5936001073186,0.5013473251149,0.6984559313406,0.0797016468207,-0.1142179170468,0.1222846891326,-0.0025351615486,0.2020479914673,0.1640065853340,0.0789066693052,0.0227266172170,0.4254212800802,0.3321486582009,0.2651381145238,0.1534222274680,0.2064773013470,-0.0019611730343,0.0784225955959,0.2033239994582,0.2750387259533,-0.0806576246328,-0.0995633661913,-0.2737639570400,0.0589661679834,0.0508588852515,-0.2025191069597,0.1040842674474,-0.0928350630055,0.1336080231772,-0.1737187841063,-0.2422976244940,-0.1247989270427,-0.0334227093073,-0.0338160255154,0.2627354658072,0.0954071847056,-0.0461837999988,0.2299527392425,0.0295631690710,-0.2099525997244,0.0771878805599,0.1034230275381,0.4001421549845,0.3486999920462,-0.0054171099784,0.1378998869574,0.4011428849141
0.7036799143808,0.1133827687677,0.7584395083076,0.5518706119824,1.0000000000000,0.7996088107253,0.6774625628638,0.0230381546606,0.0622881185112,0.3355520464023,0.1539690546764,-0.0505958086433,-0.1804448155258,0.3923313426522,0.4261693820146,0.1485085798029,-0.2708855894170,0.0464113602754,0.0599366737181,-0.0768854007912,-0.2799041353323,0.2850843956122,-0.0464134100893,-0.0816461773524,0.0708359035966,-0.2645292222428,-0.0837158069740,0.1338642380081,-0.0526349629381,-0.1329947628155,-0.2644561642759,-0.2618349210233,-0.2546870911499,0.0776319723076,0.1947035547890,0.0998101569438,0.0595905071608,-0.2617472771357,0.0800255795734,-0.1655056055005,0.2474884388314,0.4335632046447,-0.4379778409007,-0.3061047111131,-0.2108691796632,0.0273490206767,0.0678658914025,0.2919885556942,0.2812540397980,0.3252317374185,0.7220885305793,0.1758371813285,0.4557192771888,0.8447264482396,0.7995581575389,0.5864478120553,0.1089853649255,-0.0309023122698,0.1606636785568,0.1161323772799,0.4047507355525,0.0904732392904,0.0287480652412,0.0687050158126,0.4244448018530,0.1485755314657,-0.1028674076589,0.0726698459319,0.1342834810378,-0.0870371593628,0.0176323115572,0.1616470183629,0.1743178582053,-0.0037091633620,-0.1966752998069,-0.4545298239329,-0.0195728417146,0.1456463779523,-0.2174206595972,-0.1176285555755,-0.3766815260538,-0.0108622003587,-0.2377745990319,-0.4343265148777,-0.2029781716497,-0.0851379933438,-0.0362242382434,0.1384676261916,-0.1051206494950,-0.1286587028292,0.0766802703004,-0.1798011408357,-0.3418929499334,0.2236660716373,0.0769138718179,0.3709725318776,0.4270096462047,0.2900835296176,0.2871442725437,0.2582174325005
0.4500873600646,0.0339000119051,0.6947017290704,0.5272314475992,0.7996088107253,1.0000000000000,0.7389416347122,0.0924085634633,0.1320009829066,0.4770430297729,0.2764628142769,0.1340459171638,-0.0648443528576,0.2941335523780,0.4934637680114,0.1748052352702,-0.1522477841917,0.0905198519867,0.0933208857791,-0.0518615151047,-0.1514628944698,0.3529460519481,0.0283968346267,-0.0054714113662,0.0517677665462,-0.2882160527570,-0.0614663566291,0.1281730319715,-0.0406711404499,-0.0437847085553,-0.1749542489312,-0.1505475723948,-0.1531975316540,0.0217065217991,0.2316311330288,0.1722462330566,0.0979467982714,-0.2628063788042,0.2166760645790,-0.0550278187192,0.3090921339605,0.5161727617055,-0.3467837610778,-0.3212927518024,-0.2306893694625,0.1726259695703,0.1879159487262,0.4587437859896,0.1816690295124,0.4171235126294,0.4170142866449,0.0387198303508,0.3583070761591,0.8584577510491,0.9082533290477,0.5980559797499,0.1466010114801,0.0030611168375,0.2190747539477,0.1733931152697,0.5145676655542,0.2077613568407,0.2554696328758,0.1887828127373,0.3170206330352,0.2576354636204,-0.0524640637161,0.1757575616856,0.1641293764682,-0.0476544167983,0.0858947044773,0.2552121451318,0.2340833618220,-0.0113622730720,-0.1966706971743,-0.4523517364387,-0.0098392544974,0.1273214823350,-0.2237961286614,-0.0380168144739,-0.2414933414106,0.0856372765681,-0.2260795288745,-0.3572039184302,-0.2603755132982,-0.0537155863734,0.0869941022089,0.2116595289629,-0.0058923181584,-0.1940468588617,0.2216934094128,-0.0513421346886,-0.3556066200059,0.2463374290920,0.1819358147276,0.4929606160110,0.3197681433962,0.3104615613737,0.3591978043574,0.3882247500755
0.4773862973749,0.1196548882054,0.5998490707409,0.7279638039120,0.6774625628638,0.7389416347122,1.0000000000000,0.1546844441007,0.1437053604443,0.4316743274489,0.1995836593582,0.0544478348500,0.0145792639761,0.3091748237600,0.5337706331371,0.3437657111327,-0.1282885493091,0.0543304912914,0.1986733180151,-0.0238510674695,-0.1156784820251,0.2266174521812,0.0106858932377,0.1147796196215,0.0732766717915,-0.2069939993649,-0.0778947313348,-0.0295623803833,-0.1028117970035,-0.0660300379729,-0.1200672599708,-0.1298019445143,-0.1399283337563,0.0456281146092,0.4166701605850,0.4339516870251,0.1677734895946,-0.3275654403119,0.2697623584079,-0.1441857052306,0.1846252082622,0.4477804775108,-0.2813791602810,-0.3022297647004,-0.2385427523081,0.1249900461511,0.2087700175064,0.3167377913658,0.0434515973679,0.4305648869966,0.4731940265034,0.1702059414393,0.5646561613094,0.7303692675531,0.7156225446833,0.8446773468924,0.2236358425294,0.0124256857104,0.2007911995900,0.1906997058995,0.4293691528086,0.1266681204157,0.1308951288274,0.1511900406989,0.3609392526474,0.2802982684901,0.2126532037507,0.1139235855587,0.3434271048528,-0.1148518172108,0.0627319726575,0.1906525847661,0.2136536315580,-0.0304936458814,-0.1693874656367,-0.3805486559967,-0.0513927621441,-0.0103214902423,-0.2720597965350,0.0201702689181,-0.2183556049307,-0.0066636290149,-0.1670898054560,-0.3014686436287,-0.2345617500511,-0.0220057120628,0.0755070810558,0.4292555333608,-0.0114175431425,-0.2011032219847,0.2042330525601,-0.1753929190750,-0.3498129524201,0.1210363779563,0.2062384637410,0.4155410932166,0.2111884092524,0.1811684291185,0.2149555688751,0.3121805080156
0.0033899328507,-0.2585815630799,-0.1028892380426,0.0275468225034,0.0230381546606,0.0924085634633,0.1546844441007,1.0000000000000,0.8127016801920,0.3657201836718,0.4103875224633,0.4556363969750,0.6501002495959,-0.0454464486154,0.1701351957477,0.3575969930172,0.5331605771877,0.7052582360057,0.5104369473976,0.6744360078022,0.1677561957246,0.2355738546259,0.1124464514170,0.3475374297678,0.5470924033382,-0.1656185776648,0.2279837050003,-0.0225010136559,-0.1894268246941,-0.1518747387927,0.2427069910228,0.2453904193644,0.4753656772042,-0.0626769492743,-0.1211916299006,0.1063927546398,0.1111685592705,0.0540530965015,-0.0229987565294,0.0575216891993,0.0594747833545,0.3166276314811,-0.0074746476915,-0.1500505085297,0.0382767922170,0.0758440770089,0.3447844727647,0.0743610179829,-0.2099726230542,0.2314297091485,-0.0964475147206,-0.4341822189377,-0.1679924013557,0.0497918013989,0.2100278219426,-0.0035493354835,0.7492469829395,0.8437688477264,0.7410902257224,0.7457675730948,0.3631121196500,0.3951470727381,0.3208006530610,0.5342554371578,-0.1483516156208,-0.0990346783182,0.3320958517291,0.5467354983844,0.4381509957316,0.5124203334771,0.1111891234121,0.0987888833942,0.2779770615891,0.4666830847633,0.0927640785801,-0.1672853735422,0.1889732565408,0.0966630039486,-0.1753586331257,0.4036019810686,0.0928463575607,0.3864987813323,-0.0528532390415,-0.0213690529817,-0.0507360446391,-0.0815968910463,0.0860067534445,-0.0356200958637,-0.0841911131160,-0.0495807405768,0.0997333646320,0.0745238898780,-0.1421884884094,0.0862074489918,0.1330060796384,0.0824487153354,-0.1815209269165,0.2117250916717,0.1831023618757,0.0468068123354
0.0818174934280,-0.2791953260716,0.0037629050558,0.0302759028926,0.0622881185112,0.1320009829066,0.1437053604443,0.8127016801920,1.0000000000000,0.3423707973449,0.4680914747334,0.4394918482675,0.6073313253878,-0.0602209220630,0.1493411154109,0.3698123518103,0.4423114795133,0.5737110527209,0.5348978149061,0.7119025675475,0.1509197166290,0.2217718046614,0.1332721260399,0.3725824418574,0.6324766703351,-0.1386016181289,0.3106454056156,0.1147992873310,-0.1727773442376,-0.1888566499617,0.2481192387985,0.2731271132825,0.4487336777011,0.0415168520232,-0.0526650020124,0.2127416862824,0.2046347007152,0.1214470910678,0.0682447443867,0.1562545090404,0.0457146827629,0.3097884776401,0.0097130841025,-0.1110999690678,0.0509740817863,0.1172263407401,0.3420138927178,0.1909887562452,-0.1983086389053,0.2375332882359,-0.0461165765616,-0.3606874288062,-0.1673709126963,0.0873356840739,0.2308705850239,0.0091656153554,0.6489107062256,0.6921904760104,0.7065004381255,0.8916886297939,0.3732929537851,0.3709755530946,0.3298340431200,0.5850249751448,-0.0975858338566,-0.0593604763702,0.3070734282319,0.4803911334120,0.4342538669195,0.5909765398638,0.1479906631572,0.0415843569666,0.3794319122657,0.5992251152416,0.1088880726468,-0.2442493116196,0.2962887523187,0.1654842769217,-0.1504686081597,0.3666582701573,-0.0259949093800,0.4239275480791,-0.1600835793183,0.0402123993128,-0.0862733948460,-0.0685842862942,0.2133744145862,0.0133199655521,0.0021870198425,0.0093208265880,0.1871519634689,0.1875061221398,-0.1750294932944,0.1131874543990,0.0673715298921,0.1823120661003,-0.0725028552458,0.1779299266450,0.2000771140510,0.0886906183817
0.0866317603701,-0.1037652695103,0.2278036610521,0.1977429974115,0.3355520464023,0.4770430297729,0.4316743274489,0.3657201836718,0.3423707973449,1.0000000000000,0.4843686453298,0.5155169348291,0.2564691945257,0.1981363628998,0.4453073958037,0.1945417772129,0.1772074488948,0.2993560969952,0.3747473399419,0.1562753187947,0.2822315611709,0.6234262780506,0.2302516011183,0.2110876682081,0.2672959596825,-0.1201043675256,0.0607900307941,0.0480756996656,0.0361026927865,0.0310734110698,-0.0597866860021,-0.0760804630987,0.0913678359343,-0.1201498038126,0.0471553368553,0.2638742305260,0.0484225347929,-0.3216835990181,-0.0431210126513,-0.1837413968546,0.3502156716758,0.5670710756737,-0.2526641661465,-0.3069090071626,-0.2230823055652,0.2527594901346,0.2999510298786,0.1386618822490,-0.0014060735355,0.4585860318389,0.0930431633529,-0.1246216053327,0.0826001207802,0.3488765141618,0.4582144268825,0.3364596040311,0.3768223014619,0.2945028970327,0.3862854142844,0.3982334140064,0.8812286075996,0.4636492834461,0.6227676582778,0.3263694599694,0.1741672523729,0.2584901705870,0.1615148209747,0.3401269727851,0.4937515824485,0.0407995673642,0.4820884445952,0.4614581357559,0.2762560402977,0.2332294014706,0.0536211023578,-0.2588095603365,-0.0543768781579,0.0044675045007,-0.1380737951559,0.1169680821782,-0.0590631827437,0.1562935614027,-0.0463317044300,-0.2942389081956,-0.1701327536366,-0.0012778130987,0.0541133259630,0.1422834557479,-0.0356888549202,-0.2287029242116,0.0005165360125,-0.2250062193002,-0.3349763337153,0.2308102686020,0.2951265579623,0.1996925368214,0.0374294694827,0.4611817796414,0.4142264978464,0.4226028426690
0.0683281467524,-0.1817956945343,0.2046299949612,0.2302673925215,0.1539690546764,0.2764628142769,0.1995836593582,0.4103875224633,0.4680914747334,0.4843686453298,1.0000000000000,0.7819642480221,0.5077425117023,0.0352526860349,0.3971051057212,0.2887867366079,0.4684041088676,0.4979798666725,0.1739547830152,0.3733471725571,0.3975588616336,0.6502839076023,0.6590620411343,0.5821615590772,0.3961294220966,-0.0040750497939,0.5279644078234,0.2766053329719,0.0337975412974,-0.0769929460548,0.4000878010636,0.4341830701732,0.4071448136041,0.2072213213086,0.1761598448127,0.0423912950283,0.3886854325175,0.1908289917301,0.2309921722246,0.2260825705707,0.3261167417747,0.3742705175460,-0.0145332082730,-0.0758104513858,0.1016846907902,0.2438835837350,0.4530087329840,0.3711854711278,0.2052111239626,0.4538006809208,0.0916580373705,-0.1890988204981,0.0691965331574,0.1028412112220,0.3269132383592,-0.0187865113258,0.5088124497990,0.3388199180775,0.4991816273999,0.3442680761105,0.4825249448605,0.8130058848398,0.6646145505444,0.5556355578502,0.1263136650921,0.1823821729168,0.0505619278067,0.5775076533291,0.1704092225612,0.3925304317341,0.5423830874506,0.5542225526355,0.6731527285486,0.4208637311250,0.2870718234843,-0.2082237106582,0.4837201584803,0.1864860373317,-0.0595839593447,0.4245246913084,-0.0488154260226,0.4981481297969,-0.2583036528013,0.0717100117803,-0.1037192577908,-0.2751155967769,0.3936066717475,0.1519674080678,0.2134108341096,0.0553829367961,0.3743525890580,0.2047651188287,-0.2205308030614,0.1708705749206,-0.1603123289783,0.3082006897326,0.2678147977874,0.1824436693611,0.2560399115168,0.5515472358998
-0.1146632260546,-0.2371746657798,0.0078418778937,0.1086015600840,-0.0505958086433,0.1340459171638,0.0544478348500,0.4556363969750,0.4394918482675,0.5155169348291,0.7819642480221,1.0000000000000,0.5330179601058,0.0205310695919,0.3390094749909,0.2734501546053,0.6546195787941,0.5990850585098,0.2334645539197,0.4529227480955,0.5662735509482,0.6546134639822,0.7062324270440,0.5324115820307,0.3674869528497,0.0886587887146,0.4013126221874,0.2304616330124,0.0122367924882,0.0095345969181,0.3695474279595,0.4678110243347,0.5604449609659,0.1868895987955,0.0481177645556,0.0238527833881,0.1705923788382,0.0878821831796,0.0928836412766,0.1236348879528,0.2713267182787,0.2971005457602,0.0230161793079,-0.0705387693435,0.0327782887813,0.2789581237827,0.5495481330294,0.2564717672266,0.0815224529155,0.4007468886973,-0.1445759681888,-0.2946814998892,-0.0698137288912,-0.0801783516553,0.1866374670356,-0.1403513642382,0.4928635039728,0.4041762902593,0.5094453736543,0.3484698963401,0.4559783925738,0.7393065679676,0.8185131463428,0.4801381251414,-0.0091912252064,0.1442114824572,0.1357944827273,0.6429913168615,0.2115809594400,0.4666436366598,0.6349932174756,0.5992938315634,0.5774769351000,0.4291211787145,0.2402960943099,-0.0702882194051,0.3032629368877,0.2044939401294,0.0678526496482,0.4495920216966,0.1003414054385,0.5308783498056,-0.0758227647170,0.0815707916569,-0.0939697621452,-0.1469923512040,0.2687528006824,0.0212888872078,0.1814650283168,0.0042417626139,0.2459510567624,0.1342927260328,-0.1461509471050,0.2025496661675,0.0265152076590,0.1824799167609,0.1473636490753,0.1975372865801,0.2264530088542,0.5209995070130
-0.1879118394539,-0.2427266638702,-0.2480820706412,-0.0579174258590,-0.1804448155258,-0.0648443528576,0.0145792639761,0.6501002495959,0.6073313253878,0.2564691945257,0.5077425117023,0.5330179601058,1.0000000000000,-0.1670139398285,0.0470726034281,0.2257219010678,0.5817768474593,0.4609198072808,0.2583886699844,0.4964842039323,0.3467065679276,0.2426761777648,0.3129262234456,0.4731503836151,0.4672714575741,-0.0241723887520,0.3431224264584,0.0546960198813,-0.0661915104406,-0.0936113067510,0.3063880500302,0.3583144719683,0.5073875679340,0.0650788818307,-0.0774570026901,0.0921172374843,0.1229171719012,0.0583449262734,0.0134856782807,0.0702088279941,0.0405841956278,0.1656559834954,0.0583466755867,-0.0865551909699,0.0108664039539,0.0973491926704,0.3424949283319,0.0096558372540,-0.2197433894288,0.1637952334033,-0.2669987402575,-0.3730181685695,-0.2390471824130,-0.1772709938949,0.0206290068310,-0.1039848462081,0.6653188784695,0.6265895465178,0.5358780074628,0.5677490529269,0.2235339324079,0.4873018540063,0.4361248528071,0.7337899571931,-0.2399165894945,-0.1214651976653,0.2523343496255,0.4463616966560,0.2689621817130,0.4481805554002,0.2300717185152,0.1760476675556,0.3148993683463,0.4356852422501,0.1294990936153,-0.0564397543643,0.2041321845593,0.1406823408573,-0.0040805783047,0.3886600843626,0.0877758453192,0.4114283876171,-0.0037877377696,0.1156592194332,-0.0843364865887,-0.0915351923078,0.1529046349593,-0.0113236150833,-0.0079028298953,-0.0659415853912,0.1118415903131,0.0509256793257,-0.1097529931707,0.0589090914369,0.0598822941231,-0.0362384726874,-0.1568879107362,0.1292085556126,0.1356075537519,0.1424005912904
0.6852532719246,0.6233188349863,0.4309863176439,0.3914529280156,0.3923313426522,0.2941335523780,0.3091748237600,-0.0454464486154,-0.0602209220630,0.1981363628998,0.0352526860349,0.0205310695919,-0.1670139398285,1.0000000000000,0.4525648461310,0.1613751439959,-0.0816288911326,0.0720194320525,0.0316825900943,-0.0999059367198,-0.0858513456785,0.1907304270406,0.0765753492407,-0.0814507514724,-0.0542404716850,-0.0806805094363,-0.1646450563107,0.0483495884501,-0.5652898772524,-0.0311603017418,-0.1189434768321,-0.0441923383190,-0.0571105789243,0.0787628209250,0.1198212319576,0.0467114296865,-0.1217346143958,-0.1724350971920,-0.0503850703164,-0.1689900774522,-0.1981621691239,0.2909904210010,-0.2848663712786,-0.1596381231701,-0.1093146906581,-0.0843489739643,0.1098946637672,0.0993525071661,-0.0084223500646,0.2693767471466,0.4025174048317,0.2460740503039,0.3590729281528,0.3385798482474,0.2484984698650,0.3167450135781,0.0354393394530,-0.0487478857982,0.0700095086337,-0.0010908989256,0.2086699020048,-0.0127930450639,0.0610571079950,-0.0018190544486,0.4546688297292,0.2556848942507,0.0095362827640,0.1236120913471,0.1082234508431,-0.0218307882086,0.1129600779732,0.1824102790921,0.1451664465023,-0.0504155782221,-0.0248833646083,-0.1969317736861,-0.0385552642588,0.1111459583918,-0.0152492089244,0.0194945226547,-0.1498383595874,0.0992614022604,-0.0996149328530,-0.2377598666468,-0.0682762041909,0.1434590408487,-0.0904253575630,0.0390161541868,0.0119777124057,-0.0349727081932,-0.0142759509200,-0.1784777231251,-0.1432141959533,0.1688943966088,0.1614982669723,0.1168387913529,0.1698030957042,0.0564644175350,0.1458233796229,0.2902472635368
0.3501190814006,0.2299422416556,0.4420358465717,0.6517259146916,0.4261693820146,0.4934637680114,0.5337706331371,0.1701351957477,0.1493411154109,0.4453073958037,0.3971051057212,0.3390094749909,0.0470726034281,0.4525648461310,1.0000000000000,0.3644221240137,0.1324590225180,0.2429694656703,0.1970527657960,0.0376493405036,0.0860422268937,0.3822816275359,0.2265478547278,0.2343502887908,0.0892171660045,-0.0822025268033,0.0707451838016,0.2688029506151,-0.0286688591481,0.0983339789290,0.1378906922491,0.1718255701307,0.0504314668929,0.2304722611149,0.2128185166785,0.2701050069937,0.0943337064913,-0.0828843873851,0.2800111530676,0.1657208509237,0.3853029954370,0.4881261565477,-0.0644342180411,-0.0419321008134,-0.0109649299918,0.1552313136692,0.3945442163417,0.3950250992246,0.2619153982238,0.6316969115197,0.3199190836823,0.1354720458537,0.5235169816112,0.3685429179898,0.4825590672991,0.4183773064375,0.1876367522381,0.0943832259268,0.3130949865156,0.1684724933065,0.3889636677900,0.3039021832335,0.3104978238121,0.1841354396840,0.4615540519636,0.5953607587328,0.1154643851976,0.3041075885730,0.3102620574389,0.0414256105214,0.1836222788887,0.2611018979768,0.3239763188877,0.0439239586527,-0.0710615861067,-0.3091587513491,0.0107025086554,0.2160934065568,-0.0318030529351,0.1678204050368,-0.1839128248479,0.1360968288363,-0.0479467053030,-0.1841338324981,-0.1052213495655,-0.0406645764366,0.0739007305995,0.2152787232260,0.2442103778787,0.0139052269437,0.3603759239555,0.1060830769338,-0.1136214240649,0.2577231092988,0.0652371073246,0.3397267555464,0.2855810325711,0.1877528183489,0.2680766105694,0.4876090752106
0.1891536946382,-0.1365348398858,0.2078407517755,0.4487810635854,0.1485085798029,0.1748052352702,0.3437657111327,0.3575969930172,0.3698123518103,0.1945417772129,0.2887867366079,0.2734501546053,0.2257219010678,0.1613751439959,0.3644221240137,1.0000000000000,0.4677006942845,0.5369245280587,0.6207501772689,0.5469383175359,0.3063785570297,0.1473415292737,0.2612326775285,0.3597417656700,0.3161311499976,0.1472832775556,0.2898231916588,0.0407628398586,-0.1360234221851,-0.1541954869404,0.4846986614682,0.4555968680400,0.4950027978522,0.0741940993942,0.4553244084384,0.6399345001776,0.1445318924663,0.1498063709460,0.2100367423499,0.0761743269576,0.0366984772739,0.3241849084693,0.2103308344007,-0.0387644174701,0.2145657179810,0.1593467592707,0.2677768481708,0.2730312508736,0.0098785500159,0.3809616907870,0.1027793143112,-0.2012986924688,0.3574312228169,0.1992718954177,0.2145857755353,0.2127741698743,0.2902442665298,0.2567291704151,0.4015865629515,0.3086493750505,0.1491971869456,0.2267850318613,0.1566683898401,0.1977872896906,0.0883612221251,0.2745022359589,0.7308809336905,0.5041263063380,0.6349782785101,0.4368732509460,0.2854816859532,0.1264244054829,0.4031292557005,0.2658836836993,0.4105852826395,-0.0797977471931,0.3481672886611,-0.0498888395648,-0.2505805218716,0.6016944569164,0.1568251404708,0.4549301572142,-0.1864941368935,0.2556886441095,0.1723874333515,-0.0222376174521,0.2313257215912,0.4520432704223,0.2677586432877,0.2764443037720,0.2623341608584,0.0696388945549,-0.0902281465471,0.0348360952612,0.0593847472990,0.3369502869133,0.0709721375995,-0.0746464741591,0.1001603066735,0.2466271666132
-0.2460648319611,-0.2943815467251,-0.2076791674948,-0.0265526407968,-0.2708855894170,-0.1522477841917,-0.1282885493091,0.5331605771877,0.4423114795133,0.1772074488948,0.4684041088676,0.6546195787941,0.5817768474593,-0.0816288911326,0.1324590225180,0.4677006942845,1.0000000000000,0.7594398090458,0.3899541505700,0.6465582026847,0.6742431631651,0.3317852329473,0.5368086569838,0.6309940097592,0.3282635732488,0.1511839506727,0.4997747216657,-0.0136583220061,-0.0589144311699,-0.1152972867620,0.6774438613007,0.5865333894501,0.8646299953874,0.0103009601669,0.0007261518993,0.0755034486827,0.0446239406370,0.3383729388401,-0.0310859496546,0.1177527957337,-0.0311652178795,-0.0009077300500,0.2833974241418,0.0057582747936,0.1311742322857,0.0849624481867,0.3337239440423,0.0351442849284,-0.0608588868073,0.1483010562458,-0.3095349127793,-0.4583147865924,-0.1652741635898,-0.2345622280640,-0.0815346618824,-0.2945558039436,0.4599729854975,0.4945512000471,0.4474250355496,0.3127563008206,0.0695048282767,0.5207000308501,0.4574737723154,0.3012598524319,-0.2396488176693,-0.0309343451461,0.4314557559436,0.6845712582505,0.2825177962984,0.5866136423453,0.5059672144333,0.3165305840357,0.4617508325600,0.4088862340454,0.4383905168642,0.1902996139959,0.3984937648348,0.0075171202405,0.0226947568592,0.6856708122458,0.3611517976280,0.5787439938062,-0.0669010195645,0.2929535605738,0.1260552723640,-0.1398594119882,0.1822051812670,0.0360136175902,0.1150655849692,0.1820057091337,0.1331448520466,0.1363997958292,0.0604612308678,-0.0540082054853,-0.0847883755929,0.0112165842677,-0.1247954655302,-0.0209561849860,-0.0421729703240,0.2447371013355
0.0140819640297,-0.2845507840885,0.0077626489176,0.0995625864419,0.0464113602754,0.0905198519867,0.0543304912914,0.7052582360057,0.5737110527209,0.2993560969952,0.4979798666725,0.5990850585098,0.4609198072808,0.0720194320525,0.2429694656703,0.5369245280587,0.7594398090458,1.0000000000000,0.4553402079547,0.6878809453695,0.4094029793821,0.3114225380557,0.3715636774644,0.4834034107241,0.4463300861516,-0.0050448885923,0.3406545268175,0.0029020129036,-0.1812797411748,-0.2015811318287,0.4975399060354,0.4486559264436,0.6595840017543,0.0300447277447,0.0507055468110,0.0863157351681,0.0705863102234,0.1672435829603,0.0488275495418,0.0536820957880,0.0509664344097,0.2491564109609,0.0262352099266,-0.1334044496100,0.0893718303249,0.0142540177787,0.3456703780785,0.1811395091409,-0.0552559045935,0.3075826709113,-0.0301050235783,-0.4356480300678,-0.0533533230009,0.0528966188837,0.1920633503308,-0.1404036919624,0.6144678838471,0.6446189253989,0.7039164427639,0.4516800713521,0.2260735605925,0.4904005236838,0.4065029050776,0.3764934232841,-0.0584599648977,0.0009435051576,0.3809643408451,0.7781596961455,0.4296244110603,0.6042826786757,0.3800579530878,0.2509916575934,0.5072726383264,0.4201250069102,0.3468592861987,-0.0409706707819,0.3498617249034,0.0830775473327,-0.1874703938594,0.6530759444150,0.1823489302227,0.5654761415203,-0.1937698410097,0.0315756958975,0.0738864449415,-0.1417062085876,0.1261079217381,0.0757722183091,0.0684430219422,0.1332182970620,0.2098265859172,0.0756731667607,-0.1148411617641,0.0018867686551,-0.0248624705519,0.1873621710938,-0.0338677078141,0.0578258062122,0.0744593355308,0.2406713708534
0.0316762761393,-0.1906876156046,0.0391419777694,0.1156189510694,0.0599366737181,0.0933208857791,0.1986733180151,0.5104369473976,0.5348978149061,0.3747473399419,0.1739547830152,0.2334645539197,0.2583886699844,0.0316825900943,0.1970527657960,0.6207501772689,0.3899541505700,0.4553402079547,1.0000000000000,0.5515274515201,0.2950208218994,0.1004638766106,0.0908820252345,0.3130958061900,0.3358245511294,0.1727315547350,0.2036513451584,-0.0660837609586,-0.1298762540608,-0.1436604330684,0.2342148841292,0.2243460349302,0.3922411670034,-0.0792395232506,0.0929451888288,0.5276692773839,0.0081231683108,0.0402645025721,-0.0976026574263,0.0139354677990,-0.0170342970206,0.2508812366399,0.2649093981855,-0.0160095980784,0.1266957748384,0.0589643528915,0.1390130509755,-0.0189594528922,-0.1702636301003,0.1294955348693,-0.0398852067397,-0.2700288430885,0.0423994358716,0.1703663082944,0.1717721379006,0.1731717922793,0.3605616938659,0.4321454904148,0.3556591501997,0.5602665176663,0.2445120439286,0.2262253466908,0.1461817565338,0.1086694349386,-0.0750554537282,0.0339748245149,0.6205686114094,0.3006736786706,0.7156104564723,0.3299744511905,0.1800576102178,0.0488222011597,0.1875328460146,0.3533684263697,0.1975036709933,0.0866495425930,0.1171477639458,-0.0995598898185,-0.2270024998403,0.2824127410212,0.1728374991927,0.1521049257415,-0.0211588179839,0.0838465657681,0.1549584390339,0.0481111794573,-0.0662178297882,0.1993733287061,-0.0357727906124,0.0961871574471,-0.0423232509928,-0.0411904087857,0.0198641475766,-0.0071456149734,0.1395366027151,0.0716175993063,-0.2283577001376,0.0565127152185,0.1229531696596,-0.0130657599485
-0.0013372658921,-0.3086627649895,-0.0904599165479,0.0441127829282,-0.0768854007912,-0.0518615151047,-0.0238510674695,0.6744360078022,0.7119025675475,0.1562753187947,0.3733471725571,0.4529227480955,0.4964842039323,-0.0999059367198,0.0376493405036,0.5469383175359,0.6465582026847,0.6878809453695,0.5515274515201,1.0000000000000,0.3943634137276,0.2012575745893,0.3333163621987,0.5093130052988,0.6706705842199,0.1094670166180,0.5036741633417,-0.0542674846685,-0.1797506418703,-0.2829883901474,0.4377627277743,0.4605754906594,0.7627672095816,0.0520666852290,-0.0061578427309,0.1653614223639,0.1175695841073,0.3680334798833,-0.0939315882703,0.1514493609247,-0.0866383918343,0.1123947380474,0.2148132339807,-0.0153783913470,0.2527462739742,0.0922960715946,0.2632378005553,0.0558869317147,-0.1071580789696,0.1109705985104,-0.1039287727275,-0.4536741826187,-0.0781592719179,-0.0446252533251,0.0470899684561,-0.2056202873619,0.5892343062002,0.5923418010727,0.6130531195850,0.5690325816971,0.1096858596902,0.3716461634117,0.2515691970374,0.2746926791942,-0.2114648937893,-0.1712463426173,0.4611240326747,0.4947275660029,0.4153514841382,0.7927661431563,0.2978213966583,0.1606213975759,0.4522127245057,0.6609753716655,0.3458755463811,0.0956022312059,0.4791848891684,-0.0040413082062,-0.1957231981100,0.5087056487983,0.2644242234445,0.5560420126242,-0.1861376154479,0.1671666259038,0.2206041282864,-0.0934132084011,0.1503676767074,0.0358140765192,-0.0056769764028,0.2704065003073,0.0440542674795,0.1746960686049,0.0081642290600,0.0058078221883,0.0056841386198,0.0931520786092,-0.1252814474160,-0.0127038148912,0.0488535234566,0.0936355380169
-0.2872981961080,-0.2110207517306,-0.1844691583541,-0.0337946988564,-0.2799041353323,-0.1514628944698,-0.1156784820251,0.1677561957246,0.1509197166290,0.2822315611709,0.3975588616336,0.5662735509482,0.3467065679276,-0.0858513456785,0.0860422268937,0.3063785570297,0.6742431631651,0.4094029793821,0.2950208218994,0.3943634137276,1.0000000000000,0.3816187233666,0.6343630140984,0.6398256401193,0.2332965722480,0.3895281312503,0.5072544484432,-0.0666094794027,0.0591884427689,-0.0580783643656,0.5127322431489,0.4245653192991,0.6447003944951,0.0249004288699,0.0957778532202,0.1248707404632,0.1395704430154,0.2025769257571,-0.1074313035290,0.0394124351245,-0.0118503670196,-0.0118974855593,0.3563951328472,0.0862620644557,0.1714666955093,0.2275713004821,0.2327616181269,-0.0986703636469,-0.0023581212721,0.2270086622778,-0.3014636059117,-0.3179352765132,-0.0981969025442,-0.2333387936967,-0.1469582137483,-0.1983189536613,0.1593166754862,0.0889889206492,0.1456586395055,0.0279423780890,0.0951483373631,0.4798275292832,0.3969121573505,0.0599585093066,-0.2313440130452,0.0211988633207,0.2879399739500,0.3731362868006,0.2183481885772,0.2885308958332,0.6658737947270,0.5015962613677,0.4704925971144,0.3414125055958,0.4707841883496,0.3601579882840,0.3988894686078,-0.1439916154943,0.0201617869518,0.4208631612646,0.3487332548916,0.3862636037049,-0.0535861779451,0.1835872243486,0.2077568113215,-0.0723601634651,0.2239843625371,0.1410861914304,0.1837924351531,0.0874245598412,-0.0359983303343,0.0378309852800,0.1504836397877,0.0154763361872,0.0372277579792,-0.0920396149119,-0.1072595907731,-0.0149594705253,-0.0108419280474,0.4425246895297
0.1405984470729,-0.0544369667044,0.2302567823835,0.1841904806150,0.2850843956122,0.3529460519481,0.2266174521812,0.2355738546259,0.2217718046614,0.6234262780506,0.6502839076023,0.6546134639822,0.2426761777648,0.1907304270406,0.3822816275359,0.1473415292737,0.3317852329473,0.3114225380557,0.1004638766106,0.2012575745893,0.3816187233666,1.0000000000000,0.6629656370421,0.3737246241713,0.2497522469667,0.0217646995959,0.2984591892909,0.3609931955674,0.1546289535279,0.1342077612221,0.1568594205436,0.1651706088473,0.2619848340916,0.1633965331066,0.1037403544104,0.0575356994784,0.2056926981657,-0.0459577976040,-0.0429100834093,-0.0608157434924,0.5035947989691,0.4458847595569,-0.2608960050072,-0.1688324610720,-0.1169276949817,0.4852949890654,0.5495906165762,0.1202495598326,0.3223128077885,0.4033636505185,0.1190381046930,-0.1141196476975,0.0504867147292,0.1606807995678,0.3549587620711,0.0285948655396,0.3060013702785,0.1596681766126,0.3349276420251,0.1809937694574,0.6412650838358,0.5349382623222,0.6513618668588,0.3600339854248,0.1719192057767,0.1882796177795,0.0025431160568,0.4419598048811,0.1794211731137,0.3056131213982,0.6124771837509,0.7821903287753,0.5762910648802,0.3770090392330,0.2468824824811,-0.2123528147867,0.2703945222025,0.2754871219196,0.1247916411476,0.2846763766401,-0.0647103635898,0.4080128507237,-0.0119996747247,-0.1192738367678,-0.1639996473575,0.0103006115785,0.3054844779677,0.0311782220044,0.1335305629804,-0.0187868969008,0.0510846309170,-0.0363414587387,-0.2255733090516,0.4926304688136,0.1832459832170,0.1233509553073,0.3106060281020,0.4946087185086,0.4199947460811,0.5881156234981
-0.0236046043222,-0.0761434620492,0.0814062367463,0.1833686824427,-0.0464134100893,0.0283968346267,0.0106858932377,0.1124464514170,0.1332721260399,0.2302516011183,0.6590620411343,0.7062324270440,0.3129262234456,0.0765753492407,0.2265478547278,0.2612326775285,0.5368086569838,0.3715636774644,0.0908820252345,0.3333163621987,0.6343630140984,0.6629656370421,1.0000000000000,0.6003693463742,0.2161348531623,0.3491238312516,0.5712936221280,0.1863207456659,0.0498599176873,-0.0104997445861,0.4607002720614,0.4686300273747,0.5453775994010,0.2830972820807,0.2378652241564,0.0239722495416,0.3260393087707,0.2096908675873,0.0130152782357,0.1093102763915,0.1855291706006,0.1222839771807,0.0813072441524,0.0136584982077,0.0918905442844,0.3768070162400,0.4471108663029,0.0941368398424,0.2400749718219,0.2214240560705,-0.0096821810367,-0.1163830718040,0.0898339274452,-0.1008712352599,0.0329610878297,-0.1650383679151,0.2263973717581,0.0399107546531,0.1866379595384,0.0008283430598,0.1682735143010,0.5960558131032,0.5673493202853,0.2400087074759,0.0347724369942,0.0641622702715,0.1061720595608,0.4599143930593,0.0506396999949,0.3998267241083,0.6651051805037,0.7829765618947,0.6283290748485,0.3751869196075,0.4502511498974,0.1568890008063,0.5237895271643,0.0855569448594,0.0950497985401,0.4448110423353,0.1894785097913,0.4954471382111,-0.0855104701704,0.1513918706821,0.0441046456770,-0.0278513182796,0.3670995228388,0.1093875508495,0.2493559668803,0.1706298416838,0.1046123508825,0.1167490490201,-0.0291703321610,0.2934364954250,-0.0005128486511,0.0627602628748,0.2231035422935,0.0597121417916,0.1608973254542,0.5545748785327
-0.0700195910507,-0.1813751344348,-0.0394779643589,0.1932167658187,-0.0816461773524,-0.0054714113662,0.1147796196215,0.3475374297678,0.3725824418574,0.2110876682081,0.5821615590772,0.5324115820307,0.4731503836151,-0.0814507514724,0.2343502887908,0.3597417656700,0.6309940097592,0.4834034107241,0.3130958061900,0.5093130052988,0.6398256401193,0.3737246241713,0.6003693463742,1.0000000000000,0.3037148576847,0.1692670073363,0.6856198371252,-0.0581703122982,-0.0486440904260,-0.2023950879749,0.5632995539265,0.4262078516694,0.6195106137336,0.0895238319978,0.1852995714855,0.1914620919758,0.3627183359496,0.2837862267872,0.0394261775352,0.1835484102445,0.0402634157644,0.0698847906867,0.2451127741310,-0.0427690529863,0.0934068401455,0.1100327535068,0.2424890937892,0.0427267262930,0.0755066336022,0.2589093431020,-0.0629517460652,-0.3040122843209,0.0787353398683,-0.0812579883696,0.0742252289246,-0.0842091828548,0.3926528883187,0.2426530332278,0.3301348463691,0.2105692680012,0.1085840026355,0.6562576513728,0.3806493715826,0.2149472342979,-0.1391335613463,-0.0375375257883,0.3345678984809,0.4244104885982,0.2198526740078,0.4116342610353,0.5072577727641,0.4608857396363,0.7026715753509,0.4517928920974,0.2730669477369,0.2233496553764,0.5279052230378,-0.0472607941252,-0.1029674628839,0.4570847027220,0.2510166097076,0.3732887006075,-0.2126826923713,0.0641353392431,0.0736421255938,-0.2553582072151,0.3046116138263,0.2536968810430,0.0424796725901,0.1068237282269,0.1547735626977,0.1704063260541,0.0246223381200,-0.0388387509215,-0.1225659612708,0.0888275847007,-0.0212399132708,0.0206943528842,0.0524999267102,0.4294373618348
