1.0000000000000,0.7483099996943,0.6897405645188,0.6893861260769,0.6781611319933,0.3759987559360,0.4583039734322,0.2038387340636,0.2250801666563,0.2001137027924,0.1520726163931,0.0626787408642,0.0974602255252,0.7340197472811,0.5135881826697,0.2618718045552,-0.1124161362288,0.0943396500024,0.2080840228154,0.1659301383588,-0.0749321086699,-0.0320581941684,-0.1186829881800,-0.0055828731088,0.2276721567525,0.2211884627402,-0.0637001729119,0.0184435320906,-0.2434930665872,-0.0614212833446,-0.2583139018524,0.0395377490921,-0.2157271880685,0.0683783872911,0.1283842002305,0.2560866657362,-0.1656103541097,-0.0294850659294,0.0165673129360,0.1439424071270,0.0018429796700,0.1529914675926,-0.2407298376465,0.0658384738921,0.1796227918569,0.0311742117910,-0.0817313453861,0.2696239215686,0.2234759217518,0.1766621412624,0.8078276456696,0.6969100016546,0.6516824622978,0.4565094867085,0.4039615255585,0.6676455315160,0.0866730531424,0.1607816464690,0.2269789348692,0.2624029869037,0.1461350289143,-0.0789592779694,-0.0749985691054,0.1517040076431,0.6568350111137,0.1947323453698,0.0897984987867,-0.0352887473322,0.3386767091428,0.1100100756342,-0.1087997674517,-0.2524807358224,0.1484586221508,0.2668842655952,-0.0817796096062,-0.3656352098349,-0.0890538884920,0.0113161079105,-0.0297397032768,-0.1178379582660,-0.4805697306164,-0.2293997350265,-0.1339356943115,-0.2269149982914,-0.0890432839829,-0.0006318943603,-0.0685349232130,0.2678306483891,-0.0805861903313,0.1766510886596,0.0718696290135,-0.0357539403711,0.1311476425011,-0.1322835800250,-0.3664388531862,0.4363598465974,0.2917178055892,0.1417270401474,0.1007412778750,-0.0904289184070
0.7483099996943,1.0000000000000,0.5004928783968,0.5547212982198,0.2998825534082,0.1877068068514,0.2252334164163,0.1422201189989,0.1497843765090,0.0903962565823,-0.0285279027736,-0.1622384856911,0.0352913891752,0.6420474000210,0.4326995075533,0.2152799740402,-0.1987407833139,-0.0140401780142,0.1287200579116,0.0162370268468,-0.2250275335985,-0.2267336914910,-0.2593014957956,-0.1318488766026,0.1049645276446,0.2321064975726,-0.1749325606174,0.0217892200361,-0.0669243267081,0.1273438701247,-0.1878186626286,-0.0418184809439,-0.2405379810955,0.0340780613958,0.0964155099083,0.2163390693199,-0.1274684980200,-0.0875697181601,-0.1008961845881,-0.1035951714649,-0.1142578961914,-0.0142428233298,-0.3177366085214,0.0685102005438,0.1362764505256,-0.1426643073072,-0.2045778948337,0.0906074030815,0.0653000002128,-0.0054166147661,0.5643220366118,0.7561086773711,0.5895248700498,0.2970485570179,0.1713396612663,0.5178558510457,0.0516961397842,0.0995186944824,0.0516991203289,0.2067447156297,0.0236532841849,-0.2143597023374,-0.1621769989129,0.0646321951303,0.5534640461011,0.1102964577640,0.1576452393670,-0.1490000502052,0.2664735664705,-0.0633747131609,-0.2444012248958,-0.2978259698544,-0.0184522301893,0.1835702365900,-0.0924136615160,-0.1182653839053,-0.1298759274530,-0.0536203495842,0.0023001990428,-0.1353260300369,-0.3312504171621,-0.2762462030853,-0.0354716339513,-0.1856848210280,0.0739020651993,0.0794908901343,-0.0647416608489,0.3341904868834,-0.1903411182190,0.1769271507064,-0.0373090018840,-0.2278186086830,0.1198994679829,-0.2394106305856,-0.2471121306453,0.2514840062332,0.1604254152632,-0.0865362837139,-0.0737659783701,-0.2226924887866
0.6897405645188,0.5004928783968,1.0000000000000,0.7406892378061,0.7400490603338,0.7730005322017,0.7566738105697,0.4984559877934,0.3924510539459,0.3148452592286,0.3451409068685,0.2060840590759,0.2541652455459,0.3924001696187,0.4190680711112,0.3862628049326,0.0333140227613,0.3072119461719,0.3474606743129,0.2992044253558,0.0010787045871,0.0272945602288,-0.1554489241427,0.0532087738507,0.3214511589644,-0.0087852921654,0.0030520934267,0.0205665377750,-0.3114357326940,-0.2639377570328,-0.2504926487201,-0.0186741753241,-0.1682198911843,-0.1695607079650,0.1553210291884,0.2711855311929,-0.1520099395934,-0.0247483251918,0.1325014463643,0.1013706121831,-0.0497391079927,0.1825343636387,-0.3256390022172,0.0030812686528,0.1558950447524,0.0477086932649,-0.1054509944445,0.4277518178035,0.1366349095641,0.1744721267594,0.6525893672556,0.4355196921985,0.5466584095913,0.8322929259478,0.6956393493804,0.8045462033229,0.2565426053325,0.4412949807472,0.4704151412626,0.4205718503288,0.2044074125441,0.0971237662942,0.0186110003545,0.3062714885608,0.4247070256776,0.0584970957529,0.2660853577728,0.1260941668172,0.3753565710830,0.2703954320719,-0.0344373475705,-0.3038015840386,0.1651624900519,0.3060262316426,-0.0238245069282,-0.5642013929637,-0.1631360406794,0.0673312104287,-0.2064314816706,0.0804938926903,-0.4746310478326,-0.1106173157830,-0.2037265808469,-0.1215077772895,-0.1213286663061,-0.2390059748803,-0.0660764977734,0.2880019824104,-0.0388669457171,0.1396111353686,0.2424463599112,-0.0655963582541,-0.0612550893955,-0.2466076195891,-0.3792333466564,0.5578447120244,0.2151190578622,0.0810839520074,0.0407130893251,0.0319187024357
0.6893861260769,0.5547212982198,0.7406892378061,1.0000000000000,0.6257219166980,0.5184927403804,0.7669146120139,0.4801832237427,0.4182768098458,0.1278578805845,0.3705985933227,0.2418036305619,0.2251028151353,0.5076220316124,0.7267646363395,0.5359369877430,0.0525971023379,0.3131687003806,0.4206702358793,0.3895923935093,0.0658490994221,-0.0550048357969,-0.0922136160104,0.1579327863128,0.2820431717804,0.1813105040492,-0.0212560681802,-0.0078029744490,-0.2745178072230,-0.2594051320825,-0.2042066297131,0.0594202827123,-0.1634061053314,-0.1105091201530,0.1545494129818,0.3952462541020,-0.3077614969581,0.0499853206035,0.2183681146580,0.1861802517213,-0.0314316324511,0.1257306550561,-0.2245650373965,0.0454384434205,0.2352454283707,-0.0741140787714,-0.2295423722074,0.3880320728367,0.1071641616923,0.3011517579425,0.6686385356437,0.4597478669350,0.8023603397960,0.4870435162478,0.5430246719836,0.8165832220593,0.2163123350377,0.4290391451808,0.5243539763305,0.4472508188604,-0.0252898595996,0.0697392249733,0.0040485340591,0.2937840528368,0.6424983083952,0.2297752045759,0.3782180266289,0.1532377455941,0.4614602944934,0.3492852519563,-0.0597362018095,-0.3294395599231,0.2605935003782,0.2767530360035,-0.0571711458844,-0.4978172831432,-0.1798060660595,0.0420065975898,-0.1768413639857,0.0951426171515,-0.5418185604643,-0.1306799353703,-0.3047283401243,-0.2037664740229,-0.1675328983565,-0.2890583813767,-0.2042572151242,0.2746019065217,-0.0124449827273,0.1766605974955,0.3669867598218,-0.0848412142928,0.0562451505763,-0.4081834347262,-0.5333704942298,0.4851917536426,0.1885679008651,-0.0424365007232,-0.0334962082723,0.1554516944393
0.6781611319933,0.2998825534082,0.7400490603338,0.6257219166980,1.0000000000000,0.7322470885030,0.7168693894886,0.3968603798583,0.3154929230006,0.4080706770209,0.3855270391468,0.3509441444583,0.1883476406162,0.4074610343910,0.4073681581980,0.2954263796297,0.1063002984010,0.3108587571081,0.2838838423282,0.2923838592667,0.0993872631490,0.2346410341319,0.0003257212222,0.0903037745694,0.3159602992506,0.0792125275380,0.0461788723946,0.0099638483638,-0.2500259429764,-0.2406203701564,-0.2416360710520,0.0912559767543,-0.1245927473089,-0.0712826881106,0.0990489143050,0.2260762323546,-0.2162249882084,0.0262722036441,0.1642476947037,0.2704100640575,0.1519979948622,0.3500772719888,-0.1848134503685,0.0842353500269,0.1846293249422,0.1997656897113,0.0871069422540,0.4738582450029,0.3262341177653,0.3449385306203,0.7057675997474,0.2649688795083,0.4754842328564,0.6885626407167,0.7657104779928,0.6598930652341,0.2366711439115,0.3796487506928,0.4562372350743,0.3507912756209,0.3660348147831,0.1691307652580,0.1358028082884,0.2129386791738,0.4079887825519,0.1149057043160,0.1100204338196,0.1835029139238,0.3339542253298,0.2508087333782,0.0897001077690,-0.1549621293728,0.2389559134247,0.2517762122973,-0.0321035999126,-0.4748262583145,-0.1604654890927,0.0497443965326,-0.1109829280485,0.0186689526319,-0.4488534581339,-0.0827754858295,-0.2297251955420,-0.1776813590562,-0.1506034162918,-0.2591027117177,-0.1879735040518,0.1171240369595,0.0262680137796,0.1000033853246,0.1669779401526,0.0667962839060,0.0923698114304,-0.1238233050386,-0.3463707093444,0.5654227712845,0.3409569343016,0.2496264072007,0.2803861334684,0.0767720470593
0.3759987559360,0.1877068068514,0.7730005322017,0.5184927403804,0.7322470885030,1.0000000000000,0.8283182281680,0.6184360284065,0.5280059924060,0.4685920661136,0.4182835854107,0.3379324654583,0.4245896830787,0.1772300333369,0.3095893979341,0.4121198539441,0.2465871176572,0.4095741779865,0.4318067666942,0.4382634368003,0.1657318338500,0.1774302009597,-0.0859765431280,0.2007451886278,0.4495130444463,-0.0429737863868,0.0888766124912,0.0012653666425,-0.2534408814806,-0.2859616175306,-0.1655674987884,0.0800068867036,0.0586905705126,-0.2089419948357,0.0878895153312,0.2506511955583,-0.1279521765400,0.0269466641252,0.2251880612054,0.1423486167114,0.0403025973432,0.3241929186672,-0.1816894069875,0.0598809526616,0.1913370168003,0.1848596718523,0.0727470373784,0.5452873479169,0.1538922937595,0.2804944762502,0.4087129781076,0.1477674905552,0.3377708230940,0.9080006366420,0.8979390555397,0.6775112351118,0.4399588827013,0.5327624795273,0.5327353981744,0.5492932919721,0.3125448755746,0.2352413362527,0.1435989380688,0.3948500657744,0.1784703260846,0.0015660576535,0.2601298088178,0.2400012604872,0.4098251828494,0.3212349606211,0.0563499245862,-0.2192546431252,0.2516333305849,0.3480836835655,-0.0081125467563,-0.5123705263370,-0.1741790944399,0.0115100992793,-0.2492646021968,0.1462192661251,-0.3491208884393,0.0715625244287,-0.2532651572019,-0.0784245003055,-0.0893679236471,-0.3791025309893,-0.1379511018023,0.1471945016269,0.0553242084961,0.0591957793714,0.2089827558625,-0.0177792962977,-0.0274033311502,-0.2391229403070,-0.2400997437113,0.5965141803996,0.1592023680076,0.1253059386673,0.1649496409375,0.1206156580153
0.4583039734322,0.2252334164163,0.7566738105697,0.7669146120139,0.7168693894886,0.8283182281680,1.0000000000000,0.6491959009904,0.5682048119044,0.2824892069154,0.4203742990423,0.3200537309996,0.3612162642813,0.2482903694515,0.5076495173920,0.5147148777193,0.2201048345200,0.4623201441743,0.4979139515410,0.4665838855902,0.0975910211752,0.0524208762050,-0.1539272016491,0.2069697299613,0.4121830039774,-0.0151303823365,0.0150270658384,0.0106695525293,-0.2858222748840,-0.3428074117729,-0.2172532523885,-0.0002719724147,-0.0720904387007,-0.2397775510469,0.1585760952781,0.3286954581447,-0.2316462708643,0.0509672240002,0.3128285456121,0.1712168113012,0.0491137273802,0.2386764460696,-0.2130801063465,0.0479685317297,0.2120750445227,0.0128037185741,-0.1358097086355,0.5275577930352,0.1220220277120,0.2949517129543,0.5443798699908,0.2177969314299,0.5249290287807,0.7437015370765,0.8249647557275,0.8208612122826,0.4146558848261,0.6075056486289,0.6905732029334,0.5896576246015,0.0999496337201,0.1968942391939,0.0588228080453,0.3746874404169,0.4090462660471,0.0253345969675,0.3701047763410,0.3026179473430,0.4588789690426,0.3668188747894,0.0077391397756,-0.3562558208067,0.2496843984079,0.3328973473264,-0.0549708082791,-0.5818325301577,-0.2887661069597,0.0381894633082,-0.2056206137921,0.1804591518485,-0.5085401928594,-0.0408940973986,-0.3044808144544,-0.1720881984190,-0.2154225197588,-0.4655099722018,-0.2138112412086,0.1801121604423,-0.0291981223243,0.0443470077108,0.3453715205158,-0.0669251403908,-0.0163164955414,-0.3959763090000,-0.4379335980360,0.5680700490496,0.2044083510641,0.1196861298497,0.0358655629222,0.0977379523597
0.2038387340636,0.1422201189989,0.4984559877934,0.4801832237427,0.3968603798583,0.6184360284065,0.6491959009904,1.0000000000000,0.7478464205062,0.3653073502590,0.3532212983781,0.3601141957481,0.5830857890564,0.0281400001287,0.2383012285156,0.5866706266956,0.4342324930007,0.7079008732985,0.6106957915316,0.6740757751999,0.1646066226704,0.0138437285814,-0.2259436709763,0.2166396634414,0.6529123455600,-0.1371839845082,0.0378522837408,-0.0482257849363,-0.3190999514646,-0.3712324060735,-0.0862820661382,0.0476968778860,0.2068219496564,-0.3901180077138,-0.0519017642822,0.2663220644773,-0.1826633048384,0.0768055262300,0.0490856405859,-0.0883498343776,-0.1698515508810,0.1811236030567,-0.2634805366036,-0.0708301326428,0.1621295634257,0.0228491510760,-0.0799619314546,0.2928871506778,-0.0303955557052,0.0746464640653,0.2538512261786,0.0790070786532,0.2206663268433,0.5436689655824,0.5728399069735,0.5029346477740,0.6652558851302,0.7922446384810,0.7320132816500,0.7343403475593,0.2000347281767,0.1736348135505,0.1710613148720,0.5185518113936,0.1594463610389,-0.2023467417022,0.5279443272401,0.4618408078302,0.5336153604904,0.5117719138664,0.0805674490209,-0.3533656301046,0.2871407555967,0.4848768996752,0.1314375192495,-0.4695989062921,-0.1788358336961,-0.0037075165136,-0.3713960793107,0.3956712639168,-0.3314323722914,0.1760782584105,-0.2979560710532,-0.0172914102133,-0.0730446670964,-0.3630432389450,-0.1527227188321,0.0472158090248,-0.0620382202894,0.0463115179624,0.0814326341480,-0.2670848115178,-0.1600510646678,-0.3374374019023,-0.2001236052755,0.3143112873970,-0.0427334673293,-0.0329047479013,-0.0423101066559,-0.0956740695424
0.2250801666563,0.1497843765090,0.3924510539459,0.4182768098458,0.3154929230006,0.5280059924060,0.5682048119044,0.7478464205062,1.0000000000000,0.3370276746860,0.3861069076832,0.3060470131897,0.5511071458053,0.0893881069197,0.3036982947211,0.5867052990107,0.3765959224984,0.4814582763315,0.5969889610776,0.7665198974549,0.2801493493268,0.0193390854710,-0.1067446850662,0.4823760987664,0.6817510529261,0.0680145495589,0.2047109347962,-0.0189577151573,-0.2030053562111,-0.2206363786374,0.1288660811383,0.1827313801310,0.2592499516221,-0.1309963412606,0.0069095203991,0.3248902543967,0.0289947238153,0.1827923317400,0.0927004194433,0.0643239363877,-0.1128204072098,0.1731388381472,-0.0473552266309,0.0374930528962,0.1979436850662,0.0645681581716,0.0002450668231,0.2958770779137,-0.0533722831445,0.1798360937939,0.1461074618101,-0.0151457761826,0.2468359274397,0.4664205781784,0.5124682756032,0.4230739472354,0.6381408582368,0.6855277959085,0.7091377614471,0.9452272429024,0.1122675588191,0.2572218131909,0.0492855600929,0.4804159962300,0.1280383072726,-0.1068931657511,0.4946442175759,0.2811422424603,0.6026305049661,0.6013846866125,0.0293606809056,-0.3058839272746,0.4641641470684,0.5261680013763,0.1027455331836,-0.2953606790463,-0.0483063057819,-0.0538679871514,-0.2430769005852,0.3372187343313,-0.3401963557382,0.1319073580969,-0.2792455293236,0.0557656418713,-0.0422638563840,-0.3332364242398,0.0483058569055,0.0825946933450,0.0447898923007,0.0170929339208,0.1264126922441,-0.1004298623168,-0.0171618135038,-0.2253372036641,-0.2819222185390,0.2955038213815,-0.0924453973096,-0.0862477619331,0.0033045264866,0.0007898958020
0.2001137027924,0.0903962565823,0.3148452592286,0.1278578805845,0.4080706770209,0.4685920661136,0.2824892069154,0.3653073502590,0.3370276746860,1.0000000000000,0.4292198939767,0.4709494263952,0.4383091987507,0.1589242324054,0.2195106836813,0.1867203192103,0.3193478972609,0.3114549561598,0.3156914174002,0.2981016118063,0.2448881175946,0.5941630232180,0.1882792867386,0.3155197585039,0.4274805399696,0.1088033546381,0.3652289713178,-0.1936758088475,0.0183756559993,-0.0666387117279,-0.0326072311703,0.1092689385788,0.2173617644611,0.0268315701709,-0.0299858642432,0.1519793674457,0.1195268335282,-0.1294924576988,-0.0654092536665,0.1277047574929,0.2132638020920,0.4540757617799,-0.0788634169972,-0.1187465775446,-0.1197517731349,0.3917249955886,0.2252013782029,0.1564439186793,0.0834718937992,0.1837830136698,0.1940337329444,0.0126151422693,0.1070964923910,0.4381662818128,0.4497539922059,0.2839793901580,0.4325396569727,0.2929801276416,0.2832555931381,0.3536295767153,0.8699345605910,0.4172753442631,0.4933184717716,0.3310573864364,-0.0051432163387,-0.0193177162823,0.1329652652017,0.2603129316639,0.3851080488800,0.1572805395846,0.2939292307062,0.2333139659386,0.3038883072165,0.4532018042389,0.0119055771275,-0.1752127408985,0.0177006603668,-0.2852979286933,-0.1464250391045,0.0932275694704,-0.1508396595336,0.0472829409944,-0.3503810711331,-0.1087173220213,-0.1542554103089,-0.2798507448894,0.0452363791638,0.0744082252003,-0.0792256992320,-0.1189876054909,-0.1394200777501,-0.0568135759490,-0.1273239717332,-0.0806069715021,-0.1563858773132,0.2261310016931,-0.0636090701013,0.2514847060873,0.3399781764723,0.0553848480462
0.1520726163931,-0.0285279027736,0.3451409068685,0.3705985933227,0.3855270391468,0.4182835854107,0.4203742990423,0.3532212983781,0.3861069076832,0.4292198939767,1.0000000000000,0.8295411403832,0.5504609178545,0.0216034715484,0.1487331826088,0.3063770393377,0.5468421111246,0.4879771879369,0.0876417681237,0.4416673400974,0.5062398271818,0.6040004154076,0.5657684626278,0.5672966123311,0.3110988812261,0.0996589820735,0.5980238125900,-0.0241551185706,-0.1005943971229,-0.3761709276321,0.2706686724248,0.4266584001072,0.3865275775610,0.0161232004298,0.1533510410809,0.0796303939532,0.0584478385414,0.3682183769935,0.2421618565123,0.4468205024850,0.1987660443773,0.3365094706046,0.1024995947461,0.0756369231721,0.2151696663563,0.3407197674917,0.1852074691771,0.4429895570790,0.2744435189316,0.4723806344162,0.2244026736760,-0.2241215440702,0.2035832703838,0.3003305572865,0.4600268452270,0.2564081533803,0.3794714281048,0.4170598001181,0.4620879292331,0.3544799463600,0.3313990430395,0.7842887160180,0.5383402206658,0.5159670628225,-0.0189749895314,-0.0380189181683,0.1557540099037,0.5622697547924,0.1805443513605,0.5116398864590,0.4940762606700,0.2694693962231,0.6375989952479,0.2768527160658,0.2534303294429,-0.2348385481202,0.2215990083955,0.0409848834404,-0.0740159667831,0.4306089477261,-0.2537179920364,0.2788264112062,-0.3801877375399,0.1405615083673,-0.1291731944032,-0.5004500127373,0.1031349606825,0.0044583057977,0.1271341111967,0.0414382965643,0.3014606080482,0.2599875110259,-0.0253569219292,-0.1312487955994,-0.4979438615747,0.4227642280357,0.2154757652611,0.0687451385736,0.2504464767013,0.3051111900401
0.0626787408642,-0.1622384856911,0.2060840590759,0.2418036305619,0.3509441444583,0.3379324654583,0.3200537309996,0.3601141957481,0.3060470131897,0.4709494263952,0.8295411403832,1.0000000000000,0.5765868882810,-0.0269848034672,0.0829073413821,0.2540154999519,0.6857976392756,0.6028473333719,0.0865345429780,0.4994865604853,0.5910479453273,0.6536333273559,0.6081526203290,0.4809444253444,0.3923630771222,0.1227707527812,0.5664836047699,-0.1076560527654,-0.0781518696513,-0.3843901027733,0.2782227572772,0.4541270847841,0.5441084720854,0.0306150087511,0.0611894245661,0.0397171013966,-0.0273592619961,0.3522544383608,0.1681581136477,0.3694396836115,0.1317054555712,0.2983375480679,0.0941463281956,0.0580153457451,0.2043326548563,0.3461664857205,0.1972162961126,0.3543740588719,0.1859716656274,0.4293145710190,0.1367451846513,-0.2666930721989,0.1108510569632,0.1932972084664,0.3496923847603,0.1341301444932,0.4283777765480,0.4035160171640,0.4617588916171,0.2628949347273,0.4120117493302,0.6691049907284,0.7417306993779,0.5032453907043,-0.0492512564846,-0.0432054671360,0.1375598224867,0.7005387709517,0.2200098533057,0.5865925833744,0.6601969365661,0.3579935714404,0.5944565158273,0.3265445416444,0.3046305471771,-0.1450970356220,0.2124714016479,-0.0565971585133,-0.0711239159025,0.4762044975677,-0.1693544099515,0.4016175267972,-0.3938876531725,0.1436368408264,-0.0764001024199,-0.4378313168970,0.0280787363853,-0.0842061321465,0.1446477099894,0.1002847570730,0.1852309053941,0.2067933295523,0.0088644473324,-0.1083844256947,-0.4474935886557,0.3308011684484,0.1533151690110,0.0566368921109,0.1649868926411,0.3516330123931
0.0974602255252,0.0352913891752,0.2541652455459,0.2251028151353,0.1883476406162,0.4245896830787,0.3612162642813,0.5830857890564,0.5511071458053,0.4383091987507,0.5504609178545,0.5765868882810,1.0000000000000,-0.0518882263898,0.0999825818414,0.3538805966567,0.6305528712188,0.5174055740593,0.2222325808951,0.5315944391479,0.4427318792798,0.3264787875682,0.2171131730630,0.4079435083565,0.5159699007681,-0.0263321207524,0.3327305134136,-0.1409241585289,-0.1900572085992,-0.3065721801827,0.2109490922934,0.2377136570974,0.5500232035641,-0.2104445836425,-0.0059094545263,0.0891384124531,0.0183716886880,0.1810116792801,0.0572865059833,0.0261714583998,-0.1374265382703,0.1303813175263,-0.0283772704619,-0.0551628932757,0.1042279690868,0.1148464576217,0.0588555633275,0.2996289147254,-0.0001341952197,0.1444883925116,0.0652819692216,-0.0177553137520,0.1084683613734,0.3153531803544,0.3953132276387,0.2366642290799,0.7441798923943,0.5217222782104,0.4500562541859,0.5255050900698,0.2874730794324,0.4762037149352,0.5371761436171,0.8989778694486,-0.0591204996258,-0.1193077853874,0.2865130507628,0.5526242170000,0.3263444392450,0.4061484630598,0.3935654040076,0.0888204200523,0.4570662603460,0.4386884895141,0.2533040345245,-0.1858383249245,0.0683884346954,-0.1611101751027,-0.2474044407639,0.4209135535536,-0.1413659475213,0.3456106952853,-0.3591585569798,0.1173989874334,-0.0210973137353,-0.3249518622475,0.0654330382366,0.0244756421364,-0.0026957268045,0.0159742052644,0.0408816061354,-0.1119362341438,-0.1469375447464,-0.2608613617542,-0.2453363828111,0.2906657801014,-0.0625938167823,-0.0449148828494,-0.0310828467277,0.0945383663781
0.7340197472811,0.6420474000210,0.3924001696187,0.5076220316124,0.4074610343910,0.1772300333369,0.2482903694515,0.0281400001287,0.0893881069197,0.1589242324054,0.0216034715484,-0.0269848034672,-0.0518882263898,1.0000000000000,0.6475546432192,0.2796676730280,-0.0507835364882,0.0151197280336,0.2145868628345,0.1090315218700,0.0206600201723,-0.0121813527564,-0.0796792197443,0.0499681224184,0.0771690124595,0.3196996851729,-0.1179518130656,0.1506595895396,0.0433722995294,0.2952430424754,-0.1236465831759,0.0583408608897,-0.1544758594357,0.1709132268445,0.0598934573847,0.3184970096322,-0.1936968129844,-0.1162025882752,-0.0458588058567,0.1330992592303,0.1943232989563,0.1584618440336,-0.1371237521753,0.0423380307693,0.1165066487651,-0.0288197952649,-0.0361602186355,0.0791951882229,0.3112759912263,0.2683214791922,0.6369748306967,0.5406478976918,0.6387527362906,0.2194039368042,0.2126457700367,0.4469658498178,-0.0283732891664,-0.0256088700730,0.0845296775808,0.1288959851520,0.0514929728048,-0.1487299439042,-0.1212686175727,-0.0275356798692,0.7342955907687,0.3158549543341,0.1439446026763,-0.0758807127777,0.3224019346168,0.0513618482103,-0.1154128060999,-0.1494141520911,0.0753628968729,0.1460230189586,-0.1473084663115,-0.1573666052988,-0.1376697904110,0.0744477469552,0.0675579385390,-0.1222477207624,-0.3571260480932,-0.2441951218743,0.0613117407850,-0.3211976312299,-0.0655623053369,0.0233669772371,-0.1636948157415,0.2319466013732,-0.0788644701555,0.1218284930490,-0.0032486833690,-0.1128993300828,0.1425101643111,-0.2090126990012,-0.2990537220165,0.2309326129011,0.3532231370734,0.1402108720084,0.0884455896427,0.0460779995274
0.5135881826697,0.4326995075533,0.4190680711112,0.7267646363395,0.4073681581980,0.3095893979341,0.5076495173920,0.2383012285156,0.3036982947211,0.2195106836813,0.1487331826088,0.0829073413821,0.0999825818414,0.6475546432192,1.0000000000000,0.4228652632300,-0.0068158783493,0.0875490168991,0.3866961999831,0.2681289874761,0.1162359423290,0.0127770845633,-0.0669714832969,0.1769483276520,0.1531790231338,0.2761019145397,-0.0547221278956,-0.0141507016097,-0.0364692921334,0.0314302570672,-0.1297234092600,0.0570942662844,-0.1700925323660,0.0730398018434,0.0519819942300,0.3919863435638,-0.1710849453004,-0.0923625519650,0.2165021351053,0.2447095299351,0.2050624045401,0.2331358532030,0.0285295240402,0.0881772776160,0.1218078226939,0.0114479809704,-0.0691387505970,0.2094278684886,0.1051662827780,0.4140030850136,0.4301295492606,0.3937445572621,0.7450203732415,0.2513556503579,0.3336469255699,0.6069899692902,0.0944530937957,0.1543031874250,0.3093423517366,0.3090270393252,0.0266116855782,-0.0632715189235,-0.0419452345069,0.1191175630349,0.6703749046106,0.5088320002397,0.2949309040406,-0.0243379245850,0.4735095126934,0.1564686388260,-0.1399949747916,-0.1890752193139,0.1530948947967,0.1915558169347,-0.1896948020223,-0.3114950519993,-0.1834269496847,-0.0121459236160,-0.0483879297894,-0.0847861170074,-0.4304754986366,-0.2035796765926,-0.1897117947005,-0.2706276470412,-0.1199393049656,-0.1601800742053,-0.1558619618028,0.2628521320966,0.0954462012626,0.0945863978826,0.2685983011906,-0.0264773726422,0.1652138409373,-0.3238432173854,-0.3780713326557,0.2486229029202,0.0481860180028,0.0349786504894,0.0637416362069,0.2520391886956
0.2618718045552,0.2152799740402,0.3862628049326,0.5359369877430,0.2954263796297,0.4121198539441,0.5147148777193,0.5866706266956,0.5867052990107,0.1867203192103,0.3063770393377,0.2540154999519,0.3538805966567,0.2796676730280,0.4228652632300,1.0000000000000,0.3995783188564,0.5080776696642,0.7317436079229,0.6752106828947,0.2484175873255,0.0444107987277,-0.0808772327516,0.2881078258326,0.4127351307988,0.1413357425624,0.1388986192268,-0.0391989502462,-0.0883586455759,-0.0891694985408,0.3557019511549,0.3365786170595,0.2664982406634,0.0305161658881,0.1572259090660,0.7241781221017,-0.0766212849621,0.1812265463484,0.1958596755954,0.0664631626040,0.0056466570489,0.2141422971045,0.0836221440088,0.0150960541313,0.2910294893572,0.0489641931387,-0.0150536513424,0.2716205929736,0.0879246188025,0.2725938048245,0.1930447920109,0.0993450913965,0.5082104189659,0.3118655195888,0.3912263014172,0.4517452548401,0.3176883278986,0.4099943838980,0.5274929656650,0.5270766080780,-0.0564459705290,0.0727636549665,-0.0138772824121,0.3195124972874,0.2882616757147,0.1437115724735,0.7938252367013,0.3703270779169,0.6541277575306,0.5567004517146,-0.0538880998582,-0.2989062860705,0.2623562071361,0.3066189381583,0.1719053733215,-0.3289880185022,-0.0283294665186,-0.0498077833237,-0.1089102364528,0.5369176521597,-0.3290496472905,0.1535923115949,-0.1976429378174,0.2674185901208,0.0221746075069,-0.2827419081768,0.0401521799179,0.3536791198499,0.1633646924437,0.1777343219083,0.2797563014408,-0.1406935443253,0.0180314395299,-0.2821316958655,-0.3946800957588,0.3607048383598,0.0910801507954,-0.0593902828416,0.0042620161023,0.0625381906285
-0.1124161362288,-0.1987407833139,0.0333140227613,0.0525971023379,0.1063002984010,0.2465871176572,0.2201048345200,0.4342324930007,0.3765959224984,0.3193478972609,0.5468421111246,0.6857976392756,0.6305528712188,-0.0507835364882,-0.0068158783493,0.3995783188564,1.0000000000000,0.7804445651211,0.2490415212725,0.5641850691032,0.5593968607947,0.4740784258520,0.3674142898599,0.4720498968673,0.3457699135419,-0.0878272676209,0.3733013352856,-0.0642310903620,-0.0218100514425,-0.2197975870520,0.5089642243619,0.3996100212800,0.7777895249688,-0.0335615669045,-0.0992424254040,0.0480618874968,0.0237324480591,0.2826636860333,0.0281903706941,0.1284514900269,0.0516632254222,0.1465998174397,0.0844498609534,-0.0308532375450,0.0666058172350,0.1190502302494,0.1779069967592,0.1760088449131,0.0843001903589,0.2378247718093,-0.0826498909900,-0.3685747319977,-0.0426424849654,0.1075372861033,0.2779386482467,-0.0344361409912,0.4928135971404,0.3514046729435,0.4750353742163,0.2960922253143,0.1729993813114,0.4953899788407,0.5290013350075,0.5190289214906,-0.1599841881980,-0.1845474241400,0.3600700279118,0.8084975723989,0.2649795187092,0.5439532694065,0.4972649699522,0.2413671428786,0.4190591504658,0.1769955612697,0.2608653946327,-0.0189422146772,0.0868583033023,-0.0401197510829,-0.0660181038005,0.6616054942266,0.0168140099011,0.4658582420663,-0.2182310178684,0.1995217819026,-0.0214692423523,-0.4004606240515,0.0309366993141,-0.1404720868087,0.0580459577944,0.0004636184051,0.0668221638180,0.0061126526822,-0.0838325606886,-0.1311853030580,-0.2710080786328,0.1430356012688,0.0253514379456,0.0311747695066,0.0374367266623,0.1684832008585
0.0943396500024,-0.0140401780142,0.3072119461719,0.3131687003806,0.3108587571081,0.4095741779865,0.4623201441743,0.7079008732985,0.4814582763315,0.3114549561598,0.4879771879369,0.6028473333719,0.5174055740593,0.0151197280336,0.0875490168991,0.5080776696642,0.7804445651211,1.0000000000000,0.4067244918093,0.6254738175968,0.3151874474127,0.2310609347509,0.1031172235892,0.2921863891058,0.4690748611207,-0.1106228453801,0.2143457058961,-0.0267433333243,-0.2254339370031,-0.3570808357847,0.2227348699706,0.2593231595376,0.4968387835031,-0.1792264950080,-0.0421185831467,0.1521681130342,-0.0821747642808,0.1717236937989,0.0735498052976,0.0450363133709,-0.0922021957883,0.1964564266626,-0.2175296566055,-0.0913541342361,0.0902939029049,0.0377575667877,-0.0148691905682,0.2388437904467,-0.0124516432078,0.2051724655333,0.1728530560087,-0.1330797074673,0.1115564462004,0.3350898292021,0.4202196191085,0.2729300880555,0.5321786303750,0.6022651523918,0.7385336060406,0.4441319164107,0.2055222232810,0.3468965240695,0.4128144534345,0.4569776994920,0.0507688006942,-0.2295176279924,0.5064007850919,0.8168843468434,0.4362016215567,0.6108439216163,0.3361354523595,-0.0463706395116,0.3496281131781,0.2708724553490,0.2163463297807,-0.2542545091667,-0.0513637234242,0.0323462607513,-0.2574281242902,0.6831503366972,-0.1552781766696,0.3500536897573,-0.2926070174462,0.0758829989390,-0.0656150561799,-0.4058705398358,-0.0577802389272,-0.0124737252850,-0.0479051392904,0.0697586019673,0.1388147108659,-0.0863243644233,-0.1755672416711,-0.2248577445777,-0.2629306777509,0.2698276589374,-0.0124420308473,-0.0253711717460,0.0367120841123,0.0002303646204
0.2080840228154,0.1287200579116,0.3474606743129,0.4206702358793,0.2838838423282,0.4318067666942,0.4979139515410,0.6106957915316,0.5969889610776,0.3156914174002,0.0876417681237,0.0865345429780,0.2222325808951,0.2145868628345,0.3866961999831,0.7317436079229,0.2490415212725,0.4067244918093,1.0000000000000,0.5983550122963,0.1009204352983,-0.0158582373826,-0.2537644933256,0.2691305470613,0.4527774782896,0.0079761187181,-0.0303413938866,-0.0655354523249,-0.0953929391311,-0.0617189526160,0.0563605949115,-0.0241599305541,0.0697608062900,-0.0988718945638,0.0228509119253,0.5870281502384,-0.1167525725723,-0.1020866614993,0.0004319939751,-0.0856042621909,0.0050883875218,0.1098934845987,-0.0521959848307,-0.1898169754433,-0.0148946623249,-0.0315552211392,-0.1044508723328,0.0786155187535,-0.0671345063981,-0.0013954136349,0.1429936845588,0.1454950803498,0.3287136603568,0.3738455698275,0.4112261924140,0.4414291438508,0.2923445566722,0.3541668183766,0.4798557919079,0.5365873714204,0.0609628005081,-0.0140639571641,-0.0588550948912,0.1701300255070,0.2651971322890,0.0381617365522,0.6644725884223,0.1520396984841,0.6977366242966,0.4119501051395,-0.1491361537408,-0.3285734515999,0.1578707275064,0.3701639120413,-0.0396398708396,-0.2835590646971,-0.1422909001599,-0.0764911231357,-0.1908284835416,0.2483122776502,-0.2465155877488,-0.0458759156627,-0.1095301181524,0.0396387218732,-0.1156118139085,-0.1882434026510,-0.0872432306810,0.2157676260478,-0.0040467325684,0.0032166187812,0.0596669769397,-0.2234719426462,-0.1057157494639,-0.2767710907586,-0.1899434767366,0.1262810457391,-0.0961323099376,0.0293512700193,-0.0464887601274,-0.0361529089955
0.1659301383588,0.0162370268468,0.2992044253558,0.3895923935093,0.2923838592667,0.4382634368003,0.4665838855902,0.6740757751999,0.7665198974549,0.2981016118063,0.4416673400974,0.4994865604853,0.5315944391479,0.1090315218700,0.2681289874761,0.6752106828947,0.5641850691032,0.6254738175968,0.5983550122963,1.0000000000000,0.4886342787633,0.1940889252311,0.1279646249424,0.4922494058215,0.7698218272851,0.1792607623665,0.3723959223772,0.0061160889391,-0.1761995839061,-0.2261888207421,0.2910622129702,0.3477760314973,0.5099668040023,-0.0680883263352,-0.0245518591185,0.4039870220418,-0.0681601358219,0.3481988868754,0.0530627998734,0.1587386024323,-0.0751980912115,0.1929210638594,0.0710340474428,0.0805024243930,0.3481688020704,0.1502745673860,0.0609508103537,0.1925273543747,-0.0235901641865,0.3177611778506,0.0884000093166,-0.1166039032709,0.2822582532635,0.3297021486421,0.4130742081206,0.3172328615399,0.5831619376829,0.5897156083434,0.6717311488501,0.6972509198455,0.0692476400195,0.2384913085283,0.1448604047617,0.4466664105100,0.1380312902101,0.0128275423278,0.5489619776406,0.4736646610251,0.6457707504572,0.8470513551120,0.2214352414543,-0.1475975136910,0.5380665105076,0.6149114804283,0.3086521202723,-0.2101423945976,0.1112637017592,-0.0183380838818,-0.2393446891131,0.5131649950749,-0.3261220374941,0.3573735281098,-0.2419888173133,0.2117043412792,0.1045445778832,-0.3414133780915,0.0135354196186,0.0654228174179,0.2063010571620,0.2559418664982,0.1563057768247,-0.0468861798392,0.0852059528166,-0.1938282689999,-0.3502962168075,0.2205308488422,-0.0131829625718,-0.0778614766290,0.0428819675296,0.2008022157872
-0.0749321086699,-0.2250275335985,0.0010787045871,0.0658490994221,0.0993872631490,0.1657318338500,0.0975910211752,0.1646066226704,0.2801493493268,0.2448881175946,0.5062398271818,0.5910479453273,0.4427318792798,0.0206600201723,0.1162359423290,0.2484175873255,0.5593968607947,0.3151874474127,0.1009204352983,0.4886342787633,1.0000000000000,0.5052429537830,0.5817173593052,0.5084563504602,0.3754802491751,0.3094301034557,0.5176672736002,-0.1041206864109,0.0218658550579,-0.1954814311362,0.4346808150498,0.4561680148620,0.5917590012582,0.0285288458812,-0.0013683063887,0.1108593363658,-0.0080634521127,0.3409834848030,0.0041358006517,0.2102418823443,0.0491259085676,0.1879526335817,0.3409921671717,0.1133717325372,0.2785074880699,0.3516932454381,0.2762383651361,0.0896882169900,0.0638747588433,0.4732136949523,-0.1265797913797,-0.3166799514667,0.0522599648772,-0.0094379394047,0.0973878071943,-0.0880082207526,0.2582340828097,0.1058437243609,0.2510324742596,0.1780175139727,0.1150660776607,0.3401935861403,0.3398211237877,0.3496568647346,-0.1360511824512,0.1458959467654,0.0934190735482,0.4080726621710,0.2680159465459,0.4862407294902,0.6558774294644,0.3315257936711,0.6285583955839,0.3314319745333,0.5816046215741,-0.0241018761112,0.3585819192603,-0.1112520544035,-0.0017345476109,0.3806984077143,-0.1509518578561,0.5053245196090,-0.1871534441720,0.2372738857183,0.1688829071958,-0.2237335888279,0.1214534410307,-0.1404538261376,0.4943203356644,0.1918282659147,0.0095345587167,0.0453782001558,0.0790601965232,-0.0316131556662,-0.2815096223359,0.0624843970509,-0.0041120232908,-0.0452409311239,0.0810677691148,0.5982489152295
-0.0320581941684,-0.2267336914910,0.0272945602288,-0.0550048357969,0.2346410341319,0.1774302009597,0.0524208762050,0.0138437285814,0.0193390854710,0.5941630232180,0.6040004154076,0.6536333273559,0.3264787875682,-0.0121813527564,0.0127770845633,0.0444107987277,0.4740784258520,0.2310609347509,-0.0158582373826,0.1940889252311,0.5052429537830,1.0000000000000,0.7069443241092,0.4669571510519,0.1524631221231,0.1827316703520,0.6197240562500,-0.1154430818585,0.1689465395317,-0.1154825786117,0.3158981642691,0.3908418302901,0.4575930936712,0.2000318381428,0.0428576976810,0.0152901553894,0.1621270946703,0.2133517161954,0.0212071781886,0.4296045388340,0.4219237166397,0.3566733328454,0.1926171199437,0.0311587608741,-0.0074366582220,0.5961891251872,0.5076636363081,0.1487741225490,0.3507941333475,0.3324228975059,-0.0214799145270,-0.3493761985037,-0.0875901701747,0.0482270065843,0.2178987721237,-0.1023138093253,0.1526289340715,0.0148925990210,0.0791666154104,-0.0191029598858,0.5548500131686,0.5766921465328,0.5500220026027,0.2230204629748,-0.2241769626904,0.0058664979890,-0.0598255340955,0.3965312261134,0.0455961639088,0.2573995243942,0.5404167961829,0.6662019685456,0.4751803600496,0.2387844831470,0.2306914396512,0.0280176444660,0.3160407586031,-0.1016458327965,0.1374698295182,0.2390485486811,0.0230398063482,0.3224475868479,-0.2601523005440,0.0960303195980,-0.0412283900474,-0.2097980164265,0.1441684930599,-0.1044395837650,0.1299273745284,0.0095198924531,-0.0225317247541,0.2625268230801,0.0619805012778,0.1752780810401,-0.2202372288978,0.1500413085890,0.1575244335645,0.3154366210010,0.3742250228565,0.3605340394497
-0.1186829881800,-0.2593014957956,-0.1554489241427,-0.0922136160104,0.0003257212222,-0.0859765431280,-0.1539272016491,-0.2259436709763,-0.1067446850662,0.1882792867386,0.5657684626278,0.6081526203290,0.2171131730630,-0.0796792197443,-0.0669714832969,-0.0808772327516,0.3674142898599,0.1031172235892,-0.2537644933256,0.1279646249424,0.5817173593052,0.7069443241092,1.0000000000000,0.5097643206799,0.0303598032027,0.3718200347426,0.6967799729618,-0.0935554636567,0.0997856588524,-0.1807101288980,0.4315448549500,0.4806405795698,0.5235153358144,0.3140016096590,0.1686483518296,-0.0215103874179,0.2406490875850,0.2680189861011,0.0620524554826,0.3731330299881,0.1723917280740,0.1129247195879,0.2270626449914,0.0135962112318,0.0063118422103,0.4640108610741,0.3707333897857,0.0720354093841,0.2156308142368,0.3196591061358,-0.1157085767378,-0.3548164246912,-0.0553499703141,-0.2040350782618,-0.0717659918578,-0.2564088224602,-0.0129880856434,-0.1649896009593,-0.0515010202904,-0.1553023439915,0.2032612726679,0.5308956376530,0.5081091133314,0.1577683882915,-0.2333182902601,0.0782606181588,-0.1275040476354,0.3266695674466,-0.0803026836031,0.3058931775067,0.6426197470518,0.7755163803194,0.5799794205380,0.1356474994763,0.3570978503019,0.2772278579085,0.5228886523980,-0.0952426441388,0.1139038085705,0.2759502432173,0.1764701251846,0.4303287476731,-0.2038891162816,0.1556317691243,0.0322766723297,-0.0913117952873,0.2241576461765,-0.0779907579442,0.2200492780580,0.0766277576213,0.0527043037145,0.2859057563079,0.0503271682413,0.1980416016655,-0.1720362586364,0.0397493575700,0.0934534746153,0.0044002610190,0.1775266077532,0.4960016261069
-0.0055828731088,-0.1318488766026,0.0532087738507,0.1579327863128,0.0903037745694,0.2007451886278,0.2069697299613,0.2166396634414,0.4823760987664,0.3155197585039,0.5672966123311,0.4809444253444,0.4079435083565,0.0499681224184,0.1769483276520,0.2881078258326,0.4720498968673,0.2921863891058,0.2691305470613,0.4922494058215,0.5084563504602,0.4669571510519,0.5097643206799,1.0000000000000,0.2828502525631,0.1627045070566,0.5824987148345,-0.0283989821055,0.0494446926343,-0.0768946937622,0.4773233946374,0.3186019440907,0.4577015154521,0.1909821515388,0.1896729355381,0.2410334584067,0.2603215927274,0.2423315478399,0.1717425181385,0.3398858107408,0.2281289264947,0.1535231578622,0.1778323011678,-0.0773953122228,-0.0636230713445,0.2147427727630,0.2019440656504,0.2233172190425,0.2271258190908,0.3001169340478,-0.0130246784709,-0.3120996542748,0.1304974225143,0.0974679716109,0.2477751464331,0.0141443040686,0.2951865499422,0.1745528279712,0.3408602616093,0.4247470840332,0.1062110251559,0.5835706040059,0.2434845554168,0.2812624030614,-0.0820246044425,-0.0182534693541,0.2627219596222,0.2734393030946,0.3405904001855,0.4683264350698,0.3055416100934,0.3546726613858,0.7518845339228,0.3073171125811,0.1292331682630,0.0584903921873,0.2566245445194,-0.0537516656572,0.0136203023875,0.3599931121431,-0.0510480745893,0.1882301789803,-0.2228910811714,0.0778450934649,-0.1497356404904,-0.3637872383938,0.1867126288378,0.0566547988049,0.0691511783166,-0.0709798137495,0.1755660842924,0.1587297139116,-0.0704340935049,-0.0383838924035,-0.3207246191873,0.1767268631693,0.0614296251444,0.0246937891980,0.1671865646483,0.3009025619711
