1.0000000000000,0.5186719780352,0.8139282085291,0.6992698530351,0.7279200292939,0.4222440698827,0.6395848363713,-0.1241319376738,-0.0450997655102,-0.1112203093243,-0.0662633091787,-0.1054608899592,0.0112448951035,0.7438282609140,0.3084482742378,0.3472878170149,0.0340371579533,0.0314682657554,0.3036947329641,-0.2617681032917,-0.3189498375181,-0.1938682052356,-0.3671122333688,-0.1991946342841,-0.1010924198626,0.0346343420775,-0.2750198703228,0.2329647495380,0.0989417324810,0.0675660996669,-0.0246357717215,-0.1362646068527,-0.2335693052601,0.1328318926249,0.0786372707502,0.3952479271317,-0.2437890189373,0.1408076376995,0.2912323298592,0.0546208089246,0.3231341585185,0.0501764457733,-0.0604394304321,0.1769838621909,-0.0768430414156,-0.0078001209934,0.1273031037366,0.2034345971172,0.0937343675476,0.0975325962825,0.7723491225196,0.8181548886030,0.6871200250223,0.6923030658194,0.4209374465984,0.6020994232711,-0.1249459060014,-0.0290375637509,0.2167032698213,-0.0628728311920,0.1039627075237,-0.1333841053520,0.0150244061907,0.0397527041233,0.6435481151686,0.1530276454250,0.4796918892067,0.0971543542140,0.3849279523804,-0.1178533156138,-0.1926326615377,-0.3070873479484,-0.2641933490036,-0.1530434492177,-0.2309431911144,-0.2912997805686,-0.3961459183108,0.2766296911037,0.0211654045816,0.0958862959966,-0.0930994483714,-0.2120366733864,0.0199157821834,-0.0789339621173,-0.1915629161843,-0.1441970072037,-0.2340066153225,0.2370685502534,-0.2737293518220,-0.1326131722556,0.0773126986454,-0.0060633213720,-0.2618264843866,-0.0451062886298,-0.1783482751237,0.2626671221107,0.1837333542044,0.1040577983866,-0.0767863613444,-0.2187103322429
0.5186719780352,1.0000000000000,0.4667258046725,0.4847454420149,0.2434445706367,0.1075116150153,0.2135768542306,-0.1364929167284,-0.1001547601570,-0.0251743744535,-0.0849359546573,-0.0807611684843,0.0488929406997,0.6136173531432,0.5491991914411,0.1491422116181,-0.0441401882039,-0.1610064178186,0.0909413988219,-0.2217488858543,-0.1746011156734,-0.1673141889364,-0.1616937428864,-0.1397112926728,-0.2320095292800,-0.0770247149046,-0.2744777654333,-0.0836002427053,0.0810562268074,0.2901433199697,0.0616599672689,-0.2016661739878,-0.1921745686886,0.2105481731428,0.0082882918244,0.2347185048965,-0.1071827989023,0.0338620275576,0.0543816007642,-0.0665244306378,0.1818223103978,0.0106608403516,0.0320200235230,0.0949397700225,-0.0698580006568,-0.1479486427053,-0.0480191093180,-0.0275850560576,0.1049108384044,0.0897832135365,0.3479014364383,0.6551707110484,0.4115297877522,0.2566403362429,0.1585602368522,0.2363086728582,-0.1966966319521,-0.1895324175161,-0.0382561221849,-0.1071247057769,0.0619621637166,-0.1868090734931,-0.0851812029778,0.0522374453887,0.3930273814124,0.0503267069626,0.1968371479531,-0.1603001394239,0.1756205567292,-0.1667903114501,-0.1629839446520,-0.1746731969933,-0.2192121448721,-0.1166371006488,-0.1615862113367,-0.1056447457605,-0.1610333967431,-0.0176111227197,0.0790217790012,0.0392330332112,-0.0813606281140,-0.2817372508423,0.1227714449555,0.0577654352232,-0.2893209565667,-0.0952732453970,-0.1158097565977,0.1017217135085,-0.0694378538378,-0.0586848469033,0.0344820147763,-0.0175214665455,-0.1074111830348,-0.1986989519115,-0.2069341055479,0.0486838930605,0.1654879084964,-0.0866907145737,-0.0491326701045,-0.1124672991406
0.8139282085291,0.4667258046725,1.0000000000000,0.7068956785108,0.7311878241493,0.6854490246163,0.7918012224839,0.1991425965128,0.2837722052754,0.1025564336391,0.0983119696150,0.0498338561783,0.1667270808003,0.5363012861622,0.2747697258472,0.3084741770620,0.2660983469213,0.2855693109661,0.5350399366578,0.0249347016911,-0.2372149419106,-0.0874846792886,-0.3084982100643,0.0059320642943,0.0935869711863,0.0414014414396,-0.1249271258339,0.1651855913119,-0.0258257375010,0.0184708727753,-0.0060592151385,-0.0952398439794,-0.0647907027742,0.1127676167498,-0.0833106133033,0.4070059980638,-0.2553301573508,0.1772405422541,0.2210855614104,0.0358792678263,0.3824947097749,0.1226189167604,0.0034614460379,0.3858906865661,0.1134267337375,0.1107485081544,0.3235093167958,0.3156070888439,0.0751777991505,0.1955668316678,0.7319371086131,0.8415301353781,0.6234721175043,0.8803219687455,0.6017813943040,0.7394776440673,0.1229682849767,0.2535114405965,0.4911558864206,0.2689264989559,0.2488258628564,-0.0049338779653,0.1108188780543,0.1492713243054,0.5657676458357,0.0067394103669,0.4470203560743,0.3321761442972,0.5582438543544,0.2206510709449,-0.0843364525908,-0.3007811105909,0.0206053391461,0.0462113701540,-0.1929959997068,-0.3702059382313,-0.2792718538615,0.2608370328669,-0.0562479701443,0.2214837300873,-0.1595233272376,-0.0169449566753,-0.0221149957540,-0.2216809513127,-0.1274116543745,-0.0644367208925,-0.2264900193919,0.0878681905660,-0.3178888280988,-0.1401714728429,-0.0545374364587,-0.0739706853123,-0.0999467510799,0.0830768849857,-0.0575993141193,0.2538619435704,0.1337499468747,0.1414698318281,0.0088678087693,-0.2125831077390
0.6992698530351,0.4847454420149,0.7068956785108,1.0000000000000,0.5162179574331,0.3782630589224,0.6299948953319,0.1255922811875,0.1501671782633,0.0217328609791,0.0480552809899,-0.0212022535629,0.0981722007931,0.5777599103749,0.5489821993263,0.5963152769040,0.2578604415980,0.2952799181444,0.5826181099096,0.1311002867735,-0.1755082182863,-0.1125385929166,-0.2095268014790,-0.0045526477574,0.0509456209466,0.0901991004704,-0.0517413972094,0.0628406995087,-0.0398940714391,-0.0454549702217,0.1961768041639,-0.0245448262953,0.0230339935684,0.2495233879482,0.0689749288369,0.3770907383904,-0.1880031983222,0.1401132683920,0.2779928208028,0.0810463892138,0.1380616764776,0.0682559938545,0.1105543144067,0.2195948439461,0.0809791314924,0.0652607050217,0.1595224693556,0.3482105016406,0.1042451758165,0.0998998570185,0.5918631386863,0.6749591464532,0.8749875145850,0.5828257760279,0.3297591031525,0.6867982381575,0.0750507704718,0.1204643225264,0.4336924911920,0.1225370917880,0.0953787418371,-0.0255294700323,0.0286405015629,0.1026059869445,0.5781718660583,0.0607576410545,0.6611389880297,0.2770262864001,0.4819225428164,0.1714445911540,-0.0716559179143,-0.2406347053398,0.0046171055351,-0.0734664501730,-0.1838139069642,-0.2670780945449,-0.3304332257960,0.1430089053951,-0.0250301718732,0.3884130775565,-0.0113221848148,0.0372972426398,-0.1876908752288,-0.0568078684400,-0.1708604469721,-0.2264832927290,-0.1470678730844,0.1638649778628,-0.3315261363975,-0.1816202060481,0.0592841550874,-0.1460669359057,-0.1882558893339,-0.1654122813961,-0.1923542683572,0.2410366591267,0.0660576248847,-0.0488944497862,-0.0836161661929,-0.1454442321953
0.7279200292939,0.2434445706367,0.7311878241493,0.5162179574331,1.0000000000000,0.6716311114756,0.6809137956260,0.0695858626522,0.1209023384411,0.0544255964429,0.2009911037307,-0.0298431172691,0.1250430552112,0.5552182927299,0.2782614189786,0.1238318261546,0.1501608964332,0.1276378856063,0.3224103166997,-0.1642261672616,-0.2750357948147,-0.0558110991695,-0.2872591268581,-0.0497707873792,-0.0176808840955,0.0500910061164,-0.1469017744283,0.2990097710008,0.1821073640255,0.0393968270829,-0.1110576945149,-0.1453852684475,-0.1875638241264,0.0029885700133,-0.0177235577091,0.2836905731424,-0.2173852655827,0.0850304017542,0.1848838504684,0.0014551176697,0.4801395800022,0.0300533897879,-0.1258854932447,0.1974079539483,0.0082195421024,0.0674831916361,0.1745173974319,0.3885236752260,0.3295282900149,0.1547201348719,0.8252476803420,0.5357803734279,0.5211215623861,0.8085279086646,0.7297598931432,0.7040482186014,0.0441809949501,0.1378250130793,0.3114494513821,0.1183448455338,0.2789263708610,0.0162128245960,0.0811047183684,0.1195173442778,0.5617940248102,0.0800808099150,0.2651924941287,0.2592017326071,0.4343482060094,0.0550558364542,-0.0064446818492,-0.1933248219416,-0.0673139615250,0.0774709315378,-0.2685407064212,-0.2973644603572,-0.2932717076538,0.3026136265395,0.0580064334140,0.0864379234704,-0.1279148668194,-0.0679112881508,0.0232124339936,-0.2747631858388,-0.1730940407595,-0.1627694640879,-0.1725835074115,0.0862411726715,-0.2806866865980,-0.1647409410580,-0.0283050199818,-0.0238442373334,-0.1377500426649,0.1452818304700,0.0224589076085,0.3764617989229,0.2069898018501,0.3256491086162,0.0396045359237,-0.1860024202099
0.4222440698827,0.1075116150153,0.6854490246163,0.3782630589224,0.6716311114756,1.0000000000000,0.7981527831867,0.4744816723179,0.5536784399231,0.4858424643757,0.3051132355328,0.1361485161602,0.3002247654687,0.2280838868447,0.1899002224499,0.1224174566314,0.3834920564821,0.3703318169054,0.5121940659444,0.1833496694726,-0.1042242531721,0.1517122839177,-0.2112329724069,0.2340522379652,0.2472962619140,0.0083429542347,-0.0125552230258,0.0767845400781,-0.1476923991645,-0.1093782268247,-0.0712341640792,-0.0964321978770,0.0865774874578,-0.1194317134588,-0.0459135424325,0.3237595312803,-0.1640379512650,0.0695534397506,0.2265527381961,-0.0072773576249,0.4408779204863,0.2263725276974,-0.0777022234463,0.3322705363715,0.1695748402391,0.2879272604405,0.2955281322829,0.5977099984848,0.1105138403492,0.4292106719020,0.4929302217673,0.3909705301878,0.3554435435002,0.8079661893890,0.8492338393358,0.6961050582366,0.3531693169298,0.4977560561611,0.5580273809536,0.5613042127455,0.5170884600627,0.2027200126083,0.2704767401507,0.2500360539467,0.3658570064967,-0.0034092312027,0.2350929919729,0.4580659088364,0.5417728645626,0.3830464992187,0.1491118934361,-0.1181684451451,0.3389825982467,0.2808671823210,-0.1488970500240,-0.2984285407732,-0.1726729122781,0.1463645852479,-0.1806277810987,0.2408208364981,-0.0369346258449,0.2427392159240,-0.1515909867708,-0.3786573328834,-0.0928603550183,-0.1013509505810,-0.0926524589994,0.0171024938761,-0.3195818354663,-0.1365403620015,-0.0882425454049,-0.1133107800624,-0.0867654773566,0.1527067171412,0.1173076467041,0.4107806556759,0.0620889918098,0.3200019789040,0.2346653195777,-0.0914804621013
0.6395848363713,0.2135768542306,0.7918012224839,0.6299948953319,0.6809137956260,0.7981527831867,1.0000000000000,0.3020323805429,0.4147649967772,0.2737885939623,0.1543701903735,0.0764622376510,0.2338947734808,0.3402090528913,0.2264572738229,0.3210645477397,0.2346640999696,0.2954655622479,0.5701250875140,0.1116002174536,-0.2045208812667,0.0069011417628,-0.2342523491688,0.1589033397244,0.2445914982225,0.0763459918907,0.0036222244223,0.1580103430760,-0.0966713332514,-0.1254413952492,-0.0160173194039,-0.0628271114816,-0.0242995874423,0.0656400501674,0.1221627444914,0.4285791417532,-0.1890698850205,0.1799824910577,0.3666680869685,0.1055817843242,0.2929912158126,0.0604179399738,-0.0410133934284,0.3416581544287,0.0632457058037,0.2406554517469,0.2592585319583,0.5010147703289,-0.0273560431864,0.2408888766606,0.5716134040539,0.6399554109070,0.5589595909326,0.8391028072256,0.7412573778210,0.9056359705819,0.2222364334926,0.3448733513683,0.5710672471370,0.3999091004447,0.3359455324734,0.0891334190749,0.2030543053782,0.2107804648717,0.5083344186628,0.0465249930271,0.4403709242369,0.3952984888801,0.6256277123102,0.3014473645256,0.0626518680634,-0.2070438408665,0.1889980102100,0.2007978038185,-0.2431045745584,-0.3543008628579,-0.2927849909630,0.2201270266394,-0.1036398683967,0.2406604130007,-0.0967332079764,0.1146533504642,-0.2487850112693,-0.2745396678074,-0.1608200885796,-0.1568385952286,-0.1449410858276,0.2011628575426,-0.4160882137534,-0.2113301692645,-0.0159233758830,-0.1107131794898,-0.1602862053935,0.0332658302142,-0.0583384178505,0.3223290385747,0.0028450833724,0.1611513398720,-0.0536370411761,-0.2074564193289
-0.1241319376738,-0.1364929167284,0.1991425965128,0.1255922811875,0.0695858626522,0.4744816723179,0.3020323805429,1.0000000000000,0.8662178176068,0.4211950307030,0.3087353423548,0.3147119310078,0.4266186525673,-0.2268423122826,0.0260369633899,0.1438029053105,0.5590580941670,0.6728331235777,0.5119502600422,0.7542816173256,0.1344706554652,0.0544306944808,0.0196789529374,0.5116734726054,0.4409036055318,-0.0226537541301,0.1748922454909,-0.1981293255379,-0.2382156126016,-0.2017372456840,0.0930307963716,-0.1267730190712,0.3683099604612,-0.2888887308119,-0.1018846160590,0.0963018645873,-0.0539211995859,-0.0835229951104,0.0031570170069,-0.1372808922047,0.0604961444991,0.1098447579251,-0.0692133813140,0.1889236407536,0.2765925125974,0.0578116646606,0.0203891080393,0.3131473769545,-0.1191619233561,0.2550875398986,-0.0072921218629,-0.0627384283435,0.0724919976732,0.2740221033617,0.3108952086665,0.2314051808279,0.7069064260098,0.8152868486063,0.6500717517235,0.8204410997095,0.2541478837580,0.3138845948692,0.1892209134400,0.3658084853262,-0.1241728322054,-0.2231371075333,0.0949586046116,0.5765629823516,0.3454073017232,0.7223648437561,0.3076949661344,-0.0942734501095,0.6938425676131,0.3726579601417,-0.0285995687693,-0.1162989843583,-0.0329257851589,-0.1784410013513,-0.1026626649475,0.3903645279421,-0.1215961836548,0.5645005070079,-0.2261522534754,-0.3228503785336,0.0080162381028,-0.2150448762712,0.0808201634838,-0.1792599396982,-0.2564631672966,-0.0683744952754,-0.1585900526868,-0.2673033066444,0.0419284937541,-0.0826651230105,-0.0216307656840,0.0940196583444,-0.1305168421826,0.0766027140132,0.1448572377292,-0.0323286137651
-0.0450997655102,-0.1001547601570,0.2837722052754,0.1501671782633,0.1209023384411,0.5536784399231,0.4147649967772,0.8662178176068,1.0000000000000,0.4886425764446,0.3121589009999,0.3303211194484,0.5083826739238,-0.1563650550131,0.0405582309886,0.2146020167743,0.5793234996691,0.5537592122110,0.5764562112267,0.6903681178492,0.2227881868095,0.1303516397977,0.0257123343447,0.6243761996029,0.4186403668246,-0.0220210850837,0.1454871802794,-0.1646474832383,-0.2445634861709,-0.1581621167021,0.1052670945110,-0.0799530305557,0.3560139268589,-0.2468809969437,-0.0671452981829,0.3001536934358,-0.0347850089748,0.0519257756164,0.0140093100822,-0.1179174274733,0.0643347363554,0.0062819753665,-0.1148731789698,0.1738456206275,0.2098217059235,0.0808423941332,0.0215746437704,0.3141928508444,-0.1375428288291,0.2528713693683,0.0491100147436,0.0382441266004,0.1009796211456,0.3960246290489,0.3943540379676,0.3123995122057,0.7462660634093,0.7752902425867,0.6811199493551,0.9143904615299,0.2952341130021,0.2544941237808,0.2545935176626,0.4527207597220,-0.0503253123384,-0.1444204443678,0.1616333704800,0.5767582922054,0.4944081027877,0.7540618586668,0.3954572291596,-0.0512722095932,0.7290954707200,0.4965859324516,0.0882748775781,-0.1070421490728,0.0021835256572,-0.1024707306364,-0.1087520496516,0.4316655741692,-0.0449174381223,0.6033765559512,-0.2138884933485,-0.3017482879876,0.0698135022545,-0.1570708138234,0.0717086929546,-0.1157396924345,-0.2799746712260,0.0350035578849,-0.1960110355836,-0.2357393558052,0.0549732874396,-0.0164194252875,0.0470695405871,0.0941693227071,-0.1223020256718,0.0673007262328,0.0801691834538,-0.0355523932485
-0.1112203093243,-0.0251743744535,0.1025564336391,0.0217328609791,0.0544255964429,0.4858424643757,0.2737885939623,0.4211950307030,0.4886425764446,1.0000000000000,0.4621405535187,0.6754896928869,0.3832685259956,-0.1644613230909,0.0399309592696,-0.0404515677429,0.4412815393311,0.2310397041767,0.1912638954111,0.2293702721021,0.2822034254679,0.6170857631133,0.3220272898783,0.3527778274081,0.1739407023796,0.0547428974374,0.2368635599210,-0.2567044466557,-0.0816274647690,-0.1995765795040,-0.0308562565530,-0.0030599079079,0.2376474311778,-0.0740704612901,-0.0403669917474,0.0395055747082,0.1029536197857,-0.0300481172600,0.0233582967100,0.0751646570783,0.1686547942676,0.0062988187701,-0.0766908261929,0.1193058449099,0.0007810724676,0.2977494697246,-0.0046201831659,0.3244863942607,0.0436165812657,0.2884281652897,-0.0432248190749,-0.0612809053626,-0.0857667586649,0.2577074940970,0.3348408189124,0.1971422491806,0.3592181901660,0.2804309387348,0.2253299746558,0.4219708200081,0.7804060427321,0.5434076529677,0.6111242858597,0.2857800376607,-0.1211582042573,-0.1239680657065,-0.0823797162385,0.2599044354777,0.2280092445401,0.2744506627303,0.6118280647697,0.4557845485327,0.4098620046944,0.4695189250146,0.0595489373100,-0.0181512898143,0.1635006008107,-0.2767150605442,-0.1417636552044,0.1451367953707,0.1502916592236,0.3731906329059,-0.1991226834848,-0.2897443664511,-0.1423168096695,-0.1169617884089,0.1790226656306,-0.0656351069194,-0.2651354995720,-0.1270551056394,-0.0716961089139,-0.0823576527637,-0.0030415079688,0.0007930104312,0.1036481360029,0.0790557716683,0.0237664694455,0.2554067195968,0.1088594152262,0.0878048867250
-0.0662633091787,-0.0849359546573,0.0983119696150,0.0480552809899,0.2009911037307,0.3051132355328,0.1543701903735,0.3087353423548,0.3121589009999,0.4621405535187,1.0000000000000,0.6104672225762,0.4968605230332,-0.1242304164613,-0.0352098317609,-0.0047915370340,0.2840750185427,0.2334394481229,0.0903402843192,0.1915775670190,0.2317276764757,0.4931424243654,0.4384021439537,0.3818444012965,0.2804186574129,0.1116725691238,0.4866909591137,0.0231349451524,0.1291520349196,-0.1480709304886,0.1456743708442,0.0707006504120,0.2412369055488,-0.1086452495170,-0.0054290680077,0.0257916039813,0.1494232414148,0.0032930116530,0.0090348686559,0.0480770216701,0.1527629336527,0.0896704312309,0.0527113467624,0.0989024207391,0.1500881004650,0.2072385986752,0.0252002671315,0.3238629658338,0.2789324065941,0.0942546104352,0.0541178907355,-0.0083026856867,-0.0355948519974,0.1484117582048,0.3403953734492,0.1420732816452,0.3315294392714,0.1937149435323,0.1175565668441,0.2261088505462,0.3948134871616,0.6900159454145,0.5954491529701,0.4314939286593,-0.0664343986508,-0.1019761695353,-0.0277232395663,0.2165631711770,0.0877880132879,0.1443851658598,0.4508381953935,0.3909314519303,0.3943843309256,0.3770315104257,-0.0309486410131,-0.0663004224517,0.2409995447540,-0.0098549307872,0.0132211122503,0.1191149545873,-0.1001615265509,0.2282249280872,-0.0945468597507,-0.1810046281684,-0.0586051650041,-0.2430952225248,0.1936580154117,-0.0697369302945,-0.2451043483297,-0.0834280232736,0.0089175660304,-0.1143377034101,0.0592141641738,0.0745189322731,-0.0437976189950,0.3007046098213,0.0916289271272,0.2145870395906,-0.0188965318999,-0.1191290976036
-0.1054608899592,-0.0807611684843,0.0498338561783,-0.0212022535629,-0.0298431172691,0.1361485161602,0.0764622376510,0.3147119310078,0.3303211194484,0.6754896928869,0.6104672225762,1.0000000000000,0.4493003058513,-0.2424523894914,-0.1406601067987,-0.1044037347459,0.3913432529232,0.2247139349173,0.0368661478127,0.2099303105733,0.3994722433509,0.5425595495170,0.5874863085388,0.3476419610860,0.1663457313590,0.1795001042332,0.4589839483369,-0.1769388490740,0.1199604482464,-0.2045689167374,0.0001730088431,0.0344855741377,0.2803444262966,-0.0687862376815,-0.0808664624800,-0.1259294887835,0.0646632194199,-0.0964365589147,-0.1148338037619,0.1015470039480,0.0111854737560,-0.1243723140266,-0.0703513504440,0.0852637803470,-0.0408010216375,0.2497067115124,-0.0833264238730,0.0556670453979,0.0343321490869,0.0029871601326,-0.0326258051687,0.0184337242332,-0.1543885205100,0.1172747359091,0.0886537236975,0.0414778705498,0.3188180830973,0.1846109820249,0.0776265157831,0.2292710040493,0.4379935741827,0.7748770754162,0.7191183044410,0.3723303320552,-0.1683657878421,-0.2001313637267,-0.1769363464533,0.2913844043041,0.0739101679378,0.1716662806399,0.6904946449271,0.5386910084272,0.3328588386926,0.4395764639597,0.0311001515309,0.0473806984505,0.2377451528376,-0.2440976644677,-0.0063617061730,0.0417508499076,-0.0879155355699,0.3423689064024,-0.1618285212066,-0.3020489647512,-0.1658571456179,-0.1522956423150,0.0878925459511,-0.1332692896252,-0.3080047125169,-0.1745703479641,-0.0698449403532,-0.0857392492695,0.0947009206931,-0.0215798698987,-0.0682010778317,-0.0947867765238,0.0819359374895,0.1211591584232,-0.1718346786372,-0.0872211677457
0.0112448951035,0.0488929406997,0.1667270808003,0.0981722007931,0.1250430552112,0.3002247654687,0.2338947734808,0.4266186525673,0.5083826739238,0.3832685259956,0.4968605230332,0.4493003058513,1.0000000000000,-0.0539652153180,0.0154974726283,-0.0022926790145,0.4132085556917,0.2448936211567,0.1948957847003,0.2228456377228,0.1230437140010,0.2654031682957,0.1674275633427,0.3096966934988,0.2888789312438,0.0898308191689,0.0855179602567,-0.1679160226551,-0.0239742077636,-0.3100894298465,-0.0774544137274,-0.1695543068452,0.1909860853952,-0.1765332030248,-0.0772102200494,0.1300224049811,-0.0547752757772,-0.1248874345851,-0.1525839233565,-0.1743060708482,0.0646462982651,-0.0760932570932,-0.2303463574114,0.0432692096269,0.0309059521826,0.1638249918154,-0.0837626987123,0.2241964918132,0.0588978069699,0.0703318526543,0.0695296415395,0.0958909084642,0.0594788949226,0.2333002597032,0.2849239085725,0.1906254202129,0.6294311045843,0.4291308449760,0.3054507792448,0.5153788037224,0.3030949386329,0.3714872803729,0.6187841845490,0.9438400591184,0.0119568884541,-0.1392998477198,-0.0080421375427,0.4269184403259,0.3246672902374,0.3577861771774,0.3600059413403,0.2093396468448,0.4150475927477,0.4246107594424,-0.1567756043653,-0.1024075046246,-0.0177498852791,-0.1408062293519,-0.0279117609150,0.1039197696563,-0.2120709111688,0.2959360327572,-0.2994446808138,-0.3568081100871,-0.2008410681329,-0.3116684580075,-0.0228484275264,-0.0979064808418,-0.2903876340094,-0.0860142959475,-0.1918409302905,-0.1861213025444,0.0161900007680,-0.0572915327764,-0.0173768098741,0.1322961377195,0.0210495164160,0.0860418009667,-0.1901624189819,-0.0845698947532
0.7438282609140,0.6136173531432,0.5363012861622,0.5777599103749,0.5552182927299,0.2280838868447,0.3402090528913,-0.2268423122826,-0.1563650550131,-0.1644613230909,-0.1242304164613,-0.2424523894914,-0.0539652153180,1.0000000000000,0.5972750475810,0.4136325467708,0.0365066110956,-0.0825502383810,0.2761850412332,-0.2741445328789,-0.2024414199768,-0.1940596237483,-0.3249932854888,-0.2564102123203,-0.2766367300209,0.0045141732156,-0.3206592465217,0.1809927587265,0.2248596598195,0.3248782850276,0.1428662726792,-0.0119684703138,-0.1098605757623,0.1737928358866,0.0213646076759,0.3883306157982,-0.2370621521384,0.1376630462653,0.1400078006723,-0.0394497627724,0.2914612215096,0.0510799016188,0.0139066191817,0.0186877248882,-0.0394707890789,-0.0867334601558,0.1176898152774,0.0813717616386,0.2743182728069,0.1240122672646,0.6024209515568,0.5781022099824,0.6317684698733,0.4227493083765,0.2851992221825,0.3863407000044,-0.1865881398355,-0.1942698408136,0.0976707926710,-0.1609911882824,0.0819509354503,-0.2591371054340,-0.1111203310770,-0.0038626941753,0.7394917697305,0.1945135606889,0.4699851429840,-0.0658203753185,0.2558078163744,-0.1770313769093,-0.2431279609196,-0.2780184963465,-0.3481290479390,-0.2771572346571,-0.1021371664971,-0.1947525078941,-0.3882318048217,0.2346404578923,0.1468577970732,0.1674993623901,0.1001735828838,-0.1318552592292,0.2140121475868,0.0438674037393,-0.1306401737687,-0.0867275589484,-0.2616861078113,0.1104490373469,-0.1764292952969,-0.0773512360060,-0.0212846276162,-0.0925020346061,-0.3823612465610,-0.0667013819278,-0.1006235186311,0.1415669761812,0.3158785457136,0.0640241697471,0.0299543264632,-0.1210778859027
0.3084482742378,0.5491991914411,0.2747697258472,0.5489821993263,0.2782614189786,0.1899002224499,0.2264572738229,0.0260369633899,0.0405582309886,0.0399309592696,-0.0352098317609,-0.1406601067987,0.0154974726283,0.5972750475810,1.0000000000000,0.3480553768428,0.1387027740769,0.0101076787935,0.3109669174689,0.0595939739342,-0.0319312598520,-0.0953936913998,-0.1278736815093,0.0268460453057,-0.1861268179297,-0.1010173498307,-0.1357262404824,-0.0474499290202,0.0827551354193,0.2361502256683,0.2003413724864,-0.0889718681047,0.0129911531307,0.1919074713659,0.1227330139506,0.3329764277923,-0.1232174501188,0.1466021122486,0.2610465243352,0.0077613463557,0.1647195276241,0.0186863958860,0.2490505713911,0.1002676380206,0.1056057250335,-0.0657541941536,-0.0034601900028,0.2599147010143,0.3236375633014,0.3109792623598,0.3018130357296,0.2999964923166,0.5630796472062,0.2376962044314,0.1963775829687,0.3201943753780,-0.0440932311100,-0.0588217086610,0.0764393625083,0.0261755394375,0.0722189158222,-0.1228269386091,-0.0880373876840,-0.0000078788092,0.4330639946515,0.4147705411785,0.3153728539586,-0.0180386822558,0.2199052369011,0.0443582166562,-0.0618874067906,-0.1399891831693,-0.0136773791168,-0.1022971393695,-0.1447790953976,-0.1724070387043,-0.1483371105275,0.0209231158202,0.1293469174114,0.1821056082945,0.0881129254251,0.0226177139822,0.1078773618922,0.0563040726093,-0.1473737685075,-0.1543934280430,-0.1462759962644,0.0979100203534,0.0448820362188,-0.0225573703204,0.1662332115348,-0.0253418444123,-0.0694684001031,-0.1325975591740,-0.0908615607642,0.2437121859207,0.3095959827340,0.0134021871992,0.0580286105696,0.0434666213787
0.3472878170149,0.1491422116181,0.3084741770620,0.5963152769040,0.1238318261546,0.1224174566314,0.3210645477397,0.1438029053105,0.2146020167743,-0.0404515677429,-0.0047915370340,-0.1044037347459,-0.0022926790145,0.4136325467708,0.3480553768428,1.0000000000000,0.2526682770164,0.2162714625804,0.6746216043835,0.2776839549038,0.1041274829602,-0.0698993663808,-0.1089470979140,0.1158436551780,0.0038705456534,0.1473440922344,0.0432141984003,0.0143563933919,-0.0674967014222,0.0728843050044,0.6688303870328,0.3890470088369,0.2785437106976,0.2467640289899,0.4358925875500,0.7074697840363,0.1693790027027,0.4294049254404,0.4170428042647,-0.0576704474326,-0.1127798182299,0.0456236369018,0.3305578394168,-0.0386853488318,0.2392261977477,-0.0239410609195,0.1122155603869,0.1142502764842,-0.0597376813553,0.0862583523259,0.1482679083397,0.2501686177074,0.5540983461234,0.2534703257473,0.0913006206739,0.3347461595015,0.1395969517855,0.1216256184814,0.3972802980419,0.0930924614517,-0.0517907582435,-0.0907980036818,-0.0851325500722,0.0247979788864,0.2505764091776,0.0942527313207,0.8513509656907,0.1085868046410,0.3910846148370,0.2318944859320,-0.0774709962135,-0.2029963438650,-0.0157724264157,-0.0779617150704,0.2873749510540,0.0713649805873,-0.1996730873292,0.0864673451728,-0.0219139552980,0.5833431829435,0.2946750291716,0.2029778358069,-0.0565904441944,0.3355847191691,0.2340454003272,-0.0899980336943,0.1671534189961,0.4246733770143,-0.1316780150595,0.1813636782803,0.1393661025892,-0.2660729847039,-0.3371630353246,-0.1657557018577,-0.1183121384352,0.1650264105624,-0.0426449830346,-0.1973316877162,-0.0926620448718,-0.0794912944289
0.0340371579533,-0.0441401882039,0.2660983469213,0.2578604415980,0.1501608964332,0.3834920564821,0.2346640999696,0.5590580941670,0.5793234996691,0.4412815393311,0.2840750185427,0.3913432529232,0.4132085556917,0.0365066110956,0.1387027740769,0.2526682770164,1.0000000000000,0.6902573592559,0.5511922157266,0.5171126703416,0.3096714969105,0.2642904528947,0.0412818360449,0.3411177035434,0.2151976832384,0.1351913531112,0.1051843226707,-0.1337474804180,-0.1259976072510,-0.1858806706664,0.2573097666017,-0.0191246117449,0.4854206012313,-0.1704584254070,-0.2516101284665,0.2076374285374,-0.1783948530814,0.0621067628721,-0.1175392177144,-0.0718516816570,0.0205195098544,-0.0451874913787,-0.0822279326502,0.1458294728427,0.2107374780836,0.0836238701185,0.0159290473743,0.2557184720179,-0.0058492747217,0.1100697923027,0.1073516564159,-0.0181484550716,0.1824821812468,0.3346132703398,0.2540812093981,0.2321906990514,0.4900515816861,0.4983591449709,0.5532481446158,0.5417856081216,0.2996503472179,0.2517550543012,0.2541156757184,0.3350342489804,0.0472602543338,-0.1673726751180,0.1802508150679,0.7254094729394,0.4168726505686,0.5592697526924,0.4334326379367,0.0060280378294,0.4407844040432,0.2066405055564,0.1254711494618,-0.1364744521420,-0.1447084060691,-0.1744642181852,-0.1290045852295,0.5691254452341,-0.0597430580932,0.5568139984451,-0.2818694164967,-0.3567450930330,-0.0398081666659,-0.2769082042091,-0.1168593720321,-0.2940464926210,-0.3462688070659,-0.0253319476218,-0.2109577414191,-0.2797747733866,-0.0807283079103,-0.0934880911760,-0.0792760952310,0.0452861577010,-0.0255972634586,-0.0097471313087,-0.0431679848120,-0.1389180442420
0.0314682657554,-0.1610064178186,0.2855693109661,0.2952799181444,0.1276378856063,0.3703318169054,0.2954655622479,0.6728331235777,0.5537592122110,0.2310397041767,0.2334394481229,0.2247139349173,0.2448936211567,-0.0825502383810,0.0101076787935,0.2162714625804,0.6902573592559,1.0000000000000,0.5792770088093,0.6993528241915,0.0989906242601,0.1311480084465,0.0212227166070,0.3652514093625,0.4183913899086,0.1091770301626,0.1964124247522,0.0560371834130,-0.1798620564035,-0.1999492484795,0.2473961024032,-0.0523769599203,0.4009000096000,-0.2452495335880,-0.1678441903552,-0.0041150324406,-0.1305091392887,0.0013890785569,0.0269930776478,0.0269365307288,0.0585204411430,0.1641497025539,-0.0132216124527,0.2635085914759,0.3132359547661,0.1355049856134,0.1308775280755,0.3749602797343,-0.0572047036489,0.0937702689099,0.1004995237126,0.0222392912427,0.2396284928700,0.2801922088821,0.2198005775269,0.2403872607718,0.4142729630125,0.5954418379393,0.6593094748134,0.5141119478733,0.1345188601953,0.2247893160840,0.0720369999070,0.1668860425030,0.0710017706338,-0.2185995298004,0.2149601964655,0.7460382598230,0.3207523150336,0.6548585318713,0.2047560743557,-0.1170425480954,0.5348343674637,0.1738733797768,-0.0255640199687,-0.1973027933823,-0.0616783261087,0.0337098444847,-0.0932826000266,0.5772394105650,-0.0866057302252,0.5579256855151,-0.2865140208014,-0.3061421121439,0.0896983682890,-0.2603521030556,-0.0561942407681,-0.2320483518298,-0.2984955491246,-0.0454759953584,-0.0428632751850,-0.1825997597905,0.0813885821743,-0.0002074865340,-0.0521902447939,0.1531076116887,-0.0825817659507,0.0974296404925,0.0648625473324,-0.0743345529823
0.3036947329641,0.0909413988219,0.5350399366578,0.5826181099096,0.3224103166997,0.5121940659444,0.5701250875140,0.5119502600422,0.5764562112267,0.1912638954111,0.0903402843192,0.0368661478127,0.1948957847003,0.2761850412332,0.3109669174689,0.6746216043835,0.5511922157266,0.5792770088093,1.0000000000000,0.5604807392678,0.0670765657769,-0.0668009396153,-0.1589270675892,0.2897604552685,0.2165797553972,0.1335557299524,0.0767539594291,-0.0506777132288,-0.2108711040418,-0.0395358115526,0.4301526460624,0.2181906044387,0.3696250546192,0.1352861399040,0.0985205469595,0.5388031543395,-0.0254992512605,0.3019337399559,0.2483458045613,-0.0678460477128,0.1081980697587,0.1743823924244,0.2158611085622,0.2345647510397,0.3635283358475,0.1070282733495,0.2865883373551,0.3033672674805,-0.0307660422556,0.2041921967071,0.3165486958106,0.2876863415678,0.5307087218744,0.5550269109092,0.4270017183617,0.5681266899633,0.3307906553413,0.5009856005654,0.7641942232683,0.5249668365959,0.1547169852745,0.0168164030492,-0.0067276942279,0.1754746745521,0.3151775995916,-0.0675994092530,0.6763871383240,0.5060922597595,0.7206996474778,0.6307962312081,0.0431908212527,-0.2941880190418,0.3006001333039,0.0443725494515,0.0962205774368,-0.1679970340823,-0.2347211828252,0.0066520267503,-0.1815071649321,0.6420114346955,0.1100276031493,0.3872312701916,-0.1607134694634,-0.0296473240874,0.1142453814452,-0.1240909610651,-0.0225898601149,0.0833578760481,-0.2988942323896,0.0068973823275,-0.0750070041579,-0.3252918633572,-0.1976893005291,-0.0961628950049,-0.0259798069684,0.1554273374751,-0.0262447307870,-0.0700754811884,0.0283620132043,-0.1571458645169
-0.2617681032917,-0.2217488858543,0.0249347016911,0.1311002867735,-0.1642261672616,0.1833496694726,0.1116002174536,0.7542816173256,0.6903681178492,0.2293702721021,0.1915775670190,0.2099303105733,0.2228456377228,-0.2741445328789,0.0595939739342,0.2776839549038,0.5171126703416,0.6993528241915,0.5604807392678,1.0000000000000,0.2692403360317,0.0974293567870,0.1902294145186,0.5231191925193,0.5071186036619,0.1213943708633,0.3656273198192,-0.1557924568446,-0.2155122120430,-0.1200663975575,0.3333133588360,0.1383152981950,0.5560215780075,-0.1586836184165,-0.0497848448789,0.0966577543340,0.0132869098276,0.1657677113588,0.0273776112266,0.0096524720364,-0.0903331369002,0.1111301592652,0.1178103322752,0.1760607285184,0.3907775998049,0.0878954442443,0.0410999961583,0.2242365617575,-0.0265969570482,0.1510633640562,-0.1503804059683,-0.1624947034204,0.0427354021416,0.0353376960288,0.0474574145282,0.0530270961972,0.5188491927529,0.5738929978654,0.5464583299361,0.5899695461162,0.0273626724244,0.1686759284177,0.0372742023903,0.1855951783533,-0.2013535300646,-0.1952972453508,0.1651883168955,0.5049572107099,0.2199435912005,0.7776060711626,0.2367227052848,-0.0351031213723,0.6313214059185,0.2683827128446,0.0564678061746,0.0121480389245,0.1128920934113,-0.1872608572635,-0.0972231790825,0.4978245526777,0.0787125214317,0.6732589717146,-0.2112117280862,-0.1590683123674,0.1758417821252,-0.1443823322843,0.0704408418143,-0.2004291743554,-0.1992750174531,0.0957757916299,-0.0955069219218,-0.2133198774475,0.1535940166847,-0.0964421387232,-0.0339866059597,0.0269391405403,-0.0664249309536,-0.0458345599361,0.0903318367831,-0.0213378484759
-0.3189498375181,-0.1746011156734,-0.2372149419106,-0.1755082182863,-0.2750357948147,-0.1042242531721,-0.2045208812667,0.1344706554652,0.2227881868095,0.2822034254679,0.2317276764757,0.3994722433509,0.1230437140010,-0.2024414199768,-0.0319312598520,0.1041274829602,0.3096714969105,0.0989906242601,0.0670765657769,0.2692403360317,1.0000000000000,0.4629093674895,0.5126587528867,0.5479602847357,0.0915009341940,0.3259072835062,0.3641352620994,-0.1015837599801,-0.0062570818806,0.0491500343757,0.2859486983689,0.2963645888896,0.4195439674772,-0.0883924198487,0.0687831186572,0.0740335032418,0.3548969562345,0.0440516221660,-0.2360981978983,-0.0142514414686,-0.2084276800954,-0.0089170406940,0.0485479495831,-0.1109833340224,0.1012674025313,0.2307323737276,0.0008412925928,-0.2374058076087,-0.0539264445047,0.1206364282238,-0.2714879916525,-0.2858572001041,-0.2410479590281,-0.1852748434396,-0.1331080960682,-0.2049599304745,0.1699116091685,0.0705254963640,0.0184388056254,0.1510284373969,0.0313831864427,0.2483284933696,0.2119042879340,0.0972791064139,-0.3052585020709,-0.1473362320306,-0.1092517572133,0.1043787349348,0.0345623295168,0.2105039475359,0.5382750807205,0.4505320411990,0.3529883477040,0.3371706322649,0.5112982701265,0.2551601785910,0.3279871150817,-0.1505874414034,-0.0842268131264,0.1890310655931,0.1777671345812,0.3330058962402,-0.1523630700767,-0.0854499908644,0.1362617527237,0.0558490469613,0.3080684008751,0.0191184637491,0.0472202553182,-0.0031021142937,-0.1374385987522,-0.1879164914574,0.0189121984759,0.0746497899683,0.2573134552741,-0.1542780962120,-0.0468772393116,-0.0735534995468,-0.0025148436278,0.3343917620841
-0.1938682052356,-0.1673141889364,-0.0874846792886,-0.1125385929166,-0.0558110991695,0.1517122839177,0.0069011417628,0.0544306944808,0.1303516397977,0.6170857631133,0.4931424243654,0.5425595495170,0.2654031682957,-0.1940596237483,-0.0953936913998,-0.0698993663808,0.2642904528947,0.1311480084465,-0.0668009396153,0.0974293567870,0.4629093674895,1.0000000000000,0.5869631862963,0.2969320950383,0.1873798904518,0.1709725075158,0.4297863617649,0.0920092715976,0.1252644701585,-0.0990842916793,0.0608004676110,0.1529217264945,0.2355626766755,-0.0626167226695,0.0398736474000,-0.0445758966036,0.2273202708360,0.0296538221457,-0.0530158818761,0.2720102622662,0.0609221030353,-0.0279771668618,-0.0467419733788,-0.0133625741917,-0.0529457750566,0.5343815386985,0.0142184060812,0.2350086194913,0.2009172570628,0.0790321796820,-0.1652472662864,-0.1813344634598,-0.2201513697065,-0.0146057501616,0.0790852203474,-0.0301402117554,0.1255913372805,-0.0742938594236,-0.0913205792449,0.0270721561817,0.4785967076483,0.4258409707913,0.5840363857648,0.1908290987623,-0.1719365171692,-0.0849757668804,-0.1934405492121,0.0956000860160,-0.0630369304573,0.0667981735514,0.5912758883997,0.7654139782265,0.2439490512287,0.4949478703505,0.1613875104287,0.0758227740289,0.3934038103639,0.0468278629725,0.0322957449339,0.0147719096130,0.1898301814175,0.3208473423931,-0.1197308053422,-0.2149588189472,-0.0359831622049,-0.0661688560388,0.2657680593726,-0.0176711074693,-0.1410531753144,-0.0331828622373,0.0142936816824,0.0862513019609,0.0990221145373,0.3024143287083,0.2451674346431,0.1589793125644,0.1278569338771,0.2886215491544,-0.0485491919032,0.1521570797655
-0.3671122333688,-0.1616937428864,-0.3084982100643,-0.2095268014790,-0.2872591268581,-0.2112329724069,-0.2342523491688,0.0196789529374,0.0257123343447,0.3220272898783,0.4384021439537,0.5874863085388,0.1674275633427,-0.3249932854888,-0.1278736815093,-0.1089470979140,0.0412818360449,0.0212227166070,-0.1589270675892,0.1902294145186,0.5126587528867,0.5869631862963,1.0000000000000,0.3182214656407,0.1911794750795,0.3106174504543,0.7026216431718,-0.1007607673410,0.1379742902644,-0.0791531571042,0.1912447077368,0.3648097030597,0.3497766494084,0.1033416754356,0.1200990409398,-0.2185865024584,0.3349972288979,0.0431289649728,-0.1380336295394,0.2348767351566,-0.1232863469967,-0.0514407945745,0.0620894521794,-0.1039498139856,-0.0438566197359,0.4421558698898,-0.0342187078513,-0.0510728405820,0.1023371020977,-0.0881519894022,-0.2366000669932,-0.2313923942568,-0.2954400799062,-0.2670027233079,-0.1766097630930,-0.1760060084940,0.0319357542208,-0.1747191183881,-0.1926429111718,-0.0925138817546,0.1069976671765,0.4439728795668,0.3822729795114,0.0998637942406,-0.2269674298698,-0.1813427566293,-0.2406201614796,-0.0354481202303,-0.2270566787637,0.0216057402834,0.4711644638723,0.7443992323838,0.2285599022106,0.4519544048336,0.1338505428948,0.3187490653037,0.5331161920212,-0.1876118291225,0.0600113362949,-0.0068115605005,0.2148552412276,0.2791571157834,-0.0162499360559,-0.0149904907496,0.0086550206312,0.0542694466223,0.2922559330026,-0.0293241861895,-0.0883570650236,-0.0433256663052,-0.0251208538945,-0.0029021316826,0.1554186026913,0.0820094529615,0.1596589725732,-0.0973358593408,0.1240602222955,0.0255438585500,-0.1407449855099,0.1157124482587
-0.1991946342841,-0.1397112926728,0.0059320642943,-0.0045526477574,-0.0497707873792,0.2340522379652,0.1589033397244,0.5116734726054,0.6243761996029,0.3527778274081,0.3818444012965,0.3476419610860,0.3096966934988,-0.2564102123203,0.0268460453057,0.1158436551780,0.3411177035434,0.3652514093625,0.2897604552685,0.5231191925193,0.5479602847357,0.2969320950383,0.3182214656407,1.0000000000000,0.3044423489269,0.1348460554550,0.3376733536617,-0.0180813202717,-0.1293374239914,-0.0527064474957,0.2228010040806,0.1043569156586,0.2092342382679,-0.2090360024787,0.0862287274614,0.2487784875632,0.2853405975295,0.1027141104565,-0.0334699977998,0.0495714694031,-0.2133685620456,-0.2023754825158,-0.1058425551339,-0.0137830389275,0.0333882712561,0.0375520983835,-0.1105990330119,0.1178980142609,-0.0070846350652,0.0027815644604,-0.1033019225603,-0.0951678058195,-0.0837161386447,0.0936686563892,0.1957230859027,0.1007221564522,0.4869953863622,0.4693172714011,0.3380715068659,0.5188772999764,0.0979009649895,0.3018901180028,0.1719377829563,0.2489608465690,-0.1936333580543,-0.0506925271158,0.0160096916236,0.3125063753857,0.3464500826954,0.5352378797326,0.4825579725411,0.2054377199069,0.7641797058890,0.4679537471881,0.2600160175583,0.1262872193311,0.3170641584464,-0.0096665366383,-0.0294989992459,0.3147515779693,0.0659035219183,0.3906591690216,-0.1798407097028,-0.1573808876759,0.1459525097573,-0.0158163299193,0.3286085509833,0.0382458229698,-0.1139133150156,0.1442294187705,-0.0253794906767,-0.0735573981220,0.1702221328878,0.0640549951753,0.0398534544094,0.1249713017167,0.0035802259588,0.0070644158889,-0.0293160363287,0.1322700823948
