1.0000000000000,0.6661626370562,0.6774647307582,0.7383193250248,0.7253695960769,0.4673829231676,0.5399568291973,0.0513102724384,-0.0818946719519,0.1450971629652,-0.0142868355246,0.0376666925122,0.0223501331556,0.7002123700695,0.4648640771467,0.4374493418696,0.1347881250303,0.1825625364523,0.2113465072165,-0.1097337099624,-0.0866640550646,0.0896770786302,-0.1850871803649,-0.0660619560001,-0.1076023552904,-0.1787347325834,-0.2505705941068,-0.0160094840887,0.1280323347071,0.0518667733037,0.0615539798989,-0.1290157832316,-0.1009588235456,0.0827056511866,0.2172180453739,0.4100610096776,-0.0081726597975,-0.3849195867315,-0.0737078982901,0.0335338371614,0.1051526360379,0.0453553793304,-0.2640817677223,-0.1760971615219,-0.3824596665264,0.0116380312053,0.0217744718759,0.4727028721839,0.3384678271142,-0.0949316683785,0.8556980693814,0.6231907590174,0.5809894717605,0.5882864798856,0.3405577636621,0.4889209692975,-0.2005884903644,-0.0755718679297,0.1496631021408,-0.0876630066025,0.0148918169787,-0.1996048102059,-0.0783262406797,-0.1739024272928,0.5509563004054,-0.2585954243185,0.4699984679390,0.0784841633300,0.1972703598738,-0.0797674876028,-0.1644332743535,-0.1800728198002,-0.1046661421692,-0.2841945146969,-0.2035900172132,-0.3724667960382,-0.3307322539875,0.0770912558330,0.1717779934547,0.0824618131185,-0.2053757194476,-0.3086894989956,-0.1220420892992,-0.2462832701954,-0.4949898965031,-0.0482432933693,-0.1088522222078,0.2289997531789,-0.3036586372047,-0.4514683801484,-0.0352662608283,-0.1147922563808,-0.4008213741165,-0.1434220456029,-0.2291638016922,0.2008916253627,0.3760380726957,0.0228032489095,0.0051917292962,-0.3031425047451
0.6661626370562,1.0000000000000,0.7241252131029,0.6501759213223,0.3187569228206,0.2526138269404,0.3768912605868,-0.0323682775448,-0.1274127806439,0.0358076161251,-0.1484185518886,-0.0541090425311,-0.0791242705406,0.5698442009829,0.3497577439961,0.3127446490591,-0.0811996886991,-0.0509335014323,0.1038724870756,-0.2181450837207,-0.1906794453289,-0.0536201847071,-0.2952949163962,-0.1818095110072,-0.1237998607331,-0.1984461290199,-0.2237905499114,0.0245205354838,0.0592128628214,0.1502310461193,-0.0999094498904,-0.1589000623965,-0.1879764711416,0.1105686822936,0.2146247455025,0.4238600891429,-0.0056727056776,-0.2641267387944,-0.0465623145201,-0.0351838679693,-0.0124235055286,0.0331599778070,-0.2022338133499,-0.1420157662730,-0.2494979836717,-0.0324703742858,-0.0909988868047,0.3239796295178,0.0848329979279,-0.1030058550963,0.5896336178827,0.8900789547235,0.5375951439850,0.4445562227784,0.0547697528860,0.2393718656694,-0.1955544707333,-0.1190775538296,0.0607872820512,-0.1059586702349,-0.1247653446149,-0.3235436529129,-0.1367504370277,-0.1895239660549,0.4529754594397,-0.1853112873634,0.4091712092689,-0.1489905488540,0.0590693049549,-0.2146188635089,-0.3052744178617,-0.2366889663081,-0.1592712736451,-0.2694237391049,-0.2057707210838,-0.3735756020615,-0.2754613089248,0.1607541231931,0.1692557986721,-0.0265793217272,-0.2305633941341,-0.2616816546356,-0.1767898904063,-0.2418897738816,-0.4705236673136,0.0352099868020,-0.0796087697777,0.1835062367960,-0.2476237873526,-0.4217420880726,-0.0495033128556,-0.1737185406585,-0.3592136214204,-0.1409238767801,-0.1416413384918,-0.0079196360154,0.2657240283352,-0.1176173329463,-0.1413869370177,-0.3699357653658
0.6774647307582,0.7241252131029,1.0000000000000,0.5776766830500,0.3772770501725,0.4569014946601,0.5108557554779,-0.0506549085858,-0.1491370187904,0.0205207770678,-0.2175295335659,-0.0619064423240,-0.0377558618574,0.4668122494515,0.2432002461772,0.2494704590434,-0.1180047295723,-0.1221448855972,0.0654974363679,-0.2439480934483,-0.1283958243366,-0.0803436082006,-0.2322797308801,-0.1893128439283,-0.0201587416940,-0.0948998916306,-0.1602050661341,-0.1305410125401,-0.0173765436828,-0.0233506220771,-0.1346513846289,-0.0297612381317,-0.1854196596466,-0.0041124679180,0.1981556028787,0.3920821249826,-0.0312229390605,-0.2519025317956,-0.1557408404016,-0.0874503843036,-0.1546856177768,-0.1015448180977,-0.2395700821838,-0.0934919906979,-0.1633001177542,-0.0370770375505,-0.0152527849295,0.3269819465078,0.0484383500108,-0.2062542351805,0.6019349073577,0.7936206027971,0.4560996504169,0.7246544619801,0.1245956602304,0.3509262368684,-0.0523915837979,-0.1368760255899,0.0427970875901,-0.1332031481080,-0.1233641851790,-0.3148778740731,-0.0638055273171,-0.1149212919709,0.3742459797057,-0.2131031388694,0.3014922125796,-0.0867130212535,-0.0361201330888,-0.1902268312245,-0.2608985153436,-0.1623605843801,-0.2404836982465,-0.1850224841616,-0.0883127039394,-0.2095673718493,-0.2339716015586,-0.0322424010206,-0.0013263928147,-0.1259445543675,-0.1761166222758,-0.2138489400134,-0.2415278465439,-0.1940812694403,-0.3556300670571,-0.0495154890951,-0.0927139964322,0.2262851731223,-0.2340424771587,-0.3302104409861,-0.1517315736919,-0.1942501681327,-0.2320350902975,-0.1757614602381,-0.0719600448564,0.0293434833847,0.0517699517691,-0.1624354815416,-0.1314528325823,-0.2604870576862
0.7383193250248,0.6501759213223,0.5776766830500,1.0000000000000,0.6557400269171,0.4791382799908,0.7087989228196,0.2199882234055,0.0189966100022,0.2072031512352,0.0486989667510,0.0626824939887,0.1368094747019,0.5387226572727,0.6607817981100,0.6570830073448,0.2476669314276,0.2488784874034,0.4105799710704,-0.0639558388969,-0.1179127567439,-0.1326928205264,-0.2511501280646,-0.0480840401721,-0.0046233662033,-0.1877073390992,-0.2166648141438,-0.0854384643894,0.1033296511229,-0.1014002259662,0.0695431790787,-0.1881370719527,-0.1482824371576,0.1111954765808,0.2316074565975,0.4711385051673,-0.1085361414553,-0.3207541886195,0.0305605818528,0.0197081658109,0.0545540247769,0.0295960125787,-0.1678438616114,-0.0746363242591,-0.2622073184126,-0.1042029629932,-0.0908294804704,0.4800584326598,0.3101900391544,-0.0482538333230,0.7211664330888,0.6259200801739,0.8430499142729,0.6260274722838,0.3888228881620,0.7348804981625,-0.1088045468288,0.0557030093087,0.3243465356091,-0.0120183168534,0.0230165591555,-0.0884221793854,-0.0972834400836,-0.0408543818989,0.5572610790537,-0.1640468952603,0.6815142985550,0.2289843082271,0.3591334664259,-0.0128884055736,-0.1552556306626,-0.3332450326937,-0.1251296911157,-0.2803511755247,-0.2166619764698,-0.4045025451182,-0.3737630660294,0.0177150112392,0.0967295827850,0.0136079269365,-0.3787374829398,-0.3278551149050,-0.2680037851564,-0.2082803944183,-0.4729193473573,-0.1425351966870,-0.1854176924808,0.3440235639082,-0.2452646435179,-0.3984827747844,0.0130549207146,-0.2266081488472,-0.3694928985578,-0.2670982287490,-0.3664753410853,0.2344559769702,0.2433369053961,0.0140039861084,-0.0326205358527,-0.2629197244200
0.7253695960769,0.3187569228206,0.3772770501725,0.6557400269171,1.0000000000000,0.7401376644260,0.7819260529171,0.3119055522447,0.1512491336506,0.4774456655516,0.2015803588550,0.1925543594088,0.3002194735134,0.5394580974796,0.6526338583126,0.6255515558686,0.3624278801122,0.3981087815327,0.4717824303981,0.0126184966230,0.0576758486182,0.0781774262190,-0.2174702302458,0.1210989865292,-0.0217116942010,-0.1767717404271,-0.2614875506194,-0.0336723760388,0.1474261810088,0.0491379622805,0.2691645254181,-0.0320292651689,0.0448959215345,0.0715171445934,0.1315438183261,0.4066794508632,-0.0531777687402,-0.2739686920317,0.1516392304317,0.0250725115358,0.2094668434753,0.2580952538084,-0.0123177047542,-0.0887329914599,-0.2205746152740,0.0614950820044,0.0791715809527,0.6882284366902,0.5040699931956,0.1723413522998,0.7596382299536,0.2582030202118,0.5375644417433,0.6904580378659,0.7832074698090,0.7399288650295,0.0559612471743,0.1902443527494,0.4565864591777,0.1534958081677,0.3681580121593,-0.0086925343888,0.0595512268980,0.1091742545958,0.5890890838596,-0.1675132623831,0.6186812794727,0.3894980914082,0.4593202524775,0.1537895406359,-0.0579398909056,-0.2250131525364,-0.0017463899022,-0.3344802828172,-0.1548970599345,-0.4383968820766,-0.4281546515649,-0.0099458893807,0.0605582648061,0.1953257210854,-0.2066127437039,-0.1692240448432,-0.1212837599781,-0.1440735027487,-0.4396430905665,-0.1700687657560,-0.1951373394198,0.3073834508800,-0.1418875375171,-0.3615017889595,0.1718513955678,-0.2637966802447,-0.4217436046418,-0.2173677061869,-0.2732145748010,0.4881161085360,0.3494379041408,0.1443304961521,0.2171481637540,-0.1148898208024
0.4673829231676,0.2526138269404,0.4569014946601,0.4791382799908,0.7401376644260,1.0000000000000,0.8585781243852,0.2606778596454,0.2033723249381,0.4767727191768,0.2169231762769,0.2044163376702,0.3621235062089,0.3605429751422,0.4684584294986,0.4585815150797,0.2193136081377,0.3131675291387,0.3555010869091,-0.0136544813831,-0.0041806171363,0.0356339705705,-0.2208496940676,0.1309440056441,0.0439305847786,-0.0605073764119,-0.1424708963426,-0.0456108649435,-0.0199399986024,0.0405865956781,0.1617911640261,0.0731099948606,0.0031614542647,0.1050645908111,0.2249662213641,0.3705386229729,-0.0287399348151,-0.1026057351190,0.2348340720024,-0.0148640017531,0.0576395946065,0.2068881482609,0.0246863996881,0.0224422331511,-0.0078084650849,0.0632754600811,0.0789000509219,0.6944594832459,0.2763732552849,0.1008935895104,0.5382925338334,0.2626646396789,0.3760162797353,0.8640322945834,0.8294154313364,0.6834806589291,0.2301813249461,0.2410822141558,0.3895133331476,0.2062081801889,0.4047816817201,0.0229258345823,0.1590039117491,0.2772690829005,0.4683853147806,-0.1439508127193,0.4583518078814,0.3173255864810,0.3299992432479,0.1064939153290,-0.1388053323099,-0.2039082878845,0.0096707642227,-0.2545297537495,-0.1312685383575,-0.2842518326909,-0.2843542386718,-0.0339385048021,-0.0765085609294,0.1097580364991,-0.1500745997264,-0.1085904131596,-0.1370012087728,-0.0760712307947,-0.2853687458595,-0.1939357062128,-0.1364314794164,0.3681221753796,-0.0618064418304,-0.2381937555883,0.2018036245070,-0.2687311945780,-0.2559460339267,-0.2767060722088,-0.2076326648431,0.4566804780623,0.0632984697399,0.0214651807121,0.1832408923769,-0.0981899610867
0.5399568291973,0.3768912605868,0.5108557554779,0.7087989228196,0.7819260529171,0.8585781243852,1.0000000000000,0.3473349039246,0.1923871609505,0.3909241080548,0.0981623800380,0.0898793039729,0.3075273856437,0.3794703400020,0.5900660086845,0.6517106344964,0.2709907622850,0.3174572194342,0.5328718193923,-0.0870404658803,-0.1128060917577,-0.1581081377217,-0.3961151209256,0.0340455768498,0.0022712324443,-0.1402639295625,-0.2819547774893,-0.1345281224820,-0.0138263567387,-0.0423461528657,0.1461872818228,-0.0702839891036,-0.1196533524295,0.0355277656252,0.2963026911159,0.5167817399733,-0.0715531489865,-0.2006668480505,0.2676396460449,-0.0725854114595,0.0246137733097,0.1631148998574,0.0323069618519,-0.0018383710285,-0.0509199321625,-0.1004913901748,-0.0239327945929,0.6665388083976,0.2270906866161,0.0314308087389,0.5888893005859,0.3599079147104,0.5766562861730,0.8537921059025,0.7856427658214,0.8684071317776,0.1008804040619,0.2508468644038,0.5059500168520,0.1920219249869,0.2926144823506,-0.0812700491547,-0.0140087863423,0.2086462356183,0.5072331459935,-0.1823741340187,0.6691610003739,0.3906576160586,0.4636292564064,0.0661010833055,-0.2128956188460,-0.4269762851190,-0.0993440977322,-0.3918889958323,-0.1933835133824,-0.3929275402517,-0.4780191905124,-0.0909107925668,-0.0520812266271,0.0730909911402,-0.3120322539368,-0.2714183957965,-0.2046296457377,-0.0498755066104,-0.3678768088362,-0.2226189524256,-0.2055475259037,0.4839014245641,-0.0873199832573,-0.3083444536018,0.2289628230756,-0.3723515162147,-0.3574113419785,-0.4038401720059,-0.4003111022473,0.4559771773215,0.0420551706142,-0.0189758794082,0.1034601573949,-0.2067299224558
0.0513102724384,-0.0323682775448,-0.0506549085858,0.2199882234055,0.3119055522447,0.2606778596454,0.3473349039246,1.0000000000000,0.7162566297673,0.4699799889522,0.5063530635433,0.4269248117192,0.5611208917191,0.0114899915058,0.3233762266673,0.4992063551209,0.6633823374431,0.6384988844860,0.7058760097571,0.4801026583560,0.3666385448208,0.0089125771647,0.0089201731048,0.5306886716539,0.2525026421748,0.0288677988842,0.0708524139654,0.0356849468090,-0.0468104889186,-0.0293453835344,0.5372874910058,0.0817466667016,0.3930166864669,0.1285960074542,0.0249279280972,0.1500652007466,0.0542587364722,0.0927770072932,0.1661465268871,0.1146849131083,0.1732588158188,0.1245941039357,0.2285240713814,0.1410339883194,0.1344896793594,0.0392432551013,0.0754153323406,0.2680502787287,0.1991252559308,0.3373959761574,0.1280243759546,-0.0750377377737,0.1804516567362,0.2028933372644,0.4062099077334,0.4364674919235,0.3672162401845,0.6646311586373,0.6714465815880,0.6837142667660,0.3892320155049,0.4059826470674,0.1754785310275,0.2846050174495,0.0500078753332,-0.0237261112056,0.3540891312070,0.5319198102181,0.5433613343400,0.5186858948347,0.2756639030692,-0.1105208922215,0.3599374289221,0.1766651602884,0.0568820841050,-0.2173829147422,-0.0593080062794,0.0023841253028,-0.1122864695798,0.3382522392261,-0.1484027291837,0.1423258248040,-0.1068366218552,0.1247744447301,0.0561024892877,-0.2517759747392,0.0295104061373,0.1211087137488,0.0264169443682,0.1228736060107,0.1799017052667,-0.1708388634405,-0.0243882728829,-0.1412950287304,-0.3710554193932,0.4002908381303,0.0340264787731,0.0266738425232,0.1479111675080,0.0418728361585
-0.0818946719519,-0.1274127806439,-0.1491370187904,0.0189966100022,0.1512491336506,0.2033723249381,0.1923871609505,0.7162566297673,1.0000000000000,0.4147229367490,0.6104607315536,0.4701625659953,0.5211983600953,-0.1106299685339,0.1909181077647,0.3468691579043,0.5667304398420,0.5366293010698,0.5864639638576,0.5375681222074,0.4371440973666,0.0679590207270,0.1532376795774,0.7235948813147,0.1552807429764,0.1575864512724,0.2079931598092,0.0329779836404,-0.0900983160669,-0.0419680016099,0.5310075881601,0.1097635615500,0.3946249165060,0.1735361146187,0.1273590615557,0.1735970460987,0.1664745628824,0.1564986959665,0.2097589879184,0.1711435271744,0.1460605263307,0.0926522942947,0.2121625796676,0.1539074047964,0.1249712398413,0.0638837235398,0.0577224669614,0.2026924517951,0.1298338734921,0.3073055165356,-0.0163262129288,-0.1935016208487,0.0034223504526,0.0653025121461,0.3490264869312,0.2176626625281,0.4069170088437,0.6039647514887,0.6535779410123,0.9343268503168,0.3804567956553,0.5113034750476,0.2928751801145,0.3031985522971,-0.0615686725925,0.0536310416621,0.1902804300048,0.4172541924548,0.6091267794144,0.5716016343921,0.3949239922881,0.0201288143915,0.6418931237401,0.2842043824175,0.1011298760393,-0.0862220171217,0.1172696088779,0.0006584023746,-0.1916544292263,0.4395102019291,-0.0858879320900,0.2352959100173,-0.1356099983138,0.1327317440994,0.1356854976327,-0.2562439224386,0.1934559442138,0.1499477170841,0.0844702443283,0.2143783186050,0.2716409766331,-0.0062594806729,0.0421441907265,-0.1073753185577,-0.3137218768343,0.4089679091690,-0.0519313962197,-0.0549123323823,0.0672133358151,0.0918636772374
0.1450971629652,0.0358076161251,0.0205207770678,0.2072031512352,0.4774456655516,0.4767727191768,0.3909241080548,0.4699799889522,0.4147229367490,1.0000000000000,0.6613555496656,0.7163037067637,0.6689442937516,0.2198349672467,0.4438950048775,0.4326125591284,0.5684714331477,0.4566812704836,0.4616380537008,0.3723120871252,0.5227010577636,0.4253768057824,0.1990013393068,0.4496944178231,0.2366801473003,0.0250312669533,0.1796206992203,0.0834702155864,0.1831066198530,0.1398195070484,0.4946295383822,0.2718307823456,0.5507369730256,0.2445739249896,0.0637858873027,0.2193005481360,0.1558048479498,0.0070619384936,0.1998666442950,0.2002303602182,0.4755161677894,0.4596608772250,0.2306676893699,0.0749682576210,0.0604145850202,0.4389211524338,0.3213116043897,0.5129230343214,0.4119195751346,0.5660990268955,0.2272434193984,-0.0853704132364,0.0916081731253,0.3633632658315,0.5500060109341,0.2985227617169,0.4628375020554,0.4225538157521,0.5010959724969,0.4535105998570,0.8084707505267,0.4216228799025,0.5099889570813,0.3744930677445,0.1736658287061,0.0102973455340,0.3503680654167,0.3887750557656,0.3936108911041,0.4272966761383,0.2479155559814,0.1626927321210,0.3901151343922,0.1307487154249,0.1204390213439,-0.4059839182249,-0.0161671135714,0.1005570876176,0.0435946645802,0.3398489459958,-0.0385980878786,0.3618934284225,-0.1288062901518,-0.0253938019605,-0.1613224432589,-0.1675261549832,0.0446244356029,0.1696127694288,0.0793603380614,-0.1314513614319,0.1985600708218,-0.1474754238261,-0.1799046946946,0.1469210466752,0.0047914608761,0.4487998948844,0.2807058277273,0.3427581946744,0.5567356307992,0.1560638522388
-0.0142868355246,-0.1484185518886,-0.2175295335659,0.0486989667510,0.2015803588550,0.2169231762769,0.0981623800380,0.5063530635433,0.6104607315536,0.6613555496656,1.0000000000000,0.7679991049125,0.6847724858647,-0.0331015598970,0.2600208147002,0.2093332631396,0.6425706774173,0.5325548838750,0.3129399963454,0.5131167344587,0.5783808467951,0.3676073605545,0.4332484125265,0.6597266115658,0.1739284830943,0.0689813332460,0.3285750111093,0.1232218158838,0.1409318901875,-0.0441994780639,0.5297278307693,0.1313314746826,0.5607846451259,0.2251027764991,0.0704208196033,0.0040851420411,0.2384292166468,0.0597261104546,0.2379558735148,0.2840205810880,0.3935523716266,0.2987738178426,0.2440223381105,0.1131932321158,0.0851234844276,0.2761476592424,0.1500080084855,0.2036308859667,0.3285518854516,0.5100171227863,0.0828254473146,-0.2000346527037,-0.0112106101044,0.0416734352849,0.3409024592727,0.1067753623459,0.3763210576988,0.4464994813207,0.4293180277266,0.5974261728389,0.6309736581569,0.8047511114759,0.5688318442069,0.4583928111171,-0.0207926759747,0.0851258597938,0.0932543749154,0.4324573000912,0.3992725471856,0.4931354469877,0.5109303950317,0.2614975199242,0.6459226854740,0.3254833009235,0.0915456418851,-0.2375082357787,0.2185720303807,0.0728946109823,-0.0347020819227,0.4504385574876,-0.1270791044062,0.3223985628517,-0.1042931648116,-0.0035667799791,0.0016768318438,-0.3255981889140,0.2501564144955,0.0179759046851,0.1084401527849,0.0102202956677,0.2654759618874,0.0397684667050,-0.0632882368745,0.1229819374039,-0.1714909042999,0.3761891578495,0.1768639077156,0.2264161007611,0.2907794975227,0.2359207696716
0.0376666925122,-0.0541090425311,-0.0619064423240,0.0626824939887,0.1925543594088,0.2044163376702,0.0898793039729,0.4269248117192,0.4701625659953,0.7163037067637,0.7679991049125,1.0000000000000,0.6113273088593,0.0327892405533,0.1815650505646,0.2037397581664,0.6256255455247,0.4096712710255,0.3511089644917,0.4705053777419,0.6042077718570,0.5009798755780,0.5058283288526,0.5707335673150,0.2478690301045,0.0437540076751,0.3161711626831,0.0839220923905,0.1481517377570,-0.0425224482021,0.4509925873930,0.1812772989833,0.6257112475129,0.1728292612437,0.0361068175737,0.0907416166794,0.1931252264526,-0.0069748696206,0.0161835861305,0.1613919964822,0.3211329109826,0.1612781017761,0.0651650941606,0.0132489992942,-0.0357373145356,0.3441049905936,0.1794498801452,0.2409720061505,0.3075097245974,0.3375729896752,0.1116218441389,-0.1014751975075,-0.0391876348063,0.1525175355062,0.2383407379252,0.0950031042663,0.4285287120709,0.2941980497627,0.3659086415532,0.4949448331642,0.6323698867721,0.6902176555455,0.7840888447601,0.3428872374713,-0.0034421156901,-0.0498317613685,0.0882984454211,0.3124371996852,0.2825180660840,0.4822078447512,0.5040653292037,0.4496460618571,0.5733507882393,0.4102600672721,0.2133404014324,-0.1810628601925,0.2151768372886,0.0756060307959,0.0047207420834,0.3864854055610,0.0531870350079,0.3929120992389,-0.1765541010536,-0.0524416599696,-0.0967709396504,-0.1567277807411,0.2172045701324,0.0582824709778,-0.0592012706114,-0.0614639648725,0.0275034910456,-0.0624019356383,-0.1006455001822,0.1870330187611,0.0144099940420,0.2607210090335,0.1917814329179,0.2060405509606,0.2704343045531,0.1123440555948
0.0223501331556,-0.0791242705406,-0.0377558618574,0.1368094747019,0.3002194735134,0.3621235062089,0.3075273856437,0.5611208917191,0.5211983600953,0.6689442937516,0.6847724858647,0.6113273088593,1.0000000000000,0.0214193121535,0.2900334570531,0.3782279562693,0.6189820012153,0.4581735440169,0.4006877818828,0.3914769845020,0.5209928295573,0.2328269968251,0.1639163848226,0.4861743063772,0.2937338359575,0.0677376642919,0.2269398644195,-0.0181620058499,0.0559068013999,0.0248635047846,0.4851384578332,0.2494577154602,0.5242917199804,0.2385716918975,0.1107969843790,0.1387331769314,0.2341568449174,0.0366480502189,0.2571963163092,0.1708354251928,0.3379769138779,0.3461120286307,0.3220168066327,0.1608881993903,0.1922929608406,0.2870047964763,0.2537304204721,0.3180776010733,0.1885864776382,0.4653935979408,0.0786083310868,-0.1486058249935,0.0651793762631,0.2251655238163,0.4294017217252,0.2533916905055,0.5422003849913,0.6127500267216,0.5460834347036,0.5545203217476,0.5924903534997,0.5371638133097,0.4947496578239,0.7162784098212,-0.0050636686514,0.0498925826229,0.3130809142212,0.4817563872705,0.3714513105977,0.4569797474286,0.2543229133132,0.0376247809009,0.4092408691894,0.1330537635347,0.1102687468314,-0.3225229258753,0.0605934321024,-0.0191861714575,-0.0904454488967,0.3374284858978,-0.1508419405161,0.2742056724627,-0.1984056670075,0.0528333448196,-0.0589316864961,-0.2781691301022,0.1869408970322,0.1791425327727,0.1585892794503,-0.0447884345087,0.2545248921032,-0.1176342258534,-0.0387918160621,-0.0428749817340,-0.1802075910043,0.4014929541022,0.0427025777886,0.0775130846176,0.3320524472582,0.1679949963521
0.7002123700695,0.5698442009829,0.4668122494515,0.5387226572727,0.5394580974796,0.3605429751422,0.3794703400020,0.0114899915058,-0.1106299685339,0.2198349672467,-0.0331015598970,0.0327892405533,0.0214193121535,1.0000000000000,0.5525483021466,0.5065172225263,0.2075324088220,0.2284131390411,0.2732920630047,-0.0368606627293,0.0021104761688,0.2566151937814,-0.0970445972826,-0.0849968784109,-0.1180908835759,-0.0340941942178,-0.0950176492596,0.1625086373033,0.2489046982717,0.3858127062929,0.1456646742067,0.0571694987425,0.0012976492616,0.2373827900820,0.1909954608892,0.4229971539542,-0.0042328309128,-0.1927913089802,0.0324562267802,0.2453756748213,0.3682438923509,0.2947725428444,-0.0806432295110,-0.0123032183263,-0.2054364708720,0.2691542219884,0.2175928561666,0.4387992125025,0.3911439331731,0.1113712816404,0.5644712151767,0.4497585153623,0.3807679443786,0.4352420023819,0.2283466538243,0.3072914937851,-0.2984236877019,-0.1607314407705,0.0746682690918,-0.1304876957583,-0.0039344334766,-0.2607001570618,-0.1442277108606,-0.2635951927953,0.6662480299495,-0.1200704512397,0.4869462633279,0.0131956677282,0.1749627094245,-0.0611934669519,-0.2150824123973,-0.1016754773179,-0.1234724575872,-0.2804972209748,-0.3022307352645,-0.4678120206884,-0.2575622510744,0.2377314665222,0.3465678409016,0.0487707693264,-0.1888819020143,-0.2318532779744,0.0764557238010,-0.2240606758703,-0.4485679553960,0.0450152303877,-0.1618688645338,0.1782995546263,-0.2531941442711,-0.3542929451435,0.0570653291464,0.0198472919972,-0.2782110039909,0.0438249603139,-0.0906220678666,0.0917389976667,0.5543647959783,0.1681738751763,0.1820819995411,-0.3295570205136
0.4648640771467,0.3497577439961,0.2432002461772,0.6607817981100,0.6526338583126,0.4684584294986,0.5900660086845,0.3233762266673,0.1909181077647,0.4438950048775,0.2600208147002,0.1815650505646,0.2900334570531,0.5525483021466,1.0000000000000,0.6624243068069,0.3771742401024,0.3352636417494,0.4631230319585,0.1028607414992,0.1515196561007,-0.0080281363621,-0.1293360392150,0.1954085432714,-0.0294065799117,-0.0940660347974,-0.0911094080489,0.0264796696490,0.1519890904135,0.0950666877102,0.3060806325885,-0.0460313345814,0.0786649681505,0.1515847503210,0.1760415829366,0.4207302834129,-0.0614384992547,-0.1030677222226,0.2715349729300,0.1897897862783,0.2901072620478,0.2956527530905,0.2037963879878,0.0867125253523,-0.0466021847747,-0.0016677652555,0.0697860751108,0.5634208423539,0.4252185655131,0.4278304492409,0.5001552492559,0.2915955172161,0.6455232257982,0.4435305610815,0.5318660375161,0.6145372009652,-0.0694051050485,0.1706124236530,0.4520343910557,0.1509159258582,0.2044876040893,0.0724100590393,-0.0022908784556,0.0364062409158,0.7510898707006,0.1682639866246,0.6223802121212,0.2941732328025,0.4872781590947,0.1198675241358,0.0365782980962,-0.2450801396675,0.0800166292636,-0.2589525044061,-0.1798678264179,-0.4845655138292,-0.3475866498348,0.0784348105999,0.0768129956257,0.1810198264893,-0.3765015920458,-0.1541871556262,-0.0844620172534,-0.0455318854933,-0.2864089462391,-0.2447406193396,-0.1490108729378,0.3479463676603,-0.0090319916527,-0.1838667164634,0.3199730578297,-0.1302168731864,-0.2480707601817,-0.1920360691377,-0.3911897528002,0.4948568619206,0.3356514476690,0.1461689175882,0.2044562863128,0.0474421002629
0.4374493418696,0.3127446490591,0.2494704590434,0.6570830073448,0.6255515558686,0.4585815150797,0.6517106344964,0.4992063551209,0.3468691579043,0.4326125591284,0.2093332631396,0.2037397581664,0.3782279562693,0.5065172225263,0.6624243068069,1.0000000000000,0.5755768076642,0.5736664604799,0.8248625080783,0.2713193696217,0.1229776931155,-0.0629417273845,-0.2513488063416,0.1928422469592,0.1147582959881,-0.0252084196753,-0.1621307160545,-0.0314055465858,0.1272787277008,0.0660640082881,0.5278410164292,0.0261090715353,0.1553324298252,0.1474809143256,0.2463818180275,0.6683203956611,0.0172465796735,-0.0992955610353,0.3273926494781,0.0960051402116,0.2276868766363,0.2823220765518,0.1964801790380,0.1198717990191,-0.0027493185136,0.0015271954041,0.0575851184449,0.5445395030598,0.3138882855054,0.2806460816766,0.4555589640373,0.1891151570823,0.5731139345504,0.5045233493717,0.5131725377692,0.6176377327360,0.1026152342345,0.3269807530244,0.7026188339304,0.3181432562410,0.2535374727509,0.0346460905319,0.0121988798971,0.1231723339820,0.4370577706938,-0.0263260234743,0.8931267246427,0.5244795012487,0.6985597363270,0.3985673963657,-0.0536586142481,-0.3706891216942,0.0389063260471,-0.2378347232215,-0.1289215401757,-0.4307389327392,-0.3391759155222,0.0386630215600,0.0425272703709,0.3264101094994,-0.2489889420885,-0.0552653985829,-0.0996276639502,0.0368717200399,-0.2449996650551,-0.1630156274357,-0.1006004358800,0.4328931559771,0.0185607498402,-0.1472604813531,0.3307944693718,-0.2044550465022,-0.2023891259019,-0.3114968254993,-0.3731003081638,0.4322035323618,0.1677141112951,0.0398311946401,0.2360035471128,-0.1232626381062
0.1347881250303,-0.0811996886991,-0.1180047295723,0.2476669314276,0.3624278801122,0.2193136081377,0.2709907622850,0.6633823374431,0.5667304398420,0.5684714331477,0.6425706774173,0.6256255455247,0.6189820012153,0.2075324088220,0.3771742401024,0.5755768076642,1.0000000000000,0.8243032302831,0.6935880340138,0.6121686810104,0.5731093629128,0.2233986640991,0.2548794331322,0.5640902738074,0.1687897735483,-0.0217273621719,0.1601580801140,0.0922160235909,0.1489584546843,-0.0251718268940,0.7606321806962,0.1069332736542,0.5966754018320,0.1665505272736,0.0315498754408,0.2198565005521,0.1869434495268,-0.0575309795369,0.2431771449610,0.2304006396935,0.4173173543253,0.2893694879904,0.2451521512367,0.0481413345306,-0.0191808593739,0.2325248101803,0.1630668459026,0.2882304497306,0.3066730478156,0.4236652473745,0.1396604226046,-0.2048403165800,0.1210960744111,0.1459023879152,0.3532057662797,0.3126411493174,0.2016067111891,0.4307149452340,0.6209844503185,0.5306906240033,0.4544390866465,0.4881923274451,0.3130761973895,0.2703226015434,0.1057136676559,-0.0237721974388,0.4426723725860,0.6838829102550,0.6663451145257,0.6736700798946,0.4346616742799,0.0585218181646,0.4535171585095,0.1524880199049,0.0588030369598,-0.3586277144975,0.0062704195068,0.0947225256196,0.0436421892350,0.5836732267235,-0.0875522790910,0.2729071206428,-0.0701572970762,0.0497018156524,-0.1311829327242,-0.2198208275079,0.1084741422029,0.1093935091944,0.0598517348117,-0.0747188792168,0.2977129138314,-0.0503464096920,-0.1568279234861,-0.0275930526353,-0.2655629479995,0.3484317605662,0.1797774272910,0.1151147144283,0.2994687816504,-0.0081043181710
0.1825625364523,-0.0509335014323,-0.1221448855972,0.2488784874034,0.3981087815327,0.3131675291387,0.3174572194342,0.6384988844860,0.5366293010698,0.4566812704836,0.5325548838750,0.4096712710255,0.4581735440169,0.2284131390411,0.3352636417494,0.5736664604799,0.8243032302831,1.0000000000000,0.6415573591390,0.5421515833000,0.3745040986049,0.1387596146987,0.0990896387073,0.5115804060328,0.0372386016272,-0.0163323811820,0.0375786151573,0.1260791668541,0.0797896670433,0.0377436769244,0.7355945014403,0.0483127816682,0.4192454272985,0.1802260538618,0.0339015290357,0.2143001159655,0.1535313252489,-0.0757090465454,0.2863493237417,0.2094062827542,0.3701812699780,0.3204234759490,0.2141354641848,0.0287651665067,-0.0323593549522,0.1636948494998,0.1436677136605,0.3206896584604,0.2437636859484,0.4005813329783,0.1736226503836,-0.1598795834598,0.1367632627727,0.1761849580808,0.4365293781125,0.3551408297731,0.1224307211019,0.4612563925417,0.6188392204607,0.4821818265331,0.3971621657274,0.3515604484450,0.1291708206527,0.1903727452627,0.1221700363452,-0.0681531504296,0.4681143354950,0.6979444026668,0.6949355189442,0.6543004026398,0.2718304199933,-0.0759491920457,0.3789758922021,0.0068292635115,-0.0243034321101,-0.3194946712588,-0.0012385763130,0.1017718209626,0.0357877343862,0.6106472628723,-0.0405328592006,0.1963224702182,0.0334884620986,0.0653406000970,-0.0599829946979,-0.1711739301629,0.0900322173278,0.1111701179211,0.1239774012548,-0.0887948243312,0.3504143629717,-0.0214648705014,-0.1438284125386,-0.0712376047159,-0.2455660571309,0.3499762767171,0.1017623935952,0.0920841660742,0.3173671117145,-0.0099859756504
0.2113465072165,0.1038724870756,0.0654974363679,0.4105799710704,0.4717824303981,0.3555010869091,0.5328718193923,0.7058760097571,0.5864639638576,0.4616380537008,0.3129399963454,0.3511089644917,0.4006877818828,0.2732920630047,0.4631230319585,0.8248625080783,0.6935880340138,0.6415573591390,1.0000000000000,0.3878976063639,0.2223241613630,-0.0391788393006,-0.1533854814846,0.3881937794563,0.1221244893330,-0.0168617766281,-0.1048401656561,0.0196147444056,0.0645622630257,0.0358434128458,0.5696135908917,0.0060415705517,0.2453320024113,0.0988554204558,0.1424101716937,0.5266774657843,-0.0062850383839,-0.0178647189437,0.2865419532172,0.1025386867184,0.2243529945303,0.2001648320855,0.2082495716318,0.1383679939138,0.0544035423147,0.0184489795061,0.0487710435907,0.4327325009727,0.2261761619586,0.2139645300440,0.2225947182768,-0.0293168117389,0.3180055062436,0.3651184500140,0.4595262118754,0.5324960170913,0.1805487573627,0.4560781161464,0.7454661278647,0.5598313051298,0.3359550164797,0.1792197376052,0.0903919297519,0.1606032688257,0.2442636611572,-0.0596802224943,0.6863511119885,0.5724181826540,0.7845084472780,0.5135015426321,0.1157336530296,-0.2818952946623,0.2063007856117,-0.0828176051406,-0.0487966904945,-0.3524728389037,-0.2450141420480,0.0599185672993,0.0124863679124,0.3666501646016,-0.1775800020893,0.0494174593368,-0.0592017317540,0.1282976003751,-0.1191210615465,-0.1279560784219,-0.0966695368897,0.3138632199021,0.0242214644481,0.0066188103352,0.3028150790785,-0.1611014337028,-0.1156023842135,-0.2238956325711,-0.3897951316137,0.4092448643020,0.0879314121008,0.0216138811766,0.1859830325193,-0.1526198992892
-0.1097337099624,-0.2181450837207,-0.2439480934483,-0.0639558388969,0.0126184966230,-0.0136544813831,-0.0870404658803,0.4801026583560,0.5375681222074,0.3723120871252,0.5131167344587,0.4705053777419,0.3914769845020,-0.0368606627293,0.1028607414992,0.2713193696217,0.6121686810104,0.5421515833000,0.3878976063639,1.0000000000000,0.6554627314314,0.2681608753659,0.4789146611676,0.6611764413896,0.4181450097172,0.2292986383404,0.4571507029762,0.1607547844509,0.0720120445379,0.0731102550382,0.7289379178477,0.3676803172610,0.7146287467407,0.3115575074059,0.0288241434205,0.1063111558024,0.2811638738388,0.2903910588350,0.0354120007630,0.2400614426074,0.2957689816444,0.1627341154830,0.2627572739364,0.1342998809456,0.1432329337478,0.3238058663203,0.3185411762887,0.0218590436072,0.1864988479635,0.3976189431211,-0.1387666622702,-0.3225544783699,-0.1398313712352,-0.1128820349722,0.0579061975191,-0.0394676590728,0.2489319725724,0.2552489900845,0.2923214413883,0.4935098093440,0.2211036950499,0.3816201884902,0.2385690575731,0.0755168659280,-0.1228459262988,0.1348269330468,0.1099513365580,0.2392407664479,0.4298133566013,0.7987093686960,0.4419851841037,0.2692524772930,0.6374116754167,0.5560772712356,0.2814195064932,-0.0537614435518,0.3855558666718,0.1326799868874,-0.0280721972029,0.6128080188512,0.1234115992262,0.4923146400719,-0.0910988755876,0.1070874804724,0.0738208914639,-0.0777524567151,0.2828078517121,-0.0197636092058,0.0650350220140,0.2106815523265,0.1064965545802,0.0787361373025,0.1219145836000,0.0729674150348,-0.0776291380014,0.1532925938404,0.0842213358400,-0.0840307124435,0.1381112609674,0.1232892255884
-0.0866640550646,-0.1906794453289,-0.1283958243366,-0.1179127567439,0.0576758486182,-0.0041806171363,-0.1128060917577,0.3666385448208,0.4371440973666,0.5227010577636,0.5783808467951,0.6042077718570,0.5209928295573,0.0021104761688,0.1515196561007,0.1229776931155,0.5731093629128,0.3745040986049,0.2223241613630,0.6554627314314,1.0000000000000,0.3727716767460,0.5560483701554,0.6865768236097,0.3571381560201,0.1600069065155,0.4551355488321,0.1852818880557,0.2038348159882,0.1302350078212,0.7031408559929,0.4042304272407,0.7769325433593,0.1741430898860,-0.0931463541591,0.0022118439881,0.2207322852199,0.1954231197579,-0.0894572001436,0.1619297644047,0.3072543628580,0.2272131297487,0.3199642619879,0.0710397258630,0.1390278891053,0.3807772352987,0.3643615189666,0.0318048740258,0.1976063063586,0.5682296335744,-0.0877289889324,-0.2681308931519,-0.1892703777029,-0.0716978434601,0.0418416759784,-0.1157762624015,0.4047847948571,0.2590410103834,0.3013101615716,0.4476797573628,0.3196368326009,0.4456711774228,0.3882555317408,0.1915152426215,-0.1420983953463,0.1922929431824,-0.0008093600219,0.1982483963546,0.2623358986042,0.5595008624044,0.6193669344139,0.4061526885170,0.6443715216090,0.5440109121462,0.5277948678242,-0.0675363172309,0.3221122792598,0.1465937999188,0.0574937753126,0.5366082624836,0.1074259891879,0.6005210264540,-0.1427426529964,0.0245771684129,0.0617063277868,-0.1417612272536,0.2367798045561,-0.0801023720306,0.1201739703123,0.1353569268850,0.0154781376955,-0.0570188864580,0.0604355289938,0.1951588455262,0.0957293577762,0.1734849419029,0.1438821388676,-0.0162295755731,0.2229224720139,0.3651565991325
0.0896770786302,-0.0536201847071,-0.0803436082006,-0.1326928205264,0.0781774262190,0.0356339705705,-0.1581081377217,0.0089125771647,0.0679590207270,0.4253768057824,0.3676073605545,0.5009798755780,0.2328269968251,0.2566151937814,-0.0080281363621,-0.0629417273845,0.2233986640991,0.1387596146987,-0.0391788393006,0.2681608753659,0.3727716767460,1.0000000000000,0.5574300587892,0.2827554556825,0.2146809161184,0.2697174533903,0.4506758671949,0.2074671264954,0.2362761091119,0.3767955709578,0.1616419133159,0.3888595847050,0.3951107581630,0.3044569140333,0.1022019668410,-0.0015191775254,0.3581331961000,0.1006126332738,-0.0893642630504,0.3165345817359,0.4970088263915,0.2548968237078,-0.0031519657358,0.1040514480494,-0.0078629509004,0.6589990970240,0.4733398691332,0.0610654231215,0.3435173259873,0.2397630676575,0.0000270946852,-0.1542351234834,-0.2990378961658,-0.0669091589658,0.0101912337726,-0.2125558374114,0.0873326416826,-0.1223957216444,-0.1202740485499,0.1037284099296,0.3844105679876,0.2357956036048,0.3963700981653,-0.0659280790881,-0.0193679677810,-0.0355799495677,-0.1799021109103,-0.1875583728450,-0.0743804851987,0.1535042356125,0.1358921290255,0.6613364686073,0.3734089495218,0.3458475607681,0.1418334957427,-0.1035610060834,0.3725240914193,0.1417250720535,0.1839738524478,0.1793195528481,0.2525429770101,0.2282545238928,0.0968242934678,-0.0982433119864,-0.0757202839756,0.1083872497530,0.3340330480096,-0.0156787935691,-0.0514463807523,-0.0339507014406,-0.0716634901359,0.2242894679870,0.1000549376545,0.4660533080540,0.3634835401837,-0.0410724965781,0.3723044652867,0.2804073481972,0.3788706438318,0.0625942564810
-0.1850871803649,-0.2952949163962,-0.2322797308801,-0.2511501280646,-0.2174702302458,-0.2208496940676,-0.3961151209256,0.0089201731048,0.1532376795774,0.1990013393068,0.4332484125265,0.5058283288526,0.1639163848226,-0.0970445972826,-0.1293360392150,-0.2513488063416,0.2548794331322,0.0990896387073,-0.1533854814846,0.4789146611676,0.5560483701554,0.5574300587892,1.0000000000000,0.4215185875901,0.2670914197785,0.4425823654309,0.7544529856669,0.1810645259177,0.2388552727763,0.0530801795218,0.2426955374935,0.4850451966886,0.5681291450011,0.2674722507506,0.0059911165898,-0.2305834720877,0.2829609700630,0.2657178098661,-0.1773244951939,0.3649020110223,0.3038932933704,0.0292111969023,0.0717830594057,0.2191368659343,0.1105760216584,0.4855637797193,0.4316004465644,-0.2072038075704,0.1910785045380,0.2500105429654,-0.2143077011509,-0.3037932168130,-0.3383789412006,-0.2952026262972,-0.2429178505408,-0.3450779565197,0.0720106169450,-0.1350944391527,-0.1952281286641,0.1156591549065,0.0676457794663,0.4476917836133,0.4226596028454,-0.1186661973746,-0.2238671716259,0.0529717575883,-0.4090244745076,-0.1651024306859,-0.0733038441969,0.2811972600405,0.3837077530726,0.8018257762258,0.4803719521057,0.6492627821315,0.2880594863357,0.1676888922011,0.6053820341032,0.0911798936167,0.0239524132843,0.2312183952956,0.1840843113178,0.3911816019172,-0.0868195357446,-0.0728861282711,0.1046373978550,-0.0769174253509,0.3344599427356,-0.2135023643348,-0.0423951033648,0.1582294019304,-0.1555589293059,0.2838120741167,0.2811213871987,0.4350975170728,0.2611601658464,-0.1223294555071,0.1420353964479,0.0411513018653,0.0646429659393,0.1766514454116
-0.0660619560001,-0.1818095110072,-0.1893128439283,-0.0480840401721,0.1210989865292,0.1309440056441,0.0340455768498,0.5306886716539,0.7235948813147,0.4496944178231,0.6597266115658,0.5707335673150,0.4861743063772,-0.0849968784109,0.1954085432714,0.1928422469592,0.5640902738074,0.5115804060328,0.3881937794563,0.6611764413896,0.6865768236097,0.2827554556825,0.4215185875901,1.0000000000000,0.1716043224144,0.1573671122300,0.3491309613723,0.1500030917847,0.0551509950337,0.0426147609965,0.6280881478053,0.1638635076977,0.5300334068084,0.1231639106772,0.1279598162029,0.1421876537528,0.2881112347496,0.1278674712023,0.0392245834292,0.1314817624783,0.2047920732890,0.0998523977304,0.1870293173464,0.0360721054570,0.0187767935174,0.2021445874842,0.1445415384190,0.1669671766676,0.2006796618962,0.3911932246765,-0.0375627106452,-0.2438131566849,-0.0863280398818,-0.0242954791347,0.2354624762967,0.0669802458294,0.3816996071151,0.4043349641414,0.4515771812239,0.7287262381630,0.3490986342253,0.5306413359502,0.3457115111288,0.2192849024534,-0.0709090428657,0.1131332123795,0.0603977877458,0.2649846986098,0.5286714819268,0.6346054018402,0.5609591774039,0.3058436583663,0.8738778579458,0.4821391146181,0.3390894881865,-0.0748691169726,0.2867738394341,0.0837295660287,-0.0434004548898,0.5888100734650,0.0018740965015,0.3909062516886,-0.1660153069382,0.0476783118004,0.0479316786079,-0.2224275297105,0.3799269878850,0.1267850802613,0.0904719135353,0.1256732830939,0.1358731333214,-0.0099681507241,-0.0050607399516,0.0708310135775,-0.1022143219931,0.3406133930524,0.0669727786952,-0.0508121049138,0.0847453603318,0.2633428367931
