1.0000000000000,0.7719723349674,0.7894816860308,0.7748829126664,0.7666711896943,0.4541138129951,0.6324110290785,-0.0608809572015,-0.1212160986993,-0.0302648957697,-0.0604980008695,0.0176324192162,-0.0091842935795,0.7861311492639,0.6400079305362,0.4584185421201,-0.1477131026014,-0.0269202664495,0.1595362568733,-0.1684393625450,-0.1741274216550,-0.1473569490174,-0.1195282883585,-0.0462032874155,-0.1199323560437,-0.1836126953442,-0.2902358603893,-0.1458132597664,-0.0321398697942,-0.0784382927491,-0.0139918219890,-0.2267023667636,-0.2720145586282,0.0901770179048,0.3603568347404,0.4179775016852,-0.1663105313496,-0.3791563390288,-0.2270853940961,-0.1584392245180,-0.1590052721844,-0.2096027044031,-0.2133116780385,-0.1578272115993,-0.3990763963056,-0.2275281333884,-0.3168311234967,0.3930107515650,0.0803949616899,0.0051077571837,0.9382662955815,0.7899586105127,0.6649468312378,0.6547660197616,0.3743081131744,0.6182658757322,-0.1162082217657,-0.0710317441952,0.0529534678437,-0.0540945726452,-0.1845294726123,-0.0854812416506,-0.0117312850791,-0.1069297753688,0.7122599918353,-0.2295983061551,0.4689590557694,-0.1217153687781,0.1199050084162,-0.2033222218812,-0.2004550149666,-0.1655296987578,-0.1536406152468,-0.1914547856982,-0.1802892234558,-0.1625406429566,-0.2101830623660,-0.0112612339163,-0.0715276578780,-0.1437844909005,-0.3298206002929,-0.3629112241148,-0.2640826850437,-0.2565210265185,-0.3690125622992,-0.0841876913864,-0.1419476257621,0.3225164895035,-0.3363721257983,-0.4316086368623,-0.2123491471597,-0.2094234029970,-0.1858286568010,-0.2637552750181,-0.3436933730489,-0.0576414864036,0.3024746906301,-0.1805599441882,-0.1717609518000,-0.1371630479679
0.7719723349674,1.0000000000000,0.8585981467961,0.8604098392833,0.5140754458595,0.4440008866529,0.6856579094907,0.0053516671162,-0.1058248794854,-0.0934268308994,-0.1377749705619,-0.0054445633788,0.0009447048977,0.7091578425287,0.8045587330889,0.4874103160247,-0.1762292858839,-0.1511796867240,0.2006944226808,-0.0486850961166,-0.1692216840159,-0.1393028697747,-0.1039797270747,0.0020053030153,0.0604629534469,-0.1102260156614,-0.1725097973879,-0.1202589693288,-0.0194813354665,0.1047216864378,-0.0000798622733,-0.1686025625035,-0.2515342294501,0.2716930669452,0.3921254552897,0.4679474976866,-0.1791691812644,-0.2433724930953,-0.0900798700686,0.0591367234877,-0.1418270268793,-0.1055816533894,0.0817048503918,0.1165858114958,-0.1890015213742,-0.0844715316071,-0.1757262167081,0.4134748485049,0.0509947370579,0.0870616434437,0.7122742458753,0.9654763551639,0.6868599612749,0.6932281068196,0.2651328051160,0.6644866073213,-0.2195803497825,-0.0782860958695,-0.1373014328287,-0.0893448363013,-0.3215473765276,-0.1743916093765,-0.1836470053103,-0.2202044163454,0.5861074961487,-0.0843830466683,0.4926587269711,-0.2882892213755,0.0330701483870,-0.1777897804341,-0.4089198097762,-0.1876032811752,-0.2259131727466,-0.1747671884685,-0.1605291637557,-0.2161743136010,-0.1439999712587,0.1486916685579,-0.0709866985869,-0.2759953180192,-0.3750662642316,-0.3830603202638,-0.1894020169608,-0.0630954574891,-0.2129144980310,-0.1177486408001,-0.2021483777518,0.3589471272765,-0.2050228008659,-0.3315176490766,-0.1614009308533,-0.0210494973481,0.0603335281464,-0.2670433427112,-0.3394802988562,-0.1602142862261,0.1713206485177,-0.3338246338986,-0.2789911564550,-0.2885155190280
0.7894816860308,0.8585981467961,1.0000000000000,0.7817001038395,0.5461790466328,0.5772639248007,0.7089173956035,-0.1283044887704,-0.1777275535373,-0.1114703021371,-0.1281151248871,-0.0042695610355,-0.0754326621991,0.6823449844458,0.6604104971112,0.3849938761166,-0.2865169208332,-0.2198355376002,0.0891053637323,-0.1397261844398,-0.1809558752187,-0.0634703696998,-0.0801304092214,0.0062864294496,-0.0636575601639,-0.1862153571060,-0.1354899118575,-0.1815274231019,-0.1265626522598,0.0063068496069,-0.0580836294133,-0.1368078960253,-0.2660691631260,0.1097298829311,0.4623810027211,0.5242825398662,-0.0541435944805,-0.2395562054900,-0.0400824623047,0.0216974645783,-0.2682158300528,-0.2009372377982,-0.0107000538836,-0.0266836909949,-0.2589304216616,-0.1135771542969,-0.2018783683001,0.5480917770393,0.1140098013428,-0.0109203258655,0.7621662024232,0.9032063480937,0.6637616824677,0.8522764412315,0.3154435871435,0.6238983841667,-0.2091674336063,-0.1549051346864,-0.1637916965133,-0.1414351219072,-0.2588351184704,-0.1540468739180,-0.0895744207042,-0.2397227173122,0.5835689406542,-0.0754634391242,0.3814007560842,-0.3284335387126,-0.0269211613157,-0.2563446681906,-0.3548431812708,-0.1038811728531,-0.1637607176687,-0.1851603799484,-0.1426057536293,-0.1957473032059,-0.1496437075384,0.0093308533021,-0.1605898870070,-0.2891935983485,-0.2981073461210,-0.3787161700468,-0.2234688882754,-0.1134098584210,-0.2482291301817,-0.0708356643894,-0.0613366891955,0.4034231100489,-0.2005807834000,-0.3045227671385,-0.0640699646306,-0.0326593185595,-0.0713400118409,-0.1411629967363,-0.2638848774853,0.0267611489119,0.1569880212594,-0.3514322906939,-0.3207338922305,-0.2413292992479
0.7748829126664,0.8604098392833,0.7817001038395,1.0000000000000,0.5519020274139,0.5041608225860,0.7895610021891,0.1315667754499,0.0382534254676,-0.0494294346997,-0.0306975780411,0.0715345207507,0.0655565800818,0.6184075268206,0.8698076499089,0.6524563910122,-0.0444723654730,-0.0583481130109,0.3051572438371,0.0659922882461,-0.0727653307063,-0.1813332604685,0.0082910176226,0.1078485656519,0.1092459010800,0.0201180195790,-0.0401830385874,-0.2282933092126,-0.1229643257528,-0.0507259435977,0.0733611962155,-0.0626980525309,-0.1494251099722,0.3333128742017,0.4439729465620,0.5216540658389,-0.1786287238327,-0.2005871790144,-0.1255422586071,0.0781066887638,-0.2219308031225,-0.1374269819548,0.1325226438396,0.1583301708682,-0.1287641107787,-0.0857047516209,-0.1246175891523,0.3951746685715,0.0539160253218,0.1140910332907,0.7726025730797,0.8634412856391,0.8760719286015,0.7276162855981,0.3509760070306,0.8579491839771,-0.0659660028036,0.0091759138912,-0.0403654555062,0.0706012050233,-0.3466712612356,-0.0530904120154,-0.1372882530551,-0.1837976747757,0.5758807619392,-0.0125410969657,0.6617385961064,-0.2560289385447,0.1805276745474,-0.0503617967987,-0.2950214757064,-0.1054069088577,-0.1002444426407,-0.0337641657092,-0.0079714170574,-0.1195192130000,0.0185180716394,0.0651736749237,-0.1892486683334,-0.1591636315031,-0.3186557930071,-0.2151540239749,-0.3012005621103,-0.0499079243841,-0.0907113402083,-0.1228583465311,-0.1472218217304,0.4606199625279,-0.1342154331098,-0.2465806952196,-0.1683735226848,-0.0041321143251,0.1749950508442,-0.3032948743387,-0.2760472418891,-0.1487134568432,0.1096972233046,-0.4442735812208,-0.2897816334740,-0.1690012540304
0.7666711896943,0.5140754458595,0.5461790466328,0.5519020274139,1.0000000000000,0.6389372557506,0.6654240666098,0.1381471054656,0.0944866632741,0.3265065564554,0.1160851969768,0.1792153396622,0.2482391851578,0.6233508532156,0.5263149005291,0.5332755545280,0.1222192100458,0.2307839577509,0.3911741166297,-0.0909815897157,-0.0035768949669,-0.0340541637806,-0.2228148691761,0.0486160726647,-0.0753126661218,-0.1347206086530,-0.3100656383673,-0.1342574647275,0.0071768711774,-0.1145470340936,0.1499581037702,-0.1519820796134,-0.1133193637978,-0.0505316868446,0.2046437602175,0.3517579321472,-0.1374462352591,-0.2947026205503,-0.2572141565648,-0.2850357704054,-0.0335205428313,-0.0776600683643,-0.2508997154101,-0.2505669259642,-0.3491267806551,-0.2484717139650,-0.3587079577071,0.4691499230872,0.1027621909839,0.1648521276454,0.8157313069955,0.5228194521809,0.4150478712018,0.6068705900800,0.6874400371896,0.5199567501356,0.2132697147506,0.1927462693640,0.3997527049463,0.1627533899909,0.1354209898437,0.1061188560920,0.2095352753634,0.2097243180562,0.6460930221051,-0.2761342944808,0.4853920617921,0.2398957856170,0.3592375445913,0.0014408628359,0.0197723258197,-0.2004141057044,-0.0777162118921,-0.1085248343401,-0.1261511202098,-0.1413745258793,-0.3252905712051,-0.1352141970115,-0.0761734662582,0.0476885792243,-0.3014650927654,-0.2099983897855,-0.2609878517217,-0.2669644323996,-0.3889656296743,-0.0929413844364,-0.1443093830503,0.2061849839929,-0.3433418319960,-0.3815963953162,-0.2082908165919,-0.4017097971738,-0.3136423800860,-0.2897315020944,-0.3634446950685,0.1546803660432,0.2542393386660,0.0192924526610,0.0744670371915,0.0132900133747
0.4541138129951,0.4440008866529,0.5772639248007,0.5041608225860,0.6389372557506,1.0000000000000,0.7794871862826,0.1795309321344,0.1235652978352,0.2950357980488,0.2400864726003,0.2788980234363,0.2494691441518,0.3790697397196,0.5246237860015,0.4189666368180,0.0768347883528,0.1125153444224,0.3049168488090,0.0342420428669,0.1072020919972,0.0744839757064,-0.0185956325690,0.2861962548698,-0.0004024719340,-0.0292067298026,-0.0089668737880,-0.2292620284518,-0.1474882817686,-0.0519400277906,0.1439167171915,-0.0037859222032,-0.0438713116131,0.0102026646529,0.3565945385149,0.4092043071750,0.0460351105042,-0.0865332973478,-0.0072296772204,-0.0404256680074,-0.1213170615654,-0.0061223678285,0.0462890027244,-0.0314600348836,-0.1045856560830,-0.0462907044537,-0.1434835884562,0.6713636296642,0.1640499907797,0.1788671703710,0.5547046927768,0.4916226225496,0.4469016378281,0.8341029804888,0.8732121118941,0.5902309977217,0.1899776772440,0.1437964474488,0.1552635379606,0.1579341463106,0.1296325082592,0.2048094375912,0.1786446035596,0.1201527989864,0.4350558256683,-0.0078775989261,0.3745106819392,0.0266731480869,0.2364169581054,-0.0335751528532,-0.0406139190844,-0.0417265585953,0.1002858161395,-0.0448629741526,-0.0107869995800,-0.1408759010846,-0.1055688653365,-0.1828523040314,-0.2473489764276,-0.0133856760081,-0.2416129458349,-0.1865673214362,-0.2115970371850,-0.0607886603436,-0.1568721418844,-0.1637423019310,0.0361003010318,0.3459463025058,-0.1176658730675,-0.1762841202172,0.0497966465968,-0.0986864061249,-0.0646702693320,-0.2269214306925,-0.2747037357482,0.3510077791625,0.0936811899138,-0.1687501112696,0.0153869577330,0.0085757954338
0.6324110290785,0.6856579094907,0.7089173956035,0.7895610021891,0.6654240666098,0.7794871862826,1.0000000000000,0.1029343482262,0.0355631033359,0.1777876478677,0.0336962812853,0.1587228379785,0.1434134094655,0.4844297556507,0.6925132182513,0.5967041287020,-0.0485484597824,-0.0491405940952,0.3360637402813,-0.0610984341924,-0.0448112103920,-0.1692840416922,-0.1157729131297,0.1292041301855,0.0137437725658,0.0181823841954,-0.0882743313087,-0.2401730429988,-0.1899559602399,-0.0810374574100,0.0493080078055,-0.0241092804867,-0.1209187937791,0.1620750028404,0.4626450299260,0.5209869843076,-0.1185612979033,-0.1791329515099,-0.0532010596162,-0.0824586596685,-0.2414833973630,-0.1134759223633,0.0502139146138,0.0532798964636,-0.1427567116556,-0.1812336913399,-0.2145649096402,0.5550681726882,0.0363993280909,0.1467306789135,0.7169866758871,0.7192172993618,0.7100599017055,0.8529557706317,0.6715674354837,0.8864809205848,0.1438386674831,0.0479652001969,0.1018127914129,0.0611802041693,-0.0580353452921,0.0358352328264,0.0579410355232,0.0095530524423,0.5352915256883,-0.0470173933159,0.5814147458072,-0.0962040009116,0.1948994250050,-0.0803221999840,-0.1799969986713,-0.1355140602040,-0.0965513923373,-0.0954192493543,-0.0440905394726,-0.0861181661972,-0.1481836523136,-0.1103568841659,-0.2412233801512,-0.1335954839165,-0.2673259442915,-0.2036322193099,-0.3476653175123,-0.0675578550620,-0.1744260146325,-0.1110912817248,-0.1145306836690,0.4812071233669,-0.1707288822973,-0.2328724959336,-0.0932718948615,-0.1723790367170,0.0126464509733,-0.3386175523517,-0.3063916769866,0.1074463085700,0.0507326709024,-0.3244026555446,-0.1490433983824,-0.0950659452645
-0.0608809572015,0.0053516671162,-0.1283044887704,0.1315667754499,0.1381471054656,0.1795309321344,0.1029343482262,1.0000000000000,0.8214995929934,0.5098408619477,0.4961528792078,0.4872679881657,0.7767466514903,-0.1162666606982,0.3078289221399,0.4647124791449,0.6740570566184,0.6118838343564,0.7634873747087,0.6623138950737,0.3759636480664,-0.0740300128065,-0.0200027690711,0.3953627245567,0.5400619502292,0.1255144650015,0.0622350702003,-0.1763885565309,-0.0883550989003,-0.0514038799418,0.5363358143298,0.2102845596175,0.4055369238807,0.3183850248262,-0.1717435853156,0.1247410670307,-0.0846481263238,0.3239922565552,0.0486735948398,0.1771632847428,0.1133788936110,0.2515435623617,0.4105850570706,0.3542446827099,0.3926664495213,0.1484825682897,0.1888399631610,0.1450713949767,-0.0472981274534,0.3396169602151,-0.0139841772175,-0.0553805802067,-0.0014728228970,0.0239849277539,0.2604894639544,0.1451229266771,0.5795001114502,0.8764680892810,0.5650459528005,0.8187749651844,0.2201651166745,0.3888169277666,0.1759843389652,0.5338708318812,-0.0763101888738,0.0615512176608,0.3467693602187,0.5094436753364,0.5373578970705,0.6702908347679,0.0834406611261,-0.2030245059279,0.1441281189362,0.2720971276820,0.1732422887622,-0.0485334799113,0.0966273701967,0.0131163563201,-0.2112889024873,0.2913358398021,-0.1734211012220,0.1658348202872,-0.0806588777891,0.2223306597720,0.2419600201582,-0.2743142757505,-0.0938673403708,-0.1251717488400,0.1297345939965,0.1847537351513,0.0228987635329,0.0563234270054,0.2987476409368,-0.3471642115886,-0.3171542533923,-0.0100888594805,-0.2261109740444,-0.1325088750146,0.1292101944682,-0.0053826518480
-0.1212160986993,-0.1058248794854,-0.1777275535373,0.0382534254676,0.0944866632741,0.1235652978352,0.0355631033359,0.8214995929934,1.0000000000000,0.5157102791524,0.6068423675903,0.5364643513400,0.6910393406232,-0.1849580592114,0.1773310297512,0.3303883454813,0.6513550388602,0.5921712590845,0.7045156580028,0.5926204705330,0.4167496779023,0.0547111736308,0.1832840723067,0.4996867574017,0.4163385088992,0.2576792429860,0.2586171080800,-0.0649036095015,-0.1485695932267,-0.0239665556190,0.5056223813292,0.3231058075680,0.4690236224502,0.1822680868067,-0.1470438419529,0.1089729243006,0.0223828857647,0.3808242891635,0.0977101669154,0.2022309937811,0.1189129066103,0.2806357692198,0.3825123198252,0.2600391765821,0.3754681078134,0.1476325607266,0.2639726088386,0.0535613335039,-0.0631901343156,0.3499475433348,-0.0706059938866,-0.1197959173430,-0.0624734069159,-0.0506977167540,0.2008455069377,0.0544008601443,0.5833806212789,0.7931737409164,0.6079187199288,0.9191705373527,0.3188812298437,0.5462202157997,0.3549843517326,0.5427524658540,-0.1011639129815,0.1130291817431,0.1939182397010,0.4979366435440,0.5785356858538,0.5923928415216,0.2336692131031,-0.0095844432459,0.3590048365671,0.3220679593728,0.1724314036185,0.0701267564622,0.1578859520380,-0.0714048373737,-0.2781022743628,0.3429672655897,-0.0557736947396,0.1977460744081,-0.0313100030330,0.1728403608430,0.1949156698111,-0.1869216511651,0.0316510468229,-0.1636657301731,0.1671583183981,0.2295540390329,0.1167335746685,0.0981108706879,0.1675015870921,-0.1810912754894,-0.2050713261152,0.0613145603989,-0.2183871178857,-0.0911675364862,0.1556279867536,0.1352304978151
-0.0302648957697,-0.0934268308994,-0.1114703021371,-0.0494294346997,0.3265065564554,0.2950357980488,0.1777876478677,0.5098408619477,0.5157102791524,1.0000000000000,0.6409489049999,0.7556436905118,0.6721301538082,0.0275919731076,0.1364280392662,0.2410640001655,0.5837884930119,0.5406613736822,0.5542758026223,0.2605032705178,0.4003975104485,0.3407242699137,0.0118315110281,0.3100872594328,0.0495460411741,0.0196526008836,-0.0995027933433,0.0078026477831,-0.0121965529395,0.0340980877171,0.4417426149583,0.0849479669552,0.4661372427110,-0.1044107061584,-0.1550732140678,0.0112972687067,-0.0179392902219,0.0508312288938,-0.0050939449875,-0.1135216270058,0.3217867458102,0.2717710894007,0.0519527931009,-0.1161206179603,-0.0071974348590,0.0115417493032,-0.0402404447951,0.1938840678639,-0.0162565829113,0.5556968293709,0.0422541318525,-0.1281220971731,-0.1493104029276,0.0530780307408,0.4229004586384,0.0360458085483,0.6242156667060,0.5961681291452,0.6277776694980,0.4850863823300,0.7891354119111,0.6198037618624,0.6970884390572,0.6714974003784,0.1131570426145,-0.0074676999746,0.1508616999903,0.6379017697266,0.4476366018837,0.4580348986998,0.3884662939138,0.0657620611913,0.1998922425588,0.0995325470771,0.0265962680112,-0.1046336886387,-0.2480335771235,-0.1482792691950,-0.0846679071201,0.3793883336168,-0.0319285712334,0.2000233861036,-0.0452555134885,0.0821100342086,-0.1037678169321,-0.1557135904018,-0.0122551852011,-0.1535007357614,-0.0457532757541,0.0168904289172,0.0375966799541,-0.2255632241062,-0.1861996461856,-0.1806043917152,-0.2090809064515,0.2780413261825,-0.0351171368315,0.2873851894547,0.5349495986724,0.2112652459785
-0.0604980008695,-0.1377749705619,-0.1281151248871,-0.0306975780411,0.1160851969768,0.2400864726003,0.0336962812853,0.4961528792078,0.6068423675903,0.6409489049999,1.0000000000000,0.8191470727696,0.6114538572390,-0.0947880347480,0.0914197279927,0.0637048069220,0.5048513086879,0.4799231115312,0.4123835957382,0.3611908210149,0.3494387675918,0.3361946994469,0.3923388200310,0.4702250995914,0.0762437971135,0.1971947855775,0.2661610571507,0.0168060154310,-0.0305993337394,-0.0292064657457,0.3301794789462,0.1979564075613,0.4131131220281,-0.0242091906414,-0.0755525034619,-0.0153466519375,0.0473238853022,0.2380545054813,0.1162923706405,0.2280227848433,0.2948586954466,0.2106873385907,0.1730223060890,0.1124678568993,0.1577660914149,0.1750507105700,0.1816111966838,0.1853051174529,0.1064087127381,0.3630936830471,-0.0054434215704,-0.1296987233439,-0.0853551824355,0.0100714978949,0.2755455992069,-0.0022476872218,0.4065306607559,0.5403183077077,0.4056815265172,0.5692592567943,0.5222127391973,0.8623189022808,0.6640935238601,0.5573939028280,0.0079590081831,0.1173234947944,-0.0517437299713,0.4064515325888,0.3558638548080,0.3362718569924,0.3591763936187,0.2325386790441,0.4399412014186,0.2399643963875,0.0404105995564,0.0254473258007,0.2021420109907,-0.1272455647222,-0.1109008811622,0.3135014251080,0.0069624738550,0.1322087948047,0.0689924112775,0.0442677311628,0.1204126399468,-0.2291025727831,0.1659083659357,-0.1599874649246,0.0991640555469,0.1573649021381,0.1965507867299,0.1278427087045,0.0127106481234,0.0168007969538,-0.1367802013638,0.2628762801274,-0.0152666317131,0.1645338287466,0.3359257753901,0.1763533555963
0.0176324192162,-0.0054445633788,-0.0042695610355,0.0715345207507,0.1792153396622,0.2788980234363,0.1587228379785,0.4872679881657,0.5364643513400,0.7556436905118,0.8191470727696,1.0000000000000,0.6627501212279,0.0045232787200,0.1952831065278,0.1913988895990,0.5507264761390,0.4491563713763,0.5047615423689,0.3277111627644,0.3761877618765,0.3118387258596,0.3441794245822,0.4146748124665,0.0401699847922,0.1387653960690,0.1112047985387,-0.0608615401718,-0.1036346224595,-0.0861888131242,0.3668138275221,0.1704791040263,0.4764532424627,0.0007049493407,-0.0927258459329,0.0291457609507,-0.0528144619840,0.1025682564849,0.0577646010216,0.1601209384553,0.2241781043534,0.1592447618042,0.1373483884151,0.0761629690884,0.0752465320480,0.1387125431330,0.1153018410179,0.2128908106282,-0.0032525182955,0.4474617022364,0.0952071068517,-0.0229322565793,0.0127255191237,0.1439828108638,0.2732174518889,0.1101575756409,0.4947735594717,0.5403164298926,0.4612367763857,0.5311630348038,0.5993309108778,0.7993676606116,0.7792888220162,0.5846180145523,0.1094487162716,0.1103364716526,0.0972455162039,0.4631446898478,0.3883673074193,0.4059931114041,0.3795163362226,0.2399188505766,0.3547987958980,0.1923643106421,0.0120790995145,-0.0103784144924,0.0158701217899,-0.1282314531704,-0.1275124611380,0.3060001973121,0.0621732361403,0.1803476875192,-0.0414835086266,0.0783586078663,0.0558387578622,-0.1964185666916,0.0543944435697,-0.1293154463208,0.0413491113186,0.0920202774282,0.1178481679977,0.0096701839918,-0.0450374545305,-0.0748903953395,-0.1331530792637,0.2273651952736,-0.0541466003488,0.1429493654590,0.3759059845404,0.1768335641718
-0.0091842935795,0.0009447048977,-0.0754326621991,0.0655565800818,0.2482391851578,0.2494691441518,0.1434134094655,0.7767466514903,0.6910393406232,0.6721301538082,0.6114538572390,0.6627501212279,1.0000000000000,-0.0492702236517,0.2185472419460,0.3324605800394,0.6496839130445,0.5421657947186,0.6273585134310,0.4694301184804,0.3773176719277,0.0474447595603,0.0192504705914,0.3539507922987,0.3454584449886,0.0695508304604,0.0474535696360,-0.1235535906459,-0.1741023165500,-0.0573733787035,0.4840938546112,0.2104370675689,0.5039689154228,0.1523347128092,-0.1214490040102,0.1303356726383,-0.0926497454123,0.2236992348216,0.0285727022394,0.0629683847645,0.1334181119209,0.2512580058689,0.2332197457118,0.1517533967109,0.2597326926205,0.1010957014005,0.1258369154896,0.1905867386989,-0.1094475141292,0.3835442110528,0.0394356637651,-0.0489641452008,-0.0736169129450,0.0767766325668,0.3161564106089,0.1163395605735,0.6520607021314,0.7764465168276,0.5445721865681,0.6631112709991,0.4515155875788,0.5296492734557,0.4761156049985,0.8646502244921,0.0261237467770,-0.0267411663494,0.2123194397207,0.5630997530275,0.4243650104078,0.5459039175478,0.1621886770992,-0.1056535615970,0.1528190374926,0.1787316493730,0.0382730797863,-0.0593199486032,-0.0648365519346,-0.0755518935152,-0.2586329345348,0.2673832460655,-0.1033601054586,0.1682449876379,-0.1513199294788,0.0906789454136,0.0543271163937,-0.2256841289946,-0.0901784353193,-0.1311852625535,0.0054683263593,0.0728951082475,0.0166761363292,-0.0669507326556,0.0663198826511,-0.3100688686992,-0.2612273469367,0.1093661463443,-0.2390508876100,-0.0453132853310,0.2543848435462,0.0195506809654
0.7861311492639,0.7091578425287,0.6823449844458,0.6184075268206,0.6233508532156,0.3790697397196,0.4844297556507,-0.1162666606982,-0.1849580592114,0.0275919731076,-0.0947880347480,0.0045232787200,-0.0492702236517,1.0000000000000,0.6182555812275,0.4622804662265,-0.0518427288141,0.0203401809293,0.1703193299435,-0.0956987708753,-0.0660856165606,0.0236763984125,-0.1128454383004,-0.0332489156373,-0.2018444687301,-0.1413146103671,-0.2831237467570,0.0138057185951,0.1015694305593,0.1852610565126,0.1054651946383,-0.1650877225656,-0.1636396728658,0.0368561090952,0.2823119995900,0.3847596112878,-0.1885383422030,-0.2821931051124,-0.1863460711262,-0.0640169666283,0.0110003327332,-0.1444832161276,-0.1721007979382,-0.1646755865708,-0.3850213046804,-0.1972015624667,-0.2698488099345,0.4383473969976,0.2876124596814,0.1461734526428,0.7338180830161,0.7055788571849,0.5508506375359,0.5228988214871,0.2932755391125,0.4191414680475,-0.2373499792854,-0.1333583542180,0.0050839914406,-0.1636898336922,-0.1240211635307,-0.0971006771381,-0.0115527074938,-0.1273353685952,0.7860583742995,-0.0810139134626,0.4484358229716,-0.0614919074778,0.1522300820308,-0.1572028605323,-0.0868439159271,-0.1357461331822,-0.1271348058284,-0.2279697925041,-0.2129877762451,-0.2115134941211,-0.2796212687050,0.1038320740206,0.0756284074543,-0.0753437764147,-0.2273494494289,-0.3371832478654,-0.1129167158252,-0.1595697452535,-0.3696987085482,-0.1655332770222,-0.2126424602664,0.1984862605287,-0.3550430287248,-0.3702496735385,-0.2023945668060,-0.1950945295367,-0.2327758747820,-0.1881876851037,-0.2885842382526,0.0715901091453,0.4780488183085,-0.0465862944411,-0.0998912893523,-0.1040732454334
0.6400079305362,0.8045587330889,0.6604104971112,0.8698076499089,0.5263149005291,0.5246237860015,0.6925132182513,0.3078289221399,0.1773310297512,0.1364280392662,0.0914197279927,0.1952831065278,0.2185472419460,0.6182555812275,1.0000000000000,0.7074426312214,0.1269737146079,0.0860113367376,0.4905548573114,0.2769691974691,0.0934481286878,-0.1000969041500,-0.0034434807284,0.2575769987505,0.1906370707368,0.0093607201529,-0.0488658412970,-0.2876052469383,-0.0604674618019,0.0036742468659,0.2800521272385,-0.0157270375974,0.0146472857686,0.3725654329934,0.3319980324300,0.4981515820313,-0.1718469082976,-0.0802093879871,-0.0788507280716,0.1134166916734,-0.1198902456750,-0.0573029106474,0.2936334635272,0.2249508553114,-0.0361286515017,-0.0301681881923,-0.0657406282717,0.4536525660126,0.1180658660963,0.3335678700196,0.6222372284049,0.7619346076317,0.7328203578456,0.6344982188276,0.4147110757130,0.7355299045418,-0.0007202976288,0.1588190749170,0.0693456871067,0.1799627964986,-0.2463443529905,0.0138052787382,-0.1151934737256,-0.0709187196284,0.5609431614304,0.1313800389043,0.6690009302678,-0.1312647462132,0.3297360066471,0.1280034639786,-0.2211974316243,-0.1499095671377,-0.0338405650766,0.0284488900637,0.0374464378504,-0.1217207085292,0.0112658510871,0.0549343233818,-0.1964793050339,-0.0610280626670,-0.3362344954462,-0.1369072271868,-0.2284306535060,0.0644604801868,-0.0129675330600,-0.2206485994366,-0.1880707803164,0.3623945299507,-0.0500446655822,-0.1473742609391,-0.1280069217784,0.0246634387153,0.2526899645757,-0.3597969815198,-0.3459271656876,-0.0697477881772,0.0676695454122,-0.4042211241479,-0.2052918904618,-0.1123111654193
0.4584185421201,0.4874103160247,0.3849938761166,0.6524563910122,0.5332755545280,0.4189666368180,0.5967041287020,0.4647124791449,0.3303883454813,0.2410640001655,0.0637048069220,0.1913988895990,0.3324605800394,0.4622804662265,0.7074426312214,1.0000000000000,0.4134548555606,0.3423422923684,0.7413575774494,0.4264375876424,0.2820281665525,-0.1702137275256,-0.1009844923859,0.2665872541109,0.2857721178961,0.1156707624865,-0.0821616942792,-0.2862248799213,-0.0475168998615,-0.1117393995370,0.5264911899018,0.1618660238590,0.2364127035487,0.3087498514322,0.2532084755729,0.5688627568551,-0.1660997791004,-0.0112992357379,-0.1940214865846,-0.0765953594211,-0.1714735070915,-0.0722229745170,0.1885072666551,0.1614039754927,0.0119687495472,-0.0882405233009,-0.1086493983967,0.3455757806177,-0.0071690352337,0.3359462304434,0.5145258213641,0.4647216247872,0.5952259109898,0.4684747074439,0.4112846076158,0.6222950901240,0.3197378870459,0.3501109926451,0.4114337981100,0.3450680494014,-0.0931768035315,0.0396409659334,-0.0160177013751,0.1418811050983,0.4646118953551,0.0453785399804,0.9007614479906,0.2548272703297,0.6126457185634,0.4594646898657,0.0943646153696,-0.1979945657286,0.0010128758887,0.1668278435217,0.1846496038131,0.0561243066991,-0.0382856745522,-0.0238846988308,-0.1538389242093,0.2430509798276,-0.1576298196560,0.1409525102636,-0.3333025688636,0.0599637836623,0.0071870104862,-0.2208778875090,-0.2234026052965,0.2912997662469,-0.1058691558220,-0.0458355191417,-0.2222486458675,-0.2519037518899,0.1818293772869,-0.4643589917014,-0.3283102819039,0.0142549973906,0.0358145990338,-0.2740396917693,-0.0755232241333,0.1343611555038
-0.1477131026014,-0.1762292858839,-0.2865169208332,-0.0444723654730,0.1222192100458,0.0768347883528,-0.0485484597824,0.6740570566184,0.6513550388602,0.5837884930119,0.5048513086879,0.5507264761390,0.6496839130445,-0.0518427288141,0.1269737146079,0.4134548555606,1.0000000000000,0.7970946832107,0.6898840313133,0.6091811191883,0.6244066045600,0.1329528397899,0.1351376814248,0.4921270672499,0.2055446624083,0.1044685110074,0.1170044022002,-0.1043888467371,0.0064365147620,-0.0830953276908,0.7033292658848,0.1915018320182,0.6127660440334,0.0500680034048,-0.2535054507961,0.0164922897140,-0.0249196052406,0.2309895317753,-0.0371937047140,0.0857851513062,0.2198825242503,0.1236971326872,0.1950447930910,0.0457612649571,0.1733873497764,0.0702903782193,0.0863830249941,0.0175832329492,-0.0098372582620,0.4603142168508,-0.1090136473051,-0.2156084952782,-0.0859521286041,-0.1534296598999,0.2230384572029,-0.0513654754484,0.4905509133443,0.6628808034905,0.6581496502391,0.6182253602695,0.4077400818692,0.4805929757508,0.3936844467199,0.5469378201619,-0.0001479497732,0.1112313735997,0.3198792160061,0.7474480304309,0.6996129790505,0.7236629692756,0.5561524224689,0.0194001823218,0.3919512478644,0.2938233121750,0.2173663633093,-0.0229911991285,0.0532408793987,-0.1255604836748,-0.0532935039934,0.6168536537573,0.0539488165290,0.3804531656323,-0.0810347041526,0.1116159716158,0.0816405260830,-0.3143445966876,-0.0307933614044,-0.2306114681657,0.0388916246400,0.1478692301651,0.0039160334247,-0.0648305996709,0.0496952786685,-0.1986488567119,-0.1757884126141,0.1734909983127,-0.0660069107757,0.1121650935846,0.2736455872499,0.2447088932431
-0.0269202664495,-0.1511796867240,-0.2198355376002,-0.0583481130109,0.2307839577509,0.1125153444224,-0.0491405940952,0.6118838343564,0.5921712590845,0.5406613736822,0.4799231115312,0.4491563713763,0.5421657947186,0.0203401809293,0.0860113367376,0.3423422923684,0.7970946832107,1.0000000000000,0.6052803504200,0.4949874183790,0.4953937290344,0.1272290340858,0.1532095557980,0.4012687510736,0.1237633887370,0.1204202145722,0.0320044165224,0.0332898795100,0.0007445044140,-0.0537747849345,0.6887996467825,0.1956168741747,0.4642075801124,-0.0677858802440,-0.1657753017566,0.0156218378774,0.0461783340915,0.1112215993795,-0.0518664730157,0.0154314068389,0.2980983070214,0.2500775184467,0.0979011812222,-0.0884329073516,0.0649237222811,0.1234479542262,0.0855531170953,0.0537797587821,-0.0185403754512,0.4956061561791,-0.0056815203289,-0.1583373691246,-0.1287754097931,-0.1153610724205,0.2658872956793,-0.1011085812450,0.4205503609852,0.6103121836310,0.7025665111359,0.5751175446289,0.4477561682749,0.4500224236372,0.4240375597872,0.5124758881619,0.1159852987963,0.0180336384721,0.2351894622908,0.7808691974204,0.6747283063198,0.6570307363940,0.4712647124239,0.0452490518393,0.3197024644494,0.2024857626338,0.1471578024584,0.0608541767630,0.0011555892685,-0.0758916116211,-0.0147194085110,0.6873622361645,0.1336125482014,0.2441153541700,0.0121798682751,0.0791003749948,-0.0098075415816,-0.1634157144391,0.0233932061712,-0.2258468333348,-0.0009368083204,0.0513658544035,-0.0062306654204,-0.0732700951486,-0.1160950393252,-0.0805944454812,-0.1294360674468,0.2181400329265,0.0196291568988,0.2492337022676,0.4184734659399,0.2858098409807
0.1595362568733,0.2006944226808,0.0891053637323,0.3051572438371,0.3911741166297,0.3049168488090,0.3360637402813,0.7634873747087,0.7045156580028,0.5542758026223,0.4123835957382,0.5047615423689,0.6273585134310,0.1703193299435,0.4905548573114,0.7413575774494,0.6898840313133,0.6052803504200,1.0000000000000,0.5981693399381,0.4345098682890,-0.1079075070404,-0.0733903960119,0.4867944587788,0.2941853486870,0.1340891960477,-0.0407342065312,-0.2197502144878,-0.0559779971250,-0.1017939943587,0.6592818410899,0.2186987317621,0.3882369152418,0.2365284270971,-0.0537963871515,0.3489047015787,-0.1812672766449,0.1782815839877,-0.0505455168840,0.0346841154402,0.0129312530875,0.0996571051043,0.3010061384702,0.1690862491275,0.1448590113773,-0.0562534084095,-0.0247176256217,0.2694202134986,-0.0724151603004,0.4818463819543,0.2157960214700,0.1637569952465,0.1757383704474,0.2004775801319,0.3612787698431,0.3002298886490,0.5092422733251,0.7246907782277,0.7053480834632,0.7128131838196,0.2124908774448,0.3720748078645,0.2217330346643,0.4401332974304,0.1945976957031,0.0727184549634,0.6105978590360,0.5855771299138,0.8113444113728,0.6521867373705,0.2597293167332,-0.2359947579084,0.1937088609499,0.2021354990001,0.1647160718204,-0.0192228509274,-0.0643757302669,-0.0903937108725,-0.1779325066832,0.3865110976248,-0.1575003520367,0.1453809253905,-0.2000149712948,0.1583293748364,0.0715678632019,-0.3217763176314,-0.1900031646569,-0.0058866259226,0.0132852125975,0.0683792969179,-0.0675796365785,-0.1634508804652,0.0818229592929,-0.4564531819930,-0.4219392139504,0.0970454158844,-0.1545630954815,-0.1386584427880,0.0932671346958,0.1133022275609
-0.1684393625450,-0.0486850961166,-0.1397261844398,0.0659922882461,-0.0909815897157,0.0342420428669,-0.0610984341924,0.6623138950737,0.5926204705330,0.2605032705178,0.3611908210149,0.3277111627644,0.4694301184804,-0.0956987708753,0.2769691974691,0.4264375876424,0.6091811191883,0.4949874183790,0.5981693399381,1.0000000000000,0.6900542493625,0.1597617337377,0.3428065757930,0.6119187166853,0.6093077892497,0.3015452528186,0.4238124588676,-0.1390115220355,-0.0273178548999,0.0148413966881,0.7592431901639,0.5304830932516,0.6654767174948,0.2897027469089,0.0298652240114,0.3477720503916,0.1054964998344,0.5552692776652,-0.0470158786126,0.1956430253938,0.0562582945466,0.1191905963208,0.5238165404912,0.3077107792230,0.4198270333480,0.2964396341565,0.4016156820512,0.0152022868723,-0.0403981145974,0.4475464494527,-0.1583319606808,-0.0914579695181,-0.0297525385482,-0.0622837339592,0.0515780621765,0.0418167806982,0.3428786110144,0.5601901115498,0.2763768615818,0.5755010952437,0.0154125589433,0.2875616221414,0.0386548407529,0.2235808711558,-0.1363878216841,0.3583897360983,0.2692761467226,0.2773263601546,0.5240944432389,0.7830412355175,0.2805400118050,0.1438450451896,0.4233968591086,0.6277066599374,0.5107256502985,0.2726098082994,0.4496792428216,0.0479441616869,-0.1371505984749,0.4743827829673,0.1427107413832,0.4567123121737,-0.0541728667315,0.3070832908658,0.4553902239257,-0.2200280802269,0.1080130513074,0.0439791430179,0.2438450532472,0.4355771200189,0.0192482978711,0.1536448070754,0.4440034687459,-0.1147742117776,-0.0221556603685,0.0510658824752,-0.2039631303218,-0.2486191692796,-0.0038291643109,0.2892550710668
-0.1741274216550,-0.1692216840159,-0.1809558752187,-0.0727653307063,-0.0035768949669,0.1072020919972,-0.0448112103920,0.3759636480664,0.4167496779023,0.4003975104485,0.3494387675918,0.3761877618765,0.3773176719277,-0.0660856165606,0.0934481286878,0.2820281665525,0.6244066045600,0.4953937290344,0.4345098682890,0.6900542493625,1.0000000000000,0.3906836763391,0.4948776167659,0.6789907651651,0.2934672303730,0.3270097507595,0.4637213436896,-0.0647526450387,0.0634777774207,-0.0018073136075,0.7847710945842,0.5472428726647,0.7757535767999,0.0437716252696,0.1185002674339,0.2827701721356,0.2492224603773,0.3472046688350,-0.1460910602542,-0.0756467931794,0.1032142002617,0.1392511652674,0.3405754547938,-0.0297662877568,0.2346342343719,0.2987586878446,0.3650328816765,0.0006527736318,-0.0340278483368,0.6250578105272,-0.1457542082715,-0.1847005583572,-0.1499561489856,-0.0796467714711,0.1909600739079,-0.0254836606607,0.3708789152619,0.3776210523203,0.3096920696899,0.3778472065145,0.2343934757617,0.3520400299616,0.2665806073674,0.2621653873827,-0.1378521360945,0.3482869550560,0.1255978481510,0.3470060577748,0.4419019154548,0.6103705568669,0.6151748025982,0.4307503603596,0.5677703587688,0.6129664306050,0.6745179729609,0.3240198511891,0.3527251596297,-0.1460158458574,-0.0489538744441,0.6165268184749,0.3300497858843,0.6268143385919,-0.1318935273310,0.1725341931461,0.2981169621247,-0.1583851625286,0.3044149774840,0.1258000606900,0.2425253020697,0.2862218664879,-0.0006967260063,-0.0714544406009,0.1844875981476,0.0323703337546,0.2344887862732,0.2688789043437,-0.1423587494020,-0.0726854202802,0.2421097118093,0.5991194145450
-0.1473569490174,-0.1393028697747,-0.0634703696998,-0.1813332604685,-0.0340541637806,0.0744839757064,-0.1692840416922,-0.0740300128065,0.0547111736308,0.3407242699137,0.3361946994469,0.3118387258596,0.0474447595603,0.0236763984125,-0.1000969041500,-0.1702137275256,0.1329528397899,0.1272290340858,-0.1079075070404,0.1597617337377,0.3906836763391,1.0000000000000,0.5138972873654,0.3236989699488,0.0207109155526,0.1686856737467,0.3560859135371,0.3197210548080,0.2491248183910,0.2385488582163,0.2018033563609,0.1869918179415,0.3556605685061,-0.2484278662488,0.1090130924883,0.0085120057903,0.4274833969180,0.0976428658791,-0.0442792818003,0.0266135258402,0.3836080508116,0.1398065855386,-0.0280371565785,-0.1951130026585,-0.0421673568982,0.4216972437022,0.2114756621059,0.0332152034883,0.3223217827399,0.3062083137935,-0.0947865049693,-0.1385044652476,-0.1916465327026,-0.0522970919909,0.0923739173366,-0.2118244865382,0.0933597125716,-0.0039481199567,0.0040655736485,0.0447781724393,0.4278478254650,0.3855289325077,0.3800958069937,0.0513729841243,0.0238553688711,0.1046842485891,-0.2238376760987,0.0726145149923,0.0102480857190,0.1319935036071,0.3624212105574,0.6578044871900,0.4567248330370,0.3624992952632,0.2356568357684,0.1291181380106,0.2040754059327,0.0851262094198,0.1812729208766,0.2924551578645,0.2533328338140,0.2885889840183,0.1427498363606,-0.0277933582997,0.0707345651811,0.0563934098875,0.4602168358677,0.0370540107599,0.0177736918086,0.0872747922201,0.0659351066696,0.0272108815878,-0.1106598451152,0.5039841105220,0.3582304701240,0.3016617695045,0.2858948283933,0.3955599695303,0.3560931546436,0.3942529321011
-0.1195282883585,-0.1039797270747,-0.0801304092214,0.0082910176226,-0.2228148691761,-0.0185956325690,-0.1157729131297,-0.0200027690711,0.1832840723067,0.0118315110281,0.3923388200310,0.3441794245822,0.0192504705914,-0.1128454383004,-0.0034434807284,-0.1009844923859,0.1351376814248,0.1532095557980,-0.0733903960119,0.3428065757930,0.4948776167659,0.5138972873654,1.0000000000000,0.4772416425367,0.1359331989287,0.5039074824622,0.6769601287605,0.1234792078689,-0.0431641228053,-0.0305595500536,0.2445355950995,0.5024161193630,0.4463062177323,-0.0019681483429,0.2633764983372,0.1001731336027,0.3676205026184,0.2135873802873,-0.0030370917759,0.2734517976439,0.1163471550202,0.1258027203751,0.2056327910480,0.0742734978557,0.1757347839868,0.5314179113018,0.5013078464368,-0.0810517802922,0.0554651008134,0.3087764012807,-0.0953414768925,-0.0675053911047,0.0241127298020,-0.0751267208594,-0.0652418786802,-0.0120411024305,0.0155037378543,-0.0396726163414,-0.1097445257481,0.1366775832715,0.0585720469394,0.4347309096396,0.3079380748751,-0.0477950247171,-0.0808701849701,0.3335885624880,-0.1749664674513,-0.1180192089673,0.0516715318586,0.2035624996873,0.3621848182885,0.8049089135449,0.5928599653990,0.5454335149405,0.4171621216450,0.4266544846690,0.5900093536694,-0.0529030107530,-0.0636525672941,0.3318262884035,0.4278703860503,0.4084083624024,0.0078819895770,0.0669587780876,0.3278020339448,0.0610583317766,0.4759098080230,0.1596310725380,0.2536417404320,0.2459113762300,0.1161869993781,0.3284984637903,0.2007438590070,0.4597706205608,0.4899188755699,0.1315437633750,0.0089971958726,-0.0539571519097,0.1412540428020,0.4904985938613
-0.0462032874155,0.0020053030153,0.0062864294496,0.1078485656519,0.0486160726647,0.2861962548698,0.1292041301855,0.3953627245567,0.4996867574017,0.3100872594328,0.4702250995914,0.4146748124665,0.3539507922987,-0.0332489156373,0.2575769987505,0.2665872541109,0.4921270672499,0.4012687510736,0.4867944587788,0.6119187166853,0.6789907651651,0.3236989699488,0.4772416425367,1.0000000000000,0.2127512384265,0.3415191980308,0.5597965709907,-0.0863845797359,-0.1038846697898,-0.0461836893881,0.5630867958772,0.3851584114640,0.4968366100192,0.0527413858402,0.2417300418650,0.3256392491252,0.3382471851682,0.3580774598628,0.0122282119538,0.1103190506393,-0.0150528897521,-0.0561150687206,0.3081085897457,0.0411757749267,0.1009926039633,0.1560839090815,0.1473970638380,0.1542641629736,0.0193117324160,0.3920186966134,0.0033209581097,0.0121623222922,0.0623297942900,0.1173832363722,0.3075420626158,0.1573027199589,0.3276625652658,0.3770911292240,0.3115819464222,0.5149581160746,0.1767048968494,0.4718057406644,0.2251914523649,0.1925850662575,0.0301383055369,0.3247681980517,0.1662240649820,0.2270748119567,0.5001329216583,0.4694805287360,0.4641407912828,0.3400598056855,0.8135914881867,0.6048718408591,0.4870012048973,0.2476278296266,0.4329101063384,-0.1951725807895,-0.2205808682639,0.4925582318810,0.1336126082519,0.3443768469767,-0.1410775945156,0.1590748268815,0.2851325751469,-0.2396629995370,0.4519454561214,0.2420385081314,0.2123714837455,0.3073456121842,0.1630035683368,0.1017020713208,0.1657779024389,-0.0261913958538,-0.0430852686854,0.3259231283651,-0.1179967732408,-0.1499184652683,0.0198471239991,0.4031155155959
