1.0000000000000,-0.2698693329379,0.3856246020645,-0.1429336215083,0.6078568362759,0.2627690776913,0.0731382133523,-0.3430319969268,-0.4429916790689,0.0247964183420,0.1468447924019,0.1523468959210,-0.0357839546871,0.4074610595981,-0.4700922220120,-0.2422925455092,-0.3557765340684,0.1825235816238,-0.4023164256233,-0.1962483931982,-0.0014664437818,-0.0716518776506,0.4179087798082,0.0595435040091,0.1548898783540,0.0245496104352,0.2282978202740,-0.3025846330462,-0.1101569439598,-0.1245082616337,-0.0955059054835,0.1783915750568,-0.1012370962293,-0.2132851669075,-0.3779582072839,-0.3223135979949,0.2426683230595,0.0120201421979,0.2397117723992,0.0285909062557,0.0345745211431,0.3152902329277,0.1926269042969,-0.3135999542731,0.4590339470733,-0.1193407037504,-0.2926976525982,0.4761810626193,0.2242899666199,-0.0370851661786,0.7222240194211,-0.2606912172736,0.0770990584311,0.5024291749012,0.4182374224650,-0.0520302428621,-0.3542969447544,-0.1363577017444,-0.5272878942327,-0.3970763462340,0.0722239538569,0.1398200033325,0.0766272353812,-0.0869806512498,0.1124701517181,0.4495523351218,-0.4465825122671,-0.1177056576789,-0.4264236204385,-0.1318862970994,0.2716974636661,-0.0169079069473,0.1213557842615,0.1343862361217,0.4616585714952,-0.3227406522216,0.3959886789598,-0.0684185087445,-0.1034043398254,-0.0731294324968,0.1176099138266,0.0227241278248,0.0627882531867,0.2687442782223,0.1443029265575,-0.2780365008927,0.3914577423975,-0.2255926951662,0.4657336223031,0.2629991112583,0.3280270153501,-0.2746452221863,-0.3440833514794,-0.1164192800151,-0.1694532229204,0.3876358543560,0.5472715247330,-0.0603658919397,0.3373332604576,0.3061910230674
-0.2698693329379,1.0000000000000,0.1346521150859,0.5672738690581,-0.2773739593302,-0.1054280290206,0.0624589288458,-0.0983805264727,-0.0050971407355,-0.1796607840607,-0.3190856543688,-0.4011437174637,-0.3391386863769,-0.0335878706620,0.4887543920772,-0.1536819015135,-0.1238786498860,-0.5515070166179,-0.0363593184640,-0.2841260124363,-0.4050619555284,-0.1285418839086,-0.2847262002332,-0.3737096418423,-0.5150279004149,0.0870576971141,-0.4757198693271,0.1584614641979,0.0523086130290,0.2950051295974,-0.2333048222570,-0.0642134894229,-0.2366608548623,0.3513072248310,0.2388367956891,-0.0745029028265,-0.3407755335411,-0.1829604871429,-0.4998268560422,-0.1356459139906,-0.1244035457995,-0.4228708474994,-0.2297599012413,0.4536869021827,-0.5199734363486,0.2141385771908,0.2267955246234,-0.5534479197730,-0.3903847597352,-0.1968261918264,-0.4224964460308,0.7417908021224,0.0969652706908,-0.3257828409060,-0.2025857474722,0.3699874008817,0.0024183565739,-0.2376542605738,0.2117278205349,-0.0198306902536,-0.0987085959872,-0.4785147797506,-0.0441057908078,-0.1616982141729,0.2094798013101,-0.4263498101164,0.2723462325550,-0.2953888509358,0.1046815975855,-0.1664489982571,-0.4320056590711,0.1898288431371,-0.3077623236280,-0.3662380832582,-0.6023810600224,0.4426405261218,-0.2771143815557,-0.1477345728366,0.2364197021747,-0.2837464005638,-0.0560663854786,-0.2635169077167,0.0916031779945,-0.1902579651906,-0.1035233171209,0.2751957433473,-0.3502210663893,-0.0183306008539,-0.3942117414796,-0.2978422105766,-0.5228323632376,0.2621841778984,0.5456969192685,-0.0972183580236,0.2873070639412,-0.6498701391837,-0.4400485728544,-0.1019014347099,-0.4242263838801,-0.2706777854672
0.3856246020645,0.1346521150859,1.0000000000000,0.1062927307257,0.3791790499874,0.5836524303084,0.3495983352035,-0.1123557479334,0.0164517511042,0.3170413433369,0.0244274477840,0.0869246112270,0.1445392675957,0.2022249792534,-0.1137255831118,0.0500865555472,0.0708622187290,-0.0869306008530,-0.2516233923833,-0.2537431603441,-0.0291529764992,0.2097794282443,-0.1488546452927,0.0947070476883,-0.0552636650304,0.1354384868384,0.2262250342563,-0.0456108686414,0.1388888414140,0.4194442009457,0.2995800118100,0.3294481239633,0.1559405082151,0.0062251831772,0.1897778803607,0.1435105030366,0.3090337189128,0.1885544105167,0.2313721619604,0.3516100348086,-0.0342998510253,0.2103853894333,-0.1203547246620,0.1398577638395,0.1363511367049,-0.1092389434095,-0.0462608990869,0.3003778138063,-0.1476239553608,0.1753899493140,0.3812065425503,0.3900287898764,-0.2179799063233,0.5591286001092,0.3828023561107,0.1556997005739,-0.0834865011032,-0.3517618775007,0.1561087976723,0.0500288954415,0.1987631047056,0.1569132969822,0.0987481838654,-0.0185331835051,-0.0979070909119,-0.1595824618190,0.0962116221645,0.0488057745600,0.1314685759199,-0.2324927354902,-0.1135576075080,0.0839424819943,-0.0423988400722,-0.1883618766017,-0.1598323566884,0.2668951548959,-0.1170215414713,0.2583819296758,0.0583179413155,0.0990098473131,0.4733860968226,-0.1044406280881,0.0694979363996,0.1375999571659,0.1492859928178,-0.0592184715532,0.0614478017270,0.2453339136618,-0.1188622305677,-0.2269102014397,0.0465814241970,0.3121644502265,0.1090373981632,-0.0409074981626,0.0824848576629,0.2538731714162,-0.1819250995068,0.1649803252929,0.1557988420883,-0.1657956391860
-0.1429336215083,0.5672738690581,0.1062927307257,1.0000000000000,0.1000457127197,0.3098707990451,0.6284085081827,-0.1009843298641,0.1409855316258,-0.0582880547891,-0.0730553726472,-0.3227357757575,-0.3297879736117,-0.0456563647723,0.4080195521722,0.2043789474267,-0.0429096297986,-0.4016401621307,0.1687767980695,-0.1091843209543,-0.3196981735933,-0.0190786647804,-0.1438588507988,-0.1227105911222,-0.2745617878057,0.2050954094094,-0.0856722903199,0.0535733414229,-0.0252184308495,0.0222895559942,-0.0826680596417,0.0044057547881,-0.1181165893774,0.1798340852960,0.5576681704861,0.1813444375158,-0.1436957493860,-0.0114511479473,-0.1196061573752,-0.1138642080804,0.0948992315535,-0.2957614738152,-0.0315209481121,0.4306848752690,-0.4304446371850,0.3043656243996,0.0783821332434,-0.2034261339536,-0.1118530017897,0.0296280214274,-0.2573392188235,0.5724518869144,0.3414676987331,0.0559609289510,0.1354334918859,0.8757357627021,0.0643650918467,-0.1399982622308,0.2328273751172,0.0822993666446,-0.0605407471822,-0.2834081481832,-0.2112465368489,-0.1434096073955,0.1161203726027,-0.2327278222001,0.3887265622193,-0.1683424478959,0.1956730595219,0.0981597000174,-0.3456052914728,0.1400147697091,-0.0073151264466,-0.0462603944850,-0.4473827125957,0.2777267273229,0.0236716543808,-0.2675487577595,0.0665542464088,-0.0735177453121,-0.1469915635803,-0.0275519130879,-0.2658029124449,-0.0882936803391,0.0873133661700,0.1025277294639,-0.0949093144210,0.3223627534416,-0.1366546963838,-0.0983410750683,-0.2217360252537,0.0962125267946,0.4430603664380,-0.1742207926560,0.0472686958152,-0.3930566080894,-0.2957206575475,-0.0837091502781,-0.4779931234506,-0.1042438417293
0.6078568362759,-0.2773739593302,0.3791790499874,0.1000457127197,1.0000000000000,0.7277140339936,0.5113082645212,-0.2140953166671,-0.1248825532001,0.3187039526561,0.2890032569996,0.2672501290928,-0.0272137419611,0.2528376397065,-0.1764939572586,-0.0578201355230,-0.1040036576556,0.1802059472273,-0.3455178717833,-0.1216950614069,0.1244079457268,0.2550486624837,0.3237765695619,0.2699098558897,0.1345815863147,0.0599515836598,0.2565120988851,-0.2186374549668,0.0811309492802,-0.1247302404372,0.1280874827058,0.1718262136891,0.0244359456439,-0.2716964631535,0.0062832456559,-0.0548482720657,0.3186113521487,0.0573481869571,0.3711729589773,-0.0112766265368,0.0106529515008,0.2646686541479,0.0098175395094,-0.2178880561948,0.3525755104438,0.0125283214175,-0.2116726415115,0.5805789382887,0.2238479710065,0.1998913080812,0.6840978367181,-0.1009758459305,-0.0177715058048,0.8000287595030,0.8160157245161,0.2620174763188,-0.2310469689079,-0.1962579626821,-0.1642926122152,-0.1305905074880,0.2669711618999,0.3197282036697,0.0930152289491,-0.0850554669644,0.0347953339789,0.2727095252216,-0.3084154854958,0.0575863739262,-0.2004671090522,-0.0422646051580,0.2762283147649,0.1801279436832,0.2745375665293,0.1693430181674,0.2395076303671,-0.0426378628683,0.3358422928248,0.0812517511128,0.0254924191428,0.1403105678371,0.2289840817734,0.1924543092381,-0.1167258084737,0.1578684485697,0.2759451084788,-0.2317727153447,0.3493312962061,0.1609514217178,0.3745858359497,0.1280374248206,0.2713254890269,-0.1569467451277,-0.1623723476334,-0.0281454005112,0.0566554717737,0.3801522517502,0.3419344623590,0.0822909136017,0.1303842856367,0.2730216048606
0.2627690776913,-0.1054280290206,0.5836524303084,0.3098707990451,0.7277140339936,1.0000000000000,0.7718484954805,-0.0922021532242,0.1659191134817,0.4036638556647,0.3099280900784,0.2553137429650,-0.0138648695296,0.1161798105469,0.0145577175295,0.2389124403839,0.1045139314034,0.1027625202794,-0.1146601935795,-0.0594330968849,0.0969831415180,0.2581346519056,0.0839172883397,0.3725508561316,0.0671119895323,0.2196583659436,0.3560235899074,-0.1848658888309,0.1494628081218,0.0434638584846,0.3486892437941,0.2871382537963,0.1077583883286,-0.1849733927571,0.4103012545040,0.2403216814107,0.4411324620477,0.1754965389147,0.4836559717521,0.2044753521731,0.0738895670238,0.2256645260450,-0.1093305862115,0.0651711529463,0.1303020028827,0.0226530122642,-0.2063515218736,0.5816999388582,0.1615426417909,0.3702414445645,0.3903420109801,0.1964179262166,-0.0489305955950,0.8209919437739,0.8001614552523,0.4853272891708,-0.0678626997818,-0.2479415584727,0.1709606810906,0.1194528026796,0.2850427489500,0.3030430064392,0.0757816366188,-0.0351558797565,-0.0199651653224,0.0013951390470,0.0215251283610,0.1761269855201,0.1117972165954,0.0698691372976,0.1172846948337,0.2186389645741,0.3407359196647,0.1691376343506,-0.0773137716077,0.2215638884716,0.2313192972980,0.1206032056827,0.1032763099177,0.2907945451582,0.3382065904987,0.2022763695736,-0.1969048904945,0.0717300939951,0.2937115314628,-0.1917262139438,0.3144680662116,0.4748723723730,0.1575738326463,0.0247278153703,0.2736381290032,0.1354007142361,0.1338899310310,-0.1241088196884,0.0062426431836,0.3616410422362,0.0243649275348,0.1981005139308,-0.0222814455704,0.1534776768158
0.0731382133523,0.0624589288458,0.3495983352035,0.6284085081827,0.5113082645212,0.7718484954805,1.0000000000000,0.1353119276237,0.2845865008938,0.2916620569211,0.1709267988494,0.0705803795563,-0.0173954366754,0.0072644879916,0.0961746678445,0.4133512374338,0.2292896091802,-0.0063442995880,0.1062058976250,0.0752307751657,0.0293085460871,0.1958869725554,-0.0487803609491,0.3073365931419,0.0598621078260,0.1886298100843,0.2958847219258,-0.1010209003049,0.0796582956053,0.1203712649746,0.3261295580361,0.1066900969418,0.1337785073224,-0.0838231874379,0.6617746485056,0.4108207335485,0.2248363917384,0.1293236439543,0.2848239801384,0.0388981928996,0.1123541932674,0.0715593816484,-0.1242749565499,0.1655858332882,-0.0550916086409,0.0341492383261,-0.1016886514573,0.2657809460073,0.0022392266732,0.2795798795512,0.1414315837315,0.2989886525309,0.0208210275470,0.5624947745049,0.5657468042475,0.7768375411651,0.1984658325448,-0.0298082446778,0.3742072092100,0.2655258152204,0.2051335068311,0.1365837589278,-0.0152895548667,0.0184506586388,-0.0692273007053,-0.1721724982655,0.2708579270687,0.2378613912437,0.3032049403119,0.1450540636053,-0.0446186083672,0.1570364558803,0.2802781195057,0.1595410348024,-0.1897808085539,0.2916346503678,0.0943891874824,0.0412379123337,0.0862878132935,0.3098810041631,0.1636933610167,0.1498621454478,-0.2246028937767,0.0093362494771,0.1730979716906,-0.0589990942805,0.1176965837633,0.5946303828832,0.0330914337563,-0.0828396607995,0.0487541112838,0.1187803124614,0.1898315635992,-0.1569513990727,-0.0217929871551,0.0771714674194,-0.0901018149773,0.0612800827971,-0.2012800801415,0.0172757914133
-0.3430319969268,-0.0983805264727,-0.1123557479334,-0.1009843298641,-0.2140953166671,-0.0922021532242,0.1353119276237,1.0000000000000,0.5846281769925,0.4152738877906,0.1047767519307,0.3906430862683,0.5687274936381,-0.0912836072999,0.0486034183593,0.4604092356942,0.7377132054364,0.3308571944951,0.4985140803359,0.5957752336180,0.3515474451117,0.1927224621399,-0.1693430168735,0.2861054135004,0.2911204056448,0.0850875624322,0.1885132252984,0.1644064035734,0.0824470529110,0.2627500674117,0.4358666847452,-0.0613011627419,0.4525983780827,0.0130739618245,0.3083115043402,0.3616479901308,-0.0251593091657,0.1289961614111,-0.0752097574542,0.0618281101299,0.1652556027166,0.1006004435004,-0.1668913191879,0.1073351174444,0.0307365150615,-0.2002738784846,0.0680431209926,-0.1659346622426,-0.1633926791748,0.2458907619911,-0.2147740484340,0.0001596037290,-0.3562786981614,-0.1535627954561,-0.1784966799502,-0.1039567368707,0.6892364466786,0.5970920551906,0.6866591808231,0.6115337099275,0.2622337617629,0.2077082597898,0.3247527341071,0.4491574546585,-0.2034317696113,-0.3691779561594,0.3267666457961,0.5936507413321,0.4115856985973,0.2555999518276,0.0685465492577,0.0172658926102,0.1248462824929,0.1291771314427,-0.0451156302745,0.2025887804428,-0.3411308520230,0.2214285263694,0.0398340840338,0.3668530701449,0.0268621454820,0.1480949155738,0.0614031363976,-0.2161926845935,-0.1175664368709,0.1139412443130,-0.2139226282859,0.2580832650875,-0.3305533499285,-0.1927639270488,-0.1780825904864,0.1455371371268,0.0070176041388,-0.0815414292596,-0.1025703687011,-0.0507671649755,-0.1896652555711,0.0805994761151,0.0126984548073,-0.1534047448827
-0.4429916790689,-0.0050971407355,0.0164517511042,0.1409855316258,-0.1248825532001,0.1659191134817,0.2845865008938,0.5846281769925,1.0000000000000,0.4548914949305,0.2872109441624,0.3323563578563,0.2974125554925,-0.1774011332235,0.2159375070335,0.5115480485255,0.6505040287562,0.2883674996463,0.5335917936642,0.5676531784969,0.2412709442877,0.3252650027339,-0.0908024553517,0.5294812946204,0.3198785031181,0.3437116700333,0.3427526019690,0.2133745038452,0.2327566800199,0.2495710102936,0.5569988800395,0.1922640247592,0.4611846183201,0.0611651487630,0.5146328084450,0.4162564213213,0.1513637755207,0.2547647649751,0.0067045005825,0.2811594083048,0.2317566059257,0.0587425190176,-0.3016438506825,0.3717637658406,-0.1824686167639,-0.0036262196191,0.0350503488351,-0.0891607703851,-0.0249873765857,0.2674000860679,-0.2280905723480,0.2831371434485,-0.1858444080995,-0.0886148625077,-0.0843288658188,0.1388837934788,0.5083068812538,0.3041217956183,0.7046773591698,0.8871254019183,0.2677981822559,0.3107101713422,0.2140834941693,0.2645182802982,-0.1193897931040,-0.4643306197937,0.3693687608065,0.5184988580168,0.4541718528756,0.4818451971251,0.0129911279031,0.2441726565039,0.3634611202599,0.2756043302876,-0.3228207465374,0.4235645048575,-0.1621682071061,0.2251392035964,0.1479166694428,0.4352037466415,0.0682968214926,0.2018676748683,-0.1050601423127,-0.3363535002865,-0.0097451466904,0.0232755435639,-0.0679968864778,0.4359257915740,-0.3650235481210,-0.0920702108910,-0.0707140268718,0.3249618431946,0.2578863163269,-0.0921619529261,-0.0640261255608,-0.0259917605672,-0.3474058604516,0.1510225499221,-0.2113531206089,-0.1174995280460
0.0247964183420,-0.1796607840607,0.3170413433369,-0.0582880547891,0.3187039526561,0.4036638556647,0.2916620569211,0.4152738877906,0.4548914949305,1.0000000000000,0.4023185810414,0.6173176677930,0.5157741523161,0.1151006732289,0.0689064368837,0.3476874564671,0.5161218487146,0.3153583719893,0.0583094705206,0.1903184714408,0.4220424627977,0.5609660396878,0.0591160740352,0.4952613956129,0.1764946487886,0.1346424532485,0.3105648844781,-0.0237651714054,0.1887039123396,0.2155883575502,0.5568985302997,0.2299059044037,0.3752810843103,-0.1933358604060,0.2809714351368,0.3214570120261,0.3184526602478,0.0086699889662,0.1350529021308,0.2061302260230,0.1898969337058,0.2526106053116,-0.2188306754430,-0.1017519968913,0.1213104148235,-0.1188609868333,-0.1401568056001,0.2302776957788,0.0114237945791,0.3424406556941,0.2175431015938,0.0741465867625,-0.2797778857685,0.3307148920456,0.2957717244279,0.0209532383629,0.3606573455150,0.1512522599297,0.5211069450376,0.4797110033895,0.6941500338656,0.5239340030679,0.5261145836135,0.3625655056445,-0.1412080754089,-0.1704658014711,0.1569199031577,0.5314904633131,0.3024138833690,0.1442067108953,0.3932861234189,0.3110269699273,0.3696793165358,0.1667920958593,0.0989862180955,0.2972826733071,-0.0712235109814,0.3304706482940,0.1118648230925,0.5118391527510,0.3043318340038,0.3590381924078,-0.0761378965289,0.0313437486494,0.1883283428328,-0.1124947587031,0.0990829627610,0.3994199888422,-0.0071580028336,-0.1888411381430,0.0084244870539,0.1615870407792,-0.0839306354531,-0.0359563589537,0.0275160140240,0.2327905968602,-0.0305733544993,0.2597271064640,0.0688364120925,0.0788782695168
0.1468447924019,-0.3190856543688,0.0244274477840,-0.0730553726472,0.2890032569996,0.3099280900784,0.1709267988494,0.1047767519307,0.2872109441624,0.4023185810414,1.0000000000000,0.6501824478251,0.0677325044594,0.0252311610537,-0.1360149761844,0.1340814095597,0.0122499372773,0.4532689544562,0.0720969214067,0.2486629456670,0.1548379426282,0.2778004693869,0.5138805265537,0.4673254712889,0.2465697681875,0.3747639070492,0.4220330197013,-0.0885385605262,0.2498672292942,-0.2969956210380,0.1822087216380,0.3113913433259,0.0857776738811,-0.2267780070200,-0.0113163374261,-0.0969538285355,0.3330362189550,0.0847861740354,0.2881215349579,0.1836099369470,0.3860191321911,0.3436874751748,-0.1084598102124,-0.0152561652857,0.2422057465432,0.1949398482998,-0.2962503561572,0.3723912315335,0.4402321870191,0.2084984958256,0.1952219595834,-0.1525822301450,0.1309682404578,0.3237969914016,0.2784169609985,0.0391018276909,0.1212098150503,0.2558505914304,-0.0079466348097,0.1896578228992,0.3649193649313,0.6456362544508,0.3451721635066,0.2479684234688,0.2317571435834,0.2949659270998,-0.3007805353116,0.2931424960965,-0.2438637138077,0.3881765088515,0.4764120348971,0.2288903254632,0.6063131065206,0.4842571616884,0.2117746539572,-0.1299061796011,0.5170326571229,-0.0773265439312,0.2630460966020,0.2984422710481,-0.0627189029398,0.4485221754290,-0.0880236873868,-0.0500852550451,0.2140566146802,-0.3044583785986,0.4602997203351,0.0210796177629,0.3870519914414,0.3111832392601,0.3634994746058,-0.0971317141385,-0.1006979519778,-0.1343457481806,-0.2519284704364,0.2573401468565,0.3310766495073,0.1187888437932,0.0382149476735,0.5309673434077
0.1523468959210,-0.4011437174637,0.0869246112270,-0.3227357757575,0.2672501290928,0.2553137429650,0.0705803795563,0.3906430862683,0.3323563578563,0.6173176677930,0.6501824478251,1.0000000000000,0.4184282585684,0.0997704962864,-0.1070984475558,0.1296516820819,0.3275883947848,0.5633572273505,0.0695130116013,0.3016391873527,0.4647242865483,0.3968402271058,0.4395450409873,0.4627976025928,0.3354682674159,0.1737428489487,0.3654621814752,-0.1082856611855,0.2627098314638,-0.1101846491245,0.2966672972707,0.1910855759611,0.3003893753447,-0.3037474526226,-0.0978660077334,0.0162785287571,0.2275717198242,-0.0751695971456,0.1881128373951,0.1104271734175,0.1861074097977,0.3089690700490,-0.1380697795173,-0.2567642416210,0.3019180276905,-0.1435546207159,-0.2541801346810,0.3420877110003,0.2705621532414,0.2943866478121,0.2597755936031,-0.2800632598411,-0.1524437608119,0.3254406481147,0.2348587106005,-0.2304011129973,0.2376138206386,0.3098782064428,0.1482925632748,0.3403024506205,0.5285145361220,0.6599215506944,0.6293711736461,0.3712960985017,-0.0144214897606,0.1264440734551,-0.2459596412698,0.4753676993582,-0.0724649629680,0.2737023457428,0.6088363252405,0.3864905560518,0.4461215800562,0.3962013776309,0.3427792697935,-0.0471081326905,0.2179613524256,0.1758025712038,0.2085267937748,0.3472694589785,0.0648475236528,0.4443977585153,-0.0100882229850,-0.0421299920588,0.0655215626311,-0.2552802186715,0.2151826693167,0.0163430331322,0.2351922019361,0.0746130068575,0.2311498286033,-0.1385905733717,-0.2921028267068,0.0082696362844,-0.1923937111966,0.3123697261162,0.2790690275025,0.2421119727553,0.1897054988179,0.3888341709634
-0.0357839546871,-0.3391386863769,0.1445392675957,-0.3297879736117,-0.0272137419611,-0.0138648695296,-0.0173954366754,0.5687274936381,0.2974125554925,0.5157741523161,0.0677325044594,0.4184282585684,1.0000000000000,0.0007438279664,-0.1116787983399,0.2673777513004,0.6800036740843,0.2887521472795,0.1303907903012,0.2747426273815,0.4497703269057,0.2788255937734,-0.2238203589656,0.2705372373680,0.3032668543707,-0.1524048012926,0.2714999125417,-0.0846858292287,0.0352982458059,0.2615826299603,0.4059088176301,-0.0642370394080,0.5923334859806,-0.1791340331517,0.0658547500370,0.2975219584326,0.1040867602743,0.0669987197251,0.0499021524378,0.1622408473195,0.0176528842386,0.2613377386026,0.0019355519312,-0.1683499009906,0.2179003233236,-0.3380129726337,-0.0461714517546,0.1070967360803,-0.1294610736507,0.3417428485014,0.1382168397788,-0.2061493675399,-0.3979242686098,0.0732913493186,-0.0783548570676,-0.3098911131810,0.6195569871822,0.3657055375740,0.4002529780545,0.3664994575799,0.3879581465496,0.3888923084246,0.5193944809180,0.7317299937587,-0.3328302452882,-0.1815448800872,0.2196256020344,0.5486961264217,0.3644106451879,0.0208608282081,0.1805057954619,-0.0485763411907,-0.0020140309995,-0.0007194316499,0.1659171660103,0.1368727954100,-0.2676881874421,0.3185913043290,-0.0698502684516,0.2991204530215,0.2523313945900,0.1977410482411,0.1747124941701,-0.0054443645267,-0.0007014384637,-0.0003520852175,-0.1743693784030,0.1970245535443,-0.1921780111563,-0.2065418779263,-0.0128599188620,0.1381339729607,-0.2441603788878,0.0532314004150,-0.0425445025063,0.2708863202496,-0.0249298975468,0.1967830737814,0.3488242876448,-0.1616771432029
0.4074610595981,-0.0335878706620,0.2022249792534,-0.0456563647723,0.2528376397065,0.1161798105469,0.0072644879916,-0.0912836072999,-0.1774011332235,0.1151006732289,0.0252311610537,0.0997704962864,0.0007438279664,1.0000000000000,0.1530817070252,0.2235365652736,-0.0193634282882,0.2061581243325,-0.0693607192469,0.0525436204237,0.0877344507532,0.1027310477029,0.1582087978322,0.0651475176667,0.0117926876196,0.1059150794614,0.1194788064443,-0.0597086130999,0.0735332931806,0.1336817904564,0.0728652346572,0.2462839570954,0.0894591373431,-0.1519537222988,0.0007567906357,-0.0268116302333,0.0915595813911,0.1270876787867,0.1414197270034,0.2097155490279,0.0457030805257,0.1100996787832,-0.0093182258525,-0.1693668167474,0.2731722820751,-0.0345338401523,-0.2053349060417,0.3636787809964,0.2412458124773,0.1585730987527,0.4448774397327,-0.0130814261763,0.2027468453265,0.0797294353359,0.2209703698242,-0.0436545614506,-0.1022690092079,-0.0641902969099,-0.0725439353715,-0.1839260383304,0.0376820724948,0.0335218831702,0.0752234534010,-0.0836951716368,0.4080622523935,0.2617999325615,0.0358107386942,0.1296145104237,-0.1086650002068,0.0496202399994,0.1348089606751,0.0817841694023,0.0876798979161,0.0776593528472,0.1786743714420,-0.1707969437018,0.0875733053099,0.0107300928192,0.0542054504975,0.1382692146317,0.2667998974618,0.2388134735742,0.1094302918520,-0.0774407967091,0.2058639913468,-0.2563864181795,0.1260860011364,0.1496834335263,0.1196695438016,0.0852706294222,0.1889360620614,0.0282882113659,-0.1262706949417,-0.1290509636373,-0.0866946231650,0.3647936791211,0.4003406355189,0.0958392660237,0.1059065456556,0.0670324623372
-0.4700922220120,0.4887543920772,-0.1137255831118,0.4080195521722,-0.1764939572586,0.0145577175295,0.0961746678445,0.0486034183593,0.2159375070335,0.0689064368837,-0.1360149761844,-0.1070984475558,-0.1116787983399,0.1530817070252,1.0000000000000,0.2015873835251,0.2080582854297,-0.1765140906192,0.1969676042579,0.0740702670031,0.1815339400178,0.2201854297791,-0.2037884539729,0.0443234118587,-0.2060457787406,0.0420207671118,-0.1891506850673,0.0051772457370,0.1386829627164,0.1218990332137,0.0657828861347,-0.1749785587799,0.1032518512897,0.0453579984057,0.3622669922274,0.3195175758249,-0.1690613842974,-0.0700463293036,-0.2126026343049,-0.0679796009738,-0.2155353209233,-0.3945672852419,-0.0350505487706,0.1362691171951,-0.3560383171395,0.0712563376021,0.0559743273894,-0.2059869628577,-0.1680461712883,0.1309032381958,-0.3192674701881,0.2551855381485,0.2168245697571,-0.1836243121601,-0.0366271451664,0.2396121631376,0.0787719309056,-0.1833440467904,0.3917150759292,0.2035470573694,0.0911567834002,-0.1246109474041,-0.0193777458567,-0.1496282591411,0.0511485502099,-0.2695478368021,0.4459184466674,-0.0160252778476,0.4175258845844,0.0415996058558,-0.0855862268873,0.2768095577066,-0.0358340466131,-0.0820591431408,-0.2636456652589,0.4088646315556,-0.1848252102146,0.0091306465628,0.1735291332517,0.0845648002108,0.0123865561649,0.1127416083179,0.0481177613714,-0.1591423514357,0.0334998518594,0.1104862946789,-0.2186849858723,0.3272873068359,-0.2529237931628,-0.2013338035714,-0.2988253841502,0.2123874795418,0.3131730693698,-0.0157839062595,0.2447560406385,-0.2468080187096,-0.3132023068976,0.1550225452140,-0.2407977729727,-0.2119884140629
-0.2422925455092,-0.1536819015135,0.0500865555472,0.2043789474267,-0.0578201355230,0.2389124403839,0.4133512374338,0.4604092356942,0.5115480485255,0.3476874564671,0.1340814095597,0.1296516820819,0.2673777513004,0.2235365652736,0.2015873835251,1.0000000000000,0.5699613631829,0.3490600856273,0.6198980768517,0.5825145917961,0.3187040413290,0.1750190646170,-0.1639815828193,0.4405460915858,0.2673645199670,0.2413156533173,0.3941920270696,0.0727707997853,0.0992019622622,0.2943171124274,0.6527870208461,0.2379493210704,0.4732269989673,-0.0948963324707,0.6764482767015,0.6897148427880,0.2174645058188,0.4102877314642,0.2392712116204,0.3472497978342,0.2744730629161,0.1723495017326,-0.0187980683061,0.1419546526075,0.0385484453780,-0.0292451671539,-0.1134617519242,0.1800684793097,0.1458206862308,0.4132332721851,-0.0832102773257,0.1028278128328,0.0722343030797,-0.0390582734742,-0.0113055792649,0.2266187722576,0.3989538283436,0.2813992940217,0.5680494666170,0.4833205502113,0.0585576278349,0.1175310632569,0.0135046192878,0.2055375214368,-0.0476130368099,-0.1857811224510,0.6161381834532,0.5858076467148,0.5687880970498,0.4627078108410,0.0412261232615,0.0227323884041,0.3534889249313,0.2682928771338,-0.0246352215658,0.1463415351066,-0.0880391362353,0.1854017605206,0.0072177952750,0.6797295294155,0.2555669824320,0.3929930968409,-0.1180289368819,-0.0806393774160,0.1010213388053,-0.1484834945488,0.0122637503801,0.7154235568424,-0.1132854007041,0.0204941103227,0.1169280898498,0.2923213101352,0.0931859825973,-0.1525681359192,-0.1653211216730,0.2476767691750,-0.0885235543477,0.1093141997465,-0.0968181450789,-0.1311629815927
-0.3557765340684,-0.1238786498860,0.0708622187290,-0.0429096297986,-0.1040036576556,0.1045139314034,0.2292896091802,0.7377132054364,0.6505040287562,0.5161218487146,0.0122499372773,0.3275883947848,0.6800036740843,-0.0193634282882,0.2080582854297,0.5699613631829,1.0000000000000,0.3766505392133,0.4786752594511,0.4951175599515,0.5637843409876,0.3782509056510,-0.2649510028033,0.4216187600051,0.2822371881177,0.0758820410847,0.3322146432695,0.1523565917451,0.1300456878179,0.4467574263129,0.6040867672129,-0.0081336696474,0.7176659398222,-0.0244846045565,0.4432079870402,0.5189869526994,0.0982891006603,0.1998344065628,-0.0132159860708,0.2718249985188,0.1092607484549,0.1617469476510,-0.1837947113826,0.1232818055310,-0.0430351122711,-0.1901133781401,0.0754850162703,-0.0140487185957,-0.1687636391439,0.3845279191004,-0.0718350830342,0.0742441539552,-0.3833414111341,-0.0722950325830,-0.0866823475516,-0.0813053493238,0.6091722799625,0.2796869932438,0.6909838143839,0.6067291271081,0.2400697348199,0.2526092907279,0.2886224990105,0.4118699100117,-0.3475395854829,-0.4945121637444,0.4686012073467,0.6903970929312,0.6037624375518,0.1599974623015,0.0152524767730,0.0881940754194,0.1087577649491,0.0444253896604,-0.1277387177693,0.3782136370493,-0.3713454077011,0.3352750133037,0.0035894940805,0.4679584534180,0.2539544040776,0.1865149690421,0.0966707445182,-0.2128553004384,-0.1327583506169,0.0937703286425,-0.2164970767534,0.4720369283275,-0.4185435513978,-0.2484557026729,-0.1180462888528,0.3442859878589,0.0936453376440,0.0196294659770,-0.0147300506635,0.1478796556556,-0.2841082118146,0.1770378378998,0.0592691486960,-0.3267855498453
0.1825235816238,-0.5515070166179,-0.0869306008530,-0.4016401621307,0.1802059472273,0.1027625202794,-0.0063442995880,0.3308571944951,0.2883674996463,0.3153583719893,0.4532689544562,0.5633572273505,0.2887521472795,0.2061581243325,-0.1765140906192,0.3490600856273,0.3766505392133,1.0000000000000,0.1904398505960,0.4558503857603,0.5022533689615,0.2303067625547,0.4399533262152,0.5812399983496,0.4334495603565,0.1029851095730,0.4972193014803,-0.1466436428861,0.0535421221507,-0.1210267485867,0.4356661401681,0.1350240241850,0.3610190740638,-0.3004662349893,-0.1483834931484,0.0196976457718,0.3749058508180,0.1515859517803,0.3051643007635,0.1953337597715,0.1796904170907,0.4845863082062,0.0242819165124,-0.2813012304223,0.4199127775304,-0.1830620241568,-0.2048697207246,0.4030545232462,0.3608173929314,0.2753015883855,0.3736528442543,-0.4524221732087,-0.0357886934877,0.1387098750720,0.1742823717512,-0.3114733291135,0.1444346529580,0.3869269789904,-0.0080935759814,0.2163554877923,0.2549059838620,0.5333394746334,0.2877089668584,0.2067346090271,0.0425210403433,0.2709350432089,-0.1769783093705,0.6363529697865,-0.0892840476378,0.3330379908520,0.5098814186300,0.0826979151297,0.5359089357262,0.4164718642199,0.4593965097038,-0.1840105865220,0.3411572468160,0.0978742063637,-0.0188756971970,0.5589952066603,0.1444965453257,0.3961918153852,0.0758748372458,0.0411966204559,0.0608745175188,-0.2091691685985,0.4172533274484,0.0865517700167,0.2893641022061,0.3378204080220,0.4349250570653,-0.1060058901278,-0.3408388557588,-0.0643220176058,-0.2560796557323,0.5169116809104,0.4478542200846,0.0412309250481,0.3241369031625,0.3035688560237
-0.4023164256233,-0.0363593184640,-0.2516233923833,0.1687767980695,-0.3455178717833,-0.1146601935795,0.1062058976250,0.4985140803359,0.5335917936642,0.0583094705206,0.0720969214067,0.0695130116013,0.1303907903012,-0.0693607192469,0.1969676042579,0.6198980768517,0.4786752594511,0.1904398505960,1.0000000000000,0.6674072646283,0.2776094154676,0.0330621422692,-0.0613739864471,0.2766308708434,0.3090983790777,0.3943757077884,0.2723422123124,0.2839769854216,-0.0100943360074,0.1183075682710,0.2348880362119,0.1126084319086,0.3779841140482,0.1482769538795,0.4742613059797,0.4879238079449,-0.0684009935482,0.2326417416193,-0.1045115227825,0.1449691699027,0.2921143358703,-0.0083128226163,-0.0344501996139,0.3236632960117,-0.1731206318212,0.1148096245109,0.1107390357674,-0.1886889241008,0.0140638342726,0.1793149822048,-0.3930440474742,0.1017359402916,0.0892464747111,-0.3516138160934,-0.3316630876394,0.1044325391897,0.3460096400767,0.3176303313216,0.4187070098116,0.4649499637596,-0.1445904820349,-0.0679817240318,-0.0821275203459,0.1528149797695,-0.0476852503630,-0.2755681581492,0.4327620877302,0.3256372599332,0.5126870070593,0.5355103251470,-0.0357542572101,0.0316806365682,0.2568092532445,0.3276238035237,-0.0908709336862,0.0868321994914,-0.0838056614144,-0.0341470653370,-0.0943550307440,0.2566719994095,-0.1827382675547,0.1697635132860,-0.1711364431719,-0.2599360939155,-0.1425049174246,0.0254372014677,-0.1235705788171,0.2761327452908,-0.1842608985014,0.0362212201959,-0.0896211418094,0.0817043063724,0.1689874125958,-0.1060081582746,-0.2339734189657,-0.1066448731565,-0.2436286179306,-0.0146115255162,-0.2501158357576,-0.0938364575294
-0.1962483931982,-0.2841260124363,-0.2537431603441,-0.1091843209543,-0.1216950614069,-0.0594330968849,0.0752307751657,0.5957752336180,0.5676531784969,0.1903184714408,0.2486629456670,0.3016391873527,0.2747426273815,0.0525436204237,0.0740702670031,0.5825145917961,0.4951175599515,0.4558503857603,0.6674072646283,1.0000000000000,0.3932557890747,0.1181900751095,0.1057544748105,0.5370471035264,0.6137496376038,0.3328426657212,0.4552476492551,0.0482664254047,0.0224652642460,0.0224831174860,0.3484999323346,0.1181620801465,0.5029192391497,-0.0631677494432,0.3056380298064,0.4546176540525,0.1287860088181,0.3804278923182,0.0669174291237,0.1121763083256,0.1405814618937,0.1030640845728,-0.0546507414760,0.0899777131985,0.1556236188425,-0.0655610669998,-0.0659399073214,0.0145100102726,0.0643430202774,0.2227425062575,-0.1241191538690,-0.1743489744995,0.0250547922684,-0.1358510421281,-0.1074123962380,-0.0852867783219,0.3885036786766,0.4379362687392,0.3816963355912,0.5089529510622,0.0701350054089,0.2164569112138,0.0993679210805,0.1987300476618,0.0024762662103,-0.0995819608601,0.2326703876785,0.4313637764420,0.3450800730802,0.6639929946848,0.2277084146003,0.0557842027090,0.4294005973678,0.5772767847837,0.1698940457384,0.0587980990184,0.0198078505001,0.0204050584642,-0.0611053030468,0.3985480597419,-0.0738543355156,0.3387611982194,-0.0191189050685,-0.2929784620877,0.0233393821555,-0.1039691827536,0.0520434191495,0.2911024465114,-0.0535563074658,0.1866626785323,0.0322947315547,-0.0307855791796,-0.0606592324326,-0.1323954043013,-0.2305576717243,0.1172404109099,-0.0099688706388,0.0077497248360,-0.0161919255878,0.0754631906327
-0.0014664437818,-0.4050619555284,-0.0291529764992,-0.3196981735933,0.1244079457268,0.0969831415180,0.0293085460871,0.3515474451117,0.2412709442877,0.4220424627977,0.1548379426282,0.4647242865483,0.4497703269057,0.0877344507532,0.1815339400178,0.3187040413290,0.5637843409876,0.5022533689615,0.2776094154676,0.3932557890747,1.0000000000000,0.4210550866280,0.1212943145864,0.5492138400368,0.4400624975666,0.0785892956443,0.4181687027463,-0.1713122411726,0.0936296947252,0.0634939515848,0.4208738540405,-0.0299175765419,0.5809757240087,-0.2357565634700,0.0181901178299,0.3516579704464,0.1604196696094,0.0521728058339,0.0547631531726,-0.0151584047091,-0.1520306251611,0.1390287107367,0.1487597153578,-0.3989395302888,0.3684700015997,-0.3232460991291,-0.0958266781332,0.2041877496273,0.0645340975323,0.3016535516322,0.2170820047855,-0.4243047768365,-0.1412107741432,0.1571355421034,0.0904339574074,-0.3305085626418,0.1560333456662,0.0726301715950,0.1986536938989,0.2555302587419,0.2881289789902,0.4146842490906,0.2635447625330,0.1435843965782,-0.2624578481168,-0.0045347641331,-0.0321988712762,0.4463410691777,0.3268049134930,0.1026568942490,0.5293321145596,0.1685698150350,0.3381359762999,0.2946043736918,0.4869140854192,0.1264340787862,0.0139896033976,0.2318469102818,-0.0555202632763,0.4706024512840,0.1532097407648,0.3727915015828,0.0933247105883,0.0359128863736,0.0030879187619,-0.0573071542661,0.0683724664081,0.1594712512144,0.2242639115112,-0.0639751146090,0.0126679793848,-0.1570616842103,-0.3873095771960,0.0525896584978,-0.1286774875399,0.3130831893808,0.1337303916428,0.1146043417167,0.2295687533608,0.1203672548542
-0.0716518776506,-0.1285418839086,0.2097794282443,-0.0190786647804,0.2550486624837,0.2581346519056,0.1958869725554,0.1927224621399,0.3252650027339,0.5609660396878,0.2778004693869,0.3968402271058,0.2788255937734,0.1027310477029,0.2201854297791,0.1750190646170,0.3782509056510,0.2303067625547,0.0330621422692,0.1181900751095,0.4210550866280,1.0000000000000,0.1827755259865,0.3294650133119,0.1442826217604,0.1468793178162,0.3029885041894,0.0501638644214,0.4829798755786,0.2466667851333,0.3911448697848,0.1839234148112,0.4211845232574,-0.2244342226781,0.1772971880451,0.2179397262526,0.1567778208308,0.0794897931774,0.0680174603493,0.1898994891138,0.1455739309034,0.1387395870563,-0.1335069448871,-0.0577595288469,0.1342693124550,0.1290024181972,-0.1199399941211,0.1403054269400,0.0712932729521,0.1924327480871,0.1922633819125,-0.0290433553158,-0.1148830864751,0.2280382623271,0.1375618850361,-0.0115361219020,0.1482296973449,-0.0718862722788,0.3497874644134,0.2994694856600,0.4877541764049,0.4704172127776,0.2486124616175,0.1075209151881,-0.2066960403532,-0.1581840865128,0.0260099978366,0.3245565948262,0.2053485829431,0.0140625134859,0.2393421278952,0.4139912536674,0.1826934766288,0.0998388041450,0.0611505902731,0.1944371343654,-0.0205118618837,0.2793799981839,0.2867265299214,0.2971189774003,0.1237789471061,0.2718957742404,0.0626583588772,-0.0455732687816,0.1071361595650,-0.2280666803971,0.0808796588593,0.2423812269924,-0.0345694126073,-0.2133048520429,-0.0488489457295,0.0950655987010,-0.0859837416060,0.1278284614587,0.0685505058669,0.1267998497850,-0.0893934855485,0.3616231223967,0.0637650506500,-0.0361241686450
0.4179087798082,-0.2847262002332,-0.1488546452927,-0.1438588507988,0.3237765695619,0.0839172883397,-0.0487803609491,-0.1693430168735,-0.0908024553517,0.0591160740352,0.5138805265537,0.4395450409873,-0.2238203589656,0.1582087978322,-0.2037884539729,-0.1639815828193,-0.2649510028033,0.4399533262152,-0.0613739864471,0.1057544748105,0.1212943145864,0.1827755259865,1.0000000000000,0.2339402337062,0.2128970332749,0.3058678853201,0.2497733972228,-0.0650857577802,0.0916754672135,-0.4358372943200,-0.1599885715933,0.2569663828885,-0.0414338470855,-0.1809543543627,-0.3215449860614,-0.3770162322145,0.1878405658302,-0.1083444946927,0.1063417322660,-0.1662188457356,0.1443209105370,0.1989101405630,-0.0169766466407,-0.2081067567891,0.2968745130593,0.2681814706054,-0.1701703694326,0.2370846935830,0.3191480916677,-0.1188652842228,0.2874231525454,-0.2995742826417,0.2797194413461,0.1968035874510,0.2174267304375,-0.0578167426145,-0.1895314738818,0.1331176129621,-0.4052420487157,-0.1433185488615,0.2022894234010,0.2971065966589,0.1963662638348,-0.0209703566887,0.3157247148324,0.4250616029499,-0.5768387870175,0.0733069469480,-0.5125925402415,0.3453153152892,0.5616862788536,0.4911150057474,0.5154610754255,0.5560670492978,0.4141579558458,-0.2825480530816,0.6592881476930,-0.2697398018612,0.1192078742878,0.0520652855675,-0.2308236717644,0.4231870985612,-0.1317939428033,-0.0266365161842,0.1703809353233,-0.2903027493403,0.5201350891032,-0.2990317061422,0.5543963216385,0.4605108690193,0.2964901574229,-0.4567699612802,-0.2359639984957,-0.0365582292108,-0.0992428670863,0.1040180753716,0.4762638078505,-0.0740741102762,0.0194890736369,0.5915966928302
0.0595435040091,-0.3737096418423,0.0947070476883,-0.1227105911222,0.2699098558897,0.3725508561316,0.3073365931419,0.2861054135004,0.5294812946204,0.4952613956129,0.4673254712889,0.4627976025928,0.2705372373680,0.0651475176667,0.0443234118587,0.4405460915858,0.4216187600051,0.5812399983496,0.2766308708434,0.5370471035264,0.5492138400368,0.3294650133119,0.2339402337062,1.0000000000000,0.5095214036980,0.2849585486905,0.5938732096564,-0.1856915004007,0.1680973715394,-0.0234651359184,0.5738392807913,0.1265582955638,0.4089506378091,-0.2744784925128,0.2646355735385,0.4051703047900,0.5486407348401,0.1318324201248,0.3015587630121,0.2146868978642,0.0828681225339,0.2887368263467,-0.1350121372724,-0.1728244272099,0.2116872206318,-0.1898836500031,-0.2548792235200,0.3310351028265,0.2026686925208,0.3134274790625,0.2749598633458,-0.1895677392999,-0.0956246725545,0.3270181656864,0.3391394408781,-0.0394516126277,0.2019795810361,0.1459813940289,0.2895924925490,0.4532618062668,0.3571174702168,0.5390225906541,0.2592923724450,0.1342427582612,-0.0663063440142,-0.0043468504251,0.0249393581716,0.5125717959430,0.3045572857319,0.4263978527296,0.4325381617777,0.2006435444740,0.7367107911879,0.5396530680746,0.2581513549604,0.2028900977899,0.1945261091252,0.1931117060816,0.0777231252297,0.6230158078581,0.1748593214013,0.3453191980312,-0.0383546371146,-0.0763273403501,0.1319895466687,-0.2162273183627,0.4352258617860,0.4465469269279,0.1749089609719,0.1352374179652,0.2535082760583,0.0422085619979,-0.2199299832356,-0.1541963917459,-0.1777247687074,0.4044024911189,0.1366336929407,0.1352597529707,0.1457642113766,0.2034142211621
