1.0000000000000,0.6096693329102,0.8373842307133,0.8610162307428,0.8826253855739,0.8057895827893,0.7135016544072,0.0294079567496,-0.0370873394731,0.4706686691314,0.4933028483750,0.3759067310328,0.1611786291216,0.7783434108841,0.5652630521400,0.6592695395992,0.1389071539530,0.4271640807373,0.2282864735874,-0.0883074805483,0.2128635525244,0.2882829520907,0.2753814265815,0.5610808060172,-0.1692978062047,0.1052928849021,0.2775686277374,-0.1802072171168,-0.1308191249358,0.0754525687978,0.2686387707265,0.0262226080869,0.0501709926131,-0.1370926388065,0.6795404375663,0.4488153493122,0.4667646275605,0.0616040520961,0.6236963372008,0.0414093042688,0.2664454105475,0.5210552310196,0.2453177857276,-0.1721034656902,-0.0312939203848,0.0774699888026,-0.0669958978192,0.6947701760867,0.5770039197081,0.5598384502736,0.9125377753078,0.7420806851071,0.8375828864490,0.7882900328479,0.7371367293131,0.7325399476510,-0.1949233388251,-0.2141879222295,0.0794420482185,-0.0879707766778,0.5589039879318,0.6450702430439,0.5131543329573,0.2451810142910,0.7494532774374,0.6407274767598,0.4772017606759,0.4899413775010,0.0908254408070,0.0354303883686,0.5065619219413,0.4843586961059,0.5232091291299,-0.0365755434304,0.1336560691130,0.0443439017165,0.2280544065323,-0.1919520176993,-0.3794833432362,0.5429022192025,0.0626142274958,0.4468951844986,0.3129670971388,0.3966217023809,-0.2529787172705,-0.2852844851988,0.3564853876928,0.6075922687423,0.4906836562851,-0.0498306038225,0.6091517048522,0.0420668357982,-0.1554308664276,-0.2355990858153,-0.2407413042315,0.6911729398605,0.5969367989530,0.2125318820198,0.6314703519951,0.6611260450907
0.6096693329102,1.0000000000000,0.7461536500445,0.6581134153807,0.5365588171345,0.4872518414392,0.5370186351944,0.3029161685749,0.0815160333769,0.4940563933250,0.2275300021463,0.1017395440090,0.1063401704899,0.7427270703384,0.6781134495182,0.5140692066555,0.0405708184393,0.2261575173314,0.2571395872808,0.1323387924891,0.2467181067579,0.2882382216706,0.0122976153597,0.3614680854615,0.0808052585491,0.1036761117285,0.2798916802221,0.2281736926014,0.1948407395484,0.5948283966370,0.2461673373603,0.0032646605512,0.0446728783798,0.1623371944432,0.5383781507016,0.4282345149291,0.3616894292107,0.0076836788990,0.4332372249849,0.2408796544617,0.4107874589330,0.4471007286467,0.3346663485848,0.0340304733954,-0.0411593564277,0.2146914240648,0.1940332378883,0.3476006601947,0.5882397172842,0.5090371161047,0.5424770411011,0.8537830476139,0.4815523116220,0.5719056364565,0.3766790268307,0.4635839613195,-0.0680877614038,0.0396474206611,0.1091599370986,0.0233067916907,0.1424923753812,0.2604199162457,-0.0002966449670,-0.1463833883396,0.5889915347024,0.2128911025872,0.3309254994361,0.0921148934046,0.0968965994176,0.0211402108284,0.0686158832111,0.0546127736937,0.2073708977827,0.0496570261581,-0.1343790267878,-0.1807417245040,0.0171757618725,0.1998054175720,-0.0070429930606,0.1536019868001,-0.3613523420447,0.0904788659116,0.2200344972806,0.2102159310234,-0.0195444596551,-0.1328518623022,0.2211147702709,0.4656044113651,0.1552332141457,0.0877630748571,0.3584114464879,0.1000761447125,0.1154878109086,0.0079937952087,-0.2951959385206,0.3125227945704,0.4864796011474,0.0403609174355,0.2473921912916,0.2662487339213
0.8373842307133,0.7461536500445,1.0000000000000,0.8368293453231,0.8023905304255,0.7908991490928,0.7522775439276,0.1730866923399,0.0495437352186,0.5532578514849,0.4051039635971,0.3220511432701,0.1992895969830,0.6891465080099,0.6284544410435,0.6517102424875,0.1661208866666,0.3657555699937,0.3777486758003,0.0447003325311,0.2320663299874,0.1833119229704,0.1484290106553,0.4857000405969,-0.0515274661585,0.1590905868409,0.2932033937734,-0.1558128244626,-0.1364571160606,0.1491070406762,0.3114185605786,0.0837003283352,0.0957477385973,0.0412479717586,0.6118691318924,0.5601758375000,0.4246888018942,0.1095237320329,0.6117474302060,0.1162172119358,0.2786690659236,0.5623480143535,0.3632139792722,-0.0162740584074,0.0326855350076,-0.0074608826016,-0.0121142580344,0.6166982232679,0.4857821730191,0.5402459263570,0.7579510516343,0.8350691135890,0.7284951601420,0.8875968965969,0.6953505072118,0.7890283871160,-0.2141675505463,-0.1120322715377,0.1655442603286,-0.0030551043477,0.3702677707553,0.4707346590315,0.2539403349004,0.0459691603846,0.6224623094370,0.4477569479381,0.5236281410130,0.3084389743944,0.2106275174708,-0.0078235309578,0.2227185737224,0.2026132599937,0.3443312446822,-0.0379722901760,-0.0629376051947,-0.0845449810543,0.0817923694953,-0.1514322255021,-0.3467791791951,0.3792461838653,-0.1334811277070,0.2321137221560,0.1922647462193,0.3356314469257,-0.2333307765642,-0.3055099250610,0.2542748908743,0.5418156900281,0.2889068198693,-0.0896317353612,0.5570658854078,0.0950062010696,-0.0289991105568,-0.2710909361721,-0.3539457329747,0.6010188656061,0.4412081715016,0.1735928619180,0.4486535468223,0.4221576612358
0.8610162307428,0.6581134153807,0.8368293453231,1.0000000000000,0.8644155596012,0.8355541360613,0.8502828473507,0.1140640175410,0.1241277049786,0.5208442750503,0.6135796968990,0.4458997071559,0.3170770986079,0.7953913122989,0.6999774944291,0.8293886673031,0.3269946610070,0.5739102945912,0.4143498039757,0.0669866794178,0.3818570449555,0.2513656125834,0.3450168879713,0.6825194084862,-0.0628232181905,0.2946140401052,0.4689053498930,-0.2522739484182,-0.1118183606698,0.0707529990219,0.4864242981078,0.1867574019006,0.1946768657594,-0.0223142768984,0.7566319007040,0.5616786631394,0.5752558867386,0.2384267839281,0.6945417211350,0.1043750677466,0.2450097817515,0.5608812982857,0.5109312874017,0.0118866045911,0.1234177663468,-0.0118729772486,-0.0716018382409,0.7163508513257,0.5021557028375,0.6513276095619,0.7960954340183,0.7509535851677,0.8579780631242,0.8125724189602,0.7595008460905,0.7991891616113,-0.2367779819024,-0.2120870121482,0.2255804414414,0.0334541461518,0.3730513366007,0.6859718535054,0.3857488489590,0.0886120277320,0.5966757198364,0.5785924289395,0.5673433634514,0.4534556525364,0.2221716590985,0.0454907559100,0.3899483389367,0.4048977758864,0.5585505905677,-0.0572414149613,0.0376043782241,0.0218693774361,0.2802144837756,-0.2734538266756,-0.4425496656834,0.5529795784569,-0.0709506508023,0.3459593168729,0.1498304933270,0.3691496036611,-0.3412160986551,-0.3867212724853,0.4364335557917,0.6399780117073,0.4115003680551,-0.1357041581932,0.6319496902412,0.0662182740469,-0.1558534643462,-0.3261784025659,-0.4289398165692,0.6608736183555,0.4350925697371,0.1167049792962,0.4804830375084,0.5265034686099
0.8826253855739,0.5365588171345,0.8023905304255,0.8644155596012,1.0000000000000,0.9209929514014,0.8424751618395,0.1002017451524,0.0775125598854,0.5647019833866,0.6412186201896,0.5044639775962,0.3255858559072,0.6919813753369,0.5900753664074,0.7176052934119,0.3269523578568,0.5879970658002,0.2803810017381,-0.0088122920939,0.2977208117149,0.3336180301982,0.3618469763569,0.6831272720586,-0.1255537869551,0.1850598766058,0.3883809832842,-0.2722712649966,-0.1286841472490,0.0202284768654,0.4008796596917,0.1629855968252,0.1867627006883,-0.0497127735164,0.6935413704330,0.5050975125842,0.5604694965313,0.1737994065663,0.6921149850948,0.1095292790449,0.3223017282245,0.5951297749986,0.4133181605020,-0.0384500153221,0.0702776506453,-0.0560466378813,-0.0531421671762,0.7781036685033,0.5918035046411,0.6313731138933,0.8316890068333,0.6536847423200,0.8070062109971,0.8731418124926,0.8825687968684,0.7742479540533,-0.1450542303102,-0.1704708996061,0.1826111194240,0.0376502323772,0.5394360504136,0.7078545621504,0.5316044024029,0.3013155283992,0.5980681773803,0.6534002097963,0.4851238705722,0.5656031045578,0.1767172379694,0.1036578899784,0.4990769976222,0.4886601274628,0.6337464304658,-0.0482829170156,0.1068070414367,0.0691089045434,0.3080529082644,-0.2666663556454,-0.4441478561680,0.5845850811476,0.0603080768519,0.4821076851645,0.2582719279889,0.3821725482394,-0.2911989725206,-0.3286950011922,0.4486806372622,0.6537997674017,0.4876860299054,-0.0813875335254,0.6801198417473,0.1336726406606,-0.1189646897898,-0.2947525452584,-0.3106149486127,0.7600979332777,0.5112654556524,0.2387417095363,0.6078275719396,0.6340735950204
0.8057895827893,0.4872518414392,0.7908991490928,0.8355541360613,0.9209929514014,1.0000000000000,0.8611574748878,0.1430151798485,0.1340944779555,0.5614702191804,0.6499162665186,0.5151841965954,0.4148187307749,0.6405111032572,0.5506317970718,0.7670691694857,0.4081799420185,0.6716789814309,0.3361106034061,0.0373910940607,0.2916757055491,0.3197630293647,0.3437521820972,0.6986103767483,-0.1005021181230,0.2316007811788,0.4013316404066,-0.2696358450073,-0.1483588279196,0.0129974094946,0.4717440800916,0.2003269992150,0.2552369526671,-0.0924036793379,0.6800374042786,0.5078024568296,0.5772013062601,0.2433239205721,0.7689955962999,0.0954222819160,0.2756193072697,0.5768722957855,0.4558855257882,-0.0045811129634,0.1656502927992,-0.0426554595384,-0.0682820702100,0.8438352678509,0.5551506886759,0.6359299806932,0.7187490415810,0.5798077859378,0.7738107435123,0.8775221034623,0.9219792884170,0.7387911553328,-0.1126980721287,-0.1256647818689,0.2535835742010,0.1000638629883,0.5550098374862,0.7422634388494,0.5668410425471,0.3955109120293,0.4930473781797,0.7244072531705,0.5163289718331,0.6739976678086,0.2519403275448,0.1592680082051,0.5296051335614,0.5005258704450,0.6626914947665,-0.0023987392651,0.1904570256992,0.1201112337748,0.3252816971291,-0.2709782298530,-0.4717066395180,0.6718457604321,0.0881634075173,0.5481767273876,0.2793190135844,0.4265430243263,-0.2543073319100,-0.3393679679557,0.4763097042802,0.6694573462750,0.5518730848066,-0.0240726939216,0.7687184744347,0.1006705684020,-0.0938940493553,-0.2625821673712,-0.3073700386693,0.8304925108745,0.4582789825682,0.1972307279624,0.6227031802489,0.6367815506899
0.7135016544072,0.5370186351944,0.7522775439276,0.8502828473507,0.8424751618395,0.8611574748878,1.0000000000000,0.1342465560698,0.1772633557570,0.5074261933590,0.6524256580755,0.4449694552383,0.3334307508809,0.6280121140070,0.6027026382222,0.7454427744231,0.3496294308203,0.5494284303248,0.4829550299805,0.1156805577305,0.3789652517668,0.2582943635195,0.3635222004957,0.6703621557312,-0.0610235473024,0.3409459511873,0.4673035044547,-0.2336577325727,-0.1259429188308,0.0632589364786,0.4750620748129,0.2598935356474,0.1736397072474,0.0604365438789,0.8022676160386,0.6681416456313,0.6185515281551,0.2317030927190,0.7265406016577,0.1398961804181,0.2289263425528,0.5385553831343,0.5931539551726,0.0390534376006,0.1423298545191,-0.0843705919114,-0.0551124971151,0.7003538194717,0.4299074249909,0.6387635007580,0.6293171172528,0.6267205877950,0.7308057901446,0.8255165498434,0.8362053147116,0.8225473138305,-0.1839466613414,-0.1539586752358,0.1991417853812,0.1334449808436,0.3168819386322,0.6098795045628,0.3400548244281,0.1416762116403,0.4758791245575,0.5927102931619,0.5974546229367,0.4333967893340,0.3457982054475,0.1145655255476,0.3883584229033,0.3605129905200,0.5700145996607,-0.0212384007578,0.1093756259155,0.0977993122389,0.3134341017777,-0.2085128529795,-0.3729457450645,0.5031089295826,-0.0613936320893,0.3253455591556,0.1530393180236,0.4662375421196,-0.2374644406414,-0.2760956424182,0.5444567747816,0.7438664738708,0.4790149842273,-0.0448697067133,0.6775151790955,0.1693901542310,-0.1056293521321,-0.2398397802858,-0.4020890430317,0.6504556248045,0.3139814964511,0.0435899958920,0.4088944667334,0.4540829335515
0.0294079567496,0.3029161685749,0.1730866923399,0.1140640175410,0.1002017451524,0.1430151798485,0.1342465560698,1.0000000000000,0.7011441896785,0.2736709933498,-0.0935463953899,-0.0545563380379,0.3303466151395,0.1504470489094,0.2437439532220,0.3208710107429,0.4425496487538,0.3667926125064,0.4358995945307,0.7478604330890,0.3189982990725,0.0270087158517,-0.1637934469417,0.2750365725109,0.6424302851927,0.1334359476755,0.2542113376617,0.2064509896539,-0.0453143755327,0.3171770685625,0.5247811847281,0.0121935279882,0.3481849454549,-0.0446016504599,0.0875931004242,0.1680009588794,0.2749083333430,0.3706433127799,0.1550441845392,0.0640437308717,0.0005108378168,0.2313993547772,0.2701690231921,0.3701044171244,0.5357250346249,0.1317167867531,0.1811616532052,0.0641423192024,0.1639628901992,0.2832743798851,-0.0363999088004,0.1104038791451,0.0010214746813,0.1577211049585,0.1508614492227,-0.0190018302274,0.6465503700197,0.7479131932556,0.6756183902488,0.6723860249717,-0.0816746616781,0.0040888963898,-0.1729499266258,-0.0410488992561,-0.0401556746512,-0.1148679374753,0.1145218012974,0.2045364337512,0.4233968582173,0.6539872199577,-0.1280988529472,-0.1656195432083,0.2371612102562,0.6006491676478,0.1625755124332,-0.0882661117781,0.0935269361676,0.1598647085372,-0.0594204360434,0.1618343260436,-0.3414983775494,0.1235122695366,-0.0447176769545,-0.0999838897590,0.4609071019780,-0.1204386445217,0.1525303860651,0.1399774001732,-0.1170248321996,0.4861464562007,0.1010558885524,-0.0872082357684,0.4708371793945,0.1538934602242,-0.0659512855088,0.0583046643924,-0.0164779406131,-0.1658451135102,0.0300856585996,-0.0654501682363
-0.0370873394731,0.0815160333769,0.0495437352186,0.1241277049786,0.0775125598854,0.1340944779555,0.1772633557570,0.7011441896785,1.0000000000000,0.1991850559947,0.1297467785944,0.1101304986316,0.3603563840660,0.0235943389330,0.1577756127111,0.4071699385338,0.5107718799707,0.4298268617290,0.6098554793111,0.7631241282809,0.3662710095502,-0.0172993188080,0.0107891988382,0.4096946273266,0.7368947791310,0.1963244693191,0.3138934093867,-0.0002106453532,-0.1322135331845,0.0669215618991,0.6084558436903,0.1024779829120,0.3195445989714,-0.0506169549530,0.1857935965254,0.3557063607767,0.3056561796851,0.4692602176950,0.2073144137881,-0.0185815430268,-0.1186241225241,0.1505156345556,0.3955818507512,0.3821619506339,0.5514758225214,-0.0897310175903,-0.0220704578929,0.1309612914440,-0.0030342843190,0.2171514337751,-0.0724765193548,0.0148075740881,0.0750044549810,0.1175540000259,0.1431946249086,0.0842961231636,0.4978117556771,0.5559086571999,0.7639090804624,0.9157572269624,-0.1385713480614,0.0685019507728,-0.1295340008524,0.0329428687630,-0.1571777968651,-0.0149739574548,0.2734664422578,0.2159941197356,0.6156605764190,0.7388638305035,-0.0721560048635,-0.1145459696048,0.4234659274813,0.7085896497928,0.2399494047123,0.0111523366717,0.2738913359416,-0.0048895763794,-0.0904195235446,0.2203204941967,-0.2172547778238,0.0761073095758,-0.1764446879825,0.0112634647221,0.3184372011262,-0.1334501633248,0.2676535119519,0.2348483399823,-0.0380468654332,0.3226557406689,0.1538387944137,-0.0723276574416,0.3166143107995,0.0336393387409,-0.1036940755263,0.0863734798506,-0.2009280327576,-0.1924535884738,-0.0471321163011,-0.1255270282480
0.4706686691314,0.4940563933250,0.5532578514849,0.5208442750503,0.5647019833866,0.5614702191804,0.5074261933590,0.2736709933498,0.1991850559947,1.0000000000000,0.5311109187182,0.6277626801865,0.6144895093749,0.5617461977986,0.7324710920517,0.4615180144090,0.5221336434066,0.3718063591705,0.3444095840776,0.2267538419365,0.5875994079680,0.6015394712398,0.3867302139866,0.5643792641707,0.1084667880256,0.3050679276194,0.4822187095084,-0.0972196974261,-0.0218190125859,0.1767576076369,0.3844825022008,0.3692120359014,0.5437722016095,0.2851972642035,0.4130060183773,0.4491015223695,0.5298735319792,0.1951421451417,0.4074442525278,0.3704317808275,0.4643262019917,0.7013800775248,0.4443544807831,0.3013421099852,0.0921788772005,0.0892849076947,0.2510713253759,0.4442590580452,0.4489885490849,0.7759431799111,0.4047416491701,0.4806209743051,0.3929198899634,0.5632008549376,0.4964989559361,0.4676311993341,0.1225585265301,0.1275998118266,0.2255290009119,0.1649673778637,0.3663250884568,0.4149362344178,0.2488244793460,0.1095801437078,0.2888612348927,0.2021218400325,0.3097582318740,0.2727237774114,0.1890331362662,0.1284067596533,0.1935777329443,0.2643070161789,0.4401938646171,0.0369591770236,-0.0847456804571,-0.0383692317414,0.1542145864473,-0.1188157470909,-0.1829664424019,0.2216468033722,-0.0700886992494,0.2626173804498,0.0161562201040,0.1320630623812,-0.1328515348593,-0.1913408664891,0.3967894527719,0.3791314976655,0.0531353325453,-0.0368038770334,0.3769589504032,0.3244077543776,0.1219949880366,-0.1509691849448,-0.2632918479685,0.4262866997633,0.2687288948384,0.3657857374255,0.3430118392013,0.2799802861035
0.4933028483750,0.2275300021463,0.4051039635971,0.6135796968990,0.6412186201896,0.6499162665186,0.6524256580755,-0.0935463953899,0.1297467785944,0.5311109187182,1.0000000000000,0.7952586751692,0.5286502991060,0.4348187049726,0.5060150554982,0.5617633342727,0.4256803831073,0.5997960902414,0.2658269032001,0.0488238006658,0.4840556967115,0.4788998787320,0.8096588210403,0.7417788649850,-0.1353602920655,0.3699811921728,0.6361984509704,-0.2585750213169,-0.0797627746331,-0.1027070245713,0.4254212470173,0.5183750059888,0.3438913656507,0.1646520649672,0.6240726173534,0.4946712262322,0.6477614789422,0.2695688861176,0.5982895585086,0.2784637550065,0.3018987449172,0.5103279403117,0.5886482487500,0.1308275926828,0.0829998152929,-0.1524433844351,-0.0146175926694,0.6831299021372,0.3553504482685,0.6286972753334,0.4204017711685,0.4138049221975,0.5632552414596,0.4974457925214,0.6134555517426,0.5148784296224,-0.1401537399042,-0.2319839825841,0.0648932492735,0.0821237286059,0.2978650517342,0.7611794645117,0.5279237342895,0.2695397729856,0.2825944614459,0.5681856595061,0.4387122605974,0.4332478639711,0.2330445066521,0.0626706878495,0.4725989719924,0.5957441783955,0.6152450913180,-0.1033605757882,0.1082615497135,0.2482126379502,0.4752215095174,-0.1979896265076,-0.2981472135695,0.4608642402528,0.2085961361901,0.4067684998719,0.1285775140977,0.3865141930276,-0.3113655637895,-0.1968237184479,0.6595337868797,0.5623196387665,0.4277364587628,-0.1129076393976,0.5555690630630,0.4154266494449,-0.2165786354183,-0.2049112295562,-0.3431288361434,0.5518044344019,0.2401366084956,0.1226874065837,0.3523411605223,0.4086989454688
0.3759067310328,0.1017395440090,0.3220511432701,0.4458997071559,0.5044639775962,0.5151841965954,0.4449694552383,-0.0545563380379,0.1101304986316,0.6277626801865,0.7952586751692,1.0000000000000,0.6410446961140,0.2866883698351,0.4207736520369,0.3687661488437,0.5172832975629,0.4773158390181,0.1988420804526,0.0345858488352,0.5217273733102,0.5628892316527,0.7933651990988,0.6135527765634,-0.0986183690019,0.3887878253513,0.5346238565378,-0.2641909837333,-0.0366359019432,-0.2001859733675,0.3386575046239,0.5338337082560,0.5041909930671,0.2038893594006,0.3935095841457,0.2779002774607,0.5012404774063,0.2293746384697,0.3686132732024,0.2898618889338,0.2861126924324,0.4864166863364,0.4509152021480,0.1489719699267,0.1015030062648,-0.0475263740580,0.1084264795695,0.5416646332140,0.3191525796074,0.5456758684873,0.3272829693220,0.2545308558013,0.3440282364815,0.3836547190425,0.4378801527490,0.3495370103017,-0.0840714512467,-0.1571987244156,0.0817829442630,0.0232458756415,0.2824917553055,0.5877064270317,0.5275357787987,0.2467227642509,0.0988448445543,0.3167162209399,0.2140751293353,0.3132463597793,0.1461405678958,0.0007099680938,0.3491748868448,0.5619954541396,0.4958720485076,-0.0608470144952,-0.0040795307764,0.2008288685568,0.3704084737528,-0.2307367988353,-0.2254733653675,0.2826218830893,0.2651648095930,0.3116051210328,-0.0198056133723,0.1237687166454,-0.3448820540243,-0.1281608579581,0.5075155750023,0.3286595400884,0.1690101799956,-0.1987000671789,0.3671831576995,0.3588370388330,-0.2137894347653,-0.1423311681822,-0.1913037413695,0.4309600295675,0.1264090607776,0.2391516473377,0.2648715932804,0.2341830434364
0.1611786291216,0.1063401704899,0.1992895969830,0.3170770986079,0.3255858559072,0.4148187307749,0.3334307508809,0.3303466151395,0.3603563840660,0.6144895093749,0.5286502991060,0.6410446961140,1.0000000000000,0.2150326939371,0.4522134018946,0.3865334079110,0.7642386160003,0.5074563972744,0.3072144941118,0.4160119570801,0.6352801902326,0.3690793744110,0.4744475191161,0.5970483754922,0.2351814351983,0.5148787333751,0.6311698202400,-0.1595556080113,-0.1021380761895,-0.0006086286286,0.5209355693338,0.5306088818704,0.7482518079757,0.1888761679376,0.2386775736522,0.2442626778204,0.5360007636706,0.4652531812136,0.3366897616452,0.2901312886193,0.2002572873788,0.4441055388011,0.5531169651652,0.4046602025493,0.4117651637251,-0.0102987965046,0.2436831462935,0.4376479461731,0.2092125916892,0.5870725095925,0.0652922436604,0.0275226649656,0.1163583667094,0.2801343695630,0.3653763530987,0.1615702418503,0.2414053799732,0.2219000183262,0.3768021363552,0.3020894204968,0.0229231520293,0.4606629883857,0.2540902973668,0.2450658403947,-0.1530426472259,0.0985918449421,0.1668380912453,0.3520568087710,0.2810901805098,0.2799336173061,0.1148165344949,0.2646267841870,0.4295959043313,0.1499844689001,-0.0228808828499,0.0970496122054,0.2473774200421,-0.2045133265005,-0.3037926028834,0.2625639573813,-0.0343389999613,0.2976854586081,-0.1412206817372,-0.0113449223325,-0.0774902449250,-0.2598053177912,0.4296484060321,0.2524110771642,-0.0091731323903,0.0188508036726,0.3057520858354,0.1918188810008,0.0286515071511,-0.1450682666926,-0.3040054028872,0.3500842432829,-0.0514156981720,0.0272600859467,0.0897850280002,0.0817408601842
0.7783434108841,0.7427270703384,0.6891465080099,0.7953913122989,0.6919813753369,0.6405111032572,0.6280121140070,0.1504470489094,0.0235943389330,0.5617461977986,0.4348187049726,0.2866883698351,0.2150326939371,1.0000000000000,0.7768015154496,0.6514965811290,0.1968934988497,0.4085972104634,0.2877112706679,0.0365394606742,0.3680633084222,0.4030637785268,0.2149706631519,0.5003240085557,-0.0645026181049,0.1510953753838,0.3534654412560,-0.0079926326025,0.1025517514944,0.4077335050302,0.3664525979581,0.1315611148356,0.1932221055045,-0.0021732971490,0.6218355788738,0.4149148398054,0.4579131031663,0.0607733965191,0.5136660037507,0.1540474900920,0.3649368944191,0.5575078423693,0.3637732664096,-0.0707208317151,0.0158061928075,0.1775677482356,0.1064288860212,0.5030610750697,0.6083206576480,0.6838685570678,0.7201527248285,0.7012414692114,0.6504082375646,0.5947984027844,0.5477157522135,0.5502300309926,-0.1379193104672,-0.1026089806010,0.1155540273253,-0.0348128263702,0.3580806734379,0.5351025078089,0.2976331411135,0.0307704343693,0.6954325414775,0.4533510248842,0.3920809428680,0.3462581814002,0.0838833402826,0.0147546715836,0.3467868001033,0.3604246747563,0.4068923534729,-0.0464835744829,0.0537774424910,-0.0539964273619,0.1569549424314,-0.0674581951987,-0.2172479596893,0.4208283507614,-0.0660520126485,0.3088690993040,0.2893352220219,0.2962976243654,-0.1745236349942,-0.2460577300377,0.3264279665609,0.4912784739529,0.3353975740464,-0.0175198292523,0.4455767068092,0.0562400524741,-0.0831489992171,-0.1474915281442,-0.2846108632863,0.4532118722674,0.5884712933531,0.1446596739353,0.4751626670117,0.4959373563853
0.5652630521400,0.6781134495182,0.6284544410435,0.6999774944291,0.5900753664074,0.5506317970718,0.6027026382222,0.2437439532220,0.1577756127111,0.7324710920517,0.5060150554982,0.4207736520369,0.4522134018946,0.7768015154496,1.0000000000000,0.5640796737819,0.4289868515402,0.3661631024455,0.3820915915887,0.2426271812308,0.5902305733456,0.3271315747770,0.3178165875744,0.5634951906033,0.0792362831882,0.3133131763485,0.5032309320042,-0.0832577620709,-0.0293849591634,0.2812493664922,0.4521669953498,0.3629668203190,0.3828601986181,0.2559970713594,0.5001452006874,0.5233673072387,0.5213032121664,0.2207765649755,0.5080385569184,0.3033645193162,0.3603145287957,0.6461378382445,0.5760314180221,0.2613706509135,0.1203932033695,-0.0283998757728,0.1477946741904,0.4634498257256,0.4479692253845,0.8144575200755,0.5379923432547,0.6622289872232,0.5223277546126,0.5778501972476,0.4552530453312,0.5330552274944,-0.0305360037326,0.0771995409087,0.2059867877680,0.1168861434775,0.0954026539972,0.3730050637486,0.0535489143757,-0.1126185675683,0.4879898610431,0.2543884899990,0.3818203407328,0.1769452984528,0.2427546223779,0.0616605990264,0.0663786518391,0.1234525130840,0.3369522746553,-0.0503669630740,-0.1517543741753,-0.0868350991702,0.1395088018907,-0.0743813749187,-0.1693261944804,0.2111275566165,-0.1796179446569,0.1080059744320,0.0527944948837,0.1779196354633,-0.1634103010557,-0.2155953159956,0.3716090841864,0.4624610608838,0.0820116865170,0.0009792147076,0.4323264153097,0.2582484727007,0.1106443339299,-0.1650470376977,-0.3668968349309,0.3763979539602,0.3531157267728,0.1138499327385,0.2459775032790,0.2183426330439
0.6592695395992,0.5140692066555,0.6517102424875,0.8293886673031,0.7176052934119,0.7670691694857,0.7454427744231,0.3208710107429,0.4071699385338,0.4615180144090,0.5617633342727,0.3687661488437,0.3865334079110,0.6514965811290,0.5640796737819,1.0000000000000,0.3963652695822,0.7074757234960,0.5827944342465,0.3184849289497,0.3467842217988,0.2265824786499,0.3083877248622,0.7215135292097,0.1755860376425,0.2462050858796,0.4479446186547,-0.1786914204148,-0.0709745507113,0.1159801960458,0.6439835736428,0.1772987570926,0.2918881822611,-0.1387492804469,0.7228779673543,0.6628047743870,0.5738132024550,0.3529890712491,0.7131595665289,0.0270069416733,0.1374632171357,0.5213828098516,0.5249024944115,0.1262223950137,0.3023219613831,-0.0046178884720,-0.1237500375781,0.6570203339053,0.4268512477009,0.6063501505108,0.5823745587921,0.5438723398781,0.7872713567956,0.7041892548383,0.7093628658930,0.6573783158161,-0.0547580484486,-0.0307911971893,0.3860548013906,0.3128559168301,0.3668017016753,0.6385856706414,0.3581705887247,0.2157378621256,0.4391947376007,0.6008829378009,0.6772543744960,0.5821699454805,0.3820434611444,0.3587541863915,0.4306990152373,0.3539714113378,0.7066603398845,0.2055404412392,0.2129550149314,0.0335207613461,0.3824670585989,-0.2128199840961,-0.3908842730581,0.6885015709879,-0.0969124654686,0.4604044538520,0.0909303520309,0.4359547067722,-0.1646583843722,-0.4188368088964,0.4679232413118,0.6435430687701,0.4452322228178,0.0579897068874,0.6489347383001,0.0042876563927,-0.0151000599388,-0.2782154275493,-0.3924341598561,0.6402180817775,0.3412986498426,-0.0044080476972,0.4602050524576,0.5295606733000
0.1389071539530,0.0405708184393,0.1661208866666,0.3269946610070,0.3269523578568,0.4081799420185,0.3496294308203,0.4425496487538,0.5107718799707,0.5221336434066,0.4256803831073,0.5172832975629,0.7642386160003,0.1968934988497,0.4289868515402,0.3963652695822,1.0000000000000,0.6389782673147,0.3727736266209,0.5043915845351,0.7434138239656,0.2220974772620,0.3110099698427,0.6164627995870,0.3304648223931,0.5046857990910,0.5797338403293,-0.2056813963270,-0.2915263058276,-0.0650247575460,0.7078072533054,0.4799630527231,0.7358833742386,0.0821584499003,0.2201200602718,0.1942863530254,0.5322790287305,0.5820955025262,0.2933059845596,0.1558266512901,0.0369821874533,0.3546521344453,0.5788992627331,0.4679025336344,0.5549938857842,-0.0982545832323,0.1763753935009,0.4195504814138,0.1297230362654,0.5148253358576,0.0721914669614,0.0032779272085,0.1474033428631,0.2826702226739,0.3729354347044,0.1491703263125,0.3356543971536,0.3435206842946,0.5715185429999,0.4487662753990,-0.0034631527941,0.3414233890957,0.1424651954106,0.1780419912068,-0.1993694703828,0.0312600562232,0.1010066690481,0.4348304084491,0.3654867846636,0.3475667898513,0.1109822187181,0.1439927147588,0.4854774684349,0.2221672186450,0.1040055993303,0.1504713718292,0.3374649852023,-0.2242004898990,-0.3204690821569,0.2953787779269,0.0046456964126,0.2469740985788,-0.1716760706207,-0.1573196184587,-0.0238534489189,-0.1845718693400,0.4404136034597,0.1979023298842,-0.0636494362108,0.0657361620240,0.2360968764506,0.0428031413600,0.1209466835494,-0.0480445935046,-0.1396246182035,0.3212569713785,-0.1675003379260,-0.0024212243347,0.0468869983895,-0.0287862437901
0.4271640807373,0.2261575173314,0.3657555699937,0.5739102945912,0.5879970658002,0.6716789814309,0.5494284303248,0.3667926125064,0.4298268617290,0.3718063591705,0.5997960902414,0.4773158390181,0.5074563972744,0.4085972104634,0.3661631024455,0.7074757234960,0.6389782673147,1.0000000000000,0.2648350532182,0.3232385545668,0.3712189028372,0.3332665369850,0.3960777463598,0.7437732794287,0.1804579606591,0.2679182778624,0.5128437884997,-0.1457376869682,-0.1037318074279,0.0188491576111,0.6867240151694,0.2457318820561,0.4151310614208,-0.1315532036939,0.4510343862744,0.2662533514698,0.5695786805999,0.4607366700808,0.5597173369313,0.1115098444828,0.1683414641090,0.4391201238970,0.4841030393928,0.1808904906035,0.4181649469138,0.0011211579133,-0.0219293586326,0.6319743599283,0.3674079389017,0.5213541589198,0.3698553456129,0.2334115459736,0.4826221978964,0.4705989280890,0.6244918841394,0.3666744247073,0.1924658625201,0.0905077673861,0.4475345795085,0.3354002234145,0.3366894261552,0.6921980215363,0.4752463300361,0.3987426103092,0.1541622147969,0.5311598443113,0.2820340913556,0.7514848136360,0.2435158126872,0.4128559664193,0.4880514718174,0.4697566297241,0.7633968359633,0.2179517243885,0.3664531633673,0.2395150419086,0.5503958817637,-0.1511641270545,-0.3990017818935,0.7205061842522,0.0902896672280,0.5853104857659,0.1382508472469,0.2395149259515,-0.0204991814080,-0.2981748959648,0.5320783222111,0.4566533839357,0.4378724697507,0.1591605156313,0.5584731661805,0.0689163475050,-0.0039764012746,-0.1167905883309,-0.2264057853821,0.5748621683424,0.2265760369064,-0.0114585476514,0.4485811226730,0.4465420485534
0.2282864735874,0.2571395872808,0.3777486758003,0.4143498039757,0.2803810017381,0.3361106034061,0.4829550299805,0.4358995945307,0.6098554793111,0.3444095840776,0.2658269032001,0.1988420804526,0.3072144941118,0.2877112706679,0.3820915915887,0.5827944342465,0.3727736266209,0.2648350532182,1.0000000000000,0.5095936094523,0.3847939405555,-0.0380904517422,0.1004550132617,0.4262982368671,0.3628920135256,0.2425246330085,0.2848169434499,-0.2599882200941,-0.1906333875790,-0.0424882427257,0.5100864269255,0.1281910167339,0.2142759005867,-0.0554068378458,0.4280880939383,0.7234832786856,0.3565220833472,0.2511658785017,0.3367898472160,-0.1316282368896,-0.1475392640543,0.2813387009843,0.4384085507869,0.1855414663251,0.2923744624911,-0.2023382375744,-0.1957057385210,0.1973999133048,-0.0229558820780,0.3570199787875,0.1332402090219,0.2801600555666,0.3765835160323,0.4308728330038,0.3442314724218,0.4903913404369,0.0568932516595,0.2524547591807,0.5302338023376,0.5963715918656,-0.0275127109291,0.1508215300088,-0.0894183841828,-0.0673259729024,0.1045905073544,0.1277674990030,0.6874304947426,0.1225637987140,0.7646481736268,0.4153963034679,0.0248965478156,-0.0675103031398,0.3729552294645,0.3630779464803,0.0687977023257,-0.1059441499199,0.1334182602057,-0.2343986551404,-0.1909944035964,0.2419533586806,-0.2651592393654,-0.0240561570338,-0.2395493470335,0.2489563846431,-0.0661671631865,-0.2912201321271,0.2842155431610,0.3772729980308,0.0251822625239,-0.0257287410287,0.2551742511886,-0.0752508819840,0.0695569925455,-0.2165531966558,-0.3197248263310,0.1768528442034,-0.1506673421294,-0.1158306876420,-0.0105868214361,-0.0160438669576
-0.0883074805483,0.1323387924891,0.0447003325311,0.0669866794178,-0.0088122920939,0.0373910940607,0.1156805577305,0.7478604330890,0.7631241282809,0.2267538419365,0.0488238006658,0.0345858488352,0.4160119570801,0.0365394606742,0.2426271812308,0.3184849289497,0.5043915845351,0.3232385545668,0.5095936094523,1.0000000000000,0.5219884463032,0.0134540133518,0.0743245289365,0.4095619123549,0.8432271608678,0.4164180471879,0.5039428711029,0.0480195751329,-0.1434550363617,0.1493071051463,0.6877878542312,0.3059474069451,0.4855205584674,0.1369861040418,0.1815998158611,0.3417281969298,0.4720158902372,0.6772850600856,0.1645146531051,0.1308092888383,-0.1319336542980,0.1158200115457,0.4794481193926,0.6135376869780,0.6741865610232,-0.0434418630974,0.1088411628212,0.0415419637729,-0.0036610827167,0.2835814722998,-0.1658537370515,0.0107377192125,-0.0577698703520,0.0219238415323,0.0212440731286,-0.0551829679547,0.5190859690809,0.5725855665213,0.6080309095123,0.6805746503456,-0.3225921037636,-0.0014164467278,-0.2584367288620,-0.1727247731031,-0.2035454335201,-0.1525083695652,0.2291489999929,0.1205991184487,0.4740766225632,0.7687792708822,-0.1705502306120,-0.1608905911876,0.2659613307163,0.7023888980588,0.2084398296959,0.0903953775871,0.3209466240145,0.0222379522569,-0.1589726412298,0.1919424136937,-0.2608599726261,0.0746931595791,-0.2820451650752,-0.0214752789155,0.4000567653953,-0.1538107138532,0.3373981732295,0.1815684671131,-0.1296045501693,0.5326256895882,0.0353753477850,0.0470397346342,0.4777592740193,0.0065635991631,-0.2707615567481,-0.0384601794787,-0.2385953606375,-0.3199418229392,-0.2031458990085,-0.1830308031505
0.2128635525244,0.2467181067579,0.2320663299874,0.3818570449555,0.2977208117149,0.2916757055491,0.3789652517668,0.3189982990725,0.3662710095502,0.5875994079680,0.4840556967115,0.5217273733102,0.6352801902326,0.3680633084222,0.5902305733456,0.3467842217988,0.7434138239656,0.3712189028372,0.3847939405555,0.5219884463032,1.0000000000000,0.3651819483940,0.4846175575385,0.6250601192193,0.2905993750174,0.6487399294427,0.7140647862178,-0.0865000249824,-0.1857923369699,0.1111846964923,0.6610051447900,0.6304859745849,0.6648300036793,0.3124332438411,0.4523074597246,0.3564700133373,0.6688029719554,0.4916137947204,0.2665297236370,0.3496609117350,0.1147796686997,0.3087198707921,0.6823772124901,0.4334808510705,0.4128362477669,0.0052872951805,0.3452216502798,0.3314654356513,0.1865499855816,0.6322718128952,0.0973731659497,0.2275509450350,0.1535234686189,0.2250451481694,0.2093651099775,0.1441591129220,0.2385525039382,0.2311140372523,0.3938806128182,0.3034993617227,-0.1876279001934,0.3001731772374,0.0170235109579,-0.1190879677212,-0.0554464754178,-0.0512551585815,0.1886035900499,0.1327563176862,0.3573531722967,0.2260787076996,0.0696165383516,0.1821589716949,0.3903635662862,0.1593815802542,0.0552017368641,0.2004794683240,0.2952288117803,-0.1186239296045,-0.2754630926607,0.1216737707790,-0.0447677021246,0.1043457239416,-0.2466421610087,-0.0864749859830,-0.0095594825118,-0.0866129705587,0.5832450130657,0.3057914279615,-0.0903177795074,0.0966783653730,0.1014633142759,0.2043099662476,0.0683165118317,-0.0182993785254,-0.2869714837564,0.1603933023158,-0.1465319866392,-0.1140607779043,-0.1347647261234,-0.0482377067338
0.2882829520907,0.2882382216706,0.1833119229704,0.2513656125834,0.3336180301982,0.3197630293647,0.2582943635195,0.0270087158517,-0.0172993188080,0.6015394712398,0.4788998787320,0.5628892316527,0.3690793744110,0.4030637785268,0.3271315747770,0.2265824786499,0.2220974772620,0.3332665369850,-0.0380904517422,0.0134540133518,0.3651819483940,1.0000000000000,0.5185244993339,0.4245551801675,-0.0642032469632,0.1804954848353,0.3739913332173,0.1858052629440,0.3507210101542,0.2748585347738,0.1656310624733,0.2283075440104,0.3492471738343,0.2400828881147,0.3259576625166,0.0916295404511,0.3645231284170,0.0275113612701,0.2195359812104,0.4557250667497,0.5365807377454,0.3281912651028,0.1737056409267,0.0216983751847,-0.0701517108240,0.4630540853835,0.3458177318312,0.2880711074763,0.5423959343150,0.4511710759737,0.2348624033422,0.2156487443032,0.1535983904838,0.1790318060492,0.2429402718536,0.1112245598838,0.0886669106524,-0.1064988433188,-0.0656725533263,-0.1074860368308,0.4228692012785,0.4567157514606,0.4632941119501,0.2825417975142,0.2242689245029,0.2630778186742,0.0006993354142,0.3027812949124,-0.1366264175040,0.0410536688794,0.4283654360924,0.6236561962167,0.4215232809662,-0.0029327438356,0.1230688015107,0.1617118011083,0.2742313227004,0.1137228642545,0.0164177497480,0.2512527595677,0.1659497271387,0.3949418680023,0.1864268422259,0.1001398900469,-0.0630426310752,0.0689243332836,0.3746756431041,0.2568800377024,0.2177393394835,0.0724437184343,0.2157034869622,0.3970780403644,-0.0494786884265,0.1370881383799,-0.0366948075264,0.2538158079485,0.3615025847005,0.3269461792953,0.3111005770361,0.3459857609604
0.2753814265815,0.0122976153597,0.1484290106553,0.3450168879713,0.3618469763569,0.3437521820972,0.3635222004957,-0.1637934469417,0.0107891988382,0.3867302139866,0.8096588210403,0.7933651990988,0.4744475191161,0.2149706631519,0.3178165875744,0.3083877248622,0.3110099698427,0.3960777463598,0.1004550132617,0.0743245289365,0.4846175575385,0.5185244993339,1.0000000000000,0.5973714795844,-0.1489727136201,0.3978181583400,0.6043825955220,-0.2035737096729,-0.0173460599097,-0.1884277450241,0.3012990616051,0.6222282679255,0.3910025838800,0.3052291078985,0.4476192443716,0.3196084662770,0.5568156408344,0.2422762062373,0.3273031881913,0.3603474184822,0.2465688188337,0.3440624082823,0.4407127345061,0.1468263827922,0.0607888674786,-0.0290964236996,0.0831364027936,0.4201615411458,0.2129650223003,0.4701997300573,0.2127036431157,0.1970246877536,0.3032996502887,0.1777733867949,0.3077937180671,0.2383738002395,-0.1394970733140,-0.2616950144527,-0.1200852252690,-0.0689060305677,0.1416397949098,0.5854256355761,0.4523597819195,0.1370546566488,0.1205464859504,0.3640401883368,0.2501010865629,0.2191511022651,0.0838578913694,0.0062760598039,0.3762757951619,0.6198930113127,0.4343189228995,-0.1236496610962,0.0830360014923,0.3014009645305,0.4373771601690,-0.1537350766753,-0.1868727013217,0.2909496826568,0.3216425546458,0.3463036488817,0.0500577741935,0.2437484066695,-0.2706899115209,-0.0662727126876,0.5736054545239,0.3352734425111,0.2676085427780,-0.0556601770703,0.2677719312304,0.5267235080935,-0.2382304068922,-0.1493699085977,-0.3030661413386,0.2725886917379,0.1179753544588,0.0676510632808,0.1953232185179,0.2694986479588
0.5610808060172,0.3614680854615,0.4857000405969,0.6825194084862,0.6831272720586,0.6986103767483,0.6703621557312,0.2750365725109,0.4096946273266,0.5643792641707,0.7417788649850,0.6135527765634,0.5970483754922,0.5003240085557,0.5634951906033,0.7215135292097,0.6164627995870,0.7437732794287,0.4262982368671,0.4095619123549,0.6250601192193,0.4245551801675,0.5973714795844,1.0000000000000,0.1886137806917,0.4295138002371,0.7343859482963,-0.1767209590602,-0.1130782933761,0.0414683022105,0.6834849237245,0.3826269843908,0.4542408126377,0.0585570910908,0.6765590995826,0.5575901617967,0.7966353432767,0.5064885913592,0.6367819554047,0.2370450095218,0.2293314830287,0.4666023528689,0.6150073919364,0.2074112046263,0.3365891246275,-0.0216507652277,0.0271016611402,0.6659536138636,0.4341549704360,0.6878830967761,0.4559865612893,0.4253894764762,0.5918013809930,0.5737449430256,0.6520054832834,0.5204421252873,0.1290328410551,0.0212365680843,0.3753974527876,0.3018175074048,0.2803537754601,0.7387965556803,0.4657376883719,0.2952392222344,0.2642149755530,0.5057386548950,0.4906484890694,0.6052203251012,0.3646979604911,0.4240434364197,0.4644578858214,0.5081999601042,0.8313346041946,0.1938174311145,0.2119769760142,0.2182234365725,0.5290001542773,-0.1689822586366,-0.4189703333638,0.6308345209284,0.0053468096547,0.5090297438997,0.0279783288405,0.3007226954330,-0.1626325593390,-0.3293313976969,0.7144682157637,0.6378603369034,0.3795056519317,0.1078840524552,0.5712530077860,0.2179795447153,-0.0897821868782,-0.2229527241204,-0.4216575472246,0.5818612594586,0.2179321477617,0.0085424748651,0.3596359529612,0.4607326776036
