1.0000000000000,0.3940715334672,0.7300437934016,0.4232255473108,0.6910947282695,0.4257661464024,0.5338884916067,-0.1090670379072,-0.0512037711206,0.2594708265807,0.1993315075448,0.2772415836807,0.0039967093369,0.6246564645344,0.3417205443104,0.2725575081919,0.1416514153313,0.1565974865839,-0.0803093018658,-0.0777913005380,0.1343829781369,0.1493336588591,0.1346601648593,0.1852574997338,-0.2128191595530,0.0894167199822,0.0077781825022,-0.1452627412985,0.0895127090522,0.0800083209052,0.0442164778282,0.1198627204111,0.0065089032217,0.0527552955716,0.2389502861502,0.1036200661827,0.1557520083743,-0.0943018526136,0.1257002492529,0.1323637915263,0.2330791894809,0.2576796912137,0.0292970496227,0.0055384911336,-0.0658031021427,-0.1120735734306,0.2302459690658,0.2549178650893,0.3358606850228,0.1371882489643,0.6908736112550,0.4231248518786,0.5114687805086,0.5334580064575,0.3691857423731,0.4355102895728,-0.0984524610510,-0.2278422003860,0.0029112079694,-0.0567500352491,0.2104681710917,0.1685069187650,-0.0186660787495,-0.3130852140679,0.5322103771885,0.1176592397735,0.1570705180758,-0.1121451942430,-0.1287966713452,-0.0916173752761,-0.0731442767220,0.1726422728648,0.1018336919066,-0.1264155601829,-0.1712892286544,-0.1907142755868,-0.0991758182614,-0.1365740227031,0.0852446624012,0.1548598259682,-0.0677102228171,-0.2663054857355,-0.0146081527327,-0.1522684346495,-0.2908255057498,0.0041689091542,0.1743515398319,0.3361441624181,-0.1890957493339,-0.2875192579963,0.1180894879523,-0.1219863574751,-0.1078552439834,-0.0337193153003,-0.3192718237471,0.2223132484331,0.2528016132893,0.1372321965419,0.1209036724867,0.0506932759602
0.3940715334672,1.0000000000000,0.4846772565020,0.4246608406510,0.0129463863284,0.1644927279307,0.2608599705597,0.0944554741172,-0.0916774765584,0.1479341927769,0.0284006246597,-0.0311477671510,0.0746122398701,0.5610075276090,0.5731873679517,0.0908533083522,0.0415517976887,-0.2267663672865,-0.0422765984602,-0.0729552547918,0.1951296775190,0.1391589921266,0.0790965698804,-0.1254726058239,-0.1661595863796,-0.1352893773448,-0.2902093018548,0.1518404980722,0.3218192662273,0.5505471943663,0.0564486395490,-0.2302049130763,-0.0193357347100,-0.0207544052393,0.1986809063382,-0.1170426965766,-0.1232680560539,-0.0807634936227,0.0016508310781,0.0256950220165,0.2894182203516,0.2449624813057,-0.0957696299304,0.0210864227128,0.0088727346024,0.0641212256301,0.0210867647763,0.1204836526840,0.1377485418118,0.3907867609332,0.2046424158400,0.5938780243934,0.2135528015618,0.1872871551291,0.0826319310013,0.2329013856288,-0.2217726095860,-0.0550458548843,-0.1421715250890,-0.2408946231133,-0.0381691329212,-0.1582369670070,-0.2653373244264,-0.1866337081791,0.3924673407903,0.0158898246873,-0.1491048316694,-0.4205934392602,-0.2641089410060,-0.2620597231295,-0.0587011870582,-0.1729763920552,-0.1926132296976,-0.1733970801112,-0.1266784012776,-0.2122095528054,-0.2625942999978,-0.2177896374234,0.1695680441221,-0.1078874571652,-0.2728384451072,-0.2467053726667,0.0991591656245,-0.2894270650175,-0.1490163923075,-0.3130875114588,-0.1155152737174,0.0772917349354,-0.1785891152536,-0.1105053082367,0.0270911271503,-0.1608356082543,-0.1787178274239,-0.2836563005620,-0.0389617761190,0.0058527808840,0.0837427745292,-0.1946746179392,-0.1466929143158,-0.0631109654330
0.7300437934016,0.4846772565020,1.0000000000000,0.4818848025402,0.4984910443636,0.4117454905149,0.5801095516568,-0.0289323215372,-0.0671148342800,0.1437328937662,0.0789151341156,0.0726704538661,-0.1264998365182,0.4969619604677,0.2867321193397,0.3872657666092,0.0658625921462,0.0542358803395,0.0726287023741,0.0147739775932,0.0892673111212,0.0616496988895,0.0288711223760,0.0591291067874,-0.0721101185110,0.0045053183494,0.0041629818837,-0.2597112048186,0.0385215196792,0.0561503897969,0.1536095311343,0.0105570110374,0.0200654760334,-0.1542373385525,0.2190455320059,0.2019649047451,-0.0007213388937,0.0002551745305,0.0309441009051,-0.0285970166288,0.0496395413182,0.0677255583753,-0.0049845279950,-0.0228220409673,-0.0506314265451,-0.0804505295957,0.0266418342692,0.1615158587674,0.2316377045056,0.0468308015240,0.5589591237832,0.5399570333822,0.5392110855432,0.5449166611273,0.3172124649531,0.4914054992525,-0.0762298567754,-0.1110358938034,0.0491714503771,-0.0953962061314,0.1118607320560,0.0396370013169,-0.1996154339886,-0.3541514847766,0.5455674061411,0.1400656877026,0.3203721446922,-0.1601255909410,-0.0547127263591,-0.0021018054020,-0.0720586818337,0.0355664144338,-0.0262358082894,-0.1053420471449,0.0148658261165,-0.1685761827589,-0.0883117594157,-0.1416603121796,0.0315811007652,0.1881475887753,-0.0719179103938,-0.1622224794478,-0.0549760165209,0.0210907690819,-0.2009657936497,-0.0345763660145,0.0241669993069,0.2735925476722,-0.1335392318048,-0.1167231334833,0.0507601270586,-0.1340841773740,-0.0981372823564,-0.0521332240205,-0.3077480338242,0.1283361901132,0.1951930304667,-0.0210497032176,0.0111784884821,-0.0449152695960
0.4232255473108,0.4246608406510,0.4818848025402,1.0000000000000,0.5171295792840,0.6028775358511,0.7947090544084,0.1072709040664,-0.0790278390891,0.3242014673335,0.2960537200994,0.1369680726564,0.3428552864932,0.4312523950491,0.5900261209176,0.6678857268975,0.2406528486770,-0.1309577267722,0.4311102403741,0.1285560513138,0.4370483179089,0.2614129184854,0.2583862403858,0.2295547397101,-0.0605096138276,-0.1658476694586,-0.1323981325525,-0.3058978422889,0.0496978664881,-0.1478115448772,0.2660403249735,-0.1055137197456,0.2730263250759,-0.0373332896965,0.1497442678444,0.3857160856093,0.1978577697186,-0.1815008827558,0.2088904585996,-0.1514647245002,0.3813941528192,0.3809885482810,0.1809108529489,-0.1753849250791,-0.1985372155411,0.1758792006745,0.1590142177745,0.3796089054178,0.3553389329412,0.5152875729394,0.4513150068677,0.3961317661272,0.7048211598618,0.5708414740217,0.4413959694924,0.7985636447346,-0.0949844851494,-0.2923739709093,-0.1962849589445,-0.1963221631333,0.0640083978907,0.0215545974097,-0.1221176898319,0.0136458530635,0.3037201841883,0.3884553972809,0.5198895629899,-0.0416636468987,0.0473177357715,-0.0707280690094,0.0781750487894,-0.1125189417326,0.1788670894565,-0.2194705851808,0.1030478383841,-0.2618690233565,-0.1842015794902,-0.4844808488219,-0.1023727421795,0.1562932003108,-0.1822693083321,-0.1379766408915,-0.2910494852154,0.0586989111828,-0.4070946579073,-0.3316357431236,0.2237209194305,0.4370154654375,0.1109486966612,-0.2987920980815,0.2588043815480,-0.2929513115236,-0.1711011755536,-0.2189992722616,-0.0098600049593,0.2903582748512,0.2253098238643,-0.0111798783293,-0.1355527049686,0.1153748278043
0.6910947282695,0.0129463863284,0.4984910443636,0.5171295792840,1.0000000000000,0.7572052789789,0.6594784374794,-0.0436079358906,-0.1448536173671,0.3703540160938,0.4758305655105,0.2541821624840,0.0817718335928,0.3571330107353,0.1739549442678,0.3842851152501,0.1810110980863,0.0914517140137,0.1529746060439,-0.0334157703397,0.2435453403967,0.4153931203047,0.3251066988323,0.3138645026336,-0.1482113126305,-0.1529645144722,-0.0656008432270,-0.5439064127221,0.1011734071736,-0.3620647091448,0.2130395804749,0.0465850206219,0.2042888087103,-0.0732239234099,0.1316762823384,0.3018599198119,0.4179962828295,-0.2208292116095,0.2539366851365,-0.2096454950167,0.2703333616336,0.1600313857111,0.0002722192984,-0.3594760678213,-0.2505444654326,-0.0128169490629,0.2063161149892,0.5280479960899,0.5967333235856,0.0647716912107,0.8267152601051,0.3654401845728,0.7476729776633,0.7933792157647,0.7008297613976,0.6621905580022,-0.0486385207163,-0.2215228182443,0.0981508597265,-0.0673891549731,0.4489461619824,0.4633515189625,0.1073107017624,-0.0708745172144,0.5294888882842,0.3150917446681,0.4535132122027,0.1639705621292,-0.0886121960805,0.0226600890071,0.1544834367936,0.3491215891633,0.3749476554127,-0.1396209852900,0.2167198828634,-0.3472921997436,-0.2917011812021,-0.4339072897523,0.1030922198585,0.4419477008745,-0.1062261676175,-0.1341052408917,-0.3170129866707,0.0540041379733,-0.4922833179892,-0.1730042473160,0.4544361987015,0.4922884436064,0.0703584772658,-0.5140541168446,0.2903205143073,-0.4083122557990,-0.3595133412548,0.0903271248080,-0.1256967894429,0.4982072354361,0.5072865101922,0.2652719195111,0.0850903954956,0.1674904193726
0.4257661464024,0.1644927279307,0.4117454905149,0.6028775358511,0.7572052789789,1.0000000000000,0.6402547907046,0.0960699848780,-0.1156499057960,0.5735449110712,0.6714562966274,0.2739411780264,0.2753267035050,0.2217294167519,0.2007566784916,0.3520340029999,0.1788718745939,-0.0868393206637,0.3508311847722,-0.0936599435086,0.3628904448243,0.6756736313419,0.4726202111047,0.2525772990040,-0.1040635682313,-0.3537394974062,-0.2395022378840,-0.5005368040200,0.3662045030400,-0.2661150800864,0.3124001118363,-0.1230392369719,0.3342992987538,-0.0620410910573,0.0996004645537,0.2602896159098,0.5573579272859,-0.1963308082692,0.4459243706975,-0.2825255248219,0.4263858796137,0.2183383078440,-0.0454342016284,-0.4017274371542,-0.2226013626476,0.2067114269233,0.2617395285417,0.8296826891301,0.7594787367642,0.2478469872975,0.6883614562801,0.5064280213102,0.7701115346264,0.9308394177723,0.9048944673162,0.7801952637380,-0.1015294641330,-0.2602008220397,0.0408750502092,-0.0990674248317,0.5397155813669,0.5567090607791,0.0517222320937,0.0981152612243,0.5047756032782,0.4795320543913,0.4614254165438,0.1385333668644,-0.2143649890933,-0.1595547025080,0.1796311095153,0.2785503921528,0.4449335453987,-0.2114902423029,0.3709098802264,-0.5330906624127,-0.4964526120462,-0.5559389160518,0.2798053454052,0.4483777570947,-0.2186656979081,-0.1847924341730,-0.3937546213955,0.0637266900864,-0.6114869976759,-0.4604143611752,0.5755205454478,0.6076592779918,0.2240018824160,-0.5937655537766,0.5319600365270,-0.5662160849753,-0.5062421318502,0.0597482820237,0.0118998600348,0.7805337804306,0.6956843100748,0.1639865860945,-0.0788621754673,0.1904402872602
0.5338884916067,0.2608599705597,0.5801095516568,0.7947090544084,0.6594784374794,0.6402547907046,1.0000000000000,-0.0163370970293,-0.0869488425846,0.2523077749186,0.2529653121999,0.1582428000346,0.1866800805621,0.4182626001135,0.4556070314386,0.6411089431539,0.2144089089802,-0.0230747849112,0.2641604631772,0.0616923133543,0.2612965154565,0.1515678849013,0.1045884827691,0.2881968952012,-0.1541822251951,-0.0621469560076,0.0127756169560,-0.3887466346310,-0.0069241526344,-0.2282698204252,0.2610029903687,-0.0299091601070,0.1371037631970,-0.1304952781227,0.3139617498669,0.4211260142778,0.2573495489885,-0.0741063401375,0.3440841324408,-0.0438834483558,0.1709544137064,0.1368838741374,0.1855025933833,-0.1827504731391,-0.1961349682871,-0.0109282576350,0.0745745866401,0.4179397938841,0.3651840486955,0.2358835999587,0.5746089377520,0.3428237521124,0.7287106585554,0.6123621074552,0.5360378782248,0.7642944830953,0.0555527445049,-0.2327647752920,-0.0321953001575,-0.1524884010731,0.1595210462173,0.1434111673952,-0.0817785300340,-0.1198980448861,0.3867597483099,0.3489755180055,0.5550803803136,0.0450740627112,0.0416001213849,0.0212019777202,0.0464535680393,0.0641939847510,0.2269675526131,-0.1720372589416,0.0502838472474,-0.2303357934268,-0.1191447911350,-0.3616918371106,-0.0480385106722,0.2540864135254,-0.0751437766337,-0.1469854133035,-0.2403152164332,0.1417484480722,-0.3626213479322,-0.1719231068794,0.2907225831969,0.5636793842791,0.0618499138943,-0.2740173929649,0.3412206306056,-0.2002559673207,-0.2263690922155,-0.0662065932967,-0.1854352023269,0.3625082651789,0.2614459111062,0.0798568032674,-0.0262551397153,0.0952754919279
-0.1090670379072,0.0944554741172,-0.0289323215372,0.1072709040664,-0.0436079358906,0.0960699848780,-0.0163370970293,1.0000000000000,0.5553726571689,0.1467556369819,0.4061092851589,0.2269689008244,0.3945786952228,0.1125659631965,0.0548318846327,0.1822562920059,0.5051921737903,0.3796443616659,0.4438613428191,0.6308728015367,0.4930356272135,0.2676658873527,0.4825197100986,0.4808130674309,0.4994228269815,0.0954557339247,0.1935925418654,0.0341550212084,0.2231792016842,0.1405537421418,0.5200401176691,0.1138747899152,0.4225173571400,-0.0085022396060,0.3135276910842,0.2879477797735,0.2412869018205,0.2246961755059,0.0860050565838,-0.1356950673312,0.2611332601142,0.1482867334472,-0.0491096907362,0.0609600209501,0.2607855998164,0.2648846816995,0.1864431804359,0.1230815413348,0.1441395332936,0.1896956659265,-0.0447755566032,0.1325793290049,-0.0135601259708,0.0743736693116,0.0608201173056,0.1404680791808,0.1413011200078,0.2759315575333,0.3474489829362,0.3339923641334,0.0043455644379,0.1121336383554,-0.0610269474735,0.0294059286521,0.0021115831602,-0.2168501071438,-0.0821635166019,-0.0673734184255,-0.1161123935132,0.2469105205900,0.0239849609311,-0.0004826616541,0.4389685602311,0.3860359544320,0.0842068914874,-0.2700080322809,-0.0971744674653,-0.2100747119423,0.1414204986905,0.3372535243725,-0.3659231576718,-0.2006959494459,-0.1409824103107,-0.3212184671817,-0.2227712992368,-0.2671796147166,0.1793451669616,0.1831096874226,-0.2682008937325,-0.1462723695044,-0.0043533528003,-0.2974432626664,-0.2292140115024,-0.1419365784438,-0.1079851661524,0.0285716480754,0.1601379537674,-0.1101217965046,-0.2016780248412,-0.1376951406198
-0.0512037711206,-0.0916774765584,-0.0671148342800,-0.0790278390891,-0.1448536173671,-0.1156499057960,-0.0869488425846,0.5553726571689,1.0000000000000,0.1696703948825,0.1530699185349,0.3323200756060,0.2320313203898,0.0525592304731,0.0796864065138,0.2094402813543,0.2797962913320,0.3143099414473,0.4982501726663,0.5204064124121,0.1825446758027,-0.0231926731732,0.2656991482239,0.4962376035168,0.5078304052693,0.4117581992115,0.3868614962784,0.2346565327862,-0.1383003562478,0.0894864072528,0.1522173349084,0.3284315114908,0.1326933945698,0.1627203038706,0.1900372370053,0.2711001625904,0.0708692181574,0.2904947762242,0.0360410304233,0.2654389469649,0.0179046311358,0.1354592225266,0.1751426112560,0.3406872627755,0.2229925944648,0.0734079696858,0.0260305944803,-0.0503958271788,-0.1754340964162,0.1445940264189,-0.2183941031832,-0.1802463370667,-0.2731214234721,-0.1856315761799,-0.1811372093781,-0.1123628622096,0.0624781738208,0.3154468682430,0.3439968986677,0.7276380205207,-0.1969101653417,-0.0580136507223,-0.0674683585481,-0.1470802353661,-0.2673942608300,-0.2420384770883,-0.0305573318280,-0.1800907496012,0.3271604129431,0.2803211296936,-0.2028982272745,-0.1013994261957,0.3078247488753,0.4817503886307,-0.2483659162564,-0.0421049587967,0.2513954857484,0.0124613231476,-0.1741315759662,0.0033725484224,-0.2108165514964,-0.2749250918028,-0.0648472810188,-0.1048825009554,-0.0378193348778,-0.0897503443570,0.0306834254916,0.0406438306350,-0.2676689760560,0.1499082537318,-0.0437354727759,0.0204697979866,0.1146228831104,-0.2413634235448,-0.3770747602163,-0.0799979703772,-0.1701306744084,-0.1970723262400,-0.2076712799979,-0.2331444667977
0.2594708265807,0.1479341927769,0.1437328937662,0.3242014673335,0.3703540160938,0.5735449110712,0.2523077749186,0.1467556369819,0.1696703948825,1.0000000000000,0.6488037862135,0.7356565555497,0.4315507817172,0.3361131267698,0.3548511530502,0.2355492351368,0.4096411696436,0.0588469821593,0.3243942251568,0.0369218820573,0.4779225139041,0.7005106912865,0.6524870378578,0.4012680760779,-0.0195960991538,-0.0317196353042,0.0818347091165,-0.1539664579541,0.1949980915349,-0.1675750785692,0.2166621763154,0.2273446880530,0.4144844074350,0.1675397491542,0.0093869667336,0.1828487367335,0.3857595689029,-0.2452637269116,0.1194593250201,-0.0703841409894,0.2704349184628,0.2784232191758,-0.0871599954354,-0.2109103809474,-0.2920933294968,0.1746722957787,0.2678413276684,0.4759446228691,0.3789334942741,0.3985800984498,0.2601150306310,0.2056961999265,0.3464084950312,0.5039601683204,0.4859323981275,0.3111081513385,-0.1405865273980,-0.1661869187137,0.0827182468486,0.1863964646125,0.5283880119649,0.4672086189325,0.1671478959475,0.1005240127134,0.2046491796395,0.1560932598091,0.2200163487026,0.0629619365992,0.0337443663500,0.0348641460045,0.2834737422631,0.3764897139912,0.4517636318975,0.0823276464416,0.0842627342633,-0.3657332702934,-0.0778985994482,-0.4320744349024,0.0583282770129,0.3081435884930,-0.2838253639525,-0.1254527933958,-0.4746425300187,-0.0873221616114,-0.5243960739934,-0.3351953567953,0.3605146502595,0.2667779088600,-0.0950822752403,-0.4352394267194,0.1971626528287,-0.4074400728358,-0.2582055234770,-0.0970274698752,-0.1371582006474,0.4580072701945,0.3481855975554,0.1027499368504,-0.2648793465931,0.3308271836620
0.1993315075448,0.0284006246597,0.0789151341156,0.2960537200994,0.4758305655105,0.6714562966274,0.2529653121999,0.4061092851589,0.1530699185349,0.6488037862135,1.0000000000000,0.5872990899277,0.5027045030186,0.1561381436973,0.0707768866881,0.1456407716827,0.4875427151469,0.2699506290606,0.3610604993125,0.0886539872295,0.5092825345852,0.7500581954648,0.7418511200172,0.5552910488862,0.0436553310303,-0.1773940962976,0.0468171470696,-0.2962836517139,0.5111569387556,-0.1953092998425,0.4096082793880,0.0575836805343,0.4832761233879,0.0378279383677,0.1707107512611,0.1890466539320,0.6833413917453,-0.1750488202382,0.4173962252086,-0.2181992477773,0.4786027971867,0.2392467765085,-0.1548355907771,-0.3727975966783,-0.0861587865877,0.2795948684701,0.3666253868975,0.7285690047455,0.6988837723701,0.2262718582715,0.3981050947680,0.3040761968998,0.4746158490132,0.6344645452963,0.7066236467893,0.5081736909623,0.0050923324141,-0.0963797501230,0.2123360687405,0.1382456207444,0.5381852586982,0.7611469698721,0.1602399114725,0.1760974104329,0.3374286755342,0.2644004949736,0.1550784459205,0.2433501742615,-0.2898773220074,-0.0180465270420,0.2601730993372,0.4231279346561,0.7175121753283,0.0642941104664,0.3187513004399,-0.6151580729265,-0.3529328652406,-0.4792546405288,0.4226610918840,0.5805750317638,-0.3637004530418,-0.2635855512566,-0.3541916584861,-0.1509943556684,-0.6697576020463,-0.4114394727450,0.7087274925556,0.5184601234774,0.0641596793322,-0.6310517240419,0.4855705810883,-0.5969673587449,-0.5400060797867,0.1399054369724,-0.1028904193218,0.6977675031284,0.6991308452753,0.2369558377274,-0.0791643265043,0.1654966699467
0.2772415836807,-0.0311477671510,0.0726704538661,0.1369680726564,0.2541821624840,0.2739411780264,0.1582428000346,0.2269689008244,0.3323200756060,0.7356565555497,0.5872990899277,1.0000000000000,0.4851021134702,0.3449954007231,0.2733628376568,0.2150051457465,0.5918670357788,0.4791861308232,0.1872458403098,0.2174507733900,0.3921856531833,0.3420337226936,0.6161875944412,0.5817695916603,0.0580968709029,0.3722652996509,0.5288168683637,0.0439042777433,0.0799444928047,-0.1718881857175,0.2033280776273,0.5131197776584,0.4312536033211,0.2036362960817,0.1267868718965,0.1413459369044,0.3252309144467,-0.1281370426043,0.0929817076909,0.2090869178475,0.1255411183297,0.2224556772780,-0.0505408142962,0.0491000790592,-0.1218785645669,0.0564272672008,0.3158235416151,0.2609003761518,0.1443526305577,0.2538838463519,0.1450383544870,-0.1159114670748,0.1289685043049,0.2505867062169,0.2250642867419,0.0980270604967,0.0843349760553,-0.0900711057951,0.1562530720846,0.2693900988264,0.2232781721250,0.4857875219316,0.2838917539397,0.0166053968102,0.0756668331067,-0.0074843196637,0.0988246104805,0.2870991167994,0.0542194567021,0.2157543160696,0.2362461928701,0.4077118694703,0.4989906396431,0.2683332835229,-0.1453286279216,-0.1862035484805,0.3033534145851,-0.1425326562891,0.0315813238093,0.3353718836303,-0.2006111631457,-0.1151175421021,-0.3188206538743,-0.1886469660046,-0.3406334983117,-0.0743278058567,0.3280022238448,0.2039337891019,-0.2425073404117,-0.2513957509272,0.1111083442162,-0.1377181475990,-0.0510605162201,-0.0049640757782,-0.4169642389559,0.2814781865223,0.1660030251124,0.1093541944894,-0.1815017581171,0.1910497413368
0.0039967093369,0.0746122398701,-0.1264998365182,0.3428552864932,0.0817718335928,0.2753267035050,0.1866800805621,0.3945786952228,0.2320313203898,0.4315507817172,0.5027045030186,0.4851021134702,1.0000000000000,0.1273952539243,0.2440088650008,0.1369563099592,0.5551871379540,0.1501798260753,0.2190945790057,0.1939985585136,0.5105807525752,0.3554887362047,0.4503990275607,0.3187044541662,0.1093978967448,0.0371702655595,0.1813323756868,0.0397999215119,0.1974506886389,0.0102005546509,0.2791026769281,0.1609614565294,0.4612362962406,0.2212416009108,0.0663966177056,0.0761437094037,0.3782122953920,0.0597328380617,0.2771881749007,0.0809092274065,0.3074054235882,0.3455268698039,0.0841866430164,0.0685814737668,0.0955116234235,0.2493981124749,0.3666860347178,0.3149956786427,0.2302056611640,0.4697448594928,0.0216696908371,0.0032997424589,0.1637637509886,0.1809221477132,0.2510935685225,0.2529039937205,0.1968926625666,-0.1893265826314,-0.0674007287054,0.0390139966465,0.0849951728983,0.2344839213194,0.2284903912194,0.5628666049544,-0.0400390004162,0.0667127492619,-0.0136337130108,0.1812090661086,-0.1613367588747,-0.0915319039839,0.0394122023494,0.1032329748393,0.3522466011678,0.0092283125962,-0.0313405135039,-0.1872028451258,-0.0443591883722,-0.2773071556685,0.0449347172928,0.1220664162620,-0.1360016127784,-0.1092606982528,-0.1260324301413,-0.1900543157643,-0.2448193086368,-0.2455429487211,0.3040704286895,0.2469529563555,0.0112199417758,-0.1854545867551,0.2615372237149,-0.1779706953776,-0.0927027859327,-0.0781078448648,-0.0223089601514,0.2735694038334,0.1816574904510,0.0755758106186,-0.0601418645983,0.0668737051752
0.6246564645344,0.5610075276090,0.4969619604677,0.4312523950491,0.3571330107353,0.2217294167519,0.4182626001135,0.1125659631965,0.0525592304731,0.3361131267698,0.1561381436973,0.3449954007231,0.1273952539243,1.0000000000000,0.6432107289171,0.4005346673809,0.4455355403249,0.2016471303294,0.0165731629539,0.2297768500798,0.4194463193846,0.1455903330166,0.2760090926372,0.2925833081885,-0.0788110755177,0.1065333832068,0.1163799559879,0.1102019999813,0.1317917650146,0.3166065557743,0.2308085847005,0.1740709143962,0.2514168150961,0.0936324932749,0.3546697966138,0.2264225947149,0.0179046614640,-0.1415369909568,-0.0779128700847,0.0860662135610,0.2872320777930,0.3197629927315,-0.0263310391119,-0.0401347427097,-0.1873424059597,0.0316481846162,0.2410330057522,0.0538765529089,0.2090068626361,0.3511649111324,0.3535789577012,0.3039185915898,0.2976111705034,0.2818488002321,0.1347175095493,0.2427665353548,-0.1321221477215,-0.0501184962646,-0.0564374449649,-0.0266507090269,0.0429896596154,-0.0027847167913,-0.1134351452927,-0.3412532183219,0.4242820218931,-0.0739659850845,0.1090458737045,-0.1798321992579,-0.0183879018196,0.1824821614609,0.0942423821776,0.0660862754389,0.1087933341404,0.0819028788774,-0.2050067123281,-0.1074269944534,0.0625287701030,-0.1624039152467,-0.0133938352723,0.1859196760535,-0.1891793782581,-0.1415577525259,-0.0721721514540,-0.2897863122847,-0.2966443816785,-0.0608668914950,-0.0160896069052,0.2195562624162,-0.4584581758537,-0.1829734790039,-0.1019872366422,-0.0961367264374,-0.1049404690184,-0.1524483739312,-0.2110218959983,-0.0202839583313,0.1056428966428,0.0415955257165,-0.1085159907832,0.0788538037012
0.3417205443104,0.5731873679517,0.2867321193397,0.5900261209176,0.1739549442678,0.2007566784916,0.4556070314386,0.0548318846327,0.0796864065138,0.3548511530502,0.0707768866881,0.2733628376568,0.2440088650008,0.6432107289171,1.0000000000000,0.4981526620151,0.3028186367302,-0.0742353161032,0.1330625176262,0.2209488368704,0.4015424705155,-0.0193864281590,0.1148807435193,0.1674704296880,-0.1518734206219,0.1390403460060,0.0457983769850,0.2136433492477,-0.0947384177981,0.1628633378192,0.1644147496256,0.0830473349080,0.2192190037087,0.1843850085678,0.1815778861240,0.1626987122062,-0.0545785135681,-0.0394823266306,0.0604914628680,0.2795918259298,0.3191262251532,0.5200161875410,0.3972872962573,0.1139586320453,-0.1691789670392,-0.0124782016491,0.1188789733134,0.0909893855489,0.0051229647916,0.7309122963691,0.0539362875165,0.1793623734373,0.1938363762997,0.1245125203124,0.0046337749341,0.2262597778700,-0.3253341055484,-0.1986563192167,-0.3491926993361,-0.1340994351912,-0.1928054372080,-0.2061868325510,-0.1810160480684,-0.2309081224067,0.0478472896532,0.2295523057447,0.1427704050364,-0.2737688012875,0.1425430703400,-0.0096824612703,-0.1009048649502,-0.2950158210492,-0.1213990102255,-0.1794565734778,-0.2803685048704,-0.0759832290866,0.1022414592490,-0.2543979648691,-0.2755043113131,-0.1615439297378,-0.1611465633810,-0.2396802696421,-0.0903574909270,0.0035416516378,-0.2086468540132,-0.2141329882431,-0.1034477033651,0.1386899470073,-0.1015939514730,0.0079322034411,0.0506047180605,0.0472701280893,0.0666482545084,-0.3234845628603,-0.2029708676828,0.0051159742968,-0.1447906767328,-0.0785820685666,-0.1471449694055,0.0076935504664
0.2725575081919,0.0908533083522,0.3872657666092,0.6678857268975,0.3842851152501,0.3520340029999,0.6411089431539,0.1822562920059,0.2094402813543,0.2355492351368,0.1456407716827,0.2150051457465,0.1369563099592,0.4005346673809,0.4981526620151,1.0000000000000,0.4102946055566,0.1380920208750,0.6128135379023,0.5599938332441,0.5315608879360,0.0340602639623,0.2434535870725,0.5015644807208,0.1650648360343,0.1665559653757,0.2699990912417,-0.2650322341601,-0.2364659129548,-0.2798594240892,0.5226078636931,0.2735740066931,0.4211120800622,0.0843776466217,0.3452704431996,0.7839476049939,0.1611523236207,0.0928227781465,0.0835989262284,-0.0470276709015,0.1564004580357,0.3065788128284,0.4635944601773,-0.0397966017216,-0.1808367088049,0.1353813432810,0.1814803612954,0.1261718936147,0.1028816828821,0.3626109203457,0.2396796483794,0.0482734161808,0.4060794414013,0.3353954545715,0.1731813545541,0.4922625279120,-0.1137823043461,-0.1600382524084,-0.0543887625228,0.0246017934914,-0.1023015945513,-0.0823231199126,-0.2217238769309,-0.3043682070988,0.0486346070359,0.1701191980579,0.7314286126945,-0.0400421349826,0.4455013962660,0.3604860636855,0.0119069913268,-0.1258789142644,0.2468061014918,0.0119709442457,0.0767702158935,-0.1067046626080,0.1359174860452,-0.3854705136796,-0.3006393826850,0.3012944054474,-0.0914865516366,-0.1374293078526,-0.3437413015205,0.2885980862778,-0.3095821078591,-0.1524938853346,0.1262227353182,0.4380627637672,-0.0731231770815,-0.1441357080283,0.0467374678923,-0.2220085563528,-0.0601930434152,-0.1713747144493,-0.2522564400889,0.0441420420840,0.0135486064796,0.0033726130293,-0.2248501187364,0.0087998648205
0.1416514153313,0.0415517976887,0.0658625921462,0.2406528486770,0.1810110980863,0.1788718745939,0.2144089089802,0.5051921737903,0.2797962913320,0.4096411696436,0.4875427151469,0.5918670357788,0.5551871379540,0.4455355403249,0.3028186367302,0.4102946055566,1.0000000000000,0.6504355729135,0.2656730064214,0.5718831701381,0.7439497693217,0.2662793646079,0.5747977911194,0.6286323663789,0.1490177897802,0.3122239697498,0.4996852869711,0.0253330009168,0.0968807038426,-0.0929678472402,0.6247648013863,0.4527706298132,0.6854635009314,0.2360502533399,0.3894977478753,0.3776694048943,0.3476034478860,0.0955077816676,0.1325429763473,0.0746563327401,0.1614814716022,0.2442050268535,0.0770191276707,0.0533695966582,-0.0011207816199,0.1678527284144,0.3497480382678,0.1659567738177,0.1581364276962,0.3063444906426,0.0471020572987,-0.0492418451099,0.1188827076907,0.1723629050237,0.1488754911557,0.1473458311350,0.0926102968712,-0.0532984404322,0.0976916405780,0.1037174212352,0.0707930810780,0.2729196985639,0.0273311113702,-0.0798918157711,0.0712102953892,-0.1347413405748,0.1262250051220,0.1821065711128,-0.0395484663195,0.3787938869408,0.2537887639776,0.2104745358755,0.4622989627728,0.2374991291763,-0.0245313383356,-0.1325151974657,0.1747000527728,-0.2305876947697,0.0236120316571,0.5059516697953,-0.1779300785215,-0.0733516481883,-0.2302582606557,-0.2218811667598,-0.3193130462400,-0.0922468270591,0.2870692723109,0.3351791685854,-0.3551999420914,-0.1698459660512,0.0681981054510,-0.2029525724912,-0.1044500688246,-0.0279300581864,-0.2500353369179,0.0975689985155,0.1360375028536,0.0850667553663,-0.1935037714947,-0.0323503881352
0.1565974865839,-0.2267663672865,0.0542358803395,-0.1309577267722,0.0914517140137,-0.0868393206637,-0.0230747849112,0.3796443616659,0.3143099414473,0.0588469821593,0.2699506290606,0.4791861308232,0.1501798260753,0.2016471303294,-0.0742353161032,0.1380920208750,0.6504355729135,1.0000000000000,-0.0156111819941,0.4704118241076,0.2648089650649,-0.0782278645193,0.3095412795679,0.5762007973830,0.1939017918218,0.5044906253627,0.5997778880529,0.0599646553642,0.0276907727953,-0.0746454556706,0.4432232532603,0.5279040678093,0.4194489636578,0.0343615954996,0.3687316884228,0.1460431581954,0.2039175321529,0.1672849875655,0.0327746720328,0.1416332225351,-0.0911208091911,0.0143880144825,-0.0985933663895,0.1310830211382,0.2007057647776,-0.1120404180253,0.2321984651625,-0.0427947201523,-0.0540468492965,-0.0933732617875,0.0110336254090,-0.2100846990335,-0.0539105262940,-0.0203055803215,-0.0420049184897,-0.0538940435362,0.3410791491826,0.1728331884342,0.3321378027100,0.2748408626071,-0.0672142808765,0.2979017399884,0.1106692352846,-0.2134593205039,0.0511011735150,-0.2856844437978,-0.0555577355199,0.3558062351957,-0.1342278701235,0.4559772306011,0.0931452605568,0.2268366378594,0.4339996249786,0.4077619293644,-0.0771900669168,0.0625409863240,0.3398363666153,0.1369638271155,0.1084518801146,0.4836650317244,-0.0105036460318,0.0341485373089,-0.0508638873279,-0.2804643434243,0.0006623408412,0.2094434129596,0.2253624231753,0.1647636808217,-0.4096842379006,0.0262463288811,-0.0442665859620,0.0394312000146,0.0436528198382,0.1289861628517,-0.3634377424858,-0.0197228572169,0.0132789448955,0.0421187635126,-0.0181912397926,-0.0945834269165
-0.0803093018658,-0.0422765984602,0.0726287023741,0.4311102403741,0.1529746060439,0.3508311847722,0.2641604631772,0.4438613428191,0.4982501726663,0.3243942251568,0.3610604993125,0.1872458403098,0.2190945790057,0.0165731629539,0.1330625176262,0.6128135379023,0.2656730064214,-0.0156111819941,1.0000000000000,0.4225647712257,0.4623522412155,0.3475638692559,0.4175782973242,0.4593095127033,0.3872807126816,-0.0641624227402,0.0447494430172,-0.2651172263885,-0.0533990149356,-0.2816191554999,0.3861648183843,0.0280521563867,0.3203754122239,0.0474339703815,0.1285192726184,0.6948774528024,0.2833672438849,-0.0267492587853,0.0988434716709,-0.2403586400863,0.2429424212775,0.1930315627526,0.1945688047901,-0.1415110408678,-0.1584258785810,0.3175596275926,0.1152502541582,0.2497295589491,0.2021543183436,0.2250399183774,0.0959541004097,0.1158860532062,0.2433055252618,0.3087545195881,0.2280224559315,0.4256507832828,-0.2242450273803,-0.0362534781604,0.1304487351933,0.3366750158497,0.0831773886042,0.0825881020427,-0.1279909345197,-0.0326810608069,-0.0199043020597,0.1443891663617,0.5927745439280,-0.0363782655950,0.4367304712144,0.2444803203649,0.1229846215133,-0.0448036393016,0.4187182680615,0.1658696261580,0.2712878216627,-0.2536483928642,-0.1018176666361,-0.4269322323647,-0.1053104005560,0.3410638952475,-0.2433371538712,-0.1999309269323,-0.4130332743843,0.2399670063367,-0.4651291802063,-0.3054592655836,0.2502250324649,0.3581756569951,0.0152416676757,-0.2726414747942,0.1294204525882,-0.3817944230591,-0.1810630971173,-0.1635739289962,-0.0633708681502,0.1862652181717,0.1912637718936,-0.0701606917936,-0.3822625591187,-0.0813623869735
-0.0777913005380,-0.0729552547918,0.0147739775932,0.1285560513138,-0.0334157703397,-0.0936599435086,0.0616923133543,0.6308728015367,0.5204064124121,0.0369218820573,0.0886539872295,0.2174507733900,0.1939985585136,0.2297768500798,0.2209488368704,0.5599938332441,0.5718831701381,0.4704118241076,0.4225647712257,1.0000000000000,0.5449985445012,-0.0800458476544,0.3301428234618,0.5290327120710,0.6013832396726,0.3781259277031,0.5302852681539,0.0884178097991,-0.1800586384109,-0.0143919398233,0.6013872262216,0.4419900467552,0.5489001112878,0.2221763604570,0.3241763670880,0.5379371015540,0.0343164727749,0.3921396599437,-0.1073327364625,0.0659117919767,0.0862112132624,0.2158379264777,0.2672436748422,0.2517484714628,0.1735028330852,0.2324903165578,0.2063728800182,-0.1619347435617,-0.1356279473020,0.2584765873716,-0.1531388563396,-0.2098060558994,-0.1260684235939,-0.1027953177995,-0.1992702536231,-0.0020461728891,0.0683386576793,0.2217877841237,0.1636493275895,0.2811338010547,-0.2687769456517,-0.1193552820174,-0.2077408405916,-0.2654736159532,-0.2050568518974,-0.2938063839254,0.1870418691995,-0.0547940706327,0.2527129685418,0.5892929458022,-0.0508010763537,-0.1474776348652,0.2488456780505,0.4101635039413,-0.0501832518756,-0.0192054123657,0.2627551427883,-0.0962100988603,-0.2439213555545,0.2844361378562,-0.1873530759565,-0.1120387441468,-0.1975611437023,-0.0853205219117,-0.0565778390899,-0.0418064521036,-0.0575483748884,0.0971085708188,-0.3586391036271,0.1029929035972,-0.2438799375782,-0.0859413322782,0.0497875571240,-0.1548450366711,-0.2986793223225,-0.2540807648127,-0.1523330625076,-0.1017241340739,-0.2383977453699,-0.1938192670451
0.1343829781369,0.1951296775190,0.0892673111212,0.4370483179089,0.2435453403967,0.3628904448243,0.2612965154565,0.4930356272135,0.1825446758027,0.4779225139041,0.5092825345852,0.3921856531833,0.5105807525752,0.4194463193846,0.4015424705155,0.5315608879360,0.7439497693217,0.2648089650649,0.4623522412155,0.5449985445012,1.0000000000000,0.4730720829721,0.6566885313759,0.5100917787028,0.1701169393489,0.1017666850087,0.2181475960429,-0.1290786682318,0.1604813212226,0.0050398339283,0.7324921223948,0.3566786420208,0.7382212621919,0.2996858514019,0.3744938532339,0.4898279793255,0.4372742926619,0.1844882196204,0.1749431468512,-0.1408255173681,0.3709710481822,0.4094993246235,0.2392336560672,-0.0682428837247,0.0956978394054,0.4015717598809,0.4886058606837,0.2984788530428,0.3424185116287,0.5115684542260,0.1638547004339,0.1870740989747,0.2438864402734,0.3426888480653,0.2728327314038,0.3392829875840,-0.1584326441366,-0.1809130335314,-0.0174848650710,-0.0355039665278,0.1675077515552,0.1942882760643,-0.1022445793322,-0.0662083995952,0.1326043194027,-0.0412799252979,0.2144873717274,-0.0908605122731,-0.0668963704695,0.1707470951591,0.1547431311619,0.1191993202928,0.4253000324384,0.0196678874121,0.1736318926873,-0.3302978596953,-0.1588585582135,-0.4891826552861,0.0823916684975,0.4753589201731,-0.2898271850311,-0.2246423291376,-0.2826547000420,-0.1687942256116,-0.4768882833751,-0.2753505170370,0.3286863308926,0.4026273073225,-0.2040842459600,-0.4114835568407,0.0783587601340,-0.4890013309375,-0.3102555434300,-0.0962190552590,-0.0933176062916,0.1630574041012,0.3008706448670,0.1284868279969,-0.2373539796732,0.0610082506916
0.1493336588591,0.1391589921266,0.0616496988895,0.2614129184854,0.4153931203047,0.6756736313419,0.1515678849013,0.2676658873527,-0.0231926731732,0.7005106912865,0.7500581954648,0.3420337226936,0.3554887362047,0.1455903330166,-0.0193864281590,0.0340602639623,0.2662793646079,-0.0782278645193,0.3475638692559,-0.0800458476544,0.4730720829721,1.0000000000000,0.7206908439856,0.2690478493592,0.0400227445427,-0.4260325212736,-0.2758992706143,-0.3475293377523,0.5292563390405,-0.0708677636684,0.2974278037793,-0.1226436701367,0.3914321553361,0.0131441584308,0.0215016589261,0.1672811211632,0.5201460404679,-0.2680764510890,0.2001033418839,-0.4556853190217,0.4489985560893,0.1164342228982,-0.3175832378944,-0.4852174992527,-0.2166889638194,0.3999739836141,0.3349278119945,0.6119531198039,0.7116196141084,0.1460620310173,0.4230092524512,0.4828485122232,0.4646022151860,0.6414622055342,0.7055703601882,0.4607405457901,-0.1029715873607,-0.1104732554442,0.1765246692520,0.0667206340117,0.7227847842900,0.5640150085122,0.1642283354741,0.2536315686825,0.3981791903225,0.1598086908267,0.1747731366997,0.0738106801540,-0.2698153456231,-0.0690094013776,0.3676815465325,0.4995905521720,0.5544489621656,0.0452503157898,0.4384570425738,-0.5330084101516,-0.5198479946912,-0.5475519892918,0.3879692373980,0.5039871367172,-0.2854873169802,-0.0823561948350,-0.4125006587818,-0.1638922604694,-0.6275334184806,-0.4068105817848,0.5160000144425,0.3836911147143,0.0269617068362,-0.6526538491861,0.2887284434125,-0.6817898111839,-0.5582008016406,0.0924693707552,0.2166700811362,0.5622896746710,0.6891101624724,0.2055940067863,-0.2116752169266,0.2710745258194
0.1346601648593,0.0790965698804,0.0288711223760,0.2583862403858,0.3251066988323,0.4726202111047,0.1045884827691,0.4825197100986,0.2656991482239,0.6524870378578,0.7418511200172,0.6161875944412,0.4503990275607,0.2760090926372,0.1148807435193,0.2434535870725,0.5747977911194,0.3095412795679,0.4175782973242,0.3301428234618,0.6566885313759,0.7206908439856,1.0000000000000,0.5575943236804,0.2435745702614,0.0466499531536,0.2022890719222,-0.2035047510961,0.3217628326740,-0.0826921071423,0.4913417920745,0.3417521480323,0.6659448089830,0.2220938628783,0.1487632667324,0.3010496938427,0.4332197914136,-0.0844735601906,0.0679699275957,-0.2464732187889,0.4007348009096,0.3025091304240,-0.1851299032363,-0.2133603274119,-0.0721881411388,0.5042850261555,0.4571611661690,0.4092567418844,0.4368939908165,0.2941234604920,0.2408995736474,0.1982300630123,0.2803968113948,0.4552933676113,0.4279209832883,0.3241582012204,0.0012505013408,0.0261829505963,0.2317562406535,0.2108228435784,0.3530371007823,0.4764642948494,0.0752692352875,0.0633260914726,0.2157295117063,-0.0699565252250,0.1504567238112,0.1212480469346,-0.1193043629391,0.2122418087992,0.3080546734707,0.3538121219558,0.6437231782329,0.2826707238966,0.2615028319694,-0.3792398984533,-0.1599031570495,-0.4973951966889,0.2008114233920,0.5421772974384,-0.4243066133783,-0.1582184693099,-0.5035037822174,-0.2774310501582,-0.5480197405403,-0.3494294648961,0.4137141951880,0.2811118059788,-0.2209114294562,-0.5065304321328,0.0669444636881,-0.5951996601878,-0.3768785068251,-0.0468019465734,-0.0740292713188,0.3166478121149,0.4409174219948,0.0214183294151,-0.3602174471788,0.1163388071181
0.1852574997338,-0.1254726058239,0.0591291067874,0.2295547397101,0.3138645026336,0.2525772990040,0.2881968952012,0.4808130674309,0.4962376035168,0.4012680760779,0.5552910488862,0.5817695916603,0.3187044541662,0.2925833081885,0.1674704296880,0.5015644807208,0.6286323663789,0.5762007973830,0.4593095127033,0.5290327120710,0.5100917787028,0.2690478493592,0.5575943236804,1.0000000000000,0.2599212234215,0.3144513537078,0.4415058565908,-0.1316202318992,0.0634831507924,-0.2316666807375,0.4462018420248,0.3638412091936,0.3885095259510,0.0907150380954,0.4199412654958,0.5526321391426,0.4697622955483,-0.0261386294051,0.2086110803326,-0.0042046591186,0.2133229208865,0.1523756974270,0.0422383926635,-0.0843613030175,-0.0784945872299,0.0964352435056,0.2471827998583,0.2454956851079,0.2326720615750,0.1344748510171,0.1727484337636,-0.0826786539879,0.2176543826325,0.2276794708696,0.2475419053096,0.2758179943102,0.2082161959283,0.1187972170431,0.3814579834317,0.4311976345865,0.1923845204983,0.4056328149113,0.0937824607999,-0.1779797225220,0.0888479096068,-0.0133981551677,0.2915368392915,0.2249666044323,0.1809817127613,0.5138182195793,0.2360379759180,0.3162986280349,0.7932740060224,0.4631712610176,0.0003950986397,-0.2207588225751,0.1746729428212,-0.2234746339457,0.0668987473348,0.5647491337303,-0.2621114546797,-0.1483977854849,-0.3281582703749,-0.1138786991007,-0.4160600087190,-0.0487855572166,0.5133151257379,0.4902787723040,-0.2685228663876,-0.2661344121920,0.1645233600941,-0.2649462141036,-0.1834919960856,0.0230682533839,-0.3297279260993,0.2262021444076,0.2163525001154,0.1490220116886,-0.1241685067584,0.1118873297486
