1.0000000000000,0.7609657108700,0.7518291791368,0.5659686437596,0.3786679564240,0.0017049025011,-0.0265697989812,-0.1690118292247,-0.3127933905967,0.1385657089185,-0.2062207720086,-0.2007892802706,-0.2030953564050,0.6306363169692,0.1226057902900,0.4633743892691,0.0250697220259,0.1266048829796,-0.0516352054348,0.0573328852819,0.0393507349640,-0.0593753582549,-0.1209694419963,-0.0903050851223,-0.1514197058020,-0.1240817775473,-0.0680081510125,0.1360996641234,0.1654349608910,0.3456957874815,0.2481974411528,0.3816624598653,0.2430302723743,0.0098677745228,0.1299953209402,0.2552972834240,0.0442656791998,-0.0361202914676,-0.0241369245548,-0.0856360897347,0.2356701621763,0.2456747834813,0.0515368627378,-0.0964921621066,0.0345442615377,0.0435565219532,0.2148437065715,-0.0359678021914,0.2770551177598,0.3690713638027,0.5490221973728,0.6971922747476,0.5312851429180,0.1415134767604,-0.0755539723098,-0.0074762573977,-0.2188124987363,-0.3012127006927,-0.2030457906371,-0.3718670276294,-0.0027804887690,-0.2232517466630,-0.3105272388586,-0.2446074510302,0.3426831665256,0.1856252901539,0.3241823960387,-0.2109292914054,-0.0372105498520,-0.0670586866008,-0.2919141454445,-0.1268238741324,-0.1894468621307,-0.2066306507467,0.0533238484475,-0.0521799683164,-0.0307237395739,0.1421189182976,0.0271821026289,0.1334243909510,0.2981085101013,0.1430132112900,0.2914508303585,-0.1849288012652,0.0777933736933,0.1208750170660,0.0626922325090,0.2236441952145,0.0141884826057,-0.1202729136104,-0.0122221425181,-0.1177392942963,-0.1151597573429,0.1328354901998,-0.0335844397850,0.1307579334094,0.3631834596987,0.1074177949851,0.2748842476386,0.1827914887304
0.7609657108700,1.0000000000000,0.6199054843855,0.4259849634772,0.0783777536550,-0.1319081760907,-0.0997361003651,-0.0735413489621,-0.2849836468964,0.1006379693908,-0.3151058033888,-0.1367344678023,-0.1804104516146,0.6051196413764,0.1340773324591,0.4644944843813,0.0688932941198,0.1289754699604,0.0854006024682,0.1281832434894,0.0701869483613,-0.0562248497886,-0.2101391055191,-0.2401276532938,0.0305562762694,-0.0976246747776,-0.1159168475214,0.0670498765267,0.2265649729259,0.3540573123158,0.2379190788640,0.3710482496964,0.2447736317497,-0.0095006484323,-0.0011881523285,0.2735649724059,-0.0433324286918,-0.0078390331161,-0.0576483470236,-0.0751039374650,0.3271596435797,0.2352290831763,0.1212728180814,0.1457641073100,0.0821621120751,0.0586812369954,0.2742425281472,-0.1576412366000,0.1482869285176,0.3658020920574,0.3441051678625,0.7414435284325,0.3605579299285,0.0783617094078,-0.1745101644420,-0.0485827616317,-0.2076181699098,-0.2145987861703,-0.0617113933892,-0.2959630541668,0.0176075814514,-0.2837927556585,-0.1962273981375,-0.2516836004693,0.3785865881322,0.0810699456375,0.3808525339155,-0.1828545457023,0.1342226972139,0.0520531064690,-0.2050801068524,-0.1431452092274,-0.2812374336028,-0.1143577242367,0.0613057864487,0.0702785154709,0.0207511160416,0.0936709701236,0.1441500310612,0.1675723233748,0.2863260146348,0.1462022291944,0.3160250570525,-0.0751780650903,0.2049450403791,0.1893940825538,-0.0799752364800,0.2155450728624,-0.0078189901171,-0.0351552402468,-0.0710332403255,-0.0961021997385,0.1140939670348,0.0954037869038,-0.0053766541875,-0.0416195780171,0.2567896747684,0.1972639496543,0.2265897089254,0.0765028183998
0.7518291791368,0.6199054843855,1.0000000000000,0.6870041957613,0.5860255947032,0.3757614828900,0.4053946151487,0.0944367809476,-0.0159381397796,0.2225233375184,-0.0276933581919,0.0726893802000,0.0211444706201,0.3125591608126,0.1238144988993,0.2699990080979,0.1186754999397,0.1599265467850,0.2030782573435,0.1155786531011,0.1247072247846,0.0477073146266,-0.1372862357797,0.0015311243893,0.0658897208776,-0.1082009293378,-0.0603965750244,0.1393441829618,0.1809912629091,0.1673373826694,0.1060171309613,0.2506678174726,0.1040233077124,-0.0097297914258,0.3476726044625,0.3892925523497,0.0551192629557,-0.0375109832361,0.0361525204956,0.0445659152816,0.2643699641283,0.1259760906603,-0.0809211287742,0.0791171450853,-0.0223433647102,0.1574347961888,0.3371640729289,0.2105078830084,0.2165857749612,0.2399766517433,0.6843402364589,0.6900141458703,0.3977896704368,0.6003021715371,0.2630017829881,0.3799320460050,-0.0624939296183,-0.0294924876862,0.1067678703223,-0.0599144866497,0.1623675016756,-0.0152363362100,-0.0561647446060,-0.0675133551946,0.2512140496059,0.0466476917667,0.2016312943295,-0.0157429393995,0.2310817091102,0.0365916885522,-0.0246781490155,-0.1333622037176,0.0056112933767,-0.0367991362766,-0.0874359284796,-0.2103214767940,0.0039223710444,0.2337062444762,0.0356555976657,0.1232009392199,0.1272201297465,0.0468989487560,0.0639492230634,-0.3058324703189,-0.0511129189651,0.0564041324992,0.0365818169752,0.3969797449548,-0.1499924457745,-0.1456542764964,0.0152966247797,0.0715377001978,-0.0334092840349,0.2294242839992,0.0224380796875,0.2965338785088,0.1303968037540,0.0979641393129,0.1270714930924,0.0423853807736
0.5659686437596,0.4259849634772,0.6870041957613,1.0000000000000,0.6070235312805,0.3483947439051,0.5594236553772,-0.0260265927241,0.0072983650829,-0.0126280676411,-0.1419185519921,-0.0549441774970,0.0944791523511,0.3668698447261,0.3942545834976,0.3808491629869,0.1836996853549,0.1669176975955,0.2952006983811,0.1647674382792,0.1704891374455,-0.0961041123972,-0.1415907307961,0.1233287617409,-0.1176268963418,0.0315778092987,-0.1320440623160,0.0306705258488,0.1064175854094,0.1820377954407,0.1549175719224,0.2068990497994,0.1069833084848,0.0989554353926,0.5980711262033,0.6110228695927,-0.0997766405728,0.1146285288127,0.0569424536126,-0.0918788735716,0.1129482558577,0.0312862206478,-0.0077464115959,-0.0335218025732,-0.0759069659169,-0.0458830488923,0.1487765570841,0.2602411911500,0.3406265806100,0.1992970194741,0.6399701934435,0.5170130233144,0.6420119780161,0.5071178277657,0.2942413238033,0.6327181990394,-0.1912552747681,-0.1282538901848,0.1058855312743,-0.0327990150899,-0.0659985637050,-0.0386815908692,-0.1604050527379,0.0589827902852,0.4709944122922,0.2026802196753,0.3664519389869,0.0814329991170,0.4000408138796,0.1295764855921,-0.0375231452003,-0.1682004279474,-0.0025683111000,-0.1378321988359,-0.1199007058999,-0.0411037663333,-0.1638081448116,0.0985961690249,-0.0331881788443,0.1591607042997,0.1458848983346,0.0288473131249,0.0412163225233,-0.2473254652473,-0.0900159939579,0.0025234565172,-0.0579849286772,0.5974925272152,-0.0769376891623,-0.0027674813310,0.0658629974989,-0.0903849677552,-0.0996387520585,-0.0526991565034,-0.2184403775852,0.3448865548089,0.2061452748830,0.0098105274871,-0.0001124072345,0.0744381656781
0.3786679564240,0.0783777536550,0.5860255947032,0.6070235312805,1.0000000000000,0.7909122922989,0.6840306885131,0.0724216951178,0.2145891374447,0.0407991006289,0.1742822534128,0.1036195141672,0.2325754980147,0.0325063419563,0.0934355780552,-0.0580178773814,0.0434434111640,-0.0480904879791,0.0836092228393,-0.0913706607381,0.0159462779725,0.0576332043001,-0.0303066835108,0.1820820718684,-0.0595626488939,0.0742160032320,-0.0487496529311,0.0692429531598,-0.0061641400947,0.0404031138680,-0.0396386172325,0.0653643612864,-0.0986485594497,0.1422918867218,0.4965006189985,0.2140931434093,0.0552313533784,0.0281054907119,0.0992645665301,0.0005907660602,-0.0491079842209,-0.0950341192006,-0.1703331658879,-0.0944479201313,-0.1461725740947,0.0684830787596,0.1059974921160,0.4557574620728,0.2872396152045,-0.0438230106882,0.7973403639332,0.2482323751978,0.2956617562778,0.7192759661426,0.6906580783666,0.6561564233642,0.0480083427543,0.1370749188110,0.1371850856623,0.1877865409667,-0.0029017988971,0.2175404656971,0.0604792817981,0.2057981246704,0.1485957063101,-0.0604378491143,-0.0142809129446,0.0411644089079,0.1651117681231,-0.1044729992826,-0.0219005898647,-0.0675361777410,0.1950897006009,-0.0989547383784,-0.2570564068037,-0.1387460522025,-0.1643036485747,0.0456466180781,-0.1499659341900,-0.0860707163075,-0.1242337260624,-0.1938544700290,-0.1652583853041,-0.2429869525636,-0.3106681490433,-0.0414351356000,0.0486846799804,0.3940344224169,-0.2355792394682,-0.1379578032396,0.0507531881216,-0.0542868194361,-0.2217080948640,0.0116842306776,-0.1234071297503,0.4884342118341,0.0467027408147,-0.1513852477211,-0.1592699077099,-0.0878189119856
0.0017049025011,-0.1319081760907,0.3757614828900,0.3483947439051,0.7909122922989,1.0000000000000,0.7932370855472,0.2632861864305,0.4360682556793,0.0999431947908,0.3334711147880,0.3287789601728,0.4563703694484,-0.2133223299249,0.0245874347190,-0.2641243693279,0.1268385196504,-0.0909373179133,0.1047602739647,-0.0825652607927,0.0121330601556,0.1414492680990,-0.0225444491276,0.2446179543241,0.1030058460006,0.0357365605451,-0.0595819047918,0.0493247057442,-0.0708374138652,-0.1623185135157,-0.1608562221271,-0.0494528606316,-0.1716685182791,0.0396205967091,0.4553075028052,0.1195341169847,0.1037547987503,0.0694836709253,0.1770924252490,0.0930660987953,-0.0715189392339,-0.1884692069786,-0.1969885911022,-0.0130839241451,-0.1590251496431,0.0810174291165,0.1230635715838,0.6447057097611,0.1261226581266,-0.1024469115076,0.5695113064510,0.0195258154368,-0.0155494419101,0.8163874340141,0.9057568423753,0.7210367740409,0.2444047055162,0.3745783216140,0.2999591524040,0.4345121669451,0.1216467179721,0.4086151207188,0.2975992728316,0.4003177218944,-0.0457928257133,-0.1022801166580,-0.1596820212840,0.1848400832488,0.2010423577136,-0.0465829722605,0.1823985552296,-0.0573831566427,0.3783749392298,0.0443542366320,-0.3493653924955,-0.2232488213843,-0.1349588603475,0.0533892561774,-0.1678344390788,-0.1442272998660,-0.2285998361126,-0.2110268335207,-0.3125108573523,-0.1856860056746,-0.3029349071355,-0.1306420332611,0.0647425225348,0.3107220290929,-0.2518091946392,-0.1314253224019,0.1111469738408,0.0858779774702,-0.1830300612348,0.0307038642182,-0.0633381206862,0.6168260099935,-0.1249889289208,-0.1530236041704,-0.2377665789772,-0.1040161517389
-0.0265697989812,-0.0997361003651,0.4053946151487,0.5594236553772,0.6840306885131,0.7932370855472,1.0000000000000,0.2659538580018,0.4581230411285,0.0248422551426,0.1772153020798,0.3078267010419,0.3845068908375,-0.1900059569075,0.1415600911000,-0.1240329264131,0.1303068797598,-0.0072968108523,0.3894206492022,0.0299228522835,0.0935227564221,0.0093301536273,-0.0690503156455,0.2025258365045,0.1329994889919,0.0893070804058,-0.0412280744637,-0.0354113213088,-0.0395811260181,-0.1422960705148,-0.0760847551786,-0.0576748072668,-0.1477012619297,0.1136954111326,0.5915004810494,0.3897415445749,0.0154790705418,0.1167681378902,0.1957754943649,0.0528354421036,-0.0347091939165,-0.1479921047358,-0.1734143459601,0.1204036978959,-0.1146782150569,0.1077721137470,0.1788617362819,0.4757748198045,0.0330784374312,-0.1306585676645,0.5223464513810,0.1121284217672,0.0067926104852,0.8143990700564,0.7428028309292,0.9112998799466,0.2397176857417,0.4180292722111,0.5093861129808,0.4886140279489,0.1299007839246,0.3568092164331,0.2824526935892,0.3471455195165,0.1582535222580,-0.0666070759138,-0.0098825649274,0.2625054087582,0.5138429077626,0.1364494115881,0.2635085907330,-0.1013918652845,0.3437690444237,0.1357152236198,-0.2772455860778,-0.1497771508959,-0.0895754460962,0.0722262152722,-0.1234908075459,-0.0223574375694,-0.2128329581655,-0.1429556216771,-0.2736410099823,-0.2106028304621,-0.2342850887850,-0.0594082604164,-0.0189572331131,0.5206341037069,-0.2250279384313,-0.0513805672837,0.1257352572873,0.1023401528877,-0.0196371356131,0.0268338538343,-0.0909094545881,0.4114722665120,-0.1909053897332,-0.1288912829168,-0.2367353158021,-0.1374290524129
-0.1690118292247,-0.0735413489621,0.0944367809476,-0.0260265927241,0.0724216951178,0.2632861864305,0.2659538580018,1.0000000000000,0.6788805873412,0.1750682512479,0.5108513983940,0.5169873572050,0.4409352875904,-0.3688159482293,-0.2661370116001,-0.0972651057450,0.5236782750429,0.5107141479565,0.5721395641531,0.5081108721287,0.3035542721726,0.2028554884388,0.1500684609870,0.1612821986608,0.5798664572214,-0.1651294548148,0.0766944711667,0.1362105867286,-0.1947291193271,-0.3522782746793,-0.0980632338344,0.0326651815745,0.0989597667064,-0.0934659977338,0.0081866359886,-0.0490824103093,0.1051774206104,-0.1889507069710,-0.2294520005683,0.1842755285594,-0.0360568254363,-0.2158363733192,-0.4173330861327,0.1694473659346,-0.0101853431547,0.3190805419070,0.2855998632985,0.1046319093464,-0.1690559693223,-0.1724481336887,0.0202452715825,-0.1683204089809,-0.3575058302113,0.2545930065309,0.2210214764499,0.1760130032120,0.4946473354010,0.5007946643048,0.5488586422442,0.5924400360752,0.2367297114881,0.3696978048018,0.4765091185183,0.3894576167238,-0.3093277816331,-0.2665305714800,-0.1660721264702,0.4874336580930,0.2822006335708,0.4606385731862,0.5048023017281,0.1114444859957,0.4475404987539,0.4217285546609,-0.1890806128014,-0.3056264647863,0.2988255249005,0.0835287870987,-0.1789113000163,0.1924861319574,-0.1014556077467,0.2729246711634,-0.3777022810978,-0.2070261635831,-0.0404814819427,-0.1992580444299,-0.0217850005200,-0.0755251883139,-0.3860248481218,-0.1349258648144,-0.2634691104127,0.1402612556182,-0.0236814892115,0.2067476072893,0.1464845186145,-0.0243148651063,-0.2777954164030,-0.2048601490744,-0.2170522534085,-0.2737591574613
-0.3127933905967,-0.2849836468964,-0.0159381397796,0.0072983650829,0.2145891374447,0.4360682556793,0.4581230411285,0.6788805873412,1.0000000000000,0.1970817208863,0.6325410643738,0.6444905703535,0.5212433288358,-0.5441491070198,-0.2572484521589,-0.3625793451198,0.3556527150207,0.1549128617589,0.4120098616508,0.3104346392038,0.2221206476972,0.2630997482238,0.2903997374492,0.4817881871895,0.5130372318150,0.0246991418536,0.2717289598922,0.1571682013235,-0.3117609195342,-0.3825658625916,-0.2775325466191,-0.1089416569919,-0.0236305612541,0.0993503353178,0.1567060064014,-0.0758415698922,0.0490798260224,-0.0262651803896,-0.2233273267718,0.3073584134673,-0.2194618620460,-0.4523500649185,-0.4455255810535,0.1408954211985,-0.1612767045541,0.2690618244185,0.1648933892316,0.2363404577650,-0.0886653114115,-0.4345665789864,0.1438093216620,-0.2702254995755,-0.3077419120663,0.3755804882142,0.4348447373803,0.3976099399875,0.6391368834779,0.6272443783014,0.5552984035569,0.9460892036037,0.2741903131506,0.6640325454410,0.5759340179370,0.4996136050091,-0.2778706101257,-0.3402247617374,-0.3625764329334,0.3375904922822,0.3337987569414,0.3567821156873,0.5638624548905,0.2044062578459,0.7644707508603,0.5118440784277,-0.2956489031425,-0.2418892232005,0.2020939063137,0.0645810773007,-0.3150905294550,-0.0976661216289,-0.2914909552974,0.0465057051103,-0.5297077673238,-0.3114437274499,-0.3095024769126,-0.2726571041106,-0.0457143254889,-0.0422547129231,-0.4735198455957,-0.0946168510206,-0.3062148323028,0.2017661346848,-0.1390257219379,0.0990765870325,-0.0104315521963,0.1366496126180,-0.2880595543834,-0.3532474036121,-0.4398164921998,-0.3336771316704
0.1385657089185,0.1006379693908,0.2225233375184,-0.0126280676411,0.0407991006289,0.0999431947908,0.0248422551426,0.1750682512479,0.1970817208863,1.0000000000000,0.3694835941590,0.5980624506647,0.2021647394001,-0.0892986824728,-0.0621073239498,-0.1414489919678,0.1610821925254,0.0155870535238,-0.0842113479910,0.0753635750778,0.2208709140722,0.6347932075603,0.4456471460091,0.2652821643079,0.3369618550187,0.0828377287384,0.4489332794551,0.3595324532080,0.0513216541792,-0.1837379159761,-0.1555372185166,0.1281589618152,0.0675554120127,0.0748206606010,-0.0700770515263,-0.0813980930391,0.2257052358818,-0.1308787467469,-0.1244299195588,0.2921906607184,-0.0402332293443,-0.1689408099457,-0.2208401242046,0.0347684208581,-0.2041624854412,0.5236356193642,0.1871092786644,0.0237426983487,-0.0142365095039,0.1826047973860,0.1850157470870,0.0470390230442,-0.0569980501083,0.1529454092973,0.0097539747241,-0.0680702866234,0.2952108806907,0.0073479248586,-0.0812458034752,0.1500099764158,0.8925045602412,0.4283994719948,0.5021050673911,0.1260802786207,-0.0308675172142,-0.0049318483891,-0.2260198924411,-0.0896007185937,-0.0571536421488,-0.0134321855840,0.5046221503177,0.5588051356657,0.3135906091242,0.3958172421202,0.1417709156157,-0.1172050618849,0.3568525176040,0.2080536336529,-0.1396088549742,-0.1833765260009,0.0366752049296,0.0699741238358,-0.2999670016677,-0.3264551770090,-0.1635149655282,-0.0280046011177,0.2592396930947,-0.1182461720439,-0.0947745177602,-0.1371639319808,-0.2069771946141,0.2488465568092,-0.0490583274484,0.4778584673239,0.2231090092667,0.0780037779311,-0.0191853696294,0.2270238445574,0.3411712951035,0.3586830085514
-0.2062207720086,-0.3151058033888,-0.0276933581919,-0.1419185519921,0.1742822534128,0.3334711147880,0.1772153020798,0.5108513983940,0.6325410643738,0.3694835941590,1.0000000000000,0.7108081021219,0.5017439456309,-0.5160622745280,-0.3150559770361,-0.3060437901942,0.3198793428854,0.1169818817355,0.1151102530690,0.1760915256369,0.1809776047032,0.4754729246211,0.5231771381289,0.4925819105409,0.4126694289801,0.0378083474819,0.4378105596703,0.2745087673168,-0.1779337448050,-0.3478563172899,-0.1598367814714,-0.0804298503195,0.0035133514742,0.0529163879245,0.0574433125684,-0.2431177803138,0.2494541075573,-0.0533937451716,-0.1053561214139,0.4298160007682,-0.1357726733272,-0.3126623911374,-0.3594961391935,-0.0001519866399,-0.0475793852059,0.3403097359479,0.1497828089764,0.3131096670409,-0.0821420025470,-0.3038331030663,0.0588870873320,-0.3424466395242,-0.2860523540028,0.1846147026052,0.2949949129628,0.0698083265151,0.5075142386827,0.3708447119889,0.2153104241672,0.5805896895232,0.3798341553528,0.7868690792763,0.5933181710998,0.4880839351902,-0.4335250084851,-0.3126838254996,-0.3887054903416,0.2358987792387,-0.0444472393907,0.0608867437633,0.4751418895158,0.4227531329363,0.6211182316542,0.4096727642655,-0.1420377529662,-0.3280266321283,0.3424523204431,0.2515103415826,-0.1646916792873,-0.0450936036869,-0.2610734709626,0.0364217629133,-0.4580400492398,-0.1699632834363,-0.2723319762279,-0.2472427080254,0.2430455638467,-0.2449865193627,-0.3414845695341,-0.0887357410130,-0.1285282261917,0.3788222894198,-0.1897203623436,0.3128943417626,0.1083981252812,0.1781899173124,-0.2512033239457,-0.1916105045002,-0.2155590547881,-0.2285150787873
-0.2007892802706,-0.1367344678023,0.0726893802000,-0.0549441774970,0.1036195141672,0.3287789601728,0.3078267010419,0.5169873572050,0.6444905703535,0.5980624506647,0.7108081021219,1.0000000000000,0.5521081855244,-0.4316633963986,-0.1759224592412,-0.3555178429064,0.3266301475332,0.0732811346024,0.2023774684268,0.1870334099124,0.3125362354997,0.6419240684857,0.5258055308617,0.4411487398340,0.5116337651756,0.1461840233519,0.4380490138644,0.1547668582432,-0.1341529567807,-0.3718798291094,-0.2099808162459,-0.0490388228711,0.0132372344900,0.0474594157278,0.1130872001507,-0.0716837186452,0.2431584244701,-0.0369552377841,-0.1260370251138,0.3923777832954,-0.1186483234135,-0.3628067516215,-0.2722051616848,0.1319418159140,-0.1883236570484,0.4269378205166,0.1723628437655,0.2388720405302,-0.1097149112572,-0.2213683604798,0.1485046095509,-0.1344995173911,-0.3196020261308,0.3041304137111,0.2834646132577,0.1928825917266,0.5023269344406,0.3609362659853,0.3032607373740,0.6005864065837,0.6622217042043,0.7983710519629,0.8437067766712,0.4915766426333,-0.1759300559184,-0.3142259048013,-0.3648368527681,0.1606156424611,0.1790663428627,0.0903940344869,0.7330238729503,0.5334626685102,0.5897024441863,0.5046335373162,-0.0139514217499,-0.1827426772753,0.3033627319959,0.0846325172509,-0.2538046928039,-0.1057151801429,-0.2082026812123,0.0417708736618,-0.4895194207712,-0.2727246154313,-0.2738240013950,-0.1979659756656,0.2067230910580,-0.0620526478101,-0.3346775995239,-0.1082575150035,-0.2240202126150,0.3306946696486,-0.0847802180918,0.2728327447563,0.0773605442696,0.1406584006553,-0.2609570250224,-0.0324377701114,-0.1775687231589,-0.1374898706306
-0.2030953564050,-0.1804104516146,0.0211444706201,0.0944791523511,0.2325754980147,0.4563703694484,0.3845068908375,0.4409352875904,0.5212433288358,0.2021647394001,0.5017439456309,0.5521081855244,1.0000000000000,-0.3193961548835,0.0124620291433,-0.2710667584178,0.5501848715418,0.1132852112548,0.1779832967251,0.2109011802038,0.2422467782099,0.2570600046968,0.1479872803643,0.3307229068512,0.3576325974982,0.0449964986682,0.0040993116265,-0.0071272607610,-0.2066975339642,-0.2507012268671,-0.1596522396891,-0.0441845609564,0.0672593891155,-0.0044329634658,0.1446060721773,0.0174208691355,-0.0305175485145,0.0066618569166,-0.1878040723712,0.0904335946268,-0.1216342323037,-0.3011171244194,-0.2096487210999,0.0830290119624,-0.1086640011542,0.1601919740228,0.0957170571410,0.2372864616818,-0.1151095763733,-0.1163021933202,0.1359101057227,-0.1881186400389,-0.2100160973947,0.3324406207858,0.4735482136355,0.3158151838396,0.4647567479891,0.3408632319517,0.3002712936513,0.4824856884330,0.2646737997968,0.4899234139842,0.5774927839581,0.9464547488227,-0.1266995449217,-0.1193155810987,-0.2424583399407,0.3847282640977,0.2089722669646,0.1649216303151,0.3846974137979,0.1652455528195,0.4300781156808,0.3850168219291,-0.1688323617047,-0.1918519174685,0.1604060734970,-0.0080267444552,-0.1687144571901,-0.0580383924260,-0.1034406853369,0.1911651422290,-0.4157273850059,-0.1847181226983,-0.1160787194021,-0.1827114123530,-0.0125838856738,0.0231007587840,-0.2280554605134,-0.0213818235789,-0.1974866144700,0.0763929321458,0.0346087443959,0.0153523857461,0.0822528512189,0.2117976840698,-0.2509419889130,-0.1234745104163,-0.1444447155101,-0.0443168966594
0.6306363169692,0.6051196413764,0.3125591608126,0.3668698447261,0.0325063419563,-0.2133223299249,-0.1900059569075,-0.3688159482293,-0.5441491070198,-0.0892986824728,-0.5160622745280,-0.4316633963986,-0.3193961548835,1.0000000000000,0.4991175998849,0.4073091483710,-0.0370462448188,-0.0430085086082,-0.1434029797331,-0.0602700358399,0.1325800661501,-0.1946130963757,-0.2939699984656,-0.2012120607130,-0.2982012320957,-0.1312363815068,-0.2527354237242,0.0722509902441,0.4574572256752,0.5736126747005,0.2973257051906,0.4150503904740,0.3126416248397,-0.1970770506606,-0.0416855340236,0.2778003133668,-0.1915737483542,0.1176033774560,0.0161935131074,-0.2108256279979,0.4696237280346,0.4769384933041,0.3841079522092,-0.0069251565295,0.0902604047523,-0.1829124760142,0.1376717765178,-0.1370196675110,0.3905960795917,0.5752928091413,0.2341182113144,0.5845348664497,0.4777370309723,-0.1382882159444,-0.2158533293164,-0.1235562219569,-0.3925339176233,-0.4435486085901,-0.3331574437089,-0.5487396738761,-0.1873631105552,-0.4483192319243,-0.4579041644330,-0.3373356064291,0.6443623865107,0.4863917141411,0.2803824009364,-0.2476540603567,-0.1038466369846,-0.1822716176705,-0.3688101256958,-0.2309160550414,-0.4127556910275,-0.4123958485121,0.1584930359111,-0.0164874145780,-0.2491189948485,0.1807073572698,0.3508219856765,-0.0480511907541,0.3456771020013,0.0870106894820,0.5721648292337,-0.0004644802924,0.2432341134609,0.1532498864498,-0.1603101792427,0.1267902531184,0.3752162438157,-0.0867146169850,0.0892984970938,-0.2067867147517,0.0553281373901,-0.0063952897359,-0.1208974791266,0.0455720323246,0.6652874234044,0.4459049941674,0.4803824459211,0.4477119144498
0.1226057902900,0.1340773324591,0.1238144988993,0.3942545834976,0.0934355780552,0.0245874347190,0.1415600911000,-0.2661370116001,-0.2572484521589,-0.0621073239498,-0.3150559770361,-0.1759224592412,0.0124620291433,0.4991175998849,1.0000000000000,0.0947594902822,0.1768514126517,0.0442091217118,-0.0000048993538,0.0170357247552,0.4698874766776,-0.0553137622989,-0.1811832246223,0.2355395980957,-0.2289457647992,-0.0630671549925,-0.2734211431648,-0.0874477167393,0.3419629335851,0.1603843258093,0.1805373997319,0.1508383222469,0.1630581480946,-0.2455897933063,0.1667741063248,0.3789406080476,-0.2840523520716,0.1408764903594,0.0552234988394,-0.2162758212262,0.2304044057005,0.1936511750908,0.4866657264647,0.0384374649898,-0.0891463624834,-0.1835981320690,-0.0448778647088,0.1549286817667,0.3775038036157,0.4975148157770,0.1147517704652,0.1360794432607,0.3424891241732,0.0304874185010,0.0538759794957,0.1626053263764,-0.2756831467290,-0.2313825995575,-0.0920158530172,-0.2464583563590,-0.0971574634891,-0.1308253022967,-0.1969642929831,-0.0074317614764,0.5645920086648,0.7335687964301,0.0561408112597,0.1120080061995,0.1597382478734,-0.0125732292202,0.1018220163376,-0.0999173387047,-0.0925367438255,-0.2519454404824,0.1896387466680,0.0671812635911,-0.3050858372624,-0.0177437956672,0.2462956595319,-0.0863235205749,0.2911053926857,0.0085339503304,0.0855506662328,-0.0043351551008,0.1410939452563,-0.1510104053628,-0.1697971654176,0.2200014837096,0.5481983194618,0.0741838382609,0.1456720930068,-0.1511623926856,0.1914935241601,-0.1747040823890,-0.1731471240098,0.2732521707911,0.3964266927136,0.3877510029326,0.3291515322538,0.6094408907483
0.4633743892691,0.4644944843813,0.2699990080979,0.3808491629869,-0.0580178773814,-0.2641243693279,-0.1240329264131,-0.0972651057450,-0.3625793451198,-0.1414489919678,-0.3060437901942,-0.3555178429064,-0.2710667584178,0.4073091483710,0.0947594902822,1.0000000000000,0.1996756997624,0.4275945157599,0.2880159499938,0.4209522232400,0.1140406705868,-0.2595112947739,-0.1686170141178,-0.1919931589228,-0.0468892810524,0.0455291410662,-0.0166798342194,-0.0344278926116,0.0086710124732,0.3426505294138,0.7094837044248,0.4830831229726,0.4753297562941,0.0525797418867,0.1994688020428,0.4346833373638,0.2137019440812,0.3107273531453,0.1697259993705,-0.1232386572130,0.1048620291466,0.2535592639458,0.2453080446232,0.0093307522931,0.3256175844862,-0.0921216067494,0.1641897547771,-0.1514085847442,-0.0360711805609,0.2966244276148,-0.0268255328465,0.2887645371573,0.2733086450176,-0.1277791458591,-0.2971160030128,-0.0490787578794,-0.2573715283153,-0.2573661230185,0.0076262328080,-0.3992412549367,-0.1982496430747,-0.4170107239251,-0.4210555148297,-0.3082901979286,0.0963580750646,0.1396709375597,0.7331736929269,0.0657939294055,0.1379303431018,0.2991807690587,-0.2804604628639,-0.2127412529142,-0.3779127669868,-0.1501355509257,0.1901805982745,0.1687316451147,0.1309814398200,0.0200530463110,-0.0014527371890,0.6360302820222,0.4098576069779,0.3952890810735,0.3778035781922,0.1006855502392,0.3972183864166,0.2063787120656,0.1351928393532,0.3096608690397,0.0355175203537,0.1485275194543,0.1697237389089,-0.1255544976461,-0.0024847037612,-0.0052180073408,-0.0730994207202,-0.1541035973984,0.0535702724379,-0.0297860278626,0.1352099299346,0.0095335520323
0.0250697220259,0.0688932941198,0.1186754999397,0.1836996853549,0.0434434111640,0.1268385196504,0.1303068797598,0.5236782750429,0.3556527150207,0.1610821925254,0.3198793428854,0.3266301475332,0.5501848715418,-0.0370462448188,0.1768514126517,0.1996756997624,1.0000000000000,0.7301408372707,0.3131094614618,0.6367418968702,0.6563494265274,0.1186870240836,0.1254396215436,0.3273785984162,0.4610852406744,-0.1634820247693,0.1018479599730,0.2645378192121,-0.0256169813872,-0.0533365311555,0.2002558549729,0.3086723731014,0.5818772342945,-0.1030089069284,0.0126662264188,0.0165322090527,0.0377888781748,0.0000650950126,-0.2764567514355,0.2385103009694,0.1708734791378,0.0252745546878,-0.0402579408097,0.2154525726340,0.1530446229275,0.1760186645385,0.3299496222306,0.1144242601710,0.0226069009749,0.1970023421875,-0.0800829326059,-0.1720888334870,-0.1354050758091,0.0293433685772,0.0980947855528,0.0473029571373,0.3611635595208,0.1934306415864,0.2832668240399,0.2240607972625,0.1081539078480,0.2912292282463,0.2589913577247,0.4396960554604,-0.1685771465331,0.0586765246368,-0.0785459430480,0.7118356436010,0.1095356372045,0.4682934953878,0.3546637066383,0.0851872023376,0.2834068778657,0.2386024394803,-0.1898156177045,-0.2958757493240,0.1797451248096,0.1612186437686,-0.0793590299711,0.2961683644870,0.1199177733338,0.4396928772004,-0.2250942191198,-0.2247232104865,0.0524052955335,-0.2959352558790,-0.0939905324808,-0.1647849748688,-0.2609234368777,-0.1286923137175,-0.2593888415656,0.0618594724106,-0.0678247319782,0.0863788354759,-0.0508192737586,0.0268990479816,-0.0865189597164,-0.0173173679163,0.0634814521615,0.0117062739323
0.1266048829796,0.1289754699604,0.1599265467850,0.1669176975955,-0.0480904879791,-0.0909373179133,-0.0072968108523,0.5107141479565,0.1549128617589,0.0155870535238,0.1169818817355,0.0732811346024,0.1132852112548,-0.0430085086082,0.0442091217118,0.4275945157599,0.7301408372707,1.0000000000000,0.4405177017415,0.6733461311953,0.4558432533702,-0.0291062775601,0.0935384330116,0.1081479403792,0.3062991556931,-0.1386969235159,0.0728228661693,0.2000558991093,-0.0293985757794,-0.0067601079002,0.3588632053215,0.2785842182033,0.4799695700545,-0.1049636419411,0.0311847285274,0.0864538794961,0.0865436879612,-0.0320743368242,-0.1645927956348,0.0770062767155,0.1443319029097,0.1380865231549,-0.0790069900000,0.1184625106993,0.2002284274744,0.1289311196549,0.2701448293050,-0.0314381633001,-0.0045243285131,0.1621863022909,-0.1283286087481,-0.0594527536257,-0.0928280991534,-0.0778482394295,-0.1192904971814,-0.0715342722045,0.0964156601035,0.0698701633187,0.3032529320046,0.0200490057210,-0.0677225191383,0.0181013318648,-0.0319988920705,0.0450589598878,-0.1718237960659,0.0101978859783,0.1518943130853,0.6565637914284,0.1494021501555,0.5494161918333,0.1766143793184,-0.0172355457724,0.0862543023916,0.1407799273818,-0.0536121899521,-0.1363180219778,0.2216705544079,0.1255297316655,-0.0431951579165,0.6064750431199,0.1493638235638,0.4446448940371,-0.0346979431902,-0.1509053492814,0.1348476885422,-0.1335058903381,-0.0487737146194,-0.0222889954785,-0.2105052364896,-0.0391788038693,-0.1182211508201,-0.0132055878188,-0.0528645471609,0.0821249004767,-0.0432607512129,-0.1117261937128,-0.1121563884523,-0.0941432864937,0.0690357004551,-0.0845173462836
-0.0516352054348,0.0854006024682,0.2030782573435,0.2952006983811,0.0836092228393,0.1047602739647,0.3894206492022,0.5721395641531,0.4120098616508,-0.0842113479910,0.1151102530690,0.2023774684268,0.1779832967251,-0.1434029797331,-0.0000048993538,0.2880159499938,0.3131094614618,0.4405177017415,1.0000000000000,0.5484851402886,0.4147603972378,-0.0459280522399,-0.0093114943138,0.0922272047851,0.3043631657308,0.0148970171583,-0.1162571940173,-0.1058194581216,-0.2033104585095,-0.1455546147239,0.2133183583104,0.1284699699422,0.1122616783370,0.0188443273670,0.3488476213797,0.5869167756119,0.0230290441726,0.0538202389329,-0.0392121093163,-0.0871483953543,-0.0585361575646,-0.1743564334537,-0.2582534287942,0.1501988845709,0.0071641049235,0.1337178561720,0.2249372482783,-0.0117824257496,-0.1808697120831,-0.2359889995027,0.1299481119899,0.1470298798992,-0.0830435835206,0.3157809658098,0.1008462180091,0.3985871492140,0.1680142140149,0.3723068844818,0.6664315190239,0.4218061886481,0.0636254211289,0.0623215515010,0.2328937278881,0.1683604347355,0.0747157846814,-0.1668566818022,0.2259483441077,0.3438774600216,0.7403313270348,0.5706366472326,0.4112564788789,-0.1074819543501,0.2270539681563,0.3215276850141,0.1119862740353,-0.0366777020607,0.1968442198397,0.0246465308123,-0.1397249357504,0.3969455330371,0.0176340907703,0.2932446612548,-0.1341595590128,-0.1918713049375,0.0380987580486,0.1096793354038,-0.0342796856237,0.4521524672202,-0.1921039046954,0.1011307138495,-0.0608181804255,0.0615715815672,0.1087584688955,0.0523847268313,0.1235614580572,-0.0906916073889,-0.2744982654774,-0.2333412719080,-0.2656207724203,-0.2555021120109
0.0573328852819,0.1281832434894,0.1155786531011,0.1647674382792,-0.0913706607381,-0.0825652607927,0.0299228522835,0.5081108721287,0.3104346392038,0.0753635750778,0.1760915256369,0.1870334099124,0.2109011802038,-0.0602700358399,0.0170357247552,0.4209522232400,0.6367418968702,0.6733461311953,0.5484851402886,1.0000000000000,0.6030212012118,0.1318112080515,0.2736292065137,0.2645688908940,0.5949112368300,0.0639239429035,0.2408423392384,0.1652864908870,-0.1681606343679,-0.1019337984963,0.3394199841470,0.4587330309529,0.6164272849639,-0.0143484320581,0.1491999739686,0.3104670478410,0.1074675141444,0.1621723879690,-0.2410090217734,0.1392367063637,0.0795763695557,-0.0356594725125,-0.1450330948938,0.2520518659356,0.2294005654024,0.3227362556914,0.4217436505621,-0.0762378445544,-0.0979272072814,0.0902764445130,-0.0901447018645,-0.0307867928248,-0.1059701864998,0.0106824261188,-0.1045576837736,-0.0211680992812,0.2810756158478,0.1252034509574,0.2571966349331,0.2019887148845,0.1124063311320,0.0529140501276,0.1672980131188,0.1471282172705,-0.1702672983297,-0.0356295990302,0.1123102439685,0.4136590575309,0.2748297457738,0.7583768324025,0.2995916624687,0.1708102341979,0.2325200848941,0.5248350129746,0.1035766592246,-0.1565447955074,0.4730518661976,0.1399362139966,-0.1163551991984,0.4281094382895,0.2398084322342,0.6485715732337,-0.1719546696033,-0.2959298644561,0.1726140168667,-0.0671026601449,0.0006719149406,0.0067955883852,-0.2169431729536,0.1390139197261,-0.2500042875550,0.1034834335207,0.0563018324721,0.2079336311252,0.1229372202255,-0.1478877301291,-0.1565945112584,-0.0853366309727,-0.0574593527987,-0.0686013414074
0.0393507349640,0.0701869483613,0.1247072247846,0.1704891374455,0.0159462779725,0.0121330601556,0.0935227564221,0.3035542721726,0.2221206476972,0.2208709140722,0.1809776047032,0.3125362354997,0.2422467782099,0.1325800661501,0.4698874766776,0.1140406705868,0.6563494265274,0.4558432533702,0.4147603972378,0.6030212012118,1.0000000000000,0.2931078930280,0.2905566935305,0.4862193129298,0.3472053643342,-0.0117017605478,0.1189010482424,0.2279688516761,0.1048967194827,-0.0305267487933,0.2575898927410,0.4148666172115,0.5902020161009,-0.1781702960647,0.1243603596051,0.2748825436550,-0.0504951195075,0.0604572688712,-0.2665724315679,0.1196778183395,0.1872347787480,-0.0020210991932,0.0725099572334,0.1973096620836,0.0406693624638,0.2819742331101,0.3411973699465,0.0252186911426,0.1501938435086,0.2234554994759,0.0073756404901,-0.0345752986119,-0.0043517565061,0.0253764635458,-0.0053500838903,0.0215181987510,0.2003883436003,0.0646665153867,0.1436129992168,0.1526668828120,0.2334211072719,0.2208357650894,0.2788346293629,0.1832560663154,0.0792141858123,0.2540226603683,-0.1900106687639,0.3676549232407,0.1989492389835,0.3701546819424,0.5741102939452,0.2412554117613,0.3160236619776,0.2670270025158,0.2828259031012,-0.2223936463521,0.1269288224321,0.1871570141291,0.0211197891897,0.1272057515581,0.2419509328877,0.4323687080171,-0.1940216453016,-0.3230799299709,0.0276172328011,-0.1864634889664,-0.0768395965860,-0.0504384425190,0.0523273277124,-0.0471913447055,-0.2433215327688,0.0877795728508,0.0294264517649,0.1949434531584,0.0877605744650,0.0334847592575,0.0874834900618,0.1349400207907,0.1030544764482,0.2472912418990
-0.0593753582549,-0.0562248497886,0.0477073146266,-0.0961041123972,0.0576332043001,0.1414492680990,0.0093301536273,0.2028554884388,0.2630997482238,0.6347932075603,0.4754729246211,0.6419240684857,0.2570600046968,-0.1946130963757,-0.0553137622989,-0.2595112947739,0.1186870240836,-0.0291062775601,-0.0459280522399,0.1318112080515,0.2931078930280,1.0000000000000,0.6907064013990,0.4034270690120,0.3109379147596,0.2372210895719,0.4661335980721,0.3118798927299,0.0163934351797,-0.2195798388280,-0.1744935710552,0.1095185908891,0.0536566245936,0.0278966254719,0.0218358070758,-0.0650850366793,0.2475707477072,-0.0315883885881,-0.1408264745406,0.3645189950550,-0.0838663556232,-0.2382211450006,-0.1967947961445,-0.0050591143500,-0.1955158550978,0.4736964060478,0.2288893119969,0.1360003871387,0.1118640975741,-0.0533139572258,0.1794126633583,-0.1134082347559,-0.0711956040990,0.0949567431916,0.0682096145400,-0.0707592371326,0.1975620757544,0.0551058887368,-0.0776812525324,0.2515283427931,0.6384046195802,0.5512140305023,0.6076059656681,0.2075758394476,-0.0651541291227,-0.1237534951555,-0.3519406977616,-0.0814968032991,-0.0591479917312,-0.0433213239493,0.5366104643934,0.7948072179211,0.3945065252709,0.3361199601848,0.2140819821427,-0.1016848269810,0.2751002513824,0.1510719375788,-0.1434944705392,-0.2201890747026,-0.0352167777784,0.0165274085699,-0.3448180177794,-0.2890733167305,-0.3287892460049,-0.0210925125545,0.2939734499763,-0.1437727517425,-0.1236542529762,-0.0509720666256,-0.2024856932058,0.2693572538643,-0.1529849008413,0.3823230239882,0.1796135643385,0.1331495225171,-0.0198466923743,0.1408337343854,-0.0139397118111,0.1096874395131
-0.1209694419963,-0.2101391055191,-0.1372862357797,-0.1415907307961,-0.0303066835108,-0.0225444491276,-0.0690503156455,0.1500684609870,0.2903997374492,0.4456471460091,0.5231771381289,0.5258055308617,0.1479872803643,-0.2939699984656,-0.1811832246223,-0.1686170141178,0.1254396215436,0.0935384330116,-0.0093114943138,0.2736292065137,0.2905566935305,0.6907064013990,1.0000000000000,0.4817010061689,0.2693731811731,0.3762240705644,0.6808902655107,0.2563711549530,-0.1937829344051,-0.2865391829600,-0.0534794045929,0.1747049155349,0.1994464358888,0.1723238198970,0.0972584368279,-0.0984559307193,0.2783093023661,0.0072712269977,-0.1430066339214,0.3508928803853,-0.2127148012089,-0.2799382890244,-0.2947924960886,-0.1034225449190,-0.1542606392350,0.5169972256473,0.1280386485906,0.0435407656026,0.0383506369743,-0.1929679503775,0.0042691400313,-0.2434204288492,-0.1251407076660,-0.0795223673670,-0.0261456482177,-0.1509090954410,0.2234190413826,0.0651955968705,-0.0776929649718,0.2635197718551,0.4146799638030,0.5243010620061,0.4982234261124,0.1621243471709,-0.2196092489467,-0.2248860124857,-0.3385840385983,-0.0115689957118,-0.1028582774004,0.1210245620924,0.4611612926798,0.8398869527267,0.4107890814374,0.4996902929484,0.2668396665357,-0.0577137273024,0.4307149361430,0.0732786240476,-0.2272683867168,-0.0459101892903,-0.0002958406891,0.2108347161692,-0.3757686275178,-0.2967286099914,-0.3133525871178,-0.1142608915526,0.3458396629943,-0.1947112181625,-0.1675657381764,0.0465691644240,-0.1978022450157,0.2190636845991,-0.2177374329259,0.3607805269037,0.1502958465016,0.0146157121136,-0.1186054892687,-0.0602093157307,-0.1522488158182,0.0192390999829
-0.0903050851223,-0.2401276532938,0.0015311243893,0.1233287617409,0.1820820718684,0.2446179543241,0.2025258365045,0.1612821986608,0.4817881871895,0.2652821643079,0.4925819105409,0.4411487398340,0.3307229068512,-0.2012120607130,0.2355395980957,-0.1919931589228,0.3273785984162,0.1081479403792,0.0922272047851,0.2645688908940,0.4862193129298,0.4034270690120,0.4817010061689,1.0000000000000,0.1143728516307,0.1287136748354,0.3483188276434,0.2916564324265,-0.1089356141366,-0.1596052576039,0.0366994423664,0.1615902298887,0.2056394127950,0.0185093009729,0.3133260555034,0.0820883674047,0.2216813635985,0.1628138984316,-0.0119302734679,0.2635740607719,-0.1009451476982,-0.2358110453236,-0.0348274315629,-0.0912454734968,-0.2058633446688,0.1429263862832,0.0632745238356,0.3403803247544,0.2034727328988,-0.0472339627380,0.1232251836924,-0.2460939205386,0.0559973521481,0.0903726866044,0.2186402632419,0.1293052707959,0.3287389316841,0.2313696597753,0.1101224404646,0.4491697576736,0.2187238590975,0.6276316421405,0.3356857529838,0.3383466088312,-0.0621953409971,0.1544863422438,-0.2734466285124,0.1871108987886,0.1169300721402,0.1827219814692,0.4589138460963,0.3842678422071,0.7783373155404,0.3183206790369,0.0850980416526,-0.1128471999889,0.0850944601775,0.1692369740310,-0.1851991954999,-0.1162597618295,0.0434802164772,0.1082702359631,-0.3422999100765,-0.2670653444069,-0.2572993451989,-0.2891467302038,0.3153109744074,0.0081445504574,0.0345557917361,0.0902906810052,-0.0001182205901,0.2306790111491,-0.1861221896931,0.1420303503655,-0.0921513452076,0.3534945060523,-0.0057417142003,-0.0714418768380,-0.0828418512554,0.1904772276844
