1.0000000000000,0.7405786659382,0.6940210177308,0.6796658073272,0.5162177136263,0.3204824424032,0.5069201139281,0.2318051268007,0.0616373261588,0.0726864226395,-0.0677244494225,0.1741427012358,0.1537102573387,0.6066554149841,0.2106407169815,0.2495825586939,0.2483192522261,0.1823238680441,0.3451278360682,-0.1174934038380,0.0735673198750,-0.0397687068098,-0.1435292935512,-0.1586629400837,-0.0880837700700,-0.1506553545220,-0.2620174920955,-0.2214370671752,-0.2252771976308,0.0649735945418,-0.0154618875624,0.0467580064607,0.0777643989619,-0.0085981494084,0.2762740041955,0.4052507451823,-0.1295014263440,-0.2839530449980,-0.0329247638650,-0.2058868753184,-0.0356099740689,-0.1260793870967,-0.2408491689882,-0.1609808988982,-0.2695178014485,-0.0588425557510,0.1002662480115,0.0112079030254,0.0506419882366,0.0621814215161,0.7423944108929,0.7577990793171,0.3212285339518,0.4119427780900,0.3221864097409,0.4977123451243,0.0044053834608,0.2320441066357,0.3269157265828,0.1048826987623,0.0592941419124,-0.0619372044851,0.1195918451459,0.0939791935620,0.4827143711724,0.0462414314259,0.1329465728325,0.1080677306653,0.3371872258423,-0.0848561258418,0.0818698840329,-0.2190313452791,0.0646448719263,-0.1182392440415,-0.0881539836406,-0.1121813848764,-0.4006320138246,-0.1063829119052,-0.0954337982275,0.0676293839965,0.0033056464260,-0.0265442772588,-0.2484036781912,-0.1559868757422,-0.1605963840617,0.0117836318585,-0.1074165702790,0.5197569666402,-0.1119571154907,-0.3617694146768,0.0189907151883,-0.2545630705040,-0.2182420978105,-0.2167326317801,-0.1598432173401,0.1513382050849,0.2208523940945,-0.0420454678211,-0.0476293702454,0.1143199743926
0.7405786659382,1.0000000000000,0.4750438434517,0.4499553263215,0.1344257622487,0.0963933043184,0.3285078086266,0.1649207224265,-0.0824759582293,-0.0352716433516,-0.1935746288343,0.0456257468497,0.0717971456426,0.5757718933647,0.0077103181265,0.1773553271645,0.1353509625109,0.1501937277537,0.3276140170895,-0.2168681835730,-0.0018611069432,-0.1029319023165,-0.2095979433284,-0.3440406516399,-0.1728149605647,-0.2812275974673,-0.3700732727542,-0.1748934949356,-0.1099507074570,0.0896241719894,-0.0604532556772,-0.0121243517214,0.0207745559324,-0.1017697066914,0.1561725809750,0.2877363778638,-0.1985764341082,-0.3585403498644,-0.0681556245638,-0.2598681264761,0.0938862807506,-0.0124977392956,-0.3350148875263,-0.1673819090333,-0.2343061382030,-0.1259217050214,-0.0063106526406,-0.1098502569937,-0.1431553676171,0.0914706388770,0.3811006539598,0.7993548747777,0.1813659605887,0.1726478309365,0.1135172935837,0.2849633757159,-0.0640926504782,0.1590125049968,0.2884505838461,0.0004724428140,0.0466736803375,-0.2263598828574,0.1803067387282,0.1310439083495,0.3958892641324,-0.0139950957586,0.0831406985021,0.0899022450153,0.2564679727689,-0.1259935764314,0.0665396337191,-0.2521594863512,-0.0980521930457,-0.1934785048471,-0.0960318494949,-0.0100932767111,-0.2509693061586,-0.0074960692881,0.0353747365364,0.1636086545183,0.2075311741928,0.1477386433653,-0.0619932692227,-0.1897206072316,-0.0040100093911,0.1287981970949,-0.1355990210286,0.4541689280003,-0.1152113182420,-0.2917025660382,0.0105129377207,-0.1247318249804,-0.0398044366203,-0.1454344097865,0.0318631024998,-0.1036864648067,0.0634826082125,-0.1016828691244,0.0051629912512,0.0544679384366
0.6940210177308,0.4750438434517,1.0000000000000,0.6873251449028,0.5854174251908,0.5522523315811,0.6628957725885,0.4643571869862,0.3481461143431,0.2226722488179,0.0401770970377,0.3250010631554,0.3847203448856,0.2804344216162,0.2540150090521,0.1961412989859,0.3446327499749,0.1128861206845,0.4384111488606,0.1915003922632,0.1892453164795,-0.0410243028075,-0.2829899342804,0.0207089118183,0.1912613951785,-0.0134903526725,-0.0351491016622,-0.1433677539864,-0.2155211999127,0.0582837643181,0.0453733083323,0.1525989866925,0.1935319469618,0.0274475832669,0.3355810542872,0.4730221867052,-0.1664083151174,0.0122076934094,-0.0415519538505,0.0226855168803,-0.0083886458512,-0.0582005034305,0.0502216360166,0.1619501048979,-0.0531333874515,0.1011315791413,0.3558194541040,0.1485895850908,0.0144899435655,0.1433428003276,0.5583530805233,0.6027275407217,0.1039372351494,0.7293448192845,0.4469948516559,0.5739928288821,0.1217227693432,0.4055467019260,0.4657433500573,0.3741805073145,0.1591909474065,0.1745671506807,0.0205050428519,0.1018716273710,0.2141373061805,-0.1133809897090,0.0028052278721,0.1265106202927,0.4878445946454,0.1074988744669,-0.0138036337942,-0.2655191551778,0.1308659926541,0.1086444733889,-0.1874414653788,-0.2993798643746,-0.3147860644725,-0.1503428452492,-0.1815578149450,-0.0582474176843,-0.1665203742154,-0.1899115316788,-0.2481158230452,-0.2343473078007,-0.1772476310900,-0.0670119392380,-0.2033358378890,0.4454251472162,-0.2519079698633,-0.3124343795256,-0.1237658602689,-0.2252388455047,-0.0564483662645,-0.0229241232117,-0.1647622111755,0.2534437781583,-0.0357438839217,0.0828218809399,0.0501019406064,-0.0656200561044
0.6796658073272,0.4499553263215,0.6873251449028,1.0000000000000,0.7111660011280,0.5426120895922,0.7750922124751,0.4162446204163,0.3751389879865,0.1396732953359,0.0144522012472,0.3182109655374,0.2632512000777,0.3867135656404,0.4365923358460,0.2888507047564,0.3850613236049,0.2591197554856,0.5311905623646,0.1981503079705,0.3140838693251,-0.0037047233711,-0.1625001777834,0.1671968076690,0.1765478613277,0.1014578159041,-0.0848411472987,-0.1775927621644,-0.1848682243489,0.0333664570695,0.0436363384919,0.1495387650332,0.2231925516413,0.0506077165680,0.5592507225508,0.5579206447512,-0.2128092339821,-0.0461216656290,-0.0941093211970,-0.1048244710668,-0.1174378655972,-0.1921701050609,-0.0479221508858,0.0349650656255,-0.1465860759606,0.0563001385343,0.2868223823036,0.1761829411358,0.1885401667458,0.1224233219350,0.6987014286700,0.4884619534042,0.3259961370182,0.5910651960585,0.5398397896963,0.7840701239188,0.0562753432985,0.3050398327024,0.5844277669976,0.4142404090596,0.0040715816922,0.0361044837083,-0.0266768241728,-0.0287651901164,0.3575284180716,-0.0902052484406,-0.0197995914274,0.2496497182054,0.6251822070067,0.1531512925385,0.0067284756994,-0.2203815603570,0.2709945687281,0.1037014597607,-0.2391293708430,-0.3257192953980,-0.4077161360554,-0.1557002998223,-0.1580391263107,0.0255524700638,-0.1729620062325,-0.1542391970879,-0.4469587169071,-0.3489621237386,-0.3118559523834,-0.1290328298653,-0.2276284116769,0.5475696180557,-0.2784243550655,-0.3873623569424,-0.1122325731826,-0.3532144590857,-0.2230119281905,-0.1851306234472,-0.2008741858492,0.3300384171227,0.1187063688620,-0.0862208584674,-0.1438430687577,-0.0384111810468
0.5162177136263,0.1344257622487,0.5854174251908,0.7111660011280,1.0000000000000,0.8366926416823,0.7771655485951,0.3395757183430,0.4189648002218,0.2523029723720,0.2388115608788,0.3851461724179,0.3253532542537,0.0696540263652,0.3991920572853,-0.0529232721045,0.1697726991430,0.0448711780643,0.2568268042267,0.0290421033865,0.1443214979755,0.0772438391442,-0.0893348881801,0.2663381944262,0.0901079748427,0.0108276600896,-0.0968937416285,-0.2152956260955,-0.1808687736850,-0.1498772379422,-0.1522924813525,-0.1114175184200,-0.0507964971418,-0.0811077058817,0.4935051243634,0.3738999073508,-0.1901363410282,-0.1264531344408,-0.0932001970625,-0.1110610536681,-0.1418201230316,-0.2718500641063,-0.0869816683377,-0.0925639828599,-0.2754098335436,0.0854901236308,0.1034400302121,0.4810866042374,0.3825332004578,-0.0027180664262,0.7884771889863,0.2812179387795,0.2371794574496,0.7865166154697,0.8155518038626,0.7264733017581,0.1764007792709,0.3748431515880,0.3907998041658,0.4448693594742,0.1973363220525,0.2172511799428,0.0861746003284,0.1848466617806,0.2931861634162,0.0309125530687,-0.1489314589717,0.1549036539133,0.3915881816903,-0.0019813172808,0.1010676560233,-0.0959436271341,0.4460795690100,0.0612633917866,-0.1898522078914,-0.2763665914037,-0.3204837777181,-0.1545067366264,-0.0734350978604,-0.1742003358642,-0.3149079537494,-0.2822202016189,-0.4691512991218,-0.2022171130346,-0.3321666793496,-0.2386850039268,-0.1496431599652,0.3947515828469,-0.1033817080388,-0.3144054115370,-0.1156112903423,-0.2305407410276,-0.2189002047756,-0.1437427111325,-0.1513133597415,0.6034601432914,0.2717091919351,0.0192302416996,-0.0827887628631,0.1765096763306
0.3204824424032,0.0963933043184,0.5522523315811,0.5426120895922,0.8366926416823,1.0000000000000,0.7927933680143,0.4909532266469,0.4965029552597,0.3100761591710,0.2968270113441,0.4200248507530,0.4253952496977,-0.0407782127831,0.2977111368031,-0.1047787491485,0.1516263216812,0.0203279004242,0.2655583915410,0.0711548791590,0.0568288685772,0.0461678067423,-0.1870813198570,0.2732158110875,0.0905796430741,-0.1002889025101,-0.1309610421031,-0.1604613101662,-0.1693025580812,-0.2055212649465,-0.1707058710975,-0.1289311667996,-0.0957923493194,-0.1181753167553,0.4572247757741,0.3628359108308,-0.2227352854763,-0.0965107200730,-0.1016300314659,-0.0408300704403,-0.0802869090422,-0.2191266543050,-0.0553444930432,-0.0321304560367,-0.2179949967386,0.0741386858850,0.1190136039774,0.5935669601529,0.1969824983401,0.0863510562393,0.5618837650342,0.2192450985842,0.1044846677015,0.8663822130116,0.9114178217213,0.6848274738553,0.2592700814180,0.4785360946262,0.4052909631112,0.5095947760699,0.2736191007959,0.3095917216754,0.1261069226876,0.3092251674798,0.1798895531235,0.0356404602153,-0.1322607057574,0.1291152879525,0.3724926649592,0.0173184264283,0.0936976094203,-0.1551379365035,0.4617127632259,0.0693251816227,-0.1907001258234,-0.2583215182617,-0.2870584671993,-0.1115440398449,-0.0742168753819,-0.2140717355516,-0.3117717430551,-0.2612725182959,-0.4115885969970,-0.1376712459272,-0.2359427091957,-0.2546879878526,-0.1936311090790,0.3538356161995,-0.1026546499301,-0.2494465683804,-0.1601059373590,-0.1335756527456,-0.1246185404603,-0.0795178337777,-0.1187087504700,0.6296494651084,0.1318541788038,0.0670997400133,-0.0062945097541,0.1854724625238
0.5069201139281,0.3285078086266,0.6628957725885,0.7750922124751,0.7771655485951,0.7927933680143,1.0000000000000,0.5415894784065,0.4533791601460,0.2780953098218,0.1134727871826,0.4384524034282,0.3385049382788,0.1375186790853,0.3450051423188,0.0118109188264,0.2080378087752,0.1399583774130,0.5627577391552,0.0935621135254,0.1674424507213,-0.0169965215503,-0.2305457344325,0.0920985446390,0.1060820635242,-0.0147531155411,-0.2001495299967,-0.2759513902714,-0.1291402990214,-0.1812637145912,-0.1446676289125,-0.0342048336552,-0.0371255452456,-0.0959552401178,0.6097536124960,0.5840413641863,-0.2314437565474,-0.1777149870763,-0.0258446155074,-0.1660102586971,-0.0361862186677,-0.2151847832287,-0.1215008556978,-0.0269267372514,-0.2548559147459,0.0901843694980,0.1236258545224,0.3768475701600,0.0528726694894,0.0860442110425,0.6602832926118,0.4909301351115,0.1939016564123,0.8079375613985,0.7678017360433,0.8864663824188,0.2005464760801,0.5434370890141,0.6530512935272,0.5278770609604,0.3018755208595,0.1585680315304,0.1902821631505,0.1929771059137,0.3608686590321,-0.0665986041090,-0.0397420046574,0.1999190981776,0.6402775070525,0.1096990614787,0.1938354544604,-0.1986260998165,0.3645025967132,0.1161082155288,-0.1214911463417,-0.1636353288689,-0.3896755888856,-0.2059030686990,-0.0740685966138,-0.1006408401690,-0.2434397059476,-0.1992441955362,-0.4105925429102,-0.2001536332916,-0.2004776041159,-0.1545778701920,-0.2219503755926,0.6408686619777,-0.1290972215032,-0.2816920655416,-0.1039401521840,-0.2602371930767,-0.1038057088085,-0.1476703561968,-0.1371950418028,0.4187669708033,0.0401839753905,0.1312447596858,-0.0175554111222,0.1113534761060
0.2318051268007,0.1649207224265,0.4643571869862,0.4162446204163,0.3395757183430,0.4909532266469,0.5415894784065,1.0000000000000,0.6788981792508,0.3448921584568,0.2775380013463,0.4436880875869,0.6333126009995,0.0058699549734,0.0531092588167,0.0721171994644,0.6509616773583,0.5107281674403,0.6108112756656,0.5284902380556,0.3146521465911,0.0194196012209,-0.1486152499122,0.1529102747793,0.4111724643028,-0.0832039476970,-0.0409362839202,-0.0096492619976,-0.1585936512066,-0.1389381219395,-0.0288368453308,0.1580169866092,0.2247730670562,-0.0546919810607,0.2345066484392,0.2838596862836,-0.2354466984579,-0.0734842017873,-0.2190285858851,0.0362630676572,0.0579525094527,-0.0770974381610,-0.0494681566027,0.1848935231204,-0.0266402642626,0.1343656032941,0.3085434202168,0.0238335960176,-0.2824170163179,0.2877015482003,0.1849782965383,0.1600268091252,-0.0687182411903,0.4738246943629,0.4211527976650,0.4431107357576,0.5006717178501,0.7015415144206,0.7550642002678,0.6651713091630,0.2584944992299,0.3529430958323,0.2209300722910,0.3385776254976,-0.0287991503214,-0.3079459714842,-0.1533215277772,0.5200080089671,0.5586789929452,0.4665167476383,0.1250248405407,-0.1065681898546,0.3849087988297,0.3978138553006,-0.1897846309897,-0.2665576932094,-0.2082845916161,-0.1118410943891,-0.1212090329377,-0.0318659208247,-0.1692993129528,0.0066194118226,-0.3474313969678,-0.2479992702171,-0.1532679428567,-0.1821958544014,-0.3159855356906,0.1704296074891,-0.3531305726604,-0.3299477602249,-0.3300864469591,-0.2598167279138,-0.0070559627926,0.0713472521951,-0.0434187953048,0.0051112157424,-0.2660529627281,0.1598133600235,0.0689323110689,-0.1392596524010
0.0616373261588,-0.0824759582293,0.3481461143431,0.3751389879865,0.4189648002218,0.4965029552597,0.4533791601460,0.6788981792508,1.0000000000000,0.4260340728902,0.4628021168165,0.5499103470556,0.4783639451067,-0.2050875770815,0.1199264539340,0.0037589646082,0.5094108204198,0.3266393330567,0.4467306003743,0.5817257522342,0.4088836467561,0.1241621573512,0.0993820721761,0.5541297905547,0.5364232828665,0.0180374158831,0.1586038527753,-0.0183444058748,-0.2528419912683,-0.2043265387076,0.0154041858708,0.0507630867215,0.2785304232030,-0.0270813727045,0.3525692729795,0.2156229625912,-0.0861560946708,0.0353663287263,-0.1641453402165,0.0348634092150,-0.1133525075545,-0.2048085481049,-0.0525416552202,0.0662272557744,-0.1164407003347,0.1750278922753,0.2204412308093,0.1445636810273,0.0245659775749,0.1040511162676,0.0922294951143,-0.1128129565938,-0.1754736331924,0.4239112976441,0.3830073812079,0.3061267902581,0.4534696691517,0.5693229095703,0.6153382430943,0.9439250855095,0.2569648672258,0.4412718280220,0.1613415327003,0.1535948582548,-0.2249019326793,-0.2894572796263,-0.3271715450397,0.3464503677871,0.4849090961345,0.4589091061376,0.0792932348897,0.0241130336429,0.6836103561111,0.5814379919966,-0.2581638758297,-0.3732860719566,-0.0019232618601,-0.0657489961607,-0.1718664640628,-0.0402641791294,-0.1836102058317,0.0261625893541,-0.5045997182554,-0.3968838136182,-0.2881305947654,-0.2645589228224,-0.0824654635672,0.0675771627807,-0.3532411310557,-0.2473243246198,-0.2592398254721,-0.2059363848507,-0.1499418527678,0.1045641419957,0.0431390790993,0.1370744700069,-0.2087300697444,-0.0933379057488,-0.0695546416777,-0.1261321515384
0.0726864226395,-0.0352716433516,0.2226722488179,0.1396732953359,0.2523029723720,0.3100761591710,0.2780953098218,0.3448921584568,0.4260340728902,1.0000000000000,0.5237133495336,0.7992594014453,0.4880326447198,-0.1570359699459,0.0368381029568,0.0070743214116,0.3319233326530,0.1286975301691,0.2889860382079,0.3250477344597,0.4390903872895,0.5572181190099,0.4612998540533,0.3266710081923,0.3361612490211,0.0630098630289,0.3169378282428,0.0742642229862,-0.1243027079268,-0.0605155693279,0.1043694475223,0.2062973442347,0.2395269211497,0.0692774504599,0.3295053828520,0.2317303969643,0.2453426978107,-0.0351783674319,0.0437427211522,0.1131918954814,-0.0356653126259,-0.1530002764832,-0.1124762147447,-0.0287062677433,-0.1463495139889,0.2293710161754,0.1643694631296,0.2248650678470,-0.0261212939235,0.1793991731169,0.0895631060262,-0.0400672601311,-0.1749143949966,0.2801774350498,0.2348361958855,0.1384778643371,0.3517297642247,0.3553381476011,0.3020906644877,0.4551657471751,0.7952017723069,0.6146146866044,0.5307968150471,0.2375410426577,-0.0915272638967,-0.4298515871047,-0.1495853138387,0.1188255460531,0.3120431826903,0.1645845834960,0.3651299926733,0.4532449906555,0.4318075495061,0.4506840790482,-0.0259005834640,-0.1999262815254,0.0808855865507,-0.0778041338026,-0.1859842203901,0.0714467462266,-0.2365710662641,0.0472113294190,-0.3310840898933,-0.1861708855091,-0.3368620268344,-0.1039733861137,0.2135686414551,0.1526331809724,-0.3878990075937,-0.1704624747546,-0.1017399980749,-0.0735554341370,-0.3263590505423,0.0658250198528,-0.0921618461455,0.0961433204636,-0.2618391515064,0.2176856269125,0.1915746680264,-0.1315297316004
-0.0677244494225,-0.1935746288343,0.0401770970377,0.0144522012472,0.2388115608788,0.2968270113441,0.1134727871826,0.2775380013463,0.4628021168165,0.5237133495336,1.0000000000000,0.5261071306121,0.4077927017544,-0.2816699752404,-0.1106834123873,-0.1402603516359,0.3245468493723,0.1435288609405,0.0001217462575,0.1914380389246,0.2746299906268,0.3424262634742,0.4620036607535,0.4180358521022,0.2688667711521,-0.1479111202413,0.3001756869585,0.1961233277483,-0.0024042578276,-0.2870666217086,0.0065491363360,-0.1003032169296,0.0557070270384,-0.0761083763024,0.0882385036517,-0.1401065163010,0.0882717164206,-0.1378340484118,-0.0667719252910,0.1019825464176,0.0808274436621,-0.0644070228162,-0.1407287143195,-0.1132987575900,-0.0872267233841,0.2229044548156,0.0066594071650,0.2115828717357,0.0782622841256,0.1058251929343,-0.0147343935910,-0.2096411377852,-0.0810597505573,0.1997797232231,0.2617617943363,0.0190096558299,0.3704375929275,0.2677606023607,0.1410227496049,0.4050883012509,0.4457408275894,0.6838654850171,0.3700974038439,0.3283490532928,-0.2415131279973,-0.2348047988610,-0.2865963067807,0.2595499986646,-0.0225144662293,0.0989329316981,0.2566291652319,0.4265033469894,0.5168010318234,0.2854791483124,-0.0874713829476,-0.2460931138820,0.3007504146154,0.1056656781319,0.0693853577432,0.0272049402817,-0.2128351931879,0.0776358679484,-0.3957451799567,-0.1304210503833,-0.2233984121175,-0.3352874564225,0.1646678040839,-0.1665350699380,-0.1555320291833,-0.1739254792048,-0.0850169698739,0.0077824732213,-0.2572330934815,0.2014771768402,0.0755078315414,0.1150332647672,-0.0749111953124,0.0462616677027,0.0876295107522,-0.0356356788017
0.1741427012358,0.0456257468497,0.3250010631554,0.3182109655374,0.3851461724179,0.4200248507530,0.4384524034282,0.4436880875869,0.5499103470556,0.7992594014453,0.5261071306121,1.0000000000000,0.5426757995172,0.0343811326535,0.2315005262069,-0.1062834243469,0.3784439446241,0.1414224893481,0.4105444476914,0.2848160173574,0.5979772972210,0.5599983544779,0.4760905668502,0.4417322887995,0.3504535355091,0.1351182428041,0.2902695498445,0.0281396793540,-0.1099854563729,-0.1517871008500,-0.0273297840694,0.1724346046726,0.2483260085943,0.0008724150644,0.3483441138908,0.2481073029919,0.0625823486247,-0.1087669380300,-0.0528301009316,0.0512363221416,-0.0466839831366,-0.1532284506748,-0.1045220874982,-0.0104302250625,-0.2283775886496,0.2588127420817,0.2045336723196,0.2099149793341,0.0429120803668,0.1988083162666,0.2265497446098,0.0980784685841,-0.1335883920855,0.3839981522282,0.3527468607293,0.2960147157824,0.3015231958983,0.4087386551769,0.4783191333515,0.5914987938233,0.6656989244286,0.7023407843795,0.6081346471717,0.2232963339852,0.0993641740780,-0.3911632187612,-0.3049595278015,0.2337166119322,0.4429809438715,0.1700810968616,0.4721678849611,0.4869832105132,0.4987503019332,0.4925684787246,-0.0371867709333,-0.2745111512444,-0.1083916314863,-0.0636800862449,-0.1522331576195,0.0058087791837,-0.1759046619885,0.0274779195155,-0.4756462245734,-0.3319835448170,-0.4428153136040,-0.2174871438502,0.0705743546327,0.2005394677328,-0.3869911770009,-0.3667252786890,-0.1607393923567,-0.2252619491833,-0.3295475831081,0.0681391862189,-0.0960119512883,0.1307152265097,-0.1303855381412,0.2000481161042,0.0091800260305,-0.0732062818722
0.1537102573387,0.0717971456426,0.3847203448856,0.2632512000777,0.3253532542537,0.4253952496977,0.3385049382788,0.6333126009995,0.4783639451067,0.4880326447198,0.4077927017544,0.5426757995172,1.0000000000000,-0.1118773223599,0.1435899977603,-0.0282945566421,0.6317741464037,0.2706745920132,0.2963259476170,0.3464999044620,0.3397677173257,0.1446799424691,-0.0404747465891,0.1776500640526,0.4087728474098,-0.1196658554083,0.0729122586212,0.0469133881689,-0.1400243947538,-0.1751275430728,0.0067034503235,0.1193566866548,0.2357086611748,-0.0200066053292,0.1185323488829,0.0784506927675,-0.0969766830768,-0.0259513459035,-0.1325120917176,0.1666334304813,0.1337518600117,0.0341574028689,0.0123269674495,0.1737432948831,-0.0248217483730,0.1426007294092,0.3144820788452,0.1927411245947,-0.1376712966750,0.3837159025930,0.1271234333001,0.0403645202021,-0.2118990046139,0.3863369503376,0.3300515877782,0.2047111431130,0.4387313068474,0.4527310038088,0.4260092268010,0.4665249301243,0.3655328359097,0.5100939553018,0.3247632121464,0.6930789967222,-0.1041986717449,-0.2430484087392,-0.2621736042168,0.4037225345200,0.3046183475226,0.1456606649405,0.0852908867127,-0.0058784673655,0.2413652874468,0.3211495159282,-0.3047545588132,-0.4012672913791,-0.1126501880719,0.0137984869831,-0.0614844457277,-0.0897685996601,-0.2152741668430,-0.0244452436356,-0.3559108362564,-0.2542104530375,-0.2162858830271,-0.2868087752350,-0.2306336116594,-0.0630719669482,-0.3856766892774,-0.3951140956681,-0.2594047690646,-0.0720266067350,-0.0168831916508,0.0643600587380,0.0346359782916,0.0853792973979,-0.2425647165424,0.1591638403989,0.2853844665348,-0.0527529353477
0.6066554149841,0.5757718933647,0.2804344216162,0.3867135656404,0.0696540263652,-0.0407782127831,0.1375186790853,0.0058699549734,-0.2050875770815,-0.1570359699459,-0.2816699752404,0.0343811326535,-0.1118773223599,1.0000000000000,0.4099024883014,0.2511778279152,0.1377554261655,0.1247245920358,0.2537559377047,-0.1274223803590,0.2062068598231,0.0131517839381,-0.0750012715715,-0.1022532976026,-0.1910640873524,0.0514670048739,-0.1361989104797,0.0516297482373,0.0305527229557,0.3666811406423,0.0885000631547,0.3345096715090,0.2785318466530,0.1099490188258,0.0446988592692,0.2939515935190,-0.1177628176890,-0.0615005773278,-0.0335162728779,0.0109921624978,0.1201989973701,0.0983410816018,-0.0390976463856,0.0230193464981,-0.1361720190204,-0.0955962806236,0.2204099928389,-0.1142083695505,0.1219485754989,0.2384745205667,0.3550580232515,0.5254548380058,0.1591789400710,0.0101616161963,0.0167516184315,0.1748820789260,-0.2694644738135,-0.0840753751683,0.1667513680806,-0.1578385703764,-0.2541953286642,-0.1816312332090,-0.0853805725711,-0.2528002248406,0.5486619778095,0.0942485359758,0.0539433209636,-0.0016808538293,0.2351465542531,-0.0836803397175,-0.0218050347297,-0.1659319966414,-0.1736165397236,-0.1475256010877,-0.0321632445541,-0.1184016810278,-0.4107526643308,0.0621203072426,-0.0207607101245,0.0457250029098,0.2436088057183,0.0385511082901,-0.0104517096190,-0.2155201790938,-0.1736833685917,0.0391863453648,-0.1355890404187,0.3067744436380,-0.1177338941800,-0.3035594417652,0.0437997830072,-0.1375233301716,-0.1957286908529,-0.1400292700808,-0.2198985971655,-0.0381492457571,0.3883815483784,-0.0228811056853,-0.1357724228380,0.0993808017964
0.2106407169815,0.0077103181265,0.2540150090521,0.4365923358460,0.3991920572853,0.2977111368031,0.3450051423188,0.0531092588167,0.1199264539340,0.0368381029568,-0.1106834123873,0.2315005262069,0.1435899977603,0.4099024883014,1.0000000000000,0.0169551785181,0.1500894325472,-0.0128072694156,0.2487775530536,0.0939922664892,0.4670044688019,0.0944902877499,-0.0759698154373,0.4089490473682,-0.0298111082514,0.3249252220903,0.0337589689702,-0.1363195867844,-0.0510617197195,0.0285002784230,0.0874096652006,0.0900488208254,0.1190228280669,0.1054462836485,0.3048583340965,0.3768009724133,-0.1135789819667,0.2178122681435,0.0622819210399,-0.0009849289255,-0.2262546479526,-0.2261760159108,0.2808041815840,0.0375425954435,-0.2182259094417,-0.1793354384975,0.0824944703360,0.2432549623449,0.3185415932726,0.1510521046999,0.3550412454808,0.0781441520973,0.1660858949387,0.2788524802498,0.2956604234884,0.4037720957834,-0.1253293741657,0.0445744793396,0.2321902790590,0.1539184511831,-0.1048163591752,0.1243214560776,-0.1413987736277,-0.1037672299915,0.4961318524511,0.3309092426119,-0.0280089848807,0.1254218581280,0.4051426626822,0.0706208000315,0.1354620586021,-0.0633597767916,0.1014221634779,0.1180742460422,0.1135183513635,-0.1281076341597,-0.4551499051169,-0.1100735194157,-0.1121557638870,-0.0416950801466,-0.0760849602875,-0.1787349712718,-0.1761699243780,-0.1378870475041,-0.2808458958679,-0.2166229989128,-0.0675949397176,0.2775450848588,0.0479435041442,-0.1308324810775,0.0679990802208,-0.2341492721745,-0.1402650740776,-0.2942460973086,-0.3409727507329,0.3472241907456,0.2951972679653,0.0777807289213,-0.1578479874166,0.3277837062733
0.2495825586939,0.1773553271645,0.1961412989859,0.2888507047564,-0.0529232721045,-0.1047787491485,0.0118109188264,0.0721171994644,0.0037589646082,0.0070743214116,-0.1402603516359,-0.1062834243469,-0.0282945566421,0.2511778279152,0.0169551785181,1.0000000000000,0.3889940968441,0.3222408758761,0.4144890339724,0.3399351123170,0.1600473050070,-0.0531263488507,-0.0463587833208,0.0494598643850,0.2126854020258,0.3054866114205,0.3763939093497,0.0515615610845,-0.1633234293014,0.4754773723720,0.8117927265428,0.4795995988620,0.6014294344461,0.5082668323251,0.2849054087066,0.4919450692264,0.4363305757613,0.4675137988978,0.4334342690495,0.1707321561341,-0.2883189090565,-0.1141355704276,0.2676221049891,0.2442691015338,0.3717721327204,-0.0017858448529,0.3370233060358,-0.1436200688814,-0.0498440188945,-0.0272819369942,0.0301076936216,0.0950309697853,0.0585831982124,-0.0819962079239,-0.1624049526242,0.0724295882506,-0.1787533153845,-0.1548559976197,0.1432957656522,-0.0158939569032,-0.2438670391860,-0.1564922412557,-0.3349116682356,-0.2960033010205,-0.1250898351567,-0.1068779300285,0.5234178312975,-0.0019906060731,0.3345533916109,0.1739786413748,-0.2807583886114,-0.2026397220512,-0.2153325655237,0.0900143683916,0.0259941139604,-0.1197005858273,0.0736851214909,-0.1369485252859,-0.3464419006323,0.5244866755927,-0.0740794954931,0.0453459047643,0.0293000664512,-0.0396704211239,-0.0060349235064,0.2227010170564,0.2018290055135,0.3506680389096,-0.2209381976425,0.0923150413478,0.3394237755379,-0.0940939195228,-0.1515633667236,-0.0420802866417,-0.3413753337554,-0.1266853942782,-0.2057169787099,-0.2842846950271,-0.2610687524746,-0.3496272839801
0.2483192522261,0.1353509625109,0.3446327499749,0.3850613236049,0.1697726991430,0.1516263216812,0.2080378087752,0.6509616773583,0.5094108204198,0.3319233326530,0.3245468493723,0.3784439446241,0.6317741464037,0.1377554261655,0.1500894325472,0.3889940968441,1.0000000000000,0.7404958322956,0.5225133191383,0.6592411543585,0.6114437237151,0.0830409172661,0.0918743573494,0.3168329776621,0.4370230431699,0.0635925349233,0.2190950102886,0.0409916535567,-0.2434251475592,0.0008263266025,0.3486084414637,0.3550664734213,0.6086894134593,0.1167624998060,0.2454317341650,0.2445323740500,0.0118747193697,0.0970691515529,-0.0896037900076,0.0752377608654,-0.0673434072568,-0.1094083800714,0.0164526737079,0.1355554158948,0.0498387838514,0.0464078900509,0.3475657471322,-0.1216517734506,-0.1352662974192,0.3070433363131,0.1016853444720,0.0165757018394,0.0220184397583,0.1415766585646,0.0882358080091,0.1852955374297,0.3907069638516,0.4119942150545,0.5696668346729,0.4448987330460,0.0801688591826,0.3772623810577,0.1343524381266,0.2476015765035,-0.0623695903230,-0.2619181877994,-0.0444527373036,0.6714558647869,0.4442522631878,0.5423282136818,0.0979258166150,0.0071131594085,0.2716327082968,0.4162896901793,-0.1462663648059,-0.3021869283073,-0.0932926006055,-0.1229645753436,-0.2249601794503,0.2847124901482,-0.1337583628080,0.2422624181401,-0.3555728273958,-0.2740171112885,-0.1880146624399,-0.2089541648634,-0.1322124030177,0.0531685046429,-0.3957013206617,-0.2505356302200,-0.1610150292865,-0.3082513790365,-0.2229119318826,-0.0216480269592,-0.1886609063993,-0.1069983453593,-0.2256778891097,-0.0213291929299,-0.0138630475386,-0.1806807013648
0.1823238680441,0.1501937277537,0.1128861206845,0.2591197554856,0.0448711780643,0.0203279004242,0.1399583774130,0.5107281674403,0.3266393330567,0.1286975301691,0.1435288609405,0.1414224893481,0.2706745920132,0.1247245920358,-0.0128072694156,0.3222408758761,0.7404958322956,1.0000000000000,0.5186024525465,0.5455959187403,0.3943894863223,0.0376435854193,0.1577361377658,0.1295812618206,0.2021047001463,-0.0582112190250,-0.0529261605582,-0.1226431540094,-0.1943973876357,-0.1106096670696,0.2505444798399,0.2059574881936,0.4052748594904,-0.0644703238839,0.3044134706464,0.2515992233247,-0.0008307150013,-0.1295575865427,-0.0859418842902,-0.2283431394003,-0.0642729595306,-0.1943834153204,-0.3045763587199,-0.1719787826766,-0.1493377512331,-0.0684576537402,0.0230789416261,-0.1897721403410,-0.2121009663383,0.1378964196644,0.0827566734679,0.0102371934006,0.1307824854794,0.0188602082651,0.0172045879955,0.1407350512292,0.2881822712131,0.3426348536817,0.5366055517695,0.2719515800978,0.0232321993757,0.0793582238586,0.2040990902995,0.1881648287371,0.0501469108586,-0.1799438063348,0.0066961918337,0.7341588195095,0.3809859209206,0.6134921716686,0.2170546131271,0.0494387355698,0.2838343998670,0.2964460898196,-0.0073305549466,0.0077694871749,-0.0470624487007,-0.1646487866757,-0.1845713339788,0.4476648143050,0.0485671642035,0.4507539981001,-0.3745832060966,-0.1970217336961,-0.0292942058683,-0.1160306723238,-0.0391290110848,0.1788368313155,-0.2252874126829,-0.1099621824932,-0.1014837827392,-0.3412693012770,-0.2420168036971,-0.1395816645578,-0.0671499648883,-0.1839818886369,-0.1910233812410,-0.1171974717324,-0.1481560593208,-0.0734019127769
0.3451278360682,0.3276140170895,0.4384111488606,0.5311905623646,0.2568268042267,0.2655583915410,0.5627577391552,0.6108112756656,0.4467306003743,0.2889860382079,0.0001217462575,0.4105444476914,0.2963259476170,0.2537559377047,0.2487775530536,0.4144890339724,0.5225133191383,0.5186024525465,1.0000000000000,0.4824891323414,0.5324916209123,0.0914184609815,-0.0509906599354,0.1432307315807,0.3370444917561,0.1972938952665,0.0327665124784,-0.1711950678636,-0.1889999389925,0.0892840193967,0.2936284669712,0.3002700427802,0.3667767629069,0.2084669939413,0.5139449412564,0.7186316030082,0.0316670708071,0.0727096247368,0.0773505940875,-0.0927655758078,-0.1336425205545,-0.2023543766641,-0.0498462319435,0.0909270986819,-0.0934188878516,0.0614014055758,0.1963708049987,-0.0468414103736,-0.1573928642035,0.0962844819542,0.2514709218333,0.3168001733652,-0.0390822421936,0.3185702329748,0.1863685027453,0.4482155244006,0.0982711959566,0.4226944616870,0.7921675768681,0.5353806602823,0.2165155524097,0.0813054770645,0.2145378782366,0.0125159988606,0.1368275070875,-0.3245003149183,0.0144236124832,0.3573496101050,0.8736341933543,0.4360860625421,0.2322721952455,-0.1021369236808,0.2231341139181,0.4301302171868,-0.0238439135422,-0.1325251785452,-0.2481134140372,-0.2305200625776,-0.3197736587575,0.2512331116632,-0.0870186961884,0.0559789776272,-0.3541473956057,-0.3583125935689,-0.2599793979217,0.0082106218505,-0.0523265192155,0.5684803882604,-0.3784761960126,-0.2216850242876,-0.0967569050821,-0.3319323519996,-0.1880972504985,-0.1014655052369,-0.1501225022326,-0.1015082381113,-0.2671705272452,-0.0164690952843,-0.1904953399519,-0.2155766109677
-0.1174934038380,-0.2168681835730,0.1915003922632,0.1981503079705,0.0290421033865,0.0711548791590,0.0935621135254,0.5284902380556,0.5817257522342,0.3250477344597,0.1914380389246,0.2848160173574,0.3464999044620,-0.1274223803590,0.0939922664892,0.3399351123170,0.6592411543585,0.5455959187403,0.4824891323414,1.0000000000000,0.5842467802148,0.1420537137672,0.1630101329977,0.4854724235531,0.7131363017609,0.3077886250257,0.4218211611863,0.0405620957970,-0.1713360657513,0.0622719495812,0.3927936179927,0.4045346267027,0.6196284221349,0.1559896785678,0.3151723665328,0.3044026395110,0.0943616932742,0.3905516469445,-0.0221508385196,0.1293831552490,-0.0920214409379,-0.0977283474741,0.2164762222002,0.2763372845976,0.1997323514408,0.1594609899440,0.3449153676948,-0.0933180167611,-0.0513716760945,0.2453106080450,-0.1848745826967,-0.2660761463808,-0.0955047272951,0.0679707709932,-0.0548076735050,0.0189254232841,0.3813121862032,0.3363542931319,0.4325057742483,0.4993878044630,0.1026805031524,0.2602019424581,-0.0032405083111,-0.0586516739432,-0.3483504132613,-0.3061200414972,-0.1282254168704,0.3616617570889,0.4324989796348,0.7769219936854,0.0198972403441,0.0925764251171,0.3716522553518,0.7227671751439,-0.0850187323488,-0.2573866824173,0.1282928217320,-0.2051565550154,-0.3002823632379,0.1429035625884,-0.2033796903236,0.1734751337653,-0.2668830160872,-0.2735459638270,-0.1371140251982,-0.1362958302840,-0.0017113176691,-0.0208710396250,-0.3395248432853,-0.0051926705273,-0.1989513050385,-0.2676339021841,-0.0852145806213,0.0608847736597,-0.1231360425207,-0.0702393613719,-0.3247153561651,0.0012950501530,-0.0680426109078,-0.3021789234534
0.0735673198750,-0.0018611069432,0.1892453164795,0.3140838693251,0.1443214979755,0.0568288685772,0.1674424507213,0.3146521465911,0.4088836467561,0.4390903872895,0.2746299906268,0.5979772972210,0.3397677173257,0.2062068598231,0.4670044688019,0.1600473050070,0.6114437237151,0.3943894863223,0.5324916209123,0.5842467802148,1.0000000000000,0.3981470287850,0.3850080105054,0.5774689031019,0.4460991318372,0.3637804029253,0.4052104069055,0.0026759104926,-0.0584681931166,0.0500935032092,0.3238071077370,0.3644225429458,0.5652948690457,0.1088177435372,0.3380176452552,0.3127694274705,0.0881382869437,0.2053318441071,-0.0553988321317,-0.0103280727843,-0.1505915872801,-0.1804212978090,0.1553657834685,0.0638926856459,-0.0427130203145,0.0927250560708,0.1911179478507,-0.0714823667713,0.1618537746079,0.2288900100226,0.0142628159930,-0.0779337037810,0.0193771372158,0.0475284666772,-0.0208628525050,0.1235605559349,0.2298253585750,0.2863172508888,0.4909326420630,0.4355458568179,0.2678131317202,0.4205218352216,0.2904066121833,-0.0538788632045,0.0617346088754,-0.2355219289800,-0.2550167608812,0.4640643888396,0.4865214919533,0.4908635085282,0.4357232611367,0.3562583294415,0.3526218411431,0.5689084742419,0.1116774901143,-0.2120109238477,-0.1095251532523,-0.1711723423534,-0.1919506934652,0.2329930895187,-0.1154615633507,0.1988703403153,-0.3436436318823,-0.3542672999026,-0.3552540433237,-0.2742099082899,0.0922608686893,0.0862688936840,-0.3033532541550,-0.1741432945283,-0.1870651184480,-0.4201855102891,-0.3460935656248,-0.0640583863893,-0.2047478581725,-0.0748430244087,-0.0530192552558,0.0463912889655,-0.1676222235118,-0.1249465033368
-0.0397687068098,-0.1029319023165,-0.0410243028075,-0.0037047233711,0.0772438391442,0.0461678067423,-0.0169965215503,0.0194196012209,0.1241621573512,0.5572181190099,0.3424262634742,0.5599983544779,0.1446799424691,0.0131517839381,0.0944902877499,-0.0531263488507,0.0830409172661,0.0376435854193,0.0914184609815,0.1420537137672,0.3981470287850,1.0000000000000,0.6471417643069,0.3598392339563,0.1190603427400,0.2218142603557,0.2545257854752,0.2061929520058,0.1181639552732,0.0123234721565,0.0421754468137,0.1828235474041,0.1262637854721,0.1002790239359,0.1404176904690,0.0736936925210,0.2691033395189,-0.0288495024816,-0.0208557932212,0.1063027194398,-0.0273877857738,-0.0536142538907,-0.0414595332123,-0.0658264595605,-0.1949678113795,0.2592377102138,0.0807490554697,0.0916324104415,0.1646784580469,0.0229798736576,0.0230193533743,-0.2047119601857,-0.0275637372516,0.0322889037443,0.0277447620022,-0.0529300279141,0.0700315612388,0.0412227594997,0.0857812038412,0.1759338366798,0.4191488893545,0.4531509969548,0.4237480807027,0.0380537123561,-0.0387899719163,-0.2411093887410,-0.1458262935306,0.0836249201286,0.1052209061784,0.0693551106297,0.3628065305405,0.7203416175607,0.3157174617482,0.2487799264832,0.1457098942300,-0.0733784006930,-0.0481615671962,0.0387731763299,-0.0489539762124,0.0757966111044,-0.0488563062242,0.0524145770658,-0.2107654805818,-0.1077394402674,-0.3805846137334,-0.1070703294193,0.3563564320274,0.0003534388377,-0.1857795497279,-0.1601436393526,-0.0767607959391,-0.0943867299634,-0.3611685086379,0.0664302438428,-0.0320757518730,0.0606062953941,-0.0301178743669,0.0841895794440,-0.1227015546656,-0.0817581641700
-0.1435292935512,-0.2095979433284,-0.2829899342804,-0.1625001777834,-0.0893348881801,-0.1870813198570,-0.2305457344325,-0.1486152499122,0.0993820721761,0.4612998540533,0.4620036607535,0.4760905668502,-0.0404747465891,-0.0750012715715,-0.0759698154373,-0.0463587833208,0.0918743573494,0.1577361377658,-0.0509906599354,0.1630101329977,0.3850080105054,0.6471417643069,1.0000000000000,0.3588458360611,0.1425931416519,0.2412140551419,0.4052205112297,0.0433892384283,-0.0205195894604,-0.0668926551085,0.0963655405214,0.1437536715726,0.2179856519334,0.0155817067844,0.1252656494742,-0.1175933751301,0.3012310658501,-0.1236252797560,0.0370682566208,-0.0763305767166,-0.1541689962821,-0.1734476836762,-0.2440409597634,-0.2724399493001,-0.1946573447639,0.1738489005074,-0.1680128754336,-0.1374022100011,0.0765732823410,-0.0645429667853,-0.1308611352118,-0.2891579118290,-0.0086802582012,-0.2477866353425,-0.1726546504922,-0.2535348046240,0.1444146097610,-0.0366812845755,-0.0524142233788,0.0925096246994,0.3818340650183,0.3923876564256,0.4707378083404,-0.0358036676971,-0.0787059328384,-0.2590708703228,-0.1913929737276,0.1098959376623,-0.0993427393854,0.1525968942704,0.4343665355524,0.8244393453612,0.3655512260443,0.3434119105312,0.2144276238690,0.0906300635405,0.2542967210698,-0.1066011016759,-0.1376126356652,0.2574838393582,0.0325361161746,0.3310870706191,-0.2759001225904,-0.1276819454890,-0.2910828656335,-0.1388243812665,0.3959210084377,-0.1045600009588,-0.1300688375356,-0.0734206587453,0.0299253590819,-0.1909265868427,-0.4638388075741,0.0141354013776,-0.0210198594491,-0.1536297461808,-0.0625740736033,-0.0433026668208,-0.2023403684145,-0.0916777130364
-0.1586629400837,-0.3440406516399,0.0207089118183,0.1671968076690,0.2663381944262,0.2732158110875,0.0920985446390,0.1529102747793,0.5541297905547,0.3266710081923,0.4180358521022,0.4417322887995,0.1776500640526,-0.1022532976026,0.4089490473682,0.0494598643850,0.3168329776621,0.1295812618206,0.1432307315807,0.4854724235531,0.5774689031019,0.3598392339563,0.3588458360611,1.0000000000000,0.3674623256849,0.2983669043967,0.4318662245909,0.1116349737019,-0.1322368688172,-0.0689318160932,0.2513493915822,0.0318816706805,0.2845058239970,0.0885373266911,0.3774905326983,0.1807941719335,0.2745414401033,0.3046038409172,0.1327808639725,0.1086507439686,-0.2739588890251,-0.2698202969009,0.2459704934163,-0.0204218438822,-0.1168982211805,0.0031812908866,0.0768464484770,0.3197953602664,0.4080068482939,0.0735136786157,-0.0327615996741,-0.4150610564801,-0.0565243161883,0.1353409143387,0.1843161941745,0.0551376036800,0.1819347977889,0.1201753391865,0.1662226547972,0.5073713741353,0.0960979985832,0.4426220276254,0.0455083804508,-0.1302817118670,-0.1796129942572,-0.0155678511023,-0.2334389903286,0.1703147435003,0.2518096093090,0.3302791417812,0.1598121501923,0.3219242936720,0.6122873119664,0.5328707563864,0.0338694566647,-0.2546099991045,0.0214437646023,-0.0117179644248,-0.1480554720518,0.0559409783555,-0.2355044099463,-0.0378241615223,-0.3782562037174,-0.2402607055898,-0.3829848288928,-0.3124208462122,0.3628156147661,-0.0197745209060,-0.0995551699405,0.0319144272206,0.0765552027712,-0.1429660942136,-0.3082594876669,-0.0037989055670,-0.1792450418532,0.3315717200339,0.0983391391522,-0.1377677160042,-0.2356092745977,0.0256773497353
