1.0000000000000,0.1618702522345,0.3454802198607,0.0191362500273,0.6908920708374,0.3889374299015,-0.0205371962706,-0.3203148574248,-0.2868856559979,0.4272861691341,0.0651312309549,0.2012812827257,-0.0817647143207,0.3928105369301,0.2071400855958,-0.3916367093604,-0.1504335079838,-0.1114568932446,-0.3531949970459,-0.3658195451048,-0.0488920057917,0.0309326820083,0.1813298860833,-0.1302078565346,-0.1426216745547,-0.1472527380919,-0.0317801560839,0.1509480895570,-0.1621402102827,-0.1022474554244,-0.3087544673636,-0.2548184694240,-0.0910345816903,0.3142343251604,-0.1909930951394,-0.3212765607583,-0.1503559493188,-0.1936996471650,-0.1390825442781,0.1073375927867,0.0524167316670,0.1000904135702,-0.1497644074422,-0.1956516060786,-0.3412609122372,0.1342938205609,-0.0250619685615,0.1465300816475,0.2331892972993,0.1352103038748,0.6583386590205,0.2423502135191,-0.1100813715066,0.3999871003431,0.3187970077036,0.0160855622508,-0.0564536095354,0.0193952765716,-0.1920938741929,-0.2044632193679,0.3314540453647,0.2314051591692,0.3282803521565,0.1649548568416,0.2357135593706,-0.1909824539353,-0.2705731870026,-0.2141503589105,-0.2934029578530,-0.3507551111109,-0.2506458480652,0.1604283326860,-0.1280695818734,-0.1782838358679,-0.4531032682903,0.1125652409779,-0.0491996916219,0.0551893403942,-0.2293060644532,-0.3388301423135,0.1020999564212,-0.2469185980841,0.2269943123277,-0.3577138050688,-0.0846490333396,-0.0002888584767,-0.0805078615420,-0.2358541402046,-0.3176025181321,-0.2158621332090,-0.1120947643954,0.1252359152855,-0.0681245116052,-0.0974692500017,0.0965894119570,-0.0108981272802,0.1176244349123,0.1412251921913,0.3152976441381,-0.0607544064076
0.1618702522345,1.0000000000000,0.2559932616694,0.6103516041359,0.3272186817672,0.1061383149795,0.3752662989555,0.2671904398540,0.0851506763501,0.3065926573632,0.1191517119002,0.4274776900769,0.4631687658934,0.2177135391439,0.0411907091770,0.0265032162476,0.0606355441159,-0.4822218288138,0.1564034809656,0.1671722205094,-0.0905361389115,0.5164451500316,0.2720119752879,-0.2842317378183,-0.3534506054371,0.1700391354605,-0.1113007012846,-0.0629399584455,0.2121171124861,0.3143071122739,-0.1192926688713,0.2083724703120,0.1235683753145,0.3913293148422,-0.0072905464001,0.0548786676948,-0.1414869715990,0.1044557974202,-0.2067126520722,0.1459256241088,0.5826928162682,0.2166302713463,-0.2014294076962,0.1963920136111,0.2458609630350,0.1663684473288,0.5205893779500,-0.0992006011024,0.2584042989083,-0.0460157935267,0.1032080837477,0.5196904473440,0.3352703494982,0.2252129172888,-0.0254088547112,0.3648054330659,-0.2801336882933,-0.0714624229150,-0.0914012235972,0.1236656107832,-0.1362631870861,-0.0142886351871,-0.2528645418507,0.0159103952928,-0.0539104336013,-0.1214798723552,0.0771901836358,-0.0440423708270,0.1108216797633,-0.2857507577968,0.1987124777211,0.2528249491311,-0.4780935365723,-0.0166560336070,0.3232819317244,-0.6261044511169,-0.3519369005457,-0.0264741632489,0.1505571845077,-0.0438030772269,-0.4974268453628,0.1587352016743,-0.2660816761628,0.1539879743732,-0.4993622460057,0.2716797341659,-0.2507504630831,0.0222709330845,0.1924832162350,0.0511228410522,-0.2062759520772,-0.0246250415908,-0.2036073734959,-0.0450165982781,-0.1568104387937,-0.1894143430013,0.0215178704964,-0.2491089058507,-0.3299257350194,-0.0385958853091
0.3454802198607,0.2559932616694,1.0000000000000,0.1538807046945,0.3825433303742,0.4659530888786,0.2386770330864,0.0419705089877,-0.0425989050082,0.3175002291912,0.1479903181443,0.0392710263497,0.1207956554643,0.0612751717735,-0.1260443807659,-0.0520305635802,-0.1208190599433,-0.1511609843453,0.0004258175907,0.0064437464910,-0.2189335520150,0.3636615462302,0.1621099624812,-0.0138205069614,-0.2331357866502,-0.1838869840252,0.0172656974068,-0.0868886770174,-0.2654042609368,0.0548412144507,-0.0146831916838,0.0194231838037,-0.0326215328059,0.2534870612988,-0.0778633704216,-0.0279863228562,0.1617609542813,-0.0782285019905,0.0160422293528,0.1874560255175,0.2488273853160,0.2373820643741,-0.1557724757615,-0.0072398705549,0.0469051223040,0.2933608148826,0.2571985321426,0.1648245175951,0.1988251334879,0.0678319141312,0.4637919113614,0.5669039239214,0.1916436820488,0.7286761838040,0.4627628265011,0.1424319711479,-0.1036968095571,-0.0492875705706,-0.0256732103029,-0.0761300402341,0.1946251346018,0.0872565922814,-0.1159400902892,-0.0271057233317,0.1623046878239,-0.1350671810172,-0.1122108958379,0.0716654311628,-0.0537560036071,-0.2819952218829,-0.0477269994808,0.1551000395058,-0.0527199580438,-0.1909171450823,0.1124559018341,-0.4526151012674,-0.1461457398686,0.0184252262132,-0.1302172379761,0.1177231818510,-0.1415334836212,-0.1811994616010,-0.0490060873640,-0.0065300890250,-0.4494404253835,0.1987885566015,0.0620851032702,-0.1168110050000,-0.1034494366524,-0.2936892786339,0.0040630436156,0.1195543456896,-0.4295886841633,0.2298033097020,-0.0806338703855,0.0152789749756,0.0637153016011,-0.0468652456329,0.0340179145557,0.0166382143968
0.0191362500273,0.6103516041359,0.1538807046945,1.0000000000000,0.2277041000400,0.3083376072450,0.6967779925680,0.3370852244795,0.2563220845528,0.2825491966579,0.4676094669967,0.5442399405566,0.6103193213317,-0.1321297846848,0.0732827942127,0.3081418012111,0.3416627400401,-0.0617825810618,0.3061009338641,0.2988369338634,0.0864660593884,0.3507607470685,0.4117483436029,0.1054055694016,-0.4157601694199,0.2004444763926,0.2421101742170,-0.3761304754766,0.0054702656248,-0.1525124367591,0.2569498586755,0.3161069955712,0.3685393121595,0.0867565844134,0.0535778865630,0.1283104983378,0.0288401933114,-0.1067218768996,-0.1297554130613,0.1319935090346,0.3049456160730,0.0781783080089,-0.0766379019306,-0.0732063440735,0.0041528366402,0.2566666916665,0.4239516157431,-0.0626840255433,-0.0620598600353,-0.0773066104438,0.0462755881467,0.5323234351928,0.6261129111493,0.2782154609707,0.0709089960044,0.6865902931415,0.0623527497667,-0.1373829997698,0.0748595202989,0.0774947291375,-0.0092764039240,0.2716762013853,-0.0121069939322,0.2093540224193,-0.3148500264939,0.0276113887540,0.1891151009881,0.3431845688309,0.2201807448760,-0.1222009142185,0.4479680764723,0.3428894816175,-0.0487155419694,-0.0473970374421,0.4221924183517,-0.4363726509402,0.0971418098516,-0.2728267493231,-0.0773466148457,0.3317998868274,-0.2207488644204,0.3736338613378,-0.4276324916707,0.2227958527531,-0.5014525786749,0.2373845803404,0.0178788724896,0.1690176123646,0.3120189573507,-0.0915498747616,-0.0737636383260,-0.1625059163167,-0.3740618037038,0.1125049317827,-0.0479604086167,-0.0967412102779,-0.1128551620024,-0.2261252018586,-0.1951266836106,0.2063574128483
0.6908920708374,0.3272186817672,0.3825433303742,0.2277041000400,1.0000000000000,0.6528468875375,0.2183433285402,-0.0651183739793,-0.1116176843656,0.4825232478853,0.2647489362042,0.4039652057636,0.2358374661276,0.2409891772481,0.0657679581335,-0.1409595011090,0.1404160990036,0.0316194376773,-0.1631924132359,-0.1475635352110,0.0736672981034,0.3372852934297,0.3126315043029,-0.0254080495621,-0.1845245754566,0.0306204968406,0.0555233481926,-0.0621833341039,-0.1904820522289,-0.1996597061754,-0.0914991887789,-0.0373555593107,0.1802760957093,0.1874428955775,-0.0261619517832,-0.2304429832816,-0.0011665650815,-0.2160666197526,-0.1306706527127,0.0540982611158,0.2278567496745,0.0782802834821,-0.2907385549101,-0.2425556571863,-0.3241205088298,0.1933012744774,0.2228940434543,0.1655684584744,0.2794372289505,0.0054504647793,0.5355837138592,0.2926424512398,0.0949881034124,0.6206719696746,0.4840882140446,0.2327145574789,0.0873077030084,-0.0438323055212,-0.0635475384941,-0.1482581957769,0.3690670136981,0.2314401580650,0.2854107945000,0.2553959048405,-0.0003660340821,-0.1269171499339,-0.2597223122655,0.1067546514249,-0.2060551221251,-0.2551370442794,0.0756322243943,0.2758843265982,-0.0463252309317,-0.0411195204901,-0.0664422345694,-0.1364161653613,0.1056324977560,-0.1093691871162,-0.2536370191555,0.0008249552707,0.1265332289535,0.0240317357227,-0.1322060628407,-0.2056671760660,-0.2403603570271,-0.0020415202017,0.1436497420187,-0.0656829148795,-0.0483185118872,-0.1750407733673,-0.0241218891357,-0.0303943858309,-0.2339977764125,-0.1233493744098,0.1547376370847,-0.0187732967095,0.0719415990996,0.1345157328034,0.1051721144392,0.1810183115698
0.3889374299015,0.1061383149795,0.4659530888786,0.3083376072450,0.6528468875375,1.0000000000000,0.4697617368452,-0.0166386771825,-0.0163657259217,0.3515600774318,0.3922952858427,0.3439523399677,0.2740232202885,-0.0614927775412,0.1081649519203,0.0371517382291,0.1953835604737,0.2078881838221,-0.0146635742694,-0.0496515248876,0.0973318487375,0.1672713460413,0.2392413263455,0.1844327024892,-0.1809596249551,0.0498674493112,0.3387697767110,-0.3078043302456,-0.3409458799453,-0.3772832572206,0.1199370745124,0.1064235081895,0.2914565457107,-0.0214509557445,0.1407680217495,-0.0477632054186,0.2492841042509,-0.1359477243133,0.1568898755557,0.0589111002541,0.0831897522889,0.0481334338368,-0.1846457791284,-0.2447893685164,-0.2498372099752,0.0608566688524,0.1008367096449,0.4693628954814,0.0273235421483,0.0748893379090,0.4011638347213,0.3924474482912,0.3585982205153,0.8056485942386,0.6900705717880,0.3878914491951,0.1469031106618,-0.1399691020189,0.0288918708101,-0.1789476069314,0.2766864315047,0.4260941691722,0.2444855913601,0.2872477392753,-0.1704908821849,0.0772085419320,-0.1513630465261,0.4318215143403,-0.1070899641078,-0.1174910751452,0.2579614739557,0.2046170017832,0.1714061020685,-0.1385505575658,0.0950273777719,-0.1067221197896,0.2954286298014,-0.2872047425554,-0.3003713397040,0.2763125678793,0.2156105796321,0.1209124936098,-0.2692947275673,-0.0881244527756,-0.2048564930532,-0.0760594024362,0.3104314023538,0.0929082753244,0.0906159744858,-0.2017753044511,0.2261752459370,-0.1229412747907,-0.3791761204565,-0.0575464981699,0.0027695506991,0.2770970688884,0.0188868255851,-0.0809537719585,0.0345899825028,0.3353584905748
-0.0205371962706,0.3752662989555,0.2386770330864,0.6967779925680,0.2183433285402,0.4697617368452,1.0000000000000,0.1526890043536,0.1025834982286,0.1618141948671,0.3095997168022,0.3326926575254,0.5062172730958,-0.2564802776361,0.2345450547503,0.2528859412503,0.3223911523890,0.0655919536371,0.2589517717799,0.2346539689162,0.0464925539974,0.1120979299999,0.1226345708624,0.1850479765661,-0.2666659567809,0.1862398458145,0.3284561004605,-0.4213864476264,-0.1213119711533,-0.2524962798323,0.4593688860601,0.3177119506160,0.3796691552769,-0.0089787907429,0.2095232230090,0.1149420516067,0.3951439735081,0.0680519185461,0.3272682898699,0.0823156159461,0.1633354297862,0.1647367549801,0.1854531957318,0.0243375345448,0.1406477893557,0.0196546264902,0.2368198136430,0.1896448846959,-0.1561350045521,0.2025947828165,0.0754640510002,0.3993999299192,0.5038516614199,0.4412782978057,0.3159360929292,0.7651575063310,0.0313545237620,-0.3073929572384,0.0275808224341,-0.0304457943698,-0.0546567367288,0.1646432827527,-0.0480315595508,0.1987744844651,-0.3652826344199,0.2465624540096,0.0373622698973,0.4006059108848,0.0428456414949,-0.1791511261031,0.2572936818112,0.0687545158893,-0.0281062174640,-0.1495368758967,0.2986061825733,-0.3244027055003,0.2258443988998,-0.3317429998772,-0.1436959270346,0.4321460916559,-0.1397309290981,0.2271991409188,-0.3254050407991,0.3128259772126,-0.2905486291123,0.0710001066009,0.2417886578927,0.2234531243371,0.2859655137397,0.0339122269267,0.3478512742298,-0.1145994301125,-0.2523798167358,-0.0367445528781,-0.1346579443746,0.1299731934384,-0.1203701071010,-0.2598461249183,-0.1148624282543,0.2078835622175
-0.3203148574248,0.2671904398540,0.0419705089877,0.3370852244795,-0.0651183739793,-0.0166386771825,0.1526890043536,1.0000000000000,0.7668124449598,-0.0279629776256,0.2903675933413,0.1871665209357,0.4781212503325,-0.2674336251206,-0.3667074730009,0.5800177967668,0.2733193363153,0.2503843369371,0.6012481149462,0.7386012198215,0.1034548538171,0.3990959000153,0.1795210385687,0.3202155752723,0.1246395605768,0.3061252229759,0.0096697122869,-0.0728091449427,0.1630457068054,0.0726233572042,0.4303274626581,0.2524660817721,0.0912997922548,-0.0644555956987,0.1289076049913,0.3137927703614,-0.0030282879835,0.1367257958198,-0.1233240683045,0.0215499986697,0.2756620736037,-0.0700003079809,-0.1209303548355,0.0574545919466,0.2193401272730,0.1806553394294,0.3330937210248,-0.2094061792481,-0.0578470840395,-0.3862112001580,-0.2319702640457,0.1771538326423,0.2182107671286,-0.0107513035326,-0.1848467531677,0.2726037808507,0.1804536769407,0.2098287205101,0.5837986928467,0.5240392343351,-0.1031113616841,-0.0833342007195,-0.2723782838252,-0.0441186591393,-0.2824143373370,-0.1274176673397,0.1471965635315,0.2533878767279,0.5267749244497,0.4256909672961,0.3353003591465,0.1187936986455,0.1134729330307,0.3330926920159,0.5309895106244,-0.3793198693371,-0.0935169349558,-0.0721085090702,0.1875591239967,0.4453373509817,-0.3808954613198,0.2183335273085,-0.4099038963773,0.1172869043992,-0.3296889860113,0.1233802914224,0.0343149781185,0.1699076306068,0.1440073780154,-0.0121271094084,-0.1220263339909,-0.1922111859349,-0.2553921933766,0.0803663241243,-0.0953003384677,-0.2030009274270,-0.1712471850697,-0.0334465170178,-0.3620494646585,-0.0646555408267
-0.2868856559979,0.0851506763501,-0.0425989050082,0.2563220845528,-0.1116176843656,-0.0163657259217,0.1025834982286,0.7668124449598,1.0000000000000,-0.0867213989397,0.3002099130077,0.1661174198470,0.3361473231705,-0.2577639052743,-0.1989023942258,0.6570510549278,0.2715463707329,0.3276663954529,0.7739927760053,0.7863668408658,0.1103928551934,0.2214621827947,0.2317984964382,0.5397591554156,0.2698744208208,0.3441393552658,0.1338900537809,-0.1083924563665,-0.0125326488029,-0.0559028715470,0.4594789809118,0.2599658383394,0.0972749733610,-0.0316220188727,0.1464431704648,0.4841202022296,0.0247451802706,0.1391942014855,-0.0693656864964,0.0225708532961,0.0791369829841,-0.0945324248776,-0.0459157773704,0.0511652337039,0.0907469652111,0.1668132815809,0.1846126394873,-0.1149757342206,-0.1041010470991,-0.2623355775852,-0.2623356031572,0.0372114123611,0.1462069493624,-0.0505700120509,-0.1858900595930,0.1975168120170,0.2481756470000,0.1344040190203,0.6740311950002,0.7367105026005,-0.1150270186699,0.0547928543366,-0.1703212437093,0.0061872213599,-0.2948129772719,-0.1005871392085,0.2099479693199,0.1954194131311,0.6975967139498,0.5701655041106,0.3030636060646,0.1182113244030,0.3234413813994,0.4484176437274,0.4215690367938,-0.1831875207929,0.0817389033625,-0.1669816890238,-0.0360334719701,0.4584693807947,-0.2764624768871,0.1716132658309,-0.3355734855525,0.0519942472566,-0.2700770308709,0.0230863102370,0.0662329197736,0.1831548015521,0.0849559778896,0.0193091709867,-0.1265874289248,-0.1984359055462,-0.1458905327606,0.0289963276726,-0.1134798393640,-0.1224741738526,-0.2856424008700,-0.1268012409668,-0.2930298133162,-0.0208230205491
0.4272861691341,0.3065926573632,0.3175002291912,0.2825491966579,0.4825232478853,0.3515600774318,0.1618141948671,-0.0279629776256,-0.0867213989397,1.0000000000000,0.3274422798202,0.6077107343735,0.2536418444633,0.2870171705438,0.2116900873732,-0.2585630884909,0.2069201606370,-0.1045187185755,-0.1498234658293,-0.0846232852928,0.3337161725218,0.4840423379918,0.4085970495740,0.1039427389605,-0.1491423765521,-0.0931190693319,0.0671013943372,0.0192545049878,-0.0479329716045,-0.0882993891583,-0.1159226692457,0.0885048861625,0.2242751346773,0.1502838888233,-0.2178865762521,-0.3148225926529,-0.0261040181282,-0.2982754476252,-0.4026734263280,-0.0782865327643,0.1144798617602,0.1097523287325,-0.2711082369967,-0.2733205087203,-0.3106002060028,0.3785200877012,0.3516279132937,-0.0292176069204,0.2178347928921,0.0888035607274,0.3065509591356,0.2742324853229,0.0187024089996,0.3854026766341,0.2490640390434,0.0509371035842,0.0492525974645,0.0667381410439,0.0186552755584,-0.0261780163877,0.6497489102255,0.4613174608941,0.3429196029352,0.1034601848765,0.1948158076940,-0.2935616671414,-0.1978358366637,0.1039879285158,-0.0841042556031,-0.2283720832711,0.2128525595819,0.5506687389838,0.0409989851354,0.1054954996319,-0.1185592112099,-0.1579182448450,-0.0596159368443,-0.1316312207288,-0.2137310930578,-0.0463428117596,0.2067370849858,0.1087604799929,-0.1609348703816,-0.3054323763450,-0.3717228108634,0.1107034892094,0.1441171447165,-0.1028973229302,-0.0286651091980,-0.3047568998672,-0.2258715534149,-0.1580930583328,-0.2685545913636,0.1232162473494,0.2113364780352,-0.1221577120084,-0.0287231918457,0.1526086789084,0.2215691829596,0.4103635409039
0.0651312309549,0.1191517119002,0.1479903181443,0.4676094669967,0.2647489362042,0.3922952858427,0.3095997168022,0.2903675933413,0.3002099130077,0.3274422798202,1.0000000000000,0.6531192106803,0.5037554216970,-0.1368977471277,-0.1360590417809,0.2195284605614,0.4088107098320,0.2793242586676,0.2760481733425,0.1953598283441,0.2576139333552,0.3670001045184,0.6629970900850,0.2707646143061,-0.1336680835675,0.1538692285970,0.3162987747281,-0.2348239619726,-0.0083102754190,-0.2689227760988,0.2486439043009,0.2314635183422,0.3992244761956,-0.1852706327804,0.0201876425083,0.0354647568320,0.1072754350605,-0.3117663283249,-0.1855235503472,-0.0138146390894,0.1198122473538,-0.0467468707098,-0.2444891253419,-0.2949668357388,-0.2517728620401,0.3310211974443,0.2480059813499,-0.0577934279689,-0.1254470258585,-0.2056004211512,0.0869803102672,0.2384297369185,0.2853439845655,0.2515920210472,0.0881123562281,0.3655896966287,0.4338678724020,0.1492953532575,0.2630164821714,0.1624795825192,0.2796858250956,0.4079617496859,0.2925750211399,0.3376525306655,-0.3669117924747,-0.1165072056767,0.0999896970574,0.4536138778571,0.2825880024945,0.1527818504205,0.5536809292331,0.3556617144269,0.3294845770406,0.2257281294500,0.3625087230379,-0.0916460758381,0.3850485627631,-0.2384591659662,-0.0721621863686,0.4461745076879,0.1075698080838,0.3047133668473,-0.4881824904503,-0.0021871630360,-0.3010972450616,0.0652870846458,0.3393575368774,0.1145917575448,0.2559020290456,-0.1801448477336,-0.0416374737122,-0.3250304132552,-0.3099028480862,0.0720432689173,0.0564756701873,-0.1090652652069,-0.0910111592772,0.0055099144182,-0.1071845202539,0.3759253192046
0.2012812827257,0.4274776900769,0.0392710263497,0.5442399405566,0.4039652057636,0.3439523399677,0.3326926575254,0.1871665209357,0.1661174198470,0.6077107343735,0.6531192106803,1.0000000000000,0.6258722475801,0.0704164432265,0.0852662474418,0.0574960997657,0.5125267610962,0.0598469554539,0.1667076704373,0.1807155381351,0.3651648150429,0.5293636954108,0.7528897750613,0.1423063164502,-0.1807434953755,0.2638110908683,0.1845469994621,-0.1881714124472,0.1005953120343,-0.2167406063223,0.1306125259078,0.4081661810086,0.5463102613647,0.0251055472097,-0.0455850938603,-0.0878707922387,-0.0027456666122,-0.3205349854933,-0.3510414696670,-0.0015540114673,0.1983318768622,-0.0035238461468,-0.3624144846117,-0.2367018974631,-0.2589651058548,0.3414723131377,0.4914773862085,-0.1272203110567,-0.0150890643111,-0.1017276695043,0.0576843541960,0.2799724876650,0.2499982319589,0.2417742134785,0.0206193549926,0.3278463349955,0.2513218183418,0.0243283977059,0.1298580968090,0.1520183302550,0.3589707320830,0.4816746902897,0.4143387317187,0.4616589416934,-0.1836325899696,-0.2474442173621,0.0260882440954,0.3266811031557,0.1804321130368,-0.0563924090854,0.6226525440820,0.6086515230198,0.0721431591871,0.2678749003260,0.2428787015949,-0.1304575672230,0.1902762355855,-0.2798160128097,-0.0465369625069,0.2408219072867,0.1454631237919,0.4798930712638,-0.4779872288820,-0.1269333720188,-0.4081836912249,0.1590110838748,0.1770727706542,0.0587162076812,0.2264131278842,-0.1647075956982,-0.2173246675308,-0.2507511287842,-0.2047604491936,-0.0963765155656,0.1899518933045,-0.2050168555418,-0.2086685349009,-0.0096543614349,-0.0949830143949,0.4117701195216
-0.0817647143207,0.4631687658934,0.1207956554643,0.6103193213317,0.2358374661276,0.2740232202885,0.5062172730958,0.4781212503325,0.3361473231705,0.2536418444633,0.5037554216970,0.6258722475801,1.0000000000000,-0.2428573436479,-0.0192722793586,0.3251883994257,0.4965017263449,0.0175726248173,0.3616858462378,0.4432429786478,0.2363514987313,0.4928650490046,0.4140450121616,0.1337310906690,-0.1418492667044,0.4521881909694,0.2517974656468,-0.4107167580038,-0.0907386007072,-0.1960914974486,0.3653803378006,0.5056432512470,0.5553203495478,0.0828407206744,0.1117304286577,0.1648228462573,0.1639246795786,0.0698081018843,-0.0729625331507,0.0989728117244,0.2766949101632,-0.0013125402423,-0.0680394112661,0.0039654552239,0.1565219235761,0.1792272276217,0.5167105411195,-0.0725366148915,-0.0414031714426,-0.1158756932324,-0.0755813209071,0.2915246489189,0.3708935500627,0.2297549850385,0.0471933454888,0.5111230134383,0.3005966591306,-0.0330242214136,0.1678349517350,0.2156889224918,0.0429838304229,0.1564900674902,0.0777603652352,0.5691707653435,-0.3483711078600,-0.0036522776505,0.1308233664274,0.4085387285949,0.2193622628583,0.0812239990381,0.4937532076679,0.3372714058975,-0.0251841558671,0.2051566407522,0.4867343988816,-0.4324382863106,0.1192989887167,-0.3734829896792,-0.1052505392412,0.4231260090117,-0.1801686347937,0.4440884330512,-0.4823828039200,0.2088836931584,-0.4504661304439,0.2312145793631,0.1954422437735,0.1656696130286,0.3176295805497,0.0684904220964,-0.0142293115852,-0.1936610217795,-0.3035439803526,-0.0228094542128,-0.0023375527448,-0.1437800634888,-0.2481407837465,-0.0922803443304,-0.2688536806363,0.1474591403783
0.3928105369301,0.2177135391439,0.0612751717735,-0.1321297846848,0.2409891772481,-0.0614927775412,-0.2564802776361,-0.2674336251206,-0.2577639052743,0.2870171705438,-0.1368977471277,0.0704164432265,-0.2428573436479,1.0000000000000,0.2309007071508,-0.1488272156438,0.0055942051959,-0.2935794067028,-0.1838759482665,-0.1961619598825,0.1980911408501,0.1640263676715,0.0529403873557,-0.1514673627730,-0.1032140224269,-0.1189899473855,-0.0822095960083,0.4390479655012,0.2186686356971,0.4619804541675,-0.2467365083184,-0.0416713113422,-0.0191164456105,0.4003320307911,0.0050316322338,-0.0830786287391,-0.3059742323975,0.0942546951115,-0.2409125740419,-0.0119747598659,0.1492003325980,0.1026231386493,-0.0284630122451,-0.0165494193130,-0.1022694058244,0.0850037574856,0.0303911585951,0.0204705011206,0.6502763434870,0.0936537684452,0.1601237543102,-0.1762156163263,-0.2421730790183,-0.0368783365116,0.0453664328366,-0.3431214583705,-0.3139460838066,-0.0246147320211,-0.1219195815954,-0.1208209531421,0.0298335791263,-0.0863853321936,-0.0928568483673,-0.2928041519183,0.4985733800408,-0.2429658869554,0.0577738528008,-0.2330564562678,-0.1028014209105,-0.1921288981056,-0.2377907266633,0.0751574414913,-0.1593973627033,-0.0601035311957,-0.3305489859107,-0.0487689678218,-0.3437468368671,0.2401239289645,0.0531701057713,-0.3066253074315,-0.0164532413989,-0.2566562643689,0.2864359314197,-0.1695599593185,-0.1127657287279,-0.0153994734514,-0.2061152472873,-0.0147555847784,-0.3335124668821,-0.1051321505586,-0.2306749536727,-0.0115837056455,-0.0531574376638,-0.0637231815444,-0.1729797892230,-0.0122260457799,0.4692892897602,0.1539218819841,-0.0090726116115,-0.2105942353859
0.2071400855958,0.0411907091770,-0.1260443807659,0.0732827942127,0.0657679581335,0.1081649519203,0.2345450547503,-0.3667074730009,-0.1989023942258,0.2116900873732,-0.1360590417809,0.0852662474418,-0.0192722793586,0.2309007071508,1.0000000000000,-0.1147152504560,0.0833236535515,-0.1286179978329,-0.1498398051104,-0.0820181128525,0.2203774044453,-0.1378475435601,-0.1418226977704,0.0407750024492,-0.0519243450064,0.2110611301214,0.1372120787057,-0.1004228304150,-0.1301903863085,-0.0924938482408,0.0149492974391,0.1637839630563,0.2086336058644,0.1918809215172,0.1108092245476,0.0553266330660,0.1243040838997,0.1893907589754,0.3786737263019,0.1530549838617,-0.0298615085387,0.3311032154116,0.4848607694473,0.1900282369568,0.1305721935803,-0.0954886399075,0.0528306903325,0.4459619108627,0.2125533329404,0.7307128795975,-0.0354830276801,-0.1468249539382,-0.0349039226263,-0.0325681087113,0.2428900457129,-0.0312045562402,-0.2932254064015,-0.3370397281339,-0.2876432084900,-0.1391106546889,-0.1025878768434,0.0924942883921,-0.0043692632687,-0.0641241328855,0.1562412468841,0.3245398180801,-0.0656797145982,-0.1933324012982,-0.1294557986633,-0.2487568467595,-0.2845732546846,-0.0635016105457,-0.1291922368146,-0.1089552699143,-0.4043174956414,0.1188560845514,0.1065219640151,-0.2054777778996,-0.3231169374741,-0.2287877606359,0.1372010616622,-0.0027127081125,0.2211044907189,-0.0780741366400,0.1196708174330,-0.1007781385793,-0.0204561674959,0.1016344168215,-0.1100686859904,0.2766104878737,0.3376422031714,0.1233811928855,0.3189124401472,-0.1507185490969,0.0499337244196,0.3493801895496,0.0133287243863,0.0214231838069,0.2356319502109,-0.0048843293487
-0.3916367093604,0.0265032162476,-0.0520305635802,0.3081418012111,-0.1409595011090,0.0371517382291,0.2528859412503,0.5800177967668,0.6570510549278,-0.2585630884909,0.2195284605614,0.0574960997657,0.3251883994257,-0.1488272156438,-0.1147152504560,1.0000000000000,0.5139434893598,0.4226455473700,0.7597027212950,0.7499675576516,0.2711338090565,0.1611204375816,0.1431290317198,0.5757700904119,-0.0019118305326,0.4416878657810,0.2053523903444,-0.3336215429350,-0.1221358337522,-0.1061293117510,0.7602825448652,0.4365809521190,0.3529847334932,-0.0837570550566,0.6171154927647,0.7618608868847,0.1592985898844,0.3322086691338,0.1694209140297,-0.0466129343420,0.0012988117194,-0.1983882514104,0.2295133063331,-0.0422183568836,0.1061088497975,-0.0021729437773,0.1082991655009,0.1332315020382,-0.0508754369043,-0.2513093565650,-0.3293285709509,-0.0796844317721,0.3225590686945,-0.0349805230994,0.0019071233592,0.3203298084482,0.0876609658861,-0.1569917672962,0.5389795380214,0.3896090387611,-0.2829353399252,-0.1393700781134,-0.3623801926467,-0.1019949096761,-0.2863291079378,0.1511651799777,0.5271414220318,0.3810432640379,0.5867194570688,0.5651201199877,0.3336151832053,-0.0940013481419,0.3924161542454,0.1325272456117,0.5294521996818,-0.1804634436600,0.1294626542385,-0.3245805765465,-0.1063094226590,0.6596645818108,-0.1771733183156,0.2305041392080,-0.3932776637302,0.3846584657312,-0.1845792299049,-0.0478603475174,0.2009330374523,0.5748099640344,0.1339666320164,0.1133196120926,0.1056462966368,-0.3037919913733,-0.2972705309996,-0.0667459537563,-0.2954174556312,0.1351198852830,-0.1507473993327,-0.2123964093936,-0.4790167478059,-0.1323585090564
-0.1504335079838,0.0606355441159,-0.1208190599433,0.3416627400401,0.1404160990036,0.1953835604737,0.3223911523890,0.2733193363153,0.2715463707329,0.2069201606370,0.4088107098320,0.5125267610962,0.4965017263449,0.0055942051959,0.0833236535515,0.5139434893598,1.0000000000000,0.4479954023562,0.4013239658934,0.5152490870701,0.6482669426461,0.2899048291680,0.3437377919074,0.4939331043837,-0.0022347952228,0.4679491522755,0.4379775733306,-0.3703834930904,-0.1634916144430,-0.4119650490531,0.6896237934554,0.4820826466275,0.7655433016431,-0.1578843622371,0.3193677188365,0.2794151892190,0.2072446350204,0.0729548311184,-0.1152398175840,-0.0894535365515,-0.0295902448361,-0.2081063688766,0.0868599137594,-0.1887733619895,-0.1550706551790,0.1150128865139,0.2316318648692,-0.0672468583645,-0.0528982935178,-0.1908857029905,-0.1654300222572,-0.0986978589389,0.2008579809911,0.0580999176935,0.0713859782783,0.2260203623037,0.2107420518096,-0.1351843326796,0.3327931493350,0.1786035615122,0.1422144983126,0.1277213915558,0.1126827796916,0.1605179644781,-0.2558311204944,-0.0886604288264,0.2797561828440,0.5917634947063,0.2733606730601,0.3160262587094,0.5600715661371,0.2482031811482,0.3741641196250,0.3067110152030,0.3403312325457,-0.0756172972535,0.3982788039457,-0.4515714273129,-0.2681839945854,0.6189067088196,0.1782632779286,0.4570968723873,-0.4671578830266,0.1232555854538,-0.2755924431258,-0.0616439546847,0.3755463549350,0.3738899125557,0.1130971929811,0.0146524028255,-0.0620303260298,-0.3261673730306,-0.2756100052650,-0.1106607613477,0.0217634066112,-0.0908914541485,-0.1630295321427,0.0615485030205,-0.2481467590380,0.1613168582512
-0.1114568932446,-0.4822218288138,-0.1511609843453,-0.0617825810618,0.0316194376773,0.2078881838221,0.0655919536371,0.2503843369371,0.3276663954529,-0.1045187185755,0.2793242586676,0.0598469554539,0.0175726248173,-0.2935794067028,-0.1286179978329,0.4226455473700,0.4479954023562,1.0000000000000,0.1835955614632,0.2522808767050,0.2045659199879,-0.1767210240276,0.0233995776141,0.6132452114457,0.2719990586133,0.1675327108284,0.2203555150780,-0.1272847931737,-0.1356065969369,-0.4606447427117,0.5840032572253,0.0593074641236,0.1981735163350,-0.3942039296084,0.2329168198584,0.0752151145787,0.2736408408392,-0.1452946374980,0.1466770142271,-0.1116384765646,-0.3093941539655,-0.2640605341668,-0.0615861201158,-0.3532202488921,-0.3932101730102,-0.0042860958150,-0.2380735366300,0.0594438352509,-0.3046320505573,-0.1924328812092,-0.0673548221281,-0.2168994617662,-0.0131601731954,0.0384933788418,0.1034068805538,0.1281528774485,0.4572750994414,0.0450534107148,0.4945925790656,0.1044006155828,0.1878611746474,0.1692109289529,0.2079196768050,0.0989343767832,-0.3186584317465,-0.0353628767857,-0.0694119119338,0.4787033541615,0.1023845595481,0.4367990729049,0.2136242677184,-0.1223079039618,0.6496374438017,0.1575602491479,0.0577616357630,0.3726113617093,0.5245300764675,-0.1880043356144,-0.1849843331185,0.5734707866235,0.3659422832998,0.0863360899478,-0.2059913020653,-0.1454322847233,0.1212526190480,-0.3091882358528,0.4006509524144,0.1475649746205,-0.1202459024485,-0.1502167898952,0.1481545618101,-0.1379342425236,-0.1144626799520,-0.1387782656323,0.1350400051497,0.0631143133748,-0.2119475945296,0.1242272358807,0.0312102766907,0.1348814880334
-0.3531949970459,0.1564034809656,0.0004258175907,0.3061009338641,-0.1631924132359,-0.0146635742694,0.2589517717799,0.6012481149462,0.7739927760053,-0.1498234658293,0.2760481733425,0.1667076704373,0.3616858462378,-0.1838759482665,-0.1498398051104,0.7597027212950,0.4013239658934,0.1835955614632,1.0000000000000,0.7918911539591,0.2127447029727,0.2588377280327,0.2502416599203,0.4953897695895,0.1600949237815,0.3702023606738,0.2284408769139,-0.2811112407653,-0.0741432385838,-0.0540901623729,0.5740528590898,0.3510095222062,0.2603334563006,-0.0740647902190,0.3702602535211,0.7413274832832,0.1129967526720,0.3219057667893,0.0526057816503,-0.0385725738880,0.0675390909048,-0.1496092149232,0.1467856519588,0.1025788068478,0.2325363274292,0.0676725075349,0.1629745317763,-0.0114261250722,-0.0670065659906,-0.2552130312798,-0.2494974554246,0.0745596662058,0.2544944681658,-0.0149114890720,-0.1020496552190,0.2823990621316,0.0513795897379,-0.0109422286985,0.5273075737636,0.6623523999701,-0.2129297070851,-0.0365017013509,-0.3047759256932,-0.0523316077182,-0.2758528534794,0.0172827695095,0.4909875102835,0.2787833848306,0.7849856091457,0.5400220037748,0.3724268711277,0.0736040835317,0.2946901523401,0.3267756189231,0.5274447093993,-0.2768228647433,0.0731542264588,-0.2629614973868,-0.0537880562720,0.5338263675587,-0.3250330380253,0.1832265745868,-0.4491268643154,0.3295106069272,-0.2941518801243,0.0197539770238,0.1326247662370,0.4197904728939,0.1914166388624,0.1229072049080,-0.0126595912654,-0.3044218010663,-0.2283416099731,0.0140840949419,-0.3036133896257,0.0045279914859,-0.1926143656223,-0.2301468551056,-0.4584808904542,-0.0763113766594
-0.3658195451048,0.1671722205094,0.0064437464910,0.2988369338634,-0.1475635352110,-0.0496515248876,0.2346539689162,0.7386012198215,0.7863668408658,-0.0846232852928,0.1953598283441,0.1807155381351,0.4432429786478,-0.1961619598825,-0.0820181128525,0.7499675576516,0.5152490870701,0.2522808767050,0.7918911539591,1.0000000000000,0.2958178605781,0.3213951001874,0.2036977234524,0.5425500927741,0.1790643602896,0.4664539212312,0.2149236088032,-0.2073424747764,-0.0393966858431,-0.0453415311002,0.6752055469857,0.4731242056145,0.3579689685098,0.0252225867905,0.3453288972192,0.6410386769031,0.1428695064663,0.3484741850936,-0.0150026610080,0.0093436073405,0.1301002367519,-0.0730123469686,0.1759606758990,0.1103631908420,0.2601817160251,0.1602318197950,0.3132561751503,-0.0716696558583,-0.0129700764634,-0.2192495852820,-0.3203182184526,0.0313357996747,0.1891527987755,-0.0491470254914,-0.1208661097761,0.1963251790910,0.0304772792273,-0.0425735946183,0.5505945750412,0.6145456544021,-0.2208816483462,-0.1084483850663,-0.3194694362200,-0.0898413120008,-0.2473553808898,-0.0409547751104,0.3951842600982,0.2537031333431,0.6975525774340,0.6074555701757,0.3022045822855,0.0824598951025,0.2724136488063,0.4235222575677,0.4706790700553,-0.3145963658457,0.0530972021898,-0.2442034995229,-0.0621957821754,0.5436557691542,-0.3220446291598,0.2630809311587,-0.3694842505651,0.2234697703156,-0.3222571098740,0.0486646786356,0.1396222766988,0.3880041206793,0.1013799668624,0.1369484977430,-0.0607133371564,-0.2545590334492,-0.2192668758550,0.0081595992422,-0.1993093069317,-0.0679663074966,-0.2519722433427,-0.1176112551122,-0.3776896623080,-0.1267911478615
-0.0488920057917,-0.0905361389115,-0.2189335520150,0.0864660593884,0.0736672981034,0.0973318487375,0.0464925539974,0.1034548538171,0.1103928551934,0.3337161725218,0.2576139333552,0.3651648150429,0.2363514987313,0.1980911408501,0.2203774044453,0.2711338090565,0.6482669426461,0.2045659199879,0.2127447029727,0.2958178605781,1.0000000000000,0.1129050250693,0.2304580593690,0.4716887588378,0.0773819840108,0.2836248644204,0.4672076066690,-0.1758156092224,-0.0475007823840,-0.2258108871091,0.4202003373158,0.3518088997515,0.5131907580602,-0.1713317542204,0.2051034829831,0.1608458040366,0.1513227747824,0.0557647759122,-0.1960028230077,-0.3038081931655,-0.2157890690001,-0.1195709730501,0.2772221501016,-0.2156300592366,-0.1478429841692,0.0207379942711,0.0946583403368,-0.0705030724076,0.0510880605676,0.0443856830080,-0.1603748932179,-0.2285332138015,-0.0291718706856,-0.0616394455942,0.0300751648130,-0.0297803723947,0.0562395131028,-0.1316660672328,0.1849558914144,0.0045524376395,0.1441491268704,0.2543735930617,0.1295222246521,-0.0307959516881,-0.0746767434996,-0.0039141237593,0.1832833932483,0.3628837002289,0.1669316834288,0.2861370196227,0.2764149496984,0.2907457594590,0.3458532623181,0.1763820645445,0.0682727593644,0.1112158874636,0.1796834800561,-0.3439785462258,-0.1841560009182,0.2866758212753,0.2479275903765,0.2390828404173,-0.2462550526388,-0.0408309088797,-0.0530113558050,-0.1635854150678,0.3190551963623,0.3422604361158,0.1391958039936,-0.0927628704525,-0.0479354048108,-0.4904813128325,-0.2103148126016,-0.0572353317442,-0.0361970066796,-0.0093082517371,0.0117429860326,0.1012122623293,-0.0311039924180,0.2118691789479
0.0309326820083,0.5164451500316,0.3636615462302,0.3507607470685,0.3372852934297,0.1672713460413,0.1120979299999,0.3990959000153,0.2214621827947,0.4840423379918,0.3670001045184,0.5293636954108,0.4928650490046,0.1640263676715,-0.1378475435601,0.1611204375816,0.2899048291680,-0.1767210240276,0.2588377280327,0.3213951001874,0.1129050250693,1.0000000000000,0.5569627684914,-0.0296437150965,-0.2690603640482,0.1700953565378,-0.1219964280630,-0.1289351406867,-0.0275633130373,0.1178655410197,0.0556545098779,0.3815548501099,0.3252661340985,0.2555336782002,0.0184224429826,0.1255080024839,-0.0067220461963,-0.1209513589625,-0.3097152630125,0.1122263571336,0.5345157250905,0.1263447069134,-0.3353776459146,-0.0267775033059,0.0823784157377,0.5097160268166,0.7179184560667,-0.0769981593541,0.4100824985969,-0.1973316816792,0.0011391255014,0.3033558243787,0.2414236071122,0.2490077516526,0.1257085244670,0.1553994611906,-0.0103638965090,0.1058408693918,0.1376600473548,0.2390829410959,0.2659085292370,-0.0121464343346,-0.0618163751556,0.0477027780922,0.0937287799242,-0.1899762013458,0.1256124245867,0.1223043750401,0.3030834405612,-0.0253963267795,0.4307642280616,0.5021457689605,-0.0816106175070,0.2560986650379,0.5039100407257,-0.5645178449770,-0.1380982456371,-0.1201144243393,-0.0795614786963,0.2265345302167,-0.1092144816041,0.3708408121794,-0.3961722563685,0.1410755687855,-0.5351150856031,0.3998574332843,0.1127919800279,0.0951963886993,0.2624800226092,-0.0555929159655,-0.2043476753009,-0.0556467774725,-0.2744599435216,0.2045491047458,0.1908229647379,-0.1737269473952,-0.0278918097271,0.1761682372984,-0.1948976925434,0.2080407892750
0.1813298860833,0.2720119752879,0.1621099624812,0.4117483436029,0.3126315043029,0.2392413263455,0.1226345708624,0.1795210385687,0.2317984964382,0.4085970495740,0.6629970900850,0.7528897750613,0.4140450121616,0.0529403873557,-0.1418226977704,0.1431290317198,0.3437377919074,0.0233995776141,0.2502416599203,0.2036977234524,0.2304580593690,0.5569627684914,1.0000000000000,0.2056909222043,-0.2513460931765,0.2511683657146,0.1953920178094,-0.0943712705594,0.0276038540184,-0.1637453876743,0.0996415329847,0.3377464695354,0.3954270955565,0.1048486888766,-0.0142633614793,0.0787095636970,-0.0242015373250,-0.3391271263653,-0.4196133777911,-0.0241319047906,0.1303474330036,-0.0765173748783,-0.3896134758185,-0.2713749431218,-0.2970890266097,0.5403873189687,0.4089949374783,-0.1399474943390,-0.0204506082875,-0.2507690890001,0.0017471660485,0.2319305566120,0.2091795157566,0.1926643799970,-0.0175102101997,0.2124469017936,0.2636924534193,0.0604229859452,0.1391823371410,0.1605051312957,0.2727239811883,0.3807455182727,0.3381101735855,0.3004288172456,-0.1525532322577,-0.2867077530236,0.1473346505871,0.1813813157994,0.3119687439938,0.0329473850984,0.5223543359728,0.5979187195145,0.2147174366443,0.2150337630927,0.2969392608828,-0.0478225341528,0.1636379637071,-0.2278932933159,-0.0696236113638,0.2285438800351,0.0856952111815,0.2907433370280,-0.4769513477575,-0.0748298687273,-0.4254613567538,0.1618646356543,0.1782391543561,0.1113390067438,0.2068124164672,-0.2516515520316,-0.2739654894961,-0.3608554481862,-0.2505975151894,0.0298806505639,0.1006054712061,-0.1799587377047,-0.1981158652644,-0.0631544012367,-0.1145809492670,0.3442993771542
-0.1302078565346,-0.2842317378183,-0.0138205069614,0.1054055694016,-0.0254080495621,0.1844327024892,0.1850479765661,0.3202155752723,0.5397591554156,0.1039427389605,0.2707646143061,0.1423063164502,0.1337310906690,-0.1514673627730,0.0407750024492,0.5757700904119,0.4939331043837,0.6132452114457,0.4953897695895,0.5425500927741,0.4716887588378,-0.0296437150965,0.2056909222043,1.0000000000000,0.1409523243694,0.2525507197567,0.3843738732769,-0.2222802859287,-0.2541236215578,-0.4124791376315,0.6553821651497,0.1894789281783,0.2346116375248,-0.2059586862334,0.3614584513191,0.4298684032066,0.3426565038950,-0.0230313304440,0.0073721969093,-0.1466209453030,-0.3236437164648,-0.2617048929154,0.0515718051260,-0.3626349258742,-0.3533687264684,0.1123511632034,-0.1131202097395,0.1524156430705,-0.1360360114611,-0.1302240915412,-0.1080311995626,-0.1043884870936,0.1354396704443,0.1028427603607,0.2126165261917,0.1394562731061,0.2724026223844,-0.1367401022975,0.5139210481784,0.2466968704272,0.1302295964848,0.2968066680847,0.0621614187387,-0.0123165564376,-0.1599292636767,0.0296674515281,0.1263724797130,0.4053402749100,0.3931568136442,0.5047573163514,0.2617739946668,0.1436293943782,0.8001207620368,0.2188136342522,0.1453423478482,0.1615688970334,0.3538175031040,-0.3193610412331,-0.3457847860334,0.6219741575571,0.2100993520108,0.1022718077998,-0.2762196325168,-0.1020117409032,-0.1785244080843,-0.1807119274766,0.5369164106653,0.4446383847253,0.0036996224059,-0.2111531007647,0.1055394276618,-0.2905138093251,-0.3184125478855,0.0204167099780,-0.0449241455242,0.1929170151990,-0.1564422051664,-0.0186098968418,-0.0065901424091,0.2369236858454
