1.0000000000000,0.4352744663289,0.5056597192109,0.5253620606659,0.7431180136408,0.4975593807821,0.3418482168092,0.2308992927714,0.1906082612306,0.4500126698221,0.3728643730025,0.3482195300579,0.4194410653749,0.2998837356261,0.2502314019940,0.2951864043914,0.2621323969912,0.2467384555326,0.2890199530330,0.1423357828626,0.2121348129042,0.2856020860879,0.3513830179771,0.1295633502866,0.0617550354064,0.1625455271405,0.1205852885918,-0.3388601911652,-0.0535207965051,-0.0475082512499,0.1880160337526,0.3079961468397,0.3019672189373,0.2309645196335,0.1763544658267,0.1893090857918,-0.0241509342080,0.0771401805911,-0.0846950667632,0.0949981169301,0.2331288861114,0.1265355798369,0.0425468899174,-0.0577470281606,0.0091368226435,0.1750447656392,0.3055986300091,0.1894596156921,0.0634761959625,0.1020277778979,0.6090902340047,0.5367736842007,0.3705343943982,0.5074754369839,0.4125624374643,0.4678596012162,0.1056968200289,0.1987310538974,0.1822139063073,0.1733692341044,0.1772885033891,0.1942645264694,0.1590935031330,0.2014130738017,-0.0260025125588,-0.0680528829112,0.1988596090949,0.1713209907804,0.2032522801910,0.0985735397727,0.0846388231752,0.1029558139687,0.1242412838670,0.0433084505778,0.0576030179778,-0.0978303666291,0.0522207547956,-0.2919344651127,-0.2712827804705,0.1225426198293,-0.1609051981572,0.1002540110789,-0.2640084828112,0.0641489568361,-0.1923495109954,0.0422062810978,-0.0770375252687,0.1129031192423,-0.0541449121457,-0.0219608667084,-0.0802888521760,0.0821384948003,-0.1392979019727,-0.1031670874905,-0.0700689983450,0.0521983867801,0.1022078996587,-0.1162497153522,0.0022853419073,0.0352593189978
0.4352744663289,1.0000000000000,0.2761235645571,0.5822366538985,0.4892298611384,0.3950178228747,0.4864115056522,0.3187227211339,0.1942157436592,0.5366654890041,0.3002568706302,0.4032051391731,0.3422802334964,0.6353474697862,0.3119556885087,0.2764007915177,0.3358406270270,0.0399046738128,0.2308408641773,0.2453838816478,0.0347972481018,0.4839237912434,0.3343992987591,0.0510781409587,0.1329994173690,0.1579243603846,0.1302472692273,-0.0536360101352,0.4213825551821,0.3728988971124,0.1305933282823,0.2329155645651,0.2559038099711,0.3142167438863,0.2054165106299,0.1122148961594,0.0348558309333,0.1157655786670,-0.1032376799990,0.2174074092327,0.4640340813142,0.2396720688190,-0.0956530983713,0.0708554245779,0.0847001479822,0.2749758621715,0.3514587525357,0.0939058071003,0.5354897257787,0.1026262060745,0.3927142061065,0.5191305755452,0.2244374076082,0.3662853881117,0.2809232730836,0.3345973616341,0.0072205251180,0.3520191662088,0.2393890742466,0.3001769635234,0.0045717950801,0.0658735285789,-0.0399594734640,0.0511006221825,0.0427147568566,-0.2329091029887,-0.0785589781254,0.1119564985890,0.1568230345093,0.0689931336948,-0.0042000436774,0.0587273184992,0.1071206486645,0.2150716902645,0.1720580889411,-0.3099501745585,0.0458473795098,-0.0805470528115,0.2056359669154,0.1010410421189,-0.3179208509738,0.0483441626659,-0.1560522986891,-0.0980317083625,-0.2090488171551,-0.1141527816655,-0.0840932383976,0.0919533296107,-0.1926321158115,0.1794667149554,-0.1254172120218,0.0190205433356,-0.0320347797382,-0.0677502282820,-0.2828018215694,0.0099058782829,0.1443877042357,-0.0397222162816,-0.1944031708356,-0.1086752185811
0.5056597192109,0.2761235645571,1.0000000000000,0.4760219143385,0.5769993520204,0.6704381793232,0.4492843322737,0.3258438358357,0.2283290508718,0.4780510904418,0.4354131114838,0.4482985526967,0.3993089995258,0.3496914876496,0.1481731518455,0.3965529791680,0.3717665745051,0.1099336938588,0.2113279893650,0.2142711570664,-0.1115501272261,0.3928842159987,0.3111656066771,-0.0016763539723,0.1311182933459,0.0693200931052,0.1343091414734,-0.0419866376964,-0.0682168492483,0.0387750463560,0.2944700081913,0.2900921787413,0.3871858218758,0.3528585357905,0.2146590356841,0.1775699023016,0.1086814985336,0.0812457318395,0.1299770936116,0.3613638898447,0.3160300043110,0.2564109577962,-0.0104975596635,-0.0187976925795,0.0677252715133,0.4258035056268,0.3787425762252,0.4454981950658,0.2495350905802,0.2173532971277,0.4510280015630,0.5444617524834,0.1598014716476,0.6379879006645,0.4418645678265,0.2806297602186,0.0504750078256,0.3719900583326,0.1964159356397,0.2936532720828,-0.0367877078278,0.0732243181448,-0.0118012860579,0.1847761576267,-0.2282646014307,-0.2917667631450,-0.1226708230874,-0.0013716577704,0.2164644899447,0.0054820518351,-0.0433520585351,-0.2093821610089,0.0335386256738,-0.0461145616160,0.1773520563804,-0.3621978909198,0.0202838319588,-0.2126689902295,-0.2824153400792,0.0971125093757,-0.3286430759977,-0.0062715008582,-0.2800212362613,-0.1544263580591,-0.2173018229377,-0.2391432094718,-0.0411515771080,-0.0242581259147,-0.3863094975668,-0.0048973392092,-0.1031408508913,-0.0229359261584,-0.1775168520767,-0.0460962705553,-0.1940599434309,0.2652376274843,0.0307091278696,-0.2748836839365,-0.2981265243918,-0.2057097952032
0.5253620606659,0.5822366538985,0.4760219143385,1.0000000000000,0.7464832028053,0.7812027811287,0.8144416070615,0.6462678201413,0.5585405876208,0.6951709171905,0.7027791339287,0.6804190075449,0.6149748075199,0.2695829490150,0.3233977795859,0.5849104005714,0.6087595079498,0.5184606707831,0.4765997905476,0.4452791706649,0.1770121872464,0.4780793568258,0.5824727205429,0.3852511156438,0.1303760611817,0.2190850892897,0.3383711815916,-0.1850314763903,0.1078459842268,-0.0843046413500,0.3799853124561,0.3131648975637,0.3872690660496,0.2586130642293,0.2877279585708,0.2750944517939,0.1039391897006,-0.1083092239238,-0.1219718777999,0.2387419884319,0.3591399453324,0.1949965693428,-0.1137753054565,-0.1280560945486,-0.1238771584760,0.4758408726472,0.4429213153607,0.3381028621529,0.3167143520573,0.1104168276414,0.5734770985479,0.5507510651226,0.5590179212332,0.6580603474825,0.5793166321280,0.7324353756406,0.2373680704358,0.5174843512619,0.5845054709629,0.5344032019123,0.1597285638927,0.4349328486872,0.1994088302535,0.2949340076962,-0.2132414711895,-0.2956900934261,0.0413414010265,0.4342727258633,0.4431197651471,0.1919413097217,0.2719017417831,0.1702148447108,0.5218636640383,0.1586329514712,0.3525505099177,-0.2340513701155,0.2041670092806,-0.3124889591492,-0.2731851711105,0.4539826286165,-0.2152170103398,0.2162043715580,-0.5633753654375,-0.1582989066782,-0.4725717887520,-0.1494184169129,0.0535347048952,0.1290170985697,-0.1992575730895,-0.1026348776882,-0.0985121338016,0.0047110020905,-0.2589934873402,-0.0264450214568,-0.1784103543468,0.1244581451421,0.0210822143222,-0.1961961941703,-0.2073476669688,0.1170021169241
0.7431180136408,0.4892298611384,0.5769993520204,0.7464832028053,1.0000000000000,0.7718218260673,0.6205234826476,0.4840665320612,0.4278571328609,0.7021027575674,0.6166510653580,0.6265315698770,0.5781768146544,0.2976212918752,0.2803045173858,0.4730740265416,0.5254075890637,0.3614012639321,0.4017758874466,0.3329635099980,0.2464504470417,0.5178345378398,0.5551548879227,0.3296962666516,0.0682621793927,0.1667063865988,0.3044348947322,-0.2535056320788,-0.0062700536597,-0.0544093792198,0.3499881046449,0.3935157108582,0.4537350962863,0.2210946659722,0.2467906308445,0.2304830708687,0.0946049807150,-0.0728565453603,-0.1076106218311,0.1610919636211,0.3081430849401,0.1850888833690,-0.0645717913689,-0.1456694655370,-0.0803852343547,0.4126948784441,0.4231101538115,0.3171080179817,0.3029682944701,0.1527857986101,0.6213207625582,0.4990425127696,0.4347843674709,0.6787366726413,0.6382212792647,0.5651916498236,0.2173600310991,0.4253908714640,0.4439350262289,0.4073984696212,0.2382175772578,0.3784317756171,0.2603085573196,0.2856696280021,-0.1969953893630,-0.1987998217771,0.0492023563129,0.3635170585497,0.3737718285951,0.1757651867920,0.2285905337771,0.2482957528486,0.3939272990291,0.1489809945882,0.3077868298645,-0.2231986805619,0.1905506503845,-0.2892411965342,-0.2858446644917,0.3653371003118,-0.1503978051259,0.2717995358861,-0.4622609697149,-0.1033674412320,-0.3724552038653,-0.0981429047630,0.0633025278248,0.1279770784257,-0.1109692813620,-0.0724399416254,-0.0689041294039,-0.0239748044637,-0.2687446131446,-0.0544728989036,-0.1077975193594,0.1451825314447,0.1674088814225,-0.0962928828073,-0.1103104082875,0.1531832853745
0.4975593807821,0.3950178228747,0.6704381793232,0.7812027811287,0.7718218260673,1.0000000000000,0.8038908819183,0.5681344100762,0.4329409385742,0.6814849110202,0.7117777808849,0.6071308767585,0.6197171125032,0.2116873175006,0.3051227449856,0.5144742226536,0.5843068161143,0.5073709500695,0.3505448121200,0.3479146696126,0.1414244478661,0.4099326423132,0.4590784215162,0.3490159016919,0.0918020977562,0.1114096333893,0.3450971314859,-0.1559456015600,0.0741799451384,-0.1451830637427,0.4300809641953,0.3180586274075,0.4273832643224,0.1660555266235,0.3420580829289,0.2353532412153,0.1524215443433,-0.0817937556916,0.0201800355093,0.2375078167242,0.2968314449729,0.1669974905673,-0.1038841799461,-0.1392161933305,-0.1046052492185,0.4062810484201,0.3702918179019,0.5655565775633,0.2711196198494,0.1254159263804,0.6257856067407,0.5259702204175,0.5677818722340,0.8814285614766,0.7911832414478,0.6810445024458,0.2894351993391,0.5140254190071,0.4996769452960,0.4634691088290,0.2317337317518,0.4704240538961,0.2170034586076,0.3780247570076,-0.2047351149912,-0.2603221177295,0.0299458699659,0.4876845389604,0.3592540304652,0.2012910313325,0.3112059326810,0.0582382353270,0.4721187614496,0.1026368802093,0.3632205645584,-0.3104361192571,0.1840921776328,-0.2864796384764,-0.2674937649616,0.5065035084547,-0.1918768994777,0.2482956344945,-0.5349023887002,-0.1330238083960,-0.4387413024983,-0.2489902774493,0.1166271173273,0.1295835825015,-0.2281242173445,-0.0940634843400,0.0019127200284,-0.0543023117862,-0.2921524169623,0.0179963081183,-0.2247615394843,0.3470466982282,0.1099490165615,-0.1237031173865,-0.2344747164472,0.0849038447259
0.3418482168092,0.4864115056522,0.4492843322737,0.8144416070615,0.6205234826476,0.8038908819183,1.0000000000000,0.5645415013699,0.4643774614228,0.5822244977637,0.5551456312848,0.4614068598604,0.4946555578585,0.2220384557508,0.2972523909411,0.5504642326455,0.5676381845230,0.5077153074150,0.3940303826049,0.4493606911582,0.0467327671013,0.3313487295649,0.3332320677547,0.3628251049783,0.1818949715810,0.1759602423656,0.3199040609824,-0.0650575643848,0.1930757157665,-0.0385007547485,0.5037957235864,0.2345118522491,0.3039354405941,0.2117568543000,0.3685209021708,0.2673511873078,0.1323098349759,0.0115826341353,-0.0012072736427,0.2151186097862,0.3462215883181,0.1710251126803,-0.0912374770796,0.0120241133421,-0.0061965976870,0.3383223860063,0.3502789236961,0.3775726735595,0.3292348812220,0.0950297462287,0.5302449268062,0.4574716315155,0.5143587707375,0.7276302940654,0.6618104539806,0.7630774208083,0.1907463445131,0.5095171591978,0.5141035038812,0.5098049050671,0.1064135246410,0.3359732909666,0.0153010402110,0.1960651706904,-0.1617916161511,-0.3410186686643,0.0630959521765,0.4692622696097,0.4277797803530,0.2605866409517,0.2194298629015,-0.0455962357464,0.4237740191439,0.1690359938936,0.3611798320594,-0.2372062426028,0.1353722040671,-0.1839649919076,-0.0896186079426,0.5520313472487,-0.2297139918897,0.1440433517547,-0.4405747793960,-0.0897793769213,-0.3609103564702,-0.2128935519389,0.0651702892036,0.1340886496526,-0.2782905913683,0.0187007244667,-0.0112115722000,-0.0599160680098,-0.1283145183628,0.0128682997109,-0.2884141854903,0.1950044059352,0.0472807539876,-0.1384630711434,-0.2843569136832,0.0045684259634
0.2308992927714,0.3187227211339,0.3258438358357,0.6462678201413,0.4840665320612,0.5681344100762,0.5645415013699,1.0000000000000,0.8053132733353,0.5740263661071,0.6388767817998,0.6632438022704,0.6608272390523,0.1968358177974,0.1090139325423,0.6987361628956,0.7224227171432,0.5828783756548,0.6512995732115,0.7586595316720,0.2174437082775,0.5846019991699,0.5665535426881,0.5301354997245,0.4450893845309,0.2476988082624,0.2932224628880,-0.0296575978349,0.1735095567713,0.0381357899845,0.5474371012567,0.3225563712989,0.4507019295716,0.2524505400421,0.2932326461375,0.3409995948144,0.0857228928629,0.0330515972804,-0.1762410996146,0.2152977151187,0.3612964717786,0.1163527946300,-0.1181968546937,-0.0812939693888,0.0014787563103,0.5007001375152,0.4520492762902,0.1886899398555,0.3324558547767,0.0245442806861,0.1845496155457,0.1649765341992,0.1869668692890,0.3665267943499,0.2851449106600,0.3635596438467,0.3580993403218,0.8046916153160,0.7931186300161,0.7908284370898,0.0746615128234,0.3634766822618,0.2021765203474,0.3081905421409,-0.3274980273583,-0.4531142700007,0.0699174866742,0.3810179794355,0.6078274279149,0.5366122891388,0.2966442186997,0.1443845090258,0.5790147272461,0.5069101858352,0.4095443537450,-0.1377976993160,0.1968550421429,-0.2117603859784,-0.1850115587986,0.4649919079709,-0.3110706858308,0.2631201162299,-0.5266803470968,-0.2284673815483,-0.3026768300801,-0.2655758765299,0.0430229740574,0.1151176054045,-0.3165045470484,0.0183141504703,-0.2129363879270,-0.0974262409920,-0.0954227877333,-0.1507637784756,-0.1344191163659,-0.0125878889996,-0.0618881524022,-0.1691212999768,-0.4084884159801,0.0112499579678
0.1906082612306,0.1942157436592,0.2283290508718,0.5585405876208,0.4278571328609,0.4329409385742,0.4643774614228,0.8053132733353,1.0000000000000,0.4119435584401,0.5579294117551,0.5410117020559,0.5129767274178,0.1456003526439,0.2133939270824,0.7518061686558,0.5314256973523,0.4466656146258,0.7922864109897,0.8206552911122,0.2641436584921,0.5043665801811,0.5401692923374,0.6072629957208,0.5433595090755,0.3942558942189,0.3869298995851,-0.0301828738397,0.0707634527087,0.1148647412068,0.5075558439398,0.3721285456914,0.4295679159421,0.3608311402707,0.3430136970121,0.4790204554614,0.1900300236259,0.2001467766424,0.0022323710084,0.3096267730312,0.3656584949569,0.2231290812806,0.1231113435558,0.1459894402724,0.1766371016974,0.5267336462783,0.4830138878928,0.2171123400360,0.2832805200750,0.1683739105197,0.0508030658756,0.0552051348498,0.1581571263759,0.2205649373270,0.1799632802234,0.2778267465055,0.2335084961475,0.6265946822398,0.7670228225021,0.8753774974769,-0.0792982535456,0.2586939977227,0.0668827814862,0.1321990401665,-0.3699977103025,-0.2691081345147,0.1634411532617,0.1935258512935,0.7884359734441,0.5282768239534,0.1312843095961,0.0762539480343,0.5523920227462,0.5108863481321,0.3874777229894,-0.0842121280226,0.2703454932884,-0.1946062608288,-0.2311219864379,0.3573388227653,-0.3318171321761,0.1252202958452,-0.4172604756074,-0.0474207578409,-0.1207403738493,-0.1120535910280,0.0732913510335,0.1662213868321,-0.2011824125548,0.1593363903050,-0.0911321459141,0.0557275985243,0.0670447193887,-0.0631887229774,-0.1610731410422,0.0288678705155,-0.1112703085418,-0.2080563734806,-0.3164325366293,-0.0268375934231
0.4500126698221,0.5366654890041,0.4780510904418,0.6951709171905,0.7021027575674,0.6814849110202,0.5822244977637,0.5740263661071,0.4119435584401,1.0000000000000,0.6916563938886,0.7877703184390,0.7308236291467,0.4263496405214,0.3391678208554,0.4765488091049,0.7105065040363,0.3083032948608,0.4134105109397,0.3708544903670,0.4044943876376,0.7117590799905,0.6341731688050,0.4349094020032,0.1102347000740,0.1798105473477,0.3757784479691,-0.2111611564048,0.0449781592042,-0.0091300321592,0.4138186511568,0.4186153936263,0.5275560942641,0.2255720777866,0.3292723102990,0.2640681754577,0.2538565163704,-0.1280634387680,-0.1396529934840,0.1566871892405,0.3696014050539,0.1987153551418,-0.0905399542383,-0.1895928572120,-0.1494054033437,0.5099434183100,0.4826797521341,0.2820501924977,0.3774934539549,0.1839119838278,0.4842136885989,0.3859002626301,0.2717489878864,0.5605306845127,0.5147679467816,0.4213484532764,0.2661276189645,0.5010096783632,0.4758783461760,0.4568859414091,0.3979052725281,0.5107667780696,0.3914316138236,0.3896662351877,-0.1047092061871,-0.2268016503884,-0.0087904317309,0.3666976204116,0.3180035879778,0.1997822453604,0.3683785718868,0.3725658394521,0.4881482699026,0.2827426650076,0.3364407697974,-0.2743928912119,0.1424590245500,-0.3652422573756,-0.2305880575398,0.3486717055460,-0.0896666780188,0.3901058632167,-0.5405297781517,-0.1720553816869,-0.4061174716256,-0.2145935631085,0.2721393098884,0.2954523892827,-0.0669997648397,-0.0961140418798,-0.0217967690683,-0.1549975300190,-0.3273600957463,-0.1147798368661,-0.0714858213092,0.2083446455185,0.0919802560111,-0.1030271436106,-0.1056652828070,0.3051822800247
0.3728643730025,0.3002568706302,0.4354131114838,0.7027791339287,0.6166510653580,0.7117777808849,0.5551456312848,0.6388767817998,0.5579294117551,0.6916563938886,1.0000000000000,0.8032622791815,0.7345310382770,0.1731542921582,0.3148171084909,0.5351348123810,0.6841281985980,0.4821407285055,0.4632922226357,0.4764958821868,0.3851566917583,0.6069099650195,0.7769175971416,0.5033864568806,0.1719299869872,0.3131647427535,0.5197421257057,-0.2385549766373,0.1049035966386,-0.0461865397360,0.4555611433224,0.4417744620160,0.5716269931343,0.2572444500979,0.3562222747321,0.3376305596990,0.3404212461590,-0.1079886664899,0.0240454786921,0.3048699524124,0.3607556586139,0.2345515343650,0.0161469513116,-0.1345803135607,-0.0798290054660,0.5711138182615,0.4667890755790,0.4097730127806,0.2721655797277,0.2219104980240,0.3276794076650,0.2529969391042,0.3583312726987,0.4874906196790,0.4397305917733,0.3986583441912,0.3766072564033,0.5171173480825,0.5099859574412,0.5127608804978,0.1824184614642,0.5411754479553,0.3561410461208,0.4468351340395,-0.2992625897997,-0.1514972789916,0.0169226725987,0.3734681451163,0.4605548028626,0.2638295149060,0.3659639261539,0.2869980973525,0.6260946824527,0.2807602112246,0.4793983646082,-0.1426647716455,0.3893658759004,-0.3770390984823,-0.3115889923506,0.4773217382094,-0.1234294420258,0.3857548063843,-0.5728714461757,-0.1098543808768,-0.3742744658403,-0.1228816572092,0.3357918548801,0.2590813855496,-0.0389049364337,-0.0891600977533,0.0996294611379,0.0060932554836,-0.2523011103827,-0.0874494268070,-0.1202844951621,0.2695866719857,-0.0114010823446,-0.2042571499127,-0.2073872733441,0.2584465264386
0.3482195300579,0.4032051391731,0.4482985526967,0.6804190075449,0.6265315698770,0.6071308767585,0.4614068598604,0.6632438022704,0.5410117020559,0.7877703184390,0.8032622791815,1.0000000000000,0.7823285234113,0.3145251774289,0.2034267020091,0.5511861538038,0.7641538200246,0.3059814312450,0.4782158544031,0.4980494999785,0.4325567444539,0.7274076133567,0.8584097766919,0.4631151926553,0.2164650003906,0.2981891554555,0.4251543813171,-0.1512900356359,0.1820854819000,0.0287855460161,0.4319444373866,0.4847362032309,0.6506838750838,0.3065244977516,0.2722452499514,0.2975212799650,0.3136085641831,-0.1326002694645,-0.1019845637917,0.3050591113858,0.3790989525121,0.2335401899575,-0.0562258590173,-0.1986016849680,-0.1128494793224,0.6186669115361,0.5605044609302,0.2657736820259,0.3272423091839,0.2149263124557,0.2723740991391,0.2547941438038,0.1590109527719,0.3858981113015,0.2736050330830,0.2605226216402,0.3165699190331,0.5599326338516,0.5214150408496,0.5302351771201,0.1094530179368,0.4564238037645,0.4194102169517,0.4615339228158,-0.3513648825832,-0.2764612488989,-0.0747083533351,0.2742979726057,0.4089665687134,0.2273164736647,0.3407536520235,0.3361552107911,0.5351366765879,0.3193034094691,0.4796049957844,-0.1956431843096,0.2694434417474,-0.3338009562715,-0.2560557977777,0.3628577673131,-0.1927293732134,0.3976979182604,-0.6460619004363,-0.2293612438452,-0.3897829229431,-0.2247344061241,0.2632387090171,0.1955250145518,-0.0903483161929,-0.1113764734795,-0.0702219222306,-0.1021915279530,-0.2852863905076,-0.2129328548158,-0.0931346987612,0.1425935847235,-0.1131520497524,-0.3168903935183,-0.2734548563095,0.2503507833041
0.4194410653749,0.3422802334964,0.3993089995258,0.6149748075199,0.5781768146544,0.6197171125032,0.4946555578585,0.6608272390523,0.5129767274178,0.7308236291467,0.7345310382770,0.7823285234113,1.0000000000000,0.1905713437936,0.3363687502145,0.5736460712440,0.7216028919011,0.4093994035017,0.5188568844144,0.5187117160428,0.4756460736297,0.5942183589156,0.7072365583198,0.5266216168608,0.3176607970991,0.3899436813617,0.4788940045011,-0.3329965028882,0.0673247080253,-0.0227412643693,0.5145649781311,0.5236987842759,0.6412683856104,0.2818573406561,0.3293283170919,0.3708572851887,0.2575255055724,0.0485623206278,-0.0511585121274,0.2258912702630,0.3701566528435,0.1976846021169,0.0513666827482,-0.0865276611599,-0.0080397305787,0.4843588324080,0.5324161179675,0.3002884208015,0.1996255418106,0.2175511366592,0.3096471373184,0.2833761624192,0.2897576438215,0.4614456944847,0.3967100196904,0.3685030206354,0.5400536969133,0.5525778210738,0.4798777301171,0.5222829139947,0.2165248202741,0.5062788935584,0.4434883470680,0.6669846794924,-0.2225633656754,-0.1745496093448,0.1492797731363,0.4026786315366,0.4114641917172,0.3961334482697,0.3748859237032,0.2887700590148,0.5409884463426,0.4129734762027,0.3926423308858,-0.1667400312370,0.2594818612437,-0.4211275029585,-0.2971639979768,0.4489520264973,-0.2335779646225,0.3630272870304,-0.5622477785109,-0.0646000262456,-0.3418872319048,-0.1642872798105,0.2350220575077,0.2748890575739,-0.0447105199908,-0.0251469255857,-0.0194729768138,-0.0474357699014,-0.1937543780906,-0.2150636200206,-0.0963846964534,0.1637679513897,-0.0795462052294,-0.2098891108817,-0.1848105843861,0.2503446807845
0.2998837356261,0.6353474697862,0.3496914876496,0.2695829490150,0.2976212918752,0.2116873175006,0.2220384557508,0.1968358177974,0.1456003526439,0.4263496405214,0.1731542921582,0.3145251774289,0.1905713437936,1.0000000000000,0.2595463302503,0.3559474360241,0.3391119672726,-0.1116060312624,0.2207209891137,0.2167192309283,0.0911051128575,0.5148060657473,0.2801777453627,-0.0030252597931,0.0810211034018,0.1498044603493,0.1005810066312,0.1073893304830,0.2588603027395,0.5557976237691,0.2378242968493,0.3466343310411,0.3702131789082,0.5109543755589,0.2965994412697,0.2121578979859,0.0785736631952,0.1988152091708,0.0113027463875,0.3217445254438,0.4643303356909,0.2756430200974,0.0617614937422,0.0822298159654,0.1366373057724,0.4126531598200,0.4152188668070,0.1298323499454,0.6406246890730,0.1661186245497,0.2040439253087,0.2443100716941,-0.1186877408352,0.1647087308705,0.0971243804782,0.0134360410905,-0.2238375483573,0.1626983746726,0.0878638867866,0.1852867639612,-0.1886270340438,-0.1499991239079,-0.1996638453436,-0.1254153466598,0.0848075964291,-0.2371831149844,-0.0820910126488,-0.1495582454366,0.0844221345269,-0.0621649231047,-0.1880523718234,-0.1176599145701,-0.0480646439802,0.0624279435580,0.0256405382480,-0.3421688832559,-0.1031631167366,-0.0617296505366,0.0956377439379,-0.0914108688366,-0.2762011343834,-0.0885547330982,0.0109268331537,-0.1076910002500,-0.1064624521101,-0.0962627920653,-0.0816941560836,0.1326705024898,-0.3096709513993,0.1068665596713,-0.1027516359764,0.0221251563848,-0.1272995902774,-0.0920959642596,-0.3102913287609,0.0942365920292,0.2051004626136,-0.1260312387952,-0.2723195462648,-0.3493306471135
0.2502314019940,0.3119556885087,0.1481731518455,0.3233977795859,0.2803045173858,0.3051227449856,0.2972523909411,0.1090139325423,0.2133939270824,0.3391678208554,0.3148171084909,0.2034267020091,0.3363687502145,0.2595463302503,1.0000000000000,0.4181065746726,0.2559599731449,0.1287789098081,0.3555066302048,0.2999305385607,0.4029161087761,0.2109541866947,0.2516438145709,0.3010618362168,0.2052276981922,0.5027407961065,0.5295818982740,-0.3352669598556,-0.0771738406420,0.2379102534480,0.2841772421295,0.5088533127805,0.3952562725796,0.4431775930095,0.5007917887206,0.5483131741668,0.3249789868699,0.4784816312889,0.5421709145950,0.4112963329556,0.3865895283056,0.4982212754671,0.5857309440825,0.4052901611704,0.4334466655522,0.3219581511236,0.4230383490090,0.5341590028286,0.3078074099941,0.6592805949226,0.0898698150132,0.1864188560748,0.3060198950864,0.2296998962638,0.3017434186349,0.1743725135076,-0.0753232886385,-0.0273429429759,0.0063405457629,0.1146074351791,-0.0782625647096,0.1343865599410,-0.1508202561621,-0.0812248643068,0.1021501819096,0.3939366472612,0.2698924196294,0.1508082014151,0.2238098942143,0.1455223150928,-0.1489824297922,0.0070654813340,0.2293352949352,0.1250053530399,0.0349599261254,-0.2370521952065,0.3291208487540,-0.3176514605061,-0.2199883758050,0.1689047675153,-0.1915867615450,0.0333679316469,-0.0454383593004,0.2943638982384,0.0206466110281,0.2304591325779,0.1859793668975,0.3794565578552,0.1416015262834,0.3222627528770,0.4718036173983,0.4493453449933,0.1356743996429,0.1219758289290,-0.1106940018403,0.4705260352085,0.0663001335660,-0.1813255852730,0.0990495744223,0.0295089359019
0.2951864043914,0.2764007915177,0.3965529791680,0.5849104005714,0.4730740265416,0.5144742226536,0.5504642326455,0.6987361628956,0.7518061686558,0.4765488091049,0.5351348123810,0.5511861538038,0.5736460712440,0.3559474360241,0.4181065746726,1.0000000000000,0.6447199296541,0.4560509405217,0.8186720025803,0.7628441750049,0.3567460171075,0.5127066348761,0.5170519162101,0.5689210993486,0.4472486048896,0.4783423691497,0.4236497924172,-0.2053447926316,0.0305808679578,0.2071163612371,0.7507050671704,0.6240813772752,0.6233489875122,0.5825653137565,0.6589148417801,0.7454535279075,0.3034424646518,0.4061709929423,0.2713982715051,0.4036334378406,0.3876068833852,0.2878198953592,0.3647312096121,0.1343986862670,0.2955983437653,0.5219911449875,0.5957933399423,0.4599539530969,0.3384411117517,0.3162538945186,0.0744657978241,0.0769306633354,0.1707803514744,0.3307212923487,0.2578997784212,0.3228090069655,0.0636236817882,0.4830342524030,0.5953379520634,0.6591637528930,-0.2093166351529,0.1144727967437,-0.1032856752321,0.0255198399642,-0.3087200019796,-0.0865609862275,0.3409917111410,0.1980957464139,0.6672117548049,0.5055033374905,-0.0181696315503,-0.0639865015191,0.4736963370628,0.3612643415551,0.4245041884098,-0.1797835526401,0.2435580458969,-0.3663685996152,-0.3228697544241,0.4244470621035,-0.3263313574999,0.1703855641753,-0.3860676426091,0.1428277284327,-0.0497624062326,-0.0190489101612,0.1887326348265,0.4196672249671,-0.1525439632002,0.2140618848216,0.1430823232792,0.1491678675871,-0.0444104734448,-0.0972745029537,-0.2895971880124,0.2860929202124,-0.1381853743757,-0.4236426415122,-0.3702297829446,-0.1303951193065
0.2621323969912,0.3358406270270,0.3717665745051,0.6087595079498,0.5254075890637,0.5843068161143,0.5676381845230,0.7224227171432,0.5314256973523,0.7105065040363,0.6841281985980,0.7641538200246,0.7216028919011,0.3391119672726,0.2559599731449,0.6447199296541,1.0000000000000,0.5164994160065,0.5151068920238,0.5915162378759,0.4824945072720,0.6523124135312,0.6197379408588,0.5475717413378,0.2225838357592,0.3527375423827,0.4722361402633,-0.1698007661213,0.0762479835992,-0.0261148210516,0.6930339310783,0.4552974919967,0.6401504564857,0.2691995486844,0.4309546439733,0.3940395290439,0.2706151939750,-0.0374243575875,-0.0576054463912,0.2226039996010,0.3085032444728,0.1471281514537,-0.0232532133346,-0.1955569807310,-0.1299792429500,0.5091494074248,0.4822483515150,0.2488332215195,0.3228690589070,0.1533769408550,0.1804880851795,0.1214162197543,0.1581416884077,0.3841080785984,0.3025631633720,0.3372716208624,0.2513789353093,0.6276385142205,0.6064216867530,0.5515294515863,0.1015685229733,0.4004298844852,0.2875321984018,0.3576795259526,-0.2857319877994,-0.2726802706313,0.0706182730764,0.4412473221170,0.4612070655296,0.3977273863186,0.4099501594882,0.2131716615084,0.5388023303123,0.3504066837315,0.4292398205203,-0.0877528898073,0.2315829368638,-0.3711683377289,-0.3107603235600,0.4798515014739,-0.1038252163885,0.4605563040155,-0.6049044548753,-0.2093687856971,-0.3078817791220,-0.2664495049510,0.2683205323250,0.3117154640884,-0.1770707056024,-0.0364004654793,-0.0042039852750,-0.1439188200728,-0.2489913105965,-0.2466983958692,-0.1323823963528,0.1423180609412,-0.0846879698054,-0.2583279401959,-0.3371668588555,0.1685056949723
0.2467384555326,0.0399046738128,0.1099336938588,0.5184606707831,0.3614012639321,0.5073709500695,0.5077153074150,0.5828783756548,0.4466656146258,0.3083032948608,0.4821407285055,0.3059814312450,0.4093994035017,-0.1116060312624,0.1287789098081,0.4560509405217,0.5164994160065,1.0000000000000,0.3230817031939,0.3531616433486,0.2728914779779,0.0824309547827,0.2623884331398,0.5831245019555,-0.0108120934362,0.1415371686329,0.2841296860420,-0.1785307614984,-0.1120341203504,-0.3266512000850,0.5336424139669,0.1685778863144,0.1884594419492,-0.0792062768590,0.3074428353946,0.1828469407635,0.0947086063832,-0.1767359059092,-0.0161593677512,-0.0257816055019,0.0389489849144,-0.0715839253064,-0.1052506480587,-0.2744586073292,-0.2281036506963,0.1021165842933,0.1007534172638,0.2525495604059,-0.0080673995111,-0.1041784173303,0.3070718265882,0.1475520281434,0.5482070943496,0.4547479801433,0.4710716827164,0.6004255491559,0.3535175279429,0.3244653911016,0.5869499905716,0.3316861354134,0.2950036565353,0.5141481582769,0.3040637201042,0.2770297811143,-0.1022413930236,-0.0770751377367,0.2294831145593,0.6874223984835,0.3069268338974,0.3426698634936,0.4517474550785,0.2325433713465,0.6611918103602,0.0677319351435,0.2375368418576,0.1448587530033,0.2328331490259,-0.2124116914930,-0.3069815272082,0.6992612960168,0.1713835212108,0.2835246133805,-0.3806267337137,-0.0490992793895,-0.3116182397806,-0.0347513527708,0.1772843304074,0.1760514540584,-0.0330792628852,-0.2383465706993,0.1288034749649,0.0153965807709,-0.2418024335530,0.0432822662893,0.0087594306487,0.1111886044972,0.0751500657956,0.0429214343183,0.0198091237011,0.2541767935560
0.2890199530330,0.2308408641773,0.2113279893650,0.4765997905476,0.4017758874466,0.3505448121200,0.3940303826049,0.6512995732115,0.7922864109897,0.4134105109397,0.4632922226357,0.4782158544031,0.5188568844144,0.2207209891137,0.3555066302048,0.8186720025803,0.5151068920238,0.3230817031939,1.0000000000000,0.7301841025587,0.4496497791109,0.4696771004773,0.5224264047906,0.5929956700573,0.5621479981867,0.4569129098996,0.4293212200207,-0.2017583459283,0.0439050010955,0.1753218081140,0.5528119527712,0.5079618732204,0.4872375594903,0.4538484806068,0.5116934596088,0.7305880995107,0.2993072640188,0.3711349411422,0.1474995546400,0.2841940768298,0.3175103910251,0.2292224944790,0.3801863373576,0.2521915077562,0.3215465186574,0.4498001343244,0.4896677043979,0.2661678468503,0.1618024549266,0.2434052848116,0.0469571824580,0.0366739493991,0.1390915805459,0.1969572908383,0.1551707703832,0.2547826973449,0.1016419067899,0.4797648086027,0.5686720810759,0.7388621275779,-0.0536855856279,0.2154964061299,0.0091746931655,0.0505239352477,-0.2441430515536,-0.0590784017966,0.4409708564491,0.1488937550688,0.7738226260277,0.5494812538025,0.0568409329616,0.1071508742799,0.4535739892988,0.5148308377750,0.3489279096166,-0.0467832426988,0.2489110058941,-0.3005029939500,-0.2423666952795,0.3054611659350,-0.2775261794521,0.1389198165567,-0.3858284260444,0.2468060778711,-0.0082358887656,0.0280260583485,0.1648510471289,0.4107088323391,0.0019483345470,0.2140457481370,0.0567999395972,0.1302956385483,0.0620649524361,-0.0886219078176,-0.1907345956670,0.1311084782710,-0.1189959187733,-0.2940469366107,-0.2593265815669,-0.0272581408070
0.1423357828626,0.2453838816478,0.2142711570664,0.4452791706649,0.3329635099980,0.3479146696126,0.4493606911582,0.7586595316720,0.8206552911122,0.3708544903670,0.4764958821868,0.4980494999785,0.5187117160428,0.2167192309283,0.2999305385607,0.7628441750049,0.5915162378759,0.3531616433486,0.7301841025587,1.0000000000000,0.3225317505306,0.5468051561646,0.5058236618869,0.5839346007823,0.6515209684647,0.4982782827408,0.4894398391622,-0.0799268077597,0.1944155024577,0.3022731314167,0.6446741956674,0.4958532735462,0.5376741654787,0.4825462965790,0.4066962839274,0.5649710689607,0.2377591176387,0.4296302972345,0.0767364868590,0.3885395982175,0.4657994494907,0.2878517466437,0.2537496025673,0.2774712264598,0.3641573011280,0.5332794846672,0.5899214947398,0.2121235453419,0.3426305438110,0.2569941505634,-0.0832897923765,-0.0452587526379,0.0076415962893,0.1280838279207,0.0721644941131,0.1426576211551,0.1451402291727,0.6463124488072,0.6531387661915,0.7914814479774,-0.2563758636443,0.1133541764633,-0.0788872691383,0.0014569656002,-0.3665700424017,-0.2052916277888,0.2632484496864,0.1629819388282,0.7682665369377,0.6976508159610,0.0006913354761,-0.0136303397575,0.4699679275376,0.6448697331610,0.4658416735825,-0.0953261946983,0.3646114898069,-0.1955567868006,-0.1227239929228,0.4013448945764,-0.3925941996994,0.1809360888412,-0.3191889100012,0.0547632740318,0.0527394608114,-0.0489639923212,0.1326543943075,0.2511934511886,-0.1649870594851,0.4335608781498,0.0025174034766,0.1043584033433,0.2520422116594,-0.0969970415202,-0.1804485722308,0.0689883192009,-0.1590522731210,-0.2799015074627,-0.3687549348132,-0.1173254278703
0.2121348129042,0.0347972481018,-0.1115501272261,0.1770121872464,0.2464504470417,0.1414244478661,0.0467327671013,0.2174437082775,0.2641436584921,0.4044943876376,0.3851566917583,0.4325567444539,0.4756460736297,0.0911051128575,0.4029161087761,0.3567460171075,0.4824945072720,0.2728914779779,0.4496497791109,0.3225317505306,1.0000000000000,0.3044929428832,0.5140984749091,0.6318662737913,0.1465917926492,0.5101366132200,0.5866849220016,-0.3962472671636,-0.0783201739767,-0.0171863416224,0.4367752655361,0.5454381358123,0.5048614957697,0.1369900005459,0.4186206350878,0.4266920608325,0.4366135915514,0.1037669923826,0.0887934994840,0.0007875254842,0.0860564777572,0.1539201327021,0.4649317761733,0.0469611477391,0.0702562202686,0.1861442167781,0.3280953134484,0.1186580915869,-0.0820496631929,0.2819001085983,-0.0152153486740,-0.1962189838934,0.1161096433249,0.0418425016124,0.0815683283462,0.0870734559622,0.1088978863229,0.0525620208013,0.2415004849236,0.1344254173793,0.2019642653615,0.4407698458826,0.3712101095807,0.1616594667475,-0.0069004114522,0.3898776471638,0.4269960946585,0.3141322861511,0.2400437607710,0.3105917820269,0.2729187133237,0.5046382049876,0.4427569793444,0.2474338408686,0.2189450443650,0.2411640997238,0.3372813947160,-0.3959182295982,-0.2611350393300,0.2596728381256,0.2524141506716,0.4120262602522,-0.3181668326557,0.3337942069844,0.0758233749979,0.1912275396597,0.4808323820474,0.5654122772965,0.5286096113083,0.0346292474766,0.3498590296034,0.0371958293070,-0.0592542391478,-0.1004180830013,0.1242076061756,0.1859919032629,-0.0192159238430,-0.1247487544725,0.2349544964750,0.4286835292474
0.2856020860879,0.4839237912434,0.3928842159987,0.4780793568258,0.5178345378398,0.4099326423132,0.3313487295649,0.5846019991699,0.5043665801811,0.7117590799905,0.6069099650195,0.7274076133567,0.5942183589156,0.5148060657473,0.2109541866947,0.5127066348761,0.6523124135312,0.0824309547827,0.4696771004773,0.5468051561646,0.3044929428832,1.0000000000000,0.6636755541870,0.3029806212024,0.3067380303003,0.3080527523101,0.2824555398342,-0.0668891068986,0.1968402374905,0.3523696948801,0.3849551783524,0.4546664004630,0.5596469107403,0.4355551139980,0.2932670327415,0.3152392865982,0.2610966202125,0.0794381378190,-0.0676461687557,0.3741550045524,0.6002368142213,0.3611982976560,-0.0023656558680,-0.0482746448718,0.0695210158578,0.6784072203937,0.6554462498507,0.1074833579644,0.5306282099446,0.2890526607702,0.0302325239670,0.0734476876095,-0.1633980740768,0.1761410705951,0.0821553516657,0.0215747414159,0.0711703656190,0.5512956742093,0.4193514461958,0.5303818794597,-0.0483461639871,0.0997202613074,0.1022325343648,0.1703828985683,-0.3677264765422,-0.3136915629490,-0.1469870917335,0.0039016866413,0.4323431391798,0.2432337426523,0.0529830669842,0.1716913051728,0.2944015582204,0.3882761206908,0.4064766119060,-0.3102796920698,0.1793170824236,-0.2277400406211,-0.1420075663960,0.1222499140721,-0.3245560183109,0.2847311559051,-0.3981602223632,-0.2352123449780,-0.1944123018762,-0.2456636364048,0.1610793107604,0.1908105261875,-0.1924860202498,0.1353972835153,-0.0997410425091,-0.0963209054438,-0.0966193129571,-0.2223600447108,-0.0777217729944,0.0539357678296,-0.0059168421973,-0.0939207597117,-0.3712873777926,0.0124778554421
0.3513830179771,0.3343992987591,0.3111656066771,0.5824727205429,0.5551548879227,0.4590784215162,0.3332320677547,0.5665535426881,0.5401692923374,0.6341731688050,0.7769175971416,0.8584097766919,0.7072365583198,0.2801777453627,0.2516438145709,0.5170519162101,0.6197379408588,0.2623884331398,0.5224264047906,0.5058236618869,0.5140984749091,0.6636755541870,1.0000000000000,0.5142932627494,0.2187833522583,0.4227986168805,0.5137025841975,-0.2279230144808,0.1567146341713,0.1159982716687,0.4116054185003,0.5308262251640,0.6294875555329,0.3702945176161,0.2639653071497,0.3894236855953,0.3162336720636,-0.0810343629225,-0.0919687748351,0.3312741137791,0.3879333130125,0.2501160143288,0.0800329332807,-0.0794463904514,-0.0553327984825,0.6506132137327,0.5177103451304,0.2119941748068,0.2663142787854,0.2299912611666,0.1432134120173,0.1260611285093,0.1540617256876,0.2396571067340,0.1741381051589,0.1796803699169,0.3051976756979,0.4359421224107,0.4307258367301,0.4809202441596,0.0652298654235,0.4376830499354,0.3869055877226,0.3733219973833,-0.2629677417998,-0.1061542266634,0.0653810060207,0.1890019824115,0.4956887291704,0.2648863431575,0.2805648334925,0.4305206557962,0.5556624229601,0.3705576199581,0.5164594563238,-0.0366778513996,0.4099524647829,-0.3301475069244,-0.2263226847476,0.3437557197200,-0.1399822638195,0.3307947676743,-0.5339854832760,-0.0438162350862,-0.3101566573340,-0.0294862979145,0.3233675629477,0.2853279687627,0.0883623672599,-0.0523729318793,0.0016814792962,0.0565601402234,-0.1919830454784,-0.1470841534789,-0.1106795670070,0.1151997796996,-0.0966938455681,-0.3314754208820,-0.1944443177734,0.2697435078561
0.1295633502866,0.0510781409587,-0.0016763539723,0.3852511156438,0.3296962666516,0.3490159016919,0.3628251049783,0.5301354997245,0.6072629957208,0.4349094020032,0.5033864568806,0.4631151926553,0.5266216168608,-0.0030252597931,0.3010618362168,0.5689210993486,0.5475717413378,0.5831245019555,0.5929956700573,0.5839346007823,0.6318662737913,0.3029806212024,0.5142932627494,1.0000000000000,0.1403933622041,0.4038434621114,0.5481521424856,-0.2100923942549,-0.0413153028516,-0.1212564793036,0.6188136857111,0.3483804574007,0.3120796949929,0.1047411842047,0.5459268678805,0.5371491189149,0.5021420292075,-0.0014286492685,0.1046458142450,0.1125719998817,0.0836712089175,0.0000458525235,0.2076626651735,-0.0994418196251,-0.1131883477268,0.2369072827227,0.2024044417366,0.2996461407533,0.0865769658393,0.0820827471758,0.0832542663782,-0.0922131199248,0.2958151150971,0.2206193434644,0.3005410765789,0.2866129313178,0.3285387582721,0.3290918569142,0.6033327069526,0.4742964069009,0.2533202053193,0.5541789147100,0.3753523427108,0.2522282380323,-0.1456733177033,0.1614309679193,0.3345741850078,0.4893663286223,0.5107563575958,0.4876590169034,0.4200853789786,0.4496417922339,0.8309162777489,0.3873914392223,0.4190994907496,0.1836467179363,0.3716583892194,-0.2548244587864,-0.2336950982914,0.6230459953765,0.1304018644064,0.3138122398841,-0.4059596699445,0.1409760984826,-0.1835341616776,0.0639143341484,0.5893104767207,0.5475037444632,0.3103354644720,-0.0322442192824,0.3309067100878,0.0671622161123,-0.1521958084821,0.0119735224537,-0.0380364614611,0.2872055676293,0.0508071184388,-0.0393807174901,0.0967044899493,0.4248604510981
