1.0000000000000,0.7470364006621,0.8389882858084,0.6662061520445,0.7363104661307,0.6695524353774,0.4308541925197,0.0529568455359,0.0651640469313,0.0191102021844,0.0826283744442,-0.0037094457372,0.1741972776506,0.4146720790780,0.1712404539278,0.1385760443920,0.1392488059354,0.0465740302429,-0.0731979406849,0.0978577821236,0.1293996507192,0.0727694774212,0.1327596876890,-0.0304289686651,-0.0620084720911,0.1537824726746,0.0830824389705,0.1509459134810,-0.2096327783561,-0.1597994546703,0.0176765382954,0.0949293784013,0.1305643324084,0.1443631460786,0.0626449652377,-0.0922378126118,0.0753043682410,0.1902700537109,-0.0282241630210,0.0833272130681,-0.1615737508476,-0.1691335749789,-0.1639354376064,0.0266249175814,0.1916821880982,0.1523311388410,0.1542770460876,0.3375084954910,0.3427071334018,0.0625734883195,0.8495848210904,0.7772642066548,0.6822890141768,0.7840052366807,0.6024442867535,0.6113259656150,0.0230357601334,-0.1619025049621,-0.1368730321099,-0.0862097620755,-0.2517776446332,-0.1379946035532,-0.2785526002175,-0.2044995893314,0.6077976902310,-0.2400613618457,0.1781689574654,-0.1505723205136,-0.2547799990048,0.1293476718974,-0.1926590559726,-0.0650267999134,-0.1647572669316,0.0656540715474,-0.2443564181420,-0.0797924181656,0.1156894774931,0.2070822934734,-0.1043940400320,-0.0667280921332,0.0426303779686,0.2097276601721,-0.1936651809710,-0.2454646866607,0.1387326418976,0.0196706962624,0.0115622371933,0.1485070430927,-0.3082961177381,0.1039207787687,0.1008205928135,0.1905340984366,0.1116645556783,0.1686732080136,0.0932590227520,0.3504405165580,0.5230808903785,-0.0049240904429,-0.1323433645074,-0.1268280514862
0.7470364006621,1.0000000000000,0.6779839433778,0.6981766576333,0.4815453075672,0.4563336570574,0.3646291632418,0.0687532898025,0.0861438339757,0.0380470636387,-0.0856157581464,-0.0919206682897,0.1910337549094,0.5452541836709,0.4761832234886,0.2239912200032,0.1939250296995,0.0518499419819,0.0724808965107,0.1510438259115,0.2387409240091,0.0746076076636,0.0304957991995,0.0713927068357,-0.0800267431940,0.1002251932373,0.0033035121323,0.0857724300668,0.1137215939164,0.1545444622652,0.1004550509624,0.0754301812341,0.1255775897945,-0.0087487097819,0.0785524111906,0.0817720868096,0.1128666680141,0.1751025381865,-0.0176170282580,-0.1021571211763,-0.0578826801474,-0.2076930496844,0.0428840573346,-0.0980010108809,0.1634233784156,0.0313537858078,0.1303825017171,0.2488599092007,0.4102067451888,0.0737972199486,0.6864751298049,0.8458176902671,0.6392514382594,0.6332401502345,0.3314846800552,0.5364898277751,-0.0734897584492,-0.1916943268379,-0.1324693688253,0.0128483128118,-0.3671222124435,-0.2859368657917,-0.5138146086047,-0.4393946519394,0.6406912470493,-0.1931317226737,0.0974489999670,-0.3817156252614,-0.0843899097302,0.0768164557502,-0.4099981695449,-0.1691042515548,-0.2362484122781,0.0055510828529,-0.3700208822438,-0.1738650686743,-0.0429853125514,0.1036319857753,0.1654585108508,-0.1058108983048,-0.2284562686803,-0.0610687902522,-0.2375331592677,-0.2034383650397,0.0224954030974,-0.1418456757002,-0.0131875483918,0.0501300430893,-0.4338409319074,0.0528939127019,0.0961323401117,-0.0359632922303,-0.0006951951248,0.1177132547797,-0.1335319697352,0.1441709353079,0.4684241259037,-0.1272437744057,-0.1806136238186,-0.2977506097940
0.8389882858084,0.6779839433778,1.0000000000000,0.6243229308823,0.6381514249576,0.6835647803365,0.5691354793416,0.0410478095901,0.0635309429827,0.0053697653342,0.0074645378223,-0.0680231386609,0.1904224321860,0.3696142816485,0.1720671172904,0.1497532762524,0.1390120397044,-0.0575239600678,-0.0444865488600,0.0786733560654,0.1520216779330,0.0936732369402,0.1632470650195,0.0290009479187,-0.0698569907114,0.2788663136250,0.1845112623727,0.2079389067962,-0.0696039733382,0.0473910324043,0.1278438615748,0.2384951269797,0.1885648480273,0.2516772006287,0.1752466506567,0.0009617349070,0.2169451510250,0.2974959475423,0.1176822780625,0.2185268370070,-0.1584135645264,-0.2204897768905,-0.0052904014178,0.1091716492875,0.3295499610068,0.1505694436108,0.2453035271962,0.3877303635402,0.3219301786190,0.0406397017154,0.7044333028547,0.7838051039775,0.5805679499309,0.8617217243593,0.5937719892395,0.6008052790702,-0.0384591461845,-0.2742106169680,-0.2351750663344,-0.1691829450323,-0.3661404431318,-0.1954636276968,-0.3818217689008,-0.2991450012109,0.4334978025170,-0.1611271727960,0.1232167630619,-0.3101860689960,-0.3601027100242,0.0286047524863,-0.3245789930239,-0.0713070031332,-0.1953770153686,-0.0164949025924,-0.3273931634100,0.0315113590981,0.1702528595230,0.2061895897646,0.0228362583292,-0.2568950074334,0.1285603951877,0.1188765581505,-0.1891755884803,-0.1319552617973,0.2400238535790,0.1804625458127,0.1011502763062,0.2720517347594,-0.2946166752433,0.2067090394352,0.1984028014061,0.2869450361449,0.1460013210672,0.2020597569038,0.0925548907387,0.3907906287384,0.3470339918803,-0.1077186729578,-0.2392563753686,-0.2479772852057
0.6662061520445,0.6981766576333,0.6243229308823,1.0000000000000,0.6711801282154,0.6768198431822,0.7471200880308,0.2994150169320,0.3137427595423,0.1736998600331,0.2276415233362,0.1563852172215,0.4018932296401,0.5106403620500,0.3825333167257,0.5642334851266,0.4281347705976,0.3009614287207,0.3036486461883,0.3893054328079,0.4690676801306,0.2963941188869,0.2950700945937,0.1858186965289,0.1484454776797,0.2802847402901,0.2827685277693,0.1524785700489,0.1100914937297,0.0461634791033,0.3073935925168,0.3190739424433,0.4135483322246,0.0959654674975,0.1086803433635,0.1924797874034,0.1651923555147,0.2976966017365,-0.0671203179563,-0.0567038245687,0.0400480049072,-0.0619314511067,0.1280210676785,0.0724895048529,0.3047991430209,0.2042822388009,0.3240895024749,0.3771530136469,0.4720086829636,0.3033559920513,0.5912323289133,0.5769089981306,0.7808677473188,0.6728153775881,0.5740376903478,0.8395775393558,0.1749045592456,0.0053796466782,0.1416614896886,0.2039487863178,-0.2130206905732,0.0035922692317,-0.2828746625864,-0.2259851479770,0.4592811455986,-0.3079040357338,0.3942307595510,-0.1375073430945,0.1241328776565,0.4162684586717,-0.2102878312811,-0.0102789767889,-0.0217005950265,0.3007181365095,-0.2299463889813,-0.0760703202536,0.2271035626371,0.0999972424682,-0.0160417860339,0.1526869593350,0.0506559742291,0.2582310778493,-0.4418355572921,-0.2721880215253,0.1763946402215,-0.0698748914630,-0.0886586658118,0.1634474956764,-0.4116668117393,0.1512935601194,0.0134127198881,-0.0239187850884,0.1931785350846,0.1605939767518,0.0218974245743,0.2833556961270,0.4536861364787,-0.0230784961456,-0.1322654112313,-0.1487495022063
0.7363104661307,0.4815453075672,0.6381514249576,0.6711801282154,1.0000000000000,0.8022361979323,0.5486294158537,0.2099513596279,0.2230800984974,0.1384234516160,0.3672793726985,0.2809742346191,0.2748112374865,0.4791846404762,0.2166774176722,0.2813328684377,0.2491828370429,0.2394390804721,0.0946282832962,0.1979253481499,0.2819756635052,0.2501634762239,0.3829664729904,0.1004518544884,0.1424046201135,0.2121905519919,0.2425116375795,0.1164055205413,-0.0552910513064,-0.1310858995390,0.1501182970620,0.2265630196726,0.2672512623187,0.2239060966924,0.0680419874763,0.0021605192087,0.0785586836378,0.2145778394123,0.0143774681319,0.0994883974107,0.0453899478220,-0.0033030727037,0.0236422299914,0.1035451483879,0.2208156725092,0.2478363837405,0.2141643356880,0.4352966416428,0.2845988352384,0.2544819616149,0.5875603251423,0.4053045277180,0.5309256153551,0.7114865008321,0.6683556723255,0.5718689496934,0.0678355665088,0.0258103541170,0.0681858344546,0.0928699766887,-0.0750431596339,0.1323011137354,-0.0194070539610,-0.0341098126068,0.3243672224649,-0.2089001549126,0.2048398072771,0.0271508158206,-0.0639975000312,0.2545682145783,-0.0433855638969,0.1623385523579,0.0230597769187,0.2213940278948,-0.1142434625104,0.0378548500716,0.2331672519279,0.1045929722363,-0.1188830898762,0.0255808977279,0.1639441518674,0.1997035189302,-0.3870243712528,-0.2077771259280,0.1291763939590,0.1131487628180,-0.0512802511984,0.0684206689545,-0.2044168716012,0.1376530444203,0.0380096520136,0.1879135614076,0.1920042386285,0.1283192733054,0.1225107827371,0.3573917650186,0.3369912660054,-0.0543405457351,-0.0460129445885,-0.0319676109851
0.6695524353774,0.4563336570574,0.6835647803365,0.6768198431822,0.8022361979323,1.0000000000000,0.7037952475323,0.3135784409640,0.2322719289761,0.2747576777551,0.3112386733504,0.2457282154682,0.3606644692491,0.5267769808760,0.3355381235262,0.4477177530327,0.3453011792966,0.3011232334140,0.1423837653443,0.2512445979846,0.3645748287254,0.2707908661270,0.3028165633968,0.1930096753174,0.1228341327574,0.2669730772018,0.3164710257701,0.1725911859995,0.0109103758658,-0.0050028738213,0.2791849244164,0.3046022870582,0.3307823081707,0.2359509177789,0.2201119240604,0.1448683440748,0.1943954431305,0.2847770980866,0.1161848649037,0.0808945890727,0.0974992879473,0.1046752556438,0.1486670772019,0.1016658712201,0.3226906804422,0.3308577209888,0.3149771499325,0.5696606718610,0.3949324913663,0.3675658465833,0.5541095894512,0.3791895073040,0.4999036293007,0.8349433248927,0.8294143907099,0.6709388620615,0.1292017635990,0.0710355971312,0.0836899509447,0.1002295118103,-0.0320301723978,0.1442927032739,-0.0850527232611,-0.0322154263552,0.2810835629995,-0.2268882717641,0.3235149959604,0.0280289795104,0.0002205795771,0.2769689257902,-0.1241540029599,0.1382814516935,0.0829309184729,0.2543188641579,-0.1057023742675,0.0459496252624,0.3626758620386,0.0940957168920,-0.1343381644674,0.1058466993817,0.1874354127265,0.2589292453127,-0.4324808440671,-0.1420354759073,0.1945486040848,0.0966101902761,0.0351999869838,0.2105569659812,-0.2453315269906,0.1627817782530,0.0946183293890,0.0897991264469,0.1699951006058,0.1390680934491,0.1458765796145,0.4514242226862,0.2900344390145,0.0595819015221,0.0019795246602,-0.1035140982886
0.4308541925197,0.3646291632418,0.5691354793416,0.7471200880308,0.5486294158537,0.7037952475323,1.0000000000000,0.2857154162947,0.3651820868534,0.1981899613986,0.2551395619506,0.1252030207648,0.3813741643927,0.3974624237989,0.2871753756394,0.5770731657151,0.4174931673750,0.2986424796100,0.3534750005588,0.3513388194001,0.4385827691863,0.3653988124220,0.3069935546617,0.3818913414802,0.1938844713452,0.3752415398448,0.4149503593613,0.2314919012019,0.1607772715030,0.0762432418356,0.4704251319683,0.3862639536682,0.4174637152518,0.1610076004212,0.4453558674686,0.3730557646204,0.4101233603275,0.3346728068582,0.1736272177953,0.0549500659618,0.0433658861164,0.0125469365305,0.2408933922296,0.1286612912384,0.4120328106654,0.2371921376989,0.3319863142217,0.4087803276787,0.3548331827073,0.3019765204082,0.3762265552947,0.3332963316679,0.5306061008116,0.6592969592153,0.6227359669267,0.7921938589125,0.1630822090765,-0.0178545630522,0.1819702383520,0.2334393098623,-0.1309086439851,0.1582609529973,-0.1455758595704,-0.1149662264545,0.2038285970751,-0.1949284799750,0.3968492853168,-0.0373123488660,0.1695056936789,0.3360795006472,-0.0816747214116,0.1461407381478,0.2168981928961,0.3147606979918,-0.1270098546229,0.1124108472275,0.3715704131910,0.1120997158853,0.0724904262519,0.1840568577037,0.2135612550466,0.2853361900013,-0.3909062485197,-0.0847837937171,0.2771154543079,0.0583985499799,0.1796768827540,0.4492360629669,-0.1996158268946,0.2041490831767,0.1913739816855,0.0158884582812,0.1878996052525,0.1073976499505,0.1129669503976,0.3030794759842,0.2190275554678,0.0359658858805,-0.0779382402242,-0.0851633558102
0.0529568455359,0.0687532898025,0.0410478095901,0.2994150169320,0.2099513596279,0.3135784409640,0.2857154162947,1.0000000000000,0.7617837126189,0.7637534457589,0.6024389646570,0.6530908726208,0.8449928472170,0.4367913254749,0.2824453242753,0.6944064864713,0.7968356527821,0.7411686320213,0.7745546667666,0.7231172235628,0.7680488994609,0.6346491463494,0.5304414562153,0.4672287550796,0.4712513145442,0.5786023656264,0.5887347514189,0.3181344020671,0.2428416527172,0.1738167717930,0.6243634959033,0.5777614932480,0.6368663118388,0.3942667899093,-0.0263402491920,0.2837286614859,0.3463069406418,0.5722243165547,-0.0256705638302,0.2080587641960,0.4720658093816,0.6154002524612,0.3663622427193,0.4537499196990,0.6532882935340,0.4961830749729,0.6848626354616,0.2316286219660,0.2951698313975,0.7308539327445,-0.0289240694478,-0.1265479360473,-0.0201596932562,0.2069200563392,0.1721063656035,0.1703865385200,0.3990085654871,0.5408502462296,0.5187464536731,0.5767425142582,0.3074952451098,0.3941956181291,0.2315095305072,0.1715244866950,-0.0923696662583,-0.5741567108289,0.2690701498757,0.2566825918529,0.2847065388914,0.4489738886515,-0.0972535156519,0.2842874911351,0.2861128043770,0.5680561297293,-0.0085553890948,0.1780493585801,0.3909063801134,0.0277532303456,-0.0470223481950,0.1670469707200,0.0815768236116,0.0311026618685,-0.5317593961697,-0.3565441099740,0.2512385768733,0.0141548542530,-0.0224650141926,-0.1108563740510,-0.4396576933311,0.2645206428172,-0.2744127512015,-0.0581054909030,0.3824539715834,0.1250481435985,0.0894034479561,0.0338142740881,-0.0544252003648,0.3654807702201,0.1488658388862,-0.3180665696825
0.0651640469313,0.0861438339757,0.0635309429827,0.3137427595423,0.2230800984974,0.2322719289761,0.3651820868534,0.7617837126189,1.0000000000000,0.4967445473244,0.5347712895401,0.4740564347708,0.7232562117096,0.3302911448283,0.2822794965471,0.6097615250022,0.7389918573689,0.6407440451677,0.8005419360234,0.8247047207850,0.6988420513674,0.6418253294178,0.6021700897479,0.5647306932278,0.6470244135734,0.6043445441590,0.5572731411675,0.3638304020756,0.2890868335506,0.1503935946942,0.5598282435487,0.5628655667242,0.6285392094988,0.3670290985217,0.1045586604090,0.4173159748328,0.4326040065166,0.6189143875930,-0.0166698927488,0.2130842068927,0.3525617692256,0.3678007033828,0.2933179026359,0.4565045130989,0.6728306575720,0.4401081852803,0.6309951904208,0.2151913733400,0.3114858523009,0.5687189841228,-0.0143222801447,-0.0606969622574,-0.0056638042377,0.2014970364939,0.1364420413258,0.1283495456354,0.4449774530417,0.3684133375917,0.6072981938064,0.8191343454484,0.1050496224424,0.3206921834384,0.1156722552337,0.0035262765451,-0.1203786140189,-0.4053823952025,0.1397426259017,0.0894010083242,0.3152799513050,0.6047946936045,-0.1013391785425,0.3055263862522,0.3851534279318,0.7435130236031,-0.1627939642671,0.2556595197097,0.3527649128022,0.1259759819568,0.1700334269555,0.0740383416010,0.1304189848015,0.0684590532388,-0.4461991930348,-0.3695361845248,0.3778599727436,0.0385345067361,0.0716306766974,0.0321735207881,-0.3855485602921,0.4121921821078,-0.1396549668259,-0.0247429368182,0.4296063124470,0.2327124930524,0.1459982080121,0.0708749928849,0.0690253923233,0.2241726520764,-0.0132360742319,-0.2453849106611
0.0191102021844,0.0380470636387,0.0053697653342,0.1736998600331,0.1384234516160,0.2747576777551,0.1981899613986,0.7637534457589,0.4967445473244,1.0000000000000,0.5677735642997,0.6919810712118,0.7087880960313,0.4032964897324,0.2297907127376,0.4852649956866,0.6285388358979,0.5572514139776,0.5470486495803,0.4415143112694,0.6483090072728,0.6250466766286,0.4772128481153,0.4485523048901,0.2186462317639,0.3690375554609,0.5380855708150,0.2137060507658,0.2540324761239,0.1406989910810,0.4882472639154,0.4176080757607,0.4848472296276,0.3492690554713,-0.0027575406782,0.1794384861411,0.3537390448828,0.3556157344111,-0.0629352202365,0.2311640375154,0.4961307560857,0.6863968279475,0.2327113919769,0.2767168474916,0.4327329290670,0.5580600076098,0.6085987257751,0.1694138782912,0.2952735278370,0.6994713378797,0.0002964287336,-0.1277922916588,-0.0641522639458,0.1634258663926,0.1732263540779,0.0825855483629,0.3015256501896,0.3552933649338,0.3504392439546,0.3673626960196,0.5767564220158,0.4052195830039,0.3397509379325,0.1841289366618,-0.0170084973803,-0.5801676201479,0.1589530888287,0.2409603652912,0.2431748804704,0.1842054399632,0.0156493514111,0.5167762687178,0.3487582539220,0.3314634894623,0.0178040998103,-0.0279765697717,0.3682730185651,-0.0506133025563,-0.0828180585474,0.1218105835021,0.0478987442205,0.0069492814348,-0.3991002045367,-0.3218778309032,0.0628365621693,0.0670170042430,0.1307033465009,-0.1005908604021,-0.3559593489184,0.0608425102706,-0.2446119737649,-0.0520314565946,0.2009142181341,0.1526329267678,0.2310677719054,0.0027657627750,0.0139019193278,0.4989120548919,0.4281371584975,-0.1399574049860
0.0826283744442,-0.0856157581464,0.0074645378223,0.2276415233362,0.3672793726985,0.3112386733504,0.2551395619506,0.6024389646570,0.5347712895401,0.5677735642997,1.0000000000000,0.7164263416884,0.6036414404601,0.2892067064955,0.1114361733938,0.3920226093715,0.5591634785850,0.5773984356738,0.4362168532872,0.4454079307090,0.5824427854958,0.6209947066696,0.6883769481972,0.3575326886707,0.3792775016152,0.3550683892385,0.5259946960206,0.1485684892271,0.1229821073820,-0.0566228015463,0.4506775314762,0.4463635314823,0.5781338080708,0.2487891371824,0.0066068617910,0.0711151071600,0.2405809459877,0.2787539651763,-0.0212353700338,0.1565471412752,0.3802662832575,0.4970349190119,0.1752856417421,0.3011042585789,0.3484962337679,0.4559932811180,0.4443068081692,0.2959778674739,0.2596609816388,0.5831020592655,-0.0104769012787,-0.1844976193122,0.0160440504157,0.1427386059657,0.2764683953833,0.1223930360566,0.2256817154952,0.2891864592053,0.3665288706717,0.3950245581839,0.3967658138853,0.6943500728443,0.4918700728225,0.3204846714040,-0.1083597194503,-0.2878842633993,0.0935088291713,0.3467233555334,0.1441450678442,0.3254305045400,0.2217588168958,0.4567473117251,0.3413685030666,0.4694188467434,0.0555279945590,0.1124917759797,0.4047020262748,-0.0819042945567,-0.1342199577943,0.1883387860239,0.2622971293778,0.2265223135857,-0.4088266167446,-0.2986749754702,0.1158004311110,0.0194289347551,0.0137863905537,-0.0586640141656,-0.1777800483057,0.1168926949460,-0.1251720486030,0.0237982030869,0.2989915618081,0.1084845230299,0.2116645275256,0.1419480809679,0.0799218472903,0.2790285630119,0.2109143832214,0.0246540741798
-0.0037094457372,-0.0919206682897,-0.0680231386609,0.1563852172215,0.2809742346191,0.2457282154682,0.1252030207648,0.6530908726208,0.4740564347708,0.6919810712118,0.7164263416884,1.0000000000000,0.5402882092013,0.3399653941832,0.0197601272514,0.4195458604896,0.4782110657655,0.6613611816917,0.4317076827614,0.4092858775779,0.5207594317059,0.5190843092774,0.7197369019387,0.2135055135327,0.4286840072935,0.2867937701421,0.4885610063068,0.1285749860576,0.1841106832881,-0.0030356024247,0.2469488863678,0.3865606277941,0.4424543009613,0.3203156762429,-0.1913668552514,-0.0284517330062,0.1038063823582,0.2251193001744,-0.1873577051239,0.2411264841438,0.4990579261025,0.5857411699673,0.0851129490711,0.3402085834939,0.2698201543067,0.5393112360664,0.5128753595676,0.1145119309189,0.0428836988873,0.6368955630737,-0.0791363572470,-0.1980765237808,-0.0199238161512,0.0724547540955,0.0955050213797,0.0615248184456,0.3858346130584,0.4628379074301,0.4974465123450,0.3677274199814,0.5806005390473,0.5224048587242,0.5868641984480,0.3557746087633,-0.0704277805426,-0.4539411743226,0.2128835096094,0.4560154208540,0.1911738643238,0.3770056248112,0.2687992514519,0.6247386539342,0.3608057004529,0.4680175388906,0.1462881171378,0.1152472236917,0.3707919214529,-0.0640425151430,-0.1608115310382,0.2252870871784,0.1770362692344,0.1267280470320,-0.4314663171432,-0.3724595254254,0.0643567897729,0.0322618059360,-0.0934143821695,-0.2709669049182,-0.2382888955949,0.0858186572868,-0.3818604449376,0.0246434615688,0.3127297554766,0.1183036389674,0.2958773279400,0.0662872761795,-0.0513188284457,0.3446823131828,0.3342792238144,0.0516876637839
0.1741972776506,0.1910337549094,0.1904224321860,0.4018932296401,0.2748112374865,0.3606644692491,0.3813741643927,0.8449928472170,0.7232562117096,0.7087880960313,0.6036414404601,0.5402882092013,1.0000000000000,0.4237796155554,0.4179636671763,0.6614547784385,0.9349619411907,0.6716142686848,0.6912666796518,0.7582060121369,0.8584484447599,0.6702478249120,0.5675847935848,0.5455633096771,0.3902816828707,0.6952247566505,0.6085160306486,0.3031511283717,0.2059166403677,0.1991727398001,0.7286755623016,0.6971682966511,0.7902790308637,0.4413773352972,0.0872415798108,0.3541734234853,0.5309209426009,0.7033467633013,0.0973276135527,0.1915265608257,0.3963373082082,0.5114986706459,0.4213979622495,0.4932717935110,0.7691818645220,0.4728146167431,0.7427856919976,0.3774274192601,0.4942258258385,0.6792475246014,0.0840084907159,0.0080961074614,0.0429003743047,0.3332556263842,0.2466967418381,0.1945534342987,0.3142820676229,0.2752481052082,0.3302676644118,0.4789205803193,0.1208223589676,0.3305102347213,0.1436610350792,0.1076249906273,-0.0554352013380,-0.5134132746741,0.1297007862820,0.0834814846225,0.1682922181762,0.4009462286388,-0.2292241846230,0.1968788713137,0.2011520266160,0.5173209643996,-0.1846175789063,0.1705095754112,0.3545310806648,0.0295867403137,-0.0112142824078,0.0708045848137,0.0816623329422,0.0960170771941,-0.5461771927661,-0.3713679184806,0.3391448521345,0.0275168099749,0.1035985928885,-0.0170278729867,-0.5171458946034,0.3493054616437,-0.0981666859475,-0.0107237647969,0.4475304576601,0.1360427421610,0.0238013713281,0.1028832679023,0.0636181416576,0.2395491252813,-0.0057045798741,-0.4419273635254
0.4146720790780,0.5452541836709,0.3696142816485,0.5106403620500,0.4791846404762,0.5267769808760,0.3974624237989,0.4367913254749,0.3302911448283,0.4032964897324,0.2892067064955,0.3399653941832,0.4237796155554,1.0000000000000,0.5564806725106,0.5202341214375,0.4923993019749,0.4606417666123,0.3570773537851,0.3458071446308,0.6026544938248,0.4779966935057,0.3577744661889,0.1904848195948,0.1872436925943,0.3205809493370,0.3535612392104,0.3479857373150,0.4274345739458,0.5085378851303,0.4089901614822,0.3952747469216,0.4218463940973,0.2495938194899,0.0557478489761,0.1111622523373,0.1408925535514,0.3320239330711,-0.0208223339960,0.0457813064061,0.4696705079834,0.3005533182609,0.3975362194382,0.1727033744320,0.3610878992330,0.3478537094314,0.4729073967725,0.2787028886241,0.5147197495583,0.5402086407954,0.2611634207832,0.2488748467358,0.2310614083486,0.4273774198520,0.2993430542361,0.3360557983564,-0.0754663344176,0.0863132937781,0.1557453667703,0.2047654971504,-0.1158107424338,0.1461430784811,-0.1993447789845,-0.2861127484279,0.2009348821095,-0.3296891896188,0.1474934538498,-0.1449120800398,0.0195591147596,0.1864509339126,-0.2429061278833,0.1167050986410,-0.1234138664502,0.2646041418957,-0.1971620804677,0.0051315896290,0.2224257928458,0.1272249657649,0.0650362886083,-0.0193928179729,0.0348260333131,-0.0476689473902,-0.4737893925156,-0.2262995473307,0.0713294251997,-0.0197003990432,-0.1405145491139,-0.1122819929154,-0.3952247329695,0.0709787200630,-0.1214617431804,-0.1442379557735,0.1938670015776,0.1930025292045,0.0453661250161,0.0363820769374,0.1834744289050,0.0815089520257,-0.0102535423565,-0.3477569597683
0.1712404539278,0.4761832234886,0.1720671172904,0.3825333167257,0.2166774176722,0.3355381235262,0.2871753756394,0.2824453242753,0.2822794965471,0.2297907127376,0.1114361733938,0.0197601272514,0.4179636671763,0.5564806725106,1.0000000000000,0.4068584667356,0.4764371528171,0.2351478480407,0.3374489782381,0.4164067159074,0.5682787105155,0.3083851411986,0.1338447726081,0.4341383311644,0.0848998338646,0.3183954820599,0.1973431574047,0.0789438160864,0.2613285389564,0.4511493670667,0.5166441922713,0.3566028945736,0.4006848884585,0.2385701936541,0.1691826696936,0.5434844157214,0.3767835285261,0.4280476639517,0.4108403480155,-0.1319098716933,0.3049879381784,0.2280291372527,0.7076421804563,0.1470792531289,0.4165628730215,0.2145354178684,0.3312710832138,0.4440724070352,0.6030274462863,0.4275916554011,0.1206414087801,0.1883707536409,0.0916185585220,0.3237230136988,0.2036408634283,0.1748976392138,-0.2315955044169,-0.1562353243466,-0.0742045532234,0.2101076771829,-0.2761850812750,-0.0583844799683,-0.4058400885389,-0.4536624512379,0.0813519252128,0.1144773290422,-0.1389311535232,-0.4345424053457,0.1378744436618,-0.0021202932910,-0.5868243130181,-0.2127038938317,-0.1108461076653,0.0040935758791,-0.4334611389200,-0.1076688883811,-0.0635551153927,-0.1138448712477,0.0440749860015,-0.1108715495940,-0.2611296047326,-0.2753960112896,-0.3006900328786,-0.0040228309233,0.0060072729646,-0.0400163143559,0.1101860400900,-0.0085382157668,-0.2656623653543,0.1032001824061,0.2536666690365,-0.1877805715565,0.0775098529767,0.0266732954039,-0.2743104192042,0.1075115254077,0.1378063580899,-0.1150936711898,-0.0609947989348,-0.4267816850412
0.1385760443920,0.2239912200032,0.1497532762524,0.5642334851266,0.2813328684377,0.4477177530327,0.5770731657151,0.6944064864713,0.6097615250022,0.4852649956866,0.3920226093715,0.4195458604896,0.6614547784385,0.5202341214375,0.4068584667356,1.0000000000000,0.7139524477255,0.7256025950633,0.6801202569987,0.6713493181498,0.6930117846322,0.4438555067642,0.4317846683751,0.4905664954852,0.4216156046269,0.4599725105299,0.5143247389738,0.2618358369763,0.2314412825944,0.2782244178038,0.7320301364746,0.5898941548253,0.6818058842901,0.2865003779203,0.1803555971066,0.5343515595001,0.3870502392222,0.5166251631669,0.0568462027678,0.0590088015995,0.3023072647126,0.3428307483468,0.4953773861997,0.3032991535715,0.5647383491343,0.4064450452203,0.5808664019674,0.3531527236118,0.4296425671790,0.5663589109162,0.0882709253568,0.0156444139423,0.2301508837052,0.3079121723983,0.2869977546208,0.4154077629336,0.3394535281469,0.3140087194087,0.4832731253625,0.5056178361616,0.0271451001219,0.2142271202258,-0.0053664020068,0.0074241632970,0.0063036480583,-0.4054965699768,0.5621563544933,0.1583410354077,0.3508987622208,0.5353087408171,-0.1951493822131,0.1512486771252,0.2331249611366,0.4956505639160,-0.0309944935840,0.1161077179038,0.3629844598334,0.0147407858720,-0.0761212117734,0.3894927875615,0.2212021486836,0.2676955164262,-0.5262340343269,-0.1269942606810,0.3257600200717,-0.0304303634923,0.0216190146628,0.1607485275521,-0.4121110474865,0.2912278866810,-0.1197633432570,-0.1575361262232,0.3093883702562,0.2391245141101,0.0847668295661,0.1698088666206,0.0572216383283,0.1947019398689,-0.0343790017280,-0.3324024614537
0.1392488059354,0.1939250296995,0.1390120397044,0.4281347705976,0.2491828370429,0.3453011792966,0.4174931673750,0.7968356527821,0.7389918573689,0.6285388358979,0.5591634785850,0.4782110657655,0.9349619411907,0.4923993019749,0.4764371528171,0.7139524477255,1.0000000000000,0.7045112187483,0.7171413813458,0.8032399986860,0.9125577399246,0.6937404312259,0.5757045339987,0.5809807784478,0.4070205597631,0.6867971012304,0.6180268482820,0.3046862846361,0.2707229997528,0.2523693808613,0.7742082178794,0.7103868252159,0.8236319420712,0.3975209634955,0.0980660844350,0.4106954009107,0.5159872863410,0.7061669765455,0.0465007635753,0.1190546725357,0.3996767753648,0.4507552005313,0.4825936028153,0.4885675081198,0.7441247161086,0.4564861419251,0.7352872427648,0.3464340064908,0.5383027763889,0.6696073239310,0.0404050220628,-0.0219471463806,0.0367163245365,0.2956725905318,0.2018688036781,0.1986266341448,0.2970104389170,0.2729001062976,0.3620303004680,0.5120760147033,0.0627969219956,0.3209378864133,0.0609109561783,-0.0081278237037,-0.0748094514069,-0.4697373744076,0.1218860601891,0.0515707916811,0.2281013249748,0.4470053181125,-0.2317128430815,0.1902857496966,0.2080978584472,0.5461505707912,-0.1860942252540,0.1617658528320,0.3488891577739,0.0264260575275,0.0138074615665,0.1511022777852,0.1317202618234,0.1315797036033,-0.5713917554245,-0.3534253007134,0.3495867071422,-0.0124621426949,0.0761980475063,-0.0416854061516,-0.5132006553000,0.3452862949642,-0.1321635228102,-0.1097861980337,0.4608409245942,0.1709080087638,0.0427028186432,0.0448157927554,0.0683690742971,0.2139400118253,-0.0716743311518,-0.4316143882210
0.0465740302429,0.0518499419819,-0.0575239600678,0.3009614287207,0.2394390804721,0.3011232334140,0.2986424796100,0.7411686320213,0.6407440451677,0.5572514139776,0.5773984356738,0.6613611816917,0.6716142686848,0.4606417666123,0.2351478480407,0.7256025950633,0.7045112187483,1.0000000000000,0.6234726405297,0.6888710294390,0.6587573871371,0.4651310172517,0.5442130999605,0.4971089089764,0.5341509873641,0.4630488486866,0.5030329848119,0.2168379816171,0.2091952739426,0.1297531652451,0.5080492476946,0.4952474317407,0.5838732994757,0.2727581029685,-0.0073154396641,0.2922102937513,0.2786953380847,0.4039928668654,-0.0211843514748,0.1283331304383,0.4772725124846,0.5659675230060,0.2766485628433,0.3666878112284,0.4773728083963,0.4539881676188,0.5565382757210,0.1908145219120,0.2262659383577,0.6488447188617,-0.0609954305614,-0.1597089793398,0.0431934553653,0.1201764946920,0.1049642035088,0.2125128533620,0.4709418354428,0.5333650302171,0.6810446260747,0.6040273691591,0.2691211103842,0.4396867000014,0.2944084961520,0.2549091236313,-0.0790520858442,-0.4998734380669,0.3580711833663,0.4498988473139,0.3860984734600,0.6335527654317,0.0661504493353,0.3634311536447,0.4055498723497,0.6345448579229,0.1026429390798,0.2932118428234,0.4133256533768,-0.0330969885964,-0.1426900692530,0.4567295762559,0.1608128421979,0.2593992429941,-0.5783503125435,-0.3098747914563,0.3113265012811,-0.0886693641948,-0.0225664146136,-0.1264916391259,-0.3157260788832,0.2634654455165,-0.2627666777102,-0.1314459073346,0.4171953221397,0.1619016621899,0.1314010466695,0.0193430308025,-0.1131925444745,0.3194016451679,0.1469323636656,-0.1903630391848
-0.0731979406849,0.0724808965107,-0.0444865488600,0.3036486461883,0.0946282832962,0.1423837653443,0.3534750005588,0.7745546667666,0.8005419360234,0.5470486495803,0.4362168532872,0.4317076827614,0.6912666796518,0.3570773537851,0.3374489782381,0.6801202569987,0.7171413813458,0.6234726405297,1.0000000000000,0.7528731284122,0.7031020448509,0.5661259891360,0.4752174220425,0.5512092468413,0.5032795397318,0.4706672080056,0.4946709310015,0.2136432349273,0.2895121309600,0.1962478862301,0.6052736711449,0.4420590005988,0.5393940078536,0.2262489532987,-0.0396723588739,0.5166382131049,0.3414770768438,0.4663685785970,-0.0500261831098,0.1445911380463,0.3365499626332,0.4500969098724,0.4003264224287,0.3561445461167,0.5400495561880,0.3560000644296,0.5176186287315,0.0730854811867,0.2554386731383,0.6274535814491,-0.0532237775053,-0.0793284412426,0.0333515129223,0.1348566695051,0.0737918684007,0.1885904853205,0.2647417319888,0.3325719270897,0.5358965170040,0.6812940089616,0.1392462626142,0.2874239304858,0.0872993606232,-0.0214567169433,-0.0344299978149,-0.4148463298063,0.2221472064359,0.0981033865862,0.5345050110812,0.4521476582398,-0.1238593760322,0.2284551846414,0.3128373982746,0.5468193179382,-0.1105840219131,0.0634818623050,0.2031593274397,-0.0203328053381,0.0933025035865,0.1779948706745,-0.0138654199823,-0.0477314042924,-0.4673782833047,-0.3147404879564,0.1678293494770,-0.0380166282630,0.0087166441798,-0.0674027162690,-0.3878655802462,0.2084166266627,-0.1970859602832,-0.1691576775655,0.3319236993463,0.1375365700194,0.0345566556236,-0.0836112370006,-0.0202549261282,0.1961167495394,0.0710188738707,-0.2621947414594
0.0978577821236,0.1510438259115,0.0786733560654,0.3893054328079,0.1979253481499,0.2512445979846,0.3513388194001,0.7231172235628,0.8247047207850,0.4415143112694,0.4454079307090,0.4092858775779,0.7582060121369,0.3458071446308,0.4164067159074,0.6713493181498,0.8032399986860,0.6888710294390,0.7528731284122,1.0000000000000,0.7687114987531,0.5375690854328,0.5681841523335,0.6099532585514,0.6702355088741,0.6879901810314,0.5617019343810,0.2966496443497,0.2082846343135,0.1670611524196,0.6312497844953,0.6307311244523,0.7050363031152,0.4222065296809,0.0469981117832,0.5399180758885,0.4474922171514,0.7342137826607,0.0045491681188,0.1321590326871,0.3494980818483,0.3975291668666,0.4205068322692,0.5322378368902,0.7459710529471,0.4701742836101,0.6758079293482,0.2574893086390,0.3618736287549,0.6287864749853,-0.0227925709930,-0.0283988252414,0.0361264797267,0.2289805110812,0.1074986730278,0.1803044976371,0.4253035065255,0.2884345448740,0.4968610207710,0.6467666179098,-0.0321406325456,0.1744173472971,-0.0222733563732,-0.0972297513043,-0.0830068119477,-0.3814270005960,0.1310684334387,0.0255613790245,0.3329347995160,0.6583901048795,-0.2738275899787,0.1380342981300,0.3151681283869,0.6826213291601,-0.2227490097029,0.2453715441374,0.3184924372951,0.0346607806394,0.0189780857770,0.1624931819244,0.0576541007719,0.0894314001065,-0.5155537284066,-0.3545522348201,0.4573749431128,0.0048682394930,0.0502184079530,-0.0214486778754,-0.4395467017293,0.4895342157353,-0.1580009121062,-0.0943765430187,0.5178430307888,0.1954928421036,0.0165334526465,0.0781208773534,0.0243370420535,0.1178227148545,-0.0900555146058,-0.3280915628205
0.1293996507192,0.2387409240091,0.1520216779330,0.4690676801306,0.2819756635052,0.3645748287254,0.4385827691863,0.7680488994609,0.6988420513674,0.6483090072728,0.5824427854958,0.5207594317059,0.8584484447599,0.6026544938248,0.5682787105155,0.6930117846322,0.9125577399246,0.6587573871371,0.7031020448509,0.7687114987531,1.0000000000000,0.7416581743813,0.6586461071715,0.6032062780389,0.4082175591346,0.6758715270090,0.6661609065837,0.3352626350657,0.3917117495777,0.3555153925836,0.7482808843181,0.7296827663077,0.8033101882535,0.4192969738933,0.1299970803855,0.3915816742507,0.5123346286160,0.6530511426777,0.0194306081920,0.1056651495203,0.4705517499568,0.4786403280446,0.5773255112933,0.4386933179705,0.7143253247629,0.5235060667309,0.7567559973105,0.3502318463582,0.5589531739986,0.7483246844805,0.0097638733638,-0.0160296549399,0.0416105411782,0.2996353990572,0.2198149422895,0.2198264176784,0.1637299000085,0.1929186473841,0.3152447971452,0.4749328223429,0.0287311918582,0.3385678220073,-0.0352198464989,-0.1642076015825,-0.0946904814368,-0.4606019748202,0.0888021720235,-0.0864775062733,0.2181231657748,0.3871987416214,-0.2725132728529,0.2705151435090,0.2007125690477,0.5060117487607,-0.2410364100100,0.1480622269950,0.3678797509476,0.0381638607019,0.0353609524321,0.0629228320507,0.1236242008938,0.0365919815028,-0.6293065486145,-0.3545296484816,0.3001800613913,0.0626251834565,0.0416856178811,-0.0532527701382,-0.4757278976406,0.3126150249014,-0.1493827483702,-0.1272971225155,0.4314923510629,0.2016091760733,0.0856211357730,0.0564829416234,0.0592654328911,0.1651935357610,-0.0306208008584,-0.4238936059872
0.0727694774212,0.0746076076636,0.0936732369402,0.2963941188869,0.2501634762239,0.2707908661270,0.3653988124220,0.6346491463494,0.6418253294178,0.6250466766286,0.6209947066696,0.5190843092774,0.6702478249120,0.4779966935057,0.3083851411986,0.4438555067642,0.6937404312259,0.4651310172517,0.5661259891360,0.5375690854328,0.7416581743813,1.0000000000000,0.6247490760625,0.4030565893398,0.3320382936855,0.5451448880274,0.6027245915011,0.4716088850116,0.5127734278255,0.2662769019888,0.5767885484785,0.5849104508975,0.6439211518441,0.3773185282886,0.1003386321240,0.1898012972358,0.3440793126591,0.5047032361920,-0.0171933562933,0.2150720360811,0.5747997314225,0.4465001068623,0.3471243688499,0.3959083337227,0.5682632701964,0.5165761564541,0.6779762100424,0.2076543161185,0.4942990223989,0.5894198870472,-0.0464315998627,-0.1067221366473,-0.0345715559404,0.1633464481098,0.2059904460574,0.1093020486324,0.0852731818395,0.1861773537710,0.2816596171100,0.4140537975967,0.2027676350298,0.4557415371703,0.1578383620089,-0.0553275653830,-0.1353735569983,-0.3391916585417,-0.0452453771953,-0.0203643729618,0.1043516974845,0.2360328134954,-0.0443041856985,0.4124504681696,0.1568176507498,0.4476248283345,-0.1859588994825,0.1173873832745,0.3744543303709,0.1422495386655,0.2165878471697,-0.0676003861443,0.2094082528695,0.0112689760778,-0.4216873706790,-0.3441184686419,0.1810701058693,0.0887125379076,-0.0065671514241,-0.0435049514151,-0.3509046531296,0.1769274146699,-0.1172105375703,-0.0185407055695,0.3104719414308,0.1646996068370,0.2053738516366,-0.0249824734583,0.1682940288442,0.3282158406150,0.0736658125571,-0.2030492812833
0.1327596876890,0.0304957991995,0.1632470650195,0.2950700945937,0.3829664729904,0.3028165633968,0.3069935546617,0.5304414562153,0.6021700897479,0.4772128481153,0.6883769481972,0.7197369019387,0.5675847935848,0.3577744661889,0.1338447726081,0.4317846683751,0.5757045339987,0.5442130999605,0.4752174220425,0.5681841523335,0.6586461071715,0.6247490760625,1.0000000000000,0.3824209947217,0.5159232274481,0.5520952439158,0.6611189416177,0.2022086709367,0.2264603252068,0.0661933320099,0.3892352721554,0.6235829612420,0.6536783006925,0.5037744935662,-0.0136802953946,0.1006939866690,0.3530052094221,0.4494985775319,-0.0971991206765,0.3498312142957,0.3502976791490,0.3742405110235,0.2033743974106,0.4783163890113,0.4986060123675,0.6478558203036,0.6547258461750,0.2553798720821,0.1917676634869,0.5964149626735,-0.0158484815996,-0.0423769644916,0.0485407747712,0.2333967036975,0.1771150163674,0.1050334664543,0.2712014969894,0.1907109342018,0.3492445718490,0.3305194482954,0.1675476914417,0.4099932491062,0.2653045325217,-0.0311237540713,-0.1127441141920,-0.3505935705230,0.0497557603851,0.0790961254368,0.0207944473340,0.3886412411205,0.0015169418436,0.6050641720940,0.3107247267417,0.4951184538990,-0.1668445356913,0.2342412479948,0.4360663330682,-0.0030928395211,-0.0303332881913,-0.0120960146046,0.3496555095005,0.1467516665254,-0.5104678860044,-0.4057420480511,0.2714864941948,0.2205609991639,0.0254387923796,-0.1004673106754,-0.2998872158482,0.3058727575436,-0.1904389972706,0.1509088773060,0.4483537725963,0.2730445800554,0.3750460142939,0.2084374420883,0.0382856415108,0.0891674293867,0.0237750853876,-0.1062517756784
-0.0304289686651,0.0713927068357,0.0290009479187,0.1858186965289,0.1004518544884,0.1930096753174,0.3818913414802,0.4672287550796,0.5647306932278,0.4485523048901,0.3575326886707,0.2135055135327,0.5455633096771,0.1904848195948,0.4341383311644,0.4905664954852,0.5809807784478,0.4971089089764,0.5512092468413,0.6099532585514,0.6032062780389,0.4030565893398,0.3824209947217,1.0000000000000,0.3127942669245,0.4496190180552,0.5118766136475,0.1054611745001,0.2075521147942,0.0966763822231,0.6565227051828,0.4104248596103,0.4454309015109,0.2137965719608,0.3845341224664,0.7180392195651,0.6834477129166,0.4403860526384,0.2648908032996,0.0934622563820,0.1822188958722,0.2864424332943,0.4553940405574,0.2118045940980,0.5023678731885,0.3010103990000,0.3983163749579,0.3069797696095,0.3116139491402,0.3871472310784,-0.0947473878273,-0.0526765337464,-0.0542048262182,0.1585359392552,0.1376969680527,0.1039542521055,0.2217747372359,0.0306200635656,0.3334604113343,0.4852904817667,0.0457630863020,0.2386274113591,-0.0333903691973,-0.0774011491138,-0.1229629434857,-0.1855443287550,0.0487041641732,0.0074556450837,0.3698176967902,0.2744293898948,-0.1819417233551,0.2728030017157,0.5906213947824,0.2900986244485,-0.1601033644111,0.1747848947090,0.1985051751473,-0.0708440715014,0.0707001866171,0.1835850363179,0.0129374123411,-0.0015969655196,-0.4026056481582,-0.0974995358570,0.2891204731056,0.0332600450919,0.4727359613659,0.2570875401126,-0.1742379707618,0.3293233553495,0.1713645870175,-0.0664327607639,0.2128624016285,0.1198417660752,-0.0133889220742,0.1191969012074,-0.0764563637206,0.1304644736137,0.0908349389576,-0.2559385631482
