1.0000000000000,0.7147653399726,0.7019150546530,0.5726383624715,0.8679220002191,0.7265441585909,0.4284131773057,0.1075728445904,-0.0199147073979,0.5035850047046,0.3868203000210,0.4441744992570,0.2684015539059,0.6229461045811,0.2513822933890,0.2348452529059,0.2359379344884,0.2330620650620,0.1091398742397,-0.1505285364208,0.2190938936772,0.4355338104023,0.2429246291258,0.0390857886882,-0.0823327356353,-0.1822603720058,0.0122763412865,0.2171705833720,0.1395135971923,0.1719025498723,0.1349390010132,-0.0426373738679,0.1006996284800,0.1138586802313,0.0539686109274,0.0402250610178,-0.0090227251756,-0.2145544879741,-0.0604201658790,0.0926492236778,0.3359968059202,0.3744090382250,0.0558479875734,-0.2355506167317,-0.2418548872759,0.3107990855011,0.2043863113162,0.2893596426676,0.5582252740853,0.4213222017491,0.9026267321172,0.8379609190622,0.6819730851311,0.7020465112946,0.6529955978979,0.5261632936418,-0.1313814782766,-0.1479078495325,0.0166132263979,-0.0052464879198,0.3270117587394,0.3025820638992,0.2519294631411,0.0681507259269,0.7234163859480,-0.0153530159762,0.2126999965383,0.1652696880698,0.0587203947037,-0.0873644179912,0.0650615844766,0.3946723011719,-0.0265696168769,-0.0290403968080,-0.0734469354277,-0.2573383610637,-0.0946124663458,0.0750104758200,0.1290154655329,0.1641006574853,0.0670964049006,0.0478818260956,0.1877548766703,-0.1184433627965,-0.2924515214919,0.0957923337938,-0.0713738297852,0.0015344226455,-0.1174001404915,-0.2180754942547,-0.0980438110091,0.0349272092989,-0.2808277541418,0.2017964473004,0.2102470968322,0.2195711092468,0.6075434196377,0.3784819097826,0.3680097866123,0.1124606407287
0.7147653399726,1.0000000000000,0.5662413931403,0.6274685850379,0.6243112538624,0.5470525380107,0.4265494643747,0.1452833278037,-0.1063884892403,0.5622674456648,0.2466739917133,0.3452924957221,0.1281686516603,0.6609960234736,0.5208981077580,0.2939162722696,0.1581425314857,0.1516516742827,0.1679218296460,-0.1126684765699,0.2457226848382,0.4037353013636,0.0283293090260,0.0549487972476,-0.0911971546012,-0.2350685006267,0.0242691890125,0.3857101971849,0.4557435376285,0.4562823226575,0.1704479432110,-0.1809973647273,0.0003566489867,0.0270377170173,0.0514940033846,0.1352891032625,-0.0430490812408,-0.2799181763084,-0.0024668197564,0.0096755394191,0.4721321318877,0.4744351745313,0.2455708597260,-0.2284398730294,-0.1976937401268,0.1306312539585,0.0562224406045,0.1967783799764,0.5523415941486,0.5094273132463,0.6622662485667,0.7407964570087,0.5074241451734,0.4854527113762,0.4308151486087,0.4423044280823,-0.2861463876282,-0.1335177610150,-0.1724925531172,-0.1137056894336,0.2058379733975,0.2152996464544,0.0526627105677,-0.1575105023736,0.7057959302220,-0.0108762465139,0.0915860600190,0.0416060809087,0.0347636578152,-0.1377264446009,-0.1106316281994,0.2312114383027,-0.1173747805054,-0.1758370264008,-0.1735289263083,-0.3794065535942,-0.1938880661979,0.2323980709947,0.4740344206147,0.0935711510251,-0.2424402884575,-0.1149218340514,0.3502215604374,-0.1205611229627,-0.3395107002956,-0.1091979229845,-0.0932084088710,-0.0171438549119,-0.1540120816831,-0.2658539075912,-0.0839065523584,-0.0890343769471,-0.2898012108355,0.0280006164074,-0.0025712346817,0.0508829549204,0.6078002689767,0.2636669131441,0.3691136731617,0.0506369486425
0.7019150546530,0.5662413931403,1.0000000000000,0.6066171648099,0.7191195634102,0.8258899172929,0.6271898100948,-0.0640100386900,-0.1560319515702,0.2643123046611,0.1897287345337,0.2397585750698,0.1173471892896,0.4317041441872,0.4053774254027,0.2796294274597,0.1565479276864,0.1274103201098,-0.0428010966232,-0.1256798097527,0.1577447860682,0.2036122467948,0.0878094853864,0.0396140285228,-0.1393899020596,-0.0727136703290,0.0224769651508,0.0814505251158,-0.0030879821525,0.2265701909197,0.2451019860734,0.1455737586957,0.2353829761803,0.2099896253033,0.1776314197598,0.1695060569130,0.1171941608103,0.0166452605485,0.1989826371279,0.0558325257057,0.0470566545383,0.1992719761551,0.3430784152362,-0.1144278447222,0.1667589336536,0.2025955968848,0.0979358582803,0.4894128001004,0.4346775128635,0.3380245424095,0.7064738297110,0.7351557415736,0.5614532109808,0.9228171607645,0.7830581281841,0.6621843951138,-0.0546204460499,-0.2298910683357,-0.1690260470552,-0.1302880645986,0.0555749202984,0.0861022003629,0.0166659184507,-0.0832172496559,0.3838049055202,0.1693968356245,0.3394623389457,-0.0230056492175,-0.0982314425543,-0.0813653846189,-0.0942083889886,0.2349975482052,-0.0745845599142,-0.1644222084436,-0.0350580250630,-0.1006310109048,-0.0553684616380,0.0444610900915,-0.0023415548615,0.0624219193230,0.2027689056910,0.1900833276264,0.1545992455881,0.1441608767276,0.0472127779604,0.1869856424583,0.0614068645150,0.1769130380367,0.0980546511355,-0.0301579771042,0.1234344384478,0.0723062329084,-0.1314815388719,0.2956954631253,0.1714854019957,0.4584499375469,0.3580000315583,0.0683438950255,0.1949534555382,0.0707027624319
0.5726383624715,0.6274685850379,0.6066171648099,1.0000000000000,0.7027609580230,0.7394835380984,0.8484373379749,0.2964609010666,0.1979031166157,0.3369235399549,0.3162086798054,0.3043686683825,0.3250753339695,0.4510876639476,0.4709697295878,0.7136869354885,0.5003056715783,0.5468351875170,0.5142807194384,0.2935219695628,0.4560844530986,0.1366243818911,0.0623512369332,0.2888993167838,0.2223383160933,-0.0807002622804,0.3254445282548,0.0321369184054,0.0919381528605,0.1242848248983,0.4947416426774,0.0475627578943,0.2888962548164,-0.1771977462099,0.1166099814139,0.3728281972326,0.1654878496269,-0.0427883423010,0.2212775929008,-0.1194992426968,0.1198797167208,0.3295982356936,0.4781217146869,0.0215883293814,0.0391916790642,-0.0081143132604,-0.0537955453407,0.3220714258987,0.3602632317084,0.4696280084673,0.6142793528109,0.6303036697271,0.8053821602215,0.6528158493381,0.6649988117103,0.8669739795096,0.1152306364200,0.0305387736269,0.1633208217794,0.1980715163051,0.1418918663750,0.3562213549832,0.1372003922191,0.1283707476778,0.4589195678776,-0.0032160407584,0.4012181309297,0.3545498333488,0.3350272028737,0.2800671153998,0.1830281452633,0.0859280185566,0.1381594990859,0.1664967413115,0.0523996820434,-0.0883982099282,0.1027708415908,-0.1461127126817,0.0742007315505,0.3920780107451,-0.1223850945343,0.3032514975313,-0.0777429159434,-0.0929050886466,-0.0680863292743,-0.3148932420856,0.0284459686723,0.0784472423707,-0.0909614942774,-0.0142449397812,0.0249819877486,-0.3413858196924,-0.0313272768015,-0.0549096067959,-0.1120681817192,0.2167147276073,0.3261497003971,-0.0095434633420,0.1357115542202,0.1928666645708
0.8679220002191,0.6243112538624,0.7191195634102,0.7027609580230,1.0000000000000,0.8777818145862,0.5464004500152,0.1972130724742,0.0677553096247,0.5008189231902,0.5037444881469,0.5349062879925,0.3757687147518,0.6042044142353,0.2660982538559,0.3693189934986,0.3801601790885,0.3653945795505,0.2484919205220,-0.0040089077135,0.3555578872700,0.3473729059226,0.3190183948614,0.1187426053105,-0.0044163083763,-0.2061279519151,0.0341064110549,0.0981785107402,0.0798892138619,0.0478277881502,0.2140390426777,0.0102472041454,0.2133499493925,-0.0279938252077,0.0055825043446,0.1041273332118,0.0236719527711,-0.2056921213388,-0.0343975154056,0.0134987304744,0.2661745339066,0.3823524935590,0.1216708708452,-0.2313320503022,-0.1859888208810,0.2141385202064,0.1516620872152,0.3827940443480,0.5184333248152,0.4739847178946,0.8615266719381,0.7629926848939,0.7364162684492,0.7865405046210,0.7772717548317,0.6236365347832,0.0221447396123,-0.0681493983719,0.0988524011255,0.0819483698626,0.3646705177164,0.3983281560048,0.3369378412828,0.1612945223465,0.6647198798352,-0.0477156483204,0.2701926031072,0.2707825344660,0.1492504548650,0.0472340018150,0.1874543809680,0.4092904760542,0.0502429917743,0.0489555285206,0.0012635438302,-0.2297762157506,-0.1081939877478,-0.0004222210327,0.0639364568779,0.2441443519916,0.0342367342108,0.1828008746773,0.0382415608078,-0.1858911184008,-0.2273036242048,-0.0341310221393,-0.0605288206040,-0.0307890403049,-0.1575524485488,-0.1912067963689,-0.1237767802753,-0.0848455927799,-0.2661316141748,0.1720802530508,0.1144806924368,0.3043680869871,0.5443821188282,0.2577355025065,0.3182710714966,0.1843495152971
0.7265441585909,0.5470525380107,0.8258899172929,0.7394835380984,0.8777818145862,1.0000000000000,0.7053092919311,0.1681700850193,0.0329415279570,0.4399712124293,0.4369892888631,0.4376749192236,0.3644392060974,0.4841562240581,0.3580018064283,0.4520367884656,0.4555662656766,0.3938420106474,0.2171019259774,0.0461447338588,0.3436256575564,0.2498791544032,0.2151063189223,0.1670626615324,0.0145735155231,-0.1812557068397,0.0851069371998,-0.0003237413120,-0.0014108914336,0.0158211746148,0.3335072199263,0.0698101389461,0.3241313653875,-0.0518297078871,0.0861461481284,0.2203434312994,0.1058099451545,-0.1063684996526,0.1081022679032,-0.0812344684443,0.1217664408588,0.3168019679572,0.2539295587876,-0.1877911051690,-0.0206446809899,0.1517091143765,0.0796936182690,0.5064600110954,0.4547487297097,0.4779835489170,0.7711191233636,0.6822865061229,0.7147272956741,0.9121273869510,0.9006778563314,0.7410733511710,0.0756816069814,-0.0974817761067,0.0633870338216,0.0550631522269,0.3134247926771,0.3501712973486,0.2686580620597,0.1512075389965,0.5154256237131,0.0561053138706,0.3669185408399,0.2729368036579,0.1541353368312,0.0955272608456,0.1571180238204,0.3001428524317,0.0799850066525,0.0413373427146,0.0476067189882,-0.1459758285414,-0.0424981462891,-0.0643502641757,-0.0115818553366,0.2816807192180,0.1092220305346,0.3188663580395,-0.0006311120400,-0.0591459766033,-0.0872893069394,-0.0363539136196,0.0114362252362,0.0823313902621,-0.0443230047541,-0.0940321764440,-0.0083801438987,-0.1266521049378,-0.1988774103079,0.1423312838650,0.1098093069145,0.4273718509745,0.4258494578963,0.1684864262470,0.2706935975425,0.2332255646507
0.4284131773057,0.4265494643747,0.6271898100948,0.8484373379749,0.5464004500152,0.7053092919311,1.0000000000000,0.1780831835437,0.1688364018780,0.2687092735481,0.2090920860819,0.1790452003717,0.3207424627253,0.2895677970334,0.4091118581880,0.7261661265640,0.5249133044874,0.5199962254573,0.4044059681111,0.2934269856007,0.3664580476870,0.1100385239792,-0.0110401257331,0.4160764767917,0.1977541233664,-0.0045780671071,0.3975585062943,-0.0376382028666,0.0091858382369,0.0740509749736,0.6578032784401,0.1323846582677,0.3572495932237,-0.1482510006892,0.3798456756603,0.5092045238605,0.4198349680183,0.1560810588483,0.3799166960122,-0.1927710855978,-0.0584848930847,0.1577007942698,0.4999951541960,0.0708836841122,0.2286079111061,-0.0260774696196,-0.0261296623729,0.4057185971522,0.3042177387550,0.3672778002294,0.4798747496291,0.4639175284395,0.6767488220553,0.6731181847367,0.7054202310815,0.8729152198231,0.1803280108481,-0.0300081281297,0.1976571965466,0.1835498806591,0.1375578109597,0.3035053002982,0.0994724353173,0.2020555107325,0.2507754655766,0.1505678085005,0.5286609145075,0.3824763646586,0.3339889241121,0.2856592774434,0.2379103422444,0.0683125023675,0.3036502919301,0.1957135689346,0.2041817452980,0.0880157965099,0.2715081180128,-0.1829501273383,0.0007011448094,0.5010587759926,0.1053611534983,0.4777251077246,-0.0892983654722,0.1470589478972,0.1780521649507,-0.2109984507378,0.2759864827581,0.3394805278297,0.0828402283386,0.1904925031352,0.2226549569908,-0.3249831035151,0.0452260210479,-0.0614804963081,-0.0137070566641,0.3243618641668,0.2062082578073,-0.0304862053657,0.0788980660809,0.2721352926112
0.1075728445904,0.1452833278037,-0.0640100386900,0.2964609010666,0.1972130724742,0.1681700850193,0.1780831835437,1.0000000000000,0.6355770817380,0.4028936338759,0.3761566908387,0.4005263655925,0.6604409750541,0.0683121494318,-0.0713466692403,0.4048415130035,0.4771935393095,0.5751204491286,0.6658961793458,0.4919289200904,0.3957240956665,0.1608321172448,0.1262970854961,0.3303383773992,0.3790823586718,-0.1088445669301,0.3685973381788,0.0561412645696,0.1743369794456,-0.2114761873062,0.2389991991830,-0.1189119880339,0.1514799348982,-0.3619229322653,-0.1093536260412,0.0843042007717,-0.0032210947486,-0.0412533310016,-0.0408135602327,-0.0965417946125,0.2695657789274,0.3391950617094,-0.0896507978835,0.0146976534738,-0.0140478331914,-0.0296371378750,0.0383076970714,-0.1009003341477,-0.0912304593072,0.3322620473698,0.1183075118176,0.2047793290214,0.3116988682144,0.1034152685081,0.1093170320665,0.2367910260255,0.5785562465004,0.7672155158488,0.5567787728618,0.5015861421354,0.4599663326068,0.4990619913827,0.4679038026404,0.6230813399184,0.2359743179188,-0.4070104698731,0.1404856523810,0.6432689704665,0.5110649966485,0.5335745337190,0.4289285233655,0.1154484510803,0.3059896991107,0.4015887969400,0.2643600594419,0.0182064860523,0.2062618365620,-0.0263718728107,0.0404479591751,0.3637190555954,-0.1690797001608,0.2120908234465,-0.3833272863304,-0.3526856328413,-0.0580774602226,-0.3971125329809,-0.0325440244553,-0.1913587949968,-0.2782158738828,-0.0886874997759,-0.1591720118046,-0.2917596868238,-0.0263216571271,-0.2176381921339,-0.0244105758015,-0.1587716891963,0.0054127524874,0.0676473793172,0.1682733415097,0.2059845502588
-0.0199147073979,-0.1063884892403,-0.1560319515702,0.1979031166157,0.0677553096247,0.0329415279570,0.1688364018780,0.6355770817380,1.0000000000000,0.1542150433680,0.2969534546999,0.2128186141362,0.4741258034386,-0.0605386571016,-0.0827395887471,0.4907661588989,0.3988018258394,0.5767253868784,0.7951324707855,0.7635976885573,0.3755083248329,0.1113207877696,0.2011879770578,0.5020372078734,0.7791762748052,0.1038127863672,0.4854628429998,0.0278952643839,-0.0273020058447,-0.2355100533029,0.2931263722812,0.0458903909879,0.1904398560057,-0.2314148039515,0.0852605313986,0.3729471729721,0.1529273924553,0.3006020448587,0.1249833342347,0.0171331791300,0.0802692368425,0.1266408874121,0.0403235301795,0.1814786101355,0.0656398640132,0.0333216075088,0.1207315118024,-0.0462184929502,-0.0858288525040,0.1430965901644,-0.0620159064683,-0.0246425080917,0.2162494935397,-0.0180279081280,0.0260413968378,0.1552876636268,0.5810746452539,0.6128870243667,0.8524036390622,0.9427645517721,0.2265698212537,0.4181187360108,0.2960275677029,0.4878032970896,-0.0128842948358,-0.1416021993318,0.2254302082213,0.5611901610635,0.8095333803151,0.7969307616281,0.3950797295544,0.0086273676554,0.5044019752776,0.8838348576059,0.2490047780538,0.2252684634370,0.3791601465900,-0.0958642916051,-0.1465742566862,0.4410468813843,-0.0706105166555,0.2554634995549,-0.3496571249904,-0.1202490066933,0.1388032143666,-0.2899393729214,0.1057141104864,0.0433856441128,-0.0606531796775,0.2938506012627,0.0089332952281,-0.2252624228209,0.1760303930591,-0.1875265249865,-0.0730849148895,-0.0692032860493,-0.0946759271963,0.0299402046733,0.0070288086754,0.1974060451923
0.5035850047046,0.5622674456648,0.2643123046611,0.3369235399549,0.5008189231902,0.4399712124293,0.2687092735481,0.4028936338759,0.1542150433680,1.0000000000000,0.5551607493931,0.6663556961241,0.5973835527101,0.5488525043269,0.3316171051113,0.2567850441099,0.4399639488740,0.3442229827965,0.2816610646723,-0.0618046510506,0.4523822567416,0.6198466713173,0.3436266520784,0.2147459739477,-0.0104534664352,-0.2884594242569,0.1755438482974,0.2034660673360,0.2937832972038,0.1277613897692,0.2605639642906,-0.0848016879549,0.2009917360572,-0.0258273750529,0.1206336181397,0.1004721474619,0.1384491183945,-0.2625560407074,-0.0148576011824,0.0680036623815,0.4257696642743,0.5627723388085,0.0601023316510,-0.2451872918632,-0.3260784162151,0.2497395897001,0.2763462990937,0.1417662135248,0.4597514542304,0.6026843676187,0.4225135818846,0.4326699807534,0.3129677203589,0.3011877643644,0.3614024348750,0.2271832195719,-0.0533956143294,0.1053253655795,0.1618930915897,0.1727306220871,0.7286161896823,0.5725892532665,0.4898492213281,0.3186244476805,0.6115887255711,-0.0896575229863,0.0808853101378,0.4058054703863,0.2526351786232,-0.0522629744846,0.2833814037070,0.5359794157472,0.1387385869047,0.1084249328590,0.1122692663292,-0.3391966080765,-0.0058278422018,-0.0244907902339,0.2126031903639,0.3051017995965,-0.0576891283846,0.1104232178818,0.1509000121694,-0.1300470968595,-0.3248555572576,-0.1250544144279,0.0716021696758,-0.0199406495662,-0.1346290774322,-0.2498200296815,-0.0390925527580,-0.1192921444113,-0.3299742739178,-0.0571131312677,0.1782446577645,-0.0149667539554,0.5198833003087,0.4203826034870,0.6035071752254,0.3436220207636
0.3868203000210,0.2466739917133,0.1897287345337,0.3162086798054,0.5037444881469,0.4369892888631,0.2090920860819,0.3761566908387,0.2969534546999,0.5551607493931,1.0000000000000,0.8368113822234,0.6387138572355,0.4659551572983,0.2563639347960,0.3271802699299,0.5679072577440,0.5050886395548,0.3873176103260,0.2167848152185,0.5773114053222,0.4672171138485,0.6815826569653,0.3499804581333,0.1920501817537,-0.0133895567793,0.2743064939039,0.1301816841845,0.1161732654712,-0.0140775711561,0.3097405625763,0.1834849995402,0.3918743491943,-0.1223741102065,0.1281420556685,0.1731629240366,0.2426232574458,-0.1339802651822,0.0554076126373,0.1444814290289,0.3597316318007,0.4434525127456,0.1096028359674,-0.0740672211314,-0.2059099979553,0.2572708592331,0.1944448650279,0.3395674828566,0.3713259838308,0.5902004274586,0.2706760063825,0.2310387951445,0.3108454991344,0.2673673167402,0.3648246267965,0.1586876230565,0.1730503974988,0.1799728540289,0.3596492746234,0.2798221685694,0.6106484550939,0.7561272632775,0.7623289376814,0.4244256521727,0.3965994395516,0.0645838976765,0.1152491923301,0.4831624364031,0.3871512779530,0.1744634535122,0.4489988874159,0.6487671620001,0.3542289565455,0.2815787968701,0.2320925462681,-0.0306467702248,0.1695740746921,-0.0377227895957,0.0804665582261,0.4046747632012,0.1563088860061,0.3591017452520,-0.0209369498684,-0.0565937916750,-0.0800123001709,-0.0882565876575,0.1816970271675,0.0259393090110,0.0731043265707,-0.0261047267688,0.0715432232972,-0.0611398890296,-0.0417930686081,0.2436628973652,0.2182142303733,0.2065436295758,0.4267383657177,0.3490683160953,0.5209501104140,0.5260921141848
0.4441744992570,0.3452924957221,0.2397585750698,0.3043686683825,0.5349062879925,0.4376749192236,0.1790452003717,0.4005263655925,0.2128186141362,0.6663556961241,0.8368113822234,1.0000000000000,0.6690205995888,0.5055808881105,0.2396420624721,0.2685609349217,0.5475253220160,0.4768929676605,0.3333448816923,0.1167203407266,0.5703280307048,0.5407722566905,0.7119038544228,0.2852046396749,0.0974000028200,-0.1204603225286,0.1842750339948,0.1355690900391,0.2324503284378,0.0429309520902,0.2506161058181,0.1106417316805,0.3799656486522,-0.1120192277484,0.0202765894919,0.0912059910219,0.1790056824125,-0.2202307879748,-0.0091463136253,0.0971093203211,0.4477358863957,0.4988991567346,0.0530057266562,-0.1118059788176,-0.2609410834610,0.3272896947483,0.1990175234028,0.1937724053827,0.3703905176850,0.6192808843119,0.3285937036205,0.2966797039395,0.3225254886182,0.3055523880901,0.3327374080497,0.1796591365338,0.0827164583525,0.1375283291262,0.2682647160990,0.1931141338232,0.6654393118296,0.6597830613115,0.7770155469943,0.4276341230070,0.4648965354294,-0.0481684966038,0.0545972618309,0.5057772790324,0.3041704449045,0.0826187797750,0.4465288695192,0.7329051253395,0.2613337059924,0.1841610825924,0.2009939704307,-0.1576734721900,0.0817246373533,-0.0747847640368,0.1532793714781,0.4026443186318,0.0882457712184,0.2881036746327,-0.0160004943988,-0.1431406192282,-0.2065556801056,-0.1416834852572,0.1049046827100,-0.0846652800980,-0.0512292497729,-0.1735795918943,-0.0389224268146,-0.1078610919191,-0.1217501744045,0.2162809748950,0.2456495926795,0.0634894936365,0.4536977721367,0.3357534718020,0.5686088595230,0.4597173444809
0.2684015539059,0.1281686516603,0.1173471892896,0.3250753339695,0.3757687147518,0.3644392060974,0.3207424627253,0.6604409750541,0.4741258034386,0.5973835527101,0.6387138572355,0.6690205995888,1.0000000000000,0.2420709110982,0.1074212688896,0.3915708865542,0.7230349065929,0.6220851577172,0.4626413417290,0.3089898450683,0.4768612806142,0.3733885310195,0.4091267241183,0.4013601733036,0.2515169799715,-0.0477624353896,0.3760235839631,0.0149057234417,0.0951574871394,-0.2008220560369,0.3672937252045,0.0670756294203,0.3897508710220,-0.2086826370480,0.0506047939987,0.1930491984805,0.2465434038906,-0.0064550570811,0.0936680021633,-0.0025846953245,0.2493919438366,0.3933030172525,-0.0111731525614,-0.0111263402744,-0.0836258095706,0.1792772093146,0.2080347897813,0.1730223964691,0.2031723364431,0.4991896223049,0.2090622138329,0.1831677355511,0.3921245839876,0.2505037483345,0.3445860489866,0.2883577541998,0.4162865031788,0.4191341872795,0.5020572625644,0.4274175199819,0.6417968662165,0.6953964680500,0.7369476895660,0.8241044720504,0.2810248676526,-0.1022370645951,0.1846280478832,0.7690689673915,0.4580974080962,0.3284871343104,0.5417286435178,0.4057062483020,0.3950733153787,0.3857126933155,0.2990882027765,-0.0317854664681,0.2431172981327,-0.1980381025834,-0.0394962535264,0.5178319796219,0.0746869694626,0.4199389972659,-0.2812436006591,-0.1758864852187,-0.0719884911101,-0.2668375978464,0.1426934415894,-0.0164771508581,-0.0953541836678,-0.0276901383155,0.0385732095897,-0.2031818421471,-0.0791279719483,-0.0645457142278,0.1474218929490,0.0836473264148,0.1898809377124,0.2321810815600,0.3725934635139,0.4013198723621
0.6229461045811,0.6609960234736,0.4317041441872,0.4510876639476,0.6042044142353,0.4841562240581,0.2895677970334,0.0683121494318,-0.0605386571016,0.5488525043269,0.4659551572983,0.5055808881105,0.2420709110982,1.0000000000000,0.4545891736909,0.3020903264350,0.3172068760190,0.2053665605692,0.1550970243421,-0.1129603228186,0.4861557475327,0.5311384508207,0.3522569699319,0.0872495579556,-0.1166838023064,-0.2597388127739,0.0790511061861,0.4700693333789,0.3679884282071,0.5682310819412,0.2379867517941,0.0973668069259,0.3077583279987,0.0845892006265,0.1022110369874,0.0857966777409,0.0660636489071,-0.2846389972487,-0.0333855623944,0.1963736872735,0.5435732694941,0.5223794512151,0.3002219581995,-0.1837416072270,-0.2493066458373,0.3042137216191,0.3033824762709,0.1932951336367,0.6602452688036,0.5854547618230,0.5269824305177,0.4991516495031,0.3788239619350,0.3799283862617,0.3608902668720,0.2474838340553,-0.2378428384883,-0.2041227821675,-0.0943792249604,-0.0747271527147,0.3133598341559,0.3395726481960,0.2559323645377,-0.0369596975558,0.7562184581229,0.0334186901552,0.1517470355036,0.0867305321020,0.0352533744753,-0.1444960483095,0.1428114538850,0.4735434389030,-0.0028506638249,-0.0738934957586,0.0373207355160,-0.4063376184928,-0.0855243884172,0.2688089716346,0.3897610844668,0.2215011941329,0.0179298608859,0.1293828612797,0.4273775290445,-0.0607905191749,-0.3146429357507,-0.0191568231345,-0.0158276476713,-0.0350074873931,-0.1042924009666,-0.3004617987631,-0.0841986153254,-0.0304063914882,-0.2863170506889,0.3171457077575,0.1412312155593,0.0613186347352,0.6987934264289,0.3734163124503,0.4671333782393,0.1929761404076
0.2513822933890,0.5208981077580,0.4053774254027,0.4709697295878,0.2660982538559,0.3580018064283,0.4091118581880,-0.0713466692403,-0.0827395887471,0.3316171051113,0.2563639347960,0.2396420624721,0.1074212688896,0.4545891736909,1.0000000000000,0.3638160845850,0.1894373848819,0.2194906611465,0.1210201452569,0.0516755873587,0.2692008118386,0.1992594896229,0.0917297572642,0.2983490743851,0.0165604376000,0.0995113766207,0.2592823448069,0.1941743580174,0.1629189798522,0.4130401709855,0.4075409126225,0.1584862138999,0.1883662294312,0.2092785909928,0.3194452171429,0.4734078901003,0.3666349267588,0.1244875158835,0.6486070514843,0.2235331744407,0.2619907983858,0.4031900809197,0.7186475056263,0.2131343799023,0.2240835223408,0.0604415771194,-0.0377402761544,0.5225005854193,0.4588802446223,0.5972439988410,0.1648165043538,0.2294308160416,0.1604061589390,0.2739556420322,0.3226367493738,0.3047071939474,-0.2877800221696,-0.2890342745784,-0.1846372125644,-0.0485098227825,-0.0410825039746,0.1979552361924,0.0084222387064,-0.1818106430449,0.1880400347745,0.4702698885144,0.0206004507421,-0.0183649844460,0.0327660253010,-0.1415285947457,-0.1927265875503,0.0505208854125,0.0274852641341,-0.0845032071876,-0.2467439257294,-0.1752896004804,-0.0261146866023,-0.0889007437705,0.1877371924373,0.0838954313433,-0.1523044089431,0.0298679910138,0.2749524097434,0.2315297469962,-0.0122251520788,-0.1335263971554,0.2495175233335,0.2976342348746,0.3257946847115,0.1021726100170,0.5251867201035,-0.0620088252951,0.1314241852007,-0.0099414558357,-0.0735885275843,0.3320113385293,0.3275304881684,-0.0349695702115,0.3090696223027,0.2836351208406
0.2348452529059,0.2939162722696,0.2796294274597,0.7136869354885,0.3693189934986,0.4520367884656,0.7261661265640,0.4048415130035,0.4907661588989,0.2567850441099,0.3271802699299,0.2685609349217,0.3915708865542,0.3020903264350,0.3638160845850,1.0000000000000,0.6858479424736,0.7771029118940,0.7439773786456,0.6287151931853,0.5285452116515,0.1102274653186,0.0537040408594,0.6144943858537,0.4991930057402,0.0578207510707,0.5356106309586,-0.0034985769554,0.0295819227516,0.0649120552482,0.8120848599384,0.1996206150571,0.3997841938803,-0.2348080203795,0.3682944333919,0.7082076249750,0.4114062419057,0.2799570036239,0.3826155507066,-0.1738600541710,-0.0009594722797,0.1880294306866,0.5749115349989,0.1229320605859,0.1990080737391,-0.0994136939520,-0.0389530553951,0.3043436005743,0.2107607499786,0.3719297208238,0.1934768830449,0.2137302357130,0.4756889386811,0.3446780098358,0.4029146419195,0.5791152314380,0.2821281464535,0.1768729175945,0.4729475468260,0.4783672342647,0.1728560989988,0.4118934293940,0.2181953624646,0.3232972761964,0.2025430861479,0.0875468733636,0.6383651722376,0.5902934841979,0.6095835463157,0.5700247319097,0.3662971276050,0.0470527196141,0.4634920280974,0.4865224606733,0.3296842341120,0.2181031503598,0.3942237720788,-0.1880075945096,0.0096947172976,0.7125896897139,0.0699181843460,0.5066188060803,-0.1314169290823,0.1634439159221,0.2306837191407,-0.2635145795997,0.2789396354978,0.3369200862011,0.0473446277875,0.3246772067789,0.1838415259594,-0.4269546695947,0.1129278177412,-0.1335394947859,-0.1358895966533,0.1820123929162,0.1702598954053,-0.0525680451053,0.0509958702230,0.2444001289968
0.2359379344884,0.1581425314857,0.1565479276864,0.5003056715783,0.3801601790885,0.4555662656766,0.5249133044874,0.4771935393095,0.3988018258394,0.4399639488740,0.5679072577440,0.5475253220160,0.7230349065929,0.3172068760190,0.1894373848819,0.6858479424736,1.0000000000000,0.7652642839129,0.5574999129911,0.4552334205329,0.6161528037153,0.3580564537631,0.2806168814377,0.4611991690747,0.3108547878094,-0.0182164443045,0.4134194966023,0.0116857156722,0.0851521353361,-0.0852738150356,0.6640827612953,0.2191144296607,0.5862781631809,-0.3075508803921,0.1137149612811,0.3721370653023,0.3206347901285,0.0828283054827,0.1090705676659,-0.1626458291438,0.1540442787873,0.2666758979477,0.2218593804467,0.0093700142147,-0.0090674698305,0.0746589797662,0.1540347187829,0.2169864593525,0.2844603522892,0.4638457884307,0.1756459124812,0.0958805657467,0.4228839599557,0.2969682829335,0.4118947891470,0.3973407783716,0.3533962303686,0.2564641605926,0.4572814783422,0.3484312955604,0.4552501208005,0.6066789949532,0.5665764981243,0.5918073365204,0.2123154087985,-0.0304956824303,0.4046286333459,0.7434121251720,0.5146460990524,0.4422696559107,0.5576768506403,0.2507141928386,0.4099816492160,0.3978675584259,0.3913202781566,0.0752721598372,0.3118229882256,-0.1907060608025,-0.0236464795890,0.7102761373566,0.1674337153701,0.6470446270619,-0.2521395215652,-0.0626061078854,0.0896161050677,-0.3020735076637,0.1440426114267,0.1011742059476,-0.0957012965400,0.0905426898641,-0.0131753922555,-0.4230042778585,-0.0434722956942,-0.0597862784658,0.0399341192465,0.0872329874108,0.2368721135000,0.1725572510586,0.1923864272095,0.3861216384447
0.2330620650620,0.1516516742827,0.1274103201098,0.5468351875170,0.3653945795505,0.3938420106474,0.5199962254573,0.5751204491286,0.5767253868784,0.3442229827965,0.5050886395548,0.4768929676605,0.6220851577172,0.2053665605692,0.2194906611465,0.7771029118940,0.7652642839129,1.0000000000000,0.7027997673129,0.6081743965650,0.5142689459479,0.1655701652523,0.2376251953998,0.5790891165793,0.5148945048371,0.0625207374021,0.4876378204742,-0.0584278457278,0.0480592608670,-0.1646712311044,0.6733870518812,0.1182622378889,0.3934125366939,-0.2698077765833,0.1463818863552,0.4640821739874,0.3620918486216,0.1688518274661,0.3247020540401,-0.1625233766416,0.1488001576432,0.3432709007116,0.3048514485078,0.1481595291050,0.1347492518562,0.0538936574814,0.0161386816458,0.2024424390580,0.1207536871574,0.4370737698697,0.1724837648202,0.1572899357866,0.4534372193335,0.2573230927508,0.3222244761550,0.4760708391048,0.3828067627418,0.3301073571254,0.6139057900041,0.5511206060496,0.3553878540518,0.5599237721972,0.4927372140844,0.5872800542970,0.1673911383638,-0.0555140114051,0.3501532439761,0.8092645309573,0.5897812837966,0.5403315171161,0.5556669351242,0.1622610930800,0.4632597623223,0.5581594323775,0.3070597361750,0.2359980344458,0.3425935964799,-0.2366008672483,-0.0581016546478,0.7275857859876,0.0556622929624,0.5179824748060,-0.3035029413960,-0.0961543081191,0.1286250422697,-0.3488565002609,0.1887842278626,0.0916694038002,-0.0263291152451,0.1785722963575,0.1101056920627,-0.4128667289913,0.1321032702181,-0.1198202686099,-0.0130684054132,0.0701780123271,0.1099437329784,0.0378215072456,0.1771192713160,0.3395916954906
0.1091398742397,0.1679218296460,-0.0428010966232,0.5142807194384,0.2484919205220,0.2171019259774,0.4044059681111,0.6658961793458,0.7951324707855,0.2816610646723,0.3873176103260,0.3333448816923,0.4626413417290,0.1550970243421,0.1210201452569,0.7439773786456,0.5574999129911,0.7027997673129,1.0000000000000,0.7569420091518,0.5375647528076,0.1420664149207,0.1833290653040,0.5216001579490,0.6954952275649,0.0015259777547,0.4282569933773,-0.0198041246150,0.0372620449069,-0.1691931722545,0.4655153705179,0.0179799415296,0.2325451539630,-0.3479254693026,0.0601262131412,0.4916642835226,0.1604371086784,0.1159876503494,0.1172589047969,-0.1380358590103,0.1510758610050,0.2942433100124,0.2471008259856,0.1296788604003,0.0250866116689,-0.0290845095510,0.0485576551571,-0.0300450103937,0.0084978367006,0.3686004625946,0.0931759660737,0.1312183648371,0.3967514251728,0.0996959243663,0.1446266453756,0.3713377213646,0.4143773695823,0.5241006977738,0.7177338058576,0.7473248517264,0.3141452407478,0.4922494858509,0.3194764645502,0.4195683617638,0.2238517655413,-0.1781941191716,0.3358796775180,0.6349476112053,0.8518875264801,0.7216133555338,0.4587264072019,0.0557142530800,0.4642653353645,0.6951688962622,0.2937088785745,0.1509573873901,0.2653624439113,-0.1746340630446,-0.0177842880586,0.5734618886462,-0.1555920763918,0.3180443461423,-0.2686387117559,-0.1661102897504,0.0806912638576,-0.3947469300611,0.0676341717224,0.0004117164853,-0.1161879081162,0.1732053100672,-0.0692179968881,-0.4457950110284,0.1532482557816,-0.2146034820880,-0.1135744441712,-0.1151373065021,0.0806434559936,0.0229231890448,0.1290411919027,0.3191647823766
-0.1505285364208,-0.1126684765699,-0.1256798097527,0.2935219695628,-0.0040089077135,0.0461447338588,0.2934269856007,0.4919289200904,0.7635976885573,-0.0618046510506,0.2167848152185,0.1167203407266,0.3089898450683,-0.1129603228186,0.0516755873587,0.6287151931853,0.4552334205329,0.6081743965650,0.7569420091518,1.0000000000000,0.3405188316887,-0.0563847071951,0.1262955016016,0.6212423727221,0.8408193778716,0.3183413864003,0.5829382878977,0.0071504570172,-0.0233095058437,-0.2043500215473,0.4588061123664,0.2267538758016,0.2571559105019,-0.2106824358673,0.1492514162740,0.6075166002191,0.2702221692432,0.4977124287882,0.2388822575595,-0.0506665689230,0.0147602062586,0.0309201552582,0.2685414622396,0.3540345552737,0.3241212370680,-0.0736423639362,0.0031023116339,0.0834258958851,-0.1056402368324,0.1167776059647,-0.1772996959380,-0.1453302643867,0.1841770839508,-0.0166250219991,0.0502817710437,0.2261617963293,0.5278454111430,0.4803122175998,0.6983469329386,0.7077981389084,0.0048186760862,0.2757967559440,0.1879719833261,0.3304440441413,-0.1619228879047,0.0324355450715,0.3177307042882,0.5356035991754,0.7487409134695,0.8729258324450,0.2740260793729,-0.1461570801290,0.5388616159746,0.7476214486732,0.2374363726343,0.3824745347228,0.4474000841891,-0.1195025530676,-0.0852691295559,0.5319058223533,-0.0856179963798,0.3123526137322,-0.3550180054861,0.0066511210470,0.3747688219152,-0.2982396390829,0.2035638418947,0.2006634396736,0.0520333187836,0.5154421389714,0.1032495108572,-0.2860651077217,0.4061599000285,-0.1722812315439,-0.2010577524505,0.0568277234851,-0.1347159361886,-0.1201354551942,-0.0982288530849,0.1712728867564
0.2190938936772,0.2457226848382,0.1577447860682,0.4560844530986,0.3555578872700,0.3436256575564,0.3664580476870,0.3957240956665,0.3755083248329,0.4523822567416,0.5773114053222,0.5703280307048,0.4768612806142,0.4861557475327,0.2692008118386,0.5285452116515,0.6161528037153,0.5142689459479,0.5375647528076,0.3405188316887,1.0000000000000,0.3844161697087,0.4791427333534,0.4584616464612,0.2336929483952,-0.0225024173227,0.3829090907883,0.0401855213624,0.0749075541864,0.0892628764940,0.4780704296942,0.2853212119253,0.5074312144435,-0.2857421822689,0.2416365514274,0.3086383166705,0.3125834869789,-0.1202038204197,0.0059000881796,-0.1085335961562,0.1764874065965,0.3103592720533,0.4027701827528,-0.0952717136945,-0.0747653360910,0.0646156836729,0.1801562082561,0.1038094017016,0.2087274793455,0.5546422464081,0.1739994896626,0.1378273989549,0.2779632987712,0.2476945262274,0.2459676042632,0.2563827615185,0.2452658918451,0.1729877135171,0.3133448564181,0.3271929640985,0.4069759536358,0.5669294263579,0.4547497015824,0.3075507385247,0.3122058182526,-0.1031403342806,0.2697357610303,0.4285569226979,0.4958364658307,0.3405958138667,0.6187668857707,0.4498275394767,0.4447867348292,0.3670516453705,0.4259732790579,0.0957810103321,0.3248263058152,-0.1245184778732,0.0438610769010,0.4720207105563,0.0624526213322,0.5119990817281,-0.1186444920164,-0.0632603456644,0.0362209027733,-0.2673349010261,0.2121044135706,0.0813965698193,0.0703835494712,0.0148603595898,-0.0306926334160,-0.3602307098652,-0.0095311592482,0.0500966413112,0.0548561225000,0.0274160339946,0.2201403451346,0.0951106930920,0.3070279077565,0.5297106704933
0.4355338104023,0.4037353013636,0.2036122467948,0.1366243818911,0.3473729059226,0.2498791544032,0.1100385239792,0.1608321172448,0.1113207877696,0.6198466713173,0.4672171138485,0.5407722566905,0.3733885310195,0.5311384508207,0.1992594896229,0.1102274653186,0.3580564537631,0.1655701652523,0.1420664149207,-0.0563847071951,0.3844161697087,1.0000000000000,0.4014619288514,0.1144467414023,0.0305344562035,-0.0982446016182,0.1350884162714,0.5493153281306,0.3243079434158,0.2493957933617,0.1406323323981,0.0871612268170,0.2958749798240,0.2079380845717,0.0858770614885,0.0339544164837,0.0831652721190,-0.1333316086768,-0.1260771503009,0.2699496657122,0.5358638817656,0.3996635950977,0.0045825825517,-0.1295117696809,-0.2317813304171,0.5434706940385,0.6002110404904,-0.0136587544805,0.6626439231190,0.4065407269798,0.3211429250747,0.2340984339876,0.1437741199874,0.1935570353892,0.2160064752170,0.0141761085756,-0.0649379535600,-0.0330266521301,0.1106167572471,0.0778918691160,0.4672537224399,0.4372198699439,0.3365535526829,0.0991245090148,0.4619916012551,-0.0179360877522,0.0078625943638,0.1818231202839,0.1816129802930,-0.0482557299943,0.1843254318676,0.5150885884311,0.1283829255439,0.1024818948751,0.0480381455282,-0.2356655196353,0.0212215328392,0.2835709419472,0.2945459064724,0.2145008049427,0.1226746527887,0.1200814559755,0.3549922462052,-0.0780736832790,-0.2046624205049,0.1385803937337,-0.0155444285585,-0.0256952788873,-0.1020226566971,-0.1947811598627,-0.1060724384484,0.0786654629544,-0.2424902401221,0.2039654708509,0.3240685373873,-0.1128390355771,0.6644711588956,0.7003200852578,0.4199611609836,0.2636378575823
0.2429246291258,0.0283293090260,0.0878094853864,0.0623512369332,0.3190183948614,0.2151063189223,-0.0110401257331,0.1262970854961,0.2011879770578,0.3436266520784,0.6815826569653,0.7119038544228,0.4091267241183,0.3522569699319,0.0917297572642,0.0537040408594,0.2806168814377,0.2376251953998,0.1833290653040,0.1262955016016,0.4791427333534,0.4014619288514,1.0000000000000,0.3079821358189,0.1161480263816,0.1686216914270,0.2685252160138,0.1025954576415,0.0743217427664,0.0001467862654,0.0944257049986,0.3814695337438,0.4412832085962,0.1009809426905,0.0709757890545,-0.0118313180492,0.2691833011929,-0.1026899014231,-0.0242629711600,0.3463650827821,0.3069283796359,0.2544894424685,0.0120543006695,0.0767556415182,-0.1792105904893,0.4755075789805,0.3709911623832,0.1375687478113,0.2392980259977,0.3676496644296,0.1318354002252,0.0540111121453,0.1506361814768,0.1355608183447,0.1706263355000,-0.0351211488315,0.0914033928084,-0.0119839289448,0.2525958143972,0.2016556605309,0.3572663213312,0.4275524960435,0.5503590519430,0.1907396981712,0.2210503929085,0.0887503144712,0.0096279093648,0.2787578303223,0.2517029444835,0.0854779761211,0.3210126562517,0.7366205324823,0.3683775276527,0.2613289958254,0.1864928221147,0.0206385926734,0.2288044158062,-0.1084623010498,0.0285939030228,0.3244812575097,0.2357613825055,0.3228752242826,0.0164527065789,0.0033126342565,-0.0541906712385,0.0667367441329,0.2525297878848,0.0075845152590,0.0884952084920,-0.0307006713711,0.0494593724440,0.1274842730533,0.0817524109360,0.3762199242946,0.3107505342412,0.1050054175492,0.3313747389127,0.2316522558619,0.4009918092956,0.3802142855663
0.0390857886882,0.0549487972476,0.0396140285228,0.2888993167838,0.1187426053105,0.1670626615324,0.4160764767917,0.3303383773992,0.5020372078734,0.2147459739477,0.3499804581333,0.2852046396749,0.4013601733036,0.0872495579556,0.2983490743851,0.6144943858537,0.4611991690747,0.5790891165793,0.5216001579490,0.6212423727221,0.4584616464612,0.1144467414023,0.3079821358189,1.0000000000000,0.4621205553071,0.3555501496420,0.6619095863252,-0.0148327387271,0.0434116935385,-0.0601180919545,0.6395470869448,0.2984988419045,0.2358201334022,-0.1567051044756,0.5183264743548,0.7211315365474,0.7257666683390,0.4406315129665,0.4673879099107,-0.0115576038563,-0.0338383783927,-0.0090508055071,0.3672615044623,0.2175740824907,0.2288091930979,-0.1087049280009,-0.0300525566042,0.3266286350220,0.0965150874045,0.2405145810294,-0.0674621079307,-0.0582976055531,0.1572324989991,0.1041535719533,0.1796958858850,0.2247931315641,0.3770193046891,0.1971555364093,0.5674413947420,0.4648280077230,0.1524483029720,0.3784804953248,0.2752740207032,0.3395863959810,-0.0412017699173,0.2660309135250,0.3885651451856,0.5837142011632,0.6158169191226,0.5240027360137,0.3500063998119,0.1540745848710,0.8577354068665,0.5204523752741,0.3596863764117,0.3806072612311,0.5421447104051,-0.2003601254004,0.0015385063670,0.6877065279779,0.0751548630771,0.4134970141955,-0.2534262291250,0.2746351632901,0.3491812480799,-0.2488737295699,0.6679151192469,0.5299944964662,0.3014671337203,0.5560083945655,0.4380431222156,-0.2545859804661,0.2479704815514,-0.1896044245846,-0.1385505953909,0.2533168115008,0.0433824648690,-0.1297956809973,0.0228148640229,0.3791892275030
