1.0000000000000,0.0537976928579,0.5590130596831,0.1311852793070,0.8797518961742,0.4158926073288,-0.1923605957753,-0.3298166566018,-0.3787076601194,0.3649503982913,0.1286379991901,0.2668787238422,-0.2344669655870,0.7881210264967,0.1638591870766,-0.3157886402447,-0.0632381305083,-0.2576041631528,-0.2556255633701,-0.4026770466846,0.0207676531607,0.4402213745606,0.0253330927749,-0.4521473720055,-0.2581534190945,-0.4161581452820,-0.3579629235902,0.3910430962970,-0.1872210795198,0.2729549177556,-0.2567611868364,-0.2277493996073,-0.1498358107059,-0.2291531545552,-0.2937848819312,-0.4081233685457,-0.3181606120565,-0.5411347094681,-0.2707092106481,0.0171043539812,0.2912606183501,0.5306687374556,-0.3272428968554,-0.5153267686147,-0.2374000879871,0.1135970815968,0.1260921794724,0.2554160754103,0.6035703876253,0.2742907001178,0.8735270892015,0.6065704884845,-0.1659260406371,0.4817949330499,0.4291176752312,-0.1550465076433,-0.1737815747606,-0.0620891737784,-0.1793322656071,-0.1860137996917,0.2899431257570,-0.0111005272365,0.3891252987569,0.0770233264571,0.4562213063428,-0.2548044771675,-0.6118653732232,-0.0745459208774,-0.4610396616442,-0.2455162337085,0.1175456105355,0.4027274321942,-0.3452407221788,-0.2827801527090,-0.2767049459702,-0.4988291738293,-0.5950686145374,0.5026833546470,-0.1405246325221,-0.4218125985312,-0.2920147984513,-0.0195303997466,0.3868410465182,-0.6006557744204,-0.2923645245799,-0.0175835969524,-0.1824044050381,-0.3725783705356,-0.3244803233857,-0.2777061117380,-0.2370508462273,-0.3139179083748,-0.5990591252873,0.3384380511542,0.1326791881435,0.2309930276945,0.4997938954785,0.6939388218875,0.4307030696281,-0.1324885806744
0.0537976928579,1.0000000000000,0.3271000005771,0.4783351397948,0.1769723445576,0.4424906999130,0.1829748235777,-0.0883126256359,-0.3031212580800,0.3104096511991,-0.0220787316927,0.0913161934099,-0.0825432364888,0.2761499448442,0.6737823806955,0.1146597644620,-0.0952991753434,-0.1548894934314,-0.1067623979162,-0.4291452303079,0.0351094632282,0.0033564027297,-0.0879966375378,-0.1851829856066,-0.4762743139993,-0.2274664111939,-0.4397414253991,-0.0881394222242,-0.0038592390189,0.3463691912775,0.0206820356519,-0.1838681870991,-0.3433557915552,-0.0676213977355,0.1488217819767,-0.0179720947967,-0.1813253465085,-0.3841100016315,0.0149442513584,-0.1713665509564,-0.0848432230528,0.2442956206737,0.1699023990921,-0.2180141745846,-0.1956059845085,-0.2273351809584,-0.2638811486211,0.1151543760494,0.0847725308016,0.3132428768590,0.0702097974486,0.3392125583248,0.0883761665533,0.3091963415457,0.0549170766446,0.1863300984741,-0.2203226605507,-0.2054312951535,-0.3296099567409,-0.3628126335820,0.0820752442120,-0.0658727925866,-0.0623582181923,-0.3196509705689,0.2373745551505,-0.1964034330107,0.0321839571184,-0.3665289015320,-0.2643763907947,-0.4240240205675,-0.2538958065446,0.1601910017909,-0.3977492530392,-0.4745460748652,-0.3273939777767,0.1812415815017,-0.2920573720654,-0.0332475071636,0.0913152606342,-0.3261743152570,0.0735987693485,-0.2879105419913,0.3048080973116,-0.0133858302624,-0.1927231367714,0.2272823794422,-0.3265827467276,0.0753174246818,-0.2457286008100,-0.4528935000924,-0.0478892997376,0.1856748780267,-0.0383330699641,0.0190381682953,0.1077170606808,-0.1435941753269,0.0630276788683,0.1391007612106,0.2396349740054,-0.3442851096575
0.5590130596831,0.3271000005771,1.0000000000000,0.3716239798857,0.5590181508042,0.7355544841750,0.1678945478770,-0.1601377039415,-0.3171877960171,0.5051972547433,0.1858742891265,0.2434760093628,0.1322401486707,0.5298566342999,0.4317540480918,0.0324405271649,0.0831780259243,-0.0751006158897,-0.1360627620722,-0.4206880891333,0.1088670819945,0.1955961082063,-0.1849274374472,-0.3523479489074,-0.3534020835256,-0.3455326077064,-0.1508595099049,0.3831038502289,-0.3950944217187,0.3334414941738,0.0649137389657,-0.0377582948010,-0.0384655350590,-0.1086006341816,-0.0040323689189,-0.2098216065351,-0.0599715881520,-0.4135945402225,-0.0105880670518,0.0732324054281,-0.1788188814654,0.4021854940392,0.0492980412150,-0.2710766057164,-0.0879227089202,-0.1739698224534,0.1904822973769,0.2532292666120,0.1116607879965,0.3541038968305,0.5571006401773,0.7418545465018,-0.2177062185129,0.7330656577180,0.5802188547419,0.0192283219105,-0.0777079800433,0.0187520567016,-0.1260493795596,-0.1949140255795,0.4744477704567,0.1698367728813,0.5520647208702,0.2649034190952,0.2974387832672,-0.2715080651196,-0.4403904632436,-0.0249541877367,-0.4558896118020,-0.3362437520764,0.0019593266589,0.3294435312686,-0.3825361692531,-0.2554793646954,-0.2543758279876,-0.5458988874660,-0.6807037217777,0.4498563704011,-0.2075678493226,-0.4295288892643,-0.2177456284262,0.1116644709059,0.4593971380176,-0.4560073980222,-0.1358461510342,0.0420399582873,0.0297688833492,-0.2531749732992,-0.1622379785350,-0.3087133023668,0.0422613153544,-0.4665220098949,-0.4749861757826,0.1483990411116,0.1528458013378,0.3373833426645,0.2341964968916,0.4722423190881,0.5771652851496,-0.1592661236031
0.1311852793070,0.4783351397948,0.3716239798857,1.0000000000000,0.2532628895873,0.6835499062700,0.7459153422397,-0.0151712784564,-0.2442460991638,0.4132405681147,0.3990190504533,0.1830073662618,0.3678145810157,0.0877608980156,0.7071761284728,0.4591593396740,0.3216788373300,0.2380807639936,-0.0622002047177,-0.3256302780666,0.4642792956842,-0.1397270739373,-0.2860511695367,0.0090480280171,-0.3716407547534,-0.2592270238021,-0.1484664748023,-0.1714059605084,-0.2970275642025,0.0189581545245,0.3038436264380,-0.2690652931447,-0.1347915729916,-0.1391819787968,0.3192271326929,0.0203062434620,0.1804235136661,-0.3309020551746,0.3095770028362,-0.1669903981119,-0.1717168985933,0.2256124587842,0.4982906392724,-0.1903674324943,-0.2286907592903,-0.4543588629797,-0.2892882666655,0.5401777251060,-0.0894584908931,0.5356641178216,0.1441401611648,0.3835502086461,0.4187708399764,0.5613075600544,0.4984256209246,0.6466160216217,-0.0242356291124,-0.1325041283150,-0.2887264611634,-0.2405520199625,0.3396796570393,0.4071481900190,0.3271236236523,0.1251158723939,0.0179657261437,-0.0344344634215,-0.1334390576120,-0.0448802825347,-0.3426018655154,-0.2932407751596,0.0038776346520,0.0448879973428,-0.2706816382980,-0.2722809970615,-0.3699112203001,-0.0084422269254,-0.2167325832388,-0.0441922521524,-0.2499623105522,-0.3944611058273,0.0341981717631,0.0237466883867,0.0080831894092,-0.2539552534752,-0.1744987566161,0.0425187757066,0.0421213512648,0.1044857295117,-0.1478605344960,-0.3059551836764,0.2404003861951,-0.0188185071422,-0.0818861488013,-0.2203525444678,0.0270281372192,0.2997277109627,-0.1679094893503,0.1002663558820,0.3008923267512,0.0631864737469
0.8797518961742,0.1769723445576,0.5590181508042,0.2532628895873,1.0000000000000,0.5781137372336,-0.1402418448896,-0.3346920174876,-0.4049332501583,0.6061630022318,0.2297051799271,0.4286722324473,-0.1986126841748,0.7696328546889,0.3258912911800,-0.2810998836843,-0.0739902544484,-0.2911976805937,-0.2117705294236,-0.4233003229881,0.0429209532712,0.5542996265553,0.1408877880693,-0.4518104559968,-0.3222130327333,-0.4135265328517,-0.4114637647265,0.2947644108843,-0.2551253466494,0.2915330729443,-0.2628645352168,-0.1863764913301,-0.1277860366443,-0.0865608775486,-0.2862845040058,-0.3721555310766,-0.2904557366250,-0.5939190684657,-0.2890101303688,0.0831906572724,0.3651633768805,0.7360619296811,-0.2889395356279,-0.5799244471711,-0.3196049298623,0.1849303512129,0.1601322622708,0.2682000953510,0.6156317552847,0.4127692529692,0.8926061550330,0.5537868513022,-0.1008665730442,0.5911674152543,0.5345939051818,-0.0744627810087,-0.1936169663457,-0.1576565086668,-0.2514397807693,-0.2550603212585,0.4147408534305,0.0054687110967,0.3324289658751,-0.0196419387264,0.4234834546675,-0.2679106107530,-0.5058620401399,-0.1776830718085,-0.4612588439641,-0.3251317108006,0.0190714282388,0.5517892730781,-0.3933956867737,-0.3501278346207,-0.3500827709480,-0.4526073981602,-0.5822776586919,0.4067263196245,-0.1779372320784,-0.4532965673530,-0.2275248031034,-0.0701164454200,0.4504653978349,-0.5350087338596,-0.3773808599248,0.1541585022894,-0.2344325280163,-0.3301831904044,-0.3788129329696,-0.4280488199432,-0.2493040589488,-0.1266348002042,-0.6314337183818,0.4269920290967,0.2414125549884,0.1521204201195,0.4948610264698,0.7400976606886,0.6140593436747,-0.1791771821847
0.4158926073288,0.4424906999130,0.7355544841750,0.6835499062700,0.5781137372336,1.0000000000000,0.4157133739639,-0.1834059827955,-0.3765797948875,0.6408527736046,0.4808186322250,0.4126291104211,0.1586327534451,0.4226250305645,0.7454288748678,0.2064431463800,0.1748789263096,0.0468551424210,-0.1438824879716,-0.4378684261463,0.3105228748846,0.1114796420357,-0.0702416569759,-0.2233141432932,-0.4418672494350,-0.3441100741122,-0.2403205842244,0.0425163574189,-0.3268507523246,0.2607150446621,0.1762427285432,-0.1201747128332,-0.0607429520372,-0.0820913046883,0.1400143373036,-0.1443957238412,-0.0164771335666,-0.4555166628591,0.0941271439693,0.0084877710581,-0.0892692974466,0.5524499926718,0.2394633691066,-0.3534714908440,-0.2377004422228,-0.2480065071248,-0.0504830566246,0.5772660086482,0.1602298463132,0.6726258233800,0.4396886152636,0.5195202084717,0.0056702045820,0.8339701303786,0.6960784050488,0.2392674836041,-0.1541581059933,-0.1743642927732,-0.3188180812311,-0.3270047115332,0.4712709635763,0.3039665143830,0.4765517524598,0.0654609610332,0.1553218835517,-0.2280931429829,-0.3358641503462,-0.1419300101897,-0.4552114282254,-0.4062926326179,-0.0417280636514,0.4092449094854,-0.3983655501043,-0.3688819638540,-0.4159982539351,-0.2914310888606,-0.4932362012521,0.1535784931220,-0.1992245459228,-0.4450272395459,-0.0515901537324,0.0377370754971,0.3409598002613,-0.3870059183806,-0.2741753304236,0.1286480314292,-0.0666426609912,-0.1163286365061,-0.3123802651420,-0.4352198779275,0.0837264645188,-0.1461526058527,-0.4201731404688,0.0542230844805,0.1442144361899,0.3731144938490,0.1210448876987,0.3786213545890,0.5953039961607,-0.1705114246341
-0.1923605957753,0.1829748235777,0.1678945478770,0.7459153422397,-0.1402418448896,0.4157133739639,1.0000000000000,0.1995603199940,0.0076128950995,0.1009477629995,0.2244385369415,-0.1186397823179,0.4833007009389,-0.2231876398795,0.3831937489117,0.7593693084859,0.4617470426537,0.6146142382469,0.1028844535236,-0.0770173763156,0.4823686063163,-0.3131266196825,-0.4711494099708,0.3747476700904,-0.1615263248885,-0.1280168051534,0.1395676187804,-0.2110553594394,-0.1673656945549,-0.0698095390787,0.6253470565605,-0.2187172582100,-0.0606540019948,-0.2070572832698,0.6769030549057,0.3141466223471,0.5461840540017,0.0342800697801,0.6795799988632,-0.1688690752728,-0.3050001628880,-0.1371639783299,0.7266579375118,0.0904517816345,-0.0411274440637,-0.5324498329810,-0.3170232982076,0.5059702159963,-0.2802626704271,0.2719546878472,-0.2013633746122,0.0295769181307,0.3863712265589,0.2912066606066,0.3818866644408,0.7699519998267,0.0414708490465,-0.0414805998840,-0.1278414715332,-0.0947834496734,0.1301032119561,0.4056500098758,0.1405127603533,0.2191609251864,-0.2965353105466,0.0987845637574,0.1169050826074,0.1703219755503,-0.0687911417547,-0.1160458969884,0.0748212082740,-0.2871341478886,0.0271005452464,-0.0514969442797,-0.1814140047334,0.0567894226784,0.0024355540841,-0.1519911089887,-0.0908722388545,-0.0973842887211,-0.0022095689453,0.1396836731445,-0.1888188051457,-0.0474801047531,0.0450875930116,-0.1564624538932,0.4057988153211,0.3807373741335,0.0592025446335,-0.0110741827615,0.6139817597680,-0.1450687679624,0.1410067686350,-0.3631211920278,-0.2108657127812,0.4493702413544,-0.2850111205212,-0.1300057876106,0.0180790822355,0.2172413246942
-0.3298166566018,-0.0883126256359,-0.1601377039415,-0.0151712784564,-0.3346920174876,-0.1834059827955,0.1995603199940,1.0000000000000,0.7384189383606,-0.1067092179916,-0.0843283669082,-0.0862013451645,0.1509436101044,-0.3564860280268,-0.1697622546590,0.4846455572829,0.2699913207591,0.4213987938146,0.7510709064392,0.6327789154282,0.1245599905918,-0.1519764415638,-0.3173758125237,0.6146326960126,0.5255472545855,-0.1204844585774,0.1392951203699,-0.1542512430678,-0.0669760122771,-0.1964554470237,0.2470824942066,-0.2888800634643,-0.0794015505738,-0.3260847075762,0.3946178014900,0.5821119376803,0.2026807853514,0.2703812168582,0.2211356402639,-0.2803675171689,-0.2954236502011,-0.2317520726447,0.1801889924120,0.1622838323976,0.1155537454794,-0.3458138311804,-0.2581172135830,-0.0997991357506,-0.2588655352843,-0.1543100249175,-0.3747171101144,-0.2498883188321,-0.0858223000772,-0.2209405783778,-0.1462681489778,0.1336077875513,0.6006132328940,0.6776333549601,0.6861301214597,0.6131681547414,-0.0823960114931,0.0940336077177,-0.1235585107936,0.0337749657673,-0.2291940622479,-0.1171148663578,0.4233477197949,0.5368070141294,0.5615382723508,0.6260248806101,0.1370149032535,-0.3484554821322,0.5891838082777,0.4748856984983,0.2788239523967,0.0232538664882,0.1159475746188,-0.2290113358566,-0.0148790146193,0.4002459244171,-0.3269493051193,-0.0655976050918,-0.3668257337562,0.1085021737987,0.2008947899707,-0.4499037572090,0.2673788255594,0.3208076414374,0.0378127540869,0.4391210908235,0.1907571426994,-0.2439824632909,0.1405904759698,-0.3535686595581,-0.3574692482298,0.0234470693561,-0.1987182155320,-0.3334094938682,-0.2601191686498,-0.0139130112935
-0.3787076601194,-0.3031212580800,-0.3171877960171,-0.2442460991638,-0.4049332501583,-0.3765797948875,0.0076128950995,0.7384189383606,1.0000000000000,-0.2477650275420,-0.1276755124675,-0.1223223198908,0.1831116880895,-0.4661769993923,-0.4229618450090,0.2799411791991,0.1923954296982,0.3023810047502,0.6861719507067,0.7754032037710,0.0240562477107,-0.1900442529583,-0.1484165858209,0.6115212199220,0.7786227075109,0.0972034839353,0.3724018127997,-0.1577527880911,-0.0468408048294,-0.3996247699678,0.1150539765805,-0.1203599591937,0.0635507097048,-0.1457997510672,0.2811309103788,0.5679536216169,0.2314636592744,0.4337381211192,0.1096048012684,-0.1284935952431,-0.2900675388707,-0.3652377935178,0.0200405755412,0.2708496925945,0.1328881549825,-0.1465201969707,-0.1384706864739,-0.2145923343350,-0.3030731218346,-0.3647130935903,-0.3831233897658,-0.3351740197869,-0.0823573190496,-0.3219245059989,-0.2461341550552,0.0230910217590,0.5255601892925,0.5048583355836,0.7384250135826,0.8414984132487,-0.1760415932389,0.0122141598019,-0.1295266568956,0.1707486654898,-0.2832227390876,-0.0144720293739,0.4493772313572,0.4689282711473,0.7561007678132,0.7786971094762,0.2167917542547,-0.2911934212001,0.7306922083761,0.6947365756119,0.4377136551679,0.0065669043485,0.2884399916977,-0.2589041047712,-0.1591415208414,0.5170347648847,-0.2481365308591,0.0619888624600,-0.5039505014717,0.2035465997522,0.2074691019589,-0.3726274041958,0.2814711425115,0.2803308784119,0.0607294396212,0.5791982419456,0.1054777985574,-0.1930381058566,0.1757482773208,-0.3576647413019,-0.3389013512729,-0.0478896079017,-0.2905354632263,-0.4195506120622,-0.4078651447786,-0.0065902012011
0.3649503982913,0.3104096511991,0.5051972547433,0.4132405681147,0.6061630022318,0.6408527736046,0.1009477629995,-0.1067092179916,-0.2477650275420,1.0000000000000,0.5200281206400,0.7342698243286,0.1449929348644,0.4226282606772,0.5082880019783,-0.0340915153145,0.1650202212924,-0.1264592205652,-0.0014413146756,-0.2155565161854,0.3312191685870,0.6313256018632,0.2914611595414,-0.1743942731039,-0.2214082707197,-0.2293794554064,-0.2015572729200,0.0659213286392,-0.2908058690996,0.2412557913191,-0.0318336693703,-0.0341424264932,0.0882079543039,-0.0644506034277,-0.1292715523937,-0.2377078352598,-0.0340356483891,-0.5133112620922,-0.2056447839360,-0.0441449282421,0.1959246023156,0.7724642449472,-0.1312773346089,-0.5255559095494,-0.3293344469770,0.0845732244978,0.1333684321396,0.1767973426340,0.2519797946663,0.5345713667956,0.4516940761815,0.3332328432422,-0.0342935402856,0.5685392654598,0.5270035875871,0.0485892569533,0.0748440143208,-0.0703988929077,-0.1595205753733,-0.1575447373037,0.7572358775981,0.3397819563858,0.4237615318723,0.0253983927341,0.2075329233094,-0.3039955464108,-0.2178306135834,-0.0101568056900,-0.3124231583571,-0.2291546295029,0.1165204975347,0.6358342053768,-0.2201309630600,-0.2195462423065,-0.2948372744518,-0.2215704672128,-0.3781265781559,0.0852629259090,-0.1109894788394,-0.2973990311602,-0.0836838900493,0.0665429582904,0.3797411424867,-0.3599165307732,-0.3543283169648,0.1467379615415,-0.0942463690272,-0.2128296813292,-0.4266116760576,-0.4991496107174,-0.1928715491189,-0.0513794389317,-0.5346362764230,0.2368293876960,0.2545422364210,0.0275002055233,0.2451845381769,0.5271489525992,0.8156007607114,-0.0632705912847
0.1286379991901,-0.0220787316927,0.1858742891265,0.3990190504533,0.2297051799271,0.4808186322250,0.2244385369415,-0.0843283669082,-0.1276755124675,0.5200281206400,1.0000000000000,0.6743898790395,0.3583241873922,-0.0309977145072,0.3291680537553,-0.0298002232791,0.2221754687802,0.0463829302109,-0.1550221423519,-0.1337304912993,0.3653801558615,0.2376175773049,0.3677869202401,-0.0888751925079,-0.1085360770188,0.0812275702844,0.0544253997147,-0.2350458019651,-0.1398598800326,-0.1293594009714,-0.0025866927548,0.0435668088640,0.2658439417777,-0.1800207442153,-0.0965552454835,-0.3234507514337,0.0642387806073,-0.2963167012562,-0.0507493984885,-0.0149332298554,-0.0398762163885,0.4049856245727,-0.0288882898173,-0.2057310089501,-0.1071494145063,-0.0329946435415,-0.0417426308285,0.4396134669155,-0.0897948498311,0.4204639841743,0.1638419109220,0.1991787440716,0.1295925333692,0.4526528440040,0.5118458644691,0.1084414080091,0.1461731968671,-0.0126253708527,-0.1424678220411,-0.0450687069055,0.5909215962534,0.6948639703255,0.5753550195420,0.2200867455817,0.1107041515839,-0.0880950380111,-0.3045181287375,0.0966753987946,-0.2709149692900,-0.1122271742319,0.2414710434585,0.4730612532752,-0.0675373790380,-0.0865419840071,-0.2375579858547,0.1041656563658,0.0618754344153,-0.1986921087165,-0.0979626616503,-0.2227412374773,0.1227288874228,0.1240955573625,-0.0046382389706,-0.2877812840410,-0.1362904523392,-0.0054853231167,0.0282576180413,-0.1666495919107,-0.1719499076942,-0.2048227633162,-0.0387659618098,0.0511818466323,-0.1801683847142,-0.0451648516734,0.1507894706793,0.2878446835371,-0.0667629963263,0.0167950472677,0.4333779022085,0.2121818089831
0.2668787238422,0.0913161934099,0.2434760093628,0.1830073662618,0.4286722324473,0.4126291104211,-0.1186397823179,-0.0862013451645,-0.1223223198908,0.7342698243286,0.6743898790395,1.0000000000000,0.1816161426925,0.2997898714851,0.3057129910043,-0.1635393854518,0.3290801369625,-0.1178456300010,0.0605577015770,-0.0510629994528,0.3988512125557,0.5539879775503,0.6405828059462,-0.1266170709768,-0.0472534861720,0.0685943818333,-0.0933876368112,-0.1076877449891,-0.1544329510757,0.0228800193896,-0.1277443035468,0.0922619396496,0.3076626980518,-0.1168616819057,-0.2365102602852,-0.3002897054070,-0.1380837903835,-0.4824334008754,-0.3833664433618,-0.0894137114161,0.0613865835256,0.6396484429917,-0.3225521737616,-0.5144371752935,-0.2795228389641,0.1162629575572,0.0628857601758,0.0987929863054,0.1491768578498,0.3634357124769,0.3125559017287,0.1827410743584,-0.0032551339673,0.4195591027436,0.3404451105086,-0.1223968108521,0.1317291123619,-0.0585079084946,-0.0533747760532,-0.0525074028372,0.6913623498504,0.4036556467063,0.5474964649127,0.0423933544519,0.2997321773188,-0.2033334113616,-0.1593282193363,0.1566616433753,-0.1508514167489,-0.0262755588925,0.3942854307036,0.7499741567195,-0.0437289485163,-0.1430090312990,-0.1753258161794,-0.0078908431807,-0.1707085694053,-0.1007258812464,-0.1142791532134,-0.1069815286464,0.0479845037731,0.0931420746619,0.2099379384282,-0.2997294037434,-0.3678199996419,0.0618287501263,-0.1481642876038,-0.2800154658898,-0.4157552584996,-0.3965742534595,-0.3485278853994,-0.0020513866783,-0.4707619814119,0.0749736401345,0.1864112100111,-0.0439207264836,0.1136749172165,0.2323742650195,0.6038589636623,0.0301192381586
-0.2344669655870,-0.0825432364888,0.1322401486707,0.3678145810157,-0.1986126841748,0.1586327534451,0.4833007009389,0.1509436101044,0.1831116880895,0.1449929348644,0.3583241873922,0.1816161426925,1.0000000000000,-0.2975945358795,0.0571702828007,0.3698994546810,0.4564866212310,0.3990598693299,0.0720289536101,0.1702981416516,0.4119115288007,-0.1410589249527,-0.0594575930981,0.2571022353351,0.1523546776808,0.2067512656141,0.5325620377738,-0.1354609108627,-0.2060750653940,-0.1625268246359,0.3990819770785,0.2423719106930,0.4566556507873,-0.0681123309385,0.1808359597217,0.0440693807702,0.4045885037994,0.1863208574361,0.2111486370653,-0.0607108353880,-0.2800535465811,-0.1143648536423,0.3587715638774,0.1915071181552,0.2069770619966,-0.2083004349853,0.0715066912936,0.1106286037866,-0.4249027905912,-0.0287995521614,-0.1437793590155,0.0434017346541,0.2486145803041,0.1638874413103,0.2621460207026,0.3845195902235,0.3480171056503,0.0392643622685,0.0677806633341,0.1659754524113,0.3132029791990,0.5300170291571,0.4316832066865,0.7113232407139,-0.2125760085231,0.0413474862597,0.0380244137537,0.3178427331848,-0.0181120920456,0.0743864820086,0.2133971762409,-0.0310254027148,0.1409375478297,0.2100259590651,0.0690877479076,-0.0012171249818,0.2077585042236,-0.1850068831824,-0.2477806389099,0.0039439350915,0.0829127238350,0.3920831367927,-0.2329086141443,0.0226019064197,0.0925984628110,-0.1415772557742,0.3182520697790,-0.0091042881937,0.1438105806779,0.0637141921748,0.2304476291347,-0.1945998181738,0.0667943983800,-0.3170256384350,-0.0373596809163,0.1804463675900,-0.3072393821856,-0.2053352526263,0.0583041027295,0.2741412382648
0.7881210264967,0.2761499448442,0.5298566342999,0.0877608980156,0.7696328546889,0.4226250305645,-0.2231876398795,-0.3564860280268,-0.4661769993923,0.4226282606772,-0.0309977145072,0.2997898714851,-0.2975945358795,1.0000000000000,0.3240173908017,-0.2145542292845,0.0163185954797,-0.2762251859744,-0.1489708266461,-0.4562995324264,0.0474449020481,0.4920889858966,0.1295748485821,-0.4479246540561,-0.4048695155148,-0.3589445416122,-0.4278865553165,0.3594637609145,-0.1041760277785,0.5201282895203,-0.1718613282885,-0.1312782055248,-0.1010691327149,-0.1247099768532,-0.2228300129748,-0.3192956999118,-0.4016793661483,-0.5972196273225,-0.3492886879476,0.0287397404021,0.4101213018382,0.5871461923759,-0.3085331327980,-0.6167228667211,-0.3465652045174,0.1606211530151,0.1193668959775,0.0608641317627,0.7394791850006,0.3167592792288,0.6438739918169,0.3679840319964,-0.2842947305000,0.3601305431006,0.2198837690428,-0.2714046325168,-0.3491886299149,-0.2305707152380,-0.2871194601072,-0.3884173416853,0.2055709285467,-0.1973750716889,0.2099583530140,-0.1710343219041,0.3788574490681,-0.3604773093381,-0.3639151062100,-0.2212532499008,-0.3886549076882,-0.3963470095847,0.0527042049936,0.4305594156854,-0.4286934151644,-0.4571815906502,-0.3027609924980,-0.4540164778994,-0.6871937537066,0.4460158011299,0.0096586547860,-0.3493710404502,-0.2603364191860,-0.0978767770389,0.5934441165972,-0.4407803243683,-0.4257663646127,0.1049344651183,-0.3471477539217,-0.3784603896827,-0.4441011406782,-0.5111758712140,-0.3248265930095,-0.2385828482727,-0.6747560266857,0.4250443568942,0.1116219971865,-0.0203489982162,0.6182827151379,0.7417488097891,0.4531382126195,-0.3174031355974
0.1638591870766,0.6737823806955,0.4317540480918,0.7071761284728,0.3258912911800,0.7454288748678,0.3831937489117,-0.1697622546590,-0.4229618450090,0.5082880019783,0.3291680537553,0.3057129910043,0.0571702828007,0.3240173908017,1.0000000000000,0.2501583323998,0.1295565695085,0.0273007431593,-0.1357025721599,-0.4239360803626,0.3295436496232,-0.0119403019083,-0.0511004136315,-0.1504478577201,-0.5077329636958,-0.2377310660452,-0.4025239360166,-0.1589380418371,-0.1976701328671,0.3065628108190,0.1811277161886,-0.1708759999267,-0.2089976968569,-0.0397393466735,0.2139683444342,-0.0513792465183,-0.0663393622216,-0.3974746311264,0.1555411482445,-0.0927978448655,-0.0836816775399,0.4855017326406,0.3478710622466,-0.2812942149983,-0.2474492271734,-0.2910341472412,-0.2378396502094,0.4884790981640,0.1245815161933,0.7849744009741,0.1189700284595,0.3067560555643,-0.0237701988026,0.4753996267338,0.2917440433957,0.1531117491039,-0.1504921805857,-0.2229709330522,-0.3739303611926,-0.4119823691304,0.2632523266431,0.1747194752464,0.2208664750285,-0.1806584756417,0.1420650691400,-0.1100312636433,-0.1958511432423,-0.2349925616653,-0.3635886427767,-0.4015534669184,-0.1058328306029,0.2731015221893,-0.3921545235527,-0.4643545018558,-0.4270376613978,0.0706471633552,-0.3550327169435,-0.0534793449029,-0.0510159593838,-0.3797567064048,0.1020450387678,-0.1130240737211,0.3551389875638,-0.2261294425842,-0.2490781792770,0.1697398075483,-0.2112791882377,-0.0121376256003,-0.2944986004987,-0.4455782735164,0.0414346556533,0.1305240859191,-0.1852589882300,0.0269604276283,0.1247294205562,0.1270340646276,0.0296593202422,0.1910003331723,0.4284068244929,-0.1563542471561
-0.3157886402447,0.1146597644620,0.0324405271649,0.4591593396740,-0.2810998836843,0.2064431463800,0.7593693084859,0.4846455572829,0.2799411791991,-0.0340915153145,-0.0298002232791,-0.1635393854518,0.3698994546810,-0.2145542292845,0.2501583323998,1.0000000000000,0.5459861005278,0.7859534260589,0.5333776648578,0.2750496020571,0.5044372162471,-0.3696615314843,-0.4191174328159,0.6429692265601,0.1004480172039,-0.1144328558297,0.2028972947842,-0.3145103779236,-0.2019445030945,-0.0149634610584,0.8546079572418,-0.1422430987941,0.0139166458026,-0.2815031533549,0.8070243108931,0.6663868583064,0.4347505700448,0.1991283008857,0.5605977651021,-0.3570270422152,-0.3592419391834,-0.2201270048630,0.6903516654688,0.0619788575335,0.0740960455387,-0.5069105212506,-0.3514086119580,0.2423387196269,-0.2592620160048,0.1021714484159,-0.3836607073223,-0.1854341740099,0.0829373027653,0.0578519825512,0.0315175372618,0.5298208873328,0.1976376528583,0.0343337002748,0.0592154726705,0.0404444046814,-0.0854176531838,0.0952335934483,-0.0512889554650,0.1263966180586,-0.4384124086535,-0.0648143072033,0.4062532046318,0.2887996576685,0.2316550492648,0.1748276389848,0.0808290869507,-0.3576931014732,0.3215768341548,0.1693972496897,0.1120765200477,0.0606169123414,0.0638155455332,-0.2992444970924,-0.1013245291158,0.2984025622791,-0.0214659861376,0.1789719517898,-0.1844699005197,0.1777390649503,0.2073484157984,-0.2916617126960,0.3457678301914,0.4603327428745,0.0188435198386,0.1726493840652,0.4623085817914,-0.2941083492775,0.1201575645101,-0.3874163595205,-0.3169805144938,0.1932510430127,-0.3170275720268,-0.2458368494563,-0.1673857952624,0.0106739838094
-0.0632381305083,-0.0952991753434,0.0831780259243,0.3216788373300,-0.0739902544484,0.1748789263096,0.4617470426537,0.2699913207591,0.1923954296982,0.1650202212924,0.2221754687802,0.3290801369625,0.4564866212310,0.0163185954797,0.1295565695085,0.5459861005278,1.0000000000000,0.6118498002953,0.4540138703048,0.2651709705416,0.8184505541983,-0.0064100994403,0.0768673989938,0.4551616467604,0.1529319157753,0.1218932511987,0.3187365511980,-0.1657018227528,-0.3083917958328,-0.2042507035636,0.5539768246726,-0.0700991023692,0.3955715330680,-0.3801257095450,0.3823337023646,0.2095839760366,0.3072550814108,-0.0998857998991,0.1252614285394,-0.3189842965210,-0.3209617800046,0.0318442904464,0.2193233179191,-0.2604839837858,-0.1225734061930,-0.3267544053251,-0.2687027181082,0.1142473265668,-0.1679795167595,0.0978872641517,-0.1632062128004,-0.0999343653813,0.1209441103753,0.1436640861174,0.1040297227867,0.2335804261328,0.1875360917534,0.0706856479998,0.1720439125033,0.0839177977232,0.2259009866115,0.2792737769242,0.3381353245873,0.2742512979116,-0.0981498607664,-0.0584696677509,0.1823928640485,0.5710758221082,0.2104610925583,0.2380532540027,0.7142542465294,0.0785536408058,0.3153747425687,0.1357127048057,0.1455150333020,-0.0118797768798,-0.0096530505178,-0.1200584354919,-0.2670837215551,0.2435613872630,-0.0243714424932,0.4343616921067,-0.1503288908141,-0.1655122288497,-0.1191123806667,-0.2988007212311,0.2867948825059,-0.0034384641747,-0.2328501739160,0.0288975648422,0.1415643275822,-0.3979859462193,-0.2027395849008,-0.3417745231647,-0.2367575844930,0.1481154963982,-0.2228211007172,-0.1342486574388,0.0314701849769,0.2638979390947
-0.2576041631528,-0.1548894934314,-0.0751006158897,0.2380807639936,-0.2911976805937,0.0468551424210,0.6146142382469,0.4213987938146,0.3023810047502,-0.1264592205652,0.0463829302109,-0.1178456300010,0.3990598693299,-0.2762251859744,0.0273007431593,0.7859534260589,0.6118498002953,1.0000000000000,0.4112406875684,0.3826527640848,0.5385250979917,-0.2918550849834,-0.2261178376988,0.6896983027919,0.2648735338298,0.0680000970456,0.3980889439271,-0.2330191889855,-0.2011531399363,-0.1807804582793,0.8258466736162,-0.0693585593527,0.1486511670086,-0.3696717216502,0.6360360802989,0.4019738808953,0.5172602454172,0.3094003231997,0.4677033388028,-0.3450356633042,-0.3156892590192,-0.2541810003198,0.4977890362345,0.1276003495605,0.2045159122505,-0.3559538938468,-0.2492164739617,0.1762247895539,-0.2907287436509,-0.0105584135452,-0.3046994566873,-0.1912766576238,0.0679880042534,-0.0028582560041,0.0223345329206,0.3721809322154,0.2732346828832,0.1280306272651,0.1372625269446,0.1242896261762,-0.1050214893109,0.1029253602386,-0.0011063708523,0.3036313691415,-0.3694738009816,-0.0314807085711,0.1985314957891,0.4748337407085,0.1923667042564,0.2614453483282,0.2948398352479,-0.3088032800932,0.4385677834494,0.3136732161291,0.2205376693864,0.0630596847426,0.2348992951830,-0.2558085227861,-0.1414302842180,0.3283140350223,-0.0364131253012,0.3210634958048,-0.3436595143994,0.0392514542160,0.2709508422907,-0.4336636148077,0.4693576526144,0.2537763646945,0.0475795188710,0.3263255066978,0.4165516202879,-0.3838602441011,0.1289385075234,-0.4099884769191,-0.2896542657556,0.2232617892836,-0.3852584490945,-0.3022504145505,-0.2330987359569,0.1618266283268
-0.2556255633701,-0.1067623979162,-0.1360627620722,-0.0622002047177,-0.2117705294236,-0.1438824879716,0.1028844535236,0.7510709064392,0.6861719507067,-0.0014413146756,-0.1550221423519,0.0605577015770,0.0720289536101,-0.1489708266461,-0.1357025721599,0.5333776648578,0.4540138703048,0.4112406875684,1.0000000000000,0.6520783504904,0.3568233412233,-0.0217422005412,-0.0682174915394,0.5590049498441,0.5164842514421,-0.0019286118324,0.1239434084771,-0.2568439625319,-0.0993585816386,-0.1004143912374,0.3873303716748,-0.1583106300745,0.1075024721297,-0.2859958537202,0.4258070040699,0.7026621186199,0.1028918468780,0.1431871317783,0.0520837915725,-0.4056883237508,-0.2508058349322,-0.0871885238016,0.0895433323037,-0.0806298463988,0.0146359437249,-0.2494352095763,-0.2614694879011,-0.1711821363750,-0.1582630404481,-0.0974904987987,-0.3191553672182,-0.2713660495896,-0.1225018954085,-0.1181207215761,-0.2255787092753,0.0634832890905,0.4380812191221,0.3939197077461,0.5699016091121,0.4959409950126,-0.0398829290912,-0.0938324259741,-0.1309252618747,-0.0258402252701,-0.1890372155719,-0.1934235331411,0.5521090337911,0.4683254818392,0.6669696561414,0.6386528726662,0.3119740863708,-0.1518153519947,0.5556256815856,0.4377430171831,0.3573583730668,0.0257558927217,0.0499445132069,-0.2914414127441,-0.0552786677712,0.5173607215521,-0.2034443278322,0.0947887358483,-0.2225695839008,0.1108444181228,0.1272893183245,-0.3691541358441,0.1263927755815,0.2833907920091,-0.1543343757769,0.3188869709754,0.0057094140956,-0.2987394870541,-0.0576285987801,-0.3075966884361,-0.3382559427063,-0.1265056370591,-0.1779427581390,-0.2663959956942,-0.1977468995000,-0.0622849619541
-0.4026770466846,-0.4291452303079,-0.4206880891333,-0.3256302780666,-0.4233003229881,-0.4378684261463,-0.0770173763156,0.6327789154282,0.7754032037710,-0.2155565161854,-0.1337304912993,-0.0510629994528,0.1702981416516,-0.4562995324264,-0.4239360803626,0.2750496020571,0.2651709705416,0.3826527640848,0.6520783504904,1.0000000000000,0.1615055874043,-0.1619093753373,0.0574020723336,0.6895371327760,0.8677528494904,0.3111865429901,0.5256044508924,-0.1588515314633,-0.0286750657850,-0.4194209072005,0.2196474693021,0.0686949136475,0.3186116441184,-0.0893942277707,0.1774622224621,0.5153181489795,0.1974286687720,0.5468031139324,-0.0457203761974,-0.1992272761456,-0.2021652851126,-0.2803322085394,-0.0712691892365,0.2286184919353,0.2739882428407,-0.0454609868690,-0.0615252132751,-0.2789346937077,-0.2991779900981,-0.3195136876099,-0.3933360930116,-0.3929152609219,-0.0600823739076,-0.3535695981759,-0.2821817707716,-0.0864013097066,0.5996492016115,0.4059286323838,0.6976513929755,0.6856755570929,-0.1520398437927,-0.0238651170737,-0.1102091088133,0.1605525108368,-0.2303377360573,-0.0282754490524,0.4709698803850,0.5511905574064,0.7308916053765,0.8867503760226,0.2947436673277,-0.2131776521926,0.8015326340667,0.7907890681365,0.5166128884063,0.1409293993790,0.4190828211334,-0.2664629067240,-0.1429581794715,0.6966085145625,-0.1138600645599,0.2486676327149,-0.4869335762654,0.2193708429441,0.2351126018800,-0.3935793783380,0.2499264955272,0.1675327137954,-0.0198486823948,0.5955431087726,-0.0774442935860,-0.1864668374325,0.1764576903975,-0.3679717947904,-0.2671086569366,-0.1594474697765,-0.3473247369228,-0.3931331977359,-0.3565172103395,0.0722235347084
0.0207676531607,0.0351094632282,0.1088670819945,0.4642792956842,0.0429209532712,0.3105228748846,0.4823686063163,0.1245599905918,0.0240562477107,0.3312191685870,0.3653801558615,0.3988512125557,0.4119115288007,0.0474449020481,0.3295436496232,0.5044372162471,0.8184505541983,0.5385250979917,0.3568233412233,0.1615055874043,1.0000000000000,0.0381335918197,0.2032537950344,0.3380228787682,0.0719017654368,0.1877615802408,0.2078918914176,-0.2345864170856,-0.2821011133114,-0.0691489948081,0.5667339498667,-0.0130383844301,0.3398673899547,-0.3332177742231,0.3108528351218,0.1420847066522,0.1723188840724,-0.1845846243150,0.0424636497589,-0.4051138562633,-0.2413420494223,0.2179826282350,0.2753297789388,-0.2880161703515,-0.0740826978385,-0.2502302945121,-0.2105089605283,0.1984055868600,-0.1608111946685,0.3402810328817,-0.0615426469913,0.0052536040667,0.0938893345287,0.2690365281469,0.1680814552135,0.2221727185899,0.1585328243112,-0.0520345769179,-0.0430285642654,-0.0604278193555,0.3270375265438,0.3299449732540,0.3872659905540,0.2193699566339,-0.0500883674704,-0.2210259351236,-0.0245884885119,0.3776790397570,0.0044875218778,0.1054583426255,0.6455410850682,0.2146127441099,0.1760506358972,0.0568937035018,0.0840846748527,0.1175761492545,-0.0304566259379,-0.1889177642614,-0.2171238649612,0.0663699104848,0.0401146430057,0.3885269029832,-0.0710032762024,-0.3123505053049,-0.1444866705503,-0.2548982495952,0.1226496555426,-0.0817950469397,-0.3386422303593,-0.0844210044570,-0.0371367330888,-0.3569685241076,-0.2283438746286,-0.2940492025973,-0.1218994778416,0.0869145363332,-0.2351064659932,-0.0715154089258,0.2022858706839,0.3195399657842
0.4402213745606,0.0033564027297,0.1955961082063,-0.1397270739373,0.5542996265553,0.1114796420357,-0.3131266196825,-0.1519764415638,-0.1900442529583,0.6313256018632,0.2376175773049,0.5539879775503,-0.1410589249527,0.4920889858966,-0.0119403019083,-0.3696615314843,-0.0064100994403,-0.2918550849834,-0.0217422005412,-0.1619093753373,0.0381335918197,1.0000000000000,0.4655666300697,-0.2525359305681,-0.0976641490273,-0.0870130438482,-0.2226521073186,0.2044274967223,0.0166000484418,0.2648997332655,-0.2970979542765,-0.0128676127026,0.1136915540782,-0.1466149555683,-0.3336795831930,-0.3215282608507,-0.1722425460904,-0.4290503845685,-0.3823105316214,-0.0099522319039,0.4965351381910,0.5828363188474,-0.5070358130059,-0.4927672581819,-0.2144459273614,0.4203693234751,0.1916033194455,-0.1132827627952,0.5098726433324,0.0999070075019,0.4764674521551,0.1528554993903,-0.1175112949867,0.1900820224848,0.2209509147695,-0.2558443428901,-0.0102415062743,-0.0259330939906,-0.0841636756686,-0.0850151381452,0.4694041669750,0.0544609030098,0.1296759761867,-0.1126031617711,0.3159552650036,-0.2646437357997,-0.1643766411883,-0.0492930058583,-0.1801739934009,-0.1615523303391,0.1828777873689,0.5800670286253,-0.1534041959078,-0.1750717608505,-0.1373349835178,-0.1379770488449,-0.2588112722016,0.1746284544363,0.1887741914986,-0.1600704381424,-0.1533716279794,-0.0263445568456,0.3768020355448,-0.3051000436875,-0.2709525939204,0.0440917430331,-0.1740636802484,-0.2532025212501,-0.3841433735877,-0.3444140546847,-0.3212969287659,-0.0065914312938,-0.4798862110300,0.4558111285595,0.1511514169030,-0.1027158468871,0.5050939264773,0.5955892230496,0.5120707642139,-0.0860283742422
0.0253330927749,-0.0879966375378,-0.1849274374472,-0.2860511695367,0.1408877880693,-0.0702416569759,-0.4711494099708,-0.3173758125237,-0.1484165858209,0.2914611595414,0.3677869202401,0.6405828059462,-0.0594575930981,0.1295748485821,-0.0511004136315,-0.4191174328159,0.0768673989938,-0.2261178376988,-0.0682174915394,0.0574020723336,0.2032537950344,0.4655666300697,1.0000000000000,-0.1281638733710,0.0593926425692,0.5045555476037,0.0983449469767,-0.1757210535951,0.1027989000934,-0.0359018820875,-0.2430590802256,0.4093696863081,0.4434971586470,0.1050039112588,-0.4590266266675,-0.3325502967872,-0.2728129202453,-0.1726746009009,-0.6053580868469,0.0253360765872,0.2149798814143,0.4212527416466,-0.5188887605371,-0.2563592379102,-0.0781967530042,0.5206188897793,0.2177662237827,-0.2871596526938,0.1022886146942,0.0415149950124,0.1050491000252,-0.1276790312835,-0.0520127604586,-0.0085105735471,-0.0488319428281,-0.4124466391507,-0.0626207340355,-0.2205291308835,-0.1220329497686,-0.1210647224260,0.2437530534786,0.0289037938711,0.1443662370093,-0.1358775908950,0.2674766838834,-0.2074046306047,-0.0294095633552,-0.0379763980289,-0.0204145035193,-0.0119628647590,0.3039856849981,0.6976003943402,0.0412932727517,-0.0439014348504,0.1278944147536,0.2741539543940,0.2089593379882,-0.2180485209692,0.0492868566717,0.1287441417606,0.2546621135750,0.1200082710626,0.1650397751110,-0.0430938746205,-0.2104235588778,0.2409041426142,-0.3082431700264,-0.3619276960418,-0.2775025805698,-0.2201216937014,-0.6001385001530,0.1775712310407,-0.1821206913552,0.2017305196427,0.2854099352309,-0.4061527320157,0.0761302147453,0.0409375185539,0.2733635776016,0.0669331196104
-0.4521473720055,-0.1851829856066,-0.3523479489074,0.0090480280171,-0.4518104559968,-0.2233141432932,0.3747476700904,0.6146326960126,0.6115212199220,-0.1743942731039,-0.0888751925079,-0.1266170709768,0.2571022353351,-0.4479246540561,-0.1504478577201,0.6429692265601,0.4551616467604,0.6896983027919,0.5590049498441,0.6895371327760,0.3380228787682,-0.2525359305681,-0.1281638733710,1.0000000000000,0.4925408152536,0.1367582564600,0.3999036407490,-0.2909931716491,-0.0947949856454,-0.4110363154122,0.5126796849408,-0.1461683862473,0.0539275547600,-0.2296904755334,0.5997821613252,0.6704881518158,0.5181623057257,0.4577428544958,0.3691554170615,-0.2410597706587,-0.2565229649234,-0.3264972298327,0.2685870172529,0.1383267954788,0.0387137843643,-0.3259263683685,-0.3515877503846,-0.0686306103335,-0.2773957473685,-0.1720753704429,-0.4802465392970,-0.4476584615931,0.1173751454602,-0.2924747598155,-0.2261936300408,0.2630089496933,0.3911727942803,0.1813122785917,0.3801267219112,0.4142597865155,-0.1979575745780,0.0171656166962,-0.1601908426484,0.0674730890684,-0.3255179660361,0.0814039813055,0.5782417152726,0.4991921188114,0.5959983942687,0.5721361042036,0.2728871842917,-0.3044719204002,0.8089938828305,0.4402097320024,0.4009201769291,0.1721070153590,0.3309596371020,-0.3468991096805,-0.1379812352131,0.6577110511004,-0.0738421701221,0.1521341411455,-0.4216000363523,0.2922954563269,0.1397115974795,-0.3105209810960,0.4976668440576,0.5240669602775,0.0061832701412,0.4656366846787,0.2774180171217,-0.1564635992039,0.2304670258992,-0.4663790025524,-0.4040179132820,-0.0264824596515,-0.3540098965822,-0.3468873046194,-0.2999874707447,0.1164931044460
