1.0000000000000,0.2819680343817,0.6084952926506,0.6185114597248,0.7196729097422,0.6166199005802,0.5303664922786,0.2905472537715,0.2786891484093,0.5057604229327,0.4709297383092,0.5768124284824,0.3386044336818,0.5448567480279,0.5810139012138,0.3728960690756,0.4030854719113,0.4025916800030,0.3353237462443,0.1566738999912,0.1950436647305,0.1624369573487,0.2999211654808,0.3504671955630,0.0610282390434,0.3434732604679,0.1450037761087,-0.2170779155464,-0.0970867414775,-0.3262899790818,0.1354227234887,0.3062357969271,0.2298840556351,-0.0156083383097,0.5400585652316,0.3485336224676,0.2691340294272,0.1911995611194,0.2917093659061,0.0366030407180,0.1502528316299,0.2271003315761,-0.0613873409491,-0.0086363730039,-0.1805157318263,-0.1183189179306,-0.0393996995706,0.5188991064093,0.0241967741634,0.3848873561937,0.7112352740791,0.5483974671464,0.5272964795653,0.5415986019251,0.5201916367715,0.4460058117000,-0.1493107434296,-0.1269280584371,0.2294525819457,0.2171433628911,0.3906258339181,0.5332230841181,0.4910077606789,0.2801628836741,0.3930005357626,0.3483722068038,0.3470379524496,0.4075966190517,0.1032337484997,0.1147259583260,0.3964431145133,0.3487188284938,0.3800715748297,0.0485596351808,0.1381346245994,-0.0689920451369,0.0778737879840,-0.2298032274666,-0.1828344722636,0.2862434973109,0.2254661938561,0.2641497504260,-0.2523679561972,0.0782155460102,-0.3767619864521,0.0084510023034,0.2988688209987,0.3093399169084,0.2487594694818,-0.1881978684346,0.3506929171986,0.0286059660727,-0.0802864994558,-0.1597676867361,0.0250119509460,0.5732973872373,-0.1026749803570,0.0727976684042,0.2946443852124,0.4339037786195
0.2819680343817,1.0000000000000,0.2528424647071,0.2030078715497,0.0647536014620,0.0475034466023,0.0382937062395,-0.0995378085983,-0.1638113236259,0.1771035301738,-0.1170544287436,-0.0120463299133,-0.0041017017469,0.5967258515939,0.2858071116348,0.0066188400628,-0.2725111146391,-0.3016501120825,-0.1875021430936,-0.3966341337961,-0.3501525337314,-0.0728248647380,-0.3272690177787,-0.3250955185490,-0.1286752798813,-0.2720975188335,-0.3387086209948,0.2616260790329,0.2141626182539,0.2901659189748,-0.2990903789221,-0.1961303091684,-0.1699695837356,0.1937958929226,0.0667936230863,-0.1778362142762,-0.3537054201436,-0.3677072503390,-0.0944069907422,-0.0439929892157,0.1401571848974,0.0098992786043,-0.1827403596558,-0.0739666806420,-0.2027007993166,-0.2608763297264,0.0204060725998,-0.0135194639468,0.1594568189985,-0.0120055064774,0.0010608734033,0.7404355624285,0.1978627109457,0.0468193331157,-0.0353802999253,0.1404034674069,-0.1992886866436,-0.1085018651385,-0.0345014313838,-0.0984547903408,0.1167557395304,-0.0945077032380,0.1617827097478,0.0226557949982,0.5881223818167,0.1507552798005,0.0184438233988,-0.3546260600801,-0.0136537293478,-0.3358004317883,-0.2508948644268,-0.1937632386691,-0.2355061527804,-0.1825567475784,-0.3389426877458,-0.1593142856119,-0.2638153846552,0.1752788457595,0.2499473599224,-0.3011971396410,-0.1157186365606,-0.0168697171287,0.3965273168543,-0.0914117254803,0.0410316163018,0.2107823649568,-0.3480995105676,-0.0626270258278,-0.1596898396403,-0.0961512536292,-0.1223288640265,0.0531252593260,0.0220155487957,0.1424882084246,0.2909250549005,-0.0396303299041,0.2896043760402,0.0947269736309,0.0396293338964,-0.0739544002471
0.6084952926506,0.2528424647071,1.0000000000000,0.5738034773745,0.6858325407644,0.8284126516999,0.7645211047649,0.4901336090889,0.3870478434633,0.5176337599423,0.3584081747141,0.4202907554753,0.3797146587658,0.4405453964687,0.4638140718959,0.1934956498925,0.3270697757351,0.3168216183077,0.3983577966252,0.1062329153920,-0.0085918870957,0.1754841679577,0.0367586585070,0.3086355145271,0.2294982698896,0.0805831644256,0.0848222847822,-0.0228729777107,-0.0351215655764,-0.1935517088353,-0.0561724866359,0.0284513492464,0.2058061238885,-0.0161571120752,0.4224475616349,0.2763567004446,0.1964352824066,-0.1136427024078,0.1580496790391,-0.0614961699263,0.0061409166224,-0.0011100601846,-0.2999999699227,-0.1200913898289,-0.2194251862265,-0.0757096701513,-0.0742897010305,0.5200930155727,0.0841758568987,0.1222030804957,0.6250638411740,0.5341564273118,0.4908592092736,0.8459272607626,0.7359033277419,0.6305532479162,0.0925403716274,0.2160815440389,0.5200355059490,0.4304910164084,0.5292378407914,0.4547859768423,0.4866982645386,0.3897355906844,0.3966486490263,0.1837117917746,0.3259479666692,0.3184475317208,0.4147537668831,0.1609823446443,0.3004653307427,0.2107049802832,0.4233714878865,0.2158052040443,-0.0422604465271,-0.2489402621786,0.0567663697906,-0.0928741121210,-0.0794698799272,0.2213695283535,0.0308229164924,0.3103778365348,-0.1937915779454,-0.0799618038862,-0.2657849847239,0.0785612378364,0.2078720456052,0.1914754753422,0.0245807909779,-0.1756674673590,0.2499233823508,-0.0038768816046,-0.1217919142939,0.0707648385639,0.2388059558798,0.6020934177853,0.0869338872159,0.0946739108439,0.1951636461568,0.2919135775173
0.6185114597248,0.2030078715497,0.5738034773745,1.0000000000000,0.7719634729081,0.6389624204063,0.7811253838897,0.4955563363077,0.5324185544989,0.3343718790756,0.3934741665975,0.4757057861337,0.4096611819059,0.4226161732420,0.6926863910019,0.5241952689277,0.5273276731410,0.5515808487730,0.6075242805887,0.3288810565675,0.0564187750660,0.0893020353578,0.1968568675972,0.5310030635431,0.1121670258137,0.1170679581354,0.0844199592933,-0.1327978073393,-0.1296229906404,-0.3730782104879,0.0762092662334,0.0434452431222,0.2236707595355,-0.1473073832586,0.6105613105605,0.4984027243958,0.1525622696197,0.1060506656974,0.1259115112009,-0.2523497738078,-0.0288086679911,-0.0456007789891,-0.0882434596011,-0.1228331259345,-0.3627070907209,-0.2033172792178,-0.2640807840274,0.4846326690772,-0.0549570062377,0.1643559495919,0.7253805322972,0.5481697417873,0.9296889511301,0.6979266090556,0.6903512160910,0.8472643313403,0.0727203261156,0.0733006226295,0.5191092522389,0.4828522907532,0.3445272666110,0.5523497122644,0.4452388975930,0.4360702549773,0.3823363700291,0.3719051042303,0.6519635385011,0.4517805749549,0.4097176098083,0.3165093681842,0.4626964881413,0.2795267291858,0.6174815533770,0.1320300051993,0.0916651084455,0.0341963045980,0.1273826048631,-0.1353193585831,-0.1754213931965,0.4762380071665,0.2414326425826,0.3210443447485,-0.3927545116882,-0.0012781737872,-0.3512111076616,-0.1092154518238,0.2271416068667,0.2940656854559,0.1083495696960,-0.2309683005619,0.2126185997395,-0.1358807924274,-0.0691049690157,-0.1969760739794,0.0521702136758,0.5921328246359,-0.1128577843701,0.0188169856981,0.0696725882857,0.3143988291129
0.7196729097422,0.0647536014620,0.6858325407644,0.7719634729081,1.0000000000000,0.8293782161602,0.7675547287665,0.5017191205929,0.5380791738492,0.5249275845464,0.5498799553504,0.6466929783869,0.4593332729768,0.4713539110342,0.6124039285638,0.3816992002815,0.5225841748044,0.5132830603149,0.5225674394763,0.2980552069205,0.1076600804892,0.2461503864816,0.3473667400416,0.5730805038247,0.1657936290854,0.2119200278632,0.2230084951435,-0.1212405398738,-0.0657124136049,-0.3684987740126,0.0766671874265,0.1226079810051,0.2481013612213,-0.1691023968874,0.5700821228949,0.4170837252592,0.2558400601344,0.0659131695228,0.1296818494109,-0.1165150758610,0.0226854810941,0.0161225125525,-0.1442953142437,-0.1238557529742,-0.3401565712540,-0.0749024463298,-0.2068230062393,0.6023383028804,0.0807349791509,0.1809524190927,0.9081522978993,0.4715979076830,0.7039616043701,0.8226360275235,0.8497329817521,0.7153427543080,0.0938506039085,0.1073312143236,0.5276477650289,0.5100547456487,0.5305449034222,0.6701985996550,0.5864094319450,0.4245171490072,0.3177623464618,0.2245161327056,0.4540678524342,0.4860621851137,0.3757191133628,0.2836026209775,0.5035225070013,0.4519492958127,0.6551938114530,0.1934700127531,0.0585219947440,-0.0325392681475,0.1672355132000,-0.1743185288100,-0.1596378404549,0.4008050444747,0.2235410126432,0.2942694333358,-0.4444644103288,-0.0714386095627,-0.4219255838758,-0.1470043711455,0.3395083704070,0.2590699646046,0.0450962858085,-0.3043201808861,0.2196351600100,-0.0880168253894,-0.1620230117852,-0.1466746436453,0.0056675988890,0.6789411107034,-0.0261297868209,0.0633303986523,0.1508786540382,0.3223047377020
0.6166199005802,0.0475034466023,0.8284126516999,0.6389624204063,0.8293782161602,1.0000000000000,0.8310720787919,0.5399092324120,0.5507398694010,0.6062405910385,0.5674747002889,0.6354408891347,0.4791343333961,0.3560347500763,0.5139519257003,0.2678081499953,0.4681195378948,0.4718198390008,0.5024115477104,0.2513362995929,0.1169297212767,0.2191210524348,0.2487989176786,0.5501211321989,0.2300675427863,0.2247884602030,0.1944845672158,-0.1429101368979,-0.1185082141265,-0.3575717018351,0.0964860981453,0.1274579313825,0.2679792504223,-0.1104050848023,0.5394085920384,0.4233674702809,0.3368769265934,0.0208240770160,0.2081440859862,-0.1050487642805,-0.0392472445005,-0.0263872781635,-0.2014662866650,-0.1303239837844,-0.2811673357400,-0.0778524383240,-0.1880693527497,0.6817653915744,0.0104918401057,0.1650890885326,0.7251505428565,0.3698041913327,0.5558232643619,0.8950326184313,0.8989389666970,0.6543281263990,0.0903109180288,0.1349018079657,0.5851348483565,0.5499759640484,0.6023731992399,0.6523070661856,0.5886809462680,0.4391897608645,0.2773943729616,0.2103355612323,0.3823536120469,0.4374979744566,0.4265515030519,0.2356715505558,0.4531596843135,0.3897816943061,0.6111171319055,0.2178057774351,0.0780399062915,-0.1119676576531,0.1144226386003,-0.2271035146038,-0.1915887306013,0.3398455735992,0.1325247372505,0.2817975121609,-0.3742077654985,-0.0312962186941,-0.4259683061405,-0.0953235581549,0.3935319035632,0.2909447121597,0.0997618739172,-0.2838682704827,0.3282880759065,-0.1017762643143,-0.1999558140660,-0.1220770902428,0.0722206946245,0.7457474366350,-0.0716893796479,-0.0115184816578,0.1544544582940,0.3493392932279
0.5303664922786,0.0382937062395,0.7645211047649,0.7811253838897,0.7675547287665,0.8310720787919,1.0000000000000,0.6398878989414,0.6669823182210,0.3785628197837,0.2999482034430,0.4172358227345,0.3964057436394,0.2994780492531,0.5772150265062,0.2150701965947,0.4609135205148,0.4802175625858,0.5887977182098,0.3109795869307,-0.0427856379967,0.0656500677322,0.0834898691605,0.5922479484820,0.2385452076171,0.0590326144260,0.0489908088120,-0.1522851004485,-0.2387290243943,-0.4143752200375,-0.0661134659921,-0.0369485329678,0.1587349440362,-0.1240042335180,0.5697606731721,0.3991677052805,0.2526987525506,0.0149895251114,0.1541439035283,-0.1190645129758,-0.1120895262426,-0.1372025189451,-0.2854932490435,-0.0870741163154,-0.4140303784463,-0.1245640683055,-0.2520347499029,0.5297234617023,-0.0728165386643,0.0509203386321,0.7178567540737,0.3822427166358,0.7030071700943,0.8861476725906,0.8935462647611,0.8874284004188,0.1573520473898,0.2976333579325,0.7356446738869,0.6839385368224,0.4524567649177,0.4809017923180,0.3976228599185,0.4482090251489,0.3030747163164,0.1654142493778,0.4461658236718,0.4371905960754,0.5667355244021,0.3454196701099,0.3696039308295,0.2219954258407,0.6745746491723,0.2247939235397,-0.0614974877249,-0.1242792704857,0.0307882839382,-0.2028459327510,-0.2873280881403,0.3575719227896,0.0941532782360,0.2476836044825,-0.4384228261048,-0.1983366057164,-0.4863898593851,-0.1183007792334,0.2844790380585,0.2042618702511,-0.0283384088606,-0.2837825640086,0.2434331130235,-0.1339952693359,-0.1447366441579,-0.1049392845230,0.1138233887643,0.6336454080277,-0.1117126599869,-0.0030987681740,0.1087287296856,0.2517052705545
0.2905472537715,-0.0995378085983,0.4901336090889,0.4955563363077,0.5017191205929,0.5399092324120,0.6398878989414,1.0000000000000,0.7171948690635,0.2365630342285,0.2213574004822,0.3256761965233,0.4259443066085,0.0776368620415,0.2559723971684,0.1883917107312,0.4810723963781,0.5680087937252,0.7324040145001,0.5079566591938,-0.0004291915346,0.0989623917305,0.0000396998955,0.5451071014312,0.4948773911131,0.0238070952615,0.1275194497223,-0.0689103028355,-0.3626437537931,-0.3586390133410,0.0251130922906,-0.0055797617439,0.2169841114315,-0.0430559128204,0.2441930448150,0.2965975147328,0.2440301843737,0.0989613560962,-0.0214063620996,-0.0453490825020,-0.1316442221582,-0.1357345704704,-0.1947412889868,-0.0092859276669,-0.0193832540166,0.0894180856856,-0.0774268444062,0.2997377257685,-0.0389359661918,-0.0994629524143,0.4841747773839,0.2008870117291,0.4370778232459,0.5799656097139,0.6476086513149,0.6173493048149,0.4897192585843,0.6085370975835,0.7673336839416,0.6850976917409,0.3306871854465,0.3658438252041,0.2953551505794,0.4446480959423,0.0300230040938,-0.1082228767130,0.4298016035620,0.5171719419150,0.5774987009601,0.5180247612116,0.2580736490958,0.2209662128014,0.5914638395974,0.4212647569775,0.0652247521931,-0.1495242432301,0.1713299565843,-0.0889509783669,-0.3745284759001,0.4316903557825,0.0845003900447,0.2844657788301,-0.3580417479921,-0.1647516594633,-0.1728757703251,0.0013209131571,0.2018316756181,0.0267167880600,-0.0797655664870,-0.0129536261769,0.1095793072226,0.0500821634071,-0.0881375962578,0.0350892804993,0.1528376488119,0.3800926934974,-0.1244828702563,0.0185042438403,0.0783900302066,0.0682971731576
0.2786891484093,-0.1638113236259,0.3870478434633,0.5324185544989,0.5380791738492,0.5507398694010,0.6669823182210,0.7171948690635,1.0000000000000,0.2229038821699,0.3558825043944,0.3893417806119,0.3585900688766,0.0043806907715,0.2155766520713,0.2944187294106,0.4566746181004,0.5218500341230,0.8088708487630,0.6445042224941,0.0675186767764,0.1091290978139,0.2390086103706,0.7730983204311,0.5274775578629,0.1895008416975,0.3117040690419,-0.1965286048263,-0.4093322714225,-0.4920238089704,0.0673717504961,0.1166837296954,0.2585545316316,-0.0335937668143,0.3347928449728,0.4835917297242,0.2943562985910,0.1523995674928,-0.0664920778137,-0.0286695392689,-0.2389286788093,-0.1930182656191,-0.1840991512508,0.0029559077752,-0.1495580807126,0.1403708953429,-0.1504109072606,0.2640035264934,-0.1914466988053,-0.1032057916896,0.4916062817355,0.0909526305034,0.4469222396966,0.5766269868015,0.6681641174318,0.6081045270274,0.3866195292414,0.3628655668180,0.7881026320148,0.9377126896478,0.3197754814793,0.4880050667937,0.2640911889333,0.3672245803801,-0.1084535459690,-0.1309084637635,0.5193407905232,0.4517531300620,0.7225894956614,0.6023994331402,0.3658684422379,0.3780923288662,0.7919326373834,0.4994598868899,0.1218066256566,0.0686015149838,0.2865844609213,-0.1861330205596,-0.4646307964112,0.4534755730657,0.2056243041862,0.2409813486324,-0.4966298590367,-0.0944583463140,-0.2814446766838,-0.1197263860915,0.3094137620429,0.0767022517864,-0.1013268819447,-0.1251299950592,0.0455143618128,0.0182788837790,-0.0558460433784,-0.1193051542583,0.0007236788471,0.3534951345632,-0.3076519104921,-0.1354699611001,-0.0278982569652,0.0741369446528
0.5057604229327,0.1771035301738,0.5176337599423,0.3343718790756,0.5249275845464,0.6062405910385,0.3785628197837,0.2365630342285,0.2229038821699,1.0000000000000,0.5444266757120,0.7323604347411,0.3968891551528,0.4125981882711,0.4081948540241,0.1998059437348,0.3078452966084,0.2418429498073,0.2409892239294,0.1226786765076,0.2912856547569,0.4697557831745,0.3015786325267,0.2932446515293,0.2033423988261,0.2011619971548,0.2234719868214,-0.1175294376132,0.0235744025451,-0.1679208363585,0.1401680462738,0.3154117478761,0.3724338024480,-0.0890192131686,0.3226024097335,0.2938691734628,0.2644676432037,0.0185599899555,0.2493977081285,-0.0311153709608,0.3938854198478,0.3582858565742,-0.1362220589360,-0.0434035112095,-0.1709060131780,0.0349020108667,0.1106403753070,0.4310018407082,0.1769392853070,0.4391285572693,0.3716002643351,0.2883611661908,0.2668111780272,0.4140013927313,0.4683901623339,0.2293748285203,-0.0224615882303,-0.0348009752239,0.2789462797606,0.2608212324760,0.8107631971357,0.5137395444829,0.6013809951128,0.3252987896843,0.2340979780224,0.2116217868339,0.2511302082779,0.2924921774279,0.2241046193658,0.0701663367076,0.3695979325367,0.4685026354167,0.3055905458880,0.1703216753570,0.0934026602350,-0.2736088277214,0.1221173368819,-0.2202019459698,-0.0857966940503,0.1724020912268,0.1002112010188,0.3478270890686,-0.1401744455321,0.0619208987041,-0.3354644240981,-0.0353275095048,0.2989455605817,0.1829671955355,0.1913459077625,-0.2548963578109,0.2720717392667,-0.0812388179809,-0.2103840881247,-0.0528412717067,0.1956343620547,0.4097027127022,0.0528964428649,0.3159941525819,0.5396352590347,0.4930203431763
0.4709297383092,-0.1170544287436,0.3584081747141,0.3934741665975,0.5498799553504,0.5674747002889,0.2999482034430,0.2213574004822,0.3558825043944,0.5444266757120,1.0000000000000,0.7690283618853,0.5353481230725,0.1328212727956,0.3427192786605,0.4028843359814,0.4424450696411,0.3797015063914,0.3478995909726,0.2872500137053,0.4455532770115,0.4090854946258,0.6446211362106,0.5361428106739,0.1019572238926,0.5237672339204,0.5707767450491,-0.2279032387296,0.0558806822731,-0.3073169783027,0.3084332634006,0.4277045605357,0.4114418457134,-0.1629865281999,0.3158164138164,0.3605481454987,0.3831054827033,0.3113114461179,0.2744200332234,0.0729894942522,0.1131506040414,0.1873146699418,0.2305140361099,0.0770227586936,0.0090089072315,0.1263957730176,-0.0332556304989,0.5558450974903,-0.0264678305023,0.3625845713043,0.4573261584424,0.1265258103249,0.2729891502310,0.3921782941591,0.4182152212152,0.1398738453748,0.1327084123181,-0.0908103423359,0.2117637365320,0.2492095393410,0.3383339706007,0.8504607557581,0.5235341136586,0.3000968786012,-0.0832578018479,0.1684785834233,0.2063194129058,0.4758344293368,0.1412725040020,0.1496962710945,0.4683603624386,0.5599437668277,0.4666492924890,0.1379568626436,0.2708000511258,0.1075965669797,0.3368936709899,-0.2637849633042,-0.1071246575062,0.2959181760224,0.1379860645975,0.1882407901157,-0.4111323410870,0.1996012518302,-0.2586042518920,-0.2343002033766,0.4491011114480,0.2532916168734,0.2958009736659,-0.1955166240685,0.3151897165139,-0.0260723721470,-0.0665581089749,-0.2936150670899,-0.2756820731449,0.5132022104294,-0.2135822971117,-0.0797668566899,0.1017299424837,0.3763235242259
0.5768124284824,-0.0120463299133,0.4202907554753,0.4757057861337,0.6466929783869,0.6354408891347,0.4172358227345,0.3256761965233,0.3893417806119,0.7323604347411,0.7690283618853,1.0000000000000,0.5249347384313,0.3538592574306,0.3957844998981,0.3452512894252,0.5874640575962,0.4697056242055,0.3958105269780,0.2292665976468,0.4021166863863,0.5295456083236,0.6462709991178,0.5197740946764,0.1212432028060,0.4290839015235,0.4146506530870,-0.2515193968189,-0.0763511251778,-0.3382175515367,0.3007397491974,0.4726589116160,0.4871181555608,-0.1455315755262,0.3790708823328,0.3792530828773,0.4394855269548,0.2090046738571,0.2591335537781,-0.0290907169805,0.1678134697469,0.1763807146207,-0.0055267821507,-0.0882526532115,-0.1798350322578,0.0815536044503,-0.0049995885408,0.5265701093522,0.1130369869873,0.3420614456307,0.5277515393036,0.2174376017085,0.3827671191291,0.4525571974982,0.5444173484354,0.2782766010199,0.0241732782953,-0.0686002655505,0.3209343821001,0.3457986398889,0.5972081733511,0.7644324712014,0.7371220366173,0.3769071811412,0.0851950287726,0.1811118244240,0.3285098746433,0.5464553426915,0.2233470729068,0.1586548058025,0.6211263471091,0.7342963554166,0.4963579464903,0.2032605198368,0.2769070040059,-0.0796682441864,0.2663171948830,-0.3118905024983,-0.2208186637384,0.3953721810365,0.3182174082096,0.3706277030576,-0.3403504446460,0.1231599562539,-0.4391328133929,-0.1319706239359,0.4814373987471,0.2359635523469,0.2135258076351,-0.3362223304605,0.3191767882270,-0.1006814037313,-0.2546767020058,-0.1973129693419,-0.0705286939521,0.5160438258388,-0.1325785577015,0.0558684517136,0.2253671546728,0.4001403860772
0.3386044336818,-0.0041017017469,0.3797146587658,0.4096611819059,0.4593332729768,0.4791343333961,0.3964057436394,0.4259443066085,0.3585900688766,0.3968891551528,0.5353481230725,0.5249347384313,1.0000000000000,0.0908449148586,0.2660908433961,0.1822527350739,0.4521753634736,0.2894161010832,0.2934314915538,0.1842592448513,0.2205472237075,0.2752746149879,0.2634467495154,0.3892361581132,0.2601454843582,0.2452034327880,0.3707367363081,-0.1850089843714,-0.0304550240124,-0.2757645779257,0.1096152256516,0.1671674768321,0.3770261840322,-0.1273476736519,0.2134063627166,0.1964030442424,0.2672835754863,0.2157256302307,0.1077476135576,-0.0258225702738,0.0528216001380,0.0395219700463,0.0438293013277,0.1166894122675,0.0548131202846,-0.0232152711569,-0.0377570904169,0.3178664330840,0.0291075405150,0.1735752161805,0.3645861266166,0.1846075295592,0.3246244420602,0.4103545474960,0.4549446600908,0.2922589526097,0.4567664694580,0.2169342649892,0.3918080988234,0.3370848123850,0.2556275830163,0.5864702387609,0.6184789487957,0.8610229559362,-0.0045237689425,0.0397450577280,0.1798092483108,0.5362511769262,0.2668170860800,0.1731340337527,0.3828722324201,0.3175410673487,0.4042347492184,0.2121942814281,0.1434799470178,-0.1689999801015,0.1775843639496,-0.2071533584660,-0.1418166073129,0.2598210923549,0.0025636208588,0.3449932705510,-0.3819927095173,-0.0158805179800,-0.2068002468583,-0.1749023649780,0.2466622059039,0.0100331881136,0.0307791355183,-0.1348676957699,0.1205547906872,-0.1206835878588,-0.0931831348120,-0.2110545762670,-0.0936057818023,0.3808081142251,-0.1494516334879,-0.1249494101636,-0.0200802095908,0.1639606002142
0.5448567480279,0.5967258515939,0.4405453964687,0.4226161732420,0.4713539110342,0.3560347500763,0.2994780492531,0.0776368620415,0.0043806907715,0.4125981882711,0.1328212727956,0.3538592574306,0.0908449148586,1.0000000000000,0.4557753048328,0.3289692671102,0.1660356398068,0.1402627638426,0.0853788247550,-0.1219253581556,-0.1055282748095,0.2884443744716,0.0623443385392,0.0036836173624,-0.0626068047565,0.0340806566460,-0.0440381352895,0.2178912706125,0.2582960273694,0.2507314781401,0.0099249593719,0.0894206172222,0.1179749608520,0.0425679217336,0.3558189893574,0.1234471021797,0.0009486252106,-0.1788676783410,0.0945483804580,0.0258067263281,0.2969861054302,0.1618058936793,-0.1958620347041,-0.1596136058224,-0.2724204196891,-0.1094274748512,0.0842138389953,0.2657522439421,0.4239698244041,0.1727490881100,0.4554780592357,0.6815380045884,0.4011102948795,0.3094898069035,0.2989466440861,0.3096239357626,-0.1906492299972,-0.0556535993647,0.1326821885048,0.0732606304030,0.3851261565423,0.1998361154293,0.4123414403596,0.0997813235399,0.6224812188373,0.1927768781575,0.2715813703767,0.0473081006413,0.1301550513889,-0.0513401318654,0.1111195024158,0.1669282691750,0.0886674944149,-0.0244011251870,-0.1058919733823,-0.1972243619355,-0.0284499933404,0.1117171193457,0.2186916348263,0.0566600961284,0.0121216247232,0.1038591735391,0.2701628743594,0.0180290726461,-0.1585717946265,0.1707513768726,-0.0111352878577,0.1428630247846,-0.0140918616788,-0.1943661580737,0.0997827210800,0.0717578987466,-0.1695342026392,0.1820657635656,0.2356506755186,0.2736367870014,0.4729292785099,0.3265128952867,0.2034911077451,0.1206034468558
0.5810139012138,0.2858071116348,0.4638140718959,0.6926863910019,0.6124039285638,0.5139519257003,0.5772150265062,0.2559723971684,0.2155766520713,0.4081948540241,0.3427192786605,0.3957844998981,0.2660908433961,0.4557753048328,1.0000000000000,0.2418284252950,0.3136920868974,0.2939350145016,0.2998872838699,0.1630677879560,0.1616435229442,-0.0005192435222,0.1701144656431,0.3238480196581,-0.0716335827901,0.2014296117346,-0.0115539261034,-0.1256997721397,-0.0021868364032,-0.2515913156607,-0.0870699349398,0.0981761022092,0.1454017705424,-0.1565980727136,0.5755133432894,0.3227975071476,0.0849167376631,0.1016138652296,0.2863870080656,-0.1112657301372,0.1428280311748,0.1241873246350,0.0278382504242,0.0067894661536,-0.3246975237269,-0.2376572278114,-0.1999934647199,0.5253907409607,-0.0251145777238,0.4901588649370,0.5544701369698,0.4618921311593,0.6162056756602,0.4958145934199,0.4639214806959,0.5699593681465,-0.1199472975686,-0.0552358597415,0.2495932342049,0.1940010589236,0.2058464006531,0.3854451379458,0.2475938856551,0.1739217891820,0.5194303581373,0.5621507580266,0.2821685872706,0.2379555178797,0.2111283655187,0.1391162560135,0.3218642542639,0.0590995976120,0.3244900514455,-0.0399786932240,-0.1044394881172,-0.0506989069004,-0.0608835811244,-0.1636401979557,-0.0873022450875,0.1271590434328,0.0950154992143,0.1988673238027,-0.3112239880122,-0.1152964585275,-0.3407239847946,-0.1836732459360,0.2015007447918,0.3743703768351,0.2331048868661,-0.1599046473370,0.3635767476811,-0.0957013849378,0.0201246125520,-0.2566972086033,-0.0285742135087,0.5429593386893,-0.0342168998385,0.0149570504828,0.2207410000778,0.5347369213345
0.3728960690756,0.0066188400628,0.1934956498925,0.5241952689277,0.3816992002815,0.2678081499953,0.2150701965947,0.1883917107312,0.2944187294106,0.1998059437348,0.4028843359814,0.3452512894252,0.1822527350739,0.3289692671102,0.2418284252950,1.0000000000000,0.4263393088100,0.5505612510031,0.5281319966758,0.5028366980244,0.2787868226696,0.2122292954617,0.3915710447750,0.3730870656822,0.1531183086449,0.4480334026455,0.3541742982426,-0.1018797182646,0.0560619835975,-0.1119868651471,0.5549814164429,0.4247289187663,0.3753523466590,0.0092597413497,0.5284050121697,0.7170013879217,0.2699553414176,0.3079987738475,0.2349477346668,-0.0623879083306,0.0505246298166,0.1428574774066,0.3252547356201,-0.0246603479024,0.1153586418880,0.0318144635267,-0.0434616482395,0.2645698539409,-0.0088657025824,0.2319312091104,0.3588754398210,0.2362752190794,0.4736070975519,0.2437892867107,0.2153649853398,0.2794658468740,0.0002410441144,-0.1905329585435,0.1400499462417,0.1785146648170,0.1696607990688,0.3854490670415,0.2660821630336,0.1225991452726,0.0584532291524,0.2752409667822,0.7548219350292,0.2897935980385,0.1706437752443,0.4389832480430,0.3589268344914,0.3496456943905,0.3391432934324,0.1716978495769,0.4668385949973,0.2937908800651,0.3179153754258,-0.0971719006864,-0.0032334032914,0.5649756691984,0.3101664260394,0.2150489464470,-0.1256631616573,0.5478863329365,0.0960353690939,0.0470263377025,0.2909047020279,0.5214473919302,0.3146663880731,0.0560894330502,0.2407091769669,0.0667744864301,0.0343785147622,-0.1298300246481,-0.0977747807911,0.2776206254992,-0.0904465885505,-0.0082191362082,-0.0072484804997,0.1674867501158
0.4030854719113,-0.2725111146391,0.3270697757351,0.5273276731410,0.5225841748044,0.4681195378948,0.4609135205148,0.4810723963781,0.4566746181004,0.3078452966084,0.4424450696411,0.5874640575962,0.4521753634736,0.1660356398068,0.3136920868974,0.4263393088100,1.0000000000000,0.8598821760527,0.5493095442113,0.5247196538085,0.4851884863852,0.2736188891749,0.5268051240454,0.5584664163073,0.2253536464828,0.4119790629723,0.5076650725238,-0.3359422148682,-0.1953803702116,-0.4011595691236,0.4538673172509,0.4396905593537,0.7432678907836,-0.2562729860029,0.2934296372690,0.4431197883512,0.5250388909528,0.4086305792623,0.1561166268887,-0.1114879792547,0.0227010122988,0.0396687727760,0.0160808217695,0.0026111970073,-0.0012507189952,0.0667773057217,-0.0887082090310,0.3004976039758,-0.0540954856659,0.2412417082997,0.4662560911606,-0.0143213499532,0.4348955636878,0.4332206458211,0.4739948054439,0.3760256830753,0.1893035986154,0.1852658666536,0.4030039776904,0.3906266295652,0.2201182908108,0.4792383882330,0.3787561070591,0.3735148691782,-0.0277901161347,0.0579928182393,0.5036849201021,0.8485149995389,0.2762621280325,0.4961446982014,0.7246238418841,0.4517516617747,0.5040147902554,0.2854099315615,0.4703556504012,-0.0790524083303,0.4080244271736,-0.2915892058428,-0.2980093569142,0.7913528588778,0.2719035317767,0.5265182027298,-0.4705993146553,0.1291524897584,-0.2646561856939,-0.2433586911383,0.4633653153640,0.1359347396389,0.1505558005629,-0.0936997900237,0.2286335313784,-0.1723152730069,-0.1447438271468,-0.2719014324913,-0.1793911197628,0.3442728554422,-0.2928153744375,-0.0743926856015,-0.0311616177058,0.2337376416371
0.4025916800030,-0.3016501120825,0.3168216183077,0.5515808487730,0.5132830603149,0.4718198390008,0.4802175625858,0.5680087937252,0.5218500341230,0.2418429498073,0.3797015063914,0.4697056242055,0.2894161010832,0.1402627638426,0.2939350145016,0.5505612510031,0.8598821760527,1.0000000000000,0.6948750554503,0.6566039550842,0.3896273882289,0.2090657819357,0.4106350034549,0.6075892984438,0.2996230501695,0.3952105161571,0.3952895275074,-0.3002814696015,-0.2776799234457,-0.4057894780950,0.4919438265365,0.3784354642277,0.6040823190078,-0.2096271778434,0.3681141080883,0.5776729481660,0.4516344072624,0.3873409368291,0.1110525240780,-0.1453273827671,-0.0303899966818,0.0353296713504,-0.0340828965043,-0.0560245240483,-0.0162440960989,0.0433667439805,-0.0963005740390,0.3103935407102,-0.1116362057060,0.1975161706574,0.4932526718754,0.0109331996217,0.5058770779116,0.4545319179990,0.4916411191591,0.4527649480692,0.1366031410645,0.1764402987032,0.4278039027141,0.4331599851182,0.2564709735126,0.4684219472382,0.3089848804479,0.2614701497712,0.0233820478088,0.0871090498321,0.6795347369345,0.7687777003725,0.3034762746902,0.6145351184955,0.6479172826633,0.4340321021105,0.5528206163310,0.3117513702042,0.5055925208851,0.0620957341092,0.3931936414564,-0.2537992400912,-0.3307131363776,0.8758394731490,0.3604450479458,0.4633858752496,-0.3978433138099,0.1788445150583,-0.2147618105449,-0.1000584094433,0.3925590200281,0.2322519148350,0.1889686944845,-0.0486751173197,0.2193358759609,-0.0463462089001,-0.0961750033225,-0.2186510247284,-0.0673871123490,0.3801319056525,-0.2731379703391,-0.0310583401136,0.0518902657093,0.2412738176433
0.3353237462443,-0.1875021430936,0.3983577966252,0.6075242805887,0.5225674394763,0.5024115477104,0.5887977182098,0.7324040145001,0.8088708487630,0.2409892239294,0.3478995909726,0.3958105269780,0.2934314915538,0.0853788247550,0.2998872838699,0.5281319966758,0.5493095442113,0.6948750554503,1.0000000000000,0.7418879469635,0.2116707806952,0.1652485468579,0.2356074687363,0.6910815618921,0.5253071154051,0.1999930807766,0.2490538036498,-0.0740169644635,-0.3329728329495,-0.3811215508081,0.2547333272267,0.2029152230552,0.3470319485478,-0.0591879445063,0.4313401913656,0.6835041619210,0.3199459700506,0.2313550268535,0.0462335995944,-0.1060626768103,-0.0617966576908,-0.0067109292980,-0.0889473033403,-0.0315065277784,-0.0229103862395,0.1380946662973,-0.0230582829768,0.3432541011310,-0.1334972537735,0.0897521443650,0.4864812968284,0.1179992801883,0.5570764955777,0.5174236668990,0.5654831482806,0.6167329615652,0.2774238826358,0.2542443829759,0.6171885715343,0.6990603811504,0.3158636573151,0.5005450388836,0.3050340992142,0.3435883039246,-0.0038433206194,0.0567007662433,0.7610108066915,0.5233673816143,0.6159296319515,0.6205703822459,0.4575422108177,0.3996995986117,0.7148069479000,0.5336316973419,0.2854382010662,0.0428962287829,0.3815607092705,-0.0278664791453,-0.3200772826434,0.5881119879043,0.3574827870483,0.4027185983887,-0.3275718845480,0.0888100736613,-0.1484669423756,0.0377520980637,0.2867229957475,0.2483489745371,0.1196202051476,0.0154286101656,0.1549674920036,0.1503874020685,0.0158229913286,-0.0160426041858,0.1555345626937,0.4085188461703,-0.1987137812908,0.0409771605097,0.1459603873835,0.2785131761104
0.1566738999912,-0.3966341337961,0.1062329153920,0.3288810565675,0.2980552069205,0.2513362995929,0.3109795869307,0.5079566591938,0.6445042224941,0.1226786765076,0.2872500137053,0.2292665976468,0.1842592448513,-0.1219253581556,0.1630677879560,0.5028366980244,0.5247196538085,0.6566039550842,0.7418879469635,1.0000000000000,0.3809827967727,0.1106647029441,0.3727197288517,0.7032953875522,0.5740764573954,0.3932046283590,0.4865681528412,-0.1674799325378,-0.2986893905251,-0.3403666218741,0.3958170247891,0.3158317409065,0.4462868031196,-0.0660678049393,0.3438407020281,0.6617603180017,0.3803706287132,0.4928796686457,0.0288845709909,0.0248688050982,-0.0727621271705,0.0302776668409,0.0866420530815,0.1791426196805,0.1723899215597,0.2538303569811,-0.0175450154328,0.1414395088269,-0.2006851373825,0.1625800543242,0.3071351438735,-0.1849014836144,0.2786931782938,0.2501823750890,0.3354552292782,0.2906871920212,0.3127118109293,0.2178678369839,0.4232907347684,0.5332715652536,0.0858343724957,0.3126446332599,0.0340242744222,0.1375724436246,-0.2311841378063,0.0415970324362,0.5847327818405,0.5002260028481,0.4360623142477,0.8612484298575,0.4280207443603,0.3386155268852,0.6158523909788,0.5711348218892,0.4269332210208,0.2063417546889,0.4519859131190,-0.1145998190225,-0.3298345999562,0.6005282066183,0.2415744897803,0.2989012383925,-0.3737485856155,0.1175794231741,0.0024956649068,-0.1065293663893,0.3650526354075,0.2429430272258,0.1652668898981,0.2677529632862,0.1230502346098,0.1067482518284,0.1531980915684,-0.1327844822433,-0.1099300748545,0.2324786412585,-0.2736143420868,-0.0704765155742,0.0564944684877,0.2561183163584
0.1950436647305,-0.3501525337314,-0.0085918870957,0.0564187750660,0.1076600804892,0.1169297212767,-0.0427856379967,-0.0004291915346,0.0675186767764,0.2912856547569,0.4455532770115,0.4021166863863,0.2205472237075,-0.1055282748095,0.1616435229442,0.2787868226696,0.4851884863852,0.3896273882289,0.2116707806952,0.3809827967727,1.0000000000000,0.3209196610218,0.5153773724034,0.3413712560640,0.2207899762697,0.5151332688111,0.4859553649349,-0.2449810948166,-0.0198828284666,-0.1569269946759,0.5499260501424,0.5767037148477,0.5335577288949,-0.1256209328169,0.1925761094461,0.3671923236617,0.5766518170841,0.6424792304266,0.4341940682431,0.0339699334424,0.3475551685082,0.5193273890191,0.4360892229905,0.2934245654470,0.3673532193379,0.3424173594743,0.3153810781252,0.2523026466837,0.0110428115897,0.7044754855125,0.0147063404219,-0.2847450824466,-0.0263086728055,-0.0562432103970,-0.0003406591782,-0.1514600523117,-0.0059826944314,-0.2081718866737,-0.1245796954999,-0.0478633277360,0.0537454318010,0.3350416652678,0.1043864178497,0.0900469452120,-0.2649387875522,0.3072193485905,0.1825971820940,0.4267381720972,-0.0925718645925,0.2435344072009,0.5433704305179,0.3248349797108,0.2115262457615,0.2274822742614,0.6221566138586,-0.0093796857625,0.4305040564825,-0.2006858967529,-0.1401238908981,0.3445816851982,0.2900953255871,0.3319108873435,-0.1594796124331,0.3705973145834,0.0040759591374,-0.0356472284792,0.5347225987805,0.2738963898310,0.6413726910667,0.2061593466124,0.4021914901806,0.0367828937859,0.1972431613688,-0.1459675739557,-0.1034269620171,0.1722184114082,-0.2305637883167,0.0666659021989,0.2812205481232,0.5676145616834
0.1624369573487,-0.0728248647380,0.1754841679577,0.0893020353578,0.2461503864816,0.2191210524348,0.0656500677322,0.0989623917305,0.1091290978139,0.4697557831745,0.4090854946258,0.5295456083236,0.2752746149879,0.2884443744716,-0.0005192435222,0.2122292954617,0.2736188891749,0.2090657819357,0.1652485468579,0.1106647029441,0.3209196610218,1.0000000000000,0.5422981809209,0.2842992204091,0.1340606206196,0.2590272920649,0.3627794369822,0.0774476234540,0.2617637372154,0.1562956044273,0.2554561948612,0.3220488632630,0.3076202084625,-0.0612712639786,0.1500878201090,0.1924388374347,0.3012918129242,0.0671893085441,0.0979599960773,0.2112962049960,0.4163667536998,0.2486498397815,-0.0309672367174,-0.0790628676742,-0.0293456589922,0.4833384954454,0.3777880310042,0.1799129283575,0.5367893900781,0.1444903618508,0.1370848569952,-0.0291315886182,0.0210411249119,0.0962791301578,0.2097859809500,-0.0438878483397,0.1286502551505,0.0633892307361,0.0910415699733,0.1250980171677,0.3963192713272,0.3495189238702,0.3633829803452,0.1818251503340,-0.1095017084769,-0.0766104828659,0.1568475114987,0.2977500177413,0.1092071694474,0.1338957054383,0.3304116966433,0.6384758925061,0.3031607700903,0.2636801487929,0.3050233371458,-0.1268176159236,0.2548598324997,-0.0004057128009,0.0912253434051,0.2253712612475,0.1284507711960,0.1462253412464,0.1139581408156,0.1423081610856,-0.1624639825802,0.1302297051999,0.3350553778126,0.0517429392577,0.0929787685258,-0.1281150491414,0.1298394684167,0.1035052166936,-0.1860473100548,0.2550718582566,0.1093271597781,0.1946346446799,0.3398531816338,0.3965136530752,0.2125880189711,0.1241942960341
0.2999211654808,-0.3272690177787,0.0367586585070,0.1968568675972,0.3473667400416,0.2487989176786,0.0834898691605,0.0000396998955,0.2390086103706,0.3015786325267,0.6446211362106,0.6462709991178,0.2634467495154,0.0623443385392,0.1701144656431,0.3915710447750,0.5268051240454,0.4106350034549,0.2356074687363,0.3727197288517,0.5153773724034,0.5422981809209,1.0000000000000,0.5307622696674,-0.0469021705717,0.7056722473248,0.6747166176229,-0.2963022996500,0.0461982167097,-0.2187256759492,0.3939687767559,0.6477652729303,0.5230565110733,-0.1955023980404,0.2601595897341,0.3670198760614,0.4696622861793,0.3676265392783,0.1451506782055,0.1468843807737,0.0599025734902,0.1376782325064,0.2242116622673,0.0166767145166,-0.0568386929768,0.3867459100915,0.0195103150071,0.2342447358468,0.0800760116976,0.2570220620186,0.2943590986190,-0.1776698487091,0.0853162025977,0.1086389360567,0.2081744944775,-0.0377355485832,0.0757312175931,-0.1259625682957,0.0474075799159,0.1711753914531,0.1097734134366,0.4992941145767,0.2497916590008,0.0323914410282,-0.2768798495112,0.0379187247440,0.1967095233489,0.4791095750484,0.0779633439705,0.3259495647561,0.5506398348418,0.7239335419804,0.4171142843844,0.1358390846448,0.4280735279888,0.2415658574298,0.4270932484977,-0.2807950396999,-0.1415895330740,0.4038998805487,0.2762031301972,0.1466670680233,-0.3606974068469,0.1954022550757,-0.2372480722581,-0.2971038288687,0.5646727122684,0.2504904050110,0.2002030049647,-0.1525052724205,0.2088565876270,-0.0740879552078,-0.1320740403281,-0.2543122168291,-0.4452455582365,0.2483917636310,-0.2010180914411,-0.1049358591602,-0.0158196194371,0.2356143867702
0.3504671955630,-0.3250955185490,0.3086355145271,0.5310030635431,0.5730805038247,0.5501211321989,0.5922479484820,0.5451071014312,0.7730983204311,0.2932446515293,0.5361428106739,0.5197740946764,0.3892361581132,0.0036836173624,0.3238480196581,0.3730870656822,0.5584664163073,0.6075892984438,0.6910815618921,0.7032953875522,0.3413712560640,0.2842992204091,0.5307622696674,1.0000000000000,0.3348430020716,0.3960052133487,0.5143009162701,-0.2448381844177,-0.2680718232419,-0.4682472415065,0.3279005523139,0.2927731246550,0.3707645901083,-0.1704915664541,0.4926826418804,0.5832175484333,0.5618209218819,0.3914816985991,0.1898187353618,0.0376137559910,-0.0779906361167,-0.0207925150359,0.0194775420319,0.0511400306745,-0.1243907941638,0.2120268462987,-0.1340622938689,0.4345202230258,-0.0661345554622,0.1327380345870,0.5230156622365,-0.0402717122568,0.4281165667444,0.4880105830919,0.6353703047765,0.4865065583461,0.3033591012753,0.2069048712445,0.5705679759387,0.6884683480818,0.2321269126641,0.5957087422802,0.2467694659854,0.3181645988367,-0.1774313106262,0.0833429768011,0.4748644309411,0.5783464047559,0.4891917259236,0.6245140509162,0.5060699122366,0.5276752003743,0.9054395806366,0.4230700552114,0.3301999615650,0.1153216879827,0.4465012918312,-0.2497070769016,-0.3796751485517,0.5354193740731,0.2292787786046,0.2417100112124,-0.4928867355318,0.0362944292085,-0.3255521072563,-0.2040674876059,0.6101204104035,0.3151064181791,0.1637926096327,-0.0579200963686,0.3252603103275,-0.0083766938856,-0.0641105251774,-0.2318453152850,-0.1748090291700,0.5253463116677,-0.2464809107241,-0.0908899825668,0.0560111624485,0.3046819314088
