1.0000000000000,0.6246062736908,0.6333719890743,0.5148534608095,0.7660924160096,0.5006212886573,0.3791670885235,-0.0627330836261,0.0029467279422,0.3164665454075,0.2257163496544,0.2949733442236,0.1969624451966,0.6793193503285,0.4475244362727,0.1646253844529,0.1650821523320,0.0684987602891,0.1202733658511,0.0050576716594,0.1471125727466,0.1694570619792,0.0951887459841,0.0273809538401,-0.0110678464638,0.0977486381953,-0.1653846770626,-0.1332705653593,-0.2354407659656,-0.0840773696950,0.0453115462428,0.0240430458458,0.0169422411142,-0.0124383936065,0.2640873573924,0.0321084962792,0.0249958188994,-0.0172608548673,0.0788542589682,-0.0260597740498,0.2657906089302,0.4161896951296,0.0532633437507,-0.0143519687155,-0.0660519207926,0.0431961866344,-0.0041779128739,0.2387670539024,0.3613786171478,0.4188709846005,0.6196158782107,0.5064913114158,0.4580770381888,0.5151871616257,0.4512019703000,0.3580936916636,-0.0613172152422,-0.2244733984738,-0.0895549832233,0.0068324581952,0.2224571803804,0.2160816782178,0.2199794971685,0.0443653656529,0.4442109884294,0.1810821853146,0.1338848667888,0.1197635477601,-0.0004245691857,-0.1415369458455,0.2033572240295,0.2454459072982,-0.0007025568367,-0.0500917979654,0.0529818867787,-0.0837214952538,-0.1912673952836,-0.0418453832909,-0.1256659898014,0.0400810867734,0.1893035356665,0.1951273631228,0.0548956838956,-0.0059318704381,-0.3191871879538,0.2333929657930,-0.0359948675762,0.0822005682858,0.0987621472765,-0.0863863363974,0.0946019620916,-0.0254254202718,0.0108735804997,0.1476928516785,0.1483662406085,0.1587397719638,0.0016664585468,0.2223254974895,0.3648196548490,0.2192115545019
0.6246062736908,1.0000000000000,0.7605001883910,0.4506375250099,0.3481536678826,0.4662579457853,0.3145034839395,-0.1378563700814,-0.2970993805913,0.3372932880318,0.0357868666136,0.1270284723287,-0.0462955371819,0.7397277225703,0.6596921564330,0.0606618889732,0.0407103646196,0.0016833351735,-0.1773289804582,-0.2803547305549,0.1688396141021,0.1758073021483,-0.1744108886198,-0.1292964170016,-0.0923460498753,0.0035462471773,-0.1742023171230,-0.0062331825698,-0.0441736122445,0.4350466120580,0.0694943278703,-0.1393742188045,-0.1481073641697,0.0327420918820,0.1735989472443,-0.0751176034700,-0.0832448919199,-0.1594382552374,0.0468556082964,-0.0635022161649,0.1820498722668,0.5500734709596,-0.0248913320944,0.0412851819157,-0.0522417389836,-0.0004310577630,0.0871158869913,0.0924142940194,0.3311980425615,0.4951441248958,0.2920443052911,0.6573075734544,0.2246516593481,0.4061674746412,0.2005558310378,0.1738329560701,-0.1404423590278,-0.1380625415559,-0.2975094886342,-0.2415220783271,0.1512588716403,-0.0599928227104,-0.0027015025630,-0.0855909071675,0.5199216943967,0.0762744895919,-0.0381709371412,-0.1101932812432,-0.2940222423604,-0.1885685935146,-0.0384776731282,0.0590649708745,-0.1842747228678,-0.0451586790595,0.0257606853684,-0.0476246099898,-0.1790949407108,0.0283480910945,0.1131599813529,-0.1363905864676,0.0480260223718,0.1016289389057,0.3681913255818,-0.0631682356985,-0.0823303807660,0.3220524348152,-0.1867801971884,-0.0448015694323,-0.0273948083814,0.0032014530072,-0.0353574365657,0.0170008467613,0.1631858385025,0.1969233214063,0.1757133642212,-0.0569020907991,0.2806262125345,0.0516129839486,0.3551521770627,0.0659676899049
0.6333719890743,0.7605001883910,1.0000000000000,0.5046690144052,0.4923575773726,0.7657506856335,0.3739081329447,-0.1086199671982,-0.2142060983923,0.4244773353545,0.2756635787969,0.2542871121929,0.0575111648989,0.6465738639763,0.5396813949244,0.2469189180493,0.2473340485936,0.1790188492448,-0.1106062372652,-0.0572115563265,0.2717059856311,0.1196629622912,-0.0052580206464,-0.0773516808033,0.0032426983364,0.0989807006290,-0.0560370964137,-0.2033065705531,-0.2116924206335,0.1477752425640,0.2141592862866,0.0616389946549,0.1320427210721,0.1348285322033,0.2170249223235,0.0678879788095,-0.1190225958163,-0.1498089007570,-0.0773340412219,-0.2095694387522,-0.0124109757920,0.5073608612655,0.0653556000736,-0.0877542733074,0.0374371930007,-0.0131617617123,-0.0676882205035,0.2840877955298,0.2063744876218,0.5682918095113,0.3243965171600,0.5713859255618,0.2515335706634,0.7946192556420,0.4376439539401,0.2117388646488,-0.0929109892330,-0.1916915337902,-0.2115937294695,-0.2034277659159,0.1825773775961,0.1173328205748,0.0442162239157,0.0041510434659,0.2831415391263,0.2553950085661,0.1208117639453,-0.0509214723320,-0.2240086710449,0.0140006864979,0.1336734247271,0.0671395616409,-0.1224518746744,-0.0150271709835,0.2257926478915,0.0382136577136,0.0006674367715,-0.1414380105277,-0.1205650752565,0.0624802525911,0.1428780610690,0.2838447358222,0.1038831963815,0.0744791676340,-0.0379735917018,0.3129593839860,-0.2004252223495,0.0480027989565,0.0291592238980,0.0384134752780,-0.0965882745255,-0.0996529463088,0.0972378450480,0.0763783229959,0.0757014400540,0.1456187995796,-0.0239710547611,-0.0438810632269,0.2048134385790,0.2514848746099
0.5148534608095,0.4506375250099,0.5046690144052,1.0000000000000,0.3690152475422,0.5693980195871,0.8506519783713,0.0190885632618,-0.0202545324399,0.3351237743077,0.3445370371869,0.1951751300092,0.3506267863948,0.3621234310282,0.7178988723817,0.5143155841495,0.5393920379896,0.3543864884042,0.1910487698610,0.0523552551538,0.5678504774798,-0.0876907790093,-0.0071169166722,0.1777563870458,-0.0465200948841,0.1774312315466,0.1133375286405,-0.2967875068121,-0.2898118758323,-0.0847650487764,0.4229877255547,0.1130714670783,0.2885793154299,0.0290996377618,0.5398157196209,0.2895744564860,0.2037465692964,0.0508269139919,0.2726447439058,-0.0389804122754,-0.0332418041004,0.2862475501522,0.4211734494493,-0.0383715852346,-0.0131145850574,-0.0950373327424,-0.1319406843522,0.4171104473606,0.0450672033678,0.5802623480513,0.2556725215414,0.3378568029280,0.6730534550920,0.4885363546933,0.4999252856029,0.7256526530132,0.0785362949714,-0.1991820367113,-0.0515219009662,-0.0869325999175,0.0433566126456,0.2394871065940,-0.0004383712245,0.1752058429568,0.1544351107289,0.3711401572079,0.3114398593604,0.2609013632422,-0.0222110603622,0.0544781158804,0.2899976168254,-0.1354294881371,0.0961271043548,-0.0878282280341,0.2677269965136,0.0735577205027,0.1895158654898,-0.2713474323216,-0.2110203471677,0.2261717053382,0.0946431045398,0.2724742405200,-0.1722325116120,0.1653679066945,-0.0812624533774,0.1424858962864,0.1095226322325,0.2639040045092,0.2617260591868,0.0879807134847,0.2246339302506,-0.0754816493652,0.1098047290925,-0.0917252232506,-0.1161408365934,0.2529899742354,-0.2153176759023,-0.0816393027272,0.0070308079239,0.2742621153512
0.7660924160096,0.3481536678826,0.4923575773726,0.3690152475422,1.0000000000000,0.4960487542654,0.2985795523952,-0.0368307311145,0.0474424721060,0.2463258817440,0.3315134159296,0.2998289449929,0.1478965863401,0.5061250620180,0.3265005554442,0.0735237140661,0.1300108080592,0.0939558803382,0.0875796172265,-0.0247037185011,0.0935912155149,0.2557813357033,0.2316139686732,0.0387986189761,-0.1388276766261,-0.0944882728168,-0.1394854181680,-0.1791623134269,-0.1423159406835,-0.1989346769578,-0.0578133156193,-0.0464284029144,0.0513016464793,-0.0624236538213,0.1861746490156,-0.0707362110913,0.0234698779584,-0.1659822866757,0.0083743355611,-0.0627159277491,0.1305928584399,0.3188250961048,0.0734947361801,-0.2041180972440,-0.2148075953640,-0.0281501117297,-0.1790299181083,0.3495842433628,0.3606924346004,0.2888408463166,0.6822196413908,0.3243405977523,0.3735308955348,0.5691012689917,0.6472615442211,0.2847721532398,-0.0351759695509,-0.1260439742708,-0.0267312224299,-0.0169619918285,0.2116794475366,0.3376390545988,0.2419411229793,0.0317976894198,0.3147446574404,0.0590720946900,0.0641502424847,0.1866901740362,-0.0052255275084,-0.1711311940165,0.2852171164141,0.3502339303032,0.0006957175302,-0.1120743704719,-0.0014008241477,-0.0243229067320,-0.2125670613343,-0.0609141720844,-0.1066110117941,0.1051838520447,0.2652005476599,0.0924206195904,-0.0935675907872,-0.1164866756682,-0.2345697945031,-0.0104253993476,0.0587718820230,0.0542438348369,-0.0235194098339,-0.2281393660065,0.0659501754922,-0.0930029845775,-0.1846575909635,0.0528569565662,0.0383815730867,0.2970688022992,0.0148908472745,0.3012791641359,0.2843977903160,0.1811018296192
0.5006212886573,0.4662579457853,0.7657506856335,0.5693980195871,0.4960487542654,1.0000000000000,0.4996352940976,-0.0013645035293,-0.0490177031713,0.4980419829870,0.5334504680341,0.4109479060471,0.1817266522593,0.4356493079048,0.5761018180065,0.2880935798819,0.3731973624467,0.2805413417763,0.0366624627727,0.0914417343603,0.4137082890761,0.0607538156925,0.0853322662706,0.1499658979953,0.0269477920593,0.0732423673987,0.0762078679313,-0.2248555537576,-0.3510832233843,-0.1219025960310,0.3206020873228,0.0908399654955,0.2594471376106,0.0613949557761,0.2599696096984,0.1955625801234,0.1460939873747,-0.0193513520159,0.0529838903124,-0.1795317264453,-0.0666201920395,0.3577882504536,0.1942014431881,-0.1788667994632,0.0119468334456,-0.0559644363570,-0.1410125191184,0.5572663208312,0.1575332720484,0.6952146706257,0.3026193422355,0.3342108648785,0.2905692432887,0.8206892924521,0.6539075001742,0.2328947971452,-0.0185098302483,-0.1797662516722,-0.0380675094308,-0.0906864153024,0.2511962763898,0.4370244663042,0.1942377130602,0.0707607742224,0.0548732780005,0.2972752065477,0.1889683818864,0.1525690943529,-0.0990380024249,0.0931533457252,0.3503597355864,0.1574455736168,0.1023869723067,0.0208238138185,0.3039138605327,0.0843003173664,0.1080640644374,-0.1776074969216,-0.2974497181808,0.2194133502677,0.2593186195727,0.3026569895258,-0.0735522733451,0.0752546113778,-0.0677719998683,0.1702485745831,0.0726987427011,0.1821006589540,0.2091391630250,0.0880283672009,0.1093112633890,-0.0653558246859,0.0449817004257,-0.0231904597373,0.0458446800926,0.4356728935432,-0.1738496462606,0.0201822681705,0.1860597188837,0.4645506940227
0.3791670885235,0.3145034839395,0.3739081329447,0.8506519783713,0.2985795523952,0.4996352940976,1.0000000000000,0.1414281984219,0.0685837099203,0.2330550774289,0.2773348308993,0.1158231238254,0.3952916618716,0.1951910483178,0.5474715773155,0.4684852480564,0.4699509179294,0.3409666562841,0.2443695801706,0.0772432112043,0.5683998794473,-0.1332703225599,-0.1080677715300,0.2955524348162,0.0179017572498,0.1024160251002,0.1529922072262,-0.2463805774976,-0.2556086811435,-0.1070717729311,0.4473972143360,-0.0042789448344,0.1686324907493,-0.0188779120112,0.6366303967766,0.2992510381438,0.4043591282573,0.1797054808359,0.4969171049337,0.0348836244869,-0.0194227119832,0.2421503606947,0.4400676307402,0.0843720700648,0.0291417552645,-0.1075084721827,-0.1032359398591,0.4906697065273,0.0202122351007,0.4776628435318,0.2081343825869,0.2354911418004,0.5713596696691,0.4022400401758,0.5941374458655,0.7727440596971,0.2574018965907,-0.0638236053504,0.0410319318907,0.0134191624480,-0.0067870533351,0.1657939212453,-0.0363214057284,0.2578006173746,0.0580710276367,0.3080773067675,0.2760788025655,0.3225833963649,0.0991560738237,0.0378040744437,0.2124330075244,-0.2226227514490,0.2645728741935,0.0392637885669,0.2760426258985,0.0085224945062,0.1863302126383,-0.2255244993277,-0.1784803681833,0.2092521210972,-0.0007459605313,0.2041946329817,-0.1638534326108,0.1536026766265,-0.0846697941361,0.0772944966572,0.3060205182801,0.3847990039849,0.4070836830478,0.2558382819256,0.4244151153314,0.0021222883343,0.2520479017805,-0.0534756620981,-0.0597298131832,0.3334932124994,-0.1929793247209,-0.0314358040054,0.0486766665059,0.2946727623871
-0.0627330836261,-0.1378563700814,-0.1086199671982,0.0190885632618,-0.0368307311145,-0.0013645035293,0.1414281984219,1.0000000000000,0.6731896887675,0.1825824756448,0.2888044360765,0.3774848658250,0.4080084594185,-0.2209160248467,-0.0822571249504,0.1843243667558,0.1542798282044,0.3320154063126,0.6477992086004,0.5564804549820,0.1357543554636,0.1259619125616,0.1813512464240,0.4563989492934,0.4285194423147,0.2016515626817,0.3345139898858,0.1026545790775,0.0099985293994,-0.1788310381389,0.1686671941893,0.0123091844603,0.2422049941790,-0.1508113530686,0.0866829652304,0.2327349166447,0.2365591038256,0.3236188532040,0.0481687993433,-0.0378049275248,0.0292558685557,-0.2346785187993,0.0430449055736,0.1674657770927,0.2039700323617,0.1303176701337,0.0742599438068,-0.0145933428642,-0.1472889868098,-0.0660918134623,0.1526183622603,0.0432747299381,0.1356861699067,0.0546195153319,0.1577091508793,0.0685258030231,0.4131523675234,0.6203979457178,0.7530068591310,0.6954142541487,0.0733858324759,0.2950738723181,0.1439698288964,0.2227888095234,0.0773043766877,-0.2145274733381,0.3425163682992,0.4137395250244,0.5537833109872,0.3240066699503,0.2933437438013,0.0597394013666,0.5462655191454,0.5042219343709,0.1971224592028,-0.0794239612598,0.1356656812292,0.0229195832524,-0.0567575876411,0.3967080209538,0.0101267571983,0.1484879703749,-0.2452951616714,-0.1187426170768,0.0154669178311,-0.2634226330367,0.1867845827584,0.0637443154054,-0.0159965267943,0.2193089121535,0.0195409656550,-0.1898445489403,0.1822496997779,0.0501186832091,0.0509316432825,0.0521532864738,-0.1194444303795,0.1334097900522,-0.0925927236238,0.1239956750337
0.0029467279422,-0.2970993805913,-0.2142060983923,-0.0202545324399,0.0474424721060,-0.0490177031713,0.0685837099203,0.6731896887675,1.0000000000000,0.1344811500052,0.3346938488621,0.3348507733620,0.4395848340852,-0.2591837614868,-0.1517643403033,0.1590950496665,0.0489967449003,0.1582270201078,0.7874942041542,0.7195041565447,0.0749375560559,0.1307429076288,0.3329521103199,0.5933182289266,0.4497559610342,0.2237271372541,0.4770272119083,-0.0241692898434,-0.0249010051655,-0.2962057768434,0.0862061382246,0.1718164450496,0.3209118799678,-0.0252943861221,0.0999918087255,0.3712636185369,0.3317144438277,0.5353533564388,0.1103935186693,0.1284090919567,-0.0579812607014,-0.2306492187474,0.2394009441837,0.0850076178942,0.0737066976965,0.0327814724218,0.0944356989482,0.0728243437893,-0.1663936783587,-0.0805116856181,0.3420345750290,0.1346402559737,0.1334670547842,0.0524947257695,0.1726790226804,0.0359812430272,0.2978981787871,0.4163878155617,0.6642307231895,0.8576228901499,-0.1060788585941,0.4190910934003,0.1116259332218,0.0479928144925,0.1199297610639,-0.2414235449363,0.3831663349271,0.3587853258024,0.7449832922988,0.3362069460562,0.2653053835831,0.1440745819715,0.5885503187374,0.5151991625565,0.1554543630716,0.0288079232053,0.1510886900168,-0.0995129104293,-0.1154968293136,0.3466831284575,0.1502118302261,-0.0428009146662,-0.3874046920805,-0.1385066986083,0.0332265915848,-0.3254435659998,0.2376098741170,0.1700815226770,0.0268237900081,0.2199275391279,0.1075833282136,-0.0555030129984,0.0859962064694,-0.0816561412744,-0.0490424123752,0.1966040745502,-0.2629164666823,0.1572720579537,-0.1502507888421,0.0678436548914
0.3164665454075,0.3372932880318,0.4244773353545,0.3351237743077,0.2463258817440,0.4980419829870,0.2330550774289,0.1825824756448,0.1344811500052,1.0000000000000,0.5594954118647,0.7527027467082,0.4980136784297,0.3801488568420,0.5008267819297,0.0217227550524,0.2286844754420,0.0956169242810,0.0985083199125,0.0325862672026,0.2576204831665,0.4863193467116,0.2891123125095,0.1707851573202,0.1076241997692,0.0986042125768,0.1436683971310,-0.1609146476571,-0.1234211680473,-0.0464012188580,0.0860863557512,0.1691208463919,0.3109633873952,-0.0470489135172,0.0121719417783,-0.0015004289668,0.1568077091824,-0.1202010632156,-0.0990806492084,-0.0405735110198,0.1004587590947,0.2687932969719,-0.0404941788792,-0.1194434146823,-0.1658151048789,0.0420514753027,0.0348713001561,0.1206127354400,0.1528871257974,0.5289458951671,0.2165238361777,0.3113134385610,0.1502229076461,0.3998994398510,0.3271940222217,0.0693114138997,0.2489947192909,0.1379768221962,0.1249887308010,0.1744554336173,0.5893570598409,0.4996121336731,0.4456843768532,0.2814913314960,0.2347176405113,-0.0229385083932,0.1004486683190,0.2107201415381,0.0535653817748,0.0319143554521,0.4461946401170,0.4069572787945,0.2160502274825,0.1779836424884,0.1415574467485,-0.0612570180167,0.0071871625631,-0.1817354142575,-0.0959990813326,0.1786326212217,0.2290332608288,0.3307216446554,-0.2043275519872,-0.1275774882754,-0.1857424058922,0.0521605832560,0.0606057441218,-0.0393961994984,-0.0553013240469,-0.1147691020392,-0.0348456894277,0.0269315558986,-0.0045046539455,0.0421187008669,0.0575452748274,0.0597320282999,-0.0422770654699,0.0516468116220,0.1849069589471,0.3748522922368
0.2257163496544,0.0357868666136,0.2756635787969,0.3445370371869,0.3315134159296,0.5334504680341,0.2773348308993,0.2888044360765,0.3346938488621,0.5594954118647,1.0000000000000,0.7158623072546,0.4995930663324,0.0357716525279,0.2540451715534,0.1210274378058,0.3201731019218,0.2221608485808,0.3410860455795,0.2782139482459,0.3400412146796,0.3528561271254,0.4987540368141,0.2430080317720,0.1721621521485,0.1800284168135,0.2819021925866,-0.1697864629298,-0.0402533857904,-0.2270916296240,0.1500771333325,0.2124295966352,0.4149567012531,-0.2250691684688,0.0563608734696,0.1180719568554,0.1936928594719,0.0649586094222,-0.0090897405079,-0.0897683365662,0.1550954100367,0.1075546779222,0.0709978138307,0.0253404850201,0.0656657263449,0.1765295716460,-0.0100789384354,0.4038655671395,0.0515656588687,0.4559014495415,0.1897767349422,0.0862018911768,0.2652393191897,0.4475559370712,0.4658191573015,0.1627806998537,0.2490199565824,0.0286031887181,0.2722189941641,0.1990831358388,0.2614214256467,0.7502890163313,0.3675829939604,0.3659215126532,-0.0744122229934,0.1219002335203,0.1751593982032,0.3267990727773,0.2260368625629,0.0325149113308,0.4741099179824,0.2145184643564,0.3294279655632,0.1687830898869,0.1981723540799,-0.0423171938475,0.2425656980679,-0.1244637972421,-0.0575190507819,0.2564912782155,0.1200192051689,0.3477758161142,-0.2836011187280,0.0005972225224,-0.1312405240034,-0.0899834009783,0.1707681693767,0.0118650947037,0.1883593080812,0.0164635870691,0.0747569940772,-0.0882740472900,0.1010138880554,0.0415491117575,-0.0331669073195,0.3481882998498,-0.0992513263468,0.0435440021674,0.0096670871662,0.4730544976485
0.2949733442236,0.1270284723287,0.2542871121929,0.1951751300092,0.2998289449929,0.4109479060471,0.1158231238254,0.3774848658250,0.3348507733620,0.7527027467082,0.7158623072546,1.0000000000000,0.5433499060673,0.1820983584690,0.2566577276550,-0.0798985508674,0.1956394642358,0.0871560986756,0.2819289103439,0.2079867002658,0.1816623304098,0.5427210745432,0.4443976681708,0.2186137927260,0.1636550208043,0.0998860920784,0.0990249460561,-0.0519942009415,0.0021258069472,-0.2050550886834,-0.0441660757065,0.0807559632955,0.2465968197754,-0.1493146882838,-0.0562158010013,-0.0423252575779,0.1826636643328,-0.0817441007322,-0.1237299765265,-0.1399307302392,0.1880507511590,0.0286660101618,-0.1952930227526,-0.0542269023814,-0.0977691180416,0.1445831478736,-0.0120008184764,0.1353336531250,0.0791653508330,0.3780173232994,0.2613651363069,0.1738711892920,0.2180907778568,0.3533641926215,0.3283873819409,0.0321650449145,0.3112759176413,0.1560827843888,0.3472089889994,0.3419949757171,0.5864570495274,0.6977310217498,0.6367759480039,0.4188353928442,0.1367826310338,-0.0048089731819,0.1478342069144,0.3218604444628,0.2629425782714,-0.0669615686879,0.6249623796264,0.5330938549622,0.3702410832238,0.2774533322946,0.1212898667838,-0.0804537646373,-0.0195979765958,0.0367540621910,-0.0039062279165,0.2055785203613,0.2730107970351,0.3984233855770,-0.2478649236814,-0.1960087802047,-0.3204070390417,-0.0976119062613,0.1564663571865,-0.0636845268284,0.0253997682997,-0.1140206691278,-0.0069976545040,-0.0747974344914,0.0129906459922,0.1328314585755,0.1262651480312,0.1392622848423,-0.0815902019728,0.1777433670468,0.1801745756316,0.4800027141499
0.1969624451966,-0.0462955371819,0.0575111648989,0.3506267863948,0.1478965863401,0.1817266522593,0.3952916618716,0.4080084594185,0.4395848340852,0.4980136784297,0.4995930663324,0.5433499060673,1.0000000000000,-0.0413978381156,0.1252822287304,0.1367428398826,0.3638957265140,0.2250941120278,0.3606866724283,0.2229345248587,0.2760251920360,0.2226537515654,0.3023740346119,0.4318198436424,0.1321161770415,0.2373646774480,0.4066808905559,-0.1270673179142,-0.0776695882762,-0.2407224124864,0.2139810973840,0.1578237189491,0.5149562642626,-0.0428458807010,0.1677743535646,0.0695613871739,0.4145098615678,0.2391365136486,0.1991767836145,0.0951943922317,0.0414258198455,-0.0737786701466,0.2003901875092,-0.0046966545239,-0.0598746816453,-0.0072112116195,0.0035154146578,0.1703689230754,-0.0346047631868,0.1363502699999,0.3598759187288,0.2826942386130,0.2933914226892,0.2407086861452,0.3397262595967,0.2507614113361,0.4517963793938,0.2627472262757,0.2719607511024,0.3346996241739,0.1836627513674,0.4931564056072,0.4131023755857,0.5834739500011,0.2217466354107,-0.1557001710496,0.1664006624889,0.5240467217649,0.2502123261603,0.0569741692294,0.4339228439972,0.1891995105923,0.3956095443182,0.2094466692012,0.1525393639802,0.0033600664897,0.0705202436366,-0.1501424757603,-0.0675509097516,0.3404314374227,0.1274281245041,0.2138316768148,-0.3748926806024,-0.1851702211790,-0.0744265327601,-0.1822649653368,0.2728622788182,0.1097370162789,0.0487105972515,0.0264883064874,0.1899336987571,-0.0519469140335,0.0469690860236,-0.0120104337380,-0.0522251667355,0.2043245649146,-0.2113675929923,0.2346998712422,-0.0433238693872,0.2091889704378
0.6793193503285,0.7397277225703,0.6465738639763,0.3621234310282,0.5061250620180,0.4356493079048,0.1951910483178,-0.2209160248467,-0.2591837614868,0.3801488568420,0.0357716525279,0.1820983584690,-0.0413978381156,1.0000000000000,0.5534221313982,0.1941550943892,0.2469805935191,0.1526176533642,-0.1264696454055,-0.1561072654475,0.2400613640140,0.2587173061261,0.0567189335530,-0.0852519911348,-0.0976316618005,0.1155492041569,-0.1324030125598,-0.1168807032265,-0.1781522567491,0.3744247155821,0.1322286069345,0.1172979169904,0.0073094969863,0.0709191683226,0.1909303449650,0.0669906616741,-0.0992434825364,-0.2229635603969,-0.1844284515630,-0.2469377891568,0.0836007244783,0.6223897805089,-0.0199932400974,-0.2171881983152,-0.0554225963391,0.0000605125943,0.0313956700947,0.0873066260185,0.3862732117618,0.4738282882292,0.3222320319938,0.4424224088597,0.1016671440047,0.3432371206031,0.2088055321592,0.0947936175611,-0.2206705544123,-0.2204682678561,-0.2994703092823,-0.1722366448950,0.2772553601145,0.0343719658231,0.0973331092797,-0.0860839293124,0.4647113604630,0.1548092624151,0.1343992596801,0.0555546833081,-0.2635694147755,0.0054802993118,0.2187028629295,0.3376147186181,-0.1736411126072,-0.0104274321398,0.1932326776733,0.1055386600914,-0.0969374579602,-0.0156915840682,0.0026982554150,0.1043478172710,0.3546385687940,0.2031170621931,0.3761041676765,0.0627286020675,0.0005291885135,0.4489748886254,-0.1882550786338,0.0589035448273,-0.0594052913859,-0.0456797049201,-0.1271027166743,-0.0857918334344,-0.0034752213014,0.2352937981783,0.1655223760601,0.0116159530000,0.2183720820919,0.1280366366419,0.4282142810001,0.1458173036855
0.4475244362727,0.6596921564330,0.5396813949244,0.7178988723817,0.3265005554442,0.5761018180065,0.5474715773155,-0.0822571249504,-0.1517643403033,0.5008267819297,0.2540451715534,0.2566577276550,0.1252822287304,0.5534221313982,1.0000000000000,0.2567170961958,0.2779413687668,0.1660471186449,-0.0843130984266,-0.1967255201850,0.4351007689041,0.0864232580720,-0.1133950476895,0.1237343328936,-0.2457431795886,0.0053720427999,-0.0429451894469,-0.1807094366858,-0.1536376162987,0.1804427360914,0.2275009036649,-0.0376740865173,0.0439520445509,0.0604261806439,0.4109600407490,0.1455323266057,0.1086605497378,-0.1502696751978,0.1642779720412,-0.0671121365645,-0.1053925411084,0.3543358720023,0.2996647710331,-0.2212367018601,-0.2603445397186,-0.2697799664194,-0.1625692370168,0.3598037241477,0.2672270285751,0.7049315967849,0.2706574942302,0.4637434195264,0.3725925358844,0.4308535995382,0.3676974712354,0.2933366716574,-0.1549414410962,-0.1207125644377,-0.1610463724411,-0.1831831735731,0.1459025933003,0.2053528978529,0.0776855587156,-0.0720165282375,0.4016919026656,0.2200585716753,0.0565152769495,0.0585279648747,-0.2489532107412,-0.0676723214585,0.2338017885286,0.0252731229164,-0.0600968789236,-0.1713330934673,0.0418800208494,0.1190503744524,-0.0990542299106,-0.2012985873806,-0.0847985578825,0.0085981728564,0.1802815017536,0.0709718597652,-0.0139327375394,-0.0926306256086,-0.0487824146444,0.1325934714279,0.0149515083375,0.1815374043859,0.0428436394322,-0.0401267584658,0.1613050160942,-0.0127953368902,-0.0340004036399,-0.0865097030165,-0.0754450935078,0.2300916291841,0.0969011000982,-0.0423333497676,0.1158693011394,0.2188432267237
0.1646253844529,0.0606618889732,0.2469189180493,0.5143155841495,0.0735237140661,0.2880935798819,0.4684852480564,0.1843243667558,0.1590950496665,0.0217227550524,0.1210274378058,-0.0798985508674,0.1367428398826,0.1941550943892,0.2567170961958,1.0000000000000,0.6532949423262,0.6708010281279,0.4080337516680,0.4459168695837,0.5400459610859,-0.2024721367564,0.1515669751105,0.2765292789748,0.1292207932462,0.4366566807840,0.1845746936278,-0.3826065569284,-0.2519967024347,-0.0195279423275,0.7646382277381,0.4818238598642,0.3633978814508,0.1388377274458,0.6690747466113,0.8071269239726,0.0695808726507,0.2410424086002,0.1096984968183,-0.2895820306774,-0.2483142633112,0.1751390265265,0.5530337123502,-0.1467558548952,0.3364354608373,-0.1029207862216,-0.1003402800737,0.2221968604261,-0.1382063743637,0.2762238295151,-0.0957989203186,0.0105174042849,0.2854756924462,0.2817193675918,0.1630950692554,0.4610656179652,0.1276901794823,-0.0549078645674,0.1408927911636,0.1034494815252,-0.1978487904563,-0.0325196771415,-0.2604900480985,0.0224144898274,-0.1182667840702,0.4071538005047,0.7219677700732,0.1888440037920,0.1769404660663,0.6482136823475,0.1621209720017,-0.2793895020626,0.1696563226956,0.0482223267868,0.5478762158714,0.2432533007521,0.3562902927866,-0.4016893112189,-0.2257607095991,0.5649288066267,0.0609446484489,0.2431353251450,-0.1798721181521,0.5980496769676,0.2865728206567,0.2700256714508,0.0415651893411,0.5683823451777,0.2172920204932,0.3203322076191,0.0475374309413,-0.3360239051582,0.0647315138253,-0.2072895722087,-0.3689893614318,0.1558306770431,-0.3166532987338,-0.3408158034267,-0.3033774146169,0.0260746423801
0.1650821523320,0.0407103646196,0.2473340485936,0.5393920379896,0.1300108080592,0.3731973624467,0.4699509179294,0.1542798282044,0.0489967449003,0.2286844754420,0.3201731019218,0.1956394642358,0.3638957265140,0.2469805935191,0.2779413687668,0.6532949423262,1.0000000000000,0.8247104192432,0.2274216859845,0.3022151513969,0.7243742728493,0.0681047336416,0.3318338356021,0.3145287296849,0.0171234135926,0.4201274838538,0.3231530703267,-0.4559124190816,-0.3121922552203,-0.0691266773329,0.6985334530573,0.4000311811449,0.5775573413157,-0.0297718912908,0.4822518391203,0.4832979188803,0.2091657925176,0.1185140286777,-0.0051129892870,-0.3740867778808,-0.2399851223387,0.1122467391558,0.3660821627901,-0.2690695555334,0.2196515685168,-0.1050122689161,-0.2192338826999,0.2224798988323,-0.0318475060246,0.3480621250417,-0.0268350113086,0.0243384537990,0.1625881858259,0.3040601342791,0.2695582426998,0.3070636474609,0.2040161675359,-0.0492717006386,0.0916290842307,0.0031384150093,-0.0100961935523,0.2086580156298,-0.0663559157372,0.2000785429302,-0.0971730172011,0.3729539624825,0.5081888164335,0.5536266248327,-0.0299826077235,0.4736324462624,0.5491427785011,0.0137669892106,0.2371947831264,0.0844051133051,0.6380304663518,0.2720061462560,0.4008871648114,-0.3979889409525,-0.2509425529440,0.7310597546938,0.2265626212409,0.4244038692055,-0.2065172083320,0.3497821945231,0.2870799787523,0.1467657490711,0.1576315825146,0.3918264935201,0.2233301978583,0.2483879186240,0.0774582213168,-0.2963772648880,0.0539580249565,-0.1272687569955,-0.2883760450379,0.2200126848791,-0.1988642498700,-0.1762379387681,-0.2068708411814,0.2701926659650
0.0684987602891,0.0016833351735,0.1790188492448,0.3543864884042,0.0939558803382,0.2805413417763,0.3409666562841,0.3320154063126,0.1582270201078,0.0956169242810,0.2221608485808,0.0871560986756,0.2250941120278,0.1526176533642,0.1660471186449,0.6708010281279,0.8247104192432,1.0000000000000,0.3003722136250,0.4300079875025,0.5929534581281,0.0107696934350,0.2759941803744,0.4593031371304,0.0858483441948,0.3568058776523,0.2833292446483,-0.3336605602008,-0.2157959549112,-0.0683005220049,0.6724006303265,0.3266377337053,0.4503315914847,-0.1244345780292,0.4369694430937,0.4787527467910,0.1515120059978,0.1490245852595,-0.0147845015662,-0.3338348339308,-0.2736006079360,0.0250805099063,0.3642507896230,-0.2187792021098,0.2113520255178,-0.1290705352940,-0.1886368109917,0.2094289954100,-0.0864207081660,0.2376794002055,-0.0092370707164,0.0305554657335,0.0806941269253,0.2491169437284,0.1997290710836,0.2048511388949,0.2269054758773,0.1472526417250,0.2608031672230,0.0989013944704,-0.1065884111400,0.1713336693728,-0.1242693090707,0.0673777356362,-0.0296007841967,0.2197360912319,0.5480575418448,0.5567061777358,0.0409672369411,0.5486624668100,0.4195252285150,-0.0183944811503,0.4173329660698,0.1222519409641,0.5452253415556,0.2868772711563,0.2967929271489,-0.3249250961324,-0.1933962000923,0.7865219832427,0.2130765897413,0.2660734547584,-0.1939041710891,0.2746493908369,0.3299825668504,-0.0369097526566,0.1143328673757,0.3661000541819,0.0965696377317,0.2463689295330,0.0423547638560,-0.3441773503336,0.0192973491705,-0.1770485280568,-0.2579342107779,0.2100066170086,-0.1718965428265,-0.2176277540676,-0.2337785674665,0.1590051683922
0.1202733658511,-0.1773289804582,-0.1106062372652,0.1910487698610,0.0875796172265,0.0366624627727,0.2443695801706,0.6477992086004,0.7874942041542,0.0985083199125,0.3410860455795,0.2819289103439,0.3606866724283,-0.1264696454055,-0.0843130984266,0.4080337516680,0.2274216859845,0.3003722136250,1.0000000000000,0.7464151199273,0.1953632389562,0.1254189687700,0.2938930804423,0.4455667769290,0.4681244273677,0.2956999781335,0.3048558939047,-0.0431434267734,-0.0569205583976,-0.2111033034075,0.2694670526339,0.2207875670176,0.2929603123711,-0.1369040463229,0.1985304950921,0.5431892719026,0.2655085795266,0.4328721788083,0.1091253132295,-0.0227959244565,0.1004910339740,-0.0898073415728,0.1658997142393,0.1602842814747,0.2681290151703,0.1850109348306,0.1036055826970,0.1018936405149,-0.1631642382243,0.0014899044093,0.1885185823989,-0.0138486906845,0.3143900259065,0.0388541952530,0.2242617147730,0.2728692247949,0.2911326741442,0.1626165201860,0.5393779819532,0.7053755620002,-0.0372508154786,0.3424787269196,0.0505570530909,0.1657290433604,-0.0240941291583,0.0291817181915,0.6258392409914,0.3636699840699,0.7978809801325,0.3488384804411,0.2884076459682,0.0702635338635,0.5083374315931,0.4511747896968,0.2995139082370,-0.0235548576136,0.2256100775347,-0.0438768486543,-0.0555381526179,0.4056559410269,0.0634271643942,0.2077997210871,-0.2007566419313,0.1589676669578,-0.0405760889291,-0.0951929948611,0.1936443991389,0.2210584588564,0.1842760429818,0.2484289392492,0.1178006092369,-0.1216904620423,0.1887865662312,0.0626391506183,-0.0012634470072,0.1232268544814,-0.2105289232438,0.0863369211177,-0.0781654812329,0.1770503344253
0.0050576716594,-0.2803547305549,-0.0572115563265,0.0523552551538,-0.0247037185011,0.0914417343603,0.0772432112043,0.5564804549820,0.7195041565447,0.0325862672026,0.2782139482459,0.2079867002658,0.2229345248587,-0.1561072654475,-0.1967255201850,0.4459168695837,0.3022151513969,0.4300079875025,0.7464151199273,1.0000000000000,0.1863198637483,0.0063027981346,0.3155808176422,0.4423958774867,0.6486786635907,0.4209612611836,0.4463393600523,-0.0287130288749,-0.1368623677375,-0.2487937202235,0.3292916410002,0.3787316954402,0.4259723753794,-0.0279290612801,0.1866010977668,0.6051698010262,0.1159617324016,0.5871537234678,-0.0738843189201,-0.1034724363862,-0.0126143046346,-0.1134256383181,0.1503059155093,0.1719112562396,0.4621889277929,0.1957842919078,0.1425522626194,0.0686220202746,-0.2467482913912,0.0054953976202,0.0546381230457,-0.0837102750937,0.1481921808504,0.0984285178867,0.1137828093462,0.1247481908466,0.2506153537778,0.1809243244831,0.5370058720333,0.6651842551562,-0.1439983512147,0.2609890824894,-0.0409103684382,0.0346524126881,-0.1604813342313,0.1369474157516,0.6618043266140,0.3127312009826,0.6174017553378,0.6557254216259,0.2561874902245,-0.0038954397940,0.5258952921288,0.5827838519702,0.4126059374647,0.0112304276798,0.4239749667577,-0.0556002934598,-0.1718906338921,0.5308638261646,0.0770596565300,0.2682880518534,-0.2584499652522,0.2714224068623,0.1375429040345,-0.0327185985471,0.0577059063580,0.2544607329532,0.1860330946685,0.4352787704485,-0.0313026889433,-0.1649514222766,0.2348629579275,0.0008183749865,-0.0476711337153,0.1525365139435,-0.3028758741268,-0.0760585216278,-0.1991634542335,0.1921310624880
0.1471125727466,0.1688396141021,0.2717059856311,0.5678504774798,0.0935912155149,0.4137082890761,0.5683998794473,0.1357543554636,0.0749375560559,0.2576204831665,0.3400412146796,0.1816623304098,0.2760251920360,0.2400613640140,0.4351007689041,0.5400459610859,0.7243742728493,0.5929534581281,0.1953632389562,0.1863198637483,1.0000000000000,0.0526243543853,0.1284461131686,0.3597263788361,0.0369600126490,0.2690547147466,0.2750130461168,-0.4022215183936,-0.2774990799154,0.0687016032000,0.6582651447886,0.1660469483801,0.3183159792820,-0.0822623833915,0.5420209953641,0.4380097509933,0.3989242882253,0.2498425446580,0.2542338288849,-0.2877967438224,-0.2099552151594,0.3361688625880,0.4980194587790,-0.1047187413848,0.1665836157746,-0.1506042387249,-0.0994332711960,0.3126205721992,0.0199456544338,0.6244476400226,-0.0282926004179,0.1148212084684,0.0809103269359,0.2928321392133,0.2517144466514,0.2479725577987,0.2710860707624,-0.0450884265531,-0.0025935089946,0.0003481683451,-0.0716854198296,0.1867587182237,-0.1336638782492,0.1054512347992,-0.0818026816374,0.2905194603738,0.3015837116201,0.3917358324208,-0.0495506986561,0.2996758658249,0.4721758045022,-0.0742850509778,0.2812926661566,0.1877576206576,0.6192028453884,0.2004560094178,0.3828160970114,-0.3314066901217,-0.2046789317299,0.4693958937091,0.2051013541468,0.3174950431170,-0.1195960560563,0.2418895824497,0.2572109803009,0.1856653169028,0.3048873930838,0.4329955305212,0.4281942659832,0.4250708108463,0.2566127897015,-0.1251098276781,0.2828916370759,-0.0135606533563,-0.1471454958049,0.2423632419963,-0.1455847257047,-0.1321181900893,-0.0500343872309,0.4249192464694
0.1694570619792,0.1758073021483,0.1196629622912,-0.0876907790093,0.2557813357033,0.0607538156925,-0.1332703225599,0.1259619125616,0.1307429076288,0.4863193467116,0.3528561271254,0.5427210745432,0.2226537515654,0.2587173061261,0.0864232580720,-0.2024721367564,0.0681047336416,0.0107696934350,0.1254189687700,0.0063027981346,0.0526243543853,1.0000000000000,0.4515959298733,0.0029392888972,0.0311948859036,0.1086373323614,0.1226358047770,0.0352782586980,0.2419360040581,0.2232615195127,-0.1294982097289,0.1044674133956,0.1200069584715,-0.0542205989338,-0.1486746920990,-0.1127771986306,0.0321591876741,-0.1383943645938,-0.2075686968797,0.0212139261316,0.3165125503627,0.1444270320594,-0.2846793817887,-0.0301470528866,-0.0681914842912,0.3378601489681,0.2016541537690,-0.0581238453649,0.4026975330339,0.0565374734435,0.1910108905151,0.1269188873102,-0.0882945536081,0.0495275071586,0.1541385050593,-0.1629581560979,0.1413490913254,0.0892609256768,0.0398443054378,0.1221837285577,0.3124647722263,0.2691319866045,0.2090226008173,0.1499344700468,0.2108046680685,-0.1113916936298,0.0678322829047,0.2002295793961,0.0906106793756,-0.1071226339806,0.3266934810321,0.4983187875341,0.1008031437028,0.1806028517991,0.0545298553769,-0.1371482658796,-0.0358918364999,0.0953405317360,0.2387063849664,0.1330547705021,0.0938693978470,0.2388354698058,0.0448203553254,-0.1587900373253,-0.1382207521513,0.0462146726893,-0.0048116240119,-0.1473595645863,-0.1501135006274,-0.1333398591381,-0.1131079372467,0.1238789027131,0.0310656613446,0.3662495969702,0.0729605131143,-0.0290089299325,0.4131736866816,0.2313409970346,0.1377899692960,0.0978574499256
0.0951887459841,-0.1744108886198,-0.0052580206464,-0.0071169166722,0.2316139686732,0.0853322662706,-0.1080677715300,0.1813512464240,0.3329521103199,0.2891123125095,0.4987540368141,0.4443976681708,0.3023740346119,0.0567189335530,-0.1133950476895,0.1515669751105,0.3318338356021,0.2759941803744,0.2938930804423,0.3155808176422,0.1284461131686,0.4515959298733,1.0000000000000,0.1849477982811,0.0691235274053,0.4781119612720,0.3472426025013,-0.3125723230274,0.1025332441614,-0.0874723731632,0.0713779062714,0.5636925399857,0.5048085366894,-0.1544998043336,-0.0359553268410,0.1678346765344,0.0452392374115,0.0546441083126,-0.2778947046121,-0.0553937986857,0.0810243955209,0.0484925201759,0.0325050701022,-0.1741243002191,0.0055469756337,0.2627959694054,0.0552636923559,0.0549061071072,0.0697514805570,-0.0059343339503,0.0932659119402,-0.0395053492652,-0.0044312204279,0.1065836452015,0.1196763088773,-0.0589924004781,0.1992085082114,0.1001365396540,0.1974036069694,0.1759322531048,-0.0023164435936,0.3171084746410,0.0698340502762,0.0773324045763,-0.0180361996950,-0.0346500147788,0.2565182558231,0.2607409581391,0.1407804117530,0.2615282063257,0.3608866830161,0.3426693071554,0.1820734404011,0.0973174849405,0.1957637234786,0.1153526529884,0.2052329269544,-0.2983576321493,0.0687239437279,0.4142601648247,0.2366343314961,0.1698975172414,-0.3381075633252,0.0535768672805,-0.0209642891646,-0.0935161359258,0.0874922531013,0.0135288286168,-0.1250492181075,-0.1364700885636,-0.1607531197382,-0.0906505537542,-0.1380602168545,-0.0588127281129,-0.3389807927326,0.1043806070931,-0.0173873852418,-0.0634497995336,-0.1785814240417,-0.0125128225249
0.0273809538401,-0.1292964170016,-0.0773516808033,0.1777563870458,0.0387986189761,0.1499658979953,0.2955524348162,0.4563989492934,0.5933182289266,0.1707851573202,0.2430080317720,0.2186137927260,0.4318198436424,-0.0852519911348,0.1237343328936,0.2765292789748,0.3145287296849,0.4593031371304,0.4455667769290,0.4423958774867,0.3597263788361,0.0029392888972,0.1849477982811,1.0000000000000,0.0215040774194,0.0524281932442,0.4845989955125,-0.1376157488476,-0.1517786000694,-0.2121075584434,0.4655107896418,0.0152189564038,0.2848286690466,0.0241874350682,0.3790965123942,0.4127071590805,0.6073422962780,0.4998250067109,0.3562353823164,0.1246376743993,-0.2618516290335,-0.1037527506016,0.5865749135455,-0.2189476173564,-0.1500064618907,-0.2524813789144,-0.1664092780139,0.3533165322056,0.0288378940216,0.1049076955589,0.3999545728133,0.2955999969995,0.0201365021241,0.1176517149478,0.2698248002669,0.0079345234226,0.2837081142827,0.3743286143269,0.4195119222012,0.3887228704780,-0.1414767845082,0.3785693774184,0.0273434159156,-0.1450265540491,0.2428656038986,-0.1988604439506,0.2587084880139,0.5385487129053,0.2867785725102,0.3004402325963,0.3017899014871,0.1716612957376,0.7696672641857,0.2320053221465,0.2642114040734,0.0765959099550,0.0743354870866,-0.2006888315865,-0.1844552048495,0.5027270212502,0.2835221293830,-0.2383720841043,-0.3203547499482,-0.2075147440608,0.0927531127906,-0.3662657852017,0.4392119305930,0.4265318363912,0.0850273503104,0.2524313242318,0.3680200160445,0.0344293110264,-0.0692166661502,-0.2360979614534,-0.1626263756415,0.4404033215213,-0.2321075015343,0.2067558921512,-0.0494200916210,0.0853352082423
