1.0000000000000,0.6490244824447,0.6416757682735,0.6097194983087,0.5548537839752,0.2376561325856,0.2985048565222,0.1510198044618,0.0888997068653,0.0824102143640,0.0947826872105,0.1083003836336,0.1742559942548,0.6230296622935,0.1984808155811,0.4037779338804,0.2047185227415,0.2364083990598,0.3100360412688,0.1881236645939,-0.0482366321122,-0.0203582962263,0.1527534795551,-0.0547706518013,0.1653967645035,-0.0288045359440,0.0625666411789,0.1114273160312,-0.0065234872066,-0.0282402908015,0.0298387370442,0.0836985765571,0.1785986999621,0.1480425204023,0.1368975941175,0.2612668771470,0.1573350772356,-0.0290941300380,0.2379441638208,0.0197196897429,0.0878087193340,0.0459352523159,-0.0969603007766,0.0506702281373,-0.0635129113427,-0.0169593132037,0.2287995771103,0.3351830531244,0.2531313037687,0.0886768836642,0.6762869331005,0.7144987704081,0.4917110105211,0.2762326769738,0.1838250867648,0.2600403545553,0.0713419777026,0.1351466045327,0.2021382385101,0.0210230183245,0.0951283760117,-0.0074352549177,-0.0022757390271,0.1391568428313,0.3294375187399,-0.1697828339268,0.2717789580454,0.1743080717965,0.1064851836186,0.1101895934254,0.0457727398491,-0.0889653439900,-0.0484440927116,-0.0037047597738,-0.0444155565479,-0.2715835161745,-0.0078161592568,0.0458628355073,-0.0658039346434,0.1756474205222,-0.1881616857366,0.0558136766206,-0.1209515884789,-0.0270814840253,-0.0923519376297,-0.1053941528857,0.0074901830910,0.3035122490740,-0.1576556042861,-0.0455845547666,0.0909306279530,0.0057636812205,-0.0728555505519,-0.1164483338577,-0.1771592068227,0.2490822798830,0.2752782064046,0.0225138349919,-0.0410703061662,-0.2634590043350
0.6490244824447,1.0000000000000,0.5886800393195,0.5415609879427,0.1974572354190,0.0885880994291,0.2284090298200,0.2407437300254,0.1365992287150,0.0489119257168,-0.1168802334615,-0.0347389647628,0.1213188082544,0.5954521107777,0.1652805560912,0.4623870673392,0.2043900083490,0.2327691410530,0.4409660304084,0.1857590409821,-0.1989753100876,-0.0849939779592,-0.1799798654377,-0.1187762905928,0.2086779220243,-0.3147229633150,-0.2262534637386,-0.1740761735184,-0.0374396122561,-0.0055203472723,0.0154837447499,-0.2663326050098,0.1112058735269,-0.0160712947223,-0.0545908098213,0.3676725547359,-0.1291053730967,-0.1686326697644,-0.0078477082475,-0.1611979496068,-0.0008226382172,-0.0309342528270,-0.1784304079872,-0.0245009362166,-0.1057026698529,-0.1730262978190,-0.0705222646912,-0.0134860572974,0.0650783497064,0.0518297128235,0.4805753172915,0.8908729318221,0.5098452483482,0.1299003321210,0.0843494811149,0.2192878701230,0.0561071480149,0.2137276625690,0.2918323162410,0.1123355841270,0.0807187430535,-0.0916588714720,-0.0107099819285,0.1293420893380,0.5002513067116,-0.1938048821528,0.4432148657808,0.1769726512271,0.2285843007697,0.0619945037525,-0.0477959623311,-0.2868230424513,-0.1210300444235,-0.1160867049156,-0.0424743223070,-0.3319650045230,-0.2109093740060,-0.0825552980379,0.0591712502657,0.1645932037296,-0.2101270037072,0.0272315426613,0.0698734095184,-0.0650856848867,-0.0851880485912,-0.1474224725543,-0.2241330552421,0.2378067461571,-0.1862932301162,-0.1479472197624,-0.0878147154394,-0.1452225198846,-0.1043108058036,-0.2163945022617,-0.0505438207407,-0.0150076108642,0.2957302974083,0.0156785369618,-0.1053238278928,-0.3582412836666
0.6416757682735,0.5886800393195,1.0000000000000,0.5704633291429,0.5747822199191,0.5729141626089,0.4162433758459,0.1901969602730,0.0203333742903,-0.0398595150159,-0.0939903810779,-0.0460328398863,0.0407260957327,0.2824045769812,0.1023948142199,0.3138781463956,0.1700805167271,0.1577998471962,0.2267642023000,0.1652230571993,-0.0975581083123,-0.0701302681735,0.0697616479159,-0.0659374266886,0.1921416187490,-0.0907900378005,0.0010244896203,-0.0310386128738,-0.0980577285460,-0.0026868071358,0.0376937524924,-0.0751003647549,0.0734114345054,0.0294682490461,0.1638434234968,0.1874688415768,0.1522905010052,-0.0267678521799,0.2807879037313,-0.0744474753832,-0.0137583040597,-0.0986399477457,-0.0449971484304,0.0100451605888,-0.0296814594748,-0.0385949572786,0.0671706701743,0.3003440711489,0.2363929160796,-0.0259265321455,0.5804943886291,0.7544095145005,0.4067958132025,0.6289584638251,0.3458620428003,0.3448517174924,0.1220223957589,0.0595177163885,0.1288986000661,-0.0442157800076,-0.0041439540740,-0.1344000685763,-0.0785442880452,-0.0262857992278,0.2162849407793,-0.1417282441722,0.2787223625452,0.1264202639326,0.0365460843957,0.0768638151980,-0.0108024352207,-0.0501930652781,-0.0165698247751,0.0440979024664,-0.0395879106284,-0.2267336643065,-0.0173220456606,-0.0351936654933,-0.1121967612345,0.1305225119793,-0.1800493947536,0.0259642821819,-0.0646747484872,-0.0297951009908,-0.0626213116380,-0.1087828984387,0.0449935612504,0.3052576336567,-0.1105457283813,-0.0954823933247,0.1318109396841,-0.1786011754384,-0.0855438370085,-0.1043576896077,-0.1191053582222,0.3029655923022,0.2436459337124,-0.0961144555850,-0.1160493640920,-0.2015402082385
0.6097194983087,0.5415609879427,0.5704633291429,1.0000000000000,0.6753806948124,0.4048491230123,0.6635895939394,0.2744605852369,0.2368711368851,0.0331824379007,-0.0203717316752,0.0144586538042,0.1902663482774,0.4620345017991,0.2708055989799,0.6343889935561,0.2624556312587,0.4056185357063,0.5827520087185,0.4034625548859,-0.0349999463803,-0.1939821317188,-0.0160593818263,0.1880134458210,0.1807040230459,-0.1288806535951,-0.1705543374636,-0.1095353684734,-0.0879111872581,-0.1719715340341,0.1267067317741,-0.0116240134482,0.2076366972552,-0.0932542194992,0.0626449228604,0.4708460090616,-0.0661272774642,-0.1543388841886,0.0543465579386,-0.2141331857223,0.0059791073349,0.0939277867399,-0.2875474845952,-0.1256712375189,-0.1524997873218,-0.3219273859919,-0.0174878429893,0.2765921560310,0.3317391116891,0.2067154841812,0.7156713971901,0.6445000325371,0.8151032198504,0.4517274827762,0.3968533055662,0.6343982273021,0.0495042051974,0.2290187298351,0.4522463398584,0.2166280044069,0.0294784718695,-0.0776667614041,-0.1298108074911,0.1803234711645,0.3832648754517,-0.2757984477057,0.5124777822370,0.3008465889564,0.4228493117663,0.3036698202357,0.0391664399627,-0.2403758503053,0.1051967055541,-0.1649854197634,-0.1033911981243,-0.2936915580271,-0.2387259686790,-0.0637731591634,-0.0647187736476,0.3155027229472,-0.2334675175038,0.0418952391982,-0.1967492472964,-0.2025510854402,-0.2472501840976,-0.2435762645643,-0.1558920431428,0.2321330982959,-0.3420362714941,-0.1381218322349,-0.0622015843861,-0.2591728964147,-0.2883220961052,-0.3345933065898,-0.3096608438800,0.2482407301898,0.2949091415276,-0.0827794006713,-0.1558950493072,-0.3636095238691
0.5548537839752,0.1974572354190,0.5747822199191,0.6753806948124,1.0000000000000,0.7265379870087,0.6367790123043,0.1891549220992,0.1010282573914,0.1230997280670,0.0739459449256,0.0731318345838,0.1068317446874,0.2664516450929,0.2769025518357,0.1939153295155,0.1486624459728,0.2135152824675,0.1810433890275,0.1648871095965,0.0256132066428,-0.1140015950695,0.1768012720699,0.1529594297047,0.0891157162837,0.0585686862888,0.0509369637149,0.1501252075141,0.0276374115403,-0.0088591389815,-0.0212612178111,0.0827482376245,0.0373901656022,0.0422099468424,0.1389190550140,0.1272735070392,0.2319092828503,0.0065636550387,0.2957234583689,0.0086463230731,0.1429020238567,0.2008022346363,-0.1251038101240,-0.0150702921760,-0.0669240884234,-0.0699094941309,0.1439118878618,0.5649494950278,0.5079190877652,0.1436369141178,0.7580803487161,0.3789602008795,0.4447550240022,0.6681326400799,0.6437427144688,0.5842479721425,0.0982935968445,0.1561799006586,0.1516507211893,0.0592340764139,0.1048148720375,0.0297748263335,-0.0486504116264,0.0577153621985,0.1234657698217,-0.1472049186470,0.0708047880270,0.2079565137760,0.1239555782881,0.1538816606793,0.0513823906498,-0.0744601697615,0.1231381452831,-0.0296173329293,-0.1538972676990,-0.2531744652741,-0.0215401577761,0.0522217121919,-0.0659493066938,0.0711413273513,-0.3026738511177,-0.1126822309535,-0.1526424571693,-0.1510556433312,-0.2616395208922,-0.2512183529718,0.1106306368664,0.1437529748381,-0.2413199466181,-0.1184267890506,0.1706936305862,-0.0896384718140,-0.1825223416721,-0.1193661048119,-0.2841259793778,0.4572510043815,0.3157851316001,0.0442823133207,-0.0113427430408,-0.1780402574617
0.2376561325856,0.0885880994291,0.5729141626089,0.4048491230123,0.7265379870087,1.0000000000000,0.5918106973356,0.1467403079914,0.1398804692195,0.1401016938804,0.1191458511895,0.0488726754853,0.0946234040460,0.1028680811405,0.1778271036844,0.0511339394841,0.0407574844896,0.0120342611358,0.0215362380301,0.0718402678367,0.0690961355531,0.0255735989172,0.1333607257106,0.2405254562142,0.0874784414368,0.0951908148148,0.1520564021612,0.0833052136922,-0.0645439004233,0.0175085686947,-0.0205027243960,0.0607709698755,-0.0161847047028,-0.0467877070038,0.1736218901552,0.0332634506731,0.2319152335236,0.0178113508627,0.2702353681600,0.0044222619513,0.0072670777647,0.0970410471502,-0.0696447810443,-0.0187299947486,-0.0125639793775,-0.0135284839292,0.0397453891750,0.5446387499214,0.3925473223824,0.1060728278530,0.4669374350165,0.2541967332957,0.2208105003449,0.8422245668962,0.7394876704719,0.5107879462512,0.2565568459831,0.1315745815694,-0.0171193928176,0.0722376273462,0.1381010363467,0.0973683252581,0.0120066825854,0.0401490104568,0.1089323893056,-0.0217712209224,-0.0163533174949,0.0601283960454,-0.0003566602259,0.0595914394958,-0.0119139253493,0.0290975498874,0.1809756206146,0.1458619440363,-0.1106889463917,-0.1826148650383,0.0713239572619,-0.0153980491733,-0.0733140178732,-0.0458929356534,-0.1982417548240,-0.0734393424404,-0.0921410257545,-0.0986167026762,-0.1525526315342,-0.2522662461985,0.1706197474938,0.1711520329241,-0.1522409730627,-0.0887948865006,0.1178292736665,-0.1088000466985,-0.1400018602794,-0.0502813591742,-0.2049252162428,0.4512575305252,0.2272487213190,0.0134314852377,0.0064519597267,0.0315651436906
0.2985048565222,0.2284090298200,0.4162433758459,0.6635895939394,0.6367790123043,0.5918106973356,1.0000000000000,0.2738260306097,0.3439506018841,0.2446578449608,0.0631275689224,0.1053888751313,0.2296456737931,0.1314133390082,0.2809254032827,0.2494064553446,0.0900147766039,0.2595452468397,0.3331248525786,0.2628303847500,-0.0059977489378,-0.1588420819416,-0.1116053375315,0.3701017317535,0.1240764947124,-0.0136326807861,-0.1249916643521,0.0527024738461,0.0258501167107,-0.0562232481022,0.0705616017422,-0.0372788634046,-0.0467321023258,-0.0109529481571,0.1926026995926,0.2834864749120,0.0789948036161,-0.0216646033727,0.2824004355482,-0.0923097552587,0.1050640217532,0.3050665940098,-0.2376961492120,-0.0144694740210,-0.1724285016898,-0.2575022120440,-0.0284489951719,0.4813877244324,0.3389114395207,0.2620820682374,0.5282334520522,0.3635126695386,0.4493963528626,0.6049566547350,0.7198397202656,0.8538720291012,0.0668472251499,0.2378539999033,0.2989813835581,0.3348501133632,0.2153226300095,0.0819200344608,0.0182144386669,0.2393166008409,0.1187467317270,-0.1274829159331,0.1179248546168,0.2284465394589,0.4184436179284,0.2172826228973,0.0502587157982,-0.2291728050208,0.3228052497673,-0.0963137922857,-0.2643287422935,-0.2654858389427,-0.2297620279565,0.0502344563804,0.0452017930658,0.0711869001000,-0.3541102126256,-0.2281545611367,-0.1186661580044,-0.2199000859596,-0.3864139052962,-0.2811866383561,0.0055657494702,0.1997719812488,-0.2875494294786,-0.1839399962343,0.0758261046789,-0.1586149395728,-0.2492610341554,-0.2193747491968,-0.2349233636893,0.4215249200697,0.2316765761722,0.0698109593890,0.0781732303869,-0.1853142545518
0.1510198044618,0.2407437300254,0.1901969602730,0.2744605852369,0.1891549220992,0.1467403079914,0.2738260306097,1.0000000000000,0.5284692123098,0.2945746917004,0.2662273592690,0.4095592867923,0.3599193934649,0.1594073621281,0.1420077298215,0.2194332432131,0.5143168676567,0.6624264773663,0.5682388594934,0.6317355300653,0.0911880030791,0.1098108933195,0.0925231429577,0.3373708163074,0.4343205316572,-0.0831714856015,-0.0340974170052,0.1313010665214,0.1529058093706,0.0876245683672,0.1039015969439,-0.0056163898799,0.3165199053826,-0.1091975534358,-0.1433391580447,0.3413174019935,-0.1035019598614,0.0898021527435,-0.1392442443226,-0.1874553674954,0.1896408270646,0.2283315299707,-0.1270859015176,0.0823013463276,0.0689069470040,-0.1610756048583,0.1430694120466,0.0966284147414,0.1669811644673,0.2111163620960,0.1910668177132,0.1929035937552,0.1995142755634,0.1034970168578,0.2402528879275,0.2702922534890,0.3122015868855,0.6085377690577,0.5649105662096,0.4144225914430,0.3260069668213,0.2179174630630,0.1734367726087,0.3318335311512,0.2052560259082,-0.2474050175712,0.1436207606544,0.5762187730065,0.4643299142577,0.5001151457495,0.1649491308965,-0.1491719732133,0.3185445361899,0.0182615851400,-0.1066611829671,-0.3275738155016,-0.1307534359145,0.0850284639592,0.1474990389183,0.1722468767543,-0.3158813577332,0.0913550664060,0.0789324038036,-0.2590463161875,-0.2311848641003,-0.3089507028608,-0.1134926469308,-0.1085588527623,-0.2783922368368,0.0316561266561,-0.1128166901411,-0.1436133965432,-0.2140727919123,-0.1108154776058,-0.2223246381602,0.0804866266534,0.2321840768012,0.0054816506998,-0.0023676561796,-0.2747169818889
0.0888997068653,0.1365992287150,0.0203333742903,0.2368711368851,0.1010282573914,0.1398804692195,0.3439506018841,0.5284692123098,1.0000000000000,0.3704090090654,0.4183934740411,0.4379964460924,0.4496039983354,0.1938688579250,0.2762147669615,0.2361173819524,0.2750323234056,0.3728743791085,0.5765092487456,0.5581546659157,0.2670707820458,0.1768739426691,0.1462211333252,0.6354443633340,0.5097513055852,0.0998178829369,0.1762701821493,0.0946926310224,0.0674477152919,-0.0176344045797,0.1436754299278,0.1604190612529,0.2682207596322,0.0096620968675,0.1036080246675,0.3320495133916,0.0241688857944,0.0904136617118,0.0106305393790,-0.0824766029358,0.0762478880760,0.2550591718672,-0.1395943937485,0.1115320361962,0.0172862837344,-0.0733964627086,0.1980580334912,0.1942069293853,0.1669892852452,0.4074880387375,0.0359643645343,0.0692876174542,0.1961946481657,0.0646574338897,0.1944972322502,0.2734854864785,0.3245148867660,0.3841616896646,0.4317743210994,0.8459807571865,0.3727297647005,0.3948689762890,0.2213524776541,0.5076145033212,0.1506640771468,-0.0870512720656,0.1057482870973,0.3380102918953,0.5790235910109,0.4124658605337,0.2654014645602,-0.0262423803011,0.6291956443602,0.2618895388637,-0.0822135348786,-0.2056711618123,-0.0118741759945,0.0381251672240,0.0418205256432,0.1624083659192,-0.2324389078659,0.0495413221154,-0.0812015838513,-0.2033173891784,-0.1881696301460,-0.2087225114361,0.0801522421681,0.1044804249085,-0.1561907219966,0.0451835465804,-0.0184298159440,-0.0557253862224,-0.1387756464418,-0.0986222811991,-0.2591321347749,0.1424397806330,0.1032767366498,-0.0417327172608,0.0359731161420,-0.0206952271741
0.0824102143640,0.0489119257168,-0.0398595150159,0.0331824379007,0.1230997280670,0.1401016938804,0.2446578449608,0.2945746917004,0.3704090090654,1.0000000000000,0.4855605109586,0.6068470255657,0.4455181889806,0.2344092928358,0.3422357926713,-0.0396654563159,0.1240304615518,0.1763044913222,0.1186982093468,0.1596602113689,0.2642857066253,0.4266231516222,0.0856630116118,0.4644092619113,0.2916061484995,0.0907215240848,0.2040041219726,0.2264539753001,0.2984433045239,0.0814936078442,-0.0249949002795,0.2239877088929,0.1034398398129,0.0635437513086,-0.0161212896121,0.1409298051169,0.0924017617848,0.0849154510975,0.0889343380846,0.1792908418819,0.3972798481140,0.6486010718544,-0.1604697443494,0.2163847247674,-0.1348019264748,0.0338600336620,0.2559348253353,0.1865805509223,0.2623785817526,0.5511069739006,0.1127098312951,0.0083238853065,0.0569562349379,0.1002631610647,0.3414324309367,0.2561352774658,0.2273165799347,0.4019264512631,0.2215589772650,0.3698123349487,0.8434385872048,0.6139322669387,0.4819531730084,0.3880160256081,0.2077088260447,-0.0453376247967,-0.1722049859494,0.3079948996316,0.2617010027276,0.2587848997975,0.3070507202380,-0.0104407807196,0.4886456653541,0.1590566730135,-0.2524101008104,-0.3327059304087,-0.0679053076119,0.1123619813397,0.1934878543953,0.0513095534755,-0.1887136857911,-0.0785120079968,0.0506167912566,-0.2816504927992,-0.3652320489373,-0.2448172417388,0.0253951710848,-0.0949020971715,-0.2458878686349,-0.1346357873897,-0.0229066591940,0.1588644610440,-0.1025179217974,-0.0079808579701,-0.0660238386851,0.1301129121430,0.2723319454388,0.5841891619141,0.5068521957734,0.0327637571129
0.0947826872105,-0.1168802334615,-0.0939903810779,-0.0203717316752,0.0739459449256,0.1191458511895,0.0631275689224,0.2662273592690,0.4183934740411,0.4855605109586,1.0000000000000,0.6502279117291,0.4636605841305,0.1902837435355,0.2350080605693,-0.1130342026714,0.2738505217896,0.1568215006281,0.0214851082220,0.1428663461276,0.3812291291497,0.4992105495953,0.4960058260958,0.4615276894232,0.1760474841533,0.2835295057062,0.4891416653172,0.3945097287144,0.2088092309116,0.0812798251670,0.0975285710509,0.3785722041885,0.2663128608344,0.1303927560684,0.1611482641018,-0.0197012992464,0.3259069398784,0.2068349351193,0.0928213492631,0.3295529285743,0.3365949511452,0.3401489601566,0.0635761514296,0.1932092441264,0.1601238184212,0.3014267169999,0.3865425815991,0.2863411054717,0.2863839279630,0.3508655228021,0.0272026887770,-0.1161098638014,0.0124145931181,-0.0085972533591,0.2091219146210,0.0544374739700,0.3107648935974,0.2444459658149,0.0534676176424,0.3484927918180,0.5033695795984,0.7906643930801,0.6028123603397,0.4218793849952,0.0581306648863,0.0915147140676,-0.2060940318035,0.2095567749607,0.0892072256692,0.1904912087804,0.3063849416648,0.2942271194010,0.4909723270048,0.2836412477636,-0.0082465812670,-0.1216432574295,0.3716668198508,0.2619215217827,0.0946494405894,0.0703773576833,-0.0262918886550,0.1696712910407,0.0262038823630,-0.0629381320949,-0.1108999739058,-0.0962767931927,0.3295166525322,-0.0243077947096,0.0436538398424,0.1402650725803,0.0853622969884,0.3443220907045,-0.0224836223378,0.1870464370604,-0.0953305264213,0.1823563247040,0.1721221379462,0.3050639707077,0.3013779967996,0.2468349365676
0.1083003836336,-0.0347389647628,-0.0460328398863,0.0144586538042,0.0731318345838,0.0488726754853,0.1053888751313,0.4095592867923,0.4379964460924,0.6068470255657,0.6502279117291,1.0000000000000,0.5294976196595,0.1748254389655,0.2359820082285,-0.0951640627582,0.4454170896723,0.3464034508449,0.2091411259676,0.2644295837417,0.3657146377325,0.5078369279822,0.4631139822125,0.5072485204082,0.2822593203163,0.1799810521179,0.3260801688014,0.3137331189538,0.2488561745179,0.0707868882687,0.0360309996397,0.3484294205661,0.3427948730740,0.0688262472627,0.0142020903956,0.0303515656994,0.1422720675280,0.1036820439293,-0.0063971748339,0.1826899596811,0.2458728480190,0.3202028389879,-0.0441125227719,0.1269696125364,-0.0191213490696,0.0797935009084,0.3386573855349,0.1198183328760,0.2031462945097,0.3979154399814,0.0950262519354,-0.0687368502381,0.0167745016815,0.0412618608277,0.1926177628770,0.1616015710805,0.3096965576245,0.3511113394561,0.2458092438357,0.3664971321722,0.5866814788116,0.6928252367754,0.6833639510634,0.4137291252469,0.1002626400231,-0.0890531521737,-0.1881549487622,0.4334099522972,0.2170433974596,0.3435049154851,0.4290621337493,0.2708518722681,0.5516650106131,0.2050203410806,-0.0773107357786,-0.1699349674601,0.1427365650936,0.1641736428784,0.1896870619295,0.0912221302595,-0.1067792750058,0.1069721877710,0.0220147377524,-0.1886766315182,-0.2565301778985,-0.0665331623096,0.1357924107425,-0.1303699489712,-0.0831225560227,-0.0004823714642,-0.0160137624061,0.2211385931567,-0.0881861527375,0.0851866706557,-0.1419054008807,0.0703037957105,0.1705786402831,0.2519362248131,0.2839568255243,0.1468099885912
0.1742559942548,0.1213188082544,0.0407260957327,0.1902663482774,0.1068317446874,0.0946234040460,0.2296456737931,0.3599193934649,0.4496039983354,0.4455181889806,0.4636605841305,0.5294976196595,1.0000000000000,0.1082957942080,0.1862331365083,0.0483092384822,0.3562183125874,0.2704279241037,0.2599616388187,0.2673027030005,0.1766624207813,0.2198021052817,0.1031310051612,0.3510031348056,0.2389377197959,-0.0727397749748,0.0916862173404,0.0164101625264,0.0855876473533,-0.1588016780790,0.0004141672306,0.0681093520199,0.2382789965096,-0.2156356917120,-0.1057369073202,0.1414823219646,-0.0197805735881,-0.0484682891710,-0.1225916877475,-0.0289838133744,0.1668525737591,0.2896997753386,-0.1543302819553,0.0432922388147,-0.1323553190059,-0.0748571958597,0.0922482810130,0.0833384179533,0.0518422499575,0.2817949329202,0.1189537654184,0.0833632511199,0.1789870588356,0.0617823613212,0.2374762668787,0.2646265213745,0.4499059761689,0.5281719423782,0.3711985874248,0.5184949899425,0.4724878726171,0.5456886766007,0.5255459384715,0.8971991944126,0.1045838987308,-0.0947785249376,0.0217715087928,0.4151673210533,0.3626071575896,0.3238997569755,0.2021378959645,-0.0406808709910,0.3789172241561,0.1578151763811,-0.0691815551081,-0.2694406840903,-0.0188122462531,0.0122314529073,0.0379795700613,0.1446314298906,-0.1654770454067,0.1368282162854,-0.0873965968589,-0.1958193476350,-0.2539936122898,-0.2425545783884,-0.0473203486594,-0.1162858128693,-0.1235845300142,-0.0332861711347,-0.1197307346560,0.0413516369761,-0.1747098644816,-0.1172782117301,-0.0789283304307,0.0273921603204,0.0958338875614,0.1719587611006,0.1472248492967,-0.0798191920023
0.6230296622935,0.5954521107777,0.2824045769812,0.4620345017991,0.2664516450929,0.1028680811405,0.1314133390082,0.1594073621281,0.1938688579250,0.2344092928358,0.1902837435355,0.1748254389655,0.1082957942080,1.0000000000000,0.4473039738644,0.5275969844799,0.3109860100020,0.2485953748953,0.3701903039792,0.2166362517367,0.1856082794438,0.2003078871590,0.1479874898996,0.1512505390455,0.1884469061117,0.0104333764536,0.0927694767435,0.1053686657051,0.1089806229196,0.0979560096186,0.2250748172900,0.2383418506497,0.4331604322098,0.0445921528686,0.1065157350299,0.3912344625721,-0.0118064177961,-0.0498304823552,0.0098251120998,-0.0773455384324,0.1928236793350,0.2451669172147,-0.1870190263614,-0.0659323673359,0.0846022787205,-0.0330040046211,0.2215030019747,0.1225436055735,0.3385024058831,0.4324847126164,0.5145425532842,0.5189538214221,0.5241378540437,0.0215109842431,0.1062706300002,0.1294317115669,0.0659875912941,0.1643338292957,0.2045391404741,0.1178308720987,0.1860418578268,0.0767258748001,0.0592695811191,0.1216625818041,0.7288924967612,-0.0855364409087,0.3741196429568,0.2020053973997,0.1501382083167,0.0934419935638,0.1449567293745,-0.0392745175170,0.0678396979072,0.0049133307778,0.0480754015058,-0.3006590769496,0.0028105550819,0.1174253393228,0.1593009482234,0.3250144920101,-0.0533417100147,0.2504389513619,0.1158582582460,-0.0204721768056,-0.0248056206214,-0.1256574640199,-0.0972995366724,0.2380636223224,-0.2082762981893,0.0358948538073,-0.0780766861469,-0.0090563718270,-0.1957038935625,-0.0340146544485,-0.2346610829473,0.0823077525565,0.5417568704185,0.1788817956826,0.0019325739005,-0.0965941098665
0.1984808155811,0.1652805560912,0.1023948142199,0.2708055989799,0.2769025518357,0.1778271036844,0.2809254032827,0.1420077298215,0.2762147669615,0.3422357926713,0.2350080605693,0.2359820082285,0.1862331365083,0.4473039738644,1.0000000000000,0.1425349037195,0.2108088140175,0.1894052341258,0.1170301062314,0.0628403651484,0.2015054467968,0.0692765304237,-0.0119377472930,0.2926595980550,0.1299887339749,0.0887233204063,0.1019010165553,0.1756526500408,0.2509444722802,0.2252754918716,0.0747809092052,0.2576794616819,0.1177045004098,0.1110664586287,-0.0132226542111,0.1270399527197,0.1286660664052,0.4075405255006,0.3447297334924,0.1725042179291,0.4307959291221,0.5805395444299,0.2436168557164,0.3481033818533,0.0791281888258,-0.1149439831225,0.3277678967965,0.3123194140660,0.4016850290194,0.5807850160318,0.2791594055599,0.1386146521989,0.2037516365893,0.0501280533584,0.3416135065596,0.2799949335751,-0.0474729996913,0.1033461917812,0.1033870811342,0.2509259686616,0.1827281659307,0.1562089911755,0.0674823643497,0.1838433677192,0.3096601215859,0.4317183900346,-0.0266044212681,0.2177003474690,0.1465572937349,-0.0003230178124,0.0059496302787,-0.2104966753548,0.2257014851659,-0.1096504978009,-0.2943772128030,-0.4050961483048,-0.0951970368234,0.1775604958743,0.1979418826386,0.0593600508479,-0.2905808114619,-0.1590636959609,0.2682143708995,0.0409300602956,-0.3664052858055,-0.2276957524770,-0.0006174752832,0.0499578340527,0.0644841162554,0.0586310405622,0.3072366658746,0.1963253365756,0.0556571782584,-0.0852145268212,-0.1453083983858,0.2907226086079,0.3801758409490,0.2456677932273,0.2943983684231,-0.0165891547808
0.4037779338804,0.4623870673392,0.3138781463956,0.6343889935561,0.1939153295155,0.0511339394841,0.2494064553446,0.2194332432131,0.2361173819524,-0.0396654563159,-0.1130342026714,-0.0951640627582,0.0483092384822,0.5275969844799,0.1425349037195,1.0000000000000,0.3256722631434,0.4286588673163,0.6579717367708,0.5574434423869,0.1481435140320,-0.1187339302375,-0.0331639074494,0.1328182865583,0.3599018482581,0.0206294581003,-0.1219300155766,-0.1825205692298,-0.1762817277976,-0.0952512965091,0.5528520477360,0.1672766147441,0.4765250598179,-0.0100291958424,0.2028837943090,0.7466821851235,-0.1648897170163,0.0029826554471,-0.0482748224460,-0.2956837154641,-0.0838232408508,-0.0466272387716,-0.1568697941076,-0.0677821076021,0.0645249421858,-0.2541059772725,0.0689977835862,0.0565195322014,0.1230649331046,0.2201885926353,0.3436354933457,0.4262193822981,0.6759316228404,0.0914541662536,-0.0045760673082,0.1694265474704,-0.0637584046575,0.1719530246078,0.4777651573419,0.1857797198889,-0.0584262191306,-0.1918026106954,-0.2430334689084,0.0865038702877,0.4350942649640,-0.2347243232405,0.8039804773694,0.3005046987799,0.4541708476075,0.3290701066680,0.0852076703295,-0.2370828099655,0.0678535968212,-0.0990759506219,0.1522816244355,-0.1148616411392,-0.2595536119360,-0.1124153609200,-0.1027096079992,0.6477716963131,-0.0075107541851,0.2664874595817,-0.0467313602948,0.0241570455259,-0.0410304157317,-0.1239065814650,-0.2136792902554,0.3250036164198,-0.3120515045438,0.1345212474449,-0.1721165700907,-0.3168897630523,-0.2056403802063,-0.2555635908778,-0.2598565878168,0.0890320668615,0.2063123295494,-0.1671331404913,-0.2623545048814,-0.4266159593377
0.2047185227415,0.2043900083490,0.1700805167271,0.2624556312587,0.1486624459728,0.0407574844896,0.0900147766039,0.5143168676567,0.2750323234056,0.1240304615518,0.2738505217896,0.4454170896723,0.3562183125874,0.3109860100020,0.2108088140175,0.3256722631434,1.0000000000000,0.7512467497794,0.5043248982544,0.5052503125944,0.3686301742809,0.1532766579856,0.3481850955783,0.2229892645724,0.2994353493775,-0.0411137405328,0.0016219062835,0.0398501491829,0.0157141226463,-0.0783306199919,0.3700069420809,0.1144631679841,0.7401086398394,-0.1548813309972,-0.0871538335667,0.3708644852867,-0.1032846867269,0.0766496804960,-0.1530935530065,-0.1253892819424,0.1500345479890,0.1022333715110,-0.1682132178993,0.0026148731062,0.0819266641437,-0.0924736388131,0.1627078791870,0.0632700806455,0.0771932130743,0.2524365095304,0.2150542044715,0.1775083328723,0.3318763861797,-0.0009397957554,0.0765890780634,0.1046867341807,0.1875885930533,0.3202703295944,0.4689269516574,0.2463414064076,0.1597159153306,0.1873647674875,0.2813108104801,0.2962835984247,0.3109026703465,-0.2437046745064,0.2686012833870,0.7375857336852,0.3750038699451,0.4099454614448,0.3700865631068,-0.0134137662913,0.1878488408233,-0.0636374710790,0.1258048422387,-0.1922140644383,-0.0771291911197,0.0385982880040,0.0258035009848,0.4915856373421,-0.2055670890761,0.3737929957208,-0.0676048615051,-0.2034059645940,-0.2203120620167,-0.1695620098378,-0.1795347787858,-0.1401922333381,-0.2279275356505,0.1489105900595,-0.1413999933697,-0.0636017406698,-0.2257226125200,-0.1022865770579,-0.2220823793992,0.0409713496578,0.1910188489972,-0.0140548837297,-0.1418190114784,-0.2700272056816
0.2364083990598,0.2327691410530,0.1577998471962,0.4056185357063,0.2135152824675,0.0120342611358,0.2595452468397,0.6624264773663,0.3728743791085,0.1763044913222,0.1568215006281,0.3464034508449,0.2704279241037,0.2485953748953,0.1894052341258,0.4286588673163,0.7512467497794,1.0000000000000,0.6692246245723,0.7043765975164,0.1395104049637,-0.0189274814715,0.1692069403992,0.3046361980401,0.3751235456534,-0.0536691353857,-0.0773569347996,0.0118762340724,0.0123435155526,-0.0747764712488,0.3433635769994,0.0726100090450,0.5318195057552,-0.1079641817925,-0.1356381487749,0.4418483468664,-0.1411570634139,0.0865734114351,-0.1363266801628,-0.1356039695352,0.1582716516235,0.2052889620294,-0.1908934804738,0.0462301271990,-0.0329392176945,-0.1950838886760,0.1642861144007,0.0672411171705,0.1486170286865,0.2045539194327,0.2928050393773,0.2118653886400,0.3833784710662,0.0157187128796,0.1323473336507,0.2782375824442,0.0492991218369,0.4326694522262,0.7026420042161,0.3592499004574,0.1287939468987,0.0953669850115,0.0490296325388,0.2872954928114,0.2548139261279,-0.2538577696239,0.3293230791969,0.7748671160868,0.5944862792958,0.6092427081057,0.2071827241924,-0.1747569152445,0.2193941999001,-0.1920516491868,-0.0453080236757,-0.2085311233950,-0.1813197918862,-0.0010987019943,0.0434036910103,0.4679075909062,-0.2694520835667,0.1994586330295,0.0077336796047,-0.2255093545633,-0.2792197619743,-0.1910082466276,-0.2480465808589,-0.1562075961036,-0.2660808243041,0.1168340995167,-0.1054452142517,-0.0879729796437,-0.1736624381566,-0.1429761572194,-0.2181325987218,0.0364241616569,0.2128939408057,-0.0523081435790,-0.0521248312699,-0.4275376682718
0.3100360412688,0.4409660304084,0.2267642023000,0.5827520087185,0.1810433890275,0.0215362380301,0.3331248525786,0.5682388594934,0.5765092487456,0.1186982093468,0.0214851082220,0.2091411259676,0.2599616388187,0.3701903039792,0.1170301062314,0.6579717367708,0.5043248982544,0.6692246245723,1.0000000000000,0.7521959973965,0.1672897646148,-0.0530453687250,0.0206540727634,0.2899585776415,0.4822157775807,-0.0973817378440,-0.1834907839269,-0.1777433400001,-0.1477097654452,-0.1655134429728,0.2410621310623,-0.0097318001312,0.4693560870082,-0.1567978439134,-0.0490472202989,0.6613369262727,-0.2627764309218,-0.1252197499203,-0.2271623158429,-0.3525345478388,-0.1122908284040,-0.0049024702018,-0.2991624114928,-0.1046799942588,-0.0331715006608,-0.3114394276715,0.0083855335790,-0.0039042934807,0.0795615471009,0.2054001982111,0.2876108754117,0.3779441367630,0.5561758347071,0.0546417053410,0.0557531166650,0.3017525529743,0.1467547294497,0.3923626469173,0.7337656822189,0.5012322845964,0.1259603234309,-0.0099204719618,-0.0664339544167,0.2878854954482,0.3659951199471,-0.3847439729526,0.5627583646610,0.4944785055273,0.7778693670413,0.5821642164582,0.2737376834409,-0.2083464491704,0.2348945331620,-0.0497769570413,0.0612078825042,-0.1860375952574,-0.2860903880697,-0.1646395042168,-0.1069906003655,0.4133259181489,-0.2223091248674,0.2220235964997,-0.1721423615142,-0.2373633107129,-0.1376229044598,-0.1804645750977,-0.2614993228839,0.0934764112379,-0.3419862218067,0.0065527024145,-0.2300937445100,-0.3623495990842,-0.3063119194308,-0.3106406588424,-0.3457208999987,0.0015788684353,0.1065699460845,-0.2208437433067,-0.2894401402668,-0.4225739842895
0.1881236645939,0.1857590409821,0.1652230571993,0.4034625548859,0.1648871095965,0.0718402678367,0.2628303847500,0.6317355300653,0.5581546659157,0.1596602113689,0.1428663461276,0.2644295837417,0.2673027030005,0.2166362517367,0.0628403651484,0.5574434423869,0.5052503125944,0.7043765975164,0.7521959973965,1.0000000000000,0.2710437092035,0.0989868775988,0.2513665107216,0.4855642211858,0.6464598486381,0.0662467779755,0.0731072940550,-0.0045337563007,-0.0560126420872,-0.0651384811668,0.3995992058366,0.1940835981263,0.5625148727118,-0.1181620032121,0.0549917307952,0.6428776144292,-0.1817517000618,0.0712793206363,-0.2166690849281,-0.2326903948915,0.0341223039246,0.1044733846602,-0.2356846410003,-0.0237359457192,0.1269440228200,-0.1098487552026,0.1539617692077,0.0667779522863,0.1575581004108,0.2512249247884,0.1839265530530,0.1563808410766,0.3993270762035,0.0781849588071,0.0759586875437,0.2252732297110,0.1956291636754,0.4281485643056,0.6629771366456,0.4540536591770,0.1695177804179,0.0746793862828,0.0001327000222,0.2771457310353,0.2455186526604,-0.3343075742423,0.4597134356088,0.5862178699610,0.7042974668163,0.7963058259058,0.3304957592691,0.0075043004564,0.3913447944148,0.1432442882295,0.0979409366748,-0.1445880962747,-0.0736593246514,-0.0463044909780,-0.0440904454147,0.5456296168994,-0.1316130748286,0.3283087138714,-0.0920746957512,-0.2540101126524,-0.0794241875254,-0.1208228585978,-0.1780390557341,-0.0088595317859,-0.3868162222658,0.1919519287743,-0.2184863181304,-0.2096733657831,-0.2412336310182,-0.1354720424613,-0.2771447502521,0.0877939000720,0.1567316647057,-0.1092102478412,-0.1516746508364,-0.2957113938406
-0.0482366321122,-0.1989753100876,-0.0975581083123,-0.0349999463803,0.0256132066428,0.0690961355531,-0.0059977489378,0.0911880030791,0.2670707820458,0.2642857066253,0.3812291291497,0.3657146377325,0.1766624207813,0.1856082794438,0.2015054467968,0.1481435140320,0.3686301742809,0.1395104049637,0.1672897646148,0.2710437092035,1.0000000000000,0.5215961083385,0.4943679148295,0.3796617920914,0.2801561340078,0.4587927998563,0.5057948059721,0.2581812439244,0.0740041871179,0.0706776421202,0.4533636709727,0.5175189421880,0.5452365430930,0.0547761558115,0.3709544975767,0.2606663301566,0.2112416134377,0.1983987497860,0.0437082470875,0.0394979002874,0.0432874287386,0.0455050681933,0.0052573348882,-0.0039526213278,0.3256916898255,0.2869140984400,0.2505778986578,0.1377571401049,0.2345410412742,0.2802896517369,-0.0811284786526,-0.2431236532798,0.0029608993480,0.0172364187083,-0.0017670683036,-0.1386316220438,0.1091099331895,-0.0439986421898,0.0286915613553,0.1521566698003,0.2614097854340,0.2721305905723,0.2358042080637,0.1130897788281,0.0465313266518,-0.0172158669197,-0.0263196164129,0.1169680894958,0.1781424296487,0.1676009559680,0.6420531834089,0.4408323562593,0.4145699678177,0.3462867012392,0.3221366094563,0.0211192092858,0.2982412914569,0.1615676756845,0.0780347710145,0.3227477359857,0.1695224127197,0.3069030871234,-0.0702775384310,-0.0752936791935,0.0236983525720,0.0411385473165,0.2416950890499,0.1594002220238,-0.0307127592983,0.2803696608614,-0.0481044393940,0.0713401737056,-0.1657029699105,0.2138605338283,-0.1314053928790,0.1639501959659,0.1307515872088,0.1356767718687,-0.0141698284282,0.2956619815787
-0.0203582962263,-0.0849939779592,-0.0701302681735,-0.1939821317188,-0.1140015950695,0.0255735989172,-0.1588420819416,0.1098108933195,0.1768739426691,0.4266231516222,0.4992105495953,0.5078369279822,0.2198021052817,0.2003078871590,0.0692765304237,-0.1187339302375,0.1532766579856,-0.0189274814715,-0.0530453687250,0.0989868775988,0.5215961083385,1.0000000000000,0.4876861530813,0.3289940752085,0.1841717742546,0.3173635833070,0.5553648289458,0.3870611187741,0.1927132596603,0.1437688963721,0.1101943888318,0.3721343543071,0.3006546525076,0.0521787384878,0.2349811394474,0.0051860906719,0.1767619021664,0.1004003483722,-0.0524208696520,0.2088705487640,0.1766453480450,0.1154522117915,-0.0585729116518,0.0007242843068,0.2321052748600,0.4564489538898,0.3130650142455,-0.0047714610042,0.2938618005299,0.2005817445269,-0.1139225216836,-0.1455035847880,-0.0992619181687,-0.0611078368015,-0.0327368511253,-0.2168560811179,0.2505829476227,0.0707252590097,-0.0549288754752,0.1026192392826,0.4309470774510,0.4541129895676,0.4431637952559,0.1258128600816,0.1002060065854,0.0637901529190,-0.2212742956557,-0.0126275025756,-0.0320430061123,0.1239134738945,0.4470885663439,0.6212700521711,0.3554889644495,0.3909464257112,0.2012753300021,0.0071686419198,0.4282242732212,0.2317334500082,0.2031815750626,0.0923731540851,0.2732612000093,0.2904801060839,0.0673318260893,-0.1097287246519,0.1688368065768,0.1019991894143,0.2243357502142,0.0638361103486,0.0443695494893,0.2004402680852,-0.0903662894996,0.2928090022173,-0.0736525620129,0.3617946340607,0.0905063633107,0.0139528270637,0.2288667947776,0.3855832512412,0.1832011021440,0.4764026117893
0.1527534795551,-0.1799798654377,0.0697616479159,-0.0160593818263,0.1768012720699,0.1333607257106,-0.1116053375315,0.0925231429577,0.1462211333252,0.0856630116118,0.4960058260958,0.4631139822125,0.1031310051612,0.1479874898996,-0.0119377472930,-0.0331639074494,0.3481850955783,0.1692069403992,0.0206540727634,0.2513665107216,0.4943679148295,0.4876861530813,1.0000000000000,0.3576500578366,0.2465383302617,0.4826612538116,0.6194591049736,0.3319908427704,0.0238431707403,-0.0228463318264,0.3127559456276,0.6039506595601,0.5057839233394,0.1603763116890,0.3456599850428,0.0198065491808,0.2985026972873,0.0975211734106,0.0412415606901,0.1976394657707,0.0666580273574,-0.0302226923749,0.0139778685979,-0.0489536508728,0.2421098079388,0.4790185091243,0.3138096663043,0.2414173006512,0.2684404561802,0.1293391000909,0.0787720001026,-0.1337642850884,0.0202926478603,0.0572627660545,0.0079875283610,-0.1440330883266,0.1629383349715,-0.0469100576134,-0.0153422865937,0.0411532963118,0.1128599133767,0.3108445985107,0.2851399415700,0.0398345034821,0.0339798332553,-0.0934717616814,-0.0432759927658,0.1797699244025,-0.0383134493153,0.2768234967978,0.3948694918096,0.6540644756207,0.3443478225769,0.3432624899704,0.2813357554476,0.2090965498989,0.5747437820048,0.1413798540189,-0.0368085895275,0.2838442231864,0.2558823337214,0.4160094127504,-0.1446611905315,0.0103142323493,0.1415082572269,0.2909615923864,0.3314631424732,0.1026741732902,-0.0008052508291,0.3117117382416,0.0125088415936,0.2225256279357,-0.0335372517229,0.2833892152941,-0.2078119917423,0.2321588111431,0.1005963803911,0.0509401770103,0.0045140433887,0.3009779839510
-0.0547706518013,-0.1187762905928,-0.0659374266886,0.1880134458210,0.1529594297047,0.2405254562142,0.3701017317535,0.3373708163074,0.6354443633340,0.4644092619113,0.4615276894232,0.5072485204082,0.3510031348056,0.1512505390455,0.2926595980550,0.1328182865583,0.2229892645724,0.3046361980401,0.2899585776415,0.4855642211858,0.3796617920914,0.3289940752085,0.3576500578366,1.0000000000000,0.3956219049057,0.2350442240578,0.3584577635096,0.2034527532421,0.1363276409355,0.0307135735247,0.2873140529634,0.3625094956684,0.3187792332762,0.0013114161126,0.2699304504721,0.2606720887370,0.1593576673238,0.0742388349054,0.0747065424911,0.0424544718224,0.1542765276107,0.3586825447348,-0.2084159483140,-0.0062616408068,0.0016254886575,0.0341855470969,0.1815665622040,0.2764922764024,0.3316861705447,0.5068202718066,0.0403055347145,-0.1337511552905,0.2136194083893,0.1554709003438,0.3014601809994,0.3161349922902,0.2866187881222,0.2527188146191,0.2987901444621,0.5590676874171,0.4262628055661,0.4716910291859,0.3202180389762,0.3534014182691,0.2007590388737,0.0325539932226,0.0472818351234,0.3805764638820,0.4398514133465,0.4729267019529,0.3908740616682,0.2331364297757,0.8055625336011,0.2809539015153,-0.0412791965816,-0.0800989756177,0.1664220517535,0.1066592411683,0.1247753691383,0.3181047559657,0.0565995354912,0.1922925247894,0.0039240231663,-0.2005258424494,-0.2143069081751,-0.0063097987842,0.1639661885083,0.1122894120686,-0.2391254420410,0.1075022025400,0.0127214464074,0.0668001502158,-0.1710196067205,0.0905759445150,-0.2085530208909,0.2722025094441,0.2100957702292,0.1466930797332,0.2050630388260,0.2424291027926
