1.0000000000000,0.0634614579195,0.6226374040750,0.0710260935725,0.7747356454481,0.4358617058175,0.2105606653913,-0.0260433793291,0.1344549569031,0.3084191469090,0.3188566170285,0.3312100113232,0.2504695020140,0.6434067574601,0.0595062085492,-0.0208074559228,0.0685419862632,0.1917299807295,-0.0813723110611,-0.0082846861444,0.1552435595712,0.3094261023299,0.1444849625993,0.2829379424575,0.0331115976358,-0.0374077800390,0.0526415833451,-0.0289359213641,0.0462106583149,-0.0116934310909,0.0474323422632,0.0552313285209,0.1728236282485,-0.1754748009796,0.0754995965318,0.1096963688472,0.2880460161068,-0.0946140869468,0.1871952721377,-0.1545287517168,0.1505351210914,0.2266845746124,-0.0679488157124,-0.2617476250500,-0.0348762918813,-0.2671392978698,-0.0630213146186,0.3267921058935,0.2574733448979,0.1127684877603,0.8953597650444,0.5508336200563,0.3207248151998,0.6160894527260,0.4424536991529,0.2003079558038,0.1714230287225,0.0367975713037,0.2490612908274,0.0833652840762,0.2858222010106,0.3665247444862,0.3219652043185,0.2613364797281,0.4863877557962,0.1164348109940,0.1547288170381,0.2315590164673,0.1026299465762,0.0018096062816,0.2288540763811,0.2062030030951,0.2641414183118,-0.0754101204228,0.0332496923681,-0.0967564778506,-0.0958899996308,-0.2159600848769,-0.0632926498653,0.2184692053112,-0.1362877445909,0.0515856548641,0.0392720959164,-0.0537758825617,-0.0773768843968,-0.1242789332850,0.2898079222569,0.2654570077719,-0.0020963201226,-0.0463793730501,0.1649672250874,-0.2658262414228,-0.3643301362904,-0.2923460226789,-0.0745198591611,0.2717535229527,0.0663294552110,0.1785986402238,0.2442178022156,0.2057323532702
0.0634614579195,1.0000000000000,-0.0079111569476,0.5293557178669,0.0190153626911,-0.2915056426837,0.2551528730812,0.0503570754760,-0.1451042465317,0.0389878556252,-0.2820773862839,-0.1524648942572,0.0369962784932,0.3650679059386,0.4454217851414,-0.0053257485252,-0.0778707226249,-0.2445281491703,0.0467152165836,-0.2438868058230,-0.0569806926588,-0.1297196738224,-0.0624401203511,-0.2732522197863,-0.2313212828864,0.1478005079450,-0.0920332813189,-0.1530619184881,-0.0026792831889,0.3626299497790,-0.0862713370525,0.0550128611455,-0.2151358434241,0.0471597539465,-0.1226696527910,0.0090510426667,-0.2087403822658,-0.1631066429649,-0.1448911352031,0.0243809740952,0.1317006332452,0.2573548063656,0.2954449759011,0.1615920925965,-0.1473055678994,-0.0658810421815,-0.0748391303065,-0.2305724141098,0.0345523414021,0.2416438852137,-0.0251126447138,0.5250770725305,0.3853011969560,0.0109668922245,-0.0620452757415,0.3701619568700,-0.1241421493200,0.1163120660176,-0.0975283436487,-0.0842371021548,-0.2138702319948,-0.2256801218831,-0.2793438316962,-0.3095664374963,0.3509255558345,0.1059911018455,0.1738622073949,-0.2955172274872,0.0363039310669,-0.1250560867731,-0.2307634939046,-0.1348378757448,-0.3570545962571,-0.1312538562836,0.1379358063556,0.1744806590313,-0.2749841132439,-0.2301116451332,-0.0067182574946,-0.1761449367626,-0.2065130634137,-0.3656620745209,0.0916388562416,0.2220906669776,-0.0194821386616,0.0724144703749,-0.2563422498446,-0.0295278874439,0.0569837413018,-0.0817807524187,-0.1321591366158,-0.1069676892053,0.1596978676290,-0.1909818902639,-0.3579850356738,-0.2392556890221,0.0615592407003,-0.0692991430942,0.0073303571136,-0.0920850962919
0.6226374040750,-0.0079111569476,1.0000000000000,0.2279643293706,0.7319136502581,0.6963192963128,0.3554053973703,0.1721666766087,0.3506902048223,0.4402093100115,0.5259586406568,0.4256572070500,0.4179574947365,0.4585626748589,0.1189922934530,0.1959460162595,0.1831872928147,0.3304868019522,0.0303992554541,0.2031667596434,0.2482481651080,0.3858650359846,0.1984999005429,0.4417516644026,0.1605187708435,-0.0201121434369,0.3189571656809,0.0941156727697,0.0241090008008,-0.0928070587659,0.3189445849155,0.2717972670676,0.3540427262267,-0.0947973286783,0.2475780537235,0.1562263437760,0.4949795425570,0.1414231974120,0.3503620441448,0.0901901841084,0.2352741866717,0.3496485065329,0.0671124211579,-0.0480372288533,0.1721467760652,-0.0802309804860,0.1199274125205,0.5336348950477,0.2288032340740,0.2024563762083,0.5948507024029,0.6436093807241,0.2120336307667,0.8013618339322,0.6223797499974,0.2619911178339,0.2111185816514,0.0121679558907,0.3397865515876,0.2267039339443,0.2904653240578,0.4640956037915,0.2609014884427,0.2652367717896,0.1774595381567,0.1129572910088,0.1958268617353,0.2594517890169,0.0952179900205,0.0620511195597,0.1889348604557,0.1783718921142,0.3043705166707,-0.0046869115698,0.1309477115758,-0.2133549946210,0.1240465811711,-0.1393007242371,-0.1530193417718,0.3317182187375,-0.0268830219705,0.0471612414373,-0.0563128039640,0.0772996249835,-0.1018803850815,-0.1984800073832,0.4003754975488,0.3385761179996,0.0386634081647,-0.0049295177024,0.2961187059387,-0.1351793520007,-0.2623680871268,-0.2023875649476,-0.1304823608609,0.5427409304234,-0.0758989758128,0.1553324670321,0.2880930055127,0.0979040603704
0.0710260935725,0.5293557178669,0.2279643293706,1.0000000000000,0.1150625862268,0.0128302653834,0.7621705822299,0.0204826672457,-0.0090526757606,0.2178975302104,0.1576092221852,0.0085955638278,0.1472636783695,0.2477366460577,0.5077368339873,0.4924903928476,0.0732870873889,-0.0783289383334,0.2837239549274,-0.0237467260345,0.1597578366138,0.1153017359930,0.2677202145290,0.0636356632290,-0.2876168703005,0.1813028231115,0.2117256950783,-0.1038694872127,-0.0831349550517,0.0420724677409,0.2992327288925,0.2487911227524,0.0758856047969,0.0668852070276,0.1790083985674,0.2267686367679,0.0440520195802,-0.0136711126232,0.1383694050320,0.2582924352451,0.2983069080509,0.4659883004275,0.4337938101982,0.2742046370805,-0.0525161850738,0.0221662097042,0.0843504248479,0.0356883006518,0.0645194969694,0.4508436435993,0.0228182562521,0.5362502093047,0.6795805023943,0.1017033925068,0.2587914862865,0.8152911128254,-0.0604383438501,-0.1091270756553,-0.0034405250180,-0.0123818670254,-0.1259406130816,0.0744100424891,-0.1773258810707,-0.2314346184866,0.2113054355882,0.2661315729572,0.2771791084352,-0.1190399473207,0.2695730912530,-0.1198472935297,-0.1546051564407,0.0383020919882,-0.1237191303732,-0.2582668675859,0.1406851260221,0.0592718127541,-0.0215201625876,-0.2551736571973,-0.1722549326687,-0.0046064914771,-0.1451353532072,-0.2804886514311,-0.1515427779535,0.3170013831913,-0.2278127110750,-0.1052781537725,-0.1083602501496,0.0804967322901,0.2076117128445,-0.2093517348136,0.0454097901601,0.0504204639889,0.0869664173401,-0.1963534105652,-0.3759027855992,0.0157892075457,-0.1485298732298,-0.0138387065845,0.2109592763900,0.1123279218098
0.7747356454481,0.0190153626911,0.7319136502581,0.1150625862268,1.0000000000000,0.4586175149224,0.2413586216891,0.1319973009506,0.2692160496615,0.4519914375342,0.3403030658132,0.3837644815637,0.3101394672792,0.5742544495187,0.1160901223325,0.1078659507970,0.1664070030603,0.2270204670973,0.0434397699039,0.1122801541630,0.2253046955805,0.4035837692642,0.1859497912718,0.3289654083730,0.1589076713414,0.1273417021073,0.2263118195300,-0.0425083682282,0.0556080319858,-0.0511546056550,0.1470544585739,0.2233444725061,0.2516551426305,-0.0530571713861,0.1543241924886,0.3061674310663,0.3411873264745,-0.0070693340095,0.2487942536214,0.0374777076685,0.2409510471147,0.3154928977044,0.0339692613950,-0.0773331162096,0.0928499354973,-0.1513152551419,0.0592623915680,0.3968352050414,0.2662201910425,0.2064035404023,0.7566781866549,0.4739224294255,0.1803767885415,0.7199051050967,0.4735940256267,0.2537108503551,0.1518901575512,0.1097266442416,0.3685848920067,0.2234085671402,0.3159900443915,0.3319167281077,0.3040052683409,0.1840639217320,0.3428801487874,0.1175483319607,0.2841420826512,0.1494325511676,0.1809811878671,0.0759375920777,0.2012983279339,0.1833878453189,0.2329663653065,0.0797354058945,0.0112712829216,-0.0571167814701,0.0004405812863,-0.3015950872737,-0.1483670799494,0.2353055895434,-0.1111731340251,0.0208014851111,-0.0188937723860,0.0139666692151,-0.0296799919325,-0.0978068120857,0.2912064043812,0.4126449355664,-0.0377667745447,0.0089068038298,0.1712403093632,-0.1523354676409,-0.2479988621246,-0.3444102619160,-0.0606082255450,0.3763044199345,-0.0729248029246,0.2383889767161,0.2854041302487,0.1440646641832
0.4358617058175,-0.2915056426837,0.6963192963128,0.0128302653834,0.4586175149224,1.0000000000000,0.2344366553275,0.0619451620988,0.3359225193678,0.3031767130830,0.6692018865862,0.3727117969263,0.3459900844163,0.2837747068537,0.0802390157640,0.1785179306507,0.1439482760541,0.4743864621983,-0.1174227426234,0.2779673992096,0.1594519150137,0.4356286297354,0.2249485621489,0.5464108183582,0.1796246303622,-0.2084149549524,0.3626089448094,0.1066026573505,0.0388787992531,-0.1814462977045,0.3375656039497,0.1778066364410,0.4250005652905,-0.1457032656567,0.2854346864686,-0.0115294577711,0.4696746820231,0.2541651197996,0.4193604434123,0.0659443416925,0.1531516989624,0.2654168867903,0.0048502430662,-0.1269567172571,0.1079824320786,-0.0705124877964,0.0494483119208,0.6910218217234,0.3711709700577,0.1229342036435,0.4872114734379,0.3472172624816,0.1744249268411,0.6615874143677,0.8129542244923,-0.0324800071957,0.2608595034376,-0.0644622383903,0.1773183432223,0.0791563954378,0.2529957541132,0.6162582931200,0.2691783920940,0.3004156962715,0.1199446230631,0.2605776224294,0.0233438393445,0.4219811716373,-0.0738840132436,0.1328578206231,0.1576041560338,0.3014423131639,0.4708205128942,0.0316487384517,0.0611318467661,-0.2308019934679,0.3473425947642,-0.0308830460441,-0.1183473487075,0.4628771759307,0.0557904434668,0.2133847263738,0.0837136150157,0.0348730693134,-0.1474851297606,-0.2348392158344,0.4460760908118,0.1809488563728,0.1260219568675,0.1496864863297,0.4513049929796,-0.0070482371882,-0.2562204073347,-0.0839113687727,-0.0856008924147,0.6405425222929,0.0413503432317,0.1441788658565,0.3013045315930,0.0846282113849
0.2105606653913,0.2551528730812,0.3554053973703,0.7621705822299,0.2413586216891,0.2344366553275,1.0000000000000,0.0173210320799,0.1922275224553,0.2824211322163,0.3026531979670,0.1245937404865,0.2125389464273,0.2331187730167,0.4421734214753,0.4768350496770,0.1594176440514,0.0841073692206,0.2796313220943,0.1492955382102,0.2720587269578,0.2190301265775,0.3091187335624,0.3071733489915,-0.0502223054760,0.2231338870464,0.3010406489625,-0.1190890282229,-0.1466677043590,-0.1283999674958,0.4004113759761,0.1931719637161,0.1936125259324,-0.0807128298188,0.3106447790208,0.3227019121779,0.2334884077530,0.0136740609311,0.3613944824032,0.1786276753858,0.2216992227551,0.4508065634754,0.2141128195129,0.2121668497513,0.0000118366731,0.0407204805206,0.0339967463152,0.1536820701038,0.0089498396675,0.4910545994291,0.1984431409000,0.4511677806034,0.6764879001011,0.3194294662671,0.4846854859608,0.7258765207267,0.0519129657499,-0.1006404653777,0.0997726111022,0.1631801472077,-0.0309843906522,0.1420310129667,-0.0831317719051,-0.0771944113605,0.2172913609810,0.2946354971379,0.3002619774443,0.0858903186590,0.3721626669538,0.0735699675919,0.0010624872705,0.0913903936180,0.1888786683678,0.0188551633821,0.1389704895457,0.0710402188589,0.1586757334843,-0.2898346974166,-0.1809192017007,0.2379891885842,-0.1882991819950,-0.0913222544622,-0.1623401960989,0.1819701006432,-0.1492731297942,-0.2018888419740,0.1537493443488,0.2042847321878,0.3102391054614,-0.1075945123589,0.3141708722462,0.0361034615944,0.0856780211189,-0.1931657434861,-0.2307528260965,0.1160224146534,-0.1450796489225,-0.0130024237983,0.3266660612843,0.3214317051631
-0.0260433793291,0.0503570754760,0.1721666766087,0.0204826672457,0.1319973009506,0.0619451620988,0.0173210320799,1.0000000000000,0.5563138406200,0.1096642649939,0.1827154866379,0.0497731800699,0.4050856913257,0.1343923015595,-0.2391853946003,0.2195248120101,0.4374511022189,0.5030994311657,0.4839028314365,0.5590978744875,0.3415497449401,0.1860379256357,0.1601964408567,0.2668033656789,0.3942577232151,0.1891678560174,0.3524755826708,0.0130359253500,-0.1163508693977,0.0991656682291,0.2004711713696,0.2233407266109,0.3111179978052,-0.2459325787133,0.2392329632733,0.1124260055241,0.1974665298662,0.4175701338861,-0.0436800407514,-0.1058165159532,0.0607600320393,0.2513961627202,0.1963264447647,0.2264143133496,0.4320564182488,0.1574075078535,0.0432634042395,-0.0830585789795,0.0044377025446,0.0438794197265,-0.0497123202683,0.1535946329882,-0.1639151526230,0.0401018965236,-0.1005583513333,0.0849796339785,0.2123845390422,0.6254571459507,0.5376637281860,0.5241527715310,-0.0536809558654,0.0585294444871,-0.0801623979238,-0.0276269767696,0.0856475365889,-0.2856979228739,0.0117478976871,0.2358951437425,0.1304574052495,0.3120767109099,0.1284031481910,0.0005241865937,0.1950865111025,0.4131657662186,0.2399528964390,-0.3548986952653,0.1451917401445,-0.1435188894264,-0.1786239166435,0.1013214297607,-0.2857935543627,-0.0864643865905,0.0791701175955,-0.1047357115144,-0.0259503971676,-0.4138367368655,0.0467594499652,0.0613592758666,-0.1097594001500,0.1249087288057,-0.1260704122370,-0.2708593433103,-0.0372556494015,-0.1558032495987,-0.1481470544705,-0.0218810070347,-0.0154755598418,0.1028311061193,0.0999023631257,-0.0633185532502
0.1344549569031,-0.1451042465317,0.3506902048223,-0.0090526757606,0.2692160496615,0.3359225193678,0.1922275224553,0.5563138406200,1.0000000000000,0.4074620813455,0.4912895052271,0.4573577371754,0.4708831129708,0.1328158051241,0.0232157046824,0.3261034663291,0.5309019643387,0.6371771459720,0.3334454583263,0.7076994943154,0.4540673747451,0.3310685515294,0.3693128948514,0.6836150804779,0.6329100897119,0.2768235620705,0.6107073359555,-0.0896459945107,-0.2397008968812,-0.1985791703830,0.4798273411869,0.4457218716866,0.6349704565116,-0.0862229149126,0.3063474726975,0.2832804921247,0.4564542224406,0.3693093357205,0.2393117804221,0.0199715943708,0.0081855265288,0.3000733831187,0.0839868117532,0.1758730033678,0.4166315806895,0.0781710089041,0.1646662395314,0.1515509270403,-0.0654852749388,0.2335821603418,0.1649844872450,0.1218526185126,-0.0476827133823,0.2667946497973,0.1930605103222,0.0468021912096,0.3812438100569,0.4130419824952,0.6876666678278,0.7578828144709,0.1763322347534,0.4260789020964,0.1884515722359,0.1113820048240,-0.0608321166555,-0.0596348075918,0.1326755398236,0.4010442433974,0.2431757812449,0.5254964536616,0.3168020953522,0.2783761099502,0.6629976939648,0.5417043963228,0.1948511480320,-0.0550947725327,0.4591808855932,-0.2567213552360,-0.3605161121409,0.4346844857151,-0.0528073629355,0.2693461039616,-0.1452460397447,-0.0365845005325,0.1143418893997,-0.3081833635365,0.3503462758802,0.2254365525402,0.0837682898839,0.3241271176850,0.1596814856699,-0.1284787465429,0.0185165773403,-0.2316868779546,-0.0125650260442,0.1680804569304,-0.3011602274217,0.0252178807988,0.2886352749459,0.1884450341076
0.3084191469090,0.0389878556252,0.4402093100115,0.2178975302104,0.4519914375342,0.3031767130830,0.2824211322163,0.1096642649939,0.4074620813455,1.0000000000000,0.3753866691168,0.8100997696875,0.4413464344591,0.4410695792683,0.3401049243989,0.1694913932051,0.4731120554136,0.2904490499938,0.0946901111277,0.2101346831806,0.5311500028293,0.5772634201480,0.3287315819346,0.5215994474004,0.1690761149079,0.1724430363932,0.4068546324049,-0.1803658995056,-0.0608584374829,-0.0565234882761,0.2531867133085,0.3213905360883,0.5525908129402,0.1997222977225,0.3272007619809,0.2696708533450,0.4763397481103,-0.1323053610523,0.2731225783437,0.2700821655854,0.2157874305097,0.4606543485662,-0.0173008084872,-0.0922321825552,0.0151610257715,0.1248658045766,0.1484986603389,0.2632563858664,0.1279200533139,0.4235241212041,0.3586510828472,0.1459432912081,0.0702949667402,0.5216142754282,0.3454493745355,0.1748716862748,0.0122307063269,-0.0247609331374,0.4238535278586,0.2848675480832,0.6504899757253,0.5106980856405,0.5266853584765,0.1850089155921,0.1529570217035,0.0404391171445,0.1305943447609,0.3049496752403,0.1265948624984,0.0502819067053,0.4664172956806,0.5023019603214,0.3898144835775,0.0822588928379,-0.0030301210718,-0.0735110563062,0.1091466486198,-0.2813539837233,-0.3123564754337,0.2714459096677,0.1647104014737,0.1499131427393,-0.0546461836973,-0.1057266827868,-0.1271491767976,0.0015679594913,0.4404766522651,0.3589030502215,-0.0102681759728,-0.0617282736505,0.2372016650833,0.1077715780444,-0.2731980572977,-0.2566027234356,0.1353692776231,0.2582474584185,-0.2907085223883,0.2417160227412,0.3885698013635,0.4086497272965
0.3188566170285,-0.2820773862839,0.5259586406568,0.1576092221852,0.3403030658132,0.6692018865862,0.3026531979670,0.1827154866379,0.4912895052271,0.3753866691168,1.0000000000000,0.5104071942998,0.6440783099218,0.0962290069170,-0.0242177364519,0.2269242124667,0.3912354517827,0.5779630691549,-0.0186726107045,0.3018726002600,0.3048558468244,0.4204589986402,0.6218197027705,0.6249864864224,0.1865891570807,0.0604059000198,0.4926517992428,-0.0673991356381,-0.1068614473978,-0.4484536304695,0.3692162992174,0.3701634013776,0.5735038490026,-0.2434997920603,0.3326444784742,0.0290291486153,0.4713980860862,0.1963783619970,0.3568491184703,-0.0223682761707,0.0457385814432,0.2785388599193,-0.0185583127097,-0.0489163049053,0.1324796254121,-0.1311647162016,0.0163407023711,0.4866617661339,0.0186650889234,0.2028551140451,0.3636879084632,0.2949509582566,0.2108761350255,0.3739289994735,0.5352329419775,0.1700160908672,0.3549657365839,-0.0186783946740,0.3505945925157,0.1627268145719,0.2958736047203,0.7327176244964,0.3762315774237,0.5073851109603,0.0652562446428,0.2717293287202,0.0125783542737,0.5248607854956,-0.0233896990163,0.1309865830230,0.3857533201187,0.4051385312212,0.6282422315115,0.0194340039210,0.2110236227896,-0.0886256556403,0.4928847381978,-0.2594520620267,-0.2486004550706,0.4899681640824,0.0816847909733,0.3185498223894,-0.1588896901102,-0.0027253145167,-0.1366586189704,-0.3403098004003,0.4733767487878,0.2010568186664,0.2269755579791,0.0690351066192,0.3539825331286,-0.1031935099319,-0.2149290225622,-0.2457671367729,-0.1360437323811,0.4874815337919,-0.2222653654945,-0.0002319082726,0.3145782046432,0.3456979463745
0.3312100113232,-0.1524648942572,0.4256572070500,0.0085955638278,0.3837644815637,0.3727117969263,0.1245937404865,0.0497731800699,0.4573577371754,0.8100997696875,0.5104071942998,1.0000000000000,0.4978853239886,0.3587588845379,0.0848751728357,0.1653967089982,0.5927231546278,0.4206573369953,0.0384062875711,0.1999323087955,0.5121620778241,0.5148264267588,0.4843488135836,0.5761857143013,0.1647030157757,0.1249218589214,0.3464340636710,-0.0950160367158,-0.0253463598949,-0.1571030403398,0.2620209508197,0.3440644727432,0.6428085325873,0.1070635484981,0.2908729532015,0.2024356396117,0.4131824137463,-0.1537123837326,0.1518930017947,0.1045864087345,0.0833306948277,0.3080796222882,-0.1820254225343,-0.2070992262609,-0.0067263274985,0.0726798067102,0.1892928438009,0.2145979932529,-0.0220198854279,0.2133387037810,0.3947422816067,0.0921894345525,0.0064799593511,0.4550524897809,0.2694013979269,0.0129237911423,0.1326904835112,-0.0436653696151,0.4924292118070,0.2443651730055,0.6484230379743,0.6317422450488,0.7198362237438,0.3598580033342,0.1613016102292,0.0193666209493,0.0794766659868,0.5341624939198,0.1033824899517,0.0726422151689,0.6705435354968,0.6159169165615,0.5461761171710,0.0539461146119,-0.0309133304585,-0.0705248392159,0.1534917784102,-0.1891749084860,-0.2415607677832,0.3891001159855,0.2391126711660,0.3291509266587,-0.1349940817019,-0.1891949951066,-0.0992477090969,-0.0185169701462,0.4501279494367,0.3116399942861,-0.0327345417427,-0.0296407855919,0.1881894079829,0.0040739843720,-0.3259566694908,-0.1888782736915,0.1720023905453,0.2122696071941,-0.2609930319265,0.1231023210304,0.3060006539748,0.4310511563547
0.2504695020140,0.0369962784932,0.4179574947365,0.1472636783695,0.3101394672792,0.3459900844163,0.2125389464273,0.4050856913257,0.4708831129708,0.4413464344591,0.6440783099218,0.4978853239886,1.0000000000000,0.1702670657887,0.0375000914431,0.0948589677123,0.5348362034960,0.5351390416743,0.0479823232983,0.2342511455357,0.4175076925146,0.3551811212378,0.4154090628748,0.4446822968515,0.2491594147784,0.2164954673346,0.4456528172951,-0.1241566724057,-0.1563524079385,-0.2380572019059,0.2090151877153,0.3658520933740,0.5934237428256,-0.1597137042970,0.2725342682067,0.0621936635859,0.3746447147380,0.1791062532797,0.1671340447084,-0.0546329505122,0.0460967168341,0.3389681566959,0.0107619536782,0.0689079947272,0.2761184490849,-0.0324614036900,0.0663498970725,0.1919761889313,-0.0835363962891,0.2926522718476,0.2512878970662,0.2585113989121,0.0230483580111,0.2470801616753,0.2667309126987,0.1571742276406,0.3915961326737,0.1927733914889,0.4640981419549,0.2217792001206,0.2338794364629,0.5402385326008,0.3374779481469,0.5487153429161,0.1169503031584,0.0888698390366,0.0526512519206,0.4485265523320,-0.0157286511005,0.1440377627608,0.3445357947521,0.3374535421788,0.3877966310857,0.1393458863715,0.2433013808199,-0.1288102868178,0.3228238777863,-0.2883900708085,-0.2942801799205,0.3569477586535,-0.0625460820259,0.1900571639044,-0.0710516438175,-0.0549480047328,-0.0324733550948,-0.2643261495356,0.3492407848213,0.2368094854892,0.1052085311754,0.1071770784259,0.1905678528615,-0.1669518206483,-0.0803185315092,-0.2710501497346,-0.0535506632973,0.2178093881194,-0.2317890026217,0.0746495221163,0.3059360985209,0.2359718224585
0.6434067574601,0.3650679059386,0.4585626748589,0.2477366460577,0.5742544495187,0.2837747068537,0.2331187730167,0.1343923015595,0.1328158051241,0.4410695792683,0.0962290069170,0.3587588845379,0.1702670657887,1.0000000000000,0.2715681109962,0.1294322480245,0.2057911747300,0.1821148023019,0.0671289686680,0.0290197779333,0.2616274463382,0.4117497583801,0.0007227194307,0.2180934884896,0.0054878614728,-0.0580820935976,0.0547908159355,-0.0143496273665,0.1889772967911,0.4777577256994,0.1345170714651,0.0341720626684,0.1855871050638,-0.1039525469794,0.1185081395252,0.1378318070563,0.1818343863593,-0.1401632559947,0.0561464977820,-0.0714052481205,0.3805471560103,0.4629918099534,0.0624008289891,-0.1639729140139,-0.0652411243879,-0.0152903414855,0.0085601467418,0.1491086082309,0.4703935973309,0.2283005780490,0.6309372091427,0.5165397799077,0.3050206583490,0.5512035269257,0.3003601576440,0.2187653848487,0.1145902285869,0.1966608631847,0.2717211211190,0.1181317967496,0.2639836728423,0.2567443188675,0.2200637740376,-0.0282562383027,0.6475545996865,0.0245447361127,0.1464569761181,0.1711152962711,0.1192205616426,-0.0120655462560,0.2148312833269,0.2188153797253,0.1160976844118,-0.0438136021804,-0.0007528370144,-0.1953484763818,-0.2387647898491,-0.1786596023278,-0.0072697289830,0.1170098516553,-0.2528855568470,-0.0872163024532,0.1839454687563,0.0095964460588,-0.0723796964374,-0.1740644222301,0.1233652874850,0.1235200898088,-0.0855694906975,-0.0972259232653,0.0387718526661,-0.2498961586628,-0.3234961645736,-0.2815993947290,-0.1740897539325,0.0768708159444,0.2483084275082,0.2025171218629,0.2606362122607,0.0804103702338
0.0595062085492,0.4454217851414,0.1189922934530,0.5077368339873,0.1160901223325,0.0802390157640,0.4421734214753,-0.2391853946003,0.0232157046824,0.3401049243989,-0.0242177364519,0.0848751728357,0.0375000914431,0.2715681109962,1.0000000000000,0.1366984140211,-0.0698912484511,-0.2088000970835,-0.0475181040484,0.0421316190107,0.1407520026584,-0.0027439040122,0.0339501471682,0.1010938580577,-0.0743429374008,0.2996472393530,0.2728519674810,-0.0935363604559,-0.0162902298800,0.0700186250395,0.1597097274136,0.2631142726018,0.0808067581673,0.3518542397068,0.0091949110602,0.2367006745899,0.1822828745982,0.1375908441637,0.4585754166921,0.4167697256810,0.2617705130593,0.2758553192274,0.4864210484768,0.3877558929524,0.1116200918908,0.0264315479879,0.1072140342945,0.2929246583607,0.1941728908488,0.6521867156186,0.0897549652295,0.1982667591092,0.3250002019164,0.2823027674011,0.3119584126991,0.2375947273354,-0.1504751808846,-0.2034039679768,-0.1866235949233,0.0366194458873,-0.0449524981062,0.0752802250302,-0.0855843572548,-0.2266922224157,0.0932046574910,0.4011306140722,0.1056947184314,-0.3121651686801,0.0195417870983,-0.0925856094238,-0.2898215045210,-0.0086989682439,-0.1284142500803,-0.0799077155270,-0.2026198331028,0.4308480371253,0.0920568732722,-0.1081536985542,-0.0698866668759,-0.1179354343237,0.0100728702954,-0.2267658935672,-0.0144109815743,0.2408301649162,-0.0376606608327,0.2119973218977,0.0619833222500,0.1400487800471,0.2025596042823,0.0817336977701,0.3652631292359,0.2636072202326,0.3031683873519,-0.0670969482642,-0.1142229014114,0.1795585851335,-0.1201949529405,0.0727036515010,0.2197804956093,0.0797261027681
-0.0208074559228,-0.0053257485252,0.1959460162595,0.4924903928476,0.1078659507970,0.1785179306507,0.4768350496770,0.2195248120101,0.3261034663291,0.1694913932051,0.2269242124667,0.1653967089982,0.0948589677123,0.1294322480245,0.1366984140211,1.0000000000000,0.3757326461269,0.3143538367683,0.5290762393121,0.4546060422295,0.2356519680453,0.1777132464898,0.2396478644551,0.3582913475494,0.0307889314499,0.1164794092198,0.3618296873262,0.0976009178548,-0.0823649922467,-0.0002971058116,0.7630008650478,0.3983740849372,0.3598913873707,0.1056951241239,0.4071931631747,0.5888528205668,0.2003092560355,0.0998407842945,0.1450168565279,0.1826411221345,0.0606449432778,0.1794826410956,0.3372691879353,0.1501622631297,0.0921587896304,0.1161568135774,0.2039361036407,0.0964239229697,0.0641158856129,0.0900579397593,-0.0452654465293,0.1939612500767,0.3319227136648,0.0925765208696,0.2197168034720,0.3802108227695,0.0972743884370,0.1475047247543,0.3982709691474,0.2816540818561,-0.0563759591773,0.1347084183618,-0.0367329625297,-0.1938308663342,0.0121292830018,0.0703694158895,0.5749837245423,0.2116843110426,0.6043065022304,0.3898620959606,0.1035361633928,0.0369878105464,0.2680397443623,0.1188223472485,0.2001845319069,-0.0405789290797,0.1513566948090,-0.1214614759565,-0.1839300865046,0.4178424266550,0.0415977766220,0.0891964333541,-0.2877210644040,0.3559054338302,-0.0105860699646,-0.0618476564065,0.0769399292848,0.2890741473220,0.1088285029047,0.1118747230198,0.0646814584859,0.0233741923699,0.0091717492339,-0.0510221742713,-0.2862412658291,0.1529544227631,-0.1371646720213,-0.1377216927860,-0.0049630003983,-0.0474959708459
0.0685419862632,-0.0778707226249,0.1831872928147,0.0732870873889,0.1664070030603,0.1439482760541,0.1594176440514,0.4374511022189,0.5309019643387,0.4731120554136,0.3912354517827,0.5927231546278,0.5348362034960,0.2057911747300,-0.0698912484511,0.3757326461269,1.0000000000000,0.6567177738209,0.2247593322714,0.4680459756827,0.7103218452315,0.3631705316516,0.4278213930540,0.5741358661224,0.2635784949988,0.2155504000948,0.4398043212055,-0.1111387266301,-0.1843889687012,-0.1116360470137,0.5023661040825,0.3212738901443,0.6931102597436,-0.1449206277380,0.4134722411355,0.2678210447223,0.3305695895492,0.0411212195817,-0.0022227166063,-0.0726142564844,-0.1311766486952,0.1944071717483,-0.1145843238011,-0.0330576772619,0.1521250649044,0.1572434467453,0.1031641248894,-0.0941160410566,-0.1720821633289,0.0939661310184,0.1336005941971,0.0342636608344,-0.0090905218177,0.1683058497653,0.0687279854685,0.1313874639229,0.2666740543162,0.2853963246923,0.6466204484000,0.3181011428593,0.3320006924793,0.4056362413935,0.4232983099715,0.1912233952316,0.0914770889937,-0.1536069994991,0.0392722668273,0.6446321513202,0.1632849968379,0.3110892925843,0.6832742603357,0.4540281290545,0.5531928628930,0.2552354150070,0.1684444364950,-0.1287198944336,0.3076408382775,-0.2164165447335,-0.3322342987330,0.4231370681232,0.0769235593173,0.3843909866905,-0.2315951604489,-0.2142811201754,0.0122059686943,-0.3102417331522,0.3355776263692,0.2164047861195,-0.0784927941081,0.0912727519287,0.0148287607339,-0.1330993406056,-0.1452089883130,-0.1228285819264,0.0598385833338,-0.0306523003613,-0.3030907881646,0.0547980930774,0.1468008055337,0.3031643309322
0.1917299807295,-0.2445281491703,0.3304868019522,-0.0783289383334,0.2270204670973,0.4743864621983,0.0841073692206,0.5030994311657,0.6371771459720,0.2904490499938,0.5779630691549,0.4206573369953,0.5351390416743,0.1821148023019,-0.2088000970835,0.3143538367683,0.6567177738209,1.0000000000000,0.0530690530403,0.5322223959008,0.4735705766977,0.2716604205198,0.2866203691426,0.6940381111350,0.4632398624290,0.0098243620675,0.4900430533233,-0.1199739632209,-0.2713934762949,-0.2017022233908,0.4940308758201,0.2390845948841,0.5935292050428,-0.2986052035185,0.5333823852413,0.1539312879795,0.4815662917736,0.2713197933299,0.2593333938510,-0.1420116959359,-0.1210740774741,0.1623592303338,-0.1194766859540,-0.1091540279841,0.2278563782984,-0.0285785047965,-0.0738366909174,0.2400911916371,-0.0021442353237,0.0338882970750,0.2159091985492,0.1501823317826,-0.0658093948156,0.2177125227367,0.3144202032862,0.0023341981954,0.3841671271905,0.3741562824849,0.7130824690574,0.2492361815184,0.2289295805562,0.5184988754984,0.2373002162640,0.2672431039889,0.0651783102396,-0.0779943558172,0.0226018402386,0.7039007671372,0.0134696857510,0.3978502718016,0.4559332004419,0.2768653289892,0.6982878264787,0.2729827558713,0.2701412423965,-0.2754458001526,0.4774906015744,-0.2411442459564,-0.3956493478416,0.5944297240407,0.0225395246282,0.3044018727185,-0.0769356642013,-0.1355767091737,0.0022592453656,-0.5200175452677,0.4538613827050,0.2772157818640,0.0428610769089,0.3529568645284,0.2208385070903,-0.2529894336163,-0.2485033904109,-0.2169521431909,-0.0957684787551,0.2850753500540,-0.2229043088280,0.0118481260987,0.2212577061394,0.1980337800496
-0.0813723110611,0.0467152165836,0.0303992554541,0.2837239549274,0.0434397699039,-0.1174227426234,0.2796313220943,0.4839028314365,0.3334454583263,0.0946901111277,-0.0186726107045,0.0384062875711,0.0479823232983,0.0671289686680,-0.0475181040484,0.5290762393121,0.2247593322714,0.0530690530403,1.0000000000000,0.4450267518754,0.1604481057945,0.1674725528699,0.1936028101347,0.1310674819106,-0.0079844103752,0.2226357762820,0.2245687831048,0.1612617624628,0.0329094914206,0.1728113231834,0.2924312678749,0.2412310906265,0.1760520824037,0.0131493382578,0.0467301362267,0.4494898575732,-0.0376898829564,0.0495274623073,-0.1509356364696,0.0656850669143,0.1651895007450,0.2202813471666,0.1902858696660,0.2358367787469,0.1125164987591,0.2263175316305,0.2394068239316,-0.2794783719654,-0.0207742795000,0.0839471221948,-0.1307865671019,0.0513240792827,0.1104033887198,-0.0838135179446,-0.1070766043447,0.2115882456186,-0.1053384886423,0.3481563883761,0.2767642312919,0.6422585185599,-0.1720605149168,-0.0724112779656,-0.1345248338294,-0.2298521635779,0.0266673596055,-0.2516144944381,0.2987633010479,0.0347309295049,0.7784639951785,0.3210154845206,0.0176395125902,-0.0093328633292,0.0674741157801,0.3227093546808,0.0117742593787,-0.0683758174658,-0.0331305599534,0.0060031419447,-0.0143392930634,0.0699739204036,-0.1964039912099,-0.1511135623246,-0.1174775037092,0.0427517995221,-0.1373487496883,-0.1068727645123,-0.1927719324188,-0.0273239528624,-0.0344543638042,-0.1464613207265,-0.2029142301632,-0.0706810212706,0.0561620545629,0.0093335245250,-0.1400645639212,-0.2188215268311,-0.0026872412548,-0.0189293173035,-0.0261376085596,-0.0418936581134
-0.0082846861444,-0.2438868058230,0.2031667596434,-0.0237467260345,0.1122801541630,0.2779673992096,0.1492955382102,0.5590978744875,0.7076994943154,0.2101346831806,0.3018726002600,0.1999323087955,0.2342511455357,0.0290197779333,0.0421316190107,0.4546060422295,0.4680459756827,0.5322223959008,0.4450267518754,1.0000000000000,0.4233258923864,0.2595748562306,0.2862357966225,0.6506099533944,0.5481672836985,0.3176453950601,0.6633392004846,0.1036672039719,-0.1559214530142,-0.0962528308617,0.5758938066426,0.3967053432115,0.5409337028603,-0.0923010993290,0.3331365150148,0.4329123996718,0.4184532619317,0.5566290525866,0.2448397401192,0.0831829701108,-0.0175196825059,0.1421693506250,0.1008112926710,0.2894957351304,0.4918154249153,0.2163804421325,0.1283102599683,0.1464346042869,0.0425392060770,0.1111974562512,0.0465891958538,-0.0481732161577,-0.1319096118534,0.1305819542655,0.1346102828408,-0.0697280262104,0.2403719886178,0.3271299051754,0.4658896044771,0.6338559462004,-0.0451292969025,0.2277637278018,-0.0132974293576,-0.0867106716670,-0.1121687133584,-0.1385729188247,0.1278762556329,0.2570541028062,0.2789122865760,0.6327907774551,0.1671574339796,0.1822823202508,0.5393575046972,0.5588157523924,0.1021846421953,-0.0251463603069,0.4852688185172,-0.0342840351650,-0.2412601251909,0.3748180348298,-0.0396277441483,0.2018975930840,-0.1422574167749,-0.1319118621195,0.0355356140987,-0.3118025532936,0.2787387085235,0.2673762090469,-0.0443597925202,0.4385859822297,0.1062454933832,-0.0632066279110,0.1251672923390,0.0128291695757,-0.0197118277789,0.1921650504940,-0.1638155444843,0.0633957615628,0.0873635551931,0.0800166190732
0.1552435595712,-0.0569806926588,0.2482481651080,0.1597578366138,0.2253046955805,0.1594519150137,0.2720587269578,0.3415497449401,0.4540673747451,0.5311500028293,0.3048558468244,0.5121620778241,0.4175076925146,0.2616274463382,0.1407520026584,0.2356519680453,0.7103218452315,0.4735705766977,0.1604481057945,0.4233258923864,1.0000000000000,0.3564572126269,0.3815226406745,0.6519830954741,0.2779116528156,0.4422268945865,0.4665481002052,-0.0980290334114,-0.2294394526866,-0.0731640736804,0.3143263062662,0.2445983460685,0.6019570694103,-0.0918608963898,0.5204047182250,0.2915701028623,0.3648014935838,0.1652789008069,0.2246058859839,0.0909690283872,0.0305517068997,0.3269937153535,0.0430681410833,0.1308165053750,0.3453177093926,0.2719274365490,0.0938328025950,-0.0226557390699,-0.1537263257612,0.4494798941780,0.2162399742899,0.0588809069024,0.0170703922117,0.2061170090852,0.0389426205145,0.2867918987412,0.1780641415727,0.1570824120910,0.4600941373853,0.2525442958797,0.2731812483155,0.3601582083081,0.3267044898278,0.0300073951165,0.0833300530672,-0.1845677758610,-0.0940794337542,0.3925693173972,0.0861082272451,0.1704535731844,0.5247118769006,0.4319348418054,0.4637734770948,0.2123351693398,0.1292365572929,-0.0853325659926,0.2617961359712,-0.1883016399599,-0.3277447026573,0.1949294871297,-0.0902648811064,0.1461541798370,-0.1259200492435,-0.3547533691787,-0.0314544170572,-0.3639282765233,0.3047859169790,0.3250706213135,-0.0439542766378,0.1331156355989,0.0816290022968,-0.0315102184800,-0.0322590546170,-0.0864296661667,0.1957371387367,-0.0536313814665,-0.3294149039076,0.1549685313045,0.3583285115965,0.4704552152704
0.3094261023299,-0.1297196738224,0.3858650359846,0.1153017359930,0.4035837692642,0.4356286297354,0.2190301265775,0.1860379256357,0.3310685515294,0.5772634201480,0.4204589986402,0.5148264267588,0.3551811212378,0.4117497583801,-0.0027439040122,0.1777132464898,0.3631705316516,0.2716604205198,0.1674725528699,0.2595748562306,0.3564572126269,1.0000000000000,0.3547998821633,0.4501877738494,0.1304503503274,-0.0124643501158,0.3034020817456,0.1108310396367,0.2111617469101,0.1347342809091,0.2371581252177,0.1521413371795,0.4761118245019,-0.0195633942857,0.2279714293841,0.1340765708532,0.3043681183973,-0.0036789121122,0.0352748318421,0.1331969181800,0.4183169340384,0.4539904592944,-0.1345002413295,-0.1158438837550,-0.0287095085262,0.2751025393268,0.2186927555539,0.1983722922943,0.4066542611202,0.0992024569960,0.3584295291940,0.1308789468326,0.1322889467828,0.3434393303262,0.3354986727264,0.1073197672482,0.2146161832335,0.0699130188096,0.3032924832479,0.2619001976091,0.3922006692695,0.3835265466033,0.3453898015286,0.1571515114334,0.1826961893067,-0.0077380797021,0.1241753949256,0.3332926855519,0.1593220856200,0.1715088750721,0.3850135722783,0.5662062053676,0.4028056330930,0.1303740698285,0.1002508896618,-0.2855073052822,0.0657063275325,-0.1339111637295,-0.1329769335825,0.3260702691772,-0.0391734106940,0.2364176579279,0.0596556255261,-0.0932654842937,-0.1495165883871,-0.1285551138958,0.3112127487035,0.1445830439901,-0.0586881495620,-0.0283367551990,0.0562969906108,0.0398919330154,-0.2595325780584,-0.1416585800600,0.0915178048480,0.2089648896416,0.0331584558843,0.2901738251195,0.2801441345440,0.1918062387276
0.1444849625993,-0.0624401203511,0.1984999005429,0.2677202145290,0.1859497912718,0.2249485621489,0.3091187335624,0.1601964408567,0.3693128948514,0.3287315819346,0.6218197027705,0.4843488135836,0.4154090628748,0.0007227194307,0.0339501471682,0.2396478644551,0.4278213930540,0.2866203691426,0.1936028101347,0.2862357966225,0.3815226406745,0.3547998821633,1.0000000000000,0.4886409060031,0.1279478020563,0.4796364945134,0.5352607034050,-0.1511380854452,-0.1150307683439,-0.3610762627597,0.2559709091343,0.5387943817399,0.4741768713391,-0.1422759705178,0.2858024426706,0.1414797118016,0.2968027165964,0.0203255231655,0.1109573442183,0.0406445073514,0.0514627112983,0.2930099101360,-0.0538985620676,0.1177408378367,0.0340867043655,0.0687956534123,0.1398701294837,0.1191073286170,-0.2342059623245,0.2433592960355,0.1466096021571,0.1068627506751,0.2252214446131,0.0893149056362,0.1565428193878,0.2593182549611,0.0980912476823,-0.0963100753585,0.2501702193480,0.1907219427709,0.0821718901301,0.4775756023678,0.2945242851185,0.1520857227890,0.0577062012604,0.0816817571078,0.0691009514978,0.2538278549799,0.1189527284091,0.0909396893531,0.3254633140163,0.5724427802871,0.4371892153121,0.0859298851556,0.1218158203346,0.1939593644946,0.3815289591935,-0.2886376585013,-0.2217618064706,0.3111898979659,0.1058580353832,0.1519358001721,-0.2631603893676,-0.1393830279625,-0.2597668588766,-0.2585549904179,0.2727996993586,0.2081849413873,0.0547503484764,-0.0602059619113,0.1023680782077,-0.0919988086571,-0.0332180227289,-0.1882739808010,-0.0651703799926,0.1088017509348,-0.3407807112455,-0.0189399447949,0.2020480565375,0.4043104876263
0.2829379424575,-0.2732522197863,0.4417516644026,0.0636356632290,0.3289654083730,0.5464108183582,0.3071733489915,0.2668033656789,0.6836150804779,0.5215994474004,0.6249864864224,0.5761857143013,0.4446822968515,0.2180934884896,0.1010938580577,0.3582913475494,0.5741358661224,0.6940381111350,0.1310674819106,0.6506099533944,0.6519830954741,0.4501877738494,0.4886409060031,1.0000000000000,0.3973380497469,0.2546010751593,0.6703084059028,-0.0737098148332,-0.1930576312625,-0.2472430680134,0.5448431676975,0.3153881391013,0.6593618575177,-0.1520316108363,0.5637568793755,0.3157894642450,0.6049845826719,0.2753142805244,0.4171655405732,0.0721418525316,-0.0079460578007,0.2713320318021,-0.0623566638863,0.0147046107911,0.2456026497269,0.0985582020057,0.0020785518689,0.3280182841749,0.0187729527787,0.2771784253567,0.3669402997884,0.1413868106922,0.0522511746156,0.3688065904658,0.4336270162001,0.0955294728701,0.3204072093516,0.0965816968247,0.5377918146671,0.3861519993622,0.3426992601174,0.6287544050525,0.3642334151958,0.1864742323001,0.0585921972220,-0.0201122316016,0.0564337202020,0.4847923207854,0.1304494913569,0.3787069960060,0.4418101153773,0.5414015732928,0.8078372907301,0.2592520710434,0.1009630044668,-0.0553326776322,0.4930272114890,-0.1814770906661,-0.3134805418887,0.5325784978077,0.0438189467348,0.3041699259919,-0.0874189253294,-0.2147010172976,-0.0968094178232,-0.3826810021242,0.5266881467798,0.4177567876286,0.0263734151363,0.2981217403911,0.3051463413071,-0.0486793286712,-0.1443545552742,-0.1220336973906,0.0851943819784,0.3411365972556,-0.2541518526864,0.1572475333234,0.3479688299540,0.4082067509919
