1.0000000000000,0.4958061815904,0.5173128598165,0.5816059708682,0.7585151658083,0.5305019102517,0.4599537011789,0.1696162407826,-0.0258564253793,0.5635910960039,0.2274489067195,0.4546950539238,0.1935202108694,0.6724963495233,0.3107803249827,0.1384842582112,0.3567925066044,0.2660794264920,-0.1507954126157,-0.0561275923156,0.2799219311823,0.1605862385033,0.1014776518499,0.1733407983623,-0.1541744085673,-0.1734357947177,0.0110570540219,0.1579175451798,0.0323388129419,0.2852763725059,0.0487904094051,-0.1314648438171,0.0779805452000,0.1734518082082,0.0147412023284,-0.1540795671659,-0.0088909974006,-0.3213508544780,-0.1539182013005,0.0279979436934,0.1444326492746,0.4912568053256,0.0020621020430,-0.3067248832455,0.0639146013567,-0.1162113345159,-0.0109643133718,0.0503756513135,0.1008626428041,0.3869928497895,0.7487389995231,0.5038830566520,0.4684083357581,0.4637444688661,0.5116087970289,0.3821020861790,0.0863145986496,-0.1439143366787,0.0769813524481,-0.0107056742425,0.4498052098357,0.3393650401670,-0.0446704879298,-0.1158672188538,0.5381264889334,-0.0486688816109,0.0396840770783,0.2015767911269,-0.0333678821094,-0.0925205250291,0.1263023794524,0.1347030942435,0.1316616711618,0.0440774574492,-0.0580509570776,-0.3719528287970,-0.3306182892632,-0.2169172762505,0.0665019021655,0.1501635773825,-0.2849850874757,-0.2849315555049,-0.1068809295649,-0.2949394602968,-0.2981747361334,-0.2105320004123,-0.1263167707740,0.1347854008538,-0.3039228498387,-0.4740469722875,-0.1558098775592,-0.3914356777174,-0.4279760945852,-0.3511968789039,-0.2066457312409,0.0056848955420,0.3257023184868,0.0725614739562,0.2039501391736,0.2095905058313
0.4958061815904,1.0000000000000,0.2754927861825,0.4803638403807,0.2781559354815,0.2781983553648,0.2718962691898,-0.1037342865647,-0.1278804865205,0.2559658595323,-0.0895725051231,0.1517603261976,0.0583439069671,0.6768174011215,0.7052129180573,0.3047520181250,0.2446302602280,-0.0361079373871,-0.0204134849766,-0.2071490817404,0.1277627085976,0.1499622882461,-0.0298732813447,0.0740154322546,-0.4149864771745,-0.0461341264905,0.0228530090779,0.0906537242691,0.1394884285692,0.5032181591965,0.2039713762403,-0.0533816170259,0.0437355226805,0.0746067443964,0.1682149970930,0.0554979075514,-0.0014324736359,-0.1015620646808,0.1180162706395,0.0188351874625,0.2842943138083,0.2930005554060,0.3482921293648,0.0904918779990,0.0697934548098,0.0446651992962,0.0463500091230,0.0466853001161,0.1378348015513,0.3522545562895,0.3421538469739,0.4146823619065,0.5143913578517,0.1967570666657,0.2060841637712,0.1828995772909,-0.1116277501706,-0.3447869554737,-0.3941186721217,0.0640322324674,0.1492936155599,-0.0048175051727,-0.2289501925121,-0.2103986117450,0.5214248142385,0.2228948832327,0.0852058167365,-0.1963444377813,0.0270699420309,-0.4303669962434,-0.2691419900287,-0.2243923078883,-0.1803549469584,-0.2513331210638,-0.2354973063179,-0.0008287775217,-0.1857931311607,-0.0752193982574,-0.0139721072835,0.0414967086976,-0.1580671879055,-0.2361983559450,0.0991035193134,0.1313542181661,-0.2697089034598,-0.3097849444501,-0.1897423882541,0.1708338451194,-0.1024091338268,-0.3065849327817,0.0102411483294,-0.1821005721570,-0.0783247953670,-0.2214299612038,-0.1908393716969,-0.0320253575370,0.2800586352611,-0.0670138294180,0.0057618028886,-0.0496812961707
0.5173128598165,0.2754927861825,1.0000000000000,0.4990858476023,0.5640806443410,0.8041466822500,0.6288592747970,0.1498852003845,-0.0296242832917,0.2939275121058,0.0905812589019,0.1321700593555,0.1969950162031,0.2166542150724,-0.0626213694446,0.1177564140716,0.1753860018318,0.0806386641807,-0.1745464092256,-0.0166398119645,-0.0616572192600,-0.0460056207690,-0.1066641890306,-0.1867817741443,-0.0211163315007,-0.1816559360473,-0.1226259381822,-0.1786593212483,-0.0855828439109,-0.0242053458575,0.0780279340766,-0.0773512550041,0.0532579775649,-0.2416645563361,-0.0691620723621,-0.1769231704858,-0.1615424022040,0.0158321130097,-0.0653388811928,-0.1870446398042,-0.0088324849369,0.2622465103574,-0.1332643817444,-0.0707955898766,0.0321315994760,0.0246140777675,-0.0811016704727,0.1843801819425,0.0885001996677,0.0780179344938,0.5155837243115,0.8255131308829,0.3338720510869,0.8977681739446,0.6661162619355,0.5416219547345,0.3234927890000,0.1528154793149,0.0006963139974,-0.0773599612323,0.3222699861333,0.2997699391944,0.2147754689791,0.2303764722207,0.2709692601663,-0.2572527434832,0.0081966435095,0.2184414977153,-0.2169525198700,-0.0533463723137,0.0120184059631,0.0178819695014,-0.2430729303447,-0.0776618557766,-0.2377708159918,-0.3606622150927,-0.3478001712350,-0.3753189978931,-0.0758307383403,-0.0586867022986,-0.0690590578089,-0.0488559838837,-0.2560681493873,-0.1617797516347,-0.2714144802657,-0.2354446137246,-0.2732766281750,-0.0480488406050,-0.2842195556168,-0.3297113770207,-0.1729654167690,-0.2931943629104,-0.1103990599595,-0.0342117749597,-0.1283447309463,0.1193686696714,0.2570257450313,0.1072962009973,-0.0004569969654,-0.1448480871930
0.5816059708682,0.4803638403807,0.4990858476023,1.0000000000000,0.6544318828235,0.6688528761537,0.7928791370214,0.1565241705957,-0.1068134956155,0.3852644898455,0.2070809480257,0.3626991645321,0.1556274037896,0.4903064962913,0.3872015444466,0.4259297167822,0.4024832110020,0.3735085876246,0.0760217085141,-0.2154147378218,0.1422528636673,0.0979432994754,0.0147997916412,0.1872230988165,-0.3092679107322,-0.2547281348976,-0.1092589259713,-0.0800188816040,0.0535063580086,0.0501081098128,0.1257471362470,-0.2331889115770,-0.0239322920684,-0.1145538302185,-0.1503502128294,-0.1432784880578,-0.2627716239923,-0.3110457457761,-0.1995088636390,-0.1459138206019,0.0076032021613,0.4034847978007,-0.0838110364609,-0.3172974931671,-0.2201796436193,-0.0926328225894,-0.2636175893261,0.0821890361033,0.0583574570645,0.1538625725300,0.6047837718099,0.4600396086791,0.8217034295365,0.5968812845543,0.5691344653834,0.7855876170115,0.2723255202658,0.0314559535536,0.1399244651651,0.0403338893528,0.4260404357730,0.3492003753851,0.2000321221267,0.1941792852593,0.5377717328166,-0.0612331272296,0.1540404153748,0.3553483546718,0.0332324446404,-0.1486860692615,0.2984725613942,-0.0024133822186,0.1146418847477,-0.2639812824621,-0.1586208247497,-0.1136772342761,-0.2435601470892,-0.1166345342577,-0.0211976367247,0.1943104515731,-0.1305326599966,-0.0597992114802,-0.2944212671507,-0.3081404166344,-0.5235195760445,-0.2745044848591,-0.3059273320280,-0.0557701586330,-0.4129449260042,-0.5513209789931,-0.3723043599746,-0.3171941322902,-0.2182903753188,-0.2673813568141,-0.1045078525794,-0.0329902409243,0.2078286549874,0.1958146667837,0.1295508077026,0.1480414559837
0.7585151658083,0.2781559354815,0.5640806443410,0.6544318828235,1.0000000000000,0.6707212027976,0.6113429626858,0.2415408583994,-0.1515716417792,0.5033493182095,0.4146123773743,0.5046237576241,0.3647735221480,0.6262360134857,0.2264077417165,0.0791692915305,0.4546536592512,0.4305281885346,-0.2655016181284,0.0058529281926,0.3617895547965,0.3317799249067,0.2570300420788,0.2296513543258,-0.1137899116507,-0.1368648885012,0.1413619375416,0.2163584689035,0.2110558776087,0.1937140506611,0.0248375261315,-0.0847320037691,0.1874813775554,0.1773147441162,-0.0118367379474,-0.3283364610575,-0.0624589866697,-0.3520658341494,-0.2166519247466,0.0805731962859,0.1971346854668,0.6294631120581,-0.0274363912164,-0.2710601329753,0.1553959221897,0.0711485381183,0.0027124940584,0.0802721361035,0.3534006466011,0.3762609663610,0.8951469055081,0.3935998006894,0.5632780101981,0.5442259504281,0.7728280946870,0.4742869839824,0.1076185168507,-0.0711078526142,0.1065316745914,-0.2256492179521,0.4643166523464,0.6172527974962,0.0300642043029,-0.0381905137631,0.3067622645238,-0.2158615049100,-0.1325972178697,0.4221920583237,-0.2848908930577,-0.1078220985560,0.1755606886954,0.2056301032040,0.1177355616615,0.0478075420098,-0.1429406682143,-0.5243257858657,-0.3326039795256,-0.3178715628684,-0.0700081214787,0.1246128390515,-0.3889631073419,-0.3276526379188,-0.1927611572483,-0.4132972189930,-0.3986992935980,-0.2505478269927,-0.1868321578226,-0.0306554069951,-0.4280582525977,-0.5450446552061,-0.2718648660172,-0.3796373960926,-0.4441219359585,-0.2857244468508,-0.2806410305994,0.0171789717923,0.4836120806393,0.1964867287657,0.2201345421955,0.2183669707511
0.5305019102517,0.2781983553648,0.8041466822500,0.6688528761537,0.6707212027976,1.0000000000000,0.6888976439586,0.2952377733863,-0.0138333193490,0.5204907144404,0.3942693617581,0.4309698659625,0.3870041153390,0.4127026492548,0.1669364736754,0.2326939496137,0.4269419486396,0.3093776064587,-0.1828638209651,0.0312733257231,0.1537493089108,0.1017431145489,0.1106304899762,0.1101695179376,-0.1339748525402,-0.0946863522619,0.0509778386418,0.0007213907113,-0.0458341036042,0.0440646734032,0.1529482189649,-0.0231053220764,0.2041898815260,-0.0569963056894,0.0010680414878,-0.2050000664065,-0.0498211418935,-0.1438395810781,-0.0020639439465,0.0240902103506,0.0452092165070,0.4542820731846,0.0031298229040,-0.1184614897828,0.0977811453327,0.0223957529432,-0.0867741034263,0.3368034760162,0.2217033158108,0.2275829092869,0.5530507490339,0.5849736952187,0.5005922547267,0.8993129333516,0.8093008433308,0.5782819776880,0.3150827269016,0.1172022796510,0.0294301584428,-0.0485657204690,0.4338379544658,0.5405496681186,0.1455154070139,0.1575223958414,0.2932184995676,-0.1933470977853,-0.0613467847321,0.3830402978656,-0.2546293146367,-0.0370836681009,0.0753110190030,0.0725918690301,-0.0367931689433,-0.0667618658504,-0.2911190233158,-0.4550984212770,-0.2504354854327,-0.3632925728301,-0.1953136726287,0.0447434273201,-0.2352238620466,-0.2049723382910,-0.3209074918074,-0.2533795394915,-0.4535422798942,-0.3685106195140,-0.2104840235663,-0.0202493210263,-0.3859268762709,-0.4683624958335,-0.1555269080569,-0.3281488198851,-0.3018459551978,-0.2611965512745,-0.3025190938165,0.1987751872162,0.3136201405067,0.0373516760729,-0.0109879918322,0.0048364814428
0.4599537011789,0.2718962691898,0.6288592747970,0.7928791370214,0.6113429626858,0.6888976439586,1.0000000000000,0.1609319107843,-0.0608183688036,0.1805128097740,0.1200966284001,0.1109833587973,0.1345491617771,0.2480279245833,-0.0125998094459,0.3901043470425,0.2863488752987,0.3204588438585,0.0124743723809,-0.1693161215233,-0.0947125782909,0.0163776235008,-0.1278963728055,-0.0102338682756,-0.1752039289346,-0.2053137948807,-0.1861493382212,-0.1735707151070,0.0024673356890,-0.1203441781459,0.1613615660309,-0.2127882077423,-0.1191462206037,-0.3023616625543,0.0240173857761,-0.0804670459365,-0.1668428276509,0.0023669296390,-0.0555642284794,-0.2429184373808,-0.0243776180819,0.2970049540684,-0.1794933891436,-0.2178274800171,-0.1484343694370,-0.0990239872769,-0.3019825261588,0.1305654986383,0.0459094071138,0.0098555458294,0.5884668106500,0.5549526944299,0.6636826265720,0.6745383784566,0.6691715358551,0.8625499430943,0.3280578027260,0.1799441774380,0.2419037216758,-0.0309582609082,0.3923944091584,0.3353402464904,0.3280483593838,0.3109401754780,0.4497439500001,-0.1539605841779,0.2005608020840,0.4942824710315,-0.0585761303368,-0.0716731930803,0.2293167948461,-0.0423793120578,-0.0060563601099,-0.2811740084718,-0.1574600075695,-0.1821000798363,-0.3409993011791,-0.2110481303964,0.0929905045709,0.1986600434646,-0.0443784420664,0.0280732565692,-0.3093825546115,-0.2224239523229,-0.3199462018426,-0.1695377807821,-0.1782992576672,0.0417626870967,-0.2718150553453,-0.3907695478356,-0.2215501318242,-0.2743251614576,-0.0723543326542,-0.1551035605256,-0.0861258373593,0.0629100157750,0.3128192989090,0.2732847153113,0.1814231121102,0.0834052706999
0.1696162407826,-0.1037342865647,0.1498852003845,0.1565241705957,0.2415408583994,0.2952377733863,0.1609319107843,1.0000000000000,0.6128871933967,0.4637130746660,0.5761530433003,0.4871226069639,0.5905200605970,0.2744239154798,0.0150150630362,0.0536541039124,0.5351497167333,0.6339786864948,0.1049134585782,0.6091983638494,0.4219912880326,0.2739011173577,0.3726593341634,0.4539545489784,0.2787289881194,0.1653608028448,0.3547004915875,0.3295434690793,0.2114887434806,0.1348254530632,0.0477063689882,-0.0169753594041,0.3890619713222,0.2133166516816,-0.0320204818124,-0.1509502095784,0.1292714008998,-0.0298904689181,-0.0181059260916,0.3158583418187,0.1466994074987,0.4240705001094,0.0514024090015,0.0201860544598,0.3953412512692,-0.0797723485090,-0.0385532255224,0.0940665684078,0.2687134949517,0.2861876193911,0.1074087790479,-0.0787972751133,0.0371079997453,0.2077392416674,0.1438732125101,0.0369879305693,0.3797381657683,0.4536135957546,0.4619795914996,0.3676134153905,0.2473248650741,0.4458103178070,-0.2161355975868,-0.0644440982567,-0.0166206287361,-0.3321913658207,-0.2934079536628,0.5482713440121,-0.1222657342434,0.5761038291182,0.0549833943568,0.1242302639006,0.3953645172590,0.5071802448949,-0.0931847879165,-0.4056151441683,-0.0583083241271,-0.2340035154216,0.0837288662982,0.0500220663500,-0.5593517148647,-0.4532000879166,-0.1965319434012,-0.3904991653289,-0.2598728377455,-0.3093706881597,0.0289513930081,-0.2360061053731,-0.2876450105641,-0.1427092373594,-0.1232089086597,-0.2492505750916,-0.3765324191625,-0.4043893988973,-0.4453882181864,-0.0124757986138,0.1477114698062,-0.0912557053989,-0.1531332775657,0.1443145855516
-0.0258564253793,-0.1278804865205,-0.0296242832917,-0.1068134956155,-0.1515716417792,-0.0138333193490,-0.0608183688036,0.6128871933967,1.0000000000000,0.2101281431850,0.2488522503759,0.1903862857179,0.2631504700096,-0.0119742505880,-0.0663231038165,0.0141109241683,0.1640132147419,0.2543136575581,0.3757405818332,0.4937253031977,0.1495990762400,-0.0577738874775,0.2131287984579,0.2530237671847,0.3132631095873,0.2531812385154,0.2544981216913,0.1421673538016,0.0627432255886,0.0134398720444,-0.0456543478340,0.0306398974624,0.1832988923016,0.1299122637257,0.0450795902849,0.0782146134949,0.1906417983064,0.1099844721124,0.1356896680559,0.2654303742041,-0.0287095976892,0.0796792166230,0.0697306082177,0.1838136352675,0.2113255784128,-0.0738805456776,-0.0816995550224,-0.0176569789857,-0.0135486511239,0.1410114828099,-0.2422040090639,-0.1644127370167,-0.1596825855462,-0.0184069306530,-0.2302235017927,-0.1213951626653,0.1257089946239,0.3943161352660,0.4168069888512,0.8145478741820,-0.0862333225872,0.0429078955260,-0.2466968065372,-0.1006290987383,-0.0044861840939,-0.1352503071395,-0.1456247402240,0.1063570994928,0.2030001764771,0.5201512351090,-0.0465668380424,-0.0420976010591,0.2843133641628,0.4612635679878,-0.1118237806052,-0.1369871451639,0.0813217327961,-0.2205286873801,0.0502335935970,-0.1172759323273,-0.3627633649834,-0.3043821376643,-0.1685814177327,-0.1519877678227,-0.1829126544763,-0.2336162685573,0.1471116265638,-0.0813522330066,0.0714284073316,-0.0139343370586,0.1034425119842,-0.0387148852730,-0.0825919389095,-0.2821028299301,-0.3281119326976,-0.0981042062864,-0.1131701166428,-0.3420970622647,-0.2737711923826,0.0606540431956
0.5635910960039,0.2559658595323,0.2939275121058,0.3852644898455,0.5033493182095,0.5204907144404,0.1805128097740,0.4637130746660,0.2101281431850,1.0000000000000,0.6804235524701,0.8649964135631,0.5079296974106,0.6300876579814,0.3917508532409,0.1313913055952,0.5573014059114,0.3812333659875,-0.0773477660584,0.2484260578694,0.5707552670641,0.4502882498423,0.5377756773200,0.4802064287542,-0.0747752302320,0.0984499421970,0.3617374574178,0.4641909677856,0.1284838052502,0.3746869757062,0.1185640743026,0.1041371856685,0.4769942869455,0.4243652402283,-0.0027346829551,-0.1847197009034,0.1365929717770,-0.3252943822264,-0.1355841150642,0.3748833296505,0.1741835566567,0.6749036914099,0.1253649919425,-0.1687910835748,0.3374570399349,0.0039095084884,0.1146413291804,0.1616574443218,0.3106223517812,0.4888557171146,0.4105014742923,0.1012505934251,0.3097249375055,0.3582099358528,0.3734466490743,0.0708147637559,0.1339723461084,-0.0255850329288,0.0497765966548,0.0792100884711,0.5754428827791,0.6380735661574,-0.1749801816292,-0.2470380829505,0.2610568511425,-0.0138239560323,-0.1694568444647,0.2369998107478,-0.1018755161061,0.1436687985932,0.1594082293329,0.4019566889529,0.3867138010507,0.2469318997661,-0.1028012792692,-0.4649733148151,-0.0704605756210,-0.2443128213390,-0.1383457255880,0.1127592156261,-0.5044598061596,-0.4787748009802,-0.2015133589794,-0.2975050781809,-0.3827330383727,-0.2870653107711,-0.0051487124528,-0.0394890345594,-0.3268660856077,-0.4370485085612,-0.1607541372952,-0.3234191022051,-0.5415752554083,-0.4324507386950,-0.4988985840465,0.0760197403355,0.3004380142879,-0.1386806243004,0.0382400751261,0.3105075636258
0.2274489067195,-0.0895725051231,0.0905812589019,0.2070809480257,0.4146123773743,0.3942693617581,0.1200966284001,0.5761530433003,0.2488522503759,0.6804235524701,1.0000000000000,0.8068817514709,0.6509381004910,0.4504587689918,0.2315348506765,0.0806527360873,0.6020404679361,0.5997218750591,-0.0875191717782,0.4415861567403,0.6505486021756,0.4117798900770,0.6853127944492,0.6310008590579,-0.0130087270059,0.2934084139329,0.5826813279928,0.5498069429914,0.2918767076764,0.2374168429556,0.1619643176449,0.1436897966153,0.5241169670943,0.4546246293108,0.1940234220226,-0.1433335168510,0.2537601191934,-0.2127365076277,0.0868688971704,0.5507989229413,0.2227526872308,0.5674081626379,0.2692674482583,-0.0367566789712,0.5503047939385,0.0500454538603,0.0834970189525,0.3106843695952,0.5096037566559,0.4396776088712,0.2632679934819,-0.1532752167872,0.1317861017808,0.1889456832745,0.3602490946647,-0.0686608733593,-0.0190502907400,-0.0104670786857,0.1414283499996,-0.0398491363303,0.2660635415483,0.7370325855770,-0.3358485994843,-0.3100939127647,-0.0326072598521,-0.1005755315091,-0.3498840742970,0.4152251872743,-0.2834646131618,0.2244391865681,0.1052036080883,0.2675006518782,0.4703114052732,0.3218487649256,-0.1277413162425,-0.5287680098469,0.0800453599190,-0.2557599814895,-0.1481952233043,0.1092656560702,-0.6588193058436,-0.6470164166517,-0.1997068160945,-0.2726596323233,-0.3838686494446,-0.3817240864776,0.1102396319690,-0.0654691385899,-0.2714079262518,-0.2766636836832,-0.0187750567375,-0.2087507115645,-0.5729993184080,-0.3647092696673,-0.6581038425220,0.1858967813351,0.3159013307462,-0.2034007578882,-0.1785337016779,0.2461505120953
0.4546950539238,0.1517603261976,0.1321700593555,0.3626991645321,0.5046237576241,0.4309698659625,0.1109833587973,0.4871226069639,0.1903862857179,0.8649964135631,0.8068817514709,1.0000000000000,0.6465628507337,0.6601110173527,0.4762288964705,0.1671884273348,0.6834927146069,0.5586297561245,-0.0985021403411,0.3149711220881,0.7122261804638,0.4128500044416,0.6739168212826,0.6463800118221,-0.1300597626561,0.2526379664041,0.5091996004171,0.5695538219357,0.3322369248779,0.4215966017421,0.1556999005536,0.2007928740285,0.5618215932774,0.5285260249793,0.0762973434208,-0.1983348293345,0.1463744507766,-0.3495449916341,-0.0827754079326,0.4798294275328,0.2309467002311,0.6620311996182,0.2343423516112,-0.1269662768311,0.4293649981613,-0.0003645523047,0.1645846676585,0.2255795287418,0.4686624226246,0.5369205949385,0.3671480554566,-0.0919799210193,0.3135185893730,0.2215858966533,0.3380907145410,-0.0165746327769,0.0085181851575,-0.1145118955379,0.0833100820999,0.0498598364217,0.3647717084587,0.6975163977991,-0.2659978243464,-0.3066906988740,0.1747698079408,-0.0142904003565,-0.2342385257599,0.3314446914159,-0.1929832614558,0.1150061530734,0.1795241091320,0.3741448142786,0.4567929178498,0.2299211893871,-0.1126520593967,-0.4879680059070,-0.0205315330899,-0.1997186549912,-0.1318472263393,0.1506219758750,-0.5891465233026,-0.5888463210800,-0.1882304134693,-0.3246807948656,-0.4299198107873,-0.3483401276073,-0.0142430586179,-0.0672823304851,-0.3571264884447,-0.4320178339726,-0.1553617609282,-0.3312816827406,-0.5961983653932,-0.4278228698484,-0.5842520838292,0.1028486659532,0.3283549661747,-0.2042047970133,-0.1109431105267,0.2968453310481
0.1935202108694,0.0583439069671,0.1969950162031,0.1556274037896,0.3647735221480,0.3870041153390,0.1345491617771,0.5905200605970,0.2631504700096,0.5079296974106,0.6509381004910,0.6465628507337,1.0000000000000,0.5028115479922,0.3336111652528,0.1641462540417,0.8051041544489,0.6627997429654,-0.2984145670566,0.5166440604057,0.6301218123391,0.2967149732111,0.4910809230801,0.5718773196109,-0.0851979134772,0.5166805800688,0.6073671027565,0.5059267318242,0.3917707474024,0.4159535313171,0.2527157188379,0.3976452063185,0.7071619598435,0.4707022276154,0.2787188584334,-0.1319281678078,0.2738133631434,0.0074319498182,0.2267603093272,0.5040834150807,0.4757614195824,0.6165270331334,0.4635038271066,0.2492739301039,0.6685327942103,0.1147759539426,0.3352277810369,0.3242333237057,0.5461331715702,0.6228220176672,0.2144308365481,-0.1102120035751,0.1331573480385,0.2329089654308,0.3535384605700,-0.1326078293645,0.1005416087688,-0.0888410467799,-0.0249846869207,0.0450153729234,0.0600907047073,0.5676734515178,-0.4130810790292,-0.1517452210633,-0.0964596703600,-0.1130457760879,-0.3840956032228,0.4923652829728,-0.5049225942004,0.0833529098114,-0.2599697031264,0.0776769322586,0.1639100566860,0.2476092074386,-0.3305096268078,-0.6285853515849,-0.0941649143152,-0.3644128676390,-0.0881254697216,0.1023459852095,-0.6245686959571,-0.6210553575254,0.0098002691292,-0.2212460471064,-0.3143576462200,-0.3627438338545,-0.0511655013840,-0.0399112559390,-0.2147657157444,-0.2566412056949,0.0749624939065,-0.2558821586270,-0.4269804047433,-0.3399133334502,-0.6052862890707,0.1927525120200,0.3195626719437,-0.2073061272145,-0.1633357715169,0.1333369094685
0.6724963495233,0.6768174011215,0.2166542150724,0.4903064962913,0.6262360134857,0.4127026492548,0.2480279245833,0.2744239154798,-0.0119742505880,0.6300876579814,0.4504587689918,0.6601110173527,0.5028115479922,1.0000000000000,0.7424593635775,0.2482602373155,0.6426466377709,0.4135269665778,-0.2574593326289,0.1224791440365,0.6203261359402,0.4068646979026,0.4275369793426,0.5012485093004,-0.3242763760747,0.1608015814002,0.4063416212449,0.5614717102619,0.3949059361476,0.7105178311498,0.2246355758454,0.0947712858745,0.4184735142743,0.5095879498385,0.2511437574469,-0.1266308987109,0.1451653768809,-0.3014230404090,0.0374500952637,0.3985020464545,0.4463834691898,0.6724863433568,0.4307125106089,-0.0666815634110,0.4549468611509,0.0432209794489,0.2112986129402,0.1843743586009,0.5521102808294,0.6616477783416,0.5762972623316,0.1252118642291,0.5021913917221,0.1938724992324,0.4151698996056,0.0366434404280,-0.1384477188374,-0.3776318932177,-0.2084603867387,-0.0281816111966,0.2517285416245,0.4356483732719,-0.4597487959278,-0.4459726552830,0.4241249899571,0.0934036591690,-0.1709094213148,0.1586347136954,-0.2539279104279,-0.2210640119902,-0.1949430222798,0.0643425360912,0.1406084666029,0.0285931498867,-0.2235396339670,-0.4707544151921,-0.1907280594361,-0.1773369258280,-0.0489046526140,0.1631171058943,-0.5892380870501,-0.6532774003934,0.0071777107753,-0.1597858080690,-0.3759323845084,-0.4014995053904,-0.1166404799870,0.1143996396451,-0.3312021165026,-0.4378669988216,-0.0637879215949,-0.3772295200857,-0.5772145087502,-0.4627628182008,-0.5488236793311,0.0891154700893,0.5535932170229,-0.1427603168478,-0.0288636748663,0.1586487736852
0.3107803249827,0.7052129180573,-0.0626213694446,0.3872015444466,0.2264077417165,0.1669364736754,-0.0125998094459,0.0150150630362,-0.0663231038165,0.3917508532409,0.2315348506765,0.4762288964705,0.3336111652528,0.7424593635775,1.0000000000000,0.3787344580172,0.4947141717937,0.2271727439243,-0.0505476082984,0.0323413945949,0.5284867469494,0.2023862310061,0.2811547903969,0.4934207671902,-0.4547973725910,0.2175178369359,0.3597372343787,0.3834236479705,0.3165703636241,0.6387795782622,0.3041847428463,0.1675972268380,0.3611905869693,0.3774580888872,0.2530477899888,0.1452202525527,0.1424030226836,-0.2433493485947,0.2032833307230,0.3051811316048,0.3557301740811,0.3727931023822,0.5999690291565,0.0696900028645,0.2704693116002,0.0192655776336,0.1822926864906,0.2204521029229,0.3709406845824,0.5879981681872,0.1696285372084,-0.0920867572612,0.4186470350793,-0.0333713483101,0.1236686264642,-0.1369948850988,-0.2800837207544,-0.5172568349124,-0.4028186052153,0.0574940932246,-0.0019163718279,0.1403991147595,-0.4715811625476,-0.3765356477679,0.2532525216308,0.3767482992192,-0.0346556567120,-0.1156373874087,-0.0360112653301,-0.3704134950721,-0.2395036737084,-0.1696756596086,0.0690013636769,-0.1255223561300,-0.2087322979940,-0.0963693471823,0.0241309308193,-0.0190152381994,-0.1741251562084,0.1724426198207,-0.3828420911497,-0.4467082535383,0.1714830736594,0.0944699378823,-0.3421493803891,-0.4596115186897,-0.1453461878059,0.2102871420600,-0.0823120237055,-0.2795536506324,0.0721978874633,-0.2188922318552,-0.3415258581995,-0.3750921756704,-0.3722660323866,0.1154644607573,0.2231534578308,-0.2710473845724,-0.1205588857515,0.1339556404563
0.1384842582112,0.3047520181250,0.1177564140716,0.4259297167822,0.0791692915305,0.2326939496137,0.3901043470425,0.0536541039124,0.0141109241683,0.1313913055952,0.0806527360873,0.1671884273348,0.1641462540417,0.2482602373155,0.3787344580172,1.0000000000000,0.4077981998519,0.2678857961889,0.2427542907946,0.1290302580093,0.1624197758982,0.0317367644958,0.0109848864958,0.2776317553616,-0.3127713670411,0.2458286300201,0.1017949090244,0.0429734784090,0.0473350588366,0.2566025881843,0.7692426445717,0.2358153911407,0.2674792013943,-0.1329687009411,0.3597548500358,0.4706076115880,-0.0601616555819,0.3072201740404,0.0550726797061,-0.1629777655441,-0.0823549782897,0.0195709408359,0.2596368530612,-0.2714760441336,0.0646652653247,-0.2014407336303,-0.0184282785443,0.3568118033827,0.1448095985763,-0.0423885161858,0.0775519078673,0.1375695054123,0.4489332089201,0.1823352898399,0.2706400021002,0.2445522530519,-0.0095639924960,-0.2615078612111,0.0850177559623,0.1293380130334,0.0183709834558,0.0833650946935,-0.1129086940711,-0.0839415695143,0.2355680367685,0.3892513227401,0.6717146592535,0.1005612096827,0.2932192560011,-0.0492794995028,-0.0221512499235,-0.1506694726207,0.0664815610008,-0.3349708680207,0.1231021256909,-0.0742517313038,0.0681421495519,0.0671896049913,-0.0285579299653,0.6188589679703,0.1345830562225,-0.0339424493414,-0.1105767867238,0.3945326276850,-0.1112824922119,-0.1653626836887,-0.1753361649900,0.3862079697646,-0.1720768032307,-0.1102672920152,-0.1535711963471,-0.4133447187827,-0.2544031372452,-0.1241796939266,-0.2782688414200,0.3679197246767,0.1474736497731,-0.1753019997486,-0.2682878318272,-0.0991085697044
0.3567925066044,0.2446302602280,0.1753860018318,0.4024832110020,0.4546536592512,0.4269419486396,0.2863488752987,0.5351497167333,0.1640132147419,0.5573014059114,0.6020404679361,0.6834927146069,0.8051041544489,0.6426466377709,0.4947141717937,0.4077981998519,1.0000000000000,0.7835274132841,-0.0982828815810,0.4348412163307,0.7031081429173,0.3879533708468,0.4941878407399,0.6747143476081,-0.2487075828778,0.4212980750744,0.5934510513848,0.4683581900957,0.3897985200599,0.4485868326112,0.4794787081294,0.3050401476595,0.6578749453694,0.3679855250697,0.2412731337432,-0.1098784686852,0.2630612478381,-0.0311602039003,0.0842402156809,0.3423775562435,0.3290957691714,0.5657883571364,0.4179920109544,0.0139447688953,0.4906139010194,0.0110018019868,0.1757560518151,0.2173163703706,0.4531306716190,0.4956204493568,0.3235498348084,-0.0313352557947,0.3469170571245,0.2361168038898,0.3762619929878,0.0383159912636,0.0426384921080,-0.2480386224968,0.0295183574988,0.0394723195077,0.1837452871619,0.5720356900522,-0.3775348752022,-0.2529261983319,0.1114957144775,-0.0688976241981,-0.1647347449313,0.5200885460848,-0.2739407254655,0.0327576832355,-0.0197972227054,0.1492059220800,0.3341213172659,0.0886901544783,-0.1386419070618,-0.4866942739906,0.0222646255194,-0.2814454232347,-0.0781390255036,0.3865409541320,-0.5295183038101,-0.5226282207726,-0.1281360345968,-0.2175074842869,-0.3385617368547,-0.3790886125361,0.0043441083832,-0.0065796338951,-0.3420621868879,-0.3333036852283,-0.0929580280144,-0.4178584434125,-0.5019823059028,-0.3972459024246,-0.5661658683334,0.0789388561757,0.2975660892101,-0.1922253734555,-0.1697909818306,0.1180887050031
0.2660794264920,-0.0361079373871,0.0806386641807,0.3735085876246,0.4305281885346,0.3093776064587,0.3204588438585,0.6339786864948,0.2543136575581,0.3812333659875,0.5997218750591,0.5586297561245,0.6627997429654,0.4135269665778,0.2271727439243,0.2678857961889,0.7835274132841,1.0000000000000,-0.0027509957258,0.4420356693332,0.5245099055481,0.2172999479673,0.4072318858377,0.6463546874716,-0.0801494772568,0.2479490232760,0.4429610810378,0.3464683836341,0.3410682499306,0.1812499154113,0.2918100229813,0.1002261874192,0.4153186711905,0.2396058822542,0.1497439989979,-0.1309161039294,0.1860793425586,-0.0654351533233,0.0522927734125,0.2559300682809,0.2469723574667,0.5016081858676,0.2105184014390,-0.0633997901275,0.3232156199833,-0.0689158739883,0.0189680955275,0.1270994396597,0.3010818398849,0.3907962216305,0.2886107419993,-0.1380922433597,0.2996346964824,0.1756336938758,0.2859720921221,0.1545620803204,0.1337724365971,-0.0124868633832,0.3416523724695,0.0668449663057,0.1389520936673,0.5429765495186,-0.2296338194854,-0.0642267224020,0.0588091255032,-0.1731795899469,-0.2104814043256,0.6879197386083,-0.2345150197205,0.2444919389891,0.1330773058673,0.0791640527865,0.4619149033253,0.1376496993242,-0.0840807979580,-0.3920852746147,-0.0166995922381,-0.2326951503709,0.0311334547489,0.3853078409795,-0.5112883866202,-0.4279953300468,-0.1875179708666,-0.3460296726428,-0.3427687664939,-0.3353403429505,0.0212863102290,-0.0800741570355,-0.2543792403441,-0.2937457162755,-0.1160291106490,-0.3271042629850,-0.4382986972388,-0.3801776958108,-0.4129237218606,-0.0145893916077,0.2166435867672,-0.0785800908680,-0.0664458995415,0.2069543822210
-0.1507954126157,-0.0204134849766,-0.1745464092256,0.0760217085141,-0.2655016181284,-0.1828638209651,0.0124743723809,0.1049134585782,0.3757405818332,-0.0773477660584,-0.0875191717782,-0.0985021403411,-0.2984145670566,-0.2574593326289,-0.0505476082984,0.2427542907946,-0.0982828815810,-0.0027509957258,1.0000000000000,0.1433075278008,-0.1064456503121,0.0136411431137,0.0345805280949,0.1346499023967,0.1890737702587,-0.0106638977138,-0.0051968893910,-0.1305205256211,-0.0503893814290,-0.2618916958976,-0.0240529786471,-0.1104656526581,-0.1580603308154,-0.2185100254736,-0.1991461509533,0.3811152162965,-0.1751869022383,0.1283615567432,-0.1246505513603,-0.1410301429478,-0.2741898802322,-0.2659152879836,-0.2581679096813,-0.0650945474314,-0.3551288261879,-0.0263199252233,-0.3639441294693,-0.1941519060832,-0.2789185439515,-0.3206114768696,-0.2262725437376,-0.0358006210590,0.0653218528046,-0.1396783092084,-0.2495258728669,0.1391841327358,-0.0756784031177,0.2224997605873,0.4844300666904,0.4665052303711,-0.0743774007579,-0.1779271916222,0.0586786475801,-0.0267233721476,0.1565913675970,0.1239494449247,0.3681146943899,-0.1345502001009,0.8013417951043,0.3353166519723,0.3607685395681,-0.0184743026448,0.4120454795876,0.0394652787771,0.1456972744206,0.3754290573052,0.2447861766293,0.1577644398375,0.0462576983265,0.1262725073633,0.1107980178330,0.1566627652933,-0.2939935678230,-0.0169785644093,-0.1692883326554,0.0660389391504,0.0608241920610,-0.0448377341846,0.0835945289867,0.0445666948150,-0.1453010824741,0.0467985988322,0.2292080228505,0.0428316521662,0.0124395513264,-0.1940560494042,-0.2310746152641,-0.0891329569086,-0.2157123985516,0.0694328307466
-0.0561275923156,-0.2071490817404,-0.0166398119645,-0.2154147378218,0.0058529281926,0.0312733257231,-0.1693161215233,0.6091983638494,0.4937253031977,0.2484260578694,0.4415861567403,0.3149711220881,0.5166440604057,0.1224791440365,0.0323413945949,0.1290302580093,0.4348412163307,0.4420356693332,0.1433075278008,1.0000000000000,0.4731205734525,0.1577195493120,0.4782148570459,0.5149074074286,0.4792630239477,0.4929594516619,0.6146167716171,0.3524415924922,0.1499104831120,0.1802298498740,0.2732139785623,0.3528467827612,0.5806862781706,0.2958708988273,0.1653176920453,0.1425325950529,0.2775276342939,0.3412812289911,0.0806170182301,0.3129914280023,0.1088416201573,0.1795485523737,0.2506392747341,0.1992371034037,0.5758988635085,0.0703821715703,0.1526119688310,0.1479997208397,0.2756902842362,0.2661308205016,-0.0963422661740,-0.1922174851954,-0.1971132654550,0.0012485830145,0.0172176162467,-0.3423701180954,-0.0087449553768,0.0718675473123,0.2386755339452,0.1966554090204,-0.1189405433059,0.2009472768313,-0.4806573920630,-0.3290394730510,-0.2734408487397,-0.0783806558492,-0.1321385801945,0.1886904881527,-0.0380980061930,0.5429191790040,-0.1464883866297,0.0011268448720,0.3414830977727,0.5836267001558,-0.0192788134922,-0.3935475085763,0.1955556961912,-0.2623206922303,-0.0677404964390,0.2092638155286,-0.4666870607257,-0.4532645354606,-0.1414110574902,-0.1080471955288,-0.1142614506159,-0.2931839376769,0.1014679243635,-0.0108260022798,-0.0957768379755,0.1608307738547,-0.0054627651540,-0.2855418035578,-0.2936697790582,-0.3086672351897,-0.5111788339924,0.1076271367644,0.0925990728713,-0.3633163810659,-0.4182505231478,0.0036100449980
0.2799219311823,0.1277627085976,-0.0616572192600,0.1422528636673,0.3617895547965,0.1537493089108,-0.0947125782909,0.4219912880326,0.1495990762400,0.5707552670641,0.6505486021756,0.7122261804638,0.6301218123391,0.6203261359402,0.5284867469494,0.1624197758982,0.7031081429173,0.5245099055481,-0.1064456503121,0.4731205734525,1.0000000000000,0.5135707096686,0.7342574838880,0.7511927082797,-0.1594869830411,0.4407474877879,0.7724896991602,0.6613316171975,0.4657859158188,0.5677718524374,0.2985898309824,0.3237008682756,0.7292767518431,0.6389563412790,0.2021581095870,-0.1095277444510,0.3262147995581,-0.2443935608098,-0.0424960672826,0.5455210661506,0.2391168018361,0.4945164860800,0.4528135217734,-0.0501779010625,0.6103260618965,0.0998211293816,0.3107854666102,0.1564353635260,0.5674241934891,0.5547371948735,0.1982932773210,-0.3044785737746,0.0549969094290,-0.0364846583258,0.1705454077406,-0.3152917361523,-0.1837410472590,-0.3261606109071,-0.0471337734909,-0.0574310577947,0.0671832964114,0.4259611707469,-0.6163943440984,-0.5568252881443,-0.1112144125520,-0.0189471668243,-0.2807645631524,0.1644127708428,-0.2222740695226,0.0502067507727,-0.0050944625842,0.2562120292775,0.4845566905394,0.3448224374468,0.1063713516858,-0.4414847935176,0.2098921757213,-0.1571941716952,-0.1790445610118,0.2135103973164,-0.6365182680160,-0.6596355919636,-0.0830634820155,-0.2428773856638,-0.1642647205185,-0.3051045437224,0.1635914526018,-0.0549959936080,-0.2801779421895,-0.1956919547880,-0.1207853785566,-0.3705104566784,-0.6366925762494,-0.3600790483568,-0.6117560592115,0.0547261591235,0.2331715125138,-0.3104288345231,-0.2721169910014,0.2263073708726
0.1605862385033,0.1499622882461,-0.0460056207690,0.0979432994754,0.3317799249067,0.1017431145489,0.0163776235008,0.2739011173577,-0.0577738874775,0.4502882498423,0.4117798900770,0.4128500044416,0.2967149732111,0.4068646979026,0.2023862310061,0.0317367644958,0.3879533708468,0.2172999479673,0.0136411431137,0.1577195493120,0.5135707096686,1.0000000000000,0.5366599151269,0.3469237313361,-0.1422565336488,0.1611348928150,0.4658348129011,0.4577539424796,0.2390149114841,0.3204571081485,0.0843470331661,0.0844403147872,0.4047519549205,0.4266457748951,0.0237692940674,-0.0941169267914,0.1372501369779,-0.1560049821801,-0.1661440270700,0.3592066494534,0.3185972171736,0.4086216434039,0.1100314624879,-0.0831652785134,0.3066731337918,0.3065082819831,0.2385992906278,0.0287496279337,0.4673996109737,0.1791562222947,0.3384417249712,-0.1162473715195,0.0864370688748,-0.0637498000340,0.2247446463221,-0.1133824807467,-0.0076630383381,-0.1302754409366,-0.0232040426378,-0.1536747122437,0.3965964279570,0.4257558699542,-0.2553530328402,-0.3937383281759,-0.0489339695779,-0.0433146135499,-0.1686078698006,0.0633277228392,-0.0950370697772,0.0288080481590,0.0262243714594,0.4418367054201,0.3216463696089,0.1541685321882,0.0160164704823,-0.3237520264068,0.1078034553057,-0.0312450702514,-0.1757606942249,0.0266414182383,-0.3376254770326,-0.3360321847471,-0.0517926271091,-0.2026445796192,-0.1286962185231,0.0407488066630,0.1383045195729,-0.1165748984326,-0.2932082170219,-0.1810882216770,-0.1916443983123,-0.1446985766489,-0.3659955776479,-0.1267499978780,-0.3005619742430,0.0376673107695,0.3611845423306,0.1765417339920,-0.0064452761344,0.1297259726895
0.1014776518499,-0.0298732813447,-0.1066641890306,0.0147997916412,0.2570300420788,0.1106304899762,-0.1278963728055,0.3726593341634,0.2131287984579,0.5377756773200,0.6853127944492,0.6739168212826,0.4910809230801,0.4275369793426,0.2811547903969,0.0109848864958,0.4941878407399,0.4072318858377,0.0345805280949,0.4782148570459,0.7342574838880,0.5366599151269,1.0000000000000,0.6503968733062,-0.0071772864857,0.4413388559698,0.7667392166348,0.5918341253781,0.3460771473044,0.2888367808451,0.1293388823771,0.3719276233550,0.6929221580058,0.5613513174007,0.0923883569720,-0.1578911289845,0.2825952794915,-0.1573400162513,-0.1207863478950,0.5333737388620,0.1193620894809,0.4284285155256,0.2221795542201,0.1010000148335,0.5460893448623,0.3546882810401,0.2763182519744,0.0338107619721,0.4636264147170,0.3754190074797,0.1494105693061,-0.3134637360805,0.0633981269946,-0.0794177447934,0.1051406043885,-0.2738054203878,-0.2145109401718,-0.2256111295143,0.0122289886439,-0.0579486681790,0.0437219912171,0.4695346427764,-0.4742777852130,-0.5415029875783,-0.0209568515492,-0.0395434105426,-0.3111558901502,0.0987389330407,-0.1538285526060,0.1462565517585,0.0697485743353,0.4659202712327,0.5215765757306,0.3435679394721,0.0343292057146,-0.3784963109645,0.3178999501297,-0.2652065402392,-0.2207946955441,0.1327584176729,-0.5789716087605,-0.5508995590334,-0.2860776923854,-0.2121124057759,-0.2839728595423,-0.2185003486647,0.1976737167933,-0.1548407293905,-0.2407289991654,-0.2271413666546,-0.1623511645684,-0.2571661830184,-0.4446255854581,-0.2192062615295,-0.5597277978470,-0.0401816645816,0.2666904864880,-0.3619572777879,-0.2976306435004,0.2365041797161
0.1733407983623,0.0740154322546,-0.1867817741443,0.1872230988165,0.2296513543258,0.1101695179376,-0.0102338682756,0.4539545489784,0.2530237671847,0.4802064287542,0.6310008590579,0.6463800118221,0.5718773196109,0.5012485093004,0.4934207671902,0.2776317553616,0.6747143476081,0.6463546874716,0.1346499023967,0.5149074074286,0.7511927082797,0.3469237313361,0.6503968733062,1.0000000000000,-0.1169681707868,0.4972784329484,0.6918002085698,0.5618406171228,0.3937428328370,0.3479324309817,0.3136661983341,0.2874809116941,0.5334782243826,0.4807341624818,0.2790211584688,0.1231871140657,0.3963396522625,-0.0923496810026,0.1357762795715,0.4897243771996,0.2081105144044,0.3908235538980,0.4219609938530,-0.0264379008707,0.4182202238330,0.0146319138008,0.0909252233207,0.2033710174226,0.3793407309178,0.4588618669659,0.0774157378386,-0.3571012839213,0.1559594678486,-0.0996685346994,0.1001854239036,-0.1887341278811,-0.1563823495788,-0.2592853473719,0.1394552406627,0.1203816395256,0.0038549961047,0.3956728490748,-0.4962392810625,-0.4282799636359,-0.0240273766582,0.1115341240629,-0.1847727463826,0.2496409811422,-0.0235531872715,0.1772588472045,0.0502758085477,0.1226796006095,0.6793270247549,0.2035654437041,0.0241030747065,-0.2329360685214,0.2734988644402,-0.0931334209635,-0.1375070600430,0.3331544157202,-0.5690256385188,-0.5725534757532,-0.1968289165322,-0.1973911461493,-0.3143309979735,-0.3174066862913,0.2763354038702,0.1186496777644,-0.1048023993667,-0.1763195707792,0.0229018908395,-0.2749446035998,-0.4786480681053,-0.4014917369310,-0.5555402165836,0.0649868951522,0.1468870040003,-0.3353388468797,-0.2132548203097,0.3149479503345
