1.0000000000000,0.7252691706461,0.7924736373950,0.3982902179921,0.5788575665608,0.6323133852281,0.4788769256334,-0.1110667887875,-0.1305688307785,0.1292068286279,-0.0703558449852,-0.1035719817970,-0.1099813180641,0.5235027761024,0.2038303280509,0.2457878003265,-0.0064831224520,-0.0805117687427,0.0291256634938,-0.3674193968800,-0.1310677451750,-0.2130463239801,-0.3201836881067,-0.1826423746097,-0.3739288414014,-0.2546415394150,-0.4194886115022,-0.2394962631122,-0.0894152666457,-0.0356194444426,-0.0796291085727,-0.2203327950316,-0.3605163950919,-0.2759084082371,0.0448628353706,0.3399070528566,-0.3370263894422,-0.3349951166291,0.4821620780354,-0.2993249655518,0.0851225196010,0.2420836259133,0.0270242635726,-0.2690086587185,-0.3332999114589,-0.1922019166728,-0.1671050284052,0.3178039949971,0.2162907853435,0.1421509781936,0.7648317254509,0.7898011652953,0.3849771423100,0.6945282341347,0.5693415258871,0.5286031514584,0.0247612595050,0.0188582019582,-0.1044421949075,-0.1353730143633,0.0975540182760,0.0337102136137,0.0145211210901,0.0162621470416,0.6580696888194,0.1486674236222,0.2555008296666,0.0310884395563,0.2132542719690,-0.1994240868014,-0.1200850149447,-0.1981189020906,-0.1312035757607,-0.3302310802996,-0.1851718688086,-0.0978655880254,-0.4324854232813,-0.0940216723602,-0.0729171516584,0.1071500213902,0.1702791332377,-0.1888297859226,0.2020270985744,0.0656368340744,-0.1338299390851,0.0158823230842,-0.2425954186631,0.5174831106280,0.0473096771409,-0.0674866307215,0.3999802156874,-0.2600320566287,-0.1034250733629,-0.0425310054113,-0.2270496414567,0.4659860910982,0.2121558657684,0.1389399696069,0.2975426489026,-0.0044329122779
0.7252691706461,1.0000000000000,0.7273139665903,0.3856211250004,0.2854420767324,0.4763007402971,0.4133439453209,0.0271055507986,-0.0142496383891,0.0919092493575,-0.2727354195816,-0.2319519955965,-0.1587098200030,0.6172414191537,0.2686295932003,0.3276343775944,-0.0325974127846,-0.1105130758849,0.1709215923844,-0.3121149387991,-0.1291689104559,-0.2805478986097,-0.4884859572002,-0.2659842072614,-0.3656769006107,-0.2489859655217,-0.4622624290272,-0.0810779890571,0.0797749841426,0.2001561337431,-0.1633961992399,-0.3043902126808,-0.3500634789898,-0.4015772881834,-0.0046876098702,0.3276405442196,-0.4719588373780,-0.4048585935282,0.2856188582202,-0.4277449620823,0.1516535126637,0.2577441949616,-0.0121306067955,-0.2403478190551,-0.2038610214846,-0.1501976401239,-0.1712777964484,0.0982445375109,0.0790581619612,0.1132315486623,0.5068718869390,0.8653742842194,0.4340443051791,0.5682315943170,0.3576782618825,0.4373220877302,0.1242646784945,0.1308963156103,-0.1272575205950,-0.0300909667030,-0.0226220640213,-0.1683197251749,-0.0524351354354,0.0185286251659,0.6503281826381,0.1459239621695,0.3681923405290,-0.0632631281565,0.2741855986014,-0.1902228433593,-0.1610300982821,-0.3661101850503,-0.0909916242287,-0.2894098264466,-0.2044242623503,-0.1317675444930,-0.5016711889594,-0.0119860464085,0.2220511512727,0.0444659819411,0.0156541430340,-0.1187938711570,0.2800015775280,0.0891714347488,0.0695143019386,-0.2589341897351,-0.4338960845522,0.3900754167210,0.0375007822413,0.0386791093062,0.2049290658229,-0.4152528702087,0.0171113258011,0.1953910197716,-0.1903588741449,0.2708976908369,0.2656998233949,0.0051594686902,0.2521043877815,0.0690785685807
0.7924736373950,0.7273139665903,1.0000000000000,0.5175126903683,0.5772797020180,0.7605950264393,0.6674835320335,0.0351134595580,0.0192485468068,0.1862271378531,-0.1614504113148,-0.1211596256448,-0.0240651345225,0.3701477732406,0.1780488141916,0.3588732302178,0.0677096865582,-0.0004884641287,0.1455859790947,-0.2832212006954,-0.1877412489978,-0.2848570987928,-0.4509962107611,-0.1513810668753,-0.3449032108009,-0.3092975705955,-0.5000964323850,-0.2585630672869,-0.1352531588069,-0.0491745993980,-0.0458831391778,-0.3073697335303,-0.3751145854791,-0.3434416024456,0.1238695371889,0.3769869300860,-0.3565880784518,-0.3935911633193,0.5375501383992,-0.4290675423174,-0.0185258216789,0.3002923543215,0.0156567005906,-0.3182331890518,-0.3267094818908,-0.2443586294802,-0.2975241856145,0.2679602953859,0.0468295115946,0.0682293533204,0.6916346039662,0.7832471416413,0.4750361476670,0.8885646937419,0.6518420397468,0.6695089196561,0.1946496792447,0.1544635836483,0.0090517065444,0.0186757945466,0.1831883703659,-0.0178711019820,0.0299375461763,0.1132523434612,0.5735786261003,0.1198550594238,0.3993661046387,0.0767941154585,0.3291145748322,-0.1035422579333,-0.1205040916182,-0.2528353100669,-0.0224773644715,-0.2859798525988,-0.2110035232925,-0.1391295755347,-0.5520539378260,-0.1225902211906,-0.0672778335065,0.2062596025371,0.1411132893696,-0.1848327681046,0.1433843327952,0.0960772423244,-0.1464878328243,-0.1795465409416,-0.2764268781675,0.5952306341224,-0.0008020987966,-0.1040801755841,0.4225053891446,-0.4262673339483,-0.1607969032003,-0.0403844811929,-0.2637616118201,0.4883077994240,0.0757339967683,0.0128060505646,0.3262995317970,0.0144771102119
0.3982902179921,0.3856211250004,0.5175126903683,1.0000000000000,0.6530604412353,0.5333495014005,0.8068638343316,0.2133812777463,0.1918110047114,0.0268552393667,0.0151459543152,0.0548517733280,-0.0238135992759,0.2298910433243,0.5002574011859,0.5849706032285,0.4047997247194,0.4162403866980,0.3376771297670,0.1210799765658,-0.0218521220258,-0.3940034210118,-0.2882003359635,0.1710195401551,-0.0613331127415,-0.2231428832193,-0.2922600765670,-0.2948235570698,-0.3320767569262,-0.2954362219359,0.1793912535125,-0.2853823233054,-0.2583927964963,-0.3904075624796,0.3719271901378,0.3287605721990,-0.2451029777739,-0.2540445338364,0.4863695695597,-0.3267177293759,-0.2273489367924,0.2167400424322,0.1906235489952,-0.1901313725050,-0.2333444821607,-0.3851514713203,-0.4655534820631,0.3962396274670,0.0273471863120,0.1484238972711,0.5914212981365,0.3031495258157,0.7817656319956,0.6006781510674,0.5741410168516,0.7890651511147,0.0257685532036,0.0833762497791,0.3542473889738,0.1087573687191,0.0004657174597,0.0454341477045,0.0960106368344,0.0799308561913,0.4446360852510,0.3904290809602,0.5384232247888,0.3055838551124,0.2712270271696,0.2070814869781,0.2338216247494,-0.1344412233606,0.1736383415286,-0.0981180117722,-0.0845802659678,-0.0605981532295,-0.2888088893793,-0.1707087726937,-0.2546674823479,0.4112333484129,0.0545079081985,-0.0273645588322,-0.1591384841788,0.0929490100943,-0.2026456710582,-0.3089338293253,-0.1717348871276,0.5013956979219,0.1600865406897,0.0073558181727,0.3244869773092,-0.3119272233947,-0.0233563617711,-0.2674240315493,-0.2921205068746,0.4703565514679,-0.0447791123949,-0.1933119530290,0.1728488024436,0.2502796054748
0.5788575665608,0.2854420767324,0.5772797020180,0.6530604412353,1.0000000000000,0.7721018109716,0.7383284927962,0.0044710700573,0.0167398711752,0.0443066117656,0.1305718689092,0.0030022235788,-0.0219046932293,0.1867874924083,0.2400805912906,0.3747928262856,0.2341587135947,0.3096224401185,0.1446693934327,-0.0723082989658,-0.1454172905659,-0.1704940605964,-0.1962957516250,0.1645815747665,-0.1599909844719,-0.2738646931716,-0.2792468148521,-0.1656511895497,-0.1434559468191,-0.2347191855710,0.1457935162939,-0.2822144289095,-0.3817184247660,-0.2618749870554,0.3308401716703,0.2536449117434,-0.1061525370955,-0.2477370290463,0.5339298246533,-0.2268163887283,-0.0768597956017,0.1609042673642,0.0533426792274,-0.2721897973507,-0.3064022220999,-0.2606131053376,-0.3682099482745,0.5811227802991,0.3513254905071,-0.0026902033120,0.7795838325340,0.2569379128816,0.5327238802459,0.7074968424168,0.8479351210716,0.7017159284015,-0.0180972819626,0.0684071986317,0.2073082335787,-0.0048668580947,0.1209663241646,0.2253165700382,0.0043896531876,0.0307956337720,0.3185019771436,0.1387397114414,0.3627148777413,0.2166797299205,0.1993149244742,0.0869576311989,0.0994854720926,-0.0495332492900,0.1684555187179,-0.1779888219128,-0.0516787745676,-0.1519911384111,-0.3111781059696,-0.0581001876045,-0.1734882217968,0.2983115498214,-0.0382903849262,-0.2482751245546,-0.1147348714330,0.0741825414987,-0.3114198915839,-0.1499675085789,0.0268281753285,0.5331347362202,0.0551684814364,-0.0591150949531,0.4305509246300,-0.1978416920532,-0.2284792133085,-0.1235586698424,-0.2905537383023,0.6537015037884,0.2170047054751,0.1036033686892,0.1478039906910,0.0473868418497
0.6323133852281,0.4763007402971,0.7605950264393,0.5333495014005,0.7721018109716,1.0000000000000,0.7983788213839,0.0060483731559,0.0692470632806,0.2908065653960,0.0768596843297,0.0124010714723,0.0658649771114,0.2060969633794,0.2259155460463,0.3318340626084,0.0979957780588,0.1375680746928,0.0620062141448,-0.2263639245623,-0.1834660732723,-0.1546409406966,-0.3342107169642,0.0977447144810,-0.2388159134811,-0.2675134778059,-0.3727080010783,-0.2320103691119,-0.1728974076931,-0.1118712499817,0.0654481956487,-0.2226094416350,-0.4283788273319,-0.1700275546730,0.2886291112767,0.3809606668876,-0.0895858596595,-0.3216621111728,0.6754508317107,-0.2577190152003,-0.0102346166002,0.3152779031573,0.0608735884342,-0.3141243864892,-0.3979607560733,-0.1788531059258,-0.2449847003993,0.5482279261879,0.1655933518311,0.0832190009938,0.6724291991043,0.5136193435599,0.4225020133569,0.8870371024945,0.8968127936525,0.7366314212159,0.1410915865051,0.1540943560352,0.0853430936471,0.0863331727008,0.2861723967480,0.2585461494989,0.1349959061302,0.1730471432997,0.4065064120930,0.0961752097313,0.3405489756515,0.1867937248832,0.3132818327631,-0.0297550103866,-0.0440740116345,-0.1137963759114,0.1808111606861,-0.1908540926848,-0.2014847205773,-0.1236109460636,-0.4119971028859,-0.1254116879210,-0.1774082506348,0.2075230186284,0.0733616069349,-0.2943310954103,-0.0359224956440,0.0743219192481,-0.2520425987381,-0.0861171405353,-0.0314197408522,0.6674773327442,0.0018932000105,-0.1079598548216,0.5812328260673,-0.2475326946575,-0.2236399449219,-0.1012219626865,-0.3149289971556,0.7354360899007,0.0466499871193,0.0209812760583,0.2722801870903,-0.0008961683181
0.4788769256334,0.4133439453209,0.6674835320335,0.8068638343316,0.7383284927962,0.7983788213839,1.0000000000000,0.1810704659624,0.2118369803710,0.1848483945251,-0.0470999749555,0.0581428036730,0.0700567439380,0.1604194900340,0.4031229780907,0.4840933670487,0.2189752369324,0.3046157451835,0.2533846504137,-0.0475379184931,-0.1863028777210,-0.3158225305391,-0.3980542790300,0.1251392654875,-0.1617413550845,-0.2414360426456,-0.3783000874957,-0.2675152604215,-0.2885337454434,-0.2192617182226,0.0897467773986,-0.3292057394877,-0.3725108525813,-0.3139745250891,0.4400835743319,0.4774103386829,-0.1661100190608,-0.2680238311355,0.7121767409497,-0.3314546812868,-0.1808771733853,0.2317260001099,0.1801878961652,-0.2071964511056,-0.2912475487743,-0.3239063070905,-0.4111330094176,0.4791305835128,0.0819304399508,0.0748607172043,0.6610475048113,0.4134484081862,0.6422955216756,0.8092452709061,0.8056463493711,0.8960431536275,0.1677358455868,0.2357423917581,0.2724237737032,0.1664190147614,0.1630055904300,0.1036950513654,0.1256613090352,0.2012797351195,0.4577243264713,0.2974837346841,0.5454257280246,0.2911504974977,0.4377777082617,0.1283002857276,0.1343869237078,-0.1970247573723,0.2177307337308,-0.1126558988757,-0.0850029912042,-0.0998377680918,-0.4015266437461,-0.1752499321061,-0.2182315566530,0.3111030743149,0.0077386597202,-0.1915111876781,-0.1138910681030,0.1599139744247,-0.1872073809353,-0.3121835723988,-0.0813138643581,0.7536777732942,0.1239928866678,-0.0328391732256,0.4961912803237,-0.3586636451564,-0.0946884894905,-0.2184956902090,-0.3433706346003,0.6791794511177,-0.0146617489083,-0.1461030651360,0.1902589222398,0.1151266703481
-0.1110667887875,0.0271055507986,0.0351134595580,0.2133812777463,0.0044710700573,0.0060483731559,0.1810704659624,1.0000000000000,0.7129914904227,0.2102332281127,-0.0112155712797,0.3346726323948,0.2652542097854,-0.1040729025395,0.0229139668210,0.3535109863636,0.5063183198440,0.6260278234807,0.4988516995046,0.5961568806172,0.0514702047294,-0.0255705090954,-0.0265272992648,0.2360782053106,0.4273963734206,0.0256417019637,-0.0885371317858,-0.3095673622741,-0.3415047736342,-0.3347780187438,0.0789047578244,0.0131214288945,0.1822236969781,-0.4185796091652,0.1439830939221,0.3153964025525,-0.0410982356104,0.0426070911609,0.0309917886351,-0.2900273480638,-0.3091141353693,-0.0295258629528,0.0094223093793,0.0646993864495,0.1225258484733,0.1304966446362,-0.1384905442965,-0.0093445640941,-0.3773029932643,-0.0858941140732,0.0541818175054,0.0280891917486,0.2051128628698,0.0795106021551,-0.0021515727322,0.1427926529090,0.5062351378468,0.5990736654823,0.5342192179950,0.6045674729507,0.2253043732816,0.0517046337079,0.1417624935529,0.2727205364218,0.0526712105802,-0.0077107321185,0.4665565026838,0.4367132721669,0.4905267242259,0.5375409079248,0.3862701564873,-0.0276795485851,0.3340305463555,0.4567815292081,0.2099134624794,-0.1780646698476,-0.0148909411269,-0.3735046061642,-0.2667910587954,0.4353749387473,0.0175179556398,0.2555031077183,-0.2523727754700,0.1316082702102,0.0317768593608,-0.4095792890654,-0.0781965651676,0.1587880247228,-0.1173108910161,-0.0758149576446,-0.1327662559614,-0.3243736011514,-0.0079932977902,-0.1078001138684,0.0305940419463,0.0011662113792,-0.2133316461352,-0.2593246809108,-0.0007190485726,0.1340156598941
-0.1305688307785,-0.0142496383891,0.0192485468068,0.1918110047114,0.0167398711752,0.0692470632806,0.2118369803710,0.7129914904227,1.0000000000000,0.2226796261930,0.1052775713076,0.3296329570367,0.3290588330175,-0.2327581498327,0.0208679838158,0.3580008923541,0.3547288259577,0.3771951025316,0.4804923687456,0.6066794655465,0.0281330580692,-0.0502788501558,0.0441653848263,0.4890099715146,0.6449359849708,0.0879646615141,0.0717702975454,-0.2711566504171,-0.3405907989147,-0.3390738486661,0.1119806063183,0.0348195567851,0.0891877380310,-0.3059659167065,0.2455401036214,0.3209091001036,0.1987495520353,0.0953877602509,0.1347020786039,-0.1539342450009,-0.3460764960262,-0.0561283014114,0.0238989002312,0.1671496755371,0.0374754050613,0.0457173326727,-0.1755541293073,0.0519033802068,-0.3550975330951,-0.1128061866684,0.0400200456320,0.0014792788559,0.1806492697329,0.0870251664762,0.0578429264681,0.1255910014724,0.4199705737340,0.4512381648668,0.5790455084072,0.9041789813853,0.2148453417265,0.1487025431681,0.1977548028130,0.3328657085801,-0.0100441440795,0.0607445033298,0.4551713770043,0.2940669857959,0.5649121816442,0.5642563503692,0.3011079760145,-0.0065126349291,0.6291630918450,0.6391999886511,0.2206975131005,-0.1120600931439,0.0905269738054,-0.3770745611552,-0.3352768006320,0.2990593791963,-0.0981706453776,0.1080639641218,-0.3682512402858,0.2084798153599,-0.0574779230501,-0.3946576308473,0.1724774967777,0.2025074401509,0.0223227084201,-0.0489322438436,0.0297275870897,-0.2639007198125,-0.0558113998311,-0.2108450328909,-0.1371989332376,0.0950034661145,-0.2368046482783,-0.4311655342386,-0.0605399726097,0.1879012519336
0.1292068286279,0.0919092493575,0.1862271378531,0.0268552393667,0.0443066117656,0.2908065653960,0.1848483945251,0.2102332281127,0.2226796261930,1.0000000000000,0.4500781799701,0.6583988626779,0.4473698670834,0.0084361907103,0.2332586236958,-0.0004982264250,0.2011878697077,0.1229871225939,-0.1191451987052,-0.0255474512083,0.3101085038320,0.4143417763834,0.1807504217937,0.3338762062286,0.0926054813753,0.1683150667013,0.1223328956057,-0.2085452812369,-0.1865654855374,-0.1242818178017,0.1120382927193,0.1777975634759,0.1266916858847,0.0131577290888,0.1004060220904,0.1465761831494,0.2913623264784,-0.1409134236973,0.3046295486069,0.0933796938504,0.1705594240197,0.5077904675076,0.0090728999988,-0.1212067914290,-0.2367723250135,0.2742200944295,0.0903878002770,0.1795745919888,-0.1501536387910,0.4149730126272,0.0002017207113,0.1575443886824,-0.1321848360503,0.2394130249203,0.1870587041341,0.1123415708796,0.3224589538891,0.2049907578684,0.0012590396162,0.2306451317501,0.7920721954727,0.5679229973161,0.5865159319183,0.3905772923238,0.0017807746763,-0.0077120164221,-0.1238510956138,0.2319496338083,0.1068932316045,0.0118002949357,0.2296728663039,0.4076834930767,0.3615890781161,0.2283693213410,-0.0826634023127,0.0387899173734,0.2006849033201,-0.2157366772646,-0.2336475327596,0.0814505519965,0.1601712531490,0.1650950036169,-0.1574687728202,-0.1633487286884,-0.1043438290959,0.0001727851613,0.2523616232125,0.1908885052322,-0.0844371845291,-0.1930677726451,0.2634082504229,0.1020978764349,-0.0614930691152,-0.0162429011531,0.1224776798921,0.1993431261651,-0.2853138363825,0.1011975848954,0.4536806259904,0.1582420886154
-0.0703558449852,-0.2727354195816,-0.1614504113148,0.0151459543152,0.1305718689092,0.0768596843297,-0.0470999749555,-0.0112155712797,0.1052775713076,0.4500781799701,1.0000000000000,0.6772891940652,0.3887900591150,-0.2926836302390,0.1784748742894,-0.0493699298798,0.2001667225418,0.1233406836562,-0.1647848395506,0.1477550214396,0.3485864654636,0.3717037926244,0.6211148010500,0.5002973562506,0.2811596912915,0.4158458145320,0.5100292177117,-0.0916956515132,-0.1152591703642,-0.3251440941002,0.2057691381457,0.3930141541068,0.2883654641733,0.0902457038234,0.2564990114508,-0.1472102209069,0.4410397788312,0.1978351316824,0.1306887481170,0.3228312490364,-0.0032136222209,0.1720142531465,0.1558003480042,0.0857614088153,0.0649349227334,0.2382336021465,0.1242470347745,0.3061282703428,-0.0309642433080,0.2649630378350,-0.0659670494291,-0.1770839367867,-0.1152837318454,-0.0442670096545,0.0816035902571,-0.0874379848693,0.0235422442338,-0.1455043435930,0.0342336505230,0.0929397333991,0.4803476065230,0.7645646732189,0.5216212182535,0.2773792892937,-0.2221631483082,0.1867170299870,-0.3479186213115,0.1883589274584,-0.3122348153918,0.0492982662827,0.3461931208601,0.5431711153302,0.4803467557315,0.3389317686522,0.1240623185419,0.1786826693191,0.5272551109170,-0.1365278822909,-0.2835527986984,0.0301124039125,-0.0060359477645,0.2227106820446,-0.3361497635611,-0.0056222955621,-0.1635241985501,0.0541154669436,0.4018102561407,-0.0786717879960,0.1591559798354,-0.0680869440397,0.1912084969681,0.3073420232937,-0.0493337485594,-0.1962769483915,0.0328890494001,0.1637901543268,-0.1915032916231,0.0142396194293,0.1657987428342,0.2669892859698
-0.1035719817970,-0.2319519955965,-0.1211596256448,0.0548517733280,0.0030022235788,0.0124010714723,0.0581428036730,0.3346726323948,0.3296329570367,0.6583988626779,0.6772891940652,1.0000000000000,0.5803999986398,-0.1773985743819,0.2582155531218,-0.0482737946520,0.3916014338588,0.3324566370645,-0.0955036930363,0.2625727847373,0.4251467622811,0.3716193974892,0.5492263584871,0.4874801225550,0.3324704450314,0.3578406357865,0.3763509845806,-0.2377811309025,-0.2667711691753,-0.3272513556604,0.1542706388421,0.2647234841485,0.3830390815232,0.0454344724772,0.1933449453283,-0.0049798416253,0.3346176597166,0.0974415210926,0.1619805188480,0.2098078346506,-0.0528973799536,0.2530717923768,0.0853119229437,0.0488383192951,0.0199595738232,0.2498403572927,0.0330473720022,0.1426396238603,-0.2019880937105,0.3201894061237,-0.1295993786336,-0.1344342283957,-0.1310248852625,-0.0274492258495,-0.0138058453764,-0.0210516444576,0.2853932281014,0.1547213539848,0.1527071622287,0.2861222649701,0.5478313982251,0.6370748213252,0.7363461785562,0.4942791510974,-0.1473142275001,0.1421557357250,-0.2202672181890,0.4053807891235,-0.0383834153673,0.1770695188338,0.5791877862189,0.6034924414428,0.4589383523162,0.4612385719288,0.0566071973847,0.0766273813224,0.4587355287826,-0.3114001178808,-0.3438735323222,0.1276859650622,0.0192607189538,0.3847618466208,-0.3507385924445,-0.1606472285530,-0.0825682379144,-0.1002219460684,0.2830045647692,0.0063108178091,-0.0047070306836,-0.1401422668816,0.0893657525745,0.1688664657833,-0.0110424138829,-0.2441259112287,0.0893639782904,0.0520260671389,-0.3341182643376,-0.0898084054617,0.1764032982300,0.2193669256413
-0.1099813180641,-0.1587098200030,-0.0240651345225,-0.0238135992759,-0.0219046932293,0.0658649771114,0.0700567439380,0.2652542097854,0.3290588330175,0.4473698670834,0.3887900591150,0.5803999986398,1.0000000000000,-0.2354636385147,-0.0050249752112,0.0370341407256,0.2348351382749,0.1102423805547,-0.0451447977323,0.1687592782249,0.1667879518599,0.1430757429350,0.2412804973208,0.3078158675741,0.3360768561152,0.2459762481926,0.2657873835124,-0.0953172921148,-0.2232731222546,-0.1489138966213,0.1839922468472,0.2972074295762,0.4305243746881,0.0534306371723,0.1538684160891,-0.0412630875385,0.2296806838356,0.2124210686256,0.0704049803888,0.1446779002704,-0.0694379836296,0.2313384843625,0.1438135905299,0.1792230628116,0.2173802231056,0.1900241987486,0.1028759574627,0.0245544466949,-0.2660374786009,0.1329050610541,-0.2004521203000,-0.1096220939664,-0.0933037048611,0.0201218205000,0.0352547884570,0.0480239855684,0.5656729052008,0.2155052500430,0.1002862036748,0.3599231941700,0.3722010608554,0.4053465217514,0.5999809299089,0.8628212944007,-0.2440877758411,-0.0686720144057,-0.0457122115613,0.2994857282651,-0.0286204880558,0.1503443937869,0.1466097674473,0.2421321063341,0.3742471209907,0.4142352219538,-0.0264469449824,0.1089243106554,0.3125351231785,-0.1398717259725,-0.2276419080852,0.0972293547540,0.0320701916980,0.2974573395550,-0.2658017915418,-0.0286524214124,0.0601194602789,-0.1514652125283,0.1938923010702,0.0572446792097,-0.0254108902583,0.0457960127980,0.0050649377982,0.0532097680235,0.0619770130554,-0.1633534310394,-0.0889629111954,0.0162541153015,-0.3212866988985,-0.1839412024870,0.0971268458967,0.0309463517521
0.5235027761024,0.6172414191537,0.3701477732406,0.2298910433243,0.1867874924083,0.2060969633794,0.1604194900340,-0.1040729025395,-0.2327581498327,0.0084361907103,-0.2926836302390,-0.1773985743819,-0.2354636385147,1.0000000000000,0.2965839563461,0.1061096857622,0.0465544383263,0.0609550900856,0.0095534320936,-0.2853689741987,0.0466204599265,-0.0695175546745,-0.3445872398789,-0.2145842493998,-0.4085763941586,-0.3057999369411,-0.3123014775201,0.2137974613936,0.3473426545380,0.5324338891485,-0.0696789758106,-0.2472879904511,-0.2352623020558,-0.0542624566317,-0.2502751852217,0.0960269032391,-0.3778720119286,-0.2893737996978,0.0337101596805,-0.1187160633536,0.4841426578907,0.2815768049830,-0.1283149936251,-0.1960220646865,-0.2136988163701,-0.1213929242933,-0.0270522808485,0.0358808667499,0.4237195772934,0.2871313579762,0.3283142502738,0.3673517343798,0.2106963518179,0.2084535521894,0.1704778575083,0.1800961110810,-0.1408893250006,0.0098961226578,-0.1585053578310,-0.2614674658372,-0.1722456422581,-0.2054870225710,-0.1446936543943,-0.2287850938288,0.5783220387071,0.0589148807759,0.1091073445237,0.0118599535804,0.0484572485249,-0.2340387291174,-0.0537105008187,-0.2289526971908,-0.2512902323874,-0.4039359135924,-0.3091476269287,-0.2566946442451,-0.4118096627136,0.1944345946795,0.3905677213298,0.0288223892681,-0.0914527905168,-0.1085969919115,0.5197648122229,-0.2441079556920,-0.0718492787455,-0.0248724200198,-0.3563974306920,0.0386473836234,-0.0407429320713,0.1213718670556,0.0640933375555,-0.1435349288551,0.0120168462130,0.2772672975805,-0.1896052731002,0.0824685605816,0.5285377707488,0.2953846618190,0.1459110280963,-0.0450727365691
0.2038303280509,0.2686295932003,0.1780488141916,0.5002574011859,0.2400805912906,0.2259155460463,0.4031229780907,0.0229139668210,0.0208679838158,0.2332586236958,0.1784748742894,0.2582155531218,-0.0050249752112,0.2965839563461,1.0000000000000,0.1109675738674,0.1157550014605,0.1924443416757,0.0567968796710,-0.0497783989304,0.2201141040326,-0.2338056509804,-0.0853236217270,0.1823246923492,-0.1273743335514,0.0125149235077,-0.0497293806234,-0.1332180918970,-0.1987889500224,-0.0791839832367,0.0241448048092,-0.1341637400437,-0.0837806423136,-0.1662545658481,0.2123824431149,0.1243795769015,-0.1562232331650,-0.1771126316366,0.3814774999124,-0.0190569074021,0.0229000664132,0.3604067457580,0.2414633675571,-0.0679160927953,-0.0815635284746,-0.2172540786874,-0.2538524212000,0.3990966147505,0.1187031074073,0.6501134014306,0.1865578238938,0.1707579334218,0.2755603380603,0.2285278510033,0.2392556803258,0.3350908268185,-0.1122483593350,-0.0353789741438,0.0416638918724,-0.0131456179319,0.0545936593391,0.1282669860521,0.3342636205961,0.0382999840514,0.4012847531353,0.6830174908726,-0.0685486760570,0.1694702786946,-0.0021933781131,-0.0049982726014,0.2175892678240,0.0697978943071,0.2195980015372,-0.0419756992492,-0.2768432383965,0.0126097463617,0.0310098988688,-0.0482619158463,-0.0569928416476,-0.0748462736022,-0.0577395453295,0.1705034884415,-0.0073188078274,-0.2024930552380,-0.0837920805106,-0.1478880701683,-0.1415288219481,0.1951387682550,0.1708351214146,0.1984969227593,0.3208213888215,0.0335058289580,0.1657705419117,-0.1274942251054,-0.0885034541972,0.3748389861393,-0.0029180271240,-0.0847091848584,0.2986008208213,0.4948075185826
0.2457878003265,0.3276343775944,0.3588732302178,0.5849706032285,0.3747928262856,0.3318340626084,0.4840933670487,0.3535109863636,0.3580008923541,-0.0004982264250,-0.0493699298798,-0.0482737946520,0.0370341407256,0.1061096857622,0.1109675738674,1.0000000000000,0.3752058839014,0.2705804474079,0.6829979392966,0.2664718582446,0.1157660107355,-0.3004433211137,-0.3220843885000,0.1702421594116,0.1124413409000,-0.1205814060164,-0.1263376569625,-0.2648367309469,-0.2729580658416,-0.1351882489249,0.4574082812386,-0.0792558776426,0.0129420894788,-0.3917812246365,0.5957711869706,0.6240921756244,-0.1107087584676,-0.0125348194859,0.3234341609022,-0.2639054983850,-0.2482755082011,0.1717154876027,0.5378740146785,-0.0319408306360,0.0003129917622,-0.2738514584986,-0.2077388124742,0.1962288587705,-0.1723168087317,0.0206764432471,0.2981071235652,0.2323195083684,0.3691402989153,0.3307495117058,0.2646373152952,0.3393800875798,0.2323857690489,0.1499386085208,0.2746717166520,0.3063704848747,0.0739531095706,0.0301195707187,0.0009411474125,0.1013253601615,0.1267161171663,0.0152751221374,0.6576541442544,0.1605902293646,0.4093287167987,0.3586087976317,0.0183802280389,-0.1813764346128,0.1582159254756,0.0369327987659,0.2509368926428,-0.0395422580042,-0.2488518244622,-0.1372719678825,-0.2107353366134,0.4407485780943,0.1165180602733,0.1433942232317,-0.0383463252978,0.4053449075577,0.1026016649426,-0.3264239287326,-0.0854020411677,0.4109506602688,0.2000929371718,0.1704107512041,0.1723434078898,-0.3361369652883,0.0488166426508,-0.1753953513155,-0.1788594807892,0.1603467971261,-0.1109095130483,-0.1317988374764,0.2112069538699,0.1642774015657
-0.0064831224520,-0.0325974127846,0.0677096865582,0.4047997247194,0.2341587135947,0.0979957780588,0.2189752369324,0.5063183198440,0.3547288259577,0.2011878697077,0.2001667225418,0.3916014338588,0.2348351382749,0.0465544383263,0.1157550014605,0.3752058839014,1.0000000000000,0.7211098806417,0.1933662424735,0.4295246680445,0.4421678026560,0.0154588740225,0.1043793049843,0.3576128885336,0.2929338471852,-0.1060937899308,-0.0221013883466,-0.3457456649075,-0.3109394257447,-0.3019162243150,0.5560522377419,0.0340291150649,0.2826714183911,-0.2804286239229,0.1930992383594,0.0048213390971,0.1269562639195,-0.0472894824971,0.0880738793800,-0.2652939482976,-0.1587926071109,0.2627423340494,0.0346502025373,-0.1113680997052,-0.0764789948890,-0.0794192066788,-0.2107547486347,0.2155804639157,-0.2241430660300,0.1526160108918,0.0636234317415,-0.1267477381187,0.1413152425574,0.1042216066671,0.0900675502871,0.1540226314871,0.2333386025005,0.1743018343646,0.4366478420927,0.2193270520393,0.2006532132508,0.2726582267476,0.2731944413556,0.1530550955888,-0.1051121671513,-0.0013949069468,0.1879724584071,0.5436134211087,0.0580875571815,0.3652495136257,0.5191073622818,0.1984385654780,0.2091480654422,0.2699999861709,0.1774642630128,-0.0698416563729,0.0456310141486,-0.3357016661211,-0.2788084484417,0.5379277521930,0.1652275917229,0.3515272327511,-0.2206857232541,0.0045408705007,-0.1353322893671,-0.1842704116065,0.1676258983257,0.0539955400986,0.0418901647121,-0.0567224409784,0.0382589430523,-0.2432856861520,-0.1484199950607,-0.1484747204029,0.0532987519052,0.0505739275088,-0.2018820513039,-0.0594230391556,0.1588123449797,0.2231824638741
-0.0805117687427,-0.1105130758849,-0.0004884641287,0.4162403866980,0.3096224401185,0.1375680746928,0.3046157451835,0.6260278234807,0.3771951025316,0.1229871225939,0.1233406836562,0.3324566370645,0.1102423805547,0.0609550900856,0.1924443416757,0.2705804474079,0.7211098806417,1.0000000000000,0.2063539877725,0.5114082058099,0.0860665454863,-0.0620698569876,0.0744417485933,0.4001068521110,0.2870080628482,-0.0995435080520,-0.0912561426704,-0.1757231641370,-0.2205856049870,-0.2651601242553,0.3451742699375,-0.0321528015323,0.0854628734566,-0.2263797680673,0.2061242674374,0.0534697743148,0.0602398959207,-0.0213042941902,0.1633538079970,-0.1606868181533,-0.1158077484750,0.1422930222059,-0.0991735282131,-0.1365782070883,-0.0976970436009,-0.0492733175097,-0.2701355219093,0.3122916930504,-0.0463819736749,0.0864265855901,0.1346558081313,-0.2094063888044,0.3034869718811,0.1134757291448,0.2208610741431,0.3007651391338,0.2375949048598,0.4211357334829,0.6356965912600,0.3066326396890,0.1161620929601,0.1687850395445,0.1202538785582,0.0360080511201,0.0263401985237,0.1144756239416,0.2874601339392,0.6787891420529,0.1963221443790,0.5358584940921,0.5225258688342,0.0550871268010,0.3185673734443,0.2597683046147,0.0897228632125,-0.1023315208380,-0.0182418222322,-0.2130835128829,-0.2122188486234,0.6189164157252,-0.0336653942587,0.1842015050709,-0.2646199931063,-0.0193429521726,-0.1863262564667,-0.3025191562834,0.1036621509635,0.1291332857951,-0.0477417596117,-0.0220565487924,0.1042168961886,-0.1644831796989,-0.1116230595047,-0.1592453587395,-0.1367096204485,0.2316266371288,-0.0292742179233,-0.1271899189816,0.0557498554235,0.1860475025449
0.0291256634938,0.1709215923844,0.1455859790947,0.3376771297670,0.1446693934327,0.0620062141448,0.2533846504137,0.4988516995046,0.4804923687456,-0.1191451987052,-0.1647848395506,-0.0955036930363,-0.0451447977323,0.0095534320936,0.0567968796710,0.6829979392966,0.1933662424735,0.2063539877725,1.0000000000000,0.3814679078972,-0.1070501569068,-0.2261607540957,-0.2252904719721,0.0852986650252,0.1595566089786,-0.0517312777742,-0.0422434977378,-0.1794083779649,-0.2423837624760,-0.1786215100898,0.0273241417906,-0.1166313143447,-0.0125900464937,-0.3942727499675,0.2764554944685,0.5042375027839,-0.1855019152775,0.0294103997270,0.0610642895418,-0.1602706063141,-0.2268204568883,-0.0590104982041,0.3262010263898,0.1877802593427,0.2020770494914,-0.0973820357204,-0.1913984898612,-0.0107028527899,-0.1522714301821,-0.1589324389411,0.2192106266344,0.1070640790222,0.3423431476257,0.0913841167765,0.0688887430185,0.1600731095844,0.1582495907433,0.2705619789613,0.2820962521825,0.3749758242218,-0.0733364150824,-0.1610046190527,-0.1245690370891,0.0152246029025,0.1772181854095,0.0722078037602,0.6169582531742,0.1054529684449,0.5854992814829,0.3851823540323,0.0712612525148,-0.2201755018102,0.1428720210505,0.0890816935618,0.2412729290473,-0.2440818292320,-0.1911908321363,-0.1682356665741,-0.1810927225715,0.2796233790341,-0.1166859003951,0.0898947606281,-0.0123806420295,0.2660387789431,0.0502734436036,-0.4450221226783,-0.1699265764169,0.1706830026269,0.1017169735797,0.2040541705467,-0.0074635122928,-0.2748981650608,0.1261758272214,-0.2362319865580,-0.1755031183363,0.0308829581355,-0.0013519807269,-0.2076937740326,0.0357629586438,0.1056765862137
-0.3674193968800,-0.3121149387991,-0.2832212006954,0.1210799765658,-0.0723082989658,-0.2263639245623,-0.0475379184931,0.5961568806172,0.6066794655465,-0.0255474512083,0.1477550214396,0.2625727847373,0.1687592782249,-0.2853689741987,-0.0497783989304,0.2664718582446,0.4295246680445,0.5114082058099,0.3814679078972,1.0000000000000,0.1430867403340,0.0545756220885,0.3648561044539,0.5787935866060,0.7479255965635,0.3697581415756,0.3813273122276,-0.0707969395376,-0.1829648015518,-0.3158249781641,0.2164276815051,0.2629318420481,0.3601419935674,-0.0644321496953,0.2026228543269,0.1881188373612,0.2194614210853,0.3957474493109,-0.1362589604928,0.1165777339716,-0.3034353577790,-0.2315409603404,0.0246608206577,0.2957837329066,0.2714174676807,0.1904286535933,-0.0287864962708,-0.1051318397382,-0.2237956787974,-0.1769570749509,-0.1434558885959,-0.3112973216448,0.0823543738466,-0.2223171168795,-0.1686686423290,-0.0649095467313,0.1448578398537,0.2165068191171,0.5001168415504,0.5212032434474,-0.0760189636282,0.0304496580582,0.0254269681595,0.0561631598565,-0.2311525691160,-0.0339150843450,0.2490351796999,0.2441166453601,0.2366443925061,0.7778179461758,0.3451508096205,0.0951195336021,0.4490267862386,0.6416810248718,0.2631326218081,0.0111602227981,0.3161573226542,-0.1972203098392,-0.2736734466229,0.3578904603134,-0.2068457665367,0.1594129311476,-0.4542120255255,0.0777838008604,-0.0390663819656,-0.3022327338200,0.1611490270241,-0.0993178388620,-0.1407655347521,0.0365070960317,-0.2327482591532,0.0321483304543,0.0543325577587,-0.2338077310430,-0.1292920270081,-0.1931109631562,-0.1795370174799,-0.4099727737957,-0.2699073872473,0.0219161678777
-0.1310677451750,-0.1291689104559,-0.1877412489978,-0.0218521220258,-0.1454172905659,-0.1834660732723,-0.1863028777210,0.0514702047294,0.0281330580692,0.3101085038320,0.3485864654636,0.4251467622811,0.1667879518599,0.0466204599265,0.2201141040326,0.1157660107355,0.4421678026560,0.0860665454863,-0.1070501569068,0.1430867403340,1.0000000000000,0.2143057241826,0.2433591629400,0.3476299323425,0.2269052011854,0.1844784216040,0.3401619660646,-0.1092183035612,-0.0141687685033,0.0824806035018,0.4978687418836,0.1577299261958,0.4456123553114,0.0408825318999,0.1037391567658,-0.0384836145255,0.2944261993475,0.0334560450890,-0.0813822725854,0.0474817188980,0.0847032186905,0.3104206118053,0.3381481039003,-0.0258816793366,0.0100663426055,0.0355076086449,0.1536563866656,0.0023052561575,-0.0550993141040,0.5082891081257,-0.2973148202148,-0.2009287762494,-0.3696919726526,-0.2076227398651,-0.2661010522802,-0.2930120406688,-0.0288707906414,-0.2068482229586,-0.1185526059749,-0.0263825255519,0.2264096625531,0.3434807431008,0.3347733718821,0.0481858344888,-0.3289232188488,-0.0197034614274,-0.3294354511802,0.0309762345077,-0.2275475955473,-0.0195326060864,0.2399917057679,0.3681579985936,0.0881194611370,0.2223606126648,0.1308614655547,0.1577278230338,0.3490145731870,-0.0579989536878,-0.0579673708656,-0.0827262697065,0.1460020270343,0.4103228085381,-0.0038990893916,-0.1713184758687,0.1416584855824,0.1579106428488,0.1849726622215,-0.1944796376447,0.0852112690315,0.0263621751514,-0.1017824645333,0.1400206104095,0.0920948441805,0.1161765742037,0.4265610226911,-0.2461115288418,-0.2350708197131,0.1809478036100,0.2525433313009,0.2505463166588
-0.2130463239801,-0.2805478986097,-0.2848570987928,-0.3940034210118,-0.1704940605964,-0.1546409406966,-0.3158225305391,-0.0255705090954,-0.0502788501558,0.4143417763834,0.3717037926244,0.3716193974892,0.1430757429350,-0.0695175546745,-0.2338056509804,-0.3004433211137,0.0154588740225,-0.0620698569876,-0.2261607540957,0.0545756220885,0.2143057241826,1.0000000000000,0.5255642206638,0.2143584234408,0.1118012077992,0.2852766783022,0.4758977492529,0.1712766261850,0.2516562763328,0.0681999533986,0.0240076041891,0.2972890947303,0.1910540735845,0.4382221802037,-0.0654730818254,-0.1503367939145,0.4734497802518,0.2052296935400,-0.2039722838405,0.3583872388483,0.2681164568208,-0.0859119712560,-0.1350524540387,0.0949437620557,0.0648257928677,0.5687395973534,0.3941642280884,-0.0290001241854,0.1954363891224,-0.0463772771955,-0.1716860397122,-0.2701521741678,-0.3912099389964,-0.2695257251228,-0.1895009534966,-0.4030580992226,-0.1287414900754,-0.1077754298559,-0.1911961711862,-0.0993811248473,0.3666366871287,0.3726815332873,0.1624802718935,-0.0617629584323,-0.3096911596123,-0.2833685520499,-0.3888337366015,-0.0487696878222,-0.2172634403873,-0.0973474069990,0.1658827837762,0.5547463210687,0.1240976064445,0.1700025447236,0.1331444904314,-0.1569679188389,0.3573878883553,-0.0939196516929,-0.0173540181565,-0.1326500702658,-0.1101804719512,-0.0430470470868,-0.0740855489094,-0.1796260982371,-0.1979477441221,0.2069971323859,0.4216400157708,-0.2792842127004,-0.1759369345173,-0.2261249815437,-0.1608664359354,0.2868882354160,-0.2623297627038,0.1377082028877,0.3019044751559,-0.1377914324339,0.1081136966471,0.3424833871231,-0.1381870270304,-0.1726854194830
-0.3201836881067,-0.4884859572002,-0.4509962107611,-0.2882003359635,-0.1962957516250,-0.3342107169642,-0.3980542790300,-0.0265272992648,0.0441653848263,0.1807504217937,0.6211148010500,0.5492263584871,0.2412804973208,-0.3445872398789,-0.0853236217270,-0.3220843885000,0.1043793049843,0.0744417485933,-0.2252904719721,0.3648561044539,0.2433591629400,0.5255642206638,1.0000000000000,0.4583247127517,0.4368114856751,0.6605077421470,0.7637560432110,0.1111464297514,0.0010296261225,-0.2504728232356,0.0388125933085,0.5699782227067,0.5076072381651,0.3981901827412,0.0307714406872,-0.3150827889731,0.4712422598501,0.4278449385353,-0.3046081116730,0.5749187060422,-0.0517186794669,-0.1658461973354,-0.1056608993293,0.3261011146813,0.2399005481763,0.4969084692505,0.3294258952991,-0.0821292373534,-0.0062981234607,-0.0533003039398,-0.2924038199842,-0.3766067911355,-0.2277289653241,-0.4231041647306,-0.3039202472796,-0.3958589556558,-0.0927453463438,-0.1658958140806,0.0307460203284,0.0223143040693,0.1384154688653,0.3978087716857,0.3113252156916,0.0367360151267,-0.3381078998734,-0.0167959117361,-0.4441032023852,0.0838874007289,-0.3587830269623,0.1447994292136,0.2993733945638,0.6561376269449,0.3296797118987,0.4498417686158,0.1312350053100,0.1287962215128,0.7104252679161,-0.0595458118795,-0.2532275151428,-0.0122417372552,-0.1085251444763,0.2237499728518,-0.3969163071564,-0.1440423852069,-0.1942412245875,0.1182146877213,0.4059981328018,-0.4063680786740,-0.1340312235933,-0.1518595095749,-0.2392063068282,0.4759994523464,-0.0403003727794,-0.1644944807931,0.1125845718711,-0.2481298787388,-0.1128744043574,-0.1266144420674,-0.2193269536589,-0.0310179787007
-0.1826423746097,-0.2659842072614,-0.1513810668753,0.1710195401551,0.1645815747665,0.0977447144810,0.1251392654875,0.2360782053106,0.4890099715146,0.3338762062286,0.5002973562506,0.4874801225550,0.3078158675741,-0.2145842493998,0.1823246923492,0.1702421594116,0.3576128885336,0.4001068521110,0.0852986650252,0.5787935866060,0.3476299323425,0.2143584234408,0.4583247127517,1.0000000000000,0.5681397064669,0.2791758811246,0.4663726070331,-0.0367135194977,-0.1234959246649,-0.2402557520834,0.3452000761825,0.1753832778940,0.1653918517456,0.1345333371394,0.3982410040707,0.1434098189804,0.5634222544732,0.1688586568494,0.2223579364924,0.2648855260629,-0.0634473997377,0.0991315267520,0.0940441522620,0.0749518711309,-0.0185716443748,0.0870138970770,-0.0788762612960,0.2818371545785,0.0309513772551,0.1560090283790,-0.0242203590225,-0.2665561272601,0.0118224579992,-0.0165305220652,0.1264025701313,0.0592845618052,0.0618276646367,0.0449472210953,0.3319186612518,0.4445011867439,0.2325620161741,0.4500157011301,0.3249328353647,0.1578164316586,-0.2146684389429,0.1169549183764,0.0027758210566,0.2749945864391,0.1275233789925,0.5081798503097,0.3989698185918,0.3729162177725,0.7747630877690,0.5644694549852,0.1202480394119,0.0339718948297,0.3754244216910,-0.1105224884751,-0.2662534098261,0.2488447196253,-0.1887844030770,0.0699152101156,-0.4212620367061,-0.0854001723492,-0.2421787686116,-0.1186442769841,0.5263444074929,0.1183305543089,-0.0806099081346,-0.0233749703938,0.2154113541724,0.2166712450354,-0.0924522894626,-0.2031984694528,-0.1150810965806,0.1734544368192,-0.1261338575250,-0.1843901427251,0.0188270731854,0.1843468272506
